ScanF,z,XCorr,&#916;Corr,"# Ions","# Ions Link",Reference,"Reference Link",Redun,"Redun Link",Peptide,"Peptide Link","Gene Symbol",Max,"LDA Score","LDA Probability","LDA -Log10 Probability","LDA Q Value"
5,2,"  2.005","  0.258",8/14,/core/www/modules//sdig/index.php?run_id=110202&search_id=114132&scans_id=110198&peptide_id=1&scanf=5&charge=2&value=8/14,sp|P08670|VIME_HUMAN,/core/www/modules//consensus/?run_id=110202&search_id=114132&scans_id=110198&peptide_id=1&scanf=5&charge=2&value=sp|P08670|VIME_HUMAN,6,/core/www/modules/match_peptides/blast_html4.php?run_id=110202&search_id=114132&scans_id=110198&peptide_id=1&scanf=5&charge=2&value=6,K.GTNESLER.Q,/core/www/modules/show_out/show_out_wrapper.php?run_id=110202&search_id=114132&scans_id=110198&peptide_id=1&scanf=5&charge=2&value=K.GTNESLER.Q,VIM,9.848e+6,2.932,0.005,2.307,0.000
8,2,"  1.917","  0.152",8/12,/core/www/modules//sdig/index.php?run_id=110202&search_id=114132&scans_id=110198&peptide_id=4&scanf=8&charge=2&value=8/12,sp|P84103|SRSF3_HUMAN,/core/www/modules//consensus/?run_id=110202&search_id=114132&scans_id=110198&peptide_id=4&scanf=8&charge=2&value=sp|P84103|SRSF3_HUMAN,1,/core/www/modules/match_peptides/blast_html4.php?run_id=110202&search_id=114132&scans_id=110198&peptide_id=4&scanf=8&charge=2&value=1,R.DAADAVR.E,/core/www/modules/show_out/show_out_wrapper.php?run_id=110202&search_id=114132&scans_id=110198&peptide_id=4&scanf=8&charge=2&value=R.DAADAVR.E,SRSF3,3.876e+6,2.263,0.046,1.334,0.002
9,2,"  2.289","  0.397",10/14,/core/www/modules//sdig/index.php?run_id=110202&search_id=114132&scans_id=110198&peptide_id=5&scanf=9&charge=2&value=10/14,sp|P19338|NUCL_HUMAN,/core/www/modules//consensus/?run_id=110202&search_id=114132&scans_id=110198&peptide_id=5&scanf=9&charge=2&value=sp|P19338|NUCL_HUMAN,8,/core/www/modules/match_peptides/blast_html4.php?run_id=110202&search_id=114132&scans_id=110198&peptide_id=5&scanf=9&charge=2&value=8,K.QGTEIDGR.S,/core/www/modules/show_out/show_out_wrapper.php?run_id=110202&search_id=114132&scans_id=110198&peptide_id=5&scanf=9&charge=2&value=K.QGTEIDGR.S,NCL,4.140e+6,3.307,0.001,2.862,0.000
10,3,"  1.524","  0.198",11/40,/core/www/modules//sdig/index.php?run_id=110202&search_id=114132&scans_id=110198&peptide_id=6&scanf=10&charge=3&value=11/40,sp|P14866|HNRPL_HUMAN,/core/www/modules//consensus/?run_id=110202&search_id=114132&scans_id=110198&peptide_id=6&scanf=10&charge=3&value=sp|P14866|HNRPL_HUMAN,5,/core/www/modules/match_peptides/blast_html4.php?run_id=110202&search_id=114132&scans_id=110198&peptide_id=6&scanf=10&charge=3&value=5,K.ISRPGDSDDSR.S,/core/www/modules/show_out/show_out_wrapper.php?run_id=110202&search_id=114132&scans_id=110198&peptide_id=6&scanf=10&charge=3&value=K.ISRPGDSDDSR.S,HNRNPL,7.032e+6,2.301,0.041,1.387,0.001
12,2,"  2.075","  0.604",9/14,/core/www/modules//sdig/index.php?run_id=110202&search_id=114132&scans_id=110198&peptide_id=8&scanf=12&charge=2&value=9/14,sp|P38159|RBMX_HUMAN,/core/www/modules//consensus/?run_id=110202&search_id=114132&scans_id=110198&peptide_id=8&scanf=12&charge=2&value=sp|P38159|RBMX_HUMAN,2,/core/www/modules/match_peptides/blast_html4.php?run_id=110202&search_id=114132&scans_id=110198&peptide_id=8&scanf=12&charge=2&value=2,R.YDDYSSSR.D,/core/www/modules/show_out/show_out_wrapper.php?run_id=110202&search_id=114132&scans_id=110198&peptide_id=8&scanf=12&charge=2&value=R.YDDYSSSR.D,RBMX,3.051e+6,3.912,0.000,3.759,0.000
13,2,"  1.798","  0.294",8/14,/core/www/modules//sdig/index.php?run_id=110202&search_id=114132&scans_id=110198&peptide_id=9&scanf=13&charge=2&value=8/14,sp|P08670|VIME_HUMAN,/core/www/modules//consensus/?run_id=110202&search_id=114132&scans_id=110198&peptide_id=9&scanf=13&charge=2&value=sp|P08670|VIME_HUMAN,3,/core/www/modules/match_peptides/blast_html4.php?run_id=110202&search_id=114132&scans_id=110198&peptide_id=9&scanf=13&charge=2&value=3,R.SVSSSSYR.R,/core/www/modules/show_out/show_out_wrapper.php?run_id=110202&search_id=114132&scans_id=110198&peptide_id=9&scanf=13&charge=2&value=R.SVSSSSYR.R,VIM,2.666e+6,3.034,0.003,2.459,0.000
16,2,"  1.522","  0.097",7/12,/core/www/modules//sdig/index.php?run_id=110202&search_id=114132&scans_id=110198&peptide_id=12&scanf=16&charge=2&value=7/12,sp|P62277|RS13_HUMAN,/core/www/modules//consensus/?run_id=110202&search_id=114132&scans_id=110198&peptide_id=12&scanf=16&charge=2&value=sp|P62277|RS13_HUMAN,2,/core/www/modules/match_peptides/blast_html4.php?run_id=110202&search_id=114132&scans_id=110198&peptide_id=12&scanf=16&charge=2&value=2,K.LTSDDVK.E,/core/www/modules/show_out/show_out_wrapper.php?run_id=110202&search_id=114132&scans_id=110198&peptide_id=12&scanf=16&charge=2&value=K.LTSDDVK.E,RPS13,2.565e+6,1.994,0.109,0.964,0.005
17,3,"  1.593","  0.291",14/36,/core/www/modules//sdig/index.php?run_id=110202&search_id=114132&scans_id=110198&peptide_id=13&scanf=17&charge=3&value=14/36,sp|O60264|SMCA5_HUMAN,/core/www/modules//consensus/?run_id=110202&search_id=114132&scans_id=110198&peptide_id=13&scanf=17&charge=3&value=sp|O60264|SMCA5_HUMAN,3,/core/www/modules/match_peptides/blast_html4.php?run_id=110202&search_id=114132&scans_id=110198&peptide_id=13&scanf=17&charge=3&value=3,R.HGATHVFASK.E,/core/www/modules/show_out/show_out_wrapper.php?run_id=110202&search_id=114132&scans_id=110198&peptide_id=13&scanf=17&charge=3&value=R.HGATHVFASK.E,SMARCA5,1.756e+6,2.819,0.007,2.141,0.000
18,2,"  1.719","  0.172",8/12,/core/www/modules//sdig/index.php?run_id=110202&search_id=114132&scans_id=110198&peptide_id=14&scanf=18&charge=2&value=8/12,sp|P62854|RS26_HUMAN,/core/www/modules//consensus/?run_id=110202&search_id=114132&scans_id=110198&peptide_id=14&scanf=18&charge=2&value=sp|P62854|RS26_HUMAN,1,/core/www/modules/match_peptides/blast_html4.php?run_id=110202&search_id=114132&scans_id=110198&peptide_id=14&scanf=18&charge=2&value=1,R.GHVQPIR.C,/core/www/modules/show_out/show_out_wrapper.php?run_id=110202&search_id=114132&scans_id=110198&peptide_id=14&scanf=18&charge=2&value=R.GHVQPIR.C,RPS26,1.914e+6,2.337,0.036,1.439,0.001
21,2,"  2.424","  0.464",12/16,/core/www/modules//sdig/index.php?run_id=110202&search_id=114132&scans_id=110198&peptide_id=17&scanf=21&charge=2&value=12/16,sp|P18621|RL17_HUMAN,/core/www/modules//consensus/?run_id=110202&search_id=114132&scans_id=110198&peptide_id=17&scanf=21&charge=2&value=sp|P18621|RL17_HUMAN,9,/core/www/modules/match_peptides/blast_html4.php?run_id=110202&search_id=114132&scans_id=110198&peptide_id=17&scanf=21&charge=2&value=9,K.NAESNAELK.G,/core/www/modules/show_out/show_out_wrapper.php?run_id=110202&search_id=114132&scans_id=110198&peptide_id=17&scanf=21&charge=2&value=K.NAESNAELK.G,RPL17,9.164e+6,3.406,0.001,3.009,0.000
23,2,"  1.972","  0.445",10/16,/core/www/modules//sdig/index.php?run_id=110202&search_id=114132&scans_id=110198&peptide_id=19&scanf=23&charge=2&value=10/16,sp|P19338|NUCL_HUMAN,/core/www/modules//consensus/?run_id=110202&search_id=114132&scans_id=110198&peptide_id=19&scanf=23&charge=2&value=sp|P19338|NUCL_HUMAN,7,/core/www/modules/match_peptides/blast_html4.php?run_id=110202&search_id=114132&scans_id=110198&peptide_id=19&scanf=23&charge=2&value=7,K.NSTWSGESK.T,/core/www/modules/show_out/show_out_wrapper.php?run_id=110202&search_id=114132&scans_id=110198&peptide_id=19&scanf=23&charge=2&value=K.NSTWSGESK.T,NCL,1.506e+6,3.359,0.001,2.940,0.000
24,2,"  2.228","  0.532",12/18,/core/www/modules//sdig/index.php?run_id=110202&search_id=114132&scans_id=110198&peptide_id=20&scanf=24&charge=2&value=12/18,sp|O95758|PTBP3_HUMAN,/core/www/modules//consensus/?run_id=110202&search_id=114132&scans_id=110198&peptide_id=20&scanf=24&charge=2&value=sp|O95758|PTBP3_HUMAN,6,/core/www/modules/match_peptides/blast_html4.php?run_id=110202&search_id=114132&scans_id=110198&peptide_id=20&scanf=24&charge=2&value=6,R.EGQEDQGLTK.D,/core/www/modules/show_out/show_out_wrapper.php?run_id=110202&search_id=114132&scans_id=110198&peptide_id=20&scanf=24&charge=2&value=R.EGQEDQGLTK.D,PTBP3,1.025e+7,3.482,0.001,3.122,0.000
27,2,"  1.562","  0.107",7/12,/core/www/modules//sdig/index.php?run_id=110202&search_id=114132&scans_id=110198&peptide_id=22&scanf=27&charge=2&value=7/12,sp|Q16629|SRSF7_HUMAN,/core/www/modules//consensus/?run_id=110202&search_id=114132&scans_id=110198&peptide_id=22&scanf=27&charge=2&value=sp|Q16629|SRSF7_HUMAN,2,/core/www/modules/match_peptides/blast_html4.php?run_id=110202&search_id=114132&scans_id=110198&peptide_id=22&scanf=27&charge=2&value=2,R.DAEDAVR.G,/core/www/modules/show_out/show_out_wrapper.php?run_id=110202&search_id=114132&scans_id=110198&peptide_id=22&scanf=27&charge=2&value=R.DAEDAVR.G,SRSF7,1.219e+6,2.021,0.100,1.001,0.005
29,2,"  2.081","  0.252",11/14,/core/www/modules//sdig/index.php?run_id=110202&search_id=114132&scans_id=110198&peptide_id=24&scanf=29&charge=2&value=11/14,sp|P30050|RL12_HUMAN,/core/www/modules//consensus/?run_id=110202&search_id=114132&scans_id=110198&peptide_id=24&scanf=29&charge=2&value=sp|P30050|RL12_HUMAN,0,/core/www/modules/match_peptides/blast_html4.php?run_id=110202&search_id=114132&scans_id=110198&peptide_id=24&scanf=29&charge=2&value=0,K.KVGDDIAK.A,/core/www/modules/show_out/show_out_wrapper.php?run_id=110202&search_id=114132&scans_id=110198&peptide_id=24&scanf=29&charge=2&value=K.KVGDDIAK.A,RPL12,6.188e+6,2.486,0.022,1.653,0.001
30,2,"  1.350","  0.335",7/12,/core/www/modules//sdig/index.php?run_id=110202&search_id=114132&scans_id=110198&peptide_id=25&scanf=30&charge=2&value=7/12,sp|Q00839|HNRPU_HUMAN,/core/www/modules//consensus/?run_id=110202&search_id=114132&scans_id=110198&peptide_id=25&scanf=30&charge=2&value=sp|Q00839|HNRPU_HUMAN,11,/core/www/modules/match_peptides/blast_html4.php?run_id=110202&search_id=114132&scans_id=110198&peptide_id=25&scanf=30&charge=2&value=11,R.ASYGVSK.G,/core/www/modules/show_out/show_out_wrapper.php?run_id=110202&search_id=114132&scans_id=110198&peptide_id=25&scanf=30&charge=2&value=R.ASYGVSK.G,HNRNPU,1.016e+7,2.735,0.010,2.018,0.000
31,3,"  1.801","  0.281",12/36,/core/www/modules//sdig/index.php?run_id=110202&search_id=114132&scans_id=110198&peptide_id=26&scanf=31&charge=3&value=12/36,sp|Q53GS9|SNUT2_HUMAN,/core/www/modules//consensus/?run_id=110202&search_id=114132&scans_id=110198&peptide_id=26&scanf=31&charge=3&value=sp|Q53GS9|SNUT2_HUMAN,1,/core/www/modules/match_peptides/blast_html4.php?run_id=110202&search_id=114132&scans_id=110198&peptide_id=26&scanf=31&charge=3&value=1,R.IHVLHHGTGK.W,/core/www/modules/show_out/show_out_wrapper.php?run_id=110202&search_id=114132&scans_id=110198&peptide_id=26&scanf=31&charge=3&value=R.IHVLHHGTGK.W,USP39,2.121e+6,2.557,0.017,1.757,0.000
32,2,"  1.466","  0.071",9/12,/core/www/modules//sdig/index.php?run_id=110202&search_id=114132&scans_id=110198&peptide_id=27&scanf=32&charge=2&value=9/12,sp|O00148|DX39A_HUMAN,/core/www/modules//consensus/?run_id=110202&search_id=114132&scans_id=110198&peptide_id=27&scanf=32&charge=2&value=sp|O00148|DX39A_HUMAN,22,/core/www/modules/match_peptides/blast_html4.php?run_id=110202&search_id=114132&scans_id=110198&peptide_id=27&scanf=32&charge=2&value=22,K.KDEEVLK.K,/core/www/modules/show_out/show_out_wrapper.php?run_id=110202&search_id=114132&scans_id=110198&peptide_id=27&scanf=32&charge=2&value=K.KDEEVLK.K,DDX39A,1.756e+6,1.910,0.140,0.855,0.007
35,2,"  1.312","  0.249",7/16,/core/www/modules//sdig/index.php?run_id=110202&search_id=114132&scans_id=110198&peptide_id=30&scanf=35&charge=2&value=7/16,sp|P62888|RL30_HUMAN,/core/www/modules//consensus/?run_id=110202&search_id=114132&scans_id=110198&peptide_id=30&scanf=35&charge=2&value=sp|P62888|RL30_HUMAN,2,/core/www/modules/match_peptides/blast_html4.php?run_id=110202&search_id=114132&scans_id=110198&peptide_id=30&scanf=35&charge=2&value=2,R.SMPEQTGEK.-,/core/www/modules/show_out/show_out_wrapper.php?run_id=110202&search_id=114132&scans_id=110198&peptide_id=30&scanf=35&charge=2&value=R.SMPEQTGEK.-,RPL30,9.577e+5,2.146,0.067,1.171,0.002
36,3,"  1.826","  0.232",12/32,/core/www/modules//sdig/index.php?run_id=110202&search_id=114132&scans_id=110198&peptide_id=31&scanf=36&charge=3&value=12/32,sp|O00422|SAP18_HUMAN,/core/www/modules//consensus/?run_id=110202&search_id=114132&scans_id=110198&peptide_id=31&scanf=36&charge=3&value=sp|O00422|SAP18_HUMAN,1,/core/www/modules/match_peptides/blast_html4.php?run_id=110202&search_id=114132&scans_id=110198&peptide_id=31&scanf=36&charge=3&value=1,K.KEPEKPIDR.E,/core/www/modules/show_out/show_out_wrapper.php?run_id=110202&search_id=114132&scans_id=110198&peptide_id=31&scanf=36&charge=3&value=K.KEPEKPIDR.E,SAP18,9.659e+5,2.264,0.046,1.335,0.002
41,2,"  1.848","  0.072",8/12,/core/www/modules//sdig/index.php?run_id=110202&search_id=114132&scans_id=110198&peptide_id=36&scanf=41&charge=2&value=8/12,sp|P27348|1433T_HUMAN,/core/www/modules//consensus/?run_id=110202&search_id=114132&scans_id=110198&peptide_id=36&scanf=41&charge=2&value=sp|P27348|1433T_HUMAN,21,/core/www/modules/match_peptides/blast_html4.php?run_id=110202&search_id=114132&scans_id=110198&peptide_id=36&scanf=41&charge=2&value=21,K.LAEQAER.Y,/core/www/modules/show_out/show_out_wrapper.php?run_id=110202&search_id=114132&scans_id=110198&peptide_id=36&scanf=41&charge=2&value=K.LAEQAER.Y,YWHAQ,7.375e+5,2.064,0.088,1.058,0.004
43,2,"  1.707","  0.000",7/12,/core/www/modules//sdig/index.php?run_id=110202&search_id=114132&scans_id=110198&peptide_id=38&scanf=43&charge=2&value=7/12,sp|P18621|RL17_HUMAN,/core/www/modules//consensus/?run_id=110202&search_id=114132&scans_id=110198&peptide_id=38&scanf=43&charge=2&value=sp|P18621|RL17_HUMAN,2,/core/www/modules/match_peptides/blast_html4.php?run_id=110202&search_id=114132&scans_id=110198&peptide_id=38&scanf=43&charge=2&value=2,R.ETAQAIK.G,/core/www/modules/show_out/show_out_wrapper.php?run_id=110202&search_id=114132&scans_id=110198&peptide_id=38&scanf=43&charge=2&value=R.ETAQAIK.G,RPL17,2.028e+6,2.068,0.086,1.063,0.004
44,2,"  1.815","  0.343",8/16,/core/www/modules//sdig/index.php?run_id=110202&search_id=114132&scans_id=110198&peptide_id=39&scanf=44&charge=2&value=8/16,sp|P07900|HS90A_HUMAN,/core/www/modules//consensus/?run_id=110202&search_id=114132&scans_id=110198&peptide_id=39&scanf=44&charge=2&value=sp|P07900|HS90A_HUMAN,0,/core/www/modules/match_peptides/blast_html4.php?run_id=110202&search_id=114132&scans_id=110198&peptide_id=39&scanf=44&charge=2&value=0,R.TDTGEPM*GR.G,/core/www/modules/show_out/show_out_wrapper.php?run_id=110202&search_id=114132&scans_id=110198&peptide_id=39&scanf=44&charge=2&value=R.TDTGEPM*GR.G,HSP90AA1,2.430e+6,2.818,0.007,2.140,0.000
45,2,"  1.827","  0.458",8/18,/core/www/modules//sdig/index.php?run_id=110202&search_id=114132&scans_id=110198&peptide_id=40&scanf=45&charge=2&value=8/18,sp|P14866|HNRPL_HUMAN,/core/www/modules//consensus/?run_id=110202&search_id=114132&scans_id=110198&peptide_id=40&scanf=45&charge=2&value=sp|P14866|HNRPL_HUMAN,0,/core/www/modules/match_peptides/blast_html4.php?run_id=110202&search_id=114132&scans_id=110198&peptide_id=40&scanf=45&charge=2&value=0,R.YYGGGSEGGR.A,/core/www/modules/show_out/show_out_wrapper.php?run_id=110202&search_id=114132&scans_id=110198&peptide_id=40&scanf=45&charge=2&value=R.YYGGGSEGGR.A,HNRNPL,7.883e+5,2.989,0.004,2.391,0.000
61,2,"  1.808","  0.240",7/14,/core/www/modules//sdig/index.php?run_id=110202&search_id=114132&scans_id=110198&peptide_id=55&scanf=61&charge=2&value=7/14,sp|O76021|RL1D1_HUMAN,/core/www/modules//consensus/?run_id=110202&search_id=114132&scans_id=110198&peptide_id=55&scanf=61&charge=2&value=sp|O76021|RL1D1_HUMAN,1,/core/www/modules/match_peptides/blast_html4.php?run_id=110202&search_id=114132&scans_id=110198&peptide_id=55&scanf=61&charge=2&value=1,K.SPNPSTPR.G,/core/www/modules/show_out/show_out_wrapper.php?run_id=110202&search_id=114132&scans_id=110198&peptide_id=55&scanf=61&charge=2&value=K.SPNPSTPR.G,RSL1D1,1.028e+6,2.390,0.031,1.515,0.001
66,2,"  1.563","  0.224",7/14,/core/www/modules//sdig/index.php?run_id=110202&search_id=114132&scans_id=110198&peptide_id=60&scanf=66&charge=2&value=7/14,sp|Q02878|RL6_HUMAN,/core/www/modules//consensus/?run_id=110202&search_id=114132&scans_id=110198&peptide_id=60&scanf=66&charge=2&value=sp|Q02878|RL6_HUMAN,3,/core/www/modules/match_peptides/blast_html4.php?run_id=110202&search_id=114132&scans_id=110198&peptide_id=60&scanf=66&charge=2&value=3,K.KPFSQHVR.K,/core/www/modules/show_out/show_out_wrapper.php?run_id=110202&search_id=114132&scans_id=110198&peptide_id=60&scanf=66&charge=2&value=K.KPFSQHVR.K,RPL6,6.946e+5,2.265,0.046,1.337,0.002
68,2,"  1.528","  0.268",7/12,/core/www/modules//sdig/index.php?run_id=110202&search_id=114132&scans_id=110198&peptide_id=61&scanf=68&charge=2&value=7/12,sp|P07900|HS90A_HUMAN,/core/www/modules//consensus/?run_id=110202&search_id=114132&scans_id=110198&peptide_id=61&scanf=68&charge=2&value=sp|P07900|HS90A_HUMAN,2,/core/www/modules/match_peptides/blast_html4.php?run_id=110202&search_id=114132&scans_id=110198&peptide_id=61&scanf=68&charge=2&value=2,R.EM*LQQSK.I,/core/www/modules/show_out/show_out_wrapper.php?run_id=110202&search_id=114132&scans_id=110198&peptide_id=61&scanf=68&charge=2&value=R.EM*LQQSK.I,HSP90AA1,6.456e+5,2.713,0.010,1.986,0.000
69,2,"  1.527","  0.309",10/16,/core/www/modules//sdig/index.php?run_id=110202&search_id=114132&scans_id=110198&peptide_id=62&scanf=69&charge=2&value=10/16,sp|P62277|RS13_HUMAN,/core/www/modules//consensus/?run_id=110202&search_id=114132&scans_id=110198&peptide_id=62&scanf=69&charge=2&value=sp|P62277|RS13_HUMAN,2,/core/www/modules/match_peptides/blast_html4.php?run_id=110202&search_id=114132&scans_id=110198&peptide_id=62&scanf=69&charge=2&value=2,R.DSHGVAQVR.F,/core/www/modules/show_out/show_out_wrapper.php?run_id=110202&search_id=114132&scans_id=110198&peptide_id=62&scanf=69&charge=2&value=R.DSHGVAQVR.F,RPS13,4.640e+6,2.704,0.011,1.972,0.000
72,2,"  1.624","  0.322",7/16,/core/www/modules//sdig/index.php?run_id=110202&search_id=114132&scans_id=110198&peptide_id=65&scanf=72&charge=2&value=7/16,sp|P61313|RL15_HUMAN,/core/www/modules//consensus/?run_id=110202&search_id=114132&scans_id=110198&peptide_id=65&scanf=72&charge=2&value=sp|P61313|RL15_HUMAN,1,/core/www/modules/match_peptides/blast_html4.php?run_id=110202&search_id=114132&scans_id=110198&peptide_id=65&scanf=72&charge=2&value=1,K.FHHTIGGSR.R,/core/www/modules/show_out/show_out_wrapper.php?run_id=110202&search_id=114132&scans_id=110198&peptide_id=65&scanf=72&charge=2&value=K.FHHTIGGSR.R,RPL15,3.791e+5,2.265,0.046,1.337,0.002
77,3,"  2.923","  0.542",17/40,/core/www/modules//sdig/index.php?run_id=110202&search_id=114132&scans_id=110198&peptide_id=70&scanf=77&charge=3&value=17/40,sp|P12814|ACTN1_HUMAN,/core/www/modules//consensus/?run_id=110202&search_id=114132&scans_id=110198&peptide_id=70&scanf=77&charge=3&value=sp|P12814|ACTN1_HUMAN,11,/core/www/modules/match_peptides/blast_html4.php?run_id=110202&search_id=114132&scans_id=110198&peptide_id=70&scanf=77&charge=3&value=11,R.RDQALTEEHAR.Q,/core/www/modules/show_out/show_out_wrapper.php?run_id=110202&search_id=114132&scans_id=110198&peptide_id=70&scanf=77&charge=3&value=R.RDQALTEEHAR.Q,ACTN1,6.347e+5,3.422,0.001,3.032,0.000
79,2,"  1.391","  0.241",6/12,/core/www/modules//sdig/index.php?run_id=110202&search_id=114132&scans_id=110198&peptide_id=72&scanf=79&charge=2&value=6/12,sp|Q08170|SRSF4_HUMAN,/core/www/modules//consensus/?run_id=110202&search_id=114132&scans_id=110198&peptide_id=72&scanf=79&charge=2&value=sp|Q08170|SRSF4_HUMAN,6,/core/www/modules/match_peptides/blast_html4.php?run_id=110202&search_id=114132&scans_id=110198&peptide_id=72&scanf=79&charge=2&value=6,R.VIVEHAR.G,/core/www/modules/show_out/show_out_wrapper.php?run_id=110202&search_id=114132&scans_id=110198&peptide_id=72&scanf=79&charge=2&value=R.VIVEHAR.G,SRSF4,3.125e+6,2.345,0.035,1.451,0.001
89,2,"  1.106","  0.034",8/12,/core/www/modules//sdig/index.php?run_id=110202&search_id=114132&scans_id=110198&peptide_id=81&scanf=89&charge=2&value=8/12,sp|P11387|TOP1_HUMAN,/core/www/modules//consensus/?run_id=110202&search_id=114132&scans_id=110198&peptide_id=81&scanf=89&charge=2&value=sp|P11387|TOP1_HUMAN,1,/core/www/modules/match_peptides/blast_html4.php?run_id=110202&search_id=114132&scans_id=110198&peptide_id=81&scanf=89&charge=2&value=1,K.EQLADAR.R,/core/www/modules/show_out/show_out_wrapper.php?run_id=110202&search_id=114132&scans_id=110198&peptide_id=81&scanf=89&charge=2&value=K.EQLADAR.R,TOP1,2.205e+6,1.999,0.107,0.970,0.005
94,2,"  2.105","  0.459",10/16,/core/www/modules//sdig/index.php?run_id=110202&search_id=114132&scans_id=110198&peptide_id=86&scanf=94&charge=2&value=10/16,sp|A6NHL2|TBAL3_HUMAN,/core/www/modules//consensus/?run_id=110202&search_id=114132&scans_id=110198&peptide_id=86&scanf=94&charge=2&value=sp|A6NHL2|TBAL3_HUMAN,22,/core/www/modules/match_peptides/blast_html4.php?run_id=110202&search_id=114132&scans_id=110198&peptide_id=86&scanf=94&charge=2&value=22,K.EDAANNYAR.G,/core/www/modules/show_out/show_out_wrapper.php?run_id=110202&search_id=114132&scans_id=110198&peptide_id=86&scanf=94&charge=2&value=K.EDAANNYAR.G,TUBAL3,6.132e+5,3.186,0.002,2.683,0.000
96,3,"  1.516","  0.157",11/44,/core/www/modules//sdig/index.php?run_id=110202&search_id=114132&scans_id=110198&peptide_id=88&scanf=96&charge=3&value=11/44,sp|Q8TAQ2|SMRC2_HUMAN,/core/www/modules//consensus/?run_id=110202&search_id=114132&scans_id=110198&peptide_id=88&scanf=96&charge=3&value=sp|Q8TAQ2|SMRC2_HUMAN,1,/core/www/modules/match_peptides/blast_html4.php?run_id=110202&search_id=114132&scans_id=110198&peptide_id=88&scanf=96&charge=3&value=1,R.GHREEEQEDLTK.D,/core/www/modules/show_out/show_out_wrapper.php?run_id=110202&search_id=114132&scans_id=110198&peptide_id=88&scanf=96&charge=3&value=R.GHREEEQEDLTK.D,SMARCC2,1.877e+6,1.826,0.178,0.750,0.010
111,2,"  1.976","  0.309",10/14,/core/www/modules//sdig/index.php?run_id=110202&search_id=114132&scans_id=110198&peptide_id=102&scanf=111&charge=2&value=10/14,sp|P62753|RS6_HUMAN,/core/www/modules//consensus/?run_id=110202&search_id=114132&scans_id=110198&peptide_id=102&scanf=111&charge=2&value=sp|P62753|RS6_HUMAN,1,/core/www/modules/match_peptides/blast_html4.php?run_id=110202&search_id=114132&scans_id=110198&peptide_id=102&scanf=111&charge=2&value=1,K.QGVLTHGR.V,/core/www/modules/show_out/show_out_wrapper.php?run_id=110202&search_id=114132&scans_id=110198&peptide_id=102&scanf=111&charge=2&value=K.QGVLTHGR.V,RPS6,4.537e+5,2.836,0.007,2.167,0.000
115,2,"  1.788","  0.450",8/22,/core/www/modules//sdig/index.php?run_id=110202&search_id=114132&scans_id=110198&peptide_id=106&scanf=115&charge=2&value=8/22,sp|P18077|RL35A_HUMAN,/core/www/modules//consensus/?run_id=110202&search_id=114132&scans_id=110198&peptide_id=106&scanf=115&charge=2&value=sp|P18077|RL35A_HUMAN,1,/core/www/modules/match_peptides/blast_html4.php?run_id=110202&search_id=114132&scans_id=110198&peptide_id=106&scanf=115&charge=2&value=1,K.NNTVTPGGKPNK.T,/core/www/modules/show_out/show_out_wrapper.php?run_id=110202&search_id=114132&scans_id=110198&peptide_id=106&scanf=115&charge=2&value=K.NNTVTPGGKPNK.T,RPL35A,3.378e+5,2.627,0.014,1.859,0.000
136,2,"  1.352","  0.107",10/16,/core/www/modules//sdig/index.php?run_id=110202&search_id=114132&scans_id=110198&peptide_id=126&scanf=136&charge=2&value=10/16,sp|O95793|STAU1_HUMAN,/core/www/modules//consensus/?run_id=110202&search_id=114132&scans_id=110198&peptide_id=126&scanf=136&charge=2&value=sp|O95793|STAU1_HUMAN,2,/core/www/modules/match_peptides/blast_html4.php?run_id=110202&search_id=114132&scans_id=110198&peptide_id=126&scanf=136&charge=2&value=2,R.ESEEENLNK.S,/core/www/modules/show_out/show_out_wrapper.php?run_id=110202&search_id=114132&scans_id=110198&peptide_id=126&scanf=136&charge=2&value=R.ESEEENLNK.S,STAU1,7.280e+5,2.070,0.086,1.066,0.004
139,3,"  2.217","  0.423",12/40,/core/www/modules//sdig/index.php?run_id=110202&search_id=114132&scans_id=110198&peptide_id=129&scanf=139&charge=3&value=12/40,sp|Q15717|ELAV1_HUMAN,/core/www/modules//consensus/?run_id=110202&search_id=114132&scans_id=110198&peptide_id=129&scanf=139&charge=3&value=sp|Q15717|ELAV1_HUMAN,0,/core/www/modules/match_peptides/blast_html4.php?run_id=110202&search_id=114132&scans_id=110198&peptide_id=129&scanf=139&charge=3&value=0,R.FGGPVHHQAQR.F,/core/www/modules/show_out/show_out_wrapper.php?run_id=110202&search_id=114132&scans_id=110198&peptide_id=129&scanf=139&charge=3&value=R.FGGPVHHQAQR.F,ELAVL1,3.552e+6,3.003,0.004,2.413,0.000
149,2,"  1.558","  0.465",9/16,/core/www/modules//sdig/index.php?run_id=110202&search_id=114132&scans_id=110198&peptide_id=139&scanf=149&charge=2&value=9/16,sp|Q9Y5B9|SP16H_HUMAN,/core/www/modules//consensus/?run_id=110202&search_id=114132&scans_id=110198&peptide_id=139&scanf=149&charge=2&value=sp|Q9Y5B9|SP16H_HUMAN,0,/core/www/modules/match_peptides/blast_html4.php?run_id=110202&search_id=114132&scans_id=110198&peptide_id=139&scanf=149&charge=2&value=0,R.YEEEEEQSR.S,/core/www/modules/show_out/show_out_wrapper.php?run_id=110202&search_id=114132&scans_id=110198&peptide_id=139&scanf=149&charge=2&value=R.YEEEEEQSR.S,SUPT16H,3.046e+5,3.122,0.003,2.588,0.000
161,2,"  2.488","  0.226",11/18,/core/www/modules//sdig/index.php?run_id=110202&search_id=114132&scans_id=110198&peptide_id=150&scanf=161&charge=2&value=11/18,sp|P22626|ROA2_HUMAN,/core/www/modules//consensus/?run_id=110202&search_id=114132&scans_id=110198&peptide_id=150&scanf=161&charge=2&value=sp|P22626|ROA2_HUMAN,7,/core/www/modules/match_peptides/blast_html4.php?run_id=110202&search_id=114132&scans_id=110198&peptide_id=150&scanf=161&charge=2&value=7,R.QEM*QEVQSSR.S,/core/www/modules/show_out/show_out_wrapper.php?run_id=110202&search_id=114132&scans_id=110198&peptide_id=150&scanf=161&charge=2&value=R.QEM*QEVQSSR.S,HNRNPA2B1,3.799e+6,2.336,0.036,1.438,0.001
164,2,"  1.071","  0.096",5/14,/core/www/modules//sdig/index.php?run_id=110202&search_id=114132&scans_id=110198&peptide_id=153&scanf=164&charge=2&value=5/14,sp|P51531|SMCA2_HUMAN,/core/www/modules//consensus/?run_id=110202&search_id=114132&scans_id=110198&peptide_id=153&scanf=164&charge=2&value=sp|P51531|SMCA2_HUMAN,20,/core/www/modules/match_peptides/blast_html4.php?run_id=110202&search_id=114132&scans_id=110198&peptide_id=153&scanf=164&charge=2&value=20,R.IGQQNEVR.V,/core/www/modules/show_out/show_out_wrapper.php?run_id=110202&search_id=114132&scans_id=110198&peptide_id=153&scanf=164&charge=2&value=R.IGQQNEVR.V,SMARCA2,1.516e+7,1.836,0.173,0.762,0.009
165,2,"  2.779","  0.643",15/28,/core/www/modules//sdig/index.php?run_id=110202&search_id=114132&scans_id=110198&peptide_id=154&scanf=165&charge=2&value=15/28,sp|Q13151|ROA0_HUMAN,/core/www/modules//consensus/?run_id=110202&search_id=114132&scans_id=110198&peptide_id=154&scanf=165&charge=2&value=sp|Q13151|ROA0_HUMAN,0,/core/www/modules/match_peptides/blast_html4.php?run_id=110202&search_id=114132&scans_id=110198&peptide_id=154&scanf=165&charge=2&value=0,K.SGGGGGGGGSSWGGR.S,/core/www/modules/show_out/show_out_wrapper.php?run_id=110202&search_id=114132&scans_id=110198&peptide_id=154&scanf=165&charge=2&value=K.SGGGGGGGGSSWGGR.S,HNRNPA0,7.314e+5,3.433,0.001,3.049,0.000
168,2,"  1.556","  0.347",9/18,/core/www/modules//sdig/index.php?run_id=110202&search_id=114132&scans_id=110198&peptide_id=157&scanf=168&charge=2&value=9/18,sp|Q9BQG0|MBB1A_HUMAN,/core/www/modules//consensus/?run_id=110202&search_id=114132&scans_id=110198&peptide_id=157&scanf=168&charge=2&value=sp|Q9BQG0|MBB1A_HUMAN,1,/core/www/modules/match_peptides/blast_html4.php?run_id=110202&search_id=114132&scans_id=110198&peptide_id=157&scanf=168&charge=2&value=1,K.ELEAHSAEAR.A,/core/www/modules/show_out/show_out_wrapper.php?run_id=110202&search_id=114132&scans_id=110198&peptide_id=157&scanf=168&charge=2&value=K.ELEAHSAEAR.A,MYBBP1A,2.577e+5,2.635,0.013,1.871,0.000
174,2,"  1.440","  0.167",8/14,/core/www/modules//sdig/index.php?run_id=110202&search_id=114132&scans_id=110198&peptide_id=162&scanf=174&charge=2&value=8/14,sp|P61978|HNRPK_HUMAN,/core/www/modules//consensus/?run_id=110202&search_id=114132&scans_id=110198&peptide_id=162&scanf=174&charge=2&value=sp|P61978|HNRPK_HUMAN,1,/core/www/modules/match_peptides/blast_html4.php?run_id=110202&search_id=114132&scans_id=110198&peptide_id=162&scanf=174&charge=2&value=1,R.ENTQTTIK.L,/core/www/modules/show_out/show_out_wrapper.php?run_id=110202&search_id=114132&scans_id=110198&peptide_id=162&scanf=174&charge=2&value=R.ENTQTTIK.L,HNRNPK,6.295e+5,2.262,0.047,1.332,0.002
184,2,"  2.797","  0.593",14/18,/core/www/modules//sdig/index.php?run_id=110202&search_id=114132&scans_id=110198&peptide_id=172&scanf=184&charge=2&value=14/18,sp|O60264|SMCA5_HUMAN,/core/www/modules//consensus/?run_id=110202&search_id=114132&scans_id=110198&peptide_id=172&scanf=184&charge=2&value=sp|O60264|SMCA5_HUMAN,3,/core/www/modules/match_peptides/blast_html4.php?run_id=110202&search_id=114132&scans_id=110198&peptide_id=172&scanf=184&charge=2&value=3,R.HGATHVFASK.E,/core/www/modules/show_out/show_out_wrapper.php?run_id=110202&search_id=114132&scans_id=110198&peptide_id=172&scanf=184&charge=2&value=R.HGATHVFASK.E,SMARCA5,2.988e+5,4.041,0.000,3.951,0.000
194,3,"  1.594","  0.270",9/36,/core/www/modules//sdig/index.php?run_id=110202&search_id=114132&scans_id=110198&peptide_id=181&scanf=194&charge=3&value=9/36,sp|Q16643|DREB_HUMAN,/core/www/modules//consensus/?run_id=110202&search_id=114132&scans_id=110198&peptide_id=181&scanf=194&charge=3&value=sp|Q16643|DREB_HUMAN,1,/core/www/modules/match_peptides/blast_html4.php?run_id=110202&search_id=114132&scans_id=110198&peptide_id=181&scanf=194&charge=3&value=1,R.EREQQIEEHR.R,/core/www/modules/show_out/show_out_wrapper.php?run_id=110202&search_id=114132&scans_id=110198&peptide_id=181&scanf=194&charge=3&value=R.EREQQIEEHR.R,DBN1,3.557e+5,2.227,0.052,1.284,0.002
206,2,"  1.195","  0.248",6/22,/core/www/modules//sdig/index.php?run_id=110202&search_id=114132&scans_id=110198&peptide_id=193&scanf=206&charge=2&value=6/22,sp|O75533|SF3B1_HUMAN,/core/www/modules//consensus/?run_id=110202&search_id=114132&scans_id=110198&peptide_id=193&scanf=206&charge=2&value=sp|O75533|SF3B1_HUMAN,0,/core/www/modules/match_peptides/blast_html4.php?run_id=110202&search_id=114132&scans_id=110198&peptide_id=193&scanf=206&charge=2&value=0,K.GSETPGATPGSK.I,/core/www/modules/show_out/show_out_wrapper.php?run_id=110202&search_id=114132&scans_id=110198&peptide_id=193&scanf=206&charge=2&value=K.GSETPGATPGSK.I,SF3B1,1.119e+5,1.971,0.117,0.933,0.005
207,2,"  1.198","  0.303",8/18,/core/www/modules//sdig/index.php?run_id=110202&search_id=114132&scans_id=110198&peptide_id=194&scanf=207&charge=2&value=8/18,sp|P61247|RS3A_HUMAN,/core/www/modules//consensus/?run_id=110202&search_id=114132&scans_id=110198&peptide_id=194&scanf=207&charge=2&value=sp|P61247|RS3A_HUMAN,8,/core/www/modules/match_peptides/blast_html4.php?run_id=110202&search_id=114132&scans_id=110198&peptide_id=194&scanf=207&charge=2&value=8,K.TSYAQHQQVR.Q,/core/www/modules/show_out/show_out_wrapper.php?run_id=110202&search_id=114132&scans_id=110198&peptide_id=194&scanf=207&charge=2&value=K.TSYAQHQQVR.Q,RPS3A,2.335e+5,2.354,0.034,1.463,0.001
222,2,"  1.387","  0.518",7/24,/core/www/modules//sdig/index.php?run_id=110202&search_id=114132&scans_id=110198&peptide_id=208&scanf=222&charge=2&value=7/24,sp|P53621|COPA_HUMAN,/core/www/modules//consensus/?run_id=110202&search_id=114132&scans_id=110198&peptide_id=208&scanf=222&charge=2&value=sp|P53621|COPA_HUMAN,6,/core/www/modules/match_peptides/blast_html4.php?run_id=110202&search_id=114132&scans_id=110198&peptide_id=208&scanf=222&charge=2&value=6,K.DADSQNPDAPEGK.R,/core/www/modules/show_out/show_out_wrapper.php?run_id=110202&search_id=114132&scans_id=110198&peptide_id=208&scanf=222&charge=2&value=K.DADSQNPDAPEGK.R,COPA,53732.6,2.812,0.007,2.131,0.000
223,2,"  1.393","  0.492",7/24,/core/www/modules//sdig/index.php?run_id=110202&search_id=114132&scans_id=110198&peptide_id=209&scanf=223&charge=2&value=7/24,sp|P31942|HNRH3_HUMAN,/core/www/modules//consensus/?run_id=110202&search_id=114132&scans_id=110198&peptide_id=209&scanf=223&charge=2&value=sp|P31942|HNRH3_HUMAN,0,/core/www/modules/match_peptides/blast_html4.php?run_id=110202&search_id=114132&scans_id=110198&peptide_id=209&scanf=223&charge=2&value=0,K.HNGPNDASDGTVR.L,/core/www/modules/show_out/show_out_wrapper.php?run_id=110202&search_id=114132&scans_id=110198&peptide_id=209&scanf=223&charge=2&value=K.HNGPNDASDGTVR.L,HNRNPH3,1.092e+5,2.582,0.016,1.794,0.000
244,2,"  1.351","  0.193",6/14,/core/www/modules//sdig/index.php?run_id=110202&search_id=114132&scans_id=110198&peptide_id=229&scanf=244&charge=2&value=6/14,sp|O76021|RL1D1_HUMAN,/core/www/modules//consensus/?run_id=110202&search_id=114132&scans_id=110198&peptide_id=229&scanf=244&charge=2&value=sp|O76021|RL1D1_HUMAN,1,/core/www/modules/match_peptides/blast_html4.php?run_id=110202&search_id=114132&scans_id=110198&peptide_id=229&scanf=244&charge=2&value=1,K.SPNPSTPR.G,/core/www/modules/show_out/show_out_wrapper.php?run_id=110202&search_id=114132&scans_id=110198&peptide_id=229&scanf=244&charge=2&value=K.SPNPSTPR.G,RSL1D1,1.028e+6,2.067,0.087,1.062,0.004
335,2,"  1.320","  0.241",7/18,/core/www/modules//sdig/index.php?run_id=110202&search_id=114132&scans_id=110198&peptide_id=316&scanf=335&charge=2&value=7/18,sp|Q969G3|SMCE1_HUMAN,/core/www/modules//consensus/?run_id=110202&search_id=114132&scans_id=110198&peptide_id=316&scanf=335&charge=2&value=sp|Q969G3|SMCE1_HUMAN,8,/core/www/modules/match_peptides/blast_html4.php?run_id=110202&search_id=114132&scans_id=110198&peptide_id=316&scanf=335&charge=2&value=8,R.LGGNPGTNSR.V,/core/www/modules/show_out/show_out_wrapper.php?run_id=110202&search_id=114132&scans_id=110198&peptide_id=316&scanf=335&charge=2&value=R.LGGNPGTNSR.V,SMARCE1,1.049e+5,2.007,0.104,0.982,0.005
370,2,"  1.696","  0.456",7/18,/core/www/modules//sdig/index.php?run_id=110202&search_id=114132&scans_id=110198&peptide_id=349&scanf=370&charge=2&value=7/18,sp|O60264|SMCA5_HUMAN,/core/www/modules//consensus/?run_id=110202&search_id=114132&scans_id=110198&peptide_id=349&scanf=370&charge=2&value=sp|O60264|SMCA5_HUMAN,0,/core/www/modules/match_peptides/blast_html4.php?run_id=110202&search_id=114132&scans_id=110198&peptide_id=349&scanf=370&charge=2&value=0,R.LDGQTPHDER.Q,/core/www/modules/show_out/show_out_wrapper.php?run_id=110202&search_id=114132&scans_id=110198&peptide_id=349&scanf=370&charge=2&value=R.LDGQTPHDER.Q,SMARCA5,1.799e+5,2.941,0.005,2.322,0.000
371,2,"  1.894","  0.221",9/16,/core/www/modules//sdig/index.php?run_id=110202&search_id=114132&scans_id=110198&peptide_id=350&scanf=371&charge=2&value=9/16,sp|P08238|HS90B_HUMAN,/core/www/modules//consensus/?run_id=110202&search_id=114132&scans_id=110198&peptide_id=350&scanf=371&charge=2&value=sp|P08238|HS90B_HUMAN,0,/core/www/modules/match_peptides/blast_html4.php?run_id=110202&search_id=114132&scans_id=110198&peptide_id=350&scanf=371&charge=2&value=0,R.ADHGEPIGR.G,/core/www/modules/show_out/show_out_wrapper.php?run_id=110202&search_id=114132&scans_id=110198&peptide_id=350&scanf=371&charge=2&value=R.ADHGEPIGR.G,HSP90AB1,5.911e+6,2.351,0.035,1.460,0.001
383,2,"  1.516","  0.237",5/14,/core/www/modules//sdig/index.php?run_id=110202&search_id=114132&scans_id=110198&peptide_id=361&scanf=383&charge=2&value=5/14,sp|P80404|GABT_HUMAN,/core/www/modules//consensus/?run_id=110202&search_id=114132&scans_id=110198&peptide_id=361&scanf=383&charge=2&value=sp|P80404|GABT_HUMAN,6,/core/www/modules/match_peptides/blast_html4.php?run_id=110202&search_id=114132&scans_id=110198&peptide_id=361&scanf=383&charge=2&value=6,R.HISQAAAK.V,/core/www/modules/show_out/show_out_wrapper.php?run_id=110202&search_id=114132&scans_id=110198&peptide_id=361&scanf=383&charge=2&value=R.HISQAAAK.V,ABAT,1.444e+5,1.918,0.136,0.865,0.007
387,2,"  2.009","  0.510",9/22,/core/www/modules//sdig/index.php?run_id=110202&search_id=114132&scans_id=110198&peptide_id=365&scanf=387&charge=2&value=9/22,sp|P35251|RFC1_HUMAN,/core/www/modules//consensus/?run_id=110202&search_id=114132&scans_id=110198&peptide_id=365&scanf=387&charge=2&value=sp|P35251|RFC1_HUMAN,0,/core/www/modules/match_peptides/blast_html4.php?run_id=110202&search_id=114132&scans_id=110198&peptide_id=365&scanf=387&charge=2&value=0,K.EQVAEETSGDSK.A,/core/www/modules/show_out/show_out_wrapper.php?run_id=110202&search_id=114132&scans_id=110198&peptide_id=365&scanf=387&charge=2&value=K.EQVAEETSGDSK.A,RFC1,65413.7,2.943,0.005,2.324,0.000
422,2,"  1.159","  0.408",6/20,/core/www/modules//sdig/index.php?run_id=110202&search_id=114132&scans_id=110198&peptide_id=398&scanf=422&charge=2&value=6/20,sp|Q14151|SAFB2_HUMAN,/core/www/modules//consensus/?run_id=110202&search_id=114132&scans_id=110198&peptide_id=398&scanf=422&charge=2&value=sp|Q14151|SAFB2_HUMAN,1,/core/www/modules/match_peptides/blast_html4.php?run_id=110202&search_id=114132&scans_id=110198&peptide_id=398&scanf=422&charge=2&value=1,R.EPAEQPGDGER.T,/core/www/modules/show_out/show_out_wrapper.php?run_id=110202&search_id=114132&scans_id=110198&peptide_id=398&scanf=422&charge=2&value=R.EPAEQPGDGER.T,SAFB2,1.305e+5,2.412,0.028,1.547,0.001
452,3,"  1.652","  0.208",9/40,/core/www/modules//sdig/index.php?run_id=110202&search_id=114132&scans_id=110198&peptide_id=427&scanf=452&charge=3&value=9/40,sp|Q15717|ELAV1_HUMAN,/core/www/modules//consensus/?run_id=110202&search_id=114132&scans_id=110198&peptide_id=427&scanf=452&charge=3&value=sp|Q15717|ELAV1_HUMAN,0,/core/www/modules/match_peptides/blast_html4.php?run_id=110202&search_id=114132&scans_id=110198&peptide_id=427&scanf=452&charge=3&value=0,R.FGGPVHHQAQR.F,/core/www/modules/show_out/show_out_wrapper.php?run_id=110202&search_id=114132&scans_id=110198&peptide_id=427&scanf=452&charge=3&value=R.FGGPVHHQAQR.F,ELAVL1,3.552e+6,2.143,0.068,1.166,0.002
468,2,"  1.236","  0.188",7/14,/core/www/modules//sdig/index.php?run_id=110202&search_id=114132&scans_id=110198&peptide_id=442&scanf=468&charge=2&value=7/14,sp|Q9NWH9|SLTM_HUMAN,/core/www/modules//consensus/?run_id=110202&search_id=114132&scans_id=110198&peptide_id=442&scanf=468&charge=2&value=sp|Q9NWH9|SLTM_HUMAN,2,/core/www/modules/match_peptides/blast_html4.php?run_id=110202&search_id=114132&scans_id=110198&peptide_id=442&scanf=468&charge=2&value=2,R.FVGQSEGK.K,/core/www/modules/show_out/show_out_wrapper.php?run_id=110202&search_id=114132&scans_id=110198&peptide_id=442&scanf=468&charge=2&value=R.FVGQSEGK.K,SLTM,3.051e+5,1.889,0.148,0.828,0.007
509,2,"  1.621","  0.348",8/16,/core/www/modules//sdig/index.php?run_id=110202&search_id=114132&scans_id=110198&peptide_id=481&scanf=509&charge=2&value=8/16,sp|A6NHL2|TBAL3_HUMAN,/core/www/modules//consensus/?run_id=110202&search_id=114132&scans_id=110198&peptide_id=481&scanf=509&charge=2&value=sp|A6NHL2|TBAL3_HUMAN,22,/core/www/modules/match_peptides/blast_html4.php?run_id=110202&search_id=114132&scans_id=110198&peptide_id=481&scanf=509&charge=2&value=22,K.EDAANNYAR.G,/core/www/modules/show_out/show_out_wrapper.php?run_id=110202&search_id=114132&scans_id=110198&peptide_id=481&scanf=509&charge=2&value=K.EDAANNYAR.G,TUBAL3,6.132e+5,2.582,0.016,1.794,0.000
512,2,"  1.266","  0.213",6/12,/core/www/modules//sdig/index.php?run_id=110202&search_id=114132&scans_id=110198&peptide_id=484&scanf=512&charge=2&value=6/12,sp|P52272|HNRPM_HUMAN,/core/www/modules//consensus/?run_id=110202&search_id=114132&scans_id=110198&peptide_id=484&scanf=512&charge=2&value=sp|P52272|HNRPM_HUMAN,2,/core/www/modules/match_peptides/blast_html4.php?run_id=110202&search_id=114132&scans_id=110198&peptide_id=484&scanf=512&charge=2&value=2,R.M*GSGIER.M,/core/www/modules/show_out/show_out_wrapper.php?run_id=110202&search_id=114132&scans_id=110198&peptide_id=484&scanf=512&charge=2&value=R.M*GSGIER.M,HNRNPM,2.376e+6,2.375,0.032,1.493,0.001
542,2,"  1.624","  0.201",6/14,/core/www/modules//sdig/index.php?run_id=110202&search_id=114132&scans_id=110198&peptide_id=512&scanf=542&charge=2&value=6/14,sp|P09382|LEG1_HUMAN,/core/www/modules//consensus/?run_id=110202&search_id=114132&scans_id=110198&peptide_id=512&scanf=542&charge=2&value=sp|P09382|LEG1_HUMAN,1,/core/www/modules/match_peptides/blast_html4.php?run_id=110202&search_id=114132&scans_id=110198&peptide_id=512&scanf=542&charge=2&value=1,R.GEVAPDAK.S,/core/www/modules/show_out/show_out_wrapper.php?run_id=110202&search_id=114132&scans_id=110198&peptide_id=512&scanf=542&charge=2&value=R.GEVAPDAK.S,LGALS1,3.002e+5,1.986,0.111,0.953,0.005
556,2,"  2.062","  0.440",9/16,/core/www/modules//sdig/index.php?run_id=110202&search_id=114132&scans_id=110198&peptide_id=525&scanf=556&charge=2&value=9/16,sp|P10412|H14_HUMAN,/core/www/modules//consensus/?run_id=110202&search_id=114132&scans_id=110198&peptide_id=525&scanf=556&charge=2&value=sp|P10412|H14_HUMAN,5,/core/www/modules/match_peptides/blast_html4.php?run_id=110202&search_id=114132&scans_id=110198&peptide_id=525&scanf=556&charge=2&value=5,K.GTGASGSFK.L,/core/www/modules/show_out/show_out_wrapper.php?run_id=110202&search_id=114132&scans_id=110198&peptide_id=525&scanf=556&charge=2&value=K.GTGASGSFK.L,H1-4,7.514e+5,3.007,0.004,2.419,0.000
597,2,"  1.165","  0.225",8/20,/core/www/modules//sdig/index.php?run_id=110202&search_id=114132&scans_id=110198&peptide_id=563&scanf=597&charge=2&value=8/20,sp|P14866|HNRPL_HUMAN,/core/www/modules//consensus/?run_id=110202&search_id=114132&scans_id=110198&peptide_id=563&scanf=597&charge=2&value=sp|P14866|HNRPL_HUMAN,5,/core/www/modules/match_peptides/blast_html4.php?run_id=110202&search_id=114132&scans_id=110198&peptide_id=563&scanf=597&charge=2&value=5,K.ISRPGDSDDSR.S,/core/www/modules/show_out/show_out_wrapper.php?run_id=110202&search_id=114132&scans_id=110198&peptide_id=563&scanf=597&charge=2&value=K.ISRPGDSDDSR.S,HNRNPL,3.869e+6,2.089,0.081,1.092,0.003
671,2,"  1.043","  0.324",6/18,/core/www/modules//sdig/index.php?run_id=110202&search_id=114132&scans_id=110198&peptide_id=631&scanf=671&charge=2&value=6/18,sp|Q08211|DHX9_HUMAN,/core/www/modules//consensus/?run_id=110202&search_id=114132&scans_id=110198&peptide_id=631&scanf=671&charge=2&value=sp|Q08211|DHX9_HUMAN,0,/core/www/modules/match_peptides/blast_html4.php?run_id=110202&search_id=114132&scans_id=110198&peptide_id=631&scanf=671&charge=2&value=0,K.YTQVGPDHNR.S,/core/www/modules/show_out/show_out_wrapper.php?run_id=110202&search_id=114132&scans_id=110198&peptide_id=631&scanf=671&charge=2&value=K.YTQVGPDHNR.S,DHX9,1.170e+6,2.483,0.022,1.650,0.001
676,2,"  1.614","  0.199",7/12,/core/www/modules//sdig/index.php?run_id=110202&search_id=114132&scans_id=110198&peptide_id=635&scanf=676&charge=2&value=7/12,sp|Q13243|SRSF5_HUMAN,/core/www/modules//consensus/?run_id=110202&search_id=114132&scans_id=110198&peptide_id=635&scanf=676&charge=2&value=sp|Q13243|SRSF5_HUMAN,3,/core/www/modules/match_peptides/blast_html4.php?run_id=110202&search_id=114132&scans_id=110198&peptide_id=635&scanf=676&charge=2&value=3,R.VTIEHAR.A,/core/www/modules/show_out/show_out_wrapper.php?run_id=110202&search_id=114132&scans_id=110198&peptide_id=635&scanf=676&charge=2&value=R.VTIEHAR.A,SRSF5,5.601e+6,1.947,0.125,0.903,0.006
686,2,"  1.121","  0.212",5/16,/core/www/modules//sdig/index.php?run_id=110202&search_id=114132&scans_id=110198&peptide_id=644&scanf=686&charge=2&value=5/16,sp|Q01082|SPTB2_HUMAN,/core/www/modules//consensus/?run_id=110202&search_id=114132&scans_id=110198&peptide_id=644&scanf=686&charge=2&value=sp|Q01082|SPTB2_HUMAN,1,/core/www/modules/match_peptides/blast_html4.php?run_id=110202&search_id=114132&scans_id=110198&peptide_id=644&scanf=686&charge=2&value=1,R.DTGNIGQER.V,/core/www/modules/show_out/show_out_wrapper.php?run_id=110202&search_id=114132&scans_id=110198&peptide_id=644&scanf=686&charge=2&value=R.DTGNIGQER.V,SPTBN1,1.363e+5,1.948,0.125,0.904,0.006
687,2,"  1.363","  0.313",8/18,/core/www/modules//sdig/index.php?run_id=110202&search_id=114132&scans_id=110198&peptide_id=645&scanf=687&charge=2&value=8/18,sp|P62753|RS6_HUMAN,/core/www/modules//consensus/?run_id=110202&search_id=114132&scans_id=110198&peptide_id=645&scanf=687&charge=2&value=sp|P62753|RS6_HUMAN,1,/core/www/modules/match_peptides/blast_html4.php?run_id=110202&search_id=114132&scans_id=110198&peptide_id=645&scanf=687&charge=2&value=1,K.NKEEAAEYAK.L,/core/www/modules/show_out/show_out_wrapper.php?run_id=110202&search_id=114132&scans_id=110198&peptide_id=645&scanf=687&charge=2&value=K.NKEEAAEYAK.L,RPS6,1.822e+5,2.059,0.089,1.051,0.004
755,2,"  1.311","  0.363",6/16,/core/www/modules//sdig/index.php?run_id=110202&search_id=114132&scans_id=110198&peptide_id=705&scanf=755&charge=2&value=6/16,sp|Q92973|TNPO1_HUMAN,/core/www/modules//consensus/?run_id=110202&search_id=114132&scans_id=110198&peptide_id=705&scanf=755&charge=2&value=sp|Q92973|TNPO1_HUMAN,2,/core/www/modules/match_peptides/blast_html4.php?run_id=110202&search_id=114132&scans_id=110198&peptide_id=705&scanf=755&charge=2&value=2,K.NQVGDENWR.R,/core/www/modules/show_out/show_out_wrapper.php?run_id=110202&search_id=114132&scans_id=110198&peptide_id=705&scanf=755&charge=2&value=K.NQVGDENWR.R,TNPO1,5.911e+6,2.287,0.043,1.367,0.001
780,2,"  1.133","  0.211",5/14,/core/www/modules//sdig/index.php?run_id=110202&search_id=114132&scans_id=110198&peptide_id=729&scanf=780&charge=2&value=5/14,sp|P39023|RL3_HUMAN,/core/www/modules//consensus/?run_id=110202&search_id=114132&scans_id=110198&peptide_id=729&scanf=780&charge=2&value=sp|P39023|RL3_HUMAN,3,/core/www/modules/match_peptides/blast_html4.php?run_id=110202&search_id=114132&scans_id=110198&peptide_id=729&scanf=780&charge=2&value=3,K.AGM*THIVR.E,/core/www/modules/show_out/show_out_wrapper.php?run_id=110202&search_id=114132&scans_id=110198&peptide_id=729&scanf=780&charge=2&value=K.AGM*THIVR.E,RPL3,1.179e+5,1.958,0.121,0.918,0.006
785,2,"  2.125","  0.214",9/14,/core/www/modules//sdig/index.php?run_id=110202&search_id=114132&scans_id=110198&peptide_id=733&scanf=785&charge=2&value=9/14,sp|P08670|VIME_HUMAN,/core/www/modules//consensus/?run_id=110202&search_id=114132&scans_id=110198&peptide_id=733&scanf=785&charge=2&value=sp|P08670|VIME_HUMAN,6,/core/www/modules/match_peptides/blast_html4.php?run_id=110202&search_id=114132&scans_id=110198&peptide_id=733&scanf=785&charge=2&value=6,K.GTNESLER.Q,/core/www/modules/show_out/show_out_wrapper.php?run_id=110202&search_id=114132&scans_id=110198&peptide_id=733&scanf=785&charge=2&value=K.GTNESLER.Q,VIM,9.848e+6,2.901,0.005,2.262,0.000
787,2,"  2.768","  0.388",9/14,/core/www/modules//sdig/index.php?run_id=110202&search_id=114132&scans_id=110198&peptide_id=735&scanf=787&charge=2&value=9/14,sp|P19338|NUCL_HUMAN,/core/www/modules//consensus/?run_id=110202&search_id=114132&scans_id=110198&peptide_id=735&scanf=787&charge=2&value=sp|P19338|NUCL_HUMAN,8,/core/www/modules/match_peptides/blast_html4.php?run_id=110202&search_id=114132&scans_id=110198&peptide_id=735&scanf=787&charge=2&value=8,K.QGTEIDGR.S,/core/www/modules/show_out/show_out_wrapper.php?run_id=110202&search_id=114132&scans_id=110198&peptide_id=735&scanf=787&charge=2&value=K.QGTEIDGR.S,NCL,4.140e+6,3.232,0.002,2.752,0.000
788,3,"  1.994","  0.207",12/40,/core/www/modules//sdig/index.php?run_id=110202&search_id=114132&scans_id=110198&peptide_id=736&scanf=788&charge=3&value=12/40,sp|P14866|HNRPL_HUMAN,/core/www/modules//consensus/?run_id=110202&search_id=114132&scans_id=110198&peptide_id=736&scanf=788&charge=3&value=sp|P14866|HNRPL_HUMAN,5,/core/www/modules/match_peptides/blast_html4.php?run_id=110202&search_id=114132&scans_id=110198&peptide_id=736&scanf=788&charge=3&value=5,K.ISRPGDSDDSR.S,/core/www/modules/show_out/show_out_wrapper.php?run_id=110202&search_id=114132&scans_id=110198&peptide_id=736&scanf=788&charge=3&value=K.ISRPGDSDDSR.S,HNRNPL,7.032e+6,2.400,0.030,1.530,0.001
804,2,"  1.925","  0.625",9/14,/core/www/modules//sdig/index.php?run_id=110202&search_id=114132&scans_id=110198&peptide_id=751&scanf=804&charge=2&value=9/14,sp|P38159|RBMX_HUMAN,/core/www/modules//consensus/?run_id=110202&search_id=114132&scans_id=110198&peptide_id=751&scanf=804&charge=2&value=sp|P38159|RBMX_HUMAN,2,/core/www/modules/match_peptides/blast_html4.php?run_id=110202&search_id=114132&scans_id=110198&peptide_id=751&scanf=804&charge=2&value=2,R.YDDYSSSR.D,/core/www/modules/show_out/show_out_wrapper.php?run_id=110202&search_id=114132&scans_id=110198&peptide_id=751&scanf=804&charge=2&value=R.YDDYSSSR.D,RBMX,3.051e+6,3.978,0.000,3.857,0.000
806,2,"  1.648","  0.145",8/12,/core/www/modules//sdig/index.php?run_id=110202&search_id=114132&scans_id=110198&peptide_id=753&scanf=806&charge=2&value=8/12,sp|P62277|RS13_HUMAN,/core/www/modules//consensus/?run_id=110202&search_id=114132&scans_id=110198&peptide_id=753&scanf=806&charge=2&value=sp|P62277|RS13_HUMAN,2,/core/www/modules/match_peptides/blast_html4.php?run_id=110202&search_id=114132&scans_id=110198&peptide_id=753&scanf=806&charge=2&value=2,K.LTSDDVK.E,/core/www/modules/show_out/show_out_wrapper.php?run_id=110202&search_id=114132&scans_id=110198&peptide_id=753&scanf=806&charge=2&value=K.LTSDDVK.E,RPS13,2.565e+6,2.293,0.042,1.377,0.001
807,2,"  2.584","  0.471",12/16,/core/www/modules//sdig/index.php?run_id=110202&search_id=114132&scans_id=110198&peptide_id=754&scanf=807&charge=2&value=12/16,sp|P18621|RL17_HUMAN,/core/www/modules//consensus/?run_id=110202&search_id=114132&scans_id=110198&peptide_id=754&scanf=807&charge=2&value=sp|P18621|RL17_HUMAN,9,/core/www/modules/match_peptides/blast_html4.php?run_id=110202&search_id=114132&scans_id=110198&peptide_id=754&scanf=807&charge=2&value=9,K.NAESNAELK.G,/core/www/modules/show_out/show_out_wrapper.php?run_id=110202&search_id=114132&scans_id=110198&peptide_id=754&scanf=807&charge=2&value=K.NAESNAELK.G,RPL17,9.164e+6,3.449,0.001,3.072,0.000
808,2,"  1.755","  0.100",8/12,/core/www/modules//sdig/index.php?run_id=110202&search_id=114132&scans_id=110198&peptide_id=755&scanf=808&charge=2&value=8/12,sp|P62854|RS26_HUMAN,/core/www/modules//consensus/?run_id=110202&search_id=114132&scans_id=110198&peptide_id=755&scanf=808&charge=2&value=sp|P62854|RS26_HUMAN,1,/core/www/modules/match_peptides/blast_html4.php?run_id=110202&search_id=114132&scans_id=110198&peptide_id=755&scanf=808&charge=2&value=1,R.GHVQPIR.C,/core/www/modules/show_out/show_out_wrapper.php?run_id=110202&search_id=114132&scans_id=110198&peptide_id=755&scanf=808&charge=2&value=R.GHVQPIR.C,RPS26,1.914e+6,2.106,0.077,1.115,0.003
809,3,"  2.013","  0.317",14/36,/core/www/modules//sdig/index.php?run_id=110202&search_id=114132&scans_id=110198&peptide_id=756&scanf=809&charge=3&value=14/36,sp|O60264|SMCA5_HUMAN,/core/www/modules//consensus/?run_id=110202&search_id=114132&scans_id=110198&peptide_id=756&scanf=809&charge=3&value=sp|O60264|SMCA5_HUMAN,3,/core/www/modules/match_peptides/blast_html4.php?run_id=110202&search_id=114132&scans_id=110198&peptide_id=756&scanf=809&charge=3&value=3,R.HGATHVFASK.E,/core/www/modules/show_out/show_out_wrapper.php?run_id=110202&search_id=114132&scans_id=110198&peptide_id=756&scanf=809&charge=3&value=R.HGATHVFASK.E,SMARCA5,1.756e+6,2.949,0.005,2.332,0.000
810,2,"  1.926","  0.441",10/18,/core/www/modules//sdig/index.php?run_id=110202&search_id=114132&scans_id=110198&peptide_id=757&scanf=810&charge=2&value=10/18,sp|O95758|PTBP3_HUMAN,/core/www/modules//consensus/?run_id=110202&search_id=114132&scans_id=110198&peptide_id=757&scanf=810&charge=2&value=sp|O95758|PTBP3_HUMAN,6,/core/www/modules/match_peptides/blast_html4.php?run_id=110202&search_id=114132&scans_id=110198&peptide_id=757&scanf=810&charge=2&value=6,R.EGQEDQGLTK.D,/core/www/modules/show_out/show_out_wrapper.php?run_id=110202&search_id=114132&scans_id=110198&peptide_id=757&scanf=810&charge=2&value=R.EGQEDQGLTK.D,PTBP3,1.025e+7,2.997,0.004,2.404,0.000
812,2,"  1.284","  0.110",6/12,/core/www/modules//sdig/index.php?run_id=110202&search_id=114132&scans_id=110198&peptide_id=759&scanf=812&charge=2&value=6/12,sp|Q13838|DX39B_HUMAN,/core/www/modules//consensus/?run_id=110202&search_id=114132&scans_id=110198&peptide_id=759&scanf=812&charge=2&value=sp|Q13838|DX39B_HUMAN,4,/core/www/modules/match_peptides/blast_html4.php?run_id=110202&search_id=114132&scans_id=110198&peptide_id=759&scanf=812&charge=2&value=4,R.GMPQEER.L,/core/www/modules/show_out/show_out_wrapper.php?run_id=110202&search_id=114132&scans_id=110198&peptide_id=759&scanf=812&charge=2&value=R.GMPQEER.L,DDX39B,2.948e+6,1.884,0.150,0.823,0.008
814,2,"  1.623","  0.273",8/14,/core/www/modules//sdig/index.php?run_id=110202&search_id=114132&scans_id=110198&peptide_id=761&scanf=814&charge=2&value=8/14,sp|P08670|VIME_HUMAN,/core/www/modules//consensus/?run_id=110202&search_id=114132&scans_id=110198&peptide_id=761&scanf=814&charge=2&value=sp|P08670|VIME_HUMAN,3,/core/www/modules/match_peptides/blast_html4.php?run_id=110202&search_id=114132&scans_id=110198&peptide_id=761&scanf=814&charge=2&value=3,R.SVSSSSYR.R,/core/www/modules/show_out/show_out_wrapper.php?run_id=110202&search_id=114132&scans_id=110198&peptide_id=761&scanf=814&charge=2&value=R.SVSSSSYR.R,VIM,2.666e+6,2.965,0.004,2.356,0.000
815,2,"  2.245","  0.457",11/16,/core/www/modules//sdig/index.php?run_id=110202&search_id=114132&scans_id=110198&peptide_id=762&scanf=815&charge=2&value=11/16,sp|P19338|NUCL_HUMAN,/core/www/modules//consensus/?run_id=110202&search_id=114132&scans_id=110198&peptide_id=762&scanf=815&charge=2&value=sp|P19338|NUCL_HUMAN,7,/core/www/modules/match_peptides/blast_html4.php?run_id=110202&search_id=114132&scans_id=110198&peptide_id=762&scanf=815&charge=2&value=7,K.NSTWSGESK.T,/core/www/modules/show_out/show_out_wrapper.php?run_id=110202&search_id=114132&scans_id=110198&peptide_id=762&scanf=815&charge=2&value=K.NSTWSGESK.T,NCL,1.506e+6,3.506,0.001,3.156,0.000
816,2,"  1.476","  0.068",7/12,/core/www/modules//sdig/index.php?run_id=110202&search_id=114132&scans_id=110198&peptide_id=763&scanf=816&charge=2&value=7/12,sp|Q16629|SRSF7_HUMAN,/core/www/modules//consensus/?run_id=110202&search_id=114132&scans_id=110198&peptide_id=763&scanf=816&charge=2&value=sp|Q16629|SRSF7_HUMAN,2,/core/www/modules/match_peptides/blast_html4.php?run_id=110202&search_id=114132&scans_id=110198&peptide_id=763&scanf=816&charge=2&value=2,R.DAEDAVR.G,/core/www/modules/show_out/show_out_wrapper.php?run_id=110202&search_id=114132&scans_id=110198&peptide_id=763&scanf=816&charge=2&value=R.DAEDAVR.G,SRSF7,1.219e+6,1.878,0.153,0.815,0.008
824,2,"  1.686","  0.102",8/12,/core/www/modules//sdig/index.php?run_id=110202&search_id=114132&scans_id=110198&peptide_id=770&scanf=824&charge=2&value=8/12,sp|P07900|HS90A_HUMAN,/core/www/modules//consensus/?run_id=110202&search_id=114132&scans_id=110198&peptide_id=770&scanf=824&charge=2&value=sp|P07900|HS90A_HUMAN,2,/core/www/modules/match_peptides/blast_html4.php?run_id=110202&search_id=114132&scans_id=110198&peptide_id=770&scanf=824&charge=2&value=2,R.EMLQQSK.I,/core/www/modules/show_out/show_out_wrapper.php?run_id=110202&search_id=114132&scans_id=110198&peptide_id=770&scanf=824&charge=2&value=R.EMLQQSK.I,HSP90AA1,4.978e+6,2.306,0.040,1.396,0.001
825,2,"  2.274","  0.365",12/14,/core/www/modules//sdig/index.php?run_id=110202&search_id=114132&scans_id=110198&peptide_id=771&scanf=825&charge=2&value=12/14,sp|P30050|RL12_HUMAN,/core/www/modules//consensus/?run_id=110202&search_id=114132&scans_id=110198&peptide_id=771&scanf=825&charge=2&value=sp|P30050|RL12_HUMAN,0,/core/www/modules/match_peptides/blast_html4.php?run_id=110202&search_id=114132&scans_id=110198&peptide_id=771&scanf=825&charge=2&value=0,K.KVGDDIAK.A,/core/www/modules/show_out/show_out_wrapper.php?run_id=110202&search_id=114132&scans_id=110198&peptide_id=771&scanf=825&charge=2&value=K.KVGDDIAK.A,RPL12,6.188e+6,2.961,0.004,2.350,0.000
826,2,"  1.679","  0.208",8/12,/core/www/modules//sdig/index.php?run_id=110202&search_id=114132&scans_id=110198&peptide_id=772&scanf=826&charge=2&value=8/12,sp|O00148|DX39A_HUMAN,/core/www/modules//consensus/?run_id=110202&search_id=114132&scans_id=110198&peptide_id=772&scanf=826&charge=2&value=sp|O00148|DX39A_HUMAN,22,/core/www/modules/match_peptides/blast_html4.php?run_id=110202&search_id=114132&scans_id=110198&peptide_id=772&scanf=826&charge=2&value=22,K.KDEEVLK.K,/core/www/modules/show_out/show_out_wrapper.php?run_id=110202&search_id=114132&scans_id=110198&peptide_id=772&scanf=826&charge=2&value=K.KDEEVLK.K,DDX39A,1.756e+6,2.238,0.050,1.299,0.002
827,3,"  1.558","  0.262",12/32,/core/www/modules//sdig/index.php?run_id=110202&search_id=114132&scans_id=110198&peptide_id=773&scanf=827&charge=3&value=12/32,sp|O00422|SAP18_HUMAN,/core/www/modules//consensus/?run_id=110202&search_id=114132&scans_id=110198&peptide_id=773&scanf=827&charge=3&value=sp|O00422|SAP18_HUMAN,1,/core/www/modules/match_peptides/blast_html4.php?run_id=110202&search_id=114132&scans_id=110198&peptide_id=773&scanf=827&charge=3&value=1,K.KEPEKPIDR.E,/core/www/modules/show_out/show_out_wrapper.php?run_id=110202&search_id=114132&scans_id=110198&peptide_id=773&scanf=827&charge=3&value=K.KEPEKPIDR.E,SAP18,9.659e+5,2.340,0.036,1.444,0.001
830,2,"  2.034","  0.307",9/16,/core/www/modules//sdig/index.php?run_id=110202&search_id=114132&scans_id=110198&peptide_id=776&scanf=830&charge=2&value=9/16,sp|P07900|HS90A_HUMAN,/core/www/modules//consensus/?run_id=110202&search_id=114132&scans_id=110198&peptide_id=776&scanf=830&charge=2&value=sp|P07900|HS90A_HUMAN,0,/core/www/modules/match_peptides/blast_html4.php?run_id=110202&search_id=114132&scans_id=110198&peptide_id=776&scanf=830&charge=2&value=0,R.TDTGEPM*GR.G,/core/www/modules/show_out/show_out_wrapper.php?run_id=110202&search_id=114132&scans_id=110198&peptide_id=776&scanf=830&charge=2&value=R.TDTGEPM*GR.G,HSP90AA1,2.430e+6,2.812,0.007,2.131,0.000
832,2,"  1.337","  0.288",8/16,/core/www/modules//sdig/index.php?run_id=110202&search_id=114132&scans_id=110198&peptide_id=778&scanf=832&charge=2&value=8/16,sp|P62888|RL30_HUMAN,/core/www/modules//consensus/?run_id=110202&search_id=114132&scans_id=110198&peptide_id=778&scanf=832&charge=2&value=sp|P62888|RL30_HUMAN,2,/core/www/modules/match_peptides/blast_html4.php?run_id=110202&search_id=114132&scans_id=110198&peptide_id=778&scanf=832&charge=2&value=2,R.SMPEQTGEK.-,/core/www/modules/show_out/show_out_wrapper.php?run_id=110202&search_id=114132&scans_id=110198&peptide_id=778&scanf=832&charge=2&value=R.SMPEQTGEK.-,RPL30,9.577e+5,2.379,0.032,1.499,0.001
835,3,"  1.640","  0.141",12/36,/core/www/modules//sdig/index.php?run_id=110202&search_id=114132&scans_id=110198&peptide_id=781&scanf=835&charge=3&value=12/36,sp|Q53GS9|SNUT2_HUMAN,/core/www/modules//consensus/?run_id=110202&search_id=114132&scans_id=110198&peptide_id=781&scanf=835&charge=3&value=sp|Q53GS9|SNUT2_HUMAN,1,/core/www/modules/match_peptides/blast_html4.php?run_id=110202&search_id=114132&scans_id=110198&peptide_id=781&scanf=835&charge=3&value=1,R.IHVLHHGTGK.W,/core/www/modules/show_out/show_out_wrapper.php?run_id=110202&search_id=114132&scans_id=110198&peptide_id=781&scanf=835&charge=3&value=R.IHVLHHGTGK.W,USP39,2.121e+6,2.080,0.083,1.080,0.003
838,2,"  1.442","  0.350",7/18,/core/www/modules//sdig/index.php?run_id=110202&search_id=114132&scans_id=110198&peptide_id=784&scanf=838&charge=2&value=7/18,sp|P14866|HNRPL_HUMAN,/core/www/modules//consensus/?run_id=110202&search_id=114132&scans_id=110198&peptide_id=784&scanf=838&charge=2&value=sp|P14866|HNRPL_HUMAN,0,/core/www/modules/match_peptides/blast_html4.php?run_id=110202&search_id=114132&scans_id=110198&peptide_id=784&scanf=838&charge=2&value=0,R.YYGGGSEGGR.A,/core/www/modules/show_out/show_out_wrapper.php?run_id=110202&search_id=114132&scans_id=110198&peptide_id=784&scanf=838&charge=2&value=R.YYGGGSEGGR.A,HNRNPL,7.883e+5,2.507,0.021,1.684,0.000
846,3,"  1.770","  0.374",13/28,/core/www/modules//sdig/index.php?run_id=110202&search_id=114132&scans_id=110198&peptide_id=791&scanf=846&charge=3&value=13/28,sp|Q8IXT5|RB12B_HUMAN,/core/www/modules//consensus/?run_id=110202&search_id=114132&scans_id=110198&peptide_id=791&scanf=846&charge=3&value=sp|Q8IXT5|RB12B_HUMAN,2,/core/www/modules/match_peptides/blast_html4.php?run_id=110202&search_id=114132&scans_id=110198&peptide_id=791&scanf=846&charge=3&value=2,R.RPPQEHFR.R,/core/www/modules/show_out/show_out_wrapper.php?run_id=110202&search_id=114132&scans_id=110198&peptide_id=791&scanf=846&charge=3&value=R.RPPQEHFR.R,RBM12B,1.016e+7,3.240,0.002,2.764,0.000
851,2,"  1.710","  0.541",10/16,/core/www/modules//sdig/index.php?run_id=110202&search_id=114132&scans_id=110198&peptide_id=796&scanf=851&charge=2&value=10/16,sp|P62277|RS13_HUMAN,/core/www/modules//consensus/?run_id=110202&search_id=114132&scans_id=110198&peptide_id=796&scanf=851&charge=2&value=sp|P62277|RS13_HUMAN,2,/core/www/modules/match_peptides/blast_html4.php?run_id=110202&search_id=114132&scans_id=110198&peptide_id=796&scanf=851&charge=2&value=2,R.DSHGVAQVR.F,/core/www/modules/show_out/show_out_wrapper.php?run_id=110202&search_id=114132&scans_id=110198&peptide_id=796&scanf=851&charge=2&value=R.DSHGVAQVR.F,RPS13,4.640e+6,3.481,0.001,3.120,0.000
852,2,"  2.009","  0.212",9/14,/core/www/modules//sdig/index.php?run_id=110202&search_id=114132&scans_id=110198&peptide_id=797&scanf=852&charge=2&value=9/14,sp|O76021|RL1D1_HUMAN,/core/www/modules//consensus/?run_id=110202&search_id=114132&scans_id=110198&peptide_id=797&scanf=852&charge=2&value=sp|O76021|RL1D1_HUMAN,1,/core/www/modules/match_peptides/blast_html4.php?run_id=110202&search_id=114132&scans_id=110198&peptide_id=797&scanf=852&charge=2&value=1,K.SPNPSTPR.G,/core/www/modules/show_out/show_out_wrapper.php?run_id=110202&search_id=114132&scans_id=110198&peptide_id=797&scanf=852&charge=2&value=K.SPNPSTPR.G,RSL1D1,1.028e+6,2.495,0.022,1.666,0.001
854,2,"  2.266","  0.356",9/14,/core/www/modules//sdig/index.php?run_id=110202&search_id=114132&scans_id=110198&peptide_id=799&scanf=854&charge=2&value=9/14,sp|Q02878|RL6_HUMAN,/core/www/modules//consensus/?run_id=110202&search_id=114132&scans_id=110198&peptide_id=799&scanf=854&charge=2&value=sp|Q02878|RL6_HUMAN,3,/core/www/modules/match_peptides/blast_html4.php?run_id=110202&search_id=114132&scans_id=110198&peptide_id=799&scanf=854&charge=2&value=3,K.KPFSQHVR.K,/core/www/modules/show_out/show_out_wrapper.php?run_id=110202&search_id=114132&scans_id=110198&peptide_id=799&scanf=854&charge=2&value=K.KPFSQHVR.K,RPL6,6.946e+5,2.953,0.005,2.339,0.000
860,2,"  1.729","  0.266",9/12,/core/www/modules//sdig/index.php?run_id=110202&search_id=114132&scans_id=110198&peptide_id=805&scanf=860&charge=2&value=9/12,sp|P07900|HS90A_HUMAN,/core/www/modules//consensus/?run_id=110202&search_id=114132&scans_id=110198&peptide_id=805&scanf=860&charge=2&value=sp|P07900|HS90A_HUMAN,2,/core/www/modules/match_peptides/blast_html4.php?run_id=110202&search_id=114132&scans_id=110198&peptide_id=805&scanf=860&charge=2&value=2,R.EM*LQQSK.I,/core/www/modules/show_out/show_out_wrapper.php?run_id=110202&search_id=114132&scans_id=110198&peptide_id=805&scanf=860&charge=2&value=R.EM*LQQSK.I,HSP90AA1,6.456e+5,2.978,0.004,2.376,0.000
867,2,"  1.490","  0.424",7/12,/core/www/modules//sdig/index.php?run_id=110202&search_id=114132&scans_id=110198&peptide_id=811&scanf=867&charge=2&value=7/12,sp|Q08170|SRSF4_HUMAN,/core/www/modules//consensus/?run_id=110202&search_id=114132&scans_id=110198&peptide_id=811&scanf=867&charge=2&value=sp|Q08170|SRSF4_HUMAN,6,/core/www/modules/match_peptides/blast_html4.php?run_id=110202&search_id=114132&scans_id=110198&peptide_id=811&scanf=867&charge=2&value=6,R.VIVEHAR.G,/core/www/modules/show_out/show_out_wrapper.php?run_id=110202&search_id=114132&scans_id=110198&peptide_id=811&scanf=867&charge=2&value=R.VIVEHAR.G,SRSF4,3.125e+6,3.071,0.003,2.513,0.000
872,3,"  3.082","  0.550",16/40,/core/www/modules//sdig/index.php?run_id=110202&search_id=114132&scans_id=110198&peptide_id=816&scanf=872&charge=3&value=16/40,sp|P12814|ACTN1_HUMAN,/core/www/modules//consensus/?run_id=110202&search_id=114132&scans_id=110198&peptide_id=816&scanf=872&charge=3&value=sp|P12814|ACTN1_HUMAN,11,/core/www/modules/match_peptides/blast_html4.php?run_id=110202&search_id=114132&scans_id=110198&peptide_id=816&scanf=872&charge=3&value=11,R.RDQALTEEHAR.Q,/core/www/modules/show_out/show_out_wrapper.php?run_id=110202&search_id=114132&scans_id=110198&peptide_id=816&scanf=872&charge=3&value=R.RDQALTEEHAR.Q,ACTN1,6.347e+5,3.430,0.001,3.045,0.000
878,2,"  1.615","  0.340",9/16,/core/www/modules//sdig/index.php?run_id=110202&search_id=114132&scans_id=110198&peptide_id=822&scanf=878&charge=2&value=9/16,sp|P61313|RL15_HUMAN,/core/www/modules//consensus/?run_id=110202&search_id=114132&scans_id=110198&peptide_id=822&scanf=878&charge=2&value=sp|P61313|RL15_HUMAN,1,/core/www/modules/match_peptides/blast_html4.php?run_id=110202&search_id=114132&scans_id=110198&peptide_id=822&scanf=878&charge=2&value=1,K.FHHTIGGSR.R,/core/www/modules/show_out/show_out_wrapper.php?run_id=110202&search_id=114132&scans_id=110198&peptide_id=822&scanf=878&charge=2&value=K.FHHTIGGSR.R,RPL15,3.791e+5,2.479,0.023,1.644,0.001
891,2,"  1.229","  0.230",6/12,/core/www/modules//sdig/index.php?run_id=110202&search_id=114132&scans_id=110198&peptide_id=834&scanf=891&charge=2&value=6/12,sp|P52272|HNRPM_HUMAN,/core/www/modules//consensus/?run_id=110202&search_id=114132&scans_id=110198&peptide_id=834&scanf=891&charge=2&value=sp|P52272|HNRPM_HUMAN,2,/core/www/modules/match_peptides/blast_html4.php?run_id=110202&search_id=114132&scans_id=110198&peptide_id=834&scanf=891&charge=2&value=2,R.MGQTMER.I,/core/www/modules/show_out/show_out_wrapper.php?run_id=110202&search_id=114132&scans_id=110198&peptide_id=834&scanf=891&charge=2&value=R.MGQTMER.I,HNRNPM,7.186e+5,2.508,0.021,1.686,0.000
893,3,"  2.080","  0.438",16/44,/core/www/modules//sdig/index.php?run_id=110202&search_id=114132&scans_id=110198&peptide_id=836&scanf=893&charge=3&value=16/44,sp|Q8TAQ2|SMRC2_HUMAN,/core/www/modules//consensus/?run_id=110202&search_id=114132&scans_id=110198&peptide_id=836&scanf=893&charge=3&value=sp|Q8TAQ2|SMRC2_HUMAN,1,/core/www/modules/match_peptides/blast_html4.php?run_id=110202&search_id=114132&scans_id=110198&peptide_id=836&scanf=893&charge=3&value=1,R.GHREEEQEDLTK.D,/core/www/modules/show_out/show_out_wrapper.php?run_id=110202&search_id=114132&scans_id=110198&peptide_id=836&scanf=893&charge=3&value=R.GHREEEQEDLTK.D,SMARCC2,1.877e+6,2.962,0.004,2.351,0.000
904,2,"  2.099","  0.432",10/16,/core/www/modules//sdig/index.php?run_id=110202&search_id=114132&scans_id=110198&peptide_id=847&scanf=904&charge=2&value=10/16,sp|A6NHL2|TBAL3_HUMAN,/core/www/modules//consensus/?run_id=110202&search_id=114132&scans_id=110198&peptide_id=847&scanf=904&charge=2&value=sp|A6NHL2|TBAL3_HUMAN,22,/core/www/modules/match_peptides/blast_html4.php?run_id=110202&search_id=114132&scans_id=110198&peptide_id=847&scanf=904&charge=2&value=22,K.EDAANNYAR.G,/core/www/modules/show_out/show_out_wrapper.php?run_id=110202&search_id=114132&scans_id=110198&peptide_id=847&scanf=904&charge=2&value=K.EDAANNYAR.G,TUBAL3,6.132e+5,3.087,0.003,2.537,0.000
913,2,"  1.925","  0.326",10/14,/core/www/modules//sdig/index.php?run_id=110202&search_id=114132&scans_id=110198&peptide_id=855&scanf=913&charge=2&value=10/14,sp|P62753|RS6_HUMAN,/core/www/modules//consensus/?run_id=110202&search_id=114132&scans_id=110198&peptide_id=855&scanf=913&charge=2&value=sp|P62753|RS6_HUMAN,1,/core/www/modules/match_peptides/blast_html4.php?run_id=110202&search_id=114132&scans_id=110198&peptide_id=855&scanf=913&charge=2&value=1,K.QGVLTHGR.V,/core/www/modules/show_out/show_out_wrapper.php?run_id=110202&search_id=114132&scans_id=110198&peptide_id=855&scanf=913&charge=2&value=K.QGVLTHGR.V,RPS6,4.537e+5,2.799,0.008,2.111,0.000
927,3,"  2.069","  0.426",13/40,/core/www/modules//sdig/index.php?run_id=110202&search_id=114132&scans_id=110198&peptide_id=868&scanf=927&charge=3&value=13/40,sp|Q15717|ELAV1_HUMAN,/core/www/modules//consensus/?run_id=110202&search_id=114132&scans_id=110198&peptide_id=868&scanf=927&charge=3&value=sp|Q15717|ELAV1_HUMAN,0,/core/www/modules/match_peptides/blast_html4.php?run_id=110202&search_id=114132&scans_id=110198&peptide_id=868&scanf=927&charge=3&value=0,R.FGGPVHHQAQR.F,/core/www/modules/show_out/show_out_wrapper.php?run_id=110202&search_id=114132&scans_id=110198&peptide_id=868&scanf=927&charge=3&value=R.FGGPVHHQAQR.F,ELAVL1,3.552e+6,3.052,0.003,2.485,0.000
941,2,"  1.969","  0.523",9/16,/core/www/modules//sdig/index.php?run_id=110202&search_id=114132&scans_id=110198&peptide_id=882&scanf=941&charge=2&value=9/16,sp|Q9Y5B9|SP16H_HUMAN,/core/www/modules//consensus/?run_id=110202&search_id=114132&scans_id=110198&peptide_id=882&scanf=941&charge=2&value=sp|Q9Y5B9|SP16H_HUMAN,0,/core/www/modules/match_peptides/blast_html4.php?run_id=110202&search_id=114132&scans_id=110198&peptide_id=882&scanf=941&charge=2&value=0,R.YEEEEEQSR.S,/core/www/modules/show_out/show_out_wrapper.php?run_id=110202&search_id=114132&scans_id=110198&peptide_id=882&scanf=941&charge=2&value=R.YEEEEEQSR.S,SUPT16H,3.046e+5,3.378,0.001,2.968,0.000
948,2,"  1.946","  0.367",9/14,/core/www/modules//sdig/index.php?run_id=110202&search_id=114132&scans_id=110198&peptide_id=888&scanf=948&charge=2&value=9/14,sp|P51531|SMCA2_HUMAN,/core/www/modules//consensus/?run_id=110202&search_id=114132&scans_id=110198&peptide_id=888&scanf=948&charge=2&value=sp|P51531|SMCA2_HUMAN,20,/core/www/modules/match_peptides/blast_html4.php?run_id=110202&search_id=114132&scans_id=110198&peptide_id=888&scanf=948&charge=2&value=20,R.IGQQNEVR.V,/core/www/modules/show_out/show_out_wrapper.php?run_id=110202&search_id=114132&scans_id=110198&peptide_id=888&scanf=948&charge=2&value=R.IGQQNEVR.V,SMARCA2,1.516e+7,3.188,0.002,2.686,0.000
951,2,"  2.309","  0.396",11/18,/core/www/modules//sdig/index.php?run_id=110202&search_id=114132&scans_id=110198&peptide_id=891&scanf=951&charge=2&value=11/18,sp|P22626|ROA2_HUMAN,/core/www/modules//consensus/?run_id=110202&search_id=114132&scans_id=110198&peptide_id=891&scanf=951&charge=2&value=sp|P22626|ROA2_HUMAN,7,/core/www/modules/match_peptides/blast_html4.php?run_id=110202&search_id=114132&scans_id=110198&peptide_id=891&scanf=951&charge=2&value=7,R.QEM*QEVQSSR.S,/core/www/modules/show_out/show_out_wrapper.php?run_id=110202&search_id=114132&scans_id=110198&peptide_id=891&scanf=951&charge=2&value=R.QEM*QEVQSSR.S,HNRNPA2B1,3.799e+6,2.911,0.005,2.276,0.000
955,2,"  2.838","  0.620",16/28,/core/www/modules//sdig/index.php?run_id=110202&search_id=114132&scans_id=110198&peptide_id=895&scanf=955&charge=2&value=16/28,sp|Q13151|ROA0_HUMAN,/core/www/modules//consensus/?run_id=110202&search_id=114132&scans_id=110198&peptide_id=895&scanf=955&charge=2&value=sp|Q13151|ROA0_HUMAN,0,/core/www/modules/match_peptides/blast_html4.php?run_id=110202&search_id=114132&scans_id=110198&peptide_id=895&scanf=955&charge=2&value=0,K.SGGGGGGGGSSWGGR.S,/core/www/modules/show_out/show_out_wrapper.php?run_id=110202&search_id=114132&scans_id=110198&peptide_id=895&scanf=955&charge=2&value=K.SGGGGGGGGSSWGGR.S,HNRNPA0,7.314e+5,3.481,0.001,3.121,0.000
957,2,"  1.454","  0.347",9/18,/core/www/modules//sdig/index.php?run_id=110202&search_id=114132&scans_id=110198&peptide_id=897&scanf=957&charge=2&value=9/18,sp|P61247|RS3A_HUMAN,/core/www/modules//consensus/?run_id=110202&search_id=114132&scans_id=110198&peptide_id=897&scanf=957&charge=2&value=sp|P61247|RS3A_HUMAN,8,/core/www/modules/match_peptides/blast_html4.php?run_id=110202&search_id=114132&scans_id=110198&peptide_id=897&scanf=957&charge=2&value=8,K.TSYAQHQQVR.Q,/core/www/modules/show_out/show_out_wrapper.php?run_id=110202&search_id=114132&scans_id=110198&peptide_id=897&scanf=957&charge=2&value=K.TSYAQHQQVR.Q,RPS3A,2.335e+5,2.408,0.029,1.541,0.001
974,2,"  1.662","  0.343",10/18,/core/www/modules//sdig/index.php?run_id=110202&search_id=114132&scans_id=110198&peptide_id=913&scanf=974&charge=2&value=10/18,sp|Q9BQG0|MBB1A_HUMAN,/core/www/modules//consensus/?run_id=110202&search_id=114132&scans_id=110198&peptide_id=913&scanf=974&charge=2&value=sp|Q9BQG0|MBB1A_HUMAN,1,/core/www/modules/match_peptides/blast_html4.php?run_id=110202&search_id=114132&scans_id=110198&peptide_id=913&scanf=974&charge=2&value=1,K.ELEAHSAEAR.A,/core/www/modules/show_out/show_out_wrapper.php?run_id=110202&search_id=114132&scans_id=110198&peptide_id=913&scanf=974&charge=2&value=K.ELEAHSAEAR.A,MYBBP1A,2.577e+5,2.810,0.007,2.127,0.000
990,2,"  1.734","  0.211",7/12,/core/www/modules//sdig/index.php?run_id=110202&search_id=114132&scans_id=110198&peptide_id=928&scanf=990&charge=2&value=7/12,sp|P84103|SRSF3_HUMAN,/core/www/modules//consensus/?run_id=110202&search_id=114132&scans_id=110198&peptide_id=928&scanf=990&charge=2&value=sp|P84103|SRSF3_HUMAN,1,/core/www/modules/match_peptides/blast_html4.php?run_id=110202&search_id=114132&scans_id=110198&peptide_id=928&scanf=990&charge=2&value=1,R.DAADAVR.E,/core/www/modules/show_out/show_out_wrapper.php?run_id=110202&search_id=114132&scans_id=110198&peptide_id=928&scanf=990&charge=2&value=R.DAADAVR.E,SRSF3,3.876e+6,2.287,0.043,1.367,0.001
992,2,"  1.257","  0.152",8/14,/core/www/modules//sdig/index.php?run_id=110202&search_id=114132&scans_id=110198&peptide_id=930&scanf=992&charge=2&value=8/14,sp|Q92878|RAD50_HUMAN,/core/www/modules//consensus/?run_id=110202&search_id=114132&scans_id=110198&peptide_id=930&scanf=992&charge=2&value=sp|Q92878|RAD50_HUMAN,6,/core/www/modules/match_peptides/blast_html4.php?run_id=110202&search_id=114132&scans_id=110198&peptide_id=930&scanf=992&charge=2&value=6,K.VAQETDVR.A,/core/www/modules/show_out/show_out_wrapper.php?run_id=110202&search_id=114132&scans_id=110198&peptide_id=930&scanf=992&charge=2&value=K.VAQETDVR.A,RAD50,1.120e+6,2.136,0.070,1.157,0.002
1037,2,"  1.426","  0.224",7/14,/core/www/modules//sdig/index.php?run_id=110202&search_id=114132&scans_id=110198&peptide_id=1324&scanf=1037&charge=2&value=7/14,sp|Q9NWH9|SLTM_HUMAN,/core/www/modules//consensus/?run_id=110202&search_id=114132&scans_id=110198&peptide_id=1324&scanf=1037&charge=2&value=sp|Q9NWH9|SLTM_HUMAN,2,/core/www/modules/match_peptides/blast_html4.php?run_id=110202&search_id=114132&scans_id=110198&peptide_id=1324&scanf=1037&charge=2&value=2,R.FVGQSEGK.K,/core/www/modules/show_out/show_out_wrapper.php?run_id=110202&search_id=114132&scans_id=110198&peptide_id=1324&scanf=1037&charge=2&value=R.FVGQSEGK.K,SLTM,3.051e+5,1.915,0.137,0.862,0.007
1038,2,"  1.441","  0.601",9/24,/core/www/modules//sdig/index.php?run_id=110202&search_id=114132&scans_id=110198&peptide_id=1334&scanf=1038&charge=2&value=9/24,sp|P53621|COPA_HUMAN,/core/www/modules//consensus/?run_id=110202&search_id=114132&scans_id=110198&peptide_id=1334&scanf=1038&charge=2&value=sp|P53621|COPA_HUMAN,6,/core/www/modules/match_peptides/blast_html4.php?run_id=110202&search_id=114132&scans_id=110198&peptide_id=1334&scanf=1038&charge=2&value=6,K.DADSQNPDAPEGK.R,/core/www/modules/show_out/show_out_wrapper.php?run_id=110202&search_id=114132&scans_id=110198&peptide_id=1334&scanf=1038&charge=2&value=K.DADSQNPDAPEGK.R,COPA,1.294e+5,3.184,0.002,2.680,0.000
1082,2,"  1.551","  0.334",7/22,/core/www/modules//sdig/index.php?run_id=110202&search_id=114132&scans_id=110198&peptide_id=1795&scanf=1082&charge=2&value=7/22,sp|O75533|SF3B1_HUMAN,/core/www/modules//consensus/?run_id=110202&search_id=114132&scans_id=110198&peptide_id=1795&scanf=1082&charge=2&value=sp|O75533|SF3B1_HUMAN,0,/core/www/modules/match_peptides/blast_html4.php?run_id=110202&search_id=114132&scans_id=110198&peptide_id=1795&scanf=1082&charge=2&value=0,K.GSETPGATPGSK.I,/core/www/modules/show_out/show_out_wrapper.php?run_id=110202&search_id=114132&scans_id=110198&peptide_id=1795&scanf=1082&charge=2&value=K.GSETPGATPGSK.I,SF3B1,1.013e+5,2.358,0.034,1.469,0.001
1118,2,"  1.666","  0.328",8/24,/core/www/modules//sdig/index.php?run_id=110202&search_id=114132&scans_id=110198&peptide_id=2171&scanf=1118&charge=2&value=8/24,sp|P31942|HNRH3_HUMAN,/core/www/modules//consensus/?run_id=110202&search_id=114132&scans_id=110198&peptide_id=2171&scanf=1118&charge=2&value=sp|P31942|HNRH3_HUMAN,0,/core/www/modules/match_peptides/blast_html4.php?run_id=110202&search_id=114132&scans_id=110198&peptide_id=2171&scanf=1118&charge=2&value=0,K.HNGPNDASDGTVR.L,/core/www/modules/show_out/show_out_wrapper.php?run_id=110202&search_id=114132&scans_id=110198&peptide_id=2171&scanf=1118&charge=2&value=K.HNGPNDASDGTVR.L,HNRNPH3,1.314e+5,2.175,0.062,1.210,0.002
1120,2,"  1.724","  0.195",7/14,/core/www/modules//sdig/index.php?run_id=110202&search_id=114132&scans_id=110198&peptide_id=2192&scanf=1120&charge=2&value=7/14,sp|P61978|HNRPK_HUMAN,/core/www/modules//consensus/?run_id=110202&search_id=114132&scans_id=110198&peptide_id=2192&scanf=1120&charge=2&value=sp|P61978|HNRPK_HUMAN,1,/core/www/modules/match_peptides/blast_html4.php?run_id=110202&search_id=114132&scans_id=110198&peptide_id=2192&scanf=1120&charge=2&value=1,R.ENTQTTIK.L,/core/www/modules/show_out/show_out_wrapper.php?run_id=110202&search_id=114132&scans_id=110198&peptide_id=2192&scanf=1120&charge=2&value=R.ENTQTTIK.L,HNRNPK,6.295e+5,2.300,0.041,1.386,0.001
1129,2,"  1.554","  0.378",9/18,/core/www/modules//sdig/index.php?run_id=110202&search_id=114132&scans_id=110198&peptide_id=2287&scanf=1129&charge=2&value=9/18,sp|P22626|ROA2_HUMAN,/core/www/modules//consensus/?run_id=110202&search_id=114132&scans_id=110198&peptide_id=2287&scanf=1129&charge=2&value=sp|P22626|ROA2_HUMAN,7,/core/www/modules/match_peptides/blast_html4.php?run_id=110202&search_id=114132&scans_id=110198&peptide_id=2287&scanf=1129&charge=2&value=7,R.QEM*QEVQSSR.S,/core/www/modules/show_out/show_out_wrapper.php?run_id=110202&search_id=114132&scans_id=110198&peptide_id=2287&scanf=1129&charge=2&value=R.QEM*QEVQSSR.S,HNRNPA2B1,3.799e+6,2.644,0.013,1.884,0.000
1142,2,"  1.673","  0.292",8/18,/core/www/modules//sdig/index.php?run_id=110202&search_id=114132&scans_id=110198&peptide_id=2423&scanf=1142&charge=2&value=8/18,sp|Q9BXP5|SRRT_HUMAN,/core/www/modules//consensus/?run_id=110202&search_id=114132&scans_id=110198&peptide_id=2423&scanf=1142&charge=2&value=sp|Q9BXP5|SRRT_HUMAN,0,/core/www/modules/match_peptides/blast_html4.php?run_id=110202&search_id=114132&scans_id=110198&peptide_id=2423&scanf=1142&charge=2&value=0,R.AGAGLGDGER.K,/core/www/modules/show_out/show_out_wrapper.php?run_id=110202&search_id=114132&scans_id=110198&peptide_id=2423&scanf=1142&charge=2&value=R.AGAGLGDGER.K,SRRT,53962.3,2.234,0.051,1.293,0.002
1184,3,"  2.207","  0.399",10/36,/core/www/modules//sdig/index.php?run_id=110202&search_id=114132&scans_id=110198&peptide_id=2862&scanf=1184&charge=3&value=10/36,sp|Q08211|DHX9_HUMAN,/core/www/modules//consensus/?run_id=110202&search_id=114132&scans_id=110198&peptide_id=2862&scanf=1184&charge=3&value=sp|Q08211|DHX9_HUMAN,0,/core/www/modules/match_peptides/blast_html4.php?run_id=110202&search_id=114132&scans_id=110198&peptide_id=2862&scanf=1184&charge=3&value=0,K.YTQVGPDHNR.S,/core/www/modules/show_out/show_out_wrapper.php?run_id=110202&search_id=114132&scans_id=110198&peptide_id=2862&scanf=1184&charge=3&value=K.YTQVGPDHNR.S,DHX9,2.300e+7,3.184,0.002,2.680,0.000
1207,2,"  1.732","  0.541",8/22,/core/www/modules//sdig/index.php?run_id=110202&search_id=114132&scans_id=110198&peptide_id=3103&scanf=1207&charge=2&value=8/22,sp|P35251|RFC1_HUMAN,/core/www/modules//consensus/?run_id=110202&search_id=114132&scans_id=110198&peptide_id=3103&scanf=1207&charge=2&value=sp|P35251|RFC1_HUMAN,0,/core/www/modules/match_peptides/blast_html4.php?run_id=110202&search_id=114132&scans_id=110198&peptide_id=3103&scanf=1207&charge=2&value=0,K.EQVAEETSGDSK.A,/core/www/modules/show_out/show_out_wrapper.php?run_id=110202&search_id=114132&scans_id=110198&peptide_id=3103&scanf=1207&charge=2&value=K.EQVAEETSGDSK.A,RFC1,83818.3,2.934,0.005,2.311,0.000
1222,2,"  1.481","  0.175",7/14,/core/www/modules//sdig/index.php?run_id=110202&search_id=114132&scans_id=110198&peptide_id=3259&scanf=1222&charge=2&value=7/14,sp|O43707|ACTN4_HUMAN,/core/www/modules//consensus/?run_id=110202&search_id=114132&scans_id=110198&peptide_id=3259&scanf=1222&charge=2&value=sp|O43707|ACTN4_HUMAN,3,/core/www/modules/match_peptides/blast_html4.php?run_id=110202&search_id=114132&scans_id=110198&peptide_id=3259&scanf=1222&charge=2&value=3,K.TIQEM*QQK.L,/core/www/modules/show_out/show_out_wrapper.php?run_id=110202&search_id=114132&scans_id=110198&peptide_id=3259&scanf=1222&charge=2&value=K.TIQEM*QQK.L,ACTN4,9.710e+5,2.407,0.029,1.540,0.001
1227,2,"  1.482","  0.134",6/14,/core/www/modules//sdig/index.php?run_id=110202&search_id=114132&scans_id=110198&peptide_id=3311&scanf=1227&charge=2&value=6/14,sp|O76021|RL1D1_HUMAN,/core/www/modules//consensus/?run_id=110202&search_id=114132&scans_id=110198&peptide_id=3311&scanf=1227&charge=2&value=sp|O76021|RL1D1_HUMAN,1,/core/www/modules/match_peptides/blast_html4.php?run_id=110202&search_id=114132&scans_id=110198&peptide_id=3311&scanf=1227&charge=2&value=1,K.SPNPSTPR.G,/core/www/modules/show_out/show_out_wrapper.php?run_id=110202&search_id=114132&scans_id=110198&peptide_id=3311&scanf=1227&charge=2&value=K.SPNPSTPR.G,RSL1D1,1.028e+6,1.888,0.149,0.827,0.007
1230,2,"  1.338","  0.566",4/18,/core/www/modules//sdig/index.php?run_id=110202&search_id=114132&scans_id=110198&peptide_id=3343&scanf=1230&charge=2&value=4/18,sp|Q08211|DHX9_HUMAN,/core/www/modules//consensus/?run_id=110202&search_id=114132&scans_id=110198&peptide_id=3343&scanf=1230&charge=2&value=sp|Q08211|DHX9_HUMAN,0,/core/www/modules/match_peptides/blast_html4.php?run_id=110202&search_id=114132&scans_id=110198&peptide_id=3343&scanf=1230&charge=2&value=0,K.YTQVGPDHNR.S,/core/www/modules/show_out/show_out_wrapper.php?run_id=110202&search_id=114132&scans_id=110198&peptide_id=3343&scanf=1230&charge=2&value=K.YTQVGPDHNR.S,DHX9,1.040e+7,3.104,0.003,2.562,0.000
1239,3,"  1.586","  0.284",10/36,/core/www/modules//sdig/index.php?run_id=110202&search_id=114132&scans_id=110198&peptide_id=3437&scanf=1239&charge=3&value=10/36,sp|Q16643|DREB_HUMAN,/core/www/modules//consensus/?run_id=110202&search_id=114132&scans_id=110198&peptide_id=3437&scanf=1239&charge=3&value=sp|Q16643|DREB_HUMAN,1,/core/www/modules/match_peptides/blast_html4.php?run_id=110202&search_id=114132&scans_id=110198&peptide_id=3437&scanf=1239&charge=3&value=1,K.EEELRKEEER.K,/core/www/modules/show_out/show_out_wrapper.php?run_id=110202&search_id=114132&scans_id=110198&peptide_id=3437&scanf=1239&charge=3&value=K.EEELRKEEER.K,DBN1,1.717e+5,2.025,0.099,1.005,0.005
1292,2,"  1.147","  0.244",8/16,/core/www/modules//sdig/index.php?run_id=110202&search_id=114132&scans_id=110198&peptide_id=3989&scanf=1292&charge=2&value=8/16,sp|Q9BXP5|SRRT_HUMAN,/core/www/modules//consensus/?run_id=110202&search_id=114132&scans_id=110198&peptide_id=3989&scanf=1292&charge=2&value=sp|Q9BXP5|SRRT_HUMAN,1,/core/www/modules/match_peptides/blast_html4.php?run_id=110202&search_id=114132&scans_id=110198&peptide_id=3989&scanf=1292&charge=2&value=1,R.KDPEQEVEK.F,/core/www/modules/show_out/show_out_wrapper.php?run_id=110202&search_id=114132&scans_id=110198&peptide_id=3989&scanf=1292&charge=2&value=R.KDPEQEVEK.F,SRRT,1.200e+5,2.029,0.098,1.010,0.005
1299,2,"  1.064","  0.133",6/12,/core/www/modules//sdig/index.php?run_id=110202&search_id=114132&scans_id=110198&peptide_id=4063&scanf=1299&charge=2&value=6/12,sp|Q13263|TIF1B_HUMAN,/core/www/modules//consensus/?run_id=110202&search_id=114132&scans_id=110198&peptide_id=4063&scanf=1299&charge=2&value=sp|Q13263|TIF1B_HUMAN,1,/core/www/modules/match_peptides/blast_html4.php?run_id=110202&search_id=114132&scans_id=110198&peptide_id=4063&scanf=1299&charge=2&value=1,K.SAEAFGK.I,/core/www/modules/show_out/show_out_wrapper.php?run_id=110202&search_id=114132&scans_id=110198&peptide_id=4063&scanf=1299&charge=2&value=K.SAEAFGK.I,TRIM28,2.887e+6,1.888,0.149,0.827,0.007
1313,2,"  1.429","  0.183",6/18,/core/www/modules//sdig/index.php?run_id=110202&search_id=114132&scans_id=110198&peptide_id=4208&scanf=1313&charge=2&value=6/18,sp|P78527|PRKDC_HUMAN,/core/www/modules//consensus/?run_id=110202&search_id=114132&scans_id=110198&peptide_id=4208&scanf=1313&charge=2&value=sp|P78527|PRKDC_HUMAN,0,/core/www/modules/match_peptides/blast_html4.php?run_id=110202&search_id=114132&scans_id=110198&peptide_id=4208&scanf=1313&charge=2&value=0,K.SM*EEDPQTSR.E,/core/www/modules/show_out/show_out_wrapper.php?run_id=110202&search_id=114132&scans_id=110198&peptide_id=4208&scanf=1313&charge=2&value=K.SM*EEDPQTSR.E,PRKDC,1.919e+6,2.311,0.040,1.402,0.001
1323,2,"  1.605","  0.132",6/14,/core/www/modules//sdig/index.php?run_id=110202&search_id=114132&scans_id=110198&peptide_id=4314&scanf=1323&charge=2&value=6/14,sp|Q15149|PLEC_HUMAN,/core/www/modules//consensus/?run_id=110202&search_id=114132&scans_id=110198&peptide_id=4314&scanf=1323&charge=2&value=sp|Q15149|PLEC_HUMAN,4,/core/www/modules/match_peptides/blast_html4.php?run_id=110202&search_id=114132&scans_id=110198&peptide_id=4314&scanf=1323&charge=2&value=4,R.TELATQEK.V,/core/www/modules/show_out/show_out_wrapper.php?run_id=110202&search_id=114132&scans_id=110198&peptide_id=4314&scanf=1323&charge=2&value=R.TELATQEK.V,PLEC,81701.2,2.344,0.036,1.449,0.001
1354,2,"  1.716","  0.096",7/16,/core/www/modules//sdig/index.php?run_id=110202&search_id=114132&scans_id=110198&peptide_id=4637&scanf=1354&charge=2&value=7/16,sp|Q8TAQ2|SMRC2_HUMAN,/core/www/modules//consensus/?run_id=110202&search_id=114132&scans_id=110198&peptide_id=4637&scanf=1354&charge=2&value=sp|Q8TAQ2|SMRC2_HUMAN,1,/core/www/modules/match_peptides/blast_html4.php?run_id=110202&search_id=114132&scans_id=110198&peptide_id=4637&scanf=1354&charge=2&value=1,K.EVVESEGER.K,/core/www/modules/show_out/show_out_wrapper.php?run_id=110202&search_id=114132&scans_id=110198&peptide_id=4637&scanf=1354&charge=2&value=K.EVVESEGER.K,SMARCC2,3.457e+6,1.840,0.171,0.767,0.009
1356,2,"  1.355","  0.084",7/12,/core/www/modules//sdig/index.php?run_id=110202&search_id=114132&scans_id=110198&peptide_id=4658&scanf=1356&charge=2&value=7/12,sp|P07900|HS90A_HUMAN,/core/www/modules//consensus/?run_id=110202&search_id=114132&scans_id=110198&peptide_id=4658&scanf=1356&charge=2&value=sp|P07900|HS90A_HUMAN,2,/core/www/modules/match_peptides/blast_html4.php?run_id=110202&search_id=114132&scans_id=110198&peptide_id=4658&scanf=1356&charge=2&value=2,R.EM*LQQSK.I,/core/www/modules/show_out/show_out_wrapper.php?run_id=110202&search_id=114132&scans_id=110198&peptide_id=4658&scanf=1356&charge=2&value=R.EM*LQQSK.I,HSP90AA1,6.456e+5,2.087,0.081,1.090,0.003
1368,2,"  1.171","  0.000",6/18,/core/www/modules//sdig/index.php?run_id=110202&search_id=114132&scans_id=110198&peptide_id=4783&scanf=1368&charge=2&value=6/18,sp|Q9HCD5|NCOA5_HUMAN,/core/www/modules//consensus/?run_id=110202&search_id=114132&scans_id=110198&peptide_id=4783&scanf=1368&charge=2&value=sp|Q9HCD5|NCOA5_HUMAN,1,/core/www/modules/match_peptides/blast_html4.php?run_id=110202&search_id=114132&scans_id=110198&peptide_id=4783&scanf=1368&charge=2&value=1,R.GPPGPESQSR.A,/core/www/modules/show_out/show_out_wrapper.php?run_id=110202&search_id=114132&scans_id=110198&peptide_id=4783&scanf=1368&charge=2&value=R.GPPGPESQSR.A,NCOA5,1.202e+5,1.996,0.108,0.967,0.005
1402,3,"  2.016","  0.214",11/36,/core/www/modules//sdig/index.php?run_id=110202&search_id=114132&scans_id=110198&peptide_id=5139&scanf=1402&charge=3&value=11/36,sp|O60264|SMCA5_HUMAN,/core/www/modules//consensus/?run_id=110202&search_id=114132&scans_id=110198&peptide_id=5139&scanf=1402&charge=3&value=sp|O60264|SMCA5_HUMAN,0,/core/www/modules/match_peptides/blast_html4.php?run_id=110202&search_id=114132&scans_id=110198&peptide_id=5139&scanf=1402&charge=3&value=0,R.LDGQTPHDER.Q,/core/www/modules/show_out/show_out_wrapper.php?run_id=110202&search_id=114132&scans_id=110198&peptide_id=5139&scanf=1402&charge=3&value=R.LDGQTPHDER.Q,SMARCA5,5.605e+5,2.563,0.017,1.766,0.000
1410,2,"  1.601","  0.286",9/20,/core/www/modules//sdig/index.php?run_id=110202&search_id=114132&scans_id=110198&peptide_id=5222&scanf=1410&charge=2&value=9/20,sp|P14866|HNRPL_HUMAN,/core/www/modules//consensus/?run_id=110202&search_id=114132&scans_id=110198&peptide_id=5222&scanf=1410&charge=2&value=sp|P14866|HNRPL_HUMAN,5,/core/www/modules/match_peptides/blast_html4.php?run_id=110202&search_id=114132&scans_id=110198&peptide_id=5222&scanf=1410&charge=2&value=5,K.ISRPGDSDDSR.S,/core/www/modules/show_out/show_out_wrapper.php?run_id=110202&search_id=114132&scans_id=110198&peptide_id=5222&scanf=1410&charge=2&value=K.ISRPGDSDDSR.S,HNRNPL,3.869e+6,2.390,0.031,1.515,0.001
1439,2,"  1.938","  0.650",10/18,/core/www/modules//sdig/index.php?run_id=110202&search_id=114132&scans_id=110198&peptide_id=5524&scanf=1439&charge=2&value=10/18,sp|Q08211|DHX9_HUMAN,/core/www/modules//consensus/?run_id=110202&search_id=114132&scans_id=110198&peptide_id=5524&scanf=1439&charge=2&value=sp|Q08211|DHX9_HUMAN,0,/core/www/modules/match_peptides/blast_html4.php?run_id=110202&search_id=114132&scans_id=110198&peptide_id=5524&scanf=1439&charge=2&value=0,K.YTQVGPDHNR.S,/core/www/modules/show_out/show_out_wrapper.php?run_id=110202&search_id=114132&scans_id=110198&peptide_id=5524&scanf=1439&charge=2&value=K.YTQVGPDHNR.S,DHX9,1.040e+7,3.913,0.000,3.760,0.000
1457,2,"  2.141","  0.222",10/12,/core/www/modules//sdig/index.php?run_id=110202&search_id=114132&scans_id=110198&peptide_id=5713&scanf=1457&charge=2&value=10/12,sp|O43707|ACTN4_HUMAN,/core/www/modules//consensus/?run_id=110202&search_id=114132&scans_id=110198&peptide_id=5713&scanf=1457&charge=2&value=sp|O43707|ACTN4_HUMAN,14,/core/www/modules/match_peptides/blast_html4.php?run_id=110202&search_id=114132&scans_id=110198&peptide_id=5713&scanf=1457&charge=2&value=14,R.LDHLAEK.F,/core/www/modules/show_out/show_out_wrapper.php?run_id=110202&search_id=114132&scans_id=110198&peptide_id=5713&scanf=1457&charge=2&value=R.LDHLAEK.F,ACTN4,5.601e+6,3.111,0.003,2.573,0.000
1458,2,"  1.302","  0.269",6/16,/core/www/modules//sdig/index.php?run_id=110202&search_id=114132&scans_id=110198&peptide_id=5723&scanf=1458&charge=2&value=6/16,sp|Q01082|SPTB2_HUMAN,/core/www/modules//consensus/?run_id=110202&search_id=114132&scans_id=110198&peptide_id=5723&scanf=1458&charge=2&value=sp|Q01082|SPTB2_HUMAN,1,/core/www/modules/match_peptides/blast_html4.php?run_id=110202&search_id=114132&scans_id=110198&peptide_id=5723&scanf=1458&charge=2&value=1,R.DTGNIGQER.V,/core/www/modules/show_out/show_out_wrapper.php?run_id=110202&search_id=114132&scans_id=110198&peptide_id=5723&scanf=1458&charge=2&value=R.DTGNIGQER.V,SPTBN1,1.395e+5,2.161,0.064,1.191,0.002
1479,2,"  2.030","  0.315",9/18,/core/www/modules//sdig/index.php?run_id=110202&search_id=114132&scans_id=110198&peptide_id=5942&scanf=1479&charge=2&value=9/18,sp|P83881|RL36A_HUMAN,/core/www/modules//consensus/?run_id=110202&search_id=114132&scans_id=110198&peptide_id=5942&scanf=1479&charge=2&value=sp|P83881|RL36A_HUMAN,5,/core/www/modules/match_peptides/blast_html4.php?run_id=110202&search_id=114132&scans_id=110198&peptide_id=5942&scanf=1479&charge=2&value=5,K.GKDSLYAQGK.R,/core/www/modules/show_out/show_out_wrapper.php?run_id=110202&search_id=114132&scans_id=110198&peptide_id=5942&scanf=1479&charge=2&value=K.GKDSLYAQGK.R,RPL36A,1.733e+6,2.103,0.078,1.111,0.003
1480,2,"  1.275","  0.169",5/12,/core/www/modules//sdig/index.php?run_id=110202&search_id=114132&scans_id=110198&peptide_id=5953&scanf=1480&charge=2&value=5/12,sp|Q15424|SAFB1_HUMAN,/core/www/modules//consensus/?run_id=110202&search_id=114132&scans_id=110198&peptide_id=5953&scanf=1480&charge=2&value=sp|Q15424|SAFB1_HUMAN,1,/core/www/modules/match_peptides/blast_html4.php?run_id=110202&search_id=114132&scans_id=110198&peptide_id=5953&scanf=1480&charge=2&value=1,R.YHSDFNR.Q,/core/www/modules/show_out/show_out_wrapper.php?run_id=110202&search_id=114132&scans_id=110198&peptide_id=5953&scanf=1480&charge=2&value=R.YHSDFNR.Q,SAFB,1.992e+6,1.974,0.115,0.939,0.005
1545,2,"  2.627","  0.651",13/18,/core/www/modules//sdig/index.php?run_id=110202&search_id=114132&scans_id=110198&peptide_id=6630&scanf=1545&charge=2&value=13/18,sp|O60264|SMCA5_HUMAN,/core/www/modules//consensus/?run_id=110202&search_id=114132&scans_id=110198&peptide_id=6630&scanf=1545&charge=2&value=sp|O60264|SMCA5_HUMAN,3,/core/www/modules/match_peptides/blast_html4.php?run_id=110202&search_id=114132&scans_id=110198&peptide_id=6630&scanf=1545&charge=2&value=3,R.HGATHVFASK.E,/core/www/modules/show_out/show_out_wrapper.php?run_id=110202&search_id=114132&scans_id=110198&peptide_id=6630&scanf=1545&charge=2&value=R.HGATHVFASK.E,SMARCA5,2.988e+5,4.132,0.000,4.085,0.000
1558,2,"  2.189","  0.281",9/14,/core/www/modules//sdig/index.php?run_id=110202&search_id=114132&scans_id=110198&peptide_id=6766&scanf=1558&charge=2&value=9/14,sp|P08670|VIME_HUMAN,/core/www/modules//consensus/?run_id=110202&search_id=114132&scans_id=110198&peptide_id=6766&scanf=1558&charge=2&value=sp|P08670|VIME_HUMAN,6,/core/www/modules/match_peptides/blast_html4.php?run_id=110202&search_id=114132&scans_id=110198&peptide_id=6766&scanf=1558&charge=2&value=6,K.GTNESLER.Q,/core/www/modules/show_out/show_out_wrapper.php?run_id=110202&search_id=114132&scans_id=110198&peptide_id=6766&scanf=1558&charge=2&value=K.GTNESLER.Q,VIM,9.848e+6,3.128,0.003,2.597,0.000
1560,2,"  2.791","  0.418",9/14,/core/www/modules//sdig/index.php?run_id=110202&search_id=114132&scans_id=110198&peptide_id=6787&scanf=1560&charge=2&value=9/14,sp|P19338|NUCL_HUMAN,/core/www/modules//consensus/?run_id=110202&search_id=114132&scans_id=110198&peptide_id=6787&scanf=1560&charge=2&value=sp|P19338|NUCL_HUMAN,8,/core/www/modules/match_peptides/blast_html4.php?run_id=110202&search_id=114132&scans_id=110198&peptide_id=6787&scanf=1560&charge=2&value=8,K.QGTEIDGR.S,/core/www/modules/show_out/show_out_wrapper.php?run_id=110202&search_id=114132&scans_id=110198&peptide_id=6787&scanf=1560&charge=2&value=K.QGTEIDGR.S,NCL,4.140e+6,3.348,0.001,2.923,0.000
1561,3,"  1.686","  0.274",10/40,/core/www/modules//sdig/index.php?run_id=110202&search_id=114132&scans_id=110198&peptide_id=6797&scanf=1561&charge=3&value=10/40,sp|P14866|HNRPL_HUMAN,/core/www/modules//consensus/?run_id=110202&search_id=114132&scans_id=110198&peptide_id=6797&scanf=1561&charge=3&value=sp|P14866|HNRPL_HUMAN,5,/core/www/modules/match_peptides/blast_html4.php?run_id=110202&search_id=114132&scans_id=110198&peptide_id=6797&scanf=1561&charge=3&value=5,K.ISRPGDSDDSR.S,/core/www/modules/show_out/show_out_wrapper.php?run_id=110202&search_id=114132&scans_id=110198&peptide_id=6797&scanf=1561&charge=3&value=K.ISRPGDSDDSR.S,HNRNPL,7.032e+6,2.533,0.019,1.722,0.000
1576,2,"  2.630","  0.478",12/16,/core/www/modules//sdig/index.php?run_id=110202&search_id=114132&scans_id=110198&peptide_id=6954&scanf=1576&charge=2&value=12/16,sp|P18621|RL17_HUMAN,/core/www/modules//consensus/?run_id=110202&search_id=114132&scans_id=110198&peptide_id=6954&scanf=1576&charge=2&value=sp|P18621|RL17_HUMAN,9,/core/www/modules/match_peptides/blast_html4.php?run_id=110202&search_id=114132&scans_id=110198&peptide_id=6954&scanf=1576&charge=2&value=9,K.NAESNAELK.G,/core/www/modules/show_out/show_out_wrapper.php?run_id=110202&search_id=114132&scans_id=110198&peptide_id=6954&scanf=1576&charge=2&value=K.NAESNAELK.G,RPL17,9.164e+6,3.480,0.001,3.119,0.000
1577,2,"  2.149","  0.644",9/14,/core/www/modules//sdig/index.php?run_id=110202&search_id=114132&scans_id=110198&peptide_id=6965&scanf=1577&charge=2&value=9/14,sp|P38159|RBMX_HUMAN,/core/www/modules//consensus/?run_id=110202&search_id=114132&scans_id=110198&peptide_id=6965&scanf=1577&charge=2&value=sp|P38159|RBMX_HUMAN,2,/core/www/modules/match_peptides/blast_html4.php?run_id=110202&search_id=114132&scans_id=110198&peptide_id=6965&scanf=1577&charge=2&value=2,R.YDDYSSSR.D,/core/www/modules/show_out/show_out_wrapper.php?run_id=110202&search_id=114132&scans_id=110198&peptide_id=6965&scanf=1577&charge=2&value=R.YDDYSSSR.D,RBMX,3.051e+6,4.055,0.000,3.971,0.000
1578,2,"  1.704","  0.154",8/12,/core/www/modules//sdig/index.php?run_id=110202&search_id=114132&scans_id=110198&peptide_id=6975&scanf=1578&charge=2&value=8/12,sp|P62854|RS26_HUMAN,/core/www/modules//consensus/?run_id=110202&search_id=114132&scans_id=110198&peptide_id=6975&scanf=1578&charge=2&value=sp|P62854|RS26_HUMAN,1,/core/www/modules/match_peptides/blast_html4.php?run_id=110202&search_id=114132&scans_id=110198&peptide_id=6975&scanf=1578&charge=2&value=1,R.GHVQPIR.C,/core/www/modules/show_out/show_out_wrapper.php?run_id=110202&search_id=114132&scans_id=110198&peptide_id=6975&scanf=1578&charge=2&value=R.GHVQPIR.C,RPS26,1.914e+6,2.285,0.043,1.365,0.001
1579,2,"  2.484","  0.530",12/18,/core/www/modules//sdig/index.php?run_id=110202&search_id=114132&scans_id=110198&peptide_id=6986&scanf=1579&charge=2&value=12/18,sp|O95758|PTBP3_HUMAN,/core/www/modules//consensus/?run_id=110202&search_id=114132&scans_id=110198&peptide_id=6986&scanf=1579&charge=2&value=sp|O95758|PTBP3_HUMAN,6,/core/www/modules/match_peptides/blast_html4.php?run_id=110202&search_id=114132&scans_id=110198&peptide_id=6986&scanf=1579&charge=2&value=6,R.EGQEDQGLTK.D,/core/www/modules/show_out/show_out_wrapper.php?run_id=110202&search_id=114132&scans_id=110198&peptide_id=6986&scanf=1579&charge=2&value=R.EGQEDQGLTK.D,PTBP3,1.025e+7,3.486,0.001,3.127,0.000
1580,2,"  1.697","  0.110",8/12,/core/www/modules//sdig/index.php?run_id=110202&search_id=114132&scans_id=110198&peptide_id=6996&scanf=1580&charge=2&value=8/12,sp|P62277|RS13_HUMAN,/core/www/modules//consensus/?run_id=110202&search_id=114132&scans_id=110198&peptide_id=6996&scanf=1580&charge=2&value=sp|P62277|RS13_HUMAN,2,/core/www/modules/match_peptides/blast_html4.php?run_id=110202&search_id=114132&scans_id=110198&peptide_id=6996&scanf=1580&charge=2&value=2,K.LTSDDVK.E,/core/www/modules/show_out/show_out_wrapper.php?run_id=110202&search_id=114132&scans_id=110198&peptide_id=6996&scanf=1580&charge=2&value=K.LTSDDVK.E,RPS13,2.565e+6,2.172,0.062,1.206,0.002
1581,3,"  2.754","  0.519",17/36,/core/www/modules//sdig/index.php?run_id=110202&search_id=114132&scans_id=110198&peptide_id=7007&scanf=1581&charge=3&value=17/36,sp|O60264|SMCA5_HUMAN,/core/www/modules//consensus/?run_id=110202&search_id=114132&scans_id=110198&peptide_id=7007&scanf=1581&charge=3&value=sp|O60264|SMCA5_HUMAN,3,/core/www/modules/match_peptides/blast_html4.php?run_id=110202&search_id=114132&scans_id=110198&peptide_id=7007&scanf=1581&charge=3&value=3,R.HGATHVFASK.E,/core/www/modules/show_out/show_out_wrapper.php?run_id=110202&search_id=114132&scans_id=110198&peptide_id=7007&scanf=1581&charge=3&value=R.HGATHVFASK.E,SMARCA5,1.756e+6,3.794,0.000,3.585,0.000
1584,2,"  2.139","  0.376",9/14,/core/www/modules//sdig/index.php?run_id=110202&search_id=114132&scans_id=110198&peptide_id=7038&scanf=1584&charge=2&value=9/14,sp|Q02878|RL6_HUMAN,/core/www/modules//consensus/?run_id=110202&search_id=114132&scans_id=110198&peptide_id=7038&scanf=1584&charge=2&value=sp|Q02878|RL6_HUMAN,3,/core/www/modules/match_peptides/blast_html4.php?run_id=110202&search_id=114132&scans_id=110198&peptide_id=7038&scanf=1584&charge=2&value=3,K.KPFSQHVR.K,/core/www/modules/show_out/show_out_wrapper.php?run_id=110202&search_id=114132&scans_id=110198&peptide_id=7038&scanf=1584&charge=2&value=K.KPFSQHVR.K,RPL6,6.946e+5,3.019,0.004,2.436,0.000
1589,2,"  1.323","  0.137",6/12,/core/www/modules//sdig/index.php?run_id=110202&search_id=114132&scans_id=110198&peptide_id=7090&scanf=1589&charge=2&value=6/12,sp|Q13838|DX39B_HUMAN,/core/www/modules//consensus/?run_id=110202&search_id=114132&scans_id=110198&peptide_id=7090&scanf=1589&charge=2&value=sp|Q13838|DX39B_HUMAN,4,/core/www/modules/match_peptides/blast_html4.php?run_id=110202&search_id=114132&scans_id=110198&peptide_id=7090&scanf=1589&charge=2&value=4,R.GMPQEER.L,/core/www/modules/show_out/show_out_wrapper.php?run_id=110202&search_id=114132&scans_id=110198&peptide_id=7090&scanf=1589&charge=2&value=R.GMPQEER.L,DDX39B,2.948e+6,1.993,0.109,0.963,0.005
1591,2,"  2.207","  0.465",10/16,/core/www/modules//sdig/index.php?run_id=110202&search_id=114132&scans_id=110198&peptide_id=7111&scanf=1591&charge=2&value=10/16,sp|P19338|NUCL_HUMAN,/core/www/modules//consensus/?run_id=110202&search_id=114132&scans_id=110198&peptide_id=7111&scanf=1591&charge=2&value=sp|P19338|NUCL_HUMAN,7,/core/www/modules/match_peptides/blast_html4.php?run_id=110202&search_id=114132&scans_id=110198&peptide_id=7111&scanf=1591&charge=2&value=7,K.NSTWSGESK.T,/core/www/modules/show_out/show_out_wrapper.php?run_id=110202&search_id=114132&scans_id=110198&peptide_id=7111&scanf=1591&charge=2&value=K.NSTWSGESK.T,NCL,1.506e+6,3.443,0.001,3.064,0.000
1592,2,"  1.693","  0.081",8/12,/core/www/modules//sdig/index.php?run_id=110202&search_id=114132&scans_id=110198&peptide_id=7122&scanf=1592&charge=2&value=8/12,sp|Q16629|SRSF7_HUMAN,/core/www/modules//consensus/?run_id=110202&search_id=114132&scans_id=110198&peptide_id=7122&scanf=1592&charge=2&value=sp|Q16629|SRSF7_HUMAN,2,/core/www/modules/match_peptides/blast_html4.php?run_id=110202&search_id=114132&scans_id=110198&peptide_id=7122&scanf=1592&charge=2&value=2,R.DAEDAVR.G,/core/www/modules/show_out/show_out_wrapper.php?run_id=110202&search_id=114132&scans_id=110198&peptide_id=7122&scanf=1592&charge=2&value=R.DAEDAVR.G,SRSF7,1.219e+6,2.051,0.091,1.040,0.004
1598,2,"  1.612","  0.111",7/12,/core/www/modules//sdig/index.php?run_id=110202&search_id=114132&scans_id=110198&peptide_id=7185&scanf=1598&charge=2&value=7/12,sp|P33993|MCM7_HUMAN,/core/www/modules//consensus/?run_id=110202&search_id=114132&scans_id=110198&peptide_id=7185&scanf=1598&charge=2&value=sp|P33993|MCM7_HUMAN,0,/core/www/modules/match_peptides/blast_html4.php?run_id=110202&search_id=114132&scans_id=110198&peptide_id=7185&scanf=1598&charge=2&value=0,R.FSEAEQR.C,/core/www/modules/show_out/show_out_wrapper.php?run_id=110202&search_id=114132&scans_id=110198&peptide_id=7185&scanf=1598&charge=2&value=R.FSEAEQR.C,MCM7,6.944e+5,2.006,0.105,0.981,0.005
1606,2,"  2.226","  0.366",13/14,/core/www/modules//sdig/index.php?run_id=110202&search_id=114132&scans_id=110198&peptide_id=7268&scanf=1606&charge=2&value=13/14,sp|P30050|RL12_HUMAN,/core/www/modules//consensus/?run_id=110202&search_id=114132&scans_id=110198&peptide_id=7268&scanf=1606&charge=2&value=sp|P30050|RL12_HUMAN,0,/core/www/modules/match_peptides/blast_html4.php?run_id=110202&search_id=114132&scans_id=110198&peptide_id=7268&scanf=1606&charge=2&value=0,K.KVGDDIAK.A,/core/www/modules/show_out/show_out_wrapper.php?run_id=110202&search_id=114132&scans_id=110198&peptide_id=7268&scanf=1606&charge=2&value=K.KVGDDIAK.A,RPL12,6.188e+6,3.053,0.003,2.487,0.000
1607,2,"  1.881","  0.171",8/12,/core/www/modules//sdig/index.php?run_id=110202&search_id=114132&scans_id=110198&peptide_id=7278&scanf=1607&charge=2&value=8/12,sp|P07900|HS90A_HUMAN,/core/www/modules//consensus/?run_id=110202&search_id=114132&scans_id=110198&peptide_id=7278&scanf=1607&charge=2&value=sp|P07900|HS90A_HUMAN,2,/core/www/modules/match_peptides/blast_html4.php?run_id=110202&search_id=114132&scans_id=110198&peptide_id=7278&scanf=1607&charge=2&value=2,R.EMLQQSK.I,/core/www/modules/show_out/show_out_wrapper.php?run_id=110202&search_id=114132&scans_id=110198&peptide_id=7278&scanf=1607&charge=2&value=R.EMLQQSK.I,HSP90AA1,4.978e+6,2.545,0.018,1.740,0.000
1609,2,"  1.632","  0.176",8/12,/core/www/modules//sdig/index.php?run_id=110202&search_id=114132&scans_id=110198&peptide_id=7300&scanf=1609&charge=2&value=8/12,sp|O00148|DX39A_HUMAN,/core/www/modules//consensus/?run_id=110202&search_id=114132&scans_id=110198&peptide_id=7300&scanf=1609&charge=2&value=sp|O00148|DX39A_HUMAN,22,/core/www/modules/match_peptides/blast_html4.php?run_id=110202&search_id=114132&scans_id=110198&peptide_id=7300&scanf=1609&charge=2&value=22,K.KDEEVLK.K,/core/www/modules/show_out/show_out_wrapper.php?run_id=110202&search_id=114132&scans_id=110198&peptide_id=7300&scanf=1609&charge=2&value=K.KDEEVLK.K,DDX39A,1.756e+6,2.138,0.069,1.160,0.002
1613,2,"  1.286","  0.251",8/16,/core/www/modules//sdig/index.php?run_id=110202&search_id=114132&scans_id=110198&peptide_id=7342&scanf=1613&charge=2&value=8/16,sp|P62888|RL30_HUMAN,/core/www/modules//consensus/?run_id=110202&search_id=114132&scans_id=110198&peptide_id=7342&scanf=1613&charge=2&value=sp|P62888|RL30_HUMAN,2,/core/www/modules/match_peptides/blast_html4.php?run_id=110202&search_id=114132&scans_id=110198&peptide_id=7342&scanf=1613&charge=2&value=2,R.SMPEQTGEK.-,/core/www/modules/show_out/show_out_wrapper.php?run_id=110202&search_id=114132&scans_id=110198&peptide_id=7342&scanf=1613&charge=2&value=R.SMPEQTGEK.-,RPL30,9.577e+5,2.251,0.048,1.317,0.002
1615,2,"  1.729","  0.323",8/16,/core/www/modules//sdig/index.php?run_id=110202&search_id=114132&scans_id=110198&peptide_id=7363&scanf=1615&charge=2&value=8/16,sp|P07900|HS90A_HUMAN,/core/www/modules//consensus/?run_id=110202&search_id=114132&scans_id=110198&peptide_id=7363&scanf=1615&charge=2&value=sp|P07900|HS90A_HUMAN,0,/core/www/modules/match_peptides/blast_html4.php?run_id=110202&search_id=114132&scans_id=110198&peptide_id=7363&scanf=1615&charge=2&value=0,R.TDTGEPM*GR.G,/core/www/modules/show_out/show_out_wrapper.php?run_id=110202&search_id=114132&scans_id=110198&peptide_id=7363&scanf=1615&charge=2&value=R.TDTGEPM*GR.G,HSP90AA1,2.430e+6,2.765,0.009,2.061,0.000
1620,2,"  1.209","  0.222",7/18,/core/www/modules//sdig/index.php?run_id=110202&search_id=114132&scans_id=110198&peptide_id=7415&scanf=1620&charge=2&value=7/18,sp|P14866|HNRPL_HUMAN,/core/www/modules//consensus/?run_id=110202&search_id=114132&scans_id=110198&peptide_id=7415&scanf=1620&charge=2&value=sp|P14866|HNRPL_HUMAN,0,/core/www/modules/match_peptides/blast_html4.php?run_id=110202&search_id=114132&scans_id=110198&peptide_id=7415&scanf=1620&charge=2&value=0,R.YYGGGSEGGR.A,/core/www/modules/show_out/show_out_wrapper.php?run_id=110202&search_id=114132&scans_id=110198&peptide_id=7415&scanf=1620&charge=2&value=R.YYGGGSEGGR.A,HNRNPL,7.883e+5,2.071,0.086,1.068,0.003
1625,2,"  1.283","  0.134",6/14,/core/www/modules//sdig/index.php?run_id=110202&search_id=114132&scans_id=110198&peptide_id=7467&scanf=1625&charge=2&value=6/14,sp|P38159|RBMX_HUMAN,/core/www/modules//consensus/?run_id=110202&search_id=114132&scans_id=110198&peptide_id=7467&scanf=1625&charge=2&value=sp|P38159|RBMX_HUMAN,3,/core/www/modules/match_peptides/blast_html4.php?run_id=110202&search_id=114132&scans_id=110198&peptide_id=7467&scanf=1625&charge=2&value=3,R.SAPSGPVR.S,/core/www/modules/show_out/show_out_wrapper.php?run_id=110202&search_id=114132&scans_id=110198&peptide_id=7467&scanf=1625&charge=2&value=R.SAPSGPVR.S,RBMX,1.403e+7,1.986,0.111,0.954,0.005
1628,2,"  1.719","  0.403",10/16,/core/www/modules//sdig/index.php?run_id=110202&search_id=114132&scans_id=110198&peptide_id=7498&scanf=1628&charge=2&value=10/16,sp|P62277|RS13_HUMAN,/core/www/modules//consensus/?run_id=110202&search_id=114132&scans_id=110198&peptide_id=7498&scanf=1628&charge=2&value=sp|P62277|RS13_HUMAN,2,/core/www/modules/match_peptides/blast_html4.php?run_id=110202&search_id=114132&scans_id=110198&peptide_id=7498&scanf=1628&charge=2&value=2,R.DSHGVAQVR.F,/core/www/modules/show_out/show_out_wrapper.php?run_id=110202&search_id=114132&scans_id=110198&peptide_id=7498&scanf=1628&charge=2&value=R.DSHGVAQVR.F,RPS13,4.640e+6,3.033,0.003,2.456,0.000
1629,2,"  1.951","  0.239",8/14,/core/www/modules//sdig/index.php?run_id=110202&search_id=114132&scans_id=110198&peptide_id=7509&scanf=1629&charge=2&value=8/14,sp|O76021|RL1D1_HUMAN,/core/www/modules//consensus/?run_id=110202&search_id=114132&scans_id=110198&peptide_id=7509&scanf=1629&charge=2&value=sp|O76021|RL1D1_HUMAN,1,/core/www/modules/match_peptides/blast_html4.php?run_id=110202&search_id=114132&scans_id=110198&peptide_id=7509&scanf=1629&charge=2&value=1,K.SPNPSTPR.G,/core/www/modules/show_out/show_out_wrapper.php?run_id=110202&search_id=114132&scans_id=110198&peptide_id=7509&scanf=1629&charge=2&value=K.SPNPSTPR.G,RSL1D1,1.028e+6,2.472,0.023,1.633,0.001
1637,2,"  2.288","  0.325",9/14,/core/www/modules//sdig/index.php?run_id=110202&search_id=114132&scans_id=110198&peptide_id=7593&scanf=1637&charge=2&value=9/14,sp|Q02878|RL6_HUMAN,/core/www/modules//consensus/?run_id=110202&search_id=114132&scans_id=110198&peptide_id=7593&scanf=1637&charge=2&value=sp|Q02878|RL6_HUMAN,3,/core/www/modules/match_peptides/blast_html4.php?run_id=110202&search_id=114132&scans_id=110198&peptide_id=7593&scanf=1637&charge=2&value=3,K.KPFSQHVR.K,/core/www/modules/show_out/show_out_wrapper.php?run_id=110202&search_id=114132&scans_id=110198&peptide_id=7593&scanf=1637&charge=2&value=K.KPFSQHVR.K,RPL6,6.946e+5,2.859,0.006,2.201,0.000
1641,2,"  1.572","  0.337",8/12,/core/www/modules//sdig/index.php?run_id=110202&search_id=114132&scans_id=110198&peptide_id=7635&scanf=1641&charge=2&value=8/12,sp|P07900|HS90A_HUMAN,/core/www/modules//consensus/?run_id=110202&search_id=114132&scans_id=110198&peptide_id=7635&scanf=1641&charge=2&value=sp|P07900|HS90A_HUMAN,2,/core/www/modules/match_peptides/blast_html4.php?run_id=110202&search_id=114132&scans_id=110198&peptide_id=7635&scanf=1641&charge=2&value=2,R.EM*LQQSK.I,/core/www/modules/show_out/show_out_wrapper.php?run_id=110202&search_id=114132&scans_id=110198&peptide_id=7635&scanf=1641&charge=2&value=R.EM*LQQSK.I,HSP90AA1,6.456e+5,3.066,0.003,2.505,0.000
1648,2,"  1.547","  0.407",7/12,/core/www/modules//sdig/index.php?run_id=110202&search_id=114132&scans_id=110198&peptide_id=7708&scanf=1648&charge=2&value=7/12,sp|Q08170|SRSF4_HUMAN,/core/www/modules//consensus/?run_id=110202&search_id=114132&scans_id=110198&peptide_id=7708&scanf=1648&charge=2&value=sp|Q08170|SRSF4_HUMAN,6,/core/www/modules/match_peptides/blast_html4.php?run_id=110202&search_id=114132&scans_id=110198&peptide_id=7708&scanf=1648&charge=2&value=6,R.VIVEHAR.G,/core/www/modules/show_out/show_out_wrapper.php?run_id=110202&search_id=114132&scans_id=110198&peptide_id=7708&scanf=1648&charge=2&value=R.VIVEHAR.G,SRSF4,3.125e+6,3.029,0.004,2.450,0.000
1650,3,"  3.392","  0.520",17/40,/core/www/modules//sdig/index.php?run_id=110202&search_id=114132&scans_id=110198&peptide_id=7729&scanf=1650&charge=3&value=17/40,sp|P12814|ACTN1_HUMAN,/core/www/modules//consensus/?run_id=110202&search_id=114132&scans_id=110198&peptide_id=7729&scanf=1650&charge=3&value=sp|P12814|ACTN1_HUMAN,11,/core/www/modules/match_peptides/blast_html4.php?run_id=110202&search_id=114132&scans_id=110198&peptide_id=7729&scanf=1650&charge=3&value=11,R.RDQALTEEHAR.Q,/core/www/modules/show_out/show_out_wrapper.php?run_id=110202&search_id=114132&scans_id=110198&peptide_id=7729&scanf=1650&charge=3&value=R.RDQALTEEHAR.Q,ACTN1,6.347e+5,3.382,0.001,2.973,0.000
1667,2,"  1.241","  0.065",8/12,/core/www/modules//sdig/index.php?run_id=110202&search_id=114132&scans_id=110198&peptide_id=7907&scanf=1667&charge=2&value=8/12,sp|P11387|TOP1_HUMAN,/core/www/modules//consensus/?run_id=110202&search_id=114132&scans_id=110198&peptide_id=7907&scanf=1667&charge=2&value=sp|P11387|TOP1_HUMAN,1,/core/www/modules/match_peptides/blast_html4.php?run_id=110202&search_id=114132&scans_id=110198&peptide_id=7907&scanf=1667&charge=2&value=1,K.EQLADAR.R,/core/www/modules/show_out/show_out_wrapper.php?run_id=110202&search_id=114132&scans_id=110198&peptide_id=7907&scanf=1667&charge=2&value=K.EQLADAR.R,TOP1,2.205e+6,2.102,0.078,1.110,0.003
1670,3,"  2.279","  0.482",13/44,/core/www/modules//sdig/index.php?run_id=110202&search_id=114132&scans_id=110198&peptide_id=7938&scanf=1670&charge=3&value=13/44,sp|Q8TAQ2|SMRC2_HUMAN,/core/www/modules//consensus/?run_id=110202&search_id=114132&scans_id=110198&peptide_id=7938&scanf=1670&charge=3&value=sp|Q8TAQ2|SMRC2_HUMAN,1,/core/www/modules/match_peptides/blast_html4.php?run_id=110202&search_id=114132&scans_id=110198&peptide_id=7938&scanf=1670&charge=3&value=1,R.GHREEEQEDLTK.D,/core/www/modules/show_out/show_out_wrapper.php?run_id=110202&search_id=114132&scans_id=110198&peptide_id=7938&scanf=1670&charge=3&value=R.GHREEEQEDLTK.D,SMARCC2,1.877e+6,3.012,0.004,2.426,0.000
1677,2,"  1.440","  0.410",8/12,/core/www/modules//sdig/index.php?run_id=110202&search_id=114132&scans_id=110198&peptide_id=8012&scanf=1677&charge=2&value=8/12,sp|P52272|HNRPM_HUMAN,/core/www/modules//consensus/?run_id=110202&search_id=114132&scans_id=110198&peptide_id=8012&scanf=1677&charge=2&value=sp|P52272|HNRPM_HUMAN,2,/core/www/modules/match_peptides/blast_html4.php?run_id=110202&search_id=114132&scans_id=110198&peptide_id=8012&scanf=1677&charge=2&value=2,R.MGQTMER.I,/core/www/modules/show_out/show_out_wrapper.php?run_id=110202&search_id=114132&scans_id=110198&peptide_id=8012&scanf=1677&charge=2&value=R.MGQTMER.I,HNRNPM,7.186e+5,3.357,0.001,2.936,0.000
1687,3,"  2.101","  0.471",13/28,/core/www/modules//sdig/index.php?run_id=110202&search_id=114132&scans_id=110198&peptide_id=8116&scanf=1687&charge=3&value=13/28,sp|Q8IXT5|RB12B_HUMAN,/core/www/modules//consensus/?run_id=110202&search_id=114132&scans_id=110198&peptide_id=8116&scanf=1687&charge=3&value=sp|Q8IXT5|RB12B_HUMAN,2,/core/www/modules/match_peptides/blast_html4.php?run_id=110202&search_id=114132&scans_id=110198&peptide_id=8116&scanf=1687&charge=3&value=2,R.RPPQEHFR.R,/core/www/modules/show_out/show_out_wrapper.php?run_id=110202&search_id=114132&scans_id=110198&peptide_id=8116&scanf=1687&charge=3&value=R.RPPQEHFR.R,RBM12B,1.016e+7,3.616,0.000,3.320,0.000
1692,2,"  2.208","  0.185",11/16,/core/www/modules//sdig/index.php?run_id=110202&search_id=114132&scans_id=110198&peptide_id=8169&scanf=1692&charge=2&value=11/16,sp|A6NHL2|TBAL3_HUMAN,/core/www/modules//consensus/?run_id=110202&search_id=114132&scans_id=110198&peptide_id=8169&scanf=1692&charge=2&value=sp|A6NHL2|TBAL3_HUMAN,22,/core/www/modules/match_peptides/blast_html4.php?run_id=110202&search_id=114132&scans_id=110198&peptide_id=8169&scanf=1692&charge=2&value=22,K.EDAANNYAR.G,/core/www/modules/show_out/show_out_wrapper.php?run_id=110202&search_id=114132&scans_id=110198&peptide_id=8169&scanf=1692&charge=2&value=K.EDAANNYAR.G,TUBAL3,6.132e+5,2.360,0.034,1.472,0.001
1695,2,"  1.408","  0.283",7/16,/core/www/modules//sdig/index.php?run_id=110202&search_id=114132&scans_id=110198&peptide_id=8201&scanf=1695&charge=2&value=7/16,sp|P61313|RL15_HUMAN,/core/www/modules//consensus/?run_id=110202&search_id=114132&scans_id=110198&peptide_id=8201&scanf=1695&charge=2&value=sp|P61313|RL15_HUMAN,1,/core/www/modules/match_peptides/blast_html4.php?run_id=110202&search_id=114132&scans_id=110198&peptide_id=8201&scanf=1695&charge=2&value=1,K.FHHTIGGSR.R,/core/www/modules/show_out/show_out_wrapper.php?run_id=110202&search_id=114132&scans_id=110198&peptide_id=8201&scanf=1695&charge=2&value=K.FHHTIGGSR.R,RPL15,3.791e+5,1.961,0.120,0.921,0.005
1696,2,"  1.913","  0.255",9/14,/core/www/modules//sdig/index.php?run_id=110202&search_id=114132&scans_id=110198&peptide_id=8211&scanf=1696&charge=2&value=9/14,sp|P62753|RS6_HUMAN,/core/www/modules//consensus/?run_id=110202&search_id=114132&scans_id=110198&peptide_id=8211&scanf=1696&charge=2&value=sp|P62753|RS6_HUMAN,1,/core/www/modules/match_peptides/blast_html4.php?run_id=110202&search_id=114132&scans_id=110198&peptide_id=8211&scanf=1696&charge=2&value=1,K.QGVLTHGR.V,/core/www/modules/show_out/show_out_wrapper.php?run_id=110202&search_id=114132&scans_id=110198&peptide_id=8211&scanf=1696&charge=2&value=K.QGVLTHGR.V,RPS6,4.537e+5,2.517,0.020,1.699,0.000
1708,3,"  1.994","  0.365",12/40,/core/www/modules//sdig/index.php?run_id=110202&search_id=114132&scans_id=110198&peptide_id=8336&scanf=1708&charge=3&value=12/40,sp|Q15717|ELAV1_HUMAN,/core/www/modules//consensus/?run_id=110202&search_id=114132&scans_id=110198&peptide_id=8336&scanf=1708&charge=3&value=sp|Q15717|ELAV1_HUMAN,0,/core/www/modules/match_peptides/blast_html4.php?run_id=110202&search_id=114132&scans_id=110198&peptide_id=8336&scanf=1708&charge=3&value=0,R.FGGPVHHQAQR.F,/core/www/modules/show_out/show_out_wrapper.php?run_id=110202&search_id=114132&scans_id=110198&peptide_id=8336&scanf=1708&charge=3&value=R.FGGPVHHQAQR.F,ELAVL1,3.552e+6,2.814,0.007,2.133,0.000
1729,2,"  2.092","  0.388",9/14,/core/www/modules//sdig/index.php?run_id=110202&search_id=114132&scans_id=110198&peptide_id=8556&scanf=1729&charge=2&value=9/14,sp|P51531|SMCA2_HUMAN,/core/www/modules//consensus/?run_id=110202&search_id=114132&scans_id=110198&peptide_id=8556&scanf=1729&charge=2&value=sp|P51531|SMCA2_HUMAN,20,/core/www/modules/match_peptides/blast_html4.php?run_id=110202&search_id=114132&scans_id=110198&peptide_id=8556&scanf=1729&charge=2&value=20,R.IGQQNEVR.V,/core/www/modules/show_out/show_out_wrapper.php?run_id=110202&search_id=114132&scans_id=110198&peptide_id=8556&scanf=1729&charge=2&value=R.IGQQNEVR.V,SMARCA2,1.516e+7,3.209,0.002,2.718,0.000
1730,2,"  2.522","  0.422",10/18,/core/www/modules//sdig/index.php?run_id=110202&search_id=114132&scans_id=110198&peptide_id=8567&scanf=1730&charge=2&value=10/18,sp|P22626|ROA2_HUMAN,/core/www/modules//consensus/?run_id=110202&search_id=114132&scans_id=110198&peptide_id=8567&scanf=1730&charge=2&value=sp|P22626|ROA2_HUMAN,7,/core/www/modules/match_peptides/blast_html4.php?run_id=110202&search_id=114132&scans_id=110198&peptide_id=8567&scanf=1730&charge=2&value=7,R.QEM*QEVQSSR.S,/core/www/modules/show_out/show_out_wrapper.php?run_id=110202&search_id=114132&scans_id=110198&peptide_id=8567&scanf=1730&charge=2&value=R.QEM*QEVQSSR.S,HNRNPA2B1,3.799e+6,2.968,0.004,2.361,0.000
1733,2,"  3.243","  0.691",16/28,/core/www/modules//sdig/index.php?run_id=110202&search_id=114132&scans_id=110198&peptide_id=8598&scanf=1733&charge=2&value=16/28,sp|Q13151|ROA0_HUMAN,/core/www/modules//consensus/?run_id=110202&search_id=114132&scans_id=110198&peptide_id=8598&scanf=1733&charge=2&value=sp|Q13151|ROA0_HUMAN,0,/core/www/modules/match_peptides/blast_html4.php?run_id=110202&search_id=114132&scans_id=110198&peptide_id=8598&scanf=1733&charge=2&value=0,K.SGGGGGGGGSSWGGR.S,/core/www/modules/show_out/show_out_wrapper.php?run_id=110202&search_id=114132&scans_id=110198&peptide_id=8598&scanf=1733&charge=2&value=K.SGGGGGGGGSSWGGR.S,HNRNPA0,7.314e+5,3.717,0.000,3.470,0.000
1735,2,"  1.504","  0.102",10/16,/core/www/modules//sdig/index.php?run_id=110202&search_id=114132&scans_id=110198&peptide_id=8620&scanf=1735&charge=2&value=10/16,sp|O95793|STAU1_HUMAN,/core/www/modules//consensus/?run_id=110202&search_id=114132&scans_id=110198&peptide_id=8620&scanf=1735&charge=2&value=sp|O95793|STAU1_HUMAN,2,/core/www/modules/match_peptides/blast_html4.php?run_id=110202&search_id=114132&scans_id=110198&peptide_id=8620&scanf=1735&charge=2&value=2,R.ESEEENLNK.S,/core/www/modules/show_out/show_out_wrapper.php?run_id=110202&search_id=114132&scans_id=110198&peptide_id=8620&scanf=1735&charge=2&value=R.ESEEENLNK.S,STAU1,7.280e+5,2.037,0.095,1.021,0.004
1746,2,"  1.751","  0.158",7/12,/core/www/modules//sdig/index.php?run_id=110202&search_id=114132&scans_id=110198&peptide_id=8735&scanf=1746&charge=2&value=7/12,sp|P62701|RS4X_HUMAN,/core/www/modules//consensus/?run_id=110202&search_id=114132&scans_id=110198&peptide_id=8735&scanf=1746&charge=2&value=sp|P62701|RS4X_HUMAN,0,/core/www/modules/match_peptides/blast_html4.php?run_id=110202&search_id=114132&scans_id=110198&peptide_id=8735&scanf=1746&charge=2&value=0,R.ITPEEAK.Y,/core/www/modules/show_out/show_out_wrapper.php?run_id=110202&search_id=114132&scans_id=110198&peptide_id=8735&scanf=1746&charge=2&value=R.ITPEEAK.Y,RPS4X,8.691e+6,2.161,0.064,1.191,0.002
1758,2,"  1.610","  0.461",8/18,/core/www/modules//sdig/index.php?run_id=110202&search_id=114132&scans_id=110198&peptide_id=8861&scanf=1758&charge=2&value=8/18,sp|O60264|SMCA5_HUMAN,/core/www/modules//consensus/?run_id=110202&search_id=114132&scans_id=110198&peptide_id=8861&scanf=1758&charge=2&value=sp|O60264|SMCA5_HUMAN,0,/core/www/modules/match_peptides/blast_html4.php?run_id=110202&search_id=114132&scans_id=110198&peptide_id=8861&scanf=1758&charge=2&value=0,R.LDGQTPHDER.Q,/core/www/modules/show_out/show_out_wrapper.php?run_id=110202&search_id=114132&scans_id=110198&peptide_id=8861&scanf=1758&charge=2&value=R.LDGQTPHDER.Q,SMARCA5,1.844e+5,3.042,0.003,2.470,0.000
1761,2,"  1.034","  0.276",7/16,/core/www/modules//sdig/index.php?run_id=110202&search_id=114132&scans_id=110198&peptide_id=8892&scanf=1761&charge=2&value=7/16,sp|Q9Y5B9|SP16H_HUMAN,/core/www/modules//consensus/?run_id=110202&search_id=114132&scans_id=110198&peptide_id=8892&scanf=1761&charge=2&value=sp|Q9Y5B9|SP16H_HUMAN,0,/core/www/modules/match_peptides/blast_html4.php?run_id=110202&search_id=114132&scans_id=110198&peptide_id=8892&scanf=1761&charge=2&value=0,R.YEEEEEQSR.S,/core/www/modules/show_out/show_out_wrapper.php?run_id=110202&search_id=114132&scans_id=110198&peptide_id=8892&scanf=1761&charge=2&value=R.YEEEEEQSR.S,SUPT16H,60955.3,2.186,0.059,1.226,0.002
1763,2,"  1.290","  0.241",10/18,/core/www/modules//sdig/index.php?run_id=110202&search_id=114132&scans_id=110198&peptide_id=8913&scanf=1763&charge=2&value=10/18,sp|P61247|RS3A_HUMAN,/core/www/modules//consensus/?run_id=110202&search_id=114132&scans_id=110198&peptide_id=8913&scanf=1763&charge=2&value=sp|P61247|RS3A_HUMAN,8,/core/www/modules/match_peptides/blast_html4.php?run_id=110202&search_id=114132&scans_id=110198&peptide_id=8913&scanf=1763&charge=2&value=8,K.TSYAQHQQVR.Q,/core/www/modules/show_out/show_out_wrapper.php?run_id=110202&search_id=114132&scans_id=110198&peptide_id=8913&scanf=1763&charge=2&value=K.TSYAQHQQVR.Q,RPS3A,1.359e+5,2.057,0.090,1.048,0.004
1780,2,"  2.208","  0.241",11/16,/core/www/modules//sdig/index.php?run_id=110202&search_id=114132&scans_id=110198&peptide_id=9091&scanf=1780&charge=2&value=11/16,sp|O95793|STAU1_HUMAN,/core/www/modules//consensus/?run_id=110202&search_id=114132&scans_id=110198&peptide_id=9091&scanf=1780&charge=2&value=sp|O95793|STAU1_HUMAN,2,/core/www/modules/match_peptides/blast_html4.php?run_id=110202&search_id=114132&scans_id=110198&peptide_id=9091&scanf=1780&charge=2&value=2,R.ESEEENLNK.S,/core/www/modules/show_out/show_out_wrapper.php?run_id=110202&search_id=114132&scans_id=110198&peptide_id=9091&scanf=1780&charge=2&value=R.ESEEENLNK.S,STAU1,7.280e+5,2.612,0.015,1.837,0.000
1787,2,"  1.681","  0.388",8/18,/core/www/modules//sdig/index.php?run_id=110202&search_id=114132&scans_id=110198&peptide_id=9164&scanf=1787&charge=2&value=8/18,sp|Q9BQG0|MBB1A_HUMAN,/core/www/modules//consensus/?run_id=110202&search_id=114132&scans_id=110198&peptide_id=9164&scanf=1787&charge=2&value=sp|Q9BQG0|MBB1A_HUMAN,1,/core/www/modules/match_peptides/blast_html4.php?run_id=110202&search_id=114132&scans_id=110198&peptide_id=9164&scanf=1787&charge=2&value=1,K.ELEAHSAEAR.A,/core/www/modules/show_out/show_out_wrapper.php?run_id=110202&search_id=114132&scans_id=110198&peptide_id=9164&scanf=1787&charge=2&value=K.ELEAHSAEAR.A,MYBBP1A,2.577e+5,2.798,0.008,2.111,0.000
1814,2,"  1.532","  0.491",7/24,/core/www/modules//sdig/index.php?run_id=110202&search_id=114132&scans_id=110198&peptide_id=9446&scanf=1814&charge=2&value=7/24,sp|P53621|COPA_HUMAN,/core/www/modules//consensus/?run_id=110202&search_id=114132&scans_id=110198&peptide_id=9446&scanf=1814&charge=2&value=sp|P53621|COPA_HUMAN,6,/core/www/modules/match_peptides/blast_html4.php?run_id=110202&search_id=114132&scans_id=110198&peptide_id=9446&scanf=1814&charge=2&value=6,K.DADSQNPDAPEGK.R,/core/www/modules/show_out/show_out_wrapper.php?run_id=110202&search_id=114132&scans_id=110198&peptide_id=9446&scanf=1814&charge=2&value=K.DADSQNPDAPEGK.R,COPA,1.479e+5,2.695,0.011,1.959,0.000
1858,2,"  1.587","  0.350",8/22,/core/www/modules//sdig/index.php?run_id=110202&search_id=114132&scans_id=110198&peptide_id=9906&scanf=1858&charge=2&value=8/22,sp|O75533|SF3B1_HUMAN,/core/www/modules//consensus/?run_id=110202&search_id=114132&scans_id=110198&peptide_id=9906&scanf=1858&charge=2&value=sp|O75533|SF3B1_HUMAN,0,/core/www/modules/match_peptides/blast_html4.php?run_id=110202&search_id=114132&scans_id=110198&peptide_id=9906&scanf=1858&charge=2&value=0,K.GSETPGATPGSK.I,/core/www/modules/show_out/show_out_wrapper.php?run_id=110202&search_id=114132&scans_id=110198&peptide_id=9906&scanf=1858&charge=2&value=K.GSETPGATPGSK.I,SF3B1,1.635e+5,2.515,0.020,1.696,0.000
1860,2,"  2.292","  0.522",11/18,/core/www/modules//sdig/index.php?run_id=110202&search_id=114132&scans_id=110198&peptide_id=9927&scanf=1860&charge=2&value=11/18,sp|O95758|PTBP3_HUMAN,/core/www/modules//consensus/?run_id=110202&search_id=114132&scans_id=110198&peptide_id=9927&scanf=1860&charge=2&value=sp|O95758|PTBP3_HUMAN,6,/core/www/modules/match_peptides/blast_html4.php?run_id=110202&search_id=114132&scans_id=110198&peptide_id=9927&scanf=1860&charge=2&value=6,R.EGQEDQGLTK.D,/core/www/modules/show_out/show_out_wrapper.php?run_id=110202&search_id=114132&scans_id=110198&peptide_id=9927&scanf=1860&charge=2&value=R.EGQEDQGLTK.D,PTBP3,1.025e+7,3.370,0.001,2.955,0.000
1875,2,"  1.809","  0.441",9/22,/core/www/modules//sdig/index.php?run_id=110202&search_id=114132&scans_id=110198&peptide_id=10083&scanf=1875&charge=2&value=9/22,sp|O75533|SF3B1_HUMAN,/core/www/modules//consensus/?run_id=110202&search_id=114132&scans_id=110198&peptide_id=10083&scanf=1875&charge=2&value=sp|O75533|SF3B1_HUMAN,0,/core/www/modules/match_peptides/blast_html4.php?run_id=110202&search_id=114132&scans_id=110198&peptide_id=10083&scanf=1875&charge=2&value=0,K.GSETPGATPGSK.I,/core/www/modules/show_out/show_out_wrapper.php?run_id=110202&search_id=114132&scans_id=110198&peptide_id=10083&scanf=1875&charge=2&value=K.GSETPGATPGSK.I,SF3B1,1.635e+5,2.904,0.005,2.267,0.000
1900,2,"  1.646","  0.437",7/24,/core/www/modules//sdig/index.php?run_id=110202&search_id=114132&scans_id=110198&peptide_id=10345&scanf=1900&charge=2&value=7/24,sp|P31942|HNRH3_HUMAN,/core/www/modules//consensus/?run_id=110202&search_id=114132&scans_id=110198&peptide_id=10345&scanf=1900&charge=2&value=sp|P31942|HNRH3_HUMAN,0,/core/www/modules/match_peptides/blast_html4.php?run_id=110202&search_id=114132&scans_id=110198&peptide_id=10345&scanf=1900&charge=2&value=0,K.HNGPNDASDGTVR.L,/core/www/modules/show_out/show_out_wrapper.php?run_id=110202&search_id=114132&scans_id=110198&peptide_id=10345&scanf=1900&charge=2&value=K.HNGPNDASDGTVR.L,HNRNPH3,67721.7,2.443,0.026,1.591,0.001
1921,2,"  2.340","  0.553",11/18,/core/www/modules//sdig/index.php?run_id=110202&search_id=114132&scans_id=110198&peptide_id=10565&scanf=1921&charge=2&value=11/18,sp|P22626|ROA2_HUMAN,/core/www/modules//consensus/?run_id=110202&search_id=114132&scans_id=110198&peptide_id=10565&scanf=1921&charge=2&value=sp|P22626|ROA2_HUMAN,7,/core/www/modules/match_peptides/blast_html4.php?run_id=110202&search_id=114132&scans_id=110198&peptide_id=10565&scanf=1921&charge=2&value=7,R.QEM*QEVQSSR.S,/core/www/modules/show_out/show_out_wrapper.php?run_id=110202&search_id=114132&scans_id=110198&peptide_id=10565&scanf=1921&charge=2&value=R.QEM*QEVQSSR.S,HNRNPA2B1,3.799e+6,3.501,0.001,3.150,0.000
1988,2,"  1.188","  0.308",7/16,/core/www/modules//sdig/index.php?run_id=110202&search_id=114132&scans_id=110198&peptide_id=11265&scanf=1988&charge=2&value=7/16,sp|P62277|RS13_HUMAN,/core/www/modules//consensus/?run_id=110202&search_id=114132&scans_id=110198&peptide_id=11265&scanf=1988&charge=2&value=sp|P62277|RS13_HUMAN,2,/core/www/modules/match_peptides/blast_html4.php?run_id=110202&search_id=114132&scans_id=110198&peptide_id=11265&scanf=1988&charge=2&value=2,R.DSHGVAQVR.F,/core/www/modules/show_out/show_out_wrapper.php?run_id=110202&search_id=114132&scans_id=110198&peptide_id=11265&scanf=1988&charge=2&value=R.DSHGVAQVR.F,RPS13,4.640e+6,2.412,0.028,1.547,0.001
2053,2,"  1.498","  0.385",10/18,/core/www/modules//sdig/index.php?run_id=110202&search_id=114132&scans_id=110198&peptide_id=11945&scanf=2053&charge=2&value=10/18,sp|O43390|HNRPR_HUMAN,/core/www/modules//consensus/?run_id=110202&search_id=114132&scans_id=110198&peptide_id=11945&scanf=2053&charge=2&value=sp|O43390|HNRPR_HUMAN,2,/core/www/modules/match_peptides/blast_html4.php?run_id=110202&search_id=114132&scans_id=110198&peptide_id=11945&scanf=2053&charge=2&value=2,K.ESDLSHVQNK.S,/core/www/modules/show_out/show_out_wrapper.php?run_id=110202&search_id=114132&scans_id=110198&peptide_id=11945&scanf=2053&charge=2&value=K.ESDLSHVQNK.S,HNRNPR,1.622e+6,2.807,0.008,2.124,0.000
2072,2,"  1.977","  0.296",10/18,/core/www/modules//sdig/index.php?run_id=110202&search_id=114132&scans_id=110198&peptide_id=12144&scanf=2072&charge=2&value=10/18,sp|P78527|PRKDC_HUMAN,/core/www/modules//consensus/?run_id=110202&search_id=114132&scans_id=110198&peptide_id=12144&scanf=2072&charge=2&value=sp|P78527|PRKDC_HUMAN,0,/core/www/modules/match_peptides/blast_html4.php?run_id=110202&search_id=114132&scans_id=110198&peptide_id=12144&scanf=2072&charge=2&value=0,K.SM*EEDPQTSR.E,/core/www/modules/show_out/show_out_wrapper.php?run_id=110202&search_id=114132&scans_id=110198&peptide_id=12144&scanf=2072&charge=2&value=K.SM*EEDPQTSR.E,PRKDC,1.919e+6,3.311,0.001,2.868,0.000
2079,2,"  1.565","  0.364",8/22,/core/www/modules//sdig/index.php?run_id=110202&search_id=114132&scans_id=110198&peptide_id=12218&scanf=2079&charge=2&value=8/22,sp|P35251|RFC1_HUMAN,/core/www/modules//consensus/?run_id=110202&search_id=114132&scans_id=110198&peptide_id=12218&scanf=2079&charge=2&value=sp|P35251|RFC1_HUMAN,0,/core/www/modules/match_peptides/blast_html4.php?run_id=110202&search_id=114132&scans_id=110198&peptide_id=12218&scanf=2079&charge=2&value=0,K.EQVAEETSGDSK.A,/core/www/modules/show_out/show_out_wrapper.php?run_id=110202&search_id=114132&scans_id=110198&peptide_id=12218&scanf=2079&charge=2&value=K.EQVAEETSGDSK.A,RFC1,69758.5,2.332,0.037,1.432,0.001
2109,3,"  1.900","  0.351",13/36,/core/www/modules//sdig/index.php?run_id=110202&search_id=114132&scans_id=110198&peptide_id=12530&scanf=2109&charge=3&value=13/36,sp|P61247|RS3A_HUMAN,/core/www/modules//consensus/?run_id=110202&search_id=114132&scans_id=110198&peptide_id=12530&scanf=2109&charge=3&value=sp|P61247|RS3A_HUMAN,8,/core/www/modules/match_peptides/blast_html4.php?run_id=110202&search_id=114132&scans_id=110198&peptide_id=12530&scanf=2109&charge=3&value=8,K.TSYAQHQQVR.Q,/core/www/modules/show_out/show_out_wrapper.php?run_id=110202&search_id=114132&scans_id=110198&peptide_id=12530&scanf=2109&charge=3&value=K.TSYAQHQQVR.Q,RPS3A,6.911e+5,2.888,0.006,2.242,0.000
2125,2,"  1.675","  0.390",7/16,/core/www/modules//sdig/index.php?run_id=110202&search_id=114132&scans_id=110198&peptide_id=12698&scanf=2125&charge=2&value=7/16,sp|Q8TAQ2|SMRC2_HUMAN,/core/www/modules//consensus/?run_id=110202&search_id=114132&scans_id=110198&peptide_id=12698&scanf=2125&charge=2&value=sp|Q8TAQ2|SMRC2_HUMAN,1,/core/www/modules/match_peptides/blast_html4.php?run_id=110202&search_id=114132&scans_id=110198&peptide_id=12698&scanf=2125&charge=2&value=1,K.EVVESEGER.K,/core/www/modules/show_out/show_out_wrapper.php?run_id=110202&search_id=114132&scans_id=110198&peptide_id=12698&scanf=2125&charge=2&value=K.EVVESEGER.K,SMARCC2,3.457e+6,2.660,0.012,1.908,0.000
2126,2,"  2.199","  0.322",11/18,/core/www/modules//sdig/index.php?run_id=110202&search_id=114132&scans_id=110198&peptide_id=12708&scanf=2126&charge=2&value=11/18,sp|Q9BXP5|SRRT_HUMAN,/core/www/modules//consensus/?run_id=110202&search_id=114132&scans_id=110198&peptide_id=12708&scanf=2126&charge=2&value=sp|Q9BXP5|SRRT_HUMAN,0,/core/www/modules/match_peptides/blast_html4.php?run_id=110202&search_id=114132&scans_id=110198&peptide_id=12708&scanf=2126&charge=2&value=0,R.AGAGLGDGER.K,/core/www/modules/show_out/show_out_wrapper.php?run_id=110202&search_id=114132&scans_id=110198&peptide_id=12708&scanf=2126&charge=2&value=R.AGAGLGDGER.K,SRRT,1.685e+6,2.756,0.009,2.049,0.000
2154,2,"  2.183","  0.453",12/16,/core/www/modules//sdig/index.php?run_id=110202&search_id=114132&scans_id=110198&peptide_id=13002&scanf=2154&charge=2&value=12/16,sp|P18621|RL17_HUMAN,/core/www/modules//consensus/?run_id=110202&search_id=114132&scans_id=110198&peptide_id=13002&scanf=2154&charge=2&value=sp|P18621|RL17_HUMAN,9,/core/www/modules/match_peptides/blast_html4.php?run_id=110202&search_id=114132&scans_id=110198&peptide_id=13002&scanf=2154&charge=2&value=9,K.NAESNAELK.G,/core/www/modules/show_out/show_out_wrapper.php?run_id=110202&search_id=114132&scans_id=110198&peptide_id=13002&scanf=2154&charge=2&value=K.NAESNAELK.G,RPL17,9.164e+6,3.378,0.001,2.967,0.000
2170,2,"  1.294","  0.270",6/18,/core/www/modules//sdig/index.php?run_id=110202&search_id=114132&scans_id=110198&peptide_id=13168&scanf=2170&charge=2&value=6/18,sp|Q9HCD5|NCOA5_HUMAN,/core/www/modules//consensus/?run_id=110202&search_id=114132&scans_id=110198&peptide_id=13168&scanf=2170&charge=2&value=sp|Q9HCD5|NCOA5_HUMAN,1,/core/www/modules/match_peptides/blast_html4.php?run_id=110202&search_id=114132&scans_id=110198&peptide_id=13168&scanf=2170&charge=2&value=1,R.GPPGPESQSR.A,/core/www/modules/show_out/show_out_wrapper.php?run_id=110202&search_id=114132&scans_id=110198&peptide_id=13168&scanf=2170&charge=2&value=R.GPPGPESQSR.A,NCOA5,2.865e+5,2.081,0.083,1.081,0.003
2175,2,"  1.182","  0.329",7/16,/core/www/modules//sdig/index.php?run_id=110202&search_id=114132&scans_id=110198&peptide_id=13221&scanf=2175&charge=2&value=7/16,sp|P17844|DDX5_HUMAN,/core/www/modules//consensus/?run_id=110202&search_id=114132&scans_id=110198&peptide_id=13221&scanf=2175&charge=2&value=sp|P17844|DDX5_HUMAN,2,/core/www/modules/match_peptides/blast_html4.php?run_id=110202&search_id=114132&scans_id=110198&peptide_id=13221&scanf=2175&charge=2&value=2,R.EANQAINPK.L,/core/www/modules/show_out/show_out_wrapper.php?run_id=110202&search_id=114132&scans_id=110198&peptide_id=13221&scanf=2175&charge=2&value=R.EANQAINPK.L,DDX5,5.710e+6,2.435,0.026,1.579,0.001
2199,2,"  1.650","  0.316",9/20,/core/www/modules//sdig/index.php?run_id=110202&search_id=114132&scans_id=110198&peptide_id=13472&scanf=2199&charge=2&value=9/20,sp|P14866|HNRPL_HUMAN,/core/www/modules//consensus/?run_id=110202&search_id=114132&scans_id=110198&peptide_id=13472&scanf=2199&charge=2&value=sp|P14866|HNRPL_HUMAN,5,/core/www/modules/match_peptides/blast_html4.php?run_id=110202&search_id=114132&scans_id=110198&peptide_id=13472&scanf=2199&charge=2&value=5,K.ISRPGDSDDSR.S,/core/www/modules/show_out/show_out_wrapper.php?run_id=110202&search_id=114132&scans_id=110198&peptide_id=13472&scanf=2199&charge=2&value=K.ISRPGDSDDSR.S,HNRNPL,3.869e+6,2.482,0.022,1.649,0.001
2213,2,"  2.105","  0.658",12/18,/core/www/modules//sdig/index.php?run_id=110202&search_id=114132&scans_id=110198&peptide_id=13618&scanf=2213&charge=2&value=12/18,sp|Q08211|DHX9_HUMAN,/core/www/modules//consensus/?run_id=110202&search_id=114132&scans_id=110198&peptide_id=13618&scanf=2213&charge=2&value=sp|Q08211|DHX9_HUMAN,0,/core/www/modules/match_peptides/blast_html4.php?run_id=110202&search_id=114132&scans_id=110198&peptide_id=13618&scanf=2213&charge=2&value=0,K.YTQVGPDHNR.S,/core/www/modules/show_out/show_out_wrapper.php?run_id=110202&search_id=114132&scans_id=110198&peptide_id=13618&scanf=2213&charge=2&value=K.YTQVGPDHNR.S,DHX9,1.040e+7,4.127,0.000,4.079,0.000
2214,2,"  1.011","  0.283",8/16,/core/www/modules//sdig/index.php?run_id=110202&search_id=114132&scans_id=110198&peptide_id=13628&scanf=2214&charge=2&value=8/16,sp|Q9Y5S9|RBM8A_HUMAN,/core/www/modules//consensus/?run_id=110202&search_id=114132&scans_id=110198&peptide_id=13628&scanf=2214&charge=2&value=sp|Q9Y5S9|RBM8A_HUMAN,0,/core/www/modules/match_peptides/blast_html4.php?run_id=110202&search_id=114132&scans_id=110198&peptide_id=13628&scanf=2214&charge=2&value=0,R.GFGSEEGSR.A,/core/www/modules/show_out/show_out_wrapper.php?run_id=110202&search_id=114132&scans_id=110198&peptide_id=13628&scanf=2214&charge=2&value=R.GFGSEEGSR.A,RBM8A,1.108e+6,2.107,0.076,1.117,0.003
2229,2,"  2.191","  0.268",11/12,/core/www/modules//sdig/index.php?run_id=110202&search_id=114132&scans_id=110198&peptide_id=13785&scanf=2229&charge=2&value=11/12,sp|O43707|ACTN4_HUMAN,/core/www/modules//consensus/?run_id=110202&search_id=114132&scans_id=110198&peptide_id=13785&scanf=2229&charge=2&value=sp|O43707|ACTN4_HUMAN,14,/core/www/modules/match_peptides/blast_html4.php?run_id=110202&search_id=114132&scans_id=110198&peptide_id=13785&scanf=2229&charge=2&value=14,R.LDHLAEK.F,/core/www/modules/show_out/show_out_wrapper.php?run_id=110202&search_id=114132&scans_id=110198&peptide_id=13785&scanf=2229&charge=2&value=R.LDHLAEK.F,ACTN4,5.601e+6,3.408,0.001,3.011,0.000
2249,2,"  2.151","  0.238",10/18,/core/www/modules//sdig/index.php?run_id=110202&search_id=114132&scans_id=110198&peptide_id=13994&scanf=2249&charge=2&value=10/18,sp|P78527|PRKDC_HUMAN,/core/www/modules//consensus/?run_id=110202&search_id=114132&scans_id=110198&peptide_id=13994&scanf=2249&charge=2&value=sp|P78527|PRKDC_HUMAN,0,/core/www/modules/match_peptides/blast_html4.php?run_id=110202&search_id=114132&scans_id=110198&peptide_id=13994&scanf=2249&charge=2&value=0,K.SM*EEDPQTSR.E,/core/www/modules/show_out/show_out_wrapper.php?run_id=110202&search_id=114132&scans_id=110198&peptide_id=13994&scanf=2249&charge=2&value=K.SM*EEDPQTSR.E,PRKDC,1.919e+6,2.791,0.008,2.099,0.000
2281,2,"  1.582","  0.174",9/14,/core/www/modules//sdig/index.php?run_id=110202&search_id=114132&scans_id=110198&peptide_id=14329&scanf=2281&charge=2&value=9/14,sp|P38159|RBMX_HUMAN,/core/www/modules//consensus/?run_id=110202&search_id=114132&scans_id=110198&peptide_id=14329&scanf=2281&charge=2&value=sp|P38159|RBMX_HUMAN,2,/core/www/modules/match_peptides/blast_html4.php?run_id=110202&search_id=114132&scans_id=110198&peptide_id=14329&scanf=2281&charge=2&value=2,R.RGPPPPPR.S,/core/www/modules/show_out/show_out_wrapper.php?run_id=110202&search_id=114132&scans_id=110198&peptide_id=14329&scanf=2281&charge=2&value=R.RGPPPPPR.S,RBMX,2.414e+7,2.201,0.057,1.246,0.002
2336,2,"  2.151","  0.257",10/14,/core/www/modules//sdig/index.php?run_id=110202&search_id=114132&scans_id=110198&peptide_id=14903&scanf=2336&charge=2&value=10/14,sp|P08670|VIME_HUMAN,/core/www/modules//consensus/?run_id=110202&search_id=114132&scans_id=110198&peptide_id=14903&scanf=2336&charge=2&value=sp|P08670|VIME_HUMAN,6,/core/www/modules/match_peptides/blast_html4.php?run_id=110202&search_id=114132&scans_id=110198&peptide_id=14903&scanf=2336&charge=2&value=6,K.GTNESLER.Q,/core/www/modules/show_out/show_out_wrapper.php?run_id=110202&search_id=114132&scans_id=110198&peptide_id=14903&scanf=2336&charge=2&value=K.GTNESLER.Q,VIM,9.848e+6,3.150,0.002,2.630,0.000
2338,2,"  2.439","  0.428",11/14,/core/www/modules//sdig/index.php?run_id=110202&search_id=114132&scans_id=110198&peptide_id=14924&scanf=2338&charge=2&value=11/14,sp|P19338|NUCL_HUMAN,/core/www/modules//consensus/?run_id=110202&search_id=114132&scans_id=110198&peptide_id=14924&scanf=2338&charge=2&value=sp|P19338|NUCL_HUMAN,8,/core/www/modules/match_peptides/blast_html4.php?run_id=110202&search_id=114132&scans_id=110198&peptide_id=14924&scanf=2338&charge=2&value=8,K.QGTEIDGR.S,/core/www/modules/show_out/show_out_wrapper.php?run_id=110202&search_id=114132&scans_id=110198&peptide_id=14924&scanf=2338&charge=2&value=K.QGTEIDGR.S,NCL,4.140e+6,3.569,0.001,3.251,0.000
2339,3,"  1.805","  0.129",12/40,/core/www/modules//sdig/index.php?run_id=110202&search_id=114132&scans_id=110198&peptide_id=14935&scanf=2339&charge=3&value=12/40,sp|P14866|HNRPL_HUMAN,/core/www/modules//consensus/?run_id=110202&search_id=114132&scans_id=110198&peptide_id=14935&scanf=2339&charge=3&value=sp|P14866|HNRPL_HUMAN,5,/core/www/modules/match_peptides/blast_html4.php?run_id=110202&search_id=114132&scans_id=110198&peptide_id=14935&scanf=2339&charge=3&value=5,K.ISRPGDSDDSR.S,/core/www/modules/show_out/show_out_wrapper.php?run_id=110202&search_id=114132&scans_id=110198&peptide_id=14935&scanf=2339&charge=3&value=K.ISRPGDSDDSR.S,HNRNPL,7.032e+6,2.134,0.070,1.153,0.002
2346,2,"  1.110","  0.151",7/16,/core/www/modules//sdig/index.php?run_id=110202&search_id=114132&scans_id=110198&peptide_id=15009&scanf=2346&charge=2&value=7/16,sp|Q14676|MDC1_HUMAN,/core/www/modules//consensus/?run_id=110202&search_id=114132&scans_id=110198&peptide_id=15009&scanf=2346&charge=2&value=sp|Q14676|MDC1_HUMAN,0,/core/www/modules/match_peptides/blast_html4.php?run_id=110202&search_id=114132&scans_id=110198&peptide_id=15009&scanf=2346&charge=2&value=0,K.LNQESTAPK.V,/core/www/modules/show_out/show_out_wrapper.php?run_id=110202&search_id=114132&scans_id=110198&peptide_id=15009&scanf=2346&charge=2&value=K.LNQESTAPK.V,MDC1,1.134e+5,1.818,0.182,0.740,0.010
2359,2,"  2.568","  0.482",12/16,/core/www/modules//sdig/index.php?run_id=110202&search_id=114132&scans_id=110198&peptide_id=15144&scanf=2359&charge=2&value=12/16,sp|P18621|RL17_HUMAN,/core/www/modules//consensus/?run_id=110202&search_id=114132&scans_id=110198&peptide_id=15144&scanf=2359&charge=2&value=sp|P18621|RL17_HUMAN,9,/core/www/modules/match_peptides/blast_html4.php?run_id=110202&search_id=114132&scans_id=110198&peptide_id=15144&scanf=2359&charge=2&value=9,K.NAESNAELK.G,/core/www/modules/show_out/show_out_wrapper.php?run_id=110202&search_id=114132&scans_id=110198&peptide_id=15144&scanf=2359&charge=2&value=K.NAESNAELK.G,RPL17,9.164e+6,3.493,0.001,3.137,0.000
2360,2,"  2.292","  0.517",12/18,/core/www/modules//sdig/index.php?run_id=110202&search_id=114132&scans_id=110198&peptide_id=15155&scanf=2360&charge=2&value=12/18,sp|O95758|PTBP3_HUMAN,/core/www/modules//consensus/?run_id=110202&search_id=114132&scans_id=110198&peptide_id=15155&scanf=2360&charge=2&value=sp|O95758|PTBP3_HUMAN,6,/core/www/modules/match_peptides/blast_html4.php?run_id=110202&search_id=114132&scans_id=110198&peptide_id=15155&scanf=2360&charge=2&value=6,R.EGQEDQGLTK.D,/core/www/modules/show_out/show_out_wrapper.php?run_id=110202&search_id=114132&scans_id=110198&peptide_id=15155&scanf=2360&charge=2&value=R.EGQEDQGLTK.D,PTBP3,1.025e+7,3.431,0.001,3.045,0.000
2361,2,"  1.796","  0.094",8/12,/core/www/modules//sdig/index.php?run_id=110202&search_id=114132&scans_id=110198&peptide_id=15165&scanf=2361&charge=2&value=8/12,sp|P62277|RS13_HUMAN,/core/www/modules//consensus/?run_id=110202&search_id=114132&scans_id=110198&peptide_id=15165&scanf=2361&charge=2&value=sp|P62277|RS13_HUMAN,2,/core/www/modules/match_peptides/blast_html4.php?run_id=110202&search_id=114132&scans_id=110198&peptide_id=15165&scanf=2361&charge=2&value=2,K.LTSDDVK.E,/core/www/modules/show_out/show_out_wrapper.php?run_id=110202&search_id=114132&scans_id=110198&peptide_id=15165&scanf=2361&charge=2&value=K.LTSDDVK.E,RPS13,2.565e+6,2.124,0.073,1.139,0.002
2362,2,"  2.200","  0.687",9/14,/core/www/modules//sdig/index.php?run_id=110202&search_id=114132&scans_id=110198&peptide_id=15176&scanf=2362&charge=2&value=9/14,sp|P38159|RBMX_HUMAN,/core/www/modules//consensus/?run_id=110202&search_id=114132&scans_id=110198&peptide_id=15176&scanf=2362&charge=2&value=sp|P38159|RBMX_HUMAN,2,/core/www/modules/match_peptides/blast_html4.php?run_id=110202&search_id=114132&scans_id=110198&peptide_id=15176&scanf=2362&charge=2&value=2,R.YDDYSSSR.D,/core/www/modules/show_out/show_out_wrapper.php?run_id=110202&search_id=114132&scans_id=110198&peptide_id=15176&scanf=2362&charge=2&value=R.YDDYSSSR.D,RBMX,3.051e+6,4.201,0.000,4.188,0.000
2363,3,"  2.571","  0.446",14/36,/core/www/modules//sdig/index.php?run_id=110202&search_id=114132&scans_id=110198&peptide_id=15186&scanf=2363&charge=3&value=14/36,sp|O60264|SMCA5_HUMAN,/core/www/modules//consensus/?run_id=110202&search_id=114132&scans_id=110198&peptide_id=15186&scanf=2363&charge=3&value=sp|O60264|SMCA5_HUMAN,3,/core/www/modules/match_peptides/blast_html4.php?run_id=110202&search_id=114132&scans_id=110198&peptide_id=15186&scanf=2363&charge=3&value=3,R.HGATHVFASK.E,/core/www/modules/show_out/show_out_wrapper.php?run_id=110202&search_id=114132&scans_id=110198&peptide_id=15186&scanf=2363&charge=3&value=R.HGATHVFASK.E,SMARCA5,1.756e+6,3.429,0.001,3.043,0.000
2364,2,"  1.919","  0.155",8/12,/core/www/modules//sdig/index.php?run_id=110202&search_id=114132&scans_id=110198&peptide_id=15197&scanf=2364&charge=2&value=8/12,sp|P62854|RS26_HUMAN,/core/www/modules//consensus/?run_id=110202&search_id=114132&scans_id=110198&peptide_id=15197&scanf=2364&charge=2&value=sp|P62854|RS26_HUMAN,1,/core/www/modules/match_peptides/blast_html4.php?run_id=110202&search_id=114132&scans_id=110198&peptide_id=15197&scanf=2364&charge=2&value=1,R.GHVQPIR.C,/core/www/modules/show_out/show_out_wrapper.php?run_id=110202&search_id=114132&scans_id=110198&peptide_id=15197&scanf=2364&charge=2&value=R.GHVQPIR.C,RPS26,1.914e+6,2.296,0.042,1.381,0.001
2365,2,"  2.346","  0.300",10/16,/core/www/modules//sdig/index.php?run_id=110202&search_id=114132&scans_id=110198&peptide_id=15208&scanf=2365&charge=2&value=10/16,sp|P78527|PRKDC_HUMAN,/core/www/modules//consensus/?run_id=110202&search_id=114132&scans_id=110198&peptide_id=15208&scanf=2365&charge=2&value=sp|P78527|PRKDC_HUMAN,0,/core/www/modules/match_peptides/blast_html4.php?run_id=110202&search_id=114132&scans_id=110198&peptide_id=15208&scanf=2365&charge=2&value=0,K.TSALSDETK.N,/core/www/modules/show_out/show_out_wrapper.php?run_id=110202&search_id=114132&scans_id=110198&peptide_id=15208&scanf=2365&charge=2&value=K.TSALSDETK.N,PRKDC,5.911e+6,3.506,0.001,3.158,0.000
2379,2,"  1.216","  0.149",6/12,/core/www/modules//sdig/index.php?run_id=110202&search_id=114132&scans_id=110198&peptide_id=15354&scanf=2379&charge=2&value=6/12,sp|Q13838|DX39B_HUMAN,/core/www/modules//consensus/?run_id=110202&search_id=114132&scans_id=110198&peptide_id=15354&scanf=2379&charge=2&value=sp|Q13838|DX39B_HUMAN,4,/core/www/modules/match_peptides/blast_html4.php?run_id=110202&search_id=114132&scans_id=110198&peptide_id=15354&scanf=2379&charge=2&value=4,R.GMPQEER.L,/core/www/modules/show_out/show_out_wrapper.php?run_id=110202&search_id=114132&scans_id=110198&peptide_id=15354&scanf=2379&charge=2&value=R.GMPQEER.L,DDX39B,2.948e+6,2.021,0.100,1.000,0.005
2380,2,"  2.591","  0.478",12/16,/core/www/modules//sdig/index.php?run_id=110202&search_id=114132&scans_id=110198&peptide_id=15364&scanf=2380&charge=2&value=12/16,sp|P19338|NUCL_HUMAN,/core/www/modules//consensus/?run_id=110202&search_id=114132&scans_id=110198&peptide_id=15364&scanf=2380&charge=2&value=sp|P19338|NUCL_HUMAN,7,/core/www/modules/match_peptides/blast_html4.php?run_id=110202&search_id=114132&scans_id=110198&peptide_id=15364&scanf=2380&charge=2&value=7,K.NSTWSGESK.T,/core/www/modules/show_out/show_out_wrapper.php?run_id=110202&search_id=114132&scans_id=110198&peptide_id=15364&scanf=2380&charge=2&value=K.NSTWSGESK.T,NCL,1.506e+6,3.689,0.000,3.429,0.000
2389,2,"  1.708","  0.188",5/12,/core/www/modules//sdig/index.php?run_id=110202&search_id=114132&scans_id=110198&peptide_id=15459&scanf=2389&charge=2&value=5/12,sp|P33993|MCM7_HUMAN,/core/www/modules//consensus/?run_id=110202&search_id=114132&scans_id=110198&peptide_id=15459&scanf=2389&charge=2&value=sp|P33993|MCM7_HUMAN,0,/core/www/modules/match_peptides/blast_html4.php?run_id=110202&search_id=114132&scans_id=110198&peptide_id=15459&scanf=2389&charge=2&value=0,R.FSEAEQR.C,/core/www/modules/show_out/show_out_wrapper.php?run_id=110202&search_id=114132&scans_id=110198&peptide_id=15459&scanf=2389&charge=2&value=R.FSEAEQR.C,MCM7,2.486e+5,2.088,0.081,1.091,0.003
2399,2,"  1.357","  0.117",6/14,/core/www/modules//sdig/index.php?run_id=110202&search_id=114132&scans_id=110198&peptide_id=15563&scanf=2399&charge=2&value=6/14,sp|P38159|RBMX_HUMAN,/core/www/modules//consensus/?run_id=110202&search_id=114132&scans_id=110198&peptide_id=15563&scanf=2399&charge=2&value=sp|P38159|RBMX_HUMAN,3,/core/www/modules/match_peptides/blast_html4.php?run_id=110202&search_id=114132&scans_id=110198&peptide_id=15563&scanf=2399&charge=2&value=3,R.SAPSGPVR.S,/core/www/modules/show_out/show_out_wrapper.php?run_id=110202&search_id=114132&scans_id=110198&peptide_id=15563&scanf=2399&charge=2&value=R.SAPSGPVR.S,RBMX,1.403e+7,1.936,0.129,0.889,0.006
2400,2,"  2.155","  0.376",13/14,/core/www/modules//sdig/index.php?run_id=110202&search_id=114132&scans_id=110198&peptide_id=15574&scanf=2400&charge=2&value=13/14,sp|P30050|RL12_HUMAN,/core/www/modules//consensus/?run_id=110202&search_id=114132&scans_id=110198&peptide_id=15574&scanf=2400&charge=2&value=sp|P30050|RL12_HUMAN,0,/core/www/modules/match_peptides/blast_html4.php?run_id=110202&search_id=114132&scans_id=110198&peptide_id=15574&scanf=2400&charge=2&value=0,K.KVGDDIAK.A,/core/www/modules/show_out/show_out_wrapper.php?run_id=110202&search_id=114132&scans_id=110198&peptide_id=15574&scanf=2400&charge=2&value=K.KVGDDIAK.A,RPL12,6.188e+6,3.079,0.003,2.525,0.000
2401,2,"  2.025","  0.298",8/12,/core/www/modules//sdig/index.php?run_id=110202&search_id=114132&scans_id=110198&peptide_id=15584&scanf=2401&charge=2&value=8/12,sp|P07900|HS90A_HUMAN,/core/www/modules//consensus/?run_id=110202&search_id=114132&scans_id=110198&peptide_id=15584&scanf=2401&charge=2&value=sp|P07900|HS90A_HUMAN,2,/core/www/modules/match_peptides/blast_html4.php?run_id=110202&search_id=114132&scans_id=110198&peptide_id=15584&scanf=2401&charge=2&value=2,R.EMLQQSK.I,/core/www/modules/show_out/show_out_wrapper.php?run_id=110202&search_id=114132&scans_id=110198&peptide_id=15584&scanf=2401&charge=2&value=R.EMLQQSK.I,HSP90AA1,4.978e+6,2.962,0.004,2.352,0.000
2403,2,"  1.667","  0.235",10/12,/core/www/modules//sdig/index.php?run_id=110202&search_id=114132&scans_id=110198&peptide_id=15605&scanf=2403&charge=2&value=10/12,sp|O00148|DX39A_HUMAN,/core/www/modules//consensus/?run_id=110202&search_id=114132&scans_id=110198&peptide_id=15605&scanf=2403&charge=2&value=sp|O00148|DX39A_HUMAN,22,/core/www/modules/match_peptides/blast_html4.php?run_id=110202&search_id=114132&scans_id=110198&peptide_id=15605&scanf=2403&charge=2&value=22,K.KDEEVLK.K,/core/www/modules/show_out/show_out_wrapper.php?run_id=110202&search_id=114132&scans_id=110198&peptide_id=15605&scanf=2403&charge=2&value=K.KDEEVLK.K,DDX39A,1.756e+6,2.582,0.016,1.793,0.000
2423,2,"  1.621","  0.438",13/16,/core/www/modules//sdig/index.php?run_id=110202&search_id=114132&scans_id=110198&peptide_id=15815&scanf=2423&charge=2&value=13/16,sp|P62277|RS13_HUMAN,/core/www/modules//consensus/?run_id=110202&search_id=114132&scans_id=110198&peptide_id=15815&scanf=2423&charge=2&value=sp|P62277|RS13_HUMAN,2,/core/www/modules/match_peptides/blast_html4.php?run_id=110202&search_id=114132&scans_id=110198&peptide_id=15815&scanf=2423&charge=2&value=2,R.DSHGVAQVR.F,/core/www/modules/show_out/show_out_wrapper.php?run_id=110202&search_id=114132&scans_id=110198&peptide_id=15815&scanf=2423&charge=2&value=R.DSHGVAQVR.F,RPS13,4.640e+6,3.407,0.001,3.010,0.000
2426,2,"  1.896","  0.200",7/14,/core/www/modules//sdig/index.php?run_id=110202&search_id=114132&scans_id=110198&peptide_id=15846&scanf=2426&charge=2&value=7/14,sp|O76021|RL1D1_HUMAN,/core/www/modules//consensus/?run_id=110202&search_id=114132&scans_id=110198&peptide_id=15846&scanf=2426&charge=2&value=sp|O76021|RL1D1_HUMAN,1,/core/www/modules/match_peptides/blast_html4.php?run_id=110202&search_id=114132&scans_id=110198&peptide_id=15846&scanf=2426&charge=2&value=1,K.SPNPSTPR.G,/core/www/modules/show_out/show_out_wrapper.php?run_id=110202&search_id=114132&scans_id=110198&peptide_id=15846&scanf=2426&charge=2&value=K.SPNPSTPR.G,RSL1D1,1.028e+6,2.224,0.053,1.279,0.002
2430,2,"  1.651","  0.149",6/16,/core/www/modules//sdig/index.php?run_id=110202&search_id=114132&scans_id=110198&peptide_id=15889&scanf=2430&charge=2&value=6/16,sp|P07900|HS90A_HUMAN,/core/www/modules//consensus/?run_id=110202&search_id=114132&scans_id=110198&peptide_id=15889&scanf=2430&charge=2&value=sp|P07900|HS90A_HUMAN,0,/core/www/modules/match_peptides/blast_html4.php?run_id=110202&search_id=114132&scans_id=110198&peptide_id=15889&scanf=2430&charge=2&value=0,R.TDTGEPM*GR.G,/core/www/modules/show_out/show_out_wrapper.php?run_id=110202&search_id=114132&scans_id=110198&peptide_id=15889&scanf=2430&charge=2&value=R.TDTGEPM*GR.G,HSP90AA1,2.430e+6,2.005,0.105,0.978,0.005
2432,2,"  1.561","  0.211",6/14,/core/www/modules//sdig/index.php?run_id=110202&search_id=114132&scans_id=110198&peptide_id=15910&scanf=2432&charge=2&value=6/14,sp|Q02878|RL6_HUMAN,/core/www/modules//consensus/?run_id=110202&search_id=114132&scans_id=110198&peptide_id=15910&scanf=2432&charge=2&value=sp|Q02878|RL6_HUMAN,3,/core/www/modules/match_peptides/blast_html4.php?run_id=110202&search_id=114132&scans_id=110198&peptide_id=15910&scanf=2432&charge=2&value=3,K.KPFSQHVR.K,/core/www/modules/show_out/show_out_wrapper.php?run_id=110202&search_id=114132&scans_id=110198&peptide_id=15910&scanf=2432&charge=2&value=K.KPFSQHVR.K,RPL6,6.946e+5,2.130,0.071,1.148,0.002
2442,2,"  1.603","  0.450",7/12,/core/www/modules//sdig/index.php?run_id=110202&search_id=114132&scans_id=110198&peptide_id=16014&scanf=2442&charge=2&value=7/12,sp|Q08170|SRSF4_HUMAN,/core/www/modules//consensus/?run_id=110202&search_id=114132&scans_id=110198&peptide_id=16014&scanf=2442&charge=2&value=sp|Q08170|SRSF4_HUMAN,6,/core/www/modules/match_peptides/blast_html4.php?run_id=110202&search_id=114132&scans_id=110198&peptide_id=16014&scanf=2442&charge=2&value=6,R.VIVEHAR.G,/core/www/modules/show_out/show_out_wrapper.php?run_id=110202&search_id=114132&scans_id=110198&peptide_id=16014&scanf=2442&charge=2&value=R.VIVEHAR.G,SRSF4,3.125e+6,3.172,0.002,2.663,0.000
2443,2,"  1.353","  0.119",8/12,/core/www/modules//sdig/index.php?run_id=110202&search_id=114132&scans_id=110198&peptide_id=16024&scanf=2443&charge=2&value=8/12,sp|P11387|TOP1_HUMAN,/core/www/modules//consensus/?run_id=110202&search_id=114132&scans_id=110198&peptide_id=16024&scanf=2443&charge=2&value=sp|P11387|TOP1_HUMAN,1,/core/www/modules/match_peptides/blast_html4.php?run_id=110202&search_id=114132&scans_id=110198&peptide_id=16024&scanf=2443&charge=2&value=1,K.EQLADAR.R,/core/www/modules/show_out/show_out_wrapper.php?run_id=110202&search_id=114132&scans_id=110198&peptide_id=16024&scanf=2443&charge=2&value=K.EQLADAR.R,TOP1,2.205e+6,2.287,0.043,1.368,0.001
2446,2,"  1.262","  0.150",5/12,/core/www/modules//sdig/index.php?run_id=110202&search_id=114132&scans_id=110198&peptide_id=16056&scanf=2446&charge=2&value=5/12,sp|Q969G3|SMCE1_HUMAN,/core/www/modules//consensus/?run_id=110202&search_id=114132&scans_id=110198&peptide_id=16056&scanf=2446&charge=2&value=sp|Q969G3|SMCE1_HUMAN,10,/core/www/modules/match_peptides/blast_html4.php?run_id=110202&search_id=114132&scans_id=110198&peptide_id=16056&scanf=2446&charge=2&value=10,R.SVVTTAR.M,/core/www/modules/show_out/show_out_wrapper.php?run_id=110202&search_id=114132&scans_id=110198&peptide_id=16056&scanf=2446&charge=2&value=R.SVVTTAR.M,SMARCE1,4.572e+6,1.898,0.145,0.839,0.007
2455,2,"  1.176","  0.362",7/24,/core/www/modules//sdig/index.php?run_id=110202&search_id=114132&scans_id=110198&peptide_id=16151&scanf=2455&charge=2&value=7/24,sp|Q8N8A6|DDX51_HUMAN,/core/www/modules//consensus/?run_id=110202&search_id=114132&scans_id=110198&peptide_id=16151&scanf=2455&charge=2&value=sp|Q8N8A6|DDX51_HUMAN,0,/core/www/modules/match_peptides/blast_html4.php?run_id=110202&search_id=114132&scans_id=110198&peptide_id=16151&scanf=2455&charge=2&value=0,R.GLEDTDGDGDSGK.Y,/core/www/modules/show_out/show_out_wrapper.php?run_id=110202&search_id=114132&scans_id=110198&peptide_id=16151&scanf=2455&charge=2&value=R.GLEDTDGDGDSGK.Y,DDX51,68683.5,2.117,0.074,1.130,0.002
2458,2,"  1.429","  0.154",8/12,/core/www/modules//sdig/index.php?run_id=110202&search_id=114132&scans_id=110198&peptide_id=16182&scanf=2458&charge=2&value=8/12,sp|P31943|HNRH1_HUMAN,/core/www/modules//consensus/?run_id=110202&search_id=114132&scans_id=110198&peptide_id=16182&scanf=2458&charge=2&value=sp|P31943|HNRH1_HUMAN,8,/core/www/modules/match_peptides/blast_html4.php?run_id=110202&search_id=114132&scans_id=110198&peptide_id=16182&scanf=2458&charge=2&value=8,R.THYDPPR.K,/core/www/modules/show_out/show_out_wrapper.php?run_id=110202&search_id=114132&scans_id=110198&peptide_id=16182&scanf=2458&charge=2&value=R.THYDPPR.K,HNRNPH1,1.084e+7,2.232,0.051,1.291,0.002
2459,3,"  3.216","  0.549",17/40,/core/www/modules//sdig/index.php?run_id=110202&search_id=114132&scans_id=110198&peptide_id=16193&scanf=2459&charge=3&value=17/40,sp|P12814|ACTN1_HUMAN,/core/www/modules//consensus/?run_id=110202&search_id=114132&scans_id=110198&peptide_id=16193&scanf=2459&charge=3&value=sp|P12814|ACTN1_HUMAN,11,/core/www/modules/match_peptides/blast_html4.php?run_id=110202&search_id=114132&scans_id=110198&peptide_id=16193&scanf=2459&charge=3&value=11,R.RDQALTEEHAR.Q,/core/www/modules/show_out/show_out_wrapper.php?run_id=110202&search_id=114132&scans_id=110198&peptide_id=16193&scanf=2459&charge=3&value=R.RDQALTEEHAR.Q,ACTN1,6.347e+5,3.465,0.001,3.096,0.000
2460,2,"  1.595","  0.076",7/12,/core/www/modules//sdig/index.php?run_id=110202&search_id=114132&scans_id=110198&peptide_id=16203&scanf=2460&charge=2&value=7/12,sp|P07900|HS90A_HUMAN,/core/www/modules//consensus/?run_id=110202&search_id=114132&scans_id=110198&peptide_id=16203&scanf=2460&charge=2&value=sp|P07900|HS90A_HUMAN,2,/core/www/modules/match_peptides/blast_html4.php?run_id=110202&search_id=114132&scans_id=110198&peptide_id=16203&scanf=2460&charge=2&value=2,R.EM*LQQSK.I,/core/www/modules/show_out/show_out_wrapper.php?run_id=110202&search_id=114132&scans_id=110198&peptide_id=16203&scanf=2460&charge=2&value=R.EM*LQQSK.I,HSP90AA1,6.456e+5,2.098,0.079,1.104,0.003
2462,2,"  1.452","  0.114",6/12,/core/www/modules//sdig/index.php?run_id=110202&search_id=114132&scans_id=110198&peptide_id=16223&scanf=2462&charge=2&value=6/12,sp|P12956|XRCC6_HUMAN,/core/www/modules//consensus/?run_id=110202&search_id=114132&scans_id=110198&peptide_id=16223&scanf=2462&charge=2&value=sp|P12956|XRCC6_HUMAN,1,/core/www/modules/match_peptides/blast_html4.php?run_id=110202&search_id=114132&scans_id=110198&peptide_id=16223&scanf=2462&charge=2&value=1,R.SQIYGSR.Q,/core/www/modules/show_out/show_out_wrapper.php?run_id=110202&search_id=114132&scans_id=110198&peptide_id=16223&scanf=2462&charge=2&value=R.SQIYGSR.Q,XRCC6,3.058e+6,1.955,0.122,0.913,0.006
2466,3,"  1.781","  0.398",11/44,/core/www/modules//sdig/index.php?run_id=110202&search_id=114132&scans_id=110198&peptide_id=16265&scanf=2466&charge=3&value=11/44,sp|Q8TAQ2|SMRC2_HUMAN,/core/www/modules//consensus/?run_id=110202&search_id=114132&scans_id=110198&peptide_id=16265&scanf=2466&charge=3&value=sp|Q8TAQ2|SMRC2_HUMAN,1,/core/www/modules/match_peptides/blast_html4.php?run_id=110202&search_id=114132&scans_id=110198&peptide_id=16265&scanf=2466&charge=3&value=1,R.GHREEEQEDLTK.D,/core/www/modules/show_out/show_out_wrapper.php?run_id=110202&search_id=114132&scans_id=110198&peptide_id=16265&scanf=2466&charge=3&value=R.GHREEEQEDLTK.D,SMARCC2,1.877e+6,2.649,0.013,1.892,0.000
2467,2,"  1.076","  0.364",5/12,/core/www/modules//sdig/index.php?run_id=110202&search_id=114132&scans_id=110198&peptide_id=16276&scanf=2467&charge=2&value=5/12,sp|P52272|HNRPM_HUMAN,/core/www/modules//consensus/?run_id=110202&search_id=114132&scans_id=110198&peptide_id=16276&scanf=2467&charge=2&value=sp|P52272|HNRPM_HUMAN,2,/core/www/modules/match_peptides/blast_html4.php?run_id=110202&search_id=114132&scans_id=110198&peptide_id=16276&scanf=2467&charge=2&value=2,R.MGQTMER.I,/core/www/modules/show_out/show_out_wrapper.php?run_id=110202&search_id=114132&scans_id=110198&peptide_id=16276&scanf=2467&charge=2&value=R.MGQTMER.I,HNRNPM,7.186e+5,2.829,0.007,2.156,0.000
2469,2,"  1.438","  0.295",9/18,/core/www/modules//sdig/index.php?run_id=110202&search_id=114132&scans_id=110198&peptide_id=16297&scanf=2469&charge=2&value=9/18,sp|O00541|PESC_HUMAN,/core/www/modules//consensus/?run_id=110202&search_id=114132&scans_id=110198&peptide_id=16297&scanf=2469&charge=2&value=sp|O00541|PESC_HUMAN,3,/core/www/modules/match_peptides/blast_html4.php?run_id=110202&search_id=114132&scans_id=110198&peptide_id=16297&scanf=2469&charge=2&value=3,K.LEGQAQAEAK.A,/core/www/modules/show_out/show_out_wrapper.php?run_id=110202&search_id=114132&scans_id=110198&peptide_id=16297&scanf=2469&charge=2&value=K.LEGQAQAEAK.A,PES1,2.236e+6,2.406,0.029,1.539,0.001
2476,2,"  1.658","  0.206",7/14,/core/www/modules//sdig/index.php?run_id=110202&search_id=114132&scans_id=110198&peptide_id=16371&scanf=2476&charge=2&value=7/14,sp|Q96GQ7|DDX27_HUMAN,/core/www/modules//consensus/?run_id=110202&search_id=114132&scans_id=110198&peptide_id=16371&scanf=2476&charge=2&value=sp|Q96GQ7|DDX27_HUMAN,2,/core/www/modules/match_peptides/blast_html4.php?run_id=110202&search_id=114132&scans_id=110198&peptide_id=16371&scanf=2476&charge=2&value=2,R.AATTLDEK.I,/core/www/modules/show_out/show_out_wrapper.php?run_id=110202&search_id=114132&scans_id=110198&peptide_id=16371&scanf=2476&charge=2&value=R.AATTLDEK.I,DDX27,1.445e+6,2.017,0.101,0.995,0.005
2477,2,"  1.415","  0.108",6/12,/core/www/modules//sdig/index.php?run_id=110202&search_id=114132&scans_id=110198&peptide_id=16381&scanf=2477&charge=2&value=6/12,sp|P40938|RFC3_HUMAN,/core/www/modules//consensus/?run_id=110202&search_id=114132&scans_id=110198&peptide_id=16381&scanf=2477&charge=2&value=sp|P40938|RFC3_HUMAN,0,/core/www/modules/match_peptides/blast_html4.php?run_id=110202&search_id=114132&scans_id=110198&peptide_id=16381&scanf=2477&charge=2&value=0,K.EQAAQLR.N,/core/www/modules/show_out/show_out_wrapper.php?run_id=110202&search_id=114132&scans_id=110198&peptide_id=16381&scanf=2477&charge=2&value=K.EQAAQLR.N,RFC3,7.629e+5,1.894,0.146,0.835,0.007
2483,3,"  2.365","  0.529",15/28,/core/www/modules//sdig/index.php?run_id=110202&search_id=114132&scans_id=110198&peptide_id=16443&scanf=2483&charge=3&value=15/28,sp|Q8IXT5|RB12B_HUMAN,/core/www/modules//consensus/?run_id=110202&search_id=114132&scans_id=110198&peptide_id=16443&scanf=2483&charge=3&value=sp|Q8IXT5|RB12B_HUMAN,2,/core/www/modules/match_peptides/blast_html4.php?run_id=110202&search_id=114132&scans_id=110198&peptide_id=16443&scanf=2483&charge=3&value=2,R.RPPQEHFR.R,/core/www/modules/show_out/show_out_wrapper.php?run_id=110202&search_id=114132&scans_id=110198&peptide_id=16443&scanf=2483&charge=3&value=R.RPPQEHFR.R,RBM12B,1.016e+7,3.933,0.000,3.791,0.000
2487,3,"  2.383","  0.476",12/40,/core/www/modules//sdig/index.php?run_id=110202&search_id=114132&scans_id=110198&peptide_id=16485&scanf=2487&charge=3&value=12/40,sp|Q15717|ELAV1_HUMAN,/core/www/modules//consensus/?run_id=110202&search_id=114132&scans_id=110198&peptide_id=16485&scanf=2487&charge=3&value=sp|Q15717|ELAV1_HUMAN,0,/core/www/modules/match_peptides/blast_html4.php?run_id=110202&search_id=114132&scans_id=110198&peptide_id=16485&scanf=2487&charge=3&value=0,R.FGGPVHHQAQR.F,/core/www/modules/show_out/show_out_wrapper.php?run_id=110202&search_id=114132&scans_id=110198&peptide_id=16485&scanf=2487&charge=3&value=R.FGGPVHHQAQR.F,ELAVL1,3.552e+6,3.186,0.002,2.684,0.000
2496,2,"  1.760","  0.309",9/14,/core/www/modules//sdig/index.php?run_id=110202&search_id=114132&scans_id=110198&peptide_id=16580&scanf=2496&charge=2&value=9/14,sp|Q02878|RL6_HUMAN,/core/www/modules//consensus/?run_id=110202&search_id=114132&scans_id=110198&peptide_id=16580&scanf=2496&charge=2&value=sp|Q02878|RL6_HUMAN,3,/core/www/modules/match_peptides/blast_html4.php?run_id=110202&search_id=114132&scans_id=110198&peptide_id=16580&scanf=2496&charge=2&value=3,K.KPFSQHVR.K,/core/www/modules/show_out/show_out_wrapper.php?run_id=110202&search_id=114132&scans_id=110198&peptide_id=16580&scanf=2496&charge=2&value=K.KPFSQHVR.K,RPL6,6.946e+5,2.781,0.008,2.086,0.000
2500,2,"  1.424","  0.213",8/16,/core/www/modules//sdig/index.php?run_id=110202&search_id=114132&scans_id=110198&peptide_id=16622&scanf=2500&charge=2&value=8/16,sp|P07900|HS90A_HUMAN,/core/www/modules//consensus/?run_id=110202&search_id=114132&scans_id=110198&peptide_id=16622&scanf=2500&charge=2&value=sp|P07900|HS90A_HUMAN,0,/core/www/modules/match_peptides/blast_html4.php?run_id=110202&search_id=114132&scans_id=110198&peptide_id=16622&scanf=2500&charge=2&value=0,R.TDTGEPMGR.G,/core/www/modules/show_out/show_out_wrapper.php?run_id=110202&search_id=114132&scans_id=110198&peptide_id=16622&scanf=2500&charge=2&value=R.TDTGEPMGR.G,HSP90AA1,1.076e+7,2.279,0.044,1.357,0.001
2504,2,"  2.049","  0.418",9/14,/core/www/modules//sdig/index.php?run_id=110202&search_id=114132&scans_id=110198&peptide_id=16663&scanf=2504&charge=2&value=9/14,sp|P51531|SMCA2_HUMAN,/core/www/modules//consensus/?run_id=110202&search_id=114132&scans_id=110198&peptide_id=16663&scanf=2504&charge=2&value=sp|P51531|SMCA2_HUMAN,20,/core/www/modules/match_peptides/blast_html4.php?run_id=110202&search_id=114132&scans_id=110198&peptide_id=16663&scanf=2504&charge=2&value=20,R.IGQQNEVR.V,/core/www/modules/show_out/show_out_wrapper.php?run_id=110202&search_id=114132&scans_id=110198&peptide_id=16663&scanf=2504&charge=2&value=R.IGQQNEVR.V,SMARCA2,1.516e+7,3.320,0.001,2.882,0.000
2505,2,"  2.491","  0.423",12/18,/core/www/modules//sdig/index.php?run_id=110202&search_id=114132&scans_id=110198&peptide_id=16674&scanf=2505&charge=2&value=12/18,sp|P22626|ROA2_HUMAN,/core/www/modules//consensus/?run_id=110202&search_id=114132&scans_id=110198&peptide_id=16674&scanf=2505&charge=2&value=sp|P22626|ROA2_HUMAN,7,/core/www/modules/match_peptides/blast_html4.php?run_id=110202&search_id=114132&scans_id=110198&peptide_id=16674&scanf=2505&charge=2&value=7,R.QEM*QEVQSSR.S,/core/www/modules/show_out/show_out_wrapper.php?run_id=110202&search_id=114132&scans_id=110198&peptide_id=16674&scanf=2505&charge=2&value=R.QEM*QEVQSSR.S,HNRNPA2B1,3.799e+6,3.138,0.002,2.612,0.000
2520,2,"  3.154","  0.677",16/28,/core/www/modules//sdig/index.php?run_id=110202&search_id=114132&scans_id=110198&peptide_id=16831&scanf=2520&charge=2&value=16/28,sp|Q13151|ROA0_HUMAN,/core/www/modules//consensus/?run_id=110202&search_id=114132&scans_id=110198&peptide_id=16831&scanf=2520&charge=2&value=sp|Q13151|ROA0_HUMAN,0,/core/www/modules/match_peptides/blast_html4.php?run_id=110202&search_id=114132&scans_id=110198&peptide_id=16831&scanf=2520&charge=2&value=0,K.SGGGGGGGGSSWGGR.S,/core/www/modules/show_out/show_out_wrapper.php?run_id=110202&search_id=114132&scans_id=110198&peptide_id=16831&scanf=2520&charge=2&value=K.SGGGGGGGGSSWGGR.S,HNRNPA0,7.314e+5,3.675,0.000,3.407,0.000
2523,2,"  1.807","  0.214",11/16,/core/www/modules//sdig/index.php?run_id=110202&search_id=114132&scans_id=110198&peptide_id=16862&scanf=2523&charge=2&value=11/16,sp|O95793|STAU1_HUMAN,/core/www/modules//consensus/?run_id=110202&search_id=114132&scans_id=110198&peptide_id=16862&scanf=2523&charge=2&value=sp|O95793|STAU1_HUMAN,2,/core/www/modules/match_peptides/blast_html4.php?run_id=110202&search_id=114132&scans_id=110198&peptide_id=16862&scanf=2523&charge=2&value=2,R.ESEEENLNK.S,/core/www/modules/show_out/show_out_wrapper.php?run_id=110202&search_id=114132&scans_id=110198&peptide_id=16862&scanf=2523&charge=2&value=R.ESEEENLNK.S,STAU1,7.280e+5,2.461,0.024,1.618,0.001
2529,3,"  2.200","  0.418",14/44,/core/www/modules//sdig/index.php?run_id=110202&search_id=114132&scans_id=110198&peptide_id=16925&scanf=2529&charge=3&value=14/44,sp|Q8TAQ2|SMRC2_HUMAN,/core/www/modules//consensus/?run_id=110202&search_id=114132&scans_id=110198&peptide_id=16925&scanf=2529&charge=3&value=sp|Q8TAQ2|SMRC2_HUMAN,1,/core/www/modules/match_peptides/blast_html4.php?run_id=110202&search_id=114132&scans_id=110198&peptide_id=16925&scanf=2529&charge=3&value=1,R.GHREEEQEDLTK.D,/core/www/modules/show_out/show_out_wrapper.php?run_id=110202&search_id=114132&scans_id=110198&peptide_id=16925&scanf=2529&charge=3&value=R.GHREEEQEDLTK.D,SMARCC2,1.877e+6,2.841,0.007,2.173,0.000
2537,2,"  1.468","  0.436",7/16,/core/www/modules//sdig/index.php?run_id=110202&search_id=114132&scans_id=110198&peptide_id=17009&scanf=2537&charge=2&value=7/16,sp|Q92973|TNPO1_HUMAN,/core/www/modules//consensus/?run_id=110202&search_id=114132&scans_id=110198&peptide_id=17009&scanf=2537&charge=2&value=sp|Q92973|TNPO1_HUMAN,2,/core/www/modules/match_peptides/blast_html4.php?run_id=110202&search_id=114132&scans_id=110198&peptide_id=17009&scanf=2537&charge=2&value=2,K.NQVGDENWR.R,/core/www/modules/show_out/show_out_wrapper.php?run_id=110202&search_id=114132&scans_id=110198&peptide_id=17009&scanf=2537&charge=2&value=K.NQVGDENWR.R,TNPO1,5.911e+6,2.630,0.014,1.864,0.000
2547,3,"  1.623","  0.221",8/36,/core/www/modules//sdig/index.php?run_id=110202&search_id=114132&scans_id=110198&peptide_id=17113&scanf=2547&charge=3&value=8/36,sp|Q9BQG0|MBB1A_HUMAN,/core/www/modules//consensus/?run_id=110202&search_id=114132&scans_id=110198&peptide_id=17113&scanf=2547&charge=3&value=sp|Q9BQG0|MBB1A_HUMAN,1,/core/www/modules/match_peptides/blast_html4.php?run_id=110202&search_id=114132&scans_id=110198&peptide_id=17113&scanf=2547&charge=3&value=1,K.ELEAHSAEAR.A,/core/www/modules/show_out/show_out_wrapper.php?run_id=110202&search_id=114132&scans_id=110198&peptide_id=17113&scanf=2547&charge=3&value=K.ELEAHSAEAR.A,MYBBP1A,7.121e+5,2.325,0.038,1.421,0.001
2549,2,"  2.552","  0.544",13/18,/core/www/modules//sdig/index.php?run_id=110202&search_id=114132&scans_id=110198&peptide_id=17134&scanf=2549&charge=2&value=13/18,sp|O60264|SMCA5_HUMAN,/core/www/modules//consensus/?run_id=110202&search_id=114132&scans_id=110198&peptide_id=17134&scanf=2549&charge=2&value=sp|O60264|SMCA5_HUMAN,3,/core/www/modules/match_peptides/blast_html4.php?run_id=110202&search_id=114132&scans_id=110198&peptide_id=17134&scanf=2549&charge=2&value=3,R.HGATHVFASK.E,/core/www/modules/show_out/show_out_wrapper.php?run_id=110202&search_id=114132&scans_id=110198&peptide_id=17134&scanf=2549&charge=2&value=R.HGATHVFASK.E,SMARCA5,2.988e+5,3.785,0.000,3.571,0.000
2559,2,"  1.433","  0.336",8/16,/core/www/modules//sdig/index.php?run_id=110202&search_id=114132&scans_id=110198&peptide_id=17238&scanf=2559&charge=2&value=8/16,sp|P07900|HS90A_HUMAN,/core/www/modules//consensus/?run_id=110202&search_id=114132&scans_id=110198&peptide_id=17238&scanf=2559&charge=2&value=sp|P07900|HS90A_HUMAN,0,/core/www/modules/match_peptides/blast_html4.php?run_id=110202&search_id=114132&scans_id=110198&peptide_id=17238&scanf=2559&charge=2&value=0,R.TDTGEPMGR.G,/core/www/modules/show_out/show_out_wrapper.php?run_id=110202&search_id=114132&scans_id=110198&peptide_id=17238&scanf=2559&charge=2&value=R.TDTGEPMGR.G,HSP90AA1,1.076e+7,2.690,0.011,1.951,0.000
2567,2,"  1.437","  0.161",7/12,/core/www/modules//sdig/index.php?run_id=110202&search_id=114132&scans_id=110198&peptide_id=17322&scanf=2567&charge=2&value=7/12,sp|P07900|HS90A_HUMAN,/core/www/modules//consensus/?run_id=110202&search_id=114132&scans_id=110198&peptide_id=17322&scanf=2567&charge=2&value=sp|P07900|HS90A_HUMAN,2,/core/www/modules/match_peptides/blast_html4.php?run_id=110202&search_id=114132&scans_id=110198&peptide_id=17322&scanf=2567&charge=2&value=2,R.EM*LQQSK.I,/core/www/modules/show_out/show_out_wrapper.php?run_id=110202&search_id=114132&scans_id=110198&peptide_id=17322&scanf=2567&charge=2&value=R.EM*LQQSK.I,HSP90AA1,6.456e+5,2.357,0.034,1.468,0.001
2591,3,"  2.846","  0.554",15/28,/core/www/modules//sdig/index.php?run_id=110202&search_id=114132&scans_id=110198&peptide_id=17573&scanf=2591&charge=3&value=15/28,sp|Q8IXT5|RB12B_HUMAN,/core/www/modules//consensus/?run_id=110202&search_id=114132&scans_id=110198&peptide_id=17573&scanf=2591&charge=3&value=sp|Q8IXT5|RB12B_HUMAN,2,/core/www/modules/match_peptides/blast_html4.php?run_id=110202&search_id=114132&scans_id=110198&peptide_id=17573&scanf=2591&charge=3&value=2,R.RPPQEHFR.R,/core/www/modules/show_out/show_out_wrapper.php?run_id=110202&search_id=114132&scans_id=110198&peptide_id=17573&scanf=2591&charge=3&value=R.RPPQEHFR.R,RBM12B,1.016e+7,4.030,0.000,3.935,0.000
2594,2,"  2.279","  0.493",11/18,/core/www/modules//sdig/index.php?run_id=110202&search_id=114132&scans_id=110198&peptide_id=17604&scanf=2594&charge=2&value=11/18,sp|Q9BQG0|MBB1A_HUMAN,/core/www/modules//consensus/?run_id=110202&search_id=114132&scans_id=110198&peptide_id=17604&scanf=2594&charge=2&value=sp|Q9BQG0|MBB1A_HUMAN,1,/core/www/modules/match_peptides/blast_html4.php?run_id=110202&search_id=114132&scans_id=110198&peptide_id=17604&scanf=2594&charge=2&value=1,K.ELEAHSAEAR.A,/core/www/modules/show_out/show_out_wrapper.php?run_id=110202&search_id=114132&scans_id=110198&peptide_id=17604&scanf=2594&charge=2&value=K.ELEAHSAEAR.A,MYBBP1A,2.577e+5,3.420,0.001,3.029,0.000
2596,2,"  1.198","  0.607",9/24,/core/www/modules//sdig/index.php?run_id=110202&search_id=114132&scans_id=110198&peptide_id=17625&scanf=2596&charge=2&value=9/24,sp|P53621|COPA_HUMAN,/core/www/modules//consensus/?run_id=110202&search_id=114132&scans_id=110198&peptide_id=17625&scanf=2596&charge=2&value=sp|P53621|COPA_HUMAN,6,/core/www/modules/match_peptides/blast_html4.php?run_id=110202&search_id=114132&scans_id=110198&peptide_id=17625&scanf=2596&charge=2&value=6,K.DADSQNPDAPEGK.R,/core/www/modules/show_out/show_out_wrapper.php?run_id=110202&search_id=114132&scans_id=110198&peptide_id=17625&scanf=2596&charge=2&value=K.DADSQNPDAPEGK.R,COPA,1.223e+6,3.196,0.002,2.698,0.000
2601,2,"  1.561","  0.298",7/16,/core/www/modules//sdig/index.php?run_id=110202&search_id=114132&scans_id=110198&peptide_id=17678&scanf=2601&charge=2&value=7/16,sp|P62888|RL30_HUMAN,/core/www/modules//consensus/?run_id=110202&search_id=114132&scans_id=110198&peptide_id=17678&scanf=2601&charge=2&value=sp|P62888|RL30_HUMAN,2,/core/www/modules/match_peptides/blast_html4.php?run_id=110202&search_id=114132&scans_id=110198&peptide_id=17678&scanf=2601&charge=2&value=2,R.SMPEQTGEK.-,/core/www/modules/show_out/show_out_wrapper.php?run_id=110202&search_id=114132&scans_id=110198&peptide_id=17678&scanf=2601&charge=2&value=R.SMPEQTGEK.-,RPL30,9.577e+5,2.331,0.037,1.431,0.001
2618,2,"  1.569","  0.303",6/18,/core/www/modules//sdig/index.php?run_id=110202&search_id=114132&scans_id=110198&peptide_id=17856&scanf=2618&charge=2&value=6/18,sp|P09382|LEG1_HUMAN,/core/www/modules//consensus/?run_id=110202&search_id=114132&scans_id=110198&peptide_id=17856&scanf=2618&charge=2&value=sp|P09382|LEG1_HUMAN,1,/core/www/modules/match_peptides/blast_html4.php?run_id=110202&search_id=114132&scans_id=110198&peptide_id=17856&scanf=2618&charge=2&value=1,R.VRGEVAPDAK.S,/core/www/modules/show_out/show_out_wrapper.php?run_id=110202&search_id=114132&scans_id=110198&peptide_id=17856&scanf=2618&charge=2&value=R.VRGEVAPDAK.S,LGALS1,5.382e+6,1.902,0.143,0.845,0.007
2627,2,"  1.823","  0.267",7/14,/core/www/modules//sdig/index.php?run_id=110202&search_id=114132&scans_id=110198&peptide_id=17950&scanf=2627&charge=2&value=7/14,sp|P46779|RL28_HUMAN,/core/www/modules//consensus/?run_id=110202&search_id=114132&scans_id=110198&peptide_id=17950&scanf=2627&charge=2&value=sp|P46779|RL28_HUMAN,1,/core/www/modules/match_peptides/blast_html4.php?run_id=110202&search_id=114132&scans_id=110198&peptide_id=17950&scanf=2627&charge=2&value=1,R.KPATSYVR.T,/core/www/modules/show_out/show_out_wrapper.php?run_id=110202&search_id=114132&scans_id=110198&peptide_id=17950&scanf=2627&charge=2&value=R.KPATSYVR.T,RPL28,1.051e+7,2.394,0.030,1.521,0.001
2647,2,"  1.815","  0.248",9/14,/core/www/modules//sdig/index.php?run_id=110202&search_id=114132&scans_id=110198&peptide_id=18159&scanf=2647&charge=2&value=9/14,sp|P52272|HNRPM_HUMAN,/core/www/modules//consensus/?run_id=110202&search_id=114132&scans_id=110198&peptide_id=18159&scanf=2647&charge=2&value=sp|P52272|HNRPM_HUMAN,5,/core/www/modules/match_peptides/blast_html4.php?run_id=110202&search_id=114132&scans_id=110198&peptide_id=18159&scanf=2647&charge=2&value=5,R.M*GANSLER.M,/core/www/modules/show_out/show_out_wrapper.php?run_id=110202&search_id=114132&scans_id=110198&peptide_id=18159&scanf=2647&charge=2&value=R.M*GANSLER.M,HNRNPM,3.239e+5,2.518,0.020,1.700,0.000
2677,2,"  1.293","  0.308",7/22,/core/www/modules//sdig/index.php?run_id=110202&search_id=114132&scans_id=110198&peptide_id=18473&scanf=2677&charge=2&value=7/22,sp|O75533|SF3B1_HUMAN,/core/www/modules//consensus/?run_id=110202&search_id=114132&scans_id=110198&peptide_id=18473&scanf=2677&charge=2&value=sp|O75533|SF3B1_HUMAN,0,/core/www/modules/match_peptides/blast_html4.php?run_id=110202&search_id=114132&scans_id=110198&peptide_id=18473&scanf=2677&charge=2&value=0,K.GSETPGATPGSK.I,/core/www/modules/show_out/show_out_wrapper.php?run_id=110202&search_id=114132&scans_id=110198&peptide_id=18473&scanf=2677&charge=2&value=K.GSETPGATPGSK.I,SF3B1,1.655e+5,2.235,0.051,1.294,0.002
2693,2,"  1.187","  0.278",9/28,/core/www/modules//sdig/index.php?run_id=110202&search_id=114132&scans_id=110198&peptide_id=18640&scanf=2693&charge=2&value=9/28,sp|Q13151|ROA0_HUMAN,/core/www/modules//consensus/?run_id=110202&search_id=114132&scans_id=110198&peptide_id=18640&scanf=2693&charge=2&value=sp|Q13151|ROA0_HUMAN,0,/core/www/modules/match_peptides/blast_html4.php?run_id=110202&search_id=114132&scans_id=110198&peptide_id=18640&scanf=2693&charge=2&value=0,K.SGGGGGGGGSSWGGR.S,/core/www/modules/show_out/show_out_wrapper.php?run_id=110202&search_id=114132&scans_id=110198&peptide_id=18640&scanf=2693&charge=2&value=K.SGGGGGGGGSSWGGR.S,HNRNPA0,7.314e+5,1.882,0.151,0.820,0.008
2716,2,"  1.318","  0.303",6/16,/core/www/modules//sdig/index.php?run_id=110202&search_id=114132&scans_id=110198&peptide_id=18879&scanf=2716&charge=2&value=6/16,sp|P78527|PRKDC_HUMAN,/core/www/modules//consensus/?run_id=110202&search_id=114132&scans_id=110198&peptide_id=18879&scanf=2716&charge=2&value=sp|P78527|PRKDC_HUMAN,0,/core/www/modules/match_peptides/blast_html4.php?run_id=110202&search_id=114132&scans_id=110198&peptide_id=18879&scanf=2716&charge=2&value=0,K.QITPQQQEK.S,/core/www/modules/show_out/show_out_wrapper.php?run_id=110202&search_id=114132&scans_id=110198&peptide_id=18879&scanf=2716&charge=2&value=K.QITPQQQEK.S,PRKDC,6.135e+6,3.041,0.003,2.468,0.000
2725,2,"  1.636","  0.459",7/18,/core/www/modules//sdig/index.php?run_id=110202&search_id=114132&scans_id=110198&peptide_id=18974&scanf=2725&charge=2&value=7/18,sp|Q9HCD5|NCOA5_HUMAN,/core/www/modules//consensus/?run_id=110202&search_id=114132&scans_id=110198&peptide_id=18974&scanf=2725&charge=2&value=sp|Q9HCD5|NCOA5_HUMAN,1,/core/www/modules/match_peptides/blast_html4.php?run_id=110202&search_id=114132&scans_id=110198&peptide_id=18974&scanf=2725&charge=2&value=1,R.GPPGPESQSR.A,/core/www/modules/show_out/show_out_wrapper.php?run_id=110202&search_id=114132&scans_id=110198&peptide_id=18974&scanf=2725&charge=2&value=R.GPPGPESQSR.A,NCOA5,2.865e+5,2.789,0.008,2.096,0.000
2726,2,"  1.117","  0.314",6/20,/core/www/modules//sdig/index.php?run_id=110202&search_id=114132&scans_id=110198&peptide_id=18984&scanf=2726&charge=2&value=6/20,sp|P08579|RU2B_HUMAN,/core/www/modules//consensus/?run_id=110202&search_id=114132&scans_id=110198&peptide_id=18984&scanf=2726&charge=2&value=sp|P08579|RU2B_HUMAN,0,/core/www/modules/match_peptides/blast_html4.php?run_id=110202&search_id=114132&scans_id=110198&peptide_id=18984&scanf=2726&charge=2&value=0,K.TVEQTATTTNK.K,/core/www/modules/show_out/show_out_wrapper.php?run_id=110202&search_id=114132&scans_id=110198&peptide_id=18984&scanf=2726&charge=2&value=K.TVEQTATTTNK.K,SNRPB2,8.243e+5,2.037,0.095,1.022,0.004
2784,2,"  1.584","  0.304",8/20,/core/www/modules//sdig/index.php?run_id=110202&search_id=114132&scans_id=110198&peptide_id=19588&scanf=2784&charge=2&value=8/20,sp|Q15717|ELAV1_HUMAN,/core/www/modules//consensus/?run_id=110202&search_id=114132&scans_id=110198&peptide_id=19588&scanf=2784&charge=2&value=sp|Q15717|ELAV1_HUMAN,0,/core/www/modules/match_peptides/blast_html4.php?run_id=110202&search_id=114132&scans_id=110198&peptide_id=19588&scanf=2784&charge=2&value=0,R.FGGPVHHQAQR.F,/core/www/modules/show_out/show_out_wrapper.php?run_id=110202&search_id=114132&scans_id=110198&peptide_id=19588&scanf=2784&charge=2&value=R.FGGPVHHQAQR.F,ELAVL1,1.077e+6,2.273,0.045,1.348,0.002
2794,2,"  1.843","  0.148",7/12,/core/www/modules//sdig/index.php?run_id=110202&search_id=114132&scans_id=110198&peptide_id=19692&scanf=2794&charge=2&value=7/12,sp|O43143|DHX15_HUMAN,/core/www/modules//consensus/?run_id=110202&search_id=114132&scans_id=110198&peptide_id=19692&scanf=2794&charge=2&value=sp|O43143|DHX15_HUMAN,0,/core/www/modules/match_peptides/blast_html4.php?run_id=110202&search_id=114132&scans_id=110198&peptide_id=19692&scanf=2794&charge=2&value=0,R.STDFTSR.D,/core/www/modules/show_out/show_out_wrapper.php?run_id=110202&search_id=114132&scans_id=110198&peptide_id=19692&scanf=2794&charge=2&value=R.STDFTSR.D,DHX15,2.239e+6,2.241,0.050,1.303,0.002
2841,2,"  1.682","  0.479",8/18,/core/www/modules//sdig/index.php?run_id=110202&search_id=114132&scans_id=110198&peptide_id=20184&scanf=2841&charge=2&value=8/18,sp|O43390|HNRPR_HUMAN,/core/www/modules//consensus/?run_id=110202&search_id=114132&scans_id=110198&peptide_id=20184&scanf=2841&charge=2&value=sp|O43390|HNRPR_HUMAN,2,/core/www/modules/match_peptides/blast_html4.php?run_id=110202&search_id=114132&scans_id=110198&peptide_id=20184&scanf=2841&charge=2&value=2,K.ESDLSHVQNK.S,/core/www/modules/show_out/show_out_wrapper.php?run_id=110202&search_id=114132&scans_id=110198&peptide_id=20184&scanf=2841&charge=2&value=K.ESDLSHVQNK.S,HNRNPR,1.622e+6,2.955,0.005,2.342,0.000
2871,2,"  1.276","  0.007",7/18,/core/www/modules//sdig/index.php?run_id=110202&search_id=114132&scans_id=110198&peptide_id=20497&scanf=2871&charge=2&value=7/18,sp|P78527|PRKDC_HUMAN,/core/www/modules//consensus/?run_id=110202&search_id=114132&scans_id=110198&peptide_id=20497&scanf=2871&charge=2&value=sp|P78527|PRKDC_HUMAN,0,/core/www/modules/match_peptides/blast_html4.php?run_id=110202&search_id=114132&scans_id=110198&peptide_id=20497&scanf=2871&charge=2&value=0,K.SM*EEDPQTSR.E,/core/www/modules/show_out/show_out_wrapper.php?run_id=110202&search_id=114132&scans_id=110198&peptide_id=20497&scanf=2871&charge=2&value=K.SM*EEDPQTSR.E,PRKDC,1.919e+6,2.050,0.091,1.039,0.004
2874,2,"  1.621","  0.489",8/18,/core/www/modules//sdig/index.php?run_id=110202&search_id=114132&scans_id=110198&peptide_id=20529&scanf=2874&charge=2&value=8/18,sp|O60264|SMCA5_HUMAN,/core/www/modules//consensus/?run_id=110202&search_id=114132&scans_id=110198&peptide_id=20529&scanf=2874&charge=2&value=sp|O60264|SMCA5_HUMAN,0,/core/www/modules/match_peptides/blast_html4.php?run_id=110202&search_id=114132&scans_id=110198&peptide_id=20529&scanf=2874&charge=2&value=0,R.LDGQTPHDER.Q,/core/www/modules/show_out/show_out_wrapper.php?run_id=110202&search_id=114132&scans_id=110198&peptide_id=20529&scanf=2874&charge=2&value=R.LDGQTPHDER.Q,SMARCA5,1.844e+5,3.167,0.002,2.656,0.000
2887,3,"  1.591","  0.295",14/72,/core/www/modules//sdig/index.php?run_id=110202&search_id=114132&scans_id=110198&peptide_id=20666&scanf=2887&charge=3&value=14/72,sp|Q00839|HNRPU_HUMAN,/core/www/modules//consensus/?run_id=110202&search_id=114132&scans_id=110198&peptide_id=20666&scanf=2887&charge=3&value=sp|Q00839|HNRPU_HUMAN,0,/core/www/modules/match_peptides/blast_html4.php?run_id=110202&search_id=114132&scans_id=110198&peptide_id=20666&scanf=2887&charge=3&value=0,K.AEGGGGGGRPGAPAAGDGK.T,/core/www/modules/show_out/show_out_wrapper.php?run_id=110202&search_id=114132&scans_id=110198&peptide_id=20666&scanf=2887&charge=3&value=K.AEGGGGGGRPGAPAAGDGK.T,HNRNPU,2.110e+5,2.162,0.064,1.192,0.002
2894,3,"  1.828","  0.360",12/36,/core/www/modules//sdig/index.php?run_id=110202&search_id=114132&scans_id=110198&peptide_id=20738&scanf=2894&charge=3&value=12/36,sp|P61247|RS3A_HUMAN,/core/www/modules//consensus/?run_id=110202&search_id=114132&scans_id=110198&peptide_id=20738&scanf=2894&charge=3&value=sp|P61247|RS3A_HUMAN,8,/core/www/modules/match_peptides/blast_html4.php?run_id=110202&search_id=114132&scans_id=110198&peptide_id=20738&scanf=2894&charge=3&value=8,K.TSYAQHQQVR.Q,/core/www/modules/show_out/show_out_wrapper.php?run_id=110202&search_id=114132&scans_id=110198&peptide_id=20738&scanf=2894&charge=3&value=K.TSYAQHQQVR.Q,RPS3A,6.911e+5,2.872,0.006,2.220,0.000
2907,2,"  1.816","  0.396",8/16,/core/www/modules//sdig/index.php?run_id=110202&search_id=114132&scans_id=110198&peptide_id=20874&scanf=2907&charge=2&value=8/16,sp|Q8TAQ2|SMRC2_HUMAN,/core/www/modules//consensus/?run_id=110202&search_id=114132&scans_id=110198&peptide_id=20874&scanf=2907&charge=2&value=sp|Q8TAQ2|SMRC2_HUMAN,1,/core/www/modules/match_peptides/blast_html4.php?run_id=110202&search_id=114132&scans_id=110198&peptide_id=20874&scanf=2907&charge=2&value=1,K.EVVESEGER.K,/core/www/modules/show_out/show_out_wrapper.php?run_id=110202&search_id=114132&scans_id=110198&peptide_id=20874&scanf=2907&charge=2&value=K.EVVESEGER.K,SMARCC2,3.457e+6,2.926,0.005,2.298,0.000
2911,2,"  2.221","  0.334",12/18,/core/www/modules//sdig/index.php?run_id=110202&search_id=114132&scans_id=110198&peptide_id=20915&scanf=2911&charge=2&value=12/18,sp|Q9BXP5|SRRT_HUMAN,/core/www/modules//consensus/?run_id=110202&search_id=114132&scans_id=110198&peptide_id=20915&scanf=2911&charge=2&value=sp|Q9BXP5|SRRT_HUMAN,0,/core/www/modules/match_peptides/blast_html4.php?run_id=110202&search_id=114132&scans_id=110198&peptide_id=20915&scanf=2911&charge=2&value=0,R.AGAGLGDGER.K,/core/www/modules/show_out/show_out_wrapper.php?run_id=110202&search_id=114132&scans_id=110198&peptide_id=20915&scanf=2911&charge=2&value=R.AGAGLGDGER.K,SRRT,1.685e+6,2.872,0.006,2.220,0.000
2914,2,"  1.383","  0.356",8/16,/core/www/modules//sdig/index.php?run_id=110202&search_id=114132&scans_id=110198&peptide_id=20947&scanf=2914&charge=2&value=8/16,sp|O00422|SAP18_HUMAN,/core/www/modules//consensus/?run_id=110202&search_id=114132&scans_id=110198&peptide_id=20947&scanf=2914&charge=2&value=sp|O00422|SAP18_HUMAN,1,/core/www/modules/match_peptides/blast_html4.php?run_id=110202&search_id=114132&scans_id=110198&peptide_id=20947&scanf=2914&charge=2&value=1,K.EIGSTM*SGR.K,/core/www/modules/show_out/show_out_wrapper.php?run_id=110202&search_id=114132&scans_id=110198&peptide_id=20947&scanf=2914&charge=2&value=K.EIGSTM*SGR.K,SAP18,1.210e+6,2.634,0.013,1.870,0.000
2943,2,"  1.881","  0.387",9/16,/core/www/modules//sdig/index.php?run_id=110202&search_id=114132&scans_id=110198&peptide_id=21248&scanf=2943&charge=2&value=9/16,sp|P17844|DDX5_HUMAN,/core/www/modules//consensus/?run_id=110202&search_id=114132&scans_id=110198&peptide_id=21248&scanf=2943&charge=2&value=sp|P17844|DDX5_HUMAN,2,/core/www/modules/match_peptides/blast_html4.php?run_id=110202&search_id=114132&scans_id=110198&peptide_id=21248&scanf=2943&charge=2&value=2,R.EANQAINPK.L,/core/www/modules/show_out/show_out_wrapper.php?run_id=110202&search_id=114132&scans_id=110198&peptide_id=21248&scanf=2943&charge=2&value=R.EANQAINPK.L,DDX5,5.710e+6,2.894,0.006,2.252,0.000
2944,2,"  1.358","  0.389",6/18,/core/www/modules//sdig/index.php?run_id=110202&search_id=114132&scans_id=110198&peptide_id=21259&scanf=2944&charge=2&value=6/18,sp|Q9HCD5|NCOA5_HUMAN,/core/www/modules//consensus/?run_id=110202&search_id=114132&scans_id=110198&peptide_id=21259&scanf=2944&charge=2&value=sp|Q9HCD5|NCOA5_HUMAN,1,/core/www/modules/match_peptides/blast_html4.php?run_id=110202&search_id=114132&scans_id=110198&peptide_id=21259&scanf=2944&charge=2&value=1,R.GPPGPESQSR.A,/core/www/modules/show_out/show_out_wrapper.php?run_id=110202&search_id=114132&scans_id=110198&peptide_id=21259&scanf=2944&charge=2&value=R.GPPGPESQSR.A,NCOA5,2.865e+5,2.277,0.044,1.354,0.001
2985,2,"  2.080","  0.582",10/18,/core/www/modules//sdig/index.php?run_id=110202&search_id=114132&scans_id=110198&peptide_id=21686&scanf=2985&charge=2&value=10/18,sp|Q08211|DHX9_HUMAN,/core/www/modules//consensus/?run_id=110202&search_id=114132&scans_id=110198&peptide_id=21686&scanf=2985&charge=2&value=sp|Q08211|DHX9_HUMAN,0,/core/www/modules/match_peptides/blast_html4.php?run_id=110202&search_id=114132&scans_id=110198&peptide_id=21686&scanf=2985&charge=2&value=0,K.YTQVGPDHNR.S,/core/www/modules/show_out/show_out_wrapper.php?run_id=110202&search_id=114132&scans_id=110198&peptide_id=21686&scanf=2985&charge=2&value=K.YTQVGPDHNR.S,DHX9,1.040e+7,3.703,0.000,3.449,0.000
2993,2,"  1.296","  0.289",7/16,/core/www/modules//sdig/index.php?run_id=110202&search_id=114132&scans_id=110198&peptide_id=21770&scanf=2993&charge=2&value=7/16,sp|O94776|MTA2_HUMAN,/core/www/modules//consensus/?run_id=110202&search_id=114132&scans_id=110198&peptide_id=21770&scanf=2993&charge=2&value=sp|O94776|MTA2_HUMAN,0,/core/www/modules/match_peptides/blast_html4.php?run_id=110202&search_id=114132&scans_id=110198&peptide_id=21770&scanf=2993&charge=2&value=0,R.LVEGESDNR.N,/core/www/modules/show_out/show_out_wrapper.php?run_id=110202&search_id=114132&scans_id=110198&peptide_id=21770&scanf=2993&charge=2&value=R.LVEGESDNR.N,MTA2,1.978e+5,2.317,0.039,1.411,0.001
2999,2,"  1.426","  0.483",6/24,/core/www/modules//sdig/index.php?run_id=110202&search_id=114132&scans_id=110198&peptide_id=21833&scanf=2999&charge=2&value=6/24,sp|P53621|COPA_HUMAN,/core/www/modules//consensus/?run_id=110202&search_id=114132&scans_id=110198&peptide_id=21833&scanf=2999&charge=2&value=sp|P53621|COPA_HUMAN,6,/core/www/modules/match_peptides/blast_html4.php?run_id=110202&search_id=114132&scans_id=110198&peptide_id=21833&scanf=2999&charge=2&value=6,K.DADSQNPDAPEGK.R,/core/www/modules/show_out/show_out_wrapper.php?run_id=110202&search_id=114132&scans_id=110198&peptide_id=21833&scanf=2999&charge=2&value=K.DADSQNPDAPEGK.R,COPA,1.223e+6,2.630,0.014,1.864,0.000
3006,2,"  2.197","  0.264",11/12,/core/www/modules//sdig/index.php?run_id=110202&search_id=114132&scans_id=110198&peptide_id=21906&scanf=3006&charge=2&value=11/12,sp|O43707|ACTN4_HUMAN,/core/www/modules//consensus/?run_id=110202&search_id=114132&scans_id=110198&peptide_id=21906&scanf=3006&charge=2&value=sp|O43707|ACTN4_HUMAN,14,/core/www/modules/match_peptides/blast_html4.php?run_id=110202&search_id=114132&scans_id=110198&peptide_id=21906&scanf=3006&charge=2&value=14,R.LDHLAEK.F,/core/www/modules/show_out/show_out_wrapper.php?run_id=110202&search_id=114132&scans_id=110198&peptide_id=21906&scanf=3006&charge=2&value=R.LDHLAEK.F,ACTN4,5.601e+6,3.386,0.001,2.979,0.000
3011,2,"  2.097","  0.509",11/18,/core/www/modules//sdig/index.php?run_id=110202&search_id=114132&scans_id=110198&peptide_id=21959&scanf=3011&charge=2&value=11/18,sp|Q9BQG0|MBB1A_HUMAN,/core/www/modules//consensus/?run_id=110202&search_id=114132&scans_id=110198&peptide_id=21959&scanf=3011&charge=2&value=sp|Q9BQG0|MBB1A_HUMAN,1,/core/www/modules/match_peptides/blast_html4.php?run_id=110202&search_id=114132&scans_id=110198&peptide_id=21959&scanf=3011&charge=2&value=1,K.ELEAHSAEAR.A,/core/www/modules/show_out/show_out_wrapper.php?run_id=110202&search_id=114132&scans_id=110198&peptide_id=21959&scanf=3011&charge=2&value=K.ELEAHSAEAR.A,MYBBP1A,2.577e+5,3.477,0.001,3.114,0.000
3023,2,"  1.633","  0.224",9/18,/core/www/modules//sdig/index.php?run_id=110202&search_id=114132&scans_id=110198&peptide_id=22084&scanf=3023&charge=2&value=9/18,sp|O14497|ARI1A_HUMAN,/core/www/modules//consensus/?run_id=110202&search_id=114132&scans_id=110198&peptide_id=22084&scanf=3023&charge=2&value=sp|O14497|ARI1A_HUMAN,2,/core/www/modules/match_peptides/blast_html4.php?run_id=110202&search_id=114132&scans_id=110198&peptide_id=22084&scanf=3023&charge=2&value=2,R.SSTLTEDGAK.S,/core/www/modules/show_out/show_out_wrapper.php?run_id=110202&search_id=114132&scans_id=110198&peptide_id=22084&scanf=3023&charge=2&value=R.SSTLTEDGAK.S,ARID1A,93188.2,2.200,0.057,1.246,0.002
3044,2,"  1.546","  0.126",7/12,/core/www/modules//sdig/index.php?run_id=110202&search_id=114132&scans_id=110198&peptide_id=22303&scanf=3044&charge=2&value=7/12,sp|P40938|RFC3_HUMAN,/core/www/modules//consensus/?run_id=110202&search_id=114132&scans_id=110198&peptide_id=22303&scanf=3044&charge=2&value=sp|P40938|RFC3_HUMAN,0,/core/www/modules/match_peptides/blast_html4.php?run_id=110202&search_id=114132&scans_id=110198&peptide_id=22303&scanf=3044&charge=2&value=0,K.EQAAQLR.N,/core/www/modules/show_out/show_out_wrapper.php?run_id=110202&search_id=114132&scans_id=110198&peptide_id=22303&scanf=3044&charge=2&value=K.EQAAQLR.N,RFC3,7.629e+5,2.102,0.078,1.109,0.003
3056,2,"  2.449","  0.419",11/14,/core/www/modules//sdig/index.php?run_id=110202&search_id=114132&scans_id=110198&peptide_id=22428&scanf=3056&charge=2&value=11/14,sp|P38159|RBMX_HUMAN,/core/www/modules//consensus/?run_id=110202&search_id=114132&scans_id=110198&peptide_id=22428&scanf=3056&charge=2&value=sp|P38159|RBMX_HUMAN,2,/core/www/modules/match_peptides/blast_html4.php?run_id=110202&search_id=114132&scans_id=110198&peptide_id=22428&scanf=3056&charge=2&value=2,R.RGPPPPPR.S,/core/www/modules/show_out/show_out_wrapper.php?run_id=110202&search_id=114132&scans_id=110198&peptide_id=22428&scanf=3056&charge=2&value=R.RGPPPPPR.S,RBMX,2.414e+7,3.273,0.002,2.812,0.000
3058,2,"  1.181","  0.257",6/20,/core/www/modules//sdig/index.php?run_id=110202&search_id=114132&scans_id=110198&peptide_id=22449&scanf=3058&charge=2&value=6/20,sp|Q14151|SAFB2_HUMAN,/core/www/modules//consensus/?run_id=110202&search_id=114132&scans_id=110198&peptide_id=22449&scanf=3058&charge=2&value=sp|Q14151|SAFB2_HUMAN,1,/core/www/modules/match_peptides/blast_html4.php?run_id=110202&search_id=114132&scans_id=110198&peptide_id=22449&scanf=3058&charge=2&value=1,R.EPAEQPGDGER.T,/core/www/modules/show_out/show_out_wrapper.php?run_id=110202&search_id=114132&scans_id=110198&peptide_id=22449&scanf=3058&charge=2&value=R.EPAEQPGDGER.T,SAFB2,1.300e+5,1.959,0.121,0.918,0.006
3074,2,"  1.608","  0.340",7/18,/core/www/modules//sdig/index.php?run_id=110202&search_id=114132&scans_id=110198&peptide_id=22617&scanf=3074&charge=2&value=7/18,sp|Q9BQG0|MBB1A_HUMAN,/core/www/modules//consensus/?run_id=110202&search_id=114132&scans_id=110198&peptide_id=22617&scanf=3074&charge=2&value=sp|Q9BQG0|MBB1A_HUMAN,1,/core/www/modules/match_peptides/blast_html4.php?run_id=110202&search_id=114132&scans_id=110198&peptide_id=22617&scanf=3074&charge=2&value=1,K.ELEAHSAEAR.A,/core/www/modules/show_out/show_out_wrapper.php?run_id=110202&search_id=114132&scans_id=110198&peptide_id=22617&scanf=3074&charge=2&value=K.ELEAHSAEAR.A,MYBBP1A,2.577e+5,2.345,0.035,1.450,0.001
3077,2,"  1.209","  0.061",8/14,/core/www/modules//sdig/index.php?run_id=110202&search_id=114132&scans_id=110198&peptide_id=22647&scanf=3077&charge=2&value=8/14,sp|P12956|XRCC6_HUMAN,/core/www/modules//consensus/?run_id=110202&search_id=114132&scans_id=110198&peptide_id=22647&scanf=3077&charge=2&value=sp|P12956|XRCC6_HUMAN,1,/core/www/modules/match_peptides/blast_html4.php?run_id=110202&search_id=114132&scans_id=110198&peptide_id=22647&scanf=3077&charge=2&value=1,R.VHFEESSK.L,/core/www/modules/show_out/show_out_wrapper.php?run_id=110202&search_id=114132&scans_id=110198&peptide_id=22647&scanf=3077&charge=2&value=R.VHFEESSK.L,XRCC6,2.366e+6,1.898,0.144,0.840,0.007
3088,2,"  1.251","  0.342",8/16,/core/www/modules//sdig/index.php?run_id=110202&search_id=114132&scans_id=110198&peptide_id=22762&scanf=3088&charge=2&value=8/16,sp|P08621|RU17_HUMAN,/core/www/modules//consensus/?run_id=110202&search_id=114132&scans_id=110198&peptide_id=22762&scanf=3088&charge=2&value=sp|P08621|RU17_HUMAN,1,/core/www/modules/match_peptides/blast_html4.php?run_id=110202&search_id=114132&scans_id=110198&peptide_id=22762&scanf=3088&charge=2&value=1,R.VNYDTTESK.L,/core/www/modules/show_out/show_out_wrapper.php?run_id=110202&search_id=114132&scans_id=110198&peptide_id=22762&scanf=3088&charge=2&value=R.VNYDTTESK.L,SNRNP70,97624.1,2.547,0.018,1.742,0.000
3090,2,"  1.061","  0.108",4/18,/core/www/modules//sdig/index.php?run_id=110202&search_id=114132&scans_id=110198&peptide_id=22783&scanf=3090&charge=2&value=4/18,sp|P78527|PRKDC_HUMAN,/core/www/modules//consensus/?run_id=110202&search_id=114132&scans_id=110198&peptide_id=22783&scanf=3090&charge=2&value=sp|P78527|PRKDC_HUMAN,0,/core/www/modules/match_peptides/blast_html4.php?run_id=110202&search_id=114132&scans_id=110198&peptide_id=22783&scanf=3090&charge=2&value=0,K.SM*EEDPQTSR.E,/core/www/modules/show_out/show_out_wrapper.php?run_id=110202&search_id=114132&scans_id=110198&peptide_id=22783&scanf=3090&charge=2&value=K.SM*EEDPQTSR.E,PRKDC,1.919e+6,2.083,0.082,1.084,0.003
3102,2,"  2.154","  0.275",8/14,/core/www/modules//sdig/index.php?run_id=110202&search_id=114132&scans_id=110198&peptide_id=22907&scanf=3102&charge=2&value=8/14,sp|P08670|VIME_HUMAN,/core/www/modules//consensus/?run_id=110202&search_id=114132&scans_id=110198&peptide_id=22907&scanf=3102&charge=2&value=sp|P08670|VIME_HUMAN,6,/core/www/modules/match_peptides/blast_html4.php?run_id=110202&search_id=114132&scans_id=110198&peptide_id=22907&scanf=3102&charge=2&value=6,K.GTNESLER.Q,/core/www/modules/show_out/show_out_wrapper.php?run_id=110202&search_id=114132&scans_id=110198&peptide_id=22907&scanf=3102&charge=2&value=K.GTNESLER.Q,VIM,9.848e+6,2.989,0.004,2.391,0.000
3103,2,"  2.209","  0.379",9/14,/core/www/modules//sdig/index.php?run_id=110202&search_id=114132&scans_id=110198&peptide_id=22918&scanf=3103&charge=2&value=9/14,sp|P19338|NUCL_HUMAN,/core/www/modules//consensus/?run_id=110202&search_id=114132&scans_id=110198&peptide_id=22918&scanf=3103&charge=2&value=sp|P19338|NUCL_HUMAN,8,/core/www/modules/match_peptides/blast_html4.php?run_id=110202&search_id=114132&scans_id=110198&peptide_id=22918&scanf=3103&charge=2&value=8,K.QGTEIDGR.S,/core/www/modules/show_out/show_out_wrapper.php?run_id=110202&search_id=114132&scans_id=110198&peptide_id=22918&scanf=3103&charge=2&value=K.QGTEIDGR.S,NCL,4.140e+6,3.196,0.002,2.697,0.000
3104,3,"  2.298","  0.299",12/40,/core/www/modules//sdig/index.php?run_id=110202&search_id=114132&scans_id=110198&peptide_id=22928&scanf=3104&charge=3&value=12/40,sp|P14866|HNRPL_HUMAN,/core/www/modules//consensus/?run_id=110202&search_id=114132&scans_id=110198&peptide_id=22928&scanf=3104&charge=3&value=sp|P14866|HNRPL_HUMAN,5,/core/www/modules/match_peptides/blast_html4.php?run_id=110202&search_id=114132&scans_id=110198&peptide_id=22928&scanf=3104&charge=3&value=5,K.ISRPGDSDDSR.S,/core/www/modules/show_out/show_out_wrapper.php?run_id=110202&search_id=114132&scans_id=110198&peptide_id=22928&scanf=3104&charge=3&value=K.ISRPGDSDDSR.S,HNRNPL,7.032e+6,2.689,0.011,1.950,0.000
3111,2,"  1.045","  0.452",6/14,/core/www/modules//sdig/index.php?run_id=110202&search_id=114132&scans_id=110198&peptide_id=23002&scanf=3111&charge=2&value=6/14,sp|P61978|HNRPK_HUMAN,/core/www/modules//consensus/?run_id=110202&search_id=114132&scans_id=110198&peptide_id=23002&scanf=3111&charge=2&value=sp|P61978|HNRPK_HUMAN,1,/core/www/modules/match_peptides/blast_html4.php?run_id=110202&search_id=114132&scans_id=110198&peptide_id=23002&scanf=3111&charge=2&value=1,R.DYDDM*SPR.R,/core/www/modules/show_out/show_out_wrapper.php?run_id=110202&search_id=114132&scans_id=110198&peptide_id=23002&scanf=3111&charge=2&value=R.DYDDM*SPR.R,HNRNPK,1.873e+6,3.001,0.004,2.409,0.000
3113,2,"  2.128","  0.453",9/18,/core/www/modules//sdig/index.php?run_id=110202&search_id=114132&scans_id=110198&peptide_id=23023&scanf=3113&charge=2&value=9/18,sp|P62873|GBB1_HUMAN,/core/www/modules//consensus/?run_id=110202&search_id=114132&scans_id=110198&peptide_id=23023&scanf=3113&charge=2&value=sp|P62873|GBB1_HUMAN,6,/core/www/modules/match_peptides/blast_html4.php?run_id=110202&search_id=114132&scans_id=110198&peptide_id=23023&scanf=3113&charge=2&value=6,R.AGVLAGHDNR.V,/core/www/modules/show_out/show_out_wrapper.php?run_id=110202&search_id=114132&scans_id=110198&peptide_id=23023&scanf=3113&charge=2&value=R.AGVLAGHDNR.V,GNB1,1.838e+5,2.858,0.006,2.199,0.000
3127,2,"  2.733","  0.453",12/16,/core/www/modules//sdig/index.php?run_id=110202&search_id=114132&scans_id=110198&peptide_id=23168&scanf=3127&charge=2&value=12/16,sp|P18621|RL17_HUMAN,/core/www/modules//consensus/?run_id=110202&search_id=114132&scans_id=110198&peptide_id=23168&scanf=3127&charge=2&value=sp|P18621|RL17_HUMAN,9,/core/www/modules/match_peptides/blast_html4.php?run_id=110202&search_id=114132&scans_id=110198&peptide_id=23168&scanf=3127&charge=2&value=9,K.NAESNAELK.G,/core/www/modules/show_out/show_out_wrapper.php?run_id=110202&search_id=114132&scans_id=110198&peptide_id=23168&scanf=3127&charge=2&value=K.NAESNAELK.G,RPL17,9.164e+6,3.409,0.001,3.014,0.000
3128,2,"  2.581","  0.546",12/18,/core/www/modules//sdig/index.php?run_id=110202&search_id=114132&scans_id=110198&peptide_id=23179&scanf=3128&charge=2&value=12/18,sp|O95758|PTBP3_HUMAN,/core/www/modules//consensus/?run_id=110202&search_id=114132&scans_id=110198&peptide_id=23179&scanf=3128&charge=2&value=sp|O95758|PTBP3_HUMAN,6,/core/www/modules/match_peptides/blast_html4.php?run_id=110202&search_id=114132&scans_id=110198&peptide_id=23179&scanf=3128&charge=2&value=6,R.EGQEDQGLTK.D,/core/www/modules/show_out/show_out_wrapper.php?run_id=110202&search_id=114132&scans_id=110198&peptide_id=23179&scanf=3128&charge=2&value=R.EGQEDQGLTK.D,PTBP3,1.025e+7,3.543,0.001,3.213,0.000
3130,2,"  2.378","  0.280",10/16,/core/www/modules//sdig/index.php?run_id=110202&search_id=114132&scans_id=110198&peptide_id=23200&scanf=3130&charge=2&value=10/16,sp|P78527|PRKDC_HUMAN,/core/www/modules//consensus/?run_id=110202&search_id=114132&scans_id=110198&peptide_id=23200&scanf=3130&charge=2&value=sp|P78527|PRKDC_HUMAN,0,/core/www/modules/match_peptides/blast_html4.php?run_id=110202&search_id=114132&scans_id=110198&peptide_id=23200&scanf=3130&charge=2&value=0,K.TSALSDETK.N,/core/www/modules/show_out/show_out_wrapper.php?run_id=110202&search_id=114132&scans_id=110198&peptide_id=23200&scanf=3130&charge=2&value=K.TSALSDETK.N,PRKDC,5.911e+6,3.442,0.001,3.062,0.000
3131,2,"  2.013","  0.534",9/14,/core/www/modules//sdig/index.php?run_id=110202&search_id=114132&scans_id=110198&peptide_id=23211&scanf=3131&charge=2&value=9/14,sp|P38159|RBMX_HUMAN,/core/www/modules//consensus/?run_id=110202&search_id=114132&scans_id=110198&peptide_id=23211&scanf=3131&charge=2&value=sp|P38159|RBMX_HUMAN,2,/core/www/modules/match_peptides/blast_html4.php?run_id=110202&search_id=114132&scans_id=110198&peptide_id=23211&scanf=3131&charge=2&value=2,R.YDDYSSSR.D,/core/www/modules/show_out/show_out_wrapper.php?run_id=110202&search_id=114132&scans_id=110198&peptide_id=23211&scanf=3131&charge=2&value=R.YDDYSSSR.D,RBMX,3.051e+6,3.689,0.000,3.428,0.000
3132,3,"  1.966","  0.340",12/36,/core/www/modules//sdig/index.php?run_id=110202&search_id=114132&scans_id=110198&peptide_id=23221&scanf=3132&charge=3&value=12/36,sp|O60264|SMCA5_HUMAN,/core/www/modules//consensus/?run_id=110202&search_id=114132&scans_id=110198&peptide_id=23221&scanf=3132&charge=3&value=sp|O60264|SMCA5_HUMAN,3,/core/www/modules/match_peptides/blast_html4.php?run_id=110202&search_id=114132&scans_id=110198&peptide_id=23221&scanf=3132&charge=3&value=3,R.HGATHVFASK.E,/core/www/modules/show_out/show_out_wrapper.php?run_id=110202&search_id=114132&scans_id=110198&peptide_id=23221&scanf=3132&charge=3&value=R.HGATHVFASK.E,SMARCA5,1.756e+6,2.944,0.005,2.326,0.000
3146,2,"  1.317","  0.151",6/12,/core/www/modules//sdig/index.php?run_id=110202&search_id=114132&scans_id=110198&peptide_id=23367&scanf=3146&charge=2&value=6/12,sp|Q13838|DX39B_HUMAN,/core/www/modules//consensus/?run_id=110202&search_id=114132&scans_id=110198&peptide_id=23367&scanf=3146&charge=2&value=sp|Q13838|DX39B_HUMAN,4,/core/www/modules/match_peptides/blast_html4.php?run_id=110202&search_id=114132&scans_id=110198&peptide_id=23367&scanf=3146&charge=2&value=4,R.GMPQEER.L,/core/www/modules/show_out/show_out_wrapper.php?run_id=110202&search_id=114132&scans_id=110198&peptide_id=23367&scanf=3146&charge=2&value=R.GMPQEER.L,DDX39B,2.948e+6,2.060,0.089,1.052,0.004
3148,2,"  2.351","  0.439",11/16,/core/www/modules//sdig/index.php?run_id=110202&search_id=114132&scans_id=110198&peptide_id=23388&scanf=3148&charge=2&value=11/16,sp|P19338|NUCL_HUMAN,/core/www/modules//consensus/?run_id=110202&search_id=114132&scans_id=110198&peptide_id=23388&scanf=3148&charge=2&value=sp|P19338|NUCL_HUMAN,7,/core/www/modules/match_peptides/blast_html4.php?run_id=110202&search_id=114132&scans_id=110198&peptide_id=23388&scanf=3148&charge=2&value=7,K.NSTWSGESK.T,/core/www/modules/show_out/show_out_wrapper.php?run_id=110202&search_id=114132&scans_id=110198&peptide_id=23388&scanf=3148&charge=2&value=K.NSTWSGESK.T,NCL,1.506e+6,3.444,0.001,3.065,0.000
3168,2,"  1.954","  0.301",8/12,/core/www/modules//sdig/index.php?run_id=110202&search_id=114132&scans_id=110198&peptide_id=23598&scanf=3168&charge=2&value=8/12,sp|P07900|HS90A_HUMAN,/core/www/modules//consensus/?run_id=110202&search_id=114132&scans_id=110198&peptide_id=23598&scanf=3168&charge=2&value=sp|P07900|HS90A_HUMAN,2,/core/www/modules/match_peptides/blast_html4.php?run_id=110202&search_id=114132&scans_id=110198&peptide_id=23598&scanf=3168&charge=2&value=2,R.EMLQQSK.I,/core/www/modules/show_out/show_out_wrapper.php?run_id=110202&search_id=114132&scans_id=110198&peptide_id=23598&scanf=3168&charge=2&value=R.EMLQQSK.I,HSP90AA1,4.978e+6,2.947,0.005,2.329,0.000
3169,2,"  2.273","  0.388",12/14,/core/www/modules//sdig/index.php?run_id=110202&search_id=114132&scans_id=110198&peptide_id=23608&scanf=3169&charge=2&value=12/14,sp|P30050|RL12_HUMAN,/core/www/modules//consensus/?run_id=110202&search_id=114132&scans_id=110198&peptide_id=23608&scanf=3169&charge=2&value=sp|P30050|RL12_HUMAN,0,/core/www/modules/match_peptides/blast_html4.php?run_id=110202&search_id=114132&scans_id=110198&peptide_id=23608&scanf=3169&charge=2&value=0,K.KVGDDIAK.A,/core/www/modules/show_out/show_out_wrapper.php?run_id=110202&search_id=114132&scans_id=110198&peptide_id=23608&scanf=3169&charge=2&value=K.KVGDDIAK.A,RPL12,6.188e+6,3.025,0.004,2.445,0.000
3170,2,"  1.374","  0.268",8/16,/core/www/modules//sdig/index.php?run_id=110202&search_id=114132&scans_id=110198&peptide_id=23619&scanf=3170&charge=2&value=8/16,sp|P62888|RL30_HUMAN,/core/www/modules//consensus/?run_id=110202&search_id=114132&scans_id=110198&peptide_id=23619&scanf=3170&charge=2&value=sp|P62888|RL30_HUMAN,2,/core/www/modules/match_peptides/blast_html4.php?run_id=110202&search_id=114132&scans_id=110198&peptide_id=23619&scanf=3170&charge=2&value=2,R.SMPEQTGEK.-,/core/www/modules/show_out/show_out_wrapper.php?run_id=110202&search_id=114132&scans_id=110198&peptide_id=23619&scanf=3170&charge=2&value=R.SMPEQTGEK.-,RPL30,9.577e+5,2.301,0.041,1.389,0.001
3178,2,"  1.491","  0.193",8/12,/core/www/modules//sdig/index.php?run_id=110202&search_id=114132&scans_id=110198&peptide_id=23703&scanf=3178&charge=2&value=8/12,sp|Q9UIG0|BAZ1B_HUMAN,/core/www/modules//consensus/?run_id=110202&search_id=114132&scans_id=110198&peptide_id=23703&scanf=3178&charge=2&value=sp|Q9UIG0|BAZ1B_HUMAN,0,/core/www/modules/match_peptides/blast_html4.php?run_id=110202&search_id=114132&scans_id=110198&peptide_id=23703&scanf=3178&charge=2&value=0,R.EAQTFSR.M,/core/www/modules/show_out/show_out_wrapper.php?run_id=110202&search_id=114132&scans_id=110198&peptide_id=23703&scanf=3178&charge=2&value=R.EAQTFSR.M,BAZ1B,1.188e+5,2.486,0.022,1.655,0.001
3191,2,"  1.475","  0.373",12/16,/core/www/modules//sdig/index.php?run_id=110202&search_id=114132&scans_id=110198&peptide_id=23839&scanf=3191&charge=2&value=12/16,sp|P62277|RS13_HUMAN,/core/www/modules//consensus/?run_id=110202&search_id=114132&scans_id=110198&peptide_id=23839&scanf=3191&charge=2&value=sp|P62277|RS13_HUMAN,2,/core/www/modules/match_peptides/blast_html4.php?run_id=110202&search_id=114132&scans_id=110198&peptide_id=23839&scanf=3191&charge=2&value=2,R.DSHGVAQVR.F,/core/www/modules/show_out/show_out_wrapper.php?run_id=110202&search_id=114132&scans_id=110198&peptide_id=23839&scanf=3191&charge=2&value=R.DSHGVAQVR.F,RPS13,4.640e+6,3.060,0.003,2.496,0.000
3193,2,"  1.981","  0.211",8/14,/core/www/modules//sdig/index.php?run_id=110202&search_id=114132&scans_id=110198&peptide_id=23860&scanf=3193&charge=2&value=8/14,sp|O76021|RL1D1_HUMAN,/core/www/modules//consensus/?run_id=110202&search_id=114132&scans_id=110198&peptide_id=23860&scanf=3193&charge=2&value=sp|O76021|RL1D1_HUMAN,1,/core/www/modules/match_peptides/blast_html4.php?run_id=110202&search_id=114132&scans_id=110198&peptide_id=23860&scanf=3193&charge=2&value=1,K.SPNPSTPR.G,/core/www/modules/show_out/show_out_wrapper.php?run_id=110202&search_id=114132&scans_id=110198&peptide_id=23860&scanf=3193&charge=2&value=K.SPNPSTPR.G,RSL1D1,1.028e+6,2.366,0.033,1.481,0.001
3200,2,"  1.344","  0.285",6/14,/core/www/modules//sdig/index.php?run_id=110202&search_id=114132&scans_id=110198&peptide_id=23934&scanf=3200&charge=2&value=6/14,sp|P30101|PDIA3_HUMAN,/core/www/modules//consensus/?run_id=110202&search_id=114132&scans_id=110198&peptide_id=23934&scanf=3200&charge=2&value=sp|P30101|PDIA3_HUMAN,11,/core/www/modules/match_peptides/blast_html4.php?run_id=110202&search_id=114132&scans_id=110198&peptide_id=23934&scanf=3200&charge=2&value=11,K.TVAYTEQK.M,/core/www/modules/show_out/show_out_wrapper.php?run_id=110202&search_id=114132&scans_id=110198&peptide_id=23934&scanf=3200&charge=2&value=K.TVAYTEQK.M,PDIA3,1.718e+6,2.357,0.034,1.468,0.001
3209,2,"  1.417","  0.317",7/14,/core/www/modules//sdig/index.php?run_id=110202&search_id=114132&scans_id=110198&peptide_id=24027&scanf=3209&charge=2&value=7/14,sp|P38159|RBMX_HUMAN,/core/www/modules//consensus/?run_id=110202&search_id=114132&scans_id=110198&peptide_id=24027&scanf=3209&charge=2&value=sp|P38159|RBMX_HUMAN,3,/core/www/modules/match_peptides/blast_html4.php?run_id=110202&search_id=114132&scans_id=110198&peptide_id=24027&scanf=3209&charge=2&value=3,R.SAPSGPVR.S,/core/www/modules/show_out/show_out_wrapper.php?run_id=110202&search_id=114132&scans_id=110198&peptide_id=24027&scanf=3209&charge=2&value=R.SAPSGPVR.S,RBMX,1.403e+7,2.706,0.011,1.975,0.000
3211,2,"  1.579","  0.378",7/12,/core/www/modules//sdig/index.php?run_id=110202&search_id=114132&scans_id=110198&peptide_id=24048&scanf=3211&charge=2&value=7/12,sp|Q08170|SRSF4_HUMAN,/core/www/modules//consensus/?run_id=110202&search_id=114132&scans_id=110198&peptide_id=24048&scanf=3211&charge=2&value=sp|Q08170|SRSF4_HUMAN,6,/core/www/modules/match_peptides/blast_html4.php?run_id=110202&search_id=114132&scans_id=110198&peptide_id=24048&scanf=3211&charge=2&value=6,R.VIVEHAR.G,/core/www/modules/show_out/show_out_wrapper.php?run_id=110202&search_id=114132&scans_id=110198&peptide_id=24048&scanf=3211&charge=2&value=R.VIVEHAR.G,SRSF4,3.125e+6,2.929,0.005,2.303,0.000
3214,2,"  1.555","  0.193",8/12,/core/www/modules//sdig/index.php?run_id=110202&search_id=114132&scans_id=110198&peptide_id=24080&scanf=3214&charge=2&value=8/12,sp|P11387|TOP1_HUMAN,/core/www/modules//consensus/?run_id=110202&search_id=114132&scans_id=110198&peptide_id=24080&scanf=3214&charge=2&value=sp|P11387|TOP1_HUMAN,1,/core/www/modules/match_peptides/blast_html4.php?run_id=110202&search_id=114132&scans_id=110198&peptide_id=24080&scanf=3214&charge=2&value=1,K.EQLADAR.R,/core/www/modules/show_out/show_out_wrapper.php?run_id=110202&search_id=114132&scans_id=110198&peptide_id=24080&scanf=3214&charge=2&value=K.EQLADAR.R,TOP1,2.205e+6,2.533,0.019,1.722,0.000
3215,2,"  1.738","  0.158",6/16,/core/www/modules//sdig/index.php?run_id=110202&search_id=114132&scans_id=110198&peptide_id=24091&scanf=3215&charge=2&value=6/16,sp|P07900|HS90A_HUMAN,/core/www/modules//consensus/?run_id=110202&search_id=114132&scans_id=110198&peptide_id=24091&scanf=3215&charge=2&value=sp|P07900|HS90A_HUMAN,0,/core/www/modules/match_peptides/blast_html4.php?run_id=110202&search_id=114132&scans_id=110198&peptide_id=24091&scanf=3215&charge=2&value=0,R.TDTGEPM*GR.G,/core/www/modules/show_out/show_out_wrapper.php?run_id=110202&search_id=114132&scans_id=110198&peptide_id=24091&scanf=3215&charge=2&value=R.TDTGEPM*GR.G,HSP90AA1,2.430e+6,2.023,0.099,1.002,0.005
3230,2,"  1.557","  0.135",7/12,/core/www/modules//sdig/index.php?run_id=110202&search_id=114132&scans_id=110198&peptide_id=24247&scanf=3230&charge=2&value=7/12,sp|P12956|XRCC6_HUMAN,/core/www/modules//consensus/?run_id=110202&search_id=114132&scans_id=110198&peptide_id=24247&scanf=3230&charge=2&value=sp|P12956|XRCC6_HUMAN,1,/core/www/modules/match_peptides/blast_html4.php?run_id=110202&search_id=114132&scans_id=110198&peptide_id=24247&scanf=3230&charge=2&value=1,R.SQIYGSR.Q,/core/www/modules/show_out/show_out_wrapper.php?run_id=110202&search_id=114132&scans_id=110198&peptide_id=24247&scanf=3230&charge=2&value=R.SQIYGSR.Q,XRCC6,3.058e+6,2.165,0.064,1.196,0.002
3231,2,"  1.385","  0.365",8/12,/core/www/modules//sdig/index.php?run_id=110202&search_id=114132&scans_id=110198&peptide_id=24258&scanf=3231&charge=2&value=8/12,sp|P31943|HNRH1_HUMAN,/core/www/modules//consensus/?run_id=110202&search_id=114132&scans_id=110198&peptide_id=24258&scanf=3231&charge=2&value=sp|P31943|HNRH1_HUMAN,8,/core/www/modules/match_peptides/blast_html4.php?run_id=110202&search_id=114132&scans_id=110198&peptide_id=24258&scanf=3231&charge=2&value=8,R.THYDPPR.K,/core/www/modules/show_out/show_out_wrapper.php?run_id=110202&search_id=114132&scans_id=110198&peptide_id=24258&scanf=3231&charge=2&value=R.THYDPPR.K,HNRNPH1,1.084e+7,2.963,0.004,2.353,0.000
3233,2,"  1.027","  0.156",6/14,/core/www/modules//sdig/index.php?run_id=110202&search_id=114132&scans_id=110198&peptide_id=24279&scanf=3233&charge=2&value=6/14,sp|P16104|H2AX_HUMAN,/core/www/modules//consensus/?run_id=110202&search_id=114132&scans_id=110198&peptide_id=24279&scanf=3233&charge=2&value=sp|P16104|H2AX_HUMAN,0,/core/www/modules/match_peptides/blast_html4.php?run_id=110202&search_id=114132&scans_id=110198&peptide_id=24279&scanf=3233&charge=2&value=0,K.ATQASQEY.-,/core/www/modules/show_out/show_out_wrapper.php?run_id=110202&search_id=114132&scans_id=110198&peptide_id=24279&scanf=3233&charge=2&value=K.ATQASQEY.-,H2AX,1.729e+6,1.837,0.173,0.763,0.009
3236,3,"  2.040","  0.387",13/40,/core/www/modules//sdig/index.php?run_id=110202&search_id=114132&scans_id=110198&peptide_id=24311&scanf=3236&charge=3&value=13/40,sp|P12814|ACTN1_HUMAN,/core/www/modules//consensus/?run_id=110202&search_id=114132&scans_id=110198&peptide_id=24311&scanf=3236&charge=3&value=sp|P12814|ACTN1_HUMAN,11,/core/www/modules/match_peptides/blast_html4.php?run_id=110202&search_id=114132&scans_id=110198&peptide_id=24311&scanf=3236&charge=3&value=11,R.RDQALTEEHAR.Q,/core/www/modules/show_out/show_out_wrapper.php?run_id=110202&search_id=114132&scans_id=110198&peptide_id=24311&scanf=3236&charge=3&value=R.RDQALTEEHAR.Q,ACTN1,6.347e+5,2.715,0.010,1.988,0.000
3237,2,"  1.491","  0.321",7/12,/core/www/modules//sdig/index.php?run_id=110202&search_id=114132&scans_id=110198&peptide_id=24321&scanf=3237&charge=2&value=7/12,sp|P52272|HNRPM_HUMAN,/core/www/modules//consensus/?run_id=110202&search_id=114132&scans_id=110198&peptide_id=24321&scanf=3237&charge=2&value=sp|P52272|HNRPM_HUMAN,2,/core/www/modules/match_peptides/blast_html4.php?run_id=110202&search_id=114132&scans_id=110198&peptide_id=24321&scanf=3237&charge=2&value=2,R.MGQTMER.I,/core/www/modules/show_out/show_out_wrapper.php?run_id=110202&search_id=114132&scans_id=110198&peptide_id=24321&scanf=3237&charge=2&value=R.MGQTMER.I,HNRNPM,7.186e+5,2.942,0.005,2.323,0.000
3254,3,"  2.192","  0.415",11/40,/core/www/modules//sdig/index.php?run_id=110202&search_id=114132&scans_id=110198&peptide_id=24499&scanf=3254&charge=3&value=11/40,sp|Q15717|ELAV1_HUMAN,/core/www/modules//consensus/?run_id=110202&search_id=114132&scans_id=110198&peptide_id=24499&scanf=3254&charge=3&value=sp|Q15717|ELAV1_HUMAN,0,/core/www/modules/match_peptides/blast_html4.php?run_id=110202&search_id=114132&scans_id=110198&peptide_id=24499&scanf=3254&charge=3&value=0,R.FGGPVHHQAQR.F,/core/www/modules/show_out/show_out_wrapper.php?run_id=110202&search_id=114132&scans_id=110198&peptide_id=24499&scanf=3254&charge=3&value=R.FGGPVHHQAQR.F,ELAVL1,3.552e+6,2.938,0.005,2.317,0.000
3256,3,"  3.517","  0.489",16/44,/core/www/modules//sdig/index.php?run_id=110202&search_id=114132&scans_id=110198&peptide_id=24520&scanf=3256&charge=3&value=16/44,sp|Q8TAQ2|SMRC2_HUMAN,/core/www/modules//consensus/?run_id=110202&search_id=114132&scans_id=110198&peptide_id=24520&scanf=3256&charge=3&value=sp|Q8TAQ2|SMRC2_HUMAN,1,/core/www/modules/match_peptides/blast_html4.php?run_id=110202&search_id=114132&scans_id=110198&peptide_id=24520&scanf=3256&charge=3&value=1,R.GHREEEQEDLTK.D,/core/www/modules/show_out/show_out_wrapper.php?run_id=110202&search_id=114132&scans_id=110198&peptide_id=24520&scanf=3256&charge=3&value=R.GHREEEQEDLTK.D,SMARCC2,1.877e+6,3.183,0.002,2.678,0.000
3259,2,"  1.370","  0.202",7/18,/core/www/modules//sdig/index.php?run_id=110202&search_id=114132&scans_id=110198&peptide_id=24552&scanf=3259&charge=2&value=7/18,sp|O00541|PESC_HUMAN,/core/www/modules//consensus/?run_id=110202&search_id=114132&scans_id=110198&peptide_id=24552&scanf=3259&charge=2&value=sp|O00541|PESC_HUMAN,3,/core/www/modules/match_peptides/blast_html4.php?run_id=110202&search_id=114132&scans_id=110198&peptide_id=24552&scanf=3259&charge=2&value=3,K.LEGQAQAEAK.A,/core/www/modules/show_out/show_out_wrapper.php?run_id=110202&search_id=114132&scans_id=110198&peptide_id=24552&scanf=3259&charge=2&value=K.LEGQAQAEAK.A,PES1,2.236e+6,1.907,0.141,0.851,0.007
3269,3,"  2.527","  0.494",13/28,/core/www/modules//sdig/index.php?run_id=110202&search_id=114132&scans_id=110198&peptide_id=24657&scanf=3269&charge=3&value=13/28,sp|Q8IXT5|RB12B_HUMAN,/core/www/modules//consensus/?run_id=110202&search_id=114132&scans_id=110198&peptide_id=24657&scanf=3269&charge=3&value=sp|Q8IXT5|RB12B_HUMAN,2,/core/www/modules/match_peptides/blast_html4.php?run_id=110202&search_id=114132&scans_id=110198&peptide_id=24657&scanf=3269&charge=3&value=2,R.RPPQEHFR.R,/core/www/modules/show_out/show_out_wrapper.php?run_id=110202&search_id=114132&scans_id=110198&peptide_id=24657&scanf=3269&charge=3&value=R.RPPQEHFR.R,RBM12B,1.016e+7,3.683,0.000,3.419,0.000
3272,2,"  2.080","  0.403",9/14,/core/www/modules//sdig/index.php?run_id=110202&search_id=114132&scans_id=110198&peptide_id=24687&scanf=3272&charge=2&value=9/14,sp|P51531|SMCA2_HUMAN,/core/www/modules//consensus/?run_id=110202&search_id=114132&scans_id=110198&peptide_id=24687&scanf=3272&charge=2&value=sp|P51531|SMCA2_HUMAN,20,/core/www/modules/match_peptides/blast_html4.php?run_id=110202&search_id=114132&scans_id=110198&peptide_id=24687&scanf=3272&charge=2&value=20,R.IGQQNEVR.V,/core/www/modules/show_out/show_out_wrapper.php?run_id=110202&search_id=114132&scans_id=110198&peptide_id=24687&scanf=3272&charge=2&value=R.IGQQNEVR.V,SMARCA2,1.516e+7,3.283,0.001,2.826,0.000
3273,2,"  2.813","  0.474",12/18,/core/www/modules//sdig/index.php?run_id=110202&search_id=114132&scans_id=110198&peptide_id=24698&scanf=3273&charge=2&value=12/18,sp|P22626|ROA2_HUMAN,/core/www/modules//consensus/?run_id=110202&search_id=114132&scans_id=110198&peptide_id=24698&scanf=3273&charge=2&value=sp|P22626|ROA2_HUMAN,7,/core/www/modules/match_peptides/blast_html4.php?run_id=110202&search_id=114132&scans_id=110198&peptide_id=24698&scanf=3273&charge=2&value=7,R.QEM*QEVQSSR.S,/core/www/modules/show_out/show_out_wrapper.php?run_id=110202&search_id=114132&scans_id=110198&peptide_id=24698&scanf=3273&charge=2&value=R.QEM*QEVQSSR.S,HNRNPA2B1,3.799e+6,3.328,0.001,2.893,0.000
3295,2,"  1.417","  0.195",7/12,/core/www/modules//sdig/index.php?run_id=110202&search_id=114132&scans_id=110198&peptide_id=24928&scanf=3295&charge=2&value=7/12,sp|Q15424|SAFB1_HUMAN,/core/www/modules//consensus/?run_id=110202&search_id=114132&scans_id=110198&peptide_id=24928&scanf=3295&charge=2&value=sp|Q15424|SAFB1_HUMAN,1,/core/www/modules/match_peptides/blast_html4.php?run_id=110202&search_id=114132&scans_id=110198&peptide_id=24928&scanf=3295&charge=2&value=1,R.YHSDFNR.Q,/core/www/modules/show_out/show_out_wrapper.php?run_id=110202&search_id=114132&scans_id=110198&peptide_id=24928&scanf=3295&charge=2&value=R.YHSDFNR.Q,SAFB,1.992e+6,2.225,0.052,1.281,0.002
3296,2,"  3.273","  0.635",16/28,/core/www/modules//sdig/index.php?run_id=110202&search_id=114132&scans_id=110198&peptide_id=24939&scanf=3296&charge=2&value=16/28,sp|Q13151|ROA0_HUMAN,/core/www/modules//consensus/?run_id=110202&search_id=114132&scans_id=110198&peptide_id=24939&scanf=3296&charge=2&value=sp|Q13151|ROA0_HUMAN,0,/core/www/modules/match_peptides/blast_html4.php?run_id=110202&search_id=114132&scans_id=110198&peptide_id=24939&scanf=3296&charge=2&value=0,K.SGGGGGGGGSSWGGR.S,/core/www/modules/show_out/show_out_wrapper.php?run_id=110202&search_id=114132&scans_id=110198&peptide_id=24939&scanf=3296&charge=2&value=K.SGGGGGGGGSSWGGR.S,HNRNPA0,7.314e+5,3.538,0.001,3.205,0.000
3311,2,"  1.762","  0.236",11/16,/core/www/modules//sdig/index.php?run_id=110202&search_id=114132&scans_id=110198&peptide_id=25097&scanf=3311&charge=2&value=11/16,sp|O95793|STAU1_HUMAN,/core/www/modules//consensus/?run_id=110202&search_id=114132&scans_id=110198&peptide_id=25097&scanf=3311&charge=2&value=sp|O95793|STAU1_HUMAN,2,/core/www/modules/match_peptides/blast_html4.php?run_id=110202&search_id=114132&scans_id=110198&peptide_id=25097&scanf=3311&charge=2&value=2,R.ESEEENLNK.S,/core/www/modules/show_out/show_out_wrapper.php?run_id=110202&search_id=114132&scans_id=110198&peptide_id=25097&scanf=3311&charge=2&value=R.ESEEENLNK.S,STAU1,7.280e+5,2.571,0.017,1.778,0.000
3314,2,"  1.499","  0.161",7/12,/core/www/modules//sdig/index.php?run_id=110202&search_id=114132&scans_id=110198&peptide_id=25127&scanf=3314&charge=2&value=7/12,sp|P62701|RS4X_HUMAN,/core/www/modules//consensus/?run_id=110202&search_id=114132&scans_id=110198&peptide_id=25127&scanf=3314&charge=2&value=sp|P62701|RS4X_HUMAN,0,/core/www/modules/match_peptides/blast_html4.php?run_id=110202&search_id=114132&scans_id=110198&peptide_id=25127&scanf=3314&charge=2&value=0,R.ITPEEAK.Y,/core/www/modules/show_out/show_out_wrapper.php?run_id=110202&search_id=114132&scans_id=110198&peptide_id=25127&scanf=3314&charge=2&value=R.ITPEEAK.Y,RPS4X,8.691e+6,2.166,0.063,1.198,0.002
3318,2,"  1.122","  0.018",7/12,/core/www/modules//sdig/index.php?run_id=110202&search_id=114132&scans_id=110198&peptide_id=25169&scanf=3318&charge=2&value=7/12,sp|P52272|HNRPM_HUMAN,/core/www/modules//consensus/?run_id=110202&search_id=114132&scans_id=110198&peptide_id=25169&scanf=3318&charge=2&value=sp|P52272|HNRPM_HUMAN,2,/core/www/modules/match_peptides/blast_html4.php?run_id=110202&search_id=114132&scans_id=110198&peptide_id=25169&scanf=3318&charge=2&value=2,R.MGSGIER.M,/core/www/modules/show_out/show_out_wrapper.php?run_id=110202&search_id=114132&scans_id=110198&peptide_id=25169&scanf=3318&charge=2&value=R.MGSGIER.M,HNRNPM,4.142e+6,1.866,0.159,0.800,0.008
3335,2,"  2.191","  0.526",9/16,/core/www/modules//sdig/index.php?run_id=110202&search_id=114132&scans_id=110198&peptide_id=25347&scanf=3335&charge=2&value=9/16,sp|P07900|HS90A_HUMAN,/core/www/modules//consensus/?run_id=110202&search_id=114132&scans_id=110198&peptide_id=25347&scanf=3335&charge=2&value=sp|P07900|HS90A_HUMAN,0,/core/www/modules/match_peptides/blast_html4.php?run_id=110202&search_id=114132&scans_id=110198&peptide_id=25347&scanf=3335&charge=2&value=0,R.TDTGEPMGR.G,/core/www/modules/show_out/show_out_wrapper.php?run_id=110202&search_id=114132&scans_id=110198&peptide_id=25347&scanf=3335&charge=2&value=R.TDTGEPMGR.G,HSP90AA1,1.076e+7,3.495,0.001,3.140,0.000
3337,3,"  1.699","  0.264",9/44,/core/www/modules//sdig/index.php?run_id=110202&search_id=114132&scans_id=110198&peptide_id=25368&scanf=3337&charge=3&value=9/44,sp|P02545|LMNA_HUMAN,/core/www/modules//consensus/?run_id=110202&search_id=114132&scans_id=110198&peptide_id=25368&scanf=3337&charge=3&value=sp|P02545|LMNA_HUMAN,6,/core/www/modules/match_peptides/blast_html4.php?run_id=110202&search_id=114132&scans_id=110198&peptide_id=25368&scanf=3337&charge=3&value=6,R.AQHEDQVEQYKK.E,/core/www/modules/show_out/show_out_wrapper.php?run_id=110202&search_id=114132&scans_id=110198&peptide_id=25368&scanf=3337&charge=3&value=R.AQHEDQVEQYKK.E,LMNA,7.460e+6,2.062,0.088,1.055,0.004
3353,2,"  1.509","  0.294",7/14,/core/www/modules//sdig/index.php?run_id=110202&search_id=114132&scans_id=110198&peptide_id=25537&scanf=3353&charge=2&value=7/14,sp|P52272|HNRPM_HUMAN,/core/www/modules//consensus/?run_id=110202&search_id=114132&scans_id=110198&peptide_id=25537&scanf=3353&charge=2&value=sp|P52272|HNRPM_HUMAN,5,/core/www/modules/match_peptides/blast_html4.php?run_id=110202&search_id=114132&scans_id=110198&peptide_id=25537&scanf=3353&charge=2&value=5,R.M*GANSLER.M,/core/www/modules/show_out/show_out_wrapper.php?run_id=110202&search_id=114132&scans_id=110198&peptide_id=25537&scanf=3353&charge=2&value=R.M*GANSLER.M,HNRNPM,1.589e+5,2.561,0.017,1.763,0.000
3377,2,"  1.371","  0.151",7/14,/core/www/modules//sdig/index.php?run_id=110202&search_id=114132&scans_id=110198&peptide_id=25787&scanf=3377&charge=2&value=7/14,sp|Q92878|RAD50_HUMAN,/core/www/modules//consensus/?run_id=110202&search_id=114132&scans_id=110198&peptide_id=25787&scanf=3377&charge=2&value=sp|Q92878|RAD50_HUMAN,6,/core/www/modules/match_peptides/blast_html4.php?run_id=110202&search_id=114132&scans_id=110198&peptide_id=25787&scanf=3377&charge=2&value=6,K.VAQETDVR.A,/core/www/modules/show_out/show_out_wrapper.php?run_id=110202&search_id=114132&scans_id=110198&peptide_id=25787&scanf=3377&charge=2&value=K.VAQETDVR.A,RAD50,1.120e+6,2.059,0.089,1.051,0.004
3382,2,"  1.674","  0.633",9/24,/core/www/modules//sdig/index.php?run_id=110202&search_id=114132&scans_id=110198&peptide_id=25840&scanf=3382&charge=2&value=9/24,sp|P53621|COPA_HUMAN,/core/www/modules//consensus/?run_id=110202&search_id=114132&scans_id=110198&peptide_id=25840&scanf=3382&charge=2&value=sp|P53621|COPA_HUMAN,6,/core/www/modules/match_peptides/blast_html4.php?run_id=110202&search_id=114132&scans_id=110198&peptide_id=25840&scanf=3382&charge=2&value=6,K.DADSQNPDAPEGK.R,/core/www/modules/show_out/show_out_wrapper.php?run_id=110202&search_id=114132&scans_id=110198&peptide_id=25840&scanf=3382&charge=2&value=K.DADSQNPDAPEGK.R,COPA,1.223e+6,3.323,0.001,2.885,0.000
3401,2,"  2.215","  0.309",9/14,/core/www/modules//sdig/index.php?run_id=110202&search_id=114132&scans_id=110198&peptide_id=26038&scanf=3401&charge=2&value=9/14,sp|P46779|RL28_HUMAN,/core/www/modules//consensus/?run_id=110202&search_id=114132&scans_id=110198&peptide_id=26038&scanf=3401&charge=2&value=sp|P46779|RL28_HUMAN,1,/core/www/modules/match_peptides/blast_html4.php?run_id=110202&search_id=114132&scans_id=110198&peptide_id=26038&scanf=3401&charge=2&value=1,R.KPATSYVR.T,/core/www/modules/show_out/show_out_wrapper.php?run_id=110202&search_id=114132&scans_id=110198&peptide_id=26038&scanf=3401&charge=2&value=R.KPATSYVR.T,RPL28,1.051e+7,2.750,0.009,2.040,0.000
3408,2,"  1.411","  0.076",8/14,/core/www/modules//sdig/index.php?run_id=110202&search_id=114132&scans_id=110198&peptide_id=26112&scanf=3408&charge=2&value=8/14,sp|Q92878|RAD50_HUMAN,/core/www/modules//consensus/?run_id=110202&search_id=114132&scans_id=110198&peptide_id=26112&scanf=3408&charge=2&value=sp|Q92878|RAD50_HUMAN,6,/core/www/modules/match_peptides/blast_html4.php?run_id=110202&search_id=114132&scans_id=110198&peptide_id=26112&scanf=3408&charge=2&value=6,K.VAQETDVR.A,/core/www/modules/show_out/show_out_wrapper.php?run_id=110202&search_id=114132&scans_id=110198&peptide_id=26112&scanf=3408&charge=2&value=K.VAQETDVR.A,RAD50,1.120e+6,1.921,0.135,0.869,0.007
3431,2,"  1.572","  0.577",9/24,/core/www/modules//sdig/index.php?run_id=110202&search_id=114132&scans_id=110198&peptide_id=26352&scanf=3431&charge=2&value=9/24,sp|P53621|COPA_HUMAN,/core/www/modules//consensus/?run_id=110202&search_id=114132&scans_id=110198&peptide_id=26352&scanf=3431&charge=2&value=sp|P53621|COPA_HUMAN,6,/core/www/modules/match_peptides/blast_html4.php?run_id=110202&search_id=114132&scans_id=110198&peptide_id=26352&scanf=3431&charge=2&value=6,K.DADSQNPDAPEGK.R,/core/www/modules/show_out/show_out_wrapper.php?run_id=110202&search_id=114132&scans_id=110198&peptide_id=26352&scanf=3431&charge=2&value=K.DADSQNPDAPEGK.R,COPA,1.223e+6,3.109,0.003,2.569,0.000
3448,2,"  1.800","  0.263",9/18,/core/www/modules//sdig/index.php?run_id=110202&search_id=114132&scans_id=110198&peptide_id=26530&scanf=3448&charge=2&value=9/18,sp|P11387|TOP1_HUMAN,/core/www/modules//consensus/?run_id=110202&search_id=114132&scans_id=110198&peptide_id=26530&scanf=3448&charge=2&value=sp|P11387|TOP1_HUMAN,1,/core/www/modules/match_peptides/blast_html4.php?run_id=110202&search_id=114132&scans_id=110198&peptide_id=26530&scanf=3448&charge=2&value=1,R.DEDDADYKPK.K,/core/www/modules/show_out/show_out_wrapper.php?run_id=110202&search_id=114132&scans_id=110198&peptide_id=26530&scanf=3448&charge=2&value=R.DEDDADYKPK.K,TOP1,1.919e+6,2.210,0.055,1.259,0.002
3450,2,"  2.102","  0.485",10/18,/core/www/modules//sdig/index.php?run_id=110202&search_id=114132&scans_id=110198&peptide_id=26551&scanf=3450&charge=2&value=10/18,sp|Q9BQG0|MBB1A_HUMAN,/core/www/modules//consensus/?run_id=110202&search_id=114132&scans_id=110198&peptide_id=26551&scanf=3450&charge=2&value=sp|Q9BQG0|MBB1A_HUMAN,1,/core/www/modules/match_peptides/blast_html4.php?run_id=110202&search_id=114132&scans_id=110198&peptide_id=26551&scanf=3450&charge=2&value=1,K.ELEAHSAEAR.A,/core/www/modules/show_out/show_out_wrapper.php?run_id=110202&search_id=114132&scans_id=110198&peptide_id=26551&scanf=3450&charge=2&value=K.ELEAHSAEAR.A,MYBBP1A,2.577e+5,3.306,0.001,2.861,0.000
3452,2,"  1.879","  0.453",9/22,/core/www/modules//sdig/index.php?run_id=110202&search_id=114132&scans_id=110198&peptide_id=26572&scanf=3452&charge=2&value=9/22,sp|O75533|SF3B1_HUMAN,/core/www/modules//consensus/?run_id=110202&search_id=114132&scans_id=110198&peptide_id=26572&scanf=3452&charge=2&value=sp|O75533|SF3B1_HUMAN,0,/core/www/modules/match_peptides/blast_html4.php?run_id=110202&search_id=114132&scans_id=110198&peptide_id=26572&scanf=3452&charge=2&value=0,K.GSETPGATPGSK.I,/core/www/modules/show_out/show_out_wrapper.php?run_id=110202&search_id=114132&scans_id=110198&peptide_id=26572&scanf=3452&charge=2&value=K.GSETPGATPGSK.I,SF3B1,7.535e+5,2.894,0.006,2.252,0.000
3469,2,"  1.284","  0.193",7/12,/core/www/modules//sdig/index.php?run_id=110202&search_id=114132&scans_id=110198&peptide_id=26750&scanf=3469&charge=2&value=7/12,sp|P07900|HS90A_HUMAN,/core/www/modules//consensus/?run_id=110202&search_id=114132&scans_id=110198&peptide_id=26750&scanf=3469&charge=2&value=sp|P07900|HS90A_HUMAN,2,/core/www/modules/match_peptides/blast_html4.php?run_id=110202&search_id=114132&scans_id=110198&peptide_id=26750&scanf=3469&charge=2&value=2,R.EM*LQQSK.I,/core/www/modules/show_out/show_out_wrapper.php?run_id=110202&search_id=114132&scans_id=110198&peptide_id=26750&scanf=3469&charge=2&value=R.EM*LQQSK.I,HSP90AA1,6.456e+5,2.493,0.022,1.664,0.001
3483,2,"  1.704","  0.360",9/16,/core/www/modules//sdig/index.php?run_id=110202&search_id=114132&scans_id=110198&peptide_id=26896&scanf=3483&charge=2&value=9/16,sp|P78527|PRKDC_HUMAN,/core/www/modules//consensus/?run_id=110202&search_id=114132&scans_id=110198&peptide_id=26896&scanf=3483&charge=2&value=sp|P78527|PRKDC_HUMAN,0,/core/www/modules/match_peptides/blast_html4.php?run_id=110202&search_id=114132&scans_id=110198&peptide_id=26896&scanf=3483&charge=2&value=0,K.QITPQQQEK.S,/core/www/modules/show_out/show_out_wrapper.php?run_id=110202&search_id=114132&scans_id=110198&peptide_id=26896&scanf=3483&charge=2&value=K.QITPQQQEK.S,PRKDC,6.135e+6,3.557,0.001,3.233,0.000
3520,2,"  2.053","  0.107",8/12,/core/www/modules//sdig/index.php?run_id=110202&search_id=114132&scans_id=110198&peptide_id=27283&scanf=3520&charge=2&value=8/12,sp|P52272|HNRPM_HUMAN,/core/www/modules//consensus/?run_id=110202&search_id=114132&scans_id=110198&peptide_id=27283&scanf=3520&charge=2&value=sp|P52272|HNRPM_HUMAN,3,/core/www/modules/match_peptides/blast_html4.php?run_id=110202&search_id=114132&scans_id=110198&peptide_id=27283&scanf=3520&charge=2&value=3,K.RGEIIAK.Q,/core/www/modules/show_out/show_out_wrapper.php?run_id=110202&search_id=114132&scans_id=110198&peptide_id=27283&scanf=3520&charge=2&value=K.RGEIIAK.Q,HNRNPM,2.356e+6,2.113,0.075,1.125,0.002
3541,2,"  1.296","  0.402",6/14,/core/www/modules//sdig/index.php?run_id=110202&search_id=114132&scans_id=110198&peptide_id=27503&scanf=3541&charge=2&value=6/14,sp|P61978|HNRPK_HUMAN,/core/www/modules//consensus/?run_id=110202&search_id=114132&scans_id=110198&peptide_id=27503&scanf=3541&charge=2&value=sp|P61978|HNRPK_HUMAN,1,/core/www/modules/match_peptides/blast_html4.php?run_id=110202&search_id=114132&scans_id=110198&peptide_id=27503&scanf=3541&charge=2&value=1,R.DYDDM*SPR.R,/core/www/modules/show_out/show_out_wrapper.php?run_id=110202&search_id=114132&scans_id=110198&peptide_id=27503&scanf=3541&charge=2&value=R.DYDDM*SPR.R,HNRNPK,1.873e+6,2.903,0.005,2.264,0.000
3561,2,"  1.809","  0.463",11/28,/core/www/modules//sdig/index.php?run_id=110202&search_id=114132&scans_id=110198&peptide_id=27711&scanf=3561&charge=2&value=11/28,sp|Q13151|ROA0_HUMAN,/core/www/modules//consensus/?run_id=110202&search_id=114132&scans_id=110198&peptide_id=27711&scanf=3561&charge=2&value=sp|Q13151|ROA0_HUMAN,0,/core/www/modules/match_peptides/blast_html4.php?run_id=110202&search_id=114132&scans_id=110198&peptide_id=27711&scanf=3561&charge=2&value=0,K.SGGGGGGGGSSWGGR.S,/core/www/modules/show_out/show_out_wrapper.php?run_id=110202&search_id=114132&scans_id=110198&peptide_id=27711&scanf=3561&charge=2&value=K.SGGGGGGGGSSWGGR.S,HNRNPA0,7.314e+5,2.632,0.014,1.866,0.000
3568,2,"  1.768","  0.165",7/12,/core/www/modules//sdig/index.php?run_id=110202&search_id=114132&scans_id=110198&peptide_id=27783&scanf=3568&charge=2&value=7/12,sp|O43143|DHX15_HUMAN,/core/www/modules//consensus/?run_id=110202&search_id=114132&scans_id=110198&peptide_id=27783&scanf=3568&charge=2&value=sp|O43143|DHX15_HUMAN,0,/core/www/modules/match_peptides/blast_html4.php?run_id=110202&search_id=114132&scans_id=110198&peptide_id=27783&scanf=3568&charge=2&value=0,R.STDFTSR.D,/core/www/modules/show_out/show_out_wrapper.php?run_id=110202&search_id=114132&scans_id=110198&peptide_id=27783&scanf=3568&charge=2&value=R.STDFTSR.D,DHX15,2.239e+6,2.299,0.041,1.385,0.001
3569,2,"  1.276","  0.144",7/12,/core/www/modules//sdig/index.php?run_id=110202&search_id=114132&scans_id=110198&peptide_id=27794&scanf=3569&charge=2&value=7/12,sp|P51572|BAP31_HUMAN,/core/www/modules//consensus/?run_id=110202&search_id=114132&scans_id=110198&peptide_id=27794&scanf=3569&charge=2&value=sp|P51572|BAP31_HUMAN,1,/core/www/modules/match_peptides/blast_html4.php?run_id=110202&search_id=114132&scans_id=110198&peptide_id=27794&scanf=3569&charge=2&value=1,R.LLEEHAK.L,/core/www/modules/show_out/show_out_wrapper.php?run_id=110202&search_id=114132&scans_id=110198&peptide_id=27794&scanf=3569&charge=2&value=R.LLEEHAK.L,BCAP31,6.989e+5,2.115,0.074,1.128,0.002
3571,2,"  1.680","  0.434",8/18,/core/www/modules//sdig/index.php?run_id=110202&search_id=114132&scans_id=110198&peptide_id=27815&scanf=3571&charge=2&value=8/18,sp|Q9HCD5|NCOA5_HUMAN,/core/www/modules//consensus/?run_id=110202&search_id=114132&scans_id=110198&peptide_id=27815&scanf=3571&charge=2&value=sp|Q9HCD5|NCOA5_HUMAN,1,/core/www/modules/match_peptides/blast_html4.php?run_id=110202&search_id=114132&scans_id=110198&peptide_id=27815&scanf=3571&charge=2&value=1,R.GPPGPESQSR.A,/core/www/modules/show_out/show_out_wrapper.php?run_id=110202&search_id=114132&scans_id=110198&peptide_id=27815&scanf=3571&charge=2&value=R.GPPGPESQSR.A,NCOA5,1.999e+5,2.707,0.011,1.976,0.000
3591,2,"  2.336","  0.634",12/18,/core/www/modules//sdig/index.php?run_id=110202&search_id=114132&scans_id=110198&peptide_id=28024&scanf=3591&charge=2&value=12/18,sp|O60506|HNRPQ_HUMAN,/core/www/modules//consensus/?run_id=110202&search_id=114132&scans_id=110198&peptide_id=28024&scanf=3591&charge=2&value=sp|O60506|HNRPQ_HUMAN,7,/core/www/modules/match_peptides/blast_html4.php?run_id=110202&search_id=114132&scans_id=110198&peptide_id=28024&scanf=3591&charge=2&value=7,K.DSDLSHVQNK.S,/core/www/modules/show_out/show_out_wrapper.php?run_id=110202&search_id=114132&scans_id=110198&peptide_id=28024&scanf=3591&charge=2&value=K.DSDLSHVQNK.S,SYNCRIP,5.964e+6,3.890,0.000,3.726,0.000
3610,2,"  2.119","  0.300",12/18,/core/www/modules//sdig/index.php?run_id=110202&search_id=114132&scans_id=110198&peptide_id=28223&scanf=3610&charge=2&value=12/18,sp|P09382|LEG1_HUMAN,/core/www/modules//consensus/?run_id=110202&search_id=114132&scans_id=110198&peptide_id=28223&scanf=3610&charge=2&value=sp|P09382|LEG1_HUMAN,1,/core/www/modules/match_peptides/blast_html4.php?run_id=110202&search_id=114132&scans_id=110198&peptide_id=28223&scanf=3610&charge=2&value=1,R.VRGEVAPDAK.S,/core/www/modules/show_out/show_out_wrapper.php?run_id=110202&search_id=114132&scans_id=110198&peptide_id=28223&scanf=3610&charge=2&value=R.VRGEVAPDAK.S,LGALS1,5.382e+6,2.435,0.026,1.579,0.001
3613,2,"  2.459","  0.506",12/18,/core/www/modules//sdig/index.php?run_id=110202&search_id=114132&scans_id=110198&peptide_id=28255&scanf=3613&charge=2&value=12/18,sp|O43390|HNRPR_HUMAN,/core/www/modules//consensus/?run_id=110202&search_id=114132&scans_id=110198&peptide_id=28255&scanf=3613&charge=2&value=sp|O43390|HNRPR_HUMAN,2,/core/www/modules/match_peptides/blast_html4.php?run_id=110202&search_id=114132&scans_id=110198&peptide_id=28255&scanf=3613&charge=2&value=2,K.ESDLSHVQNK.S,/core/www/modules/show_out/show_out_wrapper.php?run_id=110202&search_id=114132&scans_id=110198&peptide_id=28255&scanf=3613&charge=2&value=K.ESDLSHVQNK.S,HNRNPR,1.622e+6,3.385,0.001,2.978,0.000
3630,2,"  1.304","  0.189",9/14,/core/www/modules//sdig/index.php?run_id=110202&search_id=114132&scans_id=110198&peptide_id=28433&scanf=3630&charge=2&value=9/14,sp|P40939|ECHA_HUMAN,/core/www/modules//consensus/?run_id=110202&search_id=114132&scans_id=110198&peptide_id=28433&scanf=3630&charge=2&value=sp|P40939|ECHA_HUMAN,2,/core/www/modules/match_peptides/blast_html4.php?run_id=110202&search_id=114132&scans_id=110198&peptide_id=28433&scanf=3630&charge=2&value=2,K.HVAEDLGK.V,/core/www/modules/show_out/show_out_wrapper.php?run_id=110202&search_id=114132&scans_id=110198&peptide_id=28433&scanf=3630&charge=2&value=K.HVAEDLGK.V,HADHA,1.741e+6,2.352,0.035,1.461,0.001
3679,2,"  2.062","  0.409",8/16,/core/www/modules//sdig/index.php?run_id=110202&search_id=114132&scans_id=110198&peptide_id=28946&scanf=3679&charge=2&value=8/16,sp|Q8TAQ2|SMRC2_HUMAN,/core/www/modules//consensus/?run_id=110202&search_id=114132&scans_id=110198&peptide_id=28946&scanf=3679&charge=2&value=sp|Q8TAQ2|SMRC2_HUMAN,1,/core/www/modules/match_peptides/blast_html4.php?run_id=110202&search_id=114132&scans_id=110198&peptide_id=28946&scanf=3679&charge=2&value=1,K.EVVESEGER.K,/core/www/modules/show_out/show_out_wrapper.php?run_id=110202&search_id=114132&scans_id=110198&peptide_id=28946&scanf=3679&charge=2&value=K.EVVESEGER.K,SMARCC2,3.457e+6,3.002,0.004,2.410,0.000
3690,2,"  1.760","  0.361",7/18,/core/www/modules//sdig/index.php?run_id=110202&search_id=114132&scans_id=110198&peptide_id=29061&scanf=3690&charge=2&value=7/18,sp|O60506|HNRPQ_HUMAN,/core/www/modules//consensus/?run_id=110202&search_id=114132&scans_id=110198&peptide_id=29061&scanf=3690&charge=2&value=sp|O60506|HNRPQ_HUMAN,7,/core/www/modules/match_peptides/blast_html4.php?run_id=110202&search_id=114132&scans_id=110198&peptide_id=29061&scanf=3690&charge=2&value=7,K.DSDLSHVQNK.S,/core/www/modules/show_out/show_out_wrapper.php?run_id=110202&search_id=114132&scans_id=110198&peptide_id=29061&scanf=3690&charge=2&value=K.DSDLSHVQNK.S,SYNCRIP,5.964e+6,2.500,0.021,1.674,0.001
3693,2,"  2.362","  0.292",12/18,/core/www/modules//sdig/index.php?run_id=110202&search_id=114132&scans_id=110198&peptide_id=29092&scanf=3693&charge=2&value=12/18,sp|Q9BXP5|SRRT_HUMAN,/core/www/modules//consensus/?run_id=110202&search_id=114132&scans_id=110198&peptide_id=29092&scanf=3693&charge=2&value=sp|Q9BXP5|SRRT_HUMAN,0,/core/www/modules/match_peptides/blast_html4.php?run_id=110202&search_id=114132&scans_id=110198&peptide_id=29092&scanf=3693&charge=2&value=0,R.AGAGLGDGER.K,/core/www/modules/show_out/show_out_wrapper.php?run_id=110202&search_id=114132&scans_id=110198&peptide_id=29092&scanf=3693&charge=2&value=R.AGAGLGDGER.K,SRRT,1.685e+6,2.705,0.011,1.974,0.000
3712,2,"  1.765","  0.292",9/16,/core/www/modules//sdig/index.php?run_id=110202&search_id=114132&scans_id=110198&peptide_id=29291&scanf=3712&charge=2&value=9/16,sp|Q8TAQ2|SMRC2_HUMAN,/core/www/modules//consensus/?run_id=110202&search_id=114132&scans_id=110198&peptide_id=29291&scanf=3712&charge=2&value=sp|Q8TAQ2|SMRC2_HUMAN,1,/core/www/modules/match_peptides/blast_html4.php?run_id=110202&search_id=114132&scans_id=110198&peptide_id=29291&scanf=3712&charge=2&value=1,K.EVVESEGER.K,/core/www/modules/show_out/show_out_wrapper.php?run_id=110202&search_id=114132&scans_id=110198&peptide_id=29291&scanf=3712&charge=2&value=K.EVVESEGER.K,SMARCC2,3.457e+6,2.582,0.016,1.793,0.000
3722,3,"  2.400","  0.310",12/32,/core/www/modules//sdig/index.php?run_id=110202&search_id=114132&scans_id=110198&peptide_id=29395&scanf=3722&charge=3&value=12/32,sp|P61513|RL37A_HUMAN,/core/www/modules//consensus/?run_id=110202&search_id=114132&scans_id=110198&peptide_id=29395&scanf=3722&charge=3&value=sp|P61513|RL37A_HUMAN,6,/core/www/modules/match_peptides/blast_html4.php?run_id=110202&search_id=114132&scans_id=110198&peptide_id=29395&scanf=3722&charge=3&value=6,K.KIEISQHAK.Y,/core/www/modules/show_out/show_out_wrapper.php?run_id=110202&search_id=114132&scans_id=110198&peptide_id=29395&scanf=3722&charge=3&value=K.KIEISQHAK.Y,RPL37A,2.940e+7,2.482,0.022,1.648,0.001
3724,2,"  2.107","  0.344",10/16,/core/www/modules//sdig/index.php?run_id=110202&search_id=114132&scans_id=110198&peptide_id=29416&scanf=3724&charge=2&value=10/16,sp|P17844|DDX5_HUMAN,/core/www/modules//consensus/?run_id=110202&search_id=114132&scans_id=110198&peptide_id=29416&scanf=3724&charge=2&value=sp|P17844|DDX5_HUMAN,2,/core/www/modules/match_peptides/blast_html4.php?run_id=110202&search_id=114132&scans_id=110198&peptide_id=29416&scanf=3724&charge=2&value=2,R.EANQAINPK.L,/core/www/modules/show_out/show_out_wrapper.php?run_id=110202&search_id=114132&scans_id=110198&peptide_id=29416&scanf=3724&charge=2&value=R.EANQAINPK.L,DDX5,5.710e+6,2.875,0.006,2.224,0.000
3760,2,"  2.674","  0.670",13/18,/core/www/modules//sdig/index.php?run_id=110202&search_id=114132&scans_id=110198&peptide_id=29793&scanf=3760&charge=2&value=13/18,sp|Q08211|DHX9_HUMAN,/core/www/modules//consensus/?run_id=110202&search_id=114132&scans_id=110198&peptide_id=29793&scanf=3760&charge=2&value=sp|Q08211|DHX9_HUMAN,0,/core/www/modules/match_peptides/blast_html4.php?run_id=110202&search_id=114132&scans_id=110198&peptide_id=29793&scanf=3760&charge=2&value=0,K.YTQVGPDHNR.S,/core/www/modules/show_out/show_out_wrapper.php?run_id=110202&search_id=114132&scans_id=110198&peptide_id=29793&scanf=3760&charge=2&value=K.YTQVGPDHNR.S,DHX9,1.040e+7,4.288,0.000,4.317,0.000
3776,2,"  1.213","  0.053",8/16,/core/www/modules//sdig/index.php?run_id=110202&search_id=114132&scans_id=110198&peptide_id=29960&scanf=3776&charge=2&value=8/16,sp|P78527|PRKDC_HUMAN,/core/www/modules//consensus/?run_id=110202&search_id=114132&scans_id=110198&peptide_id=29960&scanf=3776&charge=2&value=sp|P78527|PRKDC_HUMAN,1,/core/www/modules/match_peptides/blast_html4.php?run_id=110202&search_id=114132&scans_id=110198&peptide_id=29960&scanf=3776&charge=2&value=1,K.DSKPPGNLK.E,/core/www/modules/show_out/show_out_wrapper.php?run_id=110202&search_id=114132&scans_id=110198&peptide_id=29960&scanf=3776&charge=2&value=K.DSKPPGNLK.E,PRKDC,8.262e+6,2.350,0.035,1.458,0.001
3777,2,"  1.706","  0.286",9/16,/core/www/modules//sdig/index.php?run_id=110202&search_id=114132&scans_id=110198&peptide_id=29971&scanf=3777&charge=2&value=9/16,sp|P11387|TOP1_HUMAN,/core/www/modules//consensus/?run_id=110202&search_id=114132&scans_id=110198&peptide_id=29971&scanf=3777&charge=2&value=sp|P11387|TOP1_HUMAN,0,/core/www/modules/match_peptides/blast_html4.php?run_id=110202&search_id=114132&scans_id=110198&peptide_id=29971&scanf=3777&charge=2&value=0,K.VPSPPPGHK.W,/core/www/modules/show_out/show_out_wrapper.php?run_id=110202&search_id=114132&scans_id=110198&peptide_id=29971&scanf=3777&charge=2&value=K.VPSPPPGHK.W,TOP1,3.693e+6,2.567,0.017,1.772,0.000
3794,2,"  2.251","  0.259",11/12,/core/www/modules//sdig/index.php?run_id=110202&search_id=114132&scans_id=110198&peptide_id=30149&scanf=3794&charge=2&value=11/12,sp|O43707|ACTN4_HUMAN,/core/www/modules//consensus/?run_id=110202&search_id=114132&scans_id=110198&peptide_id=30149&scanf=3794&charge=2&value=sp|O43707|ACTN4_HUMAN,14,/core/www/modules/match_peptides/blast_html4.php?run_id=110202&search_id=114132&scans_id=110198&peptide_id=30149&scanf=3794&charge=2&value=14,R.LDHLAEK.F,/core/www/modules/show_out/show_out_wrapper.php?run_id=110202&search_id=114132&scans_id=110198&peptide_id=30149&scanf=3794&charge=2&value=R.LDHLAEK.F,ACTN4,5.601e+6,3.372,0.001,2.959,0.000
3808,2,"  1.181","  0.422",6/28,/core/www/modules//sdig/index.php?run_id=110202&search_id=114132&scans_id=110198&peptide_id=30296&scanf=3808&charge=2&value=6/28,sp|Q14980|NUMA1_HUMAN,/core/www/modules//consensus/?run_id=110202&search_id=114132&scans_id=110198&peptide_id=30296&scanf=3808&charge=2&value=sp|Q14980|NUMA1_HUMAN,2,/core/www/modules/match_peptides/blast_html4.php?run_id=110202&search_id=114132&scans_id=110198&peptide_id=30296&scanf=3808&charge=2&value=2,K.AVQAQGGESQQEAQR.L,/core/www/modules/show_out/show_out_wrapper.php?run_id=110202&search_id=114132&scans_id=110198&peptide_id=30296&scanf=3808&charge=2&value=K.AVQAQGGESQQEAQR.L,NUMA1,64151.2,2.401,0.029,1.531,0.001
3837,2,"  2.480","  0.423",12/14,/core/www/modules//sdig/index.php?run_id=110202&search_id=114132&scans_id=110198&peptide_id=30598&scanf=3837&charge=2&value=12/14,sp|P38159|RBMX_HUMAN,/core/www/modules//consensus/?run_id=110202&search_id=114132&scans_id=110198&peptide_id=30598&scanf=3837&charge=2&value=sp|P38159|RBMX_HUMAN,2,/core/www/modules/match_peptides/blast_html4.php?run_id=110202&search_id=114132&scans_id=110198&peptide_id=30598&scanf=3837&charge=2&value=2,R.RGPPPPPR.S,/core/www/modules/show_out/show_out_wrapper.php?run_id=110202&search_id=114132&scans_id=110198&peptide_id=30598&scanf=3837&charge=2&value=R.RGPPPPPR.S,RBMX,2.414e+7,3.388,0.001,2.983,0.000
3845,3,"  2.601","  0.439",9/56,/core/www/modules//sdig/index.php?run_id=110202&search_id=114132&scans_id=110198&peptide_id=30682&scanf=3845&charge=3&value=9/56,sp|P05997|CO5A2_HUMAN,/core/www/modules//consensus/?run_id=110202&search_id=114132&scans_id=110198&peptide_id=30682&scanf=3845&charge=3&value=sp|P05997|CO5A2_HUMAN,1,/core/www/modules/match_peptides/blast_html4.php?run_id=110202&search_id=114132&scans_id=110198&peptide_id=30682&scanf=3845&charge=3&value=1,R.GRPGPAGPPGSQGPR.G,/core/www/modules/show_out/show_out_wrapper.php?run_id=110202&search_id=114132&scans_id=110198&peptide_id=30682&scanf=3845&charge=3&value=R.GRPGPAGPPGSQGPR.G,COL5A2,3.991e+6,2.353,0.035,1.462,0.001
3850,2,"  1.906","  0.180",9/14,/core/www/modules//sdig/index.php?run_id=110202&search_id=114132&scans_id=110198&peptide_id=30734&scanf=3850&charge=2&value=9/14,sp|P30050|RL12_HUMAN,/core/www/modules//consensus/?run_id=110202&search_id=114132&scans_id=110198&peptide_id=30734&scanf=3850&charge=2&value=sp|P30050|RL12_HUMAN,0,/core/www/modules/match_peptides/blast_html4.php?run_id=110202&search_id=114132&scans_id=110198&peptide_id=30734&scanf=3850&charge=2&value=0,K.KVGDDIAK.A,/core/www/modules/show_out/show_out_wrapper.php?run_id=110202&search_id=114132&scans_id=110198&peptide_id=30734&scanf=3850&charge=2&value=K.KVGDDIAK.A,RPL12,6.188e+6,1.997,0.108,0.968,0.005
3856,2,"  1.060","  0.157",6/12,/core/www/modules//sdig/index.php?run_id=110202&search_id=114132&scans_id=110198&peptide_id=30796&scanf=3856&charge=2&value=6/12,sp|P55072|TERA_HUMAN,/core/www/modules//consensus/?run_id=110202&search_id=114132&scans_id=110198&peptide_id=30796&scanf=3856&charge=2&value=sp|P55072|TERA_HUMAN,10,/core/www/modules/match_peptides/blast_html4.php?run_id=110202&search_id=114132&scans_id=110198&peptide_id=30796&scanf=3856&charge=2&value=10,K.AFEEAEK.N,/core/www/modules/show_out/show_out_wrapper.php?run_id=110202&search_id=114132&scans_id=110198&peptide_id=30796&scanf=3856&charge=2&value=K.AFEEAEK.N,VCP,8.654e+5,2.141,0.069,1.163,0.002
3870,2,"  1.314","  0.323",6/20,/core/www/modules//sdig/index.php?run_id=110202&search_id=114132&scans_id=110198&peptide_id=30944&scanf=3870&charge=2&value=6/20,sp|P60709|ACTB_HUMAN,/core/www/modules//consensus/?run_id=110202&search_id=114132&scans_id=110198&peptide_id=30944&scanf=3870&charge=2&value=sp|P60709|ACTB_HUMAN,26,/core/www/modules/match_peptides/blast_html4.php?run_id=110202&search_id=114132&scans_id=110198&peptide_id=30944&scanf=3870&charge=2&value=26,R.HQGVM*VGM*GQK.D,/core/www/modules/show_out/show_out_wrapper.php?run_id=110202&search_id=114132&scans_id=110198&peptide_id=30944&scanf=3870&charge=2&value=R.HQGVM*VGM*GQK.D,ACTB,5.354e+6,2.666,0.012,1.916,0.000
3875,2,"  1.488","  0.334",8/16,/core/www/modules//sdig/index.php?run_id=110202&search_id=114132&scans_id=110198&peptide_id=30995&scanf=3875&charge=2&value=8/16,sp|P08621|RU17_HUMAN,/core/www/modules//consensus/?run_id=110202&search_id=114132&scans_id=110198&peptide_id=30995&scanf=3875&charge=2&value=sp|P08621|RU17_HUMAN,1,/core/www/modules/match_peptides/blast_html4.php?run_id=110202&search_id=114132&scans_id=110198&peptide_id=30995&scanf=3875&charge=2&value=1,R.VNYDTTESK.L,/core/www/modules/show_out/show_out_wrapper.php?run_id=110202&search_id=114132&scans_id=110198&peptide_id=30995&scanf=3875&charge=2&value=R.VNYDTTESK.L,SNRNP70,1.221e+6,2.562,0.017,1.765,0.000
3883,2,"  2.051","  0.232",8/14,/core/www/modules//sdig/index.php?run_id=110202&search_id=114132&scans_id=110198&peptide_id=31078&scanf=3883&charge=2&value=8/14,sp|P08670|VIME_HUMAN,/core/www/modules//consensus/?run_id=110202&search_id=114132&scans_id=110198&peptide_id=31078&scanf=3883&charge=2&value=sp|P08670|VIME_HUMAN,6,/core/www/modules/match_peptides/blast_html4.php?run_id=110202&search_id=114132&scans_id=110198&peptide_id=31078&scanf=3883&charge=2&value=6,K.GTNESLER.Q,/core/www/modules/show_out/show_out_wrapper.php?run_id=110202&search_id=114132&scans_id=110198&peptide_id=31078&scanf=3883&charge=2&value=K.GTNESLER.Q,VIM,9.848e+6,2.788,0.008,2.096,0.000
3884,3,"  1.805","  0.250",8/40,/core/www/modules//sdig/index.php?run_id=110202&search_id=114132&scans_id=110198&peptide_id=31089&scanf=3884&charge=3&value=8/40,sp|P14866|HNRPL_HUMAN,/core/www/modules//consensus/?run_id=110202&search_id=114132&scans_id=110198&peptide_id=31089&scanf=3884&charge=3&value=sp|P14866|HNRPL_HUMAN,5,/core/www/modules/match_peptides/blast_html4.php?run_id=110202&search_id=114132&scans_id=110198&peptide_id=31089&scanf=3884&charge=3&value=5,K.ISRPGDSDDSR.S,/core/www/modules/show_out/show_out_wrapper.php?run_id=110202&search_id=114132&scans_id=110198&peptide_id=31089&scanf=3884&charge=3&value=K.ISRPGDSDDSR.S,HNRNPL,7.032e+6,2.325,0.038,1.421,0.001
3885,2,"  1.819","  0.062",9/14,/core/www/modules//sdig/index.php?run_id=110202&search_id=114132&scans_id=110198&peptide_id=31099&scanf=3885&charge=2&value=9/14,sp|P19338|NUCL_HUMAN,/core/www/modules//consensus/?run_id=110202&search_id=114132&scans_id=110198&peptide_id=31099&scanf=3885&charge=2&value=sp|P19338|NUCL_HUMAN,8,/core/www/modules/match_peptides/blast_html4.php?run_id=110202&search_id=114132&scans_id=110198&peptide_id=31099&scanf=3885&charge=2&value=8,K.QGTEIDGR.S,/core/www/modules/show_out/show_out_wrapper.php?run_id=110202&search_id=114132&scans_id=110198&peptide_id=31099&scanf=3885&charge=2&value=K.QGTEIDGR.S,NCL,4.140e+6,2.051,0.091,1.040,0.004
3904,2,"  2.676","  0.458",12/16,/core/www/modules//sdig/index.php?run_id=110202&search_id=114132&scans_id=110198&peptide_id=31298&scanf=3904&charge=2&value=12/16,sp|P18621|RL17_HUMAN,/core/www/modules//consensus/?run_id=110202&search_id=114132&scans_id=110198&peptide_id=31298&scanf=3904&charge=2&value=sp|P18621|RL17_HUMAN,9,/core/www/modules/match_peptides/blast_html4.php?run_id=110202&search_id=114132&scans_id=110198&peptide_id=31298&scanf=3904&charge=2&value=9,K.NAESNAELK.G,/core/www/modules/show_out/show_out_wrapper.php?run_id=110202&search_id=114132&scans_id=110198&peptide_id=31298&scanf=3904&charge=2&value=K.NAESNAELK.G,RPL17,9.164e+6,3.427,0.001,3.040,0.000
3918,2,"  2.562","  0.539",12/18,/core/www/modules//sdig/index.php?run_id=110202&search_id=114132&scans_id=110198&peptide_id=31445&scanf=3918&charge=2&value=12/18,sp|O95758|PTBP3_HUMAN,/core/www/modules//consensus/?run_id=110202&search_id=114132&scans_id=110198&peptide_id=31445&scanf=3918&charge=2&value=sp|O95758|PTBP3_HUMAN,6,/core/www/modules/match_peptides/blast_html4.php?run_id=110202&search_id=114132&scans_id=110198&peptide_id=31445&scanf=3918&charge=2&value=6,R.EGQEDQGLTK.D,/core/www/modules/show_out/show_out_wrapper.php?run_id=110202&search_id=114132&scans_id=110198&peptide_id=31445&scanf=3918&charge=2&value=R.EGQEDQGLTK.D,PTBP3,1.025e+7,3.515,0.001,3.170,0.000
3919,2,"  2.358","  0.326",10/16,/core/www/modules//sdig/index.php?run_id=110202&search_id=114132&scans_id=110198&peptide_id=31455&scanf=3919&charge=2&value=10/16,sp|P78527|PRKDC_HUMAN,/core/www/modules//consensus/?run_id=110202&search_id=114132&scans_id=110198&peptide_id=31455&scanf=3919&charge=2&value=sp|P78527|PRKDC_HUMAN,0,/core/www/modules/match_peptides/blast_html4.php?run_id=110202&search_id=114132&scans_id=110198&peptide_id=31455&scanf=3919&charge=2&value=0,K.TSALSDETK.N,/core/www/modules/show_out/show_out_wrapper.php?run_id=110202&search_id=114132&scans_id=110198&peptide_id=31455&scanf=3919&charge=2&value=K.TSALSDETK.N,PRKDC,5.911e+6,3.592,0.001,3.284,0.000
3925,2,"  1.761","  0.434",7/18,/core/www/modules//sdig/index.php?run_id=110202&search_id=114132&scans_id=110198&peptide_id=31518&scanf=3925&charge=2&value=7/18,sp|P62873|GBB1_HUMAN,/core/www/modules//consensus/?run_id=110202&search_id=114132&scans_id=110198&peptide_id=31518&scanf=3925&charge=2&value=sp|P62873|GBB1_HUMAN,6,/core/www/modules/match_peptides/blast_html4.php?run_id=110202&search_id=114132&scans_id=110198&peptide_id=31518&scanf=3925&charge=2&value=6,R.AGVLAGHDNR.V,/core/www/modules/show_out/show_out_wrapper.php?run_id=110202&search_id=114132&scans_id=110198&peptide_id=31518&scanf=3925&charge=2&value=R.AGVLAGHDNR.V,GNB1,89035.4,2.635,0.013,1.871,0.000
3932,2,"  1.348","  0.173",7/12,/core/www/modules//sdig/index.php?run_id=110202&search_id=114132&scans_id=110198&peptide_id=31591&scanf=3932&charge=2&value=7/12,sp|Q13838|DX39B_HUMAN,/core/www/modules//consensus/?run_id=110202&search_id=114132&scans_id=110198&peptide_id=31591&scanf=3932&charge=2&value=sp|Q13838|DX39B_HUMAN,4,/core/www/modules/match_peptides/blast_html4.php?run_id=110202&search_id=114132&scans_id=110198&peptide_id=31591&scanf=3932&charge=2&value=4,R.GMPQEER.L,/core/www/modules/show_out/show_out_wrapper.php?run_id=110202&search_id=114132&scans_id=110198&peptide_id=31591&scanf=3932&charge=2&value=R.GMPQEER.L,DDX39B,2.948e+6,2.255,0.048,1.322,0.002
3935,2,"  1.404","  0.125",9/16,/core/www/modules//sdig/index.php?run_id=110202&search_id=114132&scans_id=110198&peptide_id=31623&scanf=3935&charge=2&value=9/16,sp|P19338|NUCL_HUMAN,/core/www/modules//consensus/?run_id=110202&search_id=114132&scans_id=110198&peptide_id=31623&scanf=3935&charge=2&value=sp|P19338|NUCL_HUMAN,7,/core/www/modules/match_peptides/blast_html4.php?run_id=110202&search_id=114132&scans_id=110198&peptide_id=31623&scanf=3935&charge=2&value=7,K.NSTWSGESK.T,/core/www/modules/show_out/show_out_wrapper.php?run_id=110202&search_id=114132&scans_id=110198&peptide_id=31623&scanf=3935&charge=2&value=K.NSTWSGESK.T,NCL,1.506e+6,2.142,0.069,1.164,0.002
3944,2,"  1.891","  0.323",8/12,/core/www/modules//sdig/index.php?run_id=110202&search_id=114132&scans_id=110198&peptide_id=31716&scanf=3944&charge=2&value=8/12,sp|P07900|HS90A_HUMAN,/core/www/modules//consensus/?run_id=110202&search_id=114132&scans_id=110198&peptide_id=31716&scanf=3944&charge=2&value=sp|P07900|HS90A_HUMAN,2,/core/www/modules/match_peptides/blast_html4.php?run_id=110202&search_id=114132&scans_id=110198&peptide_id=31716&scanf=3944&charge=2&value=2,R.EMLQQSK.I,/core/www/modules/show_out/show_out_wrapper.php?run_id=110202&search_id=114132&scans_id=110198&peptide_id=31716&scanf=3944&charge=2&value=R.EMLQQSK.I,HSP90AA1,4.978e+6,3.022,0.004,2.441,0.000
3955,2,"  2.160","  0.340",12/14,/core/www/modules//sdig/index.php?run_id=110202&search_id=114132&scans_id=110198&peptide_id=31831&scanf=3955&charge=2&value=12/14,sp|P30050|RL12_HUMAN,/core/www/modules//consensus/?run_id=110202&search_id=114132&scans_id=110198&peptide_id=31831&scanf=3955&charge=2&value=sp|P30050|RL12_HUMAN,0,/core/www/modules/match_peptides/blast_html4.php?run_id=110202&search_id=114132&scans_id=110198&peptide_id=31831&scanf=3955&charge=2&value=0,K.KVGDDIAK.A,/core/www/modules/show_out/show_out_wrapper.php?run_id=110202&search_id=114132&scans_id=110198&peptide_id=31831&scanf=3955&charge=2&value=K.KVGDDIAK.A,RPL12,6.188e+6,2.844,0.007,2.178,0.000
3965,2,"  1.787","  0.200",6/14,/core/www/modules//sdig/index.php?run_id=110202&search_id=114132&scans_id=110198&peptide_id=31936&scanf=3965&charge=2&value=6/14,sp|Q15149|PLEC_HUMAN,/core/www/modules//consensus/?run_id=110202&search_id=114132&scans_id=110198&peptide_id=31936&scanf=3965&charge=2&value=sp|Q15149|PLEC_HUMAN,4,/core/www/modules/match_peptides/blast_html4.php?run_id=110202&search_id=114132&scans_id=110198&peptide_id=31936&scanf=3965&charge=2&value=4,K.ASDSELER.Q,/core/www/modules/show_out/show_out_wrapper.php?run_id=110202&search_id=114132&scans_id=110198&peptide_id=31936&scanf=3965&charge=2&value=K.ASDSELER.Q,PLEC,1.515e+6,2.600,0.015,1.819,0.000
3978,2,"  1.733","  0.245",8/14,/core/www/modules//sdig/index.php?run_id=110202&search_id=114132&scans_id=110198&peptide_id=32072&scanf=3978&charge=2&value=8/14,sp|O76021|RL1D1_HUMAN,/core/www/modules//consensus/?run_id=110202&search_id=114132&scans_id=110198&peptide_id=32072&scanf=3978&charge=2&value=sp|O76021|RL1D1_HUMAN,1,/core/www/modules/match_peptides/blast_html4.php?run_id=110202&search_id=114132&scans_id=110198&peptide_id=32072&scanf=3978&charge=2&value=1,K.SPNPSTPR.G,/core/www/modules/show_out/show_out_wrapper.php?run_id=110202&search_id=114132&scans_id=110198&peptide_id=32072&scanf=3978&charge=2&value=K.SPNPSTPR.G,RSL1D1,1.028e+6,2.451,0.025,1.604,0.001
3981,2,"  1.246","  0.101",7/14,/core/www/modules//sdig/index.php?run_id=110202&search_id=114132&scans_id=110198&peptide_id=32104&scanf=3981&charge=2&value=7/14,sp|P30101|PDIA3_HUMAN,/core/www/modules//consensus/?run_id=110202&search_id=114132&scans_id=110198&peptide_id=32104&scanf=3981&charge=2&value=sp|P30101|PDIA3_HUMAN,11,/core/www/modules/match_peptides/blast_html4.php?run_id=110202&search_id=114132&scans_id=110198&peptide_id=32104&scanf=3981&charge=2&value=11,K.TVAYTEQK.M,/core/www/modules/show_out/show_out_wrapper.php?run_id=110202&search_id=114132&scans_id=110198&peptide_id=32104&scanf=3981&charge=2&value=K.TVAYTEQK.M,PDIA3,1.718e+6,1.853,0.165,0.783,0.009
3989,2,"  1.219","  0.180",7/16,/core/www/modules//sdig/index.php?run_id=110202&search_id=114132&scans_id=110198&peptide_id=32188&scanf=3989&charge=2&value=7/16,sp|P62277|RS13_HUMAN,/core/www/modules//consensus/?run_id=110202&search_id=114132&scans_id=110198&peptide_id=32188&scanf=3989&charge=2&value=sp|P62277|RS13_HUMAN,2,/core/www/modules/match_peptides/blast_html4.php?run_id=110202&search_id=114132&scans_id=110198&peptide_id=32188&scanf=3989&charge=2&value=2,R.DSHGVAQVR.F,/core/www/modules/show_out/show_out_wrapper.php?run_id=110202&search_id=114132&scans_id=110198&peptide_id=32188&scanf=3989&charge=2&value=R.DSHGVAQVR.F,RPS13,4.640e+6,1.919,0.136,0.867,0.007
3998,2,"  1.501","  0.411",7/12,/core/www/modules//sdig/index.php?run_id=110202&search_id=114132&scans_id=110198&peptide_id=32282&scanf=3998&charge=2&value=7/12,sp|Q08170|SRSF4_HUMAN,/core/www/modules//consensus/?run_id=110202&search_id=114132&scans_id=110198&peptide_id=32282&scanf=3998&charge=2&value=sp|Q08170|SRSF4_HUMAN,6,/core/www/modules/match_peptides/blast_html4.php?run_id=110202&search_id=114132&scans_id=110198&peptide_id=32282&scanf=3998&charge=2&value=6,R.VIVEHAR.G,/core/www/modules/show_out/show_out_wrapper.php?run_id=110202&search_id=114132&scans_id=110198&peptide_id=32282&scanf=3998&charge=2&value=R.VIVEHAR.G,SRSF4,3.125e+6,3.055,0.003,2.489,0.000
4004,2,"  1.213","  0.118",7/14,/core/www/modules//sdig/index.php?run_id=110202&search_id=114132&scans_id=110198&peptide_id=32345&scanf=4004&charge=2&value=7/14,sp|P38159|RBMX_HUMAN,/core/www/modules//consensus/?run_id=110202&search_id=114132&scans_id=110198&peptide_id=32345&scanf=4004&charge=2&value=sp|P38159|RBMX_HUMAN,2,/core/www/modules/match_peptides/blast_html4.php?run_id=110202&search_id=114132&scans_id=110198&peptide_id=32345&scanf=4004&charge=2&value=2,R.YDDYSSSR.D,/core/www/modules/show_out/show_out_wrapper.php?run_id=110202&search_id=114132&scans_id=110198&peptide_id=32345&scanf=4004&charge=2&value=R.YDDYSSSR.D,RBMX,4.017e+5,2.078,0.084,1.076,0.003
4006,2,"  1.588","  0.228",9/16,/core/www/modules//sdig/index.php?run_id=110202&search_id=114132&scans_id=110198&peptide_id=32366&scanf=4006&charge=2&value=9/16,sp|P11387|TOP1_HUMAN,/core/www/modules//consensus/?run_id=110202&search_id=114132&scans_id=110198&peptide_id=32366&scanf=4006&charge=2&value=sp|P11387|TOP1_HUMAN,0,/core/www/modules/match_peptides/blast_html4.php?run_id=110202&search_id=114132&scans_id=110198&peptide_id=32366&scanf=4006&charge=2&value=0,K.VPSPPPGHK.W,/core/www/modules/show_out/show_out_wrapper.php?run_id=110202&search_id=114132&scans_id=110198&peptide_id=32366&scanf=4006&charge=2&value=K.VPSPPPGHK.W,TOP1,3.693e+6,2.381,0.031,1.503,0.001
4010,3,"  1.967","  0.165",10/36,/core/www/modules//sdig/index.php?run_id=110202&search_id=114132&scans_id=110198&peptide_id=32408&scanf=4010&charge=3&value=10/36,sp|Q15424|SAFB1_HUMAN,/core/www/modules//consensus/?run_id=110202&search_id=114132&scans_id=110198&peptide_id=32408&scanf=4010&charge=3&value=sp|Q15424|SAFB1_HUMAN,0,/core/www/modules/match_peptides/blast_html4.php?run_id=110202&search_id=114132&scans_id=110198&peptide_id=32408&scanf=4010&charge=3&value=0,R.GRYPDHSVDR.R,/core/www/modules/show_out/show_out_wrapper.php?run_id=110202&search_id=114132&scans_id=110198&peptide_id=32408&scanf=4010&charge=3&value=R.GRYPDHSVDR.R,SAFB,4.700e+6,1.858,0.162,0.789,0.009
4016,2,"  1.516","  0.323",8/14,/core/www/modules//sdig/index.php?run_id=110202&search_id=114132&scans_id=110198&peptide_id=32470&scanf=4016&charge=2&value=8/14,sp|P38159|RBMX_HUMAN,/core/www/modules//consensus/?run_id=110202&search_id=114132&scans_id=110198&peptide_id=32470&scanf=4016&charge=2&value=sp|P38159|RBMX_HUMAN,3,/core/www/modules/match_peptides/blast_html4.php?run_id=110202&search_id=114132&scans_id=110198&peptide_id=32470&scanf=4016&charge=2&value=3,R.SAPSGPVR.S,/core/www/modules/show_out/show_out_wrapper.php?run_id=110202&search_id=114132&scans_id=110198&peptide_id=32470&scanf=4016&charge=2&value=R.SAPSGPVR.S,RBMX,1.403e+7,2.845,0.007,2.179,0.000
4019,2,"  1.065","  0.179",5/14,/core/www/modules//sdig/index.php?run_id=110202&search_id=114132&scans_id=110198&peptide_id=32502&scanf=4019&charge=2&value=5/14,sp|P16104|H2AX_HUMAN,/core/www/modules//consensus/?run_id=110202&search_id=114132&scans_id=110198&peptide_id=32502&scanf=4019&charge=2&value=sp|P16104|H2AX_HUMAN,0,/core/www/modules/match_peptides/blast_html4.php?run_id=110202&search_id=114132&scans_id=110198&peptide_id=32502&scanf=4019&charge=2&value=0,K.ATQASQEY.-,/core/www/modules/show_out/show_out_wrapper.php?run_id=110202&search_id=114132&scans_id=110198&peptide_id=32502&scanf=4019&charge=2&value=K.ATQASQEY.-,H2AX,1.729e+6,1.831,0.175,0.756,0.010
4020,2,"  1.587","  0.407",8/12,/core/www/modules//sdig/index.php?run_id=110202&search_id=114132&scans_id=110198&peptide_id=32512&scanf=4020&charge=2&value=8/12,sp|P31943|HNRH1_HUMAN,/core/www/modules//consensus/?run_id=110202&search_id=114132&scans_id=110198&peptide_id=32512&scanf=4020&charge=2&value=sp|P31943|HNRH1_HUMAN,8,/core/www/modules/match_peptides/blast_html4.php?run_id=110202&search_id=114132&scans_id=110198&peptide_id=32512&scanf=4020&charge=2&value=8,R.THYDPPR.K,/core/www/modules/show_out/show_out_wrapper.php?run_id=110202&search_id=114132&scans_id=110198&peptide_id=32512&scanf=4020&charge=2&value=R.THYDPPR.K,HNRNPH1,1.084e+7,3.178,0.002,2.672,0.000
4021,2,"  1.549","  0.208",7/16,/core/www/modules//sdig/index.php?run_id=110202&search_id=114132&scans_id=110198&peptide_id=32523&scanf=4021&charge=2&value=7/16,sp|P07900|HS90A_HUMAN,/core/www/modules//consensus/?run_id=110202&search_id=114132&scans_id=110198&peptide_id=32523&scanf=4021&charge=2&value=sp|P07900|HS90A_HUMAN,0,/core/www/modules/match_peptides/blast_html4.php?run_id=110202&search_id=114132&scans_id=110198&peptide_id=32523&scanf=4021&charge=2&value=0,R.TDTGEPM*GR.G,/core/www/modules/show_out/show_out_wrapper.php?run_id=110202&search_id=114132&scans_id=110198&peptide_id=32523&scanf=4021&charge=2&value=R.TDTGEPM*GR.G,HSP90AA1,2.430e+6,2.229,0.052,1.286,0.002
4022,2,"  1.297","  0.281",6/14,/core/www/modules//sdig/index.php?run_id=110202&search_id=114132&scans_id=110198&peptide_id=32533&scanf=4022&charge=2&value=6/14,sp|Q13151|ROA0_HUMAN,/core/www/modules//consensus/?run_id=110202&search_id=114132&scans_id=110198&peptide_id=32533&scanf=4022&charge=2&value=sp|Q13151|ROA0_HUMAN,0,/core/www/modules/match_peptides/blast_html4.php?run_id=110202&search_id=114132&scans_id=110198&peptide_id=32533&scanf=4022&charge=2&value=0,K.FHPIQGHR.V,/core/www/modules/show_out/show_out_wrapper.php?run_id=110202&search_id=114132&scans_id=110198&peptide_id=32533&scanf=4022&charge=2&value=K.FHPIQGHR.V,HNRNPA0,4.097e+6,2.284,0.043,1.363,0.001
4027,2,"  1.545","  0.303",9/20,/core/www/modules//sdig/index.php?run_id=110202&search_id=114132&scans_id=110198&peptide_id=32586&scanf=4027&charge=2&value=9/20,sp|Q15149|PLEC_HUMAN,/core/www/modules//consensus/?run_id=110202&search_id=114132&scans_id=110198&peptide_id=32586&scanf=4027&charge=2&value=sp|Q15149|PLEC_HUMAN,4,/core/www/modules/match_peptides/blast_html4.php?run_id=110202&search_id=114132&scans_id=110198&peptide_id=32586&scanf=4027&charge=2&value=4,R.EEAAVDAQQQK.R,/core/www/modules/show_out/show_out_wrapper.php?run_id=110202&search_id=114132&scans_id=110198&peptide_id=32586&scanf=4027&charge=2&value=R.EEAAVDAQQQK.R,PLEC,1.968e+5,2.832,0.007,2.160,0.000
4037,3,"  2.794","  0.509",13/40,/core/www/modules//sdig/index.php?run_id=110202&search_id=114132&scans_id=110198&peptide_id=32690&scanf=4037&charge=3&value=13/40,sp|Q15717|ELAV1_HUMAN,/core/www/modules//consensus/?run_id=110202&search_id=114132&scans_id=110198&peptide_id=32690&scanf=4037&charge=3&value=sp|Q15717|ELAV1_HUMAN,0,/core/www/modules/match_peptides/blast_html4.php?run_id=110202&search_id=114132&scans_id=110198&peptide_id=32690&scanf=4037&charge=3&value=0,R.FGGPVHHQAQR.F,/core/www/modules/show_out/show_out_wrapper.php?run_id=110202&search_id=114132&scans_id=110198&peptide_id=32690&scanf=4037&charge=3&value=R.FGGPVHHQAQR.F,ELAVL1,3.552e+6,3.370,0.001,2.956,0.000
4039,3,"  1.993","  0.340",8/32,/core/www/modules//sdig/index.php?run_id=110202&search_id=114132&scans_id=110198&peptide_id=32711&scanf=4039&charge=3&value=8/32,sp|P78347|GTF2I_HUMAN,/core/www/modules//consensus/?run_id=110202&search_id=114132&scans_id=110198&peptide_id=32711&scanf=4039&charge=3&value=sp|P78347|GTF2I_HUMAN,3,/core/www/modules/match_peptides/blast_html4.php?run_id=110202&search_id=114132&scans_id=110198&peptide_id=32711&scanf=4039&charge=3&value=3,K.KHELLNSTR.E,/core/www/modules/show_out/show_out_wrapper.php?run_id=110202&search_id=114132&scans_id=110198&peptide_id=32711&scanf=4039&charge=3&value=K.KHELLNSTR.E,GTF2I,3.733e+6,2.475,0.023,1.638,0.001
4041,2,"  1.687","  0.133",10/18,/core/www/modules//sdig/index.php?run_id=110202&search_id=114132&scans_id=110198&peptide_id=32732&scanf=4041&charge=2&value=10/18,sp|O00541|PESC_HUMAN,/core/www/modules//consensus/?run_id=110202&search_id=114132&scans_id=110198&peptide_id=32732&scanf=4041&charge=2&value=sp|O00541|PESC_HUMAN,3,/core/www/modules/match_peptides/blast_html4.php?run_id=110202&search_id=114132&scans_id=110198&peptide_id=32732&scanf=4041&charge=2&value=3,K.LEGQAQAEAK.A,/core/www/modules/show_out/show_out_wrapper.php?run_id=110202&search_id=114132&scans_id=110198&peptide_id=32732&scanf=4041&charge=2&value=K.LEGQAQAEAK.A,PES1,2.236e+6,1.943,0.127,0.897,0.006
4050,2,"  1.896","  0.178",8/14,/core/www/modules//sdig/index.php?run_id=110202&search_id=114132&scans_id=110198&peptide_id=32827&scanf=4050&charge=2&value=8/14,sp|P08670|VIME_HUMAN,/core/www/modules//consensus/?run_id=110202&search_id=114132&scans_id=110198&peptide_id=32827&scanf=4050&charge=2&value=sp|P08670|VIME_HUMAN,6,/core/www/modules/match_peptides/blast_html4.php?run_id=110202&search_id=114132&scans_id=110198&peptide_id=32827&scanf=4050&charge=2&value=6,K.GTNESLER.Q,/core/www/modules/show_out/show_out_wrapper.php?run_id=110202&search_id=114132&scans_id=110198&peptide_id=32827&scanf=4050&charge=2&value=K.GTNESLER.Q,VIM,9.848e+6,2.584,0.016,1.796,0.000
4055,3,"  4.506","  0.607",18/44,/core/www/modules//sdig/index.php?run_id=110202&search_id=114132&scans_id=110198&peptide_id=32880&scanf=4055&charge=3&value=18/44,sp|Q8TAQ2|SMRC2_HUMAN,/core/www/modules//consensus/?run_id=110202&search_id=114132&scans_id=110198&peptide_id=32880&scanf=4055&charge=3&value=sp|Q8TAQ2|SMRC2_HUMAN,1,/core/www/modules/match_peptides/blast_html4.php?run_id=110202&search_id=114132&scans_id=110198&peptide_id=32880&scanf=4055&charge=3&value=1,R.GHREEEQEDLTK.D,/core/www/modules/show_out/show_out_wrapper.php?run_id=110202&search_id=114132&scans_id=110198&peptide_id=32880&scanf=4055&charge=3&value=R.GHREEEQEDLTK.D,SMARCC2,1.877e+6,3.718,0.000,3.471,0.000
4056,2,"  2.338","  0.167",10/16,/core/www/modules//sdig/index.php?run_id=110202&search_id=114132&scans_id=110198&peptide_id=32890&scanf=4056&charge=2&value=10/16,sp|Q8TAQ2|SMRC2_HUMAN,/core/www/modules//consensus/?run_id=110202&search_id=114132&scans_id=110198&peptide_id=32890&scanf=4056&charge=2&value=sp|Q8TAQ2|SMRC2_HUMAN,1,/core/www/modules/match_peptides/blast_html4.php?run_id=110202&search_id=114132&scans_id=110198&peptide_id=32890&scanf=4056&charge=2&value=1,K.KGPSTPYTK.S,/core/www/modules/show_out/show_out_wrapper.php?run_id=110202&search_id=114132&scans_id=110198&peptide_id=32890&scanf=4056&charge=2&value=K.KGPSTPYTK.S,SMARCC2,1.850e+6,2.126,0.072,1.143,0.002
4058,2,"  1.971","  0.337",10/14,/core/www/modules//sdig/index.php?run_id=110202&search_id=114132&scans_id=110198&peptide_id=32910&scanf=4058&charge=2&value=10/14,sp|P51531|SMCA2_HUMAN,/core/www/modules//consensus/?run_id=110202&search_id=114132&scans_id=110198&peptide_id=32910&scanf=4058&charge=2&value=sp|P51531|SMCA2_HUMAN,20,/core/www/modules/match_peptides/blast_html4.php?run_id=110202&search_id=114132&scans_id=110198&peptide_id=32910&scanf=4058&charge=2&value=20,R.IGQQNEVR.V,/core/www/modules/show_out/show_out_wrapper.php?run_id=110202&search_id=114132&scans_id=110198&peptide_id=32910&scanf=4058&charge=2&value=R.IGQQNEVR.V,SMARCA2,1.516e+7,3.169,0.002,2.658,0.000
4060,2,"  3.049","  0.539",12/18,/core/www/modules//sdig/index.php?run_id=110202&search_id=114132&scans_id=110198&peptide_id=32931&scanf=4060&charge=2&value=12/18,sp|P22626|ROA2_HUMAN,/core/www/modules//consensus/?run_id=110202&search_id=114132&scans_id=110198&peptide_id=32931&scanf=4060&charge=2&value=sp|P22626|ROA2_HUMAN,7,/core/www/modules/match_peptides/blast_html4.php?run_id=110202&search_id=114132&scans_id=110198&peptide_id=32931&scanf=4060&charge=2&value=7,R.QEM*QEVQSSR.S,/core/www/modules/show_out/show_out_wrapper.php?run_id=110202&search_id=114132&scans_id=110198&peptide_id=32931&scanf=4060&charge=2&value=R.QEM*QEVQSSR.S,HNRNPA2B1,3.799e+6,3.592,0.001,3.285,0.000
4065,3,"  2.505","  0.176",9/36,/core/www/modules//sdig/index.php?run_id=110202&search_id=114132&scans_id=110198&peptide_id=32984&scanf=4065&charge=3&value=9/36,sp|Q13247|SRSF6_HUMAN,/core/www/modules//consensus/?run_id=110202&search_id=114132&scans_id=110198&peptide_id=32984&scanf=4065&charge=3&value=sp|Q13247|SRSF6_HUMAN,4,/core/www/modules/match_peptides/blast_html4.php?run_id=110202&search_id=114132&scans_id=110198&peptide_id=32984&scanf=4065&charge=3&value=4,R.DRDGYSYGSR.S,/core/www/modules/show_out/show_out_wrapper.php?run_id=110202&search_id=114132&scans_id=110198&peptide_id=32984&scanf=4065&charge=3&value=R.DRDGYSYGSR.S,SRSF6,1.556e+6,1.840,0.171,0.767,0.009
4079,3,"  2.739","  0.264",13/36,/core/www/modules//sdig/index.php?run_id=110202&search_id=114132&scans_id=110198&peptide_id=33130&scanf=4079&charge=3&value=13/36,sp|O60506|HNRPQ_HUMAN,/core/www/modules//consensus/?run_id=110202&search_id=114132&scans_id=110198&peptide_id=33130&scanf=4079&charge=3&value=sp|O60506|HNRPQ_HUMAN,7,/core/www/modules/match_peptides/blast_html4.php?run_id=110202&search_id=114132&scans_id=110198&peptide_id=33130&scanf=4079&charge=3&value=7,K.DSDLSHVQNK.S,/core/www/modules/show_out/show_out_wrapper.php?run_id=110202&search_id=114132&scans_id=110198&peptide_id=33130&scanf=4079&charge=3&value=K.DSDLSHVQNK.S,SYNCRIP,8.737e+6,2.701,0.011,1.968,0.000
4080,2,"  2.373","  0.039",10/18,/core/www/modules//sdig/index.php?run_id=110202&search_id=114132&scans_id=110198&peptide_id=33141&scanf=4080&charge=2&value=10/18,sp|P78527|PRKDC_HUMAN,/core/www/modules//consensus/?run_id=110202&search_id=114132&scans_id=110198&peptide_id=33141&scanf=4080&charge=2&value=sp|P78527|PRKDC_HUMAN,0,/core/www/modules/match_peptides/blast_html4.php?run_id=110202&search_id=114132&scans_id=110198&peptide_id=33141&scanf=4080&charge=2&value=0,K.SM*EEDPQTSR.E,/core/www/modules/show_out/show_out_wrapper.php?run_id=110202&search_id=114132&scans_id=110198&peptide_id=33141&scanf=4080&charge=2&value=K.SM*EEDPQTSR.E,PRKDC,1.919e+6,2.475,0.023,1.638,0.001
4083,2,"  1.573","  0.181",7/12,/core/www/modules//sdig/index.php?run_id=110202&search_id=114132&scans_id=110198&peptide_id=33172&scanf=4083&charge=2&value=7/12,sp|Q15424|SAFB1_HUMAN,/core/www/modules//consensus/?run_id=110202&search_id=114132&scans_id=110198&peptide_id=33172&scanf=4083&charge=2&value=sp|Q15424|SAFB1_HUMAN,1,/core/www/modules/match_peptides/blast_html4.php?run_id=110202&search_id=114132&scans_id=110198&peptide_id=33172&scanf=4083&charge=2&value=1,R.YHSDFNR.Q,/core/www/modules/show_out/show_out_wrapper.php?run_id=110202&search_id=114132&scans_id=110198&peptide_id=33172&scanf=4083&charge=2&value=R.YHSDFNR.Q,SAFB,1.992e+6,2.237,0.050,1.297,0.002
4084,2,"  3.462","  0.557",17/28,/core/www/modules//sdig/index.php?run_id=110202&search_id=114132&scans_id=110198&peptide_id=33183&scanf=4084&charge=2&value=17/28,sp|Q13151|ROA0_HUMAN,/core/www/modules//consensus/?run_id=110202&search_id=114132&scans_id=110198&peptide_id=33183&scanf=4084&charge=2&value=sp|Q13151|ROA0_HUMAN,0,/core/www/modules/match_peptides/blast_html4.php?run_id=110202&search_id=114132&scans_id=110198&peptide_id=33183&scanf=4084&charge=2&value=0,K.SGGGGGGGGSSWGGR.S,/core/www/modules/show_out/show_out_wrapper.php?run_id=110202&search_id=114132&scans_id=110198&peptide_id=33183&scanf=4084&charge=2&value=K.SGGGGGGGGSSWGGR.S,HNRNPA0,7.314e+5,3.343,0.001,2.916,0.000
4101,3,"  2.534","  0.392",9/56,/core/www/modules//sdig/index.php?run_id=110202&search_id=114132&scans_id=110198&peptide_id=33361&scanf=4101&charge=3&value=9/56,sp|P05997|CO5A2_HUMAN,/core/www/modules//consensus/?run_id=110202&search_id=114132&scans_id=110198&peptide_id=33361&scanf=4101&charge=3&value=sp|P05997|CO5A2_HUMAN,1,/core/www/modules/match_peptides/blast_html4.php?run_id=110202&search_id=114132&scans_id=110198&peptide_id=33361&scanf=4101&charge=3&value=1,R.GRPGPAGPPGSQGPR.G,/core/www/modules/show_out/show_out_wrapper.php?run_id=110202&search_id=114132&scans_id=110198&peptide_id=33361&scanf=4101&charge=3&value=R.GRPGPAGPPGSQGPR.G,COL5A2,3.991e+6,2.396,0.030,1.524,0.001
4104,3,"  5.318","  0.621",19/52,/core/www/modules//sdig/index.php?run_id=110202&search_id=114132&scans_id=110198&peptide_id=33392&scanf=4104&charge=3&value=19/52,sp|Q12906|ILF3_HUMAN,/core/www/modules//consensus/?run_id=110202&search_id=114132&scans_id=110198&peptide_id=33392&scanf=4104&charge=3&value=sp|Q12906|ILF3_HUMAN,0,/core/www/modules/match_peptides/blast_html4.php?run_id=110202&search_id=114132&scans_id=110198&peptide_id=33392&scanf=4104&charge=3&value=0,K.RPMEEDGEEKSPSK.K,/core/www/modules/show_out/show_out_wrapper.php?run_id=110202&search_id=114132&scans_id=110198&peptide_id=33392&scanf=4104&charge=3&value=K.RPMEEDGEEKSPSK.K,ILF3,2.175e+6,3.642,0.000,3.359,0.000
4109,2,"  2.542","  0.606",18/30,/core/www/modules//sdig/index.php?run_id=110202&search_id=114132&scans_id=110198&peptide_id=33445&scanf=4109&charge=2&value=18/30,sp|Q8NC51|PAIRB_HUMAN,/core/www/modules//consensus/?run_id=110202&search_id=114132&scans_id=110198&peptide_id=33445&scanf=4109&charge=2&value=sp|Q8NC51|PAIRB_HUMAN,0,/core/www/modules/match_peptides/blast_html4.php?run_id=110202&search_id=114132&scans_id=110198&peptide_id=33445&scanf=4109&charge=2&value=0,K.SAAQAAAQTNSNAAGK.Q,/core/www/modules/show_out/show_out_wrapper.php?run_id=110202&search_id=114132&scans_id=110198&peptide_id=33445&scanf=4109&charge=2&value=K.SAAQAAAQTNSNAAGK.Q,SERBP1,6.665e+5,3.340,0.001,2.911,0.000
4115,3,"  2.437","  0.210",10/36,/core/www/modules//sdig/index.php?run_id=110202&search_id=114132&scans_id=110198&peptide_id=33508&scanf=4115&charge=3&value=10/36,sp|P61586|RHOA_HUMAN,/core/www/modules//consensus/?run_id=110202&search_id=114132&scans_id=110198&peptide_id=33508&scanf=4115&charge=3&value=sp|P61586|RHOA_HUMAN,1,/core/www/modules/match_peptides/blast_html4.php?run_id=110202&search_id=114132&scans_id=110198&peptide_id=33508&scanf=4115&charge=3&value=1,K.QEPVKPEEGR.D,/core/www/modules/show_out/show_out_wrapper.php?run_id=110202&search_id=114132&scans_id=110198&peptide_id=33508&scanf=4115&charge=3&value=K.QEPVKPEEGR.D,RHOA,4.729e+6,2.186,0.059,1.226,0.002
4121,2,"  2.203","  0.497",10/16,/core/www/modules//sdig/index.php?run_id=110202&search_id=114132&scans_id=110198&peptide_id=33570&scanf=4121&charge=2&value=10/16,sp|P07900|HS90A_HUMAN,/core/www/modules//consensus/?run_id=110202&search_id=114132&scans_id=110198&peptide_id=33570&scanf=4121&charge=2&value=sp|P07900|HS90A_HUMAN,0,/core/www/modules/match_peptides/blast_html4.php?run_id=110202&search_id=114132&scans_id=110198&peptide_id=33570&scanf=4121&charge=2&value=0,R.TDTGEPMGR.G,/core/www/modules/show_out/show_out_wrapper.php?run_id=110202&search_id=114132&scans_id=110198&peptide_id=33570&scanf=4121&charge=2&value=R.TDTGEPMGR.G,HSP90AA1,1.076e+7,3.503,0.001,3.153,0.000
4122,2,"  1.525","  0.167",7/12,/core/www/modules//sdig/index.php?run_id=110202&search_id=114132&scans_id=110198&peptide_id=33581&scanf=4122&charge=2&value=7/12,sp|P62701|RS4X_HUMAN,/core/www/modules//consensus/?run_id=110202&search_id=114132&scans_id=110198&peptide_id=33581&scanf=4122&charge=2&value=sp|P62701|RS4X_HUMAN,0,/core/www/modules/match_peptides/blast_html4.php?run_id=110202&search_id=114132&scans_id=110198&peptide_id=33581&scanf=4122&charge=2&value=0,R.ITPEEAK.Y,/core/www/modules/show_out/show_out_wrapper.php?run_id=110202&search_id=114132&scans_id=110198&peptide_id=33581&scanf=4122&charge=2&value=R.ITPEEAK.Y,RPS4X,8.691e+6,2.190,0.059,1.231,0.002
4123,3,"  4.335","  0.552",14/44,/core/www/modules//sdig/index.php?run_id=110202&search_id=114132&scans_id=110198&peptide_id=33591&scanf=4123&charge=3&value=14/44,sp|P02545|LMNA_HUMAN,/core/www/modules//consensus/?run_id=110202&search_id=114132&scans_id=110198&peptide_id=33591&scanf=4123&charge=3&value=sp|P02545|LMNA_HUMAN,6,/core/www/modules/match_peptides/blast_html4.php?run_id=110202&search_id=114132&scans_id=110198&peptide_id=33591&scanf=4123&charge=3&value=6,R.AQHEDQVEQYKK.E,/core/www/modules/show_out/show_out_wrapper.php?run_id=110202&search_id=114132&scans_id=110198&peptide_id=33591&scanf=4123&charge=3&value=R.AQHEDQVEQYKK.E,LMNA,7.460e+6,3.338,0.001,2.908,0.000
4129,2,"  2.111","  0.295",11/16,/core/www/modules//sdig/index.php?run_id=110202&search_id=114132&scans_id=110198&peptide_id=33654&scanf=4129&charge=2&value=11/16,sp|O95793|STAU1_HUMAN,/core/www/modules//consensus/?run_id=110202&search_id=114132&scans_id=110198&peptide_id=33654&scanf=4129&charge=2&value=sp|O95793|STAU1_HUMAN,2,/core/www/modules/match_peptides/blast_html4.php?run_id=110202&search_id=114132&scans_id=110198&peptide_id=33654&scanf=4129&charge=2&value=2,R.ESEEENLNK.S,/core/www/modules/show_out/show_out_wrapper.php?run_id=110202&search_id=114132&scans_id=110198&peptide_id=33654&scanf=4129&charge=2&value=R.ESEEENLNK.S,STAU1,7.280e+5,2.812,0.007,2.130,0.000
4147,3,"  2.463","  0.500",10/56,/core/www/modules//sdig/index.php?run_id=110202&search_id=114132&scans_id=110198&peptide_id=33843&scanf=4147&charge=3&value=10/56,sp|P42285|MTREX_HUMAN,/core/www/modules//consensus/?run_id=110202&search_id=114132&scans_id=110198&peptide_id=33843&scanf=4147&charge=3&value=sp|P42285|MTREX_HUMAN,0,/core/www/modules/match_peptides/blast_html4.php?run_id=110202&search_id=114132&scans_id=110198&peptide_id=33843&scanf=4147&charge=3&value=0,K.NSATEAAKPAKPDEK.G,/core/www/modules/show_out/show_out_wrapper.php?run_id=110202&search_id=114132&scans_id=110198&peptide_id=33843&scanf=4147&charge=3&value=K.NSATEAAKPAKPDEK.G,MTREX,2.333e+6,2.938,0.005,2.317,0.000
4158,3,"  4.560","  0.556",12/72,/core/www/modules//sdig/index.php?run_id=110202&search_id=114132&scans_id=110198&peptide_id=33958&scanf=4158&charge=3&value=12/72,sp|O75533|SF3B1_HUMAN,/core/www/modules//consensus/?run_id=110202&search_id=114132&scans_id=110198&peptide_id=33958&scanf=4158&charge=3&value=sp|O75533|SF3B1_HUMAN,0,/core/www/modules/match_peptides/blast_html4.php?run_id=110202&search_id=114132&scans_id=110198&peptide_id=33958&scanf=4158&charge=3&value=0,R.GDTPGHATPGHGGATSSAR.K,/core/www/modules/show_out/show_out_wrapper.php?run_id=110202&search_id=114132&scans_id=110198&peptide_id=33958&scanf=4158&charge=3&value=R.GDTPGHATPGHGGATSSAR.K,SF3B1,2.860e+6,3.285,0.001,2.829,0.000
4163,2,"  1.480","  0.085",7/12,/core/www/modules//sdig/index.php?run_id=110202&search_id=114132&scans_id=110198&peptide_id=34010&scanf=4163&charge=2&value=7/12,sp|O00422|SAP18_HUMAN,/core/www/modules//consensus/?run_id=110202&search_id=114132&scans_id=110198&peptide_id=34010&scanf=4163&charge=2&value=sp|O00422|SAP18_HUMAN,1,/core/www/modules/match_peptides/blast_html4.php?run_id=110202&search_id=114132&scans_id=110198&peptide_id=34010&scanf=4163&charge=2&value=1,R.VTQEEIK.K,/core/www/modules/show_out/show_out_wrapper.php?run_id=110202&search_id=114132&scans_id=110198&peptide_id=34010&scanf=4163&charge=2&value=R.VTQEEIK.K,SAP18,6.270e+6,1.943,0.127,0.897,0.006
4164,2,"  1.860","  0.384",10/20,/core/www/modules//sdig/index.php?run_id=110202&search_id=114132&scans_id=110198&peptide_id=34021&scanf=4164&charge=2&value=10/20,sp|P38159|RBMX_HUMAN,/core/www/modules//consensus/?run_id=110202&search_id=114132&scans_id=110198&peptide_id=34021&scanf=4164&charge=2&value=sp|P38159|RBMX_HUMAN,2,/core/www/modules/match_peptides/blast_html4.php?run_id=110202&search_id=114132&scans_id=110198&peptide_id=34021&scanf=4164&charge=2&value=2,R.GPPPSYGGSSR.Y,/core/www/modules/show_out/show_out_wrapper.php?run_id=110202&search_id=114132&scans_id=110198&peptide_id=34021&scanf=4164&charge=2&value=R.GPPPSYGGSSR.Y,RBMX,4.650e+7,2.824,0.007,2.149,0.000
4166,2,"  2.165","  0.118",8/14,/core/www/modules//sdig/index.php?run_id=110202&search_id=114132&scans_id=110198&peptide_id=34042&scanf=4166&charge=2&value=8/14,sp|Q16643|DREB_HUMAN,/core/www/modules//consensus/?run_id=110202&search_id=114132&scans_id=110198&peptide_id=34042&scanf=4166&charge=2&value=sp|Q16643|DREB_HUMAN,1,/core/www/modules/match_peptides/blast_html4.php?run_id=110202&search_id=114132&scans_id=110198&peptide_id=34042&scanf=4166&charge=2&value=1,K.TDAAVEM*K.R,/core/www/modules/show_out/show_out_wrapper.php?run_id=110202&search_id=114132&scans_id=110198&peptide_id=34042&scanf=4166&charge=2&value=K.TDAAVEM*K.R,DBN1,1.995e+6,2.141,0.069,1.164,0.002
4167,3,"  1.722","  0.170",8/32,/core/www/modules//sdig/index.php?run_id=110202&search_id=114132&scans_id=110198&peptide_id=34052&scanf=4167&charge=3&value=8/32,sp|P59998|ARPC4_HUMAN,/core/www/modules//consensus/?run_id=110202&search_id=114132&scans_id=110198&peptide_id=34052&scanf=4167&charge=3&value=sp|P59998|ARPC4_HUMAN,5,/core/www/modules/match_peptides/blast_html4.php?run_id=110202&search_id=114132&scans_id=110198&peptide_id=34052&scanf=4167&charge=3&value=5,R.HNKPEVEVR.S,/core/www/modules/show_out/show_out_wrapper.php?run_id=110202&search_id=114132&scans_id=110198&peptide_id=34052&scanf=4167&charge=3&value=R.HNKPEVEVR.S,ARPC4,4.502e+6,2.085,0.082,1.086,0.003
4181,3,"  4.995","  0.741",24/80,/core/www/modules//sdig/index.php?run_id=110202&search_id=114132&scans_id=110198&peptide_id=34200&scanf=4181&charge=3&value=24/80,sp|Q9UQE7|SMC3_HUMAN,/core/www/modules//consensus/?run_id=110202&search_id=114132&scans_id=110198&peptide_id=34200&scanf=4181&charge=3&value=sp|Q9UQE7|SMC3_HUMAN,0,/core/www/modules/match_peptides/blast_html4.php?run_id=110202&search_id=114132&scans_id=110198&peptide_id=34200&scanf=4181&charge=3&value=0,K.KGDVEGSQSQDEGEGSGESER.G,/core/www/modules/show_out/show_out_wrapper.php?run_id=110202&search_id=114132&scans_id=110198&peptide_id=34200&scanf=4181&charge=3&value=K.KGDVEGSQSQDEGEGSGESER.G,SMC3,2.159e+6,3.672,0.000,3.404,0.000
4184,2,"  2.459","  0.389",9/14,/core/www/modules//sdig/index.php?run_id=110202&search_id=114132&scans_id=110198&peptide_id=34230&scanf=4184&charge=2&value=9/14,sp|P46779|RL28_HUMAN,/core/www/modules//consensus/?run_id=110202&search_id=114132&scans_id=110198&peptide_id=34230&scanf=4184&charge=2&value=sp|P46779|RL28_HUMAN,1,/core/www/modules/match_peptides/blast_html4.php?run_id=110202&search_id=114132&scans_id=110198&peptide_id=34230&scanf=4184&charge=2&value=1,R.KPATSYVR.T,/core/www/modules/show_out/show_out_wrapper.php?run_id=110202&search_id=114132&scans_id=110198&peptide_id=34230&scanf=4184&charge=2&value=R.KPATSYVR.T,RPL28,1.051e+7,3.012,0.004,2.426,0.000
4206,4,"  5.125","  0.654",34/108,/core/www/modules//sdig/index.php?run_id=110202&search_id=114132&scans_id=110198&peptide_id=34461&scanf=4206&charge=4&value=34/108,sp|Q8N726|ARF_HUMAN,/core/www/modules//consensus/?run_id=110202&search_id=114132&scans_id=110198&peptide_id=34461&scanf=4206&charge=4&value=sp|Q8N726|ARF_HUMAN,0,/core/www/modules/match_peptides/blast_html4.php?run_id=110202&search_id=114132&scans_id=110198&peptide_id=34461&scanf=4206&charge=4&value=0,R.RPGHDDGQRPSGGAAAAPR.R,/core/www/modules/show_out/show_out_wrapper.php?run_id=110202&search_id=114132&scans_id=110198&peptide_id=34461&scanf=4206&charge=4&value=R.RPGHDDGQRPSGGAAAAPR.R,CDKN2A,7.756e+6,4.081,0.000,4.010,0.000
4208,2,"  1.581","  0.255",9/16,/core/www/modules//sdig/index.php?run_id=110202&search_id=114132&scans_id=110198&peptide_id=34482&scanf=4208&charge=2&value=9/16,sp|Q8TAQ2|SMRC2_HUMAN,/core/www/modules//consensus/?run_id=110202&search_id=114132&scans_id=110198&peptide_id=34482&scanf=4208&charge=2&value=sp|Q8TAQ2|SMRC2_HUMAN,2,/core/www/modules/match_peptides/blast_html4.php?run_id=110202&search_id=114132&scans_id=110198&peptide_id=34482&scanf=4208&charge=2&value=2,K.HVSNAPLTK.L,/core/www/modules/show_out/show_out_wrapper.php?run_id=110202&search_id=114132&scans_id=110198&peptide_id=34482&scanf=4208&charge=2&value=K.HVSNAPLTK.L,SMARCC2,2.339e+6,2.542,0.018,1.735,0.000
4212,2,"  2.669","  0.354",11/18,/core/www/modules//sdig/index.php?run_id=110202&search_id=114132&scans_id=110198&peptide_id=34524&scanf=4212&charge=2&value=11/18,sp|P49207|RL34_HUMAN,/core/www/modules//consensus/?run_id=110202&search_id=114132&scans_id=110198&peptide_id=34524&scanf=4212&charge=2&value=sp|P49207|RL34_HUMAN,0,/core/www/modules/match_peptides/blast_html4.php?run_id=110202&search_id=114132&scans_id=110198&peptide_id=34524&scanf=4212&charge=2&value=0,R.RLSYNTASNK.T,/core/www/modules/show_out/show_out_wrapper.php?run_id=110202&search_id=114132&scans_id=110198&peptide_id=34524&scanf=4212&charge=2&value=R.RLSYNTASNK.T,RPL34,2.515e+6,2.338,0.036,1.440,0.001
4215,2,"  2.639","  0.349",9/18,/core/www/modules//sdig/index.php?run_id=110202&search_id=114132&scans_id=110198&peptide_id=34555&scanf=4215&charge=2&value=9/18,sp|Q8NFW8|NEUA_HUMAN,/core/www/modules//consensus/?run_id=110202&search_id=114132&scans_id=110198&peptide_id=34555&scanf=4215&charge=2&value=sp|Q8NFW8|NEUA_HUMAN,1,/core/www/modules/match_peptides/blast_html4.php?run_id=110202&search_id=114132&scans_id=110198&peptide_id=34555&scanf=4215&charge=2&value=1,K.GAATSVSNPR.G,/core/www/modules/show_out/show_out_wrapper.php?run_id=110202&search_id=114132&scans_id=110198&peptide_id=34555&scanf=4215&charge=2&value=K.GAATSVSNPR.G,CMAS,1.261e+6,2.637,0.013,1.873,0.000
4218,3,"  4.455","  0.528",21/72,/core/www/modules//sdig/index.php?run_id=110202&search_id=114132&scans_id=110198&peptide_id=34587&scanf=4218&charge=3&value=21/72,sp|Q8N726|ARF_HUMAN,/core/www/modules//consensus/?run_id=110202&search_id=114132&scans_id=110198&peptide_id=34587&scanf=4218&charge=3&value=sp|Q8N726|ARF_HUMAN,0,/core/www/modules/match_peptides/blast_html4.php?run_id=110202&search_id=114132&scans_id=110198&peptide_id=34587&scanf=4218&charge=3&value=0,R.RPGHDDGQRPSGGAAAAPR.R,/core/www/modules/show_out/show_out_wrapper.php?run_id=110202&search_id=114132&scans_id=110198&peptide_id=34587&scanf=4218&charge=3&value=R.RPGHDDGQRPSGGAAAAPR.R,CDKN2A,1.755e+6,2.991,0.004,2.395,0.000
4223,2,"  1.869","  0.211",10/20,/core/www/modules//sdig/index.php?run_id=110202&search_id=114132&scans_id=110198&peptide_id=34640&scanf=4223&charge=2&value=10/20,sp|P08579|RU2B_HUMAN,/core/www/modules//consensus/?run_id=110202&search_id=114132&scans_id=110198&peptide_id=34640&scanf=4223&charge=2&value=sp|P08579|RU2B_HUMAN,0,/core/www/modules/match_peptides/blast_html4.php?run_id=110202&search_id=114132&scans_id=110198&peptide_id=34640&scanf=4223&charge=2&value=0,K.TVEQTATTTNK.K,/core/www/modules/show_out/show_out_wrapper.php?run_id=110202&search_id=114132&scans_id=110198&peptide_id=34640&scanf=4223&charge=2&value=K.TVEQTATTTNK.K,SNRPB2,8.243e+5,1.955,0.122,0.912,0.006
4227,2,"  1.570","  0.150",7/12,/core/www/modules//sdig/index.php?run_id=110202&search_id=114132&scans_id=110198&peptide_id=34681&scanf=4227&charge=2&value=7/12,sp|P52272|HNRPM_HUMAN,/core/www/modules//consensus/?run_id=110202&search_id=114132&scans_id=110198&peptide_id=34681&scanf=4227&charge=2&value=sp|P52272|HNRPM_HUMAN,2,/core/www/modules/match_peptides/blast_html4.php?run_id=110202&search_id=114132&scans_id=110198&peptide_id=34681&scanf=4227&charge=2&value=2,R.MGSGIER.M,/core/www/modules/show_out/show_out_wrapper.php?run_id=110202&search_id=114132&scans_id=110198&peptide_id=34681&scanf=4227&charge=2&value=R.MGSGIER.M,HNRNPM,4.142e+6,2.388,0.031,1.512,0.001
4231,3,"  1.944","  0.238",13/44,/core/www/modules//sdig/index.php?run_id=110202&search_id=114132&scans_id=110198&peptide_id=34723&scanf=4231&charge=3&value=13/44,sp|Q15424|SAFB1_HUMAN,/core/www/modules//consensus/?run_id=110202&search_id=114132&scans_id=110198&peptide_id=34723&scanf=4231&charge=3&value=sp|Q15424|SAFB1_HUMAN,0,/core/www/modules/match_peptides/blast_html4.php?run_id=110202&search_id=114132&scans_id=110198&peptide_id=34723&scanf=4231&charge=3&value=0,K.MSSPEDDSDTKR.L,/core/www/modules/show_out/show_out_wrapper.php?run_id=110202&search_id=114132&scans_id=110198&peptide_id=34723&scanf=4231&charge=3&value=K.MSSPEDDSDTKR.L,SAFB,1.565e+6,2.059,0.089,1.051,0.004
4236,2,"  3.563","  0.691",16/24,/core/www/modules//sdig/index.php?run_id=110202&search_id=114132&scans_id=110198&peptide_id=34775&scanf=4236&charge=2&value=16/24,sp|P53621|COPA_HUMAN,/core/www/modules//consensus/?run_id=110202&search_id=114132&scans_id=110198&peptide_id=34775&scanf=4236&charge=2&value=sp|P53621|COPA_HUMAN,6,/core/www/modules/match_peptides/blast_html4.php?run_id=110202&search_id=114132&scans_id=110198&peptide_id=34775&scanf=4236&charge=2&value=6,K.DADSQNPDAPEGK.R,/core/www/modules/show_out/show_out_wrapper.php?run_id=110202&search_id=114132&scans_id=110198&peptide_id=34775&scanf=4236&charge=2&value=K.DADSQNPDAPEGK.R,COPA,1.223e+6,4.028,0.000,3.931,0.000
4237,2,"  2.197","  0.163",9/16,/core/www/modules//sdig/index.php?run_id=110202&search_id=114132&scans_id=110198&peptide_id=34786&scanf=4237&charge=2&value=9/16,sp|O00303|EIF3F_HUMAN,/core/www/modules//consensus/?run_id=110202&search_id=114132&scans_id=110198&peptide_id=34786&scanf=4237&charge=2&value=sp|O00303|EIF3F_HUMAN,1,/core/www/modules/match_peptides/blast_html4.php?run_id=110202&search_id=114132&scans_id=110198&peptide_id=34786&scanf=4237&charge=2&value=1,K.VSADNTVGR.F,/core/www/modules/show_out/show_out_wrapper.php?run_id=110202&search_id=114132&scans_id=110198&peptide_id=34786&scanf=4237&charge=2&value=K.VSADNTVGR.F,EIF3F,1.379e+6,1.981,0.113,0.947,0.005
4240,2,"  1.996","  0.608",12/24,/core/www/modules//sdig/index.php?run_id=110202&search_id=114132&scans_id=110198&peptide_id=34817&scanf=4240&charge=2&value=12/24,sp|Q5JTH9|RRP12_HUMAN,/core/www/modules//consensus/?run_id=110202&search_id=114132&scans_id=110198&peptide_id=34817&scanf=4240&charge=2&value=sp|Q5JTH9|RRP12_HUMAN,0,/core/www/modules/match_peptides/blast_html4.php?run_id=110202&search_id=114132&scans_id=110198&peptide_id=34817&scanf=4240&charge=2&value=0,K.APAHHPAAISTAK.F,/core/www/modules/show_out/show_out_wrapper.php?run_id=110202&search_id=114132&scans_id=110198&peptide_id=34817&scanf=4240&charge=2&value=K.APAHHPAAISTAK.F,RRP12,9.831e+5,3.393,0.001,2.990,0.000
4247,2,"  2.154","  0.215",10/16,/core/www/modules//sdig/index.php?run_id=110202&search_id=114132&scans_id=110198&peptide_id=34890&scanf=4247&charge=2&value=10/16,sp|P78527|PRKDC_HUMAN,/core/www/modules//consensus/?run_id=110202&search_id=114132&scans_id=110198&peptide_id=34890&scanf=4247&charge=2&value=sp|P78527|PRKDC_HUMAN,1,/core/www/modules/match_peptides/blast_html4.php?run_id=110202&search_id=114132&scans_id=110198&peptide_id=34890&scanf=4247&charge=2&value=1,R.TQEGSLSAR.W,/core/www/modules/show_out/show_out_wrapper.php?run_id=110202&search_id=114132&scans_id=110198&peptide_id=34890&scanf=4247&charge=2&value=R.TQEGSLSAR.W,PRKDC,5.216e+6,3.179,0.002,2.673,0.000
4259,2,"  2.798","  0.666",14/26,/core/www/modules//sdig/index.php?run_id=110202&search_id=114132&scans_id=110198&peptide_id=35016&scanf=4259&charge=2&value=14/26,sp|P55884|EIF3B_HUMAN,/core/www/modules//consensus/?run_id=110202&search_id=114132&scans_id=110198&peptide_id=35016&scanf=4259&charge=2&value=sp|P55884|EIF3B_HUMAN,1,/core/www/modules/match_peptides/blast_html4.php?run_id=110202&search_id=114132&scans_id=110198&peptide_id=35016&scanf=4259&charge=2&value=1,R.AQAVSEDAGGNEGR.A,/core/www/modules/show_out/show_out_wrapper.php?run_id=110202&search_id=114132&scans_id=110198&peptide_id=35016&scanf=4259&charge=2&value=R.AQAVSEDAGGNEGR.A,EIF3B,1.870e+6,3.576,0.001,3.262,0.000
4260,2,"  2.955","  0.181",14/24,/core/www/modules//sdig/index.php?run_id=110202&search_id=114132&scans_id=110198&peptide_id=35027&scanf=4260&charge=2&value=14/24,sp|O00422|SAP18_HUMAN,/core/www/modules//consensus/?run_id=110202&search_id=114132&scans_id=110198&peptide_id=35027&scanf=4260&charge=2&value=sp|O00422|SAP18_HUMAN,1,/core/www/modules/match_peptides/blast_html4.php?run_id=110202&search_id=114132&scans_id=110198&peptide_id=35027&scanf=4260&charge=2&value=1,R.KGTDDSM*TLQSQK.F,/core/www/modules/show_out/show_out_wrapper.php?run_id=110202&search_id=114132&scans_id=110198&peptide_id=35027&scanf=4260&charge=2&value=R.KGTDDSM*TLQSQK.F,SAP18,7.270e+5,1.828,0.177,0.753,0.010
4261,2,"  3.367","  0.580",13/22,/core/www/modules//sdig/index.php?run_id=110202&search_id=114132&scans_id=110198&peptide_id=35037&scanf=4261&charge=2&value=13/22,sp|P50552|VASP_HUMAN,/core/www/modules//consensus/?run_id=110202&search_id=114132&scans_id=110198&peptide_id=35037&scanf=4261&charge=2&value=sp|P50552|VASP_HUMAN,1,/core/www/modules/match_peptides/blast_html4.php?run_id=110202&search_id=114132&scans_id=110198&peptide_id=35037&scanf=4261&charge=2&value=1,K.DESANQEEPEAR.V,/core/www/modules/show_out/show_out_wrapper.php?run_id=110202&search_id=114132&scans_id=110198&peptide_id=35037&scanf=4261&charge=2&value=K.DESANQEEPEAR.V,VASP,8.771e+5,3.501,0.001,3.149,0.000
4262,2,"  4.207","  0.644",20/28,/core/www/modules//sdig/index.php?run_id=110202&search_id=114132&scans_id=110198&peptide_id=35048&scanf=4262&charge=2&value=20/28,sp|P42285|MTREX_HUMAN,/core/www/modules//consensus/?run_id=110202&search_id=114132&scans_id=110198&peptide_id=35048&scanf=4262&charge=2&value=sp|P42285|MTREX_HUMAN,0,/core/www/modules/match_peptides/blast_html4.php?run_id=110202&search_id=114132&scans_id=110198&peptide_id=35048&scanf=4262&charge=2&value=0,K.NSATEAAKPAKPDEK.G,/core/www/modules/show_out/show_out_wrapper.php?run_id=110202&search_id=114132&scans_id=110198&peptide_id=35048&scanf=4262&charge=2&value=K.NSATEAAKPAKPDEK.G,MTREX,3.357e+5,3.848,0.000,3.664,0.000
4266,2,"  2.691","  0.546",13/24,/core/www/modules//sdig/index.php?run_id=110202&search_id=114132&scans_id=110198&peptide_id=35090&scanf=4266&charge=2&value=13/24,sp|P50750|CDK9_HUMAN,/core/www/modules//consensus/?run_id=110202&search_id=114132&scans_id=110198&peptide_id=35090&scanf=4266&charge=2&value=sp|P50750|CDK9_HUMAN,0,/core/www/modules/match_peptides/blast_html4.php?run_id=110202&search_id=114132&scans_id=110198&peptide_id=35090&scanf=4266&charge=2&value=0,K.GSQITQQSTNQSR.N,/core/www/modules/show_out/show_out_wrapper.php?run_id=110202&search_id=114132&scans_id=110198&peptide_id=35090&scanf=4266&charge=2&value=K.GSQITQQSTNQSR.N,CDK9,7.267e+5,3.212,0.002,2.722,0.000
4268,2,"  2.563","  0.402",11/16,/core/www/modules//sdig/index.php?run_id=110202&search_id=114132&scans_id=110198&peptide_id=35110&scanf=4268&charge=2&value=11/16,sp|P78527|PRKDC_HUMAN,/core/www/modules//consensus/?run_id=110202&search_id=114132&scans_id=110198&peptide_id=35110&scanf=4268&charge=2&value=sp|P78527|PRKDC_HUMAN,0,/core/www/modules/match_peptides/blast_html4.php?run_id=110202&search_id=114132&scans_id=110198&peptide_id=35110&scanf=4268&charge=2&value=0,K.QITPQQQEK.S,/core/www/modules/show_out/show_out_wrapper.php?run_id=110202&search_id=114132&scans_id=110198&peptide_id=35110&scanf=4268&charge=2&value=K.QITPQQQEK.S,PRKDC,6.135e+6,3.923,0.000,3.775,0.000
4270,2,"  1.825","  0.291",8/12,/core/www/modules//sdig/index.php?run_id=110202&search_id=114132&scans_id=110198&peptide_id=35131&scanf=4270&charge=2&value=8/12,sp|P52272|HNRPM_HUMAN,/core/www/modules//consensus/?run_id=110202&search_id=114132&scans_id=110198&peptide_id=35131&scanf=4270&charge=2&value=sp|P52272|HNRPM_HUMAN,5,/core/www/modules/match_peptides/blast_html4.php?run_id=110202&search_id=114132&scans_id=110198&peptide_id=35131&scanf=4270&charge=2&value=5,K.AAEVLNK.H,/core/www/modules/show_out/show_out_wrapper.php?run_id=110202&search_id=114132&scans_id=110198&peptide_id=35131&scanf=4270&charge=2&value=K.AAEVLNK.H,HNRNPM,5.221e+6,2.976,0.004,2.372,0.000
4271,2,"  1.716","  0.158",7/12,/core/www/modules//sdig/index.php?run_id=110202&search_id=114132&scans_id=110198&peptide_id=35142&scanf=4271&charge=2&value=7/12,sp|Q92841|DDX17_HUMAN,/core/www/modules//consensus/?run_id=110202&search_id=114132&scans_id=110198&peptide_id=35142&scanf=4271&charge=2&value=sp|Q92841|DDX17_HUMAN,2,/core/www/modules/match_peptides/blast_html4.php?run_id=110202&search_id=114132&scans_id=110198&peptide_id=35142&scanf=4271&charge=2&value=2,K.FGNPGER.L,/core/www/modules/show_out/show_out_wrapper.php?run_id=110202&search_id=114132&scans_id=110198&peptide_id=35142&scanf=4271&charge=2&value=K.FGNPGER.L,DDX17,2.976e+6,2.248,0.049,1.313,0.002
4272,2,"  1.515","  0.093",7/14,/core/www/modules//sdig/index.php?run_id=110202&search_id=114132&scans_id=110198&peptide_id=35152&scanf=4272&charge=2&value=7/14,sp|P20700|LMNB1_HUMAN,/core/www/modules//consensus/?run_id=110202&search_id=114132&scans_id=110198&peptide_id=35152&scanf=4272&charge=2&value=sp|P20700|LMNB1_HUMAN,1,/core/www/modules/match_peptides/blast_html4.php?run_id=110202&search_id=114132&scans_id=110198&peptide_id=35152&scanf=4272&charge=2&value=1,K.LSPSPSSR.V,/core/www/modules/show_out/show_out_wrapper.php?run_id=110202&search_id=114132&scans_id=110198&peptide_id=35152&scanf=4272&charge=2&value=K.LSPSPSSR.V,LMNB1,2.636e+6,1.824,0.179,0.748,0.010
4273,2,"  1.778","  0.151",8/12,/core/www/modules//sdig/index.php?run_id=110202&search_id=114132&scans_id=110198&peptide_id=35163&scanf=4273&charge=2&value=8/12,sp|P40926|MDHM_HUMAN,/core/www/modules//consensus/?run_id=110202&search_id=114132&scans_id=110198&peptide_id=35163&scanf=4273&charge=2&value=sp|P40926|MDHM_HUMAN,1,/core/www/modules/match_peptides/blast_html4.php?run_id=110202&search_id=114132&scans_id=110198&peptide_id=35163&scanf=4273&charge=2&value=1,K.KGEDFVK.T,/core/www/modules/show_out/show_out_wrapper.php?run_id=110202&search_id=114132&scans_id=110198&peptide_id=35163&scanf=4273&charge=2&value=K.KGEDFVK.T,MDH2,4.978e+6,1.943,0.127,0.898,0.006
4275,2,"  2.535","  0.186",13/18,/core/www/modules//sdig/index.php?run_id=110202&search_id=114132&scans_id=110198&peptide_id=35184&scanf=4275&charge=2&value=13/18,sp|P11387|TOP1_HUMAN,/core/www/modules//consensus/?run_id=110202&search_id=114132&scans_id=110198&peptide_id=35184&scanf=4275&charge=2&value=sp|P11387|TOP1_HUMAN,1,/core/www/modules/match_peptides/blast_html4.php?run_id=110202&search_id=114132&scans_id=110198&peptide_id=35184&scanf=4275&charge=2&value=1,R.DEDDADYKPK.K,/core/www/modules/show_out/show_out_wrapper.php?run_id=110202&search_id=114132&scans_id=110198&peptide_id=35184&scanf=4275&charge=2&value=R.DEDDADYKPK.K,TOP1,1.919e+6,2.468,0.024,1.628,0.001
4281,3,"  3.276","  0.464",18/72,/core/www/modules//sdig/index.php?run_id=110202&search_id=114132&scans_id=110198&peptide_id=35247&scanf=4281&charge=3&value=18/72,sp|Q8N726|ARF_HUMAN,/core/www/modules//consensus/?run_id=110202&search_id=114132&scans_id=110198&peptide_id=35247&scanf=4281&charge=3&value=sp|Q8N726|ARF_HUMAN,0,/core/www/modules/match_peptides/blast_html4.php?run_id=110202&search_id=114132&scans_id=110198&peptide_id=35247&scanf=4281&charge=3&value=0,R.RPGHDDGQRPSGGAAAAPR.R,/core/www/modules/show_out/show_out_wrapper.php?run_id=110202&search_id=114132&scans_id=110198&peptide_id=35247&scanf=4281&charge=3&value=R.RPGHDDGQRPSGGAAAAPR.R,CDKN2A,1.755e+6,2.771,0.008,2.071,0.000
4287,4,"  4.623","  0.494",23/102,/core/www/modules//sdig/index.php?run_id=110202&search_id=114132&scans_id=110198&peptide_id=35310&scanf=4287&charge=4&value=23/102,sp|Q14103|HNRPD_HUMAN,/core/www/modules//consensus/?run_id=110202&search_id=114132&scans_id=110198&peptide_id=35310&scanf=4287&charge=4&value=sp|Q14103|HNRPD_HUMAN,2,/core/www/modules/match_peptides/blast_html4.php?run_id=110202&search_id=114132&scans_id=110198&peptide_id=35310&scanf=4287&charge=4&value=2,K.IDASKNEEDEGHSNSSPR.H,/core/www/modules/show_out/show_out_wrapper.php?run_id=110202&search_id=114132&scans_id=110198&peptide_id=35310&scanf=4287&charge=4&value=K.IDASKNEEDEGHSNSSPR.H,HNRNPD,4.021e+6,3.142,0.002,2.618,0.000
4292,2,"  1.393","  0.131",7/14,/core/www/modules//sdig/index.php?run_id=110202&search_id=114132&scans_id=110198&peptide_id=35362&scanf=4292&charge=2&value=7/14,sp|P46782|RS5_HUMAN,/core/www/modules//consensus/?run_id=110202&search_id=114132&scans_id=110198&peptide_id=35362&scanf=4292&charge=2&value=sp|P46782|RS5_HUMAN,2,/core/www/modules/match_peptides/blast_html4.php?run_id=110202&search_id=114132&scans_id=110198&peptide_id=35362&scanf=4292&charge=2&value=2,K.YLPHSAGR.Y,/core/www/modules/show_out/show_out_wrapper.php?run_id=110202&search_id=114132&scans_id=110198&peptide_id=35362&scanf=4292&charge=2&value=K.YLPHSAGR.Y,RPS5,5.225e+6,1.885,0.150,0.823,0.008
4299,3,"  6.040","  0.742",27/68,/core/www/modules//sdig/index.php?run_id=110202&search_id=114132&scans_id=110198&peptide_id=35435&scanf=4299&charge=3&value=27/68,sp|Q14103|HNRPD_HUMAN,/core/www/modules//consensus/?run_id=110202&search_id=114132&scans_id=110198&peptide_id=35435&scanf=4299&charge=3&value=sp|Q14103|HNRPD_HUMAN,2,/core/www/modules/match_peptides/blast_html4.php?run_id=110202&search_id=114132&scans_id=110198&peptide_id=35435&scanf=4299&charge=3&value=2,K.IDASKNEEDEGHSNSSPR.H,/core/www/modules/show_out/show_out_wrapper.php?run_id=110202&search_id=114132&scans_id=110198&peptide_id=35435&scanf=4299&charge=3&value=K.IDASKNEEDEGHSNSSPR.H,HNRNPD,2.470e+6,3.839,0.000,3.650,0.000
4300,2,"  3.181","  0.488",15/28,/core/www/modules//sdig/index.php?run_id=110202&search_id=114132&scans_id=110198&peptide_id=35446&scanf=4300&charge=2&value=15/28,sp|P67809|YBOX1_HUMAN,/core/www/modules//consensus/?run_id=110202&search_id=114132&scans_id=110198&peptide_id=35446&scanf=4300&charge=2&value=sp|P67809|YBOX1_HUMAN,2,/core/www/modules/match_peptides/blast_html4.php?run_id=110202&search_id=114132&scans_id=110198&peptide_id=35446&scanf=4300&charge=2&value=2,K.NEGSESAPEGQAQQR.R,/core/www/modules/show_out/show_out_wrapper.php?run_id=110202&search_id=114132&scans_id=110198&peptide_id=35446&scanf=4300&charge=2&value=K.NEGSESAPEGQAQQR.R,YBX1,1.112e+6,2.866,0.006,2.211,0.000
4312,2,"  2.015","  0.138",8/12,/core/www/modules//sdig/index.php?run_id=110202&search_id=114132&scans_id=110198&peptide_id=35571&scanf=4312&charge=2&value=8/12,sp|Q13247|SRSF6_HUMAN,/core/www/modules//consensus/?run_id=110202&search_id=114132&scans_id=110198&peptide_id=35571&scanf=4312&charge=2&value=sp|Q13247|SRSF6_HUMAN,4,/core/www/modules/match_peptides/blast_html4.php?run_id=110202&search_id=114132&scans_id=110198&peptide_id=35571&scanf=4312&charge=2&value=4,R.LIEDKPR.T,/core/www/modules/show_out/show_out_wrapper.php?run_id=110202&search_id=114132&scans_id=110198&peptide_id=35571&scanf=4312&charge=2&value=R.LIEDKPR.T,SRSF6,9.364e+6,2.235,0.051,1.295,0.002
4326,2,"  3.462","  0.714",14/20,/core/www/modules//sdig/index.php?run_id=110202&search_id=114132&scans_id=110198&peptide_id=35718&scanf=4326&charge=2&value=14/20,sp|Q9UQE7|SMC3_HUMAN,/core/www/modules//consensus/?run_id=110202&search_id=114132&scans_id=110198&peptide_id=35718&scanf=4326&charge=2&value=sp|Q9UQE7|SMC3_HUMAN,0,/core/www/modules/match_peptides/blast_html4.php?run_id=110202&search_id=114132&scans_id=110198&peptide_id=35718&scanf=4326&charge=2&value=0,K.EHMDAINHDTK.E,/core/www/modules/show_out/show_out_wrapper.php?run_id=110202&search_id=114132&scans_id=110198&peptide_id=35718&scanf=4326&charge=2&value=K.EHMDAINHDTK.E,SMC3,4.823e+5,4.228,0.000,4.228,0.000
4328,2,"  2.166","  0.297",8/16,/core/www/modules//sdig/index.php?run_id=110202&search_id=114132&scans_id=110198&peptide_id=35740&scanf=4328&charge=2&value=8/16,sp|P17844|DDX5_HUMAN,/core/www/modules//consensus/?run_id=110202&search_id=114132&scans_id=110198&peptide_id=35740&scanf=4328&charge=2&value=sp|P17844|DDX5_HUMAN,2,/core/www/modules/match_peptides/blast_html4.php?run_id=110202&search_id=114132&scans_id=110198&peptide_id=35740&scanf=4328&charge=2&value=2,R.EANQAINPK.L,/core/www/modules/show_out/show_out_wrapper.php?run_id=110202&search_id=114132&scans_id=110198&peptide_id=35740&scanf=4328&charge=2&value=R.EANQAINPK.L,DDX5,5.710e+6,2.488,0.022,1.657,0.001
4331,2,"  2.176","  0.177",10/14,/core/www/modules//sdig/index.php?run_id=110202&search_id=114132&scans_id=110198&peptide_id=35770&scanf=4331&charge=2&value=10/14,sp|P46779|RL28_HUMAN,/core/www/modules//consensus/?run_id=110202&search_id=114132&scans_id=110198&peptide_id=35770&scanf=4331&charge=2&value=sp|P46779|RL28_HUMAN,0,/core/www/modules/match_peptides/blast_html4.php?run_id=110202&search_id=114132&scans_id=110198&peptide_id=35770&scanf=4331&charge=2&value=0,R.SQKPVMVK.R,/core/www/modules/show_out/show_out_wrapper.php?run_id=110202&search_id=114132&scans_id=110198&peptide_id=35770&scanf=4331&charge=2&value=R.SQKPVMVK.R,RPL28,3.740e+6,2.292,0.042,1.375,0.001
4339,2,"  1.389","  0.377",8/14,/core/www/modules//sdig/index.php?run_id=110202&search_id=114132&scans_id=110198&peptide_id=35854&scanf=4339&charge=2&value=8/14,sp|P61978|HNRPK_HUMAN,/core/www/modules//consensus/?run_id=110202&search_id=114132&scans_id=110198&peptide_id=35854&scanf=4339&charge=2&value=sp|P61978|HNRPK_HUMAN,1,/core/www/modules/match_peptides/blast_html4.php?run_id=110202&search_id=114132&scans_id=110198&peptide_id=35854&scanf=4339&charge=2&value=1,R.DYDDM*SPR.R,/core/www/modules/show_out/show_out_wrapper.php?run_id=110202&search_id=114132&scans_id=110198&peptide_id=35854&scanf=4339&charge=2&value=R.DYDDM*SPR.R,HNRNPK,1.873e+6,3.039,0.003,2.466,0.000
4346,2,"  2.087","  0.385",11/22,/core/www/modules//sdig/index.php?run_id=110202&search_id=114132&scans_id=110198&peptide_id=35928&scanf=4346&charge=2&value=11/22,sp|P51148|RAB5C_HUMAN,/core/www/modules//consensus/?run_id=110202&search_id=114132&scans_id=110198&peptide_id=35928&scanf=4346&charge=2&value=sp|P51148|RAB5C_HUMAN,0,/core/www/modules/match_peptides/blast_html4.php?run_id=110202&search_id=114132&scans_id=110198&peptide_id=35928&scanf=4346&charge=2&value=0,K.NEPQNATGAPGR.N,/core/www/modules/show_out/show_out_wrapper.php?run_id=110202&search_id=114132&scans_id=110198&peptide_id=35928&scanf=4346&charge=2&value=K.NEPQNATGAPGR.N,RAB5C,8.504e+5,2.557,0.017,1.758,0.000
4348,2,"  2.598","  0.340",15/18,/core/www/modules//sdig/index.php?run_id=110202&search_id=114132&scans_id=110198&peptide_id=35949&scanf=4348&charge=2&value=15/18,sp|P08708|RS17_HUMAN,/core/www/modules//consensus/?run_id=110202&search_id=114132&scans_id=110198&peptide_id=35949&scanf=4348&charge=2&value=sp|P08708|RS17_HUMAN,5,/core/www/modules/match_peptides/blast_html4.php?run_id=110202&search_id=114132&scans_id=110198&peptide_id=35949&scanf=4348&charge=2&value=5,R.LGNDFHTNKR.V,/core/www/modules/show_out/show_out_wrapper.php?run_id=110202&search_id=114132&scans_id=110198&peptide_id=35949&scanf=4348&charge=2&value=R.LGNDFHTNKR.V,RPS17,1.801e+6,2.747,0.009,2.036,0.000
4352,2,"  1.839","  0.193",7/12,/core/www/modules//sdig/index.php?run_id=110202&search_id=114132&scans_id=110198&peptide_id=35990&scanf=4352&charge=2&value=7/12,sp|O43143|DHX15_HUMAN,/core/www/modules//consensus/?run_id=110202&search_id=114132&scans_id=110198&peptide_id=35990&scanf=4352&charge=2&value=sp|O43143|DHX15_HUMAN,0,/core/www/modules/match_peptides/blast_html4.php?run_id=110202&search_id=114132&scans_id=110198&peptide_id=35990&scanf=4352&charge=2&value=0,R.STDFTSR.D,/core/www/modules/show_out/show_out_wrapper.php?run_id=110202&search_id=114132&scans_id=110198&peptide_id=35990&scanf=4352&charge=2&value=R.STDFTSR.D,DHX15,2.239e+6,2.396,0.030,1.524,0.001
4353,3,"  2.725","  0.380",14/40,/core/www/modules//sdig/index.php?run_id=110202&search_id=114132&scans_id=110198&peptide_id=36001&scanf=4353&charge=3&value=14/40,sp|O60493|SNX3_HUMAN,/core/www/modules//consensus/?run_id=110202&search_id=114132&scans_id=110198&peptide_id=36001&scanf=4353&charge=3&value=sp|O60493|SNX3_HUMAN,0,/core/www/modules/match_peptides/blast_html4.php?run_id=110202&search_id=114132&scans_id=110198&peptide_id=36001&scanf=4353&charge=3&value=0,K.VAGHPLAQNER.C,/core/www/modules/show_out/show_out_wrapper.php?run_id=110202&search_id=114132&scans_id=110198&peptide_id=36001&scanf=4353&charge=3&value=K.VAGHPLAQNER.C,SNX3,2.292e+6,2.888,0.006,2.243,0.000
4356,2,"  1.897","  0.226",8/14,/core/www/modules//sdig/index.php?run_id=110202&search_id=114132&scans_id=110198&peptide_id=36032&scanf=4356&charge=2&value=8/14,sp|Q13148|TADBP_HUMAN,/core/www/modules//consensus/?run_id=110202&search_id=114132&scans_id=110198&peptide_id=36032&scanf=4356&charge=2&value=sp|Q13148|TADBP_HUMAN,13,/core/www/modules/match_peptides/blast_html4.php?run_id=110202&search_id=114132&scans_id=110198&peptide_id=36032&scanf=4356&charge=2&value=13,K.QSQDEPLR.S,/core/www/modules/show_out/show_out_wrapper.php?run_id=110202&search_id=114132&scans_id=110198&peptide_id=36032&scanf=4356&charge=2&value=K.QSQDEPLR.S,TARDBP,3.764e+6,2.363,0.033,1.477,0.001
4358,2,"  2.621","  0.451",13/16,/core/www/modules//sdig/index.php?run_id=110202&search_id=114132&scans_id=110198&peptide_id=36053&scanf=4358&charge=2&value=13/16,sp|P62266|RS23_HUMAN,/core/www/modules//consensus/?run_id=110202&search_id=114132&scans_id=110198&peptide_id=36053&scanf=4358&charge=2&value=sp|P62266|RS23_HUMAN,4,/core/www/modules/match_peptides/blast_html4.php?run_id=110202&search_id=114132&scans_id=110198&peptide_id=36053&scanf=4358&charge=2&value=4,K.KAHLGTALK.A,/core/www/modules/show_out/show_out_wrapper.php?run_id=110202&search_id=114132&scans_id=110198&peptide_id=36053&scanf=4358&charge=2&value=K.KAHLGTALK.A,RPS23,5.377e+6,3.181,0.002,2.675,0.000
4362,2,"  1.578","  0.213",6/14,/core/www/modules//sdig/index.php?run_id=110202&search_id=114132&scans_id=110198&peptide_id=36095&scanf=4362&charge=2&value=6/14,sp|Q13247|SRSF6_HUMAN,/core/www/modules//consensus/?run_id=110202&search_id=114132&scans_id=110198&peptide_id=36095&scanf=4362&charge=2&value=sp|Q13247|SRSF6_HUMAN,4,/core/www/modules/match_peptides/blast_html4.php?run_id=110202&search_id=114132&scans_id=110198&peptide_id=36095&scanf=4362&charge=2&value=4,R.DGYSYGSR.S,/core/www/modules/show_out/show_out_wrapper.php?run_id=110202&search_id=114132&scans_id=110198&peptide_id=36095&scanf=4362&charge=2&value=R.DGYSYGSR.S,SRSF6,2.358e+6,2.065,0.087,1.059,0.004
4366,2,"  2.629","  0.592",11/22,/core/www/modules//sdig/index.php?run_id=110202&search_id=114132&scans_id=110198&peptide_id=36137&scanf=4366&charge=2&value=11/22,sp|P50552|VASP_HUMAN,/core/www/modules//consensus/?run_id=110202&search_id=114132&scans_id=110198&peptide_id=36137&scanf=4366&charge=2&value=sp|P50552|VASP_HUMAN,1,/core/www/modules/match_peptides/blast_html4.php?run_id=110202&search_id=114132&scans_id=110198&peptide_id=36137&scanf=4366&charge=2&value=1,K.DESANQEEPEAR.V,/core/www/modules/show_out/show_out_wrapper.php?run_id=110202&search_id=114132&scans_id=110198&peptide_id=36137&scanf=4366&charge=2&value=K.DESANQEEPEAR.V,VASP,8.771e+5,3.365,0.001,2.948,0.000
4373,2,"  2.681","  0.532",14/18,/core/www/modules//sdig/index.php?run_id=110202&search_id=114132&scans_id=110198&peptide_id=36210&scanf=4373&charge=2&value=14/18,sp|Q9BUJ2|HNRL1_HUMAN,/core/www/modules//consensus/?run_id=110202&search_id=114132&scans_id=110198&peptide_id=36210&scanf=4373&charge=2&value=sp|Q9BUJ2|HNRL1_HUMAN,3,/core/www/modules/match_peptides/blast_html4.php?run_id=110202&search_id=114132&scans_id=110198&peptide_id=36210&scanf=4373&charge=2&value=3,R.NPPGASTYNK.N,/core/www/modules/show_out/show_out_wrapper.php?run_id=110202&search_id=114132&scans_id=110198&peptide_id=36210&scanf=4373&charge=2&value=R.NPPGASTYNK.N,HNRNPUL1,4.575e+6,3.710,0.000,3.459,0.000
4376,2,"  2.084","  0.181",8/14,/core/www/modules//sdig/index.php?run_id=110202&search_id=114132&scans_id=110198&peptide_id=36242&scanf=4376&charge=2&value=8/14,sp|Q15149|PLEC_HUMAN,/core/www/modules//consensus/?run_id=110202&search_id=114132&scans_id=110198&peptide_id=36242&scanf=4376&charge=2&value=sp|Q15149|PLEC_HUMAN,4,/core/www/modules/match_peptides/blast_html4.php?run_id=110202&search_id=114132&scans_id=110198&peptide_id=36242&scanf=4376&charge=2&value=4,R.QLAAEEER.R,/core/www/modules/show_out/show_out_wrapper.php?run_id=110202&search_id=114132&scans_id=110198&peptide_id=36242&scanf=4376&charge=2&value=R.QLAAEEER.R,PLEC,2.611e+6,2.712,0.010,1.984,0.000
4378,2,"  2.426","  0.352",8/16,/core/www/modules//sdig/index.php?run_id=110202&search_id=114132&scans_id=110198&peptide_id=36263&scanf=4378&charge=2&value=8/16,sp|P36578|RL4_HUMAN,/core/www/modules//consensus/?run_id=110202&search_id=114132&scans_id=110198&peptide_id=36263&scanf=4378&charge=2&value=sp|P36578|RL4_HUMAN,1,/core/www/modules/match_peptides/blast_html4.php?run_id=110202&search_id=114132&scans_id=110198&peptide_id=36263&scanf=4378&charge=2&value=1,K.LAPGGHVGR.F,/core/www/modules/show_out/show_out_wrapper.php?run_id=110202&search_id=114132&scans_id=110198&peptide_id=36263&scanf=4378&charge=2&value=K.LAPGGHVGR.F,RPL4,9.649e+6,2.700,0.011,1.965,0.000
4379,2,"  2.068","  0.356",9/16,/core/www/modules//sdig/index.php?run_id=110202&search_id=114132&scans_id=110198&peptide_id=36273&scanf=4379&charge=2&value=9/16,sp|Q99460|PSMD1_HUMAN,/core/www/modules//consensus/?run_id=110202&search_id=114132&scans_id=110198&peptide_id=36273&scanf=4379&charge=2&value=sp|Q99460|PSMD1_HUMAN,13,/core/www/modules/match_peptides/blast_html4.php?run_id=110202&search_id=114132&scans_id=110198&peptide_id=36273&scanf=4379&charge=2&value=13,K.TPEASPEPK.D,/core/www/modules/show_out/show_out_wrapper.php?run_id=110202&search_id=114132&scans_id=110198&peptide_id=36273&scanf=4379&charge=2&value=K.TPEASPEPK.D,PSMD1,1.734e+6,2.727,0.010,2.006,0.000
4386,2,"  1.855","  0.127",9/18,/core/www/modules//sdig/index.php?run_id=110202&search_id=114132&scans_id=110198&peptide_id=36347&scanf=4386&charge=2&value=9/18,sp|O96028|NSD2_HUMAN,/core/www/modules//consensus/?run_id=110202&search_id=114132&scans_id=110198&peptide_id=36347&scanf=4386&charge=2&value=sp|O96028|NSD2_HUMAN,1,/core/www/modules/match_peptides/blast_html4.php?run_id=110202&search_id=114132&scans_id=110198&peptide_id=36347&scanf=4386&charge=2&value=1,K.TSTTLSSEEK.G,/core/www/modules/show_out/show_out_wrapper.php?run_id=110202&search_id=114132&scans_id=110198&peptide_id=36347&scanf=4386&charge=2&value=K.TSTTLSSEEK.G,NSD2,1.113e+6,1.848,0.167,0.777,0.009
4394,2,"  1.131","  0.087",7/12,/core/www/modules//sdig/index.php?run_id=110202&search_id=114132&scans_id=110198&peptide_id=36430&scanf=4394&charge=2&value=7/12,sp|P38159|RBMX_HUMAN,/core/www/modules//consensus/?run_id=110202&search_id=114132&scans_id=110198&peptide_id=36430&scanf=4394&charge=2&value=sp|P38159|RBMX_HUMAN,7,/core/www/modules/match_peptides/blast_html4.php?run_id=110202&search_id=114132&scans_id=110198&peptide_id=36430&scanf=4394&charge=2&value=7,R.GPPPPPR.S,/core/www/modules/show_out/show_out_wrapper.php?run_id=110202&search_id=114132&scans_id=110198&peptide_id=36430&scanf=4394&charge=2&value=R.GPPPPPR.S,RBMX,8.286e+6,2.084,0.082,1.086,0.003
4397,2,"  2.925","  0.430",14/16,/core/www/modules//sdig/index.php?run_id=110202&search_id=114132&scans_id=110198&peptide_id=36462&scanf=4397&charge=2&value=14/16,sp|Q14103|HNRPD_HUMAN,/core/www/modules//consensus/?run_id=110202&search_id=114132&scans_id=110198&peptide_id=36462&scanf=4397&charge=2&value=sp|Q14103|HNRPD_HUMAN,2,/core/www/modules/match_peptides/blast_html4.php?run_id=110202&search_id=114132&scans_id=110198&peptide_id=36462&scanf=4397&charge=2&value=2,K.KYHNVGLSK.C,/core/www/modules/show_out/show_out_wrapper.php?run_id=110202&search_id=114132&scans_id=110198&peptide_id=36462&scanf=4397&charge=2&value=K.KYHNVGLSK.C,HNRNPD,3.302e+6,3.207,0.002,2.715,0.000
4398,3,"  2.736","  0.481",12/48,/core/www/modules//sdig/index.php?run_id=110202&search_id=114132&scans_id=110198&peptide_id=36472&scanf=4398&charge=3&value=12/48,sp|Q9NX58|LYAR_HUMAN,/core/www/modules//consensus/?run_id=110202&search_id=114132&scans_id=110198&peptide_id=36472&scanf=4398&charge=3&value=sp|Q9NX58|LYAR_HUMAN,0,/core/www/modules/match_peptides/blast_html4.php?run_id=110202&search_id=114132&scans_id=110198&peptide_id=36472&scanf=4398&charge=3&value=0,K.VKDAVEQQGEVKK.N,/core/www/modules/show_out/show_out_wrapper.php?run_id=110202&search_id=114132&scans_id=110198&peptide_id=36472&scanf=4398&charge=3&value=K.VKDAVEQQGEVKK.N,LYAR,1.175e+7,2.510,0.021,1.688,0.000
4407,2,"  2.240","  0.373",8/18,/core/www/modules//sdig/index.php?run_id=110202&search_id=114132&scans_id=110198&peptide_id=36567&scanf=4407&charge=2&value=8/18,sp|P09382|LEG1_HUMAN,/core/www/modules//consensus/?run_id=110202&search_id=114132&scans_id=110198&peptide_id=36567&scanf=4407&charge=2&value=sp|P09382|LEG1_HUMAN,1,/core/www/modules/match_peptides/blast_html4.php?run_id=110202&search_id=114132&scans_id=110198&peptide_id=36567&scanf=4407&charge=2&value=1,R.VRGEVAPDAK.S,/core/www/modules/show_out/show_out_wrapper.php?run_id=110202&search_id=114132&scans_id=110198&peptide_id=36567&scanf=4407&charge=2&value=R.VRGEVAPDAK.S,LGALS1,5.382e+6,2.365,0.033,1.479,0.001
4415,3,"  3.007","  0.546",18/48,/core/www/modules//sdig/index.php?run_id=110202&search_id=114132&scans_id=110198&peptide_id=36650&scanf=4415&charge=3&value=18/48,sp|P22626|ROA2_HUMAN,/core/www/modules//consensus/?run_id=110202&search_id=114132&scans_id=110198&peptide_id=36650&scanf=4415&charge=3&value=sp|P22626|ROA2_HUMAN,10,/core/www/modules/match_peptides/blast_html4.php?run_id=110202&search_id=114132&scans_id=110198&peptide_id=36650&scanf=4415&charge=3&value=10,R.EESGKPGAHVTVK.K,/core/www/modules/show_out/show_out_wrapper.php?run_id=110202&search_id=114132&scans_id=110198&peptide_id=36650&scanf=4415&charge=3&value=R.EESGKPGAHVTVK.K,HNRNPA2B1,8.292e+7,3.577,0.001,3.263,0.000
4416,2,"  2.443","  0.442",10/14,/core/www/modules//sdig/index.php?run_id=110202&search_id=114132&scans_id=110198&peptide_id=36661&scanf=4416&charge=2&value=10/14,sp|P14625|ENPL_HUMAN,/core/www/modules//consensus/?run_id=110202&search_id=114132&scans_id=110198&peptide_id=36661&scanf=4416&charge=2&value=sp|P14625|ENPL_HUMAN,14,/core/www/modules/match_peptides/blast_html4.php?run_id=110202&search_id=114132&scans_id=110198&peptide_id=36661&scanf=4416&charge=2&value=14,R.TDDEVVQR.E,/core/www/modules/show_out/show_out_wrapper.php?run_id=110202&search_id=114132&scans_id=110198&peptide_id=36661&scanf=4416&charge=2&value=R.TDDEVVQR.E,HSP90B1,2.813e+6,3.412,0.001,3.018,0.000
4419,2,"  2.382","  0.401",9/14,/core/www/modules//sdig/index.php?run_id=110202&search_id=114132&scans_id=110198&peptide_id=36692&scanf=4419&charge=2&value=9/14,sp|P61254|RL26_HUMAN,/core/www/modules//consensus/?run_id=110202&search_id=114132&scans_id=110198&peptide_id=36692&scanf=4419&charge=2&value=sp|P61254|RL26_HUMAN,0,/core/www/modules/match_peptides/blast_html4.php?run_id=110202&search_id=114132&scans_id=110198&peptide_id=36692&scanf=4419&charge=2&value=0,K.YKEETIEK.M,/core/www/modules/show_out/show_out_wrapper.php?run_id=110202&search_id=114132&scans_id=110198&peptide_id=36692&scanf=4419&charge=2&value=K.YKEETIEK.M,RPL26,2.471e+6,2.671,0.012,1.924,0.000
4420,2,"  1.910","  0.247",9/16,/core/www/modules//sdig/index.php?run_id=110202&search_id=114132&scans_id=110198&peptide_id=36703&scanf=4420&charge=2&value=9/16,sp|P78371|TCPB_HUMAN,/core/www/modules//consensus/?run_id=110202&search_id=114132&scans_id=110198&peptide_id=36703&scanf=4420&charge=2&value=sp|P78371|TCPB_HUMAN,2,/core/www/modules/match_peptides/blast_html4.php?run_id=110202&search_id=114132&scans_id=110198&peptide_id=36703&scanf=4420&charge=2&value=2,K.VAEIEHAEK.E,/core/www/modules/show_out/show_out_wrapper.php?run_id=110202&search_id=114132&scans_id=110198&peptide_id=36703&scanf=4420&charge=2&value=K.VAEIEHAEK.E,CCT2,1.959e+6,2.389,0.031,1.514,0.001
4421,3,"  2.376","  0.168",13/40,/core/www/modules//sdig/index.php?run_id=110202&search_id=114132&scans_id=110198&peptide_id=36713&scanf=4421&charge=3&value=13/40,sp|Q8NC51|PAIRB_HUMAN,/core/www/modules//consensus/?run_id=110202&search_id=114132&scans_id=110198&peptide_id=36713&scanf=4421&charge=3&value=sp|Q8NC51|PAIRB_HUMAN,0,/core/www/modules/match_peptides/blast_html4.php?run_id=110202&search_id=114132&scans_id=110198&peptide_id=36713&scanf=4421&charge=3&value=0,R.RPDQQLQGEGK.I,/core/www/modules/show_out/show_out_wrapper.php?run_id=110202&search_id=114132&scans_id=110198&peptide_id=36713&scanf=4421&charge=3&value=R.RPDQQLQGEGK.I,SERBP1,1.133e+6,2.134,0.070,1.153,0.002
4427,3,"  2.559","  0.421",9/48,/core/www/modules//sdig/index.php?run_id=110202&search_id=114132&scans_id=110198&peptide_id=36776&scanf=4427&charge=3&value=9/48,sp|O60488|ACSL4_HUMAN,/core/www/modules//consensus/?run_id=110202&search_id=114132&scans_id=110198&peptide_id=36776&scanf=4427&charge=3&value=sp|O60488|ACSL4_HUMAN,3,/core/www/modules/match_peptides/blast_html4.php?run_id=110202&search_id=114132&scans_id=110198&peptide_id=36776&scanf=4427&charge=3&value=3,K.AKPTSDKPGSPYR.S,/core/www/modules/show_out/show_out_wrapper.php?run_id=110202&search_id=114132&scans_id=110198&peptide_id=36776&scanf=4427&charge=3&value=K.AKPTSDKPGSPYR.S,ACSL4,2.253e+6,2.694,0.011,1.957,0.000
4428,2,"  2.819","  0.444",10/18,/core/www/modules//sdig/index.php?run_id=110202&search_id=114132&scans_id=110198&peptide_id=36787&scanf=4428&charge=2&value=10/18,sp|P43686|PRS6B_HUMAN,/core/www/modules//consensus/?run_id=110202&search_id=114132&scans_id=110198&peptide_id=36787&scanf=4428&charge=2&value=sp|P43686|PRS6B_HUMAN,0,/core/www/modules/match_peptides/blast_html4.php?run_id=110202&search_id=114132&scans_id=110198&peptide_id=36787&scanf=4428&charge=2&value=0,K.RFDAQTGADR.E,/core/www/modules/show_out/show_out_wrapper.php?run_id=110202&search_id=114132&scans_id=110198&peptide_id=36787&scanf=4428&charge=2&value=K.RFDAQTGADR.E,PSMC4,1.527e+6,2.729,0.010,2.008,0.000
4436,2,"  1.786","  0.219",8/12,/core/www/modules//sdig/index.php?run_id=110202&search_id=114132&scans_id=110198&peptide_id=36870&scanf=4436&charge=2&value=8/12,sp|P40926|MDHM_HUMAN,/core/www/modules//consensus/?run_id=110202&search_id=114132&scans_id=110198&peptide_id=36870&scanf=4436&charge=2&value=sp|P40926|MDHM_HUMAN,1,/core/www/modules/match_peptides/blast_html4.php?run_id=110202&search_id=114132&scans_id=110198&peptide_id=36870&scanf=4436&charge=2&value=1,K.KGEDFVK.T,/core/www/modules/show_out/show_out_wrapper.php?run_id=110202&search_id=114132&scans_id=110198&peptide_id=36870&scanf=4436&charge=2&value=K.KGEDFVK.T,MDH2,4.978e+6,2.085,0.082,1.086,0.003
4444,3,"  2.829","  0.344",10/40,/core/www/modules//sdig/index.php?run_id=110202&search_id=114132&scans_id=110198&peptide_id=36954&scanf=4444&charge=3&value=10/40,sp|Q16643|DREB_HUMAN,/core/www/modules//consensus/?run_id=110202&search_id=114132&scans_id=110198&peptide_id=36954&scanf=4444&charge=3&value=sp|Q16643|DREB_HUMAN,1,/core/www/modules/match_peptides/blast_html4.php?run_id=110202&search_id=114132&scans_id=110198&peptide_id=36954&scanf=4444&charge=3&value=1,R.KQQTLEAEEAK.R,/core/www/modules/show_out/show_out_wrapper.php?run_id=110202&search_id=114132&scans_id=110198&peptide_id=36954&scanf=4444&charge=3&value=R.KQQTLEAEEAK.R,DBN1,4.712e+6,2.540,0.019,1.733,0.000
4452,2,"  2.013","  0.298",10/22,/core/www/modules//sdig/index.php?run_id=110202&search_id=114132&scans_id=110198&peptide_id=37038&scanf=4452&charge=2&value=10/22,sp|P50552|VASP_HUMAN,/core/www/modules//consensus/?run_id=110202&search_id=114132&scans_id=110198&peptide_id=37038&scanf=4452&charge=2&value=sp|P50552|VASP_HUMAN,1,/core/www/modules/match_peptides/blast_html4.php?run_id=110202&search_id=114132&scans_id=110198&peptide_id=37038&scanf=4452&charge=2&value=1,K.QEEASGGPTAPK.A,/core/www/modules/show_out/show_out_wrapper.php?run_id=110202&search_id=114132&scans_id=110198&peptide_id=37038&scanf=4452&charge=2&value=K.QEEASGGPTAPK.A,VASP,1.112e+6,2.290,0.042,1.372,0.001
4455,3,"  3.254","  0.510",10/52,/core/www/modules//sdig/index.php?run_id=110202&search_id=114132&scans_id=110198&peptide_id=37070&scanf=4455&charge=3&value=10/52,sp|Q92922|SMRC1_HUMAN,/core/www/modules//consensus/?run_id=110202&search_id=114132&scans_id=110198&peptide_id=37070&scanf=4455&charge=3&value=sp|Q92922|SMRC1_HUMAN,0,/core/www/modules/match_peptides/blast_html4.php?run_id=110202&search_id=114132&scans_id=110198&peptide_id=37070&scanf=4455&charge=3&value=0,R.RSQKEEDEQEDLTK.D,/core/www/modules/show_out/show_out_wrapper.php?run_id=110202&search_id=114132&scans_id=110198&peptide_id=37070&scanf=4455&charge=3&value=R.RSQKEEDEQEDLTK.D,SMARCC1,6.199e+5,2.467,0.024,1.626,0.001
4461,2,"  1.508","  0.092",6/12,/core/www/modules//sdig/index.php?run_id=110202&search_id=114132&scans_id=110198&peptide_id=37132&scanf=4461&charge=2&value=6/12,sp|Q14980|NUMA1_HUMAN,/core/www/modules//consensus/?run_id=110202&search_id=114132&scans_id=110198&peptide_id=37132&scanf=4461&charge=2&value=sp|Q14980|NUMA1_HUMAN,2,/core/www/modules/match_peptides/blast_html4.php?run_id=110202&search_id=114132&scans_id=110198&peptide_id=37132&scanf=4461&charge=2&value=2,R.HLTAQVR.S,/core/www/modules/show_out/show_out_wrapper.php?run_id=110202&search_id=114132&scans_id=110198&peptide_id=37132&scanf=4461&charge=2&value=R.HLTAQVR.S,NUMA1,1.602e+6,2.010,0.103,0.986,0.005
4467,2,"  4.490","  0.517",19/20,/core/www/modules//sdig/index.php?run_id=110202&search_id=114132&scans_id=110198&peptide_id=37194&scanf=4467&charge=2&value=19/20,sp|Q16643|DREB_HUMAN,/core/www/modules//consensus/?run_id=110202&search_id=114132&scans_id=110198&peptide_id=37194&scanf=4467&charge=2&value=sp|Q16643|DREB_HUMAN,1,/core/www/modules/match_peptides/blast_html4.php?run_id=110202&search_id=114132&scans_id=110198&peptide_id=37194&scanf=4467&charge=2&value=1,R.KQQTLEAEEAK.R,/core/www/modules/show_out/show_out_wrapper.php?run_id=110202&search_id=114132&scans_id=110198&peptide_id=37194&scanf=4467&charge=2&value=R.KQQTLEAEEAK.R,DBN1,3.373e+6,3.724,0.000,3.481,0.000
4470,4,"  5.308","  0.574",26/126,/core/www/modules//sdig/index.php?run_id=110202&search_id=114132&scans_id=110198&peptide_id=37225&scanf=4470&charge=4&value=26/126,sp|P23246|SFPQ_HUMAN,/core/www/modules//consensus/?run_id=110202&search_id=114132&scans_id=110198&peptide_id=37225&scanf=4470&charge=4&value=sp|P23246|SFPQ_HUMAN,1,/core/www/modules/match_peptides/blast_html4.php?run_id=110202&search_id=114132&scans_id=110198&peptide_id=37225&scanf=4470&charge=4&value=1,R.QHHPPYHQQHHQGPPPGGPGGR.S,/core/www/modules/show_out/show_out_wrapper.php?run_id=110202&search_id=114132&scans_id=110198&peptide_id=37225&scanf=4470&charge=4&value=R.QHHPPYHQQHHQGPPPGGPGGR.S,SFPQ,9.868e+5,3.630,0.000,3.342,0.000
4474,2,"  1.598","  0.201",9/20,/core/www/modules//sdig/index.php?run_id=110202&search_id=114132&scans_id=110198&peptide_id=37267&scanf=4474&charge=2&value=9/20,sp|Q92945|FUBP2_HUMAN,/core/www/modules//consensus/?run_id=110202&search_id=114132&scans_id=110198&peptide_id=37267&scanf=4474&charge=2&value=sp|Q92945|FUBP2_HUMAN,2,/core/www/modules/match_peptides/blast_html4.php?run_id=110202&search_id=114132&scans_id=110198&peptide_id=37267&scanf=4474&charge=2&value=2,R.QLEDGDQPESK.K,/core/www/modules/show_out/show_out_wrapper.php?run_id=110202&search_id=114132&scans_id=110198&peptide_id=37267&scanf=4474&charge=2&value=R.QLEDGDQPESK.K,KHSRP,4.472e+5,1.980,0.113,0.945,0.005
4483,2,"  2.109","  0.176",7/18,/core/www/modules//sdig/index.php?run_id=110202&search_id=114132&scans_id=110198&peptide_id=37358&scanf=4483&charge=2&value=7/18,sp|Q15149|PLEC_HUMAN,/core/www/modules//consensus/?run_id=110202&search_id=114132&scans_id=110198&peptide_id=37358&scanf=4483&charge=2&value=sp|Q15149|PLEC_HUMAN,4,/core/www/modules/match_peptides/blast_html4.php?run_id=110202&search_id=114132&scans_id=110198&peptide_id=37358&scanf=4483&charge=2&value=4,R.LKAEATEAAR.Q,/core/www/modules/show_out/show_out_wrapper.php?run_id=110202&search_id=114132&scans_id=110198&peptide_id=37358&scanf=4483&charge=2&value=R.LKAEATEAAR.Q,PLEC,1.633e+6,2.122,0.073,1.138,0.002
4487,2,"  2.486","  0.460",12/20,/core/www/modules//sdig/index.php?run_id=110202&search_id=114132&scans_id=110198&peptide_id=37399&scanf=4487&charge=2&value=12/20,sp|Q9UQE7|SMC3_HUMAN,/core/www/modules//consensus/?run_id=110202&search_id=114132&scans_id=110198&peptide_id=37399&scanf=4487&charge=2&value=sp|Q9UQE7|SMC3_HUMAN,0,/core/www/modules/match_peptides/blast_html4.php?run_id=110202&search_id=114132&scans_id=110198&peptide_id=37399&scanf=4487&charge=2&value=0,K.DLEDTEANKEK.N,/core/www/modules/show_out/show_out_wrapper.php?run_id=110202&search_id=114132&scans_id=110198&peptide_id=37399&scanf=4487&charge=2&value=K.DLEDTEANKEK.N,SMC3,1.945e+6,2.960,0.004,2.349,0.000
4491,2,"  2.749","  0.526",11/26,/core/www/modules//sdig/index.php?run_id=110202&search_id=114132&scans_id=110198&peptide_id=37441&scanf=4491&charge=2&value=11/26,sp|O00571|DDX3X_HUMAN,/core/www/modules//consensus/?run_id=110202&search_id=114132&scans_id=110198&peptide_id=37441&scanf=4491&charge=2&value=sp|O00571|DDX3X_HUMAN,16,/core/www/modules/match_peptides/blast_html4.php?run_id=110202&search_id=114132&scans_id=110198&peptide_id=37441&scanf=4491&charge=2&value=16,R.QSSGASSSSFSSSR.A,/core/www/modules/show_out/show_out_wrapper.php?run_id=110202&search_id=114132&scans_id=110198&peptide_id=37441&scanf=4491&charge=2&value=R.QSSGASSSSFSSSR.A,DDX3X,2.214e+6,2.850,0.007,2.186,0.000
4496,2,"  1.505","  0.190",7/14,/core/www/modules//sdig/index.php?run_id=110202&search_id=114132&scans_id=110198&peptide_id=37493&scanf=4496&charge=2&value=7/14,sp|P46087|NOP2_HUMAN,/core/www/modules//consensus/?run_id=110202&search_id=114132&scans_id=110198&peptide_id=37493&scanf=4496&charge=2&value=sp|P46087|NOP2_HUMAN,0,/core/www/modules/match_peptides/blast_html4.php?run_id=110202&search_id=114132&scans_id=110198&peptide_id=37493&scanf=4496&charge=2&value=0,K.AEGIREPK.V,/core/www/modules/show_out/show_out_wrapper.php?run_id=110202&search_id=114132&scans_id=110198&peptide_id=37493&scanf=4496&charge=2&value=K.AEGIREPK.V,NOP2,6.377e+5,1.890,0.148,0.829,0.007
4510,2,"  2.520","  0.555",12/22,/core/www/modules//sdig/index.php?run_id=110202&search_id=114132&scans_id=110198&peptide_id=37638&scanf=4510&charge=2&value=12/22,sp|P19338|NUCL_HUMAN,/core/www/modules//consensus/?run_id=110202&search_id=114132&scans_id=110198&peptide_id=37638&scanf=4510&charge=2&value=sp|P19338|NUCL_HUMAN,5,/core/www/modules/match_peptides/blast_html4.php?run_id=110202&search_id=114132&scans_id=110198&peptide_id=37638&scanf=4510&charge=2&value=5,K.EAM*EDGEIDGNK.V,/core/www/modules/show_out/show_out_wrapper.php?run_id=110202&search_id=114132&scans_id=110198&peptide_id=37638&scanf=4510&charge=2&value=K.EAM*EDGEIDGNK.V,NCL,2.025e+6,3.422,0.001,3.033,0.000
4513,2,"  3.397","  0.672",18/22,/core/www/modules//sdig/index.php?run_id=110202&search_id=114132&scans_id=110198&peptide_id=37669&scanf=4513&charge=2&value=18/22,sp|Q9Y5B9|SP16H_HUMAN,/core/www/modules//consensus/?run_id=110202&search_id=114132&scans_id=110198&peptide_id=37669&scanf=4513&charge=2&value=sp|Q9Y5B9|SP16H_HUMAN,0,/core/www/modules/match_peptides/blast_html4.php?run_id=110202&search_id=114132&scans_id=110198&peptide_id=37669&scanf=4513&charge=2&value=0,R.ESRYEEEEEQSR.S,/core/www/modules/show_out/show_out_wrapper.php?run_id=110202&search_id=114132&scans_id=110198&peptide_id=37669&scanf=4513&charge=2&value=R.ESRYEEEEEQSR.S,SUPT16H,1.288e+6,3.893,0.000,3.730,0.000
4520,2,"  1.668","  0.036",8/12,/core/www/modules//sdig/index.php?run_id=110202&search_id=114132&scans_id=110198&peptide_id=37742&scanf=4520&charge=2&value=8/12,sp|P52272|HNRPM_HUMAN,/core/www/modules//consensus/?run_id=110202&search_id=114132&scans_id=110198&peptide_id=37742&scanf=4520&charge=2&value=sp|P52272|HNRPM_HUMAN,3,/core/www/modules/match_peptides/blast_html4.php?run_id=110202&search_id=114132&scans_id=110198&peptide_id=37742&scanf=4520&charge=2&value=3,R.VGQTIER.M,/core/www/modules/show_out/show_out_wrapper.php?run_id=110202&search_id=114132&scans_id=110198&peptide_id=37742&scanf=4520&charge=2&value=R.VGQTIER.M,HNRNPM,1.016e+7,2.152,0.066,1.179,0.002
4521,2,"  2.260","  0.299",9/16,/core/www/modules//sdig/index.php?run_id=110202&search_id=114132&scans_id=110198&peptide_id=37752&scanf=4521&charge=2&value=9/16,sp|P17844|DDX5_HUMAN,/core/www/modules//consensus/?run_id=110202&search_id=114132&scans_id=110198&peptide_id=37752&scanf=4521&charge=2&value=sp|P17844|DDX5_HUMAN,2,/core/www/modules/match_peptides/blast_html4.php?run_id=110202&search_id=114132&scans_id=110198&peptide_id=37752&scanf=4521&charge=2&value=2,R.EANQAINPK.L,/core/www/modules/show_out/show_out_wrapper.php?run_id=110202&search_id=114132&scans_id=110198&peptide_id=37752&scanf=4521&charge=2&value=R.EANQAINPK.L,DDX5,5.710e+6,2.522,0.020,1.706,0.000
4525,2,"  2.374","  0.390",10/16,/core/www/modules//sdig/index.php?run_id=110202&search_id=114132&scans_id=110198&peptide_id=37795&scanf=4525&charge=2&value=10/16,sp|P61513|RL37A_HUMAN,/core/www/modules//consensus/?run_id=110202&search_id=114132&scans_id=110198&peptide_id=37795&scanf=4525&charge=2&value=sp|P61513|RL37A_HUMAN,6,/core/www/modules/match_peptides/blast_html4.php?run_id=110202&search_id=114132&scans_id=110198&peptide_id=37795&scanf=4525&charge=2&value=6,K.KIEISQHAK.Y,/core/www/modules/show_out/show_out_wrapper.php?run_id=110202&search_id=114132&scans_id=110198&peptide_id=37795&scanf=4525&charge=2&value=K.KIEISQHAK.Y,RPL37A,5.706e+6,2.610,0.015,1.835,0.000
4532,3,"  3.351","  0.387",14/44,/core/www/modules//sdig/index.php?run_id=110202&search_id=114132&scans_id=110198&peptide_id=37868&scanf=4532&charge=3&value=14/44,sp|Q9Y5B9|SP16H_HUMAN,/core/www/modules//consensus/?run_id=110202&search_id=114132&scans_id=110198&peptide_id=37868&scanf=4532&charge=3&value=sp|Q9Y5B9|SP16H_HUMAN,0,/core/www/modules/match_peptides/blast_html4.php?run_id=110202&search_id=114132&scans_id=110198&peptide_id=37868&scanf=4532&charge=3&value=0,R.ESRYEEEEEQSR.S,/core/www/modules/show_out/show_out_wrapper.php?run_id=110202&search_id=114132&scans_id=110198&peptide_id=37868&scanf=4532&charge=3&value=R.ESRYEEEEEQSR.S,SUPT16H,2.065e+6,2.739,0.009,2.023,0.000
4539,2,"  3.171","  0.331",15/24,/core/www/modules//sdig/index.php?run_id=110202&search_id=114132&scans_id=110198&peptide_id=37942&scanf=4539&charge=2&value=15/24,sp|Q9NX58|LYAR_HUMAN,/core/www/modules//consensus/?run_id=110202&search_id=114132&scans_id=110198&peptide_id=37942&scanf=4539&charge=2&value=sp|Q9NX58|LYAR_HUMAN,0,/core/www/modules/match_peptides/blast_html4.php?run_id=110202&search_id=114132&scans_id=110198&peptide_id=37942&scanf=4539&charge=2&value=0,K.VKDAVEQQGEVKK.N,/core/www/modules/show_out/show_out_wrapper.php?run_id=110202&search_id=114132&scans_id=110198&peptide_id=37942&scanf=4539&charge=2&value=K.VKDAVEQQGEVKK.N,LYAR,5.157e+5,2.148,0.067,1.172,0.002
4542,2,"  2.523","  0.189",11/14,/core/www/modules//sdig/index.php?run_id=110202&search_id=114132&scans_id=110198&peptide_id=37972&scanf=4542&charge=2&value=11/14,sp|Q9NR30|DDX21_HUMAN,/core/www/modules//consensus/?run_id=110202&search_id=114132&scans_id=110198&peptide_id=37972&scanf=4542&charge=2&value=sp|Q9NR30|DDX21_HUMAN,4,/core/www/modules/match_peptides/blast_html4.php?run_id=110202&search_id=114132&scans_id=110198&peptide_id=37972&scanf=4542&charge=2&value=4,R.ELANQVSK.D,/core/www/modules/show_out/show_out_wrapper.php?run_id=110202&search_id=114132&scans_id=110198&peptide_id=37972&scanf=4542&charge=2&value=R.ELANQVSK.D,DDX21,8.668e+6,2.630,0.014,1.864,0.000
4552,2,"  1.708","  0.288",7/14,/core/www/modules//sdig/index.php?run_id=110202&search_id=114132&scans_id=110198&peptide_id=38078&scanf=4552&charge=2&value=7/14,sp|P38159|RBMX_HUMAN,/core/www/modules//consensus/?run_id=110202&search_id=114132&scans_id=110198&peptide_id=38078&scanf=4552&charge=2&value=sp|P38159|RBMX_HUMAN,4,/core/www/modules/match_peptides/blast_html4.php?run_id=110202&search_id=114132&scans_id=110198&peptide_id=38078&scanf=4552&charge=2&value=4,R.DSYGGPPR.R,/core/www/modules/show_out/show_out_wrapper.php?run_id=110202&search_id=114132&scans_id=110198&peptide_id=38078&scanf=4552&charge=2&value=R.DSYGGPPR.R,RBMX,1.934e+7,2.668,0.012,1.919,0.000
4570,2,"  1.837","  0.342",11/24,/core/www/modules//sdig/index.php?run_id=110202&search_id=114132&scans_id=110198&peptide_id=38266&scanf=4570&charge=2&value=11/24,sp|Q01081|U2AF1_HUMAN,/core/www/modules//consensus/?run_id=110202&search_id=114132&scans_id=110198&peptide_id=38266&scanf=4570&charge=2&value=sp|Q01081|U2AF1_HUMAN,0,/core/www/modules/match_peptides/blast_html4.php?run_id=110202&search_id=114132&scans_id=110198&peptide_id=38266&scanf=4570&charge=2&value=0,R.NPQNSSQSADGLR.C,/core/www/modules/show_out/show_out_wrapper.php?run_id=110202&search_id=114132&scans_id=110198&peptide_id=38266&scanf=4570&charge=2&value=R.NPQNSSQSADGLR.C,U2AF1,4.129e+5,2.319,0.039,1.414,0.001
4584,2,"  2.030","  0.276",9/14,/core/www/modules//sdig/index.php?run_id=110202&search_id=114132&scans_id=110198&peptide_id=38412&scanf=4584&charge=2&value=9/14,sp|P39023|RL3_HUMAN,/core/www/modules//consensus/?run_id=110202&search_id=114132&scans_id=110198&peptide_id=38412&scanf=4584&charge=2&value=sp|P39023|RL3_HUMAN,4,/core/www/modules/match_peptides/blast_html4.php?run_id=110202&search_id=114132&scans_id=110198&peptide_id=38412&scanf=4584&charge=2&value=4,R.VIAHTQMR.L,/core/www/modules/show_out/show_out_wrapper.php?run_id=110202&search_id=114132&scans_id=110198&peptide_id=38412&scanf=4584&charge=2&value=R.VIAHTQMR.L,RPL3,8.262e+6,2.693,0.011,1.956,0.000
4586,2,"  1.921","  0.272",7/16,/core/www/modules//sdig/index.php?run_id=110202&search_id=114132&scans_id=110198&peptide_id=38433&scanf=4586&charge=2&value=7/16,sp|Q8TF72|SHRM3_HUMAN,/core/www/modules//consensus/?run_id=110202&search_id=114132&scans_id=110198&peptide_id=38433&scanf=4586&charge=2&value=sp|Q8TF72|SHRM3_HUMAN,1,/core/www/modules/match_peptides/blast_html4.php?run_id=110202&search_id=114132&scans_id=110198&peptide_id=38433&scanf=4586&charge=2&value=1,R.SSPATADKR.Q,/core/www/modules/show_out/show_out_wrapper.php?run_id=110202&search_id=114132&scans_id=110198&peptide_id=38433&scanf=4586&charge=2&value=R.SSPATADKR.Q,SHROOM3,1.068e+7,1.965,0.119,0.926,0.005
4589,2,"  3.092","  0.439",11/22,/core/www/modules//sdig/index.php?run_id=110202&search_id=114132&scans_id=110198&peptide_id=38465&scanf=4589&charge=2&value=11/22,sp|Q9GZS1|RPA49_HUMAN,/core/www/modules//consensus/?run_id=110202&search_id=114132&scans_id=110198&peptide_id=38465&scanf=4589&charge=2&value=sp|Q9GZS1|RPA49_HUMAN,0,/core/www/modules/match_peptides/blast_html4.php?run_id=110202&search_id=114132&scans_id=110198&peptide_id=38465&scanf=4589&charge=2&value=0,R.VSVAAGSEEDHK.L,/core/www/modules/show_out/show_out_wrapper.php?run_id=110202&search_id=114132&scans_id=110198&peptide_id=38465&scanf=4589&charge=2&value=R.VSVAAGSEEDHK.L,POLR1E,1.375e+6,2.896,0.006,2.255,0.000
4592,3,"  3.248","  0.363",12/44,/core/www/modules//sdig/index.php?run_id=110202&search_id=114132&scans_id=110198&peptide_id=38496&scanf=4592&charge=3&value=12/44,sp|Q9Y5B9|SP16H_HUMAN,/core/www/modules//consensus/?run_id=110202&search_id=114132&scans_id=110198&peptide_id=38496&scanf=4592&charge=3&value=sp|Q9Y5B9|SP16H_HUMAN,0,/core/www/modules/match_peptides/blast_html4.php?run_id=110202&search_id=114132&scans_id=110198&peptide_id=38496&scanf=4592&charge=3&value=0,R.ESRYEEEEEQSR.S,/core/www/modules/show_out/show_out_wrapper.php?run_id=110202&search_id=114132&scans_id=110198&peptide_id=38496&scanf=4592&charge=3&value=R.ESRYEEEEEQSR.S,SUPT16H,2.065e+6,2.589,0.016,1.804,0.000
4609,2,"  1.524","  0.163",6/12,/core/www/modules//sdig/index.php?run_id=110202&search_id=114132&scans_id=110198&peptide_id=38674&scanf=4609&charge=2&value=6/12,sp|P39023|RL3_HUMAN,/core/www/modules//consensus/?run_id=110202&search_id=114132&scans_id=110198&peptide_id=38674&scanf=4609&charge=2&value=sp|P39023|RL3_HUMAN,1,/core/www/modules/match_peptides/blast_html4.php?run_id=110202&search_id=114132&scans_id=110198&peptide_id=38674&scanf=4609&charge=2&value=1,R.FQTM*EEK.K,/core/www/modules/show_out/show_out_wrapper.php?run_id=110202&search_id=114132&scans_id=110198&peptide_id=38674&scanf=4609&charge=2&value=R.FQTM*EEK.K,RPL3,1.883e+6,2.123,0.073,1.138,0.002
4614,2,"  1.653","  0.193",5/12,/core/www/modules//sdig/index.php?run_id=110202&search_id=114132&scans_id=110198&peptide_id=38727&scanf=4614&charge=2&value=5/12,sp|Q96MU7|YTDC1_HUMAN,/core/www/modules//consensus/?run_id=110202&search_id=114132&scans_id=110198&peptide_id=38727&scanf=4614&charge=2&value=sp|Q96MU7|YTDC1_HUMAN,1,/core/www/modules/match_peptides/blast_html4.php?run_id=110202&search_id=114132&scans_id=110198&peptide_id=38727&scanf=4614&charge=2&value=1,R.VHDYDMR.V,/core/www/modules/show_out/show_out_wrapper.php?run_id=110202&search_id=114132&scans_id=110198&peptide_id=38727&scanf=4614&charge=2&value=R.VHDYDMR.V,YTHDC1,1.000e+6,2.082,0.083,1.082,0.003
4616,3,"  2.210","  0.222",10/48,/core/www/modules//sdig/index.php?run_id=110202&search_id=114132&scans_id=110198&peptide_id=38748&scanf=4616&charge=3&value=10/48,sp|O14497|ARI1A_HUMAN,/core/www/modules//consensus/?run_id=110202&search_id=114132&scans_id=110198&peptide_id=38748&scanf=4616&charge=3&value=sp|O14497|ARI1A_HUMAN,2,/core/www/modules/match_peptides/blast_html4.php?run_id=110202&search_id=114132&scans_id=110198&peptide_id=38748&scanf=4616&charge=3&value=2,R.ANHEGSWPSHGTR.Q,/core/www/modules/show_out/show_out_wrapper.php?run_id=110202&search_id=114132&scans_id=110198&peptide_id=38748&scanf=4616&charge=3&value=R.ANHEGSWPSHGTR.Q,ARID1A,5.735e+5,2.113,0.075,1.125,0.002
4622,2,"  1.756","  0.131",6/12,/core/www/modules//sdig/index.php?run_id=110202&search_id=114132&scans_id=110198&peptide_id=38811&scanf=4622&charge=2&value=6/12,sp|P40926|MDHM_HUMAN,/core/www/modules//consensus/?run_id=110202&search_id=114132&scans_id=110198&peptide_id=38811&scanf=4622&charge=2&value=sp|P40926|MDHM_HUMAN,1,/core/www/modules/match_peptides/blast_html4.php?run_id=110202&search_id=114132&scans_id=110198&peptide_id=38811&scanf=4622&charge=2&value=1,K.VSSFEEK.M,/core/www/modules/show_out/show_out_wrapper.php?run_id=110202&search_id=114132&scans_id=110198&peptide_id=38811&scanf=4622&charge=2&value=K.VSSFEEK.M,MDH2,3.692e+6,2.034,0.096,1.018,0.005
4627,2,"  1.927","  0.265",7/14,/core/www/modules//sdig/index.php?run_id=110202&search_id=114132&scans_id=110198&peptide_id=38863&scanf=4627&charge=2&value=7/14,sp|P78527|PRKDC_HUMAN,/core/www/modules//consensus/?run_id=110202&search_id=114132&scans_id=110198&peptide_id=38863&scanf=4627&charge=2&value=sp|P78527|PRKDC_HUMAN,0,/core/www/modules/match_peptides/blast_html4.php?run_id=110202&search_id=114132&scans_id=110198&peptide_id=38863&scanf=4627&charge=2&value=0,K.GIAPGDER.Q,/core/www/modules/show_out/show_out_wrapper.php?run_id=110202&search_id=114132&scans_id=110198&peptide_id=38863&scanf=4627&charge=2&value=K.GIAPGDER.Q,PRKDC,6.504e+6,3.179,0.002,2.673,0.000
4632,2,"  1.920","  0.251",10/16,/core/www/modules//sdig/index.php?run_id=110202&search_id=114132&scans_id=110198&peptide_id=38915&scanf=4632&charge=2&value=10/16,sp|O94906|PRP6_HUMAN,/core/www/modules//consensus/?run_id=110202&search_id=114132&scans_id=110198&peptide_id=38915&scanf=4632&charge=2&value=sp|O94906|PRP6_HUMAN,0,/core/www/modules/match_peptides/blast_html4.php?run_id=110202&search_id=114132&scans_id=110198&peptide_id=38915&scanf=4632&charge=2&value=0,R.DANDPVDDR.H,/core/www/modules/show_out/show_out_wrapper.php?run_id=110202&search_id=114132&scans_id=110198&peptide_id=38915&scanf=4632&charge=2&value=R.DANDPVDDR.H,PRPF6,1.880e+6,2.578,0.016,1.788,0.000
4635,3,"  4.627","  0.604",16/52,/core/www/modules//sdig/index.php?run_id=110202&search_id=114132&scans_id=110198&peptide_id=38947&scanf=4635&charge=3&value=16/52,sp|P18124|RL7_HUMAN,/core/www/modules//consensus/?run_id=110202&search_id=114132&scans_id=110198&peptide_id=38947&scanf=4635&charge=3&value=sp|P18124|RL7_HUMAN,1,/core/www/modules/match_peptides/blast_html4.php?run_id=110202&search_id=114132&scans_id=110198&peptide_id=38947&scanf=4635&charge=3&value=1,K.KTTHFVEGGDAGNR.E,/core/www/modules/show_out/show_out_wrapper.php?run_id=110202&search_id=114132&scans_id=110198&peptide_id=38947&scanf=4635&charge=3&value=K.KTTHFVEGGDAGNR.E,RPL7,1.352e+6,3.361,0.001,2.942,0.000
4637,2,"  1.721","  0.277",8/14,/core/www/modules//sdig/index.php?run_id=110202&search_id=114132&scans_id=110198&peptide_id=38968&scanf=4637&charge=2&value=8/14,sp|P14625|ENPL_HUMAN,/core/www/modules//consensus/?run_id=110202&search_id=114132&scans_id=110198&peptide_id=38968&scanf=4637&charge=2&value=sp|P14625|ENPL_HUMAN,8,/core/www/modules/match_peptides/blast_html4.php?run_id=110202&search_id=114132&scans_id=110198&peptide_id=38968&scanf=4637&charge=2&value=8,K.EVEEDEYK.A,/core/www/modules/show_out/show_out_wrapper.php?run_id=110202&search_id=114132&scans_id=110198&peptide_id=38968&scanf=4637&charge=2&value=K.EVEEDEYK.A,HSP90B1,4.144e+6,2.631,0.014,1.864,0.000
4658,2,"  1.331","  0.087",9/14,/core/www/modules//sdig/index.php?run_id=110202&search_id=114132&scans_id=110198&peptide_id=39188&scanf=4658&charge=2&value=9/14,sp|Q5VTL8|PR38B_HUMAN,/core/www/modules//consensus/?run_id=110202&search_id=114132&scans_id=110198&peptide_id=39188&scanf=4658&charge=2&value=sp|Q5VTL8|PR38B_HUMAN,1,/core/www/modules/match_peptides/blast_html4.php?run_id=110202&search_id=114132&scans_id=110198&peptide_id=39188&scanf=4658&charge=2&value=1,K.EGAEEIDR.H,/core/www/modules/show_out/show_out_wrapper.php?run_id=110202&search_id=114132&scans_id=110198&peptide_id=39188&scanf=4658&charge=2&value=K.EGAEEIDR.H,PRPF38B,1.064e+6,1.943,0.127,0.898,0.006
4668,2,"  2.592","  0.597",14/20,/core/www/modules//sdig/index.php?run_id=110202&search_id=114132&scans_id=110198&peptide_id=39292&scanf=4668&charge=2&value=14/20,sp|P60709|ACTB_HUMAN,/core/www/modules//consensus/?run_id=110202&search_id=114132&scans_id=110198&peptide_id=39292&scanf=4668&charge=2&value=sp|P60709|ACTB_HUMAN,26,/core/www/modules/match_peptides/blast_html4.php?run_id=110202&search_id=114132&scans_id=110198&peptide_id=39292&scanf=4668&charge=2&value=26,R.HQGVM*VGM*GQK.D,/core/www/modules/show_out/show_out_wrapper.php?run_id=110202&search_id=114132&scans_id=110198&peptide_id=39292&scanf=4668&charge=2&value=R.HQGVM*VGM*GQK.D,ACTB,5.354e+6,4.263,0.000,4.279,0.000
4671,2,"  1.907","  0.237",6/12,/core/www/modules//sdig/index.php?run_id=110202&search_id=114132&scans_id=110198&peptide_id=39324&scanf=4671&charge=2&value=6/12,sp|Q9UQE7|SMC3_HUMAN,/core/www/modules//consensus/?run_id=110202&search_id=114132&scans_id=110198&peptide_id=39324&scanf=4671&charge=2&value=sp|Q9UQE7|SMC3_HUMAN,0,/core/www/modules/match_peptides/blast_html4.php?run_id=110202&search_id=114132&scans_id=110198&peptide_id=39324&scanf=4671&charge=2&value=0,K.HNVIVGR.N,/core/www/modules/show_out/show_out_wrapper.php?run_id=110202&search_id=114132&scans_id=110198&peptide_id=39324&scanf=4671&charge=2&value=K.HNVIVGR.N,SMC3,1.656e+6,2.500,0.021,1.674,0.001
4675,4,"  3.364","  0.171",13/90,/core/www/modules//sdig/index.php?run_id=110202&search_id=114132&scans_id=110198&peptide_id=39366&scanf=4675&charge=4&value=13/90,sp|Q5T3I0|GPTC4_HUMAN,/core/www/modules//consensus/?run_id=110202&search_id=114132&scans_id=110198&peptide_id=39366&scanf=4675&charge=4&value=sp|Q5T3I0|GPTC4_HUMAN,3,/core/www/modules/match_peptides/blast_html4.php?run_id=110202&search_id=114132&scans_id=110198&peptide_id=39366&scanf=4675&charge=4&value=3,R.NDADEKHPEHAEQNIR.K,/core/www/modules/show_out/show_out_wrapper.php?run_id=110202&search_id=114132&scans_id=110198&peptide_id=39366&scanf=4675&charge=4&value=R.NDADEKHPEHAEQNIR.K,GPATCH4,1.707e+6,1.980,0.113,0.946,0.005
4676,2,"  1.794","  0.109",7/14,/core/www/modules//sdig/index.php?run_id=110202&search_id=114132&scans_id=110198&peptide_id=39376&scanf=4676&charge=2&value=7/14,sp|Q15149|PLEC_HUMAN,/core/www/modules//consensus/?run_id=110202&search_id=114132&scans_id=110198&peptide_id=39376&scanf=4676&charge=2&value=sp|Q15149|PLEC_HUMAN,5,/core/www/modules/match_peptides/blast_html4.php?run_id=110202&search_id=114132&scans_id=110198&peptide_id=39376&scanf=4676&charge=2&value=5,K.GHLSGLAK.R,/core/www/modules/show_out/show_out_wrapper.php?run_id=110202&search_id=114132&scans_id=110198&peptide_id=39376&scanf=4676&charge=2&value=K.GHLSGLAK.R,PLEC,1.506e+6,2.373,0.032,1.491,0.001
4680,2,"  2.271","  0.372",7/16,/core/www/modules//sdig/index.php?run_id=110202&search_id=114132&scans_id=110198&peptide_id=39419&scanf=4680&charge=2&value=7/16,sp|P06733|ENOA_HUMAN,/core/www/modules//consensus/?run_id=110202&search_id=114132&scans_id=110198&peptide_id=39419&scanf=4680&charge=2&value=sp|P06733|ENOA_HUMAN,4,/core/www/modules/match_peptides/blast_html4.php?run_id=110202&search_id=114132&scans_id=110198&peptide_id=39419&scanf=4680&charge=2&value=4,K.KLNVTEQEK.I,/core/www/modules/show_out/show_out_wrapper.php?run_id=110202&search_id=114132&scans_id=110198&peptide_id=39419&scanf=4680&charge=2&value=K.KLNVTEQEK.I,ENO1,1.400e+6,2.370,0.033,1.487,0.001
4703,2,"  1.780","  0.392",3/26,/core/www/modules//sdig/index.php?run_id=110202&search_id=114132&scans_id=110198&peptide_id=39660&scanf=4703&charge=2&value=3/26,sp|O00571|DDX3X_HUMAN,/core/www/modules//consensus/?run_id=110202&search_id=114132&scans_id=110198&peptide_id=39660&scanf=4703&charge=2&value=sp|O00571|DDX3X_HUMAN,16,/core/www/modules/match_peptides/blast_html4.php?run_id=110202&search_id=114132&scans_id=110198&peptide_id=39660&scanf=4703&charge=2&value=16,R.QSSGASSSSFSSSR.A,/core/www/modules/show_out/show_out_wrapper.php?run_id=110202&search_id=114132&scans_id=110198&peptide_id=39660&scanf=4703&charge=2&value=R.QSSGASSSSFSSSR.A,DDX3X,2.214e+6,2.081,0.083,1.082,0.003
4720,2,"  2.050","  0.188",9/14,/core/www/modules//sdig/index.php?run_id=110202&search_id=114132&scans_id=110198&peptide_id=39838&scanf=4720&charge=2&value=9/14,sp|Q9BQ04|RBM4B_HUMAN,/core/www/modules//consensus/?run_id=110202&search_id=114132&scans_id=110198&peptide_id=39838&scanf=4720&charge=2&value=sp|Q9BQ04|RBM4B_HUMAN,7,/core/www/modules/match_peptides/blast_html4.php?run_id=110202&search_id=114132&scans_id=110198&peptide_id=39838&scanf=4720&charge=2&value=7,R.EATEQEIR.S,/core/www/modules/show_out/show_out_wrapper.php?run_id=110202&search_id=114132&scans_id=110198&peptide_id=39838&scanf=4720&charge=2&value=R.EATEQEIR.S,RBM4B,3.596e+6,2.296,0.042,1.381,0.001
4740,2,"  2.450","  0.263",10/16,/core/www/modules//sdig/index.php?run_id=110202&search_id=114132&scans_id=110198&peptide_id=40047&scanf=4740&charge=2&value=10/16,sp|P22087|FBRL_HUMAN,/core/www/modules//consensus/?run_id=110202&search_id=114132&scans_id=110198&peptide_id=40047&scanf=4740&charge=2&value=sp|P22087|FBRL_HUMAN,7,/core/www/modules/match_peptides/blast_html4.php?run_id=110202&search_id=114132&scans_id=110198&peptide_id=40047&scanf=4740&charge=2&value=7,R.GKEDALVTK.N,/core/www/modules/show_out/show_out_wrapper.php?run_id=110202&search_id=114132&scans_id=110198&peptide_id=40047&scanf=4740&charge=2&value=R.GKEDALVTK.N,FBL,1.264e+7,2.320,0.039,1.414,0.001
4756,2,"  1.702","  0.139",11/22,/core/www/modules//sdig/index.php?run_id=110202&search_id=114132&scans_id=110198&peptide_id=40214&scanf=4756&charge=2&value=11/22,sp|P19338|NUCL_HUMAN,/core/www/modules//consensus/?run_id=110202&search_id=114132&scans_id=110198&peptide_id=40214&scanf=4756&charge=2&value=sp|P19338|NUCL_HUMAN,5,/core/www/modules/match_peptides/blast_html4.php?run_id=110202&search_id=114132&scans_id=110198&peptide_id=40214&scanf=4756&charge=2&value=5,K.EAM*EDGEIDGNK.V,/core/www/modules/show_out/show_out_wrapper.php?run_id=110202&search_id=114132&scans_id=110198&peptide_id=40214&scanf=4756&charge=2&value=K.EAM*EDGEIDGNK.V,NCL,2.025e+6,2.038,0.095,1.023,0.004
4774,3,"  3.455","  0.535",18/52,/core/www/modules//sdig/index.php?run_id=110202&search_id=114132&scans_id=110198&peptide_id=40399&scanf=4774&charge=3&value=18/52,sp|P11142|HSP7C_HUMAN,/core/www/modules//consensus/?run_id=110202&search_id=114132&scans_id=110198&peptide_id=40399&scanf=4774&charge=3&value=sp|P11142|HSP7C_HUMAN,5,/core/www/modules/match_peptides/blast_html4.php?run_id=110202&search_id=114132&scans_id=110198&peptide_id=40399&scanf=4774&charge=3&value=5,K.NQTAEKEEFEHQQK.E,/core/www/modules/show_out/show_out_wrapper.php?run_id=110202&search_id=114132&scans_id=110198&peptide_id=40399&scanf=4774&charge=3&value=K.NQTAEKEEFEHQQK.E,HSPA8,2.167e+6,3.153,0.002,2.634,0.000
4780,2,"  2.027","  0.375",7/14,/core/www/modules//sdig/index.php?run_id=110202&search_id=114132&scans_id=110198&peptide_id=40442&scanf=4780&charge=2&value=7/14,sp|P14625|ENPL_HUMAN,/core/www/modules//consensus/?run_id=110202&search_id=114132&scans_id=110198&peptide_id=40442&scanf=4780&charge=2&value=sp|P14625|ENPL_HUMAN,8,/core/www/modules/match_peptides/blast_html4.php?run_id=110202&search_id=114132&scans_id=110198&peptide_id=40442&scanf=4780&charge=2&value=8,K.EVEEDEYK.A,/core/www/modules/show_out/show_out_wrapper.php?run_id=110202&search_id=114132&scans_id=110198&peptide_id=40442&scanf=4780&charge=2&value=K.EVEEDEYK.A,HSP90B1,4.144e+6,2.848,0.007,2.184,0.000
4783,2,"  1.776","  0.286",6/14,/core/www/modules//sdig/index.php?run_id=110202&search_id=114132&scans_id=110198&peptide_id=40445&scanf=4783&charge=2&value=6/14,sp|A6NHR9|SMHD1_HUMAN,/core/www/modules//consensus/?run_id=110202&search_id=114132&scans_id=110198&peptide_id=40445&scanf=4783&charge=2&value=sp|A6NHR9|SMHD1_HUMAN,4,/core/www/modules/match_peptides/blast_html4.php?run_id=110202&search_id=114132&scans_id=110198&peptide_id=40445&scanf=4783&charge=2&value=4,R.IYDETQGR.Q,/core/www/modules/show_out/show_out_wrapper.php?run_id=110202&search_id=114132&scans_id=110198&peptide_id=40445&scanf=4783&charge=2&value=R.IYDETQGR.Q,SMCHD1,1.976e+6,2.547,0.018,1.743,0.000
4789,3,"  2.187","  0.257",7/32,/core/www/modules//sdig/index.php?run_id=110202&search_id=114132&scans_id=110198&peptide_id=40451&scanf=4789&charge=3&value=7/32,sp|Q15393|SF3B3_HUMAN,/core/www/modules//consensus/?run_id=110202&search_id=114132&scans_id=110198&peptide_id=40451&scanf=4789&charge=3&value=sp|Q15393|SF3B3_HUMAN,0,/core/www/modules/match_peptides/blast_html4.php?run_id=110202&search_id=114132&scans_id=110198&peptide_id=40451&scanf=4789&charge=3&value=0,R.RNDLDDPER.G,/core/www/modules/show_out/show_out_wrapper.php?run_id=110202&search_id=114132&scans_id=110198&peptide_id=40451&scanf=4789&charge=3&value=R.RNDLDDPER.G,SF3B3,8.054e+5,1.975,0.115,0.940,0.005
4793,2,"  1.539","  0.082",8/12,/core/www/modules//sdig/index.php?run_id=110202&search_id=114132&scans_id=110198&peptide_id=40454&scanf=4793&charge=2&value=8/12,sp|P52272|HNRPM_HUMAN,/core/www/modules//consensus/?run_id=110202&search_id=114132&scans_id=110198&peptide_id=40454&scanf=4793&charge=2&value=sp|P52272|HNRPM_HUMAN,2,/core/www/modules/match_peptides/blast_html4.php?run_id=110202&search_id=114132&scans_id=110198&peptide_id=40454&scanf=4793&charge=2&value=2,R.VGSEIER.M,/core/www/modules/show_out/show_out_wrapper.php?run_id=110202&search_id=114132&scans_id=110198&peptide_id=40454&scanf=4793&charge=2&value=R.VGSEIER.M,HNRNPM,1.769e+7,2.264,0.046,1.336,0.002
4794,2,"  1.240","  0.144",7/12,/core/www/modules//sdig/index.php?run_id=110202&search_id=114132&scans_id=110198&peptide_id=40455&scanf=4794&charge=2&value=7/12,sp|Q16629|SRSF7_HUMAN,/core/www/modules//consensus/?run_id=110202&search_id=114132&scans_id=110198&peptide_id=40455&scanf=4794&charge=2&value=sp|Q16629|SRSF7_HUMAN,3,/core/www/modules/match_peptides/blast_html4.php?run_id=110202&search_id=114132&scans_id=110198&peptide_id=40455&scanf=4794&charge=2&value=3,R.FDRPPAR.R,/core/www/modules/show_out/show_out_wrapper.php?run_id=110202&search_id=114132&scans_id=110198&peptide_id=40455&scanf=4794&charge=2&value=R.FDRPPAR.R,SRSF7,7.703e+6,2.111,0.075,1.123,0.002
4799,2,"  1.693","  0.279",7/14,/core/www/modules//sdig/index.php?run_id=110202&search_id=114132&scans_id=110198&peptide_id=40460&scanf=4799&charge=2&value=7/14,sp|P49711|CTCF_HUMAN,/core/www/modules//consensus/?run_id=110202&search_id=114132&scans_id=110198&peptide_id=40460&scanf=4799&charge=2&value=sp|P49711|CTCF_HUMAN,5,/core/www/modules/match_peptides/blast_html4.php?run_id=110202&search_id=114132&scans_id=110198&peptide_id=40460&scanf=4799&charge=2&value=5,R.FTQSGTMK.M,/core/www/modules/show_out/show_out_wrapper.php?run_id=110202&search_id=114132&scans_id=110198&peptide_id=40460&scanf=4799&charge=2&value=R.FTQSGTMK.M,CTCF,1.129e+6,2.334,0.037,1.434,0.001
4802,2,"  2.755","  0.344",10/18,/core/www/modules//sdig/index.php?run_id=110202&search_id=114132&scans_id=110198&peptide_id=40463&scanf=4802&charge=2&value=10/18,sp|Q15149|PLEC_HUMAN,/core/www/modules//consensus/?run_id=110202&search_id=114132&scans_id=110198&peptide_id=40463&scanf=4802&charge=2&value=sp|Q15149|PLEC_HUMAN,4,/core/www/modules/match_peptides/blast_html4.php?run_id=110202&search_id=114132&scans_id=110198&peptide_id=40463&scanf=4802&charge=2&value=4,R.QSSEAEIQAK.A,/core/www/modules/show_out/show_out_wrapper.php?run_id=110202&search_id=114132&scans_id=110198&peptide_id=40463&scanf=4802&charge=2&value=R.QSSEAEIQAK.A,PLEC,7.452e+5,3.171,0.002,2.660,0.000
4808,2,"  2.155","  0.498",10/16,/core/www/modules//sdig/index.php?run_id=110202&search_id=114132&scans_id=110198&peptide_id=40469&scanf=4808&charge=2&value=10/16,sp|Q08211|DHX9_HUMAN,/core/www/modules//consensus/?run_id=110202&search_id=114132&scans_id=110198&peptide_id=40469&scanf=4808&charge=2&value=sp|Q08211|DHX9_HUMAN,0,/core/www/modules/match_peptides/blast_html4.php?run_id=110202&search_id=114132&scans_id=110198&peptide_id=40469&scanf=4808&charge=2&value=0,R.YGDGPRPPK.M,/core/www/modules/show_out/show_out_wrapper.php?run_id=110202&search_id=114132&scans_id=110198&peptide_id=40469&scanf=4808&charge=2&value=R.YGDGPRPPK.M,DHX9,3.932e+6,3.596,0.001,3.291,0.000
4815,2,"  2.023","  0.494",8/16,/core/www/modules//sdig/index.php?run_id=110202&search_id=114132&scans_id=110198&peptide_id=40475&scanf=4815&charge=2&value=8/16,sp|Q08211|DHX9_HUMAN,/core/www/modules//consensus/?run_id=110202&search_id=114132&scans_id=110198&peptide_id=40475&scanf=4815&charge=2&value=sp|Q08211|DHX9_HUMAN,0,/core/www/modules/match_peptides/blast_html4.php?run_id=110202&search_id=114132&scans_id=110198&peptide_id=40475&scanf=4815&charge=2&value=0,R.YGDGPRPPK.M,/core/www/modules/show_out/show_out_wrapper.php?run_id=110202&search_id=114132&scans_id=110198&peptide_id=40475&scanf=4815&charge=2&value=R.YGDGPRPPK.M,DHX9,3.932e+6,3.397,0.001,2.996,0.000
4819,2,"  3.199","  0.607",13/20,/core/www/modules//sdig/index.php?run_id=110202&search_id=114132&scans_id=110198&peptide_id=40479&scanf=4819&charge=2&value=13/20,sp|Q16643|DREB_HUMAN,/core/www/modules//consensus/?run_id=110202&search_id=114132&scans_id=110198&peptide_id=40479&scanf=4819&charge=2&value=sp|Q16643|DREB_HUMAN,1,/core/www/modules/match_peptides/blast_html4.php?run_id=110202&search_id=114132&scans_id=110198&peptide_id=40479&scanf=4819&charge=2&value=1,R.KQQTLEAEEAK.R,/core/www/modules/show_out/show_out_wrapper.php?run_id=110202&search_id=114132&scans_id=110198&peptide_id=40479&scanf=4819&charge=2&value=R.KQQTLEAEEAK.R,DBN1,3.373e+6,3.490,0.001,3.133,0.000
4835,2,"  2.496","  0.635",10/14,/core/www/modules//sdig/index.php?run_id=110202&search_id=114132&scans_id=110198&peptide_id=40494&scanf=4835&charge=2&value=10/14,sp|P38159|RBMX_HUMAN,/core/www/modules//consensus/?run_id=110202&search_id=114132&scans_id=110198&peptide_id=40494&scanf=4835&charge=2&value=sp|P38159|RBMX_HUMAN,1,/core/www/modules/match_peptides/blast_html4.php?run_id=110202&search_id=114132&scans_id=110198&peptide_id=40494&scanf=4835&charge=2&value=1,R.SDLYSSGR.D,/core/www/modules/show_out/show_out_wrapper.php?run_id=110202&search_id=114132&scans_id=110198&peptide_id=40494&scanf=4835&charge=2&value=R.SDLYSSGR.D,RBMX,2.604e+7,4.158,0.000,4.123,0.000
4838,2,"  1.992","  0.259",7/12,/core/www/modules//sdig/index.php?run_id=110202&search_id=114132&scans_id=110198&peptide_id=40497&scanf=4838&charge=2&value=7/12,sp|P61513|RL37A_HUMAN,/core/www/modules//consensus/?run_id=110202&search_id=114132&scans_id=110198&peptide_id=40497&scanf=4838&charge=2&value=sp|P61513|RL37A_HUMAN,3,/core/www/modules/match_peptides/blast_html4.php?run_id=110202&search_id=114132&scans_id=110198&peptide_id=40497&scanf=4838&charge=2&value=3,K.KVGIVGK.Y,/core/www/modules/show_out/show_out_wrapper.php?run_id=110202&search_id=114132&scans_id=110198&peptide_id=40497&scanf=4838&charge=2&value=K.KVGIVGK.Y,RPL37A,3.258e+6,2.201,0.057,1.247,0.002
4842,2,"  2.488","  0.294",9/18,/core/www/modules//sdig/index.php?run_id=110202&search_id=114132&scans_id=110198&peptide_id=40501&scanf=4842&charge=2&value=9/18,sp|Q86VM9|ZCH18_HUMAN,/core/www/modules//consensus/?run_id=110202&search_id=114132&scans_id=110198&peptide_id=40501&scanf=4842&charge=2&value=sp|Q86VM9|ZCH18_HUMAN,2,/core/www/modules/match_peptides/blast_html4.php?run_id=110202&search_id=114132&scans_id=110198&peptide_id=40501&scanf=4842&charge=2&value=2,K.EAATTGPQVK.R,/core/www/modules/show_out/show_out_wrapper.php?run_id=110202&search_id=114132&scans_id=110198&peptide_id=40501&scanf=4842&charge=2&value=K.EAATTGPQVK.R,ZC3H18,1.882e+6,2.483,0.022,1.649,0.001
4847,3,"  4.282","  0.578",17/52,/core/www/modules//sdig/index.php?run_id=110202&search_id=114132&scans_id=110198&peptide_id=40506&scanf=4847&charge=3&value=17/52,sp|P11142|HSP7C_HUMAN,/core/www/modules//consensus/?run_id=110202&search_id=114132&scans_id=110198&peptide_id=40506&scanf=4847&charge=3&value=sp|P11142|HSP7C_HUMAN,5,/core/www/modules/match_peptides/blast_html4.php?run_id=110202&search_id=114132&scans_id=110198&peptide_id=40506&scanf=4847&charge=3&value=5,K.NQTAEKEEFEHQQK.E,/core/www/modules/show_out/show_out_wrapper.php?run_id=110202&search_id=114132&scans_id=110198&peptide_id=40506&scanf=4847&charge=3&value=K.NQTAEKEEFEHQQK.E,HSPA8,2.167e+6,3.313,0.001,2.872,0.000
4858,2,"  1.820","  0.249",8/14,/core/www/modules//sdig/index.php?run_id=110202&search_id=114132&scans_id=110198&peptide_id=40516&scanf=4858&charge=2&value=8/14,sp|Q9BQG0|MBB1A_HUMAN,/core/www/modules//consensus/?run_id=110202&search_id=114132&scans_id=110198&peptide_id=40516&scanf=4858&charge=2&value=sp|Q9BQG0|MBB1A_HUMAN,1,/core/www/modules/match_peptides/blast_html4.php?run_id=110202&search_id=114132&scans_id=110198&peptide_id=40516&scanf=4858&charge=2&value=1,R.VLGEAQTK.A,/core/www/modules/show_out/show_out_wrapper.php?run_id=110202&search_id=114132&scans_id=110198&peptide_id=40516&scanf=4858&charge=2&value=R.VLGEAQTK.A,MYBBP1A,3.591e+6,2.589,0.016,1.804,0.000
4862,2,"  1.713","  0.178",4/12,/core/www/modules//sdig/index.php?run_id=110202&search_id=114132&scans_id=110198&peptide_id=40520&scanf=4862&charge=2&value=4/12,sp|P54578|UBP14_HUMAN,/core/www/modules//consensus/?run_id=110202&search_id=114132&scans_id=110198&peptide_id=40520&scanf=4862&charge=2&value=sp|P54578|UBP14_HUMAN,1,/core/www/modules/match_peptides/blast_html4.php?run_id=110202&search_id=114132&scans_id=110198&peptide_id=40520&scanf=4862&charge=2&value=1,K.QSPTLQR.N,/core/www/modules/show_out/show_out_wrapper.php?run_id=110202&search_id=114132&scans_id=110198&peptide_id=40520&scanf=4862&charge=2&value=K.QSPTLQR.N,USP14,1.272e+6,1.883,0.151,0.821,0.008
4870,2,"  2.508","  0.353",9/22,/core/www/modules//sdig/index.php?run_id=110202&search_id=114132&scans_id=110198&peptide_id=40528&scanf=4870&charge=2&value=9/22,sp|Q9GZS1|RPA49_HUMAN,/core/www/modules//consensus/?run_id=110202&search_id=114132&scans_id=110198&peptide_id=40528&scanf=4870&charge=2&value=sp|Q9GZS1|RPA49_HUMAN,0,/core/www/modules/match_peptides/blast_html4.php?run_id=110202&search_id=114132&scans_id=110198&peptide_id=40528&scanf=4870&charge=2&value=0,R.VSVAAGSEEDHK.L,/core/www/modules/show_out/show_out_wrapper.php?run_id=110202&search_id=114132&scans_id=110198&peptide_id=40528&scanf=4870&charge=2&value=R.VSVAAGSEEDHK.L,POLR1E,1.375e+6,2.414,0.028,1.550,0.001
4880,2,"  2.524","  0.061",11/18,/core/www/modules//sdig/index.php?run_id=110202&search_id=114132&scans_id=110198&peptide_id=40537&scanf=4880&charge=2&value=11/18,sp|P22626|ROA2_HUMAN,/core/www/modules//consensus/?run_id=110202&search_id=114132&scans_id=110198&peptide_id=40537&scanf=4880&charge=2&value=sp|P22626|ROA2_HUMAN,7,/core/www/modules/match_peptides/blast_html4.php?run_id=110202&search_id=114132&scans_id=110198&peptide_id=40537&scanf=4880&charge=2&value=7,R.QEM*QEVQSSR.S,/core/www/modules/show_out/show_out_wrapper.php?run_id=110202&search_id=114132&scans_id=110198&peptide_id=40537&scanf=4880&charge=2&value=R.QEM*QEVQSSR.S,HNRNPA2B1,3.799e+6,1.901,0.143,0.844,0.007
4888,2,"  2.076","  0.099",7/12,/core/www/modules//sdig/index.php?run_id=110202&search_id=114132&scans_id=110198&peptide_id=40545&scanf=4888&charge=2&value=7/12,sp|Q13247|SRSF6_HUMAN,/core/www/modules//consensus/?run_id=110202&search_id=114132&scans_id=110198&peptide_id=40545&scanf=4888&charge=2&value=sp|Q13247|SRSF6_HUMAN,4,/core/www/modules/match_peptides/blast_html4.php?run_id=110202&search_id=114132&scans_id=110198&peptide_id=40545&scanf=4888&charge=2&value=4,R.LIEDKPR.T,/core/www/modules/show_out/show_out_wrapper.php?run_id=110202&search_id=114132&scans_id=110198&peptide_id=40545&scanf=4888&charge=2&value=R.LIEDKPR.T,SRSF6,9.364e+6,1.971,0.116,0.934,0.005
4898,2,"  2.016","  0.125",9/14,/core/www/modules//sdig/index.php?run_id=110202&search_id=114132&scans_id=110198&peptide_id=40554&scanf=4898&charge=2&value=9/14,sp|O75369|FLNB_HUMAN,/core/www/modules//consensus/?run_id=110202&search_id=114132&scans_id=110198&peptide_id=40554&scanf=4898&charge=2&value=sp|O75369|FLNB_HUMAN,8,/core/www/modules/match_peptides/blast_html4.php?run_id=110202&search_id=114132&scans_id=110198&peptide_id=40554&scanf=4898&charge=2&value=8,R.AGGPGLER.G,/core/www/modules/show_out/show_out_wrapper.php?run_id=110202&search_id=114132&scans_id=110198&peptide_id=40554&scanf=4898&charge=2&value=R.AGGPGLER.G,FLNB,3.617e+6,2.247,0.049,1.311,0.002
4908,2,"  1.930","  0.239",5/14,/core/www/modules//sdig/index.php?run_id=110202&search_id=114132&scans_id=110198&peptide_id=40564&scanf=4908&charge=2&value=5/14,sp|Q13148|TADBP_HUMAN,/core/www/modules//consensus/?run_id=110202&search_id=114132&scans_id=110198&peptide_id=40564&scanf=4908&charge=2&value=sp|Q13148|TADBP_HUMAN,13,/core/www/modules/match_peptides/blast_html4.php?run_id=110202&search_id=114132&scans_id=110198&peptide_id=40564&scanf=4908&charge=2&value=13,K.QSQDEPLR.S,/core/www/modules/show_out/show_out_wrapper.php?run_id=110202&search_id=114132&scans_id=110198&peptide_id=40564&scanf=4908&charge=2&value=K.QSQDEPLR.S,TARDBP,3.764e+6,2.108,0.076,1.117,0.003
4920,2,"  1.916","  0.266",7/16,/core/www/modules//sdig/index.php?run_id=110202&search_id=114132&scans_id=110198&peptide_id=40575&scanf=4920&charge=2&value=7/16,sp|P07900|HS90A_HUMAN,/core/www/modules//consensus/?run_id=110202&search_id=114132&scans_id=110198&peptide_id=40575&scanf=4920&charge=2&value=sp|P07900|HS90A_HUMAN,0,/core/www/modules/match_peptides/blast_html4.php?run_id=110202&search_id=114132&scans_id=110198&peptide_id=40575&scanf=4920&charge=2&value=0,R.TDTGEPMGR.G,/core/www/modules/show_out/show_out_wrapper.php?run_id=110202&search_id=114132&scans_id=110198&peptide_id=40575&scanf=4920&charge=2&value=R.TDTGEPMGR.G,HSP90AA1,1.076e+7,2.478,0.023,1.643,0.001
4925,2,"  2.842","  0.492",11/16,/core/www/modules//sdig/index.php?run_id=110202&search_id=114132&scans_id=110198&peptide_id=40580&scanf=4925&charge=2&value=11/16,sp|Q15717|ELAV1_HUMAN,/core/www/modules//consensus/?run_id=110202&search_id=114132&scans_id=110198&peptide_id=40580&scanf=4925&charge=2&value=sp|Q15717|ELAV1_HUMAN,0,/core/www/modules/match_peptides/blast_html4.php?run_id=110202&search_id=114132&scans_id=110198&peptide_id=40580&scanf=4925&charge=2&value=0,K.FAANPNQNK.N,/core/www/modules/show_out/show_out_wrapper.php?run_id=110202&search_id=114132&scans_id=110198&peptide_id=40580&scanf=4925&charge=2&value=K.FAANPNQNK.N,ELAVL1,5.479e+6,3.497,0.001,3.144,0.000
4940,2,"  2.561","  0.529",11/16,/core/www/modules//sdig/index.php?run_id=110202&search_id=114132&scans_id=110198&peptide_id=40594&scanf=4940&charge=2&value=11/16,sp|Q15717|ELAV1_HUMAN,/core/www/modules//consensus/?run_id=110202&search_id=114132&scans_id=110198&peptide_id=40594&scanf=4940&charge=2&value=sp|Q15717|ELAV1_HUMAN,0,/core/www/modules/match_peptides/blast_html4.php?run_id=110202&search_id=114132&scans_id=110198&peptide_id=40594&scanf=4940&charge=2&value=0,K.FAANPNQNK.N,/core/www/modules/show_out/show_out_wrapper.php?run_id=110202&search_id=114132&scans_id=110198&peptide_id=40594&scanf=4940&charge=2&value=K.FAANPNQNK.N,ELAVL1,5.479e+6,3.602,0.001,3.299,0.000
4944,2,"  2.203","  0.523",10/20,/core/www/modules//sdig/index.php?run_id=110202&search_id=114132&scans_id=110198&peptide_id=40598&scanf=4944&charge=2&value=10/20,sp|P60709|ACTB_HUMAN,/core/www/modules//consensus/?run_id=110202&search_id=114132&scans_id=110198&peptide_id=40598&scanf=4944&charge=2&value=sp|P60709|ACTB_HUMAN,27,/core/www/modules/match_peptides/blast_html4.php?run_id=110202&search_id=114132&scans_id=110198&peptide_id=40598&scanf=4944&charge=2&value=27,K.DSYVGDEAQSK.R,/core/www/modules/show_out/show_out_wrapper.php?run_id=110202&search_id=114132&scans_id=110198&peptide_id=40598&scanf=4944&charge=2&value=K.DSYVGDEAQSK.R,ACTB,9.353e+5,3.713,0.000,3.464,0.000
4946,2,"  2.052","  0.583",10/18,/core/www/modules//sdig/index.php?run_id=110202&search_id=114132&scans_id=110198&peptide_id=40600&scanf=4946&charge=2&value=10/18,sp|P78527|PRKDC_HUMAN,/core/www/modules//consensus/?run_id=110202&search_id=114132&scans_id=110198&peptide_id=40600&scanf=4946&charge=2&value=sp|P78527|PRKDC_HUMAN,0,/core/www/modules/match_peptides/blast_html4.php?run_id=110202&search_id=114132&scans_id=110198&peptide_id=40600&scanf=4946&charge=2&value=0,K.SMEEDPQTSR.E,/core/www/modules/show_out/show_out_wrapper.php?run_id=110202&search_id=114132&scans_id=110198&peptide_id=40600&scanf=4946&charge=2&value=K.SMEEDPQTSR.E,PRKDC,3.377e+6,4.172,0.000,4.145,0.000
4952,3,"  1.857","  0.260",8/48,/core/www/modules//sdig/index.php?run_id=110202&search_id=114132&scans_id=110198&peptide_id=40606&scanf=4952&charge=3&value=8/48,sp|P22626|ROA2_HUMAN,/core/www/modules//consensus/?run_id=110202&search_id=114132&scans_id=110198&peptide_id=40606&scanf=4952&charge=3&value=sp|P22626|ROA2_HUMAN,10,/core/www/modules/match_peptides/blast_html4.php?run_id=110202&search_id=114132&scans_id=110198&peptide_id=40606&scanf=4952&charge=3&value=10,R.EESGKPGAHVTVK.K,/core/www/modules/show_out/show_out_wrapper.php?run_id=110202&search_id=114132&scans_id=110198&peptide_id=40606&scanf=4952&charge=3&value=R.EESGKPGAHVTVK.K,HNRNPA2B1,8.292e+7,2.263,0.046,1.334,0.002
4954,2,"  2.494","  0.124",10/18,/core/www/modules//sdig/index.php?run_id=110202&search_id=114132&scans_id=110198&peptide_id=40608&scanf=4954&charge=2&value=10/18,sp|P22626|ROA2_HUMAN,/core/www/modules//consensus/?run_id=110202&search_id=114132&scans_id=110198&peptide_id=40608&scanf=4954&charge=2&value=sp|P22626|ROA2_HUMAN,7,/core/www/modules/match_peptides/blast_html4.php?run_id=110202&search_id=114132&scans_id=110198&peptide_id=40608&scanf=4954&charge=2&value=7,R.QEM*QEVQSSR.S,/core/www/modules/show_out/show_out_wrapper.php?run_id=110202&search_id=114132&scans_id=110198&peptide_id=40608&scanf=4954&charge=2&value=R.QEM*QEVQSSR.S,HNRNPA2B1,3.799e+6,1.991,0.110,0.961,0.005
4961,2,"  2.057","  0.640",13/20,/core/www/modules//sdig/index.php?run_id=110202&search_id=114132&scans_id=110198&peptide_id=40614&scanf=4961&charge=2&value=13/20,sp|P38159|RBMX_HUMAN,/core/www/modules//consensus/?run_id=110202&search_id=114132&scans_id=110198&peptide_id=40614&scanf=4961&charge=2&value=sp|P38159|RBMX_HUMAN,2,/core/www/modules/match_peptides/blast_html4.php?run_id=110202&search_id=114132&scans_id=110198&peptide_id=40614&scanf=4961&charge=2&value=2,R.GPPPSYGGSSR.Y,/core/www/modules/show_out/show_out_wrapper.php?run_id=110202&search_id=114132&scans_id=110198&peptide_id=40614&scanf=4961&charge=2&value=R.GPPPSYGGSSR.Y,RBMX,4.650e+7,3.944,0.000,3.806,0.000
4964,2,"  1.231","  0.410",7/12,/core/www/modules//sdig/index.php?run_id=110202&search_id=114132&scans_id=110198&peptide_id=40617&scanf=4964&charge=2&value=7/12,sp|P43243|MATR3_HUMAN,/core/www/modules//consensus/?run_id=110202&search_id=114132&scans_id=110198&peptide_id=40617&scanf=4964&charge=2&value=sp|P43243|MATR3_HUMAN,4,/core/www/modules/match_peptides/blast_html4.php?run_id=110202&search_id=114132&scans_id=110198&peptide_id=40617&scanf=4964&charge=2&value=4,R.MDYEDDR.L,/core/www/modules/show_out/show_out_wrapper.php?run_id=110202&search_id=114132&scans_id=110198&peptide_id=40617&scanf=4964&charge=2&value=R.MDYEDDR.L,MATR3,6.474e+5,3.001,0.004,2.409,0.000
4969,2,"  1.724","  0.305",9/16,/core/www/modules//sdig/index.php?run_id=110202&search_id=114132&scans_id=110198&peptide_id=40622&scanf=4969&charge=2&value=9/16,sp|P0DMV8|HS71A_HUMAN,/core/www/modules//consensus/?run_id=110202&search_id=114132&scans_id=110198&peptide_id=40622&scanf=4969&charge=2&value=sp|P0DMV8|HS71A_HUMAN,5,/core/www/modules/match_peptides/blast_html4.php?run_id=110202&search_id=114132&scans_id=110198&peptide_id=40622&scanf=4969&charge=2&value=5,K.YKAEDEVQR.E,/core/www/modules/show_out/show_out_wrapper.php?run_id=110202&search_id=114132&scans_id=110198&peptide_id=40622&scanf=4969&charge=2&value=K.YKAEDEVQR.E,HSPA1A,1.815e+6,2.085,0.082,1.086,0.003
4983,2,"  1.898","  0.289",6/14,/core/www/modules//sdig/index.php?run_id=110202&search_id=114132&scans_id=110198&peptide_id=40635&scanf=4983&charge=2&value=6/14,sp|Q13242|SRSF9_HUMAN,/core/www/modules//consensus/?run_id=110202&search_id=114132&scans_id=110198&peptide_id=40635&scanf=4983&charge=2&value=sp|Q13242|SRSF9_HUMAN,0,/core/www/modules/match_peptides/blast_html4.php?run_id=110202&search_id=114132&scans_id=110198&peptide_id=40635&scanf=4983&charge=2&value=0,R.STSYGYSR.S,/core/www/modules/show_out/show_out_wrapper.php?run_id=110202&search_id=114132&scans_id=110198&peptide_id=40635&scanf=4983&charge=2&value=R.STSYGYSR.S,SRSF9,1.958e+6,2.337,0.036,1.439,0.001
4986,2,"  2.105","  0.317",9/16,/core/www/modules//sdig/index.php?run_id=110202&search_id=114132&scans_id=110198&peptide_id=40638&scanf=4986&charge=2&value=9/16,sp|Q8N163|CCAR2_HUMAN,/core/www/modules//consensus/?run_id=110202&search_id=114132&scans_id=110198&peptide_id=40638&scanf=4986&charge=2&value=sp|Q8N163|CCAR2_HUMAN,2,/core/www/modules/match_peptides/blast_html4.php?run_id=110202&search_id=114132&scans_id=110198&peptide_id=40638&scanf=4986&charge=2&value=2,R.LAEAEETAR.T,/core/www/modules/show_out/show_out_wrapper.php?run_id=110202&search_id=114132&scans_id=110198&peptide_id=40638&scanf=4986&charge=2&value=R.LAEAEETAR.T,CCAR2,1.779e+6,2.658,0.012,1.904,0.000
5006,2,"  1.463","  0.365",6/14,/core/www/modules//sdig/index.php?run_id=110202&search_id=114132&scans_id=110198&peptide_id=40657&scanf=5006&charge=2&value=6/14,sp|A6NHR9|SMHD1_HUMAN,/core/www/modules//consensus/?run_id=110202&search_id=114132&scans_id=110198&peptide_id=40657&scanf=5006&charge=2&value=sp|A6NHR9|SMHD1_HUMAN,4,/core/www/modules/match_peptides/blast_html4.php?run_id=110202&search_id=114132&scans_id=110198&peptide_id=40657&scanf=5006&charge=2&value=4,R.IYDETQGR.Q,/core/www/modules/show_out/show_out_wrapper.php?run_id=110202&search_id=114132&scans_id=110198&peptide_id=40657&scanf=5006&charge=2&value=R.IYDETQGR.Q,SMCHD1,1.976e+6,2.643,0.013,1.882,0.000
5029,2,"  1.345","  0.295",9/24,/core/www/modules//sdig/index.php?run_id=110202&search_id=114132&scans_id=110198&peptide_id=40679&scanf=5029&charge=2&value=9/24,sp|Q9Y2W1|TR150_HUMAN,/core/www/modules//consensus/?run_id=110202&search_id=114132&scans_id=110198&peptide_id=40679&scanf=5029&charge=2&value=sp|Q9Y2W1|TR150_HUMAN,1,/core/www/modules/match_peptides/blast_html4.php?run_id=110202&search_id=114132&scans_id=110198&peptide_id=40679&scanf=5029&charge=2&value=1,K.EESAASGGAAYTK.R,/core/www/modules/show_out/show_out_wrapper.php?run_id=110202&search_id=114132&scans_id=110198&peptide_id=40679&scanf=5029&charge=2&value=K.EESAASGGAAYTK.R,THRAP3,6.735e+5,2.008,0.104,0.983,0.005
5035,2,"  1.924","  0.255",9/18,/core/www/modules//sdig/index.php?run_id=110202&search_id=114132&scans_id=110198&peptide_id=40685&scanf=5035&charge=2&value=9/18,sp|Q9NX58|LYAR_HUMAN,/core/www/modules//consensus/?run_id=110202&search_id=114132&scans_id=110198&peptide_id=40685&scanf=5035&charge=2&value=sp|Q9NX58|LYAR_HUMAN,0,/core/www/modules/match_peptides/blast_html4.php?run_id=110202&search_id=114132&scans_id=110198&peptide_id=40685&scanf=5035&charge=2&value=0,K.DAVEQQGEVK.K,/core/www/modules/show_out/show_out_wrapper.php?run_id=110202&search_id=114132&scans_id=110198&peptide_id=40685&scanf=5035&charge=2&value=K.DAVEQQGEVK.K,LYAR,9.558e+5,2.318,0.039,1.411,0.001
5055,2,"  1.927","  0.342",9/16,/core/www/modules//sdig/index.php?run_id=110202&search_id=114132&scans_id=110198&peptide_id=40704&scanf=5055&charge=2&value=9/16,sp|P27797|CALR_HUMAN,/core/www/modules//consensus/?run_id=110202&search_id=114132&scans_id=110198&peptide_id=40704&scanf=5055&charge=2&value=sp|P27797|CALR_HUMAN,3,/core/www/modules/match_peptides/blast_html4.php?run_id=110202&search_id=114132&scans_id=110198&peptide_id=40704&scanf=5055&charge=2&value=3,K.FYGDEEKDK.G,/core/www/modules/show_out/show_out_wrapper.php?run_id=110202&search_id=114132&scans_id=110198&peptide_id=40704&scanf=5055&charge=2&value=K.FYGDEEKDK.G,CALR,1.307e+6,2.388,0.031,1.512,0.001
5069,2,"  1.535","  0.000",7/14,/core/www/modules//sdig/index.php?run_id=110202&search_id=114132&scans_id=110198&peptide_id=40717&scanf=5069&charge=2&value=7/14,sp|Q12873|CHD3_HUMAN,/core/www/modules//consensus/?run_id=110202&search_id=114132&scans_id=110198&peptide_id=40717&scanf=5069&charge=2&value=sp|Q12873|CHD3_HUMAN,17,/core/www/modules/match_peptides/blast_html4.php?run_id=110202&search_id=114132&scans_id=110198&peptide_id=40717&scanf=5069&charge=2&value=17,R.IINHSVDK.K,/core/www/modules/show_out/show_out_wrapper.php?run_id=110202&search_id=114132&scans_id=110198&peptide_id=40717&scanf=5069&charge=2&value=R.IINHSVDK.K,CHD3,4.812e+5,1.968,0.117,0.930,0.005
5073,2,"  1.812","  0.356",7/20,/core/www/modules//sdig/index.php?run_id=110202&search_id=114132&scans_id=110198&peptide_id=40721&scanf=5073&charge=2&value=7/20,sp|Q14315|FLNC_HUMAN,/core/www/modules//consensus/?run_id=110202&search_id=114132&scans_id=110198&peptide_id=40721&scanf=5073&charge=2&value=sp|Q14315|FLNC_HUMAN,0,/core/www/modules/match_peptides/blast_html4.php?run_id=110202&search_id=114132&scans_id=110198&peptide_id=40721&scanf=5073&charge=2&value=0,R.VNVGEGSHPER.V,/core/www/modules/show_out/show_out_wrapper.php?run_id=110202&search_id=114132&scans_id=110198&peptide_id=40721&scanf=5073&charge=2&value=R.VNVGEGSHPER.V,FLNC,3.861e+5,2.468,0.024,1.627,0.001
5074,3,"  2.257","  0.176",11/40,/core/www/modules//sdig/index.php?run_id=110202&search_id=114132&scans_id=110198&peptide_id=40722&scanf=5074&charge=3&value=11/40,sp|P49750|YLPM1_HUMAN,/core/www/modules//consensus/?run_id=110202&search_id=114132&scans_id=110198&peptide_id=40722&scanf=5074&charge=3&value=sp|P49750|YLPM1_HUMAN,3,/core/www/modules/match_peptides/blast_html4.php?run_id=110202&search_id=114132&scans_id=110198&peptide_id=40722&scanf=5074&charge=3&value=3,R.STFETEHAGQR.D,/core/www/modules/show_out/show_out_wrapper.php?run_id=110202&search_id=114132&scans_id=110198&peptide_id=40722&scanf=5074&charge=3&value=R.STFETEHAGQR.D,YLPM1,5.594e+5,2.178,0.061,1.215,0.002
5082,3,"  2.070","  0.224",7/36,/core/www/modules//sdig/index.php?run_id=110202&search_id=114132&scans_id=110198&peptide_id=40730&scanf=5082&charge=3&value=7/36,sp|Q8WUA4|TF3C2_HUMAN,/core/www/modules//consensus/?run_id=110202&search_id=114132&scans_id=110198&peptide_id=40730&scanf=5082&charge=3&value=sp|Q8WUA4|TF3C2_HUMAN,1,/core/www/modules/match_peptides/blast_html4.php?run_id=110202&search_id=114132&scans_id=110198&peptide_id=40730&scanf=5082&charge=3&value=1,R.RPGFSPTSHR.L,/core/www/modules/show_out/show_out_wrapper.php?run_id=110202&search_id=114132&scans_id=110198&peptide_id=40730&scanf=5082&charge=3&value=R.RPGFSPTSHR.L,GTF3C2,7.234e+5,2.229,0.052,1.285,0.002
5087,2,"  1.454","  0.117",7/12,/core/www/modules//sdig/index.php?run_id=110202&search_id=114132&scans_id=110198&peptide_id=40734&scanf=5087&charge=2&value=7/12,sp|P19338|NUCL_HUMAN,/core/www/modules//consensus/?run_id=110202&search_id=114132&scans_id=110198&peptide_id=40734&scanf=5087&charge=2&value=sp|P19338|NUCL_HUMAN,8,/core/www/modules/match_peptides/blast_html4.php?run_id=110202&search_id=114132&scans_id=110198&peptide_id=40734&scanf=5087&charge=2&value=8,K.VTQDELK.E,/core/www/modules/show_out/show_out_wrapper.php?run_id=110202&search_id=114132&scans_id=110198&peptide_id=40734&scanf=5087&charge=2&value=K.VTQDELK.E,NCL,4.049e+7,2.239,0.050,1.300,0.002
5088,2,"  1.695","  0.307",8/12,/core/www/modules//sdig/index.php?run_id=110202&search_id=114132&scans_id=110198&peptide_id=40735&scanf=5088&charge=2&value=8/12,sp|P52272|HNRPM_HUMAN,/core/www/modules//consensus/?run_id=110202&search_id=114132&scans_id=110198&peptide_id=40735&scanf=5088&charge=2&value=sp|P52272|HNRPM_HUMAN,5,/core/www/modules/match_peptides/blast_html4.php?run_id=110202&search_id=114132&scans_id=110198&peptide_id=40735&scanf=5088&charge=2&value=5,K.AAEVLNK.H,/core/www/modules/show_out/show_out_wrapper.php?run_id=110202&search_id=114132&scans_id=110198&peptide_id=40735&scanf=5088&charge=2&value=K.AAEVLNK.H,HNRNPM,5.221e+6,2.997,0.004,2.403,0.000
5109,2,"  1.804","  0.240",7/12,/core/www/modules//sdig/index.php?run_id=110202&search_id=114132&scans_id=110198&peptide_id=40755&scanf=5109&charge=2&value=7/12,sp|P40926|MDHM_HUMAN,/core/www/modules//consensus/?run_id=110202&search_id=114132&scans_id=110198&peptide_id=40755&scanf=5109&charge=2&value=sp|P40926|MDHM_HUMAN,1,/core/www/modules/match_peptides/blast_html4.php?run_id=110202&search_id=114132&scans_id=110198&peptide_id=40755&scanf=5109&charge=2&value=1,K.VSSFEEK.M,/core/www/modules/show_out/show_out_wrapper.php?run_id=110202&search_id=114132&scans_id=110198&peptide_id=40755&scanf=5109&charge=2&value=K.VSSFEEK.M,MDH2,3.692e+6,2.501,0.021,1.676,0.001
5110,2,"  1.404","  0.083",7/12,/core/www/modules//sdig/index.php?run_id=110202&search_id=114132&scans_id=110198&peptide_id=40756&scanf=5110&charge=2&value=7/12,sp|P61247|RS3A_HUMAN,/core/www/modules//consensus/?run_id=110202&search_id=114132&scans_id=110198&peptide_id=40756&scanf=5110&charge=2&value=sp|P61247|RS3A_HUMAN,10,/core/www/modules/match_peptides/blast_html4.php?run_id=110202&search_id=114132&scans_id=110198&peptide_id=40756&scanf=5110&charge=2&value=10,K.IASDGLK.G,/core/www/modules/show_out/show_out_wrapper.php?run_id=110202&search_id=114132&scans_id=110198&peptide_id=40756&scanf=5110&charge=2&value=K.IASDGLK.G,RPS3A,1.470e+7,1.829,0.176,0.754,0.010
5139,2,"  1.390","  0.160",7/14,/core/www/modules//sdig/index.php?run_id=110202&search_id=114132&scans_id=110198&peptide_id=40784&scanf=5139&charge=2&value=7/14,sp|P84103|SRSF3_HUMAN,/core/www/modules//consensus/?run_id=110202&search_id=114132&scans_id=110198&peptide_id=40784&scanf=5139&charge=2&value=sp|P84103|SRSF3_HUMAN,0,/core/www/modules/match_peptides/blast_html4.php?run_id=110202&search_id=114132&scans_id=110198&peptide_id=40784&scanf=5139&charge=2&value=0,R.VELSNGEK.R,/core/www/modules/show_out/show_out_wrapper.php?run_id=110202&search_id=114132&scans_id=110198&peptide_id=40784&scanf=5139&charge=2&value=R.VELSNGEK.R,SRSF3,6.004e+6,1.995,0.108,0.966,0.005
5151,2,"  2.281","  0.098",8/14,/core/www/modules//sdig/index.php?run_id=110202&search_id=114132&scans_id=110198&peptide_id=40795&scanf=5151&charge=2&value=8/14,sp|Q08211|DHX9_HUMAN,/core/www/modules//consensus/?run_id=110202&search_id=114132&scans_id=110198&peptide_id=40795&scanf=5151&charge=2&value=sp|Q08211|DHX9_HUMAN,0,/core/www/modules/match_peptides/blast_html4.php?run_id=110202&search_id=114132&scans_id=110198&peptide_id=40795&scanf=5151&charge=2&value=0,R.KILTTEGR.N,/core/www/modules/show_out/show_out_wrapper.php?run_id=110202&search_id=114132&scans_id=110198&peptide_id=40795&scanf=5151&charge=2&value=R.KILTTEGR.N,DHX9,2.316e+6,1.963,0.119,0.923,0.005
5152,2,"  1.710","  0.182",7/14,/core/www/modules//sdig/index.php?run_id=110202&search_id=114132&scans_id=110198&peptide_id=40796&scanf=5152&charge=2&value=7/14,sp|O75643|U520_HUMAN,/core/www/modules//consensus/?run_id=110202&search_id=114132&scans_id=110198&peptide_id=40796&scanf=5152&charge=2&value=sp|O75643|U520_HUMAN,0,/core/www/modules/match_peptides/blast_html4.php?run_id=110202&search_id=114132&scans_id=110198&peptide_id=40796&scanf=5152&charge=2&value=0,R.HHEDNLLR.Q,/core/www/modules/show_out/show_out_wrapper.php?run_id=110202&search_id=114132&scans_id=110198&peptide_id=40796&scanf=5152&charge=2&value=R.HHEDNLLR.Q,SNRNP200,7.087e+6,2.155,0.066,1.183,0.002
5153,2,"  1.318","  0.079",7/12,/core/www/modules//sdig/index.php?run_id=110202&search_id=114132&scans_id=110198&peptide_id=40797&scanf=5153&charge=2&value=7/12,sp|Q9Y383|LC7L2_HUMAN,/core/www/modules//consensus/?run_id=110202&search_id=114132&scans_id=110198&peptide_id=40797&scanf=5153&charge=2&value=sp|Q9Y383|LC7L2_HUMAN,1,/core/www/modules/match_peptides/blast_html4.php?run_id=110202&search_id=114132&scans_id=110198&peptide_id=40797&scanf=5153&charge=2&value=1,R.EAEEVYR.N,/core/www/modules/show_out/show_out_wrapper.php?run_id=110202&search_id=114132&scans_id=110198&peptide_id=40797&scanf=5153&charge=2&value=R.EAEEVYR.N,LUC7L2,1.120e+6,1.847,0.167,0.777,0.009
5154,2,"  1.044","  0.149",7/14,/core/www/modules//sdig/index.php?run_id=110202&search_id=114132&scans_id=110198&peptide_id=40798&scanf=5154&charge=2&value=7/14,sp|P61978|HNRPK_HUMAN,/core/www/modules//consensus/?run_id=110202&search_id=114132&scans_id=110198&peptide_id=40798&scanf=5154&charge=2&value=sp|P61978|HNRPK_HUMAN,1,/core/www/modules/match_peptides/blast_html4.php?run_id=110202&search_id=114132&scans_id=110198&peptide_id=40798&scanf=5154&charge=2&value=1,R.DYDDM*SPR.R,/core/www/modules/show_out/show_out_wrapper.php?run_id=110202&search_id=114132&scans_id=110198&peptide_id=40798&scanf=5154&charge=2&value=R.DYDDM*SPR.R,HNRNPK,1.873e+6,2.172,0.062,1.206,0.002
5158,2,"  1.280","  0.160",6/16,/core/www/modules//sdig/index.php?run_id=110202&search_id=114132&scans_id=110198&peptide_id=40802&scanf=5158&charge=2&value=6/16,sp|Q8TAQ2|SMRC2_HUMAN,/core/www/modules//consensus/?run_id=110202&search_id=114132&scans_id=110198&peptide_id=40802&scanf=5158&charge=2&value=sp|Q8TAQ2|SMRC2_HUMAN,1,/core/www/modules/match_peptides/blast_html4.php?run_id=110202&search_id=114132&scans_id=110198&peptide_id=40802&scanf=5158&charge=2&value=1,R.EEEQEDLTK.D,/core/www/modules/show_out/show_out_wrapper.php?run_id=110202&search_id=114132&scans_id=110198&peptide_id=40802&scanf=5158&charge=2&value=R.EEEQEDLTK.D,SMARCC2,6.668e+5,1.942,0.127,0.897,0.006
5164,2,"  2.095","  0.450",9/16,/core/www/modules//sdig/index.php?run_id=110202&search_id=114132&scans_id=110198&peptide_id=40808&scanf=5164&charge=2&value=9/16,sp|Q08211|DHX9_HUMAN,/core/www/modules//consensus/?run_id=110202&search_id=114132&scans_id=110198&peptide_id=40808&scanf=5164&charge=2&value=sp|Q08211|DHX9_HUMAN,0,/core/www/modules/match_peptides/blast_html4.php?run_id=110202&search_id=114132&scans_id=110198&peptide_id=40808&scanf=5164&charge=2&value=0,R.YGDGPRPPK.M,/core/www/modules/show_out/show_out_wrapper.php?run_id=110202&search_id=114132&scans_id=110198&peptide_id=40808&scanf=5164&charge=2&value=R.YGDGPRPPK.M,DHX9,3.932e+6,3.370,0.001,2.956,0.000
5171,2,"  1.569","  0.191",6/12,/core/www/modules//sdig/index.php?run_id=110202&search_id=114132&scans_id=110198&peptide_id=40814&scanf=5171&charge=2&value=6/12,sp|Q9H307|PININ_HUMAN,/core/www/modules//consensus/?run_id=110202&search_id=114132&scans_id=110198&peptide_id=40814&scanf=5171&charge=2&value=sp|Q9H307|PININ_HUMAN,0,/core/www/modules/match_peptides/blast_html4.php?run_id=110202&search_id=114132&scans_id=110198&peptide_id=40814&scanf=5171&charge=2&value=0,K.LIEESQR.K,/core/www/modules/show_out/show_out_wrapper.php?run_id=110202&search_id=114132&scans_id=110198&peptide_id=40814&scanf=5171&charge=2&value=K.LIEESQR.K,PNN,2.422e+6,2.176,0.061,1.212,0.002
5172,2,"  1.957","  0.275",8/14,/core/www/modules//sdig/index.php?run_id=110202&search_id=114132&scans_id=110198&peptide_id=40815&scanf=5172&charge=2&value=8/14,sp|Q13148|TADBP_HUMAN,/core/www/modules//consensus/?run_id=110202&search_id=114132&scans_id=110198&peptide_id=40815&scanf=5172&charge=2&value=sp|Q13148|TADBP_HUMAN,13,/core/www/modules/match_peptides/blast_html4.php?run_id=110202&search_id=114132&scans_id=110198&peptide_id=40815&scanf=5172&charge=2&value=13,K.QSQDEPLR.S,/core/www/modules/show_out/show_out_wrapper.php?run_id=110202&search_id=114132&scans_id=110198&peptide_id=40815&scanf=5172&charge=2&value=K.QSQDEPLR.S,TARDBP,3.764e+6,2.529,0.019,1.716,0.000
5174,2,"  1.429","  0.376",7/14,/core/www/modules//sdig/index.php?run_id=110202&search_id=114132&scans_id=110198&peptide_id=40817&scanf=5174&charge=2&value=7/14,sp|Q13247|SRSF6_HUMAN,/core/www/modules//consensus/?run_id=110202&search_id=114132&scans_id=110198&peptide_id=40817&scanf=5174&charge=2&value=sp|Q13247|SRSF6_HUMAN,4,/core/www/modules/match_peptides/blast_html4.php?run_id=110202&search_id=114132&scans_id=110198&peptide_id=40817&scanf=5174&charge=2&value=4,R.DGYSYGSR.S,/core/www/modules/show_out/show_out_wrapper.php?run_id=110202&search_id=114132&scans_id=110198&peptide_id=40817&scanf=5174&charge=2&value=R.DGYSYGSR.S,SRSF6,2.358e+6,2.722,0.010,1.999,0.000
5175,2,"  1.979","  0.429",9/16,/core/www/modules//sdig/index.php?run_id=110202&search_id=114132&scans_id=110198&peptide_id=40818&scanf=5175&charge=2&value=9/16,sp|P43243|MATR3_HUMAN,/core/www/modules//consensus/?run_id=110202&search_id=114132&scans_id=110198&peptide_id=40818&scanf=5175&charge=2&value=sp|P43243|MATR3_HUMAN,4,/core/www/modules/match_peptides/blast_html4.php?run_id=110202&search_id=114132&scans_id=110198&peptide_id=40818&scanf=5175&charge=2&value=4,R.SQESGYYDR.M,/core/www/modules/show_out/show_out_wrapper.php?run_id=110202&search_id=114132&scans_id=110198&peptide_id=40818&scanf=5175&charge=2&value=R.SQESGYYDR.M,MATR3,4.658e+6,3.042,0.003,2.470,0.000
5176,3,"  2.489","  0.286",12/36,/core/www/modules//sdig/index.php?run_id=110202&search_id=114132&scans_id=110198&peptide_id=40819&scanf=5176&charge=3&value=12/36,sp|Q8WUA4|TF3C2_HUMAN,/core/www/modules//consensus/?run_id=110202&search_id=114132&scans_id=110198&peptide_id=40819&scanf=5176&charge=3&value=sp|Q8WUA4|TF3C2_HUMAN,1,/core/www/modules/match_peptides/blast_html4.php?run_id=110202&search_id=114132&scans_id=110198&peptide_id=40819&scanf=5176&charge=3&value=1,R.RPGFSPTSHR.L,/core/www/modules/show_out/show_out_wrapper.php?run_id=110202&search_id=114132&scans_id=110198&peptide_id=40819&scanf=5176&charge=3&value=R.RPGFSPTSHR.L,GTF3C2,7.234e+5,2.629,0.014,1.862,0.000
5178,2,"  2.619","  0.498",14/18,/core/www/modules//sdig/index.php?run_id=110202&search_id=114132&scans_id=110198&peptide_id=40821&scanf=5178&charge=2&value=14/18,sp|P35606|COPB2_HUMAN,/core/www/modules//consensus/?run_id=110202&search_id=114132&scans_id=110198&peptide_id=40821&scanf=5178&charge=2&value=sp|P35606|COPB2_HUMAN,3,/core/www/modules/match_peptides/blast_html4.php?run_id=110202&search_id=114132&scans_id=110198&peptide_id=40821&scanf=5178&charge=2&value=3,K.HSEVQQANLK.A,/core/www/modules/show_out/show_out_wrapper.php?run_id=110202&search_id=114132&scans_id=110198&peptide_id=40821&scanf=5178&charge=2&value=K.HSEVQQANLK.A,COPB2,6.861e+5,3.472,0.001,3.107,0.000
5199,3,"  3.146","  0.424",15/52,/core/www/modules//sdig/index.php?run_id=110202&search_id=114132&scans_id=110198&peptide_id=40841&scanf=5199&charge=3&value=15/52,sp|P11142|HSP7C_HUMAN,/core/www/modules//consensus/?run_id=110202&search_id=114132&scans_id=110198&peptide_id=40841&scanf=5199&charge=3&value=sp|P11142|HSP7C_HUMAN,5,/core/www/modules/match_peptides/blast_html4.php?run_id=110202&search_id=114132&scans_id=110198&peptide_id=40841&scanf=5199&charge=3&value=5,K.NQTAEKEEFEHQQK.E,/core/www/modules/show_out/show_out_wrapper.php?run_id=110202&search_id=114132&scans_id=110198&peptide_id=40841&scanf=5199&charge=3&value=K.NQTAEKEEFEHQQK.E,HSPA8,2.167e+6,2.702,0.011,1.969,0.000
5214,2,"  1.603","  0.160",7/12,/core/www/modules//sdig/index.php?run_id=110202&search_id=114132&scans_id=110198&peptide_id=40855&scanf=5214&charge=2&value=7/12,sp|Q8TDN6|BRX1_HUMAN,/core/www/modules//consensus/?run_id=110202&search_id=114132&scans_id=110198&peptide_id=40855&scanf=5214&charge=2&value=sp|Q8TDN6|BRX1_HUMAN,0,/core/www/modules/match_peptides/blast_html4.php?run_id=110202&search_id=114132&scans_id=110198&peptide_id=40855&scanf=5214&charge=2&value=0,R.HLM*QDLR.M,/core/www/modules/show_out/show_out_wrapper.php?run_id=110202&search_id=114132&scans_id=110198&peptide_id=40855&scanf=5214&charge=2&value=R.HLM*QDLR.M,BRIX1,1.155e+6,2.170,0.063,1.204,0.002
5255,2,"  2.128","  0.255",11/14,/core/www/modules//sdig/index.php?run_id=110202&search_id=114132&scans_id=110198&peptide_id=40894&scanf=5255&charge=2&value=11/14,sp|P61978|HNRPK_HUMAN,/core/www/modules//consensus/?run_id=110202&search_id=114132&scans_id=110198&peptide_id=40894&scanf=5255&charge=2&value=sp|P61978|HNRPK_HUMAN,2,/core/www/modules/match_peptides/blast_html4.php?run_id=110202&search_id=114132&scans_id=110198&peptide_id=40894&scanf=5255&charge=2&value=2,K.NAGAVIGK.G,/core/www/modules/show_out/show_out_wrapper.php?run_id=110202&search_id=114132&scans_id=110198&peptide_id=40894&scanf=5255&charge=2&value=K.NAGAVIGK.G,HNRNPK,1.512e+7,2.984,0.004,2.384,0.000
5259,2,"  2.640","  0.309",9/14,/core/www/modules//sdig/index.php?run_id=110202&search_id=114132&scans_id=110198&peptide_id=40898&scanf=5259&charge=2&value=9/14,sp|O43707|ACTN4_HUMAN,/core/www/modules//consensus/?run_id=110202&search_id=114132&scans_id=110198&peptide_id=40898&scanf=5259&charge=2&value=sp|O43707|ACTN4_HUMAN,2,/core/www/modules/match_peptides/blast_html4.php?run_id=110202&search_id=114132&scans_id=110198&peptide_id=40898&scanf=5259&charge=2&value=2,R.QGEAEFNR.I,/core/www/modules/show_out/show_out_wrapper.php?run_id=110202&search_id=114132&scans_id=110198&peptide_id=40898&scanf=5259&charge=2&value=R.QGEAEFNR.I,ACTN4,5.637e+6,3.093,0.003,2.546,0.000
5270,2,"  2.453","  0.289",8/12,/core/www/modules//sdig/index.php?run_id=110202&search_id=114132&scans_id=110198&peptide_id=40909&scanf=5270&charge=2&value=8/12,sp|P54578|UBP14_HUMAN,/core/www/modules//consensus/?run_id=110202&search_id=114132&scans_id=110198&peptide_id=40909&scanf=5270&charge=2&value=sp|P54578|UBP14_HUMAN,1,/core/www/modules/match_peptides/blast_html4.php?run_id=110202&search_id=114132&scans_id=110198&peptide_id=40909&scanf=5270&charge=2&value=1,K.QSPTLQR.N,/core/www/modules/show_out/show_out_wrapper.php?run_id=110202&search_id=114132&scans_id=110198&peptide_id=40909&scanf=5270&charge=2&value=K.QSPTLQR.N,USP14,1.272e+6,2.784,0.008,2.090,0.000
5272,2,"  2.016","  0.132",7/12,/core/www/modules//sdig/index.php?run_id=110202&search_id=114132&scans_id=110198&peptide_id=40911&scanf=5272&charge=2&value=7/12,sp|P23246|SFPQ_HUMAN,/core/www/modules//consensus/?run_id=110202&search_id=114132&scans_id=110198&peptide_id=40911&scanf=5272&charge=2&value=sp|P23246|SFPQ_HUMAN,3,/core/www/modules/match_peptides/blast_html4.php?run_id=110202&search_id=114132&scans_id=110198&peptide_id=40911&scanf=5272&charge=2&value=3,R.EMEEQMR.R,/core/www/modules/show_out/show_out_wrapper.php?run_id=110202&search_id=114132&scans_id=110198&peptide_id=40911&scanf=5272&charge=2&value=R.EMEEQMR.R,SFPQ,8.261e+5,2.068,0.086,1.064,0.004
5276,2,"  1.576","  0.071",7/12,/core/www/modules//sdig/index.php?run_id=110202&search_id=114132&scans_id=110198&peptide_id=40914&scanf=5276&charge=2&value=7/12,sp|P10412|H14_HUMAN,/core/www/modules//consensus/?run_id=110202&search_id=114132&scans_id=110198&peptide_id=40914&scanf=5276&charge=2&value=sp|P10412|H14_HUMAN,4,/core/www/modules/match_peptides/blast_html4.php?run_id=110202&search_id=114132&scans_id=110198&peptide_id=40914&scanf=5276&charge=2&value=4,K.GTLVQTK.G,/core/www/modules/show_out/show_out_wrapper.php?run_id=110202&search_id=114132&scans_id=110198&peptide_id=40914&scanf=5276&charge=2&value=K.GTLVQTK.G,H1-4,8.235e+6,1.861,0.161,0.794,0.008
5283,2,"  2.176","  0.493",11/18,/core/www/modules//sdig/index.php?run_id=110202&search_id=114132&scans_id=110198&peptide_id=40921&scanf=5283&charge=2&value=11/18,sp|Q969Q0|RL36L_HUMAN,/core/www/modules//consensus/?run_id=110202&search_id=114132&scans_id=110198&peptide_id=40921&scanf=5283&charge=2&value=sp|Q969Q0|RL36L_HUMAN,0,/core/www/modules/match_peptides/blast_html4.php?run_id=110202&search_id=114132&scans_id=110198&peptide_id=40921&scanf=5283&charge=2&value=0,K.GKDSLYAQGR.R,/core/www/modules/show_out/show_out_wrapper.php?run_id=110202&search_id=114132&scans_id=110198&peptide_id=40921&scanf=5283&charge=2&value=K.GKDSLYAQGR.R,RPL36AL,2.090e+6,2.956,0.005,2.343,0.000
5298,2,"  1.492","  0.396",9/20,/core/www/modules//sdig/index.php?run_id=110202&search_id=114132&scans_id=110198&peptide_id=40935&scanf=5298&charge=2&value=9/20,sp|P18583|SON_HUMAN,/core/www/modules//consensus/?run_id=110202&search_id=114132&scans_id=110198&peptide_id=40935&scanf=5298&charge=2&value=sp|P18583|SON_HUMAN,0,/core/www/modules/match_peptides/blast_html4.php?run_id=110202&search_id=114132&scans_id=110198&peptide_id=40935&scanf=5298&charge=2&value=0,K.SVESTSPEPSK.I,/core/www/modules/show_out/show_out_wrapper.php?run_id=110202&search_id=114132&scans_id=110198&peptide_id=40935&scanf=5298&charge=2&value=K.SVESTSPEPSK.I,SON,8.386e+5,2.666,0.012,1.916,0.000
5301,2,"  2.107","  0.454",11/20,/core/www/modules//sdig/index.php?run_id=110202&search_id=114132&scans_id=110198&peptide_id=40938&scanf=5301&charge=2&value=11/20,sp|Q9UQE7|SMC3_HUMAN,/core/www/modules//consensus/?run_id=110202&search_id=114132&scans_id=110198&peptide_id=40938&scanf=5301&charge=2&value=sp|Q9UQE7|SMC3_HUMAN,0,/core/www/modules/match_peptides/blast_html4.php?run_id=110202&search_id=114132&scans_id=110198&peptide_id=40938&scanf=5301&charge=2&value=0,K.DLEDTEANKEK.N,/core/www/modules/show_out/show_out_wrapper.php?run_id=110202&search_id=114132&scans_id=110198&peptide_id=40938&scanf=5301&charge=2&value=K.DLEDTEANKEK.N,SMC3,1.945e+6,2.832,0.007,2.161,0.000
5305,2,"  2.035","  0.639",9/26,/core/www/modules//sdig/index.php?run_id=110202&search_id=114132&scans_id=110198&peptide_id=40942&scanf=5305&charge=2&value=9/26,sp|O95707|RPP29_HUMAN,/core/www/modules//consensus/?run_id=110202&search_id=114132&scans_id=110198&peptide_id=40942&scanf=5305&charge=2&value=sp|O95707|RPP29_HUMAN,3,/core/www/modules/match_peptides/blast_html4.php?run_id=110202&search_id=114132&scans_id=110198&peptide_id=40942&scanf=5305&charge=2&value=3,K.EANDSDVQPSGAQR.A,/core/www/modules/show_out/show_out_wrapper.php?run_id=110202&search_id=114132&scans_id=110198&peptide_id=40942&scanf=5305&charge=2&value=K.EANDSDVQPSGAQR.A,POP4,2.330e+5,3.142,0.002,2.617,0.000
5310,2,"  1.826","  0.234",9/22,/core/www/modules//sdig/index.php?run_id=110202&search_id=114132&scans_id=110198&peptide_id=40947&scanf=5310&charge=2&value=9/22,sp|P19338|NUCL_HUMAN,/core/www/modules//consensus/?run_id=110202&search_id=114132&scans_id=110198&peptide_id=40947&scanf=5310&charge=2&value=sp|P19338|NUCL_HUMAN,5,/core/www/modules/match_peptides/blast_html4.php?run_id=110202&search_id=114132&scans_id=110198&peptide_id=40947&scanf=5310&charge=2&value=5,K.EAM*EDGEIDGNK.V,/core/www/modules/show_out/show_out_wrapper.php?run_id=110202&search_id=114132&scans_id=110198&peptide_id=40947&scanf=5310&charge=2&value=K.EAM*EDGEIDGNK.V,NCL,2.025e+6,2.078,0.084,1.077,0.003
5327,2,"  1.790","  0.294",7/16,/core/www/modules//sdig/index.php?run_id=110202&search_id=114132&scans_id=110198&peptide_id=40963&scanf=5327&charge=2&value=7/16,sp|P43243|MATR3_HUMAN,/core/www/modules//consensus/?run_id=110202&search_id=114132&scans_id=110198&peptide_id=40963&scanf=5327&charge=2&value=sp|P43243|MATR3_HUMAN,4,/core/www/modules/match_peptides/blast_html4.php?run_id=110202&search_id=114132&scans_id=110198&peptide_id=40963&scanf=5327&charge=2&value=4,R.SQESGYYDR.M,/core/www/modules/show_out/show_out_wrapper.php?run_id=110202&search_id=114132&scans_id=110198&peptide_id=40963&scanf=5327&charge=2&value=R.SQESGYYDR.M,MATR3,4.658e+6,2.395,0.030,1.522,0.001
5338,2,"  2.120","  0.333",10/14,/core/www/modules//sdig/index.php?run_id=110202&search_id=114132&scans_id=110198&peptide_id=40973&scanf=5338&charge=2&value=10/14,sp|P62917|RL8_HUMAN,/core/www/modules//consensus/?run_id=110202&search_id=114132&scans_id=110198&peptide_id=40973&scanf=5338&charge=2&value=sp|P62917|RL8_HUMAN,4,/core/www/modules/match_peptides/blast_html4.php?run_id=110202&search_id=114132&scans_id=110198&peptide_id=40973&scanf=5338&charge=2&value=4,R.KGAGSVFR.A,/core/www/modules/show_out/show_out_wrapper.php?run_id=110202&search_id=114132&scans_id=110198&peptide_id=40973&scanf=5338&charge=2&value=R.KGAGSVFR.A,RPL8,6.626e+6,2.642,0.013,1.881,0.000
5340,2,"  1.776","  0.291",8/14,/core/www/modules//sdig/index.php?run_id=110202&search_id=114132&scans_id=110198&peptide_id=40975&scanf=5340&charge=2&value=8/14,sp|P52272|HNRPM_HUMAN,/core/www/modules//consensus/?run_id=110202&search_id=114132&scans_id=110198&peptide_id=40975&scanf=5340&charge=2&value=sp|P52272|HNRPM_HUMAN,5,/core/www/modules/match_peptides/blast_html4.php?run_id=110202&search_id=114132&scans_id=110198&peptide_id=40975&scanf=5340&charge=2&value=5,R.M*GANSLER.M,/core/www/modules/show_out/show_out_wrapper.php?run_id=110202&search_id=114132&scans_id=110198&peptide_id=40975&scanf=5340&charge=2&value=R.M*GANSLER.M,HNRNPM,7.532e+5,2.805,0.008,2.121,0.000
5342,2,"  1.827","  0.180",7/14,/core/www/modules//sdig/index.php?run_id=110202&search_id=114132&scans_id=110198&peptide_id=40977&scanf=5342&charge=2&value=7/14,sp|Q8TAQ2|SMRC2_HUMAN,/core/www/modules//consensus/?run_id=110202&search_id=114132&scans_id=110198&peptide_id=40977&scanf=5342&charge=2&value=sp|Q8TAQ2|SMRC2_HUMAN,2,/core/www/modules/match_peptides/blast_html4.php?run_id=110202&search_id=114132&scans_id=110198&peptide_id=40977&scanf=5342&charge=2&value=2,K.HLAAVEER.K,/core/www/modules/show_out/show_out_wrapper.php?run_id=110202&search_id=114132&scans_id=110198&peptide_id=40977&scanf=5342&charge=2&value=K.HLAAVEER.K,SMARCC2,4.480e+6,2.280,0.044,1.359,0.001
5357,2,"  1.778","  0.279",9/20,/core/www/modules//sdig/index.php?run_id=110202&search_id=114132&scans_id=110198&peptide_id=40992&scanf=5357&charge=2&value=9/20,sp|O43399|TPD54_HUMAN,/core/www/modules//consensus/?run_id=110202&search_id=114132&scans_id=110198&peptide_id=40992&scanf=5357&charge=2&value=sp|O43399|TPD54_HUMAN,1,/core/www/modules/match_peptides/blast_html4.php?run_id=110202&search_id=114132&scans_id=110198&peptide_id=40992&scanf=5357&charge=2&value=1,K.TQETLSQAGQK.T,/core/www/modules/show_out/show_out_wrapper.php?run_id=110202&search_id=114132&scans_id=110198&peptide_id=40992&scanf=5357&charge=2&value=K.TQETLSQAGQK.T,TPD52L2,1.504e+5,2.210,0.055,1.259,0.002
5359,2,"  1.569","  0.530",7/14,/core/www/modules//sdig/index.php?run_id=110202&search_id=114132&scans_id=110198&peptide_id=40993&scanf=5359&charge=2&value=7/14,sp|P38159|RBMX_HUMAN,/core/www/modules//consensus/?run_id=110202&search_id=114132&scans_id=110198&peptide_id=40993&scanf=5359&charge=2&value=sp|P38159|RBMX_HUMAN,4,/core/www/modules/match_peptides/blast_html4.php?run_id=110202&search_id=114132&scans_id=110198&peptide_id=40993&scanf=5359&charge=2&value=4,R.DSYGGPPR.R,/core/www/modules/show_out/show_out_wrapper.php?run_id=110202&search_id=114132&scans_id=110198&peptide_id=40993&scanf=5359&charge=2&value=R.DSYGGPPR.R,RBMX,1.934e+7,3.445,0.001,3.067,0.000
5360,2,"  2.022","  0.128",10/14,/core/www/modules//sdig/index.php?run_id=110202&search_id=114132&scans_id=110198&peptide_id=40994&scanf=5360&charge=2&value=10/14,sp|Q9NR30|DDX21_HUMAN,/core/www/modules//consensus/?run_id=110202&search_id=114132&scans_id=110198&peptide_id=40994&scanf=5360&charge=2&value=sp|Q9NR30|DDX21_HUMAN,4,/core/www/modules/match_peptides/blast_html4.php?run_id=110202&search_id=114132&scans_id=110198&peptide_id=40994&scanf=5360&charge=2&value=4,R.ELANQVSK.D,/core/www/modules/show_out/show_out_wrapper.php?run_id=110202&search_id=114132&scans_id=110198&peptide_id=40994&scanf=5360&charge=2&value=R.ELANQVSK.D,DDX21,8.668e+6,2.392,0.030,1.518,0.001
5364,3,"  2.607","  0.319",10/48,/core/www/modules//sdig/index.php?run_id=110202&search_id=114132&scans_id=110198&peptide_id=40998&scanf=5364&charge=3&value=10/48,sp|Q9NR30|DDX21_HUMAN,/core/www/modules//consensus/?run_id=110202&search_id=114132&scans_id=110198&peptide_id=40998&scanf=5364&charge=3&value=sp|Q9NR30|DDX21_HUMAN,4,/core/www/modules/match_peptides/blast_html4.php?run_id=110202&search_id=114132&scans_id=110198&peptide_id=40998&scanf=5364&charge=3&value=4,K.KKEEPSQNDISPK.T,/core/www/modules/show_out/show_out_wrapper.php?run_id=110202&search_id=114132&scans_id=110198&peptide_id=40998&scanf=5364&charge=3&value=K.KKEEPSQNDISPK.T,DDX21,1.217e+6,2.021,0.100,1.001,0.005
5367,2,"  1.830","  0.562",12/26,/core/www/modules//sdig/index.php?run_id=110202&search_id=114132&scans_id=110198&peptide_id=41001&scanf=5367&charge=2&value=12/26,sp|Q03252|LMNB2_HUMAN,/core/www/modules//consensus/?run_id=110202&search_id=114132&scans_id=110198&peptide_id=41001&scanf=5367&charge=2&value=sp|Q03252|LMNB2_HUMAN,0,/core/www/modules/match_peptides/blast_html4.php?run_id=110202&search_id=114132&scans_id=110198&peptide_id=41001&scanf=5367&charge=2&value=0,R.ATSSSSGSLSATGR.L,/core/www/modules/show_out/show_out_wrapper.php?run_id=110202&search_id=114132&scans_id=110198&peptide_id=41001&scanf=5367&charge=2&value=R.ATSSSSGSLSATGR.L,LMNB2,6.652e+5,3.112,0.003,2.574,0.000
5368,2,"  2.531","  0.315",15/20,/core/www/modules//sdig/index.php?run_id=110202&search_id=114132&scans_id=110198&peptide_id=41002&scanf=5368&charge=2&value=15/20,sp|Q13428|TCOF_HUMAN,/core/www/modules//consensus/?run_id=110202&search_id=114132&scans_id=110198&peptide_id=41002&scanf=5368&charge=2&value=sp|Q13428|TCOF_HUMAN,6,/core/www/modules/match_peptides/blast_html4.php?run_id=110202&search_id=114132&scans_id=110198&peptide_id=41002&scanf=5368&charge=2&value=6,R.KAEEDAALQAK.K,/core/www/modules/show_out/show_out_wrapper.php?run_id=110202&search_id=114132&scans_id=110198&peptide_id=41002&scanf=5368&charge=2&value=R.KAEEDAALQAK.K,TCOF1,4.208e+5,2.576,0.016,1.785,0.000
5372,2,"  1.694","  0.427",7/12,/core/www/modules//sdig/index.php?run_id=110202&search_id=114132&scans_id=110198&peptide_id=41006&scanf=5372&charge=2&value=7/12,sp|Q96KR1|ZFR_HUMAN,/core/www/modules//consensus/?run_id=110202&search_id=114132&scans_id=110198&peptide_id=41006&scanf=5372&charge=2&value=sp|Q96KR1|ZFR_HUMAN,0,/core/www/modules/match_peptides/blast_html4.php?run_id=110202&search_id=114132&scans_id=110198&peptide_id=41006&scanf=5372&charge=2&value=0,R.FNIHNNR.K,/core/www/modules/show_out/show_out_wrapper.php?run_id=110202&search_id=114132&scans_id=110198&peptide_id=41006&scanf=5372&charge=2&value=R.FNIHNNR.K,ZFR,1.300e+8,3.040,0.003,2.466,0.000
5375,2,"  2.091","  0.606",9/20,/core/www/modules//sdig/index.php?run_id=110202&search_id=114132&scans_id=110198&peptide_id=41009&scanf=5375&charge=2&value=9/20,sp|P60709|ACTB_HUMAN,/core/www/modules//consensus/?run_id=110202&search_id=114132&scans_id=110198&peptide_id=41009&scanf=5375&charge=2&value=sp|P60709|ACTB_HUMAN,27,/core/www/modules/match_peptides/blast_html4.php?run_id=110202&search_id=114132&scans_id=110198&peptide_id=41009&scanf=5375&charge=2&value=27,K.DSYVGDEAQSK.R,/core/www/modules/show_out/show_out_wrapper.php?run_id=110202&search_id=114132&scans_id=110198&peptide_id=41009&scanf=5375&charge=2&value=K.DSYVGDEAQSK.R,ACTB,9.353e+5,3.840,0.000,3.652,0.000
5381,2,"  1.915","  0.339",9/18,/core/www/modules//sdig/index.php?run_id=110202&search_id=114132&scans_id=110198&peptide_id=41014&scanf=5381&charge=2&value=9/18,sp|Q15428|SF3A2_HUMAN,/core/www/modules//consensus/?run_id=110202&search_id=114132&scans_id=110198&peptide_id=41014&scanf=5381&charge=2&value=sp|Q15428|SF3A2_HUMAN,1,/core/www/modules/match_peptides/blast_html4.php?run_id=110202&search_id=114132&scans_id=110198&peptide_id=41014&scanf=5381&charge=2&value=1,K.EAPAQPAPEK.V,/core/www/modules/show_out/show_out_wrapper.php?run_id=110202&search_id=114132&scans_id=110198&peptide_id=41014&scanf=5381&charge=2&value=K.EAPAQPAPEK.V,SF3A2,1.731e+6,2.462,0.024,1.619,0.001
5383,2,"  2.398","  0.480",10/18,/core/www/modules//sdig/index.php?run_id=110202&search_id=114132&scans_id=110198&peptide_id=41016&scanf=5383&charge=2&value=10/18,sp|Q15149|PLEC_HUMAN,/core/www/modules//consensus/?run_id=110202&search_id=114132&scans_id=110198&peptide_id=41016&scanf=5383&charge=2&value=sp|Q15149|PLEC_HUMAN,5,/core/www/modules/match_peptides/blast_html4.php?run_id=110202&search_id=114132&scans_id=110198&peptide_id=41016&scanf=5383&charge=2&value=5,R.NDDIADGNPK.L,/core/www/modules/show_out/show_out_wrapper.php?run_id=110202&search_id=114132&scans_id=110198&peptide_id=41016&scanf=5383&charge=2&value=R.NDDIADGNPK.L,PLEC,5.113e+5,3.669,0.000,3.399,0.000
5385,3,"  1.797","  0.318",8/36,/core/www/modules//sdig/index.php?run_id=110202&search_id=114132&scans_id=110198&peptide_id=41018&scanf=5385&charge=3&value=8/36,sp|P14866|HNRPL_HUMAN,/core/www/modules//consensus/?run_id=110202&search_id=114132&scans_id=110198&peptide_id=41018&scanf=5385&charge=3&value=sp|P14866|HNRPL_HUMAN,2,/core/www/modules/match_peptides/blast_html4.php?run_id=110202&search_id=114132&scans_id=110198&peptide_id=41018&scanf=5385&charge=3&value=2,R.RMGPPVGGHR.R,/core/www/modules/show_out/show_out_wrapper.php?run_id=110202&search_id=114132&scans_id=110198&peptide_id=41018&scanf=5385&charge=3&value=R.RMGPPVGGHR.R,HNRNPL,5.701e+6,2.356,0.034,1.466,0.001
5401,2,"  1.626","  0.379",9/16,/core/www/modules//sdig/index.php?run_id=110202&search_id=114132&scans_id=110198&peptide_id=41033&scanf=5401&charge=2&value=9/16,sp|Q8TF72|SHRM3_HUMAN,/core/www/modules//consensus/?run_id=110202&search_id=114132&scans_id=110198&peptide_id=41033&scanf=5401&charge=2&value=sp|Q8TF72|SHRM3_HUMAN,1,/core/www/modules/match_peptides/blast_html4.php?run_id=110202&search_id=114132&scans_id=110198&peptide_id=41033&scanf=5401&charge=2&value=1,R.SSPATADKR.Q,/core/www/modules/show_out/show_out_wrapper.php?run_id=110202&search_id=114132&scans_id=110198&peptide_id=41033&scanf=5401&charge=2&value=R.SSPATADKR.Q,SHROOM3,1.068e+7,2.489,0.022,1.658,0.001
5412,2,"  1.568","  0.270",7/14,/core/www/modules//sdig/index.php?run_id=110202&search_id=114132&scans_id=110198&peptide_id=41044&scanf=5412&charge=2&value=7/14,sp|P39023|RL3_HUMAN,/core/www/modules//consensus/?run_id=110202&search_id=114132&scans_id=110198&peptide_id=41044&scanf=5412&charge=2&value=sp|P39023|RL3_HUMAN,4,/core/www/modules/match_peptides/blast_html4.php?run_id=110202&search_id=114132&scans_id=110198&peptide_id=41044&scanf=5412&charge=2&value=4,R.VIAHTQMR.L,/core/www/modules/show_out/show_out_wrapper.php?run_id=110202&search_id=114132&scans_id=110198&peptide_id=41044&scanf=5412&charge=2&value=R.VIAHTQMR.L,RPL3,7.569e+6,2.359,0.034,1.471,0.001
5426,3,"  2.333","  0.164",10/40,/core/www/modules//sdig/index.php?run_id=110202&search_id=114132&scans_id=110198&peptide_id=41057&scanf=5426&charge=3&value=10/40,sp|P78316|NOP14_HUMAN,/core/www/modules//consensus/?run_id=110202&search_id=114132&scans_id=110198&peptide_id=41057&scanf=5426&charge=3&value=sp|P78316|NOP14_HUMAN,1,/core/www/modules/match_peptides/blast_html4.php?run_id=110202&search_id=114132&scans_id=110198&peptide_id=41057&scanf=5426&charge=3&value=1,R.APTSTEANHIR.L,/core/www/modules/show_out/show_out_wrapper.php?run_id=110202&search_id=114132&scans_id=110198&peptide_id=41057&scanf=5426&charge=3&value=R.APTSTEANHIR.L,NOP14,6.505e+5,2.043,0.093,1.030,0.004
5428,2,"  1.593","  0.223",8/16,/core/www/modules//sdig/index.php?run_id=110202&search_id=114132&scans_id=110198&peptide_id=41059&scanf=5428&charge=2&value=8/16,sp|P62995|TRA2B_HUMAN,/core/www/modules//consensus/?run_id=110202&search_id=114132&scans_id=110198&peptide_id=41059&scanf=5428&charge=2&value=sp|P62995|TRA2B_HUMAN,2,/core/www/modules/match_peptides/blast_html4.php?run_id=110202&search_id=114132&scans_id=110198&peptide_id=41059&scanf=5428&charge=2&value=2,R.ANGM*ELDGR.R,/core/www/modules/show_out/show_out_wrapper.php?run_id=110202&search_id=114132&scans_id=110198&peptide_id=41059&scanf=5428&charge=2&value=R.ANGM*ELDGR.R,TRA2B,3.837e+5,2.123,0.073,1.139,0.002
5437,2,"  1.013","  0.129",5/14,/core/www/modules//sdig/index.php?run_id=110202&search_id=114132&scans_id=110198&peptide_id=41068&scanf=5437&charge=2&value=5/14,sp|P61978|HNRPK_HUMAN,/core/www/modules//consensus/?run_id=110202&search_id=114132&scans_id=110198&peptide_id=41068&scanf=5437&charge=2&value=sp|P61978|HNRPK_HUMAN,1,/core/www/modules/match_peptides/blast_html4.php?run_id=110202&search_id=114132&scans_id=110198&peptide_id=41068&scanf=5437&charge=2&value=1,R.DYDDM*SPR.R,/core/www/modules/show_out/show_out_wrapper.php?run_id=110202&search_id=114132&scans_id=110198&peptide_id=41068&scanf=5437&charge=2&value=R.DYDDM*SPR.R,HNRNPK,1.873e+6,1.846,0.168,0.775,0.009
5443,2,"  1.713","  0.492",8/14,/core/www/modules//sdig/index.php?run_id=110202&search_id=114132&scans_id=110198&peptide_id=41073&scanf=5443&charge=2&value=8/14,sp|P78527|PRKDC_HUMAN,/core/www/modules//consensus/?run_id=110202&search_id=114132&scans_id=110198&peptide_id=41073&scanf=5443&charge=2&value=sp|P78527|PRKDC_HUMAN,0,/core/www/modules/match_peptides/blast_html4.php?run_id=110202&search_id=114132&scans_id=110198&peptide_id=41073&scanf=5443&charge=2&value=0,K.GIAPGDER.Q,/core/www/modules/show_out/show_out_wrapper.php?run_id=110202&search_id=114132&scans_id=110198&peptide_id=41073&scanf=5443&charge=2&value=K.GIAPGDER.Q,PRKDC,6.504e+6,4.048,0.000,3.960,0.000
5445,2,"  1.913","  0.368",9/14,/core/www/modules//sdig/index.php?run_id=110202&search_id=114132&scans_id=110198&peptide_id=41075&scanf=5445&charge=2&value=9/14,sp|P14625|ENPL_HUMAN,/core/www/modules//consensus/?run_id=110202&search_id=114132&scans_id=110198&peptide_id=41075&scanf=5445&charge=2&value=sp|P14625|ENPL_HUMAN,8,/core/www/modules/match_peptides/blast_html4.php?run_id=110202&search_id=114132&scans_id=110198&peptide_id=41075&scanf=5445&charge=2&value=8,K.EVEEDEYK.A,/core/www/modules/show_out/show_out_wrapper.php?run_id=110202&search_id=114132&scans_id=110198&peptide_id=41075&scanf=5445&charge=2&value=K.EVEEDEYK.A,HSP90B1,4.144e+6,3.029,0.004,2.451,0.000
5448,2,"  2.012","  0.426",10/16,/core/www/modules//sdig/index.php?run_id=110202&search_id=114132&scans_id=110198&peptide_id=41078&scanf=5448&charge=2&value=10/16,sp|O94906|PRP6_HUMAN,/core/www/modules//consensus/?run_id=110202&search_id=114132&scans_id=110198&peptide_id=41078&scanf=5448&charge=2&value=sp|O94906|PRP6_HUMAN,0,/core/www/modules/match_peptides/blast_html4.php?run_id=110202&search_id=114132&scans_id=110198&peptide_id=41078&scanf=5448&charge=2&value=0,R.DANDPVDDR.H,/core/www/modules/show_out/show_out_wrapper.php?run_id=110202&search_id=114132&scans_id=110198&peptide_id=41078&scanf=5448&charge=2&value=R.DANDPVDDR.H,PRPF6,1.880e+6,3.170,0.002,2.659,0.000
5454,2,"  2.430","  0.343",11/22,/core/www/modules//sdig/index.php?run_id=110202&search_id=114132&scans_id=110198&peptide_id=41084&scanf=5454&charge=2&value=11/22,sp|Q9GZS1|RPA49_HUMAN,/core/www/modules//consensus/?run_id=110202&search_id=114132&scans_id=110198&peptide_id=41084&scanf=5454&charge=2&value=sp|Q9GZS1|RPA49_HUMAN,0,/core/www/modules/match_peptides/blast_html4.php?run_id=110202&search_id=114132&scans_id=110198&peptide_id=41084&scanf=5454&charge=2&value=0,R.VSVAAGSEEDHK.L,/core/www/modules/show_out/show_out_wrapper.php?run_id=110202&search_id=114132&scans_id=110198&peptide_id=41084&scanf=5454&charge=2&value=R.VSVAAGSEEDHK.L,POLR1E,1.375e+6,2.548,0.018,1.743,0.000
5459,2,"  2.395","  0.463",14/24,/core/www/modules//sdig/index.php?run_id=110202&search_id=114132&scans_id=110198&peptide_id=41089&scanf=5459&charge=2&value=14/24,sp|P62195|PRS8_HUMAN,/core/www/modules//consensus/?run_id=110202&search_id=114132&scans_id=110198&peptide_id=41089&scanf=5459&charge=2&value=sp|P62195|PRS8_HUMAN,1,/core/www/modules/match_peptides/blast_html4.php?run_id=110202&search_id=114132&scans_id=110198&peptide_id=41089&scanf=5459&charge=2&value=1,R.LEGGSGGDSEVQR.T,/core/www/modules/show_out/show_out_wrapper.php?run_id=110202&search_id=114132&scans_id=110198&peptide_id=41089&scanf=5459&charge=2&value=R.LEGGSGGDSEVQR.T,PSMC5,1.267e+6,3.074,0.003,2.518,0.000
5468,2,"  1.449","  0.171",7/14,/core/www/modules//sdig/index.php?run_id=110202&search_id=114132&scans_id=110198&peptide_id=41097&scanf=5468&charge=2&value=7/14,sp|P39023|RL3_HUMAN,/core/www/modules//consensus/?run_id=110202&search_id=114132&scans_id=110198&peptide_id=41097&scanf=5468&charge=2&value=sp|P39023|RL3_HUMAN,4,/core/www/modules/match_peptides/blast_html4.php?run_id=110202&search_id=114132&scans_id=110198&peptide_id=41097&scanf=5468&charge=2&value=4,R.VIAHTQMR.L,/core/www/modules/show_out/show_out_wrapper.php?run_id=110202&search_id=114132&scans_id=110198&peptide_id=41097&scanf=5468&charge=2&value=R.VIAHTQMR.L,RPL3,8.262e+6,1.981,0.113,0.947,0.005
5475,3,"  2.007","  0.375",15/44,/core/www/modules//sdig/index.php?run_id=110202&search_id=114132&scans_id=110198&peptide_id=41104&scanf=5475&charge=3&value=15/44,sp|Q53GS9|SNUT2_HUMAN,/core/www/modules//consensus/?run_id=110202&search_id=114132&scans_id=110198&peptide_id=41104&scanf=5475&charge=3&value=sp|Q53GS9|SNUT2_HUMAN,2,/core/www/modules/match_peptides/blast_html4.php?run_id=110202&search_id=114132&scans_id=110198&peptide_id=41104&scanf=5475&charge=3&value=2,R.EREVDEDSEPER.E,/core/www/modules/show_out/show_out_wrapper.php?run_id=110202&search_id=114132&scans_id=110198&peptide_id=41104&scanf=5475&charge=3&value=R.EREVDEDSEPER.E,USP39,3.292e+5,2.579,0.016,1.788,0.000
5476,2,"  2.072","  0.614",7/26,/core/www/modules//sdig/index.php?run_id=110202&search_id=114132&scans_id=110198&peptide_id=41105&scanf=5476&charge=2&value=7/26,sp|P11142|HSP7C_HUMAN,/core/www/modules//consensus/?run_id=110202&search_id=114132&scans_id=110198&peptide_id=41105&scanf=5476&charge=2&value=sp|P11142|HSP7C_HUMAN,5,/core/www/modules/match_peptides/blast_html4.php?run_id=110202&search_id=114132&scans_id=110198&peptide_id=41105&scanf=5476&charge=2&value=5,K.NQTAEKEEFEHQQK.E,/core/www/modules/show_out/show_out_wrapper.php?run_id=110202&search_id=114132&scans_id=110198&peptide_id=41105&scanf=5476&charge=2&value=K.NQTAEKEEFEHQQK.E,HSPA8,1.984e+5,2.765,0.009,2.062,0.000
5480,2,"  2.078","  0.465",9/18,/core/www/modules//sdig/index.php?run_id=110202&search_id=114132&scans_id=110198&peptide_id=41109&scanf=5480&charge=2&value=9/18,sp|P78527|PRKDC_HUMAN,/core/www/modules//consensus/?run_id=110202&search_id=114132&scans_id=110198&peptide_id=41109&scanf=5480&charge=2&value=sp|P78527|PRKDC_HUMAN,0,/core/www/modules/match_peptides/blast_html4.php?run_id=110202&search_id=114132&scans_id=110198&peptide_id=41109&scanf=5480&charge=2&value=0,K.SM*EEDPQTSR.E,/core/www/modules/show_out/show_out_wrapper.php?run_id=110202&search_id=114132&scans_id=110198&peptide_id=41109&scanf=5480&charge=2&value=K.SM*EEDPQTSR.E,PRKDC,7.186e+5,3.800,0.000,3.593,0.000
5486,2,"  1.509","  0.186",5/12,/core/www/modules//sdig/index.php?run_id=110202&search_id=114132&scans_id=110198&peptide_id=41114&scanf=5486&charge=2&value=5/12,sp|Q9UQE7|SMC3_HUMAN,/core/www/modules//consensus/?run_id=110202&search_id=114132&scans_id=110198&peptide_id=41114&scanf=5486&charge=2&value=sp|Q9UQE7|SMC3_HUMAN,0,/core/www/modules/match_peptides/blast_html4.php?run_id=110202&search_id=114132&scans_id=110198&peptide_id=41114&scanf=5486&charge=2&value=0,K.HNVIVGR.N,/core/www/modules/show_out/show_out_wrapper.php?run_id=110202&search_id=114132&scans_id=110198&peptide_id=41114&scanf=5486&charge=2&value=K.HNVIVGR.N,SMC3,1.656e+6,2.161,0.064,1.192,0.002
5487,2,"  2.343","  0.438",11/16,/core/www/modules//sdig/index.php?run_id=110202&search_id=114132&scans_id=110198&peptide_id=41115&scanf=5487&charge=2&value=11/16,sp|P06733|ENOA_HUMAN,/core/www/modules//consensus/?run_id=110202&search_id=114132&scans_id=110198&peptide_id=41115&scanf=5487&charge=2&value=sp|P06733|ENOA_HUMAN,4,/core/www/modules/match_peptides/blast_html4.php?run_id=110202&search_id=114132&scans_id=110198&peptide_id=41115&scanf=5487&charge=2&value=4,K.KLNVTEQEK.I,/core/www/modules/show_out/show_out_wrapper.php?run_id=110202&search_id=114132&scans_id=110198&peptide_id=41115&scanf=5487&charge=2&value=K.KLNVTEQEK.I,ENO1,1.400e+6,2.954,0.005,2.340,0.000
5490,2,"  1.554","  0.516",10/20,/core/www/modules//sdig/index.php?run_id=110202&search_id=114132&scans_id=110198&peptide_id=41118&scanf=5490&charge=2&value=10/20,sp|P60709|ACTB_HUMAN,/core/www/modules//consensus/?run_id=110202&search_id=114132&scans_id=110198&peptide_id=41118&scanf=5490&charge=2&value=sp|P60709|ACTB_HUMAN,26,/core/www/modules/match_peptides/blast_html4.php?run_id=110202&search_id=114132&scans_id=110198&peptide_id=41118&scanf=5490&charge=2&value=26,R.HQGVM*VGM*GQK.D,/core/www/modules/show_out/show_out_wrapper.php?run_id=110202&search_id=114132&scans_id=110198&peptide_id=41118&scanf=5490&charge=2&value=R.HQGVM*VGM*GQK.D,ACTB,5.354e+6,3.602,0.001,3.299,0.000
5496,2,"  1.970","  0.357",10/20,/core/www/modules//sdig/index.php?run_id=110202&search_id=114132&scans_id=110198&peptide_id=41124&scanf=5496&charge=2&value=10/20,sp|P18583|SON_HUMAN,/core/www/modules//consensus/?run_id=110202&search_id=114132&scans_id=110198&peptide_id=41124&scanf=5496&charge=2&value=sp|P18583|SON_HUMAN,0,/core/www/modules/match_peptides/blast_html4.php?run_id=110202&search_id=114132&scans_id=110198&peptide_id=41124&scanf=5496&charge=2&value=0,K.SVESTSPEPSK.I,/core/www/modules/show_out/show_out_wrapper.php?run_id=110202&search_id=114132&scans_id=110198&peptide_id=41124&scanf=5496&charge=2&value=K.SVESTSPEPSK.I,SON,8.386e+5,2.630,0.014,1.863,0.000
5506,2,"  2.330","  0.229",8/12,/core/www/modules//sdig/index.php?run_id=110202&search_id=114132&scans_id=110198&peptide_id=41133&scanf=5506&charge=2&value=8/12,sp|P38159|RBMX_HUMAN,/core/www/modules//consensus/?run_id=110202&search_id=114132&scans_id=110198&peptide_id=41133&scanf=5506&charge=2&value=sp|P38159|RBMX_HUMAN,4,/core/www/modules/match_peptides/blast_html4.php?run_id=110202&search_id=114132&scans_id=110198&peptide_id=41133&scanf=5506&charge=2&value=4,R.REPLPSR.R,/core/www/modules/show_out/show_out_wrapper.php?run_id=110202&search_id=114132&scans_id=110198&peptide_id=41133&scanf=5506&charge=2&value=R.REPLPSR.R,RBMX,2.833e+7,2.482,0.022,1.648,0.001
5507,2,"  1.762","  0.124",6/14,/core/www/modules//sdig/index.php?run_id=110202&search_id=114132&scans_id=110198&peptide_id=41134&scanf=5507&charge=2&value=6/14,sp|P55072|TERA_HUMAN,/core/www/modules//consensus/?run_id=110202&search_id=114132&scans_id=110198&peptide_id=41134&scanf=5507&charge=2&value=sp|P55072|TERA_HUMAN,6,/core/www/modules/match_peptides/blast_html4.php?run_id=110202&search_id=114132&scans_id=110198&peptide_id=41134&scanf=5507&charge=2&value=6,R.SVSDNDIR.K,/core/www/modules/show_out/show_out_wrapper.php?run_id=110202&search_id=114132&scans_id=110198&peptide_id=41134&scanf=5507&charge=2&value=R.SVSDNDIR.K,VCP,3.514e+6,1.924,0.134,0.873,0.007
5508,2,"  1.673","  0.357",9/12,/core/www/modules//sdig/index.php?run_id=110202&search_id=114132&scans_id=110198&peptide_id=41135&scanf=5508&charge=2&value=9/12,sp|Q9BUJ2|HNRL1_HUMAN,/core/www/modules//consensus/?run_id=110202&search_id=114132&scans_id=110198&peptide_id=41135&scanf=5508&charge=2&value=sp|Q9BUJ2|HNRL1_HUMAN,4,/core/www/modules/match_peptides/blast_html4.php?run_id=110202&search_id=114132&scans_id=110198&peptide_id=41135&scanf=5508&charge=2&value=4,R.FENYGDK.F,/core/www/modules/show_out/show_out_wrapper.php?run_id=110202&search_id=114132&scans_id=110198&peptide_id=41135&scanf=5508&charge=2&value=R.FENYGDK.F,HNRNPUL1,3.590e+6,3.137,0.002,2.610,0.000
5517,2,"  1.266","  0.201",5/16,/core/www/modules//sdig/index.php?run_id=110202&search_id=114132&scans_id=110198&peptide_id=41144&scanf=5517&charge=2&value=5/16,sp|O94906|PRP6_HUMAN,/core/www/modules//consensus/?run_id=110202&search_id=114132&scans_id=110198&peptide_id=41144&scanf=5517&charge=2&value=sp|O94906|PRP6_HUMAN,0,/core/www/modules/match_peptides/blast_html4.php?run_id=110202&search_id=114132&scans_id=110198&peptide_id=41144&scanf=5517&charge=2&value=0,R.DANDPVDDR.H,/core/www/modules/show_out/show_out_wrapper.php?run_id=110202&search_id=114132&scans_id=110198&peptide_id=41144&scanf=5517&charge=2&value=R.DANDPVDDR.H,PRPF6,1.880e+6,1.870,0.157,0.805,0.008
5530,2,"  1.420","  0.301",8/16,/core/www/modules//sdig/index.php?run_id=110202&search_id=114132&scans_id=110198&peptide_id=41156&scanf=5530&charge=2&value=8/16,sp|Q07955|SRSF1_HUMAN,/core/www/modules//consensus/?run_id=110202&search_id=114132&scans_id=110198&peptide_id=41156&scanf=5530&charge=2&value=sp|Q07955|SRSF1_HUMAN,2,/core/www/modules/match_peptides/blast_html4.php?run_id=110202&search_id=114132&scans_id=110198&peptide_id=41156&scanf=5530&charge=2&value=2,R.KEDM*TYAVR.K,/core/www/modules/show_out/show_out_wrapper.php?run_id=110202&search_id=114132&scans_id=110198&peptide_id=41156&scanf=5530&charge=2&value=R.KEDM*TYAVR.K,SRSF1,4.929e+5,2.215,0.054,1.267,0.002
5531,2,"  1.107","  0.231",7/20,/core/www/modules//sdig/index.php?run_id=110202&search_id=114132&scans_id=110198&peptide_id=41157&scanf=5531&charge=2&value=7/20,sp|P78316|NOP14_HUMAN,/core/www/modules//consensus/?run_id=110202&search_id=114132&scans_id=110198&peptide_id=41157&scanf=5531&charge=2&value=sp|P78316|NOP14_HUMAN,1,/core/www/modules/match_peptides/blast_html4.php?run_id=110202&search_id=114132&scans_id=110198&peptide_id=41157&scanf=5531&charge=2&value=1,R.APTSTEANHIR.L,/core/www/modules/show_out/show_out_wrapper.php?run_id=110202&search_id=114132&scans_id=110198&peptide_id=41157&scanf=5531&charge=2&value=R.APTSTEANHIR.L,NOP14,2.479e+5,1.892,0.147,0.832,0.007
5532,2,"  1.736","  0.348",8/26,/core/www/modules//sdig/index.php?run_id=110202&search_id=114132&scans_id=110198&peptide_id=41158&scanf=5532&charge=2&value=8/26,sp|Q9BU76|MMTA2_HUMAN,/core/www/modules//consensus/?run_id=110202&search_id=114132&scans_id=110198&peptide_id=41158&scanf=5532&charge=2&value=sp|Q9BU76|MMTA2_HUMAN,0,/core/www/modules/match_peptides/blast_html4.php?run_id=110202&search_id=114132&scans_id=110198&peptide_id=41158&scanf=5532&charge=2&value=0,R.VESGGPGTSAASAR.R,/core/www/modules/show_out/show_out_wrapper.php?run_id=110202&search_id=114132&scans_id=110198&peptide_id=41158&scanf=5532&charge=2&value=R.VESGGPGTSAASAR.R,MMTAG2,3.464e+5,2.128,0.072,1.146,0.002
5548,2,"  2.722","  0.363",14/16,/core/www/modules//sdig/index.php?run_id=110202&search_id=114132&scans_id=110198&peptide_id=41173&scanf=5548&charge=2&value=14/16,sp|P22087|FBRL_HUMAN,/core/www/modules//consensus/?run_id=110202&search_id=114132&scans_id=110198&peptide_id=41173&scanf=5548&charge=2&value=sp|P22087|FBRL_HUMAN,7,/core/www/modules/match_peptides/blast_html4.php?run_id=110202&search_id=114132&scans_id=110198&peptide_id=41173&scanf=5548&charge=2&value=7,R.GKEDALVTK.N,/core/www/modules/show_out/show_out_wrapper.php?run_id=110202&search_id=114132&scans_id=110198&peptide_id=41173&scanf=5548&charge=2&value=R.GKEDALVTK.N,FBL,1.264e+7,3.041,0.003,2.469,0.000
5558,3,"  3.320","  0.351",15/52,/core/www/modules//sdig/index.php?run_id=110202&search_id=114132&scans_id=110198&peptide_id=41183&scanf=5558&charge=3&value=15/52,sp|P38919|IF4A3_HUMAN,/core/www/modules//consensus/?run_id=110202&search_id=114132&scans_id=110198&peptide_id=41183&scanf=5558&charge=3&value=sp|P38919|IF4A3_HUMAN,1,/core/www/modules/match_peptides/blast_html4.php?run_id=110202&search_id=114132&scans_id=110198&peptide_id=41183&scanf=5558&charge=3&value=1,K.GRDVIAQSQSGTGK.T,/core/www/modules/show_out/show_out_wrapper.php?run_id=110202&search_id=114132&scans_id=110198&peptide_id=41183&scanf=5558&charge=3&value=K.GRDVIAQSQSGTGK.T,EIF4A3,2.006e+6,2.452,0.025,1.604,0.001
5590,3,"  2.514","  0.457",19/52,/core/www/modules//sdig/index.php?run_id=110202&search_id=114132&scans_id=110198&peptide_id=41213&scanf=5590&charge=3&value=19/52,sp|P11142|HSP7C_HUMAN,/core/www/modules//consensus/?run_id=110202&search_id=114132&scans_id=110198&peptide_id=41213&scanf=5590&charge=3&value=sp|P11142|HSP7C_HUMAN,5,/core/www/modules/match_peptides/blast_html4.php?run_id=110202&search_id=114132&scans_id=110198&peptide_id=41213&scanf=5590&charge=3&value=5,K.NQTAEKEEFEHQQK.E,/core/www/modules/show_out/show_out_wrapper.php?run_id=110202&search_id=114132&scans_id=110198&peptide_id=41213&scanf=5590&charge=3&value=K.NQTAEKEEFEHQQK.E,HSPA8,2.167e+6,2.887,0.006,2.241,0.000
5612,2,"  1.640","  0.221",8/18,/core/www/modules//sdig/index.php?run_id=110202&search_id=114132&scans_id=110198&peptide_id=41234&scanf=5612&charge=2&value=8/18,sp|P39019|RS19_HUMAN,/core/www/modules//consensus/?run_id=110202&search_id=114132&scans_id=110198&peptide_id=41234&scanf=5612&charge=2&value=sp|P39019|RS19_HUMAN,0,/core/www/modules/match_peptides/blast_html4.php?run_id=110202&search_id=114132&scans_id=110198&peptide_id=41234&scanf=5612&charge=2&value=0,R.GGAGVGSMTK.I,/core/www/modules/show_out/show_out_wrapper.php?run_id=110202&search_id=114132&scans_id=110198&peptide_id=41234&scanf=5612&charge=2&value=R.GGAGVGSMTK.I,RPS19,1.633e+6,1.933,0.130,0.884,0.006
5616,2,"  2.160","  0.242",11/18,/core/www/modules//sdig/index.php?run_id=110202&search_id=114132&scans_id=110198&peptide_id=41238&scanf=5616&charge=2&value=11/18,sp|Q15149|PLEC_HUMAN,/core/www/modules//consensus/?run_id=110202&search_id=114132&scans_id=110198&peptide_id=41238&scanf=5616&charge=2&value=sp|Q15149|PLEC_HUMAN,4,/core/www/modules/match_peptides/blast_html4.php?run_id=110202&search_id=114132&scans_id=110198&peptide_id=41238&scanf=5616&charge=2&value=4,R.QSSEAEIQAK.A,/core/www/modules/show_out/show_out_wrapper.php?run_id=110202&search_id=114132&scans_id=110198&peptide_id=41238&scanf=5616&charge=2&value=R.QSSEAEIQAK.A,PLEC,7.452e+5,2.891,0.006,2.247,0.000
5622,3,"  1.686","  0.147",10/48,/core/www/modules//sdig/index.php?run_id=110202&search_id=114132&scans_id=110198&peptide_id=41244&scanf=5622&charge=3&value=10/48,sp|P22626|ROA2_HUMAN,/core/www/modules//consensus/?run_id=110202&search_id=114132&scans_id=110198&peptide_id=41244&scanf=5622&charge=3&value=sp|P22626|ROA2_HUMAN,10,/core/www/modules/match_peptides/blast_html4.php?run_id=110202&search_id=114132&scans_id=110198&peptide_id=41244&scanf=5622&charge=3&value=10,R.EESGKPGAHVTVK.K,/core/www/modules/show_out/show_out_wrapper.php?run_id=110202&search_id=114132&scans_id=110198&peptide_id=41244&scanf=5622&charge=3&value=R.EESGKPGAHVTVK.K,HNRNPA2B1,8.292e+7,1.931,0.131,0.883,0.006
5632,2,"  2.459","  0.710",13/16,/core/www/modules//sdig/index.php?run_id=110202&search_id=114132&scans_id=110198&peptide_id=41253&scanf=5632&charge=2&value=13/16,sp|Q08211|DHX9_HUMAN,/core/www/modules//consensus/?run_id=110202&search_id=114132&scans_id=110198&peptide_id=41253&scanf=5632&charge=2&value=sp|Q08211|DHX9_HUMAN,0,/core/www/modules/match_peptides/blast_html4.php?run_id=110202&search_id=114132&scans_id=110198&peptide_id=41253&scanf=5632&charge=2&value=0,R.YGDGPRPPK.M,/core/www/modules/show_out/show_out_wrapper.php?run_id=110202&search_id=114132&scans_id=110198&peptide_id=41253&scanf=5632&charge=2&value=R.YGDGPRPPK.M,DHX9,3.932e+6,4.610,0.000,4.794,0.000
5653,2,"  2.191","  0.607",9/14,/core/www/modules//sdig/index.php?run_id=110202&search_id=114132&scans_id=110198&peptide_id=41273&scanf=5653&charge=2&value=9/14,sp|P38159|RBMX_HUMAN,/core/www/modules//consensus/?run_id=110202&search_id=114132&scans_id=110198&peptide_id=41273&scanf=5653&charge=2&value=sp|P38159|RBMX_HUMAN,1,/core/www/modules/match_peptides/blast_html4.php?run_id=110202&search_id=114132&scans_id=110198&peptide_id=41273&scanf=5653&charge=2&value=1,R.SDLYSSGR.D,/core/www/modules/show_out/show_out_wrapper.php?run_id=110202&search_id=114132&scans_id=110198&peptide_id=41273&scanf=5653&charge=2&value=R.SDLYSSGR.D,RBMX,2.604e+7,3.940,0.000,3.801,0.000
5654,2,"  2.256","  0.326",9/12,/core/www/modules//sdig/index.php?run_id=110202&search_id=114132&scans_id=110198&peptide_id=41274&scanf=5654&charge=2&value=9/12,sp|P61513|RL37A_HUMAN,/core/www/modules//consensus/?run_id=110202&search_id=114132&scans_id=110198&peptide_id=41274&scanf=5654&charge=2&value=sp|P61513|RL37A_HUMAN,3,/core/www/modules/match_peptides/blast_html4.php?run_id=110202&search_id=114132&scans_id=110198&peptide_id=41274&scanf=5654&charge=2&value=3,K.KVGIVGK.Y,/core/www/modules/show_out/show_out_wrapper.php?run_id=110202&search_id=114132&scans_id=110198&peptide_id=41274&scanf=5654&charge=2&value=K.KVGIVGK.Y,RPL37A,3.258e+6,2.716,0.010,1.990,0.000
5675,2,"  1.629","  0.080",7/12,/core/www/modules//sdig/index.php?run_id=110202&search_id=114132&scans_id=110198&peptide_id=41294&scanf=5675&charge=2&value=7/12,sp|Q9Y5B9|SP16H_HUMAN,/core/www/modules//consensus/?run_id=110202&search_id=114132&scans_id=110198&peptide_id=41294&scanf=5675&charge=2&value=sp|Q9Y5B9|SP16H_HUMAN,0,/core/www/modules/match_peptides/blast_html4.php?run_id=110202&search_id=114132&scans_id=110198&peptide_id=41294&scanf=5675&charge=2&value=0,K.LAESVEK.A,/core/www/modules/show_out/show_out_wrapper.php?run_id=110202&search_id=114132&scans_id=110198&peptide_id=41294&scanf=5675&charge=2&value=K.LAESVEK.A,SUPT16H,1.155e+7,1.999,0.107,0.971,0.005
5678,2,"  2.522","  0.608",15/26,/core/www/modules//sdig/index.php?run_id=110202&search_id=114132&scans_id=110198&peptide_id=41297&scanf=5678&charge=2&value=15/26,sp|P38919|IF4A3_HUMAN,/core/www/modules//consensus/?run_id=110202&search_id=114132&scans_id=110198&peptide_id=41297&scanf=5678&charge=2&value=sp|P38919|IF4A3_HUMAN,1,/core/www/modules/match_peptides/blast_html4.php?run_id=110202&search_id=114132&scans_id=110198&peptide_id=41297&scanf=5678&charge=2&value=1,K.GRDVIAQSQSGTGK.T,/core/www/modules/show_out/show_out_wrapper.php?run_id=110202&search_id=114132&scans_id=110198&peptide_id=41297&scanf=5678&charge=2&value=K.GRDVIAQSQSGTGK.T,EIF4A3,1.258e+7,2.860,0.006,2.201,0.000
5689,2,"  3.605","  0.534",14/20,/core/www/modules//sdig/index.php?run_id=110202&search_id=114132&scans_id=110198&peptide_id=41308&scanf=5689&charge=2&value=14/20,sp|Q92522|H1X_HUMAN,/core/www/modules//consensus/?run_id=110202&search_id=114132&scans_id=110198&peptide_id=41308&scanf=5689&charge=2&value=sp|Q92522|H1X_HUMAN,0,/core/www/modules/match_peptides/blast_html4.php?run_id=110202&search_id=114132&scans_id=110198&peptide_id=41308&scanf=5689&charge=2&value=0,K.AGGSAALSPSK.K,/core/www/modules/show_out/show_out_wrapper.php?run_id=110202&search_id=114132&scans_id=110198&peptide_id=41308&scanf=5689&charge=2&value=K.AGGSAALSPSK.K,H1-10,2.962e+6,3.514,0.001,3.169,0.000
5699,4,"  2.750","  0.315",13/66,/core/www/modules//sdig/index.php?run_id=110202&search_id=114132&scans_id=110198&peptide_id=41317&scanf=5699&charge=4&value=13/66,sp|P61586|RHOA_HUMAN,/core/www/modules//consensus/?run_id=110202&search_id=114132&scans_id=110198&peptide_id=41317&scanf=5699&charge=4&value=sp|P61586|RHOA_HUMAN,0,/core/www/modules/match_peptides/blast_html4.php?run_id=110202&search_id=114132&scans_id=110198&peptide_id=41317&scanf=5699&charge=4&value=0,K.MKQEPVKPEEGR.D,/core/www/modules/show_out/show_out_wrapper.php?run_id=110202&search_id=114132&scans_id=110198&peptide_id=41317&scanf=5699&charge=4&value=K.MKQEPVKPEEGR.D,RHOA,9.293e+5,2.624,0.014,1.855,0.000
5720,2,"  1.524","  0.058",6/12,/core/www/modules//sdig/index.php?run_id=110202&search_id=114132&scans_id=110198&peptide_id=41337&scanf=5720&charge=2&value=6/12,sp|O94906|PRP6_HUMAN,/core/www/modules//consensus/?run_id=110202&search_id=114132&scans_id=110198&peptide_id=41337&scanf=5720&charge=2&value=sp|O94906|PRP6_HUMAN,0,/core/www/modules/match_peptides/blast_html4.php?run_id=110202&search_id=114132&scans_id=110198&peptide_id=41337&scanf=5720&charge=2&value=0,R.HLPQSVR.I,/core/www/modules/show_out/show_out_wrapper.php?run_id=110202&search_id=114132&scans_id=110198&peptide_id=41337&scanf=5720&charge=2&value=R.HLPQSVR.I,PRPF6,1.165e+6,1.849,0.166,0.779,0.009
5741,2,"  1.552","  0.236",7/14,/core/www/modules//sdig/index.php?run_id=110202&search_id=114132&scans_id=110198&peptide_id=41357&scanf=5741&charge=2&value=7/14,sp|P22087|FBRL_HUMAN,/core/www/modules//consensus/?run_id=110202&search_id=114132&scans_id=110198&peptide_id=41357&scanf=5741&charge=2&value=sp|P22087|FBRL_HUMAN,7,/core/www/modules/match_peptides/blast_html4.php?run_id=110202&search_id=114132&scans_id=110198&peptide_id=41357&scanf=5741&charge=2&value=7,K.NVM*VEPHR.H,/core/www/modules/show_out/show_out_wrapper.php?run_id=110202&search_id=114132&scans_id=110198&peptide_id=41357&scanf=5741&charge=2&value=K.NVM*VEPHR.H,FBL,3.123e+5,2.270,0.045,1.344,0.002
5744,2,"  2.169","  0.585",11/22,/core/www/modules//sdig/index.php?run_id=110202&search_id=114132&scans_id=110198&peptide_id=41360&scanf=5744&charge=2&value=11/22,sp|Q8WUB8|PHF10_HUMAN,/core/www/modules//consensus/?run_id=110202&search_id=114132&scans_id=110198&peptide_id=41360&scanf=5744&charge=2&value=sp|Q8WUB8|PHF10_HUMAN,1,/core/www/modules/match_peptides/blast_html4.php?run_id=110202&search_id=114132&scans_id=110198&peptide_id=41360&scanf=5744&charge=2&value=1,K.EYSQMQQQNTQK.V,/core/www/modules/show_out/show_out_wrapper.php?run_id=110202&search_id=114132&scans_id=110198&peptide_id=41360&scanf=5744&charge=2&value=K.EYSQMQQQNTQK.V,PHF10,78878.3,3.313,0.001,2.871,0.000
5753,2,"  1.467","  0.042",8/14,/core/www/modules//sdig/index.php?run_id=110202&search_id=114132&scans_id=110198&peptide_id=41369&scanf=5753&charge=2&value=8/14,sp|O75369|FLNB_HUMAN,/core/www/modules//consensus/?run_id=110202&search_id=114132&scans_id=110198&peptide_id=41369&scanf=5753&charge=2&value=sp|O75369|FLNB_HUMAN,8,/core/www/modules/match_peptides/blast_html4.php?run_id=110202&search_id=114132&scans_id=110198&peptide_id=41369&scanf=5753&charge=2&value=8,R.AGGPGLER.G,/core/www/modules/show_out/show_out_wrapper.php?run_id=110202&search_id=114132&scans_id=110198&peptide_id=41369&scanf=5753&charge=2&value=R.AGGPGLER.G,FLNB,3.617e+6,1.860,0.161,0.793,0.008
5758,2,"  2.314","  0.587",11/18,/core/www/modules//sdig/index.php?run_id=110202&search_id=114132&scans_id=110198&peptide_id=41373&scanf=5758&charge=2&value=11/18,sp|P78527|PRKDC_HUMAN,/core/www/modules//consensus/?run_id=110202&search_id=114132&scans_id=110198&peptide_id=41373&scanf=5758&charge=2&value=sp|P78527|PRKDC_HUMAN,0,/core/www/modules/match_peptides/blast_html4.php?run_id=110202&search_id=114132&scans_id=110198&peptide_id=41373&scanf=5758&charge=2&value=0,K.SMEEDPQTSR.E,/core/www/modules/show_out/show_out_wrapper.php?run_id=110202&search_id=114132&scans_id=110198&peptide_id=41373&scanf=5758&charge=2&value=K.SMEEDPQTSR.E,PRKDC,3.377e+6,4.380,0.000,4.453,0.000
5759,2,"  1.377","  0.141",7/12,/core/www/modules//sdig/index.php?run_id=110202&search_id=114132&scans_id=110198&peptide_id=41374&scanf=5759&charge=2&value=7/12,sp|Q9UIG0|BAZ1B_HUMAN,/core/www/modules//consensus/?run_id=110202&search_id=114132&scans_id=110198&peptide_id=41374&scanf=5759&charge=2&value=sp|Q9UIG0|BAZ1B_HUMAN,0,/core/www/modules/match_peptides/blast_html4.php?run_id=110202&search_id=114132&scans_id=110198&peptide_id=41374&scanf=5759&charge=2&value=0,R.LLSSEDR.A,/core/www/modules/show_out/show_out_wrapper.php?run_id=110202&search_id=114132&scans_id=110198&peptide_id=41374&scanf=5759&charge=2&value=R.LLSSEDR.A,BAZ1B,1.859e+6,2.185,0.060,1.225,0.002
5762,2,"  2.448","  0.614",12/20,/core/www/modules//sdig/index.php?run_id=110202&search_id=114132&scans_id=110198&peptide_id=41377&scanf=5762&charge=2&value=12/20,sp|P60709|ACTB_HUMAN,/core/www/modules//consensus/?run_id=110202&search_id=114132&scans_id=110198&peptide_id=41377&scanf=5762&charge=2&value=sp|P60709|ACTB_HUMAN,27,/core/www/modules/match_peptides/blast_html4.php?run_id=110202&search_id=114132&scans_id=110198&peptide_id=41377&scanf=5762&charge=2&value=27,K.DSYVGDEAQSK.R,/core/www/modules/show_out/show_out_wrapper.php?run_id=110202&search_id=114132&scans_id=110198&peptide_id=41377&scanf=5762&charge=2&value=K.DSYVGDEAQSK.R,ACTB,9.353e+5,4.173,0.000,4.146,0.000
5779,2,"  1.951","  0.338",9/20,/core/www/modules//sdig/index.php?run_id=110202&search_id=114132&scans_id=110198&peptide_id=41393&scanf=5779&charge=2&value=9/20,sp|P38159|RBMX_HUMAN,/core/www/modules//consensus/?run_id=110202&search_id=114132&scans_id=110198&peptide_id=41393&scanf=5779&charge=2&value=sp|P38159|RBMX_HUMAN,2,/core/www/modules/match_peptides/blast_html4.php?run_id=110202&search_id=114132&scans_id=110198&peptide_id=41393&scanf=5779&charge=2&value=2,R.GPPPSYGGSSR.Y,/core/www/modules/show_out/show_out_wrapper.php?run_id=110202&search_id=114132&scans_id=110198&peptide_id=41393&scanf=5779&charge=2&value=R.GPPPSYGGSSR.Y,RBMX,4.650e+7,2.668,0.012,1.920,0.000
5783,2,"  1.526","  0.273",9/18,/core/www/modules//sdig/index.php?run_id=110202&search_id=114132&scans_id=110198&peptide_id=41397&scanf=5783&charge=2&value=9/18,sp|Q13123|RED_HUMAN,/core/www/modules//consensus/?run_id=110202&search_id=114132&scans_id=110198&peptide_id=41397&scanf=5783&charge=2&value=sp|Q13123|RED_HUMAN,2,/core/www/modules/match_peptides/blast_html4.php?run_id=110202&search_id=114132&scans_id=110198&peptide_id=41397&scanf=5783&charge=2&value=2,R.AVGPTAEADK.S,/core/www/modules/show_out/show_out_wrapper.php?run_id=110202&search_id=114132&scans_id=110198&peptide_id=41397&scanf=5783&charge=2&value=R.AVGPTAEADK.S,IK,1.535e+6,2.151,0.067,1.176,0.002
5784,2,"  1.812","  0.624",9/18,/core/www/modules//sdig/index.php?run_id=110202&search_id=114132&scans_id=110198&peptide_id=41398&scanf=5784&charge=2&value=9/18,sp|P78527|PRKDC_HUMAN,/core/www/modules//consensus/?run_id=110202&search_id=114132&scans_id=110198&peptide_id=41398&scanf=5784&charge=2&value=sp|P78527|PRKDC_HUMAN,0,/core/www/modules/match_peptides/blast_html4.php?run_id=110202&search_id=114132&scans_id=110198&peptide_id=41398&scanf=5784&charge=2&value=0,K.SM*EEDPQTSR.E,/core/www/modules/show_out/show_out_wrapper.php?run_id=110202&search_id=114132&scans_id=110198&peptide_id=41398&scanf=5784&charge=2&value=K.SM*EEDPQTSR.E,PRKDC,5.402e+5,4.306,0.000,4.343,0.000
5800,3,"  1.952","  0.115",11/32,/core/www/modules//sdig/index.php?run_id=110202&search_id=114132&scans_id=110198&peptide_id=41413&scanf=5800&charge=3&value=11/32,sp|Q16629|SRSF7_HUMAN,/core/www/modules//consensus/?run_id=110202&search_id=114132&scans_id=110198&peptide_id=41413&scanf=5800&charge=3&value=sp|Q16629|SRSF7_HUMAN,3,/core/www/modules/match_peptides/blast_html4.php?run_id=110202&search_id=114132&scans_id=110198&peptide_id=41413&scanf=5800&charge=3&value=3,R.SRFDRPPAR.R,/core/www/modules/show_out/show_out_wrapper.php?run_id=110202&search_id=114132&scans_id=110198&peptide_id=41413&scanf=5800&charge=3&value=R.SRFDRPPAR.R,SRSF7,1.165e+7,1.815,0.183,0.737,0.010
5801,2,"  1.497","  0.154",7/14,/core/www/modules//sdig/index.php?run_id=110202&search_id=114132&scans_id=110198&peptide_id=41414&scanf=5801&charge=2&value=7/14,sp|O43707|ACTN4_HUMAN,/core/www/modules//consensus/?run_id=110202&search_id=114132&scans_id=110198&peptide_id=41414&scanf=5801&charge=2&value=sp|O43707|ACTN4_HUMAN,3,/core/www/modules/match_peptides/blast_html4.php?run_id=110202&search_id=114132&scans_id=110198&peptide_id=41414&scanf=5801&charge=2&value=3,K.TIQEMQQK.L,/core/www/modules/show_out/show_out_wrapper.php?run_id=110202&search_id=114132&scans_id=110198&peptide_id=41414&scanf=5801&charge=2&value=K.TIQEMQQK.L,ACTN4,7.499e+6,2.338,0.036,1.440,0.001
5802,2,"  2.102","  0.169",10/16,/core/www/modules//sdig/index.php?run_id=110202&search_id=114132&scans_id=110198&peptide_id=41415&scanf=5802&charge=2&value=10/16,sp|Q8N163|CCAR2_HUMAN,/core/www/modules//consensus/?run_id=110202&search_id=114132&scans_id=110198&peptide_id=41415&scanf=5802&charge=2&value=sp|Q8N163|CCAR2_HUMAN,2,/core/www/modules/match_peptides/blast_html4.php?run_id=110202&search_id=114132&scans_id=110198&peptide_id=41415&scanf=5802&charge=2&value=2,R.LAEAEETAR.T,/core/www/modules/show_out/show_out_wrapper.php?run_id=110202&search_id=114132&scans_id=110198&peptide_id=41415&scanf=5802&charge=2&value=R.LAEAEETAR.T,CCAR2,1.779e+6,2.232,0.051,1.290,0.002
5813,2,"  1.558","  0.444",7/24,/core/www/modules//sdig/index.php?run_id=110202&search_id=114132&scans_id=110198&peptide_id=41426&scanf=5813&charge=2&value=7/24,sp|Q9UBE0|SAE1_HUMAN,/core/www/modules//consensus/?run_id=110202&search_id=114132&scans_id=110198&peptide_id=41426&scanf=5813&charge=2&value=sp|Q9UBE0|SAE1_HUMAN,6,/core/www/modules/match_peptides/blast_html4.php?run_id=110202&search_id=114132&scans_id=110198&peptide_id=41426&scanf=5813&charge=2&value=6,K.VSQGVEDGPDTKR.A,/core/www/modules/show_out/show_out_wrapper.php?run_id=110202&search_id=114132&scans_id=110198&peptide_id=41426&scanf=5813&charge=2&value=K.VSQGVEDGPDTKR.A,SAE1,2.154e+5,2.004,0.105,0.977,0.005
5822,2,"  1.379","  0.226",8/14,/core/www/modules//sdig/index.php?run_id=110202&search_id=114132&scans_id=110198&peptide_id=41434&scanf=5822&charge=2&value=8/14,sp|Q13435|SF3B2_HUMAN,/core/www/modules//consensus/?run_id=110202&search_id=114132&scans_id=110198&peptide_id=41434&scanf=5822&charge=2&value=sp|Q13435|SF3B2_HUMAN,2,/core/www/modules/match_peptides/blast_html4.php?run_id=110202&search_id=114132&scans_id=110198&peptide_id=41434&scanf=5822&charge=2&value=2,K.TEEEEIDR.T,/core/www/modules/show_out/show_out_wrapper.php?run_id=110202&search_id=114132&scans_id=110198&peptide_id=41434&scanf=5822&charge=2&value=K.TEEEEIDR.T,SF3B2,3.694e+5,2.339,0.036,1.442,0.001
5823,2,"  1.764","  0.422",10/22,/core/www/modules//sdig/index.php?run_id=110202&search_id=114132&scans_id=110198&peptide_id=41435&scanf=5823&charge=2&value=10/22,sp|P62820|RAB1A_HUMAN,/core/www/modules//consensus/?run_id=110202&search_id=114132&scans_id=110198&peptide_id=41435&scanf=5823&charge=2&value=sp|P62820|RAB1A_HUMAN,1,/core/www/modules/match_peptides/blast_html4.php?run_id=110202&search_id=114132&scans_id=110198&peptide_id=41435&scanf=5823&charge=2&value=1,R.MGPGATAGGAEK.S,/core/www/modules/show_out/show_out_wrapper.php?run_id=110202&search_id=114132&scans_id=110198&peptide_id=41435&scanf=5823&charge=2&value=R.MGPGATAGGAEK.S,RAB1A,6.762e+5,2.630,0.014,1.864,0.000
5826,2,"  2.620","  0.330",11/18,/core/www/modules//sdig/index.php?run_id=110202&search_id=114132&scans_id=110198&peptide_id=41438&scanf=5826&charge=2&value=11/18,sp|Q15149|PLEC_HUMAN,/core/www/modules//consensus/?run_id=110202&search_id=114132&scans_id=110198&peptide_id=41438&scanf=5826&charge=2&value=sp|Q15149|PLEC_HUMAN,4,/core/www/modules/match_peptides/blast_html4.php?run_id=110202&search_id=114132&scans_id=110198&peptide_id=41438&scanf=5826&charge=2&value=4,R.QSSEAEIQAK.A,/core/www/modules/show_out/show_out_wrapper.php?run_id=110202&search_id=114132&scans_id=110198&peptide_id=41438&scanf=5826&charge=2&value=R.QSSEAEIQAK.A,PLEC,7.452e+5,3.151,0.002,2.631,0.000
5846,2,"  1.265","  0.304",7/18,/core/www/modules//sdig/index.php?run_id=110202&search_id=114132&scans_id=110198&peptide_id=41457&scanf=5846&charge=2&value=7/18,sp|P61981|1433G_HUMAN,/core/www/modules//consensus/?run_id=110202&search_id=114132&scans_id=110198&peptide_id=41457&scanf=5846&charge=2&value=sp|P61981|1433G_HUMAN,0,/core/www/modules/match_peptides/blast_html4.php?run_id=110202&search_id=114132&scans_id=110198&peptide_id=41457&scanf=5846&charge=2&value=0,K.AYSEAHEISK.E,/core/www/modules/show_out/show_out_wrapper.php?run_id=110202&search_id=114132&scans_id=110198&peptide_id=41457&scanf=5846&charge=2&value=K.AYSEAHEISK.E,YWHAG,5.847e+5,2.250,0.048,1.316,0.002
5861,2,"  2.393","  0.335",11/18,/core/www/modules//sdig/index.php?run_id=110202&search_id=114132&scans_id=110198&peptide_id=41472&scanf=5861&charge=2&value=11/18,sp|Q9NX58|LYAR_HUMAN,/core/www/modules//consensus/?run_id=110202&search_id=114132&scans_id=110198&peptide_id=41472&scanf=5861&charge=2&value=sp|Q9NX58|LYAR_HUMAN,0,/core/www/modules/match_peptides/blast_html4.php?run_id=110202&search_id=114132&scans_id=110198&peptide_id=41472&scanf=5861&charge=2&value=0,K.DAVEQQGEVK.K,/core/www/modules/show_out/show_out_wrapper.php?run_id=110202&search_id=114132&scans_id=110198&peptide_id=41472&scanf=5861&charge=2&value=K.DAVEQQGEVK.K,LYAR,9.558e+5,2.761,0.009,2.056,0.000
5867,2,"  1.917","  0.182",7/12,/core/www/modules//sdig/index.php?run_id=110202&search_id=114132&scans_id=110198&peptide_id=41477&scanf=5867&charge=2&value=7/12,sp|P54578|UBP14_HUMAN,/core/www/modules//consensus/?run_id=110202&search_id=114132&scans_id=110198&peptide_id=41477&scanf=5867&charge=2&value=sp|P54578|UBP14_HUMAN,1,/core/www/modules/match_peptides/blast_html4.php?run_id=110202&search_id=114132&scans_id=110198&peptide_id=41477&scanf=5867&charge=2&value=1,K.QSPTLQR.N,/core/www/modules/show_out/show_out_wrapper.php?run_id=110202&search_id=114132&scans_id=110198&peptide_id=41477&scanf=5867&charge=2&value=K.QSPTLQR.N,USP14,1.282e+6,2.160,0.065,1.189,0.002
5879,2,"  2.108","  0.529",10/18,/core/www/modules//sdig/index.php?run_id=110202&search_id=114132&scans_id=110198&peptide_id=41489&scanf=5879&charge=2&value=10/18,sp|P22626|ROA2_HUMAN,/core/www/modules//consensus/?run_id=110202&search_id=114132&scans_id=110198&peptide_id=41489&scanf=5879&charge=2&value=sp|P22626|ROA2_HUMAN,7,/core/www/modules/match_peptides/blast_html4.php?run_id=110202&search_id=114132&scans_id=110198&peptide_id=41489&scanf=5879&charge=2&value=7,R.QEM*QEVQSSR.S,/core/www/modules/show_out/show_out_wrapper.php?run_id=110202&search_id=114132&scans_id=110198&peptide_id=41489&scanf=5879&charge=2&value=R.QEM*QEVQSSR.S,HNRNPA2B1,3.799e+6,3.274,0.002,2.813,0.000
5884,2,"  1.592","  0.110",7/12,/core/www/modules//sdig/index.php?run_id=110202&search_id=114132&scans_id=110198&peptide_id=41493&scanf=5884&charge=2&value=7/12,sp|P19338|NUCL_HUMAN,/core/www/modules//consensus/?run_id=110202&search_id=114132&scans_id=110198&peptide_id=41493&scanf=5884&charge=2&value=sp|P19338|NUCL_HUMAN,8,/core/www/modules/match_peptides/blast_html4.php?run_id=110202&search_id=114132&scans_id=110198&peptide_id=41493&scanf=5884&charge=2&value=8,K.VTQDELK.E,/core/www/modules/show_out/show_out_wrapper.php?run_id=110202&search_id=114132&scans_id=110198&peptide_id=41493&scanf=5884&charge=2&value=K.VTQDELK.E,NCL,4.049e+7,2.229,0.052,1.286,0.002
5889,2,"  1.516","  0.495",7/24,/core/www/modules//sdig/index.php?run_id=110202&search_id=114132&scans_id=110198&peptide_id=41498&scanf=5889&charge=2&value=7/24,sp|P51531|SMCA2_HUMAN,/core/www/modules//consensus/?run_id=110202&search_id=114132&scans_id=110198&peptide_id=41498&scanf=5889&charge=2&value=sp|P51531|SMCA2_HUMAN,22,/core/www/modules/match_peptides/blast_html4.php?run_id=110202&search_id=114132&scans_id=110198&peptide_id=41498&scanf=5889&charge=2&value=22,R.NVDKDPAKEDVEK.A,/core/www/modules/show_out/show_out_wrapper.php?run_id=110202&search_id=114132&scans_id=110198&peptide_id=41498&scanf=5889&charge=2&value=R.NVDKDPAKEDVEK.A,SMARCA2,2.191e+6,2.297,0.041,1.382,0.001
5891,2,"  2.947","  0.439",10/20,/core/www/modules//sdig/index.php?run_id=110202&search_id=114132&scans_id=110198&peptide_id=41500&scanf=5891&charge=2&value=10/20,sp|Q92522|H1X_HUMAN,/core/www/modules//consensus/?run_id=110202&search_id=114132&scans_id=110198&peptide_id=41500&scanf=5891&charge=2&value=sp|Q92522|H1X_HUMAN,0,/core/www/modules/match_peptides/blast_html4.php?run_id=110202&search_id=114132&scans_id=110198&peptide_id=41500&scanf=5891&charge=2&value=0,K.AGGSAALSPSK.K,/core/www/modules/show_out/show_out_wrapper.php?run_id=110202&search_id=114132&scans_id=110198&peptide_id=41500&scanf=5891&charge=2&value=K.AGGSAALSPSK.K,H1-10,2.962e+6,2.875,0.006,2.223,0.000
5906,2,"  1.383","  0.110",6/12,/core/www/modules//sdig/index.php?run_id=110202&search_id=114132&scans_id=110198&peptide_id=41514&scanf=5906&charge=2&value=6/12,sp|P40926|MDHM_HUMAN,/core/www/modules//consensus/?run_id=110202&search_id=114132&scans_id=110198&peptide_id=41514&scanf=5906&charge=2&value=sp|P40926|MDHM_HUMAN,1,/core/www/modules/match_peptides/blast_html4.php?run_id=110202&search_id=114132&scans_id=110198&peptide_id=41514&scanf=5906&charge=2&value=1,K.VSSFEEK.M,/core/www/modules/show_out/show_out_wrapper.php?run_id=110202&search_id=114132&scans_id=110198&peptide_id=41514&scanf=5906&charge=2&value=K.VSSFEEK.M,MDH2,3.692e+6,1.928,0.132,0.879,0.007
5922,2,"  1.885","  0.294",8/12,/core/www/modules//sdig/index.php?run_id=110202&search_id=114132&scans_id=110198&peptide_id=41529&scanf=5922&charge=2&value=8/12,sp|P61247|RS3A_HUMAN,/core/www/modules//consensus/?run_id=110202&search_id=114132&scans_id=110198&peptide_id=41529&scanf=5922&charge=2&value=sp|P61247|RS3A_HUMAN,10,/core/www/modules/match_peptides/blast_html4.php?run_id=110202&search_id=114132&scans_id=110198&peptide_id=41529&scanf=5922&charge=2&value=10,K.IASDGLK.G,/core/www/modules/show_out/show_out_wrapper.php?run_id=110202&search_id=114132&scans_id=110198&peptide_id=41529&scanf=5922&charge=2&value=K.IASDGLK.G,RPS3A,1.470e+7,2.797,0.008,2.108,0.000
5934,2,"  2.801","  0.492",11/16,/core/www/modules//sdig/index.php?run_id=110202&search_id=114132&scans_id=110198&peptide_id=41541&scanf=5934&charge=2&value=11/16,sp|Q15717|ELAV1_HUMAN,/core/www/modules//consensus/?run_id=110202&search_id=114132&scans_id=110198&peptide_id=41541&scanf=5934&charge=2&value=sp|Q15717|ELAV1_HUMAN,0,/core/www/modules/match_peptides/blast_html4.php?run_id=110202&search_id=114132&scans_id=110198&peptide_id=41541&scanf=5934&charge=2&value=0,K.FAANPNQNK.N,/core/www/modules/show_out/show_out_wrapper.php?run_id=110202&search_id=114132&scans_id=110198&peptide_id=41541&scanf=5934&charge=2&value=K.FAANPNQNK.N,ELAVL1,5.479e+6,3.505,0.001,3.156,0.000
5943,2,"  1.332","  0.123",6/12,/core/www/modules//sdig/index.php?run_id=110202&search_id=114132&scans_id=110198&peptide_id=41549&scanf=5943&charge=2&value=6/12,IGHG_RABIT,/core/www/modules//consensus/?run_id=110202&search_id=114132&scans_id=110198&peptide_id=41549&scanf=5943&charge=2&value=IGHG_RABIT,0,/core/www/modules/match_peptides/blast_html4.php?run_id=110202&search_id=114132&scans_id=110198&peptide_id=41549&scanf=5943&charge=2&value=0,R.GQPLEPK.V,/core/www/modules/show_out/show_out_wrapper.php?run_id=110202&search_id=114132&scans_id=110198&peptide_id=41549&scanf=5943&charge=2&value=R.GQPLEPK.V,,3.164e+6,1.881,0.152,0.819,0.008
5946,2,"  1.664","  0.662",8/26,/core/www/modules//sdig/index.php?run_id=110202&search_id=114132&scans_id=110198&peptide_id=41552&scanf=5946&charge=2&value=8/26,sp|P34932|HSP74_HUMAN,/core/www/modules//consensus/?run_id=110202&search_id=114132&scans_id=110198&peptide_id=41552&scanf=5946&charge=2&value=sp|P34932|HSP74_HUMAN,0,/core/www/modules/match_peptides/blast_html4.php?run_id=110202&search_id=114132&scans_id=110198&peptide_id=41552&scanf=5946&charge=2&value=0,K.AESEEMETSQAGSK.D,/core/www/modules/show_out/show_out_wrapper.php?run_id=110202&search_id=114132&scans_id=110198&peptide_id=41552&scanf=5946&charge=2&value=K.AESEEMETSQAGSK.D,HSPA4,1.233e+5,3.156,0.002,2.639,0.000
5961,2,"  2.373","  0.162",10/14,/core/www/modules//sdig/index.php?run_id=110202&search_id=114132&scans_id=110198&peptide_id=41566&scanf=5961&charge=2&value=10/14,sp|Q08211|DHX9_HUMAN,/core/www/modules//consensus/?run_id=110202&search_id=114132&scans_id=110198&peptide_id=41566&scanf=5961&charge=2&value=sp|Q08211|DHX9_HUMAN,0,/core/www/modules/match_peptides/blast_html4.php?run_id=110202&search_id=114132&scans_id=110198&peptide_id=41566&scanf=5961&charge=2&value=0,R.KILTTEGR.N,/core/www/modules/show_out/show_out_wrapper.php?run_id=110202&search_id=114132&scans_id=110198&peptide_id=41566&scanf=5961&charge=2&value=R.KILTTEGR.N,DHX9,2.316e+6,2.378,0.032,1.498,0.001
5962,2,"  1.596","  0.143",8/12,/core/www/modules//sdig/index.php?run_id=110202&search_id=114132&scans_id=110198&peptide_id=41567&scanf=5962&charge=2&value=8/12,sp|Q9Y383|LC7L2_HUMAN,/core/www/modules//consensus/?run_id=110202&search_id=114132&scans_id=110198&peptide_id=41567&scanf=5962&charge=2&value=sp|Q9Y383|LC7L2_HUMAN,1,/core/www/modules/match_peptides/blast_html4.php?run_id=110202&search_id=114132&scans_id=110198&peptide_id=41567&scanf=5962&charge=2&value=1,R.EAEEVYR.N,/core/www/modules/show_out/show_out_wrapper.php?run_id=110202&search_id=114132&scans_id=110198&peptide_id=41567&scanf=5962&charge=2&value=R.EAEEVYR.N,LUC7L2,1.120e+6,2.202,0.056,1.249,0.002
5965,2,"  1.987","  0.411",9/16,/core/www/modules//sdig/index.php?run_id=110202&search_id=114132&scans_id=110198&peptide_id=41570&scanf=5965&charge=2&value=9/16,sp|Q8TAQ2|SMRC2_HUMAN,/core/www/modules//consensus/?run_id=110202&search_id=114132&scans_id=110198&peptide_id=41570&scanf=5965&charge=2&value=sp|Q8TAQ2|SMRC2_HUMAN,1,/core/www/modules/match_peptides/blast_html4.php?run_id=110202&search_id=114132&scans_id=110198&peptide_id=41570&scanf=5965&charge=2&value=1,R.EEEQEDLTK.D,/core/www/modules/show_out/show_out_wrapper.php?run_id=110202&search_id=114132&scans_id=110198&peptide_id=41570&scanf=5965&charge=2&value=R.EEEQEDLTK.D,SMARCC2,6.668e+5,3.068,0.003,2.509,0.000
5966,2,"  1.325","  0.262",7/12,/core/www/modules//sdig/index.php?run_id=110202&search_id=114132&scans_id=110198&peptide_id=41571&scanf=5966&charge=2&value=7/12,sp|P43243|MATR3_HUMAN,/core/www/modules//consensus/?run_id=110202&search_id=114132&scans_id=110198&peptide_id=41571&scanf=5966&charge=2&value=sp|P43243|MATR3_HUMAN,4,/core/www/modules/match_peptides/blast_html4.php?run_id=110202&search_id=114132&scans_id=110198&peptide_id=41571&scanf=5966&charge=2&value=4,R.MDYEDDR.L,/core/www/modules/show_out/show_out_wrapper.php?run_id=110202&search_id=114132&scans_id=110198&peptide_id=41571&scanf=5966&charge=2&value=R.MDYEDDR.L,MATR3,6.474e+5,2.603,0.015,1.824,0.000
5972,2,"  1.390","  0.394",7/14,/core/www/modules//sdig/index.php?run_id=110202&search_id=114132&scans_id=110198&peptide_id=41577&scanf=5972&charge=2&value=7/14,sp|P61978|HNRPK_HUMAN,/core/www/modules//consensus/?run_id=110202&search_id=114132&scans_id=110198&peptide_id=41577&scanf=5972&charge=2&value=sp|P61978|HNRPK_HUMAN,1,/core/www/modules/match_peptides/blast_html4.php?run_id=110202&search_id=114132&scans_id=110198&peptide_id=41577&scanf=5972&charge=2&value=1,R.DYDDM*SPR.R,/core/www/modules/show_out/show_out_wrapper.php?run_id=110202&search_id=114132&scans_id=110198&peptide_id=41577&scanf=5972&charge=2&value=R.DYDDM*SPR.R,HNRNPK,1.873e+6,2.990,0.004,2.393,0.000
5982,2,"  1.408","  0.401",8/14,/core/www/modules//sdig/index.php?run_id=110202&search_id=114132&scans_id=110198&peptide_id=41586&scanf=5982&charge=2&value=8/14,sp|Q13247|SRSF6_HUMAN,/core/www/modules//consensus/?run_id=110202&search_id=114132&scans_id=110198&peptide_id=41586&scanf=5982&charge=2&value=sp|Q13247|SRSF6_HUMAN,4,/core/www/modules/match_peptides/blast_html4.php?run_id=110202&search_id=114132&scans_id=110198&peptide_id=41586&scanf=5982&charge=2&value=4,R.DGYSYGSR.S,/core/www/modules/show_out/show_out_wrapper.php?run_id=110202&search_id=114132&scans_id=110198&peptide_id=41586&scanf=5982&charge=2&value=R.DGYSYGSR.S,SRSF6,2.358e+6,2.906,0.005,2.269,0.000
5983,2,"  1.240","  0.059",8/14,/core/www/modules//sdig/index.php?run_id=110202&search_id=114132&scans_id=110198&peptide_id=41587&scanf=5983&charge=2&value=8/14,sp|P61978|HNRPK_HUMAN,/core/www/modules//consensus/?run_id=110202&search_id=114132&scans_id=110198&peptide_id=41587&scanf=5983&charge=2&value=sp|P61978|HNRPK_HUMAN,1,/core/www/modules/match_peptides/blast_html4.php?run_id=110202&search_id=114132&scans_id=110198&peptide_id=41587&scanf=5983&charge=2&value=1,R.DYDDM*SPR.R,/core/www/modules/show_out/show_out_wrapper.php?run_id=110202&search_id=114132&scans_id=110198&peptide_id=41587&scanf=5983&charge=2&value=R.DYDDM*SPR.R,HNRNPK,1.873e+6,1.946,0.126,0.901,0.006
5985,2,"  1.757","  0.466",11/18,/core/www/modules//sdig/index.php?run_id=110202&search_id=114132&scans_id=110198&peptide_id=41589&scanf=5985&charge=2&value=11/18,sp|P35606|COPB2_HUMAN,/core/www/modules//consensus/?run_id=110202&search_id=114132&scans_id=110198&peptide_id=41589&scanf=5985&charge=2&value=sp|P35606|COPB2_HUMAN,3,/core/www/modules/match_peptides/blast_html4.php?run_id=110202&search_id=114132&scans_id=110198&peptide_id=41589&scanf=5985&charge=2&value=3,K.HSEVQQANLK.A,/core/www/modules/show_out/show_out_wrapper.php?run_id=110202&search_id=114132&scans_id=110198&peptide_id=41589&scanf=5985&charge=2&value=K.HSEVQQANLK.A,COPB2,6.861e+5,3.131,0.003,2.601,0.000
6001,2,"  3.111","  0.310",19/20,/core/www/modules//sdig/index.php?run_id=110202&search_id=114132&scans_id=110198&peptide_id=41604&scanf=6001&charge=2&value=19/20,sp|P60709|ACTB_HUMAN,/core/www/modules//consensus/?run_id=110202&search_id=114132&scans_id=110198&peptide_id=41604&scanf=6001&charge=2&value=sp|P60709|ACTB_HUMAN,26,/core/www/modules/match_peptides/blast_html4.php?run_id=110202&search_id=114132&scans_id=110198&peptide_id=41604&scanf=6001&charge=2&value=26,R.HQGVMVGM*GQK.D,/core/www/modules/show_out/show_out_wrapper.php?run_id=110202&search_id=114132&scans_id=110198&peptide_id=41604&scanf=6001&charge=2&value=R.HQGVMVGM*GQK.D,ACTB,1.000e+8,4.948,0.000,5.296,0.000
6032,2,"  1.700","  0.335",7/16,/core/www/modules//sdig/index.php?run_id=110202&search_id=114132&scans_id=110198&peptide_id=41634&scanf=6032&charge=2&value=7/16,sp|P62995|TRA2B_HUMAN,/core/www/modules//consensus/?run_id=110202&search_id=114132&scans_id=110198&peptide_id=41634&scanf=6032&charge=2&value=sp|P62995|TRA2B_HUMAN,2,/core/www/modules/match_peptides/blast_html4.php?run_id=110202&search_id=114132&scans_id=110198&peptide_id=41634&scanf=6032&charge=2&value=2,R.ANGM*ELDGR.R,/core/www/modules/show_out/show_out_wrapper.php?run_id=110202&search_id=114132&scans_id=110198&peptide_id=41634&scanf=6032&charge=2&value=R.ANGM*ELDGR.R,TRA2B,1.820e+5,2.266,0.046,1.338,0.002
6041,2,"  1.758","  0.249",7/12,/core/www/modules//sdig/index.php?run_id=110202&search_id=114132&scans_id=110198&peptide_id=41643&scanf=6041&charge=2&value=7/12,sp|Q8TDN6|BRX1_HUMAN,/core/www/modules//consensus/?run_id=110202&search_id=114132&scans_id=110198&peptide_id=41643&scanf=6041&charge=2&value=sp|Q8TDN6|BRX1_HUMAN,0,/core/www/modules/match_peptides/blast_html4.php?run_id=110202&search_id=114132&scans_id=110198&peptide_id=41643&scanf=6041&charge=2&value=0,R.HLM*QDLR.M,/core/www/modules/show_out/show_out_wrapper.php?run_id=110202&search_id=114132&scans_id=110198&peptide_id=41643&scanf=6041&charge=2&value=R.HLM*QDLR.M,BRIX1,1.803e+6,2.509,0.021,1.688,0.000
6060,2,"  2.254","  0.333",11/14,/core/www/modules//sdig/index.php?run_id=110202&search_id=114132&scans_id=110198&peptide_id=41660&scanf=6060&charge=2&value=11/14,sp|P61978|HNRPK_HUMAN,/core/www/modules//consensus/?run_id=110202&search_id=114132&scans_id=110198&peptide_id=41660&scanf=6060&charge=2&value=sp|P61978|HNRPK_HUMAN,2,/core/www/modules/match_peptides/blast_html4.php?run_id=110202&search_id=114132&scans_id=110198&peptide_id=41660&scanf=6060&charge=2&value=2,K.NAGAVIGK.G,/core/www/modules/show_out/show_out_wrapper.php?run_id=110202&search_id=114132&scans_id=110198&peptide_id=41660&scanf=6060&charge=2&value=K.NAGAVIGK.G,HNRNPK,1.512e+7,3.233,0.002,2.753,0.000
6061,2,"  2.807","  0.364",10/14,/core/www/modules//sdig/index.php?run_id=110202&search_id=114132&scans_id=110198&peptide_id=41661&scanf=6061&charge=2&value=10/14,sp|O43707|ACTN4_HUMAN,/core/www/modules//consensus/?run_id=110202&search_id=114132&scans_id=110198&peptide_id=41661&scanf=6061&charge=2&value=sp|O43707|ACTN4_HUMAN,2,/core/www/modules/match_peptides/blast_html4.php?run_id=110202&search_id=114132&scans_id=110198&peptide_id=41661&scanf=6061&charge=2&value=2,R.QGEAEFNR.I,/core/www/modules/show_out/show_out_wrapper.php?run_id=110202&search_id=114132&scans_id=110198&peptide_id=41661&scanf=6061&charge=2&value=R.QGEAEFNR.I,ACTN4,5.637e+6,3.430,0.001,3.044,0.000
6069,2,"  1.150","  0.073",6/14,/core/www/modules//sdig/index.php?run_id=110202&search_id=114132&scans_id=110198&peptide_id=41669&scanf=6069&charge=2&value=6/14,sp|O43707|ACTN4_HUMAN,/core/www/modules//consensus/?run_id=110202&search_id=114132&scans_id=110198&peptide_id=41669&scanf=6069&charge=2&value=sp|O43707|ACTN4_HUMAN,3,/core/www/modules/match_peptides/blast_html4.php?run_id=110202&search_id=114132&scans_id=110198&peptide_id=41669&scanf=6069&charge=2&value=3,K.TIQEM*QQK.L,/core/www/modules/show_out/show_out_wrapper.php?run_id=110202&search_id=114132&scans_id=110198&peptide_id=41669&scanf=6069&charge=2&value=K.TIQEM*QQK.L,ACTN4,7.444e+5,1.855,0.164,0.786,0.009
6081,2,"  1.565","  0.164",6/12,/core/www/modules//sdig/index.php?run_id=110202&search_id=114132&scans_id=110198&peptide_id=41680&scanf=6081&charge=2&value=6/12,sp|P10412|H14_HUMAN,/core/www/modules//consensus/?run_id=110202&search_id=114132&scans_id=110198&peptide_id=41680&scanf=6081&charge=2&value=sp|P10412|H14_HUMAN,4,/core/www/modules/match_peptides/blast_html4.php?run_id=110202&search_id=114132&scans_id=110198&peptide_id=41680&scanf=6081&charge=2&value=4,K.GTLVQTK.G,/core/www/modules/show_out/show_out_wrapper.php?run_id=110202&search_id=114132&scans_id=110198&peptide_id=41680&scanf=6081&charge=2&value=K.GTLVQTK.G,H1-4,8.235e+6,2.035,0.096,1.018,0.005
6083,2,"  1.376","  0.111",8/12,/core/www/modules//sdig/index.php?run_id=110202&search_id=114132&scans_id=110198&peptide_id=41682&scanf=6083&charge=2&value=8/12,sp|P02545|LMNA_HUMAN,/core/www/modules//consensus/?run_id=110202&search_id=114132&scans_id=110198&peptide_id=41682&scanf=6083&charge=2&value=sp|P02545|LMNA_HUMAN,8,/core/www/modules/match_peptides/blast_html4.php?run_id=110202&search_id=114132&scans_id=110198&peptide_id=41682&scanf=6083&charge=2&value=8,K.TLDSVAK.E,/core/www/modules/show_out/show_out_wrapper.php?run_id=110202&search_id=114132&scans_id=110198&peptide_id=41682&scanf=6083&charge=2&value=K.TLDSVAK.E,LMNA,3.241e+6,2.115,0.075,1.127,0.002
6104,2,"  1.597","  0.323",9/20,/core/www/modules//sdig/index.php?run_id=110202&search_id=114132&scans_id=110198&peptide_id=41702&scanf=6104&charge=2&value=9/20,sp|P18583|SON_HUMAN,/core/www/modules//consensus/?run_id=110202&search_id=114132&scans_id=110198&peptide_id=41702&scanf=6104&charge=2&value=sp|P18583|SON_HUMAN,0,/core/www/modules/match_peptides/blast_html4.php?run_id=110202&search_id=114132&scans_id=110198&peptide_id=41702&scanf=6104&charge=2&value=0,K.SVESTSPEPSK.I,/core/www/modules/show_out/show_out_wrapper.php?run_id=110202&search_id=114132&scans_id=110198&peptide_id=41702&scanf=6104&charge=2&value=K.SVESTSPEPSK.I,SON,8.386e+5,2.457,0.024,1.612,0.001
6106,2,"  1.539","  0.159",7/16,/core/www/modules//sdig/index.php?run_id=110202&search_id=114132&scans_id=110198&peptide_id=41704&scanf=6106&charge=2&value=7/16,sp|P33992|MCM5_HUMAN,/core/www/modules//consensus/?run_id=110202&search_id=114132&scans_id=110198&peptide_id=41704&scanf=6106&charge=2&value=sp|P33992|MCM5_HUMAN,1,/core/www/modules/match_peptides/blast_html4.php?run_id=110202&search_id=114132&scans_id=110198&peptide_id=41704&scanf=6106&charge=2&value=1,K.SDASPSSIR.S,/core/www/modules/show_out/show_out_wrapper.php?run_id=110202&search_id=114132&scans_id=110198&peptide_id=41704&scanf=6106&charge=2&value=K.SDASPSSIR.S,MCM5,8.022e+5,1.891,0.148,0.830,0.007
6109,2,"  1.411","  0.485",6/26,/core/www/modules//sdig/index.php?run_id=110202&search_id=114132&scans_id=110198&peptide_id=41707&scanf=6109&charge=2&value=6/26,sp|O95707|RPP29_HUMAN,/core/www/modules//consensus/?run_id=110202&search_id=114132&scans_id=110198&peptide_id=41707&scanf=6109&charge=2&value=sp|O95707|RPP29_HUMAN,3,/core/www/modules/match_peptides/blast_html4.php?run_id=110202&search_id=114132&scans_id=110198&peptide_id=41707&scanf=6109&charge=2&value=3,K.EANDSDVQPSGAQR.A,/core/www/modules/show_out/show_out_wrapper.php?run_id=110202&search_id=114132&scans_id=110198&peptide_id=41707&scanf=6109&charge=2&value=K.EANDSDVQPSGAQR.A,POP4,1.716e+5,2.387,0.031,1.511,0.001
6139,2,"  2.312","  0.265",13/14,/core/www/modules//sdig/index.php?run_id=110202&search_id=114132&scans_id=110198&peptide_id=41735&scanf=6139&charge=2&value=13/14,sp|Q8TAQ2|SMRC2_HUMAN,/core/www/modules//consensus/?run_id=110202&search_id=114132&scans_id=110198&peptide_id=41735&scanf=6139&charge=2&value=sp|Q8TAQ2|SMRC2_HUMAN,2,/core/www/modules/match_peptides/blast_html4.php?run_id=110202&search_id=114132&scans_id=110198&peptide_id=41735&scanf=6139&charge=2&value=2,K.HLAAVEER.K,/core/www/modules/show_out/show_out_wrapper.php?run_id=110202&search_id=114132&scans_id=110198&peptide_id=41735&scanf=6139&charge=2&value=K.HLAAVEER.K,SMARCC2,4.480e+6,3.203,0.002,2.708,0.000
6140,2,"  2.439","  0.270",11/14,/core/www/modules//sdig/index.php?run_id=110202&search_id=114132&scans_id=110198&peptide_id=41736&scanf=6140&charge=2&value=11/14,sp|Q02040|AK17A_HUMAN,/core/www/modules//consensus/?run_id=110202&search_id=114132&scans_id=110198&peptide_id=41736&scanf=6140&charge=2&value=sp|Q02040|AK17A_HUMAN,1,/core/www/modules/match_peptides/blast_html4.php?run_id=110202&search_id=114132&scans_id=110198&peptide_id=41736&scanf=6140&charge=2&value=1,K.HLSDASIK.K,/core/www/modules/show_out/show_out_wrapper.php?run_id=110202&search_id=114132&scans_id=110198&peptide_id=41736&scanf=6140&charge=2&value=K.HLSDASIK.K,AKAP17A,2.910e+6,2.810,0.007,2.128,0.000
6147,2,"  1.234","  0.121",7/14,/core/www/modules//sdig/index.php?run_id=110202&search_id=114132&scans_id=110198&peptide_id=41743&scanf=6147&charge=2&value=7/14,sp|P84103|SRSF3_HUMAN,/core/www/modules//consensus/?run_id=110202&search_id=114132&scans_id=110198&peptide_id=41743&scanf=6147&charge=2&value=sp|P84103|SRSF3_HUMAN,0,/core/www/modules/match_peptides/blast_html4.php?run_id=110202&search_id=114132&scans_id=110198&peptide_id=41743&scanf=6147&charge=2&value=0,R.VELSNGEK.R,/core/www/modules/show_out/show_out_wrapper.php?run_id=110202&search_id=114132&scans_id=110198&peptide_id=41743&scanf=6147&charge=2&value=R.VELSNGEK.R,SRSF3,2.430e+5,1.879,0.153,0.816,0.008
6160,2,"  1.663","  0.483",7/14,/core/www/modules//sdig/index.php?run_id=110202&search_id=114132&scans_id=110198&peptide_id=41755&scanf=6160&charge=2&value=7/14,sp|P38159|RBMX_HUMAN,/core/www/modules//consensus/?run_id=110202&search_id=114132&scans_id=110198&peptide_id=41755&scanf=6160&charge=2&value=sp|P38159|RBMX_HUMAN,4,/core/www/modules/match_peptides/blast_html4.php?run_id=110202&search_id=114132&scans_id=110198&peptide_id=41755&scanf=6160&charge=2&value=4,R.DSYGGPPR.R,/core/www/modules/show_out/show_out_wrapper.php?run_id=110202&search_id=114132&scans_id=110198&peptide_id=41755&scanf=6160&charge=2&value=R.DSYGGPPR.R,RBMX,1.934e+7,3.287,0.001,2.832,0.000
6161,2,"  1.519","  0.236",10/12,/core/www/modules//sdig/index.php?run_id=110202&search_id=114132&scans_id=110198&peptide_id=41756&scanf=6161&charge=2&value=10/12,sp|P68431|H31_HUMAN,/core/www/modules//consensus/?run_id=110202&search_id=114132&scans_id=110198&peptide_id=41756&scanf=6161&charge=2&value=sp|P68431|H31_HUMAN,7,/core/www/modules/match_peptides/blast_html4.php?run_id=110202&search_id=114132&scans_id=110198&peptide_id=41756&scanf=6161&charge=2&value=7,K.RVTIM*PK.D,/core/www/modules/show_out/show_out_wrapper.php?run_id=110202&search_id=114132&scans_id=110198&peptide_id=41756&scanf=6161&charge=2&value=K.RVTIM*PK.D,H3C12,5.489e+7,2.496,0.021,1.668,0.001
6162,2,"  1.699","  0.262",8/14,/core/www/modules//sdig/index.php?run_id=110202&search_id=114132&scans_id=110198&peptide_id=41757&scanf=6162&charge=2&value=8/14,sp|O75533|SF3B1_HUMAN,/core/www/modules//consensus/?run_id=110202&search_id=114132&scans_id=110198&peptide_id=41757&scanf=6162&charge=2&value=sp|O75533|SF3B1_HUMAN,1,/core/www/modules/match_peptides/blast_html4.php?run_id=110202&search_id=114132&scans_id=110198&peptide_id=41757&scanf=6162&charge=2&value=1,R.GAEYVSAR.E,/core/www/modules/show_out/show_out_wrapper.php?run_id=110202&search_id=114132&scans_id=110198&peptide_id=41757&scanf=6162&charge=2&value=R.GAEYVSAR.E,SF3B1,1.600e+6,2.676,0.012,1.931,0.000
6182,2,"  1.901","  0.474",12/26,/core/www/modules//sdig/index.php?run_id=110202&search_id=114132&scans_id=110198&peptide_id=41776&scanf=6182&charge=2&value=12/26,sp|Q03252|LMNB2_HUMAN,/core/www/modules//consensus/?run_id=110202&search_id=114132&scans_id=110198&peptide_id=41776&scanf=6182&charge=2&value=sp|Q03252|LMNB2_HUMAN,0,/core/www/modules/match_peptides/blast_html4.php?run_id=110202&search_id=114132&scans_id=110198&peptide_id=41776&scanf=6182&charge=2&value=0,R.ATSSSSGSLSATGR.L,/core/www/modules/show_out/show_out_wrapper.php?run_id=110202&search_id=114132&scans_id=110198&peptide_id=41776&scanf=6182&charge=2&value=R.ATSSSSGSLSATGR.L,LMNB2,6.652e+5,2.817,0.007,2.138,0.000
6183,2,"  2.092","  0.412",10/18,/core/www/modules//sdig/index.php?run_id=110202&search_id=114132&scans_id=110198&peptide_id=41777&scanf=6183&charge=2&value=10/18,sp|Q9UQE7|SMC3_HUMAN,/core/www/modules//consensus/?run_id=110202&search_id=114132&scans_id=110198&peptide_id=41777&scanf=6183&charge=2&value=sp|Q9UQE7|SMC3_HUMAN,0,/core/www/modules/match_peptides/blast_html4.php?run_id=110202&search_id=114132&scans_id=110198&peptide_id=41777&scanf=6183&charge=2&value=0,K.QKELAETEPK.F,/core/www/modules/show_out/show_out_wrapper.php?run_id=110202&search_id=114132&scans_id=110198&peptide_id=41777&scanf=6183&charge=2&value=K.QKELAETEPK.F,SMC3,2.730e+5,2.771,0.009,2.070,0.000
6184,2,"  2.260","  0.510",12/22,/core/www/modules//sdig/index.php?run_id=110202&search_id=114132&scans_id=110198&peptide_id=41778&scanf=6184&charge=2&value=12/22,sp|P19338|NUCL_HUMAN,/core/www/modules//consensus/?run_id=110202&search_id=114132&scans_id=110198&peptide_id=41778&scanf=6184&charge=2&value=sp|P19338|NUCL_HUMAN,5,/core/www/modules/match_peptides/blast_html4.php?run_id=110202&search_id=114132&scans_id=110198&peptide_id=41778&scanf=6184&charge=2&value=5,K.EAM*EDGEIDGNK.V,/core/www/modules/show_out/show_out_wrapper.php?run_id=110202&search_id=114132&scans_id=110198&peptide_id=41778&scanf=6184&charge=2&value=K.EAM*EDGEIDGNK.V,NCL,2.025e+6,3.305,0.001,2.860,0.000
6189,2,"  2.071","  0.622",10/20,/core/www/modules//sdig/index.php?run_id=110202&search_id=114132&scans_id=110198&peptide_id=41783&scanf=6189&charge=2&value=10/20,sp|P60709|ACTB_HUMAN,/core/www/modules//consensus/?run_id=110202&search_id=114132&scans_id=110198&peptide_id=41783&scanf=6189&charge=2&value=sp|P60709|ACTB_HUMAN,27,/core/www/modules/match_peptides/blast_html4.php?run_id=110202&search_id=114132&scans_id=110198&peptide_id=41783&scanf=6189&charge=2&value=27,K.DSYVGDEAQSK.R,/core/www/modules/show_out/show_out_wrapper.php?run_id=110202&search_id=114132&scans_id=110198&peptide_id=41783&scanf=6189&charge=2&value=K.DSYVGDEAQSK.R,ACTB,9.353e+5,4.012,0.000,3.908,0.000
6190,2,"  2.129","  0.300",7/18,/core/www/modules//sdig/index.php?run_id=110202&search_id=114132&scans_id=110198&peptide_id=41784&scanf=6190&charge=2&value=7/18,sp|Q9NX24|NHP2_HUMAN,/core/www/modules//consensus/?run_id=110202&search_id=114132&scans_id=110198&peptide_id=41784&scanf=6190&charge=2&value=sp|Q9NX24|NHP2_HUMAN,0,/core/www/modules/match_peptides/blast_html4.php?run_id=110202&search_id=114132&scans_id=110198&peptide_id=41784&scanf=6190&charge=2&value=0,K.TDLGAAAGSK.R,/core/www/modules/show_out/show_out_wrapper.php?run_id=110202&search_id=114132&scans_id=110198&peptide_id=41784&scanf=6190&charge=2&value=K.TDLGAAAGSK.R,NHP2,1.043e+6,2.264,0.046,1.335,0.002
6199,2,"  1.963","  0.142",9/14,/core/www/modules//sdig/index.php?run_id=110202&search_id=114132&scans_id=110198&peptide_id=41793&scanf=6199&charge=2&value=9/14,sp|Q9NR30|DDX21_HUMAN,/core/www/modules//consensus/?run_id=110202&search_id=114132&scans_id=110198&peptide_id=41793&scanf=6199&charge=2&value=sp|Q9NR30|DDX21_HUMAN,4,/core/www/modules/match_peptides/blast_html4.php?run_id=110202&search_id=114132&scans_id=110198&peptide_id=41793&scanf=6199&charge=2&value=4,R.ELANQVSK.D,/core/www/modules/show_out/show_out_wrapper.php?run_id=110202&search_id=114132&scans_id=110198&peptide_id=41793&scanf=6199&charge=2&value=R.ELANQVSK.D,DDX21,8.668e+6,2.326,0.038,1.423,0.001
6202,2,"  1.453","  0.284",7/16,/core/www/modules//sdig/index.php?run_id=110202&search_id=114132&scans_id=110198&peptide_id=41795&scanf=6202&charge=2&value=7/16,sp|Q8TF72|SHRM3_HUMAN,/core/www/modules//consensus/?run_id=110202&search_id=114132&scans_id=110198&peptide_id=41795&scanf=6202&charge=2&value=sp|Q8TF72|SHRM3_HUMAN,1,/core/www/modules/match_peptides/blast_html4.php?run_id=110202&search_id=114132&scans_id=110198&peptide_id=41795&scanf=6202&charge=2&value=1,R.SSPATADKR.Q,/core/www/modules/show_out/show_out_wrapper.php?run_id=110202&search_id=114132&scans_id=110198&peptide_id=41795&scanf=6202&charge=2&value=R.SSPATADKR.Q,SHROOM3,1.068e+7,1.988,0.110,0.957,0.005
6228,2,"  2.124","  0.476",12/24,/core/www/modules//sdig/index.php?run_id=110202&search_id=114132&scans_id=110198&peptide_id=41820&scanf=6228&charge=2&value=12/24,sp|Q9NR30|DDX21_HUMAN,/core/www/modules//consensus/?run_id=110202&search_id=114132&scans_id=110198&peptide_id=41820&scanf=6228&charge=2&value=sp|Q9NR30|DDX21_HUMAN,4,/core/www/modules/match_peptides/blast_html4.php?run_id=110202&search_id=114132&scans_id=110198&peptide_id=41820&scanf=6228&charge=2&value=4,K.KKEEPSQNDISPK.T,/core/www/modules/show_out/show_out_wrapper.php?run_id=110202&search_id=114132&scans_id=110198&peptide_id=41820&scanf=6228&charge=2&value=K.KKEEPSQNDISPK.T,DDX21,3.333e+5,2.482,0.023,1.648,0.001
6244,2,"  1.667","  0.476",8/14,/core/www/modules//sdig/index.php?run_id=110202&search_id=114132&scans_id=110198&peptide_id=41835&scanf=6244&charge=2&value=8/14,sp|P78527|PRKDC_HUMAN,/core/www/modules//consensus/?run_id=110202&search_id=114132&scans_id=110198&peptide_id=41835&scanf=6244&charge=2&value=sp|P78527|PRKDC_HUMAN,0,/core/www/modules/match_peptides/blast_html4.php?run_id=110202&search_id=114132&scans_id=110198&peptide_id=41835&scanf=6244&charge=2&value=0,K.GIAPGDER.Q,/core/www/modules/show_out/show_out_wrapper.php?run_id=110202&search_id=114132&scans_id=110198&peptide_id=41835&scanf=6244&charge=2&value=K.GIAPGDER.Q,PRKDC,6.504e+6,4.001,0.000,3.891,0.000
6245,2,"  1.813","  0.402",9/14,/core/www/modules//sdig/index.php?run_id=110202&search_id=114132&scans_id=110198&peptide_id=41836&scanf=6245&charge=2&value=9/14,sp|P14625|ENPL_HUMAN,/core/www/modules//consensus/?run_id=110202&search_id=114132&scans_id=110198&peptide_id=41836&scanf=6245&charge=2&value=sp|P14625|ENPL_HUMAN,8,/core/www/modules/match_peptides/blast_html4.php?run_id=110202&search_id=114132&scans_id=110198&peptide_id=41836&scanf=6245&charge=2&value=8,K.EVEEDEYK.A,/core/www/modules/show_out/show_out_wrapper.php?run_id=110202&search_id=114132&scans_id=110198&peptide_id=41836&scanf=6245&charge=2&value=K.EVEEDEYK.A,HSP90B1,4.144e+6,3.112,0.003,2.573,0.000
6249,2,"  1.917","  0.540",10/16,/core/www/modules//sdig/index.php?run_id=110202&search_id=114132&scans_id=110198&peptide_id=41840&scanf=6249&charge=2&value=10/16,sp|O94906|PRP6_HUMAN,/core/www/modules//consensus/?run_id=110202&search_id=114132&scans_id=110198&peptide_id=41840&scanf=6249&charge=2&value=sp|O94906|PRP6_HUMAN,0,/core/www/modules/match_peptides/blast_html4.php?run_id=110202&search_id=114132&scans_id=110198&peptide_id=41840&scanf=6249&charge=2&value=0,R.DANDPVDDR.H,/core/www/modules/show_out/show_out_wrapper.php?run_id=110202&search_id=114132&scans_id=110198&peptide_id=41840&scanf=6249&charge=2&value=R.DANDPVDDR.H,PRPF6,1.880e+6,3.572,0.001,3.256,0.000
6260,2,"  1.576","  0.449",6/26,/core/www/modules//sdig/index.php?run_id=110202&search_id=114132&scans_id=110198&peptide_id=41851&scanf=6260&charge=2&value=6/26,sp|Q9BU76|MMTA2_HUMAN,/core/www/modules//consensus/?run_id=110202&search_id=114132&scans_id=110198&peptide_id=41851&scanf=6260&charge=2&value=sp|Q9BU76|MMTA2_HUMAN,0,/core/www/modules/match_peptides/blast_html4.php?run_id=110202&search_id=114132&scans_id=110198&peptide_id=41851&scanf=6260&charge=2&value=0,R.VESGGPGTSAASAR.R,/core/www/modules/show_out/show_out_wrapper.php?run_id=110202&search_id=114132&scans_id=110198&peptide_id=41851&scanf=6260&charge=2&value=R.VESGGPGTSAASAR.R,MMTAG2,6.158e+5,2.343,0.036,1.448,0.001
6266,2,"  1.848","  0.417",9/12,/core/www/modules//sdig/index.php?run_id=110202&search_id=114132&scans_id=110198&peptide_id=41856&scanf=6266&charge=2&value=9/12,sp|Q14151|SAFB2_HUMAN,/core/www/modules//consensus/?run_id=110202&search_id=114132&scans_id=110198&peptide_id=41856&scanf=6266&charge=2&value=sp|Q14151|SAFB2_HUMAN,2,/core/www/modules/match_peptides/blast_html4.php?run_id=110202&search_id=114132&scans_id=110198&peptide_id=41856&scanf=6266&charge=2&value=2,R.FHDFDHR.D,/core/www/modules/show_out/show_out_wrapper.php?run_id=110202&search_id=114132&scans_id=110198&peptide_id=41856&scanf=6266&charge=2&value=R.FHDFDHR.D,SAFB2,1.953e+6,3.320,0.001,2.882,0.000
6267,2,"  2.612","  0.528",14/24,/core/www/modules//sdig/index.php?run_id=110202&search_id=114132&scans_id=110198&peptide_id=41857&scanf=6267&charge=2&value=14/24,sp|P62195|PRS8_HUMAN,/core/www/modules//consensus/?run_id=110202&search_id=114132&scans_id=110198&peptide_id=41857&scanf=6267&charge=2&value=sp|P62195|PRS8_HUMAN,1,/core/www/modules/match_peptides/blast_html4.php?run_id=110202&search_id=114132&scans_id=110198&peptide_id=41857&scanf=6267&charge=2&value=1,R.LEGGSGGDSEVQR.T,/core/www/modules/show_out/show_out_wrapper.php?run_id=110202&search_id=114132&scans_id=110198&peptide_id=41857&scanf=6267&charge=2&value=R.LEGGSGGDSEVQR.T,PSMC5,1.267e+6,3.285,0.001,2.829,0.000
6282,3,"  2.453","  0.206",12/36,/core/www/modules//sdig/index.php?run_id=110202&search_id=114132&scans_id=110198&peptide_id=41872&scanf=6282&charge=3&value=12/36,sp|Q14151|SAFB2_HUMAN,/core/www/modules//consensus/?run_id=110202&search_id=114132&scans_id=110198&peptide_id=41872&scanf=6282&charge=3&value=sp|Q14151|SAFB2_HUMAN,0,/core/www/modules/match_peptides/blast_html4.php?run_id=110202&search_id=114132&scans_id=110198&peptide_id=41872&scanf=6282&charge=3&value=0,R.GQYQDHAIDR.R,/core/www/modules/show_out/show_out_wrapper.php?run_id=110202&search_id=114132&scans_id=110198&peptide_id=41872&scanf=6282&charge=3&value=R.GQYQDHAIDR.R,SAFB2,1.779e+6,2.406,0.029,1.539,0.001
6287,2,"  2.000","  0.498",13/20,/core/www/modules//sdig/index.php?run_id=110202&search_id=114132&scans_id=110198&peptide_id=41876&scanf=6287&charge=2&value=13/20,sp|P60709|ACTB_HUMAN,/core/www/modules//consensus/?run_id=110202&search_id=114132&scans_id=110198&peptide_id=41876&scanf=6287&charge=2&value=sp|P60709|ACTB_HUMAN,26,/core/www/modules/match_peptides/blast_html4.php?run_id=110202&search_id=114132&scans_id=110198&peptide_id=41876&scanf=6287&charge=2&value=26,R.HQGVM*VGM*GQK.D,/core/www/modules/show_out/show_out_wrapper.php?run_id=110202&search_id=114132&scans_id=110198&peptide_id=41876&scanf=6287&charge=2&value=R.HQGVM*VGM*GQK.D,ACTB,5.354e+6,3.835,0.000,3.645,0.000
6307,2,"  2.282","  0.216",8/12,/core/www/modules//sdig/index.php?run_id=110202&search_id=114132&scans_id=110198&peptide_id=41895&scanf=6307&charge=2&value=8/12,sp|P38159|RBMX_HUMAN,/core/www/modules//consensus/?run_id=110202&search_id=114132&scans_id=110198&peptide_id=41895&scanf=6307&charge=2&value=sp|P38159|RBMX_HUMAN,4,/core/www/modules/match_peptides/blast_html4.php?run_id=110202&search_id=114132&scans_id=110198&peptide_id=41895&scanf=6307&charge=2&value=4,R.REPLPSR.R,/core/www/modules/show_out/show_out_wrapper.php?run_id=110202&search_id=114132&scans_id=110198&peptide_id=41895&scanf=6307&charge=2&value=R.REPLPSR.R,RBMX,2.833e+7,2.434,0.026,1.578,0.001
6309,2,"  1.760","  0.309",8/12,/core/www/modules//sdig/index.php?run_id=110202&search_id=114132&scans_id=110198&peptide_id=41897&scanf=6309&charge=2&value=8/12,sp|Q9BUJ2|HNRL1_HUMAN,/core/www/modules//consensus/?run_id=110202&search_id=114132&scans_id=110198&peptide_id=41897&scanf=6309&charge=2&value=sp|Q9BUJ2|HNRL1_HUMAN,4,/core/www/modules/match_peptides/blast_html4.php?run_id=110202&search_id=114132&scans_id=110198&peptide_id=41897&scanf=6309&charge=2&value=4,R.FENYGDK.F,/core/www/modules/show_out/show_out_wrapper.php?run_id=110202&search_id=114132&scans_id=110198&peptide_id=41897&scanf=6309&charge=2&value=R.FENYGDK.F,HNRNPUL1,3.590e+6,2.878,0.006,2.229,0.000
6313,2,"  2.514","  0.616",13/26,/core/www/modules//sdig/index.php?run_id=110202&search_id=114132&scans_id=110198&peptide_id=41901&scanf=6313&charge=2&value=13/26,sp|Q9BU76|MMTA2_HUMAN,/core/www/modules//consensus/?run_id=110202&search_id=114132&scans_id=110198&peptide_id=41901&scanf=6313&charge=2&value=sp|Q9BU76|MMTA2_HUMAN,0,/core/www/modules/match_peptides/blast_html4.php?run_id=110202&search_id=114132&scans_id=110198&peptide_id=41901&scanf=6313&charge=2&value=0,R.VESGGPGTSAASAR.R,/core/www/modules/show_out/show_out_wrapper.php?run_id=110202&search_id=114132&scans_id=110198&peptide_id=41901&scanf=6313&charge=2&value=R.VESGGPGTSAASAR.R,MMTAG2,6.158e+5,3.308,0.001,2.864,0.000
6316,3,"  2.052","  0.238",13/52,/core/www/modules//sdig/index.php?run_id=110202&search_id=114132&scans_id=110198&peptide_id=41904&scanf=6316&charge=3&value=13/52,sp|P53618|COPB_HUMAN,/core/www/modules//consensus/?run_id=110202&search_id=114132&scans_id=110198&peptide_id=41904&scanf=6316&charge=3&value=sp|P53618|COPB_HUMAN,1,/core/www/modules/match_peptides/blast_html4.php?run_id=110202&search_id=114132&scans_id=110198&peptide_id=41904&scanf=6316&charge=3&value=1,K.TNNVSEHEDTDKYR.Q,/core/www/modules/show_out/show_out_wrapper.php?run_id=110202&search_id=114132&scans_id=110198&peptide_id=41904&scanf=6316&charge=3&value=K.TNNVSEHEDTDKYR.Q,COPB1,1.890e+5,2.013,0.102,0.989,0.005
6329,2,"  1.063","  0.213",6/14,/core/www/modules//sdig/index.php?run_id=110202&search_id=114132&scans_id=110198&peptide_id=41916&scanf=6329&charge=2&value=6/14,sp|P55072|TERA_HUMAN,/core/www/modules//consensus/?run_id=110202&search_id=114132&scans_id=110198&peptide_id=41916&scanf=6329&charge=2&value=sp|P55072|TERA_HUMAN,6,/core/www/modules/match_peptides/blast_html4.php?run_id=110202&search_id=114132&scans_id=110198&peptide_id=41916&scanf=6329&charge=2&value=6,R.SVSDNDIR.K,/core/www/modules/show_out/show_out_wrapper.php?run_id=110202&search_id=114132&scans_id=110198&peptide_id=41916&scanf=6329&charge=2&value=R.SVSDNDIR.K,VCP,1.327e+6,2.141,0.069,1.163,0.002
6349,2,"  2.506","  0.378",14/16,/core/www/modules//sdig/index.php?run_id=110202&search_id=114132&scans_id=110198&peptide_id=41935&scanf=6349&charge=2&value=14/16,sp|P22087|FBRL_HUMAN,/core/www/modules//consensus/?run_id=110202&search_id=114132&scans_id=110198&peptide_id=41935&scanf=6349&charge=2&value=sp|P22087|FBRL_HUMAN,7,/core/www/modules/match_peptides/blast_html4.php?run_id=110202&search_id=114132&scans_id=110198&peptide_id=41935&scanf=6349&charge=2&value=7,R.GKEDALVTK.N,/core/www/modules/show_out/show_out_wrapper.php?run_id=110202&search_id=114132&scans_id=110198&peptide_id=41935&scanf=6349&charge=2&value=R.GKEDALVTK.N,FBL,1.264e+7,3.069,0.003,2.510,0.000
6351,4,"  2.051","  0.179",13/66,/core/www/modules//sdig/index.php?run_id=110202&search_id=114132&scans_id=110198&peptide_id=41937&scanf=6351&charge=4&value=13/66,sp|P61586|RHOA_HUMAN,/core/www/modules//consensus/?run_id=110202&search_id=114132&scans_id=110198&peptide_id=41937&scanf=6351&charge=4&value=sp|P61586|RHOA_HUMAN,0,/core/www/modules/match_peptides/blast_html4.php?run_id=110202&search_id=114132&scans_id=110198&peptide_id=41937&scanf=6351&charge=4&value=0,K.MKQEPVKPEEGR.D,/core/www/modules/show_out/show_out_wrapper.php?run_id=110202&search_id=114132&scans_id=110198&peptide_id=41937&scanf=6351&charge=4&value=K.MKQEPVKPEEGR.D,RHOA,9.293e+5,2.152,0.066,1.178,0.002
6360,2,"  2.095","  0.461",10/20,/core/www/modules//sdig/index.php?run_id=110202&search_id=114132&scans_id=110198&peptide_id=41946&scanf=6360&charge=2&value=10/20,sp|P18583|SON_HUMAN,/core/www/modules//consensus/?run_id=110202&search_id=114132&scans_id=110198&peptide_id=41946&scanf=6360&charge=2&value=sp|P18583|SON_HUMAN,0,/core/www/modules/match_peptides/blast_html4.php?run_id=110202&search_id=114132&scans_id=110198&peptide_id=41946&scanf=6360&charge=2&value=0,K.SVESTSPEPSK.I,/core/www/modules/show_out/show_out_wrapper.php?run_id=110202&search_id=114132&scans_id=110198&peptide_id=41946&scanf=6360&charge=2&value=K.SVESTSPEPSK.I,SON,8.386e+5,2.992,0.004,2.397,0.000
6392,2,"  1.422","  0.211",8/16,/core/www/modules//sdig/index.php?run_id=110202&search_id=114132&scans_id=110198&peptide_id=41976&scanf=6392&charge=2&value=8/16,sp|O95478|NSA2_HUMAN,/core/www/modules//consensus/?run_id=110202&search_id=114132&scans_id=110198&peptide_id=41976&scanf=6392&charge=2&value=sp|O95478|NSA2_HUMAN,0,/core/www/modules/match_peptides/blast_html4.php?run_id=110202&search_id=114132&scans_id=110198&peptide_id=41976&scanf=6392&charge=2&value=0,K.AHVTHPELK.A,/core/www/modules/show_out/show_out_wrapper.php?run_id=110202&search_id=114132&scans_id=110198&peptide_id=41976&scanf=6392&charge=2&value=K.AHVTHPELK.A,NSA2,2.355e+5,2.131,0.071,1.150,0.002
6419,2,"  1.393","  0.298",9/22,/core/www/modules//sdig/index.php?run_id=110202&search_id=114132&scans_id=110198&peptide_id=42002&scanf=6419&charge=2&value=9/22,sp|Q8N684|CPSF7_HUMAN,/core/www/modules//consensus/?run_id=110202&search_id=114132&scans_id=110198&peptide_id=42002&scanf=6419&charge=2&value=sp|Q8N684|CPSF7_HUMAN,1,/core/www/modules/match_peptides/blast_html4.php?run_id=110202&search_id=114132&scans_id=110198&peptide_id=42002&scanf=6419&charge=2&value=1,K.SYSVGASGSSSR.K,/core/www/modules/show_out/show_out_wrapper.php?run_id=110202&search_id=114132&scans_id=110198&peptide_id=42002&scanf=6419&charge=2&value=K.SYSVGASGSSSR.K,CPSF7,1.482e+5,2.170,0.063,1.204,0.002
6421,3,"  1.800","  0.169",8/32,/core/www/modules//sdig/index.php?run_id=110202&search_id=114132&scans_id=110198&peptide_id=42004&scanf=6421&charge=3&value=8/32,sp|Q07955|SRSF1_HUMAN,/core/www/modules//consensus/?run_id=110202&search_id=114132&scans_id=110198&peptide_id=42004&scanf=6421&charge=3&value=sp|Q07955|SRSF1_HUMAN,2,/core/www/modules/match_peptides/blast_html4.php?run_id=110202&search_id=114132&scans_id=110198&peptide_id=42004&scanf=6421&charge=3&value=2,R.KEDM*TYAVR.K,/core/www/modules/show_out/show_out_wrapper.php?run_id=110202&search_id=114132&scans_id=110198&peptide_id=42004&scanf=6421&charge=3&value=R.KEDM*TYAVR.K,SRSF1,7.277e+5,1.960,0.120,0.920,0.005
6433,2,"  2.522","  0.631",13/16,/core/www/modules//sdig/index.php?run_id=110202&search_id=114132&scans_id=110198&peptide_id=42015&scanf=6433&charge=2&value=13/16,sp|Q08211|DHX9_HUMAN,/core/www/modules//consensus/?run_id=110202&search_id=114132&scans_id=110198&peptide_id=42015&scanf=6433&charge=2&value=sp|Q08211|DHX9_HUMAN,0,/core/www/modules/match_peptides/blast_html4.php?run_id=110202&search_id=114132&scans_id=110198&peptide_id=42015&scanf=6433&charge=2&value=0,R.YGDGPRPPK.M,/core/www/modules/show_out/show_out_wrapper.php?run_id=110202&search_id=114132&scans_id=110198&peptide_id=42015&scanf=6433&charge=2&value=R.YGDGPRPPK.M,DHX9,3.932e+6,4.354,0.000,4.414,0.000
6434,2,"  1.928","  0.255",9/16,/core/www/modules//sdig/index.php?run_id=110202&search_id=114132&scans_id=110198&peptide_id=42016&scanf=6434&charge=2&value=9/16,sp|P21333|FLNA_HUMAN,/core/www/modules//consensus/?run_id=110202&search_id=114132&scans_id=110198&peptide_id=42016&scanf=6434&charge=2&value=sp|P21333|FLNA_HUMAN,2,/core/www/modules/match_peptides/blast_html4.php?run_id=110202&search_id=114132&scans_id=110198&peptide_id=42016&scanf=6434&charge=2&value=2,K.KGEITGEVR.M,/core/www/modules/show_out/show_out_wrapper.php?run_id=110202&search_id=114132&scans_id=110198&peptide_id=42016&scanf=6434&charge=2&value=K.KGEITGEVR.M,FLNA,9.431e+5,2.080,0.083,1.080,0.003
6435,2,"  1.995","  0.157",9/18,/core/www/modules//sdig/index.php?run_id=110202&search_id=114132&scans_id=110198&peptide_id=42017&scanf=6435&charge=2&value=9/18,sp|P39019|RS19_HUMAN,/core/www/modules//consensus/?run_id=110202&search_id=114132&scans_id=110198&peptide_id=42017&scanf=6435&charge=2&value=sp|P39019|RS19_HUMAN,0,/core/www/modules/match_peptides/blast_html4.php?run_id=110202&search_id=114132&scans_id=110198&peptide_id=42017&scanf=6435&charge=2&value=0,R.GGAGVGSMTK.I,/core/www/modules/show_out/show_out_wrapper.php?run_id=110202&search_id=114132&scans_id=110198&peptide_id=42017&scanf=6435&charge=2&value=R.GGAGVGSMTK.I,RPS19,1.633e+6,1.862,0.160,0.795,0.008
6454,2,"  2.048","  0.556",9/14,/core/www/modules//sdig/index.php?run_id=110202&search_id=114132&scans_id=110198&peptide_id=42035&scanf=6454&charge=2&value=9/14,sp|P38159|RBMX_HUMAN,/core/www/modules//consensus/?run_id=110202&search_id=114132&scans_id=110198&peptide_id=42035&scanf=6454&charge=2&value=sp|P38159|RBMX_HUMAN,1,/core/www/modules/match_peptides/blast_html4.php?run_id=110202&search_id=114132&scans_id=110198&peptide_id=42035&scanf=6454&charge=2&value=1,R.SDLYSSGR.D,/core/www/modules/show_out/show_out_wrapper.php?run_id=110202&search_id=114132&scans_id=110198&peptide_id=42035&scanf=6454&charge=2&value=R.SDLYSSGR.D,RBMX,2.604e+7,3.760,0.000,3.533,0.000
6478,2,"  4.142","  0.670",22/26,/core/www/modules//sdig/index.php?run_id=110202&search_id=114132&scans_id=110198&peptide_id=42058&scanf=6478&charge=2&value=22/26,sp|P38919|IF4A3_HUMAN,/core/www/modules//consensus/?run_id=110202&search_id=114132&scans_id=110198&peptide_id=42058&scanf=6478&charge=2&value=sp|P38919|IF4A3_HUMAN,1,/core/www/modules/match_peptides/blast_html4.php?run_id=110202&search_id=114132&scans_id=110198&peptide_id=42058&scanf=6478&charge=2&value=1,K.GRDVIAQSQSGTGK.T,/core/www/modules/show_out/show_out_wrapper.php?run_id=110202&search_id=114132&scans_id=110198&peptide_id=42058&scanf=6478&charge=2&value=K.GRDVIAQSQSGTGK.T,EIF4A3,1.258e+7,3.718,0.000,3.471,0.000
6479,2,"  2.223","  0.124",9/18,/core/www/modules//sdig/index.php?run_id=110202&search_id=114132&scans_id=110198&peptide_id=42059&scanf=6479&charge=2&value=9/18,sp|Q86VM9|ZCH18_HUMAN,/core/www/modules//consensus/?run_id=110202&search_id=114132&scans_id=110198&peptide_id=42059&scanf=6479&charge=2&value=sp|Q86VM9|ZCH18_HUMAN,2,/core/www/modules/match_peptides/blast_html4.php?run_id=110202&search_id=114132&scans_id=110198&peptide_id=42059&scanf=6479&charge=2&value=2,K.EAATTGPQVK.R,/core/www/modules/show_out/show_out_wrapper.php?run_id=110202&search_id=114132&scans_id=110198&peptide_id=42059&scanf=6479&charge=2&value=K.EAATTGPQVK.R,ZC3H18,1.882e+6,1.910,0.140,0.855,0.007
6497,2,"  1.306","  0.193",8/14,/core/www/modules//sdig/index.php?run_id=110202&search_id=114132&scans_id=110198&peptide_id=42076&scanf=6497&charge=2&value=8/14,sp|Q9BZZ5|API5_HUMAN,/core/www/modules//consensus/?run_id=110202&search_id=114132&scans_id=110198&peptide_id=42076&scanf=6497&charge=2&value=sp|Q9BZZ5|API5_HUMAN,1,/core/www/modules/match_peptides/blast_html4.php?run_id=110202&search_id=114132&scans_id=110198&peptide_id=42076&scanf=6497&charge=2&value=1,K.SLQTVSGR.Q,/core/www/modules/show_out/show_out_wrapper.php?run_id=110202&search_id=114132&scans_id=110198&peptide_id=42076&scanf=6497&charge=2&value=K.SLQTVSGR.Q,API5,1.215e+7,2.237,0.050,1.298,0.002
6498,2,"  3.250","  0.493",14/20,/core/www/modules//sdig/index.php?run_id=110202&search_id=114132&scans_id=110198&peptide_id=42077&scanf=6498&charge=2&value=14/20,sp|Q92522|H1X_HUMAN,/core/www/modules//consensus/?run_id=110202&search_id=114132&scans_id=110198&peptide_id=42077&scanf=6498&charge=2&value=sp|Q92522|H1X_HUMAN,0,/core/www/modules/match_peptides/blast_html4.php?run_id=110202&search_id=114132&scans_id=110198&peptide_id=42077&scanf=6498&charge=2&value=0,K.AGGSAALSPSK.K,/core/www/modules/show_out/show_out_wrapper.php?run_id=110202&search_id=114132&scans_id=110198&peptide_id=42077&scanf=6498&charge=2&value=K.AGGSAALSPSK.K,H1-10,2.962e+6,3.370,0.001,2.956,0.000
6499,3,"  3.117","  0.423",13/48,/core/www/modules//sdig/index.php?run_id=110202&search_id=114132&scans_id=110198&peptide_id=42078&scanf=6499&charge=3&value=13/48,sp|Q9NR30|DDX21_HUMAN,/core/www/modules//consensus/?run_id=110202&search_id=114132&scans_id=110198&peptide_id=42078&scanf=6499&charge=3&value=sp|Q9NR30|DDX21_HUMAN,4,/core/www/modules/match_peptides/blast_html4.php?run_id=110202&search_id=114132&scans_id=110198&peptide_id=42078&scanf=6499&charge=3&value=4,K.KKEEPSQNDISPK.T,/core/www/modules/show_out/show_out_wrapper.php?run_id=110202&search_id=114132&scans_id=110198&peptide_id=42078&scanf=6499&charge=3&value=K.KKEEPSQNDISPK.T,DDX21,1.217e+6,2.469,0.023,1.630,0.001
6504,2,"  1.361","  0.059",9/16,/core/www/modules//sdig/index.php?run_id=110202&search_id=114132&scans_id=110198&peptide_id=42083&scanf=6504&charge=2&value=9/16,sp|Q08211|DHX9_HUMAN,/core/www/modules//consensus/?run_id=110202&search_id=114132&scans_id=110198&peptide_id=42083&scanf=6504&charge=2&value=sp|Q08211|DHX9_HUMAN,0,/core/www/modules/match_peptides/blast_html4.php?run_id=110202&search_id=114132&scans_id=110198&peptide_id=42083&scanf=6504&charge=2&value=0,R.M*GGEEAEIR.F,/core/www/modules/show_out/show_out_wrapper.php?run_id=110202&search_id=114132&scans_id=110198&peptide_id=42083&scanf=6504&charge=2&value=R.M*GGEEAEIR.F,DHX9,1.537e+6,2.058,0.089,1.049,0.004
6517,2,"  1.678","  0.149",7/12,/core/www/modules//sdig/index.php?run_id=110202&search_id=114132&scans_id=110198&peptide_id=42095&scanf=6517&charge=2&value=7/12,sp|O94906|PRP6_HUMAN,/core/www/modules//consensus/?run_id=110202&search_id=114132&scans_id=110198&peptide_id=42095&scanf=6517&charge=2&value=sp|O94906|PRP6_HUMAN,0,/core/www/modules/match_peptides/blast_html4.php?run_id=110202&search_id=114132&scans_id=110198&peptide_id=42095&scanf=6517&charge=2&value=0,R.HLPQSVR.I,/core/www/modules/show_out/show_out_wrapper.php?run_id=110202&search_id=114132&scans_id=110198&peptide_id=42095&scanf=6517&charge=2&value=R.HLPQSVR.I,PRPF6,1.165e+6,2.216,0.054,1.267,0.002
6540,2,"  1.409","  0.049",7/12,/core/www/modules//sdig/index.php?run_id=110202&search_id=114132&scans_id=110198&peptide_id=42117&scanf=6540&charge=2&value=7/12,sp|P19338|NUCL_HUMAN,/core/www/modules//consensus/?run_id=110202&search_id=114132&scans_id=110198&peptide_id=42117&scanf=6540&charge=2&value=sp|P19338|NUCL_HUMAN,8,/core/www/modules/match_peptides/blast_html4.php?run_id=110202&search_id=114132&scans_id=110198&peptide_id=42117&scanf=6540&charge=2&value=8,K.VTQDELK.E,/core/www/modules/show_out/show_out_wrapper.php?run_id=110202&search_id=114132&scans_id=110198&peptide_id=42117&scanf=6540&charge=2&value=K.VTQDELK.E,NCL,4.049e+7,2.014,0.102,0.991,0.005
6558,2,"  2.546","  0.653",12/18,/core/www/modules//sdig/index.php?run_id=110202&search_id=114132&scans_id=110198&peptide_id=42134&scanf=6558&charge=2&value=12/18,sp|P78527|PRKDC_HUMAN,/core/www/modules//consensus/?run_id=110202&search_id=114132&scans_id=110198&peptide_id=42134&scanf=6558&charge=2&value=sp|P78527|PRKDC_HUMAN,0,/core/www/modules/match_peptides/blast_html4.php?run_id=110202&search_id=114132&scans_id=110198&peptide_id=42134&scanf=6558&charge=2&value=0,K.SMEEDPQTSR.E,/core/www/modules/show_out/show_out_wrapper.php?run_id=110202&search_id=114132&scans_id=110198&peptide_id=42134&scanf=6558&charge=2&value=K.SMEEDPQTSR.E,PRKDC,3.377e+6,4.693,0.000,4.918,0.000
6565,2,"  1.138","  0.199",6/14,/core/www/modules//sdig/index.php?run_id=110202&search_id=114132&scans_id=110198&peptide_id=42141&scanf=6565&charge=2&value=6/14,sp|Q8WTT2|NOC3L_HUMAN,/core/www/modules//consensus/?run_id=110202&search_id=114132&scans_id=110198&peptide_id=42141&scanf=6565&charge=2&value=sp|Q8WTT2|NOC3L_HUMAN,0,/core/www/modules/match_peptides/blast_html4.php?run_id=110202&search_id=114132&scans_id=110198&peptide_id=42141&scanf=6565&charge=2&value=0,R.HYHPIVQR.F,/core/www/modules/show_out/show_out_wrapper.php?run_id=110202&search_id=114132&scans_id=110198&peptide_id=42141&scanf=6565&charge=2&value=R.HYHPIVQR.F,NOC3L,5.634e+5,2.028,0.098,1.010,0.005
6580,2,"  1.401","  0.151",9/14,/core/www/modules//sdig/index.php?run_id=110202&search_id=114132&scans_id=110198&peptide_id=42155&scanf=6580&charge=2&value=9/14,sp|Q15393|SF3B3_HUMAN,/core/www/modules//consensus/?run_id=110202&search_id=114132&scans_id=110198&peptide_id=42155&scanf=6580&charge=2&value=sp|Q15393|SF3B3_HUMAN,1,/core/www/modules/match_peptides/blast_html4.php?run_id=110202&search_id=114132&scans_id=110198&peptide_id=42155&scanf=6580&charge=2&value=1,K.IHQETFGK.S,/core/www/modules/show_out/show_out_wrapper.php?run_id=110202&search_id=114132&scans_id=110198&peptide_id=42155&scanf=6580&charge=2&value=K.IHQETFGK.S,SF3B3,9.330e+5,2.257,0.047,1.326,0.002
6582,2,"  2.232","  0.666",12/20,/core/www/modules//sdig/index.php?run_id=110202&search_id=114132&scans_id=110198&peptide_id=42157&scanf=6582&charge=2&value=12/20,sp|P60709|ACTB_HUMAN,/core/www/modules//consensus/?run_id=110202&search_id=114132&scans_id=110198&peptide_id=42157&scanf=6582&charge=2&value=sp|P60709|ACTB_HUMAN,27,/core/www/modules/match_peptides/blast_html4.php?run_id=110202&search_id=114132&scans_id=110198&peptide_id=42157&scanf=6582&charge=2&value=27,K.DSYVGDEAQSK.R,/core/www/modules/show_out/show_out_wrapper.php?run_id=110202&search_id=114132&scans_id=110198&peptide_id=42157&scanf=6582&charge=2&value=K.DSYVGDEAQSK.R,ACTB,9.353e+5,4.306,0.000,4.344,0.000
6600,3,"  2.402","  0.221",15/32,/core/www/modules//sdig/index.php?run_id=110202&search_id=114132&scans_id=110198&peptide_id=42174&scanf=6600&charge=3&value=15/32,sp|Q16629|SRSF7_HUMAN,/core/www/modules//consensus/?run_id=110202&search_id=114132&scans_id=110198&peptide_id=42174&scanf=6600&charge=3&value=sp|Q16629|SRSF7_HUMAN,3,/core/www/modules/match_peptides/blast_html4.php?run_id=110202&search_id=114132&scans_id=110198&peptide_id=42174&scanf=6600&charge=3&value=3,R.SRFDRPPAR.R,/core/www/modules/show_out/show_out_wrapper.php?run_id=110202&search_id=114132&scans_id=110198&peptide_id=42174&scanf=6600&charge=3&value=R.SRFDRPPAR.R,SRSF7,1.165e+7,2.370,0.033,1.486,0.001
6601,2,"  2.100","  0.345",10/14,/core/www/modules//sdig/index.php?run_id=110202&search_id=114132&scans_id=110198&peptide_id=42175&scanf=6601&charge=2&value=10/14,sp|O43707|ACTN4_HUMAN,/core/www/modules//consensus/?run_id=110202&search_id=114132&scans_id=110198&peptide_id=42175&scanf=6601&charge=2&value=sp|O43707|ACTN4_HUMAN,3,/core/www/modules/match_peptides/blast_html4.php?run_id=110202&search_id=114132&scans_id=110198&peptide_id=42175&scanf=6601&charge=2&value=3,K.TIQEMQQK.L,/core/www/modules/show_out/show_out_wrapper.php?run_id=110202&search_id=114132&scans_id=110198&peptide_id=42175&scanf=6601&charge=2&value=K.TIQEMQQK.L,ACTN4,7.499e+6,3.328,0.001,2.894,0.000
6603,2,"  2.215","  0.180",9/16,/core/www/modules//sdig/index.php?run_id=110202&search_id=114132&scans_id=110198&peptide_id=42177&scanf=6603&charge=2&value=9/16,sp|Q8N163|CCAR2_HUMAN,/core/www/modules//consensus/?run_id=110202&search_id=114132&scans_id=110198&peptide_id=42177&scanf=6603&charge=2&value=sp|Q8N163|CCAR2_HUMAN,2,/core/www/modules/match_peptides/blast_html4.php?run_id=110202&search_id=114132&scans_id=110198&peptide_id=42177&scanf=6603&charge=2&value=2,R.LAEAEETAR.T,/core/www/modules/show_out/show_out_wrapper.php?run_id=110202&search_id=114132&scans_id=110198&peptide_id=42177&scanf=6603&charge=2&value=R.LAEAEETAR.T,CCAR2,1.834e+6,2.174,0.062,1.210,0.002
6620,2,"  2.348","  0.515",12/22,/core/www/modules//sdig/index.php?run_id=110202&search_id=114132&scans_id=110198&peptide_id=42193&scanf=6620&charge=2&value=12/22,sp|P62820|RAB1A_HUMAN,/core/www/modules//consensus/?run_id=110202&search_id=114132&scans_id=110198&peptide_id=42193&scanf=6620&charge=2&value=sp|P62820|RAB1A_HUMAN,1,/core/www/modules/match_peptides/blast_html4.php?run_id=110202&search_id=114132&scans_id=110198&peptide_id=42193&scanf=6620&charge=2&value=1,R.MGPGATAGGAEK.S,/core/www/modules/show_out/show_out_wrapper.php?run_id=110202&search_id=114132&scans_id=110198&peptide_id=42193&scanf=6620&charge=2&value=R.MGPGATAGGAEK.S,RAB1A,6.762e+5,3.134,0.002,2.606,0.000
6632,2,"  1.627","  0.355",8/18,/core/www/modules//sdig/index.php?run_id=110202&search_id=114132&scans_id=110198&peptide_id=42205&scanf=6632&charge=2&value=8/18,sp|P52701|MSH6_HUMAN,/core/www/modules//consensus/?run_id=110202&search_id=114132&scans_id=110198&peptide_id=42205&scanf=6632&charge=2&value=sp|P52701|MSH6_HUMAN,4,/core/www/modules/match_peptides/blast_html4.php?run_id=110202&search_id=114132&scans_id=110198&peptide_id=42205&scanf=6632&charge=2&value=4,R.STVDAEAVHK.L,/core/www/modules/show_out/show_out_wrapper.php?run_id=110202&search_id=114132&scans_id=110198&peptide_id=42205&scanf=6632&charge=2&value=R.STVDAEAVHK.L,MSH6,2.518e+5,2.531,0.019,1.719,0.000
6635,2,"  2.150","  0.380",10/20,/core/www/modules//sdig/index.php?run_id=110202&search_id=114132&scans_id=110198&peptide_id=42208&scanf=6635&charge=2&value=10/20,sp|O43399|TPD54_HUMAN,/core/www/modules//consensus/?run_id=110202&search_id=114132&scans_id=110198&peptide_id=42208&scanf=6635&charge=2&value=sp|O43399|TPD54_HUMAN,1,/core/www/modules/match_peptides/blast_html4.php?run_id=110202&search_id=114132&scans_id=110198&peptide_id=42208&scanf=6635&charge=2&value=1,K.TQETLSQAGQK.T,/core/www/modules/show_out/show_out_wrapper.php?run_id=110202&search_id=114132&scans_id=110198&peptide_id=42208&scanf=6635&charge=2&value=K.TQETLSQAGQK.T,TPD52L2,82736.5,2.447,0.025,1.598,0.001
6665,2,"  2.044","  0.521",12/18,/core/www/modules//sdig/index.php?run_id=110202&search_id=114132&scans_id=110198&peptide_id=42236&scanf=6665&charge=2&value=12/18,sp|P61981|1433G_HUMAN,/core/www/modules//consensus/?run_id=110202&search_id=114132&scans_id=110198&peptide_id=42236&scanf=6665&charge=2&value=sp|P61981|1433G_HUMAN,0,/core/www/modules/match_peptides/blast_html4.php?run_id=110202&search_id=114132&scans_id=110198&peptide_id=42236&scanf=6665&charge=2&value=0,K.AYSEAHEISK.E,/core/www/modules/show_out/show_out_wrapper.php?run_id=110202&search_id=114132&scans_id=110198&peptide_id=42236&scanf=6665&charge=2&value=K.AYSEAHEISK.E,YWHAG,5.847e+5,3.400,0.001,3.000,0.000
6683,2,"  1.643","  0.140",8/12,/core/www/modules//sdig/index.php?run_id=110202&search_id=114132&scans_id=110198&peptide_id=42253&scanf=6683&charge=2&value=8/12,sp|P19338|NUCL_HUMAN,/core/www/modules//consensus/?run_id=110202&search_id=114132&scans_id=110198&peptide_id=42253&scanf=6683&charge=2&value=sp|P19338|NUCL_HUMAN,8,/core/www/modules/match_peptides/blast_html4.php?run_id=110202&search_id=114132&scans_id=110198&peptide_id=42253&scanf=6683&charge=2&value=8,K.VTQDELK.E,/core/www/modules/show_out/show_out_wrapper.php?run_id=110202&search_id=114132&scans_id=110198&peptide_id=42253&scanf=6683&charge=2&value=K.VTQDELK.E,NCL,4.049e+7,2.451,0.025,1.603,0.001
6684,2,"  2.026","  0.316",10/18,/core/www/modules//sdig/index.php?run_id=110202&search_id=114132&scans_id=110198&peptide_id=42254&scanf=6684&charge=2&value=10/18,sp|Q9NX58|LYAR_HUMAN,/core/www/modules//consensus/?run_id=110202&search_id=114132&scans_id=110198&peptide_id=42254&scanf=6684&charge=2&value=sp|Q9NX58|LYAR_HUMAN,0,/core/www/modules/match_peptides/blast_html4.php?run_id=110202&search_id=114132&scans_id=110198&peptide_id=42254&scanf=6684&charge=2&value=0,K.DAVEQQGEVK.K,/core/www/modules/show_out/show_out_wrapper.php?run_id=110202&search_id=114132&scans_id=110198&peptide_id=42254&scanf=6684&charge=2&value=K.DAVEQQGEVK.K,LYAR,9.558e+5,2.596,0.015,1.814,0.000
6705,2,"  3.782","  0.651",21/24,/core/www/modules//sdig/index.php?run_id=110202&search_id=114132&scans_id=110198&peptide_id=42274&scanf=6705&charge=2&value=21/24,sp|P51531|SMCA2_HUMAN,/core/www/modules//consensus/?run_id=110202&search_id=114132&scans_id=110198&peptide_id=42274&scanf=6705&charge=2&value=sp|P51531|SMCA2_HUMAN,22,/core/www/modules/match_peptides/blast_html4.php?run_id=110202&search_id=114132&scans_id=110198&peptide_id=42274&scanf=6705&charge=2&value=22,R.NVDKDPAKEDVEK.A,/core/www/modules/show_out/show_out_wrapper.php?run_id=110202&search_id=114132&scans_id=110198&peptide_id=42274&scanf=6705&charge=2&value=R.NVDKDPAKEDVEK.A,SMARCA2,2.191e+6,3.803,0.000,3.597,0.000
6706,2,"  1.581","  0.245",8/16,/core/www/modules//sdig/index.php?run_id=110202&search_id=114132&scans_id=110198&peptide_id=42275&scanf=6706&charge=2&value=8/16,sp|P08670|VIME_HUMAN,/core/www/modules//consensus/?run_id=110202&search_id=114132&scans_id=110198&peptide_id=42275&scanf=6706&charge=2&value=sp|P08670|VIME_HUMAN,1,/core/www/modules/match_peptides/blast_html4.php?run_id=110202&search_id=114132&scans_id=110198&peptide_id=42275&scanf=6706&charge=2&value=1,R.QVDQLTNDK.A,/core/www/modules/show_out/show_out_wrapper.php?run_id=110202&search_id=114132&scans_id=110198&peptide_id=42275&scanf=6706&charge=2&value=R.QVDQLTNDK.A,VIM,1.197e+6,2.714,0.010,1.987,0.000
6716,2,"  1.664","  0.232",7/16,/core/www/modules//sdig/index.php?run_id=110202&search_id=114132&scans_id=110198&peptide_id=42285&scanf=6716&charge=2&value=7/16,sp|Q8WWQ0|PHIP_HUMAN,/core/www/modules//consensus/?run_id=110202&search_id=114132&scans_id=110198&peptide_id=42285&scanf=6716&charge=2&value=sp|Q8WWQ0|PHIP_HUMAN,4,/core/www/modules/match_peptides/blast_html4.php?run_id=110202&search_id=114132&scans_id=110198&peptide_id=42285&scanf=6716&charge=2&value=4,K.ANASAIPGK.T,/core/www/modules/show_out/show_out_wrapper.php?run_id=110202&search_id=114132&scans_id=110198&peptide_id=42285&scanf=6716&charge=2&value=K.ANASAIPGK.T,PHIP,58021.5,1.918,0.136,0.866,0.007
6746,2,"  1.992","  0.283",8/12,/core/www/modules//sdig/index.php?run_id=110202&search_id=114132&scans_id=110198&peptide_id=42313&scanf=6746&charge=2&value=8/12,sp|P61247|RS3A_HUMAN,/core/www/modules//consensus/?run_id=110202&search_id=114132&scans_id=110198&peptide_id=42313&scanf=6746&charge=2&value=sp|P61247|RS3A_HUMAN,10,/core/www/modules/match_peptides/blast_html4.php?run_id=110202&search_id=114132&scans_id=110198&peptide_id=42313&scanf=6746&charge=2&value=10,K.IASDGLK.G,/core/www/modules/show_out/show_out_wrapper.php?run_id=110202&search_id=114132&scans_id=110198&peptide_id=42313&scanf=6746&charge=2&value=K.IASDGLK.G,RPS3A,1.470e+7,2.764,0.009,2.061,0.000
6768,2,"  1.633","  0.162",8/12,/core/www/modules//sdig/index.php?run_id=110202&search_id=114132&scans_id=110198&peptide_id=42334&scanf=6768&charge=2&value=8/12,sp|Q9Y383|LC7L2_HUMAN,/core/www/modules//consensus/?run_id=110202&search_id=114132&scans_id=110198&peptide_id=42334&scanf=6768&charge=2&value=sp|Q9Y383|LC7L2_HUMAN,1,/core/www/modules/match_peptides/blast_html4.php?run_id=110202&search_id=114132&scans_id=110198&peptide_id=42334&scanf=6768&charge=2&value=1,R.EAEEVYR.N,/core/www/modules/show_out/show_out_wrapper.php?run_id=110202&search_id=114132&scans_id=110198&peptide_id=42334&scanf=6768&charge=2&value=R.EAEEVYR.N,LUC7L2,1.120e+6,2.279,0.044,1.356,0.001
6770,3,"  2.443","  0.158",10/36,/core/www/modules//sdig/index.php?run_id=110202&search_id=114132&scans_id=110198&peptide_id=42336&scanf=6770&charge=3&value=10/36,sp|P27348|1433T_HUMAN,/core/www/modules//consensus/?run_id=110202&search_id=114132&scans_id=110198&peptide_id=42336&scanf=6770&charge=3&value=sp|P27348|1433T_HUMAN,6,/core/www/modules/match_peptides/blast_html4.php?run_id=110202&search_id=114132&scans_id=110198&peptide_id=42336&scanf=6770&charge=3&value=6,K.KEMQPTHPIR.L,/core/www/modules/show_out/show_out_wrapper.php?run_id=110202&search_id=114132&scans_id=110198&peptide_id=42336&scanf=6770&charge=3&value=K.KEMQPTHPIR.L,YWHAQ,5.000e+5,1.813,0.184,0.735,0.010
6782,2,"  1.524","  0.124",7/14,/core/www/modules//sdig/index.php?run_id=110202&search_id=114132&scans_id=110198&peptide_id=42348&scanf=6782&charge=2&value=7/14,sp|P50213|IDH3A_HUMAN,/core/www/modules//consensus/?run_id=110202&search_id=114132&scans_id=110198&peptide_id=42348&scanf=6782&charge=2&value=sp|P50213|IDH3A_HUMAN,3,/core/www/modules/match_peptides/blast_html4.php?run_id=110202&search_id=114132&scans_id=110198&peptide_id=42348&scanf=6782&charge=2&value=3,K.LITEGASK.R,/core/www/modules/show_out/show_out_wrapper.php?run_id=110202&search_id=114132&scans_id=110198&peptide_id=42348&scanf=6782&charge=2&value=K.LITEGASK.R,IDH3A,1.996e+6,1.863,0.160,0.795,0.008
6809,2,"  3.388","  0.248",19/20,/core/www/modules//sdig/index.php?run_id=110202&search_id=114132&scans_id=110198&peptide_id=42373&scanf=6809&charge=2&value=19/20,sp|P60709|ACTB_HUMAN,/core/www/modules//consensus/?run_id=110202&search_id=114132&scans_id=110198&peptide_id=42373&scanf=6809&charge=2&value=sp|P60709|ACTB_HUMAN,26,/core/www/modules/match_peptides/blast_html4.php?run_id=110202&search_id=114132&scans_id=110198&peptide_id=42373&scanf=6809&charge=2&value=26,R.HQGVMVGM*GQK.D,/core/www/modules/show_out/show_out_wrapper.php?run_id=110202&search_id=114132&scans_id=110198&peptide_id=42373&scanf=6809&charge=2&value=R.HQGVMVGM*GQK.D,ACTB,1.000e+8,5.060,0.000,5.462,0.000
6811,2,"  2.070","  0.421",9/16,/core/www/modules//sdig/index.php?run_id=110202&search_id=114132&scans_id=110198&peptide_id=42375&scanf=6811&charge=2&value=9/16,sp|Q8TAQ2|SMRC2_HUMAN,/core/www/modules//consensus/?run_id=110202&search_id=114132&scans_id=110198&peptide_id=42375&scanf=6811&charge=2&value=sp|Q8TAQ2|SMRC2_HUMAN,1,/core/www/modules/match_peptides/blast_html4.php?run_id=110202&search_id=114132&scans_id=110198&peptide_id=42375&scanf=6811&charge=2&value=1,R.EEEQEDLTK.D,/core/www/modules/show_out/show_out_wrapper.php?run_id=110202&search_id=114132&scans_id=110198&peptide_id=42375&scanf=6811&charge=2&value=R.EEEQEDLTK.D,SMARCC2,6.668e+5,3.072,0.003,2.515,0.000
6813,2,"  1.263","  0.314",7/14,/core/www/modules//sdig/index.php?run_id=110202&search_id=114132&scans_id=110198&peptide_id=42377&scanf=6813&charge=2&value=7/14,sp|P61978|HNRPK_HUMAN,/core/www/modules//consensus/?run_id=110202&search_id=114132&scans_id=110198&peptide_id=42377&scanf=6813&charge=2&value=sp|P61978|HNRPK_HUMAN,1,/core/www/modules/match_peptides/blast_html4.php?run_id=110202&search_id=114132&scans_id=110198&peptide_id=42377&scanf=6813&charge=2&value=1,R.DYDDM*SPR.R,/core/www/modules/show_out/show_out_wrapper.php?run_id=110202&search_id=114132&scans_id=110198&peptide_id=42377&scanf=6813&charge=2&value=R.DYDDM*SPR.R,HNRNPK,1.873e+6,2.732,0.010,2.014,0.000
6831,2,"  2.304","  0.453",9/14,/core/www/modules//sdig/index.php?run_id=110202&search_id=114132&scans_id=110198&peptide_id=42394&scanf=6831&charge=2&value=9/14,sp|Q02543|RL18A_HUMAN,/core/www/modules//consensus/?run_id=110202&search_id=114132&scans_id=110198&peptide_id=42394&scanf=6831&charge=2&value=sp|Q02543|RL18A_HUMAN,4,/core/www/modules/match_peptides/blast_html4.php?run_id=110202&search_id=114132&scans_id=110198&peptide_id=42394&scanf=6831&charge=2&value=4,K.VEEIAASK.C,/core/www/modules/show_out/show_out_wrapper.php?run_id=110202&search_id=114132&scans_id=110198&peptide_id=42394&scanf=6831&charge=2&value=K.VEEIAASK.C,RPL18A,2.268e+7,3.218,0.002,2.730,0.000
6851,2,"  1.884","  0.072",9/16,/core/www/modules//sdig/index.php?run_id=110202&search_id=114132&scans_id=110198&peptide_id=42413&scanf=6851&charge=2&value=9/16,sp|Q14980|NUMA1_HUMAN,/core/www/modules//consensus/?run_id=110202&search_id=114132&scans_id=110198&peptide_id=42413&scanf=6851&charge=2&value=sp|Q14980|NUMA1_HUMAN,1,/core/www/modules/match_peptides/blast_html4.php?run_id=110202&search_id=114132&scans_id=110198&peptide_id=42413&scanf=6851&charge=2&value=1,R.QELTSQAER.A,/core/www/modules/show_out/show_out_wrapper.php?run_id=110202&search_id=114132&scans_id=110198&peptide_id=42413&scanf=6851&charge=2&value=R.QELTSQAER.A,NUMA1,2.941e+6,1.945,0.126,0.901,0.006
6853,2,"  1.430","  0.234",7/12,/core/www/modules//sdig/index.php?run_id=110202&search_id=114132&scans_id=110198&peptide_id=42415&scanf=6853&charge=2&value=7/12,sp|P84090|ERH_HUMAN,/core/www/modules//consensus/?run_id=110202&search_id=114132&scans_id=110198&peptide_id=42415&scanf=6853&charge=2&value=sp|P84090|ERH_HUMAN,1,/core/www/modules/match_peptides/blast_html4.php?run_id=110202&search_id=114132&scans_id=110198&peptide_id=42415&scanf=6853&charge=2&value=1,K.M*YEEHLK.R,/core/www/modules/show_out/show_out_wrapper.php?run_id=110202&search_id=114132&scans_id=110198&peptide_id=42415&scanf=6853&charge=2&value=K.M*YEEHLK.R,ERH,5.974e+5,2.346,0.035,1.452,0.001
6856,2,"  1.630","  0.257",6/12,/core/www/modules//sdig/index.php?run_id=110202&search_id=114132&scans_id=110198&peptide_id=42418&scanf=6856&charge=2&value=6/12,sp|P78527|PRKDC_HUMAN,/core/www/modules//consensus/?run_id=110202&search_id=114132&scans_id=110198&peptide_id=42418&scanf=6856&charge=2&value=sp|P78527|PRKDC_HUMAN,0,/core/www/modules/match_peptides/blast_html4.php?run_id=110202&search_id=114132&scans_id=110198&peptide_id=42418&scanf=6856&charge=2&value=0,K.DSPLETK.M,/core/www/modules/show_out/show_out_wrapper.php?run_id=110202&search_id=114132&scans_id=110198&peptide_id=42418&scanf=6856&charge=2&value=K.DSPLETK.M,PRKDC,1.466e+7,3.184,0.002,2.681,0.000
6858,3,"  2.851","  0.401",11/52,/core/www/modules//sdig/index.php?run_id=110202&search_id=114132&scans_id=110198&peptide_id=42420&scanf=6858&charge=3&value=11/52,sp|P53618|COPB_HUMAN,/core/www/modules//consensus/?run_id=110202&search_id=114132&scans_id=110198&peptide_id=42420&scanf=6858&charge=3&value=sp|P53618|COPB_HUMAN,1,/core/www/modules/match_peptides/blast_html4.php?run_id=110202&search_id=114132&scans_id=110198&peptide_id=42420&scanf=6858&charge=3&value=1,K.TNNVSEHEDTDKYR.Q,/core/www/modules/show_out/show_out_wrapper.php?run_id=110202&search_id=114132&scans_id=110198&peptide_id=42420&scanf=6858&charge=3&value=K.TNNVSEHEDTDKYR.Q,COPB1,6.361e+5,2.536,0.019,1.726,0.000
6872,2,"  2.600","  0.406",10/14,/core/www/modules//sdig/index.php?run_id=110202&search_id=114132&scans_id=110198&peptide_id=42433&scanf=6872&charge=2&value=10/14,sp|O43707|ACTN4_HUMAN,/core/www/modules//consensus/?run_id=110202&search_id=114132&scans_id=110198&peptide_id=42433&scanf=6872&charge=2&value=sp|O43707|ACTN4_HUMAN,2,/core/www/modules/match_peptides/blast_html4.php?run_id=110202&search_id=114132&scans_id=110198&peptide_id=42433&scanf=6872&charge=2&value=2,R.QGEAEFNR.I,/core/www/modules/show_out/show_out_wrapper.php?run_id=110202&search_id=114132&scans_id=110198&peptide_id=42433&scanf=6872&charge=2&value=R.QGEAEFNR.I,ACTN4,5.637e+6,3.554,0.001,3.228,0.000
6875,2,"  1.101","  0.074",6/14,/core/www/modules//sdig/index.php?run_id=110202&search_id=114132&scans_id=110198&peptide_id=42436&scanf=6875&charge=2&value=6/14,sp|O43707|ACTN4_HUMAN,/core/www/modules//consensus/?run_id=110202&search_id=114132&scans_id=110198&peptide_id=42436&scanf=6875&charge=2&value=sp|O43707|ACTN4_HUMAN,3,/core/www/modules/match_peptides/blast_html4.php?run_id=110202&search_id=114132&scans_id=110198&peptide_id=42436&scanf=6875&charge=2&value=3,K.TIQEM*QQK.L,/core/www/modules/show_out/show_out_wrapper.php?run_id=110202&search_id=114132&scans_id=110198&peptide_id=42436&scanf=6875&charge=2&value=K.TIQEM*QQK.L,ACTN4,7.444e+5,1.957,0.122,0.915,0.006
6878,2,"  1.669","  0.220",10/16,/core/www/modules//sdig/index.php?run_id=110202&search_id=114132&scans_id=110198&peptide_id=42439&scanf=6878&charge=2&value=10/16,sp|Q8WVV9|HNRLL_HUMAN,/core/www/modules//consensus/?run_id=110202&search_id=114132&scans_id=110198&peptide_id=42439&scanf=6878&charge=2&value=sp|Q8WVV9|HNRLL_HUMAN,3,/core/www/modules/match_peptides/blast_html4.php?run_id=110202&search_id=114132&scans_id=110198&peptide_id=42439&scanf=6878&charge=2&value=3,R.AVTHLNNVK.L,/core/www/modules/show_out/show_out_wrapper.php?run_id=110202&search_id=114132&scans_id=110198&peptide_id=42439&scanf=6878&charge=2&value=R.AVTHLNNVK.L,HNRNPLL,4.311e+5,2.302,0.041,1.389,0.001
6880,2,"  3.196","  0.587",16/28,/core/www/modules//sdig/index.php?run_id=110202&search_id=114132&scans_id=110198&peptide_id=42441&scanf=6880&charge=2&value=16/28,sp|P13010|XRCC5_HUMAN,/core/www/modules//consensus/?run_id=110202&search_id=114132&scans_id=110198&peptide_id=42441&scanf=6880&charge=2&value=sp|P13010|XRCC5_HUMAN,0,/core/www/modules/match_peptides/blast_html4.php?run_id=110202&search_id=114132&scans_id=110198&peptide_id=42441&scanf=6880&charge=2&value=0,K.EEASGSSVTAEEAKK.F,/core/www/modules/show_out/show_out_wrapper.php?run_id=110202&search_id=114132&scans_id=110198&peptide_id=42441&scanf=6880&charge=2&value=K.EEASGSSVTAEEAKK.F,XRCC5,6.614e+5,3.200,0.002,2.705,0.000
6909,2,"  1.867","  0.217",8/16,/core/www/modules//sdig/index.php?run_id=110202&search_id=114132&scans_id=110198&peptide_id=42469&scanf=6909&charge=2&value=8/16,sp|Q15149|PLEC_HUMAN,/core/www/modules//consensus/?run_id=110202&search_id=114132&scans_id=110198&peptide_id=42469&scanf=6909&charge=2&value=sp|Q15149|PLEC_HUMAN,4,/core/www/modules/match_peptides/blast_html4.php?run_id=110202&search_id=114132&scans_id=110198&peptide_id=42469&scanf=6909&charge=2&value=4,R.SAEAELQSK.R,/core/www/modules/show_out/show_out_wrapper.php?run_id=110202&search_id=114132&scans_id=110198&peptide_id=42469&scanf=6909&charge=2&value=R.SAEAELQSK.R,PLEC,6.039e+5,2.622,0.014,1.852,0.000
6917,2,"  1.548","  0.225",10/20,/core/www/modules//sdig/index.php?run_id=110202&search_id=114132&scans_id=110198&peptide_id=42476&scanf=6917&charge=2&value=10/20,sp|P18583|SON_HUMAN,/core/www/modules//consensus/?run_id=110202&search_id=114132&scans_id=110198&peptide_id=42476&scanf=6917&charge=2&value=sp|P18583|SON_HUMAN,0,/core/www/modules/match_peptides/blast_html4.php?run_id=110202&search_id=114132&scans_id=110198&peptide_id=42476&scanf=6917&charge=2&value=0,K.SVESTSPEPSK.I,/core/www/modules/show_out/show_out_wrapper.php?run_id=110202&search_id=114132&scans_id=110198&peptide_id=42476&scanf=6917&charge=2&value=K.SVESTSPEPSK.I,SON,8.386e+5,2.205,0.056,1.252,0.002
6919,2,"  1.970","  0.180",8/16,/core/www/modules//sdig/index.php?run_id=110202&search_id=114132&scans_id=110198&peptide_id=42478&scanf=6919&charge=2&value=8/16,sp|Q15149|PLEC_HUMAN,/core/www/modules//consensus/?run_id=110202&search_id=114132&scans_id=110198&peptide_id=42478&scanf=6919&charge=2&value=sp|Q15149|PLEC_HUMAN,4,/core/www/modules/match_peptides/blast_html4.php?run_id=110202&search_id=114132&scans_id=110198&peptide_id=42478&scanf=6919&charge=2&value=4,K.SLAQAEAEK.Q,/core/www/modules/show_out/show_out_wrapper.php?run_id=110202&search_id=114132&scans_id=110198&peptide_id=42478&scanf=6919&charge=2&value=K.SLAQAEAEK.Q,PLEC,1.610e+7,2.614,0.014,1.840,0.000
6920,2,"  1.228","  0.278",8/18,/core/www/modules//sdig/index.php?run_id=110202&search_id=114132&scans_id=110198&peptide_id=42479&scanf=6920&charge=2&value=8/18,sp|P78527|PRKDC_HUMAN,/core/www/modules//consensus/?run_id=110202&search_id=114132&scans_id=110198&peptide_id=42479&scanf=6920&charge=2&value=sp|P78527|PRKDC_HUMAN,0,/core/www/modules/match_peptides/blast_html4.php?run_id=110202&search_id=114132&scans_id=110198&peptide_id=42479&scanf=6920&charge=2&value=0,K.SM*EEDPQTSR.E,/core/www/modules/show_out/show_out_wrapper.php?run_id=110202&search_id=114132&scans_id=110198&peptide_id=42479&scanf=6920&charge=2&value=K.SM*EEDPQTSR.E,PRKDC,3.575e+5,3.053,0.003,2.486,0.000
6927,2,"  1.498","  0.396",4/14,/core/www/modules//sdig/index.php?run_id=110202&search_id=114132&scans_id=110198&peptide_id=42486&scanf=6927&charge=2&value=4/14,sp|Q8WTT2|NOC3L_HUMAN,/core/www/modules//consensus/?run_id=110202&search_id=114132&scans_id=110198&peptide_id=42486&scanf=6927&charge=2&value=sp|Q8WTT2|NOC3L_HUMAN,0,/core/www/modules/match_peptides/blast_html4.php?run_id=110202&search_id=114132&scans_id=110198&peptide_id=42486&scanf=6927&charge=2&value=0,R.HYHPIVQR.F,/core/www/modules/show_out/show_out_wrapper.php?run_id=110202&search_id=114132&scans_id=110198&peptide_id=42486&scanf=6927&charge=2&value=R.HYHPIVQR.F,NOC3L,5.634e+5,2.512,0.020,1.691,0.000
6935,2,"  1.482","  0.241",9/12,/core/www/modules//sdig/index.php?run_id=110202&search_id=114132&scans_id=110198&peptide_id=42493&scanf=6935&charge=2&value=9/12,sp|P02545|LMNA_HUMAN,/core/www/modules//consensus/?run_id=110202&search_id=114132&scans_id=110198&peptide_id=42493&scanf=6935&charge=2&value=sp|P02545|LMNA_HUMAN,8,/core/www/modules/match_peptides/blast_html4.php?run_id=110202&search_id=114132&scans_id=110198&peptide_id=42493&scanf=6935&charge=2&value=8,K.TLDSVAK.E,/core/www/modules/show_out/show_out_wrapper.php?run_id=110202&search_id=114132&scans_id=110198&peptide_id=42493&scanf=6935&charge=2&value=K.TLDSVAK.E,LMNA,3.241e+6,2.687,0.011,1.947,0.000
6937,2,"  1.776","  0.089",8/14,/core/www/modules//sdig/index.php?run_id=110202&search_id=114132&scans_id=110198&peptide_id=42495&scanf=6937&charge=2&value=8/14,sp|P61978|HNRPK_HUMAN,/core/www/modules//consensus/?run_id=110202&search_id=114132&scans_id=110198&peptide_id=42495&scanf=6937&charge=2&value=sp|P61978|HNRPK_HUMAN,2,/core/www/modules/match_peptides/blast_html4.php?run_id=110202&search_id=114132&scans_id=110198&peptide_id=42495&scanf=6937&charge=2&value=2,K.NAGAVIGK.G,/core/www/modules/show_out/show_out_wrapper.php?run_id=110202&search_id=114132&scans_id=110198&peptide_id=42495&scanf=6937&charge=2&value=K.NAGAVIGK.G,HNRNPK,1.512e+7,2.019,0.101,0.998,0.005
6956,2,"  2.374","  0.221",14/14,/core/www/modules//sdig/index.php?run_id=110202&search_id=114132&scans_id=110198&peptide_id=42513&scanf=6956&charge=2&value=14/14,sp|Q8TAQ2|SMRC2_HUMAN,/core/www/modules//consensus/?run_id=110202&search_id=114132&scans_id=110198&peptide_id=42513&scanf=6956&charge=2&value=sp|Q8TAQ2|SMRC2_HUMAN,2,/core/www/modules/match_peptides/blast_html4.php?run_id=110202&search_id=114132&scans_id=110198&peptide_id=42513&scanf=6956&charge=2&value=2,K.HLAAVEER.K,/core/www/modules/show_out/show_out_wrapper.php?run_id=110202&search_id=114132&scans_id=110198&peptide_id=42513&scanf=6956&charge=2&value=K.HLAAVEER.K,SMARCC2,4.480e+6,3.165,0.002,2.653,0.000
6957,2,"  1.525","  0.195",8/12,/core/www/modules//sdig/index.php?run_id=110202&search_id=114132&scans_id=110198&peptide_id=42514&scanf=6957&charge=2&value=8/12,sp|A6NHR9|SMHD1_HUMAN,/core/www/modules//consensus/?run_id=110202&search_id=114132&scans_id=110198&peptide_id=42514&scanf=6957&charge=2&value=sp|A6NHR9|SMHD1_HUMAN,2,/core/www/modules/match_peptides/blast_html4.php?run_id=110202&search_id=114132&scans_id=110198&peptide_id=42514&scanf=6957&charge=2&value=2,K.DVAPVEK.T,/core/www/modules/show_out/show_out_wrapper.php?run_id=110202&search_id=114132&scans_id=110198&peptide_id=42514&scanf=6957&charge=2&value=K.DVAPVEK.T,SMCHD1,1.375e+6,2.635,0.013,1.870,0.000
6975,2,"  1.581","  0.080",9/14,/core/www/modules//sdig/index.php?run_id=110202&search_id=114132&scans_id=110198&peptide_id=42532&scanf=6975&charge=2&value=9/14,sp|Q02040|AK17A_HUMAN,/core/www/modules//consensus/?run_id=110202&search_id=114132&scans_id=110198&peptide_id=42532&scanf=6975&charge=2&value=sp|Q02040|AK17A_HUMAN,1,/core/www/modules/match_peptides/blast_html4.php?run_id=110202&search_id=114132&scans_id=110198&peptide_id=42532&scanf=6975&charge=2&value=1,K.HLSDASIK.K,/core/www/modules/show_out/show_out_wrapper.php?run_id=110202&search_id=114132&scans_id=110198&peptide_id=42532&scanf=6975&charge=2&value=K.HLSDASIK.K,AKAP17A,2.910e+6,1.871,0.156,0.806,0.008
6979,2,"  2.099","  0.230",8/14,/core/www/modules//sdig/index.php?run_id=110202&search_id=114132&scans_id=110198&peptide_id=42535&scanf=6979&charge=2&value=8/14,sp|O75533|SF3B1_HUMAN,/core/www/modules//consensus/?run_id=110202&search_id=114132&scans_id=110198&peptide_id=42535&scanf=6979&charge=2&value=sp|O75533|SF3B1_HUMAN,1,/core/www/modules/match_peptides/blast_html4.php?run_id=110202&search_id=114132&scans_id=110198&peptide_id=42535&scanf=6979&charge=2&value=1,R.GAEYVSAR.E,/core/www/modules/show_out/show_out_wrapper.php?run_id=110202&search_id=114132&scans_id=110198&peptide_id=42535&scanf=6979&charge=2&value=R.GAEYVSAR.E,SF3B1,1.600e+6,2.580,0.016,1.791,0.000
6988,2,"  2.639","  0.474",13/18,/core/www/modules//sdig/index.php?run_id=110202&search_id=114132&scans_id=110198&peptide_id=42544&scanf=6988&charge=2&value=13/18,sp|P08670|VIME_HUMAN,/core/www/modules//consensus/?run_id=110202&search_id=114132&scans_id=110198&peptide_id=42544&scanf=6988&charge=2&value=sp|P08670|VIME_HUMAN,1,/core/www/modules/match_peptides/blast_html4.php?run_id=110202&search_id=114132&scans_id=110198&peptide_id=42544&scanf=6988&charge=2&value=1,R.RQVDQLTNDK.A,/core/www/modules/show_out/show_out_wrapper.php?run_id=110202&search_id=114132&scans_id=110198&peptide_id=42544&scanf=6988&charge=2&value=R.RQVDQLTNDK.A,VIM,3.708e+7,3.477,0.001,3.115,0.000
7006,2,"  1.371","  0.093",7/14,/core/www/modules//sdig/index.php?run_id=110202&search_id=114132&scans_id=110198&peptide_id=42561&scanf=7006&charge=2&value=7/14,sp|P14625|ENPL_HUMAN,/core/www/modules//consensus/?run_id=110202&search_id=114132&scans_id=110198&peptide_id=42561&scanf=7006&charge=2&value=sp|P14625|ENPL_HUMAN,8,/core/www/modules/match_peptides/blast_html4.php?run_id=110202&search_id=114132&scans_id=110198&peptide_id=42561&scanf=7006&charge=2&value=8,K.EVEEDEYK.A,/core/www/modules/show_out/show_out_wrapper.php?run_id=110202&search_id=114132&scans_id=110198&peptide_id=42561&scanf=7006&charge=2&value=K.EVEEDEYK.A,HSP90B1,4.144e+6,1.866,0.159,0.799,0.008
7042,2,"  2.315","  0.317",8/14,/core/www/modules//sdig/index.php?run_id=110202&search_id=114132&scans_id=110198&peptide_id=42595&scanf=7042&charge=2&value=8/14,sp|P83881|RL36A_HUMAN,/core/www/modules//consensus/?run_id=110202&search_id=114132&scans_id=110198&peptide_id=42595&scanf=7042&charge=2&value=sp|P83881|RL36A_HUMAN,5,/core/www/modules/match_peptides/blast_html4.php?run_id=110202&search_id=114132&scans_id=110198&peptide_id=42595&scanf=7042&charge=2&value=5,K.DSLYAQGK.R,/core/www/modules/show_out/show_out_wrapper.php?run_id=110202&search_id=114132&scans_id=110198&peptide_id=42595&scanf=7042&charge=2&value=K.DSLYAQGK.R,RPL36A,3.024e+6,2.644,0.013,1.884,0.000
7063,2,"  1.634","  0.330",7/14,/core/www/modules//sdig/index.php?run_id=110202&search_id=114132&scans_id=110198&peptide_id=42615&scanf=7063&charge=2&value=7/14,sp|P78527|PRKDC_HUMAN,/core/www/modules//consensus/?run_id=110202&search_id=114132&scans_id=110198&peptide_id=42615&scanf=7063&charge=2&value=sp|P78527|PRKDC_HUMAN,0,/core/www/modules/match_peptides/blast_html4.php?run_id=110202&search_id=114132&scans_id=110198&peptide_id=42615&scanf=7063&charge=2&value=0,K.GIAPGDER.Q,/core/www/modules/show_out/show_out_wrapper.php?run_id=110202&search_id=114132&scans_id=110198&peptide_id=42615&scanf=7063&charge=2&value=K.GIAPGDER.Q,PRKDC,6.504e+6,3.387,0.001,2.981,0.000
7065,2,"  1.455","  0.111",7/14,/core/www/modules//sdig/index.php?run_id=110202&search_id=114132&scans_id=110198&peptide_id=42617&scanf=7065&charge=2&value=7/14,sp|P14625|ENPL_HUMAN,/core/www/modules//consensus/?run_id=110202&search_id=114132&scans_id=110198&peptide_id=42617&scanf=7065&charge=2&value=sp|P14625|ENPL_HUMAN,8,/core/www/modules/match_peptides/blast_html4.php?run_id=110202&search_id=114132&scans_id=110198&peptide_id=42617&scanf=7065&charge=2&value=8,K.EVEEDEYK.A,/core/www/modules/show_out/show_out_wrapper.php?run_id=110202&search_id=114132&scans_id=110198&peptide_id=42617&scanf=7065&charge=2&value=K.EVEEDEYK.A,HSP90B1,4.144e+6,1.968,0.118,0.930,0.005
7083,2,"  1.549","  0.258",8/12,/core/www/modules//sdig/index.php?run_id=110202&search_id=114132&scans_id=110198&peptide_id=42634&scanf=7083&charge=2&value=8/12,sp|Q14151|SAFB2_HUMAN,/core/www/modules//consensus/?run_id=110202&search_id=114132&scans_id=110198&peptide_id=42634&scanf=7083&charge=2&value=sp|Q14151|SAFB2_HUMAN,2,/core/www/modules/match_peptides/blast_html4.php?run_id=110202&search_id=114132&scans_id=110198&peptide_id=42634&scanf=7083&charge=2&value=2,R.FHDFDHR.D,/core/www/modules/show_out/show_out_wrapper.php?run_id=110202&search_id=114132&scans_id=110198&peptide_id=42634&scanf=7083&charge=2&value=R.FHDFDHR.D,SAFB2,1.953e+6,2.641,0.013,1.879,0.000
7084,2,"  3.123","  0.500",15/24,/core/www/modules//sdig/index.php?run_id=110202&search_id=114132&scans_id=110198&peptide_id=42635&scanf=7084&charge=2&value=15/24,sp|P62195|PRS8_HUMAN,/core/www/modules//consensus/?run_id=110202&search_id=114132&scans_id=110198&peptide_id=42635&scanf=7084&charge=2&value=sp|P62195|PRS8_HUMAN,1,/core/www/modules/match_peptides/blast_html4.php?run_id=110202&search_id=114132&scans_id=110198&peptide_id=42635&scanf=7084&charge=2&value=1,R.LEGGSGGDSEVQR.T,/core/www/modules/show_out/show_out_wrapper.php?run_id=110202&search_id=114132&scans_id=110198&peptide_id=42635&scanf=7084&charge=2&value=R.LEGGSGGDSEVQR.T,PSMC5,1.267e+6,3.323,0.001,2.887,0.000
7085,2,"  1.935","  0.241",9/14,/core/www/modules//sdig/index.php?run_id=110202&search_id=114132&scans_id=110198&peptide_id=42636&scanf=7085&charge=2&value=9/14,sp|P50213|IDH3A_HUMAN,/core/www/modules//consensus/?run_id=110202&search_id=114132&scans_id=110198&peptide_id=42636&scanf=7085&charge=2&value=sp|P50213|IDH3A_HUMAN,3,/core/www/modules/match_peptides/blast_html4.php?run_id=110202&search_id=114132&scans_id=110198&peptide_id=42636&scanf=7085&charge=2&value=3,K.LITEGASK.R,/core/www/modules/show_out/show_out_wrapper.php?run_id=110202&search_id=114132&scans_id=110198&peptide_id=42636&scanf=7085&charge=2&value=K.LITEGASK.R,IDH3A,1.996e+6,2.491,0.022,1.660,0.001
7103,2,"  2.067","  0.538",13/20,/core/www/modules//sdig/index.php?run_id=110202&search_id=114132&scans_id=110198&peptide_id=42653&scanf=7103&charge=2&value=13/20,sp|P60709|ACTB_HUMAN,/core/www/modules//consensus/?run_id=110202&search_id=114132&scans_id=110198&peptide_id=42653&scanf=7103&charge=2&value=sp|P60709|ACTB_HUMAN,26,/core/www/modules/match_peptides/blast_html4.php?run_id=110202&search_id=114132&scans_id=110198&peptide_id=42653&scanf=7103&charge=2&value=26,R.HQGVM*VGM*GQK.D,/core/www/modules/show_out/show_out_wrapper.php?run_id=110202&search_id=114132&scans_id=110198&peptide_id=42653&scanf=7103&charge=2&value=R.HQGVM*VGM*GQK.D,ACTB,5.354e+6,3.966,0.000,3.838,0.000
7130,2,"  2.154","  0.544",11/26,/core/www/modules//sdig/index.php?run_id=110202&search_id=114132&scans_id=110198&peptide_id=42679&scanf=7130&charge=2&value=11/26,sp|Q9BU76|MMTA2_HUMAN,/core/www/modules//consensus/?run_id=110202&search_id=114132&scans_id=110198&peptide_id=42679&scanf=7130&charge=2&value=sp|Q9BU76|MMTA2_HUMAN,0,/core/www/modules/match_peptides/blast_html4.php?run_id=110202&search_id=114132&scans_id=110198&peptide_id=42679&scanf=7130&charge=2&value=0,R.VESGGPGTSAASAR.R,/core/www/modules/show_out/show_out_wrapper.php?run_id=110202&search_id=114132&scans_id=110198&peptide_id=42679&scanf=7130&charge=2&value=R.VESGGPGTSAASAR.R,MMTAG2,6.158e+5,2.951,0.005,2.336,0.000
7136,2,"  1.778","  0.153",6/14,/core/www/modules//sdig/index.php?run_id=110202&search_id=114132&scans_id=110198&peptide_id=42685&scanf=7136&charge=2&value=6/14,sp|P38159|RBMX_HUMAN,/core/www/modules//consensus/?run_id=110202&search_id=114132&scans_id=110198&peptide_id=42685&scanf=7136&charge=2&value=sp|P38159|RBMX_HUMAN,4,/core/www/modules/match_peptides/blast_html4.php?run_id=110202&search_id=114132&scans_id=110198&peptide_id=42685&scanf=7136&charge=2&value=4,R.DSYGGPPR.R,/core/www/modules/show_out/show_out_wrapper.php?run_id=110202&search_id=114132&scans_id=110198&peptide_id=42685&scanf=7136&charge=2&value=R.DSYGGPPR.R,RBMX,1.934e+7,2.127,0.072,1.144,0.002
7145,2,"  1.894","  0.457",9/16,/core/www/modules//sdig/index.php?run_id=110202&search_id=114132&scans_id=110198&peptide_id=42693&scanf=7145&charge=2&value=9/16,sp|Q07955|SRSF1_HUMAN,/core/www/modules//consensus/?run_id=110202&search_id=114132&scans_id=110198&peptide_id=42693&scanf=7145&charge=2&value=sp|Q07955|SRSF1_HUMAN,2,/core/www/modules/match_peptides/blast_html4.php?run_id=110202&search_id=114132&scans_id=110198&peptide_id=42693&scanf=7145&charge=2&value=2,R.KEDM*TYAVR.K,/core/www/modules/show_out/show_out_wrapper.php?run_id=110202&search_id=114132&scans_id=110198&peptide_id=42693&scanf=7145&charge=2&value=R.KEDM*TYAVR.K,SRSF1,4.800e+5,2.884,0.006,2.237,0.000
7168,2,"  2.028","  0.247",9/16,/core/www/modules//sdig/index.php?run_id=110202&search_id=114132&scans_id=110198&peptide_id=42715&scanf=7168&charge=2&value=9/16,sp|Q15149|PLEC_HUMAN,/core/www/modules//consensus/?run_id=110202&search_id=114132&scans_id=110198&peptide_id=42715&scanf=7168&charge=2&value=sp|Q15149|PLEC_HUMAN,4,/core/www/modules/match_peptides/blast_html4.php?run_id=110202&search_id=114132&scans_id=110198&peptide_id=42715&scanf=7168&charge=2&value=4,R.QLAEEDAAR.Q,/core/www/modules/show_out/show_out_wrapper.php?run_id=110202&search_id=114132&scans_id=110198&peptide_id=42715&scanf=7168&charge=2&value=R.QLAEEDAAR.Q,PLEC,1.507e+6,2.877,0.006,2.226,0.000
7191,2,"  1.058","  0.262",8/18,/core/www/modules//sdig/index.php?run_id=110202&search_id=114132&scans_id=110198&peptide_id=42737&scanf=7191&charge=2&value=8/18,sp|P22626|ROA2_HUMAN,/core/www/modules//consensus/?run_id=110202&search_id=114132&scans_id=110198&peptide_id=42737&scanf=7191&charge=2&value=sp|P22626|ROA2_HUMAN,7,/core/www/modules/match_peptides/blast_html4.php?run_id=110202&search_id=114132&scans_id=110198&peptide_id=42737&scanf=7191&charge=2&value=7,R.QEMQEVQSSR.S,/core/www/modules/show_out/show_out_wrapper.php?run_id=110202&search_id=114132&scans_id=110198&peptide_id=42737&scanf=7191&charge=2&value=R.QEMQEVQSSR.S,HNRNPA2B1,4.323e+7,2.103,0.077,1.111,0.003
7198,2,"  1.983","  0.406",8/16,/core/www/modules//sdig/index.php?run_id=110202&search_id=114132&scans_id=110198&peptide_id=42744&scanf=7198&charge=2&value=8/16,sp|P38646|GRP75_HUMAN,/core/www/modules//consensus/?run_id=110202&search_id=114132&scans_id=110198&peptide_id=42744&scanf=7198&charge=2&value=sp|P38646|GRP75_HUMAN,7,/core/www/modules/match_peptides/blast_html4.php?run_id=110202&search_id=114132&scans_id=110198&peptide_id=42744&scanf=7198&charge=2&value=7,R.RYDDPEVQK.D,/core/www/modules/show_out/show_out_wrapper.php?run_id=110202&search_id=114132&scans_id=110198&peptide_id=42744&scanf=7198&charge=2&value=R.RYDDPEVQK.D,HSPA9,1.493e+6,2.515,0.020,1.696,0.000
7210,2,"  1.480","  0.130",6/12,/core/www/modules//sdig/index.php?run_id=110202&search_id=114132&scans_id=110198&peptide_id=42755&scanf=7210&charge=2&value=6/12,sp|P52272|HNRPM_HUMAN,/core/www/modules//consensus/?run_id=110202&search_id=114132&scans_id=110198&peptide_id=42755&scanf=7210&charge=2&value=sp|P52272|HNRPM_HUMAN,3,/core/www/modules/match_peptides/blast_html4.php?run_id=110202&search_id=114132&scans_id=110198&peptide_id=42755&scanf=7210&charge=2&value=3,R.M*GPGIDR.L,/core/www/modules/show_out/show_out_wrapper.php?run_id=110202&search_id=114132&scans_id=110198&peptide_id=42755&scanf=7210&charge=2&value=R.M*GPGIDR.L,HNRNPM,3.759e+5,2.002,0.106,0.975,0.005
7216,2,"  2.680","  0.531",12/18,/core/www/modules//sdig/index.php?run_id=110202&search_id=114132&scans_id=110198&peptide_id=42761&scanf=7216&charge=2&value=12/18,sp|P08670|VIME_HUMAN,/core/www/modules//consensus/?run_id=110202&search_id=114132&scans_id=110198&peptide_id=42761&scanf=7216&charge=2&value=sp|P08670|VIME_HUMAN,1,/core/www/modules/match_peptides/blast_html4.php?run_id=110202&search_id=114132&scans_id=110198&peptide_id=42761&scanf=7216&charge=2&value=1,R.RQVDQLTNDK.A,/core/www/modules/show_out/show_out_wrapper.php?run_id=110202&search_id=114132&scans_id=110198&peptide_id=42761&scanf=7216&charge=2&value=R.RQVDQLTNDK.A,VIM,3.708e+7,3.655,0.000,3.378,0.000
7229,2,"  2.339","  0.469",10/16,/core/www/modules//sdig/index.php?run_id=110202&search_id=114132&scans_id=110198&peptide_id=42773&scanf=7229&charge=2&value=10/16,sp|Q08211|DHX9_HUMAN,/core/www/modules//consensus/?run_id=110202&search_id=114132&scans_id=110198&peptide_id=42773&scanf=7229&charge=2&value=sp|Q08211|DHX9_HUMAN,0,/core/www/modules/match_peptides/blast_html4.php?run_id=110202&search_id=114132&scans_id=110198&peptide_id=42773&scanf=7229&charge=2&value=0,R.YGDGPRPPK.M,/core/www/modules/show_out/show_out_wrapper.php?run_id=110202&search_id=114132&scans_id=110198&peptide_id=42773&scanf=7229&charge=2&value=R.YGDGPRPPK.M,DHX9,3.932e+6,3.536,0.001,3.202,0.000
7232,2,"  1.652","  0.125",7/12,/core/www/modules//sdig/index.php?run_id=110202&search_id=114132&scans_id=110198&peptide_id=42776&scanf=7232&charge=2&value=7/12,sp|P15311|EZRI_HUMAN,/core/www/modules//consensus/?run_id=110202&search_id=114132&scans_id=110198&peptide_id=42776&scanf=7232&charge=2&value=sp|P15311|EZRI_HUMAN,0,/core/www/modules/match_peptides/blast_html4.php?run_id=110202&search_id=114132&scans_id=110198&peptide_id=42776&scanf=7232&charge=2&value=0,R.QAVDQIK.S,/core/www/modules/show_out/show_out_wrapper.php?run_id=110202&search_id=114132&scans_id=110198&peptide_id=42776&scanf=7232&charge=2&value=R.QAVDQIK.S,EZR,1.472e+6,2.121,0.073,1.135,0.002
7250,2,"  1.997","  0.365",10/16,/core/www/modules//sdig/index.php?run_id=110202&search_id=114132&scans_id=110198&peptide_id=42793&scanf=7250&charge=2&value=10/16,sp|Q9UKM9|RALY_HUMAN,/core/www/modules//consensus/?run_id=110202&search_id=114132&scans_id=110198&peptide_id=42793&scanf=7250&charge=2&value=sp|Q9UKM9|RALY_HUMAN,4,/core/www/modules/match_peptides/blast_html4.php?run_id=110202&search_id=114132&scans_id=110198&peptide_id=42793&scanf=7250&charge=2&value=4,K.LQASNVTNK.N,/core/www/modules/show_out/show_out_wrapper.php?run_id=110202&search_id=114132&scans_id=110198&peptide_id=42793&scanf=7250&charge=2&value=K.LQASNVTNK.N,RALY,8.717e+6,2.852,0.006,2.190,0.000
7251,2,"  1.297","  0.180",9/14,/core/www/modules//sdig/index.php?run_id=110202&search_id=114132&scans_id=110198&peptide_id=42794&scanf=7251&charge=2&value=9/14,sp|P52272|HNRPM_HUMAN,/core/www/modules//consensus/?run_id=110202&search_id=114132&scans_id=110198&peptide_id=42794&scanf=7251&charge=2&value=sp|P52272|HNRPM_HUMAN,3,/core/www/modules/match_peptides/blast_html4.php?run_id=110202&search_id=114132&scans_id=110198&peptide_id=42794&scanf=7251&charge=2&value=3,R.LGGAGMER.M,/core/www/modules/show_out/show_out_wrapper.php?run_id=110202&search_id=114132&scans_id=110198&peptide_id=42794&scanf=7251&charge=2&value=R.LGGAGMER.M,HNRNPM,9.561e+6,2.463,0.024,1.620,0.001
7252,2,"  1.936","  0.426",8/14,/core/www/modules//sdig/index.php?run_id=110202&search_id=114132&scans_id=110198&peptide_id=42795&scanf=7252&charge=2&value=8/14,sp|P38159|RBMX_HUMAN,/core/www/modules//consensus/?run_id=110202&search_id=114132&scans_id=110198&peptide_id=42795&scanf=7252&charge=2&value=sp|P38159|RBMX_HUMAN,1,/core/www/modules/match_peptides/blast_html4.php?run_id=110202&search_id=114132&scans_id=110198&peptide_id=42795&scanf=7252&charge=2&value=1,R.SDLYSSGR.D,/core/www/modules/show_out/show_out_wrapper.php?run_id=110202&search_id=114132&scans_id=110198&peptide_id=42795&scanf=7252&charge=2&value=R.SDLYSSGR.D,RBMX,2.604e+7,3.227,0.002,2.743,0.000
7261,2,"  1.335","  0.235",6/12,/core/www/modules//sdig/index.php?run_id=110202&search_id=114132&scans_id=110198&peptide_id=42804&scanf=7261&charge=2&value=6/12,sp|O43747|AP1G1_HUMAN,/core/www/modules//consensus/?run_id=110202&search_id=114132&scans_id=110198&peptide_id=42804&scanf=7261&charge=2&value=sp|O43747|AP1G1_HUMAN,4,/core/www/modules/match_peptides/blast_html4.php?run_id=110202&search_id=114132&scans_id=110198&peptide_id=42804&scanf=7261&charge=2&value=4,K.TSNSYLR.K,/core/www/modules/show_out/show_out_wrapper.php?run_id=110202&search_id=114132&scans_id=110198&peptide_id=42804&scanf=7261&charge=2&value=K.TSNSYLR.K,AP1G1,5.994e+5,2.269,0.045,1.343,0.002
7263,2,"  1.724","  0.369",10/24,/core/www/modules//sdig/index.php?run_id=110202&search_id=114132&scans_id=110198&peptide_id=42806&scanf=7263&charge=2&value=10/24,sp|O15061|SYNEM_HUMAN,/core/www/modules//consensus/?run_id=110202&search_id=114132&scans_id=110198&peptide_id=42806&scanf=7263&charge=2&value=sp|O15061|SYNEM_HUMAN,2,/core/www/modules/match_peptides/blast_html4.php?run_id=110202&search_id=114132&scans_id=110198&peptide_id=42806&scanf=7263&charge=2&value=2,R.GSQTGTSIGGDAR.R,/core/www/modules/show_out/show_out_wrapper.php?run_id=110202&search_id=114132&scans_id=110198&peptide_id=42806&scanf=7263&charge=2&value=R.GSQTGTSIGGDAR.R,SYNM,3.241e+5,2.365,0.033,1.479,0.001
7275,2,"  2.819","  0.436",12/16,/core/www/modules//sdig/index.php?run_id=110202&search_id=114132&scans_id=110198&peptide_id=42817&scanf=7275&charge=2&value=12/16,sp|P21333|FLNA_HUMAN,/core/www/modules//consensus/?run_id=110202&search_id=114132&scans_id=110198&peptide_id=42817&scanf=7275&charge=2&value=sp|P21333|FLNA_HUMAN,2,/core/www/modules/match_peptides/blast_html4.php?run_id=110202&search_id=114132&scans_id=110198&peptide_id=42817&scanf=7275&charge=2&value=2,K.KGEITGEVR.M,/core/www/modules/show_out/show_out_wrapper.php?run_id=110202&search_id=114132&scans_id=110198&peptide_id=42817&scanf=7275&charge=2&value=K.KGEITGEVR.M,FLNA,9.431e+5,3.169,0.002,2.658,0.000
7280,2,"  1.228","  0.398",7/16,/core/www/modules//sdig/index.php?run_id=110202&search_id=114132&scans_id=110198&peptide_id=42822&scanf=7280&charge=2&value=7/16,sp|P43686|PRS6B_HUMAN,/core/www/modules//consensus/?run_id=110202&search_id=114132&scans_id=110198&peptide_id=42822&scanf=7280&charge=2&value=sp|P43686|PRS6B_HUMAN,0,/core/www/modules/match_peptides/blast_html4.php?run_id=110202&search_id=114132&scans_id=110198&peptide_id=42822&scanf=7280&charge=2&value=0,R.FDAQTGADR.E,/core/www/modules/show_out/show_out_wrapper.php?run_id=110202&search_id=114132&scans_id=110198&peptide_id=42822&scanf=7280&charge=2&value=R.FDAQTGADR.E,PSMC4,1.989e+6,2.485,0.022,1.653,0.001
7293,2,"  3.213","  0.630",20/26,/core/www/modules//sdig/index.php?run_id=110202&search_id=114132&scans_id=110198&peptide_id=42834&scanf=7293&charge=2&value=20/26,sp|P38919|IF4A3_HUMAN,/core/www/modules//consensus/?run_id=110202&search_id=114132&scans_id=110198&peptide_id=42834&scanf=7293&charge=2&value=sp|P38919|IF4A3_HUMAN,1,/core/www/modules/match_peptides/blast_html4.php?run_id=110202&search_id=114132&scans_id=110198&peptide_id=42834&scanf=7293&charge=2&value=1,K.GRDVIAQSQSGTGK.T,/core/www/modules/show_out/show_out_wrapper.php?run_id=110202&search_id=114132&scans_id=110198&peptide_id=42834&scanf=7293&charge=2&value=K.GRDVIAQSQSGTGK.T,EIF4A3,1.258e+7,3.287,0.001,2.833,0.000
7301,2,"  1.309","  0.264",7/16,/core/www/modules//sdig/index.php?run_id=110202&search_id=114132&scans_id=110198&peptide_id=42842&scanf=7301&charge=2&value=7/16,sp|Q8NE71|ABCF1_HUMAN,/core/www/modules//consensus/?run_id=110202&search_id=114132&scans_id=110198&peptide_id=42842&scanf=7301&charge=2&value=sp|Q8NE71|ABCF1_HUMAN,2,/core/www/modules/match_peptides/blast_html4.php?run_id=110202&search_id=114132&scans_id=110198&peptide_id=42842&scanf=7301&charge=2&value=2,K.LTPTHGEMR.K,/core/www/modules/show_out/show_out_wrapper.php?run_id=110202&search_id=114132&scans_id=110198&peptide_id=42842&scanf=7301&charge=2&value=K.LTPTHGEMR.K,ABCF1,3.907e+5,2.158,0.065,1.186,0.002
7313,2,"  1.932","  0.223",11/14,/core/www/modules//sdig/index.php?run_id=110202&search_id=114132&scans_id=110198&peptide_id=42853&scanf=7313&charge=2&value=11/14,sp|P61247|RS3A_HUMAN,/core/www/modules//consensus/?run_id=110202&search_id=114132&scans_id=110198&peptide_id=42853&scanf=7313&charge=2&value=sp|P61247|RS3A_HUMAN,6,/core/www/modules/match_peptides/blast_html4.php?run_id=110202&search_id=114132&scans_id=110198&peptide_id=42853&scanf=7313&charge=2&value=6,R.EVQTNDLK.E,/core/www/modules/show_out/show_out_wrapper.php?run_id=110202&search_id=114132&scans_id=110198&peptide_id=42853&scanf=7313&charge=2&value=R.EVQTNDLK.E,RPS3A,1.610e+7,2.712,0.010,1.984,0.000
7315,2,"  1.394","  0.065",9/16,/core/www/modules//sdig/index.php?run_id=110202&search_id=114132&scans_id=110198&peptide_id=42855&scanf=7315&charge=2&value=9/16,sp|Q08211|DHX9_HUMAN,/core/www/modules//consensus/?run_id=110202&search_id=114132&scans_id=110198&peptide_id=42855&scanf=7315&charge=2&value=sp|Q08211|DHX9_HUMAN,0,/core/www/modules/match_peptides/blast_html4.php?run_id=110202&search_id=114132&scans_id=110198&peptide_id=42855&scanf=7315&charge=2&value=0,R.M*GGEEAEIR.F,/core/www/modules/show_out/show_out_wrapper.php?run_id=110202&search_id=114132&scans_id=110198&peptide_id=42855&scanf=7315&charge=2&value=R.M*GGEEAEIR.F,DHX9,1.537e+6,1.962,0.120,0.922,0.005
7317,2,"  1.171","  0.138",7/14,/core/www/modules//sdig/index.php?run_id=110202&search_id=114132&scans_id=110198&peptide_id=42857&scanf=7317&charge=2&value=7/14,sp|P08670|VIME_HUMAN,/core/www/modules//consensus/?run_id=110202&search_id=114132&scans_id=110198&peptide_id=42857&scanf=7317&charge=2&value=sp|P08670|VIME_HUMAN,3,/core/www/modules/match_peptides/blast_html4.php?run_id=110202&search_id=114132&scans_id=110198&peptide_id=42857&scanf=7317&charge=2&value=3,R.SYVTTSTR.T,/core/www/modules/show_out/show_out_wrapper.php?run_id=110202&search_id=114132&scans_id=110198&peptide_id=42857&scanf=7317&charge=2&value=R.SYVTTSTR.T,VIM,1.300e+8,2.347,0.035,1.453,0.001
7323,2,"  1.877","  0.158",6/12,/core/www/modules//sdig/index.php?run_id=110202&search_id=114132&scans_id=110198&peptide_id=42863&scanf=7323&charge=2&value=6/12,sp|Q9P2D1|CHD7_HUMAN,/core/www/modules//consensus/?run_id=110202&search_id=114132&scans_id=110198&peptide_id=42863&scanf=7323&charge=2&value=sp|Q9P2D1|CHD7_HUMAN,1,/core/www/modules/match_peptides/blast_html4.php?run_id=110202&search_id=114132&scans_id=110198&peptide_id=42863&scanf=7323&charge=2&value=1,R.QDIDQAK.I,/core/www/modules/show_out/show_out_wrapper.php?run_id=110202&search_id=114132&scans_id=110198&peptide_id=42863&scanf=7323&charge=2&value=R.QDIDQAK.I,CHD7,2.775e+5,2.040,0.094,1.026,0.004
7339,2,"  1.788","  0.231",7/14,/core/www/modules//sdig/index.php?run_id=110202&search_id=114132&scans_id=110198&peptide_id=42878&scanf=7339&charge=2&value=7/14,sp|Q8NFV4|ABHDB_HUMAN,/core/www/modules//consensus/?run_id=110202&search_id=114132&scans_id=110198&peptide_id=42878&scanf=7339&charge=2&value=sp|Q8NFV4|ABHDB_HUMAN,4,/core/www/modules/match_peptides/blast_html4.php?run_id=110202&search_id=114132&scans_id=110198&peptide_id=42878&scanf=7339&charge=2&value=4,K.ILAQQTGR.R,/core/www/modules/show_out/show_out_wrapper.php?run_id=110202&search_id=114132&scans_id=110198&peptide_id=42878&scanf=7339&charge=2&value=K.ILAQQTGR.R,ABHD11,6.334e+5,2.233,0.051,1.292,0.002
7340,4,"  2.262","  0.173",12/66,/core/www/modules//sdig/index.php?run_id=110202&search_id=114132&scans_id=110198&peptide_id=42879&scanf=7340&charge=4&value=12/66,sp|Q96MU7|YTDC1_HUMAN,/core/www/modules//consensus/?run_id=110202&search_id=114132&scans_id=110198&peptide_id=42879&scanf=7340&charge=4&value=sp|Q96MU7|YTDC1_HUMAN,1,/core/www/modules/match_peptides/blast_html4.php?run_id=110202&search_id=114132&scans_id=110198&peptide_id=42879&scanf=7340&charge=4&value=1,R.RRPEDYDIHNSR.K,/core/www/modules/show_out/show_out_wrapper.php?run_id=110202&search_id=114132&scans_id=110198&peptide_id=42879&scanf=7340&charge=4&value=R.RRPEDYDIHNSR.K,YTHDC1,1.703e+7,2.104,0.077,1.112,0.003
7352,2,"  1.879","  0.359",9/22,/core/www/modules//sdig/index.php?run_id=110202&search_id=114132&scans_id=110198&peptide_id=42891&scanf=7352&charge=2&value=9/22,sp|P19338|NUCL_HUMAN,/core/www/modules//consensus/?run_id=110202&search_id=114132&scans_id=110198&peptide_id=42891&scanf=7352&charge=2&value=sp|P19338|NUCL_HUMAN,5,/core/www/modules/match_peptides/blast_html4.php?run_id=110202&search_id=114132&scans_id=110198&peptide_id=42891&scanf=7352&charge=2&value=5,K.EAM*EDGEIDGNK.V,/core/www/modules/show_out/show_out_wrapper.php?run_id=110202&search_id=114132&scans_id=110198&peptide_id=42891&scanf=7352&charge=2&value=K.EAM*EDGEIDGNK.V,NCL,2.025e+6,2.545,0.018,1.740,0.000
7356,3,"  2.630","  0.491",12/40,/core/www/modules//sdig/index.php?run_id=110202&search_id=114132&scans_id=110198&peptide_id=42894&scanf=7356&charge=3&value=12/40,sp|P02545|LMNA_HUMAN,/core/www/modules//consensus/?run_id=110202&search_id=114132&scans_id=110198&peptide_id=42894&scanf=7356&charge=3&value=sp|P02545|LMNA_HUMAN,6,/core/www/modules/match_peptides/blast_html4.php?run_id=110202&search_id=114132&scans_id=110198&peptide_id=42894&scanf=7356&charge=3&value=6,R.AQHEDQVEQYK.K,/core/www/modules/show_out/show_out_wrapper.php?run_id=110202&search_id=114132&scans_id=110198&peptide_id=42894&scanf=7356&charge=3&value=R.AQHEDQVEQYK.K,LMNA,2.754e+6,3.343,0.001,2.916,0.000
7357,2,"  2.251","  0.520",10/18,/core/www/modules//sdig/index.php?run_id=110202&search_id=114132&scans_id=110198&peptide_id=42895&scanf=7357&charge=2&value=10/18,sp|P78527|PRKDC_HUMAN,/core/www/modules//consensus/?run_id=110202&search_id=114132&scans_id=110198&peptide_id=42895&scanf=7357&charge=2&value=sp|P78527|PRKDC_HUMAN,0,/core/www/modules/match_peptides/blast_html4.php?run_id=110202&search_id=114132&scans_id=110198&peptide_id=42895&scanf=7357&charge=2&value=0,K.SMEEDPQTSR.E,/core/www/modules/show_out/show_out_wrapper.php?run_id=110202&search_id=114132&scans_id=110198&peptide_id=42895&scanf=7357&charge=2&value=K.SMEEDPQTSR.E,PRKDC,3.377e+6,4.073,0.000,3.997,0.000
7378,2,"  2.020","  0.360",8/16,/core/www/modules//sdig/index.php?run_id=110202&search_id=114132&scans_id=110198&peptide_id=42915&scanf=7378&charge=2&value=8/16,sp|P07814|SYEP_HUMAN,/core/www/modules//consensus/?run_id=110202&search_id=114132&scans_id=110198&peptide_id=42915&scanf=7378&charge=2&value=sp|P07814|SYEP_HUMAN,1,/core/www/modules/match_peptides/blast_html4.php?run_id=110202&search_id=114132&scans_id=110198&peptide_id=42915&scanf=7378&charge=2&value=1,K.VASQGEVVR.K,/core/www/modules/show_out/show_out_wrapper.php?run_id=110202&search_id=114132&scans_id=110198&peptide_id=42915&scanf=7378&charge=2&value=K.VASQGEVVR.K,EPRS1,2.863e+6,2.696,0.011,1.961,0.000
7384,2,"  1.648","  0.426",9/20,/core/www/modules//sdig/index.php?run_id=110202&search_id=114132&scans_id=110198&peptide_id=42921&scanf=7384&charge=2&value=9/20,sp|P61158|ARP3_HUMAN,/core/www/modules//consensus/?run_id=110202&search_id=114132&scans_id=110198&peptide_id=42921&scanf=7384&charge=2&value=sp|P61158|ARP3_HUMAN,1,/core/www/modules/match_peptides/blast_html4.php?run_id=110202&search_id=114132&scans_id=110198&peptide_id=42921&scanf=7384&charge=2&value=1,K.EFNKYDTDGSK.W,/core/www/modules/show_out/show_out_wrapper.php?run_id=110202&search_id=114132&scans_id=110198&peptide_id=42921&scanf=7384&charge=2&value=K.EFNKYDTDGSK.W,ACTR3,2.277e+5,2.344,0.036,1.449,0.001
7386,2,"  1.955","  0.372",13/34,/core/www/modules//sdig/index.php?run_id=110202&search_id=114132&scans_id=110198&peptide_id=42923&scanf=7386&charge=2&value=13/34,sp|P09651|ROA1_HUMAN,/core/www/modules//consensus/?run_id=110202&search_id=114132&scans_id=110198&peptide_id=42923&scanf=7386&charge=2&value=sp|P09651|ROA1_HUMAN,6,/core/www/modules/match_peptides/blast_html4.php?run_id=110202&search_id=114132&scans_id=110198&peptide_id=42923&scanf=7386&charge=2&value=6,R.NQGGYGGSSSSSSYGSGR.R,/core/www/modules/show_out/show_out_wrapper.php?run_id=110202&search_id=114132&scans_id=110198&peptide_id=42923&scanf=7386&charge=2&value=R.NQGGYGGSSSSSSYGSGR.R,HNRNPA1,2.662e+7,2.285,0.043,1.364,0.001
7388,2,"  1.665","  0.462",7/14,/core/www/modules//sdig/index.php?run_id=110202&search_id=114132&scans_id=110198&peptide_id=42925&scanf=7388&charge=2&value=7/14,sp|Q8WTT2|NOC3L_HUMAN,/core/www/modules//consensus/?run_id=110202&search_id=114132&scans_id=110198&peptide_id=42925&scanf=7388&charge=2&value=sp|Q8WTT2|NOC3L_HUMAN,0,/core/www/modules/match_peptides/blast_html4.php?run_id=110202&search_id=114132&scans_id=110198&peptide_id=42925&scanf=7388&charge=2&value=0,R.HYHPIVQR.F,/core/www/modules/show_out/show_out_wrapper.php?run_id=110202&search_id=114132&scans_id=110198&peptide_id=42925&scanf=7388&charge=2&value=R.HYHPIVQR.F,NOC3L,5.634e+5,3.033,0.003,2.457,0.000
7397,3,"  1.899","  0.121",11/32,/core/www/modules//sdig/index.php?run_id=110202&search_id=114132&scans_id=110198&peptide_id=42933&scanf=7397&charge=3&value=11/32,sp|Q16629|SRSF7_HUMAN,/core/www/modules//consensus/?run_id=110202&search_id=114132&scans_id=110198&peptide_id=42933&scanf=7397&charge=3&value=sp|Q16629|SRSF7_HUMAN,3,/core/www/modules/match_peptides/blast_html4.php?run_id=110202&search_id=114132&scans_id=110198&peptide_id=42933&scanf=7397&charge=3&value=3,R.SRFDRPPAR.R,/core/www/modules/show_out/show_out_wrapper.php?run_id=110202&search_id=114132&scans_id=110198&peptide_id=42933&scanf=7397&charge=3&value=R.SRFDRPPAR.R,SRSF7,1.165e+7,1.832,0.175,0.758,0.009
7399,2,"  2.076","  0.356",9/18,/core/www/modules//sdig/index.php?run_id=110202&search_id=114132&scans_id=110198&peptide_id=42935&scanf=7399&charge=2&value=9/18,sp|Q14690|RRP5_HUMAN,/core/www/modules//consensus/?run_id=110202&search_id=114132&scans_id=110198&peptide_id=42935&scanf=7399&charge=2&value=sp|Q14690|RRP5_HUMAN,1,/core/www/modules/match_peptides/blast_html4.php?run_id=110202&search_id=114132&scans_id=110198&peptide_id=42935&scanf=7399&charge=2&value=1,R.ATVVGPDSSK.T,/core/www/modules/show_out/show_out_wrapper.php?run_id=110202&search_id=114132&scans_id=110198&peptide_id=42935&scanf=7399&charge=2&value=R.ATVVGPDSSK.T,PDCD11,1.778e+6,2.737,0.010,2.020,0.000
7400,2,"  2.409","  0.701",12/20,/core/www/modules//sdig/index.php?run_id=110202&search_id=114132&scans_id=110198&peptide_id=42936&scanf=7400&charge=2&value=12/20,sp|P60709|ACTB_HUMAN,/core/www/modules//consensus/?run_id=110202&search_id=114132&scans_id=110198&peptide_id=42936&scanf=7400&charge=2&value=sp|P60709|ACTB_HUMAN,27,/core/www/modules/match_peptides/blast_html4.php?run_id=110202&search_id=114132&scans_id=110198&peptide_id=42936&scanf=7400&charge=2&value=27,K.DSYVGDEAQSK.R,/core/www/modules/show_out/show_out_wrapper.php?run_id=110202&search_id=114132&scans_id=110198&peptide_id=42936&scanf=7400&charge=2&value=K.DSYVGDEAQSK.R,ACTB,9.353e+5,4.368,0.000,4.435,0.000
7402,2,"  2.036","  0.336",11/16,/core/www/modules//sdig/index.php?run_id=110202&search_id=114132&scans_id=110198&peptide_id=42938&scanf=7402&charge=2&value=11/16,sp|Q9UNM6|PSD13_HUMAN,/core/www/modules//consensus/?run_id=110202&search_id=114132&scans_id=110198&peptide_id=42938&scanf=7402&charge=2&value=sp|Q9UNM6|PSD13_HUMAN,1,/core/www/modules/match_peptides/blast_html4.php?run_id=110202&search_id=114132&scans_id=110198&peptide_id=42938&scanf=7402&charge=2&value=1,K.GSIDEVDKR.V,/core/www/modules/show_out/show_out_wrapper.php?run_id=110202&search_id=114132&scans_id=110198&peptide_id=42938&scanf=7402&charge=2&value=K.GSIDEVDKR.V,PSMD13,1.750e+6,2.522,0.020,1.706,0.000
7404,2,"  1.530","  0.425",7/14,/core/www/modules//sdig/index.php?run_id=110202&search_id=114132&scans_id=110198&peptide_id=42940&scanf=7404&charge=2&value=7/14,sp|Q8WTT2|NOC3L_HUMAN,/core/www/modules//consensus/?run_id=110202&search_id=114132&scans_id=110198&peptide_id=42940&scanf=7404&charge=2&value=sp|Q8WTT2|NOC3L_HUMAN,0,/core/www/modules/match_peptides/blast_html4.php?run_id=110202&search_id=114132&scans_id=110198&peptide_id=42940&scanf=7404&charge=2&value=0,R.HYHPIVQR.F,/core/www/modules/show_out/show_out_wrapper.php?run_id=110202&search_id=114132&scans_id=110198&peptide_id=42940&scanf=7404&charge=2&value=R.HYHPIVQR.F,NOC3L,5.634e+5,2.889,0.006,2.244,0.000
7418,2,"  1.918","  0.329",9/14,/core/www/modules//sdig/index.php?run_id=110202&search_id=114132&scans_id=110198&peptide_id=42953&scanf=7418&charge=2&value=9/14,sp|O43707|ACTN4_HUMAN,/core/www/modules//consensus/?run_id=110202&search_id=114132&scans_id=110198&peptide_id=42953&scanf=7418&charge=2&value=sp|O43707|ACTN4_HUMAN,3,/core/www/modules/match_peptides/blast_html4.php?run_id=110202&search_id=114132&scans_id=110198&peptide_id=42953&scanf=7418&charge=2&value=3,K.TIQEMQQK.L,/core/www/modules/show_out/show_out_wrapper.php?run_id=110202&search_id=114132&scans_id=110198&peptide_id=42953&scanf=7418&charge=2&value=K.TIQEMQQK.L,ACTN4,7.499e+6,3.161,0.002,2.646,0.000
7431,2,"  2.551","  0.536",11/22,/core/www/modules//sdig/index.php?run_id=110202&search_id=114132&scans_id=110198&peptide_id=42966&scanf=7431&charge=2&value=11/22,sp|P62820|RAB1A_HUMAN,/core/www/modules//consensus/?run_id=110202&search_id=114132&scans_id=110198&peptide_id=42966&scanf=7431&charge=2&value=sp|P62820|RAB1A_HUMAN,1,/core/www/modules/match_peptides/blast_html4.php?run_id=110202&search_id=114132&scans_id=110198&peptide_id=42966&scanf=7431&charge=2&value=1,R.MGPGATAGGAEK.S,/core/www/modules/show_out/show_out_wrapper.php?run_id=110202&search_id=114132&scans_id=110198&peptide_id=42966&scanf=7431&charge=2&value=R.MGPGATAGGAEK.S,RAB1A,6.762e+5,3.148,0.002,2.626,0.000
7440,2,"  2.326","  0.492",11/18,/core/www/modules//sdig/index.php?run_id=110202&search_id=114132&scans_id=110198&peptide_id=42974&scanf=7440&charge=2&value=11/18,sp|P62701|RS4X_HUMAN,/core/www/modules//consensus/?run_id=110202&search_id=114132&scans_id=110198&peptide_id=42974&scanf=7440&charge=2&value=sp|P62701|RS4X_HUMAN,3,/core/www/modules/match_peptides/blast_html4.php?run_id=110202&search_id=114132&scans_id=110198&peptide_id=42974&scanf=7440&charge=2&value=3,K.DANGNSFATR.L,/core/www/modules/show_out/show_out_wrapper.php?run_id=110202&search_id=114132&scans_id=110198&peptide_id=42974&scanf=7440&charge=2&value=K.DANGNSFATR.L,RPS4X,1.170e+6,3.283,0.001,2.827,0.000
7443,2,"  1.847","  0.440",11/22,/core/www/modules//sdig/index.php?run_id=110202&search_id=114132&scans_id=110198&peptide_id=42977&scanf=7443&charge=2&value=11/22,sp|P62820|RAB1A_HUMAN,/core/www/modules//consensus/?run_id=110202&search_id=114132&scans_id=110198&peptide_id=42977&scanf=7443&charge=2&value=sp|P62820|RAB1A_HUMAN,1,/core/www/modules/match_peptides/blast_html4.php?run_id=110202&search_id=114132&scans_id=110198&peptide_id=42977&scanf=7443&charge=2&value=1,R.MGPGATAGGAEK.S,/core/www/modules/show_out/show_out_wrapper.php?run_id=110202&search_id=114132&scans_id=110198&peptide_id=42977&scanf=7443&charge=2&value=R.MGPGATAGGAEK.S,RAB1A,6.762e+5,2.798,0.008,2.110,0.000
7449,3,"  3.073","  0.218",11/44,/core/www/modules//sdig/index.php?run_id=110202&search_id=114132&scans_id=110198&peptide_id=42983&scanf=7449&charge=3&value=11/44,sp|Q96MU7|YTDC1_HUMAN,/core/www/modules//consensus/?run_id=110202&search_id=114132&scans_id=110198&peptide_id=42983&scanf=7449&charge=3&value=sp|Q96MU7|YTDC1_HUMAN,1,/core/www/modules/match_peptides/blast_html4.php?run_id=110202&search_id=114132&scans_id=110198&peptide_id=42983&scanf=7449&charge=3&value=1,R.RRPEDYDIHNSR.K,/core/www/modules/show_out/show_out_wrapper.php?run_id=110202&search_id=114132&scans_id=110198&peptide_id=42983&scanf=7449&charge=3&value=R.RRPEDYDIHNSR.K,YTHDC1,2.254e+6,1.995,0.108,0.966,0.005
7479,2,"  2.168","  0.621",9/20,/core/www/modules//sdig/index.php?run_id=110202&search_id=114132&scans_id=110198&peptide_id=43012&scanf=7479&charge=2&value=9/20,sp|P60709|ACTB_HUMAN,/core/www/modules//consensus/?run_id=110202&search_id=114132&scans_id=110198&peptide_id=43012&scanf=7479&charge=2&value=sp|P60709|ACTB_HUMAN,27,/core/www/modules/match_peptides/blast_html4.php?run_id=110202&search_id=114132&scans_id=110198&peptide_id=43012&scanf=7479&charge=2&value=27,K.DSYVGDEAQSK.R,/core/www/modules/show_out/show_out_wrapper.php?run_id=110202&search_id=114132&scans_id=110198&peptide_id=43012&scanf=7479&charge=2&value=K.DSYVGDEAQSK.R,ACTB,9.353e+5,3.914,0.000,3.762,0.000
7481,2,"  2.768","  0.475",12/18,/core/www/modules//sdig/index.php?run_id=110202&search_id=114132&scans_id=110198&peptide_id=43013&scanf=7481&charge=2&value=12/18,sp|P39019|RS19_HUMAN,/core/www/modules//consensus/?run_id=110202&search_id=114132&scans_id=110198&peptide_id=43013&scanf=7481&charge=2&value=sp|P39019|RS19_HUMAN,1,/core/www/modules/match_peptides/blast_html4.php?run_id=110202&search_id=114132&scans_id=110198&peptide_id=43013&scanf=7481&charge=2&value=1,R.IAGQVAAANK.K,/core/www/modules/show_out/show_out_wrapper.php?run_id=110202&search_id=114132&scans_id=110198&peptide_id=43013&scanf=7481&charge=2&value=R.IAGQVAAANK.K,RPS19,2.435e+6,3.288,0.001,2.834,0.000
7482,3,"  2.065","  0.376",12/48,/core/www/modules//sdig/index.php?run_id=110202&search_id=114132&scans_id=110198&peptide_id=43014&scanf=7482&charge=3&value=12/48,sp|P61247|RS3A_HUMAN,/core/www/modules//consensus/?run_id=110202&search_id=114132&scans_id=110198&peptide_id=43014&scanf=7482&charge=3&value=sp|P61247|RS3A_HUMAN,4,/core/www/modules/match_peptides/blast_html4.php?run_id=110202&search_id=114132&scans_id=110198&peptide_id=43014&scanf=7482&charge=3&value=4,K.LM*ELHGEGSSSGK.A,/core/www/modules/show_out/show_out_wrapper.php?run_id=110202&search_id=114132&scans_id=110198&peptide_id=43014&scanf=7482&charge=3&value=K.LM*ELHGEGSSSGK.A,RPS3A,1.327e+6,2.727,0.010,2.005,0.000
7485,3,"  2.474","  0.263",10/36,/core/www/modules//sdig/index.php?run_id=110202&search_id=114132&scans_id=110198&peptide_id=43017&scanf=7485&charge=3&value=10/36,sp|P43686|PRS6B_HUMAN,/core/www/modules//consensus/?run_id=110202&search_id=114132&scans_id=110198&peptide_id=43017&scanf=7485&charge=3&value=sp|P43686|PRS6B_HUMAN,0,/core/www/modules/match_peptides/blast_html4.php?run_id=110202&search_id=114132&scans_id=110198&peptide_id=43017&scanf=7485&charge=3&value=0,K.KDEQEHEFYK.-,/core/www/modules/show_out/show_out_wrapper.php?run_id=110202&search_id=114132&scans_id=110198&peptide_id=43017&scanf=7485&charge=3&value=K.KDEQEHEFYK.-,PSMC4,1.906e+6,2.201,0.057,1.246,0.002
7490,2,"  1.443","  0.379",8/18,/core/www/modules//sdig/index.php?run_id=110202&search_id=114132&scans_id=110198&peptide_id=43022&scanf=7490&charge=2&value=8/18,sp|P61981|1433G_HUMAN,/core/www/modules//consensus/?run_id=110202&search_id=114132&scans_id=110198&peptide_id=43022&scanf=7490&charge=2&value=sp|P61981|1433G_HUMAN,0,/core/www/modules/match_peptides/blast_html4.php?run_id=110202&search_id=114132&scans_id=110198&peptide_id=43022&scanf=7490&charge=2&value=0,K.AYSEAHEISK.E,/core/www/modules/show_out/show_out_wrapper.php?run_id=110202&search_id=114132&scans_id=110198&peptide_id=43022&scanf=7490&charge=2&value=K.AYSEAHEISK.E,YWHAG,5.847e+5,2.569,0.017,1.774,0.000
7495,2,"  2.163","  0.342",10/18,/core/www/modules//sdig/index.php?run_id=110202&search_id=114132&scans_id=110198&peptide_id=43027&scanf=7495&charge=2&value=10/18,sp|Q9NX58|LYAR_HUMAN,/core/www/modules//consensus/?run_id=110202&search_id=114132&scans_id=110198&peptide_id=43027&scanf=7495&charge=2&value=sp|Q9NX58|LYAR_HUMAN,0,/core/www/modules/match_peptides/blast_html4.php?run_id=110202&search_id=114132&scans_id=110198&peptide_id=43027&scanf=7495&charge=2&value=0,K.DAVEQQGEVK.K,/core/www/modules/show_out/show_out_wrapper.php?run_id=110202&search_id=114132&scans_id=110198&peptide_id=43027&scanf=7495&charge=2&value=K.DAVEQQGEVK.K,LYAR,9.558e+5,2.654,0.013,1.899,0.000
7503,3,"  4.329","  0.500",20/48,/core/www/modules//sdig/index.php?run_id=110202&search_id=114132&scans_id=110198&peptide_id=43034&scanf=7503&charge=3&value=20/48,sp|P51531|SMCA2_HUMAN,/core/www/modules//consensus/?run_id=110202&search_id=114132&scans_id=110198&peptide_id=43034&scanf=7503&charge=3&value=sp|P51531|SMCA2_HUMAN,22,/core/www/modules/match_peptides/blast_html4.php?run_id=110202&search_id=114132&scans_id=110198&peptide_id=43034&scanf=7503&charge=3&value=22,R.NVDKDPAKEDVEK.A,/core/www/modules/show_out/show_out_wrapper.php?run_id=110202&search_id=114132&scans_id=110198&peptide_id=43034&scanf=7503&charge=3&value=R.NVDKDPAKEDVEK.A,SMARCA2,6.285e+6,3.155,0.002,2.638,0.000
7505,3,"  3.118","  0.535",20/56,/core/www/modules//sdig/index.php?run_id=110202&search_id=114132&scans_id=110198&peptide_id=43036&scanf=7505&charge=3&value=20/56,sp|P13010|XRCC5_HUMAN,/core/www/modules//consensus/?run_id=110202&search_id=114132&scans_id=110198&peptide_id=43036&scanf=7505&charge=3&value=sp|P13010|XRCC5_HUMAN,0,/core/www/modules/match_peptides/blast_html4.php?run_id=110202&search_id=114132&scans_id=110198&peptide_id=43036&scanf=7505&charge=3&value=0,K.EEASGSSVTAEEAKK.F,/core/www/modules/show_out/show_out_wrapper.php?run_id=110202&search_id=114132&scans_id=110198&peptide_id=43036&scanf=7505&charge=3&value=K.EEASGSSVTAEEAKK.F,XRCC5,1.377e+6,3.159,0.002,2.643,0.000
7509,2,"  1.554","  0.185",6/14,/core/www/modules//sdig/index.php?run_id=110202&search_id=114132&scans_id=110198&peptide_id=43040&scanf=7509&charge=2&value=6/14,sp|P07814|SYEP_HUMAN,/core/www/modules//consensus/?run_id=110202&search_id=114132&scans_id=110198&peptide_id=43040&scanf=7509&charge=2&value=sp|P07814|SYEP_HUMAN,6,/core/www/modules/match_peptides/blast_html4.php?run_id=110202&search_id=114132&scans_id=110198&peptide_id=43040&scanf=7509&charge=2&value=6,R.FDDTNPEK.E,/core/www/modules/show_out/show_out_wrapper.php?run_id=110202&search_id=114132&scans_id=110198&peptide_id=43040&scanf=7509&charge=2&value=R.FDDTNPEK.E,EPRS1,1.161e+6,2.028,0.098,1.010,0.005
7521,2,"  2.160","  0.520",10/18,/core/www/modules//sdig/index.php?run_id=110202&search_id=114132&scans_id=110198&peptide_id=43052&scanf=7521&charge=2&value=10/18,sp|P22626|ROA2_HUMAN,/core/www/modules//consensus/?run_id=110202&search_id=114132&scans_id=110198&peptide_id=43052&scanf=7521&charge=2&value=sp|P22626|ROA2_HUMAN,7,/core/www/modules/match_peptides/blast_html4.php?run_id=110202&search_id=114132&scans_id=110198&peptide_id=43052&scanf=7521&charge=2&value=7,R.QEMQEVQSSR.S,/core/www/modules/show_out/show_out_wrapper.php?run_id=110202&search_id=114132&scans_id=110198&peptide_id=43052&scanf=7521&charge=2&value=R.QEMQEVQSSR.S,HNRNPA2B1,4.323e+7,3.328,0.001,2.894,0.000
7523,2,"  2.092","  0.410",9/16,/core/www/modules//sdig/index.php?run_id=110202&search_id=114132&scans_id=110198&peptide_id=43053&scanf=7523&charge=2&value=9/16,sp|P31943|HNRH1_HUMAN,/core/www/modules//consensus/?run_id=110202&search_id=114132&scans_id=110198&peptide_id=43053&scanf=7523&charge=2&value=sp|P31943|HNRH1_HUMAN,15,/core/www/modules/match_peptides/blast_html4.php?run_id=110202&search_id=114132&scans_id=110198&peptide_id=43053&scanf=7523&charge=2&value=15,K.IQNGAQGIR.F,/core/www/modules/show_out/show_out_wrapper.php?run_id=110202&search_id=114132&scans_id=110198&peptide_id=43053&scanf=7523&charge=2&value=K.IQNGAQGIR.F,HNRNPH1,6.440e+6,2.998,0.004,2.404,0.000
7530,2,"  1.913","  0.266",9/18,/core/www/modules//sdig/index.php?run_id=110202&search_id=114132&scans_id=110198&peptide_id=43060&scanf=7530&charge=2&value=9/18,sp|Q9NX58|LYAR_HUMAN,/core/www/modules//consensus/?run_id=110202&search_id=114132&scans_id=110198&peptide_id=43060&scanf=7530&charge=2&value=sp|Q9NX58|LYAR_HUMAN,0,/core/www/modules/match_peptides/blast_html4.php?run_id=110202&search_id=114132&scans_id=110198&peptide_id=43060&scanf=7530&charge=2&value=0,K.DAVEQQGEVK.K,/core/www/modules/show_out/show_out_wrapper.php?run_id=110202&search_id=114132&scans_id=110198&peptide_id=43060&scanf=7530&charge=2&value=K.DAVEQQGEVK.K,LYAR,9.558e+5,2.293,0.042,1.376,0.001
7540,4,"  2.049","  0.179",13/66,/core/www/modules//sdig/index.php?run_id=110202&search_id=114132&scans_id=110198&peptide_id=43070&scanf=7540&charge=4&value=13/66,sp|Q96MU7|YTDC1_HUMAN,/core/www/modules//consensus/?run_id=110202&search_id=114132&scans_id=110198&peptide_id=43070&scanf=7540&charge=4&value=sp|Q96MU7|YTDC1_HUMAN,1,/core/www/modules/match_peptides/blast_html4.php?run_id=110202&search_id=114132&scans_id=110198&peptide_id=43070&scanf=7540&charge=4&value=1,R.RRPEDYDIHNSR.K,/core/www/modules/show_out/show_out_wrapper.php?run_id=110202&search_id=114132&scans_id=110198&peptide_id=43070&scanf=7540&charge=4&value=R.RRPEDYDIHNSR.K,YTHDC1,1.703e+7,2.121,0.073,1.135,0.002
7545,2,"  2.365","  0.346",8/16,/core/www/modules//sdig/index.php?run_id=110202&search_id=114132&scans_id=110198&peptide_id=43074&scanf=7545&charge=2&value=8/16,sp|P46782|RS5_HUMAN,/core/www/modules//consensus/?run_id=110202&search_id=114132&scans_id=110198&peptide_id=43074&scanf=7545&charge=2&value=sp|P46782|RS5_HUMAN,3,/core/www/modules/match_peptides/blast_html4.php?run_id=110202&search_id=114132&scans_id=110198&peptide_id=43074&scanf=7545&charge=2&value=3,K.GSSNSYAIK.K,/core/www/modules/show_out/show_out_wrapper.php?run_id=110202&search_id=114132&scans_id=110198&peptide_id=43074&scanf=7545&charge=2&value=K.GSSNSYAIK.K,RPS5,3.816e+6,2.632,0.014,1.867,0.000
7553,2,"  2.035","  0.264",12/18,/core/www/modules//sdig/index.php?run_id=110202&search_id=114132&scans_id=110198&peptide_id=43082&scanf=7553&charge=2&value=12/18,sp|P15311|EZRI_HUMAN,/core/www/modules//consensus/?run_id=110202&search_id=114132&scans_id=110198&peptide_id=43082&scanf=7553&charge=2&value=sp|P15311|EZRI_HUMAN,0,/core/www/modules/match_peptides/blast_html4.php?run_id=110202&search_id=114132&scans_id=110198&peptide_id=43082&scanf=7553&charge=2&value=0,R.AKEAQDDLVK.T,/core/www/modules/show_out/show_out_wrapper.php?run_id=110202&search_id=114132&scans_id=110198&peptide_id=43082&scanf=7553&charge=2&value=R.AKEAQDDLVK.T,EZR,6.859e+5,2.323,0.038,1.419,0.001
7558,2,"  1.862","  0.320",8/16,/core/www/modules//sdig/index.php?run_id=110202&search_id=114132&scans_id=110198&peptide_id=43087&scanf=7558&charge=2&value=8/16,sp|Q15149|PLEC_HUMAN,/core/www/modules//consensus/?run_id=110202&search_id=114132&scans_id=110198&peptide_id=43087&scanf=7558&charge=2&value=sp|Q15149|PLEC_HUMAN,4,/core/www/modules/match_peptides/blast_html4.php?run_id=110202&search_id=114132&scans_id=110198&peptide_id=43087&scanf=7558&charge=2&value=4,R.QLAEEDAAR.Q,/core/www/modules/show_out/show_out_wrapper.php?run_id=110202&search_id=114132&scans_id=110198&peptide_id=43087&scanf=7558&charge=2&value=R.QLAEEDAAR.Q,PLEC,1.507e+6,3.023,0.004,2.442,0.000
7560,2,"  1.975","  0.338",9/18,/core/www/modules//sdig/index.php?run_id=110202&search_id=114132&scans_id=110198&peptide_id=43089&scanf=7560&charge=2&value=9/18,sp|P62701|RS4X_HUMAN,/core/www/modules//consensus/?run_id=110202&search_id=114132&scans_id=110198&peptide_id=43089&scanf=7560&charge=2&value=sp|P62701|RS4X_HUMAN,3,/core/www/modules/match_peptides/blast_html4.php?run_id=110202&search_id=114132&scans_id=110198&peptide_id=43089&scanf=7560&charge=2&value=3,K.DANGNSFATR.L,/core/www/modules/show_out/show_out_wrapper.php?run_id=110202&search_id=114132&scans_id=110198&peptide_id=43089&scanf=7560&charge=2&value=K.DANGNSFATR.L,RPS4X,1.170e+6,2.599,0.015,1.818,0.000
7571,2,"  1.781","  0.365",8/18,/core/www/modules//sdig/index.php?run_id=110202&search_id=114132&scans_id=110198&peptide_id=43099&scanf=7571&charge=2&value=8/18,sp|Q9UQE7|SMC3_HUMAN,/core/www/modules//consensus/?run_id=110202&search_id=114132&scans_id=110198&peptide_id=43099&scanf=7571&charge=2&value=sp|Q9UQE7|SMC3_HUMAN,0,/core/www/modules/match_peptides/blast_html4.php?run_id=110202&search_id=114132&scans_id=110198&peptide_id=43099&scanf=7571&charge=2&value=0,R.EMQQLSGGQK.S,/core/www/modules/show_out/show_out_wrapper.php?run_id=110202&search_id=114132&scans_id=110198&peptide_id=43099&scanf=7571&charge=2&value=R.EMQQLSGGQK.S,SMC3,1.360e+6,2.590,0.016,1.806,0.000
7591,2,"  1.782","  0.318",10/22,/core/www/modules//sdig/index.php?run_id=110202&search_id=114132&scans_id=110198&peptide_id=43118&scanf=7591&charge=2&value=10/22,sp|Q12888|TP53B_HUMAN,/core/www/modules//consensus/?run_id=110202&search_id=114132&scans_id=110198&peptide_id=43118&scanf=7591&charge=2&value=sp|Q12888|TP53B_HUMAN,2,/core/www/modules/match_peptides/blast_html4.php?run_id=110202&search_id=114132&scans_id=110198&peptide_id=43118&scanf=7591&charge=2&value=2,K.GDSGAAPDVDDK.L,/core/www/modules/show_out/show_out_wrapper.php?run_id=110202&search_id=114132&scans_id=110198&peptide_id=43118&scanf=7591&charge=2&value=K.GDSGAAPDVDDK.L,TP53BP1,2.177e+5,2.319,0.039,1.413,0.001
7593,2,"  2.949","  0.566",13/24,/core/www/modules//sdig/index.php?run_id=110202&search_id=114132&scans_id=110198&peptide_id=43120&scanf=7593&charge=2&value=13/24,sp|P61247|RS3A_HUMAN,/core/www/modules//consensus/?run_id=110202&search_id=114132&scans_id=110198&peptide_id=43120&scanf=7593&charge=2&value=sp|P61247|RS3A_HUMAN,4,/core/www/modules/match_peptides/blast_html4.php?run_id=110202&search_id=114132&scans_id=110198&peptide_id=43120&scanf=7593&charge=2&value=4,K.LM*ELHGEGSSSGK.A,/core/www/modules/show_out/show_out_wrapper.php?run_id=110202&search_id=114132&scans_id=110198&peptide_id=43120&scanf=7593&charge=2&value=K.LM*ELHGEGSSSGK.A,RPS3A,5.138e+5,3.344,0.001,2.917,0.000
7598,2,"  2.351","  0.335",10/18,/core/www/modules//sdig/index.php?run_id=110202&search_id=114132&scans_id=110198&peptide_id=43125&scanf=7598&charge=2&value=10/18,sp|O00425|IF2B3_HUMAN,/core/www/modules//consensus/?run_id=110202&search_id=114132&scans_id=110198&peptide_id=43125&scanf=7598&charge=2&value=sp|O00425|IF2B3_HUMAN,0,/core/www/modules/match_peptides/blast_html4.php?run_id=110202&search_id=114132&scans_id=110198&peptide_id=43125&scanf=7598&charge=2&value=0,K.ALQSGPPQSR.R,/core/www/modules/show_out/show_out_wrapper.php?run_id=110202&search_id=114132&scans_id=110198&peptide_id=43125&scanf=7598&charge=2&value=K.ALQSGPPQSR.R,IGF2BP3,1.700e+6,2.691,0.011,1.953,0.000
7607,3,"  2.089","  0.358",11/40,/core/www/modules//sdig/index.php?run_id=110202&search_id=114132&scans_id=110198&peptide_id=43133&scanf=7607&charge=3&value=11/40,sp|P60709|ACTB_HUMAN,/core/www/modules//consensus/?run_id=110202&search_id=114132&scans_id=110198&peptide_id=43133&scanf=7607&charge=3&value=sp|P60709|ACTB_HUMAN,26,/core/www/modules/match_peptides/blast_html4.php?run_id=110202&search_id=114132&scans_id=110198&peptide_id=43133&scanf=7607&charge=3&value=26,R.HQGVMVGM*GQK.D,/core/www/modules/show_out/show_out_wrapper.php?run_id=110202&search_id=114132&scans_id=110198&peptide_id=43133&scanf=7607&charge=3&value=R.HQGVMVGM*GQK.D,ACTB,1.149e+8,3.265,0.002,2.800,0.000
7611,4,"  3.052","  0.334",11/78,/core/www/modules//sdig/index.php?run_id=110202&search_id=114132&scans_id=110198&peptide_id=43137&scanf=7611&charge=4&value=11/78,sp|P53618|COPB_HUMAN,/core/www/modules//consensus/?run_id=110202&search_id=114132&scans_id=110198&peptide_id=43137&scanf=7611&charge=4&value=sp|P53618|COPB_HUMAN,1,/core/www/modules/match_peptides/blast_html4.php?run_id=110202&search_id=114132&scans_id=110198&peptide_id=43137&scanf=7611&charge=4&value=1,K.TNNVSEHEDTDKYR.Q,/core/www/modules/show_out/show_out_wrapper.php?run_id=110202&search_id=114132&scans_id=110198&peptide_id=43137&scanf=7611&charge=4&value=K.TNNVSEHEDTDKYR.Q,COPB1,8.635e+5,2.637,0.013,1.875,0.000
7614,3,"  3.322","  0.513",15/52,/core/www/modules//sdig/index.php?run_id=110202&search_id=114132&scans_id=110198&peptide_id=43140&scanf=7614&charge=3&value=15/52,sp|Q8IYB3|SRRM1_HUMAN,/core/www/modules//consensus/?run_id=110202&search_id=114132&scans_id=110198&peptide_id=43140&scanf=7614&charge=3&value=sp|Q8IYB3|SRRM1_HUMAN,2,/core/www/modules/match_peptides/blast_html4.php?run_id=110202&search_id=114132&scans_id=110198&peptide_id=43140&scanf=7614&charge=3&value=2,R.KVELSESEEDKGGK.M,/core/www/modules/show_out/show_out_wrapper.php?run_id=110202&search_id=114132&scans_id=110198&peptide_id=43140&scanf=7614&charge=3&value=R.KVELSESEEDKGGK.M,SRRM1,5.039e+5,2.661,0.012,1.908,0.000
7628,2,"  2.285","  0.427",9/14,/core/www/modules//sdig/index.php?run_id=110202&search_id=114132&scans_id=110198&peptide_id=43153&scanf=7628&charge=2&value=9/14,sp|Q02543|RL18A_HUMAN,/core/www/modules//consensus/?run_id=110202&search_id=114132&scans_id=110198&peptide_id=43153&scanf=7628&charge=2&value=sp|Q02543|RL18A_HUMAN,4,/core/www/modules/match_peptides/blast_html4.php?run_id=110202&search_id=114132&scans_id=110198&peptide_id=43153&scanf=7628&charge=2&value=4,K.VEEIAASK.C,/core/www/modules/show_out/show_out_wrapper.php?run_id=110202&search_id=114132&scans_id=110198&peptide_id=43153&scanf=7628&charge=2&value=K.VEEIAASK.C,RPL18A,2.268e+7,3.139,0.002,2.613,0.000
7629,3,"  2.409","  0.289",13/28,/core/www/modules//sdig/index.php?run_id=110202&search_id=114132&scans_id=110198&peptide_id=43154&scanf=7629&charge=3&value=13/28,sp|Q14151|SAFB2_HUMAN,/core/www/modules//consensus/?run_id=110202&search_id=114132&scans_id=110198&peptide_id=43154&scanf=7629&charge=3&value=sp|Q14151|SAFB2_HUMAN,2,/core/www/modules/match_peptides/blast_html4.php?run_id=110202&search_id=114132&scans_id=110198&peptide_id=43154&scanf=7629&charge=3&value=2,R.RPYDLDRR.D,/core/www/modules/show_out/show_out_wrapper.php?run_id=110202&search_id=114132&scans_id=110198&peptide_id=43154&scanf=7629&charge=3&value=R.RPYDLDRR.D,SAFB2,1.427e+7,2.650,0.013,1.893,0.000
7632,2,"  1.923","  0.303",7/16,/core/www/modules//sdig/index.php?run_id=110202&search_id=114132&scans_id=110198&peptide_id=43157&scanf=7632&charge=2&value=7/16,sp|P37108|SRP14_HUMAN,/core/www/modules//consensus/?run_id=110202&search_id=114132&scans_id=110198&peptide_id=43157&scanf=7632&charge=2&value=sp|P37108|SRP14_HUMAN,1,/core/www/modules/match_peptides/blast_html4.php?run_id=110202&search_id=114132&scans_id=110198&peptide_id=43157&scanf=7632&charge=2&value=1,K.KISTVVSSK.E,/core/www/modules/show_out/show_out_wrapper.php?run_id=110202&search_id=114132&scans_id=110198&peptide_id=43157&scanf=7632&charge=2&value=K.KISTVVSSK.E,SRP14,1.521e+6,2.036,0.096,1.020,0.005
7638,2,"  1.653","  0.303",7/14,/core/www/modules//sdig/index.php?run_id=110202&search_id=114132&scans_id=110198&peptide_id=43163&scanf=7638&charge=2&value=7/14,sp|Q99590|SCAFB_HUMAN,/core/www/modules//consensus/?run_id=110202&search_id=114132&scans_id=110198&peptide_id=43163&scanf=7638&charge=2&value=sp|Q99590|SCAFB_HUMAN,2,/core/www/modules/match_peptides/blast_html4.php?run_id=110202&search_id=114132&scans_id=110198&peptide_id=43163&scanf=7638&charge=2&value=2,K.THIEQIQK.H,/core/www/modules/show_out/show_out_wrapper.php?run_id=110202&search_id=114132&scans_id=110198&peptide_id=43163&scanf=7638&charge=2&value=K.THIEQIQK.H,SCAF11,6.175e+5,2.475,0.023,1.638,0.001
7652,2,"  1.722","  0.050",8/16,/core/www/modules//sdig/index.php?run_id=110202&search_id=114132&scans_id=110198&peptide_id=43176&scanf=7652&charge=2&value=8/16,sp|Q14980|NUMA1_HUMAN,/core/www/modules//consensus/?run_id=110202&search_id=114132&scans_id=110198&peptide_id=43176&scanf=7652&charge=2&value=sp|Q14980|NUMA1_HUMAN,1,/core/www/modules/match_peptides/blast_html4.php?run_id=110202&search_id=114132&scans_id=110198&peptide_id=43176&scanf=7652&charge=2&value=1,R.QELTSQAER.A,/core/www/modules/show_out/show_out_wrapper.php?run_id=110202&search_id=114132&scans_id=110198&peptide_id=43176&scanf=7652&charge=2&value=R.QELTSQAER.A,NUMA1,2.941e+6,1.837,0.172,0.764,0.009
7653,2,"  2.020","  0.233",6/14,/core/www/modules//sdig/index.php?run_id=110202&search_id=114132&scans_id=110198&peptide_id=43177&scanf=7653&charge=2&value=6/14,sp|P07741|APT_HUMAN,/core/www/modules//consensus/?run_id=110202&search_id=114132&scans_id=110198&peptide_id=43177&scanf=7653&charge=2&value=sp|P07741|APT_HUMAN,2,/core/www/modules/match_peptides/blast_html4.php?run_id=110202&search_id=114132&scans_id=110198&peptide_id=43177&scanf=7653&charge=2&value=2,K.DALEPGQR.V,/core/www/modules/show_out/show_out_wrapper.php?run_id=110202&search_id=114132&scans_id=110198&peptide_id=43177&scanf=7653&charge=2&value=K.DALEPGQR.V,APRT,9.032e+5,2.011,0.103,0.987,0.005
7658,2,"  2.046","  0.165",10/16,/core/www/modules//sdig/index.php?run_id=110202&search_id=114132&scans_id=110198&peptide_id=43182&scanf=7658&charge=2&value=10/16,sp|P56182|RRP1_HUMAN,/core/www/modules//consensus/?run_id=110202&search_id=114132&scans_id=110198&peptide_id=43182&scanf=7658&charge=2&value=sp|P56182|RRP1_HUMAN,1,/core/www/modules/match_peptides/blast_html4.php?run_id=110202&search_id=114132&scans_id=110198&peptide_id=43182&scanf=7658&charge=2&value=1,R.LAGNEQVTR.D,/core/www/modules/show_out/show_out_wrapper.php?run_id=110202&search_id=114132&scans_id=110198&peptide_id=43182&scanf=7658&charge=2&value=R.LAGNEQVTR.D,RRP1,3.076e+6,2.219,0.054,1.272,0.002
7664,2,"  2.142","  0.308",9/16,/core/www/modules//sdig/index.php?run_id=110202&search_id=114132&scans_id=110198&peptide_id=43188&scanf=7664&charge=2&value=9/16,sp|P43358|MAGA4_HUMAN,/core/www/modules//consensus/?run_id=110202&search_id=114132&scans_id=110198&peptide_id=43188&scanf=7664&charge=2&value=sp|P43358|MAGA4_HUMAN,0,/core/www/modules/match_peptides/blast_html4.php?run_id=110202&search_id=114132&scans_id=110198&peptide_id=43188&scanf=7664&charge=2&value=0,R.EHTVYGEPR.K,/core/www/modules/show_out/show_out_wrapper.php?run_id=110202&search_id=114132&scans_id=110198&peptide_id=43188&scanf=7664&charge=2&value=R.EHTVYGEPR.K,MAGEA4,2.173e+6,2.589,0.016,1.804,0.000
7668,2,"  2.415","  0.571",12/28,/core/www/modules//sdig/index.php?run_id=110202&search_id=114132&scans_id=110198&peptide_id=43192&scanf=7668&charge=2&value=12/28,sp|P09132|SRP19_HUMAN,/core/www/modules//consensus/?run_id=110202&search_id=114132&scans_id=110198&peptide_id=43192&scanf=7668&charge=2&value=sp|P09132|SRP19_HUMAN,1,/core/www/modules/match_peptides/blast_html4.php?run_id=110202&search_id=114132&scans_id=110198&peptide_id=43192&scanf=7668&charge=2&value=1,K.TGGADQSLQQGEGSK.K,/core/www/modules/show_out/show_out_wrapper.php?run_id=110202&search_id=114132&scans_id=110198&peptide_id=43192&scanf=7668&charge=2&value=K.TGGADQSLQQGEGSK.K,SRP19,2.439e+5,3.033,0.003,2.456,0.000
7670,2,"  2.256","  0.216",10/14,/core/www/modules//sdig/index.php?run_id=110202&search_id=114132&scans_id=110198&peptide_id=43193&scanf=7670&charge=2&value=10/14,sp|O43707|ACTN4_HUMAN,/core/www/modules//consensus/?run_id=110202&search_id=114132&scans_id=110198&peptide_id=43193&scanf=7670&charge=2&value=sp|O43707|ACTN4_HUMAN,2,/core/www/modules/match_peptides/blast_html4.php?run_id=110202&search_id=114132&scans_id=110198&peptide_id=43193&scanf=7670&charge=2&value=2,R.QGEAEFNR.I,/core/www/modules/show_out/show_out_wrapper.php?run_id=110202&search_id=114132&scans_id=110198&peptide_id=43193&scanf=7670&charge=2&value=R.QGEAEFNR.I,ACTN4,5.637e+6,2.925,0.005,2.298,0.000
7675,2,"  2.320","  0.353",13/18,/core/www/modules//sdig/index.php?run_id=110202&search_id=114132&scans_id=110198&peptide_id=43198&scanf=7675&charge=2&value=13/18,sp|Q15185|TEBP_HUMAN,/core/www/modules//consensus/?run_id=110202&search_id=114132&scans_id=110198&peptide_id=43198&scanf=7675&charge=2&value=sp|Q15185|TEBP_HUMAN,2,/core/www/modules/match_peptides/blast_html4.php?run_id=110202&search_id=114132&scans_id=110198&peptide_id=43198&scanf=7675&charge=2&value=2,R.KGESGQSWPR.L,/core/www/modules/show_out/show_out_wrapper.php?run_id=110202&search_id=114132&scans_id=110198&peptide_id=43198&scanf=7675&charge=2&value=R.KGESGQSWPR.L,PTGES3,4.255e+6,2.671,0.012,1.923,0.000
7677,2,"  2.480","  0.333",12/14,/core/www/modules//sdig/index.php?run_id=110202&search_id=114132&scans_id=110198&peptide_id=43200&scanf=7677&charge=2&value=12/14,sp|O14980|XPO1_HUMAN,/core/www/modules//consensus/?run_id=110202&search_id=114132&scans_id=110198&peptide_id=43200&scanf=7677&charge=2&value=sp|O14980|XPO1_HUMAN,12,/core/www/modules/match_peptides/blast_html4.php?run_id=110202&search_id=114132&scans_id=110198&peptide_id=43200&scanf=7677&charge=2&value=12,K.EHDQLIEK.R,/core/www/modules/show_out/show_out_wrapper.php?run_id=110202&search_id=114132&scans_id=110198&peptide_id=43200&scanf=7677&charge=2&value=K.EHDQLIEK.R,XPO1,1.564e+6,3.186,0.002,2.683,0.000
7691,2,"  2.044","  0.315",10/18,/core/www/modules//sdig/index.php?run_id=110202&search_id=114132&scans_id=110198&peptide_id=43213&scanf=7691&charge=2&value=10/18,sp|Q7KZF4|SND1_HUMAN,/core/www/modules//consensus/?run_id=110202&search_id=114132&scans_id=110198&peptide_id=43213&scanf=7691&charge=2&value=sp|Q7KZF4|SND1_HUMAN,1,/core/www/modules/match_peptides/blast_html4.php?run_id=110202&search_id=114132&scans_id=110198&peptide_id=43213&scanf=7691&charge=2&value=1,R.VADISGDTQK.A,/core/www/modules/show_out/show_out_wrapper.php?run_id=110202&search_id=114132&scans_id=110198&peptide_id=43213&scanf=7691&charge=2&value=R.VADISGDTQK.A,SND1,6.667e+6,2.671,0.012,1.924,0.000
7697,2,"  1.958","  0.284",9/16,/core/www/modules//sdig/index.php?run_id=110202&search_id=114132&scans_id=110198&peptide_id=43219&scanf=7697&charge=2&value=9/16,sp|Q8TAQ2|SMRC2_HUMAN,/core/www/modules//consensus/?run_id=110202&search_id=114132&scans_id=110198&peptide_id=43219&scanf=7697&charge=2&value=sp|Q8TAQ2|SMRC2_HUMAN,1,/core/www/modules/match_peptides/blast_html4.php?run_id=110202&search_id=114132&scans_id=110198&peptide_id=43219&scanf=7697&charge=2&value=1,R.EEEQEDLTK.D,/core/www/modules/show_out/show_out_wrapper.php?run_id=110202&search_id=114132&scans_id=110198&peptide_id=43219&scanf=7697&charge=2&value=R.EEEQEDLTK.D,SMARCC2,6.668e+5,2.644,0.013,1.884,0.000
7714,2,"  1.490","  0.120",7/14,/core/www/modules//sdig/index.php?run_id=110202&search_id=114132&scans_id=110198&peptide_id=43235&scanf=7714&charge=2&value=7/14,sp|P52272|HNRPM_HUMAN,/core/www/modules//consensus/?run_id=110202&search_id=114132&scans_id=110198&peptide_id=43235&scanf=7714&charge=2&value=sp|P52272|HNRPM_HUMAN,3,/core/www/modules/match_peptides/blast_html4.php?run_id=110202&search_id=114132&scans_id=110198&peptide_id=43235&scanf=7714&charge=2&value=3,R.LGGAGM*ER.M,/core/www/modules/show_out/show_out_wrapper.php?run_id=110202&search_id=114132&scans_id=110198&peptide_id=43235&scanf=7714&charge=2&value=R.LGGAGM*ER.M,HNRNPM,1.057e+6,2.040,0.094,1.025,0.004
7716,2,"  2.652","  0.465",12/18,/core/www/modules//sdig/index.php?run_id=110202&search_id=114132&scans_id=110198&peptide_id=43237&scanf=7716&charge=2&value=12/18,sp|P46087|NOP2_HUMAN,/core/www/modules//consensus/?run_id=110202&search_id=114132&scans_id=110198&peptide_id=43237&scanf=7716&charge=2&value=sp|P46087|NOP2_HUMAN,4,/core/www/modules/match_peptides/blast_html4.php?run_id=110202&search_id=114132&scans_id=110198&peptide_id=43237&scanf=7716&charge=2&value=4,K.SPEAKPLPGK.L,/core/www/modules/show_out/show_out_wrapper.php?run_id=110202&search_id=114132&scans_id=110198&peptide_id=43237&scanf=7716&charge=2&value=K.SPEAKPLPGK.L,NOP2,8.687e+5,3.302,0.001,2.854,0.000
7721,2,"  2.171","  0.164",7/14,/core/www/modules//sdig/index.php?run_id=110202&search_id=114132&scans_id=110198&peptide_id=43242&scanf=7721&charge=2&value=7/14,sp|Q9Y2R4|DDX52_HUMAN,/core/www/modules//consensus/?run_id=110202&search_id=114132&scans_id=110198&peptide_id=43242&scanf=7721&charge=2&value=sp|Q9Y2R4|DDX52_HUMAN,1,/core/www/modules/match_peptides/blast_html4.php?run_id=110202&search_id=114132&scans_id=110198&peptide_id=43242&scanf=7721&charge=2&value=1,R.ESISTTPK.C,/core/www/modules/show_out/show_out_wrapper.php?run_id=110202&search_id=114132&scans_id=110198&peptide_id=43242&scanf=7721&charge=2&value=R.ESISTTPK.C,DDX52,1.462e+6,2.085,0.082,1.086,0.003
7723,2,"  1.910","  0.414",9/18,/core/www/modules//sdig/index.php?run_id=110202&search_id=114132&scans_id=110198&peptide_id=43244&scanf=7723&charge=2&value=9/18,sp|Q15185|TEBP_HUMAN,/core/www/modules//consensus/?run_id=110202&search_id=114132&scans_id=110198&peptide_id=43244&scanf=7723&charge=2&value=sp|Q15185|TEBP_HUMAN,2,/core/www/modules/match_peptides/blast_html4.php?run_id=110202&search_id=114132&scans_id=110198&peptide_id=43244&scanf=7723&charge=2&value=2,R.KGESGQSWPR.L,/core/www/modules/show_out/show_out_wrapper.php?run_id=110202&search_id=114132&scans_id=110198&peptide_id=43244&scanf=7723&charge=2&value=R.KGESGQSWPR.L,PTGES3,4.255e+6,2.460,0.024,1.616,0.001
7730,2,"  2.084","  0.172",8/18,/core/www/modules//sdig/index.php?run_id=110202&search_id=114132&scans_id=110198&peptide_id=43251&scanf=7730&charge=2&value=8/18,sp|P22626|ROA2_HUMAN,/core/www/modules//consensus/?run_id=110202&search_id=114132&scans_id=110198&peptide_id=43251&scanf=7730&charge=2&value=sp|P22626|ROA2_HUMAN,7,/core/www/modules/match_peptides/blast_html4.php?run_id=110202&search_id=114132&scans_id=110198&peptide_id=43251&scanf=7730&charge=2&value=7,R.QEM*QEVQSSR.S,/core/www/modules/show_out/show_out_wrapper.php?run_id=110202&search_id=114132&scans_id=110198&peptide_id=43251&scanf=7730&charge=2&value=R.QEM*QEVQSSR.S,HNRNPA2B1,4.072e+6,2.053,0.090,1.043,0.004
7733,2,"  2.884","  0.412",11/16,/core/www/modules//sdig/index.php?run_id=110202&search_id=114132&scans_id=110198&peptide_id=43253&scanf=7733&charge=2&value=11/16,sp|P38646|GRP75_HUMAN,/core/www/modules//consensus/?run_id=110202&search_id=114132&scans_id=110198&peptide_id=43253&scanf=7733&charge=2&value=sp|P38646|GRP75_HUMAN,7,/core/www/modules/match_peptides/blast_html4.php?run_id=110202&search_id=114132&scans_id=110198&peptide_id=43253&scanf=7733&charge=2&value=7,R.RYDDPEVQK.D,/core/www/modules/show_out/show_out_wrapper.php?run_id=110202&search_id=114132&scans_id=110198&peptide_id=43253&scanf=7733&charge=2&value=R.RYDDPEVQK.D,HSPA9,1.493e+6,2.883,0.006,2.236,0.000
7744,2,"  2.865","  0.510",17/18,/core/www/modules//sdig/index.php?run_id=110202&search_id=114132&scans_id=110198&peptide_id=43264&scanf=7744&charge=2&value=17/18,sp|P43686|PRS6B_HUMAN,/core/www/modules//consensus/?run_id=110202&search_id=114132&scans_id=110198&peptide_id=43264&scanf=7744&charge=2&value=sp|P43686|PRS6B_HUMAN,0,/core/www/modules/match_peptides/blast_html4.php?run_id=110202&search_id=114132&scans_id=110198&peptide_id=43264&scanf=7744&charge=2&value=0,K.KDEQEHEFYK.-,/core/www/modules/show_out/show_out_wrapper.php?run_id=110202&search_id=114132&scans_id=110198&peptide_id=43264&scanf=7744&charge=2&value=K.KDEQEHEFYK.-,PSMC4,4.618e+5,3.550,0.001,3.223,0.000
7756,2,"  2.281","  0.492",10/16,/core/www/modules//sdig/index.php?run_id=110202&search_id=114132&scans_id=110198&peptide_id=43275&scanf=7756&charge=2&value=10/16,sp|O00410|IPO5_HUMAN,/core/www/modules//consensus/?run_id=110202&search_id=114132&scans_id=110198&peptide_id=43275&scanf=7756&charge=2&value=sp|O00410|IPO5_HUMAN,1,/core/www/modules/match_peptides/blast_html4.php?run_id=110202&search_id=114132&scans_id=110198&peptide_id=43275&scanf=7756&charge=2&value=1,K.HIVENAVQK.E,/core/www/modules/show_out/show_out_wrapper.php?run_id=110202&search_id=114132&scans_id=110198&peptide_id=43275&scanf=7756&charge=2&value=K.HIVENAVQK.E,IPO5,2.250e+6,3.324,0.001,2.887,0.000
7758,2,"  2.341","  0.462",10/18,/core/www/modules//sdig/index.php?run_id=110202&search_id=114132&scans_id=110198&peptide_id=43277&scanf=7758&charge=2&value=10/18,sp|O76021|RL1D1_HUMAN,/core/www/modules//consensus/?run_id=110202&search_id=114132&scans_id=110198&peptide_id=43277&scanf=7758&charge=2&value=sp|O76021|RL1D1_HUMAN,1,/core/www/modules/match_peptides/blast_html4.php?run_id=110202&search_id=114132&scans_id=110198&peptide_id=43277&scanf=7758&charge=2&value=1,R.KALPASETPK.A,/core/www/modules/show_out/show_out_wrapper.php?run_id=110202&search_id=114132&scans_id=110198&peptide_id=43277&scanf=7758&charge=2&value=R.KALPASETPK.A,RSL1D1,2.248e+6,2.849,0.007,2.185,0.000
7760,3,"  1.681","  0.150",10/40,/core/www/modules//sdig/index.php?run_id=110202&search_id=114132&scans_id=110198&peptide_id=43279&scanf=7760&charge=3&value=10/40,sp|Q96MU7|YTDC1_HUMAN,/core/www/modules//consensus/?run_id=110202&search_id=114132&scans_id=110198&peptide_id=43279&scanf=7760&charge=3&value=sp|Q96MU7|YTDC1_HUMAN,1,/core/www/modules/match_peptides/blast_html4.php?run_id=110202&search_id=114132&scans_id=110198&peptide_id=43279&scanf=7760&charge=3&value=1,R.RPEDYDIHNSR.K,/core/www/modules/show_out/show_out_wrapper.php?run_id=110202&search_id=114132&scans_id=110198&peptide_id=43279&scanf=7760&charge=3&value=R.RPEDYDIHNSR.K,YTHDC1,1.482e+6,2.001,0.106,0.974,0.005
7764,2,"  2.083","  0.421",9/14,/core/www/modules//sdig/index.php?run_id=110202&search_id=114132&scans_id=110198&peptide_id=43283&scanf=7764&charge=2&value=9/14,sp|P78347|GTF2I_HUMAN,/core/www/modules//consensus/?run_id=110202&search_id=114132&scans_id=110198&peptide_id=43283&scanf=7764&charge=2&value=sp|P78347|GTF2I_HUMAN,3,/core/www/modules/match_peptides/blast_html4.php?run_id=110202&search_id=114132&scans_id=110198&peptide_id=43283&scanf=7764&charge=2&value=3,K.HELLNSTR.E,/core/www/modules/show_out/show_out_wrapper.php?run_id=110202&search_id=114132&scans_id=110198&peptide_id=43283&scanf=7764&charge=2&value=K.HELLNSTR.E,GTF2I,7.288e+5,3.147,0.002,2.625,0.000
7770,2,"  2.823","  0.452",11/16,/core/www/modules//sdig/index.php?run_id=110202&search_id=114132&scans_id=110198&peptide_id=43289&scanf=7770&charge=2&value=11/16,sp|P08670|VIME_HUMAN,/core/www/modules//consensus/?run_id=110202&search_id=114132&scans_id=110198&peptide_id=43289&scanf=7770&charge=2&value=sp|P08670|VIME_HUMAN,1,/core/www/modules/match_peptides/blast_html4.php?run_id=110202&search_id=114132&scans_id=110198&peptide_id=43289&scanf=7770&charge=2&value=1,R.QVDQLTNDK.A,/core/www/modules/show_out/show_out_wrapper.php?run_id=110202&search_id=114132&scans_id=110198&peptide_id=43289&scanf=7770&charge=2&value=R.QVDQLTNDK.A,VIM,1.197e+6,3.742,0.000,3.508,0.000
7776,2,"  1.853","  0.297",7/14,/core/www/modules//sdig/index.php?run_id=110202&search_id=114132&scans_id=110198&peptide_id=43294&scanf=7776&charge=2&value=7/14,sp|Q9BZJ0|CRNL1_HUMAN,/core/www/modules//consensus/?run_id=110202&search_id=114132&scans_id=110198&peptide_id=43294&scanf=7776&charge=2&value=sp|Q9BZJ0|CRNL1_HUMAN,1,/core/www/modules/match_peptides/blast_html4.php?run_id=110202&search_id=114132&scans_id=110198&peptide_id=43294&scanf=7776&charge=2&value=1,R.QIYEEANK.T,/core/www/modules/show_out/show_out_wrapper.php?run_id=110202&search_id=114132&scans_id=110198&peptide_id=43294&scanf=7776&charge=2&value=R.QIYEEANK.T,CRNKL1,3.851e+5,2.447,0.025,1.597,0.001
7796,2,"  3.474","  0.546",17/18,/core/www/modules//sdig/index.php?run_id=110202&search_id=114132&scans_id=110198&peptide_id=43313&scanf=7796&charge=2&value=17/18,sp|P08670|VIME_HUMAN,/core/www/modules//consensus/?run_id=110202&search_id=114132&scans_id=110198&peptide_id=43313&scanf=7796&charge=2&value=sp|P08670|VIME_HUMAN,1,/core/www/modules/match_peptides/blast_html4.php?run_id=110202&search_id=114132&scans_id=110198&peptide_id=43313&scanf=7796&charge=2&value=1,R.RQVDQLTNDK.A,/core/www/modules/show_out/show_out_wrapper.php?run_id=110202&search_id=114132&scans_id=110198&peptide_id=43313&scanf=7796&charge=2&value=R.RQVDQLTNDK.A,VIM,3.708e+7,4.183,0.000,4.161,0.000
7818,3,"  3.003","  0.491",13/36,/core/www/modules//sdig/index.php?run_id=110202&search_id=114132&scans_id=110198&peptide_id=43334&scanf=7818&charge=3&value=13/36,sp|O43707|ACTN4_HUMAN,/core/www/modules//consensus/?run_id=110202&search_id=114132&scans_id=110198&peptide_id=43334&scanf=7818&charge=3&value=sp|O43707|ACTN4_HUMAN,21,/core/www/modules/match_peptides/blast_html4.php?run_id=110202&search_id=114132&scans_id=110198&peptide_id=43334&scanf=7818&charge=3&value=21,K.HTNYTM*EHIR.V,/core/www/modules/show_out/show_out_wrapper.php?run_id=110202&search_id=114132&scans_id=110198&peptide_id=43334&scanf=7818&charge=3&value=K.HTNYTM*EHIR.V,ACTN4,3.297e+6,3.744,0.000,3.510,0.000
7820,3,"  2.071","  0.149",11/48,/core/www/modules//sdig/index.php?run_id=110202&search_id=114132&scans_id=110198&peptide_id=43336&scanf=7820&charge=3&value=11/48,sp|Q02040|AK17A_HUMAN,/core/www/modules//consensus/?run_id=110202&search_id=114132&scans_id=110198&peptide_id=43336&scanf=7820&charge=3&value=sp|Q02040|AK17A_HUMAN,0,/core/www/modules/match_peptides/blast_html4.php?run_id=110202&search_id=114132&scans_id=110198&peptide_id=43336&scanf=7820&charge=3&value=0,K.ESPAHPEADGAPK.S,/core/www/modules/show_out/show_out_wrapper.php?run_id=110202&search_id=114132&scans_id=110198&peptide_id=43336&scanf=7820&charge=3&value=K.ESPAHPEADGAPK.S,AKAP17A,1.435e+6,1.924,0.134,0.873,0.007
7834,2,"  2.307","  0.179",8/18,/core/www/modules//sdig/index.php?run_id=110202&search_id=114132&scans_id=110198&peptide_id=43350&scanf=7834&charge=2&value=8/18,sp|Q9UQE7|SMC3_HUMAN,/core/www/modules//consensus/?run_id=110202&search_id=114132&scans_id=110198&peptide_id=43350&scanf=7834&charge=2&value=sp|Q9UQE7|SMC3_HUMAN,0,/core/www/modules/match_peptides/blast_html4.php?run_id=110202&search_id=114132&scans_id=110198&peptide_id=43350&scanf=7834&charge=2&value=0,R.EMQQLSGGQK.S,/core/www/modules/show_out/show_out_wrapper.php?run_id=110202&search_id=114132&scans_id=110198&peptide_id=43350&scanf=7834&charge=2&value=R.EMQQLSGGQK.S,SMC3,1.360e+6,2.123,0.073,1.139,0.002
7840,2,"  1.946","  0.143",8/12,/core/www/modules//sdig/index.php?run_id=110202&search_id=114132&scans_id=110198&peptide_id=43355&scanf=7840&charge=2&value=8/12,sp|Q16643|DREB_HUMAN,/core/www/modules//consensus/?run_id=110202&search_id=114132&scans_id=110198&peptide_id=43355&scanf=7840&charge=2&value=sp|Q16643|DREB_HUMAN,2,/core/www/modules/match_peptides/blast_html4.php?run_id=110202&search_id=114132&scans_id=110198&peptide_id=43355&scanf=7840&charge=2&value=2,R.LSNGLAR.L,/core/www/modules/show_out/show_out_wrapper.php?run_id=110202&search_id=114132&scans_id=110198&peptide_id=43355&scanf=7840&charge=2&value=R.LSNGLAR.L,DBN1,4.970e+6,2.299,0.041,1.385,0.001
7841,2,"  1.885","  0.162",8/14,/core/www/modules//sdig/index.php?run_id=110202&search_id=114132&scans_id=110198&peptide_id=43356&scanf=7841&charge=2&value=8/14,sp|Q13200|PSMD2_HUMAN,/core/www/modules//consensus/?run_id=110202&search_id=114132&scans_id=110198&peptide_id=43356&scanf=7841&charge=2&value=sp|Q13200|PSMD2_HUMAN,0,/core/www/modules/match_peptides/blast_html4.php?run_id=110202&search_id=114132&scans_id=110198&peptide_id=43356&scanf=7841&charge=2&value=0,K.LLTDDGNK.W,/core/www/modules/show_out/show_out_wrapper.php?run_id=110202&search_id=114132&scans_id=110198&peptide_id=43356&scanf=7841&charge=2&value=K.LLTDDGNK.W,PSMD2,1.764e+6,2.201,0.057,1.247,0.002
7843,2,"  1.929","  0.212",9/14,/core/www/modules//sdig/index.php?run_id=110202&search_id=114132&scans_id=110198&peptide_id=43358&scanf=7843&charge=2&value=9/14,sp|Q92925|SMRD2_HUMAN,/core/www/modules//consensus/?run_id=110202&search_id=114132&scans_id=110198&peptide_id=43358&scanf=7843&charge=2&value=sp|Q92925|SMRD2_HUMAN,5,/core/www/modules/match_peptides/blast_html4.php?run_id=110202&search_id=114132&scans_id=110198&peptide_id=43358&scanf=7843&charge=2&value=5,K.RPGDLNVK.C,/core/www/modules/show_out/show_out_wrapper.php?run_id=110202&search_id=114132&scans_id=110198&peptide_id=43358&scanf=7843&charge=2&value=K.RPGDLNVK.C,SMARCD2,1.763e+6,2.309,0.040,1.400,0.001
7845,3,"  4.403","  0.466",13/40,/core/www/modules//sdig/index.php?run_id=110202&search_id=114132&scans_id=110198&peptide_id=43360&scanf=7845&charge=3&value=13/40,sp|O43707|ACTN4_HUMAN,/core/www/modules//consensus/?run_id=110202&search_id=114132&scans_id=110198&peptide_id=43360&scanf=7845&charge=3&value=sp|O43707|ACTN4_HUMAN,3,/core/www/modules/match_peptides/blast_html4.php?run_id=110202&search_id=114132&scans_id=110198&peptide_id=43360&scanf=7845&charge=3&value=3,K.RDHALLEEQSK.Q,/core/www/modules/show_out/show_out_wrapper.php?run_id=110202&search_id=114132&scans_id=110198&peptide_id=43360&scanf=7845&charge=3&value=K.RDHALLEEQSK.Q,ACTN4,6.209e+7,3.348,0.001,2.923,0.000
7861,2,"  2.261","  0.355",8/14,/core/www/modules//sdig/index.php?run_id=110202&search_id=114132&scans_id=110198&peptide_id=43375&scanf=7861&charge=2&value=8/14,sp|P83881|RL36A_HUMAN,/core/www/modules//consensus/?run_id=110202&search_id=114132&scans_id=110198&peptide_id=43375&scanf=7861&charge=2&value=sp|P83881|RL36A_HUMAN,5,/core/www/modules/match_peptides/blast_html4.php?run_id=110202&search_id=114132&scans_id=110198&peptide_id=43375&scanf=7861&charge=2&value=5,K.DSLYAQGK.R,/core/www/modules/show_out/show_out_wrapper.php?run_id=110202&search_id=114132&scans_id=110198&peptide_id=43375&scanf=7861&charge=2&value=K.DSLYAQGK.R,RPL36A,3.024e+6,2.728,0.010,2.007,0.000
7869,2,"  2.104","  0.415",9/16,/core/www/modules//sdig/index.php?run_id=110202&search_id=114132&scans_id=110198&peptide_id=43383&scanf=7869&charge=2&value=9/16,sp|P49207|RL34_HUMAN,/core/www/modules//consensus/?run_id=110202&search_id=114132&scans_id=110198&peptide_id=43383&scanf=7869&charge=2&value=sp|P49207|RL34_HUMAN,0,/core/www/modules/match_peptides/blast_html4.php?run_id=110202&search_id=114132&scans_id=110198&peptide_id=43383&scanf=7869&charge=2&value=0,R.LSYNTASNK.T,/core/www/modules/show_out/show_out_wrapper.php?run_id=110202&search_id=114132&scans_id=110198&peptide_id=43383&scanf=7869&charge=2&value=R.LSYNTASNK.T,RPL34,1.394e+7,2.790,0.008,2.099,0.000
7876,3,"  1.678","  0.131",9/40,/core/www/modules//sdig/index.php?run_id=110202&search_id=114132&scans_id=110198&peptide_id=43390&scanf=7876&charge=3&value=9/40,sp|Q96MU7|YTDC1_HUMAN,/core/www/modules//consensus/?run_id=110202&search_id=114132&scans_id=110198&peptide_id=43390&scanf=7876&charge=3&value=sp|Q96MU7|YTDC1_HUMAN,1,/core/www/modules/match_peptides/blast_html4.php?run_id=110202&search_id=114132&scans_id=110198&peptide_id=43390&scanf=7876&charge=3&value=1,R.RPEDYDIHNSR.K,/core/www/modules/show_out/show_out_wrapper.php?run_id=110202&search_id=114132&scans_id=110198&peptide_id=43390&scanf=7876&charge=3&value=R.RPEDYDIHNSR.K,YTHDC1,1.482e+6,1.899,0.144,0.842,0.007
7880,2,"  2.479","  0.377",13/18,/core/www/modules//sdig/index.php?run_id=110202&search_id=114132&scans_id=110198&peptide_id=43393&scanf=7880&charge=2&value=13/18,sp|P62995|TRA2B_HUMAN,/core/www/modules//consensus/?run_id=110202&search_id=114132&scans_id=110198&peptide_id=43393&scanf=7880&charge=2&value=sp|P62995|TRA2B_HUMAN,1,/core/www/modules/match_peptides/blast_html4.php?run_id=110202&search_id=114132&scans_id=110198&peptide_id=43393&scanf=7880&charge=2&value=1,R.AAQDRDQIYR.R,/core/www/modules/show_out/show_out_wrapper.php?run_id=110202&search_id=114132&scans_id=110198&peptide_id=43393&scanf=7880&charge=2&value=R.AAQDRDQIYR.R,TRA2B,1.354e+7,2.759,0.009,2.052,0.000
7882,2,"  2.417","  0.284",12/14,/core/www/modules//sdig/index.php?run_id=110202&search_id=114132&scans_id=110198&peptide_id=43395&scanf=7882&charge=2&value=12/14,sp|Q14103|HNRPD_HUMAN,/core/www/modules//consensus/?run_id=110202&search_id=114132&scans_id=110198&peptide_id=43395&scanf=7882&charge=2&value=sp|Q14103|HNRPD_HUMAN,2,/core/www/modules/match_peptides/blast_html4.php?run_id=110202&search_id=114132&scans_id=110198&peptide_id=43395&scanf=7882&charge=2&value=2,K.YHNVGLSK.C,/core/www/modules/show_out/show_out_wrapper.php?run_id=110202&search_id=114132&scans_id=110198&peptide_id=43395&scanf=7882&charge=2&value=K.YHNVGLSK.C,HNRNPD,6.647e+6,2.894,0.006,2.251,0.000
7884,2,"  2.071","  0.380",8/16,/core/www/modules//sdig/index.php?run_id=110202&search_id=114132&scans_id=110198&peptide_id=43397&scanf=7884&charge=2&value=8/16,sp|Q15149|PLEC_HUMAN,/core/www/modules//consensus/?run_id=110202&search_id=114132&scans_id=110198&peptide_id=43397&scanf=7884&charge=2&value=sp|Q15149|PLEC_HUMAN,4,/core/www/modules/match_peptides/blast_html4.php?run_id=110202&search_id=114132&scans_id=110198&peptide_id=43397&scanf=7884&charge=2&value=4,K.AHAFAVQQK.E,/core/www/modules/show_out/show_out_wrapper.php?run_id=110202&search_id=114132&scans_id=110198&peptide_id=43397&scanf=7884&charge=2&value=K.AHAFAVQQK.E,PLEC,1.060e+6,3.253,0.002,2.782,0.000
7888,2,"  3.390","  0.683",15/28,/core/www/modules//sdig/index.php?run_id=110202&search_id=114132&scans_id=110198&peptide_id=43401&scanf=7888&charge=2&value=15/28,sp|P13010|XRCC5_HUMAN,/core/www/modules//consensus/?run_id=110202&search_id=114132&scans_id=110198&peptide_id=43401&scanf=7888&charge=2&value=sp|P13010|XRCC5_HUMAN,0,/core/www/modules/match_peptides/blast_html4.php?run_id=110202&search_id=114132&scans_id=110198&peptide_id=43401&scanf=7888&charge=2&value=0,K.EEASGSSVTAEEAKK.F,/core/www/modules/show_out/show_out_wrapper.php?run_id=110202&search_id=114132&scans_id=110198&peptide_id=43401&scanf=7888&charge=2&value=K.EEASGSSVTAEEAKK.F,XRCC5,6.614e+5,3.492,0.001,3.136,0.000
7896,3,"  3.959","  0.459",13/40,/core/www/modules//sdig/index.php?run_id=110202&search_id=114132&scans_id=110198&peptide_id=43409&scanf=7896&charge=3&value=13/40,sp|O43707|ACTN4_HUMAN,/core/www/modules//consensus/?run_id=110202&search_id=114132&scans_id=110198&peptide_id=43409&scanf=7896&charge=3&value=sp|O43707|ACTN4_HUMAN,3,/core/www/modules/match_peptides/blast_html4.php?run_id=110202&search_id=114132&scans_id=110198&peptide_id=43409&scanf=7896&charge=3&value=3,K.RDHALLEEQSK.Q,/core/www/modules/show_out/show_out_wrapper.php?run_id=110202&search_id=114132&scans_id=110198&peptide_id=43409&scanf=7896&charge=3&value=K.RDHALLEEQSK.Q,ACTN4,6.209e+7,3.303,0.001,2.857,0.000
7899,2,"  3.975","  0.717",18/34,/core/www/modules//sdig/index.php?run_id=110202&search_id=114132&scans_id=110198&peptide_id=43412&scanf=7899&charge=2&value=18/34,sp|P09651|ROA1_HUMAN,/core/www/modules//consensus/?run_id=110202&search_id=114132&scans_id=110198&peptide_id=43412&scanf=7899&charge=2&value=sp|P09651|ROA1_HUMAN,6,/core/www/modules/match_peptides/blast_html4.php?run_id=110202&search_id=114132&scans_id=110198&peptide_id=43412&scanf=7899&charge=2&value=6,R.NQGGYGGSSSSSSYGSGR.R,/core/www/modules/show_out/show_out_wrapper.php?run_id=110202&search_id=114132&scans_id=110198&peptide_id=43412&scanf=7899&charge=2&value=R.NQGGYGGSSSSSSYGSGR.R,HNRNPA1,2.662e+7,3.769,0.000,3.547,0.000
7902,2,"  2.599","  0.223",12/18,/core/www/modules//sdig/index.php?run_id=110202&search_id=114132&scans_id=110198&peptide_id=43414&scanf=7902&charge=2&value=12/18,sp|Q14980|NUMA1_HUMAN,/core/www/modules//consensus/?run_id=110202&search_id=114132&scans_id=110198&peptide_id=43414&scanf=7902&charge=2&value=sp|Q14980|NUMA1_HUMAN,0,/core/www/modules/match_peptides/blast_html4.php?run_id=110202&search_id=114132&scans_id=110198&peptide_id=43414&scanf=7902&charge=2&value=0,K.QQEQADSLER.S,/core/www/modules/show_out/show_out_wrapper.php?run_id=110202&search_id=114132&scans_id=110198&peptide_id=43414&scanf=7902&charge=2&value=K.QQEQADSLER.S,NUMA1,2.958e+6,2.656,0.013,1.902,0.000
7904,2,"  3.225","  0.506",18/20,/core/www/modules//sdig/index.php?run_id=110202&search_id=114132&scans_id=110198&peptide_id=43416&scanf=7904&charge=2&value=18/20,sp|O43707|ACTN4_HUMAN,/core/www/modules//consensus/?run_id=110202&search_id=114132&scans_id=110198&peptide_id=43416&scanf=7904&charge=2&value=sp|O43707|ACTN4_HUMAN,3,/core/www/modules/match_peptides/blast_html4.php?run_id=110202&search_id=114132&scans_id=110198&peptide_id=43416&scanf=7904&charge=2&value=3,K.RDHALLEEQSK.Q,/core/www/modules/show_out/show_out_wrapper.php?run_id=110202&search_id=114132&scans_id=110198&peptide_id=43416&scanf=7904&charge=2&value=K.RDHALLEEQSK.Q,ACTN4,1.515e+7,3.791,0.000,3.580,0.000
7909,2,"  1.781","  0.370",10/16,/core/www/modules//sdig/index.php?run_id=110202&search_id=114132&scans_id=110198&peptide_id=43421&scanf=7909&charge=2&value=10/16,sp|Q99676|ZN184_HUMAN,/core/www/modules//consensus/?run_id=110202&search_id=114132&scans_id=110198&peptide_id=43421&scanf=7909&charge=2&value=sp|Q99676|ZN184_HUMAN,0,/core/www/modules/match_peptides/blast_html4.php?run_id=110202&search_id=114132&scans_id=110198&peptide_id=43421&scanf=7909&charge=2&value=0,R.SENLINHQR.I,/core/www/modules/show_out/show_out_wrapper.php?run_id=110202&search_id=114132&scans_id=110198&peptide_id=43421&scanf=7909&charge=2&value=R.SENLINHQR.I,ZNF184,3.714e+5,2.810,0.007,2.128,0.000
7911,3,"  3.316","  0.320",15/32,/core/www/modules//sdig/index.php?run_id=110202&search_id=114132&scans_id=110198&peptide_id=43423&scanf=7911&charge=3&value=15/32,sp|Q8IY81|SPB1_HUMAN,/core/www/modules//consensus/?run_id=110202&search_id=114132&scans_id=110198&peptide_id=43423&scanf=7911&charge=3&value=sp|Q8IY81|SPB1_HUMAN,0,/core/www/modules/match_peptides/blast_html4.php?run_id=110202&search_id=114132&scans_id=110198&peptide_id=43423&scanf=7911&charge=3&value=0,K.RHVTYVVAK.K,/core/www/modules/show_out/show_out_wrapper.php?run_id=110202&search_id=114132&scans_id=110198&peptide_id=43423&scanf=7911&charge=3&value=K.RHVTYVVAK.K,FTSJ3,1.299e+6,2.777,0.008,2.079,0.000
7919,2,"  2.178","  0.276",7/16,/core/www/modules//sdig/index.php?run_id=110202&search_id=114132&scans_id=110198&peptide_id=43431&scanf=7919&charge=2&value=7/16,sp|Q8N9I0|SYT2_HUMAN,/core/www/modules//consensus/?run_id=110202&search_id=114132&scans_id=110198&peptide_id=43431&scanf=7919&charge=2&value=sp|Q8N9I0|SYT2_HUMAN,0,/core/www/modules/match_peptides/blast_html4.php?run_id=110202&search_id=114132&scans_id=110198&peptide_id=43431&scanf=7919&charge=2&value=0,K.LGDICTSLR.Y,/core/www/modules/show_out/show_out_wrapper.php?run_id=110202&search_id=114132&scans_id=110198&peptide_id=43431&scanf=7919&charge=2&value=K.LGDICTSLR.Y,SYT2,3.811e+6,1.965,0.119,0.926,0.005
7923,2,"  1.841","  0.043",8/12,/core/www/modules//sdig/index.php?run_id=110202&search_id=114132&scans_id=110198&peptide_id=43434&scanf=7923&charge=2&value=8/12,sp|Q08211|DHX9_HUMAN,/core/www/modules//consensus/?run_id=110202&search_id=114132&scans_id=110198&peptide_id=43434&scanf=7923&charge=2&value=sp|Q08211|DHX9_HUMAN,0,/core/www/modules/match_peptides/blast_html4.php?run_id=110202&search_id=114132&scans_id=110198&peptide_id=43434&scanf=7923&charge=2&value=0,R.KLEAGIR.G,/core/www/modules/show_out/show_out_wrapper.php?run_id=110202&search_id=114132&scans_id=110198&peptide_id=43434&scanf=7923&charge=2&value=R.KLEAGIR.G,DHX9,2.567e+7,1.959,0.121,0.918,0.006
7924,2,"  2.613","  0.526",12/22,/core/www/modules//sdig/index.php?run_id=110202&search_id=114132&scans_id=110198&peptide_id=43435&scanf=7924&charge=2&value=12/22,sp|Q9H0D6|XRN2_HUMAN,/core/www/modules//consensus/?run_id=110202&search_id=114132&scans_id=110198&peptide_id=43435&scanf=7924&charge=2&value=sp|Q9H0D6|XRN2_HUMAN,0,/core/www/modules/match_peptides/blast_html4.php?run_id=110202&search_id=114132&scans_id=110198&peptide_id=43435&scanf=7924&charge=2&value=0,R.NSPGSQVASNPR.Q,/core/www/modules/show_out/show_out_wrapper.php?run_id=110202&search_id=114132&scans_id=110198&peptide_id=43435&scanf=7924&charge=2&value=R.NSPGSQVASNPR.Q,XRN2,2.180e+6,3.159,0.002,2.644,0.000
7930,2,"  2.020","  0.154",7/12,/core/www/modules//sdig/index.php?run_id=110202&search_id=114132&scans_id=110198&peptide_id=43441&scanf=7930&charge=2&value=7/12,sp|Q16643|DREB_HUMAN,/core/www/modules//consensus/?run_id=110202&search_id=114132&scans_id=110198&peptide_id=43441&scanf=7930&charge=2&value=sp|Q16643|DREB_HUMAN,2,/core/www/modules/match_peptides/blast_html4.php?run_id=110202&search_id=114132&scans_id=110198&peptide_id=43441&scanf=7930&charge=2&value=2,R.LSNGLAR.L,/core/www/modules/show_out/show_out_wrapper.php?run_id=110202&search_id=114132&scans_id=110198&peptide_id=43441&scanf=7930&charge=2&value=R.LSNGLAR.L,DBN1,2.943e+6,2.228,0.052,1.284,0.002
7951,2,"  2.596","  0.579",14/24,/core/www/modules//sdig/index.php?run_id=110202&search_id=114132&scans_id=110198&peptide_id=43461&scanf=7951&charge=2&value=14/24,sp|Q9Y2W1|TR150_HUMAN,/core/www/modules//consensus/?run_id=110202&search_id=114132&scans_id=110198&peptide_id=43461&scanf=7951&charge=2&value=sp|Q9Y2W1|TR150_HUMAN,1,/core/www/modules/match_peptides/blast_html4.php?run_id=110202&search_id=114132&scans_id=110198&peptide_id=43461&scanf=7951&charge=2&value=1,K.EQTFSGGTSQDTK.A,/core/www/modules/show_out/show_out_wrapper.php?run_id=110202&search_id=114132&scans_id=110198&peptide_id=43461&scanf=7951&charge=2&value=K.EQTFSGGTSQDTK.A,THRAP3,2.272e+6,3.423,0.001,3.034,0.000
7954,2,"  2.118","  0.277",8/18,/core/www/modules//sdig/index.php?run_id=110202&search_id=114132&scans_id=110198&peptide_id=43464&scanf=7954&charge=2&value=8/18,sp|O43707|ACTN4_HUMAN,/core/www/modules//consensus/?run_id=110202&search_id=114132&scans_id=110198&peptide_id=43464&scanf=7954&charge=2&value=sp|O43707|ACTN4_HUMAN,21,/core/www/modules/match_peptides/blast_html4.php?run_id=110202&search_id=114132&scans_id=110198&peptide_id=43464&scanf=7954&charge=2&value=21,K.HTNYTM*EHIR.V,/core/www/modules/show_out/show_out_wrapper.php?run_id=110202&search_id=114132&scans_id=110198&peptide_id=43464&scanf=7954&charge=2&value=K.HTNYTM*EHIR.V,ACTN4,5.768e+5,2.525,0.019,1.711,0.000
7965,3,"  2.559","  0.066",15/32,/core/www/modules//sdig/index.php?run_id=110202&search_id=114132&scans_id=110198&peptide_id=43474&scanf=7965&charge=3&value=15/32,sp|Q8IY81|SPB1_HUMAN,/core/www/modules//consensus/?run_id=110202&search_id=114132&scans_id=110198&peptide_id=43474&scanf=7965&charge=3&value=sp|Q8IY81|SPB1_HUMAN,0,/core/www/modules/match_peptides/blast_html4.php?run_id=110202&search_id=114132&scans_id=110198&peptide_id=43474&scanf=7965&charge=3&value=0,K.RHVTYVVAK.K,/core/www/modules/show_out/show_out_wrapper.php?run_id=110202&search_id=114132&scans_id=110198&peptide_id=43474&scanf=7965&charge=3&value=K.RHVTYVVAK.K,FTSJ3,1.299e+6,1.857,0.163,0.788,0.009
7966,2,"  2.500","  0.377",8/16,/core/www/modules//sdig/index.php?run_id=110202&search_id=114132&scans_id=110198&peptide_id=43475&scanf=7966&charge=2&value=8/16,sp|Q15149|PLEC_HUMAN,/core/www/modules//consensus/?run_id=110202&search_id=114132&scans_id=110198&peptide_id=43475&scanf=7966&charge=2&value=sp|Q15149|PLEC_HUMAN,4,/core/www/modules/match_peptides/blast_html4.php?run_id=110202&search_id=114132&scans_id=110198&peptide_id=43475&scanf=7966&charge=2&value=4,R.QLAEEDAAR.Q,/core/www/modules/show_out/show_out_wrapper.php?run_id=110202&search_id=114132&scans_id=110198&peptide_id=43475&scanf=7966&charge=2&value=R.QLAEEDAAR.Q,PLEC,1.507e+6,3.224,0.002,2.739,0.000
7972,2,"  2.306","  0.408",13/24,/core/www/modules//sdig/index.php?run_id=110202&search_id=114132&scans_id=110198&peptide_id=43481&scanf=7972&charge=2&value=13/24,sp|P62195|PRS8_HUMAN,/core/www/modules//consensus/?run_id=110202&search_id=114132&scans_id=110198&peptide_id=43481&scanf=7972&charge=2&value=sp|P62195|PRS8_HUMAN,1,/core/www/modules/match_peptides/blast_html4.php?run_id=110202&search_id=114132&scans_id=110198&peptide_id=43481&scanf=7972&charge=2&value=1,R.LEGGSGGDSEVQR.T,/core/www/modules/show_out/show_out_wrapper.php?run_id=110202&search_id=114132&scans_id=110198&peptide_id=43481&scanf=7972&charge=2&value=R.LEGGSGGDSEVQR.T,PSMC5,1.267e+6,2.660,0.012,1.907,0.000
7976,2,"  2.184","  0.280",8/16,/core/www/modules//sdig/index.php?run_id=110202&search_id=114132&scans_id=110198&peptide_id=43485&scanf=7976&charge=2&value=8/16,sp|P35579|MYH9_HUMAN,/core/www/modules//consensus/?run_id=110202&search_id=114132&scans_id=110198&peptide_id=43485&scanf=7976&charge=2&value=sp|P35579|MYH9_HUMAN,2,/core/www/modules/match_peptides/blast_html4.php?run_id=110202&search_id=114132&scans_id=110198&peptide_id=43485&scanf=7976&charge=2&value=2,K.RQQQLTAMK.V,/core/www/modules/show_out/show_out_wrapper.php?run_id=110202&search_id=114132&scans_id=110198&peptide_id=43485&scanf=7976&charge=2&value=K.RQQQLTAMK.V,MYH9,4.106e+5,2.299,0.041,1.385,0.001
7977,3,"  2.228","  0.352",10/32,/core/www/modules//sdig/index.php?run_id=110202&search_id=114132&scans_id=110198&peptide_id=43486&scanf=7977&charge=3&value=10/32,sp|P49790|NU153_HUMAN,/core/www/modules//consensus/?run_id=110202&search_id=114132&scans_id=110198&peptide_id=43486&scanf=7977&charge=3&value=sp|P49790|NU153_HUMAN,0,/core/www/modules/match_peptides/blast_html4.php?run_id=110202&search_id=114132&scans_id=110198&peptide_id=43486&scanf=7977&charge=3&value=0,R.QQHQGILSR.V,/core/www/modules/show_out/show_out_wrapper.php?run_id=110202&search_id=114132&scans_id=110198&peptide_id=43486&scanf=7977&charge=3&value=R.QQHQGILSR.V,NUP153,8.673e+5,2.798,0.008,2.110,0.000
7979,2,"  1.635","  0.418",8/18,/core/www/modules//sdig/index.php?run_id=110202&search_id=114132&scans_id=110198&peptide_id=43488&scanf=7979&charge=2&value=8/18,sp|Q96FK6|WDR89_HUMAN,/core/www/modules//consensus/?run_id=110202&search_id=114132&scans_id=110198&peptide_id=43488&scanf=7979&charge=2&value=sp|Q96FK6|WDR89_HUMAN,1,/core/www/modules/match_peptides/blast_html4.php?run_id=110202&search_id=114132&scans_id=110198&peptide_id=43488&scanf=7979&charge=2&value=1,R.MNSQNLSTTK.D,/core/www/modules/show_out/show_out_wrapper.php?run_id=110202&search_id=114132&scans_id=110198&peptide_id=43488&scanf=7979&charge=2&value=R.MNSQNLSTTK.D,WDR89,5.389e+5,2.506,0.021,1.682,0.000
7981,2,"  1.550","  0.061",7/12,/core/www/modules//sdig/index.php?run_id=110202&search_id=114132&scans_id=110198&peptide_id=43490&scanf=7981&charge=2&value=7/12,sp|O60264|SMCA5_HUMAN,/core/www/modules//consensus/?run_id=110202&search_id=114132&scans_id=110198&peptide_id=43490&scanf=7981&charge=2&value=sp|O60264|SMCA5_HUMAN,3,/core/www/modules/match_peptides/blast_html4.php?run_id=110202&search_id=114132&scans_id=110198&peptide_id=43490&scanf=7981&charge=2&value=3,K.M*GESSLR.N,/core/www/modules/show_out/show_out_wrapper.php?run_id=110202&search_id=114132&scans_id=110198&peptide_id=43490&scanf=7981&charge=2&value=K.M*GESSLR.N,SMARCA5,9.523e+5,2.051,0.091,1.041,0.004
7983,2,"  2.104","  0.249",9/12,/core/www/modules//sdig/index.php?run_id=110202&search_id=114132&scans_id=110198&peptide_id=43492&scanf=7983&charge=2&value=9/12,sp|Q8IY18|SMC5_HUMAN,/core/www/modules//consensus/?run_id=110202&search_id=114132&scans_id=110198&peptide_id=43492&scanf=7983&charge=2&value=sp|Q8IY18|SMC5_HUMAN,0,/core/www/modules/match_peptides/blast_html4.php?run_id=110202&search_id=114132&scans_id=110198&peptide_id=43492&scanf=7983&charge=2&value=0,R.HLEEQLK.E,/core/www/modules/show_out/show_out_wrapper.php?run_id=110202&search_id=114132&scans_id=110198&peptide_id=43492&scanf=7983&charge=2&value=R.HLEEQLK.E,SMC5,7.495e+5,2.702,0.011,1.969,0.000
7994,2,"  1.587","  0.603",10/22,/core/www/modules//sdig/index.php?run_id=110202&search_id=114132&scans_id=110198&peptide_id=43502&scanf=7994&charge=2&value=10/22,sp|Q9H2U1|DHX36_HUMAN,/core/www/modules//consensus/?run_id=110202&search_id=114132&scans_id=110198&peptide_id=43502&scanf=7994&charge=2&value=sp|Q9H2U1|DHX36_HUMAN,3,/core/www/modules/match_peptides/blast_html4.php?run_id=110202&search_id=114132&scans_id=110198&peptide_id=43502&scanf=7994&charge=2&value=3,K.DPESNINSDNEK.I,/core/www/modules/show_out/show_out_wrapper.php?run_id=110202&search_id=114132&scans_id=110198&peptide_id=43502&scanf=7994&charge=2&value=K.DPESNINSDNEK.I,DHX36,2.626e+5,3.272,0.002,2.810,0.000
8003,2,"  1.596","  0.198",8/16,/core/www/modules//sdig/index.php?run_id=110202&search_id=114132&scans_id=110198&peptide_id=43511&scanf=8003&charge=2&value=8/16,sp|O95931|CBX7_HUMAN,/core/www/modules//consensus/?run_id=110202&search_id=114132&scans_id=110198&peptide_id=43511&scanf=8003&charge=2&value=sp|O95931|CBX7_HUMAN,1,/core/www/modules/match_peptides/blast_html4.php?run_id=110202&search_id=114132&scans_id=110198&peptide_id=43511&scanf=8003&charge=2&value=1,K.AGAPELVDK.G,/core/www/modules/show_out/show_out_wrapper.php?run_id=110202&search_id=114132&scans_id=110198&peptide_id=43511&scanf=8003&charge=2&value=K.AGAPELVDK.G,CBX7,3.272e+5,2.018,0.101,0.996,0.005
8006,2,"  3.038","  0.627",12/18,/core/www/modules//sdig/index.php?run_id=110202&search_id=114132&scans_id=110198&peptide_id=43513&scanf=8006&charge=2&value=12/18,sp|P22626|ROA2_HUMAN,/core/www/modules//consensus/?run_id=110202&search_id=114132&scans_id=110198&peptide_id=43513&scanf=8006&charge=2&value=sp|P22626|ROA2_HUMAN,7,/core/www/modules/match_peptides/blast_html4.php?run_id=110202&search_id=114132&scans_id=110198&peptide_id=43513&scanf=8006&charge=2&value=7,R.QEMQEVQSSR.S,/core/www/modules/show_out/show_out_wrapper.php?run_id=110202&search_id=114132&scans_id=110198&peptide_id=43513&scanf=8006&charge=2&value=R.QEMQEVQSSR.S,HNRNPA2B1,4.323e+7,3.930,0.000,3.786,0.000
8008,2,"  2.471","  0.442",10/18,/core/www/modules//sdig/index.php?run_id=110202&search_id=114132&scans_id=110198&peptide_id=43515&scanf=8008&charge=2&value=10/18,sp|P62701|RS4X_HUMAN,/core/www/modules//consensus/?run_id=110202&search_id=114132&scans_id=110198&peptide_id=43515&scanf=8008&charge=2&value=sp|P62701|RS4X_HUMAN,3,/core/www/modules/match_peptides/blast_html4.php?run_id=110202&search_id=114132&scans_id=110198&peptide_id=43515&scanf=8008&charge=2&value=3,K.DANGNSFATR.L,/core/www/modules/show_out/show_out_wrapper.php?run_id=110202&search_id=114132&scans_id=110198&peptide_id=43515&scanf=8008&charge=2&value=K.DANGNSFATR.L,RPS4X,1.170e+6,3.007,0.004,2.418,0.000
8011,2,"  2.646","  0.584",12/22,/core/www/modules//sdig/index.php?run_id=110202&search_id=114132&scans_id=110198&peptide_id=43518&scanf=8011&charge=2&value=12/22,sp|P19338|NUCL_HUMAN,/core/www/modules//consensus/?run_id=110202&search_id=114132&scans_id=110198&peptide_id=43518&scanf=8011&charge=2&value=sp|P19338|NUCL_HUMAN,5,/core/www/modules/match_peptides/blast_html4.php?run_id=110202&search_id=114132&scans_id=110198&peptide_id=43518&scanf=8011&charge=2&value=5,K.EAM*EDGEIDGNK.V,/core/www/modules/show_out/show_out_wrapper.php?run_id=110202&search_id=114132&scans_id=110198&peptide_id=43518&scanf=8011&charge=2&value=K.EAM*EDGEIDGNK.V,NCL,1.237e+6,3.585,0.001,3.275,0.000
8023,2,"  2.547","  0.247",10/16,/core/www/modules//sdig/index.php?run_id=110202&search_id=114132&scans_id=110198&peptide_id=43530&scanf=8023&charge=2&value=10/16,sp|Q03701|CEBPZ_HUMAN,/core/www/modules//consensus/?run_id=110202&search_id=114132&scans_id=110198&peptide_id=43530&scanf=8023&charge=2&value=sp|Q03701|CEBPZ_HUMAN,0,/core/www/modules/match_peptides/blast_html4.php?run_id=110202&search_id=114132&scans_id=110198&peptide_id=43530&scanf=8023&charge=2&value=0,K.LEQLSSGNK.D,/core/www/modules/show_out/show_out_wrapper.php?run_id=110202&search_id=114132&scans_id=110198&peptide_id=43530&scanf=8023&charge=2&value=K.LEQLSSGNK.D,CEBPZ,9.481e+5,2.383,0.031,1.505,0.001
8025,2,"  2.387","  0.261",9/16,/core/www/modules//sdig/index.php?run_id=110202&search_id=114132&scans_id=110198&peptide_id=43532&scanf=8025&charge=2&value=9/16,sp|Q13620|CUL4B_HUMAN,/core/www/modules//consensus/?run_id=110202&search_id=114132&scans_id=110198&peptide_id=43532&scanf=8025&charge=2&value=sp|Q13620|CUL4B_HUMAN,11,/core/www/modules/match_peptides/blast_html4.php?run_id=110202&search_id=114132&scans_id=110198&peptide_id=43532&scanf=8025&charge=2&value=11,K.EATDEELEK.M,/core/www/modules/show_out/show_out_wrapper.php?run_id=110202&search_id=114132&scans_id=110198&peptide_id=43532&scanf=8025&charge=2&value=K.EATDEELEK.M,CUL4B,8.677e+5,2.443,0.026,1.592,0.001
8027,2,"  2.139","  0.427",7/12,/core/www/modules//sdig/index.php?run_id=110202&search_id=114132&scans_id=110198&peptide_id=43533&scanf=8027&charge=2&value=7/12,sp|P78527|PRKDC_HUMAN,/core/www/modules//consensus/?run_id=110202&search_id=114132&scans_id=110198&peptide_id=43533&scanf=8027&charge=2&value=sp|P78527|PRKDC_HUMAN,0,/core/www/modules/match_peptides/blast_html4.php?run_id=110202&search_id=114132&scans_id=110198&peptide_id=43533&scanf=8027&charge=2&value=0,K.DEVLANR.L,/core/www/modules/show_out/show_out_wrapper.php?run_id=110202&search_id=114132&scans_id=110198&peptide_id=43533&scanf=8027&charge=2&value=K.DEVLANR.L,PRKDC,2.886e+7,3.891,0.000,3.728,0.000
8033,3,"  2.681","  0.332",12/36,/core/www/modules//sdig/index.php?run_id=110202&search_id=114132&scans_id=110198&peptide_id=43539&scanf=8033&charge=3&value=12/36,sp|P50990|TCPQ_HUMAN,/core/www/modules//consensus/?run_id=110202&search_id=114132&scans_id=110198&peptide_id=43539&scanf=8033&charge=3&value=sp|P50990|TCPQ_HUMAN,1,/core/www/modules/match_peptides/blast_html4.php?run_id=110202&search_id=114132&scans_id=110198&peptide_id=43539&scanf=8033&charge=3&value=1,K.LYAVHQEGNK.N,/core/www/modules/show_out/show_out_wrapper.php?run_id=110202&search_id=114132&scans_id=110198&peptide_id=43539&scanf=8033&charge=3&value=K.LYAVHQEGNK.N,CCT8,7.077e+6,2.832,0.007,2.160,0.000
8034,2,"  1.424","  0.237",10/18,/core/www/modules//sdig/index.php?run_id=110202&search_id=114132&scans_id=110198&peptide_id=43540&scanf=8034&charge=2&value=10/18,sp|Q9BSC4|NOL10_HUMAN,/core/www/modules//consensus/?run_id=110202&search_id=114132&scans_id=110198&peptide_id=43540&scanf=8034&charge=2&value=sp|Q9BSC4|NOL10_HUMAN,5,/core/www/modules/match_peptides/blast_html4.php?run_id=110202&search_id=114132&scans_id=110198&peptide_id=43540&scanf=8034&charge=2&value=5,K.LIEEEEEKQK.S,/core/www/modules/show_out/show_out_wrapper.php?run_id=110202&search_id=114132&scans_id=110198&peptide_id=43540&scanf=8034&charge=2&value=K.LIEEEEEKQK.S,NOL10,6.262e+5,1.971,0.117,0.933,0.005
8035,2,"  1.370","  0.191",6/16,/core/www/modules//sdig/index.php?run_id=110202&search_id=114132&scans_id=110198&peptide_id=43541&scanf=8035&charge=2&value=6/16,sp|P45974|UBP5_HUMAN,/core/www/modules//consensus/?run_id=110202&search_id=114132&scans_id=110198&peptide_id=43541&scanf=8035&charge=2&value=sp|P45974|UBP5_HUMAN,0,/core/www/modules/match_peptides/blast_html4.php?run_id=110202&search_id=114132&scans_id=110198&peptide_id=43541&scanf=8035&charge=2&value=0,K.GHPEFSTNR.Q,/core/www/modules/show_out/show_out_wrapper.php?run_id=110202&search_id=114132&scans_id=110198&peptide_id=43541&scanf=8035&charge=2&value=K.GHPEFSTNR.Q,USP5,1.036e+6,1.909,0.140,0.853,0.007
8052,2,"  2.252","  0.255",7/16,/core/www/modules//sdig/index.php?run_id=110202&search_id=114132&scans_id=110198&peptide_id=43557&scanf=8052&charge=2&value=7/16,sp|Q9UKM9|RALY_HUMAN,/core/www/modules//consensus/?run_id=110202&search_id=114132&scans_id=110198&peptide_id=43557&scanf=8052&charge=2&value=sp|Q9UKM9|RALY_HUMAN,4,/core/www/modules/match_peptides/blast_html4.php?run_id=110202&search_id=114132&scans_id=110198&peptide_id=43557&scanf=8052&charge=2&value=4,K.LQASNVTNK.N,/core/www/modules/show_out/show_out_wrapper.php?run_id=110202&search_id=114132&scans_id=110198&peptide_id=43557&scanf=8052&charge=2&value=K.LQASNVTNK.N,RALY,8.717e+6,2.197,0.057,1.241,0.002
8054,3,"  1.997","  0.174",11/32,/core/www/modules//sdig/index.php?run_id=110202&search_id=114132&scans_id=110198&peptide_id=43559&scanf=8054&charge=3&value=11/32,sp|P16989|YBOX3_HUMAN,/core/www/modules//consensus/?run_id=110202&search_id=114132&scans_id=110198&peptide_id=43559&scanf=8054&charge=3&value=sp|P16989|YBOX3_HUMAN,0,/core/www/modules/match_peptides/blast_html4.php?run_id=110202&search_id=114132&scans_id=110198&peptide_id=43559&scanf=8054&charge=3&value=0,R.RPQYRPQYR.Q,/core/www/modules/show_out/show_out_wrapper.php?run_id=110202&search_id=114132&scans_id=110198&peptide_id=43559&scanf=8054&charge=3&value=R.RPQYRPQYR.Q,YBX3,1.210e+6,2.256,0.047,1.323,0.002
8071,3,"  2.065","  0.154",11/40,/core/www/modules//sdig/index.php?run_id=110202&search_id=114132&scans_id=110198&peptide_id=43575&scanf=8071&charge=3&value=11/40,sp|Q9BQG0|MBB1A_HUMAN,/core/www/modules//consensus/?run_id=110202&search_id=114132&scans_id=110198&peptide_id=43575&scanf=8071&charge=3&value=sp|Q9BQG0|MBB1A_HUMAN,1,/core/www/modules/match_peptides/blast_html4.php?run_id=110202&search_id=114132&scans_id=110198&peptide_id=43575&scanf=8071&charge=3&value=1,R.VVVTDDSDERR.L,/core/www/modules/show_out/show_out_wrapper.php?run_id=110202&search_id=114132&scans_id=110198&peptide_id=43575&scanf=8071&charge=3&value=R.VVVTDDSDERR.L,MYBBP1A,1.494e+6,1.939,0.128,0.892,0.006
8072,3,"  2.145","  0.353",11/52,/core/www/modules//sdig/index.php?run_id=110202&search_id=114132&scans_id=110198&peptide_id=43576&scanf=8072&charge=3&value=11/52,sp|P38159|RBMX_HUMAN,/core/www/modules//consensus/?run_id=110202&search_id=114132&scans_id=110198&peptide_id=43576&scanf=8072&charge=3&value=sp|P38159|RBMX_HUMAN,4,/core/www/modules/match_peptides/blast_html4.php?run_id=110202&search_id=114132&scans_id=110198&peptide_id=43576&scanf=8072&charge=3&value=4,R.DRDYSDHPSGGSYR.D,/core/www/modules/show_out/show_out_wrapper.php?run_id=110202&search_id=114132&scans_id=110198&peptide_id=43576&scanf=8072&charge=3&value=R.DRDYSDHPSGGSYR.D,RBMX,6.584e+7,2.455,0.025,1.609,0.001
8090,2,"  1.825","  0.322",9/14,/core/www/modules//sdig/index.php?run_id=110202&search_id=114132&scans_id=110198&peptide_id=43593&scanf=8090&charge=2&value=9/14,sp|P10809|CH60_HUMAN,/core/www/modules//consensus/?run_id=110202&search_id=114132&scans_id=110198&peptide_id=43593&scanf=8090&charge=2&value=sp|P10809|CH60_HUMAN,4,/core/www/modules/match_peptides/blast_html4.php?run_id=110202&search_id=114132&scans_id=110198&peptide_id=43593&scanf=8090&charge=2&value=4,K.APGFGDNR.K,/core/www/modules/show_out/show_out_wrapper.php?run_id=110202&search_id=114132&scans_id=110198&peptide_id=43593&scanf=8090&charge=2&value=K.APGFGDNR.K,HSPD1,9.921e+6,2.869,0.006,2.215,0.000
8097,2,"  2.503","  0.504",12/16,/core/www/modules//sdig/index.php?run_id=110202&search_id=114132&scans_id=110198&peptide_id=43600&scanf=8097&charge=2&value=12/16,sp|P08708|RS17_HUMAN,/core/www/modules//consensus/?run_id=110202&search_id=114132&scans_id=110198&peptide_id=43600&scanf=8097&charge=2&value=sp|P08708|RS17_HUMAN,5,/core/www/modules/match_peptides/blast_html4.php?run_id=110202&search_id=114132&scans_id=110198&peptide_id=43600&scanf=8097&charge=2&value=5,R.LGNDFHTNK.R,/core/www/modules/show_out/show_out_wrapper.php?run_id=110202&search_id=114132&scans_id=110198&peptide_id=43600&scanf=8097&charge=2&value=R.LGNDFHTNK.R,RPS17,3.234e+6,3.478,0.001,3.115,0.000
8111,2,"  1.670","  0.197",10/14,/core/www/modules//sdig/index.php?run_id=110202&search_id=114132&scans_id=110198&peptide_id=43613&scanf=8111&charge=2&value=10/14,sp|P61247|RS3A_HUMAN,/core/www/modules//consensus/?run_id=110202&search_id=114132&scans_id=110198&peptide_id=43613&scanf=8111&charge=2&value=sp|P61247|RS3A_HUMAN,6,/core/www/modules/match_peptides/blast_html4.php?run_id=110202&search_id=114132&scans_id=110198&peptide_id=43613&scanf=8111&charge=2&value=6,R.EVQTNDLK.E,/core/www/modules/show_out/show_out_wrapper.php?run_id=110202&search_id=114132&scans_id=110198&peptide_id=43613&scanf=8111&charge=2&value=R.EVQTNDLK.E,RPS3A,1.610e+7,2.491,0.022,1.660,0.001
8112,3,"  2.623","  0.351",13/36,/core/www/modules//sdig/index.php?run_id=110202&search_id=114132&scans_id=110198&peptide_id=43614&scanf=8112&charge=3&value=13/36,sp|Q99426|TBCB_HUMAN,/core/www/modules//consensus/?run_id=110202&search_id=114132&scans_id=110198&peptide_id=43614&scanf=8112&charge=3&value=sp|Q99426|TBCB_HUMAN,3,/core/www/modules/match_peptides/blast_html4.php?run_id=110202&search_id=114132&scans_id=110198&peptide_id=43614&scanf=8112&charge=3&value=3,R.IHVIDHSGAR.L,/core/www/modules/show_out/show_out_wrapper.php?run_id=110202&search_id=114132&scans_id=110198&peptide_id=43614&scanf=8112&charge=3&value=R.IHVIDHSGAR.L,TBCB,2.202e+6,2.856,0.006,2.196,0.000
8116,3,"  3.242","  0.444",13/44,/core/www/modules//sdig/index.php?run_id=110202&search_id=114132&scans_id=110198&peptide_id=43618&scanf=8116&charge=3&value=13/44,sp|Q9BXP5|SRRT_HUMAN,/core/www/modules//consensus/?run_id=110202&search_id=114132&scans_id=110198&peptide_id=43618&scanf=8116&charge=3&value=sp|Q9BXP5|SRRT_HUMAN,1,/core/www/modules/match_peptides/blast_html4.php?run_id=110202&search_id=114132&scans_id=110198&peptide_id=43618&scanf=8116&charge=3&value=1,K.EKPKEEEWEKPK.D,/core/www/modules/show_out/show_out_wrapper.php?run_id=110202&search_id=114132&scans_id=110198&peptide_id=43618&scanf=8116&charge=3&value=K.EKPKEEEWEKPK.D,SRRT,2.201e+6,2.692,0.011,1.954,0.000
8132,2,"  1.676","  0.601",9/14,/core/www/modules//sdig/index.php?run_id=110202&search_id=114132&scans_id=110198&peptide_id=43633&scanf=8132&charge=2&value=9/14,sp|P08670|VIME_HUMAN,/core/www/modules//consensus/?run_id=110202&search_id=114132&scans_id=110198&peptide_id=43633&scanf=8132&charge=2&value=sp|P08670|VIME_HUMAN,3,/core/www/modules/match_peptides/blast_html4.php?run_id=110202&search_id=114132&scans_id=110198&peptide_id=43633&scanf=8132&charge=2&value=3,R.SYVTTSTR.T,/core/www/modules/show_out/show_out_wrapper.php?run_id=110202&search_id=114132&scans_id=110198&peptide_id=43633&scanf=8132&charge=2&value=R.SYVTTSTR.T,VIM,1.300e+8,4.179,0.000,4.155,0.000
8144,2,"  1.923","  0.203",9/14,/core/www/modules//sdig/index.php?run_id=110202&search_id=114132&scans_id=110198&peptide_id=43645&scanf=8144&charge=2&value=9/14,sp|O60841|IF2P_HUMAN,/core/www/modules//consensus/?run_id=110202&search_id=114132&scans_id=110198&peptide_id=43645&scanf=8144&charge=2&value=sp|O60841|IF2P_HUMAN,1,/core/www/modules/match_peptides/blast_html4.php?run_id=110202&search_id=114132&scans_id=110198&peptide_id=43645&scanf=8144&charge=2&value=1,R.KFEEETVK.S,/core/www/modules/show_out/show_out_wrapper.php?run_id=110202&search_id=114132&scans_id=110198&peptide_id=43645&scanf=8144&charge=2&value=R.KFEEETVK.S,EIF5B,9.730e+5,2.142,0.068,1.165,0.002
8149,3,"  2.421","  0.357",9/40,/core/www/modules//sdig/index.php?run_id=110202&search_id=114132&scans_id=110198&peptide_id=43650&scanf=8149&charge=3&value=9/40,sp|Q96MU7|YTDC1_HUMAN,/core/www/modules//consensus/?run_id=110202&search_id=114132&scans_id=110198&peptide_id=43650&scanf=8149&charge=3&value=sp|Q96MU7|YTDC1_HUMAN,1,/core/www/modules/match_peptides/blast_html4.php?run_id=110202&search_id=114132&scans_id=110198&peptide_id=43650&scanf=8149&charge=3&value=1,R.RPEDYDIHNSR.K,/core/www/modules/show_out/show_out_wrapper.php?run_id=110202&search_id=114132&scans_id=110198&peptide_id=43650&scanf=8149&charge=3&value=R.RPEDYDIHNSR.K,YTHDC1,1.482e+6,2.666,0.012,1.917,0.000
8160,2,"  2.375","  0.443",12/16,/core/www/modules//sdig/index.php?run_id=110202&search_id=114132&scans_id=110198&peptide_id=43660&scanf=8160&charge=2&value=12/16,sp|Q9UN81|LORF1_HUMAN,/core/www/modules//consensus/?run_id=110202&search_id=114132&scans_id=110198&peptide_id=43660&scanf=8160&charge=2&value=sp|Q9UN81|LORF1_HUMAN,0,/core/www/modules/match_peptides/blast_html4.php?run_id=110202&search_id=114132&scans_id=110198&peptide_id=43660&scanf=8160&charge=2&value=0,K.GKEVENFEK.N,/core/www/modules/show_out/show_out_wrapper.php?run_id=110202&search_id=114132&scans_id=110198&peptide_id=43660&scanf=8160&charge=2&value=K.GKEVENFEK.N,L1RE1,7.095e+5,3.039,0.003,2.466,0.000
8165,2,"  1.598","  0.236",5/14,/core/www/modules//sdig/index.php?run_id=110202&search_id=114132&scans_id=110198&peptide_id=43665&scanf=8165&charge=2&value=5/14,sp|Q16630|CPSF6_HUMAN,/core/www/modules//consensus/?run_id=110202&search_id=114132&scans_id=110198&peptide_id=43665&scanf=8165&charge=2&value=sp|Q16630|CPSF6_HUMAN,1,/core/www/modules/match_peptides/blast_html4.php?run_id=110202&search_id=114132&scans_id=110198&peptide_id=43665&scanf=8165&charge=2&value=1,R.GDYGPPGR.E,/core/www/modules/show_out/show_out_wrapper.php?run_id=110202&search_id=114132&scans_id=110198&peptide_id=43665&scanf=8165&charge=2&value=R.GDYGPPGR.E,CPSF6,1.438e+6,2.056,0.090,1.047,0.004
8176,2,"  2.157","  0.205",9/14,/core/www/modules//sdig/index.php?run_id=110202&search_id=114132&scans_id=110198&peptide_id=43675&scanf=8176&charge=2&value=9/14,sp|Q9BQ39|DDX50_HUMAN,/core/www/modules//consensus/?run_id=110202&search_id=114132&scans_id=110198&peptide_id=43675&scanf=8176&charge=2&value=sp|Q9BQ39|DDX50_HUMAN,0,/core/www/modules/match_peptides/blast_html4.php?run_id=110202&search_id=114132&scans_id=110198&peptide_id=43675&scanf=8176&charge=2&value=0,R.ELANQVAK.D,/core/www/modules/show_out/show_out_wrapper.php?run_id=110202&search_id=114132&scans_id=110198&peptide_id=43675&scanf=8176&charge=2&value=R.ELANQVAK.D,DDX50,2.959e+6,2.406,0.029,1.538,0.001
8178,3,"  1.725","  0.150",10/32,/core/www/modules//sdig/index.php?run_id=110202&search_id=114132&scans_id=110198&peptide_id=43677&scanf=8178&charge=3&value=10/32,sp|O43189|PHF1_HUMAN,/core/www/modules//consensus/?run_id=110202&search_id=114132&scans_id=110198&peptide_id=43677&scanf=8178&charge=3&value=sp|O43189|PHF1_HUMAN,3,/core/www/modules/match_peptides/blast_html4.php?run_id=110202&search_id=114132&scans_id=110198&peptide_id=43677&scanf=8178&charge=3&value=3,R.RRPEPEPLR.R,/core/www/modules/show_out/show_out_wrapper.php?run_id=110202&search_id=114132&scans_id=110198&peptide_id=43677&scanf=8178&charge=3&value=R.RRPEPEPLR.R,PHF1,1.069e+6,1.836,0.173,0.762,0.009
8187,2,"  1.801","  0.253",6/12,/core/www/modules//sdig/index.php?run_id=110202&search_id=114132&scans_id=110198&peptide_id=43686&scanf=8187&charge=2&value=6/12,sp|P40227|TCPZ_HUMAN,/core/www/modules//consensus/?run_id=110202&search_id=114132&scans_id=110198&peptide_id=43686&scanf=8187&charge=2&value=sp|P40227|TCPZ_HUMAN,0,/core/www/modules/match_peptides/blast_html4.php?run_id=110202&search_id=114132&scans_id=110198&peptide_id=43686&scanf=8187&charge=2&value=0,K.HTLTQIK.D,/core/www/modules/show_out/show_out_wrapper.php?run_id=110202&search_id=114132&scans_id=110198&peptide_id=43686&scanf=8187&charge=2&value=K.HTLTQIK.D,CCT6A,3.100e+6,2.398,0.030,1.527,0.001
8195,2,"  5.403","  0.827",21/34,/core/www/modules//sdig/index.php?run_id=110202&search_id=114132&scans_id=110198&peptide_id=43693&scanf=8195&charge=2&value=21/34,sp|P09651|ROA1_HUMAN,/core/www/modules//consensus/?run_id=110202&search_id=114132&scans_id=110198&peptide_id=43693&scanf=8195&charge=2&value=sp|P09651|ROA1_HUMAN,6,/core/www/modules/match_peptides/blast_html4.php?run_id=110202&search_id=114132&scans_id=110198&peptide_id=43693&scanf=8195&charge=2&value=6,R.NQGGYGGSSSSSSYGSGR.R,/core/www/modules/show_out/show_out_wrapper.php?run_id=110202&search_id=114132&scans_id=110198&peptide_id=43693&scanf=8195&charge=2&value=R.NQGGYGGSSSSSSYGSGR.R,HNRNPA1,2.662e+7,4.340,0.000,4.394,0.000
8207,2,"  2.264","  0.208",11/16,/core/www/modules//sdig/index.php?run_id=110202&search_id=114132&scans_id=110198&peptide_id=43705&scanf=8207&charge=2&value=11/16,sp|Q13813|SPTN1_HUMAN,/core/www/modules//consensus/?run_id=110202&search_id=114132&scans_id=110198&peptide_id=43705&scanf=8207&charge=2&value=sp|Q13813|SPTN1_HUMAN,2,/core/www/modules/match_peptides/blast_html4.php?run_id=110202&search_id=114132&scans_id=110198&peptide_id=43705&scanf=8207&charge=2&value=2,K.LGDSHDLQR.F,/core/www/modules/show_out/show_out_wrapper.php?run_id=110202&search_id=114132&scans_id=110198&peptide_id=43705&scanf=8207&charge=2&value=K.LGDSHDLQR.F,SPTAN1,5.729e+6,2.552,0.018,1.749,0.000
8216,2,"  2.759","  0.548",12/14,/core/www/modules//sdig/index.php?run_id=110202&search_id=114132&scans_id=110198&peptide_id=43713&scanf=8216&charge=2&value=12/14,sp|Q16629|SRSF7_HUMAN,/core/www/modules//consensus/?run_id=110202&search_id=114132&scans_id=110198&peptide_id=43713&scanf=8216&charge=2&value=sp|Q16629|SRSF7_HUMAN,3,/core/www/modules/match_peptides/blast_html4.php?run_id=110202&search_id=114132&scans_id=110198&peptide_id=43713&scanf=8216&charge=2&value=3,R.RPFDPNDR.C,/core/www/modules/show_out/show_out_wrapper.php?run_id=110202&search_id=114132&scans_id=110198&peptide_id=43713&scanf=8216&charge=2&value=R.RPFDPNDR.C,SRSF7,4.048e+7,3.916,0.000,3.765,0.000
8218,2,"  2.588","  0.534",9/12,/core/www/modules//sdig/index.php?run_id=110202&search_id=114132&scans_id=110198&peptide_id=43715&scanf=8218&charge=2&value=9/12,sp|P40227|TCPZ_HUMAN,/core/www/modules//consensus/?run_id=110202&search_id=114132&scans_id=110198&peptide_id=43715&scanf=8218&charge=2&value=sp|P40227|TCPZ_HUMAN,0,/core/www/modules/match_peptides/blast_html4.php?run_id=110202&search_id=114132&scans_id=110198&peptide_id=43715&scanf=8218&charge=2&value=0,K.HTLTQIK.D,/core/www/modules/show_out/show_out_wrapper.php?run_id=110202&search_id=114132&scans_id=110198&peptide_id=43715&scanf=8218&charge=2&value=K.HTLTQIK.D,CCT6A,3.100e+6,3.737,0.000,3.500,0.000
8219,3,"  2.489","  0.442",13/36,/core/www/modules//sdig/index.php?run_id=110202&search_id=114132&scans_id=110198&peptide_id=43716&scanf=8219&charge=3&value=13/36,sp|P61981|1433G_HUMAN,/core/www/modules//consensus/?run_id=110202&search_id=114132&scans_id=110198&peptide_id=43716&scanf=8219&charge=3&value=sp|P61981|1433G_HUMAN,0,/core/www/modules/match_peptides/blast_html4.php?run_id=110202&search_id=114132&scans_id=110198&peptide_id=43716&scanf=8219&charge=3&value=0,K.EHMQPTHPIR.L,/core/www/modules/show_out/show_out_wrapper.php?run_id=110202&search_id=114132&scans_id=110198&peptide_id=43716&scanf=8219&charge=3&value=K.EHMQPTHPIR.L,YWHAG,3.128e+6,3.165,0.002,2.652,0.000
8222,2,"  1.737","  0.154",7/12,/core/www/modules//sdig/index.php?run_id=110202&search_id=114132&scans_id=110198&peptide_id=43719&scanf=8222&charge=2&value=7/12,sp|P35249|RFC4_HUMAN,/core/www/modules//consensus/?run_id=110202&search_id=114132&scans_id=110198&peptide_id=43719&scanf=8222&charge=2&value=sp|P35249|RFC4_HUMAN,2,/core/www/modules/match_peptides/blast_html4.php?run_id=110202&search_id=114132&scans_id=110198&peptide_id=43719&scanf=8222&charge=2&value=2,K.VSEGDLR.K,/core/www/modules/show_out/show_out_wrapper.php?run_id=110202&search_id=114132&scans_id=110198&peptide_id=43719&scanf=8222&charge=2&value=K.VSEGDLR.K,RFC4,3.433e+6,2.095,0.079,1.100,0.003
8225,2,"  2.041","  0.250",11/20,/core/www/modules//sdig/index.php?run_id=110202&search_id=114132&scans_id=110198&peptide_id=43722&scanf=8225&charge=2&value=11/20,sp|Q9UQ35|SRRM2_HUMAN,/core/www/modules//consensus/?run_id=110202&search_id=114132&scans_id=110198&peptide_id=43722&scanf=8225&charge=2&value=sp|Q9UQ35|SRRM2_HUMAN,0,/core/www/modules/match_peptides/blast_html4.php?run_id=110202&search_id=114132&scans_id=110198&peptide_id=43722&scanf=8225&charge=2&value=0,R.EGRPPEPTPAK.R,/core/www/modules/show_out/show_out_wrapper.php?run_id=110202&search_id=114132&scans_id=110198&peptide_id=43722&scanf=8225&charge=2&value=R.EGRPPEPTPAK.R,SRRM2,8.025e+5,2.391,0.030,1.516,0.001
8237,2,"  2.130","  0.518",9/16,/core/www/modules//sdig/index.php?run_id=110202&search_id=114132&scans_id=110198&peptide_id=43733&scanf=8237&charge=2&value=9/16,sp|P49207|RL34_HUMAN,/core/www/modules//consensus/?run_id=110202&search_id=114132&scans_id=110198&peptide_id=43733&scanf=8237&charge=2&value=sp|P49207|RL34_HUMAN,0,/core/www/modules/match_peptides/blast_html4.php?run_id=110202&search_id=114132&scans_id=110198&peptide_id=43733&scanf=8237&charge=2&value=0,R.LSYNTASNK.T,/core/www/modules/show_out/show_out_wrapper.php?run_id=110202&search_id=114132&scans_id=110198&peptide_id=43733&scanf=8237&charge=2&value=R.LSYNTASNK.T,RPL34,1.394e+7,3.281,0.002,2.823,0.000
8240,2,"  1.910","  0.248",10/16,/core/www/modules//sdig/index.php?run_id=110202&search_id=114132&scans_id=110198&peptide_id=43736&scanf=8240&charge=2&value=10/16,sp|Q08170|SRSF4_HUMAN,/core/www/modules//consensus/?run_id=110202&search_id=114132&scans_id=110198&peptide_id=43736&scanf=8240&charge=2&value=sp|Q08170|SRSF4_HUMAN,1,/core/www/modules/match_peptides/blast_html4.php?run_id=110202&search_id=114132&scans_id=110198&peptide_id=43736&scanf=8240&charge=2&value=1,K.LDGTEVNGR.K,/core/www/modules/show_out/show_out_wrapper.php?run_id=110202&search_id=114132&scans_id=110198&peptide_id=43736&scanf=8240&charge=2&value=K.LDGTEVNGR.K,SRSF4,2.420e+6,2.512,0.020,1.692,0.000
8241,2,"  2.261","  0.240",11/18,/core/www/modules//sdig/index.php?run_id=110202&search_id=114132&scans_id=110198&peptide_id=43737&scanf=8241&charge=2&value=11/18,sp|P26038|MOES_HUMAN,/core/www/modules//consensus/?run_id=110202&search_id=114132&scans_id=110198&peptide_id=43737&scanf=8241&charge=2&value=sp|P26038|MOES_HUMAN,1,/core/www/modules/match_peptides/blast_html4.php?run_id=110202&search_id=114132&scans_id=110198&peptide_id=43737&scanf=8241&charge=2&value=1,K.AQQELEEQTR.R,/core/www/modules/show_out/show_out_wrapper.php?run_id=110202&search_id=114132&scans_id=110198&peptide_id=43737&scanf=8241&charge=2&value=K.AQQELEEQTR.R,MSN,6.641e+6,2.415,0.028,1.550,0.001
8258,2,"  1.820","  0.341",8/12,/core/www/modules//sdig/index.php?run_id=110202&search_id=114132&scans_id=110198&peptide_id=43753&scanf=8258&charge=2&value=8/12,sp|O94906|PRP6_HUMAN,/core/www/modules//consensus/?run_id=110202&search_id=114132&scans_id=110198&peptide_id=43753&scanf=8258&charge=2&value=sp|O94906|PRP6_HUMAN,0,/core/www/modules/match_peptides/blast_html4.php?run_id=110202&search_id=114132&scans_id=110198&peptide_id=43753&scanf=8258&charge=2&value=0,R.ENIPTDR.H,/core/www/modules/show_out/show_out_wrapper.php?run_id=110202&search_id=114132&scans_id=110198&peptide_id=43753&scanf=8258&charge=2&value=R.ENIPTDR.H,PRPF6,3.526e+6,3.030,0.004,2.452,0.000
8281,3,"  2.222","  0.244",9/36,/core/www/modules//sdig/index.php?run_id=110202&search_id=114132&scans_id=110198&peptide_id=43775&scanf=8281&charge=3&value=9/36,sp|P46087|NOP2_HUMAN,/core/www/modules//consensus/?run_id=110202&search_id=114132&scans_id=110198&peptide_id=43775&scanf=8281&charge=3&value=sp|P46087|NOP2_HUMAN,0,/core/www/modules/match_peptides/blast_html4.php?run_id=110202&search_id=114132&scans_id=110198&peptide_id=43775&scanf=8281&charge=3&value=0,K.TNKDEKDILR.C,/core/www/modules/show_out/show_out_wrapper.php?run_id=110202&search_id=114132&scans_id=110198&peptide_id=43775&scanf=8281&charge=3&value=K.TNKDEKDILR.C,NOP2,2.238e+6,1.857,0.163,0.788,0.009
8296,3,"  3.016","  0.413",10/52,/core/www/modules//sdig/index.php?run_id=110202&search_id=114132&scans_id=110198&peptide_id=43790&scanf=8296&charge=3&value=10/52,sp|P38159|RBMX_HUMAN,/core/www/modules//consensus/?run_id=110202&search_id=114132&scans_id=110198&peptide_id=43790&scanf=8296&charge=3&value=sp|P38159|RBMX_HUMAN,4,/core/www/modules/match_peptides/blast_html4.php?run_id=110202&search_id=114132&scans_id=110198&peptide_id=43790&scanf=8296&charge=3&value=4,R.DRDYSDHPSGGSYR.D,/core/www/modules/show_out/show_out_wrapper.php?run_id=110202&search_id=114132&scans_id=110198&peptide_id=43790&scanf=8296&charge=3&value=R.DRDYSDHPSGGSYR.D,RBMX,6.584e+7,2.663,0.012,1.912,0.000
8301,2,"  2.289","  0.397",10/12,/core/www/modules//sdig/index.php?run_id=110202&search_id=114132&scans_id=110198&peptide_id=43794&scanf=8301&charge=2&value=10/12,sp|Q9ULV4|COR1C_HUMAN,/core/www/modules//consensus/?run_id=110202&search_id=114132&scans_id=110198&peptide_id=43794&scanf=8301&charge=2&value=sp|Q9ULV4|COR1C_HUMAN,2,/core/www/modules/match_peptides/blast_html4.php?run_id=110202&search_id=114132&scans_id=110198&peptide_id=43794&scanf=8301&charge=2&value=2,K.HGYIPGK.N,/core/www/modules/show_out/show_out_wrapper.php?run_id=110202&search_id=114132&scans_id=110198&peptide_id=43794&scanf=8301&charge=2&value=K.HGYIPGK.N,CORO1C,1.019e+7,3.388,0.001,2.983,0.000
8302,2,"  1.924","  0.206",9/16,/core/www/modules//sdig/index.php?run_id=110202&search_id=114132&scans_id=110198&peptide_id=43795&scanf=8302&charge=2&value=9/16,sp|P38646|GRP75_HUMAN,/core/www/modules//consensus/?run_id=110202&search_id=114132&scans_id=110198&peptide_id=43795&scanf=8302&charge=2&value=sp|P38646|GRP75_HUMAN,6,/core/www/modules/match_peptides/blast_html4.php?run_id=110202&search_id=114132&scans_id=110198&peptide_id=43795&scanf=8302&charge=2&value=6,K.VLENAEGAR.T,/core/www/modules/show_out/show_out_wrapper.php?run_id=110202&search_id=114132&scans_id=110198&peptide_id=43795&scanf=8302&charge=2&value=K.VLENAEGAR.T,HSPA9,3.106e+6,2.220,0.053,1.274,0.002
8325,2,"  1.420","  0.156",7/14,/core/www/modules//sdig/index.php?run_id=110202&search_id=114132&scans_id=110198&peptide_id=43817&scanf=8325&charge=2&value=7/14,sp|P07814|SYEP_HUMAN,/core/www/modules//consensus/?run_id=110202&search_id=114132&scans_id=110198&peptide_id=43817&scanf=8325&charge=2&value=sp|P07814|SYEP_HUMAN,6,/core/www/modules/match_peptides/blast_html4.php?run_id=110202&search_id=114132&scans_id=110198&peptide_id=43817&scanf=8325&charge=2&value=6,R.FDDTNPEK.E,/core/www/modules/show_out/show_out_wrapper.php?run_id=110202&search_id=114132&scans_id=110198&peptide_id=43817&scanf=8325&charge=2&value=R.FDDTNPEK.E,EPRS1,1.161e+6,1.954,0.123,0.911,0.006
8332,3,"  2.608","  0.308",12/48,/core/www/modules//sdig/index.php?run_id=110202&search_id=114132&scans_id=110198&peptide_id=43824&scanf=8332&charge=3&value=12/48,sp|P51531|SMCA2_HUMAN,/core/www/modules//consensus/?run_id=110202&search_id=114132&scans_id=110198&peptide_id=43824&scanf=8332&charge=3&value=sp|P51531|SMCA2_HUMAN,22,/core/www/modules/match_peptides/blast_html4.php?run_id=110202&search_id=114132&scans_id=110198&peptide_id=43824&scanf=8332&charge=3&value=22,R.NVDKDPAKEDVEK.A,/core/www/modules/show_out/show_out_wrapper.php?run_id=110202&search_id=114132&scans_id=110198&peptide_id=43824&scanf=8332&charge=3&value=R.NVDKDPAKEDVEK.A,SMARCA2,4.160e+6,2.148,0.067,1.173,0.002
8338,2,"  2.048","  0.180",8/12,/core/www/modules//sdig/index.php?run_id=110202&search_id=114132&scans_id=110198&peptide_id=43830&scanf=8338&charge=2&value=8/12,sp|Q12824|SNF5_HUMAN,/core/www/modules//consensus/?run_id=110202&search_id=114132&scans_id=110198&peptide_id=43830&scanf=8338&charge=2&value=sp|Q12824|SNF5_HUMAN,9,/core/www/modules/match_peptides/blast_html4.php?run_id=110202&search_id=114132&scans_id=110198&peptide_id=43830&scanf=8338&charge=2&value=9,R.LATVEER.K,/core/www/modules/show_out/show_out_wrapper.php?run_id=110202&search_id=114132&scans_id=110198&peptide_id=43830&scanf=8338&charge=2&value=R.LATVEER.K,SMARCB1,5.296e+6,2.387,0.031,1.511,0.001
8363,2,"  2.108","  0.257",10/12,/core/www/modules//sdig/index.php?run_id=110202&search_id=114132&scans_id=110198&peptide_id=43853&scanf=8363&charge=2&value=10/12,sp|P18077|RL35A_HUMAN,/core/www/modules//consensus/?run_id=110202&search_id=114132&scans_id=110198&peptide_id=43853&scanf=8363&charge=2&value=sp|P18077|RL35A_HUMAN,3,/core/www/modules/match_peptides/blast_html4.php?run_id=110202&search_id=114132&scans_id=110198&peptide_id=43853&scanf=8363&charge=2&value=3,R.EHTALLK.I,/core/www/modules/show_out/show_out_wrapper.php?run_id=110202&search_id=114132&scans_id=110198&peptide_id=43853&scanf=8363&charge=2&value=R.EHTALLK.I,RPL35A,1.632e+7,2.891,0.006,2.247,0.000
8365,2,"  1.876","  0.254",9/14,/core/www/modules//sdig/index.php?run_id=110202&search_id=114132&scans_id=110198&peptide_id=43855&scanf=8365&charge=2&value=9/14,sp|Q92499|DDX1_HUMAN,/core/www/modules//consensus/?run_id=110202&search_id=114132&scans_id=110198&peptide_id=43855&scanf=8365&charge=2&value=sp|Q92499|DDX1_HUMAN,9,/core/www/modules/match_peptides/blast_html4.php?run_id=110202&search_id=114132&scans_id=110198&peptide_id=43855&scanf=8365&charge=2&value=9,K.TGASVLNK.W,/core/www/modules/show_out/show_out_wrapper.php?run_id=110202&search_id=114132&scans_id=110198&peptide_id=43855&scanf=8365&charge=2&value=K.TGASVLNK.W,DDX1,3.004e+7,2.577,0.016,1.786,0.000
8393,2,"  1.859","  0.287",9/16,/core/www/modules//sdig/index.php?run_id=110202&search_id=114132&scans_id=110198&peptide_id=43882&scanf=8393&charge=2&value=9/16,sp|P46100|ATRX_HUMAN,/core/www/modules//consensus/?run_id=110202&search_id=114132&scans_id=110198&peptide_id=43882&scanf=8393&charge=2&value=sp|P46100|ATRX_HUMAN,1,/core/www/modules/match_peptides/blast_html4.php?run_id=110202&search_id=114132&scans_id=110198&peptide_id=43882&scanf=8393&charge=2&value=1,R.VVDQQQVER.H,/core/www/modules/show_out/show_out_wrapper.php?run_id=110202&search_id=114132&scans_id=110198&peptide_id=43882&scanf=8393&charge=2&value=R.VVDQQQVER.H,ATRX,1.343e+6,2.483,0.022,1.650,0.001
8405,3,"  3.034","  0.463",14/40,/core/www/modules//sdig/index.php?run_id=110202&search_id=114132&scans_id=110198&peptide_id=43893&scanf=8405&charge=3&value=14/40,sp|P60709|ACTB_HUMAN,/core/www/modules//consensus/?run_id=110202&search_id=114132&scans_id=110198&peptide_id=43893&scanf=8405&charge=3&value=sp|P60709|ACTB_HUMAN,26,/core/www/modules/match_peptides/blast_html4.php?run_id=110202&search_id=114132&scans_id=110198&peptide_id=43893&scanf=8405&charge=3&value=26,R.HQGVMVGM*GQK.D,/core/www/modules/show_out/show_out_wrapper.php?run_id=110202&search_id=114132&scans_id=110198&peptide_id=43893&scanf=8405&charge=3&value=R.HQGVMVGM*GQK.D,ACTB,1.149e+8,4.140,0.000,4.098,0.000
8413,2,"  1.760","  0.260",8/16,/core/www/modules//sdig/index.php?run_id=110202&search_id=114132&scans_id=110198&peptide_id=43901&scanf=8413&charge=2&value=8/16,sp|P02545|LMNA_HUMAN,/core/www/modules//consensus/?run_id=110202&search_id=114132&scans_id=110198&peptide_id=43901&scanf=8413&charge=2&value=sp|P02545|LMNA_HUMAN,5,/core/www/modules/match_peptides/blast_html4.php?run_id=110202&search_id=114132&scans_id=110198&peptide_id=43901&scanf=8413&charge=2&value=5,R.LSPSPTSQR.S,/core/www/modules/show_out/show_out_wrapper.php?run_id=110202&search_id=114132&scans_id=110198&peptide_id=43901&scanf=8413&charge=2&value=R.LSPSPTSQR.S,LMNA,1.387e+7,2.452,0.025,1.604,0.001
8426,2,"  2.616","  0.504",10/16,/core/www/modules//sdig/index.php?run_id=110202&search_id=114132&scans_id=110198&peptide_id=43913&scanf=8426&charge=2&value=10/16,sp|P08670|VIME_HUMAN,/core/www/modules//consensus/?run_id=110202&search_id=114132&scans_id=110198&peptide_id=43913&scanf=8426&charge=2&value=sp|P08670|VIME_HUMAN,2,/core/www/modules/match_peptides/blast_html4.php?run_id=110202&search_id=114132&scans_id=110198&peptide_id=43913&scanf=8426&charge=2&value=2,R.QQYESVAAK.N,/core/www/modules/show_out/show_out_wrapper.php?run_id=110202&search_id=114132&scans_id=110198&peptide_id=43913&scanf=8426&charge=2&value=R.QQYESVAAK.N,VIM,1.538e+8,3.841,0.000,3.654,0.000
8435,2,"  1.764","  0.333",8/22,/core/www/modules//sdig/index.php?run_id=110202&search_id=114132&scans_id=110198&peptide_id=43922&scanf=8435&charge=2&value=8/22,sp|P12270|TPR_HUMAN,/core/www/modules//consensus/?run_id=110202&search_id=114132&scans_id=110198&peptide_id=43922&scanf=8435&charge=2&value=sp|P12270|TPR_HUMAN,0,/core/www/modules/match_peptides/blast_html4.php?run_id=110202&search_id=114132&scans_id=110198&peptide_id=43922&scanf=8435&charge=2&value=0,R.ASTALSNEQQAR.R,/core/www/modules/show_out/show_out_wrapper.php?run_id=110202&search_id=114132&scans_id=110198&peptide_id=43922&scanf=8435&charge=2&value=R.ASTALSNEQQAR.R,TPR,1.118e+6,2.138,0.069,1.160,0.002
8437,2,"  2.034","  0.266",9/14,/core/www/modules//sdig/index.php?run_id=110202&search_id=114132&scans_id=110198&peptide_id=43924&scanf=8437&charge=2&value=9/14,sp|Q9BQ39|DDX50_HUMAN,/core/www/modules//consensus/?run_id=110202&search_id=114132&scans_id=110198&peptide_id=43924&scanf=8437&charge=2&value=sp|Q9BQ39|DDX50_HUMAN,0,/core/www/modules/match_peptides/blast_html4.php?run_id=110202&search_id=114132&scans_id=110198&peptide_id=43924&scanf=8437&charge=2&value=0,R.ELANQVAK.D,/core/www/modules/show_out/show_out_wrapper.php?run_id=110202&search_id=114132&scans_id=110198&peptide_id=43924&scanf=8437&charge=2&value=R.ELANQVAK.D,DDX50,2.959e+6,2.618,0.014,1.846,0.000
8443,2,"  1.674","  0.122",7/12,/core/www/modules//sdig/index.php?run_id=110202&search_id=114132&scans_id=110198&peptide_id=43930&scanf=8443&charge=2&value=7/12,sp|Q12824|SNF5_HUMAN,/core/www/modules//consensus/?run_id=110202&search_id=114132&scans_id=110198&peptide_id=43930&scanf=8443&charge=2&value=sp|Q12824|SNF5_HUMAN,9,/core/www/modules/match_peptides/blast_html4.php?run_id=110202&search_id=114132&scans_id=110198&peptide_id=43930&scanf=8443&charge=2&value=9,R.LATVEER.K,/core/www/modules/show_out/show_out_wrapper.php?run_id=110202&search_id=114132&scans_id=110198&peptide_id=43930&scanf=8443&charge=2&value=R.LATVEER.K,SMARCB1,5.296e+6,2.070,0.086,1.066,0.004
8456,2,"  2.181","  0.488",11/22,/core/www/modules//sdig/index.php?run_id=110202&search_id=114132&scans_id=110198&peptide_id=43942&scanf=8456&charge=2&value=11/22,sp|Q6ZN17|LN28B_HUMAN,/core/www/modules//consensus/?run_id=110202&search_id=114132&scans_id=110198&peptide_id=43942&scanf=8456&charge=2&value=sp|Q6ZN17|LN28B_HUMAN,2,/core/www/modules/match_peptides/blast_html4.php?run_id=110202&search_id=114132&scans_id=110198&peptide_id=43942&scanf=8456&charge=2&value=2,K.NVAQPPASSQGR.Q,/core/www/modules/show_out/show_out_wrapper.php?run_id=110202&search_id=114132&scans_id=110198&peptide_id=43942&scanf=8456&charge=2&value=K.NVAQPPASSQGR.Q,LIN28B,3.596e+6,2.982,0.004,2.382,0.000
8469,2,"  2.092","  0.370",8/14,/core/www/modules//sdig/index.php?run_id=110202&search_id=114132&scans_id=110198&peptide_id=43954&scanf=8469&charge=2&value=8/14,sp|P63104|1433Z_HUMAN,/core/www/modules//consensus/?run_id=110202&search_id=114132&scans_id=110198&peptide_id=43954&scanf=8469&charge=2&value=sp|P63104|1433Z_HUMAN,5,/core/www/modules/match_peptides/blast_html4.php?run_id=110202&search_id=114132&scans_id=110198&peptide_id=43954&scanf=8469&charge=2&value=5,R.VVSSIEQK.T,/core/www/modules/show_out/show_out_wrapper.php?run_id=110202&search_id=114132&scans_id=110198&peptide_id=43954&scanf=8469&charge=2&value=R.VVSSIEQK.T,YWHAZ,8.200e+6,2.791,0.008,2.100,0.000
8471,2,"  2.240","  0.491",9/16,/core/www/modules//sdig/index.php?run_id=110202&search_id=114132&scans_id=110198&peptide_id=43956&scanf=8471&charge=2&value=9/16,sp|P43358|MAGA4_HUMAN,/core/www/modules//consensus/?run_id=110202&search_id=114132&scans_id=110198&peptide_id=43956&scanf=8471&charge=2&value=sp|P43358|MAGA4_HUMAN,0,/core/www/modules/match_peptides/blast_html4.php?run_id=110202&search_id=114132&scans_id=110198&peptide_id=43956&scanf=8471&charge=2&value=0,R.EHTVYGEPR.K,/core/www/modules/show_out/show_out_wrapper.php?run_id=110202&search_id=114132&scans_id=110198&peptide_id=43956&scanf=8471&charge=2&value=R.EHTVYGEPR.K,MAGEA4,2.173e+6,3.200,0.002,2.703,0.000
8480,3,"  2.036","  0.329",9/44,/core/www/modules//sdig/index.php?run_id=110202&search_id=114132&scans_id=110198&peptide_id=43965&scanf=8480&charge=3&value=9/44,sp|Q14151|SAFB2_HUMAN,/core/www/modules//consensus/?run_id=110202&search_id=114132&scans_id=110198&peptide_id=43965&scanf=8480&charge=3&value=sp|Q14151|SAFB2_HUMAN,0,/core/www/modules/match_peptides/blast_html4.php?run_id=110202&search_id=114132&scans_id=110198&peptide_id=43965&scanf=8480&charge=3&value=0,R.DRGQYQDHAIDR.R,/core/www/modules/show_out/show_out_wrapper.php?run_id=110202&search_id=114132&scans_id=110198&peptide_id=43965&scanf=8480&charge=3&value=R.DRGQYQDHAIDR.R,SAFB2,1.893e+6,2.272,0.045,1.346,0.002
8490,2,"  1.956","  0.315",9/18,/core/www/modules//sdig/index.php?run_id=110202&search_id=114132&scans_id=110198&peptide_id=43974&scanf=8490&charge=2&value=9/18,sp|Q15185|TEBP_HUMAN,/core/www/modules//consensus/?run_id=110202&search_id=114132&scans_id=110198&peptide_id=43974&scanf=8490&charge=2&value=sp|Q15185|TEBP_HUMAN,2,/core/www/modules/match_peptides/blast_html4.php?run_id=110202&search_id=114132&scans_id=110198&peptide_id=43974&scanf=8490&charge=2&value=2,R.KGESGQSWPR.L,/core/www/modules/show_out/show_out_wrapper.php?run_id=110202&search_id=114132&scans_id=110198&peptide_id=43974&scanf=8490&charge=2&value=R.KGESGQSWPR.L,PTGES3,4.255e+6,2.196,0.058,1.240,0.002
8516,3,"  1.922","  0.214",10/44,/core/www/modules//sdig/index.php?run_id=110202&search_id=114132&scans_id=110198&peptide_id=43999&scanf=8516&charge=3&value=10/44,sp|Q9H116|GZF1_HUMAN,/core/www/modules//consensus/?run_id=110202&search_id=114132&scans_id=110198&peptide_id=43999&scanf=8516&charge=3&value=sp|Q9H116|GZF1_HUMAN,0,/core/www/modules/match_peptides/blast_html4.php?run_id=110202&search_id=114132&scans_id=110198&peptide_id=43999&scanf=8516&charge=3&value=0,R.HVLQVHEGGGER.H,/core/www/modules/show_out/show_out_wrapper.php?run_id=110202&search_id=114132&scans_id=110198&peptide_id=43999&scanf=8516&charge=3&value=R.HVLQVHEGGGER.H,GZF1,7.401e+5,2.105,0.077,1.114,0.003
8533,2,"  1.469","  0.260",6/12,/core/www/modules//sdig/index.php?run_id=110202&search_id=114132&scans_id=110198&peptide_id=44015&scanf=8533&charge=2&value=6/12,sp|Q9P2K5|MYEF2_HUMAN,/core/www/modules//consensus/?run_id=110202&search_id=114132&scans_id=110198&peptide_id=44015&scanf=8533&charge=2&value=sp|Q9P2K5|MYEF2_HUMAN,6,/core/www/modules/match_peptides/blast_html4.php?run_id=110202&search_id=114132&scans_id=110198&peptide_id=44015&scanf=8533&charge=2&value=6,R.MSSSFDR.M,/core/www/modules/show_out/show_out_wrapper.php?run_id=110202&search_id=114132&scans_id=110198&peptide_id=44015&scanf=8533&charge=2&value=R.MSSSFDR.M,MYEF2,1.769e+6,2.397,0.030,1.525,0.001
8534,2,"  1.667","  0.168",6/14,/core/www/modules//sdig/index.php?run_id=110202&search_id=114132&scans_id=110198&peptide_id=44016&scanf=8534&charge=2&value=6/14,sp|P62899|RL31_HUMAN,/core/www/modules//consensus/?run_id=110202&search_id=114132&scans_id=110198&peptide_id=44016&scanf=8534&charge=2&value=sp|P62899|RL31_HUMAN,5,/core/www/modules/match_peptides/blast_html4.php?run_id=110202&search_id=114132&scans_id=110198&peptide_id=44016&scanf=8534&charge=2&value=5,K.EM*GTPDVR.I,/core/www/modules/show_out/show_out_wrapper.php?run_id=110202&search_id=114132&scans_id=110198&peptide_id=44016&scanf=8534&charge=2&value=K.EM*GTPDVR.I,RPL31,1.671e+6,1.926,0.133,0.876,0.007
8536,2,"  2.133","  0.273",10/16,/core/www/modules//sdig/index.php?run_id=110202&search_id=114132&scans_id=110198&peptide_id=44018&scanf=8536&charge=2&value=10/16,sp|P12270|TPR_HUMAN,/core/www/modules//consensus/?run_id=110202&search_id=114132&scans_id=110198&peptide_id=44018&scanf=8536&charge=2&value=sp|P12270|TPR_HUMAN,0,/core/www/modules/match_peptides/blast_html4.php?run_id=110202&search_id=114132&scans_id=110198&peptide_id=44018&scanf=8536&charge=2&value=0,K.KLENEVEQR.H,/core/www/modules/show_out/show_out_wrapper.php?run_id=110202&search_id=114132&scans_id=110198&peptide_id=44018&scanf=8536&charge=2&value=K.KLENEVEQR.H,TPR,6.739e+5,2.292,0.042,1.375,0.001
8544,3,"  2.631","  0.283",9/44,/core/www/modules//sdig/index.php?run_id=110202&search_id=114132&scans_id=110198&peptide_id=44026&scanf=8544&charge=3&value=9/44,sp|Q06787|FMR1_HUMAN,/core/www/modules//consensus/?run_id=110202&search_id=114132&scans_id=110198&peptide_id=44026&scanf=8544&charge=3&value=sp|Q06787|FMR1_HUMAN,12,/core/www/modules/match_peptides/blast_html4.php?run_id=110202&search_id=114132&scans_id=110198&peptide_id=44026&scanf=8544&charge=3&value=12,R.QIGASSRPPPNR.T,/core/www/modules/show_out/show_out_wrapper.php?run_id=110202&search_id=114132&scans_id=110198&peptide_id=44026&scanf=8544&charge=3&value=R.QIGASSRPPPNR.T,FMR1,1.724e+6,2.380,0.032,1.500,0.001
8545,2,"  2.337","  0.452",9/24,/core/www/modules//sdig/index.php?run_id=110202&search_id=114132&scans_id=110198&peptide_id=44027&scanf=8545&charge=2&value=9/24,sp|Q9Y2W1|TR150_HUMAN,/core/www/modules//consensus/?run_id=110202&search_id=114132&scans_id=110198&peptide_id=44027&scanf=8545&charge=2&value=sp|Q9Y2W1|TR150_HUMAN,1,/core/www/modules/match_peptides/blast_html4.php?run_id=110202&search_id=114132&scans_id=110198&peptide_id=44027&scanf=8545&charge=2&value=1,K.EQTFSGGTSQDTK.A,/core/www/modules/show_out/show_out_wrapper.php?run_id=110202&search_id=114132&scans_id=110198&peptide_id=44027&scanf=8545&charge=2&value=K.EQTFSGGTSQDTK.A,THRAP3,2.272e+6,2.702,0.011,1.970,0.000
8553,2,"  2.723","  0.068",11/18,/core/www/modules//sdig/index.php?run_id=110202&search_id=114132&scans_id=110198&peptide_id=44034&scanf=8553&charge=2&value=11/18,sp|P07900|HS90A_HUMAN,/core/www/modules//consensus/?run_id=110202&search_id=114132&scans_id=110198&peptide_id=44034&scanf=8553&charge=2&value=sp|P07900|HS90A_HUMAN,0,/core/www/modules/match_peptides/blast_html4.php?run_id=110202&search_id=114132&scans_id=110198&peptide_id=44034&scanf=8553&charge=2&value=0,K.LGIHEDSQNR.K,/core/www/modules/show_out/show_out_wrapper.php?run_id=110202&search_id=114132&scans_id=110198&peptide_id=44034&scanf=8553&charge=2&value=K.LGIHEDSQNR.K,HSP90AA1,2.810e+8,1.826,0.178,0.750,0.010
8560,2,"  3.454","  0.524",15/28,/core/www/modules//sdig/index.php?run_id=110202&search_id=114132&scans_id=110198&peptide_id=44041&scanf=8560&charge=2&value=15/28,sp|Q8WVV9|HNRLL_HUMAN,/core/www/modules//consensus/?run_id=110202&search_id=114132&scans_id=110198&peptide_id=44041&scanf=8560&charge=2&value=sp|Q8WVV9|HNRLL_HUMAN,5,/core/www/modules/match_peptides/blast_html4.php?run_id=110202&search_id=114132&scans_id=110198&peptide_id=44041&scanf=8560&charge=2&value=5,R.ITRPGNTDDPSGGNK.V,/core/www/modules/show_out/show_out_wrapper.php?run_id=110202&search_id=114132&scans_id=110198&peptide_id=44041&scanf=8560&charge=2&value=R.ITRPGNTDDPSGGNK.V,HNRNPLL,1.003e+6,3.135,0.002,2.608,0.000
8561,2,"  3.121","  0.729",17/22,/core/www/modules//sdig/index.php?run_id=110202&search_id=114132&scans_id=110198&peptide_id=44042&scanf=8561&charge=2&value=17/22,sp|Q12873|CHD3_HUMAN,/core/www/modules//consensus/?run_id=110202&search_id=114132&scans_id=110198&peptide_id=44042&scanf=8561&charge=2&value=sp|Q12873|CHD3_HUMAN,25,/core/www/modules/match_peptides/blast_html4.php?run_id=110202&search_id=114132&scans_id=110198&peptide_id=44042&scanf=8561&charge=2&value=25,R.HHYEQQQEDLAR.N,/core/www/modules/show_out/show_out_wrapper.php?run_id=110202&search_id=114132&scans_id=110198&peptide_id=44042&scanf=8561&charge=2&value=R.HHYEQQQEDLAR.N,CHD3,1.277e+6,4.212,0.000,4.203,0.000
8562,3,"  2.486","  0.349",6/52,/core/www/modules//sdig/index.php?run_id=110202&search_id=114132&scans_id=110198&peptide_id=44043&scanf=8562&charge=3&value=6/52,sp|Q07666|KHDR1_HUMAN,/core/www/modules//consensus/?run_id=110202&search_id=114132&scans_id=110198&peptide_id=44043&scanf=8562&charge=3&value=sp|Q07666|KHDR1_HUMAN,0,/core/www/modules/match_peptides/blast_html4.php?run_id=110202&search_id=114132&scans_id=110198&peptide_id=44043&scanf=8562&charge=3&value=0,R.SGSM*DPSGAHPSVR.Q,/core/www/modules/show_out/show_out_wrapper.php?run_id=110202&search_id=114132&scans_id=110198&peptide_id=44043&scanf=8562&charge=3&value=R.SGSM*DPSGAHPSVR.Q,KHDRBS1,1.877e+6,2.379,0.032,1.499,0.001
8571,2,"  2.119","  0.357",11/22,/core/www/modules//sdig/index.php?run_id=110202&search_id=114132&scans_id=110198&peptide_id=44052&scanf=8571&charge=2&value=11/22,sp|Q13155|AIMP2_HUMAN,/core/www/modules//consensus/?run_id=110202&search_id=114132&scans_id=110198&peptide_id=44052&scanf=8571&charge=2&value=sp|Q13155|AIMP2_HUMAN,1,/core/www/modules/match_peptides/blast_html4.php?run_id=110202&search_id=114132&scans_id=110198&peptide_id=44052&scanf=8571&charge=2&value=1,R.VLSTVHTHSSVK.S,/core/www/modules/show_out/show_out_wrapper.php?run_id=110202&search_id=114132&scans_id=110198&peptide_id=44052&scanf=8571&charge=2&value=R.VLSTVHTHSSVK.S,AIMP2,9.090e+5,2.521,0.020,1.705,0.000
8575,3,"  3.121","  0.330",11/44,/core/www/modules//sdig/index.php?run_id=110202&search_id=114132&scans_id=110198&peptide_id=44055&scanf=8575&charge=3&value=11/44,sp|Q06787|FMR1_HUMAN,/core/www/modules//consensus/?run_id=110202&search_id=114132&scans_id=110198&peptide_id=44055&scanf=8575&charge=3&value=sp|Q06787|FMR1_HUMAN,12,/core/www/modules/match_peptides/blast_html4.php?run_id=110202&search_id=114132&scans_id=110198&peptide_id=44055&scanf=8575&charge=3&value=12,R.QIGASSRPPPNR.T,/core/www/modules/show_out/show_out_wrapper.php?run_id=110202&search_id=114132&scans_id=110198&peptide_id=44055&scanf=8575&charge=3&value=R.QIGASSRPPPNR.T,FMR1,1.724e+6,2.630,0.014,1.863,0.000
8576,2,"  2.407","  0.691",13/22,/core/www/modules//sdig/index.php?run_id=110202&search_id=114132&scans_id=110198&peptide_id=44056&scanf=8576&charge=2&value=13/22,sp|P60709|ACTB_HUMAN,/core/www/modules//consensus/?run_id=110202&search_id=114132&scans_id=110198&peptide_id=44056&scanf=8576&charge=2&value=sp|P60709|ACTB_HUMAN,27,/core/www/modules/match_peptides/blast_html4.php?run_id=110202&search_id=114132&scans_id=110198&peptide_id=44056&scanf=8576&charge=2&value=27,K.DSYVGDEAQSKR.G,/core/www/modules/show_out/show_out_wrapper.php?run_id=110202&search_id=114132&scans_id=110198&peptide_id=44056&scanf=8576&charge=2&value=K.DSYVGDEAQSKR.G,ACTB,5.538e+6,4.043,0.000,3.954,0.000
8578,2,"  2.323","  0.481",10/16,/core/www/modules//sdig/index.php?run_id=110202&search_id=114132&scans_id=110198&peptide_id=44058&scanf=8578&charge=2&value=10/16,sp|P08670|VIME_HUMAN,/core/www/modules//consensus/?run_id=110202&search_id=114132&scans_id=110198&peptide_id=44058&scanf=8578&charge=2&value=sp|P08670|VIME_HUMAN,2,/core/www/modules/match_peptides/blast_html4.php?run_id=110202&search_id=114132&scans_id=110198&peptide_id=44058&scanf=8578&charge=2&value=2,R.QQYESVAAK.N,/core/www/modules/show_out/show_out_wrapper.php?run_id=110202&search_id=114132&scans_id=110198&peptide_id=44058&scanf=8578&charge=2&value=R.QQYESVAAK.N,VIM,1.538e+8,3.748,0.000,3.516,0.000
8579,2,"  1.791","  0.212",9/16,/core/www/modules//sdig/index.php?run_id=110202&search_id=114132&scans_id=110198&peptide_id=44059&scanf=8579&charge=2&value=9/16,sp|P53396|ACLY_HUMAN,/core/www/modules//consensus/?run_id=110202&search_id=114132&scans_id=110198&peptide_id=44059&scanf=8579&charge=2&value=sp|P53396|ACLY_HUMAN,1,/core/www/modules/match_peptides/blast_html4.php?run_id=110202&search_id=114132&scans_id=110198&peptide_id=44059&scanf=8579&charge=2&value=1,R.LGQEATVGK.A,/core/www/modules/show_out/show_out_wrapper.php?run_id=110202&search_id=114132&scans_id=110198&peptide_id=44059&scanf=8579&charge=2&value=R.LGQEATVGK.A,ACLY,1.165e+6,2.265,0.046,1.336,0.002
8580,3,"  2.191","  0.378",13/56,/core/www/modules//sdig/index.php?run_id=110202&search_id=114132&scans_id=110198&peptide_id=44060&scanf=8580&charge=3&value=13/56,sp|O43491|E41L2_HUMAN,/core/www/modules//consensus/?run_id=110202&search_id=114132&scans_id=110198&peptide_id=44060&scanf=8580&charge=3&value=sp|O43491|E41L2_HUMAN,4,/core/www/modules/match_peptides/blast_html4.php?run_id=110202&search_id=114132&scans_id=110198&peptide_id=44060&scanf=8580&charge=3&value=4,K.VKETQEDKLEGGAAK.R,/core/www/modules/show_out/show_out_wrapper.php?run_id=110202&search_id=114132&scans_id=110198&peptide_id=44060&scanf=8580&charge=3&value=K.VKETQEDKLEGGAAK.R,EPB41L2,1.197e+6,2.023,0.099,1.002,0.005
8589,2,"  2.113","  0.350",8/16,/core/www/modules//sdig/index.php?run_id=110202&search_id=114132&scans_id=110198&peptide_id=44069&scanf=8589&charge=2&value=8/16,sp|P08708|RS17_HUMAN,/core/www/modules//consensus/?run_id=110202&search_id=114132&scans_id=110198&peptide_id=44069&scanf=8589&charge=2&value=sp|P08708|RS17_HUMAN,5,/core/www/modules/match_peptides/blast_html4.php?run_id=110202&search_id=114132&scans_id=110198&peptide_id=44069&scanf=8589&charge=2&value=5,R.LGNDFHTNK.R,/core/www/modules/show_out/show_out_wrapper.php?run_id=110202&search_id=114132&scans_id=110198&peptide_id=44069&scanf=8589&charge=2&value=R.LGNDFHTNK.R,RPS17,3.234e+6,2.612,0.015,1.838,0.000
8594,2,"  2.787","  0.304",11/16,/core/www/modules//sdig/index.php?run_id=110202&search_id=114132&scans_id=110198&peptide_id=44073&scanf=8594&charge=2&value=11/16,sp|P14625|ENPL_HUMAN,/core/www/modules//consensus/?run_id=110202&search_id=114132&scans_id=110198&peptide_id=44073&scanf=8594&charge=2&value=sp|P14625|ENPL_HUMAN,4,/core/www/modules/match_peptides/blast_html4.php?run_id=110202&search_id=114132&scans_id=110198&peptide_id=44073&scanf=8594&charge=2&value=4,K.ESTAEKDEL.-,/core/www/modules/show_out/show_out_wrapper.php?run_id=110202&search_id=114132&scans_id=110198&peptide_id=44073&scanf=8594&charge=2&value=K.ESTAEKDEL.-,HSP90B1,9.076e+6,2.534,0.019,1.724,0.000
8595,2,"  2.403","  0.114",11/18,/core/www/modules//sdig/index.php?run_id=110202&search_id=114132&scans_id=110198&peptide_id=44074&scanf=8595&charge=2&value=11/18,sp|P07900|HS90A_HUMAN,/core/www/modules//consensus/?run_id=110202&search_id=114132&scans_id=110198&peptide_id=44074&scanf=8595&charge=2&value=sp|P07900|HS90A_HUMAN,0,/core/www/modules/match_peptides/blast_html4.php?run_id=110202&search_id=114132&scans_id=110198&peptide_id=44074&scanf=8595&charge=2&value=0,K.LGIHEDSQNR.K,/core/www/modules/show_out/show_out_wrapper.php?run_id=110202&search_id=114132&scans_id=110198&peptide_id=44074&scanf=8595&charge=2&value=K.LGIHEDSQNR.K,HSP90AA1,7.206e+6,2.141,0.069,1.163,0.002
8596,3,"  2.168","  0.322",14/44,/core/www/modules//sdig/index.php?run_id=110202&search_id=114132&scans_id=110198&peptide_id=44075&scanf=8596&charge=3&value=14/44,sp|Q12873|CHD3_HUMAN,/core/www/modules//consensus/?run_id=110202&search_id=114132&scans_id=110198&peptide_id=44075&scanf=8596&charge=3&value=sp|Q12873|CHD3_HUMAN,25,/core/www/modules/match_peptides/blast_html4.php?run_id=110202&search_id=114132&scans_id=110198&peptide_id=44075&scanf=8596&charge=3&value=25,R.HHYEQQQEDLAR.N,/core/www/modules/show_out/show_out_wrapper.php?run_id=110202&search_id=114132&scans_id=110198&peptide_id=44075&scanf=8596&charge=3&value=R.HHYEQQQEDLAR.N,CHD3,6.494e+6,2.676,0.012,1.931,0.000
8598,3,"  2.614","  0.391",14/36,/core/www/modules//sdig/index.php?run_id=110202&search_id=114132&scans_id=110198&peptide_id=44077&scanf=8598&charge=3&value=14/36,sp|P13804|ETFA_HUMAN,/core/www/modules//consensus/?run_id=110202&search_id=114132&scans_id=110198&peptide_id=44077&scanf=8598&charge=3&value=sp|P13804|ETFA_HUMAN,12,/core/www/modules/match_peptides/blast_html4.php?run_id=110202&search_id=114132&scans_id=110198&peptide_id=44077&scanf=8598&charge=3&value=12,K.SDRPELTGAK.V,/core/www/modules/show_out/show_out_wrapper.php?run_id=110202&search_id=114132&scans_id=110198&peptide_id=44077&scanf=8598&charge=3&value=K.SDRPELTGAK.V,ETFA,4.375e+6,3.034,0.003,2.459,0.000
8599,2,"  1.930","  0.271",8/14,/core/www/modules//sdig/index.php?run_id=110202&search_id=114132&scans_id=110198&peptide_id=44078&scanf=8599&charge=2&value=8/14,sp|Q9NQ29|LUC7L_HUMAN,/core/www/modules//consensus/?run_id=110202&search_id=114132&scans_id=110198&peptide_id=44078&scanf=8599&charge=2&value=sp|Q9NQ29|LUC7L_HUMAN,4,/core/www/modules/match_peptides/blast_html4.php?run_id=110202&search_id=114132&scans_id=110198&peptide_id=44078&scanf=8599&charge=2&value=4,R.LADHFGGK.L,/core/www/modules/show_out/show_out_wrapper.php?run_id=110202&search_id=114132&scans_id=110198&peptide_id=44078&scanf=8599&charge=2&value=R.LADHFGGK.L,LUC7L,3.526e+6,2.495,0.022,1.667,0.001
8600,3,"  2.484","  0.090",10/36,/core/www/modules//sdig/index.php?run_id=110202&search_id=114132&scans_id=110198&peptide_id=44079&scanf=8600&charge=3&value=10/36,sp|P49915|GUAA_HUMAN,/core/www/modules//consensus/?run_id=110202&search_id=114132&scans_id=110198&peptide_id=44079&scanf=8600&charge=3&value=sp|P49915|GUAA_HUMAN,0,/core/www/modules/match_peptides/blast_html4.php?run_id=110202&search_id=114132&scans_id=110198&peptide_id=44079&scanf=8600&charge=3&value=0,K.THHNDTELIR.K,/core/www/modules/show_out/show_out_wrapper.php?run_id=110202&search_id=114132&scans_id=110198&peptide_id=44079&scanf=8600&charge=3&value=K.THHNDTELIR.K,GMPS,3.874e+7,1.890,0.148,0.830,0.007
8601,2,"  2.517","  0.116",9/12,/core/www/modules//sdig/index.php?run_id=110202&search_id=114132&scans_id=110198&peptide_id=44080&scanf=8601&charge=2&value=9/12,sp|P13639|EF2_HUMAN,/core/www/modules//consensus/?run_id=110202&search_id=114132&scans_id=110198&peptide_id=44080&scanf=8601&charge=2&value=sp|P13639|EF2_HUMAN,0,/core/www/modules/match_peptides/blast_html4.php?run_id=110202&search_id=114132&scans_id=110198&peptide_id=44080&scanf=8601&charge=2&value=0,K.KVEDMMK.K,/core/www/modules/show_out/show_out_wrapper.php?run_id=110202&search_id=114132&scans_id=110198&peptide_id=44080&scanf=8601&charge=2&value=K.KVEDMMK.K,EEF2,4.237e+6,2.101,0.078,1.109,0.003
8602,3,"  3.710","  0.533",16/56,/core/www/modules//sdig/index.php?run_id=110202&search_id=114132&scans_id=110198&peptide_id=44081&scanf=8602&charge=3&value=16/56,sp|Q8WVV9|HNRLL_HUMAN,/core/www/modules//consensus/?run_id=110202&search_id=114132&scans_id=110198&peptide_id=44081&scanf=8602&charge=3&value=sp|Q8WVV9|HNRLL_HUMAN,5,/core/www/modules/match_peptides/blast_html4.php?run_id=110202&search_id=114132&scans_id=110198&peptide_id=44081&scanf=8602&charge=3&value=5,R.ITRPGNTDDPSGGNK.V,/core/www/modules/show_out/show_out_wrapper.php?run_id=110202&search_id=114132&scans_id=110198&peptide_id=44081&scanf=8602&charge=3&value=R.ITRPGNTDDPSGGNK.V,HNRNPLL,3.194e+6,3.204,0.002,2.710,0.000
8615,2,"  2.613","  0.413",10/18,/core/www/modules//sdig/index.php?run_id=110202&search_id=114132&scans_id=110198&peptide_id=44093&scanf=8615&charge=2&value=10/18,sp|Q7KZF4|SND1_HUMAN,/core/www/modules//consensus/?run_id=110202&search_id=114132&scans_id=110198&peptide_id=44093&scanf=8615&charge=2&value=sp|Q7KZF4|SND1_HUMAN,1,/core/www/modules/match_peptides/blast_html4.php?run_id=110202&search_id=114132&scans_id=110198&peptide_id=44093&scanf=8615&charge=2&value=1,R.VADISGDTQK.A,/core/www/modules/show_out/show_out_wrapper.php?run_id=110202&search_id=114132&scans_id=110198&peptide_id=44093&scanf=8615&charge=2&value=R.VADISGDTQK.A,SND1,6.667e+6,2.959,0.004,2.348,0.000
8616,2,"  2.417","  0.344",9/18,/core/www/modules//sdig/index.php?run_id=110202&search_id=114132&scans_id=110198&peptide_id=44094&scanf=8616&charge=2&value=9/18,sp|Q8N9Z2|CC71L_HUMAN,/core/www/modules//consensus/?run_id=110202&search_id=114132&scans_id=110198&peptide_id=44094&scanf=8616&charge=2&value=sp|Q8N9Z2|CC71L_HUMAN,0,/core/www/modules/match_peptides/blast_html4.php?run_id=110202&search_id=114132&scans_id=110198&peptide_id=44094&scanf=8616&charge=2&value=0,R.AEDGAGLEAR.E,/core/www/modules/show_out/show_out_wrapper.php?run_id=110202&search_id=114132&scans_id=110198&peptide_id=44094&scanf=8616&charge=2&value=R.AEDGAGLEAR.E,CCDC71L,2.760e+6,2.537,0.019,1.728,0.000
8625,2,"  2.211","  0.328",12/26,/core/www/modules//sdig/index.php?run_id=110202&search_id=114132&scans_id=110198&peptide_id=44103&scanf=8625&charge=2&value=12/26,sp|Q07666|KHDR1_HUMAN,/core/www/modules//consensus/?run_id=110202&search_id=114132&scans_id=110198&peptide_id=44103&scanf=8625&charge=2&value=sp|Q07666|KHDR1_HUMAN,0,/core/www/modules/match_peptides/blast_html4.php?run_id=110202&search_id=114132&scans_id=110198&peptide_id=44103&scanf=8625&charge=2&value=0,R.SGSM*DPSGAHPSVR.Q,/core/www/modules/show_out/show_out_wrapper.php?run_id=110202&search_id=114132&scans_id=110198&peptide_id=44103&scanf=8625&charge=2&value=R.SGSM*DPSGAHPSVR.Q,KHDRBS1,5.260e+5,2.304,0.041,1.392,0.001
8642,3,"  2.510","  0.323",8/48,/core/www/modules//sdig/index.php?run_id=110202&search_id=114132&scans_id=110198&peptide_id=44119&scanf=8642&charge=3&value=8/48,sp|Q8N0S6|CENPL_HUMAN,/core/www/modules//consensus/?run_id=110202&search_id=114132&scans_id=110198&peptide_id=44119&scanf=8642&charge=3&value=sp|Q8N0S6|CENPL_HUMAN,0,/core/www/modules/match_peptides/blast_html4.php?run_id=110202&search_id=114132&scans_id=110198&peptide_id=44119&scanf=8642&charge=3&value=0,R.VSTSVASAHTDGK.I,/core/www/modules/show_out/show_out_wrapper.php?run_id=110202&search_id=114132&scans_id=110198&peptide_id=44119&scanf=8642&charge=3&value=R.VSTSVASAHTDGK.I,CENPL,6.494e+5,2.362,0.033,1.475,0.001
8644,3,"  1.801","  0.055",9/32,/core/www/modules//sdig/index.php?run_id=110202&search_id=114132&scans_id=110198&peptide_id=44121&scanf=8644&charge=3&value=9/32,sp|O14497|ARI1A_HUMAN,/core/www/modules//consensus/?run_id=110202&search_id=114132&scans_id=110198&peptide_id=44121&scanf=8644&charge=3&value=sp|O14497|ARI1A_HUMAN,2,/core/www/modules/match_peptides/blast_html4.php?run_id=110202&search_id=114132&scans_id=110198&peptide_id=44121&scanf=8644&charge=3&value=2,K.ILEDEPHSK.D,/core/www/modules/show_out/show_out_wrapper.php?run_id=110202&search_id=114132&scans_id=110198&peptide_id=44121&scanf=8644&charge=3&value=K.ILEDEPHSK.D,ARID1A,1.694e+6,1.843,0.170,0.771,0.009
8645,2,"  2.601","  0.485",11/20,/core/www/modules//sdig/index.php?run_id=110202&search_id=114132&scans_id=110198&peptide_id=44122&scanf=8645&charge=2&value=11/20,sp|O60814|H2B1K_HUMAN,/core/www/modules//consensus/?run_id=110202&search_id=114132&scans_id=110198&peptide_id=44122&scanf=8645&charge=2&value=sp|O60814|H2B1K_HUMAN,15,/core/www/modules/match_peptides/blast_html4.php?run_id=110202&search_id=114132&scans_id=110198&peptide_id=44122&scanf=8645&charge=2&value=15,K.QVHPDTGISSK.A,/core/www/modules/show_out/show_out_wrapper.php?run_id=110202&search_id=114132&scans_id=110198&peptide_id=44122&scanf=8645&charge=2&value=K.QVHPDTGISSK.A,H2BC12,2.810e+8,3.265,0.002,2.800,0.000
8653,2,"  1.584","  0.214",5/14,/core/www/modules//sdig/index.php?run_id=110202&search_id=114132&scans_id=110198&peptide_id=44130&scanf=8653&charge=2&value=5/14,sp|Q8TAQ2|SMRC2_HUMAN,/core/www/modules//consensus/?run_id=110202&search_id=114132&scans_id=110198&peptide_id=44130&scanf=8653&charge=2&value=sp|Q8TAQ2|SMRC2_HUMAN,2,/core/www/modules/match_peptides/blast_html4.php?run_id=110202&search_id=114132&scans_id=110198&peptide_id=44130&scanf=8653&charge=2&value=2,K.HLAAVEER.K,/core/www/modules/show_out/show_out_wrapper.php?run_id=110202&search_id=114132&scans_id=110198&peptide_id=44130&scanf=8653&charge=2&value=K.HLAAVEER.K,SMARCC2,3.975e+5,2.054,0.090,1.044,0.004
8661,2,"  1.719","  0.347",9/18,/core/www/modules//sdig/index.php?run_id=110202&search_id=114132&scans_id=110198&peptide_id=44137&scanf=8661&charge=2&value=9/18,sp|P13667|PDIA4_HUMAN,/core/www/modules//consensus/?run_id=110202&search_id=114132&scans_id=110198&peptide_id=44137&scanf=8661&charge=2&value=sp|P13667|PDIA4_HUMAN,2,/core/www/modules/match_peptides/blast_html4.php?run_id=110202&search_id=114132&scans_id=110198&peptide_id=44137&scanf=8661&charge=2&value=2,K.GQAVDYEGSR.T,/core/www/modules/show_out/show_out_wrapper.php?run_id=110202&search_id=114132&scans_id=110198&peptide_id=44137&scanf=8661&charge=2&value=K.GQAVDYEGSR.T,PDIA4,1.732e+6,2.661,0.012,1.910,0.000
8663,2,"  1.532","  0.207",7/12,/core/www/modules//sdig/index.php?run_id=110202&search_id=114132&scans_id=110198&peptide_id=44139&scanf=8663&charge=2&value=7/12,sp|P12004|PCNA_HUMAN,/core/www/modules//consensus/?run_id=110202&search_id=114132&scans_id=110198&peptide_id=44139&scanf=8663&charge=2&value=sp|P12004|PCNA_HUMAN,0,/core/www/modules/match_peptides/blast_html4.php?run_id=110202&search_id=114132&scans_id=110198&peptide_id=44139&scanf=8663&charge=2&value=0,K.VSDYEMK.L,/core/www/modules/show_out/show_out_wrapper.php?run_id=110202&search_id=114132&scans_id=110198&peptide_id=44139&scanf=8663&charge=2&value=K.VSDYEMK.L,PCNA,1.807e+6,2.306,0.040,1.395,0.001
8665,2,"  2.221","  0.324",8/12,/core/www/modules//sdig/index.php?run_id=110202&search_id=114132&scans_id=110198&peptide_id=44141&scanf=8665&charge=2&value=8/12,sp|P61313|RL15_HUMAN,/core/www/modules//consensus/?run_id=110202&search_id=114132&scans_id=110198&peptide_id=44141&scanf=8665&charge=2&value=sp|P61313|RL15_HUMAN,5,/core/www/modules/match_peptides/blast_html4.php?run_id=110202&search_id=114132&scans_id=110198&peptide_id=44141&scanf=8665&charge=2&value=5,R.QLSALHR.A,/core/www/modules/show_out/show_out_wrapper.php?run_id=110202&search_id=114132&scans_id=110198&peptide_id=44141&scanf=8665&charge=2&value=R.QLSALHR.A,RPL15,9.545e+6,2.899,0.006,2.259,0.000
8670,3,"  1.995","  0.141",11/36,/core/www/modules//sdig/index.php?run_id=110202&search_id=114132&scans_id=110198&peptide_id=44146&scanf=8670&charge=3&value=11/36,sp|Q6PJT7|ZC3HE_HUMAN,/core/www/modules//consensus/?run_id=110202&search_id=114132&scans_id=110198&peptide_id=44146&scanf=8670&charge=3&value=sp|Q6PJT7|ZC3HE_HUMAN,5,/core/www/modules/match_peptides/blast_html4.php?run_id=110202&search_id=114132&scans_id=110198&peptide_id=44146&scanf=8670&charge=3&value=5,R.NADSGVHLNR.L,/core/www/modules/show_out/show_out_wrapper.php?run_id=110202&search_id=114132&scans_id=110198&peptide_id=44146&scanf=8670&charge=3&value=R.NADSGVHLNR.L,ZC3H14,1.199e+6,2.071,0.086,1.068,0.003
8671,3,"  3.239","  0.486",13/60,/core/www/modules//sdig/index.php?run_id=110202&search_id=114132&scans_id=110198&peptide_id=44147&scanf=8671&charge=3&value=13/60,sp|Q9Y5Q9|TF3C3_HUMAN,/core/www/modules//consensus/?run_id=110202&search_id=114132&scans_id=110198&peptide_id=44147&scanf=8671&charge=3&value=sp|Q9Y5Q9|TF3C3_HUMAN,1,/core/www/modules/match_peptides/blast_html4.php?run_id=110202&search_id=114132&scans_id=110198&peptide_id=44147&scanf=8671&charge=3&value=1,K.SQDKDVNEGETSDGVR.K,/core/www/modules/show_out/show_out_wrapper.php?run_id=110202&search_id=114132&scans_id=110198&peptide_id=44147&scanf=8671&charge=3&value=K.SQDKDVNEGETSDGVR.K,GTF3C3,8.431e+5,2.621,0.014,1.851,0.000
8672,2,"  2.304","  0.463",11/20,/core/www/modules//sdig/index.php?run_id=110202&search_id=114132&scans_id=110198&peptide_id=44148&scanf=8672&charge=2&value=11/20,sp|P60709|ACTB_HUMAN,/core/www/modules//consensus/?run_id=110202&search_id=114132&scans_id=110198&peptide_id=44148&scanf=8672&charge=2&value=sp|P60709|ACTB_HUMAN,27,/core/www/modules/match_peptides/blast_html4.php?run_id=110202&search_id=114132&scans_id=110198&peptide_id=44148&scanf=8672&charge=2&value=27,K.DSYVGDEAQSK.R,/core/www/modules/show_out/show_out_wrapper.php?run_id=110202&search_id=114132&scans_id=110198&peptide_id=44148&scanf=8672&charge=2&value=K.DSYVGDEAQSK.R,ACTB,6.146e+5,3.595,0.001,3.289,0.000
8682,2,"  1.945","  0.321",7/12,/core/www/modules//sdig/index.php?run_id=110202&search_id=114132&scans_id=110198&peptide_id=44157&scanf=8682&charge=2&value=7/12,sp|Q96QD9|UIF_HUMAN,/core/www/modules//consensus/?run_id=110202&search_id=114132&scans_id=110198&peptide_id=44157&scanf=8682&charge=2&value=sp|Q96QD9|UIF_HUMAN,0,/core/www/modules/match_peptides/blast_html4.php?run_id=110202&search_id=114132&scans_id=110198&peptide_id=44157&scanf=8682&charge=2&value=0,R.ATLTYNK.G,/core/www/modules/show_out/show_out_wrapper.php?run_id=110202&search_id=114132&scans_id=110198&peptide_id=44157&scanf=8682&charge=2&value=R.ATLTYNK.G,FYTTD1,1.201e+6,2.736,0.010,2.019,0.000
8686,2,"  1.958","  0.319",8/18,/core/www/modules//sdig/index.php?run_id=110202&search_id=114132&scans_id=110198&peptide_id=44161&scanf=8686&charge=2&value=8/18,sp|P49959|MRE11_HUMAN,/core/www/modules//consensus/?run_id=110202&search_id=114132&scans_id=110198&peptide_id=44161&scanf=8686&charge=2&value=sp|P49959|MRE11_HUMAN,0,/core/www/modules/match_peptides/blast_html4.php?run_id=110202&search_id=114132&scans_id=110198&peptide_id=44161&scanf=8686&charge=2&value=0,R.ADTGLETSTR.S,/core/www/modules/show_out/show_out_wrapper.php?run_id=110202&search_id=114132&scans_id=110198&peptide_id=44161&scanf=8686&charge=2&value=R.ADTGLETSTR.S,MRE11,2.037e+6,2.415,0.028,1.551,0.001
8696,2,"  3.264","  0.673",14/22,/core/www/modules//sdig/index.php?run_id=110202&search_id=114132&scans_id=110198&peptide_id=44171&scanf=8696&charge=2&value=14/22,sp|Q12873|CHD3_HUMAN,/core/www/modules//consensus/?run_id=110202&search_id=114132&scans_id=110198&peptide_id=44171&scanf=8696&charge=2&value=sp|Q12873|CHD3_HUMAN,25,/core/www/modules/match_peptides/blast_html4.php?run_id=110202&search_id=114132&scans_id=110198&peptide_id=44171&scanf=8696&charge=2&value=25,R.HHYEQQQEDLAR.N,/core/www/modules/show_out/show_out_wrapper.php?run_id=110202&search_id=114132&scans_id=110198&peptide_id=44171&scanf=8696&charge=2&value=R.HHYEQQQEDLAR.N,CHD3,1.277e+6,3.851,0.000,3.668,0.000
8700,2,"  2.347","  0.298",8/20,/core/www/modules//sdig/index.php?run_id=110202&search_id=114132&scans_id=110198&peptide_id=44174&scanf=8700&charge=2&value=8/20,sp|P60709|ACTB_HUMAN,/core/www/modules//consensus/?run_id=110202&search_id=114132&scans_id=110198&peptide_id=44174&scanf=8700&charge=2&value=sp|P60709|ACTB_HUMAN,26,/core/www/modules/match_peptides/blast_html4.php?run_id=110202&search_id=114132&scans_id=110198&peptide_id=44174&scanf=8700&charge=2&value=26,R.HQGVM*VGM*GQK.D,/core/www/modules/show_out/show_out_wrapper.php?run_id=110202&search_id=114132&scans_id=110198&peptide_id=44174&scanf=8700&charge=2&value=R.HQGVM*VGM*GQK.D,ACTB,2.958e+6,2.814,0.007,2.134,0.000
8701,2,"  3.355","  0.478",16/20,/core/www/modules//sdig/index.php?run_id=110202&search_id=114132&scans_id=110198&peptide_id=44175&scanf=8701&charge=2&value=16/20,sp|O43707|ACTN4_HUMAN,/core/www/modules//consensus/?run_id=110202&search_id=114132&scans_id=110198&peptide_id=44175&scanf=8701&charge=2&value=sp|O43707|ACTN4_HUMAN,3,/core/www/modules/match_peptides/blast_html4.php?run_id=110202&search_id=114132&scans_id=110198&peptide_id=44175&scanf=8701&charge=2&value=3,K.RDHALLEEQSK.Q,/core/www/modules/show_out/show_out_wrapper.php?run_id=110202&search_id=114132&scans_id=110198&peptide_id=44175&scanf=8701&charge=2&value=K.RDHALLEEQSK.Q,ACTN4,1.515e+7,3.550,0.001,3.222,0.000
8708,3,"  4.222","  0.433",14/60,/core/www/modules//sdig/index.php?run_id=110202&search_id=114132&scans_id=110198&peptide_id=44182&scanf=8708&charge=3&value=14/60,sp|P10301|RRAS_HUMAN,/core/www/modules//consensus/?run_id=110202&search_id=114132&scans_id=110198&peptide_id=44182&scanf=8708&charge=3&value=sp|P10301|RRAS_HUMAN,0,/core/www/modules/match_peptides/blast_html4.php?run_id=110202&search_id=114132&scans_id=110198&peptide_id=44182&scanf=8708&charge=3&value=0,R.GGGPGPGDPPPSETHK.L,/core/www/modules/show_out/show_out_wrapper.php?run_id=110202&search_id=114132&scans_id=110198&peptide_id=44182&scanf=8708&charge=3&value=R.GGGPGPGDPPPSETHK.L,RRAS,1.176e+6,2.814,0.007,2.133,0.000
8711,2,"  2.202","  0.402",9/16,/core/www/modules//sdig/index.php?run_id=110202&search_id=114132&scans_id=110198&peptide_id=44185&scanf=8711&charge=2&value=9/16,sp|P49207|RL34_HUMAN,/core/www/modules//consensus/?run_id=110202&search_id=114132&scans_id=110198&peptide_id=44185&scanf=8711&charge=2&value=sp|P49207|RL34_HUMAN,0,/core/www/modules/match_peptides/blast_html4.php?run_id=110202&search_id=114132&scans_id=110198&peptide_id=44185&scanf=8711&charge=2&value=0,R.LSYNTASNK.T,/core/www/modules/show_out/show_out_wrapper.php?run_id=110202&search_id=114132&scans_id=110198&peptide_id=44185&scanf=8711&charge=2&value=R.LSYNTASNK.T,RPL34,1.394e+7,2.891,0.006,2.247,0.000
8714,2,"  1.673","  0.144",6/12,/core/www/modules//sdig/index.php?run_id=110202&search_id=114132&scans_id=110198&peptide_id=44188&scanf=8714&charge=2&value=6/12,sp|Q9ULV4|COR1C_HUMAN,/core/www/modules//consensus/?run_id=110202&search_id=114132&scans_id=110198&peptide_id=44188&scanf=8714&charge=2&value=sp|Q9ULV4|COR1C_HUMAN,2,/core/www/modules/match_peptides/blast_html4.php?run_id=110202&search_id=114132&scans_id=110198&peptide_id=44188&scanf=8714&charge=2&value=2,K.HGYIPGK.N,/core/www/modules/show_out/show_out_wrapper.php?run_id=110202&search_id=114132&scans_id=110198&peptide_id=44188&scanf=8714&charge=2&value=K.HGYIPGK.N,CORO1C,1.019e+7,1.981,0.113,0.947,0.005
8718,2,"  2.003","  0.206",7/12,/core/www/modules//sdig/index.php?run_id=110202&search_id=114132&scans_id=110198&peptide_id=44192&scanf=8718&charge=2&value=7/12,sp|P61313|RL15_HUMAN,/core/www/modules//consensus/?run_id=110202&search_id=114132&scans_id=110198&peptide_id=44192&scanf=8718&charge=2&value=sp|P61313|RL15_HUMAN,5,/core/www/modules/match_peptides/blast_html4.php?run_id=110202&search_id=114132&scans_id=110198&peptide_id=44192&scanf=8718&charge=2&value=5,R.QLSALHR.A,/core/www/modules/show_out/show_out_wrapper.php?run_id=110202&search_id=114132&scans_id=110198&peptide_id=44192&scanf=8718&charge=2&value=R.QLSALHR.A,RPL15,9.545e+6,2.370,0.033,1.486,0.001
8721,2,"  1.805","  0.045",8/12,/core/www/modules//sdig/index.php?run_id=110202&search_id=114132&scans_id=110198&peptide_id=44194&scanf=8721&charge=2&value=8/12,sp|Q08211|DHX9_HUMAN,/core/www/modules//consensus/?run_id=110202&search_id=114132&scans_id=110198&peptide_id=44194&scanf=8721&charge=2&value=sp|Q08211|DHX9_HUMAN,0,/core/www/modules/match_peptides/blast_html4.php?run_id=110202&search_id=114132&scans_id=110198&peptide_id=44194&scanf=8721&charge=2&value=0,R.KLEAGIR.G,/core/www/modules/show_out/show_out_wrapper.php?run_id=110202&search_id=114132&scans_id=110198&peptide_id=44194&scanf=8721&charge=2&value=R.KLEAGIR.G,DHX9,2.567e+7,1.978,0.114,0.943,0.005
8723,3,"  2.150","  0.144",9/36,/core/www/modules//sdig/index.php?run_id=110202&search_id=114132&scans_id=110198&peptide_id=44196&scanf=8723&charge=3&value=9/36,sp|Q9Y221|NIP7_HUMAN,/core/www/modules//consensus/?run_id=110202&search_id=114132&scans_id=110198&peptide_id=44196&scanf=8723&charge=3&value=sp|Q9Y221|NIP7_HUMAN,1,/core/www/modules/match_peptides/blast_html4.php?run_id=110202&search_id=114132&scans_id=110198&peptide_id=44196&scanf=8723&charge=3&value=1,-.M*RPLTEEETR.V,/core/www/modules/show_out/show_out_wrapper.php?run_id=110202&search_id=114132&scans_id=110198&peptide_id=44196&scanf=8723&charge=3&value=-.M*RPLTEEETR.V,NIP7,1.199e+6,1.996,0.108,0.967,0.005
8728,2,"  1.540","  0.000",8/14,/core/www/modules//sdig/index.php?run_id=110202&search_id=114132&scans_id=110198&peptide_id=44201&scanf=8728&charge=2&value=8/14,sp|Q15072|OZF_HUMAN,/core/www/modules//consensus/?run_id=110202&search_id=114132&scans_id=110198&peptide_id=44201&scanf=8728&charge=2&value=sp|Q15072|OZF_HUMAN,2,/core/www/modules/match_peptides/blast_html4.php?run_id=110202&search_id=114132&scans_id=110198&peptide_id=44201&scanf=8728&charge=2&value=2,K.ENLLTHQK.I,/core/www/modules/show_out/show_out_wrapper.php?run_id=110202&search_id=114132&scans_id=110198&peptide_id=44201&scanf=8728&charge=2&value=K.ENLLTHQK.I,ZNF146,1.111e+6,2.006,0.105,0.980,0.005
8731,2,"  2.473","  0.447",12/28,/core/www/modules//sdig/index.php?run_id=110202&search_id=114132&scans_id=110198&peptide_id=44204&scanf=8731&charge=2&value=12/28,sp|Q86VY4|TSYL5_HUMAN,/core/www/modules//consensus/?run_id=110202&search_id=114132&scans_id=110198&peptide_id=44204&scanf=8731&charge=2&value=sp|Q86VY4|TSYL5_HUMAN,0,/core/www/modules/match_peptides/blast_html4.php?run_id=110202&search_id=114132&scans_id=110198&peptide_id=44204&scanf=8731&charge=2&value=0,K.GAAGENTSVSAGEEK.K,/core/www/modules/show_out/show_out_wrapper.php?run_id=110202&search_id=114132&scans_id=110198&peptide_id=44204&scanf=8731&charge=2&value=K.GAAGENTSVSAGEEK.K,TSPYL5,1.061e+6,2.637,0.013,1.873,0.000
8748,3,"  2.637","  0.388",10/48,/core/www/modules//sdig/index.php?run_id=110202&search_id=114132&scans_id=110198&peptide_id=44220&scanf=8748&charge=3&value=10/48,sp|Q06787|FMR1_HUMAN,/core/www/modules//consensus/?run_id=110202&search_id=114132&scans_id=110198&peptide_id=44220&scanf=8748&charge=3&value=sp|Q06787|FMR1_HUMAN,12,/core/www/modules/match_peptides/blast_html4.php?run_id=110202&search_id=114132&scans_id=110198&peptide_id=44220&scanf=8748&charge=3&value=12,K.ENSTHFSQPNSTK.V,/core/www/modules/show_out/show_out_wrapper.php?run_id=110202&search_id=114132&scans_id=110198&peptide_id=44220&scanf=8748&charge=3&value=K.ENSTHFSQPNSTK.V,FMR1,1.137e+6,2.635,0.013,1.872,0.000
8753,2,"  3.043","  0.522",14/22,/core/www/modules//sdig/index.php?run_id=110202&search_id=114132&scans_id=110198&peptide_id=44225&scanf=8753&charge=2&value=14/22,sp|Q9NX58|LYAR_HUMAN,/core/www/modules//consensus/?run_id=110202&search_id=114132&scans_id=110198&peptide_id=44225&scanf=8753&charge=2&value=sp|Q9NX58|LYAR_HUMAN,0,/core/www/modules/match_peptides/blast_html4.php?run_id=110202&search_id=114132&scans_id=110198&peptide_id=44225&scanf=8753&charge=2&value=0,K.VKDAVEQQGEVK.K,/core/www/modules/show_out/show_out_wrapper.php?run_id=110202&search_id=114132&scans_id=110198&peptide_id=44225&scanf=8753&charge=2&value=K.VKDAVEQQGEVK.K,LYAR,5.578e+6,3.069,0.003,2.510,0.000
8759,2,"  1.691","  0.060",7/12,/core/www/modules//sdig/index.php?run_id=110202&search_id=114132&scans_id=110198&peptide_id=44231&scanf=8759&charge=2&value=7/12,sp|P40926|MDHM_HUMAN,/core/www/modules//consensus/?run_id=110202&search_id=114132&scans_id=110198&peptide_id=44231&scanf=8759&charge=2&value=sp|P40926|MDHM_HUMAN,0,/core/www/modules/match_peptides/blast_html4.php?run_id=110202&search_id=114132&scans_id=110198&peptide_id=44231&scanf=8759&charge=2&value=0,K.NSPLVSR.L,/core/www/modules/show_out/show_out_wrapper.php?run_id=110202&search_id=114132&scans_id=110198&peptide_id=44231&scanf=8759&charge=2&value=K.NSPLVSR.L,MDH2,2.050e+7,1.854,0.164,0.785,0.009
8762,2,"  1.385","  0.039",8/12,/core/www/modules//sdig/index.php?run_id=110202&search_id=114132&scans_id=110198&peptide_id=44233&scanf=8762&charge=2&value=8/12,sp|P40926|MDHM_HUMAN,/core/www/modules//consensus/?run_id=110202&search_id=114132&scans_id=110198&peptide_id=44233&scanf=8762&charge=2&value=sp|P40926|MDHM_HUMAN,0,/core/www/modules/match_peptides/blast_html4.php?run_id=110202&search_id=114132&scans_id=110198&peptide_id=44233&scanf=8762&charge=2&value=0,K.NSPLVSR.L,/core/www/modules/show_out/show_out_wrapper.php?run_id=110202&search_id=114132&scans_id=110198&peptide_id=44233&scanf=8762&charge=2&value=K.NSPLVSR.L,MDH2,2.050e+7,1.955,0.122,0.913,0.006
8763,2,"  1.948","  0.278",8/16,/core/www/modules//sdig/index.php?run_id=110202&search_id=114132&scans_id=110198&peptide_id=44234&scanf=8763&charge=2&value=8/16,sp|Q12906|ILF3_HUMAN,/core/www/modules//consensus/?run_id=110202&search_id=114132&scans_id=110198&peptide_id=44234&scanf=8763&charge=2&value=sp|Q12906|ILF3_HUMAN,0,/core/www/modules/match_peptides/blast_html4.php?run_id=110202&search_id=114132&scans_id=110198&peptide_id=44234&scanf=8763&charge=2&value=0,K.FNYSGSGGR.S,/core/www/modules/show_out/show_out_wrapper.php?run_id=110202&search_id=114132&scans_id=110198&peptide_id=44234&scanf=8763&charge=2&value=K.FNYSGSGGR.S,ILF3,1.463e+7,2.557,0.018,1.756,0.000
8769,2,"  1.377","  0.168",9/18,/core/www/modules//sdig/index.php?run_id=110202&search_id=114132&scans_id=110198&peptide_id=44240&scanf=8769&charge=2&value=9/18,sp|O60942|MCE1_HUMAN,/core/www/modules//consensus/?run_id=110202&search_id=114132&scans_id=110198&peptide_id=44240&scanf=8769&charge=2&value=sp|O60942|MCE1_HUMAN,0,/core/www/modules/match_peptides/blast_html4.php?run_id=110202&search_id=114132&scans_id=110198&peptide_id=44240&scanf=8769&charge=2&value=0,R.YDSQVAEENR.F,/core/www/modules/show_out/show_out_wrapper.php?run_id=110202&search_id=114132&scans_id=110198&peptide_id=44240&scanf=8769&charge=2&value=R.YDSQVAEENR.F,RNGTT,6.928e+5,1.939,0.128,0.892,0.006
8770,2,"  1.982","  0.227",8/16,/core/www/modules//sdig/index.php?run_id=110202&search_id=114132&scans_id=110198&peptide_id=44241&scanf=8770&charge=2&value=8/16,sp|Q7Z2W4|ZCCHV_HUMAN,/core/www/modules//consensus/?run_id=110202&search_id=114132&scans_id=110198&peptide_id=44241&scanf=8770&charge=2&value=sp|Q7Z2W4|ZCCHV_HUMAN,1,/core/www/modules/match_peptides/blast_html4.php?run_id=110202&search_id=114132&scans_id=110198&peptide_id=44241&scanf=8770&charge=2&value=1,K.NHELSGLNK.E,/core/www/modules/show_out/show_out_wrapper.php?run_id=110202&search_id=114132&scans_id=110198&peptide_id=44241&scanf=8770&charge=2&value=K.NHELSGLNK.E,ZC3HAV1,1.407e+6,2.218,0.054,1.271,0.002
8778,3,"  1.863","  0.299",8/32,/core/www/modules//sdig/index.php?run_id=110202&search_id=114132&scans_id=110198&peptide_id=44249&scanf=8778&charge=3&value=8/32,sp|Q8N201|INT1_HUMAN,/core/www/modules//consensus/?run_id=110202&search_id=114132&scans_id=110198&peptide_id=44249&scanf=8778&charge=3&value=sp|Q8N201|INT1_HUMAN,0,/core/www/modules/match_peptides/blast_html4.php?run_id=110202&search_id=114132&scans_id=110198&peptide_id=44249&scanf=8778&charge=3&value=0,R.RQPIDNVSR.N,/core/www/modules/show_out/show_out_wrapper.php?run_id=110202&search_id=114132&scans_id=110198&peptide_id=44249&scanf=8778&charge=3&value=R.RQPIDNVSR.N,INTS1,1.132e+6,2.288,0.043,1.369,0.001
8783,2,"  2.107","  0.338",9/14,/core/www/modules//sdig/index.php?run_id=110202&search_id=114132&scans_id=110198&peptide_id=44253&scanf=8783&charge=2&value=9/14,sp|P78527|PRKDC_HUMAN,/core/www/modules//consensus/?run_id=110202&search_id=114132&scans_id=110198&peptide_id=44253&scanf=8783&charge=2&value=sp|P78527|PRKDC_HUMAN,0,/core/www/modules/match_peptides/blast_html4.php?run_id=110202&search_id=114132&scans_id=110198&peptide_id=44253&scanf=8783&charge=2&value=0,K.TQMTSAVR.E,/core/www/modules/show_out/show_out_wrapper.php?run_id=110202&search_id=114132&scans_id=110198&peptide_id=44253&scanf=8783&charge=2&value=K.TQMTSAVR.E,PRKDC,1.047e+7,3.645,0.000,3.363,0.000
8790,2,"  3.011","  0.577",14/24,/core/www/modules//sdig/index.php?run_id=110202&search_id=114132&scans_id=110198&peptide_id=44260&scanf=8790&charge=2&value=14/24,sp|Q9Y2W1|TR150_HUMAN,/core/www/modules//consensus/?run_id=110202&search_id=114132&scans_id=110198&peptide_id=44260&scanf=8790&charge=2&value=sp|Q9Y2W1|TR150_HUMAN,1,/core/www/modules/match_peptides/blast_html4.php?run_id=110202&search_id=114132&scans_id=110198&peptide_id=44260&scanf=8790&charge=2&value=1,K.EQTFSGGTSQDTK.A,/core/www/modules/show_out/show_out_wrapper.php?run_id=110202&search_id=114132&scans_id=110198&peptide_id=44260&scanf=8790&charge=2&value=K.EQTFSGGTSQDTK.A,THRAP3,2.272e+6,3.401,0.001,3.001,0.000
8792,2,"  2.218","  0.430",9/12,/core/www/modules//sdig/index.php?run_id=110202&search_id=114132&scans_id=110198&peptide_id=44262&scanf=8792&charge=2&value=9/12,sp|Q8IXT5|RB12B_HUMAN,/core/www/modules//consensus/?run_id=110202&search_id=114132&scans_id=110198&peptide_id=44262&scanf=8792&charge=2&value=sp|Q8IXT5|RB12B_HUMAN,1,/core/www/modules/match_peptides/blast_html4.php?run_id=110202&search_id=114132&scans_id=110198&peptide_id=44262&scanf=8792&charge=2&value=1,R.HPPEDFR.H,/core/www/modules/show_out/show_out_wrapper.php?run_id=110202&search_id=114132&scans_id=110198&peptide_id=44262&scanf=8792&charge=2&value=R.HPPEDFR.H,RBM12B,1.435e+6,3.468,0.001,3.100,0.000
8795,2,"  2.518","  0.234",9/12,/core/www/modules//sdig/index.php?run_id=110202&search_id=114132&scans_id=110198&peptide_id=44265&scanf=8795&charge=2&value=9/12,sp|O60264|SMCA5_HUMAN,/core/www/modules//consensus/?run_id=110202&search_id=114132&scans_id=110198&peptide_id=44265&scanf=8795&charge=2&value=sp|O60264|SMCA5_HUMAN,0,/core/www/modules/match_peptides/blast_html4.php?run_id=110202&search_id=114132&scans_id=110198&peptide_id=44265&scanf=8795&charge=2&value=0,K.LRDYQVR.G,/core/www/modules/show_out/show_out_wrapper.php?run_id=110202&search_id=114132&scans_id=110198&peptide_id=44265&scanf=8795&charge=2&value=K.LRDYQVR.G,SMARCA5,2.575e+6,2.537,0.019,1.728,0.000
8804,3,"  2.584","  0.486",13/40,/core/www/modules//sdig/index.php?run_id=110202&search_id=114132&scans_id=110198&peptide_id=44273&scanf=8804&charge=3&value=13/40,sp|O60814|H2B1K_HUMAN,/core/www/modules//consensus/?run_id=110202&search_id=114132&scans_id=110198&peptide_id=44273&scanf=8804&charge=3&value=sp|O60814|H2B1K_HUMAN,15,/core/www/modules/match_peptides/blast_html4.php?run_id=110202&search_id=114132&scans_id=110198&peptide_id=44273&scanf=8804&charge=3&value=15,K.QVHPDTGISSK.A,/core/www/modules/show_out/show_out_wrapper.php?run_id=110202&search_id=114132&scans_id=110198&peptide_id=44273&scanf=8804&charge=3&value=K.QVHPDTGISSK.A,H2BC12,7.066e+8,3.464,0.001,3.095,0.000
8805,2,"  2.199","  0.551",11/18,/core/www/modules//sdig/index.php?run_id=110202&search_id=114132&scans_id=110198&peptide_id=44274&scanf=8805&charge=2&value=11/18,sp|P22626|ROA2_HUMAN,/core/www/modules//consensus/?run_id=110202&search_id=114132&scans_id=110198&peptide_id=44274&scanf=8805&charge=2&value=sp|P22626|ROA2_HUMAN,7,/core/www/modules/match_peptides/blast_html4.php?run_id=110202&search_id=114132&scans_id=110198&peptide_id=44274&scanf=8805&charge=2&value=7,R.QEMQEVQSSR.S,/core/www/modules/show_out/show_out_wrapper.php?run_id=110202&search_id=114132&scans_id=110198&peptide_id=44274&scanf=8805&charge=2&value=R.QEMQEVQSSR.S,HNRNPA2B1,4.323e+7,3.514,0.001,3.169,0.000
8806,3,"  4.565","  0.492",16/40,/core/www/modules//sdig/index.php?run_id=110202&search_id=114132&scans_id=110198&peptide_id=44275&scanf=8806&charge=3&value=16/40,sp|O43707|ACTN4_HUMAN,/core/www/modules//consensus/?run_id=110202&search_id=114132&scans_id=110198&peptide_id=44275&scanf=8806&charge=3&value=sp|O43707|ACTN4_HUMAN,3,/core/www/modules/match_peptides/blast_html4.php?run_id=110202&search_id=114132&scans_id=110198&peptide_id=44275&scanf=8806&charge=3&value=3,K.RDHALLEEQSK.Q,/core/www/modules/show_out/show_out_wrapper.php?run_id=110202&search_id=114132&scans_id=110198&peptide_id=44275&scanf=8806&charge=3&value=K.RDHALLEEQSK.Q,ACTN4,6.209e+7,3.583,0.001,3.272,0.000
8810,2,"  2.014","  0.451",9/22,/core/www/modules//sdig/index.php?run_id=110202&search_id=114132&scans_id=110198&peptide_id=44279&scanf=8810&charge=2&value=9/22,sp|P19338|NUCL_HUMAN,/core/www/modules//consensus/?run_id=110202&search_id=114132&scans_id=110198&peptide_id=44279&scanf=8810&charge=2&value=sp|P19338|NUCL_HUMAN,5,/core/www/modules/match_peptides/blast_html4.php?run_id=110202&search_id=114132&scans_id=110198&peptide_id=44279&scanf=8810&charge=2&value=5,K.EAM*EDGEIDGNK.V,/core/www/modules/show_out/show_out_wrapper.php?run_id=110202&search_id=114132&scans_id=110198&peptide_id=44279&scanf=8810&charge=2&value=K.EAM*EDGEIDGNK.V,NCL,1.237e+6,2.955,0.005,2.342,0.000
8825,2,"  1.398","  0.031",7/12,/core/www/modules//sdig/index.php?run_id=110202&search_id=114132&scans_id=110198&peptide_id=44293&scanf=8825&charge=2&value=7/12,sp|P78527|PRKDC_HUMAN,/core/www/modules//consensus/?run_id=110202&search_id=114132&scans_id=110198&peptide_id=44293&scanf=8825&charge=2&value=sp|P78527|PRKDC_HUMAN,0,/core/www/modules/match_peptides/blast_html4.php?run_id=110202&search_id=114132&scans_id=110198&peptide_id=44293&scanf=8825&charge=2&value=0,K.DEVLANR.L,/core/www/modules/show_out/show_out_wrapper.php?run_id=110202&search_id=114132&scans_id=110198&peptide_id=44293&scanf=8825&charge=2&value=K.DEVLANR.L,PRKDC,2.886e+7,2.540,0.019,1.733,0.000
8826,2,"  2.333","  0.318",8/14,/core/www/modules//sdig/index.php?run_id=110202&search_id=114132&scans_id=110198&peptide_id=44294&scanf=8826&charge=2&value=8/14,sp|Q9BQ04|RBM4B_HUMAN,/core/www/modules//consensus/?run_id=110202&search_id=114132&scans_id=110198&peptide_id=44294&scanf=8826&charge=2&value=sp|Q9BQ04|RBM4B_HUMAN,7,/core/www/modules/match_peptides/blast_html4.php?run_id=110202&search_id=114132&scans_id=110198&peptide_id=44294&scanf=8826&charge=2&value=7,K.TAAEDAIR.N,/core/www/modules/show_out/show_out_wrapper.php?run_id=110202&search_id=114132&scans_id=110198&peptide_id=44294&scanf=8826&charge=2&value=K.TAAEDAIR.N,RBM4B,1.419e+7,2.625,0.014,1.857,0.000
8834,2,"  2.732","  0.319",9/18,/core/www/modules//sdig/index.php?run_id=110202&search_id=114132&scans_id=110198&peptide_id=44302&scanf=8834&charge=2&value=9/18,sp|P08670|VIME_HUMAN,/core/www/modules//consensus/?run_id=110202&search_id=114132&scans_id=110198&peptide_id=44302&scanf=8834&charge=2&value=sp|P08670|VIME_HUMAN,1,/core/www/modules/match_peptides/blast_html4.php?run_id=110202&search_id=114132&scans_id=110198&peptide_id=44302&scanf=8834&charge=2&value=1,R.RQVDQLTNDK.A,/core/www/modules/show_out/show_out_wrapper.php?run_id=110202&search_id=114132&scans_id=110198&peptide_id=44302&scanf=8834&charge=2&value=R.RQVDQLTNDK.A,VIM,3.708e+7,2.628,0.014,1.861,0.000
8847,2,"  3.415","  0.492",14/24,/core/www/modules//sdig/index.php?run_id=110202&search_id=114132&scans_id=110198&peptide_id=44314&scanf=8847&charge=2&value=14/24,sp|Q01081|U2AF1_HUMAN,/core/www/modules//consensus/?run_id=110202&search_id=114132&scans_id=110198&peptide_id=44314&scanf=8847&charge=2&value=sp|Q01081|U2AF1_HUMAN,0,/core/www/modules/match_peptides/blast_html4.php?run_id=110202&search_id=114132&scans_id=110198&peptide_id=44314&scanf=8847&charge=2&value=0,R.NPQNSSQSADGLR.C,/core/www/modules/show_out/show_out_wrapper.php?run_id=110202&search_id=114132&scans_id=110198&peptide_id=44314&scanf=8847&charge=2&value=R.NPQNSSQSADGLR.C,U2AF1,1.286e+7,3.138,0.002,2.612,0.000
8851,2,"  1.768","  0.288",8/14,/core/www/modules//sdig/index.php?run_id=110202&search_id=114132&scans_id=110198&peptide_id=44318&scanf=8851&charge=2&value=8/14,sp|P62917|RL8_HUMAN,/core/www/modules//consensus/?run_id=110202&search_id=114132&scans_id=110198&peptide_id=44318&scanf=8851&charge=2&value=sp|P62917|RL8_HUMAN,2,/core/www/modules/match_peptides/blast_html4.php?run_id=110202&search_id=114132&scans_id=110198&peptide_id=44318&scanf=8851&charge=2&value=2,R.VKLPSGSK.K,/core/www/modules/show_out/show_out_wrapper.php?run_id=110202&search_id=114132&scans_id=110198&peptide_id=44318&scanf=8851&charge=2&value=R.VKLPSGSK.K,RPL8,1.385e+7,2.290,0.043,1.372,0.001
8859,3,"  2.794","  0.341",14/40,/core/www/modules//sdig/index.php?run_id=110202&search_id=114132&scans_id=110198&peptide_id=44326&scanf=8859&charge=3&value=14/40,sp|P11387|TOP1_HUMAN,/core/www/modules//consensus/?run_id=110202&search_id=114132&scans_id=110198&peptide_id=44326&scanf=8859&charge=3&value=sp|P11387|TOP1_HUMAN,1,/core/www/modules/match_peptides/blast_html4.php?run_id=110202&search_id=114132&scans_id=110198&peptide_id=44326&scanf=8859&charge=3&value=1,R.KLEEEEDGKLK.K,/core/www/modules/show_out/show_out_wrapper.php?run_id=110202&search_id=114132&scans_id=110198&peptide_id=44326&scanf=8859&charge=3&value=R.KLEEEEDGKLK.K,TOP1,2.696e+7,2.378,0.032,1.498,0.001
8868,3,"  2.709","  0.521",16/52,/core/www/modules//sdig/index.php?run_id=110202&search_id=114132&scans_id=110198&peptide_id=44334&scanf=8868&charge=3&value=16/52,sp|P38159|RBMX_HUMAN,/core/www/modules//consensus/?run_id=110202&search_id=114132&scans_id=110198&peptide_id=44334&scanf=8868&charge=3&value=sp|P38159|RBMX_HUMAN,4,/core/www/modules/match_peptides/blast_html4.php?run_id=110202&search_id=114132&scans_id=110198&peptide_id=44334&scanf=8868&charge=3&value=4,R.DRDYSDHPSGGSYR.D,/core/www/modules/show_out/show_out_wrapper.php?run_id=110202&search_id=114132&scans_id=110198&peptide_id=44334&scanf=8868&charge=3&value=R.DRDYSDHPSGGSYR.D,RBMX,6.584e+7,3.184,0.002,2.680,0.000
8870,3,"  2.377","  0.193",7/36,/core/www/modules//sdig/index.php?run_id=110202&search_id=114132&scans_id=110198&peptide_id=44336&scanf=8870&charge=3&value=7/36,sp|Q9H2P0|ADNP_HUMAN,/core/www/modules//consensus/?run_id=110202&search_id=114132&scans_id=110198&peptide_id=44336&scanf=8870&charge=3&value=sp|Q9H2P0|ADNP_HUMAN,1,/core/www/modules/match_peptides/blast_html4.php?run_id=110202&search_id=114132&scans_id=110198&peptide_id=44336&scanf=8870&charge=3&value=1,R.NVHSEDFENR.I,/core/www/modules/show_out/show_out_wrapper.php?run_id=110202&search_id=114132&scans_id=110198&peptide_id=44336&scanf=8870&charge=3&value=R.NVHSEDFENR.I,ADNP,2.710e+6,2.052,0.091,1.042,0.004
8872,3,"  2.515","  0.133",7/40,/core/www/modules//sdig/index.php?run_id=110202&search_id=114132&scans_id=110198&peptide_id=44338&scanf=8872&charge=3&value=7/40,sp|Q969H8|MYDGF_HUMAN,/core/www/modules//consensus/?run_id=110202&search_id=114132&scans_id=110198&peptide_id=44338&scanf=8872&charge=3&value=sp|Q969H8|MYDGF_HUMAN,0,/core/www/modules/match_peptides/blast_html4.php?run_id=110202&search_id=114132&scans_id=110198&peptide_id=44338&scanf=8872&charge=3&value=0,K.TAVAHRPGAFK.A,/core/www/modules/show_out/show_out_wrapper.php?run_id=110202&search_id=114132&scans_id=110198&peptide_id=44338&scanf=8872&charge=3&value=K.TAVAHRPGAFK.A,MYDGF,2.540e+6,1.830,0.176,0.755,0.010
8885,3,"  3.289","  0.370",9/44,/core/www/modules//sdig/index.php?run_id=110202&search_id=114132&scans_id=110198&peptide_id=44351&scanf=8885&charge=3&value=9/44,sp|Q12873|CHD3_HUMAN,/core/www/modules//consensus/?run_id=110202&search_id=114132&scans_id=110198&peptide_id=44351&scanf=8885&charge=3&value=sp|Q12873|CHD3_HUMAN,25,/core/www/modules/match_peptides/blast_html4.php?run_id=110202&search_id=114132&scans_id=110198&peptide_id=44351&scanf=8885&charge=3&value=25,R.HHYEQQQEDLAR.N,/core/www/modules/show_out/show_out_wrapper.php?run_id=110202&search_id=114132&scans_id=110198&peptide_id=44351&scanf=8885&charge=3&value=R.HHYEQQQEDLAR.N,CHD3,6.494e+6,2.748,0.009,2.036,0.000
8888,2,"  2.067","  0.285",8/14,/core/www/modules//sdig/index.php?run_id=110202&search_id=114132&scans_id=110198&peptide_id=44353&scanf=8888&charge=2&value=8/14,sp|P14866|HNRPL_HUMAN,/core/www/modules//consensus/?run_id=110202&search_id=114132&scans_id=110198&peptide_id=44353&scanf=8888&charge=2&value=sp|P14866|HNRPL_HUMAN,4,/core/www/modules/match_peptides/blast_html4.php?run_id=110202&search_id=114132&scans_id=110198&peptide_id=44353&scanf=8888&charge=2&value=4,K.IEYAKPTR.L,/core/www/modules/show_out/show_out_wrapper.php?run_id=110202&search_id=114132&scans_id=110198&peptide_id=44353&scanf=8888&charge=2&value=K.IEYAKPTR.L,HNRNPL,1.070e+7,2.678,0.012,1.934,0.000
8894,3,"  1.892","  0.260",10/32,/core/www/modules//sdig/index.php?run_id=110202&search_id=114132&scans_id=110198&peptide_id=44359&scanf=8894&charge=3&value=10/32,sp|Q9UNX3|RL26L_HUMAN,/core/www/modules//consensus/?run_id=110202&search_id=114132&scans_id=110198&peptide_id=44359&scanf=8894&charge=3&value=sp|Q9UNX3|RL26L_HUMAN,2,/core/www/modules/match_peptides/blast_html4.php?run_id=110202&search_id=114132&scans_id=110198&peptide_id=44359&scanf=8894&charge=3&value=2,R.HFNAPSHVR.R,/core/www/modules/show_out/show_out_wrapper.php?run_id=110202&search_id=114132&scans_id=110198&peptide_id=44359&scanf=8894&charge=3&value=R.HFNAPSHVR.R,RPL26L1,3.190e+6,2.411,0.028,1.546,0.001
8903,2,"  2.384","  0.443",8/16,/core/www/modules//sdig/index.php?run_id=110202&search_id=114132&scans_id=110198&peptide_id=44368&scanf=8903&charge=2&value=8/16,sp|Q12906|ILF3_HUMAN,/core/www/modules//consensus/?run_id=110202&search_id=114132&scans_id=110198&peptide_id=44368&scanf=8903&charge=2&value=sp|Q12906|ILF3_HUMAN,0,/core/www/modules/match_peptides/blast_html4.php?run_id=110202&search_id=114132&scans_id=110198&peptide_id=44368&scanf=8903&charge=2&value=0,K.FNYSGSGGR.S,/core/www/modules/show_out/show_out_wrapper.php?run_id=110202&search_id=114132&scans_id=110198&peptide_id=44368&scanf=8903&charge=2&value=K.FNYSGSGGR.S,ILF3,1.463e+7,3.139,0.002,2.614,0.000
8911,3,"  3.603","  0.443",14/56,/core/www/modules//sdig/index.php?run_id=110202&search_id=114132&scans_id=110198&peptide_id=44375&scanf=8911&charge=3&value=14/56,sp|Q8WVV9|HNRLL_HUMAN,/core/www/modules//consensus/?run_id=110202&search_id=114132&scans_id=110198&peptide_id=44375&scanf=8911&charge=3&value=sp|Q8WVV9|HNRLL_HUMAN,5,/core/www/modules/match_peptides/blast_html4.php?run_id=110202&search_id=114132&scans_id=110198&peptide_id=44375&scanf=8911&charge=3&value=5,R.ITRPGNTDDPSGGNK.V,/core/www/modules/show_out/show_out_wrapper.php?run_id=110202&search_id=114132&scans_id=110198&peptide_id=44375&scanf=8911&charge=3&value=R.ITRPGNTDDPSGGNK.V,HNRNPLL,3.194e+6,2.942,0.005,2.322,0.000
8913,2,"  1.918","  0.251",10/16,/core/www/modules//sdig/index.php?run_id=110202&search_id=114132&scans_id=110198&peptide_id=44377&scanf=8913&charge=2&value=10/16,sp|O00422|SAP18_HUMAN,/core/www/modules//consensus/?run_id=110202&search_id=114132&scans_id=110198&peptide_id=44377&scanf=8913&charge=2&value=sp|O00422|SAP18_HUMAN,1,/core/www/modules/match_peptides/blast_html4.php?run_id=110202&search_id=114132&scans_id=110198&peptide_id=44377&scanf=8913&charge=2&value=1,K.EIGSTMSGR.K,/core/www/modules/show_out/show_out_wrapper.php?run_id=110202&search_id=114132&scans_id=110198&peptide_id=44377&scanf=8913&charge=2&value=K.EIGSTMSGR.K,SAP18,7.810e+6,2.479,0.023,1.643,0.001
8930,2,"  2.116","  0.627",10/14,/core/www/modules//sdig/index.php?run_id=110202&search_id=114132&scans_id=110198&peptide_id=44393&scanf=8930&charge=2&value=10/14,sp|P08670|VIME_HUMAN,/core/www/modules//consensus/?run_id=110202&search_id=114132&scans_id=110198&peptide_id=44393&scanf=8930&charge=2&value=sp|P08670|VIME_HUMAN,3,/core/www/modules/match_peptides/blast_html4.php?run_id=110202&search_id=114132&scans_id=110198&peptide_id=44393&scanf=8930&charge=2&value=3,R.SYVTTSTR.T,/core/www/modules/show_out/show_out_wrapper.php?run_id=110202&search_id=114132&scans_id=110198&peptide_id=44393&scanf=8930&charge=2&value=R.SYVTTSTR.T,VIM,1.300e+8,4.382,0.000,4.457,0.000
8932,2,"  1.863","  0.304",8/14,/core/www/modules//sdig/index.php?run_id=110202&search_id=114132&scans_id=110198&peptide_id=44395&scanf=8932&charge=2&value=8/14,sp|P10809|CH60_HUMAN,/core/www/modules//consensus/?run_id=110202&search_id=114132&scans_id=110198&peptide_id=44395&scanf=8932&charge=2&value=sp|P10809|CH60_HUMAN,4,/core/www/modules/match_peptides/blast_html4.php?run_id=110202&search_id=114132&scans_id=110198&peptide_id=44395&scanf=8932&charge=2&value=4,K.APGFGDNR.K,/core/www/modules/show_out/show_out_wrapper.php?run_id=110202&search_id=114132&scans_id=110198&peptide_id=44395&scanf=8932&charge=2&value=K.APGFGDNR.K,HSPD1,9.921e+6,2.681,0.012,1.938,0.000
8939,2,"  1.649","  0.220",8/18,/core/www/modules//sdig/index.php?run_id=110202&search_id=114132&scans_id=110198&peptide_id=44402&scanf=8939&charge=2&value=8/18,sp|P42285|MTREX_HUMAN,/core/www/modules//consensus/?run_id=110202&search_id=114132&scans_id=110198&peptide_id=44402&scanf=8939&charge=2&value=sp|P42285|MTREX_HUMAN,1,/core/www/modules/match_peptides/blast_html4.php?run_id=110202&search_id=114132&scans_id=110198&peptide_id=44402&scanf=8939&charge=2&value=1,K.WKGPPGSADK.A,/core/www/modules/show_out/show_out_wrapper.php?run_id=110202&search_id=114132&scans_id=110198&peptide_id=44402&scanf=8939&charge=2&value=K.WKGPPGSADK.A,MTREX,1.897e+6,1.814,0.184,0.736,0.010
8942,2,"  4.341","  0.473",19/20,/core/www/modules//sdig/index.php?run_id=110202&search_id=114132&scans_id=110198&peptide_id=44405&scanf=8942&charge=2&value=19/20,sp|P11387|TOP1_HUMAN,/core/www/modules//consensus/?run_id=110202&search_id=114132&scans_id=110198&peptide_id=44405&scanf=8942&charge=2&value=sp|P11387|TOP1_HUMAN,1,/core/www/modules/match_peptides/blast_html4.php?run_id=110202&search_id=114132&scans_id=110198&peptide_id=44405&scanf=8942&charge=2&value=1,R.KLEEEEDGKLK.K,/core/www/modules/show_out/show_out_wrapper.php?run_id=110202&search_id=114132&scans_id=110198&peptide_id=44405&scanf=8942&charge=2&value=R.KLEEEEDGKLK.K,TOP1,4.185e+6,3.333,0.001,2.900,0.000
8947,2,"  1.905","  0.460",9/22,/core/www/modules//sdig/index.php?run_id=110202&search_id=114132&scans_id=110198&peptide_id=44410&scanf=8947&charge=2&value=9/22,sp|P60709|ACTB_HUMAN,/core/www/modules//consensus/?run_id=110202&search_id=114132&scans_id=110198&peptide_id=44410&scanf=8947&charge=2&value=sp|P60709|ACTB_HUMAN,27,/core/www/modules/match_peptides/blast_html4.php?run_id=110202&search_id=114132&scans_id=110198&peptide_id=44410&scanf=8947&charge=2&value=27,K.DSYVGDEAQSKR.G,/core/www/modules/show_out/show_out_wrapper.php?run_id=110202&search_id=114132&scans_id=110198&peptide_id=44410&scanf=8947&charge=2&value=K.DSYVGDEAQSKR.G,ACTB,5.538e+6,2.996,0.004,2.403,0.000
8955,2,"  2.088","  0.376",10/28,/core/www/modules//sdig/index.php?run_id=110202&search_id=114132&scans_id=110198&peptide_id=44417&scanf=8955&charge=2&value=10/28,sp|P35637|FUS_HUMAN,/core/www/modules//consensus/?run_id=110202&search_id=114132&scans_id=110198&peptide_id=44417&scanf=8955&charge=2&value=sp|P35637|FUS_HUMAN,1,/core/www/modules/match_peptides/blast_html4.php?run_id=110202&search_id=114132&scans_id=110198&peptide_id=44417&scanf=8955&charge=2&value=1,R.GGFPSGGGGGGGQQR.A,/core/www/modules/show_out/show_out_wrapper.php?run_id=110202&search_id=114132&scans_id=110198&peptide_id=44417&scanf=8955&charge=2&value=R.GGFPSGGGGGGGQQR.A,FUS,1.645e+6,2.259,0.047,1.328,0.002
8956,2,"  1.751","  0.117",10/14,/core/www/modules//sdig/index.php?run_id=110202&search_id=114132&scans_id=110198&peptide_id=44418&scanf=8956&charge=2&value=10/14,sp|Q9BXS5|AP1M1_HUMAN,/core/www/modules//consensus/?run_id=110202&search_id=114132&scans_id=110198&peptide_id=44418&scanf=8956&charge=2&value=sp|Q9BXS5|AP1M1_HUMAN,10,/core/www/modules/match_peptides/blast_html4.php?run_id=110202&search_id=114132&scans_id=110198&peptide_id=44418&scanf=8956&charge=2&value=10,K.ELEEESIR.D,/core/www/modules/show_out/show_out_wrapper.php?run_id=110202&search_id=114132&scans_id=110198&peptide_id=44418&scanf=8956&charge=2&value=K.ELEEESIR.D,AP1M1,1.174e+6,1.821,0.180,0.744,0.010
8964,2,"  1.754","  0.149",6/20,/core/www/modules//sdig/index.php?run_id=110202&search_id=114132&scans_id=110198&peptide_id=44426&scanf=8964&charge=2&value=6/20,sp|P60709|ACTB_HUMAN,/core/www/modules//consensus/?run_id=110202&search_id=114132&scans_id=110198&peptide_id=44426&scanf=8964&charge=2&value=sp|P60709|ACTB_HUMAN,26,/core/www/modules/match_peptides/blast_html4.php?run_id=110202&search_id=114132&scans_id=110198&peptide_id=44426&scanf=8964&charge=2&value=26,R.HQGVM*VGM*GQK.D,/core/www/modules/show_out/show_out_wrapper.php?run_id=110202&search_id=114132&scans_id=110198&peptide_id=44426&scanf=8964&charge=2&value=R.HQGVM*VGM*GQK.D,ACTB,2.958e+6,2.152,0.066,1.178,0.002
8972,2,"  1.658","  0.302",7/12,/core/www/modules//sdig/index.php?run_id=110202&search_id=114132&scans_id=110198&peptide_id=44433&scanf=8972&charge=2&value=7/12,sp|P06748|NPM_HUMAN,/core/www/modules//consensus/?run_id=110202&search_id=114132&scans_id=110198&peptide_id=44433&scanf=8972&charge=2&value=sp|P06748|NPM_HUMAN,4,/core/www/modules/match_peptides/blast_html4.php?run_id=110202&search_id=114132&scans_id=110198&peptide_id=44433&scanf=8972&charge=2&value=4,K.MQASIEK.G,/core/www/modules/show_out/show_out_wrapper.php?run_id=110202&search_id=114132&scans_id=110198&peptide_id=44433&scanf=8972&charge=2&value=K.MQASIEK.G,NPM1,6.047e+6,2.664,0.012,1.913,0.000
8973,3,"  3.671","  0.545",12/32,/core/www/modules//sdig/index.php?run_id=110202&search_id=114132&scans_id=110198&peptide_id=44434&scanf=8973&charge=3&value=12/32,sp|Q9UNX3|RL26L_HUMAN,/core/www/modules//consensus/?run_id=110202&search_id=114132&scans_id=110198&peptide_id=44434&scanf=8973&charge=3&value=sp|Q9UNX3|RL26L_HUMAN,2,/core/www/modules/match_peptides/blast_html4.php?run_id=110202&search_id=114132&scans_id=110198&peptide_id=44434&scanf=8973&charge=3&value=2,R.HFNAPSHVR.R,/core/www/modules/show_out/show_out_wrapper.php?run_id=110202&search_id=114132&scans_id=110198&peptide_id=44434&scanf=8973&charge=3&value=R.HFNAPSHVR.R,RPL26L1,3.190e+6,3.541,0.001,3.209,0.000
8974,2,"  2.128","  0.185",10/14,/core/www/modules//sdig/index.php?run_id=110202&search_id=114132&scans_id=110198&peptide_id=44435&scanf=8974&charge=2&value=10/14,sp|Q9BQ39|DDX50_HUMAN,/core/www/modules//consensus/?run_id=110202&search_id=114132&scans_id=110198&peptide_id=44435&scanf=8974&charge=2&value=sp|Q9BQ39|DDX50_HUMAN,0,/core/www/modules/match_peptides/blast_html4.php?run_id=110202&search_id=114132&scans_id=110198&peptide_id=44435&scanf=8974&charge=2&value=0,R.ELANQVAK.D,/core/www/modules/show_out/show_out_wrapper.php?run_id=110202&search_id=114132&scans_id=110198&peptide_id=44435&scanf=8974&charge=2&value=R.ELANQVAK.D,DDX50,2.959e+6,2.466,0.024,1.624,0.001
8981,2,"  2.246","  0.314",11/22,/core/www/modules//sdig/index.php?run_id=110202&search_id=114132&scans_id=110198&peptide_id=44442&scanf=8981&charge=2&value=11/22,sp|Q9NX58|LYAR_HUMAN,/core/www/modules//consensus/?run_id=110202&search_id=114132&scans_id=110198&peptide_id=44442&scanf=8981&charge=2&value=sp|Q9NX58|LYAR_HUMAN,0,/core/www/modules/match_peptides/blast_html4.php?run_id=110202&search_id=114132&scans_id=110198&peptide_id=44442&scanf=8981&charge=2&value=0,K.VKDAVEQQGEVK.K,/core/www/modules/show_out/show_out_wrapper.php?run_id=110202&search_id=114132&scans_id=110198&peptide_id=44442&scanf=8981&charge=2&value=K.VKDAVEQQGEVK.K,LYAR,5.578e+6,2.177,0.061,1.213,0.002
8993,2,"  4.900","  0.817",20/34,/core/www/modules//sdig/index.php?run_id=110202&search_id=114132&scans_id=110198&peptide_id=44453&scanf=8993&charge=2&value=20/34,sp|P09651|ROA1_HUMAN,/core/www/modules//consensus/?run_id=110202&search_id=114132&scans_id=110198&peptide_id=44453&scanf=8993&charge=2&value=sp|P09651|ROA1_HUMAN,6,/core/www/modules/match_peptides/blast_html4.php?run_id=110202&search_id=114132&scans_id=110198&peptide_id=44453&scanf=8993&charge=2&value=6,R.NQGGYGGSSSSSSYGSGR.R,/core/www/modules/show_out/show_out_wrapper.php?run_id=110202&search_id=114132&scans_id=110198&peptide_id=44453&scanf=8993&charge=2&value=R.NQGGYGGSSSSSSYGSGR.R,HNRNPA1,2.662e+7,4.254,0.000,4.267,0.000
8995,2,"  2.955","  0.541",12/18,/core/www/modules//sdig/index.php?run_id=110202&search_id=114132&scans_id=110198&peptide_id=44455&scanf=8995&charge=2&value=12/18,sp|Q14980|NUMA1_HUMAN,/core/www/modules//consensus/?run_id=110202&search_id=114132&scans_id=110198&peptide_id=44455&scanf=8995&charge=2&value=sp|Q14980|NUMA1_HUMAN,1,/core/www/modules/match_peptides/blast_html4.php?run_id=110202&search_id=114132&scans_id=110198&peptide_id=44455&scanf=8995&charge=2&value=1,R.AADALEEQQR.C,/core/www/modules/show_out/show_out_wrapper.php?run_id=110202&search_id=114132&scans_id=110198&peptide_id=44455&scanf=8995&charge=2&value=R.AADALEEQQR.C,NUMA1,3.963e+6,3.713,0.000,3.464,0.000
8996,3,"  2.098","  0.207",8/32,/core/www/modules//sdig/index.php?run_id=110202&search_id=114132&scans_id=110198&peptide_id=44456&scanf=8996&charge=3&value=8/32,sp|Q29RF7|PDS5A_HUMAN,/core/www/modules//consensus/?run_id=110202&search_id=114132&scans_id=110198&peptide_id=44456&scanf=8996&charge=3&value=sp|Q29RF7|PDS5A_HUMAN,1,/core/www/modules/match_peptides/blast_html4.php?run_id=110202&search_id=114132&scans_id=110198&peptide_id=44456&scanf=8996&charge=3&value=1,R.SHDPEEAIR.H,/core/www/modules/show_out/show_out_wrapper.php?run_id=110202&search_id=114132&scans_id=110198&peptide_id=44456&scanf=8996&charge=3&value=R.SHDPEEAIR.H,PDS5A,6.058e+6,2.336,0.036,1.438,0.001
8997,2,"  1.963","  0.239",9/16,/core/www/modules//sdig/index.php?run_id=110202&search_id=114132&scans_id=110198&peptide_id=44457&scanf=8997&charge=2&value=9/16,sp|P50570|DYN2_HUMAN,/core/www/modules//consensus/?run_id=110202&search_id=114132&scans_id=110198&peptide_id=44457&scanf=8997&charge=2&value=sp|P50570|DYN2_HUMAN,0,/core/www/modules/match_peptides/blast_html4.php?run_id=110202&search_id=114132&scans_id=110198&peptide_id=44457&scanf=8997&charge=2&value=0,R.QEIEAETDR.V,/core/www/modules/show_out/show_out_wrapper.php?run_id=110202&search_id=114132&scans_id=110198&peptide_id=44457&scanf=8997&charge=2&value=R.QEIEAETDR.V,DNM2,5.557e+6,2.381,0.032,1.502,0.001
8998,2,"  3.347","  0.415",15/18,/core/www/modules//sdig/index.php?run_id=110202&search_id=114132&scans_id=110198&peptide_id=44458&scanf=8998&charge=2&value=15/18,sp|Q08211|DHX9_HUMAN,/core/www/modules//consensus/?run_id=110202&search_id=114132&scans_id=110198&peptide_id=44458&scanf=8998&charge=2&value=sp|Q08211|DHX9_HUMAN,0,/core/www/modules/match_peptides/blast_html4.php?run_id=110202&search_id=114132&scans_id=110198&peptide_id=44458&scanf=8998&charge=2&value=0,K.KEGETVEPYK.V,/core/www/modules/show_out/show_out_wrapper.php?run_id=110202&search_id=114132&scans_id=110198&peptide_id=44458&scanf=8998&charge=2&value=K.KEGETVEPYK.V,DHX9,7.817e+5,3.381,0.001,2.972,0.000
9014,2,"  2.999","  0.473",12/14,/core/www/modules//sdig/index.php?run_id=110202&search_id=114132&scans_id=110198&peptide_id=44473&scanf=9014&charge=2&value=12/14,sp|Q16629|SRSF7_HUMAN,/core/www/modules//consensus/?run_id=110202&search_id=114132&scans_id=110198&peptide_id=44473&scanf=9014&charge=2&value=sp|Q16629|SRSF7_HUMAN,3,/core/www/modules/match_peptides/blast_html4.php?run_id=110202&search_id=114132&scans_id=110198&peptide_id=44473&scanf=9014&charge=2&value=3,R.RPFDPNDR.C,/core/www/modules/show_out/show_out_wrapper.php?run_id=110202&search_id=114132&scans_id=110198&peptide_id=44473&scanf=9014&charge=2&value=R.RPFDPNDR.C,SRSF7,4.048e+7,3.699,0.000,3.443,0.000
9016,2,"  3.557","  0.589",13/18,/core/www/modules//sdig/index.php?run_id=110202&search_id=114132&scans_id=110198&peptide_id=44475&scanf=9016&charge=2&value=13/18,sp|P53618|COPB_HUMAN,/core/www/modules//consensus/?run_id=110202&search_id=114132&scans_id=110198&peptide_id=44475&scanf=9016&charge=2&value=sp|P53618|COPB_HUMAN,0,/core/www/modules/match_peptides/blast_html4.php?run_id=110202&search_id=114132&scans_id=110198&peptide_id=44475&scanf=9016&charge=2&value=0,K.KPITDDDVDR.I,/core/www/modules/show_out/show_out_wrapper.php?run_id=110202&search_id=114132&scans_id=110198&peptide_id=44475&scanf=9016&charge=2&value=K.KPITDDDVDR.I,COPB1,2.247e+6,3.879,0.000,3.710,0.000
9017,2,"  2.459","  0.239",12/24,/core/www/modules//sdig/index.php?run_id=110202&search_id=114132&scans_id=110198&peptide_id=44476&scanf=9017&charge=2&value=12/24,sp|Q13151|ROA0_HUMAN,/core/www/modules//consensus/?run_id=110202&search_id=114132&scans_id=110198&peptide_id=44476&scanf=9017&charge=2&value=sp|Q13151|ROA0_HUMAN,0,/core/www/modules/match_peptides/blast_html4.php?run_id=110202&search_id=114132&scans_id=110198&peptide_id=44476&scanf=9017&charge=2&value=0,K.EDIYSGGGGGGSR.S,/core/www/modules/show_out/show_out_wrapper.php?run_id=110202&search_id=114132&scans_id=110198&peptide_id=44476&scanf=9017&charge=2&value=K.EDIYSGGGGGGSR.S,HNRNPA0,1.835e+7,2.180,0.061,1.218,0.002
9033,2,"  2.102","  0.238",10/14,/core/www/modules//sdig/index.php?run_id=110202&search_id=114132&scans_id=110198&peptide_id=44492&scanf=9033&charge=2&value=10/14,sp|Q9BQ39|DDX50_HUMAN,/core/www/modules//consensus/?run_id=110202&search_id=114132&scans_id=110198&peptide_id=44492&scanf=9033&charge=2&value=sp|Q9BQ39|DDX50_HUMAN,0,/core/www/modules/match_peptides/blast_html4.php?run_id=110202&search_id=114132&scans_id=110198&peptide_id=44492&scanf=9033&charge=2&value=0,R.ELANQVAK.D,/core/www/modules/show_out/show_out_wrapper.php?run_id=110202&search_id=114132&scans_id=110198&peptide_id=44492&scanf=9033&charge=2&value=R.ELANQVAK.D,DDX50,2.959e+6,2.592,0.016,1.808,0.000
9035,2,"  1.631","  0.252",9/14,/core/www/modules//sdig/index.php?run_id=110202&search_id=114132&scans_id=110198&peptide_id=44493&scanf=9035&charge=2&value=9/14,sp|O94906|PRP6_HUMAN,/core/www/modules//consensus/?run_id=110202&search_id=114132&scans_id=110198&peptide_id=44493&scanf=9035&charge=2&value=sp|O94906|PRP6_HUMAN,0,/core/www/modules/match_peptides/blast_html4.php?run_id=110202&search_id=114132&scans_id=110198&peptide_id=44493&scanf=9035&charge=2&value=0,R.EAYNQGLK.K,/core/www/modules/show_out/show_out_wrapper.php?run_id=110202&search_id=114132&scans_id=110198&peptide_id=44493&scanf=9035&charge=2&value=R.EAYNQGLK.K,PRPF6,8.030e+6,2.671,0.012,1.923,0.000
9037,2,"  1.892","  0.311",6/14,/core/www/modules//sdig/index.php?run_id=110202&search_id=114132&scans_id=110198&peptide_id=44495&scanf=9037&charge=2&value=6/14,sp|Q14683|SMC1A_HUMAN,/core/www/modules//consensus/?run_id=110202&search_id=114132&scans_id=110198&peptide_id=44495&scanf=9037&charge=2&value=sp|Q14683|SMC1A_HUMAN,2,/core/www/modules/match_peptides/blast_html4.php?run_id=110202&search_id=114132&scans_id=110198&peptide_id=44495&scanf=9037&charge=2&value=2,R.IAFGGHQR.H,/core/www/modules/show_out/show_out_wrapper.php?run_id=110202&search_id=114132&scans_id=110198&peptide_id=44495&scanf=9037&charge=2&value=R.IAFGGHQR.H,SMC1A,1.853e+6,2.497,0.021,1.669,0.001
9041,3,"  1.816","  0.070",7/28,/core/www/modules//sdig/index.php?run_id=110202&search_id=114132&scans_id=110198&peptide_id=44499&scanf=9041&charge=3&value=7/28,sp|Q14683|SMC1A_HUMAN,/core/www/modules//consensus/?run_id=110202&search_id=114132&scans_id=110198&peptide_id=44499&scanf=9041&charge=3&value=sp|Q14683|SMC1A_HUMAN,2,/core/www/modules/match_peptides/blast_html4.php?run_id=110202&search_id=114132&scans_id=110198&peptide_id=44499&scanf=9041&charge=3&value=2,K.NHEMEEIR.K,/core/www/modules/show_out/show_out_wrapper.php?run_id=110202&search_id=114132&scans_id=110198&peptide_id=44499&scanf=9041&charge=3&value=K.NHEMEEIR.K,SMC1A,1.365e+6,1.922,0.135,0.870,0.007
9056,2,"  2.256","  0.090",11/16,/core/www/modules//sdig/index.php?run_id=110202&search_id=114132&scans_id=110198&peptide_id=44513&scanf=9056&charge=2&value=11/16,sp|P08670|VIME_HUMAN,/core/www/modules//consensus/?run_id=110202&search_id=114132&scans_id=110198&peptide_id=44513&scanf=9056&charge=2&value=sp|P08670|VIME_HUMAN,1,/core/www/modules/match_peptides/blast_html4.php?run_id=110202&search_id=114132&scans_id=110198&peptide_id=44513&scanf=9056&charge=2&value=1,R.QVDQLTNDK.A,/core/www/modules/show_out/show_out_wrapper.php?run_id=110202&search_id=114132&scans_id=110198&peptide_id=44513&scanf=9056&charge=2&value=R.QVDQLTNDK.A,VIM,1.237e+8,2.547,0.018,1.742,0.000
9057,3,"  2.371","  0.408",10/36,/core/www/modules//sdig/index.php?run_id=110202&search_id=114132&scans_id=110198&peptide_id=44514&scanf=9057&charge=3&value=10/36,sp|P62805|H4_HUMAN,/core/www/modules//consensus/?run_id=110202&search_id=114132&scans_id=110198&peptide_id=44514&scanf=9057&charge=3&value=sp|P62805|H4_HUMAN,0,/core/www/modules/match_peptides/blast_html4.php?run_id=110202&search_id=114132&scans_id=110198&peptide_id=44514&scanf=9057&charge=3&value=0,R.DAVTYTEHAK.R,/core/www/modules/show_out/show_out_wrapper.php?run_id=110202&search_id=114132&scans_id=110198&peptide_id=44514&scanf=9057&charge=3&value=R.DAVTYTEHAK.R,H4C16,2.336e+8,3.070,0.003,2.512,0.000
9086,2,"  2.031","  0.393",8/16,/core/www/modules//sdig/index.php?run_id=110202&search_id=114132&scans_id=110198&peptide_id=44542&scanf=9086&charge=2&value=8/16,sp|P49207|RL34_HUMAN,/core/www/modules//consensus/?run_id=110202&search_id=114132&scans_id=110198&peptide_id=44542&scanf=9086&charge=2&value=sp|P49207|RL34_HUMAN,0,/core/www/modules/match_peptides/blast_html4.php?run_id=110202&search_id=114132&scans_id=110198&peptide_id=44542&scanf=9086&charge=2&value=0,R.LSYNTASNK.T,/core/www/modules/show_out/show_out_wrapper.php?run_id=110202&search_id=114132&scans_id=110198&peptide_id=44542&scanf=9086&charge=2&value=R.LSYNTASNK.T,RPL34,1.394e+7,2.771,0.008,2.071,0.000
9090,2,"  2.151","  0.482",11/28,/core/www/modules//sdig/index.php?run_id=110202&search_id=114132&scans_id=110198&peptide_id=44546&scanf=9090&charge=2&value=11/28,sp|P35637|FUS_HUMAN,/core/www/modules//consensus/?run_id=110202&search_id=114132&scans_id=110198&peptide_id=44546&scanf=9090&charge=2&value=sp|P35637|FUS_HUMAN,1,/core/www/modules/match_peptides/blast_html4.php?run_id=110202&search_id=114132&scans_id=110198&peptide_id=44546&scanf=9090&charge=2&value=1,R.GGFPSGGGGGGGQQR.A,/core/www/modules/show_out/show_out_wrapper.php?run_id=110202&search_id=114132&scans_id=110198&peptide_id=44546&scanf=9090&charge=2&value=R.GGFPSGGGGGGGQQR.A,FUS,1.645e+6,2.657,0.012,1.903,0.000
9101,3,"  3.216","  0.496",14/44,/core/www/modules//sdig/index.php?run_id=110202&search_id=114132&scans_id=110198&peptide_id=44556&scanf=9101&charge=3&value=14/44,sp|Q6IN85|P4R3A_HUMAN,/core/www/modules//consensus/?run_id=110202&search_id=114132&scans_id=110198&peptide_id=44556&scanf=9101&charge=3&value=sp|Q6IN85|P4R3A_HUMAN,5,/core/www/modules/match_peptides/blast_html4.php?run_id=110202&search_id=114132&scans_id=110198&peptide_id=44556&scanf=9101&charge=3&value=5,R.GTGHVSSGYVER.L,/core/www/modules/show_out/show_out_wrapper.php?run_id=110202&search_id=114132&scans_id=110198&peptide_id=44556&scanf=9101&charge=3&value=R.GTGHVSSGYVER.L,PPP4R3A,2.958e+6,3.236,0.002,2.758,0.000
9109,2,"  3.235","  0.557",10/26,/core/www/modules//sdig/index.php?run_id=110202&search_id=114132&scans_id=110198&peptide_id=44564&scanf=9109&charge=2&value=10/26,sp|P38159|RBMX_HUMAN,/core/www/modules//consensus/?run_id=110202&search_id=114132&scans_id=110198&peptide_id=44564&scanf=9109&charge=2&value=sp|P38159|RBMX_HUMAN,4,/core/www/modules/match_peptides/blast_html4.php?run_id=110202&search_id=114132&scans_id=110198&peptide_id=44564&scanf=9109&charge=2&value=4,R.DRDYSDHPSGGSYR.D,/core/www/modules/show_out/show_out_wrapper.php?run_id=110202&search_id=114132&scans_id=110198&peptide_id=44564&scanf=9109&charge=2&value=R.DRDYSDHPSGGSYR.D,RBMX,1.217e+7,2.949,0.005,2.332,0.000
9120,3,"  2.893","  0.325",12/36,/core/www/modules//sdig/index.php?run_id=110202&search_id=114132&scans_id=110198&peptide_id=44574&scanf=9120&charge=3&value=12/36,sp|Q03252|LMNB2_HUMAN,/core/www/modules//consensus/?run_id=110202&search_id=114132&scans_id=110198&peptide_id=44574&scanf=9120&charge=3&value=sp|Q03252|LMNB2_HUMAN,0,/core/www/modules/match_peptides/blast_html4.php?run_id=110202&search_id=114132&scans_id=110198&peptide_id=44574&scanf=9120&charge=3&value=0,K.ISEKEEVTTR.E,/core/www/modules/show_out/show_out_wrapper.php?run_id=110202&search_id=114132&scans_id=110198&peptide_id=44574&scanf=9120&charge=3&value=K.ISEKEEVTTR.E,LMNB2,5.767e+6,2.533,0.019,1.722,0.000
9126,2,"  1.830","  0.415",9/18,/core/www/modules//sdig/index.php?run_id=110202&search_id=114132&scans_id=110198&peptide_id=44580&scanf=9126&charge=2&value=9/18,sp|Q9H2P0|ADNP_HUMAN,/core/www/modules//consensus/?run_id=110202&search_id=114132&scans_id=110198&peptide_id=44580&scanf=9126&charge=2&value=sp|Q9H2P0|ADNP_HUMAN,1,/core/www/modules/match_peptides/blast_html4.php?run_id=110202&search_id=114132&scans_id=110198&peptide_id=44580&scanf=9126&charge=2&value=1,R.NVHSEDFENR.I,/core/www/modules/show_out/show_out_wrapper.php?run_id=110202&search_id=114132&scans_id=110198&peptide_id=44580&scanf=9126&charge=2&value=R.NVHSEDFENR.I,ADNP,1.205e+6,2.645,0.013,1.886,0.000
9131,2,"  2.013","  0.406",10/18,/core/www/modules//sdig/index.php?run_id=110202&search_id=114132&scans_id=110198&peptide_id=44585&scanf=9131&charge=2&value=10/18,sp|P49959|MRE11_HUMAN,/core/www/modules//consensus/?run_id=110202&search_id=114132&scans_id=110198&peptide_id=44585&scanf=9131&charge=2&value=sp|P49959|MRE11_HUMAN,0,/core/www/modules/match_peptides/blast_html4.php?run_id=110202&search_id=114132&scans_id=110198&peptide_id=44585&scanf=9131&charge=2&value=0,R.ADTGLETSTR.S,/core/www/modules/show_out/show_out_wrapper.php?run_id=110202&search_id=114132&scans_id=110198&peptide_id=44585&scanf=9131&charge=2&value=R.ADTGLETSTR.S,MRE11,2.037e+6,2.693,0.011,1.955,0.000
9141,3,"  3.215","  0.518",14/40,/core/www/modules//sdig/index.php?run_id=110202&search_id=114132&scans_id=110198&peptide_id=44594&scanf=9141&charge=3&value=14/40,sp|P62266|RS23_HUMAN,/core/www/modules//consensus/?run_id=110202&search_id=114132&scans_id=110198&peptide_id=44594&scanf=9141&charge=3&value=sp|P62266|RS23_HUMAN,4,/core/www/modules/match_peptides/blast_html4.php?run_id=110202&search_id=114132&scans_id=110198&peptide_id=44594&scanf=9141&charge=3&value=4,K.ANPFGGASHAK.G,/core/www/modules/show_out/show_out_wrapper.php?run_id=110202&search_id=114132&scans_id=110198&peptide_id=44594&scanf=9141&charge=3&value=K.ANPFGGASHAK.G,RPS23,1.584e+7,3.401,0.001,3.001,0.000
9142,2,"  1.847","  0.317",6/16,/core/www/modules//sdig/index.php?run_id=110202&search_id=114132&scans_id=110198&peptide_id=44595&scanf=9142&charge=2&value=6/16,sp|Q9P2K5|MYEF2_HUMAN,/core/www/modules//consensus/?run_id=110202&search_id=114132&scans_id=110198&peptide_id=44595&scanf=9142&charge=2&value=sp|Q9P2K5|MYEF2_HUMAN,5,/core/www/modules/match_peptides/blast_html4.php?run_id=110202&search_id=114132&scans_id=110198&peptide_id=44595&scanf=9142&charge=2&value=5,R.GAMTSSMER.D,/core/www/modules/show_out/show_out_wrapper.php?run_id=110202&search_id=114132&scans_id=110198&peptide_id=44595&scanf=9142&charge=2&value=R.GAMTSSMER.D,MYEF2,2.285e+6,2.355,0.034,1.466,0.001
9150,3,"  3.570","  0.390",14/60,/core/www/modules//sdig/index.php?run_id=110202&search_id=114132&scans_id=110198&peptide_id=44603&scanf=9150&charge=3&value=14/60,sp|Q8TDD1|DDX54_HUMAN,/core/www/modules//consensus/?run_id=110202&search_id=114132&scans_id=110198&peptide_id=44603&scanf=9150&charge=3&value=sp|Q8TDD1|DDX54_HUMAN,0,/core/www/modules/match_peptides/blast_html4.php?run_id=110202&search_id=114132&scans_id=110198&peptide_id=44603&scanf=9150&charge=3&value=0,R.GQGASRPHAPGTPAGR.V,/core/www/modules/show_out/show_out_wrapper.php?run_id=110202&search_id=114132&scans_id=110198&peptide_id=44603&scanf=9150&charge=3&value=R.GQGASRPHAPGTPAGR.V,DDX54,1.289e+6,2.639,0.013,1.877,0.000
9151,3,"  2.905","  0.278",14/44,/core/www/modules//sdig/index.php?run_id=110202&search_id=114132&scans_id=110198&peptide_id=44604&scanf=9151&charge=3&value=14/44,sp|Q9NQZ2|SAS10_HUMAN,/core/www/modules//consensus/?run_id=110202&search_id=114132&scans_id=110198&peptide_id=44604&scanf=9151&charge=3&value=sp|Q9NQZ2|SAS10_HUMAN,0,/core/www/modules/match_peptides/blast_html4.php?run_id=110202&search_id=114132&scans_id=110198&peptide_id=44604&scanf=9151&charge=3&value=0,R.RVPAHGHPVIER.L,/core/www/modules/show_out/show_out_wrapper.php?run_id=110202&search_id=114132&scans_id=110198&peptide_id=44604&scanf=9151&charge=3&value=R.RVPAHGHPVIER.L,UTP3,1.126e+6,2.234,0.051,1.293,0.002
9166,3,"  2.122","  0.387",9/40,/core/www/modules//sdig/index.php?run_id=110202&search_id=114132&scans_id=110198&peptide_id=44618&scanf=9166&charge=3&value=9/40,sp|Q00341|VIGLN_HUMAN,/core/www/modules//consensus/?run_id=110202&search_id=114132&scans_id=110198&peptide_id=44618&scanf=9166&charge=3&value=sp|Q00341|VIGLN_HUMAN,2,/core/www/modules/match_peptides/blast_html4.php?run_id=110202&search_id=114132&scans_id=110198&peptide_id=44618&scanf=9166&charge=3&value=2,R.VKELQAEQEDR.A,/core/www/modules/show_out/show_out_wrapper.php?run_id=110202&search_id=114132&scans_id=110198&peptide_id=44618&scanf=9166&charge=3&value=R.VKELQAEQEDR.A,HDLBP,1.897e+6,2.485,0.022,1.652,0.001
9178,2,"  1.501","  0.442",6/24,/core/www/modules//sdig/index.php?run_id=110202&search_id=114132&scans_id=110198&peptide_id=44630&scanf=9178&charge=2&value=6/24,sp|P46939|UTRN_HUMAN,/core/www/modules//consensus/?run_id=110202&search_id=114132&scans_id=110198&peptide_id=44630&scanf=9178&charge=2&value=sp|P46939|UTRN_HUMAN,0,/core/www/modules/match_peptides/blast_html4.php?run_id=110202&search_id=114132&scans_id=110198&peptide_id=44630&scanf=9178&charge=2&value=0,K.QQAAQGDDAGLQR.Q,/core/www/modules/show_out/show_out_wrapper.php?run_id=110202&search_id=114132&scans_id=110198&peptide_id=44630&scanf=9178&charge=2&value=K.QQAAQGDDAGLQR.Q,UTRN,5.175e+5,2.434,0.026,1.579,0.001
9193,2,"  1.840","  0.283",10/18,/core/www/modules//sdig/index.php?run_id=110202&search_id=114132&scans_id=110198&peptide_id=44644&scanf=9193&charge=2&value=10/18,sp|Q9NW13|RBM28_HUMAN,/core/www/modules//consensus/?run_id=110202&search_id=114132&scans_id=110198&peptide_id=44644&scanf=9193&charge=2&value=sp|Q9NW13|RBM28_HUMAN,1,/core/www/modules/match_peptides/blast_html4.php?run_id=110202&search_id=114132&scans_id=110198&peptide_id=44644&scanf=9193&charge=2&value=1,R.KLPSDVNEGK.T,/core/www/modules/show_out/show_out_wrapper.php?run_id=110202&search_id=114132&scans_id=110198&peptide_id=44644&scanf=9193&charge=2&value=R.KLPSDVNEGK.T,RBM28,1.722e+6,2.200,0.057,1.246,0.002
9200,3,"  2.275","  0.257",7/40,/core/www/modules//sdig/index.php?run_id=110202&search_id=114132&scans_id=110198&peptide_id=44651&scanf=9200&charge=3&value=7/40,sp|P11387|TOP1_HUMAN,/core/www/modules//consensus/?run_id=110202&search_id=114132&scans_id=110198&peptide_id=44651&scanf=9200&charge=3&value=sp|P11387|TOP1_HUMAN,1,/core/www/modules/match_peptides/blast_html4.php?run_id=110202&search_id=114132&scans_id=110198&peptide_id=44651&scanf=9200&charge=3&value=1,R.KLEEEEDGKLK.K,/core/www/modules/show_out/show_out_wrapper.php?run_id=110202&search_id=114132&scans_id=110198&peptide_id=44651&scanf=9200&charge=3&value=R.KLEEEEDGKLK.K,TOP1,2.696e+7,1.819,0.181,0.741,0.010
9206,3,"  2.978","  0.521",11/36,/core/www/modules//sdig/index.php?run_id=110202&search_id=114132&scans_id=110198&peptide_id=44656&scanf=9206&charge=3&value=11/36,sp|Q13242|SRSF9_HUMAN,/core/www/modules//consensus/?run_id=110202&search_id=114132&scans_id=110198&peptide_id=44656&scanf=9206&charge=3&value=sp|Q13242|SRSF9_HUMAN,0,/core/www/modules/match_peptides/blast_html4.php?run_id=110202&search_id=114132&scans_id=110198&peptide_id=44656&scanf=9206&charge=3&value=0,R.SHEGETSYIR.V,/core/www/modules/show_out/show_out_wrapper.php?run_id=110202&search_id=114132&scans_id=110198&peptide_id=44656&scanf=9206&charge=3&value=R.SHEGETSYIR.V,SRSF9,2.655e+7,3.452,0.001,3.077,0.000
9207,2,"  1.806","  0.301",7/16,/core/www/modules//sdig/index.php?run_id=110202&search_id=114132&scans_id=110198&peptide_id=44657&scanf=9207&charge=2&value=7/16,sp|Q9P2E9|RRBP1_HUMAN,/core/www/modules//consensus/?run_id=110202&search_id=114132&scans_id=110198&peptide_id=44657&scanf=9207&charge=2&value=sp|Q9P2E9|RRBP1_HUMAN,1,/core/www/modules/match_peptides/blast_html4.php?run_id=110202&search_id=114132&scans_id=110198&peptide_id=44657&scanf=9207&charge=2&value=1,K.LQSSEAEVR.S,/core/www/modules/show_out/show_out_wrapper.php?run_id=110202&search_id=114132&scans_id=110198&peptide_id=44657&scanf=9207&charge=2&value=K.LQSSEAEVR.S,RRBP1,1.292e+6,2.401,0.029,1.531,0.001
9213,3,"  2.071","  0.197",10/40,/core/www/modules//sdig/index.php?run_id=110202&search_id=114132&scans_id=110198&peptide_id=44663&scanf=9213&charge=3&value=10/40,sp|Q9H089|LSG1_HUMAN,/core/www/modules//consensus/?run_id=110202&search_id=114132&scans_id=110198&peptide_id=44663&scanf=9213&charge=3&value=sp|Q9H089|LSG1_HUMAN,1,/core/www/modules/match_peptides/blast_html4.php?run_id=110202&search_id=114132&scans_id=110198&peptide_id=44663&scanf=9213&charge=3&value=1,R.DPVTFQHQHQR.L,/core/www/modules/show_out/show_out_wrapper.php?run_id=110202&search_id=114132&scans_id=110198&peptide_id=44663&scanf=9213&charge=3&value=R.DPVTFQHQHQR.L,LSG1,1.118e+6,2.140,0.069,1.162,0.002
9214,3,"  2.251","  0.295",10/28,/core/www/modules//sdig/index.php?run_id=110202&search_id=114132&scans_id=110198&peptide_id=44664&scanf=9214&charge=3&value=10/28,sp|A6NNZ2|TBB8B_HUMAN,/core/www/modules//consensus/?run_id=110202&search_id=114132&scans_id=110198&peptide_id=44664&scanf=9214&charge=3&value=sp|A6NNZ2|TBB8B_HUMAN,10,/core/www/modules/match_peptides/blast_html4.php?run_id=110202&search_id=114132&scans_id=110198&peptide_id=44664&scanf=9214&charge=3&value=10,K.IREEYPDR.I,/core/www/modules/show_out/show_out_wrapper.php?run_id=110202&search_id=114132&scans_id=110198&peptide_id=44664&scanf=9214&charge=3&value=K.IREEYPDR.I,TUBB8B,1.868e+7,2.478,0.023,1.642,0.001
9217,3,"  3.923","  0.440",11/40,/core/www/modules//sdig/index.php?run_id=110202&search_id=114132&scans_id=110198&peptide_id=44667&scanf=9217&charge=3&value=11/40,sp|P11387|TOP1_HUMAN,/core/www/modules//consensus/?run_id=110202&search_id=114132&scans_id=110198&peptide_id=44667&scanf=9217&charge=3&value=sp|P11387|TOP1_HUMAN,1,/core/www/modules/match_peptides/blast_html4.php?run_id=110202&search_id=114132&scans_id=110198&peptide_id=44667&scanf=9217&charge=3&value=1,R.KLEEEEDGKLK.K,/core/www/modules/show_out/show_out_wrapper.php?run_id=110202&search_id=114132&scans_id=110198&peptide_id=44667&scanf=9217&charge=3&value=R.KLEEEEDGKLK.K,TOP1,2.696e+7,2.665,0.012,1.915,0.000
9224,2,"  2.686","  0.441",11/16,/core/www/modules//sdig/index.php?run_id=110202&search_id=114132&scans_id=110198&peptide_id=44673&scanf=9224&charge=2&value=11/16,sp|P08670|VIME_HUMAN,/core/www/modules//consensus/?run_id=110202&search_id=114132&scans_id=110198&peptide_id=44673&scanf=9224&charge=2&value=sp|P08670|VIME_HUMAN,2,/core/www/modules/match_peptides/blast_html4.php?run_id=110202&search_id=114132&scans_id=110198&peptide_id=44673&scanf=9224&charge=2&value=2,R.QQYESVAAK.N,/core/www/modules/show_out/show_out_wrapper.php?run_id=110202&search_id=114132&scans_id=110198&peptide_id=44673&scanf=9224&charge=2&value=R.QQYESVAAK.N,VIM,1.538e+8,3.722,0.000,3.477,0.000
9225,2,"  1.747","  0.181",9/16,/core/www/modules//sdig/index.php?run_id=110202&search_id=114132&scans_id=110198&peptide_id=44674&scanf=9225&charge=2&value=9/16,sp|P02545|LMNA_HUMAN,/core/www/modules//consensus/?run_id=110202&search_id=114132&scans_id=110198&peptide_id=44674&scanf=9225&charge=2&value=sp|P02545|LMNA_HUMAN,5,/core/www/modules/match_peptides/blast_html4.php?run_id=110202&search_id=114132&scans_id=110198&peptide_id=44674&scanf=9225&charge=2&value=5,R.LSPSPTSQR.S,/core/www/modules/show_out/show_out_wrapper.php?run_id=110202&search_id=114132&scans_id=110198&peptide_id=44674&scanf=9225&charge=2&value=R.LSPSPTSQR.S,LMNA,1.387e+7,2.290,0.042,1.372,0.001
9232,3,"  1.616","  0.293",8/44,/core/www/modules//sdig/index.php?run_id=110202&search_id=114132&scans_id=110198&peptide_id=44681&scanf=9232&charge=3&value=8/44,sp|P38159|RBMX_HUMAN,/core/www/modules//consensus/?run_id=110202&search_id=114132&scans_id=110198&peptide_id=44681&scanf=9232&charge=3&value=sp|P38159|RBMX_HUMAN,4,/core/www/modules/match_peptides/blast_html4.php?run_id=110202&search_id=114132&scans_id=110198&peptide_id=44681&scanf=9232&charge=3&value=4,R.DYSDHPSGGSYR.D,/core/www/modules/show_out/show_out_wrapper.php?run_id=110202&search_id=114132&scans_id=110198&peptide_id=44681&scanf=9232&charge=3&value=R.DYSDHPSGGSYR.D,RBMX,2.457e+7,2.538,0.019,1.730,0.000
9234,2,"  2.118","  0.281",9/16,/core/www/modules//sdig/index.php?run_id=110202&search_id=114132&scans_id=110198&peptide_id=44683&scanf=9234&charge=2&value=9/16,sp|Q08211|DHX9_HUMAN,/core/www/modules//consensus/?run_id=110202&search_id=114132&scans_id=110198&peptide_id=44683&scanf=9234&charge=2&value=sp|Q08211|DHX9_HUMAN,0,/core/www/modules/match_peptides/blast_html4.php?run_id=110202&search_id=114132&scans_id=110198&peptide_id=44683&scanf=9234&charge=2&value=0,R.M*GGEEAEIR.F,/core/www/modules/show_out/show_out_wrapper.php?run_id=110202&search_id=114132&scans_id=110198&peptide_id=44683&scanf=9234&charge=2&value=R.M*GGEEAEIR.F,DHX9,1.298e+6,2.766,0.009,2.063,0.000
9235,2,"  2.195","  0.205",10/18,/core/www/modules//sdig/index.php?run_id=110202&search_id=114132&scans_id=110198&peptide_id=44684&scanf=9235&charge=2&value=10/18,sp|Q9H583|HEAT1_HUMAN,/core/www/modules//consensus/?run_id=110202&search_id=114132&scans_id=110198&peptide_id=44684&scanf=9235&charge=2&value=sp|Q9H583|HEAT1_HUMAN,1,/core/www/modules/match_peptides/blast_html4.php?run_id=110202&search_id=114132&scans_id=110198&peptide_id=44684&scanf=9235&charge=2&value=1,K.EGEEEQAINR.Q,/core/www/modules/show_out/show_out_wrapper.php?run_id=110202&search_id=114132&scans_id=110198&peptide_id=44684&scanf=9235&charge=2&value=K.EGEEEQAINR.Q,HEATR1,1.130e+6,2.190,0.059,1.231,0.002
9236,2,"  2.074","  0.281",8/16,/core/www/modules//sdig/index.php?run_id=110202&search_id=114132&scans_id=110198&peptide_id=44685&scanf=9236&charge=2&value=8/16,sp|O95758|PTBP3_HUMAN,/core/www/modules//consensus/?run_id=110202&search_id=114132&scans_id=110198&peptide_id=44685&scanf=9236&charge=2&value=sp|O95758|PTBP3_HUMAN,1,/core/www/modules/match_peptides/blast_html4.php?run_id=110202&search_id=114132&scans_id=110198&peptide_id=44685&scanf=9236&charge=2&value=1,K.TDNLPNQAR.A,/core/www/modules/show_out/show_out_wrapper.php?run_id=110202&search_id=114132&scans_id=110198&peptide_id=44685&scanf=9236&charge=2&value=K.TDNLPNQAR.A,PTBP3,1.342e+6,2.433,0.027,1.577,0.001
9245,2,"  2.904","  0.334",11/20,/core/www/modules//sdig/index.php?run_id=110202&search_id=114132&scans_id=110198&peptide_id=44693&scanf=9245&charge=2&value=11/20,sp|P08133|ANXA6_HUMAN,/core/www/modules//consensus/?run_id=110202&search_id=114132&scans_id=110198&peptide_id=44693&scanf=9245&charge=2&value=sp|P08133|ANXA6_HUMAN,3,/core/www/modules/match_peptides/blast_html4.php?run_id=110202&search_id=114132&scans_id=110198&peptide_id=44693&scanf=9245&charge=2&value=3,R.EEGGENLDQAR.E,/core/www/modules/show_out/show_out_wrapper.php?run_id=110202&search_id=114132&scans_id=110198&peptide_id=44693&scanf=9245&charge=2&value=R.EEGGENLDQAR.E,ANXA6,3.705e+6,2.606,0.015,1.829,0.000
9258,3,"  1.749","  0.208",8/44,/core/www/modules//sdig/index.php?run_id=110202&search_id=114132&scans_id=110198&peptide_id=44706&scanf=9258&charge=3&value=8/44,sp|P38159|RBMX_HUMAN,/core/www/modules//consensus/?run_id=110202&search_id=114132&scans_id=110198&peptide_id=44706&scanf=9258&charge=3&value=sp|P38159|RBMX_HUMAN,4,/core/www/modules/match_peptides/blast_html4.php?run_id=110202&search_id=114132&scans_id=110198&peptide_id=44706&scanf=9258&charge=3&value=4,R.DYSDHPSGGSYR.D,/core/www/modules/show_out/show_out_wrapper.php?run_id=110202&search_id=114132&scans_id=110198&peptide_id=44706&scanf=9258&charge=3&value=R.DYSDHPSGGSYR.D,RBMX,2.457e+7,2.268,0.046,1.341,0.002
9267,2,"  2.167","  0.337",11/18,/core/www/modules//sdig/index.php?run_id=110202&search_id=114132&scans_id=110198&peptide_id=44714&scanf=9267&charge=2&value=11/18,sp|Q9BXP5|SRRT_HUMAN,/core/www/modules//consensus/?run_id=110202&search_id=114132&scans_id=110198&peptide_id=44714&scanf=9267&charge=2&value=sp|Q9BXP5|SRRT_HUMAN,1,/core/www/modules/match_peptides/blast_html4.php?run_id=110202&search_id=114132&scans_id=110198&peptide_id=44714&scanf=9267&charge=2&value=1,R.ESLSEEEAQK.M,/core/www/modules/show_out/show_out_wrapper.php?run_id=110202&search_id=114132&scans_id=110198&peptide_id=44714&scanf=9267&charge=2&value=R.ESLSEEEAQK.M,SRRT,1.405e+7,2.820,0.007,2.142,0.000
9270,2,"  1.672","  0.175",6/14,/core/www/modules//sdig/index.php?run_id=110202&search_id=114132&scans_id=110198&peptide_id=44717&scanf=9270&charge=2&value=6/14,sp|P63104|1433Z_HUMAN,/core/www/modules//consensus/?run_id=110202&search_id=114132&scans_id=110198&peptide_id=44717&scanf=9270&charge=2&value=sp|P63104|1433Z_HUMAN,5,/core/www/modules/match_peptides/blast_html4.php?run_id=110202&search_id=114132&scans_id=110198&peptide_id=44717&scanf=9270&charge=2&value=5,R.VVSSIEQK.T,/core/www/modules/show_out/show_out_wrapper.php?run_id=110202&search_id=114132&scans_id=110198&peptide_id=44717&scanf=9270&charge=2&value=R.VVSSIEQK.T,YWHAZ,8.200e+6,1.936,0.129,0.889,0.006
9272,2,"  1.575","  0.099",7/12,/core/www/modules//sdig/index.php?run_id=110202&search_id=114132&scans_id=110198&peptide_id=44719&scanf=9272&charge=2&value=7/12,sp|Q7KZF4|SND1_HUMAN,/core/www/modules//consensus/?run_id=110202&search_id=114132&scans_id=110198&peptide_id=44719&scanf=9272&charge=2&value=sp|Q7KZF4|SND1_HUMAN,0,/core/www/modules/match_peptides/blast_html4.php?run_id=110202&search_id=114132&scans_id=110198&peptide_id=44719&scanf=9272&charge=2&value=0,K.VHFTAER.S,/core/www/modules/show_out/show_out_wrapper.php?run_id=110202&search_id=114132&scans_id=110198&peptide_id=44719&scanf=9272&charge=2&value=K.VHFTAER.S,SND1,1.060e+7,2.094,0.080,1.098,0.003
9287,4,"  3.163","  0.374",12/66,/core/www/modules//sdig/index.php?run_id=110202&search_id=114132&scans_id=110198&peptide_id=44733&scanf=9287&charge=4&value=12/66,sp|Q96KR1|ZFR_HUMAN,/core/www/modules//consensus/?run_id=110202&search_id=114132&scans_id=110198&peptide_id=44733&scanf=9287&charge=4&value=sp|Q96KR1|ZFR_HUMAN,0,/core/www/modules/match_peptides/blast_html4.php?run_id=110202&search_id=114132&scans_id=110198&peptide_id=44733&scanf=9287&charge=4&value=0,R.RMEEEQHHWDDR.R,/core/www/modules/show_out/show_out_wrapper.php?run_id=110202&search_id=114132&scans_id=110198&peptide_id=44733&scanf=9287&charge=4&value=R.RMEEEQHHWDDR.R,ZFR,5.283e+6,2.885,0.006,2.238,0.000
9290,2,"  1.754","  0.000",6/12,/core/www/modules//sdig/index.php?run_id=110202&search_id=114132&scans_id=110198&peptide_id=44736&scanf=9290&charge=2&value=6/12,sp|O75643|U520_HUMAN,/core/www/modules//consensus/?run_id=110202&search_id=114132&scans_id=110198&peptide_id=44736&scanf=9290&charge=2&value=sp|O75643|U520_HUMAN,1,/core/www/modules/match_peptides/blast_html4.php?run_id=110202&search_id=114132&scans_id=110198&peptide_id=44736&scanf=9290&charge=2&value=1,K.LSDSTLK.E,/core/www/modules/show_out/show_out_wrapper.php?run_id=110202&search_id=114132&scans_id=110198&peptide_id=44736&scanf=9290&charge=2&value=K.LSDSTLK.E,SNRNP200,3.612e+6,1.857,0.163,0.788,0.009
9297,2,"  1.993","  0.282",7/14,/core/www/modules//sdig/index.php?run_id=110202&search_id=114132&scans_id=110198&peptide_id=44743&scanf=9297&charge=2&value=7/14,sp|P42285|MTREX_HUMAN,/core/www/modules//consensus/?run_id=110202&search_id=114132&scans_id=110198&peptide_id=44743&scanf=9297&charge=2&value=sp|P42285|MTREX_HUMAN,0,/core/www/modules/match_peptides/blast_html4.php?run_id=110202&search_id=114132&scans_id=110198&peptide_id=44743&scanf=9297&charge=2&value=0,K.DLRPVDNR.Q,/core/www/modules/show_out/show_out_wrapper.php?run_id=110202&search_id=114132&scans_id=110198&peptide_id=44743&scanf=9297&charge=2&value=K.DLRPVDNR.Q,MTREX,4.021e+6,2.554,0.018,1.752,0.000
9303,2,"  1.591","  0.136",8/14,/core/www/modules//sdig/index.php?run_id=110202&search_id=114132&scans_id=110198&peptide_id=44749&scanf=9303&charge=2&value=8/14,sp|O75880|SCO1_HUMAN,/core/www/modules//consensus/?run_id=110202&search_id=114132&scans_id=110198&peptide_id=44749&scanf=9303&charge=2&value=sp|O75880|SCO1_HUMAN,1,/core/www/modules/match_peptides/blast_html4.php?run_id=110202&search_id=114132&scans_id=110198&peptide_id=44749&scanf=9303&charge=2&value=1,R.EEVDQVAR.A,/core/www/modules/show_out/show_out_wrapper.php?run_id=110202&search_id=114132&scans_id=110198&peptide_id=44749&scanf=9303&charge=2&value=R.EEVDQVAR.A,SCO1,8.149e+6,1.943,0.127,0.898,0.006
9309,4,"  3.266","  0.237",10/96,/core/www/modules//sdig/index.php?run_id=110202&search_id=114132&scans_id=110198&peptide_id=44754&scanf=9309&charge=4&value=10/96,sp|Q9P0L0|VAPA_HUMAN,/core/www/modules//consensus/?run_id=110202&search_id=114132&scans_id=110198&peptide_id=44754&scanf=9309&charge=4&value=sp|Q9P0L0|VAPA_HUMAN,0,/core/www/modules/match_peptides/blast_html4.php?run_id=110202&search_id=114132&scans_id=110198&peptide_id=44754&scanf=9309&charge=4&value=0,R.KVAHSDKPGSTSTASFR.D,/core/www/modules/show_out/show_out_wrapper.php?run_id=110202&search_id=114132&scans_id=110198&peptide_id=44754&scanf=9309&charge=4&value=R.KVAHSDKPGSTSTASFR.D,VAPA,1.703e+6,2.118,0.074,1.132,0.002
9314,2,"  1.819","  0.390",7/14,/core/www/modules//sdig/index.php?run_id=110202&search_id=114132&scans_id=110198&peptide_id=44759&scanf=9314&charge=2&value=7/14,sp|Q8IY18|SMC5_HUMAN,/core/www/modules//consensus/?run_id=110202&search_id=114132&scans_id=110198&peptide_id=44759&scanf=9314&charge=2&value=sp|Q8IY18|SMC5_HUMAN,0,/core/www/modules/match_peptides/blast_html4.php?run_id=110202&search_id=114132&scans_id=110198&peptide_id=44759&scanf=9314&charge=2&value=0,R.IEEMENER.H,/core/www/modules/show_out/show_out_wrapper.php?run_id=110202&search_id=114132&scans_id=110198&peptide_id=44759&scanf=9314&charge=2&value=R.IEEMENER.H,SMC5,1.547e+6,2.754,0.009,2.046,0.000
9322,2,"  3.775","  0.730",15/26,/core/www/modules//sdig/index.php?run_id=110202&search_id=114132&scans_id=110198&peptide_id=44767&scanf=9322&charge=2&value=15/26,sp|P67809|YBOX1_HUMAN,/core/www/modules//consensus/?run_id=110202&search_id=114132&scans_id=110198&peptide_id=44767&scanf=9322&charge=2&value=sp|P67809|YBOX1_HUMAN,2,/core/www/modules/match_peptides/blast_html4.php?run_id=110202&search_id=114132&scans_id=110198&peptide_id=44767&scanf=9322&charge=2&value=2,R.NYQQNYQNSESGEK.N,/core/www/modules/show_out/show_out_wrapper.php?run_id=110202&search_id=114132&scans_id=110198&peptide_id=44767&scanf=9322&charge=2&value=R.NYQQNYQNSESGEK.N,YBX1,1.273e+6,3.926,0.000,3.780,0.000
9334,2,"  1.348","  0.039",8/14,/core/www/modules//sdig/index.php?run_id=110202&search_id=114132&scans_id=110198&peptide_id=44778&scanf=9334&charge=2&value=8/14,sp|Q14204|DYHC1_HUMAN,/core/www/modules//consensus/?run_id=110202&search_id=114132&scans_id=110198&peptide_id=44778&scanf=9334&charge=2&value=sp|Q14204|DYHC1_HUMAN,27,/core/www/modules/match_peptides/blast_html4.php?run_id=110202&search_id=114132&scans_id=110198&peptide_id=44778&scanf=9334&charge=2&value=27,R.TAEVLANK.I,/core/www/modules/show_out/show_out_wrapper.php?run_id=110202&search_id=114132&scans_id=110198&peptide_id=44778&scanf=9334&charge=2&value=R.TAEVLANK.I,DYNC1H1,9.867e+5,2.003,0.106,0.977,0.005
9342,2,"  1.956","  0.285",8/18,/core/www/modules//sdig/index.php?run_id=110202&search_id=114132&scans_id=110198&peptide_id=44786&scanf=9342&charge=2&value=8/18,sp|Q96T58|MINT_HUMAN,/core/www/modules//consensus/?run_id=110202&search_id=114132&scans_id=110198&peptide_id=44786&scanf=9342&charge=2&value=sp|Q96T58|MINT_HUMAN,1,/core/www/modules/match_peptides/blast_html4.php?run_id=110202&search_id=114132&scans_id=110198&peptide_id=44786&scanf=9342&charge=2&value=1,R.TPGTYPEDSR.R,/core/www/modules/show_out/show_out_wrapper.php?run_id=110202&search_id=114132&scans_id=110198&peptide_id=44786&scanf=9342&charge=2&value=R.TPGTYPEDSR.R,SPEN,1.068e+6,1.937,0.129,0.889,0.006
9356,3,"  3.077","  0.257",17/44,/core/www/modules//sdig/index.php?run_id=110202&search_id=114132&scans_id=110198&peptide_id=44799&scanf=9356&charge=3&value=17/44,sp|Q96MU7|YTDC1_HUMAN,/core/www/modules//consensus/?run_id=110202&search_id=114132&scans_id=110198&peptide_id=44799&scanf=9356&charge=3&value=sp|Q96MU7|YTDC1_HUMAN,1,/core/www/modules/match_peptides/blast_html4.php?run_id=110202&search_id=114132&scans_id=110198&peptide_id=44799&scanf=9356&charge=3&value=1,K.SATEYKNEEYQR.S,/core/www/modules/show_out/show_out_wrapper.php?run_id=110202&search_id=114132&scans_id=110198&peptide_id=44799&scanf=9356&charge=3&value=K.SATEYKNEEYQR.S,YTHDC1,9.335e+5,2.287,0.043,1.368,0.001
9359,3,"  3.749","  0.607",20/44,/core/www/modules//sdig/index.php?run_id=110202&search_id=114132&scans_id=110198&peptide_id=44802&scanf=9359&charge=3&value=20/44,sp|Q96KR1|ZFR_HUMAN,/core/www/modules//consensus/?run_id=110202&search_id=114132&scans_id=110198&peptide_id=44802&scanf=9359&charge=3&value=sp|Q96KR1|ZFR_HUMAN,0,/core/www/modules/match_peptides/blast_html4.php?run_id=110202&search_id=114132&scans_id=110198&peptide_id=44802&scanf=9359&charge=3&value=0,R.RMEEEQHHWDDR.R,/core/www/modules/show_out/show_out_wrapper.php?run_id=110202&search_id=114132&scans_id=110198&peptide_id=44802&scanf=9359&charge=3&value=R.RMEEEQHHWDDR.R,ZFR,1.628e+6,3.574,0.001,3.258,0.000
9367,2,"  1.641","  0.037",5/12,/core/www/modules//sdig/index.php?run_id=110202&search_id=114132&scans_id=110198&peptide_id=44810&scanf=9367&charge=2&value=5/12,sp|P78527|PRKDC_HUMAN,/core/www/modules//consensus/?run_id=110202&search_id=114132&scans_id=110198&peptide_id=44810&scanf=9367&charge=2&value=sp|P78527|PRKDC_HUMAN,0,/core/www/modules/match_peptides/blast_html4.php?run_id=110202&search_id=114132&scans_id=110198&peptide_id=44810&scanf=9367&charge=2&value=0,K.DEVLANR.L,/core/www/modules/show_out/show_out_wrapper.php?run_id=110202&search_id=114132&scans_id=110198&peptide_id=44810&scanf=9367&charge=2&value=K.DEVLANR.L,PRKDC,2.886e+7,2.353,0.034,1.462,0.001
9376,4,"  3.437","  0.227",11/66,/core/www/modules//sdig/index.php?run_id=110202&search_id=114132&scans_id=110198&peptide_id=44818&scanf=9376&charge=4&value=11/66,sp|Q9H0A0|NAT10_HUMAN,/core/www/modules//consensus/?run_id=110202&search_id=114132&scans_id=110198&peptide_id=44818&scanf=9376&charge=4&value=sp|Q9H0A0|NAT10_HUMAN,1,/core/www/modules/match_peptides/blast_html4.php?run_id=110202&search_id=114132&scans_id=110198&peptide_id=44818&scanf=9376&charge=4&value=1,R.YRTEAHQDVVGR.F,/core/www/modules/show_out/show_out_wrapper.php?run_id=110202&search_id=114132&scans_id=110198&peptide_id=44818&scanf=9376&charge=4&value=R.YRTEAHQDVVGR.F,NAT10,2.495e+6,2.471,0.023,1.632,0.001
9378,3,"  3.882","  0.389",14/48,/core/www/modules//sdig/index.php?run_id=110202&search_id=114132&scans_id=110198&peptide_id=44820&scanf=9378&charge=3&value=14/48,sp|Q14980|NUMA1_HUMAN,/core/www/modules//consensus/?run_id=110202&search_id=114132&scans_id=110198&peptide_id=44820&scanf=9378&charge=3&value=sp|Q14980|NUMA1_HUMAN,2,/core/www/modules/match_peptides/blast_html4.php?run_id=110202&search_id=114132&scans_id=110198&peptide_id=44820&scanf=9378&charge=3&value=2,K.EELEQASQAHGAR.L,/core/www/modules/show_out/show_out_wrapper.php?run_id=110202&search_id=114132&scans_id=110198&peptide_id=44820&scanf=9378&charge=3&value=K.EELEQASQAHGAR.L,NUMA1,4.194e+6,3.077,0.003,2.522,0.000
9387,3,"  4.148","  0.388",12/40,/core/www/modules//sdig/index.php?run_id=110202&search_id=114132&scans_id=110198&peptide_id=44829&scanf=9387&charge=3&value=12/40,sp|P11387|TOP1_HUMAN,/core/www/modules//consensus/?run_id=110202&search_id=114132&scans_id=110198&peptide_id=44829&scanf=9387&charge=3&value=sp|P11387|TOP1_HUMAN,1,/core/www/modules/match_peptides/blast_html4.php?run_id=110202&search_id=114132&scans_id=110198&peptide_id=44829&scanf=9387&charge=3&value=1,R.KLEEEEDGKLK.K,/core/www/modules/show_out/show_out_wrapper.php?run_id=110202&search_id=114132&scans_id=110198&peptide_id=44829&scanf=9387&charge=3&value=R.KLEEEEDGKLK.K,TOP1,2.696e+7,2.543,0.018,1.736,0.000
9388,2,"  1.541","  0.272",6/12,/core/www/modules//sdig/index.php?run_id=110202&search_id=114132&scans_id=110198&peptide_id=44830&scanf=9388&charge=2&value=6/12,sp|Q7KZF4|SND1_HUMAN,/core/www/modules//consensus/?run_id=110202&search_id=114132&scans_id=110198&peptide_id=44830&scanf=9388&charge=2&value=sp|Q7KZF4|SND1_HUMAN,0,/core/www/modules/match_peptides/blast_html4.php?run_id=110202&search_id=114132&scans_id=110198&peptide_id=44830&scanf=9388&charge=2&value=0,K.VHFTAER.S,/core/www/modules/show_out/show_out_wrapper.php?run_id=110202&search_id=114132&scans_id=110198&peptide_id=44830&scanf=9388&charge=2&value=K.VHFTAER.S,SND1,1.060e+7,2.480,0.023,1.645,0.001
9405,3,"  2.035","  0.175",6/44,/core/www/modules//sdig/index.php?run_id=110202&search_id=114132&scans_id=110198&peptide_id=44846&scanf=9405&charge=3&value=6/44,sp|P38159|RBMX_HUMAN,/core/www/modules//consensus/?run_id=110202&search_id=114132&scans_id=110198&peptide_id=44846&scanf=9405&charge=3&value=sp|P38159|RBMX_HUMAN,4,/core/www/modules/match_peptides/blast_html4.php?run_id=110202&search_id=114132&scans_id=110198&peptide_id=44846&scanf=9405&charge=3&value=4,R.DYSDHPSGGSYR.D,/core/www/modules/show_out/show_out_wrapper.php?run_id=110202&search_id=114132&scans_id=110198&peptide_id=44846&scanf=9405&charge=3&value=R.DYSDHPSGGSYR.D,RBMX,2.457e+7,2.093,0.080,1.097,0.003
9408,2,"  1.430","  0.183",9/14,/core/www/modules//sdig/index.php?run_id=110202&search_id=114132&scans_id=110198&peptide_id=44849&scanf=9408&charge=2&value=9/14,sp|Q9H307|PININ_HUMAN,/core/www/modules//consensus/?run_id=110202&search_id=114132&scans_id=110198&peptide_id=44849&scanf=9408&charge=2&value=sp|Q9H307|PININ_HUMAN,0,/core/www/modules/match_peptides/blast_html4.php?run_id=110202&search_id=114132&scans_id=110198&peptide_id=44849&scanf=9408&charge=2&value=0,K.MEEETEVR.E,/core/www/modules/show_out/show_out_wrapper.php?run_id=110202&search_id=114132&scans_id=110198&peptide_id=44849&scanf=9408&charge=2&value=K.MEEETEVR.E,PNN,3.827e+6,2.253,0.048,1.319,0.002
9413,2,"  1.699","  0.210",9/16,/core/www/modules//sdig/index.php?run_id=110202&search_id=114132&scans_id=110198&peptide_id=44853&scanf=9413&charge=2&value=9/16,sp|P14625|ENPL_HUMAN,/core/www/modules//consensus/?run_id=110202&search_id=114132&scans_id=110198&peptide_id=44853&scanf=9413&charge=2&value=sp|P14625|ENPL_HUMAN,4,/core/www/modules/match_peptides/blast_html4.php?run_id=110202&search_id=114132&scans_id=110198&peptide_id=44853&scanf=9413&charge=2&value=4,K.ESTAEKDEL.-,/core/www/modules/show_out/show_out_wrapper.php?run_id=110202&search_id=114132&scans_id=110198&peptide_id=44853&scanf=9413&charge=2&value=K.ESTAEKDEL.-,HSP90B1,9.076e+6,2.067,0.087,1.063,0.004
9419,2,"  1.349","  0.256",7/14,/core/www/modules//sdig/index.php?run_id=110202&search_id=114132&scans_id=110198&peptide_id=44859&scanf=9419&charge=2&value=7/14,sp|P61978|HNRPK_HUMAN,/core/www/modules//consensus/?run_id=110202&search_id=114132&scans_id=110198&peptide_id=44859&scanf=9419&charge=2&value=sp|P61978|HNRPK_HUMAN,1,/core/www/modules/match_peptides/blast_html4.php?run_id=110202&search_id=114132&scans_id=110198&peptide_id=44859&scanf=9419&charge=2&value=1,R.DYDDM*SPR.R,/core/www/modules/show_out/show_out_wrapper.php?run_id=110202&search_id=114132&scans_id=110198&peptide_id=44859&scanf=9419&charge=2&value=R.DYDDM*SPR.R,HNRNPK,1.890e+6,2.526,0.019,1.711,0.000
9420,2,"  1.967","  0.428",9/16,/core/www/modules//sdig/index.php?run_id=110202&search_id=114132&scans_id=110198&peptide_id=44860&scanf=9420&charge=2&value=9/16,sp|O00422|SAP18_HUMAN,/core/www/modules//consensus/?run_id=110202&search_id=114132&scans_id=110198&peptide_id=44860&scanf=9420&charge=2&value=sp|O00422|SAP18_HUMAN,1,/core/www/modules/match_peptides/blast_html4.php?run_id=110202&search_id=114132&scans_id=110198&peptide_id=44860&scanf=9420&charge=2&value=1,K.EIGSTMSGR.K,/core/www/modules/show_out/show_out_wrapper.php?run_id=110202&search_id=114132&scans_id=110198&peptide_id=44860&scanf=9420&charge=2&value=K.EIGSTMSGR.K,SAP18,7.810e+6,3.025,0.004,2.445,0.000
9428,2,"  1.822","  0.369",8/14,/core/www/modules//sdig/index.php?run_id=110202&search_id=114132&scans_id=110198&peptide_id=44868&scanf=9428&charge=2&value=8/14,sp|P42285|MTREX_HUMAN,/core/www/modules//consensus/?run_id=110202&search_id=114132&scans_id=110198&peptide_id=44868&scanf=9428&charge=2&value=sp|P42285|MTREX_HUMAN,0,/core/www/modules/match_peptides/blast_html4.php?run_id=110202&search_id=114132&scans_id=110198&peptide_id=44868&scanf=9428&charge=2&value=0,K.DLRPVDNR.Q,/core/www/modules/show_out/show_out_wrapper.php?run_id=110202&search_id=114132&scans_id=110198&peptide_id=44868&scanf=9428&charge=2&value=K.DLRPVDNR.Q,MTREX,4.021e+6,2.946,0.005,2.329,0.000
9458,2,"  2.019","  0.270",9/14,/core/www/modules//sdig/index.php?run_id=110202&search_id=114132&scans_id=110198&peptide_id=44896&scanf=9458&charge=2&value=9/14,sp|P78527|PRKDC_HUMAN,/core/www/modules//consensus/?run_id=110202&search_id=114132&scans_id=110198&peptide_id=44896&scanf=9458&charge=2&value=sp|P78527|PRKDC_HUMAN,0,/core/www/modules/match_peptides/blast_html4.php?run_id=110202&search_id=114132&scans_id=110198&peptide_id=44896&scanf=9458&charge=2&value=0,K.QVSNMVAK.N,/core/www/modules/show_out/show_out_wrapper.php?run_id=110202&search_id=114132&scans_id=110198&peptide_id=44896&scanf=9458&charge=2&value=K.QVSNMVAK.N,PRKDC,6.509e+6,3.338,0.001,2.909,0.000
9476,2,"  2.742","  0.701",12/20,/core/www/modules//sdig/index.php?run_id=110202&search_id=114132&scans_id=110198&peptide_id=44913&scanf=9476&charge=2&value=12/20,sp|P60709|ACTB_HUMAN,/core/www/modules//consensus/?run_id=110202&search_id=114132&scans_id=110198&peptide_id=44913&scanf=9476&charge=2&value=sp|P60709|ACTB_HUMAN,27,/core/www/modules/match_peptides/blast_html4.php?run_id=110202&search_id=114132&scans_id=110198&peptide_id=44913&scanf=9476&charge=2&value=27,K.DSYVGDEAQSK.R,/core/www/modules/show_out/show_out_wrapper.php?run_id=110202&search_id=114132&scans_id=110198&peptide_id=44913&scanf=9476&charge=2&value=K.DSYVGDEAQSK.R,ACTB,4.302e+8,4.483,0.000,4.605,0.000
9477,2,"  3.310","  0.529",14/20,/core/www/modules//sdig/index.php?run_id=110202&search_id=114132&scans_id=110198&peptide_id=44914&scanf=9477&charge=2&value=14/20,sp|Q8TAQ2|SMRC2_HUMAN,/core/www/modules//consensus/?run_id=110202&search_id=114132&scans_id=110198&peptide_id=44914&scanf=9477&charge=2&value=sp|Q8TAQ2|SMRC2_HUMAN,1,/core/www/modules/match_peptides/blast_html4.php?run_id=110202&search_id=114132&scans_id=110198&peptide_id=44914&scanf=9477&charge=2&value=1,R.EGGGAIEEEAK.E,/core/www/modules/show_out/show_out_wrapper.php?run_id=110202&search_id=114132&scans_id=110198&peptide_id=44914&scanf=9477&charge=2&value=R.EGGGAIEEEAK.E,SMARCC2,8.715e+6,3.677,0.000,3.411,0.000
9478,2,"  2.294","  0.327",8/12,/core/www/modules//sdig/index.php?run_id=110202&search_id=114132&scans_id=110198&peptide_id=44915&scanf=9478&charge=2&value=8/12,sp|P61313|RL15_HUMAN,/core/www/modules//consensus/?run_id=110202&search_id=114132&scans_id=110198&peptide_id=44915&scanf=9478&charge=2&value=sp|P61313|RL15_HUMAN,5,/core/www/modules/match_peptides/blast_html4.php?run_id=110202&search_id=114132&scans_id=110198&peptide_id=44915&scanf=9478&charge=2&value=5,R.QLSALHR.A,/core/www/modules/show_out/show_out_wrapper.php?run_id=110202&search_id=114132&scans_id=110198&peptide_id=44915&scanf=9478&charge=2&value=R.QLSALHR.A,RPL15,9.545e+6,2.884,0.006,2.237,0.000
9485,2,"  2.078","  0.601",12/22,/core/www/modules//sdig/index.php?run_id=110202&search_id=114132&scans_id=110198&peptide_id=44922&scanf=9485&charge=2&value=12/22,sp|P60709|ACTB_HUMAN,/core/www/modules//consensus/?run_id=110202&search_id=114132&scans_id=110198&peptide_id=44922&scanf=9485&charge=2&value=sp|P60709|ACTB_HUMAN,27,/core/www/modules/match_peptides/blast_html4.php?run_id=110202&search_id=114132&scans_id=110198&peptide_id=44922&scanf=9485&charge=2&value=27,K.DSYVGDEAQSKR.G,/core/www/modules/show_out/show_out_wrapper.php?run_id=110202&search_id=114132&scans_id=110198&peptide_id=44922&scanf=9485&charge=2&value=K.DSYVGDEAQSKR.G,ACTB,1.569e+6,3.715,0.000,3.467,0.000
9492,2,"  1.794","  0.180",11/20,/core/www/modules//sdig/index.php?run_id=110202&search_id=114132&scans_id=110198&peptide_id=44929&scanf=9492&charge=2&value=11/20,sp|Q9UBI6|GBG12_HUMAN,/core/www/modules//consensus/?run_id=110202&search_id=114132&scans_id=110198&peptide_id=44929&scanf=9492&charge=2&value=sp|Q9UBI6|GBG12_HUMAN,0,/core/www/modules/match_peptides/blast_html4.php?run_id=110202&search_id=114132&scans_id=110198&peptide_id=44929&scanf=9492&charge=2&value=0,K.TASTNNIAQAR.R,/core/www/modules/show_out/show_out_wrapper.php?run_id=110202&search_id=114132&scans_id=110198&peptide_id=44929&scanf=9492&charge=2&value=K.TASTNNIAQAR.R,GNG12,9.216e+5,2.057,0.089,1.048,0.004
9503,2,"  1.696","  0.194",7/14,/core/www/modules//sdig/index.php?run_id=110202&search_id=114132&scans_id=110198&peptide_id=44939&scanf=9503&charge=2&value=7/14,sp|Q9ULX6|AKP8L_HUMAN,/core/www/modules//consensus/?run_id=110202&search_id=114132&scans_id=110198&peptide_id=44939&scanf=9503&charge=2&value=sp|Q9ULX6|AKP8L_HUMAN,7,/core/www/modules/match_peptides/blast_html4.php?run_id=110202&search_id=114132&scans_id=110198&peptide_id=44939&scanf=9503&charge=2&value=7,R.GNDTFGPR.A,/core/www/modules/show_out/show_out_wrapper.php?run_id=110202&search_id=114132&scans_id=110198&peptide_id=44939&scanf=9503&charge=2&value=R.GNDTFGPR.A,AKAP8L,3.462e+6,2.153,0.066,1.179,0.002
9504,2,"  1.780","  0.097",6/12,/core/www/modules//sdig/index.php?run_id=110202&search_id=114132&scans_id=110198&peptide_id=44940&scanf=9504&charge=2&value=6/12,sp|Q9UQ35|SRRM2_HUMAN,/core/www/modules//consensus/?run_id=110202&search_id=114132&scans_id=110198&peptide_id=44940&scanf=9504&charge=2&value=sp|Q9UQ35|SRRM2_HUMAN,1,/core/www/modules/match_peptides/blast_html4.php?run_id=110202&search_id=114132&scans_id=110198&peptide_id=44940&scanf=9504&charge=2&value=1,R.KPIDSLR.D,/core/www/modules/show_out/show_out_wrapper.php?run_id=110202&search_id=114132&scans_id=110198&peptide_id=44940&scanf=9504&charge=2&value=R.KPIDSLR.D,SRRM2,2.778e+6,1.966,0.118,0.927,0.005
9507,3,"  2.719","  0.231",13/40,/core/www/modules//sdig/index.php?run_id=110202&search_id=114132&scans_id=110198&peptide_id=44943&scanf=9507&charge=3&value=13/40,sp|Q16643|DREB_HUMAN,/core/www/modules//consensus/?run_id=110202&search_id=114132&scans_id=110198&peptide_id=44943&scanf=9507&charge=3&value=sp|Q16643|DREB_HUMAN,1,/core/www/modules/match_peptides/blast_html4.php?run_id=110202&search_id=114132&scans_id=110198&peptide_id=44943&scanf=9507&charge=3&value=1,K.QQTLEAEEAKR.R,/core/www/modules/show_out/show_out_wrapper.php?run_id=110202&search_id=114132&scans_id=110198&peptide_id=44943&scanf=9507&charge=3&value=K.QQTLEAEEAKR.R,DBN1,6.196e+6,2.244,0.049,1.308,0.002
9519,2,"  1.487","  0.166",7/12,/core/www/modules//sdig/index.php?run_id=110202&search_id=114132&scans_id=110198&peptide_id=44954&scanf=9519&charge=2&value=7/12,sp|Q15050|RRS1_HUMAN,/core/www/modules//consensus/?run_id=110202&search_id=114132&scans_id=110198&peptide_id=44954&scanf=9519&charge=2&value=sp|Q15050|RRS1_HUMAN,0,/core/www/modules/match_peptides/blast_html4.php?run_id=110202&search_id=114132&scans_id=110198&peptide_id=44954&scanf=9519&charge=2&value=0,R.NPPTGLR.C,/core/www/modules/show_out/show_out_wrapper.php?run_id=110202&search_id=114132&scans_id=110198&peptide_id=44954&scanf=9519&charge=2&value=R.NPPTGLR.C,RRS1,6.939e+6,2.191,0.059,1.232,0.002
9534,3,"  3.822","  0.381",12/44,/core/www/modules//sdig/index.php?run_id=110202&search_id=114132&scans_id=110198&peptide_id=44969&scanf=9534&charge=3&value=12/44,sp|Q92878|RAD50_HUMAN,/core/www/modules//consensus/?run_id=110202&search_id=114132&scans_id=110198&peptide_id=44969&scanf=9534&charge=3&value=sp|Q92878|RAD50_HUMAN,3,/core/www/modules/match_peptides/blast_html4.php?run_id=110202&search_id=114132&scans_id=110198&peptide_id=44969&scanf=9534&charge=3&value=3,K.RKEEQLSSYEDK.L,/core/www/modules/show_out/show_out_wrapper.php?run_id=110202&search_id=114132&scans_id=110198&peptide_id=44969&scanf=9534&charge=3&value=K.RKEEQLSSYEDK.L,RAD50,5.428e+6,2.381,0.031,1.502,0.001
9552,2,"  2.386","  0.392",8/14,/core/www/modules//sdig/index.php?run_id=110202&search_id=114132&scans_id=110198&peptide_id=44986&scanf=9552&charge=2&value=8/14,sp|Q969Q0|RL36L_HUMAN,/core/www/modules//consensus/?run_id=110202&search_id=114132&scans_id=110198&peptide_id=44986&scanf=9552&charge=2&value=sp|Q969Q0|RL36L_HUMAN,0,/core/www/modules/match_peptides/blast_html4.php?run_id=110202&search_id=114132&scans_id=110198&peptide_id=44986&scanf=9552&charge=2&value=0,K.DSLYAQGR.R,/core/www/modules/show_out/show_out_wrapper.php?run_id=110202&search_id=114132&scans_id=110198&peptide_id=44986&scanf=9552&charge=2&value=K.DSLYAQGR.R,RPL36AL,4.876e+6,2.859,0.006,2.201,0.000
9560,2,"  1.534","  0.127",7/12,/core/www/modules//sdig/index.php?run_id=110202&search_id=114132&scans_id=110198&peptide_id=44993&scanf=9560&charge=2&value=7/12,sp|P40926|MDHM_HUMAN,/core/www/modules//consensus/?run_id=110202&search_id=114132&scans_id=110198&peptide_id=44993&scanf=9560&charge=2&value=sp|P40926|MDHM_HUMAN,0,/core/www/modules/match_peptides/blast_html4.php?run_id=110202&search_id=114132&scans_id=110198&peptide_id=44993&scanf=9560&charge=2&value=0,K.NSPLVSR.L,/core/www/modules/show_out/show_out_wrapper.php?run_id=110202&search_id=114132&scans_id=110198&peptide_id=44993&scanf=9560&charge=2&value=K.NSPLVSR.L,MDH2,2.050e+7,2.075,0.085,1.072,0.003
9573,2,"  2.570","  0.431",8/16,/core/www/modules//sdig/index.php?run_id=110202&search_id=114132&scans_id=110198&peptide_id=45006&scanf=9573&charge=2&value=8/16,sp|Q12906|ILF3_HUMAN,/core/www/modules//consensus/?run_id=110202&search_id=114132&scans_id=110198&peptide_id=45006&scanf=9573&charge=2&value=sp|Q12906|ILF3_HUMAN,0,/core/www/modules/match_peptides/blast_html4.php?run_id=110202&search_id=114132&scans_id=110198&peptide_id=45006&scanf=9573&charge=2&value=0,K.FNYSGSGGR.S,/core/www/modules/show_out/show_out_wrapper.php?run_id=110202&search_id=114132&scans_id=110198&peptide_id=45006&scanf=9573&charge=2&value=K.FNYSGSGGR.S,ILF3,1.463e+7,3.086,0.003,2.535,0.000
9575,2,"  2.024","  0.196",9/14,/core/www/modules//sdig/index.php?run_id=110202&search_id=114132&scans_id=110198&peptide_id=45008&scanf=9575&charge=2&value=9/14,sp|Q9H307|PININ_HUMAN,/core/www/modules//consensus/?run_id=110202&search_id=114132&scans_id=110198&peptide_id=45008&scanf=9575&charge=2&value=sp|Q9H307|PININ_HUMAN,0,/core/www/modules/match_peptides/blast_html4.php?run_id=110202&search_id=114132&scans_id=110198&peptide_id=45008&scanf=9575&charge=2&value=0,K.MEEETEVR.E,/core/www/modules/show_out/show_out_wrapper.php?run_id=110202&search_id=114132&scans_id=110198&peptide_id=45008&scanf=9575&charge=2&value=K.MEEETEVR.E,PNN,3.827e+6,2.354,0.034,1.464,0.001
9578,2,"  1.993","  0.328",8/14,/core/www/modules//sdig/index.php?run_id=110202&search_id=114132&scans_id=110198&peptide_id=45011&scanf=9578&charge=2&value=8/14,sp|P15311|EZRI_HUMAN,/core/www/modules//consensus/?run_id=110202&search_id=114132&scans_id=110198&peptide_id=45011&scanf=9578&charge=2&value=sp|P15311|EZRI_HUMAN,0,/core/www/modules/match_peptides/blast_html4.php?run_id=110202&search_id=114132&scans_id=110198&peptide_id=45011&scanf=9578&charge=2&value=0,K.SGYLSSER.L,/core/www/modules/show_out/show_out_wrapper.php?run_id=110202&search_id=114132&scans_id=110198&peptide_id=45011&scanf=9578&charge=2&value=K.SGYLSSER.L,EZR,3.050e+6,2.600,0.015,1.820,0.000
9581,2,"  2.188","  0.282",8/16,/core/www/modules//sdig/index.php?run_id=110202&search_id=114132&scans_id=110198&peptide_id=45013&scanf=9581&charge=2&value=8/16,sp|Q12906|ILF3_HUMAN,/core/www/modules//consensus/?run_id=110202&search_id=114132&scans_id=110198&peptide_id=45013&scanf=9581&charge=2&value=sp|Q12906|ILF3_HUMAN,0,/core/www/modules/match_peptides/blast_html4.php?run_id=110202&search_id=114132&scans_id=110198&peptide_id=45013&scanf=9581&charge=2&value=0,K.FNYSGSGGR.S,/core/www/modules/show_out/show_out_wrapper.php?run_id=110202&search_id=114132&scans_id=110198&peptide_id=45013&scanf=9581&charge=2&value=K.FNYSGSGGR.S,ILF3,1.463e+7,2.569,0.017,1.775,0.000
9584,3,"  2.316","  0.262",13/48,/core/www/modules//sdig/index.php?run_id=110202&search_id=114132&scans_id=110198&peptide_id=45016&scanf=9584&charge=3&value=13/48,sp|Q9NTI5|PDS5B_HUMAN,/core/www/modules//consensus/?run_id=110202&search_id=114132&scans_id=110198&peptide_id=45016&scanf=9584&charge=3&value=sp|Q9NTI5|PDS5B_HUMAN,1,/core/www/modules/match_peptides/blast_html4.php?run_id=110202&search_id=114132&scans_id=110198&peptide_id=45016&scanf=9584&charge=3&value=1,R.GRPPKPLGGGTPK.E,/core/www/modules/show_out/show_out_wrapper.php?run_id=110202&search_id=114132&scans_id=110198&peptide_id=45016&scanf=9584&charge=3&value=R.GRPPKPLGGGTPK.E,PDS5B,2.007e+6,2.042,0.094,1.029,0.004
9602,3,"  2.573","  0.577",13/40,/core/www/modules//sdig/index.php?run_id=110202&search_id=114132&scans_id=110198&peptide_id=45033&scanf=9602&charge=3&value=13/40,sp|O60814|H2B1K_HUMAN,/core/www/modules//consensus/?run_id=110202&search_id=114132&scans_id=110198&peptide_id=45033&scanf=9602&charge=3&value=sp|O60814|H2B1K_HUMAN,15,/core/www/modules/match_peptides/blast_html4.php?run_id=110202&search_id=114132&scans_id=110198&peptide_id=45033&scanf=9602&charge=3&value=15,K.QVHPDTGISSK.A,/core/www/modules/show_out/show_out_wrapper.php?run_id=110202&search_id=114132&scans_id=110198&peptide_id=45033&scanf=9602&charge=3&value=K.QVHPDTGISSK.A,H2BC12,7.066e+8,3.739,0.000,3.503,0.000
9611,2,"  2.064","  0.398",6/12,/core/www/modules//sdig/index.php?run_id=110202&search_id=114132&scans_id=110198&peptide_id=45042&scanf=9611&charge=2&value=6/12,sp|Q8IXT5|RB12B_HUMAN,/core/www/modules//consensus/?run_id=110202&search_id=114132&scans_id=110198&peptide_id=45042&scanf=9611&charge=2&value=sp|Q8IXT5|RB12B_HUMAN,1,/core/www/modules/match_peptides/blast_html4.php?run_id=110202&search_id=114132&scans_id=110198&peptide_id=45042&scanf=9611&charge=2&value=1,R.HPPEDFR.H,/core/www/modules/show_out/show_out_wrapper.php?run_id=110202&search_id=114132&scans_id=110198&peptide_id=45042&scanf=9611&charge=2&value=R.HPPEDFR.H,RBM12B,1.213e+6,2.967,0.004,2.359,0.000
9624,2,"  2.238","  0.257",8/14,/core/www/modules//sdig/index.php?run_id=110202&search_id=114132&scans_id=110198&peptide_id=45054&scanf=9624&charge=2&value=8/14,sp|Q9BQ04|RBM4B_HUMAN,/core/www/modules//consensus/?run_id=110202&search_id=114132&scans_id=110198&peptide_id=45054&scanf=9624&charge=2&value=sp|Q9BQ04|RBM4B_HUMAN,7,/core/www/modules/match_peptides/blast_html4.php?run_id=110202&search_id=114132&scans_id=110198&peptide_id=45054&scanf=9624&charge=2&value=7,K.TAAEDAIR.N,/core/www/modules/show_out/show_out_wrapper.php?run_id=110202&search_id=114132&scans_id=110198&peptide_id=45054&scanf=9624&charge=2&value=K.TAAEDAIR.N,RBM4B,1.419e+7,2.400,0.030,1.529,0.001
9625,2,"  2.147","  0.308",9/18,/core/www/modules//sdig/index.php?run_id=110202&search_id=114132&scans_id=110198&peptide_id=45055&scanf=9625&charge=2&value=9/18,sp|O15226|NKRF_HUMAN,/core/www/modules//consensus/?run_id=110202&search_id=114132&scans_id=110198&peptide_id=45055&scanf=9625&charge=2&value=sp|O15226|NKRF_HUMAN,1,/core/www/modules/match_peptides/blast_html4.php?run_id=110202&search_id=114132&scans_id=110198&peptide_id=45055&scanf=9625&charge=2&value=1,R.QEDPYGPQTK.E,/core/www/modules/show_out/show_out_wrapper.php?run_id=110202&search_id=114132&scans_id=110198&peptide_id=45055&scanf=9625&charge=2&value=R.QEDPYGPQTK.E,NKRF,1.613e+6,2.461,0.024,1.618,0.001
9626,2,"  3.088","  0.633",14/24,/core/www/modules//sdig/index.php?run_id=110202&search_id=114132&scans_id=110198&peptide_id=45056&scanf=9626&charge=2&value=14/24,sp|Q14980|NUMA1_HUMAN,/core/www/modules//consensus/?run_id=110202&search_id=114132&scans_id=110198&peptide_id=45056&scanf=9626&charge=2&value=sp|Q14980|NUMA1_HUMAN,2,/core/www/modules/match_peptides/blast_html4.php?run_id=110202&search_id=114132&scans_id=110198&peptide_id=45056&scanf=9626&charge=2&value=2,K.EELEQASQAHGAR.L,/core/www/modules/show_out/show_out_wrapper.php?run_id=110202&search_id=114132&scans_id=110198&peptide_id=45056&scanf=9626&charge=2&value=K.EELEQASQAHGAR.L,NUMA1,1.484e+6,3.762,0.000,3.536,0.000
9665,2,"  1.441","  0.126",7/12,/core/www/modules//sdig/index.php?run_id=110202&search_id=114132&scans_id=110198&peptide_id=45093&scanf=9665&charge=2&value=7/12,sp|Q08211|DHX9_HUMAN,/core/www/modules//consensus/?run_id=110202&search_id=114132&scans_id=110198&peptide_id=45093&scanf=9665&charge=2&value=sp|Q08211|DHX9_HUMAN,0,/core/www/modules/match_peptides/blast_html4.php?run_id=110202&search_id=114132&scans_id=110198&peptide_id=45093&scanf=9665&charge=2&value=0,K.ILTTEGR.N,/core/www/modules/show_out/show_out_wrapper.php?run_id=110202&search_id=114132&scans_id=110198&peptide_id=45093&scanf=9665&charge=2&value=K.ILTTEGR.N,DHX9,1.877e+7,2.368,0.033,1.483,0.001
9667,2,"  2.354","  0.438",9/14,/core/www/modules//sdig/index.php?run_id=110202&search_id=114132&scans_id=110198&peptide_id=45095&scanf=9667&charge=2&value=9/14,sp|Q969Q0|RL36L_HUMAN,/core/www/modules//consensus/?run_id=110202&search_id=114132&scans_id=110198&peptide_id=45095&scanf=9667&charge=2&value=sp|Q969Q0|RL36L_HUMAN,0,/core/www/modules/match_peptides/blast_html4.php?run_id=110202&search_id=114132&scans_id=110198&peptide_id=45095&scanf=9667&charge=2&value=0,K.DSLYAQGR.R,/core/www/modules/show_out/show_out_wrapper.php?run_id=110202&search_id=114132&scans_id=110198&peptide_id=45095&scanf=9667&charge=2&value=K.DSLYAQGR.R,RPL36AL,4.876e+6,3.173,0.002,2.664,0.000
9669,2,"  2.206","  0.348",10/20,/core/www/modules//sdig/index.php?run_id=110202&search_id=114132&scans_id=110198&peptide_id=45097&scanf=9669&charge=2&value=10/20,sp|O00571|DDX3X_HUMAN,/core/www/modules//consensus/?run_id=110202&search_id=114132&scans_id=110198&peptide_id=45097&scanf=9669&charge=2&value=sp|O00571|DDX3X_HUMAN,16,/core/www/modules/match_peptides/blast_html4.php?run_id=110202&search_id=114132&scans_id=110198&peptide_id=45097&scanf=9669&charge=2&value=16,R.VGSTSENITQK.V,/core/www/modules/show_out/show_out_wrapper.php?run_id=110202&search_id=114132&scans_id=110198&peptide_id=45097&scanf=9669&charge=2&value=R.VGSTSENITQK.V,DDX3X,1.586e+7,2.626,0.014,1.858,0.000
9675,3,"  2.223","  0.000",8/32,/core/www/modules//sdig/index.php?run_id=110202&search_id=114132&scans_id=110198&peptide_id=45103&scanf=9675&charge=3&value=8/32,sp|Q9H7X3|ZN696_HUMAN,/core/www/modules//consensus/?run_id=110202&search_id=114132&scans_id=110198&peptide_id=45103&scanf=9675&charge=3&value=sp|Q9H7X3|ZN696_HUMAN,6,/core/www/modules/match_peptides/blast_html4.php?run_id=110202&search_id=114132&scans_id=110198&peptide_id=45103&scanf=9675&charge=3&value=6,R.LHTGEKPFR.C,/core/www/modules/show_out/show_out_wrapper.php?run_id=110202&search_id=114132&scans_id=110198&peptide_id=45103&scanf=9675&charge=3&value=R.LHTGEKPFR.C,ZNF696,1.230e+6,2.157,0.065,1.186,0.002
9686,2,"  1.942","  0.353",9/14,/core/www/modules//sdig/index.php?run_id=110202&search_id=114132&scans_id=110198&peptide_id=45113&scanf=9686&charge=2&value=9/14,sp|P14866|HNRPL_HUMAN,/core/www/modules//consensus/?run_id=110202&search_id=114132&scans_id=110198&peptide_id=45113&scanf=9686&charge=2&value=sp|P14866|HNRPL_HUMAN,4,/core/www/modules/match_peptides/blast_html4.php?run_id=110202&search_id=114132&scans_id=110198&peptide_id=45113&scanf=9686&charge=2&value=4,K.IEYAKPTR.L,/core/www/modules/show_out/show_out_wrapper.php?run_id=110202&search_id=114132&scans_id=110198&peptide_id=45113&scanf=9686&charge=2&value=K.IEYAKPTR.L,HNRNPL,1.070e+7,3.050,0.003,2.481,0.000
9692,2,"  2.803","  0.595",13/24,/core/www/modules//sdig/index.php?run_id=110202&search_id=114132&scans_id=110198&peptide_id=45119&scanf=9692&charge=2&value=13/24,sp|Q9Y3Y2|CHTOP_HUMAN,/core/www/modules//consensus/?run_id=110202&search_id=114132&scans_id=110198&peptide_id=45119&scanf=9692&charge=2&value=sp|Q9Y3Y2|CHTOP_HUMAN,2,/core/www/modules/match_peptides/blast_html4.php?run_id=110202&search_id=114132&scans_id=110198&peptide_id=45119&scanf=9692&charge=2&value=2,R.ASM*QQQQQLASAR.N,/core/www/modules/show_out/show_out_wrapper.php?run_id=110202&search_id=114132&scans_id=110198&peptide_id=45119&scanf=9692&charge=2&value=R.ASM*QQQQQLASAR.N,CHTOP,1.301e+6,3.396,0.001,2.994,0.000
9705,2,"  1.747","  0.272",6/20,/core/www/modules//sdig/index.php?run_id=110202&search_id=114132&scans_id=110198&peptide_id=45132&scanf=9705&charge=2&value=6/20,sp|Q9H2P0|ADNP_HUMAN,/core/www/modules//consensus/?run_id=110202&search_id=114132&scans_id=110198&peptide_id=45132&scanf=9705&charge=2&value=sp|Q9H2P0|ADNP_HUMAN,2,/core/www/modules/match_peptides/blast_html4.php?run_id=110202&search_id=114132&scans_id=110198&peptide_id=45132&scanf=9705&charge=2&value=2,K.SPSLSQSQASR.V,/core/www/modules/show_out/show_out_wrapper.php?run_id=110202&search_id=114132&scans_id=110198&peptide_id=45132&scanf=9705&charge=2&value=K.SPSLSQSQASR.V,ADNP,8.736e+5,1.952,0.123,0.909,0.006
9708,2,"  2.436","  0.523",11/22,/core/www/modules//sdig/index.php?run_id=110202&search_id=114132&scans_id=110198&peptide_id=45134&scanf=9708&charge=2&value=11/22,sp|P19338|NUCL_HUMAN,/core/www/modules//consensus/?run_id=110202&search_id=114132&scans_id=110198&peptide_id=45134&scanf=9708&charge=2&value=sp|P19338|NUCL_HUMAN,5,/core/www/modules/match_peptides/blast_html4.php?run_id=110202&search_id=114132&scans_id=110198&peptide_id=45134&scanf=9708&charge=2&value=5,K.EAM*EDGEIDGNK.V,/core/www/modules/show_out/show_out_wrapper.php?run_id=110202&search_id=114132&scans_id=110198&peptide_id=45134&scanf=9708&charge=2&value=K.EAM*EDGEIDGNK.V,NCL,3.106e+6,3.295,0.001,2.845,0.000
9715,3,"  2.298","  0.228",12/32,/core/www/modules//sdig/index.php?run_id=110202&search_id=114132&scans_id=110198&peptide_id=45141&scanf=9715&charge=3&value=12/32,sp|P12270|TPR_HUMAN,/core/www/modules//consensus/?run_id=110202&search_id=114132&scans_id=110198&peptide_id=45141&scanf=9715&charge=3&value=sp|P12270|TPR_HUMAN,0,/core/www/modules/match_peptides/blast_html4.php?run_id=110202&search_id=114132&scans_id=110198&peptide_id=45141&scanf=9715&charge=3&value=0,R.RPPHPLPPR.L,/core/www/modules/show_out/show_out_wrapper.php?run_id=110202&search_id=114132&scans_id=110198&peptide_id=45141&scanf=9715&charge=3&value=R.RPPHPLPPR.L,TPR,1.007e+6,2.520,0.020,1.703,0.000
9729,3,"  1.878","  0.188",8/40,/core/www/modules//sdig/index.php?run_id=110202&search_id=114132&scans_id=110198&peptide_id=45154&scanf=9729&charge=3&value=8/40,sp|P60709|ACTB_HUMAN,/core/www/modules//consensus/?run_id=110202&search_id=114132&scans_id=110198&peptide_id=45154&scanf=9729&charge=3&value=sp|P60709|ACTB_HUMAN,26,/core/www/modules/match_peptides/blast_html4.php?run_id=110202&search_id=114132&scans_id=110198&peptide_id=45154&scanf=9729&charge=3&value=26,R.HQGVMVGM*GQK.D,/core/www/modules/show_out/show_out_wrapper.php?run_id=110202&search_id=114132&scans_id=110198&peptide_id=45154&scanf=9729&charge=3&value=R.HQGVMVGM*GQK.D,ACTB,1.672e+7,2.553,0.018,1.751,0.000
9730,2,"  1.277","  0.167",7/14,/core/www/modules//sdig/index.php?run_id=110202&search_id=114132&scans_id=110198&peptide_id=45155&scanf=9730&charge=2&value=7/14,sp|P38159|RBMX_HUMAN,/core/www/modules//consensus/?run_id=110202&search_id=114132&scans_id=110198&peptide_id=45155&scanf=9730&charge=2&value=sp|P38159|RBMX_HUMAN,1,/core/www/modules/match_peptides/blast_html4.php?run_id=110202&search_id=114132&scans_id=110198&peptide_id=45155&scanf=9730&charge=2&value=1,R.GLPPSM*ER.G,/core/www/modules/show_out/show_out_wrapper.php?run_id=110202&search_id=114132&scans_id=110198&peptide_id=45155&scanf=9730&charge=2&value=R.GLPPSM*ER.G,RBMX,3.166e+6,2.249,0.049,1.314,0.002
9732,2,"  2.074","  0.309",9/16,/core/www/modules//sdig/index.php?run_id=110202&search_id=114132&scans_id=110198&peptide_id=45157&scanf=9732&charge=2&value=9/16,sp|Q05048|CSTF1_HUMAN,/core/www/modules//consensus/?run_id=110202&search_id=114132&scans_id=110198&peptide_id=45157&scanf=9732&charge=2&value=sp|Q05048|CSTF1_HUMAN,0,/core/www/modules/match_peptides/blast_html4.php?run_id=110202&search_id=114132&scans_id=110198&peptide_id=45157&scanf=9732&charge=2&value=0,R.YTGAGLSGR.Q,/core/www/modules/show_out/show_out_wrapper.php?run_id=110202&search_id=114132&scans_id=110198&peptide_id=45157&scanf=9732&charge=2&value=R.YTGAGLSGR.Q,CSTF1,2.830e+6,2.555,0.018,1.754,0.000
9749,2,"  2.136","  0.336",9/14,/core/www/modules//sdig/index.php?run_id=110202&search_id=114132&scans_id=110198&peptide_id=45173&scanf=9749&charge=2&value=9/14,sp|O60506|HNRPQ_HUMAN,/core/www/modules//consensus/?run_id=110202&search_id=114132&scans_id=110198&peptide_id=45173&scanf=9749&charge=2&value=sp|O60506|HNRPQ_HUMAN,7,/core/www/modules/match_peptides/blast_html4.php?run_id=110202&search_id=114132&scans_id=110198&peptide_id=45173&scanf=9749&charge=2&value=7,K.LYNNHEIR.S,/core/www/modules/show_out/show_out_wrapper.php?run_id=110202&search_id=114132&scans_id=110198&peptide_id=45173&scanf=9749&charge=2&value=K.LYNNHEIR.S,SYNCRIP,6.264e+6,2.837,0.007,2.167,0.000
9750,2,"  2.123","  0.371",10/16,/core/www/modules//sdig/index.php?run_id=110202&search_id=114132&scans_id=110198&peptide_id=45174&scanf=9750&charge=2&value=10/16,sp|O00422|SAP18_HUMAN,/core/www/modules//consensus/?run_id=110202&search_id=114132&scans_id=110198&peptide_id=45174&scanf=9750&charge=2&value=sp|O00422|SAP18_HUMAN,1,/core/www/modules/match_peptides/blast_html4.php?run_id=110202&search_id=114132&scans_id=110198&peptide_id=45174&scanf=9750&charge=2&value=1,K.EIGSTMSGR.K,/core/www/modules/show_out/show_out_wrapper.php?run_id=110202&search_id=114132&scans_id=110198&peptide_id=45174&scanf=9750&charge=2&value=K.EIGSTMSGR.K,SAP18,7.810e+6,2.878,0.006,2.228,0.000
9751,2,"  1.898","  0.366",7/14,/core/www/modules//sdig/index.php?run_id=110202&search_id=114132&scans_id=110198&peptide_id=45175&scanf=9751&charge=2&value=7/14,sp|P41252|SYIC_HUMAN,/core/www/modules//consensus/?run_id=110202&search_id=114132&scans_id=110198&peptide_id=45175&scanf=9751&charge=2&value=sp|P41252|SYIC_HUMAN,9,/core/www/modules/match_peptides/blast_html4.php?run_id=110202&search_id=114132&scans_id=110198&peptide_id=45175&scanf=9751&charge=2&value=9,R.ESPNITDR.W,/core/www/modules/show_out/show_out_wrapper.php?run_id=110202&search_id=114132&scans_id=110198&peptide_id=45175&scanf=9751&charge=2&value=R.ESPNITDR.W,IARS1,4.668e+6,2.809,0.007,2.126,0.000
9771,2,"  1.974","  0.289",7/12,/core/www/modules//sdig/index.php?run_id=110202&search_id=114132&scans_id=110198&peptide_id=45194&scanf=9771&charge=2&value=7/12,sp|P06748|NPM_HUMAN,/core/www/modules//consensus/?run_id=110202&search_id=114132&scans_id=110198&peptide_id=45194&scanf=9771&charge=2&value=sp|P06748|NPM_HUMAN,4,/core/www/modules/match_peptides/blast_html4.php?run_id=110202&search_id=114132&scans_id=110198&peptide_id=45194&scanf=9771&charge=2&value=4,K.MQASIEK.G,/core/www/modules/show_out/show_out_wrapper.php?run_id=110202&search_id=114132&scans_id=110198&peptide_id=45194&scanf=9771&charge=2&value=K.MQASIEK.G,NPM1,6.047e+6,2.641,0.013,1.880,0.000
9772,3,"  3.587","  0.377",13/44,/core/www/modules//sdig/index.php?run_id=110202&search_id=114132&scans_id=110198&peptide_id=45195&scanf=9772&charge=3&value=13/44,sp|Q92878|RAD50_HUMAN,/core/www/modules//consensus/?run_id=110202&search_id=114132&scans_id=110198&peptide_id=45195&scanf=9772&charge=3&value=sp|Q92878|RAD50_HUMAN,3,/core/www/modules/match_peptides/blast_html4.php?run_id=110202&search_id=114132&scans_id=110198&peptide_id=45195&scanf=9772&charge=3&value=3,K.RKEEQLSSYEDK.L,/core/www/modules/show_out/show_out_wrapper.php?run_id=110202&search_id=114132&scans_id=110198&peptide_id=45195&scanf=9772&charge=3&value=K.RKEEQLSSYEDK.L,RAD50,5.428e+6,2.386,0.031,1.509,0.001
9774,2,"  1.560","  0.235",8/14,/core/www/modules//sdig/index.php?run_id=110202&search_id=114132&scans_id=110198&peptide_id=45197&scanf=9774&charge=2&value=8/14,sp|P15311|EZRI_HUMAN,/core/www/modules//consensus/?run_id=110202&search_id=114132&scans_id=110198&peptide_id=45197&scanf=9774&charge=2&value=sp|P15311|EZRI_HUMAN,0,/core/www/modules/match_peptides/blast_html4.php?run_id=110202&search_id=114132&scans_id=110198&peptide_id=45197&scanf=9774&charge=2&value=0,K.SGYLSSER.L,/core/www/modules/show_out/show_out_wrapper.php?run_id=110202&search_id=114132&scans_id=110198&peptide_id=45197&scanf=9774&charge=2&value=K.SGYLSSER.L,EZR,3.050e+6,2.416,0.028,1.553,0.001
9776,2,"  2.021","  0.077",8/12,/core/www/modules//sdig/index.php?run_id=110202&search_id=114132&scans_id=110198&peptide_id=45199&scanf=9776&charge=2&value=8/12,sp|Q9UQ35|SRRM2_HUMAN,/core/www/modules//consensus/?run_id=110202&search_id=114132&scans_id=110198&peptide_id=45199&scanf=9776&charge=2&value=sp|Q9UQ35|SRRM2_HUMAN,1,/core/www/modules/match_peptides/blast_html4.php?run_id=110202&search_id=114132&scans_id=110198&peptide_id=45199&scanf=9776&charge=2&value=1,R.KPIDSLR.D,/core/www/modules/show_out/show_out_wrapper.php?run_id=110202&search_id=114132&scans_id=110198&peptide_id=45199&scanf=9776&charge=2&value=R.KPIDSLR.D,SRRM2,2.778e+6,2.163,0.064,1.193,0.002
9779,3,"  1.714","  0.266",9/32,/core/www/modules//sdig/index.php?run_id=110202&search_id=114132&scans_id=110198&peptide_id=45202&scanf=9779&charge=3&value=9/32,sp|Q9UNX3|RL26L_HUMAN,/core/www/modules//consensus/?run_id=110202&search_id=114132&scans_id=110198&peptide_id=45202&scanf=9779&charge=3&value=sp|Q9UNX3|RL26L_HUMAN,2,/core/www/modules/match_peptides/blast_html4.php?run_id=110202&search_id=114132&scans_id=110198&peptide_id=45202&scanf=9779&charge=3&value=2,R.HFNAPSHVR.R,/core/www/modules/show_out/show_out_wrapper.php?run_id=110202&search_id=114132&scans_id=110198&peptide_id=45202&scanf=9779&charge=3&value=R.HFNAPSHVR.R,RPL26L1,3.190e+6,2.433,0.026,1.577,0.001
9785,2,"  1.949","  0.238",9/14,/core/www/modules//sdig/index.php?run_id=110202&search_id=114132&scans_id=110198&peptide_id=45208&scanf=9785&charge=2&value=9/14,sp|Q5T280|CI114_HUMAN,/core/www/modules//consensus/?run_id=110202&search_id=114132&scans_id=110198&peptide_id=45208&scanf=9785&charge=2&value=sp|Q5T280|CI114_HUMAN,0,/core/www/modules/match_peptides/blast_html4.php?run_id=110202&search_id=114132&scans_id=110198&peptide_id=45208&scanf=9785&charge=2&value=0,R.QDEESEFR.E,/core/www/modules/show_out/show_out_wrapper.php?run_id=110202&search_id=114132&scans_id=110198&peptide_id=45208&scanf=9785&charge=2&value=R.QDEESEFR.E,SPOUT1,1.685e+6,2.489,0.022,1.659,0.001
9793,2,"  3.480","  0.458",15/24,/core/www/modules//sdig/index.php?run_id=110202&search_id=114132&scans_id=110198&peptide_id=45215&scanf=9793&charge=2&value=15/24,sp|Q16698|DECR_HUMAN,/core/www/modules//consensus/?run_id=110202&search_id=114132&scans_id=110198&peptide_id=45215&scanf=9793&charge=2&value=sp|Q16698|DECR_HUMAN,3,/core/www/modules/match_peptides/blast_html4.php?run_id=110202&search_id=114132&scans_id=110198&peptide_id=45215&scanf=9793&charge=2&value=3,K.ATAEQISSQTGNK.V,/core/www/modules/show_out/show_out_wrapper.php?run_id=110202&search_id=114132&scans_id=110198&peptide_id=45215&scanf=9793&charge=2&value=K.ATAEQISSQTGNK.V,DECR1,7.137e+6,3.007,0.004,2.419,0.000
9794,2,"  1.829","  0.331",7/16,/core/www/modules//sdig/index.php?run_id=110202&search_id=114132&scans_id=110198&peptide_id=45216&scanf=9794&charge=2&value=7/16,sp|Q07955|SRSF1_HUMAN,/core/www/modules//consensus/?run_id=110202&search_id=114132&scans_id=110198&peptide_id=45216&scanf=9794&charge=2&value=sp|Q07955|SRSF1_HUMAN,2,/core/www/modules/match_peptides/blast_html4.php?run_id=110202&search_id=114132&scans_id=110198&peptide_id=45216&scanf=9794&charge=2&value=2,R.KEDM*TYAVR.K,/core/www/modules/show_out/show_out_wrapper.php?run_id=110202&search_id=114132&scans_id=110198&peptide_id=45216&scanf=9794&charge=2&value=R.KEDM*TYAVR.K,SRSF1,1.315e+6,2.268,0.046,1.340,0.002
9795,2,"  3.379","  0.676",14/26,/core/www/modules//sdig/index.php?run_id=110202&search_id=114132&scans_id=110198&peptide_id=45217&scanf=9795&charge=2&value=14/26,sp|P13010|XRCC5_HUMAN,/core/www/modules//consensus/?run_id=110202&search_id=114132&scans_id=110198&peptide_id=45217&scanf=9795&charge=2&value=sp|P13010|XRCC5_HUMAN,0,/core/www/modules/match_peptides/blast_html4.php?run_id=110202&search_id=114132&scans_id=110198&peptide_id=45217&scanf=9795&charge=2&value=0,K.EEASGSSVTAEEAK.K,/core/www/modules/show_out/show_out_wrapper.php?run_id=110202&search_id=114132&scans_id=110198&peptide_id=45217&scanf=9795&charge=2&value=K.EEASGSSVTAEEAK.K,XRCC5,1.324e+7,3.775,0.000,3.556,0.000
9798,2,"  2.087","  0.194",10/16,/core/www/modules//sdig/index.php?run_id=110202&search_id=114132&scans_id=110198&peptide_id=45220&scanf=9798&charge=2&value=10/16,sp|P51572|BAP31_HUMAN,/core/www/modules//consensus/?run_id=110202&search_id=114132&scans_id=110198&peptide_id=45220&scanf=9798&charge=2&value=sp|P51572|BAP31_HUMAN,0,/core/www/modules/match_peptides/blast_html4.php?run_id=110202&search_id=114132&scans_id=110198&peptide_id=45220&scanf=9798&charge=2&value=0,K.LKDELASTK.Q,/core/www/modules/show_out/show_out_wrapper.php?run_id=110202&search_id=114132&scans_id=110198&peptide_id=45220&scanf=9798&charge=2&value=K.LKDELASTK.Q,BCAP31,3.036e+6,2.018,0.101,0.996,0.005
9854,3,"  2.519","  0.602",12/36,/core/www/modules//sdig/index.php?run_id=110202&search_id=114132&scans_id=110198&peptide_id=45273&scanf=9854&charge=3&value=12/36,sp|P62805|H4_HUMAN,/core/www/modules//consensus/?run_id=110202&search_id=114132&scans_id=110198&peptide_id=45273&scanf=9854&charge=3&value=sp|P62805|H4_HUMAN,0,/core/www/modules/match_peptides/blast_html4.php?run_id=110202&search_id=114132&scans_id=110198&peptide_id=45273&scanf=9854&charge=3&value=0,R.DAVTYTEHAK.R,/core/www/modules/show_out/show_out_wrapper.php?run_id=110202&search_id=114132&scans_id=110198&peptide_id=45273&scanf=9854&charge=3&value=R.DAVTYTEHAK.R,H4C16,2.336e+8,3.808,0.000,3.605,0.000
9855,2,"  2.342","  0.545",11/16,/core/www/modules//sdig/index.php?run_id=110202&search_id=114132&scans_id=110198&peptide_id=45274&scanf=9855&charge=2&value=11/16,sp|P08670|VIME_HUMAN,/core/www/modules//consensus/?run_id=110202&search_id=114132&scans_id=110198&peptide_id=45274&scanf=9855&charge=2&value=sp|P08670|VIME_HUMAN,1,/core/www/modules/match_peptides/blast_html4.php?run_id=110202&search_id=114132&scans_id=110198&peptide_id=45274&scanf=9855&charge=2&value=1,R.QVDQLTNDK.A,/core/www/modules/show_out/show_out_wrapper.php?run_id=110202&search_id=114132&scans_id=110198&peptide_id=45274&scanf=9855&charge=2&value=R.QVDQLTNDK.A,VIM,1.237e+8,4.066,0.000,3.988,0.000
9857,2,"  2.723","  0.280",8/14,/core/www/modules//sdig/index.php?run_id=110202&search_id=114132&scans_id=110198&peptide_id=45276&scanf=9857&charge=2&value=8/14,sp|P13667|PDIA4_HUMAN,/core/www/modules//consensus/?run_id=110202&search_id=114132&scans_id=110198&peptide_id=45276&scanf=9857&charge=2&value=sp|P13667|PDIA4_HUMAN,2,/core/www/modules/match_peptides/blast_html4.php?run_id=110202&search_id=114132&scans_id=110198&peptide_id=45276&scanf=9857&charge=2&value=2,R.TQEEIVAK.V,/core/www/modules/show_out/show_out_wrapper.php?run_id=110202&search_id=114132&scans_id=110198&peptide_id=45276&scanf=9857&charge=2&value=R.TQEEIVAK.V,PDIA4,3.879e+6,2.656,0.013,1.902,0.000
9861,2,"  1.781","  0.213",8/16,/core/www/modules//sdig/index.php?run_id=110202&search_id=114132&scans_id=110198&peptide_id=45280&scanf=9861&charge=2&value=8/16,sp|P14866|HNRPL_HUMAN,/core/www/modules//consensus/?run_id=110202&search_id=114132&scans_id=110198&peptide_id=45280&scanf=9861&charge=2&value=sp|P14866|HNRPL_HUMAN,2,/core/www/modules/match_peptides/blast_html4.php?run_id=110202&search_id=114132&scans_id=110198&peptide_id=45280&scanf=9861&charge=2&value=2,R.M*GPPVGGHR.R,/core/www/modules/show_out/show_out_wrapper.php?run_id=110202&search_id=114132&scans_id=110198&peptide_id=45280&scanf=9861&charge=2&value=R.M*GPPVGGHR.R,HNRNPL,2.955e+6,2.286,0.043,1.366,0.001
9864,3,"  3.677","  0.534",16/48,/core/www/modules//sdig/index.php?run_id=110202&search_id=114132&scans_id=110198&peptide_id=45283&scanf=9864&charge=3&value=16/48,sp|O00567|NOP56_HUMAN,/core/www/modules//consensus/?run_id=110202&search_id=114132&scans_id=110198&peptide_id=45283&scanf=9864&charge=3&value=sp|O00567|NOP56_HUMAN,0,/core/www/modules/match_peptides/blast_html4.php?run_id=110202&search_id=114132&scans_id=110198&peptide_id=45283&scanf=9864&charge=3&value=0,K.EETVNDPEEAGHR.S,/core/www/modules/show_out/show_out_wrapper.php?run_id=110202&search_id=114132&scans_id=110198&peptide_id=45283&scanf=9864&charge=3&value=K.EETVNDPEEAGHR.S,NOP56,1.339e+7,3.503,0.001,3.152,0.000
9870,2,"  2.314","  0.537",11/18,/core/www/modules//sdig/index.php?run_id=110202&search_id=114132&scans_id=110198&peptide_id=45289&scanf=9870&charge=2&value=11/18,sp|O94906|PRP6_HUMAN,/core/www/modules//consensus/?run_id=110202&search_id=114132&scans_id=110198&peptide_id=45289&scanf=9870&charge=2&value=sp|O94906|PRP6_HUMAN,0,/core/www/modules/match_peptides/blast_html4.php?run_id=110202&search_id=114132&scans_id=110198&peptide_id=45289&scanf=9870&charge=2&value=0,K.LESENDEYER.A,/core/www/modules/show_out/show_out_wrapper.php?run_id=110202&search_id=114132&scans_id=110198&peptide_id=45289&scanf=9870&charge=2&value=K.LESENDEYER.A,PRPF6,4.450e+6,3.492,0.001,3.136,0.000
9871,3,"  3.448","  0.520",16/84,/core/www/modules//sdig/index.php?run_id=110202&search_id=114132&scans_id=110198&peptide_id=45290&scanf=9871&charge=3&value=16/84,sp|Q9UNF1|MAGD2_HUMAN,/core/www/modules//consensus/?run_id=110202&search_id=114132&scans_id=110198&peptide_id=45290&scanf=9871&charge=3&value=sp|Q9UNF1|MAGD2_HUMAN,2,/core/www/modules/match_peptides/blast_html4.php?run_id=110202&search_id=114132&scans_id=110198&peptide_id=45290&scanf=9871&charge=3&value=2,K.HLDGEEDGSSDQSQASGTTGGR.R,/core/www/modules/show_out/show_out_wrapper.php?run_id=110202&search_id=114132&scans_id=110198&peptide_id=45290&scanf=9871&charge=3&value=K.HLDGEEDGSSDQSQASGTTGGR.R,MAGED2,1.041e+6,2.798,0.008,2.110,0.000
9873,2,"  2.421","  0.352",9/14,/core/www/modules//sdig/index.php?run_id=110202&search_id=114132&scans_id=110198&peptide_id=45292&scanf=9873&charge=2&value=9/14,sp|Q5T280|CI114_HUMAN,/core/www/modules//consensus/?run_id=110202&search_id=114132&scans_id=110198&peptide_id=45292&scanf=9873&charge=2&value=sp|Q5T280|CI114_HUMAN,0,/core/www/modules/match_peptides/blast_html4.php?run_id=110202&search_id=114132&scans_id=110198&peptide_id=45292&scanf=9873&charge=2&value=0,R.QDEESEFR.E,/core/www/modules/show_out/show_out_wrapper.php?run_id=110202&search_id=114132&scans_id=110198&peptide_id=45292&scanf=9873&charge=2&value=R.QDEESEFR.E,SPOUT1,1.685e+6,2.848,0.007,2.184,0.000
9875,2,"  1.925","  0.458",11/16,/core/www/modules//sdig/index.php?run_id=110202&search_id=114132&scans_id=110198&peptide_id=45293&scanf=9875&charge=2&value=11/16,sp|P14866|HNRPL_HUMAN,/core/www/modules//consensus/?run_id=110202&search_id=114132&scans_id=110198&peptide_id=45293&scanf=9875&charge=2&value=sp|P14866|HNRPL_HUMAN,2,/core/www/modules/match_peptides/blast_html4.php?run_id=110202&search_id=114132&scans_id=110198&peptide_id=45293&scanf=9875&charge=2&value=2,R.MGPPVGGHR.R,/core/www/modules/show_out/show_out_wrapper.php?run_id=110202&search_id=114132&scans_id=110198&peptide_id=45293&scanf=9875&charge=2&value=R.MGPPVGGHR.R,HNRNPL,2.578e+7,3.407,0.001,3.010,0.000
9876,3,"  3.505","  0.536",15/44,/core/www/modules//sdig/index.php?run_id=110202&search_id=114132&scans_id=110198&peptide_id=45294&scanf=9876&charge=3&value=15/44,sp|P22626|ROA2_HUMAN,/core/www/modules//consensus/?run_id=110202&search_id=114132&scans_id=110198&peptide_id=45294&scanf=9876&charge=3&value=sp|P22626|ROA2_HUMAN,8,/core/www/modules/match_peptides/blast_html4.php?run_id=110202&search_id=114132&scans_id=110198&peptide_id=45294&scanf=9876&charge=3&value=8,K.YHTINGHNAEVR.K,/core/www/modules/show_out/show_out_wrapper.php?run_id=110202&search_id=114132&scans_id=110198&peptide_id=45294&scanf=9876&charge=3&value=K.YHTINGHNAEVR.K,HNRNPA2B1,2.241e+7,3.565,0.001,3.245,0.000
9887,2,"  4.133","  0.451",15/24,/core/www/modules//sdig/index.php?run_id=110202&search_id=114132&scans_id=110198&peptide_id=45305&scanf=9887&charge=2&value=15/24,sp|Q16698|DECR_HUMAN,/core/www/modules//consensus/?run_id=110202&search_id=114132&scans_id=110198&peptide_id=45305&scanf=9887&charge=2&value=sp|Q16698|DECR_HUMAN,3,/core/www/modules/match_peptides/blast_html4.php?run_id=110202&search_id=114132&scans_id=110198&peptide_id=45305&scanf=9887&charge=2&value=3,K.ATAEQISSQTGNK.V,/core/www/modules/show_out/show_out_wrapper.php?run_id=110202&search_id=114132&scans_id=110198&peptide_id=45305&scanf=9887&charge=2&value=K.ATAEQISSQTGNK.V,DECR1,7.137e+6,3.099,0.003,2.554,0.000
9889,3,"  1.986","  0.198",9/48,/core/www/modules//sdig/index.php?run_id=110202&search_id=114132&scans_id=110198&peptide_id=45307&scanf=9889&charge=3&value=9/48,sp|Q14980|NUMA1_HUMAN,/core/www/modules//consensus/?run_id=110202&search_id=114132&scans_id=110198&peptide_id=45307&scanf=9889&charge=3&value=sp|Q14980|NUMA1_HUMAN,2,/core/www/modules/match_peptides/blast_html4.php?run_id=110202&search_id=114132&scans_id=110198&peptide_id=45307&scanf=9889&charge=3&value=2,K.EELEQASQAHGAR.L,/core/www/modules/show_out/show_out_wrapper.php?run_id=110202&search_id=114132&scans_id=110198&peptide_id=45307&scanf=9889&charge=3&value=K.EELEQASQAHGAR.L,NUMA1,4.194e+6,2.188,0.059,1.229,0.002
9900,2,"  2.396","  0.255",10/14,/core/www/modules//sdig/index.php?run_id=110202&search_id=114132&scans_id=110198&peptide_id=45317&scanf=9900&charge=2&value=10/14,sp|P62266|RS23_HUMAN,/core/www/modules//consensus/?run_id=110202&search_id=114132&scans_id=110198&peptide_id=45317&scanf=9900&charge=2&value=sp|P62266|RS23_HUMAN,4,/core/www/modules/match_peptides/blast_html4.php?run_id=110202&search_id=114132&scans_id=110198&peptide_id=45317&scanf=9900&charge=2&value=4,K.AHLGTALK.A,/core/www/modules/show_out/show_out_wrapper.php?run_id=110202&search_id=114132&scans_id=110198&peptide_id=45317&scanf=9900&charge=2&value=K.AHLGTALK.A,RPS23,1.095e+7,2.680,0.012,1.937,0.000
9902,2,"  2.826","  0.549",15/18,/core/www/modules//sdig/index.php?run_id=110202&search_id=114132&scans_id=110198&peptide_id=45319&scanf=9902&charge=2&value=15/18,sp|Q9BQG0|MBB1A_HUMAN,/core/www/modules//consensus/?run_id=110202&search_id=114132&scans_id=110198&peptide_id=45319&scanf=9902&charge=2&value=sp|Q9BQG0|MBB1A_HUMAN,1,/core/www/modules/match_peptides/blast_html4.php?run_id=110202&search_id=114132&scans_id=110198&peptide_id=45319&scanf=9902&charge=2&value=1,R.AGALHAQVER.L,/core/www/modules/show_out/show_out_wrapper.php?run_id=110202&search_id=114132&scans_id=110198&peptide_id=45319&scanf=9902&charge=2&value=R.AGALHAQVER.L,MYBBP1A,7.425e+6,3.919,0.000,3.769,0.000
9908,2,"  2.085","  0.417",8/14,/core/www/modules//sdig/index.php?run_id=110202&search_id=114132&scans_id=110198&peptide_id=45325&scanf=9908&charge=2&value=8/14,sp|Q8IXT5|RB12B_HUMAN,/core/www/modules//consensus/?run_id=110202&search_id=114132&scans_id=110198&peptide_id=45325&scanf=9908&charge=2&value=sp|Q8IXT5|RB12B_HUMAN,2,/core/www/modules/match_peptides/blast_html4.php?run_id=110202&search_id=114132&scans_id=110198&peptide_id=45325&scanf=9908&charge=2&value=2,R.HPPDEDFR.G,/core/www/modules/show_out/show_out_wrapper.php?run_id=110202&search_id=114132&scans_id=110198&peptide_id=45325&scanf=9908&charge=2&value=R.HPPDEDFR.G,RBM12B,2.156e+6,3.120,0.003,2.586,0.000
9919,2,"  2.339","  0.283",9/12,/core/www/modules//sdig/index.php?run_id=110202&search_id=114132&scans_id=110198&peptide_id=45335&scanf=9919&charge=2&value=9/12,sp|Q14151|SAFB2_HUMAN,/core/www/modules//consensus/?run_id=110202&search_id=114132&scans_id=110198&peptide_id=45335&scanf=9919&charge=2&value=sp|Q14151|SAFB2_HUMAN,2,/core/www/modules/match_peptides/blast_html4.php?run_id=110202&search_id=114132&scans_id=110198&peptide_id=45335&scanf=9919&charge=2&value=2,R.RPYDLDR.R,/core/www/modules/show_out/show_out_wrapper.php?run_id=110202&search_id=114132&scans_id=110198&peptide_id=45335&scanf=9919&charge=2&value=R.RPYDLDR.R,SAFB2,4.191e+7,2.924,0.005,2.295,0.000
9922,3,"  3.758","  0.387",12/36,/core/www/modules//sdig/index.php?run_id=110202&search_id=114132&scans_id=110198&peptide_id=45338&scanf=9922&charge=3&value=12/36,sp|O43707|ACTN4_HUMAN,/core/www/modules//consensus/?run_id=110202&search_id=114132&scans_id=110198&peptide_id=45338&scanf=9922&charge=3&value=sp|O43707|ACTN4_HUMAN,21,/core/www/modules/match_peptides/blast_html4.php?run_id=110202&search_id=114132&scans_id=110198&peptide_id=45338&scanf=9922&charge=3&value=21,K.HTNYTM*EHIR.V,/core/www/modules/show_out/show_out_wrapper.php?run_id=110202&search_id=114132&scans_id=110198&peptide_id=45338&scanf=9922&charge=3&value=K.HTNYTM*EHIR.V,ACTN4,5.006e+6,3.345,0.001,2.919,0.000
9924,2,"  2.050","  0.215",7/14,/core/www/modules//sdig/index.php?run_id=110202&search_id=114132&scans_id=110198&peptide_id=45340&scanf=9924&charge=2&value=7/14,sp|Q13547|HDAC1_HUMAN,/core/www/modules//consensus/?run_id=110202&search_id=114132&scans_id=110198&peptide_id=45340&scanf=9924&charge=2&value=sp|Q13547|HDAC1_HUMAN,1,/core/www/modules/match_peptides/blast_html4.php?run_id=110202&search_id=114132&scans_id=110198&peptide_id=45340&scanf=9924&charge=2&value=1,K.YHSDDYIK.F,/core/www/modules/show_out/show_out_wrapper.php?run_id=110202&search_id=114132&scans_id=110198&peptide_id=45340&scanf=9924&charge=2&value=K.YHSDDYIK.F,HDAC1,2.122e+6,1.990,0.110,0.959,0.005
9927,3,"  3.248","  0.412",11/36,/core/www/modules//sdig/index.php?run_id=110202&search_id=114132&scans_id=110198&peptide_id=45343&scanf=9927&charge=3&value=11/36,sp|O75569|PRKRA_HUMAN,/core/www/modules//consensus/?run_id=110202&search_id=114132&scans_id=110198&peptide_id=45343&scanf=9927&charge=3&value=sp|O75569|PRKRA_HUMAN,7,/core/www/modules/match_peptides/blast_html4.php?run_id=110202&search_id=114132&scans_id=110198&peptide_id=45343&scanf=9927&charge=3&value=7,R.HRAEAPPLER.E,/core/www/modules/show_out/show_out_wrapper.php?run_id=110202&search_id=114132&scans_id=110198&peptide_id=45343&scanf=9927&charge=3&value=R.HRAEAPPLER.E,PRKRA,1.763e+6,2.728,0.010,2.007,0.000
9938,3,"  2.746","  0.338",13/40,/core/www/modules//sdig/index.php?run_id=110202&search_id=114132&scans_id=110198&peptide_id=45353&scanf=9938&charge=3&value=13/40,sp|P62266|RS23_HUMAN,/core/www/modules//consensus/?run_id=110202&search_id=114132&scans_id=110198&peptide_id=45353&scanf=9938&charge=3&value=sp|P62266|RS23_HUMAN,4,/core/www/modules/match_peptides/blast_html4.php?run_id=110202&search_id=114132&scans_id=110198&peptide_id=45353&scanf=9938&charge=3&value=4,K.ANPFGGASHAK.G,/core/www/modules/show_out/show_out_wrapper.php?run_id=110202&search_id=114132&scans_id=110198&peptide_id=45353&scanf=9938&charge=3&value=K.ANPFGGASHAK.G,RPS23,1.584e+7,2.743,0.009,2.030,0.000
9939,2,"  2.725","  0.603",12/18,/core/www/modules//sdig/index.php?run_id=110202&search_id=114132&scans_id=110198&peptide_id=45354&scanf=9939&charge=2&value=12/18,sp|O94906|PRP6_HUMAN,/core/www/modules//consensus/?run_id=110202&search_id=114132&scans_id=110198&peptide_id=45354&scanf=9939&charge=2&value=sp|O94906|PRP6_HUMAN,0,/core/www/modules/match_peptides/blast_html4.php?run_id=110202&search_id=114132&scans_id=110198&peptide_id=45354&scanf=9939&charge=2&value=0,K.LESENDEYER.A,/core/www/modules/show_out/show_out_wrapper.php?run_id=110202&search_id=114132&scans_id=110198&peptide_id=45354&scanf=9939&charge=2&value=K.LESENDEYER.A,PRPF6,4.450e+6,3.834,0.000,3.644,0.000
9942,2,"  2.551","  0.464",13/22,/core/www/modules//sdig/index.php?run_id=110202&search_id=114132&scans_id=110198&peptide_id=45357&scanf=9942&charge=2&value=13/22,sp|Q9Y5Q8|TF3C5_HUMAN,/core/www/modules//consensus/?run_id=110202&search_id=114132&scans_id=110198&peptide_id=45357&scanf=9942&charge=2&value=sp|Q9Y5Q8|TF3C5_HUMAN,3,/core/www/modules/match_peptides/blast_html4.php?run_id=110202&search_id=114132&scans_id=110198&peptide_id=45357&scanf=9942&charge=2&value=3,K.QGLGPSGTSGAR.K,/core/www/modules/show_out/show_out_wrapper.php?run_id=110202&search_id=114132&scans_id=110198&peptide_id=45357&scanf=9942&charge=2&value=K.QGLGPSGTSGAR.K,GTF3C5,1.535e+6,3.007,0.004,2.419,0.000
9950,2,"  1.892","  0.157",8/14,/core/www/modules//sdig/index.php?run_id=110202&search_id=114132&scans_id=110198&peptide_id=45365&scanf=9950&charge=2&value=8/14,sp|Q13263|TIF1B_HUMAN,/core/www/modules//consensus/?run_id=110202&search_id=114132&scans_id=110198&peptide_id=45365&scanf=9950&charge=2&value=sp|Q13263|TIF1B_HUMAN,0,/core/www/modules/match_peptides/blast_html4.php?run_id=110202&search_id=114132&scans_id=110198&peptide_id=45365&scanf=9950&charge=2&value=0,R.VLVNDAQK.V,/core/www/modules/show_out/show_out_wrapper.php?run_id=110202&search_id=114132&scans_id=110198&peptide_id=45365&scanf=9950&charge=2&value=R.VLVNDAQK.V,TRIM28,1.219e+7,2.001,0.106,0.973,0.005
9951,3,"  2.072","  0.479",14/44,/core/www/modules//sdig/index.php?run_id=110202&search_id=114132&scans_id=110198&peptide_id=45366&scanf=9951&charge=3&value=14/44,sp|Q08170|SRSF4_HUMAN,/core/www/modules//consensus/?run_id=110202&search_id=114132&scans_id=110198&peptide_id=45366&scanf=9951&charge=3&value=sp|Q08170|SRSF4_HUMAN,6,/core/www/modules/match_peptides/blast_html4.php?run_id=110202&search_id=114132&scans_id=110198&peptide_id=45366&scanf=9951&charge=3&value=6,R.QAGEVTYADAHK.G,/core/www/modules/show_out/show_out_wrapper.php?run_id=110202&search_id=114132&scans_id=110198&peptide_id=45366&scanf=9951&charge=3&value=R.QAGEVTYADAHK.G,SRSF4,4.886e+7,3.190,0.002,2.689,0.000
9961,2,"  3.032","  0.447",13/22,/core/www/modules//sdig/index.php?run_id=110202&search_id=114132&scans_id=110198&peptide_id=45375&scanf=9961&charge=2&value=13/22,sp|P38919|IF4A3_HUMAN,/core/www/modules//consensus/?run_id=110202&search_id=114132&scans_id=110198&peptide_id=45375&scanf=9961&charge=2&value=sp|P38919|IF4A3_HUMAN,1,/core/www/modules/match_peptides/blast_html4.php?run_id=110202&search_id=114132&scans_id=110198&peptide_id=45375&scanf=9961&charge=2&value=1,R.DVIAQSQSGTGK.T,/core/www/modules/show_out/show_out_wrapper.php?run_id=110202&search_id=114132&scans_id=110198&peptide_id=45375&scanf=9961&charge=2&value=R.DVIAQSQSGTGK.T,EIF4A3,1.057e+7,3.049,0.003,2.481,0.000
9974,3,"  2.594","  0.450",13/76,/core/www/modules//sdig/index.php?run_id=110202&search_id=114132&scans_id=110198&peptide_id=45388&scanf=9974&charge=3&value=13/76,sp|Q08J23|NSUN2_HUMAN,/core/www/modules//consensus/?run_id=110202&search_id=114132&scans_id=110198&peptide_id=45388&scanf=9974&charge=3&value=sp|Q08J23|NSUN2_HUMAN,0,/core/www/modules/match_peptides/blast_html4.php?run_id=110202&search_id=114132&scans_id=110198&peptide_id=45388&scanf=9974&charge=3&value=0,R.RLQQQQRPEDAEDGAEGGGK.R,/core/www/modules/show_out/show_out_wrapper.php?run_id=110202&search_id=114132&scans_id=110198&peptide_id=45388&scanf=9974&charge=3&value=R.RLQQQQRPEDAEDGAEGGGK.R,NSUN2,7.050e+5,2.357,0.034,1.468,0.001
9978,3,"  3.133","  0.276",7/44,/core/www/modules//sdig/index.php?run_id=110202&search_id=114132&scans_id=110198&peptide_id=45392&scanf=9978&charge=3&value=7/44,sp|P22626|ROA2_HUMAN,/core/www/modules//consensus/?run_id=110202&search_id=114132&scans_id=110198&peptide_id=45392&scanf=9978&charge=3&value=sp|P22626|ROA2_HUMAN,8,/core/www/modules/match_peptides/blast_html4.php?run_id=110202&search_id=114132&scans_id=110198&peptide_id=45392&scanf=9978&charge=3&value=8,K.YHTINGHNAEVR.K,/core/www/modules/show_out/show_out_wrapper.php?run_id=110202&search_id=114132&scans_id=110198&peptide_id=45392&scanf=9978&charge=3&value=K.YHTINGHNAEVR.K,HNRNPA2B1,2.241e+7,2.419,0.028,1.557,0.001
9982,3,"  3.298","  0.282",10/36,/core/www/modules//sdig/index.php?run_id=110202&search_id=114132&scans_id=110198&peptide_id=45395&scanf=9982&charge=3&value=10/36,sp|O43707|ACTN4_HUMAN,/core/www/modules//consensus/?run_id=110202&search_id=114132&scans_id=110198&peptide_id=45395&scanf=9982&charge=3&value=sp|O43707|ACTN4_HUMAN,21,/core/www/modules/match_peptides/blast_html4.php?run_id=110202&search_id=114132&scans_id=110198&peptide_id=45395&scanf=9982&charge=3&value=21,K.HTNYTM*EHIR.V,/core/www/modules/show_out/show_out_wrapper.php?run_id=110202&search_id=114132&scans_id=110198&peptide_id=45395&scanf=9982&charge=3&value=K.HTNYTM*EHIR.V,ACTN4,5.006e+6,2.940,0.005,2.319,0.000
9989,3,"  4.020","  0.627",22/72,/core/www/modules//sdig/index.php?run_id=110202&search_id=114132&scans_id=110198&peptide_id=45402&scanf=9989&charge=3&value=22/72,sp|Q7L2J0|MEPCE_HUMAN,/core/www/modules//consensus/?run_id=110202&search_id=114132&scans_id=110198&peptide_id=45402&scanf=9989&charge=3&value=sp|Q7L2J0|MEPCE_HUMAN,0,/core/www/modules/match_peptides/blast_html4.php?run_id=110202&search_id=114132&scans_id=110198&peptide_id=45402&scanf=9989&charge=3&value=0,R.ESPGAAATSSSGPQAQQHR.G,/core/www/modules/show_out/show_out_wrapper.php?run_id=110202&search_id=114132&scans_id=110198&peptide_id=45402&scanf=9989&charge=3&value=R.ESPGAAATSSSGPQAQQHR.G,MEPCE,1.397e+6,3.485,0.001,3.125,0.000
9996,2,"  2.873","  0.471",12/20,/core/www/modules//sdig/index.php?run_id=110202&search_id=114132&scans_id=110198&peptide_id=45409&scanf=9996&charge=2&value=12/20,sp|Q6P2Q9|PRP8_HUMAN,/core/www/modules//consensus/?run_id=110202&search_id=114132&scans_id=110198&peptide_id=45409&scanf=9996&charge=2&value=sp|Q6P2Q9|PRP8_HUMAN,0,/core/www/modules/match_peptides/blast_html4.php?run_id=110202&search_id=114132&scans_id=110198&peptide_id=45409&scanf=9996&charge=2&value=0,K.EQSQLTATQTR.T,/core/www/modules/show_out/show_out_wrapper.php?run_id=110202&search_id=114132&scans_id=110198&peptide_id=45409&scanf=9996&charge=2&value=K.EQSQLTATQTR.T,PRPF8,5.476e+6,3.456,0.001,3.083,0.000
10006,3,"  2.977","  0.331",12/40,/core/www/modules//sdig/index.php?run_id=110202&search_id=114132&scans_id=110198&peptide_id=944&scanf=10006&charge=3&value=12/40,sp|Q96KR1|ZFR_HUMAN,/core/www/modules//consensus/?run_id=110202&search_id=114132&scans_id=110198&peptide_id=944&scanf=10006&charge=3&value=sp|Q96KR1|ZFR_HUMAN,0,/core/www/modules/match_peptides/blast_html4.php?run_id=110202&search_id=114132&scans_id=110198&peptide_id=944&scanf=10006&charge=3&value=0,R.MEEEQHHWDDR.R,/core/www/modules/show_out/show_out_wrapper.php?run_id=110202&search_id=114132&scans_id=110198&peptide_id=944&scanf=10006&charge=3&value=R.MEEEQHHWDDR.R,ZFR,1.896e+6,2.757,0.009,2.050,0.000
10009,4,"  4.298","  0.253",15/84,/core/www/modules//sdig/index.php?run_id=110202&search_id=114132&scans_id=110198&peptide_id=947&scanf=10009&charge=4&value=15/84,sp|P51991|ROA3_HUMAN,/core/www/modules//consensus/?run_id=110202&search_id=114132&scans_id=110198&peptide_id=947&scanf=10009&charge=4&value=sp|P51991|ROA3_HUMAN,4,/core/www/modules/match_peptides/blast_html4.php?run_id=110202&search_id=114132&scans_id=110198&peptide_id=947&scanf=10009&charge=4&value=4,R.GEEGHDPKEPEQLRK.L,/core/www/modules/show_out/show_out_wrapper.php?run_id=110202&search_id=114132&scans_id=110198&peptide_id=947&scanf=10009&charge=4&value=R.GEEGHDPKEPEQLRK.L,HNRNPA3,2.499e+6,2.127,0.072,1.144,0.002
10022,3,"  2.315","  0.273",12/28,/core/www/modules//sdig/index.php?run_id=110202&search_id=114132&scans_id=110198&peptide_id=961&scanf=10022&charge=3&value=12/28,sp|A6NNZ2|TBB8B_HUMAN,/core/www/modules//consensus/?run_id=110202&search_id=114132&scans_id=110198&peptide_id=961&scanf=10022&charge=3&value=sp|A6NNZ2|TBB8B_HUMAN,10,/core/www/modules/match_peptides/blast_html4.php?run_id=110202&search_id=114132&scans_id=110198&peptide_id=961&scanf=10022&charge=3&value=10,K.IREEYPDR.I,/core/www/modules/show_out/show_out_wrapper.php?run_id=110202&search_id=114132&scans_id=110198&peptide_id=961&scanf=10022&charge=3&value=K.IREEYPDR.I,TUBB8B,1.868e+7,2.492,0.022,1.662,0.001
10023,3,"  3.203","  0.530",11/36,/core/www/modules//sdig/index.php?run_id=110202&search_id=114132&scans_id=110198&peptide_id=962&scanf=10023&charge=3&value=11/36,sp|Q13242|SRSF9_HUMAN,/core/www/modules//consensus/?run_id=110202&search_id=114132&scans_id=110198&peptide_id=962&scanf=10023&charge=3&value=sp|Q13242|SRSF9_HUMAN,0,/core/www/modules/match_peptides/blast_html4.php?run_id=110202&search_id=114132&scans_id=110198&peptide_id=962&scanf=10023&charge=3&value=0,R.SHEGETSYIR.V,/core/www/modules/show_out/show_out_wrapper.php?run_id=110202&search_id=114132&scans_id=110198&peptide_id=962&scanf=10023&charge=3&value=R.SHEGETSYIR.V,SRSF9,2.655e+7,3.477,0.001,3.114,0.000
10035,2,"  1.633","  0.071",8/16,/core/www/modules//sdig/index.php?run_id=110202&search_id=114132&scans_id=110198&peptide_id=975&scanf=10035&charge=2&value=8/16,sp|P08670|VIME_HUMAN,/core/www/modules//consensus/?run_id=110202&search_id=114132&scans_id=110198&peptide_id=975&scanf=10035&charge=2&value=sp|P08670|VIME_HUMAN,2,/core/www/modules/match_peptides/blast_html4.php?run_id=110202&search_id=114132&scans_id=110198&peptide_id=975&scanf=10035&charge=2&value=2,R.QQYESVAAK.N,/core/www/modules/show_out/show_out_wrapper.php?run_id=110202&search_id=114132&scans_id=110198&peptide_id=975&scanf=10035&charge=2&value=R.QQYESVAAK.N,VIM,1.538e+8,2.151,0.067,1.177,0.002
10043,2,"  2.115","  0.168",10/14,/core/www/modules//sdig/index.php?run_id=110202&search_id=114132&scans_id=110198&peptide_id=983&scanf=10043&charge=2&value=10/14,sp|P23396|RS3_HUMAN,/core/www/modules//consensus/?run_id=110202&search_id=114132&scans_id=110198&peptide_id=983&scanf=10043&charge=2&value=sp|P23396|RS3_HUMAN,8,/core/www/modules/match_peptides/blast_html4.php?run_id=110202&search_id=114132&scans_id=110198&peptide_id=983&scanf=10043&charge=2&value=8,R.TQNVLGEK.G,/core/www/modules/show_out/show_out_wrapper.php?run_id=110202&search_id=114132&scans_id=110198&peptide_id=983&scanf=10043&charge=2&value=R.TQNVLGEK.G,RPS3,6.988e+6,2.327,0.038,1.425,0.001
10051,2,"  2.425","  0.521",9/16,/core/www/modules//sdig/index.php?run_id=110202&search_id=114132&scans_id=110198&peptide_id=992&scanf=10051&charge=2&value=9/16,sp|P14866|HNRPL_HUMAN,/core/www/modules//consensus/?run_id=110202&search_id=114132&scans_id=110198&peptide_id=992&scanf=10051&charge=2&value=sp|P14866|HNRPL_HUMAN,2,/core/www/modules/match_peptides/blast_html4.php?run_id=110202&search_id=114132&scans_id=110198&peptide_id=992&scanf=10051&charge=2&value=2,R.MGPPVGGHR.R,/core/www/modules/show_out/show_out_wrapper.php?run_id=110202&search_id=114132&scans_id=110198&peptide_id=992&scanf=10051&charge=2&value=R.MGPPVGGHR.R,HNRNPL,2.578e+7,3.446,0.001,3.068,0.000
10062,2,"  1.591","  0.204",5/18,/core/www/modules//sdig/index.php?run_id=110202&search_id=114132&scans_id=110198&peptide_id=1004&scanf=10062&charge=2&value=5/18,sp|Q6P2Q9|PRP8_HUMAN,/core/www/modules//consensus/?run_id=110202&search_id=114132&scans_id=110198&peptide_id=1004&scanf=10062&charge=2&value=sp|Q6P2Q9|PRP8_HUMAN,0,/core/www/modules/match_peptides/blast_html4.php?run_id=110202&search_id=114132&scans_id=110198&peptide_id=1004&scanf=10062&charge=2&value=0,K.DVMDSTTTQK.Y,/core/www/modules/show_out/show_out_wrapper.php?run_id=110202&search_id=114132&scans_id=110198&peptide_id=1004&scanf=10062&charge=2&value=K.DVMDSTTTQK.Y,PRPF8,3.267e+6,2.008,0.104,0.982,0.005
10067,3,"  2.268","  0.309",10/28,/core/www/modules//sdig/index.php?run_id=110202&search_id=114132&scans_id=110198&peptide_id=1008&scanf=10067&charge=3&value=10/28,sp|O60506|HNRPQ_HUMAN,/core/www/modules//consensus/?run_id=110202&search_id=114132&scans_id=110198&peptide_id=1008&scanf=10067&charge=3&value=sp|O60506|HNRPQ_HUMAN,7,/core/www/modules/match_peptides/blast_html4.php?run_id=110202&search_id=114132&scans_id=110198&peptide_id=1008&scanf=10067&charge=3&value=7,K.LYNNHEIR.S,/core/www/modules/show_out/show_out_wrapper.php?run_id=110202&search_id=114132&scans_id=110198&peptide_id=1008&scanf=10067&charge=3&value=K.LYNNHEIR.S,SYNCRIP,1.802e+7,2.881,0.006,2.233,0.000
10069,3,"  1.681","  0.276",11/40,/core/www/modules//sdig/index.php?run_id=110202&search_id=114132&scans_id=110198&peptide_id=1010&scanf=10069&charge=3&value=11/40,sp|Q16643|DREB_HUMAN,/core/www/modules//consensus/?run_id=110202&search_id=114132&scans_id=110198&peptide_id=1010&scanf=10069&charge=3&value=sp|Q16643|DREB_HUMAN,1,/core/www/modules/match_peptides/blast_html4.php?run_id=110202&search_id=114132&scans_id=110198&peptide_id=1010&scanf=10069&charge=3&value=1,K.QQTLEAEEAKR.R,/core/www/modules/show_out/show_out_wrapper.php?run_id=110202&search_id=114132&scans_id=110198&peptide_id=1010&scanf=10069&charge=3&value=K.QQTLEAEEAKR.R,DBN1,6.196e+6,2.239,0.050,1.300,0.002
10076,2,"  2.984","  0.230",12/20,/core/www/modules//sdig/index.php?run_id=110202&search_id=114132&scans_id=110198&peptide_id=1018&scanf=10076&charge=2&value=12/20,sp|Q9NXF1|TEX10_HUMAN,/core/www/modules//consensus/?run_id=110202&search_id=114132&scans_id=110198&peptide_id=1018&scanf=10076&charge=2&value=sp|Q9NXF1|TEX10_HUMAN,0,/core/www/modules/match_peptides/blast_html4.php?run_id=110202&search_id=114132&scans_id=110198&peptide_id=1018&scanf=10076&charge=2&value=0,R.LRESEGLQEQK.E,/core/www/modules/show_out/show_out_wrapper.php?run_id=110202&search_id=114132&scans_id=110198&peptide_id=1018&scanf=10076&charge=2&value=R.LRESEGLQEQK.E,TEX10,9.370e+5,2.146,0.068,1.171,0.002
10086,2,"  2.509","  0.630",12/24,/core/www/modules//sdig/index.php?run_id=110202&search_id=114132&scans_id=110198&peptide_id=1028&scanf=10086&charge=2&value=12/24,sp|Q13151|ROA0_HUMAN,/core/www/modules//consensus/?run_id=110202&search_id=114132&scans_id=110198&peptide_id=1028&scanf=10086&charge=2&value=sp|Q13151|ROA0_HUMAN,0,/core/www/modules/match_peptides/blast_html4.php?run_id=110202&search_id=114132&scans_id=110198&peptide_id=1028&scanf=10086&charge=2&value=0,K.EDIYSGGGGGGSR.S,/core/www/modules/show_out/show_out_wrapper.php?run_id=110202&search_id=114132&scans_id=110198&peptide_id=1028&scanf=10086&charge=2&value=K.EDIYSGGGGGGSR.S,HNRNPA0,1.835e+7,3.440,0.001,3.060,0.000
10087,3,"  2.704","  0.247",10/40,/core/www/modules//sdig/index.php?run_id=110202&search_id=114132&scans_id=110198&peptide_id=1029&scanf=10087&charge=3&value=10/40,sp|Q9NXF1|TEX10_HUMAN,/core/www/modules//consensus/?run_id=110202&search_id=114132&scans_id=110198&peptide_id=1029&scanf=10087&charge=3&value=sp|Q9NXF1|TEX10_HUMAN,0,/core/www/modules/match_peptides/blast_html4.php?run_id=110202&search_id=114132&scans_id=110198&peptide_id=1029&scanf=10087&charge=3&value=0,R.LRESEGLQEQK.E,/core/www/modules/show_out/show_out_wrapper.php?run_id=110202&search_id=114132&scans_id=110198&peptide_id=1029&scanf=10087&charge=3&value=R.LRESEGLQEQK.E,TEX10,2.488e+6,2.076,0.084,1.075,0.003
10088,4,"  2.226","  0.314",8/66,/core/www/modules//sdig/index.php?run_id=110202&search_id=114132&scans_id=110198&peptide_id=1030&scanf=10088&charge=4&value=8/66,sp|Q08211|DHX9_HUMAN,/core/www/modules//consensus/?run_id=110202&search_id=114132&scans_id=110198&peptide_id=1030&scanf=10088&charge=4&value=sp|Q08211|DHX9_HUMAN,0,/core/www/modules/match_peptides/blast_html4.php?run_id=110202&search_id=114132&scans_id=110198&peptide_id=1030&scanf=10088&charge=4&value=0,K.HLEM*NPHFGSHR.Y,/core/www/modules/show_out/show_out_wrapper.php?run_id=110202&search_id=114132&scans_id=110198&peptide_id=1030&scanf=10088&charge=4&value=K.HLEM*NPHFGSHR.Y,DHX9,3.706e+6,2.891,0.006,2.247,0.000
10089,2,"  1.689","  0.142",6/14,/core/www/modules//sdig/index.php?run_id=110202&search_id=114132&scans_id=110198&peptide_id=1031&scanf=10089&charge=2&value=6/14,sp|P38646|GRP75_HUMAN,/core/www/modules//consensus/?run_id=110202&search_id=114132&scans_id=110198&peptide_id=1031&scanf=10089&charge=2&value=sp|P38646|GRP75_HUMAN,7,/core/www/modules/match_peptides/blast_html4.php?run_id=110202&search_id=114132&scans_id=110198&peptide_id=1031&scanf=10089&charge=2&value=7,R.YDDPEVQK.D,/core/www/modules/show_out/show_out_wrapper.php?run_id=110202&search_id=114132&scans_id=110198&peptide_id=1031&scanf=10089&charge=2&value=R.YDDPEVQK.D,HSPA9,1.234e+6,1.899,0.144,0.841,0.007
10114,2,"  1.435","  0.272",8/14,/core/www/modules//sdig/index.php?run_id=110202&search_id=114132&scans_id=110198&peptide_id=1057&scanf=10114&charge=2&value=8/14,sp|P08962|CD63_HUMAN,/core/www/modules//consensus/?run_id=110202&search_id=114132&scans_id=110198&peptide_id=1057&scanf=10114&charge=2&value=sp|P08962|CD63_HUMAN,4,/core/www/modules/match_peptides/blast_html4.php?run_id=110202&search_id=114132&scans_id=110198&peptide_id=1057&scanf=10114&charge=2&value=4,R.QQMENYPK.N,/core/www/modules/show_out/show_out_wrapper.php?run_id=110202&search_id=114132&scans_id=110198&peptide_id=1057&scanf=10114&charge=2&value=R.QQMENYPK.N,CD63,1.401e+6,2.392,0.030,1.517,0.001
10117,2,"  4.414","  0.604",17/28,/core/www/modules//sdig/index.php?run_id=110202&search_id=114132&scans_id=110198&peptide_id=1060&scanf=10117&charge=2&value=17/28,sp|Q9H0A0|NAT10_HUMAN,/core/www/modules//consensus/?run_id=110202&search_id=114132&scans_id=110198&peptide_id=1060&scanf=10117&charge=2&value=sp|Q9H0A0|NAT10_HUMAN,0,/core/www/modules/match_peptides/blast_html4.php?run_id=110202&search_id=114132&scans_id=110198&peptide_id=1060&scanf=10117&charge=2&value=0,R.QQSAQSQVSTTAENK.T,/core/www/modules/show_out/show_out_wrapper.php?run_id=110202&search_id=114132&scans_id=110198&peptide_id=1060&scanf=10117&charge=2&value=R.QQSAQSQVSTTAENK.T,NAT10,7.575e+6,3.671,0.000,3.402,0.000
10132,2,"  2.456","  0.503",12/22,/core/www/modules//sdig/index.php?run_id=110202&search_id=114132&scans_id=110198&peptide_id=1076&scanf=10132&charge=2&value=12/22,sp|Q14692|BMS1_HUMAN,/core/www/modules//consensus/?run_id=110202&search_id=114132&scans_id=110198&peptide_id=1076&scanf=10132&charge=2&value=sp|Q14692|BMS1_HUMAN,0,/core/www/modules/match_peptides/blast_html4.php?run_id=110202&search_id=114132&scans_id=110198&peptide_id=1076&scanf=10132&charge=2&value=0,K.SGPNTQNEDIEK.E,/core/www/modules/show_out/show_out_wrapper.php?run_id=110202&search_id=114132&scans_id=110198&peptide_id=1076&scanf=10132&charge=2&value=K.SGPNTQNEDIEK.E,BMS1,1.180e+6,3.018,0.004,2.434,0.000
10141,2,"  1.517","  0.519",10/18,/core/www/modules//sdig/index.php?run_id=110202&search_id=114132&scans_id=110198&peptide_id=1086&scanf=10141&charge=2&value=10/18,sp|O94906|PRP6_HUMAN,/core/www/modules//consensus/?run_id=110202&search_id=114132&scans_id=110198&peptide_id=1086&scanf=10141&charge=2&value=sp|O94906|PRP6_HUMAN,0,/core/www/modules/match_peptides/blast_html4.php?run_id=110202&search_id=114132&scans_id=110198&peptide_id=1086&scanf=10141&charge=2&value=0,K.LESENDEYER.A,/core/www/modules/show_out/show_out_wrapper.php?run_id=110202&search_id=114132&scans_id=110198&peptide_id=1086&scanf=10141&charge=2&value=K.LESENDEYER.A,PRPF6,4.450e+6,3.346,0.001,2.921,0.000
10144,3,"  3.345","  0.440",11/52,/core/www/modules//sdig/index.php?run_id=110202&search_id=114132&scans_id=110198&peptide_id=1089&scanf=10144&charge=3&value=11/52,sp|Q9NPI1|BRD7_HUMAN,/core/www/modules//consensus/?run_id=110202&search_id=114132&scans_id=110198&peptide_id=1089&scanf=10144&charge=3&value=sp|Q9NPI1|BRD7_HUMAN,0,/core/www/modules/match_peptides/blast_html4.php?run_id=110202&search_id=114132&scans_id=110198&peptide_id=1089&scanf=10144&charge=3&value=0,R.EREDSGDAEAHAFK.S,/core/www/modules/show_out/show_out_wrapper.php?run_id=110202&search_id=114132&scans_id=110198&peptide_id=1089&scanf=10144&charge=3&value=R.EREDSGDAEAHAFK.S,BRD7,1.915e+6,2.471,0.023,1.631,0.001
10153,2,"  2.814","  0.494",14/18,/core/www/modules//sdig/index.php?run_id=110202&search_id=114132&scans_id=110198&peptide_id=1098&scanf=10153&charge=2&value=14/18,sp|P11388|TOP2A_HUMAN,/core/www/modules//consensus/?run_id=110202&search_id=114132&scans_id=110198&peptide_id=1098&scanf=10153&charge=2&value=sp|P11388|TOP2A_HUMAN,0,/core/www/modules/match_peptides/blast_html4.php?run_id=110202&search_id=114132&scans_id=110198&peptide_id=1098&scanf=10153&charge=2&value=0,K.KNYEDEDSLK.T,/core/www/modules/show_out/show_out_wrapper.php?run_id=110202&search_id=114132&scans_id=110198&peptide_id=1098&scanf=10153&charge=2&value=K.KNYEDEDSLK.T,TOP2A,1.340e+6,3.357,0.001,2.936,0.000
10169,2,"  2.577","  0.390",11/18,/core/www/modules//sdig/index.php?run_id=110202&search_id=114132&scans_id=110198&peptide_id=1114&scanf=10169&charge=2&value=11/18,sp|Q14498|RBM39_HUMAN,/core/www/modules//consensus/?run_id=110202&search_id=114132&scans_id=110198&peptide_id=1114&scanf=10169&charge=2&value=sp|Q14498|RBM39_HUMAN,1,/core/www/modules/match_peptides/blast_html4.php?run_id=110202&search_id=114132&scans_id=110198&peptide_id=1114&scanf=10169&charge=2&value=1,K.NSAQGNVYVK.C,/core/www/modules/show_out/show_out_wrapper.php?run_id=110202&search_id=114132&scans_id=110198&peptide_id=1114&scanf=10169&charge=2&value=K.NSAQGNVYVK.C,RBM39,6.401e+6,2.902,0.005,2.263,0.000
10173,3,"  2.125","  0.041",6/32,/core/www/modules//sdig/index.php?run_id=110202&search_id=114132&scans_id=110198&peptide_id=1119&scanf=10173&charge=3&value=6/32,sp|Q9NU22|MDN1_HUMAN,/core/www/modules//consensus/?run_id=110202&search_id=114132&scans_id=110198&peptide_id=1119&scanf=10173&charge=3&value=sp|Q9NU22|MDN1_HUMAN,0,/core/www/modules/match_peptides/blast_html4.php?run_id=110202&search_id=114132&scans_id=110198&peptide_id=1119&scanf=10173&charge=3&value=0,K.QSEAVHLQR.E,/core/www/modules/show_out/show_out_wrapper.php?run_id=110202&search_id=114132&scans_id=110198&peptide_id=1119&scanf=10173&charge=3&value=K.QSEAVHLQR.E,MDN1,1.587e+6,1.846,0.168,0.775,0.009
10177,2,"  1.645","  0.156",7/14,/core/www/modules//sdig/index.php?run_id=110202&search_id=114132&scans_id=110198&peptide_id=1123&scanf=10177&charge=2&value=7/14,sp|P42285|MTREX_HUMAN,/core/www/modules//consensus/?run_id=110202&search_id=114132&scans_id=110198&peptide_id=1123&scanf=10177&charge=2&value=sp|P42285|MTREX_HUMAN,0,/core/www/modules/match_peptides/blast_html4.php?run_id=110202&search_id=114132&scans_id=110198&peptide_id=1123&scanf=10177&charge=2&value=0,K.DLRPVDNR.Q,/core/www/modules/show_out/show_out_wrapper.php?run_id=110202&search_id=114132&scans_id=110198&peptide_id=1123&scanf=10177&charge=2&value=K.DLRPVDNR.Q,MTREX,4.021e+6,2.120,0.073,1.134,0.002
10182,2,"  2.720","  0.546",11/18,/core/www/modules//sdig/index.php?run_id=110202&search_id=114132&scans_id=110198&peptide_id=1129&scanf=10182&charge=2&value=11/18,sp|Q8N3U4|STAG2_HUMAN,/core/www/modules//consensus/?run_id=110202&search_id=114132&scans_id=110198&peptide_id=1129&scanf=10182&charge=2&value=sp|Q8N3U4|STAG2_HUMAN,2,/core/www/modules/match_peptides/blast_html4.php?run_id=110202&search_id=114132&scans_id=110198&peptide_id=1129&scanf=10182&charge=2&value=2,R.RDPEEDGMMK.R,/core/www/modules/show_out/show_out_wrapper.php?run_id=110202&search_id=114132&scans_id=110198&peptide_id=1129&scanf=10182&charge=2&value=R.RDPEEDGMMK.R,STAG2,9.285e+5,3.153,0.002,2.635,0.000
10185,3,"  2.736","  0.218",13/48,/core/www/modules//sdig/index.php?run_id=110202&search_id=114132&scans_id=110198&peptide_id=1132&scanf=10185&charge=3&value=13/48,sp|P13010|XRCC5_HUMAN,/core/www/modules//consensus/?run_id=110202&search_id=114132&scans_id=110198&peptide_id=1132&scanf=10185&charge=3&value=sp|P13010|XRCC5_HUMAN,0,/core/www/modules/match_peptides/blast_html4.php?run_id=110202&search_id=114132&scans_id=110198&peptide_id=1132&scanf=10185&charge=3&value=0,K.EDGSGDRGDGPFR.L,/core/www/modules/show_out/show_out_wrapper.php?run_id=110202&search_id=114132&scans_id=110198&peptide_id=1132&scanf=10185&charge=3&value=K.EDGSGDRGDGPFR.L,XRCC5,1.285e+7,2.059,0.089,1.052,0.004
10192,2,"  1.649","  0.482",7/16,/core/www/modules//sdig/index.php?run_id=110202&search_id=114132&scans_id=110198&peptide_id=1139&scanf=10192&charge=2&value=7/16,sp|Q04637|IF4G1_HUMAN,/core/www/modules//consensus/?run_id=110202&search_id=114132&scans_id=110198&peptide_id=1139&scanf=10192&charge=2&value=sp|Q04637|IF4G1_HUMAN,4,/core/www/modules/match_peptides/blast_html4.php?run_id=110202&search_id=114132&scans_id=110198&peptide_id=1139&scanf=10192&charge=2&value=4,R.HGVESTLER.S,/core/www/modules/show_out/show_out_wrapper.php?run_id=110202&search_id=114132&scans_id=110198&peptide_id=1139&scanf=10192&charge=2&value=R.HGVESTLER.S,EIF4G1,2.027e+7,2.984,0.004,2.385,0.000
10203,2,"  3.438","  0.502",15/16,/core/www/modules//sdig/index.php?run_id=110202&search_id=114132&scans_id=110198&peptide_id=1151&scanf=10203&charge=2&value=15/16,sp|Q14683|SMC1A_HUMAN,/core/www/modules//consensus/?run_id=110202&search_id=114132&scans_id=110198&peptide_id=1151&scanf=10203&charge=2&value=sp|Q14683|SMC1A_HUMAN,1,/core/www/modules/match_peptides/blast_html4.php?run_id=110202&search_id=114132&scans_id=110198&peptide_id=1151&scanf=10203&charge=2&value=1,R.KGDMDELEK.E,/core/www/modules/show_out/show_out_wrapper.php?run_id=110202&search_id=114132&scans_id=110198&peptide_id=1151&scanf=10203&charge=2&value=R.KGDMDELEK.E,SMC1A,6.440e+6,3.674,0.000,3.407,0.000
10219,2,"  2.167","  0.203",7/14,/core/www/modules//sdig/index.php?run_id=110202&search_id=114132&scans_id=110198&peptide_id=1167&scanf=10219&charge=2&value=7/14,sp|O94906|PRP6_HUMAN,/core/www/modules//consensus/?run_id=110202&search_id=114132&scans_id=110198&peptide_id=1167&scanf=10219&charge=2&value=sp|O94906|PRP6_HUMAN,0,/core/www/modules/match_peptides/blast_html4.php?run_id=110202&search_id=114132&scans_id=110198&peptide_id=1167&scanf=10219&charge=2&value=0,R.ANGVEINR.E,/core/www/modules/show_out/show_out_wrapper.php?run_id=110202&search_id=114132&scans_id=110198&peptide_id=1167&scanf=10219&charge=2&value=R.ANGVEINR.E,PRPF6,1.314e+6,2.302,0.041,1.389,0.001
10237,2,"  1.924","  0.382",8/20,/core/www/modules//sdig/index.php?run_id=110202&search_id=114132&scans_id=110198&peptide_id=1185&scanf=10237&charge=2&value=8/20,sp|P60709|ACTB_HUMAN,/core/www/modules//consensus/?run_id=110202&search_id=114132&scans_id=110198&peptide_id=1185&scanf=10237&charge=2&value=sp|P60709|ACTB_HUMAN,26,/core/www/modules/match_peptides/blast_html4.php?run_id=110202&search_id=114132&scans_id=110198&peptide_id=1185&scanf=10237&charge=2&value=26,R.HQGVM*VGM*GQK.D,/core/www/modules/show_out/show_out_wrapper.php?run_id=110202&search_id=114132&scans_id=110198&peptide_id=1185&scanf=10237&charge=2&value=R.HQGVM*VGM*GQK.D,ACTB,1.065e+7,2.992,0.004,2.396,0.000
10253,2,"  1.243","  0.109",7/12,/core/www/modules//sdig/index.php?run_id=110202&search_id=114132&scans_id=110198&peptide_id=1202&scanf=10253&charge=2&value=7/12,sp|O60814|H2B1K_HUMAN,/core/www/modules//consensus/?run_id=110202&search_id=114132&scans_id=110198&peptide_id=1202&scanf=10253&charge=2&value=sp|O60814|H2B1K_HUMAN,14,/core/www/modules/match_peptides/blast_html4.php?run_id=110202&search_id=114132&scans_id=110198&peptide_id=1202&scanf=10253&charge=2&value=14,R.EIQTAVR.L,/core/www/modules/show_out/show_out_wrapper.php?run_id=110202&search_id=114132&scans_id=110198&peptide_id=1202&scanf=10253&charge=2&value=R.EIQTAVR.L,H2BC12,9.055e+8,2.119,0.074,1.133,0.002
10260,2,"  1.784","  0.171",9/16,/core/www/modules//sdig/index.php?run_id=110202&search_id=114132&scans_id=110198&peptide_id=1210&scanf=10260&charge=2&value=9/16,sp|Q9Y6M1|IF2B2_HUMAN,/core/www/modules//consensus/?run_id=110202&search_id=114132&scans_id=110198&peptide_id=1210&scanf=10260&charge=2&value=sp|Q9Y6M1|IF2B2_HUMAN,1,/core/www/modules/match_peptides/blast_html4.php?run_id=110202&search_id=114132&scans_id=110198&peptide_id=1210&scanf=10260&charge=2&value=1,K.YPQGVASQR.S,/core/www/modules/show_out/show_out_wrapper.php?run_id=110202&search_id=114132&scans_id=110198&peptide_id=1210&scanf=10260&charge=2&value=K.YPQGVASQR.S,IGF2BP2,4.696e+6,2.021,0.100,1.000,0.005
10266,2,"  1.355","  0.211",6/14,/core/www/modules//sdig/index.php?run_id=110202&search_id=114132&scans_id=110198&peptide_id=1216&scanf=10266&charge=2&value=6/14,sp|P22087|FBRL_HUMAN,/core/www/modules//consensus/?run_id=110202&search_id=114132&scans_id=110198&peptide_id=1216&scanf=10266&charge=2&value=sp|P22087|FBRL_HUMAN,7,/core/www/modules/match_peptides/blast_html4.php?run_id=110202&search_id=114132&scans_id=110198&peptide_id=1216&scanf=10266&charge=2&value=7,K.NVM*VEPHR.H,/core/www/modules/show_out/show_out_wrapper.php?run_id=110202&search_id=114132&scans_id=110198&peptide_id=1216&scanf=10266&charge=2&value=K.NVM*VEPHR.H,FBL,1.853e+6,2.038,0.095,1.023,0.004
10276,2,"  2.053","  0.355",8/14,/core/www/modules//sdig/index.php?run_id=110202&search_id=114132&scans_id=110198&peptide_id=1226&scanf=10276&charge=2&value=8/14,sp|P78527|PRKDC_HUMAN,/core/www/modules//consensus/?run_id=110202&search_id=114132&scans_id=110198&peptide_id=1226&scanf=10276&charge=2&value=sp|P78527|PRKDC_HUMAN,0,/core/www/modules/match_peptides/blast_html4.php?run_id=110202&search_id=114132&scans_id=110198&peptide_id=1226&scanf=10276&charge=2&value=0,K.QVSNMVAK.N,/core/www/modules/show_out/show_out_wrapper.php?run_id=110202&search_id=114132&scans_id=110198&peptide_id=1226&scanf=10276&charge=2&value=K.QVSNMVAK.N,PRKDC,6.509e+6,3.473,0.001,3.108,0.000
10279,2,"  1.040","  0.239",6/14,/core/www/modules//sdig/index.php?run_id=110202&search_id=114132&scans_id=110198&peptide_id=1229&scanf=10279&charge=2&value=6/14,sp|P61978|HNRPK_HUMAN,/core/www/modules//consensus/?run_id=110202&search_id=114132&scans_id=110198&peptide_id=1229&scanf=10279&charge=2&value=sp|P61978|HNRPK_HUMAN,1,/core/www/modules/match_peptides/blast_html4.php?run_id=110202&search_id=114132&scans_id=110198&peptide_id=1229&scanf=10279&charge=2&value=1,R.DYDDM*SPR.R,/core/www/modules/show_out/show_out_wrapper.php?run_id=110202&search_id=114132&scans_id=110198&peptide_id=1229&scanf=10279&charge=2&value=R.DYDDM*SPR.R,HNRNPK,1.890e+6,2.345,0.035,1.451,0.001
10280,4,"  4.475","  0.426",15/126,/core/www/modules//sdig/index.php?run_id=110202&search_id=114132&scans_id=110198&peptide_id=1231&scanf=10280&charge=4&value=15/126,sp|Q92922|SMRC1_HUMAN,/core/www/modules//consensus/?run_id=110202&search_id=114132&scans_id=110198&peptide_id=1231&scanf=10280&charge=4&value=sp|Q92922|SMRC1_HUMAN,0,/core/www/modules/match_peptides/blast_html4.php?run_id=110202&search_id=114132&scans_id=110198&peptide_id=1231&scanf=10280&charge=4&value=0,K.AENKVENETDEGDKAQDGENEK.N,/core/www/modules/show_out/show_out_wrapper.php?run_id=110202&search_id=114132&scans_id=110198&peptide_id=1231&scanf=10280&charge=4&value=K.AENKVENETDEGDKAQDGENEK.N,SMARCC1,1.881e+6,2.372,0.032,1.490,0.001
10283,3,"  2.473","  0.178",11/48,/core/www/modules//sdig/index.php?run_id=110202&search_id=114132&scans_id=110198&peptide_id=1234&scanf=10283&charge=3&value=11/48,sp|P61247|RS3A_HUMAN,/core/www/modules//consensus/?run_id=110202&search_id=114132&scans_id=110198&peptide_id=1234&scanf=10283&charge=3&value=sp|P61247|RS3A_HUMAN,4,/core/www/modules/match_peptides/blast_html4.php?run_id=110202&search_id=114132&scans_id=110198&peptide_id=1234&scanf=10283&charge=3&value=4,K.LM*ELHGEGSSSGK.A,/core/www/modules/show_out/show_out_wrapper.php?run_id=110202&search_id=114132&scans_id=110198&peptide_id=1234&scanf=10283&charge=3&value=K.LM*ELHGEGSSSGK.A,RPS3A,4.398e+6,1.991,0.109,0.961,0.005
10284,2,"  2.848","  0.324",10/16,/core/www/modules//sdig/index.php?run_id=110202&search_id=114132&scans_id=110198&peptide_id=1235&scanf=10284&charge=2&value=10/16,sp|Q08211|DHX9_HUMAN,/core/www/modules//consensus/?run_id=110202&search_id=114132&scans_id=110198&peptide_id=1235&scanf=10284&charge=2&value=sp|Q08211|DHX9_HUMAN,0,/core/www/modules/match_peptides/blast_html4.php?run_id=110202&search_id=114132&scans_id=110198&peptide_id=1235&scanf=10284&charge=2&value=0,R.M*GGEEAEIR.F,/core/www/modules/show_out/show_out_wrapper.php?run_id=110202&search_id=114132&scans_id=110198&peptide_id=1235&scanf=10284&charge=2&value=R.M*GGEEAEIR.F,DHX9,3.992e+6,3.048,0.003,2.479,0.000
10291,2,"  2.305","  0.186",7/18,/core/www/modules//sdig/index.php?run_id=110202&search_id=114132&scans_id=110198&peptide_id=1243&scanf=10291&charge=2&value=7/18,sp|Q9NU22|MDN1_HUMAN,/core/www/modules//consensus/?run_id=110202&search_id=114132&scans_id=110198&peptide_id=1243&scanf=10291&charge=2&value=sp|Q9NU22|MDN1_HUMAN,0,/core/www/modules/match_peptides/blast_html4.php?run_id=110202&search_id=114132&scans_id=110198&peptide_id=1243&scanf=10291&charge=2&value=0,K.VQLGDQTDSK.M,/core/www/modules/show_out/show_out_wrapper.php?run_id=110202&search_id=114132&scans_id=110198&peptide_id=1243&scanf=10291&charge=2&value=K.VQLGDQTDSK.M,MDN1,1.508e+6,1.961,0.120,0.920,0.005
10295,2,"  2.143","  0.676",12/20,/core/www/modules//sdig/index.php?run_id=110202&search_id=114132&scans_id=110198&peptide_id=1246&scanf=10295&charge=2&value=12/20,sp|P60709|ACTB_HUMAN,/core/www/modules//consensus/?run_id=110202&search_id=114132&scans_id=110198&peptide_id=1246&scanf=10295&charge=2&value=sp|P60709|ACTB_HUMAN,27,/core/www/modules/match_peptides/blast_html4.php?run_id=110202&search_id=114132&scans_id=110198&peptide_id=1246&scanf=10295&charge=2&value=27,K.DSYVGDEAQSK.R,/core/www/modules/show_out/show_out_wrapper.php?run_id=110202&search_id=114132&scans_id=110198&peptide_id=1246&scanf=10295&charge=2&value=K.DSYVGDEAQSK.R,ACTB,4.302e+8,4.357,0.000,4.419,0.000
10298,2,"  1.620","  0.134",5/12,/core/www/modules//sdig/index.php?run_id=110202&search_id=114132&scans_id=110198&peptide_id=1249&scanf=10298&charge=2&value=5/12,sp|Q15020|SART3_HUMAN,/core/www/modules//consensus/?run_id=110202&search_id=114132&scans_id=110198&peptide_id=1249&scanf=10298&charge=2&value=sp|Q15020|SART3_HUMAN,2,/core/www/modules/match_peptides/blast_html4.php?run_id=110202&search_id=114132&scans_id=110198&peptide_id=1249&scanf=10298&charge=2&value=2,R.YSTSLEK.H,/core/www/modules/show_out/show_out_wrapper.php?run_id=110202&search_id=114132&scans_id=110198&peptide_id=1249&scanf=10298&charge=2&value=R.YSTSLEK.H,SART3,2.667e+6,1.863,0.160,0.795,0.008
10300,3,"  2.824","  0.496",11/44,/core/www/modules//sdig/index.php?run_id=110202&search_id=114132&scans_id=110198&peptide_id=1252&scanf=10300&charge=3&value=11/44,sp|P09651|ROA1_HUMAN,/core/www/modules//consensus/?run_id=110202&search_id=114132&scans_id=110198&peptide_id=1252&scanf=10300&charge=3&value=sp|P09651|ROA1_HUMAN,7,/core/www/modules/match_peptides/blast_html4.php?run_id=110202&search_id=114132&scans_id=110198&peptide_id=1252&scanf=10300&charge=3&value=7,K.SESPKEPEQLRK.L,/core/www/modules/show_out/show_out_wrapper.php?run_id=110202&search_id=114132&scans_id=110198&peptide_id=1252&scanf=10300&charge=3&value=K.SESPKEPEQLRK.L,HNRNPA1,1.184e+7,2.623,0.014,1.853,0.000
10305,3,"  1.964","  0.402",5/40,/core/www/modules//sdig/index.php?run_id=110202&search_id=114132&scans_id=110198&peptide_id=1257&scanf=10305&charge=3&value=5/40,sp|P0DP23|CALM1_HUMAN,/core/www/modules//consensus/?run_id=110202&search_id=114132&scans_id=110198&peptide_id=1257&scanf=10305&charge=3&value=sp|P0DP23|CALM1_HUMAN,8,/core/www/modules/match_peptides/blast_html4.php?run_id=110202&search_id=114132&scans_id=110198&peptide_id=1257&scanf=10305&charge=3&value=8,K.MKDTDSEEEIR.E,/core/www/modules/show_out/show_out_wrapper.php?run_id=110202&search_id=114132&scans_id=110198&peptide_id=1257&scanf=10305&charge=3&value=K.MKDTDSEEEIR.E,CALM1,3.928e+6,2.356,0.034,1.467,0.001
10311,2,"  2.874","  0.527",12/22,/core/www/modules//sdig/index.php?run_id=110202&search_id=114132&scans_id=110198&peptide_id=1264&scanf=10311&charge=2&value=12/22,sp|P19338|NUCL_HUMAN,/core/www/modules//consensus/?run_id=110202&search_id=114132&scans_id=110198&peptide_id=1264&scanf=10311&charge=2&value=sp|P19338|NUCL_HUMAN,5,/core/www/modules/match_peptides/blast_html4.php?run_id=110202&search_id=114132&scans_id=110198&peptide_id=1264&scanf=10311&charge=2&value=5,K.EAM*EDGEIDGNK.V,/core/www/modules/show_out/show_out_wrapper.php?run_id=110202&search_id=114132&scans_id=110198&peptide_id=1264&scanf=10311&charge=2&value=K.EAM*EDGEIDGNK.V,NCL,3.106e+6,3.451,0.001,3.075,0.000
10316,2,"  2.092","  0.113",10/14,/core/www/modules//sdig/index.php?run_id=110202&search_id=114132&scans_id=110198&peptide_id=1268&scanf=10316&charge=2&value=10/14,sp|Q16643|DREB_HUMAN,/core/www/modules//consensus/?run_id=110202&search_id=114132&scans_id=110198&peptide_id=1268&scanf=10316&charge=2&value=sp|Q16643|DREB_HUMAN,1,/core/www/modules/match_peptides/blast_html4.php?run_id=110202&search_id=114132&scans_id=110198&peptide_id=1268&scanf=10316&charge=2&value=1,K.TDAAVEMK.R,/core/www/modules/show_out/show_out_wrapper.php?run_id=110202&search_id=114132&scans_id=110198&peptide_id=1268&scanf=10316&charge=2&value=K.TDAAVEMK.R,DBN1,1.304e+7,2.294,0.042,1.378,0.001
10321,2,"  1.658","  0.360",10/20,/core/www/modules//sdig/index.php?run_id=110202&search_id=114132&scans_id=110198&peptide_id=1274&scanf=10321&charge=2&value=10/20,sp|Q14966|ZN638_HUMAN,/core/www/modules//consensus/?run_id=110202&search_id=114132&scans_id=110198&peptide_id=1274&scanf=10321&charge=2&value=sp|Q14966|ZN638_HUMAN,1,/core/www/modules/match_peptides/blast_html4.php?run_id=110202&search_id=114132&scans_id=110198&peptide_id=1274&scanf=10321&charge=2&value=1,K.SDSNLGGHSIR.C,/core/www/modules/show_out/show_out_wrapper.php?run_id=110202&search_id=114132&scans_id=110198&peptide_id=1274&scanf=10321&charge=2&value=K.SDSNLGGHSIR.C,ZNF638,8.968e+6,2.485,0.022,1.653,0.001
10330,2,"  2.257","  0.211",6/16,/core/www/modules//sdig/index.php?run_id=110202&search_id=114132&scans_id=110198&peptide_id=1284&scanf=10330&charge=2&value=6/16,sp|Q14683|SMC1A_HUMAN,/core/www/modules//consensus/?run_id=110202&search_id=114132&scans_id=110198&peptide_id=1284&scanf=10330&charge=2&value=sp|Q14683|SMC1A_HUMAN,1,/core/www/modules/match_peptides/blast_html4.php?run_id=110202&search_id=114132&scans_id=110198&peptide_id=1284&scanf=10330&charge=2&value=1,R.KGDMDELEK.E,/core/www/modules/show_out/show_out_wrapper.php?run_id=110202&search_id=114132&scans_id=110198&peptide_id=1284&scanf=10330&charge=2&value=R.KGDMDELEK.E,SMC1A,6.440e+6,1.813,0.185,0.734,0.010
10337,2,"  1.948","  0.204",10/12,/core/www/modules//sdig/index.php?run_id=110202&search_id=114132&scans_id=110198&peptide_id=1290&scanf=10337&charge=2&value=10/12,sp|P08670|VIME_HUMAN,/core/www/modules//consensus/?run_id=110202&search_id=114132&scans_id=110198&peptide_id=1290&scanf=10337&charge=2&value=sp|P08670|VIME_HUMAN,3,/core/www/modules/match_peptides/blast_html4.php?run_id=110202&search_id=114132&scans_id=110198&peptide_id=1290&scanf=10337&charge=2&value=3,R.SSVPGVR.L,/core/www/modules/show_out/show_out_wrapper.php?run_id=110202&search_id=114132&scans_id=110198&peptide_id=1290&scanf=10337&charge=2&value=R.SSVPGVR.L,VIM,1.496e+8,3.118,0.003,2.582,0.000
10338,2,"  1.496","  0.000",7/12,/core/www/modules//sdig/index.php?run_id=110202&search_id=114132&scans_id=110198&peptide_id=1291&scanf=10338&charge=2&value=7/12,sp|Q9BV38|WDR18_HUMAN,/core/www/modules//consensus/?run_id=110202&search_id=114132&scans_id=110198&peptide_id=1291&scanf=10338&charge=2&value=sp|Q9BV38|WDR18_HUMAN,0,/core/www/modules/match_peptides/blast_html4.php?run_id=110202&search_id=114132&scans_id=110198&peptide_id=1291&scanf=10338&charge=2&value=0,R.HGGLTLR.L,/core/www/modules/show_out/show_out_wrapper.php?run_id=110202&search_id=114132&scans_id=110198&peptide_id=1291&scanf=10338&charge=2&value=R.HGGLTLR.L,WDR18,5.972e+6,2.281,0.044,1.359,0.001
10343,2,"  2.596","  0.351",9/18,/core/www/modules//sdig/index.php?run_id=110202&search_id=114132&scans_id=110198&peptide_id=1297&scanf=10343&charge=2&value=9/18,sp|Q08J23|NSUN2_HUMAN,/core/www/modules//consensus/?run_id=110202&search_id=114132&scans_id=110198&peptide_id=1297&scanf=10343&charge=2&value=sp|Q08J23|NSUN2_HUMAN,0,/core/www/modules/match_peptides/blast_html4.php?run_id=110202&search_id=114132&scans_id=110198&peptide_id=1297&scanf=10343&charge=2&value=0,R.GAEQLAEGGR.M,/core/www/modules/show_out/show_out_wrapper.php?run_id=110202&search_id=114132&scans_id=110198&peptide_id=1297&scanf=10343&charge=2&value=R.GAEQLAEGGR.M,NSUN2,4.085e+6,2.678,0.012,1.934,0.000
10353,2,"  1.147","  0.136",9/20,/core/www/modules//sdig/index.php?run_id=110202&search_id=114132&scans_id=110198&peptide_id=1308&scanf=10353&charge=2&value=9/20,sp|Q6P2Q9|PRP8_HUMAN,/core/www/modules//consensus/?run_id=110202&search_id=114132&scans_id=110198&peptide_id=1308&scanf=10353&charge=2&value=sp|Q6P2Q9|PRP8_HUMAN,0,/core/www/modules/match_peptides/blast_html4.php?run_id=110202&search_id=114132&scans_id=110198&peptide_id=1308&scanf=10353&charge=2&value=0,K.EQSQLTATQTR.T,/core/www/modules/show_out/show_out_wrapper.php?run_id=110202&search_id=114132&scans_id=110198&peptide_id=1308&scanf=10353&charge=2&value=K.EQSQLTATQTR.T,PRPF8,5.476e+6,2.032,0.097,1.015,0.005
10359,2,"  2.112","  0.211",8/16,/core/www/modules//sdig/index.php?run_id=110202&search_id=114132&scans_id=110198&peptide_id=1313&scanf=10359&charge=2&value=8/16,sp|P22087|FBRL_HUMAN,/core/www/modules//consensus/?run_id=110202&search_id=114132&scans_id=110198&peptide_id=1313&scanf=10359&charge=2&value=sp|P22087|FBRL_HUMAN,7,/core/www/modules/match_peptides/blast_html4.php?run_id=110202&search_id=114132&scans_id=110198&peptide_id=1313&scanf=10359&charge=2&value=7,R.VSISEGDDK.I,/core/www/modules/show_out/show_out_wrapper.php?run_id=110202&search_id=114132&scans_id=110198&peptide_id=1313&scanf=10359&charge=2&value=R.VSISEGDDK.I,FBL,3.230e+6,2.247,0.049,1.311,0.002
10361,2,"  1.887","  0.174",7/16,/core/www/modules//sdig/index.php?run_id=110202&search_id=114132&scans_id=110198&peptide_id=1315&scanf=10361&charge=2&value=7/16,sp|Q15528|MED22_HUMAN,/core/www/modules//consensus/?run_id=110202&search_id=114132&scans_id=110198&peptide_id=1315&scanf=10361&charge=2&value=sp|Q15528|MED22_HUMAN,4,/core/www/modules/match_peptides/blast_html4.php?run_id=110202&search_id=114132&scans_id=110198&peptide_id=1315&scanf=10361&charge=2&value=4,K.IEDETQVSR.A,/core/www/modules/show_out/show_out_wrapper.php?run_id=110202&search_id=114132&scans_id=110198&peptide_id=1315&scanf=10361&charge=2&value=K.IEDETQVSR.A,MED22,5.729e+6,1.925,0.134,0.874,0.007
10365,2,"  3.132","  0.690",14/24,/core/www/modules//sdig/index.php?run_id=110202&search_id=114132&scans_id=110198&peptide_id=1319&scanf=10365&charge=2&value=14/24,sp|P18124|RL7_HUMAN,/core/www/modules//consensus/?run_id=110202&search_id=114132&scans_id=110198&peptide_id=1319&scanf=10365&charge=2&value=sp|P18124|RL7_HUMAN,1,/core/www/modules/match_peptides/blast_html4.php?run_id=110202&search_id=114132&scans_id=110198&peptide_id=1319&scanf=10365&charge=2&value=1,K.TTHFVEGGDAGNR.E,/core/www/modules/show_out/show_out_wrapper.php?run_id=110202&search_id=114132&scans_id=110198&peptide_id=1319&scanf=10365&charge=2&value=K.TTHFVEGGDAGNR.E,RPL7,8.963e+6,3.825,0.000,3.630,0.000
10366,3,"  3.031","  0.647",21/88,/core/www/modules//sdig/index.php?run_id=110202&search_id=114132&scans_id=110198&peptide_id=1320&scanf=10366&charge=3&value=21/88,sp|P67809|YBOX1_HUMAN,/core/www/modules//consensus/?run_id=110202&search_id=114132&scans_id=110198&peptide_id=1320&scanf=10366&charge=3&value=sp|P67809|YBOX1_HUMAN,1,/core/www/modules/match_peptides/blast_html4.php?run_id=110202&search_id=114132&scans_id=110198&peptide_id=1320&scanf=10366&charge=3&value=1,R.EDGNEEDKENQGDETQGQQPPQR.R,/core/www/modules/show_out/show_out_wrapper.php?run_id=110202&search_id=114132&scans_id=110198&peptide_id=1320&scanf=10366&charge=3&value=R.EDGNEEDKENQGDETQGQQPPQR.R,YBX1,3.741e+6,2.967,0.004,2.359,0.000
10379,2,"  2.382","  0.229",7/18,/core/www/modules//sdig/index.php?run_id=110202&search_id=114132&scans_id=110198&peptide_id=1333&scanf=10379&charge=2&value=7/18,sp|Q96LY2|CC74B_HUMAN,/core/www/modules//consensus/?run_id=110202&search_id=114132&scans_id=110198&peptide_id=1333&scanf=10379&charge=2&value=sp|Q96LY2|CC74B_HUMAN,4,/core/www/modules/match_peptides/blast_html4.php?run_id=110202&search_id=114132&scans_id=110198&peptide_id=1333&scanf=10379&charge=2&value=4,R.LAGGSADTVR.S,/core/www/modules/show_out/show_out_wrapper.php?run_id=110202&search_id=114132&scans_id=110198&peptide_id=1333&scanf=10379&charge=2&value=R.LAGGSADTVR.S,CCDC74B,5.357e+6,1.914,0.138,0.861,0.007
10380,2,"  1.978","  0.478",9/18,/core/www/modules//sdig/index.php?run_id=110202&search_id=114132&scans_id=110198&peptide_id=1335&scanf=10380&charge=2&value=9/18,sp|Q6P2Q9|PRP8_HUMAN,/core/www/modules//consensus/?run_id=110202&search_id=114132&scans_id=110198&peptide_id=1335&scanf=10380&charge=2&value=sp|Q6P2Q9|PRP8_HUMAN,0,/core/www/modules/match_peptides/blast_html4.php?run_id=110202&search_id=114132&scans_id=110198&peptide_id=1335&scanf=10380&charge=2&value=0,K.DVMDSTTTQK.Y,/core/www/modules/show_out/show_out_wrapper.php?run_id=110202&search_id=114132&scans_id=110198&peptide_id=1335&scanf=10380&charge=2&value=K.DVMDSTTTQK.Y,PRPF8,3.267e+6,3.294,0.001,2.842,0.000
10385,3,"  4.476","  0.643",26/88,/core/www/modules//sdig/index.php?run_id=110202&search_id=114132&scans_id=110198&peptide_id=1340&scanf=10385&charge=3&value=26/88,sp|O60216|RAD21_HUMAN,/core/www/modules//consensus/?run_id=110202&search_id=114132&scans_id=110198&peptide_id=1340&scanf=10385&charge=3&value=sp|O60216|RAD21_HUMAN,0,/core/www/modules/match_peptides/blast_html4.php?run_id=110202&search_id=114132&scans_id=110198&peptide_id=1340&scanf=10385&charge=3&value=0,K.EKEDDEEEEDEDASGGDQDQEER.R,/core/www/modules/show_out/show_out_wrapper.php?run_id=110202&search_id=114132&scans_id=110198&peptide_id=1340&scanf=10385&charge=3&value=K.EKEDDEEEEDEDASGGDQDQEER.R,RAD21,1.034e+6,3.168,0.002,2.657,0.000
10387,3," 10.214","  0.827",45/136,/core/www/modules//sdig/index.php?run_id=110202&search_id=114132&scans_id=110198&peptide_id=1342&scanf=10387&charge=3&value=45/136,sp|P14866|HNRPL_HUMAN,/core/www/modules//consensus/?run_id=110202&search_id=114132&scans_id=110198&peptide_id=1342&scanf=10387&charge=3&value=sp|P14866|HNRPL_HUMAN,0,/core/www/modules/match_peptides/blast_html4.php?run_id=110202&search_id=114132&scans_id=110198&peptide_id=1342&scanf=10387&charge=3&value=0,K.TDNAGDQHGGGGGGGGGAGAAGGGGGGENYDDPHK.T,/core/www/modules/show_out/show_out_wrapper.php?run_id=110202&search_id=114132&scans_id=110198&peptide_id=1342&scanf=10387&charge=3&value=K.TDNAGDQHGGGGGGGGGAGAAGGGGGGENYDDPHK.T,HNRNPL,4.647e+6,4.119,0.000,4.066,0.000
10401,4," 10.187","  0.716",32/204,/core/www/modules//sdig/index.php?run_id=110202&search_id=114132&scans_id=110198&peptide_id=1357&scanf=10401&charge=4&value=32/204,sp|P14866|HNRPL_HUMAN,/core/www/modules//consensus/?run_id=110202&search_id=114132&scans_id=110198&peptide_id=1357&scanf=10401&charge=4&value=sp|P14866|HNRPL_HUMAN,0,/core/www/modules/match_peptides/blast_html4.php?run_id=110202&search_id=114132&scans_id=110198&peptide_id=1357&scanf=10401&charge=4&value=0,K.TDNAGDQHGGGGGGGGGAGAAGGGGGGENYDDPHK.T,/core/www/modules/show_out/show_out_wrapper.php?run_id=110202&search_id=114132&scans_id=110198&peptide_id=1357&scanf=10401&charge=4&value=K.TDNAGDQHGGGGGGGGGAGAAGGGGGGENYDDPHK.T,HNRNPL,1.471e+7,3.953,0.000,3.820,0.000
10402,2,"  2.195","  0.272",7/16,/core/www/modules//sdig/index.php?run_id=110202&search_id=114132&scans_id=110198&peptide_id=1358&scanf=10402&charge=2&value=7/16,sp|P19338|NUCL_HUMAN,/core/www/modules//consensus/?run_id=110202&search_id=114132&scans_id=110198&peptide_id=1358&scanf=10402&charge=2&value=sp|P19338|NUCL_HUMAN,10,/core/www/modules/match_peptides/blast_html4.php?run_id=110202&search_id=114132&scans_id=110198&peptide_id=1358&scanf=10402&charge=2&value=10,K.ALVATPGKK.G,/core/www/modules/show_out/show_out_wrapper.php?run_id=110202&search_id=114132&scans_id=110198&peptide_id=1358&scanf=10402&charge=2&value=K.ALVATPGKK.G,NCL,4.804e+6,2.212,0.055,1.262,0.002
10408,2,"  2.949","  0.714",12/26,/core/www/modules//sdig/index.php?run_id=110202&search_id=114132&scans_id=110198&peptide_id=1364&scanf=10408&charge=2&value=12/26,sp|Q9UPT8|ZC3H4_HUMAN,/core/www/modules//consensus/?run_id=110202&search_id=114132&scans_id=110198&peptide_id=1364&scanf=10408&charge=2&value=sp|Q9UPT8|ZC3H4_HUMAN,1,/core/www/modules/match_peptides/blast_html4.php?run_id=110202&search_id=114132&scans_id=110198&peptide_id=1364&scanf=10408&charge=2&value=1,K.GSGPPPTEEEEGER.A,/core/www/modules/show_out/show_out_wrapper.php?run_id=110202&search_id=114132&scans_id=110198&peptide_id=1364&scanf=10408&charge=2&value=K.GSGPPPTEEEEGER.A,ZC3H4,1.497e+6,3.628,0.000,3.338,0.000
10421,3,"  3.103","  0.575",15/40,/core/www/modules//sdig/index.php?run_id=110202&search_id=114132&scans_id=110198&peptide_id=1378&scanf=10421&charge=3&value=15/40,sp|O60814|H2B1K_HUMAN,/core/www/modules//consensus/?run_id=110202&search_id=114132&scans_id=110198&peptide_id=1378&scanf=10421&charge=3&value=sp|O60814|H2B1K_HUMAN,15,/core/www/modules/match_peptides/blast_html4.php?run_id=110202&search_id=114132&scans_id=110198&peptide_id=1378&scanf=10421&charge=3&value=15,K.QVHPDTGISSK.A,/core/www/modules/show_out/show_out_wrapper.php?run_id=110202&search_id=114132&scans_id=110198&peptide_id=1378&scanf=10421&charge=3&value=K.QVHPDTGISSK.A,H2BC12,7.066e+8,3.810,0.000,3.608,0.000
10429,2,"  1.828","  0.207",8/14,/core/www/modules//sdig/index.php?run_id=110202&search_id=114132&scans_id=110198&peptide_id=1386&scanf=10429&charge=2&value=8/14,sp|Q9H307|PININ_HUMAN,/core/www/modules//consensus/?run_id=110202&search_id=114132&scans_id=110198&peptide_id=1386&scanf=10429&charge=2&value=sp|Q9H307|PININ_HUMAN,0,/core/www/modules/match_peptides/blast_html4.php?run_id=110202&search_id=114132&scans_id=110198&peptide_id=1386&scanf=10429&charge=2&value=0,K.MEEETEVR.E,/core/www/modules/show_out/show_out_wrapper.php?run_id=110202&search_id=114132&scans_id=110198&peptide_id=1386&scanf=10429&charge=2&value=K.MEEETEVR.E,PNN,3.827e+6,2.300,0.041,1.386,0.001
10442,2,"  2.440","  0.706",12/18,/core/www/modules//sdig/index.php?run_id=110202&search_id=114132&scans_id=110198&peptide_id=1400&scanf=10442&charge=2&value=12/18,sp|P38159|RBMX_HUMAN,/core/www/modules//consensus/?run_id=110202&search_id=114132&scans_id=110198&peptide_id=1400&scanf=10442&charge=2&value=sp|P38159|RBMX_HUMAN,2,/core/www/modules/match_peptides/blast_html4.php?run_id=110202&search_id=114132&scans_id=110198&peptide_id=1400&scanf=10442&charge=2&value=2,R.DSYESYGNSR.S,/core/www/modules/show_out/show_out_wrapper.php?run_id=110202&search_id=114132&scans_id=110198&peptide_id=1400&scanf=10442&charge=2&value=R.DSYESYGNSR.S,RBMX,4.518e+7,4.243,0.000,4.250,0.000
10449,2,"  3.700","  0.500",14/18,/core/www/modules//sdig/index.php?run_id=110202&search_id=114132&scans_id=110198&peptide_id=1407&scanf=10449&charge=2&value=14/18,sp|Q9UIG0|BAZ1B_HUMAN,/core/www/modules//consensus/?run_id=110202&search_id=114132&scans_id=110198&peptide_id=1407&scanf=10449&charge=2&value=sp|Q9UIG0|BAZ1B_HUMAN,0,/core/www/modules/match_peptides/blast_html4.php?run_id=110202&search_id=114132&scans_id=110198&peptide_id=1407&scanf=10449&charge=2&value=0,K.RYEDQELTGK.N,/core/www/modules/show_out/show_out_wrapper.php?run_id=110202&search_id=114132&scans_id=110198&peptide_id=1407&scanf=10449&charge=2&value=K.RYEDQELTGK.N,BAZ1B,1.398e+6,3.411,0.001,3.017,0.000
10457,3,"  3.573","  0.671",18/88,/core/www/modules//sdig/index.php?run_id=110202&search_id=114132&scans_id=110198&peptide_id=1416&scanf=10457&charge=3&value=18/88,sp|O60216|RAD21_HUMAN,/core/www/modules//consensus/?run_id=110202&search_id=114132&scans_id=110198&peptide_id=1416&scanf=10457&charge=3&value=sp|O60216|RAD21_HUMAN,0,/core/www/modules/match_peptides/blast_html4.php?run_id=110202&search_id=114132&scans_id=110198&peptide_id=1416&scanf=10457&charge=3&value=0,K.EKEDDEEEEDEDASGGDQDQEER.R,/core/www/modules/show_out/show_out_wrapper.php?run_id=110202&search_id=114132&scans_id=110198&peptide_id=1416&scanf=10457&charge=3&value=K.EKEDDEEEEDEDASGGDQDQEER.R,RAD21,1.034e+6,3.036,0.003,2.461,0.000
10465,2,"  2.629","  0.384",11/18,/core/www/modules//sdig/index.php?run_id=110202&search_id=114132&scans_id=110198&peptide_id=1424&scanf=10465&charge=2&value=11/18,sp|Q9UIS9|MBD1_HUMAN,/core/www/modules//consensus/?run_id=110202&search_id=114132&scans_id=110198&peptide_id=1424&scanf=10465&charge=2&value=sp|Q9UIS9|MBD1_HUMAN,2,/core/www/modules/match_peptides/blast_html4.php?run_id=110202&search_id=114132&scans_id=110198&peptide_id=1424&scanf=10465&charge=2&value=2,R.QVGPQSGEVR.K,/core/www/modules/show_out/show_out_wrapper.php?run_id=110202&search_id=114132&scans_id=110198&peptide_id=1424&scanf=10465&charge=2&value=R.QVGPQSGEVR.K,MBD1,4.411e+6,2.915,0.005,2.283,0.000
10479,2,"  3.065","  0.465",10/18,/core/www/modules//sdig/index.php?run_id=110202&search_id=114132&scans_id=110198&peptide_id=1439&scanf=10479&charge=2&value=10/18,sp|Q16643|DREB_HUMAN,/core/www/modules//consensus/?run_id=110202&search_id=114132&scans_id=110198&peptide_id=1439&scanf=10479&charge=2&value=sp|Q16643|DREB_HUMAN,1,/core/www/modules/match_peptides/blast_html4.php?run_id=110202&search_id=114132&scans_id=110198&peptide_id=1439&scanf=10479&charge=2&value=1,K.QQTLEAEEAK.R,/core/www/modules/show_out/show_out_wrapper.php?run_id=110202&search_id=114132&scans_id=110198&peptide_id=1439&scanf=10479&charge=2&value=K.QQTLEAEEAK.R,DBN1,2.238e+7,3.223,0.002,2.738,0.000
10484,2,"  3.137","  0.438",12/20,/core/www/modules//sdig/index.php?run_id=110202&search_id=114132&scans_id=110198&peptide_id=1444&scanf=10484&charge=2&value=12/20,sp|O00571|DDX3X_HUMAN,/core/www/modules//consensus/?run_id=110202&search_id=114132&scans_id=110198&peptide_id=1444&scanf=10484&charge=2&value=sp|O00571|DDX3X_HUMAN,16,/core/www/modules/match_peptides/blast_html4.php?run_id=110202&search_id=114132&scans_id=110198&peptide_id=1444&scanf=10484&charge=2&value=16,R.VGSTSENITQK.V,/core/www/modules/show_out/show_out_wrapper.php?run_id=110202&search_id=114132&scans_id=110198&peptide_id=1444&scanf=10484&charge=2&value=R.VGSTSENITQK.V,DDX3X,1.586e+7,3.120,0.003,2.585,0.000
10506,3,"  2.665","  0.370",11/36,/core/www/modules//sdig/index.php?run_id=110202&search_id=114132&scans_id=110198&peptide_id=1467&scanf=10506&charge=3&value=11/36,sp|P17844|DDX5_HUMAN,/core/www/modules//consensus/?run_id=110202&search_id=114132&scans_id=110198&peptide_id=1467&scanf=10506&charge=3&value=sp|P17844|DDX5_HUMAN,6,/core/www/modules/match_peptides/blast_html4.php?run_id=110202&search_id=114132&scans_id=110198&peptide_id=1467&scanf=10506&charge=3&value=6,R.RTAQEVETYR.R,/core/www/modules/show_out/show_out_wrapper.php?run_id=110202&search_id=114132&scans_id=110198&peptide_id=1467&scanf=10506&charge=3&value=R.RTAQEVETYR.R,DDX5,4.871e+6,2.712,0.010,1.984,0.000
10513,3,"  2.730","  0.471",12/44,/core/www/modules//sdig/index.php?run_id=110202&search_id=114132&scans_id=110198&peptide_id=1474&scanf=10513&charge=3&value=12/44,sp|P49756|RBM25_HUMAN,/core/www/modules//consensus/?run_id=110202&search_id=114132&scans_id=110198&peptide_id=1474&scanf=10513&charge=3&value=sp|P49756|RBM25_HUMAN,0,/core/www/modules/match_peptides/blast_html4.php?run_id=110202&search_id=114132&scans_id=110198&peptide_id=1474&scanf=10513&charge=3&value=0,R.DREEDEEDAYER.R,/core/www/modules/show_out/show_out_wrapper.php?run_id=110202&search_id=114132&scans_id=110198&peptide_id=1474&scanf=10513&charge=3&value=R.DREEDEEDAYER.R,RBM25,3.574e+6,2.843,0.007,2.177,0.000
10514,2,"  1.568","  0.425",10/24,/core/www/modules//sdig/index.php?run_id=110202&search_id=114132&scans_id=110198&peptide_id=1475&scanf=10514&charge=2&value=10/24,sp|O60885|BRD4_HUMAN,/core/www/modules//consensus/?run_id=110202&search_id=114132&scans_id=110198&peptide_id=1475&scanf=10514&charge=2&value=sp|O60885|BRD4_HUMAN,1,/core/www/modules/match_peptides/blast_html4.php?run_id=110202&search_id=114132&scans_id=110198&peptide_id=1475&scanf=10514&charge=2&value=1,K.DVPDSQQHPAPEK.S,/core/www/modules/show_out/show_out_wrapper.php?run_id=110202&search_id=114132&scans_id=110198&peptide_id=1475&scanf=10514&charge=2&value=K.DVPDSQQHPAPEK.S,BRD4,6.724e+5,2.469,0.023,1.629,0.001
10517,2,"  1.894","  0.400",10/22,/core/www/modules//sdig/index.php?run_id=110202&search_id=114132&scans_id=110198&peptide_id=1478&scanf=10517&charge=2&value=10/22,sp|Q14692|BMS1_HUMAN,/core/www/modules//consensus/?run_id=110202&search_id=114132&scans_id=110198&peptide_id=1478&scanf=10517&charge=2&value=sp|Q14692|BMS1_HUMAN,0,/core/www/modules/match_peptides/blast_html4.php?run_id=110202&search_id=114132&scans_id=110198&peptide_id=1478&scanf=10517&charge=2&value=0,K.SGPNTQNEDIEK.E,/core/www/modules/show_out/show_out_wrapper.php?run_id=110202&search_id=114132&scans_id=110198&peptide_id=1478&scanf=10517&charge=2&value=K.SGPNTQNEDIEK.E,BMS1,1.442e+6,2.431,0.027,1.574,0.001
10527,2,"  3.029","  0.586",12/22,/core/www/modules//sdig/index.php?run_id=110202&search_id=114132&scans_id=110198&peptide_id=1488&scanf=10527&charge=2&value=12/22,sp|P19338|NUCL_HUMAN,/core/www/modules//consensus/?run_id=110202&search_id=114132&scans_id=110198&peptide_id=1488&scanf=10527&charge=2&value=sp|P19338|NUCL_HUMAN,5,/core/www/modules/match_peptides/blast_html4.php?run_id=110202&search_id=114132&scans_id=110198&peptide_id=1488&scanf=10527&charge=2&value=5,K.EAM*EDGEIDGNK.V,/core/www/modules/show_out/show_out_wrapper.php?run_id=110202&search_id=114132&scans_id=110198&peptide_id=1488&scanf=10527&charge=2&value=K.EAM*EDGEIDGNK.V,NCL,3.106e+6,3.669,0.000,3.398,0.000
10529,3,"  3.229","  0.351",12/32,/core/www/modules//sdig/index.php?run_id=110202&search_id=114132&scans_id=110198&peptide_id=1490&scanf=10529&charge=3&value=12/32,sp|P55072|TERA_HUMAN,/core/www/modules//consensus/?run_id=110202&search_id=114132&scans_id=110198&peptide_id=1490&scanf=10529&charge=3&value=sp|P55072|TERA_HUMAN,6,/core/www/modules/match_peptides/blast_html4.php?run_id=110202&search_id=114132&scans_id=110198&peptide_id=1490&scanf=10529&charge=3&value=6,R.RDHFEEAMR.F,/core/www/modules/show_out/show_out_wrapper.php?run_id=110202&search_id=114132&scans_id=110198&peptide_id=1490&scanf=10529&charge=3&value=R.RDHFEEAMR.F,VCP,1.566e+7,2.840,0.007,2.172,0.000
10534,2,"  1.727","  0.153",8/16,/core/www/modules//sdig/index.php?run_id=110202&search_id=114132&scans_id=110198&peptide_id=1496&scanf=10534&charge=2&value=8/16,sp|Q13435|SF3B2_HUMAN,/core/www/modules//consensus/?run_id=110202&search_id=114132&scans_id=110198&peptide_id=1496&scanf=10534&charge=2&value=sp|Q13435|SF3B2_HUMAN,3,/core/www/modules/match_peptides/blast_html4.php?run_id=110202&search_id=114132&scans_id=110198&peptide_id=1496&scanf=10534&charge=2&value=3,K.EHELLEQQK.R,/core/www/modules/show_out/show_out_wrapper.php?run_id=110202&search_id=114132&scans_id=110198&peptide_id=1496&scanf=10534&charge=2&value=K.EHELLEQQK.R,SF3B2,1.408e+6,1.968,0.117,0.930,0.005
10537,2,"  2.613","  0.635",10/26,/core/www/modules//sdig/index.php?run_id=110202&search_id=114132&scans_id=110198&peptide_id=1499&scanf=10537&charge=2&value=10/26,sp|Q9UPT8|ZC3H4_HUMAN,/core/www/modules//consensus/?run_id=110202&search_id=114132&scans_id=110198&peptide_id=1499&scanf=10537&charge=2&value=sp|Q9UPT8|ZC3H4_HUMAN,1,/core/www/modules/match_peptides/blast_html4.php?run_id=110202&search_id=114132&scans_id=110198&peptide_id=1499&scanf=10537&charge=2&value=1,K.GSGPPPTEEEEGER.A,/core/www/modules/show_out/show_out_wrapper.php?run_id=110202&search_id=114132&scans_id=110198&peptide_id=1499&scanf=10537&charge=2&value=K.GSGPPPTEEEEGER.A,ZC3H4,1.497e+6,3.229,0.002,2.746,0.000
10538,2,"  3.699","  0.544",12/22,/core/www/modules//sdig/index.php?run_id=110202&search_id=114132&scans_id=110198&peptide_id=1500&scanf=10538&charge=2&value=12/22,sp|Q08170|SRSF4_HUMAN,/core/www/modules//consensus/?run_id=110202&search_id=114132&scans_id=110198&peptide_id=1500&scanf=10538&charge=2&value=sp|Q08170|SRSF4_HUMAN,6,/core/www/modules/match_peptides/blast_html4.php?run_id=110202&search_id=114132&scans_id=110198&peptide_id=1500&scanf=10538&charge=2&value=6,R.QAGEVTYADAHK.G,/core/www/modules/show_out/show_out_wrapper.php?run_id=110202&search_id=114132&scans_id=110198&peptide_id=1500&scanf=10538&charge=2&value=R.QAGEVTYADAHK.G,SRSF4,1.835e+7,3.380,0.001,2.970,0.000
10547,3,"  2.523","  0.436",11/40,/core/www/modules//sdig/index.php?run_id=110202&search_id=114132&scans_id=110198&peptide_id=1509&scanf=10547&charge=3&value=11/40,sp|P60709|ACTB_HUMAN,/core/www/modules//consensus/?run_id=110202&search_id=114132&scans_id=110198&peptide_id=1509&scanf=10547&charge=3&value=sp|P60709|ACTB_HUMAN,26,/core/www/modules/match_peptides/blast_html4.php?run_id=110202&search_id=114132&scans_id=110198&peptide_id=1509&scanf=10547&charge=3&value=26,R.HQGVMVGM*GQK.D,/core/www/modules/show_out/show_out_wrapper.php?run_id=110202&search_id=114132&scans_id=110198&peptide_id=1509&scanf=10547&charge=3&value=R.HQGVMVGM*GQK.D,ACTB,1.149e+8,3.552,0.001,3.226,0.000
10579,2,"  1.964","  0.391",8/16,/core/www/modules//sdig/index.php?run_id=110202&search_id=114132&scans_id=110198&peptide_id=1543&scanf=10579&charge=2&value=8/16,sp|Q13435|SF3B2_HUMAN,/core/www/modules//consensus/?run_id=110202&search_id=114132&scans_id=110198&peptide_id=1543&scanf=10579&charge=2&value=sp|Q13435|SF3B2_HUMAN,3,/core/www/modules/match_peptides/blast_html4.php?run_id=110202&search_id=114132&scans_id=110198&peptide_id=1543&scanf=10579&charge=2&value=3,K.EHELLEQQK.R,/core/www/modules/show_out/show_out_wrapper.php?run_id=110202&search_id=114132&scans_id=110198&peptide_id=1543&scanf=10579&charge=2&value=K.EHELLEQQK.R,SF3B2,1.408e+6,2.783,0.008,2.088,0.000
10587,2,"  1.564","  0.074",6/14,/core/www/modules//sdig/index.php?run_id=110202&search_id=114132&scans_id=110198&peptide_id=1552&scanf=10587&charge=2&value=6/14,sp|P78527|PRKDC_HUMAN,/core/www/modules//consensus/?run_id=110202&search_id=114132&scans_id=110198&peptide_id=1552&scanf=10587&charge=2&value=sp|P78527|PRKDC_HUMAN,1,/core/www/modules/match_peptides/blast_html4.php?run_id=110202&search_id=114132&scans_id=110198&peptide_id=1552&scanf=10587&charge=2&value=1,K.QYDEALNK.Q,/core/www/modules/show_out/show_out_wrapper.php?run_id=110202&search_id=114132&scans_id=110198&peptide_id=1552&scanf=10587&charge=2&value=K.QYDEALNK.Q,PRKDC,1.179e+7,2.407,0.029,1.539,0.001
10595,2,"  2.873","  0.230",9/16,/core/www/modules//sdig/index.php?run_id=110202&search_id=114132&scans_id=110198&peptide_id=1560&scanf=10595&charge=2&value=9/16,sp|O75821|EIF3G_HUMAN,/core/www/modules//consensus/?run_id=110202&search_id=114132&scans_id=110198&peptide_id=1560&scanf=10595&charge=2&value=sp|O75821|EIF3G_HUMAN,3,/core/www/modules/match_peptides/blast_html4.php?run_id=110202&search_id=114132&scans_id=110198&peptide_id=1560&scanf=10595&charge=2&value=3,R.VTNLSEDTR.E,/core/www/modules/show_out/show_out_wrapper.php?run_id=110202&search_id=114132&scans_id=110198&peptide_id=1560&scanf=10595&charge=2&value=R.VTNLSEDTR.E,EIF3G,8.196e+6,2.348,0.035,1.455,0.001
10596,3,"  1.828","  0.367",13/36,/core/www/modules//sdig/index.php?run_id=110202&search_id=114132&scans_id=110198&peptide_id=1561&scanf=10596&charge=3&value=13/36,sp|Q96G21|IMP4_HUMAN,/core/www/modules//consensus/?run_id=110202&search_id=114132&scans_id=110198&peptide_id=1561&scanf=10596&charge=3&value=sp|Q96G21|IMP4_HUMAN,4,/core/www/modules/match_peptides/blast_html4.php?run_id=110202&search_id=114132&scans_id=110198&peptide_id=1561&scanf=10596&charge=3&value=4,R.GRHEVGALVR.A,/core/www/modules/show_out/show_out_wrapper.php?run_id=110202&search_id=114132&scans_id=110198&peptide_id=1561&scanf=10596&charge=3&value=R.GRHEVGALVR.A,IMP4,9.501e+6,2.442,0.026,1.590,0.001
10605,2,"  2.681","  0.261",6/12,/core/www/modules//sdig/index.php?run_id=110202&search_id=114132&scans_id=110198&peptide_id=1571&scanf=10605&charge=2&value=6/12,sp|O15042|SR140_HUMAN,/core/www/modules//consensus/?run_id=110202&search_id=114132&scans_id=110198&peptide_id=1571&scanf=10605&charge=2&value=sp|O15042|SR140_HUMAN,2,/core/www/modules/match_peptides/blast_html4.php?run_id=110202&search_id=114132&scans_id=110198&peptide_id=1571&scanf=10605&charge=2&value=2,K.KNEPIFK.V,/core/www/modules/show_out/show_out_wrapper.php?run_id=110202&search_id=114132&scans_id=110198&peptide_id=1571&scanf=10605&charge=2&value=K.KNEPIFK.V,U2SURP,9.510e+5,2.168,0.063,1.201,0.002
10610,2,"  1.497","  0.148",6/12,/core/www/modules//sdig/index.php?run_id=110202&search_id=114132&scans_id=110198&peptide_id=1576&scanf=10610&charge=2&value=6/12,sp|P43686|PRS6B_HUMAN,/core/www/modules//consensus/?run_id=110202&search_id=114132&scans_id=110198&peptide_id=1576&scanf=10610&charge=2&value=sp|P43686|PRS6B_HUMAN,2,/core/www/modules/match_peptides/blast_html4.php?run_id=110202&search_id=114132&scans_id=110198&peptide_id=1576&scanf=10610&charge=2&value=2,K.VIMATNR.A,/core/www/modules/show_out/show_out_wrapper.php?run_id=110202&search_id=114132&scans_id=110198&peptide_id=1576&scanf=10610&charge=2&value=K.VIMATNR.A,PSMC4,1.133e+7,1.910,0.140,0.855,0.007
10611,2,"  2.410","  0.401",11/18,/core/www/modules//sdig/index.php?run_id=110202&search_id=114132&scans_id=110198&peptide_id=1577&scanf=10611&charge=2&value=11/18,sp|P50990|TCPQ_HUMAN,/core/www/modules//consensus/?run_id=110202&search_id=114132&scans_id=110198&peptide_id=1577&scanf=10611&charge=2&value=sp|P50990|TCPQ_HUMAN,0,/core/www/modules/match_peptides/blast_html4.php?run_id=110202&search_id=114132&scans_id=110198&peptide_id=1577&scanf=10611&charge=2&value=0,K.ETEGDVTSVK.D,/core/www/modules/show_out/show_out_wrapper.php?run_id=110202&search_id=114132&scans_id=110198&peptide_id=1577&scanf=10611&charge=2&value=K.ETEGDVTSVK.D,CCT8,6.440e+6,2.992,0.004,2.396,0.000
10614,2,"  1.719","  0.237",7/12,/core/www/modules//sdig/index.php?run_id=110202&search_id=114132&scans_id=110198&peptide_id=1580&scanf=10614&charge=2&value=7/12,sp|P23246|SFPQ_HUMAN,/core/www/modules//consensus/?run_id=110202&search_id=114132&scans_id=110198&peptide_id=1580&scanf=10614&charge=2&value=sp|P23246|SFPQ_HUMAN,2,/core/www/modules/match_peptides/blast_html4.php?run_id=110202&search_id=114132&scans_id=110198&peptide_id=1580&scanf=10614&charge=2&value=2,K.SLDEMEK.Q,/core/www/modules/show_out/show_out_wrapper.php?run_id=110202&search_id=114132&scans_id=110198&peptide_id=1580&scanf=10614&charge=2&value=K.SLDEMEK.Q,SFPQ,4.997e+6,2.442,0.026,1.590,0.001
10617,3,"  3.272","  0.405",10/36,/core/www/modules//sdig/index.php?run_id=110202&search_id=114132&scans_id=110198&peptide_id=1583&scanf=10617&charge=3&value=10/36,sp|P27824|CALX_HUMAN,/core/www/modules//consensus/?run_id=110202&search_id=114132&scans_id=110198&peptide_id=1583&scanf=10617&charge=3&value=sp|P27824|CALX_HUMAN,10,/core/www/modules/match_peptides/blast_html4.php?run_id=110202&search_id=114132&scans_id=110198&peptide_id=1583&scanf=10617&charge=3&value=10,R.KPEDWDERPK.I,/core/www/modules/show_out/show_out_wrapper.php?run_id=110202&search_id=114132&scans_id=110198&peptide_id=1583&scanf=10617&charge=3&value=R.KPEDWDERPK.I,CANX,3.622e+6,2.992,0.004,2.396,0.000
10620,2,"  2.253","  0.473",13/26,/core/www/modules//sdig/index.php?run_id=110202&search_id=114132&scans_id=110198&peptide_id=1587&scanf=10620&charge=2&value=13/26,sp|P13010|XRCC5_HUMAN,/core/www/modules//consensus/?run_id=110202&search_id=114132&scans_id=110198&peptide_id=1587&scanf=10620&charge=2&value=sp|P13010|XRCC5_HUMAN,0,/core/www/modules/match_peptides/blast_html4.php?run_id=110202&search_id=114132&scans_id=110198&peptide_id=1587&scanf=10620&charge=2&value=0,K.EEASGSSVTAEEAK.K,/core/www/modules/show_out/show_out_wrapper.php?run_id=110202&search_id=114132&scans_id=110198&peptide_id=1587&scanf=10620&charge=2&value=K.EEASGSSVTAEEAK.K,XRCC5,1.324e+7,3.016,0.004,2.431,0.000
10631,3,"  1.792","  0.389",10/36,/core/www/modules//sdig/index.php?run_id=110202&search_id=114132&scans_id=110198&peptide_id=1598&scanf=10631&charge=3&value=10/36,sp|O43707|ACTN4_HUMAN,/core/www/modules//consensus/?run_id=110202&search_id=114132&scans_id=110198&peptide_id=1598&scanf=10631&charge=3&value=sp|O43707|ACTN4_HUMAN,3,/core/www/modules/match_peptides/blast_html4.php?run_id=110202&search_id=114132&scans_id=110198&peptide_id=1598&scanf=10631&charge=3&value=3,K.STLPDADRER.E,/core/www/modules/show_out/show_out_wrapper.php?run_id=110202&search_id=114132&scans_id=110198&peptide_id=1598&scanf=10631&charge=3&value=K.STLPDADRER.E,ACTN4,5.327e+7,2.923,0.005,2.294,0.000
10637,3,"  1.962","  0.277",10/36,/core/www/modules//sdig/index.php?run_id=110202&search_id=114132&scans_id=110198&peptide_id=1604&scanf=10637&charge=3&value=10/36,sp|Q08170|SRSF4_HUMAN,/core/www/modules//consensus/?run_id=110202&search_id=114132&scans_id=110198&peptide_id=1604&scanf=10637&charge=3&value=sp|Q08170|SRSF4_HUMAN,0,/core/www/modules/match_peptides/blast_html4.php?run_id=110202&search_id=114132&scans_id=110198&peptide_id=1604&scanf=10637&charge=3&value=0,K.SKPNLPSESR.S,/core/www/modules/show_out/show_out_wrapper.php?run_id=110202&search_id=114132&scans_id=110198&peptide_id=1604&scanf=10637&charge=3&value=K.SKPNLPSESR.S,SRSF4,4.257e+6,2.527,0.019,1.714,0.000
10639,2,"  2.746","  0.477",14/18,/core/www/modules//sdig/index.php?run_id=110202&search_id=114132&scans_id=110198&peptide_id=1606&scanf=10639&charge=2&value=14/18,sp|P11388|TOP2A_HUMAN,/core/www/modules//consensus/?run_id=110202&search_id=114132&scans_id=110198&peptide_id=1606&scanf=10639&charge=2&value=sp|P11388|TOP2A_HUMAN,0,/core/www/modules/match_peptides/blast_html4.php?run_id=110202&search_id=114132&scans_id=110198&peptide_id=1606&scanf=10639&charge=2&value=0,R.RAYDIAGSTK.D,/core/www/modules/show_out/show_out_wrapper.php?run_id=110202&search_id=114132&scans_id=110198&peptide_id=1606&scanf=10639&charge=2&value=R.RAYDIAGSTK.D,TOP2A,1.173e+6,3.363,0.001,2.945,0.000
10642,2,"  2.390","  0.285",9/16,/core/www/modules//sdig/index.php?run_id=110202&search_id=114132&scans_id=110198&peptide_id=1610&scanf=10642&charge=2&value=9/16,sp|Q13619|CUL4A_HUMAN,/core/www/modules//consensus/?run_id=110202&search_id=114132&scans_id=110198&peptide_id=1610&scanf=10642&charge=2&value=sp|Q13619|CUL4A_HUMAN,1,/core/www/modules/match_peptides/blast_html4.php?run_id=110202&search_id=114132&scans_id=110198&peptide_id=1610&scanf=10642&charge=2&value=1,K.EATDEELER.T,/core/www/modules/show_out/show_out_wrapper.php?run_id=110202&search_id=114132&scans_id=110198&peptide_id=1610&scanf=10642&charge=2&value=K.EATDEELER.T,CUL4A,1.016e+6,2.495,0.022,1.667,0.001
10652,3,"  4.725","  0.645",19/44,/core/www/modules//sdig/index.php?run_id=110202&search_id=114132&scans_id=110198&peptide_id=1620&scanf=10652&charge=3&value=19/44,sp|Q96QC0|PP1RA_HUMAN,/core/www/modules//consensus/?run_id=110202&search_id=114132&scans_id=110198&peptide_id=1620&scanf=10652&charge=3&value=sp|Q96QC0|PP1RA_HUMAN,0,/core/www/modules/match_peptides/blast_html4.php?run_id=110202&search_id=114132&scans_id=110198&peptide_id=1620&scanf=10652&charge=3&value=0,R.GGPGPGPGPYHR.G,/core/www/modules/show_out/show_out_wrapper.php?run_id=110202&search_id=114132&scans_id=110198&peptide_id=1620&scanf=10652&charge=3&value=R.GGPGPGPGPYHR.G,PPP1R10,8.564e+6,4.021,0.000,3.920,0.000
10654,2,"  1.461","  0.135",7/12,/core/www/modules//sdig/index.php?run_id=110202&search_id=114132&scans_id=110198&peptide_id=1622&scanf=10654&charge=2&value=7/12,sp|O00422|SAP18_HUMAN,/core/www/modules//consensus/?run_id=110202&search_id=114132&scans_id=110198&peptide_id=1622&scanf=10654&charge=2&value=sp|O00422|SAP18_HUMAN,2,/core/www/modules/match_peptides/blast_html4.php?run_id=110202&search_id=114132&scans_id=110198&peptide_id=1622&scanf=10654&charge=2&value=2,K.EVYPEAR.K,/core/www/modules/show_out/show_out_wrapper.php?run_id=110202&search_id=114132&scans_id=110198&peptide_id=1622&scanf=10654&charge=2&value=K.EVYPEAR.K,SAP18,1.758e+7,2.092,0.080,1.096,0.003
10656,2,"  2.249","  0.321",7/18,/core/www/modules//sdig/index.php?run_id=110202&search_id=114132&scans_id=110198&peptide_id=1624&scanf=10656&charge=2&value=7/18,sp|O43707|ACTN4_HUMAN,/core/www/modules//consensus/?run_id=110202&search_id=114132&scans_id=110198&peptide_id=1624&scanf=10656&charge=2&value=sp|O43707|ACTN4_HUMAN,3,/core/www/modules/match_peptides/blast_html4.php?run_id=110202&search_id=114132&scans_id=110198&peptide_id=1624&scanf=10656&charge=2&value=3,K.STLPDADRER.E,/core/www/modules/show_out/show_out_wrapper.php?run_id=110202&search_id=114132&scans_id=110198&peptide_id=1624&scanf=10656&charge=2&value=K.STLPDADRER.E,ACTN4,2.553e+7,2.444,0.026,1.592,0.001
10661,2,"  2.650","  0.378",10/16,/core/www/modules//sdig/index.php?run_id=110202&search_id=114132&scans_id=110198&peptide_id=1630&scanf=10661&charge=2&value=10/16,tr|F8W0Q9|F8W0Q9_HUMAN,/core/www/modules//consensus/?run_id=110202&search_id=114132&scans_id=110198&peptide_id=1630&scanf=10661&charge=2&value=tr|F8W0Q9|F8W0Q9_HUMAN,0,/core/www/modules/match_peptides/blast_html4.php?run_id=110202&search_id=114132&scans_id=110198&peptide_id=1630&scanf=10661&charge=2&value=0,R.QNLHEIGER.C,/core/www/modules/show_out/show_out_wrapper.php?run_id=110202&search_id=114132&scans_id=110198&peptide_id=1630&scanf=10661&charge=2&value=R.QNLHEIGER.C,PPHLN1,1.791e+6,2.919,0.005,2.288,0.000
10671,3,"  2.677","  0.482",13/76,/core/www/modules//sdig/index.php?run_id=110202&search_id=114132&scans_id=110198&peptide_id=1641&scanf=10671&charge=3&value=13/76,sp|Q9UIS9|MBD1_HUMAN,/core/www/modules//consensus/?run_id=110202&search_id=114132&scans_id=110198&peptide_id=1641&scanf=10671&charge=3&value=sp|Q9UIS9|MBD1_HUMAN,3,/core/www/modules/match_peptides/blast_html4.php?run_id=110202&search_id=114132&scans_id=110198&peptide_id=1641&scanf=10671&charge=3&value=3,K.QEPPDPEEDKEENKDDSASK.L,/core/www/modules/show_out/show_out_wrapper.php?run_id=110202&search_id=114132&scans_id=110198&peptide_id=1641&scanf=10671&charge=3&value=K.QEPPDPEEDKEENKDDSASK.L,MBD1,7.265e+5,1.998,0.107,0.970,0.005
10674,2,"  1.795","  0.423",9/12,/core/www/modules//sdig/index.php?run_id=110202&search_id=114132&scans_id=110198&peptide_id=1643&scanf=10674&charge=2&value=9/12,sp|P39023|RL3_HUMAN,/core/www/modules//consensus/?run_id=110202&search_id=114132&scans_id=110198&peptide_id=1643&scanf=10674&charge=2&value=sp|P39023|RL3_HUMAN,2,/core/www/modules/match_peptides/blast_html4.php?run_id=110202&search_id=114132&scans_id=110198&peptide_id=1643&scanf=10674&charge=2&value=2,K.FIDTTSK.F,/core/www/modules/show_out/show_out_wrapper.php?run_id=110202&search_id=114132&scans_id=110198&peptide_id=1643&scanf=10674&charge=2&value=K.FIDTTSK.F,RPL3,2.155e+7,3.352,0.001,2.929,0.000
10675,2,"  3.007","  0.485",11/16,/core/www/modules//sdig/index.php?run_id=110202&search_id=114132&scans_id=110198&peptide_id=1644&scanf=10675&charge=2&value=11/16,sp|P08670|VIME_HUMAN,/core/www/modules//consensus/?run_id=110202&search_id=114132&scans_id=110198&peptide_id=1644&scanf=10675&charge=2&value=sp|P08670|VIME_HUMAN,1,/core/www/modules/match_peptides/blast_html4.php?run_id=110202&search_id=114132&scans_id=110198&peptide_id=1644&scanf=10675&charge=2&value=1,R.QVDQLTNDK.A,/core/www/modules/show_out/show_out_wrapper.php?run_id=110202&search_id=114132&scans_id=110198&peptide_id=1644&scanf=10675&charge=2&value=R.QVDQLTNDK.A,VIM,1.237e+8,3.888,0.000,3.723,0.000
10682,2,"  2.766","  0.429",10/16,/core/www/modules//sdig/index.php?run_id=110202&search_id=114132&scans_id=110198&peptide_id=1652&scanf=10682&charge=2&value=10/16,tr|F8W0Q9|F8W0Q9_HUMAN,/core/www/modules//consensus/?run_id=110202&search_id=114132&scans_id=110198&peptide_id=1652&scanf=10682&charge=2&value=tr|F8W0Q9|F8W0Q9_HUMAN,0,/core/www/modules/match_peptides/blast_html4.php?run_id=110202&search_id=114132&scans_id=110198&peptide_id=1652&scanf=10682&charge=2&value=0,R.QNLHEIGER.C,/core/www/modules/show_out/show_out_wrapper.php?run_id=110202&search_id=114132&scans_id=110198&peptide_id=1652&scanf=10682&charge=2&value=R.QNLHEIGER.C,PPHLN1,1.791e+6,3.075,0.003,2.519,0.000
10692,2,"  1.840","  0.369",8/18,/core/www/modules//sdig/index.php?run_id=110202&search_id=114132&scans_id=110198&peptide_id=1663&scanf=10692&charge=2&value=8/18,sp|P13639|EF2_HUMAN,/core/www/modules//consensus/?run_id=110202&search_id=114132&scans_id=110198&peptide_id=1663&scanf=10692&charge=2&value=sp|P13639|EF2_HUMAN,0,/core/www/modules/match_peptides/blast_html4.php?run_id=110202&search_id=114132&scans_id=110198&peptide_id=1663&scanf=10692&charge=2&value=0,K.GEGQLGPAER.A,/core/www/modules/show_out/show_out_wrapper.php?run_id=110202&search_id=114132&scans_id=110198&peptide_id=1663&scanf=10692&charge=2&value=K.GEGQLGPAER.A,EEF2,1.261e+7,2.521,0.020,1.705,0.000
10695,3,"  2.396","  0.391",11/36,/core/www/modules//sdig/index.php?run_id=110202&search_id=114132&scans_id=110198&peptide_id=1665&scanf=10695&charge=3&value=11/36,sp|Q08170|SRSF4_HUMAN,/core/www/modules//consensus/?run_id=110202&search_id=114132&scans_id=110198&peptide_id=1665&scanf=10695&charge=3&value=sp|Q08170|SRSF4_HUMAN,0,/core/www/modules/match_peptides/blast_html4.php?run_id=110202&search_id=114132&scans_id=110198&peptide_id=1665&scanf=10695&charge=3&value=0,K.SKPNLPSESR.S,/core/www/modules/show_out/show_out_wrapper.php?run_id=110202&search_id=114132&scans_id=110198&peptide_id=1665&scanf=10695&charge=3&value=K.SKPNLPSESR.S,SRSF4,4.257e+6,2.957,0.005,2.344,0.000
10697,3,"  2.704","  0.215",8/44,/core/www/modules//sdig/index.php?run_id=110202&search_id=114132&scans_id=110198&peptide_id=1667&scanf=10697&charge=3&value=8/44,sp|P22626|ROA2_HUMAN,/core/www/modules//consensus/?run_id=110202&search_id=114132&scans_id=110198&peptide_id=1667&scanf=10697&charge=3&value=sp|P22626|ROA2_HUMAN,8,/core/www/modules/match_peptides/blast_html4.php?run_id=110202&search_id=114132&scans_id=110198&peptide_id=1667&scanf=10697&charge=3&value=8,K.YHTINGHNAEVR.K,/core/www/modules/show_out/show_out_wrapper.php?run_id=110202&search_id=114132&scans_id=110198&peptide_id=1667&scanf=10697&charge=3&value=K.YHTINGHNAEVR.K,HNRNPA2B1,2.241e+7,2.223,0.053,1.277,0.002
10701,2,"  1.540","  0.172",7/12,/core/www/modules//sdig/index.php?run_id=110202&search_id=114132&scans_id=110198&peptide_id=1672&scanf=10701&charge=2&value=7/12,sp|O96028|NSD2_HUMAN,/core/www/modules//consensus/?run_id=110202&search_id=114132&scans_id=110198&peptide_id=1672&scanf=10701&charge=2&value=sp|O96028|NSD2_HUMAN,5,/core/www/modules/match_peptides/blast_html4.php?run_id=110202&search_id=114132&scans_id=110198&peptide_id=1672&scanf=10701&charge=2&value=5,R.IIDAGPK.G,/core/www/modules/show_out/show_out_wrapper.php?run_id=110202&search_id=114132&scans_id=110198&peptide_id=1672&scanf=10701&charge=2&value=R.IIDAGPK.G,NSD2,1.387e+6,2.199,0.057,1.244,0.002
10704,2,"  2.467","  0.522",12/18,/core/www/modules//sdig/index.php?run_id=110202&search_id=114132&scans_id=110198&peptide_id=1675&scanf=10704&charge=2&value=12/18,sp|Q07955|SRSF1_HUMAN,/core/www/modules//consensus/?run_id=110202&search_id=114132&scans_id=110198&peptide_id=1675&scanf=10704&charge=2&value=sp|Q07955|SRSF1_HUMAN,2,/core/www/modules/match_peptides/blast_html4.php?run_id=110202&search_id=114132&scans_id=110198&peptide_id=1675&scanf=10704&charge=2&value=2,R.SHEGETAYIR.V,/core/www/modules/show_out/show_out_wrapper.php?run_id=110202&search_id=114132&scans_id=110198&peptide_id=1675&scanf=10704&charge=2&value=R.SHEGETAYIR.V,SRSF1,5.302e+7,3.543,0.001,3.212,0.000
10705,3,"  2.382","  0.421",12/56,/core/www/modules//sdig/index.php?run_id=110202&search_id=114132&scans_id=110198&peptide_id=1676&scanf=10705&charge=3&value=12/56,sp|Q3B726|RPA43_HUMAN,/core/www/modules//consensus/?run_id=110202&search_id=114132&scans_id=110198&peptide_id=1676&scanf=10705&charge=3&value=sp|Q3B726|RPA43_HUMAN,0,/core/www/modules/match_peptides/blast_html4.php?run_id=110202&search_id=114132&scans_id=110198&peptide_id=1676&scanf=10705&charge=3&value=0,K.KKDPETYEVDSGTTK.L,/core/www/modules/show_out/show_out_wrapper.php?run_id=110202&search_id=114132&scans_id=110198&peptide_id=1676&scanf=10705&charge=3&value=K.KKDPETYEVDSGTTK.L,POLR1F,1.448e+6,2.126,0.072,1.143,0.002
10707,2,"  1.470","  0.203",8/20,/core/www/modules//sdig/index.php?run_id=110202&search_id=114132&scans_id=110198&peptide_id=1678&scanf=10707&charge=2&value=8/20,sp|Q9NVU7|SDA1_HUMAN,/core/www/modules//consensus/?run_id=110202&search_id=114132&scans_id=110198&peptide_id=1678&scanf=10707&charge=2&value=sp|Q9NVU7|SDA1_HUMAN,1,/core/www/modules/match_peptides/blast_html4.php?run_id=110202&search_id=114132&scans_id=110198&peptide_id=1678&scanf=10707&charge=2&value=1,R.GKPTEASIEAR.V,/core/www/modules/show_out/show_out_wrapper.php?run_id=110202&search_id=114132&scans_id=110198&peptide_id=1678&scanf=10707&charge=2&value=R.GKPTEASIEAR.V,SDAD1,1.032e+6,1.884,0.150,0.823,0.008
10708,2,"  1.766","  0.274",7/16,/core/www/modules//sdig/index.php?run_id=110202&search_id=114132&scans_id=110198&peptide_id=1679&scanf=10708&charge=2&value=7/16,sp|Q92620|PRP16_HUMAN,/core/www/modules//consensus/?run_id=110202&search_id=114132&scans_id=110198&peptide_id=1679&scanf=10708&charge=2&value=sp|Q92620|PRP16_HUMAN,2,/core/www/modules/match_peptides/blast_html4.php?run_id=110202&search_id=114132&scans_id=110198&peptide_id=1679&scanf=10708&charge=2&value=2,K.EQGEPMTPR.R,/core/www/modules/show_out/show_out_wrapper.php?run_id=110202&search_id=114132&scans_id=110198&peptide_id=1679&scanf=10708&charge=2&value=K.EQGEPMTPR.R,DHX38,1.022e+6,2.312,0.040,1.403,0.001
10709,2,"  1.955","  0.225",9/16,/core/www/modules//sdig/index.php?run_id=110202&search_id=114132&scans_id=110198&peptide_id=1680&scanf=10709&charge=2&value=9/16,sp|Q13619|CUL4A_HUMAN,/core/www/modules//consensus/?run_id=110202&search_id=114132&scans_id=110198&peptide_id=1680&scanf=10709&charge=2&value=sp|Q13619|CUL4A_HUMAN,1,/core/www/modules/match_peptides/blast_html4.php?run_id=110202&search_id=114132&scans_id=110198&peptide_id=1680&scanf=10709&charge=2&value=1,K.EATDEELER.T,/core/www/modules/show_out/show_out_wrapper.php?run_id=110202&search_id=114132&scans_id=110198&peptide_id=1680&scanf=10709&charge=2&value=K.EATDEELER.T,CUL4A,1.016e+6,2.297,0.042,1.382,0.001
10711,2,"  2.346","  0.368",7/14,/core/www/modules//sdig/index.php?run_id=110202&search_id=114132&scans_id=110198&peptide_id=1683&scanf=10711&charge=2&value=7/14,sp|P78527|PRKDC_HUMAN,/core/www/modules//consensus/?run_id=110202&search_id=114132&scans_id=110198&peptide_id=1683&scanf=10711&charge=2&value=sp|P78527|PRKDC_HUMAN,1,/core/www/modules/match_peptides/blast_html4.php?run_id=110202&search_id=114132&scans_id=110198&peptide_id=1683&scanf=10711&charge=2&value=1,K.QYDEALNK.Q,/core/www/modules/show_out/show_out_wrapper.php?run_id=110202&search_id=114132&scans_id=110198&peptide_id=1683&scanf=10711&charge=2&value=K.QYDEALNK.Q,PRKDC,1.179e+7,3.579,0.001,3.265,0.000
10718,2,"  1.718","  0.260",9/14,/core/www/modules//sdig/index.php?run_id=110202&search_id=114132&scans_id=110198&peptide_id=1689&scanf=10718&charge=2&value=9/14,sp|P62266|RS23_HUMAN,/core/www/modules//consensus/?run_id=110202&search_id=114132&scans_id=110198&peptide_id=1689&scanf=10718&charge=2&value=sp|P62266|RS23_HUMAN,4,/core/www/modules/match_peptides/blast_html4.php?run_id=110202&search_id=114132&scans_id=110198&peptide_id=1689&scanf=10718&charge=2&value=4,K.AHLGTALK.A,/core/www/modules/show_out/show_out_wrapper.php?run_id=110202&search_id=114132&scans_id=110198&peptide_id=1689&scanf=10718&charge=2&value=K.AHLGTALK.A,RPS23,1.095e+7,2.567,0.017,1.772,0.000
10722,2,"  2.626","  0.480",11/18,/core/www/modules//sdig/index.php?run_id=110202&search_id=114132&scans_id=110198&peptide_id=1693&scanf=10722&charge=2&value=11/18,sp|Q9NTJ3|SMC4_HUMAN,/core/www/modules//consensus/?run_id=110202&search_id=114132&scans_id=110198&peptide_id=1693&scanf=10722&charge=2&value=sp|Q9NTJ3|SMC4_HUMAN,1,/core/www/modules/match_peptides/blast_html4.php?run_id=110202&search_id=114132&scans_id=110198&peptide_id=1693&scanf=10722&charge=2&value=1,R.HNTAVSQLTK.A,/core/www/modules/show_out/show_out_wrapper.php?run_id=110202&search_id=114132&scans_id=110198&peptide_id=1693&scanf=10722&charge=2&value=R.HNTAVSQLTK.A,SMC4,1.182e+6,3.191,0.002,2.691,0.000
10724,2,"  2.029","  0.321",8/12,/core/www/modules//sdig/index.php?run_id=110202&search_id=114132&scans_id=110198&peptide_id=1695&scanf=10724&charge=2&value=8/12,sp|Q9NWH9|SLTM_HUMAN,/core/www/modules//consensus/?run_id=110202&search_id=114132&scans_id=110198&peptide_id=1695&scanf=10724&charge=2&value=sp|Q9NWH9|SLTM_HUMAN,2,/core/www/modules/match_peptides/blast_html4.php?run_id=110202&search_id=114132&scans_id=110198&peptide_id=1695&scanf=10724&charge=2&value=2,R.FNDFDHR.E,/core/www/modules/show_out/show_out_wrapper.php?run_id=110202&search_id=114132&scans_id=110198&peptide_id=1695&scanf=10724&charge=2&value=R.FNDFDHR.E,SLTM,2.308e+6,2.868,0.006,2.214,0.000
10725,2,"  1.774","  0.222",7/16,/core/www/modules//sdig/index.php?run_id=110202&search_id=114132&scans_id=110198&peptide_id=1696&scanf=10725&charge=2&value=7/16,sp|Q9NU22|MDN1_HUMAN,/core/www/modules//consensus/?run_id=110202&search_id=114132&scans_id=110198&peptide_id=1696&scanf=10725&charge=2&value=sp|Q9NU22|MDN1_HUMAN,0,/core/www/modules/match_peptides/blast_html4.php?run_id=110202&search_id=114132&scans_id=110198&peptide_id=1696&scanf=10725&charge=2&value=0,K.AEQESGLYR.Y,/core/www/modules/show_out/show_out_wrapper.php?run_id=110202&search_id=114132&scans_id=110198&peptide_id=1696&scanf=10725&charge=2&value=K.AEQESGLYR.Y,MDN1,1.267e+6,2.372,0.032,1.490,0.001
10742,2,"  1.593","  0.278",7/16,/core/www/modules//sdig/index.php?run_id=110202&search_id=114132&scans_id=110198&peptide_id=1714&scanf=10742&charge=2&value=7/16,sp|P41091|IF2G_HUMAN,/core/www/modules//consensus/?run_id=110202&search_id=114132&scans_id=110198&peptide_id=1714&scanf=10742&charge=2&value=sp|P41091|IF2G_HUMAN,2,/core/www/modules/match_peptides/blast_html4.php?run_id=110202&search_id=114132&scans_id=110198&peptide_id=1714&scanf=10742&charge=2&value=2,K.AISGVHTVR.F,/core/www/modules/show_out/show_out_wrapper.php?run_id=110202&search_id=114132&scans_id=110198&peptide_id=1714&scanf=10742&charge=2&value=K.AISGVHTVR.F,EIF2S3,1.244e+6,2.291,0.042,1.373,0.001
10747,2,"  5.666","  0.796",27/36,/core/www/modules//sdig/index.php?run_id=110202&search_id=114132&scans_id=110198&peptide_id=1719&scanf=10747&charge=2&value=27/36,sp|Q9UPT8|ZC3H4_HUMAN,/core/www/modules//consensus/?run_id=110202&search_id=114132&scans_id=110198&peptide_id=1719&scanf=10747&charge=2&value=sp|Q9UPT8|ZC3H4_HUMAN,1,/core/www/modules/match_peptides/blast_html4.php?run_id=110202&search_id=114132&scans_id=110198&peptide_id=1719&scanf=10747&charge=2&value=1,R.HVEASGGSGPGDSGPSDPR.L,/core/www/modules/show_out/show_out_wrapper.php?run_id=110202&search_id=114132&scans_id=110198&peptide_id=1719&scanf=10747&charge=2&value=R.HVEASGGSGPGDSGPSDPR.L,ZC3H4,9.623e+5,4.323,0.000,4.369,0.000
10748,2,"  2.249","  0.302",7/16,/core/www/modules//sdig/index.php?run_id=110202&search_id=114132&scans_id=110198&peptide_id=1720&scanf=10748&charge=2&value=7/16,sp|Q08211|DHX9_HUMAN,/core/www/modules//consensus/?run_id=110202&search_id=114132&scans_id=110198&peptide_id=1720&scanf=10748&charge=2&value=sp|Q08211|DHX9_HUMAN,0,/core/www/modules/match_peptides/blast_html4.php?run_id=110202&search_id=114132&scans_id=110198&peptide_id=1720&scanf=10748&charge=2&value=0,R.M*GGEEAEIR.F,/core/www/modules/show_out/show_out_wrapper.php?run_id=110202&search_id=114132&scans_id=110198&peptide_id=1720&scanf=10748&charge=2&value=R.M*GGEEAEIR.F,DHX9,3.992e+6,2.713,0.010,1.986,0.000
10751,3,"  2.682","  0.486",12/44,/core/www/modules//sdig/index.php?run_id=110202&search_id=114132&scans_id=110198&peptide_id=1724&scanf=10751&charge=3&value=12/44,sp|P49756|RBM25_HUMAN,/core/www/modules//consensus/?run_id=110202&search_id=114132&scans_id=110198&peptide_id=1724&scanf=10751&charge=3&value=sp|P49756|RBM25_HUMAN,0,/core/www/modules/match_peptides/blast_html4.php?run_id=110202&search_id=114132&scans_id=110198&peptide_id=1724&scanf=10751&charge=3&value=0,R.DREEDEEDAYER.R,/core/www/modules/show_out/show_out_wrapper.php?run_id=110202&search_id=114132&scans_id=110198&peptide_id=1724&scanf=10751&charge=3&value=R.DREEDEEDAYER.R,RBM25,3.574e+6,2.882,0.006,2.233,0.000
10758,2,"  2.882","  0.317",8/18,/core/www/modules//sdig/index.php?run_id=110202&search_id=114132&scans_id=110198&peptide_id=1730&scanf=10758&charge=2&value=8/18,sp|Q99848|EBP2_HUMAN,/core/www/modules//consensus/?run_id=110202&search_id=114132&scans_id=110198&peptide_id=1730&scanf=10758&charge=2&value=sp|Q99848|EBP2_HUMAN,1,/core/www/modules/match_peptides/blast_html4.php?run_id=110202&search_id=114132&scans_id=110198&peptide_id=1730&scanf=10758&charge=2&value=1,K.KAVNDVNGLK.Q,/core/www/modules/show_out/show_out_wrapper.php?run_id=110202&search_id=114132&scans_id=110198&peptide_id=1730&scanf=10758&charge=2&value=K.KAVNDVNGLK.Q,EBNA1BP2,1.539e+6,2.174,0.062,1.209,0.002
10763,3,"  2.920","  0.200",13/56,/core/www/modules//sdig/index.php?run_id=110202&search_id=114132&scans_id=110198&peptide_id=1736&scanf=10763&charge=3&value=13/56,sp|Q14151|SAFB2_HUMAN,/core/www/modules//consensus/?run_id=110202&search_id=114132&scans_id=110198&peptide_id=1736&scanf=10763&charge=3&value=sp|Q14151|SAFB2_HUMAN,0,/core/www/modules/match_peptides/blast_html4.php?run_id=110202&search_id=114132&scans_id=110198&peptide_id=1736&scanf=10763&charge=3&value=0,K.EEKDQDELKPGPTNR.S,/core/www/modules/show_out/show_out_wrapper.php?run_id=110202&search_id=114132&scans_id=110198&peptide_id=1736&scanf=10763&charge=3&value=K.EEKDQDELKPGPTNR.S,SAFB2,1.325e+6,1.840,0.171,0.768,0.009
10764,3,"  3.866","  0.611",18/72,/core/www/modules//sdig/index.php?run_id=110202&search_id=114132&scans_id=110198&peptide_id=1737&scanf=10764&charge=3&value=18/72,sp|Q08J23|NSUN2_HUMAN,/core/www/modules//consensus/?run_id=110202&search_id=114132&scans_id=110198&peptide_id=1737&scanf=10764&charge=3&value=sp|Q08J23|NSUN2_HUMAN,1,/core/www/modules/match_peptides/blast_html4.php?run_id=110202&search_id=114132&scans_id=110198&peptide_id=1737&scanf=10764&charge=3&value=1,R.LQQQQRPEDAEDGAEGGGK.R,/core/www/modules/show_out/show_out_wrapper.php?run_id=110202&search_id=114132&scans_id=110198&peptide_id=1737&scanf=10764&charge=3&value=R.LQQQQRPEDAEDGAEGGGK.R,NSUN2,4.444e+6,3.331,0.001,2.898,0.000
10767,2,"  3.421","  0.593",18/22,/core/www/modules//sdig/index.php?run_id=110202&search_id=114132&scans_id=110198&peptide_id=1740&scanf=10767&charge=2&value=18/22,sp|Q13148|TADBP_HUMAN,/core/www/modules//consensus/?run_id=110202&search_id=114132&scans_id=110198&peptide_id=1740&scanf=10767&charge=2&value=sp|Q13148|TADBP_HUMAN,8,/core/www/modules/match_peptides/blast_html4.php?run_id=110202&search_id=114132&scans_id=110198&peptide_id=1740&scanf=10767&charge=2&value=8,R.KMDETDASSAVK.V,/core/www/modules/show_out/show_out_wrapper.php?run_id=110202&search_id=114132&scans_id=110198&peptide_id=1740&scanf=10767&charge=2&value=R.KMDETDASSAVK.V,TARDBP,7.387e+6,3.422,0.001,3.033,0.000
10780,2,"  2.677","  0.268",13/22,/core/www/modules//sdig/index.php?run_id=110202&search_id=114132&scans_id=110198&peptide_id=1754&scanf=10780&charge=2&value=13/22,sp|P38919|IF4A3_HUMAN,/core/www/modules//consensus/?run_id=110202&search_id=114132&scans_id=110198&peptide_id=1754&scanf=10780&charge=2&value=sp|P38919|IF4A3_HUMAN,1,/core/www/modules/match_peptides/blast_html4.php?run_id=110202&search_id=114132&scans_id=110198&peptide_id=1754&scanf=10780&charge=2&value=1,R.DVIAQSQSGTGK.T,/core/www/modules/show_out/show_out_wrapper.php?run_id=110202&search_id=114132&scans_id=110198&peptide_id=1754&scanf=10780&charge=2&value=R.DVIAQSQSGTGK.T,EIF4A3,1.057e+7,2.512,0.020,1.692,0.000
10803,2,"  2.242","  0.468",11/20,/core/www/modules//sdig/index.php?run_id=110202&search_id=114132&scans_id=110198&peptide_id=1778&scanf=10803&charge=2&value=11/20,sp|P0DP23|CALM1_HUMAN,/core/www/modules//consensus/?run_id=110202&search_id=114132&scans_id=110198&peptide_id=1778&scanf=10803&charge=2&value=sp|P0DP23|CALM1_HUMAN,8,/core/www/modules/match_peptides/blast_html4.php?run_id=110202&search_id=114132&scans_id=110198&peptide_id=1778&scanf=10803&charge=2&value=8,K.MKDTDSEEEIR.E,/core/www/modules/show_out/show_out_wrapper.php?run_id=110202&search_id=114132&scans_id=110198&peptide_id=1778&scanf=10803&charge=2&value=K.MKDTDSEEEIR.E,CALM1,2.888e+6,2.748,0.009,2.037,0.000
10805,2,"  2.606","  0.433",12/20,/core/www/modules//sdig/index.php?run_id=110202&search_id=114132&scans_id=110198&peptide_id=1780&scanf=10805&charge=2&value=12/20,sp|Q6P2Q9|PRP8_HUMAN,/core/www/modules//consensus/?run_id=110202&search_id=114132&scans_id=110198&peptide_id=1780&scanf=10805&charge=2&value=sp|Q6P2Q9|PRP8_HUMAN,0,/core/www/modules/match_peptides/blast_html4.php?run_id=110202&search_id=114132&scans_id=110198&peptide_id=1780&scanf=10805&charge=2&value=0,K.EQSQLTATQTR.T,/core/www/modules/show_out/show_out_wrapper.php?run_id=110202&search_id=114132&scans_id=110198&peptide_id=1780&scanf=10805&charge=2&value=K.EQSQLTATQTR.T,PRPF8,5.476e+6,3.314,0.001,2.873,0.000
10812,2,"  2.525","  0.323",12/20,/core/www/modules//sdig/index.php?run_id=110202&search_id=114132&scans_id=110198&peptide_id=1788&scanf=10812&charge=2&value=12/20,sp|Q9H307|PININ_HUMAN,/core/www/modules//consensus/?run_id=110202&search_id=114132&scans_id=110198&peptide_id=1788&scanf=10812&charge=2&value=sp|Q9H307|PININ_HUMAN,0,/core/www/modules/match_peptides/blast_html4.php?run_id=110202&search_id=114132&scans_id=110198&peptide_id=1788&scanf=10812&charge=2&value=0,K.FKQESTVATER.Q,/core/www/modules/show_out/show_out_wrapper.php?run_id=110202&search_id=114132&scans_id=110198&peptide_id=1788&scanf=10812&charge=2&value=K.FKQESTVATER.Q,PNN,4.437e+6,2.361,0.034,1.473,0.001
10813,2,"  1.932","  0.343",11/20,/core/www/modules//sdig/index.php?run_id=110202&search_id=114132&scans_id=110198&peptide_id=1789&scanf=10813&charge=2&value=11/20,sp|Q7L0Y3|TM10C_HUMAN,/core/www/modules//consensus/?run_id=110202&search_id=114132&scans_id=110198&peptide_id=1789&scanf=10813&charge=2&value=sp|Q7L0Y3|TM10C_HUMAN,1,/core/www/modules/match_peptides/blast_html4.php?run_id=110202&search_id=114132&scans_id=110198&peptide_id=1789&scanf=10813&charge=2&value=1,K.LLETTEEDKQK.N,/core/www/modules/show_out/show_out_wrapper.php?run_id=110202&search_id=114132&scans_id=110198&peptide_id=1789&scanf=10813&charge=2&value=K.LLETTEEDKQK.N,TRMT10C,6.409e+5,2.322,0.038,1.418,0.001
10816,2,"  1.880","  0.102",9/16,/core/www/modules//sdig/index.php?run_id=110202&search_id=114132&scans_id=110198&peptide_id=1792&scanf=10816&charge=2&value=9/16,tr|K7EJE8|K7EJE8_HUMAN,/core/www/modules//consensus/?run_id=110202&search_id=114132&scans_id=110198&peptide_id=1792&scanf=10816&charge=2&value=tr|K7EJE8|K7EJE8_HUMAN,2,/core/www/modules/match_peptides/blast_html4.php?run_id=110202&search_id=114132&scans_id=110198&peptide_id=1792&scanf=10816&charge=2&value=2,K.EAEDELSAR.H,/core/www/modules/show_out/show_out_wrapper.php?run_id=110202&search_id=114132&scans_id=110198&peptide_id=1792&scanf=10816&charge=2&value=K.EAEDELSAR.H,LONP1,1.720e+6,1.879,0.153,0.816,0.008
10825,2,"  2.280","  0.128",11/18,/core/www/modules//sdig/index.php?run_id=110202&search_id=114132&scans_id=110198&peptide_id=1801&scanf=10825&charge=2&value=11/18,sp|P62805|H4_HUMAN,/core/www/modules//consensus/?run_id=110202&search_id=114132&scans_id=110198&peptide_id=1801&scanf=10825&charge=2&value=sp|P62805|H4_HUMAN,0,/core/www/modules/match_peptides/blast_html4.php?run_id=110202&search_id=114132&scans_id=110198&peptide_id=1801&scanf=10825&charge=2&value=0,R.DAVTYTEHAK.R,/core/www/modules/show_out/show_out_wrapper.php?run_id=110202&search_id=114132&scans_id=110198&peptide_id=1801&scanf=10825&charge=2&value=R.DAVTYTEHAK.R,H4C16,1.839e+8,1.969,0.117,0.932,0.005
10827,2,"  2.426","  0.404",8/18,/core/www/modules//sdig/index.php?run_id=110202&search_id=114132&scans_id=110198&peptide_id=1803&scanf=10827&charge=2&value=8/18,sp|O00232|PSD12_HUMAN,/core/www/modules//consensus/?run_id=110202&search_id=114132&scans_id=110198&peptide_id=1803&scanf=10827&charge=2&value=sp|O00232|PSD12_HUMAN,0,/core/www/modules/match_peptides/blast_html4.php?run_id=110202&search_id=114132&scans_id=110198&peptide_id=1803&scanf=10827&charge=2&value=0,R.TASDMVSTSR.I,/core/www/modules/show_out/show_out_wrapper.php?run_id=110202&search_id=114132&scans_id=110198&peptide_id=1803&scanf=10827&charge=2&value=R.TASDMVSTSR.I,PSMD12,3.467e+6,2.696,0.011,1.960,0.000
10831,2,"  2.863","  0.713",16/30,/core/www/modules//sdig/index.php?run_id=110202&search_id=114132&scans_id=110198&peptide_id=1808&scanf=10831&charge=2&value=16/30,sp|Q9UKV3|ACINU_HUMAN,/core/www/modules//consensus/?run_id=110202&search_id=114132&scans_id=110198&peptide_id=1808&scanf=10831&charge=2&value=sp|Q9UKV3|ACINU_HUMAN,4,/core/www/modules/match_peptides/blast_html4.php?run_id=110202&search_id=114132&scans_id=110198&peptide_id=1808&scanf=10831&charge=2&value=4,K.GVPAGNSDTEGGQPGR.K,/core/www/modules/show_out/show_out_wrapper.php?run_id=110202&search_id=114132&scans_id=110198&peptide_id=1808&scanf=10831&charge=2&value=K.GVPAGNSDTEGGQPGR.K,ACIN1,8.229e+6,3.669,0.000,3.398,0.000
10833,2,"  3.013","  0.522",11/20,/core/www/modules//sdig/index.php?run_id=110202&search_id=114132&scans_id=110198&peptide_id=1810&scanf=10833&charge=2&value=11/20,sp|Q15149|PLEC_HUMAN,/core/www/modules//consensus/?run_id=110202&search_id=114132&scans_id=110198&peptide_id=1810&scanf=10833&charge=2&value=sp|Q15149|PLEC_HUMAN,4,/core/www/modules/match_peptides/blast_html4.php?run_id=110202&search_id=114132&scans_id=110198&peptide_id=1810&scanf=10833&charge=2&value=4,R.SKEQAELEAAR.Q,/core/www/modules/show_out/show_out_wrapper.php?run_id=110202&search_id=114132&scans_id=110198&peptide_id=1810&scanf=10833&charge=2&value=R.SKEQAELEAAR.Q,PLEC,2.596e+6,3.468,0.001,3.100,0.000
10842,3,"  3.155","  0.342",13/48,/core/www/modules//sdig/index.php?run_id=110202&search_id=114132&scans_id=110198&peptide_id=1819&scanf=10842&charge=3&value=13/48,sp|P13010|XRCC5_HUMAN,/core/www/modules//consensus/?run_id=110202&search_id=114132&scans_id=110198&peptide_id=1819&scanf=10842&charge=3&value=sp|P13010|XRCC5_HUMAN,0,/core/www/modules/match_peptides/blast_html4.php?run_id=110202&search_id=114132&scans_id=110198&peptide_id=1819&scanf=10842&charge=3&value=0,K.EDGSGDRGDGPFR.L,/core/www/modules/show_out/show_out_wrapper.php?run_id=110202&search_id=114132&scans_id=110198&peptide_id=1819&scanf=10842&charge=3&value=K.EDGSGDRGDGPFR.L,XRCC5,1.285e+7,2.481,0.023,1.647,0.001
10851,2,"  2.019","  0.292",8/18,/core/www/modules//sdig/index.php?run_id=110202&search_id=114132&scans_id=110198&peptide_id=1829&scanf=10851&charge=2&value=8/18,sp|Q9NRR4|RNC_HUMAN,/core/www/modules//consensus/?run_id=110202&search_id=114132&scans_id=110198&peptide_id=1829&scanf=10851&charge=2&value=sp|Q9NRR4|RNC_HUMAN,0,/core/www/modules/match_peptides/blast_html4.php?run_id=110202&search_id=114132&scans_id=110198&peptide_id=1829&scanf=10851&charge=2&value=0,R.LGQDDPTPSR.I,/core/www/modules/show_out/show_out_wrapper.php?run_id=110202&search_id=114132&scans_id=110198&peptide_id=1829&scanf=10851&charge=2&value=R.LGQDDPTPSR.I,DROSHA,7.871e+5,2.184,0.060,1.223,0.002
10856,3,"  2.804","  0.332",13/44,/core/www/modules//sdig/index.php?run_id=110202&search_id=114132&scans_id=110198&peptide_id=1834&scanf=10856&charge=3&value=13/44,sp|Q15233|NONO_HUMAN,/core/www/modules//consensus/?run_id=110202&search_id=114132&scans_id=110198&peptide_id=1834&scanf=10856&charge=3&value=sp|Q15233|NONO_HUMAN,9,/core/www/modules/match_peptides/blast_html4.php?run_id=110202&search_id=114132&scans_id=110198&peptide_id=1834&scanf=10856&charge=3&value=9,R.RMEELHNQEVQK.R,/core/www/modules/show_out/show_out_wrapper.php?run_id=110202&search_id=114132&scans_id=110198&peptide_id=1834&scanf=10856&charge=3&value=R.RMEELHNQEVQK.R,NONO,2.027e+7,2.417,0.028,1.554,0.001
10862,2,"  2.255","  0.141",7/12,/core/www/modules//sdig/index.php?run_id=110202&search_id=114132&scans_id=110198&peptide_id=1840&scanf=10862&charge=2&value=7/12,sp|P46063|RECQ1_HUMAN,/core/www/modules//consensus/?run_id=110202&search_id=114132&scans_id=110198&peptide_id=1840&scanf=10862&charge=2&value=sp|P46063|RECQ1_HUMAN,6,/core/www/modules/match_peptides/blast_html4.php?run_id=110202&search_id=114132&scans_id=110198&peptide_id=1840&scanf=10862&charge=2&value=6,R.QQELIQK.K,/core/www/modules/show_out/show_out_wrapper.php?run_id=110202&search_id=114132&scans_id=110198&peptide_id=1840&scanf=10862&charge=2&value=R.QQELIQK.K,RECQL,1.219e+7,2.180,0.061,1.217,0.002
10863,3,"  2.132","  0.161",7/36,/core/www/modules//sdig/index.php?run_id=110202&search_id=114132&scans_id=110198&peptide_id=1841&scanf=10863&charge=3&value=7/36,sp|O43707|ACTN4_HUMAN,/core/www/modules//consensus/?run_id=110202&search_id=114132&scans_id=110198&peptide_id=1841&scanf=10863&charge=3&value=sp|O43707|ACTN4_HUMAN,21,/core/www/modules/match_peptides/blast_html4.php?run_id=110202&search_id=114132&scans_id=110198&peptide_id=1841&scanf=10863&charge=3&value=21,K.HTNYTM*EHIR.V,/core/www/modules/show_out/show_out_wrapper.php?run_id=110202&search_id=114132&scans_id=110198&peptide_id=1841&scanf=10863&charge=3&value=K.HTNYTM*EHIR.V,ACTN4,5.006e+6,2.341,0.036,1.445,0.001
10867,2,"  2.310","  0.392",8/16,/core/www/modules//sdig/index.php?run_id=110202&search_id=114132&scans_id=110198&peptide_id=1845&scanf=10867&charge=2&value=8/16,sp|O94880|PHF14_HUMAN,/core/www/modules//consensus/?run_id=110202&search_id=114132&scans_id=110198&peptide_id=1845&scanf=10867&charge=2&value=sp|O94880|PHF14_HUMAN,1,/core/www/modules/match_peptides/blast_html4.php?run_id=110202&search_id=114132&scans_id=110198&peptide_id=1845&scanf=10867&charge=2&value=1,K.QLSPEAQAR.I,/core/www/modules/show_out/show_out_wrapper.php?run_id=110202&search_id=114132&scans_id=110198&peptide_id=1845&scanf=10867&charge=2&value=K.QLSPEAQAR.I,PHF14,7.608e+5,2.748,0.009,2.036,0.000
10868,2,"  4.321","  0.717",23/34,/core/www/modules//sdig/index.php?run_id=110202&search_id=114132&scans_id=110198&peptide_id=1846&scanf=10868&charge=2&value=23/34,sp|P07814|SYEP_HUMAN,/core/www/modules//consensus/?run_id=110202&search_id=114132&scans_id=110198&peptide_id=1846&scanf=10868&charge=2&value=sp|P07814|SYEP_HUMAN,0,/core/www/modules/match_peptides/blast_html4.php?run_id=110202&search_id=114132&scans_id=110198&peptide_id=1846&scanf=10868&charge=2&value=0,K.NQGGGLSSSGAGEGQGPK.K,/core/www/modules/show_out/show_out_wrapper.php?run_id=110202&search_id=114132&scans_id=110198&peptide_id=1846&scanf=10868&charge=2&value=K.NQGGGLSSSGAGEGQGPK.K,EPRS1,3.691e+6,3.979,0.000,3.858,0.000
10876,2,"  2.480","  0.000",10/20,/core/www/modules//sdig/index.php?run_id=110202&search_id=114132&scans_id=110198&peptide_id=1855&scanf=10876&charge=2&value=10/20,tr|A0A2R8Y7R0|A0A2R8Y7R0_HUMAN,/core/www/modules//consensus/?run_id=110202&search_id=114132&scans_id=110198&peptide_id=1855&scanf=10876&charge=2&value=tr|A0A2R8Y7R0|A0A2R8Y7R0_HUMAN,0,/core/www/modules/match_peptides/blast_html4.php?run_id=110202&search_id=114132&scans_id=110198&peptide_id=1855&scanf=10876&charge=2&value=0,-.XM*AEDEEGYRK.L,/core/www/modules/show_out/show_out_wrapper.php?run_id=110202&search_id=114132&scans_id=110198&peptide_id=1855&scanf=10876&charge=2&value=-.XM*AEDEEGYRK.L,SMARCA4,8.123e+5,3.307,0.001,2.863,0.000
10879,3,"  3.790","  0.568",17/72,/core/www/modules//sdig/index.php?run_id=110202&search_id=114132&scans_id=110198&peptide_id=1858&scanf=10879&charge=3&value=17/72,sp|Q08J23|NSUN2_HUMAN,/core/www/modules//consensus/?run_id=110202&search_id=114132&scans_id=110198&peptide_id=1858&scanf=10879&charge=3&value=sp|Q08J23|NSUN2_HUMAN,1,/core/www/modules/match_peptides/blast_html4.php?run_id=110202&search_id=114132&scans_id=110198&peptide_id=1858&scanf=10879&charge=3&value=1,R.LQQQQRPEDAEDGAEGGGK.R,/core/www/modules/show_out/show_out_wrapper.php?run_id=110202&search_id=114132&scans_id=110198&peptide_id=1858&scanf=10879&charge=3&value=R.LQQQQRPEDAEDGAEGGGK.R,NSUN2,4.444e+6,3.166,0.002,2.653,0.000
10883,3,"  4.415","  0.507",19/44,/core/www/modules//sdig/index.php?run_id=110202&search_id=114132&scans_id=110198&peptide_id=1862&scanf=10883&charge=3&value=19/44,sp|Q15233|NONO_HUMAN,/core/www/modules//consensus/?run_id=110202&search_id=114132&scans_id=110198&peptide_id=1862&scanf=10883&charge=3&value=sp|Q15233|NONO_HUMAN,9,/core/www/modules/match_peptides/blast_html4.php?run_id=110202&search_id=114132&scans_id=110198&peptide_id=1862&scanf=10883&charge=3&value=9,R.RMEELHNQEVQK.R,/core/www/modules/show_out/show_out_wrapper.php?run_id=110202&search_id=114132&scans_id=110198&peptide_id=1862&scanf=10883&charge=3&value=R.RMEELHNQEVQK.R,NONO,2.027e+7,3.272,0.002,2.811,0.000
10885,2,"  1.622","  0.224",7/12,/core/www/modules//sdig/index.php?run_id=110202&search_id=114132&scans_id=110198&peptide_id=1864&scanf=10885&charge=2&value=7/12,sp|P51531|SMCA2_HUMAN,/core/www/modules//consensus/?run_id=110202&search_id=114132&scans_id=110198&peptide_id=1864&scanf=10885&charge=2&value=sp|P51531|SMCA2_HUMAN,22,/core/www/modules/match_peptides/blast_html4.php?run_id=110202&search_id=114132&scans_id=110198&peptide_id=1864&scanf=10885&charge=2&value=22,K.LSPNPPK.L,/core/www/modules/show_out/show_out_wrapper.php?run_id=110202&search_id=114132&scans_id=110198&peptide_id=1864&scanf=10885&charge=2&value=K.LSPNPPK.L,SMARCA2,1.003e+7,2.632,0.014,1.867,0.000
10890,2,"  1.426","  0.156",9/18,/core/www/modules//sdig/index.php?run_id=110202&search_id=114132&scans_id=110198&peptide_id=1869&scanf=10890&charge=2&value=9/18,sp|P35579|MYH9_HUMAN,/core/www/modules//consensus/?run_id=110202&search_id=114132&scans_id=110198&peptide_id=1869&scanf=10890&charge=2&value=sp|P35579|MYH9_HUMAN,1,/core/www/modules/match_peptides/blast_html4.php?run_id=110202&search_id=114132&scans_id=110198&peptide_id=1869&scanf=10890&charge=2&value=1,R.EQLEEEEEAK.H,/core/www/modules/show_out/show_out_wrapper.php?run_id=110202&search_id=114132&scans_id=110198&peptide_id=1869&scanf=10890&charge=2&value=R.EQLEEEEEAK.H,MYH9,3.116e+6,2.066,0.087,1.061,0.004
10904,3,"  2.368","  0.428",14/48,/core/www/modules//sdig/index.php?run_id=110202&search_id=114132&scans_id=110198&peptide_id=1883&scanf=10904&charge=3&value=14/48,sp|P18124|RL7_HUMAN,/core/www/modules//consensus/?run_id=110202&search_id=114132&scans_id=110198&peptide_id=1883&scanf=10904&charge=3&value=sp|P18124|RL7_HUMAN,1,/core/www/modules/match_peptides/blast_html4.php?run_id=110202&search_id=114132&scans_id=110198&peptide_id=1883&scanf=10904&charge=3&value=1,K.TTHFVEGGDAGNR.E,/core/www/modules/show_out/show_out_wrapper.php?run_id=110202&search_id=114132&scans_id=110198&peptide_id=1883&scanf=10904&charge=3&value=K.TTHFVEGGDAGNR.E,RPL7,2.791e+7,2.975,0.004,2.371,0.000
10915,2,"  3.715","  0.641",14/28,/core/www/modules//sdig/index.php?run_id=110202&search_id=114132&scans_id=110198&peptide_id=1895&scanf=10915&charge=2&value=14/28,sp|Q7Z2W4|ZCCHV_HUMAN,/core/www/modules//consensus/?run_id=110202&search_id=114132&scans_id=110198&peptide_id=1895&scanf=10915&charge=2&value=sp|Q7Z2W4|ZCCHV_HUMAN,2,/core/www/modules/match_peptides/blast_html4.php?run_id=110202&search_id=114132&scans_id=110198&peptide_id=1895&scanf=10915&charge=2&value=2,K.ATDLGGTSQAGTSQR.F,/core/www/modules/show_out/show_out_wrapper.php?run_id=110202&search_id=114132&scans_id=110198&peptide_id=1895&scanf=10915&charge=2&value=K.ATDLGGTSQAGTSQR.F,ZC3HAV1,1.558e+6,3.422,0.001,3.033,0.000
10926,2,"  3.248","  0.561",12/18,/core/www/modules//sdig/index.php?run_id=110202&search_id=114132&scans_id=110198&peptide_id=1906&scanf=10926&charge=2&value=12/18,sp|P13639|EF2_HUMAN,/core/www/modules//consensus/?run_id=110202&search_id=114132&scans_id=110198&peptide_id=1906&scanf=10926&charge=2&value=sp|P13639|EF2_HUMAN,0,/core/www/modules/match_peptides/blast_html4.php?run_id=110202&search_id=114132&scans_id=110198&peptide_id=1906&scanf=10926&charge=2&value=0,K.GEGQLGPAER.A,/core/www/modules/show_out/show_out_wrapper.php?run_id=110202&search_id=114132&scans_id=110198&peptide_id=1906&scanf=10926&charge=2&value=K.GEGQLGPAER.A,EEF2,1.261e+7,3.651,0.000,3.372,0.000
10929,2,"  2.554","  0.436",12/18,/core/www/modules//sdig/index.php?run_id=110202&search_id=114132&scans_id=110198&peptide_id=1909&scanf=10929&charge=2&value=12/18,sp|P09382|LEG1_HUMAN,/core/www/modules//consensus/?run_id=110202&search_id=114132&scans_id=110198&peptide_id=1909&scanf=10929&charge=2&value=sp|P09382|LEG1_HUMAN,0,/core/www/modules/match_peptides/blast_html4.php?run_id=110202&search_id=114132&scans_id=110198&peptide_id=1909&scanf=10929&charge=2&value=0,K.DGGAWGTEQR.E,/core/www/modules/show_out/show_out_wrapper.php?run_id=110202&search_id=114132&scans_id=110198&peptide_id=1909&scanf=10929&charge=2&value=K.DGGAWGTEQR.E,LGALS1,2.617e+7,3.189,0.002,2.688,0.000
10933,2,"  2.501","  0.519",14/24,/core/www/modules//sdig/index.php?run_id=110202&search_id=114132&scans_id=110198&peptide_id=1914&scanf=10933&charge=2&value=14/24,sp|Q9NUL3|STAU2_HUMAN,/core/www/modules//consensus/?run_id=110202&search_id=114132&scans_id=110198&peptide_id=1914&scanf=10933&charge=2&value=sp|Q9NUL3|STAU2_HUMAN,5,/core/www/modules/match_peptides/blast_html4.php?run_id=110202&search_id=114132&scans_id=110198&peptide_id=1914&scanf=10933&charge=2&value=5,K.VGNEVATGTGPNK.K,/core/www/modules/show_out/show_out_wrapper.php?run_id=110202&search_id=114132&scans_id=110198&peptide_id=1914&scanf=10933&charge=2&value=K.VGNEVATGTGPNK.K,STAU2,1.527e+6,2.999,0.004,2.406,0.000
10937,2,"  2.376","  0.351",9/16,/core/www/modules//sdig/index.php?run_id=110202&search_id=114132&scans_id=110198&peptide_id=1918&scanf=10937&charge=2&value=9/16,sp|Q8IX12|CCAR1_HUMAN,/core/www/modules//consensus/?run_id=110202&search_id=114132&scans_id=110198&peptide_id=1918&scanf=10937&charge=2&value=sp|Q8IX12|CCAR1_HUMAN,4,/core/www/modules/match_peptides/blast_html4.php?run_id=110202&search_id=114132&scans_id=110198&peptide_id=1918&scanf=10937&charge=2&value=4,R.IVSQPQPAR.R,/core/www/modules/show_out/show_out_wrapper.php?run_id=110202&search_id=114132&scans_id=110198&peptide_id=1918&scanf=10937&charge=2&value=R.IVSQPQPAR.R,CCAR1,6.183e+6,2.752,0.009,2.043,0.000
10950,2,"  2.523","  0.316",11/20,/core/www/modules//sdig/index.php?run_id=110202&search_id=114132&scans_id=110198&peptide_id=1932&scanf=10950&charge=2&value=11/20,sp|Q9GZR7|DDX24_HUMAN,/core/www/modules//consensus/?run_id=110202&search_id=114132&scans_id=110198&peptide_id=1932&scanf=10950&charge=2&value=sp|Q9GZR7|DDX24_HUMAN,1,/core/www/modules/match_peptides/blast_html4.php?run_id=110202&search_id=114132&scans_id=110198&peptide_id=1932&scanf=10950&charge=2&value=1,K.GLEPSQSTAAK.V,/core/www/modules/show_out/show_out_wrapper.php?run_id=110202&search_id=114132&scans_id=110198&peptide_id=1932&scanf=10950&charge=2&value=K.GLEPSQSTAAK.V,DDX24,8.402e+6,2.567,0.017,1.772,0.000
10957,2,"  1.697","  0.270",5/14,/core/www/modules//sdig/index.php?run_id=110202&search_id=114132&scans_id=110198&peptide_id=1939&scanf=10957&charge=2&value=5/14,sp|P49959|MRE11_HUMAN,/core/www/modules//consensus/?run_id=110202&search_id=114132&scans_id=110198&peptide_id=1939&scanf=10957&charge=2&value=sp|P49959|MRE11_HUMAN,1,/core/www/modules/match_peptides/blast_html4.php?run_id=110202&search_id=114132&scans_id=110198&peptide_id=1939&scanf=10957&charge=2&value=1,R.HIDALEDK.I,/core/www/modules/show_out/show_out_wrapper.php?run_id=110202&search_id=114132&scans_id=110198&peptide_id=1939&scanf=10957&charge=2&value=R.HIDALEDK.I,MRE11,8.197e+5,2.214,0.054,1.264,0.002
10959,3,"  3.647","  0.448",12/56,/core/www/modules//sdig/index.php?run_id=110202&search_id=114132&scans_id=110198&peptide_id=1941&scanf=10959&charge=3&value=12/56,sp|Q3B726|RPA43_HUMAN,/core/www/modules//consensus/?run_id=110202&search_id=114132&scans_id=110198&peptide_id=1941&scanf=10959&charge=3&value=sp|Q3B726|RPA43_HUMAN,0,/core/www/modules/match_peptides/blast_html4.php?run_id=110202&search_id=114132&scans_id=110198&peptide_id=1941&scanf=10959&charge=3&value=0,K.KKDPETYEVDSGTTK.L,/core/www/modules/show_out/show_out_wrapper.php?run_id=110202&search_id=114132&scans_id=110198&peptide_id=1941&scanf=10959&charge=3&value=K.KKDPETYEVDSGTTK.L,POLR1F,1.448e+6,2.294,0.042,1.378,0.001
10975,3,"  2.637","  0.313",9/44,/core/www/modules//sdig/index.php?run_id=110202&search_id=114132&scans_id=110198&peptide_id=1958&scanf=10975&charge=3&value=9/44,sp|Q99460|PSMD1_HUMAN,/core/www/modules//consensus/?run_id=110202&search_id=114132&scans_id=110198&peptide_id=1958&scanf=10975&charge=3&value=sp|Q99460|PSMD1_HUMAN,10,/core/www/modules/match_peptides/blast_html4.php?run_id=110202&search_id=114132&scans_id=110198&peptide_id=1958&scanf=10975&charge=3&value=10,K.VINDKHDDVMAK.F,/core/www/modules/show_out/show_out_wrapper.php?run_id=110202&search_id=114132&scans_id=110198&peptide_id=1958&scanf=10975&charge=3&value=K.VINDKHDDVMAK.F,PSMD1,2.073e+6,2.055,0.090,1.046,0.004
10977,2,"  2.600","  0.242",10/18,/core/www/modules//sdig/index.php?run_id=110202&search_id=114132&scans_id=110198&peptide_id=1960&scanf=10977&charge=2&value=10/18,sp|Q969G3|SMCE1_HUMAN,/core/www/modules//consensus/?run_id=110202&search_id=114132&scans_id=110198&peptide_id=1960&scanf=10977&charge=2&value=sp|Q969G3|SMCE1_HUMAN,12,/core/www/modules/match_peptides/blast_html4.php?run_id=110202&search_id=114132&scans_id=110198&peptide_id=1960&scanf=10977&charge=2&value=12,R.AEAALEEESR.Q,/core/www/modules/show_out/show_out_wrapper.php?run_id=110202&search_id=114132&scans_id=110198&peptide_id=1960&scanf=10977&charge=2&value=R.AEAALEEESR.Q,SMARCE1,9.768e+6,2.339,0.036,1.441,0.001
10979,2,"  3.111","  0.604",11/22,/core/www/modules//sdig/index.php?run_id=110202&search_id=114132&scans_id=110198&peptide_id=1962&scanf=10979&charge=2&value=11/22,sp|P49756|RBM25_HUMAN,/core/www/modules//consensus/?run_id=110202&search_id=114132&scans_id=110198&peptide_id=1962&scanf=10979&charge=2&value=sp|P49756|RBM25_HUMAN,0,/core/www/modules/match_peptides/blast_html4.php?run_id=110202&search_id=114132&scans_id=110198&peptide_id=1962&scanf=10979&charge=2&value=0,R.DREEDEEDAYER.R,/core/www/modules/show_out/show_out_wrapper.php?run_id=110202&search_id=114132&scans_id=110198&peptide_id=1962&scanf=10979&charge=2&value=R.DREEDEEDAYER.R,RBM25,2.787e+6,3.155,0.002,2.638,0.000
10980,2,"  1.626","  0.290",7/12,/core/www/modules//sdig/index.php?run_id=110202&search_id=114132&scans_id=110198&peptide_id=1964&scanf=10980&charge=2&value=7/12,sp|O00422|SAP18_HUMAN,/core/www/modules//consensus/?run_id=110202&search_id=114132&scans_id=110198&peptide_id=1964&scanf=10980&charge=2&value=sp|O00422|SAP18_HUMAN,2,/core/www/modules/match_peptides/blast_html4.php?run_id=110202&search_id=114132&scans_id=110198&peptide_id=1964&scanf=10980&charge=2&value=2,K.EVYPEAR.K,/core/www/modules/show_out/show_out_wrapper.php?run_id=110202&search_id=114132&scans_id=110198&peptide_id=1964&scanf=10980&charge=2&value=K.EVYPEAR.K,SAP18,1.758e+7,2.638,0.013,1.875,0.000
10990,2,"  4.474","  0.681",23/24,/core/www/modules//sdig/index.php?run_id=110202&search_id=114132&scans_id=110198&peptide_id=1973&scanf=10990&charge=2&value=23/24,sp|O00422|SAP18_HUMAN,/core/www/modules//consensus/?run_id=110202&search_id=114132&scans_id=110198&peptide_id=1973&scanf=10990&charge=2&value=sp|O00422|SAP18_HUMAN,1,/core/www/modules/match_peptides/blast_html4.php?run_id=110202&search_id=114132&scans_id=110198&peptide_id=1973&scanf=10990&charge=2&value=1,R.KGTDDSMTLQSQK.F,/core/www/modules/show_out/show_out_wrapper.php?run_id=110202&search_id=114132&scans_id=110198&peptide_id=1973&scanf=10990&charge=2&value=R.KGTDDSMTLQSQK.F,SAP18,8.757e+6,4.150,0.000,4.111,0.000
10992,2,"  3.274","  0.716",18/22,/core/www/modules//sdig/index.php?run_id=110202&search_id=114132&scans_id=110198&peptide_id=1975&scanf=10992&charge=2&value=18/22,sp|Q8TDN6|BRX1_HUMAN,/core/www/modules//consensus/?run_id=110202&search_id=114132&scans_id=110198&peptide_id=1975&scanf=10992&charge=2&value=sp|Q8TDN6|BRX1_HUMAN,0,/core/www/modules/match_peptides/blast_html4.php?run_id=110202&search_id=114132&scans_id=110198&peptide_id=1975&scanf=10992&charge=2&value=0,R.HATAEEVEEEER.D,/core/www/modules/show_out/show_out_wrapper.php?run_id=110202&search_id=114132&scans_id=110198&peptide_id=1975&scanf=10992&charge=2&value=R.HATAEEVEEEER.D,BRIX1,7.739e+6,4.197,0.000,4.182,0.000
10996,2,"  1.886","  0.362",7/12,/core/www/modules//sdig/index.php?run_id=110202&search_id=114132&scans_id=110198&peptide_id=1979&scanf=10996&charge=2&value=7/12,sp|Q07666|KHDR1_HUMAN,/core/www/modules//consensus/?run_id=110202&search_id=114132&scans_id=110198&peptide_id=1979&scanf=10996&charge=2&value=sp|Q07666|KHDR1_HUMAN,0,/core/www/modules/match_peptides/blast_html4.php?run_id=110202&search_id=114132&scans_id=110198&peptide_id=1979&scanf=10996&charge=2&value=0,R.QPPLPHR.S,/core/www/modules/show_out/show_out_wrapper.php?run_id=110202&search_id=114132&scans_id=110198&peptide_id=1979&scanf=10996&charge=2&value=R.QPPLPHR.S,KHDRBS1,1.066e+7,2.835,0.007,2.164,0.000
11001,2,"  2.664","  0.525",9/24,/core/www/modules//sdig/index.php?run_id=110202&search_id=114132&scans_id=110198&peptide_id=1985&scanf=11001&charge=2&value=9/24,sp|Q9NXV6|CARF_HUMAN,/core/www/modules//consensus/?run_id=110202&search_id=114132&scans_id=110198&peptide_id=1985&scanf=11001&charge=2&value=sp|Q9NXV6|CARF_HUMAN,0,/core/www/modules/match_peptides/blast_html4.php?run_id=110202&search_id=114132&scans_id=110198&peptide_id=1985&scanf=11001&charge=2&value=0,K.SSSQTSTSQLPSK.S,/core/www/modules/show_out/show_out_wrapper.php?run_id=110202&search_id=114132&scans_id=110198&peptide_id=1985&scanf=11001&charge=2&value=K.SSSQTSTSQLPSK.S,CDKN2AIP,2.671e+6,2.689,0.011,1.950,0.000
11014,2,"  1.795","  0.177",8/14,/core/www/modules//sdig/index.php?run_id=110202&search_id=114132&scans_id=110198&peptide_id=1998&scanf=11014&charge=2&value=8/14,sp|Q8IXT5|RB12B_HUMAN,/core/www/modules//consensus/?run_id=110202&search_id=114132&scans_id=110198&peptide_id=1998&scanf=11014&charge=2&value=sp|Q8IXT5|RB12B_HUMAN,2,/core/www/modules/match_peptides/blast_html4.php?run_id=110202&search_id=114132&scans_id=110198&peptide_id=1998&scanf=11014&charge=2&value=2,R.RPPEDDFR.H,/core/www/modules/show_out/show_out_wrapper.php?run_id=110202&search_id=114132&scans_id=110198&peptide_id=1998&scanf=11014&charge=2&value=R.RPPEDDFR.H,RBM12B,7.611e+6,2.310,0.040,1.401,0.001
11016,4,"  2.426","  0.222",9/90,/core/www/modules//sdig/index.php?run_id=110202&search_id=114132&scans_id=110198&peptide_id=2000&scanf=11016&charge=4&value=9/90,sp|Q7Z7B0|FLIP1_HUMAN,/core/www/modules//consensus/?run_id=110202&search_id=114132&scans_id=110198&peptide_id=2000&scanf=11016&charge=4&value=sp|Q7Z7B0|FLIP1_HUMAN,1,/core/www/modules/match_peptides/blast_html4.php?run_id=110202&search_id=114132&scans_id=110198&peptide_id=2000&scanf=11016&charge=4&value=1,K.AGKPVVAAPGAGNLTK.F,/core/www/modules/show_out/show_out_wrapper.php?run_id=110202&search_id=114132&scans_id=110198&peptide_id=2000&scanf=11016&charge=4&value=K.AGKPVVAAPGAGNLTK.F,FILIP1,8.505e+5,2.093,0.080,1.097,0.003
11028,2,"  1.640","  0.343",10/30,/core/www/modules//sdig/index.php?run_id=110202&search_id=114132&scans_id=110198&peptide_id=2013&scanf=11028&charge=2&value=10/30,sp|Q9UKV3|ACINU_HUMAN,/core/www/modules//consensus/?run_id=110202&search_id=114132&scans_id=110198&peptide_id=2013&scanf=11028&charge=2&value=sp|Q9UKV3|ACINU_HUMAN,4,/core/www/modules/match_peptides/blast_html4.php?run_id=110202&search_id=114132&scans_id=110198&peptide_id=2013&scanf=11028&charge=2&value=4,K.GVPAGNSDTEGGQPGR.K,/core/www/modules/show_out/show_out_wrapper.php?run_id=110202&search_id=114132&scans_id=110198&peptide_id=2013&scanf=11028&charge=2&value=K.GVPAGNSDTEGGQPGR.K,ACIN1,8.229e+6,2.072,0.085,1.069,0.003
11034,3,"  1.986","  0.227",10/40,/core/www/modules//sdig/index.php?run_id=110202&search_id=114132&scans_id=110198&peptide_id=2019&scanf=11034&charge=3&value=10/40,sp|P50552|VASP_HUMAN,/core/www/modules//consensus/?run_id=110202&search_id=114132&scans_id=110198&peptide_id=2019&scanf=11034&charge=3&value=sp|P50552|VASP_HUMAN,1,/core/www/modules/match_peptides/blast_html4.php?run_id=110202&search_id=114132&scans_id=110198&peptide_id=2019&scanf=11034&charge=3&value=1,R.QQPGPSEHIER.R,/core/www/modules/show_out/show_out_wrapper.php?run_id=110202&search_id=114132&scans_id=110198&peptide_id=2019&scanf=11034&charge=3&value=R.QQPGPSEHIER.R,VASP,6.130e+6,2.255,0.048,1.323,0.002
11035,2,"  2.956","  0.628",15/26,/core/www/modules//sdig/index.php?run_id=110202&search_id=114132&scans_id=110198&peptide_id=2020&scanf=11035&charge=2&value=15/26,sp|Q9GZR7|DDX24_HUMAN,/core/www/modules//consensus/?run_id=110202&search_id=114132&scans_id=110198&peptide_id=2020&scanf=11035&charge=2&value=sp|Q9GZR7|DDX24_HUMAN,1,/core/www/modules/match_peptides/blast_html4.php?run_id=110202&search_id=114132&scans_id=110198&peptide_id=2020&scanf=11035&charge=2&value=1,K.AQAVSEEEEEEEGK.S,/core/www/modules/show_out/show_out_wrapper.php?run_id=110202&search_id=114132&scans_id=110198&peptide_id=2020&scanf=11035&charge=2&value=K.AQAVSEEEEEEEGK.S,DDX24,1.732e+6,3.613,0.000,3.316,0.000
11037,3,"  1.904","  0.198",15/56,/core/www/modules//sdig/index.php?run_id=110202&search_id=114132&scans_id=110198&peptide_id=2022&scanf=11037&charge=3&value=15/56,sp|Q8N9T8|KRI1_HUMAN,/core/www/modules//consensus/?run_id=110202&search_id=114132&scans_id=110198&peptide_id=2022&scanf=11037&charge=3&value=sp|Q8N9T8|KRI1_HUMAN,1,/core/www/modules/match_peptides/blast_html4.php?run_id=110202&search_id=114132&scans_id=110198&peptide_id=2022&scanf=11037&charge=3&value=1,R.EEAETPAEATGKPQR.D,/core/www/modules/show_out/show_out_wrapper.php?run_id=110202&search_id=114132&scans_id=110198&peptide_id=2022&scanf=11037&charge=3&value=R.EEAETPAEATGKPQR.D,KRI1,7.248e+6,2.067,0.087,1.061,0.004
11051,4,"  5.041","  0.600",22/84,/core/www/modules//sdig/index.php?run_id=110202&search_id=114132&scans_id=110198&peptide_id=2037&scanf=11051&charge=4&value=22/84,sp|P51991|ROA3_HUMAN,/core/www/modules//consensus/?run_id=110202&search_id=114132&scans_id=110198&peptide_id=2037&scanf=11051&charge=4&value=sp|P51991|ROA3_HUMAN,4,/core/www/modules/match_peptides/blast_html4.php?run_id=110202&search_id=114132&scans_id=110198&peptide_id=2037&scanf=11051&charge=4&value=4,R.RGEEGHDPKEPEQLR.K,/core/www/modules/show_out/show_out_wrapper.php?run_id=110202&search_id=114132&scans_id=110198&peptide_id=2037&scanf=11051&charge=4&value=R.RGEEGHDPKEPEQLR.K,HNRNPA3,9.372e+7,3.448,0.001,3.071,0.000
11052,2,"  1.679","  0.142",8/12,/core/www/modules//sdig/index.php?run_id=110202&search_id=114132&scans_id=110198&peptide_id=2038&scanf=11052&charge=2&value=8/12,sp|Q13151|ROA0_HUMAN,/core/www/modules//consensus/?run_id=110202&search_id=114132&scans_id=110198&peptide_id=2038&scanf=11052&charge=2&value=sp|Q13151|ROA0_HUMAN,0,/core/www/modules/match_peptides/blast_html4.php?run_id=110202&search_id=114132&scans_id=110198&peptide_id=2038&scanf=11052&charge=2&value=0,K.AEIIADK.Q,/core/www/modules/show_out/show_out_wrapper.php?run_id=110202&search_id=114132&scans_id=110198&peptide_id=2038&scanf=11052&charge=2&value=K.AEIIADK.Q,HNRNPA0,3.732e+7,2.272,0.045,1.347,0.002
11057,2,"  2.410","  0.557",13/26,/core/www/modules//sdig/index.php?run_id=110202&search_id=114132&scans_id=110198&peptide_id=2043&scanf=11057&charge=2&value=13/26,sp|Q8N6T3|ARFG1_HUMAN,/core/www/modules//consensus/?run_id=110202&search_id=114132&scans_id=110198&peptide_id=2043&scanf=11057&charge=2&value=sp|Q8N6T3|ARFG1_HUMAN,4,/core/www/modules/match_peptides/blast_html4.php?run_id=110202&search_id=114132&scans_id=110198&peptide_id=2043&scanf=11057&charge=2&value=4,R.VSGQPQSVTASSDK.A,/core/www/modules/show_out/show_out_wrapper.php?run_id=110202&search_id=114132&scans_id=110198&peptide_id=2043&scanf=11057&charge=2&value=R.VSGQPQSVTASSDK.A,ARFGAP1,9.221e+5,3.065,0.003,2.503,0.000
11059,3,"  2.718","  0.325",9/68,/core/www/modules//sdig/index.php?run_id=110202&search_id=114132&scans_id=110198&peptide_id=2045&scanf=11059&charge=3&value=9/68,sp|P07814|SYEP_HUMAN,/core/www/modules//consensus/?run_id=110202&search_id=114132&scans_id=110198&peptide_id=2045&scanf=11059&charge=3&value=sp|P07814|SYEP_HUMAN,0,/core/www/modules/match_peptides/blast_html4.php?run_id=110202&search_id=114132&scans_id=110198&peptide_id=2045&scanf=11059&charge=3&value=0,K.NQGGGLSSSGAGEGQGPK.K,/core/www/modules/show_out/show_out_wrapper.php?run_id=110202&search_id=114132&scans_id=110198&peptide_id=2045&scanf=11059&charge=3&value=K.NQGGGLSSSGAGEGQGPK.K,EPRS1,8.780e+5,2.274,0.045,1.349,0.002
11061,3,"  2.414","  0.197",18/56,/core/www/modules//sdig/index.php?run_id=110202&search_id=114132&scans_id=110198&peptide_id=2048&scanf=11061&charge=3&value=18/56,sp|Q8N9T8|KRI1_HUMAN,/core/www/modules//consensus/?run_id=110202&search_id=114132&scans_id=110198&peptide_id=2048&scanf=11061&charge=3&value=sp|Q8N9T8|KRI1_HUMAN,1,/core/www/modules/match_peptides/blast_html4.php?run_id=110202&search_id=114132&scans_id=110198&peptide_id=2048&scanf=11061&charge=3&value=1,R.EEAETPAEATGKPQR.D,/core/www/modules/show_out/show_out_wrapper.php?run_id=110202&search_id=114132&scans_id=110198&peptide_id=2048&scanf=11061&charge=3&value=R.EEAETPAEATGKPQR.D,KRI1,7.248e+6,2.163,0.064,1.194,0.002
11065,2,"  2.378","  0.368",9/18,/core/www/modules//sdig/index.php?run_id=110202&search_id=114132&scans_id=110198&peptide_id=2052&scanf=11065&charge=2&value=9/18,sp|P35579|MYH9_HUMAN,/core/www/modules//consensus/?run_id=110202&search_id=114132&scans_id=110198&peptide_id=2052&scanf=11065&charge=2&value=sp|P35579|MYH9_HUMAN,1,/core/www/modules/match_peptides/blast_html4.php?run_id=110202&search_id=114132&scans_id=110198&peptide_id=2052&scanf=11065&charge=2&value=1,R.EQLEEEEEAK.H,/core/www/modules/show_out/show_out_wrapper.php?run_id=110202&search_id=114132&scans_id=110198&peptide_id=2052&scanf=11065&charge=2&value=R.EQLEEEEEAK.H,MYH9,3.116e+6,2.801,0.008,2.115,0.000
11072,2,"  1.679","  0.227",7/12,/core/www/modules//sdig/index.php?run_id=110202&search_id=114132&scans_id=110198&peptide_id=2059&scanf=11072&charge=2&value=7/12,sp|O60814|H2B1K_HUMAN,/core/www/modules//consensus/?run_id=110202&search_id=114132&scans_id=110198&peptide_id=2059&scanf=11072&charge=2&value=sp|O60814|H2B1K_HUMAN,14,/core/www/modules/match_peptides/blast_html4.php?run_id=110202&search_id=114132&scans_id=110198&peptide_id=2059&scanf=11072&charge=2&value=14,R.EIQTAVR.L,/core/www/modules/show_out/show_out_wrapper.php?run_id=110202&search_id=114132&scans_id=110198&peptide_id=2059&scanf=11072&charge=2&value=R.EIQTAVR.L,H2BC12,9.055e+8,2.601,0.015,1.821,0.000
11076,3,"  4.263","  0.619",19/60,/core/www/modules//sdig/index.php?run_id=110202&search_id=114132&scans_id=110198&peptide_id=2063&scanf=11076&charge=3&value=19/60,sp|Q92522|H1X_HUMAN,/core/www/modules//consensus/?run_id=110202&search_id=114132&scans_id=110198&peptide_id=2063&scanf=11076&charge=3&value=sp|Q92522|H1X_HUMAN,0,/core/www/modules/match_peptides/blast_html4.php?run_id=110202&search_id=114132&scans_id=110198&peptide_id=2063&scanf=11076&charge=3&value=0,R.RGAPAAATAPAPTAHK.A,/core/www/modules/show_out/show_out_wrapper.php?run_id=110202&search_id=114132&scans_id=110198&peptide_id=2063&scanf=11076&charge=3&value=R.RGAPAAATAPAPTAHK.A,H1-10,1.375e+7,3.301,0.001,2.854,0.000
11083,2,"  3.004","  0.696",15/24,/core/www/modules//sdig/index.php?run_id=110202&search_id=114132&scans_id=110198&peptide_id=2071&scanf=11083&charge=2&value=15/24,sp|O60306|AQR_HUMAN,/core/www/modules//consensus/?run_id=110202&search_id=114132&scans_id=110198&peptide_id=2071&scanf=11083&charge=2&value=sp|O60306|AQR_HUMAN,0,/core/www/modules/match_peptides/blast_html4.php?run_id=110202&search_id=114132&scans_id=110198&peptide_id=2071&scanf=11083&charge=2&value=0,K.DADVEDEDTEEAK.T,/core/www/modules/show_out/show_out_wrapper.php?run_id=110202&search_id=114132&scans_id=110198&peptide_id=2071&scanf=11083&charge=2&value=K.DADVEDEDTEEAK.T,AQR,1.304e+6,3.828,0.000,3.634,0.000
11093,2,"  1.401","  0.215",8/12,/core/www/modules//sdig/index.php?run_id=110202&search_id=114132&scans_id=110198&peptide_id=2081&scanf=11093&charge=2&value=8/12,sp|O00422|SAP18_HUMAN,/core/www/modules//consensus/?run_id=110202&search_id=114132&scans_id=110198&peptide_id=2081&scanf=11093&charge=2&value=sp|O00422|SAP18_HUMAN,2,/core/www/modules/match_peptides/blast_html4.php?run_id=110202&search_id=114132&scans_id=110198&peptide_id=2081&scanf=11093&charge=2&value=2,K.EVYPEAR.K,/core/www/modules/show_out/show_out_wrapper.php?run_id=110202&search_id=114132&scans_id=110198&peptide_id=2081&scanf=11093&charge=2&value=K.EVYPEAR.K,SAP18,1.758e+7,2.525,0.019,1.711,0.000
11096,2,"  1.839","  0.181",9/16,/core/www/modules//sdig/index.php?run_id=110202&search_id=114132&scans_id=110198&peptide_id=2084&scanf=11096&charge=2&value=9/16,sp|Q08211|DHX9_HUMAN,/core/www/modules//consensus/?run_id=110202&search_id=114132&scans_id=110198&peptide_id=2084&scanf=11096&charge=2&value=sp|Q08211|DHX9_HUMAN,0,/core/www/modules/match_peptides/blast_html4.php?run_id=110202&search_id=114132&scans_id=110198&peptide_id=2084&scanf=11096&charge=2&value=0,R.M*GGEEAEIR.F,/core/www/modules/show_out/show_out_wrapper.php?run_id=110202&search_id=114132&scans_id=110198&peptide_id=2084&scanf=11096&charge=2&value=R.M*GGEEAEIR.F,DHX9,3.992e+6,2.447,0.025,1.597,0.001
11098,2,"  1.829","  0.109",8/12,/core/www/modules//sdig/index.php?run_id=110202&search_id=114132&scans_id=110198&peptide_id=2086&scanf=11098&charge=2&value=8/12,sp|Q15020|SART3_HUMAN,/core/www/modules//consensus/?run_id=110202&search_id=114132&scans_id=110198&peptide_id=2086&scanf=11098&charge=2&value=sp|Q15020|SART3_HUMAN,3,/core/www/modules/match_peptides/blast_html4.php?run_id=110202&search_id=114132&scans_id=110198&peptide_id=2086&scanf=11098&charge=2&value=3,R.LEGELTK.V,/core/www/modules/show_out/show_out_wrapper.php?run_id=110202&search_id=114132&scans_id=110198&peptide_id=2086&scanf=11098&charge=2&value=R.LEGELTK.V,SART3,3.627e+6,2.183,0.060,1.221,0.002
11100,2,"  3.171","  0.548",12/24,/core/www/modules//sdig/index.php?run_id=110202&search_id=114132&scans_id=110198&peptide_id=2089&scanf=11100&charge=2&value=12/24,sp|Q9NXV6|CARF_HUMAN,/core/www/modules//consensus/?run_id=110202&search_id=114132&scans_id=110198&peptide_id=2089&scanf=11100&charge=2&value=sp|Q9NXV6|CARF_HUMAN,0,/core/www/modules/match_peptides/blast_html4.php?run_id=110202&search_id=114132&scans_id=110198&peptide_id=2089&scanf=11100&charge=2&value=0,K.SSSQTSTSQLPSK.S,/core/www/modules/show_out/show_out_wrapper.php?run_id=110202&search_id=114132&scans_id=110198&peptide_id=2089&scanf=11100&charge=2&value=K.SSSQTSTSQLPSK.S,CDKN2AIP,2.671e+6,3.053,0.003,2.486,0.000
11106,2,"  3.238","  0.674",14/24,/core/www/modules//sdig/index.php?run_id=110202&search_id=114132&scans_id=110198&peptide_id=2095&scanf=11106&charge=2&value=14/24,sp|P46100|ATRX_HUMAN,/core/www/modules//consensus/?run_id=110202&search_id=114132&scans_id=110198&peptide_id=2095&scanf=11106&charge=2&value=sp|P46100|ATRX_HUMAN,3,/core/www/modules/match_peptides/blast_html4.php?run_id=110202&search_id=114132&scans_id=110198&peptide_id=2095&scanf=11106&charge=2&value=3,K.QATDNSEISSATK.L,/core/www/modules/show_out/show_out_wrapper.php?run_id=110202&search_id=114132&scans_id=110198&peptide_id=2095&scanf=11106&charge=2&value=K.QATDNSEISSATK.L,ATRX,1.179e+6,3.768,0.000,3.546,0.000
11109,2,"  2.672","  0.600",14/30,/core/www/modules//sdig/index.php?run_id=110202&search_id=114132&scans_id=110198&peptide_id=2098&scanf=11109&charge=2&value=14/30,sp|Q9UKV3|ACINU_HUMAN,/core/www/modules//consensus/?run_id=110202&search_id=114132&scans_id=110198&peptide_id=2098&scanf=11109&charge=2&value=sp|Q9UKV3|ACINU_HUMAN,4,/core/www/modules/match_peptides/blast_html4.php?run_id=110202&search_id=114132&scans_id=110198&peptide_id=2098&scanf=11109&charge=2&value=4,K.GVPAGNSDTEGGQPGR.K,/core/www/modules/show_out/show_out_wrapper.php?run_id=110202&search_id=114132&scans_id=110198&peptide_id=2098&scanf=11109&charge=2&value=K.GVPAGNSDTEGGQPGR.K,ACIN1,8.229e+6,3.189,0.002,2.688,0.000
11114,2,"  2.489","  0.683",12/20,/core/www/modules//sdig/index.php?run_id=110202&search_id=114132&scans_id=110198&peptide_id=2103&scanf=11114&charge=2&value=12/20,sp|P60709|ACTB_HUMAN,/core/www/modules//consensus/?run_id=110202&search_id=114132&scans_id=110198&peptide_id=2103&scanf=11114&charge=2&value=sp|P60709|ACTB_HUMAN,27,/core/www/modules/match_peptides/blast_html4.php?run_id=110202&search_id=114132&scans_id=110198&peptide_id=2103&scanf=11114&charge=2&value=27,K.DSYVGDEAQSK.R,/core/www/modules/show_out/show_out_wrapper.php?run_id=110202&search_id=114132&scans_id=110198&peptide_id=2103&scanf=11114&charge=2&value=K.DSYVGDEAQSK.R,ACTB,4.302e+8,4.383,0.000,4.457,0.000
11118,2,"  2.000","  0.279",7/20,/core/www/modules//sdig/index.php?run_id=110202&search_id=114132&scans_id=110198&peptide_id=2107&scanf=11118&charge=2&value=7/20,sp|P60709|ACTB_HUMAN,/core/www/modules//consensus/?run_id=110202&search_id=114132&scans_id=110198&peptide_id=2107&scanf=11118&charge=2&value=sp|P60709|ACTB_HUMAN,26,/core/www/modules/match_peptides/blast_html4.php?run_id=110202&search_id=114132&scans_id=110198&peptide_id=2107&scanf=11118&charge=2&value=26,R.HQGVM*VGM*GQK.D,/core/www/modules/show_out/show_out_wrapper.php?run_id=110202&search_id=114132&scans_id=110198&peptide_id=2107&scanf=11118&charge=2&value=R.HQGVM*VGM*GQK.D,ACTB,2.626e+6,2.646,0.013,1.887,0.000
11126,2,"  2.958","  0.460",10/24,/core/www/modules//sdig/index.php?run_id=110202&search_id=114132&scans_id=110198&peptide_id=2116&scanf=11126&charge=2&value=10/24,sp|O00422|SAP18_HUMAN,/core/www/modules//consensus/?run_id=110202&search_id=114132&scans_id=110198&peptide_id=2116&scanf=11126&charge=2&value=sp|O00422|SAP18_HUMAN,1,/core/www/modules/match_peptides/blast_html4.php?run_id=110202&search_id=114132&scans_id=110198&peptide_id=2116&scanf=11126&charge=2&value=1,R.KGTDDSM*TLQSQK.F,/core/www/modules/show_out/show_out_wrapper.php?run_id=110202&search_id=114132&scans_id=110198&peptide_id=2116&scanf=11126&charge=2&value=R.KGTDDSM*TLQSQK.F,SAP18,1.537e+6,2.463,0.024,1.620,0.001
11127,2,"  2.648","  0.558",13/22,/core/www/modules//sdig/index.php?run_id=110202&search_id=114132&scans_id=110198&peptide_id=2117&scanf=11127&charge=2&value=13/22,sp|Q92922|SMRC1_HUMAN,/core/www/modules//consensus/?run_id=110202&search_id=114132&scans_id=110198&peptide_id=2117&scanf=11127&charge=2&value=sp|Q92922|SMRC1_HUMAN,0,/core/www/modules/match_peptides/blast_html4.php?run_id=110202&search_id=114132&scans_id=110198&peptide_id=2117&scanf=11127&charge=2&value=0,K.MEADPDGQQPEK.A,/core/www/modules/show_out/show_out_wrapper.php?run_id=110202&search_id=114132&scans_id=110198&peptide_id=2117&scanf=11127&charge=2&value=K.MEADPDGQQPEK.A,SMARCC1,3.547e+6,3.406,0.001,3.008,0.000
11128,2,"  2.802","  0.463",12/24,/core/www/modules//sdig/index.php?run_id=110202&search_id=114132&scans_id=110198&peptide_id=2118&scanf=11128&charge=2&value=12/24,sp|P38159|RBMX_HUMAN,/core/www/modules//consensus/?run_id=110202&search_id=114132&scans_id=110198&peptide_id=2118&scanf=11128&charge=2&value=sp|P38159|RBMX_HUMAN,2,/core/www/modules/match_peptides/blast_html4.php?run_id=110202&search_id=114132&scans_id=110198&peptide_id=2118&scanf=11128&charge=2&value=2,K.VEQATKPSFESGR.R,/core/www/modules/show_out/show_out_wrapper.php?run_id=110202&search_id=114132&scans_id=110198&peptide_id=2118&scanf=11128&charge=2&value=K.VEQATKPSFESGR.R,RBMX,8.478e+5,3.008,0.004,2.420,0.000
11138,2,"  1.950","  0.297",9/16,/core/www/modules//sdig/index.php?run_id=110202&search_id=114132&scans_id=110198&peptide_id=2128&scanf=11138&charge=2&value=9/16,sp|O75643|U520_HUMAN,/core/www/modules//consensus/?run_id=110202&search_id=114132&scans_id=110198&peptide_id=2128&scanf=11138&charge=2&value=sp|O75643|U520_HUMAN,1,/core/www/modules/match_peptides/blast_html4.php?run_id=110202&search_id=114132&scans_id=110198&peptide_id=2128&scanf=11138&charge=2&value=1,K.GTQVYSPEK.G,/core/www/modules/show_out/show_out_wrapper.php?run_id=110202&search_id=114132&scans_id=110198&peptide_id=2128&scanf=11138&charge=2&value=K.GTQVYSPEK.G,SNRNP200,8.122e+6,2.812,0.007,2.131,0.000
11139,2,"  1.676","  0.200",9/12,/core/www/modules//sdig/index.php?run_id=110202&search_id=114132&scans_id=110198&peptide_id=2129&scanf=11139&charge=2&value=9/12,sp|P39023|RL3_HUMAN,/core/www/modules//consensus/?run_id=110202&search_id=114132&scans_id=110198&peptide_id=2129&scanf=11139&charge=2&value=sp|P39023|RL3_HUMAN,1,/core/www/modules/match_peptides/blast_html4.php?run_id=110202&search_id=114132&scans_id=110198&peptide_id=2129&scanf=11139&charge=2&value=1,R.FQTMEEK.K,/core/www/modules/show_out/show_out_wrapper.php?run_id=110202&search_id=114132&scans_id=110198&peptide_id=2129&scanf=11139&charge=2&value=R.FQTMEEK.K,RPL3,4.269e+7,2.647,0.013,1.889,0.000
11140,2,"  1.449","  0.195",7/14,/core/www/modules//sdig/index.php?run_id=110202&search_id=114132&scans_id=110198&peptide_id=2131&scanf=11140&charge=2&value=7/14,sp|Q5SY16|NOL9_HUMAN,/core/www/modules//consensus/?run_id=110202&search_id=114132&scans_id=110198&peptide_id=2131&scanf=11140&charge=2&value=sp|Q5SY16|NOL9_HUMAN,0,/core/www/modules/match_peptides/blast_html4.php?run_id=110202&search_id=114132&scans_id=110198&peptide_id=2131&scanf=11140&charge=2&value=0,K.SHLNLDDR.R,/core/www/modules/show_out/show_out_wrapper.php?run_id=110202&search_id=114132&scans_id=110198&peptide_id=2131&scanf=11140&charge=2&value=K.SHLNLDDR.R,NOL9,2.694e+6,2.133,0.070,1.152,0.002
11141,2,"  1.851","  0.182",8/18,/core/www/modules//sdig/index.php?run_id=110202&search_id=114132&scans_id=110198&peptide_id=2132&scanf=11141&charge=2&value=8/18,sp|P08238|HS90B_HUMAN,/core/www/modules//consensus/?run_id=110202&search_id=114132&scans_id=110198&peptide_id=2132&scanf=11141&charge=2&value=sp|P08238|HS90B_HUMAN,0,/core/www/modules/match_peptides/blast_html4.php?run_id=110202&search_id=114132&scans_id=110198&peptide_id=2132&scanf=11141&charge=2&value=0,K.LGIHEDSTNR.R,/core/www/modules/show_out/show_out_wrapper.php?run_id=110202&search_id=114132&scans_id=110198&peptide_id=2132&scanf=11141&charge=2&value=K.LGIHEDSTNR.R,HSP90AB1,1.527e+7,2.015,0.102,0.992,0.005
11157,2,"  3.030","  0.463",11/18,/core/www/modules//sdig/index.php?run_id=110202&search_id=114132&scans_id=110198&peptide_id=2148&scanf=11157&charge=2&value=11/18,sp|Q16643|DREB_HUMAN,/core/www/modules//consensus/?run_id=110202&search_id=114132&scans_id=110198&peptide_id=2148&scanf=11157&charge=2&value=sp|Q16643|DREB_HUMAN,1,/core/www/modules/match_peptides/blast_html4.php?run_id=110202&search_id=114132&scans_id=110198&peptide_id=2148&scanf=11157&charge=2&value=1,K.QQTLEAEEAK.R,/core/www/modules/show_out/show_out_wrapper.php?run_id=110202&search_id=114132&scans_id=110198&peptide_id=2148&scanf=11157&charge=2&value=K.QQTLEAEEAK.R,DBN1,2.238e+7,3.291,0.001,2.839,0.000
11165,2,"  2.333","  0.289",10/18,/core/www/modules//sdig/index.php?run_id=110202&search_id=114132&scans_id=110198&peptide_id=2156&scanf=11165&charge=2&value=10/18,sp|Q9BXP5|SRRT_HUMAN,/core/www/modules//consensus/?run_id=110202&search_id=114132&scans_id=110198&peptide_id=2156&scanf=11165&charge=2&value=sp|Q9BXP5|SRRT_HUMAN,0,/core/www/modules/match_peptides/blast_html4.php?run_id=110202&search_id=114132&scans_id=110198&peptide_id=2156&scanf=11165&charge=2&value=0,K.MEGGTENDLR.I,/core/www/modules/show_out/show_out_wrapper.php?run_id=110202&search_id=114132&scans_id=110198&peptide_id=2156&scanf=11165&charge=2&value=K.MEGGTENDLR.I,SRRT,7.562e+6,2.579,0.016,1.789,0.000
11166,2,"  2.409","  0.445",13/24,/core/www/modules//sdig/index.php?run_id=110202&search_id=114132&scans_id=110198&peptide_id=2157&scanf=11166&charge=2&value=13/24,sp|Q8TAQ2|SMRC2_HUMAN,/core/www/modules//consensus/?run_id=110202&search_id=114132&scans_id=110198&peptide_id=2157&scanf=11166&charge=2&value=sp|Q8TAQ2|SMRC2_HUMAN,1,/core/www/modules/match_peptides/blast_html4.php?run_id=110202&search_id=114132&scans_id=110198&peptide_id=2157&scanf=11166&charge=2&value=1,R.EGGGAIEEEAKEK.T,/core/www/modules/show_out/show_out_wrapper.php?run_id=110202&search_id=114132&scans_id=110198&peptide_id=2157&scanf=11166&charge=2&value=R.EGGGAIEEEAKEK.T,SMARCC2,4.267e+6,2.756,0.009,2.048,0.000
11167,2,"  2.318","  0.324",12/32,/core/www/modules//sdig/index.php?run_id=110202&search_id=114132&scans_id=110198&peptide_id=2158&scanf=11167&charge=2&value=12/32,sp|Q8WV44|TRI41_HUMAN,/core/www/modules//consensus/?run_id=110202&search_id=114132&scans_id=110198&peptide_id=2158&scanf=11167&charge=2&value=sp|Q8WV44|TRI41_HUMAN,0,/core/www/modules/match_peptides/blast_html4.php?run_id=110202&search_id=114132&scans_id=110198&peptide_id=2158&scanf=11167&charge=2&value=0,K.VGPGGSSVGSGDASSSR.H,/core/www/modules/show_out/show_out_wrapper.php?run_id=110202&search_id=114132&scans_id=110198&peptide_id=2158&scanf=11167&charge=2&value=K.VGPGGSSVGSGDASSSR.H,TRIM41,2.344e+6,1.966,0.118,0.927,0.005
11177,2,"  1.779","  0.251",9/12,/core/www/modules//sdig/index.php?run_id=110202&search_id=114132&scans_id=110198&peptide_id=2168&scanf=11177&charge=2&value=9/12,sp|P84090|ERH_HUMAN,/core/www/modules//consensus/?run_id=110202&search_id=114132&scans_id=110198&peptide_id=2168&scanf=11177&charge=2&value=sp|P84090|ERH_HUMAN,1,/core/www/modules/match_peptides/blast_html4.php?run_id=110202&search_id=114132&scans_id=110198&peptide_id=2168&scanf=11177&charge=2&value=1,K.MYEEHLK.R,/core/www/modules/show_out/show_out_wrapper.php?run_id=110202&search_id=114132&scans_id=110198&peptide_id=2168&scanf=11177&charge=2&value=K.MYEEHLK.R,ERH,1.181e+7,2.674,0.012,1.928,0.000
11179,3,"  2.881","  0.325",11/36,/core/www/modules//sdig/index.php?run_id=110202&search_id=114132&scans_id=110198&peptide_id=2170&scanf=11179&charge=3&value=11/36,sp|Q92797|SYMPK_HUMAN,/core/www/modules//consensus/?run_id=110202&search_id=114132&scans_id=110198&peptide_id=2170&scanf=11179&charge=3&value=sp|Q92797|SYMPK_HUMAN,2,/core/www/modules/match_peptides/blast_html4.php?run_id=110202&search_id=114132&scans_id=110198&peptide_id=2170&scanf=11179&charge=3&value=2,R.RQEHDISLDR.I,/core/www/modules/show_out/show_out_wrapper.php?run_id=110202&search_id=114132&scans_id=110198&peptide_id=2170&scanf=11179&charge=3&value=R.RQEHDISLDR.I,SYMPK,5.586e+6,2.566,0.017,1.770,0.000
11186,2,"  3.409","  0.598",15/32,/core/www/modules//sdig/index.php?run_id=110202&search_id=114132&scans_id=110198&peptide_id=2178&scanf=11186&charge=2&value=15/32,sp|Q8WV44|TRI41_HUMAN,/core/www/modules//consensus/?run_id=110202&search_id=114132&scans_id=110198&peptide_id=2178&scanf=11186&charge=2&value=sp|Q8WV44|TRI41_HUMAN,0,/core/www/modules/match_peptides/blast_html4.php?run_id=110202&search_id=114132&scans_id=110198&peptide_id=2178&scanf=11186&charge=2&value=0,K.VGPGGSSVGSGDASSSR.H,/core/www/modules/show_out/show_out_wrapper.php?run_id=110202&search_id=114132&scans_id=110198&peptide_id=2178&scanf=11186&charge=2&value=K.VGPGGSSVGSGDASSSR.H,TRIM41,2.344e+6,3.195,0.002,2.697,0.000
11187,2,"  2.426","  0.332",8/14,/core/www/modules//sdig/index.php?run_id=110202&search_id=114132&scans_id=110198&peptide_id=2179&scanf=11187&charge=2&value=8/14,sp|P49959|MRE11_HUMAN,/core/www/modules//consensus/?run_id=110202&search_id=114132&scans_id=110198&peptide_id=2179&scanf=11187&charge=2&value=sp|P49959|MRE11_HUMAN,1,/core/www/modules/match_peptides/blast_html4.php?run_id=110202&search_id=114132&scans_id=110198&peptide_id=2179&scanf=11187&charge=2&value=1,R.HIDALEDK.I,/core/www/modules/show_out/show_out_wrapper.php?run_id=110202&search_id=114132&scans_id=110198&peptide_id=2179&scanf=11187&charge=2&value=R.HIDALEDK.I,MRE11,6.608e+5,2.717,0.010,1.991,0.000
11190,2,"  2.863","  0.581",12/24,/core/www/modules//sdig/index.php?run_id=110202&search_id=114132&scans_id=110198&peptide_id=2183&scanf=11190&charge=2&value=12/24,sp|P18124|RL7_HUMAN,/core/www/modules//consensus/?run_id=110202&search_id=114132&scans_id=110198&peptide_id=2183&scanf=11190&charge=2&value=sp|P18124|RL7_HUMAN,1,/core/www/modules/match_peptides/blast_html4.php?run_id=110202&search_id=114132&scans_id=110198&peptide_id=2183&scanf=11190&charge=2&value=1,K.TTHFVEGGDAGNR.E,/core/www/modules/show_out/show_out_wrapper.php?run_id=110202&search_id=114132&scans_id=110198&peptide_id=2183&scanf=11190&charge=2&value=K.TTHFVEGGDAGNR.E,RPL7,8.963e+6,3.328,0.001,2.893,0.000
11193,2,"  3.273","  0.452",14/20,/core/www/modules//sdig/index.php?run_id=110202&search_id=114132&scans_id=110198&peptide_id=2186&scanf=11193&charge=2&value=14/20,sp|Q14839|CHD4_HUMAN,/core/www/modules//consensus/?run_id=110202&search_id=114132&scans_id=110198&peptide_id=2186&scanf=11193&charge=2&value=sp|Q14839|CHD4_HUMAN,18,/core/www/modules/match_peptides/blast_html4.php?run_id=110202&search_id=114132&scans_id=110198&peptide_id=2186&scanf=11193&charge=2&value=18,K.GAADVEKVEEK.S,/core/www/modules/show_out/show_out_wrapper.php?run_id=110202&search_id=114132&scans_id=110198&peptide_id=2186&scanf=11193&charge=2&value=K.GAADVEKVEEK.S,CHD4,7.842e+6,3.089,0.003,2.540,0.000
11198,2,"  2.260","  0.447",11/14,/core/www/modules//sdig/index.php?run_id=110202&search_id=114132&scans_id=110198&peptide_id=2190&scanf=11198&charge=2&value=11/14,sp|Q9ULV4|COR1C_HUMAN,/core/www/modules//consensus/?run_id=110202&search_id=114132&scans_id=110198&peptide_id=2190&scanf=11198&charge=2&value=sp|Q9ULV4|COR1C_HUMAN,6,/core/www/modules/match_peptides/blast_html4.php?run_id=110202&search_id=114132&scans_id=110198&peptide_id=2190&scanf=11198&charge=2&value=6,R.HVFGQAVK.N,/core/www/modules/show_out/show_out_wrapper.php?run_id=110202&search_id=114132&scans_id=110198&peptide_id=2190&scanf=11198&charge=2&value=R.HVFGQAVK.N,CORO1C,3.058e+7,3.467,0.001,3.099,0.000
11199,2,"  2.149","  0.433",9/14,/core/www/modules//sdig/index.php?run_id=110202&search_id=114132&scans_id=110198&peptide_id=2191&scanf=11199&charge=2&value=9/14,sp|P52272|HNRPM_HUMAN,/core/www/modules//consensus/?run_id=110202&search_id=114132&scans_id=110198&peptide_id=2191&scanf=11199&charge=2&value=sp|P52272|HNRPM_HUMAN,3,/core/www/modules/match_peptides/blast_html4.php?run_id=110202&search_id=114132&scans_id=110198&peptide_id=2191&scanf=11199&charge=2&value=3,R.MGANNLER.M,/core/www/modules/show_out/show_out_wrapper.php?run_id=110202&search_id=114132&scans_id=110198&peptide_id=2191&scanf=11199&charge=2&value=R.MGANNLER.M,HNRNPM,3.454e+7,3.396,0.001,2.994,0.000
11201,2,"  3.046","  0.510",10/22,/core/www/modules//sdig/index.php?run_id=110202&search_id=114132&scans_id=110198&peptide_id=2194&scanf=11201&charge=2&value=10/22,tr|A0A5H1ZRP4|A0A5H1ZRP4_HUMAN,/core/www/modules//consensus/?run_id=110202&search_id=114132&scans_id=110198&peptide_id=2194&scanf=11201&charge=2&value=tr|A0A5H1ZRP4|A0A5H1ZRP4_HUMAN,0,/core/www/modules/match_peptides/blast_html4.php?run_id=110202&search_id=114132&scans_id=110198&peptide_id=2194&scanf=11201&charge=2&value=0,R.ASGVSAAAPGER.A,/core/www/modules/show_out/show_out_wrapper.php?run_id=110202&search_id=114132&scans_id=110198&peptide_id=2194&scanf=11201&charge=2&value=R.ASGVSAAAPGER.A,NELFB,4.261e+6,3.007,0.004,2.418,0.000
11202,2,"  1.714","  0.230",6/12,/core/www/modules//sdig/index.php?run_id=110202&search_id=114132&scans_id=110198&peptide_id=2195&scanf=11202&charge=2&value=6/12,sp|P18583|SON_HUMAN,/core/www/modules//consensus/?run_id=110202&search_id=114132&scans_id=110198&peptide_id=2195&scanf=11202&charge=2&value=sp|P18583|SON_HUMAN,0,/core/www/modules/match_peptides/blast_html4.php?run_id=110202&search_id=114132&scans_id=110198&peptide_id=2195&scanf=11202&charge=2&value=0,R.LGQDPYR.L,/core/www/modules/show_out/show_out_wrapper.php?run_id=110202&search_id=114132&scans_id=110198&peptide_id=2195&scanf=11202&charge=2&value=R.LGQDPYR.L,SON,1.964e+6,2.359,0.034,1.471,0.001
11206,3,"  2.685","  0.254",10/52,/core/www/modules//sdig/index.php?run_id=110202&search_id=114132&scans_id=110198&peptide_id=2199&scanf=11206&charge=3&value=10/52,sp|O94906|PRP6_HUMAN,/core/www/modules//consensus/?run_id=110202&search_id=114132&scans_id=110198&peptide_id=2199&scanf=11206&charge=3&value=sp|O94906|PRP6_HUMAN,0,/core/www/modules/match_peptides/blast_html4.php?run_id=110202&search_id=114132&scans_id=110198&peptide_id=2199&scanf=11206&charge=3&value=0,K.HLQTGENHTSVDPR.Q,/core/www/modules/show_out/show_out_wrapper.php?run_id=110202&search_id=114132&scans_id=110198&peptide_id=2199&scanf=11206&charge=3&value=K.HLQTGENHTSVDPR.Q,PRPF6,9.675e+6,2.322,0.038,1.418,0.001
11208,3,"  2.237","  0.301",11/40,/core/www/modules//sdig/index.php?run_id=110202&search_id=114132&scans_id=110198&peptide_id=2201&scanf=11208&charge=3&value=11/40,sp|Q15149|PLEC_HUMAN,/core/www/modules//consensus/?run_id=110202&search_id=114132&scans_id=110198&peptide_id=2201&scanf=11208&charge=3&value=sp|Q15149|PLEC_HUMAN,4,/core/www/modules/match_peptides/blast_html4.php?run_id=110202&search_id=114132&scans_id=110198&peptide_id=2201&scanf=11208&charge=3&value=4,R.SKEQAELEAAR.Q,/core/www/modules/show_out/show_out_wrapper.php?run_id=110202&search_id=114132&scans_id=110198&peptide_id=2201&scanf=11208&charge=3&value=R.SKEQAELEAAR.Q,PLEC,5.482e+6,2.797,0.008,2.109,0.000
11217,2,"  2.435","  0.519",11/18,/core/www/modules//sdig/index.php?run_id=110202&search_id=114132&scans_id=110198&peptide_id=2211&scanf=11217&charge=2&value=11/18,sp|Q9ULJ8|NEB1_HUMAN,/core/www/modules//consensus/?run_id=110202&search_id=114132&scans_id=110198&peptide_id=2211&scanf=11217&charge=2&value=sp|Q9ULJ8|NEB1_HUMAN,0,/core/www/modules/match_peptides/blast_html4.php?run_id=110202&search_id=114132&scans_id=110198&peptide_id=2211&scanf=11217&charge=2&value=0,K.HAVTEAEIQK.L,/core/www/modules/show_out/show_out_wrapper.php?run_id=110202&search_id=114132&scans_id=110198&peptide_id=2211&scanf=11217&charge=2&value=K.HAVTEAEIQK.L,PPP1R9A,9.062e+5,3.221,0.002,2.735,0.000
11219,2,"  1.933","  0.134",9/12,/core/www/modules//sdig/index.php?run_id=110202&search_id=114132&scans_id=110198&peptide_id=2212&scanf=11219&charge=2&value=9/12,sp|P30050|RL12_HUMAN,/core/www/modules//consensus/?run_id=110202&search_id=114132&scans_id=110198&peptide_id=2212&scanf=11219&charge=2&value=sp|P30050|RL12_HUMAN,0,/core/www/modules/match_peptides/blast_html4.php?run_id=110202&search_id=114132&scans_id=110198&peptide_id=2212&scanf=11219&charge=2&value=0,R.ELSGTIK.E,/core/www/modules/show_out/show_out_wrapper.php?run_id=110202&search_id=114132&scans_id=110198&peptide_id=2212&scanf=11219&charge=2&value=R.ELSGTIK.E,RPL12,1.664e+7,2.366,0.033,1.481,0.001
11221,2,"  3.566","  0.665",14/22,/core/www/modules//sdig/index.php?run_id=110202&search_id=114132&scans_id=110198&peptide_id=2215&scanf=11221&charge=2&value=14/22,sp|Q13200|PSMD2_HUMAN,/core/www/modules//consensus/?run_id=110202&search_id=114132&scans_id=110198&peptide_id=2215&scanf=11221&charge=2&value=sp|Q13200|PSMD2_HUMAN,0,/core/www/modules/match_peptides/blast_html4.php?run_id=110202&search_id=114132&scans_id=110198&peptide_id=2215&scanf=11221&charge=2&value=0,R.FGGSGSQVDSAR.M,/core/www/modules/show_out/show_out_wrapper.php?run_id=110202&search_id=114132&scans_id=110198&peptide_id=2215&scanf=11221&charge=2&value=R.FGGSGSQVDSAR.M,PSMD2,1.158e+7,3.887,0.000,3.722,0.000
11222,3,"  1.525","  0.176",9/32,/core/www/modules//sdig/index.php?run_id=110202&search_id=114132&scans_id=110198&peptide_id=2216&scanf=11222&charge=3&value=9/32,sp|Q13547|HDAC1_HUMAN,/core/www/modules//consensus/?run_id=110202&search_id=114132&scans_id=110198&peptide_id=2216&scanf=11222&charge=3&value=sp|Q13547|HDAC1_HUMAN,11,/core/www/modules/match_peptides/blast_html4.php?run_id=110202&search_id=114132&scans_id=110198&peptide_id=2216&scanf=11222&charge=3&value=11,R.KMEIYRPHK.A,/core/www/modules/show_out/show_out_wrapper.php?run_id=110202&search_id=114132&scans_id=110198&peptide_id=2216&scanf=11222&charge=3&value=R.KMEIYRPHK.A,HDAC1,1.186e+7,1.895,0.146,0.836,0.007
11224,2,"  1.921","  0.341",9/20,/core/www/modules//sdig/index.php?run_id=110202&search_id=114132&scans_id=110198&peptide_id=2218&scanf=11224&charge=2&value=9/20,sp|Q96NW4|ANR27_HUMAN,/core/www/modules//consensus/?run_id=110202&search_id=114132&scans_id=110198&peptide_id=2218&scanf=11224&charge=2&value=sp|Q96NW4|ANR27_HUMAN,0,/core/www/modules/match_peptides/blast_html4.php?run_id=110202&search_id=114132&scans_id=110198&peptide_id=2218&scanf=11224&charge=2&value=0,K.SSEAPVQSPQR.S,/core/www/modules/show_out/show_out_wrapper.php?run_id=110202&search_id=114132&scans_id=110198&peptide_id=2218&scanf=11224&charge=2&value=K.SSEAPVQSPQR.S,ANKRD27,1.704e+7,2.303,0.041,1.391,0.001
11238,3,"  3.064","  0.370",12/40,/core/www/modules//sdig/index.php?run_id=110202&search_id=114132&scans_id=110198&peptide_id=2233&scanf=11238&charge=3&value=12/40,sp|P50552|VASP_HUMAN,/core/www/modules//consensus/?run_id=110202&search_id=114132&scans_id=110198&peptide_id=2233&scanf=11238&charge=3&value=sp|P50552|VASP_HUMAN,1,/core/www/modules/match_peptides/blast_html4.php?run_id=110202&search_id=114132&scans_id=110198&peptide_id=2233&scanf=11238&charge=3&value=1,R.QQPGPSEHIER.R,/core/www/modules/show_out/show_out_wrapper.php?run_id=110202&search_id=114132&scans_id=110198&peptide_id=2233&scanf=11238&charge=3&value=R.QQPGPSEHIER.R,VASP,6.130e+6,2.863,0.006,2.206,0.000
11240,3,"  2.751","  0.484",15/40,/core/www/modules//sdig/index.php?run_id=110202&search_id=114132&scans_id=110198&peptide_id=2235&scanf=11240&charge=3&value=15/40,sp|O60814|H2B1K_HUMAN,/core/www/modules//consensus/?run_id=110202&search_id=114132&scans_id=110198&peptide_id=2235&scanf=11240&charge=3&value=sp|O60814|H2B1K_HUMAN,15,/core/www/modules/match_peptides/blast_html4.php?run_id=110202&search_id=114132&scans_id=110198&peptide_id=2235&scanf=11240&charge=3&value=15,K.QVHPDTGISSK.A,/core/www/modules/show_out/show_out_wrapper.php?run_id=110202&search_id=114132&scans_id=110198&peptide_id=2235&scanf=11240&charge=3&value=K.QVHPDTGISSK.A,H2BC12,7.066e+8,3.495,0.001,3.141,0.000
11241,3,"  2.651","  0.430",13/52,/core/www/modules//sdig/index.php?run_id=110202&search_id=114132&scans_id=110198&peptide_id=2236&scanf=11241&charge=3&value=13/52,sp|O94906|PRP6_HUMAN,/core/www/modules//consensus/?run_id=110202&search_id=114132&scans_id=110198&peptide_id=2236&scanf=11241&charge=3&value=sp|O94906|PRP6_HUMAN,0,/core/www/modules/match_peptides/blast_html4.php?run_id=110202&search_id=114132&scans_id=110198&peptide_id=2236&scanf=11241&charge=3&value=0,K.HLQTGENHTSVDPR.Q,/core/www/modules/show_out/show_out_wrapper.php?run_id=110202&search_id=114132&scans_id=110198&peptide_id=2236&scanf=11241&charge=3&value=K.HLQTGENHTSVDPR.Q,PRPF6,9.675e+6,2.991,0.004,2.394,0.000
11242,2,"  2.280","  0.364",11/16,/core/www/modules//sdig/index.php?run_id=110202&search_id=114132&scans_id=110198&peptide_id=2237&scanf=11242&charge=2&value=11/16,sp|P55265|DSRAD_HUMAN,/core/www/modules//consensus/?run_id=110202&search_id=114132&scans_id=110198&peptide_id=2237&scanf=11242&charge=2&value=sp|P55265|DSRAD_HUMAN,4,/core/www/modules/match_peptides/blast_html4.php?run_id=110202&search_id=114132&scans_id=110198&peptide_id=2237&scanf=11242&charge=2&value=4,K.QEAADAALR.V,/core/www/modules/show_out/show_out_wrapper.php?run_id=110202&search_id=114132&scans_id=110198&peptide_id=2237&scanf=11242&charge=2&value=K.QEAADAALR.V,ADAR,4.190e+6,2.961,0.004,2.350,0.000
11245,2,"  2.454","  0.275",12/20,/core/www/modules//sdig/index.php?run_id=110202&search_id=114132&scans_id=110198&peptide_id=2240&scanf=11245&charge=2&value=12/20,sp|Q9UHB6|LIMA1_HUMAN,/core/www/modules//consensus/?run_id=110202&search_id=114132&scans_id=110198&peptide_id=2240&scanf=11245&charge=2&value=sp|Q9UHB6|LIMA1_HUMAN,3,/core/www/modules/match_peptides/blast_html4.php?run_id=110202&search_id=114132&scans_id=110198&peptide_id=2240&scanf=11245&charge=2&value=3,R.ASSLSESSPPK.A,/core/www/modules/show_out/show_out_wrapper.php?run_id=110202&search_id=114132&scans_id=110198&peptide_id=2240&scanf=11245&charge=2&value=R.ASSLSESSPPK.A,LIMA1,4.478e+6,2.498,0.021,1.671,0.001
11249,2,"  3.206","  0.709",18/26,/core/www/modules//sdig/index.php?run_id=110202&search_id=114132&scans_id=110198&peptide_id=2244&scanf=11249&charge=2&value=18/26,sp|O94906|PRP6_HUMAN,/core/www/modules//consensus/?run_id=110202&search_id=114132&scans_id=110198&peptide_id=2244&scanf=11249&charge=2&value=sp|O94906|PRP6_HUMAN,0,/core/www/modules/match_peptides/blast_html4.php?run_id=110202&search_id=114132&scans_id=110198&peptide_id=2244&scanf=11249&charge=2&value=0,K.HLQTGENHTSVDPR.Q,/core/www/modules/show_out/show_out_wrapper.php?run_id=110202&search_id=114132&scans_id=110198&peptide_id=2244&scanf=11249&charge=2&value=K.HLQTGENHTSVDPR.Q,PRPF6,1.127e+6,4.139,0.000,4.095,0.000
11252,2,"  2.325","  0.349",10/20,/core/www/modules//sdig/index.php?run_id=110202&search_id=114132&scans_id=110198&peptide_id=2248&scanf=11252&charge=2&value=10/20,sp|P68104|EF1A1_HUMAN,/core/www/modules//consensus/?run_id=110202&search_id=114132&scans_id=110198&peptide_id=2248&scanf=11252&charge=2&value=sp|P68104|EF1A1_HUMAN,6,/core/www/modules/match_peptides/blast_html4.php?run_id=110202&search_id=114132&scans_id=110198&peptide_id=2248&scanf=11252&charge=2&value=6,K.M*DSTEPPYSQK.R,/core/www/modules/show_out/show_out_wrapper.php?run_id=110202&search_id=114132&scans_id=110198&peptide_id=2248&scanf=11252&charge=2&value=K.M*DSTEPPYSQK.R,EEF1A1,7.202e+5,2.606,0.015,1.829,0.000
11266,2,"  3.021","  0.526",13/22,/core/www/modules//sdig/index.php?run_id=110202&search_id=114132&scans_id=110198&peptide_id=2262&scanf=11266&charge=2&value=13/22,sp|Q92576|PHF3_HUMAN,/core/www/modules//consensus/?run_id=110202&search_id=114132&scans_id=110198&peptide_id=2262&scanf=11266&charge=2&value=sp|Q92576|PHF3_HUMAN,1,/core/www/modules/match_peptides/blast_html4.php?run_id=110202&search_id=114132&scans_id=110198&peptide_id=2262&scanf=11266&charge=2&value=1,K.TDNVEVTDGENK.E,/core/www/modules/show_out/show_out_wrapper.php?run_id=110202&search_id=114132&scans_id=110198&peptide_id=2262&scanf=11266&charge=2&value=K.TDNVEVTDGENK.E,PHF3,1.429e+6,3.311,0.001,2.868,0.000
11271,2,"  2.106","  0.424",11/18,/core/www/modules//sdig/index.php?run_id=110202&search_id=114132&scans_id=110198&peptide_id=2268&scanf=11271&charge=2&value=11/18,sp|Q15417|CNN3_HUMAN,/core/www/modules//consensus/?run_id=110202&search_id=114132&scans_id=110198&peptide_id=2268&scanf=11271&charge=2&value=sp|Q15417|CNN3_HUMAN,0,/core/www/modules/match_peptides/blast_html4.php?run_id=110202&search_id=114132&scans_id=110198&peptide_id=2268&scanf=11271&charge=2&value=0,K.YDHQAEEDLR.N,/core/www/modules/show_out/show_out_wrapper.php?run_id=110202&search_id=114132&scans_id=110198&peptide_id=2268&scanf=11271&charge=2&value=K.YDHQAEEDLR.N,CNN3,5.652e+5,2.877,0.006,2.227,0.000
11277,2,"  1.805","  0.146",8/14,/core/www/modules//sdig/index.php?run_id=110202&search_id=114132&scans_id=110198&peptide_id=2274&scanf=11277&charge=2&value=8/14,sp|P55081|MFAP1_HUMAN,/core/www/modules//consensus/?run_id=110202&search_id=114132&scans_id=110198&peptide_id=2274&scanf=11277&charge=2&value=sp|P55081|MFAP1_HUMAN,0,/core/www/modules/match_peptides/blast_html4.php?run_id=110202&search_id=114132&scans_id=110198&peptide_id=2274&scanf=11277&charge=2&value=0,R.ISEDVEER.L,/core/www/modules/show_out/show_out_wrapper.php?run_id=110202&search_id=114132&scans_id=110198&peptide_id=2274&scanf=11277&charge=2&value=R.ISEDVEER.L,MFAP1,4.043e+6,2.024,0.099,1.004,0.005
11278,2,"  3.376","  0.399",10/22,/core/www/modules//sdig/index.php?run_id=110202&search_id=114132&scans_id=110198&peptide_id=2275&scanf=11278&charge=2&value=10/22,tr|A0A5H1ZRP4|A0A5H1ZRP4_HUMAN,/core/www/modules//consensus/?run_id=110202&search_id=114132&scans_id=110198&peptide_id=2275&scanf=11278&charge=2&value=tr|A0A5H1ZRP4|A0A5H1ZRP4_HUMAN,0,/core/www/modules/match_peptides/blast_html4.php?run_id=110202&search_id=114132&scans_id=110198&peptide_id=2275&scanf=11278&charge=2&value=0,R.ASGVSAAAPGER.A,/core/www/modules/show_out/show_out_wrapper.php?run_id=110202&search_id=114132&scans_id=110198&peptide_id=2275&scanf=11278&charge=2&value=R.ASGVSAAAPGER.A,NELFB,4.261e+6,2.662,0.012,1.911,0.000
11287,2,"  2.075","  0.191",9/14,/core/www/modules//sdig/index.php?run_id=110202&search_id=114132&scans_id=110198&peptide_id=2284&scanf=11287&charge=2&value=9/14,sp|P52272|HNRPM_HUMAN,/core/www/modules//consensus/?run_id=110202&search_id=114132&scans_id=110198&peptide_id=2284&scanf=11287&charge=2&value=sp|P52272|HNRPM_HUMAN,3,/core/www/modules/match_peptides/blast_html4.php?run_id=110202&search_id=114132&scans_id=110198&peptide_id=2284&scanf=11287&charge=2&value=3,R.M*GANNLER.M,/core/www/modules/show_out/show_out_wrapper.php?run_id=110202&search_id=114132&scans_id=110198&peptide_id=2284&scanf=11287&charge=2&value=R.M*GANNLER.M,HNRNPM,5.205e+6,2.560,0.017,1.761,0.000
11289,3,"  2.911","  0.179",13/48,/core/www/modules//sdig/index.php?run_id=110202&search_id=114132&scans_id=110198&peptide_id=2286&scanf=11289&charge=3&value=13/48,sp|P48444|COPD_HUMAN,/core/www/modules//consensus/?run_id=110202&search_id=114132&scans_id=110198&peptide_id=2286&scanf=11289&charge=3&value=sp|P48444|COPD_HUMAN,1,/core/www/modules/match_peptides/blast_html4.php?run_id=110202&search_id=114132&scans_id=110198&peptide_id=2286&scanf=11289&charge=3&value=1,K.VAPAPARPSGPSK.A,/core/www/modules/show_out/show_out_wrapper.php?run_id=110202&search_id=114132&scans_id=110198&peptide_id=2286&scanf=11289&charge=3&value=K.VAPAPARPSGPSK.A,ARCN1,1.188e+7,2.125,0.072,1.141,0.002
11291,2,"  1.882","  0.403",11/18,/core/www/modules//sdig/index.php?run_id=110202&search_id=114132&scans_id=110198&peptide_id=2289&scanf=11291&charge=2&value=11/18,sp|Q13895|BYST_HUMAN,/core/www/modules//consensus/?run_id=110202&search_id=114132&scans_id=110198&peptide_id=2289&scanf=11291&charge=2&value=sp|Q13895|BYST_HUMAN,0,/core/www/modules/match_peptides/blast_html4.php?run_id=110202&search_id=114132&scans_id=110198&peptide_id=2289&scanf=11291&charge=2&value=0,R.YKADLATDQK.E,/core/www/modules/show_out/show_out_wrapper.php?run_id=110202&search_id=114132&scans_id=110198&peptide_id=2289&scanf=11291&charge=2&value=R.YKADLATDQK.E,BYSL,1.350e+6,2.652,0.013,1.895,0.000
11315,2,"  2.044","  0.210",7/16,/core/www/modules//sdig/index.php?run_id=110202&search_id=114132&scans_id=110198&peptide_id=2314&scanf=11315&charge=2&value=7/16,sp|O00267|SPT5H_HUMAN,/core/www/modules//consensus/?run_id=110202&search_id=114132&scans_id=110198&peptide_id=2314&scanf=11315&charge=2&value=sp|O00267|SPT5H_HUMAN,0,/core/www/modules/match_peptides/blast_html4.php?run_id=110202&search_id=114132&scans_id=110198&peptide_id=2314&scanf=11315&charge=2&value=0,K.SVVAPEHVK.G,/core/www/modules/show_out/show_out_wrapper.php?run_id=110202&search_id=114132&scans_id=110198&peptide_id=2314&scanf=11315&charge=2&value=K.SVVAPEHVK.G,SUPT5H,4.815e+6,2.139,0.069,1.160,0.002
11316,3,"  4.817","  0.593",22/68,/core/www/modules//sdig/index.php?run_id=110202&search_id=114132&scans_id=110198&peptide_id=2315&scanf=11316&charge=3&value=22/68,sp|Q9Y5J1|UTP18_HUMAN,/core/www/modules//consensus/?run_id=110202&search_id=114132&scans_id=110198&peptide_id=2315&scanf=11316&charge=3&value=sp|Q9Y5J1|UTP18_HUMAN,0,/core/www/modules/match_peptides/blast_html4.php?run_id=110202&search_id=114132&scans_id=110198&peptide_id=2315&scanf=11316&charge=3&value=0,K.AGAGPGGPPQKPAPSSQR.K,/core/www/modules/show_out/show_out_wrapper.php?run_id=110202&search_id=114132&scans_id=110198&peptide_id=2315&scanf=11316&charge=3&value=K.AGAGPGGPPQKPAPSSQR.K,UTP18,4.021e+6,3.459,0.001,3.088,0.000
11319,3,"  2.166","  0.240",12/32,/core/www/modules//sdig/index.php?run_id=110202&search_id=114132&scans_id=110198&peptide_id=2318&scanf=11319&charge=3&value=12/32,sp|P62269|RS18_HUMAN,/core/www/modules//consensus/?run_id=110202&search_id=114132&scans_id=110198&peptide_id=2318&scanf=11319&charge=3&value=sp|P62269|RS18_HUMAN,0,/core/www/modules/match_peptides/blast_html4.php?run_id=110202&search_id=114132&scans_id=110198&peptide_id=2318&scanf=11319&charge=3&value=0,R.KADIDLTKR.A,/core/www/modules/show_out/show_out_wrapper.php?run_id=110202&search_id=114132&scans_id=110198&peptide_id=2318&scanf=11319&charge=3&value=R.KADIDLTKR.A,RPS18,2.779e+7,1.996,0.108,0.967,0.005
11328,2,"  3.009","  0.516",13/24,/core/www/modules//sdig/index.php?run_id=110202&search_id=114132&scans_id=110198&peptide_id=2327&scanf=11328&charge=2&value=13/24,sp|Q8IY67|RAVR1_HUMAN,/core/www/modules//consensus/?run_id=110202&search_id=114132&scans_id=110198&peptide_id=2327&scanf=11328&charge=2&value=sp|Q8IY67|RAVR1_HUMAN,3,/core/www/modules/match_peptides/blast_html4.php?run_id=110202&search_id=114132&scans_id=110198&peptide_id=2327&scanf=11328&charge=2&value=3,K.SGAEVEAGDAAER.R,/core/www/modules/show_out/show_out_wrapper.php?run_id=110202&search_id=114132&scans_id=110198&peptide_id=2327&scanf=11328&charge=2&value=K.SGAEVEAGDAAER.R,RAVER1,4.871e+6,3.145,0.002,2.622,0.000
11333,2,"  2.383","  0.470",14/20,/core/www/modules//sdig/index.php?run_id=110202&search_id=114132&scans_id=110198&peptide_id=2332&scanf=11333&charge=2&value=14/20,sp|Q15459|SF3A1_HUMAN,/core/www/modules//consensus/?run_id=110202&search_id=114132&scans_id=110198&peptide_id=2332&scanf=11333&charge=2&value=sp|Q15459|SF3A1_HUMAN,0,/core/www/modules/match_peptides/blast_html4.php?run_id=110202&search_id=114132&scans_id=110198&peptide_id=2332&scanf=11333&charge=2&value=0,K.IHEATGMPAGK.Q,/core/www/modules/show_out/show_out_wrapper.php?run_id=110202&search_id=114132&scans_id=110198&peptide_id=2332&scanf=11333&charge=2&value=K.IHEATGMPAGK.Q,SF3A1,3.975e+6,3.263,0.002,2.797,0.000
11335,2,"  1.955","  0.438",11/20,/core/www/modules//sdig/index.php?run_id=110202&search_id=114132&scans_id=110198&peptide_id=2334&scanf=11335&charge=2&value=11/20,sp|Q13123|RED_HUMAN,/core/www/modules//consensus/?run_id=110202&search_id=114132&scans_id=110198&peptide_id=2334&scanf=11335&charge=2&value=sp|Q13123|RED_HUMAN,4,/core/www/modules/match_peptides/blast_html4.php?run_id=110202&search_id=114132&scans_id=110198&peptide_id=2334&scanf=11335&charge=2&value=4,R.EYNEDEDPAAR.R,/core/www/modules/show_out/show_out_wrapper.php?run_id=110202&search_id=114132&scans_id=110198&peptide_id=2334&scanf=11335&charge=2&value=R.EYNEDEDPAAR.R,IK,3.471e+6,2.907,0.005,2.271,0.000
11338,2,"  3.451","  0.716",19/30,/core/www/modules//sdig/index.php?run_id=110202&search_id=114132&scans_id=110198&peptide_id=2337&scanf=11338&charge=2&value=19/30,sp|O75909|CCNK_HUMAN,/core/www/modules//consensus/?run_id=110202&search_id=114132&scans_id=110198&peptide_id=2337&scanf=11338&charge=2&value=sp|O75909|CCNK_HUMAN,1,/core/www/modules/match_peptides/blast_html4.php?run_id=110202&search_id=114132&scans_id=110198&peptide_id=2337&scanf=11338&charge=2&value=1,K.DPQQPAQQQQPAQQPK.K,/core/www/modules/show_out/show_out_wrapper.php?run_id=110202&search_id=114132&scans_id=110198&peptide_id=2337&scanf=11338&charge=2&value=K.DPQQPAQQQQPAQQPK.K,CCNK,7.677e+5,3.861,0.000,3.684,0.000
11345,2,"  2.116","  0.042",8/12,/core/www/modules//sdig/index.php?run_id=110202&search_id=114132&scans_id=110198&peptide_id=2344&scanf=11345&charge=2&value=8/12,sp|P61313|RL15_HUMAN,/core/www/modules//consensus/?run_id=110202&search_id=114132&scans_id=110198&peptide_id=2344&scanf=11345&charge=2&value=sp|P61313|RL15_HUMAN,1,/core/www/modules/match_peptides/blast_html4.php?run_id=110202&search_id=114132&scans_id=110198&peptide_id=2344&scanf=11345&charge=2&value=1,R.NTLQLHR.Y,/core/www/modules/show_out/show_out_wrapper.php?run_id=110202&search_id=114132&scans_id=110198&peptide_id=2344&scanf=11345&charge=2&value=R.NTLQLHR.Y,RPL15,3.362e+7,1.946,0.126,0.901,0.006
11348,2,"  2.601","  0.565",12/22,/core/www/modules//sdig/index.php?run_id=110202&search_id=114132&scans_id=110198&peptide_id=2347&scanf=11348&charge=2&value=12/22,sp|P19338|NUCL_HUMAN,/core/www/modules//consensus/?run_id=110202&search_id=114132&scans_id=110198&peptide_id=2347&scanf=11348&charge=2&value=sp|P19338|NUCL_HUMAN,5,/core/www/modules/match_peptides/blast_html4.php?run_id=110202&search_id=114132&scans_id=110198&peptide_id=2347&scanf=11348&charge=2&value=5,K.EAM*EDGEIDGNK.V,/core/www/modules/show_out/show_out_wrapper.php?run_id=110202&search_id=114132&scans_id=110198&peptide_id=2347&scanf=11348&charge=2&value=K.EAM*EDGEIDGNK.V,NCL,3.106e+6,3.562,0.001,3.240,0.000
11349,2,"  2.017","  0.169",7/14,/core/www/modules//sdig/index.php?run_id=110202&search_id=114132&scans_id=110198&peptide_id=2348&scanf=11349&charge=2&value=7/14,sp|P35251|RFC1_HUMAN,/core/www/modules//consensus/?run_id=110202&search_id=114132&scans_id=110198&peptide_id=2348&scanf=11349&charge=2&value=sp|P35251|RFC1_HUMAN,0,/core/www/modules/match_peptides/blast_html4.php?run_id=110202&search_id=114132&scans_id=110198&peptide_id=2348&scanf=11349&charge=2&value=0,K.ALTYDQAK.A,/core/www/modules/show_out/show_out_wrapper.php?run_id=110202&search_id=114132&scans_id=110198&peptide_id=2348&scanf=11349&charge=2&value=K.ALTYDQAK.A,RFC1,3.232e+6,2.038,0.095,1.023,0.004
11354,2,"  3.452","  0.687",15/24,/core/www/modules//sdig/index.php?run_id=110202&search_id=114132&scans_id=110198&peptide_id=2354&scanf=11354&charge=2&value=15/24,sp|P52434|RPAB3_HUMAN,/core/www/modules//consensus/?run_id=110202&search_id=114132&scans_id=110198&peptide_id=2354&scanf=11354&charge=2&value=sp|P52434|RPAB3_HUMAN,1,/core/www/modules/match_peptides/blast_html4.php?run_id=110202&search_id=114132&scans_id=110198&peptide_id=2354&scanf=11354&charge=2&value=1,R.IEGDETSTEAATR.L,/core/www/modules/show_out/show_out_wrapper.php?run_id=110202&search_id=114132&scans_id=110198&peptide_id=2354&scanf=11354&charge=2&value=R.IEGDETSTEAATR.L,POLR2H,1.040e+7,3.836,0.000,3.647,0.000
11366,3,"  2.226","  0.346",10/40,/core/www/modules//sdig/index.php?run_id=110202&search_id=114132&scans_id=110198&peptide_id=2366&scanf=11366&charge=3&value=10/40,sp|P60709|ACTB_HUMAN,/core/www/modules//consensus/?run_id=110202&search_id=114132&scans_id=110198&peptide_id=2366&scanf=11366&charge=3&value=sp|P60709|ACTB_HUMAN,26,/core/www/modules/match_peptides/blast_html4.php?run_id=110202&search_id=114132&scans_id=110198&peptide_id=2366&scanf=11366&charge=3&value=26,R.HQGVMVGM*GQK.D,/core/www/modules/show_out/show_out_wrapper.php?run_id=110202&search_id=114132&scans_id=110198&peptide_id=2366&scanf=11366&charge=3&value=R.HQGVMVGM*GQK.D,ACTB,1.149e+8,3.453,0.001,3.078,0.000
11370,2,"  1.321","  0.140",8/16,/core/www/modules//sdig/index.php?run_id=110202&search_id=114132&scans_id=110198&peptide_id=2371&scanf=11370&charge=2&value=8/16,sp|Q9H8H2|DDX31_HUMAN,/core/www/modules//consensus/?run_id=110202&search_id=114132&scans_id=110198&peptide_id=2371&scanf=11370&charge=2&value=sp|Q9H8H2|DDX31_HUMAN,0,/core/www/modules/match_peptides/blast_html4.php?run_id=110202&search_id=114132&scans_id=110198&peptide_id=2371&scanf=11370&charge=2&value=0,K.QHVTVVPSK.L,/core/www/modules/show_out/show_out_wrapper.php?run_id=110202&search_id=114132&scans_id=110198&peptide_id=2371&scanf=11370&charge=2&value=K.QHVTVVPSK.L,DDX31,2.190e+6,1.858,0.162,0.789,0.009
11376,2,"  3.439","  0.547",14/22,/core/www/modules//sdig/index.php?run_id=110202&search_id=114132&scans_id=110198&peptide_id=2377&scanf=11376&charge=2&value=14/22,sp|Q15436|SC23A_HUMAN,/core/www/modules//consensus/?run_id=110202&search_id=114132&scans_id=110198&peptide_id=2377&scanf=11376&charge=2&value=sp|Q15436|SC23A_HUMAN,1,/core/www/modules/match_peptides/blast_html4.php?run_id=110202&search_id=114132&scans_id=110198&peptide_id=2377&scanf=11376&charge=2&value=1,R.GPQVQQPPPSNR.F,/core/www/modules/show_out/show_out_wrapper.php?run_id=110202&search_id=114132&scans_id=110198&peptide_id=2377&scanf=11376&charge=2&value=R.GPQVQQPPPSNR.F,SEC23A,1.784e+6,3.420,0.001,3.030,0.000
11393,3,"  2.070","  0.373",8/72,/core/www/modules//sdig/index.php?run_id=110202&search_id=114132&scans_id=110198&peptide_id=2395&scanf=11393&charge=3&value=8/72,sp|Q9BQ70|TCF25_HUMAN,/core/www/modules//consensus/?run_id=110202&search_id=114132&scans_id=110198&peptide_id=2395&scanf=11393&charge=3&value=sp|Q9BQ70|TCF25_HUMAN,5,/core/www/modules/match_peptides/blast_html4.php?run_id=110202&search_id=114132&scans_id=110198&peptide_id=2395&scanf=11393&charge=3&value=5,K.TDGDDTETVPSEQSHASGK.L,/core/www/modules/show_out/show_out_wrapper.php?run_id=110202&search_id=114132&scans_id=110198&peptide_id=2395&scanf=11393&charge=3&value=K.TDGDDTETVPSEQSHASGK.L,TCF25,1.444e+6,2.248,0.049,1.312,0.002
11394,2,"  2.336","  0.386",8/18,/core/www/modules//sdig/index.php?run_id=110202&search_id=114132&scans_id=110198&peptide_id=2396&scanf=11394&charge=2&value=8/18,sp|Q9BXP5|SRRT_HUMAN,/core/www/modules//consensus/?run_id=110202&search_id=114132&scans_id=110198&peptide_id=2396&scanf=11394&charge=2&value=sp|Q9BXP5|SRRT_HUMAN,0,/core/www/modules/match_peptides/blast_html4.php?run_id=110202&search_id=114132&scans_id=110198&peptide_id=2396&scanf=11394&charge=2&value=0,K.M*EGGTENDLR.I,/core/www/modules/show_out/show_out_wrapper.php?run_id=110202&search_id=114132&scans_id=110198&peptide_id=2396&scanf=11394&charge=2&value=K.M*EGGTENDLR.I,SRRT,7.913e+5,2.684,0.011,1.943,0.000
11408,3,"  4.524","  0.575",19/60,/core/www/modules//sdig/index.php?run_id=110202&search_id=114132&scans_id=110198&peptide_id=2410&scanf=11408&charge=3&value=19/60,sp|Q9P0L0|VAPA_HUMAN,/core/www/modules//consensus/?run_id=110202&search_id=114132&scans_id=110198&peptide_id=2410&scanf=11408&charge=3&value=sp|Q9P0L0|VAPA_HUMAN,0,/core/www/modules/match_peptides/blast_html4.php?run_id=110202&search_id=114132&scans_id=110198&peptide_id=2410&scanf=11408&charge=3&value=0,K.VAHSDKPGSTSTASFR.D,/core/www/modules/show_out/show_out_wrapper.php?run_id=110202&search_id=114132&scans_id=110198&peptide_id=2410&scanf=11408&charge=3&value=K.VAHSDKPGSTSTASFR.D,VAPA,6.630e+6,3.477,0.001,3.114,0.000
11419,2,"  2.346","  0.426",10/24,/core/www/modules//sdig/index.php?run_id=110202&search_id=114132&scans_id=110198&peptide_id=2422&scanf=11419&charge=2&value=10/24,sp|Q9Y657|SPIN1_HUMAN,/core/www/modules//consensus/?run_id=110202&search_id=114132&scans_id=110198&peptide_id=2422&scanf=11419&charge=2&value=sp|Q9Y657|SPIN1_HUMAN,0,/core/www/modules/match_peptides/blast_html4.php?run_id=110202&search_id=114132&scans_id=110198&peptide_id=2422&scanf=11419&charge=2&value=0,R.SSVGPSKPVSQPR.R,/core/www/modules/show_out/show_out_wrapper.php?run_id=110202&search_id=114132&scans_id=110198&peptide_id=2422&scanf=11419&charge=2&value=R.SSVGPSKPVSQPR.R,SPIN1,2.023e+6,2.634,0.014,1.869,0.000
11421,2,"  3.549","  0.574",17/34,/core/www/modules//sdig/index.php?run_id=110202&search_id=114132&scans_id=110198&peptide_id=2425&scanf=11421&charge=2&value=17/34,sp|Q96T37|RBM15_HUMAN,/core/www/modules//consensus/?run_id=110202&search_id=114132&scans_id=110198&peptide_id=2425&scanf=11421&charge=2&value=sp|Q96T37|RBM15_HUMAN,3,/core/www/modules/match_peptides/blast_html4.php?run_id=110202&search_id=114132&scans_id=110198&peptide_id=2425&scanf=11421&charge=2&value=3,R.SSGAASSAPGGGDGAEYK.T,/core/www/modules/show_out/show_out_wrapper.php?run_id=110202&search_id=114132&scans_id=110198&peptide_id=2425&scanf=11421&charge=2&value=R.SSGAASSAPGGGDGAEYK.T,RBM15,2.165e+6,3.171,0.002,2.661,0.000
11429,2,"  1.885","  0.319",7/12,/core/www/modules//sdig/index.php?run_id=110202&search_id=114132&scans_id=110198&peptide_id=2432&scanf=11429&charge=2&value=7/12,sp|P23246|SFPQ_HUMAN,/core/www/modules//consensus/?run_id=110202&search_id=114132&scans_id=110198&peptide_id=2432&scanf=11429&charge=2&value=sp|P23246|SFPQ_HUMAN,2,/core/www/modules/match_peptides/blast_html4.php?run_id=110202&search_id=114132&scans_id=110198&peptide_id=2432&scanf=11429&charge=2&value=2,K.SLDEMEK.Q,/core/www/modules/show_out/show_out_wrapper.php?run_id=110202&search_id=114132&scans_id=110198&peptide_id=2432&scanf=11429&charge=2&value=K.SLDEMEK.Q,SFPQ,4.997e+6,2.775,0.008,2.077,0.000
11430,2,"  2.229","  0.409",8/14,/core/www/modules//sdig/index.php?run_id=110202&search_id=114132&scans_id=110198&peptide_id=2434&scanf=11430&charge=2&value=8/14,sp|P78527|PRKDC_HUMAN,/core/www/modules//consensus/?run_id=110202&search_id=114132&scans_id=110198&peptide_id=2434&scanf=11430&charge=2&value=sp|P78527|PRKDC_HUMAN,1,/core/www/modules/match_peptides/blast_html4.php?run_id=110202&search_id=114132&scans_id=110198&peptide_id=2434&scanf=11430&charge=2&value=1,K.QYDEALNK.Q,/core/www/modules/show_out/show_out_wrapper.php?run_id=110202&search_id=114132&scans_id=110198&peptide_id=2434&scanf=11430&charge=2&value=K.QYDEALNK.Q,PRKDC,1.179e+7,3.814,0.000,3.613,0.000
11431,2,"  2.073","  0.266",7/12,/core/www/modules//sdig/index.php?run_id=110202&search_id=114132&scans_id=110198&peptide_id=2435&scanf=11431&charge=2&value=7/12,sp|P20700|LMNB1_HUMAN,/core/www/modules//consensus/?run_id=110202&search_id=114132&scans_id=110198&peptide_id=2435&scanf=11431&charge=2&value=sp|P20700|LMNB1_HUMAN,2,/core/www/modules/match_peptides/blast_html4.php?run_id=110202&search_id=114132&scans_id=110198&peptide_id=2435&scanf=11431&charge=2&value=2,R.EELMESR.M,/core/www/modules/show_out/show_out_wrapper.php?run_id=110202&search_id=114132&scans_id=110198&peptide_id=2435&scanf=11431&charge=2&value=R.EELMESR.M,LMNB1,4.586e+6,2.591,0.016,1.806,0.000
11444,2,"  2.460","  0.597",9/20,/core/www/modules//sdig/index.php?run_id=110202&search_id=114132&scans_id=110198&peptide_id=2449&scanf=11444&charge=2&value=9/20,sp|P25205|MCM3_HUMAN,/core/www/modules//consensus/?run_id=110202&search_id=114132&scans_id=110198&peptide_id=2449&scanf=11444&charge=2&value=sp|P25205|MCM3_HUMAN,3,/core/www/modules/match_peptides/blast_html4.php?run_id=110202&search_id=114132&scans_id=110198&peptide_id=2449&scanf=11444&charge=2&value=3,K.ESQKVELSESR.L,/core/www/modules/show_out/show_out_wrapper.php?run_id=110202&search_id=114132&scans_id=110198&peptide_id=2449&scanf=11444&charge=2&value=K.ESQKVELSESR.L,MCM3,1.020e+6,3.062,0.003,2.500,0.000
11445,2,"  3.356","  0.535",15/22,/core/www/modules//sdig/index.php?run_id=110202&search_id=114132&scans_id=110198&peptide_id=2450&scanf=11445&charge=2&value=15/22,sp|Q96PK6|RBM14_HUMAN,/core/www/modules//consensus/?run_id=110202&search_id=114132&scans_id=110198&peptide_id=2450&scanf=11445&charge=2&value=sp|Q96PK6|RBM14_HUMAN,0,/core/www/modules/match_peptides/blast_html4.php?run_id=110202&search_id=114132&scans_id=110198&peptide_id=2450&scanf=11445&charge=2&value=0,K.KGPGLAVQSGDK.T,/core/www/modules/show_out/show_out_wrapper.php?run_id=110202&search_id=114132&scans_id=110198&peptide_id=2450&scanf=11445&charge=2&value=K.KGPGLAVQSGDK.T,RBM14,8.254e+6,3.210,0.002,2.719,0.000
11451,2,"  1.661","  0.220",8/14,/core/www/modules//sdig/index.php?run_id=110202&search_id=114132&scans_id=110198&peptide_id=2456&scanf=11451&charge=2&value=8/14,IGHG_RABIT,/core/www/modules//consensus/?run_id=110202&search_id=114132&scans_id=110198&peptide_id=2456&scanf=11451&charge=2&value=IGHG_RABIT,0,/core/www/modules/match_peptides/blast_html4.php?run_id=110202&search_id=114132&scans_id=110198&peptide_id=2456&scanf=11451&charge=2&value=0,K.VYTM*GPPR.E,/core/www/modules/show_out/show_out_wrapper.php?run_id=110202&search_id=114132&scans_id=110198&peptide_id=2456&scanf=11451&charge=2&value=K.VYTM*GPPR.E,,4.705e+6,2.211,0.055,1.260,0.002
11452,4,"  4.476","  0.569",21/90,/core/www/modules//sdig/index.php?run_id=110202&search_id=114132&scans_id=110198&peptide_id=2457&scanf=11452&charge=4&value=21/90,sp|A6NHR9|SMHD1_HUMAN,/core/www/modules//consensus/?run_id=110202&search_id=114132&scans_id=110198&peptide_id=2457&scanf=11452&charge=4&value=sp|A6NHR9|SMHD1_HUMAN,1,/core/www/modules/match_peptides/blast_html4.php?run_id=110202&search_id=114132&scans_id=110198&peptide_id=2457&scanf=11452&charge=4&value=1,R.NRKPSDSVHITNDDER.F,/core/www/modules/show_out/show_out_wrapper.php?run_id=110202&search_id=114132&scans_id=110198&peptide_id=2457&scanf=11452&charge=4&value=R.NRKPSDSVHITNDDER.F,SMCHD1,5.198e+6,3.706,0.000,3.454,0.000
11465,2,"  3.254","  0.582",12/22,/core/www/modules//sdig/index.php?run_id=110202&search_id=114132&scans_id=110198&peptide_id=2471&scanf=11465&charge=2&value=12/22,sp|Q14839|CHD4_HUMAN,/core/www/modules//consensus/?run_id=110202&search_id=114132&scans_id=110198&peptide_id=2471&scanf=11465&charge=2&value=sp|Q14839|CHD4_HUMAN,16,/core/www/modules/match_peptides/blast_html4.php?run_id=110202&search_id=114132&scans_id=110198&peptide_id=2471&scanf=11465&charge=2&value=16,R.EEEM*GEEEEVER.E,/core/www/modules/show_out/show_out_wrapper.php?run_id=110202&search_id=114132&scans_id=110198&peptide_id=2471&scanf=11465&charge=2&value=R.EEEM*GEEEEVER.E,CHD4,6.543e+5,3.575,0.001,3.259,0.000
11469,2,"  2.033","  0.254",7/16,/core/www/modules//sdig/index.php?run_id=110202&search_id=114132&scans_id=110198&peptide_id=2475&scanf=11469&charge=2&value=7/16,sp|O95239|KIF4A_HUMAN,/core/www/modules//consensus/?run_id=110202&search_id=114132&scans_id=110198&peptide_id=2475&scanf=11469&charge=2&value=sp|O95239|KIF4A_HUMAN,0,/core/www/modules/match_peptides/blast_html4.php?run_id=110202&search_id=114132&scans_id=110198&peptide_id=2475&scanf=11469&charge=2&value=0,K.QLEESVSEK.E,/core/www/modules/show_out/show_out_wrapper.php?run_id=110202&search_id=114132&scans_id=110198&peptide_id=2475&scanf=11469&charge=2&value=K.QLEESVSEK.E,KIF4A,1.852e+6,2.225,0.052,1.281,0.002
11472,3,"  2.507","  0.180",12/36,/core/www/modules//sdig/index.php?run_id=110202&search_id=114132&scans_id=110198&peptide_id=2478&scanf=11472&charge=3&value=12/36,sp|Q8IWR0|Z3H7A_HUMAN,/core/www/modules//consensus/?run_id=110202&search_id=114132&scans_id=110198&peptide_id=2478&scanf=11472&charge=3&value=sp|Q8IWR0|Z3H7A_HUMAN,2,/core/www/modules/match_peptides/blast_html4.php?run_id=110202&search_id=114132&scans_id=110198&peptide_id=2478&scanf=11472&charge=3&value=2,R.HPLEGTHELR.Q,/core/www/modules/show_out/show_out_wrapper.php?run_id=110202&search_id=114132&scans_id=110198&peptide_id=2478&scanf=11472&charge=3&value=R.HPLEGTHELR.Q,ZC3H7A,7.500e+6,2.187,0.059,1.228,0.002
11473,2,"  1.601","  0.113",7/14,/core/www/modules//sdig/index.php?run_id=110202&search_id=114132&scans_id=110198&peptide_id=2479&scanf=11473&charge=2&value=7/14,sp|P35579|MYH9_HUMAN,/core/www/modules//consensus/?run_id=110202&search_id=114132&scans_id=110198&peptide_id=2479&scanf=11473&charge=2&value=sp|P35579|MYH9_HUMAN,1,/core/www/modules/match_peptides/blast_html4.php?run_id=110202&search_id=114132&scans_id=110198&peptide_id=2479&scanf=11473&charge=2&value=1,R.GELANEVK.V,/core/www/modules/show_out/show_out_wrapper.php?run_id=110202&search_id=114132&scans_id=110198&peptide_id=2479&scanf=11473&charge=2&value=R.GELANEVK.V,MYH9,8.869e+6,1.890,0.148,0.830,0.007
11476,2,"  3.147","  0.561",13/24,/core/www/modules//sdig/index.php?run_id=110202&search_id=114132&scans_id=110198&peptide_id=2482&scanf=11476&charge=2&value=13/24,sp|O95239|KIF4A_HUMAN,/core/www/modules//consensus/?run_id=110202&search_id=114132&scans_id=110198&peptide_id=2482&scanf=11476&charge=2&value=sp|O95239|KIF4A_HUMAN,1,/core/www/modules/match_peptides/blast_html4.php?run_id=110202&search_id=114132&scans_id=110198&peptide_id=2482&scanf=11476&charge=2&value=1,R.TVASTAMNSQSSR.S,/core/www/modules/show_out/show_out_wrapper.php?run_id=110202&search_id=114132&scans_id=110198&peptide_id=2482&scanf=11476&charge=2&value=R.TVASTAMNSQSSR.S,KIF4A,3.366e+6,3.254,0.002,2.784,0.000
11477,2,"  1.732","  0.328",8/16,/core/www/modules//sdig/index.php?run_id=110202&search_id=114132&scans_id=110198&peptide_id=2483&scanf=11477&charge=2&value=8/16,sp|Q00577|PURA_HUMAN,/core/www/modules//consensus/?run_id=110202&search_id=114132&scans_id=110198&peptide_id=2483&scanf=11477&charge=2&value=sp|Q00577|PURA_HUMAN,0,/core/www/modules/match_peptides/blast_html4.php?run_id=110202&search_id=114132&scans_id=110198&peptide_id=2483&scanf=11477&charge=2&value=0,R.VSEVKPTYR.N,/core/www/modules/show_out/show_out_wrapper.php?run_id=110202&search_id=114132&scans_id=110198&peptide_id=2483&scanf=11477&charge=2&value=R.VSEVKPTYR.N,PURA,5.378e+6,2.510,0.020,1.688,0.000
11478,2,"  2.750","  0.463",12/22,/core/www/modules//sdig/index.php?run_id=110202&search_id=114132&scans_id=110198&peptide_id=2484&scanf=11478&charge=2&value=12/22,sp|P31483|TIA1_HUMAN,/core/www/modules//consensus/?run_id=110202&search_id=114132&scans_id=110198&peptide_id=2484&scanf=11478&charge=2&value=sp|P31483|TIA1_HUMAN,2,/core/www/modules/match_peptides/blast_html4.php?run_id=110202&search_id=114132&scans_id=110198&peptide_id=2484&scanf=11478&charge=2&value=2,K.DTSSSTVVSTQR.S,/core/www/modules/show_out/show_out_wrapper.php?run_id=110202&search_id=114132&scans_id=110198&peptide_id=2484&scanf=11478&charge=2&value=K.DTSSSTVVSTQR.S,TIA1,1.369e+6,2.868,0.006,2.213,0.000
11482,2,"  1.366","  0.194",7/14,/core/www/modules//sdig/index.php?run_id=110202&search_id=114132&scans_id=110198&peptide_id=2489&scanf=11482&charge=2&value=7/14,sp|Q04637|IF4G1_HUMAN,/core/www/modules//consensus/?run_id=110202&search_id=114132&scans_id=110198&peptide_id=2489&scanf=11482&charge=2&value=sp|Q04637|IF4G1_HUMAN,3,/core/www/modules/match_peptides/blast_html4.php?run_id=110202&search_id=114132&scans_id=110198&peptide_id=2489&scanf=11482&charge=2&value=3,R.GPAGLGPR.R,/core/www/modules/show_out/show_out_wrapper.php?run_id=110202&search_id=114132&scans_id=110198&peptide_id=2489&scanf=11482&charge=2&value=R.GPAGLGPR.R,EIF4G1,1.693e+6,2.060,0.089,1.053,0.004
11486,2,"  1.819","  0.326",8/20,/core/www/modules//sdig/index.php?run_id=110202&search_id=114132&scans_id=110198&peptide_id=2493&scanf=11486&charge=2&value=8/20,tr|A0A087WT58|A0A087WT58_HUMAN,/core/www/modules//consensus/?run_id=110202&search_id=114132&scans_id=110198&peptide_id=2493&scanf=11486&charge=2&value=tr|A0A087WT58|A0A087WT58_HUMAN,0,/core/www/modules/match_peptides/blast_html4.php?run_id=110202&search_id=114132&scans_id=110198&peptide_id=2493&scanf=11486&charge=2&value=0,R.ISSTAVCVEMR.H,/core/www/modules/show_out/show_out_wrapper.php?run_id=110202&search_id=114132&scans_id=110198&peptide_id=2493&scanf=11486&charge=2&value=R.ISSTAVCVEMR.H,MROH2A,1.133e+6,2.227,0.052,1.283,0.002
11488,2,"  2.924","  0.697",12/24,/core/www/modules//sdig/index.php?run_id=110202&search_id=114132&scans_id=110198&peptide_id=2495&scanf=11488&charge=2&value=12/24,sp|P62306|RUXF_HUMAN,/core/www/modules//consensus/?run_id=110202&search_id=114132&scans_id=110198&peptide_id=2495&scanf=11488&charge=2&value=sp|P62306|RUXF_HUMAN,0,/core/www/modules/match_peptides/blast_html4.php?run_id=110202&search_id=114132&scans_id=110198&peptide_id=2495&scanf=11488&charge=2&value=0,R.GVEEEEEDGEM*RE.-,/core/www/modules/show_out/show_out_wrapper.php?run_id=110202&search_id=114132&scans_id=110198&peptide_id=2495&scanf=11488&charge=2&value=R.GVEEEEEDGEM*RE.-,SNRPF,1.546e+6,3.367,0.001,2.950,0.000
11492,2,"  1.878","  0.258",9/12,/core/www/modules//sdig/index.php?run_id=110202&search_id=114132&scans_id=110198&peptide_id=2499&scanf=11492&charge=2&value=9/12,sp|P15880|RS2_HUMAN,/core/www/modules//consensus/?run_id=110202&search_id=114132&scans_id=110198&peptide_id=2499&scanf=11492&charge=2&value=sp|P15880|RS2_HUMAN,5,/core/www/modules/match_peptides/blast_html4.php?run_id=110202&search_id=114132&scans_id=110198&peptide_id=2499&scanf=11492&charge=2&value=5,K.EVATAIR.G,/core/www/modules/show_out/show_out_wrapper.php?run_id=110202&search_id=114132&scans_id=110198&peptide_id=2499&scanf=11492&charge=2&value=K.EVATAIR.G,RPS2,3.732e+7,2.700,0.011,1.966,0.000
11495,2,"  1.946","  0.197",9/16,/core/www/modules//sdig/index.php?run_id=110202&search_id=114132&scans_id=110198&peptide_id=2502&scanf=11495&charge=2&value=9/16,sp|Q96QC0|PP1RA_HUMAN,/core/www/modules//consensus/?run_id=110202&search_id=114132&scans_id=110198&peptide_id=2502&scanf=11495&charge=2&value=sp|Q96QC0|PP1RA_HUMAN,0,/core/www/modules/match_peptides/blast_html4.php?run_id=110202&search_id=114132&scans_id=110198&peptide_id=2502&scanf=11495&charge=2&value=0,K.IKDFGEAAK.R,/core/www/modules/show_out/show_out_wrapper.php?run_id=110202&search_id=114132&scans_id=110198&peptide_id=2502&scanf=11495&charge=2&value=K.IKDFGEAAK.R,PPP1R10,3.949e+6,1.847,0.168,0.776,0.009
11497,2,"  1.357","  0.053",7/12,/core/www/modules//sdig/index.php?run_id=110202&search_id=114132&scans_id=110198&peptide_id=2504&scanf=11497&charge=2&value=7/12,sp|Q9BQG0|MBB1A_HUMAN,/core/www/modules//consensus/?run_id=110202&search_id=114132&scans_id=110198&peptide_id=2504&scanf=11497&charge=2&value=sp|Q9BQG0|MBB1A_HUMAN,1,/core/www/modules/match_peptides/blast_html4.php?run_id=110202&search_id=114132&scans_id=110198&peptide_id=2504&scanf=11497&charge=2&value=1,K.DQEALMK.S,/core/www/modules/show_out/show_out_wrapper.php?run_id=110202&search_id=114132&scans_id=110198&peptide_id=2504&scanf=11497&charge=2&value=K.DQEALMK.S,MYBBP1A,1.317e+7,1.989,0.110,0.957,0.005
11499,2,"  3.535","  0.636",15/18,/core/www/modules//sdig/index.php?run_id=110202&search_id=114132&scans_id=110198&peptide_id=2506&scanf=11499&charge=2&value=15/18,sp|Q00765|REEP5_HUMAN,/core/www/modules//consensus/?run_id=110202&search_id=114132&scans_id=110198&peptide_id=2506&scanf=11499&charge=2&value=sp|Q00765|REEP5_HUMAN,1,/core/www/modules/match_peptides/blast_html4.php?run_id=110202&search_id=114132&scans_id=110198&peptide_id=2506&scanf=11499&charge=2&value=1,K.HESQMDSVVK.D,/core/www/modules/show_out/show_out_wrapper.php?run_id=110202&search_id=114132&scans_id=110198&peptide_id=2506&scanf=11499&charge=2&value=K.HESQMDSVVK.D,REEP5,9.322e+6,4.105,0.000,4.045,0.000
11500,3,"  3.617","  0.518",15/60,/core/www/modules//sdig/index.php?run_id=110202&search_id=114132&scans_id=110198&peptide_id=2508&scanf=11500&charge=3&value=15/60,sp|Q8IWS0|PHF6_HUMAN,/core/www/modules//consensus/?run_id=110202&search_id=114132&scans_id=110198&peptide_id=2508&scanf=11500&charge=3&value=sp|Q8IWS0|PHF6_HUMAN,2,/core/www/modules/match_peptides/blast_html4.php?run_id=110202&search_id=114132&scans_id=110198&peptide_id=2508&scanf=11500&charge=3&value=2,R.STSSHGTDEMESSSYR.D,/core/www/modules/show_out/show_out_wrapper.php?run_id=110202&search_id=114132&scans_id=110198&peptide_id=2508&scanf=11500&charge=3&value=R.STSSHGTDEMESSSYR.D,PHF6,3.196e+6,3.088,0.003,2.538,0.000
11501,2,"  1.784","  0.180",9/12,/core/www/modules//sdig/index.php?run_id=110202&search_id=114132&scans_id=110198&peptide_id=2509&scanf=11501&charge=2&value=9/12,sp|Q9Y5B9|SP16H_HUMAN,/core/www/modules//consensus/?run_id=110202&search_id=114132&scans_id=110198&peptide_id=2509&scanf=11501&charge=2&value=sp|Q9Y5B9|SP16H_HUMAN,0,/core/www/modules/match_peptides/blast_html4.php?run_id=110202&search_id=114132&scans_id=110198&peptide_id=2509&scanf=11501&charge=2&value=0,K.KKVEFLK.Q,/core/www/modules/show_out/show_out_wrapper.php?run_id=110202&search_id=114132&scans_id=110198&peptide_id=2509&scanf=11501&charge=2&value=K.KKVEFLK.Q,SUPT16H,2.519e+6,1.961,0.120,0.921,0.005
11507,2,"  2.658","  0.557",11/20,/core/www/modules//sdig/index.php?run_id=110202&search_id=114132&scans_id=110198&peptide_id=2515&scanf=11507&charge=2&value=11/20,sp|Q9P013|CWC15_HUMAN,/core/www/modules//consensus/?run_id=110202&search_id=114132&scans_id=110198&peptide_id=2515&scanf=11507&charge=2&value=sp|Q9P013|CWC15_HUMAN,0,/core/www/modules/match_peptides/blast_html4.php?run_id=110202&search_id=114132&scans_id=110198&peptide_id=2515&scanf=11507&charge=2&value=0,R.QTTQDAPEEVR.N,/core/www/modules/show_out/show_out_wrapper.php?run_id=110202&search_id=114132&scans_id=110198&peptide_id=2515&scanf=11507&charge=2&value=R.QTTQDAPEEVR.N,CWC15,1.679e+6,3.338,0.001,2.909,0.000
11508,2,"  1.712","  0.304",8/14,/core/www/modules//sdig/index.php?run_id=110202&search_id=114132&scans_id=110198&peptide_id=2516&scanf=11508&charge=2&value=8/14,sp|P11234|RALB_HUMAN,/core/www/modules//consensus/?run_id=110202&search_id=114132&scans_id=110198&peptide_id=2516&scanf=11508&charge=2&value=sp|P11234|RALB_HUMAN,2,/core/www/modules/match_peptides/blast_html4.php?run_id=110202&search_id=114132&scans_id=110198&peptide_id=2516&scanf=11508&charge=2&value=2,R.QVPVEEAR.S,/core/www/modules/show_out/show_out_wrapper.php?run_id=110202&search_id=114132&scans_id=110198&peptide_id=2516&scanf=11508&charge=2&value=R.QVPVEEAR.S,RALB,4.514e+6,2.565,0.017,1.768,0.000
11510,2,"  1.480","  0.179",5/12,/core/www/modules//sdig/index.php?run_id=110202&search_id=114132&scans_id=110198&peptide_id=2518&scanf=11510&charge=2&value=5/12,sp|P23246|SFPQ_HUMAN,/core/www/modules//consensus/?run_id=110202&search_id=114132&scans_id=110198&peptide_id=2518&scanf=11510&charge=2&value=sp|P23246|SFPQ_HUMAN,2,/core/www/modules/match_peptides/blast_html4.php?run_id=110202&search_id=114132&scans_id=110198&peptide_id=2518&scanf=11510&charge=2&value=2,K.SLDEMEK.Q,/core/www/modules/show_out/show_out_wrapper.php?run_id=110202&search_id=114132&scans_id=110198&peptide_id=2518&scanf=11510&charge=2&value=K.SLDEMEK.Q,SFPQ,4.997e+6,2.003,0.106,0.976,0.005
11511,2,"  1.757","  0.374",8/22,/core/www/modules//sdig/index.php?run_id=110202&search_id=114132&scans_id=110198&peptide_id=2519&scanf=11511&charge=2&value=8/22,sp|P23246|SFPQ_HUMAN,/core/www/modules//consensus/?run_id=110202&search_id=114132&scans_id=110198&peptide_id=2519&scanf=11511&charge=2&value=sp|P23246|SFPQ_HUMAN,1,/core/www/modules/match_peptides/blast_html4.php?run_id=110202&search_id=114132&scans_id=110198&peptide_id=2519&scanf=11511&charge=2&value=1,R.SPPPGM*GLNQNR.G,/core/www/modules/show_out/show_out_wrapper.php?run_id=110202&search_id=114132&scans_id=110198&peptide_id=2519&scanf=11511&charge=2&value=R.SPPPGM*GLNQNR.G,SFPQ,1.488e+6,2.355,0.034,1.465,0.001
11513,2,"  2.579","  0.625",14/18,/core/www/modules//sdig/index.php?run_id=110202&search_id=114132&scans_id=110198&peptide_id=2520&scanf=11513&charge=2&value=14/18,sp|Q07955|SRSF1_HUMAN,/core/www/modules//consensus/?run_id=110202&search_id=114132&scans_id=110198&peptide_id=2520&scanf=11513&charge=2&value=sp|Q07955|SRSF1_HUMAN,2,/core/www/modules/match_peptides/blast_html4.php?run_id=110202&search_id=114132&scans_id=110198&peptide_id=2520&scanf=11513&charge=2&value=2,R.SHEGETAYIR.V,/core/www/modules/show_out/show_out_wrapper.php?run_id=110202&search_id=114132&scans_id=110198&peptide_id=2520&scanf=11513&charge=2&value=R.SHEGETAYIR.V,SRSF1,5.302e+7,4.066,0.000,3.988,0.000
11516,2,"  1.702","  0.226",7/12,/core/www/modules//sdig/index.php?run_id=110202&search_id=114132&scans_id=110198&peptide_id=2523&scanf=11516&charge=2&value=7/12,sp|P13667|PDIA4_HUMAN,/core/www/modules//consensus/?run_id=110202&search_id=114132&scans_id=110198&peptide_id=2523&scanf=11516&charge=2&value=sp|P13667|PDIA4_HUMAN,2,/core/www/modules/match_peptides/blast_html4.php?run_id=110202&search_id=114132&scans_id=110198&peptide_id=2523&scanf=11516&charge=2&value=2,K.LAPEYEK.A,/core/www/modules/show_out/show_out_wrapper.php?run_id=110202&search_id=114132&scans_id=110198&peptide_id=2523&scanf=11516&charge=2&value=K.LAPEYEK.A,PDIA4,4.549e+6,2.440,0.026,1.587,0.001
11519,2,"  2.478","  0.080",14/20,/core/www/modules//sdig/index.php?run_id=110202&search_id=114132&scans_id=110198&peptide_id=2526&scanf=11519&charge=2&value=14/20,sp|P60709|ACTB_HUMAN,/core/www/modules//consensus/?run_id=110202&search_id=114132&scans_id=110198&peptide_id=2526&scanf=11519&charge=2&value=sp|P60709|ACTB_HUMAN,26,/core/www/modules/match_peptides/blast_html4.php?run_id=110202&search_id=114132&scans_id=110198&peptide_id=2526&scanf=11519&charge=2&value=26,R.HQGVMVGM*GQK.D,/core/www/modules/show_out/show_out_wrapper.php?run_id=110202&search_id=114132&scans_id=110198&peptide_id=2526&scanf=11519&charge=2&value=R.HQGVMVGM*GQK.D,ACTB,1.000e+8,2.544,0.018,1.738,0.000
11523,2,"  1.824","  0.264",8/16,/core/www/modules//sdig/index.php?run_id=110202&search_id=114132&scans_id=110198&peptide_id=2531&scanf=11523&charge=2&value=8/16,sp|Q08945|SSRP1_HUMAN,/core/www/modules//consensus/?run_id=110202&search_id=114132&scans_id=110198&peptide_id=2531&scanf=11523&charge=2&value=sp|Q08945|SSRP1_HUMAN,0,/core/www/modules/match_peptides/blast_html4.php?run_id=110202&search_id=114132&scans_id=110198&peptide_id=2531&scanf=11523&charge=2&value=0,R.RVALGHGLK.L,/core/www/modules/show_out/show_out_wrapper.php?run_id=110202&search_id=114132&scans_id=110198&peptide_id=2531&scanf=11523&charge=2&value=R.RVALGHGLK.L,SSRP1,3.246e+6,2.091,0.080,1.094,0.003
11526,2,"  2.027","  0.111",7/14,/core/www/modules//sdig/index.php?run_id=110202&search_id=114132&scans_id=110198&peptide_id=2534&scanf=11526&charge=2&value=7/14,sp|Q8IXT5|RB12B_HUMAN,/core/www/modules//consensus/?run_id=110202&search_id=114132&scans_id=110198&peptide_id=2534&scanf=11526&charge=2&value=sp|Q8IXT5|RB12B_HUMAN,1,/core/www/modules/match_peptides/blast_html4.php?run_id=110202&search_id=114132&scans_id=110198&peptide_id=2534&scanf=11526&charge=2&value=1,R.RPPEEDFR.R,/core/www/modules/show_out/show_out_wrapper.php?run_id=110202&search_id=114132&scans_id=110198&peptide_id=2534&scanf=11526&charge=2&value=R.RPPEEDFR.R,RBM12B,8.041e+6,1.850,0.166,0.779,0.009
11528,2,"  2.383","  0.450",11/22,/core/www/modules//sdig/index.php?run_id=110202&search_id=114132&scans_id=110198&peptide_id=2536&scanf=11528&charge=2&value=11/22,sp|Q9UQB8|BAIP2_HUMAN,/core/www/modules//consensus/?run_id=110202&search_id=114132&scans_id=110198&peptide_id=2536&scanf=11528&charge=2&value=sp|Q9UQB8|BAIP2_HUMAN,11,/core/www/modules/match_peptides/blast_html4.php?run_id=110202&search_id=114132&scans_id=110198&peptide_id=2536&scanf=11528&charge=2&value=11,K.MGELASESQGSK.E,/core/www/modules/show_out/show_out_wrapper.php?run_id=110202&search_id=114132&scans_id=110198&peptide_id=2536&scanf=11528&charge=2&value=K.MGELASESQGSK.E,BAIAP2,9.803e+5,2.844,0.007,2.178,0.000
11531,2,"  1.907","  0.344",7/18,/core/www/modules//sdig/index.php?run_id=110202&search_id=114132&scans_id=110198&peptide_id=2540&scanf=11531&charge=2&value=7/18,sp|Q9BRU9|UTP23_HUMAN,/core/www/modules//consensus/?run_id=110202&search_id=114132&scans_id=110198&peptide_id=2540&scanf=11531&charge=2&value=sp|Q9BRU9|UTP23_HUMAN,0,/core/www/modules/match_peptides/blast_html4.php?run_id=110202&search_id=114132&scans_id=110198&peptide_id=2540&scanf=11531&charge=2&value=0,K.HLKEEQGLVK.N,/core/www/modules/show_out/show_out_wrapper.php?run_id=110202&search_id=114132&scans_id=110198&peptide_id=2540&scanf=11531&charge=2&value=K.HLKEEQGLVK.N,UTP23,1.414e+6,2.038,0.095,1.023,0.004
11536,2,"  1.381","  0.180",8/12,/core/www/modules//sdig/index.php?run_id=110202&search_id=114132&scans_id=110198&peptide_id=2544&scanf=11536&charge=2&value=8/12,sp|P39023|RL3_HUMAN,/core/www/modules//consensus/?run_id=110202&search_id=114132&scans_id=110198&peptide_id=2544&scanf=11536&charge=2&value=sp|P39023|RL3_HUMAN,1,/core/www/modules/match_peptides/blast_html4.php?run_id=110202&search_id=114132&scans_id=110198&peptide_id=2544&scanf=11536&charge=2&value=1,R.FQTM*EEK.K,/core/www/modules/show_out/show_out_wrapper.php?run_id=110202&search_id=114132&scans_id=110198&peptide_id=2544&scanf=11536&charge=2&value=R.FQTM*EEK.K,RPL3,4.471e+6,2.402,0.029,1.533,0.001
11542,3,"  2.817","  0.513",11/56,/core/www/modules//sdig/index.php?run_id=110202&search_id=114132&scans_id=110198&peptide_id=2551&scanf=11542&charge=3&value=11/56,sp|Q12789|TF3C1_HUMAN,/core/www/modules//consensus/?run_id=110202&search_id=114132&scans_id=110198&peptide_id=2551&scanf=11542&charge=3&value=sp|Q12789|TF3C1_HUMAN,0,/core/www/modules/match_peptides/blast_html4.php?run_id=110202&search_id=114132&scans_id=110198&peptide_id=2551&scanf=11542&charge=3&value=0,K.RNDHDDDEDEEVISK.T,/core/www/modules/show_out/show_out_wrapper.php?run_id=110202&search_id=114132&scans_id=110198&peptide_id=2551&scanf=11542&charge=3&value=K.RNDHDDDEDEEVISK.T,GTF3C1,1.253e+6,2.819,0.007,2.142,0.000
11544,2,"  1.806","  0.289",9/16,/core/www/modules//sdig/index.php?run_id=110202&search_id=114132&scans_id=110198&peptide_id=2553&scanf=11544&charge=2&value=9/16,sp|P61978|HNRPK_HUMAN,/core/www/modules//consensus/?run_id=110202&search_id=114132&scans_id=110198&peptide_id=2553&scanf=11544&charge=2&value=sp|P61978|HNRPK_HUMAN,1,/core/www/modules/match_peptides/blast_html4.php?run_id=110202&search_id=114132&scans_id=110198&peptide_id=2553&scanf=11544&charge=2&value=1,R.RDYDDMSPR.R,/core/www/modules/show_out/show_out_wrapper.php?run_id=110202&search_id=114132&scans_id=110198&peptide_id=2553&scanf=11544&charge=2&value=R.RDYDDMSPR.R,HNRNPK,8.715e+6,2.453,0.025,1.606,0.001
11548,3,"  4.085","  0.696",21/76,/core/www/modules//sdig/index.php?run_id=110202&search_id=114132&scans_id=110198&peptide_id=2557&scanf=11548&charge=3&value=21/76,sp|P55081|MFAP1_HUMAN,/core/www/modules//consensus/?run_id=110202&search_id=114132&scans_id=110198&peptide_id=2557&scanf=11548&charge=3&value=sp|P55081|MFAP1_HUMAN,0,/core/www/modules/match_peptides/blast_html4.php?run_id=110202&search_id=114132&scans_id=110198&peptide_id=2557&scanf=11548&charge=3&value=0,K.AKEQEAEPEEQEEDSSSDPR.L,/core/www/modules/show_out/show_out_wrapper.php?run_id=110202&search_id=114132&scans_id=110198&peptide_id=2557&scanf=11548&charge=3&value=K.AKEQEAEPEEQEEDSSSDPR.L,MFAP1,1.053e+6,3.313,0.001,2.871,0.000
11555,2,"  1.736","  0.115",8/12,/core/www/modules//sdig/index.php?run_id=110202&search_id=114132&scans_id=110198&peptide_id=2564&scanf=11555&charge=2&value=8/12,sp|A6NHR9|SMHD1_HUMAN,/core/www/modules//consensus/?run_id=110202&search_id=114132&scans_id=110198&peptide_id=2564&scanf=11555&charge=2&value=sp|A6NHR9|SMHD1_HUMAN,2,/core/www/modules/match_peptides/blast_html4.php?run_id=110202&search_id=114132&scans_id=110198&peptide_id=2564&scanf=11555&charge=2&value=2,K.EDSQILK.I,/core/www/modules/show_out/show_out_wrapper.php?run_id=110202&search_id=114132&scans_id=110198&peptide_id=2564&scanf=11555&charge=2&value=K.EDSQILK.I,SMCHD1,6.529e+6,2.360,0.034,1.472,0.001
11557,2,"  2.119","  0.230",8/14,/core/www/modules//sdig/index.php?run_id=110202&search_id=114132&scans_id=110198&peptide_id=2566&scanf=11557&charge=2&value=8/14,sp|Q8IXT5|RB12B_HUMAN,/core/www/modules//consensus/?run_id=110202&search_id=114132&scans_id=110198&peptide_id=2566&scanf=11557&charge=2&value=sp|Q8IXT5|RB12B_HUMAN,1,/core/www/modules/match_peptides/blast_html4.php?run_id=110202&search_id=114132&scans_id=110198&peptide_id=2566&scanf=11557&charge=2&value=1,R.RPPEEDFR.R,/core/www/modules/show_out/show_out_wrapper.php?run_id=110202&search_id=114132&scans_id=110198&peptide_id=2566&scanf=11557&charge=2&value=R.RPPEEDFR.R,RBM12B,8.041e+6,2.387,0.031,1.511,0.001
11569,2,"  1.770","  0.178",5/12,/core/www/modules//sdig/index.php?run_id=110202&search_id=114132&scans_id=110198&peptide_id=2579&scanf=11569&charge=2&value=5/12,sp|P52272|HNRPM_HUMAN,/core/www/modules//consensus/?run_id=110202&search_id=114132&scans_id=110198&peptide_id=2579&scanf=11569&charge=2&value=sp|P52272|HNRPM_HUMAN,3,/core/www/modules/match_peptides/blast_html4.php?run_id=110202&search_id=114132&scans_id=110198&peptide_id=2579&scanf=11569&charge=2&value=3,R.MGLSM*ER.M,/core/www/modules/show_out/show_out_wrapper.php?run_id=110202&search_id=114132&scans_id=110198&peptide_id=2579&scanf=11569&charge=2&value=R.MGLSM*ER.M,HNRNPM,1.433e+6,2.247,0.049,1.312,0.002
11573,2,"  1.774","  0.211",7/14,/core/www/modules//sdig/index.php?run_id=110202&search_id=114132&scans_id=110198&peptide_id=2584&scanf=11573&charge=2&value=7/14,sp|Q14980|NUMA1_HUMAN,/core/www/modules//consensus/?run_id=110202&search_id=114132&scans_id=110198&peptide_id=2584&scanf=11573&charge=2&value=sp|Q14980|NUMA1_HUMAN,0,/core/www/modules/match_peptides/blast_html4.php?run_id=110202&search_id=114132&scans_id=110198&peptide_id=2584&scanf=11573&charge=2&value=0,R.ELVKEPAR.A,/core/www/modules/show_out/show_out_wrapper.php?run_id=110202&search_id=114132&scans_id=110198&peptide_id=2584&scanf=11573&charge=2&value=R.ELVKEPAR.A,NUMA1,1.796e+6,2.096,0.079,1.101,0.003
11578,3,"  2.412","  0.232",13/36,/core/www/modules//sdig/index.php?run_id=110202&search_id=114132&scans_id=110198&peptide_id=2588&scanf=11578&charge=3&value=13/36,sp|P19388|RPAB1_HUMAN,/core/www/modules//consensus/?run_id=110202&search_id=114132&scans_id=110198&peptide_id=2588&scanf=11578&charge=3&value=sp|P19388|RPAB1_HUMAN,2,/core/www/modules/match_peptides/blast_html4.php?run_id=110202&search_id=114132&scans_id=110198&peptide_id=2588&scanf=11578&charge=3&value=2,K.IIRPSETAGR.Y,/core/www/modules/show_out/show_out_wrapper.php?run_id=110202&search_id=114132&scans_id=110198&peptide_id=2588&scanf=11578&charge=3&value=K.IIRPSETAGR.Y,POLR2E,1.682e+7,2.412,0.028,1.547,0.001
11595,2,"  2.158","  0.346",7/24,/core/www/modules//sdig/index.php?run_id=110202&search_id=114132&scans_id=110198&peptide_id=2607&scanf=11595&charge=2&value=7/24,sp|Q7LBC6|KDM3B_HUMAN,/core/www/modules//consensus/?run_id=110202&search_id=114132&scans_id=110198&peptide_id=2607&scanf=11595&charge=2&value=sp|Q7LBC6|KDM3B_HUMAN,0,/core/www/modules/match_peptides/blast_html4.php?run_id=110202&search_id=114132&scans_id=110198&peptide_id=2607&scanf=11595&charge=2&value=0,K.GGNASGEPGLDQR.A,/core/www/modules/show_out/show_out_wrapper.php?run_id=110202&search_id=114132&scans_id=110198&peptide_id=2607&scanf=11595&charge=2&value=K.GGNASGEPGLDQR.A,KDM3B,6.525e+5,2.101,0.078,1.108,0.003
11597,2,"  2.184","  0.297",10/16,/core/www/modules//sdig/index.php?run_id=110202&search_id=114132&scans_id=110198&peptide_id=2608&scanf=11597&charge=2&value=10/16,sp|Q8IY81|SPB1_HUMAN,/core/www/modules//consensus/?run_id=110202&search_id=114132&scans_id=110198&peptide_id=2608&scanf=11597&charge=2&value=sp|Q8IY81|SPB1_HUMAN,0,/core/www/modules/match_peptides/blast_html4.php?run_id=110202&search_id=114132&scans_id=110198&peptide_id=2608&scanf=11597&charge=2&value=0,K.AQEVAELKR.K,/core/www/modules/show_out/show_out_wrapper.php?run_id=110202&search_id=114132&scans_id=110198&peptide_id=2608&scanf=11597&charge=2&value=K.AQEVAELKR.K,FTSJ3,9.912e+6,2.321,0.038,1.417,0.001
11598,2,"  2.484","  0.481",11/14,/core/www/modules//sdig/index.php?run_id=110202&search_id=114132&scans_id=110198&peptide_id=2609&scanf=11598&charge=2&value=11/14,sp|P39023|RL3_HUMAN,/core/www/modules//consensus/?run_id=110202&search_id=114132&scans_id=110198&peptide_id=2609&scanf=11598&charge=2&value=sp|P39023|RL3_HUMAN,3,/core/www/modules/match_peptides/blast_html4.php?run_id=110202&search_id=114132&scans_id=110198&peptide_id=2609&scanf=11598&charge=2&value=3,K.AGMTHIVR.E,/core/www/modules/show_out/show_out_wrapper.php?run_id=110202&search_id=114132&scans_id=110198&peptide_id=2609&scanf=11598&charge=2&value=K.AGMTHIVR.E,RPL3,6.476e+7,3.633,0.000,3.346,0.000
11611,3,"  2.595","  0.379",11/48,/core/www/modules//sdig/index.php?run_id=110202&search_id=114132&scans_id=110198&peptide_id=2624&scanf=11611&charge=3&value=11/48,sp|Q04637|IF4G1_HUMAN,/core/www/modules//consensus/?run_id=110202&search_id=114132&scans_id=110198&peptide_id=2624&scanf=11611&charge=3&value=sp|Q04637|IF4G1_HUMAN,9,/core/www/modules/match_peptides/blast_html4.php?run_id=110202&search_id=114132&scans_id=110198&peptide_id=2624&scanf=11611&charge=3&value=9,K.IHNAENIQPGEQK.Y,/core/www/modules/show_out/show_out_wrapper.php?run_id=110202&search_id=114132&scans_id=110198&peptide_id=2624&scanf=11611&charge=3&value=K.IHNAENIQPGEQK.Y,EIF4G1,3.296e+6,2.576,0.016,1.785,0.000
11614,2,"  2.741","  0.533",12/18,/core/www/modules//sdig/index.php?run_id=110202&search_id=114132&scans_id=110198&peptide_id=2627&scanf=11614&charge=2&value=12/18,sp|P82914|RT15_HUMAN,/core/www/modules//consensus/?run_id=110202&search_id=114132&scans_id=110198&peptide_id=2627&scanf=11614&charge=2&value=sp|P82914|RT15_HUMAN,0,/core/www/modules/match_peptides/blast_html4.php?run_id=110202&search_id=114132&scans_id=110198&peptide_id=2627&scanf=11614&charge=2&value=0,K.KIVANPEDTR.S,/core/www/modules/show_out/show_out_wrapper.php?run_id=110202&search_id=114132&scans_id=110198&peptide_id=2627&scanf=11614&charge=2&value=K.KIVANPEDTR.S,MRPS15,1.805e+6,3.129,0.003,2.599,0.000
11618,2,"  2.434","  0.281",9/14,/core/www/modules//sdig/index.php?run_id=110202&search_id=114132&scans_id=110198&peptide_id=2630&scanf=11618&charge=2&value=9/14,sp|Q9Y2R4|DDX52_HUMAN,/core/www/modules//consensus/?run_id=110202&search_id=114132&scans_id=110198&peptide_id=2630&scanf=11618&charge=2&value=sp|Q9Y2R4|DDX52_HUMAN,0,/core/www/modules/match_peptides/blast_html4.php?run_id=110202&search_id=114132&scans_id=110198&peptide_id=2630&scanf=11618&charge=2&value=0,R.ELASQIHR.E,/core/www/modules/show_out/show_out_wrapper.php?run_id=110202&search_id=114132&scans_id=110198&peptide_id=2630&scanf=11618&charge=2&value=R.ELASQIHR.E,DDX52,5.723e+6,2.702,0.011,1.969,0.000
11620,4,"  3.308","  0.624",18/90,/core/www/modules//sdig/index.php?run_id=110202&search_id=114132&scans_id=110198&peptide_id=2633&scanf=11620&charge=4&value=18/90,sp|P61313|RL15_HUMAN,/core/www/modules//consensus/?run_id=110202&search_id=114132&scans_id=110198&peptide_id=2633&scanf=11620&charge=4&value=sp|P61313|RL15_HUMAN,5,/core/www/modules/match_peptides/blast_html4.php?run_id=110202&search_id=114132&scans_id=110198&peptide_id=2633&scanf=11620&charge=4&value=5,K.GATYGKPVHHGVNQLK.F,/core/www/modules/show_out/show_out_wrapper.php?run_id=110202&search_id=114132&scans_id=110198&peptide_id=2633&scanf=11620&charge=4&value=K.GATYGKPVHHGVNQLK.F,RPL15,1.091e+8,3.861,0.000,3.683,0.000
11621,3,"  3.352","  0.491",14/48,/core/www/modules//sdig/index.php?run_id=110202&search_id=114132&scans_id=110198&peptide_id=2634&scanf=11621&charge=3&value=14/48,sp|P43243|MATR3_HUMAN,/core/www/modules//consensus/?run_id=110202&search_id=114132&scans_id=110198&peptide_id=2634&scanf=11621&charge=3&value=sp|P43243|MATR3_HUMAN,5,/core/www/modules/match_peptides/blast_html4.php?run_id=110202&search_id=114132&scans_id=110198&peptide_id=2634&scanf=11621&charge=3&value=5,K.EWSQHINGASHSR.R,/core/www/modules/show_out/show_out_wrapper.php?run_id=110202&search_id=114132&scans_id=110198&peptide_id=2634&scanf=11621&charge=3&value=K.EWSQHINGASHSR.R,MATR3,2.626e+6,3.240,0.002,2.763,0.000
11625,2,"  1.733","  0.379",5/18,/core/www/modules//sdig/index.php?run_id=110202&search_id=114132&scans_id=110198&peptide_id=2638&scanf=11625&charge=2&value=5/18,sp|P50990|TCPQ_HUMAN,/core/www/modules//consensus/?run_id=110202&search_id=114132&scans_id=110198&peptide_id=2638&scanf=11625&charge=2&value=sp|P50990|TCPQ_HUMAN,1,/core/www/modules/match_peptides/blast_html4.php?run_id=110202&search_id=114132&scans_id=110198&peptide_id=2638&scanf=11625&charge=2&value=1,R.TAYGPNGMNK.M,/core/www/modules/show_out/show_out_wrapper.php?run_id=110202&search_id=114132&scans_id=110198&peptide_id=2638&scanf=11625&charge=2&value=R.TAYGPNGMNK.M,CCT8,1.593e+6,2.333,0.037,1.433,0.001
11631,2,"  1.939","  0.252",9/12,/core/www/modules//sdig/index.php?run_id=110202&search_id=114132&scans_id=110198&peptide_id=2645&scanf=11631&charge=2&value=9/12,sp|P11387|TOP1_HUMAN,/core/www/modules//consensus/?run_id=110202&search_id=114132&scans_id=110198&peptide_id=2645&scanf=11631&charge=2&value=sp|P11387|TOP1_HUMAN,1,/core/www/modules/match_peptides/blast_html4.php?run_id=110202&search_id=114132&scans_id=110198&peptide_id=2645&scanf=11631&charge=2&value=1,K.EDIKPLK.R,/core/www/modules/show_out/show_out_wrapper.php?run_id=110202&search_id=114132&scans_id=110198&peptide_id=2645&scanf=11631&charge=2&value=K.EDIKPLK.R,TOP1,1.203e+7,2.867,0.006,2.212,0.000
11632,3,"  3.208","  0.450",13/44,/core/www/modules//sdig/index.php?run_id=110202&search_id=114132&scans_id=110198&peptide_id=2646&scanf=11632&charge=3&value=13/44,sp|Q01518|CAP1_HUMAN,/core/www/modules//consensus/?run_id=110202&search_id=114132&scans_id=110198&peptide_id=2646&scanf=11632&charge=3&value=sp|Q01518|CAP1_HUMAN,10,/core/www/modules/match_peptides/blast_html4.php?run_id=110202&search_id=114132&scans_id=110198&peptide_id=2646&scanf=11632&charge=3&value=10,R.LEAVSHTSDMHR.G,/core/www/modules/show_out/show_out_wrapper.php?run_id=110202&search_id=114132&scans_id=110198&peptide_id=2646&scanf=11632&charge=3&value=R.LEAVSHTSDMHR.G,CAP1,1.539e+6,3.038,0.003,2.464,0.000
11641,2,"  2.377","  0.189",11/18,/core/www/modules//sdig/index.php?run_id=110202&search_id=114132&scans_id=110198&peptide_id=2655&scanf=11641&charge=2&value=11/18,sp|P28074|PSB5_HUMAN,/core/www/modules//consensus/?run_id=110202&search_id=114132&scans_id=110198&peptide_id=2655&scanf=11641&charge=2&value=sp|P28074|PSB5_HUMAN,1,/core/www/modules/match_peptides/blast_html4.php?run_id=110202&search_id=114132&scans_id=110198&peptide_id=2655&scanf=11641&charge=2&value=1,R.HGVIVAADSR.A,/core/www/modules/show_out/show_out_wrapper.php?run_id=110202&search_id=114132&scans_id=110198&peptide_id=2655&scanf=11641&charge=2&value=R.HGVIVAADSR.A,PSMB5,3.407e+6,1.984,0.112,0.951,0.005
11645,2,"  3.129","  0.384",13/20,/core/www/modules//sdig/index.php?run_id=110202&search_id=114132&scans_id=110198&peptide_id=2659&scanf=11645&charge=2&value=13/20,sp|P20700|LMNB1_HUMAN,/core/www/modules//consensus/?run_id=110202&search_id=114132&scans_id=110198&peptide_id=2659&scanf=11645&charge=2&value=sp|P20700|LMNB1_HUMAN,3,/core/www/modules/match_peptides/blast_html4.php?run_id=110202&search_id=114132&scans_id=110198&peptide_id=2659&scanf=11645&charge=2&value=3,K.KESDLNGAQIK.L,/core/www/modules/show_out/show_out_wrapper.php?run_id=110202&search_id=114132&scans_id=110198&peptide_id=2659&scanf=11645&charge=2&value=K.KESDLNGAQIK.L,LMNB1,1.577e+6,2.603,0.015,1.824,0.000
11646,2,"  1.898","  0.187",7/12,/core/www/modules//sdig/index.php?run_id=110202&search_id=114132&scans_id=110198&peptide_id=2660&scanf=11646&charge=2&value=7/12,sp|Q9Y312|AAR2_HUMAN,/core/www/modules//consensus/?run_id=110202&search_id=114132&scans_id=110198&peptide_id=2660&scanf=11646&charge=2&value=sp|Q9Y312|AAR2_HUMAN,3,/core/www/modules/match_peptides/blast_html4.php?run_id=110202&search_id=114132&scans_id=110198&peptide_id=2660&scanf=11646&charge=2&value=3,R.VGQNLPR.C,/core/www/modules/show_out/show_out_wrapper.php?run_id=110202&search_id=114132&scans_id=110198&peptide_id=2660&scanf=11646&charge=2&value=R.VGQNLPR.C,AAR2,2.197e+6,2.243,0.049,1.306,0.002
11647,3,"  2.043","  0.472",15/40,/core/www/modules//sdig/index.php?run_id=110202&search_id=114132&scans_id=110198&peptide_id=2661&scanf=11647&charge=3&value=15/40,sp|Q9HB71|CYBP_HUMAN,/core/www/modules//consensus/?run_id=110202&search_id=114132&scans_id=110198&peptide_id=2661&scanf=11647&charge=3&value=sp|Q9HB71|CYBP_HUMAN,0,/core/www/modules/match_peptides/blast_html4.php?run_id=110202&search_id=114132&scans_id=110198&peptide_id=2661&scanf=11647&charge=3&value=0,K.IYEDGDDDMKR.T,/core/www/modules/show_out/show_out_wrapper.php?run_id=110202&search_id=114132&scans_id=110198&peptide_id=2661&scanf=11647&charge=3&value=K.IYEDGDDDMKR.T,CACYBP,6.325e+6,2.946,0.005,2.329,0.000
11667,2,"  2.422","  0.410",10/16,/core/www/modules//sdig/index.php?run_id=110202&search_id=114132&scans_id=110198&peptide_id=2682&scanf=11667&charge=2&value=10/16,sp|Q9P2K5|MYEF2_HUMAN,/core/www/modules//consensus/?run_id=110202&search_id=114132&scans_id=110198&peptide_id=2682&scanf=11667&charge=2&value=sp|Q9P2K5|MYEF2_HUMAN,5,/core/www/modules/match_peptides/blast_html4.php?run_id=110202&search_id=114132&scans_id=110198&peptide_id=2682&scanf=11667&charge=2&value=5,R.FDSPESAEK.A,/core/www/modules/show_out/show_out_wrapper.php?run_id=110202&search_id=114132&scans_id=110198&peptide_id=2682&scanf=11667&charge=2&value=R.FDSPESAEK.A,MYEF2,1.160e+7,3.043,0.003,2.472,0.000
11669,2,"  2.860","  0.535",13/20,/core/www/modules//sdig/index.php?run_id=110202&search_id=114132&scans_id=110198&peptide_id=2684&scanf=11669&charge=2&value=13/20,sp|Q13283|G3BP1_HUMAN,/core/www/modules//consensus/?run_id=110202&search_id=114132&scans_id=110198&peptide_id=2684&scanf=11669&charge=2&value=sp|Q13283|G3BP1_HUMAN,6,/core/www/modules/match_peptides/blast_html4.php?run_id=110202&search_id=114132&scans_id=110198&peptide_id=2684&scanf=11669&charge=2&value=6,R.EAGEQGDIEPR.R,/core/www/modules/show_out/show_out_wrapper.php?run_id=110202&search_id=114132&scans_id=110198&peptide_id=2684&scanf=11669&charge=2&value=R.EAGEQGDIEPR.R,G3BP1,1.037e+7,3.450,0.001,3.074,0.000
11675,2,"  3.437","  0.588",17/20,/core/www/modules//sdig/index.php?run_id=110202&search_id=114132&scans_id=110198&peptide_id=2690&scanf=11675&charge=2&value=17/20,sp|P51610|HCFC1_HUMAN,/core/www/modules//consensus/?run_id=110202&search_id=114132&scans_id=110198&peptide_id=2690&scanf=11675&charge=2&value=sp|P51610|HCFC1_HUMAN,1,/core/www/modules/match_peptides/blast_html4.php?run_id=110202&search_id=114132&scans_id=110198&peptide_id=2690&scanf=11675&charge=2&value=1,R.ESHTAVVYTEK.D,/core/www/modules/show_out/show_out_wrapper.php?run_id=110202&search_id=114132&scans_id=110198&peptide_id=2690&scanf=11675&charge=2&value=R.ESHTAVVYTEK.D,HCFC1,2.096e+6,3.948,0.000,3.813,0.000
11677,3,"  2.877","  0.352",10/44,/core/www/modules//sdig/index.php?run_id=110202&search_id=114132&scans_id=110198&peptide_id=2692&scanf=11677&charge=3&value=10/44,sp|Q5TFE4|NT5D1_HUMAN,/core/www/modules//consensus/?run_id=110202&search_id=114132&scans_id=110198&peptide_id=2692&scanf=11677&charge=3&value=sp|Q5TFE4|NT5D1_HUMAN,0,/core/www/modules/match_peptides/blast_html4.php?run_id=110202&search_id=114132&scans_id=110198&peptide_id=2692&scanf=11677&charge=3&value=0,R.SQRPEESEPLEK.K,/core/www/modules/show_out/show_out_wrapper.php?run_id=110202&search_id=114132&scans_id=110198&peptide_id=2692&scanf=11677&charge=3&value=R.SQRPEESEPLEK.K,NT5DC1,2.009e+6,2.589,0.016,1.804,0.000
11679,2,"  1.635","  0.356",9/16,/core/www/modules//sdig/index.php?run_id=110202&search_id=114132&scans_id=110198&peptide_id=2694&scanf=11679&charge=2&value=9/16,sp|Q9NW13|RBM28_HUMAN,/core/www/modules//consensus/?run_id=110202&search_id=114132&scans_id=110198&peptide_id=2694&scanf=11679&charge=2&value=sp|Q9NW13|RBM28_HUMAN,2,/core/www/modules/match_peptides/blast_html4.php?run_id=110202&search_id=114132&scans_id=110198&peptide_id=2694&scanf=11679&charge=2&value=2,K.VTKPVQIQK.R,/core/www/modules/show_out/show_out_wrapper.php?run_id=110202&search_id=114132&scans_id=110198&peptide_id=2694&scanf=11679&charge=2&value=K.VTKPVQIQK.R,RBM28,7.081e+6,2.763,0.009,2.058,0.000
11681,2,"  2.183","  0.173",9/14,/core/www/modules//sdig/index.php?run_id=110202&search_id=114132&scans_id=110198&peptide_id=2696&scanf=11681&charge=2&value=9/14,sp|P19388|RPAB1_HUMAN,/core/www/modules//consensus/?run_id=110202&search_id=114132&scans_id=110198&peptide_id=2696&scanf=11681&charge=2&value=sp|P19388|RPAB1_HUMAN,4,/core/www/modules/match_peptides/blast_html4.php?run_id=110202&search_id=114132&scans_id=110198&peptide_id=2696&scanf=11681&charge=2&value=4,R.MQEENITR.A,/core/www/modules/show_out/show_out_wrapper.php?run_id=110202&search_id=114132&scans_id=110198&peptide_id=2696&scanf=11681&charge=2&value=R.MQEENITR.A,POLR2E,4.980e+6,2.305,0.040,1.393,0.001
11687,3,"  2.269","  0.217",14/36,/core/www/modules//sdig/index.php?run_id=110202&search_id=114132&scans_id=110198&peptide_id=2702&scanf=11687&charge=3&value=14/36,sp|Q01518|CAP1_HUMAN,/core/www/modules//consensus/?run_id=110202&search_id=114132&scans_id=110198&peptide_id=2702&scanf=11687&charge=3&value=sp|Q01518|CAP1_HUMAN,8,/core/www/modules/match_peptides/blast_html4.php?run_id=110202&search_id=114132&scans_id=110198&peptide_id=2702&scanf=11687&charge=3&value=8,K.HAEMVHTGLK.L,/core/www/modules/show_out/show_out_wrapper.php?run_id=110202&search_id=114132&scans_id=110198&peptide_id=2702&scanf=11687&charge=3&value=K.HAEMVHTGLK.L,CAP1,2.404e+6,2.438,0.026,1.585,0.001
11688,2,"  2.106","  0.343",9/14,/core/www/modules//sdig/index.php?run_id=110202&search_id=114132&scans_id=110198&peptide_id=2703&scanf=11688&charge=2&value=9/14,sp|P26641|EF1G_HUMAN,/core/www/modules//consensus/?run_id=110202&search_id=114132&scans_id=110198&peptide_id=2703&scanf=11688&charge=2&value=sp|P26641|EF1G_HUMAN,0,/core/www/modules/match_peptides/blast_html4.php?run_id=110202&search_id=114132&scans_id=110198&peptide_id=2703&scanf=11688&charge=2&value=0,R.QAFPNTNR.W,/core/www/modules/show_out/show_out_wrapper.php?run_id=110202&search_id=114132&scans_id=110198&peptide_id=2703&scanf=11688&charge=2&value=R.QAFPNTNR.W,EEF1G,2.061e+7,2.872,0.006,2.220,0.000
11689,3,"  3.320","  0.341",11/44,/core/www/modules//sdig/index.php?run_id=110202&search_id=114132&scans_id=110198&peptide_id=2704&scanf=11689&charge=3&value=11/44,sp|Q96T23|RSF1_HUMAN,/core/www/modules//consensus/?run_id=110202&search_id=114132&scans_id=110198&peptide_id=2704&scanf=11689&charge=3&value=sp|Q96T23|RSF1_HUMAN,2,/core/www/modules/match_peptides/blast_html4.php?run_id=110202&search_id=114132&scans_id=110198&peptide_id=2704&scanf=11689&charge=3&value=2,K.LEKPLPENEEKK.I,/core/www/modules/show_out/show_out_wrapper.php?run_id=110202&search_id=114132&scans_id=110198&peptide_id=2704&scanf=11689&charge=3&value=K.LEKPLPENEEKK.I,RSF1,2.732e+6,2.427,0.027,1.569,0.001
11690,2,"  2.632","  0.478",9/20,/core/www/modules//sdig/index.php?run_id=110202&search_id=114132&scans_id=110198&peptide_id=2706&scanf=11690&charge=2&value=9/20,sp|O60814|H2B1K_HUMAN,/core/www/modules//consensus/?run_id=110202&search_id=114132&scans_id=110198&peptide_id=2706&scanf=11690&charge=2&value=sp|O60814|H2B1K_HUMAN,15,/core/www/modules/match_peptides/blast_html4.php?run_id=110202&search_id=114132&scans_id=110198&peptide_id=2706&scanf=11690&charge=2&value=15,K.QVHPDTGISSK.A,/core/www/modules/show_out/show_out_wrapper.php?run_id=110202&search_id=114132&scans_id=110198&peptide_id=2706&scanf=11690&charge=2&value=K.QVHPDTGISSK.A,H2BC12,2.810e+8,3.137,0.002,2.611,0.000
11695,2,"  2.712","  0.479",11/20,/core/www/modules//sdig/index.php?run_id=110202&search_id=114132&scans_id=110198&peptide_id=2711&scanf=11695&charge=2&value=11/20,sp|Q96T23|RSF1_HUMAN,/core/www/modules//consensus/?run_id=110202&search_id=114132&scans_id=110198&peptide_id=2711&scanf=11695&charge=2&value=sp|Q96T23|RSF1_HUMAN,1,/core/www/modules/match_peptides/blast_html4.php?run_id=110202&search_id=114132&scans_id=110198&peptide_id=2711&scanf=11695&charge=2&value=1,R.GKDISTITGHR.G,/core/www/modules/show_out/show_out_wrapper.php?run_id=110202&search_id=114132&scans_id=110198&peptide_id=2711&scanf=11695&charge=2&value=R.GKDISTITGHR.G,RSF1,1.273e+6,2.722,0.010,1.999,0.000
11703,3,"  2.502","  0.370",14/40,/core/www/modules//sdig/index.php?run_id=110202&search_id=114132&scans_id=110198&peptide_id=2719&scanf=11703&charge=3&value=14/40,sp|O00267|SPT5H_HUMAN,/core/www/modules//consensus/?run_id=110202&search_id=114132&scans_id=110198&peptide_id=2719&scanf=11703&charge=3&value=sp|O00267|SPT5H_HUMAN,0,/core/www/modules/match_peptides/blast_html4.php?run_id=110202&search_id=114132&scans_id=110198&peptide_id=2719&scanf=11703&charge=3&value=0,R.HLVLAGGSKPR.D,/core/www/modules/show_out/show_out_wrapper.php?run_id=110202&search_id=114132&scans_id=110198&peptide_id=2719&scanf=11703&charge=3&value=R.HLVLAGGSKPR.D,SUPT5H,1.085e+7,2.956,0.005,2.343,0.000
11705,3,"  3.600","  0.366",10/40,/core/www/modules//sdig/index.php?run_id=110202&search_id=114132&scans_id=110198&peptide_id=2721&scanf=11705&charge=3&value=10/40,sp|Q13310|PABP4_HUMAN,/core/www/modules//consensus/?run_id=110202&search_id=114132&scans_id=110198&peptide_id=2721&scanf=11705&charge=3&value=sp|Q13310|PABP4_HUMAN,7,/core/www/modules/match_peptides/blast_html4.php?run_id=110202&search_id=114132&scans_id=110198&peptide_id=2721&scanf=11705&charge=3&value=7,R.KAHLTNQYMQR.V,/core/www/modules/show_out/show_out_wrapper.php?run_id=110202&search_id=114132&scans_id=110198&peptide_id=2721&scanf=11705&charge=3&value=R.KAHLTNQYMQR.V,PABPC4,3.007e+6,2.512,0.020,1.691,0.000
11710,2,"  2.620","  0.301",13/16,/core/www/modules//sdig/index.php?run_id=110202&search_id=114132&scans_id=110198&peptide_id=2727&scanf=11710&charge=2&value=13/16,sp|P05455|LA_HUMAN,/core/www/modules//consensus/?run_id=110202&search_id=114132&scans_id=110198&peptide_id=2727&scanf=11710&charge=2&value=sp|P05455|LA_HUMAN,1,/core/www/modules/match_peptides/blast_html4.php?run_id=110202&search_id=114132&scans_id=110198&peptide_id=2727&scanf=11710&charge=2&value=1,K.KFVETPGQK.Y,/core/www/modules/show_out/show_out_wrapper.php?run_id=110202&search_id=114132&scans_id=110198&peptide_id=2727&scanf=11710&charge=2&value=K.KFVETPGQK.Y,SSB,4.821e+6,2.704,0.011,1.972,0.000
11713,2,"  1.772","  0.311",7/12,/core/www/modules//sdig/index.php?run_id=110202&search_id=114132&scans_id=110198&peptide_id=2730&scanf=11713&charge=2&value=7/12,sp|P43243|MATR3_HUMAN,/core/www/modules//consensus/?run_id=110202&search_id=114132&scans_id=110198&peptide_id=2730&scanf=11713&charge=2&value=sp|P43243|MATR3_HUMAN,5,/core/www/modules/match_peptides/blast_html4.php?run_id=110202&search_id=114132&scans_id=110198&peptide_id=2730&scanf=11713&charge=2&value=5,K.FDSEYER.M,/core/www/modules/show_out/show_out_wrapper.php?run_id=110202&search_id=114132&scans_id=110198&peptide_id=2730&scanf=11713&charge=2&value=K.FDSEYER.M,MATR3,1.143e+7,2.730,0.010,2.010,0.000
11714,2,"  2.138","  0.398",11/18,/core/www/modules//sdig/index.php?run_id=110202&search_id=114132&scans_id=110198&peptide_id=2731&scanf=11714&charge=2&value=11/18,sp|Q14152|EIF3A_HUMAN,/core/www/modules//consensus/?run_id=110202&search_id=114132&scans_id=110198&peptide_id=2731&scanf=11714&charge=2&value=sp|Q14152|EIF3A_HUMAN,0,/core/www/modules/match_peptides/blast_html4.php?run_id=110202&search_id=114132&scans_id=110198&peptide_id=2731&scanf=11714&charge=2&value=0,R.KGPEADSEWR.R,/core/www/modules/show_out/show_out_wrapper.php?run_id=110202&search_id=114132&scans_id=110198&peptide_id=2731&scanf=11714&charge=2&value=R.KGPEADSEWR.R,EIF3A,1.904e+6,2.733,0.010,2.015,0.000
11717,2,"  2.218","  0.263",11/18,/core/www/modules//sdig/index.php?run_id=110202&search_id=114132&scans_id=110198&peptide_id=2734&scanf=11717&charge=2&value=11/18,sp|Q9NRZ9|HELLS_HUMAN,/core/www/modules//consensus/?run_id=110202&search_id=114132&scans_id=110198&peptide_id=2734&scanf=11717&charge=2&value=sp|Q9NRZ9|HELLS_HUMAN,2,/core/www/modules/match_peptides/blast_html4.php?run_id=110202&search_id=114132&scans_id=110198&peptide_id=2734&scanf=11717&charge=2&value=2,K.MEQQQLEEQK.K,/core/www/modules/show_out/show_out_wrapper.php?run_id=110202&search_id=114132&scans_id=110198&peptide_id=2734&scanf=11717&charge=2&value=K.MEQQQLEEQK.K,HELLS,1.224e+6,2.422,0.027,1.561,0.001
11718,2,"  1.823","  0.228",9/18,/core/www/modules//sdig/index.php?run_id=110202&search_id=114132&scans_id=110198&peptide_id=2735&scanf=11718&charge=2&value=9/18,sp|O14497|ARI1A_HUMAN,/core/www/modules//consensus/?run_id=110202&search_id=114132&scans_id=110198&peptide_id=2735&scanf=11718&charge=2&value=sp|O14497|ARI1A_HUMAN,2,/core/www/modules/match_peptides/blast_html4.php?run_id=110202&search_id=114132&scans_id=110198&peptide_id=2735&scanf=11718&charge=2&value=2,R.TDEMLHTDQR.A,/core/www/modules/show_out/show_out_wrapper.php?run_id=110202&search_id=114132&scans_id=110198&peptide_id=2735&scanf=11718&charge=2&value=R.TDEMLHTDQR.A,ARID1A,1.974e+6,2.255,0.048,1.323,0.002
11724,2,"  1.877","  0.103",8/14,/core/www/modules//sdig/index.php?run_id=110202&search_id=114132&scans_id=110198&peptide_id=2741&scanf=11724&charge=2&value=8/14,sp|Q9UBF2|COPG2_HUMAN,/core/www/modules//consensus/?run_id=110202&search_id=114132&scans_id=110198&peptide_id=2741&scanf=11724&charge=2&value=sp|Q9UBF2|COPG2_HUMAN,1,/core/www/modules/match_peptides/blast_html4.php?run_id=110202&search_id=114132&scans_id=110198&peptide_id=2741&scanf=11724&charge=2&value=1,K.SAVLQEAR.I,/core/www/modules/show_out/show_out_wrapper.php?run_id=110202&search_id=114132&scans_id=110198&peptide_id=2741&scanf=11724&charge=2&value=K.SAVLQEAR.I,COPG2,2.591e+7,1.961,0.120,0.920,0.005
11729,3,"  2.884","  0.311",10/44,/core/www/modules//sdig/index.php?run_id=110202&search_id=114132&scans_id=110198&peptide_id=2746&scanf=11729&charge=3&value=10/44,sp|Q13123|RED_HUMAN,/core/www/modules//consensus/?run_id=110202&search_id=114132&scans_id=110198&peptide_id=2746&scanf=11729&charge=3&value=sp|Q13123|RED_HUMAN,0,/core/www/modules/match_peptides/blast_html4.php?run_id=110202&search_id=114132&scans_id=110198&peptide_id=2746&scanf=11729&charge=3&value=0,R.FKETNDKAELDR.Q,/core/www/modules/show_out/show_out_wrapper.php?run_id=110202&search_id=114132&scans_id=110198&peptide_id=2746&scanf=11729&charge=3&value=R.FKETNDKAELDR.Q,IK,2.809e+6,1.932,0.131,0.883,0.006
11731,3,"  1.963","  0.241",11/36,/core/www/modules//sdig/index.php?run_id=110202&search_id=114132&scans_id=110198&peptide_id=2749&scanf=11731&charge=3&value=11/36,sp|P49368|TCPG_HUMAN,/core/www/modules//consensus/?run_id=110202&search_id=114132&scans_id=110198&peptide_id=2749&scanf=11731&charge=3&value=sp|P49368|TCPG_HUMAN,4,/core/www/modules/match_peptides/blast_html4.php?run_id=110202&search_id=114132&scans_id=110198&peptide_id=2749&scanf=11731&charge=3&value=4,R.EIQVQHPAAK.S,/core/www/modules/show_out/show_out_wrapper.php?run_id=110202&search_id=114132&scans_id=110198&peptide_id=2749&scanf=11731&charge=3&value=R.EIQVQHPAAK.S,CCT3,1.664e+7,2.409,0.029,1.542,0.001
11735,3,"  2.089","  0.122",12/36,/core/www/modules//sdig/index.php?run_id=110202&search_id=114132&scans_id=110198&peptide_id=2753&scanf=11735&charge=3&value=12/36,sp|P20700|LMNB1_HUMAN,/core/www/modules//consensus/?run_id=110202&search_id=114132&scans_id=110198&peptide_id=2753&scanf=11735&charge=3&value=sp|P20700|LMNB1_HUMAN,2,/core/www/modules/match_peptides/blast_html4.php?run_id=110202&search_id=114132&scans_id=110198&peptide_id=2753&scanf=11735&charge=3&value=2,K.EELEQTYHAK.L,/core/www/modules/show_out/show_out_wrapper.php?run_id=110202&search_id=114132&scans_id=110198&peptide_id=2753&scanf=11735&charge=3&value=K.EELEQTYHAK.L,LMNB1,2.851e+6,1.966,0.118,0.928,0.005
11741,2,"  2.009","  0.225",8/14,/core/www/modules//sdig/index.php?run_id=110202&search_id=114132&scans_id=110198&peptide_id=2760&scanf=11741&charge=2&value=8/14,sp|Q9P2I0|CPSF2_HUMAN,/core/www/modules//consensus/?run_id=110202&search_id=114132&scans_id=110198&peptide_id=2760&scanf=11741&charge=2&value=sp|Q9P2I0|CPSF2_HUMAN,1,/core/www/modules/match_peptides/blast_html4.php?run_id=110202&search_id=114132&scans_id=110198&peptide_id=2760&scanf=11741&charge=2&value=1,K.IINQMKPR.Q,/core/www/modules/show_out/show_out_wrapper.php?run_id=110202&search_id=114132&scans_id=110198&peptide_id=2760&scanf=11741&charge=2&value=K.IINQMKPR.Q,CPSF2,3.037e+6,2.366,0.033,1.480,0.001
11744,2,"  2.705","  0.251",12/18,/core/www/modules//sdig/index.php?run_id=110202&search_id=114132&scans_id=110198&peptide_id=2762&scanf=11744&charge=2&value=12/18,sp|P09382|LEG1_HUMAN,/core/www/modules//consensus/?run_id=110202&search_id=114132&scans_id=110198&peptide_id=2762&scanf=11744&charge=2&value=sp|P09382|LEG1_HUMAN,0,/core/www/modules/match_peptides/blast_html4.php?run_id=110202&search_id=114132&scans_id=110198&peptide_id=2762&scanf=11744&charge=2&value=0,K.DGGAWGTEQR.E,/core/www/modules/show_out/show_out_wrapper.php?run_id=110202&search_id=114132&scans_id=110198&peptide_id=2762&scanf=11744&charge=2&value=K.DGGAWGTEQR.E,LGALS1,2.617e+7,2.529,0.019,1.716,0.000
11745,3,"  4.730","  0.644",21/48,/core/www/modules//sdig/index.php?run_id=110202&search_id=114132&scans_id=110198&peptide_id=2763&scanf=11745&charge=3&value=21/48,sp|Q14566|MCM6_HUMAN,/core/www/modules//consensus/?run_id=110202&search_id=114132&scans_id=110198&peptide_id=2763&scanf=11745&charge=3&value=sp|Q14566|MCM6_HUMAN,0,/core/www/modules/match_peptides/blast_html4.php?run_id=110202&search_id=114132&scans_id=110198&peptide_id=2763&scanf=11745&charge=3&value=0,R.KVEEEEDESALKR.S,/core/www/modules/show_out/show_out_wrapper.php?run_id=110202&search_id=114132&scans_id=110198&peptide_id=2763&scanf=11745&charge=3&value=R.KVEEEEDESALKR.S,MCM6,1.156e+7,3.432,0.001,3.047,0.000
11755,3,"  2.634","  0.316",9/44,/core/www/modules//sdig/index.php?run_id=110202&search_id=114132&scans_id=110198&peptide_id=2774&scanf=11755&charge=3&value=9/44,sp|O43660|PLRG1_HUMAN,/core/www/modules//consensus/?run_id=110202&search_id=114132&scans_id=110198&peptide_id=2774&scanf=11755&charge=3&value=sp|O43660|PLRG1_HUMAN,2,/core/www/modules/match_peptides/blast_html4.php?run_id=110202&search_id=114132&scans_id=110198&peptide_id=2774&scanf=11755&charge=3&value=2,K.GPQNATDSYVHK.Q,/core/www/modules/show_out/show_out_wrapper.php?run_id=110202&search_id=114132&scans_id=110198&peptide_id=2774&scanf=11755&charge=3&value=K.GPQNATDSYVHK.Q,PLRG1,3.927e+6,2.408,0.029,1.541,0.001
11768,2,"  2.979","  0.540",11/18,/core/www/modules//sdig/index.php?run_id=110202&search_id=114132&scans_id=110198&peptide_id=2787&scanf=11768&charge=2&value=11/18,sp|Q96QC0|PP1RA_HUMAN,/core/www/modules//consensus/?run_id=110202&search_id=114132&scans_id=110198&peptide_id=2787&scanf=11768&charge=2&value=sp|Q96QC0|PP1RA_HUMAN,0,/core/www/modules/match_peptides/blast_html4.php?run_id=110202&search_id=114132&scans_id=110198&peptide_id=2787&scanf=11768&charge=2&value=0,K.NASTVVVSDK.Y,/core/www/modules/show_out/show_out_wrapper.php?run_id=110202&search_id=114132&scans_id=110198&peptide_id=2787&scanf=11768&charge=2&value=K.NASTVVVSDK.Y,PPP1R10,5.339e+6,3.402,0.001,3.002,0.000
11769,2,"  2.736","  0.475",9/18,/core/www/modules//sdig/index.php?run_id=110202&search_id=114132&scans_id=110198&peptide_id=2788&scanf=11769&charge=2&value=9/18,sp|Q13813|SPTN1_HUMAN,/core/www/modules//consensus/?run_id=110202&search_id=114132&scans_id=110198&peptide_id=2788&scanf=11769&charge=2&value=sp|Q13813|SPTN1_HUMAN,2,/core/www/modules/match_peptides/blast_html4.php?run_id=110202&search_id=114132&scans_id=110198&peptide_id=2788&scanf=11769&charge=2&value=2,K.VNSLGETAER.L,/core/www/modules/show_out/show_out_wrapper.php?run_id=110202&search_id=114132&scans_id=110198&peptide_id=2788&scanf=11769&charge=2&value=K.VNSLGETAER.L,SPTAN1,6.968e+6,3.188,0.002,2.686,0.000
11772,2,"  3.004","  0.355",12/20,/core/www/modules//sdig/index.php?run_id=110202&search_id=114132&scans_id=110198&peptide_id=2792&scanf=11772&charge=2&value=12/20,sp|Q92973|TNPO1_HUMAN,/core/www/modules//consensus/?run_id=110202&search_id=114132&scans_id=110198&peptide_id=2792&scanf=11772&charge=2&value=sp|Q92973|TNPO1_HUMAN,5,/core/www/modules/match_peptides/blast_html4.php?run_id=110202&search_id=114132&scans_id=110198&peptide_id=2792&scanf=11772&charge=2&value=5,K.ESQSPDTTIQR.T,/core/www/modules/show_out/show_out_wrapper.php?run_id=110202&search_id=114132&scans_id=110198&peptide_id=2792&scanf=11772&charge=2&value=K.ESQSPDTTIQR.T,TNPO1,6.642e+6,2.772,0.008,2.072,0.000
11773,2,"  3.066","  0.509",12/18,/core/www/modules//sdig/index.php?run_id=110202&search_id=114132&scans_id=110198&peptide_id=2793&scanf=11773&charge=2&value=12/18,sp|P49368|TCPG_HUMAN,/core/www/modules//consensus/?run_id=110202&search_id=114132&scans_id=110198&peptide_id=2793&scanf=11773&charge=2&value=sp|P49368|TCPG_HUMAN,4,/core/www/modules/match_peptides/blast_html4.php?run_id=110202&search_id=114132&scans_id=110198&peptide_id=2793&scanf=11773&charge=2&value=4,R.EIQVQHPAAK.S,/core/www/modules/show_out/show_out_wrapper.php?run_id=110202&search_id=114132&scans_id=110198&peptide_id=2793&scanf=11773&charge=2&value=R.EIQVQHPAAK.S,CCT3,8.782e+6,3.387,0.001,2.981,0.000
11774,2,"  2.475","  0.510",11/16,/core/www/modules//sdig/index.php?run_id=110202&search_id=114132&scans_id=110198&peptide_id=2794&scanf=11774&charge=2&value=11/16,sp|P17844|DDX5_HUMAN,/core/www/modules//consensus/?run_id=110202&search_id=114132&scans_id=110198&peptide_id=2794&scanf=11774&charge=2&value=sp|P17844|DDX5_HUMAN,6,/core/www/modules/match_peptides/blast_html4.php?run_id=110202&search_id=114132&scans_id=110198&peptide_id=2794&scanf=11774&charge=2&value=6,R.TAQEVETYR.R,/core/www/modules/show_out/show_out_wrapper.php?run_id=110202&search_id=114132&scans_id=110198&peptide_id=2794&scanf=11774&charge=2&value=R.TAQEVETYR.R,DDX5,4.884e+7,3.580,0.001,3.266,0.000
11775,3,"  3.403","  0.447",15/52,/core/www/modules//sdig/index.php?run_id=110202&search_id=114132&scans_id=110198&peptide_id=2795&scanf=11775&charge=3&value=15/52,sp|Q8NHQ9|DDX55_HUMAN,/core/www/modules//consensus/?run_id=110202&search_id=114132&scans_id=110198&peptide_id=2795&scanf=11775&charge=3&value=sp|Q8NHQ9|DDX55_HUMAN,2,/core/www/modules/match_peptides/blast_html4.php?run_id=110202&search_id=114132&scans_id=110198&peptide_id=2795&scanf=11775&charge=3&value=2,R.NKDVAAEAVTGSGK.T,/core/www/modules/show_out/show_out_wrapper.php?run_id=110202&search_id=114132&scans_id=110198&peptide_id=2795&scanf=11775&charge=3&value=R.NKDVAAEAVTGSGK.T,DDX55,1.890e+6,2.719,0.010,1.994,0.000
11777,2,"  2.083","  0.454",9/20,/core/www/modules//sdig/index.php?run_id=110202&search_id=114132&scans_id=110198&peptide_id=2797&scanf=11777&charge=2&value=9/20,sp|O00422|SAP18_HUMAN,/core/www/modules//consensus/?run_id=110202&search_id=114132&scans_id=110198&peptide_id=2797&scanf=11777&charge=2&value=sp|O00422|SAP18_HUMAN,1,/core/www/modules/match_peptides/blast_html4.php?run_id=110202&search_id=114132&scans_id=110198&peptide_id=2797&scanf=11777&charge=2&value=1,R.VKEIGSTMSGR.K,/core/www/modules/show_out/show_out_wrapper.php?run_id=110202&search_id=114132&scans_id=110198&peptide_id=2797&scanf=11777&charge=2&value=R.VKEIGSTMSGR.K,SAP18,1.745e+6,2.551,0.018,1.748,0.000
11779,3,"  2.229","  0.246",8/28,/core/www/modules//sdig/index.php?run_id=110202&search_id=114132&scans_id=110198&peptide_id=2799&scanf=11779&charge=3&value=8/28,sp|Q92616|GCN1_HUMAN,/core/www/modules//consensus/?run_id=110202&search_id=114132&scans_id=110198&peptide_id=2799&scanf=11779&charge=3&value=sp|Q92616|GCN1_HUMAN,0,/core/www/modules/match_peptides/blast_html4.php?run_id=110202&search_id=114132&scans_id=110198&peptide_id=2799&scanf=11779&charge=3&value=0,K.FDKEEEIR.K,/core/www/modules/show_out/show_out_wrapper.php?run_id=110202&search_id=114132&scans_id=110198&peptide_id=2799&scanf=11779&charge=3&value=K.FDKEEEIR.K,GCN1,5.478e+6,2.382,0.031,1.503,0.001
11781,4,"  2.237","  0.060",10/72,/core/www/modules//sdig/index.php?run_id=110202&search_id=114132&scans_id=110198&peptide_id=2802&scanf=11781&charge=4&value=10/72,sp|Q96KC8|DNJC1_HUMAN,/core/www/modules//consensus/?run_id=110202&search_id=114132&scans_id=110198&peptide_id=2802&scanf=11781&charge=4&value=sp|Q96KC8|DNJC1_HUMAN,0,/core/www/modules/match_peptides/blast_html4.php?run_id=110202&search_id=114132&scans_id=110198&peptide_id=2802&scanf=11781&charge=4&value=0,R.LLEATAKPEPEEK.S,/core/www/modules/show_out/show_out_wrapper.php?run_id=110202&search_id=114132&scans_id=110198&peptide_id=2802&scanf=11781&charge=4&value=R.LLEATAKPEPEEK.S,DNAJC1,4.443e+7,1.871,0.156,0.806,0.008
11782,3,"  2.952","  0.288",12/44,/core/www/modules//sdig/index.php?run_id=110202&search_id=114132&scans_id=110198&peptide_id=2803&scanf=11782&charge=3&value=12/44,sp|Q9Y696|CLIC4_HUMAN,/core/www/modules//consensus/?run_id=110202&search_id=114132&scans_id=110198&peptide_id=2803&scanf=11782&charge=3&value=sp|Q9Y696|CLIC4_HUMAN,0,/core/www/modules/match_peptides/blast_html4.php?run_id=110202&search_id=114132&scans_id=110198&peptide_id=2803&scanf=11782&charge=3&value=0,K.NSRPEANEALER.G,/core/www/modules/show_out/show_out_wrapper.php?run_id=110202&search_id=114132&scans_id=110198&peptide_id=2803&scanf=11782&charge=3&value=K.NSRPEANEALER.G,CLIC4,6.256e+6,2.504,0.021,1.680,0.000
11787,2,"  3.156","  0.453",12/20,/core/www/modules//sdig/index.php?run_id=110202&search_id=114132&scans_id=110198&peptide_id=2807&scanf=11787&charge=2&value=12/20,sp|Q96I99|SUCB2_HUMAN,/core/www/modules//consensus/?run_id=110202&search_id=114132&scans_id=110198&peptide_id=2807&scanf=11787&charge=2&value=sp|Q96I99|SUCB2_HUMAN,1,/core/www/modules/match_peptides/blast_html4.php?run_id=110202&search_id=114132&scans_id=110198&peptide_id=2807&scanf=11787&charge=2&value=1,R.LEGTNVQEAQK.I,/core/www/modules/show_out/show_out_wrapper.php?run_id=110202&search_id=114132&scans_id=110198&peptide_id=2807&scanf=11787&charge=2&value=R.LEGTNVQEAQK.I,SUCLG2,7.432e+6,3.114,0.003,2.577,0.000
11790,2,"  2.079","  0.266",9/16,/core/www/modules//sdig/index.php?run_id=110202&search_id=114132&scans_id=110198&peptide_id=2811&scanf=11790&charge=2&value=9/16,sp|Q9BUQ8|DDX23_HUMAN,/core/www/modules//consensus/?run_id=110202&search_id=114132&scans_id=110198&peptide_id=2811&scanf=11790&charge=2&value=sp|Q9BUQ8|DDX23_HUMAN,4,/core/www/modules/match_peptides/blast_html4.php?run_id=110202&search_id=114132&scans_id=110198&peptide_id=2811&scanf=11790&charge=2&value=4,R.KMLEDPQER.E,/core/www/modules/show_out/show_out_wrapper.php?run_id=110202&search_id=114132&scans_id=110198&peptide_id=2811&scanf=11790&charge=2&value=R.KMLEDPQER.E,DDX23,2.920e+6,2.200,0.057,1.245,0.002
11793,2,"  2.485","  0.343",9/14,/core/www/modules//sdig/index.php?run_id=110202&search_id=114132&scans_id=110198&peptide_id=2814&scanf=11793&charge=2&value=9/14,sp|P37108|SRP14_HUMAN,/core/www/modules//consensus/?run_id=110202&search_id=114132&scans_id=110198&peptide_id=2814&scanf=11793&charge=2&value=sp|P37108|SRP14_HUMAN,1,/core/www/modules/match_peptides/blast_html4.php?run_id=110202&search_id=114132&scans_id=110198&peptide_id=2814&scanf=11793&charge=2&value=1,K.ISTVVSSK.E,/core/www/modules/show_out/show_out_wrapper.php?run_id=110202&search_id=114132&scans_id=110198&peptide_id=2814&scanf=11793&charge=2&value=K.ISTVVSSK.E,SRP14,1.062e+7,2.878,0.006,2.228,0.000
11801,3,"  2.653","  0.399",12/56,/core/www/modules//sdig/index.php?run_id=110202&search_id=114132&scans_id=110198&peptide_id=2823&scanf=11801&charge=3&value=12/56,sp|Q13206|DDX10_HUMAN,/core/www/modules//consensus/?run_id=110202&search_id=114132&scans_id=110198&peptide_id=2823&scanf=11801&charge=3&value=sp|Q13206|DDX10_HUMAN,7,/core/www/modules/match_peptides/blast_html4.php?run_id=110202&search_id=114132&scans_id=110198&peptide_id=2823&scanf=11801&charge=3&value=7,K.TANSPGSGARPDPVR.S,/core/www/modules/show_out/show_out_wrapper.php?run_id=110202&search_id=114132&scans_id=110198&peptide_id=2823&scanf=11801&charge=3&value=K.TANSPGSGARPDPVR.S,DDX10,7.661e+6,2.710,0.010,1.981,0.000
11810,3,"  3.425","  0.486",15/44,/core/www/modules//sdig/index.php?run_id=110202&search_id=114132&scans_id=110198&peptide_id=2831&scanf=11810&charge=3&value=15/44,sp|Q00610|CLH1_HUMAN,/core/www/modules//consensus/?run_id=110202&search_id=114132&scans_id=110198&peptide_id=2831&scanf=11810&charge=3&value=sp|Q00610|CLH1_HUMAN,9,/core/www/modules/match_peptides/blast_html4.php?run_id=110202&search_id=114132&scans_id=110198&peptide_id=2831&scanf=11810&charge=3&value=9,K.NNRPSEGPLQTR.L,/core/www/modules/show_out/show_out_wrapper.php?run_id=110202&search_id=114132&scans_id=110198&peptide_id=2831&scanf=11810&charge=3&value=K.NNRPSEGPLQTR.L,CLTC,5.419e+6,3.321,0.001,2.883,0.000
11813,2,"  2.132","  0.193",6/12,/core/www/modules//sdig/index.php?run_id=110202&search_id=114132&scans_id=110198&peptide_id=2834&scanf=11813&charge=2&value=6/12,sp|Q96S55|WRIP1_HUMAN,/core/www/modules//consensus/?run_id=110202&search_id=114132&scans_id=110198&peptide_id=2834&scanf=11813&charge=2&value=sp|Q96S55|WRIP1_HUMAN,0,/core/www/modules/match_peptides/blast_html4.php?run_id=110202&search_id=114132&scans_id=110198&peptide_id=2834&scanf=11813&charge=2&value=0,R.SHILYDR.A,/core/www/modules/show_out/show_out_wrapper.php?run_id=110202&search_id=114132&scans_id=110198&peptide_id=2834&scanf=11813&charge=2&value=R.SHILYDR.A,WRNIP1,4.145e+6,2.100,0.078,1.107,0.003
11814,2,"  3.552","  0.393",14/16,/core/www/modules//sdig/index.php?run_id=110202&search_id=114132&scans_id=110198&peptide_id=2835&scanf=11814&charge=2&value=14/16,sp|Q99848|EBP2_HUMAN,/core/www/modules//consensus/?run_id=110202&search_id=114132&scans_id=110198&peptide_id=2835&scanf=11814&charge=2&value=sp|Q99848|EBP2_HUMAN,1,/core/www/modules/match_peptides/blast_html4.php?run_id=110202&search_id=114132&scans_id=110198&peptide_id=2835&scanf=11814&charge=2&value=1,K.KVQTEVLQK.R,/core/www/modules/show_out/show_out_wrapper.php?run_id=110202&search_id=114132&scans_id=110198&peptide_id=2835&scanf=11814&charge=2&value=K.KVQTEVLQK.R,EBNA1BP2,1.757e+7,3.173,0.002,2.664,0.000
11818,2,"  2.357","  0.411",10/22,/core/www/modules//sdig/index.php?run_id=110202&search_id=114132&scans_id=110198&peptide_id=2839&scanf=11818&charge=2&value=10/22,sp|Q9UPY3|DICER_HUMAN,/core/www/modules//consensus/?run_id=110202&search_id=114132&scans_id=110198&peptide_id=2839&scanf=11818&charge=2&value=sp|Q9UPY3|DICER_HUMAN,6,/core/www/modules/match_peptides/blast_html4.php?run_id=110202&search_id=114132&scans_id=110198&peptide_id=2839&scanf=11818&charge=2&value=6,R.AQTASDAGVGVR.S,/core/www/modules/show_out/show_out_wrapper.php?run_id=110202&search_id=114132&scans_id=110198&peptide_id=2839&scanf=11818&charge=2&value=R.AQTASDAGVGVR.S,DICER1,1.824e+6,2.645,0.013,1.886,0.000
11820,2,"  1.998","  0.285",6/14,/core/www/modules//sdig/index.php?run_id=110202&search_id=114132&scans_id=110198&peptide_id=2842&scanf=11820&charge=2&value=6/14,sp|Q9H0U9|TSYL1_HUMAN,/core/www/modules//consensus/?run_id=110202&search_id=114132&scans_id=110198&peptide_id=2842&scanf=11820&charge=2&value=sp|Q9H0U9|TSYL1_HUMAN,0,/core/www/modules/match_peptides/blast_html4.php?run_id=110202&search_id=114132&scans_id=110198&peptide_id=2842&scanf=11820&charge=2&value=0,R.AFQQLEHK.F,/core/www/modules/show_out/show_out_wrapper.php?run_id=110202&search_id=114132&scans_id=110198&peptide_id=2842&scanf=11820&charge=2&value=R.AFQQLEHK.F,TSPYL1,4.201e+6,2.092,0.080,1.097,0.003
11829,2,"  2.510","  0.393",10/18,/core/www/modules//sdig/index.php?run_id=110202&search_id=114132&scans_id=110198&peptide_id=2850&scanf=11829&charge=2&value=10/18,sp|P42696|RBM34_HUMAN,/core/www/modules//consensus/?run_id=110202&search_id=114132&scans_id=110198&peptide_id=2850&scanf=11829&charge=2&value=sp|P42696|RBM34_HUMAN,1,/core/www/modules/match_peptides/blast_html4.php?run_id=110202&search_id=114132&scans_id=110198&peptide_id=2850&scanf=11829&charge=2&value=1,K.EESAATQALK.R,/core/www/modules/show_out/show_out_wrapper.php?run_id=110202&search_id=114132&scans_id=110198&peptide_id=2850&scanf=11829&charge=2&value=K.EESAATQALK.R,RBM34,7.175e+6,2.838,0.007,2.168,0.000
11830,2,"  2.698","  0.530",10/14,/core/www/modules//sdig/index.php?run_id=110202&search_id=114132&scans_id=110198&peptide_id=2852&scanf=11830&charge=2&value=10/14,sp|Q99848|EBP2_HUMAN,/core/www/modules//consensus/?run_id=110202&search_id=114132&scans_id=110198&peptide_id=2852&scanf=11830&charge=2&value=sp|Q99848|EBP2_HUMAN,1,/core/www/modules/match_peptides/blast_html4.php?run_id=110202&search_id=114132&scans_id=110198&peptide_id=2852&scanf=11830&charge=2&value=1,K.AHMMNAIK.K,/core/www/modules/show_out/show_out_wrapper.php?run_id=110202&search_id=114132&scans_id=110198&peptide_id=2852&scanf=11830&charge=2&value=K.AHMMNAIK.K,EBNA1BP2,1.378e+7,3.615,0.000,3.318,0.000
11831,3,"  1.885","  0.205",14/44,/core/www/modules//sdig/index.php?run_id=110202&search_id=114132&scans_id=110198&peptide_id=2853&scanf=11831&charge=3&value=14/44,sp|Q8TDD1|DDX54_HUMAN,/core/www/modules//consensus/?run_id=110202&search_id=114132&scans_id=110198&peptide_id=2853&scanf=11831&charge=3&value=sp|Q8TDD1|DDX54_HUMAN,0,/core/www/modules/match_peptides/blast_html4.php?run_id=110202&search_id=114132&scans_id=110198&peptide_id=2853&scanf=11831&charge=3&value=0,R.SRPAPSPESIKR.A,/core/www/modules/show_out/show_out_wrapper.php?run_id=110202&search_id=114132&scans_id=110198&peptide_id=2853&scanf=11831&charge=3&value=R.SRPAPSPESIKR.A,DDX54,7.515e+6,1.986,0.111,0.954,0.005
11833,2,"  1.728","  0.290",7/14,/core/www/modules//sdig/index.php?run_id=110202&search_id=114132&scans_id=110198&peptide_id=2855&scanf=11833&charge=2&value=7/14,sp|Q9Y5B9|SP16H_HUMAN,/core/www/modules//consensus/?run_id=110202&search_id=114132&scans_id=110198&peptide_id=2855&scanf=11833&charge=2&value=sp|Q9Y5B9|SP16H_HUMAN,0,/core/www/modules/match_peptides/blast_html4.php?run_id=110202&search_id=114132&scans_id=110198&peptide_id=2855&scanf=11833&charge=2&value=0,K.QKPELLNK.I,/core/www/modules/show_out/show_out_wrapper.php?run_id=110202&search_id=114132&scans_id=110198&peptide_id=2855&scanf=11833&charge=2&value=K.QKPELLNK.I,SUPT16H,1.537e+7,2.554,0.018,1.753,0.000
11834,3,"  2.099","  0.185",14/44,/core/www/modules//sdig/index.php?run_id=110202&search_id=114132&scans_id=110198&peptide_id=2856&scanf=11834&charge=3&value=14/44,sp|P47897|SYQ_HUMAN,/core/www/modules//consensus/?run_id=110202&search_id=114132&scans_id=110198&peptide_id=2856&scanf=11834&charge=3&value=sp|P47897|SYQ_HUMAN,4,/core/www/modules/match_peptides/blast_html4.php?run_id=110202&search_id=114132&scans_id=110198&peptide_id=2856&scanf=11834&charge=3&value=4,R.FDDTNPEKEEAK.F,/core/www/modules/show_out/show_out_wrapper.php?run_id=110202&search_id=114132&scans_id=110198&peptide_id=2856&scanf=11834&charge=3&value=R.FDDTNPEKEEAK.F,QARS1,4.600e+6,1.908,0.141,0.852,0.007
11838,2,"  1.923","  0.000",8/12,/core/www/modules//sdig/index.php?run_id=110202&search_id=114132&scans_id=110198&peptide_id=2860&scanf=11838&charge=2&value=8/12,sp|O95183|VAMP5_HUMAN,/core/www/modules//consensus/?run_id=110202&search_id=114132&scans_id=110198&peptide_id=2860&scanf=11838&charge=2&value=sp|O95183|VAMP5_HUMAN,1,/core/www/modules/match_peptides/blast_html4.php?run_id=110202&search_id=114132&scans_id=110198&peptide_id=2860&scanf=11838&charge=2&value=1,K.LAELQQR.S,/core/www/modules/show_out/show_out_wrapper.php?run_id=110202&search_id=114132&scans_id=110198&peptide_id=2860&scanf=11838&charge=2&value=K.LAELQQR.S,VAMP5,4.792e+6,2.322,0.038,1.418,0.001
11839,2,"  3.449","  0.519",16/22,/core/www/modules//sdig/index.php?run_id=110202&search_id=114132&scans_id=110198&peptide_id=2861&scanf=11839&charge=2&value=16/22,sp|Q9Y696|CLIC4_HUMAN,/core/www/modules//consensus/?run_id=110202&search_id=114132&scans_id=110198&peptide_id=2861&scanf=11839&charge=2&value=sp|Q9Y696|CLIC4_HUMAN,0,/core/www/modules/match_peptides/blast_html4.php?run_id=110202&search_id=114132&scans_id=110198&peptide_id=2861&scanf=11839&charge=2&value=0,K.NSRPEANEALER.G,/core/www/modules/show_out/show_out_wrapper.php?run_id=110202&search_id=114132&scans_id=110198&peptide_id=2861&scanf=11839&charge=2&value=K.NSRPEANEALER.G,CLIC4,2.031e+6,3.497,0.001,3.143,0.000
11845,3,"  2.864","  0.360",17/60,/core/www/modules//sdig/index.php?run_id=110202&search_id=114132&scans_id=110198&peptide_id=2868&scanf=11845&charge=3&value=17/60,sp|O95602|RPA1_HUMAN,/core/www/modules//consensus/?run_id=110202&search_id=114132&scans_id=110198&peptide_id=2868&scanf=11845&charge=3&value=sp|O95602|RPA1_HUMAN,0,/core/www/modules/match_peptides/blast_html4.php?run_id=110202&search_id=114132&scans_id=110198&peptide_id=2868&scanf=11845&charge=3&value=0,R.KPTHSQEPQGPEAMER.R,/core/www/modules/show_out/show_out_wrapper.php?run_id=110202&search_id=114132&scans_id=110198&peptide_id=2868&scanf=11845&charge=3&value=R.KPTHSQEPQGPEAMER.R,POLR1A,1.204e+6,2.626,0.014,1.858,0.000
11846,2,"  1.709","  0.201",10/16,/core/www/modules//sdig/index.php?run_id=110202&search_id=114132&scans_id=110198&peptide_id=2869&scanf=11846&charge=2&value=10/16,sp|Q9NQC1|JADE2_HUMAN,/core/www/modules//consensus/?run_id=110202&search_id=114132&scans_id=110198&peptide_id=2869&scanf=11846&charge=2&value=sp|Q9NQC1|JADE2_HUMAN,3,/core/www/modules/match_peptides/blast_html4.php?run_id=110202&search_id=114132&scans_id=110198&peptide_id=2869&scanf=11846&charge=2&value=3,R.EAGAEEVVR.M,/core/www/modules/show_out/show_out_wrapper.php?run_id=110202&search_id=114132&scans_id=110198&peptide_id=2869&scanf=11846&charge=2&value=R.EAGAEEVVR.M,JADE2,3.792e+6,2.300,0.041,1.387,0.001
11849,4,"  3.144","  0.398",17/72,/core/www/modules//sdig/index.php?run_id=110202&search_id=114132&scans_id=110198&peptide_id=2871&scanf=11849&charge=4&value=17/72,sp|Q10570|CPSF1_HUMAN,/core/www/modules//consensus/?run_id=110202&search_id=114132&scans_id=110198&peptide_id=2871&scanf=11849&charge=4&value=sp|Q10570|CPSF1_HUMAN,0,/core/www/modules/match_peptides/blast_html4.php?run_id=110202&search_id=114132&scans_id=110198&peptide_id=2871&scanf=11849&charge=4&value=0,R.LALHKPPLHHQSK.V,/core/www/modules/show_out/show_out_wrapper.php?run_id=110202&search_id=114132&scans_id=110198&peptide_id=2871&scanf=11849&charge=4&value=R.LALHKPPLHHQSK.V,CPSF1,7.919e+6,3.307,0.001,2.863,0.000
11850,2,"  2.092","  0.234",10/16,/core/www/modules//sdig/index.php?run_id=110202&search_id=114132&scans_id=110198&peptide_id=2873&scanf=11850&charge=2&value=10/16,sp|P08621|RU17_HUMAN,/core/www/modules//consensus/?run_id=110202&search_id=114132&scans_id=110198&peptide_id=2873&scanf=11850&charge=2&value=sp|P08621|RU17_HUMAN,0,/core/www/modules/match_peptides/blast_html4.php?run_id=110202&search_id=114132&scans_id=110198&peptide_id=2873&scanf=11850&charge=2&value=0,R.LGGGLGGTR.R,/core/www/modules/show_out/show_out_wrapper.php?run_id=110202&search_id=114132&scans_id=110198&peptide_id=2873&scanf=11850&charge=2&value=R.LGGGLGGTR.R,SNRNP70,1.765e+7,2.411,0.029,1.545,0.001
11854,3,"  1.593","  0.125",7/32,/core/www/modules//sdig/index.php?run_id=110202&search_id=114132&scans_id=110198&peptide_id=2877&scanf=11854&charge=3&value=7/32,sp|Q14151|SAFB2_HUMAN,/core/www/modules//consensus/?run_id=110202&search_id=114132&scans_id=110198&peptide_id=2877&scanf=11854&charge=3&value=sp|Q14151|SAFB2_HUMAN,0,/core/www/modules/match_peptides/blast_html4.php?run_id=110202&search_id=114132&scans_id=110198&peptide_id=2877&scanf=11854&charge=3&value=0,R.ADFPRPDHR.F,/core/www/modules/show_out/show_out_wrapper.php?run_id=110202&search_id=114132&scans_id=110198&peptide_id=2877&scanf=11854&charge=3&value=R.ADFPRPDHR.F,SAFB2,1.940e+7,1.991,0.109,0.961,0.005
11858,2,"  1.843","  0.207",8/14,/core/www/modules//sdig/index.php?run_id=110202&search_id=114132&scans_id=110198&peptide_id=2881&scanf=11858&charge=2&value=8/14,sp|Q03252|LMNB2_HUMAN,/core/www/modules//consensus/?run_id=110202&search_id=114132&scans_id=110198&peptide_id=2881&scanf=11858&charge=2&value=sp|Q03252|LMNB2_HUMAN,0,/core/www/modules/match_peptides/blast_html4.php?run_id=110202&search_id=114132&scans_id=110198&peptide_id=2881&scanf=11858&charge=2&value=0,K.EQEMTEMR.D,/core/www/modules/show_out/show_out_wrapper.php?run_id=110202&search_id=114132&scans_id=110198&peptide_id=2881&scanf=11858&charge=2&value=K.EQEMTEMR.D,LMNB2,2.313e+6,2.314,0.039,1.407,0.001
11859,2,"  1.342","  0.138",6/14,/core/www/modules//sdig/index.php?run_id=110202&search_id=114132&scans_id=110198&peptide_id=2882&scanf=11859&charge=2&value=6/14,sp|P11387|TOP1_HUMAN,/core/www/modules//consensus/?run_id=110202&search_id=114132&scans_id=110198&peptide_id=2882&scanf=11859&charge=2&value=sp|P11387|TOP1_HUMAN,1,/core/www/modules/match_peptides/blast_html4.php?run_id=110202&search_id=114132&scans_id=110198&peptide_id=2882&scanf=11859&charge=2&value=1,K.SM*MNLQTK.I,/core/www/modules/show_out/show_out_wrapper.php?run_id=110202&search_id=114132&scans_id=110198&peptide_id=2882&scanf=11859&charge=2&value=K.SM*MNLQTK.I,TOP1,2.299e+6,2.110,0.076,1.121,0.002
11860,2,"  1.958","  0.176",6/12,/core/www/modules//sdig/index.php?run_id=110202&search_id=114132&scans_id=110198&peptide_id=2884&scanf=11860&charge=2&value=6/12,sp|Q9UG63|ABCF2_HUMAN,/core/www/modules//consensus/?run_id=110202&search_id=114132&scans_id=110198&peptide_id=2884&scanf=11860&charge=2&value=sp|Q9UG63|ABCF2_HUMAN,0,/core/www/modules/match_peptides/blast_html4.php?run_id=110202&search_id=114132&scans_id=110198&peptide_id=2884&scanf=11860&charge=2&value=0,K.QQVSPIR.N,/core/www/modules/show_out/show_out_wrapper.php?run_id=110202&search_id=114132&scans_id=110198&peptide_id=2884&scanf=11860&charge=2&value=K.QQVSPIR.N,ABCF2,4.369e+6,2.030,0.097,1.012,0.005
11865,3,"  2.647","  0.501",14/56,/core/www/modules//sdig/index.php?run_id=110202&search_id=114132&scans_id=110198&peptide_id=2889&scanf=11865&charge=3&value=14/56,sp|P38159|RBMX_HUMAN,/core/www/modules//consensus/?run_id=110202&search_id=114132&scans_id=110198&peptide_id=2889&scanf=11865&charge=3&value=sp|P38159|RBMX_HUMAN,2,/core/www/modules/match_peptides/blast_html4.php?run_id=110202&search_id=114132&scans_id=110198&peptide_id=2889&scanf=11865&charge=3&value=2,R.YDDYSSSRDGYGGSR.D,/core/www/modules/show_out/show_out_wrapper.php?run_id=110202&search_id=114132&scans_id=110198&peptide_id=2889&scanf=11865&charge=3&value=R.YDDYSSSRDGYGGSR.D,RBMX,1.842e+6,2.965,0.004,2.356,0.000
11871,2,"  2.142","  0.498",11/14,/core/www/modules//sdig/index.php?run_id=110202&search_id=114132&scans_id=110198&peptide_id=2895&scanf=11871&charge=2&value=11/14,sp|P62333|PRS10_HUMAN,/core/www/modules//consensus/?run_id=110202&search_id=114132&scans_id=110198&peptide_id=2895&scanf=11871&charge=2&value=sp|P62333|PRS10_HUMAN,1,/core/www/modules/match_peptides/blast_html4.php?run_id=110202&search_id=114132&scans_id=110198&peptide_id=2895&scanf=11871&charge=2&value=1,K.IHAGPITK.H,/core/www/modules/show_out/show_out_wrapper.php?run_id=110202&search_id=114132&scans_id=110198&peptide_id=2895&scanf=11871&charge=2&value=K.IHAGPITK.H,PSMC6,1.033e+7,3.601,0.001,3.298,0.000
11872,3,"  3.222","  0.510",14/44,/core/www/modules//sdig/index.php?run_id=110202&search_id=114132&scans_id=110198&peptide_id=2896&scanf=11872&charge=3&value=14/44,sp|Q8TDD1|DDX54_HUMAN,/core/www/modules//consensus/?run_id=110202&search_id=114132&scans_id=110198&peptide_id=2896&scanf=11872&charge=3&value=sp|Q8TDD1|DDX54_HUMAN,0,/core/www/modules/match_peptides/blast_html4.php?run_id=110202&search_id=114132&scans_id=110198&peptide_id=2896&scanf=11872&charge=3&value=0,R.SRPAPSPESIKR.A,/core/www/modules/show_out/show_out_wrapper.php?run_id=110202&search_id=114132&scans_id=110198&peptide_id=2896&scanf=11872&charge=3&value=R.SRPAPSPESIKR.A,DDX54,7.515e+6,3.066,0.003,2.505,0.000
11873,2,"  1.908","  0.256",10/14,/core/www/modules//sdig/index.php?run_id=110202&search_id=114132&scans_id=110198&peptide_id=2897&scanf=11873&charge=2&value=10/14,sp|Q8IY81|SPB1_HUMAN,/core/www/modules//consensus/?run_id=110202&search_id=114132&scans_id=110198&peptide_id=2897&scanf=11873&charge=2&value=sp|Q8IY81|SPB1_HUMAN,0,/core/www/modules/match_peptides/blast_html4.php?run_id=110202&search_id=114132&scans_id=110198&peptide_id=2897&scanf=11873&charge=2&value=0,R.HVTYVVAK.K,/core/www/modules/show_out/show_out_wrapper.php?run_id=110202&search_id=114132&scans_id=110198&peptide_id=2897&scanf=11873&charge=2&value=R.HVTYVVAK.K,FTSJ3,4.860e+6,2.715,0.010,1.988,0.000
11875,3,"  2.706","  0.383",13/40,/core/www/modules//sdig/index.php?run_id=110202&search_id=114132&scans_id=110198&peptide_id=2899&scanf=11875&charge=3&value=13/40,sp|Q9BWS9|CHID1_HUMAN,/core/www/modules//consensus/?run_id=110202&search_id=114132&scans_id=110198&peptide_id=2899&scanf=11875&charge=3&value=sp|Q9BWS9|CHID1_HUMAN,6,/core/www/modules/match_peptides/blast_html4.php?run_id=110202&search_id=114132&scans_id=110198&peptide_id=2899&scanf=11875&charge=3&value=6,K.SQFSDKPVQDR.G,/core/www/modules/show_out/show_out_wrapper.php?run_id=110202&search_id=114132&scans_id=110198&peptide_id=2899&scanf=11875&charge=3&value=K.SQFSDKPVQDR.G,CHID1,6.522e+6,2.848,0.007,2.184,0.000
11878,2,"  2.063","  0.319",9/16,/core/www/modules//sdig/index.php?run_id=110202&search_id=114132&scans_id=110198&peptide_id=2902&scanf=11878&charge=2&value=9/16,sp|O75369|FLNB_HUMAN,/core/www/modules//consensus/?run_id=110202&search_id=114132&scans_id=110198&peptide_id=2902&scanf=11878&charge=2&value=sp|O75369|FLNB_HUMAN,3,/core/www/modules/match_peptides/blast_html4.php?run_id=110202&search_id=114132&scans_id=110198&peptide_id=2902&scanf=11878&charge=2&value=3,R.VQAQGPGLK.E,/core/www/modules/show_out/show_out_wrapper.php?run_id=110202&search_id=114132&scans_id=110198&peptide_id=2902&scanf=11878&charge=2&value=R.VQAQGPGLK.E,FLNB,6.403e+6,2.760,0.009,2.054,0.000
11882,2,"  2.291","  0.301",8/12,/core/www/modules//sdig/index.php?run_id=110202&search_id=114132&scans_id=110198&peptide_id=2907&scanf=11882&charge=2&value=8/12,sp|Q9UHB9|SRP68_HUMAN,/core/www/modules//consensus/?run_id=110202&search_id=114132&scans_id=110198&peptide_id=2907&scanf=11882&charge=2&value=sp|Q9UHB9|SRP68_HUMAN,0,/core/www/modules/match_peptides/blast_html4.php?run_id=110202&search_id=114132&scans_id=110198&peptide_id=2907&scanf=11882&charge=2&value=0,R.FEHQEWK.A,/core/www/modules/show_out/show_out_wrapper.php?run_id=110202&search_id=114132&scans_id=110198&peptide_id=2907&scanf=11882&charge=2&value=R.FEHQEWK.A,SRP68,2.759e+6,2.826,0.007,2.151,0.000
11886,2,"  3.273","  0.590",12/20,/core/www/modules//sdig/index.php?run_id=110202&search_id=114132&scans_id=110198&peptide_id=2911&scanf=11886&charge=2&value=12/20,sp|Q04637|IF4G1_HUMAN,/core/www/modules//consensus/?run_id=110202&search_id=114132&scans_id=110198&peptide_id=2911&scanf=11886&charge=2&value=sp|Q04637|IF4G1_HUMAN,6,/core/www/modules/match_peptides/blast_html4.php?run_id=110202&search_id=114132&scans_id=110198&peptide_id=2911&scanf=11886&charge=2&value=6,K.EMDEAATAEER.G,/core/www/modules/show_out/show_out_wrapper.php?run_id=110202&search_id=114132&scans_id=110198&peptide_id=2911&scanf=11886&charge=2&value=K.EMDEAATAEER.G,EIF4G1,2.522e+6,3.536,0.001,3.201,0.000
11891,2,"  1.572","  0.119",8/12,/core/www/modules//sdig/index.php?run_id=110202&search_id=114132&scans_id=110198&peptide_id=2916&scanf=11891&charge=2&value=8/12,sp|O60814|H2B1K_HUMAN,/core/www/modules//consensus/?run_id=110202&search_id=114132&scans_id=110198&peptide_id=2916&scanf=11891&charge=2&value=sp|O60814|H2B1K_HUMAN,14,/core/www/modules/match_peptides/blast_html4.php?run_id=110202&search_id=114132&scans_id=110198&peptide_id=2916&scanf=11891&charge=2&value=14,R.EIQTAVR.L,/core/www/modules/show_out/show_out_wrapper.php?run_id=110202&search_id=114132&scans_id=110198&peptide_id=2916&scanf=11891&charge=2&value=R.EIQTAVR.L,H2BC12,9.055e+8,2.368,0.033,1.483,0.001
11892,3,"  2.897","  0.464",15/44,/core/www/modules//sdig/index.php?run_id=110202&search_id=114132&scans_id=110198&peptide_id=2917&scanf=11892&charge=3&value=15/44,sp|Q14151|SAFB2_HUMAN,/core/www/modules//consensus/?run_id=110202&search_id=114132&scans_id=110198&peptide_id=2917&scanf=11892&charge=3&value=sp|Q14151|SAFB2_HUMAN,0,/core/www/modules/match_peptides/blast_html4.php?run_id=110202&search_id=114132&scans_id=110198&peptide_id=2917&scanf=11892&charge=3&value=0,K.DQDELKPGPTNR.S,/core/www/modules/show_out/show_out_wrapper.php?run_id=110202&search_id=114132&scans_id=110198&peptide_id=2917&scanf=11892&charge=3&value=K.DQDELKPGPTNR.S,SAFB2,1.132e+7,3.209,0.002,2.718,0.000
11900,3,"  2.019","  0.170",13/40,/core/www/modules//sdig/index.php?run_id=110202&search_id=114132&scans_id=110198&peptide_id=2926&scanf=11900&charge=3&value=13/40,sp|Q9NW13|RBM28_HUMAN,/core/www/modules//consensus/?run_id=110202&search_id=114132&scans_id=110198&peptide_id=2926&scanf=11900&charge=3&value=sp|Q9NW13|RBM28_HUMAN,1,/core/www/modules/match_peptides/blast_html4.php?run_id=110202&search_id=114132&scans_id=110198&peptide_id=2926&scanf=11900&charge=3&value=1,R.IVLHPDTEHSK.G,/core/www/modules/show_out/show_out_wrapper.php?run_id=110202&search_id=114132&scans_id=110198&peptide_id=2926&scanf=11900&charge=3&value=R.IVLHPDTEHSK.G,RBM28,1.770e+7,2.196,0.058,1.240,0.002
11905,2,"  2.547","  0.308",9/16,/core/www/modules//sdig/index.php?run_id=110202&search_id=114132&scans_id=110198&peptide_id=2931&scanf=11905&charge=2&value=9/16,sp|Q9H4A6|GOLP3_HUMAN,/core/www/modules//consensus/?run_id=110202&search_id=114132&scans_id=110198&peptide_id=2931&scanf=11905&charge=2&value=sp|Q9H4A6|GOLP3_HUMAN,0,/core/www/modules/match_peptides/blast_html4.php?run_id=110202&search_id=114132&scans_id=110198&peptide_id=2931&scanf=11905&charge=2&value=0,K.KVQEAVLDK.W,/core/www/modules/show_out/show_out_wrapper.php?run_id=110202&search_id=114132&scans_id=110198&peptide_id=2931&scanf=11905&charge=2&value=K.KVQEAVLDK.W,GOLPH3,2.185e+6,2.320,0.039,1.414,0.001
11908,2,"  4.829","  0.670",25/38,/core/www/modules//sdig/index.php?run_id=110202&search_id=114132&scans_id=110198&peptide_id=2934&scanf=11908&charge=2&value=25/38,sp|Q92925|SMRD2_HUMAN,/core/www/modules//consensus/?run_id=110202&search_id=114132&scans_id=110198&peptide_id=2934&scanf=11908&charge=2&value=sp|Q92925|SMRD2_HUMAN,4,/core/www/modules/match_peptides/blast_html4.php?run_id=110202&search_id=114132&scans_id=110198&peptide_id=2934&scanf=11908&charge=2&value=4,K.AEGDSAGTAGTPGGTPAGDK.V,/core/www/modules/show_out/show_out_wrapper.php?run_id=110202&search_id=114132&scans_id=110198&peptide_id=2934&scanf=11908&charge=2&value=K.AEGDSAGTAGTPGGTPAGDK.V,SMARCD2,6.116e+6,3.685,0.000,3.422,0.000
11913,2,"  1.439","  0.243",8/12,/core/www/modules//sdig/index.php?run_id=110202&search_id=114132&scans_id=110198&peptide_id=2939&scanf=11913&charge=2&value=8/12,sp|O94776|MTA2_HUMAN,/core/www/modules//consensus/?run_id=110202&search_id=114132&scans_id=110198&peptide_id=2939&scanf=11913&charge=2&value=sp|O94776|MTA2_HUMAN,5,/core/www/modules/match_peptides/blast_html4.php?run_id=110202&search_id=114132&scans_id=110198&peptide_id=2939&scanf=11913&charge=2&value=5,R.AVGTFAR.A,/core/www/modules/show_out/show_out_wrapper.php?run_id=110202&search_id=114132&scans_id=110198&peptide_id=2939&scanf=11913&charge=2&value=R.AVGTFAR.A,MTA2,2.236e+7,2.616,0.014,1.843,0.000
11918,3,"  5.152","  0.632",19/64,/core/www/modules//sdig/index.php?run_id=110202&search_id=114132&scans_id=110198&peptide_id=2944&scanf=11918&charge=3&value=19/64,sp|O00567|NOP56_HUMAN,/core/www/modules//consensus/?run_id=110202&search_id=114132&scans_id=110198&peptide_id=2944&scanf=11918&charge=3&value=sp|O00567|NOP56_HUMAN,0,/core/www/modules/match_peptides/blast_html4.php?run_id=110202&search_id=114132&scans_id=110198&peptide_id=2944&scanf=11918&charge=3&value=0,K.STPKEETVNDPEEAGHR.S,/core/www/modules/show_out/show_out_wrapper.php?run_id=110202&search_id=114132&scans_id=110198&peptide_id=2944&scanf=11918&charge=3&value=K.STPKEETVNDPEEAGHR.S,NOP56,5.800e+6,3.401,0.001,3.001,0.000
11919,4,"  5.254","  0.615",22/138,/core/www/modules//sdig/index.php?run_id=110202&search_id=114132&scans_id=110198&peptide_id=2945&scanf=11919&charge=4&value=22/138,sp|P35637|FUS_HUMAN,/core/www/modules//consensus/?run_id=110202&search_id=114132&scans_id=110198&peptide_id=2945&scanf=11919&charge=4&value=sp|P35637|FUS_HUMAN,1,/core/www/modules/match_peptides/blast_html4.php?run_id=110202&search_id=114132&scans_id=110198&peptide_id=2945&scanf=11919&charge=4&value=1,K.APKPDGPGGGPGGSHM*GGNYGDDR.R,/core/www/modules/show_out/show_out_wrapper.php?run_id=110202&search_id=114132&scans_id=110198&peptide_id=2945&scanf=11919&charge=4&value=K.APKPDGPGGGPGGSHM*GGNYGDDR.R,FUS,1.190e+7,3.588,0.001,3.278,0.000
11931,2,"  1.712","  0.225",7/14,/core/www/modules//sdig/index.php?run_id=110202&search_id=114132&scans_id=110198&peptide_id=2959&scanf=11931&charge=2&value=7/14,sp|P62910|RL32_HUMAN,/core/www/modules//consensus/?run_id=110202&search_id=114132&scans_id=110198&peptide_id=2959&scanf=11931&charge=2&value=sp|P62910|RL32_HUMAN,2,/core/www/modules/match_peptides/blast_html4.php?run_id=110202&search_id=114132&scans_id=110198&peptide_id=2959&scanf=11931&charge=2&value=2,R.KFLVHNVK.E,/core/www/modules/show_out/show_out_wrapper.php?run_id=110202&search_id=114132&scans_id=110198&peptide_id=2959&scanf=11931&charge=2&value=R.KFLVHNVK.E,RPL32,1.359e+6,1.961,0.120,0.921,0.005
11933,2,"  1.615","  0.152",7/12,/core/www/modules//sdig/index.php?run_id=110202&search_id=114132&scans_id=110198&peptide_id=2960&scanf=11933&charge=2&value=7/12,sp|Q15459|SF3A1_HUMAN,/core/www/modules//consensus/?run_id=110202&search_id=114132&scans_id=110198&peptide_id=2960&scanf=11933&charge=2&value=sp|Q15459|SF3A1_HUMAN,0,/core/www/modules/match_peptides/blast_html4.php?run_id=110202&search_id=114132&scans_id=110198&peptide_id=2960&scanf=11933&charge=2&value=0,K.LVEQYTK.I,/core/www/modules/show_out/show_out_wrapper.php?run_id=110202&search_id=114132&scans_id=110198&peptide_id=2960&scanf=11933&charge=2&value=K.LVEQYTK.I,SF3A1,1.057e+7,2.162,0.064,1.192,0.002
11934,3,"  5.784","  0.646",20/52,/core/www/modules//sdig/index.php?run_id=110202&search_id=114132&scans_id=110198&peptide_id=2961&scanf=11934&charge=3&value=20/52,sp|A6NHR9|SMHD1_HUMAN,/core/www/modules//consensus/?run_id=110202&search_id=114132&scans_id=110198&peptide_id=2961&scanf=11934&charge=3&value=sp|A6NHR9|SMHD1_HUMAN,1,/core/www/modules/match_peptides/blast_html4.php?run_id=110202&search_id=114132&scans_id=110198&peptide_id=2961&scanf=11934&charge=3&value=1,R.KPSDSVHITNDDER.F,/core/www/modules/show_out/show_out_wrapper.php?run_id=110202&search_id=114132&scans_id=110198&peptide_id=2961&scanf=11934&charge=3&value=R.KPSDSVHITNDDER.F,SMCHD1,1.928e+7,4.155,0.000,4.119,0.000
11937,2,"  4.239","  0.686",19/32,/core/www/modules//sdig/index.php?run_id=110202&search_id=114132&scans_id=110198&peptide_id=2964&scanf=11937&charge=2&value=19/32,sp|Q9NZB2|F120A_HUMAN,/core/www/modules//consensus/?run_id=110202&search_id=114132&scans_id=110198&peptide_id=2964&scanf=11937&charge=2&value=sp|Q9NZB2|F120A_HUMAN,2,/core/www/modules/match_peptides/blast_html4.php?run_id=110202&search_id=114132&scans_id=110198&peptide_id=2964&scanf=11937&charge=2&value=2,K.AEGSSTASSGSQLAEGK.G,/core/www/modules/show_out/show_out_wrapper.php?run_id=110202&search_id=114132&scans_id=110198&peptide_id=2964&scanf=11937&charge=2&value=K.AEGSSTASSGSQLAEGK.G,FAM120A,3.056e+6,3.700,0.000,3.444,0.000
11938,2,"  1.970","  0.490",9/16,/core/www/modules//sdig/index.php?run_id=110202&search_id=114132&scans_id=110198&peptide_id=2965&scanf=11938&charge=2&value=9/16,sp|Q9HCD5|NCOA5_HUMAN,/core/www/modules//consensus/?run_id=110202&search_id=114132&scans_id=110198&peptide_id=2965&scanf=11938&charge=2&value=sp|Q9HCD5|NCOA5_HUMAN,0,/core/www/modules/match_peptides/blast_html4.php?run_id=110202&search_id=114132&scans_id=110198&peptide_id=2965&scanf=11938&charge=2&value=0,R.YLTAEETDK.I,/core/www/modules/show_out/show_out_wrapper.php?run_id=110202&search_id=114132&scans_id=110198&peptide_id=2965&scanf=11938&charge=2&value=R.YLTAEETDK.I,NCOA5,1.024e+7,3.181,0.002,2.676,0.000
11945,3,"  2.840","  0.515",14/48,/core/www/modules//sdig/index.php?run_id=110202&search_id=114132&scans_id=110198&peptide_id=2973&scanf=11945&charge=3&value=14/48,sp|Q92616|GCN1_HUMAN,/core/www/modules//consensus/?run_id=110202&search_id=114132&scans_id=110198&peptide_id=2973&scanf=11945&charge=3&value=sp|Q92616|GCN1_HUMAN,0,/core/www/modules/match_peptides/blast_html4.php?run_id=110202&search_id=114132&scans_id=110198&peptide_id=2973&scanf=11945&charge=3&value=0,R.HHIETGGGQLPAK.L,/core/www/modules/show_out/show_out_wrapper.php?run_id=110202&search_id=114132&scans_id=110198&peptide_id=2973&scanf=11945&charge=3&value=R.HHIETGGGQLPAK.L,GCN1,7.833e+6,3.367,0.001,2.951,0.000
11946,2,"  1.608","  0.310",6/18,/core/www/modules//sdig/index.php?run_id=110202&search_id=114132&scans_id=110198&peptide_id=2974&scanf=11946&charge=2&value=6/18,sp|P26006|ITA3_HUMAN,/core/www/modules//consensus/?run_id=110202&search_id=114132&scans_id=110198&peptide_id=2974&scanf=11946&charge=2&value=sp|P26006|ITA3_HUMAN,1,/core/www/modules/match_peptides/blast_html4.php?run_id=110202&search_id=114132&scans_id=110198&peptide_id=2974&scanf=11946&charge=2&value=1,R.AAFVSEQQQK.L,/core/www/modules/show_out/show_out_wrapper.php?run_id=110202&search_id=114132&scans_id=110198&peptide_id=2974&scanf=11946&charge=2&value=R.AAFVSEQQQK.L,ITGA3,2.352e+6,2.056,0.090,1.047,0.004
11952,3,"  3.585","  0.509",15/44,/core/www/modules//sdig/index.php?run_id=110202&search_id=114132&scans_id=110198&peptide_id=2981&scanf=11952&charge=3&value=15/44,sp|Q14839|CHD4_HUMAN,/core/www/modules//consensus/?run_id=110202&search_id=114132&scans_id=110198&peptide_id=2981&scanf=11952&charge=3&value=sp|Q14839|CHD4_HUMAN,21,/core/www/modules/match_peptides/blast_html4.php?run_id=110202&search_id=114132&scans_id=110198&peptide_id=2981&scanf=11952&charge=3&value=21,K.ERTEEPMETEPK.G,/core/www/modules/show_out/show_out_wrapper.php?run_id=110202&search_id=114132&scans_id=110198&peptide_id=2981&scanf=11952&charge=3&value=K.ERTEEPMETEPK.G,CHD4,9.577e+6,3.135,0.002,2.607,0.000
11955,3,"  2.588","  0.490",16/44,/core/www/modules//sdig/index.php?run_id=110202&search_id=114132&scans_id=110198&peptide_id=2983&scanf=11955&charge=3&value=16/44,sp|Q9C0J8|WDR33_HUMAN,/core/www/modules//consensus/?run_id=110202&search_id=114132&scans_id=110198&peptide_id=2983&scanf=11955&charge=3&value=sp|Q9C0J8|WDR33_HUMAN,0,/core/www/modules/match_peptides/blast_html4.php?run_id=110202&search_id=114132&scans_id=110198&peptide_id=2983&scanf=11955&charge=3&value=0,K.TGQSLATLHAHK.N,/core/www/modules/show_out/show_out_wrapper.php?run_id=110202&search_id=114132&scans_id=110198&peptide_id=2983&scanf=11955&charge=3&value=K.TGQSLATLHAHK.N,WDR33,8.157e+6,3.281,0.001,2.824,0.000
11956,4,"  3.960","  0.403",15/78,/core/www/modules//sdig/index.php?run_id=110202&search_id=114132&scans_id=110198&peptide_id=2984&scanf=11956&charge=4&value=15/78,sp|P51991|ROA3_HUMAN,/core/www/modules//consensus/?run_id=110202&search_id=114132&scans_id=110198&peptide_id=2984&scanf=11956&charge=4&value=sp|P51991|ROA3_HUMAN,4,/core/www/modules/match_peptides/blast_html4.php?run_id=110202&search_id=114132&scans_id=110198&peptide_id=2984&scanf=11956&charge=4&value=4,R.GEEGHDPKEPEQLR.K,/core/www/modules/show_out/show_out_wrapper.php?run_id=110202&search_id=114132&scans_id=110198&peptide_id=2984&scanf=11956&charge=4&value=R.GEEGHDPKEPEQLR.K,HNRNPA3,5.008e+7,2.936,0.005,2.314,0.000
11960,3,"  3.077","  0.481",14/36,/core/www/modules//sdig/index.php?run_id=110202&search_id=114132&scans_id=110198&peptide_id=2989&scanf=11960&charge=3&value=14/36,sp|O60313|OPA1_HUMAN,/core/www/modules//consensus/?run_id=110202&search_id=114132&scans_id=110198&peptide_id=2989&scanf=11960&charge=3&value=sp|O60313|OPA1_HUMAN,6,/core/www/modules/match_peptides/blast_html4.php?run_id=110202&search_id=114132&scans_id=110198&peptide_id=2989&scanf=11960&charge=3&value=6,R.VIQHNALEDR.S,/core/www/modules/show_out/show_out_wrapper.php?run_id=110202&search_id=114132&scans_id=110198&peptide_id=2989&scanf=11960&charge=3&value=R.VIQHNALEDR.S,OPA1,3.890e+6,3.321,0.001,2.883,0.000
11961,2,"  1.900","  0.242",8/12,/core/www/modules//sdig/index.php?run_id=110202&search_id=114132&scans_id=110198&peptide_id=2990&scanf=11961&charge=2&value=8/12,sp|Q9Y262|EIF3L_HUMAN,/core/www/modules//consensus/?run_id=110202&search_id=114132&scans_id=110198&peptide_id=2990&scanf=11961&charge=2&value=sp|Q9Y262|EIF3L_HUMAN,4,/core/www/modules/match_peptides/blast_html4.php?run_id=110202&search_id=114132&scans_id=110198&peptide_id=2990&scanf=11961&charge=2&value=4,K.QDLAYER.Q,/core/www/modules/show_out/show_out_wrapper.php?run_id=110202&search_id=114132&scans_id=110198&peptide_id=2990&scanf=11961&charge=2&value=K.QDLAYER.Q,EIF3L,7.116e+6,2.388,0.031,1.512,0.001
11964,2,"  1.419","  0.244",8/16,/core/www/modules//sdig/index.php?run_id=110202&search_id=114132&scans_id=110198&peptide_id=2993&scanf=11964&charge=2&value=8/16,sp|Q9UKV3|ACINU_HUMAN,/core/www/modules//consensus/?run_id=110202&search_id=114132&scans_id=110198&peptide_id=2993&scanf=11964&charge=2&value=sp|Q9UKV3|ACINU_HUMAN,3,/core/www/modules/match_peptides/blast_html4.php?run_id=110202&search_id=114132&scans_id=110198&peptide_id=2993&scanf=11964&charge=2&value=3,R.KISVVSATK.G,/core/www/modules/show_out/show_out_wrapper.php?run_id=110202&search_id=114132&scans_id=110198&peptide_id=2993&scanf=11964&charge=2&value=R.KISVVSATK.G,ACIN1,2.404e+6,1.986,0.111,0.954,0.005
11967,2,"  1.974","  0.196",9/14,/core/www/modules//sdig/index.php?run_id=110202&search_id=114132&scans_id=110198&peptide_id=2996&scanf=11967&charge=2&value=9/14,sp|Q12888|TP53B_HUMAN,/core/www/modules//consensus/?run_id=110202&search_id=114132&scans_id=110198&peptide_id=2996&scanf=11967&charge=2&value=sp|Q12888|TP53B_HUMAN,2,/core/www/modules/match_peptides/blast_html4.php?run_id=110202&search_id=114132&scans_id=110198&peptide_id=2996&scanf=11967&charge=2&value=2,K.QYTESQLR.A,/core/www/modules/show_out/show_out_wrapper.php?run_id=110202&search_id=114132&scans_id=110198&peptide_id=2996&scanf=11967&charge=2&value=K.QYTESQLR.A,TP53BP1,5.879e+6,2.337,0.036,1.439,0.001
11968,2,"  2.861","  0.522",10/20,/core/www/modules//sdig/index.php?run_id=110202&search_id=114132&scans_id=110198&peptide_id=2997&scanf=11968&charge=2&value=10/20,sp|P27694|RFA1_HUMAN,/core/www/modules//consensus/?run_id=110202&search_id=114132&scans_id=110198&peptide_id=2997&scanf=11968&charge=2&value=sp|P27694|RFA1_HUMAN,1,/core/www/modules/match_peptides/blast_html4.php?run_id=110202&search_id=114132&scans_id=110198&peptide_id=2997&scanf=11968&charge=2&value=1,R.VKVETYNDESR.I,/core/www/modules/show_out/show_out_wrapper.php?run_id=110202&search_id=114132&scans_id=110198&peptide_id=2997&scanf=11968&charge=2&value=R.VKVETYNDESR.I,RPA1,1.860e+6,2.881,0.006,2.232,0.000
11970,2,"  2.114","  0.419",9/16,/core/www/modules//sdig/index.php?run_id=110202&search_id=114132&scans_id=110198&peptide_id=3000&scanf=11970&charge=2&value=9/16,sp|Q7L014|DDX46_HUMAN,/core/www/modules//consensus/?run_id=110202&search_id=114132&scans_id=110198&peptide_id=3000&scanf=11970&charge=2&value=sp|Q7L014|DDX46_HUMAN,1,/core/www/modules/match_peptides/blast_html4.php?run_id=110202&search_id=114132&scans_id=110198&peptide_id=3000&scanf=11970&charge=2&value=1,R.IVDNVRPDR.Q,/core/www/modules/show_out/show_out_wrapper.php?run_id=110202&search_id=114132&scans_id=110198&peptide_id=3000&scanf=11970&charge=2&value=R.IVDNVRPDR.Q,DDX46,1.172e+7,3.017,0.004,2.433,0.000
11972,2,"  2.212","  0.232",9/16,/core/www/modules//sdig/index.php?run_id=110202&search_id=114132&scans_id=110198&peptide_id=3002&scanf=11972&charge=2&value=9/16,sp|P51665|PSMD7_HUMAN,/core/www/modules//consensus/?run_id=110202&search_id=114132&scans_id=110198&peptide_id=3002&scanf=11972&charge=2&value=sp|P51665|PSMD7_HUMAN,0,/core/www/modules/match_peptides/blast_html4.php?run_id=110202&search_id=114132&scans_id=110198&peptide_id=3002&scanf=11972&charge=2&value=0,R.ITNQVHGLK.G,/core/www/modules/show_out/show_out_wrapper.php?run_id=110202&search_id=114132&scans_id=110198&peptide_id=3002&scanf=11972&charge=2&value=R.ITNQVHGLK.G,PSMD7,3.731e+6,2.267,0.046,1.339,0.002
11973,2,"  2.137","  0.585",11/18,/core/www/modules//sdig/index.php?run_id=110202&search_id=114132&scans_id=110198&peptide_id=3003&scanf=11973&charge=2&value=11/18,sp|P51572|BAP31_HUMAN,/core/www/modules//consensus/?run_id=110202&search_id=114132&scans_id=110198&peptide_id=3003&scanf=11973&charge=2&value=sp|P51572|BAP31_HUMAN,5,/core/www/modules/match_peptides/blast_html4.php?run_id=110202&search_id=114132&scans_id=110198&peptide_id=3003&scanf=11973&charge=2&value=5,K.YMEENDQLKK.G,/core/www/modules/show_out/show_out_wrapper.php?run_id=110202&search_id=114132&scans_id=110198&peptide_id=3003&scanf=11973&charge=2&value=K.YMEENDQLKK.G,BCAP31,2.160e+6,3.055,0.003,2.490,0.000
11976,2,"  1.643","  0.256",8/12,/core/www/modules//sdig/index.php?run_id=110202&search_id=114132&scans_id=110198&peptide_id=3005&scanf=11976&charge=2&value=8/12,sp|Q02880|TOP2B_HUMAN,/core/www/modules//consensus/?run_id=110202&search_id=114132&scans_id=110198&peptide_id=3005&scanf=11976&charge=2&value=sp|Q02880|TOP2B_HUMAN,4,/core/www/modules/match_peptides/blast_html4.php?run_id=110202&search_id=114132&scans_id=110198&peptide_id=3005&scanf=11976&charge=2&value=4,R.EIVNNVR.R,/core/www/modules/show_out/show_out_wrapper.php?run_id=110202&search_id=114132&scans_id=110198&peptide_id=3005&scanf=11976&charge=2&value=R.EIVNNVR.R,TOP2B,2.079e+7,2.715,0.010,1.988,0.000
11977,2,"  1.241","  0.282",6/12,/core/www/modules//sdig/index.php?run_id=110202&search_id=114132&scans_id=110198&peptide_id=3006&scanf=11977&charge=2&value=6/12,sp|P41091|IF2G_HUMAN,/core/www/modules//consensus/?run_id=110202&search_id=114132&scans_id=110198&peptide_id=3006&scanf=11977&charge=2&value=sp|P41091|IF2G_HUMAN,1,/core/www/modules/match_peptides/blast_html4.php?run_id=110202&search_id=114132&scans_id=110198&peptide_id=3006&scanf=11977&charge=2&value=1,R.DFTSEPR.L,/core/www/modules/show_out/show_out_wrapper.php?run_id=110202&search_id=114132&scans_id=110198&peptide_id=3006&scanf=11977&charge=2&value=R.DFTSEPR.L,EIF2S3,7.981e+6,2.436,0.026,1.581,0.001
11981,2,"  1.518","  0.282",8/12,/core/www/modules//sdig/index.php?run_id=110202&search_id=114132&scans_id=110198&peptide_id=3011&scanf=11981&charge=2&value=8/12,sp|P13639|EF2_HUMAN,/core/www/modules//consensus/?run_id=110202&search_id=114132&scans_id=110198&peptide_id=3011&scanf=11981&charge=2&value=sp|P13639|EF2_HUMAN,0,/core/www/modules/match_peptides/blast_html4.php?run_id=110202&search_id=114132&scans_id=110198&peptide_id=3011&scanf=11981&charge=2&value=0,K.NPADLPK.L,/core/www/modules/show_out/show_out_wrapper.php?run_id=110202&search_id=114132&scans_id=110198&peptide_id=3011&scanf=11981&charge=2&value=K.NPADLPK.L,EEF2,2.089e+7,2.733,0.010,2.014,0.000
11982,2,"  2.136","  0.388",9/14,/core/www/modules//sdig/index.php?run_id=110202&search_id=114132&scans_id=110198&peptide_id=3012&scanf=11982&charge=2&value=9/14,sp|Q9H6R4|NOL6_HUMAN,/core/www/modules//consensus/?run_id=110202&search_id=114132&scans_id=110198&peptide_id=3012&scanf=11982&charge=2&value=sp|Q9H6R4|NOL6_HUMAN,1,/core/www/modules/match_peptides/blast_html4.php?run_id=110202&search_id=114132&scans_id=110198&peptide_id=3012&scanf=11982&charge=2&value=1,R.TLAEPPAK.G,/core/www/modules/show_out/show_out_wrapper.php?run_id=110202&search_id=114132&scans_id=110198&peptide_id=3012&scanf=11982&charge=2&value=R.TLAEPPAK.G,NOL6,8.081e+6,3.011,0.004,2.424,0.000
11985,2,"  1.587","  0.271",8/16,/core/www/modules//sdig/index.php?run_id=110202&search_id=114132&scans_id=110198&peptide_id=3015&scanf=11985&charge=2&value=8/16,sp|Q9C0J8|WDR33_HUMAN,/core/www/modules//consensus/?run_id=110202&search_id=114132&scans_id=110198&peptide_id=3015&scanf=11985&charge=2&value=sp|Q9C0J8|WDR33_HUMAN,0,/core/www/modules/match_peptides/blast_html4.php?run_id=110202&search_id=114132&scans_id=110198&peptide_id=3015&scanf=11985&charge=2&value=0,R.GMQGPPGPR.E,/core/www/modules/show_out/show_out_wrapper.php?run_id=110202&search_id=114132&scans_id=110198&peptide_id=3015&scanf=11985&charge=2&value=R.GMQGPPGPR.E,WDR33,1.989e+7,2.238,0.050,1.299,0.002
11996,2,"  2.404","  0.454",12/18,/core/www/modules//sdig/index.php?run_id=110202&search_id=114132&scans_id=110198&peptide_id=3026&scanf=11996&charge=2&value=12/18,sp|Q14498|RBM39_HUMAN,/core/www/modules//consensus/?run_id=110202&search_id=114132&scans_id=110198&peptide_id=3026&scanf=11996&charge=2&value=sp|Q14498|RBM39_HUMAN,3,/core/www/modules/match_peptides/blast_html4.php?run_id=110202&search_id=114132&scans_id=110198&peptide_id=3026&scanf=11996&charge=2&value=3,R.AAAMANNLQK.G,/core/www/modules/show_out/show_out_wrapper.php?run_id=110202&search_id=114132&scans_id=110198&peptide_id=3026&scanf=11996&charge=2&value=R.AAAMANNLQK.G,RBM39,2.048e+7,3.195,0.002,2.696,0.000
11998,2,"  2.880","  0.463",14/14,/core/www/modules//sdig/index.php?run_id=110202&search_id=114132&scans_id=110198&peptide_id=3028&scanf=11998&charge=2&value=14/14,sp|P62826|RAN_HUMAN,/core/www/modules//consensus/?run_id=110202&search_id=114132&scans_id=110198&peptide_id=3028&scanf=11998&charge=2&value=sp|P62826|RAN_HUMAN,4,/core/www/modules/match_peptides/blast_html4.php?run_id=110202&search_id=114132&scans_id=110198&peptide_id=3028&scanf=11998&charge=2&value=4,R.HLTGEFEK.K,/core/www/modules/show_out/show_out_wrapper.php?run_id=110202&search_id=114132&scans_id=110198&peptide_id=3028&scanf=11998&charge=2&value=R.HLTGEFEK.K,RAN,4.168e+7,3.801,0.000,3.594,0.000
11999,2,"  2.744","  0.433",9/14,/core/www/modules//sdig/index.php?run_id=110202&search_id=114132&scans_id=110198&peptide_id=3029&scanf=11999&charge=2&value=9/14,sp|P46777|RL5_HUMAN,/core/www/modules//consensus/?run_id=110202&search_id=114132&scans_id=110198&peptide_id=3029&scanf=11999&charge=2&value=sp|P46777|RL5_HUMAN,1,/core/www/modules/match_peptides/blast_html4.php?run_id=110202&search_id=114132&scans_id=110198&peptide_id=3029&scanf=11999&charge=2&value=1,K.EFNAEVHR.K,/core/www/modules/show_out/show_out_wrapper.php?run_id=110202&search_id=114132&scans_id=110198&peptide_id=3029&scanf=11999&charge=2&value=K.EFNAEVHR.K,RPL5,4.343e+7,3.149,0.002,2.629,0.000
12003,2,"  2.210","  0.099",8/12,/core/www/modules//sdig/index.php?run_id=110202&search_id=114132&scans_id=110198&peptide_id=3034&scanf=12003&charge=2&value=8/12,sp|Q15459|SF3A1_HUMAN,/core/www/modules//consensus/?run_id=110202&search_id=114132&scans_id=110198&peptide_id=3034&scanf=12003&charge=2&value=sp|Q15459|SF3A1_HUMAN,1,/core/www/modules/match_peptides/blast_html4.php?run_id=110202&search_id=114132&scans_id=110198&peptide_id=3034&scanf=12003&charge=2&value=1,K.TASFVAR.N,/core/www/modules/show_out/show_out_wrapper.php?run_id=110202&search_id=114132&scans_id=110198&peptide_id=3034&scanf=12003&charge=2&value=K.TASFVAR.N,SF3A1,4.721e+6,2.061,0.088,1.054,0.004
12006,2,"  2.635","  0.443",9/20,/core/www/modules//sdig/index.php?run_id=110202&search_id=114132&scans_id=110198&peptide_id=3037&scanf=12006&charge=2&value=9/20,sp|Q14008|CKAP5_HUMAN,/core/www/modules//consensus/?run_id=110202&search_id=114132&scans_id=110198&peptide_id=3037&scanf=12006&charge=2&value=sp|Q14008|CKAP5_HUMAN,0,/core/www/modules/match_peptides/blast_html4.php?run_id=110202&search_id=114132&scans_id=110198&peptide_id=3037&scanf=12006&charge=2&value=0,K.MQGQSPPAPTR.G,/core/www/modules/show_out/show_out_wrapper.php?run_id=110202&search_id=114132&scans_id=110198&peptide_id=3037&scanf=12006&charge=2&value=K.MQGQSPPAPTR.G,CKAP5,2.438e+6,2.854,0.006,2.193,0.000
12009,3,"  2.536","  0.199",10/44,/core/www/modules//sdig/index.php?run_id=110202&search_id=114132&scans_id=110198&peptide_id=3040&scanf=12009&charge=3&value=10/44,sp|Q86YV5|PRAG1_HUMAN,/core/www/modules//consensus/?run_id=110202&search_id=114132&scans_id=110198&peptide_id=3040&scanf=12009&charge=3&value=sp|Q86YV5|PRAG1_HUMAN,0,/core/www/modules/match_peptides/blast_html4.php?run_id=110202&search_id=114132&scans_id=110198&peptide_id=3040&scanf=12009&charge=3&value=0,R.EVPHQTASDFVR.D,/core/www/modules/show_out/show_out_wrapper.php?run_id=110202&search_id=114132&scans_id=110198&peptide_id=3040&scanf=12009&charge=3&value=R.EVPHQTASDFVR.D,PRAG1,4.977e+6,1.991,0.110,0.960,0.005
12013,2,"  1.286","  0.182",6/12,/core/www/modules//sdig/index.php?run_id=110202&search_id=114132&scans_id=110198&peptide_id=3044&scanf=12013&charge=2&value=6/12,sp|O00541|PESC_HUMAN,/core/www/modules//consensus/?run_id=110202&search_id=114132&scans_id=110198&peptide_id=3044&scanf=12013&charge=2&value=sp|O00541|PESC_HUMAN,3,/core/www/modules/match_peptides/blast_html4.php?run_id=110202&search_id=114132&scans_id=110198&peptide_id=3044&scanf=12013&charge=2&value=3,R.VMAGTLK.L,/core/www/modules/show_out/show_out_wrapper.php?run_id=110202&search_id=114132&scans_id=110198&peptide_id=3044&scanf=12013&charge=2&value=R.VMAGTLK.L,PES1,3.710e+6,2.017,0.101,0.995,0.005
12018,2,"  1.090","  0.146",7/14,/core/www/modules//sdig/index.php?run_id=110202&search_id=114132&scans_id=110198&peptide_id=3048&scanf=12018&charge=2&value=7/14,sp|Q53GS9|SNUT2_HUMAN,/core/www/modules//consensus/?run_id=110202&search_id=114132&scans_id=110198&peptide_id=3048&scanf=12018&charge=2&value=sp|Q53GS9|SNUT2_HUMAN,2,/core/www/modules/match_peptides/blast_html4.php?run_id=110202&search_id=114132&scans_id=110198&peptide_id=3048&scanf=12018&charge=2&value=2,R.EFEPASAR.E,/core/www/modules/show_out/show_out_wrapper.php?run_id=110202&search_id=114132&scans_id=110198&peptide_id=3048&scanf=12018&charge=2&value=R.EFEPASAR.E,USP39,1.318e+7,1.944,0.126,0.899,0.006
12019,3,"  3.115","  0.505",16/44,/core/www/modules//sdig/index.php?run_id=110202&search_id=114132&scans_id=110198&peptide_id=3049&scanf=12019&charge=3&value=16/44,sp|P62241|RS8_HUMAN,/core/www/modules//consensus/?run_id=110202&search_id=114132&scans_id=110198&peptide_id=3049&scanf=12019&charge=3&value=sp|P62241|RS8_HUMAN,1,/core/www/modules/match_peptides/blast_html4.php?run_id=110202&search_id=114132&scans_id=110198&peptide_id=3049&scanf=12019&charge=3&value=1,R.KYELGRPAANTK.I,/core/www/modules/show_out/show_out_wrapper.php?run_id=110202&search_id=114132&scans_id=110198&peptide_id=3049&scanf=12019&charge=3&value=R.KYELGRPAANTK.I,RPS8,2.300e+7,3.050,0.003,2.482,0.000
12023,2,"  1.776","  0.113",6/14,/core/www/modules//sdig/index.php?run_id=110202&search_id=114132&scans_id=110198&peptide_id=3054&scanf=12023&charge=2&value=6/14,sp|Q14315|FLNC_HUMAN,/core/www/modules//consensus/?run_id=110202&search_id=114132&scans_id=110198&peptide_id=3054&scanf=12023&charge=2&value=sp|Q14315|FLNC_HUMAN,0,/core/www/modules/match_peptides/blast_html4.php?run_id=110202&search_id=114132&scans_id=110198&peptide_id=3054&scanf=12023&charge=2&value=0,K.VYGPGVEK.T,/core/www/modules/show_out/show_out_wrapper.php?run_id=110202&search_id=114132&scans_id=110198&peptide_id=3054&scanf=12023&charge=2&value=K.VYGPGVEK.T,FLNC,7.461e+6,1.837,0.172,0.763,0.009
12025,2,"  3.365","  0.505",14/20,/core/www/modules//sdig/index.php?run_id=110202&search_id=114132&scans_id=110198&peptide_id=3056&scanf=12025&charge=2&value=14/20,sp|P61011|SRP54_HUMAN,/core/www/modules//consensus/?run_id=110202&search_id=114132&scans_id=110198&peptide_id=3056&scanf=12025&charge=2&value=sp|P61011|SRP54_HUMAN,4,/core/www/modules/match_peptides/blast_html4.php?run_id=110202&search_id=114132&scans_id=110198&peptide_id=3056&scanf=12025&charge=2&value=4,R.QFQQGAAGNMK.G,/core/www/modules/show_out/show_out_wrapper.php?run_id=110202&search_id=114132&scans_id=110198&peptide_id=3056&scanf=12025&charge=2&value=R.QFQQGAAGNMK.G,SRP54,2.260e+6,3.368,0.001,2.952,0.000
12026,2,"  1.497","  0.104",7/12,/core/www/modules//sdig/index.php?run_id=110202&search_id=114132&scans_id=110198&peptide_id=3057&scanf=12026&charge=2&value=7/12,sp|Q9UHB6|LIMA1_HUMAN,/core/www/modules//consensus/?run_id=110202&search_id=114132&scans_id=110198&peptide_id=3057&scanf=12026&charge=2&value=sp|Q9UHB6|LIMA1_HUMAN,2,/core/www/modules/match_peptides/blast_html4.php?run_id=110202&search_id=114132&scans_id=110198&peptide_id=3057&scanf=12026&charge=2&value=2,R.LSETSIK.D,/core/www/modules/show_out/show_out_wrapper.php?run_id=110202&search_id=114132&scans_id=110198&peptide_id=3057&scanf=12026&charge=2&value=R.LSETSIK.D,LIMA1,3.622e+6,1.911,0.139,0.857,0.007
12027,2,"  1.618","  0.120",9/18,/core/www/modules//sdig/index.php?run_id=110202&search_id=114132&scans_id=110198&peptide_id=3058&scanf=12027&charge=2&value=9/18,sp|Q99613|EIF3C_HUMAN,/core/www/modules//consensus/?run_id=110202&search_id=114132&scans_id=110198&peptide_id=3058&scanf=12027&charge=2&value=sp|Q99613|EIF3C_HUMAN,1,/core/www/modules/match_peptides/blast_html4.php?run_id=110202&search_id=114132&scans_id=110198&peptide_id=3058&scanf=12027&charge=2&value=1,R.QLTPPEGSSK.S,/core/www/modules/show_out/show_out_wrapper.php?run_id=110202&search_id=114132&scans_id=110198&peptide_id=3058&scanf=12027&charge=2&value=R.QLTPPEGSSK.S,EIF3C,3.767e+6,1.813,0.184,0.735,0.010
12032,2,"  1.500","  0.115",6/12,/core/www/modules//sdig/index.php?run_id=110202&search_id=114132&scans_id=110198&peptide_id=3064&scanf=12032&charge=2&value=6/12,sp|Q9Y3B7|RM11_HUMAN,/core/www/modules//consensus/?run_id=110202&search_id=114132&scans_id=110198&peptide_id=3064&scanf=12032&charge=2&value=sp|Q9Y3B7|RM11_HUMAN,0,/core/www/modules/match_peptides/blast_html4.php?run_id=110202&search_id=114132&scans_id=110198&peptide_id=3064&scanf=12032&charge=2&value=0,K.ILVKPDR.T,/core/www/modules/show_out/show_out_wrapper.php?run_id=110202&search_id=114132&scans_id=110198&peptide_id=3064&scanf=12032&charge=2&value=K.ILVKPDR.T,MRPL11,1.389e+6,1.868,0.158,0.802,0.008
12034,2,"  2.401","  0.362",9/16,/core/www/modules//sdig/index.php?run_id=110202&search_id=114132&scans_id=110198&peptide_id=3066&scanf=12034&charge=2&value=9/16,sp|P23368|MAOM_HUMAN,/core/www/modules//consensus/?run_id=110202&search_id=114132&scans_id=110198&peptide_id=3066&scanf=12034&charge=2&value=sp|P23368|MAOM_HUMAN,9,/core/www/modules/match_peptides/blast_html4.php?run_id=110202&search_id=114132&scans_id=110198&peptide_id=3066&scanf=12034&charge=2&value=9,K.AVVVTDGER.I,/core/www/modules/show_out/show_out_wrapper.php?run_id=110202&search_id=114132&scans_id=110198&peptide_id=3066&scanf=12034&charge=2&value=K.AVVVTDGER.I,ME2,4.887e+6,2.781,0.008,2.086,0.000
12038,2,"  1.980","  0.563",13/22,/core/www/modules//sdig/index.php?run_id=110202&search_id=114132&scans_id=110198&peptide_id=3069&scanf=12038&charge=2&value=13/22,sp|Q9NYF8|BCLF1_HUMAN,/core/www/modules//consensus/?run_id=110202&search_id=114132&scans_id=110198&peptide_id=3069&scanf=12038&charge=2&value=sp|Q9NYF8|BCLF1_HUMAN,6,/core/www/modules/match_peptides/blast_html4.php?run_id=110202&search_id=114132&scans_id=110198&peptide_id=3069&scanf=12038&charge=2&value=6,K.MIASDSHRPEVK.L,/core/www/modules/show_out/show_out_wrapper.php?run_id=110202&search_id=114132&scans_id=110198&peptide_id=3069&scanf=12038&charge=2&value=K.MIASDSHRPEVK.L,BCLAF1,2.123e+7,3.326,0.001,2.890,0.000
12040,2,"  2.252","  0.499",9/14,/core/www/modules//sdig/index.php?run_id=110202&search_id=114132&scans_id=110198&peptide_id=3072&scanf=12040&charge=2&value=9/14,sp|P52272|HNRPM_HUMAN,/core/www/modules//consensus/?run_id=110202&search_id=114132&scans_id=110198&peptide_id=3072&scanf=12040&charge=2&value=sp|P52272|HNRPM_HUMAN,5,/core/www/modules/match_peptides/blast_html4.php?run_id=110202&search_id=114132&scans_id=110198&peptide_id=3072&scanf=12040&charge=2&value=5,R.MGANSLER.M,/core/www/modules/show_out/show_out_wrapper.php?run_id=110202&search_id=114132&scans_id=110198&peptide_id=3072&scanf=12040&charge=2&value=R.MGANSLER.M,HNRNPM,1.294e+8,3.641,0.000,3.358,0.000
12041,3,"  2.167","  0.266",9/76,/core/www/modules//sdig/index.php?run_id=110202&search_id=114132&scans_id=110198&peptide_id=3073&scanf=12041&charge=3&value=9/76,sp|Q92925|SMRD2_HUMAN,/core/www/modules//consensus/?run_id=110202&search_id=114132&scans_id=110198&peptide_id=3073&scanf=12041&charge=3&value=sp|Q92925|SMRD2_HUMAN,4,/core/www/modules/match_peptides/blast_html4.php?run_id=110202&search_id=114132&scans_id=110198&peptide_id=3073&scanf=12041&charge=3&value=4,K.AEGDSAGTAGTPGGTPAGDK.V,/core/www/modules/show_out/show_out_wrapper.php?run_id=110202&search_id=114132&scans_id=110198&peptide_id=3073&scanf=12041&charge=3&value=K.AEGDSAGTAGTPGGTPAGDK.V,SMARCD2,1.368e+6,1.841,0.171,0.768,0.009
12042,2,"  2.954","  0.640",14/22,/core/www/modules//sdig/index.php?run_id=110202&search_id=114132&scans_id=110198&peptide_id=3074&scanf=12042&charge=2&value=14/22,sp|Q9NZI8|IF2B1_HUMAN,/core/www/modules//consensus/?run_id=110202&search_id=114132&scans_id=110198&peptide_id=3074&scanf=12042&charge=2&value=sp|Q9NZI8|IF2B1_HUMAN,0,/core/www/modules/match_peptides/blast_html4.php?run_id=110202&search_id=114132&scans_id=110198&peptide_id=3074&scanf=12042&charge=2&value=0,R.QGSPVAAGAPAK.Q,/core/www/modules/show_out/show_out_wrapper.php?run_id=110202&search_id=114132&scans_id=110198&peptide_id=3074&scanf=12042&charge=2&value=R.QGSPVAAGAPAK.Q,IGF2BP1,1.593e+7,3.780,0.000,3.563,0.000
12043,3,"  3.108","  0.495",13/44,/core/www/modules//sdig/index.php?run_id=110202&search_id=114132&scans_id=110198&peptide_id=3075&scanf=12043&charge=3&value=13/44,sp|Q01082|SPTB2_HUMAN,/core/www/modules//consensus/?run_id=110202&search_id=114132&scans_id=110198&peptide_id=3075&scanf=12043&charge=3&value=sp|Q01082|SPTB2_HUMAN,1,/core/www/modules/match_peptides/blast_html4.php?run_id=110202&search_id=114132&scans_id=110198&peptide_id=3075&scanf=12043&charge=3&value=1,R.ALVADSHPESER.I,/core/www/modules/show_out/show_out_wrapper.php?run_id=110202&search_id=114132&scans_id=110198&peptide_id=3075&scanf=12043&charge=3&value=R.ALVADSHPESER.I,SPTBN1,1.282e+7,3.373,0.001,2.960,0.000
12044,3,"  2.744","  0.311",12/52,/core/www/modules//sdig/index.php?run_id=110202&search_id=114132&scans_id=110198&peptide_id=3076&scanf=12044&charge=3&value=12/52,sp|O75400|PR40A_HUMAN,/core/www/modules//consensus/?run_id=110202&search_id=114132&scans_id=110198&peptide_id=3076&scanf=12044&charge=3&value=sp|O75400|PR40A_HUMAN,7,/core/www/modules/match_peptides/blast_html4.php?run_id=110202&search_id=114132&scans_id=110198&peptide_id=3076&scanf=12044&charge=3&value=7,K.SDSGKPYYYNSQTK.E,/core/www/modules/show_out/show_out_wrapper.php?run_id=110202&search_id=114132&scans_id=110198&peptide_id=3076&scanf=12044&charge=3&value=K.SDSGKPYYYNSQTK.E,PRPF40A,2.958e+6,2.374,0.032,1.493,0.001
12048,3,"  3.429","  0.499",16/44,/core/www/modules//sdig/index.php?run_id=110202&search_id=114132&scans_id=110198&peptide_id=3080&scanf=12048&charge=3&value=16/44,sp|O75369|FLNB_HUMAN,/core/www/modules//consensus/?run_id=110202&search_id=114132&scans_id=110198&peptide_id=3080&scanf=12048&charge=3&value=sp|O75369|FLNB_HUMAN,3,/core/www/modules/match_peptides/blast_html4.php?run_id=110202&search_id=114132&scans_id=110198&peptide_id=3080&scanf=12048&charge=3&value=3,K.VVASGPGLEHGK.V,/core/www/modules/show_out/show_out_wrapper.php?run_id=110202&search_id=114132&scans_id=110198&peptide_id=3080&scanf=12048&charge=3&value=K.VVASGPGLEHGK.V,FLNB,8.370e+6,3.450,0.001,3.075,0.000
12052,2,"  2.548","  0.336",10/16,/core/www/modules//sdig/index.php?run_id=110202&search_id=114132&scans_id=110198&peptide_id=3085&scanf=12052&charge=2&value=10/16,sp|O75643|U520_HUMAN,/core/www/modules//consensus/?run_id=110202&search_id=114132&scans_id=110198&peptide_id=3085&scanf=12052&charge=2&value=sp|O75643|U520_HUMAN,1,/core/www/modules/match_peptides/blast_html4.php?run_id=110202&search_id=114132&scans_id=110198&peptide_id=3085&scanf=12052&charge=2&value=1,K.ESIEEPSAK.I,/core/www/modules/show_out/show_out_wrapper.php?run_id=110202&search_id=114132&scans_id=110198&peptide_id=3085&scanf=12052&charge=2&value=K.ESIEEPSAK.I,SNRNP200,1.687e+7,2.991,0.004,2.394,0.000
12055,2,"  2.192","  0.445",10/16,/core/www/modules//sdig/index.php?run_id=110202&search_id=114132&scans_id=110198&peptide_id=3088&scanf=12055&charge=2&value=10/16,sp|P27348|1433T_HUMAN,/core/www/modules//consensus/?run_id=110202&search_id=114132&scans_id=110198&peptide_id=3088&scanf=12055&charge=2&value=sp|P27348|1433T_HUMAN,6,/core/www/modules/match_peptides/blast_html4.php?run_id=110202&search_id=114132&scans_id=110198&peptide_id=3088&scanf=12055&charge=2&value=6,K.EMQPTHPIR.L,/core/www/modules/show_out/show_out_wrapper.php?run_id=110202&search_id=114132&scans_id=110198&peptide_id=3088&scanf=12055&charge=2&value=K.EMQPTHPIR.L,YWHAQ,3.284e+7,3.143,0.002,2.619,0.000
12059,3,"  2.533","  0.498",16/44,/core/www/modules//sdig/index.php?run_id=110202&search_id=114132&scans_id=110198&peptide_id=3091&scanf=12059&charge=3&value=16/44,sp|O75369|FLNB_HUMAN,/core/www/modules//consensus/?run_id=110202&search_id=114132&scans_id=110198&peptide_id=3091&scanf=12059&charge=3&value=sp|O75369|FLNB_HUMAN,3,/core/www/modules/match_peptides/blast_html4.php?run_id=110202&search_id=114132&scans_id=110198&peptide_id=3091&scanf=12059&charge=3&value=3,K.VVASGPGLEHGK.V,/core/www/modules/show_out/show_out_wrapper.php?run_id=110202&search_id=114132&scans_id=110198&peptide_id=3091&scanf=12059&charge=3&value=K.VVASGPGLEHGK.V,FLNB,8.370e+6,3.398,0.001,2.997,0.000
12060,2,"  1.498","  0.303",8/14,/core/www/modules//sdig/index.php?run_id=110202&search_id=114132&scans_id=110198&peptide_id=3093&scanf=12060&charge=2&value=8/14,sp|P21333|FLNA_HUMAN,/core/www/modules//consensus/?run_id=110202&search_id=114132&scans_id=110198&peptide_id=3093&scanf=12060&charge=2&value=sp|P21333|FLNA_HUMAN,2,/core/www/modules/match_peptides/blast_html4.php?run_id=110202&search_id=114132&scans_id=110198&peptide_id=3093&scanf=12060&charge=2&value=2,K.VYGPGVAK.T,/core/www/modules/show_out/show_out_wrapper.php?run_id=110202&search_id=114132&scans_id=110198&peptide_id=3093&scanf=12060&charge=2&value=K.VYGPGVAK.T,FLNA,1.130e+7,2.690,0.011,1.951,0.000
12062,3,"  5.057","  0.552",18/44,/core/www/modules//sdig/index.php?run_id=110202&search_id=114132&scans_id=110198&peptide_id=3095&scanf=12062&charge=3&value=18/44,sp|P33991|MCM4_HUMAN,/core/www/modules//consensus/?run_id=110202&search_id=114132&scans_id=110198&peptide_id=3095&scanf=12062&charge=3&value=sp|P33991|MCM4_HUMAN,5,/core/www/modules/match_peptides/blast_html4.php?run_id=110202&search_id=114132&scans_id=110198&peptide_id=3095&scanf=12062&charge=3&value=5,K.RLHGLDEEAEQK.L,/core/www/modules/show_out/show_out_wrapper.php?run_id=110202&search_id=114132&scans_id=110198&peptide_id=3095&scanf=12062&charge=3&value=K.RLHGLDEEAEQK.L,MCM4,4.764e+6,3.422,0.001,3.033,0.000
12065,2,"  3.259","  0.669",14/22,/core/www/modules//sdig/index.php?run_id=110202&search_id=114132&scans_id=110198&peptide_id=3098&scanf=12065&charge=2&value=14/22,sp|Q01082|SPTB2_HUMAN,/core/www/modules//consensus/?run_id=110202&search_id=114132&scans_id=110198&peptide_id=3098&scanf=12065&charge=2&value=sp|Q01082|SPTB2_HUMAN,1,/core/www/modules/match_peptides/blast_html4.php?run_id=110202&search_id=114132&scans_id=110198&peptide_id=3098&scanf=12065&charge=2&value=1,R.ALVADSHPESER.I,/core/www/modules/show_out/show_out_wrapper.php?run_id=110202&search_id=114132&scans_id=110198&peptide_id=3098&scanf=12065&charge=2&value=R.ALVADSHPESER.I,SPTBN1,4.286e+6,3.988,0.000,3.872,0.000
12066,4,"  8.611","  0.758",43/216,/core/www/modules//sdig/index.php?run_id=110202&search_id=114132&scans_id=110198&peptide_id=3099&scanf=12066&charge=4&value=43/216,sp|P14866|HNRPL_HUMAN,/core/www/modules//consensus/?run_id=110202&search_id=114132&scans_id=110198&peptide_id=3099&scanf=12066&charge=4&value=sp|P14866|HNRPL_HUMAN,0,/core/www/modules/match_peptides/blast_html4.php?run_id=110202&search_id=114132&scans_id=110198&peptide_id=3099&scanf=12066&charge=4&value=0,R.LKTDNAGDQHGGGGGGGGGAGAAGGGGGGENYDDPHK.T,/core/www/modules/show_out/show_out_wrapper.php?run_id=110202&search_id=114132&scans_id=110198&peptide_id=3099&scanf=12066&charge=4&value=R.LKTDNAGDQHGGGGGGGGGAGAAGGGGGGENYDDPHK.T,HNRNPL,4.654e+6,3.711,0.000,3.461,0.000
12070,3,"  2.787","  0.288",11/44,/core/www/modules//sdig/index.php?run_id=110202&search_id=114132&scans_id=110198&peptide_id=3104&scanf=12070&charge=3&value=11/44,sp|Q9UPN3|MACF1_HUMAN,/core/www/modules//consensus/?run_id=110202&search_id=114132&scans_id=110198&peptide_id=3104&scanf=12070&charge=3&value=sp|Q9UPN3|MACF1_HUMAN,7,/core/www/modules/match_peptides/blast_html4.php?run_id=110202&search_id=114132&scans_id=110198&peptide_id=3104&scanf=12070&charge=3&value=7,R.ESIAEHKPHIDK.L,/core/www/modules/show_out/show_out_wrapper.php?run_id=110202&search_id=114132&scans_id=110198&peptide_id=3104&scanf=12070&charge=3&value=R.ESIAEHKPHIDK.L,MACF1,1.826e+6,2.451,0.025,1.604,0.001
12072,2,"  3.187","  0.640",16/22,/core/www/modules//sdig/index.php?run_id=110202&search_id=114132&scans_id=110198&peptide_id=3106&scanf=12072&charge=2&value=16/22,sp|Q92930|RAB8B_HUMAN,/core/www/modules//consensus/?run_id=110202&search_id=114132&scans_id=110198&peptide_id=3106&scanf=12072&charge=2&value=sp|Q92930|RAB8B_HUMAN,1,/core/www/modules/match_peptides/blast_html4.php?run_id=110202&search_id=114132&scans_id=110198&peptide_id=3106&scanf=12072&charge=2&value=1,R.NIEEHASSDVER.M,/core/www/modules/show_out/show_out_wrapper.php?run_id=110202&search_id=114132&scans_id=110198&peptide_id=3106&scanf=12072&charge=2&value=R.NIEEHASSDVER.M,RAB8B,1.676e+6,3.867,0.000,3.693,0.000
12074,2,"  1.982","  0.218",8/14,/core/www/modules//sdig/index.php?run_id=110202&search_id=114132&scans_id=110198&peptide_id=3108&scanf=12074&charge=2&value=8/14,sp|Q13206|DDX10_HUMAN,/core/www/modules//consensus/?run_id=110202&search_id=114132&scans_id=110198&peptide_id=3108&scanf=12074&charge=2&value=sp|Q13206|DDX10_HUMAN,7,/core/www/modules/match_peptides/blast_html4.php?run_id=110202&search_id=114132&scans_id=110198&peptide_id=3108&scanf=12074&charge=2&value=7,K.GLQEAQYR.L,/core/www/modules/show_out/show_out_wrapper.php?run_id=110202&search_id=114132&scans_id=110198&peptide_id=3108&scanf=12074&charge=2&value=K.GLQEAQYR.L,DDX10,6.718e+6,2.388,0.031,1.513,0.001
12081,2,"  2.328","  0.393",9/14,/core/www/modules//sdig/index.php?run_id=110202&search_id=114132&scans_id=110198&peptide_id=3115&scanf=12081&charge=2&value=9/14,sp|Q12824|SNF5_HUMAN,/core/www/modules//consensus/?run_id=110202&search_id=114132&scans_id=110198&peptide_id=3115&scanf=12081&charge=2&value=sp|Q12824|SNF5_HUMAN,2,/core/www/modules/match_peptides/blast_html4.php?run_id=110202&search_id=114132&scans_id=110198&peptide_id=3115&scanf=12081&charge=2&value=2,R.GQLSWHQK.T,/core/www/modules/show_out/show_out_wrapper.php?run_id=110202&search_id=114132&scans_id=110198&peptide_id=3115&scanf=12081&charge=2&value=R.GQLSWHQK.T,SMARCB1,8.108e+6,2.819,0.007,2.142,0.000
12082,3,"  4.818","  0.554",14/48,/core/www/modules//sdig/index.php?run_id=110202&search_id=114132&scans_id=110198&peptide_id=3116&scanf=12082&charge=3&value=14/48,sp|Q92616|GCN1_HUMAN,/core/www/modules//consensus/?run_id=110202&search_id=114132&scans_id=110198&peptide_id=3116&scanf=12082&charge=3&value=sp|Q92616|GCN1_HUMAN,0,/core/www/modules/match_peptides/blast_html4.php?run_id=110202&search_id=114132&scans_id=110198&peptide_id=3116&scanf=12082&charge=3&value=0,R.HHIETGGGQLPAK.L,/core/www/modules/show_out/show_out_wrapper.php?run_id=110202&search_id=114132&scans_id=110198&peptide_id=3116&scanf=12082&charge=3&value=R.HHIETGGGQLPAK.L,GCN1,7.833e+6,3.598,0.001,3.293,0.000
12085,3,"  2.893","  0.469",14/44,/core/www/modules//sdig/index.php?run_id=110202&search_id=114132&scans_id=110198&peptide_id=3119&scanf=12085&charge=3&value=14/44,sp|Q14257|RCN2_HUMAN,/core/www/modules//consensus/?run_id=110202&search_id=114132&scans_id=110198&peptide_id=3119&scanf=12085&charge=3&value=sp|Q14257|RCN2_HUMAN,1,/core/www/modules/match_peptides/blast_html4.php?run_id=110202&search_id=114132&scans_id=110198&peptide_id=3119&scanf=12085&charge=3&value=1,R.FVNDYDKDNDGR.L,/core/www/modules/show_out/show_out_wrapper.php?run_id=110202&search_id=114132&scans_id=110198&peptide_id=3119&scanf=12085&charge=3&value=R.FVNDYDKDNDGR.L,RCN2,3.019e+6,2.859,0.006,2.200,0.000
12086,2,"  2.685","  0.266",11/14,/core/www/modules//sdig/index.php?run_id=110202&search_id=114132&scans_id=110198&peptide_id=3120&scanf=12086&charge=2&value=11/14,sp|Q14690|RRP5_HUMAN,/core/www/modules//consensus/?run_id=110202&search_id=114132&scans_id=110198&peptide_id=3120&scanf=12086&charge=2&value=sp|Q14690|RRP5_HUMAN,1,/core/www/modules/match_peptides/blast_html4.php?run_id=110202&search_id=114132&scans_id=110198&peptide_id=3120&scanf=12086&charge=2&value=1,K.EHVDVIAK.F,/core/www/modules/show_out/show_out_wrapper.php?run_id=110202&search_id=114132&scans_id=110198&peptide_id=3120&scanf=12086&charge=2&value=K.EHVDVIAK.F,PDCD11,4.218e+6,2.796,0.008,2.108,0.000
12097,3," 10.237","  0.844",45/144,/core/www/modules//sdig/index.php?run_id=110202&search_id=114132&scans_id=110198&peptide_id=3132&scanf=12097&charge=3&value=45/144,sp|P14866|HNRPL_HUMAN,/core/www/modules//consensus/?run_id=110202&search_id=114132&scans_id=110198&peptide_id=3132&scanf=12097&charge=3&value=sp|P14866|HNRPL_HUMAN,0,/core/www/modules/match_peptides/blast_html4.php?run_id=110202&search_id=114132&scans_id=110198&peptide_id=3132&scanf=12097&charge=3&value=0,R.LKTDNAGDQHGGGGGGGGGAGAAGGGGGGENYDDPHK.T,/core/www/modules/show_out/show_out_wrapper.php?run_id=110202&search_id=114132&scans_id=110198&peptide_id=3132&scanf=12097&charge=3&value=R.LKTDNAGDQHGGGGGGGGGAGAAGGGGGGENYDDPHK.T,HNRNPL,1.069e+6,3.762,0.000,3.536,0.000
12103,2,"  2.891","  0.538",9/14,/core/www/modules//sdig/index.php?run_id=110202&search_id=114132&scans_id=110198&peptide_id=3138&scanf=12103&charge=2&value=9/14,sp|Q9GZR7|DDX24_HUMAN,/core/www/modules//consensus/?run_id=110202&search_id=114132&scans_id=110198&peptide_id=3138&scanf=12103&charge=2&value=sp|Q9GZR7|DDX24_HUMAN,4,/core/www/modules/match_peptides/blast_html4.php?run_id=110202&search_id=114132&scans_id=110198&peptide_id=3138&scanf=12103&charge=2&value=4,R.TSEIYVHR.S,/core/www/modules/show_out/show_out_wrapper.php?run_id=110202&search_id=114132&scans_id=110198&peptide_id=3138&scanf=12103&charge=2&value=R.TSEIYVHR.S,DDX24,8.124e+6,3.551,0.001,3.224,0.000
12104,3,"  3.306","  0.321",12/44,/core/www/modules//sdig/index.php?run_id=110202&search_id=114132&scans_id=110198&peptide_id=3139&scanf=12104&charge=3&value=12/44,sp|Q12789|TF3C1_HUMAN,/core/www/modules//consensus/?run_id=110202&search_id=114132&scans_id=110198&peptide_id=3139&scanf=12104&charge=3&value=sp|Q12789|TF3C1_HUMAN,1,/core/www/modules/match_peptides/blast_html4.php?run_id=110202&search_id=114132&scans_id=110198&peptide_id=3139&scanf=12104&charge=3&value=1,R.YHDEADQSALQR.M,/core/www/modules/show_out/show_out_wrapper.php?run_id=110202&search_id=114132&scans_id=110198&peptide_id=3139&scanf=12104&charge=3&value=R.YHDEADQSALQR.M,GTF3C1,2.908e+6,2.711,0.010,1.982,0.000
12106,3,"  2.105","  0.238",9/32,/core/www/modules//sdig/index.php?run_id=110202&search_id=114132&scans_id=110198&peptide_id=3141&scanf=12106&charge=3&value=9/32,sp|P53621|COPA_HUMAN,/core/www/modules//consensus/?run_id=110202&search_id=114132&scans_id=110198&peptide_id=3141&scanf=12106&charge=3&value=sp|P53621|COPA_HUMAN,6,/core/www/modules/match_peptides/blast_html4.php?run_id=110202&search_id=114132&scans_id=110198&peptide_id=3141&scanf=12106&charge=3&value=6,K.FDEHDGPVR.G,/core/www/modules/show_out/show_out_wrapper.php?run_id=110202&search_id=114132&scans_id=110198&peptide_id=3141&scanf=12106&charge=3&value=K.FDEHDGPVR.G,COPA,7.603e+6,2.509,0.021,1.687,0.000
12108,2,"  3.088","  0.646",13/24,/core/www/modules//sdig/index.php?run_id=110202&search_id=114132&scans_id=110198&peptide_id=3143&scanf=12108&charge=2&value=13/24,sp|P42696|RBM34_HUMAN,/core/www/modules//consensus/?run_id=110202&search_id=114132&scans_id=110198&peptide_id=3143&scanf=12108&charge=2&value=sp|P42696|RBM34_HUMAN,3,/core/www/modules/match_peptides/blast_html4.php?run_id=110202&search_id=114132&scans_id=110198&peptide_id=3143&scanf=12108&charge=2&value=3,R.SVQEGENPDDGVR.G,/core/www/modules/show_out/show_out_wrapper.php?run_id=110202&search_id=114132&scans_id=110198&peptide_id=3143&scanf=12108&charge=2&value=R.SVQEGENPDDGVR.G,RBM34,1.425e+7,3.581,0.001,3.269,0.000
12115,2,"  2.747","  0.270",12/18,/core/www/modules//sdig/index.php?run_id=110202&search_id=114132&scans_id=110198&peptide_id=3151&scanf=12115&charge=2&value=12/18,sp|P08621|RU17_HUMAN,/core/www/modules//consensus/?run_id=110202&search_id=114132&scans_id=110198&peptide_id=3151&scanf=12115&charge=2&value=sp|P08621|RU17_HUMAN,2,/core/www/modules/match_peptides/blast_html4.php?run_id=110202&search_id=114132&scans_id=110198&peptide_id=3151&scanf=12115&charge=2&value=2,R.RQQEVETELK.M,/core/www/modules/show_out/show_out_wrapper.php?run_id=110202&search_id=114132&scans_id=110198&peptide_id=3151&scanf=12115&charge=2&value=R.RQQEVETELK.M,SNRNP70,5.968e+6,2.356,0.034,1.466,0.001
12116,2,"  1.980","  0.248",9/20,/core/www/modules//sdig/index.php?run_id=110202&search_id=114132&scans_id=110198&peptide_id=3152&scanf=12116&charge=2&value=9/20,sp|P30154|2AAB_HUMAN,/core/www/modules//consensus/?run_id=110202&search_id=114132&scans_id=110198&peptide_id=3152&scanf=12116&charge=2&value=sp|P30154|2AAB_HUMAN,1,/core/www/modules/match_peptides/blast_html4.php?run_id=110202&search_id=114132&scans_id=110198&peptide_id=3152&scanf=12116&charge=2&value=1,K.ELVSDTNQHVK.S,/core/www/modules/show_out/show_out_wrapper.php?run_id=110202&search_id=114132&scans_id=110198&peptide_id=3152&scanf=12116&charge=2&value=K.ELVSDTNQHVK.S,PPP2R1B,1.089e+6,2.137,0.069,1.158,0.002
12117,2,"  2.319","  0.514",12/26,/core/www/modules//sdig/index.php?run_id=110202&search_id=114132&scans_id=110198&peptide_id=3153&scanf=12117&charge=2&value=12/26,sp|Q9H307|PININ_HUMAN,/core/www/modules//consensus/?run_id=110202&search_id=114132&scans_id=110198&peptide_id=3153&scanf=12117&charge=2&value=sp|Q9H307|PININ_HUMAN,0,/core/www/modules/match_peptides/blast_html4.php?run_id=110202&search_id=114132&scans_id=110198&peptide_id=3153&scanf=12117&charge=2&value=0,K.EQEEEEQKQEMEVK.M,/core/www/modules/show_out/show_out_wrapper.php?run_id=110202&search_id=114132&scans_id=110198&peptide_id=3153&scanf=12117&charge=2&value=K.EQEEEEQKQEMEVK.M,PNN,9.767e+5,2.635,0.013,1.871,0.000
12120,2,"  2.295","  0.459",13/26,/core/www/modules//sdig/index.php?run_id=110202&search_id=114132&scans_id=110198&peptide_id=3156&scanf=12120&charge=2&value=13/26,sp|O75400|PR40A_HUMAN,/core/www/modules//consensus/?run_id=110202&search_id=114132&scans_id=110198&peptide_id=3156&scanf=12120&charge=2&value=sp|O75400|PR40A_HUMAN,7,/core/www/modules/match_peptides/blast_html4.php?run_id=110202&search_id=114132&scans_id=110198&peptide_id=3156&scanf=12120&charge=2&value=7,K.SDSGKPYYYNSQTK.E,/core/www/modules/show_out/show_out_wrapper.php?run_id=110202&search_id=114132&scans_id=110198&peptide_id=3156&scanf=12120&charge=2&value=K.SDSGKPYYYNSQTK.E,PRPF40A,9.337e+5,2.833,0.007,2.162,0.000
12122,2,"  2.109","  0.462",9/16,/core/www/modules//sdig/index.php?run_id=110202&search_id=114132&scans_id=110198&peptide_id=3157&scanf=12122&charge=2&value=9/16,sp|Q9H0A0|NAT10_HUMAN,/core/www/modules//consensus/?run_id=110202&search_id=114132&scans_id=110198&peptide_id=3157&scanf=12122&charge=2&value=sp|Q9H0A0|NAT10_HUMAN,0,/core/www/modules/match_peptides/blast_html4.php?run_id=110202&search_id=114132&scans_id=110198&peptide_id=3157&scanf=12122&charge=2&value=0,R.YAPGDAVEK.W,/core/www/modules/show_out/show_out_wrapper.php?run_id=110202&search_id=114132&scans_id=110198&peptide_id=3157&scanf=12122&charge=2&value=R.YAPGDAVEK.W,NAT10,2.096e+7,3.204,0.002,2.710,0.000
12124,2,"  2.198","  0.437",10/20,/core/www/modules//sdig/index.php?run_id=110202&search_id=114132&scans_id=110198&peptide_id=3159&scanf=12124&charge=2&value=10/20,sp|Q99832|TCPH_HUMAN,/core/www/modules//consensus/?run_id=110202&search_id=114132&scans_id=110198&peptide_id=3159&scanf=12124&charge=2&value=sp|Q99832|TCPH_HUMAN,0,/core/www/modules/match_peptides/blast_html4.php?run_id=110202&search_id=114132&scans_id=110198&peptide_id=3159&scanf=12124&charge=2&value=0,R.STVDAPTAAGR.G,/core/www/modules/show_out/show_out_wrapper.php?run_id=110202&search_id=114132&scans_id=110198&peptide_id=3159&scanf=12124&charge=2&value=R.STVDAPTAAGR.G,CCT7,2.725e+7,2.662,0.012,1.911,0.000
12134,2,"  2.436","  0.181",10/14,/core/www/modules//sdig/index.php?run_id=110202&search_id=114132&scans_id=110198&peptide_id=3170&scanf=12134&charge=2&value=10/14,sp|P35580|MYH10_HUMAN,/core/www/modules//consensus/?run_id=110202&search_id=114132&scans_id=110198&peptide_id=3170&scanf=12134&charge=2&value=sp|P35580|MYH10_HUMAN,3,/core/www/modules/match_peptides/blast_html4.php?run_id=110202&search_id=114132&scans_id=110198&peptide_id=3170&scanf=12134&charge=2&value=3,R.TGLEDPER.Y,/core/www/modules/show_out/show_out_wrapper.php?run_id=110202&search_id=114132&scans_id=110198&peptide_id=3170&scanf=12134&charge=2&value=R.TGLEDPER.Y,MYH10,4.639e+6,2.551,0.018,1.749,0.000
12135,2,"  2.612","  0.539",9/18,/core/www/modules//sdig/index.php?run_id=110202&search_id=114132&scans_id=110198&peptide_id=3171&scanf=12135&charge=2&value=9/18,sp|Q9H8H2|DDX31_HUMAN,/core/www/modules//consensus/?run_id=110202&search_id=114132&scans_id=110198&peptide_id=3171&scanf=12135&charge=2&value=sp|Q9H8H2|DDX31_HUMAN,0,/core/www/modules/match_peptides/blast_html4.php?run_id=110202&search_id=114132&scans_id=110198&peptide_id=3171&scanf=12135&charge=2&value=0,K.SHAVGPQEIR.E,/core/www/modules/show_out/show_out_wrapper.php?run_id=110202&search_id=114132&scans_id=110198&peptide_id=3171&scanf=12135&charge=2&value=K.SHAVGPQEIR.E,DDX31,6.896e+6,3.250,0.002,2.779,0.000
12139,2,"  2.853","  0.484",14/20,/core/www/modules//sdig/index.php?run_id=110202&search_id=114132&scans_id=110198&peptide_id=3175&scanf=12139&charge=2&value=14/20,sp|P41252|SYIC_HUMAN,/core/www/modules//consensus/?run_id=110202&search_id=114132&scans_id=110198&peptide_id=3175&scanf=12139&charge=2&value=sp|P41252|SYIC_HUMAN,11,/core/www/modules/match_peptides/blast_html4.php?run_id=110202&search_id=114132&scans_id=110198&peptide_id=3175&scanf=12139&charge=2&value=11,R.YAHQSGFHVDR.R,/core/www/modules/show_out/show_out_wrapper.php?run_id=110202&search_id=114132&scans_id=110198&peptide_id=3175&scanf=12139&charge=2&value=R.YAHQSGFHVDR.R,IARS1,1.541e+6,3.367,0.001,2.950,0.000
12140,2,"  2.100","  0.189",8/16,/core/www/modules//sdig/index.php?run_id=110202&search_id=114132&scans_id=110198&peptide_id=3177&scanf=12140&charge=2&value=8/16,sp|Q14204|DYHC1_HUMAN,/core/www/modules//consensus/?run_id=110202&search_id=114132&scans_id=110198&peptide_id=3177&scanf=12140&charge=2&value=sp|Q14204|DYHC1_HUMAN,27,/core/www/modules/match_peptides/blast_html4.php?run_id=110202&search_id=114132&scans_id=110198&peptide_id=3177&scanf=12140&charge=2&value=27,R.SLAMTKPDR.Q,/core/www/modules/show_out/show_out_wrapper.php?run_id=110202&search_id=114132&scans_id=110198&peptide_id=3177&scanf=12140&charge=2&value=R.SLAMTKPDR.Q,DYNC1H1,1.417e+6,2.396,0.030,1.524,0.001
12143,2,"  2.118","  0.483",9/14,/core/www/modules//sdig/index.php?run_id=110202&search_id=114132&scans_id=110198&peptide_id=3179&scanf=12143&charge=2&value=9/14,sp|P22087|FBRL_HUMAN,/core/www/modules//consensus/?run_id=110202&search_id=114132&scans_id=110198&peptide_id=3179&scanf=12143&charge=2&value=sp|P22087|FBRL_HUMAN,7,/core/www/modules/match_peptides/blast_html4.php?run_id=110202&search_id=114132&scans_id=110198&peptide_id=3179&scanf=12143&charge=2&value=7,K.NVMVEPHR.H,/core/www/modules/show_out/show_out_wrapper.php?run_id=110202&search_id=114132&scans_id=110198&peptide_id=3179&scanf=12143&charge=2&value=K.NVMVEPHR.H,FBL,6.682e+7,3.379,0.001,2.969,0.000
12145,2,"  2.050","  0.320",10/16,/core/www/modules//sdig/index.php?run_id=110202&search_id=114132&scans_id=110198&peptide_id=3181&scanf=12145&charge=2&value=10/16,sp|P06748|NPM_HUMAN,/core/www/modules//consensus/?run_id=110202&search_id=114132&scans_id=110198&peptide_id=3181&scanf=12145&charge=2&value=sp|P06748|NPM_HUMAN,9,/core/www/modules/match_peptides/blast_html4.php?run_id=110202&search_id=114132&scans_id=110198&peptide_id=3181&scanf=12145&charge=2&value=9,R.TVSLGAGAK.D,/core/www/modules/show_out/show_out_wrapper.php?run_id=110202&search_id=114132&scans_id=110198&peptide_id=3181&scanf=12145&charge=2&value=R.TVSLGAGAK.D,NPM1,5.555e+7,2.717,0.010,1.991,0.000
12149,2,"  2.545","  0.482",11/16,/core/www/modules//sdig/index.php?run_id=110202&search_id=114132&scans_id=110198&peptide_id=3185&scanf=12149&charge=2&value=11/16,sp|Q92922|SMRC1_HUMAN,/core/www/modules//consensus/?run_id=110202&search_id=114132&scans_id=110198&peptide_id=3185&scanf=12149&charge=2&value=sp|Q92922|SMRC1_HUMAN,1,/core/www/modules/match_peptides/blast_html4.php?run_id=110202&search_id=114132&scans_id=110198&peptide_id=3185&scanf=12149&charge=2&value=1,K.HVTNPAFTK.L,/core/www/modules/show_out/show_out_wrapper.php?run_id=110202&search_id=114132&scans_id=110198&peptide_id=3185&scanf=12149&charge=2&value=K.HVTNPAFTK.L,SMARCC1,1.160e+7,3.417,0.001,3.026,0.000
12154,3,"  2.550","  0.302",10/36,/core/www/modules//sdig/index.php?run_id=110202&search_id=114132&scans_id=110198&peptide_id=3191&scanf=12154&charge=3&value=10/36,sp|P35580|MYH10_HUMAN,/core/www/modules//consensus/?run_id=110202&search_id=114132&scans_id=110198&peptide_id=3191&scanf=12154&charge=3&value=sp|P35580|MYH10_HUMAN,1,/core/www/modules/match_peptides/blast_html4.php?run_id=110202&search_id=114132&scans_id=110198&peptide_id=3191&scanf=12154&charge=3&value=1,K.NHEAQIQDMR.Q,/core/www/modules/show_out/show_out_wrapper.php?run_id=110202&search_id=114132&scans_id=110198&peptide_id=3191&scanf=12154&charge=3&value=K.NHEAQIQDMR.Q,MYH10,2.921e+6,2.709,0.010,1.979,0.000
12156,3,"  3.973","  0.426",15/52,/core/www/modules//sdig/index.php?run_id=110202&search_id=114132&scans_id=110198&peptide_id=3193&scanf=12156&charge=3&value=15/52,sp|O43447|PPIH_HUMAN,/core/www/modules//consensus/?run_id=110202&search_id=114132&scans_id=110198&peptide_id=3193&scanf=12156&charge=3&value=sp|O43447|PPIH_HUMAN,3,/core/www/modules/match_peptides/blast_html4.php?run_id=110202&search_id=114132&scans_id=110198&peptide_id=3193&scanf=12156&charge=3&value=3,R.KIENVPTGPNNKPK.L,/core/www/modules/show_out/show_out_wrapper.php?run_id=110202&search_id=114132&scans_id=110198&peptide_id=3193&scanf=12156&charge=3&value=R.KIENVPTGPNNKPK.L,PPIH,8.946e+6,2.679,0.012,1.935,0.000
12157,3,"  5.339","  0.573",19/48,/core/www/modules//sdig/index.php?run_id=110202&search_id=114132&scans_id=110198&peptide_id=3194&scanf=12157&charge=3&value=19/48,sp|O14617|AP3D1_HUMAN,/core/www/modules//consensus/?run_id=110202&search_id=114132&scans_id=110198&peptide_id=3194&scanf=12157&charge=3&value=sp|O14617|AP3D1_HUMAN,1,/core/www/modules/match_peptides/blast_html4.php?run_id=110202&search_id=114132&scans_id=110198&peptide_id=3194&scanf=12157&charge=3&value=1,K.HRPSEADEEELAR.R,/core/www/modules/show_out/show_out_wrapper.php?run_id=110202&search_id=114132&scans_id=110198&peptide_id=3194&scanf=12157&charge=3&value=K.HRPSEADEEELAR.R,AP3D1,4.521e+6,3.737,0.000,3.499,0.000
12158,2,"  1.861","  0.245",9/20,/core/www/modules//sdig/index.php?run_id=110202&search_id=114132&scans_id=110198&peptide_id=3195&scanf=12158&charge=2&value=9/20,sp|Q5JTZ9|SYAM_HUMAN,/core/www/modules//consensus/?run_id=110202&search_id=114132&scans_id=110198&peptide_id=3195&scanf=12158&charge=2&value=sp|Q5JTZ9|SYAM_HUMAN,0,/core/www/modules/match_peptides/blast_html4.php?run_id=110202&search_id=114132&scans_id=110198&peptide_id=3195&scanf=12158&charge=2&value=0,R.QGVPPTDDSPK.Y,/core/www/modules/show_out/show_out_wrapper.php?run_id=110202&search_id=114132&scans_id=110198&peptide_id=3195&scanf=12158&charge=2&value=R.QGVPPTDDSPK.Y,AARS2,1.557e+6,1.986,0.111,0.954,0.005
12159,3,"  4.375","  0.525",15/68,/core/www/modules//sdig/index.php?run_id=110202&search_id=114132&scans_id=110198&peptide_id=3196&scanf=12159&charge=3&value=15/68,sp|Q8IY18|SMC5_HUMAN,/core/www/modules//consensus/?run_id=110202&search_id=114132&scans_id=110198&peptide_id=3196&scanf=12159&charge=3&value=sp|Q8IY18|SMC5_HUMAN,0,/core/www/modules/match_peptides/blast_html4.php?run_id=110202&search_id=114132&scans_id=110198&peptide_id=3196&scanf=12159&charge=3&value=0,R.SSTQLHELTPHHQSGGER.S,/core/www/modules/show_out/show_out_wrapper.php?run_id=110202&search_id=114132&scans_id=110198&peptide_id=3196&scanf=12159&charge=3&value=R.SSTQLHELTPHHQSGGER.S,SMC5,8.667e+5,3.026,0.004,2.446,0.000
12160,2,"  2.132","  0.334",11/22,/core/www/modules//sdig/index.php?run_id=110202&search_id=114132&scans_id=110198&peptide_id=3198&scanf=12160&charge=2&value=11/22,sp|P50402|EMD_HUMAN,/core/www/modules//consensus/?run_id=110202&search_id=114132&scans_id=110198&peptide_id=3198&scanf=12160&charge=2&value=sp|P50402|EMD_HUMAN,2,/core/www/modules/match_peptides/blast_html4.php?run_id=110202&search_id=114132&scans_id=110198&peptide_id=3198&scanf=12160&charge=2&value=2,R.TYGEPESAGPSR.A,/core/www/modules/show_out/show_out_wrapper.php?run_id=110202&search_id=114132&scans_id=110198&peptide_id=3198&scanf=12160&charge=2&value=R.TYGEPESAGPSR.A,EMD,1.884e+6,2.371,0.032,1.489,0.001
12161,2,"  1.949","  0.303",8/20,/core/www/modules//sdig/index.php?run_id=110202&search_id=114132&scans_id=110198&peptide_id=3199&scanf=12161&charge=2&value=8/20,sp|Q96PK6|RBM14_HUMAN,/core/www/modules//consensus/?run_id=110202&search_id=114132&scans_id=110198&peptide_id=3199&scanf=12161&charge=2&value=sp|Q96PK6|RBM14_HUMAN,0,/core/www/modules/match_peptides/blast_html4.php?run_id=110202&search_id=114132&scans_id=110198&peptide_id=3199&scanf=12161&charge=2&value=0,R.RLPDAHSDYAR.Y,/core/www/modules/show_out/show_out_wrapper.php?run_id=110202&search_id=114132&scans_id=110198&peptide_id=3199&scanf=12161&charge=2&value=R.RLPDAHSDYAR.Y,RBM14,2.041e+6,1.963,0.119,0.924,0.005
12164,2,"  1.962","  0.364",9/14,/core/www/modules//sdig/index.php?run_id=110202&search_id=114132&scans_id=110198&peptide_id=3201&scanf=12164&charge=2&value=9/14,sp|P47756|CAPZB_HUMAN,/core/www/modules//consensus/?run_id=110202&search_id=114132&scans_id=110198&peptide_id=3201&scanf=12164&charge=2&value=sp|P47756|CAPZB_HUMAN,1,/core/www/modules/match_peptides/blast_html4.php?run_id=110202&search_id=114132&scans_id=110198&peptide_id=3201&scanf=12164&charge=2&value=1,R.SVQTFADK.S,/core/www/modules/show_out/show_out_wrapper.php?run_id=110202&search_id=114132&scans_id=110198&peptide_id=3201&scanf=12164&charge=2&value=R.SVQTFADK.S,CAPZB,1.593e+7,2.920,0.005,2.290,0.000
12165,3,"  2.831","  0.401",14/32,/core/www/modules//sdig/index.php?run_id=110202&search_id=114132&scans_id=110198&peptide_id=3202&scanf=12165&charge=3&value=14/32,sp|P17980|PRS6A_HUMAN,/core/www/modules//consensus/?run_id=110202&search_id=114132&scans_id=110198&peptide_id=3202&scanf=12165&charge=3&value=sp|P17980|PRS6A_HUMAN,5,/core/www/modules/match_peptides/blast_html4.php?run_id=110202&search_id=114132&scans_id=110198&peptide_id=3202&scanf=12165&charge=3&value=5,R.VTHELQAMK.D,/core/www/modules/show_out/show_out_wrapper.php?run_id=110202&search_id=114132&scans_id=110198&peptide_id=3202&scanf=12165&charge=3&value=R.VTHELQAMK.D,PSMC3,2.075e+7,3.262,0.002,2.796,0.000
12167,3,"  2.255","  0.316",14/36,/core/www/modules//sdig/index.php?run_id=110202&search_id=114132&scans_id=110198&peptide_id=3204&scanf=12167&charge=3&value=14/36,sp|O95602|RPA1_HUMAN,/core/www/modules//consensus/?run_id=110202&search_id=114132&scans_id=110198&peptide_id=3204&scanf=12167&charge=3&value=sp|O95602|RPA1_HUMAN,1,/core/www/modules/match_peptides/blast_html4.php?run_id=110202&search_id=114132&scans_id=110198&peptide_id=3204&scanf=12167&charge=3&value=1,K.SQHLHEVLSR.A,/core/www/modules/show_out/show_out_wrapper.php?run_id=110202&search_id=114132&scans_id=110198&peptide_id=3204&scanf=12167&charge=3&value=K.SQHLHEVLSR.A,POLR1A,1.095e+7,2.842,0.007,2.175,0.000
12172,2,"  1.995","  0.377",9/14,/core/www/modules//sdig/index.php?run_id=110202&search_id=114132&scans_id=110198&peptide_id=3210&scanf=12172&charge=2&value=9/14,sp|P02545|LMNA_HUMAN,/core/www/modules//consensus/?run_id=110202&search_id=114132&scans_id=110198&peptide_id=3210&scanf=12172&charge=2&value=sp|P02545|LMNA_HUMAN,8,/core/www/modules/match_peptides/blast_html4.php?run_id=110202&search_id=114132&scans_id=110198&peptide_id=3210&scanf=12172&charge=2&value=8,K.LLEGEEER.L,/core/www/modules/show_out/show_out_wrapper.php?run_id=110202&search_id=114132&scans_id=110198&peptide_id=3210&scanf=12172&charge=2&value=K.LLEGEEER.L,LMNA,1.100e+8,3.063,0.003,2.502,0.000
12174,4,"  3.256","  0.000",10/90,/core/www/modules//sdig/index.php?run_id=110202&search_id=114132&scans_id=110198&peptide_id=3212&scanf=12174&charge=4&value=10/90,sp|P01889|HLAB_HUMAN,/core/www/modules//consensus/?run_id=110202&search_id=114132&scans_id=110198&peptide_id=3212&scanf=12174&charge=4&value=sp|P01889|HLAB_HUMAN,5,/core/www/modules/match_peptides/blast_html4.php?run_id=110202&search_id=114132&scans_id=110198&peptide_id=3212&scanf=12174&charge=4&value=5,K.THVTHHPISDHEATLR.C,/core/www/modules/show_out/show_out_wrapper.php?run_id=110202&search_id=114132&scans_id=110198&peptide_id=3212&scanf=12174&charge=4&value=K.THVTHHPISDHEATLR.C,HLA-B,1.607e+6,2.438,0.026,1.584,0.001
12175,3,"  1.548","  0.174",9/40,/core/www/modules//sdig/index.php?run_id=110202&search_id=114132&scans_id=110198&peptide_id=3213&scanf=12175&charge=3&value=9/40,sp|Q14697|GANAB_HUMAN,/core/www/modules//consensus/?run_id=110202&search_id=114132&scans_id=110198&peptide_id=3213&scanf=12175&charge=3&value=sp|Q14697|GANAB_HUMAN,2,/core/www/modules/match_peptides/blast_html4.php?run_id=110202&search_id=114132&scans_id=110198&peptide_id=3213&scanf=12175&charge=3&value=2,K.DAQHYGGWEHR.D,/core/www/modules/show_out/show_out_wrapper.php?run_id=110202&search_id=114132&scans_id=110198&peptide_id=3213&scanf=12175&charge=3&value=K.DAQHYGGWEHR.D,GANAB,4.094e+6,1.956,0.122,0.914,0.006
12178,2,"  2.830","  0.537",11/20,/core/www/modules//sdig/index.php?run_id=110202&search_id=114132&scans_id=110198&peptide_id=3216&scanf=12178&charge=2&value=11/20,sp|Q14692|BMS1_HUMAN,/core/www/modules//consensus/?run_id=110202&search_id=114132&scans_id=110198&peptide_id=3216&scanf=12178&charge=2&value=sp|Q14692|BMS1_HUMAN,0,/core/www/modules/match_peptides/blast_html4.php?run_id=110202&search_id=114132&scans_id=110198&peptide_id=3216&scanf=12178&charge=2&value=0,R.AEFEDQDDEAR.V,/core/www/modules/show_out/show_out_wrapper.php?run_id=110202&search_id=114132&scans_id=110198&peptide_id=3216&scanf=12178&charge=2&value=R.AEFEDQDDEAR.V,BMS1,5.197e+6,3.291,0.001,2.839,0.000
12181,2,"  1.738","  0.317",7/14,/core/www/modules//sdig/index.php?run_id=110202&search_id=114132&scans_id=110198&peptide_id=3220&scanf=12181&charge=2&value=7/14,sp|Q13206|DDX10_HUMAN,/core/www/modules//consensus/?run_id=110202&search_id=114132&scans_id=110198&peptide_id=3220&scanf=12181&charge=2&value=sp|Q13206|DDX10_HUMAN,7,/core/www/modules/match_peptides/blast_html4.php?run_id=110202&search_id=114132&scans_id=110198&peptide_id=3220&scanf=12181&charge=2&value=7,K.GLQEAQYR.L,/core/www/modules/show_out/show_out_wrapper.php?run_id=110202&search_id=114132&scans_id=110198&peptide_id=3220&scanf=12181&charge=2&value=K.GLQEAQYR.L,DDX10,6.718e+6,2.584,0.016,1.796,0.000
12182,2,"  4.187","  0.501",14/24,/core/www/modules//sdig/index.php?run_id=110202&search_id=114132&scans_id=110198&peptide_id=3221&scanf=12182&charge=2&value=14/24,sp|Q15637|SF01_HUMAN,/core/www/modules//consensus/?run_id=110202&search_id=114132&scans_id=110198&peptide_id=3221&scanf=12182&charge=2&value=sp|Q15637|SF01_HUMAN,2,/core/www/modules/match_peptides/blast_html4.php?run_id=110202&search_id=114132&scans_id=110198&peptide_id=3221&scanf=12182&charge=2&value=2,K.FQRPGDPQSAQDK.A,/core/www/modules/show_out/show_out_wrapper.php?run_id=110202&search_id=114132&scans_id=110198&peptide_id=3221&scanf=12182&charge=2&value=K.FQRPGDPQSAQDK.A,SF1,2.591e+6,3.228,0.002,2.745,0.000
12185,3,"  3.583","  0.317",14/40,/core/www/modules//sdig/index.php?run_id=110202&search_id=114132&scans_id=110198&peptide_id=3223&scanf=12185&charge=3&value=14/40,sp|P60709|ACTB_HUMAN,/core/www/modules//consensus/?run_id=110202&search_id=114132&scans_id=110198&peptide_id=3223&scanf=12185&charge=3&value=sp|P60709|ACTB_HUMAN,26,/core/www/modules/match_peptides/blast_html4.php?run_id=110202&search_id=114132&scans_id=110198&peptide_id=3223&scanf=12185&charge=3&value=26,R.HQGVM*VGMGQK.D,/core/www/modules/show_out/show_out_wrapper.php?run_id=110202&search_id=114132&scans_id=110198&peptide_id=3223&scanf=12185&charge=3&value=R.HQGVM*VGMGQK.D,ACTB,8.250e+7,3.892,0.000,3.729,0.000
12186,2,"  1.187","  0.107",6/12,/core/www/modules//sdig/index.php?run_id=110202&search_id=114132&scans_id=110198&peptide_id=3224&scanf=12186&charge=2&value=6/12,sp|P62195|PRS8_HUMAN,/core/www/modules//consensus/?run_id=110202&search_id=114132&scans_id=110198&peptide_id=3224&scanf=12186&charge=2&value=sp|P62195|PRS8_HUMAN,3,/core/www/modules/match_peptides/blast_html4.php?run_id=110202&search_id=114132&scans_id=110198&peptide_id=3224&scanf=12186&charge=2&value=3,K.FIGEGAR.M,/core/www/modules/show_out/show_out_wrapper.php?run_id=110202&search_id=114132&scans_id=110198&peptide_id=3224&scanf=12186&charge=2&value=K.FIGEGAR.M,PSMC5,5.297e+7,1.914,0.138,0.860,0.007
12189,3,"  3.887","  0.605",20/44,/core/www/modules//sdig/index.php?run_id=110202&search_id=114132&scans_id=110198&peptide_id=3227&scanf=12189&charge=3&value=20/44,sp|Q9BV38|WDR18_HUMAN,/core/www/modules//consensus/?run_id=110202&search_id=114132&scans_id=110198&peptide_id=3227&scanf=12189&charge=3&value=sp|Q9BV38|WDR18_HUMAN,3,/core/www/modules/match_peptides/blast_html4.php?run_id=110202&search_id=114132&scans_id=110198&peptide_id=3227&scanf=12189&charge=3&value=3,K.HLLGAEHGDEPR.H,/core/www/modules/show_out/show_out_wrapper.php?run_id=110202&search_id=114132&scans_id=110198&peptide_id=3227&scanf=12189&charge=3&value=K.HLLGAEHGDEPR.H,WDR18,2.545e+7,3.827,0.000,3.633,0.000
12196,2,"  2.162","  0.341",8/14,/core/www/modules//sdig/index.php?run_id=110202&search_id=114132&scans_id=110198&peptide_id=3235&scanf=12196&charge=2&value=8/14,sp|O94906|PRP6_HUMAN,/core/www/modules//consensus/?run_id=110202&search_id=114132&scans_id=110198&peptide_id=3235&scanf=12196&charge=2&value=sp|O94906|PRP6_HUMAN,0,/core/www/modules/match_peptides/blast_html4.php?run_id=110202&search_id=114132&scans_id=110198&peptide_id=3235&scanf=12196&charge=2&value=0,K.AVVAQAVR.H,/core/www/modules/show_out/show_out_wrapper.php?run_id=110202&search_id=114132&scans_id=110198&peptide_id=3235&scanf=12196&charge=2&value=K.AVVAQAVR.H,PRPF6,1.803e+7,2.858,0.006,2.198,0.000
12201,2,"  1.697","  0.351",8/14,/core/www/modules//sdig/index.php?run_id=110202&search_id=114132&scans_id=110198&peptide_id=3241&scanf=12201&charge=2&value=8/14,sp|P22087|FBRL_HUMAN,/core/www/modules//consensus/?run_id=110202&search_id=114132&scans_id=110198&peptide_id=3241&scanf=12201&charge=2&value=sp|P22087|FBRL_HUMAN,7,/core/www/modules/match_peptides/blast_html4.php?run_id=110202&search_id=114132&scans_id=110198&peptide_id=3241&scanf=12201&charge=2&value=7,K.NVM*VEPHR.H,/core/www/modules/show_out/show_out_wrapper.php?run_id=110202&search_id=114132&scans_id=110198&peptide_id=3241&scanf=12201&charge=2&value=K.NVM*VEPHR.H,FBL,4.401e+6,2.730,0.010,2.009,0.000
12208,3,"  2.460","  0.391",11/32,/core/www/modules//sdig/index.php?run_id=110202&search_id=114132&scans_id=110198&peptide_id=3247&scanf=12208&charge=3&value=11/32,sp|Q02880|TOP2B_HUMAN,/core/www/modules//consensus/?run_id=110202&search_id=114132&scans_id=110198&peptide_id=3247&scanf=12208&charge=3&value=sp|Q02880|TOP2B_HUMAN,4,/core/www/modules/match_peptides/blast_html4.php?run_id=110202&search_id=114132&scans_id=110198&peptide_id=3247&scanf=12208&charge=3&value=4,K.VIHELANER.W,/core/www/modules/show_out/show_out_wrapper.php?run_id=110202&search_id=114132&scans_id=110198&peptide_id=3247&scanf=12208&charge=3&value=K.VIHELANER.W,TOP2B,3.456e+7,3.130,0.003,2.600,0.000
12211,2,"  3.404","  0.424",14/18,/core/www/modules//sdig/index.php?run_id=110202&search_id=114132&scans_id=110198&peptide_id=3250&scanf=12211&charge=2&value=14/18,sp|P35579|MYH9_HUMAN,/core/www/modules//consensus/?run_id=110202&search_id=114132&scans_id=110198&peptide_id=3250&scanf=12211&charge=2&value=sp|P35579|MYH9_HUMAN,1,/core/www/modules/match_peptides/blast_html4.php?run_id=110202&search_id=114132&scans_id=110198&peptide_id=3250&scanf=12211&charge=2&value=1,K.THEAQIQEMR.Q,/core/www/modules/show_out/show_out_wrapper.php?run_id=110202&search_id=114132&scans_id=110198&peptide_id=3250&scanf=12211&charge=2&value=K.THEAQIQEMR.Q,MYH9,1.098e+7,3.510,0.001,3.164,0.000
12212,2,"  1.788","  0.025",8/14,/core/www/modules//sdig/index.php?run_id=110202&search_id=114132&scans_id=110198&peptide_id=3251&scanf=12212&charge=2&value=8/14,sp|P60709|ACTB_HUMAN,/core/www/modules//consensus/?run_id=110202&search_id=114132&scans_id=110198&peptide_id=3251&scanf=12212&charge=2&value=sp|P60709|ACTB_HUMAN,11,/core/www/modules/match_peptides/blast_html4.php?run_id=110202&search_id=114132&scans_id=110198&peptide_id=3251&scanf=12212&charge=2&value=11,K.IIAPPERK.Y,/core/www/modules/show_out/show_out_wrapper.php?run_id=110202&search_id=114132&scans_id=110198&peptide_id=3251&scanf=12212&charge=2&value=K.IIAPPERK.Y,ACTB,3.831e+7,1.945,0.126,0.899,0.006
12213,3,"  4.103","  0.533",17/52,/core/www/modules//sdig/index.php?run_id=110202&search_id=114132&scans_id=110198&peptide_id=3252&scanf=12213&charge=3&value=17/52,sp|P31946|1433B_HUMAN,/core/www/modules//consensus/?run_id=110202&search_id=114132&scans_id=110198&peptide_id=3252&scanf=12213&charge=3&value=sp|P31946|1433B_HUMAN,4,/core/www/modules/match_peptides/blast_html4.php?run_id=110202&search_id=114132&scans_id=110198&peptide_id=3252&scanf=12213&charge=3&value=4,K.AVTEQGHELSNEER.N,/core/www/modules/show_out/show_out_wrapper.php?run_id=110202&search_id=114132&scans_id=110198&peptide_id=3252&scanf=12213&charge=3&value=K.AVTEQGHELSNEER.N,YWHAB,4.533e+7,3.364,0.001,2.946,0.000
12215,2,"  3.597","  0.578",14/24,/core/www/modules//sdig/index.php?run_id=110202&search_id=114132&scans_id=110198&peptide_id=3254&scanf=12215&charge=2&value=14/24,sp|Q96QR8|PURB_HUMAN,/core/www/modules//consensus/?run_id=110202&search_id=114132&scans_id=110198&peptide_id=3254&scanf=12215&charge=2&value=sp|Q96QR8|PURB_HUMAN,0,/core/www/modules/match_peptides/blast_html4.php?run_id=110202&search_id=114132&scans_id=110198&peptide_id=3254&scanf=12215&charge=2&value=0,R.GGGEQETQELASK.R,/core/www/modules/show_out/show_out_wrapper.php?run_id=110202&search_id=114132&scans_id=110198&peptide_id=3254&scanf=12215&charge=2&value=R.GGGEQETQELASK.R,PURB,1.205e+7,3.404,0.001,3.007,0.000
12220,2,"  1.811","  0.369",10/20,/core/www/modules//sdig/index.php?run_id=110202&search_id=114132&scans_id=110198&peptide_id=3260&scanf=12220&charge=2&value=10/20,sp|Q9NVN8|GNL3L_HUMAN,/core/www/modules//consensus/?run_id=110202&search_id=114132&scans_id=110198&peptide_id=3260&scanf=12220&charge=2&value=sp|Q9NVN8|GNL3L_HUMAN,2,/core/www/modules/match_peptides/blast_html4.php?run_id=110202&search_id=114132&scans_id=110198&peptide_id=3260&scanf=12220&charge=2&value=2,K.GGLYSQEQAAK.A,/core/www/modules/show_out/show_out_wrapper.php?run_id=110202&search_id=114132&scans_id=110198&peptide_id=3260&scanf=12220&charge=2&value=K.GGLYSQEQAAK.A,GNL3L,6.128e+6,2.611,0.015,1.836,0.000
12221,2,"  3.984","  0.563",18/20,/core/www/modules//sdig/index.php?run_id=110202&search_id=114132&scans_id=110198&peptide_id=3261&scanf=12221&charge=2&value=18/20,sp|Q15233|NONO_HUMAN,/core/www/modules//consensus/?run_id=110202&search_id=114132&scans_id=110198&peptide_id=3261&scanf=12221&charge=2&value=sp|Q15233|NONO_HUMAN,9,/core/www/modules/match_peptides/blast_html4.php?run_id=110202&search_id=114132&scans_id=110198&peptide_id=3261&scanf=12221&charge=2&value=9,R.MEELHNQEVQK.R,/core/www/modules/show_out/show_out_wrapper.php?run_id=110202&search_id=114132&scans_id=110198&peptide_id=3261&scanf=12221&charge=2&value=R.MEELHNQEVQK.R,NONO,9.965e+6,4.023,0.000,3.924,0.000
12222,2,"  2.646","  0.395",11/16,/core/www/modules//sdig/index.php?run_id=110202&search_id=114132&scans_id=110198&peptide_id=3262&scanf=12222&charge=2&value=11/16,sp|P08670|VIME_HUMAN,/core/www/modules//consensus/?run_id=110202&search_id=114132&scans_id=110198&peptide_id=3262&scanf=12222&charge=2&value=sp|P08670|VIME_HUMAN,2,/core/www/modules/match_peptides/blast_html4.php?run_id=110202&search_id=114132&scans_id=110198&peptide_id=3262&scanf=12222&charge=2&value=2,R.LQDEIQNM*K.E,/core/www/modules/show_out/show_out_wrapper.php?run_id=110202&search_id=114132&scans_id=110198&peptide_id=3262&scanf=12222&charge=2&value=R.LQDEIQNM*K.E,VIM,4.655e+7,3.345,0.001,2.919,0.000
12224,2,"  2.836","  0.348",11/14,/core/www/modules//sdig/index.php?run_id=110202&search_id=114132&scans_id=110198&peptide_id=3264&scanf=12224&charge=2&value=11/14,sp|Q15050|RRS1_HUMAN,/core/www/modules//consensus/?run_id=110202&search_id=114132&scans_id=110198&peptide_id=3264&scanf=12224&charge=2&value=sp|Q15050|RRS1_HUMAN,0,/core/www/modules/match_peptides/blast_html4.php?run_id=110202&search_id=114132&scans_id=110198&peptide_id=3264&scanf=12224&charge=2&value=0,K.KPQLDVTR.A,/core/www/modules/show_out/show_out_wrapper.php?run_id=110202&search_id=114132&scans_id=110198&peptide_id=3264&scanf=12224&charge=2&value=K.KPQLDVTR.A,RRS1,1.839e+7,3.143,0.002,2.619,0.000
12225,3,"  2.790","  0.393",19/32,/core/www/modules//sdig/index.php?run_id=110202&search_id=114132&scans_id=110198&peptide_id=3265&scanf=12225&charge=3&value=19/32,sp|P55265|DSRAD_HUMAN,/core/www/modules//consensus/?run_id=110202&search_id=114132&scans_id=110198&peptide_id=3265&scanf=12225&charge=3&value=sp|P55265|DSRAD_HUMAN,3,/core/www/modules/match_peptides/blast_html4.php?run_id=110202&search_id=114132&scans_id=110198&peptide_id=3265&scanf=12225&charge=3&value=3,R.HPFIVNHPK.V,/core/www/modules/show_out/show_out_wrapper.php?run_id=110202&search_id=114132&scans_id=110198&peptide_id=3265&scanf=12225&charge=3&value=R.HPFIVNHPK.V,ADAR,2.053e+7,3.455,0.001,3.082,0.000
12228,2,"  1.667","  0.193",7/12,/core/www/modules//sdig/index.php?run_id=110202&search_id=114132&scans_id=110198&peptide_id=3267&scanf=12228&charge=2&value=7/12,sp|Q6STE5|SMRD3_HUMAN,/core/www/modules//consensus/?run_id=110202&search_id=114132&scans_id=110198&peptide_id=3267&scanf=12228&charge=2&value=sp|Q6STE5|SMRD3_HUMAN,5,/core/www/modules/match_peptides/blast_html4.php?run_id=110202&search_id=114132&scans_id=110198&peptide_id=3267&scanf=12228&charge=2&value=5,K.LLDDPSK.Q,/core/www/modules/show_out/show_out_wrapper.php?run_id=110202&search_id=114132&scans_id=110198&peptide_id=3267&scanf=12228&charge=2&value=K.LLDDPSK.Q,SMARCD3,1.112e+7,2.294,0.042,1.378,0.001
12229,4,"  3.076","  0.430",17/72,/core/www/modules//sdig/index.php?run_id=110202&search_id=114132&scans_id=110198&peptide_id=3268&scanf=12229&charge=4&value=17/72,sp|P09651|ROA1_HUMAN,/core/www/modules//consensus/?run_id=110202&search_id=114132&scans_id=110198&peptide_id=3268&scanf=12229&charge=4&value=sp|P09651|ROA1_HUMAN,8,/core/www/modules/match_peptides/blast_html4.php?run_id=110202&search_id=114132&scans_id=110198&peptide_id=3268&scanf=12229&charge=4&value=8,R.EDSQRPGAHLTVK.K,/core/www/modules/show_out/show_out_wrapper.php?run_id=110202&search_id=114132&scans_id=110198&peptide_id=3268&scanf=12229&charge=4&value=R.EDSQRPGAHLTVK.K,HNRNPA1,3.959e+8,3.415,0.001,3.023,0.000
12230,3,"  2.031","  0.367",13/36,/core/www/modules//sdig/index.php?run_id=110202&search_id=114132&scans_id=110198&peptide_id=3270&scanf=12230&charge=3&value=13/36,sp|Q7L014|DDX46_HUMAN,/core/www/modules//consensus/?run_id=110202&search_id=114132&scans_id=110198&peptide_id=3270&scanf=12230&charge=3&value=sp|Q7L014|DDX46_HUMAN,2,/core/www/modules/match_peptides/blast_html4.php?run_id=110202&search_id=114132&scans_id=110198&peptide_id=3270&scanf=12230&charge=3&value=2,R.KLLEPVDHGK.I,/core/www/modules/show_out/show_out_wrapper.php?run_id=110202&search_id=114132&scans_id=110198&peptide_id=3270&scanf=12230&charge=3&value=R.KLLEPVDHGK.I,DDX46,1.392e+7,2.713,0.010,1.985,0.000
12231,2,"  2.283","  0.425",11/16,/core/www/modules//sdig/index.php?run_id=110202&search_id=114132&scans_id=110198&peptide_id=3271&scanf=12231&charge=2&value=11/16,sp|Q02878|RL6_HUMAN,/core/www/modules//consensus/?run_id=110202&search_id=114132&scans_id=110198&peptide_id=3271&scanf=12231&charge=2&value=sp|Q02878|RL6_HUMAN,0,/core/www/modules/match_peptides/blast_html4.php?run_id=110202&search_id=114132&scans_id=110198&peptide_id=3271&scanf=12231&charge=2&value=0,K.EKYEITEQR.K,/core/www/modules/show_out/show_out_wrapper.php?run_id=110202&search_id=114132&scans_id=110198&peptide_id=3271&scanf=12231&charge=2&value=K.EKYEITEQR.K,RPL6,7.124e+7,2.938,0.005,2.316,0.000
12234,2,"  1.780","  0.290",6/20,/core/www/modules//sdig/index.php?run_id=110202&search_id=114132&scans_id=110198&peptide_id=3274&scanf=12234&charge=2&value=6/20,sp|Q99832|TCPH_HUMAN,/core/www/modules//consensus/?run_id=110202&search_id=114132&scans_id=110198&peptide_id=3274&scanf=12234&charge=2&value=sp|Q99832|TCPH_HUMAN,0,/core/www/modules/match_peptides/blast_html4.php?run_id=110202&search_id=114132&scans_id=110198&peptide_id=3274&scanf=12234&charge=2&value=0,R.STVDAPTAAGR.G,/core/www/modules/show_out/show_out_wrapper.php?run_id=110202&search_id=114132&scans_id=110198&peptide_id=3274&scanf=12234&charge=2&value=R.STVDAPTAAGR.G,CCT7,7.379e+6,2.077,0.084,1.076,0.003
12236,2,"  1.916","  0.211",8/16,/core/www/modules//sdig/index.php?run_id=110202&search_id=114132&scans_id=110198&peptide_id=3276&scanf=12236&charge=2&value=8/16,sp|Q13242|SRSF9_HUMAN,/core/www/modules//consensus/?run_id=110202&search_id=114132&scans_id=110198&peptide_id=3276&scanf=12236&charge=2&value=sp|Q13242|SRSF9_HUMAN,1,/core/www/modules/match_peptides/blast_html4.php?run_id=110202&search_id=114132&scans_id=110198&peptide_id=3276&scanf=12236&charge=2&value=1,R.KEDM*EYALR.K,/core/www/modules/show_out/show_out_wrapper.php?run_id=110202&search_id=114132&scans_id=110198&peptide_id=3276&scanf=12236&charge=2&value=R.KEDM*EYALR.K,SRSF9,4.695e+6,1.823,0.179,0.746,0.010
12241,2,"  2.118","  0.150",7/14,/core/www/modules//sdig/index.php?run_id=110202&search_id=114132&scans_id=110198&peptide_id=3282&scanf=12241&charge=2&value=7/14,sp|O00139|KIF2A_HUMAN,/core/www/modules//consensus/?run_id=110202&search_id=114132&scans_id=110198&peptide_id=3282&scanf=12241&charge=2&value=sp|O00139|KIF2A_HUMAN,5,/core/www/modules/match_peptides/blast_html4.php?run_id=110202&search_id=114132&scans_id=110198&peptide_id=3282&scanf=12241&charge=2&value=5,R.LEGAEINK.S,/core/www/modules/show_out/show_out_wrapper.php?run_id=110202&search_id=114132&scans_id=110198&peptide_id=3282&scanf=12241&charge=2&value=R.LEGAEINK.S,KIF2A,2.591e+7,2.003,0.106,0.976,0.005
12242,2,"  3.451","  0.636",16/24,/core/www/modules//sdig/index.php?run_id=110202&search_id=114132&scans_id=110198&peptide_id=3283&scanf=12242&charge=2&value=16/24,sp|Q99729|ROAA_HUMAN,/core/www/modules//consensus/?run_id=110202&search_id=114132&scans_id=110198&peptide_id=3283&scanf=12242&charge=2&value=sp|Q99729|ROAA_HUMAN,3,/core/www/modules/match_peptides/blast_html4.php?run_id=110202&search_id=114132&scans_id=110198&peptide_id=3283&scanf=12242&charge=2&value=3,K.EVYQQQQYGSGGR.G,/core/www/modules/show_out/show_out_wrapper.php?run_id=110202&search_id=114132&scans_id=110198&peptide_id=3283&scanf=12242&charge=2&value=K.EVYQQQQYGSGGR.G,HNRNPAB,4.981e+7,3.802,0.000,3.596,0.000
12244,2,"  2.829","  0.521",12/20,/core/www/modules//sdig/index.php?run_id=110202&search_id=114132&scans_id=110198&peptide_id=3285&scanf=12244&charge=2&value=12/20,sp|Q8WVM7|STAG1_HUMAN,/core/www/modules//consensus/?run_id=110202&search_id=114132&scans_id=110198&peptide_id=3285&scanf=12244&charge=2&value=sp|Q8WVM7|STAG1_HUMAN,1,/core/www/modules/match_peptides/blast_html4.php?run_id=110202&search_id=114132&scans_id=110198&peptide_id=3285&scanf=12244&charge=2&value=1,R.NSLVTGGEDDR.M,/core/www/modules/show_out/show_out_wrapper.php?run_id=110202&search_id=114132&scans_id=110198&peptide_id=3285&scanf=12244&charge=2&value=R.NSLVTGGEDDR.M,STAG1,4.448e+6,3.317,0.001,2.876,0.000
12249,3,"  2.604","  0.372",14/32,/core/www/modules//sdig/index.php?run_id=110202&search_id=114132&scans_id=110198&peptide_id=3289&scanf=12249&charge=3&value=14/32,sp|Q9UIG0|BAZ1B_HUMAN,/core/www/modules//consensus/?run_id=110202&search_id=114132&scans_id=110198&peptide_id=3289&scanf=12249&charge=3&value=sp|Q9UIG0|BAZ1B_HUMAN,0,/core/www/modules/match_peptides/blast_html4.php?run_id=110202&search_id=114132&scans_id=110198&peptide_id=3289&scanf=12249&charge=3&value=0,K.HLPGHPYVR.R,/core/www/modules/show_out/show_out_wrapper.php?run_id=110202&search_id=114132&scans_id=110198&peptide_id=3289&scanf=12249&charge=3&value=K.HLPGHPYVR.R,BAZ1B,1.962e+7,3.211,0.002,2.720,0.000
12251,2,"  1.879","  0.351",9/14,/core/www/modules//sdig/index.php?run_id=110202&search_id=114132&scans_id=110198&peptide_id=3292&scanf=12251&charge=2&value=9/14,sp|O60264|SMCA5_HUMAN,/core/www/modules//consensus/?run_id=110202&search_id=114132&scans_id=110198&peptide_id=3292&scanf=12251&charge=2&value=sp|O60264|SMCA5_HUMAN,0,/core/www/modules/match_peptides/blast_html4.php?run_id=110202&search_id=114132&scans_id=110198&peptide_id=3292&scanf=12251&charge=2&value=0,R.LVDQNLNK.I,/core/www/modules/show_out/show_out_wrapper.php?run_id=110202&search_id=114132&scans_id=110198&peptide_id=3292&scanf=12251&charge=2&value=R.LVDQNLNK.I,SMARCA5,2.809e+7,3.073,0.003,2.517,0.000
12252,2,"  2.060","  0.189",10/22,/core/www/modules//sdig/index.php?run_id=110202&search_id=114132&scans_id=110198&peptide_id=3293&scanf=12252&charge=2&value=10/22,sp|P61026|RAB10_HUMAN,/core/www/modules//consensus/?run_id=110202&search_id=114132&scans_id=110198&peptide_id=3293&scanf=12252&charge=2&value=sp|P61026|RAB10_HUMAN,0,/core/www/modules/match_peptides/blast_html4.php?run_id=110202&search_id=114132&scans_id=110198&peptide_id=3293&scanf=12252&charge=2&value=0,R.NIDEHANEDVER.M,/core/www/modules/show_out/show_out_wrapper.php?run_id=110202&search_id=114132&scans_id=110198&peptide_id=3293&scanf=12252&charge=2&value=R.NIDEHANEDVER.M,RAB10,5.527e+6,1.910,0.139,0.856,0.007
12255,2,"  2.174","  0.328",8/16,/core/www/modules//sdig/index.php?run_id=110202&search_id=114132&scans_id=110198&peptide_id=3296&scanf=12255&charge=2&value=8/16,sp|O00571|DDX3X_HUMAN,/core/www/modules//consensus/?run_id=110202&search_id=114132&scans_id=110198&peptide_id=3296&scanf=12255&charge=2&value=sp|O00571|DDX3X_HUMAN,16,/core/www/modules/match_peptides/blast_html4.php?run_id=110202&search_id=114132&scans_id=110198&peptide_id=3296&scanf=12255&charge=2&value=16,R.SDYDGIGSR.G,/core/www/modules/show_out/show_out_wrapper.php?run_id=110202&search_id=114132&scans_id=110198&peptide_id=3296&scanf=12255&charge=2&value=R.SDYDGIGSR.G,DDX3X,1.827e+7,2.593,0.015,1.810,0.000
12259,3,"  2.645","  0.320",13/36,/core/www/modules//sdig/index.php?run_id=110202&search_id=114132&scans_id=110198&peptide_id=3300&scanf=12259&charge=3&value=13/36,sp|P23258|TBG1_HUMAN,/core/www/modules//consensus/?run_id=110202&search_id=114132&scans_id=110198&peptide_id=3300&scanf=12259&charge=3&value=sp|P23258|TBG1_HUMAN,2,/core/www/modules/match_peptides/blast_html4.php?run_id=110202&search_id=114132&scans_id=110198&peptide_id=3300&scanf=12259&charge=3&value=2,R.KSPYLPSAHR.V,/core/www/modules/show_out/show_out_wrapper.php?run_id=110202&search_id=114132&scans_id=110198&peptide_id=3300&scanf=12259&charge=3&value=R.KSPYLPSAHR.V,TUBG1,4.240e+6,2.476,0.023,1.639,0.001
12262,2,"  2.159","  0.313",10/12,/core/www/modules//sdig/index.php?run_id=110202&search_id=114132&scans_id=110198&peptide_id=3304&scanf=12262&charge=2&value=10/12,sp|P62913|RL11_HUMAN,/core/www/modules//consensus/?run_id=110202&search_id=114132&scans_id=110198&peptide_id=3304&scanf=12262&charge=2&value=sp|P62913|RL11_HUMAN,1,/core/www/modules/match_peptides/blast_html4.php?run_id=110202&search_id=114132&scans_id=110198&peptide_id=3304&scanf=12262&charge=2&value=1,K.VREYELR.K,/core/www/modules/show_out/show_out_wrapper.php?run_id=110202&search_id=114132&scans_id=110198&peptide_id=3304&scanf=12262&charge=2&value=K.VREYELR.K,RPL11,9.399e+6,2.641,0.013,1.879,0.000
12263,2,"  3.615","  0.593",17/30,/core/www/modules//sdig/index.php?run_id=110202&search_id=114132&scans_id=110198&peptide_id=3305&scanf=12263&charge=2&value=17/30,sp|Q12789|TF3C1_HUMAN,/core/www/modules//consensus/?run_id=110202&search_id=114132&scans_id=110198&peptide_id=3305&scanf=12263&charge=2&value=sp|Q12789|TF3C1_HUMAN,0,/core/www/modules/match_peptides/blast_html4.php?run_id=110202&search_id=114132&scans_id=110198&peptide_id=3305&scanf=12263&charge=2&value=0,K.EGPSGSGDSQLSASSR.S,/core/www/modules/show_out/show_out_wrapper.php?run_id=110202&search_id=114132&scans_id=110198&peptide_id=3305&scanf=12263&charge=2&value=K.EGPSGSGDSQLSASSR.S,GTF3C1,3.435e+6,3.432,0.001,3.047,0.000
12265,2,"  2.657","  0.349",13/18,/core/www/modules//sdig/index.php?run_id=110202&search_id=114132&scans_id=110198&peptide_id=3307&scanf=12265&charge=2&value=13/18,sp|Q13617|CUL2_HUMAN,/core/www/modules//consensus/?run_id=110202&search_id=114132&scans_id=110198&peptide_id=3307&scanf=12265&charge=2&value=sp|Q13617|CUL2_HUMAN,9,/core/www/modules/match_peptides/blast_html4.php?run_id=110202&search_id=114132&scans_id=110198&peptide_id=3307&scanf=12265&charge=2&value=9,K.GMTENEVEDR.L,/core/www/modules/show_out/show_out_wrapper.php?run_id=110202&search_id=114132&scans_id=110198&peptide_id=3307&scanf=12265&charge=2&value=K.GMTENEVEDR.L,CUL2,3.139e+6,2.868,0.006,2.213,0.000
12266,3,"  2.481","  0.298",13/40,/core/www/modules//sdig/index.php?run_id=110202&search_id=114132&scans_id=110198&peptide_id=3308&scanf=12266&charge=3&value=13/40,sp|Q00839|HNRPU_HUMAN,/core/www/modules//consensus/?run_id=110202&search_id=114132&scans_id=110198&peptide_id=3308&scanf=12266&charge=3&value=sp|Q00839|HNRPU_HUMAN,9,/core/www/modules/match_peptides/blast_html4.php?run_id=110202&search_id=114132&scans_id=110198&peptide_id=3308&scanf=12266&charge=3&value=9,K.LLEQYKEESKK.A,/core/www/modules/show_out/show_out_wrapper.php?run_id=110202&search_id=114132&scans_id=110198&peptide_id=3308&scanf=12266&charge=3&value=K.LLEQYKEESKK.A,HNRNPU,5.971e+7,2.106,0.077,1.115,0.003
12269,3,"  1.923","  0.476",14/36,/core/www/modules//sdig/index.php?run_id=110202&search_id=114132&scans_id=110198&peptide_id=3310&scanf=12269&charge=3&value=14/36,sp|Q7L014|DDX46_HUMAN,/core/www/modules//consensus/?run_id=110202&search_id=114132&scans_id=110198&peptide_id=3310&scanf=12269&charge=3&value=sp|Q7L014|DDX46_HUMAN,2,/core/www/modules/match_peptides/blast_html4.php?run_id=110202&search_id=114132&scans_id=110198&peptide_id=3310&scanf=12269&charge=3&value=2,R.KLLEPVDHGK.I,/core/www/modules/show_out/show_out_wrapper.php?run_id=110202&search_id=114132&scans_id=110198&peptide_id=3310&scanf=12269&charge=3&value=R.KLLEPVDHGK.I,DDX46,1.392e+7,3.106,0.003,2.564,0.000
12279,2,"  2.293","  0.264",10/14,/core/www/modules//sdig/index.php?run_id=110202&search_id=114132&scans_id=110198&peptide_id=3321&scanf=12279&charge=2&value=10/14,sp|P39023|RL3_HUMAN,/core/www/modules//consensus/?run_id=110202&search_id=114132&scans_id=110198&peptide_id=3321&scanf=12279&charge=2&value=sp|P39023|RL3_HUMAN,1,/core/www/modules/match_peptides/blast_html4.php?run_id=110202&search_id=114132&scans_id=110198&peptide_id=3321&scanf=12279&charge=2&value=1,R.KSLLVQTK.R,/core/www/modules/show_out/show_out_wrapper.php?run_id=110202&search_id=114132&scans_id=110198&peptide_id=3321&scanf=12279&charge=2&value=R.KSLLVQTK.R,RPL3,6.839e+6,2.486,0.022,1.654,0.001
12280,2,"  2.247","  0.290",8/14,/core/www/modules//sdig/index.php?run_id=110202&search_id=114132&scans_id=110198&peptide_id=3323&scanf=12280&charge=2&value=8/14,sp|Q9BUQ8|DDX23_HUMAN,/core/www/modules//consensus/?run_id=110202&search_id=114132&scans_id=110198&peptide_id=3323&scanf=12280&charge=2&value=sp|Q9BUQ8|DDX23_HUMAN,4,/core/www/modules/match_peptides/blast_html4.php?run_id=110202&search_id=114132&scans_id=110198&peptide_id=3323&scanf=12280&charge=2&value=4,R.KQFQDLGR.K,/core/www/modules/show_out/show_out_wrapper.php?run_id=110202&search_id=114132&scans_id=110198&peptide_id=3323&scanf=12280&charge=2&value=R.KQFQDLGR.K,DDX23,3.595e+6,2.141,0.069,1.163,0.002
12282,2,"  2.287","  0.290",9/18,/core/www/modules//sdig/index.php?run_id=110202&search_id=114132&scans_id=110198&peptide_id=3325&scanf=12282&charge=2&value=9/18,sp|O60716|CTND1_HUMAN,/core/www/modules//consensus/?run_id=110202&search_id=114132&scans_id=110198&peptide_id=3325&scanf=12282&charge=2&value=sp|O60716|CTND1_HUMAN,4,/core/www/modules/match_peptides/blast_html4.php?run_id=110202&search_id=114132&scans_id=110198&peptide_id=3325&scanf=12282&charge=2&value=4,R.VGGSSVDLHR.F,/core/www/modules/show_out/show_out_wrapper.php?run_id=110202&search_id=114132&scans_id=110198&peptide_id=3325&scanf=12282&charge=2&value=R.VGGSSVDLHR.F,CTNND1,3.386e+6,2.341,0.036,1.445,0.001
12285,2,"  1.834","  0.196",9/16,/core/www/modules//sdig/index.php?run_id=110202&search_id=114132&scans_id=110198&peptide_id=3328&scanf=12285&charge=2&value=9/16,sp|Q03252|LMNB2_HUMAN,/core/www/modules//consensus/?run_id=110202&search_id=114132&scans_id=110198&peptide_id=3328&scanf=12285&charge=2&value=sp|Q03252|LMNB2_HUMAN,0,/core/www/modules/match_peptides/blast_html4.php?run_id=110202&search_id=114132&scans_id=110198&peptide_id=3328&scanf=12285&charge=2&value=0,R.RLVEVDSSR.Q,/core/www/modules/show_out/show_out_wrapper.php?run_id=110202&search_id=114132&scans_id=110198&peptide_id=3328&scanf=12285&charge=2&value=R.RLVEVDSSR.Q,LMNB2,5.012e+6,1.946,0.126,0.901,0.006
12286,3,"  2.139","  0.142",10/44,/core/www/modules//sdig/index.php?run_id=110202&search_id=114132&scans_id=110198&peptide_id=3329&scanf=12286&charge=3&value=10/44,sp|Q9UJX3|APC7_HUMAN,/core/www/modules//consensus/?run_id=110202&search_id=114132&scans_id=110198&peptide_id=3329&scanf=12286&charge=3&value=sp|Q9UJX3|APC7_HUMAN,0,/core/www/modules/match_peptides/blast_html4.php?run_id=110202&search_id=114132&scans_id=110198&peptide_id=3329&scanf=12286&charge=3&value=0,K.AGQERPSVTSYK.E,/core/www/modules/show_out/show_out_wrapper.php?run_id=110202&search_id=114132&scans_id=110198&peptide_id=3329&scanf=12286&charge=3&value=K.AGQERPSVTSYK.E,ANAPC7,2.636e+6,1.898,0.144,0.840,0.007
12287,2,"  2.163","  0.346",8/14,/core/www/modules//sdig/index.php?run_id=110202&search_id=114132&scans_id=110198&peptide_id=3330&scanf=12287&charge=2&value=8/14,sp|Q8IXT5|RB12B_HUMAN,/core/www/modules//consensus/?run_id=110202&search_id=114132&scans_id=110198&peptide_id=3330&scanf=12287&charge=2&value=sp|Q8IXT5|RB12B_HUMAN,1,/core/www/modules/match_peptides/blast_html4.php?run_id=110202&search_id=114132&scans_id=110198&peptide_id=3330&scanf=12287&charge=2&value=1,R.FLYKDENR.T,/core/www/modules/show_out/show_out_wrapper.php?run_id=110202&search_id=114132&scans_id=110198&peptide_id=3330&scanf=12287&charge=2&value=R.FLYKDENR.T,RBM12B,3.281e+6,2.484,0.022,1.651,0.001
12288,3,"  3.036","  0.378",10/44,/core/www/modules//sdig/index.php?run_id=110202&search_id=114132&scans_id=110198&peptide_id=3331&scanf=12288&charge=3&value=10/44,sp|Q9ULV4|COR1C_HUMAN,/core/www/modules//consensus/?run_id=110202&search_id=114132&scans_id=110198&peptide_id=3331&scanf=12288&charge=3&value=sp|Q9ULV4|COR1C_HUMAN,2,/core/www/modules/match_peptides/blast_html4.php?run_id=110202&search_id=114132&scans_id=110198&peptide_id=3331&scanf=12288&charge=3&value=2,K.NILDSKPTANKK.C,/core/www/modules/show_out/show_out_wrapper.php?run_id=110202&search_id=114132&scans_id=110198&peptide_id=3331&scanf=12288&charge=3&value=K.NILDSKPTANKK.C,CORO1C,8.898e+6,2.475,0.023,1.637,0.001
12290,2,"  1.626","  0.271",7/12,/core/www/modules//sdig/index.php?run_id=110202&search_id=114132&scans_id=110198&peptide_id=3333&scanf=12290&charge=2&value=7/12,sp|P26641|EF1G_HUMAN,/core/www/modules//consensus/?run_id=110202&search_id=114132&scans_id=110198&peptide_id=3333&scanf=12290&charge=2&value=sp|P26641|EF1G_HUMAN,0,/core/www/modules/match_peptides/blast_html4.php?run_id=110202&search_id=114132&scans_id=110198&peptide_id=3333&scanf=12290&charge=2&value=0,K.MAQFDAK.K,/core/www/modules/show_out/show_out_wrapper.php?run_id=110202&search_id=114132&scans_id=110198&peptide_id=3333&scanf=12290&charge=2&value=K.MAQFDAK.K,EEF1G,1.371e+7,2.546,0.018,1.741,0.000
12291,2,"  3.684","  0.515",19/22,/core/www/modules//sdig/index.php?run_id=110202&search_id=114132&scans_id=110198&peptide_id=3334&scanf=12291&charge=2&value=19/22,sp|P56192|SYMC_HUMAN,/core/www/modules//consensus/?run_id=110202&search_id=114132&scans_id=110198&peptide_id=3334&scanf=12291&charge=2&value=sp|P56192|SYMC_HUMAN,1,/core/www/modules/match_peptides/blast_html4.php?run_id=110202&search_id=114132&scans_id=110198&peptide_id=3334&scanf=12291&charge=2&value=1,K.ADKNEVAAEVAK.L,/core/www/modules/show_out/show_out_wrapper.php?run_id=110202&search_id=114132&scans_id=110198&peptide_id=3334&scanf=12291&charge=2&value=K.ADKNEVAAEVAK.L,MARS1,9.489e+6,3.473,0.001,3.108,0.000
12298,3,"  2.475","  0.468",9/36,/core/www/modules//sdig/index.php?run_id=110202&search_id=114132&scans_id=110198&peptide_id=3341&scanf=12298&charge=3&value=9/36,sp|Q5JTH9|RRP12_HUMAN,/core/www/modules//consensus/?run_id=110202&search_id=114132&scans_id=110198&peptide_id=3341&scanf=12298&charge=3&value=sp|Q5JTH9|RRP12_HUMAN,1,/core/www/modules/match_peptides/blast_html4.php?run_id=110202&search_id=114132&scans_id=110198&peptide_id=3341&scanf=12298&charge=3&value=1,R.FWESNSAAHK.E,/core/www/modules/show_out/show_out_wrapper.php?run_id=110202&search_id=114132&scans_id=110198&peptide_id=3341&scanf=12298&charge=3&value=R.FWESNSAAHK.E,RRP12,5.336e+6,3.153,0.002,2.634,0.000
12311,3,"  1.950","  0.148",14/36,/core/www/modules//sdig/index.php?run_id=110202&search_id=114132&scans_id=110198&peptide_id=3355&scanf=12311&charge=3&value=14/36,sp|Q92878|RAD50_HUMAN,/core/www/modules//consensus/?run_id=110202&search_id=114132&scans_id=110198&peptide_id=3355&scanf=12311&charge=3&value=sp|Q92878|RAD50_HUMAN,7,/core/www/modules/match_peptides/blast_html4.php?run_id=110202&search_id=114132&scans_id=110198&peptide_id=3355&scanf=12311&charge=3&value=7,R.LKEIEHNLSK.I,/core/www/modules/show_out/show_out_wrapper.php?run_id=110202&search_id=114132&scans_id=110198&peptide_id=3355&scanf=12311&charge=3&value=R.LKEIEHNLSK.I,RAD50,7.768e+6,2.022,0.100,1.001,0.005
12312,2,"  3.427","  0.540",14/20,/core/www/modules//sdig/index.php?run_id=110202&search_id=114132&scans_id=110198&peptide_id=3356&scanf=12312&charge=2&value=14/20,sp|Q15149|PLEC_HUMAN,/core/www/modules//consensus/?run_id=110202&search_id=114132&scans_id=110198&peptide_id=3356&scanf=12312&charge=2&value=sp|Q15149|PLEC_HUMAN,5,/core/www/modules/match_peptides/blast_html4.php?run_id=110202&search_id=114132&scans_id=110198&peptide_id=3356&scanf=12312&charge=2&value=5,R.SDEGQLSPATR.G,/core/www/modules/show_out/show_out_wrapper.php?run_id=110202&search_id=114132&scans_id=110198&peptide_id=3356&scanf=12312&charge=2&value=R.SDEGQLSPATR.G,PLEC,1.345e+7,4.094,0.000,4.028,0.000
12314,3,"  2.604","  0.300",11/44,/core/www/modules//sdig/index.php?run_id=110202&search_id=114132&scans_id=110198&peptide_id=3358&scanf=12314&charge=3&value=11/44,sp|P08133|ANXA6_HUMAN,/core/www/modules//consensus/?run_id=110202&search_id=114132&scans_id=110198&peptide_id=3358&scanf=12314&charge=3&value=sp|P08133|ANXA6_HUMAN,3,/core/www/modules/match_peptides/blast_html4.php?run_id=110202&search_id=114132&scans_id=110198&peptide_id=3358&scanf=12314&charge=3&value=3,R.AINEAYKEDYHK.S,/core/www/modules/show_out/show_out_wrapper.php?run_id=110202&search_id=114132&scans_id=110198&peptide_id=3358&scanf=12314&charge=3&value=R.AINEAYKEDYHK.S,ANXA6,2.412e+7,2.250,0.048,1.315,0.002
12315,2,"  1.534","  0.363",7/12,/core/www/modules//sdig/index.php?run_id=110202&search_id=114132&scans_id=110198&peptide_id=3359&scanf=12315&charge=2&value=7/12,sp|P28370|SMCA1_HUMAN,/core/www/modules//consensus/?run_id=110202&search_id=114132&scans_id=110198&peptide_id=3359&scanf=12315&charge=2&value=sp|P28370|SMCA1_HUMAN,2,/core/www/modules/match_peptides/blast_html4.php?run_id=110202&search_id=114132&scans_id=110198&peptide_id=3359&scanf=12315&charge=2&value=2,K.FEGEDYR.E,/core/www/modules/show_out/show_out_wrapper.php?run_id=110202&search_id=114132&scans_id=110198&peptide_id=3359&scanf=12315&charge=2&value=K.FEGEDYR.E,SMARCA1,8.598e+6,2.851,0.006,2.189,0.000
12320,2,"  2.565","  0.237",10/16,/core/www/modules//sdig/index.php?run_id=110202&search_id=114132&scans_id=110198&peptide_id=3365&scanf=12320&charge=2&value=10/16,sp|P46063|RECQ1_HUMAN,/core/www/modules//consensus/?run_id=110202&search_id=114132&scans_id=110198&peptide_id=3365&scanf=12320&charge=2&value=sp|P46063|RECQ1_HUMAN,0,/core/www/modules/match_peptides/blast_html4.php?run_id=110202&search_id=114132&scans_id=110198&peptide_id=3365&scanf=12320&charge=2&value=0,R.FVIHHSMSK.S,/core/www/modules/show_out/show_out_wrapper.php?run_id=110202&search_id=114132&scans_id=110198&peptide_id=3365&scanf=12320&charge=2&value=R.FVIHHSMSK.S,RECQL,3.713e+6,2.519,0.020,1.701,0.000
12327,2,"  2.392","  0.413",8/18,/core/www/modules//sdig/index.php?run_id=110202&search_id=114132&scans_id=110198&peptide_id=3372&scanf=12327&charge=2&value=8/18,sp|Q68CP9|ARID2_HUMAN,/core/www/modules//consensus/?run_id=110202&search_id=114132&scans_id=110198&peptide_id=3372&scanf=12327&charge=2&value=sp|Q68CP9|ARID2_HUMAN,1,/core/www/modules/match_peptides/blast_html4.php?run_id=110202&search_id=114132&scans_id=110198&peptide_id=3372&scanf=12327&charge=2&value=1,K.EQEKDSEMLQ.-,/core/www/modules/show_out/show_out_wrapper.php?run_id=110202&search_id=114132&scans_id=110198&peptide_id=3372&scanf=12327&charge=2&value=K.EQEKDSEMLQ.-,ARID2,2.591e+6,2.500,0.021,1.674,0.001
12332,2,"  2.327","  0.300",9/14,/core/www/modules//sdig/index.php?run_id=110202&search_id=114132&scans_id=110198&peptide_id=3377&scanf=12332&charge=2&value=9/14,sp|Q15029|U5S1_HUMAN,/core/www/modules//consensus/?run_id=110202&search_id=114132&scans_id=110198&peptide_id=3377&scanf=12332&charge=2&value=sp|Q15029|U5S1_HUMAN,0,/core/www/modules/match_peptides/blast_html4.php?run_id=110202&search_id=114132&scans_id=110198&peptide_id=3377&scanf=12332&charge=2&value=0,K.TATITEPR.G,/core/www/modules/show_out/show_out_wrapper.php?run_id=110202&search_id=114132&scans_id=110198&peptide_id=3377&scanf=12332&charge=2&value=K.TATITEPR.G,EFTUD2,4.680e+7,2.816,0.007,2.137,0.000
12337,2,"  1.900","  0.000",10/12,/core/www/modules//sdig/index.php?run_id=110202&search_id=114132&scans_id=110198&peptide_id=3382&scanf=12337&charge=2&value=10/12,sp|P61160|ARP2_HUMAN,/core/www/modules//consensus/?run_id=110202&search_id=114132&scans_id=110198&peptide_id=3382&scanf=12337&charge=2&value=sp|P61160|ARP2_HUMAN,1,/core/www/modules/match_peptides/blast_html4.php?run_id=110202&search_id=114132&scans_id=110198&peptide_id=3382&scanf=12337&charge=2&value=1,R.RLDIAGR.D,/core/www/modules/show_out/show_out_wrapper.php?run_id=110202&search_id=114132&scans_id=110198&peptide_id=3382&scanf=12337&charge=2&value=R.RLDIAGR.D,ACTR2,6.733e+6,2.140,0.069,1.162,0.002
12338,2,"  2.031","  0.429",9/16,/core/www/modules//sdig/index.php?run_id=110202&search_id=114132&scans_id=110198&peptide_id=3383&scanf=12338&charge=2&value=9/16,sp|Q9NYF8|BCLF1_HUMAN,/core/www/modules//consensus/?run_id=110202&search_id=114132&scans_id=110198&peptide_id=3383&scanf=12338&charge=2&value=sp|Q9NYF8|BCLF1_HUMAN,7,/core/www/modules/match_peptides/blast_html4.php?run_id=110202&search_id=114132&scans_id=110198&peptide_id=3383&scanf=12338&charge=2&value=7,K.TIAPQNAPR.D,/core/www/modules/show_out/show_out_wrapper.php?run_id=110202&search_id=114132&scans_id=110198&peptide_id=3383&scanf=12338&charge=2&value=K.TIAPQNAPR.D,BCLAF1,4.170e+7,2.975,0.004,2.371,0.000
12339,2,"  2.611","  0.547",11/16,/core/www/modules//sdig/index.php?run_id=110202&search_id=114132&scans_id=110198&peptide_id=3384&scanf=12339&charge=2&value=11/16,sp|P07910|HNRPC_HUMAN,/core/www/modules//consensus/?run_id=110202&search_id=114132&scans_id=110198&peptide_id=3384&scanf=12339&charge=2&value=sp|P07910|HNRPC_HUMAN,7,/core/www/modules/match_peptides/blast_html4.php?run_id=110202&search_id=114132&scans_id=110198&peptide_id=3384&scanf=12339&charge=2&value=7,K.GDDLQAIKK.E,/core/www/modules/show_out/show_out_wrapper.php?run_id=110202&search_id=114132&scans_id=110198&peptide_id=3384&scanf=12339&charge=2&value=K.GDDLQAIKK.E,HNRNPC,7.497e+6,3.284,0.001,2.828,0.000
12340,2,"  2.676","  0.235",8/16,/core/www/modules//sdig/index.php?run_id=110202&search_id=114132&scans_id=110198&peptide_id=3386&scanf=12340&charge=2&value=8/16,sp|P50570|DYN2_HUMAN,/core/www/modules//consensus/?run_id=110202&search_id=114132&scans_id=110198&peptide_id=3386&scanf=12340&charge=2&value=sp|P50570|DYN2_HUMAN,1,/core/www/modules/match_peptides/blast_html4.php?run_id=110202&search_id=114132&scans_id=110198&peptide_id=3386&scanf=12340&charge=2&value=1,K.NFRPDDPTR.K,/core/www/modules/show_out/show_out_wrapper.php?run_id=110202&search_id=114132&scans_id=110198&peptide_id=3386&scanf=12340&charge=2&value=K.NFRPDDPTR.K,DNM2,3.640e+6,2.319,0.039,1.413,0.001
12348,2,"  2.818","  0.500",12/16,/core/www/modules//sdig/index.php?run_id=110202&search_id=114132&scans_id=110198&peptide_id=3394&scanf=12348&charge=2&value=12/16,sp|P43686|PRS6B_HUMAN,/core/www/modules//consensus/?run_id=110202&search_id=114132&scans_id=110198&peptide_id=3394&scanf=12348&charge=2&value=sp|P43686|PRS6B_HUMAN,0,/core/www/modules/match_peptides/blast_html4.php?run_id=110202&search_id=114132&scans_id=110198&peptide_id=3394&scanf=12348&charge=2&value=0,K.DEQEHEFYK.-,/core/www/modules/show_out/show_out_wrapper.php?run_id=110202&search_id=114132&scans_id=110198&peptide_id=3394&scanf=12348&charge=2&value=K.DEQEHEFYK.-,PSMC4,1.766e+6,3.595,0.001,3.289,0.000
12355,2,"  2.629","  0.595",10/18,/core/www/modules//sdig/index.php?run_id=110202&search_id=114132&scans_id=110198&peptide_id=3401&scanf=12355&charge=2&value=10/18,sp|P98179|RBM3_HUMAN,/core/www/modules//consensus/?run_id=110202&search_id=114132&scans_id=110198&peptide_id=3401&scanf=12355&charge=2&value=sp|P98179|RBM3_HUMAN,0,/core/www/modules/match_peptides/blast_html4.php?run_id=110202&search_id=114132&scans_id=110198&peptide_id=3401&scanf=12355&charge=2&value=0,R.AMNGESLDGR.Q,/core/www/modules/show_out/show_out_wrapper.php?run_id=110202&search_id=114132&scans_id=110198&peptide_id=3401&scanf=12355&charge=2&value=R.AMNGESLDGR.Q,RBM3,1.262e+7,3.457,0.001,3.084,0.000
12356,2,"  2.174","  0.513",10/16,/core/www/modules//sdig/index.php?run_id=110202&search_id=114132&scans_id=110198&peptide_id=3402&scanf=12356&charge=2&value=10/16,sp|Q9UIG0|BAZ1B_HUMAN,/core/www/modules//consensus/?run_id=110202&search_id=114132&scans_id=110198&peptide_id=3402&scanf=12356&charge=2&value=sp|Q9UIG0|BAZ1B_HUMAN,0,/core/www/modules/match_peptides/blast_html4.php?run_id=110202&search_id=114132&scans_id=110198&peptide_id=3402&scanf=12356&charge=2&value=0,R.YEDQELTGK.N,/core/www/modules/show_out/show_out_wrapper.php?run_id=110202&search_id=114132&scans_id=110198&peptide_id=3402&scanf=12356&charge=2&value=R.YEDQELTGK.N,BAZ1B,1.416e+7,3.383,0.001,2.975,0.000
12357,2,"  2.032","  0.292",8/16,/core/www/modules//sdig/index.php?run_id=110202&search_id=114132&scans_id=110198&peptide_id=3403&scanf=12357&charge=2&value=8/16,sp|Q15185|TEBP_HUMAN,/core/www/modules//consensus/?run_id=110202&search_id=114132&scans_id=110198&peptide_id=3403&scanf=12357&charge=2&value=sp|Q15185|TEBP_HUMAN,2,/core/www/modules/match_peptides/blast_html4.php?run_id=110202&search_id=114132&scans_id=110198&peptide_id=3403&scanf=12357&charge=2&value=2,K.GESGQSWPR.L,/core/www/modules/show_out/show_out_wrapper.php?run_id=110202&search_id=114132&scans_id=110198&peptide_id=3403&scanf=12357&charge=2&value=K.GESGQSWPR.L,PTGES3,4.038e+6,2.190,0.059,1.231,0.002
12359,3,"  1.790","  0.273",6/44,/core/www/modules//sdig/index.php?run_id=110202&search_id=114132&scans_id=110198&peptide_id=3405&scanf=12359&charge=3&value=6/44,sp|P84103|SRSF3_HUMAN,/core/www/modules//consensus/?run_id=110202&search_id=114132&scans_id=110198&peptide_id=3405&scanf=12359&charge=3&value=sp|P84103|SRSF3_HUMAN,1,/core/www/modules/match_peptides/blast_html4.php?run_id=110202&search_id=114132&scans_id=110198&peptide_id=3405&scanf=12359&charge=3&value=1,R.DAADAVRELDGR.T,/core/www/modules/show_out/show_out_wrapper.php?run_id=110202&search_id=114132&scans_id=110198&peptide_id=3405&scanf=12359&charge=3&value=R.DAADAVRELDGR.T,SRSF3,4.408e+6,1.870,0.157,0.804,0.008
12362,3,"  2.468","  0.296",11/32,/core/www/modules//sdig/index.php?run_id=110202&search_id=114132&scans_id=110198&peptide_id=3408&scanf=12362&charge=3&value=11/32,sp|Q96JP5|ZFP91_HUMAN,/core/www/modules//consensus/?run_id=110202&search_id=114132&scans_id=110198&peptide_id=3408&scanf=12362&charge=3&value=sp|Q96JP5|ZFP91_HUMAN,2,/core/www/modules/match_peptides/blast_html4.php?run_id=110202&search_id=114132&scans_id=110198&peptide_id=3408&scanf=12362&charge=3&value=2,R.KKPPIQYVR.C,/core/www/modules/show_out/show_out_wrapper.php?run_id=110202&search_id=114132&scans_id=110198&peptide_id=3408&scanf=12362&charge=3&value=R.KKPPIQYVR.C,ZFP91,4.324e+6,2.392,0.030,1.518,0.001
12365,2,"  2.852","  0.446",11/16,/core/www/modules//sdig/index.php?run_id=110202&search_id=114132&scans_id=110198&peptide_id=3411&scanf=12365&charge=2&value=11/16,sp|Q7L014|DDX46_HUMAN,/core/www/modules//consensus/?run_id=110202&search_id=114132&scans_id=110198&peptide_id=3411&scanf=12365&charge=2&value=sp|Q7L014|DDX46_HUMAN,1,/core/www/modules/match_peptides/blast_html4.php?run_id=110202&search_id=114132&scans_id=110198&peptide_id=3411&scanf=12365&charge=2&value=1,K.QEHADGLLK.D,/core/www/modules/show_out/show_out_wrapper.php?run_id=110202&search_id=114132&scans_id=110198&peptide_id=3411&scanf=12365&charge=2&value=K.QEHADGLLK.D,DDX46,5.180e+6,3.364,0.001,2.947,0.000
12366,2,"  3.664","  0.759",17/30,/core/www/modules//sdig/index.php?run_id=110202&search_id=114132&scans_id=110198&peptide_id=3412&scanf=12366&charge=2&value=17/30,sp|P46087|NOP2_HUMAN,/core/www/modules//consensus/?run_id=110202&search_id=114132&scans_id=110198&peptide_id=3412&scanf=12366&charge=2&value=sp|P46087|NOP2_HUMAN,0,/core/www/modules/match_peptides/blast_html4.php?run_id=110202&search_id=114132&scans_id=110198&peptide_id=3412&scanf=12366&charge=2&value=0,K.TQASSSFQDSSQPAGK.A,/core/www/modules/show_out/show_out_wrapper.php?run_id=110202&search_id=114132&scans_id=110198&peptide_id=3412&scanf=12366&charge=2&value=K.TQASSSFQDSSQPAGK.A,NOP2,8.445e+6,3.994,0.000,3.880,0.000
12368,2,"  2.941","  0.568",14/18,/core/www/modules//sdig/index.php?run_id=110202&search_id=114132&scans_id=110198&peptide_id=3414&scanf=12368&charge=2&value=14/18,sp|P84103|SRSF3_HUMAN,/core/www/modules//consensus/?run_id=110202&search_id=114132&scans_id=110198&peptide_id=3414&scanf=12368&charge=2&value=sp|P84103|SRSF3_HUMAN,0,/core/www/modules/match_peptides/blast_html4.php?run_id=110202&search_id=114132&scans_id=110198&peptide_id=3414&scanf=12368&charge=2&value=0,R.NRGPPPSWGR.R,/core/www/modules/show_out/show_out_wrapper.php?run_id=110202&search_id=114132&scans_id=110198&peptide_id=3414&scanf=12368&charge=2&value=R.NRGPPPSWGR.R,SRSF3,6.055e+6,3.526,0.001,3.187,0.000
12369,2,"  1.990","  0.448",9/16,/core/www/modules//sdig/index.php?run_id=110202&search_id=114132&scans_id=110198&peptide_id=3415&scanf=12369&charge=2&value=9/16,sp|Q9NTJ3|SMC4_HUMAN,/core/www/modules//consensus/?run_id=110202&search_id=114132&scans_id=110198&peptide_id=3415&scanf=12369&charge=2&value=sp|Q9NTJ3|SMC4_HUMAN,1,/core/www/modules/match_peptides/blast_html4.php?run_id=110202&search_id=114132&scans_id=110198&peptide_id=3415&scanf=12369&charge=2&value=1,K.TEYDAVAEK.A,/core/www/modules/show_out/show_out_wrapper.php?run_id=110202&search_id=114132&scans_id=110198&peptide_id=3415&scanf=12369&charge=2&value=K.TEYDAVAEK.A,SMC4,2.467e+6,3.026,0.004,2.447,0.000
12370,2,"  2.258","  0.410",8/18,/core/www/modules//sdig/index.php?run_id=110202&search_id=114132&scans_id=110198&peptide_id=3417&scanf=12370&charge=2&value=8/18,sp|Q9NU22|MDN1_HUMAN,/core/www/modules//consensus/?run_id=110202&search_id=114132&scans_id=110198&peptide_id=3417&scanf=12370&charge=2&value=sp|Q9NU22|MDN1_HUMAN,0,/core/www/modules/match_peptides/blast_html4.php?run_id=110202&search_id=114132&scans_id=110198&peptide_id=3417&scanf=12370&charge=2&value=0,K.AQDWEENASR.A,/core/www/modules/show_out/show_out_wrapper.php?run_id=110202&search_id=114132&scans_id=110198&peptide_id=3417&scanf=12370&charge=2&value=K.AQDWEENASR.A,MDN1,3.559e+6,2.987,0.004,2.389,0.000
12375,2,"  2.579","  0.422",12/14,/core/www/modules//sdig/index.php?run_id=110202&search_id=114132&scans_id=110198&peptide_id=3421&scanf=12375&charge=2&value=12/14,sp|P62269|RS18_HUMAN,/core/www/modules//consensus/?run_id=110202&search_id=114132&scans_id=110198&peptide_id=3421&scanf=12375&charge=2&value=sp|P62269|RS18_HUMAN,0,/core/www/modules/match_peptides/blast_html4.php?run_id=110202&search_id=114132&scans_id=110198&peptide_id=3421&scanf=12375&charge=2&value=0,R.KADIDLTK.R,/core/www/modules/show_out/show_out_wrapper.php?run_id=110202&search_id=114132&scans_id=110198&peptide_id=3421&scanf=12375&charge=2&value=R.KADIDLTK.R,RPS18,9.182e+7,3.159,0.002,2.643,0.000
12378,2,"  1.531","  0.117",9/12,/core/www/modules//sdig/index.php?run_id=110202&search_id=114132&scans_id=110198&peptide_id=3424&scanf=12378&charge=2&value=9/12,sp|O60264|SMCA5_HUMAN,/core/www/modules//consensus/?run_id=110202&search_id=114132&scans_id=110198&peptide_id=3424&scanf=12378&charge=2&value=sp|O60264|SMCA5_HUMAN,0,/core/www/modules/match_peptides/blast_html4.php?run_id=110202&search_id=114132&scans_id=110198&peptide_id=3424&scanf=12378&charge=2&value=0,K.TPTSPLK.M,/core/www/modules/show_out/show_out_wrapper.php?run_id=110202&search_id=114132&scans_id=110198&peptide_id=3424&scanf=12378&charge=2&value=K.TPTSPLK.M,SMARCA5,1.263e+7,2.516,0.020,1.698,0.000
12379,2,"  2.600","  0.496",12/20,/core/www/modules//sdig/index.php?run_id=110202&search_id=114132&scans_id=110198&peptide_id=3425&scanf=12379&charge=2&value=12/20,sp|Q6KC79|NIPBL_HUMAN,/core/www/modules//consensus/?run_id=110202&search_id=114132&scans_id=110198&peptide_id=3425&scanf=12379&charge=2&value=sp|Q6KC79|NIPBL_HUMAN,1,/core/www/modules/match_peptides/blast_html4.php?run_id=110202&search_id=114132&scans_id=110198&peptide_id=3425&scanf=12379&charge=2&value=1,K.YEESLADSDNK.G,/core/www/modules/show_out/show_out_wrapper.php?run_id=110202&search_id=114132&scans_id=110198&peptide_id=3425&scanf=12379&charge=2&value=K.YEESLADSDNK.G,NIPBL,2.533e+6,3.203,0.002,2.708,0.000
12383,3,"  3.221","  0.571",13/68,/core/www/modules//sdig/index.php?run_id=110202&search_id=114132&scans_id=110198&peptide_id=3430&scanf=12383&charge=3&value=13/68,sp|Q9Y2L1|RRP44_HUMAN,/core/www/modules//consensus/?run_id=110202&search_id=114132&scans_id=110198&peptide_id=3430&scanf=12383&charge=3&value=sp|Q9Y2L1|RRP44_HUMAN,1,/core/www/modules/match_peptides/blast_html4.php?run_id=110202&search_id=114132&scans_id=110198&peptide_id=3430&scanf=12383&charge=3&value=1,R.ETYVEQEQGENANDRNDR.A,/core/www/modules/show_out/show_out_wrapper.php?run_id=110202&search_id=114132&scans_id=110198&peptide_id=3430&scanf=12383&charge=3&value=R.ETYVEQEQGENANDRNDR.A,DIS3,2.302e+6,2.843,0.007,2.177,0.000
12384,2,"  2.808","  0.449",10/16,/core/www/modules//sdig/index.php?run_id=110202&search_id=114132&scans_id=110198&peptide_id=3431&scanf=12384&charge=2&value=10/16,sp|Q9UHD8|SEPT9_HUMAN,/core/www/modules//consensus/?run_id=110202&search_id=114132&scans_id=110198&peptide_id=3431&scanf=12384&charge=2&value=sp|Q9UHD8|SEPT9_HUMAN,10,/core/www/modules/match_peptides/blast_html4.php?run_id=110202&search_id=114132&scans_id=110198&peptide_id=3431&scanf=12384&charge=2&value=10,K.SITHDIEEK.G,/core/www/modules/show_out/show_out_wrapper.php?run_id=110202&search_id=114132&scans_id=110198&peptide_id=3431&scanf=12384&charge=2&value=K.SITHDIEEK.G,SEPTIN9,2.983e+6,3.135,0.002,2.607,0.000
12388,2,"  2.763","  0.577",11/20,/core/www/modules//sdig/index.php?run_id=110202&search_id=114132&scans_id=110198&peptide_id=3435&scanf=12388&charge=2&value=11/20,sp|Q05639|EF1A2_HUMAN,/core/www/modules//consensus/?run_id=110202&search_id=114132&scans_id=110198&peptide_id=3435&scanf=12388&charge=2&value=sp|Q05639|EF1A2_HUMAN,2,/core/www/modules/match_peptides/blast_html4.php?run_id=110202&search_id=114132&scans_id=110198&peptide_id=3435&scanf=12388&charge=2&value=2,K.MDSTEPAYSEK.R,/core/www/modules/show_out/show_out_wrapper.php?run_id=110202&search_id=114132&scans_id=110198&peptide_id=3435&scanf=12388&charge=2&value=K.MDSTEPAYSEK.R,EEF1A2,1.915e+6,3.435,0.001,3.052,0.000
12389,3,"  3.110","  0.381",11/32,/core/www/modules//sdig/index.php?run_id=110202&search_id=114132&scans_id=110198&peptide_id=3436&scanf=12389&charge=3&value=11/32,sp|Q9NZB2|F120A_HUMAN,/core/www/modules//consensus/?run_id=110202&search_id=114132&scans_id=110198&peptide_id=3436&scanf=12389&charge=3&value=sp|Q9NZB2|F120A_HUMAN,1,/core/www/modules/match_peptides/blast_html4.php?run_id=110202&search_id=114132&scans_id=110198&peptide_id=3436&scanf=12389&charge=3&value=1,R.QRPPQTPLR.L,/core/www/modules/show_out/show_out_wrapper.php?run_id=110202&search_id=114132&scans_id=110198&peptide_id=3436&scanf=12389&charge=3&value=R.QRPPQTPLR.L,FAM120A,4.546e+6,2.992,0.004,2.396,0.000
12393,2,"  3.916","  0.614",17/26,/core/www/modules//sdig/index.php?run_id=110202&search_id=114132&scans_id=110198&peptide_id=3441&scanf=12393&charge=2&value=17/26,sp|P31946|1433B_HUMAN,/core/www/modules//consensus/?run_id=110202&search_id=114132&scans_id=110198&peptide_id=3441&scanf=12393&charge=2&value=sp|P31946|1433B_HUMAN,4,/core/www/modules/match_peptides/blast_html4.php?run_id=110202&search_id=114132&scans_id=110198&peptide_id=3441&scanf=12393&charge=2&value=4,K.AVTEQGHELSNEER.N,/core/www/modules/show_out/show_out_wrapper.php?run_id=110202&search_id=114132&scans_id=110198&peptide_id=3441&scanf=12393&charge=2&value=K.AVTEQGHELSNEER.N,YWHAB,1.736e+7,3.666,0.000,3.395,0.000
12399,2,"  3.710","  0.612",16/26,/core/www/modules//sdig/index.php?run_id=110202&search_id=114132&scans_id=110198&peptide_id=3446&scanf=12399&charge=2&value=16/26,sp|Q96T37|RBM15_HUMAN,/core/www/modules//consensus/?run_id=110202&search_id=114132&scans_id=110198&peptide_id=3446&scanf=12399&charge=2&value=sp|Q96T37|RBM15_HUMAN,3,/core/www/modules/match_peptides/blast_html4.php?run_id=110202&search_id=114132&scans_id=110198&peptide_id=3446&scanf=12399&charge=2&value=3,K.QDGGTAPVASASPK.L,/core/www/modules/show_out/show_out_wrapper.php?run_id=110202&search_id=114132&scans_id=110198&peptide_id=3446&scanf=12399&charge=2&value=K.QDGGTAPVASASPK.L,RBM15,3.990e+6,3.486,0.001,3.127,0.000
12402,3,"  2.243","  0.161",9/40,/core/www/modules//sdig/index.php?run_id=110202&search_id=114132&scans_id=110198&peptide_id=3450&scanf=12402&charge=3&value=9/40,sp|Q12906|ILF3_HUMAN,/core/www/modules//consensus/?run_id=110202&search_id=114132&scans_id=110198&peptide_id=3450&scanf=12402&charge=3&value=sp|Q12906|ILF3_HUMAN,1,/core/www/modules/match_peptides/blast_html4.php?run_id=110202&search_id=114132&scans_id=110198&peptide_id=3450&scanf=12402&charge=3&value=1,R.NADHSMNYQYR.-,/core/www/modules/show_out/show_out_wrapper.php?run_id=110202&search_id=114132&scans_id=110198&peptide_id=3450&scanf=12402&charge=3&value=R.NADHSMNYQYR.-,ILF3,1.406e+7,2.156,0.066,1.183,0.002
12404,2,"  2.512","  0.272",9/18,/core/www/modules//sdig/index.php?run_id=110202&search_id=114132&scans_id=110198&peptide_id=3452&scanf=12404&charge=2&value=9/18,sp|P05556|ITB1_HUMAN,/core/www/modules//consensus/?run_id=110202&search_id=114132&scans_id=110198&peptide_id=3452&scanf=12404&charge=2&value=sp|P05556|ITB1_HUMAN,6,/core/www/modules/match_peptides/blast_html4.php?run_id=110202&search_id=114132&scans_id=110198&peptide_id=3452&scanf=12404&charge=2&value=6,R.DNTNEIYSGK.F,/core/www/modules/show_out/show_out_wrapper.php?run_id=110202&search_id=114132&scans_id=110198&peptide_id=3452&scanf=12404&charge=2&value=R.DNTNEIYSGK.F,ITGB1,4.945e+6,2.315,0.039,1.408,0.001
12407,3,"  4.707","  0.540",18/56,/core/www/modules//sdig/index.php?run_id=110202&search_id=114132&scans_id=110198&peptide_id=3455&scanf=12407&charge=3&value=18/56,sp|P35580|MYH10_HUMAN,/core/www/modules//consensus/?run_id=110202&search_id=114132&scans_id=110198&peptide_id=3455&scanf=12407&charge=3&value=sp|P35580|MYH10_HUMAN,1,/core/www/modules/match_peptides/blast_html4.php?run_id=110202&search_id=114132&scans_id=110198&peptide_id=3455&scanf=12407&charge=3&value=1,K.NSLQEQQEEEEEARK.N,/core/www/modules/show_out/show_out_wrapper.php?run_id=110202&search_id=114132&scans_id=110198&peptide_id=3455&scanf=12407&charge=3&value=K.NSLQEQQEEEEEARK.N,MYH10,2.041e+6,3.168,0.002,2.657,0.000
12410,2,"  2.828","  0.414",11/22,/core/www/modules//sdig/index.php?run_id=110202&search_id=114132&scans_id=110198&peptide_id=3459&scanf=12410&charge=2&value=11/22,sp|P19338|NUCL_HUMAN,/core/www/modules//consensus/?run_id=110202&search_id=114132&scans_id=110198&peptide_id=3459&scanf=12410&charge=2&value=sp|P19338|NUCL_HUMAN,5,/core/www/modules/match_peptides/blast_html4.php?run_id=110202&search_id=114132&scans_id=110198&peptide_id=3459&scanf=12410&charge=2&value=5,K.EAMEDGEIDGNK.V,/core/www/modules/show_out/show_out_wrapper.php?run_id=110202&search_id=114132&scans_id=110198&peptide_id=3459&scanf=12410&charge=2&value=K.EAMEDGEIDGNK.V,NCL,2.042e+8,3.011,0.004,2.424,0.000
12413,2,"  3.005","  0.486",12/18,/core/www/modules//sdig/index.php?run_id=110202&search_id=114132&scans_id=110198&peptide_id=3462&scanf=12413&charge=2&value=12/18,sp|Q9C0J8|WDR33_HUMAN,/core/www/modules//consensus/?run_id=110202&search_id=114132&scans_id=110198&peptide_id=3462&scanf=12413&charge=2&value=sp|Q9C0J8|WDR33_HUMAN,1,/core/www/modules/match_peptides/blast_html4.php?run_id=110202&search_id=114132&scans_id=110198&peptide_id=3462&scanf=12413&charge=2&value=1,R.EASFSPTDNK.F,/core/www/modules/show_out/show_out_wrapper.php?run_id=110202&search_id=114132&scans_id=110198&peptide_id=3462&scanf=12413&charge=2&value=R.EASFSPTDNK.F,WDR33,7.233e+6,3.306,0.001,2.861,0.000
12416,2,"  3.756","  0.553",16/20,/core/www/modules//sdig/index.php?run_id=110202&search_id=114132&scans_id=110198&peptide_id=3464&scanf=12416&charge=2&value=16/20,sp|P05388|RLA0_HUMAN,/core/www/modules//consensus/?run_id=110202&search_id=114132&scans_id=110198&peptide_id=3464&scanf=12416&charge=2&value=sp|P05388|RLA0_HUMAN,11,/core/www/modules/match_peptides/blast_html4.php?run_id=110202&search_id=114132&scans_id=110198&peptide_id=3464&scanf=12416&charge=2&value=11,R.GHLENNPALEK.L,/core/www/modules/show_out/show_out_wrapper.php?run_id=110202&search_id=114132&scans_id=110198&peptide_id=3464&scanf=12416&charge=2&value=R.GHLENNPALEK.L,RPLP0,1.264e+8,3.624,0.000,3.331,0.000
12421,2,"  2.987","  0.609",14/24,/core/www/modules//sdig/index.php?run_id=110202&search_id=114132&scans_id=110198&peptide_id=3469&scanf=12421&charge=2&value=14/24,sp|Q5C9Z4|NOM1_HUMAN,/core/www/modules//consensus/?run_id=110202&search_id=114132&scans_id=110198&peptide_id=3469&scanf=12421&charge=2&value=sp|Q5C9Z4|NOM1_HUMAN,0,/core/www/modules/match_peptides/blast_html4.php?run_id=110202&search_id=114132&scans_id=110198&peptide_id=3469&scanf=12421&charge=2&value=0,K.ASGAGSEFQDQTR.I,/core/www/modules/show_out/show_out_wrapper.php?run_id=110202&search_id=114132&scans_id=110198&peptide_id=3469&scanf=12421&charge=2&value=K.ASGAGSEFQDQTR.I,NOM1,4.723e+6,3.543,0.001,3.212,0.000
12428,3,"  3.844","  0.532",17/52,/core/www/modules//sdig/index.php?run_id=110202&search_id=114132&scans_id=110198&peptide_id=3476&scanf=12428&charge=3&value=17/52,sp|Q8TDN6|BRX1_HUMAN,/core/www/modules//consensus/?run_id=110202&search_id=114132&scans_id=110198&peptide_id=3476&scanf=12428&charge=3&value=sp|Q8TDN6|BRX1_HUMAN,0,/core/www/modules/match_peptides/blast_html4.php?run_id=110202&search_id=114132&scans_id=110198&peptide_id=3476&scanf=12428&charge=3&value=0,R.HATAEEVEEEERDR.I,/core/www/modules/show_out/show_out_wrapper.php?run_id=110202&search_id=114132&scans_id=110198&peptide_id=3476&scanf=12428&charge=3&value=R.HATAEEVEEEERDR.I,BRIX1,1.357e+8,3.140,0.002,2.615,0.000
12431,2,"  3.164","  0.540",12/24,/core/www/modules//sdig/index.php?run_id=110202&search_id=114132&scans_id=110198&peptide_id=3480&scanf=12431&charge=2&value=12/24,sp|Q13315|ATM_HUMAN,/core/www/modules//consensus/?run_id=110202&search_id=114132&scans_id=110198&peptide_id=3480&scanf=12431&charge=2&value=sp|Q13315|ATM_HUMAN,2,/core/www/modules/match_peptides/blast_html4.php?run_id=110202&search_id=114132&scans_id=110198&peptide_id=3480&scanf=12431&charge=2&value=2,K.NLGQSNMDSENTR.D,/core/www/modules/show_out/show_out_wrapper.php?run_id=110202&search_id=114132&scans_id=110198&peptide_id=3480&scanf=12431&charge=2&value=K.NLGQSNMDSENTR.D,ATM,1.500e+6,3.245,0.002,2.770,0.000
12433,2,"  2.837","  0.590",9/26,/core/www/modules//sdig/index.php?run_id=110202&search_id=114132&scans_id=110198&peptide_id=3482&scanf=12433&charge=2&value=9/26,sp|Q02790|FKBP4_HUMAN,/core/www/modules//consensus/?run_id=110202&search_id=114132&scans_id=110198&peptide_id=3482&scanf=12433&charge=2&value=sp|Q02790|FKBP4_HUMAN,0,/core/www/modules/match_peptides/blast_html4.php?run_id=110202&search_id=114132&scans_id=110198&peptide_id=3482&scanf=12433&charge=2&value=0,K.SNTAGSQSQVETEA.-,/core/www/modules/show_out/show_out_wrapper.php?run_id=110202&search_id=114132&scans_id=110198&peptide_id=3482&scanf=12433&charge=2&value=K.SNTAGSQSQVETEA.-,FKBP4,1.275e+6,3.046,0.003,2.477,0.000
12437,2,"  1.901","  0.170",11/12,/core/www/modules//sdig/index.php?run_id=110202&search_id=114132&scans_id=110198&peptide_id=3485&scanf=12437&charge=2&value=11/12,sp|P62308|RUXG_HUMAN,/core/www/modules//consensus/?run_id=110202&search_id=114132&scans_id=110198&peptide_id=3485&scanf=12437&charge=2&value=sp|P62308|RUXG_HUMAN,4,/core/www/modules/match_peptides/blast_html4.php?run_id=110202&search_id=114132&scans_id=110198&peptide_id=3485&scanf=12437&charge=2&value=4,R.HVQGILR.G,/core/www/modules/show_out/show_out_wrapper.php?run_id=110202&search_id=114132&scans_id=110198&peptide_id=3485&scanf=12437&charge=2&value=R.HVQGILR.G,SNRPG,2.019e+7,2.666,0.012,1.917,0.000
12440,2,"  2.379","  0.279",8/14,/core/www/modules//sdig/index.php?run_id=110202&search_id=114132&scans_id=110198&peptide_id=3489&scanf=12440&charge=2&value=8/14,sp|P43243|MATR3_HUMAN,/core/www/modules//consensus/?run_id=110202&search_id=114132&scans_id=110198&peptide_id=3489&scanf=12440&charge=2&value=sp|P43243|MATR3_HUMAN,5,/core/www/modules/match_peptides/blast_html4.php?run_id=110202&search_id=114132&scans_id=110198&peptide_id=3489&scanf=12440&charge=2&value=5,R.GPGPLQER.S,/core/www/modules/show_out/show_out_wrapper.php?run_id=110202&search_id=114132&scans_id=110198&peptide_id=3489&scanf=12440&charge=2&value=R.GPGPLQER.S,MATR3,3.942e+7,2.632,0.014,1.867,0.000
12441,2,"  2.622","  0.118",10/18,/core/www/modules//sdig/index.php?run_id=110202&search_id=114132&scans_id=110198&peptide_id=3490&scanf=12441&charge=2&value=10/18,sp|O60942|MCE1_HUMAN,/core/www/modules//consensus/?run_id=110202&search_id=114132&scans_id=110198&peptide_id=3490&scanf=12441&charge=2&value=sp|O60942|MCE1_HUMAN,0,/core/www/modules/match_peptides/blast_html4.php?run_id=110202&search_id=114132&scans_id=110198&peptide_id=3490&scanf=12441&charge=2&value=0,K.GVTQVTTQPK.L,/core/www/modules/show_out/show_out_wrapper.php?run_id=110202&search_id=114132&scans_id=110198&peptide_id=3490&scanf=12441&charge=2&value=K.GVTQVTTQPK.L,RNGTT,4.904e+6,1.936,0.129,0.888,0.006
12447,2,"  1.764","  0.261",6/22,/core/www/modules//sdig/index.php?run_id=110202&search_id=114132&scans_id=110198&peptide_id=3496&scanf=12447&charge=2&value=6/22,sp|Q8N884|CGAS_HUMAN,/core/www/modules//consensus/?run_id=110202&search_id=114132&scans_id=110198&peptide_id=3496&scanf=12447&charge=2&value=sp|Q8N884|CGAS_HUMAN,1,/core/www/modules/match_peptides/blast_html4.php?run_id=110202&search_id=114132&scans_id=110198&peptide_id=3496&scanf=12447&charge=2&value=1,K.SAPDTQERPPVR.A,/core/www/modules/show_out/show_out_wrapper.php?run_id=110202&search_id=114132&scans_id=110198&peptide_id=3496&scanf=12447&charge=2&value=K.SAPDTQERPPVR.A,CGAS,2.424e+6,1.919,0.136,0.867,0.007
12448,2,"  2.151","  0.209",9/24,/core/www/modules//sdig/index.php?run_id=110202&search_id=114132&scans_id=110198&peptide_id=3497&scanf=12448&charge=2&value=9/24,sp|P45974|UBP5_HUMAN,/core/www/modules//consensus/?run_id=110202&search_id=114132&scans_id=110198&peptide_id=3497&scanf=12448&charge=2&value=sp|P45974|UBP5_HUMAN,1,/core/www/modules/match_peptides/blast_html4.php?run_id=110202&search_id=114132&scans_id=110198&peptide_id=3497&scanf=12448&charge=2&value=1,K.EEDPATGTGDPPR.K,/core/www/modules/show_out/show_out_wrapper.php?run_id=110202&search_id=114132&scans_id=110198&peptide_id=3497&scanf=12448&charge=2&value=K.EEDPATGTGDPPR.K,USP5,1.454e+6,1.848,0.167,0.778,0.009
12455,3,"  3.506","  0.380",10/44,/core/www/modules//sdig/index.php?run_id=110202&search_id=114132&scans_id=110198&peptide_id=3505&scanf=12455&charge=3&value=10/44,sp|Q6PCB5|RSBNL_HUMAN,/core/www/modules//consensus/?run_id=110202&search_id=114132&scans_id=110198&peptide_id=3505&scanf=12455&charge=3&value=sp|Q6PCB5|RSBNL_HUMAN,2,/core/www/modules/match_peptides/blast_html4.php?run_id=110202&search_id=114132&scans_id=110198&peptide_id=3505&scanf=12455&charge=3&value=2,R.AHADHIGQGFER.Q,/core/www/modules/show_out/show_out_wrapper.php?run_id=110202&search_id=114132&scans_id=110198&peptide_id=3505&scanf=12455&charge=3&value=R.AHADHIGQGFER.Q,RSBN1L,3.697e+6,2.684,0.011,1.943,0.000
12456,3,"  1.740","  0.241",12/36,/core/www/modules//sdig/index.php?run_id=110202&search_id=114132&scans_id=110198&peptide_id=3506&scanf=12456&charge=3&value=12/36,sp|Q9NW13|RBM28_HUMAN,/core/www/modules//consensus/?run_id=110202&search_id=114132&scans_id=110198&peptide_id=3506&scanf=12456&charge=3&value=sp|Q9NW13|RBM28_HUMAN,0,/core/www/modules/match_peptides/blast_html4.php?run_id=110202&search_id=114132&scans_id=110198&peptide_id=3506&scanf=12456&charge=3&value=0,K.KPKPQINQWK.Q,/core/www/modules/show_out/show_out_wrapper.php?run_id=110202&search_id=114132&scans_id=110198&peptide_id=3506&scanf=12456&charge=3&value=K.KPKPQINQWK.Q,RBM28,9.740e+6,2.482,0.022,1.649,0.001
12459,2,"  2.046","  0.376",10/16,/core/www/modules//sdig/index.php?run_id=110202&search_id=114132&scans_id=110198&peptide_id=3508&scanf=12459&charge=2&value=10/16,sp|Q03701|CEBPZ_HUMAN,/core/www/modules//consensus/?run_id=110202&search_id=114132&scans_id=110198&peptide_id=3508&scanf=12459&charge=2&value=sp|Q03701|CEBPZ_HUMAN,0,/core/www/modules/match_peptides/blast_html4.php?run_id=110202&search_id=114132&scans_id=110198&peptide_id=3508&scanf=12459&charge=2&value=0,K.GVVSGEVER.L,/core/www/modules/show_out/show_out_wrapper.php?run_id=110202&search_id=114132&scans_id=110198&peptide_id=3508&scanf=12459&charge=2&value=K.GVVSGEVER.L,CEBPZ,1.902e+7,2.889,0.006,2.244,0.000
12468,2,"  1.982","  0.273",10/20,/core/www/modules//sdig/index.php?run_id=110202&search_id=114132&scans_id=110198&peptide_id=3518&scanf=12468&charge=2&value=10/20,sp|Q9BQS8|FYCO1_HUMAN,/core/www/modules//consensus/?run_id=110202&search_id=114132&scans_id=110198&peptide_id=3518&scanf=12468&charge=2&value=sp|Q9BQS8|FYCO1_HUMAN,0,/core/www/modules/match_peptides/blast_html4.php?run_id=110202&search_id=114132&scans_id=110198&peptide_id=3518&scanf=12468&charge=2&value=0,K.VQEGSQEEELR.Q,/core/www/modules/show_out/show_out_wrapper.php?run_id=110202&search_id=114132&scans_id=110198&peptide_id=3518&scanf=12468&charge=2&value=K.VQEGSQEEELR.Q,FYCO1,1.843e+6,2.279,0.044,1.356,0.001
12470,2,"  4.096","  0.606",17/32,/core/www/modules//sdig/index.php?run_id=110202&search_id=114132&scans_id=110198&peptide_id=3521&scanf=12470&charge=2&value=17/32,sp|P21333|FLNA_HUMAN,/core/www/modules//consensus/?run_id=110202&search_id=114132&scans_id=110198&peptide_id=3521&scanf=12470&charge=2&value=sp|P21333|FLNA_HUMAN,3,/core/www/modules/match_peptides/blast_html4.php?run_id=110202&search_id=114132&scans_id=110198&peptide_id=3521&scanf=12470&charge=2&value=3,R.AGQSAAGAAPGGGVDTR.D,/core/www/modules/show_out/show_out_wrapper.php?run_id=110202&search_id=114132&scans_id=110198&peptide_id=3521&scanf=12470&charge=2&value=R.AGQSAAGAAPGGGVDTR.D,FLNA,4.453e+6,3.507,0.001,3.159,0.000
12473,3,"  1.660","  0.162",7/28,/core/www/modules//sdig/index.php?run_id=110202&search_id=114132&scans_id=110198&peptide_id=3524&scanf=12473&charge=3&value=7/28,sp|Q8NEY8|PPHLN_HUMAN,/core/www/modules//consensus/?run_id=110202&search_id=114132&scans_id=110198&peptide_id=3524&scanf=12473&charge=3&value=sp|Q8NEY8|PPHLN_HUMAN,4,/core/www/modules/match_peptides/blast_html4.php?run_id=110202&search_id=114132&scans_id=110198&peptide_id=3524&scanf=12473&charge=3&value=4,R.YYSHVDYR.D,/core/www/modules/show_out/show_out_wrapper.php?run_id=110202&search_id=114132&scans_id=110198&peptide_id=3524&scanf=12473&charge=3&value=R.YYSHVDYR.D,PPHLN1,2.611e+6,2.114,0.075,1.126,0.002
12474,2,"  1.712","  0.496",12/24,/core/www/modules//sdig/index.php?run_id=110202&search_id=114132&scans_id=110198&peptide_id=3525&scanf=12474&charge=2&value=12/24,sp|Q07157|ZO1_HUMAN,/core/www/modules//consensus/?run_id=110202&search_id=114132&scans_id=110198&peptide_id=3525&scanf=12474&charge=2&value=sp|Q07157|ZO1_HUMAN,6,/core/www/modules/match_peptides/blast_html4.php?run_id=110202&search_id=114132&scans_id=110198&peptide_id=3525&scanf=12474&charge=2&value=6,K.GGPAEGQLQENDR.V,/core/www/modules/show_out/show_out_wrapper.php?run_id=110202&search_id=114132&scans_id=110198&peptide_id=3525&scanf=12474&charge=2&value=K.GGPAEGQLQENDR.V,TJP1,2.263e+6,2.966,0.004,2.357,0.000
12476,2,"  2.291","  0.385",6/16,/core/www/modules//sdig/index.php?run_id=110202&search_id=114132&scans_id=110198&peptide_id=3527&scanf=12476&charge=2&value=6/16,sp|Q9NZB2|F120A_HUMAN,/core/www/modules//consensus/?run_id=110202&search_id=114132&scans_id=110198&peptide_id=3527&scanf=12476&charge=2&value=sp|Q9NZB2|F120A_HUMAN,1,/core/www/modules/match_peptides/blast_html4.php?run_id=110202&search_id=114132&scans_id=110198&peptide_id=3527&scanf=12476&charge=2&value=1,R.QRPPQTPLR.L,/core/www/modules/show_out/show_out_wrapper.php?run_id=110202&search_id=114132&scans_id=110198&peptide_id=3527&scanf=12476&charge=2&value=R.QRPPQTPLR.L,FAM120A,1.136e+6,2.550,0.018,1.747,0.000
12479,2,"  2.132","  0.539",10/14,/core/www/modules//sdig/index.php?run_id=110202&search_id=114132&scans_id=110198&peptide_id=3529&scanf=12479&charge=2&value=10/14,sp|Q9NQ29|LUC7L_HUMAN,/core/www/modules//consensus/?run_id=110202&search_id=114132&scans_id=110198&peptide_id=3529&scanf=12479&charge=2&value=sp|Q9NQ29|LUC7L_HUMAN,4,/core/www/modules/match_peptides/blast_html4.php?run_id=110202&search_id=114132&scans_id=110198&peptide_id=3529&scanf=12479&charge=2&value=4,R.ADYEIASK.E,/core/www/modules/show_out/show_out_wrapper.php?run_id=110202&search_id=114132&scans_id=110198&peptide_id=3529&scanf=12479&charge=2&value=R.ADYEIASK.E,LUC7L,1.989e+7,3.608,0.000,3.308,0.000
12480,2,"  1.636","  0.014",10/12,/core/www/modules//sdig/index.php?run_id=110202&search_id=114132&scans_id=110198&peptide_id=3531&scanf=12480&charge=2&value=10/12,sp|Q08211|DHX9_HUMAN,/core/www/modules//consensus/?run_id=110202&search_id=114132&scans_id=110198&peptide_id=3531&scanf=12480&charge=2&value=sp|Q08211|DHX9_HUMAN,0,/core/www/modules/match_peptides/blast_html4.php?run_id=110202&search_id=114132&scans_id=110198&peptide_id=3531&scanf=12480&charge=2&value=0,R.LNM*ATLR.M,/core/www/modules/show_out/show_out_wrapper.php?run_id=110202&search_id=114132&scans_id=110198&peptide_id=3531&scanf=12480&charge=2&value=R.LNM*ATLR.M,DHX9,1.062e+7,2.082,0.083,1.083,0.003
12483,2,"  2.347","  0.297",10/14,/core/www/modules//sdig/index.php?run_id=110202&search_id=114132&scans_id=110198&peptide_id=3534&scanf=12483&charge=2&value=10/14,sp|O43707|ACTN4_HUMAN,/core/www/modules//consensus/?run_id=110202&search_id=114132&scans_id=110198&peptide_id=3534&scanf=12483&charge=2&value=sp|O43707|ACTN4_HUMAN,3,/core/www/modules/match_peptides/blast_html4.php?run_id=110202&search_id=114132&scans_id=110198&peptide_id=3534&scanf=12483&charge=2&value=3,R.ASFNHFDK.D,/core/www/modules/show_out/show_out_wrapper.php?run_id=110202&search_id=114132&scans_id=110198&peptide_id=3534&scanf=12483&charge=2&value=R.ASFNHFDK.D,ACTN4,8.764e+6,3.030,0.004,2.453,0.000
12485,2,"  2.389","  0.390",9/16,/core/www/modules//sdig/index.php?run_id=110202&search_id=114132&scans_id=110198&peptide_id=3536&scanf=12485&charge=2&value=9/16,sp|P11021|BIP_HUMAN,/core/www/modules//consensus/?run_id=110202&search_id=114132&scans_id=110198&peptide_id=3536&scanf=12485&charge=2&value=sp|P11021|BIP_HUMAN,2,/core/www/modules/match_peptides/blast_html4.php?run_id=110202&search_id=114132&scans_id=110198&peptide_id=3536&scanf=12485&charge=2&value=2,K.ITITNDQNR.L,/core/www/modules/show_out/show_out_wrapper.php?run_id=110202&search_id=114132&scans_id=110198&peptide_id=3536&scanf=12485&charge=2&value=K.ITITNDQNR.L,HSPA5,9.730e+6,2.919,0.005,2.288,0.000
12487,2,"  3.169","  0.404",11/16,/core/www/modules//sdig/index.php?run_id=110202&search_id=114132&scans_id=110198&peptide_id=3538&scanf=12487&charge=2&value=11/16,sp|A6NHR9|SMHD1_HUMAN,/core/www/modules//consensus/?run_id=110202&search_id=114132&scans_id=110198&peptide_id=3538&scanf=12487&charge=2&value=sp|A6NHR9|SMHD1_HUMAN,2,/core/www/modules/match_peptides/blast_html4.php?run_id=110202&search_id=114132&scans_id=110198&peptide_id=3538&scanf=12487&charge=2&value=2,K.KYVEDEMAR.L,/core/www/modules/show_out/show_out_wrapper.php?run_id=110202&search_id=114132&scans_id=110198&peptide_id=3538&scanf=12487&charge=2&value=K.KYVEDEMAR.L,SMCHD1,4.945e+6,2.794,0.008,2.104,0.000
12490,2,"  2.241","  0.334",8/14,/core/www/modules//sdig/index.php?run_id=110202&search_id=114132&scans_id=110198&peptide_id=3542&scanf=12490&charge=2&value=8/14,sp|Q7Z2T5|TRM1L_HUMAN,/core/www/modules//consensus/?run_id=110202&search_id=114132&scans_id=110198&peptide_id=3542&scanf=12490&charge=2&value=sp|Q7Z2T5|TRM1L_HUMAN,0,/core/www/modules/match_peptides/blast_html4.php?run_id=110202&search_id=114132&scans_id=110198&peptide_id=3542&scanf=12490&charge=2&value=0,R.VEMSVNDK.A,/core/www/modules/show_out/show_out_wrapper.php?run_id=110202&search_id=114132&scans_id=110198&peptide_id=3542&scanf=12490&charge=2&value=R.VEMSVNDK.A,TRMT1L,2.294e+6,2.722,0.010,1.999,0.000
12491,3,"  3.098","  0.455",12/36,/core/www/modules//sdig/index.php?run_id=110202&search_id=114132&scans_id=110198&peptide_id=3543&scanf=12491&charge=3&value=12/36,sp|O75369|FLNB_HUMAN,/core/www/modules//consensus/?run_id=110202&search_id=114132&scans_id=110198&peptide_id=3543&scanf=12491&charge=3&value=sp|O75369|FLNB_HUMAN,4,/core/www/modules/match_peptides/blast_html4.php?run_id=110202&search_id=114132&scans_id=110198&peptide_id=3543&scanf=12491&charge=3&value=4,K.LKPGAPLKPK.L,/core/www/modules/show_out/show_out_wrapper.php?run_id=110202&search_id=114132&scans_id=110198&peptide_id=3543&scanf=12491&charge=3&value=K.LKPGAPLKPK.L,FLNB,1.105e+7,3.375,0.001,2.964,0.000
12497,3,"  3.559","  0.361",13/40,/core/www/modules//sdig/index.php?run_id=110202&search_id=114132&scans_id=110198&peptide_id=3549&scanf=12497&charge=3&value=13/40,sp|P09651|ROA1_HUMAN,/core/www/modules//consensus/?run_id=110202&search_id=114132&scans_id=110198&peptide_id=3549&scanf=12497&charge=3&value=sp|P09651|ROA1_HUMAN,7,/core/www/modules/match_peptides/blast_html4.php?run_id=110202&search_id=114132&scans_id=110198&peptide_id=3549&scanf=12497&charge=3&value=7,K.SESPKEPEQLR.K,/core/www/modules/show_out/show_out_wrapper.php?run_id=110202&search_id=114132&scans_id=110198&peptide_id=3549&scanf=12497&charge=3&value=K.SESPKEPEQLR.K,HNRNPA1,3.740e+8,2.710,0.010,1.981,0.000
12500,2,"  1.651","  0.397",8/12,/core/www/modules//sdig/index.php?run_id=110202&search_id=114132&scans_id=110198&peptide_id=3552&scanf=12500&charge=2&value=8/12,sp|P52272|HNRPM_HUMAN,/core/www/modules//consensus/?run_id=110202&search_id=114132&scans_id=110198&peptide_id=3552&scanf=12500&charge=2&value=sp|P52272|HNRPM_HUMAN,3,/core/www/modules/match_peptides/blast_html4.php?run_id=110202&search_id=114132&scans_id=110198&peptide_id=3552&scanf=12500&charge=2&value=3,R.MGPGIDR.L,/core/www/modules/show_out/show_out_wrapper.php?run_id=110202&search_id=114132&scans_id=110198&peptide_id=3552&scanf=12500&charge=2&value=R.MGPGIDR.L,HNRNPM,6.000e+7,3.313,0.001,2.871,0.000
12505,2,"  2.013","  0.243",8/12,/core/www/modules//sdig/index.php?run_id=110202&search_id=114132&scans_id=110198&peptide_id=3557&scanf=12505&charge=2&value=8/12,sp|Q9H0A0|NAT10_HUMAN,/core/www/modules//consensus/?run_id=110202&search_id=114132&scans_id=110198&peptide_id=3557&scanf=12505&charge=2&value=sp|Q9H0A0|NAT10_HUMAN,0,/core/www/modules/match_peptides/blast_html4.php?run_id=110202&search_id=114132&scans_id=110198&peptide_id=3557&scanf=12505&charge=2&value=0,K.RLEMYSR.N,/core/www/modules/show_out/show_out_wrapper.php?run_id=110202&search_id=114132&scans_id=110198&peptide_id=3557&scanf=12505&charge=2&value=K.RLEMYSR.N,NAT10,5.080e+6,2.359,0.034,1.470,0.001
12507,2,"  2.173","  0.500",9/16,/core/www/modules//sdig/index.php?run_id=110202&search_id=114132&scans_id=110198&peptide_id=3559&scanf=12507&charge=2&value=9/16,sp|P61254|RL26_HUMAN,/core/www/modules//consensus/?run_id=110202&search_id=114132&scans_id=110198&peptide_id=3559&scanf=12507&charge=2&value=sp|P61254|RL26_HUMAN,5,/core/www/modules/match_peptides/blast_html4.php?run_id=110202&search_id=114132&scans_id=110198&peptide_id=3559&scanf=12507&charge=2&value=5,R.HFNAPSHIR.R,/core/www/modules/show_out/show_out_wrapper.php?run_id=110202&search_id=114132&scans_id=110198&peptide_id=3559&scanf=12507&charge=2&value=R.HFNAPSHIR.R,RPL26,4.786e+6,3.210,0.002,2.719,0.000
12508,3,"  5.516","  0.627",21/52,/core/www/modules//sdig/index.php?run_id=110202&search_id=114132&scans_id=110198&peptide_id=3560&scanf=12508&charge=3&value=21/52,sp|Q14690|RRP5_HUMAN,/core/www/modules//consensus/?run_id=110202&search_id=114132&scans_id=110198&peptide_id=3560&scanf=12508&charge=3&value=sp|Q14690|RRP5_HUMAN,1,/core/www/modules/match_peptides/blast_html4.php?run_id=110202&search_id=114132&scans_id=110198&peptide_id=3560&scanf=12508&charge=3&value=1,R.KGSEHQAIVQHLEK.S,/core/www/modules/show_out/show_out_wrapper.php?run_id=110202&search_id=114132&scans_id=110198&peptide_id=3560&scanf=12508&charge=3&value=R.KGSEHQAIVQHLEK.S,PDCD11,6.504e+6,3.737,0.000,3.500,0.000
12512,2,"  2.793","  0.461",14/18,/core/www/modules//sdig/index.php?run_id=110202&search_id=114132&scans_id=110198&peptide_id=3565&scanf=12512&charge=2&value=14/18,sp|P84098|RL19_HUMAN,/core/www/modules//consensus/?run_id=110202&search_id=114132&scans_id=110198&peptide_id=3565&scanf=12512&charge=2&value=sp|P84098|RL19_HUMAN,3,/core/www/modules/match_peptides/blast_html4.php?run_id=110202&search_id=114132&scans_id=110198&peptide_id=3565&scanf=12512&charge=2&value=3,K.KLLADQAEAR.R,/core/www/modules/show_out/show_out_wrapper.php?run_id=110202&search_id=114132&scans_id=110198&peptide_id=3565&scanf=12512&charge=2&value=K.KLLADQAEAR.R,RPL19,6.921e+6,3.124,0.003,2.592,0.000
12518,3,"  4.927","  0.596",21/72,/core/www/modules//sdig/index.php?run_id=110202&search_id=114132&scans_id=110198&peptide_id=3571&scanf=12518&charge=3&value=21/72,sp|Q9GZR7|DDX24_HUMAN,/core/www/modules//consensus/?run_id=110202&search_id=114132&scans_id=110198&peptide_id=3571&scanf=12518&charge=3&value=sp|Q9GZR7|DDX24_HUMAN,1,/core/www/modules/match_peptides/blast_html4.php?run_id=110202&search_id=114132&scans_id=110198&peptide_id=3571&scanf=12518&charge=3&value=1,K.AQAVSEEEEEEEGKSSSPK.K,/core/www/modules/show_out/show_out_wrapper.php?run_id=110202&search_id=114132&scans_id=110198&peptide_id=3571&scanf=12518&charge=3&value=K.AQAVSEEEEEEEGKSSSPK.K,DDX24,1.971e+6,3.161,0.002,2.646,0.000
12523,2,"  2.510","  0.343",9/20,/core/www/modules//sdig/index.php?run_id=110202&search_id=114132&scans_id=110198&peptide_id=3576&scanf=12523&charge=2&value=9/20,sp|P60709|ACTB_HUMAN,/core/www/modules//consensus/?run_id=110202&search_id=114132&scans_id=110198&peptide_id=3576&scanf=12523&charge=2&value=sp|P60709|ACTB_HUMAN,26,/core/www/modules/match_peptides/blast_html4.php?run_id=110202&search_id=114132&scans_id=110198&peptide_id=3576&scanf=12523&charge=2&value=26,R.HQGVM*VGM*GQK.D,/core/www/modules/show_out/show_out_wrapper.php?run_id=110202&search_id=114132&scans_id=110198&peptide_id=3576&scanf=12523&charge=2&value=R.HQGVM*VGM*GQK.D,ACTB,1.065e+7,2.999,0.004,2.407,0.000
12529,2,"  2.668","  0.279",11/16,/core/www/modules//sdig/index.php?run_id=110202&search_id=114132&scans_id=110198&peptide_id=3582&scanf=12529&charge=2&value=11/16,sp|P14324|FPPS_HUMAN,/core/www/modules//consensus/?run_id=110202&search_id=114132&scans_id=110198&peptide_id=3582&scanf=12529&charge=2&value=sp|P14324|FPPS_HUMAN,1,/core/www/modules/match_peptides/blast_html4.php?run_id=110202&search_id=114132&scans_id=110198&peptide_id=3582&scanf=12529&charge=2&value=1,K.IGTDIQDNK.C,/core/www/modules/show_out/show_out_wrapper.php?run_id=110202&search_id=114132&scans_id=110198&peptide_id=3582&scanf=12529&charge=2&value=K.IGTDIQDNK.C,FDPS,3.929e+6,2.654,0.013,1.898,0.000
12533,2,"  2.201","  0.238",8/14,/core/www/modules//sdig/index.php?run_id=110202&search_id=114132&scans_id=110198&peptide_id=3587&scanf=12533&charge=2&value=8/14,sp|P10155|RO60_HUMAN,/core/www/modules//consensus/?run_id=110202&search_id=114132&scans_id=110198&peptide_id=3587&scanf=12533&charge=2&value=sp|P10155|RO60_HUMAN,1,/core/www/modules/match_peptides/blast_html4.php?run_id=110202&search_id=114132&scans_id=110198&peptide_id=3587&scanf=12533&charge=2&value=1,K.ALSVETEK.L,/core/www/modules/show_out/show_out_wrapper.php?run_id=110202&search_id=114132&scans_id=110198&peptide_id=3587&scanf=12533&charge=2&value=K.ALSVETEK.L,RO60,8.168e+6,2.435,0.026,1.579,0.001
12534,2,"  4.142","  0.647",18/28,/core/www/modules//sdig/index.php?run_id=110202&search_id=114132&scans_id=110198&peptide_id=3588&scanf=12534&charge=2&value=18/28,sp|Q92522|H1X_HUMAN,/core/www/modules//consensus/?run_id=110202&search_id=114132&scans_id=110198&peptide_id=3588&scanf=12534&charge=2&value=sp|Q92522|H1X_HUMAN,0,/core/www/modules/match_peptides/blast_html4.php?run_id=110202&search_id=114132&scans_id=110198&peptide_id=3588&scanf=12534&charge=2&value=0,R.GAPAAATAPAPTAHK.A,/core/www/modules/show_out/show_out_wrapper.php?run_id=110202&search_id=114132&scans_id=110198&peptide_id=3588&scanf=12534&charge=2&value=R.GAPAAATAPAPTAHK.A,H1-10,3.088e+7,3.743,0.000,3.508,0.000
12539,2,"  1.994","  0.041",8/20,/core/www/modules//sdig/index.php?run_id=110202&search_id=114132&scans_id=110198&peptide_id=3593&scanf=12539&charge=2&value=8/20,sp|P07900|HS90A_HUMAN,/core/www/modules//consensus/?run_id=110202&search_id=114132&scans_id=110198&peptide_id=3593&scanf=12539&charge=2&value=sp|P07900|HS90A_HUMAN,0,/core/www/modules/match_peptides/blast_html4.php?run_id=110202&search_id=114132&scans_id=110198&peptide_id=3593&scanf=12539&charge=2&value=0,R.DNSTM*GYMAAK.K,/core/www/modules/show_out/show_out_wrapper.php?run_id=110202&search_id=114132&scans_id=110198&peptide_id=3593&scanf=12539&charge=2&value=R.DNSTM*GYMAAK.K,HSP90AA1,2.182e+6,2.064,0.088,1.058,0.004
12542,2,"  2.087","  0.382",8/12,/core/www/modules//sdig/index.php?run_id=110202&search_id=114132&scans_id=110198&peptide_id=3595&scanf=12542&charge=2&value=8/12,sp|P46779|RL28_HUMAN,/core/www/modules//consensus/?run_id=110202&search_id=114132&scans_id=110198&peptide_id=3595&scanf=12542&charge=2&value=sp|P46779|RL28_HUMAN,3,/core/www/modules/match_peptides/blast_html4.php?run_id=110202&search_id=114132&scans_id=110198&peptide_id=3595&scanf=12542&charge=2&value=3,R.YNGLIHR.K,/core/www/modules/show_out/show_out_wrapper.php?run_id=110202&search_id=114132&scans_id=110198&peptide_id=3595&scanf=12542&charge=2&value=R.YNGLIHR.K,RPL28,2.802e+7,3.038,0.003,2.465,0.000
12545,3,"  1.563","  0.128",8/36,/core/www/modules//sdig/index.php?run_id=110202&search_id=114132&scans_id=110198&peptide_id=3598&scanf=12545&charge=3&value=8/36,sp|O43707|ACTN4_HUMAN,/core/www/modules//consensus/?run_id=110202&search_id=114132&scans_id=110198&peptide_id=3598&scanf=12545&charge=3&value=sp|O43707|ACTN4_HUMAN,3,/core/www/modules/match_peptides/blast_html4.php?run_id=110202&search_id=114132&scans_id=110198&peptide_id=3598&scanf=12545&charge=3&value=3,R.DHALLEEQSK.Q,/core/www/modules/show_out/show_out_wrapper.php?run_id=110202&search_id=114132&scans_id=110198&peptide_id=3598&scanf=12545&charge=3&value=R.DHALLEEQSK.Q,ACTN4,1.172e+7,2.229,0.052,1.285,0.002
12547,2,"  1.850","  0.169",8/14,/core/www/modules//sdig/index.php?run_id=110202&search_id=114132&scans_id=110198&peptide_id=3600&scanf=12547&charge=2&value=8/14,sp|P10155|RO60_HUMAN,/core/www/modules//consensus/?run_id=110202&search_id=114132&scans_id=110198&peptide_id=3600&scanf=12547&charge=2&value=sp|P10155|RO60_HUMAN,1,/core/www/modules/match_peptides/blast_html4.php?run_id=110202&search_id=114132&scans_id=110198&peptide_id=3600&scanf=12547&charge=2&value=1,K.ALSVETEK.L,/core/www/modules/show_out/show_out_wrapper.php?run_id=110202&search_id=114132&scans_id=110198&peptide_id=3600&scanf=12547&charge=2&value=K.ALSVETEK.L,RO60,8.168e+6,2.183,0.060,1.222,0.002
12550,3,"  3.044","  0.237",11/48,/core/www/modules//sdig/index.php?run_id=110202&search_id=114132&scans_id=110198&peptide_id=3604&scanf=12550&charge=3&value=11/48,sp|Q9Y3B7|RM11_HUMAN,/core/www/modules//consensus/?run_id=110202&search_id=114132&scans_id=110198&peptide_id=3604&scanf=12550&charge=3&value=sp|Q9Y3B7|RM11_HUMAN,0,/core/www/modules/match_peptides/blast_html4.php?run_id=110202&search_id=114132&scans_id=110198&peptide_id=3604&scanf=12550&charge=3&value=0,K.EADLAAQEEAAKK.-,/core/www/modules/show_out/show_out_wrapper.php?run_id=110202&search_id=114132&scans_id=110198&peptide_id=3604&scanf=12550&charge=3&value=K.EADLAAQEEAAKK.-,MRPL11,2.670e+6,1.967,0.118,0.929,0.005
12556,3,"  4.475","  0.586",18/60,/core/www/modules//sdig/index.php?run_id=110202&search_id=114132&scans_id=110198&peptide_id=3610&scanf=12556&charge=3&value=18/60,sp|Q01831|XPC_HUMAN,/core/www/modules//consensus/?run_id=110202&search_id=114132&scans_id=110198&peptide_id=3610&scanf=12556&charge=3&value=sp|Q01831|XPC_HUMAN,0,/core/www/modules/match_peptides/blast_html4.php?run_id=110202&search_id=114132&scans_id=110198&peptide_id=3610&scanf=12556&charge=3&value=0,R.KDPSLPAASSSSSSSK.R,/core/www/modules/show_out/show_out_wrapper.php?run_id=110202&search_id=114132&scans_id=110198&peptide_id=3610&scanf=12556&charge=3&value=R.KDPSLPAASSSSSSSK.R,XPC,1.381e+6,3.128,0.003,2.597,0.000
12560,2,"  3.291","  0.477",13/20,/core/www/modules//sdig/index.php?run_id=110202&search_id=114132&scans_id=110198&peptide_id=3615&scanf=12560&charge=2&value=13/20,sp|Q14315|FLNC_HUMAN,/core/www/modules//consensus/?run_id=110202&search_id=114132&scans_id=110198&peptide_id=3615&scanf=12560&charge=2&value=sp|Q14315|FLNC_HUMAN,0,/core/www/modules/match_peptides/blast_html4.php?run_id=110202&search_id=114132&scans_id=110198&peptide_id=3615&scanf=12560&charge=2&value=0,R.GAGGQGQLDVR.M,/core/www/modules/show_out/show_out_wrapper.php?run_id=110202&search_id=114132&scans_id=110198&peptide_id=3615&scanf=12560&charge=2&value=R.GAGGQGQLDVR.M,FLNC,7.964e+6,3.408,0.001,3.011,0.000
12567,2,"  2.161","  0.398",7/12,/core/www/modules//sdig/index.php?run_id=110202&search_id=114132&scans_id=110198&peptide_id=3621&scanf=12567&charge=2&value=7/12,sp|O75439|MPPB_HUMAN,/core/www/modules//consensus/?run_id=110202&search_id=114132&scans_id=110198&peptide_id=3621&scanf=12567&charge=2&value=sp|O75439|MPPB_HUMAN,2,/core/www/modules/match_peptides/blast_html4.php?run_id=110202&search_id=114132&scans_id=110198&peptide_id=3621&scanf=12567&charge=2&value=2,K.FTGSEIR.V,/core/www/modules/show_out/show_out_wrapper.php?run_id=110202&search_id=114132&scans_id=110198&peptide_id=3621&scanf=12567&charge=2&value=K.FTGSEIR.V,PMPCB,6.178e+6,2.960,0.004,2.349,0.000
12568,2,"  2.418","  0.475",9/14,/core/www/modules//sdig/index.php?run_id=110202&search_id=114132&scans_id=110198&peptide_id=3622&scanf=12568&charge=2&value=9/14,sp|P49711|CTCF_HUMAN,/core/www/modules//consensus/?run_id=110202&search_id=114132&scans_id=110198&peptide_id=3622&scanf=12568&charge=2&value=sp|P49711|CTCF_HUMAN,4,/core/www/modules/match_peptides/blast_html4.php?run_id=110202&search_id=114132&scans_id=110198&peptide_id=3622&scanf=12568&charge=2&value=4,R.YALIQHQK.S,/core/www/modules/show_out/show_out_wrapper.php?run_id=110202&search_id=114132&scans_id=110198&peptide_id=3622&scanf=12568&charge=2&value=R.YALIQHQK.S,CTCF,1.095e+7,3.283,0.001,2.827,0.000
12571,2,"  1.581","  0.189",6/12,/core/www/modules//sdig/index.php?run_id=110202&search_id=114132&scans_id=110198&peptide_id=3626&scanf=12571&charge=2&value=6/12,sp|Q9UBU9|NXF1_HUMAN,/core/www/modules//consensus/?run_id=110202&search_id=114132&scans_id=110198&peptide_id=3626&scanf=12571&charge=2&value=sp|Q9UBU9|NXF1_HUMAN,1,/core/www/modules/match_peptides/blast_html4.php?run_id=110202&search_id=114132&scans_id=110198&peptide_id=3626&scanf=12571&charge=2&value=1,K.LKDPTLR.F,/core/www/modules/show_out/show_out_wrapper.php?run_id=110202&search_id=114132&scans_id=110198&peptide_id=3626&scanf=12571&charge=2&value=K.LKDPTLR.F,NXF1,4.557e+6,1.911,0.139,0.856,0.007
12576,3,"  4.237","  0.536",14/40,/core/www/modules//sdig/index.php?run_id=110202&search_id=114132&scans_id=110198&peptide_id=3631&scanf=12576&charge=3&value=14/40,sp|Q14683|SMC1A_HUMAN,/core/www/modules//consensus/?run_id=110202&search_id=114132&scans_id=110198&peptide_id=3631&scanf=12576&charge=3&value=sp|Q14683|SMC1A_HUMAN,1,/core/www/modules/match_peptides/blast_html4.php?run_id=110202&search_id=114132&scans_id=110198&peptide_id=3631&scanf=12576&charge=3&value=1,R.SGELAQEYDKR.K,/core/www/modules/show_out/show_out_wrapper.php?run_id=110202&search_id=114132&scans_id=110198&peptide_id=3631&scanf=12576&charge=3&value=R.SGELAQEYDKR.K,SMC1A,2.152e+7,3.330,0.001,2.897,0.000
12581,3,"  3.155","  0.342",12/44,/core/www/modules//sdig/index.php?run_id=110202&search_id=114132&scans_id=110198&peptide_id=3637&scanf=12581&charge=3&value=12/44,sp|P15311|EZRI_HUMAN,/core/www/modules//consensus/?run_id=110202&search_id=114132&scans_id=110198&peptide_id=3637&scanf=12581&charge=3&value=sp|P15311|EZRI_HUMAN,0,/core/www/modules/match_peptides/blast_html4.php?run_id=110202&search_id=114132&scans_id=110198&peptide_id=3637&scanf=12581&charge=3&value=0,R.RKEDEVEEWQHR.A,/core/www/modules/show_out/show_out_wrapper.php?run_id=110202&search_id=114132&scans_id=110198&peptide_id=3637&scanf=12581&charge=3&value=R.RKEDEVEEWQHR.A,EZR,3.137e+6,2.187,0.059,1.228,0.002
12587,2,"  1.942","  0.216",8/14,/core/www/modules//sdig/index.php?run_id=110202&search_id=114132&scans_id=110198&peptide_id=3642&scanf=12587&charge=2&value=8/14,sp|Q8IXT5|RB12B_HUMAN,/core/www/modules//consensus/?run_id=110202&search_id=114132&scans_id=110198&peptide_id=3642&scanf=12587&charge=2&value=sp|Q8IXT5|RB12B_HUMAN,0,/core/www/modules/match_peptides/blast_html4.php?run_id=110202&search_id=114132&scans_id=110198&peptide_id=3642&scanf=12587&charge=2&value=0,R.QPPEEDLR.W,/core/www/modules/show_out/show_out_wrapper.php?run_id=110202&search_id=114132&scans_id=110198&peptide_id=3642&scanf=12587&charge=2&value=R.QPPEEDLR.W,RBM12B,8.868e+6,2.425,0.027,1.566,0.001
12592,2,"  2.550","  0.342",10/18,/core/www/modules//sdig/index.php?run_id=110202&search_id=114132&scans_id=110198&peptide_id=3648&scanf=12592&charge=2&value=10/18,sp|P50990|TCPQ_HUMAN,/core/www/modules//consensus/?run_id=110202&search_id=114132&scans_id=110198&peptide_id=3648&scanf=12592&charge=2&value=sp|P50990|TCPQ_HUMAN,1,/core/www/modules/match_peptides/blast_html4.php?run_id=110202&search_id=114132&scans_id=110198&peptide_id=3648&scanf=12592&charge=2&value=1,R.ELEVQHPAAK.M,/core/www/modules/show_out/show_out_wrapper.php?run_id=110202&search_id=114132&scans_id=110198&peptide_id=3648&scanf=12592&charge=2&value=R.ELEVQHPAAK.M,CCT8,1.035e+7,2.758,0.009,2.051,0.000
12596,2,"  2.353","  0.454",12/16,/core/www/modules//sdig/index.php?run_id=110202&search_id=114132&scans_id=110198&peptide_id=3652&scanf=12596&charge=2&value=12/16,sp|Q8N3U4|STAG2_HUMAN,/core/www/modules//consensus/?run_id=110202&search_id=114132&scans_id=110198&peptide_id=3652&scanf=12596&charge=2&value=sp|Q8N3U4|STAG2_HUMAN,6,/core/www/modules/match_peptides/blast_html4.php?run_id=110202&search_id=114132&scans_id=110198&peptide_id=3652&scanf=12596&charge=2&value=6,R.HMQNSEIIR.K,/core/www/modules/show_out/show_out_wrapper.php?run_id=110202&search_id=114132&scans_id=110198&peptide_id=3652&scanf=12596&charge=2&value=R.HMQNSEIIR.K,STAG2,3.930e+6,3.245,0.002,2.771,0.000
12601,2,"  2.780","  0.460",12/18,/core/www/modules//sdig/index.php?run_id=110202&search_id=114132&scans_id=110198&peptide_id=3658&scanf=12601&charge=2&value=12/18,sp|P09382|LEG1_HUMAN,/core/www/modules//consensus/?run_id=110202&search_id=114132&scans_id=110198&peptide_id=3658&scanf=12601&charge=2&value=sp|P09382|LEG1_HUMAN,0,/core/www/modules/match_peptides/blast_html4.php?run_id=110202&search_id=114132&scans_id=110198&peptide_id=3658&scanf=12601&charge=2&value=0,K.DGGAWGTEQR.E,/core/www/modules/show_out/show_out_wrapper.php?run_id=110202&search_id=114132&scans_id=110198&peptide_id=3658&scanf=12601&charge=2&value=K.DGGAWGTEQR.E,LGALS1,2.311e+6,3.268,0.002,2.805,0.000
12606,2,"  1.504","  0.114",7/12,/core/www/modules//sdig/index.php?run_id=110202&search_id=114132&scans_id=110198&peptide_id=3662&scanf=12606&charge=2&value=7/12,sp|P52272|HNRPM_HUMAN,/core/www/modules//consensus/?run_id=110202&search_id=114132&scans_id=110198&peptide_id=3662&scanf=12606&charge=2&value=sp|P52272|HNRPM_HUMAN,3,/core/www/modules/match_peptides/blast_html4.php?run_id=110202&search_id=114132&scans_id=110198&peptide_id=3662&scanf=12606&charge=2&value=3,R.M*GPGIDR.L,/core/www/modules/show_out/show_out_wrapper.php?run_id=110202&search_id=114132&scans_id=110198&peptide_id=3662&scanf=12606&charge=2&value=R.M*GPGIDR.L,HNRNPM,7.448e+6,2.242,0.050,1.304,0.002
12607,2,"  4.098","  0.400",14/20,/core/www/modules//sdig/index.php?run_id=110202&search_id=114132&scans_id=110198&peptide_id=3663&scanf=12607&charge=2&value=14/20,sp|P52294|IMA5_HUMAN,/core/www/modules//consensus/?run_id=110202&search_id=114132&scans_id=110198&peptide_id=3663&scanf=12607&charge=2&value=sp|P52294|IMA5_HUMAN,5,/core/www/modules/match_peptides/blast_html4.php?run_id=110202&search_id=114132&scans_id=110198&peptide_id=3663&scanf=12607&charge=2&value=5,K.SPEQQLSATQK.F,/core/www/modules/show_out/show_out_wrapper.php?run_id=110202&search_id=114132&scans_id=110198&peptide_id=3663&scanf=12607&charge=2&value=K.SPEQQLSATQK.F,KPNA1,9.857e+6,3.110,0.003,2.570,0.000
12609,3,"  4.976","  0.571",16/44,/core/www/modules//sdig/index.php?run_id=110202&search_id=114132&scans_id=110198&peptide_id=3665&scanf=12609&charge=3&value=16/44,sp|Q9NU22|MDN1_HUMAN,/core/www/modules//consensus/?run_id=110202&search_id=114132&scans_id=110198&peptide_id=3665&scanf=12609&charge=3&value=sp|Q9NU22|MDN1_HUMAN,0,/core/www/modules/match_peptides/blast_html4.php?run_id=110202&search_id=114132&scans_id=110198&peptide_id=3665&scanf=12609&charge=3&value=0,R.KQDHLWQQSTTR.L,/core/www/modules/show_out/show_out_wrapper.php?run_id=110202&search_id=114132&scans_id=110198&peptide_id=3665&scanf=12609&charge=3&value=R.KQDHLWQQSTTR.L,MDN1,4.312e+6,3.635,0.000,3.348,0.000
12615,2,"  1.798","  0.184",7/14,/core/www/modules//sdig/index.php?run_id=110202&search_id=114132&scans_id=110198&peptide_id=3672&scanf=12615&charge=2&value=7/14,sp|P11388|TOP2A_HUMAN,/core/www/modules//consensus/?run_id=110202&search_id=114132&scans_id=110198&peptide_id=3672&scanf=12615&charge=2&value=sp|P11388|TOP2A_HUMAN,0,/core/www/modules/match_peptides/blast_html4.php?run_id=110202&search_id=114132&scans_id=110198&peptide_id=3672&scanf=12615&charge=2&value=0,K.IIIENKPK.K,/core/www/modules/show_out/show_out_wrapper.php?run_id=110202&search_id=114132&scans_id=110198&peptide_id=3672&scanf=12615&charge=2&value=K.IIIENKPK.K,TOP2A,8.836e+6,2.271,0.045,1.345,0.002
12620,2,"  1.918","  0.277",7/14,/core/www/modules//sdig/index.php?run_id=110202&search_id=114132&scans_id=110198&peptide_id=3678&scanf=12620&charge=2&value=7/14,sp|P23381|SYWC_HUMAN,/core/www/modules//consensus/?run_id=110202&search_id=114132&scans_id=110198&peptide_id=3678&scanf=12620&charge=2&value=sp|P23381|SYWC_HUMAN,3,/core/www/modules/match_peptides/blast_html4.php?run_id=110202&search_id=114132&scans_id=110198&peptide_id=3678&scanf=12620&charge=2&value=3,K.HVTFNQVK.G,/core/www/modules/show_out/show_out_wrapper.php?run_id=110202&search_id=114132&scans_id=110198&peptide_id=3678&scanf=12620&charge=2&value=K.HVTFNQVK.G,WARS1,3.975e+6,2.393,0.030,1.520,0.001
12621,3,"  2.663","  0.262",7/44,/core/www/modules//sdig/index.php?run_id=110202&search_id=114132&scans_id=110198&peptide_id=3679&scanf=12621&charge=3&value=7/44,sp|P11586|C1TC_HUMAN,/core/www/modules//consensus/?run_id=110202&search_id=114132&scans_id=110198&peptide_id=3679&scanf=12621&charge=3&value=sp|P11586|C1TC_HUMAN,5,/core/www/modules/match_peptides/blast_html4.php?run_id=110202&search_id=114132&scans_id=110198&peptide_id=3679&scanf=12621&charge=3&value=5,K.THLSLSHNPEQK.G,/core/www/modules/show_out/show_out_wrapper.php?run_id=110202&search_id=114132&scans_id=110198&peptide_id=3679&scanf=12621&charge=3&value=K.THLSLSHNPEQK.G,MTHFD1,3.525e+6,2.261,0.047,1.332,0.002
12624,3,"  2.881","  0.473",16/60,/core/www/modules//sdig/index.php?run_id=110202&search_id=114132&scans_id=110198&peptide_id=3682&scanf=12624&charge=3&value=16/60,sp|Q01831|XPC_HUMAN,/core/www/modules//consensus/?run_id=110202&search_id=114132&scans_id=110198&peptide_id=3682&scanf=12624&charge=3&value=sp|Q01831|XPC_HUMAN,0,/core/www/modules/match_peptides/blast_html4.php?run_id=110202&search_id=114132&scans_id=110198&peptide_id=3682&scanf=12624&charge=3&value=0,R.KDPSLPAASSSSSSSK.R,/core/www/modules/show_out/show_out_wrapper.php?run_id=110202&search_id=114132&scans_id=110198&peptide_id=3682&scanf=12624&charge=3&value=R.KDPSLPAASSSSSSSK.R,XPC,1.381e+6,2.618,0.014,1.845,0.000
12629,2,"  1.780","  0.448",9/22,/core/www/modules//sdig/index.php?run_id=110202&search_id=114132&scans_id=110198&peptide_id=3686&scanf=12629&charge=2&value=9/22,sp|P27694|RFA1_HUMAN,/core/www/modules//consensus/?run_id=110202&search_id=114132&scans_id=110198&peptide_id=3686&scanf=12629&charge=2&value=sp|P27694|RFA1_HUMAN,1,/core/www/modules/match_peptides/blast_html4.php?run_id=110202&search_id=114132&scans_id=110198&peptide_id=3686&scanf=12629&charge=2&value=1,K.SGGVGGSNTNWK.T,/core/www/modules/show_out/show_out_wrapper.php?run_id=110202&search_id=114132&scans_id=110198&peptide_id=3686&scanf=12629&charge=2&value=K.SGGVGGSNTNWK.T,RPA1,2.992e+6,2.486,0.022,1.653,0.001
12630,2,"  2.121","  0.169",6/14,/core/www/modules//sdig/index.php?run_id=110202&search_id=114132&scans_id=110198&peptide_id=3688&scanf=12630&charge=2&value=6/14,sp|P16435|NCPR_HUMAN,/core/www/modules//consensus/?run_id=110202&search_id=114132&scans_id=110198&peptide_id=3688&scanf=12630&charge=2&value=sp|P16435|NCPR_HUMAN,2,/core/www/modules/match_peptides/blast_html4.php?run_id=110202&search_id=114132&scans_id=110198&peptide_id=3688&scanf=12630&charge=2&value=2,R.LEQLGAQR.I,/core/www/modules/show_out/show_out_wrapper.php?run_id=110202&search_id=114132&scans_id=110198&peptide_id=3688&scanf=12630&charge=2&value=R.LEQLGAQR.I,POR,3.327e+7,1.887,0.149,0.826,0.007
12634,2,"  2.451","  0.411",8/24,/core/www/modules//sdig/index.php?run_id=110202&search_id=114132&scans_id=110198&peptide_id=3692&scanf=12634&charge=2&value=8/24,sp|Q9H307|PININ_HUMAN,/core/www/modules//consensus/?run_id=110202&search_id=114132&scans_id=110198&peptide_id=3692&scanf=12634&charge=2&value=sp|Q9H307|PININ_HUMAN,0,/core/www/modules/match_peptides/blast_html4.php?run_id=110202&search_id=114132&scans_id=110198&peptide_id=3692&scanf=12634&charge=2&value=0,R.VESVEPSENEASK.E,/core/www/modules/show_out/show_out_wrapper.php?run_id=110202&search_id=114132&scans_id=110198&peptide_id=3692&scanf=12634&charge=2&value=R.VESVEPSENEASK.E,PNN,4.089e+6,2.529,0.019,1.717,0.000
12639,3,"  2.749","  0.303",8/40,/core/www/modules//sdig/index.php?run_id=110202&search_id=114132&scans_id=110198&peptide_id=3697&scanf=12639&charge=3&value=8/40,sp|P40938|RFC3_HUMAN,/core/www/modules//consensus/?run_id=110202&search_id=114132&scans_id=110198&peptide_id=3697&scanf=12639&charge=3&value=sp|P40938|RFC3_HUMAN,0,/core/www/modules/match_peptides/blast_html4.php?run_id=110202&search_id=114132&scans_id=110198&peptide_id=3697&scanf=12639&charge=3&value=0,R.IEHQTITTPSK.K,/core/www/modules/show_out/show_out_wrapper.php?run_id=110202&search_id=114132&scans_id=110198&peptide_id=3697&scanf=12639&charge=3&value=R.IEHQTITTPSK.K,RFC3,1.631e+7,2.478,0.023,1.642,0.001
12642,2,"  1.527","  0.259",9/16,/core/www/modules//sdig/index.php?run_id=110202&search_id=114132&scans_id=110198&peptide_id=3701&scanf=12642&charge=2&value=9/16,sp|P63279|UBC9_HUMAN,/core/www/modules//consensus/?run_id=110202&search_id=114132&scans_id=110198&peptide_id=3701&scanf=12642&charge=2&value=sp|P63279|UBC9_HUMAN,3,/core/www/modules/match_peptides/blast_html4.php?run_id=110202&search_id=114132&scans_id=110198&peptide_id=3701&scanf=12642&charge=2&value=3,K.DDYPSSPPK.C,/core/www/modules/show_out/show_out_wrapper.php?run_id=110202&search_id=114132&scans_id=110198&peptide_id=3701&scanf=12642&charge=2&value=K.DDYPSSPPK.C,UBE2I,5.388e+6,2.355,0.034,1.465,0.001
12643,3,"  5.726","  0.560",22/52,/core/www/modules//sdig/index.php?run_id=110202&search_id=114132&scans_id=110198&peptide_id=3702&scanf=12643&charge=3&value=22/52,sp|Q5T280|CI114_HUMAN,/core/www/modules//consensus/?run_id=110202&search_id=114132&scans_id=110198&peptide_id=3702&scanf=12643&charge=3&value=sp|Q5T280|CI114_HUMAN,0,/core/www/modules/match_peptides/blast_html4.php?run_id=110202&search_id=114132&scans_id=110198&peptide_id=3702&scanf=12643&charge=3&value=0,K.RLEEEEAAAEKEDR.G,/core/www/modules/show_out/show_out_wrapper.php?run_id=110202&search_id=114132&scans_id=110198&peptide_id=3702&scanf=12643&charge=3&value=K.RLEEEEAAAEKEDR.G,SPOUT1,1.366e+7,3.146,0.002,2.624,0.000
12644,2,"  1.978","  0.310",8/18,/core/www/modules//sdig/index.php?run_id=110202&search_id=114132&scans_id=110198&peptide_id=3703&scanf=12644&charge=2&value=8/18,sp|Q9H7B2|RPF2_HUMAN,/core/www/modules//consensus/?run_id=110202&search_id=114132&scans_id=110198&peptide_id=3703&scanf=12644&charge=2&value=sp|Q9H7B2|RPF2_HUMAN,1,/core/www/modules/match_peptides/blast_html4.php?run_id=110202&search_id=114132&scans_id=110198&peptide_id=3703&scanf=12644&charge=2&value=1,K.KRPNNLVIGR.M,/core/www/modules/show_out/show_out_wrapper.php?run_id=110202&search_id=114132&scans_id=110198&peptide_id=3703&scanf=12644&charge=2&value=K.KRPNNLVIGR.M,RPF2,5.742e+6,2.111,0.076,1.121,0.002
12647,2,"  1.831","  0.418",8/14,/core/www/modules//sdig/index.php?run_id=110202&search_id=114132&scans_id=110198&peptide_id=3705&scanf=12647&charge=2&value=8/14,sp|P19338|NUCL_HUMAN,/core/www/modules//consensus/?run_id=110202&search_id=114132&scans_id=110198&peptide_id=3705&scanf=12647&charge=2&value=sp|P19338|NUCL_HUMAN,7,/core/www/modules/match_peptides/blast_html4.php?run_id=110202&search_id=114132&scans_id=110198&peptide_id=3705&scanf=12647&charge=2&value=7,K.ESFDGSVR.A,/core/www/modules/show_out/show_out_wrapper.php?run_id=110202&search_id=114132&scans_id=110198&peptide_id=3705&scanf=12647&charge=2&value=K.ESFDGSVR.A,NCL,2.120e+8,3.176,0.002,2.668,0.000
12648,2,"  2.188","  0.198",10/16,/core/www/modules//sdig/index.php?run_id=110202&search_id=114132&scans_id=110198&peptide_id=3706&scanf=12648&charge=2&value=10/16,sp|Q14980|NUMA1_HUMAN,/core/www/modules//consensus/?run_id=110202&search_id=114132&scans_id=110198&peptide_id=3706&scanf=12648&charge=2&value=sp|Q14980|NUMA1_HUMAN,0,/core/www/modules/match_peptides/blast_html4.php?run_id=110202&search_id=114132&scans_id=110198&peptide_id=3706&scanf=12648&charge=2&value=0,R.LQNALNEQR.V,/core/www/modules/show_out/show_out_wrapper.php?run_id=110202&search_id=114132&scans_id=110198&peptide_id=3706&scanf=12648&charge=2&value=R.LQNALNEQR.V,NUMA1,1.116e+7,2.533,0.019,1.721,0.000
12651,2,"  2.377","  0.234",11/12,/core/www/modules//sdig/index.php?run_id=110202&search_id=114132&scans_id=110198&peptide_id=3709&scanf=12651&charge=2&value=11/12,sp|Q13813|SPTN1_HUMAN,/core/www/modules//consensus/?run_id=110202&search_id=114132&scans_id=110198&peptide_id=3709&scanf=12651&charge=2&value=sp|Q13813|SPTN1_HUMAN,2,/core/www/modules/match_peptides/blast_html4.php?run_id=110202&search_id=114132&scans_id=110198&peptide_id=3709&scanf=12651&charge=2&value=2,K.KFDDFQK.D,/core/www/modules/show_out/show_out_wrapper.php?run_id=110202&search_id=114132&scans_id=110198&peptide_id=3709&scanf=12651&charge=2&value=K.KFDDFQK.D,SPTAN1,4.731e+6,2.757,0.009,2.050,0.000
12658,2,"  2.559","  0.530",12/16,/core/www/modules//sdig/index.php?run_id=110202&search_id=114132&scans_id=110198&peptide_id=3716&scanf=12658&charge=2&value=12/16,sp|Q9HCS7|SYF1_HUMAN,/core/www/modules//consensus/?run_id=110202&search_id=114132&scans_id=110198&peptide_id=3716&scanf=12658&charge=2&value=sp|Q9HCS7|SYF1_HUMAN,0,/core/www/modules/match_peptides/blast_html4.php?run_id=110202&search_id=114132&scans_id=110198&peptide_id=3716&scanf=12658&charge=2&value=0,R.HENYDEALR.L,/core/www/modules/show_out/show_out_wrapper.php?run_id=110202&search_id=114132&scans_id=110198&peptide_id=3716&scanf=12658&charge=2&value=R.HENYDEALR.L,XAB2,5.365e+6,3.632,0.000,3.344,0.000
12669,2,"  1.379","  0.183",7/14,/core/www/modules//sdig/index.php?run_id=110202&search_id=114132&scans_id=110198&peptide_id=3727&scanf=12669&charge=2&value=7/14,sp|P62888|RL30_HUMAN,/core/www/modules//consensus/?run_id=110202&search_id=114132&scans_id=110198&peptide_id=3727&scanf=12669&charge=2&value=sp|P62888|RL30_HUMAN,3,/core/www/modules/match_peptides/blast_html4.php?run_id=110202&search_id=114132&scans_id=110198&peptide_id=3727&scanf=12669&charge=2&value=3,K.SLESINSR.L,/core/www/modules/show_out/show_out_wrapper.php?run_id=110202&search_id=114132&scans_id=110198&peptide_id=3727&scanf=12669&charge=2&value=K.SLESINSR.L,RPL30,9.432e+7,2.104,0.077,1.113,0.003
12674,3,"  2.251","  0.193",8/36,/core/www/modules//sdig/index.php?run_id=110202&search_id=114132&scans_id=110198&peptide_id=3733&scanf=12674&charge=3&value=8/36,sp|Q14152|EIF3A_HUMAN,/core/www/modules//consensus/?run_id=110202&search_id=114132&scans_id=110198&peptide_id=3733&scanf=12674&charge=3&value=sp|Q14152|EIF3A_HUMAN,0,/core/www/modules/match_peptides/blast_html4.php?run_id=110202&search_id=114132&scans_id=110198&peptide_id=3733&scanf=12674&charge=3&value=0,R.GADDDRPSWR.N,/core/www/modules/show_out/show_out_wrapper.php?run_id=110202&search_id=114132&scans_id=110198&peptide_id=3733&scanf=12674&charge=3&value=R.GADDDRPSWR.N,EIF3A,2.824e+6,2.170,0.063,1.204,0.002
12676,2,"  3.768","  0.542",15/22,/core/www/modules//sdig/index.php?run_id=110202&search_id=114132&scans_id=110198&peptide_id=3735&scanf=12676&charge=2&value=15/22,sp|P42166|LAP2A_HUMAN,/core/www/modules//consensus/?run_id=110202&search_id=114132&scans_id=110198&peptide_id=3735&scanf=12676&charge=2&value=sp|P42166|LAP2A_HUMAN,2,/core/www/modules/match_peptides/blast_html4.php?run_id=110202&search_id=114132&scans_id=110198&peptide_id=3735&scanf=12676&charge=2&value=2,R.NRPPLPAGTNSK.G,/core/www/modules/show_out/show_out_wrapper.php?run_id=110202&search_id=114132&scans_id=110198&peptide_id=3735&scanf=12676&charge=2&value=R.NRPPLPAGTNSK.G,TMPO,3.520e+6,3.599,0.001,3.295,0.000
12678,2,"  1.915","  0.196",7/12,/core/www/modules//sdig/index.php?run_id=110202&search_id=114132&scans_id=110198&peptide_id=3737&scanf=12678&charge=2&value=7/12,sp|Q9NWT1|PK1IP_HUMAN,/core/www/modules//consensus/?run_id=110202&search_id=114132&scans_id=110198&peptide_id=3737&scanf=12678&charge=2&value=sp|Q9NWT1|PK1IP_HUMAN,0,/core/www/modules/match_peptides/blast_html4.php?run_id=110202&search_id=114132&scans_id=110198&peptide_id=3737&scanf=12678&charge=2&value=0,R.FVVTGSK.D,/core/www/modules/show_out/show_out_wrapper.php?run_id=110202&search_id=114132&scans_id=110198&peptide_id=3737&scanf=12678&charge=2&value=R.FVVTGSK.D,PAK1IP1,8.816e+6,2.291,0.042,1.373,0.001
12682,3,"  4.003","  0.570",17/56,/core/www/modules//sdig/index.php?run_id=110202&search_id=114132&scans_id=110198&peptide_id=3742&scanf=12682&charge=3&value=17/56,sp|P49916|DNLI3_HUMAN,/core/www/modules//consensus/?run_id=110202&search_id=114132&scans_id=110198&peptide_id=3742&scanf=12682&charge=3&value=sp|P49916|DNLI3_HUMAN,1,/core/www/modules/match_peptides/blast_html4.php?run_id=110202&search_id=114132&scans_id=110198&peptide_id=3742&scanf=12682&charge=3&value=1,R.VLHNAQEVEKEPGQR.R,/core/www/modules/show_out/show_out_wrapper.php?run_id=110202&search_id=114132&scans_id=110198&peptide_id=3742&scanf=12682&charge=3&value=R.VLHNAQEVEKEPGQR.R,LIG3,3.268e+6,3.134,0.002,2.607,0.000
12685,3,"  2.808","  0.456",8/64,/core/www/modules//sdig/index.php?run_id=110202&search_id=114132&scans_id=110198&peptide_id=3745&scanf=12685&charge=3&value=8/64,sp|Q12873|CHD3_HUMAN,/core/www/modules//consensus/?run_id=110202&search_id=114132&scans_id=110198&peptide_id=3745&scanf=12685&charge=3&value=sp|Q12873|CHD3_HUMAN,1,/core/www/modules/match_peptides/blast_html4.php?run_id=110202&search_id=114132&scans_id=110198&peptide_id=3745&scanf=12685&charge=3&value=1,R.TPLEKEEAENQEEKPEK.N,/core/www/modules/show_out/show_out_wrapper.php?run_id=110202&search_id=114132&scans_id=110198&peptide_id=3745&scanf=12685&charge=3&value=R.TPLEKEEAENQEEKPEK.N,CHD3,1.473e+6,2.431,0.027,1.574,0.001
12689,2,"  1.783","  0.329",7/12,/core/www/modules//sdig/index.php?run_id=110202&search_id=114132&scans_id=110198&peptide_id=3748&scanf=12689&charge=2&value=7/12,sp|Q02878|RL6_HUMAN,/core/www/modules//consensus/?run_id=110202&search_id=114132&scans_id=110198&peptide_id=3748&scanf=12689&charge=2&value=sp|Q02878|RL6_HUMAN,0,/core/www/modules/match_peptides/blast_html4.php?run_id=110202&search_id=114132&scans_id=110198&peptide_id=3748&scanf=12689&charge=2&value=0,K.YEITEQR.K,/core/www/modules/show_out/show_out_wrapper.php?run_id=110202&search_id=114132&scans_id=110198&peptide_id=3748&scanf=12689&charge=2&value=K.YEITEQR.K,RPL6,1.048e+8,2.794,0.008,2.104,0.000
12690,2,"  2.305","  0.089",8/14,/core/www/modules//sdig/index.php?run_id=110202&search_id=114132&scans_id=110198&peptide_id=3750&scanf=12690&charge=2&value=8/14,sp|Q6IQ49|SDE2_HUMAN,/core/www/modules//consensus/?run_id=110202&search_id=114132&scans_id=110198&peptide_id=3750&scanf=12690&charge=2&value=sp|Q6IQ49|SDE2_HUMAN,0,/core/www/modules/match_peptides/blast_html4.php?run_id=110202&search_id=114132&scans_id=110198&peptide_id=3750&scanf=12690&charge=2&value=0,R.ALGAQIEK.T,/core/www/modules/show_out/show_out_wrapper.php?run_id=110202&search_id=114132&scans_id=110198&peptide_id=3750&scanf=12690&charge=2&value=R.ALGAQIEK.T,SDE2,2.389e+7,1.881,0.152,0.819,0.008
12692,3,"  3.018","  0.436",12/44,/core/www/modules//sdig/index.php?run_id=110202&search_id=114132&scans_id=110198&peptide_id=3752&scanf=12692&charge=3&value=12/44,sp|P51531|SMCA2_HUMAN,/core/www/modules//consensus/?run_id=110202&search_id=114132&scans_id=110198&peptide_id=3752&scanf=12692&charge=3&value=sp|P51531|SMCA2_HUMAN,14,/core/www/modules/match_peptides/blast_html4.php?run_id=110202&search_id=114132&scans_id=110198&peptide_id=3752&scanf=12692&charge=3&value=14,R.RLMAEDEEGYRK.L,/core/www/modules/show_out/show_out_wrapper.php?run_id=110202&search_id=114132&scans_id=110198&peptide_id=3752&scanf=12692&charge=3&value=R.RLMAEDEEGYRK.L,SMARCA2,9.861e+6,2.594,0.015,1.812,0.000
12699,2,"  1.685","  0.252",8/16,/core/www/modules//sdig/index.php?run_id=110202&search_id=114132&scans_id=110198&peptide_id=3759&scanf=12699&charge=2&value=8/16,sp|Q01780|EXOSX_HUMAN,/core/www/modules//consensus/?run_id=110202&search_id=114132&scans_id=110198&peptide_id=3759&scanf=12699&charge=2&value=sp|Q01780|EXOSX_HUMAN,0,/core/www/modules/match_peptides/blast_html4.php?run_id=110202&search_id=114132&scans_id=110198&peptide_id=3759&scanf=12699&charge=2&value=0,K.VSSQFDPNK.Q,/core/www/modules/show_out/show_out_wrapper.php?run_id=110202&search_id=114132&scans_id=110198&peptide_id=3759&scanf=12699&charge=2&value=K.VSSQFDPNK.Q,EXOSC10,1.925e+6,2.330,0.037,1.429,0.001
12710,2,"  1.794","  0.429",8/16,/core/www/modules//sdig/index.php?run_id=110202&search_id=114132&scans_id=110198&peptide_id=3771&scanf=12710&charge=2&value=8/16,sp|O76021|RL1D1_HUMAN,/core/www/modules//consensus/?run_id=110202&search_id=114132&scans_id=110198&peptide_id=3771&scanf=12710&charge=2&value=sp|O76021|RL1D1_HUMAN,1,/core/www/modules/match_peptides/blast_html4.php?run_id=110202&search_id=114132&scans_id=110198&peptide_id=3771&scanf=12710&charge=2&value=1,K.ALPASETPK.A,/core/www/modules/show_out/show_out_wrapper.php?run_id=110202&search_id=114132&scans_id=110198&peptide_id=3771&scanf=12710&charge=2&value=K.ALPASETPK.A,RSL1D1,5.603e+7,2.957,0.005,2.345,0.000
12712,3,"  2.218","  0.194",12/44,/core/www/modules//sdig/index.php?run_id=110202&search_id=114132&scans_id=110198&peptide_id=3773&scanf=12712&charge=3&value=12/44,sp|Q969G3|SMCE1_HUMAN,/core/www/modules//consensus/?run_id=110202&search_id=114132&scans_id=110198&peptide_id=3773&scanf=12712&charge=3&value=sp|Q969G3|SMCE1_HUMAN,12,/core/www/modules/match_peptides/blast_html4.php?run_id=110202&search_id=114132&scans_id=110198&peptide_id=3773&scanf=12712&charge=3&value=12,K.SRAEAALEEESR.Q,/core/www/modules/show_out/show_out_wrapper.php?run_id=110202&search_id=114132&scans_id=110198&peptide_id=3773&scanf=12712&charge=3&value=K.SRAEAALEEESR.Q,SMARCE1,1.077e+7,1.915,0.138,0.861,0.007
12714,2,"  1.462","  0.006",7/12,/core/www/modules//sdig/index.php?run_id=110202&search_id=114132&scans_id=110198&peptide_id=3775&scanf=12714&charge=2&value=7/12,sp|O60814|H2B1K_HUMAN,/core/www/modules//consensus/?run_id=110202&search_id=114132&scans_id=110198&peptide_id=3775&scanf=12714&charge=2&value=sp|O60814|H2B1K_HUMAN,14,/core/www/modules/match_peptides/blast_html4.php?run_id=110202&search_id=114132&scans_id=110198&peptide_id=3775&scanf=12714&charge=2&value=14,R.EIQTAVR.L,/core/www/modules/show_out/show_out_wrapper.php?run_id=110202&search_id=114132&scans_id=110198&peptide_id=3775&scanf=12714&charge=2&value=R.EIQTAVR.L,H2BC12,9.055e+8,1.851,0.166,0.780,0.009
12718,2,"  2.464","  0.430",11/20,/core/www/modules//sdig/index.php?run_id=110202&search_id=114132&scans_id=110198&peptide_id=3779&scanf=12718&charge=2&value=11/20,sp|Q15149|PLEC_HUMAN,/core/www/modules//consensus/?run_id=110202&search_id=114132&scans_id=110198&peptide_id=3779&scanf=12718&charge=2&value=sp|Q15149|PLEC_HUMAN,5,/core/www/modules/match_peptides/blast_html4.php?run_id=110202&search_id=114132&scans_id=110198&peptide_id=3779&scanf=12718&charge=2&value=5,K.EGVVGPELHHK.L,/core/www/modules/show_out/show_out_wrapper.php?run_id=110202&search_id=114132&scans_id=110198&peptide_id=3779&scanf=12718&charge=2&value=K.EGVVGPELHHK.L,PLEC,3.047e+6,3.453,0.001,3.079,0.000
12725,2,"  1.928","  0.529",11/20,/core/www/modules//sdig/index.php?run_id=110202&search_id=114132&scans_id=110198&peptide_id=3787&scanf=12725&charge=2&value=11/20,sp|P18583|SON_HUMAN,/core/www/modules//consensus/?run_id=110202&search_id=114132&scans_id=110198&peptide_id=3787&scanf=12725&charge=2&value=sp|P18583|SON_HUMAN,4,/core/www/modules/match_peptides/blast_html4.php?run_id=110202&search_id=114132&scans_id=110198&peptide_id=3787&scanf=12725&charge=2&value=4,K.EFPVSSGSQHR.K,/core/www/modules/show_out/show_out_wrapper.php?run_id=110202&search_id=114132&scans_id=110198&peptide_id=3787&scanf=12725&charge=2&value=K.EFPVSSGSQHR.K,SON,4.379e+6,3.352,0.001,2.928,0.000
12727,2,"  3.845","  0.644",18/24,/core/www/modules//sdig/index.php?run_id=110202&search_id=114132&scans_id=110198&peptide_id=3789&scanf=12727&charge=2&value=18/24,sp|O60832|DKC1_HUMAN,/core/www/modules//consensus/?run_id=110202&search_id=114132&scans_id=110198&peptide_id=3789&scanf=12727&charge=2&value=sp|O60832|DKC1_HUMAN,8,/core/www/modules/match_peptides/blast_html4.php?run_id=110202&search_id=114132&scans_id=110198&peptide_id=3789&scanf=12727&charge=2&value=8,K.HGKPTDSTPATWK.Q,/core/www/modules/show_out/show_out_wrapper.php?run_id=110202&search_id=114132&scans_id=110198&peptide_id=3789&scanf=12727&charge=2&value=K.HGKPTDSTPATWK.Q,DKC1,1.845e+6,3.958,0.000,3.828,0.000
12728,2,"  2.866","  0.519",12/18,/core/www/modules//sdig/index.php?run_id=110202&search_id=114132&scans_id=110198&peptide_id=3790&scanf=12728&charge=2&value=12/18,sp|P35998|PRS7_HUMAN,/core/www/modules//consensus/?run_id=110202&search_id=114132&scans_id=110198&peptide_id=3790&scanf=12728&charge=2&value=sp|P35998|PRS7_HUMAN,2,/core/www/modules/match_peptides/blast_html4.php?run_id=110202&search_id=114132&scans_id=110198&peptide_id=3790&scanf=12728&charge=2&value=2,K.IINADSEDPK.Y,/core/www/modules/show_out/show_out_wrapper.php?run_id=110202&search_id=114132&scans_id=110198&peptide_id=3790&scanf=12728&charge=2&value=K.IINADSEDPK.Y,PSMC2,1.911e+7,3.463,0.001,3.093,0.000
12731,2,"  1.346","  0.354",7/14,/core/www/modules//sdig/index.php?run_id=110202&search_id=114132&scans_id=110198&peptide_id=3793&scanf=12731&charge=2&value=7/14,sp|P20700|LMNB1_HUMAN,/core/www/modules//consensus/?run_id=110202&search_id=114132&scans_id=110198&peptide_id=3793&scanf=12731&charge=2&value=sp|P20700|LMNB1_HUMAN,2,/core/www/modules/match_peptides/blast_html4.php?run_id=110202&search_id=114132&scans_id=110198&peptide_id=3793&scanf=12731&charge=2&value=2,R.LVEVDSGR.Q,/core/www/modules/show_out/show_out_wrapper.php?run_id=110202&search_id=114132&scans_id=110198&peptide_id=3793&scanf=12731&charge=2&value=R.LVEVDSGR.Q,LMNB1,3.262e+7,2.688,0.011,1.948,0.000
12732,2,"  2.651","  0.138",9/14,/core/www/modules//sdig/index.php?run_id=110202&search_id=114132&scans_id=110198&peptide_id=3794&scanf=12732&charge=2&value=9/14,sp|P11387|TOP1_HUMAN,/core/www/modules//consensus/?run_id=110202&search_id=114132&scans_id=110198&peptide_id=3794&scanf=12732&charge=2&value=sp|P11387|TOP1_HUMAN,1,/core/www/modules/match_peptides/blast_html4.php?run_id=110202&search_id=114132&scans_id=110198&peptide_id=3794&scanf=12732&charge=2&value=1,K.LEVQATDR.E,/core/www/modules/show_out/show_out_wrapper.php?run_id=110202&search_id=114132&scans_id=110198&peptide_id=3794&scanf=12732&charge=2&value=K.LEVQATDR.E,TOP1,1.902e+7,2.304,0.041,1.392,0.001
12733,3,"  2.550","  0.515",15/40,/core/www/modules//sdig/index.php?run_id=110202&search_id=114132&scans_id=110198&peptide_id=3795&scanf=12733&charge=3&value=15/40,sp|P40938|RFC3_HUMAN,/core/www/modules//consensus/?run_id=110202&search_id=114132&scans_id=110198&peptide_id=3795&scanf=12733&charge=3&value=sp|P40938|RFC3_HUMAN,0,/core/www/modules/match_peptides/blast_html4.php?run_id=110202&search_id=114132&scans_id=110198&peptide_id=3795&scanf=12733&charge=3&value=0,R.IEHQTITTPSK.K,/core/www/modules/show_out/show_out_wrapper.php?run_id=110202&search_id=114132&scans_id=110198&peptide_id=3795&scanf=12733&charge=3&value=R.IEHQTITTPSK.K,RFC3,1.631e+7,3.428,0.001,3.042,0.000
12734,4,"  2.094","  0.284",14/72,/core/www/modules//sdig/index.php?run_id=110202&search_id=114132&scans_id=110198&peptide_id=3796&scanf=12734&charge=4&value=14/72,sp|P49959|MRE11_HUMAN,/core/www/modules//consensus/?run_id=110202&search_id=114132&scans_id=110198&peptide_id=3796&scanf=12734&charge=4&value=sp|P49959|MRE11_HUMAN,1,/core/www/modules/match_peptides/blast_html4.php?run_id=110202&search_id=114132&scans_id=110198&peptide_id=3796&scanf=12734&charge=4&value=1,R.LGNSHQPEKPLVR.L,/core/www/modules/show_out/show_out_wrapper.php?run_id=110202&search_id=114132&scans_id=110198&peptide_id=3796&scanf=12734&charge=4&value=R.LGNSHQPEKPLVR.L,MRE11,1.700e+7,2.786,0.008,2.093,0.000
12735,3,"  2.343","  0.282",11/32,/core/www/modules//sdig/index.php?run_id=110202&search_id=114132&scans_id=110198&peptide_id=3797&scanf=12735&charge=3&value=11/32,sp|Q14974|IMB1_HUMAN,/core/www/modules//consensus/?run_id=110202&search_id=114132&scans_id=110198&peptide_id=3797&scanf=12735&charge=3&value=sp|Q14974|IMB1_HUMAN,1,/core/www/modules/match_peptides/blast_html4.php?run_id=110202&search_id=114132&scans_id=110198&peptide_id=3797&scanf=12735&charge=3&value=1,K.EHIKNPDWR.Y,/core/www/modules/show_out/show_out_wrapper.php?run_id=110202&search_id=114132&scans_id=110198&peptide_id=3797&scanf=12735&charge=3&value=K.EHIKNPDWR.Y,KPNB1,3.549e+6,2.413,0.028,1.548,0.001
12736,2,"  3.031","  0.337",12/14,/core/www/modules//sdig/index.php?run_id=110202&search_id=114132&scans_id=110198&peptide_id=3798&scanf=12736&charge=2&value=12/14,sp|Q14839|CHD4_HUMAN,/core/www/modules//consensus/?run_id=110202&search_id=114132&scans_id=110198&peptide_id=3798&scanf=12736&charge=2&value=sp|Q14839|CHD4_HUMAN,17,/core/www/modules/match_peptides/blast_html4.php?run_id=110202&search_id=114132&scans_id=110198&peptide_id=3798&scanf=12736&charge=2&value=17,K.GHVHYLIK.W,/core/www/modules/show_out/show_out_wrapper.php?run_id=110202&search_id=114132&scans_id=110198&peptide_id=3798&scanf=12736&charge=2&value=K.GHVHYLIK.W,CHD4,6.542e+6,3.352,0.001,2.929,0.000
12743,2,"  3.558","  0.447",13/20,/core/www/modules//sdig/index.php?run_id=110202&search_id=114132&scans_id=110198&peptide_id=3806&scanf=12743&charge=2&value=13/20,sp|O00159|MYO1C_HUMAN,/core/www/modules//consensus/?run_id=110202&search_id=114132&scans_id=110198&peptide_id=3806&scanf=12743&charge=2&value=sp|O00159|MYO1C_HUMAN,1,/core/www/modules/match_peptides/blast_html4.php?run_id=110202&search_id=114132&scans_id=110198&peptide_id=3806&scanf=12743&charge=2&value=1,K.KRPETVATQFK.M,/core/www/modules/show_out/show_out_wrapper.php?run_id=110202&search_id=114132&scans_id=110198&peptide_id=3806&scanf=12743&charge=2&value=K.KRPETVATQFK.M,MYO1C,3.814e+6,2.976,0.004,2.372,0.000
12754,2,"  2.020","  0.260",8/16,/core/www/modules//sdig/index.php?run_id=110202&search_id=114132&scans_id=110198&peptide_id=3817&scanf=12754&charge=2&value=8/16,sp|Q10570|CPSF1_HUMAN,/core/www/modules//consensus/?run_id=110202&search_id=114132&scans_id=110198&peptide_id=3817&scanf=12754&charge=2&value=sp|Q10570|CPSF1_HUMAN,0,/core/www/modules/match_peptides/blast_html4.php?run_id=110202&search_id=114132&scans_id=110198&peptide_id=3817&scanf=12754&charge=2&value=0,R.SEETVSGLK.G,/core/www/modules/show_out/show_out_wrapper.php?run_id=110202&search_id=114132&scans_id=110198&peptide_id=3817&scanf=12754&charge=2&value=R.SEETVSGLK.G,CPSF1,4.721e+6,2.340,0.036,1.444,0.001
12758,2,"  1.427","  0.118",7/12,/core/www/modules//sdig/index.php?run_id=110202&search_id=114132&scans_id=110198&peptide_id=3821&scanf=12758&charge=2&value=7/12,sp|Q9H089|LSG1_HUMAN,/core/www/modules//consensus/?run_id=110202&search_id=114132&scans_id=110198&peptide_id=3821&scanf=12758&charge=2&value=sp|Q9H089|LSG1_HUMAN,1,/core/www/modules/match_peptides/blast_html4.php?run_id=110202&search_id=114132&scans_id=110198&peptide_id=3821&scanf=12758&charge=2&value=1,K.FVPAEAR.T,/core/www/modules/show_out/show_out_wrapper.php?run_id=110202&search_id=114132&scans_id=110198&peptide_id=3821&scanf=12758&charge=2&value=K.FVPAEAR.T,LSG1,4.923e+6,1.858,0.162,0.790,0.008
12761,2,"  1.910","  0.118",9/14,/core/www/modules//sdig/index.php?run_id=110202&search_id=114132&scans_id=110198&peptide_id=3825&scanf=12761&charge=2&value=9/14,sp|Q6UXN9|WDR82_HUMAN,/core/www/modules//consensus/?run_id=110202&search_id=114132&scans_id=110198&peptide_id=3825&scanf=12761&charge=2&value=sp|Q6UXN9|WDR82_HUMAN,0,/core/www/modules/match_peptides/blast_html4.php?run_id=110202&search_id=114132&scans_id=110198&peptide_id=3825&scanf=12761&charge=2&value=0,R.YLSLHDNK.Y,/core/www/modules/show_out/show_out_wrapper.php?run_id=110202&search_id=114132&scans_id=110198&peptide_id=3825&scanf=12761&charge=2&value=R.YLSLHDNK.Y,WDR82,7.637e+6,2.111,0.076,1.121,0.002
12762,3,"  2.991","  0.026",13/36,/core/www/modules//sdig/index.php?run_id=110202&search_id=114132&scans_id=110198&peptide_id=3826&scanf=12762&charge=3&value=13/36,sp|Q04917|1433F_HUMAN,/core/www/modules//consensus/?run_id=110202&search_id=114132&scans_id=110198&peptide_id=3826&scanf=12762&charge=3&value=sp|Q04917|1433F_HUMAN,1,/core/www/modules/match_peptides/blast_html4.php?run_id=110202&search_id=114132&scans_id=110198&peptide_id=3826&scanf=12762&charge=3&value=1,K.EQMQPTHPIR.L,/core/www/modules/show_out/show_out_wrapper.php?run_id=110202&search_id=114132&scans_id=110198&peptide_id=3826&scanf=12762&charge=3&value=K.EQMQPTHPIR.L,YWHAH,8.800e+6,1.824,0.179,0.747,0.010
12766,2,"  1.944","  0.275",8/20,/core/www/modules//sdig/index.php?run_id=110202&search_id=114132&scans_id=110198&peptide_id=3830&scanf=12766&charge=2&value=8/20,sp|O95251|KAT7_HUMAN,/core/www/modules//consensus/?run_id=110202&search_id=114132&scans_id=110198&peptide_id=3830&scanf=12766&charge=2&value=sp|O95251|KAT7_HUMAN,1,/core/www/modules/match_peptides/blast_html4.php?run_id=110202&search_id=114132&scans_id=110198&peptide_id=3830&scanf=12766&charge=2&value=1,R.SQQQPTPVTPK.K,/core/www/modules/show_out/show_out_wrapper.php?run_id=110202&search_id=114132&scans_id=110198&peptide_id=3830&scanf=12766&charge=2&value=R.SQQQPTPVTPK.K,KAT7,2.437e+6,2.181,0.060,1.218,0.002
12767,2,"  1.529","  0.252",7/12,/core/www/modules//sdig/index.php?run_id=110202&search_id=114132&scans_id=110198&peptide_id=3831&scanf=12767&charge=2&value=7/12,sp|Q8NFW8|NEUA_HUMAN,/core/www/modules//consensus/?run_id=110202&search_id=114132&scans_id=110198&peptide_id=3831&scanf=12767&charge=2&value=sp|Q8NFW8|NEUA_HUMAN,0,/core/www/modules/match_peptides/blast_html4.php?run_id=110202&search_id=114132&scans_id=110198&peptide_id=3831&scanf=12767&charge=2&value=0,K.QTLSSLK.L,/core/www/modules/show_out/show_out_wrapper.php?run_id=110202&search_id=114132&scans_id=110198&peptide_id=3831&scanf=12767&charge=2&value=K.QTLSSLK.L,CMAS,9.494e+6,2.509,0.021,1.687,0.000
12770,2,"  1.857","  0.065",7/14,/core/www/modules//sdig/index.php?run_id=110202&search_id=114132&scans_id=110198&peptide_id=3835&scanf=12770&charge=2&value=7/14,sp|P02545|LMNA_HUMAN,/core/www/modules//consensus/?run_id=110202&search_id=114132&scans_id=110198&peptide_id=3835&scanf=12770&charge=2&value=sp|P02545|LMNA_HUMAN,8,/core/www/modules/match_peptides/blast_html4.php?run_id=110202&search_id=114132&scans_id=110198&peptide_id=3835&scanf=12770&charge=2&value=8,K.LLEGEEER.L,/core/www/modules/show_out/show_out_wrapper.php?run_id=110202&search_id=114132&scans_id=110198&peptide_id=3835&scanf=12770&charge=2&value=K.LLEGEEER.L,LMNA,1.100e+8,1.846,0.168,0.775,0.009
12773,2,"  2.350","  0.355",8/16,/core/www/modules//sdig/index.php?run_id=110202&search_id=114132&scans_id=110198&peptide_id=3837&scanf=12773&charge=2&value=8/16,sp|P26599|PTBP1_HUMAN,/core/www/modules//consensus/?run_id=110202&search_id=114132&scans_id=110198&peptide_id=3837&scanf=12773&charge=2&value=sp|P26599|PTBP1_HUMAN,6,/core/www/modules/match_peptides/blast_html4.php?run_id=110202&search_id=114132&scans_id=110198&peptide_id=3837&scanf=12773&charge=2&value=6,K.DYGNSPLHR.F,/core/www/modules/show_out/show_out_wrapper.php?run_id=110202&search_id=114132&scans_id=110198&peptide_id=3837&scanf=12773&charge=2&value=K.DYGNSPLHR.F,PTBP1,9.749e+7,2.690,0.011,1.952,0.000
12776,2,"  4.080","  0.754",18/28,/core/www/modules//sdig/index.php?run_id=110202&search_id=114132&scans_id=110198&peptide_id=3840&scanf=12776&charge=2&value=18/28,sp|P35579|MYH9_HUMAN,/core/www/modules//consensus/?run_id=110202&search_id=114132&scans_id=110198&peptide_id=3840&scanf=12776&charge=2&value=sp|P35579|MYH9_HUMAN,3,/core/www/modules/match_peptides/blast_html4.php?run_id=110202&search_id=114132&scans_id=110198&peptide_id=3840&scanf=12776&charge=2&value=3,R.NTDQASMPDNTAAQK.V,/core/www/modules/show_out/show_out_wrapper.php?run_id=110202&search_id=114132&scans_id=110198&peptide_id=3840&scanf=12776&charge=2&value=R.NTDQASMPDNTAAQK.V,MYH9,4.642e+6,4.212,0.000,4.205,0.000
12777,3,"  2.620","  0.480",12/68,/core/www/modules//sdig/index.php?run_id=110202&search_id=114132&scans_id=110198&peptide_id=3841&scanf=12777&charge=3&value=12/68,sp|Q96ME7|ZN512_HUMAN,/core/www/modules//consensus/?run_id=110202&search_id=114132&scans_id=110198&peptide_id=3841&scanf=12777&charge=3&value=sp|Q96ME7|ZN512_HUMAN,1,/core/www/modules/match_peptides/blast_html4.php?run_id=110202&search_id=114132&scans_id=110198&peptide_id=3841&scanf=12777&charge=3&value=1,R.IKPAATSHVEGSGGVSAK.G,/core/www/modules/show_out/show_out_wrapper.php?run_id=110202&search_id=114132&scans_id=110198&peptide_id=3841&scanf=12777&charge=3&value=R.IKPAATSHVEGSGGVSAK.G,ZNF512,3.686e+6,2.761,0.009,2.056,0.000
12778,2,"  1.880","  0.283",9/14,/core/www/modules//sdig/index.php?run_id=110202&search_id=114132&scans_id=110198&peptide_id=3842&scanf=12778&charge=2&value=9/14,sp|P50991|TCPD_HUMAN,/core/www/modules//consensus/?run_id=110202&search_id=114132&scans_id=110198&peptide_id=3842&scanf=12778&charge=2&value=sp|P50991|TCPD_HUMAN,0,/core/www/modules/match_peptides/blast_html4.php?run_id=110202&search_id=114132&scans_id=110198&peptide_id=3842&scanf=12778&charge=2&value=0,R.FSNISAAK.A,/core/www/modules/show_out/show_out_wrapper.php?run_id=110202&search_id=114132&scans_id=110198&peptide_id=3842&scanf=12778&charge=2&value=R.FSNISAAK.A,CCT4,2.124e+7,2.655,0.013,1.900,0.000
12780,2,"  1.879","  0.176",8/14,/core/www/modules//sdig/index.php?run_id=110202&search_id=114132&scans_id=110198&peptide_id=3844&scanf=12780&charge=2&value=8/14,sp|Q8NE71|ABCF1_HUMAN,/core/www/modules//consensus/?run_id=110202&search_id=114132&scans_id=110198&peptide_id=3844&scanf=12780&charge=2&value=sp|Q8NE71|ABCF1_HUMAN,3,/core/www/modules/match_peptides/blast_html4.php?run_id=110202&search_id=114132&scans_id=110198&peptide_id=3844&scanf=12780&charge=2&value=3,K.FSISAHGK.E,/core/www/modules/show_out/show_out_wrapper.php?run_id=110202&search_id=114132&scans_id=110198&peptide_id=3844&scanf=12780&charge=2&value=K.FSISAHGK.E,ABCF1,5.246e+6,2.192,0.058,1.234,0.002
12782,2,"  1.894","  0.201",7/12,/core/www/modules//sdig/index.php?run_id=110202&search_id=114132&scans_id=110198&peptide_id=3846&scanf=12782&charge=2&value=7/12,sp|O00232|PSD12_HUMAN,/core/www/modules//consensus/?run_id=110202&search_id=114132&scans_id=110198&peptide_id=3846&scanf=12782&charge=2&value=sp|O00232|PSD12_HUMAN,0,/core/www/modules/match_peptides/blast_html4.php?run_id=110202&search_id=114132&scans_id=110198&peptide_id=3846&scanf=12782&charge=2&value=0,K.KLEEIPK.Y,/core/www/modules/show_out/show_out_wrapper.php?run_id=110202&search_id=114132&scans_id=110198&peptide_id=3846&scanf=12782&charge=2&value=K.KLEEIPK.Y,PSMD12,7.198e+6,2.046,0.092,1.034,0.004
12787,3,"  3.091","  0.126",8/40,/core/www/modules//sdig/index.php?run_id=110202&search_id=114132&scans_id=110198&peptide_id=3851&scanf=12787&charge=3&value=8/40,sp|P23246|SFPQ_HUMAN,/core/www/modules//consensus/?run_id=110202&search_id=114132&scans_id=110198&peptide_id=3851&scanf=12787&charge=3&value=sp|P23246|SFPQ_HUMAN,2,/core/www/modules/match_peptides/blast_html4.php?run_id=110202&search_id=114132&scans_id=110198&peptide_id=3851&scanf=12787&charge=3&value=2,R.MEELHNQEMQK.R,/core/www/modules/show_out/show_out_wrapper.php?run_id=110202&search_id=114132&scans_id=110198&peptide_id=3851&scanf=12787&charge=3&value=R.MEELHNQEMQK.R,SFPQ,1.537e+7,1.934,0.130,0.885,0.006
12794,2,"  3.225","  0.637",14/20,/core/www/modules//sdig/index.php?run_id=110202&search_id=114132&scans_id=110198&peptide_id=3858&scanf=12794&charge=2&value=14/20,sp|P84090|ERH_HUMAN,/core/www/modules//consensus/?run_id=110202&search_id=114132&scans_id=110198&peptide_id=3858&scanf=12794&charge=2&value=sp|P84090|ERH_HUMAN,0,/core/www/modules/match_peptides/blast_html4.php?run_id=110202&search_id=114132&scans_id=110198&peptide_id=3858&scanf=12794&charge=2&value=0,R.ADTQTYQPYNK.D,/core/www/modules/show_out/show_out_wrapper.php?run_id=110202&search_id=114132&scans_id=110198&peptide_id=3858&scanf=12794&charge=2&value=R.ADTQTYQPYNK.D,ERH,4.008e+7,3.859,0.000,3.680,0.000
12796,2,"  1.963","  0.353",11/18,/core/www/modules//sdig/index.php?run_id=110202&search_id=114132&scans_id=110198&peptide_id=3860&scanf=12796&charge=2&value=11/18,sp|P58107|EPIPL_HUMAN,/core/www/modules//consensus/?run_id=110202&search_id=114132&scans_id=110198&peptide_id=3860&scanf=12796&charge=2&value=sp|P58107|EPIPL_HUMAN,8,/core/www/modules/match_peptides/blast_html4.php?run_id=110202&search_id=114132&scans_id=110198&peptide_id=3860&scanf=12796&charge=2&value=8,R.VLADPSDDTK.G,/core/www/modules/show_out/show_out_wrapper.php?run_id=110202&search_id=114132&scans_id=110198&peptide_id=3860&scanf=12796&charge=2&value=R.VLADPSDDTK.G,EPPK1,1.885e+7,2.724,0.010,2.002,0.000
12798,3,"  2.151","  0.396",10/36,/core/www/modules//sdig/index.php?run_id=110202&search_id=114132&scans_id=110198&peptide_id=3862&scanf=12798&charge=3&value=10/36,sp|P11021|BIP_HUMAN,/core/www/modules//consensus/?run_id=110202&search_id=114132&scans_id=110198&peptide_id=3862&scanf=12798&charge=3&value=sp|P11021|BIP_HUMAN,1,/core/www/modules/match_peptides/blast_html4.php?run_id=110202&search_id=114132&scans_id=110198&peptide_id=3862&scanf=12798&charge=3&value=1,K.VYEGERPLTK.D,/core/www/modules/show_out/show_out_wrapper.php?run_id=110202&search_id=114132&scans_id=110198&peptide_id=3862&scanf=12798&charge=3&value=K.VYEGERPLTK.D,HSPA5,2.386e+7,2.934,0.005,2.311,0.000
12799,2,"  1.798","  0.307",7/12,/core/www/modules//sdig/index.php?run_id=110202&search_id=114132&scans_id=110198&peptide_id=3863&scanf=12799&charge=2&value=7/12,sp|Q6P1J9|CDC73_HUMAN,/core/www/modules//consensus/?run_id=110202&search_id=114132&scans_id=110198&peptide_id=3863&scanf=12799&charge=2&value=sp|Q6P1J9|CDC73_HUMAN,2,/core/www/modules/match_peptides/blast_html4.php?run_id=110202&search_id=114132&scans_id=110198&peptide_id=3863&scanf=12799&charge=2&value=2,R.VVDQPLK.L,/core/www/modules/show_out/show_out_wrapper.php?run_id=110202&search_id=114132&scans_id=110198&peptide_id=3863&scanf=12799&charge=2&value=R.VVDQPLK.L,CDC73,8.394e+6,2.692,0.011,1.954,0.000
12800,2,"  1.381","  0.278",7/18,/core/www/modules//sdig/index.php?run_id=110202&search_id=114132&scans_id=110198&peptide_id=3865&scanf=12800&charge=2&value=7/18,sp|Q7L2J0|MEPCE_HUMAN,/core/www/modules//consensus/?run_id=110202&search_id=114132&scans_id=110198&peptide_id=3865&scanf=12800&charge=2&value=sp|Q7L2J0|MEPCE_HUMAN,0,/core/www/modules/match_peptides/blast_html4.php?run_id=110202&search_id=114132&scans_id=110198&peptide_id=3865&scanf=12800&charge=2&value=0,R.AAPPDVGEER.R,/core/www/modules/show_out/show_out_wrapper.php?run_id=110202&search_id=114132&scans_id=110198&peptide_id=3865&scanf=12800&charge=2&value=R.AAPPDVGEER.R,MEPCE,1.074e+7,2.156,0.065,1.184,0.002
12803,2,"  1.369","  0.410",8/12,/core/www/modules//sdig/index.php?run_id=110202&search_id=114132&scans_id=110198&peptide_id=3868&scanf=12803&charge=2&value=8/12,sp|Q13595|TRA2A_HUMAN,/core/www/modules//consensus/?run_id=110202&search_id=114132&scans_id=110198&peptide_id=3868&scanf=12803&charge=2&value=sp|Q13595|TRA2A_HUMAN,0,/core/www/modules/match_peptides/blast_html4.php?run_id=110202&search_id=114132&scans_id=110198&peptide_id=3868&scanf=12803&charge=2&value=0,R.YEDYDYR.Y,/core/www/modules/show_out/show_out_wrapper.php?run_id=110202&search_id=114132&scans_id=110198&peptide_id=3868&scanf=12803&charge=2&value=R.YEDYDYR.Y,TRA2A,3.215e+7,3.107,0.003,2.566,0.000
12804,3,"  2.609","  0.458",11/36,/core/www/modules//sdig/index.php?run_id=110202&search_id=114132&scans_id=110198&peptide_id=3869&scanf=12804&charge=3&value=11/36,sp|P55809|SCOT1_HUMAN,/core/www/modules//consensus/?run_id=110202&search_id=114132&scans_id=110198&peptide_id=3869&scanf=12804&charge=3&value=sp|P55809|SCOT1_HUMAN,1,/core/www/modules/match_peptides/blast_html4.php?run_id=110202&search_id=114132&scans_id=110198&peptide_id=3869&scanf=12804&charge=3&value=1,K.VVVTMEHSAK.G,/core/www/modules/show_out/show_out_wrapper.php?run_id=110202&search_id=114132&scans_id=110198&peptide_id=3869&scanf=12804&charge=3&value=K.VVVTMEHSAK.G,OXCT1,5.094e+6,3.135,0.002,2.608,0.000
12808,3,"  1.638","  0.216",7/32,/core/www/modules//sdig/index.php?run_id=110202&search_id=114132&scans_id=110198&peptide_id=3873&scanf=12808&charge=3&value=7/32,sp|Q12888|TP53B_HUMAN,/core/www/modules//consensus/?run_id=110202&search_id=114132&scans_id=110198&peptide_id=3873&scanf=12808&charge=3&value=sp|Q12888|TP53B_HUMAN,2,/core/www/modules/match_peptides/blast_html4.php?run_id=110202&search_id=114132&scans_id=110198&peptide_id=3873&scanf=12808&charge=3&value=2,R.HLPNLQTHK.E,/core/www/modules/show_out/show_out_wrapper.php?run_id=110202&search_id=114132&scans_id=110198&peptide_id=3873&scanf=12808&charge=3&value=R.HLPNLQTHK.E,TP53BP1,8.072e+6,2.199,0.057,1.244,0.002
12817,2,"  1.975","  0.347",8/14,/core/www/modules//sdig/index.php?run_id=110202&search_id=114132&scans_id=110198&peptide_id=3882&scanf=12817&charge=2&value=8/14,sp|Q86WB0|ZC3C1_HUMAN,/core/www/modules//consensus/?run_id=110202&search_id=114132&scans_id=110198&peptide_id=3882&scanf=12817&charge=2&value=sp|Q86WB0|ZC3C1_HUMAN,1,/core/www/modules/match_peptides/blast_html4.php?run_id=110202&search_id=114132&scans_id=110198&peptide_id=3882&scanf=12817&charge=2&value=1,K.SPGPIVSR.T,/core/www/modules/show_out/show_out_wrapper.php?run_id=110202&search_id=114132&scans_id=110198&peptide_id=3882&scanf=12817&charge=2&value=K.SPGPIVSR.T,ZC3HC1,2.982e+6,2.729,0.010,2.009,0.000
12819,2,"  2.114","  0.273",8/12,/core/www/modules//sdig/index.php?run_id=110202&search_id=114132&scans_id=110198&peptide_id=3884&scanf=12819&charge=2&value=8/12,sp|Q9NR28|DBLOH_HUMAN,/core/www/modules//consensus/?run_id=110202&search_id=114132&scans_id=110198&peptide_id=3884&scanf=12819&charge=2&value=sp|Q9NR28|DBLOH_HUMAN,1,/core/www/modules/match_peptides/blast_html4.php?run_id=110202&search_id=114132&scans_id=110198&peptide_id=3884&scanf=12819&charge=2&value=1,R.NHIQLVK.L,/core/www/modules/show_out/show_out_wrapper.php?run_id=110202&search_id=114132&scans_id=110198&peptide_id=3884&scanf=12819&charge=2&value=R.NHIQLVK.L,DIABLO,3.166e+7,2.641,0.013,1.880,0.000
12820,3,"  2.155","  0.259",9/40,/core/www/modules//sdig/index.php?run_id=110202&search_id=114132&scans_id=110198&peptide_id=3886&scanf=12820&charge=3&value=9/40,sp|O75083|WDR1_HUMAN,/core/www/modules//consensus/?run_id=110202&search_id=114132&scans_id=110198&peptide_id=3886&scanf=12820&charge=3&value=sp|O75083|WDR1_HUMAN,7,/core/www/modules/match_peptides/blast_html4.php?run_id=110202&search_id=114132&scans_id=110198&peptide_id=3886&scanf=12820&charge=3&value=7,R.NNPSKPLHVIK.G,/core/www/modules/show_out/show_out_wrapper.php?run_id=110202&search_id=114132&scans_id=110198&peptide_id=3886&scanf=12820&charge=3&value=R.NNPSKPLHVIK.G,WDR1,5.011e+6,2.192,0.058,1.234,0.002
12844,3,"  2.257","  0.216",12/36,/core/www/modules//sdig/index.php?run_id=110202&search_id=114132&scans_id=110198&peptide_id=3911&scanf=12844&charge=3&value=12/36,sp|O43707|ACTN4_HUMAN,/core/www/modules//consensus/?run_id=110202&search_id=114132&scans_id=110198&peptide_id=3911&scanf=12844&charge=3&value=sp|O43707|ACTN4_HUMAN,21,/core/www/modules/match_peptides/blast_html4.php?run_id=110202&search_id=114132&scans_id=110198&peptide_id=3911&scanf=12844&charge=3&value=21,K.HTNYTMEHIR.V,/core/www/modules/show_out/show_out_wrapper.php?run_id=110202&search_id=114132&scans_id=110198&peptide_id=3911&scanf=12844&charge=3&value=K.HTNYTMEHIR.V,ACTN4,2.386e+8,2.737,0.010,2.020,0.000
12845,3,"  3.139","  0.412",13/44,/core/www/modules//sdig/index.php?run_id=110202&search_id=114132&scans_id=110198&peptide_id=3912&scanf=12845&charge=3&value=13/44,sp|P51531|SMCA2_HUMAN,/core/www/modules//consensus/?run_id=110202&search_id=114132&scans_id=110198&peptide_id=3912&scanf=12845&charge=3&value=sp|P51531|SMCA2_HUMAN,14,/core/www/modules/match_peptides/blast_html4.php?run_id=110202&search_id=114132&scans_id=110198&peptide_id=3912&scanf=12845&charge=3&value=14,R.RLMAEDEEGYRK.L,/core/www/modules/show_out/show_out_wrapper.php?run_id=110202&search_id=114132&scans_id=110198&peptide_id=3912&scanf=12845&charge=3&value=R.RLMAEDEEGYRK.L,SMARCA2,9.861e+6,2.403,0.029,1.533,0.001
12847,3,"  2.771","  0.316",11/44,/core/www/modules//sdig/index.php?run_id=110202&search_id=114132&scans_id=110198&peptide_id=3914&scanf=12847&charge=3&value=11/44,sp|P61006|RAB8A_HUMAN,/core/www/modules//consensus/?run_id=110202&search_id=114132&scans_id=110198&peptide_id=3914&scanf=12847&charge=3&value=sp|P61006|RAB8A_HUMAN,0,/core/www/modules/match_peptides/blast_html4.php?run_id=110202&search_id=114132&scans_id=110198&peptide_id=3914&scanf=12847&charge=3&value=0,R.NIEEHASADVEK.M,/core/www/modules/show_out/show_out_wrapper.php?run_id=110202&search_id=114132&scans_id=110198&peptide_id=3914&scanf=12847&charge=3&value=R.NIEEHASADVEK.M,RAB8A,5.069e+7,2.431,0.027,1.573,0.001
12848,2,"  1.871","  0.215",8/16,/core/www/modules//sdig/index.php?run_id=110202&search_id=114132&scans_id=110198&peptide_id=3915&scanf=12848&charge=2&value=8/16,sp|P82914|RT15_HUMAN,/core/www/modules//consensus/?run_id=110202&search_id=114132&scans_id=110198&peptide_id=3915&scanf=12848&charge=2&value=sp|P82914|RT15_HUMAN,0,/core/www/modules/match_peptides/blast_html4.php?run_id=110202&search_id=114132&scans_id=110198&peptide_id=3915&scanf=12848&charge=2&value=0,K.IVANPEDTR.S,/core/www/modules/show_out/show_out_wrapper.php?run_id=110202&search_id=114132&scans_id=110198&peptide_id=3915&scanf=12848&charge=2&value=K.IVANPEDTR.S,MRPS15,6.726e+6,2.120,0.073,1.135,0.002
12854,3,"  3.805","  0.512",16/48,/core/www/modules//sdig/index.php?run_id=110202&search_id=114132&scans_id=110198&peptide_id=3922&scanf=12854&charge=3&value=16/48,sp|P46100|ATRX_HUMAN,/core/www/modules//consensus/?run_id=110202&search_id=114132&scans_id=110198&peptide_id=3922&scanf=12854&charge=3&value=sp|P46100|ATRX_HUMAN,1,/core/www/modules/match_peptides/blast_html4.php?run_id=110202&search_id=114132&scans_id=110198&peptide_id=3922&scanf=12854&charge=3&value=1,R.TETQNALKEEEER.R,/core/www/modules/show_out/show_out_wrapper.php?run_id=110202&search_id=114132&scans_id=110198&peptide_id=3922&scanf=12854&charge=3&value=R.TETQNALKEEEER.R,ATRX,1.138e+8,3.046,0.003,2.477,0.000
12858,3,"  2.297","  0.217",13/36,/core/www/modules//sdig/index.php?run_id=110202&search_id=114132&scans_id=110198&peptide_id=3925&scanf=12858&charge=3&value=13/36,sp|Q00839|HNRPU_HUMAN,/core/www/modules//consensus/?run_id=110202&search_id=114132&scans_id=110198&peptide_id=3925&scanf=12858&charge=3&value=sp|Q00839|HNRPU_HUMAN,2,/core/www/modules/match_peptides/blast_html4.php?run_id=110202&search_id=114132&scans_id=110198&peptide_id=3925&scanf=12858&charge=3&value=2,K.VSELKEELKK.R,/core/www/modules/show_out/show_out_wrapper.php?run_id=110202&search_id=114132&scans_id=110198&peptide_id=3925&scanf=12858&charge=3&value=K.VSELKEELKK.R,HNRNPU,1.041e+8,1.930,0.132,0.881,0.007
12859,3,"  1.868","  0.357",12/36,/core/www/modules//sdig/index.php?run_id=110202&search_id=114132&scans_id=110198&peptide_id=3926&scanf=12859&charge=3&value=12/36,sp|P21333|FLNA_HUMAN,/core/www/modules//consensus/?run_id=110202&search_id=114132&scans_id=110198&peptide_id=3926&scanf=12859&charge=3&value=sp|P21333|FLNA_HUMAN,5,/core/www/modules/match_peptides/blast_html4.php?run_id=110202&search_id=114132&scans_id=110198&peptide_id=3926&scanf=12859&charge=3&value=5,K.LKPGAPLRPK.L,/core/www/modules/show_out/show_out_wrapper.php?run_id=110202&search_id=114132&scans_id=110198&peptide_id=3926&scanf=12859&charge=3&value=K.LKPGAPLRPK.L,FLNA,3.826e+7,2.998,0.004,2.404,0.000
12860,2,"  2.093","  0.307",9/12,/core/www/modules//sdig/index.php?run_id=110202&search_id=114132&scans_id=110198&peptide_id=3928&scanf=12860&charge=2&value=9/12,sp|P53621|COPA_HUMAN,/core/www/modules//consensus/?run_id=110202&search_id=114132&scans_id=110198&peptide_id=3928&scanf=12860&charge=2&value=sp|P53621|COPA_HUMAN,6,/core/www/modules/match_peptides/blast_html4.php?run_id=110202&search_id=114132&scans_id=110198&peptide_id=3928&scanf=12860&charge=2&value=6,R.TGVQTFR.R,/core/www/modules/show_out/show_out_wrapper.php?run_id=110202&search_id=114132&scans_id=110198&peptide_id=3928&scanf=12860&charge=2&value=R.TGVQTFR.R,COPA,7.950e+7,3.047,0.003,2.477,0.000
12863,2,"  1.582","  0.271",10/18,/core/www/modules//sdig/index.php?run_id=110202&search_id=114132&scans_id=110198&peptide_id=3931&scanf=12863&charge=2&value=10/18,sp|Q5JTH9|RRP12_HUMAN,/core/www/modules//consensus/?run_id=110202&search_id=114132&scans_id=110198&peptide_id=3931&scanf=12863&charge=2&value=sp|Q5JTH9|RRP12_HUMAN,1,/core/www/modules/match_peptides/blast_html4.php?run_id=110202&search_id=114132&scans_id=110198&peptide_id=3931&scanf=12863&charge=2&value=1,R.VLATQPGPGR.G,/core/www/modules/show_out/show_out_wrapper.php?run_id=110202&search_id=114132&scans_id=110198&peptide_id=3931&scanf=12863&charge=2&value=R.VLATQPGPGR.G,RRP12,1.712e+7,2.464,0.024,1.622,0.001
12864,2,"  2.760","  0.548",14/22,/core/www/modules//sdig/index.php?run_id=110202&search_id=114132&scans_id=110198&peptide_id=3932&scanf=12864&charge=2&value=14/22,sp|Q99623|PHB2_HUMAN,/core/www/modules//consensus/?run_id=110202&search_id=114132&scans_id=110198&peptide_id=3932&scanf=12864&charge=2&value=sp|Q99623|PHB2_HUMAN,2,/core/www/modules/match_peptides/blast_html4.php?run_id=110202&search_id=114132&scans_id=110198&peptide_id=3932&scanf=12864&charge=2&value=2,K.IVQAEGEAEAAK.M,/core/www/modules/show_out/show_out_wrapper.php?run_id=110202&search_id=114132&scans_id=110198&peptide_id=3932&scanf=12864&charge=2&value=K.IVQAEGEAEAAK.M,PHB2,1.081e+7,3.421,0.001,3.031,0.000
12865,3,"  3.066","  0.383",11/40,/core/www/modules//sdig/index.php?run_id=110202&search_id=114132&scans_id=110198&peptide_id=3933&scanf=12865&charge=3&value=11/40,sp|O15145|ARPC3_HUMAN,/core/www/modules//consensus/?run_id=110202&search_id=114132&scans_id=110198&peptide_id=3933&scanf=12865&charge=3&value=sp|O15145|ARPC3_HUMAN,0,/core/www/modules/match_peptides/blast_html4.php?run_id=110202&search_id=114132&scans_id=110198&peptide_id=3933&scanf=12865&charge=3&value=0,K.VFDPQNDKPSK.W,/core/www/modules/show_out/show_out_wrapper.php?run_id=110202&search_id=114132&scans_id=110198&peptide_id=3933&scanf=12865&charge=3&value=K.VFDPQNDKPSK.W,ARPC3,1.313e+7,2.837,0.007,2.167,0.000
12866,3,"  6.138","  0.557",22/52,/core/www/modules//sdig/index.php?run_id=110202&search_id=114132&scans_id=110198&peptide_id=3934&scanf=12866&charge=3&value=22/52,sp|Q5T280|CI114_HUMAN,/core/www/modules//consensus/?run_id=110202&search_id=114132&scans_id=110198&peptide_id=3934&scanf=12866&charge=3&value=sp|Q5T280|CI114_HUMAN,0,/core/www/modules/match_peptides/blast_html4.php?run_id=110202&search_id=114132&scans_id=110198&peptide_id=3934&scanf=12866&charge=3&value=0,K.RLEEEEAAAEKEDR.G,/core/www/modules/show_out/show_out_wrapper.php?run_id=110202&search_id=114132&scans_id=110198&peptide_id=3934&scanf=12866&charge=3&value=K.RLEEEEAAAEKEDR.G,SPOUT1,1.366e+7,3.149,0.002,2.628,0.000
12869,2,"  3.938","  0.658",18/20,/core/www/modules//sdig/index.php?run_id=110202&search_id=114132&scans_id=110198&peptide_id=3937&scanf=12869&charge=2&value=18/20,sp|P23246|SFPQ_HUMAN,/core/www/modules//consensus/?run_id=110202&search_id=114132&scans_id=110198&peptide_id=3937&scanf=12869&charge=2&value=sp|P23246|SFPQ_HUMAN,2,/core/www/modules/match_peptides/blast_html4.php?run_id=110202&search_id=114132&scans_id=110198&peptide_id=3937&scanf=12869&charge=2&value=2,R.MEELHNQEMQK.R,/core/www/modules/show_out/show_out_wrapper.php?run_id=110202&search_id=114132&scans_id=110198&peptide_id=3937&scanf=12869&charge=2&value=R.MEELHNQEMQK.R,SFPQ,4.882e+6,4.330,0.000,4.379,0.000
12872,3,"  2.014","  0.319",14/36,/core/www/modules//sdig/index.php?run_id=110202&search_id=114132&scans_id=110198&peptide_id=3941&scanf=12872&charge=3&value=14/36,sp|P84103|SRSF3_HUMAN,/core/www/modules//consensus/?run_id=110202&search_id=114132&scans_id=110198&peptide_id=3941&scanf=12872&charge=3&value=sp|P84103|SRSF3_HUMAN,0,/core/www/modules/match_peptides/blast_html4.php?run_id=110202&search_id=114132&scans_id=110198&peptide_id=3941&scanf=12872&charge=3&value=0,R.NRGPPPSWGR.R,/core/www/modules/show_out/show_out_wrapper.php?run_id=110202&search_id=114132&scans_id=110198&peptide_id=3941&scanf=12872&charge=3&value=R.NRGPPPSWGR.R,SRSF3,5.297e+7,2.491,0.022,1.661,0.001
12878,2,"  2.871","  0.486",10/16,/core/www/modules//sdig/index.php?run_id=110202&search_id=114132&scans_id=110198&peptide_id=3946&scanf=12878&charge=2&value=10/16,sp|Q99832|TCPH_HUMAN,/core/www/modules//consensus/?run_id=110202&search_id=114132&scans_id=110198&peptide_id=3946&scanf=12878&charge=2&value=sp|Q99832|TCPH_HUMAN,1,/core/www/modules/match_peptides/blast_html4.php?run_id=110202&search_id=114132&scans_id=110198&peptide_id=3946&scanf=12878&charge=2&value=1,R.TATQLAVNK.I,/core/www/modules/show_out/show_out_wrapper.php?run_id=110202&search_id=114132&scans_id=110198&peptide_id=3946&scanf=12878&charge=2&value=R.TATQLAVNK.I,CCT7,2.820e+7,3.364,0.001,2.947,0.000
12879,3,"  2.919","  0.365",11/40,/core/www/modules//sdig/index.php?run_id=110202&search_id=114132&scans_id=110198&peptide_id=3947&scanf=12879&charge=3&value=11/40,sp|O15145|ARPC3_HUMAN,/core/www/modules//consensus/?run_id=110202&search_id=114132&scans_id=110198&peptide_id=3947&scanf=12879&charge=3&value=sp|O15145|ARPC3_HUMAN,0,/core/www/modules/match_peptides/blast_html4.php?run_id=110202&search_id=114132&scans_id=110198&peptide_id=3947&scanf=12879&charge=3&value=0,K.VFDPQNDKPSK.W,/core/www/modules/show_out/show_out_wrapper.php?run_id=110202&search_id=114132&scans_id=110198&peptide_id=3947&scanf=12879&charge=3&value=K.VFDPQNDKPSK.W,ARPC3,1.313e+7,2.769,0.009,2.068,0.000
12880,2,"  2.164","  0.073",11/16,/core/www/modules//sdig/index.php?run_id=110202&search_id=114132&scans_id=110198&peptide_id=3949&scanf=12880&charge=2&value=11/16,sp|Q9H0D6|XRN2_HUMAN,/core/www/modules//consensus/?run_id=110202&search_id=114132&scans_id=110198&peptide_id=3949&scanf=12880&charge=2&value=sp|Q9H0D6|XRN2_HUMAN,0,/core/www/modules/match_peptides/blast_html4.php?run_id=110202&search_id=114132&scans_id=110198&peptide_id=3949&scanf=12880&charge=2&value=0,K.EGMEAAVEK.Q,/core/www/modules/show_out/show_out_wrapper.php?run_id=110202&search_id=114132&scans_id=110198&peptide_id=3949&scanf=12880&charge=2&value=K.EGMEAAVEK.Q,XRN2,6.048e+7,1.989,0.110,0.957,0.005
12881,2,"  1.907","  0.245",7/14,/core/www/modules//sdig/index.php?run_id=110202&search_id=114132&scans_id=110198&peptide_id=3950&scanf=12881&charge=2&value=7/14,sp|Q9H0U9|TSYL1_HUMAN,/core/www/modules//consensus/?run_id=110202&search_id=114132&scans_id=110198&peptide_id=3950&scanf=12881&charge=2&value=sp|Q9H0U9|TSYL1_HUMAN,0,/core/www/modules/match_peptides/blast_html4.php?run_id=110202&search_id=114132&scans_id=110198&peptide_id=3950&scanf=12881&charge=2&value=0,R.GQDAEMLR.Y,/core/www/modules/show_out/show_out_wrapper.php?run_id=110202&search_id=114132&scans_id=110198&peptide_id=3950&scanf=12881&charge=2&value=R.GQDAEMLR.Y,TSPYL1,1.603e+7,1.948,0.125,0.904,0.006
12882,2,"  2.015","  0.270",9/18,/core/www/modules//sdig/index.php?run_id=110202&search_id=114132&scans_id=110198&peptide_id=3951&scanf=12882&charge=2&value=9/18,sp|Q14980|NUMA1_HUMAN,/core/www/modules//consensus/?run_id=110202&search_id=114132&scans_id=110198&peptide_id=3951&scanf=12882&charge=2&value=sp|Q14980|NUMA1_HUMAN,2,/core/www/modules/match_peptides/blast_html4.php?run_id=110202&search_id=114132&scans_id=110198&peptide_id=3951&scanf=12882&charge=2&value=2,K.AHGLLAEENR.G,/core/www/modules/show_out/show_out_wrapper.php?run_id=110202&search_id=114132&scans_id=110198&peptide_id=3951&scanf=12882&charge=2&value=K.AHGLLAEENR.G,NUMA1,5.301e+6,2.519,0.020,1.702,0.000
12885,2,"  2.814","  0.433",10/20,/core/www/modules//sdig/index.php?run_id=110202&search_id=114132&scans_id=110198&peptide_id=3954&scanf=12885&charge=2&value=10/20,sp|Q96ME7|ZN512_HUMAN,/core/www/modules//consensus/?run_id=110202&search_id=114132&scans_id=110198&peptide_id=3954&scanf=12885&charge=2&value=sp|Q96ME7|ZN512_HUMAN,1,/core/www/modules/match_peptides/blast_html4.php?run_id=110202&search_id=114132&scans_id=110198&peptide_id=3954&scanf=12885&charge=2&value=1,K.AGDEIDEPSER.E,/core/www/modules/show_out/show_out_wrapper.php?run_id=110202&search_id=114132&scans_id=110198&peptide_id=3954&scanf=12885&charge=2&value=K.AGDEIDEPSER.E,ZNF512,2.634e+7,2.891,0.006,2.247,0.000
12888,2,"  2.104","  0.196",10/18,/core/www/modules//sdig/index.php?run_id=110202&search_id=114132&scans_id=110198&peptide_id=3957&scanf=12888&charge=2&value=10/18,sp|O43707|ACTN4_HUMAN,/core/www/modules//consensus/?run_id=110202&search_id=114132&scans_id=110198&peptide_id=3957&scanf=12888&charge=2&value=sp|O43707|ACTN4_HUMAN,3,/core/www/modules/match_peptides/blast_html4.php?run_id=110202&search_id=114132&scans_id=110198&peptide_id=3957&scanf=12888&charge=2&value=3,R.DHALLEEQSK.Q,/core/www/modules/show_out/show_out_wrapper.php?run_id=110202&search_id=114132&scans_id=110198&peptide_id=3957&scanf=12888&charge=2&value=R.DHALLEEQSK.Q,ACTN4,9.232e+6,2.254,0.048,1.321,0.002
12890,2,"  2.432","  0.266",7/16,/core/www/modules//sdig/index.php?run_id=110202&search_id=114132&scans_id=110198&peptide_id=3960&scanf=12890&charge=2&value=7/16,sp|O15498|YKT6_HUMAN,/core/www/modules//consensus/?run_id=110202&search_id=114132&scans_id=110198&peptide_id=3960&scanf=12890&charge=2&value=sp|O15498|YKT6_HUMAN,4,/core/www/modules/match_peptides/blast_html4.php?run_id=110202&search_id=114132&scans_id=110198&peptide_id=3960&scanf=12890&charge=2&value=4,K.VQAELDETK.I,/core/www/modules/show_out/show_out_wrapper.php?run_id=110202&search_id=114132&scans_id=110198&peptide_id=3960&scanf=12890&charge=2&value=K.VQAELDETK.I,YKT6,2.646e+6,2.239,0.050,1.300,0.002
12891,2,"  2.702","  0.509",17/24,/core/www/modules//sdig/index.php?run_id=110202&search_id=114132&scans_id=110198&peptide_id=3961&scanf=12891&charge=2&value=17/24,sp|Q93009|UBP7_HUMAN,/core/www/modules//consensus/?run_id=110202&search_id=114132&scans_id=110198&peptide_id=3961&scanf=12891&charge=2&value=sp|Q93009|UBP7_HUMAN,2,/core/www/modules/match_peptides/blast_html4.php?run_id=110202&search_id=114132&scans_id=110198&peptide_id=3961&scanf=12891&charge=2&value=2,K.RPAMLDNEADGNK.T,/core/www/modules/show_out/show_out_wrapper.php?run_id=110202&search_id=114132&scans_id=110198&peptide_id=3961&scanf=12891&charge=2&value=K.RPAMLDNEADGNK.T,USP7,2.969e+6,3.368,0.001,2.952,0.000
12895,2,"  2.354","  0.389",11/20,/core/www/modules//sdig/index.php?run_id=110202&search_id=114132&scans_id=110198&peptide_id=3965&scanf=12895&charge=2&value=11/20,sp|O76021|RL1D1_HUMAN,/core/www/modules//consensus/?run_id=110202&search_id=114132&scans_id=110198&peptide_id=3965&scanf=12895&charge=2&value=sp|O76021|RL1D1_HUMAN,1,/core/www/modules/match_peptides/blast_html4.php?run_id=110202&search_id=114132&scans_id=110198&peptide_id=3965&scanf=12895&charge=2&value=1,K.TPANEKVEIQK.H,/core/www/modules/show_out/show_out_wrapper.php?run_id=110202&search_id=114132&scans_id=110198&peptide_id=3965&scanf=12895&charge=2&value=K.TPANEKVEIQK.H,RSL1D1,2.699e+6,2.537,0.019,1.728,0.000
12899,2,"  1.919","  0.413",8/12,/core/www/modules//sdig/index.php?run_id=110202&search_id=114132&scans_id=110198&peptide_id=3968&scanf=12899&charge=2&value=8/12,sp|Q9BQG0|MBB1A_HUMAN,/core/www/modules//consensus/?run_id=110202&search_id=114132&scans_id=110198&peptide_id=3968&scanf=12899&charge=2&value=sp|Q9BQG0|MBB1A_HUMAN,1,/core/www/modules/match_peptides/blast_html4.php?run_id=110202&search_id=114132&scans_id=110198&peptide_id=3968&scanf=12899&charge=2&value=1,K.YDLHQVK.K,/core/www/modules/show_out/show_out_wrapper.php?run_id=110202&search_id=114132&scans_id=110198&peptide_id=3968&scanf=12899&charge=2&value=K.YDLHQVK.K,MYBBP1A,3.044e+7,3.321,0.001,2.883,0.000
12902,3,"  2.917","  0.448",9/36,/core/www/modules//sdig/index.php?run_id=110202&search_id=114132&scans_id=110198&peptide_id=3971&scanf=12902&charge=3&value=9/36,sp|O43707|ACTN4_HUMAN,/core/www/modules//consensus/?run_id=110202&search_id=114132&scans_id=110198&peptide_id=3971&scanf=12902&charge=3&value=sp|O43707|ACTN4_HUMAN,21,/core/www/modules/match_peptides/blast_html4.php?run_id=110202&search_id=114132&scans_id=110198&peptide_id=3971&scanf=12902&charge=3&value=21,K.HTNYTM*EHIR.V,/core/www/modules/show_out/show_out_wrapper.php?run_id=110202&search_id=114132&scans_id=110198&peptide_id=3971&scanf=12902&charge=3&value=K.HTNYTM*EHIR.V,ACTN4,2.259e+7,3.392,0.001,2.988,0.000
12903,4,"  5.759","  0.490",24/78,/core/www/modules//sdig/index.php?run_id=110202&search_id=114132&scans_id=110198&peptide_id=3972&scanf=12903&charge=4&value=24/78,sp|P68400|CSK21_HUMAN,/core/www/modules//consensus/?run_id=110202&search_id=114132&scans_id=110198&peptide_id=3972&scanf=12903&charge=4&value=sp|P68400|CSK21_HUMAN,9,/core/www/modules/match_peptides/blast_html4.php?run_id=110202&search_id=114132&scans_id=110198&peptide_id=3972&scanf=12903&charge=4&value=9,R.DVKPHNVMIDHEHR.K,/core/www/modules/show_out/show_out_wrapper.php?run_id=110202&search_id=114132&scans_id=110198&peptide_id=3972&scanf=12903&charge=4&value=R.DVKPHNVMIDHEHR.K,CSNK2A1,7.517e+6,3.747,0.000,3.514,0.000
12905,3,"  1.792","  0.193",11/32,/core/www/modules//sdig/index.php?run_id=110202&search_id=114132&scans_id=110198&peptide_id=3974&scanf=12905&charge=3&value=11/32,sp|Q9UQE7|SMC3_HUMAN,/core/www/modules//consensus/?run_id=110202&search_id=114132&scans_id=110198&peptide_id=3974&scanf=12905&charge=3&value=sp|Q9UQE7|SMC3_HUMAN,0,/core/www/modules/match_peptides/blast_html4.php?run_id=110202&search_id=114132&scans_id=110198&peptide_id=3974&scanf=12905&charge=3&value=0,K.KDQYFLDKK.M,/core/www/modules/show_out/show_out_wrapper.php?run_id=110202&search_id=114132&scans_id=110198&peptide_id=3974&scanf=12905&charge=3&value=K.KDQYFLDKK.M,SMC3,6.981e+6,1.928,0.132,0.878,0.007
12916,3,"  2.837","  0.325",7/52,/core/www/modules//sdig/index.php?run_id=110202&search_id=114132&scans_id=110198&peptide_id=3986&scanf=12916&charge=3&value=7/52,sp|Q9P2E9|RRBP1_HUMAN,/core/www/modules//consensus/?run_id=110202&search_id=114132&scans_id=110198&peptide_id=3986&scanf=12916&charge=3&value=sp|Q9P2E9|RRBP1_HUMAN,1,/core/www/modules/match_peptides/blast_html4.php?run_id=110202&search_id=114132&scans_id=110198&peptide_id=3986&scanf=12916&charge=3&value=1,K.AQEQQQQMAELHSK.L,/core/www/modules/show_out/show_out_wrapper.php?run_id=110202&search_id=114132&scans_id=110198&peptide_id=3986&scanf=12916&charge=3&value=K.AQEQQQQMAELHSK.L,RRBP1,6.315e+6,2.353,0.035,1.462,0.001
12920,2,"  2.451","  0.191",9/14,/core/www/modules//sdig/index.php?run_id=110202&search_id=114132&scans_id=110198&peptide_id=3990&scanf=12920&charge=2&value=9/14,sp|Q9H0A0|NAT10_HUMAN,/core/www/modules//consensus/?run_id=110202&search_id=114132&scans_id=110198&peptide_id=3990&scanf=12920&charge=2&value=sp|Q9H0A0|NAT10_HUMAN,2,/core/www/modules/match_peptides/blast_html4.php?run_id=110202&search_id=114132&scans_id=110198&peptide_id=3990&scanf=12920&charge=2&value=2,K.ELGFSSHR.K,/core/www/modules/show_out/show_out_wrapper.php?run_id=110202&search_id=114132&scans_id=110198&peptide_id=3990&scanf=12920&charge=2&value=K.ELGFSSHR.K,NAT10,1.153e+7,2.341,0.036,1.445,0.001
12921,2,"  2.623","  0.541",10/16,/core/www/modules//sdig/index.php?run_id=110202&search_id=114132&scans_id=110198&peptide_id=3991&scanf=12921&charge=2&value=10/16,sp|Q9BWS9|CHID1_HUMAN,/core/www/modules//consensus/?run_id=110202&search_id=114132&scans_id=110198&peptide_id=3991&scanf=12921&charge=2&value=sp|Q9BWS9|CHID1_HUMAN,6,/core/www/modules/match_peptides/blast_html4.php?run_id=110202&search_id=114132&scans_id=110198&peptide_id=3991&scanf=12921&charge=2&value=6,K.AESVVLEHR.S,/core/www/modules/show_out/show_out_wrapper.php?run_id=110202&search_id=114132&scans_id=110198&peptide_id=3991&scanf=12921&charge=2&value=K.AESVVLEHR.S,CHID1,4.703e+6,3.391,0.001,2.987,0.000
12927,2,"  1.572","  0.285",9/18,/core/www/modules//sdig/index.php?run_id=110202&search_id=114132&scans_id=110198&peptide_id=3997&scanf=12927&charge=2&value=9/18,sp|P60709|ACTB_HUMAN,/core/www/modules//consensus/?run_id=110202&search_id=114132&scans_id=110198&peptide_id=3997&scanf=12927&charge=2&value=sp|P60709|ACTB_HUMAN,33,/core/www/modules/match_peptides/blast_html4.php?run_id=110202&search_id=114132&scans_id=110198&peptide_id=3997&scanf=12927&charge=2&value=33,K.AGFAGDDAPR.A,/core/www/modules/show_out/show_out_wrapper.php?run_id=110202&search_id=114132&scans_id=110198&peptide_id=3997&scanf=12927&charge=2&value=K.AGFAGDDAPR.A,ACTB,1.899e+9,2.886,0.006,2.240,0.000
12929,3,"  1.897","  0.305",10/40,/core/www/modules//sdig/index.php?run_id=110202&search_id=114132&scans_id=110198&peptide_id=3999&scanf=12929&charge=3&value=10/40,sp|P53396|ACLY_HUMAN,/core/www/modules//consensus/?run_id=110202&search_id=114132&scans_id=110198&peptide_id=3999&scanf=12929&charge=3&value=sp|P53396|ACLY_HUMAN,1,/core/www/modules/match_peptides/blast_html4.php?run_id=110202&search_id=114132&scans_id=110198&peptide_id=3999&scanf=12929&charge=3&value=1,R.RGGPNYQEGLR.V,/core/www/modules/show_out/show_out_wrapper.php?run_id=110202&search_id=114132&scans_id=110198&peptide_id=3999&scanf=12929&charge=3&value=R.RGGPNYQEGLR.V,ACLY,2.883e+6,2.255,0.048,1.322,0.002
12941,2,"  2.437","  0.283",9/14,/core/www/modules//sdig/index.php?run_id=110202&search_id=114132&scans_id=110198&peptide_id=4012&scanf=12941&charge=2&value=9/14,sp|P60842|IF4A1_HUMAN,/core/www/modules//consensus/?run_id=110202&search_id=114132&scans_id=110198&peptide_id=4012&scanf=12941&charge=2&value=sp|P60842|IF4A1_HUMAN,10,/core/www/modules/match_peptides/blast_html4.php?run_id=110202&search_id=114132&scans_id=110198&peptide_id=4012&scanf=12941&charge=2&value=10,R.ELAQQIQK.V,/core/www/modules/show_out/show_out_wrapper.php?run_id=110202&search_id=114132&scans_id=110198&peptide_id=4012&scanf=12941&charge=2&value=R.ELAQQIQK.V,EIF4A1,8.533e+7,2.714,0.010,1.987,0.000
12943,2,"  2.102","  0.333",8/14,/core/www/modules//sdig/index.php?run_id=110202&search_id=114132&scans_id=110198&peptide_id=4014&scanf=12943&charge=2&value=8/14,sp|Q9Y6M1|IF2B2_HUMAN,/core/www/modules//consensus/?run_id=110202&search_id=114132&scans_id=110198&peptide_id=4014&scanf=12943&charge=2&value=sp|Q9Y6M1|IF2B2_HUMAN,1,/core/www/modules/match_peptides/blast_html4.php?run_id=110202&search_id=114132&scans_id=110198&peptide_id=4014&scanf=12943&charge=2&value=1,R.AIETLSGK.V,/core/www/modules/show_out/show_out_wrapper.php?run_id=110202&search_id=114132&scans_id=110198&peptide_id=4014&scanf=12943&charge=2&value=R.AIETLSGK.V,IGF2BP2,1.333e+7,2.731,0.010,2.011,0.000
12945,2,"  2.239","  0.333",10/16,/core/www/modules//sdig/index.php?run_id=110202&search_id=114132&scans_id=110198&peptide_id=4016&scanf=12945&charge=2&value=10/16,sp|P55265|DSRAD_HUMAN,/core/www/modules//consensus/?run_id=110202&search_id=114132&scans_id=110198&peptide_id=4016&scanf=12945&charge=2&value=sp|P55265|DSRAD_HUMAN,5,/core/www/modules/match_peptides/blast_html4.php?run_id=110202&search_id=114132&scans_id=110198&peptide_id=4016&scanf=12945&charge=2&value=5,K.QMAAEEAMK.A,/core/www/modules/show_out/show_out_wrapper.php?run_id=110202&search_id=114132&scans_id=110198&peptide_id=4016&scanf=12945&charge=2&value=K.QMAAEEAMK.A,ADAR,8.227e+6,2.823,0.007,2.147,0.000
12947,2,"  1.790","  0.376",7/14,/core/www/modules//sdig/index.php?run_id=110202&search_id=114132&scans_id=110198&peptide_id=4018&scanf=12947&charge=2&value=7/14,sp|Q29RF7|PDS5A_HUMAN,/core/www/modules//consensus/?run_id=110202&search_id=114132&scans_id=110198&peptide_id=4018&scanf=12947&charge=2&value=sp|Q29RF7|PDS5A_HUMAN,0,/core/www/modules/match_peptides/blast_html4.php?run_id=110202&search_id=114132&scans_id=110198&peptide_id=4018&scanf=12947&charge=2&value=0,K.SYISEETR.V,/core/www/modules/show_out/show_out_wrapper.php?run_id=110202&search_id=114132&scans_id=110198&peptide_id=4018&scanf=12947&charge=2&value=K.SYISEETR.V,PDS5A,1.623e+7,2.785,0.008,2.091,0.000
12969,2,"  1.272","  0.184",5/12,/core/www/modules//sdig/index.php?run_id=110202&search_id=114132&scans_id=110198&peptide_id=4041&scanf=12969&charge=2&value=5/12,sp|P62851|RS25_HUMAN,/core/www/modules//consensus/?run_id=110202&search_id=114132&scans_id=110198&peptide_id=4041&scanf=12969&charge=2&value=sp|P62851|RS25_HUMAN,0,/core/www/modules/match_peptides/blast_html4.php?run_id=110202&search_id=114132&scans_id=110198&peptide_id=4041&scanf=12969&charge=2&value=0,R.AQVIYTR.N,/core/www/modules/show_out/show_out_wrapper.php?run_id=110202&search_id=114132&scans_id=110198&peptide_id=4041&scanf=12969&charge=2&value=R.AQVIYTR.N,RPS25,2.274e+7,1.992,0.109,0.962,0.005
12975,2,"  2.835","  0.419",8/14,/core/www/modules//sdig/index.php?run_id=110202&search_id=114132&scans_id=110198&peptide_id=4048&scanf=12975&charge=2&value=8/14,sp|P82932|RT06_HUMAN,/core/www/modules//consensus/?run_id=110202&search_id=114132&scans_id=110198&peptide_id=4048&scanf=12975&charge=2&value=sp|P82932|RT06_HUMAN,0,/core/www/modules/match_peptides/blast_html4.php?run_id=110202&search_id=114132&scans_id=110198&peptide_id=4048&scanf=12975&charge=2&value=0,K.HPLTQELK.E,/core/www/modules/show_out/show_out_wrapper.php?run_id=110202&search_id=114132&scans_id=110198&peptide_id=4048&scanf=12975&charge=2&value=K.HPLTQELK.E,MRPS6,3.352e+6,2.968,0.004,2.361,0.000
12984,2,"  2.271","  0.364",12/14,/core/www/modules//sdig/index.php?run_id=110202&search_id=114132&scans_id=110198&peptide_id=4057&scanf=12984&charge=2&value=12/14,sp|P83881|RL36A_HUMAN,/core/www/modules//consensus/?run_id=110202&search_id=114132&scans_id=110198&peptide_id=4057&scanf=12984&charge=2&value=sp|P83881|RL36A_HUMAN,5,/core/www/modules/match_peptides/blast_html4.php?run_id=110202&search_id=114132&scans_id=110198&peptide_id=4057&scanf=12984&charge=2&value=5,K.HFELGGDK.K,/core/www/modules/show_out/show_out_wrapper.php?run_id=110202&search_id=114132&scans_id=110198&peptide_id=4057&scanf=12984&charge=2&value=K.HFELGGDK.K,RPL36A,2.368e+7,3.216,0.002,2.727,0.000
12989,4,"  2.395","  0.137",14/90,/core/www/modules//sdig/index.php?run_id=110202&search_id=114132&scans_id=110198&peptide_id=4062&scanf=12989&charge=4&value=14/90,sp|Q8IXK0|PHC2_HUMAN,/core/www/modules//consensus/?run_id=110202&search_id=114132&scans_id=110198&peptide_id=4062&scanf=12989&charge=4&value=sp|Q8IXK0|PHC2_HUMAN,1,/core/www/modules/match_peptides/blast_html4.php?run_id=110202&search_id=114132&scans_id=110198&peptide_id=4062&scanf=12989&charge=4&value=1,R.DLVGMGHHFLPSEPTK.W,/core/www/modules/show_out/show_out_wrapper.php?run_id=110202&search_id=114132&scans_id=110198&peptide_id=4062&scanf=12989&charge=4&value=R.DLVGMGHHFLPSEPTK.W,PHC2,8.651e+6,2.037,0.095,1.022,0.004
12992,2,"  2.322","  0.437",10/16,/core/www/modules//sdig/index.php?run_id=110202&search_id=114132&scans_id=110198&peptide_id=4066&scanf=12992&charge=2&value=10/16,sp|P62829|RL23_HUMAN,/core/www/modules//consensus/?run_id=110202&search_id=114132&scans_id=110198&peptide_id=4066&scanf=12992&charge=2&value=sp|P62829|RL23_HUMAN,4,/core/www/modules/match_peptides/blast_html4.php?run_id=110202&search_id=114132&scans_id=110198&peptide_id=4066&scanf=12992&charge=2&value=4,K.KVHPAVVIR.Q,/core/www/modules/show_out/show_out_wrapper.php?run_id=110202&search_id=114132&scans_id=110198&peptide_id=4066&scanf=12992&charge=2&value=K.KVHPAVVIR.Q,RPL23,8.244e+6,2.832,0.007,2.160,0.000
12996,2,"  2.496","  0.361",11/18,/core/www/modules//sdig/index.php?run_id=110202&search_id=114132&scans_id=110198&peptide_id=4070&scanf=12996&charge=2&value=11/18,sp|Q14839|CHD4_HUMAN,/core/www/modules//consensus/?run_id=110202&search_id=114132&scans_id=110198&peptide_id=4070&scanf=12996&charge=2&value=sp|Q14839|CHD4_HUMAN,21,/core/www/modules/match_peptides/blast_html4.php?run_id=110202&search_id=114132&scans_id=110198&peptide_id=4070&scanf=12996&charge=2&value=21,R.TEEPMETEPK.G,/core/www/modules/show_out/show_out_wrapper.php?run_id=110202&search_id=114132&scans_id=110198&peptide_id=4070&scanf=12996&charge=2&value=R.TEEPMETEPK.G,CHD4,4.622e+6,2.752,0.009,2.042,0.000
12997,2,"  1.975","  0.198",8/16,/core/www/modules//sdig/index.php?run_id=110202&search_id=114132&scans_id=110198&peptide_id=4071&scanf=12997&charge=2&value=8/16,sp|Q13428|TCOF_HUMAN,/core/www/modules//consensus/?run_id=110202&search_id=114132&scans_id=110198&peptide_id=4071&scanf=12997&charge=2&value=sp|Q13428|TCOF_HUMAN,4,/core/www/modules/match_peptides/blast_html4.php?run_id=110202&search_id=114132&scans_id=110198&peptide_id=4071&scanf=12997&charge=2&value=4,K.TGPTVTQVK.A,/core/www/modules/show_out/show_out_wrapper.php?run_id=110202&search_id=114132&scans_id=110198&peptide_id=4071&scanf=12997&charge=2&value=K.TGPTVTQVK.A,TCOF1,3.331e+6,2.130,0.071,1.148,0.002
12998,2,"  1.948","  0.076",7/12,/core/www/modules//sdig/index.php?run_id=110202&search_id=114132&scans_id=110198&peptide_id=4072&scanf=12998&charge=2&value=7/12,sp|Q9UN81|LORF1_HUMAN,/core/www/modules//consensus/?run_id=110202&search_id=114132&scans_id=110198&peptide_id=4072&scanf=12998&charge=2&value=sp|Q9UN81|LORF1_HUMAN,0,/core/www/modules/match_peptides/blast_html4.php?run_id=110202&search_id=114132&scans_id=110198&peptide_id=4072&scanf=12998&charge=2&value=0,K.EALNMER.N,/core/www/modules/show_out/show_out_wrapper.php?run_id=110202&search_id=114132&scans_id=110198&peptide_id=4072&scanf=12998&charge=2&value=K.EALNMER.N,L1RE1,5.276e+6,1.903,0.142,0.846,0.007
13002,2,"  2.915","  0.554",13/24,/core/www/modules//sdig/index.php?run_id=110202&search_id=114132&scans_id=110198&peptide_id=4077&scanf=13002&charge=2&value=13/24,sp|Q9BW19|KIFC1_HUMAN,/core/www/modules//consensus/?run_id=110202&search_id=114132&scans_id=110198&peptide_id=4077&scanf=13002&charge=2&value=sp|Q9BW19|KIFC1_HUMAN,0,/core/www/modules/match_peptides/blast_html4.php?run_id=110202&search_id=114132&scans_id=110198&peptide_id=4077&scanf=13002&charge=2&value=0,K.VQAQAEQGQQELK.N,/core/www/modules/show_out/show_out_wrapper.php?run_id=110202&search_id=114132&scans_id=110198&peptide_id=4077&scanf=13002&charge=2&value=K.VQAQAEQGQQELK.N,KIFC1,2.888e+6,3.238,0.002,2.760,0.000
13004,3,"  3.363","  0.177",16/40,/core/www/modules//sdig/index.php?run_id=110202&search_id=114132&scans_id=110198&peptide_id=4078&scanf=13004&charge=3&value=16/40,sp|P60709|ACTB_HUMAN,/core/www/modules//consensus/?run_id=110202&search_id=114132&scans_id=110198&peptide_id=4078&scanf=13004&charge=3&value=sp|P60709|ACTB_HUMAN,26,/core/www/modules/match_peptides/blast_html4.php?run_id=110202&search_id=114132&scans_id=110198&peptide_id=4078&scanf=13004&charge=3&value=26,R.HQGVM*VGMGQK.D,/core/www/modules/show_out/show_out_wrapper.php?run_id=110202&search_id=114132&scans_id=110198&peptide_id=4078&scanf=13004&charge=3&value=R.HQGVM*VGMGQK.D,ACTB,8.250e+7,4.050,0.000,3.964,0.000
13005,2,"  2.784","  0.525",12/18,/core/www/modules//sdig/index.php?run_id=110202&search_id=114132&scans_id=110198&peptide_id=4079&scanf=13005&charge=2&value=12/18,sp|P55072|TERA_HUMAN,/core/www/modules//consensus/?run_id=110202&search_id=114132&scans_id=110198&peptide_id=4079&scanf=13005&charge=2&value=sp|P55072|TERA_HUMAN,10,/core/www/modules/match_peptides/blast_html4.php?run_id=110202&search_id=114132&scans_id=110198&peptide_id=4079&scanf=13005&charge=2&value=10,K.LAGESESNLR.K,/core/www/modules/show_out/show_out_wrapper.php?run_id=110202&search_id=114132&scans_id=110198&peptide_id=4079&scanf=13005&charge=2&value=K.LAGESESNLR.K,VCP,7.658e+7,3.581,0.001,3.269,0.000
13007,2,"  2.029","  0.267",8/16,/core/www/modules//sdig/index.php?run_id=110202&search_id=114132&scans_id=110198&peptide_id=4081&scanf=13007&charge=2&value=8/16,sp|O00541|PESC_HUMAN,/core/www/modules//consensus/?run_id=110202&search_id=114132&scans_id=110198&peptide_id=4081&scanf=13007&charge=2&value=sp|O00541|PESC_HUMAN,3,/core/www/modules/match_peptides/blast_html4.php?run_id=110202&search_id=114132&scans_id=110198&peptide_id=4081&scanf=13007&charge=2&value=3,K.EGDYVPPEK.L,/core/www/modules/show_out/show_out_wrapper.php?run_id=110202&search_id=114132&scans_id=110198&peptide_id=4081&scanf=13007&charge=2&value=K.EGDYVPPEK.L,PES1,4.969e+6,2.271,0.045,1.345,0.002
13011,2,"  1.896","  0.351",10/16,/core/www/modules//sdig/index.php?run_id=110202&search_id=114132&scans_id=110198&peptide_id=4085&scanf=13011&charge=2&value=10/16,sp|P11388|TOP2A_HUMAN,/core/www/modules//consensus/?run_id=110202&search_id=114132&scans_id=110198&peptide_id=4085&scanf=13011&charge=2&value=sp|P11388|TOP2A_HUMAN,0,/core/www/modules/match_peptides/blast_html4.php?run_id=110202&search_id=114132&scans_id=110198&peptide_id=4085&scanf=13011&charge=2&value=0,K.NYEDEDSLK.T,/core/www/modules/show_out/show_out_wrapper.php?run_id=110202&search_id=114132&scans_id=110198&peptide_id=4085&scanf=13011&charge=2&value=K.NYEDEDSLK.T,TOP2A,4.479e+6,2.944,0.005,2.325,0.000
13012,2,"  1.254","  0.132",9/12,/core/www/modules//sdig/index.php?run_id=110202&search_id=114132&scans_id=110198&peptide_id=4086&scanf=13012&charge=2&value=9/12,sp|Q9UNQ2|DIM1_HUMAN,/core/www/modules//consensus/?run_id=110202&search_id=114132&scans_id=110198&peptide_id=4086&scanf=13012&charge=2&value=sp|Q9UNQ2|DIM1_HUMAN,7,/core/www/modules/match_peptides/blast_html4.php?run_id=110202&search_id=114132&scans_id=110198&peptide_id=4086&scanf=13012&charge=2&value=7,R.LVAELHK.R,/core/www/modules/show_out/show_out_wrapper.php?run_id=110202&search_id=114132&scans_id=110198&peptide_id=4086&scanf=13012&charge=2&value=R.LVAELHK.R,DIMT1,8.010e+6,2.282,0.044,1.361,0.001
13013,3,"  2.220","  0.237",7/40,/core/www/modules//sdig/index.php?run_id=110202&search_id=114132&scans_id=110198&peptide_id=4087&scanf=13013&charge=3&value=7/40,sp|Q9H2M9|RBGPR_HUMAN,/core/www/modules//consensus/?run_id=110202&search_id=114132&scans_id=110198&peptide_id=4087&scanf=13013&charge=3&value=sp|Q9H2M9|RBGPR_HUMAN,8,/core/www/modules/match_peptides/blast_html4.php?run_id=110202&search_id=114132&scans_id=110198&peptide_id=4087&scanf=13013&charge=3&value=8,R.LAHALLHTQTK.E,/core/www/modules/show_out/show_out_wrapper.php?run_id=110202&search_id=114132&scans_id=110198&peptide_id=4087&scanf=13013&charge=3&value=R.LAHALLHTQTK.E,RAB3GAP2,3.454e+6,2.186,0.059,1.226,0.002
13017,2,"  2.475","  0.378",9/14,/core/www/modules//sdig/index.php?run_id=110202&search_id=114132&scans_id=110198&peptide_id=4091&scanf=13017&charge=2&value=9/14,sp|Q9H5Z1|DHX35_HUMAN,/core/www/modules//consensus/?run_id=110202&search_id=114132&scans_id=110198&peptide_id=4091&scanf=13017&charge=2&value=sp|Q9H5Z1|DHX35_HUMAN,2,/core/www/modules/match_peptides/blast_html4.php?run_id=110202&search_id=114132&scans_id=110198&peptide_id=4091&scanf=13017&charge=2&value=2,R.VVGVTQPR.R,/core/www/modules/show_out/show_out_wrapper.php?run_id=110202&search_id=114132&scans_id=110198&peptide_id=4091&scanf=13017&charge=2&value=R.VVGVTQPR.R,DHX35,4.712e+6,2.965,0.004,2.356,0.000
13018,2,"  2.066","  0.195",6/14,/core/www/modules//sdig/index.php?run_id=110202&search_id=114132&scans_id=110198&peptide_id=4092&scanf=13018&charge=2&value=6/14,sp|Q53F19|NCBP3_HUMAN,/core/www/modules//consensus/?run_id=110202&search_id=114132&scans_id=110198&peptide_id=4092&scanf=13018&charge=2&value=sp|Q53F19|NCBP3_HUMAN,0,/core/www/modules/match_peptides/blast_html4.php?run_id=110202&search_id=114132&scans_id=110198&peptide_id=4092&scanf=13018&charge=2&value=0,R.SEVNLAQR.N,/core/www/modules/show_out/show_out_wrapper.php?run_id=110202&search_id=114132&scans_id=110198&peptide_id=4092&scanf=13018&charge=2&value=R.SEVNLAQR.N,NCBP3,5.285e+6,2.034,0.096,1.018,0.005
13019,3,"  3.450","  0.357",8/32,/core/www/modules//sdig/index.php?run_id=110202&search_id=114132&scans_id=110198&peptide_id=4093&scanf=13019&charge=3&value=8/32,sp|Q9NTJ3|SMC4_HUMAN,/core/www/modules//consensus/?run_id=110202&search_id=114132&scans_id=110198&peptide_id=4093&scanf=13019&charge=3&value=sp|Q9NTJ3|SMC4_HUMAN,1,/core/www/modules/match_peptides/blast_html4.php?run_id=110202&search_id=114132&scans_id=110198&peptide_id=4093&scanf=13019&charge=3&value=1,K.KKEELYLQR.V,/core/www/modules/show_out/show_out_wrapper.php?run_id=110202&search_id=114132&scans_id=110198&peptide_id=4093&scanf=13019&charge=3&value=K.KKEELYLQR.V,SMC4,4.796e+6,2.234,0.051,1.293,0.002
13022,2,"  2.911","  0.507",8/22,/core/www/modules//sdig/index.php?run_id=110202&search_id=114132&scans_id=110198&peptide_id=4097&scanf=13022&charge=2&value=8/22,sp|Q9UK61|TASOR_HUMAN,/core/www/modules//consensus/?run_id=110202&search_id=114132&scans_id=110198&peptide_id=4097&scanf=13022&charge=2&value=sp|Q9UK61|TASOR_HUMAN,1,/core/www/modules/match_peptides/blast_html4.php?run_id=110202&search_id=114132&scans_id=110198&peptide_id=4097&scanf=13022&charge=2&value=1,R.HSDASLTDTVNK.A,/core/www/modules/show_out/show_out_wrapper.php?run_id=110202&search_id=114132&scans_id=110198&peptide_id=4097&scanf=13022&charge=2&value=R.HSDASLTDTVNK.A,TASOR,5.039e+6,2.885,0.006,2.238,0.000
13025,2,"  2.736","  0.394",10/16,/core/www/modules//sdig/index.php?run_id=110202&search_id=114132&scans_id=110198&peptide_id=4099&scanf=13025&charge=2&value=10/16,sp|Q13247|SRSF6_HUMAN,/core/www/modules//consensus/?run_id=110202&search_id=114132&scans_id=110198&peptide_id=4099&scanf=13025&charge=2&value=sp|Q13247|SRSF6_HUMAN,4,/core/www/modules/match_peptides/blast_html4.php?run_id=110202&search_id=114132&scans_id=110198&peptide_id=4099&scanf=13025&charge=2&value=4,K.LDGTEINGR.N,/core/www/modules/show_out/show_out_wrapper.php?run_id=110202&search_id=114132&scans_id=110198&peptide_id=4099&scanf=13025&charge=2&value=K.LDGTEINGR.N,SRSF6,1.348e+7,2.948,0.005,2.331,0.000
13026,2,"  2.252","  0.573",11/16,/core/www/modules//sdig/index.php?run_id=110202&search_id=114132&scans_id=110198&peptide_id=4100&scanf=13026&charge=2&value=11/16,sp|P11388|TOP2A_HUMAN,/core/www/modules//consensus/?run_id=110202&search_id=114132&scans_id=110198&peptide_id=4100&scanf=13026&charge=2&value=sp|P11388|TOP2A_HUMAN,0,/core/www/modules/match_peptides/blast_html4.php?run_id=110202&search_id=114132&scans_id=110198&peptide_id=4100&scanf=13026&charge=2&value=0,R.AYDIAGSTK.D,/core/www/modules/show_out/show_out_wrapper.php?run_id=110202&search_id=114132&scans_id=110198&peptide_id=4100&scanf=13026&charge=2&value=R.AYDIAGSTK.D,TOP2A,1.063e+7,3.817,0.000,3.618,0.000
13035,2,"  2.115","  0.087",9/12,/core/www/modules//sdig/index.php?run_id=110202&search_id=114132&scans_id=110198&peptide_id=4110&scanf=13035&charge=2&value=9/12,sp|Q9BSJ8|ESYT1_HUMAN,/core/www/modules//consensus/?run_id=110202&search_id=114132&scans_id=110198&peptide_id=4110&scanf=13035&charge=2&value=sp|Q9BSJ8|ESYT1_HUMAN,0,/core/www/modules/match_peptides/blast_html4.php?run_id=110202&search_id=114132&scans_id=110198&peptide_id=4110&scanf=13035&charge=2&value=0,R.KLDVSVK.S,/core/www/modules/show_out/show_out_wrapper.php?run_id=110202&search_id=114132&scans_id=110198&peptide_id=4110&scanf=13035&charge=2&value=R.KLDVSVK.S,ESYT1,5.281e+6,1.926,0.133,0.876,0.007
13038,3,"  2.486","  0.518",20/68,/core/www/modules//sdig/index.php?run_id=110202&search_id=114132&scans_id=110198&peptide_id=4113&scanf=13038&charge=3&value=20/68,sp|Q9H967|WDR76_HUMAN,/core/www/modules//consensus/?run_id=110202&search_id=114132&scans_id=110198&peptide_id=4113&scanf=13038&charge=3&value=sp|Q9H967|WDR76_HUMAN,2,/core/www/modules/match_peptides/blast_html4.php?run_id=110202&search_id=114132&scans_id=110198&peptide_id=4113&scanf=13038&charge=3&value=2,K.AESTLQNSSSAVHTESNK.L,/core/www/modules/show_out/show_out_wrapper.php?run_id=110202&search_id=114132&scans_id=110198&peptide_id=4113&scanf=13038&charge=3&value=K.AESTLQNSSSAVHTESNK.L,WDR76,2.137e+6,3.050,0.003,2.482,0.000
13041,2,"  1.403","  0.103",7/12,/core/www/modules//sdig/index.php?run_id=110202&search_id=114132&scans_id=110198&peptide_id=4117&scanf=13041&charge=2&value=7/12,sp|Q9NXF1|TEX10_HUMAN,/core/www/modules//consensus/?run_id=110202&search_id=114132&scans_id=110198&peptide_id=4117&scanf=13041&charge=2&value=sp|Q9NXF1|TEX10_HUMAN,0,/core/www/modules/match_peptides/blast_html4.php?run_id=110202&search_id=114132&scans_id=110198&peptide_id=4117&scanf=13041&charge=2&value=0,R.LTSQQWR.L,/core/www/modules/show_out/show_out_wrapper.php?run_id=110202&search_id=114132&scans_id=110198&peptide_id=4117&scanf=13041&charge=2&value=R.LTSQQWR.L,TEX10,9.734e+6,1.993,0.109,0.963,0.005
13044,3,"  2.298","  0.237",8/48,/core/www/modules//sdig/index.php?run_id=110202&search_id=114132&scans_id=110198&peptide_id=4120&scanf=13044&charge=3&value=8/48,sp|P49750|YLPM1_HUMAN,/core/www/modules//consensus/?run_id=110202&search_id=114132&scans_id=110198&peptide_id=4120&scanf=13044&charge=3&value=sp|P49750|YLPM1_HUMAN,1,/core/www/modules/match_peptides/blast_html4.php?run_id=110202&search_id=114132&scans_id=110198&peptide_id=4120&scanf=13044&charge=3&value=1,R.GPFRPEPGDGGEK.M,/core/www/modules/show_out/show_out_wrapper.php?run_id=110202&search_id=114132&scans_id=110198&peptide_id=4120&scanf=13044&charge=3&value=R.GPFRPEPGDGGEK.M,YLPM1,1.974e+7,2.124,0.072,1.140,0.002
13047,2,"  2.587","  0.558",11/16,/core/www/modules//sdig/index.php?run_id=110202&search_id=114132&scans_id=110198&peptide_id=4122&scanf=13047&charge=2&value=11/16,sp|P08670|VIME_HUMAN,/core/www/modules//consensus/?run_id=110202&search_id=114132&scans_id=110198&peptide_id=4122&scanf=13047&charge=2&value=sp|P08670|VIME_HUMAN,2,/core/www/modules/match_peptides/blast_html4.php?run_id=110202&search_id=114132&scans_id=110198&peptide_id=4122&scanf=13047&charge=2&value=2,R.LQDEIQNM*K.E,/core/www/modules/show_out/show_out_wrapper.php?run_id=110202&search_id=114132&scans_id=110198&peptide_id=4122&scanf=13047&charge=2&value=R.LQDEIQNM*K.E,VIM,4.655e+7,4.113,0.000,4.056,0.000
13049,2,"  2.778","  0.346",12/20,/core/www/modules//sdig/index.php?run_id=110202&search_id=114132&scans_id=110198&peptide_id=4124&scanf=13049&charge=2&value=12/20,sp|Q13148|TADBP_HUMAN,/core/www/modules//consensus/?run_id=110202&search_id=114132&scans_id=110198&peptide_id=4124&scanf=13049&charge=2&value=sp|Q13148|TADBP_HUMAN,8,/core/www/modules/match_peptides/blast_html4.php?run_id=110202&search_id=114132&scans_id=110198&peptide_id=4124&scanf=13049&charge=2&value=8,K.MDETDASSAVK.V,/core/www/modules/show_out/show_out_wrapper.php?run_id=110202&search_id=114132&scans_id=110198&peptide_id=4124&scanf=13049&charge=2&value=K.MDETDASSAVK.V,TARDBP,2.117e+7,2.746,0.009,2.034,0.000
13052,2,"  4.536","  0.658",22/22,/core/www/modules//sdig/index.php?run_id=110202&search_id=114132&scans_id=110198&peptide_id=4128&scanf=13052&charge=2&value=22/22,sp|Q6KC79|NIPBL_HUMAN,/core/www/modules//consensus/?run_id=110202&search_id=114132&scans_id=110198&peptide_id=4128&scanf=13052&charge=2&value=sp|Q6KC79|NIPBL_HUMAN,1,/core/www/modules/match_peptides/blast_html4.php?run_id=110202&search_id=114132&scans_id=110198&peptide_id=4128&scanf=13052&charge=2&value=1,K.HQLNELGSESAK.I,/core/www/modules/show_out/show_out_wrapper.php?run_id=110202&search_id=114132&scans_id=110198&peptide_id=4128&scanf=13052&charge=2&value=K.HQLNELGSESAK.I,NIPBL,6.444e+6,4.483,0.000,4.605,0.000
13058,2,"  3.847","  0.725",15/24,/core/www/modules//sdig/index.php?run_id=110202&search_id=114132&scans_id=110198&peptide_id=4134&scanf=13058&charge=2&value=15/24,sp|P33993|MCM7_HUMAN,/core/www/modules//consensus/?run_id=110202&search_id=114132&scans_id=110198&peptide_id=4134&scanf=13058&charge=2&value=sp|P33993|MCM7_HUMAN,0,/core/www/modules/match_peptides/blast_html4.php?run_id=110202&search_id=114132&scans_id=110198&peptide_id=4134&scanf=13058&charge=2&value=0,K.SEDDESGAGELTR.E,/core/www/modules/show_out/show_out_wrapper.php?run_id=110202&search_id=114132&scans_id=110198&peptide_id=4134&scanf=13058&charge=2&value=K.SEDDESGAGELTR.E,MCM7,1.275e+7,4.105,0.000,4.045,0.000
13059,2,"  1.831","  0.458",7/14,/core/www/modules//sdig/index.php?run_id=110202&search_id=114132&scans_id=110198&peptide_id=4135&scanf=13059&charge=2&value=7/14,sp|P29590|PML_HUMAN,/core/www/modules//consensus/?run_id=110202&search_id=114132&scans_id=110198&peptide_id=4135&scanf=13059&charge=2&value=sp|P29590|PML_HUMAN,3,/core/www/modules/match_peptides/blast_html4.php?run_id=110202&search_id=114132&scans_id=110198&peptide_id=4135&scanf=13059&charge=2&value=3,R.DYEEMASR.L,/core/www/modules/show_out/show_out_wrapper.php?run_id=110202&search_id=114132&scans_id=110198&peptide_id=4135&scanf=13059&charge=2&value=R.DYEEMASR.L,PML,2.927e+6,3.012,0.004,2.426,0.000
13060,3,"  4.350","  0.480",18/40,/core/www/modules//sdig/index.php?run_id=110202&search_id=114132&scans_id=110198&peptide_id=4137&scanf=13060&charge=3&value=18/40,sp|Q13619|CUL4A_HUMAN,/core/www/modules//consensus/?run_id=110202&search_id=114132&scans_id=110198&peptide_id=4137&scanf=13060&charge=3&value=sp|Q13619|CUL4A_HUMAN,13,/core/www/modules/match_peptides/blast_html4.php?run_id=110202&search_id=114132&scans_id=110198&peptide_id=4137&scanf=13060&charge=3&value=13,K.RPNKPAELIAK.H,/core/www/modules/show_out/show_out_wrapper.php?run_id=110202&search_id=114132&scans_id=110198&peptide_id=4137&scanf=13060&charge=3&value=K.RPNKPAELIAK.H,CUL4A,1.355e+7,3.515,0.001,3.170,0.000
13067,2,"  1.647","  0.437",7/12,/core/www/modules//sdig/index.php?run_id=110202&search_id=114132&scans_id=110198&peptide_id=4143&scanf=13067&charge=2&value=7/12,sp|P46087|NOP2_HUMAN,/core/www/modules//consensus/?run_id=110202&search_id=114132&scans_id=110198&peptide_id=4143&scanf=13067&charge=2&value=sp|P46087|NOP2_HUMAN,0,/core/www/modules/match_peptides/blast_html4.php?run_id=110202&search_id=114132&scans_id=110198&peptide_id=4143&scanf=13067&charge=2&value=0,K.VVGGFDR.V,/core/www/modules/show_out/show_out_wrapper.php?run_id=110202&search_id=114132&scans_id=110198&peptide_id=4143&scanf=13067&charge=2&value=K.VVGGFDR.V,NOP2,5.297e+7,3.156,0.002,2.638,0.000
13068,2,"  2.462","  0.470",10/16,/core/www/modules//sdig/index.php?run_id=110202&search_id=114132&scans_id=110198&peptide_id=4144&scanf=13068&charge=2&value=10/16,sp|Q9NTI5|PDS5B_HUMAN,/core/www/modules//consensus/?run_id=110202&search_id=114132&scans_id=110198&peptide_id=4144&scanf=13068&charge=2&value=sp|Q9NTI5|PDS5B_HUMAN,0,/core/www/modules/match_peptides/blast_html4.php?run_id=110202&search_id=114132&scans_id=110198&peptide_id=4144&scanf=13068&charge=2&value=0,K.YALQSAAGK.D,/core/www/modules/show_out/show_out_wrapper.php?run_id=110202&search_id=114132&scans_id=110198&peptide_id=4144&scanf=13068&charge=2&value=K.YALQSAAGK.D,PDS5B,1.046e+7,3.246,0.002,2.772,0.000
13069,2,"  2.698","  0.542",12/20,/core/www/modules//sdig/index.php?run_id=110202&search_id=114132&scans_id=110198&peptide_id=4145&scanf=13069&charge=2&value=12/20,sp|P46779|RL28_HUMAN,/core/www/modules//consensus/?run_id=110202&search_id=114132&scans_id=110198&peptide_id=4145&scanf=13069&charge=2&value=sp|P46779|RL28_HUMAN,3,/core/www/modules/match_peptides/blast_html4.php?run_id=110202&search_id=114132&scans_id=110198&peptide_id=4145&scanf=13069&charge=2&value=3,K.TVGVEPAADGK.G,/core/www/modules/show_out/show_out_wrapper.php?run_id=110202&search_id=114132&scans_id=110198&peptide_id=4145&scanf=13069&charge=2&value=K.TVGVEPAADGK.G,RPL28,1.379e+8,3.382,0.001,2.973,0.000
13070,3,"  1.659","  0.190",12/44,/core/www/modules//sdig/index.php?run_id=110202&search_id=114132&scans_id=110198&peptide_id=4147&scanf=13070&charge=3&value=12/44,sp|P27635|RL10_HUMAN,/core/www/modules//consensus/?run_id=110202&search_id=114132&scans_id=110198&peptide_id=4147&scanf=13070&charge=3&value=sp|P27635|RL10_HUMAN,5,/core/www/modules/match_peptides/blast_html4.php?run_id=110202&search_id=114132&scans_id=110198&peptide_id=4147&scanf=13070&charge=3&value=5,R.GAFGKPQGTVAR.V,/core/www/modules/show_out/show_out_wrapper.php?run_id=110202&search_id=114132&scans_id=110198&peptide_id=4147&scanf=13070&charge=3&value=R.GAFGKPQGTVAR.V,RPL10,2.249e+8,2.144,0.068,1.168,0.002
13071,2,"  2.378","  0.204",8/14,/core/www/modules//sdig/index.php?run_id=110202&search_id=114132&scans_id=110198&peptide_id=4148&scanf=13071&charge=2&value=8/14,sp|Q86U86|PB1_HUMAN,/core/www/modules//consensus/?run_id=110202&search_id=114132&scans_id=110198&peptide_id=4148&scanf=13071&charge=2&value=sp|Q86U86|PB1_HUMAN,2,/core/www/modules/match_peptides/blast_html4.php?run_id=110202&search_id=114132&scans_id=110198&peptide_id=4148&scanf=13071&charge=2&value=2,K.LQQVMQAK.K,/core/www/modules/show_out/show_out_wrapper.php?run_id=110202&search_id=114132&scans_id=110198&peptide_id=4148&scanf=13071&charge=2&value=K.LQQVMQAK.K,PBRM1,5.662e+6,2.244,0.049,1.307,0.002
13072,2,"  4.273","  0.673",19/26,/core/www/modules//sdig/index.php?run_id=110202&search_id=114132&scans_id=110198&peptide_id=4149&scanf=13072&charge=2&value=19/26,sp|P40938|RFC3_HUMAN,/core/www/modules//consensus/?run_id=110202&search_id=114132&scans_id=110198&peptide_id=4149&scanf=13072&charge=2&value=sp|P40938|RFC3_HUMAN,0,/core/www/modules/match_peptides/blast_html4.php?run_id=110202&search_id=114132&scans_id=110198&peptide_id=4149&scanf=13072&charge=2&value=0,K.TVAQSQQLETNSQR.D,/core/www/modules/show_out/show_out_wrapper.php?run_id=110202&search_id=114132&scans_id=110198&peptide_id=4149&scanf=13072&charge=2&value=K.TVAQSQQLETNSQR.D,RFC3,1.033e+7,4.035,0.000,3.942,0.000
13074,2,"  1.867","  0.206",7/14,/core/www/modules//sdig/index.php?run_id=110202&search_id=114132&scans_id=110198&peptide_id=4151&scanf=13074&charge=2&value=7/14,sp|Q8WV44|TRI41_HUMAN,/core/www/modules//consensus/?run_id=110202&search_id=114132&scans_id=110198&peptide_id=4151&scanf=13074&charge=2&value=sp|Q8WV44|TRI41_HUMAN,2,/core/www/modules/match_peptides/blast_html4.php?run_id=110202&search_id=114132&scans_id=110198&peptide_id=4151&scanf=13074&charge=2&value=2,R.LLAEAQER.S,/core/www/modules/show_out/show_out_wrapper.php?run_id=110202&search_id=114132&scans_id=110198&peptide_id=4151&scanf=13074&charge=2&value=R.LLAEAQER.S,TRIM41,3.786e+6,2.151,0.067,1.177,0.002
13077,3,"  5.264","  0.461",16/48,/core/www/modules//sdig/index.php?run_id=110202&search_id=114132&scans_id=110198&peptide_id=4154&scanf=13077&charge=3&value=16/48,sp|Q9NR30|DDX21_HUMAN,/core/www/modules//consensus/?run_id=110202&search_id=114132&scans_id=110198&peptide_id=4154&scanf=13077&charge=3&value=sp|Q9NR30|DDX21_HUMAN,4,/core/www/modules/match_peptides/blast_html4.php?run_id=110202&search_id=114132&scans_id=110198&peptide_id=4154&scanf=13077&charge=3&value=4,K.KEAQELSQNSAIK.Q,/core/www/modules/show_out/show_out_wrapper.php?run_id=110202&search_id=114132&scans_id=110198&peptide_id=4154&scanf=13077&charge=3&value=K.KEAQELSQNSAIK.Q,DDX21,2.074e+7,3.097,0.003,2.552,0.000
13079,2,"  1.918","  0.328",8/16,/core/www/modules//sdig/index.php?run_id=110202&search_id=114132&scans_id=110198&peptide_id=4156&scanf=13079&charge=2&value=8/16,sp|P28370|SMCA1_HUMAN,/core/www/modules//consensus/?run_id=110202&search_id=114132&scans_id=110198&peptide_id=4156&scanf=13079&charge=2&value=sp|P28370|SMCA1_HUMAN,2,/core/www/modules/match_peptides/blast_html4.php?run_id=110202&search_id=114132&scans_id=110198&peptide_id=4156&scanf=13079&charge=2&value=2,K.EMDPEYEEK.M,/core/www/modules/show_out/show_out_wrapper.php?run_id=110202&search_id=114132&scans_id=110198&peptide_id=4156&scanf=13079&charge=2&value=K.EMDPEYEEK.M,SMARCA1,4.553e+6,2.531,0.019,1.719,0.000
13084,2,"  2.621","  0.503",11/18,/core/www/modules//sdig/index.php?run_id=110202&search_id=114132&scans_id=110198&peptide_id=4162&scanf=13084&charge=2&value=11/18,sp|O75691|UTP20_HUMAN,/core/www/modules//consensus/?run_id=110202&search_id=114132&scans_id=110198&peptide_id=4162&scanf=13084&charge=2&value=sp|O75691|UTP20_HUMAN,0,/core/www/modules/match_peptides/blast_html4.php?run_id=110202&search_id=114132&scans_id=110198&peptide_id=4162&scanf=13084&charge=2&value=0,K.ELQNDMTDEK.S,/core/www/modules/show_out/show_out_wrapper.php?run_id=110202&search_id=114132&scans_id=110198&peptide_id=4162&scanf=13084&charge=2&value=K.ELQNDMTDEK.S,UTP20,2.442e+6,3.418,0.001,3.027,0.000
13089,2,"  2.033","  0.276",9/16,/core/www/modules//sdig/index.php?run_id=110202&search_id=114132&scans_id=110198&peptide_id=4166&scanf=13089&charge=2&value=9/16,sp|P55786|PSA_HUMAN,/core/www/modules//consensus/?run_id=110202&search_id=114132&scans_id=110198&peptide_id=4166&scanf=13089&charge=2&value=sp|P55786|PSA_HUMAN,8,/core/www/modules/match_peptides/blast_html4.php?run_id=110202&search_id=114132&scans_id=110198&peptide_id=4166&scanf=13089&charge=2&value=8,K.YTTPSGEVR.Y,/core/www/modules/show_out/show_out_wrapper.php?run_id=110202&search_id=114132&scans_id=110198&peptide_id=4166&scanf=13089&charge=2&value=K.YTTPSGEVR.Y,NPEPPS,9.945e+6,2.494,0.022,1.665,0.001
13090,3,"  2.508","  0.408",15/48,/core/www/modules//sdig/index.php?run_id=110202&search_id=114132&scans_id=110198&peptide_id=4168&scanf=13090&charge=3&value=15/48,sp|P42166|LAP2A_HUMAN,/core/www/modules//consensus/?run_id=110202&search_id=114132&scans_id=110198&peptide_id=4168&scanf=13090&charge=3&value=sp|P42166|LAP2A_HUMAN,0,/core/www/modules/match_peptides/blast_html4.php?run_id=110202&search_id=114132&scans_id=110198&peptide_id=4168&scanf=13090&charge=3&value=0,K.MAAHTMGNATVGR.R,/core/www/modules/show_out/show_out_wrapper.php?run_id=110202&search_id=114132&scans_id=110198&peptide_id=4168&scanf=13090&charge=3&value=K.MAAHTMGNATVGR.R,TMPO,1.355e+7,2.952,0.005,2.337,0.000
13095,2,"  1.416","  0.085",7/12,/core/www/modules//sdig/index.php?run_id=110202&search_id=114132&scans_id=110198&peptide_id=4173&scanf=13095&charge=2&value=7/12,sp|P22314|UBA1_HUMAN,/core/www/modules//consensus/?run_id=110202&search_id=114132&scans_id=110198&peptide_id=4173&scanf=13095&charge=2&value=sp|P22314|UBA1_HUMAN,2,/core/www/modules/match_peptides/blast_html4.php?run_id=110202&search_id=114132&scans_id=110198&peptide_id=4173&scanf=13095&charge=2&value=2,K.LVVADTR.G,/core/www/modules/show_out/show_out_wrapper.php?run_id=110202&search_id=114132&scans_id=110198&peptide_id=4173&scanf=13095&charge=2&value=K.LVVADTR.G,UBA1,6.656e+6,1.936,0.129,0.889,0.006
13099,2,"  3.811","  0.564",14/20,/core/www/modules//sdig/index.php?run_id=110202&search_id=114132&scans_id=110198&peptide_id=4177&scanf=13099&charge=2&value=14/20,sp|Q8TDD1|DDX54_HUMAN,/core/www/modules//consensus/?run_id=110202&search_id=114132&scans_id=110198&peptide_id=4177&scanf=13099&charge=2&value=sp|Q8TDD1|DDX54_HUMAN,0,/core/www/modules/match_peptides/blast_html4.php?run_id=110202&search_id=114132&scans_id=110198&peptide_id=4177&scanf=13099&charge=2&value=0,R.VADNAQQQYVR.S,/core/www/modules/show_out/show_out_wrapper.php?run_id=110202&search_id=114132&scans_id=110198&peptide_id=4177&scanf=13099&charge=2&value=R.VADNAQQQYVR.S,DDX54,2.751e+7,3.708,0.000,3.457,0.000
13100,2,"  1.393","  0.182",8/14,/core/www/modules//sdig/index.php?run_id=110202&search_id=114132&scans_id=110198&peptide_id=4179&scanf=13100&charge=2&value=8/14,sp|Q9UHX1|PUF60_HUMAN,/core/www/modules//consensus/?run_id=110202&search_id=114132&scans_id=110198&peptide_id=4179&scanf=13100&charge=2&value=sp|Q9UHX1|PUF60_HUMAN,4,/core/www/modules/match_peptides/blast_html4.php?run_id=110202&search_id=114132&scans_id=110198&peptide_id=4179&scanf=13100&charge=2&value=4,K.AIQALNGR.W,/core/www/modules/show_out/show_out_wrapper.php?run_id=110202&search_id=114132&scans_id=110198&peptide_id=4179&scanf=13100&charge=2&value=K.AIQALNGR.W,PUF60,7.338e+6,2.166,0.063,1.198,0.002
13107,2,"  2.577","  0.584",14/28,/core/www/modules//sdig/index.php?run_id=110202&search_id=114132&scans_id=110198&peptide_id=4186&scanf=13107&charge=2&value=14/28,sp|P29966|MARCS_HUMAN,/core/www/modules//consensus/?run_id=110202&search_id=114132&scans_id=110198&peptide_id=4186&scanf=13107&charge=2&value=sp|P29966|MARCS_HUMAN,0,/core/www/modules/match_peptides/blast_html4.php?run_id=110202&search_id=114132&scans_id=110198&peptide_id=4186&scanf=13107&charge=2&value=0,K.AEDGATPSPSNETPK.K,/core/www/modules/show_out/show_out_wrapper.php?run_id=110202&search_id=114132&scans_id=110198&peptide_id=4186&scanf=13107&charge=2&value=K.AEDGATPSPSNETPK.K,MARCKS,2.833e+6,3.184,0.002,2.680,0.000
13109,2,"  3.091","  0.583",12/18,/core/www/modules//sdig/index.php?run_id=110202&search_id=114132&scans_id=110198&peptide_id=4187&scanf=13109&charge=2&value=12/18,sp|P08670|VIME_HUMAN,/core/www/modules//consensus/?run_id=110202&search_id=114132&scans_id=110198&peptide_id=4187&scanf=13109&charge=2&value=sp|P08670|VIME_HUMAN,2,/core/www/modules/match_peptides/blast_html4.php?run_id=110202&search_id=114132&scans_id=110198&peptide_id=4187&scanf=13109&charge=2&value=2,R.QDVDNASLAR.L,/core/www/modules/show_out/show_out_wrapper.php?run_id=110202&search_id=114132&scans_id=110198&peptide_id=4187&scanf=13109&charge=2&value=R.QDVDNASLAR.L,VIM,1.042e+9,4.078,0.000,4.005,0.000
13110,2,"  2.087","  0.323",10/16,/core/www/modules//sdig/index.php?run_id=110202&search_id=114132&scans_id=110198&peptide_id=4188&scanf=13110&charge=2&value=10/16,sp|P49368|TCPG_HUMAN,/core/www/modules//consensus/?run_id=110202&search_id=114132&scans_id=110198&peptide_id=4188&scanf=13110&charge=2&value=sp|P49368|TCPG_HUMAN,1,/core/www/modules/match_peptides/blast_html4.php?run_id=110202&search_id=114132&scans_id=110198&peptide_id=4188&scanf=13110&charge=2&value=1,R.IDDIVSGHK.K,/core/www/modules/show_out/show_out_wrapper.php?run_id=110202&search_id=114132&scans_id=110198&peptide_id=4188&scanf=13110&charge=2&value=R.IDDIVSGHK.K,CCT3,3.019e+7,2.694,0.011,1.958,0.000
13111,2,"  3.210","  0.560",11/18,/core/www/modules//sdig/index.php?run_id=110202&search_id=114132&scans_id=110198&peptide_id=4189&scanf=13111&charge=2&value=11/18,sp|P48643|TCPE_HUMAN,/core/www/modules//consensus/?run_id=110202&search_id=114132&scans_id=110198&peptide_id=4189&scanf=13111&charge=2&value=sp|P48643|TCPE_HUMAN,3,/core/www/modules/match_peptides/blast_html4.php?run_id=110202&search_id=114132&scans_id=110198&peptide_id=4189&scanf=13111&charge=2&value=3,R.IADGYEQAAR.V,/core/www/modules/show_out/show_out_wrapper.php?run_id=110202&search_id=114132&scans_id=110198&peptide_id=4189&scanf=13111&charge=2&value=R.IADGYEQAAR.V,CCT5,2.505e+7,3.549,0.001,3.220,0.000
13113,2,"  1.975","  0.217",8/14,/core/www/modules//sdig/index.php?run_id=110202&search_id=114132&scans_id=110198&peptide_id=4191&scanf=13113&charge=2&value=8/14,sp|P61106|RAB14_HUMAN,/core/www/modules//consensus/?run_id=110202&search_id=114132&scans_id=110198&peptide_id=4191&scanf=13113&charge=2&value=sp|P61106|RAB14_HUMAN,1,/core/www/modules/match_peptides/blast_html4.php?run_id=110202&search_id=114132&scans_id=110198&peptide_id=4191&scanf=13113&charge=2&value=1,R.IIEVSGQK.I,/core/www/modules/show_out/show_out_wrapper.php?run_id=110202&search_id=114132&scans_id=110198&peptide_id=4191&scanf=13113&charge=2&value=R.IIEVSGQK.I,RAB14,6.832e+6,2.319,0.039,1.414,0.001
13114,3,"  2.823","  0.523",11/32,/core/www/modules//sdig/index.php?run_id=110202&search_id=114132&scans_id=110198&peptide_id=4192&scanf=13114&charge=3&value=11/32,sp|Q8WTT2|NOC3L_HUMAN,/core/www/modules//consensus/?run_id=110202&search_id=114132&scans_id=110198&peptide_id=4192&scanf=13114&charge=3&value=sp|Q8WTT2|NOC3L_HUMAN,0,/core/www/modules/match_peptides/blast_html4.php?run_id=110202&search_id=114132&scans_id=110198&peptide_id=4192&scanf=13114&charge=3&value=0,K.IRPLTEAEK.S,/core/www/modules/show_out/show_out_wrapper.php?run_id=110202&search_id=114132&scans_id=110198&peptide_id=4192&scanf=13114&charge=3&value=K.IRPLTEAEK.S,NOC3L,4.521e+7,3.535,0.001,3.200,0.000
13116,2,"  1.958","  0.501",9/16,/core/www/modules//sdig/index.php?run_id=110202&search_id=114132&scans_id=110198&peptide_id=4194&scanf=13116&charge=2&value=9/16,sp|P53618|COPB_HUMAN,/core/www/modules//consensus/?run_id=110202&search_id=114132&scans_id=110198&peptide_id=4194&scanf=13116&charge=2&value=sp|P53618|COPB_HUMAN,0,/core/www/modules/match_peptides/blast_html4.php?run_id=110202&search_id=114132&scans_id=110198&peptide_id=4194&scanf=13116&charge=2&value=0,K.EAADPLASK.L,/core/www/modules/show_out/show_out_wrapper.php?run_id=110202&search_id=114132&scans_id=110198&peptide_id=4194&scanf=13116&charge=2&value=K.EAADPLASK.L,COPB1,1.498e+7,3.307,0.001,2.862,0.000
13117,2,"  1.892","  0.455",7/14,/core/www/modules//sdig/index.php?run_id=110202&search_id=114132&scans_id=110198&peptide_id=4195&scanf=13117&charge=2&value=7/14,sp|Q12905|ILF2_HUMAN,/core/www/modules//consensus/?run_id=110202&search_id=114132&scans_id=110198&peptide_id=4195&scanf=13117&charge=2&value=sp|Q12905|ILF2_HUMAN,1,/core/www/modules/match_peptides/blast_html4.php?run_id=110202&search_id=114132&scans_id=110198&peptide_id=4195&scanf=13117&charge=2&value=1,R.ILSHGGFR.K,/core/www/modules/show_out/show_out_wrapper.php?run_id=110202&search_id=114132&scans_id=110198&peptide_id=4195&scanf=13117&charge=2&value=R.ILSHGGFR.K,ILF2,2.018e+8,3.092,0.003,2.544,0.000
13118,3,"  2.267","  0.419",11/36,/core/www/modules//sdig/index.php?run_id=110202&search_id=114132&scans_id=110198&peptide_id=4196&scanf=13118&charge=3&value=11/36,sp|Q96HA7|TONSL_HUMAN,/core/www/modules//consensus/?run_id=110202&search_id=114132&scans_id=110198&peptide_id=4196&scanf=13118&charge=3&value=sp|Q96HA7|TONSL_HUMAN,0,/core/www/modules/match_peptides/blast_html4.php?run_id=110202&search_id=114132&scans_id=110198&peptide_id=4196&scanf=13118&charge=3&value=0,R.LPEASQAHVR.V,/core/www/modules/show_out/show_out_wrapper.php?run_id=110202&search_id=114132&scans_id=110198&peptide_id=4196&scanf=13118&charge=3&value=R.LPEASQAHVR.V,TONSL,3.957e+6,2.982,0.004,2.381,0.000
13119,3,"  2.740","  0.295",10/52,/core/www/modules//sdig/index.php?run_id=110202&search_id=114132&scans_id=110198&peptide_id=4197&scanf=13119&charge=3&value=10/52,sp|P23381|SYWC_HUMAN,/core/www/modules//consensus/?run_id=110202&search_id=114132&scans_id=110198&peptide_id=4197&scanf=13119&charge=3&value=sp|P23381|SYWC_HUMAN,14,/core/www/modules/match_peptides/blast_html4.php?run_id=110202&search_id=114132&scans_id=110198&peptide_id=4197&scanf=13119&charge=3&value=14,K.AGNASKDEIDSAVK.M,/core/www/modules/show_out/show_out_wrapper.php?run_id=110202&search_id=114132&scans_id=110198&peptide_id=4197&scanf=13119&charge=3&value=K.AGNASKDEIDSAVK.M,WARS1,6.034e+6,2.037,0.095,1.022,0.004
13125,2,"  1.971","  0.178",10/16,/core/www/modules//sdig/index.php?run_id=110202&search_id=114132&scans_id=110198&peptide_id=4204&scanf=13125&charge=2&value=10/16,sp|Q9Y678|COPG1_HUMAN,/core/www/modules//consensus/?run_id=110202&search_id=114132&scans_id=110198&peptide_id=4204&scanf=13125&charge=2&value=sp|Q9Y678|COPG1_HUMAN,0,/core/www/modules/match_peptides/blast_html4.php?run_id=110202&search_id=114132&scans_id=110198&peptide_id=4204&scanf=13125&charge=2&value=0,R.AGAVSALAK.F,/core/www/modules/show_out/show_out_wrapper.php?run_id=110202&search_id=114132&scans_id=110198&peptide_id=4204&scanf=13125&charge=2&value=R.AGAVSALAK.F,COPG1,1.595e+7,2.186,0.060,1.225,0.002
13130,2,"  2.441","  0.546",11/16,/core/www/modules//sdig/index.php?run_id=110202&search_id=114132&scans_id=110198&peptide_id=4209&scanf=13130&charge=2&value=11/16,sp|Q07955|SRSF1_HUMAN,/core/www/modules//consensus/?run_id=110202&search_id=114132&scans_id=110198&peptide_id=4209&scanf=13130&charge=2&value=sp|Q07955|SRSF1_HUMAN,1,/core/www/modules/match_peptides/blast_html4.php?run_id=110202&search_id=114132&scans_id=110198&peptide_id=4209&scanf=13130&charge=2&value=1,R.DAEDAVYGR.D,/core/www/modules/show_out/show_out_wrapper.php?run_id=110202&search_id=114132&scans_id=110198&peptide_id=4209&scanf=13130&charge=2&value=R.DAEDAVYGR.D,SRSF1,9.787e+7,3.670,0.000,3.400,0.000
13138,2,"  2.682","  0.380",12/12,/core/www/modules//sdig/index.php?run_id=110202&search_id=114132&scans_id=110198&peptide_id=4217&scanf=13138&charge=2&value=12/12,sp|P50914|RL14_HUMAN,/core/www/modules//consensus/?run_id=110202&search_id=114132&scans_id=110198&peptide_id=4217&scanf=13138&charge=2&value=sp|P50914|RL14_HUMAN,1,/core/www/modules/match_peptides/blast_html4.php?run_id=110202&search_id=114132&scans_id=110198&peptide_id=4217&scanf=13138&charge=2&value=1,R.RFVEVGR.V,/core/www/modules/show_out/show_out_wrapper.php?run_id=110202&search_id=114132&scans_id=110198&peptide_id=4217&scanf=13138&charge=2&value=R.RFVEVGR.V,RPL14,5.927e+7,3.282,0.001,2.825,0.000
13139,2,"  2.657","  0.513",11/20,/core/www/modules//sdig/index.php?run_id=110202&search_id=114132&scans_id=110198&peptide_id=4218&scanf=13139&charge=2&value=11/20,sp|Q6PJT7|ZC3HE_HUMAN,/core/www/modules//consensus/?run_id=110202&search_id=114132&scans_id=110198&peptide_id=4218&scanf=13139&charge=2&value=sp|Q6PJT7|ZC3HE_HUMAN,5,/core/www/modules/match_peptides/blast_html4.php?run_id=110202&search_id=114132&scans_id=110198&peptide_id=4218&scanf=13139&charge=2&value=5,K.AISEAQESVTK.T,/core/www/modules/show_out/show_out_wrapper.php?run_id=110202&search_id=114132&scans_id=110198&peptide_id=4218&scanf=13139&charge=2&value=K.AISEAQESVTK.T,ZC3H14,4.451e+6,3.190,0.002,2.689,0.000
13143,2,"  2.076","  0.423",7/14,/core/www/modules//sdig/index.php?run_id=110202&search_id=114132&scans_id=110198&peptide_id=4223&scanf=13143&charge=2&value=7/14,sp|Q86VM9|ZCH18_HUMAN,/core/www/modules//consensus/?run_id=110202&search_id=114132&scans_id=110198&peptide_id=4223&scanf=13143&charge=2&value=sp|Q86VM9|ZCH18_HUMAN,1,/core/www/modules/match_peptides/blast_html4.php?run_id=110202&search_id=114132&scans_id=110198&peptide_id=4223&scanf=13143&charge=2&value=1,R.GGQYENFR.V,/core/www/modules/show_out/show_out_wrapper.php?run_id=110202&search_id=114132&scans_id=110198&peptide_id=4223&scanf=13143&charge=2&value=R.GGQYENFR.V,ZC3H18,2.346e+7,2.897,0.006,2.256,0.000
13146,2,"  1.541","  0.120",6/12,/core/www/modules//sdig/index.php?run_id=110202&search_id=114132&scans_id=110198&peptide_id=4226&scanf=13146&charge=2&value=6/12,sp|Q14320|FA50A_HUMAN,/core/www/modules//consensus/?run_id=110202&search_id=114132&scans_id=110198&peptide_id=4226&scanf=13146&charge=2&value=sp|Q14320|FA50A_HUMAN,1,/core/www/modules/match_peptides/blast_html4.php?run_id=110202&search_id=114132&scans_id=110198&peptide_id=4226&scanf=13146&charge=2&value=1,K.HIFPASR.W,/core/www/modules/show_out/show_out_wrapper.php?run_id=110202&search_id=114132&scans_id=110198&peptide_id=4226&scanf=13146&charge=2&value=K.HIFPASR.W,FAM50A,2.613e+6,1.813,0.184,0.734,0.010
13149,2,"  3.254","  0.541",13/22,/core/www/modules//sdig/index.php?run_id=110202&search_id=114132&scans_id=110198&peptide_id=4229&scanf=13149&charge=2&value=13/22,sp|P30101|PDIA3_HUMAN,/core/www/modules//consensus/?run_id=110202&search_id=114132&scans_id=110198&peptide_id=4229&scanf=13149&charge=2&value=sp|P30101|PDIA3_HUMAN,14,/core/www/modules/match_peptides/blast_html4.php?run_id=110202&search_id=114132&scans_id=110198&peptide_id=4229&scanf=13149&charge=2&value=14,R.DGEEAGAYDGPR.T,/core/www/modules/show_out/show_out_wrapper.php?run_id=110202&search_id=114132&scans_id=110198&peptide_id=4229&scanf=13149&charge=2&value=R.DGEEAGAYDGPR.T,PDIA3,2.025e+7,3.412,0.001,3.018,0.000
13151,2,"  1.748","  0.467",9/14,/core/www/modules//sdig/index.php?run_id=110202&search_id=114132&scans_id=110198&peptide_id=4231&scanf=13151&charge=2&value=9/14,sp|Q12905|ILF2_HUMAN,/core/www/modules//consensus/?run_id=110202&search_id=114132&scans_id=110198&peptide_id=4231&scanf=13151&charge=2&value=sp|Q12905|ILF2_HUMAN,1,/core/www/modules/match_peptides/blast_html4.php?run_id=110202&search_id=114132&scans_id=110198&peptide_id=4231&scanf=13151&charge=2&value=1,R.ILSHGGFR.K,/core/www/modules/show_out/show_out_wrapper.php?run_id=110202&search_id=114132&scans_id=110198&peptide_id=4231&scanf=13151&charge=2&value=R.ILSHGGFR.K,ILF2,2.018e+8,3.337,0.001,2.906,0.000
13154,3,"  4.718","  0.532",15/52,/core/www/modules//sdig/index.php?run_id=110202&search_id=114132&scans_id=110198&peptide_id=4234&scanf=13154&charge=3&value=15/52,sp|Q6UXN9|WDR82_HUMAN,/core/www/modules//consensus/?run_id=110202&search_id=114132&scans_id=110198&peptide_id=4234&scanf=13154&charge=3&value=sp|Q6UXN9|WDR82_HUMAN,0,/core/www/modules/match_peptides/blast_html4.php?run_id=110202&search_id=114132&scans_id=110198&peptide_id=4234&scanf=13154&charge=3&value=0,R.YTHAANTVVYSSNK.I,/core/www/modules/show_out/show_out_wrapper.php?run_id=110202&search_id=114132&scans_id=110198&peptide_id=4234&scanf=13154&charge=3&value=R.YTHAANTVVYSSNK.I,WDR82,1.921e+7,3.323,0.001,2.886,0.000
13156,4,"  2.858","  0.220",12/72,/core/www/modules//sdig/index.php?run_id=110202&search_id=114132&scans_id=110198&peptide_id=4236&scanf=13156&charge=4&value=12/72,sp|O14646|CHD1_HUMAN,/core/www/modules//consensus/?run_id=110202&search_id=114132&scans_id=110198&peptide_id=4236&scanf=13156&charge=4&value=sp|O14646|CHD1_HUMAN,0,/core/www/modules/match_peptides/blast_html4.php?run_id=110202&search_id=114132&scans_id=110198&peptide_id=4236&scanf=13156&charge=4&value=0,K.ILPDDPDKKPQAK.Q,/core/www/modules/show_out/show_out_wrapper.php?run_id=110202&search_id=114132&scans_id=110198&peptide_id=4236&scanf=13156&charge=4&value=K.ILPDDPDKKPQAK.Q,CHD1,6.448e+6,2.319,0.039,1.414,0.001
13160,2,"  2.065","  0.390",8/14,/core/www/modules//sdig/index.php?run_id=110202&search_id=114132&scans_id=110198&peptide_id=4241&scanf=13160&charge=2&value=8/14,sp|P09543|CN37_HUMAN,/core/www/modules//consensus/?run_id=110202&search_id=114132&scans_id=110198&peptide_id=4241&scanf=13160&charge=2&value=sp|P09543|CN37_HUMAN,4,/core/www/modules/match_peptides/blast_html4.php?run_id=110202&search_id=114132&scans_id=110198&peptide_id=4241&scanf=13160&charge=2&value=4,K.MVSADAYK.I,/core/www/modules/show_out/show_out_wrapper.php?run_id=110202&search_id=114132&scans_id=110198&peptide_id=4241&scanf=13160&charge=2&value=K.MVSADAYK.I,CNP,7.030e+6,2.894,0.006,2.251,0.000
13166,2,"  2.787","  0.213",12/20,/core/www/modules//sdig/index.php?run_id=110202&search_id=114132&scans_id=110198&peptide_id=4247&scanf=13166&charge=2&value=12/20,sp|Q27J81|INF2_HUMAN,/core/www/modules//consensus/?run_id=110202&search_id=114132&scans_id=110198&peptide_id=4247&scanf=13166&charge=2&value=sp|Q27J81|INF2_HUMAN,17,/core/www/modules/match_peptides/blast_html4.php?run_id=110202&search_id=114132&scans_id=110198&peptide_id=4247&scanf=13166&charge=2&value=17,K.SVQANLDQSQR.G,/core/www/modules/show_out/show_out_wrapper.php?run_id=110202&search_id=114132&scans_id=110198&peptide_id=4247&scanf=13166&charge=2&value=K.SVQANLDQSQR.G,INF2,3.806e+6,2.257,0.047,1.325,0.002
13169,3,"  3.885","  0.412",13/48,/core/www/modules//sdig/index.php?run_id=110202&search_id=114132&scans_id=110198&peptide_id=4250&scanf=13169&charge=3&value=13/48,sp|P62263|RS14_HUMAN,/core/www/modules//consensus/?run_id=110202&search_id=114132&scans_id=110198&peptide_id=4250&scanf=13169&charge=3&value=sp|P62263|RS14_HUMAN,2,/core/www/modules/match_peptides/blast_html4.php?run_id=110202&search_id=114132&scans_id=110198&peptide_id=4250&scanf=13169&charge=3&value=2,R.TKTPGPGAQSALR.A,/core/www/modules/show_out/show_out_wrapper.php?run_id=110202&search_id=114132&scans_id=110198&peptide_id=4250&scanf=13169&charge=3&value=R.TKTPGPGAQSALR.A,RPS14,1.708e+7,2.619,0.014,1.847,0.000
13172,2,"  3.086","  0.647",17/20,/core/www/modules//sdig/index.php?run_id=110202&search_id=114132&scans_id=110198&peptide_id=4253&scanf=13172&charge=2&value=17/20,sp|P51531|SMCA2_HUMAN,/core/www/modules//consensus/?run_id=110202&search_id=114132&scans_id=110198&peptide_id=4253&scanf=13172&charge=2&value=sp|P51531|SMCA2_HUMAN,2,/core/www/modules/match_peptides/blast_html4.php?run_id=110202&search_id=114132&scans_id=110198&peptide_id=4253&scanf=13172&charge=2&value=2,K.AVATWHANTER.E,/core/www/modules/show_out/show_out_wrapper.php?run_id=110202&search_id=114132&scans_id=110198&peptide_id=4253&scanf=13172&charge=2&value=K.AVATWHANTER.E,SMARCA2,5.642e+7,4.378,0.000,4.450,0.000
13177,2,"  1.640","  0.237",9/18,/core/www/modules//sdig/index.php?run_id=110202&search_id=114132&scans_id=110198&peptide_id=4258&scanf=13177&charge=2&value=9/18,sp|Q9UQ35|SRRM2_HUMAN,/core/www/modules//consensus/?run_id=110202&search_id=114132&scans_id=110198&peptide_id=4258&scanf=13177&charge=2&value=sp|Q9UQ35|SRRM2_HUMAN,0,/core/www/modules/match_peptides/blast_html4.php?run_id=110202&search_id=114132&scans_id=110198&peptide_id=4258&scanf=13177&charge=2&value=0,R.TAPAANLASR.I,/core/www/modules/show_out/show_out_wrapper.php?run_id=110202&search_id=114132&scans_id=110198&peptide_id=4258&scanf=13177&charge=2&value=R.TAPAANLASR.I,SRRM2,1.402e+7,2.306,0.040,1.395,0.001
13178,2,"  2.786","  0.598",11/16,/core/www/modules//sdig/index.php?run_id=110202&search_id=114132&scans_id=110198&peptide_id=4259&scanf=13178&charge=2&value=11/16,sp|Q08211|DHX9_HUMAN,/core/www/modules//consensus/?run_id=110202&search_id=114132&scans_id=110198&peptide_id=4259&scanf=13178&charge=2&value=sp|Q08211|DHX9_HUMAN,0,/core/www/modules/match_peptides/blast_html4.php?run_id=110202&search_id=114132&scans_id=110198&peptide_id=4259&scanf=13178&charge=2&value=0,R.MGGEEAEIR.F,/core/www/modules/show_out/show_out_wrapper.php?run_id=110202&search_id=114132&scans_id=110198&peptide_id=4259&scanf=13178&charge=2&value=R.MGGEEAEIR.F,DHX9,2.965e+8,4.071,0.000,3.995,0.000
13179,2,"  2.321","  0.548",9/14,/core/www/modules//sdig/index.php?run_id=110202&search_id=114132&scans_id=110198&peptide_id=4260&scanf=13179&charge=2&value=9/14,sp|Q9BUQ8|DDX23_HUMAN,/core/www/modules//consensus/?run_id=110202&search_id=114132&scans_id=110198&peptide_id=4260&scanf=13179&charge=2&value=sp|Q9BUQ8|DDX23_HUMAN,4,/core/www/modules/match_peptides/blast_html4.php?run_id=110202&search_id=114132&scans_id=110198&peptide_id=4260&scanf=13179&charge=2&value=4,K.MLEDPQER.E,/core/www/modules/show_out/show_out_wrapper.php?run_id=110202&search_id=114132&scans_id=110198&peptide_id=4260&scanf=13179&charge=2&value=K.MLEDPQER.E,DDX23,1.312e+7,3.605,0.000,3.304,0.000
13182,4,"  3.903","  0.399",13/84,/core/www/modules//sdig/index.php?run_id=110202&search_id=114132&scans_id=110198&peptide_id=4264&scanf=13182&charge=4&value=13/84,sp|O00267|SPT5H_HUMAN,/core/www/modules//consensus/?run_id=110202&search_id=114132&scans_id=110198&peptide_id=4264&scanf=13182&charge=4&value=sp|O00267|SPT5H_HUMAN,0,/core/www/modules/match_peptides/blast_html4.php?run_id=110202&search_id=114132&scans_id=110198&peptide_id=4264&scanf=13182&charge=4&value=0,R.TPHYGSQTPLHDGSR.T,/core/www/modules/show_out/show_out_wrapper.php?run_id=110202&search_id=114132&scans_id=110198&peptide_id=4264&scanf=13182&charge=4&value=R.TPHYGSQTPLHDGSR.T,SUPT5H,7.665e+6,3.129,0.003,2.599,0.000
13183,2,"  2.805","  0.483",11/18,/core/www/modules//sdig/index.php?run_id=110202&search_id=114132&scans_id=110198&peptide_id=4265&scanf=13183&charge=2&value=11/18,sp|Q9Y262|EIF3L_HUMAN,/core/www/modules//consensus/?run_id=110202&search_id=114132&scans_id=110198&peptide_id=4265&scanf=13183&charge=2&value=sp|Q9Y262|EIF3L_HUMAN,4,/core/www/modules/match_peptides/blast_html4.php?run_id=110202&search_id=114132&scans_id=110198&peptide_id=4265&scanf=13183&charge=2&value=4,K.VSGGPSLEQR.F,/core/www/modules/show_out/show_out_wrapper.php?run_id=110202&search_id=114132&scans_id=110198&peptide_id=4265&scanf=13183&charge=2&value=K.VSGGPSLEQR.F,EIF3L,1.172e+7,3.289,0.001,2.835,0.000
13184,2,"  3.672","  0.647",15/20,/core/www/modules//sdig/index.php?run_id=110202&search_id=114132&scans_id=110198&peptide_id=4266&scanf=13184&charge=2&value=15/20,sp|P33991|MCM4_HUMAN,/core/www/modules//consensus/?run_id=110202&search_id=114132&scans_id=110198&peptide_id=4266&scanf=13184&charge=2&value=sp|P33991|MCM4_HUMAN,5,/core/www/modules/match_peptides/blast_html4.php?run_id=110202&search_id=114132&scans_id=110198&peptide_id=4266&scanf=13184&charge=2&value=5,R.LHGLDEEAEQK.L,/core/www/modules/show_out/show_out_wrapper.php?run_id=110202&search_id=114132&scans_id=110198&peptide_id=4266&scanf=13184&charge=2&value=R.LHGLDEEAEQK.L,MCM4,5.295e+6,4.027,0.000,3.929,0.000
13185,2,"  3.027","  0.463",11/16,/core/www/modules//sdig/index.php?run_id=110202&search_id=114132&scans_id=110198&peptide_id=4267&scanf=13185&charge=2&value=11/16,sp|P10809|CH60_HUMAN,/core/www/modules//consensus/?run_id=110202&search_id=114132&scans_id=110198&peptide_id=4267&scanf=13185&charge=2&value=sp|P10809|CH60_HUMAN,3,/core/www/modules/match_peptides/blast_html4.php?run_id=110202&search_id=114132&scans_id=110198&peptide_id=4267&scanf=13185&charge=2&value=3,R.VTDALNATR.A,/core/www/modules/show_out/show_out_wrapper.php?run_id=110202&search_id=114132&scans_id=110198&peptide_id=4267&scanf=13185&charge=2&value=R.VTDALNATR.A,HSPD1,6.604e+7,3.269,0.002,2.806,0.000
13189,2,"  2.162","  0.148",11/18,/core/www/modules//sdig/index.php?run_id=110202&search_id=114132&scans_id=110198&peptide_id=4271&scanf=13189&charge=2&value=11/18,sp|Q9BX10|GTPB2_HUMAN,/core/www/modules//consensus/?run_id=110202&search_id=114132&scans_id=110198&peptide_id=4271&scanf=13189&charge=2&value=sp|Q9BX10|GTPB2_HUMAN,1,/core/www/modules/match_peptides/blast_html4.php?run_id=110202&search_id=114132&scans_id=110198&peptide_id=4271&scanf=13189&charge=2&value=1,K.GEVVNYSDSR.T,/core/www/modules/show_out/show_out_wrapper.php?run_id=110202&search_id=114132&scans_id=110198&peptide_id=4271&scanf=13189&charge=2&value=K.GEVVNYSDSR.T,GTPBP2,4.621e+6,2.096,0.079,1.101,0.003
13191,3,"  3.410","  0.531",13/56,/core/www/modules//sdig/index.php?run_id=110202&search_id=114132&scans_id=110198&peptide_id=4274&scanf=13191&charge=3&value=13/56,sp|O94826|TOM70_HUMAN,/core/www/modules//consensus/?run_id=110202&search_id=114132&scans_id=110198&peptide_id=4274&scanf=13191&charge=3&value=sp|O94826|TOM70_HUMAN,0,/core/www/modules/match_peptides/blast_html4.php?run_id=110202&search_id=114132&scans_id=110198&peptide_id=4274&scanf=13191&charge=3&value=0,K.SDEDKDKEGEALEVK.E,/core/www/modules/show_out/show_out_wrapper.php?run_id=110202&search_id=114132&scans_id=110198&peptide_id=4274&scanf=13191&charge=3&value=K.SDEDKDKEGEALEVK.E,TOMM70,4.493e+6,2.593,0.016,1.810,0.000
13193,2,"  2.240","  0.433",8/12,/core/www/modules//sdig/index.php?run_id=110202&search_id=114132&scans_id=110198&peptide_id=4275&scanf=13193&charge=2&value=8/12,sp|P33993|MCM7_HUMAN,/core/www/modules//consensus/?run_id=110202&search_id=114132&scans_id=110198&peptide_id=4275&scanf=13193&charge=2&value=sp|P33993|MCM7_HUMAN,0,/core/www/modules/match_peptides/blast_html4.php?run_id=110202&search_id=114132&scans_id=110198&peptide_id=4275&scanf=13193&charge=2&value=0,K.YGNQLVR.L,/core/www/modules/show_out/show_out_wrapper.php?run_id=110202&search_id=114132&scans_id=110198&peptide_id=4275&scanf=13193&charge=2&value=K.YGNQLVR.L,MCM7,2.267e+7,3.320,0.001,2.882,0.000
13200,2,"  1.141","  0.127",8/14,/core/www/modules//sdig/index.php?run_id=110202&search_id=114132&scans_id=110198&peptide_id=4283&scanf=13200&charge=2&value=8/14,sp|A6NHR9|SMHD1_HUMAN,/core/www/modules//consensus/?run_id=110202&search_id=114132&scans_id=110198&peptide_id=4283&scanf=13200&charge=2&value=sp|A6NHR9|SMHD1_HUMAN,3,/core/www/modules/match_peptides/blast_html4.php?run_id=110202&search_id=114132&scans_id=110198&peptide_id=4283&scanf=13200&charge=2&value=3,K.LSEQEELK.K,/core/www/modules/show_out/show_out_wrapper.php?run_id=110202&search_id=114132&scans_id=110198&peptide_id=4283&scanf=13200&charge=2&value=K.LSEQEELK.K,SMCHD1,1.830e+7,2.179,0.061,1.216,0.002
13205,2,"  2.879","  0.645",14/20,/core/www/modules//sdig/index.php?run_id=110202&search_id=114132&scans_id=110198&peptide_id=4288&scanf=13205&charge=2&value=14/20,sp|Q9NU22|MDN1_HUMAN,/core/www/modules//consensus/?run_id=110202&search_id=114132&scans_id=110198&peptide_id=4288&scanf=13205&charge=2&value=sp|Q9NU22|MDN1_HUMAN,0,/core/www/modules/match_peptides/blast_html4.php?run_id=110202&search_id=114132&scans_id=110198&peptide_id=4288&scanf=13205&charge=2&value=0,R.TALSEEEEEER.E,/core/www/modules/show_out/show_out_wrapper.php?run_id=110202&search_id=114132&scans_id=110198&peptide_id=4288&scanf=13205&charge=2&value=R.TALSEEEEEER.E,MDN1,4.402e+6,4.140,0.000,4.096,0.000
13206,2,"  1.720","  0.277",6/12,/core/www/modules//sdig/index.php?run_id=110202&search_id=114132&scans_id=110198&peptide_id=4289&scanf=13206&charge=2&value=6/12,sp|P24928|RPB1_HUMAN,/core/www/modules//consensus/?run_id=110202&search_id=114132&scans_id=110198&peptide_id=4289&scanf=13206&charge=2&value=sp|P24928|RPB1_HUMAN,1,/core/www/modules/match_peptides/blast_html4.php?run_id=110202&search_id=114132&scans_id=110198&peptide_id=4289&scanf=13206&charge=2&value=1,R.FDYTNER.A,/core/www/modules/show_out/show_out_wrapper.php?run_id=110202&search_id=114132&scans_id=110198&peptide_id=4289&scanf=13206&charge=2&value=R.FDYTNER.A,POLR2A,3.926e+6,2.490,0.022,1.659,0.001
13210,3,"  1.832","  0.247",11/36,/core/www/modules//sdig/index.php?run_id=110202&search_id=114132&scans_id=110198&peptide_id=4294&scanf=13210&charge=3&value=11/36,sp|Q13451|FKBP5_HUMAN,/core/www/modules//consensus/?run_id=110202&search_id=114132&scans_id=110198&peptide_id=4294&scanf=13210&charge=3&value=sp|Q13451|FKBP5_HUMAN,0,/core/www/modules/match_peptides/blast_html4.php?run_id=110202&search_id=114132&scans_id=110198&peptide_id=4294&scanf=13210&charge=3&value=0,R.YGFGEAGKPK.F,/core/www/modules/show_out/show_out_wrapper.php?run_id=110202&search_id=114132&scans_id=110198&peptide_id=4294&scanf=13210&charge=3&value=R.YGFGEAGKPK.F,FKBP5,7.270e+6,2.396,0.030,1.523,0.001
13214,2,"  2.129","  0.118",8/12,/core/www/modules//sdig/index.php?run_id=110202&search_id=114132&scans_id=110198&peptide_id=4297&scanf=13214&charge=2&value=8/12,sp|P62913|RL11_HUMAN,/core/www/modules//consensus/?run_id=110202&search_id=114132&scans_id=110198&peptide_id=4297&scanf=13214&charge=2&value=sp|P62913|RL11_HUMAN,1,/core/www/modules/match_peptides/blast_html4.php?run_id=110202&search_id=114132&scans_id=110198&peptide_id=4297&scanf=13214&charge=2&value=1,K.AEEILEK.G,/core/www/modules/show_out/show_out_wrapper.php?run_id=110202&search_id=114132&scans_id=110198&peptide_id=4297&scanf=13214&charge=2&value=K.AEEILEK.G,RPL11,1.709e+8,2.168,0.063,1.201,0.002
13215,2,"  2.379","  0.550",11/16,/core/www/modules//sdig/index.php?run_id=110202&search_id=114132&scans_id=110198&peptide_id=4298&scanf=13215&charge=2&value=11/16,sp|Q08211|DHX9_HUMAN,/core/www/modules//consensus/?run_id=110202&search_id=114132&scans_id=110198&peptide_id=4298&scanf=13215&charge=2&value=sp|Q08211|DHX9_HUMAN,0,/core/www/modules/match_peptides/blast_html4.php?run_id=110202&search_id=114132&scans_id=110198&peptide_id=4298&scanf=13215&charge=2&value=0,R.M*GGEEAEIR.F,/core/www/modules/show_out/show_out_wrapper.php?run_id=110202&search_id=114132&scans_id=110198&peptide_id=4298&scanf=13215&charge=2&value=R.M*GGEEAEIR.F,DHX9,2.384e+7,3.813,0.000,3.613,0.000
13216,2,"  2.697","  0.549",11/16,/core/www/modules//sdig/index.php?run_id=110202&search_id=114132&scans_id=110198&peptide_id=4299&scanf=13216&charge=2&value=11/16,sp|P61978|HNRPK_HUMAN,/core/www/modules//consensus/?run_id=110202&search_id=114132&scans_id=110198&peptide_id=4299&scanf=13216&charge=2&value=sp|P61978|HNRPK_HUMAN,1,/core/www/modules/match_peptides/blast_html4.php?run_id=110202&search_id=114132&scans_id=110198&peptide_id=4299&scanf=13216&charge=2&value=1,R.GGDLM*AYDR.R,/core/www/modules/show_out/show_out_wrapper.php?run_id=110202&search_id=114132&scans_id=110198&peptide_id=4299&scanf=13216&charge=2&value=R.GGDLM*AYDR.R,HNRNPK,2.290e+7,3.808,0.000,3.604,0.000
13218,2,"  2.014","  0.404",8/12,/core/www/modules//sdig/index.php?run_id=110202&search_id=114132&scans_id=110198&peptide_id=4301&scanf=13218&charge=2&value=8/12,sp|P62316|SMD2_HUMAN,/core/www/modules//consensus/?run_id=110202&search_id=114132&scans_id=110198&peptide_id=4301&scanf=13218&charge=2&value=sp|P62316|SMD2_HUMAN,1,/core/www/modules/match_peptides/blast_html4.php?run_id=110202&search_id=114132&scans_id=110198&peptide_id=4301&scanf=13218&charge=2&value=1,R.NPLIAGK.-,/core/www/modules/show_out/show_out_wrapper.php?run_id=110202&search_id=114132&scans_id=110198&peptide_id=4301&scanf=13218&charge=2&value=R.NPLIAGK.-,SNRPD2,3.709e+7,3.111,0.003,2.572,0.000
13228,2,"  2.346","  0.478",11/24,/core/www/modules//sdig/index.php?run_id=110202&search_id=114132&scans_id=110198&peptide_id=4312&scanf=13228&charge=2&value=11/24,sp|P62263|RS14_HUMAN,/core/www/modules//consensus/?run_id=110202&search_id=114132&scans_id=110198&peptide_id=4312&scanf=13228&charge=2&value=sp|P62263|RS14_HUMAN,2,/core/www/modules/match_peptides/blast_html4.php?run_id=110202&search_id=114132&scans_id=110198&peptide_id=4312&scanf=13228&charge=2&value=2,R.TKTPGPGAQSALR.A,/core/www/modules/show_out/show_out_wrapper.php?run_id=110202&search_id=114132&scans_id=110198&peptide_id=4312&scanf=13228&charge=2&value=R.TKTPGPGAQSALR.A,RPS14,6.462e+6,2.599,0.015,1.818,0.000
13231,2,"  2.537","  0.543",9/14,/core/www/modules//sdig/index.php?run_id=110202&search_id=114132&scans_id=110198&peptide_id=4316&scanf=13231&charge=2&value=9/14,sp|P55072|TERA_HUMAN,/core/www/modules//consensus/?run_id=110202&search_id=114132&scans_id=110198&peptide_id=4316&scanf=13231&charge=2&value=sp|P55072|TERA_HUMAN,6,/core/www/modules/match_peptides/blast_html4.php?run_id=110202&search_id=114132&scans_id=110198&peptide_id=4316&scanf=13231&charge=2&value=6,R.DHFEEAMR.F,/core/www/modules/show_out/show_out_wrapper.php?run_id=110202&search_id=114132&scans_id=110198&peptide_id=4316&scanf=13231&charge=2&value=R.DHFEEAMR.F,VCP,2.977e+7,3.656,0.000,3.380,0.000
13233,2,"  2.120","  0.207",10/12,/core/www/modules//sdig/index.php?run_id=110202&search_id=114132&scans_id=110198&peptide_id=4318&scanf=13233&charge=2&value=10/12,sp|P18124|RL7_HUMAN,/core/www/modules//consensus/?run_id=110202&search_id=114132&scans_id=110198&peptide_id=4318&scanf=13233&charge=2&value=sp|P18124|RL7_HUMAN,0,/core/www/modules/match_peptides/blast_html4.php?run_id=110202&search_id=114132&scans_id=110198&peptide_id=4318&scanf=13233&charge=2&value=0,R.RNFAELK.I,/core/www/modules/show_out/show_out_wrapper.php?run_id=110202&search_id=114132&scans_id=110198&peptide_id=4318&scanf=13233&charge=2&value=R.RNFAELK.I,RPL7,5.569e+7,2.292,0.042,1.374,0.001
13235,3,"  2.946","  0.572",15/36,/core/www/modules//sdig/index.php?run_id=110202&search_id=114132&scans_id=110198&peptide_id=4319&scanf=13235&charge=3&value=15/36,sp|O00159|MYO1C_HUMAN,/core/www/modules//consensus/?run_id=110202&search_id=114132&scans_id=110198&peptide_id=4319&scanf=13235&charge=3&value=sp|O00159|MYO1C_HUMAN,1,/core/www/modules/match_peptides/blast_html4.php?run_id=110202&search_id=114132&scans_id=110198&peptide_id=4319&scanf=13235&charge=3&value=1,R.HLGYKPEEYK.M,/core/www/modules/show_out/show_out_wrapper.php?run_id=110202&search_id=114132&scans_id=110198&peptide_id=4319&scanf=13235&charge=3&value=R.HLGYKPEEYK.M,MYO1C,3.611e+7,3.808,0.000,3.605,0.000
13236,2,"  2.223","  0.185",10/12,/core/www/modules//sdig/index.php?run_id=110202&search_id=114132&scans_id=110198&peptide_id=4320&scanf=13236&charge=2&value=10/12,sp|Q969G3|SMCE1_HUMAN,/core/www/modules//consensus/?run_id=110202&search_id=114132&scans_id=110198&peptide_id=4320&scanf=13236&charge=2&value=sp|Q969G3|SMCE1_HUMAN,15,/core/www/modules/match_peptides/blast_html4.php?run_id=110202&search_id=114132&scans_id=110198&peptide_id=4320&scanf=13236&charge=2&value=15,R.KVWDQVK.A,/core/www/modules/show_out/show_out_wrapper.php?run_id=110202&search_id=114132&scans_id=110198&peptide_id=4320&scanf=13236&charge=2&value=R.KVWDQVK.A,SMARCE1,3.619e+7,2.434,0.026,1.579,0.001
13237,2,"  2.512","  0.458",11/18,/core/www/modules//sdig/index.php?run_id=110202&search_id=114132&scans_id=110198&peptide_id=4321&scanf=13237&charge=2&value=11/18,sp|Q15149|PLEC_HUMAN,/core/www/modules//consensus/?run_id=110202&search_id=114132&scans_id=110198&peptide_id=4321&scanf=13237&charge=2&value=sp|Q15149|PLEC_HUMAN,4,/core/www/modules/match_peptides/blast_html4.php?run_id=110202&search_id=114132&scans_id=110198&peptide_id=4321&scanf=13237&charge=2&value=4,K.SLAAEEEAAR.Q,/core/www/modules/show_out/show_out_wrapper.php?run_id=110202&search_id=114132&scans_id=110198&peptide_id=4321&scanf=13237&charge=2&value=K.SLAAEEEAAR.Q,PLEC,3.147e+7,3.657,0.000,3.381,0.000
13238,3,"  2.723","  0.000",15/40,/core/www/modules//sdig/index.php?run_id=110202&search_id=114132&scans_id=110198&peptide_id=4322&scanf=13238&charge=3&value=15/40,tr|A0A2R8Y7R0|A0A2R8Y7R0_HUMAN,/core/www/modules//consensus/?run_id=110202&search_id=114132&scans_id=110198&peptide_id=4322&scanf=13238&charge=3&value=tr|A0A2R8Y7R0|A0A2R8Y7R0_HUMAN,0,/core/www/modules/match_peptides/blast_html4.php?run_id=110202&search_id=114132&scans_id=110198&peptide_id=4322&scanf=13238&charge=3&value=0,-.XMAEDEEGYRK.L,/core/www/modules/show_out/show_out_wrapper.php?run_id=110202&search_id=114132&scans_id=110198&peptide_id=4322&scanf=13238&charge=3&value=-.XMAEDEEGYRK.L,SMARCA4,6.778e+7,3.407,0.001,3.010,0.000
13242,2,"  3.019","  0.681",13/22,/core/www/modules//sdig/index.php?run_id=110202&search_id=114132&scans_id=110198&peptide_id=4327&scanf=13242&charge=2&value=13/22,sp|O95239|KIF4A_HUMAN,/core/www/modules//consensus/?run_id=110202&search_id=114132&scans_id=110198&peptide_id=4327&scanf=13242&charge=2&value=sp|O95239|KIF4A_HUMAN,0,/core/www/modules/match_peptides/blast_html4.php?run_id=110202&search_id=114132&scans_id=110198&peptide_id=4327&scanf=13242&charge=2&value=0,R.GQVSESEDSITK.Q,/core/www/modules/show_out/show_out_wrapper.php?run_id=110202&search_id=114132&scans_id=110198&peptide_id=4327&scanf=13242&charge=2&value=R.GQVSESEDSITK.Q,KIF4A,7.088e+6,3.826,0.000,3.631,0.000
13243,2,"  2.023","  0.470",8/16,/core/www/modules//sdig/index.php?run_id=110202&search_id=114132&scans_id=110198&peptide_id=4328&scanf=13243&charge=2&value=8/16,sp|P06396|GELS_HUMAN,/core/www/modules//consensus/?run_id=110202&search_id=114132&scans_id=110198&peptide_id=4328&scanf=13243&charge=2&value=sp|P06396|GELS_HUMAN,3,/core/www/modules/match_peptides/blast_html4.php?run_id=110202&search_id=114132&scans_id=110198&peptide_id=4328&scanf=13243&charge=2&value=3,R.YIETDPANR.D,/core/www/modules/show_out/show_out_wrapper.php?run_id=110202&search_id=114132&scans_id=110198&peptide_id=4328&scanf=13243&charge=2&value=R.YIETDPANR.D,GSN,6.936e+6,3.000,0.004,2.408,0.000
13244,3,"  2.029","  0.245",8/40,/core/www/modules//sdig/index.php?run_id=110202&search_id=114132&scans_id=110198&peptide_id=4329&scanf=13244&charge=3&value=8/40,sp|Q9NYL9|TMOD3_HUMAN,/core/www/modules//consensus/?run_id=110202&search_id=114132&scans_id=110198&peptide_id=4329&scanf=13244&charge=3&value=sp|Q9NYL9|TMOD3_HUMAN,0,/core/www/modules/match_peptides/blast_html4.php?run_id=110202&search_id=114132&scans_id=110198&peptide_id=4329&scanf=13244&charge=3&value=0,K.QKPVQTFTEEK.V,/core/www/modules/show_out/show_out_wrapper.php?run_id=110202&search_id=114132&scans_id=110198&peptide_id=4329&scanf=13244&charge=3&value=K.QKPVQTFTEEK.V,TMOD3,7.500e+6,2.234,0.051,1.293,0.002
13246,2,"  2.145","  0.175",8/16,/core/www/modules//sdig/index.php?run_id=110202&search_id=114132&scans_id=110198&peptide_id=4331&scanf=13246&charge=2&value=8/16,sp|O75396|SC22B_HUMAN,/core/www/modules//consensus/?run_id=110202&search_id=114132&scans_id=110198&peptide_id=4331&scanf=13246&charge=2&value=sp|O75396|SC22B_HUMAN,0,/core/www/modules/match_peptides/blast_html4.php?run_id=110202&search_id=114132&scans_id=110198&peptide_id=4331&scanf=13246&charge=2&value=0,K.ANNLSSLSK.K,/core/www/modules/show_out/show_out_wrapper.php?run_id=110202&search_id=114132&scans_id=110198&peptide_id=4331&scanf=13246&charge=2&value=K.ANNLSSLSK.K,SEC22B,6.333e+6,2.024,0.099,1.004,0.005
13251,2,"  3.006","  0.607",14/22,/core/www/modules//sdig/index.php?run_id=110202&search_id=114132&scans_id=110198&peptide_id=4336&scanf=13251&charge=2&value=14/22,sp|P19338|NUCL_HUMAN,/core/www/modules//consensus/?run_id=110202&search_id=114132&scans_id=110198&peptide_id=4336&scanf=13251&charge=2&value=sp|P19338|NUCL_HUMAN,5,/core/www/modules/match_peptides/blast_html4.php?run_id=110202&search_id=114132&scans_id=110198&peptide_id=4336&scanf=13251&charge=2&value=5,K.EAMEDGEIDGNK.V,/core/www/modules/show_out/show_out_wrapper.php?run_id=110202&search_id=114132&scans_id=110198&peptide_id=4336&scanf=13251&charge=2&value=K.EAMEDGEIDGNK.V,NCL,2.042e+8,3.830,0.000,3.637,0.000
13252,2,"  1.817","  0.198",7/12,/core/www/modules//sdig/index.php?run_id=110202&search_id=114132&scans_id=110198&peptide_id=4337&scanf=13252&charge=2&value=7/12,sp|P78347|GTF2I_HUMAN,/core/www/modules//consensus/?run_id=110202&search_id=114132&scans_id=110198&peptide_id=4337&scanf=13252&charge=2&value=sp|P78347|GTF2I_HUMAN,3,/core/www/modules/match_peptides/blast_html4.php?run_id=110202&search_id=114132&scans_id=110198&peptide_id=4337&scanf=13252&charge=2&value=3,K.IIQVGNR.I,/core/www/modules/show_out/show_out_wrapper.php?run_id=110202&search_id=114132&scans_id=110198&peptide_id=4337&scanf=13252&charge=2&value=K.IIQVGNR.I,GTF2I,1.249e+7,2.384,0.031,1.506,0.001
13257,2,"  2.130","  0.000",10/12,/core/www/modules//sdig/index.php?run_id=110202&search_id=114132&scans_id=110198&peptide_id=4341&scanf=13257&charge=2&value=10/12,sp|Q15424|SAFB1_HUMAN,/core/www/modules//consensus/?run_id=110202&search_id=114132&scans_id=110198&peptide_id=4341&scanf=13257&charge=2&value=sp|Q15424|SAFB1_HUMAN,12,/core/www/modules/match_peptides/blast_html4.php?run_id=110202&search_id=114132&scans_id=110198&peptide_id=4341&scanf=13257&charge=2&value=12,R.ERLEIAR.E,/core/www/modules/show_out/show_out_wrapper.php?run_id=110202&search_id=114132&scans_id=110198&peptide_id=4341&scanf=13257&charge=2&value=R.ERLEIAR.E,SAFB,1.753e+7,2.006,0.105,0.981,0.005
13261,3,"  5.979","  0.633",27/52,/core/www/modules//sdig/index.php?run_id=110202&search_id=114132&scans_id=110198&peptide_id=4346&scanf=13261&charge=3&value=27/52,sp|P61978|HNRPK_HUMAN,/core/www/modules//consensus/?run_id=110202&search_id=114132&scans_id=110198&peptide_id=4346&scanf=13261&charge=3&value=sp|P61978|HNRPK_HUMAN,2,/core/www/modules/match_peptides/blast_html4.php?run_id=110202&search_id=114132&scans_id=110198&peptide_id=4346&scanf=13261&charge=3&value=2,K.RPAEDM*EEEQAFKR.S,/core/www/modules/show_out/show_out_wrapper.php?run_id=110202&search_id=114132&scans_id=110198&peptide_id=4346&scanf=13261&charge=3&value=K.RPAEDM*EEEQAFKR.S,HNRNPK,8.954e+6,4.018,0.000,3.915,0.000
13267,3,"  2.472","  0.516",13/32,/core/www/modules//sdig/index.php?run_id=110202&search_id=114132&scans_id=110198&peptide_id=4352&scanf=13267&charge=3&value=13/32,sp|Q96T37|RBM15_HUMAN,/core/www/modules//consensus/?run_id=110202&search_id=114132&scans_id=110198&peptide_id=4352&scanf=13267&charge=3&value=sp|Q96T37|RBM15_HUMAN,3,/core/www/modules/match_peptides/blast_html4.php?run_id=110202&search_id=114132&scans_id=110198&peptide_id=4352&scanf=13267&charge=3&value=3,R.VDFADTEHR.Y,/core/www/modules/show_out/show_out_wrapper.php?run_id=110202&search_id=114132&scans_id=110198&peptide_id=4352&scanf=13267&charge=3&value=R.VDFADTEHR.Y,RBM15,8.008e+6,3.541,0.001,3.210,0.000
13270,3,"  2.704","  0.000",10/40,/core/www/modules//sdig/index.php?run_id=110202&search_id=114132&scans_id=110198&peptide_id=4356&scanf=13270&charge=3&value=10/40,tr|A0A2R8Y7R0|A0A2R8Y7R0_HUMAN,/core/www/modules//consensus/?run_id=110202&search_id=114132&scans_id=110198&peptide_id=4356&scanf=13270&charge=3&value=tr|A0A2R8Y7R0|A0A2R8Y7R0_HUMAN,0,/core/www/modules/match_peptides/blast_html4.php?run_id=110202&search_id=114132&scans_id=110198&peptide_id=4356&scanf=13270&charge=3&value=0,-.XM*AEDEEGYRK.L,/core/www/modules/show_out/show_out_wrapper.php?run_id=110202&search_id=114132&scans_id=110198&peptide_id=4356&scanf=13270&charge=3&value=-.XM*AEDEEGYRK.L,SMARCA4,8.514e+6,2.323,0.038,1.420,0.001
13271,2,"  2.082","  0.274",9/20,/core/www/modules//sdig/index.php?run_id=110202&search_id=114132&scans_id=110198&peptide_id=4357&scanf=13271&charge=2&value=9/20,sp|Q9NYL9|TMOD3_HUMAN,/core/www/modules//consensus/?run_id=110202&search_id=114132&scans_id=110198&peptide_id=4357&scanf=13271&charge=2&value=sp|Q9NYL9|TMOD3_HUMAN,0,/core/www/modules/match_peptides/blast_html4.php?run_id=110202&search_id=114132&scans_id=110198&peptide_id=4357&scanf=13271&charge=2&value=0,K.QKPVQTFTEEK.V,/core/www/modules/show_out/show_out_wrapper.php?run_id=110202&search_id=114132&scans_id=110198&peptide_id=4357&scanf=13271&charge=2&value=K.QKPVQTFTEEK.V,TMOD3,4.282e+6,2.245,0.049,1.309,0.002
13272,2,"  2.830","  0.428",10/16,/core/www/modules//sdig/index.php?run_id=110202&search_id=114132&scans_id=110198&peptide_id=4358&scanf=13272&charge=2&value=10/16,sp|Q96GQ7|DDX27_HUMAN,/core/www/modules//consensus/?run_id=110202&search_id=114132&scans_id=110198&peptide_id=4358&scanf=13272&charge=2&value=sp|Q96GQ7|DDX27_HUMAN,1,/core/www/modules/match_peptides/blast_html4.php?run_id=110202&search_id=114132&scans_id=110198&peptide_id=4358&scanf=13272&charge=2&value=1,K.EAVVQEPER.S,/core/www/modules/show_out/show_out_wrapper.php?run_id=110202&search_id=114132&scans_id=110198&peptide_id=4358&scanf=13272&charge=2&value=K.EAVVQEPER.S,DDX27,1.271e+7,3.197,0.002,2.700,0.000
13273,2,"  2.564","  0.272",9/16,/core/www/modules//sdig/index.php?run_id=110202&search_id=114132&scans_id=110198&peptide_id=4359&scanf=13273&charge=2&value=9/16,sp|P61158|ARP3_HUMAN,/core/www/modules//consensus/?run_id=110202&search_id=114132&scans_id=110198&peptide_id=4359&scanf=13273&charge=2&value=sp|P61158|ARP3_HUMAN,2,/core/www/modules/match_peptides/blast_html4.php?run_id=110202&search_id=114132&scans_id=110198&peptide_id=4359&scanf=13273&charge=2&value=2,K.LSEELSGGR.L,/core/www/modules/show_out/show_out_wrapper.php?run_id=110202&search_id=114132&scans_id=110198&peptide_id=4359&scanf=13273&charge=2&value=K.LSEELSGGR.L,ACTR3,1.390e+7,2.503,0.021,1.679,0.000
13274,2,"  2.299","  0.247",9/14,/core/www/modules//sdig/index.php?run_id=110202&search_id=114132&scans_id=110198&peptide_id=4360&scanf=13274&charge=2&value=9/14,sp|O60716|CTND1_HUMAN,/core/www/modules//consensus/?run_id=110202&search_id=114132&scans_id=110198&peptide_id=4360&scanf=13274&charge=2&value=sp|O60716|CTND1_HUMAN,7,/core/www/modules/match_peptides/blast_html4.php?run_id=110202&search_id=114132&scans_id=110198&peptide_id=4360&scanf=13274&charge=2&value=7,R.NLSYQVHR.E,/core/www/modules/show_out/show_out_wrapper.php?run_id=110202&search_id=114132&scans_id=110198&peptide_id=4360&scanf=13274&charge=2&value=R.NLSYQVHR.E,CTNND1,4.441e+6,2.513,0.020,1.693,0.000
13275,2,"  1.409","  0.169",8/12,/core/www/modules//sdig/index.php?run_id=110202&search_id=114132&scans_id=110198&peptide_id=4361&scanf=13275&charge=2&value=8/12,sp|Q9P2J5|SYLC_HUMAN,/core/www/modules//consensus/?run_id=110202&search_id=114132&scans_id=110198&peptide_id=4361&scanf=13275&charge=2&value=sp|Q9P2J5|SYLC_HUMAN,9,/core/www/modules/match_peptides/blast_html4.php?run_id=110202&search_id=114132&scans_id=110198&peptide_id=4361&scanf=13275&charge=2&value=9,K.FSADGMR.L,/core/www/modules/show_out/show_out_wrapper.php?run_id=110202&search_id=114132&scans_id=110198&peptide_id=4361&scanf=13275&charge=2&value=K.FSADGMR.L,LARS1,7.505e+6,2.218,0.054,1.271,0.002
13278,2,"  1.579","  0.261",8/12,/core/www/modules//sdig/index.php?run_id=110202&search_id=114132&scans_id=110198&peptide_id=4363&scanf=13278&charge=2&value=8/12,sp|P61011|SRP54_HUMAN,/core/www/modules//consensus/?run_id=110202&search_id=114132&scans_id=110198&peptide_id=4363&scanf=13278&charge=2&value=sp|P61011|SRP54_HUMAN,4,/core/www/modules/match_peptides/blast_html4.php?run_id=110202&search_id=114132&scans_id=110198&peptide_id=4363&scanf=13278&charge=2&value=4,K.HGQFTLR.D,/core/www/modules/show_out/show_out_wrapper.php?run_id=110202&search_id=114132&scans_id=110198&peptide_id=4363&scanf=13278&charge=2&value=K.HGQFTLR.D,SRP54,8.790e+6,2.598,0.015,1.817,0.000
13279,2,"  2.622","  0.416",11/18,/core/www/modules//sdig/index.php?run_id=110202&search_id=114132&scans_id=110198&peptide_id=4364&scanf=13279&charge=2&value=11/18,sp|Q14683|SMC1A_HUMAN,/core/www/modules//consensus/?run_id=110202&search_id=114132&scans_id=110198&peptide_id=4364&scanf=13279&charge=2&value=sp|Q14683|SMC1A_HUMAN,2,/core/www/modules/match_peptides/blast_html4.php?run_id=110202&search_id=114132&scans_id=110198&peptide_id=4364&scanf=13279&charge=2&value=2,K.YSQSDLEQTK.T,/core/www/modules/show_out/show_out_wrapper.php?run_id=110202&search_id=114132&scans_id=110198&peptide_id=4364&scanf=13279&charge=2&value=K.YSQSDLEQTK.T,SMC1A,2.192e+7,3.109,0.003,2.570,0.000
13280,2,"  1.896","  0.232",5/18,/core/www/modules//sdig/index.php?run_id=110202&search_id=114132&scans_id=110198&peptide_id=4366&scanf=13280&charge=2&value=5/18,sp|Q8N1G0|ZN687_HUMAN,/core/www/modules//consensus/?run_id=110202&search_id=114132&scans_id=110198&peptide_id=4366&scanf=13280&charge=2&value=sp|Q8N1G0|ZN687_HUMAN,1,/core/www/modules/match_peptides/blast_html4.php?run_id=110202&search_id=114132&scans_id=110198&peptide_id=4366&scanf=13280&charge=2&value=1,K.GAGGALLTPK.T,/core/www/modules/show_out/show_out_wrapper.php?run_id=110202&search_id=114132&scans_id=110198&peptide_id=4366&scanf=13280&charge=2&value=K.GAGGALLTPK.T,ZNF687,3.176e+7,1.821,0.180,0.744,0.010
13282,3,"  2.258","  0.000",12/40,/core/www/modules//sdig/index.php?run_id=110202&search_id=114132&scans_id=110198&peptide_id=4368&scanf=13282&charge=3&value=12/40,tr|A0A2R8Y7R0|A0A2R8Y7R0_HUMAN,/core/www/modules//consensus/?run_id=110202&search_id=114132&scans_id=110198&peptide_id=4368&scanf=13282&charge=3&value=tr|A0A2R8Y7R0|A0A2R8Y7R0_HUMAN,0,/core/www/modules/match_peptides/blast_html4.php?run_id=110202&search_id=114132&scans_id=110198&peptide_id=4368&scanf=13282&charge=3&value=0,-.XM*AEDEEGYRK.L,/core/www/modules/show_out/show_out_wrapper.php?run_id=110202&search_id=114132&scans_id=110198&peptide_id=4368&scanf=13282&charge=3&value=-.XM*AEDEEGYRK.L,SMARCA4,8.514e+6,2.758,0.009,2.051,0.000
13284,2,"  1.874","  0.322",7/12,/core/www/modules//sdig/index.php?run_id=110202&search_id=114132&scans_id=110198&peptide_id=4370&scanf=13284&charge=2&value=7/12,sp|P08240|SRPRA_HUMAN,/core/www/modules//consensus/?run_id=110202&search_id=114132&scans_id=110198&peptide_id=4370&scanf=13284&charge=2&value=sp|P08240|SRPRA_HUMAN,0,/core/www/modules/match_peptides/blast_html4.php?run_id=110202&search_id=114132&scans_id=110198&peptide_id=4370&scanf=13284&charge=2&value=0,K.FDTIDDK.V,/core/www/modules/show_out/show_out_wrapper.php?run_id=110202&search_id=114132&scans_id=110198&peptide_id=4370&scanf=13284&charge=2&value=K.FDTIDDK.V,SRPRA,9.233e+6,2.724,0.010,2.002,0.000
13285,2,"  3.154","  0.602",16/16,/core/www/modules//sdig/index.php?run_id=110202&search_id=114132&scans_id=110198&peptide_id=4371&scanf=13285&charge=2&value=16/16,sp|Q07955|SRSF1_HUMAN,/core/www/modules//consensus/?run_id=110202&search_id=114132&scans_id=110198&peptide_id=4371&scanf=13285&charge=2&value=sp|Q07955|SRSF1_HUMAN,2,/core/www/modules/match_peptides/blast_html4.php?run_id=110202&search_id=114132&scans_id=110198&peptide_id=4371&scanf=13285&charge=2&value=2,R.KEDMTYAVR.K,/core/www/modules/show_out/show_out_wrapper.php?run_id=110202&search_id=114132&scans_id=110198&peptide_id=4371&scanf=13285&charge=2&value=R.KEDMTYAVR.K,SRSF1,9.812e+7,4.078,0.000,4.005,0.000
13286,2,"  1.758","  0.267",7/12,/core/www/modules//sdig/index.php?run_id=110202&search_id=114132&scans_id=110198&peptide_id=4372&scanf=13286&charge=2&value=7/12,sp|Q9Y5J1|UTP18_HUMAN,/core/www/modules//consensus/?run_id=110202&search_id=114132&scans_id=110198&peptide_id=4372&scanf=13286&charge=2&value=sp|Q9Y5J1|UTP18_HUMAN,0,/core/www/modules/match_peptides/blast_html4.php?run_id=110202&search_id=114132&scans_id=110198&peptide_id=4372&scanf=13286&charge=2&value=0,R.LHHYSDF.-,/core/www/modules/show_out/show_out_wrapper.php?run_id=110202&search_id=114132&scans_id=110198&peptide_id=4372&scanf=13286&charge=2&value=R.LHHYSDF.-,UTP18,5.063e+6,2.497,0.021,1.670,0.001
13291,2,"  2.595","  0.384",9/16,/core/www/modules//sdig/index.php?run_id=110202&search_id=114132&scans_id=110198&peptide_id=4378&scanf=13291&charge=2&value=9/16,sp|Q14980|NUMA1_HUMAN,/core/www/modules//consensus/?run_id=110202&search_id=114132&scans_id=110198&peptide_id=4378&scanf=13291&charge=2&value=sp|Q14980|NUMA1_HUMAN,2,/core/www/modules/match_peptides/blast_html4.php?run_id=110202&search_id=114132&scans_id=110198&peptide_id=4378&scanf=13291&charge=2&value=2,K.QAASPLEPK.E,/core/www/modules/show_out/show_out_wrapper.php?run_id=110202&search_id=114132&scans_id=110198&peptide_id=4378&scanf=13291&charge=2&value=K.QAASPLEPK.E,NUMA1,5.493e+6,3.043,0.003,2.472,0.000
13295,2,"  3.724","  0.524",13/20,/core/www/modules//sdig/index.php?run_id=110202&search_id=114132&scans_id=110198&peptide_id=4382&scanf=13295&charge=2&value=13/20,sp|P35579|MYH9_HUMAN,/core/www/modules//consensus/?run_id=110202&search_id=114132&scans_id=110198&peptide_id=4382&scanf=13295&charge=2&value=sp|P35579|MYH9_HUMAN,1,/core/www/modules/match_peptides/blast_html4.php?run_id=110202&search_id=114132&scans_id=110198&peptide_id=4382&scanf=13295&charge=2&value=1,R.QLEEAEEEAQR.A,/core/www/modules/show_out/show_out_wrapper.php?run_id=110202&search_id=114132&scans_id=110198&peptide_id=4382&scanf=13295&charge=2&value=R.QLEEAEEEAQR.A,MYH9,1.137e+7,3.605,0.000,3.304,0.000
13296,2,"  1.886","  0.285",8/12,/core/www/modules//sdig/index.php?run_id=110202&search_id=114132&scans_id=110198&peptide_id=4383&scanf=13296&charge=2&value=8/12,sp|Q99613|EIF3C_HUMAN,/core/www/modules//consensus/?run_id=110202&search_id=114132&scans_id=110198&peptide_id=4383&scanf=13296&charge=2&value=sp|Q99613|EIF3C_HUMAN,1,/core/www/modules/match_peptides/blast_html4.php?run_id=110202&search_id=114132&scans_id=110198&peptide_id=4383&scanf=13296&charge=2&value=1,R.ILHTYYK.F,/core/www/modules/show_out/show_out_wrapper.php?run_id=110202&search_id=114132&scans_id=110198&peptide_id=4383&scanf=13296&charge=2&value=R.ILHTYYK.F,EIF3C,3.819e+6,2.677,0.012,1.932,0.000
13298,2,"  1.738","  0.233",10/12,/core/www/modules//sdig/index.php?run_id=110202&search_id=114132&scans_id=110198&peptide_id=4384&scanf=13298&charge=2&value=10/12,sp|P62899|RL31_HUMAN,/core/www/modules//consensus/?run_id=110202&search_id=114132&scans_id=110198&peptide_id=4384&scanf=13298&charge=2&value=sp|P62899|RL31_HUMAN,5,/core/www/modules/match_peptides/blast_html4.php?run_id=110202&search_id=114132&scans_id=110198&peptide_id=4384&scanf=13298&charge=2&value=5,R.IHGVGFK.K,/core/www/modules/show_out/show_out_wrapper.php?run_id=110202&search_id=114132&scans_id=110198&peptide_id=4384&scanf=13298&charge=2&value=R.IHGVGFK.K,RPL31,8.495e+7,2.803,0.008,2.118,0.000
13304,2,"  2.357","  0.182",10/16,/core/www/modules//sdig/index.php?run_id=110202&search_id=114132&scans_id=110198&peptide_id=4391&scanf=13304&charge=2&value=10/16,sp|Q14152|EIF3A_HUMAN,/core/www/modules//consensus/?run_id=110202&search_id=114132&scans_id=110198&peptide_id=4391&scanf=13304&charge=2&value=sp|Q14152|EIF3A_HUMAN,0,/core/www/modules/match_peptides/blast_html4.php?run_id=110202&search_id=114132&scans_id=110198&peptide_id=4391&scanf=13304&charge=2&value=0,K.NLTQDEMQR.M,/core/www/modules/show_out/show_out_wrapper.php?run_id=110202&search_id=114132&scans_id=110198&peptide_id=4391&scanf=13304&charge=2&value=K.NLTQDEMQR.M,EIF3A,6.941e+6,2.271,0.045,1.345,0.002
13306,2,"  2.035","  0.342",8/12,/core/www/modules//sdig/index.php?run_id=110202&search_id=114132&scans_id=110198&peptide_id=4393&scanf=13306&charge=2&value=8/12,sp|P55060|XPO2_HUMAN,/core/www/modules//consensus/?run_id=110202&search_id=114132&scans_id=110198&peptide_id=4393&scanf=13306&charge=2&value=sp|P55060|XPO2_HUMAN,0,/core/www/modules/match_peptides/blast_html4.php?run_id=110202&search_id=114132&scans_id=110198&peptide_id=4393&scanf=13306&charge=2&value=0,K.YDEEFQR.Y,/core/www/modules/show_out/show_out_wrapper.php?run_id=110202&search_id=114132&scans_id=110198&peptide_id=4393&scanf=13306&charge=2&value=K.YDEEFQR.Y,CSE1L,6.644e+6,2.924,0.005,2.295,0.000
13307,3,"  2.554","  0.253",12/36,/core/www/modules//sdig/index.php?run_id=110202&search_id=114132&scans_id=110198&peptide_id=4394&scanf=13307&charge=3&value=12/36,sp|P17480|UBF1_HUMAN,/core/www/modules//consensus/?run_id=110202&search_id=114132&scans_id=110198&peptide_id=4394&scanf=13307&charge=3&value=sp|P17480|UBF1_HUMAN,2,/core/www/modules/match_peptides/blast_html4.php?run_id=110202&search_id=114132&scans_id=110198&peptide_id=4394&scanf=13307&charge=3&value=2,K.TTESHMDWEK.V,/core/www/modules/show_out/show_out_wrapper.php?run_id=110202&search_id=114132&scans_id=110198&peptide_id=4394&scanf=13307&charge=3&value=K.TTESHMDWEK.V,UBTF,1.856e+7,2.552,0.018,1.750,0.000
13308,2,"  4.321","  0.712",16/24,/core/www/modules//sdig/index.php?run_id=110202&search_id=114132&scans_id=110198&peptide_id=4395&scanf=13308&charge=2&value=16/24,sp|P35998|PRS7_HUMAN,/core/www/modules//consensus/?run_id=110202&search_id=114132&scans_id=110198&peptide_id=4395&scanf=13308&charge=2&value=sp|P35998|PRS7_HUMAN,1,/core/www/modules/match_peptides/blast_html4.php?run_id=110202&search_id=114132&scans_id=110198&peptide_id=4395&scanf=13308&charge=2&value=1,R.FDDGAGGDNEVQR.T,/core/www/modules/show_out/show_out_wrapper.php?run_id=110202&search_id=114132&scans_id=110198&peptide_id=4395&scanf=13308&charge=2&value=R.FDDGAGGDNEVQR.T,PSMC2,1.495e+7,4.101,0.000,4.039,0.000
13312,2,"  2.433","  0.143",12/20,/core/www/modules//sdig/index.php?run_id=110202&search_id=114132&scans_id=110198&peptide_id=4400&scanf=13312&charge=2&value=12/20,sp|P08758|ANXA5_HUMAN,/core/www/modules//consensus/?run_id=110202&search_id=114132&scans_id=110198&peptide_id=4400&scanf=13312&charge=2&value=sp|P08758|ANXA5_HUMAN,2,/core/www/modules/match_peptides/blast_html4.php?run_id=110202&search_id=114132&scans_id=110198&peptide_id=4400&scanf=13312&charge=2&value=2,K.GAGTDDHTLIR.V,/core/www/modules/show_out/show_out_wrapper.php?run_id=110202&search_id=114132&scans_id=110198&peptide_id=4400&scanf=13312&charge=2&value=K.GAGTDDHTLIR.V,ANXA5,3.619e+6,1.950,0.124,0.907,0.006
13317,3,"  5.261","  0.697",25/80,/core/www/modules//sdig/index.php?run_id=110202&search_id=114132&scans_id=110198&peptide_id=4405&scanf=13317&charge=3&value=25/80,sp|Q14697|GANAB_HUMAN,/core/www/modules//consensus/?run_id=110202&search_id=114132&scans_id=110198&peptide_id=4405&scanf=13317&charge=3&value=sp|Q14697|GANAB_HUMAN,1,/core/www/modules/match_peptides/blast_html4.php?run_id=110202&search_id=114132&scans_id=110198&peptide_id=4405&scanf=13317&charge=3&value=1,R.VSQGSKDPAEGDGAQPEETPR.D,/core/www/modules/show_out/show_out_wrapper.php?run_id=110202&search_id=114132&scans_id=110198&peptide_id=4405&scanf=13317&charge=3&value=R.VSQGSKDPAEGDGAQPEETPR.D,GANAB,2.026e+6,3.476,0.001,3.113,0.000
13319,2,"  1.867","  0.242",8/14,/core/www/modules//sdig/index.php?run_id=110202&search_id=114132&scans_id=110198&peptide_id=4406&scanf=13319&charge=2&value=8/14,sp|P08670|VIME_HUMAN,/core/www/modules//consensus/?run_id=110202&search_id=114132&scans_id=110198&peptide_id=4406&scanf=13319&charge=2&value=sp|P08670|VIME_HUMAN,2,/core/www/modules/match_peptides/blast_html4.php?run_id=110202&search_id=114132&scans_id=110198&peptide_id=4406&scanf=13319&charge=2&value=2,K.LQEEM*LQR.E,/core/www/modules/show_out/show_out_wrapper.php?run_id=110202&search_id=114132&scans_id=110198&peptide_id=4406&scanf=13319&charge=2&value=K.LQEEM*LQR.E,VIM,6.072e+7,2.868,0.006,2.213,0.000
13321,3,"  3.764","  0.534",16/72,/core/www/modules//sdig/index.php?run_id=110202&search_id=114132&scans_id=110198&peptide_id=4409&scanf=13321&charge=3&value=16/72,sp|Q96T37|RBM15_HUMAN,/core/www/modules//consensus/?run_id=110202&search_id=114132&scans_id=110198&peptide_id=4409&scanf=13321&charge=3&value=sp|Q96T37|RBM15_HUMAN,3,/core/www/modules/match_peptides/blast_html4.php?run_id=110202&search_id=114132&scans_id=110198&peptide_id=4409&scanf=13321&charge=3&value=3,R.SSSSSAASDTATSTQRPLR.N,/core/www/modules/show_out/show_out_wrapper.php?run_id=110202&search_id=114132&scans_id=110198&peptide_id=4409&scanf=13321&charge=3&value=R.SSSSSAASDTATSTQRPLR.N,RBM15,1.642e+7,3.057,0.003,2.492,0.000
13325,3,"  3.367","  0.302",12/56,/core/www/modules//sdig/index.php?run_id=110202&search_id=114132&scans_id=110198&peptide_id=4413&scanf=13325&charge=3&value=12/56,sp|P49750|YLPM1_HUMAN,/core/www/modules//consensus/?run_id=110202&search_id=114132&scans_id=110198&peptide_id=4413&scanf=13325&charge=3&value=sp|P49750|YLPM1_HUMAN,1,/core/www/modules/match_peptides/blast_html4.php?run_id=110202&search_id=114132&scans_id=110198&peptide_id=4413&scanf=13325&charge=3&value=1,R.DRGPFRPEPGDGGEK.M,/core/www/modules/show_out/show_out_wrapper.php?run_id=110202&search_id=114132&scans_id=110198&peptide_id=4413&scanf=13325&charge=3&value=R.DRGPFRPEPGDGGEK.M,YLPM1,5.366e+6,2.110,0.076,1.120,0.002
13327,2,"  3.015","  0.714",12/22,/core/www/modules//sdig/index.php?run_id=110202&search_id=114132&scans_id=110198&peptide_id=4415&scanf=13327&charge=2&value=12/22,sp|Q13347|EIF3I_HUMAN,/core/www/modules//consensus/?run_id=110202&search_id=114132&scans_id=110198&peptide_id=4415&scanf=13327&charge=2&value=sp|Q13347|EIF3I_HUMAN,7,/core/www/modules/match_peptides/blast_html4.php?run_id=110202&search_id=114132&scans_id=110198&peptide_id=4415&scanf=13327&charge=2&value=7,K.SYSSGGEDGYVR.I,/core/www/modules/show_out/show_out_wrapper.php?run_id=110202&search_id=114132&scans_id=110198&peptide_id=4415&scanf=13327&charge=2&value=K.SYSSGGEDGYVR.I,EIF3I,5.545e+6,3.817,0.000,3.618,0.000
13330,3,"  2.774","  0.250",12/36,/core/www/modules//sdig/index.php?run_id=110202&search_id=114132&scans_id=110198&peptide_id=4419&scanf=13330&charge=3&value=12/36,sp|P84103|SRSF3_HUMAN,/core/www/modules//consensus/?run_id=110202&search_id=114132&scans_id=110198&peptide_id=4419&scanf=13330&charge=3&value=sp|P84103|SRSF3_HUMAN,0,/core/www/modules/match_peptides/blast_html4.php?run_id=110202&search_id=114132&scans_id=110198&peptide_id=4419&scanf=13330&charge=3&value=0,R.VRVELSNGEK.R,/core/www/modules/show_out/show_out_wrapper.php?run_id=110202&search_id=114132&scans_id=110198&peptide_id=4419&scanf=13330&charge=3&value=R.VRVELSNGEK.R,SRSF3,4.076e+7,2.261,0.047,1.332,0.002
13331,2,"  3.356","  0.617",14/26,/core/www/modules//sdig/index.php?run_id=110202&search_id=114132&scans_id=110198&peptide_id=4420&scanf=13331&charge=2&value=14/26,sp|P49756|RBM25_HUMAN,/core/www/modules//consensus/?run_id=110202&search_id=114132&scans_id=110198&peptide_id=4420&scanf=13331&charge=2&value=sp|P49756|RBM25_HUMAN,0,/core/www/modules/match_peptides/blast_html4.php?run_id=110202&search_id=114132&scans_id=110198&peptide_id=4420&scanf=13331&charge=2&value=0,K.LGASNSPGQPNSVK.R,/core/www/modules/show_out/show_out_wrapper.php?run_id=110202&search_id=114132&scans_id=110198&peptide_id=4420&scanf=13331&charge=2&value=K.LGASNSPGQPNSVK.R,RBM25,3.042e+6,3.486,0.001,3.127,0.000
13341,2,"  2.106","  0.423",8/14,/core/www/modules//sdig/index.php?run_id=110202&search_id=114132&scans_id=110198&peptide_id=4430&scanf=13341&charge=2&value=8/14,sp|P54136|SYRC_HUMAN,/core/www/modules//consensus/?run_id=110202&search_id=114132&scans_id=110198&peptide_id=4430&scanf=13341&charge=2&value=sp|P54136|SYRC_HUMAN,0,/core/www/modules/match_peptides/blast_html4.php?run_id=110202&search_id=114132&scans_id=110198&peptide_id=4430&scanf=13341&charge=2&value=0,R.GESFYQDR.M,/core/www/modules/show_out/show_out_wrapper.php?run_id=110202&search_id=114132&scans_id=110198&peptide_id=4430&scanf=13341&charge=2&value=R.GESFYQDR.M,RARS1,1.594e+7,3.034,0.003,2.458,0.000
13344,2,"  2.444","  0.474",11/16,/core/www/modules//sdig/index.php?run_id=110202&search_id=114132&scans_id=110198&peptide_id=4433&scanf=13344&charge=2&value=11/16,sp|Q13823|NOG2_HUMAN,/core/www/modules//consensus/?run_id=110202&search_id=114132&scans_id=110198&peptide_id=4433&scanf=13344&charge=2&value=sp|Q13823|NOG2_HUMAN,0,/core/www/modules/match_peptides/blast_html4.php?run_id=110202&search_id=114132&scans_id=110198&peptide_id=4433&scanf=13344&charge=2&value=0,R.NEAQEEIYK.K,/core/www/modules/show_out/show_out_wrapper.php?run_id=110202&search_id=114132&scans_id=110198&peptide_id=4433&scanf=13344&charge=2&value=R.NEAQEEIYK.K,GNL2,4.571e+6,3.378,0.001,2.967,0.000
13350,2,"  3.352","  0.424",14/18,/core/www/modules//sdig/index.php?run_id=110202&search_id=114132&scans_id=110198&peptide_id=4439&scanf=13350&charge=2&value=14/18,sp|P46777|RL5_HUMAN,/core/www/modules//consensus/?run_id=110202&search_id=114132&scans_id=110198&peptide_id=4439&scanf=13350&charge=2&value=sp|P46777|RL5_HUMAN,1,/core/www/modules/match_peptides/blast_html4.php?run_id=110202&search_id=114132&scans_id=110198&peptide_id=4439&scanf=13350&charge=2&value=1,K.RFPGYDSESK.E,/core/www/modules/show_out/show_out_wrapper.php?run_id=110202&search_id=114132&scans_id=110198&peptide_id=4439&scanf=13350&charge=2&value=K.RFPGYDSESK.E,RPL5,3.309e+7,2.743,0.009,2.030,0.000
13363,2,"  2.111","  0.504",8/12,/core/www/modules//sdig/index.php?run_id=110202&search_id=114132&scans_id=110198&peptide_id=4452&scanf=13363&charge=2&value=8/12,sp|Q14839|CHD4_HUMAN,/core/www/modules//consensus/?run_id=110202&search_id=114132&scans_id=110198&peptide_id=4452&scanf=13363&charge=2&value=sp|Q14839|CHD4_HUMAN,17,/core/www/modules/match_peptides/blast_html4.php?run_id=110202&search_id=114132&scans_id=110198&peptide_id=4452&scanf=13363&charge=2&value=17,K.FAEMEER.F,/core/www/modules/show_out/show_out_wrapper.php?run_id=110202&search_id=114132&scans_id=110198&peptide_id=4452&scanf=13363&charge=2&value=K.FAEMEER.F,CHD4,1.454e+7,3.582,0.001,3.270,0.000
13375,2,"  2.870","  0.287",11/16,/core/www/modules//sdig/index.php?run_id=110202&search_id=114132&scans_id=110198&peptide_id=4465&scanf=13375&charge=2&value=11/16,sp|P47756|CAPZB_HUMAN,/core/www/modules//consensus/?run_id=110202&search_id=114132&scans_id=110198&peptide_id=4465&scanf=13375&charge=2&value=sp|P47756|CAPZB_HUMAN,4,/core/www/modules/match_peptides/blast_html4.php?run_id=110202&search_id=114132&scans_id=110198&peptide_id=4465&scanf=13375&charge=2&value=4,R.RLPPQQIEK.N,/core/www/modules/show_out/show_out_wrapper.php?run_id=110202&search_id=114132&scans_id=110198&peptide_id=4465&scanf=13375&charge=2&value=R.RLPPQQIEK.N,CAPZB,6.131e+6,2.436,0.026,1.582,0.001
13379,2,"  1.411","  0.231",5/12,/core/www/modules//sdig/index.php?run_id=110202&search_id=114132&scans_id=110198&peptide_id=4469&scanf=13379&charge=2&value=5/12,sp|Q8N163|CCAR2_HUMAN,/core/www/modules//consensus/?run_id=110202&search_id=114132&scans_id=110198&peptide_id=4469&scanf=13379&charge=2&value=sp|Q8N163|CCAR2_HUMAN,1,/core/www/modules/match_peptides/blast_html4.php?run_id=110202&search_id=114132&scans_id=110198&peptide_id=4469&scanf=13379&charge=2&value=1,R.HDLPPYR.V,/core/www/modules/show_out/show_out_wrapper.php?run_id=110202&search_id=114132&scans_id=110198&peptide_id=4469&scanf=13379&charge=2&value=R.HDLPPYR.V,CCAR2,1.127e+7,2.115,0.075,1.127,0.002
13380,3,"  3.088","  0.411",11/48,/core/www/modules//sdig/index.php?run_id=110202&search_id=114132&scans_id=110198&peptide_id=4471&scanf=13380&charge=3&value=11/48,sp|P15151|PVR_HUMAN,/core/www/modules//consensus/?run_id=110202&search_id=114132&scans_id=110198&peptide_id=4471&scanf=13380&charge=3&value=sp|P15151|PVR_HUMAN,2,/core/www/modules/match_peptides/blast_html4.php?run_id=110202&search_id=114132&scans_id=110198&peptide_id=4471&scanf=13380&charge=3&value=2,R.VLAKPQNTAEVQK.V,/core/www/modules/show_out/show_out_wrapper.php?run_id=110202&search_id=114132&scans_id=110198&peptide_id=4471&scanf=13380&charge=3&value=R.VLAKPQNTAEVQK.V,PVR,3.350e+6,2.771,0.009,2.070,0.000
13382,2,"  1.444","  0.221",8/12,/core/www/modules//sdig/index.php?run_id=110202&search_id=114132&scans_id=110198&peptide_id=4472&scanf=13382&charge=2&value=8/12,sp|Q15397|PUM3_HUMAN,/core/www/modules//consensus/?run_id=110202&search_id=114132&scans_id=110198&peptide_id=4472&scanf=13382&charge=2&value=sp|Q15397|PUM3_HUMAN,0,/core/www/modules/match_peptides/blast_html4.php?run_id=110202&search_id=114132&scans_id=110198&peptide_id=4472&scanf=13382&charge=2&value=0,K.SWASVNR.G,/core/www/modules/show_out/show_out_wrapper.php?run_id=110202&search_id=114132&scans_id=110198&peptide_id=4472&scanf=13382&charge=2&value=K.SWASVNR.G,PUM3,1.809e+7,2.549,0.018,1.746,0.000
13386,2,"  1.912","  0.387",7/12,/core/www/modules//sdig/index.php?run_id=110202&search_id=114132&scans_id=110198&peptide_id=4476&scanf=13386&charge=2&value=7/12,sp|Q9NTK5|OLA1_HUMAN,/core/www/modules//consensus/?run_id=110202&search_id=114132&scans_id=110198&peptide_id=4476&scanf=13386&charge=2&value=sp|Q9NTK5|OLA1_HUMAN,2,/core/www/modules/match_peptides/blast_html4.php?run_id=110202&search_id=114132&scans_id=110198&peptide_id=4476&scanf=13386&charge=2&value=2,R.VPVPDER.F,/core/www/modules/show_out/show_out_wrapper.php?run_id=110202&search_id=114132&scans_id=110198&peptide_id=4476&scanf=13386&charge=2&value=R.VPVPDER.F,OLA1,2.053e+7,2.837,0.007,2.167,0.000
13392,3,"  2.972","  0.446",12/80,/core/www/modules//sdig/index.php?run_id=110202&search_id=114132&scans_id=110198&peptide_id=4483&scanf=13392&charge=3&value=12/80,sp|Q9UPT8|ZC3H4_HUMAN,/core/www/modules//consensus/?run_id=110202&search_id=114132&scans_id=110198&peptide_id=4483&scanf=13392&charge=3&value=sp|Q9UPT8|ZC3H4_HUMAN,1,/core/www/modules/match_peptides/blast_html4.php?run_id=110202&search_id=114132&scans_id=110198&peptide_id=4483&scanf=13392&charge=3&value=1,K.TVNATGSSAAPGSSDKPSDPR.V,/core/www/modules/show_out/show_out_wrapper.php?run_id=110202&search_id=114132&scans_id=110198&peptide_id=4483&scanf=13392&charge=3&value=K.TVNATGSSAAPGSSDKPSDPR.V,ZC3H4,2.933e+6,2.499,0.021,1.673,0.001
13393,3,"  2.646","  0.440",13/40,/core/www/modules//sdig/index.php?run_id=110202&search_id=114132&scans_id=110198&peptide_id=4484&scanf=13393&charge=3&value=13/40,sp|Q14151|SAFB2_HUMAN,/core/www/modules//consensus/?run_id=110202&search_id=114132&scans_id=110198&peptide_id=4484&scanf=13393&charge=3&value=sp|Q14151|SAFB2_HUMAN,1,/core/www/modules/match_peptides/blast_html4.php?run_id=110202&search_id=114132&scans_id=110198&peptide_id=4484&scanf=13393&charge=3&value=1,R.DGWGGYGSDKR.L,/core/www/modules/show_out/show_out_wrapper.php?run_id=110202&search_id=114132&scans_id=110198&peptide_id=4484&scanf=13393&charge=3&value=R.DGWGGYGSDKR.L,SAFB2,3.890e+7,2.877,0.006,2.227,0.000
13394,2,"  1.716","  0.237",8/14,/core/www/modules//sdig/index.php?run_id=110202&search_id=114132&scans_id=110198&peptide_id=4485&scanf=13394&charge=2&value=8/14,sp|O43399|TPD54_HUMAN,/core/www/modules//consensus/?run_id=110202&search_id=114132&scans_id=110198&peptide_id=4485&scanf=13394&charge=2&value=sp|O43399|TPD54_HUMAN,1,/core/www/modules/match_peptides/blast_html4.php?run_id=110202&search_id=114132&scans_id=110198&peptide_id=4485&scanf=13394&charge=2&value=1,K.VTQSDLYK.K,/core/www/modules/show_out/show_out_wrapper.php?run_id=110202&search_id=114132&scans_id=110198&peptide_id=4485&scanf=13394&charge=2&value=K.VTQSDLYK.K,TPD52L2,2.323e+6,2.333,0.037,1.433,0.001
13403,2,"  1.403","  0.054",8/12,/core/www/modules//sdig/index.php?run_id=110202&search_id=114132&scans_id=110198&peptide_id=4494&scanf=13403&charge=2&value=8/12,sp|Q15050|RRS1_HUMAN,/core/www/modules//consensus/?run_id=110202&search_id=114132&scans_id=110198&peptide_id=4494&scanf=13403&charge=2&value=sp|Q15050|RRS1_HUMAN,0,/core/www/modules/match_peptides/blast_html4.php?run_id=110202&search_id=114132&scans_id=110198&peptide_id=4494&scanf=13403&charge=2&value=0,R.LPEPTTR.L,/core/www/modules/show_out/show_out_wrapper.php?run_id=110202&search_id=114132&scans_id=110198&peptide_id=4494&scanf=13403&charge=2&value=R.LPEPTTR.L,RRS1,2.082e+7,1.933,0.131,0.884,0.006
13405,4,"  3.892","  0.333",15/78,/core/www/modules//sdig/index.php?run_id=110202&search_id=114132&scans_id=110198&peptide_id=4496&scanf=13405&charge=4&value=15/78,sp|P19784|CSK22_HUMAN,/core/www/modules//consensus/?run_id=110202&search_id=114132&scans_id=110198&peptide_id=4496&scanf=13405&charge=4&value=sp|P19784|CSK22_HUMAN,1,/core/www/modules/match_peptides/blast_html4.php?run_id=110202&search_id=114132&scans_id=110198&peptide_id=4496&scanf=13405&charge=4&value=1,R.DVKPHNVMIDHQQK.K,/core/www/modules/show_out/show_out_wrapper.php?run_id=110202&search_id=114132&scans_id=110198&peptide_id=4496&scanf=13405&charge=4&value=R.DVKPHNVMIDHQQK.K,CSNK2A2,5.303e+6,2.947,0.005,2.329,0.000
13417,2,"  2.036","  0.219",11/16,/core/www/modules//sdig/index.php?run_id=110202&search_id=114132&scans_id=110198&peptide_id=4509&scanf=13417&charge=2&value=11/16,sp|P39023|RL3_HUMAN,/core/www/modules//consensus/?run_id=110202&search_id=114132&scans_id=110198&peptide_id=4509&scanf=13417&charge=2&value=sp|P39023|RL3_HUMAN,1,/core/www/modules/match_peptides/blast_html4.php?run_id=110202&search_id=114132&scans_id=110198&peptide_id=4509&scanf=13417&charge=2&value=1,K.KAFMGPLKK.D,/core/www/modules/show_out/show_out_wrapper.php?run_id=110202&search_id=114132&scans_id=110198&peptide_id=4509&scanf=13417&charge=2&value=K.KAFMGPLKK.D,RPL3,2.271e+6,1.985,0.112,0.953,0.005
13420,3,"  3.046","  0.390",10/44,/core/www/modules//sdig/index.php?run_id=110202&search_id=114132&scans_id=110198&peptide_id=4513&scanf=13420&charge=3&value=10/44,sp|Q9BQG0|MBB1A_HUMAN,/core/www/modules//consensus/?run_id=110202&search_id=114132&scans_id=110198&peptide_id=4513&scanf=13420&charge=3&value=sp|Q9BQG0|MBB1A_HUMAN,1,/core/www/modules/match_peptides/blast_html4.php?run_id=110202&search_id=114132&scans_id=110198&peptide_id=4513&scanf=13420&charge=3&value=1,K.KAQDSSLHMPER.A,/core/www/modules/show_out/show_out_wrapper.php?run_id=110202&search_id=114132&scans_id=110198&peptide_id=4513&scanf=13420&charge=3&value=K.KAQDSSLHMPER.A,MYBBP1A,1.394e+7,2.656,0.013,1.901,0.000
13424,2,"  2.019","  0.320",9/12,/core/www/modules//sdig/index.php?run_id=110202&search_id=114132&scans_id=110198&peptide_id=4516&scanf=13424&charge=2&value=9/12,sp|P12956|XRCC6_HUMAN,/core/www/modules//consensus/?run_id=110202&search_id=114132&scans_id=110198&peptide_id=4516&scanf=13424&charge=2&value=sp|P12956|XRCC6_HUMAN,1,/core/www/modules/match_peptides/blast_html4.php?run_id=110202&search_id=114132&scans_id=110198&peptide_id=4516&scanf=13424&charge=2&value=1,R.KMPFTEK.I,/core/www/modules/show_out/show_out_wrapper.php?run_id=110202&search_id=114132&scans_id=110198&peptide_id=4516&scanf=13424&charge=2&value=R.KMPFTEK.I,XRCC6,5.083e+7,2.782,0.008,2.086,0.000
13426,2,"  1.896","  0.291",8/14,/core/www/modules//sdig/index.php?run_id=110202&search_id=114132&scans_id=110198&peptide_id=4518&scanf=13426&charge=2&value=8/14,sp|P05387|RLA2_HUMAN,/core/www/modules//consensus/?run_id=110202&search_id=114132&scans_id=110198&peptide_id=4518&scanf=13426&charge=2&value=sp|P05387|RLA2_HUMAN,0,/core/www/modules/match_peptides/blast_html4.php?run_id=110202&search_id=114132&scans_id=110198&peptide_id=4518&scanf=13426&charge=2&value=0,K.VISELNGK.N,/core/www/modules/show_out/show_out_wrapper.php?run_id=110202&search_id=114132&scans_id=110198&peptide_id=4518&scanf=13426&charge=2&value=K.VISELNGK.N,RPLP2,3.695e+7,2.529,0.019,1.717,0.000
13427,2,"  1.128","  0.223",7/16,/core/www/modules//sdig/index.php?run_id=110202&search_id=114132&scans_id=110198&peptide_id=4519&scanf=13427&charge=2&value=7/16,sp|Q9UQE7|SMC3_HUMAN,/core/www/modules//consensus/?run_id=110202&search_id=114132&scans_id=110198&peptide_id=4519&scanf=13427&charge=2&value=sp|Q9UQE7|SMC3_HUMAN,0,/core/www/modules/match_peptides/blast_html4.php?run_id=110202&search_id=114132&scans_id=110198&peptide_id=4519&scanf=13427&charge=2&value=0,R.AKLDELSAK.R,/core/www/modules/show_out/show_out_wrapper.php?run_id=110202&search_id=114132&scans_id=110198&peptide_id=4519&scanf=13427&charge=2&value=R.AKLDELSAK.R,SMC3,6.284e+6,1.965,0.118,0.927,0.005
13433,2,"  1.724","  0.417",9/16,/core/www/modules//sdig/index.php?run_id=110202&search_id=114132&scans_id=110198&peptide_id=4526&scanf=13433&charge=2&value=9/16,sp|O75400|PR40A_HUMAN,/core/www/modules//consensus/?run_id=110202&search_id=114132&scans_id=110198&peptide_id=4526&scanf=13433&charge=2&value=sp|O75400|PR40A_HUMAN,6,/core/www/modules/match_peptides/blast_html4.php?run_id=110202&search_id=114132&scans_id=110198&peptide_id=4526&scanf=13433&charge=2&value=6,R.TYYYNTETK.Q,/core/www/modules/show_out/show_out_wrapper.php?run_id=110202&search_id=114132&scans_id=110198&peptide_id=4526&scanf=13433&charge=2&value=R.TYYYNTETK.Q,PRPF40A,2.333e+6,2.890,0.006,2.246,0.000
13445,2,"  2.958","  0.471",11/16,/core/www/modules//sdig/index.php?run_id=110202&search_id=114132&scans_id=110198&peptide_id=4538&scanf=13445&charge=2&value=11/16,sp|Q07955|SRSF1_HUMAN,/core/www/modules//consensus/?run_id=110202&search_id=114132&scans_id=110198&peptide_id=4538&scanf=13445&charge=2&value=sp|Q07955|SRSF1_HUMAN,2,/core/www/modules/match_peptides/blast_html4.php?run_id=110202&search_id=114132&scans_id=110198&peptide_id=4538&scanf=13445&charge=2&value=2,R.KEDM*TYAVR.K,/core/www/modules/show_out/show_out_wrapper.php?run_id=110202&search_id=114132&scans_id=110198&peptide_id=4538&scanf=13445&charge=2&value=R.KEDM*TYAVR.K,SRSF1,8.927e+6,3.148,0.002,2.628,0.000
13446,2,"  1.431","  0.164",7/16,/core/www/modules//sdig/index.php?run_id=110202&search_id=114132&scans_id=110198&peptide_id=4539&scanf=13446&charge=2&value=7/16,sp|P14866|HNRPL_HUMAN,/core/www/modules//consensus/?run_id=110202&search_id=114132&scans_id=110198&peptide_id=4539&scanf=13446&charge=2&value=sp|P14866|HNRPL_HUMAN,3,/core/www/modules/match_peptides/blast_html4.php?run_id=110202&search_id=114132&scans_id=110198&peptide_id=4539&scanf=13446&charge=2&value=3,R.FSTPEQAAK.N,/core/www/modules/show_out/show_out_wrapper.php?run_id=110202&search_id=114132&scans_id=110198&peptide_id=4539&scanf=13446&charge=2&value=R.FSTPEQAAK.N,HNRNPL,1.929e+8,2.027,0.098,1.009,0.005
13447,4,"  3.902","  0.471",10/96,/core/www/modules//sdig/index.php?run_id=110202&search_id=114132&scans_id=110198&peptide_id=4540&scanf=13447&charge=4&value=10/96,sp|Q99575|POP1_HUMAN,/core/www/modules//consensus/?run_id=110202&search_id=114132&scans_id=110198&peptide_id=4540&scanf=13447&charge=4&value=sp|Q99575|POP1_HUMAN,0,/core/www/modules/match_peptides/blast_html4.php?run_id=110202&search_id=114132&scans_id=110198&peptide_id=4540&scanf=13447&charge=4&value=0,K.AASVHTVGEDTEETPHR.W,/core/www/modules/show_out/show_out_wrapper.php?run_id=110202&search_id=114132&scans_id=110198&peptide_id=4540&scanf=13447&charge=4&value=K.AASVHTVGEDTEETPHR.W,POP1,1.815e+7,3.178,0.002,2.671,0.000
13451,2,"  2.859","  0.591",11/26,/core/www/modules//sdig/index.php?run_id=110202&search_id=114132&scans_id=110198&peptide_id=4545&scanf=13451&charge=2&value=11/26,sp|Q1KMD3|HNRL2_HUMAN,/core/www/modules//consensus/?run_id=110202&search_id=114132&scans_id=110198&peptide_id=4545&scanf=13451&charge=2&value=sp|Q1KMD3|HNRL2_HUMAN,1,/core/www/modules/match_peptides/blast_html4.php?run_id=110202&search_id=114132&scans_id=110198&peptide_id=4545&scanf=13451&charge=2&value=1,R.SGDETPGSEVPGDK.A,/core/www/modules/show_out/show_out_wrapper.php?run_id=110202&search_id=114132&scans_id=110198&peptide_id=4545&scanf=13451&charge=2&value=R.SGDETPGSEVPGDK.A,HNRNPUL2,1.420e+7,3.216,0.002,2.728,0.000
13453,2,"  1.714","  0.405",8/14,/core/www/modules//sdig/index.php?run_id=110202&search_id=114132&scans_id=110198&peptide_id=4547&scanf=13453&charge=2&value=8/14,sp|P55072|TERA_HUMAN,/core/www/modules//consensus/?run_id=110202&search_id=114132&scans_id=110198&peptide_id=4547&scanf=13453&charge=2&value=sp|P55072|TERA_HUMAN,9,/core/www/modules/match_peptides/blast_html4.php?run_id=110202&search_id=114132&scans_id=110198&peptide_id=4547&scanf=13453&charge=2&value=9,K.AIGVKPPR.G,/core/www/modules/show_out/show_out_wrapper.php?run_id=110202&search_id=114132&scans_id=110198&peptide_id=4547&scanf=13453&charge=2&value=K.AIGVKPPR.G,VCP,2.435e+7,3.027,0.004,2.448,0.000
13454,3,"  2.189","  0.382",13/52,/core/www/modules//sdig/index.php?run_id=110202&search_id=114132&scans_id=110198&peptide_id=4548&scanf=13454&charge=3&value=13/52,sp|P19784|CSK22_HUMAN,/core/www/modules//consensus/?run_id=110202&search_id=114132&scans_id=110198&peptide_id=4548&scanf=13454&charge=3&value=sp|P19784|CSK22_HUMAN,1,/core/www/modules/match_peptides/blast_html4.php?run_id=110202&search_id=114132&scans_id=110198&peptide_id=4548&scanf=13454&charge=3&value=1,R.DVKPHNVMIDHQQK.K,/core/www/modules/show_out/show_out_wrapper.php?run_id=110202&search_id=114132&scans_id=110198&peptide_id=4548&scanf=13454&charge=3&value=R.DVKPHNVMIDHQQK.K,CSNK2A2,2.063e+6,2.591,0.016,1.807,0.000
13458,2,"  2.539","  0.596",12/26,/core/www/modules//sdig/index.php?run_id=110202&search_id=114132&scans_id=110198&peptide_id=4552&scanf=13458&charge=2&value=12/26,sp|Q9BQS8|FYCO1_HUMAN,/core/www/modules//consensus/?run_id=110202&search_id=114132&scans_id=110198&peptide_id=4552&scanf=13458&charge=2&value=sp|Q9BQS8|FYCO1_HUMAN,0,/core/www/modules/match_peptides/blast_html4.php?run_id=110202&search_id=114132&scans_id=110198&peptide_id=4552&scanf=13458&charge=2&value=0,K.GQQGVGPPTDNEAR.E,/core/www/modules/show_out/show_out_wrapper.php?run_id=110202&search_id=114132&scans_id=110198&peptide_id=4552&scanf=13458&charge=2&value=K.GQQGVGPPTDNEAR.E,FYCO1,1.839e+6,3.199,0.002,2.702,0.000
13467,2,"  1.941","  0.070",8/12,/core/www/modules//sdig/index.php?run_id=110202&search_id=114132&scans_id=110198&peptide_id=4561&scanf=13467&charge=2&value=8/12,sp|Q8TAQ2|SMRC2_HUMAN,/core/www/modules//consensus/?run_id=110202&search_id=114132&scans_id=110198&peptide_id=4561&scanf=13467&charge=2&value=sp|Q8TAQ2|SMRC2_HUMAN,6,/core/www/modules/match_peptides/blast_html4.php?run_id=110202&search_id=114132&scans_id=110198&peptide_id=4561&scanf=13467&charge=2&value=6,R.QQLLADR.Q,/core/www/modules/show_out/show_out_wrapper.php?run_id=110202&search_id=114132&scans_id=110198&peptide_id=4561&scanf=13467&charge=2&value=R.QQLLADR.Q,SMARCC2,2.503e+7,2.197,0.057,1.241,0.002
13468,2,"  2.270","  0.465",10/16,/core/www/modules//sdig/index.php?run_id=110202&search_id=114132&scans_id=110198&peptide_id=4562&scanf=13468&charge=2&value=10/16,sp|P06748|NPM_HUMAN,/core/www/modules//consensus/?run_id=110202&search_id=114132&scans_id=110198&peptide_id=4562&scanf=13468&charge=2&value=sp|P06748|NPM_HUMAN,4,/core/www/modules/match_peptides/blast_html4.php?run_id=110202&search_id=114132&scans_id=110198&peptide_id=4562&scanf=13468&charge=2&value=4,K.GPSSVEDIK.A,/core/www/modules/show_out/show_out_wrapper.php?run_id=110202&search_id=114132&scans_id=110198&peptide_id=4562&scanf=13468&charge=2&value=K.GPSSVEDIK.A,NPM1,8.564e+7,3.258,0.002,2.789,0.000
13471,3,"  3.055","  0.445",13/36,/core/www/modules//sdig/index.php?run_id=110202&search_id=114132&scans_id=110198&peptide_id=4566&scanf=13471&charge=3&value=13/36,sp|Q9Y221|NIP7_HUMAN,/core/www/modules//consensus/?run_id=110202&search_id=114132&scans_id=110198&peptide_id=4566&scanf=13471&charge=3&value=sp|Q9Y221|NIP7_HUMAN,1,/core/www/modules/match_peptides/blast_html4.php?run_id=110202&search_id=114132&scans_id=110198&peptide_id=4566&scanf=13471&charge=3&value=1,-.MRPLTEEETR.V,/core/www/modules/show_out/show_out_wrapper.php?run_id=110202&search_id=114132&scans_id=110198&peptide_id=4566&scanf=13471&charge=3&value=-.MRPLTEEETR.V,NIP7,2.805e+7,3.174,0.002,2.665,0.000
13477,2,"  1.683","  0.181",9/18,/core/www/modules//sdig/index.php?run_id=110202&search_id=114132&scans_id=110198&peptide_id=4572&scanf=13477&charge=2&value=9/18,sp|O75396|SC22B_HUMAN,/core/www/modules//consensus/?run_id=110202&search_id=114132&scans_id=110198&peptide_id=4572&scanf=13477&charge=2&value=sp|O75396|SC22B_HUMAN,0,/core/www/modules/match_peptides/blast_html4.php?run_id=110202&search_id=114132&scans_id=110198&peptide_id=4572&scanf=13477&charge=2&value=0,R.DLQQYQSQAK.Q,/core/www/modules/show_out/show_out_wrapper.php?run_id=110202&search_id=114132&scans_id=110198&peptide_id=4572&scanf=13477&charge=2&value=R.DLQQYQSQAK.Q,SEC22B,5.503e+6,1.942,0.127,0.896,0.006
13489,3,"  2.783","  0.288",12/40,/core/www/modules//sdig/index.php?run_id=110202&search_id=114132&scans_id=110198&peptide_id=4584&scanf=13489&charge=3&value=12/40,sp|O00571|DDX3X_HUMAN,/core/www/modules//consensus/?run_id=110202&search_id=114132&scans_id=110198&peptide_id=4584&scanf=13489&charge=3&value=sp|O00571|DDX3X_HUMAN,20,/core/www/modules/match_peptides/blast_html4.php?run_id=110202&search_id=114132&scans_id=110198&peptide_id=4584&scanf=13489&charge=3&value=20,K.DKDAYSSFGSR.S,/core/www/modules/show_out/show_out_wrapper.php?run_id=110202&search_id=114132&scans_id=110198&peptide_id=4584&scanf=13489&charge=3&value=K.DKDAYSSFGSR.S,DDX3X,1.023e+7,2.337,0.036,1.439,0.001
13499,2,"  1.839","  0.257",11/24,/core/www/modules//sdig/index.php?run_id=110202&search_id=114132&scans_id=110198&peptide_id=4594&scanf=13499&charge=2&value=11/24,sp|Q9UPN3|MACF1_HUMAN,/core/www/modules//consensus/?run_id=110202&search_id=114132&scans_id=110198&peptide_id=4594&scanf=13499&charge=2&value=sp|Q9UPN3|MACF1_HUMAN,8,/core/www/modules/match_peptides/blast_html4.php?run_id=110202&search_id=114132&scans_id=110198&peptide_id=4594&scanf=13499&charge=2&value=8,K.LANSEPVGTQTAK.I,/core/www/modules/show_out/show_out_wrapper.php?run_id=110202&search_id=114132&scans_id=110198&peptide_id=4594&scanf=13499&charge=2&value=K.LANSEPVGTQTAK.I,MACF1,1.670e+6,2.115,0.075,1.127,0.002
13501,3,"  2.980","  0.454",9/80,/core/www/modules//sdig/index.php?run_id=110202&search_id=114132&scans_id=110198&peptide_id=4597&scanf=13501&charge=3&value=9/80,sp|Q9UPT8|ZC3H4_HUMAN,/core/www/modules//consensus/?run_id=110202&search_id=114132&scans_id=110198&peptide_id=4597&scanf=13501&charge=3&value=sp|Q9UPT8|ZC3H4_HUMAN,1,/core/www/modules/match_peptides/blast_html4.php?run_id=110202&search_id=114132&scans_id=110198&peptide_id=4597&scanf=13501&charge=3&value=1,K.TVNATGSSAAPGSSDKPSDPR.V,/core/www/modules/show_out/show_out_wrapper.php?run_id=110202&search_id=114132&scans_id=110198&peptide_id=4597&scanf=13501&charge=3&value=K.TVNATGSSAAPGSSDKPSDPR.V,ZC3H4,2.933e+6,2.491,0.022,1.661,0.001
13509,3,"  2.342","  0.291",12/28,/core/www/modules//sdig/index.php?run_id=110202&search_id=114132&scans_id=110198&peptide_id=4604&scanf=13509&charge=3&value=12/28,sp|Q9UIG0|BAZ1B_HUMAN,/core/www/modules//consensus/?run_id=110202&search_id=114132&scans_id=110198&peptide_id=4604&scanf=13509&charge=3&value=sp|Q9UIG0|BAZ1B_HUMAN,0,/core/www/modules/match_peptides/blast_html4.php?run_id=110202&search_id=114132&scans_id=110198&peptide_id=4604&scanf=13509&charge=3&value=0,K.RYELLEHK.K,/core/www/modules/show_out/show_out_wrapper.php?run_id=110202&search_id=114132&scans_id=110198&peptide_id=4604&scanf=13509&charge=3&value=K.RYELLEHK.K,BAZ1B,8.072e+6,2.686,0.011,1.946,0.000
13510,2,"  1.256","  0.196",6/12,/core/www/modules//sdig/index.php?run_id=110202&search_id=114132&scans_id=110198&peptide_id=4606&scanf=13510&charge=2&value=6/12,sp|Q9Y3B4|SF3B6_HUMAN,/core/www/modules//consensus/?run_id=110202&search_id=114132&scans_id=110198&peptide_id=4606&scanf=13510&charge=2&value=sp|Q9Y3B4|SF3B6_HUMAN,0,/core/www/modules/match_peptides/blast_html4.php?run_id=110202&search_id=114132&scans_id=110198&peptide_id=4606&scanf=13510&charge=2&value=0,R.LPPEVNR.I,/core/www/modules/show_out/show_out_wrapper.php?run_id=110202&search_id=114132&scans_id=110198&peptide_id=4606&scanf=13510&charge=2&value=R.LPPEVNR.I,SF3B6,3.623e+7,2.122,0.073,1.138,0.002
13516,2,"  3.861","  0.696",14/24,/core/www/modules//sdig/index.php?run_id=110202&search_id=114132&scans_id=110198&peptide_id=4612&scanf=13516&charge=2&value=14/24,sp|Q4G0J3|LARP7_HUMAN,/core/www/modules//consensus/?run_id=110202&search_id=114132&scans_id=110198&peptide_id=4612&scanf=13516&charge=2&value=sp|Q4G0J3|LARP7_HUMAN,11,/core/www/modules/match_peptides/blast_html4.php?run_id=110202&search_id=114132&scans_id=110198&peptide_id=4612&scanf=13516&charge=2&value=11,K.EENMDTSNTSISK.M,/core/www/modules/show_out/show_out_wrapper.php?run_id=110202&search_id=114132&scans_id=110198&peptide_id=4612&scanf=13516&charge=2&value=K.EENMDTSNTSISK.M,LARP7,4.467e+6,3.852,0.000,3.671,0.000
13519,2,"  2.553","  0.533",10/24,/core/www/modules//sdig/index.php?run_id=110202&search_id=114132&scans_id=110198&peptide_id=4615&scanf=13519&charge=2&value=10/24,sp|Q9H6W3|RIOX1_HUMAN,/core/www/modules//consensus/?run_id=110202&search_id=114132&scans_id=110198&peptide_id=4615&scanf=13519&charge=2&value=sp|Q9H6W3|RIOX1_HUMAN,0,/core/www/modules/match_peptides/blast_html4.php?run_id=110202&search_id=114132&scans_id=110198&peptide_id=4615&scanf=13519&charge=2&value=0,R.TQTLPSENSEESR.V,/core/www/modules/show_out/show_out_wrapper.php?run_id=110202&search_id=114132&scans_id=110198&peptide_id=4615&scanf=13519&charge=2&value=R.TQTLPSENSEESR.V,RIOX1,3.124e+6,3.031,0.004,2.453,0.000
13530,3,"  3.036","  0.337",11/44,/core/www/modules//sdig/index.php?run_id=110202&search_id=114132&scans_id=110198&peptide_id=4627&scanf=13530&charge=3&value=11/44,sp|Q5VYK3|ECM29_HUMAN,/core/www/modules//consensus/?run_id=110202&search_id=114132&scans_id=110198&peptide_id=4627&scanf=13530&charge=3&value=sp|Q5VYK3|ECM29_HUMAN,2,/core/www/modules/match_peptides/blast_html4.php?run_id=110202&search_id=114132&scans_id=110198&peptide_id=4627&scanf=13530&charge=3&value=2,K.SAGAMLKPHAPK.L,/core/www/modules/show_out/show_out_wrapper.php?run_id=110202&search_id=114132&scans_id=110198&peptide_id=4627&scanf=13530&charge=3&value=K.SAGAMLKPHAPK.L,ECPAS,4.391e+6,2.613,0.014,1.839,0.000
13532,2,"  1.115","  0.248",5/14,/core/www/modules//sdig/index.php?run_id=110202&search_id=114132&scans_id=110198&peptide_id=4629&scanf=13532&charge=2&value=5/14,sp|Q7Z7M8|B3GN8_HUMAN,/core/www/modules//consensus/?run_id=110202&search_id=114132&scans_id=110198&peptide_id=4629&scanf=13532&charge=2&value=sp|Q7Z7M8|B3GN8_HUMAN,0,/core/www/modules/match_peptides/blast_html4.php?run_id=110202&search_id=114132&scans_id=110198&peptide_id=4629&scanf=13532&charge=2&value=0,R.ALPPASAR.S,/core/www/modules/show_out/show_out_wrapper.php?run_id=110202&search_id=114132&scans_id=110198&peptide_id=4629&scanf=13532&charge=2&value=R.ALPPASAR.S,B3GNT8,2.209e+7,2.024,0.099,1.004,0.005
13536,2,"  2.181","  0.284",10/16,/core/www/modules//sdig/index.php?run_id=110202&search_id=114132&scans_id=110198&peptide_id=4633&scanf=13536&charge=2&value=10/16,sp|Q15637|SF01_HUMAN,/core/www/modules//consensus/?run_id=110202&search_id=114132&scans_id=110198&peptide_id=4633&scanf=13536&charge=2&value=sp|Q15637|SF01_HUMAN,2,/core/www/modules/match_peptides/blast_html4.php?run_id=110202&search_id=114132&scans_id=110198&peptide_id=4633&scanf=13536&charge=2&value=2,R.WNQDTMEQK.T,/core/www/modules/show_out/show_out_wrapper.php?run_id=110202&search_id=114132&scans_id=110198&peptide_id=4633&scanf=13536&charge=2&value=R.WNQDTMEQK.T,SF1,2.520e+6,2.585,0.016,1.798,0.000
13538,3,"  2.123","  0.434",11/64,/core/www/modules//sdig/index.php?run_id=110202&search_id=114132&scans_id=110198&peptide_id=4635&scanf=13538&charge=3&value=11/64,sp|Q29RF7|PDS5A_HUMAN,/core/www/modules//consensus/?run_id=110202&search_id=114132&scans_id=110198&peptide_id=4635&scanf=13538&charge=3&value=sp|Q29RF7|PDS5A_HUMAN,0,/core/www/modules/match_peptides/blast_html4.php?run_id=110202&search_id=114132&scans_id=110198&peptide_id=4635&scanf=13538&charge=3&value=0,K.TDEKVDESGPPAPSKPR.R,/core/www/modules/show_out/show_out_wrapper.php?run_id=110202&search_id=114132&scans_id=110198&peptide_id=4635&scanf=13538&charge=3&value=K.TDEKVDESGPPAPSKPR.R,PDS5A,2.177e+6,2.432,0.027,1.576,0.001
13543,2,"  2.962","  0.558",10/30,/core/www/modules//sdig/index.php?run_id=110202&search_id=114132&scans_id=110198&peptide_id=4641&scanf=13543&charge=2&value=10/30,tr|A0A499FIZ0|A0A499FIZ0_HUMAN,/core/www/modules//consensus/?run_id=110202&search_id=114132&scans_id=110198&peptide_id=4641&scanf=13543&charge=2&value=tr|A0A499FIZ0|A0A499FIZ0_HUMAN,2,/core/www/modules/match_peptides/blast_html4.php?run_id=110202&search_id=114132&scans_id=110198&peptide_id=4641&scanf=13543&charge=2&value=2,R.ASAAEGVGEPGASAGR.A,/core/www/modules/show_out/show_out_wrapper.php?run_id=110202&search_id=114132&scans_id=110198&peptide_id=4641&scanf=13543&charge=2&value=R.ASAAEGVGEPGASAGR.A,WDR26,1.669e+6,2.828,0.007,2.154,0.000
13550,2,"  1.687","  0.083",7/14,/core/www/modules//sdig/index.php?run_id=110202&search_id=114132&scans_id=110198&peptide_id=4648&scanf=13550&charge=2&value=7/14,sp|Q9H6W3|RIOX1_HUMAN,/core/www/modules//consensus/?run_id=110202&search_id=114132&scans_id=110198&peptide_id=4648&scanf=13550&charge=2&value=sp|Q9H6W3|RIOX1_HUMAN,0,/core/www/modules/match_peptides/blast_html4.php?run_id=110202&search_id=114132&scans_id=110198&peptide_id=4648&scanf=13550&charge=2&value=0,R.ETLNPPGR.A,/core/www/modules/show_out/show_out_wrapper.php?run_id=110202&search_id=114132&scans_id=110198&peptide_id=4648&scanf=13550&charge=2&value=R.ETLNPPGR.A,RIOX1,8.949e+6,1.813,0.184,0.735,0.010
13553,2,"  2.706","  0.498",12/18,/core/www/modules//sdig/index.php?run_id=110202&search_id=114132&scans_id=110198&peptide_id=4651&scanf=13553&charge=2&value=12/18,sp|P14625|ENPL_HUMAN,/core/www/modules//consensus/?run_id=110202&search_id=114132&scans_id=110198&peptide_id=4651&scanf=13553&charge=2&value=sp|P14625|ENPL_HUMAN,8,/core/www/modules/match_peptides/blast_html4.php?run_id=110202&search_id=114132&scans_id=110198&peptide_id=4651&scanf=13553&charge=2&value=8,K.LGVIEDHSNR.T,/core/www/modules/show_out/show_out_wrapper.php?run_id=110202&search_id=114132&scans_id=110198&peptide_id=4651&scanf=13553&charge=2&value=K.LGVIEDHSNR.T,HSP90B1,3.257e+7,3.479,0.001,3.117,0.000
13557,2,"  3.137","  0.525",9/22,/core/www/modules//sdig/index.php?run_id=110202&search_id=114132&scans_id=110198&peptide_id=4655&scanf=13557&charge=2&value=9/22,sp|P12814|ACTN1_HUMAN,/core/www/modules//consensus/?run_id=110202&search_id=114132&scans_id=110198&peptide_id=4655&scanf=13557&charge=2&value=sp|P12814|ACTN1_HUMAN,10,/core/www/modules/match_peptides/blast_html4.php?run_id=110202&search_id=114132&scans_id=110198&peptide_id=4655&scanf=13557&charge=2&value=10,R.VPENTMHAMQQK.L,/core/www/modules/show_out/show_out_wrapper.php?run_id=110202&search_id=114132&scans_id=110198&peptide_id=4655&scanf=13557&charge=2&value=R.VPENTMHAMQQK.L,ACTN1,1.090e+7,3.078,0.003,2.524,0.000
13560,2,"  2.700","  0.429",12/26,/core/www/modules//sdig/index.php?run_id=110202&search_id=114132&scans_id=110198&peptide_id=4659&scanf=13560&charge=2&value=12/26,sp|O43493|TGON2_HUMAN,/core/www/modules//consensus/?run_id=110202&search_id=114132&scans_id=110198&peptide_id=4659&scanf=13560&charge=2&value=sp|O43493|TGON2_HUMAN,1,/core/www/modules/match_peptides/blast_html4.php?run_id=110202&search_id=114132&scans_id=110198&peptide_id=4659&scanf=13560&charge=2&value=1,K.SGAEEQGPIDGPSK.S,/core/www/modules/show_out/show_out_wrapper.php?run_id=110202&search_id=114132&scans_id=110198&peptide_id=4659&scanf=13560&charge=2&value=K.SGAEEQGPIDGPSK.S,TGOLN2,2.598e+6,2.433,0.027,1.576,0.001
13571,3,"  2.025","  0.285",8/36,/core/www/modules//sdig/index.php?run_id=110202&search_id=114132&scans_id=110198&peptide_id=4670&scanf=13571&charge=3&value=8/36,sp|P61769|B2MG_HUMAN,/core/www/modules//consensus/?run_id=110202&search_id=114132&scans_id=110198&peptide_id=4670&scanf=13571&charge=3&value=sp|P61769|B2MG_HUMAN,2,/core/www/modules/match_peptides/blast_html4.php?run_id=110202&search_id=114132&scans_id=110198&peptide_id=4670&scanf=13571&charge=3&value=2,R.VNHVTLSQPK.I,/core/www/modules/show_out/show_out_wrapper.php?run_id=110202&search_id=114132&scans_id=110198&peptide_id=4670&scanf=13571&charge=3&value=R.VNHVTLSQPK.I,B2M,1.559e+7,2.412,0.028,1.547,0.001
13572,4,"  4.234","  0.227",16/84,/core/www/modules//sdig/index.php?run_id=110202&search_id=114132&scans_id=110198&peptide_id=4671&scanf=13572&charge=4&value=16/84,sp|Q9UHD1|CHRD1_HUMAN,/core/www/modules//consensus/?run_id=110202&search_id=114132&scans_id=110198&peptide_id=4671&scanf=13572&charge=4&value=sp|Q9UHD1|CHRD1_HUMAN,3,/core/www/modules/match_peptides/blast_html4.php?run_id=110202&search_id=114132&scans_id=110198&peptide_id=4671&scanf=13572&charge=4&value=3,R.HNSEKPPEPVKPEVK.T,/core/www/modules/show_out/show_out_wrapper.php?run_id=110202&search_id=114132&scans_id=110198&peptide_id=4671&scanf=13572&charge=4&value=R.HNSEKPPEPVKPEVK.T,CHORDC1,4.561e+6,2.600,0.015,1.820,0.000
13573,2,"  1.948","  0.368",8/16,/core/www/modules//sdig/index.php?run_id=110202&search_id=114132&scans_id=110198&peptide_id=4672&scanf=13573&charge=2&value=8/16,sp|Q5T6S3|PHF19_HUMAN,/core/www/modules//consensus/?run_id=110202&search_id=114132&scans_id=110198&peptide_id=4672&scanf=13573&charge=2&value=sp|Q5T6S3|PHF19_HUMAN,3,/core/www/modules/match_peptides/blast_html4.php?run_id=110202&search_id=114132&scans_id=110198&peptide_id=4672&scanf=13573&charge=2&value=3,K.LTSTPVTDR.G,/core/www/modules/show_out/show_out_wrapper.php?run_id=110202&search_id=114132&scans_id=110198&peptide_id=4672&scanf=13573&charge=2&value=K.LTSTPVTDR.G,PHF19,5.375e+6,2.623,0.014,1.853,0.000
13574,2,"  1.797","  0.227",8/16,/core/www/modules//sdig/index.php?run_id=110202&search_id=114132&scans_id=110198&peptide_id=4673&scanf=13574&charge=2&value=8/16,sp|Q13200|PSMD2_HUMAN,/core/www/modules//consensus/?run_id=110202&search_id=114132&scans_id=110198&peptide_id=4673&scanf=13574&charge=2&value=sp|Q13200|PSMD2_HUMAN,0,/core/www/modules/match_peptides/blast_html4.php?run_id=110202&search_id=114132&scans_id=110198&peptide_id=4673&scanf=13574&charge=2&value=0,K.DIDENAYAK.V,/core/www/modules/show_out/show_out_wrapper.php?run_id=110202&search_id=114132&scans_id=110198&peptide_id=4673&scanf=13574&charge=2&value=K.DIDENAYAK.V,PSMD2,1.103e+7,2.269,0.045,1.343,0.002
13577,2,"  2.495","  0.438",12/18,/core/www/modules//sdig/index.php?run_id=110202&search_id=114132&scans_id=110198&peptide_id=4676&scanf=13577&charge=2&value=12/18,sp|P20700|LMNB1_HUMAN,/core/www/modules//consensus/?run_id=110202&search_id=114132&scans_id=110198&peptide_id=4676&scanf=13577&charge=2&value=sp|P20700|LMNB1_HUMAN,0,/core/www/modules/match_peptides/blast_html4.php?run_id=110202&search_id=114132&scans_id=110198&peptide_id=4676&scanf=13577&charge=2&value=0,R.KIGDTSVSYK.Y,/core/www/modules/show_out/show_out_wrapper.php?run_id=110202&search_id=114132&scans_id=110198&peptide_id=4676&scanf=13577&charge=2&value=R.KIGDTSVSYK.Y,LMNB1,4.349e+6,2.927,0.005,2.301,0.000
13578,3,"  4.006","  0.604",18/52,/core/www/modules//sdig/index.php?run_id=110202&search_id=114132&scans_id=110198&peptide_id=4677&scanf=13578&charge=3&value=18/52,sp|Q07666|KHDR1_HUMAN,/core/www/modules//consensus/?run_id=110202&search_id=114132&scans_id=110198&peptide_id=4677&scanf=13578&charge=3&value=sp|Q07666|KHDR1_HUMAN,0,/core/www/modules/match_peptides/blast_html4.php?run_id=110202&search_id=114132&scans_id=110198&peptide_id=4677&scanf=13578&charge=3&value=0,R.SGSMDPSGAHPSVR.Q,/core/www/modules/show_out/show_out_wrapper.php?run_id=110202&search_id=114132&scans_id=110198&peptide_id=4677&scanf=13578&charge=3&value=R.SGSMDPSGAHPSVR.Q,KHDRBS1,1.911e+8,3.533,0.001,3.198,0.000
13596,3,"  4.093","  0.637",24/76,/core/www/modules//sdig/index.php?run_id=110202&search_id=114132&scans_id=110198&peptide_id=4696&scanf=13596&charge=3&value=24/76,sp|Q9HCG8|CWC22_HUMAN,/core/www/modules//consensus/?run_id=110202&search_id=114132&scans_id=110198&peptide_id=4696&scanf=13596&charge=3&value=sp|Q9HCG8|CWC22_HUMAN,1,/core/www/modules/match_peptides/blast_html4.php?run_id=110202&search_id=114132&scans_id=110198&peptide_id=4696&scanf=13596&charge=3&value=1,R.RNPETSVTQSSSAQDEPATK.K,/core/www/modules/show_out/show_out_wrapper.php?run_id=110202&search_id=114132&scans_id=110198&peptide_id=4696&scanf=13596&charge=3&value=R.RNPETSVTQSSSAQDEPATK.K,CWC22,1.540e+6,3.196,0.002,2.698,0.000
13597,2,"  3.489","  0.440",13/26,/core/www/modules//sdig/index.php?run_id=110202&search_id=114132&scans_id=110198&peptide_id=4697&scanf=13597&charge=2&value=13/26,sp|Q14139|UBE4A_HUMAN,/core/www/modules//consensus/?run_id=110202&search_id=114132&scans_id=110198&peptide_id=4697&scanf=13597&charge=2&value=sp|Q14139|UBE4A_HUMAN,1,/core/www/modules/match_peptides/blast_html4.php?run_id=110202&search_id=114132&scans_id=110198&peptide_id=4697&scanf=13597&charge=2&value=1,R.DAQQSSSPAADNLR.E,/core/www/modules/show_out/show_out_wrapper.php?run_id=110202&search_id=114132&scans_id=110198&peptide_id=4697&scanf=13597&charge=2&value=R.DAQQSSSPAADNLR.E,UBE4A,1.134e+6,2.716,0.010,1.990,0.000
13613,2,"  1.959","  0.211",8/12,/core/www/modules//sdig/index.php?run_id=110202&search_id=114132&scans_id=110198&peptide_id=4714&scanf=13613&charge=2&value=8/12,sp|P18077|RL35A_HUMAN,/core/www/modules//consensus/?run_id=110202&search_id=114132&scans_id=110198&peptide_id=4714&scanf=13613&charge=2&value=sp|P18077|RL35A_HUMAN,3,/core/www/modules/match_peptides/blast_html4.php?run_id=110202&search_id=114132&scans_id=110198&peptide_id=4714&scanf=13613&charge=2&value=3,K.IEGVYAR.D,/core/www/modules/show_out/show_out_wrapper.php?run_id=110202&search_id=114132&scans_id=110198&peptide_id=4714&scanf=13613&charge=2&value=K.IEGVYAR.D,RPL35A,2.759e+7,2.474,0.023,1.636,0.001
13616,2,"  2.343","  0.327",11/20,/core/www/modules//sdig/index.php?run_id=110202&search_id=114132&scans_id=110198&peptide_id=4717&scanf=13616&charge=2&value=11/20,sp|Q92572|AP3S1_HUMAN,/core/www/modules//consensus/?run_id=110202&search_id=114132&scans_id=110198&peptide_id=4717&scanf=13616&charge=2&value=sp|Q92572|AP3S1_HUMAN,0,/core/www/modules/match_peptides/blast_html4.php?run_id=110202&search_id=114132&scans_id=110198&peptide_id=4717&scanf=13616&charge=2&value=0,K.SEAGLAGAPAR.A,/core/www/modules/show_out/show_out_wrapper.php?run_id=110202&search_id=114132&scans_id=110198&peptide_id=4717&scanf=13616&charge=2&value=K.SEAGLAGAPAR.A,AP3S1,4.808e+6,2.499,0.021,1.672,0.001
13617,2,"  1.723","  0.240",8/16,/core/www/modules//sdig/index.php?run_id=110202&search_id=114132&scans_id=110198&peptide_id=4718&scanf=13617&charge=2&value=8/16,sp|P51610|HCFC1_HUMAN,/core/www/modules//consensus/?run_id=110202&search_id=114132&scans_id=110198&peptide_id=4718&scanf=13617&charge=2&value=sp|P51610|HCFC1_HUMAN,3,/core/www/modules/match_peptides/blast_html4.php?run_id=110202&search_id=114132&scans_id=110198&peptide_id=4718&scanf=13617&charge=2&value=3,K.GYGPATQVR.W,/core/www/modules/show_out/show_out_wrapper.php?run_id=110202&search_id=114132&scans_id=110198&peptide_id=4718&scanf=13617&charge=2&value=K.GYGPATQVR.W,HCFC1,1.779e+7,2.215,0.054,1.267,0.002
13618,3,"  3.240","  0.425",17/48,/core/www/modules//sdig/index.php?run_id=110202&search_id=114132&scans_id=110198&peptide_id=4719&scanf=13618&charge=3&value=17/48,sp|Q9NR30|DDX21_HUMAN,/core/www/modules//consensus/?run_id=110202&search_id=114132&scans_id=110198&peptide_id=4719&scanf=13618&charge=3&value=sp|Q9NR30|DDX21_HUMAN,3,/core/www/modules/match_peptides/blast_html4.php?run_id=110202&search_id=114132&scans_id=110198&peptide_id=4719&scanf=13618&charge=3&value=3,K.KAEPSEVDMNSPK.S,/core/www/modules/show_out/show_out_wrapper.php?run_id=110202&search_id=114132&scans_id=110198&peptide_id=4719&scanf=13618&charge=3&value=K.KAEPSEVDMNSPK.S,DDX21,9.867e+6,2.900,0.005,2.260,0.000
13620,2,"  2.699","  0.530",13/22,/core/www/modules//sdig/index.php?run_id=110202&search_id=114132&scans_id=110198&peptide_id=4722&scanf=13620&charge=2&value=13/22,sp|Q92841|DDX17_HUMAN,/core/www/modules//consensus/?run_id=110202&search_id=114132&scans_id=110198&peptide_id=4722&scanf=13620&charge=2&value=sp|Q92841|DDX17_HUMAN,2,/core/www/modules/match_peptides/blast_html4.php?run_id=110202&search_id=114132&scans_id=110198&peptide_id=4722&scanf=13620&charge=2&value=2,R.DM*VGIAQTGSGK.T,/core/www/modules/show_out/show_out_wrapper.php?run_id=110202&search_id=114132&scans_id=110198&peptide_id=4722&scanf=13620&charge=2&value=R.DM*VGIAQTGSGK.T,DDX17,5.511e+6,3.327,0.001,2.891,0.000
13623,3,"  3.666","  0.543",13/52,/core/www/modules//sdig/index.php?run_id=110202&search_id=114132&scans_id=110198&peptide_id=4725&scanf=13623&charge=3&value=13/52,sp|Q9GZR2|REXO4_HUMAN,/core/www/modules//consensus/?run_id=110202&search_id=114132&scans_id=110198&peptide_id=4725&scanf=13623&charge=3&value=sp|Q9GZR2|REXO4_HUMAN,1,/core/www/modules/match_peptides/blast_html4.php?run_id=110202&search_id=114132&scans_id=110198&peptide_id=4725&scanf=13623&charge=3&value=1,K.KPASGPGAVVRPPK.A,/core/www/modules/show_out/show_out_wrapper.php?run_id=110202&search_id=114132&scans_id=110198&peptide_id=4725&scanf=13623&charge=3&value=K.KPASGPGAVVRPPK.A,REXO4,7.316e+6,3.268,0.002,2.805,0.000
13626,2,"  2.358","  0.551",13/22,/core/www/modules//sdig/index.php?run_id=110202&search_id=114132&scans_id=110198&peptide_id=4728&scanf=13626&charge=2&value=13/22,sp|A5YKK6|CNOT1_HUMAN,/core/www/modules//consensus/?run_id=110202&search_id=114132&scans_id=110198&peptide_id=4728&scanf=13626&charge=2&value=sp|A5YKK6|CNOT1_HUMAN,0,/core/www/modules/match_peptides/blast_html4.php?run_id=110202&search_id=114132&scans_id=110198&peptide_id=4728&scanf=13626&charge=2&value=0,R.SNLQVSNEPGNR.Y,/core/www/modules/show_out/show_out_wrapper.php?run_id=110202&search_id=114132&scans_id=110198&peptide_id=4728&scanf=13626&charge=2&value=R.SNLQVSNEPGNR.Y,CNOT1,2.141e+6,3.357,0.001,2.936,0.000
13637,2,"  1.609","  0.250",6/14,/core/www/modules//sdig/index.php?run_id=110202&search_id=114132&scans_id=110198&peptide_id=4739&scanf=13637&charge=2&value=6/14,sp|Q9NU22|MDN1_HUMAN,/core/www/modules//consensus/?run_id=110202&search_id=114132&scans_id=110198&peptide_id=4739&scanf=13637&charge=2&value=sp|Q9NU22|MDN1_HUMAN,0,/core/www/modules/match_peptides/blast_html4.php?run_id=110202&search_id=114132&scans_id=110198&peptide_id=4739&scanf=13637&charge=2&value=0,R.SLPEPAQR.G,/core/www/modules/show_out/show_out_wrapper.php?run_id=110202&search_id=114132&scans_id=110198&peptide_id=4739&scanf=13637&charge=2&value=R.SLPEPAQR.G,MDN1,7.882e+6,2.410,0.029,1.545,0.001
13638,2,"  1.291","  0.054",8/14,/core/www/modules//sdig/index.php?run_id=110202&search_id=114132&scans_id=110198&peptide_id=4740&scanf=13638&charge=2&value=8/14,sp|P46087|NOP2_HUMAN,/core/www/modules//consensus/?run_id=110202&search_id=114132&scans_id=110198&peptide_id=4740&scanf=13638&charge=2&value=sp|P46087|NOP2_HUMAN,4,/core/www/modules/match_peptides/blast_html4.php?run_id=110202&search_id=114132&scans_id=110198&peptide_id=4740&scanf=13638&charge=2&value=4,R.LGSVEAPK.T,/core/www/modules/show_out/show_out_wrapper.php?run_id=110202&search_id=114132&scans_id=110198&peptide_id=4740&scanf=13638&charge=2&value=R.LGSVEAPK.T,NOP2,2.849e+7,1.821,0.180,0.745,0.010
13641,3,"  2.541","  0.366",12/36,/core/www/modules//sdig/index.php?run_id=110202&search_id=114132&scans_id=110198&peptide_id=4744&scanf=13641&charge=3&value=12/36,sp|Q13610|PWP1_HUMAN,/core/www/modules//consensus/?run_id=110202&search_id=114132&scans_id=110198&peptide_id=4744&scanf=13641&charge=3&value=sp|Q13610|PWP1_HUMAN,0,/core/www/modules/match_peptides/blast_html4.php?run_id=110202&search_id=114132&scans_id=110198&peptide_id=4744&scanf=13641&charge=3&value=0,K.ETPDKVELSK.E,/core/www/modules/show_out/show_out_wrapper.php?run_id=110202&search_id=114132&scans_id=110198&peptide_id=4744&scanf=13641&charge=3&value=K.ETPDKVELSK.E,PWP1,2.598e+7,2.593,0.015,1.810,0.000
13642,3,"  2.011","  0.227",9/36,/core/www/modules//sdig/index.php?run_id=110202&search_id=114132&scans_id=110198&peptide_id=4745&scanf=13642&charge=3&value=9/36,sp|Q6P2Q9|PRP8_HUMAN,/core/www/modules//consensus/?run_id=110202&search_id=114132&scans_id=110198&peptide_id=4745&scanf=13642&charge=3&value=sp|Q6P2Q9|PRP8_HUMAN,1,/core/www/modules/match_peptides/blast_html4.php?run_id=110202&search_id=114132&scans_id=110198&peptide_id=4745&scanf=13642&charge=3&value=1,R.SGLNQIPNRR.F,/core/www/modules/show_out/show_out_wrapper.php?run_id=110202&search_id=114132&scans_id=110198&peptide_id=4745&scanf=13642&charge=3&value=R.SGLNQIPNRR.F,PRPF8,2.401e+7,2.310,0.040,1.401,0.001
13643,3,"  1.935","  0.193",9/48,/core/www/modules//sdig/index.php?run_id=110202&search_id=114132&scans_id=110198&peptide_id=4746&scanf=13643&charge=3&value=9/48,sp|O00267|SPT5H_HUMAN,/core/www/modules//consensus/?run_id=110202&search_id=114132&scans_id=110198&peptide_id=4746&scanf=13643&charge=3&value=sp|O00267|SPT5H_HUMAN,0,/core/www/modules/match_peptides/blast_html4.php?run_id=110202&search_id=114132&scans_id=110198&peptide_id=4746&scanf=13643&charge=3&value=0,R.ISSPMHPSAGGQR.G,/core/www/modules/show_out/show_out_wrapper.php?run_id=110202&search_id=114132&scans_id=110198&peptide_id=4746&scanf=13643&charge=3&value=R.ISSPMHPSAGGQR.G,SUPT5H,2.690e+6,1.998,0.107,0.970,0.005
13644,2,"  3.033","  0.613",11/16,/core/www/modules//sdig/index.php?run_id=110202&search_id=114132&scans_id=110198&peptide_id=4747&scanf=13644&charge=2&value=11/16,sp|Q15363|TMED2_HUMAN,/core/www/modules//consensus/?run_id=110202&search_id=114132&scans_id=110198&peptide_id=4747&scanf=13644&charge=2&value=sp|Q15363|TMED2_HUMAN,2,/core/www/modules/match_peptides/blast_html4.php?run_id=110202&search_id=114132&scans_id=110198&peptide_id=4747&scanf=13644&charge=2&value=2,K.HEQEYMEVR.E,/core/www/modules/show_out/show_out_wrapper.php?run_id=110202&search_id=114132&scans_id=110198&peptide_id=4747&scanf=13644&charge=2&value=K.HEQEYMEVR.E,TMED2,3.479e+6,3.763,0.000,3.538,0.000
13645,3,"  5.830","  0.588",22/80,/core/www/modules//sdig/index.php?run_id=110202&search_id=114132&scans_id=110198&peptide_id=4748&scanf=13645&charge=3&value=22/80,sp|Q9Y4W2|LAS1L_HUMAN,/core/www/modules//consensus/?run_id=110202&search_id=114132&scans_id=110198&peptide_id=4748&scanf=13645&charge=3&value=sp|Q9Y4W2|LAS1L_HUMAN,2,/core/www/modules/match_peptides/blast_html4.php?run_id=110202&search_id=114132&scans_id=110198&peptide_id=4748&scanf=13645&charge=3&value=2,K.AQQQEEQGSVNDVKEEEKEEK.E,/core/www/modules/show_out/show_out_wrapper.php?run_id=110202&search_id=114132&scans_id=110198&peptide_id=4748&scanf=13645&charge=3&value=K.AQQQEEQGSVNDVKEEEKEEK.E,LAS1L,2.585e+6,2.800,0.008,2.114,0.000
13655,2,"  3.199","  0.561",14/22,/core/www/modules//sdig/index.php?run_id=110202&search_id=114132&scans_id=110198&peptide_id=4757&scanf=13655&charge=2&value=14/22,sp|P10809|CH60_HUMAN,/core/www/modules//consensus/?run_id=110202&search_id=114132&scans_id=110198&peptide_id=4757&scanf=13655&charge=2&value=sp|P10809|CH60_HUMAN,3,/core/www/modules/match_peptides/blast_html4.php?run_id=110202&search_id=114132&scans_id=110198&peptide_id=4757&scanf=13655&charge=2&value=3,K.VGGTSDVEVNEK.K,/core/www/modules/show_out/show_out_wrapper.php?run_id=110202&search_id=114132&scans_id=110198&peptide_id=4757&scanf=13655&charge=2&value=K.VGGTSDVEVNEK.K,HSPD1,1.285e+8,3.602,0.001,3.299,0.000
13660,3,"  3.211","  0.384",12/52,/core/www/modules//sdig/index.php?run_id=110202&search_id=114132&scans_id=110198&peptide_id=4763&scanf=13660&charge=3&value=12/52,sp|Q07666|KHDR1_HUMAN,/core/www/modules//consensus/?run_id=110202&search_id=114132&scans_id=110198&peptide_id=4763&scanf=13660&charge=3&value=sp|Q07666|KHDR1_HUMAN,0,/core/www/modules/match_peptides/blast_html4.php?run_id=110202&search_id=114132&scans_id=110198&peptide_id=4763&scanf=13660&charge=3&value=0,R.SGSM*DPSGAHPSVR.Q,/core/www/modules/show_out/show_out_wrapper.php?run_id=110202&search_id=114132&scans_id=110198&peptide_id=4763&scanf=13660&charge=3&value=R.SGSM*DPSGAHPSVR.Q,KHDRBS1,1.005e+7,2.689,0.011,1.950,0.000
13665,3,"  2.519","  0.343",11/44,/core/www/modules//sdig/index.php?run_id=110202&search_id=114132&scans_id=110198&peptide_id=4768&scanf=13665&charge=3&value=11/44,sp|Q13813|SPTN1_HUMAN,/core/www/modules//consensus/?run_id=110202&search_id=114132&scans_id=110198&peptide_id=4768&scanf=13665&charge=3&value=sp|Q13813|SPTN1_HUMAN,3,/core/www/modules/match_peptides/blast_html4.php?run_id=110202&search_id=114132&scans_id=110198&peptide_id=4768&scanf=13665&charge=3&value=3,R.ALSSEGKPYVTK.E,/core/www/modules/show_out/show_out_wrapper.php?run_id=110202&search_id=114132&scans_id=110198&peptide_id=4768&scanf=13665&charge=3&value=R.ALSSEGKPYVTK.E,SPTAN1,1.032e+7,2.814,0.007,2.134,0.000
13668,2,"  2.209","  0.562",14/30,/core/www/modules//sdig/index.php?run_id=110202&search_id=114132&scans_id=110198&peptide_id=4771&scanf=13668&charge=2&value=14/30,sp|Q9NRX1|PNO1_HUMAN,/core/www/modules//consensus/?run_id=110202&search_id=114132&scans_id=110198&peptide_id=4771&scanf=13668&charge=2&value=sp|Q9NRX1|PNO1_HUMAN,1,/core/www/modules/match_peptides/blast_html4.php?run_id=110202&search_id=114132&scans_id=110198&peptide_id=4771&scanf=13668&charge=2&value=1,R.QAEQLSAAGEGGDAGR.M,/core/www/modules/show_out/show_out_wrapper.php?run_id=110202&search_id=114132&scans_id=110198&peptide_id=4771&scanf=13668&charge=2&value=R.QAEQLSAAGEGGDAGR.M,PNO1,6.192e+6,3.028,0.004,2.449,0.000
13672,2,"  2.235","  0.628",10/22,/core/www/modules//sdig/index.php?run_id=110202&search_id=114132&scans_id=110198&peptide_id=4776&scanf=13672&charge=2&value=10/22,sp|O15042|SR140_HUMAN,/core/www/modules//consensus/?run_id=110202&search_id=114132&scans_id=110198&peptide_id=4776&scanf=13672&charge=2&value=sp|O15042|SR140_HUMAN,3,/core/www/modules/match_peptides/blast_html4.php?run_id=110202&search_id=114132&scans_id=110198&peptide_id=4776&scanf=13672&charge=2&value=3,R.FEPPQSDSDGQR.R,/core/www/modules/show_out/show_out_wrapper.php?run_id=110202&search_id=114132&scans_id=110198&peptide_id=4776&scanf=13672&charge=2&value=R.FEPPQSDSDGQR.R,U2SURP,9.525e+6,3.437,0.001,3.054,0.000
13674,2,"  2.796","  0.408",8/16,/core/www/modules//sdig/index.php?run_id=110202&search_id=114132&scans_id=110198&peptide_id=4778&scanf=13674&charge=2&value=8/16,sp|P67870|CSK2B_HUMAN,/core/www/modules//consensus/?run_id=110202&search_id=114132&scans_id=110198&peptide_id=4778&scanf=13674&charge=2&value=sp|P67870|CSK2B_HUMAN,2,/core/www/modules/match_peptides/blast_html4.php?run_id=110202&search_id=114132&scans_id=110198&peptide_id=4778&scanf=13674&charge=2&value=2,K.RPANQFVPR.L,/core/www/modules/show_out/show_out_wrapper.php?run_id=110202&search_id=114132&scans_id=110198&peptide_id=4778&scanf=13674&charge=2&value=K.RPANQFVPR.L,CSNK2B,8.850e+6,2.834,0.007,2.164,0.000
13677,3,"  3.765","  0.551",18/48,/core/www/modules//sdig/index.php?run_id=110202&search_id=114132&scans_id=110198&peptide_id=4780&scanf=13677&charge=3&value=18/48,sp|P38159|RBMX_HUMAN,/core/www/modules//consensus/?run_id=110202&search_id=114132&scans_id=110198&peptide_id=4780&scanf=13677&charge=3&value=sp|P38159|RBMX_HUMAN,2,/core/www/modules/match_peptides/blast_html4.php?run_id=110202&search_id=114132&scans_id=110198&peptide_id=4780&scanf=13677&charge=3&value=2,K.VEQATKPSFESGR.R,/core/www/modules/show_out/show_out_wrapper.php?run_id=110202&search_id=114132&scans_id=110198&peptide_id=4780&scanf=13677&charge=3&value=K.VEQATKPSFESGR.R,RBMX,4.792e+8,3.722,0.000,3.478,0.000
13682,3,"  5.076","  0.661",23/64,/core/www/modules//sdig/index.php?run_id=110202&search_id=114132&scans_id=110198&peptide_id=4786&scanf=13682&charge=3&value=23/64,sp|P51116|FXR2_HUMAN,/core/www/modules//consensus/?run_id=110202&search_id=114132&scans_id=110198&peptide_id=4786&scanf=13682&charge=3&value=sp|P51116|FXR2_HUMAN,0,/core/www/modules/match_peptides/blast_html4.php?run_id=110202&search_id=114132&scans_id=110198&peptide_id=4786&scanf=13682&charge=3&value=0,K.AGYSTDESSSSSLHATR.T,/core/www/modules/show_out/show_out_wrapper.php?run_id=110202&search_id=114132&scans_id=110198&peptide_id=4786&scanf=13682&charge=3&value=K.AGYSTDESSSSSLHATR.T,FXR2,1.175e+7,3.791,0.000,3.580,0.000
13688,3,"  2.718","  0.373",15/40,/core/www/modules//sdig/index.php?run_id=110202&search_id=114132&scans_id=110198&peptide_id=4792&scanf=13688&charge=3&value=15/40,sp|Q96E39|RMXL1_HUMAN,/core/www/modules//consensus/?run_id=110202&search_id=114132&scans_id=110198&peptide_id=4792&scanf=13688&charge=3&value=sp|Q96E39|RMXL1_HUMAN,1,/core/www/modules/match_peptides/blast_html4.php?run_id=110202&search_id=114132&scans_id=110198&peptide_id=4792&scanf=13688&charge=3&value=1,K.VEQATKPSFER.G,/core/www/modules/show_out/show_out_wrapper.php?run_id=110202&search_id=114132&scans_id=110198&peptide_id=4792&scanf=13688&charge=3&value=K.VEQATKPSFER.G,RBMXL1,2.981e+7,2.947,0.005,2.330,0.000
13690,3,"  4.792","  0.604",16/60,/core/www/modules//sdig/index.php?run_id=110202&search_id=114132&scans_id=110198&peptide_id=4795&scanf=13690&charge=3&value=16/60,sp|P52597|HNRPF_HUMAN,/core/www/modules//consensus/?run_id=110202&search_id=114132&scans_id=110198&peptide_id=4795&scanf=13690&charge=3&value=sp|P52597|HNRPF_HUMAN,0,/core/www/modules/match_peptides/blast_html4.php?run_id=110202&search_id=114132&scans_id=110198&peptide_id=4795&scanf=13690&charge=3&value=0,K.HSGPNSADSANDGFVR.L,/core/www/modules/show_out/show_out_wrapper.php?run_id=110202&search_id=114132&scans_id=110198&peptide_id=4795&scanf=13690&charge=3&value=K.HSGPNSADSANDGFVR.L,HNRNPF,6.208e+6,3.478,0.001,3.115,0.000
13698,3,"  3.152","  0.399",13/44,/core/www/modules//sdig/index.php?run_id=110202&search_id=114132&scans_id=110198&peptide_id=4802&scanf=13698&charge=3&value=13/44,sp|Q14683|SMC1A_HUMAN,/core/www/modules//consensus/?run_id=110202&search_id=114132&scans_id=110198&peptide_id=4802&scanf=13698&charge=3&value=sp|Q14683|SMC1A_HUMAN,2,/core/www/modules/match_peptides/blast_html4.php?run_id=110202&search_id=114132&scans_id=110198&peptide_id=4802&scanf=13698&charge=3&value=2,R.QVQSQAHGLQMR.L,/core/www/modules/show_out/show_out_wrapper.php?run_id=110202&search_id=114132&scans_id=110198&peptide_id=4802&scanf=13698&charge=3&value=R.QVQSQAHGLQMR.L,SMC1A,2.428e+7,3.010,0.004,2.424,0.000
13701,2,"  2.566","  0.383",11/16,/core/www/modules//sdig/index.php?run_id=110202&search_id=114132&scans_id=110198&peptide_id=4806&scanf=13701&charge=2&value=11/16,sp|P18583|SON_HUMAN,/core/www/modules//consensus/?run_id=110202&search_id=114132&scans_id=110198&peptide_id=4806&scanf=13701&charge=2&value=sp|P18583|SON_HUMAN,2,/core/www/modules/match_peptides/blast_html4.php?run_id=110202&search_id=114132&scans_id=110198&peptide_id=4806&scanf=13701&charge=2&value=2,R.KGLVAVGER.A,/core/www/modules/show_out/show_out_wrapper.php?run_id=110202&search_id=114132&scans_id=110198&peptide_id=4806&scanf=13701&charge=2&value=R.KGLVAVGER.A,SON,4.303e+6,2.869,0.006,2.215,0.000
13703,2,"  2.471","  0.489",11/18,/core/www/modules//sdig/index.php?run_id=110202&search_id=114132&scans_id=110198&peptide_id=4808&scanf=13703&charge=2&value=11/18,sp|Q15149|PLEC_HUMAN,/core/www/modules//consensus/?run_id=110202&search_id=114132&scans_id=110198&peptide_id=4808&scanf=13703&charge=2&value=sp|Q15149|PLEC_HUMAN,5,/core/www/modules/match_peptides/blast_html4.php?run_id=110202&search_id=114132&scans_id=110198&peptide_id=4808&scanf=13703&charge=2&value=5,R.SYVDPSTDER.L,/core/www/modules/show_out/show_out_wrapper.php?run_id=110202&search_id=114132&scans_id=110198&peptide_id=4808&scanf=13703&charge=2&value=R.SYVDPSTDER.L,PLEC,1.404e+7,3.757,0.000,3.530,0.000
13706,2,"  2.577","  0.427",10/18,/core/www/modules//sdig/index.php?run_id=110202&search_id=114132&scans_id=110198&peptide_id=4811&scanf=13706&charge=2&value=10/18,sp|Q9BYG3|MK67I_HUMAN,/core/www/modules//consensus/?run_id=110202&search_id=114132&scans_id=110198&peptide_id=4811&scanf=13706&charge=2&value=sp|Q9BYG3|MK67I_HUMAN,2,/core/www/modules/match_peptides/blast_html4.php?run_id=110202&search_id=114132&scans_id=110198&peptide_id=4811&scanf=13706&charge=2&value=2,K.VSGTLDTPEK.T,/core/www/modules/show_out/show_out_wrapper.php?run_id=110202&search_id=114132&scans_id=110198&peptide_id=4811&scanf=13706&charge=2&value=K.VSGTLDTPEK.T,NIFK,6.596e+6,2.934,0.005,2.311,0.000
13708,3,"  4.002","  0.479",16/52,/core/www/modules//sdig/index.php?run_id=110202&search_id=114132&scans_id=110198&peptide_id=4813&scanf=13708&charge=3&value=16/52,sp|P08670|VIME_HUMAN,/core/www/modules//consensus/?run_id=110202&search_id=114132&scans_id=110198&peptide_id=4813&scanf=13708&charge=3&value=sp|P08670|VIME_HUMAN,2,/core/www/modules/match_peptides/blast_html4.php?run_id=110202&search_id=114132&scans_id=110198&peptide_id=4813&scanf=13708&charge=3&value=2,R.LQDEIQNM*KEEM*AR.H,/core/www/modules/show_out/show_out_wrapper.php?run_id=110202&search_id=114132&scans_id=110198&peptide_id=4813&scanf=13708&charge=3&value=R.LQDEIQNM*KEEM*AR.H,VIM,2.135e+7,3.361,0.001,2.942,0.000
13709,2,"  2.890","  0.561",12/22,/core/www/modules//sdig/index.php?run_id=110202&search_id=114132&scans_id=110198&peptide_id=4814&scanf=13709&charge=2&value=12/22,sp|Q9C0J8|WDR33_HUMAN,/core/www/modules//consensus/?run_id=110202&search_id=114132&scans_id=110198&peptide_id=4814&scanf=13709&charge=2&value=sp|Q9C0J8|WDR33_HUMAN,0,/core/www/modules/match_peptides/blast_html4.php?run_id=110202&search_id=114132&scans_id=110198&peptide_id=4814&scanf=13709&charge=2&value=0,R.EMEAPGGPSEDR.G,/core/www/modules/show_out/show_out_wrapper.php?run_id=110202&search_id=114132&scans_id=110198&peptide_id=4814&scanf=13709&charge=2&value=R.EMEAPGGPSEDR.G,WDR33,4.868e+6,3.359,0.001,2.940,0.000
13715,2,"  2.340","  0.550",15/30,/core/www/modules//sdig/index.php?run_id=110202&search_id=114132&scans_id=110198&peptide_id=4821&scanf=13715&charge=2&value=15/30,sp|Q8TEA8|DTD1_HUMAN,/core/www/modules//consensus/?run_id=110202&search_id=114132&scans_id=110198&peptide_id=4821&scanf=13715&charge=2&value=sp|Q8TEA8|DTD1_HUMAN,0,/core/www/modules/match_peptides/blast_html4.php?run_id=110202&search_id=114132&scans_id=110198&peptide_id=4821&scanf=13715&charge=2&value=0,R.SASSGAEGDVSSEREP.-,/core/www/modules/show_out/show_out_wrapper.php?run_id=110202&search_id=114132&scans_id=110198&peptide_id=4821&scanf=13715&charge=2&value=R.SASSGAEGDVSSEREP.-,DTD1,1.928e+6,2.712,0.010,1.984,0.000
13719,2,"  2.327","  0.440",10/16,/core/www/modules//sdig/index.php?run_id=110202&search_id=114132&scans_id=110198&peptide_id=4824&scanf=13719&charge=2&value=10/16,sp|Q9Y262|EIF3L_HUMAN,/core/www/modules//consensus/?run_id=110202&search_id=114132&scans_id=110198&peptide_id=4824&scanf=13719&charge=2&value=sp|Q9Y262|EIF3L_HUMAN,4,/core/www/modules/match_peptides/blast_html4.php?run_id=110202&search_id=114132&scans_id=110198&peptide_id=4824&scanf=13719&charge=2&value=4,R.VSSDVIDQK.V,/core/www/modules/show_out/show_out_wrapper.php?run_id=110202&search_id=114132&scans_id=110198&peptide_id=4824&scanf=13719&charge=2&value=R.VSSDVIDQK.V,EIF3L,1.720e+7,3.142,0.002,2.618,0.000
13723,2,"  2.006","  0.327",7/12,/core/www/modules//sdig/index.php?run_id=110202&search_id=114132&scans_id=110198&peptide_id=4829&scanf=13723&charge=2&value=7/12,sp|Q9Y2W1|TR150_HUMAN,/core/www/modules//consensus/?run_id=110202&search_id=114132&scans_id=110198&peptide_id=4829&scanf=13723&charge=2&value=sp|Q9Y2W1|TR150_HUMAN,1,/core/www/modules/match_peptides/blast_html4.php?run_id=110202&search_id=114132&scans_id=110198&peptide_id=4829&scanf=13723&charge=2&value=1,R.SNWQNYR.Q,/core/www/modules/show_out/show_out_wrapper.php?run_id=110202&search_id=114132&scans_id=110198&peptide_id=4829&scanf=13723&charge=2&value=R.SNWQNYR.Q,THRAP3,1.544e+7,2.717,0.010,1.992,0.000
13730,2,"  2.575","  0.242",8/16,/core/www/modules//sdig/index.php?run_id=110202&search_id=114132&scans_id=110198&peptide_id=4837&scanf=13730&charge=2&value=8/16,sp|Q9BZZ5|API5_HUMAN,/core/www/modules//consensus/?run_id=110202&search_id=114132&scans_id=110198&peptide_id=4837&scanf=13730&charge=2&value=sp|Q9BZZ5|API5_HUMAN,0,/core/www/modules/match_peptides/blast_html4.php?run_id=110202&search_id=114132&scans_id=110198&peptide_id=4837&scanf=13730&charge=2&value=0,R.QIYNPPSGK.Y,/core/www/modules/show_out/show_out_wrapper.php?run_id=110202&search_id=114132&scans_id=110198&peptide_id=4837&scanf=13730&charge=2&value=R.QIYNPPSGK.Y,API5,1.380e+7,2.097,0.079,1.103,0.003
13734,3,"  2.576","  0.429",15/68,/core/www/modules//sdig/index.php?run_id=110202&search_id=114132&scans_id=110198&peptide_id=4841&scanf=13734&charge=3&value=15/68,sp|Q9P2E9|RRBP1_HUMAN,/core/www/modules//consensus/?run_id=110202&search_id=114132&scans_id=110198&peptide_id=4841&scanf=13734&charge=3&value=sp|Q9P2E9|RRBP1_HUMAN,1,/core/www/modules/match_peptides/blast_html4.php?run_id=110202&search_id=114132&scans_id=110198&peptide_id=4841&scanf=13734&charge=3&value=1,R.DAQDVQASQAEADQQQTR.L,/core/www/modules/show_out/show_out_wrapper.php?run_id=110202&search_id=114132&scans_id=110198&peptide_id=4841&scanf=13734&charge=3&value=R.DAQDVQASQAEADQQQTR.L,RRBP1,3.050e+6,2.660,0.012,1.907,0.000
13735,2,"  3.604","  0.578",15/24,/core/www/modules//sdig/index.php?run_id=110202&search_id=114132&scans_id=110198&peptide_id=4842&scanf=13735&charge=2&value=15/24,sp|Q9UN86|G3BP2_HUMAN,/core/www/modules//consensus/?run_id=110202&search_id=114132&scans_id=110198&peptide_id=4842&scanf=13735&charge=2&value=sp|Q9UN86|G3BP2_HUMAN,7,/core/www/modules/match_peptides/blast_html4.php?run_id=110202&search_id=114132&scans_id=110198&peptide_id=4842&scanf=13735&charge=2&value=7,R.VEAKPEVQSQPPR.V,/core/www/modules/show_out/show_out_wrapper.php?run_id=110202&search_id=114132&scans_id=110198&peptide_id=4842&scanf=13735&charge=2&value=R.VEAKPEVQSQPPR.V,G3BP2,3.402e+6,3.509,0.001,3.161,0.000
13736,2,"  1.843","  0.338",7/14,/core/www/modules//sdig/index.php?run_id=110202&search_id=114132&scans_id=110198&peptide_id=4843&scanf=13736&charge=2&value=7/14,sp|O75691|UTP20_HUMAN,/core/www/modules//consensus/?run_id=110202&search_id=114132&scans_id=110198&peptide_id=4843&scanf=13736&charge=2&value=sp|O75691|UTP20_HUMAN,0,/core/www/modules/match_peptides/blast_html4.php?run_id=110202&search_id=114132&scans_id=110198&peptide_id=4843&scanf=13736&charge=2&value=0,K.HPHVLPYR.E,/core/www/modules/show_out/show_out_wrapper.php?run_id=110202&search_id=114132&scans_id=110198&peptide_id=4843&scanf=13736&charge=2&value=K.HPHVLPYR.E,UTP20,1.936e+6,2.728,0.010,2.008,0.000
13739,2,"  2.104","  0.407",8/12,/core/www/modules//sdig/index.php?run_id=110202&search_id=114132&scans_id=110198&peptide_id=4845&scanf=13739&charge=2&value=8/12,sp|Q9Y2W1|TR150_HUMAN,/core/www/modules//consensus/?run_id=110202&search_id=114132&scans_id=110198&peptide_id=4845&scanf=13739&charge=2&value=sp|Q9Y2W1|TR150_HUMAN,1,/core/www/modules/match_peptides/blast_html4.php?run_id=110202&search_id=114132&scans_id=110198&peptide_id=4845&scanf=13739&charge=2&value=1,R.SNWQNYR.Q,/core/www/modules/show_out/show_out_wrapper.php?run_id=110202&search_id=114132&scans_id=110198&peptide_id=4845&scanf=13739&charge=2&value=R.SNWQNYR.Q,THRAP3,1.544e+7,3.102,0.003,2.558,0.000
13742,2,"  1.726","  0.427",9/20,/core/www/modules//sdig/index.php?run_id=110202&search_id=114132&scans_id=110198&peptide_id=4849&scanf=13742&charge=2&value=9/20,sp|Q96E39|RMXL1_HUMAN,/core/www/modules//consensus/?run_id=110202&search_id=114132&scans_id=110198&peptide_id=4849&scanf=13742&charge=2&value=sp|Q96E39|RMXL1_HUMAN,1,/core/www/modules/match_peptides/blast_html4.php?run_id=110202&search_id=114132&scans_id=110198&peptide_id=4849&scanf=13742&charge=2&value=1,K.VEQATKPSFER.G,/core/www/modules/show_out/show_out_wrapper.php?run_id=110202&search_id=114132&scans_id=110198&peptide_id=4849&scanf=13742&charge=2&value=K.VEQATKPSFER.G,RBMXL1,4.737e+6,2.590,0.016,1.805,0.000
13744,2,"  1.638","  0.195",5/12,/core/www/modules//sdig/index.php?run_id=110202&search_id=114132&scans_id=110198&peptide_id=4851&scanf=13744&charge=2&value=5/12,sp|P56182|RRP1_HUMAN,/core/www/modules//consensus/?run_id=110202&search_id=114132&scans_id=110198&peptide_id=4851&scanf=13744&charge=2&value=sp|P56182|RRP1_HUMAN,0,/core/www/modules/match_peptides/blast_html4.php?run_id=110202&search_id=114132&scans_id=110198&peptide_id=4851&scanf=13744&charge=2&value=0,K.MQGWEER.Q,/core/www/modules/show_out/show_out_wrapper.php?run_id=110202&search_id=114132&scans_id=110198&peptide_id=4851&scanf=13744&charge=2&value=K.MQGWEER.Q,RRP1,4.420e+6,1.939,0.128,0.892,0.006
13746,2,"  3.945","  0.588",15/26,/core/www/modules//sdig/index.php?run_id=110202&search_id=114132&scans_id=110198&peptide_id=4853&scanf=13746&charge=2&value=15/26,sp|P08670|VIME_HUMAN,/core/www/modules//consensus/?run_id=110202&search_id=114132&scans_id=110198&peptide_id=4853&scanf=13746&charge=2&value=sp|P08670|VIME_HUMAN,2,/core/www/modules/match_peptides/blast_html4.php?run_id=110202&search_id=114132&scans_id=110198&peptide_id=4853&scanf=13746&charge=2&value=2,R.LQDEIQNM*KEEM*AR.H,/core/www/modules/show_out/show_out_wrapper.php?run_id=110202&search_id=114132&scans_id=110198&peptide_id=4853&scanf=13746&charge=2&value=R.LQDEIQNM*KEEM*AR.H,VIM,3.962e+6,3.656,0.000,3.379,0.000
13749,2,"  2.744","  0.386",11/18,/core/www/modules//sdig/index.php?run_id=110202&search_id=114132&scans_id=110198&peptide_id=4856&scanf=13749&charge=2&value=11/18,sp|P30153|2AAA_HUMAN,/core/www/modules//consensus/?run_id=110202&search_id=114132&scans_id=110198&peptide_id=4856&scanf=13749&charge=2&value=sp|P30153|2AAA_HUMAN,2,/core/www/modules/match_peptides/blast_html4.php?run_id=110202&search_id=114132&scans_id=110198&peptide_id=4856&scanf=13749&charge=2&value=2,K.LTQDQDVDVK.Y,/core/www/modules/show_out/show_out_wrapper.php?run_id=110202&search_id=114132&scans_id=110198&peptide_id=4856&scanf=13749&charge=2&value=K.LTQDQDVDVK.Y,PPP2R1A,1.289e+7,2.928,0.005,2.301,0.000
13751,2,"  2.212","  0.389",13/18,/core/www/modules//sdig/index.php?run_id=110202&search_id=114132&scans_id=110198&peptide_id=4859&scanf=13751&charge=2&value=13/18,sp|P62424|RL7A_HUMAN,/core/www/modules//consensus/?run_id=110202&search_id=114132&scans_id=110198&peptide_id=4859&scanf=13751&charge=2&value=sp|P62424|RL7A_HUMAN,1,/core/www/modules/match_peptides/blast_html4.php?run_id=110202&search_id=114132&scans_id=110198&peptide_id=4859&scanf=13751&charge=2&value=1,K.KVAPAPAVVK.K,/core/www/modules/show_out/show_out_wrapper.php?run_id=110202&search_id=114132&scans_id=110198&peptide_id=4859&scanf=13751&charge=2&value=K.KVAPAPAVVK.K,RPL7A,1.688e+7,2.802,0.008,2.115,0.000
13752,2,"  2.591","  0.535",11/18,/core/www/modules//sdig/index.php?run_id=110202&search_id=114132&scans_id=110198&peptide_id=4860&scanf=13752&charge=2&value=11/18,sp|Q8WYA6|CTBL1_HUMAN,/core/www/modules//consensus/?run_id=110202&search_id=114132&scans_id=110198&peptide_id=4860&scanf=13752&charge=2&value=sp|Q8WYA6|CTBL1_HUMAN,1,/core/www/modules/match_peptides/blast_html4.php?run_id=110202&search_id=114132&scans_id=110198&peptide_id=4860&scanf=13752&charge=2&value=1,K.EYAENIGDGR.S,/core/www/modules/show_out/show_out_wrapper.php?run_id=110202&search_id=114132&scans_id=110198&peptide_id=4860&scanf=13752&charge=2&value=K.EYAENIGDGR.S,CTNNBL1,2.007e+7,3.416,0.001,3.024,0.000
13755,2,"  2.955","  0.496",14/24,/core/www/modules//sdig/index.php?run_id=110202&search_id=114132&scans_id=110198&peptide_id=4863&scanf=13755&charge=2&value=14/24,sp|Q9Y4W2|LAS1L_HUMAN,/core/www/modules//consensus/?run_id=110202&search_id=114132&scans_id=110198&peptide_id=4863&scanf=13755&charge=2&value=sp|Q9Y4W2|LAS1L_HUMAN,2,/core/www/modules/match_peptides/blast_html4.php?run_id=110202&search_id=114132&scans_id=110198&peptide_id=4863&scanf=13755&charge=2&value=2,K.AM*GQGLPDEEQEK.L,/core/www/modules/show_out/show_out_wrapper.php?run_id=110202&search_id=114132&scans_id=110198&peptide_id=4863&scanf=13755&charge=2&value=K.AM*GQGLPDEEQEK.L,LAS1L,2.249e+6,3.176,0.002,2.668,0.000
13760,2,"  1.740","  0.472",12/18,/core/www/modules//sdig/index.php?run_id=110202&search_id=114132&scans_id=110198&peptide_id=4868&scanf=13760&charge=2&value=12/18,sp|P60709|ACTB_HUMAN,/core/www/modules//consensus/?run_id=110202&search_id=114132&scans_id=110198&peptide_id=4868&scanf=13760&charge=2&value=sp|P60709|ACTB_HUMAN,33,/core/www/modules/match_peptides/blast_html4.php?run_id=110202&search_id=114132&scans_id=110198&peptide_id=4868&scanf=13760&charge=2&value=33,K.AGFAGDDAPR.A,/core/www/modules/show_out/show_out_wrapper.php?run_id=110202&search_id=114132&scans_id=110198&peptide_id=4868&scanf=13760&charge=2&value=K.AGFAGDDAPR.A,ACTB,1.899e+9,3.708,0.000,3.457,0.000
13764,2,"  2.816","  0.000",11/20,/core/www/modules//sdig/index.php?run_id=110202&search_id=114132&scans_id=110198&peptide_id=4872&scanf=13764&charge=2&value=11/20,tr|H0YBE0|H0YBE0_HUMAN,/core/www/modules//consensus/?run_id=110202&search_id=114132&scans_id=110198&peptide_id=4872&scanf=13764&charge=2&value=tr|H0YBE0|H0YBE0_HUMAN,0,/core/www/modules/match_peptides/blast_html4.php?run_id=110202&search_id=114132&scans_id=110198&peptide_id=4872&scanf=13764&charge=2&value=0,-.XSSQISAGEEK.W,/core/www/modules/show_out/show_out_wrapper.php?run_id=110202&search_id=114132&scans_id=110198&peptide_id=4872&scanf=13764&charge=2&value=-.XSSQISAGEEK.W,MTDH,6.439e+6,2.623,0.014,1.854,0.000
13765,2,"  1.908","  0.448",8/14,/core/www/modules//sdig/index.php?run_id=110202&search_id=114132&scans_id=110198&peptide_id=4873&scanf=13765&charge=2&value=8/14,sp|P61978|HNRPK_HUMAN,/core/www/modules//consensus/?run_id=110202&search_id=114132&scans_id=110198&peptide_id=4873&scanf=13765&charge=2&value=sp|P61978|HNRPK_HUMAN,1,/core/www/modules/match_peptides/blast_html4.php?run_id=110202&search_id=114132&scans_id=110198&peptide_id=4873&scanf=13765&charge=2&value=1,R.DYDDMSPR.R,/core/www/modules/show_out/show_out_wrapper.php?run_id=110202&search_id=114132&scans_id=110198&peptide_id=4873&scanf=13765&charge=2&value=R.DYDDMSPR.R,HNRNPK,8.830e+7,3.293,0.001,2.841,0.000
13768,3,"  2.858","  0.404",11/40,/core/www/modules//sdig/index.php?run_id=110202&search_id=114132&scans_id=110198&peptide_id=4876&scanf=13768&charge=3&value=11/40,sp|Q96T23|RSF1_HUMAN,/core/www/modules//consensus/?run_id=110202&search_id=114132&scans_id=110198&peptide_id=4876&scanf=13768&charge=3&value=sp|Q96T23|RSF1_HUMAN,2,/core/www/modules/match_peptides/blast_html4.php?run_id=110202&search_id=114132&scans_id=110198&peptide_id=4876&scanf=13768&charge=3&value=2,K.LEKPLPENEEK.K,/core/www/modules/show_out/show_out_wrapper.php?run_id=110202&search_id=114132&scans_id=110198&peptide_id=4876&scanf=13768&charge=3&value=K.LEKPLPENEEK.K,RSF1,1.457e+7,2.954,0.005,2.340,0.000
13769,2,"  1.844","  0.227",7/12,/core/www/modules//sdig/index.php?run_id=110202&search_id=114132&scans_id=110198&peptide_id=4877&scanf=13769&charge=2&value=7/12,sp|P46459|NSF_HUMAN,/core/www/modules//consensus/?run_id=110202&search_id=114132&scans_id=110198&peptide_id=4877&scanf=13769&charge=2&value=sp|P46459|NSF_HUMAN,11,/core/www/modules/match_peptides/blast_html4.php?run_id=110202&search_id=114132&scans_id=110198&peptide_id=4877&scanf=13769&charge=2&value=11,K.VEVDMEK.A,/core/www/modules/show_out/show_out_wrapper.php?run_id=110202&search_id=114132&scans_id=110198&peptide_id=4877&scanf=13769&charge=2&value=K.VEVDMEK.A,NSF,2.527e+7,2.457,0.024,1.612,0.001
13770,2,"  2.397","  0.127",8/14,/core/www/modules//sdig/index.php?run_id=110202&search_id=114132&scans_id=110198&peptide_id=4879&scanf=13770&charge=2&value=8/14,sp|Q92979|NEP1_HUMAN,/core/www/modules//consensus/?run_id=110202&search_id=114132&scans_id=110198&peptide_id=4879&scanf=13770&charge=2&value=sp|Q92979|NEP1_HUMAN,1,/core/www/modules/match_peptides/blast_html4.php?run_id=110202&search_id=114132&scans_id=110198&peptide_id=4879&scanf=13770&charge=2&value=1,K.VSVEYTEK.M,/core/www/modules/show_out/show_out_wrapper.php?run_id=110202&search_id=114132&scans_id=110198&peptide_id=4879&scanf=13770&charge=2&value=K.VSVEYTEK.M,EMG1,1.242e+7,2.027,0.098,1.008,0.005
13772,2,"  1.922","  0.266",8/16,/core/www/modules//sdig/index.php?run_id=110202&search_id=114132&scans_id=110198&peptide_id=4881&scanf=13772&charge=2&value=8/16,sp|Q04637|IF4G1_HUMAN,/core/www/modules//consensus/?run_id=110202&search_id=114132&scans_id=110198&peptide_id=4881&scanf=13772&charge=2&value=sp|Q04637|IF4G1_HUMAN,8,/core/www/modules/match_peptides/blast_html4.php?run_id=110202&search_id=114132&scans_id=110198&peptide_id=4881&scanf=13772&charge=2&value=8,R.GGPGGELPR.G,/core/www/modules/show_out/show_out_wrapper.php?run_id=110202&search_id=114132&scans_id=110198&peptide_id=4881&scanf=13772&charge=2&value=R.GGPGGELPR.G,EIF4G1,1.597e+7,2.378,0.032,1.497,0.001
13775,2,"  1.418","  0.102",6/12,/core/www/modules//sdig/index.php?run_id=110202&search_id=114132&scans_id=110198&peptide_id=4884&scanf=13775&charge=2&value=6/12,sp|P49959|MRE11_HUMAN,/core/www/modules//consensus/?run_id=110202&search_id=114132&scans_id=110198&peptide_id=4884&scanf=13775&charge=2&value=sp|P49959|MRE11_HUMAN,1,/core/www/modules/match_peptides/blast_html4.php?run_id=110202&search_id=114132&scans_id=110198&peptide_id=4884&scanf=13775&charge=2&value=1,K.IPLHTVR.Q,/core/www/modules/show_out/show_out_wrapper.php?run_id=110202&search_id=114132&scans_id=110198&peptide_id=4884&scanf=13775&charge=2&value=K.IPLHTVR.Q,MRE11,6.076e+6,1.816,0.183,0.738,0.010
13786,2,"  2.264","  0.306",9/14,/core/www/modules//sdig/index.php?run_id=110202&search_id=114132&scans_id=110198&peptide_id=4895&scanf=13786&charge=2&value=9/14,sp|Q15149|PLEC_HUMAN,/core/www/modules//consensus/?run_id=110202&search_id=114132&scans_id=110198&peptide_id=4895&scanf=13786&charge=2&value=sp|Q15149|PLEC_HUMAN,5,/core/www/modules/match_peptides/blast_html4.php?run_id=110202&search_id=114132&scans_id=110198&peptide_id=4895&scanf=13786&charge=2&value=5,K.MSAAQALK.K,/core/www/modules/show_out/show_out_wrapper.php?run_id=110202&search_id=114132&scans_id=110198&peptide_id=4895&scanf=13786&charge=2&value=K.MSAAQALK.K,PLEC,4.892e+7,3.289,0.001,2.835,0.000
13788,2,"  3.319","  0.667",14/22,/core/www/modules//sdig/index.php?run_id=110202&search_id=114132&scans_id=110198&peptide_id=4897&scanf=13788&charge=2&value=14/22,sp|O00422|SAP18_HUMAN,/core/www/modules//consensus/?run_id=110202&search_id=114132&scans_id=110198&peptide_id=4897&scanf=13788&charge=2&value=sp|O00422|SAP18_HUMAN,1,/core/www/modules/match_peptides/blast_html4.php?run_id=110202&search_id=114132&scans_id=110198&peptide_id=4897&scanf=13788&charge=2&value=1,K.GTDDSMTLQSQK.F,/core/www/modules/show_out/show_out_wrapper.php?run_id=110202&search_id=114132&scans_id=110198&peptide_id=4897&scanf=13788&charge=2&value=K.GTDDSMTLQSQK.F,SAP18,5.107e+6,3.890,0.000,3.726,0.000
13789,3,"  3.181","  0.464",9/44,/core/www/modules//sdig/index.php?run_id=110202&search_id=114132&scans_id=110198&peptide_id=4898&scanf=13789&charge=3&value=9/44,sp|Q96QC0|PP1RA_HUMAN,/core/www/modules//consensus/?run_id=110202&search_id=114132&scans_id=110198&peptide_id=4898&scanf=13789&charge=3&value=sp|Q96QC0|PP1RA_HUMAN,0,/core/www/modules/match_peptides/blast_html4.php?run_id=110202&search_id=114132&scans_id=110198&peptide_id=4898&scanf=13789&charge=3&value=0,K.YKPLNTTPNATK.E,/core/www/modules/show_out/show_out_wrapper.php?run_id=110202&search_id=114132&scans_id=110198&peptide_id=4898&scanf=13789&charge=3&value=K.YKPLNTTPNATK.E,PPP1R10,1.090e+7,3.028,0.004,2.449,0.000
13800,3,"  5.452","  0.609",23/52,/core/www/modules//sdig/index.php?run_id=110202&search_id=114132&scans_id=110198&peptide_id=4911&scanf=13800&charge=3&value=23/52,sp|P09874|PARP1_HUMAN,/core/www/modules//consensus/?run_id=110202&search_id=114132&scans_id=110198&peptide_id=4911&scanf=13800&charge=3&value=sp|P09874|PARP1_HUMAN,3,/core/www/modules/match_peptides/blast_html4.php?run_id=110202&search_id=114132&scans_id=110198&peptide_id=4911&scanf=13800&charge=3&value=3,K.RKGDEVDGVDEVAK.K,/core/www/modules/show_out/show_out_wrapper.php?run_id=110202&search_id=114132&scans_id=110198&peptide_id=4911&scanf=13800&charge=3&value=K.RKGDEVDGVDEVAK.K,PARP1,1.510e+7,3.408,0.001,3.012,0.000
13808,2,"  1.859","  0.416",10/16,/core/www/modules//sdig/index.php?run_id=110202&search_id=114132&scans_id=110198&peptide_id=4918&scanf=13808&charge=2&value=10/16,sp|Q02880|TOP2B_HUMAN,/core/www/modules//consensus/?run_id=110202&search_id=114132&scans_id=110198&peptide_id=4918&scanf=13808&charge=2&value=sp|Q02880|TOP2B_HUMAN,4,/core/www/modules/match_peptides/blast_html4.php?run_id=110202&search_id=114132&scans_id=110198&peptide_id=4918&scanf=13808&charge=2&value=4,K.SYDDAESLK.T,/core/www/modules/show_out/show_out_wrapper.php?run_id=110202&search_id=114132&scans_id=110198&peptide_id=4918&scanf=13808&charge=2&value=K.SYDDAESLK.T,TOP2B,2.587e+7,3.152,0.002,2.633,0.000
13811,3,"  3.759","  0.369",13/48,/core/www/modules//sdig/index.php?run_id=110202&search_id=114132&scans_id=110198&peptide_id=4922&scanf=13811&charge=3&value=13/48,sp|Q15459|SF3A1_HUMAN,/core/www/modules//consensus/?run_id=110202&search_id=114132&scans_id=110198&peptide_id=4922&scanf=13811&charge=3&value=sp|Q15459|SF3A1_HUMAN,0,/core/www/modules/match_peptides/blast_html4.php?run_id=110202&search_id=114132&scans_id=110198&peptide_id=4922&scanf=13811&charge=3&value=0,K.KIGEEEIQKPEEK.V,/core/www/modules/show_out/show_out_wrapper.php?run_id=110202&search_id=114132&scans_id=110198&peptide_id=4922&scanf=13811&charge=3&value=K.KIGEEEIQKPEEK.V,SF3A1,4.324e+6,2.530,0.019,1.718,0.000
13814,2,"  2.343","  0.458",13/22,/core/www/modules//sdig/index.php?run_id=110202&search_id=114132&scans_id=110198&peptide_id=4925&scanf=13814&charge=2&value=13/22,sp|P36639|8ODP_HUMAN,/core/www/modules//consensus/?run_id=110202&search_id=114132&scans_id=110198&peptide_id=4925&scanf=13814&charge=2&value=sp|P36639|8ODP_HUMAN,0,/core/www/modules/match_peptides/blast_html4.php?run_id=110202&search_id=114132&scans_id=110198&peptide_id=4925&scanf=13814&charge=2&value=0,K.VQEGETIEDGAR.R,/core/www/modules/show_out/show_out_wrapper.php?run_id=110202&search_id=114132&scans_id=110198&peptide_id=4925&scanf=13814&charge=2&value=K.VQEGETIEDGAR.R,NUDT1,6.429e+6,3.023,0.004,2.441,0.000
13815,2,"  2.226","  0.317",13/24,/core/www/modules//sdig/index.php?run_id=110202&search_id=114132&scans_id=110198&peptide_id=4926&scanf=13815&charge=2&value=13/24,sp|O43159|RRP8_HUMAN,/core/www/modules//consensus/?run_id=110202&search_id=114132&scans_id=110198&peptide_id=4926&scanf=13815&charge=2&value=sp|O43159|RRP8_HUMAN,1,/core/www/modules/match_peptides/blast_html4.php?run_id=110202&search_id=114132&scans_id=110198&peptide_id=4926&scanf=13815&charge=2&value=1,K.QALVGSDSAEDEK.R,/core/www/modules/show_out/show_out_wrapper.php?run_id=110202&search_id=114132&scans_id=110198&peptide_id=4926&scanf=13815&charge=2&value=K.QALVGSDSAEDEK.R,RRP8,5.830e+6,2.492,0.022,1.662,0.001
13819,2,"  2.824","  0.331",11/14,/core/www/modules//sdig/index.php?run_id=110202&search_id=114132&scans_id=110198&peptide_id=4930&scanf=13819&charge=2&value=11/14,sp|O95104|SCAF4_HUMAN,/core/www/modules//consensus/?run_id=110202&search_id=114132&scans_id=110198&peptide_id=4930&scanf=13819&charge=2&value=sp|O95104|SCAF4_HUMAN,0,/core/www/modules/match_peptides/blast_html4.php?run_id=110202&search_id=114132&scans_id=110198&peptide_id=4930&scanf=13819&charge=2&value=0,K.HVVQIVEK.F,/core/www/modules/show_out/show_out_wrapper.php?run_id=110202&search_id=114132&scans_id=110198&peptide_id=4930&scanf=13819&charge=2&value=K.HVVQIVEK.F,SCAF4,4.147e+6,3.013,0.004,2.427,0.000
13823,2,"  3.235","  0.127",14/20,/core/www/modules//sdig/index.php?run_id=110202&search_id=114132&scans_id=110198&peptide_id=4933&scanf=13823&charge=2&value=14/20,sp|P60709|ACTB_HUMAN,/core/www/modules//consensus/?run_id=110202&search_id=114132&scans_id=110198&peptide_id=4933&scanf=13823&charge=2&value=sp|P60709|ACTB_HUMAN,26,/core/www/modules/match_peptides/blast_html4.php?run_id=110202&search_id=114132&scans_id=110198&peptide_id=4933&scanf=13823&charge=2&value=26,R.HQGVM*VGMGQK.D,/core/www/modules/show_out/show_out_wrapper.php?run_id=110202&search_id=114132&scans_id=110198&peptide_id=4933&scanf=13823&charge=2&value=R.HQGVM*VGMGQK.D,ACTB,9.305e+7,3.717,0.000,3.470,0.000
13829,2,"  1.789","  0.371",11/16,/core/www/modules//sdig/index.php?run_id=110202&search_id=114132&scans_id=110198&peptide_id=4939&scanf=13829&charge=2&value=11/16,sp|P18583|SON_HUMAN,/core/www/modules//consensus/?run_id=110202&search_id=114132&scans_id=110198&peptide_id=4939&scanf=13829&charge=2&value=sp|P18583|SON_HUMAN,2,/core/www/modules/match_peptides/blast_html4.php?run_id=110202&search_id=114132&scans_id=110198&peptide_id=4939&scanf=13829&charge=2&value=2,R.SGNFSAAMK.D,/core/www/modules/show_out/show_out_wrapper.php?run_id=110202&search_id=114132&scans_id=110198&peptide_id=4939&scanf=13829&charge=2&value=R.SGNFSAAMK.D,SON,4.309e+6,3.098,0.003,2.553,0.000
13831,2,"  1.456","  0.296",6/12,/core/www/modules//sdig/index.php?run_id=110202&search_id=114132&scans_id=110198&peptide_id=4942&scanf=13831&charge=2&value=6/12,sp|A6NHR9|SMHD1_HUMAN,/core/www/modules//consensus/?run_id=110202&search_id=114132&scans_id=110198&peptide_id=4942&scanf=13831&charge=2&value=sp|A6NHR9|SMHD1_HUMAN,1,/core/www/modules/match_peptides/blast_html4.php?run_id=110202&search_id=114132&scans_id=110198&peptide_id=4942&scanf=13831&charge=2&value=1,R.SDYAGFR.A,/core/www/modules/show_out/show_out_wrapper.php?run_id=110202&search_id=114132&scans_id=110198&peptide_id=4942&scanf=13831&charge=2&value=R.SDYAGFR.A,SMCHD1,6.904e+6,2.555,0.018,1.754,0.000
13835,2,"  3.561","  0.590",16/22,/core/www/modules//sdig/index.php?run_id=110202&search_id=114132&scans_id=110198&peptide_id=4946&scanf=13835&charge=2&value=16/22,sp|P42166|LAP2A_HUMAN,/core/www/modules//consensus/?run_id=110202&search_id=114132&scans_id=110198&peptide_id=4946&scanf=13835&charge=2&value=sp|P42166|LAP2A_HUMAN,0,/core/www/modules/match_peptides/blast_html4.php?run_id=110202&search_id=114132&scans_id=110198&peptide_id=4946&scanf=13835&charge=2&value=0,R.SHISDQSPLSSK.R,/core/www/modules/show_out/show_out_wrapper.php?run_id=110202&search_id=114132&scans_id=110198&peptide_id=4946&scanf=13835&charge=2&value=R.SHISDQSPLSSK.R,TMPO,1.072e+7,3.792,0.000,3.581,0.000
13836,2,"  3.847","  0.553",18/24,/core/www/modules//sdig/index.php?run_id=110202&search_id=114132&scans_id=110198&peptide_id=4947&scanf=13836&charge=2&value=18/24,sp|P61978|HNRPK_HUMAN,/core/www/modules//consensus/?run_id=110202&search_id=114132&scans_id=110198&peptide_id=4947&scanf=13836&charge=2&value=sp|P61978|HNRPK_HUMAN,2,/core/www/modules/match_peptides/blast_html4.php?run_id=110202&search_id=114132&scans_id=110198&peptide_id=4947&scanf=13836&charge=2&value=2,K.RPAEDM*EEEQAFK.R,/core/www/modules/show_out/show_out_wrapper.php?run_id=110202&search_id=114132&scans_id=110198&peptide_id=4947&scanf=13836&charge=2&value=K.RPAEDM*EEEQAFK.R,HNRNPK,2.900e+6,3.842,0.000,3.656,0.000
13839,2,"  1.981","  0.473",9/20,/core/www/modules//sdig/index.php?run_id=110202&search_id=114132&scans_id=110198&peptide_id=4950&scanf=13839&charge=2&value=9/20,sp|Q96PK6|RBM14_HUMAN,/core/www/modules//consensus/?run_id=110202&search_id=114132&scans_id=110198&peptide_id=4950&scanf=13839&charge=2&value=sp|Q96PK6|RBM14_HUMAN,0,/core/www/modules/match_peptides/blast_html4.php?run_id=110202&search_id=114132&scans_id=110198&peptide_id=4950&scanf=13839&charge=2&value=0,K.GPGLAVQSGDK.T,/core/www/modules/show_out/show_out_wrapper.php?run_id=110202&search_id=114132&scans_id=110198&peptide_id=4950&scanf=13839&charge=2&value=K.GPGLAVQSGDK.T,RBM14,2.253e+6,2.920,0.005,2.291,0.000
13845,3,"  2.429","  0.207",12/40,/core/www/modules//sdig/index.php?run_id=110202&search_id=114132&scans_id=110198&peptide_id=4956&scanf=13845&charge=3&value=12/40,sp|P60709|ACTB_HUMAN,/core/www/modules//consensus/?run_id=110202&search_id=114132&scans_id=110198&peptide_id=4956&scanf=13845&charge=3&value=sp|P60709|ACTB_HUMAN,26,/core/www/modules/match_peptides/blast_html4.php?run_id=110202&search_id=114132&scans_id=110198&peptide_id=4956&scanf=13845&charge=3&value=26,R.HQGVM*VGMGQK.D,/core/www/modules/show_out/show_out_wrapper.php?run_id=110202&search_id=114132&scans_id=110198&peptide_id=4956&scanf=13845&charge=3&value=R.HQGVM*VGMGQK.D,ACTB,8.250e+7,3.518,0.001,3.175,0.000
13847,3,"  3.412","  0.535",14/44,/core/www/modules//sdig/index.php?run_id=110202&search_id=114132&scans_id=110198&peptide_id=4958&scanf=13847&charge=3&value=14/44,sp|Q86XP3|DDX42_HUMAN,/core/www/modules//consensus/?run_id=110202&search_id=114132&scans_id=110198&peptide_id=4958&scanf=13847&charge=3&value=sp|Q86XP3|DDX42_HUMAN,0,/core/www/modules/match_peptides/blast_html4.php?run_id=110202&search_id=114132&scans_id=110198&peptide_id=4958&scanf=13847&charge=3&value=0,R.ERPGLGSENMDR.G,/core/www/modules/show_out/show_out_wrapper.php?run_id=110202&search_id=114132&scans_id=110198&peptide_id=4958&scanf=13847&charge=3&value=R.ERPGLGSENMDR.G,DDX42,6.204e+6,3.410,0.001,3.015,0.000
13851,3,"  2.151","  0.199",7/40,/core/www/modules//sdig/index.php?run_id=110202&search_id=114132&scans_id=110198&peptide_id=4963&scanf=13851&charge=3&value=7/40,sp|Q5VZL5|ZMYM4_HUMAN,/core/www/modules//consensus/?run_id=110202&search_id=114132&scans_id=110198&peptide_id=4963&scanf=13851&charge=3&value=sp|Q5VZL5|ZMYM4_HUMAN,1,/core/www/modules/match_peptides/blast_html4.php?run_id=110202&search_id=114132&scans_id=110198&peptide_id=4963&scanf=13851&charge=3&value=1,R.HEVNYQNVVHK.L,/core/www/modules/show_out/show_out_wrapper.php?run_id=110202&search_id=114132&scans_id=110198&peptide_id=4963&scanf=13851&charge=3&value=R.HEVNYQNVVHK.L,ZMYM4,3.648e+6,2.056,0.090,1.047,0.004
13855,2,"  2.726","  0.503",12/18,/core/www/modules//sdig/index.php?run_id=110202&search_id=114132&scans_id=110198&peptide_id=4967&scanf=13855&charge=2&value=12/18,sp|Q9BZE4|GTPB4_HUMAN,/core/www/modules//consensus/?run_id=110202&search_id=114132&scans_id=110198&peptide_id=4967&scanf=13855&charge=2&value=sp|Q9BZE4|GTPB4_HUMAN,0,/core/www/modules/match_peptides/blast_html4.php?run_id=110202&search_id=114132&scans_id=110198&peptide_id=4967&scanf=13855&charge=2&value=0,R.IAELSEDDQK.I,/core/www/modules/show_out/show_out_wrapper.php?run_id=110202&search_id=114132&scans_id=110198&peptide_id=4967&scanf=13855&charge=2&value=R.IAELSEDDQK.I,GTPBP4,1.682e+7,3.426,0.001,3.039,0.000
13856,2,"  1.742","  0.161",9/18,/core/www/modules//sdig/index.php?run_id=110202&search_id=114132&scans_id=110198&peptide_id=4968&scanf=13856&charge=2&value=9/18,sp|Q8IXT5|RB12B_HUMAN,/core/www/modules//consensus/?run_id=110202&search_id=114132&scans_id=110198&peptide_id=4968&scanf=13856&charge=2&value=sp|Q8IXT5|RB12B_HUMAN,1,/core/www/modules/match_peptides/blast_html4.php?run_id=110202&search_id=114132&scans_id=110198&peptide_id=4968&scanf=13856&charge=2&value=1,K.DLNDRPVGPR.K,/core/www/modules/show_out/show_out_wrapper.php?run_id=110202&search_id=114132&scans_id=110198&peptide_id=4968&scanf=13856&charge=2&value=K.DLNDRPVGPR.K,RBM12B,9.780e+6,2.083,0.082,1.084,0.003
13860,2,"  3.647","  0.608",16/26,/core/www/modules//sdig/index.php?run_id=110202&search_id=114132&scans_id=110198&peptide_id=4973&scanf=13860&charge=2&value=16/26,sp|Q14980|NUMA1_HUMAN,/core/www/modules//consensus/?run_id=110202&search_id=114132&scans_id=110198&peptide_id=4973&scanf=13860&charge=2&value=sp|Q14980|NUMA1_HUMAN,0,/core/www/modules/match_peptides/blast_html4.php?run_id=110202&search_id=114132&scans_id=110198&peptide_id=4973&scanf=13860&charge=2&value=0,R.AALMESQGQQQEER.G,/core/www/modules/show_out/show_out_wrapper.php?run_id=110202&search_id=114132&scans_id=110198&peptide_id=4973&scanf=13860&charge=2&value=R.AALMESQGQQQEER.G,NUMA1,7.633e+6,3.775,0.000,3.555,0.000
13862,3,"  3.199","  0.436",11/60,/core/www/modules//sdig/index.php?run_id=110202&search_id=114132&scans_id=110198&peptide_id=4975&scanf=13862&charge=3&value=11/60,sp|O43159|RRP8_HUMAN,/core/www/modules//consensus/?run_id=110202&search_id=114132&scans_id=110198&peptide_id=4975&scanf=13862&charge=3&value=sp|O43159|RRP8_HUMAN,1,/core/www/modules/match_peptides/blast_html4.php?run_id=110202&search_id=114132&scans_id=110198&peptide_id=4975&scanf=13862&charge=3&value=1,K.QSPGSTSPKPPHTLSR.K,/core/www/modules/show_out/show_out_wrapper.php?run_id=110202&search_id=114132&scans_id=110198&peptide_id=4975&scanf=13862&charge=3&value=K.QSPGSTSPKPPHTLSR.K,RRP8,4.798e+6,2.747,0.009,2.035,0.000
13865,2,"  1.895","  0.289",7/12,/core/www/modules//sdig/index.php?run_id=110202&search_id=114132&scans_id=110198&peptide_id=4977&scanf=13865&charge=2&value=7/12,sp|P46779|RL28_HUMAN,/core/www/modules//consensus/?run_id=110202&search_id=114132&scans_id=110198&peptide_id=4977&scanf=13865&charge=2&value=sp|P46779|RL28_HUMAN,1,/core/www/modules/match_peptides/blast_html4.php?run_id=110202&search_id=114132&scans_id=110198&peptide_id=4977&scanf=13865&charge=2&value=1,R.ATLSSIR.H,/core/www/modules/show_out/show_out_wrapper.php?run_id=110202&search_id=114132&scans_id=110198&peptide_id=4977&scanf=13865&charge=2&value=R.ATLSSIR.H,RPL28,1.293e+8,2.626,0.014,1.858,0.000
13868,3,"  1.501","  0.259",8/36,/core/www/modules//sdig/index.php?run_id=110202&search_id=114132&scans_id=110198&peptide_id=4980&scanf=13868&charge=3&value=8/36,sp|Q8IXT5|RB12B_HUMAN,/core/www/modules//consensus/?run_id=110202&search_id=114132&scans_id=110198&peptide_id=4980&scanf=13868&charge=3&value=sp|Q8IXT5|RB12B_HUMAN,1,/core/www/modules/match_peptides/blast_html4.php?run_id=110202&search_id=114132&scans_id=110198&peptide_id=4980&scanf=13868&charge=3&value=1,K.DLNDRPVGPR.K,/core/www/modules/show_out/show_out_wrapper.php?run_id=110202&search_id=114132&scans_id=110198&peptide_id=4980&scanf=13868&charge=3&value=K.DLNDRPVGPR.K,RBM12B,2.083e+7,2.470,0.023,1.630,0.001
13871,3,"  3.738","  0.415",12/48,/core/www/modules//sdig/index.php?run_id=110202&search_id=114132&scans_id=110198&peptide_id=4984&scanf=13871&charge=3&value=12/48,sp|Q9NYF8|BCLF1_HUMAN,/core/www/modules//consensus/?run_id=110202&search_id=114132&scans_id=110198&peptide_id=4984&scanf=13871&charge=3&value=sp|Q9NYF8|BCLF1_HUMAN,6,/core/www/modules/match_peptides/blast_html4.php?run_id=110202&search_id=114132&scans_id=110198&peptide_id=4984&scanf=13871&charge=3&value=6,K.KAEGEPQEESPLK.S,/core/www/modules/show_out/show_out_wrapper.php?run_id=110202&search_id=114132&scans_id=110198&peptide_id=4984&scanf=13871&charge=3&value=K.KAEGEPQEESPLK.S,BCLAF1,3.036e+7,2.613,0.015,1.838,0.000
13872,2,"  3.245","  0.524",12/20,/core/www/modules//sdig/index.php?run_id=110202&search_id=114132&scans_id=110198&peptide_id=4985&scanf=13872&charge=2&value=12/20,sp|P48444|COPD_HUMAN,/core/www/modules//consensus/?run_id=110202&search_id=114132&scans_id=110198&peptide_id=4985&scanf=13872&charge=2&value=sp|P48444|COPD_HUMAN,1,/core/www/modules/match_peptides/blast_html4.php?run_id=110202&search_id=114132&scans_id=110198&peptide_id=4985&scanf=13872&charge=2&value=1,K.VTQVDGNSPVR.F,/core/www/modules/show_out/show_out_wrapper.php?run_id=110202&search_id=114132&scans_id=110198&peptide_id=4985&scanf=13872&charge=2&value=K.VTQVDGNSPVR.F,ARCN1,1.237e+7,3.344,0.001,2.917,0.000
13874,2,"  2.536","  0.516",12/22,/core/www/modules//sdig/index.php?run_id=110202&search_id=114132&scans_id=110198&peptide_id=4987&scanf=13874&charge=2&value=12/22,sp|Q86VM9|ZCH18_HUMAN,/core/www/modules//consensus/?run_id=110202&search_id=114132&scans_id=110198&peptide_id=4987&scanf=13874&charge=2&value=sp|Q86VM9|ZCH18_HUMAN,2,/core/www/modules/match_peptides/blast_html4.php?run_id=110202&search_id=114132&scans_id=110198&peptide_id=4987&scanf=13874&charge=2&value=2,R.ASDLEDEESAAR.G,/core/www/modules/show_out/show_out_wrapper.php?run_id=110202&search_id=114132&scans_id=110198&peptide_id=4987&scanf=13874&charge=2&value=R.ASDLEDEESAAR.G,ZC3H18,4.188e+6,3.086,0.003,2.535,0.000
13875,2,"  1.761","  0.120",9/16,/core/www/modules//sdig/index.php?run_id=110202&search_id=114132&scans_id=110198&peptide_id=4988&scanf=13875&charge=2&value=9/16,sp|P08670|VIME_HUMAN,/core/www/modules//consensus/?run_id=110202&search_id=114132&scans_id=110198&peptide_id=4988&scanf=13875&charge=2&value=sp|P08670|VIME_HUMAN,2,/core/www/modules/match_peptides/blast_html4.php?run_id=110202&search_id=114132&scans_id=110198&peptide_id=4988&scanf=13875&charge=2&value=2,R.LQDEIQNM*K.E,/core/www/modules/show_out/show_out_wrapper.php?run_id=110202&search_id=114132&scans_id=110198&peptide_id=4988&scanf=13875&charge=2&value=R.LQDEIQNM*K.E,VIM,4.655e+7,2.446,0.025,1.596,0.001
13882,2,"  4.302","  0.699",19/30,/core/www/modules//sdig/index.php?run_id=110202&search_id=114132&scans_id=110198&peptide_id=4996&scanf=13882&charge=2&value=19/30,sp|Q8N8A6|DDX51_HUMAN,/core/www/modules//consensus/?run_id=110202&search_id=114132&scans_id=110198&peptide_id=4996&scanf=13882&charge=2&value=sp|Q8N8A6|DDX51_HUMAN,0,/core/www/modules/match_peptides/blast_html4.php?run_id=110202&search_id=114132&scans_id=110198&peptide_id=4996&scanf=13882&charge=2&value=0,R.EPAQTEAAASTEPATR.R,/core/www/modules/show_out/show_out_wrapper.php?run_id=110202&search_id=114132&scans_id=110198&peptide_id=4996&scanf=13882&charge=2&value=R.EPAQTEAAASTEPATR.R,DDX51,3.424e+6,3.831,0.000,3.639,0.000
13884,3,"  4.026","  0.567",19/48,/core/www/modules//sdig/index.php?run_id=110202&search_id=114132&scans_id=110198&peptide_id=4998&scanf=13884&charge=3&value=19/48,sp|Q13123|RED_HUMAN,/core/www/modules//consensus/?run_id=110202&search_id=114132&scans_id=110198&peptide_id=4998&scanf=13884&charge=3&value=sp|Q13123|RED_HUMAN,2,/core/www/modules/match_peptides/blast_html4.php?run_id=110202&search_id=114132&scans_id=110198&peptide_id=4998&scanf=13884&charge=3&value=2,K.EKEEEELMEKPQK.E,/core/www/modules/show_out/show_out_wrapper.php?run_id=110202&search_id=114132&scans_id=110198&peptide_id=4998&scanf=13884&charge=3&value=K.EKEEEELMEKPQK.E,IK,8.989e+6,3.346,0.001,2.920,0.000
13887,4,"  2.265","  0.274",13/72,/core/www/modules//sdig/index.php?run_id=110202&search_id=114132&scans_id=110198&peptide_id=5000&scanf=13887&charge=4&value=13/72,sp|Q13123|RED_HUMAN,/core/www/modules//consensus/?run_id=110202&search_id=114132&scans_id=110198&peptide_id=5000&scanf=13887&charge=4&value=sp|Q13123|RED_HUMAN,2,/core/www/modules/match_peptides/blast_html4.php?run_id=110202&search_id=114132&scans_id=110198&peptide_id=5000&scanf=13887&charge=4&value=2,K.EKEEEELMEKPQK.E,/core/www/modules/show_out/show_out_wrapper.php?run_id=110202&search_id=114132&scans_id=110198&peptide_id=5000&scanf=13887&charge=4&value=K.EKEEEELMEKPQK.E,IK,7.989e+6,2.451,0.025,1.604,0.001
13888,2,"  2.508","  0.436",10/16,/core/www/modules//sdig/index.php?run_id=110202&search_id=114132&scans_id=110198&peptide_id=5001&scanf=13888&charge=2&value=10/16,sp|Q15020|SART3_HUMAN,/core/www/modules//consensus/?run_id=110202&search_id=114132&scans_id=110198&peptide_id=5001&scanf=13888&charge=2&value=sp|Q15020|SART3_HUMAN,2,/core/www/modules/match_peptides/blast_html4.php?run_id=110202&search_id=114132&scans_id=110198&peptide_id=5001&scanf=13888&charge=2&value=2,K.VAISNPPQR.K,/core/www/modules/show_out/show_out_wrapper.php?run_id=110202&search_id=114132&scans_id=110198&peptide_id=5001&scanf=13888&charge=2&value=K.VAISNPPQR.K,SART3,1.375e+7,3.167,0.002,2.655,0.000
13889,2,"  3.332","  0.114",17/24,/core/www/modules//sdig/index.php?run_id=110202&search_id=114132&scans_id=110198&peptide_id=5002&scanf=13889&charge=2&value=17/24,sp|P61247|RS3A_HUMAN,/core/www/modules//consensus/?run_id=110202&search_id=114132&scans_id=110198&peptide_id=5002&scanf=13889&charge=2&value=sp|P61247|RS3A_HUMAN,4,/core/www/modules/match_peptides/blast_html4.php?run_id=110202&search_id=114132&scans_id=110198&peptide_id=5002&scanf=13889&charge=2&value=4,K.LMELHGEGSSSGK.A,/core/www/modules/show_out/show_out_wrapper.php?run_id=110202&search_id=114132&scans_id=110198&peptide_id=5002&scanf=13889&charge=2&value=K.LMELHGEGSSSGK.A,RPS3A,8.305e+7,2.104,0.077,1.113,0.003
13891,3,"  2.096","  0.243",12/32,/core/www/modules//sdig/index.php?run_id=110202&search_id=114132&scans_id=110198&peptide_id=5005&scanf=13891&charge=3&value=12/32,sp|P10155|RO60_HUMAN,/core/www/modules//consensus/?run_id=110202&search_id=114132&scans_id=110198&peptide_id=5005&scanf=13891&charge=3&value=sp|P10155|RO60_HUMAN,0,/core/www/modules/match_peptides/blast_html4.php?run_id=110202&search_id=114132&scans_id=110198&peptide_id=5005&scanf=13891&charge=3&value=0,R.EHLLTNHLK.S,/core/www/modules/show_out/show_out_wrapper.php?run_id=110202&search_id=114132&scans_id=110198&peptide_id=5005&scanf=13891&charge=3&value=R.EHLLTNHLK.S,RO60,1.330e+7,2.577,0.016,1.786,0.000
13894,2,"  1.449","  0.139",6/12,/core/www/modules//sdig/index.php?run_id=110202&search_id=114132&scans_id=110198&peptide_id=5008&scanf=13894&charge=2&value=6/12,sp|O43818|U3IP2_HUMAN,/core/www/modules//consensus/?run_id=110202&search_id=114132&scans_id=110198&peptide_id=5008&scanf=13894&charge=2&value=sp|O43818|U3IP2_HUMAN,0,/core/www/modules/match_peptides/blast_html4.php?run_id=110202&search_id=114132&scans_id=110198&peptide_id=5008&scanf=13894&charge=2&value=0,K.WSVESGR.K,/core/www/modules/show_out/show_out_wrapper.php?run_id=110202&search_id=114132&scans_id=110198&peptide_id=5008&scanf=13894&charge=2&value=K.WSVESGR.K,RRP9,2.999e+6,1.930,0.131,0.881,0.007
13895,2,"  2.379","  0.404",9/16,/core/www/modules//sdig/index.php?run_id=110202&search_id=114132&scans_id=110198&peptide_id=5009&scanf=13895&charge=2&value=9/16,sp|P07237|PDIA1_HUMAN,/core/www/modules//consensus/?run_id=110202&search_id=114132&scans_id=110198&peptide_id=5009&scanf=13895&charge=2&value=sp|P07237|PDIA1_HUMAN,18,/core/www/modules/match_peptides/blast_html4.php?run_id=110202&search_id=114132&scans_id=110198&peptide_id=5009&scanf=13895&charge=2&value=18,R.NNFEGEVTK.E,/core/www/modules/show_out/show_out_wrapper.php?run_id=110202&search_id=114132&scans_id=110198&peptide_id=5009&scanf=13895&charge=2&value=R.NNFEGEVTK.E,P4HB,2.991e+7,2.902,0.005,2.264,0.000
13896,2,"  3.267","  0.676",16/24,/core/www/modules//sdig/index.php?run_id=110202&search_id=114132&scans_id=110198&peptide_id=5010&scanf=13896&charge=2&value=16/24,sp|P29692|EF1D_HUMAN,/core/www/modules//consensus/?run_id=110202&search_id=114132&scans_id=110198&peptide_id=5010&scanf=13896&charge=2&value=sp|P29692|EF1D_HUMAN,10,/core/www/modules/match_peptides/blast_html4.php?run_id=110202&search_id=114132&scans_id=110198&peptide_id=5010&scanf=13896&charge=2&value=10,R.ATAPQTQHVSPMR.Q,/core/www/modules/show_out/show_out_wrapper.php?run_id=110202&search_id=114132&scans_id=110198&peptide_id=5010&scanf=13896&charge=2&value=R.ATAPQTQHVSPMR.Q,EEF1D,2.989e+6,3.869,0.000,3.695,0.000
13899,2,"  1.524","  0.153",5/12,/core/www/modules//sdig/index.php?run_id=110202&search_id=114132&scans_id=110198&peptide_id=5013&scanf=13899&charge=2&value=5/12,sp|P18583|SON_HUMAN,/core/www/modules//consensus/?run_id=110202&search_id=114132&scans_id=110198&peptide_id=5013&scanf=13899&charge=2&value=sp|P18583|SON_HUMAN,1,/core/www/modules/match_peptides/blast_html4.php?run_id=110202&search_id=114132&scans_id=110198&peptide_id=5013&scanf=13899&charge=2&value=1,R.SMMSYER.S,/core/www/modules/show_out/show_out_wrapper.php?run_id=110202&search_id=114132&scans_id=110198&peptide_id=5013&scanf=13899&charge=2&value=R.SMMSYER.S,SON,4.293e+6,2.047,0.092,1.035,0.004
13907,2,"  1.961","  0.302",8/12,/core/www/modules//sdig/index.php?run_id=110202&search_id=114132&scans_id=110198&peptide_id=5021&scanf=13907&charge=2&value=8/12,sp|P68431|H31_HUMAN,/core/www/modules//consensus/?run_id=110202&search_id=114132&scans_id=110198&peptide_id=5021&scanf=13907&charge=2&value=sp|P68431|H31_HUMAN,7,/core/www/modules/match_peptides/blast_html4.php?run_id=110202&search_id=114132&scans_id=110198&peptide_id=5021&scanf=13907&charge=2&value=7,K.RVTIMPK.D,/core/www/modules/show_out/show_out_wrapper.php?run_id=110202&search_id=114132&scans_id=110198&peptide_id=5021&scanf=13907&charge=2&value=K.RVTIMPK.D,H3C12,5.503e+8,2.471,0.023,1.632,0.001
13908,2,"  2.572","  0.200",9/14,/core/www/modules//sdig/index.php?run_id=110202&search_id=114132&scans_id=110198&peptide_id=5022&scanf=13908&charge=2&value=9/14,sp|Q53GS9|SNUT2_HUMAN,/core/www/modules//consensus/?run_id=110202&search_id=114132&scans_id=110198&peptide_id=5022&scanf=13908&charge=2&value=sp|Q53GS9|SNUT2_HUMAN,5,/core/www/modules/match_peptides/blast_html4.php?run_id=110202&search_id=114132&scans_id=110198&peptide_id=5022&scanf=13908&charge=2&value=5,K.QQIANLDK.Q,/core/www/modules/show_out/show_out_wrapper.php?run_id=110202&search_id=114132&scans_id=110198&peptide_id=5022&scanf=13908&charge=2&value=K.QQIANLDK.Q,USP39,1.973e+7,2.445,0.025,1.594,0.001
13910,2,"  1.983","  0.134",10/14,/core/www/modules//sdig/index.php?run_id=110202&search_id=114132&scans_id=110198&peptide_id=5025&scanf=13910&charge=2&value=10/14,sp|P63104|1433Z_HUMAN,/core/www/modules//consensus/?run_id=110202&search_id=114132&scans_id=110198&peptide_id=5025&scanf=13910&charge=2&value=sp|P63104|1433Z_HUMAN,5,/core/www/modules/match_peptides/blast_html4.php?run_id=110202&search_id=114132&scans_id=110198&peptide_id=5025&scanf=13910&charge=2&value=5,R.EKIETELR.D,/core/www/modules/show_out/show_out_wrapper.php?run_id=110202&search_id=114132&scans_id=110198&peptide_id=5025&scanf=13910&charge=2&value=R.EKIETELR.D,YWHAZ,2.163e+7,2.015,0.102,0.992,0.005
13911,3,"  3.913","  0.507",19/64,/core/www/modules//sdig/index.php?run_id=110202&search_id=114132&scans_id=110198&peptide_id=5026&scanf=13911&charge=3&value=19/64,sp|O14497|ARI1A_HUMAN,/core/www/modules//consensus/?run_id=110202&search_id=114132&scans_id=110198&peptide_id=5026&scanf=13911&charge=3&value=sp|O14497|ARI1A_HUMAN,2,/core/www/modules/match_peptides/blast_html4.php?run_id=110202&search_id=114132&scans_id=110198&peptide_id=5026&scanf=13911&charge=3&value=2,R.QSTGSAPQGPAYHGVNR.T,/core/www/modules/show_out/show_out_wrapper.php?run_id=110202&search_id=114132&scans_id=110198&peptide_id=5026&scanf=13911&charge=3&value=R.QSTGSAPQGPAYHGVNR.T,ARID1A,7.210e+6,3.150,0.002,2.629,0.000
13912,3,"  3.008","  0.340",11/40,/core/www/modules//sdig/index.php?run_id=110202&search_id=114132&scans_id=110198&peptide_id=5027&scanf=13912&charge=3&value=11/40,sp|Q14966|ZN638_HUMAN,/core/www/modules//consensus/?run_id=110202&search_id=114132&scans_id=110198&peptide_id=5027&scanf=13912&charge=3&value=sp|Q14966|ZN638_HUMAN,1,/core/www/modules/match_peptides/blast_html4.php?run_id=110202&search_id=114132&scans_id=110198&peptide_id=5027&scanf=13912&charge=3&value=1,K.EKLDFHEAQQK.K,/core/www/modules/show_out/show_out_wrapper.php?run_id=110202&search_id=114132&scans_id=110198&peptide_id=5027&scanf=13912&charge=3&value=K.EKLDFHEAQQK.K,ZNF638,4.839e+6,2.434,0.026,1.578,0.001
13913,2,"  3.178","  0.391",13/18,/core/www/modules//sdig/index.php?run_id=110202&search_id=114132&scans_id=110198&peptide_id=5028&scanf=13913&charge=2&value=13/18,sp|P46777|RL5_HUMAN,/core/www/modules//consensus/?run_id=110202&search_id=114132&scans_id=110198&peptide_id=5028&scanf=13913&charge=2&value=sp|P46777|RL5_HUMAN,1,/core/www/modules/match_peptides/blast_html4.php?run_id=110202&search_id=114132&scans_id=110198&peptide_id=5028&scanf=13913&charge=2&value=1,K.RFPGYDSESK.E,/core/www/modules/show_out/show_out_wrapper.php?run_id=110202&search_id=114132&scans_id=110198&peptide_id=5028&scanf=13913&charge=2&value=K.RFPGYDSESK.E,RPL5,3.309e+7,2.840,0.007,2.172,0.000
13915,2,"  2.048","  0.257",7/14,/core/www/modules//sdig/index.php?run_id=110202&search_id=114132&scans_id=110198&peptide_id=5030&scanf=13915&charge=2&value=7/14,sp|O00425|IF2B3_HUMAN,/core/www/modules//consensus/?run_id=110202&search_id=114132&scans_id=110198&peptide_id=5030&scanf=13915&charge=2&value=sp|O00425|IF2B3_HUMAN,1,/core/www/modules/match_peptides/blast_html4.php?run_id=110202&search_id=114132&scans_id=110198&peptide_id=5030&scanf=13915&charge=2&value=1,K.AIEALSGK.I,/core/www/modules/show_out/show_out_wrapper.php?run_id=110202&search_id=114132&scans_id=110198&peptide_id=5030&scanf=13915&charge=2&value=K.AIEALSGK.I,IGF2BP3,5.009e+6,2.333,0.037,1.434,0.001
13916,2,"  1.600","  0.279",8/14,/core/www/modules//sdig/index.php?run_id=110202&search_id=114132&scans_id=110198&peptide_id=5031&scanf=13916&charge=2&value=8/14,sp|Q9H4A6|GOLP3_HUMAN,/core/www/modules//consensus/?run_id=110202&search_id=114132&scans_id=110198&peptide_id=5031&scanf=13916&charge=2&value=sp|Q9H4A6|GOLP3_HUMAN,0,/core/www/modules/match_peptides/blast_html4.php?run_id=110202&search_id=114132&scans_id=110198&peptide_id=5031&scanf=13916&charge=2&value=0,K.VQEAVLDK.W,/core/www/modules/show_out/show_out_wrapper.php?run_id=110202&search_id=114132&scans_id=110198&peptide_id=5031&scanf=13916&charge=2&value=K.VQEAVLDK.W,GOLPH3,3.641e+6,2.428,0.027,1.570,0.001
13925,3,"  5.234","  0.622",17/68,/core/www/modules//sdig/index.php?run_id=110202&search_id=114132&scans_id=110198&peptide_id=5041&scanf=13925&charge=3&value=17/68,sp|Q93074|MED12_HUMAN,/core/www/modules//consensus/?run_id=110202&search_id=114132&scans_id=110198&peptide_id=5041&scanf=13925&charge=3&value=sp|Q93074|MED12_HUMAN,8,/core/www/modules/match_peptides/blast_html4.php?run_id=110202&search_id=114132&scans_id=110198&peptide_id=5041&scanf=13925&charge=3&value=8,K.QGFNNQPAVSGDEHGSAK.N,/core/www/modules/show_out/show_out_wrapper.php?run_id=110202&search_id=114132&scans_id=110198&peptide_id=5041&scanf=13925&charge=3&value=K.QGFNNQPAVSGDEHGSAK.N,MED12,1.948e+6,3.509,0.001,3.161,0.000
13928,2,"  1.578","  0.364",7/14,/core/www/modules//sdig/index.php?run_id=110202&search_id=114132&scans_id=110198&peptide_id=5043&scanf=13928&charge=2&value=7/14,sp|P84103|SRSF3_HUMAN,/core/www/modules//consensus/?run_id=110202&search_id=114132&scans_id=110198&peptide_id=5043&scanf=13928&charge=2&value=sp|P84103|SRSF3_HUMAN,0,/core/www/modules/match_peptides/blast_html4.php?run_id=110202&search_id=114132&scans_id=110198&peptide_id=5043&scanf=13928&charge=2&value=0,R.GPPPSWGR.R,/core/www/modules/show_out/show_out_wrapper.php?run_id=110202&search_id=114132&scans_id=110198&peptide_id=5043&scanf=13928&charge=2&value=R.GPPPSWGR.R,SRSF3,2.515e+8,2.716,0.010,1.990,0.000
13931,4,"  2.734","  0.212",14/72,/core/www/modules//sdig/index.php?run_id=110202&search_id=114132&scans_id=110198&peptide_id=5046&scanf=13931&charge=4&value=14/72,sp|Q9NU22|MDN1_HUMAN,/core/www/modules//consensus/?run_id=110202&search_id=114132&scans_id=110198&peptide_id=5046&scanf=13931&charge=4&value=sp|Q9NU22|MDN1_HUMAN,0,/core/www/modules/match_peptides/blast_html4.php?run_id=110202&search_id=114132&scans_id=110198&peptide_id=5046&scanf=13931&charge=4&value=0,K.EEASWQQSHHQFR.K,/core/www/modules/show_out/show_out_wrapper.php?run_id=110202&search_id=114132&scans_id=110198&peptide_id=5046&scanf=13931&charge=4&value=K.EEASWQQSHHQFR.K,MDN1,5.196e+6,2.805,0.008,2.120,0.000
13932,2,"  1.959","  0.193",7/16,/core/www/modules//sdig/index.php?run_id=110202&search_id=114132&scans_id=110198&peptide_id=5047&scanf=13932&charge=2&value=7/16,sp|P45974|UBP5_HUMAN,/core/www/modules//consensus/?run_id=110202&search_id=114132&scans_id=110198&peptide_id=5047&scanf=13932&charge=2&value=sp|P45974|UBP5_HUMAN,0,/core/www/modules/match_peptides/blast_html4.php?run_id=110202&search_id=114132&scans_id=110198&peptide_id=5047&scanf=13932&charge=2&value=0,K.EVQDGIAPR.M,/core/www/modules/show_out/show_out_wrapper.php?run_id=110202&search_id=114132&scans_id=110198&peptide_id=5047&scanf=13932&charge=2&value=K.EVQDGIAPR.M,USP5,4.949e+6,1.987,0.111,0.955,0.005
13935,2,"  2.714","  0.121",10/16,/core/www/modules//sdig/index.php?run_id=110202&search_id=114132&scans_id=110198&peptide_id=5050&scanf=13935&charge=2&value=10/16,sp|O60306|AQR_HUMAN,/core/www/modules//consensus/?run_id=110202&search_id=114132&scans_id=110198&peptide_id=5050&scanf=13935&charge=2&value=sp|O60306|AQR_HUMAN,1,/core/www/modules/match_peptides/blast_html4.php?run_id=110202&search_id=114132&scans_id=110198&peptide_id=5050&scanf=13935&charge=2&value=1,R.QDIEDSVSR.M,/core/www/modules/show_out/show_out_wrapper.php?run_id=110202&search_id=114132&scans_id=110198&peptide_id=5050&scanf=13935&charge=2&value=R.QDIEDSVSR.M,AQR,3.440e+6,1.982,0.113,0.949,0.005
13937,2,"  2.741","  0.524",11/16,/core/www/modules//sdig/index.php?run_id=110202&search_id=114132&scans_id=110198&peptide_id=5052&scanf=13937&charge=2&value=11/16,sp|P52701|MSH6_HUMAN,/core/www/modules//consensus/?run_id=110202&search_id=114132&scans_id=110198&peptide_id=5052&scanf=13937&charge=2&value=sp|P52701|MSH6_HUMAN,3,/core/www/modules/match_peptides/blast_html4.php?run_id=110202&search_id=114132&scans_id=110198&peptide_id=5052&scanf=13937&charge=2&value=3,K.IHNVGSPLK.S,/core/www/modules/show_out/show_out_wrapper.php?run_id=110202&search_id=114132&scans_id=110198&peptide_id=5052&scanf=13937&charge=2&value=K.IHNVGSPLK.S,MSH6,5.017e+6,3.552,0.001,3.226,0.000
13940,2,"  3.140","  0.431",12/20,/core/www/modules//sdig/index.php?run_id=110202&search_id=114132&scans_id=110198&peptide_id=5056&scanf=13940&charge=2&value=12/20,sp|P62241|RS8_HUMAN,/core/www/modules//consensus/?run_id=110202&search_id=114132&scans_id=110198&peptide_id=5056&scanf=13940&charge=2&value=sp|P62241|RS8_HUMAN,1,/core/www/modules/match_peptides/blast_html4.php?run_id=110202&search_id=114132&scans_id=110198&peptide_id=5056&scanf=13940&charge=2&value=1,K.YELGRPAANTK.I,/core/www/modules/show_out/show_out_wrapper.php?run_id=110202&search_id=114132&scans_id=110198&peptide_id=5056&scanf=13940&charge=2&value=K.YELGRPAANTK.I,RPS8,2.361e+7,3.041,0.003,2.469,0.000
13941,3,"  3.220","  0.495",15/48,/core/www/modules//sdig/index.php?run_id=110202&search_id=114132&scans_id=110198&peptide_id=5057&scanf=13941&charge=3&value=15/48,sp|P61247|RS3A_HUMAN,/core/www/modules//consensus/?run_id=110202&search_id=114132&scans_id=110198&peptide_id=5057&scanf=13941&charge=3&value=sp|P61247|RS3A_HUMAN,4,/core/www/modules/match_peptides/blast_html4.php?run_id=110202&search_id=114132&scans_id=110198&peptide_id=5057&scanf=13941&charge=3&value=4,K.LM*ELHGEGSSSGK.A,/core/www/modules/show_out/show_out_wrapper.php?run_id=110202&search_id=114132&scans_id=110198&peptide_id=5057&scanf=13941&charge=3&value=K.LM*ELHGEGSSSGK.A,RPS3A,1.705e+7,3.274,0.002,2.814,0.000
13946,2,"  1.793","  0.261",8/16,/core/www/modules//sdig/index.php?run_id=110202&search_id=114132&scans_id=110198&peptide_id=5062&scanf=13946&charge=2&value=8/16,sp|Q9HAJ7|SP30L_HUMAN,/core/www/modules//consensus/?run_id=110202&search_id=114132&scans_id=110198&peptide_id=5062&scanf=13946&charge=2&value=sp|Q9HAJ7|SP30L_HUMAN,0,/core/www/modules/match_peptides/blast_html4.php?run_id=110202&search_id=114132&scans_id=110198&peptide_id=5062&scanf=13946&charge=2&value=0,K.AQLAETVSR.H,/core/www/modules/show_out/show_out_wrapper.php?run_id=110202&search_id=114132&scans_id=110198&peptide_id=5062&scanf=13946&charge=2&value=K.AQLAETVSR.H,SAP30L,6.752e+6,2.229,0.052,1.286,0.002
13949,3,"  2.722","  0.403",12/44,/core/www/modules//sdig/index.php?run_id=110202&search_id=114132&scans_id=110198&peptide_id=5064&scanf=13949&charge=3&value=12/44,sp|P43686|PRS6B_HUMAN,/core/www/modules//consensus/?run_id=110202&search_id=114132&scans_id=110198&peptide_id=5064&scanf=13949&charge=3&value=sp|P43686|PRS6B_HUMAN,0,/core/www/modules/match_peptides/blast_html4.php?run_id=110202&search_id=114132&scans_id=110198&peptide_id=5064&scanf=13949&charge=3&value=0,K.AVAHHTTAAFIR.V,/core/www/modules/show_out/show_out_wrapper.php?run_id=110202&search_id=114132&scans_id=110198&peptide_id=5064&scanf=13949&charge=3&value=K.AVAHHTTAAFIR.V,PSMC4,3.025e+7,2.820,0.007,2.142,0.000
13953,2,"  1.835","  0.289",8/16,/core/www/modules//sdig/index.php?run_id=110202&search_id=114132&scans_id=110198&peptide_id=5069&scanf=13953&charge=2&value=8/16,sp|A6NHR9|SMHD1_HUMAN,/core/www/modules//consensus/?run_id=110202&search_id=114132&scans_id=110198&peptide_id=5069&scanf=13953&charge=2&value=sp|A6NHR9|SMHD1_HUMAN,2,/core/www/modules/match_peptides/blast_html4.php?run_id=110202&search_id=114132&scans_id=110198&peptide_id=5069&scanf=13953&charge=2&value=2,K.LLPSSHVAR.L,/core/www/modules/show_out/show_out_wrapper.php?run_id=110202&search_id=114132&scans_id=110198&peptide_id=5069&scanf=13953&charge=2&value=K.LLPSSHVAR.L,SMCHD1,1.580e+7,2.635,0.013,1.870,0.000
13955,4,"  6.749","  0.604",23/96,/core/www/modules//sdig/index.php?run_id=110202&search_id=114132&scans_id=110198&peptide_id=5071&scanf=13955&charge=4&value=23/96,sp|Q9NWH9|SLTM_HUMAN,/core/www/modules//consensus/?run_id=110202&search_id=114132&scans_id=110198&peptide_id=5071&scanf=13955&charge=4&value=sp|Q9NWH9|SLTM_HUMAN,2,/core/www/modules/match_peptides/blast_html4.php?run_id=110202&search_id=114132&scans_id=110198&peptide_id=5071&scanf=13955&charge=4&value=2,R.KEWHGPPSQGPSYHDTR.R,/core/www/modules/show_out/show_out_wrapper.php?run_id=110202&search_id=114132&scans_id=110198&peptide_id=5071&scanf=13955&charge=4&value=R.KEWHGPPSQGPSYHDTR.R,SLTM,4.100e+6,3.721,0.000,3.476,0.000
13958,2,"  3.174","  0.597",13/26,/core/www/modules//sdig/index.php?run_id=110202&search_id=114132&scans_id=110198&peptide_id=5074&scanf=13958&charge=2&value=13/26,sp|P80723|BASP1_HUMAN,/core/www/modules//consensus/?run_id=110202&search_id=114132&scans_id=110198&peptide_id=5074&scanf=13958&charge=2&value=sp|P80723|BASP1_HUMAN,0,/core/www/modules/match_peptides/blast_html4.php?run_id=110202&search_id=114132&scans_id=110198&peptide_id=5074&scanf=13958&charge=2&value=0,K.ETPAATEAPSSTPK.A,/core/www/modules/show_out/show_out_wrapper.php?run_id=110202&search_id=114132&scans_id=110198&peptide_id=5074&scanf=13958&charge=2&value=K.ETPAATEAPSSTPK.A,BASP1,2.535e+6,3.269,0.002,2.806,0.000
13965,2,"  2.036","  0.284",7/20,/core/www/modules//sdig/index.php?run_id=110202&search_id=114132&scans_id=110198&peptide_id=5082&scanf=13965&charge=2&value=7/20,sp|Q8N5C6|SRBD1_HUMAN,/core/www/modules//consensus/?run_id=110202&search_id=114132&scans_id=110198&peptide_id=5082&scanf=13965&charge=2&value=sp|Q8N5C6|SRBD1_HUMAN,0,/core/www/modules/match_peptides/blast_html4.php?run_id=110202&search_id=114132&scans_id=110198&peptide_id=5082&scanf=13965&charge=2&value=0,K.TETYPQGQPVK.F,/core/www/modules/show_out/show_out_wrapper.php?run_id=110202&search_id=114132&scans_id=110198&peptide_id=5082&scanf=13965&charge=2&value=K.TETYPQGQPVK.F,SRBD1,1.722e+6,2.096,0.079,1.102,0.003
13971,3,"  2.230","  0.166",14/36,/core/www/modules//sdig/index.php?run_id=110202&search_id=114132&scans_id=110198&peptide_id=5088&scanf=13971&charge=3&value=14/36,sp|P14868|SYDC_HUMAN,/core/www/modules//consensus/?run_id=110202&search_id=114132&scans_id=110198&peptide_id=5088&scanf=13971&charge=3&value=sp|P14868|SYDC_HUMAN,1,/core/www/modules/match_peptides/blast_html4.php?run_id=110202&search_id=114132&scans_id=110198&peptide_id=5088&scanf=13971&charge=3&value=1,R.ALHHGIDLEK.I,/core/www/modules/show_out/show_out_wrapper.php?run_id=110202&search_id=114132&scans_id=110198&peptide_id=5088&scanf=13971&charge=3&value=R.ALHHGIDLEK.I,DARS1,5.598e+7,2.373,0.032,1.490,0.001
13972,2,"  1.777","  0.164",8/12,/core/www/modules//sdig/index.php?run_id=110202&search_id=114132&scans_id=110198&peptide_id=5089&scanf=13972&charge=2&value=8/12,sp|P14868|SYDC_HUMAN,/core/www/modules//consensus/?run_id=110202&search_id=114132&scans_id=110198&peptide_id=5089&scanf=13972&charge=2&value=sp|P14868|SYDC_HUMAN,3,/core/www/modules/match_peptides/blast_html4.php?run_id=110202&search_id=114132&scans_id=110198&peptide_id=5089&scanf=13972&charge=2&value=3,K.FAANINK.E,/core/www/modules/show_out/show_out_wrapper.php?run_id=110202&search_id=114132&scans_id=110198&peptide_id=5089&scanf=13972&charge=2&value=K.FAANINK.E,DARS1,1.964e+7,2.380,0.032,1.501,0.001
13973,3,"  2.765","  0.445",15/44,/core/www/modules//sdig/index.php?run_id=110202&search_id=114132&scans_id=110198&peptide_id=5090&scanf=13973&charge=3&value=15/44,sp|Q68CP9|ARID2_HUMAN,/core/www/modules//consensus/?run_id=110202&search_id=114132&scans_id=110198&peptide_id=5090&scanf=13973&charge=3&value=sp|Q68CP9|ARID2_HUMAN,3,/core/www/modules/match_peptides/blast_html4.php?run_id=110202&search_id=114132&scans_id=110198&peptide_id=5090&scanf=13973&charge=3&value=3,K.VSHSPALSSDVR.S,/core/www/modules/show_out/show_out_wrapper.php?run_id=110202&search_id=114132&scans_id=110198&peptide_id=5090&scanf=13973&charge=3&value=K.VSHSPALSSDVR.S,ARID2,2.145e+7,3.148,0.002,2.626,0.000
13974,3,"  2.339","  0.402",12/36,/core/www/modules//sdig/index.php?run_id=110202&search_id=114132&scans_id=110198&peptide_id=5091&scanf=13974&charge=3&value=12/36,sp|Q9Y3Y2|CHTOP_HUMAN,/core/www/modules//consensus/?run_id=110202&search_id=114132&scans_id=110198&peptide_id=5091&scanf=13974&charge=3&value=sp|Q9Y3Y2|CHTOP_HUMAN,2,/core/www/modules/match_peptides/blast_html4.php?run_id=110202&search_id=114132&scans_id=110198&peptide_id=5091&scanf=13974&charge=3&value=2,K.NKQPTPVNIR.A,/core/www/modules/show_out/show_out_wrapper.php?run_id=110202&search_id=114132&scans_id=110198&peptide_id=5091&scanf=13974&charge=3&value=K.NKQPTPVNIR.A,CHTOP,5.947e+7,2.732,0.010,2.012,0.000
13976,3,"  2.619","  0.463",14/44,/core/www/modules//sdig/index.php?run_id=110202&search_id=114132&scans_id=110198&peptide_id=5093&scanf=13976&charge=3&value=14/44,sp|P53597|SUCA_HUMAN,/core/www/modules//consensus/?run_id=110202&search_id=114132&scans_id=110198&peptide_id=5093&scanf=13976&charge=3&value=sp|P53597|SUCA_HUMAN,0,/core/www/modules/match_peptides/blast_html4.php?run_id=110202&search_id=114132&scans_id=110198&peptide_id=5093&scanf=13976&charge=3&value=0,R.MGHAGAIIAGGK.G,/core/www/modules/show_out/show_out_wrapper.php?run_id=110202&search_id=114132&scans_id=110198&peptide_id=5093&scanf=13976&charge=3&value=R.MGHAGAIIAGGK.G,SUCLG1,1.642e+7,3.128,0.003,2.597,0.000
13980,2,"  2.140","  0.304",9/18,/core/www/modules//sdig/index.php?run_id=110202&search_id=114132&scans_id=110198&peptide_id=5098&scanf=13980&charge=2&value=9/18,sp|Q13557|KCC2D_HUMAN,/core/www/modules//consensus/?run_id=110202&search_id=114132&scans_id=110198&peptide_id=5098&scanf=13980&charge=2&value=sp|Q13557|KCC2D_HUMAN,17,/core/www/modules/match_peptides/blast_html4.php?run_id=110202&search_id=114132&scans_id=110198&peptide_id=5098&scanf=13980&charge=2&value=17,K.IPTGQEYAAK.I,/core/www/modules/show_out/show_out_wrapper.php?run_id=110202&search_id=114132&scans_id=110198&peptide_id=5098&scanf=13980&charge=2&value=K.IPTGQEYAAK.I,CAMK2D,4.143e+6,2.371,0.033,1.488,0.001
13983,2,"  2.647","  0.359",11/16,/core/www/modules//sdig/index.php?run_id=110202&search_id=114132&scans_id=110198&peptide_id=5101&scanf=13983&charge=2&value=11/16,sp|P38919|IF4A3_HUMAN,/core/www/modules//consensus/?run_id=110202&search_id=114132&scans_id=110198&peptide_id=5101&scanf=13983&charge=2&value=sp|P38919|IF4A3_HUMAN,1,/core/www/modules/match_peptides/blast_html4.php?run_id=110202&search_id=114132&scans_id=110198&peptide_id=5101&scanf=13983&charge=2&value=1,R.LLKEEDMTK.V,/core/www/modules/show_out/show_out_wrapper.php?run_id=110202&search_id=114132&scans_id=110198&peptide_id=5101&scanf=13983&charge=2&value=R.LLKEEDMTK.V,EIF4A3,3.732e+7,2.706,0.011,1.974,0.000
13985,2,"  3.144","  0.421",13/18,/core/www/modules//sdig/index.php?run_id=110202&search_id=114132&scans_id=110198&peptide_id=5103&scanf=13985&charge=2&value=13/18,sp|P08670|VIME_HUMAN,/core/www/modules//consensus/?run_id=110202&search_id=114132&scans_id=110198&peptide_id=5103&scanf=13985&charge=2&value=sp|P08670|VIME_HUMAN,1,/core/www/modules/match_peptides/blast_html4.php?run_id=110202&search_id=114132&scans_id=110198&peptide_id=5103&scanf=13985&charge=2&value=1,R.EKLQEEM*LQR.E,/core/www/modules/show_out/show_out_wrapper.php?run_id=110202&search_id=114132&scans_id=110198&peptide_id=5103&scanf=13985&charge=2&value=R.EKLQEEM*LQR.E,VIM,3.784e+6,3.400,0.001,3.000,0.000
13992,2,"  2.317","  0.519",11/16,/core/www/modules//sdig/index.php?run_id=110202&search_id=114132&scans_id=110198&peptide_id=5110&scanf=13992&charge=2&value=11/16,sp|P84098|RL19_HUMAN,/core/www/modules//consensus/?run_id=110202&search_id=114132&scans_id=110198&peptide_id=5110&scanf=13992&charge=2&value=sp|P84098|RL19_HUMAN,3,/core/www/modules/match_peptides/blast_html4.php?run_id=110202&search_id=114132&scans_id=110198&peptide_id=5110&scanf=13992&charge=2&value=3,K.LLADQAEAR.R,/core/www/modules/show_out/show_out_wrapper.php?run_id=110202&search_id=114132&scans_id=110198&peptide_id=5110&scanf=13992&charge=2&value=K.LLADQAEAR.R,RPL19,2.709e+8,3.476,0.001,3.112,0.000
13993,2,"  2.582","  0.413",11/18,/core/www/modules//sdig/index.php?run_id=110202&search_id=114132&scans_id=110198&peptide_id=5111&scanf=13993&charge=2&value=11/18,sp|O75643|U520_HUMAN,/core/www/modules//consensus/?run_id=110202&search_id=114132&scans_id=110198&peptide_id=5111&scanf=13993&charge=2&value=sp|O75643|U520_HUMAN,1,/core/www/modules/match_peptides/blast_html4.php?run_id=110202&search_id=114132&scans_id=110198&peptide_id=5111&scanf=13993&charge=2&value=1,R.EGSASTEVLR.T,/core/www/modules/show_out/show_out_wrapper.php?run_id=110202&search_id=114132&scans_id=110198&peptide_id=5111&scanf=13993&charge=2&value=R.EGSASTEVLR.T,SNRNP200,4.095e+7,3.271,0.002,2.808,0.000
13995,2,"  2.543","  0.318",13/14,/core/www/modules//sdig/index.php?run_id=110202&search_id=114132&scans_id=110198&peptide_id=5113&scanf=13995&charge=2&value=13/14,sp|P38159|RBMX_HUMAN,/core/www/modules//consensus/?run_id=110202&search_id=114132&scans_id=110198&peptide_id=5113&scanf=13995&charge=2&value=sp|P38159|RBMX_HUMAN,4,/core/www/modules/match_peptides/blast_html4.php?run_id=110202&search_id=114132&scans_id=110198&peptide_id=5113&scanf=13995&charge=2&value=4,R.RDVYLSPR.D,/core/www/modules/show_out/show_out_wrapper.php?run_id=110202&search_id=114132&scans_id=110198&peptide_id=5113&scanf=13995&charge=2&value=R.RDVYLSPR.D,RBMX,2.143e+7,3.146,0.002,2.624,0.000
13996,2,"  3.414","  0.523",15/20,/core/www/modules//sdig/index.php?run_id=110202&search_id=114132&scans_id=110198&peptide_id=5114&scanf=13996&charge=2&value=15/20,sp|P36578|RL4_HUMAN,/core/www/modules//consensus/?run_id=110202&search_id=114132&scans_id=110198&peptide_id=5114&scanf=13996&charge=2&value=sp|P36578|RL4_HUMAN,2,/core/www/modules/match_peptides/blast_html4.php?run_id=110202&search_id=114132&scans_id=110198&peptide_id=5114&scanf=13996&charge=2&value=2,K.AAAAAAALQAK.S,/core/www/modules/show_out/show_out_wrapper.php?run_id=110202&search_id=114132&scans_id=110198&peptide_id=5114&scanf=13996&charge=2&value=K.AAAAAAALQAK.S,RPL4,1.945e+8,3.606,0.000,3.306,0.000
14000,2,"  3.547","  0.546",13/20,/core/www/modules//sdig/index.php?run_id=110202&search_id=114132&scans_id=110198&peptide_id=5119&scanf=14000&charge=2&value=13/20,sp|Q15061|WDR43_HUMAN,/core/www/modules//consensus/?run_id=110202&search_id=114132&scans_id=110198&peptide_id=5119&scanf=14000&charge=2&value=sp|Q15061|WDR43_HUMAN,0,/core/www/modules/match_peptides/blast_html4.php?run_id=110202&search_id=114132&scans_id=110198&peptide_id=5119&scanf=14000&charge=2&value=0,K.SGGNEVSIEER.L,/core/www/modules/show_out/show_out_wrapper.php?run_id=110202&search_id=114132&scans_id=110198&peptide_id=5119&scanf=14000&charge=2&value=K.SGGNEVSIEER.L,WDR43,6.675e+6,3.490,0.001,3.134,0.000
14001,2,"  4.337","  0.607",15/24,/core/www/modules//sdig/index.php?run_id=110202&search_id=114132&scans_id=110198&peptide_id=5120&scanf=14001&charge=2&value=15/24,sp|Q96GQ7|DDX27_HUMAN,/core/www/modules//consensus/?run_id=110202&search_id=114132&scans_id=110198&peptide_id=5120&scanf=14001&charge=2&value=sp|Q96GQ7|DDX27_HUMAN,1,/core/www/modules/match_peptides/blast_html4.php?run_id=110202&search_id=114132&scans_id=110198&peptide_id=5120&scanf=14001&charge=2&value=1,K.EMQQSEAQINTAK.R,/core/www/modules/show_out/show_out_wrapper.php?run_id=110202&search_id=114132&scans_id=110198&peptide_id=5120&scanf=14001&charge=2&value=K.EMQQSEAQINTAK.R,DDX27,1.768e+7,3.731,0.000,3.490,0.000
14002,3,"  2.324","  0.401",14/36,/core/www/modules//sdig/index.php?run_id=110202&search_id=114132&scans_id=110198&peptide_id=5121&scanf=14002&charge=3&value=14/36,sp|Q9NPJ6|MED4_HUMAN,/core/www/modules//consensus/?run_id=110202&search_id=114132&scans_id=110198&peptide_id=5121&scanf=14002&charge=3&value=sp|Q9NPJ6|MED4_HUMAN,1,/core/www/modules/match_peptides/blast_html4.php?run_id=110202&search_id=114132&scans_id=110198&peptide_id=5121&scanf=14002&charge=3&value=1,K.IHHEMQVLEK.E,/core/www/modules/show_out/show_out_wrapper.php?run_id=110202&search_id=114132&scans_id=110198&peptide_id=5121&scanf=14002&charge=3&value=K.IHHEMQVLEK.E,MED4,5.788e+6,3.056,0.003,2.490,0.000
14009,2,"  2.170","  0.387",11/18,/core/www/modules//sdig/index.php?run_id=110202&search_id=114132&scans_id=110198&peptide_id=5128&scanf=14009&charge=2&value=11/18,sp|Q92905|CSN5_HUMAN,/core/www/modules//consensus/?run_id=110202&search_id=114132&scans_id=110198&peptide_id=5128&scanf=14009&charge=2&value=sp|Q92905|CSN5_HUMAN,0,/core/www/modules/match_peptides/blast_html4.php?run_id=110202&search_id=114132&scans_id=110198&peptide_id=5128&scanf=14009&charge=2&value=0,K.LEQSEAQLGR.G,/core/www/modules/show_out/show_out_wrapper.php?run_id=110202&search_id=114132&scans_id=110198&peptide_id=5128&scanf=14009&charge=2&value=K.LEQSEAQLGR.G,COPS5,3.081e+6,2.805,0.008,2.120,0.000
14014,2,"  4.133","  0.609",15/24,/core/www/modules//sdig/index.php?run_id=110202&search_id=114132&scans_id=110198&peptide_id=5133&scanf=14014&charge=2&value=15/24,sp|Q96GQ7|DDX27_HUMAN,/core/www/modules//consensus/?run_id=110202&search_id=114132&scans_id=110198&peptide_id=5133&scanf=14014&charge=2&value=sp|Q96GQ7|DDX27_HUMAN,1,/core/www/modules/match_peptides/blast_html4.php?run_id=110202&search_id=114132&scans_id=110198&peptide_id=5133&scanf=14014&charge=2&value=1,K.EMQQSEAQINTAK.R,/core/www/modules/show_out/show_out_wrapper.php?run_id=110202&search_id=114132&scans_id=110198&peptide_id=5133&scanf=14014&charge=2&value=K.EMQQSEAQINTAK.R,DDX27,1.768e+7,3.727,0.000,3.484,0.000
14015,2,"  2.001","  0.187",9/14,/core/www/modules//sdig/index.php?run_id=110202&search_id=114132&scans_id=110198&peptide_id=5134&scanf=14015&charge=2&value=9/14,sp|P35579|MYH9_HUMAN,/core/www/modules//consensus/?run_id=110202&search_id=114132&scans_id=110198&peptide_id=5134&scanf=14015&charge=2&value=sp|P35579|MYH9_HUMAN,3,/core/www/modules/match_peptides/blast_html4.php?run_id=110202&search_id=114132&scans_id=110198&peptide_id=5134&scanf=14015&charge=2&value=3,R.NTNPNFVR.C,/core/www/modules/show_out/show_out_wrapper.php?run_id=110202&search_id=114132&scans_id=110198&peptide_id=5134&scanf=14015&charge=2&value=R.NTNPNFVR.C,MYH9,3.036e+7,2.436,0.026,1.582,0.001
14020,2,"  3.125","  0.604",13/18,/core/www/modules//sdig/index.php?run_id=110202&search_id=114132&scans_id=110198&peptide_id=5140&scanf=14020&charge=2&value=13/18,sp|Q8IXT5|RB12B_HUMAN,/core/www/modules//consensus/?run_id=110202&search_id=114132&scans_id=110198&peptide_id=5140&scanf=14020&charge=2&value=sp|Q8IXT5|RB12B_HUMAN,1,/core/www/modules/match_peptides/blast_html4.php?run_id=110202&search_id=114132&scans_id=110198&peptide_id=5140&scanf=14020&charge=2&value=1,K.HNMGSFPEGR.F,/core/www/modules/show_out/show_out_wrapper.php?run_id=110202&search_id=114132&scans_id=110198&peptide_id=5140&scanf=14020&charge=2&value=K.HNMGSFPEGR.F,RBM12B,9.850e+6,3.940,0.000,3.800,0.000
14021,3,"  2.578","  0.234",10/44,/core/www/modules//sdig/index.php?run_id=110202&search_id=114132&scans_id=110198&peptide_id=5141&scanf=14021&charge=3&value=10/44,sp|P35241|RADI_HUMAN,/core/www/modules//consensus/?run_id=110202&search_id=114132&scans_id=110198&peptide_id=5141&scanf=14021&charge=3&value=sp|P35241|RADI_HUMAN,4,/core/www/modules/match_peptides/blast_html4.php?run_id=110202&search_id=114132&scans_id=110198&peptide_id=5141&scanf=14021&charge=3&value=4,K.EIHKPGYLANDR.L,/core/www/modules/show_out/show_out_wrapper.php?run_id=110202&search_id=114132&scans_id=110198&peptide_id=5141&scanf=14021&charge=3&value=K.EIHKPGYLANDR.L,RDX,2.815e+6,2.210,0.055,1.259,0.002
14024,2,"  2.541","  0.504",12/18,/core/www/modules//sdig/index.php?run_id=110202&search_id=114132&scans_id=110198&peptide_id=5144&scanf=14024&charge=2&value=12/18,sp|P08670|VIME_HUMAN,/core/www/modules//consensus/?run_id=110202&search_id=114132&scans_id=110198&peptide_id=5144&scanf=14024&charge=2&value=sp|P08670|VIME_HUMAN,2,/core/www/modules/match_peptides/blast_html4.php?run_id=110202&search_id=114132&scans_id=110198&peptide_id=5144&scanf=14024&charge=2&value=2,R.QDVDNASLAR.L,/core/www/modules/show_out/show_out_wrapper.php?run_id=110202&search_id=114132&scans_id=110198&peptide_id=5144&scanf=14024&charge=2&value=R.QDVDNASLAR.L,VIM,1.042e+9,3.638,0.000,3.353,0.000
14026,2,"  2.793","  0.668",11/20,/core/www/modules//sdig/index.php?run_id=110202&search_id=114132&scans_id=110198&peptide_id=5146&scanf=14026&charge=2&value=11/20,sp|Q14011|CIRBP_HUMAN,/core/www/modules//consensus/?run_id=110202&search_id=114132&scans_id=110198&peptide_id=5146&scanf=14026&charge=2&value=sp|Q14011|CIRBP_HUMAN,0,/core/www/modules/match_peptides/blast_html4.php?run_id=110202&search_id=114132&scans_id=110198&peptide_id=5146&scanf=14026&charge=2&value=0,R.DSYDSYATHNE.-,/core/www/modules/show_out/show_out_wrapper.php?run_id=110202&search_id=114132&scans_id=110198&peptide_id=5146&scanf=14026&charge=2&value=R.DSYDSYATHNE.-,CIRBP,6.337e+6,3.727,0.000,3.485,0.000
14028,2,"  2.657","  0.378",11/18,/core/www/modules//sdig/index.php?run_id=110202&search_id=114132&scans_id=110198&peptide_id=5148&scanf=14028&charge=2&value=11/18,sp|Q68CQ4|UTP25_HUMAN,/core/www/modules//consensus/?run_id=110202&search_id=114132&scans_id=110198&peptide_id=5148&scanf=14028&charge=2&value=sp|Q68CQ4|UTP25_HUMAN,0,/core/www/modules/match_peptides/blast_html4.php?run_id=110202&search_id=114132&scans_id=110198&peptide_id=5148&scanf=14028&charge=2&value=0,K.AIQAVATNPK.T,/core/www/modules/show_out/show_out_wrapper.php?run_id=110202&search_id=114132&scans_id=110198&peptide_id=5148&scanf=14028&charge=2&value=K.AIQAVATNPK.T,UTP25,5.341e+6,2.885,0.006,2.238,0.000
14029,3,"  4.881","  0.574",19/72,/core/www/modules//sdig/index.php?run_id=110202&search_id=114132&scans_id=110198&peptide_id=5149&scanf=14029&charge=3&value=19/72,sp|P29966|MARCS_HUMAN,/core/www/modules//consensus/?run_id=110202&search_id=114132&scans_id=110198&peptide_id=5149&scanf=14029&charge=3&value=sp|P29966|MARCS_HUMAN,0,/core/www/modules/match_peptides/blast_html4.php?run_id=110202&search_id=114132&scans_id=110198&peptide_id=5149&scanf=14029&charge=3&value=0,K.GEAAAERPGEAAVASSPSK.A,/core/www/modules/show_out/show_out_wrapper.php?run_id=110202&search_id=114132&scans_id=110198&peptide_id=5149&scanf=14029&charge=3&value=K.GEAAAERPGEAAVASSPSK.A,MARCKS,1.247e+7,3.279,0.002,2.821,0.000
14034,2,"  3.071","  0.541",13/18,/core/www/modules//sdig/index.php?run_id=110202&search_id=114132&scans_id=110198&peptide_id=5154&scanf=14034&charge=2&value=13/18,sp|P68104|EF1A1_HUMAN,/core/www/modules//consensus/?run_id=110202&search_id=114132&scans_id=110198&peptide_id=5154&scanf=14034&charge=2&value=sp|P68104|EF1A1_HUMAN,14,/core/www/modules/match_peptides/blast_html4.php?run_id=110202&search_id=114132&scans_id=110198&peptide_id=5154&scanf=14034&charge=2&value=14,K.STTTGHLIYK.C,/core/www/modules/show_out/show_out_wrapper.php?run_id=110202&search_id=114132&scans_id=110198&peptide_id=5154&scanf=14034&charge=2&value=K.STTTGHLIYK.C,EEF1A1,2.016e+8,3.648,0.000,3.368,0.000
14036,4,"  4.332","  0.318",11/90,/core/www/modules//sdig/index.php?run_id=110202&search_id=114132&scans_id=110198&peptide_id=5156&scanf=14036&charge=4&value=11/90,sp|O43159|RRP8_HUMAN,/core/www/modules//consensus/?run_id=110202&search_id=114132&scans_id=110198&peptide_id=5156&scanf=14036&charge=4&value=sp|O43159|RRP8_HUMAN,1,/core/www/modules/match_peptides/blast_html4.php?run_id=110202&search_id=114132&scans_id=110198&peptide_id=5156&scanf=14036&charge=4&value=1,K.QSPGSTSPKPPHTLSR.K,/core/www/modules/show_out/show_out_wrapper.php?run_id=110202&search_id=114132&scans_id=110198&peptide_id=5156&scanf=14036&charge=4&value=K.QSPGSTSPKPPHTLSR.K,RRP8,1.582e+7,2.794,0.008,2.104,0.000
14037,3,"  1.868","  0.304",12/32,/core/www/modules//sdig/index.php?run_id=110202&search_id=114132&scans_id=110198&peptide_id=5157&scanf=14037&charge=3&value=12/32,sp|Q15233|NONO_HUMAN,/core/www/modules//consensus/?run_id=110202&search_id=114132&scans_id=110198&peptide_id=5157&scanf=14037&charge=3&value=sp|Q15233|NONO_HUMAN,9,/core/www/modules/match_peptides/blast_html4.php?run_id=110202&search_id=114132&scans_id=110198&peptide_id=5157&scanf=14037&charge=3&value=9,R.HEHQVM*LM*R.Q,/core/www/modules/show_out/show_out_wrapper.php?run_id=110202&search_id=114132&scans_id=110198&peptide_id=5157&scanf=14037&charge=3&value=R.HEHQVM*LM*R.Q,NONO,7.675e+6,2.807,0.008,2.123,0.000
14039,2,"  1.963","  0.255",8/14,/core/www/modules//sdig/index.php?run_id=110202&search_id=114132&scans_id=110198&peptide_id=5159&scanf=14039&charge=2&value=8/14,sp|Q15149|PLEC_HUMAN,/core/www/modules//consensus/?run_id=110202&search_id=114132&scans_id=110198&peptide_id=5159&scanf=14039&charge=2&value=sp|Q15149|PLEC_HUMAN,4,/core/www/modules/match_peptides/blast_html4.php?run_id=110202&search_id=114132&scans_id=110198&peptide_id=5159&scanf=14039&charge=2&value=4,R.FLQEEAEK.M,/core/www/modules/show_out/show_out_wrapper.php?run_id=110202&search_id=114132&scans_id=110198&peptide_id=5159&scanf=14039&charge=2&value=R.FLQEEAEK.M,PLEC,1.275e+7,2.979,0.004,2.377,0.000
14041,4,"  3.330","  0.497",16/114,/core/www/modules//sdig/index.php?run_id=110202&search_id=114132&scans_id=110198&peptide_id=5161&scanf=14041&charge=4&value=16/114,sp|P18124|RL7_HUMAN,/core/www/modules//consensus/?run_id=110202&search_id=114132&scans_id=110198&peptide_id=5161&scanf=14041&charge=4&value=sp|P18124|RL7_HUMAN,1,/core/www/modules/match_peptides/blast_html4.php?run_id=110202&search_id=114132&scans_id=110198&peptide_id=5161&scanf=14041&charge=4&value=1,K.KTTHFVEGGDAGNREDQINR.L,/core/www/modules/show_out/show_out_wrapper.php?run_id=110202&search_id=114132&scans_id=110198&peptide_id=5161&scanf=14041&charge=4&value=K.KTTHFVEGGDAGNREDQINR.L,RPL7,1.260e+7,2.686,0.011,1.946,0.000
14043,2,"  2.626","  0.589",13/22,/core/www/modules//sdig/index.php?run_id=110202&search_id=114132&scans_id=110198&peptide_id=5163&scanf=14043&charge=2&value=13/22,sp|P19338|NUCL_HUMAN,/core/www/modules//consensus/?run_id=110202&search_id=114132&scans_id=110198&peptide_id=5163&scanf=14043&charge=2&value=sp|P19338|NUCL_HUMAN,5,/core/www/modules/match_peptides/blast_html4.php?run_id=110202&search_id=114132&scans_id=110198&peptide_id=5163&scanf=14043&charge=2&value=5,K.EAM*EDGEIDGNK.V,/core/www/modules/show_out/show_out_wrapper.php?run_id=110202&search_id=114132&scans_id=110198&peptide_id=5163&scanf=14043&charge=2&value=K.EAM*EDGEIDGNK.V,NCL,1.565e+7,3.711,0.000,3.460,0.000
14046,2,"  2.475","  0.228",9/16,/core/www/modules//sdig/index.php?run_id=110202&search_id=114132&scans_id=110198&peptide_id=5166&scanf=14046&charge=2&value=9/16,sp|Q15149|PLEC_HUMAN,/core/www/modules//consensus/?run_id=110202&search_id=114132&scans_id=110198&peptide_id=5166&scanf=14046&charge=2&value=sp|Q15149|PLEC_HUMAN,5,/core/www/modules/match_peptides/blast_html4.php?run_id=110202&search_id=114132&scans_id=110198&peptide_id=5166&scanf=14046&charge=2&value=5,R.RLTVNEAVK.E,/core/www/modules/show_out/show_out_wrapper.php?run_id=110202&search_id=114132&scans_id=110198&peptide_id=5166&scanf=14046&charge=2&value=R.RLTVNEAVK.E,PLEC,6.055e+6,2.534,0.019,1.723,0.000
14047,2,"  1.760","  0.284",9/16,/core/www/modules//sdig/index.php?run_id=110202&search_id=114132&scans_id=110198&peptide_id=5167&scanf=14047&charge=2&value=9/16,sp|P61978|HNRPK_HUMAN,/core/www/modules//consensus/?run_id=110202&search_id=114132&scans_id=110198&peptide_id=5167&scanf=14047&charge=2&value=sp|P61978|HNRPK_HUMAN,1,/core/www/modules/match_peptides/blast_html4.php?run_id=110202&search_id=114132&scans_id=110198&peptide_id=5167&scanf=14047&charge=2&value=1,R.GGDLM*AYDR.R,/core/www/modules/show_out/show_out_wrapper.php?run_id=110202&search_id=114132&scans_id=110198&peptide_id=5167&scanf=14047&charge=2&value=R.GGDLM*AYDR.R,HNRNPK,2.290e+7,2.669,0.012,1.920,0.000
14048,3,"  2.754","  0.339",11/44,/core/www/modules//sdig/index.php?run_id=110202&search_id=114132&scans_id=110198&peptide_id=5168&scanf=14048&charge=3&value=11/44,sp|P19338|NUCL_HUMAN,/core/www/modules//consensus/?run_id=110202&search_id=114132&scans_id=110198&peptide_id=5168&scanf=14048&charge=3&value=sp|P19338|NUCL_HUMAN,8,/core/www/modules/match_peptides/blast_html4.php?run_id=110202&search_id=114132&scans_id=110198&peptide_id=5168&scanf=14048&charge=3&value=8,K.TEADAEKTFEEK.Q,/core/www/modules/show_out/show_out_wrapper.php?run_id=110202&search_id=114132&scans_id=110198&peptide_id=5168&scanf=14048&charge=3&value=K.TEADAEKTFEEK.Q,NCL,1.561e+7,2.534,0.019,1.724,0.000
14049,3,"  2.598","  0.444",11/36,/core/www/modules//sdig/index.php?run_id=110202&search_id=114132&scans_id=110198&peptide_id=5169&scanf=14049&charge=3&value=11/36,sp|Q15397|PUM3_HUMAN,/core/www/modules//consensus/?run_id=110202&search_id=114132&scans_id=110198&peptide_id=5169&scanf=14049&charge=3&value=sp|Q15397|PUM3_HUMAN,0,/core/www/modules/match_peptides/blast_html4.php?run_id=110202&search_id=114132&scans_id=110198&peptide_id=5169&scanf=14049&charge=3&value=0,K.TIAFAHDSTR.V,/core/www/modules/show_out/show_out_wrapper.php?run_id=110202&search_id=114132&scans_id=110198&peptide_id=5169&scanf=14049&charge=3&value=K.TIAFAHDSTR.V,PUM3,3.389e+7,3.160,0.002,2.645,0.000
14050,3,"  4.838","  0.653",21/64,/core/www/modules//sdig/index.php?run_id=110202&search_id=114132&scans_id=110198&peptide_id=5171&scanf=14050&charge=3&value=21/64,sp|P11388|TOP2A_HUMAN,/core/www/modules//consensus/?run_id=110202&search_id=114132&scans_id=110198&peptide_id=5171&scanf=14050&charge=3&value=sp|P11388|TOP2A_HUMAN,0,/core/www/modules/match_peptides/blast_html4.php?run_id=110202&search_id=114132&scans_id=110198&peptide_id=5171&scanf=14050&charge=3&value=0,K.RDPALNSGVSQKPDPAK.T,/core/www/modules/show_out/show_out_wrapper.php?run_id=110202&search_id=114132&scans_id=110198&peptide_id=5171&scanf=14050&charge=3&value=K.RDPALNSGVSQKPDPAK.T,TOP2A,4.280e+6,3.586,0.001,3.275,0.000
14054,2,"  1.822","  0.260",7/12,/core/www/modules//sdig/index.php?run_id=110202&search_id=114132&scans_id=110198&peptide_id=5174&scanf=14054&charge=2&value=7/12,sp|Q9GZR7|DDX24_HUMAN,/core/www/modules//consensus/?run_id=110202&search_id=114132&scans_id=110198&peptide_id=5174&scanf=14054&charge=2&value=sp|Q9GZR7|DDX24_HUMAN,1,/core/www/modules/match_peptides/blast_html4.php?run_id=110202&search_id=114132&scans_id=110198&peptide_id=5174&scanf=14054&charge=2&value=1,K.ADVSAWK.D,/core/www/modules/show_out/show_out_wrapper.php?run_id=110202&search_id=114132&scans_id=110198&peptide_id=5174&scanf=14054&charge=2&value=K.ADVSAWK.D,DDX24,1.470e+7,2.479,0.023,1.643,0.001
14061,4,"  3.145","  0.585",18/90,/core/www/modules//sdig/index.php?run_id=110202&search_id=114132&scans_id=110198&peptide_id=5182&scanf=14061&charge=4&value=18/90,sp|P07814|SYEP_HUMAN,/core/www/modules//consensus/?run_id=110202&search_id=114132&scans_id=110198&peptide_id=5182&scanf=14061&charge=4&value=sp|P07814|SYEP_HUMAN,0,/core/www/modules/match_peptides/blast_html4.php?run_id=110202&search_id=114132&scans_id=110198&peptide_id=5182&scanf=14061&charge=4&value=0,R.AIQGGTSHHLGQNFSK.M,/core/www/modules/show_out/show_out_wrapper.php?run_id=110202&search_id=114132&scans_id=110198&peptide_id=5182&scanf=14061&charge=4&value=R.AIQGGTSHHLGQNFSK.M,EPRS1,1.598e+7,3.798,0.000,3.590,0.000
14064,2,"  1.913","  0.234",7/14,/core/www/modules//sdig/index.php?run_id=110202&search_id=114132&scans_id=110198&peptide_id=5185&scanf=14064&charge=2&value=7/14,sp|P52701|MSH6_HUMAN,/core/www/modules//consensus/?run_id=110202&search_id=114132&scans_id=110198&peptide_id=5185&scanf=14064&charge=2&value=sp|P52701|MSH6_HUMAN,4,/core/www/modules/match_peptides/blast_html4.php?run_id=110202&search_id=114132&scans_id=110198&peptide_id=5185&scanf=14064&charge=2&value=4,R.YSDSLVQK.G,/core/www/modules/show_out/show_out_wrapper.php?run_id=110202&search_id=114132&scans_id=110198&peptide_id=5185&scanf=14064&charge=2&value=R.YSDSLVQK.G,MSH6,6.514e+6,2.333,0.037,1.433,0.001
14067,2,"  2.038","  0.258",7/14,/core/www/modules//sdig/index.php?run_id=110202&search_id=114132&scans_id=110198&peptide_id=5188&scanf=14067&charge=2&value=7/14,sp|O43159|RRP8_HUMAN,/core/www/modules//consensus/?run_id=110202&search_id=114132&scans_id=110198&peptide_id=5188&scanf=14067&charge=2&value=sp|O43159|RRP8_HUMAN,1,/core/www/modules/match_peptides/blast_html4.php?run_id=110202&search_id=114132&scans_id=110198&peptide_id=5188&scanf=14067&charge=2&value=1,K.TEVSPVPR.T,/core/www/modules/show_out/show_out_wrapper.php?run_id=110202&search_id=114132&scans_id=110198&peptide_id=5188&scanf=14067&charge=2&value=K.TEVSPVPR.T,RRP8,9.297e+6,2.296,0.042,1.381,0.001
14071,2,"  2.842","  0.539",12/16,/core/www/modules//sdig/index.php?run_id=110202&search_id=114132&scans_id=110198&peptide_id=5193&scanf=14071&charge=2&value=12/16,sp|P11387|TOP1_HUMAN,/core/www/modules//consensus/?run_id=110202&search_id=114132&scans_id=110198&peptide_id=5193&scanf=14071&charge=2&value=sp|P11387|TOP1_HUMAN,1,/core/www/modules/match_peptides/blast_html4.php?run_id=110202&search_id=114132&scans_id=110198&peptide_id=5193&scanf=14071&charge=2&value=1,R.YYNKVPVEK.R,/core/www/modules/show_out/show_out_wrapper.php?run_id=110202&search_id=114132&scans_id=110198&peptide_id=5193&scanf=14071&charge=2&value=R.YYNKVPVEK.R,TOP1,8.276e+6,3.437,0.001,3.055,0.000
14072,2,"  2.422","  0.407",8/16,/core/www/modules//sdig/index.php?run_id=110202&search_id=114132&scans_id=110198&peptide_id=5194&scanf=14072&charge=2&value=8/16,sp|P55060|XPO2_HUMAN,/core/www/modules//consensus/?run_id=110202&search_id=114132&scans_id=110198&peptide_id=5194&scanf=14072&charge=2&value=sp|P55060|XPO2_HUMAN,0,/core/www/modules/match_peptides/blast_html4.php?run_id=110202&search_id=114132&scans_id=110198&peptide_id=5194&scanf=14072&charge=2&value=0,K.IHLAQSLHK.L,/core/www/modules/show_out/show_out_wrapper.php?run_id=110202&search_id=114132&scans_id=110198&peptide_id=5194&scanf=14072&charge=2&value=K.IHLAQSLHK.L,CSE1L,9.779e+6,2.851,0.006,2.188,0.000
14075,2,"  3.240","  0.673",14/22,/core/www/modules//sdig/index.php?run_id=110202&search_id=114132&scans_id=110198&peptide_id=5196&scanf=14075&charge=2&value=14/22,sp|P19338|NUCL_HUMAN,/core/www/modules//consensus/?run_id=110202&search_id=114132&scans_id=110198&peptide_id=5196&scanf=14075&charge=2&value=sp|P19338|NUCL_HUMAN,5,/core/www/modules/match_peptides/blast_html4.php?run_id=110202&search_id=114132&scans_id=110198&peptide_id=5196&scanf=14075&charge=2&value=5,K.EAMEDGEIDGNK.V,/core/www/modules/show_out/show_out_wrapper.php?run_id=110202&search_id=114132&scans_id=110198&peptide_id=5196&scanf=14075&charge=2&value=K.EAMEDGEIDGNK.V,NCL,2.042e+8,4.090,0.000,4.023,0.000
14076,3,"  3.319","  0.501",16/40,/core/www/modules//sdig/index.php?run_id=110202&search_id=114132&scans_id=110198&peptide_id=5197&scanf=14076&charge=3&value=16/40,sp|P52272|HNRPM_HUMAN,/core/www/modules//consensus/?run_id=110202&search_id=114132&scans_id=110198&peptide_id=5197&scanf=14076&charge=3&value=sp|P52272|HNRPM_HUMAN,3,/core/www/modules/match_peptides/blast_html4.php?run_id=110202&search_id=114132&scans_id=110198&peptide_id=5197&scanf=14076&charge=3&value=3,R.MGAGLGHGMDR.V,/core/www/modules/show_out/show_out_wrapper.php?run_id=110202&search_id=114132&scans_id=110198&peptide_id=5197&scanf=14076&charge=3&value=R.MGAGLGHGMDR.V,HNRNPM,9.013e+7,3.689,0.000,3.429,0.000
14077,2,"  2.270","  0.432",9/14,/core/www/modules//sdig/index.php?run_id=110202&search_id=114132&scans_id=110198&peptide_id=5198&scanf=14077&charge=2&value=9/14,sp|P47914|RL29_HUMAN,/core/www/modules//consensus/?run_id=110202&search_id=114132&scans_id=110198&peptide_id=5198&scanf=14077&charge=2&value=sp|P47914|RL29_HUMAN,1,/core/www/modules/match_peptides/blast_html4.php?run_id=110202&search_id=114132&scans_id=110198&peptide_id=5198&scanf=14077&charge=2&value=1,R.LAYIAHPK.L,/core/www/modules/show_out/show_out_wrapper.php?run_id=110202&search_id=114132&scans_id=110198&peptide_id=5198&scanf=14077&charge=2&value=R.LAYIAHPK.L,RPL29,2.390e+7,3.109,0.003,2.569,0.000
14080,4,"  4.643","  0.539",18/96,/core/www/modules//sdig/index.php?run_id=110202&search_id=114132&scans_id=110198&peptide_id=5202&scanf=14080&charge=4&value=18/96,sp|Q99575|POP1_HUMAN,/core/www/modules//consensus/?run_id=110202&search_id=114132&scans_id=110198&peptide_id=5202&scanf=14080&charge=4&value=sp|Q99575|POP1_HUMAN,0,/core/www/modules/match_peptides/blast_html4.php?run_id=110202&search_id=114132&scans_id=110198&peptide_id=5202&scanf=14080&charge=4&value=0,K.KTHQPSDEVGTSIEHPR.E,/core/www/modules/show_out/show_out_wrapper.php?run_id=110202&search_id=114132&scans_id=110198&peptide_id=5202&scanf=14080&charge=4&value=K.KTHQPSDEVGTSIEHPR.E,POP1,1.285e+7,3.295,0.001,2.844,0.000
14082,4,"  5.377","  0.661",27/84,/core/www/modules//sdig/index.php?run_id=110202&search_id=114132&scans_id=110198&peptide_id=5204&scanf=14082&charge=4&value=27/84,sp|O43707|ACTN4_HUMAN,/core/www/modules//consensus/?run_id=110202&search_id=114132&scans_id=110198&peptide_id=5204&scanf=14082&charge=4&value=sp|O43707|ACTN4_HUMAN,19,/core/www/modules/match_peptides/blast_html4.php?run_id=110202&search_id=114132&scans_id=110198&peptide_id=5204&scanf=14082&charge=4&value=19,R.KHEAFESDLAAHQDR.V,/core/www/modules/show_out/show_out_wrapper.php?run_id=110202&search_id=114132&scans_id=110198&peptide_id=5204&scanf=14082&charge=4&value=R.KHEAFESDLAAHQDR.V,ACTN4,2.073e+8,4.366,0.000,4.433,0.000
14084,3,"  2.248","  0.409",10/32,/core/www/modules//sdig/index.php?run_id=110202&search_id=114132&scans_id=110198&peptide_id=5206&scanf=14084&charge=3&value=10/32,sp|P15311|EZRI_HUMAN,/core/www/modules//consensus/?run_id=110202&search_id=114132&scans_id=110198&peptide_id=5206&scanf=14084&charge=3&value=sp|P15311|EZRI_HUMAN,0,/core/www/modules/match_peptides/blast_html4.php?run_id=110202&search_id=114132&scans_id=110198&peptide_id=5206&scanf=14084&charge=3&value=0,R.IQVWHAEHR.G,/core/www/modules/show_out/show_out_wrapper.php?run_id=110202&search_id=114132&scans_id=110198&peptide_id=5206&scanf=14084&charge=3&value=R.IQVWHAEHR.G,EZR,1.623e+7,3.096,0.003,2.550,0.000
14090,3,"  2.131","  0.329",11/32,/core/www/modules//sdig/index.php?run_id=110202&search_id=114132&scans_id=110198&peptide_id=5213&scanf=14090&charge=3&value=11/32,sp|Q9Y6V7|DDX49_HUMAN,/core/www/modules//consensus/?run_id=110202&search_id=114132&scans_id=110198&peptide_id=5213&scanf=14090&charge=3&value=sp|Q9Y6V7|DDX49_HUMAN,0,/core/www/modules/match_peptides/blast_html4.php?run_id=110202&search_id=114132&scans_id=110198&peptide_id=5213&scanf=14090&charge=3&value=0,K.LEAAHFDEK.K,/core/www/modules/show_out/show_out_wrapper.php?run_id=110202&search_id=114132&scans_id=110198&peptide_id=5213&scanf=14090&charge=3&value=K.LEAAHFDEK.K,DDX49,9.538e+6,2.820,0.007,2.142,0.000
14098,2,"  2.521","  0.307",10/14,/core/www/modules//sdig/index.php?run_id=110202&search_id=114132&scans_id=110198&peptide_id=5220&scanf=14098&charge=2&value=10/14,sp|Q99848|EBP2_HUMAN,/core/www/modules//consensus/?run_id=110202&search_id=114132&scans_id=110198&peptide_id=5220&scanf=14098&charge=2&value=sp|Q99848|EBP2_HUMAN,1,/core/www/modules/match_peptides/blast_html4.php?run_id=110202&search_id=114132&scans_id=110198&peptide_id=5220&scanf=14098&charge=2&value=1,K.VQTEVLQK.R,/core/www/modules/show_out/show_out_wrapper.php?run_id=110202&search_id=114132&scans_id=110198&peptide_id=5220&scanf=14098&charge=2&value=K.VQTEVLQK.R,EBNA1BP2,4.456e+7,2.897,0.006,2.256,0.000
14099,2,"  1.541","  0.329",8/14,/core/www/modules//sdig/index.php?run_id=110202&search_id=114132&scans_id=110198&peptide_id=5221&scanf=14099&charge=2&value=8/14,sp|P62917|RL8_HUMAN,/core/www/modules//consensus/?run_id=110202&search_id=114132&scans_id=110198&peptide_id=5221&scanf=14099&charge=2&value=sp|P62917|RL8_HUMAN,3,/core/www/modules/match_peptides/blast_html4.php?run_id=110202&search_id=114132&scans_id=110198&peptide_id=5221&scanf=14099&charge=2&value=3,K.DIIHDPGR.G,/core/www/modules/show_out/show_out_wrapper.php?run_id=110202&search_id=114132&scans_id=110198&peptide_id=5221&scanf=14099&charge=2&value=K.DIIHDPGR.G,RPL8,1.615e+8,2.592,0.016,1.808,0.000
14100,3,"  1.824","  0.249",13/40,/core/www/modules//sdig/index.php?run_id=110202&search_id=114132&scans_id=110198&peptide_id=5223&scanf=14100&charge=3&value=13/40,sp|P52272|HNRPM_HUMAN,/core/www/modules//consensus/?run_id=110202&search_id=114132&scans_id=110198&peptide_id=5223&scanf=14100&charge=3&value=sp|P52272|HNRPM_HUMAN,3,/core/www/modules/match_peptides/blast_html4.php?run_id=110202&search_id=114132&scans_id=110198&peptide_id=5223&scanf=14100&charge=3&value=3,R.M*GAGLGHGM*DR.V,/core/www/modules/show_out/show_out_wrapper.php?run_id=110202&search_id=114132&scans_id=110198&peptide_id=5223&scanf=14100&charge=3&value=R.M*GAGLGHGM*DR.V,HNRNPM,1.260e+7,2.658,0.012,1.904,0.000
14102,3,"  4.180","  0.564",14/60,/core/www/modules//sdig/index.php?run_id=110202&search_id=114132&scans_id=110198&peptide_id=5225&scanf=14102&charge=3&value=14/60,sp|Q8IZL8|PELP1_HUMAN,/core/www/modules//consensus/?run_id=110202&search_id=114132&scans_id=110198&peptide_id=5225&scanf=14102&charge=3&value=sp|Q8IZL8|PELP1_HUMAN,2,/core/www/modules/match_peptides/blast_html4.php?run_id=110202&search_id=114132&scans_id=110198&peptide_id=5225&scanf=14102&charge=3&value=2,R.GSPDGSLQTGKPSAPK.K,/core/www/modules/show_out/show_out_wrapper.php?run_id=110202&search_id=114132&scans_id=110198&peptide_id=5225&scanf=14102&charge=3&value=R.GSPDGSLQTGKPSAPK.K,PELP1,1.940e+7,3.298,0.001,2.849,0.000
14104,2,"  2.610","  0.341",7/16,/core/www/modules//sdig/index.php?run_id=110202&search_id=114132&scans_id=110198&peptide_id=5227&scanf=14104&charge=2&value=7/16,sp|P19388|RPAB1_HUMAN,/core/www/modules//consensus/?run_id=110202&search_id=114132&scans_id=110198&peptide_id=5227&scanf=14104&charge=2&value=sp|P19388|RPAB1_HUMAN,3,/core/www/modules/match_peptides/blast_html4.php?run_id=110202&search_id=114132&scans_id=110198&peptide_id=5227&scanf=14104&charge=2&value=3,R.IQAGDPVAR.Y,/core/www/modules/show_out/show_out_wrapper.php?run_id=110202&search_id=114132&scans_id=110198&peptide_id=5227&scanf=14104&charge=2&value=R.IQAGDPVAR.Y,POLR2E,1.505e+7,2.515,0.020,1.696,0.000
14105,2,"  3.084","  0.503",11/14,/core/www/modules//sdig/index.php?run_id=110202&search_id=114132&scans_id=110198&peptide_id=5228&scanf=14105&charge=2&value=11/14,sp|Q8IY81|SPB1_HUMAN,/core/www/modules//consensus/?run_id=110202&search_id=114132&scans_id=110198&peptide_id=5228&scanf=14105&charge=2&value=sp|Q8IY81|SPB1_HUMAN,5,/core/www/modules/match_peptides/blast_html4.php?run_id=110202&search_id=114132&scans_id=110198&peptide_id=5228&scanf=14105&charge=2&value=5,R.DKFYHLAK.E,/core/www/modules/show_out/show_out_wrapper.php?run_id=110202&search_id=114132&scans_id=110198&peptide_id=5228&scanf=14105&charge=2&value=R.DKFYHLAK.E,FTSJ3,9.034e+6,3.398,0.001,2.996,0.000
14109,2,"  2.771","  0.517",12/24,/core/www/modules//sdig/index.php?run_id=110202&search_id=114132&scans_id=110198&peptide_id=5232&scanf=14109&charge=2&value=12/24,sp|Q14676|MDC1_HUMAN,/core/www/modules//consensus/?run_id=110202&search_id=114132&scans_id=110198&peptide_id=5232&scanf=14109&charge=2&value=sp|Q14676|MDC1_HUMAN,0,/core/www/modules/match_peptides/blast_html4.php?run_id=110202&search_id=114132&scans_id=110198&peptide_id=5232&scanf=14109&charge=2&value=0,R.DQAEEEPNRIPSR.S,/core/www/modules/show_out/show_out_wrapper.php?run_id=110202&search_id=114132&scans_id=110198&peptide_id=5232&scanf=14109&charge=2&value=R.DQAEEEPNRIPSR.S,MDC1,5.143e+6,2.839,0.007,2.171,0.000
14111,2,"  2.748","  0.338",9/18,/core/www/modules//sdig/index.php?run_id=110202&search_id=114132&scans_id=110198&peptide_id=5235&scanf=14111&charge=2&value=9/18,sp|Q9Y3T9|NOC2L_HUMAN,/core/www/modules//consensus/?run_id=110202&search_id=114132&scans_id=110198&peptide_id=5235&scanf=14111&charge=2&value=sp|Q9Y3T9|NOC2L_HUMAN,0,/core/www/modules/match_peptides/blast_html4.php?run_id=110202&search_id=114132&scans_id=110198&peptide_id=5235&scanf=14111&charge=2&value=0,R.LKDRDPEFYK.F,/core/www/modules/show_out/show_out_wrapper.php?run_id=110202&search_id=114132&scans_id=110198&peptide_id=5235&scanf=14111&charge=2&value=R.LKDRDPEFYK.F,NOC2L,4.492e+6,2.052,0.091,1.042,0.004
14121,2,"  2.676","  0.424",10/14,/core/www/modules//sdig/index.php?run_id=110202&search_id=114132&scans_id=110198&peptide_id=5245&scanf=14121&charge=2&value=10/14,sp|Q8IY81|SPB1_HUMAN,/core/www/modules//consensus/?run_id=110202&search_id=114132&scans_id=110198&peptide_id=5245&scanf=14121&charge=2&value=sp|Q8IY81|SPB1_HUMAN,5,/core/www/modules/match_peptides/blast_html4.php?run_id=110202&search_id=114132&scans_id=110198&peptide_id=5245&scanf=14121&charge=2&value=5,R.DKFYHLAK.E,/core/www/modules/show_out/show_out_wrapper.php?run_id=110202&search_id=114132&scans_id=110198&peptide_id=5245&scanf=14121&charge=2&value=R.DKFYHLAK.E,FTSJ3,9.034e+6,3.011,0.004,2.425,0.000
14122,2,"  2.040","  0.328",8/16,/core/www/modules//sdig/index.php?run_id=110202&search_id=114132&scans_id=110198&peptide_id=5246&scanf=14122&charge=2&value=8/16,sp|P40227|TCPZ_HUMAN,/core/www/modules//consensus/?run_id=110202&search_id=114132&scans_id=110198&peptide_id=5246&scanf=14122&charge=2&value=sp|P40227|TCPZ_HUMAN,0,/core/www/modules/match_peptides/blast_html4.php?run_id=110202&search_id=114132&scans_id=110198&peptide_id=5246&scanf=14122&charge=2&value=0,R.GLVLDHGAR.H,/core/www/modules/show_out/show_out_wrapper.php?run_id=110202&search_id=114132&scans_id=110198&peptide_id=5246&scanf=14122&charge=2&value=R.GLVLDHGAR.H,CCT6A,1.653e+7,2.603,0.015,1.823,0.000
14125,2,"  2.126","  0.161",7/14,/core/www/modules//sdig/index.php?run_id=110202&search_id=114132&scans_id=110198&peptide_id=5249&scanf=14125&charge=2&value=7/14,sp|P30153|2AAA_HUMAN,/core/www/modules//consensus/?run_id=110202&search_id=114132&scans_id=110198&peptide_id=5249&scanf=14125&charge=2&value=sp|P30153|2AAA_HUMAN,2,/core/www/modules/match_peptides/blast_html4.php?run_id=110202&search_id=114132&scans_id=110198&peptide_id=5249&scanf=14125&charge=2&value=2,K.AVGPEITK.T,/core/www/modules/show_out/show_out_wrapper.php?run_id=110202&search_id=114132&scans_id=110198&peptide_id=5249&scanf=14125&charge=2&value=K.AVGPEITK.T,PPP2R1A,9.010e+6,2.063,0.088,1.057,0.004
14128,3,"  4.066","  0.560",17/52,/core/www/modules//sdig/index.php?run_id=110202&search_id=114132&scans_id=110198&peptide_id=5252&scanf=14128&charge=3&value=17/52,sp|Q13315|ATM_HUMAN,/core/www/modules//consensus/?run_id=110202&search_id=114132&scans_id=110198&peptide_id=5252&scanf=14128&charge=3&value=sp|Q13315|ATM_HUMAN,7,/core/www/modules/match_peptides/blast_html4.php?run_id=110202&search_id=114132&scans_id=110198&peptide_id=5252&scanf=14128&charge=3&value=7,R.IAKPNVSASTQASR.Q,/core/www/modules/show_out/show_out_wrapper.php?run_id=110202&search_id=114132&scans_id=110198&peptide_id=5252&scanf=14128&charge=3&value=R.IAKPNVSASTQASR.Q,ATM,6.510e+6,3.520,0.001,3.178,0.000
14130,2,"  2.716","  0.452",10/16,/core/www/modules//sdig/index.php?run_id=110202&search_id=114132&scans_id=110198&peptide_id=5255&scanf=14130&charge=2&value=10/16,sp|P26038|MOES_HUMAN,/core/www/modules//consensus/?run_id=110202&search_id=114132&scans_id=110198&peptide_id=5255&scanf=14130&charge=2&value=sp|P26038|MOES_HUMAN,1,/core/www/modules/match_peptides/blast_html4.php?run_id=110202&search_id=114132&scans_id=110198&peptide_id=5255&scanf=14130&charge=2&value=1,R.IQVWHEEHR.G,/core/www/modules/show_out/show_out_wrapper.php?run_id=110202&search_id=114132&scans_id=110198&peptide_id=5255&scanf=14130&charge=2&value=R.IQVWHEEHR.G,MSN,3.411e+6,3.062,0.003,2.500,0.000
14138,2,"  1.129","  0.076",7/14,/core/www/modules//sdig/index.php?run_id=110202&search_id=114132&scans_id=110198&peptide_id=5262&scanf=14138&charge=2&value=7/14,sp|P08670|VIME_HUMAN,/core/www/modules//consensus/?run_id=110202&search_id=114132&scans_id=110198&peptide_id=5262&scanf=14138&charge=2&value=sp|P08670|VIME_HUMAN,2,/core/www/modules/match_peptides/blast_html4.php?run_id=110202&search_id=114132&scans_id=110198&peptide_id=5262&scanf=14138&charge=2&value=2,K.LQEEM*LQR.E,/core/www/modules/show_out/show_out_wrapper.php?run_id=110202&search_id=114132&scans_id=110198&peptide_id=5262&scanf=14138&charge=2&value=K.LQEEM*LQR.E,VIM,6.072e+7,2.170,0.063,1.203,0.002
14140,2,"  1.965","  0.202",8/14,/core/www/modules//sdig/index.php?run_id=110202&search_id=114132&scans_id=110198&peptide_id=5264&scanf=14140&charge=2&value=8/14,sp|Q969G3|SMCE1_HUMAN,/core/www/modules//consensus/?run_id=110202&search_id=114132&scans_id=110198&peptide_id=5264&scanf=14140&charge=2&value=sp|Q969G3|SMCE1_HUMAN,13,/core/www/modules/match_peptides/blast_html4.php?run_id=110202&search_id=114132&scans_id=110198&peptide_id=5264&scanf=14140&charge=2&value=13,K.IEYNESMK.A,/core/www/modules/show_out/show_out_wrapper.php?run_id=110202&search_id=114132&scans_id=110198&peptide_id=5264&scanf=14140&charge=2&value=K.IEYNESMK.A,SMARCE1,8.401e+6,2.261,0.047,1.332,0.002
14145,2,"  1.927","  0.306",7/14,/core/www/modules//sdig/index.php?run_id=110202&search_id=114132&scans_id=110198&peptide_id=5269&scanf=14145&charge=2&value=7/14,sp|Q8IXT5|RB12B_HUMAN,/core/www/modules//consensus/?run_id=110202&search_id=114132&scans_id=110198&peptide_id=5269&scanf=14145&charge=2&value=sp|Q8IXT5|RB12B_HUMAN,0,/core/www/modules/match_peptides/blast_html4.php?run_id=110202&search_id=114132&scans_id=110198&peptide_id=5269&scanf=14145&charge=2&value=0,R.RPLQGEWR.R,/core/www/modules/show_out/show_out_wrapper.php?run_id=110202&search_id=114132&scans_id=110198&peptide_id=5269&scanf=14145&charge=2&value=R.RPLQGEWR.R,RBM12B,9.595e+6,2.659,0.012,1.907,0.000
14157,3,"  4.586","  0.563",12/60,/core/www/modules//sdig/index.php?run_id=110202&search_id=114132&scans_id=110198&peptide_id=5282&scanf=14157&charge=3&value=12/60,sp|Q96PZ2|F111A_HUMAN,/core/www/modules//consensus/?run_id=110202&search_id=114132&scans_id=110198&peptide_id=5282&scanf=14157&charge=3&value=sp|Q96PZ2|F111A_HUMAN,2,/core/www/modules/match_peptides/blast_html4.php?run_id=110202&search_id=114132&scans_id=110198&peptide_id=5282&scanf=14157&charge=3&value=2,R.MVPSAAASQNPESEKR.N,/core/www/modules/show_out/show_out_wrapper.php?run_id=110202&search_id=114132&scans_id=110198&peptide_id=5282&scanf=14157&charge=3&value=R.MVPSAAASQNPESEKR.N,FAM111A,3.104e+6,2.929,0.005,2.303,0.000
14159,2,"  2.081","  0.090",10/14,/core/www/modules//sdig/index.php?run_id=110202&search_id=114132&scans_id=110198&peptide_id=5283&scanf=14159&charge=2&value=10/14,sp|Q15233|NONO_HUMAN,/core/www/modules//consensus/?run_id=110202&search_id=114132&scans_id=110198&peptide_id=5283&scanf=14159&charge=2&value=sp|Q15233|NONO_HUMAN,11,/core/www/modules/match_peptides/blast_html4.php?run_id=110202&search_id=114132&scans_id=110198&peptide_id=5283&scanf=14159&charge=2&value=11,K.AGEVFIHK.D,/core/www/modules/show_out/show_out_wrapper.php?run_id=110202&search_id=114132&scans_id=110198&peptide_id=5283&scanf=14159&charge=2&value=K.AGEVFIHK.D,NONO,3.622e+7,2.057,0.089,1.048,0.004
14162,3,"  3.413","  0.544",17/52,/core/www/modules//sdig/index.php?run_id=110202&search_id=114132&scans_id=110198&peptide_id=5287&scanf=14162&charge=3&value=17/52,sp|Q69YN4|VIR_HUMAN,/core/www/modules//consensus/?run_id=110202&search_id=114132&scans_id=110198&peptide_id=5287&scanf=14162&charge=3&value=sp|Q69YN4|VIR_HUMAN,0,/core/www/modules/match_peptides/blast_html4.php?run_id=110202&search_id=114132&scans_id=110198&peptide_id=5287&scanf=14162&charge=3&value=0,K.HPSAEQSSHIDVVR.F,/core/www/modules/show_out/show_out_wrapper.php?run_id=110202&search_id=114132&scans_id=110198&peptide_id=5287&scanf=14162&charge=3&value=K.HPSAEQSSHIDVVR.F,VIRMA,3.558e+7,3.406,0.001,3.009,0.000
14168,2,"  2.145","  0.464",10/12,/core/www/modules//sdig/index.php?run_id=110202&search_id=114132&scans_id=110198&peptide_id=5293&scanf=14168&charge=2&value=10/12,sp|P62269|RS18_HUMAN,/core/www/modules//consensus/?run_id=110202&search_id=114132&scans_id=110198&peptide_id=5293&scanf=14168&charge=2&value=sp|P62269|RS18_HUMAN,0,/core/www/modules/match_peptides/blast_html4.php?run_id=110202&search_id=114132&scans_id=110198&peptide_id=5293&scanf=14168&charge=2&value=0,R.YAHVVLR.K,/core/www/modules/show_out/show_out_wrapper.php?run_id=110202&search_id=114132&scans_id=110198&peptide_id=5293&scanf=14168&charge=2&value=R.YAHVVLR.K,RPS18,7.373e+7,3.579,0.001,3.266,0.000
14174,3,"  3.228","  0.289",9/44,/core/www/modules//sdig/index.php?run_id=110202&search_id=114132&scans_id=110198&peptide_id=5300&scanf=14174&charge=3&value=9/44,sp|O15235|RT12_HUMAN,/core/www/modules//consensus/?run_id=110202&search_id=114132&scans_id=110198&peptide_id=5300&scanf=14174&charge=3&value=sp|O15235|RT12_HUMAN,0,/core/www/modules/match_peptides/blast_html4.php?run_id=110202&search_id=114132&scans_id=110198&peptide_id=5300&scanf=14174&charge=3&value=0,R.KLGPTEGRPQLK.G,/core/www/modules/show_out/show_out_wrapper.php?run_id=110202&search_id=114132&scans_id=110198&peptide_id=5300&scanf=14174&charge=3&value=R.KLGPTEGRPQLK.G,MRPS12,3.306e+6,2.120,0.073,1.135,0.002
14180,3,"  3.432","  0.505",14/40,/core/www/modules//sdig/index.php?run_id=110202&search_id=114132&scans_id=110198&peptide_id=5306&scanf=14180&charge=3&value=14/40,sp|P60709|ACTB_HUMAN,/core/www/modules//consensus/?run_id=110202&search_id=114132&scans_id=110198&peptide_id=5306&scanf=14180&charge=3&value=sp|P60709|ACTB_HUMAN,26,/core/www/modules/match_peptides/blast_html4.php?run_id=110202&search_id=114132&scans_id=110198&peptide_id=5306&scanf=14180&charge=3&value=26,R.HQGVMVGMGQK.D,/core/www/modules/show_out/show_out_wrapper.php?run_id=110202&search_id=114132&scans_id=110198&peptide_id=5306&scanf=14180&charge=3&value=R.HQGVMVGMGQK.D,ACTB,5.906e+8,3.919,0.000,3.769,0.000
14181,2,"  2.111","  0.352",8/12,/core/www/modules//sdig/index.php?run_id=110202&search_id=114132&scans_id=110198&peptide_id=5307&scanf=14181&charge=2&value=8/12,sp|P52272|HNRPM_HUMAN,/core/www/modules//consensus/?run_id=110202&search_id=114132&scans_id=110198&peptide_id=5307&scanf=14181&charge=2&value=sp|P52272|HNRPM_HUMAN,3,/core/www/modules/match_peptides/blast_html4.php?run_id=110202&search_id=114132&scans_id=110198&peptide_id=5307&scanf=14181&charge=2&value=3,R.MGPVMDR.M,/core/www/modules/show_out/show_out_wrapper.php?run_id=110202&search_id=114132&scans_id=110198&peptide_id=5307&scanf=14181&charge=2&value=R.MGPVMDR.M,HNRNPM,6.218e+7,3.169,0.002,2.659,0.000
14183,2,"  2.627","  0.365",9/16,/core/www/modules//sdig/index.php?run_id=110202&search_id=114132&scans_id=110198&peptide_id=5309&scanf=14183&charge=2&value=9/16,sp|A6NHR9|SMHD1_HUMAN,/core/www/modules//consensus/?run_id=110202&search_id=114132&scans_id=110198&peptide_id=5309&scanf=14183&charge=2&value=sp|A6NHR9|SMHD1_HUMAN,3,/core/www/modules/match_peptides/blast_html4.php?run_id=110202&search_id=114132&scans_id=110198&peptide_id=5309&scanf=14183&charge=2&value=3,K.QQQMAALTK.E,/core/www/modules/show_out/show_out_wrapper.php?run_id=110202&search_id=114132&scans_id=110198&peptide_id=5309&scanf=14183&charge=2&value=K.QQQMAALTK.E,SMCHD1,7.654e+6,2.786,0.008,2.092,0.000
14186,2,"  2.656","  0.501",15/20,/core/www/modules//sdig/index.php?run_id=110202&search_id=114132&scans_id=110198&peptide_id=5312&scanf=14186&charge=2&value=15/20,sp|P14625|ENPL_HUMAN,/core/www/modules//consensus/?run_id=110202&search_id=114132&scans_id=110198&peptide_id=5312&scanf=14186&charge=2&value=sp|P14625|ENPL_HUMAN,7,/core/www/modules/match_peptides/blast_html4.php?run_id=110202&search_id=114132&scans_id=110198&peptide_id=5312&scanf=14186&charge=2&value=7,R.KEAESSPFVER.L,/core/www/modules/show_out/show_out_wrapper.php?run_id=110202&search_id=114132&scans_id=110198&peptide_id=5312&scanf=14186&charge=2&value=R.KEAESSPFVER.L,HSP90B1,7.447e+6,3.259,0.002,2.791,0.000
14187,2,"  2.310","  0.343",10/16,/core/www/modules//sdig/index.php?run_id=110202&search_id=114132&scans_id=110198&peptide_id=5313&scanf=14187&charge=2&value=10/16,sp|P42696|RBM34_HUMAN,/core/www/modules//consensus/?run_id=110202&search_id=114132&scans_id=110198&peptide_id=5313&scanf=14187&charge=2&value=sp|P42696|RBM34_HUMAN,2,/core/www/modules/match_peptides/blast_html4.php?run_id=110202&search_id=114132&scans_id=110198&peptide_id=5313&scanf=14187&charge=2&value=2,K.IQINQEEER.L,/core/www/modules/show_out/show_out_wrapper.php?run_id=110202&search_id=114132&scans_id=110198&peptide_id=5313&scanf=14187&charge=2&value=K.IQINQEEER.L,RBM34,1.914e+7,2.814,0.007,2.134,0.000
14190,2,"  2.580","  0.396",9/16,/core/www/modules//sdig/index.php?run_id=110202&search_id=114132&scans_id=110198&peptide_id=5317&scanf=14190&charge=2&value=9/16,sp|P51531|SMCA2_HUMAN,/core/www/modules//consensus/?run_id=110202&search_id=114132&scans_id=110198&peptide_id=5317&scanf=14190&charge=2&value=sp|P51531|SMCA2_HUMAN,3,/core/www/modules/match_peptides/blast_html4.php?run_id=110202&search_id=114132&scans_id=110198&peptide_id=5317&scanf=14190&charge=2&value=3,K.EVESQLPEK.V,/core/www/modules/show_out/show_out_wrapper.php?run_id=110202&search_id=114132&scans_id=110198&peptide_id=5317&scanf=14190&charge=2&value=K.EVESQLPEK.V,SMARCA2,7.575e+7,3.145,0.002,2.623,0.000
14202,3,"  3.132","  0.584",15/44,/core/www/modules//sdig/index.php?run_id=110202&search_id=114132&scans_id=110198&peptide_id=5329&scanf=14202&charge=3&value=15/44,sp|P08240|SRPRA_HUMAN,/core/www/modules//consensus/?run_id=110202&search_id=114132&scans_id=110198&peptide_id=5329&scanf=14202&charge=3&value=sp|P08240|SRPRA_HUMAN,0,/core/www/modules/match_peptides/blast_html4.php?run_id=110202&search_id=114132&scans_id=110198&peptide_id=5329&scanf=14202&charge=3&value=0,R.ALADHSMAQTPR.L,/core/www/modules/show_out/show_out_wrapper.php?run_id=110202&search_id=114132&scans_id=110198&peptide_id=5329&scanf=14202&charge=3&value=R.ALADHSMAQTPR.L,SRPRA,1.939e+7,3.617,0.000,3.322,0.000
14204,2,"  2.508","  0.617",14/24,/core/www/modules//sdig/index.php?run_id=110202&search_id=114132&scans_id=110198&peptide_id=5331&scanf=14204&charge=2&value=14/24,sp|O76021|RL1D1_HUMAN,/core/www/modules//consensus/?run_id=110202&search_id=114132&scans_id=110198&peptide_id=5331&scanf=14204&charge=2&value=sp|O76021|RL1D1_HUMAN,1,/core/www/modules/match_peptides/blast_html4.php?run_id=110202&search_id=114132&scans_id=110198&peptide_id=5331&scanf=14204&charge=2&value=1,K.DDVAPESGDTTVK.K,/core/www/modules/show_out/show_out_wrapper.php?run_id=110202&search_id=114132&scans_id=110198&peptide_id=5331&scanf=14204&charge=2&value=K.DDVAPESGDTTVK.K,RSL1D1,1.294e+8,3.587,0.001,3.278,0.000
14205,2,"  2.486","  0.318",10/16,/core/www/modules//sdig/index.php?run_id=110202&search_id=114132&scans_id=110198&peptide_id=5332&scanf=14205&charge=2&value=10/16,sp|A6NHR9|SMHD1_HUMAN,/core/www/modules//consensus/?run_id=110202&search_id=114132&scans_id=110198&peptide_id=5332&scanf=14205&charge=2&value=sp|A6NHR9|SMHD1_HUMAN,3,/core/www/modules/match_peptides/blast_html4.php?run_id=110202&search_id=114132&scans_id=110198&peptide_id=5332&scanf=14205&charge=2&value=3,K.QQQMAALTK.E,/core/www/modules/show_out/show_out_wrapper.php?run_id=110202&search_id=114132&scans_id=110198&peptide_id=5332&scanf=14205&charge=2&value=K.QQQMAALTK.E,SMCHD1,7.654e+6,2.872,0.006,2.219,0.000
14206,2,"  2.010","  0.359",8/12,/core/www/modules//sdig/index.php?run_id=110202&search_id=114132&scans_id=110198&peptide_id=5333&scanf=14206&charge=2&value=8/12,sp|Q12873|CHD3_HUMAN,/core/www/modules//consensus/?run_id=110202&search_id=114132&scans_id=110198&peptide_id=5333&scanf=14206&charge=2&value=sp|Q12873|CHD3_HUMAN,27,/core/www/modules/match_peptides/blast_html4.php?run_id=110202&search_id=114132&scans_id=110198&peptide_id=5333&scanf=14206&charge=2&value=27,K.VAQYVVR.E,/core/www/modules/show_out/show_out_wrapper.php?run_id=110202&search_id=114132&scans_id=110198&peptide_id=5333&scanf=14206&charge=2&value=K.VAQYVVR.E,CHD3,2.266e+7,2.979,0.004,2.377,0.000
14214,4,"  8.666","  0.703",34/138,/core/www/modules//sdig/index.php?run_id=110202&search_id=114132&scans_id=110198&peptide_id=5342&scanf=14214&charge=4&value=34/138,sp|P35637|FUS_HUMAN,/core/www/modules//consensus/?run_id=110202&search_id=114132&scans_id=110198&peptide_id=5342&scanf=14214&charge=4&value=sp|P35637|FUS_HUMAN,1,/core/www/modules/match_peptides/blast_html4.php?run_id=110202&search_id=114132&scans_id=110198&peptide_id=5342&scanf=14214&charge=4&value=1,K.APKPDGPGGGPGGSHMGGNYGDDR.R,/core/www/modules/show_out/show_out_wrapper.php?run_id=110202&search_id=114132&scans_id=110198&peptide_id=5342&scanf=14214&charge=4&value=K.APKPDGPGGGPGGSHMGGNYGDDR.R,FUS,1.570e+8,4.200,0.000,4.186,0.000
14216,2,"  3.518","  0.557",13/20,/core/www/modules//sdig/index.php?run_id=110202&search_id=114132&scans_id=110198&peptide_id=5344&scanf=14216&charge=2&value=13/20,sp|Q15020|SART3_HUMAN,/core/www/modules//consensus/?run_id=110202&search_id=114132&scans_id=110198&peptide_id=5344&scanf=14216&charge=2&value=sp|Q15020|SART3_HUMAN,1,/core/www/modules/match_peptides/blast_html4.php?run_id=110202&search_id=114132&scans_id=110198&peptide_id=5344&scanf=14216&charge=2&value=1,K.EAALVQQEEEK.A,/core/www/modules/show_out/show_out_wrapper.php?run_id=110202&search_id=114132&scans_id=110198&peptide_id=5344&scanf=14216&charge=2&value=K.EAALVQQEEEK.A,SART3,5.295e+6,3.571,0.001,3.254,0.000
14217,2,"  2.329","  0.395",8/12,/core/www/modules//sdig/index.php?run_id=110202&search_id=114132&scans_id=110198&peptide_id=5345&scanf=14217&charge=2&value=8/12,sp|Q15424|SAFB1_HUMAN,/core/www/modules//consensus/?run_id=110202&search_id=114132&scans_id=110198&peptide_id=5345&scanf=14217&charge=2&value=sp|Q15424|SAFB1_HUMAN,1,/core/www/modules/match_peptides/blast_html4.php?run_id=110202&search_id=114132&scans_id=110198&peptide_id=5345&scanf=14217&charge=2&value=1,R.MQAQWER.E,/core/www/modules/show_out/show_out_wrapper.php?run_id=110202&search_id=114132&scans_id=110198&peptide_id=5345&scanf=14217&charge=2&value=R.MQAQWER.E,SAFB,3.386e+7,3.116,0.003,2.580,0.000
14223,2,"  2.080","  0.377",8/14,/core/www/modules//sdig/index.php?run_id=110202&search_id=114132&scans_id=110198&peptide_id=5351&scanf=14223&charge=2&value=8/14,sp|P46087|NOP2_HUMAN,/core/www/modules//consensus/?run_id=110202&search_id=114132&scans_id=110198&peptide_id=5351&scanf=14223&charge=2&value=sp|P46087|NOP2_HUMAN,5,/core/www/modules/match_peptides/blast_html4.php?run_id=110202&search_id=114132&scans_id=110198&peptide_id=5351&scanf=14223&charge=2&value=5,K.GAETELVR.F,/core/www/modules/show_out/show_out_wrapper.php?run_id=110202&search_id=114132&scans_id=110198&peptide_id=5351&scanf=14223&charge=2&value=K.GAETELVR.F,NOP2,2.523e+7,2.848,0.007,2.183,0.000
14224,2,"  1.628","  0.368",8/14,/core/www/modules//sdig/index.php?run_id=110202&search_id=114132&scans_id=110198&peptide_id=5352&scanf=14224&charge=2&value=8/14,sp|P46776|RL27A_HUMAN,/core/www/modules//consensus/?run_id=110202&search_id=114132&scans_id=110198&peptide_id=5352&scanf=14224&charge=2&value=sp|P46776|RL27A_HUMAN,1,/core/www/modules/match_peptides/blast_html4.php?run_id=110202&search_id=114132&scans_id=110198&peptide_id=5352&scanf=14224&charge=2&value=1,K.YHPGYFGK.V,/core/www/modules/show_out/show_out_wrapper.php?run_id=110202&search_id=114132&scans_id=110198&peptide_id=5352&scanf=14224&charge=2&value=K.YHPGYFGK.V,RPL27A,6.658e+7,2.784,0.008,2.090,0.000
14225,2,"  1.500","  0.214",8/12,/core/www/modules//sdig/index.php?run_id=110202&search_id=114132&scans_id=110198&peptide_id=5353&scanf=14225&charge=2&value=8/12,sp|P52272|HNRPM_HUMAN,/core/www/modules//consensus/?run_id=110202&search_id=114132&scans_id=110198&peptide_id=5353&scanf=14225&charge=2&value=sp|P52272|HNRPM_HUMAN,3,/core/www/modules/match_peptides/blast_html4.php?run_id=110202&search_id=114132&scans_id=110198&peptide_id=5353&scanf=14225&charge=2&value=3,R.MGPAIER.M,/core/www/modules/show_out/show_out_wrapper.php?run_id=110202&search_id=114132&scans_id=110198&peptide_id=5353&scanf=14225&charge=2&value=R.MGPAIER.M,HNRNPM,1.327e+8,2.692,0.011,1.954,0.000
14226,2,"  1.431","  0.248",7/12,/core/www/modules//sdig/index.php?run_id=110202&search_id=114132&scans_id=110198&peptide_id=5354&scanf=14226&charge=2&value=7/12,sp|P52272|HNRPM_HUMAN,/core/www/modules//consensus/?run_id=110202&search_id=114132&scans_id=110198&peptide_id=5354&scanf=14226&charge=2&value=sp|P52272|HNRPM_HUMAN,3,/core/www/modules/match_peptides/blast_html4.php?run_id=110202&search_id=114132&scans_id=110198&peptide_id=5354&scanf=14226&charge=2&value=3,R.M*GPVM*DR.M,/core/www/modules/show_out/show_out_wrapper.php?run_id=110202&search_id=114132&scans_id=110198&peptide_id=5354&scanf=14226&charge=2&value=R.M*GPVM*DR.M,HNRNPM,1.053e+7,2.680,0.012,1.937,0.000
14228,3,"  4.522","  0.574",15/44,/core/www/modules//sdig/index.php?run_id=110202&search_id=114132&scans_id=110198&peptide_id=5356&scanf=14228&charge=3&value=15/44,sp|P62269|RS18_HUMAN,/core/www/modules//consensus/?run_id=110202&search_id=114132&scans_id=110198&peptide_id=5356&scanf=14228&charge=3&value=sp|P62269|RS18_HUMAN,0,/core/www/modules/match_peptides/blast_html4.php?run_id=110202&search_id=114132&scans_id=110198&peptide_id=5356&scanf=14228&charge=3&value=0,K.RAGELTEDEVER.V,/core/www/modules/show_out/show_out_wrapper.php?run_id=110202&search_id=114132&scans_id=110198&peptide_id=5356&scanf=14228&charge=3&value=K.RAGELTEDEVER.V,RPS18,6.809e+7,3.344,0.001,2.918,0.000
14231,2,"  2.784","  0.608",12/20,/core/www/modules//sdig/index.php?run_id=110202&search_id=114132&scans_id=110198&peptide_id=5360&scanf=14231&charge=2&value=12/20,sp|Q96KR1|ZFR_HUMAN,/core/www/modules//consensus/?run_id=110202&search_id=114132&scans_id=110198&peptide_id=5360&scanf=14231&charge=2&value=sp|Q96KR1|ZFR_HUMAN,1,/core/www/modules/match_peptides/blast_html4.php?run_id=110202&search_id=114132&scans_id=110198&peptide_id=5360&scanf=14231&charge=2&value=1,K.LVSDSLSEHEK.N,/core/www/modules/show_out/show_out_wrapper.php?run_id=110202&search_id=114132&scans_id=110198&peptide_id=5360&scanf=14231&charge=2&value=K.LVSDSLSEHEK.N,ZFR,1.755e+7,3.625,0.000,3.333,0.000
14232,2,"  1.250","  0.326",8/16,/core/www/modules//sdig/index.php?run_id=110202&search_id=114132&scans_id=110198&peptide_id=5361&scanf=14232&charge=2&value=8/16,sp|Q6P2Q9|PRP8_HUMAN,/core/www/modules//consensus/?run_id=110202&search_id=114132&scans_id=110198&peptide_id=5361&scanf=14232&charge=2&value=sp|Q6P2Q9|PRP8_HUMAN,1,/core/www/modules/match_peptides/blast_html4.php?run_id=110202&search_id=114132&scans_id=110198&peptide_id=5361&scanf=14232&charge=2&value=1,K.ASGFEESMK.W,/core/www/modules/show_out/show_out_wrapper.php?run_id=110202&search_id=114132&scans_id=110198&peptide_id=5361&scanf=14232&charge=2&value=K.ASGFEESMK.W,PRPF8,1.115e+7,2.696,0.011,1.961,0.000
14249,2,"  4.260","  0.614",19/24,/core/www/modules//sdig/index.php?run_id=110202&search_id=114132&scans_id=110198&peptide_id=5378&scanf=14249&charge=2&value=19/24,sp|Q9Y3Y2|CHTOP_HUMAN,/core/www/modules//consensus/?run_id=110202&search_id=114132&scans_id=110198&peptide_id=5378&scanf=14249&charge=2&value=sp|Q9Y3Y2|CHTOP_HUMAN,2,/core/www/modules/match_peptides/blast_html4.php?run_id=110202&search_id=114132&scans_id=110198&peptide_id=5378&scanf=14249&charge=2&value=2,R.ASMQQQQQLASAR.N,/core/www/modules/show_out/show_out_wrapper.php?run_id=110202&search_id=114132&scans_id=110198&peptide_id=5378&scanf=14249&charge=2&value=R.ASMQQQQQLASAR.N,CHTOP,6.279e+7,3.918,0.000,3.768,0.000
14256,2,"  2.337","  0.267",11/18,/core/www/modules//sdig/index.php?run_id=110202&search_id=114132&scans_id=110198&peptide_id=5385&scanf=14256&charge=2&value=11/18,sp|Q96FV9|THOC1_HUMAN,/core/www/modules//consensus/?run_id=110202&search_id=114132&scans_id=110198&peptide_id=5385&scanf=14256&charge=2&value=sp|Q96FV9|THOC1_HUMAN,2,/core/www/modules/match_peptides/blast_html4.php?run_id=110202&search_id=114132&scans_id=110198&peptide_id=5385&scanf=14256&charge=2&value=2,K.TGGEHVYFAK.F,/core/www/modules/show_out/show_out_wrapper.php?run_id=110202&search_id=114132&scans_id=110198&peptide_id=5385&scanf=14256&charge=2&value=K.TGGEHVYFAK.F,THOC1,5.092e+6,2.532,0.019,1.721,0.000
14258,2,"  2.843","  0.601",11/18,/core/www/modules//sdig/index.php?run_id=110202&search_id=114132&scans_id=110198&peptide_id=5387&scanf=14258&charge=2&value=11/18,sp|Q9H6R0|DHX33_HUMAN,/core/www/modules//consensus/?run_id=110202&search_id=114132&scans_id=110198&peptide_id=5387&scanf=14258&charge=2&value=sp|Q9H6R0|DHX33_HUMAN,1,/core/www/modules/match_peptides/blast_html4.php?run_id=110202&search_id=114132&scans_id=110198&peptide_id=5387&scanf=14258&charge=2&value=1,R.FDDVTSEDTR.I,/core/www/modules/show_out/show_out_wrapper.php?run_id=110202&search_id=114132&scans_id=110198&peptide_id=5387&scanf=14258&charge=2&value=R.FDDVTSEDTR.I,DHX33,3.504e+6,3.616,0.000,3.320,0.000
14259,2,"  2.470","  0.485",11/20,/core/www/modules//sdig/index.php?run_id=110202&search_id=114132&scans_id=110198&peptide_id=5388&scanf=14259&charge=2&value=11/20,sp|P35580|MYH10_HUMAN,/core/www/modules//consensus/?run_id=110202&search_id=114132&scans_id=110198&peptide_id=5388&scanf=14259&charge=2&value=sp|P35580|MYH10_HUMAN,1,/core/www/modules/match_peptides/blast_html4.php?run_id=110202&search_id=114132&scans_id=110198&peptide_id=5388&scanf=14259&charge=2&value=1,R.QLEEAEEEATR.A,/core/www/modules/show_out/show_out_wrapper.php?run_id=110202&search_id=114132&scans_id=110198&peptide_id=5388&scanf=14259&charge=2&value=R.QLEEAEEEATR.A,MYH10,5.229e+6,3.141,0.002,2.616,0.000
14261,2,"  4.221","  0.588",17/22,/core/www/modules//sdig/index.php?run_id=110202&search_id=114132&scans_id=110198&peptide_id=5391&scanf=14261&charge=2&value=17/22,sp|Q99714|HCD2_HUMAN,/core/www/modules//consensus/?run_id=110202&search_id=114132&scans_id=110198&peptide_id=5391&scanf=14261&charge=2&value=sp|Q99714|HCD2_HUMAN,2,/core/www/modules/match_peptides/blast_html4.php?run_id=110202&search_id=114132&scans_id=110198&peptide_id=5391&scanf=14261&charge=2&value=2,K.KGQTHTLEDFQR.V,/core/www/modules/show_out/show_out_wrapper.php?run_id=110202&search_id=114132&scans_id=110198&peptide_id=5391&scanf=14261&charge=2&value=K.KGQTHTLEDFQR.V,HSD17B10,3.224e+6,3.553,0.001,3.227,0.000
14264,2,"  2.001","  0.257",8/14,/core/www/modules//sdig/index.php?run_id=110202&search_id=114132&scans_id=110198&peptide_id=5393&scanf=14264&charge=2&value=8/14,sp|P62899|RL31_HUMAN,/core/www/modules//consensus/?run_id=110202&search_id=114132&scans_id=110198&peptide_id=5393&scanf=14264&charge=2&value=sp|P62899|RL31_HUMAN,5,/core/www/modules/match_peptides/blast_html4.php?run_id=110202&search_id=114132&scans_id=110198&peptide_id=5393&scanf=14264&charge=2&value=5,K.EM*GTPDVR.I,/core/www/modules/show_out/show_out_wrapper.php?run_id=110202&search_id=114132&scans_id=110198&peptide_id=5393&scanf=14264&charge=2&value=K.EM*GTPDVR.I,RPL31,1.291e+7,2.454,0.025,1.607,0.001
14266,4,"  6.286","  0.627",27/138,/core/www/modules//sdig/index.php?run_id=110202&search_id=114132&scans_id=110198&peptide_id=5395&scanf=14266&charge=4&value=27/138,sp|P35637|FUS_HUMAN,/core/www/modules//consensus/?run_id=110202&search_id=114132&scans_id=110198&peptide_id=5395&scanf=14266&charge=4&value=sp|P35637|FUS_HUMAN,1,/core/www/modules/match_peptides/blast_html4.php?run_id=110202&search_id=114132&scans_id=110198&peptide_id=5395&scanf=14266&charge=4&value=1,K.APKPDGPGGGPGGSHM*GGNYGDDR.R,/core/www/modules/show_out/show_out_wrapper.php?run_id=110202&search_id=114132&scans_id=110198&peptide_id=5395&scanf=14266&charge=4&value=K.APKPDGPGGGPGGSHM*GGNYGDDR.R,FUS,1.905e+7,3.715,0.000,3.467,0.000
14269,2,"  2.929","  0.312",15/24,/core/www/modules//sdig/index.php?run_id=110202&search_id=114132&scans_id=110198&peptide_id=5398&scanf=14269&charge=2&value=15/24,sp|Q02878|RL6_HUMAN,/core/www/modules//consensus/?run_id=110202&search_id=114132&scans_id=110198&peptide_id=5398&scanf=14269&charge=2&value=sp|Q02878|RL6_HUMAN,0,/core/www/modules/match_peptides/blast_html4.php?run_id=110202&search_id=114132&scans_id=110198&peptide_id=5398&scanf=14269&charge=2&value=0,R.HQEGEIFDTEKEK.Y,/core/www/modules/show_out/show_out_wrapper.php?run_id=110202&search_id=114132&scans_id=110198&peptide_id=5398&scanf=14269&charge=2&value=R.HQEGEIFDTEKEK.Y,RPL6,7.197e+6,2.322,0.038,1.418,0.001
14272,2,"  2.023","  0.235",8/12,/core/www/modules//sdig/index.php?run_id=110202&search_id=114132&scans_id=110198&peptide_id=5402&scanf=14272&charge=2&value=8/12,sp|Q86U86|PB1_HUMAN,/core/www/modules//consensus/?run_id=110202&search_id=114132&scans_id=110198&peptide_id=5402&scanf=14272&charge=2&value=sp|Q86U86|PB1_HUMAN,2,/core/www/modules/match_peptides/blast_html4.php?run_id=110202&search_id=114132&scans_id=110198&peptide_id=5402&scanf=14272&charge=2&value=2,K.DALVLHK.V,/core/www/modules/show_out/show_out_wrapper.php?run_id=110202&search_id=114132&scans_id=110198&peptide_id=5402&scanf=14272&charge=2&value=K.DALVLHK.V,PBRM1,7.167e+6,2.571,0.017,1.777,0.000
14278,3,"  3.801","  0.439",19/44,/core/www/modules//sdig/index.php?run_id=110202&search_id=114132&scans_id=110198&peptide_id=5408&scanf=14278&charge=3&value=19/44,sp|P49411|EFTU_HUMAN,/core/www/modules//consensus/?run_id=110202&search_id=114132&scans_id=110198&peptide_id=5408&scanf=14278&charge=3&value=sp|P49411|EFTU_HUMAN,0,/core/www/modules/match_peptides/blast_html4.php?run_id=110202&search_id=114132&scans_id=110198&peptide_id=5408&scanf=14278&charge=3&value=0,K.KYEEIDNAPEER.A,/core/www/modules/show_out/show_out_wrapper.php?run_id=110202&search_id=114132&scans_id=110198&peptide_id=5408&scanf=14278&charge=3&value=K.KYEEIDNAPEER.A,TUFM,2.930e+7,3.032,0.004,2.456,0.000
14289,3,"  3.178","  0.390",15/40,/core/www/modules//sdig/index.php?run_id=110202&search_id=114132&scans_id=110198&peptide_id=5419&scanf=14289&charge=3&value=15/40,sp|O95239|KIF4A_HUMAN,/core/www/modules//consensus/?run_id=110202&search_id=114132&scans_id=110198&peptide_id=5419&scanf=14289&charge=3&value=sp|O95239|KIF4A_HUMAN,1,/core/www/modules/match_peptides/blast_html4.php?run_id=110202&search_id=114132&scans_id=110198&peptide_id=5419&scanf=14289&charge=3&value=1,K.LLDAESEDRPK.Q,/core/www/modules/show_out/show_out_wrapper.php?run_id=110202&search_id=114132&scans_id=110198&peptide_id=5419&scanf=14289&charge=3&value=K.LLDAESEDRPK.Q,KIF4A,8.887e+6,3.012,0.004,2.426,0.000
14290,3,"  1.896","  0.082",9/28,/core/www/modules//sdig/index.php?run_id=110202&search_id=114132&scans_id=110198&peptide_id=5421&scanf=14290&charge=3&value=9/28,sp|Q13206|DDX10_HUMAN,/core/www/modules//consensus/?run_id=110202&search_id=114132&scans_id=110198&peptide_id=5421&scanf=14290&charge=3&value=sp|Q13206|DDX10_HUMAN,7,/core/www/modules/match_peptides/blast_html4.php?run_id=110202&search_id=114132&scans_id=110198&peptide_id=5421&scanf=14290&charge=3&value=7,K.KPEWQVER.E,/core/www/modules/show_out/show_out_wrapper.php?run_id=110202&search_id=114132&scans_id=110198&peptide_id=5421&scanf=14290&charge=3&value=K.KPEWQVER.E,DDX10,8.213e+6,2.025,0.099,1.005,0.005
14293,3,"  4.856","  0.538",19/44,/core/www/modules//sdig/index.php?run_id=110202&search_id=114132&scans_id=110198&peptide_id=5424&scanf=14293&charge=3&value=19/44,sp|Q14980|NUMA1_HUMAN,/core/www/modules//consensus/?run_id=110202&search_id=114132&scans_id=110198&peptide_id=5424&scanf=14293&charge=3&value=sp|Q14980|NUMA1_HUMAN,2,/core/www/modules/match_peptides/blast_html4.php?run_id=110202&search_id=114132&scans_id=110198&peptide_id=5424&scanf=14293&charge=3&value=2,K.KQQNQELQEQLR.S,/core/www/modules/show_out/show_out_wrapper.php?run_id=110202&search_id=114132&scans_id=110198&peptide_id=5424&scanf=14293&charge=3&value=K.KQQNQELQEQLR.S,NUMA1,7.126e+6,3.542,0.001,3.210,0.000
14295,2,"  2.853","  0.210",12/14,/core/www/modules//sdig/index.php?run_id=110202&search_id=114132&scans_id=110198&peptide_id=5426&scanf=14295&charge=2&value=12/14,sp|Q8WYH8|ING5_HUMAN,/core/www/modules//consensus/?run_id=110202&search_id=114132&scans_id=110198&peptide_id=5426&scanf=14295&charge=2&value=sp|Q8WYH8|ING5_HUMAN,2,/core/www/modules/match_peptides/blast_html4.php?run_id=110202&search_id=114132&scans_id=110198&peptide_id=5426&scanf=14295&charge=2&value=2,R.RLDADLAR.F,/core/www/modules/show_out/show_out_wrapper.php?run_id=110202&search_id=114132&scans_id=110198&peptide_id=5426&scanf=14295&charge=2&value=R.RLDADLAR.F,ING5,4.530e+6,2.476,0.023,1.639,0.001
14298,3,"  7.281","  0.743",15/92,/core/www/modules//sdig/index.php?run_id=110202&search_id=114132&scans_id=110198&peptide_id=5429&scanf=14298&charge=3&value=15/92,sp|P35637|FUS_HUMAN,/core/www/modules//consensus/?run_id=110202&search_id=114132&scans_id=110198&peptide_id=5429&scanf=14298&charge=3&value=sp|P35637|FUS_HUMAN,1,/core/www/modules/match_peptides/blast_html4.php?run_id=110202&search_id=114132&scans_id=110198&peptide_id=5429&scanf=14298&charge=3&value=1,K.APKPDGPGGGPGGSHM*GGNYGDDR.R,/core/www/modules/show_out/show_out_wrapper.php?run_id=110202&search_id=114132&scans_id=110198&peptide_id=5429&scanf=14298&charge=3&value=K.APKPDGPGGGPGGSHM*GGNYGDDR.R,FUS,5.470e+6,3.679,0.000,3.413,0.000
14306,2,"  2.130","  0.339",9/14,/core/www/modules//sdig/index.php?run_id=110202&search_id=114132&scans_id=110198&peptide_id=5437&scanf=14306&charge=2&value=9/14,sp|Q15008|PSMD6_HUMAN,/core/www/modules//consensus/?run_id=110202&search_id=114132&scans_id=110198&peptide_id=5437&scanf=14306&charge=2&value=sp|Q15008|PSMD6_HUMAN,2,/core/www/modules/match_peptides/blast_html4.php?run_id=110202&search_id=114132&scans_id=110198&peptide_id=5437&scanf=14306&charge=2&value=2,K.NLGESEIR.D,/core/www/modules/show_out/show_out_wrapper.php?run_id=110202&search_id=114132&scans_id=110198&peptide_id=5437&scanf=14306&charge=2&value=K.NLGESEIR.D,PSMD6,1.124e+7,2.767,0.009,2.064,0.000
14309,2,"  2.291","  0.525",10/18,/core/www/modules//sdig/index.php?run_id=110202&search_id=114132&scans_id=110198&peptide_id=5440&scanf=14309&charge=2&value=10/18,sp|Q14204|DYHC1_HUMAN,/core/www/modules//consensus/?run_id=110202&search_id=114132&scans_id=110198&peptide_id=5440&scanf=14309&charge=2&value=sp|Q14204|DYHC1_HUMAN,17,/core/www/modules/match_peptides/blast_html4.php?run_id=110202&search_id=114132&scans_id=110198&peptide_id=5440&scanf=14309&charge=2&value=17,R.TEYLSNADER.L,/core/www/modules/show_out/show_out_wrapper.php?run_id=110202&search_id=114132&scans_id=110198&peptide_id=5440&scanf=14309&charge=2&value=R.TEYLSNADER.L,DYNC1H1,4.208e+6,3.494,0.001,3.139,0.000
14311,2,"  1.458","  0.134",7/14,/core/www/modules//sdig/index.php?run_id=110202&search_id=114132&scans_id=110198&peptide_id=5443&scanf=14311&charge=2&value=7/14,sp|P11388|TOP2A_HUMAN,/core/www/modules//consensus/?run_id=110202&search_id=114132&scans_id=110198&peptide_id=5443&scanf=14311&charge=2&value=sp|P11388|TOP2A_HUMAN,6,/core/www/modules/match_peptides/blast_html4.php?run_id=110202&search_id=114132&scans_id=110198&peptide_id=5443&scanf=14311&charge=2&value=6,K.GIPVVEHK.V,/core/www/modules/show_out/show_out_wrapper.php?run_id=110202&search_id=114132&scans_id=110198&peptide_id=5443&scanf=14311&charge=2&value=K.GIPVVEHK.V,TOP2A,1.299e+7,2.081,0.083,1.081,0.003
14321,2,"  3.995","  0.650",15/24,/core/www/modules//sdig/index.php?run_id=110202&search_id=114132&scans_id=110198&peptide_id=5454&scanf=14321&charge=2&value=15/24,sp|Q9Y265|RUVB1_HUMAN,/core/www/modules//consensus/?run_id=110202&search_id=114132&scans_id=110198&peptide_id=5454&scanf=14321&charge=2&value=sp|Q9Y265|RUVB1_HUMAN,0,/core/www/modules/match_peptides/blast_html4.php?run_id=110202&search_id=114132&scans_id=110198&peptide_id=5454&scanf=14321&charge=2&value=0,K.QAASGLVGQENAR.E,/core/www/modules/show_out/show_out_wrapper.php?run_id=110202&search_id=114132&scans_id=110198&peptide_id=5454&scanf=14321&charge=2&value=K.QAASGLVGQENAR.E,RUVBL1,1.574e+7,3.798,0.000,3.590,0.000
14327,2,"  2.367","  0.133",9/16,/core/www/modules//sdig/index.php?run_id=110202&search_id=114132&scans_id=110198&peptide_id=5459&scanf=14327&charge=2&value=9/16,sp|Q9UBU9|NXF1_HUMAN,/core/www/modules//consensus/?run_id=110202&search_id=114132&scans_id=110198&peptide_id=5459&scanf=14327&charge=2&value=sp|Q9UBU9|NXF1_HUMAN,1,/core/www/modules/match_peptides/blast_html4.php?run_id=110202&search_id=114132&scans_id=110198&peptide_id=5459&scanf=14327&charge=2&value=1,R.SAQAFTHLK.A,/core/www/modules/show_out/show_out_wrapper.php?run_id=110202&search_id=114132&scans_id=110198&peptide_id=5459&scanf=14327&charge=2&value=R.SAQAFTHLK.A,NXF1,1.472e+7,1.825,0.178,0.749,0.010
14330,2,"  2.011","  0.235",9/14,/core/www/modules//sdig/index.php?run_id=110202&search_id=114132&scans_id=110198&peptide_id=5463&scanf=14330&charge=2&value=9/14,sp|P19338|NUCL_HUMAN,/core/www/modules//consensus/?run_id=110202&search_id=114132&scans_id=110198&peptide_id=5463&scanf=14330&charge=2&value=sp|P19338|NUCL_HUMAN,10,/core/www/modules/match_peptides/blast_html4.php?run_id=110202&search_id=114132&scans_id=110198&peptide_id=5463&scanf=14330&charge=2&value=10,K.ALVATPGK.K,/core/www/modules/show_out/show_out_wrapper.php?run_id=110202&search_id=114132&scans_id=110198&peptide_id=5463&scanf=14330&charge=2&value=K.ALVATPGK.K,NCL,8.458e+7,2.701,0.011,1.967,0.000
14335,2,"  1.578","  0.373",8/16,/core/www/modules//sdig/index.php?run_id=110202&search_id=114132&scans_id=110198&peptide_id=5468&scanf=14335&charge=2&value=8/16,sp|Q9H147|TDIF1_HUMAN,/core/www/modules//consensus/?run_id=110202&search_id=114132&scans_id=110198&peptide_id=5468&scanf=14335&charge=2&value=sp|Q9H147|TDIF1_HUMAN,2,/core/www/modules/match_peptides/blast_html4.php?run_id=110202&search_id=114132&scans_id=110198&peptide_id=5468&scanf=14335&charge=2&value=2,R.DLAASDDYR.G,/core/www/modules/show_out/show_out_wrapper.php?run_id=110202&search_id=114132&scans_id=110198&peptide_id=5468&scanf=14335&charge=2&value=R.DLAASDDYR.G,DNTTIP1,3.439e+6,2.379,0.032,1.499,0.001
14342,2,"  1.839","  0.271",9/16,/core/www/modules//sdig/index.php?run_id=110202&search_id=114132&scans_id=110198&peptide_id=5476&scanf=14342&charge=2&value=9/16,sp|Q92973|TNPO1_HUMAN,/core/www/modules//consensus/?run_id=110202&search_id=114132&scans_id=110198&peptide_id=5476&scanf=14342&charge=2&value=sp|Q92973|TNPO1_HUMAN,2,/core/www/modules/match_peptides/blast_html4.php?run_id=110202&search_id=114132&scans_id=110198&peptide_id=5476&scanf=14342&charge=2&value=2,K.NQVGDENWR.R,/core/www/modules/show_out/show_out_wrapper.php?run_id=110202&search_id=114132&scans_id=110198&peptide_id=5476&scanf=14342&charge=2&value=K.NQVGDENWR.R,TNPO1,4.097e+6,2.480,0.023,1.645,0.001
14343,2,"  3.241","  0.626",17/26,/core/www/modules//sdig/index.php?run_id=110202&search_id=114132&scans_id=110198&peptide_id=5477&scanf=14343&charge=2&value=17/26,sp|Q14151|SAFB2_HUMAN,/core/www/modules//consensus/?run_id=110202&search_id=114132&scans_id=110198&peptide_id=5477&scanf=14343&charge=2&value=sp|Q14151|SAFB2_HUMAN,0,/core/www/modules/match_peptides/blast_html4.php?run_id=110202&search_id=114132&scans_id=110198&peptide_id=5477&scanf=14343&charge=2&value=0,R.GLSGPSGPGHMASR.G,/core/www/modules/show_out/show_out_wrapper.php?run_id=110202&search_id=114132&scans_id=110198&peptide_id=5477&scanf=14343&charge=2&value=R.GLSGPSGPGHMASR.G,SAFB2,5.501e+6,3.734,0.000,3.495,0.000
14346,2,"  3.209","  0.608",12/22,/core/www/modules//sdig/index.php?run_id=110202&search_id=114132&scans_id=110198&peptide_id=5480&scanf=14346&charge=2&value=12/22,sp|Q14103|HNRPD_HUMAN,/core/www/modules//consensus/?run_id=110202&search_id=114132&scans_id=110198&peptide_id=5480&scanf=14346&charge=2&value=sp|Q14103|HNRPD_HUMAN,2,/core/www/modules/match_peptides/blast_html4.php?run_id=110202&search_id=114132&scans_id=110198&peptide_id=5480&scanf=14346&charge=2&value=2,K.EQYQQQQQWGSR.G,/core/www/modules/show_out/show_out_wrapper.php?run_id=110202&search_id=114132&scans_id=110198&peptide_id=5480&scanf=14346&charge=2&value=K.EQYQQQQQWGSR.G,HNRNPD,2.329e+6,3.484,0.001,3.124,0.000
14348,3,"  3.120","  0.474",14/40,/core/www/modules//sdig/index.php?run_id=110202&search_id=114132&scans_id=110198&peptide_id=5481&scanf=14348&charge=3&value=14/40,sp|P60709|ACTB_HUMAN,/core/www/modules//consensus/?run_id=110202&search_id=114132&scans_id=110198&peptide_id=5481&scanf=14348&charge=3&value=sp|P60709|ACTB_HUMAN,26,/core/www/modules/match_peptides/blast_html4.php?run_id=110202&search_id=114132&scans_id=110198&peptide_id=5481&scanf=14348&charge=3&value=26,R.HQGVM*VGM*GQK.D,/core/www/modules/show_out/show_out_wrapper.php?run_id=110202&search_id=114132&scans_id=110198&peptide_id=5481&scanf=14348&charge=3&value=R.HQGVM*VGM*GQK.D,ACTB,1.497e+8,3.803,0.000,3.598,0.000
14350,3,"  3.961","  0.319",16/48,/core/www/modules//sdig/index.php?run_id=110202&search_id=114132&scans_id=110198&peptide_id=5484&scanf=14350&charge=3&value=16/48,sp|Q15008|PSMD6_HUMAN,/core/www/modules//consensus/?run_id=110202&search_id=114132&scans_id=110198&peptide_id=5484&scanf=14350&charge=3&value=sp|Q15008|PSMD6_HUMAN,0,/core/www/modules/match_peptides/blast_html4.php?run_id=110202&search_id=114132&scans_id=110198&peptide_id=5484&scanf=14350&charge=3&value=0,K.VNEIVETNRPDSK.N,/core/www/modules/show_out/show_out_wrapper.php?run_id=110202&search_id=114132&scans_id=110198&peptide_id=5484&scanf=14350&charge=3&value=K.VNEIVETNRPDSK.N,PSMD6,7.303e+6,2.710,0.010,1.981,0.000
14358,3,"  6.171","  0.717",22/112,/core/www/modules//sdig/index.php?run_id=110202&search_id=114132&scans_id=110198&peptide_id=5492&scanf=14358&charge=3&value=22/112,sp|P67809|YBOX1_HUMAN,/core/www/modules//consensus/?run_id=110202&search_id=114132&scans_id=110198&peptide_id=5492&scanf=14358&charge=3&value=sp|P67809|YBOX1_HUMAN,2,/core/www/modules/match_peptides/blast_html4.php?run_id=110202&search_id=114132&scans_id=110198&peptide_id=5492&scanf=14358&charge=3&value=2,R.NYQQNYQNSESGEKNEGSESAPEGQAQQR.R,/core/www/modules/show_out/show_out_wrapper.php?run_id=110202&search_id=114132&scans_id=110198&peptide_id=5492&scanf=14358&charge=3&value=R.NYQQNYQNSESGEKNEGSESAPEGQAQQR.R,YBX1,1.865e+6,3.088,0.003,2.538,0.000
14360,3,"  3.557","  0.350",12/40,/core/www/modules//sdig/index.php?run_id=110202&search_id=114132&scans_id=110198&peptide_id=5495&scanf=14360&charge=3&value=12/40,sp|Q9P0U4|CXXC1_HUMAN,/core/www/modules//consensus/?run_id=110202&search_id=114132&scans_id=110198&peptide_id=5495&scanf=14360&charge=3&value=sp|Q9P0U4|CXXC1_HUMAN,4,/core/www/modules/match_peptides/blast_html4.php?run_id=110202&search_id=114132&scans_id=110198&peptide_id=5495&scanf=14360&charge=3&value=4,R.KRPVPDPDLQR.R,/core/www/modules/show_out/show_out_wrapper.php?run_id=110202&search_id=114132&scans_id=110198&peptide_id=5495&scanf=14360&charge=3&value=R.KRPVPDPDLQR.R,CXXC1,2.283e+6,2.445,0.025,1.594,0.001
14361,2,"  2.463","  0.253",12/20,/core/www/modules//sdig/index.php?run_id=110202&search_id=114132&scans_id=110198&peptide_id=5496&scanf=14361&charge=2&value=12/20,sp|Q96GQ7|DDX27_HUMAN,/core/www/modules//consensus/?run_id=110202&search_id=114132&scans_id=110198&peptide_id=5496&scanf=14361&charge=2&value=sp|Q96GQ7|DDX27_HUMAN,1,/core/www/modules/match_peptides/blast_html4.php?run_id=110202&search_id=114132&scans_id=110198&peptide_id=5496&scanf=14361&charge=2&value=1,R.SVSLVGEDERK.M,/core/www/modules/show_out/show_out_wrapper.php?run_id=110202&search_id=114132&scans_id=110198&peptide_id=5496&scanf=14361&charge=2&value=R.SVSLVGEDERK.M,DDX27,4.328e+6,2.186,0.059,1.226,0.002
14370,2,"  1.994","  0.373",9/16,/core/www/modules//sdig/index.php?run_id=110202&search_id=114132&scans_id=110198&peptide_id=5505&scanf=14370&charge=2&value=9/16,sp|Q6P2Q9|PRP8_HUMAN,/core/www/modules//consensus/?run_id=110202&search_id=114132&scans_id=110198&peptide_id=5505&scanf=14370&charge=2&value=sp|Q6P2Q9|PRP8_HUMAN,1,/core/www/modules/match_peptides/blast_html4.php?run_id=110202&search_id=114132&scans_id=110198&peptide_id=5505&scanf=14370&charge=2&value=1,K.ASGFEESMK.W,/core/www/modules/show_out/show_out_wrapper.php?run_id=110202&search_id=114132&scans_id=110198&peptide_id=5505&scanf=14370&charge=2&value=K.ASGFEESMK.W,PRPF8,1.115e+7,2.994,0.004,2.399,0.000
14371,3,"  3.676","  0.684",15/92,/core/www/modules//sdig/index.php?run_id=110202&search_id=114132&scans_id=110198&peptide_id=5506&scanf=14371&charge=3&value=15/92,sp|P35637|FUS_HUMAN,/core/www/modules//consensus/?run_id=110202&search_id=114132&scans_id=110198&peptide_id=5506&scanf=14371&charge=3&value=sp|P35637|FUS_HUMAN,1,/core/www/modules/match_peptides/blast_html4.php?run_id=110202&search_id=114132&scans_id=110198&peptide_id=5506&scanf=14371&charge=3&value=1,K.APKPDGPGGGPGGSHM*GGNYGDDR.R,/core/www/modules/show_out/show_out_wrapper.php?run_id=110202&search_id=114132&scans_id=110198&peptide_id=5506&scanf=14371&charge=3&value=K.APKPDGPGGGPGGSHM*GGNYGDDR.R,FUS,5.470e+6,3.237,0.002,2.758,0.000
14372,2,"  1.085","  0.332",7/14,/core/www/modules//sdig/index.php?run_id=110202&search_id=114132&scans_id=110198&peptide_id=5507&scanf=14372&charge=2&value=7/14,sp|Q9NZI8|IF2B1_HUMAN,/core/www/modules//consensus/?run_id=110202&search_id=114132&scans_id=110198&peptide_id=5507&scanf=14372&charge=2&value=sp|Q9NZI8|IF2B1_HUMAN,0,/core/www/modules/match_peptides/blast_html4.php?run_id=110202&search_id=114132&scans_id=110198&peptide_id=5507&scanf=14372&charge=2&value=0,K.AIETFSGK.V,/core/www/modules/show_out/show_out_wrapper.php?run_id=110202&search_id=114132&scans_id=110198&peptide_id=5507&scanf=14372&charge=2&value=K.AIETFSGK.V,IGF2BP1,8.286e+7,2.586,0.016,1.799,0.000
14373,2,"  1.921","  0.517",9/14,/core/www/modules//sdig/index.php?run_id=110202&search_id=114132&scans_id=110198&peptide_id=5508&scanf=14373&charge=2&value=9/14,sp|O00303|EIF3F_HUMAN,/core/www/modules//consensus/?run_id=110202&search_id=114132&scans_id=110198&peptide_id=5508&scanf=14373&charge=2&value=sp|O00303|EIF3F_HUMAN,1,/core/www/modules/match_peptides/blast_html4.php?run_id=110202&search_id=114132&scans_id=110198&peptide_id=5508&scanf=14373&charge=2&value=1,K.YAYYDTER.I,/core/www/modules/show_out/show_out_wrapper.php?run_id=110202&search_id=114132&scans_id=110198&peptide_id=5508&scanf=14373&charge=2&value=K.YAYYDTER.I,EIF3F,3.297e+6,3.403,0.001,3.005,0.000
14379,2,"  2.710","  0.366",13/22,/core/www/modules//sdig/index.php?run_id=110202&search_id=114132&scans_id=110198&peptide_id=5514&scanf=14379&charge=2&value=13/22,sp|Q15233|NONO_HUMAN,/core/www/modules//consensus/?run_id=110202&search_id=114132&scans_id=110198&peptide_id=5514&scanf=14379&charge=2&value=sp|Q15233|NONO_HUMAN,4,/core/www/modules/match_peptides/blast_html4.php?run_id=110202&search_id=114132&scans_id=110198&peptide_id=5514&scanf=14379&charge=2&value=4,R.AAPGAEFAPNKR.R,/core/www/modules/show_out/show_out_wrapper.php?run_id=110202&search_id=114132&scans_id=110198&peptide_id=5514&scanf=14379&charge=2&value=R.AAPGAEFAPNKR.R,NONO,1.600e+7,2.534,0.019,1.723,0.000
14390,2,"  2.911","  0.696",14/20,/core/www/modules//sdig/index.php?run_id=110202&search_id=114132&scans_id=110198&peptide_id=5525&scanf=14390&charge=2&value=14/20,sp|P31946|1433B_HUMAN,/core/www/modules//consensus/?run_id=110202&search_id=114132&scans_id=110198&peptide_id=5525&scanf=14390&charge=2&value=sp|P31946|1433B_HUMAN,0,/core/www/modules/match_peptides/blast_html4.php?run_id=110202&search_id=114132&scans_id=110198&peptide_id=5525&scanf=14390&charge=2&value=0,R.YLSEVASGDNK.Q,/core/www/modules/show_out/show_out_wrapper.php?run_id=110202&search_id=114132&scans_id=110198&peptide_id=5525&scanf=14390&charge=2&value=R.YLSEVASGDNK.Q,YWHAB,1.870e+7,4.026,0.000,3.929,0.000
14392,3,"  2.934","  0.367",19/56,/core/www/modules//sdig/index.php?run_id=110202&search_id=114132&scans_id=110198&peptide_id=5527&scanf=14392&charge=3&value=19/56,sp|Q14839|CHD4_HUMAN,/core/www/modules//consensus/?run_id=110202&search_id=114132&scans_id=110198&peptide_id=5527&scanf=14392&charge=3&value=sp|Q14839|CHD4_HUMAN,16,/core/www/modules/match_peptides/blast_html4.php?run_id=110202&search_id=114132&scans_id=110198&peptide_id=5527&scanf=14392&charge=3&value=16,K.ESMAGNKPANAVLHK.V,/core/www/modules/show_out/show_out_wrapper.php?run_id=110202&search_id=114132&scans_id=110198&peptide_id=5527&scanf=14392&charge=3&value=K.ESMAGNKPANAVLHK.V,CHD4,1.671e+7,2.889,0.006,2.244,0.000
14393,3,"  2.730","  0.337",13/44,/core/www/modules//sdig/index.php?run_id=110202&search_id=114132&scans_id=110198&peptide_id=5528&scanf=14393&charge=3&value=13/44,sp|P62841|RS15_HUMAN,/core/www/modules//consensus/?run_id=110202&search_id=114132&scans_id=110198&peptide_id=5528&scanf=14393&charge=3&value=sp|P62841|RS15_HUMAN,7,/core/www/modules/match_peptides/blast_html4.php?run_id=110202&search_id=114132&scans_id=110198&peptide_id=5528&scanf=14393&charge=3&value=7,K.EAPPM*EKPEVVK.T,/core/www/modules/show_out/show_out_wrapper.php?run_id=110202&search_id=114132&scans_id=110198&peptide_id=5528&scanf=14393&charge=3&value=K.EAPPM*EKPEVVK.T,RPS15,7.269e+7,2.658,0.012,1.905,0.000
14396,3,"  3.432","  0.551",13/36,/core/www/modules//sdig/index.php?run_id=110202&search_id=114132&scans_id=110198&peptide_id=5531&scanf=14396&charge=3&value=13/36,sp|O00571|DDX3X_HUMAN,/core/www/modules//consensus/?run_id=110202&search_id=114132&scans_id=110198&peptide_id=5531&scanf=14396&charge=3&value=sp|O00571|DDX3X_HUMAN,18,/core/www/modules/match_peptides/blast_html4.php?run_id=110202&search_id=114132&scans_id=110198&peptide_id=5531&scanf=14396&charge=3&value=18,R.DREEALHQFR.S,/core/www/modules/show_out/show_out_wrapper.php?run_id=110202&search_id=114132&scans_id=110198&peptide_id=5531&scanf=14396&charge=3&value=R.DREEALHQFR.S,DDX3X,6.325e+7,3.396,0.001,2.994,0.000
14400,2,"  2.087","  0.458",10/16,/core/www/modules//sdig/index.php?run_id=110202&search_id=114132&scans_id=110198&peptide_id=5536&scanf=14400&charge=2&value=10/16,sp|Q06830|PRDX1_HUMAN,/core/www/modules//consensus/?run_id=110202&search_id=114132&scans_id=110198&peptide_id=5536&scanf=14400&charge=2&value=sp|Q06830|PRDX1_HUMAN,2,/core/www/modules/match_peptides/blast_html4.php?run_id=110202&search_id=114132&scans_id=110198&peptide_id=5536&scanf=14400&charge=2&value=2,K.IGHPAPNFK.A,/core/www/modules/show_out/show_out_wrapper.php?run_id=110202&search_id=114132&scans_id=110198&peptide_id=5536&scanf=14400&charge=2&value=K.IGHPAPNFK.A,PRDX1,1.008e+7,3.153,0.002,2.634,0.000
14402,2,"  2.826","  0.534",11/20,/core/www/modules//sdig/index.php?run_id=110202&search_id=114132&scans_id=110198&peptide_id=5538&scanf=14402&charge=2&value=11/20,sp|Q8NE71|ABCF1_HUMAN,/core/www/modules//consensus/?run_id=110202&search_id=114132&scans_id=110198&peptide_id=5538&scanf=14402&charge=2&value=sp|Q8NE71|ABCF1_HUMAN,3,/core/www/modules/match_peptides/blast_html4.php?run_id=110202&search_id=114132&scans_id=110198&peptide_id=5538&scanf=14402&charge=2&value=3,K.AVSEEQQPALK.G,/core/www/modules/show_out/show_out_wrapper.php?run_id=110202&search_id=114132&scans_id=110198&peptide_id=5538&scanf=14402&charge=2&value=K.AVSEEQQPALK.G,ABCF1,1.249e+7,3.307,0.001,2.863,0.000
14409,2,"  2.710","  0.354",10/16,/core/www/modules//sdig/index.php?run_id=110202&search_id=114132&scans_id=110198&peptide_id=5545&scanf=14409&charge=2&value=10/16,sp|Q9H307|PININ_HUMAN,/core/www/modules//consensus/?run_id=110202&search_id=114132&scans_id=110198&peptide_id=5545&scanf=14409&charge=2&value=sp|Q9H307|PININ_HUMAN,0,/core/www/modules/match_peptides/blast_html4.php?run_id=110202&search_id=114132&scans_id=110198&peptide_id=5545&scanf=14409&charge=2&value=0,K.LEVQAEEER.K,/core/www/modules/show_out/show_out_wrapper.php?run_id=110202&search_id=114132&scans_id=110198&peptide_id=5545&scanf=14409&charge=2&value=K.LEVQAEEER.K,PNN,3.921e+7,2.891,0.006,2.247,0.000
14411,2,"  1.326","  0.113",5/12,/core/www/modules//sdig/index.php?run_id=110202&search_id=114132&scans_id=110198&peptide_id=5547&scanf=14411&charge=2&value=5/12,sp|P07900|HS90A_HUMAN,/core/www/modules//consensus/?run_id=110202&search_id=114132&scans_id=110198&peptide_id=5547&scanf=14411&charge=2&value=sp|P07900|HS90A_HUMAN,4,/core/www/modules/match_peptides/blast_html4.php?run_id=110202&search_id=114132&scans_id=110198&peptide_id=5547&scanf=14411&charge=2&value=4,K.TKPIWTR.N,/core/www/modules/show_out/show_out_wrapper.php?run_id=110202&search_id=114132&scans_id=110198&peptide_id=5547&scanf=14411&charge=2&value=K.TKPIWTR.N,HSP90AA1,7.984e+7,1.993,0.109,0.963,0.005
14413,3,"  1.957","  0.473",12/36,/core/www/modules//sdig/index.php?run_id=110202&search_id=114132&scans_id=110198&peptide_id=5549&scanf=14413&charge=3&value=12/36,sp|P78527|PRKDC_HUMAN,/core/www/modules//consensus/?run_id=110202&search_id=114132&scans_id=110198&peptide_id=5549&scanf=14413&charge=3&value=sp|P78527|PRKDC_HUMAN,1,/core/www/modules/match_peptides/blast_html4.php?run_id=110202&search_id=114132&scans_id=110198&peptide_id=5549&scanf=14413&charge=3&value=1,R.GKPLPEYHVR.I,/core/www/modules/show_out/show_out_wrapper.php?run_id=110202&search_id=114132&scans_id=110198&peptide_id=5549&scanf=14413&charge=3&value=R.GKPLPEYHVR.I,PRKDC,1.137e+8,4.028,0.000,3.932,0.000
14415,2,"  2.152","  0.226",9/14,/core/www/modules//sdig/index.php?run_id=110202&search_id=114132&scans_id=110198&peptide_id=5551&scanf=14415&charge=2&value=9/14,sp|P62917|RL8_HUMAN,/core/www/modules//consensus/?run_id=110202&search_id=114132&scans_id=110198&peptide_id=5551&scanf=14415&charge=2&value=sp|P62917|RL8_HUMAN,2,/core/www/modules/match_peptides/blast_html4.php?run_id=110202&search_id=114132&scans_id=110198&peptide_id=5551&scanf=14415&charge=2&value=2,R.KVGLIAAR.R,/core/www/modules/show_out/show_out_wrapper.php?run_id=110202&search_id=114132&scans_id=110198&peptide_id=5551&scanf=14415&charge=2&value=R.KVGLIAAR.R,RPL8,7.856e+7,2.217,0.054,1.269,0.002
14416,3,"  3.664","  0.536",14/40,/core/www/modules//sdig/index.php?run_id=110202&search_id=114132&scans_id=110198&peptide_id=5552&scanf=14416&charge=3&value=14/40,sp|Q14683|SMC1A_HUMAN,/core/www/modules//consensus/?run_id=110202&search_id=114132&scans_id=110198&peptide_id=5552&scanf=14416&charge=3&value=sp|Q14683|SMC1A_HUMAN,1,/core/www/modules/match_peptides/blast_html4.php?run_id=110202&search_id=114132&scans_id=110198&peptide_id=5552&scanf=14416&charge=3&value=1,K.AEEDTQFNYHR.K,/core/www/modules/show_out/show_out_wrapper.php?run_id=110202&search_id=114132&scans_id=110198&peptide_id=5552&scanf=14416&charge=3&value=K.AEEDTQFNYHR.K,SMC1A,1.425e+7,3.576,0.001,3.261,0.000
14417,2,"  1.982","  0.354",9/16,/core/www/modules//sdig/index.php?run_id=110202&search_id=114132&scans_id=110198&peptide_id=5553&scanf=14417&charge=2&value=9/16,sp|Q9NYF8|BCLF1_HUMAN,/core/www/modules//consensus/?run_id=110202&search_id=114132&scans_id=110198&peptide_id=5553&scanf=14417&charge=2&value=sp|Q9NYF8|BCLF1_HUMAN,5,/core/www/modules/match_peptides/blast_html4.php?run_id=110202&search_id=114132&scans_id=110198&peptide_id=5553&scanf=14417&charge=2&value=5,K.SAAMTLNER.F,/core/www/modules/show_out/show_out_wrapper.php?run_id=110202&search_id=114132&scans_id=110198&peptide_id=5553&scanf=14417&charge=2&value=K.SAAMTLNER.F,BCLAF1,5.190e+6,2.768,0.009,2.066,0.000
14419,2,"  2.928","  0.562",12/20,/core/www/modules//sdig/index.php?run_id=110202&search_id=114132&scans_id=110198&peptide_id=5555&scanf=14419&charge=2&value=12/20,sp|Q9UJV9|DDX41_HUMAN,/core/www/modules//consensus/?run_id=110202&search_id=114132&scans_id=110198&peptide_id=5555&scanf=14419&charge=2&value=sp|Q9UJV9|DDX41_HUMAN,0,/core/www/modules/match_peptides/blast_html4.php?run_id=110202&search_id=114132&scans_id=110198&peptide_id=5555&scanf=14419&charge=2&value=0,K.GVEAVAIHGGK.D,/core/www/modules/show_out/show_out_wrapper.php?run_id=110202&search_id=114132&scans_id=110198&peptide_id=5555&scanf=14419&charge=2&value=K.GVEAVAIHGGK.D,DDX41,6.194e+6,3.479,0.001,3.117,0.000
14424,2,"  2.468","  0.478",11/24,/core/www/modules//sdig/index.php?run_id=110202&search_id=114132&scans_id=110198&peptide_id=5561&scanf=14424&charge=2&value=11/24,sp|Q5C9Z4|NOM1_HUMAN,/core/www/modules//consensus/?run_id=110202&search_id=114132&scans_id=110198&peptide_id=5561&scanf=14424&charge=2&value=sp|Q5C9Z4|NOM1_HUMAN,0,/core/www/modules/match_peptides/blast_html4.php?run_id=110202&search_id=114132&scans_id=110198&peptide_id=5561&scanf=14424&charge=2&value=0,R.TAGPEQGPGLGGR.S,/core/www/modules/show_out/show_out_wrapper.php?run_id=110202&search_id=114132&scans_id=110198&peptide_id=5561&scanf=14424&charge=2&value=R.TAGPEQGPGLGGR.S,NOM1,7.251e+6,2.785,0.008,2.091,0.000
14427,4,"  5.771","  0.674",25/114,/core/www/modules//sdig/index.php?run_id=110202&search_id=114132&scans_id=110198&peptide_id=5564&scanf=14427&charge=4&value=25/114,sp|Q13895|BYST_HUMAN,/core/www/modules//consensus/?run_id=110202&search_id=114132&scans_id=110198&peptide_id=5564&scanf=14427&charge=4&value=sp|Q13895|BYST_HUMAN,1,/core/www/modules/match_peptides/blast_html4.php?run_id=110202&search_id=114132&scans_id=110198&peptide_id=5564&scanf=14427&charge=4&value=1,R.QQQEELEAEHGTGDKPAAPR.E,/core/www/modules/show_out/show_out_wrapper.php?run_id=110202&search_id=114132&scans_id=110198&peptide_id=5564&scanf=14427&charge=4&value=R.QQQEELEAEHGTGDKPAAPR.E,BYSL,9.191e+6,4.051,0.000,3.965,0.000
14428,2,"  2.665","  0.529",12/26,/core/www/modules//sdig/index.php?run_id=110202&search_id=114132&scans_id=110198&peptide_id=5565&scanf=14428&charge=2&value=12/26,sp|Q9NTI5|PDS5B_HUMAN,/core/www/modules//consensus/?run_id=110202&search_id=114132&scans_id=110198&peptide_id=5565&scanf=14428&charge=2&value=sp|Q9NTI5|PDS5B_HUMAN,1,/core/www/modules/match_peptides/blast_html4.php?run_id=110202&search_id=114132&scans_id=110198&peptide_id=5565&scanf=14428&charge=2&value=1,K.SGPPAPEEEEEEER.Q,/core/www/modules/show_out/show_out_wrapper.php?run_id=110202&search_id=114132&scans_id=110198&peptide_id=5565&scanf=14428&charge=2&value=K.SGPPAPEEEEEEER.Q,PDS5B,2.090e+6,3.112,0.003,2.573,0.000
14435,2,"  2.814","  0.321",11/20,/core/www/modules//sdig/index.php?run_id=110202&search_id=114132&scans_id=110198&peptide_id=5572&scanf=14435&charge=2&value=11/20,sp|Q96GQ7|DDX27_HUMAN,/core/www/modules//consensus/?run_id=110202&search_id=114132&scans_id=110198&peptide_id=5572&scanf=14435&charge=2&value=sp|Q96GQ7|DDX27_HUMAN,1,/core/www/modules/match_peptides/blast_html4.php?run_id=110202&search_id=114132&scans_id=110198&peptide_id=5572&scanf=14435&charge=2&value=1,R.SVSLVGEDERK.M,/core/www/modules/show_out/show_out_wrapper.php?run_id=110202&search_id=114132&scans_id=110198&peptide_id=5572&scanf=14435&charge=2&value=R.SVSLVGEDERK.M,DDX27,4.328e+6,2.313,0.039,1.405,0.001
14437,2,"  3.337","  0.520",13/22,/core/www/modules//sdig/index.php?run_id=110202&search_id=114132&scans_id=110198&peptide_id=5574&scanf=14437&charge=2&value=13/22,sp|Q14980|NUMA1_HUMAN,/core/www/modules//consensus/?run_id=110202&search_id=114132&scans_id=110198&peptide_id=5574&scanf=14437&charge=2&value=sp|Q14980|NUMA1_HUMAN,1,/core/www/modules/match_peptides/blast_html4.php?run_id=110202&search_id=114132&scans_id=110198&peptide_id=5574&scanf=14437&charge=2&value=1,R.LLQAETASNSAR.A,/core/www/modules/show_out/show_out_wrapper.php?run_id=110202&search_id=114132&scans_id=110198&peptide_id=5574&scanf=14437&charge=2&value=R.LLQAETASNSAR.A,NUMA1,1.822e+7,3.499,0.001,3.146,0.000
14439,3,"  5.373","  0.566",18/52,/core/www/modules//sdig/index.php?run_id=110202&search_id=114132&scans_id=110198&peptide_id=5576&scanf=14439&charge=3&value=18/52,sp|P82930|RT34_HUMAN,/core/www/modules//consensus/?run_id=110202&search_id=114132&scans_id=110198&peptide_id=5576&scanf=14439&charge=3&value=sp|P82930|RT34_HUMAN,1,/core/www/modules/match_peptides/blast_html4.php?run_id=110202&search_id=114132&scans_id=110198&peptide_id=5576&scanf=14439&charge=3&value=1,R.VRPDYTAQNLDHGK.A,/core/www/modules/show_out/show_out_wrapper.php?run_id=110202&search_id=114132&scans_id=110198&peptide_id=5576&scanf=14439&charge=3&value=R.VRPDYTAQNLDHGK.A,MRPS34,3.547e+6,3.577,0.001,3.262,0.000
14444,2,"  1.911","  0.151",8/14,/core/www/modules//sdig/index.php?run_id=110202&search_id=114132&scans_id=110198&peptide_id=5582&scanf=14444&charge=2&value=8/14,sp|P06396|GELS_HUMAN,/core/www/modules//consensus/?run_id=110202&search_id=114132&scans_id=110198&peptide_id=5582&scanf=14444&charge=2&value=sp|P06396|GELS_HUMAN,3,/core/www/modules/match_peptides/blast_html4.php?run_id=110202&search_id=114132&scans_id=110198&peptide_id=5582&scanf=14444&charge=2&value=3,R.RTPITVVK.Q,/core/www/modules/show_out/show_out_wrapper.php?run_id=110202&search_id=114132&scans_id=110198&peptide_id=5582&scanf=14444&charge=2&value=R.RTPITVVK.Q,GSN,6.292e+6,1.864,0.160,0.797,0.008
14445,2,"  1.904","  0.216",5/14,/core/www/modules//sdig/index.php?run_id=110202&search_id=114132&scans_id=110198&peptide_id=5583&scanf=14445&charge=2&value=5/14,sp|Q8NFW8|NEUA_HUMAN,/core/www/modules//consensus/?run_id=110202&search_id=114132&scans_id=110198&peptide_id=5583&scanf=14445&charge=2&value=sp|Q8NFW8|NEUA_HUMAN,0,/core/www/modules/match_peptides/blast_html4.php?run_id=110202&search_id=114132&scans_id=110198&peptide_id=5583&scanf=14445&charge=2&value=0,K.M*EVSVSDK.L,/core/www/modules/show_out/show_out_wrapper.php?run_id=110202&search_id=114132&scans_id=110198&peptide_id=5583&scanf=14445&charge=2&value=K.M*EVSVSDK.L,CMAS,1.870e+6,1.999,0.107,0.971,0.005
14446,2,"  2.619","  0.523",11/20,/core/www/modules//sdig/index.php?run_id=110202&search_id=114132&scans_id=110198&peptide_id=5584&scanf=14446&charge=2&value=11/20,sp|Q8N163|CCAR2_HUMAN,/core/www/modules//consensus/?run_id=110202&search_id=114132&scans_id=110198&peptide_id=5584&scanf=14446&charge=2&value=sp|Q8N163|CCAR2_HUMAN,2,/core/www/modules/match_peptides/blast_html4.php?run_id=110202&search_id=114132&scans_id=110198&peptide_id=5584&scanf=14446&charge=2&value=2,R.DDGEEEFAGAK.L,/core/www/modules/show_out/show_out_wrapper.php?run_id=110202&search_id=114132&scans_id=110198&peptide_id=5584&scanf=14446&charge=2&value=R.DDGEEEFAGAK.L,CCAR2,8.066e+6,3.310,0.001,2.867,0.000
14448,2,"  2.110","  0.243",9/20,/core/www/modules//sdig/index.php?run_id=110202&search_id=114132&scans_id=110198&peptide_id=5586&scanf=14448&charge=2&value=9/20,sp|P62269|RS18_HUMAN,/core/www/modules//consensus/?run_id=110202&search_id=114132&scans_id=110198&peptide_id=5586&scanf=14448&charge=2&value=sp|P62269|RS18_HUMAN,0,/core/www/modules/match_peptides/blast_html4.php?run_id=110202&search_id=114132&scans_id=110198&peptide_id=5586&scanf=14448&charge=2&value=0,R.AGELTEDEVER.V,/core/www/modules/show_out/show_out_wrapper.php?run_id=110202&search_id=114132&scans_id=110198&peptide_id=5586&scanf=14448&charge=2&value=R.AGELTEDEVER.V,RPS18,2.168e+6,2.056,0.090,1.047,0.004
14449,2,"  2.638","  0.459",8/22,/core/www/modules//sdig/index.php?run_id=110202&search_id=114132&scans_id=110198&peptide_id=5587&scanf=14449&charge=2&value=8/22,sp|Q5VZL5|ZMYM4_HUMAN,/core/www/modules//consensus/?run_id=110202&search_id=114132&scans_id=110198&peptide_id=5587&scanf=14449&charge=2&value=sp|Q5VZL5|ZMYM4_HUMAN,1,/core/www/modules/match_peptides/blast_html4.php?run_id=110202&search_id=114132&scans_id=110198&peptide_id=5587&scanf=14449&charge=2&value=1,K.QESEPDKLTVGK.R,/core/www/modules/show_out/show_out_wrapper.php?run_id=110202&search_id=114132&scans_id=110198&peptide_id=5587&scanf=14449&charge=2&value=K.QESEPDKLTVGK.R,ZMYM4,2.302e+6,2.395,0.030,1.523,0.001
14453,2,"  1.978","  0.526",10/16,/core/www/modules//sdig/index.php?run_id=110202&search_id=114132&scans_id=110198&peptide_id=5591&scanf=14453&charge=2&value=10/16,sp|P07900|HS90A_HUMAN,/core/www/modules//consensus/?run_id=110202&search_id=114132&scans_id=110198&peptide_id=5591&scanf=14453&charge=2&value=sp|P07900|HS90A_HUMAN,5,/core/www/modules/match_peptides/blast_html4.php?run_id=110202&search_id=114132&scans_id=110198&peptide_id=5591&scanf=14453&charge=2&value=5,R.YESLTDPSK.L,/core/www/modules/show_out/show_out_wrapper.php?run_id=110202&search_id=114132&scans_id=110198&peptide_id=5591&scanf=14453&charge=2&value=R.YESLTDPSK.L,HSP90AA1,1.958e+8,3.540,0.001,3.207,0.000
14456,2,"  1.758","  0.162",9/14,/core/www/modules//sdig/index.php?run_id=110202&search_id=114132&scans_id=110198&peptide_id=5594&scanf=14456&charge=2&value=9/14,sp|P07237|PDIA1_HUMAN,/core/www/modules//consensus/?run_id=110202&search_id=114132&scans_id=110198&peptide_id=5594&scanf=14456&charge=2&value=sp|P07237|PDIA1_HUMAN,22,/core/www/modules/match_peptides/blast_html4.php?run_id=110202&search_id=114132&scans_id=110198&peptide_id=5594&scanf=14456&charge=2&value=22,K.ALAPEYAK.A,/core/www/modules/show_out/show_out_wrapper.php?run_id=110202&search_id=114132&scans_id=110198&peptide_id=5594&scanf=14456&charge=2&value=K.ALAPEYAK.A,P4HB,3.166e+7,2.307,0.040,1.396,0.001
14457,2,"  2.248","  0.242",7/12,/core/www/modules//sdig/index.php?run_id=110202&search_id=114132&scans_id=110198&peptide_id=5595&scanf=14457&charge=2&value=7/12,sp|P33993|MCM7_HUMAN,/core/www/modules//consensus/?run_id=110202&search_id=114132&scans_id=110198&peptide_id=5595&scanf=14457&charge=2&value=sp|P33993|MCM7_HUMAN,0,/core/www/modules/match_peptides/blast_html4.php?run_id=110202&search_id=114132&scans_id=110198&peptide_id=5595&scanf=14457&charge=2&value=0,R.LSTALAR.L,/core/www/modules/show_out/show_out_wrapper.php?run_id=110202&search_id=114132&scans_id=110198&peptide_id=5595&scanf=14457&charge=2&value=R.LSTALAR.L,MCM7,1.073e+7,2.528,0.019,1.714,0.000
14459,2,"  2.651","  0.345",9/16,/core/www/modules//sdig/index.php?run_id=110202&search_id=114132&scans_id=110198&peptide_id=5597&scanf=14459&charge=2&value=9/16,sp|P78362|SRPK2_HUMAN,/core/www/modules//consensus/?run_id=110202&search_id=114132&scans_id=110198&peptide_id=5597&scanf=14459&charge=2&value=sp|P78362|SRPK2_HUMAN,9,/core/www/modules/match_peptides/blast_html4.php?run_id=110202&search_id=114132&scans_id=110198&peptide_id=5597&scanf=14459&charge=2&value=9,K.HFTEDIQTR.Q,/core/www/modules/show_out/show_out_wrapper.php?run_id=110202&search_id=114132&scans_id=110198&peptide_id=5597&scanf=14459&charge=2&value=K.HFTEDIQTR.Q,SRPK2,6.616e+6,2.738,0.010,2.022,0.000
14460,2,"  1.870","  0.239",7/14,/core/www/modules//sdig/index.php?run_id=110202&search_id=114132&scans_id=110198&peptide_id=5599&scanf=14460&charge=2&value=7/14,sp|P48643|TCPE_HUMAN,/core/www/modules//consensus/?run_id=110202&search_id=114132&scans_id=110198&peptide_id=5599&scanf=14460&charge=2&value=sp|P48643|TCPE_HUMAN,3,/core/www/modules/match_peptides/blast_html4.php?run_id=110202&search_id=114132&scans_id=110198&peptide_id=5599&scanf=14460&charge=2&value=3,K.MIIEEAKR.S,/core/www/modules/show_out/show_out_wrapper.php?run_id=110202&search_id=114132&scans_id=110198&peptide_id=5599&scanf=14460&charge=2&value=K.MIIEEAKR.S,CCT5,3.898e+6,1.978,0.114,0.944,0.005
14461,2,"  3.346","  0.654",16/24,/core/www/modules//sdig/index.php?run_id=110202&search_id=114132&scans_id=110198&peptide_id=5600&scanf=14461&charge=2&value=16/24,sp|Q9UHB9|SRP68_HUMAN,/core/www/modules//consensus/?run_id=110202&search_id=114132&scans_id=110198&peptide_id=5600&scanf=14461&charge=2&value=sp|Q9UHB9|SRP68_HUMAN,0,/core/www/modules/match_peptides/blast_html4.php?run_id=110202&search_id=114132&scans_id=110198&peptide_id=5600&scanf=14461&charge=2&value=0,R.ALLQQQPEDDSKR.S,/core/www/modules/show_out/show_out_wrapper.php?run_id=110202&search_id=114132&scans_id=110198&peptide_id=5600&scanf=14461&charge=2&value=R.ALLQQQPEDDSKR.S,SRP68,3.963e+6,3.575,0.001,3.259,0.000
14464,2,"  2.484","  0.242",11/14,/core/www/modules//sdig/index.php?run_id=110202&search_id=114132&scans_id=110198&peptide_id=5603&scanf=14464&charge=2&value=11/14,sp|O60488|ACSL4_HUMAN,/core/www/modules//consensus/?run_id=110202&search_id=114132&scans_id=110198&peptide_id=5603&scanf=14464&charge=2&value=sp|O60488|ACSL4_HUMAN,1,/core/www/modules/match_peptides/blast_html4.php?run_id=110202&search_id=114132&scans_id=110198&peptide_id=5603&scanf=14464&charge=2&value=1,K.HIIYVDNK.A,/core/www/modules/show_out/show_out_wrapper.php?run_id=110202&search_id=114132&scans_id=110198&peptide_id=5603&scanf=14464&charge=2&value=K.HIIYVDNK.A,ACSL4,2.899e+6,2.760,0.009,2.055,0.000
14467,2,"  1.803","  0.139",6/12,/core/www/modules//sdig/index.php?run_id=110202&search_id=114132&scans_id=110198&peptide_id=5606&scanf=14467&charge=2&value=6/12,sp|P68431|H31_HUMAN,/core/www/modules//consensus/?run_id=110202&search_id=114132&scans_id=110198&peptide_id=5606&scanf=14467&charge=2&value=sp|P68431|H31_HUMAN,8,/core/www/modules/match_peptides/blast_html4.php?run_id=110202&search_id=114132&scans_id=110198&peptide_id=5606&scanf=14467&charge=2&value=8,R.EIAQDFK.T,/core/www/modules/show_out/show_out_wrapper.php?run_id=110202&search_id=114132&scans_id=110198&peptide_id=5606&scanf=14467&charge=2&value=R.EIAQDFK.T,H3C12,6.240e+8,1.951,0.124,0.907,0.006
14469,3,"  2.417","  0.451",13/56,/core/www/modules//sdig/index.php?run_id=110202&search_id=114132&scans_id=110198&peptide_id=5608&scanf=14469&charge=3&value=13/56,sp|Q9P0J1|PDP1_HUMAN,/core/www/modules//consensus/?run_id=110202&search_id=114132&scans_id=110198&peptide_id=5608&scanf=14469&charge=3&value=sp|Q9P0J1|PDP1_HUMAN,0,/core/www/modules/match_peptides/blast_html4.php?run_id=110202&search_id=114132&scans_id=110198&peptide_id=5608&scanf=14469&charge=3&value=0,R.HAVGNNEFGTVDHER.L,/core/www/modules/show_out/show_out_wrapper.php?run_id=110202&search_id=114132&scans_id=110198&peptide_id=5608&scanf=14469&charge=3&value=R.HAVGNNEFGTVDHER.L,PDP1,1.881e+6,2.728,0.010,2.007,0.000
14470,2,"  3.017","  0.625",13/20,/core/www/modules//sdig/index.php?run_id=110202&search_id=114132&scans_id=110198&peptide_id=5610&scanf=14470&charge=2&value=13/20,sp|P46779|RL28_HUMAN,/core/www/modules//consensus/?run_id=110202&search_id=114132&scans_id=110198&peptide_id=5610&scanf=14470&charge=2&value=sp|P46779|RL28_HUMAN,3,/core/www/modules/match_peptides/blast_html4.php?run_id=110202&search_id=114132&scans_id=110198&peptide_id=5610&scanf=14470&charge=2&value=3,K.QTYSTEPNNLK.A,/core/www/modules/show_out/show_out_wrapper.php?run_id=110202&search_id=114132&scans_id=110198&peptide_id=5610&scanf=14470&charge=2&value=K.QTYSTEPNNLK.A,RPL28,1.092e+8,3.758,0.000,3.530,0.000
14471,2,"  2.877","  0.515",11/20,/core/www/modules//sdig/index.php?run_id=110202&search_id=114132&scans_id=110198&peptide_id=5611&scanf=14471&charge=2&value=11/20,sp|Q6NVY1|HIBCH_HUMAN,/core/www/modules//consensus/?run_id=110202&search_id=114132&scans_id=110198&peptide_id=5611&scanf=14471&charge=2&value=sp|Q6NVY1|HIBCH_HUMAN,1,/core/www/modules/match_peptides/blast_html4.php?run_id=110202&search_id=114132&scans_id=110198&peptide_id=5611&scanf=14471&charge=2&value=1,R.AVLIDKDQSPK.W,/core/www/modules/show_out/show_out_wrapper.php?run_id=110202&search_id=114132&scans_id=110198&peptide_id=5611&scanf=14471&charge=2&value=R.AVLIDKDQSPK.W,HIBCH,1.572e+6,2.873,0.006,2.221,0.000
14474,3,"  4.753","  0.529",20/48,/core/www/modules//sdig/index.php?run_id=110202&search_id=114132&scans_id=110198&peptide_id=5613&scanf=14474&charge=3&value=20/48,sp|Q8N2M8|CLASR_HUMAN,/core/www/modules//consensus/?run_id=110202&search_id=114132&scans_id=110198&peptide_id=5613&scanf=14474&charge=3&value=sp|Q8N2M8|CLASR_HUMAN,2,/core/www/modules/match_peptides/blast_html4.php?run_id=110202&search_id=114132&scans_id=110198&peptide_id=5613&scanf=14474&charge=3&value=2,K.LTRPAASPAVGEK.L,/core/www/modules/show_out/show_out_wrapper.php?run_id=110202&search_id=114132&scans_id=110198&peptide_id=5613&scanf=14474&charge=3&value=K.LTRPAASPAVGEK.L,CLASRP,2.369e+7,3.544,0.001,3.213,0.000
14475,2,"  2.725","  0.485",13/18,/core/www/modules//sdig/index.php?run_id=110202&search_id=114132&scans_id=110198&peptide_id=5614&scanf=14475&charge=2&value=13/18,sp|O60832|DKC1_HUMAN,/core/www/modules//consensus/?run_id=110202&search_id=114132&scans_id=110198&peptide_id=5614&scanf=14475&charge=2&value=sp|O60832|DKC1_HUMAN,7,/core/www/modules/match_peptides/blast_html4.php?run_id=110202&search_id=114132&scans_id=110198&peptide_id=5614&scanf=14475&charge=2&value=7,K.APQVVAEAAK.T,/core/www/modules/show_out/show_out_wrapper.php?run_id=110202&search_id=114132&scans_id=110198&peptide_id=5614&scanf=14475&charge=2&value=K.APQVVAEAAK.T,DKC1,3.766e+7,3.399,0.001,2.999,0.000
14478,2,"  3.395","  0.704",16/32,/core/www/modules//sdig/index.php?run_id=110202&search_id=114132&scans_id=110198&peptide_id=5617&scanf=14478&charge=2&value=16/32,sp|Q9GZR7|DDX24_HUMAN,/core/www/modules//consensus/?run_id=110202&search_id=114132&scans_id=110198&peptide_id=5617&scanf=14478&charge=2&value=sp|Q9GZR7|DDX24_HUMAN,3,/core/www/modules/match_peptides/blast_html4.php?run_id=110202&search_id=114132&scans_id=110198&peptide_id=5617&scanf=14478&charge=2&value=3,R.NAAPPPSNTEAPPGETR.T,/core/www/modules/show_out/show_out_wrapper.php?run_id=110202&search_id=114132&scans_id=110198&peptide_id=5617&scanf=14478&charge=2&value=R.NAAPPPSNTEAPPGETR.T,DDX24,8.143e+6,3.592,0.001,3.285,0.000
14480,2,"  2.312","  0.336",12/18,/core/www/modules//sdig/index.php?run_id=110202&search_id=114132&scans_id=110198&peptide_id=5620&scanf=14480&charge=2&value=12/18,sp|Q15149|PLEC_HUMAN,/core/www/modules//consensus/?run_id=110202&search_id=114132&scans_id=110198&peptide_id=5620&scanf=14480&charge=2&value=sp|Q15149|PLEC_HUMAN,5,/core/www/modules/match_peptides/blast_html4.php?run_id=110202&search_id=114132&scans_id=110198&peptide_id=5620&scanf=14480&charge=2&value=5,R.LLEAAAQSTK.G,/core/www/modules/show_out/show_out_wrapper.php?run_id=110202&search_id=114132&scans_id=110198&peptide_id=5620&scanf=14480&charge=2&value=R.LLEAAAQSTK.G,PLEC,2.225e+7,3.346,0.001,2.921,0.000
14481,2,"  2.114","  0.268",8/16,/core/www/modules//sdig/index.php?run_id=110202&search_id=114132&scans_id=110198&peptide_id=5621&scanf=14481&charge=2&value=8/16,sp|Q6P1J9|CDC73_HUMAN,/core/www/modules//consensus/?run_id=110202&search_id=114132&scans_id=110198&peptide_id=5621&scanf=14481&charge=2&value=sp|Q6P1J9|CDC73_HUMAN,3,/core/www/modules/match_peptides/blast_html4.php?run_id=110202&search_id=114132&scans_id=110198&peptide_id=5621&scanf=14481&charge=2&value=3,R.TTILQSTGK.N,/core/www/modules/show_out/show_out_wrapper.php?run_id=110202&search_id=114132&scans_id=110198&peptide_id=5621&scanf=14481&charge=2&value=R.TTILQSTGK.N,CDC73,8.205e+6,2.345,0.035,1.451,0.001
14483,3,"  2.174","  0.173",8/40,/core/www/modules//sdig/index.php?run_id=110202&search_id=114132&scans_id=110198&peptide_id=5623&scanf=14483&charge=3&value=8/40,sp|Q16740|CLPP_HUMAN,/core/www/modules//consensus/?run_id=110202&search_id=114132&scans_id=110198&peptide_id=5623&scanf=14483&charge=3&value=sp|Q16740|CLPP_HUMAN,2,/core/www/modules/match_peptides/blast_html4.php?run_id=110202&search_id=114132&scans_id=110198&peptide_id=5623&scanf=14483&charge=3&value=2,R.IMIHQPSGGAR.G,/core/www/modules/show_out/show_out_wrapper.php?run_id=110202&search_id=114132&scans_id=110198&peptide_id=5623&scanf=14483&charge=3&value=R.IMIHQPSGGAR.G,CLPP,6.137e+6,1.974,0.115,0.938,0.005
14485,2,"  2.282","  0.134",9/18,/core/www/modules//sdig/index.php?run_id=110202&search_id=114132&scans_id=110198&peptide_id=5625&scanf=14485&charge=2&value=9/18,sp|P20700|LMNB1_HUMAN,/core/www/modules//consensus/?run_id=110202&search_id=114132&scans_id=110198&peptide_id=5625&scanf=14485&charge=2&value=sp|P20700|LMNB1_HUMAN,3,/core/www/modules/match_peptides/blast_html4.php?run_id=110202&search_id=114132&scans_id=110198&peptide_id=5625&scanf=14485&charge=2&value=3,K.ESDLNGAQIK.L,/core/www/modules/show_out/show_out_wrapper.php?run_id=110202&search_id=114132&scans_id=110198&peptide_id=5625&scanf=14485&charge=2&value=K.ESDLNGAQIK.L,LMNB1,3.138e+6,1.844,0.169,0.773,0.009
14486,2,"  1.746","  0.369",6/14,/core/www/modules//sdig/index.php?run_id=110202&search_id=114132&scans_id=110198&peptide_id=5626&scanf=14486&charge=2&value=6/14,sp|P13639|EF2_HUMAN,/core/www/modules//consensus/?run_id=110202&search_id=114132&scans_id=110198&peptide_id=5626&scanf=14486&charge=2&value=sp|P13639|EF2_HUMAN,0,/core/www/modules/match_peptides/blast_html4.php?run_id=110202&search_id=114132&scans_id=110198&peptide_id=5626&scanf=14486&charge=2&value=0,R.YFDPANGK.F,/core/www/modules/show_out/show_out_wrapper.php?run_id=110202&search_id=114132&scans_id=110198&peptide_id=5626&scanf=14486&charge=2&value=R.YFDPANGK.F,EEF2,5.501e+6,2.685,0.011,1.944,0.000
14495,3,"  2.210","  0.238",9/32,/core/www/modules//sdig/index.php?run_id=110202&search_id=114132&scans_id=110198&peptide_id=5635&scanf=14495&charge=3&value=9/32,sp|Q6P2Q9|PRP8_HUMAN,/core/www/modules//consensus/?run_id=110202&search_id=114132&scans_id=110198&peptide_id=5635&scanf=14495&charge=3&value=sp|Q6P2Q9|PRP8_HUMAN,0,/core/www/modules/match_peptides/blast_html4.php?run_id=110202&search_id=114132&scans_id=110198&peptide_id=5635&scanf=14495&charge=3&value=0,R.TSYEEFTHK.D,/core/www/modules/show_out/show_out_wrapper.php?run_id=110202&search_id=114132&scans_id=110198&peptide_id=5635&scanf=14495&charge=3&value=R.TSYEEFTHK.D,PRPF8,2.674e+7,2.726,0.010,2.004,0.000
14498,3,"  3.455","  0.229",16/48,/core/www/modules//sdig/index.php?run_id=110202&search_id=114132&scans_id=110198&peptide_id=5638&scanf=14498&charge=3&value=16/48,sp|P38159|RBMX_HUMAN,/core/www/modules//consensus/?run_id=110202&search_id=114132&scans_id=110198&peptide_id=5638&scanf=14498&charge=3&value=sp|P38159|RBMX_HUMAN,2,/core/www/modules/match_peptides/blast_html4.php?run_id=110202&search_id=114132&scans_id=110198&peptide_id=5638&scanf=14498&charge=3&value=2,K.VEQATKPSFESGR.R,/core/www/modules/show_out/show_out_wrapper.php?run_id=110202&search_id=114132&scans_id=110198&peptide_id=5638&scanf=14498&charge=3&value=K.VEQATKPSFESGR.R,RBMX,4.792e+8,2.616,0.014,1.843,0.000
14500,3,"  2.288","  0.264",14/64,/core/www/modules//sdig/index.php?run_id=110202&search_id=114132&scans_id=110198&peptide_id=5641&scanf=14500&charge=3&value=14/64,sp|Q14669|TRIPC_HUMAN,/core/www/modules//consensus/?run_id=110202&search_id=114132&scans_id=110198&peptide_id=5641&scanf=14500&charge=3&value=sp|Q14669|TRIPC_HUMAN,2,/core/www/modules/match_peptides/blast_html4.php?run_id=110202&search_id=114132&scans_id=110198&peptide_id=5641&scanf=14500&charge=3&value=2,R.KPNPLANSNTSGYSESK.K,/core/www/modules/show_out/show_out_wrapper.php?run_id=110202&search_id=114132&scans_id=110198&peptide_id=5641&scanf=14500&charge=3&value=R.KPNPLANSNTSGYSESK.K,TRIP12,5.315e+6,2.263,0.046,1.334,0.002
14501,2,"  3.865","  0.677",17/28,/core/www/modules//sdig/index.php?run_id=110202&search_id=114132&scans_id=110198&peptide_id=5642&scanf=14501&charge=2&value=17/28,sp|Q9NQ29|LUC7L_HUMAN,/core/www/modules//consensus/?run_id=110202&search_id=114132&scans_id=110198&peptide_id=5642&scanf=14501&charge=2&value=sp|Q9NQ29|LUC7L_HUMAN,3,/core/www/modules/match_peptides/blast_html4.php?run_id=110202&search_id=114132&scans_id=110198&peptide_id=5642&scanf=14501&charge=2&value=3,K.AEQLGAEGNVDESQK.I,/core/www/modules/show_out/show_out_wrapper.php?run_id=110202&search_id=114132&scans_id=110198&peptide_id=5642&scanf=14501&charge=2&value=K.AEQLGAEGNVDESQK.I,LUC7L,9.060e+6,3.750,0.000,3.519,0.000
14502,3,"  3.570","  0.158",10/40,/core/www/modules//sdig/index.php?run_id=110202&search_id=114132&scans_id=110198&peptide_id=5643&scanf=14502&charge=3&value=10/40,sp|P11940|PABP1_HUMAN,/core/www/modules//consensus/?run_id=110202&search_id=114132&scans_id=110198&peptide_id=5643&scanf=14502&charge=3&value=sp|P11940|PABP1_HUMAN,10,/core/www/modules/match_peptides/blast_html4.php?run_id=110202&search_id=114132&scans_id=110198&peptide_id=5643&scanf=14502&charge=3&value=10,R.QAHLTNQYMQR.M,/core/www/modules/show_out/show_out_wrapper.php?run_id=110202&search_id=114132&scans_id=110198&peptide_id=5643&scanf=14502&charge=3&value=R.QAHLTNQYMQR.M,PABPC1,1.181e+7,2.147,0.067,1.172,0.002
14504,2,"  1.674","  0.068",9/14,/core/www/modules//sdig/index.php?run_id=110202&search_id=114132&scans_id=110198&peptide_id=5645&scanf=14504&charge=2&value=9/14,sp|P48643|TCPE_HUMAN,/core/www/modules//consensus/?run_id=110202&search_id=114132&scans_id=110198&peptide_id=5645&scanf=14504&charge=2&value=sp|P48643|TCPE_HUMAN,3,/core/www/modules/match_peptides/blast_html4.php?run_id=110202&search_id=114132&scans_id=110198&peptide_id=5645&scanf=14504&charge=2&value=3,R.VAIEHLDK.I,/core/www/modules/show_out/show_out_wrapper.php?run_id=110202&search_id=114132&scans_id=110198&peptide_id=5645&scanf=14504&charge=2&value=R.VAIEHLDK.I,CCT5,1.531e+7,1.949,0.124,0.906,0.006
14507,2,"  1.886","  0.294",10/18,/core/www/modules//sdig/index.php?run_id=110202&search_id=114132&scans_id=110198&peptide_id=5648&scanf=14507&charge=2&value=10/18,sp|Q8WUA4|TF3C2_HUMAN,/core/www/modules//consensus/?run_id=110202&search_id=114132&scans_id=110198&peptide_id=5648&scanf=14507&charge=2&value=sp|Q8WUA4|TF3C2_HUMAN,0,/core/www/modules/match_peptides/blast_html4.php?run_id=110202&search_id=114132&scans_id=110198&peptide_id=5648&scanf=14507&charge=2&value=0,R.FSSITAHPER.W,/core/www/modules/show_out/show_out_wrapper.php?run_id=110202&search_id=114132&scans_id=110198&peptide_id=5648&scanf=14507&charge=2&value=R.FSSITAHPER.W,GTF3C2,2.385e+6,2.492,0.022,1.663,0.001
14512,3,"  2.437","  0.346",13/44,/core/www/modules//sdig/index.php?run_id=110202&search_id=114132&scans_id=110198&peptide_id=5654&scanf=14512&charge=3&value=13/44,sp|Q9BRJ6|CG050_HUMAN,/core/www/modules//consensus/?run_id=110202&search_id=114132&scans_id=110198&peptide_id=5654&scanf=14512&charge=3&value=sp|Q9BRJ6|CG050_HUMAN,3,/core/www/modules/match_peptides/blast_html4.php?run_id=110202&search_id=114132&scans_id=110198&peptide_id=5654&scanf=14512&charge=3&value=3,R.EAGLVAQHPPAR.R,/core/www/modules/show_out/show_out_wrapper.php?run_id=110202&search_id=114132&scans_id=110198&peptide_id=5654&scanf=14512&charge=3&value=R.EAGLVAQHPPAR.R,C7orf50,3.844e+7,2.673,0.012,1.927,0.000
14513,4,"  5.504","  0.628",20/138,/core/www/modules//sdig/index.php?run_id=110202&search_id=114132&scans_id=110198&peptide_id=5655&scanf=14513&charge=4&value=20/138,sp|P35637|FUS_HUMAN,/core/www/modules//consensus/?run_id=110202&search_id=114132&scans_id=110198&peptide_id=5655&scanf=14513&charge=4&value=sp|P35637|FUS_HUMAN,1,/core/www/modules/match_peptides/blast_html4.php?run_id=110202&search_id=114132&scans_id=110198&peptide_id=5655&scanf=14513&charge=4&value=1,K.APKPDGPGGGPGGSHMGGNYGDDR.R,/core/www/modules/show_out/show_out_wrapper.php?run_id=110202&search_id=114132&scans_id=110198&peptide_id=5655&scanf=14513&charge=4&value=K.APKPDGPGGGPGGSHMGGNYGDDR.R,FUS,1.570e+8,3.638,0.000,3.353,0.000
14514,2,"  1.604","  0.098",6/14,/core/www/modules//sdig/index.php?run_id=110202&search_id=114132&scans_id=110198&peptide_id=5656&scanf=14514&charge=2&value=6/14,sp|P11388|TOP2A_HUMAN,/core/www/modules//consensus/?run_id=110202&search_id=114132&scans_id=110198&peptide_id=5656&scanf=14514&charge=2&value=sp|P11388|TOP2A_HUMAN,6,/core/www/modules/match_peptides/blast_html4.php?run_id=110202&search_id=114132&scans_id=110198&peptide_id=5656&scanf=14514&charge=2&value=6,K.GIPVVEHK.V,/core/www/modules/show_out/show_out_wrapper.php?run_id=110202&search_id=114132&scans_id=110198&peptide_id=5656&scanf=14514&charge=2&value=K.GIPVVEHK.V,TOP2A,1.299e+7,1.865,0.159,0.798,0.008
14516,3,"  2.673","  0.385",11/44,/core/www/modules//sdig/index.php?run_id=110202&search_id=114132&scans_id=110198&peptide_id=5657&scanf=14516&charge=3&value=11/44,sp|Q9H0A0|NAT10_HUMAN,/core/www/modules//consensus/?run_id=110202&search_id=114132&scans_id=110198&peptide_id=5657&scanf=14516&charge=3&value=sp|Q9H0A0|NAT10_HUMAN,0,/core/www/modules/match_peptides/blast_html4.php?run_id=110202&search_id=114132&scans_id=110198&peptide_id=5657&scanf=14516&charge=3&value=0,R.NMGKPAQPALSR.E,/core/www/modules/show_out/show_out_wrapper.php?run_id=110202&search_id=114132&scans_id=110198&peptide_id=5657&scanf=14516&charge=3&value=R.NMGKPAQPALSR.E,NAT10,2.335e+7,2.884,0.006,2.237,0.000
14520,2,"  1.361","  0.409",5/18,/core/www/modules//sdig/index.php?run_id=110202&search_id=114132&scans_id=110198&peptide_id=5662&scanf=14520&charge=2&value=5/18,sp|Q9HCS7|SYF1_HUMAN,/core/www/modules//consensus/?run_id=110202&search_id=114132&scans_id=110198&peptide_id=5662&scanf=14520&charge=2&value=sp|Q9HCS7|SYF1_HUMAN,0,/core/www/modules/match_peptides/blast_html4.php?run_id=110202&search_id=114132&scans_id=110198&peptide_id=5662&scanf=14520&charge=2&value=0,R.SHPLPETAVR.G,/core/www/modules/show_out/show_out_wrapper.php?run_id=110202&search_id=114132&scans_id=110198&peptide_id=5662&scanf=14520&charge=2&value=R.SHPLPETAVR.G,XAB2,4.909e+6,2.401,0.029,1.531,0.001
14523,2,"  4.551","  0.657",14/26,/core/www/modules//sdig/index.php?run_id=110202&search_id=114132&scans_id=110198&peptide_id=5665&scanf=14523&charge=2&value=14/26,sp|Q9GZR7|DDX24_HUMAN,/core/www/modules//consensus/?run_id=110202&search_id=114132&scans_id=110198&peptide_id=5665&scanf=14523&charge=2&value=sp|Q9GZR7|DDX24_HUMAN,3,/core/www/modules/match_peptides/blast_html4.php?run_id=110202&search_id=114132&scans_id=110198&peptide_id=5665&scanf=14523&charge=2&value=3,K.EPQPEQPQPSTSAN.-,/core/www/modules/show_out/show_out_wrapper.php?run_id=110202&search_id=114132&scans_id=110198&peptide_id=5665&scanf=14523&charge=2&value=K.EPQPEQPQPSTSAN.-,DDX24,5.511e+6,3.729,0.000,3.487,0.000
14527,2,"  2.450","  0.489",14/22,/core/www/modules//sdig/index.php?run_id=110202&search_id=114132&scans_id=110198&peptide_id=5669&scanf=14527&charge=2&value=14/22,tr|B7Z596|B7Z596_HUMAN,/core/www/modules//consensus/?run_id=110202&search_id=114132&scans_id=110198&peptide_id=5669&scanf=14527&charge=2&value=tr|B7Z596|B7Z596_HUMAN,6,/core/www/modules/match_peptides/blast_html4.php?run_id=110202&search_id=114132&scans_id=110198&peptide_id=5669&scanf=14527&charge=2&value=6,R.SLQEQADAAEER.A,/core/www/modules/show_out/show_out_wrapper.php?run_id=110202&search_id=114132&scans_id=110198&peptide_id=5669&scanf=14527&charge=2&value=R.SLQEQADAAEER.A,TPM1,2.071e+6,3.197,0.002,2.699,0.000
14535,2,"  4.368","  0.627",17/24,/core/www/modules//sdig/index.php?run_id=110202&search_id=114132&scans_id=110198&peptide_id=5678&scanf=14535&charge=2&value=17/24,sp|Q14690|RRP5_HUMAN,/core/www/modules//consensus/?run_id=110202&search_id=114132&scans_id=110198&peptide_id=5678&scanf=14535&charge=2&value=sp|Q14690|RRP5_HUMAN,1,/core/www/modules/match_peptides/blast_html4.php?run_id=110202&search_id=114132&scans_id=110198&peptide_id=5678&scanf=14535&charge=2&value=1,K.GSEHQAIVQHLEK.S,/core/www/modules/show_out/show_out_wrapper.php?run_id=110202&search_id=114132&scans_id=110198&peptide_id=5678&scanf=14535&charge=2&value=K.GSEHQAIVQHLEK.S,PDCD11,1.384e+6,3.933,0.000,3.790,0.000
14538,2,"  2.630","  0.549",15/22,/core/www/modules//sdig/index.php?run_id=110202&search_id=114132&scans_id=110198&peptide_id=5680&scanf=14538&charge=2&value=15/22,sp|P62258|1433E_HUMAN,/core/www/modules//consensus/?run_id=110202&search_id=114132&scans_id=110198&peptide_id=5680&scanf=14538&charge=2&value=sp|P62258|1433E_HUMAN,0,/core/www/modules/match_peptides/blast_html4.php?run_id=110202&search_id=114132&scans_id=110198&peptide_id=5680&scanf=14538&charge=2&value=0,K.HLIPAANTGESK.V,/core/www/modules/show_out/show_out_wrapper.php?run_id=110202&search_id=114132&scans_id=110198&peptide_id=5680&scanf=14538&charge=2&value=K.HLIPAANTGESK.V,YWHAE,2.684e+7,3.273,0.002,2.812,0.000
14539,3,"  2.390","  0.398",14/44,/core/www/modules//sdig/index.php?run_id=110202&search_id=114132&scans_id=110198&peptide_id=5681&scanf=14539&charge=3&value=14/44,sp|P11388|TOP2A_HUMAN,/core/www/modules//consensus/?run_id=110202&search_id=114132&scans_id=110198&peptide_id=5681&scanf=14539&charge=3&value=sp|P11388|TOP2A_HUMAN,0,/core/www/modules/match_peptides/blast_html4.php?run_id=110202&search_id=114132&scans_id=110198&peptide_id=5681&scanf=14539&charge=3&value=0,K.EKQDEQVGLPGK.G,/core/www/modules/show_out/show_out_wrapper.php?run_id=110202&search_id=114132&scans_id=110198&peptide_id=5681&scanf=14539&charge=3&value=K.EKQDEQVGLPGK.G,TOP2A,2.236e+7,2.787,0.008,2.093,0.000
14540,3,"  2.939","  0.464",11/32,/core/www/modules//sdig/index.php?run_id=110202&search_id=114132&scans_id=110198&peptide_id=5683&scanf=14540&charge=3&value=11/32,sp|O95232|LC7L3_HUMAN,/core/www/modules//consensus/?run_id=110202&search_id=114132&scans_id=110198&peptide_id=5683&scanf=14540&charge=3&value=sp|O95232|LC7L3_HUMAN,1,/core/www/modules/match_peptides/blast_html4.php?run_id=110202&search_id=114132&scans_id=110198&peptide_id=5683&scanf=14540&charge=3&value=1,K.LVEQLKEER.E,/core/www/modules/show_out/show_out_wrapper.php?run_id=110202&search_id=114132&scans_id=110198&peptide_id=5683&scanf=14540&charge=3&value=K.LVEQLKEER.E,LUC7L3,2.498e+7,2.989,0.004,2.392,0.000
14543,2,"  3.482","  0.657",14/22,/core/www/modules//sdig/index.php?run_id=110202&search_id=114132&scans_id=110198&peptide_id=5686&scanf=14543&charge=2&value=14/22,sp|P39023|RL3_HUMAN,/core/www/modules//consensus/?run_id=110202&search_id=114132&scans_id=110198&peptide_id=5686&scanf=14543&charge=2&value=sp|P39023|RL3_HUMAN,2,/core/www/modules/match_peptides/blast_html4.php?run_id=110202&search_id=114132&scans_id=110198&peptide_id=5686&scanf=14543&charge=2&value=2,K.NNASTDYDLSDK.S,/core/www/modules/show_out/show_out_wrapper.php?run_id=110202&search_id=114132&scans_id=110198&peptide_id=5686&scanf=14543&charge=2&value=K.NNASTDYDLSDK.S,RPL3,1.153e+8,3.917,0.000,3.767,0.000
14558,2,"  2.231","  0.284",9/20,/core/www/modules//sdig/index.php?run_id=110202&search_id=114132&scans_id=110198&peptide_id=5701&scanf=14558&charge=2&value=9/20,sp|Q15365|PCBP1_HUMAN,/core/www/modules//consensus/?run_id=110202&search_id=114132&scans_id=110198&peptide_id=5701&scanf=14558&charge=2&value=sp|Q15365|PCBP1_HUMAN,0,/core/www/modules/match_peptides/blast_html4.php?run_id=110202&search_id=114132&scans_id=110198&peptide_id=5701&scanf=14558&charge=2&value=0,K.IANPVEGSSGR.Q,/core/www/modules/show_out/show_out_wrapper.php?run_id=110202&search_id=114132&scans_id=110198&peptide_id=5701&scanf=14558&charge=2&value=K.IANPVEGSSGR.Q,PCBP1,5.207e+7,2.249,0.048,1.315,0.002
14565,2,"  1.756","  0.287",8/16,/core/www/modules//sdig/index.php?run_id=110202&search_id=114132&scans_id=110198&peptide_id=5708&scanf=14565&charge=2&value=8/16,sp|P15880|RS2_HUMAN,/core/www/modules//consensus/?run_id=110202&search_id=114132&scans_id=110198&peptide_id=5708&scanf=14565&charge=2&value=sp|P15880|RS2_HUMAN,2,/core/www/modules/match_peptides/blast_html4.php?run_id=110202&search_id=114132&scans_id=110198&peptide_id=5708&scanf=14565&charge=2&value=2,R.TQAPAVATT.-,/core/www/modules/show_out/show_out_wrapper.php?run_id=110202&search_id=114132&scans_id=110198&peptide_id=5708&scanf=14565&charge=2&value=R.TQAPAVATT.-,RPS2,3.211e+7,2.410,0.029,1.544,0.001
14569,3,"  2.232","  0.484",14/40,/core/www/modules//sdig/index.php?run_id=110202&search_id=114132&scans_id=110198&peptide_id=5712&scanf=14569&charge=3&value=14/40,sp|Q13330|MTA1_HUMAN,/core/www/modules//consensus/?run_id=110202&search_id=114132&scans_id=110198&peptide_id=5712&scanf=14569&charge=3&value=sp|Q13330|MTA1_HUMAN,2,/core/www/modules/match_peptides/blast_html4.php?run_id=110202&search_id=114132&scans_id=110198&peptide_id=5712&scanf=14569&charge=3&value=2,R.SNMSPHGLPAR.S,/core/www/modules/show_out/show_out_wrapper.php?run_id=110202&search_id=114132&scans_id=110198&peptide_id=5712&scanf=14569&charge=3&value=R.SNMSPHGLPAR.S,MTA1,1.958e+7,3.180,0.002,2.675,0.000
14574,2,"  1.990","  0.226",7/14,/core/www/modules//sdig/index.php?run_id=110202&search_id=114132&scans_id=110198&peptide_id=5718&scanf=14574&charge=2&value=7/14,sp|P18583|SON_HUMAN,/core/www/modules//consensus/?run_id=110202&search_id=114132&scans_id=110198&peptide_id=5718&scanf=14574&charge=2&value=sp|P18583|SON_HUMAN,1,/core/www/modules/match_peptides/blast_html4.php?run_id=110202&search_id=114132&scans_id=110198&peptide_id=5718&scanf=14574&charge=2&value=1,R.SMMSSYER.S,/core/www/modules/show_out/show_out_wrapper.php?run_id=110202&search_id=114132&scans_id=110198&peptide_id=5718&scanf=14574&charge=2&value=R.SMMSSYER.S,SON,8.260e+6,2.387,0.031,1.510,0.001
14579,2,"  3.794","  0.775",20/28,/core/www/modules//sdig/index.php?run_id=110202&search_id=114132&scans_id=110198&peptide_id=5722&scanf=14579&charge=2&value=20/28,sp|Q01844|EWS_HUMAN,/core/www/modules//consensus/?run_id=110202&search_id=114132&scans_id=110198&peptide_id=5722&scanf=14579&charge=2&value=sp|Q01844|EWS_HUMAN,4,/core/www/modules/match_peptides/blast_html4.php?run_id=110202&search_id=114132&scans_id=110198&peptide_id=5722&scanf=14579&charge=2&value=4,R.GGPGGPGGPGGPMGR.M,/core/www/modules/show_out/show_out_wrapper.php?run_id=110202&search_id=114132&scans_id=110198&peptide_id=5722&scanf=14579&charge=2&value=R.GGPGGPGGPGGPMGR.M,EWSR1,6.995e+7,4.244,0.000,4.252,0.000
14580,2,"  3.228","  0.471",13/18,/core/www/modules//sdig/index.php?run_id=110202&search_id=114132&scans_id=110198&peptide_id=5724&scanf=14580&charge=2&value=13/18,sp|P18887|XRCC1_HUMAN,/core/www/modules//consensus/?run_id=110202&search_id=114132&scans_id=110198&peptide_id=5724&scanf=14580&charge=2&value=sp|P18887|XRCC1_HUMAN,1,/core/www/modules/match_peptides/blast_html4.php?run_id=110202&search_id=114132&scans_id=110198&peptide_id=5724&scanf=14580&charge=2&value=1,R.TPATAPVPAR.A,/core/www/modules/show_out/show_out_wrapper.php?run_id=110202&search_id=114132&scans_id=110198&peptide_id=5724&scanf=14580&charge=2&value=R.TPATAPVPAR.A,XRCC1,1.485e+7,3.375,0.001,2.964,0.000
14581,2,"  2.870","  0.301",10/16,/core/www/modules//sdig/index.php?run_id=110202&search_id=114132&scans_id=110198&peptide_id=5725&scanf=14581&charge=2&value=10/16,sp|O43143|DHX15_HUMAN,/core/www/modules//consensus/?run_id=110202&search_id=114132&scans_id=110198&peptide_id=5725&scanf=14581&charge=2&value=sp|O43143|DHX15_HUMAN,0,/core/www/modules/match_peptides/blast_html4.php?run_id=110202&search_id=114132&scans_id=110198&peptide_id=5725&scanf=14581&charge=2&value=0,R.VAAMSVAQR.V,/core/www/modules/show_out/show_out_wrapper.php?run_id=110202&search_id=114132&scans_id=110198&peptide_id=5725&scanf=14581&charge=2&value=R.VAAMSVAQR.V,DHX15,5.111e+7,2.814,0.007,2.134,0.000
14583,2,"  1.587","  0.089",7/12,/core/www/modules//sdig/index.php?run_id=110202&search_id=114132&scans_id=110198&peptide_id=5727&scanf=14583&charge=2&value=7/12,sp|P15311|EZRI_HUMAN,/core/www/modules//consensus/?run_id=110202&search_id=114132&scans_id=110198&peptide_id=5727&scanf=14583&charge=2&value=sp|P15311|EZRI_HUMAN,5,/core/www/modules/match_peptides/blast_html4.php?run_id=110202&search_id=114132&scans_id=110198&peptide_id=5727&scanf=14583&charge=2&value=5,R.NISFNDK.K,/core/www/modules/show_out/show_out_wrapper.php?run_id=110202&search_id=114132&scans_id=110198&peptide_id=5727&scanf=14583&charge=2&value=R.NISFNDK.K,EZR,6.079e+6,1.993,0.109,0.964,0.005
14584,2,"  2.247","  0.548",11/20,/core/www/modules//sdig/index.php?run_id=110202&search_id=114132&scans_id=110198&peptide_id=5728&scanf=14584&charge=2&value=11/20,sp|P46459|NSF_HUMAN,/core/www/modules//consensus/?run_id=110202&search_id=114132&scans_id=110198&peptide_id=5728&scanf=14584&charge=2&value=sp|P46459|NSF_HUMAN,2,/core/www/modules/match_peptides/blast_html4.php?run_id=110202&search_id=114132&scans_id=110198&peptide_id=5728&scanf=14584&charge=2&value=2,K.SIDSNPYDTDK.M,/core/www/modules/show_out/show_out_wrapper.php?run_id=110202&search_id=114132&scans_id=110198&peptide_id=5728&scanf=14584&charge=2&value=K.SIDSNPYDTDK.M,NSF,5.356e+6,3.295,0.001,2.845,0.000
14587,3,"  3.958","  0.466",14/56,/core/www/modules//sdig/index.php?run_id=110202&search_id=114132&scans_id=110198&peptide_id=5731&scanf=14587&charge=3&value=14/56,sp|P78371|TCPB_HUMAN,/core/www/modules//consensus/?run_id=110202&search_id=114132&scans_id=110198&peptide_id=5731&scanf=14587&charge=3&value=sp|P78371|TCPB_HUMAN,0,/core/www/modules/match_peptides/blast_html4.php?run_id=110202&search_id=114132&scans_id=110198&peptide_id=5731&scanf=14587&charge=3&value=0,R.AAHSEGNTTAGLDMR.E,/core/www/modules/show_out/show_out_wrapper.php?run_id=110202&search_id=114132&scans_id=110198&peptide_id=5731&scanf=14587&charge=3&value=R.AAHSEGNTTAGLDMR.E,CCT2,2.042e+7,3.111,0.003,2.572,0.000
14589,2,"  2.797","  0.486",13/22,/core/www/modules//sdig/index.php?run_id=110202&search_id=114132&scans_id=110198&peptide_id=5733&scanf=14589&charge=2&value=13/22,sp|P28838|AMPL_HUMAN,/core/www/modules//consensus/?run_id=110202&search_id=114132&scans_id=110198&peptide_id=5733&scanf=14589&charge=2&value=sp|P28838|AMPL_HUMAN,0,/core/www/modules/match_peptides/blast_html4.php?run_id=110202&search_id=114132&scans_id=110198&peptide_id=5733&scanf=14589&charge=2&value=0,K.TIQVDNTDAEGR.L,/core/www/modules/show_out/show_out_wrapper.php?run_id=110202&search_id=114132&scans_id=110198&peptide_id=5733&scanf=14589&charge=2&value=K.TIQVDNTDAEGR.L,LAP3,5.177e+6,3.117,0.003,2.581,0.000
14591,2,"  2.145","  0.366",11/16,/core/www/modules//sdig/index.php?run_id=110202&search_id=114132&scans_id=110198&peptide_id=5736&scanf=14591&charge=2&value=11/16,sp|Q9UIG0|BAZ1B_HUMAN,/core/www/modules//consensus/?run_id=110202&search_id=114132&scans_id=110198&peptide_id=5736&scanf=14591&charge=2&value=sp|Q9UIG0|BAZ1B_HUMAN,0,/core/www/modules/match_peptides/blast_html4.php?run_id=110202&search_id=114132&scans_id=110198&peptide_id=5736&scanf=14591&charge=2&value=0,R.WASMSEEQR.K,/core/www/modules/show_out/show_out_wrapper.php?run_id=110202&search_id=114132&scans_id=110198&peptide_id=5736&scanf=14591&charge=2&value=R.WASMSEEQR.K,BAZ1B,9.480e+6,3.086,0.003,2.536,0.000
14593,2,"  3.561","  0.653",14/22,/core/www/modules//sdig/index.php?run_id=110202&search_id=114132&scans_id=110198&peptide_id=5738&scanf=14593&charge=2&value=14/22,sp|P13667|PDIA4_HUMAN,/core/www/modules//consensus/?run_id=110202&search_id=114132&scans_id=110198&peptide_id=5738&scanf=14593&charge=2&value=sp|P13667|PDIA4_HUMAN,2,/core/www/modules/match_peptides/blast_html4.php?run_id=110202&search_id=114132&scans_id=110198&peptide_id=5738&scanf=14593&charge=2&value=2,K.MDATANDVPSDR.Y,/core/www/modules/show_out/show_out_wrapper.php?run_id=110202&search_id=114132&scans_id=110198&peptide_id=5738&scanf=14593&charge=2&value=K.MDATANDVPSDR.Y,PDIA4,1.106e+7,3.892,0.000,3.729,0.000
14597,2,"  1.751","  0.258",7/20,/core/www/modules//sdig/index.php?run_id=110202&search_id=114132&scans_id=110198&peptide_id=5742&scanf=14597&charge=2&value=7/20,sp|Q14192|FHL2_HUMAN,/core/www/modules//consensus/?run_id=110202&search_id=114132&scans_id=110198&peptide_id=5742&scanf=14597&charge=2&value=sp|Q14192|FHL2_HUMAN,0,/core/www/modules/match_peptides/blast_html4.php?run_id=110202&search_id=114132&scans_id=110198&peptide_id=5742&scanf=14597&charge=2&value=0,K.KPITTGGVTYR.E,/core/www/modules/show_out/show_out_wrapper.php?run_id=110202&search_id=114132&scans_id=110198&peptide_id=5742&scanf=14597&charge=2&value=K.KPITTGGVTYR.E,FHL2,1.905e+6,2.014,0.102,0.991,0.005
14602,4,"  2.638","  0.233",12/66,/core/www/modules//sdig/index.php?run_id=110202&search_id=114132&scans_id=110198&peptide_id=5747&scanf=14602&charge=4&value=12/66,sp|Q9NZM1|MYOF_HUMAN,/core/www/modules//consensus/?run_id=110202&search_id=114132&scans_id=110198&peptide_id=5747&scanf=14602&charge=4&value=sp|Q9NZM1|MYOF_HUMAN,1,/core/www/modules/match_peptides/blast_html4.php?run_id=110202&search_id=114132&scans_id=110198&peptide_id=5747&scanf=14602&charge=4&value=1,K.ILHQHLGAPEER.L,/core/www/modules/show_out/show_out_wrapper.php?run_id=110202&search_id=114132&scans_id=110198&peptide_id=5747&scanf=14602&charge=4&value=K.ILHQHLGAPEER.L,MYOF,3.879e+6,2.646,0.013,1.887,0.000
14603,3,"  5.681","  0.704",31/108,/core/www/modules//sdig/index.php?run_id=110202&search_id=114132&scans_id=110198&peptide_id=5748&scanf=14603&charge=3&value=31/108,sp|Q68E01|INT3_HUMAN,/core/www/modules//consensus/?run_id=110202&search_id=114132&scans_id=110198&peptide_id=5748&scanf=14603&charge=3&value=sp|Q68E01|INT3_HUMAN,0,/core/www/modules/match_peptides/blast_html4.php?run_id=110202&search_id=114132&scans_id=110198&peptide_id=5748&scanf=14603&charge=3&value=0,K.GAAAAAAASGAAGGGGGGAGAGAPGGGR.L,/core/www/modules/show_out/show_out_wrapper.php?run_id=110202&search_id=114132&scans_id=110198&peptide_id=5748&scanf=14603&charge=3&value=K.GAAAAAAASGAAGGGGGGAGAGAPGGGR.L,INTS3,6.195e+6,3.507,0.001,3.159,0.000
14607,3,"  6.474","  0.569",26/52,/core/www/modules//sdig/index.php?run_id=110202&search_id=114132&scans_id=110198&peptide_id=5752&scanf=14607&charge=3&value=26/52,sp|Q9Y2X3|NOP58_HUMAN,/core/www/modules//consensus/?run_id=110202&search_id=114132&scans_id=110198&peptide_id=5752&scanf=14607&charge=3&value=sp|Q9Y2X3|NOP58_HUMAN,0,/core/www/modules/match_peptides/blast_html4.php?run_id=110202&search_id=114132&scans_id=110198&peptide_id=5752&scanf=14607&charge=3&value=0,R.KIEQVDKEDEITEK.K,/core/www/modules/show_out/show_out_wrapper.php?run_id=110202&search_id=114132&scans_id=110198&peptide_id=5752&scanf=14607&charge=3&value=R.KIEQVDKEDEITEK.K,NOP58,5.741e+7,3.381,0.001,2.972,0.000
14608,2,"  1.741","  0.216",8/20,/core/www/modules//sdig/index.php?run_id=110202&search_id=114132&scans_id=110198&peptide_id=5753&scanf=14608&charge=2&value=8/20,sp|P50213|IDH3A_HUMAN,/core/www/modules//consensus/?run_id=110202&search_id=114132&scans_id=110198&peptide_id=5753&scanf=14608&charge=2&value=sp|P50213|IDH3A_HUMAN,5,/core/www/modules/match_peptides/blast_html4.php?run_id=110202&search_id=114132&scans_id=110198&peptide_id=5753&scanf=14608&charge=2&value=5,R.NVTAIQGPGGK.W,/core/www/modules/show_out/show_out_wrapper.php?run_id=110202&search_id=114132&scans_id=110198&peptide_id=5753&scanf=14608&charge=2&value=R.NVTAIQGPGGK.W,IDH3A,1.142e+7,1.922,0.135,0.870,0.007
14610,2,"  2.520","  0.430",10/22,/core/www/modules//sdig/index.php?run_id=110202&search_id=114132&scans_id=110198&peptide_id=5756&scanf=14610&charge=2&value=10/22,sp|Q86YP4|P66A_HUMAN,/core/www/modules//consensus/?run_id=110202&search_id=114132&scans_id=110198&peptide_id=5756&scanf=14610&charge=2&value=sp|Q86YP4|P66A_HUMAN,0,/core/www/modules/match_peptides/blast_html4.php?run_id=110202&search_id=114132&scans_id=110198&peptide_id=5756&scanf=14610&charge=2&value=0,R.LLQQGTAPAQAK.A,/core/www/modules/show_out/show_out_wrapper.php?run_id=110202&search_id=114132&scans_id=110198&peptide_id=5756&scanf=14610&charge=2&value=R.LLQQGTAPAQAK.A,GATAD2A,4.858e+6,2.720,0.010,1.996,0.000
14618,3,"  1.904","  0.237",10/36,/core/www/modules//sdig/index.php?run_id=110202&search_id=114132&scans_id=110198&peptide_id=5764&scanf=14618&charge=3&value=10/36,sp|Q8IX01|SUGP2_HUMAN,/core/www/modules//consensus/?run_id=110202&search_id=114132&scans_id=110198&peptide_id=5764&scanf=14618&charge=3&value=sp|Q8IX01|SUGP2_HUMAN,3,/core/www/modules/match_peptides/blast_html4.php?run_id=110202&search_id=114132&scans_id=110198&peptide_id=5764&scanf=14618&charge=3&value=3,R.DLEFSHSDSR.D,/core/www/modules/show_out/show_out_wrapper.php?run_id=110202&search_id=114132&scans_id=110198&peptide_id=5764&scanf=14618&charge=3&value=R.DLEFSHSDSR.D,SUGP2,2.185e+6,2.294,0.042,1.378,0.001
14621,3,"  3.441","  0.477",19/40,/core/www/modules//sdig/index.php?run_id=110202&search_id=114132&scans_id=110198&peptide_id=5767&scanf=14621&charge=3&value=19/40,sp|P07910|HNRPC_HUMAN,/core/www/modules//consensus/?run_id=110202&search_id=114132&scans_id=110198&peptide_id=5767&scanf=14621&charge=3&value=sp|P07910|HNRPC_HUMAN,7,/core/www/modules/match_peptides/blast_html4.php?run_id=110202&search_id=114132&scans_id=110198&peptide_id=5767&scanf=14621&charge=3&value=7,K.LKGDDLQAIKK.E,/core/www/modules/show_out/show_out_wrapper.php?run_id=110202&search_id=114132&scans_id=110198&peptide_id=5767&scanf=14621&charge=3&value=K.LKGDDLQAIKK.E,HNRNPC,2.144e+8,2.923,0.005,2.295,0.000
14622,2,"  1.958","  0.191",8/12,/core/www/modules//sdig/index.php?run_id=110202&search_id=114132&scans_id=110198&peptide_id=5768&scanf=14622&charge=2&value=8/12,sp|P51531|SMCA2_HUMAN,/core/www/modules//consensus/?run_id=110202&search_id=114132&scans_id=110198&peptide_id=5768&scanf=14622&charge=2&value=sp|P51531|SMCA2_HUMAN,20,/core/www/modules/match_peptides/blast_html4.php?run_id=110202&search_id=114132&scans_id=110198&peptide_id=5768&scanf=14622&charge=2&value=20,R.SLGDLEK.D,/core/www/modules/show_out/show_out_wrapper.php?run_id=110202&search_id=114132&scans_id=110198&peptide_id=5768&scanf=14622&charge=2&value=R.SLGDLEK.D,SMARCA2,7.780e+7,2.673,0.012,1.927,0.000
14623,3,"  1.915","  0.209",10/44,/core/www/modules//sdig/index.php?run_id=110202&search_id=114132&scans_id=110198&peptide_id=5769&scanf=14623&charge=3&value=10/44,sp|Q14676|MDC1_HUMAN,/core/www/modules//consensus/?run_id=110202&search_id=114132&scans_id=110198&peptide_id=5769&scanf=14623&charge=3&value=sp|Q14676|MDC1_HUMAN,0,/core/www/modules/match_peptides/blast_html4.php?run_id=110202&search_id=114132&scans_id=110198&peptide_id=5769&scanf=14623&charge=3&value=0,R.SLATMDSPPHQK.Q,/core/www/modules/show_out/show_out_wrapper.php?run_id=110202&search_id=114132&scans_id=110198&peptide_id=5769&scanf=14623&charge=3&value=R.SLATMDSPPHQK.Q,MDC1,1.014e+7,2.116,0.074,1.129,0.002
14625,2,"  1.806","  0.376",7/12,/core/www/modules//sdig/index.php?run_id=110202&search_id=114132&scans_id=110198&peptide_id=5771&scanf=14625&charge=2&value=7/12,sp|Q8WTT2|NOC3L_HUMAN,/core/www/modules//consensus/?run_id=110202&search_id=114132&scans_id=110198&peptide_id=5771&scanf=14625&charge=2&value=sp|Q8WTT2|NOC3L_HUMAN,0,/core/www/modules/match_peptides/blast_html4.php?run_id=110202&search_id=114132&scans_id=110198&peptide_id=5771&scanf=14625&charge=2&value=0,K.DITPSYK.I,/core/www/modules/show_out/show_out_wrapper.php?run_id=110202&search_id=114132&scans_id=110198&peptide_id=5771&scanf=14625&charge=2&value=K.DITPSYK.I,NOC3L,1.291e+7,2.969,0.004,2.363,0.000
14626,2,"  1.706","  0.124",9/16,/core/www/modules//sdig/index.php?run_id=110202&search_id=114132&scans_id=110198&peptide_id=5772&scanf=14626&charge=2&value=9/16,tr|A0A0U1RQF0|A0A0U1RQF0_HUMAN,/core/www/modules//consensus/?run_id=110202&search_id=114132&scans_id=110198&peptide_id=5772&scanf=14626&charge=2&value=tr|A0A0U1RQF0|A0A0U1RQF0_HUMAN,1,/core/www/modules/match_peptides/blast_html4.php?run_id=110202&search_id=114132&scans_id=110198&peptide_id=5772&scanf=14626&charge=2&value=1,R.DPSQQELPR.L,/core/www/modules/show_out/show_out_wrapper.php?run_id=110202&search_id=114132&scans_id=110198&peptide_id=5772&scanf=14626&charge=2&value=R.DPSQQELPR.L,FASN,2.188e+6,1.984,0.112,0.950,0.005
14627,2,"  2.005","  0.341",8/14,/core/www/modules//sdig/index.php?run_id=110202&search_id=114132&scans_id=110198&peptide_id=5773&scanf=14627&charge=2&value=8/14,sp|Q15149|PLEC_HUMAN,/core/www/modules//consensus/?run_id=110202&search_id=114132&scans_id=110198&peptide_id=5773&scanf=14627&charge=2&value=sp|Q15149|PLEC_HUMAN,5,/core/www/modules/match_peptides/blast_html4.php?run_id=110202&search_id=114132&scans_id=110198&peptide_id=5773&scanf=14627&charge=2&value=5,K.AVVQLKPR.H,/core/www/modules/show_out/show_out_wrapper.php?run_id=110202&search_id=114132&scans_id=110198&peptide_id=5773&scanf=14627&charge=2&value=K.AVVQLKPR.H,PLEC,1.015e+7,3.277,0.002,2.817,0.000
14628,2,"  3.130","  0.576",17/28,/core/www/modules//sdig/index.php?run_id=110202&search_id=114132&scans_id=110198&peptide_id=5774&scanf=14628&charge=2&value=17/28,sp|Q01844|EWS_HUMAN,/core/www/modules//consensus/?run_id=110202&search_id=114132&scans_id=110198&peptide_id=5774&scanf=14628&charge=2&value=sp|Q01844|EWS_HUMAN,4,/core/www/modules/match_peptides/blast_html4.php?run_id=110202&search_id=114132&scans_id=110198&peptide_id=5774&scanf=14628&charge=2&value=4,R.GGPGGPGGPGGPM*GR.M,/core/www/modules/show_out/show_out_wrapper.php?run_id=110202&search_id=114132&scans_id=110198&peptide_id=5774&scanf=14628&charge=2&value=R.GGPGGPGGPGGPM*GR.M,EWSR1,8.575e+6,3.400,0.001,3.000,0.000
14630,2,"  2.491","  0.537",9/18,/core/www/modules//sdig/index.php?run_id=110202&search_id=114132&scans_id=110198&peptide_id=5777&scanf=14630&charge=2&value=9/18,sp|Q13435|SF3B2_HUMAN,/core/www/modules//consensus/?run_id=110202&search_id=114132&scans_id=110198&peptide_id=5777&scanf=14630&charge=2&value=sp|Q13435|SF3B2_HUMAN,4,/core/www/modules/match_peptides/blast_html4.php?run_id=110202&search_id=114132&scans_id=110198&peptide_id=5777&scanf=14630&charge=2&value=4,R.EMDDPSVGPK.I,/core/www/modules/show_out/show_out_wrapper.php?run_id=110202&search_id=114132&scans_id=110198&peptide_id=5777&scanf=14630&charge=2&value=R.EMDDPSVGPK.I,SF3B2,1.138e+7,3.291,0.001,2.839,0.000
14632,2,"  2.514","  0.470",11/20,/core/www/modules//sdig/index.php?run_id=110202&search_id=114132&scans_id=110198&peptide_id=5779&scanf=14632&charge=2&value=11/20,sp|Q13330|MTA1_HUMAN,/core/www/modules//consensus/?run_id=110202&search_id=114132&scans_id=110198&peptide_id=5779&scanf=14632&charge=2&value=sp|Q13330|MTA1_HUMAN,2,/core/www/modules/match_peptides/blast_html4.php?run_id=110202&search_id=114132&scans_id=110198&peptide_id=5779&scanf=14632&charge=2&value=2,R.SNMSPHGLPAR.S,/core/www/modules/show_out/show_out_wrapper.php?run_id=110202&search_id=114132&scans_id=110198&peptide_id=5779&scanf=14632&charge=2&value=R.SNMSPHGLPAR.S,MTA1,3.364e+6,3.025,0.004,2.444,0.000
14637,2,"  1.570","  0.358",6/22,/core/www/modules//sdig/index.php?run_id=110202&search_id=114132&scans_id=110198&peptide_id=5784&scanf=14637&charge=2&value=6/22,tr|E9PSA4|E9PSA4_HUMAN,/core/www/modules//consensus/?run_id=110202&search_id=114132&scans_id=110198&peptide_id=5784&scanf=14637&charge=2&value=tr|E9PSA4|E9PSA4_HUMAN,0,/core/www/modules/match_peptides/blast_html4.php?run_id=110202&search_id=114132&scans_id=110198&peptide_id=5784&scanf=14637&charge=2&value=0,K.GGNADYGCEFLR.L,/core/www/modules/show_out/show_out_wrapper.php?run_id=110202&search_id=114132&scans_id=110198&peptide_id=5784&scanf=14637&charge=2&value=K.GGNADYGCEFLR.L,KBTBD4,5.242e+6,1.937,0.129,0.889,0.006
14642,2,"  2.287","  0.140",11/12,/core/www/modules//sdig/index.php?run_id=110202&search_id=114132&scans_id=110198&peptide_id=5789&scanf=14642&charge=2&value=11/12,sp|P62917|RL8_HUMAN,/core/www/modules//consensus/?run_id=110202&search_id=114132&scans_id=110198&peptide_id=5789&scanf=14642&charge=2&value=sp|P62917|RL8_HUMAN,3,/core/www/modules/match_peptides/blast_html4.php?run_id=110202&search_id=114132&scans_id=110198&peptide_id=5789&scanf=14642&charge=2&value=3,R.IDKPILK.A,/core/www/modules/show_out/show_out_wrapper.php?run_id=110202&search_id=114132&scans_id=110198&peptide_id=5789&scanf=14642&charge=2&value=R.IDKPILK.A,RPL8,1.638e+8,2.657,0.013,1.903,0.000
14643,2,"  1.631","  0.343",7/12,/core/www/modules//sdig/index.php?run_id=110202&search_id=114132&scans_id=110198&peptide_id=5790&scanf=14643&charge=2&value=7/12,sp|Q15397|PUM3_HUMAN,/core/www/modules//consensus/?run_id=110202&search_id=114132&scans_id=110198&peptide_id=5790&scanf=14643&charge=2&value=sp|Q15397|PUM3_HUMAN,0,/core/www/modules/match_peptides/blast_html4.php?run_id=110202&search_id=114132&scans_id=110198&peptide_id=5790&scanf=14643&charge=2&value=0,K.LMSDLQK.L,/core/www/modules/show_out/show_out_wrapper.php?run_id=110202&search_id=114132&scans_id=110198&peptide_id=5790&scanf=14643&charge=2&value=K.LMSDLQK.L,PUM3,3.956e+7,2.881,0.006,2.232,0.000
14644,2,"  2.206","  0.057",9/16,/core/www/modules//sdig/index.php?run_id=110202&search_id=114132&scans_id=110198&peptide_id=5791&scanf=14644&charge=2&value=9/16,sp|O75691|UTP20_HUMAN,/core/www/modules//consensus/?run_id=110202&search_id=114132&scans_id=110198&peptide_id=5791&scanf=14644&charge=2&value=sp|O75691|UTP20_HUMAN,0,/core/www/modules/match_peptides/blast_html4.php?run_id=110202&search_id=114132&scans_id=110198&peptide_id=5791&scanf=14644&charge=2&value=0,K.VVNDEEVVR.V,/core/www/modules/show_out/show_out_wrapper.php?run_id=110202&search_id=114132&scans_id=110198&peptide_id=5791&scanf=14644&charge=2&value=K.VVNDEEVVR.V,UTP20,2.683e+7,1.874,0.155,0.810,0.008
14648,2,"  5.035","  0.677",26/26,/core/www/modules//sdig/index.php?run_id=110202&search_id=114132&scans_id=110198&peptide_id=5795&scanf=14648&charge=2&value=26/26,sp|Q9Y2X3|NOP58_HUMAN,/core/www/modules//consensus/?run_id=110202&search_id=114132&scans_id=110198&peptide_id=5795&scanf=14648&charge=2&value=sp|Q9Y2X3|NOP58_HUMAN,0,/core/www/modules/match_peptides/blast_html4.php?run_id=110202&search_id=114132&scans_id=110198&peptide_id=5795&scanf=14648&charge=2&value=0,R.KIEQVDKEDEITEK.K,/core/www/modules/show_out/show_out_wrapper.php?run_id=110202&search_id=114132&scans_id=110198&peptide_id=5795&scanf=14648&charge=2&value=R.KIEQVDKEDEITEK.K,NOP58,1.192e+7,3.940,0.000,3.800,0.000
14654,2,"  2.538","  0.315",11/18,/core/www/modules//sdig/index.php?run_id=110202&search_id=114132&scans_id=110198&peptide_id=5802&scanf=14654&charge=2&value=11/18,sp|P54136|SYRC_HUMAN,/core/www/modules//consensus/?run_id=110202&search_id=114132&scans_id=110198&peptide_id=5802&scanf=14654&charge=2&value=sp|P54136|SYRC_HUMAN,0,/core/www/modules/match_peptides/blast_html4.php?run_id=110202&search_id=114132&scans_id=110198&peptide_id=5802&scanf=14654&charge=2&value=0,R.GFVQVDDGRK.I,/core/www/modules/show_out/show_out_wrapper.php?run_id=110202&search_id=114132&scans_id=110198&peptide_id=5802&scanf=14654&charge=2&value=R.GFVQVDDGRK.I,RARS1,9.269e+6,2.404,0.029,1.535,0.001
14657,3,"  4.091","  0.657",22/60,/core/www/modules//sdig/index.php?run_id=110202&search_id=114132&scans_id=110198&peptide_id=5805&scanf=14657&charge=3&value=22/60,sp|O94776|MTA2_HUMAN,/core/www/modules//consensus/?run_id=110202&search_id=114132&scans_id=110198&peptide_id=5805&scanf=14657&charge=3&value=sp|O94776|MTA2_HUMAN,0,/core/www/modules/match_peptides/blast_html4.php?run_id=110202&search_id=114132&scans_id=110198&peptide_id=5805&scanf=14657&charge=3&value=0,R.EFEEESKQPGVSEQQR.H,/core/www/modules/show_out/show_out_wrapper.php?run_id=110202&search_id=114132&scans_id=110198&peptide_id=5805&scanf=14657&charge=3&value=R.EFEEESKQPGVSEQQR.H,MTA2,8.694e+6,3.562,0.001,3.240,0.000
14659,3,"  2.306","  0.233",11/32,/core/www/modules//sdig/index.php?run_id=110202&search_id=114132&scans_id=110198&peptide_id=5807&scanf=14659&charge=3&value=11/32,sp|Q13330|MTA1_HUMAN,/core/www/modules//consensus/?run_id=110202&search_id=114132&scans_id=110198&peptide_id=5807&scanf=14659&charge=3&value=sp|Q13330|MTA1_HUMAN,3,/core/www/modules/match_peptides/blast_html4.php?run_id=110202&search_id=114132&scans_id=110198&peptide_id=5807&scanf=14659&charge=3&value=3,R.RPYKPIALR.Q,/core/www/modules/show_out/show_out_wrapper.php?run_id=110202&search_id=114132&scans_id=110198&peptide_id=5807&scanf=14659&charge=3&value=R.RPYKPIALR.Q,MTA1,4.423e+6,2.543,0.018,1.736,0.000
14665,2,"  3.364","  0.031",14/20,/core/www/modules//sdig/index.php?run_id=110202&search_id=114132&scans_id=110198&peptide_id=5813&scanf=14665&charge=2&value=14/20,sp|P60709|ACTB_HUMAN,/core/www/modules//consensus/?run_id=110202&search_id=114132&scans_id=110198&peptide_id=5813&scanf=14665&charge=2&value=sp|P60709|ACTB_HUMAN,26,/core/www/modules/match_peptides/blast_html4.php?run_id=110202&search_id=114132&scans_id=110198&peptide_id=5813&scanf=14665&charge=2&value=26,R.HQGVM*VGMGQK.D,/core/www/modules/show_out/show_out_wrapper.php?run_id=110202&search_id=114132&scans_id=110198&peptide_id=5813&scanf=14665&charge=2&value=R.HQGVM*VGMGQK.D,ACTB,9.305e+7,4.375,0.000,4.446,0.000
14666,2,"  1.665","  0.181",10/20,/core/www/modules//sdig/index.php?run_id=110202&search_id=114132&scans_id=110198&peptide_id=5814&scanf=14666&charge=2&value=10/20,sp|Q15084|PDIA6_HUMAN,/core/www/modules//consensus/?run_id=110202&search_id=114132&scans_id=110198&peptide_id=5814&scanf=14666&charge=2&value=sp|Q15084|PDIA6_HUMAN,0,/core/www/modules/match_peptides/blast_html4.php?run_id=110202&search_id=114132&scans_id=110198&peptide_id=5814&scanf=14666&charge=2&value=0,K.GESPVDYDGGR.T,/core/www/modules/show_out/show_out_wrapper.php?run_id=110202&search_id=114132&scans_id=110198&peptide_id=5814&scanf=14666&charge=2&value=K.GESPVDYDGGR.T,PDIA6,3.670e+7,1.994,0.109,0.964,0.005
14672,2,"  2.563","  0.570",13/16,/core/www/modules//sdig/index.php?run_id=110202&search_id=114132&scans_id=110198&peptide_id=5821&scanf=14672&charge=2&value=13/16,sp|Q9Y678|COPG1_HUMAN,/core/www/modules//consensus/?run_id=110202&search_id=114132&scans_id=110198&peptide_id=5821&scanf=14672&charge=2&value=sp|Q9Y678|COPG1_HUMAN,0,/core/www/modules/match_peptides/blast_html4.php?run_id=110202&search_id=114132&scans_id=110198&peptide_id=5821&scanf=14672&charge=2&value=0,R.VVLEHEEVR.A,/core/www/modules/show_out/show_out_wrapper.php?run_id=110202&search_id=114132&scans_id=110198&peptide_id=5821&scanf=14672&charge=2&value=R.VVLEHEEVR.A,COPG1,1.136e+7,3.861,0.000,3.684,0.000
14673,2,"  2.491","  0.314",11/18,/core/www/modules//sdig/index.php?run_id=110202&search_id=114132&scans_id=110198&peptide_id=5822&scanf=14673&charge=2&value=11/18,sp|Q96KR1|ZFR_HUMAN,/core/www/modules//consensus/?run_id=110202&search_id=114132&scans_id=110198&peptide_id=5822&scanf=14673&charge=2&value=sp|Q96KR1|ZFR_HUMAN,0,/core/www/modules/match_peptides/blast_html4.php?run_id=110202&search_id=114132&scans_id=110198&peptide_id=5822&scanf=14673&charge=2&value=0,R.EGDVTSGMVK.D,/core/www/modules/show_out/show_out_wrapper.php?run_id=110202&search_id=114132&scans_id=110198&peptide_id=5822&scanf=14673&charge=2&value=R.EGDVTSGMVK.D,ZFR,1.660e+7,2.681,0.012,1.938,0.000
14674,2,"  2.723","  0.201",9/16,/core/www/modules//sdig/index.php?run_id=110202&search_id=114132&scans_id=110198&peptide_id=5823&scanf=14674&charge=2&value=9/16,sp|P08621|RU17_HUMAN,/core/www/modules//consensus/?run_id=110202&search_id=114132&scans_id=110198&peptide_id=5823&scanf=14674&charge=2&value=sp|P08621|RU17_HUMAN,2,/core/www/modules/match_peptides/blast_html4.php?run_id=110202&search_id=114132&scans_id=110198&peptide_id=5823&scanf=14674&charge=2&value=2,R.QQEVETELK.M,/core/www/modules/show_out/show_out_wrapper.php?run_id=110202&search_id=114132&scans_id=110198&peptide_id=5823&scanf=14674&charge=2&value=R.QQEVETELK.M,SNRNP70,2.303e+7,2.280,0.044,1.358,0.001
14678,2,"  1.389","  0.108",6/12,/core/www/modules//sdig/index.php?run_id=110202&search_id=114132&scans_id=110198&peptide_id=5827&scanf=14678&charge=2&value=6/12,sp|P78347|GTF2I_HUMAN,/core/www/modules//consensus/?run_id=110202&search_id=114132&scans_id=110198&peptide_id=5827&scanf=14678&charge=2&value=sp|P78347|GTF2I_HUMAN,2,/core/www/modules/match_peptides/blast_html4.php?run_id=110202&search_id=114132&scans_id=110198&peptide_id=5827&scanf=14678&charge=2&value=2,K.RPFLEPK.K,/core/www/modules/show_out/show_out_wrapper.php?run_id=110202&search_id=114132&scans_id=110198&peptide_id=5827&scanf=14678&charge=2&value=K.RPFLEPK.K,GTF2I,8.637e+6,1.915,0.138,0.861,0.007
14679,2,"  3.588","  0.605",18/26,/core/www/modules//sdig/index.php?run_id=110202&search_id=114132&scans_id=110198&peptide_id=5828&scanf=14679&charge=2&value=18/26,sp|Q9NZB2|F120A_HUMAN,/core/www/modules//consensus/?run_id=110202&search_id=114132&scans_id=110198&peptide_id=5828&scanf=14679&charge=2&value=sp|Q9NZB2|F120A_HUMAN,0,/core/www/modules/match_peptides/blast_html4.php?run_id=110202&search_id=114132&scans_id=110198&peptide_id=5828&scanf=14679&charge=2&value=0,K.SQGGVQPIPSQGGK.L,/core/www/modules/show_out/show_out_wrapper.php?run_id=110202&search_id=114132&scans_id=110198&peptide_id=5828&scanf=14679&charge=2&value=K.SQGGVQPIPSQGGK.L,FAM120A,4.323e+6,3.651,0.000,3.372,0.000
14680,2,"  2.433","  0.390",13/14,/core/www/modules//sdig/index.php?run_id=110202&search_id=114132&scans_id=110198&peptide_id=5830&scanf=14680&charge=2&value=13/14,sp|P40429|RL13A_HUMAN,/core/www/modules//consensus/?run_id=110202&search_id=114132&scans_id=110198&peptide_id=5830&scanf=14680&charge=2&value=sp|P40429|RL13A_HUMAN,4,/core/www/modules/match_peptides/blast_html4.php?run_id=110202&search_id=114132&scans_id=110198&peptide_id=5830&scanf=14680&charge=2&value=4,R.LAHEVGWK.Y,/core/www/modules/show_out/show_out_wrapper.php?run_id=110202&search_id=114132&scans_id=110198&peptide_id=5830&scanf=14680&charge=2&value=R.LAHEVGWK.Y,RPL13A,8.770e+7,3.446,0.001,3.068,0.000
14682,3,"  2.608","  0.342",11/44,/core/www/modules//sdig/index.php?run_id=110202&search_id=114132&scans_id=110198&peptide_id=5832&scanf=14682&charge=3&value=11/44,sp|Q9P2E9|RRBP1_HUMAN,/core/www/modules//consensus/?run_id=110202&search_id=114132&scans_id=110198&peptide_id=5832&scanf=14682&charge=3&value=sp|Q9P2E9|RRBP1_HUMAN,2,/core/www/modules/match_peptides/blast_html4.php?run_id=110202&search_id=114132&scans_id=110198&peptide_id=5832&scanf=14682&charge=3&value=2,R.EHTSHLEAELEK.H,/core/www/modules/show_out/show_out_wrapper.php?run_id=110202&search_id=114132&scans_id=110198&peptide_id=5832&scanf=14682&charge=3&value=R.EHTSHLEAELEK.H,RRBP1,5.578e+6,2.562,0.017,1.765,0.000
14684,3,"  2.747","  0.551",18/48,/core/www/modules//sdig/index.php?run_id=110202&search_id=114132&scans_id=110198&peptide_id=5833&scanf=14684&charge=3&value=18/48,sp|P51991|ROA3_HUMAN,/core/www/modules//consensus/?run_id=110202&search_id=114132&scans_id=110198&peptide_id=5833&scanf=14684&charge=3&value=sp|P51991|ROA3_HUMAN,5,/core/www/modules/match_peptides/blast_html4.php?run_id=110202&search_id=114132&scans_id=110198&peptide_id=5833&scanf=14684&charge=3&value=5,R.EDSVKPGAHLTVK.K,/core/www/modules/show_out/show_out_wrapper.php?run_id=110202&search_id=114132&scans_id=110198&peptide_id=5833&scanf=14684&charge=3&value=R.EDSVKPGAHLTVK.K,HNRNPA3,3.288e+8,3.494,0.001,3.140,0.000
14685,2,"  2.803","  0.491",12/20,/core/www/modules//sdig/index.php?run_id=110202&search_id=114132&scans_id=110198&peptide_id=5834&scanf=14685&charge=2&value=12/20,sp|P07814|SYEP_HUMAN,/core/www/modules//consensus/?run_id=110202&search_id=114132&scans_id=110198&peptide_id=5834&scanf=14685&charge=2&value=sp|P07814|SYEP_HUMAN,0,/core/www/modules/match_peptides/blast_html4.php?run_id=110202&search_id=114132&scans_id=110198&peptide_id=5834&scanf=14685&charge=2&value=0,K.LTVAENEAETK.L,/core/www/modules/show_out/show_out_wrapper.php?run_id=110202&search_id=114132&scans_id=110198&peptide_id=5834&scanf=14685&charge=2&value=K.LTVAENEAETK.L,EPRS1,2.749e+7,3.211,0.002,2.720,0.000
14689,2,"  1.832","  0.000",7/12,/core/www/modules//sdig/index.php?run_id=110202&search_id=114132&scans_id=110198&peptide_id=5838&scanf=14689&charge=2&value=7/12,sp|Q14980|NUMA1_HUMAN,/core/www/modules//consensus/?run_id=110202&search_id=114132&scans_id=110198&peptide_id=5838&scanf=14689&charge=2&value=sp|Q14980|NUMA1_HUMAN,1,/core/www/modules/match_peptides/blast_html4.php?run_id=110202&search_id=114132&scans_id=110198&peptide_id=5838&scanf=14689&charge=2&value=1,K.QLEALEK.E,/core/www/modules/show_out/show_out_wrapper.php?run_id=110202&search_id=114132&scans_id=110198&peptide_id=5838&scanf=14689&charge=2&value=K.QLEALEK.E,NUMA1,1.947e+7,1.974,0.115,0.938,0.005
14690,2,"  1.299","  0.332",8/16,/core/www/modules//sdig/index.php?run_id=110202&search_id=114132&scans_id=110198&peptide_id=5839&scanf=14690&charge=2&value=8/16,sp|P46940|IQGA1_HUMAN,/core/www/modules//consensus/?run_id=110202&search_id=114132&scans_id=110198&peptide_id=5839&scanf=14690&charge=2&value=sp|P46940|IQGA1_HUMAN,3,/core/www/modules/match_peptides/blast_html4.php?run_id=110202&search_id=114132&scans_id=110198&peptide_id=5839&scanf=14690&charge=2&value=3,R.LTAEEMDER.R,/core/www/modules/show_out/show_out_wrapper.php?run_id=110202&search_id=114132&scans_id=110198&peptide_id=5839&scanf=14690&charge=2&value=R.LTAEEMDER.R,IQGAP1,6.205e+6,2.571,0.017,1.777,0.000
14692,3,"  1.680","  0.162",15/56,/core/www/modules//sdig/index.php?run_id=110202&search_id=114132&scans_id=110198&peptide_id=5841&scanf=14692&charge=3&value=15/56,sp|P08670|VIME_HUMAN,/core/www/modules//consensus/?run_id=110202&search_id=114132&scans_id=110198&peptide_id=5841&scanf=14692&charge=3&value=sp|P08670|VIME_HUMAN,3,/core/www/modules/match_peptides/blast_html4.php?run_id=110202&search_id=114132&scans_id=110198&peptide_id=5841&scanf=14692&charge=3&value=3,R.M*FGGPGTASRPSSSR.S,/core/www/modules/show_out/show_out_wrapper.php?run_id=110202&search_id=114132&scans_id=110198&peptide_id=5841&scanf=14692&charge=3&value=R.M*FGGPGTASRPSSSR.S,VIM,7.491e+6,2.064,0.087,1.058,0.004
14694,3,"  2.250","  0.424",10/40,/core/www/modules//sdig/index.php?run_id=110202&search_id=114132&scans_id=110198&peptide_id=5843&scanf=14694&charge=3&value=10/40,sp|Q8WWQ0|PHIP_HUMAN,/core/www/modules//consensus/?run_id=110202&search_id=114132&scans_id=110198&peptide_id=5843&scanf=14694&charge=3&value=sp|Q8WWQ0|PHIP_HUMAN,4,/core/www/modules/match_peptides/blast_html4.php?run_id=110202&search_id=114132&scans_id=110198&peptide_id=5843&scanf=14694&charge=3&value=4,R.QGHEAYVEMAR.K,/core/www/modules/show_out/show_out_wrapper.php?run_id=110202&search_id=114132&scans_id=110198&peptide_id=5843&scanf=14694&charge=3&value=R.QGHEAYVEMAR.K,PHIP,1.135e+7,2.899,0.006,2.259,0.000
14695,2,"  2.402","  0.265",10/16,/core/www/modules//sdig/index.php?run_id=110202&search_id=114132&scans_id=110198&peptide_id=5844&scanf=14695&charge=2&value=10/16,sp|P35579|MYH9_HUMAN,/core/www/modules//consensus/?run_id=110202&search_id=114132&scans_id=110198&peptide_id=5844&scanf=14695&charge=2&value=sp|P35579|MYH9_HUMAN,1,/core/www/modules/match_peptides/blast_html4.php?run_id=110202&search_id=114132&scans_id=110198&peptide_id=5844&scanf=14695&charge=2&value=1,K.LQEMEGTVK.S,/core/www/modules/show_out/show_out_wrapper.php?run_id=110202&search_id=114132&scans_id=110198&peptide_id=5844&scanf=14695&charge=2&value=K.LQEMEGTVK.S,MYH9,2.698e+7,2.694,0.011,1.958,0.000
14696,3,"  3.686","  0.542",15/60,/core/www/modules//sdig/index.php?run_id=110202&search_id=114132&scans_id=110198&peptide_id=5845&scanf=14696&charge=3&value=15/60,sp|Q8NE71|ABCF1_HUMAN,/core/www/modules//consensus/?run_id=110202&search_id=114132&scans_id=110198&peptide_id=5845&scanf=14696&charge=3&value=sp|Q8NE71|ABCF1_HUMAN,2,/core/www/modules/match_peptides/blast_html4.php?run_id=110202&search_id=114132&scans_id=110198&peptide_id=5845&scanf=14696&charge=3&value=2,R.RLQGQLEQGDDTAAER.L,/core/www/modules/show_out/show_out_wrapper.php?run_id=110202&search_id=114132&scans_id=110198&peptide_id=5845&scanf=14696&charge=3&value=R.RLQGQLEQGDDTAAER.L,ABCF1,4.873e+6,2.887,0.006,2.241,0.000
14705,3,"  1.675","  0.137",11/32,/core/www/modules//sdig/index.php?run_id=110202&search_id=114132&scans_id=110198&peptide_id=5854&scanf=14705&charge=3&value=11/32,sp|P27635|RL10_HUMAN,/core/www/modules//consensus/?run_id=110202&search_id=114132&scans_id=110198&peptide_id=5854&scanf=14705&charge=3&value=sp|P27635|RL10_HUMAN,4,/core/www/modules/match_peptides/blast_html4.php?run_id=110202&search_id=114132&scans_id=110198&peptide_id=5854&scanf=14705&charge=3&value=4,K.EHVIEALRR.A,/core/www/modules/show_out/show_out_wrapper.php?run_id=110202&search_id=114132&scans_id=110198&peptide_id=5854&scanf=14705&charge=3&value=K.EHVIEALRR.A,RPL10,1.167e+8,1.879,0.153,0.815,0.008
14706,2,"  1.881","  0.481",8/14,/core/www/modules//sdig/index.php?run_id=110202&search_id=114132&scans_id=110198&peptide_id=5855&scanf=14706&charge=2&value=8/14,sp|P78527|PRKDC_HUMAN,/core/www/modules//consensus/?run_id=110202&search_id=114132&scans_id=110198&peptide_id=5855&scanf=14706&charge=2&value=sp|P78527|PRKDC_HUMAN,1,/core/www/modules/match_peptides/blast_html4.php?run_id=110202&search_id=114132&scans_id=110198&peptide_id=5855&scanf=14706&charge=2&value=1,R.LPSNTLDR.L,/core/www/modules/show_out/show_out_wrapper.php?run_id=110202&search_id=114132&scans_id=110198&peptide_id=5855&scanf=14706&charge=2&value=R.LPSNTLDR.L,PRKDC,1.758e+8,3.998,0.000,3.887,0.000
14707,2,"  1.562","  0.281",6/14,/core/www/modules//sdig/index.php?run_id=110202&search_id=114132&scans_id=110198&peptide_id=5856&scanf=14707&charge=2&value=6/14,sp|P31942|HNRH3_HUMAN,/core/www/modules//consensus/?run_id=110202&search_id=114132&scans_id=110198&peptide_id=5856&scanf=14707&charge=2&value=sp|P31942|HNRH3_HUMAN,0,/core/www/modules/match_peptides/blast_html4.php?run_id=110202&search_id=114132&scans_id=110198&peptide_id=5856&scanf=14707&charge=2&value=0,K.GFYDPPRR.L,/core/www/modules/show_out/show_out_wrapper.php?run_id=110202&search_id=114132&scans_id=110198&peptide_id=5856&scanf=14707&charge=2&value=K.GFYDPPRR.L,HNRNPH3,1.110e+7,2.041,0.094,1.027,0.004
14708,2,"  1.607","  0.071",8/12,/core/www/modules//sdig/index.php?run_id=110202&search_id=114132&scans_id=110198&peptide_id=5857&scanf=14708&charge=2&value=8/12,sp|A6NMY6|AXA2L_HUMAN,/core/www/modules//consensus/?run_id=110202&search_id=114132&scans_id=110198&peptide_id=5857&scanf=14708&charge=2&value=sp|A6NMY6|AXA2L_HUMAN,15,/core/www/modules/match_peptides/blast_html4.php?run_id=110202&search_id=114132&scans_id=110198&peptide_id=5857&scanf=14708&charge=2&value=15,K.ELASALK.S,/core/www/modules/show_out/show_out_wrapper.php?run_id=110202&search_id=114132&scans_id=110198&peptide_id=5857&scanf=14708&charge=2&value=K.ELASALK.S,ANXA2P2,1.073e+7,1.993,0.109,0.963,0.005
14710,2,"  2.261","  0.400",10/14,/core/www/modules//sdig/index.php?run_id=110202&search_id=114132&scans_id=110198&peptide_id=5860&scanf=14710&charge=2&value=10/14,sp|P17480|UBF1_HUMAN,/core/www/modules//consensus/?run_id=110202&search_id=114132&scans_id=110198&peptide_id=5860&scanf=14710&charge=2&value=sp|P17480|UBF1_HUMAN,0,/core/www/modules/match_peptides/blast_html4.php?run_id=110202&search_id=114132&scans_id=110198&peptide_id=5860&scanf=14710&charge=2&value=0,R.KEYEEIMR.D,/core/www/modules/show_out/show_out_wrapper.php?run_id=110202&search_id=114132&scans_id=110198&peptide_id=5860&scanf=14710&charge=2&value=R.KEYEEIMR.D,UBTF,9.851e+6,2.868,0.006,2.213,0.000
14713,2,"  2.543","  0.466",10/14,/core/www/modules//sdig/index.php?run_id=110202&search_id=114132&scans_id=110198&peptide_id=5863&scanf=14713&charge=2&value=10/14,sp|P84098|RL19_HUMAN,/core/www/modules//consensus/?run_id=110202&search_id=114132&scans_id=110198&peptide_id=5863&scanf=14713&charge=2&value=sp|P84098|RL19_HUMAN,3,/core/www/modules/match_peptides/blast_html4.php?run_id=110202&search_id=114132&scans_id=110198&peptide_id=5863&scanf=14713&charge=2&value=3,R.ILMEHIHK.L,/core/www/modules/show_out/show_out_wrapper.php?run_id=110202&search_id=114132&scans_id=110198&peptide_id=5863&scanf=14713&charge=2&value=R.ILMEHIHK.L,RPL19,7.178e+7,3.401,0.001,3.002,0.000
14715,3,"  4.865","  0.594",20/56,/core/www/modules//sdig/index.php?run_id=110202&search_id=114132&scans_id=110198&peptide_id=5865&scanf=14715&charge=3&value=20/56,sp|Q9UKD2|MRT4_HUMAN,/core/www/modules//consensus/?run_id=110202&search_id=114132&scans_id=110198&peptide_id=5865&scanf=14715&charge=3&value=sp|Q9UKD2|MRT4_HUMAN,0,/core/www/modules/match_peptides/blast_html4.php?run_id=110202&search_id=114132&scans_id=110198&peptide_id=5865&scanf=14715&charge=3&value=0,R.SPSDEYKDNLHQVSK.R,/core/www/modules/show_out/show_out_wrapper.php?run_id=110202&search_id=114132&scans_id=110198&peptide_id=5865&scanf=14715&charge=3&value=R.SPSDEYKDNLHQVSK.R,MRTO4,2.943e+7,3.336,0.001,2.905,0.000
14716,3,"  4.625","  0.570",19/44,/core/www/modules//sdig/index.php?run_id=110202&search_id=114132&scans_id=110198&peptide_id=5866&scanf=14716&charge=3&value=19/44,sp|P15311|EZRI_HUMAN,/core/www/modules//consensus/?run_id=110202&search_id=114132&scans_id=110198&peptide_id=5866&scanf=14716&charge=3&value=sp|P15311|EZRI_HUMAN,5,/core/www/modules/match_peptides/blast_html4.php?run_id=110202&search_id=114132&scans_id=110198&peptide_id=5866&scanf=14716&charge=3&value=5,R.RKPDTIEVQQMK.A,/core/www/modules/show_out/show_out_wrapper.php?run_id=110202&search_id=114132&scans_id=110198&peptide_id=5866&scanf=14716&charge=3&value=R.RKPDTIEVQQMK.A,EZR,2.674e+7,3.538,0.001,3.205,0.000
14718,2,"  2.506","  0.379",8/16,/core/www/modules//sdig/index.php?run_id=110202&search_id=114132&scans_id=110198&peptide_id=5868&scanf=14718&charge=2&value=8/16,sp|Q9BZE4|GTPB4_HUMAN,/core/www/modules//consensus/?run_id=110202&search_id=114132&scans_id=110198&peptide_id=5868&scanf=14718&charge=2&value=sp|Q9BZE4|GTPB4_HUMAN,0,/core/www/modules/match_peptides/blast_html4.php?run_id=110202&search_id=114132&scans_id=110198&peptide_id=5868&scanf=14718&charge=2&value=0,K.KITVVPSAK.D,/core/www/modules/show_out/show_out_wrapper.php?run_id=110202&search_id=114132&scans_id=110198&peptide_id=5868&scanf=14718&charge=2&value=K.KITVVPSAK.D,GTPBP4,7.920e+6,2.496,0.021,1.669,0.001
14719,2,"  2.644","  0.378",10/18,/core/www/modules//sdig/index.php?run_id=110202&search_id=114132&scans_id=110198&peptide_id=5869&scanf=14719&charge=2&value=10/18,sp|Q15149|PLEC_HUMAN,/core/www/modules//consensus/?run_id=110202&search_id=114132&scans_id=110198&peptide_id=5869&scanf=14719&charge=2&value=sp|Q15149|PLEC_HUMAN,5,/core/www/modules/match_peptides/blast_html4.php?run_id=110202&search_id=114132&scans_id=110198&peptide_id=5869&scanf=14719&charge=2&value=5,K.AQAEVEGLGK.G,/core/www/modules/show_out/show_out_wrapper.php?run_id=110202&search_id=114132&scans_id=110198&peptide_id=5869&scanf=14719&charge=2&value=K.AQAEVEGLGK.G,PLEC,1.994e+7,3.279,0.002,2.821,0.000
14722,2,"  2.044","  0.368",9/20,/core/www/modules//sdig/index.php?run_id=110202&search_id=114132&scans_id=110198&peptide_id=5873&scanf=14722&charge=2&value=9/20,sp|O75369|FLNB_HUMAN,/core/www/modules//consensus/?run_id=110202&search_id=114132&scans_id=110198&peptide_id=5873&scanf=14722&charge=2&value=sp|O75369|FLNB_HUMAN,3,/core/www/modules/match_peptides/blast_html4.php?run_id=110202&search_id=114132&scans_id=110198&peptide_id=5873&scanf=14722&charge=2&value=3,R.VKVEPAVDTSR.I,/core/www/modules/show_out/show_out_wrapper.php?run_id=110202&search_id=114132&scans_id=110198&peptide_id=5873&scanf=14722&charge=2&value=R.VKVEPAVDTSR.I,FLNB,1.202e+7,2.420,0.028,1.558,0.001
14726,2,"  2.891","  0.539",12/18,/core/www/modules//sdig/index.php?run_id=110202&search_id=114132&scans_id=110198&peptide_id=5876&scanf=14726&charge=2&value=12/18,sp|P42704|LPPRC_HUMAN,/core/www/modules//consensus/?run_id=110202&search_id=114132&scans_id=110198&peptide_id=5876&scanf=14726&charge=2&value=sp|P42704|LPPRC_HUMAN,21,/core/www/modules/match_peptides/blast_html4.php?run_id=110202&search_id=114132&scans_id=110198&peptide_id=5876&scanf=14726&charge=2&value=21,K.MEEANIQPNR.V,/core/www/modules/show_out/show_out_wrapper.php?run_id=110202&search_id=114132&scans_id=110198&peptide_id=5876&scanf=14726&charge=2&value=K.MEEANIQPNR.V,LRPPRC,1.295e+7,3.586,0.001,3.275,0.000
14727,3,"  3.546","  0.525",17/36,/core/www/modules//sdig/index.php?run_id=110202&search_id=114132&scans_id=110198&peptide_id=5877&scanf=14727&charge=3&value=17/36,sp|P46782|RS5_HUMAN,/core/www/modules//consensus/?run_id=110202&search_id=114132&scans_id=110198&peptide_id=5877&scanf=14727&charge=3&value=sp|P46782|RS5_HUMAN,2,/core/www/modules/match_peptides/blast_html4.php?run_id=110202&search_id=114132&scans_id=110198&peptide_id=5877&scanf=14727&charge=3&value=2,R.LTNSMMMHGR.N,/core/www/modules/show_out/show_out_wrapper.php?run_id=110202&search_id=114132&scans_id=110198&peptide_id=5877&scanf=14727&charge=3&value=R.LTNSMMMHGR.N,RPS5,6.584e+7,3.677,0.000,3.411,0.000
14730,2,"  1.829","  0.153",11/18,/core/www/modules//sdig/index.php?run_id=110202&search_id=114132&scans_id=110198&peptide_id=5881&scanf=14730&charge=2&value=11/18,sp|Q9NPD3|EXOS4_HUMAN,/core/www/modules//consensus/?run_id=110202&search_id=114132&scans_id=110198&peptide_id=5881&scanf=14730&charge=2&value=sp|Q9NPD3|EXOS4_HUMAN,1,/core/www/modules/match_peptides/blast_html4.php?run_id=110202&search_id=114132&scans_id=110198&peptide_id=5881&scanf=14730&charge=2&value=1,R.VLEAAAQAAR.D,/core/www/modules/show_out/show_out_wrapper.php?run_id=110202&search_id=114132&scans_id=110198&peptide_id=5881&scanf=14730&charge=2&value=R.VLEAAAQAAR.D,EXOSC4,1.002e+7,2.088,0.081,1.091,0.003
14731,3,"  3.561","  0.599",15/56,/core/www/modules//sdig/index.php?run_id=110202&search_id=114132&scans_id=110198&peptide_id=5882&scanf=14731&charge=3&value=15/56,sp|P26640|SYVC_HUMAN,/core/www/modules//consensus/?run_id=110202&search_id=114132&scans_id=110198&peptide_id=5882&scanf=14731&charge=3&value=sp|P26640|SYVC_HUMAN,1,/core/www/modules/match_peptides/blast_html4.php?run_id=110202&search_id=114132&scans_id=110198&peptide_id=5882&scanf=14731&charge=3&value=1,K.ITPAHDQNDYEVGQR.H,/core/www/modules/show_out/show_out_wrapper.php?run_id=110202&search_id=114132&scans_id=110198&peptide_id=5882&scanf=14731&charge=3&value=K.ITPAHDQNDYEVGQR.H,VARS1,1.056e+7,3.462,0.001,3.091,0.000
14733,2,"  1.945","  0.325",6/16,/core/www/modules//sdig/index.php?run_id=110202&search_id=114132&scans_id=110198&peptide_id=5884&scanf=14733&charge=2&value=6/16,tr|A0A2R8Y731|A0A2R8Y731_HUMAN,/core/www/modules//consensus/?run_id=110202&search_id=114132&scans_id=110198&peptide_id=5884&scanf=14733&charge=2&value=tr|A0A2R8Y731|A0A2R8Y731_HUMAN,0,/core/www/modules/match_peptides/blast_html4.php?run_id=110202&search_id=114132&scans_id=110198&peptide_id=5884&scanf=14733&charge=2&value=0,R.IDGSGEEIR.W,/core/www/modules/show_out/show_out_wrapper.php?run_id=110202&search_id=114132&scans_id=110198&peptide_id=5884&scanf=14733&charge=2&value=R.IDGSGEEIR.W,RPS27,8.168e+6,2.319,0.039,1.413,0.001
14734,2,"  2.695","  0.550",12/22,/core/www/modules//sdig/index.php?run_id=110202&search_id=114132&scans_id=110198&peptide_id=5885&scanf=14734&charge=2&value=12/22,sp|Q92616|GCN1_HUMAN,/core/www/modules//consensus/?run_id=110202&search_id=114132&scans_id=110198&peptide_id=5885&scanf=14734&charge=2&value=sp|Q92616|GCN1_HUMAN,0,/core/www/modules/match_peptides/blast_html4.php?run_id=110202&search_id=114132&scans_id=110198&peptide_id=5885&scanf=14734&charge=2&value=0,K.NAPNDASYDAVR.Q,/core/www/modules/show_out/show_out_wrapper.php?run_id=110202&search_id=114132&scans_id=110198&peptide_id=5885&scanf=14734&charge=2&value=K.NAPNDASYDAVR.Q,GCN1,8.692e+6,3.444,0.001,3.065,0.000
14740,2,"  3.328","  0.623",13/22,/core/www/modules//sdig/index.php?run_id=110202&search_id=114132&scans_id=110198&peptide_id=5892&scanf=14740&charge=2&value=13/22,sp|Q14669|TRIPC_HUMAN,/core/www/modules//consensus/?run_id=110202&search_id=114132&scans_id=110198&peptide_id=5892&scanf=14740&charge=2&value=sp|Q14669|TRIPC_HUMAN,2,/core/www/modules/match_peptides/blast_html4.php?run_id=110202&search_id=114132&scans_id=110198&peptide_id=5892&scanf=14740&charge=2&value=2,R.ESTDDESNPLGR.A,/core/www/modules/show_out/show_out_wrapper.php?run_id=110202&search_id=114132&scans_id=110198&peptide_id=5892&scanf=14740&charge=2&value=R.ESTDDESNPLGR.A,TRIP12,6.250e+6,3.730,0.000,3.489,0.000
14743,3,"  3.349","  0.328",13/36,/core/www/modules//sdig/index.php?run_id=110202&search_id=114132&scans_id=110198&peptide_id=5895&scanf=14743&charge=3&value=13/36,sp|Q9H967|WDR76_HUMAN,/core/www/modules//consensus/?run_id=110202&search_id=114132&scans_id=110198&peptide_id=5895&scanf=14743&charge=3&value=sp|Q9H967|WDR76_HUMAN,1,/core/www/modules/match_peptides/blast_html4.php?run_id=110202&search_id=114132&scans_id=110198&peptide_id=5895&scanf=14743&charge=3&value=1,R.RVEIFHETGK.R,/core/www/modules/show_out/show_out_wrapper.php?run_id=110202&search_id=114132&scans_id=110198&peptide_id=5895&scanf=14743&charge=3&value=R.RVEIFHETGK.R,WDR76,5.344e+6,2.560,0.017,1.762,0.000
14745,2,"  1.730","  0.244",6/14,/core/www/modules//sdig/index.php?run_id=110202&search_id=114132&scans_id=110198&peptide_id=5897&scanf=14745&charge=2&value=6/14,sp|O75821|EIF3G_HUMAN,/core/www/modules//consensus/?run_id=110202&search_id=114132&scans_id=110198&peptide_id=5897&scanf=14745&charge=2&value=sp|O75821|EIF3G_HUMAN,3,/core/www/modules/match_peptides/blast_html4.php?run_id=110202&search_id=114132&scans_id=110198&peptide_id=5897&scanf=14745&charge=2&value=3,K.DTLGPMQK.E,/core/www/modules/show_out/show_out_wrapper.php?run_id=110202&search_id=114132&scans_id=110198&peptide_id=5897&scanf=14745&charge=2&value=K.DTLGPMQK.E,EIF3G,5.316e+6,2.219,0.054,1.272,0.002
14748,3,"  1.655","  0.295",8/32,/core/www/modules//sdig/index.php?run_id=110202&search_id=114132&scans_id=110198&peptide_id=5899&scanf=14748&charge=3&value=8/32,sp|P17844|DDX5_HUMAN,/core/www/modules//consensus/?run_id=110202&search_id=114132&scans_id=110198&peptide_id=5899&scanf=14748&charge=3&value=sp|P17844|DDX5_HUMAN,10,/core/www/modules/match_peptides/blast_html4.php?run_id=110202&search_id=114132&scans_id=110198&peptide_id=5899&scanf=14748&charge=3&value=10,K.IVDQIRPDR.Q,/core/www/modules/show_out/show_out_wrapper.php?run_id=110202&search_id=114132&scans_id=110198&peptide_id=5899&scanf=14748&charge=3&value=K.IVDQIRPDR.Q,DDX5,2.320e+8,2.613,0.014,1.839,0.000
14756,2,"  3.928","  0.653",14/22,/core/www/modules//sdig/index.php?run_id=110202&search_id=114132&scans_id=110198&peptide_id=5908&scanf=14756&charge=2&value=14/22,sp|Q9UQE7|SMC3_HUMAN,/core/www/modules//consensus/?run_id=110202&search_id=114132&scans_id=110198&peptide_id=5908&scanf=14756&charge=2&value=sp|Q9UQE7|SMC3_HUMAN,0,/core/www/modules/match_peptides/blast_html4.php?run_id=110202&search_id=114132&scans_id=110198&peptide_id=5908&scanf=14756&charge=2&value=0,R.EENAEQQALAAK.R,/core/www/modules/show_out/show_out_wrapper.php?run_id=110202&search_id=114132&scans_id=110198&peptide_id=5908&scanf=14756&charge=2&value=R.EENAEQQALAAK.R,SMC3,2.946e+7,3.993,0.000,3.880,0.000
14757,2,"  3.250","  0.633",13/20,/core/www/modules//sdig/index.php?run_id=110202&search_id=114132&scans_id=110198&peptide_id=5909&scanf=14757&charge=2&value=13/20,sp|P26373|RL13_HUMAN,/core/www/modules//consensus/?run_id=110202&search_id=114132&scans_id=110198&peptide_id=5909&scanf=14757&charge=2&value=sp|P26373|RL13_HUMAN,1,/core/www/modules/match_peptides/blast_html4.php?run_id=110202&search_id=114132&scans_id=110198&peptide_id=5909&scanf=14757&charge=2&value=1,K.STESLQANVQR.L,/core/www/modules/show_out/show_out_wrapper.php?run_id=110202&search_id=114132&scans_id=110198&peptide_id=5909&scanf=14757&charge=2&value=K.STESLQANVQR.L,RPL13,1.184e+8,3.778,0.000,3.560,0.000
14770,2,"  4.808","  0.672",21/32,/core/www/modules//sdig/index.php?run_id=110202&search_id=114132&scans_id=110198&peptide_id=5923&scanf=14770&charge=2&value=21/32,sp|O76094|SRP72_HUMAN,/core/www/modules//consensus/?run_id=110202&search_id=114132&scans_id=110198&peptide_id=5923&scanf=14770&charge=2&value=sp|O76094|SRP72_HUMAN,0,/core/www/modules/match_peptides/blast_html4.php?run_id=110202&search_id=114132&scans_id=110198&peptide_id=5923&scanf=14770&charge=2&value=0,K.GTQGATAGASSELDASK.T,/core/www/modules/show_out/show_out_wrapper.php?run_id=110202&search_id=114132&scans_id=110198&peptide_id=5923&scanf=14770&charge=2&value=K.GTQGATAGASSELDASK.T,SRP72,9.593e+6,3.816,0.000,3.617,0.000
14772,3,"  2.287","  0.026",7/36,/core/www/modules//sdig/index.php?run_id=110202&search_id=114132&scans_id=110198&peptide_id=5925&scanf=14772&charge=3&value=7/36,sp|P46782|RS5_HUMAN,/core/www/modules//consensus/?run_id=110202&search_id=114132&scans_id=110198&peptide_id=5925&scanf=14772&charge=3&value=sp|P46782|RS5_HUMAN,2,/core/www/modules/match_peptides/blast_html4.php?run_id=110202&search_id=114132&scans_id=110198&peptide_id=5925&scanf=14772&charge=3&value=2,R.LTNSM*MM*HGR.N,/core/www/modules/show_out/show_out_wrapper.php?run_id=110202&search_id=114132&scans_id=110198&peptide_id=5925&scanf=14772&charge=3&value=R.LTNSM*MM*HGR.N,RPS5,9.424e+6,2.056,0.090,1.047,0.004
14775,2,"  2.635","  0.392",10/16,/core/www/modules//sdig/index.php?run_id=110202&search_id=114132&scans_id=110198&peptide_id=5928&scanf=14775&charge=2&value=10/16,sp|Q9NWH9|SLTM_HUMAN,/core/www/modules//consensus/?run_id=110202&search_id=114132&scans_id=110198&peptide_id=5928&scanf=14775&charge=2&value=sp|Q9NWH9|SLTM_HUMAN,2,/core/www/modules/match_peptides/blast_html4.php?run_id=110202&search_id=114132&scans_id=110198&peptide_id=5928&scanf=14775&charge=2&value=2,K.KLSLDTDAR.F,/core/www/modules/show_out/show_out_wrapper.php?run_id=110202&search_id=114132&scans_id=110198&peptide_id=5928&scanf=14775&charge=2&value=K.KLSLDTDAR.F,SLTM,6.960e+6,2.682,0.012,1.939,0.000
14777,3,"  2.811","  0.035",12/36,/core/www/modules//sdig/index.php?run_id=110202&search_id=114132&scans_id=110198&peptide_id=5930&scanf=14777&charge=3&value=12/36,sp|P46782|RS5_HUMAN,/core/www/modules//consensus/?run_id=110202&search_id=114132&scans_id=110198&peptide_id=5930&scanf=14777&charge=3&value=sp|P46782|RS5_HUMAN,2,/core/www/modules/match_peptides/blast_html4.php?run_id=110202&search_id=114132&scans_id=110198&peptide_id=5930&scanf=14777&charge=3&value=2,R.LTNSMM*MHGR.N,/core/www/modules/show_out/show_out_wrapper.php?run_id=110202&search_id=114132&scans_id=110198&peptide_id=5930&scanf=14777&charge=3&value=R.LTNSMM*MHGR.N,RPS5,4.866e+6,2.937,0.005,2.315,0.000
14778,3,"  3.511","  0.513",14/32,/core/www/modules//sdig/index.php?run_id=110202&search_id=114132&scans_id=110198&peptide_id=5931&scanf=14778&charge=3&value=14/32,sp|P47897|SYQ_HUMAN,/core/www/modules//consensus/?run_id=110202&search_id=114132&scans_id=110198&peptide_id=5931&scanf=14778&charge=3&value=sp|P47897|SYQ_HUMAN,8,/core/www/modules/match_peptides/blast_html4.php?run_id=110202&search_id=114132&scans_id=110198&peptide_id=5931&scanf=14778&charge=3&value=8,R.HRPQLLVER.Y,/core/www/modules/show_out/show_out_wrapper.php?run_id=110202&search_id=114132&scans_id=110198&peptide_id=5931&scanf=14778&charge=3&value=R.HRPQLLVER.Y,QARS1,1.006e+7,3.622,0.000,3.329,0.000
14779,2,"  2.026","  0.264",9/14,/core/www/modules//sdig/index.php?run_id=110202&search_id=114132&scans_id=110198&peptide_id=5932&scanf=14779&charge=2&value=9/14,sp|P36578|RL4_HUMAN,/core/www/modules//consensus/?run_id=110202&search_id=114132&scans_id=110198&peptide_id=5932&scanf=14779&charge=2&value=sp|P36578|RL4_HUMAN,1,/core/www/modules/match_peptides/blast_html4.php?run_id=110202&search_id=114132&scans_id=110198&peptide_id=5932&scanf=14779&charge=2&value=1,K.M*INTDLSR.I,/core/www/modules/show_out/show_out_wrapper.php?run_id=110202&search_id=114132&scans_id=110198&peptide_id=5932&scanf=14779&charge=2&value=K.M*INTDLSR.I,RPL4,1.159e+8,2.643,0.013,1.883,0.000
14781,2,"  2.757","  0.549",13/24,/core/www/modules//sdig/index.php?run_id=110202&search_id=114132&scans_id=110198&peptide_id=5934&scanf=14781&charge=2&value=13/24,sp|P52789|HXK2_HUMAN,/core/www/modules//consensus/?run_id=110202&search_id=114132&scans_id=110198&peptide_id=5934&scanf=14781&charge=2&value=sp|P52789|HXK2_HUMAN,1,/core/www/modules/match_peptides/blast_html4.php?run_id=110202&search_id=114132&scans_id=110198&peptide_id=5934&scanf=14781&charge=2&value=1,K.GLGATTHPTAAVK.M,/core/www/modules/show_out/show_out_wrapper.php?run_id=110202&search_id=114132&scans_id=110198&peptide_id=5934&scanf=14781&charge=2&value=K.GLGATTHPTAAVK.M,HK2,3.792e+6,3.224,0.002,2.739,0.000
14784,3,"  3.006","  0.254",12/44,/core/www/modules//sdig/index.php?run_id=110202&search_id=114132&scans_id=110198&peptide_id=5937&scanf=14784&charge=3&value=12/44,sp|P15311|EZRI_HUMAN,/core/www/modules//consensus/?run_id=110202&search_id=114132&scans_id=110198&peptide_id=5937&scanf=14784&charge=3&value=sp|P15311|EZRI_HUMAN,5,/core/www/modules/match_peptides/blast_html4.php?run_id=110202&search_id=114132&scans_id=110198&peptide_id=5937&scanf=14784&charge=3&value=5,R.RKPDTIEVQQM*K.A,/core/www/modules/show_out/show_out_wrapper.php?run_id=110202&search_id=114132&scans_id=110198&peptide_id=5937&scanf=14784&charge=3&value=R.RKPDTIEVQQM*K.A,EZR,3.398e+6,2.107,0.077,1.116,0.003
14789,2,"  2.274","  0.473",11/18,/core/www/modules//sdig/index.php?run_id=110202&search_id=114132&scans_id=110198&peptide_id=5941&scanf=14789&charge=2&value=11/18,sp|P51114|FXR1_HUMAN,/core/www/modules//consensus/?run_id=110202&search_id=114132&scans_id=110198&peptide_id=5941&scanf=14789&charge=2&value=sp|P51114|FXR1_HUMAN,5,/core/www/modules/match_peptides/blast_html4.php?run_id=110202&search_id=114132&scans_id=110198&peptide_id=5941&scanf=14789&charge=2&value=5,R.IYGESADAVK.K,/core/www/modules/show_out/show_out_wrapper.php?run_id=110202&search_id=114132&scans_id=110198&peptide_id=5941&scanf=14789&charge=2&value=R.IYGESADAVK.K,FXR1,4.203e+7,3.171,0.002,2.661,0.000
14790,3,"  3.942","  0.568",16/40,/core/www/modules//sdig/index.php?run_id=110202&search_id=114132&scans_id=110198&peptide_id=5943&scanf=14790&charge=3&value=16/40,sp|Q9Y6V7|DDX49_HUMAN,/core/www/modules//consensus/?run_id=110202&search_id=114132&scans_id=110198&peptide_id=5943&scanf=14790&charge=3&value=sp|Q9Y6V7|DDX49_HUMAN,0,/core/www/modules/match_peptides/blast_html4.php?run_id=110202&search_id=114132&scans_id=110198&peptide_id=5943&scanf=14790&charge=3&value=0,R.KPHVVIATPGR.L,/core/www/modules/show_out/show_out_wrapper.php?run_id=110202&search_id=114132&scans_id=110198&peptide_id=5943&scanf=14790&charge=3&value=R.KPHVVIATPGR.L,DDX49,1.549e+7,3.714,0.000,3.466,0.000
14794,2,"  1.645","  0.147",7/12,/core/www/modules//sdig/index.php?run_id=110202&search_id=114132&scans_id=110198&peptide_id=5947&scanf=14794&charge=2&value=7/12,sp|Q13435|SF3B2_HUMAN,/core/www/modules//consensus/?run_id=110202&search_id=114132&scans_id=110198&peptide_id=5947&scanf=14794&charge=2&value=sp|Q13435|SF3B2_HUMAN,3,/core/www/modules/match_peptides/blast_html4.php?run_id=110202&search_id=114132&scans_id=110198&peptide_id=5947&scanf=14794&charge=2&value=3,K.IPQALEK.I,/core/www/modules/show_out/show_out_wrapper.php?run_id=110202&search_id=114132&scans_id=110198&peptide_id=5947&scanf=14794&charge=2&value=K.IPQALEK.I,SF3B2,2.128e+7,2.122,0.073,1.137,0.002
14799,2,"  2.152","  0.199",9/14,/core/www/modules//sdig/index.php?run_id=110202&search_id=114132&scans_id=110198&peptide_id=5952&scanf=14799&charge=2&value=9/14,sp|Q9NVP2|ASF1B_HUMAN,/core/www/modules//consensus/?run_id=110202&search_id=114132&scans_id=110198&peptide_id=5952&scanf=14799&charge=2&value=sp|Q9NVP2|ASF1B_HUMAN,2,/core/www/modules/match_peptides/blast_html4.php?run_id=110202&search_id=114132&scans_id=110198&peptide_id=5952&scanf=14799&charge=2&value=2,R.NILASNPR.V,/core/www/modules/show_out/show_out_wrapper.php?run_id=110202&search_id=114132&scans_id=110198&peptide_id=5952&scanf=14799&charge=2&value=R.NILASNPR.V,ASF1B,1.251e+7,2.364,0.033,1.478,0.001
14800,2,"  1.738","  0.366",9/16,/core/www/modules//sdig/index.php?run_id=110202&search_id=114132&scans_id=110198&peptide_id=5954&scanf=14800&charge=2&value=9/16,sp|Q07955|SRSF1_HUMAN,/core/www/modules//consensus/?run_id=110202&search_id=114132&scans_id=110198&peptide_id=5954&scanf=14800&charge=2&value=sp|Q07955|SRSF1_HUMAN,1,/core/www/modules/match_peptides/blast_html4.php?run_id=110202&search_id=114132&scans_id=110198&peptide_id=5954&scanf=14800&charge=2&value=1,R.DGYDYDGYR.L,/core/www/modules/show_out/show_out_wrapper.php?run_id=110202&search_id=114132&scans_id=110198&peptide_id=5954&scanf=14800&charge=2&value=R.DGYDYDGYR.L,SRSF1,5.713e+6,2.872,0.006,2.219,0.000
14801,3,"  1.655","  0.220",14/56,/core/www/modules//sdig/index.php?run_id=110202&search_id=114132&scans_id=110198&peptide_id=5955&scanf=14801&charge=3&value=14/56,sp|P06396|GELS_HUMAN,/core/www/modules//consensus/?run_id=110202&search_id=114132&scans_id=110198&peptide_id=5955&scanf=14801&charge=3&value=sp|P06396|GELS_HUMAN,3,/core/www/modules/match_peptides/blast_html4.php?run_id=110202&search_id=114132&scans_id=110198&peptide_id=5955&scanf=14801&charge=3&value=3,K.DSQEEEKTEALTSAK.R,/core/www/modules/show_out/show_out_wrapper.php?run_id=110202&search_id=114132&scans_id=110198&peptide_id=5955&scanf=14801&charge=3&value=K.DSQEEEKTEALTSAK.R,GSN,1.803e+7,1.818,0.182,0.741,0.010
14804,2,"  2.803","  0.534",10/22,/core/www/modules//sdig/index.php?run_id=110202&search_id=114132&scans_id=110198&peptide_id=5958&scanf=14804&charge=2&value=10/22,sp|P14314|GLU2B_HUMAN,/core/www/modules//consensus/?run_id=110202&search_id=114132&scans_id=110198&peptide_id=5958&scanf=14804&charge=2&value=sp|P14314|GLU2B_HUMAN,2,/core/www/modules/match_peptides/blast_html4.php?run_id=110202&search_id=114132&scans_id=110198&peptide_id=5958&scanf=14804&charge=2&value=2,K.ETMVTSTTEPSR.C,/core/www/modules/show_out/show_out_wrapper.php?run_id=110202&search_id=114132&scans_id=110198&peptide_id=5958&scanf=14804&charge=2&value=K.ETMVTSTTEPSR.C,PRKCSH,4.868e+6,2.913,0.005,2.280,0.000
14810,2,"  2.200","  0.417",9/16,/core/www/modules//sdig/index.php?run_id=110202&search_id=114132&scans_id=110198&peptide_id=5964&scanf=14810&charge=2&value=9/16,sp|Q9UQE7|SMC3_HUMAN,/core/www/modules//consensus/?run_id=110202&search_id=114132&scans_id=110198&peptide_id=5964&scanf=14810&charge=2&value=sp|Q9UQE7|SMC3_HUMAN,0,/core/www/modules/match_peptides/blast_html4.php?run_id=110202&search_id=114132&scans_id=110198&peptide_id=5964&scanf=14810&charge=2&value=0,K.SLDQAINDK.K,/core/www/modules/show_out/show_out_wrapper.php?run_id=110202&search_id=114132&scans_id=110198&peptide_id=5964&scanf=14810&charge=2&value=K.SLDQAINDK.K,SMC3,2.115e+7,3.024,0.004,2.444,0.000
14811,3,"  2.506","  0.396",15/44,/core/www/modules//sdig/index.php?run_id=110202&search_id=114132&scans_id=110198&peptide_id=5965&scanf=14811&charge=3&value=15/44,sp|Q12906|ILF3_HUMAN,/core/www/modules//consensus/?run_id=110202&search_id=114132&scans_id=110198&peptide_id=5965&scanf=14811&charge=3&value=sp|Q12906|ILF3_HUMAN,0,/core/www/modules/match_peptides/blast_html4.php?run_id=110202&search_id=114132&scans_id=110198&peptide_id=5965&scanf=14811&charge=3&value=0,K.HGKNPVMELNEK.R,/core/www/modules/show_out/show_out_wrapper.php?run_id=110202&search_id=114132&scans_id=110198&peptide_id=5965&scanf=14811&charge=3&value=K.HGKNPVMELNEK.R,ILF3,2.478e+7,2.772,0.008,2.072,0.000
14812,2,"  3.077","  0.415",16/22,/core/www/modules//sdig/index.php?run_id=110202&search_id=114132&scans_id=110198&peptide_id=5966&scanf=14812&charge=2&value=16/22,sp|P63104|1433Z_HUMAN,/core/www/modules//consensus/?run_id=110202&search_id=114132&scans_id=110198&peptide_id=5966&scanf=14812&charge=2&value=sp|P63104|1433Z_HUMAN,4,/core/www/modules/match_peptides/blast_html4.php?run_id=110202&search_id=114132&scans_id=110198&peptide_id=5966&scanf=14812&charge=2&value=4,R.YLAEVAAGDDKK.G,/core/www/modules/show_out/show_out_wrapper.php?run_id=110202&search_id=114132&scans_id=110198&peptide_id=5966&scanf=14812&charge=2&value=R.YLAEVAAGDDKK.G,YWHAZ,3.332e+7,2.869,0.006,2.215,0.000
14814,2,"  1.812","  0.286",8/12,/core/www/modules//sdig/index.php?run_id=110202&search_id=114132&scans_id=110198&peptide_id=5968&scanf=14814&charge=2&value=8/12,sp|P56192|SYMC_HUMAN,/core/www/modules//consensus/?run_id=110202&search_id=114132&scans_id=110198&peptide_id=5968&scanf=14814&charge=2&value=sp|P56192|SYMC_HUMAN,1,/core/www/modules/match_peptides/blast_html4.php?run_id=110202&search_id=114132&scans_id=110198&peptide_id=5968&scanf=14814&charge=2&value=1,R.AGMFVSK.F,/core/www/modules/show_out/show_out_wrapper.php?run_id=110202&search_id=114132&scans_id=110198&peptide_id=5968&scanf=14814&charge=2&value=R.AGMFVSK.F,MARS1,1.048e+7,2.746,0.009,2.034,0.000
14815,2,"  1.507","  0.197",8/12,/core/www/modules//sdig/index.php?run_id=110202&search_id=114132&scans_id=110198&peptide_id=5969&scanf=14815&charge=2&value=8/12,sp|P07814|SYEP_HUMAN,/core/www/modules//consensus/?run_id=110202&search_id=114132&scans_id=110198&peptide_id=5969&scanf=14815&charge=2&value=sp|P07814|SYEP_HUMAN,2,/core/www/modules/match_peptides/blast_html4.php?run_id=110202&search_id=114132&scans_id=110198&peptide_id=5969&scanf=14815&charge=2&value=2,K.WDVSTTK.A,/core/www/modules/show_out/show_out_wrapper.php?run_id=110202&search_id=114132&scans_id=110198&peptide_id=5969&scanf=14815&charge=2&value=K.WDVSTTK.A,EPRS1,1.148e+7,2.442,0.026,1.590,0.001
14816,2,"  4.403","  0.722",17/26,/core/www/modules//sdig/index.php?run_id=110202&search_id=114132&scans_id=110198&peptide_id=5970&scanf=14816&charge=2&value=17/26,sp|Q14669|TRIPC_HUMAN,/core/www/modules//consensus/?run_id=110202&search_id=114132&scans_id=110198&peptide_id=5970&scanf=14816&charge=2&value=sp|Q14669|TRIPC_HUMAN,2,/core/www/modules/match_peptides/blast_html4.php?run_id=110202&search_id=114132&scans_id=110198&peptide_id=5970&scanf=14816&charge=2&value=2,R.LSTQSNSNNIEPAR.T,/core/www/modules/show_out/show_out_wrapper.php?run_id=110202&search_id=114132&scans_id=110198&peptide_id=5970&scanf=14816&charge=2&value=R.LSTQSNSNNIEPAR.T,TRIP12,7.729e+6,4.161,0.000,4.128,0.000
14819,3,"  1.780","  0.367",10/48,/core/www/modules//sdig/index.php?run_id=110202&search_id=114132&scans_id=110198&peptide_id=5973&scanf=14819&charge=3&value=10/48,sp|Q16352|AINX_HUMAN,/core/www/modules//consensus/?run_id=110202&search_id=114132&scans_id=110198&peptide_id=5973&scanf=14819&charge=3&value=sp|Q16352|AINX_HUMAN,0,/core/www/modules/match_peptides/blast_html4.php?run_id=110202&search_id=114132&scans_id=110198&peptide_id=5973&scanf=14819&charge=3&value=0,R.TNEKEQLQGLNDR.F,/core/www/modules/show_out/show_out_wrapper.php?run_id=110202&search_id=114132&scans_id=110198&peptide_id=5973&scanf=14819&charge=3&value=R.TNEKEQLQGLNDR.F,INA,5.340e+6,2.267,0.046,1.340,0.002
14820,2,"  2.934","  0.278",11/16,/core/www/modules//sdig/index.php?run_id=110202&search_id=114132&scans_id=110198&peptide_id=5975&scanf=14820&charge=2&value=11/16,sp|Q8WTT2|NOC3L_HUMAN,/core/www/modules//consensus/?run_id=110202&search_id=114132&scans_id=110198&peptide_id=5975&scanf=14820&charge=2&value=sp|Q8WTT2|NOC3L_HUMAN,0,/core/www/modules/match_peptides/blast_html4.php?run_id=110202&search_id=114132&scans_id=110198&peptide_id=5975&scanf=14820&charge=2&value=0,K.KPIPLENPK.E,/core/www/modules/show_out/show_out_wrapper.php?run_id=110202&search_id=114132&scans_id=110198&peptide_id=5975&scanf=14820&charge=2&value=K.KPIPLENPK.E,NOC3L,1.273e+7,2.768,0.009,2.066,0.000
14821,2,"  2.425","  0.320",7/14,/core/www/modules//sdig/index.php?run_id=110202&search_id=114132&scans_id=110198&peptide_id=5976&scanf=14821&charge=2&value=7/14,sp|P05141|ADT2_HUMAN,/core/www/modules//consensus/?run_id=110202&search_id=114132&scans_id=110198&peptide_id=5976&scanf=14821&charge=2&value=sp|P05141|ADT2_HUMAN,4,/core/www/modules/match_peptides/blast_html4.php?run_id=110202&search_id=114132&scans_id=110198&peptide_id=5976&scanf=14821&charge=2&value=4,K.TAVAPIER.V,/core/www/modules/show_out/show_out_wrapper.php?run_id=110202&search_id=114132&scans_id=110198&peptide_id=5976&scanf=14821&charge=2&value=K.TAVAPIER.V,SLC25A5,6.934e+7,2.507,0.021,1.684,0.000
14824,2,"  3.544","  0.673",13/22,/core/www/modules//sdig/index.php?run_id=110202&search_id=114132&scans_id=110198&peptide_id=5979&scanf=14824&charge=2&value=13/22,sp|P50750|CDK9_HUMAN,/core/www/modules//consensus/?run_id=110202&search_id=114132&scans_id=110198&peptide_id=5979&scanf=14824&charge=2&value=sp|P50750|CDK9_HUMAN,0,/core/www/modules/match_peptides/blast_html4.php?run_id=110202&search_id=114132&scans_id=110198&peptide_id=5979&scanf=14824&charge=2&value=0,R.NPATTNQTEFER.V,/core/www/modules/show_out/show_out_wrapper.php?run_id=110202&search_id=114132&scans_id=110198&peptide_id=5979&scanf=14824&charge=2&value=R.NPATTNQTEFER.V,CDK9,1.800e+7,3.799,0.000,3.592,0.000
14825,4,"  2.428","  0.074",10/66,/core/www/modules//sdig/index.php?run_id=110202&search_id=114132&scans_id=110198&peptide_id=5980&scanf=14825&charge=4&value=10/66,sp|P15311|EZRI_HUMAN,/core/www/modules//consensus/?run_id=110202&search_id=114132&scans_id=110198&peptide_id=5980&scanf=14825&charge=4&value=sp|P15311|EZRI_HUMAN,5,/core/www/modules/match_peptides/blast_html4.php?run_id=110202&search_id=114132&scans_id=110198&peptide_id=5980&scanf=14825&charge=4&value=5,R.RKPDTIEVQQMK.A,/core/www/modules/show_out/show_out_wrapper.php?run_id=110202&search_id=114132&scans_id=110198&peptide_id=5980&scanf=14825&charge=4&value=R.RKPDTIEVQQMK.A,EZR,3.920e+6,1.836,0.173,0.762,0.009
14826,2,"  2.526","  0.453",9/14,/core/www/modules//sdig/index.php?run_id=110202&search_id=114132&scans_id=110198&peptide_id=5981&scanf=14826&charge=2&value=9/14,sp|Q14152|EIF3A_HUMAN,/core/www/modules//consensus/?run_id=110202&search_id=114132&scans_id=110198&peptide_id=5981&scanf=14826&charge=2&value=sp|Q14152|EIF3A_HUMAN,0,/core/www/modules/match_peptides/blast_html4.php?run_id=110202&search_id=114132&scans_id=110198&peptide_id=5981&scanf=14826&charge=2&value=0,R.MHLSQIQR.H,/core/www/modules/show_out/show_out_wrapper.php?run_id=110202&search_id=114132&scans_id=110198&peptide_id=5981&scanf=14826&charge=2&value=R.MHLSQIQR.H,EIF3A,8.733e+6,3.293,0.001,2.842,0.000
14832,2,"  2.105","  0.316",11/18,/core/www/modules//sdig/index.php?run_id=110202&search_id=114132&scans_id=110198&peptide_id=5987&scanf=14832&charge=2&value=11/18,sp|P40926|MDHM_HUMAN,/core/www/modules//consensus/?run_id=110202&search_id=114132&scans_id=110198&peptide_id=5987&scanf=14832&charge=2&value=sp|P40926|MDHM_HUMAN,1,/core/www/modules/match_peptides/blast_html4.php?run_id=110202&search_id=114132&scans_id=110198&peptide_id=5987&scanf=14832&charge=2&value=1,R.IQEAGTEVVK.A,/core/www/modules/show_out/show_out_wrapper.php?run_id=110202&search_id=114132&scans_id=110198&peptide_id=5987&scanf=14832&charge=2&value=R.IQEAGTEVVK.A,MDH2,1.641e+8,2.680,0.012,1.936,0.000
14833,3,"  2.461","  0.385",12/32,/core/www/modules//sdig/index.php?run_id=110202&search_id=114132&scans_id=110198&peptide_id=5988&scanf=14833&charge=3&value=12/32,sp|Q9H0S4|DDX47_HUMAN,/core/www/modules//consensus/?run_id=110202&search_id=114132&scans_id=110198&peptide_id=5988&scanf=14833&charge=3&value=sp|Q9H0S4|DDX47_HUMAN,1,/core/www/modules/match_peptides/blast_html4.php?run_id=110202&search_id=114132&scans_id=110198&peptide_id=5988&scanf=14833&charge=3&value=1,R.LIDHLENTK.G,/core/www/modules/show_out/show_out_wrapper.php?run_id=110202&search_id=114132&scans_id=110198&peptide_id=5988&scanf=14833&charge=3&value=R.LIDHLENTK.G,DDX47,5.267e+7,3.067,0.003,2.507,0.000
14834,2,"  1.470","  0.285",8/14,/core/www/modules//sdig/index.php?run_id=110202&search_id=114132&scans_id=110198&peptide_id=5989&scanf=14834&charge=2&value=8/14,sp|Q9H4L4|SENP3_HUMAN,/core/www/modules//consensus/?run_id=110202&search_id=114132&scans_id=110198&peptide_id=5989&scanf=14834&charge=2&value=sp|Q9H4L4|SENP3_HUMAN,4,/core/www/modules/match_peptides/blast_html4.php?run_id=110202&search_id=114132&scans_id=110198&peptide_id=5989&scanf=14834&charge=2&value=4,K.YLQAEAVK.K,/core/www/modules/show_out/show_out_wrapper.php?run_id=110202&search_id=114132&scans_id=110198&peptide_id=5989&scanf=14834&charge=2&value=K.YLQAEAVK.K,SENP3,2.525e+8,2.487,0.022,1.656,0.001
14835,3,"  2.244","  0.124",8/32,/core/www/modules//sdig/index.php?run_id=110202&search_id=114132&scans_id=110198&peptide_id=5990&scanf=14835&charge=3&value=8/32,sp|P49368|TCPG_HUMAN,/core/www/modules//consensus/?run_id=110202&search_id=114132&scans_id=110198&peptide_id=5990&scanf=14835&charge=3&value=sp|P49368|TCPG_HUMAN,1,/core/www/modules/match_peptides/blast_html4.php?run_id=110202&search_id=114132&scans_id=110198&peptide_id=5990&scanf=14835&charge=3&value=1,R.IVSRPEELR.E,/core/www/modules/show_out/show_out_wrapper.php?run_id=110202&search_id=114132&scans_id=110198&peptide_id=5990&scanf=14835&charge=3&value=R.IVSRPEELR.E,CCT3,1.098e+7,2.013,0.103,0.989,0.005
14836,2,"  1.993","  0.143",10/14,/core/www/modules//sdig/index.php?run_id=110202&search_id=114132&scans_id=110198&peptide_id=5991&scanf=14836&charge=2&value=10/14,sp|Q13895|BYST_HUMAN,/core/www/modules//consensus/?run_id=110202&search_id=114132&scans_id=110198&peptide_id=5991&scanf=14836&charge=2&value=sp|Q13895|BYST_HUMAN,0,/core/www/modules/match_peptides/blast_html4.php?run_id=110202&search_id=114132&scans_id=110198&peptide_id=5991&scanf=14836&charge=2&value=0,R.ELQSAVPR.D,/core/www/modules/show_out/show_out_wrapper.php?run_id=110202&search_id=114132&scans_id=110198&peptide_id=5991&scanf=14836&charge=2&value=R.ELQSAVPR.D,BYSL,8.247e+6,2.282,0.044,1.360,0.001
14838,2,"  3.670","  0.736",17/24,/core/www/modules//sdig/index.php?run_id=110202&search_id=114132&scans_id=110198&peptide_id=5993&scanf=14838&charge=2&value=17/24,sp|P62306|RUXF_HUMAN,/core/www/modules//consensus/?run_id=110202&search_id=114132&scans_id=110198&peptide_id=5993&scanf=14838&charge=2&value=sp|P62306|RUXF_HUMAN,0,/core/www/modules/match_peptides/blast_html4.php?run_id=110202&search_id=114132&scans_id=110198&peptide_id=5993&scanf=14838&charge=2&value=0,R.GVEEEEEDGEMRE.-,/core/www/modules/show_out/show_out_wrapper.php?run_id=110202&search_id=114132&scans_id=110198&peptide_id=5993&scanf=14838&charge=2&value=R.GVEEEEEDGEMRE.-,SNRPF,4.027e+7,3.845,0.000,3.660,0.000
14839,2,"  2.845","  0.537",10/18,/core/www/modules//sdig/index.php?run_id=110202&search_id=114132&scans_id=110198&peptide_id=5994&scanf=14839&charge=2&value=10/18,sp|P02545|LMNA_HUMAN,/core/www/modules//consensus/?run_id=110202&search_id=114132&scans_id=110198&peptide_id=5994&scanf=14839&charge=2&value=sp|P02545|LMNA_HUMAN,8,/core/www/modules/match_peptides/blast_html4.php?run_id=110202&search_id=114132&scans_id=110198&peptide_id=5994&scanf=14839&charge=2&value=8,R.ITESEEVVSR.E,/core/www/modules/show_out/show_out_wrapper.php?run_id=110202&search_id=114132&scans_id=110198&peptide_id=5994&scanf=14839&charge=2&value=R.ITESEEVVSR.E,LMNA,2.376e+8,3.445,0.001,3.067,0.000
14840,2,"  2.521","  0.491",10/18,/core/www/modules//sdig/index.php?run_id=110202&search_id=114132&scans_id=110198&peptide_id=5996&scanf=14840&charge=2&value=10/18,sp|Q14683|SMC1A_HUMAN,/core/www/modules//consensus/?run_id=110202&search_id=114132&scans_id=110198&peptide_id=5996&scanf=14840&charge=2&value=sp|Q14683|SMC1A_HUMAN,2,/core/www/modules/match_peptides/blast_html4.php?run_id=110202&search_id=114132&scans_id=110198&peptide_id=5996&scanf=14840&charge=2&value=2,R.VIVGGSSEYK.I,/core/www/modules/show_out/show_out_wrapper.php?run_id=110202&search_id=114132&scans_id=110198&peptide_id=5996&scanf=14840&charge=2&value=R.VIVGGSSEYK.I,SMC1A,2.292e+7,3.239,0.002,2.761,0.000
14841,2,"  2.379","  0.193",8/20,/core/www/modules//sdig/index.php?run_id=110202&search_id=114132&scans_id=110198&peptide_id=5997&scanf=14841&charge=2&value=8/20,sp|Q9BTC8|MTA3_HUMAN,/core/www/modules//consensus/?run_id=110202&search_id=114132&scans_id=110198&peptide_id=5997&scanf=14841&charge=2&value=sp|Q9BTC8|MTA3_HUMAN,3,/core/www/modules/match_peptides/blast_html4.php?run_id=110202&search_id=114132&scans_id=110198&peptide_id=5997&scanf=14841&charge=2&value=3,K.LSPSPTTEDPR.V,/core/www/modules/show_out/show_out_wrapper.php?run_id=110202&search_id=114132&scans_id=110198&peptide_id=5997&scanf=14841&charge=2&value=K.LSPSPTTEDPR.V,MTA3,2.086e+7,1.920,0.136,0.867,0.007
14842,2,"  2.897","  0.556",14/18,/core/www/modules//sdig/index.php?run_id=110202&search_id=114132&scans_id=110198&peptide_id=5998&scanf=14842&charge=2&value=14/18,sp|Q14151|SAFB2_HUMAN,/core/www/modules//consensus/?run_id=110202&search_id=114132&scans_id=110198&peptide_id=5998&scanf=14842&charge=2&value=sp|Q14151|SAFB2_HUMAN,0,/core/www/modules/match_peptides/blast_html4.php?run_id=110202&search_id=114132&scans_id=110198&peptide_id=5998&scanf=14842&charge=2&value=0,K.SKGEPVISVK.T,/core/www/modules/show_out/show_out_wrapper.php?run_id=110202&search_id=114132&scans_id=110198&peptide_id=5998&scanf=14842&charge=2&value=K.SKGEPVISVK.T,SAFB2,2.674e+7,3.517,0.001,3.173,0.000
14854,2,"  1.613","  0.347",10/14,/core/www/modules//sdig/index.php?run_id=110202&search_id=114132&scans_id=110198&peptide_id=6010&scanf=14854&charge=2&value=10/14,sp|Q9BXP5|SRRT_HUMAN,/core/www/modules//consensus/?run_id=110202&search_id=114132&scans_id=110198&peptide_id=6010&scanf=14854&charge=2&value=sp|Q9BXP5|SRRT_HUMAN,1,/core/www/modules/match_peptides/blast_html4.php?run_id=110202&search_id=114132&scans_id=110198&peptide_id=6010&scanf=14854&charge=2&value=1,K.LIHTLDDR.T,/core/www/modules/show_out/show_out_wrapper.php?run_id=110202&search_id=114132&scans_id=110198&peptide_id=6010&scanf=14854&charge=2&value=K.LIHTLDDR.T,SRRT,2.649e+7,3.000,0.004,2.408,0.000
14858,2,"  3.627","  0.617",17/18,/core/www/modules//sdig/index.php?run_id=110202&search_id=114132&scans_id=110198&peptide_id=6014&scanf=14858&charge=2&value=17/18,sp|Q9NQ29|LUC7L_HUMAN,/core/www/modules//consensus/?run_id=110202&search_id=114132&scans_id=110198&peptide_id=6014&scanf=14858&charge=2&value=sp|Q9NQ29|LUC7L_HUMAN,5,/core/www/modules/match_peptides/blast_html4.php?run_id=110202&search_id=114132&scans_id=110198&peptide_id=6014&scanf=14858&charge=2&value=5,K.VHELNEEIGK.L,/core/www/modules/show_out/show_out_wrapper.php?run_id=110202&search_id=114132&scans_id=110198&peptide_id=6014&scanf=14858&charge=2&value=K.VHELNEEIGK.L,LUC7L,4.264e+7,4.214,0.000,4.207,0.000
14859,2,"  1.970","  0.214",8/16,/core/www/modules//sdig/index.php?run_id=110202&search_id=114132&scans_id=110198&peptide_id=6015&scanf=14859&charge=2&value=8/16,sp|P38117|ETFB_HUMAN,/core/www/modules//consensus/?run_id=110202&search_id=114132&scans_id=110198&peptide_id=6015&scanf=14859&charge=2&value=sp|P38117|ETFB_HUMAN,0,/core/www/modules/match_peptides/blast_html4.php?run_id=110202&search_id=114132&scans_id=110198&peptide_id=6015&scanf=14859&charge=2&value=0,R.TALAMGADR.G,/core/www/modules/show_out/show_out_wrapper.php?run_id=110202&search_id=114132&scans_id=110198&peptide_id=6015&scanf=14859&charge=2&value=R.TALAMGADR.G,ETFB,6.321e+6,2.068,0.086,1.063,0.004
14860,2,"  2.337","  0.366",13/18,/core/www/modules//sdig/index.php?run_id=110202&search_id=114132&scans_id=110198&peptide_id=6017&scanf=14860&charge=2&value=13/18,sp|Q08211|DHX9_HUMAN,/core/www/modules//consensus/?run_id=110202&search_id=114132&scans_id=110198&peptide_id=6017&scanf=14860&charge=2&value=sp|Q08211|DHX9_HUMAN,0,/core/www/modules/match_peptides/blast_html4.php?run_id=110202&search_id=114132&scans_id=110198&peptide_id=6017&scanf=14860&charge=2&value=0,R.RISAVSVAER.V,/core/www/modules/show_out/show_out_wrapper.php?run_id=110202&search_id=114132&scans_id=110198&peptide_id=6017&scanf=14860&charge=2&value=R.RISAVSVAER.V,DHX9,1.389e+8,2.994,0.004,2.399,0.000
14863,3,"  3.125","  0.536",16/48,/core/www/modules//sdig/index.php?run_id=110202&search_id=114132&scans_id=110198&peptide_id=6020&scanf=14863&charge=3&value=16/48,sp|Q8IZL8|PELP1_HUMAN,/core/www/modules//consensus/?run_id=110202&search_id=114132&scans_id=110198&peptide_id=6020&scanf=14863&charge=3&value=sp|Q8IZL8|PELP1_HUMAN,4,/core/www/modules/match_peptides/blast_html4.php?run_id=110202&search_id=114132&scans_id=110198&peptide_id=6020&scanf=14863&charge=3&value=4,R.TGSAVAPVHPPNR.S,/core/www/modules/show_out/show_out_wrapper.php?run_id=110202&search_id=114132&scans_id=110198&peptide_id=6020&scanf=14863&charge=3&value=R.TGSAVAPVHPPNR.S,PELP1,6.822e+7,3.392,0.001,2.989,0.000
14866,2,"  1.964","  0.185",7/12,/core/www/modules//sdig/index.php?run_id=110202&search_id=114132&scans_id=110198&peptide_id=6023&scanf=14866&charge=2&value=7/12,sp|Q8NEY8|PPHLN_HUMAN,/core/www/modules//consensus/?run_id=110202&search_id=114132&scans_id=110198&peptide_id=6023&scanf=14866&charge=2&value=sp|Q8NEY8|PPHLN_HUMAN,4,/core/www/modules/match_peptides/blast_html4.php?run_id=110202&search_id=114132&scans_id=110198&peptide_id=6023&scanf=14866&charge=2&value=4,K.EIEQVYR.Q,/core/www/modules/show_out/show_out_wrapper.php?run_id=110202&search_id=114132&scans_id=110198&peptide_id=6023&scanf=14866&charge=2&value=K.EIEQVYR.Q,PPHLN1,1.062e+7,2.220,0.053,1.273,0.002
14868,2,"  1.544","  0.054",9/16,/core/www/modules//sdig/index.php?run_id=110202&search_id=114132&scans_id=110198&peptide_id=6025&scanf=14868&charge=2&value=9/16,sp|P08670|VIME_HUMAN,/core/www/modules//consensus/?run_id=110202&search_id=114132&scans_id=110198&peptide_id=6025&scanf=14868&charge=2&value=sp|P08670|VIME_HUMAN,2,/core/www/modules/match_peptides/blast_html4.php?run_id=110202&search_id=114132&scans_id=110198&peptide_id=6025&scanf=14868&charge=2&value=2,R.LQDEIQNM*K.E,/core/www/modules/show_out/show_out_wrapper.php?run_id=110202&search_id=114132&scans_id=110198&peptide_id=6025&scanf=14868&charge=2&value=R.LQDEIQNM*K.E,VIM,2.061e+7,2.208,0.055,1.257,0.002
14873,2,"  2.270","  0.239",11/12,/core/www/modules//sdig/index.php?run_id=110202&search_id=114132&scans_id=110198&peptide_id=6030&scanf=14873&charge=2&value=11/12,sp|Q8TDN6|BRX1_HUMAN,/core/www/modules//consensus/?run_id=110202&search_id=114132&scans_id=110198&peptide_id=6030&scanf=14873&charge=2&value=sp|Q8TDN6|BRX1_HUMAN,0,/core/www/modules/match_peptides/blast_html4.php?run_id=110202&search_id=114132&scans_id=110198&peptide_id=6030&scanf=14873&charge=2&value=0,R.HLMQDLR.M,/core/www/modules/show_out/show_out_wrapper.php?run_id=110202&search_id=114132&scans_id=110198&peptide_id=6030&scanf=14873&charge=2&value=R.HLMQDLR.M,BRIX1,1.384e+8,3.017,0.004,2.434,0.000
14874,2,"  1.731","  0.190",9/12,/core/www/modules//sdig/index.php?run_id=110202&search_id=114132&scans_id=110198&peptide_id=6031&scanf=14874&charge=2&value=9/12,sp|P62910|RL32_HUMAN,/core/www/modules//consensus/?run_id=110202&search_id=114132&scans_id=110198&peptide_id=6031&scanf=14874&charge=2&value=sp|P62910|RL32_HUMAN,2,/core/www/modules/match_peptides/blast_html4.php?run_id=110202&search_id=114132&scans_id=110198&peptide_id=6031&scanf=14874&charge=2&value=2,K.FLVHNVK.E,/core/www/modules/show_out/show_out_wrapper.php?run_id=110202&search_id=114132&scans_id=110198&peptide_id=6031&scanf=14874&charge=2&value=K.FLVHNVK.E,RPL32,6.186e+7,2.398,0.030,1.527,0.001
14875,2,"  2.496","  0.436",9/12,/core/www/modules//sdig/index.php?run_id=110202&search_id=114132&scans_id=110198&peptide_id=6032&scanf=14875&charge=2&value=9/12,sp|O43707|ACTN4_HUMAN,/core/www/modules//consensus/?run_id=110202&search_id=114132&scans_id=110198&peptide_id=6032&scanf=14875&charge=2&value=sp|O43707|ACTN4_HUMAN,3,/core/www/modules/match_peptides/blast_html4.php?run_id=110202&search_id=114132&scans_id=110198&peptide_id=6032&scanf=14875&charge=2&value=3,K.VQQLVPK.R,/core/www/modules/show_out/show_out_wrapper.php?run_id=110202&search_id=114132&scans_id=110198&peptide_id=6032&scanf=14875&charge=2&value=K.VQQLVPK.R,ACTN4,2.401e+8,3.758,0.000,3.531,0.000
14879,2,"  1.856","  0.114",6/14,/core/www/modules//sdig/index.php?run_id=110202&search_id=114132&scans_id=110198&peptide_id=6036&scanf=14879&charge=2&value=6/14,sp|P08670|VIME_HUMAN,/core/www/modules//consensus/?run_id=110202&search_id=114132&scans_id=110198&peptide_id=6036&scanf=14879&charge=2&value=sp|P08670|VIME_HUMAN,2,/core/www/modules/match_peptides/blast_html4.php?run_id=110202&search_id=114132&scans_id=110198&peptide_id=6036&scanf=14879&charge=2&value=2,K.LQEEM*LQR.E,/core/www/modules/show_out/show_out_wrapper.php?run_id=110202&search_id=114132&scans_id=110198&peptide_id=6036&scanf=14879&charge=2&value=K.LQEEM*LQR.E,VIM,6.072e+7,1.932,0.131,0.883,0.006
14881,3,"  3.647","  0.403",13/44,/core/www/modules//sdig/index.php?run_id=110202&search_id=114132&scans_id=110198&peptide_id=6039&scanf=14881&charge=3&value=13/44,sp|Q8N3U4|STAG2_HUMAN,/core/www/modules//consensus/?run_id=110202&search_id=114132&scans_id=110198&peptide_id=6039&scanf=14881&charge=3&value=sp|Q8N3U4|STAG2_HUMAN,1,/core/www/modules/match_peptides/blast_html4.php?run_id=110202&search_id=114132&scans_id=110198&peptide_id=6039&scanf=14881&charge=3&value=1,R.ITAFHNAHDLSK.W,/core/www/modules/show_out/show_out_wrapper.php?run_id=110202&search_id=114132&scans_id=110198&peptide_id=6039&scanf=14881&charge=3&value=R.ITAFHNAHDLSK.W,STAG2,1.344e+7,2.994,0.004,2.400,0.000
14882,2,"  3.365","  0.561",15/26,/core/www/modules//sdig/index.php?run_id=110202&search_id=114132&scans_id=110198&peptide_id=6040&scanf=14882&charge=2&value=15/26,tr|A0A1B0GTK2|A0A1B0GTK2_HUMAN,/core/www/modules//consensus/?run_id=110202&search_id=114132&scans_id=110198&peptide_id=6040&scanf=14882&charge=2&value=tr|A0A1B0GTK2|A0A1B0GTK2_HUMAN,1,/core/www/modules/match_peptides/blast_html4.php?run_id=110202&search_id=114132&scans_id=110198&peptide_id=6040&scanf=14882&charge=2&value=1,R.SFNQVSSAPGGASK.G,/core/www/modules/show_out/show_out_wrapper.php?run_id=110202&search_id=114132&scans_id=110198&peptide_id=6040&scanf=14882&charge=2&value=R.SFNQVSSAPGGASK.G,LIN28B,1.321e+7,3.286,0.001,2.831,0.000
14883,2,"  2.951","  0.381",12/20,/core/www/modules//sdig/index.php?run_id=110202&search_id=114132&scans_id=110198&peptide_id=6041&scanf=14883&charge=2&value=12/20,sp|Q13098|CSN1_HUMAN,/core/www/modules//consensus/?run_id=110202&search_id=114132&scans_id=110198&peptide_id=6041&scanf=14883&charge=2&value=sp|Q13098|CSN1_HUMAN,1,/core/www/modules/match_peptides/blast_html4.php?run_id=110202&search_id=114132&scans_id=110198&peptide_id=6041&scanf=14883&charge=2&value=1,K.AESTPEIAEQR.G,/core/www/modules/show_out/show_out_wrapper.php?run_id=110202&search_id=114132&scans_id=110198&peptide_id=6041&scanf=14883&charge=2&value=K.AESTPEIAEQR.G,GPS1,9.329e+6,2.851,0.006,2.188,0.000
14884,2,"  2.071","  0.234",7/14,/core/www/modules//sdig/index.php?run_id=110202&search_id=114132&scans_id=110198&peptide_id=6042&scanf=14884&charge=2&value=7/14,sp|P39748|FEN1_HUMAN,/core/www/modules//consensus/?run_id=110202&search_id=114132&scans_id=110198&peptide_id=6042&scanf=14884&charge=2&value=sp|P39748|FEN1_HUMAN,1,/core/www/modules/match_peptides/blast_html4.php?run_id=110202&search_id=114132&scans_id=110198&peptide_id=6042&scanf=14884&charge=2&value=1,K.RAVDLIQK.H,/core/www/modules/show_out/show_out_wrapper.php?run_id=110202&search_id=114132&scans_id=110198&peptide_id=6042&scanf=14884&charge=2&value=K.RAVDLIQK.H,FEN1,6.882e+6,1.962,0.120,0.922,0.005
14885,2,"  2.334","  0.535",9/14,/core/www/modules//sdig/index.php?run_id=110202&search_id=114132&scans_id=110198&peptide_id=6043&scanf=14885&charge=2&value=9/14,sp|Q5MIZ7|P4R3B_HUMAN,/core/www/modules//consensus/?run_id=110202&search_id=114132&scans_id=110198&peptide_id=6043&scanf=14885&charge=2&value=sp|Q5MIZ7|P4R3B_HUMAN,6,/core/www/modules/match_peptides/blast_html4.php?run_id=110202&search_id=114132&scans_id=110198&peptide_id=6043&scanf=14885&charge=2&value=6,K.VYTLNEDR.Q,/core/www/modules/show_out/show_out_wrapper.php?run_id=110202&search_id=114132&scans_id=110198&peptide_id=6043&scanf=14885&charge=2&value=K.VYTLNEDR.Q,PPP4R3B,8.721e+6,3.390,0.001,2.986,0.000
14886,2,"  4.259","  0.609",19/24,/core/www/modules//sdig/index.php?run_id=110202&search_id=114132&scans_id=110198&peptide_id=6044&scanf=14886&charge=2&value=19/24,sp|Q9NR30|DDX21_HUMAN,/core/www/modules//consensus/?run_id=110202&search_id=114132&scans_id=110198&peptide_id=6044&scanf=14886&charge=2&value=sp|Q9NR30|DDX21_HUMAN,1,/core/www/modules/match_peptides/blast_html4.php?run_id=110202&search_id=114132&scans_id=110198&peptide_id=6044&scanf=14886&charge=2&value=1,K.QDAQSLHGDIPQK.Q,/core/www/modules/show_out/show_out_wrapper.php?run_id=110202&search_id=114132&scans_id=110198&peptide_id=6044&scanf=14886&charge=2&value=K.QDAQSLHGDIPQK.Q,DDX21,4.459e+7,4.030,0.000,3.934,0.000
14889,3,"  2.227","  0.352",14/32,/core/www/modules//sdig/index.php?run_id=110202&search_id=114132&scans_id=110198&peptide_id=6047&scanf=14889&charge=3&value=14/32,sp|O14646|CHD1_HUMAN,/core/www/modules//consensus/?run_id=110202&search_id=114132&scans_id=110198&peptide_id=6047&scanf=14889&charge=3&value=sp|O14646|CHD1_HUMAN,0,/core/www/modules/match_peptides/blast_html4.php?run_id=110202&search_id=114132&scans_id=110198&peptide_id=6047&scanf=14889&charge=3&value=0,R.EYGYASLHK.E,/core/www/modules/show_out/show_out_wrapper.php?run_id=110202&search_id=114132&scans_id=110198&peptide_id=6047&scanf=14889&charge=3&value=R.EYGYASLHK.E,CHD1,7.838e+6,3.053,0.003,2.487,0.000
14892,2,"  3.101","  0.562",13/24,/core/www/modules//sdig/index.php?run_id=110202&search_id=114132&scans_id=110198&peptide_id=6051&scanf=14892&charge=2&value=13/24,sp|Q8WX92|NELFB_HUMAN,/core/www/modules//consensus/?run_id=110202&search_id=114132&scans_id=110198&peptide_id=6051&scanf=14892&charge=2&value=sp|Q8WX92|NELFB_HUMAN,1,/core/www/modules/match_peptides/blast_html4.php?run_id=110202&search_id=114132&scans_id=110198&peptide_id=6051&scanf=14892&charge=2&value=1,K.ALEPTGQSGEAVK.E,/core/www/modules/show_out/show_out_wrapper.php?run_id=110202&search_id=114132&scans_id=110198&peptide_id=6051&scanf=14892&charge=2&value=K.ALEPTGQSGEAVK.E,NELFB,1.745e+7,3.288,0.001,2.834,0.000
14895,2,"  2.152","  0.438",9/14,/core/www/modules//sdig/index.php?run_id=110202&search_id=114132&scans_id=110198&peptide_id=6053&scanf=14895&charge=2&value=9/14,sp|O00541|PESC_HUMAN,/core/www/modules//consensus/?run_id=110202&search_id=114132&scans_id=110198&peptide_id=6053&scanf=14895&charge=2&value=sp|O00541|PESC_HUMAN,3,/core/www/modules/match_peptides/blast_html4.php?run_id=110202&search_id=114132&scans_id=110198&peptide_id=6053&scanf=14895&charge=2&value=3,R.LAALEEQR.M,/core/www/modules/show_out/show_out_wrapper.php?run_id=110202&search_id=114132&scans_id=110198&peptide_id=6053&scanf=14895&charge=2&value=R.LAALEEQR.M,PES1,2.386e+7,3.202,0.002,2.707,0.000
14897,3,"  2.560","  0.373",11/32,/core/www/modules//sdig/index.php?run_id=110202&search_id=114132&scans_id=110198&peptide_id=6055&scanf=14897&charge=3&value=11/32,sp|P84098|RL19_HUMAN,/core/www/modules//consensus/?run_id=110202&search_id=114132&scans_id=110198&peptide_id=6055&scanf=14897&charge=3&value=sp|P84098|RL19_HUMAN,3,/core/www/modules/match_peptides/blast_html4.php?run_id=110202&search_id=114132&scans_id=110198&peptide_id=6055&scanf=14897&charge=3&value=3,R.HM*YHSLYLK.V,/core/www/modules/show_out/show_out_wrapper.php?run_id=110202&search_id=114132&scans_id=110198&peptide_id=6055&scanf=14897&charge=3&value=R.HM*YHSLYLK.V,RPL19,1.937e+7,2.937,0.005,2.315,0.000
14898,3,"  5.746","  0.610",20/60,/core/www/modules//sdig/index.php?run_id=110202&search_id=114132&scans_id=110198&peptide_id=6056&scanf=14898&charge=3&value=20/60,sp|Q14980|NUMA1_HUMAN,/core/www/modules//consensus/?run_id=110202&search_id=114132&scans_id=110198&peptide_id=6056&scanf=14898&charge=3&value=sp|Q14980|NUMA1_HUMAN,1,/core/www/modules/match_peptides/blast_html4.php?run_id=110202&search_id=114132&scans_id=110198&peptide_id=6056&scanf=14898&charge=3&value=1,K.AQELGHSQSALASAQR.E,/core/www/modules/show_out/show_out_wrapper.php?run_id=110202&search_id=114132&scans_id=110198&peptide_id=6056&scanf=14898&charge=3&value=K.AQELGHSQSALASAQR.E,NUMA1,3.088e+7,3.841,0.000,3.653,0.000
14903,2,"  4.360","  0.648",18/26,/core/www/modules//sdig/index.php?run_id=110202&search_id=114132&scans_id=110198&peptide_id=6061&scanf=14903&charge=2&value=18/26,sp|O60264|SMCA5_HUMAN,/core/www/modules//consensus/?run_id=110202&search_id=114132&scans_id=110198&peptide_id=6061&scanf=14903&charge=2&value=sp|O60264|SMCA5_HUMAN,0,/core/www/modules/match_peptides/blast_html4.php?run_id=110202&search_id=114132&scans_id=110198&peptide_id=6061&scanf=14903&charge=2&value=0,R.QDSINAYNEPNSTK.F,/core/www/modules/show_out/show_out_wrapper.php?run_id=110202&search_id=114132&scans_id=110198&peptide_id=6061&scanf=14903&charge=2&value=R.QDSINAYNEPNSTK.F,SMARCA5,1.783e+7,4.084,0.000,4.015,0.000
14905,3,"  1.792","  0.251",10/28,/core/www/modules//sdig/index.php?run_id=110202&search_id=114132&scans_id=110198&peptide_id=6063&scanf=14905&charge=3&value=10/28,sp|P49750|YLPM1_HUMAN,/core/www/modules//consensus/?run_id=110202&search_id=114132&scans_id=110198&peptide_id=6063&scanf=14905&charge=3&value=sp|P49750|YLPM1_HUMAN,3,/core/www/modules/match_peptides/blast_html4.php?run_id=110202&search_id=114132&scans_id=110198&peptide_id=6063&scanf=14905&charge=3&value=3,R.DREPYFDR.Q,/core/www/modules/show_out/show_out_wrapper.php?run_id=110202&search_id=114132&scans_id=110198&peptide_id=6063&scanf=14905&charge=3&value=R.DREPYFDR.Q,YLPM1,5.872e+6,2.340,0.036,1.444,0.001
14908,2,"  1.985","  0.380",9/14,/core/www/modules//sdig/index.php?run_id=110202&search_id=114132&scans_id=110198&peptide_id=6066&scanf=14908&charge=2&value=9/14,sp|Q7L014|DDX46_HUMAN,/core/www/modules//consensus/?run_id=110202&search_id=114132&scans_id=110198&peptide_id=6066&scanf=14908&charge=2&value=sp|Q7L014|DDX46_HUMAN,2,/core/www/modules/match_peptides/blast_html4.php?run_id=110202&search_id=114132&scans_id=110198&peptide_id=6066&scanf=14908&charge=2&value=2,K.VVTVVTTK.K,/core/www/modules/show_out/show_out_wrapper.php?run_id=110202&search_id=114132&scans_id=110198&peptide_id=6066&scanf=14908&charge=2&value=K.VVTVVTTK.K,DDX46,2.304e+7,3.045,0.003,2.475,0.000
14912,2,"  1.664","  0.172",9/16,/core/www/modules//sdig/index.php?run_id=110202&search_id=114132&scans_id=110198&peptide_id=6071&scanf=14912&charge=2&value=9/16,sp|Q08J23|NSUN2_HUMAN,/core/www/modules//consensus/?run_id=110202&search_id=114132&scans_id=110198&peptide_id=6071&scanf=14912&charge=2&value=sp|Q08J23|NSUN2_HUMAN,0,/core/www/modules/match_peptides/blast_html4.php?run_id=110202&search_id=114132&scans_id=110198&peptide_id=6071&scanf=14912&charge=2&value=0,R.NVLLNNSEK.M,/core/www/modules/show_out/show_out_wrapper.php?run_id=110202&search_id=114132&scans_id=110198&peptide_id=6071&scanf=14912&charge=2&value=R.NVLLNNSEK.M,NSUN2,7.799e+6,2.123,0.073,1.138,0.002
14917,2,"  3.154","  0.592",15/16,/core/www/modules//sdig/index.php?run_id=110202&search_id=114132&scans_id=110198&peptide_id=6075&scanf=14917&charge=2&value=15/16,sp|Q5SSJ5|HP1B3_HUMAN,/core/www/modules//consensus/?run_id=110202&search_id=114132&scans_id=110198&peptide_id=6075&scanf=14917&charge=2&value=sp|Q5SSJ5|HP1B3_HUMAN,2,/core/www/modules/match_peptides/blast_html4.php?run_id=110202&search_id=114132&scans_id=110198&peptide_id=6075&scanf=14917&charge=2&value=2,R.KYVSQYYPK.L,/core/www/modules/show_out/show_out_wrapper.php?run_id=110202&search_id=114132&scans_id=110198&peptide_id=6075&scanf=14917&charge=2&value=R.KYVSQYYPK.L,HP1BP3,2.739e+7,3.896,0.000,3.735,0.000
14918,2,"  1.723","  0.166",8/14,/core/www/modules//sdig/index.php?run_id=110202&search_id=114132&scans_id=110198&peptide_id=6076&scanf=14918&charge=2&value=8/14,sp|P11388|TOP2A_HUMAN,/core/www/modules//consensus/?run_id=110202&search_id=114132&scans_id=110198&peptide_id=6076&scanf=14918&charge=2&value=sp|P11388|TOP2A_HUMAN,5,/core/www/modules/match_peptides/blast_html4.php?run_id=110202&search_id=114132&scans_id=110198&peptide_id=6076&scanf=14918&charge=2&value=5,K.ENMTLQPK.S,/core/www/modules/show_out/show_out_wrapper.php?run_id=110202&search_id=114132&scans_id=110198&peptide_id=6076&scanf=14918&charge=2&value=K.ENMTLQPK.S,TOP2A,3.872e+7,2.295,0.042,1.379,0.001
14919,2,"  1.979","  0.359",10/16,/core/www/modules//sdig/index.php?run_id=110202&search_id=114132&scans_id=110198&peptide_id=6077&scanf=14919&charge=2&value=10/16,sp|P62333|PRS10_HUMAN,/core/www/modules//consensus/?run_id=110202&search_id=114132&scans_id=110198&peptide_id=6077&scanf=14919&charge=2&value=sp|P62333|PRS10_HUMAN,3,/core/www/modules/match_peptides/blast_html4.php?run_id=110202&search_id=114132&scans_id=110198&peptide_id=6077&scanf=14919&charge=2&value=3,K.VVSSSIVDK.Y,/core/www/modules/show_out/show_out_wrapper.php?run_id=110202&search_id=114132&scans_id=110198&peptide_id=6077&scanf=14919&charge=2&value=K.VVSSSIVDK.Y,PSMC6,2.599e+7,2.863,0.006,2.206,0.000
14921,3,"  2.779","  0.483",14/40,/core/www/modules//sdig/index.php?run_id=110202&search_id=114132&scans_id=110198&peptide_id=6080&scanf=14921&charge=3&value=14/40,sp|P56192|SYMC_HUMAN,/core/www/modules//consensus/?run_id=110202&search_id=114132&scans_id=110198&peptide_id=6080&scanf=14921&charge=3&value=sp|P56192|SYMC_HUMAN,1,/core/www/modules/match_peptides/blast_html4.php?run_id=110202&search_id=114132&scans_id=110198&peptide_id=6080&scanf=14921&charge=3&value=1,R.ALTHIDHSLSR.Q,/core/www/modules/show_out/show_out_wrapper.php?run_id=110202&search_id=114132&scans_id=110198&peptide_id=6080&scanf=14921&charge=3&value=R.ALTHIDHSLSR.Q,MARS1,2.687e+7,3.290,0.001,2.837,0.000
14922,2,"  2.042","  0.101",7/12,/core/www/modules//sdig/index.php?run_id=110202&search_id=114132&scans_id=110198&peptide_id=6081&scanf=14922&charge=2&value=7/12,sp|Q9NQ55|SSF1_HUMAN,/core/www/modules//consensus/?run_id=110202&search_id=114132&scans_id=110198&peptide_id=6081&scanf=14922&charge=2&value=sp|Q9NQ55|SSF1_HUMAN,4,/core/www/modules/match_peptides/blast_html4.php?run_id=110202&search_id=114132&scans_id=110198&peptide_id=6081&scanf=14922&charge=2&value=4,R.LTEIGPR.M,/core/www/modules/show_out/show_out_wrapper.php?run_id=110202&search_id=114132&scans_id=110198&peptide_id=6081&scanf=14922&charge=2&value=R.LTEIGPR.M,PPAN,1.783e+7,1.971,0.116,0.934,0.005
14923,2,"  1.641","  0.343",7/12,/core/www/modules//sdig/index.php?run_id=110202&search_id=114132&scans_id=110198&peptide_id=6082&scanf=14923&charge=2&value=7/12,sp|Q15149|PLEC_HUMAN,/core/www/modules//consensus/?run_id=110202&search_id=114132&scans_id=110198&peptide_id=6082&scanf=14923&charge=2&value=sp|Q15149|PLEC_HUMAN,4,/core/www/modules/match_peptides/blast_html4.php?run_id=110202&search_id=114132&scans_id=110198&peptide_id=6082&scanf=14923&charge=2&value=4,K.FAEQTLR.Q,/core/www/modules/show_out/show_out_wrapper.php?run_id=110202&search_id=114132&scans_id=110198&peptide_id=6082&scanf=14923&charge=2&value=K.FAEQTLR.Q,PLEC,2.313e+7,3.180,0.002,2.674,0.000
14924,2,"  3.040","  0.583",13/22,/core/www/modules//sdig/index.php?run_id=110202&search_id=114132&scans_id=110198&peptide_id=6083&scanf=14924&charge=2&value=13/22,sp|P20700|LMNB1_HUMAN,/core/www/modules//consensus/?run_id=110202&search_id=114132&scans_id=110198&peptide_id=6083&scanf=14924&charge=2&value=sp|P20700|LMNB1_HUMAN,0,/core/www/modules/match_peptides/blast_html4.php?run_id=110202&search_id=114132&scans_id=110198&peptide_id=6083&scanf=14924&charge=2&value=0,K.NQNSWGTGEDVK.V,/core/www/modules/show_out/show_out_wrapper.php?run_id=110202&search_id=114132&scans_id=110198&peptide_id=6083&scanf=14924&charge=2&value=K.NQNSWGTGEDVK.V,LMNB1,1.883e+7,3.429,0.001,3.044,0.000
14925,2,"  3.015","  0.454",16/24,/core/www/modules//sdig/index.php?run_id=110202&search_id=114132&scans_id=110198&peptide_id=6084&scanf=14925&charge=2&value=16/24,sp|Q96QD9|UIF_HUMAN,/core/www/modules//consensus/?run_id=110202&search_id=114132&scans_id=110198&peptide_id=6084&scanf=14925&charge=2&value=sp|Q96QD9|UIF_HUMAN,1,/core/www/modules/match_peptides/blast_html4.php?run_id=110202&search_id=114132&scans_id=110198&peptide_id=6084&scanf=14925&charge=2&value=1,R.LVGATATSSPPPK.A,/core/www/modules/show_out/show_out_wrapper.php?run_id=110202&search_id=114132&scans_id=110198&peptide_id=6084&scanf=14925&charge=2&value=R.LVGATATSSPPPK.A,FYTTD1,9.039e+7,3.115,0.003,2.578,0.000
14927,2,"  3.020","  0.565",14/22,/core/www/modules//sdig/index.php?run_id=110202&search_id=114132&scans_id=110198&peptide_id=6086&scanf=14927&charge=2&value=14/22,sp|Q96HS1|PGAM5_HUMAN,/core/www/modules//consensus/?run_id=110202&search_id=114132&scans_id=110198&peptide_id=6086&scanf=14927&charge=2&value=sp|Q96HS1|PGAM5_HUMAN,0,/core/www/modules/match_peptides/blast_html4.php?run_id=110202&search_id=114132&scans_id=110198&peptide_id=6086&scanf=14927&charge=2&value=0,R.NVESGEEELASK.L,/core/www/modules/show_out/show_out_wrapper.php?run_id=110202&search_id=114132&scans_id=110198&peptide_id=6086&scanf=14927&charge=2&value=R.NVESGEEELASK.L,PGAM5,1.031e+7,3.439,0.001,3.058,0.000
14929,2,"  2.298","  0.305",8/14,/core/www/modules//sdig/index.php?run_id=110202&search_id=114132&scans_id=110198&peptide_id=6088&scanf=14929&charge=2&value=8/14,sp|Q9UKV3|ACINU_HUMAN,/core/www/modules//consensus/?run_id=110202&search_id=114132&scans_id=110198&peptide_id=6088&scanf=14929&charge=2&value=sp|Q9UKV3|ACINU_HUMAN,3,/core/www/modules/match_peptides/blast_html4.php?run_id=110202&search_id=114132&scans_id=110198&peptide_id=6088&scanf=14929&charge=2&value=3,K.ISVVSATK.G,/core/www/modules/show_out/show_out_wrapper.php?run_id=110202&search_id=114132&scans_id=110198&peptide_id=6088&scanf=14929&charge=2&value=K.ISVVSATK.G,ACIN1,8.923e+6,2.631,0.014,1.865,0.000
14931,2,"  2.223","  0.331",10/16,/core/www/modules//sdig/index.php?run_id=110202&search_id=114132&scans_id=110198&peptide_id=6091&scanf=14931&charge=2&value=10/16,sp|P21333|FLNA_HUMAN,/core/www/modules//consensus/?run_id=110202&search_id=114132&scans_id=110198&peptide_id=6091&scanf=14931&charge=2&value=sp|P21333|FLNA_HUMAN,3,/core/www/modules/match_peptides/blast_html4.php?run_id=110202&search_id=114132&scans_id=110198&peptide_id=6091&scanf=14931&charge=2&value=3,R.NDNDTFTVK.Y,/core/www/modules/show_out/show_out_wrapper.php?run_id=110202&search_id=114132&scans_id=110198&peptide_id=6091&scanf=14931&charge=2&value=R.NDNDTFTVK.Y,FLNA,1.468e+7,2.912,0.005,2.279,0.000
14938,3,"  3.244","  0.486",18/40,/core/www/modules//sdig/index.php?run_id=110202&search_id=114132&scans_id=110198&peptide_id=6097&scanf=14938&charge=3&value=18/40,sp|P35579|MYH9_HUMAN,/core/www/modules//consensus/?run_id=110202&search_id=114132&scans_id=110198&peptide_id=6097&scanf=14938&charge=3&value=sp|P35579|MYH9_HUMAN,1,/core/www/modules/match_peptides/blast_html4.php?run_id=110202&search_id=114132&scans_id=110198&peptide_id=6097&scanf=14938&charge=3&value=1,R.EMEAELEDERK.Q,/core/www/modules/show_out/show_out_wrapper.php?run_id=110202&search_id=114132&scans_id=110198&peptide_id=6097&scanf=14938&charge=3&value=R.EMEAELEDERK.Q,MYH9,2.035e+7,3.350,0.001,2.926,0.000
14939,2,"  2.098","  0.328",9/12,/core/www/modules//sdig/index.php?run_id=110202&search_id=114132&scans_id=110198&peptide_id=6098&scanf=14939&charge=2&value=9/12,sp|Q8WWY3|PRP31_HUMAN,/core/www/modules//consensus/?run_id=110202&search_id=114132&scans_id=110198&peptide_id=6098&scanf=14939&charge=2&value=sp|Q8WWY3|PRP31_HUMAN,4,/core/www/modules/match_peptides/blast_html4.php?run_id=110202&search_id=114132&scans_id=110198&peptide_id=6098&scanf=14939&charge=2&value=4,K.IEEYISK.Q,/core/www/modules/show_out/show_out_wrapper.php?run_id=110202&search_id=114132&scans_id=110198&peptide_id=6098&scanf=14939&charge=2&value=K.IEEYISK.Q,PRPF31,1.818e+7,3.003,0.004,2.413,0.000
14940,3,"  2.637","  0.470",14/32,/core/www/modules//sdig/index.php?run_id=110202&search_id=114132&scans_id=110198&peptide_id=6100&scanf=14940&charge=3&value=14/32,sp|P20700|LMNB1_HUMAN,/core/www/modules//consensus/?run_id=110202&search_id=114132&scans_id=110198&peptide_id=6100&scanf=14940&charge=3&value=sp|P20700|LMNB1_HUMAN,2,/core/www/modules/match_peptides/blast_html4.php?run_id=110202&search_id=114132&scans_id=110198&peptide_id=6100&scanf=14940&charge=3&value=2,K.LAQALHEMR.E,/core/www/modules/show_out/show_out_wrapper.php?run_id=110202&search_id=114132&scans_id=110198&peptide_id=6100&scanf=14940&charge=3&value=K.LAQALHEMR.E,LMNB1,8.930e+7,3.493,0.001,3.138,0.000
14945,2,"  3.093","  0.575",14/20,/core/www/modules//sdig/index.php?run_id=110202&search_id=114132&scans_id=110198&peptide_id=6105&scanf=14945&charge=2&value=14/20,sp|P56192|SYMC_HUMAN,/core/www/modules//consensus/?run_id=110202&search_id=114132&scans_id=110198&peptide_id=6105&scanf=14945&charge=2&value=sp|P56192|SYMC_HUMAN,1,/core/www/modules/match_peptides/blast_html4.php?run_id=110202&search_id=114132&scans_id=110198&peptide_id=6105&scanf=14945&charge=2&value=1,R.ALTHIDHSLSR.Q,/core/www/modules/show_out/show_out_wrapper.php?run_id=110202&search_id=114132&scans_id=110198&peptide_id=6105&scanf=14945&charge=2&value=R.ALTHIDHSLSR.Q,MARS1,1.117e+7,3.687,0.000,3.425,0.000
14947,2,"  2.773","  0.395",12/18,/core/www/modules//sdig/index.php?run_id=110202&search_id=114132&scans_id=110198&peptide_id=6107&scanf=14947&charge=2&value=12/18,sp|Q8TAQ2|SMRC2_HUMAN,/core/www/modules//consensus/?run_id=110202&search_id=114132&scans_id=110198&peptide_id=6107&scanf=14947&charge=2&value=sp|Q8TAQ2|SMRC2_HUMAN,2,/core/www/modules/match_peptides/blast_html4.php?run_id=110202&search_id=114132&scans_id=110198&peptide_id=6107&scanf=14947&charge=2&value=2,K.YIQAEPPTNK.S,/core/www/modules/show_out/show_out_wrapper.php?run_id=110202&search_id=114132&scans_id=110198&peptide_id=6107&scanf=14947&charge=2&value=K.YIQAEPPTNK.S,SMARCC2,5.290e+7,3.209,0.002,2.717,0.000
14951,2,"  3.505","  0.567",18/30,/core/www/modules//sdig/index.php?run_id=110202&search_id=114132&scans_id=110198&peptide_id=6111&scanf=14951&charge=2&value=18/30,sp|Q29RF7|PDS5A_HUMAN,/core/www/modules//consensus/?run_id=110202&search_id=114132&scans_id=110198&peptide_id=6111&scanf=14951&charge=2&value=sp|Q29RF7|PDS5A_HUMAN,0,/core/www/modules/match_peptides/blast_html4.php?run_id=110202&search_id=114132&scans_id=110198&peptide_id=6111&scanf=14951&charge=2&value=0,K.EINSDQATQGNISSDR.G,/core/www/modules/show_out/show_out_wrapper.php?run_id=110202&search_id=114132&scans_id=110198&peptide_id=6111&scanf=14951&charge=2&value=K.EINSDQATQGNISSDR.G,PDS5A,5.982e+6,3.371,0.001,2.957,0.000
14953,3,"  3.703","  0.484",15/44,/core/www/modules//sdig/index.php?run_id=110202&search_id=114132&scans_id=110198&peptide_id=6113&scanf=14953&charge=3&value=15/44,sp|Q15459|SF3A1_HUMAN,/core/www/modules//consensus/?run_id=110202&search_id=114132&scans_id=110198&peptide_id=6113&scanf=14953&charge=3&value=sp|Q15459|SF3A1_HUMAN,0,/core/www/modules/match_peptides/blast_html4.php?run_id=110202&search_id=114132&scans_id=110198&peptide_id=6113&scanf=14953&charge=3&value=0,K.IGEEEIQKPEEK.V,/core/www/modules/show_out/show_out_wrapper.php?run_id=110202&search_id=114132&scans_id=110198&peptide_id=6113&scanf=14953&charge=3&value=K.IGEEEIQKPEEK.V,SF3A1,3.850e+7,3.329,0.001,2.895,0.000
14957,2,"  2.061","  0.248",10/16,/core/www/modules//sdig/index.php?run_id=110202&search_id=114132&scans_id=110198&peptide_id=6116&scanf=14957&charge=2&value=10/16,sp|P07197|NFM_HUMAN,/core/www/modules//consensus/?run_id=110202&search_id=114132&scans_id=110198&peptide_id=6116&scanf=14957&charge=2&value=sp|P07197|NFM_HUMAN,3,/core/www/modules/match_peptides/blast_html4.php?run_id=110202&search_id=114132&scans_id=110198&peptide_id=6116&scanf=14957&charge=2&value=3,K.EQLQGLNDR.F,/core/www/modules/show_out/show_out_wrapper.php?run_id=110202&search_id=114132&scans_id=110198&peptide_id=6116&scanf=14957&charge=2&value=K.EQLQGLNDR.F,NEFM,1.098e+7,2.288,0.043,1.369,0.001
14959,2,"  2.068","  0.537",8/14,/core/www/modules//sdig/index.php?run_id=110202&search_id=114132&scans_id=110198&peptide_id=6118&scanf=14959&charge=2&value=8/14,sp|Q9UKD2|MRT4_HUMAN,/core/www/modules//consensus/?run_id=110202&search_id=114132&scans_id=110198&peptide_id=6118&scanf=14959&charge=2&value=sp|Q9UKD2|MRT4_HUMAN,0,/core/www/modules/match_peptides/blast_html4.php?run_id=110202&search_id=114132&scans_id=110198&peptide_id=6118&scanf=14959&charge=2&value=0,K.YTEMDYAR.A,/core/www/modules/show_out/show_out_wrapper.php?run_id=110202&search_id=114132&scans_id=110198&peptide_id=6118&scanf=14959&charge=2&value=K.YTEMDYAR.A,MRTO4,3.251e+7,3.374,0.001,2.961,0.000
14960,3,"  3.835","  0.372",12/44,/core/www/modules//sdig/index.php?run_id=110202&search_id=114132&scans_id=110198&peptide_id=6120&scanf=14960&charge=3&value=12/44,sp|P38646|GRP75_HUMAN,/core/www/modules//consensus/?run_id=110202&search_id=114132&scans_id=110198&peptide_id=6120&scanf=14960&charge=3&value=sp|P38646|GRP75_HUMAN,6,/core/www/modules/match_peptides/blast_html4.php?run_id=110202&search_id=114132&scans_id=110198&peptide_id=6120&scanf=14960&charge=3&value=6,K.ETAENYLGHTAK.N,/core/www/modules/show_out/show_out_wrapper.php?run_id=110202&search_id=114132&scans_id=110198&peptide_id=6120&scanf=14960&charge=3&value=K.ETAENYLGHTAK.N,HSPA9,9.723e+6,2.810,0.007,2.127,0.000
14961,2,"  1.426","  0.120",7/12,/core/www/modules//sdig/index.php?run_id=110202&search_id=114132&scans_id=110198&peptide_id=6121&scanf=14961&charge=2&value=7/12,sp|Q8TDN6|BRX1_HUMAN,/core/www/modules//consensus/?run_id=110202&search_id=114132&scans_id=110198&peptide_id=6121&scanf=14961&charge=2&value=sp|Q8TDN6|BRX1_HUMAN,0,/core/www/modules/match_peptides/blast_html4.php?run_id=110202&search_id=114132&scans_id=110198&peptide_id=6121&scanf=14961&charge=2&value=0,R.HLM*QDLR.M,/core/www/modules/show_out/show_out_wrapper.php?run_id=110202&search_id=114132&scans_id=110198&peptide_id=6121&scanf=14961&charge=2&value=R.HLM*QDLR.M,BRIX1,9.154e+6,2.118,0.074,1.131,0.002
14963,3,"  2.849","  0.204",8/44,/core/www/modules//sdig/index.php?run_id=110202&search_id=114132&scans_id=110198&peptide_id=6123&scanf=14963&charge=3&value=8/44,sp|Q8N3U4|STAG2_HUMAN,/core/www/modules//consensus/?run_id=110202&search_id=114132&scans_id=110198&peptide_id=6123&scanf=14963&charge=3&value=sp|Q8N3U4|STAG2_HUMAN,1,/core/www/modules/match_peptides/blast_html4.php?run_id=110202&search_id=114132&scans_id=110198&peptide_id=6123&scanf=14963&charge=3&value=1,R.ITAFHNAHDLSK.W,/core/www/modules/show_out/show_out_wrapper.php?run_id=110202&search_id=114132&scans_id=110198&peptide_id=6123&scanf=14963&charge=3&value=R.ITAFHNAHDLSK.W,STAG2,1.344e+7,2.127,0.072,1.144,0.002
14966,2,"  1.600","  0.168",7/12,/core/www/modules//sdig/index.php?run_id=110202&search_id=114132&scans_id=110198&peptide_id=6126&scanf=14966&charge=2&value=7/12,sp|Q13206|DDX10_HUMAN,/core/www/modules//consensus/?run_id=110202&search_id=114132&scans_id=110198&peptide_id=6126&scanf=14966&charge=2&value=sp|Q13206|DDX10_HUMAN,7,/core/www/modules/match_peptides/blast_html4.php?run_id=110202&search_id=114132&scans_id=110198&peptide_id=6126&scanf=14966&charge=2&value=7,R.LVTEIQK.Q,/core/www/modules/show_out/show_out_wrapper.php?run_id=110202&search_id=114132&scans_id=110198&peptide_id=6126&scanf=14966&charge=2&value=R.LVTEIQK.Q,DDX10,2.167e+7,2.188,0.059,1.229,0.002
14971,2,"  2.640","  0.265",10/18,/core/www/modules//sdig/index.php?run_id=110202&search_id=114132&scans_id=110198&peptide_id=6132&scanf=14971&charge=2&value=10/18,sp|P00338|LDHA_HUMAN,/core/www/modules//consensus/?run_id=110202&search_id=114132&scans_id=110198&peptide_id=6132&scanf=14971&charge=2&value=sp|P00338|LDHA_HUMAN,0,/core/www/modules/match_peptides/blast_html4.php?run_id=110202&search_id=114132&scans_id=110198&peptide_id=6132&scanf=14971&charge=2&value=0,K.VTLTSEEEAR.L,/core/www/modules/show_out/show_out_wrapper.php?run_id=110202&search_id=114132&scans_id=110198&peptide_id=6132&scanf=14971&charge=2&value=K.VTLTSEEEAR.L,LDHA,2.061e+7,2.243,0.049,1.305,0.002
14978,4,"  2.603","  0.442",19/90,/core/www/modules//sdig/index.php?run_id=110202&search_id=114132&scans_id=110198&peptide_id=6138&scanf=14978&charge=4&value=19/90,sp|Q9BUQ8|DDX23_HUMAN,/core/www/modules//consensus/?run_id=110202&search_id=114132&scans_id=110198&peptide_id=6138&scanf=14978&charge=4&value=sp|Q9BUQ8|DDX23_HUMAN,1,/core/www/modules/match_peptides/blast_html4.php?run_id=110202&search_id=114132&scans_id=110198&peptide_id=6138&scanf=14978&charge=4&value=1,R.RPAVVYIGSAGKPHER.V,/core/www/modules/show_out/show_out_wrapper.php?run_id=110202&search_id=114132&scans_id=110198&peptide_id=6138&scanf=14978&charge=4&value=R.RPAVVYIGSAGKPHER.V,DDX23,4.740e+7,3.285,0.001,2.830,0.000
14979,2,"  2.828","  0.414",10/16,/core/www/modules//sdig/index.php?run_id=110202&search_id=114132&scans_id=110198&peptide_id=6139&scanf=14979&charge=2&value=10/16,sp|P51991|ROA3_HUMAN,/core/www/modules//consensus/?run_id=110202&search_id=114132&scans_id=110198&peptide_id=6139&scanf=14979&charge=2&value=sp|P51991|ROA3_HUMAN,5,/core/www/modules/match_peptides/blast_html4.php?run_id=110202&search_id=114132&scans_id=110198&peptide_id=6139&scanf=14979&charge=2&value=5,K.EDTEEYNLR.D,/core/www/modules/show_out/show_out_wrapper.php?run_id=110202&search_id=114132&scans_id=110198&peptide_id=6139&scanf=14979&charge=2&value=K.EDTEEYNLR.D,HNRNPA3,1.852e+8,3.094,0.003,2.547,0.000
14980,2,"  2.268","  0.530",10/16,/core/www/modules//sdig/index.php?run_id=110202&search_id=114132&scans_id=110198&peptide_id=6141&scanf=14980&charge=2&value=10/16,sp|Q9Y324|FCF1_HUMAN,/core/www/modules//consensus/?run_id=110202&search_id=114132&scans_id=110198&peptide_id=6141&scanf=14980&charge=2&value=sp|Q9Y324|FCF1_HUMAN,2,/core/www/modules/match_peptides/blast_html4.php?run_id=110202&search_id=114132&scans_id=110198&peptide_id=6141&scanf=14980&charge=2&value=2,R.MPDDYGAPR.F,/core/www/modules/show_out/show_out_wrapper.php?run_id=110202&search_id=114132&scans_id=110198&peptide_id=6141&scanf=14980&charge=2&value=R.MPDDYGAPR.F,FCF1,2.554e+7,3.381,0.001,2.972,0.000
14982,2,"  2.159","  0.259",10/14,/core/www/modules//sdig/index.php?run_id=110202&search_id=114132&scans_id=110198&peptide_id=6143&scanf=14982&charge=2&value=10/14,sp|Q13601|KRR1_HUMAN,/core/www/modules//consensus/?run_id=110202&search_id=114132&scans_id=110198&peptide_id=6143&scanf=14982&charge=2&value=sp|Q13601|KRR1_HUMAN,0,/core/www/modules/match_peptides/blast_html4.php?run_id=110202&search_id=114132&scans_id=110198&peptide_id=6143&scanf=14982&charge=2&value=0,R.KVVLDTMK.N,/core/www/modules/show_out/show_out_wrapper.php?run_id=110202&search_id=114132&scans_id=110198&peptide_id=6143&scanf=14982&charge=2&value=R.KVVLDTMK.N,KRR1,2.466e+7,2.387,0.031,1.510,0.001
14983,2,"  1.505","  0.112",8/14,/core/www/modules//sdig/index.php?run_id=110202&search_id=114132&scans_id=110198&peptide_id=6144&scanf=14983&charge=2&value=8/14,sp|P12004|PCNA_HUMAN,/core/www/modules//consensus/?run_id=110202&search_id=114132&scans_id=110198&peptide_id=6144&scanf=14983&charge=2&value=sp|P12004|PCNA_HUMAN,0,/core/www/modules/match_peptides/blast_html4.php?run_id=110202&search_id=114132&scans_id=110198&peptide_id=6144&scanf=14983&charge=2&value=0,R.SEGFDTYR.C,/core/www/modules/show_out/show_out_wrapper.php?run_id=110202&search_id=114132&scans_id=110198&peptide_id=6144&scanf=14983&charge=2&value=R.SEGFDTYR.C,PCNA,2.244e+7,1.944,0.126,0.899,0.006
14984,3,"  2.755","  0.404",14/36,/core/www/modules//sdig/index.php?run_id=110202&search_id=114132&scans_id=110198&peptide_id=6145&scanf=14984&charge=3&value=14/36,sp|O94906|PRP6_HUMAN,/core/www/modules//consensus/?run_id=110202&search_id=114132&scans_id=110198&peptide_id=6145&scanf=14984&charge=3&value=sp|O94906|PRP6_HUMAN,0,/core/www/modules/match_peptides/blast_html4.php?run_id=110202&search_id=114132&scans_id=110198&peptide_id=6145&scanf=14984&charge=3&value=0,K.ALEHVPNSVR.L,/core/www/modules/show_out/show_out_wrapper.php?run_id=110202&search_id=114132&scans_id=110198&peptide_id=6145&scanf=14984&charge=3&value=K.ALEHVPNSVR.L,PRPF6,7.353e+7,3.240,0.002,2.763,0.000
14985,2,"  1.697","  0.258",8/12,/core/www/modules//sdig/index.php?run_id=110202&search_id=114132&scans_id=110198&peptide_id=6146&scanf=14985&charge=2&value=8/12,sp|Q9ULX6|AKP8L_HUMAN,/core/www/modules//consensus/?run_id=110202&search_id=114132&scans_id=110198&peptide_id=6146&scanf=14985&charge=2&value=sp|Q9ULX6|AKP8L_HUMAN,1,/core/www/modules/match_peptides/blast_html4.php?run_id=110202&search_id=114132&scans_id=110198&peptide_id=6146&scanf=14985&charge=2&value=1,K.SSLMVAR.S,/core/www/modules/show_out/show_out_wrapper.php?run_id=110202&search_id=114132&scans_id=110198&peptide_id=6146&scanf=14985&charge=2&value=K.SSLMVAR.S,AKAP8L,1.207e+7,2.562,0.017,1.764,0.000
14988,2,"  1.893","  0.294",8/12,/core/www/modules//sdig/index.php?run_id=110202&search_id=114132&scans_id=110198&peptide_id=6149&scanf=14988&charge=2&value=8/12,sp|P68104|EF1A1_HUMAN,/core/www/modules//consensus/?run_id=110202&search_id=114132&scans_id=110198&peptide_id=6149&scanf=14988&charge=2&value=sp|P68104|EF1A1_HUMAN,6,/core/www/modules/match_peptides/blast_html4.php?run_id=110202&search_id=114132&scans_id=110198&peptide_id=6149&scanf=14988&charge=2&value=6,K.EVSTYIK.K,/core/www/modules/show_out/show_out_wrapper.php?run_id=110202&search_id=114132&scans_id=110198&peptide_id=6149&scanf=14988&charge=2&value=K.EVSTYIK.K,EEF1A1,1.819e+8,2.763,0.009,2.059,0.000
14990,2,"  3.930","  0.702",20/26,/core/www/modules//sdig/index.php?run_id=110202&search_id=114132&scans_id=110198&peptide_id=6151&scanf=14990&charge=2&value=20/26,sp|Q9NQ55|SSF1_HUMAN,/core/www/modules//consensus/?run_id=110202&search_id=114132&scans_id=110198&peptide_id=6151&scanf=14990&charge=2&value=sp|Q9NQ55|SSF1_HUMAN,4,/core/www/modules/match_peptides/blast_html4.php?run_id=110202&search_id=114132&scans_id=110198&peptide_id=6151&scanf=14990&charge=2&value=4,R.VGGSDEEASGIPSR.T,/core/www/modules/show_out/show_out_wrapper.php?run_id=110202&search_id=114132&scans_id=110198&peptide_id=6151&scanf=14990&charge=2&value=R.VGGSDEEASGIPSR.T,PPAN,7.290e+6,4.085,0.000,4.016,0.000
14995,3,"  2.467","  0.280",12/48,/core/www/modules//sdig/index.php?run_id=110202&search_id=114132&scans_id=110198&peptide_id=6156&scanf=14995&charge=3&value=12/48,sp|Q9NYF8|BCLF1_HUMAN,/core/www/modules//consensus/?run_id=110202&search_id=114132&scans_id=110198&peptide_id=6156&scanf=14995&charge=3&value=sp|Q9NYF8|BCLF1_HUMAN,5,/core/www/modules/match_peptides/blast_html4.php?run_id=110202&search_id=114132&scans_id=110198&peptide_id=6156&scanf=14995&charge=3&value=5,K.ETGYVVERPSTTK.D,/core/www/modules/show_out/show_out_wrapper.php?run_id=110202&search_id=114132&scans_id=110198&peptide_id=6156&scanf=14995&charge=3&value=K.ETGYVVERPSTTK.D,BCLAF1,6.206e+6,2.399,0.030,1.528,0.001
14996,2,"  3.368","  0.682",12/26,/core/www/modules//sdig/index.php?run_id=110202&search_id=114132&scans_id=110198&peptide_id=6157&scanf=14996&charge=2&value=12/26,sp|P05362|ICAM1_HUMAN,/core/www/modules//consensus/?run_id=110202&search_id=114132&scans_id=110198&peptide_id=6157&scanf=14996&charge=2&value=sp|P05362|ICAM1_HUMAN,1,/core/www/modules/match_peptides/blast_html4.php?run_id=110202&search_id=114132&scans_id=110198&peptide_id=6157&scanf=14996&charge=2&value=1,K.ASVSVTAEDEGTQR.L,/core/www/modules/show_out/show_out_wrapper.php?run_id=110202&search_id=114132&scans_id=110198&peptide_id=6157&scanf=14996&charge=2&value=K.ASVSVTAEDEGTQR.L,ICAM1,5.197e+6,3.560,0.001,3.237,0.000
15000,3,"  2.930","  0.349",10/40,/core/www/modules//sdig/index.php?run_id=110202&search_id=114132&scans_id=110198&peptide_id=6161&scanf=15000&charge=3&value=10/40,sp|P60709|ACTB_HUMAN,/core/www/modules//consensus/?run_id=110202&search_id=114132&scans_id=110198&peptide_id=6161&scanf=15000&charge=3&value=sp|P60709|ACTB_HUMAN,26,/core/www/modules/match_peptides/blast_html4.php?run_id=110202&search_id=114132&scans_id=110198&peptide_id=6161&scanf=15000&charge=3&value=26,R.HQGVMVGMGQK.D,/core/www/modules/show_out/show_out_wrapper.php?run_id=110202&search_id=114132&scans_id=110198&peptide_id=6161&scanf=15000&charge=3&value=R.HQGVMVGMGQK.D,ACTB,5.906e+8,3.244,0.002,2.768,0.000
15003,3,"  4.499","  0.539",16/44,/core/www/modules//sdig/index.php?run_id=110202&search_id=114132&scans_id=110198&peptide_id=6164&scanf=15003&charge=3&value=16/44,sp|P62266|RS23_HUMAN,/core/www/modules//consensus/?run_id=110202&search_id=114132&scans_id=110198&peptide_id=6164&scanf=15003&charge=3&value=sp|P62266|RS23_HUMAN,1,/core/www/modules/match_peptides/blast_html4.php?run_id=110202&search_id=114132&scans_id=110198&peptide_id=6164&scanf=15003&charge=3&value=1,R.KGHAVGDIPGVR.F,/core/www/modules/show_out/show_out_wrapper.php?run_id=110202&search_id=114132&scans_id=110198&peptide_id=6164&scanf=15003&charge=3&value=R.KGHAVGDIPGVR.F,RPS23,2.293e+8,3.269,0.002,2.806,0.000
15005,4,"  2.804","  0.262",12/66,/core/www/modules//sdig/index.php?run_id=110202&search_id=114132&scans_id=110198&peptide_id=6166&scanf=15005&charge=4&value=12/66,sp|P49792|RBP2_HUMAN,/core/www/modules//consensus/?run_id=110202&search_id=114132&scans_id=110198&peptide_id=6166&scanf=15005&charge=4&value=sp|P49792|RBP2_HUMAN,2,/core/www/modules/match_peptides/blast_html4.php?run_id=110202&search_id=114132&scans_id=110198&peptide_id=6166&scanf=15005&charge=4&value=2,K.QLFHHLPHETSR.L,/core/www/modules/show_out/show_out_wrapper.php?run_id=110202&search_id=114132&scans_id=110198&peptide_id=6166&scanf=15005&charge=4&value=K.QLFHHLPHETSR.L,RANBP2,1.276e+7,2.723,0.010,2.000,0.000
15006,3,"  2.748","  0.215",11/48,/core/www/modules//sdig/index.php?run_id=110202&search_id=114132&scans_id=110198&peptide_id=6167&scanf=15006&charge=3&value=11/48,sp|P19525|E2AK2_HUMAN,/core/www/modules//consensus/?run_id=110202&search_id=114132&scans_id=110198&peptide_id=6167&scanf=15006&charge=3&value=sp|P19525|E2AK2_HUMAN,3,/core/www/modules/match_peptides/blast_html4.php?run_id=110202&search_id=114132&scans_id=110198&peptide_id=6167&scanf=15006&charge=3&value=3,K.YQELPNSGPPHDR.R,/core/www/modules/show_out/show_out_wrapper.php?run_id=110202&search_id=114132&scans_id=110198&peptide_id=6167&scanf=15006&charge=3&value=K.YQELPNSGPPHDR.R,EIF2AK2,8.861e+6,2.152,0.066,1.178,0.002
15014,2,"  3.146","  0.519",15/22,/core/www/modules//sdig/index.php?run_id=110202&search_id=114132&scans_id=110198&peptide_id=6176&scanf=15014&charge=2&value=15/22,sp|Q99575|POP1_HUMAN,/core/www/modules//consensus/?run_id=110202&search_id=114132&scans_id=110198&peptide_id=6176&scanf=15014&charge=2&value=sp|Q99575|POP1_HUMAN,1,/core/www/modules/match_peptides/blast_html4.php?run_id=110202&search_id=114132&scans_id=110198&peptide_id=6176&scanf=15014&charge=2&value=1,K.AGPEGTSQEIPK.Y,/core/www/modules/show_out/show_out_wrapper.php?run_id=110202&search_id=114132&scans_id=110198&peptide_id=6176&scanf=15014&charge=2&value=K.AGPEGTSQEIPK.Y,POP1,1.185e+7,3.442,0.001,3.062,0.000
15016,2,"  4.568","  0.505",15/24,/core/www/modules//sdig/index.php?run_id=110202&search_id=114132&scans_id=110198&peptide_id=6178&scanf=15016&charge=2&value=15/24,sp|Q14966|ZN638_HUMAN,/core/www/modules//consensus/?run_id=110202&search_id=114132&scans_id=110198&peptide_id=6178&scanf=15016&charge=2&value=sp|Q14966|ZN638_HUMAN,1,/core/www/modules/match_peptides/blast_html4.php?run_id=110202&search_id=114132&scans_id=110198&peptide_id=6178&scanf=15016&charge=2&value=1,K.QSSVTQVTEQSPK.V,/core/www/modules/show_out/show_out_wrapper.php?run_id=110202&search_id=114132&scans_id=110198&peptide_id=6178&scanf=15016&charge=2&value=K.QSSVTQVTEQSPK.V,ZNF638,1.205e+7,3.384,0.001,2.977,0.000
15017,2,"  2.122","  0.126",10/18,/core/www/modules//sdig/index.php?run_id=110202&search_id=114132&scans_id=110198&peptide_id=6179&scanf=15017&charge=2&value=10/18,sp|Q15631|TSN_HUMAN,/core/www/modules//consensus/?run_id=110202&search_id=114132&scans_id=110198&peptide_id=6179&scanf=15017&charge=2&value=sp|Q15631|TSN_HUMAN,3,/core/www/modules/match_peptides/blast_html4.php?run_id=110202&search_id=114132&scans_id=110198&peptide_id=6179&scanf=15017&charge=2&value=3,K.VVQSLEQTAR.E,/core/www/modules/show_out/show_out_wrapper.php?run_id=110202&search_id=114132&scans_id=110198&peptide_id=6179&scanf=15017&charge=2&value=K.VVQSLEQTAR.E,TSN,2.429e+8,1.919,0.136,0.867,0.007
15018,2,"  2.708","  0.586",12/20,/core/www/modules//sdig/index.php?run_id=110202&search_id=114132&scans_id=110198&peptide_id=6180&scanf=15018&charge=2&value=12/20,sp|Q5SSJ5|HP1B3_HUMAN,/core/www/modules//consensus/?run_id=110202&search_id=114132&scans_id=110198&peptide_id=6180&scanf=15018&charge=2&value=sp|Q5SSJ5|HP1B3_HUMAN,2,/core/www/modules/match_peptides/blast_html4.php?run_id=110202&search_id=114132&scans_id=110198&peptide_id=6180&scanf=15018&charge=2&value=2,R.SSAVDPEPQVK.L,/core/www/modules/show_out/show_out_wrapper.php?run_id=110202&search_id=114132&scans_id=110198&peptide_id=6180&scanf=15018&charge=2&value=R.SSAVDPEPQVK.L,HP1BP3,1.748e+8,3.435,0.001,3.053,0.000
15020,2,"  2.460","  0.553",13/22,/core/www/modules//sdig/index.php?run_id=110202&search_id=114132&scans_id=110198&peptide_id=6182&scanf=15020&charge=2&value=13/22,sp|Q14974|IMB1_HUMAN,/core/www/modules//consensus/?run_id=110202&search_id=114132&scans_id=110198&peptide_id=6182&scanf=15020&charge=2&value=sp|Q14974|IMB1_HUMAN,1,/core/www/modules/match_peptides/blast_html4.php?run_id=110202&search_id=114132&scans_id=110198&peptide_id=6182&scanf=15020&charge=2&value=1,R.VLANPGNSQVAR.V,/core/www/modules/show_out/show_out_wrapper.php?run_id=110202&search_id=114132&scans_id=110198&peptide_id=6182&scanf=15020&charge=2&value=R.VLANPGNSQVAR.V,KPNB1,9.039e+7,3.387,0.001,2.981,0.000
15024,2,"  2.480","  0.483",11/24,/core/www/modules//sdig/index.php?run_id=110202&search_id=114132&scans_id=110198&peptide_id=6186&scanf=15024&charge=2&value=11/24,sp|Q5UIP0|RIF1_HUMAN,/core/www/modules//consensus/?run_id=110202&search_id=114132&scans_id=110198&peptide_id=6186&scanf=15024&charge=2&value=sp|Q5UIP0|RIF1_HUMAN,1,/core/www/modules/match_peptides/blast_html4.php?run_id=110202&search_id=114132&scans_id=110198&peptide_id=6186&scanf=15024&charge=2&value=1,K.GASSPYGAPGTPR.M,/core/www/modules/show_out/show_out_wrapper.php?run_id=110202&search_id=114132&scans_id=110198&peptide_id=6186&scanf=15024&charge=2&value=K.GASSPYGAPGTPR.M,RIF1,2.113e+7,2.939,0.005,2.318,0.000
15027,2,"  2.984","  0.423",12/20,/core/www/modules//sdig/index.php?run_id=110202&search_id=114132&scans_id=110198&peptide_id=6189&scanf=15027&charge=2&value=12/20,sp|Q8NE71|ABCF1_HUMAN,/core/www/modules//consensus/?run_id=110202&search_id=114132&scans_id=110198&peptide_id=6189&scanf=15027&charge=2&value=sp|Q8NE71|ABCF1_HUMAN,3,/core/www/modules/match_peptides/blast_html4.php?run_id=110202&search_id=114132&scans_id=110198&peptide_id=6189&scanf=15027&charge=2&value=3,K.GAVIVVSHDAR.L,/core/www/modules/show_out/show_out_wrapper.php?run_id=110202&search_id=114132&scans_id=110198&peptide_id=6189&scanf=15027&charge=2&value=K.GAVIVVSHDAR.L,ABCF1,2.217e+7,3.036,0.003,2.462,0.000
15028,2,"  2.387","  0.392",10/14,/core/www/modules//sdig/index.php?run_id=110202&search_id=114132&scans_id=110198&peptide_id=6190&scanf=15028&charge=2&value=10/14,sp|Q15050|RRS1_HUMAN,/core/www/modules//consensus/?run_id=110202&search_id=114132&scans_id=110198&peptide_id=6190&scanf=15028&charge=2&value=sp|Q15050|RRS1_HUMAN,0,/core/www/modules/match_peptides/blast_html4.php?run_id=110202&search_id=114132&scans_id=110198&peptide_id=6190&scanf=15028&charge=2&value=0,R.VEEAIVAR.L,/core/www/modules/show_out/show_out_wrapper.php?run_id=110202&search_id=114132&scans_id=110198&peptide_id=6190&scanf=15028&charge=2&value=R.VEEAIVAR.L,RRS1,1.644e+8,3.140,0.002,2.616,0.000
15029,3,"  2.121","  0.314",15/40,/core/www/modules//sdig/index.php?run_id=110202&search_id=114132&scans_id=110198&peptide_id=6191&scanf=15029&charge=3&value=15/40,sp|Q9P016|THYN1_HUMAN,/core/www/modules//consensus/?run_id=110202&search_id=114132&scans_id=110198&peptide_id=6191&scanf=15029&charge=3&value=sp|Q9P016|THYN1_HUMAN,0,/core/www/modules/match_peptides/blast_html4.php?run_id=110202&search_id=114132&scans_id=110198&peptide_id=6191&scanf=15029&charge=3&value=0,K.EAYPDHTQFEK.N,/core/www/modules/show_out/show_out_wrapper.php?run_id=110202&search_id=114132&scans_id=110198&peptide_id=6191&scanf=15029&charge=3&value=K.EAYPDHTQFEK.N,THYN1,1.268e+7,2.710,0.010,1.981,0.000
15031,2,"  2.949","  0.322",11/14,/core/www/modules//sdig/index.php?run_id=110202&search_id=114132&scans_id=110198&peptide_id=6194&scanf=15031&charge=2&value=11/14,sp|Q6STE5|SMRD3_HUMAN,/core/www/modules//consensus/?run_id=110202&search_id=114132&scans_id=110198&peptide_id=6194&scanf=15031&charge=2&value=sp|Q6STE5|SMRD3_HUMAN,5,/core/www/modules/match_peptides/blast_html4.php?run_id=110202&search_id=114132&scans_id=110198&peptide_id=6194&scanf=15031&charge=2&value=5,R.KLDQTIMR.K,/core/www/modules/show_out/show_out_wrapper.php?run_id=110202&search_id=114132&scans_id=110198&peptide_id=6194&scanf=15031&charge=2&value=R.KLDQTIMR.K,SMARCD3,2.639e+7,2.740,0.009,2.024,0.000
15032,2,"  1.907","  0.216",9/16,/core/www/modules//sdig/index.php?run_id=110202&search_id=114132&scans_id=110198&peptide_id=6195&scanf=15032&charge=2&value=9/16,sp|Q92900|RENT1_HUMAN,/core/www/modules//consensus/?run_id=110202&search_id=114132&scans_id=110198&peptide_id=6195&scanf=15032&charge=2&value=sp|Q92900|RENT1_HUMAN,0,/core/www/modules/match_peptides/blast_html4.php?run_id=110202&search_id=114132&scans_id=110198&peptide_id=6195&scanf=15032&charge=2&value=0,K.IPSEQEQLR.A,/core/www/modules/show_out/show_out_wrapper.php?run_id=110202&search_id=114132&scans_id=110198&peptide_id=6195&scanf=15032&charge=2&value=K.IPSEQEQLR.A,UPF1,1.204e+7,2.237,0.050,1.297,0.002
15034,3,"  2.058","  0.286",7/52,/core/www/modules//sdig/index.php?run_id=110202&search_id=114132&scans_id=110198&peptide_id=6197&scanf=15034&charge=3&value=7/52,sp|Q9HCE1|MOV10_HUMAN,/core/www/modules//consensus/?run_id=110202&search_id=114132&scans_id=110198&peptide_id=6197&scanf=15034&charge=3&value=sp|Q9HCE1|MOV10_HUMAN,4,/core/www/modules/match_peptides/blast_html4.php?run_id=110202&search_id=114132&scans_id=110198&peptide_id=6197&scanf=15034&charge=3&value=4,K.HGVDVEVQGPHEAR.D,/core/www/modules/show_out/show_out_wrapper.php?run_id=110202&search_id=114132&scans_id=110198&peptide_id=6197&scanf=15034&charge=3&value=K.HGVDVEVQGPHEAR.D,MOV10,7.526e+6,2.108,0.076,1.118,0.002
15035,2,"  1.466","  0.138",7/12,/core/www/modules//sdig/index.php?run_id=110202&search_id=114132&scans_id=110198&peptide_id=6198&scanf=15035&charge=2&value=7/12,sp|Q8WUB8|PHF10_HUMAN,/core/www/modules//consensus/?run_id=110202&search_id=114132&scans_id=110198&peptide_id=6198&scanf=15035&charge=2&value=sp|Q8WUB8|PHF10_HUMAN,1,/core/www/modules/match_peptides/blast_html4.php?run_id=110202&search_id=114132&scans_id=110198&peptide_id=6198&scanf=15035&charge=2&value=1,R.YSPDELR.Y,/core/www/modules/show_out/show_out_wrapper.php?run_id=110202&search_id=114132&scans_id=110198&peptide_id=6198&scanf=15035&charge=2&value=R.YSPDELR.Y,PHF10,8.580e+6,2.071,0.085,1.068,0.003
15036,3,"  4.204","  0.546",17/60,/core/www/modules//sdig/index.php?run_id=110202&search_id=114132&scans_id=110198&peptide_id=6199&scanf=15036&charge=3&value=17/60,sp|Q15459|SF3A1_HUMAN,/core/www/modules//consensus/?run_id=110202&search_id=114132&scans_id=110198&peptide_id=6199&scanf=15036&charge=3&value=sp|Q15459|SF3A1_HUMAN,0,/core/www/modules/match_peptides/blast_html4.php?run_id=110202&search_id=114132&scans_id=110198&peptide_id=6199&scanf=15036&charge=3&value=0,K.VMQQQQQTTQQQLPQK.V,/core/www/modules/show_out/show_out_wrapper.php?run_id=110202&search_id=114132&scans_id=110198&peptide_id=6199&scanf=15036&charge=3&value=K.VMQQQQQTTQQQLPQK.V,SF3A1,9.553e+6,3.359,0.001,2.939,0.000
15037,2,"  3.262","  0.397",12/20,/core/www/modules//sdig/index.php?run_id=110202&search_id=114132&scans_id=110198&peptide_id=6200&scanf=15037&charge=2&value=12/20,sp|P19367|HXK1_HUMAN,/core/www/modules//consensus/?run_id=110202&search_id=114132&scans_id=110198&peptide_id=6200&scanf=15037&charge=2&value=sp|P19367|HXK1_HUMAN,0,/core/www/modules/match_peptides/blast_html4.php?run_id=110202&search_id=114132&scans_id=110198&peptide_id=6200&scanf=15037&charge=2&value=0,K.ASGVEGADVVK.L,/core/www/modules/show_out/show_out_wrapper.php?run_id=110202&search_id=114132&scans_id=110198&peptide_id=6200&scanf=15037&charge=2&value=K.ASGVEGADVVK.L,HK1,1.834e+7,2.783,0.008,2.088,0.000
15039,3,"  3.114","  0.235",10/52,/core/www/modules//sdig/index.php?run_id=110202&search_id=114132&scans_id=110198&peptide_id=6202&scanf=15039&charge=3&value=10/52,sp|P13861|KAP2_HUMAN,/core/www/modules//consensus/?run_id=110202&search_id=114132&scans_id=110198&peptide_id=6202&scanf=15039&charge=3&value=sp|P13861|KAP2_HUMAN,1,/core/www/modules/match_peptides/blast_html4.php?run_id=110202&search_id=114132&scans_id=110198&peptide_id=6202&scanf=15039&charge=3&value=1,R.QSLGHPPPEPGPDR.V,/core/www/modules/show_out/show_out_wrapper.php?run_id=110202&search_id=114132&scans_id=110198&peptide_id=6202&scanf=15039&charge=3&value=R.QSLGHPPPEPGPDR.V,PRKAR2A,2.043e+8,2.115,0.075,1.127,0.002
15041,2,"  1.931","  0.311",10/16,/core/www/modules//sdig/index.php?run_id=110202&search_id=114132&scans_id=110198&peptide_id=6204&scanf=15041&charge=2&value=10/16,sp|P61313|RL15_HUMAN,/core/www/modules//consensus/?run_id=110202&search_id=114132&scans_id=110198&peptide_id=6204&scanf=15041&charge=2&value=sp|P61313|RL15_HUMAN,4,/core/www/modules/match_peptides/blast_html4.php?run_id=110202&search_id=114132&scans_id=110198&peptide_id=6204&scanf=15041&charge=2&value=4,R.SLQSVAEER.A,/core/www/modules/show_out/show_out_wrapper.php?run_id=110202&search_id=114132&scans_id=110198&peptide_id=6204&scanf=15041&charge=2&value=R.SLQSVAEER.A,RPL15,3.697e+8,2.678,0.012,1.934,0.000
15044,4,"  3.852","  0.574",18/78,/core/www/modules//sdig/index.php?run_id=110202&search_id=114132&scans_id=110198&peptide_id=6207&scanf=15044&charge=4&value=18/78,sp|Q13243|SRSF5_HUMAN,/core/www/modules//consensus/?run_id=110202&search_id=114132&scans_id=110198&peptide_id=6207&scanf=15044&charge=4&value=sp|Q13243|SRSF5_HUMAN,0,/core/www/modules/match_peptides/blast_html4.php?run_id=110202&search_id=114132&scans_id=110198&peptide_id=6207&scanf=15044&charge=4&value=0,R.QAGEVTFADAHRPK.L,/core/www/modules/show_out/show_out_wrapper.php?run_id=110202&search_id=114132&scans_id=110198&peptide_id=6207&scanf=15044&charge=4&value=R.QAGEVTFADAHRPK.L,SRSF5,4.044e+7,3.822,0.000,3.626,0.000
15045,4,"  8.413","  0.611",29/144,/core/www/modules//sdig/index.php?run_id=110202&search_id=114132&scans_id=110198&peptide_id=6208&scanf=15045&charge=4&value=29/144,sp|Q13200|PSMD2_HUMAN,/core/www/modules//consensus/?run_id=110202&search_id=114132&scans_id=110198&peptide_id=6208&scanf=15045&charge=4&value=sp|Q13200|PSMD2_HUMAN,2,/core/www/modules/match_peptides/blast_html4.php?run_id=110202&search_id=114132&scans_id=110198&peptide_id=6208&scanf=15045&charge=4&value=2,R.DKAPVQPQQSPAAAPGGTDEKPSGK.E,/core/www/modules/show_out/show_out_wrapper.php?run_id=110202&search_id=114132&scans_id=110198&peptide_id=6208&scanf=15045&charge=4&value=R.DKAPVQPQQSPAAAPGGTDEKPSGK.E,PSMD2,1.023e+7,3.563,0.001,3.242,0.000
15047,2,"  3.876","  0.551",16/24,/core/www/modules//sdig/index.php?run_id=110202&search_id=114132&scans_id=110198&peptide_id=6210&scanf=15047&charge=2&value=16/24,sp|O94906|PRP6_HUMAN,/core/www/modules//consensus/?run_id=110202&search_id=114132&scans_id=110198&peptide_id=6210&scanf=15047&charge=2&value=sp|O94906|PRP6_HUMAN,0,/core/www/modules/match_peptides/blast_html4.php?run_id=110202&search_id=114132&scans_id=110198&peptide_id=6210&scanf=15047&charge=2&value=0,K.LEEANGNTQMVEK.I,/core/www/modules/show_out/show_out_wrapper.php?run_id=110202&search_id=114132&scans_id=110198&peptide_id=6210&scanf=15047&charge=2&value=K.LEEANGNTQMVEK.I,PRPF6,1.058e+7,3.635,0.000,3.348,0.000
15051,3,"  3.465","  0.482",16/48,/core/www/modules//sdig/index.php?run_id=110202&search_id=114132&scans_id=110198&peptide_id=6215&scanf=15051&charge=3&value=16/48,sp|O15427|MOT4_HUMAN,/core/www/modules//consensus/?run_id=110202&search_id=114132&scans_id=110198&peptide_id=6215&scanf=15051&charge=3&value=sp|O15427|MOT4_HUMAN,2,/core/www/modules/match_peptides/blast_html4.php?run_id=110202&search_id=114132&scans_id=110198&peptide_id=6215&scanf=15051&charge=3&value=2,K.LHKPPADSGVDLR.E,/core/www/modules/show_out/show_out_wrapper.php?run_id=110202&search_id=114132&scans_id=110198&peptide_id=6215&scanf=15051&charge=3&value=K.LHKPPADSGVDLR.E,SLC16A3,7.597e+6,3.212,0.002,2.722,0.000
15053,3,"  4.136","  0.518",18/60,/core/www/modules//sdig/index.php?run_id=110202&search_id=114132&scans_id=110198&peptide_id=6217&scanf=15053&charge=3&value=18/60,sp|Q9UQ35|SRRM2_HUMAN,/core/www/modules//consensus/?run_id=110202&search_id=114132&scans_id=110198&peptide_id=6217&scanf=15053&charge=3&value=sp|Q9UQ35|SRRM2_HUMAN,0,/core/www/modules/match_peptides/blast_html4.php?run_id=110202&search_id=114132&scans_id=110198&peptide_id=6217&scanf=15053&charge=3&value=0,R.SSGHSSSELSPDAVEK.A,/core/www/modules/show_out/show_out_wrapper.php?run_id=110202&search_id=114132&scans_id=110198&peptide_id=6217&scanf=15053&charge=3&value=R.SSGHSSSELSPDAVEK.A,SRRM2,6.166e+6,3.258,0.002,2.790,0.000
15055,3,"  3.176","  0.433",12/40,/core/www/modules//sdig/index.php?run_id=110202&search_id=114132&scans_id=110198&peptide_id=6219&scanf=15055&charge=3&value=12/40,sp|P15880|RS2_HUMAN,/core/www/modules//consensus/?run_id=110202&search_id=114132&scans_id=110198&peptide_id=6219&scanf=15055&charge=3&value=sp|P15880|RS2_HUMAN,3,/core/www/modules/match_peptides/blast_html4.php?run_id=110202&search_id=114132&scans_id=110198&peptide_id=6219&scanf=15055&charge=3&value=3,K.AEDKEWM*PVTK.L,/core/www/modules/show_out/show_out_wrapper.php?run_id=110202&search_id=114132&scans_id=110198&peptide_id=6219&scanf=15055&charge=3&value=K.AEDKEWM*PVTK.L,RPS2,1.382e+7,2.794,0.008,2.104,0.000
15057,2,"  4.049","  0.644",17/28,/core/www/modules//sdig/index.php?run_id=110202&search_id=114132&scans_id=110198&peptide_id=6221&scanf=15057&charge=2&value=17/28,sp|Q9H0U4|RAB1B_HUMAN,/core/www/modules//consensus/?run_id=110202&search_id=114132&scans_id=110198&peptide_id=6221&scanf=15057&charge=2&value=sp|Q9H0U4|RAB1B_HUMAN,1,/core/www/modules/match_peptides/blast_html4.php?run_id=110202&search_id=114132&scans_id=110198&peptide_id=6221&scanf=15057&charge=2&value=1,R.MGPGAASGGERPNLK.I,/core/www/modules/show_out/show_out_wrapper.php?run_id=110202&search_id=114132&scans_id=110198&peptide_id=6221&scanf=15057&charge=2&value=R.MGPGAASGGERPNLK.I,RAB1B,6.903e+6,3.636,0.000,3.350,0.000
15058,2,"  1.838","  0.165",6/14,/core/www/modules//sdig/index.php?run_id=110202&search_id=114132&scans_id=110198&peptide_id=6222&scanf=15058&charge=2&value=6/14,sp|Q13616|CUL1_HUMAN,/core/www/modules//consensus/?run_id=110202&search_id=114132&scans_id=110198&peptide_id=6222&scanf=15058&charge=2&value=sp|Q13616|CUL1_HUMAN,6,/core/www/modules/match_peptides/blast_html4.php?run_id=110202&search_id=114132&scans_id=110198&peptide_id=6222&scanf=15058&charge=2&value=6,K.QVTNAVLK.L,/core/www/modules/show_out/show_out_wrapper.php?run_id=110202&search_id=114132&scans_id=110198&peptide_id=6222&scanf=15058&charge=2&value=K.QVTNAVLK.L,CUL1,6.202e+7,1.918,0.136,0.865,0.007
15060,2,"  2.497","  0.281",10/20,/core/www/modules//sdig/index.php?run_id=110202&search_id=114132&scans_id=110198&peptide_id=6225&scanf=15060&charge=2&value=10/20,sp|Q96T76|MMS19_HUMAN,/core/www/modules//consensus/?run_id=110202&search_id=114132&scans_id=110198&peptide_id=6225&scanf=15060&charge=2&value=sp|Q96T76|MMS19_HUMAN,1,/core/www/modules/match_peptides/blast_html4.php?run_id=110202&search_id=114132&scans_id=110198&peptide_id=6225&scanf=15060&charge=2&value=1,K.LLQAAAGASAR.A,/core/www/modules/show_out/show_out_wrapper.php?run_id=110202&search_id=114132&scans_id=110198&peptide_id=6225&scanf=15060&charge=2&value=K.LLQAAAGASAR.A,MMS19,4.339e+6,2.271,0.045,1.346,0.002
15062,2,"  3.352","  0.531",14/22,/core/www/modules//sdig/index.php?run_id=110202&search_id=114132&scans_id=110198&peptide_id=6226&scanf=15062&charge=2&value=14/22,sp|Q9NR30|DDX21_HUMAN,/core/www/modules//consensus/?run_id=110202&search_id=114132&scans_id=110198&peptide_id=6226&scanf=15062&charge=2&value=sp|Q9NR30|DDX21_HUMAN,4,/core/www/modules/match_peptides/blast_html4.php?run_id=110202&search_id=114132&scans_id=110198&peptide_id=6226&scanf=15062&charge=2&value=4,K.EAQELSQNSAIK.Q,/core/www/modules/show_out/show_out_wrapper.php?run_id=110202&search_id=114132&scans_id=110198&peptide_id=6226&scanf=15062&charge=2&value=K.EAQELSQNSAIK.Q,DDX21,9.230e+7,3.537,0.001,3.203,0.000
15063,2,"  2.038","  0.266",7/12,/core/www/modules//sdig/index.php?run_id=110202&search_id=114132&scans_id=110198&peptide_id=6227&scanf=15063&charge=2&value=7/12,sp|Q12874|SF3A3_HUMAN,/core/www/modules//consensus/?run_id=110202&search_id=114132&scans_id=110198&peptide_id=6227&scanf=15063&charge=2&value=sp|Q12874|SF3A3_HUMAN,0,/core/www/modules/match_peptides/blast_html4.php?run_id=110202&search_id=114132&scans_id=110198&peptide_id=6227&scanf=15063&charge=2&value=0,K.IQAEFEK.K,/core/www/modules/show_out/show_out_wrapper.php?run_id=110202&search_id=114132&scans_id=110198&peptide_id=6227&scanf=15063&charge=2&value=K.IQAEFEK.K,SF3A3,1.935e+7,2.500,0.021,1.674,0.001
15064,3,"  2.370","  0.257",12/32,/core/www/modules//sdig/index.php?run_id=110202&search_id=114132&scans_id=110198&peptide_id=6228&scanf=15064&charge=3&value=12/32,sp|Q00839|HNRPU_HUMAN,/core/www/modules//consensus/?run_id=110202&search_id=114132&scans_id=110198&peptide_id=6228&scanf=15064&charge=3&value=sp|Q00839|HNRPU_HUMAN,2,/core/www/modules/match_peptides/blast_html4.php?run_id=110202&search_id=114132&scans_id=110198&peptide_id=6228&scanf=15064&charge=3&value=2,K.VSELKEELK.K,/core/www/modules/show_out/show_out_wrapper.php?run_id=110202&search_id=114132&scans_id=110198&peptide_id=6228&scanf=15064&charge=3&value=K.VSELKEELK.K,HNRNPU,1.098e+8,2.405,0.029,1.537,0.001
15065,2,"  2.910","  0.543",15/20,/core/www/modules//sdig/index.php?run_id=110202&search_id=114132&scans_id=110198&peptide_id=6229&scanf=15065&charge=2&value=15/20,sp|P62136|PP1A_HUMAN,/core/www/modules//consensus/?run_id=110202&search_id=114132&scans_id=110198&peptide_id=6229&scanf=15065&charge=2&value=sp|P62136|PP1A_HUMAN,1,/core/www/modules/match_peptides/blast_html4.php?run_id=110202&search_id=114132&scans_id=110198&peptide_id=6229&scanf=15065&charge=2&value=1,R.LLEVQGSRPGK.N,/core/www/modules/show_out/show_out_wrapper.php?run_id=110202&search_id=114132&scans_id=110198&peptide_id=6229&scanf=15065&charge=2&value=R.LLEVQGSRPGK.N,PPP1CA,2.604e+7,3.585,0.001,3.275,0.000
15066,2,"  2.227","  0.270",6/14,/core/www/modules//sdig/index.php?run_id=110202&search_id=114132&scans_id=110198&peptide_id=6230&scanf=15066&charge=2&value=6/14,sp|P62820|RAB1A_HUMAN,/core/www/modules//consensus/?run_id=110202&search_id=114132&scans_id=110198&peptide_id=6230&scanf=15066&charge=2&value=sp|P62820|RAB1A_HUMAN,2,/core/www/modules/match_peptides/blast_html4.php?run_id=110202&search_id=114132&scans_id=110198&peptide_id=6230&scanf=15066&charge=2&value=2,R.TITSSYYR.G,/core/www/modules/show_out/show_out_wrapper.php?run_id=110202&search_id=114132&scans_id=110198&peptide_id=6230&scanf=15066&charge=2&value=R.TITSSYYR.G,RAB1A,5.621e+7,2.266,0.046,1.338,0.002
15067,2,"  1.611","  0.335",8/12,/core/www/modules//sdig/index.php?run_id=110202&search_id=114132&scans_id=110198&peptide_id=6231&scanf=15067&charge=2&value=8/12,sp|Q13595|TRA2A_HUMAN,/core/www/modules//consensus/?run_id=110202&search_id=114132&scans_id=110198&peptide_id=6231&scanf=15067&charge=2&value=sp|Q13595|TRA2A_HUMAN,0,/core/www/modules/match_peptides/blast_html4.php?run_id=110202&search_id=114132&scans_id=110198&peptide_id=6231&scanf=15067&charge=2&value=0,R.VDYSITK.R,/core/www/modules/show_out/show_out_wrapper.php?run_id=110202&search_id=114132&scans_id=110198&peptide_id=6231&scanf=15067&charge=2&value=R.VDYSITK.R,TRA2A,1.115e+8,2.801,0.008,2.114,0.000
15068,3,"  1.960","  0.609",11/36,/core/www/modules//sdig/index.php?run_id=110202&search_id=114132&scans_id=110198&peptide_id=6232&scanf=15068&charge=3&value=11/36,sp|Q14315|FLNC_HUMAN,/core/www/modules//consensus/?run_id=110202&search_id=114132&scans_id=110198&peptide_id=6232&scanf=15068&charge=3&value=sp|Q14315|FLNC_HUMAN,0,/core/www/modules/match_peptides/blast_html4.php?run_id=110202&search_id=114132&scans_id=110198&peptide_id=6232&scanf=15068&charge=3&value=0,K.EVGEHVVSVR.K,/core/www/modules/show_out/show_out_wrapper.php?run_id=110202&search_id=114132&scans_id=110198&peptide_id=6232&scanf=15068&charge=3&value=K.EVGEHVVSVR.K,FLNC,1.924e+7,3.739,0.000,3.502,0.000
15069,2,"  2.110","  0.431",11/14,/core/www/modules//sdig/index.php?run_id=110202&search_id=114132&scans_id=110198&peptide_id=6233&scanf=15069&charge=2&value=11/14,sp|Q9H7B2|RPF2_HUMAN,/core/www/modules//consensus/?run_id=110202&search_id=114132&scans_id=110198&peptide_id=6233&scanf=15069&charge=2&value=sp|Q9H7B2|RPF2_HUMAN,1,/core/www/modules/match_peptides/blast_html4.php?run_id=110202&search_id=114132&scans_id=110198&peptide_id=6233&scanf=15069&charge=2&value=1,K.KPYGVLYK.K,/core/www/modules/show_out/show_out_wrapper.php?run_id=110202&search_id=114132&scans_id=110198&peptide_id=6233&scanf=15069&charge=2&value=K.KPYGVLYK.K,RPF2,7.358e+7,3.361,0.001,2.942,0.000
15071,3,"  2.393","  0.272",10/40,/core/www/modules//sdig/index.php?run_id=110202&search_id=114132&scans_id=110198&peptide_id=6235&scanf=15071&charge=3&value=10/40,sp|Q9BXP5|SRRT_HUMAN,/core/www/modules//consensus/?run_id=110202&search_id=114132&scans_id=110198&peptide_id=6235&scanf=15071&charge=3&value=sp|Q9BXP5|SRRT_HUMAN,2,/core/www/modules/match_peptides/blast_html4.php?run_id=110202&search_id=114132&scans_id=110198&peptide_id=6235&scanf=15071&charge=3&value=2,R.VALSEPQPERR.F,/core/www/modules/show_out/show_out_wrapper.php?run_id=110202&search_id=114132&scans_id=110198&peptide_id=6235&scanf=15071&charge=3&value=R.VALSEPQPERR.F,SRRT,1.187e+7,2.114,0.075,1.126,0.002
15074,3,"  2.463","  0.343",8/52,/core/www/modules//sdig/index.php?run_id=110202&search_id=114132&scans_id=110198&peptide_id=6238&scanf=15074&charge=3&value=8/52,sp|Q9NW13|RBM28_HUMAN,/core/www/modules//consensus/?run_id=110202&search_id=114132&scans_id=110198&peptide_id=6238&scanf=15074&charge=3&value=sp|Q9NW13|RBM28_HUMAN,1,/core/www/modules/match_peptides/blast_html4.php?run_id=110202&search_id=114132&scans_id=110198&peptide_id=6238&scanf=15074&charge=3&value=1,K.YKDTQSVSAIGEEK.S,/core/www/modules/show_out/show_out_wrapper.php?run_id=110202&search_id=114132&scans_id=110198&peptide_id=6238&scanf=15074&charge=3&value=K.YKDTQSVSAIGEEK.S,RBM28,6.131e+6,2.185,0.060,1.225,0.002
15079,3,"  4.224","  0.670",24/76,/core/www/modules//sdig/index.php?run_id=110202&search_id=114132&scans_id=110198&peptide_id=6243&scanf=15079&charge=3&value=24/76,sp|Q9BXP5|SRRT_HUMAN,/core/www/modules//consensus/?run_id=110202&search_id=114132&scans_id=110198&peptide_id=6243&scanf=15079&charge=3&value=sp|Q9BXP5|SRRT_HUMAN,0,/core/www/modules/match_peptides/blast_html4.php?run_id=110202&search_id=114132&scans_id=110198&peptide_id=6243&scanf=15079&charge=3&value=0,R.ILEQEEEEEQAGKPGEPSKK.E,/core/www/modules/show_out/show_out_wrapper.php?run_id=110202&search_id=114132&scans_id=110198&peptide_id=6243&scanf=15079&charge=3&value=R.ILEQEEEEEQAGKPGEPSKK.E,SRRT,7.261e+6,3.332,0.001,2.899,0.000
15084,2,"  4.093","  0.448",16/26,/core/www/modules//sdig/index.php?run_id=110202&search_id=114132&scans_id=110198&peptide_id=6248&scanf=15084&charge=2&value=16/26,sp|P02545|LMNA_HUMAN,/core/www/modules//consensus/?run_id=110202&search_id=114132&scans_id=110198&peptide_id=6248&scanf=15084&charge=2&value=sp|P02545|LMNA_HUMAN,9,/core/www/modules/match_peptides/blast_html4.php?run_id=110202&search_id=114132&scans_id=110198&peptide_id=6248&scanf=15084&charge=2&value=9,R.SGAQASSTPLSPTR.I,/core/www/modules/show_out/show_out_wrapper.php?run_id=110202&search_id=114132&scans_id=110198&peptide_id=6248&scanf=15084&charge=2&value=R.SGAQASSTPLSPTR.I,LMNA,1.926e+8,3.181,0.002,2.676,0.000
15085,3,"  4.638","  0.685",22/52,/core/www/modules//sdig/index.php?run_id=110202&search_id=114132&scans_id=110198&peptide_id=6249&scanf=15085&charge=3&value=22/52,sp|Q12906|ILF3_HUMAN,/core/www/modules//consensus/?run_id=110202&search_id=114132&scans_id=110198&peptide_id=6249&scanf=15085&charge=3&value=sp|Q12906|ILF3_HUMAN,1,/core/www/modules/match_peptides/blast_html4.php?run_id=110202&search_id=114132&scans_id=110198&peptide_id=6249&scanf=15085&charge=3&value=1,K.YELISETGGSHDKR.F,/core/www/modules/show_out/show_out_wrapper.php?run_id=110202&search_id=114132&scans_id=110198&peptide_id=6249&scanf=15085&charge=3&value=K.YELISETGGSHDKR.F,ILF3,2.014e+8,3.896,0.000,3.735,0.000
15086,3,"  5.800","  0.494",23/48,/core/www/modules//sdig/index.php?run_id=110202&search_id=114132&scans_id=110198&peptide_id=6250&scanf=15086&charge=3&value=23/48,sp|P62841|RS15_HUMAN,/core/www/modules//consensus/?run_id=110202&search_id=114132&scans_id=110198&peptide_id=6250&scanf=15086&charge=3&value=sp|P62841|RS15_HUMAN,7,/core/www/modules/match_peptides/blast_html4.php?run_id=110202&search_id=114132&scans_id=110198&peptide_id=6250&scanf=15086&charge=3&value=7,K.KEAPPMEKPEVVK.T,/core/www/modules/show_out/show_out_wrapper.php?run_id=110202&search_id=114132&scans_id=110198&peptide_id=6250&scanf=15086&charge=3&value=K.KEAPPMEKPEVVK.T,RPS15,4.652e+7,3.296,0.001,2.846,0.000
15091,4,"  2.836","  0.247",13/102,/core/www/modules//sdig/index.php?run_id=110202&search_id=114132&scans_id=110198&peptide_id=6256&scanf=15091&charge=4&value=13/102,sp|Q16643|DREB_HUMAN,/core/www/modules//consensus/?run_id=110202&search_id=114132&scans_id=110198&peptide_id=6256&scanf=15091&charge=4&value=sp|Q16643|DREB_HUMAN,1,/core/www/modules/match_peptides/blast_html4.php?run_id=110202&search_id=114132&scans_id=110198&peptide_id=6256&scanf=15091&charge=4&value=1,K.EQSIFGDHRDEEEETHM*K.K,/core/www/modules/show_out/show_out_wrapper.php?run_id=110202&search_id=114132&scans_id=110198&peptide_id=6256&scanf=15091&charge=4&value=K.EQSIFGDHRDEEEETHM*K.K,DBN1,6.074e+6,2.238,0.050,1.299,0.002
15092,2,"  1.990","  0.224",8/14,/core/www/modules//sdig/index.php?run_id=110202&search_id=114132&scans_id=110198&peptide_id=6257&scanf=15092&charge=2&value=8/14,sp|P62258|1433E_HUMAN,/core/www/modules//consensus/?run_id=110202&search_id=114132&scans_id=110198&peptide_id=6257&scanf=15092&charge=2&value=sp|P62258|1433E_HUMAN,3,/core/www/modules/match_peptides/blast_html4.php?run_id=110202&search_id=114132&scans_id=110198&peptide_id=6257&scanf=15092&charge=2&value=3,R.IISSIEQK.E,/core/www/modules/show_out/show_out_wrapper.php?run_id=110202&search_id=114132&scans_id=110198&peptide_id=6257&scanf=15092&charge=2&value=R.IISSIEQK.E,YWHAE,4.807e+7,2.315,0.039,1.408,0.001
15094,2,"  3.115","  0.565",13/24,/core/www/modules//sdig/index.php?run_id=110202&search_id=114132&scans_id=110198&peptide_id=6259&scanf=15094&charge=2&value=13/24,sp|Q15149|PLEC_HUMAN,/core/www/modules//consensus/?run_id=110202&search_id=114132&scans_id=110198&peptide_id=6259&scanf=15094&charge=2&value=sp|Q15149|PLEC_HUMAN,5,/core/www/modules/match_peptides/blast_html4.php?run_id=110202&search_id=114132&scans_id=110198&peptide_id=6259&scanf=15094&charge=2&value=5,R.DSQDAGGFGPEDR.L,/core/www/modules/show_out/show_out_wrapper.php?run_id=110202&search_id=114132&scans_id=110198&peptide_id=6259&scanf=15094&charge=2&value=R.DSQDAGGFGPEDR.L,PLEC,1.573e+7,3.859,0.000,3.681,0.000
15095,2,"  2.187","  0.151",10/12,/core/www/modules//sdig/index.php?run_id=110202&search_id=114132&scans_id=110198&peptide_id=6260&scanf=15095&charge=2&value=10/12,sp|Q05D32|CTSL2_HUMAN,/core/www/modules//consensus/?run_id=110202&search_id=114132&scans_id=110198&peptide_id=6260&scanf=15095&charge=2&value=sp|Q05D32|CTSL2_HUMAN,1,/core/www/modules/match_peptides/blast_html4.php?run_id=110202&search_id=114132&scans_id=110198&peptide_id=6260&scanf=15095&charge=2&value=1,R.KPALPLK.T,/core/www/modules/show_out/show_out_wrapper.php?run_id=110202&search_id=114132&scans_id=110198&peptide_id=6260&scanf=15095&charge=2&value=R.KPALPLK.T,CTDSPL2,1.039e+7,2.523,0.020,1.708,0.000
15102,2,"  2.676","  0.302",8/18,/core/www/modules//sdig/index.php?run_id=110202&search_id=114132&scans_id=110198&peptide_id=6268&scanf=15102&charge=2&value=8/18,sp|Q9HCG8|CWC22_HUMAN,/core/www/modules//consensus/?run_id=110202&search_id=114132&scans_id=110198&peptide_id=6268&scanf=15102&charge=2&value=sp|Q9HCG8|CWC22_HUMAN,1,/core/www/modules/match_peptides/blast_html4.php?run_id=110202&search_id=114132&scans_id=110198&peptide_id=6268&scanf=15102&charge=2&value=1,R.TGGAYIPPAK.L,/core/www/modules/show_out/show_out_wrapper.php?run_id=110202&search_id=114132&scans_id=110198&peptide_id=6268&scanf=15102&charge=2&value=R.TGGAYIPPAK.L,CWC22,5.589e+6,2.024,0.099,1.005,0.005
15104,3,"  2.573","  0.333",13/44,/core/www/modules//sdig/index.php?run_id=110202&search_id=114132&scans_id=110198&peptide_id=6269&scanf=15104&charge=3&value=13/44,sp|P07237|PDIA1_HUMAN,/core/www/modules//consensus/?run_id=110202&search_id=114132&scans_id=110198&peptide_id=6269&scanf=15104&charge=3&value=sp|P07237|PDIA1_HUMAN,17,/core/www/modules/match_peptides/blast_html4.php?run_id=110202&search_id=114132&scans_id=110198&peptide_id=6269&scanf=15104&charge=3&value=17,K.YKPESEELTAER.I,/core/www/modules/show_out/show_out_wrapper.php?run_id=110202&search_id=114132&scans_id=110198&peptide_id=6269&scanf=15104&charge=3&value=K.YKPESEELTAER.I,P4HB,9.680e+7,2.739,0.009,2.023,0.000
15105,2,"  1.730","  0.150",9/14,/core/www/modules//sdig/index.php?run_id=110202&search_id=114132&scans_id=110198&peptide_id=6270&scanf=15105&charge=2&value=9/14,sp|Q92797|SYMPK_HUMAN,/core/www/modules//consensus/?run_id=110202&search_id=114132&scans_id=110198&peptide_id=6270&scanf=15105&charge=2&value=sp|Q92797|SYMPK_HUMAN,2,/core/www/modules/match_peptides/blast_html4.php?run_id=110202&search_id=114132&scans_id=110198&peptide_id=6270&scanf=15105&charge=2&value=2,R.MADSEIPR.R,/core/www/modules/show_out/show_out_wrapper.php?run_id=110202&search_id=114132&scans_id=110198&peptide_id=6270&scanf=15105&charge=2&value=R.MADSEIPR.R,SYMPK,1.639e+7,2.288,0.043,1.369,0.001
15106,2,"  2.374","  0.465",10/16,/core/www/modules//sdig/index.php?run_id=110202&search_id=114132&scans_id=110198&peptide_id=6271&scanf=15106&charge=2&value=10/16,sp|P62191|PRS4_HUMAN,/core/www/modules//consensus/?run_id=110202&search_id=114132&scans_id=110198&peptide_id=6271&scanf=15106&charge=2&value=sp|P62191|PRS4_HUMAN,0,/core/www/modules/match_peptides/blast_html4.php?run_id=110202&search_id=114132&scans_id=110198&peptide_id=6271&scanf=15106&charge=2&value=0,K.KYEPPVPTR.V,/core/www/modules/show_out/show_out_wrapper.php?run_id=110202&search_id=114132&scans_id=110198&peptide_id=6271&scanf=15106&charge=2&value=K.KYEPPVPTR.V,PSMC1,2.114e+7,2.970,0.004,2.364,0.000
15109,2,"  2.135","  0.430",9/14,/core/www/modules//sdig/index.php?run_id=110202&search_id=114132&scans_id=110198&peptide_id=6274&scanf=15109&charge=2&value=9/14,sp|P61254|RL26_HUMAN,/core/www/modules//consensus/?run_id=110202&search_id=114132&scans_id=110198&peptide_id=6274&scanf=15109&charge=2&value=sp|P61254|RL26_HUMAN,6,/core/www/modules/match_peptides/blast_html4.php?run_id=110202&search_id=114132&scans_id=110198&peptide_id=6274&scanf=15109&charge=2&value=6,K.DDEVQVVR.G,/core/www/modules/show_out/show_out_wrapper.php?run_id=110202&search_id=114132&scans_id=110198&peptide_id=6274&scanf=15109&charge=2&value=K.DDEVQVVR.G,RPL26,3.798e+7,3.132,0.002,2.603,0.000
15110,2,"  1.555","  0.197",5/14,/core/www/modules//sdig/index.php?run_id=110202&search_id=114132&scans_id=110198&peptide_id=6276&scanf=15110&charge=2&value=5/14,sp|Q5THJ4|VP13D_HUMAN,/core/www/modules//consensus/?run_id=110202&search_id=114132&scans_id=110198&peptide_id=6276&scanf=15110&charge=2&value=sp|Q5THJ4|VP13D_HUMAN,0,/core/www/modules/match_peptides/blast_html4.php?run_id=110202&search_id=114132&scans_id=110198&peptide_id=6276&scanf=15110&charge=2&value=0,K.LLAESLPR.R,/core/www/modules/show_out/show_out_wrapper.php?run_id=110202&search_id=114132&scans_id=110198&peptide_id=6276&scanf=15110&charge=2&value=K.LLAESLPR.R,VPS13D,7.107e+6,1.896,0.146,0.837,0.007
15112,2,"  1.205","  0.158",6/12,/core/www/modules//sdig/index.php?run_id=110202&search_id=114132&scans_id=110198&peptide_id=6278&scanf=15112&charge=2&value=6/12,sp|O75643|U520_HUMAN,/core/www/modules//consensus/?run_id=110202&search_id=114132&scans_id=110198&peptide_id=6278&scanf=15112&charge=2&value=sp|O75643|U520_HUMAN,1,/core/www/modules/match_peptides/blast_html4.php?run_id=110202&search_id=114132&scans_id=110198&peptide_id=6278&scanf=15112&charge=2&value=1,R.SLQYEYK.A,/core/www/modules/show_out/show_out_wrapper.php?run_id=110202&search_id=114132&scans_id=110198&peptide_id=6278&scanf=15112&charge=2&value=R.SLQYEYK.A,SNRNP200,1.047e+7,2.193,0.058,1.235,0.002
15120,2,"  2.075","  0.202",8/16,/core/www/modules//sdig/index.php?run_id=110202&search_id=114132&scans_id=110198&peptide_id=6287&scanf=15120&charge=2&value=8/16,sp|Q99798|ACON_HUMAN,/core/www/modules//consensus/?run_id=110202&search_id=114132&scans_id=110198&peptide_id=6287&scanf=15120&charge=2&value=sp|Q99798|ACON_HUMAN,7,/core/www/modules/match_peptides/blast_html4.php?run_id=110202&search_id=114132&scans_id=110198&peptide_id=6287&scanf=15120&charge=2&value=7,K.NTIVTSYNR.N,/core/www/modules/show_out/show_out_wrapper.php?run_id=110202&search_id=114132&scans_id=110198&peptide_id=6287&scanf=15120&charge=2&value=K.NTIVTSYNR.N,ACO2,6.814e+6,2.134,0.070,1.153,0.002
15125,2,"  2.346","  0.291",8/12,/core/www/modules//sdig/index.php?run_id=110202&search_id=114132&scans_id=110198&peptide_id=6291&scanf=15125&charge=2&value=8/12,sp|P62701|RS4X_HUMAN,/core/www/modules//consensus/?run_id=110202&search_id=114132&scans_id=110198&peptide_id=6291&scanf=15125&charge=2&value=sp|P62701|RS4X_HUMAN,0,/core/www/modules/match_peptides/blast_html4.php?run_id=110202&search_id=114132&scans_id=110198&peptide_id=6291&scanf=15125&charge=2&value=0,R.IGVITNR.E,/core/www/modules/show_out/show_out_wrapper.php?run_id=110202&search_id=114132&scans_id=110198&peptide_id=6291&scanf=15125&charge=2&value=R.IGVITNR.E,RPS4X,2.641e+8,2.778,0.008,2.080,0.000
15127,2,"  2.317","  0.441",10/18,/core/www/modules//sdig/index.php?run_id=110202&search_id=114132&scans_id=110198&peptide_id=6293&scanf=15127&charge=2&value=10/18,sp|O43818|U3IP2_HUMAN,/core/www/modules//consensus/?run_id=110202&search_id=114132&scans_id=110198&peptide_id=6293&scanf=15127&charge=2&value=sp|O43818|U3IP2_HUMAN,0,/core/www/modules/match_peptides/blast_html4.php?run_id=110202&search_id=114132&scans_id=110198&peptide_id=6293&scanf=15127&charge=2&value=0,R.AFEEDQVAGR.L,/core/www/modules/show_out/show_out_wrapper.php?run_id=110202&search_id=114132&scans_id=110198&peptide_id=6293&scanf=15127&charge=2&value=R.AFEEDQVAGR.L,RRP9,4.924e+7,2.984,0.004,2.385,0.000
15128,2,"  3.486","  0.729",19/26,/core/www/modules//sdig/index.php?run_id=110202&search_id=114132&scans_id=110198&peptide_id=6294&scanf=15128&charge=2&value=19/26,sp|Q12906|ILF3_HUMAN,/core/www/modules//consensus/?run_id=110202&search_id=114132&scans_id=110198&peptide_id=6294&scanf=15128&charge=2&value=sp|Q12906|ILF3_HUMAN,1,/core/www/modules/match_peptides/blast_html4.php?run_id=110202&search_id=114132&scans_id=110198&peptide_id=6294&scanf=15128&charge=2&value=1,K.YELISETGGSHDKR.F,/core/www/modules/show_out/show_out_wrapper.php?run_id=110202&search_id=114132&scans_id=110198&peptide_id=6294&scanf=15128&charge=2&value=K.YELISETGGSHDKR.F,ILF3,5.223e+7,3.996,0.000,3.883,0.000
15129,4,"  3.654","  0.576",21/108,/core/www/modules//sdig/index.php?run_id=110202&search_id=114132&scans_id=110198&peptide_id=6295&scanf=15129&charge=4&value=21/108,sp|P18124|RL7_HUMAN,/core/www/modules//consensus/?run_id=110202&search_id=114132&scans_id=110198&peptide_id=6295&scanf=15129&charge=4&value=sp|P18124|RL7_HUMAN,1,/core/www/modules/match_peptides/blast_html4.php?run_id=110202&search_id=114132&scans_id=110198&peptide_id=6295&scanf=15129&charge=4&value=1,K.TTHFVEGGDAGNREDQINR.L,/core/www/modules/show_out/show_out_wrapper.php?run_id=110202&search_id=114132&scans_id=110198&peptide_id=6295&scanf=15129&charge=4&value=K.TTHFVEGGDAGNREDQINR.L,RPL7,2.917e+8,3.327,0.001,2.892,0.000
15130,2,"  1.415","  0.257",9/16,/core/www/modules//sdig/index.php?run_id=110202&search_id=114132&scans_id=110198&peptide_id=6297&scanf=15130&charge=2&value=9/16,sp|O95433|AHSA1_HUMAN,/core/www/modules//consensus/?run_id=110202&search_id=114132&scans_id=110198&peptide_id=6297&scanf=15130&charge=2&value=sp|O95433|AHSA1_HUMAN,2,/core/www/modules/match_peptides/blast_html4.php?run_id=110202&search_id=114132&scans_id=110198&peptide_id=6297&scanf=15130&charge=2&value=2,R.GIPAPEEER.T,/core/www/modules/show_out/show_out_wrapper.php?run_id=110202&search_id=114132&scans_id=110198&peptide_id=6297&scanf=15130&charge=2&value=R.GIPAPEEER.T,AHSA1,1.796e+7,2.350,0.035,1.458,0.001
15131,3,"  2.086","  0.339",13/48,/core/www/modules//sdig/index.php?run_id=110202&search_id=114132&scans_id=110198&peptide_id=6298&scanf=15131&charge=3&value=13/48,sp|Q7Z2T5|TRM1L_HUMAN,/core/www/modules//consensus/?run_id=110202&search_id=114132&scans_id=110198&peptide_id=6298&scanf=15131&charge=3&value=sp|Q7Z2T5|TRM1L_HUMAN,0,/core/www/modules/match_peptides/blast_html4.php?run_id=110202&search_id=114132&scans_id=110198&peptide_id=6298&scanf=15131&charge=3&value=0,K.SSYIAASTAKPPK.E,/core/www/modules/show_out/show_out_wrapper.php?run_id=110202&search_id=114132&scans_id=110198&peptide_id=6298&scanf=15131&charge=3&value=K.SSYIAASTAKPPK.E,TRMT1L,1.199e+7,2.585,0.016,1.798,0.000
15132,2,"  1.736","  0.127",8/14,/core/www/modules//sdig/index.php?run_id=110202&search_id=114132&scans_id=110198&peptide_id=6299&scanf=15132&charge=2&value=8/14,sp|O00231|PSD11_HUMAN,/core/www/modules//consensus/?run_id=110202&search_id=114132&scans_id=110198&peptide_id=6299&scanf=15132&charge=2&value=sp|O00231|PSD11_HUMAN,0,/core/www/modules/match_peptides/blast_html4.php?run_id=110202&search_id=114132&scans_id=110198&peptide_id=6299&scanf=15132&charge=2&value=0,K.VVDSLYNK.A,/core/www/modules/show_out/show_out_wrapper.php?run_id=110202&search_id=114132&scans_id=110198&peptide_id=6299&scanf=15132&charge=2&value=K.VVDSLYNK.A,PSMD11,1.651e+7,1.910,0.140,0.855,0.007
15135,2,"  2.627","  0.525",15/26,/core/www/modules//sdig/index.php?run_id=110202&search_id=114132&scans_id=110198&peptide_id=6302&scanf=15135&charge=2&value=15/26,sp|P31942|HNRH3_HUMAN,/core/www/modules//consensus/?run_id=110202&search_id=114132&scans_id=110198&peptide_id=6302&scanf=15135&charge=2&value=sp|P31942|HNRH3_HUMAN,0,/core/www/modules/match_peptides/blast_html4.php?run_id=110202&search_id=114132&scans_id=110198&peptide_id=6302&scanf=15135&charge=2&value=0,R.DGMDNQGGYGSVGR.M,/core/www/modules/show_out/show_out_wrapper.php?run_id=110202&search_id=114132&scans_id=110198&peptide_id=6302&scanf=15135&charge=2&value=R.DGMDNQGGYGSVGR.M,HNRNPH3,4.612e+7,3.185,0.002,2.682,0.000
15137,2,"  2.642","  0.471",10/14,/core/www/modules//sdig/index.php?run_id=110202&search_id=114132&scans_id=110198&peptide_id=6304&scanf=15137&charge=2&value=10/14,sp|Q04837|SSBP_HUMAN,/core/www/modules//consensus/?run_id=110202&search_id=114132&scans_id=110198&peptide_id=6304&scanf=15137&charge=2&value=sp|Q04837|SSBP_HUMAN,3,/core/www/modules/match_peptides/blast_html4.php?run_id=110202&search_id=114132&scans_id=110198&peptide_id=6304&scanf=15137&charge=2&value=3,R.VGQDPVLR.Q,/core/www/modules/show_out/show_out_wrapper.php?run_id=110202&search_id=114132&scans_id=110198&peptide_id=6304&scanf=15137&charge=2&value=R.VGQDPVLR.Q,SSBP1,3.172e+7,3.412,0.001,3.017,0.000
15138,2,"  3.902","  0.655",15/22,/core/www/modules//sdig/index.php?run_id=110202&search_id=114132&scans_id=110198&peptide_id=6305&scanf=15138&charge=2&value=15/22,sp|Q14839|CHD4_HUMAN,/core/www/modules//consensus/?run_id=110202&search_id=114132&scans_id=110198&peptide_id=6305&scanf=15138&charge=2&value=sp|Q14839|CHD4_HUMAN,16,/core/www/modules/match_peptides/blast_html4.php?run_id=110202&search_id=114132&scans_id=110198&peptide_id=6305&scanf=15138&charge=2&value=16,R.EEEMGEEEEVER.E,/core/www/modules/show_out/show_out_wrapper.php?run_id=110202&search_id=114132&scans_id=110198&peptide_id=6305&scanf=15138&charge=2&value=R.EEEMGEEEEVER.E,CHD4,2.410e+7,4.045,0.000,3.956,0.000
15142,2,"  2.326","  0.421",12/14,/core/www/modules//sdig/index.php?run_id=110202&search_id=114132&scans_id=110198&peptide_id=6310&scanf=15142&charge=2&value=12/14,sp|O75643|U520_HUMAN,/core/www/modules//consensus/?run_id=110202&search_id=114132&scans_id=110198&peptide_id=6310&scanf=15142&charge=2&value=sp|O75643|U520_HUMAN,1,/core/www/modules/match_peptides/blast_html4.php?run_id=110202&search_id=114132&scans_id=110198&peptide_id=6310&scanf=15142&charge=2&value=1,R.KLPEEVVK.K,/core/www/modules/show_out/show_out_wrapper.php?run_id=110202&search_id=114132&scans_id=110198&peptide_id=6310&scanf=15142&charge=2&value=R.KLPEEVVK.K,SNRNP200,5.850e+7,3.397,0.001,2.996,0.000
15143,2,"  2.971","  0.337",12/20,/core/www/modules//sdig/index.php?run_id=110202&search_id=114132&scans_id=110198&peptide_id=6311&scanf=15143&charge=2&value=12/20,sp|Q9P031|TAP26_HUMAN,/core/www/modules//consensus/?run_id=110202&search_id=114132&scans_id=110198&peptide_id=6311&scanf=15143&charge=2&value=sp|Q9P031|TAP26_HUMAN,0,/core/www/modules/match_peptides/blast_html4.php?run_id=110202&search_id=114132&scans_id=110198&peptide_id=6311&scanf=15143&charge=2&value=0,K.AQEEYEQIQAK.R,/core/www/modules/show_out/show_out_wrapper.php?run_id=110202&search_id=114132&scans_id=110198&peptide_id=6311&scanf=15143&charge=2&value=K.AQEEYEQIQAK.R,CCDC59,5.744e+6,2.623,0.014,1.854,0.000
15144,2,"  3.527","  0.670",19/34,/core/www/modules//sdig/index.php?run_id=110202&search_id=114132&scans_id=110198&peptide_id=6312&scanf=15144&charge=2&value=19/34,sp|O60763|USO1_HUMAN,/core/www/modules//consensus/?run_id=110202&search_id=114132&scans_id=110198&peptide_id=6312&scanf=15144&charge=2&value=sp|O60763|USO1_HUMAN,0,/core/www/modules/match_peptides/blast_html4.php?run_id=110202&search_id=114132&scans_id=110198&peptide_id=6312&scanf=15144&charge=2&value=0,K.SSQTSGTNEQSSAIVSAR.D,/core/www/modules/show_out/show_out_wrapper.php?run_id=110202&search_id=114132&scans_id=110198&peptide_id=6312&scanf=15144&charge=2&value=K.SSQTSGTNEQSSAIVSAR.D,USO1,5.466e+6,3.552,0.001,3.225,0.000
15147,2,"  3.245","  0.648",12/20,/core/www/modules//sdig/index.php?run_id=110202&search_id=114132&scans_id=110198&peptide_id=6314&scanf=15147&charge=2&value=12/20,sp|P45973|CBX5_HUMAN,/core/www/modules//consensus/?run_id=110202&search_id=114132&scans_id=110198&peptide_id=6314&scanf=15147&charge=2&value=sp|P45973|CBX5_HUMAN,0,/core/www/modules/match_peptides/blast_html4.php?run_id=110202&search_id=114132&scans_id=110198&peptide_id=6314&scanf=15147&charge=2&value=0,K.SNFSNSADDIK.S,/core/www/modules/show_out/show_out_wrapper.php?run_id=110202&search_id=114132&scans_id=110198&peptide_id=6314&scanf=15147&charge=2&value=K.SNFSNSADDIK.S,CBX5,3.667e+7,3.733,0.000,3.493,0.000
15148,3,"  2.817","  0.490",14/36,/core/www/modules//sdig/index.php?run_id=110202&search_id=114132&scans_id=110198&peptide_id=6315&scanf=15148&charge=3&value=14/36,sp|P21127|CD11B_HUMAN,/core/www/modules//consensus/?run_id=110202&search_id=114132&scans_id=110198&peptide_id=6315&scanf=15148&charge=3&value=sp|P21127|CD11B_HUMAN,6,/core/www/modules/match_peptides/blast_html4.php?run_id=110202&search_id=114132&scans_id=110198&peptide_id=6315&scanf=15148&charge=3&value=6,K.AQHPNIVTVR.E,/core/www/modules/show_out/show_out_wrapper.php?run_id=110202&search_id=114132&scans_id=110198&peptide_id=6315&scanf=15148&charge=3&value=K.AQHPNIVTVR.E,CDK11B,7.488e+7,3.398,0.001,2.997,0.000
15150,2,"  2.434","  0.125",8/16,/core/www/modules//sdig/index.php?run_id=110202&search_id=114132&scans_id=110198&peptide_id=6318&scanf=15150&charge=2&value=8/16,sp|P55084|ECHB_HUMAN,/core/www/modules//consensus/?run_id=110202&search_id=114132&scans_id=110198&peptide_id=6318&scanf=15150&charge=2&value=sp|P55084|ECHB_HUMAN,2,/core/www/modules/match_peptides/blast_html4.php?run_id=110202&search_id=114132&scans_id=110198&peptide_id=6318&scanf=15150&charge=2&value=2,K.ALAMGYKPK.A,/core/www/modules/show_out/show_out_wrapper.php?run_id=110202&search_id=114132&scans_id=110198&peptide_id=6318&scanf=15150&charge=2&value=K.ALAMGYKPK.A,HADHB,2.669e+7,1.876,0.154,0.812,0.008
15151,3,"  3.393","  0.624",16/52,/core/www/modules//sdig/index.php?run_id=110202&search_id=114132&scans_id=110198&peptide_id=6319&scanf=15151&charge=3&value=16/52,sp|Q8TAQ2|SMRC2_HUMAN,/core/www/modules//consensus/?run_id=110202&search_id=114132&scans_id=110198&peptide_id=6319&scanf=15151&charge=3&value=sp|Q8TAQ2|SMRC2_HUMAN,1,/core/www/modules/match_peptides/blast_html4.php?run_id=110202&search_id=114132&scans_id=110198&peptide_id=6319&scanf=15151&charge=3&value=1,K.TLTDEVNSPDSDRR.D,/core/www/modules/show_out/show_out_wrapper.php?run_id=110202&search_id=114132&scans_id=110198&peptide_id=6319&scanf=15151&charge=3&value=K.TLTDEVNSPDSDRR.D,SMARCC2,4.357e+7,3.485,0.001,3.126,0.000
15152,3,"  2.470","  0.500",12/40,/core/www/modules//sdig/index.php?run_id=110202&search_id=114132&scans_id=110198&peptide_id=6320&scanf=15152&charge=3&value=12/40,sp|P62424|RL7A_HUMAN,/core/www/modules//consensus/?run_id=110202&search_id=114132&scans_id=110198&peptide_id=6320&scanf=15152&charge=3&value=sp|P62424|RL7A_HUMAN,1,/core/www/modules/match_peptides/blast_html4.php?run_id=110202&search_id=114132&scans_id=110198&peptide_id=6320&scanf=15152&charge=3&value=1,R.TNYNDRYDEIR.R,/core/www/modules/show_out/show_out_wrapper.php?run_id=110202&search_id=114132&scans_id=110198&peptide_id=6320&scanf=15152&charge=3&value=R.TNYNDRYDEIR.R,RPL7A,1.102e+8,2.971,0.004,2.365,0.000
15153,3,"  2.872","  0.448",12/44,/core/www/modules//sdig/index.php?run_id=110202&search_id=114132&scans_id=110198&peptide_id=6321&scanf=15153&charge=3&value=12/44,sp|Q15532|SSXT_HUMAN,/core/www/modules//consensus/?run_id=110202&search_id=114132&scans_id=110198&peptide_id=6321&scanf=15153&charge=3&value=sp|Q15532|SSXT_HUMAN,7,/core/www/modules/match_peptides/blast_html4.php?run_id=110202&search_id=114132&scans_id=110198&peptide_id=6321&scanf=15153&charge=3&value=7,R.GKGEITPAAIQK.M,/core/www/modules/show_out/show_out_wrapper.php?run_id=110202&search_id=114132&scans_id=110198&peptide_id=6321&scanf=15153&charge=3&value=R.GKGEITPAAIQK.M,SS18,6.856e+7,2.681,0.012,1.938,0.000
15154,3,"  4.752","  0.718",22/68,/core/www/modules//sdig/index.php?run_id=110202&search_id=114132&scans_id=110198&peptide_id=6322&scanf=15154&charge=3&value=22/68,sp|Q9H0S4|DDX47_HUMAN,/core/www/modules//consensus/?run_id=110202&search_id=114132&scans_id=110198&peptide_id=6322&scanf=15154&charge=3&value=sp|Q9H0S4|DDX47_HUMAN,0,/core/www/modules/match_peptides/blast_html4.php?run_id=110202&search_id=114132&scans_id=110198&peptide_id=6322&scanf=15154&charge=3&value=0,R.SREDAGDNDDTEGAIGVR.N,/core/www/modules/show_out/show_out_wrapper.php?run_id=110202&search_id=114132&scans_id=110198&peptide_id=6322&scanf=15154&charge=3&value=R.SREDAGDNDDTEGAIGVR.N,DDX47,1.682e+7,3.631,0.000,3.342,0.000
15159,2,"  3.015","  0.514",13/18,/core/www/modules//sdig/index.php?run_id=110202&search_id=114132&scans_id=110198&peptide_id=6327&scanf=15159&charge=2&value=13/18,sp|Q969G3|SMCE1_HUMAN,/core/www/modules//consensus/?run_id=110202&search_id=114132&scans_id=110198&peptide_id=6327&scanf=15159&charge=2&value=sp|Q969G3|SMCE1_HUMAN,9,/core/www/modules/match_peptides/blast_html4.php?run_id=110202&search_id=114132&scans_id=110198&peptide_id=6327&scanf=15159&charge=2&value=9,R.QVQSLMVHQR.K,/core/www/modules/show_out/show_out_wrapper.php?run_id=110202&search_id=114132&scans_id=110198&peptide_id=6327&scanf=15159&charge=2&value=R.QVQSLMVHQR.K,SMARCE1,1.012e+7,3.476,0.001,3.113,0.000
15164,3,"  3.019","  0.456",15/36,/core/www/modules//sdig/index.php?run_id=110202&search_id=114132&scans_id=110198&peptide_id=6333&scanf=15164&charge=3&value=15/36,sp|P61769|B2MG_HUMAN,/core/www/modules//consensus/?run_id=110202&search_id=114132&scans_id=110198&peptide_id=6333&scanf=15164&charge=3&value=sp|P61769|B2MG_HUMAN,2,/core/www/modules/match_peptides/blast_html4.php?run_id=110202&search_id=114132&scans_id=110198&peptide_id=6333&scanf=15164&charge=3&value=2,K.VEHSDLSFSK.D,/core/www/modules/show_out/show_out_wrapper.php?run_id=110202&search_id=114132&scans_id=110198&peptide_id=6333&scanf=15164&charge=3&value=K.VEHSDLSFSK.D,B2M,1.970e+7,3.306,0.001,2.861,0.000
15167,2,"  3.239","  0.387",14/22,/core/www/modules//sdig/index.php?run_id=110202&search_id=114132&scans_id=110198&peptide_id=6335&scanf=15167&charge=2&value=14/22,sp|Q9NW13|RBM28_HUMAN,/core/www/modules//consensus/?run_id=110202&search_id=114132&scans_id=110198&peptide_id=6335&scanf=15167&charge=2&value=sp|Q9NW13|RBM28_HUMAN,0,/core/www/modules/match_peptides/blast_html4.php?run_id=110202&search_id=114132&scans_id=110198&peptide_id=6335&scanf=15167&charge=2&value=0,K.AAEGVSAADMAK.R,/core/www/modules/show_out/show_out_wrapper.php?run_id=110202&search_id=114132&scans_id=110198&peptide_id=6335&scanf=15167&charge=2&value=K.AAEGVSAADMAK.R,RBM28,3.973e+7,2.920,0.005,2.291,0.000
15168,2,"  2.578","  0.605",11/20,/core/www/modules//sdig/index.php?run_id=110202&search_id=114132&scans_id=110198&peptide_id=6336&scanf=15168&charge=2&value=11/20,sp|Q15050|RRS1_HUMAN,/core/www/modules//consensus/?run_id=110202&search_id=114132&scans_id=110198&peptide_id=6336&scanf=15168&charge=2&value=sp|Q15050|RRS1_HUMAN,0,/core/www/modules/match_peptides/blast_html4.php?run_id=110202&search_id=114132&scans_id=110198&peptide_id=6336&scanf=15168&charge=2&value=0,K.MNSGPPGLGGK.R,/core/www/modules/show_out/show_out_wrapper.php?run_id=110202&search_id=114132&scans_id=110198&peptide_id=6336&scanf=15168&charge=2&value=K.MNSGPPGLGGK.R,RRS1,3.133e+7,3.396,0.001,2.994,0.000
15169,3,"  3.214","  0.423",17/40,/core/www/modules//sdig/index.php?run_id=110202&search_id=114132&scans_id=110198&peptide_id=6337&scanf=15169&charge=3&value=17/40,sp|P26373|RL13_HUMAN,/core/www/modules//consensus/?run_id=110202&search_id=114132&scans_id=110198&peptide_id=6337&scanf=15169&charge=3&value=sp|P26373|RL13_HUMAN,2,/core/www/modules/match_peptides/blast_html4.php?run_id=110202&search_id=114132&scans_id=110198&peptide_id=6337&scanf=15169&charge=3&value=2,R.NGMVLKPHFHK.D,/core/www/modules/show_out/show_out_wrapper.php?run_id=110202&search_id=114132&scans_id=110198&peptide_id=6337&scanf=15169&charge=3&value=R.NGMVLKPHFHK.D,RPL13,4.535e+7,3.192,0.002,2.692,0.000
15170,2,"  2.398","  0.411",9/16,/core/www/modules//sdig/index.php?run_id=110202&search_id=114132&scans_id=110198&peptide_id=6339&scanf=15170&charge=2&value=9/16,sp|Q96I25|SPF45_HUMAN,/core/www/modules//consensus/?run_id=110202&search_id=114132&scans_id=110198&peptide_id=6339&scanf=15170&charge=2&value=sp|Q96I25|SPF45_HUMAN,1,/core/www/modules/match_peptides/blast_html4.php?run_id=110202&search_id=114132&scans_id=110198&peptide_id=6339&scanf=15170&charge=2&value=1,K.IIVGDATEK.D,/core/www/modules/show_out/show_out_wrapper.php?run_id=110202&search_id=114132&scans_id=110198&peptide_id=6339&scanf=15170&charge=2&value=K.IIVGDATEK.D,RBM17,7.552e+7,2.929,0.005,2.303,0.000
15173,2,"  1.504","  0.261",8/14,/core/www/modules//sdig/index.php?run_id=110202&search_id=114132&scans_id=110198&peptide_id=6342&scanf=15173&charge=2&value=8/14,sp|P68363|TBA1B_HUMAN,/core/www/modules//consensus/?run_id=110202&search_id=114132&scans_id=110198&peptide_id=6342&scanf=15173&charge=2&value=sp|P68363|TBA1B_HUMAN,4,/core/www/modules/match_peptides/blast_html4.php?run_id=110202&search_id=114132&scans_id=110198&peptide_id=6342&scanf=15173&charge=2&value=4,R.EDMAALEK.D,/core/www/modules/show_out/show_out_wrapper.php?run_id=110202&search_id=114132&scans_id=110198&peptide_id=6342&scanf=15173&charge=2&value=R.EDMAALEK.D,TUBA1B,6.282e+7,2.436,0.026,1.582,0.001
15177,2,"  3.359","  0.498",10/20,/core/www/modules//sdig/index.php?run_id=110202&search_id=114132&scans_id=110198&peptide_id=6346&scanf=15177&charge=2&value=10/20,sp|Q86W42|THOC6_HUMAN,/core/www/modules//consensus/?run_id=110202&search_id=114132&scans_id=110198&peptide_id=6346&scanf=15177&charge=2&value=sp|Q86W42|THOC6_HUMAN,0,/core/www/modules/match_peptides/blast_html4.php?run_id=110202&search_id=114132&scans_id=110198&peptide_id=6346&scanf=15177&charge=2&value=0,R.HLLSAGDGEVK.A,/core/www/modules/show_out/show_out_wrapper.php?run_id=110202&search_id=114132&scans_id=110198&peptide_id=6346&scanf=15177&charge=2&value=R.HLLSAGDGEVK.A,THOC6,6.964e+6,3.049,0.003,2.480,0.000
15178,2,"  2.347","  0.520",11/16,/core/www/modules//sdig/index.php?run_id=110202&search_id=114132&scans_id=110198&peptide_id=6347&scanf=15178&charge=2&value=11/16,sp|Q7KZ85|SPT6H_HUMAN,/core/www/modules//consensus/?run_id=110202&search_id=114132&scans_id=110198&peptide_id=6347&scanf=15178&charge=2&value=sp|Q7KZ85|SPT6H_HUMAN,0,/core/www/modules/match_peptides/blast_html4.php?run_id=110202&search_id=114132&scans_id=110198&peptide_id=6347&scanf=15178&charge=2&value=0,R.ALDTTDMER.L,/core/www/modules/show_out/show_out_wrapper.php?run_id=110202&search_id=114132&scans_id=110198&peptide_id=6347&scanf=15178&charge=2&value=R.ALDTTDMER.L,SUPT6H,7.113e+6,3.356,0.001,2.935,0.000
15183,2,"  2.258","  0.434",10/16,/core/www/modules//sdig/index.php?run_id=110202&search_id=114132&scans_id=110198&peptide_id=6352&scanf=15183&charge=2&value=10/16,sp|O43491|E41L2_HUMAN,/core/www/modules//consensus/?run_id=110202&search_id=114132&scans_id=110198&peptide_id=6352&scanf=15183&charge=2&value=sp|O43491|E41L2_HUMAN,4,/core/www/modules/match_peptides/blast_html4.php?run_id=110202&search_id=114132&scans_id=110198&peptide_id=6352&scanf=15183&charge=2&value=4,R.LVSPEQPPK.A,/core/www/modules/show_out/show_out_wrapper.php?run_id=110202&search_id=114132&scans_id=110198&peptide_id=6352&scanf=15183&charge=2&value=R.LVSPEQPPK.A,EPB41L2,2.606e+7,3.130,0.003,2.600,0.000
15188,2,"  1.523","  0.190",7/14,/core/www/modules//sdig/index.php?run_id=110202&search_id=114132&scans_id=110198&peptide_id=6356&scanf=15188&charge=2&value=7/14,sp|O00571|DDX3X_HUMAN,/core/www/modules//consensus/?run_id=110202&search_id=114132&scans_id=110198&peptide_id=6356&scanf=15188&charge=2&value=sp|O00571|DDX3X_HUMAN,17,/core/www/modules/match_peptides/blast_html4.php?run_id=110202&search_id=114132&scans_id=110198&peptide_id=6356&scanf=15188&charge=2&value=17,R.FSGGFGAR.D,/core/www/modules/show_out/show_out_wrapper.php?run_id=110202&search_id=114132&scans_id=110198&peptide_id=6356&scanf=15188&charge=2&value=R.FSGGFGAR.D,DDX3X,3.615e+7,2.190,0.059,1.232,0.002
15191,3,"  2.012","  0.257",9/28,/core/www/modules//sdig/index.php?run_id=110202&search_id=114132&scans_id=110198&peptide_id=6360&scanf=15191&charge=3&value=9/28,sp|P78527|PRKDC_HUMAN,/core/www/modules//consensus/?run_id=110202&search_id=114132&scans_id=110198&peptide_id=6360&scanf=15191&charge=3&value=sp|P78527|PRKDC_HUMAN,1,/core/www/modules/match_peptides/blast_html4.php?run_id=110202&search_id=114132&scans_id=110198&peptide_id=6360&scanf=15191&charge=3&value=1,R.NFWSHETR.L,/core/www/modules/show_out/show_out_wrapper.php?run_id=110202&search_id=114132&scans_id=110198&peptide_id=6360&scanf=15191&charge=3&value=R.NFWSHETR.L,PRKDC,4.113e+7,3.341,0.001,2.912,0.000
15192,3,"  2.059","  0.004",10/40,/core/www/modules//sdig/index.php?run_id=110202&search_id=114132&scans_id=110198&peptide_id=6361&scanf=15192&charge=3&value=10/40,sp|O43707|ACTN4_HUMAN,/core/www/modules//consensus/?run_id=110202&search_id=114132&scans_id=110198&peptide_id=6361&scanf=15192&charge=3&value=sp|O43707|ACTN4_HUMAN,12,/core/www/modules/match_peptides/blast_html4.php?run_id=110202&search_id=114132&scans_id=110198&peptide_id=6361&scanf=15192&charge=3&value=12,K.ASIHEAWTDGK.E,/core/www/modules/show_out/show_out_wrapper.php?run_id=110202&search_id=114132&scans_id=110198&peptide_id=6361&scanf=15192&charge=3&value=K.ASIHEAWTDGK.E,ACTN4,3.073e+8,1.879,0.153,0.815,0.008
15193,2,"  3.635","  0.518",15/22,/core/www/modules//sdig/index.php?run_id=110202&search_id=114132&scans_id=110198&peptide_id=6362&scanf=15193&charge=2&value=15/22,sp|O60664|PLIN3_HUMAN,/core/www/modules//consensus/?run_id=110202&search_id=114132&scans_id=110198&peptide_id=6362&scanf=15193&charge=2&value=sp|O60664|PLIN3_HUMAN,3,/core/www/modules/match_peptides/blast_html4.php?run_id=110202&search_id=114132&scans_id=110198&peptide_id=6362&scanf=15193&charge=2&value=3,K.VSGAQEMVSSAK.D,/core/www/modules/show_out/show_out_wrapper.php?run_id=110202&search_id=114132&scans_id=110198&peptide_id=6362&scanf=15193&charge=2&value=K.VSGAQEMVSSAK.D,PLIN3,1.736e+7,3.372,0.001,2.959,0.000
15194,3,"  2.612","  0.323",12/40,/core/www/modules//sdig/index.php?run_id=110202&search_id=114132&scans_id=110198&peptide_id=6363&scanf=15194&charge=3&value=12/40,sp|Q9HCG8|CWC22_HUMAN,/core/www/modules//consensus/?run_id=110202&search_id=114132&scans_id=110198&peptide_id=6363&scanf=15194&charge=3&value=sp|Q9HCG8|CWC22_HUMAN,1,/core/www/modules/match_peptides/blast_html4.php?run_id=110202&search_id=114132&scans_id=110198&peptide_id=6363&scanf=15194&charge=3&value=1,R.NILHESEIDKR.V,/core/www/modules/show_out/show_out_wrapper.php?run_id=110202&search_id=114132&scans_id=110198&peptide_id=6363&scanf=15194&charge=3&value=R.NILHESEIDKR.V,CWC22,1.865e+7,2.376,0.032,1.494,0.001
15196,2,"  2.343","  0.303",10/16,/core/www/modules//sdig/index.php?run_id=110202&search_id=114132&scans_id=110198&peptide_id=6365&scanf=15196&charge=2&value=10/16,sp|Q01082|SPTB2_HUMAN,/core/www/modules//consensus/?run_id=110202&search_id=114132&scans_id=110198&peptide_id=6365&scanf=15196&charge=2&value=sp|Q01082|SPTB2_HUMAN,1,/core/www/modules/match_peptides/blast_html4.php?run_id=110202&search_id=114132&scans_id=110198&peptide_id=6365&scanf=15196&charge=2&value=1,K.INAVVETGR.R,/core/www/modules/show_out/show_out_wrapper.php?run_id=110202&search_id=114132&scans_id=110198&peptide_id=6365&scanf=15196&charge=2&value=K.INAVVETGR.R,SPTBN1,1.431e+8,2.794,0.008,2.104,0.000
15197,2,"  1.793","  0.244",7/12,/core/www/modules//sdig/index.php?run_id=110202&search_id=114132&scans_id=110198&peptide_id=6366&scanf=15197&charge=2&value=7/12,sp|P49368|TCPG_HUMAN,/core/www/modules//consensus/?run_id=110202&search_id=114132&scans_id=110198&peptide_id=6366&scanf=15197&charge=2&value=sp|P49368|TCPG_HUMAN,1,/core/www/modules/match_peptides/blast_html4.php?run_id=110202&search_id=114132&scans_id=110198&peptide_id=6366&scanf=15197&charge=2&value=1,R.ANITAIR.R,/core/www/modules/show_out/show_out_wrapper.php?run_id=110202&search_id=114132&scans_id=110198&peptide_id=6366&scanf=15197&charge=2&value=R.ANITAIR.R,CCT3,2.974e+7,2.486,0.022,1.654,0.001
15198,2,"  2.012","  0.306",8/12,/core/www/modules//sdig/index.php?run_id=110202&search_id=114132&scans_id=110198&peptide_id=6367&scanf=15198&charge=2&value=8/12,sp|Q96KR1|ZFR_HUMAN,/core/www/modules//consensus/?run_id=110202&search_id=114132&scans_id=110198&peptide_id=6367&scanf=15198&charge=2&value=sp|Q96KR1|ZFR_HUMAN,1,/core/www/modules/match_peptides/blast_html4.php?run_id=110202&search_id=114132&scans_id=110198&peptide_id=6367&scanf=15198&charge=2&value=1,R.IAENLPK.Q,/core/www/modules/show_out/show_out_wrapper.php?run_id=110202&search_id=114132&scans_id=110198&peptide_id=6367&scanf=15198&charge=2&value=R.IAENLPK.Q,ZFR,1.302e+8,2.790,0.008,2.098,0.000
15199,3,"  6.688","  0.665",28/64,/core/www/modules//sdig/index.php?run_id=110202&search_id=114132&scans_id=110198&peptide_id=6368&scanf=15199&charge=3&value=28/64,sp|P49411|EFTU_HUMAN,/core/www/modules//consensus/?run_id=110202&search_id=114132&scans_id=110198&peptide_id=6368&scanf=15199&charge=3&value=sp|P49411|EFTU_HUMAN,1,/core/www/modules/match_peptides/blast_html4.php?run_id=110202&search_id=114132&scans_id=110198&peptide_id=6368&scanf=15199&charge=3&value=1,R.DKPHVNVGTIGHVDHGK.T,/core/www/modules/show_out/show_out_wrapper.php?run_id=110202&search_id=114132&scans_id=110198&peptide_id=6368&scanf=15199&charge=3&value=R.DKPHVNVGTIGHVDHGK.T,TUFM,1.718e+7,4.054,0.000,3.970,0.000
15200,2,"  2.264","  0.459",10/18,/core/www/modules//sdig/index.php?run_id=110202&search_id=114132&scans_id=110198&peptide_id=6370&scanf=15200&charge=2&value=10/18,sp|Q14690|RRP5_HUMAN,/core/www/modules//consensus/?run_id=110202&search_id=114132&scans_id=110198&peptide_id=6370&scanf=15200&charge=2&value=sp|Q14690|RRP5_HUMAN,1,/core/www/modules/match_peptides/blast_html4.php?run_id=110202&search_id=114132&scans_id=110198&peptide_id=6370&scanf=15200&charge=2&value=1,K.GQEEVEMPSK.E,/core/www/modules/show_out/show_out_wrapper.php?run_id=110202&search_id=114132&scans_id=110198&peptide_id=6370&scanf=15200&charge=2&value=K.GQEEVEMPSK.E,PDCD11,2.370e+7,3.162,0.002,2.648,0.000
15204,3,"  2.575","  0.471",13/36,/core/www/modules//sdig/index.php?run_id=110202&search_id=114132&scans_id=110198&peptide_id=6374&scanf=15204&charge=3&value=13/36,sp|P52272|HNRPM_HUMAN,/core/www/modules//consensus/?run_id=110202&search_id=114132&scans_id=110198&peptide_id=6374&scanf=15204&charge=3&value=sp|P52272|HNRPM_HUMAN,6,/core/www/modules/match_peptides/blast_html4.php?run_id=110202&search_id=114132&scans_id=110198&peptide_id=6374&scanf=15204&charge=3&value=6,R.FEPYANPTKR.Y,/core/www/modules/show_out/show_out_wrapper.php?run_id=110202&search_id=114132&scans_id=110198&peptide_id=6374&scanf=15204&charge=3&value=R.FEPYANPTKR.Y,HNRNPM,4.587e+7,3.231,0.002,2.750,0.000
15206,2,"  1.719","  0.189",7/12,/core/www/modules//sdig/index.php?run_id=110202&search_id=114132&scans_id=110198&peptide_id=6376&scanf=15206&charge=2&value=7/12,sp|O60231|DHX16_HUMAN,/core/www/modules//consensus/?run_id=110202&search_id=114132&scans_id=110198&peptide_id=6376&scanf=15206&charge=2&value=sp|O60231|DHX16_HUMAN,2,/core/www/modules/match_peptides/blast_html4.php?run_id=110202&search_id=114132&scans_id=110198&peptide_id=6376&scanf=15206&charge=2&value=2,K.MILASEK.Y,/core/www/modules/show_out/show_out_wrapper.php?run_id=110202&search_id=114132&scans_id=110198&peptide_id=6376&scanf=15206&charge=2&value=K.MILASEK.Y,DHX16,2.564e+7,2.305,0.040,1.394,0.001
15209,2,"  2.132","  0.246",8/12,/core/www/modules//sdig/index.php?run_id=110202&search_id=114132&scans_id=110198&peptide_id=6378&scanf=15209&charge=2&value=8/12,sp|P0DPH7|TBA3C_HUMAN,/core/www/modules//consensus/?run_id=110202&search_id=114132&scans_id=110198&peptide_id=6378&scanf=15209&charge=2&value=sp|P0DPH7|TBA3C_HUMAN,11,/core/www/modules/match_peptides/blast_html4.php?run_id=110202&search_id=114132&scans_id=110198&peptide_id=6378&scanf=15209&charge=2&value=11,R.LSVDYGK.K,/core/www/modules/show_out/show_out_wrapper.php?run_id=110202&search_id=114132&scans_id=110198&peptide_id=6378&scanf=15209&charge=2&value=R.LSVDYGK.K,TUBA3C,1.233e+8,2.609,0.015,1.833,0.000
15210,2,"  1.714","  0.413",8/12,/core/www/modules//sdig/index.php?run_id=110202&search_id=114132&scans_id=110198&peptide_id=6380&scanf=15210&charge=2&value=8/12,sp|P16520|GBB3_HUMAN,/core/www/modules//consensus/?run_id=110202&search_id=114132&scans_id=110198&peptide_id=6380&scanf=15210&charge=2&value=sp|P16520|GBB3_HUMAN,13,/core/www/modules/match_peptides/blast_html4.php?run_id=110202&search_id=114132&scans_id=110198&peptide_id=6380&scanf=15210&charge=2&value=13,K.VHAIPLR.S,/core/www/modules/show_out/show_out_wrapper.php?run_id=110202&search_id=114132&scans_id=110198&peptide_id=6380&scanf=15210&charge=2&value=K.VHAIPLR.S,GNB3,3.260e+7,3.086,0.003,2.535,0.000
15211,3,"  3.143","  0.524",17/44,/core/www/modules//sdig/index.php?run_id=110202&search_id=114132&scans_id=110198&peptide_id=6381&scanf=15211&charge=3&value=17/44,sp|P49368|TCPG_HUMAN,/core/www/modules//consensus/?run_id=110202&search_id=114132&scans_id=110198&peptide_id=6381&scanf=15211&charge=3&value=sp|P49368|TCPG_HUMAN,1,/core/www/modules/match_peptides/blast_html4.php?run_id=110202&search_id=114132&scans_id=110198&peptide_id=6381&scanf=15211&charge=3&value=1,K.KGESQTDIEITR.E,/core/www/modules/show_out/show_out_wrapper.php?run_id=110202&search_id=114132&scans_id=110198&peptide_id=6381&scanf=15211&charge=3&value=K.KGESQTDIEITR.E,CCT3,6.930e+7,3.198,0.002,2.701,0.000
15213,3,"  1.918","  0.240",10/40,/core/www/modules//sdig/index.php?run_id=110202&search_id=114132&scans_id=110198&peptide_id=6383&scanf=15213&charge=3&value=10/40,sp|Q7L2E3|DHX30_HUMAN,/core/www/modules//consensus/?run_id=110202&search_id=114132&scans_id=110198&peptide_id=6383&scanf=15213&charge=3&value=sp|Q7L2E3|DHX30_HUMAN,1,/core/www/modules/match_peptides/blast_html4.php?run_id=110202&search_id=114132&scans_id=110198&peptide_id=6383&scanf=15213&charge=3&value=1,R.LQEALGMHESK.Y,/core/www/modules/show_out/show_out_wrapper.php?run_id=110202&search_id=114132&scans_id=110198&peptide_id=6383&scanf=15213&charge=3&value=R.LQEALGMHESK.Y,DHX30,1.523e+7,2.291,0.042,1.374,0.001
15214,2,"  1.787","  0.137",7/12,/core/www/modules//sdig/index.php?run_id=110202&search_id=114132&scans_id=110198&peptide_id=6384&scanf=15214&charge=2&value=7/12,sp|Q13610|PWP1_HUMAN,/core/www/modules//consensus/?run_id=110202&search_id=114132&scans_id=110198&peptide_id=6384&scanf=15214&charge=2&value=sp|Q13610|PWP1_HUMAN,1,/core/www/modules/match_peptides/blast_html4.php?run_id=110202&search_id=114132&scans_id=110198&peptide_id=6384&scanf=15214&charge=2&value=1,R.LVLGSAR.N,/core/www/modules/show_out/show_out_wrapper.php?run_id=110202&search_id=114132&scans_id=110198&peptide_id=6384&scanf=15214&charge=2&value=R.LVLGSAR.N,PWP1,4.999e+7,2.104,0.077,1.112,0.003
15215,3,"  1.948","  0.385",15/36,/core/www/modules//sdig/index.php?run_id=110202&search_id=114132&scans_id=110198&peptide_id=6385&scanf=15215&charge=3&value=15/36,sp|P43243|MATR3_HUMAN,/core/www/modules//consensus/?run_id=110202&search_id=114132&scans_id=110198&peptide_id=6385&scanf=15215&charge=3&value=sp|P43243|MATR3_HUMAN,5,/core/www/modules/match_peptides/blast_html4.php?run_id=110202&search_id=114132&scans_id=110198&peptide_id=6385&scanf=15215&charge=3&value=5,R.GPLPLSSQHR.G,/core/www/modules/show_out/show_out_wrapper.php?run_id=110202&search_id=114132&scans_id=110198&peptide_id=6385&scanf=15215&charge=3&value=R.GPLPLSSQHR.G,MATR3,1.012e+8,3.127,0.003,2.596,0.000
15218,2,"  1.753","  0.413",8/12,/core/www/modules//sdig/index.php?run_id=110202&search_id=114132&scans_id=110198&peptide_id=6388&scanf=15218&charge=2&value=8/12,sp|O15131|IMA6_HUMAN,/core/www/modules//consensus/?run_id=110202&search_id=114132&scans_id=110198&peptide_id=6388&scanf=15218&charge=2&value=sp|O15131|IMA6_HUMAN,5,/core/www/modules/match_peptides/blast_html4.php?run_id=110202&search_id=114132&scans_id=110198&peptide_id=6388&scanf=15218&charge=2&value=5,K.VVSPALR.A,/core/www/modules/show_out/show_out_wrapper.php?run_id=110202&search_id=114132&scans_id=110198&peptide_id=6388&scanf=15218&charge=2&value=K.VVSPALR.A,KPNA5,1.696e+7,3.108,0.003,2.568,0.000
15219,3,"  3.337","  0.440",12/48,/core/www/modules//sdig/index.php?run_id=110202&search_id=114132&scans_id=110198&peptide_id=6389&scanf=15219&charge=3&value=12/48,sp|Q9H089|LSG1_HUMAN,/core/www/modules//consensus/?run_id=110202&search_id=114132&scans_id=110198&peptide_id=6389&scanf=15219&charge=3&value=sp|Q9H089|LSG1_HUMAN,1,/core/www/modules/match_peptides/blast_html4.php?run_id=110202&search_id=114132&scans_id=110198&peptide_id=6389&scanf=15219&charge=3&value=1,R.GFMTAHGQPDQPR.S,/core/www/modules/show_out/show_out_wrapper.php?run_id=110202&search_id=114132&scans_id=110198&peptide_id=6389&scanf=15219&charge=3&value=R.GFMTAHGQPDQPR.S,LSG1,1.391e+7,2.873,0.006,2.221,0.000
15223,3,"  2.072","  0.149",11/40,/core/www/modules//sdig/index.php?run_id=110202&search_id=114132&scans_id=110198&peptide_id=6394&scanf=15223&charge=3&value=11/40,sp|Q8N7H5|PAF1_HUMAN,/core/www/modules//consensus/?run_id=110202&search_id=114132&scans_id=110198&peptide_id=6394&scanf=15223&charge=3&value=sp|Q8N7H5|PAF1_HUMAN,1,/core/www/modules/match_peptides/blast_html4.php?run_id=110202&search_id=114132&scans_id=110198&peptide_id=6394&scanf=15223&charge=3&value=1,R.YGISNEKPEVK.I,/core/www/modules/show_out/show_out_wrapper.php?run_id=110202&search_id=114132&scans_id=110198&peptide_id=6394&scanf=15223&charge=3&value=R.YGISNEKPEVK.I,PAF1,1.666e+7,2.006,0.105,0.981,0.005
15225,2,"  5.199","  0.707",17/32,/core/www/modules//sdig/index.php?run_id=110202&search_id=114132&scans_id=110198&peptide_id=6396&scanf=15225&charge=2&value=17/32,sp|Q96KR1|ZFR_HUMAN,/core/www/modules//consensus/?run_id=110202&search_id=114132&scans_id=110198&peptide_id=6396&scanf=15225&charge=2&value=sp|Q96KR1|ZFR_HUMAN,0,/core/www/modules/match_peptides/blast_html4.php?run_id=110202&search_id=114132&scans_id=110198&peptide_id=6396&scanf=15225&charge=2&value=0,K.GLTTTGNSSLNSTSNTK.V,/core/www/modules/show_out/show_out_wrapper.php?run_id=110202&search_id=114132&scans_id=110198&peptide_id=6396&scanf=15225&charge=2&value=K.GLTTTGNSSLNSTSNTK.V,ZFR,8.785e+6,3.796,0.000,3.587,0.000
15226,3,"  3.302","  0.381",19/64,/core/www/modules//sdig/index.php?run_id=110202&search_id=114132&scans_id=110198&peptide_id=6397&scanf=15226&charge=3&value=19/64,sp|Q68CP9|ARID2_HUMAN,/core/www/modules//consensus/?run_id=110202&search_id=114132&scans_id=110198&peptide_id=6397&scanf=15226&charge=3&value=sp|Q68CP9|ARID2_HUMAN,3,/core/www/modules/match_peptides/blast_html4.php?run_id=110202&search_id=114132&scans_id=110198&peptide_id=6397&scanf=15226&charge=3&value=3,K.RPAEDTDRETVAGIPNK.V,/core/www/modules/show_out/show_out_wrapper.php?run_id=110202&search_id=114132&scans_id=110198&peptide_id=6397&scanf=15226&charge=3&value=K.RPAEDTDRETVAGIPNK.V,ARID2,1.093e+7,2.442,0.026,1.590,0.001
15227,4,"  4.066","  0.589",21/66,/core/www/modules//sdig/index.php?run_id=110202&search_id=114132&scans_id=110198&peptide_id=6398&scanf=15227&charge=4&value=21/66,sp|Q08211|DHX9_HUMAN,/core/www/modules//consensus/?run_id=110202&search_id=114132&scans_id=110198&peptide_id=6398&scanf=15227&charge=4&value=sp|Q08211|DHX9_HUMAN,0,/core/www/modules/match_peptides/blast_html4.php?run_id=110202&search_id=114132&scans_id=110198&peptide_id=6398&scanf=15227&charge=4&value=0,K.HLEMNPHFGSHR.Y,/core/www/modules/show_out/show_out_wrapper.php?run_id=110202&search_id=114132&scans_id=110198&peptide_id=6398&scanf=15227&charge=4&value=K.HLEMNPHFGSHR.Y,DHX9,1.325e+8,4.385,0.000,4.461,0.000
15230,2,"  1.702","  0.372",8/12,/core/www/modules//sdig/index.php?run_id=110202&search_id=114132&scans_id=110198&peptide_id=6401&scanf=15230&charge=2&value=8/12,sp|Q1KMD3|HNRL2_HUMAN,/core/www/modules//consensus/?run_id=110202&search_id=114132&scans_id=110198&peptide_id=6401&scanf=15230&charge=2&value=sp|Q1KMD3|HNRL2_HUMAN,1,/core/www/modules/match_peptides/blast_html4.php?run_id=110202&search_id=114132&scans_id=110198&peptide_id=6401&scanf=15230&charge=2&value=1,K.LVQIASR.T,/core/www/modules/show_out/show_out_wrapper.php?run_id=110202&search_id=114132&scans_id=110198&peptide_id=6401&scanf=15230&charge=2&value=K.LVQIASR.T,HNRNPUL2,8.705e+7,3.052,0.003,2.485,0.000
15232,2,"  1.227","  0.218",7/14,/core/www/modules//sdig/index.php?run_id=110202&search_id=114132&scans_id=110198&peptide_id=6403&scanf=15232&charge=2&value=7/14,sp|P62829|RL23_HUMAN,/core/www/modules//consensus/?run_id=110202&search_id=114132&scans_id=110198&peptide_id=6403&scanf=15232&charge=2&value=sp|P62829|RL23_HUMAN,4,/core/www/modules/match_peptides/blast_html4.php?run_id=110202&search_id=114132&scans_id=110198&peptide_id=6403&scanf=15232&charge=2&value=4,K.VHPAVVIR.Q,/core/www/modules/show_out/show_out_wrapper.php?run_id=110202&search_id=114132&scans_id=110198&peptide_id=6403&scanf=15232&charge=2&value=K.VHPAVVIR.Q,RPL23,1.167e+8,2.174,0.062,1.209,0.002
15235,2,"  2.401","  0.557",11/18,/core/www/modules//sdig/index.php?run_id=110202&search_id=114132&scans_id=110198&peptide_id=6406&scanf=15235&charge=2&value=11/18,sp|P78371|TCPB_HUMAN,/core/www/modules//consensus/?run_id=110202&search_id=114132&scans_id=110198&peptide_id=6406&scanf=15235&charge=2&value=sp|P78371|TCPB_HUMAN,2,/core/www/modules/match_peptides/blast_html4.php?run_id=110202&search_id=114132&scans_id=110198&peptide_id=6406&scanf=15235&charge=2&value=2,K.NIGVDNPAAK.V,/core/www/modules/show_out/show_out_wrapper.php?run_id=110202&search_id=114132&scans_id=110198&peptide_id=6406&scanf=15235&charge=2&value=K.NIGVDNPAAK.V,CCT2,3.906e+7,3.543,0.001,3.212,0.000
15236,3,"  3.135","  0.510",13/40,/core/www/modules//sdig/index.php?run_id=110202&search_id=114132&scans_id=110198&peptide_id=6407&scanf=15236&charge=3&value=13/40,sp|Q5JTH9|RRP12_HUMAN,/core/www/modules//consensus/?run_id=110202&search_id=114132&scans_id=110198&peptide_id=6407&scanf=15236&charge=3&value=sp|Q5JTH9|RRP12_HUMAN,1,/core/www/modules/match_peptides/blast_html4.php?run_id=110202&search_id=114132&scans_id=110198&peptide_id=6407&scanf=15236&charge=3&value=1,K.LHNELQSGSLR.L,/core/www/modules/show_out/show_out_wrapper.php?run_id=110202&search_id=114132&scans_id=110198&peptide_id=6407&scanf=15236&charge=3&value=K.LHNELQSGSLR.L,RRP12,5.682e+7,3.422,0.001,3.033,0.000
15237,3,"  2.086","  0.333",11/40,/core/www/modules//sdig/index.php?run_id=110202&search_id=114132&scans_id=110198&peptide_id=6408&scanf=15237&charge=3&value=11/40,sp|P35579|MYH9_HUMAN,/core/www/modules//consensus/?run_id=110202&search_id=114132&scans_id=110198&peptide_id=6408&scanf=15237&charge=3&value=sp|P35579|MYH9_HUMAN,1,/core/www/modules/match_peptides/blast_html4.php?run_id=110202&search_id=114132&scans_id=110198&peptide_id=6408&scanf=15237&charge=3&value=1,K.DLEAHIDSANK.N,/core/www/modules/show_out/show_out_wrapper.php?run_id=110202&search_id=114132&scans_id=110198&peptide_id=6408&scanf=15237&charge=3&value=K.DLEAHIDSANK.N,MYH9,3.221e+7,2.819,0.007,2.141,0.000
15238,3,"  2.561","  0.000",13/48,/core/www/modules//sdig/index.php?run_id=110202&search_id=114132&scans_id=110198&peptide_id=6409&scanf=15238&charge=3&value=13/48,sp|O43707|ACTN4_HUMAN,/core/www/modules//consensus/?run_id=110202&search_id=114132&scans_id=110198&peptide_id=6409&scanf=15238&charge=3&value=sp|O43707|ACTN4_HUMAN,2,/core/www/modules/match_peptides/blast_html4.php?run_id=110202&search_id=114132&scans_id=110198&peptide_id=6409&scanf=15238&charge=3&value=2,R.LSNRPAFM*PSEGK.M,/core/www/modules/show_out/show_out_wrapper.php?run_id=110202&search_id=114132&scans_id=110198&peptide_id=6409&scanf=15238&charge=3&value=R.LSNRPAFM*PSEGK.M,ACTN4,1.915e+7,2.898,0.006,2.258,0.000
15242,2,"  2.601","  0.375",10/16,/core/www/modules//sdig/index.php?run_id=110202&search_id=114132&scans_id=110198&peptide_id=6414&scanf=15242&charge=2&value=10/16,sp|Q99426|TBCB_HUMAN,/core/www/modules//consensus/?run_id=110202&search_id=114132&scans_id=110198&peptide_id=6414&scanf=15242&charge=2&value=sp|Q99426|TBCB_HUMAN,4,/core/www/modules/match_peptides/blast_html4.php?run_id=110202&search_id=114132&scans_id=110198&peptide_id=6414&scanf=15242&charge=2&value=4,R.LGEYEDVSR.V,/core/www/modules/show_out/show_out_wrapper.php?run_id=110202&search_id=114132&scans_id=110198&peptide_id=6414&scanf=15242&charge=2&value=R.LGEYEDVSR.V,TBCB,1.682e+7,2.734,0.010,2.017,0.000
15244,4,"  2.822","  0.259",15/72,/core/www/modules//sdig/index.php?run_id=110202&search_id=114132&scans_id=110198&peptide_id=6416&scanf=15244&charge=4&value=15/72,sp|P08621|RU17_HUMAN,/core/www/modules//consensus/?run_id=110202&search_id=114132&scans_id=110198&peptide_id=6416&scanf=15244&charge=4&value=sp|P08621|RU17_HUMAN,0,/core/www/modules/match_peptides/blast_html4.php?run_id=110202&search_id=114132&scans_id=110198&peptide_id=6416&scanf=15244&charge=4&value=0,R.YDERPGPSPLPHR.D,/core/www/modules/show_out/show_out_wrapper.php?run_id=110202&search_id=114132&scans_id=110198&peptide_id=6416&scanf=15244&charge=4&value=R.YDERPGPSPLPHR.D,SNRNP70,1.747e+7,2.729,0.010,2.008,0.000
15245,3,"  1.923","  0.214",7/32,/core/www/modules//sdig/index.php?run_id=110202&search_id=114132&scans_id=110198&peptide_id=6417&scanf=15245&charge=3&value=7/32,sp|Q4G0J3|LARP7_HUMAN,/core/www/modules//consensus/?run_id=110202&search_id=114132&scans_id=110198&peptide_id=6417&scanf=15245&charge=3&value=sp|Q4G0J3|LARP7_HUMAN,12,/core/www/modules/match_peptides/blast_html4.php?run_id=110202&search_id=114132&scans_id=110198&peptide_id=6417&scanf=15245&charge=3&value=12,K.NVNHSWIER.V,/core/www/modules/show_out/show_out_wrapper.php?run_id=110202&search_id=114132&scans_id=110198&peptide_id=6417&scanf=15245&charge=3&value=K.NVNHSWIER.V,LARP7,1.184e+7,2.246,0.049,1.310,0.002
15246,2,"  1.711","  0.234",7/16,/core/www/modules//sdig/index.php?run_id=110202&search_id=114132&scans_id=110198&peptide_id=6418&scanf=15246&charge=2&value=7/16,sp|P07195|LDHB_HUMAN,/core/www/modules//consensus/?run_id=110202&search_id=114132&scans_id=110198&peptide_id=6418&scanf=15246&charge=2&value=sp|P07195|LDHB_HUMAN,2,/core/www/modules/match_peptides/blast_html4.php?run_id=110202&search_id=114132&scans_id=110198&peptide_id=6418&scanf=15246&charge=2&value=2,R.IHPVSTMVK.G,/core/www/modules/show_out/show_out_wrapper.php?run_id=110202&search_id=114132&scans_id=110198&peptide_id=6418&scanf=15246&charge=2&value=R.IHPVSTMVK.G,LDHB,1.821e+7,2.155,0.066,1.183,0.002
15249,2,"  1.223","  0.076",6/12,/core/www/modules//sdig/index.php?run_id=110202&search_id=114132&scans_id=110198&peptide_id=6421&scanf=15249&charge=2&value=6/12,sp|P09874|PARP1_HUMAN,/core/www/modules//consensus/?run_id=110202&search_id=114132&scans_id=110198&peptide_id=6421&scanf=15249&charge=2&value=sp|P09874|PARP1_HUMAN,1,/core/www/modules/match_peptides/blast_html4.php?run_id=110202&search_id=114132&scans_id=110198&peptide_id=6421&scanf=15249&charge=2&value=1,R.LLWHGSR.T,/core/www/modules/show_out/show_out_wrapper.php?run_id=110202&search_id=114132&scans_id=110198&peptide_id=6421&scanf=15249&charge=2&value=R.LLWHGSR.T,PARP1,1.119e+7,1.894,0.146,0.835,0.007
15251,2,"  2.144","  0.347",9/14,/core/www/modules//sdig/index.php?run_id=110202&search_id=114132&scans_id=110198&peptide_id=6423&scanf=15251&charge=2&value=9/14,sp|P10809|CH60_HUMAN,/core/www/modules//consensus/?run_id=110202&search_id=114132&scans_id=110198&peptide_id=6423&scanf=15251&charge=2&value=sp|P10809|CH60_HUMAN,9,/core/www/modules/match_peptides/blast_html4.php?run_id=110202&search_id=114132&scans_id=110198&peptide_id=6423&scanf=15251&charge=2&value=9,K.GANPVEIR.R,/core/www/modules/show_out/show_out_wrapper.php?run_id=110202&search_id=114132&scans_id=110198&peptide_id=6423&scanf=15251&charge=2&value=K.GANPVEIR.R,HSPD1,1.531e+8,2.957,0.005,2.345,0.000
15252,2,"  1.604","  0.224",5/12,/core/www/modules//sdig/index.php?run_id=110202&search_id=114132&scans_id=110198&peptide_id=6424&scanf=15252&charge=2&value=5/12,sp|P52597|HNRPF_HUMAN,/core/www/modules//consensus/?run_id=110202&search_id=114132&scans_id=110198&peptide_id=6424&scanf=15252&charge=2&value=sp|P52597|HNRPF_HUMAN,0,/core/www/modules/match_peptides/blast_html4.php?run_id=110202&search_id=114132&scans_id=110198&peptide_id=6424&scanf=15252&charge=2&value=0,R.RYIGIVK.Q,/core/www/modules/show_out/show_out_wrapper.php?run_id=110202&search_id=114132&scans_id=110198&peptide_id=6424&scanf=15252&charge=2&value=R.RYIGIVK.Q,HNRNPF,1.107e+8,1.829,0.176,0.754,0.010
15257,2,"  2.465","  0.374",11/18,/core/www/modules//sdig/index.php?run_id=110202&search_id=114132&scans_id=110198&peptide_id=6429&scanf=15257&charge=2&value=11/18,sp|P08579|RU2B_HUMAN,/core/www/modules//consensus/?run_id=110202&search_id=114132&scans_id=110198&peptide_id=6429&scanf=15257&charge=2&value=sp|P08579|RU2B_HUMAN,0,/core/www/modules/match_peptides/blast_html4.php?run_id=110202&search_id=114132&scans_id=110198&peptide_id=6429&scanf=15257&charge=2&value=0,K.ELGSSTNALR.Q,/core/www/modules/show_out/show_out_wrapper.php?run_id=110202&search_id=114132&scans_id=110198&peptide_id=6429&scanf=15257&charge=2&value=K.ELGSSTNALR.Q,SNRPB2,2.978e+7,2.848,0.007,2.183,0.000
15260,3,"  4.481","  0.549",16/52,/core/www/modules//sdig/index.php?run_id=110202&search_id=114132&scans_id=110198&peptide_id=6433&scanf=15260&charge=3&value=16/52,sp|Q14980|NUMA1_HUMAN,/core/www/modules//consensus/?run_id=110202&search_id=114132&scans_id=110198&peptide_id=6433&scanf=15260&charge=3&value=sp|Q14980|NUMA1_HUMAN,2,/core/www/modules/match_peptides/blast_html4.php?run_id=110202&search_id=114132&scans_id=110198&peptide_id=6433&scanf=15260&charge=3&value=2,R.QDHAQQLATAAEER.E,/core/www/modules/show_out/show_out_wrapper.php?run_id=110202&search_id=114132&scans_id=110198&peptide_id=6433&scanf=15260&charge=3&value=R.QDHAQQLATAAEER.E,NUMA1,2.306e+7,3.506,0.001,3.157,0.000
15262,2,"  2.169","  0.239",10/16,/core/www/modules//sdig/index.php?run_id=110202&search_id=114132&scans_id=110198&peptide_id=6435&scanf=15262&charge=2&value=10/16,sp|Q00341|VIGLN_HUMAN,/core/www/modules//consensus/?run_id=110202&search_id=114132&scans_id=110198&peptide_id=6435&scanf=15262&charge=2&value=sp|Q00341|VIGLN_HUMAN,3,/core/www/modules/match_peptides/blast_html4.php?run_id=110202&search_id=114132&scans_id=110198&peptide_id=6435&scanf=15262&charge=2&value=3,K.EQLAQAVAR.I,/core/www/modules/show_out/show_out_wrapper.php?run_id=110202&search_id=114132&scans_id=110198&peptide_id=6435&scanf=15262&charge=2&value=K.EQLAQAVAR.I,HDLBP,2.742e+7,2.456,0.025,1.610,0.001
15263,2,"  2.174","  0.205",8/18,/core/www/modules//sdig/index.php?run_id=110202&search_id=114132&scans_id=110198&peptide_id=6436&scanf=15263&charge=2&value=8/18,sp|Q13428|TCOF_HUMAN,/core/www/modules//consensus/?run_id=110202&search_id=114132&scans_id=110198&peptide_id=6436&scanf=15263&charge=2&value=sp|Q13428|TCOF_HUMAN,4,/core/www/modules/match_peptides/blast_html4.php?run_id=110202&search_id=114132&scans_id=110198&peptide_id=6436&scanf=15263&charge=2&value=4,R.GPASVPSVGK.A,/core/www/modules/show_out/show_out_wrapper.php?run_id=110202&search_id=114132&scans_id=110198&peptide_id=6436&scanf=15263&charge=2&value=R.GPASVPSVGK.A,TCOF1,1.340e+7,1.877,0.154,0.813,0.008
15265,2,"  2.736","  0.406",10/18,/core/www/modules//sdig/index.php?run_id=110202&search_id=114132&scans_id=110198&peptide_id=6438&scanf=15265&charge=2&value=10/18,sp|Q8NI27|THOC2_HUMAN,/core/www/modules//consensus/?run_id=110202&search_id=114132&scans_id=110198&peptide_id=6438&scanf=15265&charge=2&value=sp|Q8NI27|THOC2_HUMAN,1,/core/www/modules/match_peptides/blast_html4.php?run_id=110202&search_id=114132&scans_id=110198&peptide_id=6438&scanf=15265&charge=2&value=1,K.GSPVNALQNK.R,/core/www/modules/show_out/show_out_wrapper.php?run_id=110202&search_id=114132&scans_id=110198&peptide_id=6438&scanf=15265&charge=2&value=K.GSPVNALQNK.R,THOC2,2.979e+7,2.800,0.008,2.113,0.000
15266,2,"  2.195","  0.284",9/14,/core/www/modules//sdig/index.php?run_id=110202&search_id=114132&scans_id=110198&peptide_id=6439&scanf=15266&charge=2&value=9/14,sp|Q9UIF9|BAZ2A_HUMAN,/core/www/modules//consensus/?run_id=110202&search_id=114132&scans_id=110198&peptide_id=6439&scanf=15266&charge=2&value=sp|Q9UIF9|BAZ2A_HUMAN,3,/core/www/modules/match_peptides/blast_html4.php?run_id=110202&search_id=114132&scans_id=110198&peptide_id=6439&scanf=15266&charge=2&value=3,R.IATPEEVR.L,/core/www/modules/show_out/show_out_wrapper.php?run_id=110202&search_id=114132&scans_id=110198&peptide_id=6439&scanf=15266&charge=2&value=R.IATPEEVR.L,BAZ2A,1.532e+7,2.715,0.010,1.989,0.000
15272,2,"  2.195","  0.119",8/14,/core/www/modules//sdig/index.php?run_id=110202&search_id=114132&scans_id=110198&peptide_id=6445&scanf=15272&charge=2&value=8/14,sp|Q16643|DREB_HUMAN,/core/www/modules//consensus/?run_id=110202&search_id=114132&scans_id=110198&peptide_id=6445&scanf=15272&charge=2&value=sp|Q16643|DREB_HUMAN,2,/core/www/modules/match_peptides/blast_html4.php?run_id=110202&search_id=114132&scans_id=110198&peptide_id=6445&scanf=15272&charge=2&value=2,R.LSSPVLHR.L,/core/www/modules/show_out/show_out_wrapper.php?run_id=110202&search_id=114132&scans_id=110198&peptide_id=6445&scanf=15272&charge=2&value=R.LSSPVLHR.L,DBN1,9.591e+7,2.120,0.073,1.135,0.002
15273,3,"  2.377","  0.585",16/44,/core/www/modules//sdig/index.php?run_id=110202&search_id=114132&scans_id=110198&peptide_id=6446&scanf=15273&charge=3&value=16/44,sp|Q96SI9|STRBP_HUMAN,/core/www/modules//consensus/?run_id=110202&search_id=114132&scans_id=110198&peptide_id=6446&scanf=15273&charge=3&value=sp|Q96SI9|STRBP_HUMAN,0,/core/www/modules/match_peptides/blast_html4.php?run_id=110202&search_id=114132&scans_id=110198&peptide_id=6446&scanf=15273&charge=3&value=0,K.EDITHSAQHALR.L,/core/www/modules/show_out/show_out_wrapper.php?run_id=110202&search_id=114132&scans_id=110198&peptide_id=6446&scanf=15273&charge=3&value=K.EDITHSAQHALR.L,STRBP,5.086e+7,3.568,0.001,3.250,0.000
15274,2,"  1.874","  0.236",9/12,/core/www/modules//sdig/index.php?run_id=110202&search_id=114132&scans_id=110198&peptide_id=6447&scanf=15274&charge=2&value=9/12,sp|P62910|RL32_HUMAN,/core/www/modules//consensus/?run_id=110202&search_id=114132&scans_id=110198&peptide_id=6447&scanf=15274&charge=2&value=sp|P62910|RL32_HUMAN,2,/core/www/modules/match_peptides/blast_html4.php?run_id=110202&search_id=114132&scans_id=110198&peptide_id=6447&scanf=15274&charge=2&value=2,R.AAQLAIR.V,/core/www/modules/show_out/show_out_wrapper.php?run_id=110202&search_id=114132&scans_id=110198&peptide_id=6447&scanf=15274&charge=2&value=R.AAQLAIR.V,RPL32,1.545e+8,2.668,0.012,1.919,0.000
15275,3,"  2.302","  0.457",15/40,/core/www/modules//sdig/index.php?run_id=110202&search_id=114132&scans_id=110198&peptide_id=6448&scanf=15275&charge=3&value=15/40,sp|O75533|SF3B1_HUMAN,/core/www/modules//consensus/?run_id=110202&search_id=114132&scans_id=110198&peptide_id=6448&scanf=15275&charge=3&value=sp|O75533|SF3B1_HUMAN,0,/core/www/modules/match_peptides/blast_html4.php?run_id=110202&search_id=114132&scans_id=110198&peptide_id=6448&scanf=15275&charge=3&value=0,R.IYNDDKNTYIR.Y,/core/www/modules/show_out/show_out_wrapper.php?run_id=110202&search_id=114132&scans_id=110198&peptide_id=6448&scanf=15275&charge=3&value=R.IYNDDKNTYIR.Y,SF3B1,5.436e+7,3.103,0.003,2.561,0.000
15276,2,"  1.552","  0.378",8/14,/core/www/modules//sdig/index.php?run_id=110202&search_id=114132&scans_id=110198&peptide_id=6449&scanf=15276&charge=2&value=8/14,sp|P62280|RS11_HUMAN,/core/www/modules//consensus/?run_id=110202&search_id=114132&scans_id=110198&peptide_id=6449&scanf=15276&charge=2&value=sp|P62280|RS11_HUMAN,2,/core/www/modules/match_peptides/blast_html4.php?run_id=110202&search_id=114132&scans_id=110198&peptide_id=6449&scanf=15276&charge=2&value=2,R.VLLGETGK.E,/core/www/modules/show_out/show_out_wrapper.php?run_id=110202&search_id=114132&scans_id=110198&peptide_id=6449&scanf=15276&charge=2&value=R.VLLGETGK.E,RPS11,2.093e+8,2.812,0.007,2.131,0.000
15279,2,"  3.217","  0.280",15/20,/core/www/modules//sdig/index.php?run_id=110202&search_id=114132&scans_id=110198&peptide_id=6452&scanf=15279&charge=2&value=15/20,sp|Q9BQG0|MBB1A_HUMAN,/core/www/modules//consensus/?run_id=110202&search_id=114132&scans_id=110198&peptide_id=6452&scanf=15279&charge=2&value=sp|Q9BQG0|MBB1A_HUMAN,1,/core/www/modules/match_peptides/blast_html4.php?run_id=110202&search_id=114132&scans_id=110198&peptide_id=6452&scanf=15279&charge=2&value=1,K.AQDSSLHMPER.A,/core/www/modules/show_out/show_out_wrapper.php?run_id=110202&search_id=114132&scans_id=110198&peptide_id=6452&scanf=15279&charge=2&value=K.AQDSSLHMPER.A,MYBBP1A,2.325e+7,2.663,0.012,1.913,0.000
15280,2,"  4.243","  0.724",16/28,/core/www/modules//sdig/index.php?run_id=110202&search_id=114132&scans_id=110198&peptide_id=6454&scanf=15280&charge=2&value=16/28,sp|O75533|SF3B1_HUMAN,/core/www/modules//consensus/?run_id=110202&search_id=114132&scans_id=110198&peptide_id=6454&scanf=15280&charge=2&value=sp|O75533|SF3B1_HUMAN,0,/core/www/modules/match_peptides/blast_html4.php?run_id=110202&search_id=114132&scans_id=110198&peptide_id=6454&scanf=15280&charge=2&value=0,R.GGDSIGETPTPGASK.R,/core/www/modules/show_out/show_out_wrapper.php?run_id=110202&search_id=114132&scans_id=110198&peptide_id=6454&scanf=15280&charge=2&value=R.GGDSIGETPTPGASK.R,SF3B1,1.598e+7,4.050,0.000,3.964,0.000
15282,2,"  1.499","  0.142",8/12,/core/www/modules//sdig/index.php?run_id=110202&search_id=114132&scans_id=110198&peptide_id=6456&scanf=15282&charge=2&value=8/12,sp|P30876|RPB2_HUMAN,/core/www/modules//consensus/?run_id=110202&search_id=114132&scans_id=110198&peptide_id=6456&scanf=15282&charge=2&value=sp|P30876|RPB2_HUMAN,2,/core/www/modules/match_peptides/blast_html4.php?run_id=110202&search_id=114132&scans_id=110198&peptide_id=6456&scanf=15282&charge=2&value=2,R.IPQIGDK.F,/core/www/modules/show_out/show_out_wrapper.php?run_id=110202&search_id=114132&scans_id=110198&peptide_id=6456&scanf=15282&charge=2&value=R.IPQIGDK.F,POLR2B,1.549e+7,2.267,0.046,1.339,0.002
15285,3,"  7.066","  0.659",22/104,/core/www/modules//sdig/index.php?run_id=110202&search_id=114132&scans_id=110198&peptide_id=6459&scanf=15285&charge=3&value=22/104,sp|Q92804|RBP56_HUMAN,/core/www/modules//consensus/?run_id=110202&search_id=114132&scans_id=110198&peptide_id=6459&scanf=15285&charge=3&value=sp|Q92804|RBP56_HUMAN,2,/core/www/modules/match_peptides/blast_html4.php?run_id=110202&search_id=114132&scans_id=110198&peptide_id=6459&scanf=15285&charge=3&value=2,K.QSSYSQQPYNNQGQQQNMESSGSQGGR.A,/core/www/modules/show_out/show_out_wrapper.php?run_id=110202&search_id=114132&scans_id=110198&peptide_id=6459&scanf=15285&charge=3&value=K.QSSYSQQPYNNQGQQQNMESSGSQGGR.A,TAF15,6.668e+6,3.349,0.001,2.924,0.000
15293,2,"  2.311","  0.333",9/16,/core/www/modules//sdig/index.php?run_id=110202&search_id=114132&scans_id=110198&peptide_id=6466&scanf=15293&charge=2&value=9/16,sp|P31942|HNRH3_HUMAN,/core/www/modules//consensus/?run_id=110202&search_id=114132&scans_id=110198&peptide_id=6466&scanf=15293&charge=2&value=sp|P31942|HNRH3_HUMAN,0,/core/www/modules/match_peptides/blast_html4.php?run_id=110202&search_id=114132&scans_id=110198&peptide_id=6466&scanf=15293&charge=2&value=0,K.EIAENALGK.H,/core/www/modules/show_out/show_out_wrapper.php?run_id=110202&search_id=114132&scans_id=110198&peptide_id=6466&scanf=15293&charge=2&value=K.EIAENALGK.H,HNRNPH3,1.423e+8,2.675,0.012,1.929,0.000
15294,2,"  2.719","  0.372",12/16,/core/www/modules//sdig/index.php?run_id=110202&search_id=114132&scans_id=110198&peptide_id=6467&scanf=15294&charge=2&value=12/16,sp|P68431|H31_HUMAN,/core/www/modules//consensus/?run_id=110202&search_id=114132&scans_id=110198&peptide_id=6467&scanf=15294&charge=2&value=sp|P68431|H31_HUMAN,11,/core/www/modules/match_peptides/blast_html4.php?run_id=110202&search_id=114132&scans_id=110198&peptide_id=6467&scanf=15294&charge=2&value=11,R.YRPGTVALR.E,/core/www/modules/show_out/show_out_wrapper.php?run_id=110202&search_id=114132&scans_id=110198&peptide_id=6467&scanf=15294&charge=2&value=R.YRPGTVALR.E,H3C12,4.106e+8,3.084,0.003,2.533,0.000
15296,3,"  3.790","  0.575",20/36,/core/www/modules//sdig/index.php?run_id=110202&search_id=114132&scans_id=110198&peptide_id=6469&scanf=15296&charge=3&value=20/36,sp|O43707|ACTN4_HUMAN,/core/www/modules//consensus/?run_id=110202&search_id=114132&scans_id=110198&peptide_id=6469&scanf=15296&charge=3&value=sp|O43707|ACTN4_HUMAN,3,/core/www/modules/match_peptides/blast_html4.php?run_id=110202&search_id=114132&scans_id=110198&peptide_id=6469&scanf=15296&charge=3&value=3,R.HRPELIEYDK.L,/core/www/modules/show_out/show_out_wrapper.php?run_id=110202&search_id=114132&scans_id=110198&peptide_id=6469&scanf=15296&charge=3&value=R.HRPELIEYDK.L,ACTN4,2.970e+8,4.322,0.000,4.367,0.000
15297,2,"  1.351","  0.208",7/12,/core/www/modules//sdig/index.php?run_id=110202&search_id=114132&scans_id=110198&peptide_id=6470&scanf=15297&charge=2&value=7/12,sp|P14625|ENPL_HUMAN,/core/www/modules//consensus/?run_id=110202&search_id=114132&scans_id=110198&peptide_id=6470&scanf=15297&charge=2&value=sp|P14625|ENPL_HUMAN,8,/core/www/modules/match_peptides/blast_html4.php?run_id=110202&search_id=114132&scans_id=110198&peptide_id=6470&scanf=15297&charge=2&value=8,K.EFGTNIK.L,/core/www/modules/show_out/show_out_wrapper.php?run_id=110202&search_id=114132&scans_id=110198&peptide_id=6470&scanf=15297&charge=2&value=K.EFGTNIK.L,HSP90B1,5.519e+7,2.386,0.031,1.509,0.001
15298,3,"  2.811","  0.615",13/40,/core/www/modules//sdig/index.php?run_id=110202&search_id=114132&scans_id=110198&peptide_id=6471&scanf=15298&charge=3&value=13/40,sp|O00567|NOP56_HUMAN,/core/www/modules//consensus/?run_id=110202&search_id=114132&scans_id=110198&peptide_id=6471&scanf=15298&charge=3&value=sp|O00567|NOP56_HUMAN,2,/core/www/modules/match_peptides/blast_html4.php?run_id=110202&search_id=114132&scans_id=110198&peptide_id=6471&scanf=15298&charge=3&value=2,K.AQLGLGHSYSR.A,/core/www/modules/show_out/show_out_wrapper.php?run_id=110202&search_id=114132&scans_id=110198&peptide_id=6471&scanf=15298&charge=3&value=K.AQLGLGHSYSR.A,NOP56,1.632e+8,3.751,0.000,3.520,0.000
15301,3,"  1.877","  0.405",10/36,/core/www/modules//sdig/index.php?run_id=110202&search_id=114132&scans_id=110198&peptide_id=6475&scanf=15301&charge=3&value=10/36,sp|Q02878|RL6_HUMAN,/core/www/modules//consensus/?run_id=110202&search_id=114132&scans_id=110198&peptide_id=6475&scanf=15301&charge=3&value=sp|Q02878|RL6_HUMAN,3,/core/www/modules/match_peptides/blast_html4.php?run_id=110202&search_id=114132&scans_id=110198&peptide_id=6475&scanf=15301&charge=3&value=3,R.YYPTEDVPRK.L,/core/www/modules/show_out/show_out_wrapper.php?run_id=110202&search_id=114132&scans_id=110198&peptide_id=6475&scanf=15301&charge=3&value=R.YYPTEDVPRK.L,RPL6,2.216e+7,2.672,0.012,1.925,0.000
15302,3,"  2.305","  0.244",7/52,/core/www/modules//sdig/index.php?run_id=110202&search_id=114132&scans_id=110198&peptide_id=6476&scanf=15302&charge=3&value=7/52,sp|Q8NEJ9|NGDN_HUMAN,/core/www/modules//consensus/?run_id=110202&search_id=114132&scans_id=110198&peptide_id=6476&scanf=15302&charge=3&value=sp|Q8NEJ9|NGDN_HUMAN,5,/core/www/modules/match_peptides/blast_html4.php?run_id=110202&search_id=114132&scans_id=110198&peptide_id=6476&scanf=15302&charge=3&value=5,K.ASGGSLQGHDAVLR.L,/core/www/modules/show_out/show_out_wrapper.php?run_id=110202&search_id=114132&scans_id=110198&peptide_id=6476&scanf=15302&charge=3&value=K.ASGGSLQGHDAVLR.L,NGDN,1.840e+7,1.952,0.123,0.909,0.006
15305,3,"  2.771","  0.596",15/44,/core/www/modules//sdig/index.php?run_id=110202&search_id=114132&scans_id=110198&peptide_id=6479&scanf=15305&charge=3&value=15/44,sp|Q13547|HDAC1_HUMAN,/core/www/modules//consensus/?run_id=110202&search_id=114132&scans_id=110198&peptide_id=6479&scanf=15305&charge=3&value=sp|Q13547|HDAC1_HUMAN,10,/core/www/modules/match_peptides/blast_html4.php?run_id=110202&search_id=114132&scans_id=110198&peptide_id=6479&scanf=15305&charge=3&value=10,R.SIRPDNMSEYSK.Q,/core/www/modules/show_out/show_out_wrapper.php?run_id=110202&search_id=114132&scans_id=110198&peptide_id=6479&scanf=15305&charge=3&value=R.SIRPDNMSEYSK.Q,HDAC1,6.035e+7,3.589,0.001,3.279,0.000
15309,3,"  4.631","  0.683",21/68,/core/www/modules//sdig/index.php?run_id=110202&search_id=114132&scans_id=110198&peptide_id=6483&scanf=15309&charge=3&value=21/68,sp|Q9NX58|LYAR_HUMAN,/core/www/modules//consensus/?run_id=110202&search_id=114132&scans_id=110198&peptide_id=6483&scanf=15309&charge=3&value=sp|Q9NX58|LYAR_HUMAN,0,/core/www/modules/match_peptides/blast_html4.php?run_id=110202&search_id=114132&scans_id=110198&peptide_id=6483&scanf=15309&charge=3&value=0,K.LPEHPEGGEPEDDEAPAK.G,/core/www/modules/show_out/show_out_wrapper.php?run_id=110202&search_id=114132&scans_id=110198&peptide_id=6483&scanf=15309&charge=3&value=K.LPEHPEGGEPEDDEAPAK.G,LYAR,2.091e+7,3.754,0.000,3.525,0.000
15311,2,"  2.234","  0.459",10/16,/core/www/modules//sdig/index.php?run_id=110202&search_id=114132&scans_id=110198&peptide_id=6486&scanf=15311&charge=2&value=10/16,sp|O15042|SR140_HUMAN,/core/www/modules//consensus/?run_id=110202&search_id=114132&scans_id=110198&peptide_id=6486&scanf=15311&charge=2&value=sp|O15042|SR140_HUMAN,2,/core/www/modules/match_peptides/blast_html4.php?run_id=110202&search_id=114132&scans_id=110198&peptide_id=6486&scanf=15311&charge=2&value=2,K.FQDELESGK.R,/core/www/modules/show_out/show_out_wrapper.php?run_id=110202&search_id=114132&scans_id=110198&peptide_id=6486&scanf=15311&charge=2&value=K.FQDELESGK.R,U2SURP,1.254e+7,3.227,0.002,2.744,0.000
15314,2,"  1.733","  0.301",11/14,/core/www/modules//sdig/index.php?run_id=110202&search_id=114132&scans_id=110198&peptide_id=6488&scanf=15314&charge=2&value=11/14,sp|P12004|PCNA_HUMAN,/core/www/modules//consensus/?run_id=110202&search_id=114132&scans_id=110198&peptide_id=6488&scanf=15314&charge=2&value=sp|P12004|PCNA_HUMAN,0,/core/www/modules/match_peptides/blast_html4.php?run_id=110202&search_id=114132&scans_id=110198&peptide_id=6488&scanf=15314&charge=2&value=0,K.MPSGEFAR.I,/core/www/modules/show_out/show_out_wrapper.php?run_id=110202&search_id=114132&scans_id=110198&peptide_id=6488&scanf=15314&charge=2&value=K.MPSGEFAR.I,PCNA,7.318e+7,2.867,0.006,2.212,0.000
15317,2,"  2.052","  0.327",11/14,/core/www/modules//sdig/index.php?run_id=110202&search_id=114132&scans_id=110198&peptide_id=6491&scanf=15317&charge=2&value=11/14,sp|Q9NZI8|IF2B1_HUMAN,/core/www/modules//consensus/?run_id=110202&search_id=114132&scans_id=110198&peptide_id=6491&scanf=15317&charge=2&value=sp|Q9NZI8|IF2B1_HUMAN,0,/core/www/modules/match_peptides/blast_html4.php?run_id=110202&search_id=114132&scans_id=110198&peptide_id=6491&scanf=15317&charge=2&value=0,K.TADEVPLK.I,/core/www/modules/show_out/show_out_wrapper.php?run_id=110202&search_id=114132&scans_id=110198&peptide_id=6491&scanf=15317&charge=2&value=K.TADEVPLK.I,IGF2BP1,5.113e+7,2.770,0.009,2.069,0.000
15318,2,"  1.746","  0.053",7/12,/core/www/modules//sdig/index.php?run_id=110202&search_id=114132&scans_id=110198&peptide_id=6492&scanf=15318&charge=2&value=7/12,sp|Q14683|SMC1A_HUMAN,/core/www/modules//consensus/?run_id=110202&search_id=114132&scans_id=110198&peptide_id=6492&scanf=15318&charge=2&value=sp|Q14683|SMC1A_HUMAN,3,/core/www/modules/match_peptides/blast_html4.php?run_id=110202&search_id=114132&scans_id=110198&peptide_id=6492&scanf=15318&charge=2&value=3,K.QAFEQIK.K,/core/www/modules/show_out/show_out_wrapper.php?run_id=110202&search_id=114132&scans_id=110198&peptide_id=6492&scanf=15318&charge=2&value=K.QAFEQIK.K,SMC1A,2.633e+7,1.889,0.148,0.828,0.007
15322,2,"  2.165","  0.393",9/14,/core/www/modules//sdig/index.php?run_id=110202&search_id=114132&scans_id=110198&peptide_id=6497&scanf=15322&charge=2&value=9/14,sp|Q15424|SAFB1_HUMAN,/core/www/modules//consensus/?run_id=110202&search_id=114132&scans_id=110198&peptide_id=6497&scanf=15322&charge=2&value=sp|Q15424|SAFB1_HUMAN,0,/core/www/modules/match_peptides/blast_html4.php?run_id=110202&search_id=114132&scans_id=110198&peptide_id=6497&scanf=15322&charge=2&value=0,R.ELVEGEMK.E,/core/www/modules/show_out/show_out_wrapper.php?run_id=110202&search_id=114132&scans_id=110198&peptide_id=6497&scanf=15322&charge=2&value=R.ELVEGEMK.E,SAFB,2.903e+7,3.026,0.004,2.446,0.000
15323,2,"  4.008","  0.644",17/26,/core/www/modules//sdig/index.php?run_id=110202&search_id=114132&scans_id=110198&peptide_id=6498&scanf=15323&charge=2&value=17/26,sp|P27348|1433T_HUMAN,/core/www/modules//consensus/?run_id=110202&search_id=114132&scans_id=110198&peptide_id=6498&scanf=15323&charge=2&value=sp|P27348|1433T_HUMAN,1,/core/www/modules/match_peptides/blast_html4.php?run_id=110202&search_id=114132&scans_id=110198&peptide_id=6498&scanf=15323&charge=2&value=1,K.AVTEQGAELSNEER.N,/core/www/modules/show_out/show_out_wrapper.php?run_id=110202&search_id=114132&scans_id=110198&peptide_id=6498&scanf=15323&charge=2&value=K.AVTEQGAELSNEER.N,YWHAQ,1.378e+7,3.812,0.000,3.610,0.000
15325,3,"  5.193","  0.696",29/52,/core/www/modules//sdig/index.php?run_id=110202&search_id=114132&scans_id=110198&peptide_id=6500&scanf=15325&charge=3&value=29/52,sp|P61978|HNRPK_HUMAN,/core/www/modules//consensus/?run_id=110202&search_id=114132&scans_id=110198&peptide_id=6500&scanf=15325&charge=3&value=sp|P61978|HNRPK_HUMAN,2,/core/www/modules/match_peptides/blast_html4.php?run_id=110202&search_id=114132&scans_id=110198&peptide_id=6500&scanf=15325&charge=3&value=2,K.RPAEDMEEEQAFKR.S,/core/www/modules/show_out/show_out_wrapper.php?run_id=110202&search_id=114132&scans_id=110198&peptide_id=6500&scanf=15325&charge=3&value=K.RPAEDMEEEQAFKR.S,HNRNPK,1.554e+8,4.215,0.000,4.208,0.000
15327,2,"  2.448","  0.375",11/14,/core/www/modules//sdig/index.php?run_id=110202&search_id=114132&scans_id=110198&peptide_id=6502&scanf=15327&charge=2&value=11/14,sp|P33992|MCM5_HUMAN,/core/www/modules//consensus/?run_id=110202&search_id=114132&scans_id=110198&peptide_id=6502&scanf=15327&charge=2&value=sp|P33992|MCM5_HUMAN,1,/core/www/modules/match_peptides/blast_html4.php?run_id=110202&search_id=114132&scans_id=110198&peptide_id=6502&scanf=15327&charge=2&value=1,K.RLPDGLTR.R,/core/www/modules/show_out/show_out_wrapper.php?run_id=110202&search_id=114132&scans_id=110198&peptide_id=6502&scanf=15327&charge=2&value=K.RLPDGLTR.R,MCM5,8.212e+6,2.939,0.005,2.319,0.000
15328,3,"  1.892","  0.172",11/52,/core/www/modules//sdig/index.php?run_id=110202&search_id=114132&scans_id=110198&peptide_id=6503&scanf=15328&charge=3&value=11/52,sp|P22061|PIMT_HUMAN,/core/www/modules//consensus/?run_id=110202&search_id=114132&scans_id=110198&peptide_id=6503&scanf=15328&charge=3&value=sp|P22061|PIMT_HUMAN,6,/core/www/modules/match_peptides/blast_html4.php?run_id=110202&search_id=114132&scans_id=110198&peptide_id=6503&scanf=15328&charge=3&value=6,K.SGGASHSELIHNLR.K,/core/www/modules/show_out/show_out_wrapper.php?run_id=110202&search_id=114132&scans_id=110198&peptide_id=6503&scanf=15328&charge=3&value=K.SGGASHSELIHNLR.K,PCMT1,9.924e+6,1.889,0.148,0.828,0.007
15331,2,"  3.560","  0.599",14/22,/core/www/modules//sdig/index.php?run_id=110202&search_id=114132&scans_id=110198&peptide_id=6507&scanf=15331&charge=2&value=14/22,sp|Q9NR30|DDX21_HUMAN,/core/www/modules//consensus/?run_id=110202&search_id=114132&scans_id=110198&peptide_id=6507&scanf=15331&charge=2&value=sp|Q9NR30|DDX21_HUMAN,3,/core/www/modules/match_peptides/blast_html4.php?run_id=110202&search_id=114132&scans_id=110198&peptide_id=6507&scanf=15331&charge=2&value=3,R.SDAGLESDTAMK.K,/core/www/modules/show_out/show_out_wrapper.php?run_id=110202&search_id=114132&scans_id=110198&peptide_id=6507&scanf=15331&charge=2&value=R.SDAGLESDTAMK.K,DDX21,2.894e+7,3.604,0.000,3.302,0.000
15335,3,"  1.773","  0.464",9/32,/core/www/modules//sdig/index.php?run_id=110202&search_id=114132&scans_id=110198&peptide_id=6510&scanf=15335&charge=3&value=9/32,sp|P43243|MATR3_HUMAN,/core/www/modules//consensus/?run_id=110202&search_id=114132&scans_id=110198&peptide_id=6510&scanf=15335&charge=3&value=sp|P43243|MATR3_HUMAN,4,/core/www/modules/match_peptides/blast_html4.php?run_id=110202&search_id=114132&scans_id=110198&peptide_id=6510&scanf=15335&charge=3&value=4,R.MDYEDDRLR.D,/core/www/modules/show_out/show_out_wrapper.php?run_id=110202&search_id=114132&scans_id=110198&peptide_id=6510&scanf=15335&charge=3&value=R.MDYEDDRLR.D,MATR3,1.007e+8,2.908,0.005,2.273,0.000
15337,2,"  2.744","  0.321",11/18,/core/www/modules//sdig/index.php?run_id=110202&search_id=114132&scans_id=110198&peptide_id=6512&scanf=15337&charge=2&value=11/18,sp|Q15149|PLEC_HUMAN,/core/www/modules//consensus/?run_id=110202&search_id=114132&scans_id=110198&peptide_id=6512&scanf=15337&charge=2&value=sp|Q15149|PLEC_HUMAN,5,/core/www/modules/match_peptides/blast_html4.php?run_id=110202&search_id=114132&scans_id=110198&peptide_id=6512&scanf=15337&charge=2&value=5,R.GTQGAEEVLR.A,/core/www/modules/show_out/show_out_wrapper.php?run_id=110202&search_id=114132&scans_id=110198&peptide_id=6512&scanf=15337&charge=2&value=R.GTQGAEEVLR.A,PLEC,4.286e+7,3.206,0.002,2.713,0.000
15339,2,"  4.271","  0.704",17/28,/core/www/modules//sdig/index.php?run_id=110202&search_id=114132&scans_id=110198&peptide_id=6514&scanf=15339&charge=2&value=17/28,sp|P52272|HNRPM_HUMAN,/core/www/modules//consensus/?run_id=110202&search_id=114132&scans_id=110198&peptide_id=6514&scanf=15339&charge=2&value=sp|P52272|HNRPM_HUMAN,3,/core/www/modules/match_peptides/blast_html4.php?run_id=110202&search_id=114132&scans_id=110198&peptide_id=6514&scanf=15339&charge=2&value=3,K.QGGGGGGGSVPGIER.M,/core/www/modules/show_out/show_out_wrapper.php?run_id=110202&search_id=114132&scans_id=110198&peptide_id=6514&scanf=15339&charge=2&value=K.QGGGGGGGSVPGIER.M,HNRNPM,5.130e+7,4.097,0.000,4.034,0.000
15340,2,"  2.054","  0.355",10/14,/core/www/modules//sdig/index.php?run_id=110202&search_id=114132&scans_id=110198&peptide_id=6516&scanf=15340&charge=2&value=10/14,sp|O00567|NOP56_HUMAN,/core/www/modules//consensus/?run_id=110202&search_id=114132&scans_id=110198&peptide_id=6516&scanf=15340&charge=2&value=sp|O00567|NOP56_HUMAN,3,/core/www/modules/match_peptides/blast_html4.php?run_id=110202&search_id=114132&scans_id=110198&peptide_id=6516&scanf=15340&charge=2&value=3,R.QSLHTYLR.S,/core/www/modules/show_out/show_out_wrapper.php?run_id=110202&search_id=114132&scans_id=110198&peptide_id=6516&scanf=15340&charge=2&value=R.QSLHTYLR.S,NOP56,6.154e+7,3.046,0.003,2.476,0.000
15341,2,"  2.684","  0.517",12/14,/core/www/modules//sdig/index.php?run_id=110202&search_id=114132&scans_id=110198&peptide_id=6517&scanf=15341&charge=2&value=12/14,sp|Q9BUQ8|DDX23_HUMAN,/core/www/modules//consensus/?run_id=110202&search_id=114132&scans_id=110198&peptide_id=6517&scanf=15341&charge=2&value=sp|Q9BUQ8|DDX23_HUMAN,3,/core/www/modules/match_peptides/blast_html4.php?run_id=110202&search_id=114132&scans_id=110198&peptide_id=6517&scanf=15341&charge=2&value=3,R.HQVQLLGR.G,/core/www/modules/show_out/show_out_wrapper.php?run_id=110202&search_id=114132&scans_id=110198&peptide_id=6517&scanf=15341&charge=2&value=R.HQVQLLGR.G,DDX23,5.026e+7,3.813,0.000,3.612,0.000
15342,2,"  5.740","  0.802",26/42,/core/www/modules//sdig/index.php?run_id=110202&search_id=114132&scans_id=110198&peptide_id=6518&scanf=15342&charge=2&value=26/42,sp|P51991|ROA3_HUMAN,/core/www/modules//consensus/?run_id=110202&search_id=114132&scans_id=110198&peptide_id=6518&scanf=15342&charge=2&value=sp|P51991|ROA3_HUMAN,5,/core/www/modules/match_peptides/blast_html4.php?run_id=110202&search_id=114132&scans_id=110198&peptide_id=6518&scanf=15342&charge=2&value=5,R.SSGSPYGGGYGSGGGSGGYGSR.R,/core/www/modules/show_out/show_out_wrapper.php?run_id=110202&search_id=114132&scans_id=110198&peptide_id=6518&scanf=15342&charge=2&value=R.SSGSPYGGGYGSGGGSGGYGSR.R,HNRNPA3,3.353e+7,4.048,0.000,3.961,0.000
15344,2,"  2.083","  0.285",9/14,/core/www/modules//sdig/index.php?run_id=110202&search_id=114132&scans_id=110198&peptide_id=6520&scanf=15344&charge=2&value=9/14,sp|P47755|CAZA2_HUMAN,/core/www/modules//consensus/?run_id=110202&search_id=114132&scans_id=110198&peptide_id=6520&scanf=15344&charge=2&value=sp|P47755|CAZA2_HUMAN,2,/core/www/modules/match_peptides/blast_html4.php?run_id=110202&search_id=114132&scans_id=110198&peptide_id=6520&scanf=15344&charge=2&value=2,R.TSVETALR.A,/core/www/modules/show_out/show_out_wrapper.php?run_id=110202&search_id=114132&scans_id=110198&peptide_id=6520&scanf=15344&charge=2&value=R.TSVETALR.A,CAPZA2,1.763e+7,2.652,0.013,1.895,0.000
15345,3,"  2.944","  0.387",12/48,/core/www/modules//sdig/index.php?run_id=110202&search_id=114132&scans_id=110198&peptide_id=6521&scanf=15345&charge=3&value=12/48,sp|P08621|RU17_HUMAN,/core/www/modules//consensus/?run_id=110202&search_id=114132&scans_id=110198&peptide_id=6521&scanf=15345&charge=3&value=sp|P08621|RU17_HUMAN,0,/core/www/modules/match_peptides/blast_html4.php?run_id=110202&search_id=114132&scans_id=110198&peptide_id=6521&scanf=15345&charge=3&value=0,R.YDERPGPSPLPHR.D,/core/www/modules/show_out/show_out_wrapper.php?run_id=110202&search_id=114132&scans_id=110198&peptide_id=6521&scanf=15345&charge=3&value=R.YDERPGPSPLPHR.D,SNRNP70,1.656e+7,2.679,0.012,1.936,0.000
15353,2,"  1.897","  0.435",9/18,/core/www/modules//sdig/index.php?run_id=110202&search_id=114132&scans_id=110198&peptide_id=6530&scanf=15353&charge=2&value=9/18,sp|Q9UQE7|SMC3_HUMAN,/core/www/modules//consensus/?run_id=110202&search_id=114132&scans_id=110198&peptide_id=6530&scanf=15353&charge=2&value=sp|Q9UQE7|SMC3_HUMAN,0,/core/www/modules/match_peptides/blast_html4.php?run_id=110202&search_id=114132&scans_id=110198&peptide_id=6530&scanf=15353&charge=2&value=0,K.DFVEDDTTHG.-,/core/www/modules/show_out/show_out_wrapper.php?run_id=110202&search_id=114132&scans_id=110198&peptide_id=6530&scanf=15353&charge=2&value=K.DFVEDDTTHG.-,SMC3,1.225e+7,3.064,0.003,2.503,0.000
15354,2,"  1.854","  0.144",8/14,/core/www/modules//sdig/index.php?run_id=110202&search_id=114132&scans_id=110198&peptide_id=6531&scanf=15354&charge=2&value=8/14,sp|Q15046|SYK_HUMAN,/core/www/modules//consensus/?run_id=110202&search_id=114132&scans_id=110198&peptide_id=6531&scanf=15354&charge=2&value=sp|Q15046|SYK_HUMAN,0,/core/www/modules/match_peptides/blast_html4.php?run_id=110202&search_id=114132&scans_id=110198&peptide_id=6531&scanf=15354&charge=2&value=0,R.IAPELYHK.M,/core/www/modules/show_out/show_out_wrapper.php?run_id=110202&search_id=114132&scans_id=110198&peptide_id=6531&scanf=15354&charge=2&value=R.IAPELYHK.M,KARS1,1.076e+7,2.035,0.096,1.019,0.005
15356,2,"  1.538","  0.257",9/14,/core/www/modules//sdig/index.php?run_id=110202&search_id=114132&scans_id=110198&peptide_id=6532&scanf=15356&charge=2&value=9/14,sp|P78527|PRKDC_HUMAN,/core/www/modules//consensus/?run_id=110202&search_id=114132&scans_id=110198&peptide_id=6532&scanf=15356&charge=2&value=sp|P78527|PRKDC_HUMAN,1,/core/www/modules/match_peptides/blast_html4.php?run_id=110202&search_id=114132&scans_id=110198&peptide_id=6532&scanf=15356&charge=2&value=1,K.SVGPDFGK.K,/core/www/modules/show_out/show_out_wrapper.php?run_id=110202&search_id=114132&scans_id=110198&peptide_id=6532&scanf=15356&charge=2&value=K.SVGPDFGK.K,PRKDC,1.045e+8,3.323,0.001,2.886,0.000
15357,2,"  2.599","  0.576",11/16,/core/www/modules//sdig/index.php?run_id=110202&search_id=114132&scans_id=110198&peptide_id=6533&scanf=15357&charge=2&value=11/16,sp|P46777|RL5_HUMAN,/core/www/modules//consensus/?run_id=110202&search_id=114132&scans_id=110198&peptide_id=6533&scanf=15357&charge=2&value=sp|P46777|RL5_HUMAN,1,/core/www/modules/match_peptides/blast_html4.php?run_id=110202&search_id=114132&scans_id=110198&peptide_id=6533&scanf=15357&charge=2&value=1,R.FPGYDSESK.E,/core/www/modules/show_out/show_out_wrapper.php?run_id=110202&search_id=114132&scans_id=110198&peptide_id=6533&scanf=15357&charge=2&value=R.FPGYDSESK.E,RPL5,3.126e+7,3.646,0.000,3.364,0.000
15363,3,"  2.787","  0.582",14/36,/core/www/modules//sdig/index.php?run_id=110202&search_id=114132&scans_id=110198&peptide_id=6540&scanf=15363&charge=3&value=14/36,sp|P61978|HNRPK_HUMAN,/core/www/modules//consensus/?run_id=110202&search_id=114132&scans_id=110198&peptide_id=6540&scanf=15363&charge=3&value=sp|P61978|HNRPK_HUMAN,1,/core/www/modules/match_peptides/blast_html4.php?run_id=110202&search_id=114132&scans_id=110198&peptide_id=6540&scanf=15363&charge=3&value=1,R.GGDLMAYDRR.G,/core/www/modules/show_out/show_out_wrapper.php?run_id=110202&search_id=114132&scans_id=110198&peptide_id=6540&scanf=15363&charge=3&value=R.GGDLMAYDRR.G,HNRNPK,7.328e+7,3.610,0.000,3.311,0.000
15367,2,"  1.990","  0.000",8/12,/core/www/modules//sdig/index.php?run_id=110202&search_id=114132&scans_id=110198&peptide_id=6544&scanf=15367&charge=2&value=8/12,sp|Q92797|SYMPK_HUMAN,/core/www/modules//consensus/?run_id=110202&search_id=114132&scans_id=110198&peptide_id=6544&scanf=15367&charge=2&value=sp|Q92797|SYMPK_HUMAN,23,/core/www/modules/match_peptides/blast_html4.php?run_id=110202&search_id=114132&scans_id=110198&peptide_id=6544&scanf=15367&charge=2&value=23,R.VIEQPIR.G,/core/www/modules/show_out/show_out_wrapper.php?run_id=110202&search_id=114132&scans_id=110198&peptide_id=6544&scanf=15367&charge=2&value=R.VIEQPIR.G,SYMPK,1.366e+7,2.713,0.010,1.985,0.000
15368,2,"  2.706","  0.604",13/22,/core/www/modules//sdig/index.php?run_id=110202&search_id=114132&scans_id=110198&peptide_id=6545&scanf=15368&charge=2&value=13/22,sp|Q9NQ29|LUC7L_HUMAN,/core/www/modules//consensus/?run_id=110202&search_id=114132&scans_id=110198&peptide_id=6545&scanf=15368&charge=2&value=sp|Q9NQ29|LUC7L_HUMAN,4,/core/www/modules/match_peptides/blast_html4.php?run_id=110202&search_id=114132&scans_id=110198&peptide_id=6545&scanf=15368&charge=2&value=4,R.NSMPASSFQQQK.L,/core/www/modules/show_out/show_out_wrapper.php?run_id=110202&search_id=114132&scans_id=110198&peptide_id=6545&scanf=15368&charge=2&value=R.NSMPASSFQQQK.L,LUC7L,1.409e+7,3.549,0.001,3.221,0.000
15370,2,"  3.061","  0.451",13/20,/core/www/modules//sdig/index.php?run_id=110202&search_id=114132&scans_id=110198&peptide_id=6548&scanf=15370&charge=2&value=13/20,sp|P02545|LMNA_HUMAN,/core/www/modules//consensus/?run_id=110202&search_id=114132&scans_id=110198&peptide_id=6548&scanf=15370&charge=2&value=sp|P02545|LMNA_HUMAN,4,/core/www/modules/match_peptides/blast_html4.php?run_id=110202&search_id=114132&scans_id=110198&peptide_id=6548&scanf=15370&charge=2&value=4,R.VAVEEVDEEGK.F,/core/www/modules/show_out/show_out_wrapper.php?run_id=110202&search_id=114132&scans_id=110198&peptide_id=6548&scanf=15370&charge=2&value=R.VAVEEVDEEGK.F,LMNA,9.389e+7,3.215,0.002,2.725,0.000
15372,3,"  2.390","  0.427",11/40,/core/www/modules//sdig/index.php?run_id=110202&search_id=114132&scans_id=110198&peptide_id=6550&scanf=15372&charge=3&value=11/40,sp|Q92878|RAD50_HUMAN,/core/www/modules//consensus/?run_id=110202&search_id=114132&scans_id=110198&peptide_id=6550&scanf=15372&charge=3&value=sp|Q92878|RAD50_HUMAN,1,/core/www/modules/match_peptides/blast_html4.php?run_id=110202&search_id=114132&scans_id=110198&peptide_id=6550&scanf=15372&charge=3&value=1,R.NEELKEVEEER.K,/core/www/modules/show_out/show_out_wrapper.php?run_id=110202&search_id=114132&scans_id=110198&peptide_id=6550&scanf=15372&charge=3&value=R.NEELKEVEEER.K,RAD50,9.572e+6,2.755,0.009,2.047,0.000
15374,3,"  2.240","  0.325",8/44,/core/www/modules//sdig/index.php?run_id=110202&search_id=114132&scans_id=110198&peptide_id=6552&scanf=15374&charge=3&value=8/44,sp|Q07157|ZO1_HUMAN,/core/www/modules//consensus/?run_id=110202&search_id=114132&scans_id=110198&peptide_id=6552&scanf=15374&charge=3&value=sp|Q07157|ZO1_HUMAN,5,/core/www/modules/match_peptides/blast_html4.php?run_id=110202&search_id=114132&scans_id=110198&peptide_id=6552&scanf=15374&charge=3&value=5,R.ISKPGAVSTPVK.H,/core/www/modules/show_out/show_out_wrapper.php?run_id=110202&search_id=114132&scans_id=110198&peptide_id=6552&scanf=15374&charge=3&value=R.ISKPGAVSTPVK.H,TJP1,8.640e+6,2.373,0.032,1.491,0.001
15375,2,"  4.384","  0.731",18/28,/core/www/modules//sdig/index.php?run_id=110202&search_id=114132&scans_id=110198&peptide_id=6553&scanf=15375&charge=2&value=18/28,sp|Q8NE71|ABCF1_HUMAN,/core/www/modules//consensus/?run_id=110202&search_id=114132&scans_id=110198&peptide_id=6553&scanf=15375&charge=2&value=sp|Q8NE71|ABCF1_HUMAN,2,/core/www/modules/match_peptides/blast_html4.php?run_id=110202&search_id=114132&scans_id=110198&peptide_id=6553&scanf=15375&charge=2&value=2,R.LQGQLEQGDDTAAER.L,/core/www/modules/show_out/show_out_wrapper.php?run_id=110202&search_id=114132&scans_id=110198&peptide_id=6553&scanf=15375&charge=2&value=R.LQGQLEQGDDTAAER.L,ABCF1,9.795e+6,4.047,0.000,3.959,0.000
15377,2,"  1.790","  0.156",9/12,/core/www/modules//sdig/index.php?run_id=110202&search_id=114132&scans_id=110198&peptide_id=6554&scanf=15377&charge=2&value=9/12,sp|P84098|RL19_HUMAN,/core/www/modules//consensus/?run_id=110202&search_id=114132&scans_id=110198&peptide_id=6554&scanf=15377&charge=2&value=sp|P84098|RL19_HUMAN,7,/core/www/modules/match_peptides/blast_html4.php?run_id=110202&search_id=114132&scans_id=110198&peptide_id=6554&scanf=15377&charge=2&value=7,R.LASSVLR.C,/core/www/modules/show_out/show_out_wrapper.php?run_id=110202&search_id=114132&scans_id=110198&peptide_id=6554&scanf=15377&charge=2&value=R.LASSVLR.C,RPL19,1.174e+8,2.421,0.028,1.559,0.001
15379,3,"  1.868","  0.316",11/32,/core/www/modules//sdig/index.php?run_id=110202&search_id=114132&scans_id=110198&peptide_id=6556&scanf=15379&charge=3&value=11/32,sp|Q6P2Q9|PRP8_HUMAN,/core/www/modules//consensus/?run_id=110202&search_id=114132&scans_id=110198&peptide_id=6556&scanf=15379&charge=3&value=sp|Q6P2Q9|PRP8_HUMAN,1,/core/www/modules/match_peptides/blast_html4.php?run_id=110202&search_id=114132&scans_id=110198&peptide_id=6556&scanf=15379&charge=3&value=1,K.GYLPSHYER.V,/core/www/modules/show_out/show_out_wrapper.php?run_id=110202&search_id=114132&scans_id=110198&peptide_id=6556&scanf=15379&charge=3&value=K.GYLPSHYER.V,PRPF8,2.553e+7,3.015,0.004,2.431,0.000
15380,2,"  1.695","  0.159",8/12,/core/www/modules//sdig/index.php?run_id=110202&search_id=114132&scans_id=110198&peptide_id=6558&scanf=15380&charge=2&value=8/12,sp|P62269|RS18_HUMAN,/core/www/modules//consensus/?run_id=110202&search_id=114132&scans_id=110198&peptide_id=6558&scanf=15380&charge=2&value=sp|P62269|RS18_HUMAN,0,/core/www/modules/match_peptides/blast_html4.php?run_id=110202&search_id=114132&scans_id=110198&peptide_id=6558&scanf=15380&charge=2&value=0,K.ADIDLTK.R,/core/www/modules/show_out/show_out_wrapper.php?run_id=110202&search_id=114132&scans_id=110198&peptide_id=6558&scanf=15380&charge=2&value=K.ADIDLTK.R,RPS18,2.493e+7,2.306,0.040,1.395,0.001
15381,2,"  2.355","  0.319",11/18,/core/www/modules//sdig/index.php?run_id=110202&search_id=114132&scans_id=110198&peptide_id=6559&scanf=15381&charge=2&value=11/18,sp|P18754|RCC1_HUMAN,/core/www/modules//consensus/?run_id=110202&search_id=114132&scans_id=110198&peptide_id=6559&scanf=15381&charge=2&value=sp|P18754|RCC1_HUMAN,1,/core/www/modules/match_peptides/blast_html4.php?run_id=110202&search_id=114132&scans_id=110198&peptide_id=6559&scanf=15381&charge=2&value=1,R.LGLGEGAEEK.S,/core/www/modules/show_out/show_out_wrapper.php?run_id=110202&search_id=114132&scans_id=110198&peptide_id=6559&scanf=15381&charge=2&value=R.LGLGEGAEEK.S,RCC1,2.067e+7,2.513,0.020,1.693,0.000
15382,2,"  2.042","  0.443",9/14,/core/www/modules//sdig/index.php?run_id=110202&search_id=114132&scans_id=110198&peptide_id=6560&scanf=15382&charge=2&value=9/14,sp|P48643|TCPE_HUMAN,/core/www/modules//consensus/?run_id=110202&search_id=114132&scans_id=110198&peptide_id=6560&scanf=15382&charge=2&value=sp|P48643|TCPE_HUMAN,3,/core/www/modules/match_peptides/blast_html4.php?run_id=110202&search_id=114132&scans_id=110198&peptide_id=6560&scanf=15382&charge=2&value=3,R.FSELTAEK.L,/core/www/modules/show_out/show_out_wrapper.php?run_id=110202&search_id=114132&scans_id=110198&peptide_id=6560&scanf=15382&charge=2&value=R.FSELTAEK.L,CCT5,3.584e+7,3.198,0.002,2.701,0.000
15384,2,"  1.409","  0.210",6/12,/core/www/modules//sdig/index.php?run_id=110202&search_id=114132&scans_id=110198&peptide_id=6562&scanf=15384&charge=2&value=6/12,sp|P31146|COR1A_HUMAN,/core/www/modules//consensus/?run_id=110202&search_id=114132&scans_id=110198&peptide_id=6562&scanf=15384&charge=2&value=sp|P31146|COR1A_HUMAN,4,/core/www/modules/match_peptides/blast_html4.php?run_id=110202&search_id=114132&scans_id=110198&peptide_id=6562&scanf=15384&charge=2&value=4,R.GMGYMPK.R,/core/www/modules/show_out/show_out_wrapper.php?run_id=110202&search_id=114132&scans_id=110198&peptide_id=6562&scanf=15384&charge=2&value=R.GMGYMPK.R,CORO1A,3.250e+7,2.159,0.065,1.188,0.002
15385,2,"  2.199","  0.443",11/18,/core/www/modules//sdig/index.php?run_id=110202&search_id=114132&scans_id=110198&peptide_id=6563&scanf=15385&charge=2&value=11/18,sp|Q14151|SAFB2_HUMAN,/core/www/modules//consensus/?run_id=110202&search_id=114132&scans_id=110198&peptide_id=6563&scanf=15385&charge=2&value=sp|Q14151|SAFB2_HUMAN,1,/core/www/modules/match_peptides/blast_html4.php?run_id=110202&search_id=114132&scans_id=110198&peptide_id=6563&scanf=15385&charge=2&value=1,R.DGWGGYGSDK.R,/core/www/modules/show_out/show_out_wrapper.php?run_id=110202&search_id=114132&scans_id=110198&peptide_id=6563&scanf=15385&charge=2&value=R.DGWGGYGSDK.R,SAFB2,1.360e+7,3.142,0.002,2.618,0.000
15395,2,"  1.941","  0.135",9/14,/core/www/modules//sdig/index.php?run_id=110202&search_id=114132&scans_id=110198&peptide_id=6574&scanf=15395&charge=2&value=9/14,sp|Q9UJX2|CDC23_HUMAN,/core/www/modules//consensus/?run_id=110202&search_id=114132&scans_id=110198&peptide_id=6574&scanf=15395&charge=2&value=sp|Q9UJX2|CDC23_HUMAN,0,/core/www/modules/match_peptides/blast_html4.php?run_id=110202&search_id=114132&scans_id=110198&peptide_id=6574&scanf=15395&charge=2&value=0,K.LNQLVEAK.K,/core/www/modules/show_out/show_out_wrapper.php?run_id=110202&search_id=114132&scans_id=110198&peptide_id=6574&scanf=15395&charge=2&value=K.LNQLVEAK.K,CDC23,6.185e+6,1.917,0.137,0.864,0.007
15404,2,"  1.924","  0.334",9/18,/core/www/modules//sdig/index.php?run_id=110202&search_id=114132&scans_id=110198&peptide_id=6583&scanf=15404&charge=2&value=9/18,sp|P05455|LA_HUMAN,/core/www/modules//consensus/?run_id=110202&search_id=114132&scans_id=110198&peptide_id=6583&scanf=15404&charge=2&value=sp|P05455|LA_HUMAN,0,/core/www/modules/match_peptides/blast_html4.php?run_id=110202&search_id=114132&scans_id=110198&peptide_id=6583&scanf=15404&charge=2&value=0,K.DANNGNLQLR.N,/core/www/modules/show_out/show_out_wrapper.php?run_id=110202&search_id=114132&scans_id=110198&peptide_id=6583&scanf=15404&charge=2&value=K.DANNGNLQLR.N,SSB,7.132e+6,2.471,0.023,1.632,0.001
15406,2,"  2.219","  0.462",12/20,/core/www/modules//sdig/index.php?run_id=110202&search_id=114132&scans_id=110198&peptide_id=6585&scanf=15406&charge=2&value=12/20,sp|O43707|ACTN4_HUMAN,/core/www/modules//consensus/?run_id=110202&search_id=114132&scans_id=110198&peptide_id=6585&scanf=15406&charge=2&value=sp|O43707|ACTN4_HUMAN,3,/core/www/modules/match_peptides/blast_html4.php?run_id=110202&search_id=114132&scans_id=110198&peptide_id=6585&scanf=15406&charge=2&value=3,K.GISQEQM*QEFR.A,/core/www/modules/show_out/show_out_wrapper.php?run_id=110202&search_id=114132&scans_id=110198&peptide_id=6585&scanf=15406&charge=2&value=K.GISQEQM*QEFR.A,ACTN4,6.355e+6,3.434,0.001,3.050,0.000
15408,3,"  3.651","  0.643",14/48,/core/www/modules//sdig/index.php?run_id=110202&search_id=114132&scans_id=110198&peptide_id=6587&scanf=15408&charge=3&value=14/48,sp|P60709|ACTB_HUMAN,/core/www/modules//consensus/?run_id=110202&search_id=114132&scans_id=110198&peptide_id=6587&scanf=15408&charge=3&value=sp|P60709|ACTB_HUMAN,10,/core/www/modules/match_peptides/blast_html4.php?run_id=110202&search_id=114132&scans_id=110198&peptide_id=6587&scanf=15408&charge=3&value=10,K.QEYDESGPSIVHR.K,/core/www/modules/show_out/show_out_wrapper.php?run_id=110202&search_id=114132&scans_id=110198&peptide_id=6587&scanf=15408&charge=3&value=K.QEYDESGPSIVHR.K,ACTB,2.776e+9,4.068,0.000,3.990,0.000
15410,3,"  3.140","  0.373",13/40,/core/www/modules//sdig/index.php?run_id=110202&search_id=114132&scans_id=110198&peptide_id=6590&scanf=15410&charge=3&value=13/40,sp|Q9Y5Q9|TF3C3_HUMAN,/core/www/modules//consensus/?run_id=110202&search_id=114132&scans_id=110198&peptide_id=6590&scanf=15410&charge=3&value=sp|Q9Y5Q9|TF3C3_HUMAN,1,/core/www/modules/match_peptides/blast_html4.php?run_id=110202&search_id=114132&scans_id=110198&peptide_id=6590&scanf=15410&charge=3&value=1,R.SSLYEQMGDHK.M,/core/www/modules/show_out/show_out_wrapper.php?run_id=110202&search_id=114132&scans_id=110198&peptide_id=6590&scanf=15410&charge=3&value=R.SSLYEQMGDHK.M,GTF3C3,8.826e+6,2.914,0.005,2.281,0.000
15419,2,"  1.630","  0.175",7/12,/core/www/modules//sdig/index.php?run_id=110202&search_id=114132&scans_id=110198&peptide_id=6598&scanf=15419&charge=2&value=7/12,sp|P60709|ACTB_HUMAN,/core/www/modules//consensus/?run_id=110202&search_id=114132&scans_id=110198&peptide_id=6598&scanf=15419&charge=2&value=sp|P60709|ACTB_HUMAN,11,/core/www/modules/match_peptides/blast_html4.php?run_id=110202&search_id=114132&scans_id=110198&peptide_id=6598&scanf=15419&charge=2&value=11,K.IIAPPER.K,/core/www/modules/show_out/show_out_wrapper.php?run_id=110202&search_id=114132&scans_id=110198&peptide_id=6598&scanf=15419&charge=2&value=K.IIAPPER.K,ACTB,2.437e+9,2.684,0.011,1.942,0.000
15420,2,"  2.235","  0.638",13/20,/core/www/modules//sdig/index.php?run_id=110202&search_id=114132&scans_id=110198&peptide_id=6600&scanf=15420&charge=2&value=13/20,sp|P46063|RECQ1_HUMAN,/core/www/modules//consensus/?run_id=110202&search_id=114132&scans_id=110198&peptide_id=6600&scanf=15420&charge=2&value=sp|P46063|RECQ1_HUMAN,0,/core/www/modules/match_peptides/blast_html4.php?run_id=110202&search_id=114132&scans_id=110198&peptide_id=6600&scanf=15420&charge=2&value=0,K.SMENYYQESGR.A,/core/www/modules/show_out/show_out_wrapper.php?run_id=110202&search_id=114132&scans_id=110198&peptide_id=6600&scanf=15420&charge=2&value=K.SMENYYQESGR.A,RECQL,2.055e+7,3.768,0.000,3.545,0.000
15422,3,"  5.186","  0.621",19/60,/core/www/modules//sdig/index.php?run_id=110202&search_id=114132&scans_id=110198&peptide_id=6602&scanf=15422&charge=3&value=19/60,sp|Q16643|DREB_HUMAN,/core/www/modules//consensus/?run_id=110202&search_id=114132&scans_id=110198&peptide_id=6602&scanf=15422&charge=3&value=sp|Q16643|DREB_HUMAN,1,/core/www/modules/match_peptides/blast_html4.php?run_id=110202&search_id=114132&scans_id=110198&peptide_id=6602&scanf=15422&charge=3&value=1,R.LREDENAEPVGTTYQK.T,/core/www/modules/show_out/show_out_wrapper.php?run_id=110202&search_id=114132&scans_id=110198&peptide_id=6602&scanf=15422&charge=3&value=R.LREDENAEPVGTTYQK.T,DBN1,1.283e+8,3.476,0.001,3.112,0.000
15423,2,"  1.587","  0.230",7/12,/core/www/modules//sdig/index.php?run_id=110202&search_id=114132&scans_id=110198&peptide_id=6603&scanf=15423&charge=2&value=7/12,sp|P23246|SFPQ_HUMAN,/core/www/modules//consensus/?run_id=110202&search_id=114132&scans_id=110198&peptide_id=6603&scanf=15423&charge=2&value=sp|P23246|SFPQ_HUMAN,3,/core/www/modules/match_peptides/blast_html4.php?run_id=110202&search_id=114132&scans_id=110198&peptide_id=6603&scanf=15423&charge=2&value=3,R.MGYMDPR.E,/core/www/modules/show_out/show_out_wrapper.php?run_id=110202&search_id=114132&scans_id=110198&peptide_id=6603&scanf=15423&charge=2&value=R.MGYMDPR.E,SFPQ,3.118e+7,2.423,0.027,1.562,0.001
15425,2,"  2.790","  0.353",13/18,/core/www/modules//sdig/index.php?run_id=110202&search_id=114132&scans_id=110198&peptide_id=6605&scanf=15425&charge=2&value=13/18,sp|P12814|ACTN1_HUMAN,/core/www/modules//consensus/?run_id=110202&search_id=114132&scans_id=110198&peptide_id=6605&scanf=15425&charge=2&value=sp|P12814|ACTN1_HUMAN,15,/core/www/modules/match_peptides/blast_html4.php?run_id=110202&search_id=114132&scans_id=110198&peptide_id=6605&scanf=15425&charge=2&value=15,R.HRPELIDYGK.L,/core/www/modules/show_out/show_out_wrapper.php?run_id=110202&search_id=114132&scans_id=110198&peptide_id=6605&scanf=15425&charge=2&value=R.HRPELIDYGK.L,ACTN1,9.807e+6,3.046,0.003,2.476,0.000
15433,2,"  1.843","  0.249",9/16,/core/www/modules//sdig/index.php?run_id=110202&search_id=114132&scans_id=110198&peptide_id=6614&scanf=15433&charge=2&value=9/16,sp|Q14146|URB2_HUMAN,/core/www/modules//consensus/?run_id=110202&search_id=114132&scans_id=110198&peptide_id=6614&scanf=15433&charge=2&value=sp|Q14146|URB2_HUMAN,0,/core/www/modules/match_peptides/blast_html4.php?run_id=110202&search_id=114132&scans_id=110198&peptide_id=6614&scanf=15433&charge=2&value=0,R.SEGAIQSLR.C,/core/www/modules/show_out/show_out_wrapper.php?run_id=110202&search_id=114132&scans_id=110198&peptide_id=6614&scanf=15433&charge=2&value=R.SEGAIQSLR.C,URB2,5.504e+6,2.360,0.034,1.472,0.001
15434,2,"  1.906","  0.256",9/18,/core/www/modules//sdig/index.php?run_id=110202&search_id=114132&scans_id=110198&peptide_id=6615&scanf=15434&charge=2&value=9/18,sp|Q9NZI8|IF2B1_HUMAN,/core/www/modules//consensus/?run_id=110202&search_id=114132&scans_id=110198&peptide_id=6615&scanf=15434&charge=2&value=sp|Q9NZI8|IF2B1_HUMAN,0,/core/www/modules/match_peptides/blast_html4.php?run_id=110202&search_id=114132&scans_id=110198&peptide_id=6615&scanf=15434&charge=2&value=0,K.RLEIEHSVPK.K,/core/www/modules/show_out/show_out_wrapper.php?run_id=110202&search_id=114132&scans_id=110198&peptide_id=6615&scanf=15434&charge=2&value=K.RLEIEHSVPK.K,IGF2BP1,1.104e+7,1.995,0.108,0.966,0.005
15438,2,"  1.973","  0.413",8/16,/core/www/modules//sdig/index.php?run_id=110202&search_id=114132&scans_id=110198&peptide_id=6619&scanf=15438&charge=2&value=8/16,sp|O00139|KIF2A_HUMAN,/core/www/modules//consensus/?run_id=110202&search_id=114132&scans_id=110198&peptide_id=6619&scanf=15438&charge=2&value=sp|O00139|KIF2A_HUMAN,7,/core/www/modules/match_peptides/blast_html4.php?run_id=110202&search_id=114132&scans_id=110198&peptide_id=6619&scanf=15438&charge=2&value=7,R.DSFIGENSR.T,/core/www/modules/show_out/show_out_wrapper.php?run_id=110202&search_id=114132&scans_id=110198&peptide_id=6619&scanf=15438&charge=2&value=R.DSFIGENSR.T,KIF2A,5.043e+6,2.778,0.008,2.080,0.000
15443,2,"  2.745","  0.380",11/16,/core/www/modules//sdig/index.php?run_id=110202&search_id=114132&scans_id=110198&peptide_id=6623&scanf=15443&charge=2&value=11/16,sp|Q9Y3T9|NOC2L_HUMAN,/core/www/modules//consensus/?run_id=110202&search_id=114132&scans_id=110198&peptide_id=6623&scanf=15443&charge=2&value=sp|Q9Y3T9|NOC2L_HUMAN,0,/core/www/modules/match_peptides/blast_html4.php?run_id=110202&search_id=114132&scans_id=110198&peptide_id=6623&scanf=15443&charge=2&value=0,K.LSNVNLQEK.A,/core/www/modules/show_out/show_out_wrapper.php?run_id=110202&search_id=114132&scans_id=110198&peptide_id=6623&scanf=15443&charge=2&value=K.LSNVNLQEK.A,NOC2L,1.050e+8,3.039,0.003,2.465,0.000
15447,2,"  2.343","  0.383",9/16,/core/www/modules//sdig/index.php?run_id=110202&search_id=114132&scans_id=110198&peptide_id=6627&scanf=15447&charge=2&value=9/16,sp|Q15149|PLEC_HUMAN,/core/www/modules//consensus/?run_id=110202&search_id=114132&scans_id=110198&peptide_id=6627&scanf=15447&charge=2&value=sp|Q15149|PLEC_HUMAN,5,/core/www/modules/match_peptides/blast_html4.php?run_id=110202&search_id=114132&scans_id=110198&peptide_id=6627&scanf=15447&charge=2&value=5,K.KESYSALMR.E,/core/www/modules/show_out/show_out_wrapper.php?run_id=110202&search_id=114132&scans_id=110198&peptide_id=6627&scanf=15447&charge=2&value=K.KESYSALMR.E,PLEC,7.664e+6,2.906,0.005,2.269,0.000
15451,2,"  1.971","  0.352",6/22,/core/www/modules//sdig/index.php?run_id=110202&search_id=114132&scans_id=110198&peptide_id=6632&scanf=15451&charge=2&value=6/22,sp|Q13428|TCOF_HUMAN,/core/www/modules//consensus/?run_id=110202&search_id=114132&scans_id=110198&peptide_id=6632&scanf=15451&charge=2&value=sp|Q13428|TCOF_HUMAN,4,/core/www/modules/match_peptides/blast_html4.php?run_id=110202&search_id=114132&scans_id=110198&peptide_id=6632&scanf=15451&charge=2&value=4,K.VGPATPSAQVGK.W,/core/www/modules/show_out/show_out_wrapper.php?run_id=110202&search_id=114132&scans_id=110198&peptide_id=6632&scanf=15451&charge=2&value=K.VGPATPSAQVGK.W,TCOF1,6.043e+6,2.099,0.078,1.106,0.003
15452,3,"  5.029","  0.622",19/56,/core/www/modules//sdig/index.php?run_id=110202&search_id=114132&scans_id=110198&peptide_id=6633&scanf=15452&charge=3&value=19/56,sp|O75533|SF3B1_HUMAN,/core/www/modules//consensus/?run_id=110202&search_id=114132&scans_id=110198&peptide_id=6633&scanf=15452&charge=3&value=sp|O75533|SF3B1_HUMAN,0,/core/www/modules/match_peptides/blast_html4.php?run_id=110202&search_id=114132&scans_id=110198&peptide_id=6633&scanf=15452&charge=3&value=0,R.RWDQTADQTPGATPK.K,/core/www/modules/show_out/show_out_wrapper.php?run_id=110202&search_id=114132&scans_id=110198&peptide_id=6633&scanf=15452&charge=3&value=R.RWDQTADQTPGATPK.K,SF3B1,4.146e+6,3.639,0.000,3.354,0.000
15459,2,"  2.296","  0.600",13/18,/core/www/modules//sdig/index.php?run_id=110202&search_id=114132&scans_id=110198&peptide_id=6640&scanf=15459&charge=2&value=13/18,sp|O60884|DNJA2_HUMAN,/core/www/modules//consensus/?run_id=110202&search_id=114132&scans_id=110198&peptide_id=6640&scanf=15459&charge=2&value=sp|O60884|DNJA2_HUMAN,0,/core/www/modules/match_peptides/blast_html4.php?run_id=110202&search_id=114132&scans_id=110198&peptide_id=6640&scanf=15459&charge=2&value=0,R.DGNDLHMTYK.I,/core/www/modules/show_out/show_out_wrapper.php?run_id=110202&search_id=114132&scans_id=110198&peptide_id=6640&scanf=15459&charge=2&value=R.DGNDLHMTYK.I,DNAJA2,4.656e+6,3.759,0.000,3.532,0.000
15461,2,"  2.365","  0.587",10/16,/core/www/modules//sdig/index.php?run_id=110202&search_id=114132&scans_id=110198&peptide_id=6642&scanf=15461&charge=2&value=10/16,sp|P14625|ENPL_HUMAN,/core/www/modules//consensus/?run_id=110202&search_id=114132&scans_id=110198&peptide_id=6642&scanf=15461&charge=2&value=sp|P14625|ENPL_HUMAN,10,/core/www/modules/match_peptides/blast_html4.php?run_id=110202&search_id=114132&scans_id=110198&peptide_id=6642&scanf=15461&charge=2&value=10,K.SGTSEFLNK.M,/core/www/modules/show_out/show_out_wrapper.php?run_id=110202&search_id=114132&scans_id=110198&peptide_id=6642&scanf=15461&charge=2&value=K.SGTSEFLNK.M,HSP90B1,1.773e+8,3.697,0.000,3.440,0.000
15462,2,"  2.091","  0.346",8/12,/core/www/modules//sdig/index.php?run_id=110202&search_id=114132&scans_id=110198&peptide_id=6643&scanf=15462&charge=2&value=8/12,sp|Q08211|DHX9_HUMAN,/core/www/modules//consensus/?run_id=110202&search_id=114132&scans_id=110198&peptide_id=6643&scanf=15462&charge=2&value=sp|Q08211|DHX9_HUMAN,0,/core/www/modules/match_peptides/blast_html4.php?run_id=110202&search_id=114132&scans_id=110198&peptide_id=6643&scanf=15462&charge=2&value=0,R.LNQYFQK.E,/core/www/modules/show_out/show_out_wrapper.php?run_id=110202&search_id=114132&scans_id=110198&peptide_id=6643&scanf=15462&charge=2&value=R.LNQYFQK.E,DHX9,2.361e+8,3.245,0.002,2.770,0.000
15467,3,"  3.244","  0.484",13/52,/core/www/modules//sdig/index.php?run_id=110202&search_id=114132&scans_id=110198&peptide_id=6648&scanf=15467&charge=3&value=13/52,sp|O75533|SF3B1_HUMAN,/core/www/modules//consensus/?run_id=110202&search_id=114132&scans_id=110198&peptide_id=6648&scanf=15467&charge=3&value=sp|O75533|SF3B1_HUMAN,0,/core/www/modules/match_peptides/blast_html4.php?run_id=110202&search_id=114132&scans_id=110198&peptide_id=6648&scanf=15467&charge=3&value=0,R.DTPGHGSGWAETPR.T,/core/www/modules/show_out/show_out_wrapper.php?run_id=110202&search_id=114132&scans_id=110198&peptide_id=6648&scanf=15467&charge=3&value=R.DTPGHGSGWAETPR.T,SF3B1,2.125e+7,3.242,0.002,2.766,0.000
15470,2,"  2.453","  0.317",10/16,/core/www/modules//sdig/index.php?run_id=110202&search_id=114132&scans_id=110198&peptide_id=6652&scanf=15470&charge=2&value=10/16,sp|P38919|IF4A3_HUMAN,/core/www/modules//consensus/?run_id=110202&search_id=114132&scans_id=110198&peptide_id=6652&scanf=15470&charge=2&value=sp|P38919|IF4A3_HUMAN,10,/core/www/modules/match_peptides/blast_html4.php?run_id=110202&search_id=114132&scans_id=110198&peptide_id=6652&scanf=15470&charge=2&value=10,K.RKVDWLTEK.M,/core/www/modules/show_out/show_out_wrapper.php?run_id=110202&search_id=114132&scans_id=110198&peptide_id=6652&scanf=15470&charge=2&value=K.RKVDWLTEK.M,EIF4A3,7.245e+6,2.226,0.052,1.282,0.002
15482,2,"  2.064","  0.095",8/14,/core/www/modules//sdig/index.php?run_id=110202&search_id=114132&scans_id=110198&peptide_id=6664&scanf=15482&charge=2&value=8/14,sp|Q14980|NUMA1_HUMAN,/core/www/modules//consensus/?run_id=110202&search_id=114132&scans_id=110198&peptide_id=6664&scanf=15482&charge=2&value=sp|Q14980|NUMA1_HUMAN,0,/core/www/modules/match_peptides/blast_html4.php?run_id=110202&search_id=114132&scans_id=110198&peptide_id=6664&scanf=15482&charge=2&value=0,R.GLEAAQIK.E,/core/www/modules/show_out/show_out_wrapper.php?run_id=110202&search_id=114132&scans_id=110198&peptide_id=6664&scanf=15482&charge=2&value=R.GLEAAQIK.E,NUMA1,1.362e+7,2.123,0.073,1.138,0.002
15483,2,"  1.704","  0.201",7/12,/core/www/modules//sdig/index.php?run_id=110202&search_id=114132&scans_id=110198&peptide_id=6665&scanf=15483&charge=2&value=7/12,sp|O94874|UFL1_HUMAN,/core/www/modules//consensus/?run_id=110202&search_id=114132&scans_id=110198&peptide_id=6665&scanf=15483&charge=2&value=sp|O94874|UFL1_HUMAN,0,/core/www/modules/match_peptides/blast_html4.php?run_id=110202&search_id=114132&scans_id=110198&peptide_id=6665&scanf=15483&charge=2&value=0,R.LAADFQR.A,/core/www/modules/show_out/show_out_wrapper.php?run_id=110202&search_id=114132&scans_id=110198&peptide_id=6665&scanf=15483&charge=2&value=R.LAADFQR.A,UFL1,9.686e+6,2.251,0.048,1.318,0.002
15489,2,"  4.109","  0.673",18/20,/core/www/modules//sdig/index.php?run_id=110202&search_id=114132&scans_id=110198&peptide_id=6671&scanf=15489&charge=2&value=18/20,sp|Q02878|RL6_HUMAN,/core/www/modules//consensus/?run_id=110202&search_id=114132&scans_id=110198&peptide_id=6671&scanf=15489&charge=2&value=sp|Q02878|RL6_HUMAN,0,/core/www/modules/match_peptides/blast_html4.php?run_id=110202&search_id=114132&scans_id=110198&peptide_id=6671&scanf=15489&charge=2&value=0,R.HQEGEIFDTEK.E,/core/www/modules/show_out/show_out_wrapper.php?run_id=110202&search_id=114132&scans_id=110198&peptide_id=6671&scanf=15489&charge=2&value=R.HQEGEIFDTEK.E,RPL6,1.053e+8,4.384,0.000,4.458,0.000
15490,3,"  3.418","  0.405",16/48,/core/www/modules//sdig/index.php?run_id=110202&search_id=114132&scans_id=110198&peptide_id=6673&scanf=15490&charge=3&value=16/48,sp|Q9Y2X3|NOP58_HUMAN,/core/www/modules//consensus/?run_id=110202&search_id=114132&scans_id=110198&peptide_id=6673&scanf=15490&charge=3&value=sp|Q9Y2X3|NOP58_HUMAN,0,/core/www/modules/match_peptides/blast_html4.php?run_id=110202&search_id=114132&scans_id=110198&peptide_id=6673&scanf=15490&charge=3&value=0,K.IEQVDKEDEITEK.K,/core/www/modules/show_out/show_out_wrapper.php?run_id=110202&search_id=114132&scans_id=110198&peptide_id=6673&scanf=15490&charge=3&value=K.IEQVDKEDEITEK.K,NOP58,1.185e+7,2.731,0.010,2.011,0.000
15493,2,"  3.590","  0.507",11/18,/core/www/modules//sdig/index.php?run_id=110202&search_id=114132&scans_id=110198&peptide_id=6676&scanf=15493&charge=2&value=11/18,sp|A6NMY6|AXA2L_HUMAN,/core/www/modules//consensus/?run_id=110202&search_id=114132&scans_id=110198&peptide_id=6676&scanf=15493&charge=2&value=sp|A6NMY6|AXA2L_HUMAN,15,/core/www/modules/match_peptides/blast_html4.php?run_id=110202&search_id=114132&scans_id=110198&peptide_id=6676&scanf=15493&charge=2&value=15,R.TNQELQEINR.V,/core/www/modules/show_out/show_out_wrapper.php?run_id=110202&search_id=114132&scans_id=110198&peptide_id=6676&scanf=15493&charge=2&value=R.TNQELQEINR.V,ANXA2P2,4.817e+7,3.357,0.001,2.936,0.000
15494,2,"  2.567","  0.523",11/24,/core/www/modules//sdig/index.php?run_id=110202&search_id=114132&scans_id=110198&peptide_id=6677&scanf=15494&charge=2&value=11/24,sp|Q96T60|PNKP_HUMAN,/core/www/modules//consensus/?run_id=110202&search_id=114132&scans_id=110198&peptide_id=6677&scanf=15494&charge=2&value=sp|Q96T60|PNKP_HUMAN,2,/core/www/modules/match_peptides/blast_html4.php?run_id=110202&search_id=114132&scans_id=110198&peptide_id=6677&scanf=15494&charge=2&value=2,R.VAIDNTNPDAASR.A,/core/www/modules/show_out/show_out_wrapper.php?run_id=110202&search_id=114132&scans_id=110198&peptide_id=6677&scanf=15494&charge=2&value=R.VAIDNTNPDAASR.A,PNKP,3.718e+6,2.986,0.004,2.388,0.000
15496,3,"  3.138","  0.562",16/52,/core/www/modules//sdig/index.php?run_id=110202&search_id=114132&scans_id=110198&peptide_id=6679&scanf=15496&charge=3&value=16/52,sp|O43707|ACTN4_HUMAN,/core/www/modules//consensus/?run_id=110202&search_id=114132&scans_id=110198&peptide_id=6679&scanf=15496&charge=3&value=sp|O43707|ACTN4_HUMAN,21,/core/www/modules/match_peptides/blast_html4.php?run_id=110202&search_id=114132&scans_id=110198&peptide_id=6679&scanf=15496&charge=3&value=21,K.HEAFESDLAAHQDR.V,/core/www/modules/show_out/show_out_wrapper.php?run_id=110202&search_id=114132&scans_id=110198&peptide_id=6679&scanf=15496&charge=3&value=K.HEAFESDLAAHQDR.V,ACTN4,9.568e+6,3.750,0.000,3.518,0.000
15503,2,"  2.485","  0.353",11/16,/core/www/modules//sdig/index.php?run_id=110202&search_id=114132&scans_id=110198&peptide_id=6686&scanf=15503&charge=2&value=11/16,sp|P62241|RS8_HUMAN,/core/www/modules//consensus/?run_id=110202&search_id=114132&scans_id=110198&peptide_id=6686&scanf=15503&charge=2&value=sp|P62241|RS8_HUMAN,1,/core/www/modules/match_peptides/blast_html4.php?run_id=110202&search_id=114132&scans_id=110198&peptide_id=6686&scanf=15503&charge=2&value=1,R.ADGYVLEGK.E,/core/www/modules/show_out/show_out_wrapper.php?run_id=110202&search_id=114132&scans_id=110198&peptide_id=6686&scanf=15503&charge=2&value=R.ADGYVLEGK.E,RPS8,1.385e+8,2.914,0.005,2.280,0.000
15505,2,"  1.623","  0.472",9/18,/core/www/modules//sdig/index.php?run_id=110202&search_id=114132&scans_id=110198&peptide_id=6688&scanf=15505&charge=2&value=9/18,sp|Q9NZI8|IF2B1_HUMAN,/core/www/modules//consensus/?run_id=110202&search_id=114132&scans_id=110198&peptide_id=6688&scanf=15505&charge=2&value=sp|Q9NZI8|IF2B1_HUMAN,0,/core/www/modules/match_peptides/blast_html4.php?run_id=110202&search_id=114132&scans_id=110198&peptide_id=6688&scanf=15505&charge=2&value=0,K.IAPPETPDSK.V,/core/www/modules/show_out/show_out_wrapper.php?run_id=110202&search_id=114132&scans_id=110198&peptide_id=6688&scanf=15505&charge=2&value=K.IAPPETPDSK.V,IGF2BP1,1.000e+8,2.988,0.004,2.390,0.000
15507,4,"  5.491","  0.394",18/84,/core/www/modules//sdig/index.php?run_id=110202&search_id=114132&scans_id=110198&peptide_id=6690&scanf=15507&charge=4&value=18/84,sp|P35579|MYH9_HUMAN,/core/www/modules//consensus/?run_id=110202&search_id=114132&scans_id=110198&peptide_id=6690&scanf=15507&charge=4&value=sp|P35579|MYH9_HUMAN,1,/core/www/modules/match_peptides/blast_html4.php?run_id=110202&search_id=114132&scans_id=110198&peptide_id=6690&scanf=15507&charge=4&value=1,R.EQLEEEEEAKHNLEK.Q,/core/www/modules/show_out/show_out_wrapper.php?run_id=110202&search_id=114132&scans_id=110198&peptide_id=6690&scanf=15507&charge=4&value=R.EQLEEEEEAKHNLEK.Q,MYH9,1.191e+7,3.130,0.003,2.600,0.000
15508,4,"  2.810","  0.442",20/84,/core/www/modules//sdig/index.php?run_id=110202&search_id=114132&scans_id=110198&peptide_id=6691&scanf=15508&charge=4&value=20/84,sp|P62854|RS26_HUMAN,/core/www/modules//consensus/?run_id=110202&search_id=114132&scans_id=110198&peptide_id=6691&scanf=15508&charge=4&value=sp|P62854|RS26_HUMAN,1,/core/www/modules/match_peptides/blast_html4.php?run_id=110202&search_id=114132&scans_id=110198&peptide_id=6691&scanf=15508&charge=4&value=1,R.FRPAGAAPRPPPKPM*.-,/core/www/modules/show_out/show_out_wrapper.php?run_id=110202&search_id=114132&scans_id=110198&peptide_id=6691&scanf=15508&charge=4&value=R.FRPAGAAPRPPPKPM*.-,RPS26,6.240e+7,3.315,0.001,2.874,0.000
15509,3,"  3.976","  0.365",13/56,/core/www/modules//sdig/index.php?run_id=110202&search_id=114132&scans_id=110198&peptide_id=6692&scanf=15509&charge=3&value=13/56,sp|P35579|MYH9_HUMAN,/core/www/modules//consensus/?run_id=110202&search_id=114132&scans_id=110198&peptide_id=6692&scanf=15509&charge=3&value=sp|P35579|MYH9_HUMAN,1,/core/www/modules/match_peptides/blast_html4.php?run_id=110202&search_id=114132&scans_id=110198&peptide_id=6692&scanf=15509&charge=3&value=1,R.EQLEEEEEAKHNLEK.Q,/core/www/modules/show_out/show_out_wrapper.php?run_id=110202&search_id=114132&scans_id=110198&peptide_id=6692&scanf=15509&charge=3&value=R.EQLEEEEEAKHNLEK.Q,MYH9,1.136e+7,2.517,0.020,1.698,0.000
15510,3,"  2.607","  0.478",12/56,/core/www/modules//sdig/index.php?run_id=110202&search_id=114132&scans_id=110198&peptide_id=6694&scanf=15510&charge=3&value=12/56,sp|P62854|RS26_HUMAN,/core/www/modules//consensus/?run_id=110202&search_id=114132&scans_id=110198&peptide_id=6694&scanf=15510&charge=3&value=sp|P62854|RS26_HUMAN,1,/core/www/modules/match_peptides/blast_html4.php?run_id=110202&search_id=114132&scans_id=110198&peptide_id=6694&scanf=15510&charge=3&value=1,R.FRPAGAAPRPPPKPM*.-,/core/www/modules/show_out/show_out_wrapper.php?run_id=110202&search_id=114132&scans_id=110198&peptide_id=6694&scanf=15510&charge=3&value=R.FRPAGAAPRPPPKPM*.-,RPS26,3.679e+7,2.910,0.005,2.275,0.000
15511,3,"  2.191","  0.210",9/32,/core/www/modules//sdig/index.php?run_id=110202&search_id=114132&scans_id=110198&peptide_id=6695&scanf=15511&charge=3&value=9/32,sp|Q5VTL8|PR38B_HUMAN,/core/www/modules//consensus/?run_id=110202&search_id=114132&scans_id=110198&peptide_id=6695&scanf=15511&charge=3&value=sp|Q5VTL8|PR38B_HUMAN,0,/core/www/modules/match_peptides/blast_html4.php?run_id=110202&search_id=114132&scans_id=110198&peptide_id=6695&scanf=15511&charge=3&value=0,K.VTHVEPWEK.G,/core/www/modules/show_out/show_out_wrapper.php?run_id=110202&search_id=114132&scans_id=110198&peptide_id=6695&scanf=15511&charge=3&value=K.VTHVEPWEK.G,PRPF38B,3.492e+7,2.307,0.040,1.397,0.001
15512,3,"  3.357","  0.369",10/40,/core/www/modules//sdig/index.php?run_id=110202&search_id=114132&scans_id=110198&peptide_id=6696&scanf=15512&charge=3&value=10/40,sp|Q13769|THOC5_HUMAN,/core/www/modules//consensus/?run_id=110202&search_id=114132&scans_id=110198&peptide_id=6696&scanf=15512&charge=3&value=sp|Q13769|THOC5_HUMAN,0,/core/www/modules/match_peptides/blast_html4.php?run_id=110202&search_id=114132&scans_id=110198&peptide_id=6696&scanf=15512&charge=3&value=0,K.YNHPQGFFSHR.-,/core/www/modules/show_out/show_out_wrapper.php?run_id=110202&search_id=114132&scans_id=110198&peptide_id=6696&scanf=15512&charge=3&value=K.YNHPQGFFSHR.-,THOC5,4.540e+6,2.786,0.008,2.093,0.000
15515,2,"  2.871","  0.487",13/20,/core/www/modules//sdig/index.php?run_id=110202&search_id=114132&scans_id=110198&peptide_id=6699&scanf=15515&charge=2&value=13/20,sp|O60832|DKC1_HUMAN,/core/www/modules//consensus/?run_id=110202&search_id=114132&scans_id=110198&peptide_id=6699&scanf=15515&charge=2&value=sp|O60832|DKC1_HUMAN,6,/core/www/modules/match_peptides/blast_html4.php?run_id=110202&search_id=114132&scans_id=110198&peptide_id=6699&scanf=15515&charge=2&value=6,K.QEYVDYSESAK.K,/core/www/modules/show_out/show_out_wrapper.php?run_id=110202&search_id=114132&scans_id=110198&peptide_id=6699&scanf=15515&charge=2&value=K.QEYVDYSESAK.K,DKC1,7.654e+6,3.290,0.001,2.837,0.000
15516,2,"  3.105","  0.650",17/24,/core/www/modules//sdig/index.php?run_id=110202&search_id=114132&scans_id=110198&peptide_id=6700&scanf=15516&charge=2&value=17/24,sp|Q12788|TBL3_HUMAN,/core/www/modules//consensus/?run_id=110202&search_id=114132&scans_id=110198&peptide_id=6700&scanf=15516&charge=2&value=sp|Q12788|TBL3_HUMAN,1,/core/www/modules/match_peptides/blast_html4.php?run_id=110202&search_id=114132&scans_id=110198&peptide_id=6700&scanf=15516&charge=2&value=1,K.DVTEAEQAEEQAR.Q,/core/www/modules/show_out/show_out_wrapper.php?run_id=110202&search_id=114132&scans_id=110198&peptide_id=6700&scanf=15516&charge=2&value=K.DVTEAEQAEEQAR.Q,TBL3,4.846e+6,3.825,0.000,3.630,0.000
15520,2,"  2.380","  0.328",11/18,/core/www/modules//sdig/index.php?run_id=110202&search_id=114132&scans_id=110198&peptide_id=6705&scanf=15520&charge=2&value=11/18,sp|Q9NU22|MDN1_HUMAN,/core/www/modules//consensus/?run_id=110202&search_id=114132&scans_id=110198&peptide_id=6705&scanf=15520&charge=2&value=sp|Q9NU22|MDN1_HUMAN,0,/core/www/modules/match_peptides/blast_html4.php?run_id=110202&search_id=114132&scans_id=110198&peptide_id=6705&scanf=15520&charge=2&value=0,R.NLSSQLQTGR.D,/core/www/modules/show_out/show_out_wrapper.php?run_id=110202&search_id=114132&scans_id=110198&peptide_id=6705&scanf=15520&charge=2&value=R.NLSSQLQTGR.D,MDN1,5.449e+6,2.941,0.005,2.320,0.000
15521,3,"  2.631","  0.429",14/48,/core/www/modules//sdig/index.php?run_id=110202&search_id=114132&scans_id=110198&peptide_id=6706&scanf=15521&charge=3&value=14/48,sp|P60709|ACTB_HUMAN,/core/www/modules//consensus/?run_id=110202&search_id=114132&scans_id=110198&peptide_id=6706&scanf=15521&charge=3&value=sp|P60709|ACTB_HUMAN,10,/core/www/modules/match_peptides/blast_html4.php?run_id=110202&search_id=114132&scans_id=110198&peptide_id=6706&scanf=15521&charge=3&value=10,K.QEYDESGPSIVHR.K,/core/www/modules/show_out/show_out_wrapper.php?run_id=110202&search_id=114132&scans_id=110198&peptide_id=6706&scanf=15521&charge=3&value=K.QEYDESGPSIVHR.K,ACTB,2.776e+9,3.379,0.001,2.969,0.000
15528,2,"  2.311","  0.255",10/18,/core/www/modules//sdig/index.php?run_id=110202&search_id=114132&scans_id=110198&peptide_id=6712&scanf=15528&charge=2&value=10/18,sp|O95235|KI20A_HUMAN,/core/www/modules//consensus/?run_id=110202&search_id=114132&scans_id=110198&peptide_id=6712&scanf=15528&charge=2&value=sp|O95235|KI20A_HUMAN,0,/core/www/modules/match_peptides/blast_html4.php?run_id=110202&search_id=114132&scans_id=110198&peptide_id=6712&scanf=15528&charge=2&value=0,K.LGESLQSAER.A,/core/www/modules/show_out/show_out_wrapper.php?run_id=110202&search_id=114132&scans_id=110198&peptide_id=6712&scanf=15528&charge=2&value=K.LGESLQSAER.A,KIF20A,6.001e+6,2.282,0.044,1.361,0.001
15530,3,"  4.119","  0.424",18/44,/core/www/modules//sdig/index.php?run_id=110202&search_id=114132&scans_id=110198&peptide_id=6715&scanf=15530&charge=3&value=18/44,sp|Q13813|SPTN1_HUMAN,/core/www/modules//consensus/?run_id=110202&search_id=114132&scans_id=110198&peptide_id=6715&scanf=15530&charge=3&value=sp|Q13813|SPTN1_HUMAN,2,/core/www/modules/match_peptides/blast_html4.php?run_id=110202&search_id=114132&scans_id=110198&peptide_id=6715&scanf=15530&charge=3&value=2,R.SQLLGSAHEVQR.F,/core/www/modules/show_out/show_out_wrapper.php?run_id=110202&search_id=114132&scans_id=110198&peptide_id=6715&scanf=15530&charge=3&value=R.SQLLGSAHEVQR.F,SPTAN1,4.025e+7,3.388,0.001,2.982,0.000
15534,2,"  2.970","  0.453",10/18,/core/www/modules//sdig/index.php?run_id=110202&search_id=114132&scans_id=110198&peptide_id=6719&scanf=15534&charge=2&value=10/18,sp|Q14669|TRIPC_HUMAN,/core/www/modules//consensus/?run_id=110202&search_id=114132&scans_id=110198&peptide_id=6719&scanf=15534&charge=2&value=sp|Q14669|TRIPC_HUMAN,2,/core/www/modules/match_peptides/blast_html4.php?run_id=110202&search_id=114132&scans_id=110198&peptide_id=6719&scanf=15534&charge=2&value=2,R.GEEVTLSNPK.G,/core/www/modules/show_out/show_out_wrapper.php?run_id=110202&search_id=114132&scans_id=110198&peptide_id=6719&scanf=15534&charge=2&value=R.GEEVTLSNPK.G,TRIP12,1.274e+7,3.177,0.002,2.669,0.000
15536,2,"  2.282","  0.216",8/14,/core/www/modules//sdig/index.php?run_id=110202&search_id=114132&scans_id=110198&peptide_id=6721&scanf=15536&charge=2&value=8/14,sp|Q92616|GCN1_HUMAN,/core/www/modules//consensus/?run_id=110202&search_id=114132&scans_id=110198&peptide_id=6721&scanf=15536&charge=2&value=sp|Q92616|GCN1_HUMAN,0,/core/www/modules/match_peptides/blast_html4.php?run_id=110202&search_id=114132&scans_id=110198&peptide_id=6721&scanf=15536&charge=2&value=0,R.SDTQLVVR.Q,/core/www/modules/show_out/show_out_wrapper.php?run_id=110202&search_id=114132&scans_id=110198&peptide_id=6721&scanf=15536&charge=2&value=R.SDTQLVVR.Q,GCN1,7.585e+6,2.533,0.019,1.722,0.000
15539,2,"  1.514","  0.192",6/18,/core/www/modules//sdig/index.php?run_id=110202&search_id=114132&scans_id=110198&peptide_id=6724&scanf=15539&charge=2&value=6/18,sp|O95347|SMC2_HUMAN,/core/www/modules//consensus/?run_id=110202&search_id=114132&scans_id=110198&peptide_id=6724&scanf=15539&charge=2&value=sp|O95347|SMC2_HUMAN,0,/core/www/modules/match_peptides/blast_html4.php?run_id=110202&search_id=114132&scans_id=110198&peptide_id=6724&scanf=15539&charge=2&value=0,K.TIEESEETLK.N,/core/www/modules/show_out/show_out_wrapper.php?run_id=110202&search_id=114132&scans_id=110198&peptide_id=6724&scanf=15539&charge=2&value=K.TIEESEETLK.N,SMC2,2.267e+6,1.813,0.184,0.735,0.010
15540,3,"  2.772","  0.496",14/56,/core/www/modules//sdig/index.php?run_id=110202&search_id=114132&scans_id=110198&peptide_id=6726&scanf=15540&charge=3&value=14/56,sp|Q99459|CDC5L_HUMAN,/core/www/modules//consensus/?run_id=110202&search_id=114132&scans_id=110198&peptide_id=6726&scanf=15540&charge=3&value=sp|Q99459|CDC5L_HUMAN,0,/core/www/modules/match_peptides/blast_html4.php?run_id=110202&search_id=114132&scans_id=110198&peptide_id=6726&scanf=15540&charge=3&value=0,R.SGTTPKPVINSTPGR.T,/core/www/modules/show_out/show_out_wrapper.php?run_id=110202&search_id=114132&scans_id=110198&peptide_id=6726&scanf=15540&charge=3&value=R.SGTTPKPVINSTPGR.T,CDC5L,1.976e+7,3.070,0.003,2.511,0.000
15541,2,"  2.551","  0.438",9/18,/core/www/modules//sdig/index.php?run_id=110202&search_id=114132&scans_id=110198&peptide_id=6727&scanf=15541&charge=2&value=9/18,sp|P60709|ACTB_HUMAN,/core/www/modules//consensus/?run_id=110202&search_id=114132&scans_id=110198&peptide_id=6727&scanf=15541&charge=2&value=sp|P60709|ACTB_HUMAN,33,/core/www/modules/match_peptides/blast_html4.php?run_id=110202&search_id=114132&scans_id=110198&peptide_id=6727&scanf=15541&charge=2&value=33,K.AGFAGDDAPR.A,/core/www/modules/show_out/show_out_wrapper.php?run_id=110202&search_id=114132&scans_id=110198&peptide_id=6727&scanf=15541&charge=2&value=K.AGFAGDDAPR.A,ACTB,2.350e+6,3.489,0.001,3.132,0.000
15548,2,"  2.463","  0.304",8/16,/core/www/modules//sdig/index.php?run_id=110202&search_id=114132&scans_id=110198&peptide_id=6733&scanf=15548&charge=2&value=8/16,sp|P62191|PRS4_HUMAN,/core/www/modules//consensus/?run_id=110202&search_id=114132&scans_id=110198&peptide_id=6733&scanf=15548&charge=2&value=sp|P62191|PRS4_HUMAN,0,/core/www/modules/match_peptides/blast_html4.php?run_id=110202&search_id=114132&scans_id=110198&peptide_id=6733&scanf=15548&charge=2&value=0,K.DDLSGADIK.A,/core/www/modules/show_out/show_out_wrapper.php?run_id=110202&search_id=114132&scans_id=110198&peptide_id=6733&scanf=15548&charge=2&value=K.DDLSGADIK.A,PSMC1,1.419e+7,2.538,0.019,1.729,0.000
15550,3,"  5.565","  0.673",22/68,/core/www/modules//sdig/index.php?run_id=110202&search_id=114132&scans_id=110198&peptide_id=6736&scanf=15550&charge=3&value=22/68,sp|Q9GZR7|DDX24_HUMAN,/core/www/modules//consensus/?run_id=110202&search_id=114132&scans_id=110198&peptide_id=6736&scanf=15550&charge=3&value=sp|Q9GZR7|DDX24_HUMAN,3,/core/www/modules/match_peptides/blast_html4.php?run_id=110202&search_id=114132&scans_id=110198&peptide_id=6736&scanf=15550&charge=3&value=3,K.QNENEEENLDKEQTGNLK.Q,/core/www/modules/show_out/show_out_wrapper.php?run_id=110202&search_id=114132&scans_id=110198&peptide_id=6736&scanf=15550&charge=3&value=K.QNENEEENLDKEQTGNLK.Q,DDX24,6.819e+6,3.474,0.001,3.110,0.000
15552,2,"  3.300","  0.730",16/28,/core/www/modules//sdig/index.php?run_id=110202&search_id=114132&scans_id=110198&peptide_id=6738&scanf=15552&charge=2&value=16/28,sp|P52907|CAZA1_HUMAN,/core/www/modules//consensus/?run_id=110202&search_id=114132&scans_id=110198&peptide_id=6738&scanf=15552&charge=2&value=sp|P52907|CAZA1_HUMAN,0,/core/www/modules/match_peptides/blast_html4.php?run_id=110202&search_id=114132&scans_id=110198&peptide_id=6738&scanf=15552&charge=2&value=0,K.EASDPQPEEADGGLK.S,/core/www/modules/show_out/show_out_wrapper.php?run_id=110202&search_id=114132&scans_id=110198&peptide_id=6738&scanf=15552&charge=2&value=K.EASDPQPEEADGGLK.S,CAPZA1,1.576e+7,3.834,0.000,3.644,0.000
15562,2,"  2.895","  0.694",15/28,/core/www/modules//sdig/index.php?run_id=110202&search_id=114132&scans_id=110198&peptide_id=6749&scanf=15562&charge=2&value=15/28,sp|Q99459|CDC5L_HUMAN,/core/www/modules//consensus/?run_id=110202&search_id=114132&scans_id=110198&peptide_id=6749&scanf=15562&charge=2&value=sp|Q99459|CDC5L_HUMAN,0,/core/www/modules/match_peptides/blast_html4.php?run_id=110202&search_id=114132&scans_id=110198&peptide_id=6749&scanf=15562&charge=2&value=0,R.SGTTPKPVINSTPGR.T,/core/www/modules/show_out/show_out_wrapper.php?run_id=110202&search_id=114132&scans_id=110198&peptide_id=6749&scanf=15562&charge=2&value=R.SGTTPKPVINSTPGR.T,CDC5L,6.152e+6,3.693,0.000,3.434,0.000
15567,2,"  1.276","  0.366",7/14,/core/www/modules//sdig/index.php?run_id=110202&search_id=114132&scans_id=110198&peptide_id=6753&scanf=15567&charge=2&value=7/14,sp|P38159|RBMX_HUMAN,/core/www/modules//consensus/?run_id=110202&search_id=114132&scans_id=110198&peptide_id=6753&scanf=15567&charge=2&value=sp|P38159|RBMX_HUMAN,1,/core/www/modules/match_peptides/blast_html4.php?run_id=110202&search_id=114132&scans_id=110198&peptide_id=6753&scanf=15567&charge=2&value=1,R.GLPPSMER.G,/core/www/modules/show_out/show_out_wrapper.php?run_id=110202&search_id=114132&scans_id=110198&peptide_id=6753&scanf=15567&charge=2&value=R.GLPPSMER.G,RBMX,1.734e+8,2.882,0.006,2.234,0.000
15568,2,"  3.560","  0.688",19/30,/core/www/modules//sdig/index.php?run_id=110202&search_id=114132&scans_id=110198&peptide_id=6754&scanf=15568&charge=2&value=19/30,sp|Q96QC0|PP1RA_HUMAN,/core/www/modules//consensus/?run_id=110202&search_id=114132&scans_id=110198&peptide_id=6754&scanf=15568&charge=2&value=sp|Q96QC0|PP1RA_HUMAN,0,/core/www/modules/match_peptides/blast_html4.php?run_id=110202&search_id=114132&scans_id=110198&peptide_id=6754&scanf=15568&charge=2&value=0,R.QSNVAAPGDATPPAEK.K,/core/www/modules/show_out/show_out_wrapper.php?run_id=110202&search_id=114132&scans_id=110198&peptide_id=6754&scanf=15568&charge=2&value=R.QSNVAAPGDATPPAEK.K,PPP1R10,1.453e+7,3.810,0.000,3.608,0.000
15573,2,"  1.651","  0.298",9/18,/core/www/modules//sdig/index.php?run_id=110202&search_id=114132&scans_id=110198&peptide_id=6759&scanf=15573&charge=2&value=9/18,sp|Q8N999|CL029_HUMAN,/core/www/modules//consensus/?run_id=110202&search_id=114132&scans_id=110198&peptide_id=6759&scanf=15573&charge=2&value=sp|Q8N999|CL029_HUMAN,0,/core/www/modules/match_peptides/blast_html4.php?run_id=110202&search_id=114132&scans_id=110198&peptide_id=6759&scanf=15573&charge=2&value=0,K.VLATETVSHK.A,/core/www/modules/show_out/show_out_wrapper.php?run_id=110202&search_id=114132&scans_id=110198&peptide_id=6759&scanf=15573&charge=2&value=K.VLATETVSHK.A,C12orf29,1.203e+7,2.342,0.036,1.447,0.001
15575,2,"  1.933","  0.189",6/12,/core/www/modules//sdig/index.php?run_id=110202&search_id=114132&scans_id=110198&peptide_id=6761&scanf=15575&charge=2&value=6/12,sp|Q6STE5|SMRD3_HUMAN,/core/www/modules//consensus/?run_id=110202&search_id=114132&scans_id=110198&peptide_id=6761&scanf=15575&charge=2&value=sp|Q6STE5|SMRD3_HUMAN,3,/core/www/modules/match_peptides/blast_html4.php?run_id=110202&search_id=114132&scans_id=110198&peptide_id=6761&scanf=15575&charge=2&value=3,K.FSEIPQR.L,/core/www/modules/show_out/show_out_wrapper.php?run_id=110202&search_id=114132&scans_id=110198&peptide_id=6761&scanf=15575&charge=2&value=K.FSEIPQR.L,SMARCD3,6.779e+7,2.152,0.066,1.178,0.002
15576,3,"  4.265","  0.529",15/56,/core/www/modules//sdig/index.php?run_id=110202&search_id=114132&scans_id=110198&peptide_id=6762&scanf=15576&charge=3&value=15/56,sp|Q9P2E9|RRBP1_HUMAN,/core/www/modules//consensus/?run_id=110202&search_id=114132&scans_id=110198&peptide_id=6762&scanf=15576&charge=3&value=sp|Q9P2E9|RRBP1_HUMAN,2,/core/www/modules/match_peptides/blast_html4.php?run_id=110202&search_id=114132&scans_id=110198&peptide_id=6762&scanf=15576&charge=3&value=2,K.HPPAPAEPSSDLASK.L,/core/www/modules/show_out/show_out_wrapper.php?run_id=110202&search_id=114132&scans_id=110198&peptide_id=6762&scanf=15576&charge=3&value=K.HPPAPAEPSSDLASK.L,RRBP1,1.323e+7,3.278,0.002,2.819,0.000
15579,2,"  1.764","  0.125",6/12,/core/www/modules//sdig/index.php?run_id=110202&search_id=114132&scans_id=110198&peptide_id=6765&scanf=15579&charge=2&value=6/12,sp|Q9UHA3|RLP24_HUMAN,/core/www/modules//consensus/?run_id=110202&search_id=114132&scans_id=110198&peptide_id=6765&scanf=15579&charge=2&value=sp|Q9UHA3|RLP24_HUMAN,4,/core/www/modules/match_peptides/blast_html4.php?run_id=110202&search_id=114132&scans_id=110198&peptide_id=6765&scanf=15579&charge=2&value=4,K.QNIHLIR.A,/core/www/modules/show_out/show_out_wrapper.php?run_id=110202&search_id=114132&scans_id=110198&peptide_id=6765&scanf=15579&charge=2&value=K.QNIHLIR.A,RSL24D1,4.193e+6,1.890,0.148,0.830,0.007
15583,2,"  3.383","  0.527",17/24,/core/www/modules//sdig/index.php?run_id=110202&search_id=114132&scans_id=110198&peptide_id=6770&scanf=15583&charge=2&value=17/24,sp|Q9NWH9|SLTM_HUMAN,/core/www/modules//consensus/?run_id=110202&search_id=114132&scans_id=110198&peptide_id=6770&scanf=15583&charge=2&value=sp|Q9NWH9|SLTM_HUMAN,1,/core/www/modules/match_peptides/blast_html4.php?run_id=110202&search_id=114132&scans_id=110198&peptide_id=6770&scanf=15583&charge=2&value=1,R.EAGPNPSRPTSWK.S,/core/www/modules/show_out/show_out_wrapper.php?run_id=110202&search_id=114132&scans_id=110198&peptide_id=6770&scanf=15583&charge=2&value=R.EAGPNPSRPTSWK.S,SLTM,4.277e+6,3.471,0.001,3.106,0.000
15587,2,"  1.770","  0.549",11/20,/core/www/modules//sdig/index.php?run_id=110202&search_id=114132&scans_id=110198&peptide_id=6773&scanf=15587&charge=2&value=11/20,sp|P49411|EFTU_HUMAN,/core/www/modules//consensus/?run_id=110202&search_id=114132&scans_id=110198&peptide_id=6773&scanf=15587&charge=2&value=sp|P49411|EFTU_HUMAN,0,/core/www/modules/match_peptides/blast_html4.php?run_id=110202&search_id=114132&scans_id=110198&peptide_id=6773&scanf=15587&charge=2&value=0,K.YEEIDNAPEER.A,/core/www/modules/show_out/show_out_wrapper.php?run_id=110202&search_id=114132&scans_id=110198&peptide_id=6773&scanf=15587&charge=2&value=K.YEEIDNAPEER.A,TUFM,1.330e+7,3.343,0.001,2.916,0.000
15588,2,"  1.830","  0.110",8/12,/core/www/modules//sdig/index.php?run_id=110202&search_id=114132&scans_id=110198&peptide_id=6774&scanf=15588&charge=2&value=8/12,sp|P49736|MCM2_HUMAN,/core/www/modules//consensus/?run_id=110202&search_id=114132&scans_id=110198&peptide_id=6774&scanf=15588&charge=2&value=sp|P49736|MCM2_HUMAN,1,/core/www/modules/match_peptides/blast_html4.php?run_id=110202&search_id=114132&scans_id=110198&peptide_id=6774&scanf=15588&charge=2&value=1,K.MITSLSK.D,/core/www/modules/show_out/show_out_wrapper.php?run_id=110202&search_id=114132&scans_id=110198&peptide_id=6774&scanf=15588&charge=2&value=K.MITSLSK.D,MCM2,4.625e+7,2.184,0.060,1.223,0.002
15589,3,"  2.513","  0.416",13/56,/core/www/modules//sdig/index.php?run_id=110202&search_id=114132&scans_id=110198&peptide_id=6775&scanf=15589&charge=3&value=13/56,sp|Q14692|BMS1_HUMAN,/core/www/modules//consensus/?run_id=110202&search_id=114132&scans_id=110198&peptide_id=6775&scanf=15589&charge=3&value=sp|Q14692|BMS1_HUMAN,0,/core/www/modules/match_peptides/blast_html4.php?run_id=110202&search_id=114132&scans_id=110198&peptide_id=6775&scanf=15589&charge=3&value=0,K.EVKEEIDPDEEESAK.K,/core/www/modules/show_out/show_out_wrapper.php?run_id=110202&search_id=114132&scans_id=110198&peptide_id=6775&scanf=15589&charge=3&value=K.EVKEEIDPDEEESAK.K,BMS1,5.413e+6,2.491,0.022,1.661,0.001
15593,2,"  2.845","  0.485",16/20,/core/www/modules//sdig/index.php?run_id=110202&search_id=114132&scans_id=110198&peptide_id=6780&scanf=15593&charge=2&value=16/20,sp|Q14980|NUMA1_HUMAN,/core/www/modules//consensus/?run_id=110202&search_id=114132&scans_id=110198&peptide_id=6780&scanf=15593&charge=2&value=sp|Q14980|NUMA1_HUMAN,2,/core/www/modules/match_peptides/blast_html4.php?run_id=110202&search_id=114132&scans_id=110198&peptide_id=6780&scanf=15593&charge=2&value=2,R.HQVEQLSSSLK.Q,/core/www/modules/show_out/show_out_wrapper.php?run_id=110202&search_id=114132&scans_id=110198&peptide_id=6780&scanf=15593&charge=2&value=R.HQVEQLSSSLK.Q,NUMA1,2.324e+7,3.701,0.000,3.446,0.000
15594,3,"  3.657","  0.440",15/88,/core/www/modules//sdig/index.php?run_id=110202&search_id=114132&scans_id=110198&peptide_id=6781&scanf=15594&charge=3&value=15/88,sp|A6NFI3|ZN316_HUMAN,/core/www/modules//consensus/?run_id=110202&search_id=114132&scans_id=110198&peptide_id=6781&scanf=15594&charge=3&value=sp|A6NFI3|ZN316_HUMAN,0,/core/www/modules/match_peptides/blast_html4.php?run_id=110202&search_id=114132&scans_id=110198&peptide_id=6781&scanf=15594&charge=3&value=0,R.GATAAPGSGSAPAPAPKPEAAAK.G,/core/www/modules/show_out/show_out_wrapper.php?run_id=110202&search_id=114132&scans_id=110198&peptide_id=6781&scanf=15594&charge=3&value=R.GATAAPGSGSAPAPAPKPEAAAK.G,ZNF316,3.348e+6,2.465,0.024,1.623,0.001
15595,2,"  2.279","  0.147",8/16,/core/www/modules//sdig/index.php?run_id=110202&search_id=114132&scans_id=110198&peptide_id=6782&scanf=15595&charge=2&value=8/16,sp|O95602|RPA1_HUMAN,/core/www/modules//consensus/?run_id=110202&search_id=114132&scans_id=110198&peptide_id=6782&scanf=15595&charge=2&value=sp|O95602|RPA1_HUMAN,1,/core/www/modules/match_peptides/blast_html4.php?run_id=110202&search_id=114132&scans_id=110198&peptide_id=6782&scanf=15595&charge=2&value=1,R.GYLTPTSAR.E,/core/www/modules/show_out/show_out_wrapper.php?run_id=110202&search_id=114132&scans_id=110198&peptide_id=6782&scanf=15595&charge=2&value=R.GYLTPTSAR.E,POLR1A,3.534e+6,1.834,0.174,0.761,0.009
15597,2,"  3.191","  0.620",15/34,/core/www/modules//sdig/index.php?run_id=110202&search_id=114132&scans_id=110198&peptide_id=6784&scanf=15597&charge=2&value=15/34,sp|Q12789|TF3C1_HUMAN,/core/www/modules//consensus/?run_id=110202&search_id=114132&scans_id=110198&peptide_id=6784&scanf=15597&charge=2&value=sp|Q12789|TF3C1_HUMAN,0,/core/www/modules/match_peptides/blast_html4.php?run_id=110202&search_id=114132&scans_id=110198&peptide_id=6784&scanf=15597&charge=2&value=0,K.TSQPPVPQGEAEEDSQGK.E,/core/www/modules/show_out/show_out_wrapper.php?run_id=110202&search_id=114132&scans_id=110198&peptide_id=6784&scanf=15597&charge=2&value=K.TSQPPVPQGEAEEDSQGK.E,GTF3C1,2.743e+6,3.260,0.002,2.792,0.000
15601,2,"  3.722","  0.478",17/30,/core/www/modules//sdig/index.php?run_id=110202&search_id=114132&scans_id=110198&peptide_id=6789&scanf=15601&charge=2&value=17/30,sp|P14625|ENPL_HUMAN,/core/www/modules//consensus/?run_id=110202&search_id=114132&scans_id=110198&peptide_id=6789&scanf=15601&charge=2&value=sp|P14625|ENPL_HUMAN,8,/core/www/modules/match_peptides/blast_html4.php?run_id=110202&search_id=114132&scans_id=110198&peptide_id=6789&scanf=15601&charge=2&value=8,K.EESDDEAAVEEEEEEK.K,/core/www/modules/show_out/show_out_wrapper.php?run_id=110202&search_id=114132&scans_id=110198&peptide_id=6789&scanf=15601&charge=2&value=K.EESDDEAAVEEEEEEK.K,HSP90B1,2.622e+6,3.077,0.003,2.523,0.000
15608,2,"  2.253","  0.455",10/14,/core/www/modules//sdig/index.php?run_id=110202&search_id=114132&scans_id=110198&peptide_id=6795&scanf=15608&charge=2&value=10/14,sp|P78527|PRKDC_HUMAN,/core/www/modules//consensus/?run_id=110202&search_id=114132&scans_id=110198&peptide_id=6795&scanf=15608&charge=2&value=sp|P78527|PRKDC_HUMAN,1,/core/www/modules/match_peptides/blast_html4.php?run_id=110202&search_id=114132&scans_id=110198&peptide_id=6795&scanf=15608&charge=2&value=1,R.TETVTSFR.K,/core/www/modules/show_out/show_out_wrapper.php?run_id=110202&search_id=114132&scans_id=110198&peptide_id=6795&scanf=15608&charge=2&value=R.TETVTSFR.K,PRKDC,2.361e+8,4.142,0.000,4.100,0.000
15609,3,"  3.889","  0.636",18/60,/core/www/modules//sdig/index.php?run_id=110202&search_id=114132&scans_id=110198&peptide_id=6796&scanf=15609&charge=3&value=18/60,sp|Q14974|IMB1_HUMAN,/core/www/modules//consensus/?run_id=110202&search_id=114132&scans_id=110198&peptide_id=6796&scanf=15609&charge=3&value=sp|Q14974|IMB1_HUMAN,1,/core/www/modules/match_peptides/blast_html4.php?run_id=110202&search_id=114132&scans_id=110198&peptide_id=6796&scanf=15609&charge=3&value=1,K.LLETTDRPDGHQNNLR.S,/core/www/modules/show_out/show_out_wrapper.php?run_id=110202&search_id=114132&scans_id=110198&peptide_id=6796&scanf=15609&charge=3&value=K.LLETTDRPDGHQNNLR.S,KPNB1,2.754e+7,3.645,0.000,3.364,0.000
15611,3,"  4.049","  0.548",16/56,/core/www/modules//sdig/index.php?run_id=110202&search_id=114132&scans_id=110198&peptide_id=6799&scanf=15611&charge=3&value=16/56,sp|Q14980|NUMA1_HUMAN,/core/www/modules//consensus/?run_id=110202&search_id=114132&scans_id=110198&peptide_id=6799&scanf=15611&charge=3&value=sp|Q14980|NUMA1_HUMAN,1,/core/www/modules/match_peptides/blast_html4.php?run_id=110202&search_id=114132&scans_id=110198&peptide_id=6799&scanf=15611&charge=3&value=1,R.VSLEPHQGPGTPESK.K,/core/www/modules/show_out/show_out_wrapper.php?run_id=110202&search_id=114132&scans_id=110198&peptide_id=6799&scanf=15611&charge=3&value=R.VSLEPHQGPGTPESK.K,NUMA1,1.563e+7,3.528,0.001,3.189,0.000
15612,2,"  2.691","  0.488",10/18,/core/www/modules//sdig/index.php?run_id=110202&search_id=114132&scans_id=110198&peptide_id=6800&scanf=15612&charge=2&value=10/18,sp|Q14669|TRIPC_HUMAN,/core/www/modules//consensus/?run_id=110202&search_id=114132&scans_id=110198&peptide_id=6800&scanf=15612&charge=2&value=sp|Q14669|TRIPC_HUMAN,2,/core/www/modules/match_peptides/blast_html4.php?run_id=110202&search_id=114132&scans_id=110198&peptide_id=6800&scanf=15612&charge=2&value=2,R.GEEVTLSNPK.G,/core/www/modules/show_out/show_out_wrapper.php?run_id=110202&search_id=114132&scans_id=110198&peptide_id=6800&scanf=15612&charge=2&value=R.GEEVTLSNPK.G,TRIP12,1.274e+7,3.215,0.002,2.726,0.000
15613,4,"  4.798","  0.589",20/114,/core/www/modules//sdig/index.php?run_id=110202&search_id=114132&scans_id=110198&peptide_id=6801&scanf=15613&charge=4&value=20/114,sp|Q69YN4|VIR_HUMAN,/core/www/modules//consensus/?run_id=110202&search_id=114132&scans_id=110198&peptide_id=6801&scanf=15613&charge=4&value=sp|Q69YN4|VIR_HUMAN,0,/core/www/modules/match_peptides/blast_html4.php?run_id=110202&search_id=114132&scans_id=110198&peptide_id=6801&scanf=15613&charge=4&value=0,K.TSSLPNHSEPDHDTDAGLER.T,/core/www/modules/show_out/show_out_wrapper.php?run_id=110202&search_id=114132&scans_id=110198&peptide_id=6801&scanf=15613&charge=4&value=K.TSSLPNHSEPDHDTDAGLER.T,VIRMA,8.253e+6,3.551,0.001,3.223,0.000
15614,2,"  2.199","  0.511",7/16,/core/www/modules//sdig/index.php?run_id=110202&search_id=114132&scans_id=110198&peptide_id=6802&scanf=15614&charge=2&value=7/16,sp|P18583|SON_HUMAN,/core/www/modules//consensus/?run_id=110202&search_id=114132&scans_id=110198&peptide_id=6802&scanf=15614&charge=2&value=sp|P18583|SON_HUMAN,1,/core/www/modules/match_peptides/blast_html4.php?run_id=110202&search_id=114132&scans_id=110198&peptide_id=6802&scanf=15614&charge=2&value=1,R.SMMSMGADR.S,/core/www/modules/show_out/show_out_wrapper.php?run_id=110202&search_id=114132&scans_id=110198&peptide_id=6802&scanf=15614&charge=2&value=R.SMMSMGADR.S,SON,1.080e+7,3.216,0.002,2.727,0.000
15615,4,"  2.118","  0.155",12/84,/core/www/modules//sdig/index.php?run_id=110202&search_id=114132&scans_id=110198&peptide_id=6803&scanf=15615&charge=4&value=12/84,sp|Q9UHD8|SEPT9_HUMAN,/core/www/modules//consensus/?run_id=110202&search_id=114132&scans_id=110198&peptide_id=6803&scanf=15615&charge=4&value=sp|Q9UHD8|SEPT9_HUMAN,3,/core/www/modules/match_peptides/blast_html4.php?run_id=110202&search_id=114132&scans_id=110198&peptide_id=6803&scanf=15615&charge=4&value=3,R.RTEITIVKPQESAHR.R,/core/www/modules/show_out/show_out_wrapper.php?run_id=110202&search_id=114132&scans_id=110198&peptide_id=6803&scanf=15615&charge=4&value=R.RTEITIVKPQESAHR.R,SEPTIN9,5.632e+6,1.840,0.171,0.768,0.009
15616,3,"  4.254","  0.548",17/60,/core/www/modules//sdig/index.php?run_id=110202&search_id=114132&scans_id=110198&peptide_id=6804&scanf=15616&charge=3&value=17/60,sp|P11388|TOP2A_HUMAN,/core/www/modules//consensus/?run_id=110202&search_id=114132&scans_id=110198&peptide_id=6804&scanf=15616&charge=3&value=sp|P11388|TOP2A_HUMAN,0,/core/www/modules/match_peptides/blast_html4.php?run_id=110202&search_id=114132&scans_id=110198&peptide_id=6804&scanf=15616&charge=3&value=0,R.DPALNSGVSQKPDPAK.T,/core/www/modules/show_out/show_out_wrapper.php?run_id=110202&search_id=114132&scans_id=110198&peptide_id=6804&scanf=15616&charge=3&value=R.DPALNSGVSQKPDPAK.T,TOP2A,5.944e+6,3.471,0.001,3.105,0.000
15617,2,"  2.046","  0.265",10/14,/core/www/modules//sdig/index.php?run_id=110202&search_id=114132&scans_id=110198&peptide_id=6805&scanf=15617&charge=2&value=10/14,sp|P13667|PDIA4_HUMAN,/core/www/modules//consensus/?run_id=110202&search_id=114132&scans_id=110198&peptide_id=6805&scanf=15617&charge=2&value=sp|P13667|PDIA4_HUMAN,2,/core/www/modules/match_peptides/blast_html4.php?run_id=110202&search_id=114132&scans_id=110198&peptide_id=6805&scanf=15617&charge=2&value=2,K.QFAPEYEK.I,/core/www/modules/show_out/show_out_wrapper.php?run_id=110202&search_id=114132&scans_id=110198&peptide_id=6805&scanf=15617&charge=2&value=K.QFAPEYEK.I,PDIA4,2.776e+9,2.702,0.011,1.970,0.000
15625,3,"  3.955","  0.418",11/52,/core/www/modules//sdig/index.php?run_id=110202&search_id=114132&scans_id=110198&peptide_id=6814&scanf=15625&charge=3&value=11/52,sp|Q9UIF9|BAZ2A_HUMAN,/core/www/modules//consensus/?run_id=110202&search_id=114132&scans_id=110198&peptide_id=6814&scanf=15625&charge=3&value=sp|Q9UIF9|BAZ2A_HUMAN,3,/core/www/modules/match_peptides/blast_html4.php?run_id=110202&search_id=114132&scans_id=110198&peptide_id=6814&scanf=15625&charge=3&value=3,K.LEAQETLNEEDKAK.I,/core/www/modules/show_out/show_out_wrapper.php?run_id=110202&search_id=114132&scans_id=110198&peptide_id=6814&scanf=15625&charge=3&value=K.LEAQETLNEEDKAK.I,BAZ2A,4.735e+7,2.582,0.016,1.793,0.000
15626,2,"  3.936","  0.556",17/22,/core/www/modules//sdig/index.php?run_id=110202&search_id=114132&scans_id=110198&peptide_id=6815&scanf=15626&charge=2&value=17/22,sp|Q9Y2X3|NOP58_HUMAN,/core/www/modules//consensus/?run_id=110202&search_id=114132&scans_id=110198&peptide_id=6815&scanf=15626&charge=2&value=sp|Q9Y2X3|NOP58_HUMAN,0,/core/www/modules/match_peptides/blast_html4.php?run_id=110202&search_id=114132&scans_id=110198&peptide_id=6815&scanf=15626&charge=2&value=0,K.EAHEPLAVADAK.L,/core/www/modules/show_out/show_out_wrapper.php?run_id=110202&search_id=114132&scans_id=110198&peptide_id=6815&scanf=15626&charge=2&value=K.EAHEPLAVADAK.L,NOP58,9.303e+7,3.789,0.000,3.576,0.000
15627,2,"  2.413","  0.389",9/18,/core/www/modules//sdig/index.php?run_id=110202&search_id=114132&scans_id=110198&peptide_id=6816&scanf=15627&charge=2&value=9/18,sp|Q08AM6|VAC14_HUMAN,/core/www/modules//consensus/?run_id=110202&search_id=114132&scans_id=110198&peptide_id=6816&scanf=15627&charge=2&value=sp|Q08AM6|VAC14_HUMAN,1,/core/www/modules/match_peptides/blast_html4.php?run_id=110202&search_id=114132&scans_id=110198&peptide_id=6816&scanf=15627&charge=2&value=1,K.LAADPDPNVK.S,/core/www/modules/show_out/show_out_wrapper.php?run_id=110202&search_id=114132&scans_id=110198&peptide_id=6816&scanf=15627&charge=2&value=K.LAADPDPNVK.S,VAC14,6.491e+6,2.631,0.014,1.865,0.000
15629,2,"  2.543","  0.497",10/14,/core/www/modules//sdig/index.php?run_id=110202&search_id=114132&scans_id=110198&peptide_id=6817&scanf=15629&charge=2&value=10/14,sp|P78527|PRKDC_HUMAN,/core/www/modules//consensus/?run_id=110202&search_id=114132&scans_id=110198&peptide_id=6817&scanf=15629&charge=2&value=sp|P78527|PRKDC_HUMAN,1,/core/www/modules/match_peptides/blast_html4.php?run_id=110202&search_id=114132&scans_id=110198&peptide_id=6817&scanf=15629&charge=2&value=1,R.TETVTSFR.K,/core/www/modules/show_out/show_out_wrapper.php?run_id=110202&search_id=114132&scans_id=110198&peptide_id=6817&scanf=15629&charge=2&value=R.TETVTSFR.K,PRKDC,2.361e+8,4.283,0.000,4.309,0.000
15630,2,"  2.321","  0.567",11/20,/core/www/modules//sdig/index.php?run_id=110202&search_id=114132&scans_id=110198&peptide_id=6819&scanf=15630&charge=2&value=11/20,sp|Q15366|PCBP2_HUMAN,/core/www/modules//consensus/?run_id=110202&search_id=114132&scans_id=110198&peptide_id=6819&scanf=15630&charge=2&value=sp|Q15366|PCBP2_HUMAN,4,/core/www/modules/match_peptides/blast_html4.php?run_id=110202&search_id=114132&scans_id=110198&peptide_id=6819&scanf=15630&charge=2&value=4,K.IANPVEGSTDR.Q,/core/www/modules/show_out/show_out_wrapper.php?run_id=110202&search_id=114132&scans_id=110198&peptide_id=6819&scanf=15630&charge=2&value=K.IANPVEGSTDR.Q,PCBP2,1.008e+8,3.362,0.001,2.943,0.000
15632,2,"  2.369","  0.465",10/18,/core/www/modules//sdig/index.php?run_id=110202&search_id=114132&scans_id=110198&peptide_id=6821&scanf=15632&charge=2&value=10/18,sp|Q9UNM6|PSD13_HUMAN,/core/www/modules//consensus/?run_id=110202&search_id=114132&scans_id=110198&peptide_id=6821&scanf=15632&charge=2&value=sp|Q9UNM6|PSD13_HUMAN,3,/core/www/modules/match_peptides/blast_html4.php?run_id=110202&search_id=114132&scans_id=110198&peptide_id=6821&scanf=15632&charge=2&value=3,K.DLPVSEQQER.A,/core/www/modules/show_out/show_out_wrapper.php?run_id=110202&search_id=114132&scans_id=110198&peptide_id=6821&scanf=15632&charge=2&value=K.DLPVSEQQER.A,PSMD13,3.122e+7,3.109,0.003,2.569,0.000
15633,2,"  2.058","  0.479",9/20,/core/www/modules//sdig/index.php?run_id=110202&search_id=114132&scans_id=110198&peptide_id=6822&scanf=15633&charge=2&value=9/20,sp|P54819|KAD2_HUMAN,/core/www/modules//consensus/?run_id=110202&search_id=114132&scans_id=110198&peptide_id=6822&scanf=15633&charge=2&value=sp|P54819|KAD2_HUMAN,4,/core/www/modules/match_peptides/blast_html4.php?run_id=110202&search_id=114132&scans_id=110198&peptide_id=6822&scanf=15633&charge=2&value=4,R.AMVASGSELGK.K,/core/www/modules/show_out/show_out_wrapper.php?run_id=110202&search_id=114132&scans_id=110198&peptide_id=6822&scanf=15633&charge=2&value=R.AMVASGSELGK.K,AK2,1.978e+7,2.720,0.010,1.996,0.000
15634,3,"  2.286","  0.344",12/36,/core/www/modules//sdig/index.php?run_id=110202&search_id=114132&scans_id=110198&peptide_id=6823&scanf=15634&charge=3&value=12/36,sp|Q9Y5L0|TNPO3_HUMAN,/core/www/modules//consensus/?run_id=110202&search_id=114132&scans_id=110198&peptide_id=6823&scanf=15634&charge=3&value=sp|Q9Y5L0|TNPO3_HUMAN,2,/core/www/modules/match_peptides/blast_html4.php?run_id=110202&search_id=114132&scans_id=110198&peptide_id=6823&scanf=15634&charge=3&value=2,R.LPETVHTAVR.Y,/core/www/modules/show_out/show_out_wrapper.php?run_id=110202&search_id=114132&scans_id=110198&peptide_id=6823&scanf=15634&charge=3&value=R.LPETVHTAVR.Y,TNPO3,1.041e+7,2.788,0.008,2.095,0.000
15636,3,"  2.242","  0.316",8/28,/core/www/modules//sdig/index.php?run_id=110202&search_id=114132&scans_id=110198&peptide_id=6825&scanf=15636&charge=3&value=8/28,sp|Q5JTH9|RRP12_HUMAN,/core/www/modules//consensus/?run_id=110202&search_id=114132&scans_id=110198&peptide_id=6825&scanf=15636&charge=3&value=sp|Q5JTH9|RRP12_HUMAN,0,/core/www/modules/match_peptides/blast_html4.php?run_id=110202&search_id=114132&scans_id=110198&peptide_id=6825&scanf=15636&charge=3&value=0,R.LLPEEYHR.V,/core/www/modules/show_out/show_out_wrapper.php?run_id=110202&search_id=114132&scans_id=110198&peptide_id=6825&scanf=15636&charge=3&value=R.LLPEEYHR.V,RRP12,4.659e+7,2.777,0.008,2.080,0.000
15638,2,"  4.353","  0.703",18/28,/core/www/modules//sdig/index.php?run_id=110202&search_id=114132&scans_id=110198&peptide_id=6827&scanf=15638&charge=2&value=18/28,sp|P35580|MYH10_HUMAN,/core/www/modules//consensus/?run_id=110202&search_id=114132&scans_id=110198&peptide_id=6827&scanf=15638&charge=2&value=sp|P35580|MYH10_HUMAN,1,/core/www/modules/match_peptides/blast_html4.php?run_id=110202&search_id=114132&scans_id=110198&peptide_id=6827&scanf=15638&charge=2&value=1,R.NTDQASMPENTVAQK.L,/core/www/modules/show_out/show_out_wrapper.php?run_id=110202&search_id=114132&scans_id=110198&peptide_id=6827&scanf=15638&charge=2&value=R.NTDQASMPENTVAQK.L,MYH10,6.318e+6,3.991,0.000,3.877,0.000
15639,2,"  1.966","  0.295",7/14,/core/www/modules//sdig/index.php?run_id=110202&search_id=114132&scans_id=110198&peptide_id=6828&scanf=15639&charge=2&value=7/14,sp|Q03701|CEBPZ_HUMAN,/core/www/modules//consensus/?run_id=110202&search_id=114132&scans_id=110198&peptide_id=6828&scanf=15639&charge=2&value=sp|Q03701|CEBPZ_HUMAN,0,/core/www/modules/match_peptides/blast_html4.php?run_id=110202&search_id=114132&scans_id=110198&peptide_id=6828&scanf=15639&charge=2&value=0,K.EPLEFHAK.R,/core/www/modules/show_out/show_out_wrapper.php?run_id=110202&search_id=114132&scans_id=110198&peptide_id=6828&scanf=15639&charge=2&value=K.EPLEFHAK.R,CEBPZ,4.404e+6,2.400,0.030,1.529,0.001
15641,2,"  1.552","  0.173",8/18,/core/www/modules//sdig/index.php?run_id=110202&search_id=114132&scans_id=110198&peptide_id=6831&scanf=15641&charge=2&value=8/18,sp|Q9H6W3|RIOX1_HUMAN,/core/www/modules//consensus/?run_id=110202&search_id=114132&scans_id=110198&peptide_id=6831&scanf=15641&charge=2&value=sp|Q9H6W3|RIOX1_HUMAN,0,/core/www/modules/match_peptides/blast_html4.php?run_id=110202&search_id=114132&scans_id=110198&peptide_id=6831&scanf=15641&charge=2&value=0,R.LVPASAPPAR.L,/core/www/modules/show_out/show_out_wrapper.php?run_id=110202&search_id=114132&scans_id=110198&peptide_id=6831&scanf=15641&charge=2&value=R.LVPASAPPAR.L,RIOX1,2.785e+7,1.921,0.135,0.869,0.007
15643,2,"  2.808","  0.465",11/18,/core/www/modules//sdig/index.php?run_id=110202&search_id=114132&scans_id=110198&peptide_id=6833&scanf=15643&charge=2&value=11/18,sp|Q15149|PLEC_HUMAN,/core/www/modules//consensus/?run_id=110202&search_id=114132&scans_id=110198&peptide_id=6833&scanf=15643&charge=2&value=sp|Q15149|PLEC_HUMAN,5,/core/www/modules/match_peptides/blast_html4.php?run_id=110202&search_id=114132&scans_id=110198&peptide_id=6833&scanf=15643&charge=2&value=5,R.RPELEDSTLR.Y,/core/www/modules/show_out/show_out_wrapper.php?run_id=110202&search_id=114132&scans_id=110198&peptide_id=6833&scanf=15643&charge=2&value=R.RPELEDSTLR.Y,PLEC,9.333e+6,3.595,0.001,3.288,0.000
15645,3,"  3.143","  0.442",15/44,/core/www/modules//sdig/index.php?run_id=110202&search_id=114132&scans_id=110198&peptide_id=6835&scanf=15645&charge=3&value=15/44,sp|Q9BQ75|CMS1_HUMAN,/core/www/modules//consensus/?run_id=110202&search_id=114132&scans_id=110198&peptide_id=6835&scanf=15645&charge=3&value=sp|Q9BQ75|CMS1_HUMAN,1,/core/www/modules/match_peptides/blast_html4.php?run_id=110202&search_id=114132&scans_id=110198&peptide_id=6835&scanf=15645&charge=3&value=1,K.RVVHLGVGTPGR.I,/core/www/modules/show_out/show_out_wrapper.php?run_id=110202&search_id=114132&scans_id=110198&peptide_id=6835&scanf=15645&charge=3&value=K.RVVHLGVGTPGR.I,CMSS1,7.764e+6,2.814,0.007,2.133,0.000
15647,2,"  2.227","  0.372",10/18,/core/www/modules//sdig/index.php?run_id=110202&search_id=114132&scans_id=110198&peptide_id=6837&scanf=15647&charge=2&value=10/18,sp|Q01780|EXOSX_HUMAN,/core/www/modules//consensus/?run_id=110202&search_id=114132&scans_id=110198&peptide_id=6837&scanf=15647&charge=2&value=sp|Q01780|EXOSX_HUMAN,0,/core/www/modules/match_peptides/blast_html4.php?run_id=110202&search_id=114132&scans_id=110198&peptide_id=6837&scanf=15647&charge=2&value=0,R.QQVVLENAAK.K,/core/www/modules/show_out/show_out_wrapper.php?run_id=110202&search_id=114132&scans_id=110198&peptide_id=6837&scanf=15647&charge=2&value=R.QQVVLENAAK.K,EXOSC10,7.935e+6,2.608,0.015,1.832,0.000
15650,2,"  1.117","  0.151",6/14,/core/www/modules//sdig/index.php?run_id=110202&search_id=114132&scans_id=110198&peptide_id=6840&scanf=15650&charge=2&value=6/14,sp|P18583|SON_HUMAN,/core/www/modules//consensus/?run_id=110202&search_id=114132&scans_id=110198&peptide_id=6840&scanf=15650&charge=2&value=sp|P18583|SON_HUMAN,2,/core/www/modules/match_peptides/blast_html4.php?run_id=110202&search_id=114132&scans_id=110198&peptide_id=6840&scanf=15650&charge=2&value=2,R.SMMSAYER.S,/core/www/modules/show_out/show_out_wrapper.php?run_id=110202&search_id=114132&scans_id=110198&peptide_id=6840&scanf=15650&charge=2&value=R.SMMSAYER.S,SON,5.744e+7,1.986,0.111,0.953,0.005
15652,3,"  2.822","  0.299",14/44,/core/www/modules//sdig/index.php?run_id=110202&search_id=114132&scans_id=110198&peptide_id=6842&scanf=15652&charge=3&value=14/44,sp|Q9NUQ8|ABCF3_HUMAN,/core/www/modules//consensus/?run_id=110202&search_id=114132&scans_id=110198&peptide_id=6842&scanf=15652&charge=3&value=sp|Q9NUQ8|ABCF3_HUMAN,0,/core/www/modules/match_peptides/blast_html4.php?run_id=110202&search_id=114132&scans_id=110198&peptide_id=6842&scanf=15652&charge=3&value=0,K.LEEIEADKAPAR.A,/core/www/modules/show_out/show_out_wrapper.php?run_id=110202&search_id=114132&scans_id=110198&peptide_id=6842&scanf=15652&charge=3&value=K.LEEIEADKAPAR.A,ABCF3,5.619e+6,2.281,0.044,1.359,0.001
15654,2,"  4.517","  0.495",16/26,/core/www/modules//sdig/index.php?run_id=110202&search_id=114132&scans_id=110198&peptide_id=6844&scanf=15654&charge=2&value=16/26,sp|P63104|1433Z_HUMAN,/core/www/modules//consensus/?run_id=110202&search_id=114132&scans_id=110198&peptide_id=6844&scanf=15654&charge=2&value=sp|P63104|1433Z_HUMAN,6,/core/www/modules/match_peptides/blast_html4.php?run_id=110202&search_id=114132&scans_id=110198&peptide_id=6844&scanf=15654&charge=2&value=6,K.SVTEQGAELSNEER.N,/core/www/modules/show_out/show_out_wrapper.php?run_id=110202&search_id=114132&scans_id=110198&peptide_id=6844&scanf=15654&charge=2&value=K.SVTEQGAELSNEER.N,YWHAZ,1.424e+8,3.276,0.002,2.817,0.000
15655,3,"  2.668","  0.421",13/32,/core/www/modules//sdig/index.php?run_id=110202&search_id=114132&scans_id=110198&peptide_id=6845&scanf=15655&charge=3&value=13/32,sp|O60264|SMCA5_HUMAN,/core/www/modules//consensus/?run_id=110202&search_id=114132&scans_id=110198&peptide_id=6845&scanf=15655&charge=3&value=sp|O60264|SMCA5_HUMAN,3,/core/www/modules/match_peptides/blast_html4.php?run_id=110202&search_id=114132&scans_id=110198&peptide_id=6845&scanf=15655&charge=3&value=3,R.YKAPFHQLR.I,/core/www/modules/show_out/show_out_wrapper.php?run_id=110202&search_id=114132&scans_id=110198&peptide_id=6845&scanf=15655&charge=3&value=R.YKAPFHQLR.I,SMARCA5,1.572e+7,3.164,0.002,2.650,0.000
15656,2,"  1.602","  0.094",7/12,/core/www/modules//sdig/index.php?run_id=110202&search_id=114132&scans_id=110198&peptide_id=6846&scanf=15656&charge=2&value=7/12,sp|P63208|SKP1_HUMAN,/core/www/modules//consensus/?run_id=110202&search_id=114132&scans_id=110198&peptide_id=6846&scanf=15656&charge=2&value=sp|P63208|SKP1_HUMAN,4,/core/www/modules/match_peptides/blast_html4.php?run_id=110202&search_id=114132&scans_id=110198&peptide_id=6846&scanf=15656&charge=2&value=4,K.TVANMIK.G,/core/www/modules/show_out/show_out_wrapper.php?run_id=110202&search_id=114132&scans_id=110198&peptide_id=6846&scanf=15656&charge=2&value=K.TVANMIK.G,SKP1,1.357e+7,1.917,0.137,0.864,0.007
15659,3,"  3.390","  0.518",17/52,/core/www/modules//sdig/index.php?run_id=110202&search_id=114132&scans_id=110198&peptide_id=6849&scanf=15659&charge=3&value=17/52,sp|O00566|MPP10_HUMAN,/core/www/modules//consensus/?run_id=110202&search_id=114132&scans_id=110198&peptide_id=6849&scanf=15659&charge=3&value=sp|O00566|MPP10_HUMAN,1,/core/www/modules/match_peptides/blast_html4.php?run_id=110202&search_id=114132&scans_id=110198&peptide_id=6849&scanf=15659&charge=3&value=1,K.TAEEENPEHVEIQK.M,/core/www/modules/show_out/show_out_wrapper.php?run_id=110202&search_id=114132&scans_id=110198&peptide_id=6849&scanf=15659&charge=3&value=K.TAEEENPEHVEIQK.M,MPHOSPH10,1.309e+7,3.277,0.002,2.818,0.000
15661,2,"  3.037","  0.448",13/30,/core/www/modules//sdig/index.php?run_id=110202&search_id=114132&scans_id=110198&peptide_id=6852&scanf=15661&charge=2&value=13/30,sp|Q9UHB7|AFF4_HUMAN,/core/www/modules//consensus/?run_id=110202&search_id=114132&scans_id=110198&peptide_id=6852&scanf=15661&charge=2&value=sp|Q9UHB7|AFF4_HUMAN,0,/core/www/modules/match_peptides/blast_html4.php?run_id=110202&search_id=114132&scans_id=110198&peptide_id=6852&scanf=15661&charge=2&value=0,K.NSYNNSQAPSPGLGSK.A,/core/www/modules/show_out/show_out_wrapper.php?run_id=110202&search_id=114132&scans_id=110198&peptide_id=6852&scanf=15661&charge=2&value=K.NSYNNSQAPSPGLGSK.A,AFF4,3.913e+6,2.630,0.014,1.864,0.000
15662,2,"  2.714","  0.435",11/16,/core/www/modules//sdig/index.php?run_id=110202&search_id=114132&scans_id=110198&peptide_id=6853&scanf=15662&charge=2&value=11/16,sp|O95696|BRD1_HUMAN,/core/www/modules//consensus/?run_id=110202&search_id=114132&scans_id=110198&peptide_id=6853&scanf=15662&charge=2&value=sp|O95696|BRD1_HUMAN,1,/core/www/modules/match_peptides/blast_html4.php?run_id=110202&search_id=114132&scans_id=110198&peptide_id=6853&scanf=15662&charge=2&value=1,R.IANQVAIQR.K,/core/www/modules/show_out/show_out_wrapper.php?run_id=110202&search_id=114132&scans_id=110198&peptide_id=6853&scanf=15662&charge=2&value=R.IANQVAIQR.K,BRD1,6.771e+6,3.156,0.002,2.638,0.000
15663,2,"  2.846","  0.523",13/22,/core/www/modules//sdig/index.php?run_id=110202&search_id=114132&scans_id=110198&peptide_id=6854&scanf=15663&charge=2&value=13/22,sp|Q13813|SPTN1_HUMAN,/core/www/modules//consensus/?run_id=110202&search_id=114132&scans_id=110198&peptide_id=6854&scanf=15663&charge=2&value=sp|Q13813|SPTN1_HUMAN,2,/core/www/modules/match_peptides/blast_html4.php?run_id=110202&search_id=114132&scans_id=110198&peptide_id=6854&scanf=15663&charge=2&value=2,R.SQLLGSAHEVQR.F,/core/www/modules/show_out/show_out_wrapper.php?run_id=110202&search_id=114132&scans_id=110198&peptide_id=6854&scanf=15663&charge=2&value=R.SQLLGSAHEVQR.F,SPTAN1,1.841e+7,3.393,0.001,2.989,0.000
15667,2,"  2.631","  0.266",10/22,/core/www/modules//sdig/index.php?run_id=110202&search_id=114132&scans_id=110198&peptide_id=6858&scanf=15667&charge=2&value=10/22,sp|Q13619|CUL4A_HUMAN,/core/www/modules//consensus/?run_id=110202&search_id=114132&scans_id=110198&peptide_id=6858&scanf=15667&charge=2&value=sp|Q13619|CUL4A_HUMAN,1,/core/www/modules/match_peptides/blast_html4.php?run_id=110202&search_id=114132&scans_id=110198&peptide_id=6858&scanf=15667&charge=2&value=1,K.ETVEEQVSTTER.V,/core/www/modules/show_out/show_out_wrapper.php?run_id=110202&search_id=114132&scans_id=110198&peptide_id=6858&scanf=15667&charge=2&value=K.ETVEEQVSTTER.V,CUL4A,3.980e+6,2.140,0.069,1.163,0.002
15668,3,"  4.846","  0.441",14/44,/core/www/modules//sdig/index.php?run_id=110202&search_id=114132&scans_id=110198&peptide_id=6859&scanf=15668&charge=3&value=14/44,sp|P35580|MYH10_HUMAN,/core/www/modules//consensus/?run_id=110202&search_id=114132&scans_id=110198&peptide_id=6859&scanf=15668&charge=3&value=sp|P35580|MYH10_HUMAN,1,/core/www/modules/match_peptides/blast_html4.php?run_id=110202&search_id=114132&scans_id=110198&peptide_id=6859&scanf=15668&charge=3&value=1,K.KLDAQVQELHAK.V,/core/www/modules/show_out/show_out_wrapper.php?run_id=110202&search_id=114132&scans_id=110198&peptide_id=6859&scanf=15668&charge=3&value=K.KLDAQVQELHAK.V,MYH10,8.066e+6,2.994,0.004,2.400,0.000
15669,2,"  1.491","  0.122",9/18,/core/www/modules//sdig/index.php?run_id=110202&search_id=114132&scans_id=110198&peptide_id=6860&scanf=15669&charge=2&value=9/18,sp|P13639|EF2_HUMAN,/core/www/modules//consensus/?run_id=110202&search_id=114132&scans_id=110198&peptide_id=6860&scanf=15669&charge=2&value=sp|P13639|EF2_HUMAN,0,/core/www/modules/match_peptides/blast_html4.php?run_id=110202&search_id=114132&scans_id=110198&peptide_id=6860&scanf=15669&charge=2&value=0,R.IM*GPNYTPGK.K,/core/www/modules/show_out/show_out_wrapper.php?run_id=110202&search_id=114132&scans_id=110198&peptide_id=6860&scanf=15669&charge=2&value=R.IM*GPNYTPGK.K,EEF2,6.992e+6,1.895,0.146,0.836,0.007
15672,3,"  3.246","  0.542",16/48,/core/www/modules//sdig/index.php?run_id=110202&search_id=114132&scans_id=110198&peptide_id=6863&scanf=15672&charge=3&value=16/48,sp|E9PRG8|CK098_HUMAN,/core/www/modules//consensus/?run_id=110202&search_id=114132&scans_id=110198&peptide_id=6863&scanf=15672&charge=3&value=sp|E9PRG8|CK098_HUMAN,0,/core/www/modules/match_peptides/blast_html4.php?run_id=110202&search_id=114132&scans_id=110198&peptide_id=6863&scanf=15672&charge=3&value=0,K.TAMEVEAPSKPAR.T,/core/www/modules/show_out/show_out_wrapper.php?run_id=110202&search_id=114132&scans_id=110198&peptide_id=6863&scanf=15672&charge=3&value=K.TAMEVEAPSKPAR.T,C11orf98,1.609e+7,3.377,0.001,2.966,0.000
15681,2,"  4.544","  0.567",20/22,/core/www/modules//sdig/index.php?run_id=110202&search_id=114132&scans_id=110198&peptide_id=6873&scanf=15681&charge=2&value=20/22,sp|P10412|H14_HUMAN,/core/www/modules//consensus/?run_id=110202&search_id=114132&scans_id=110198&peptide_id=6873&scanf=15681&charge=2&value=sp|P10412|H14_HUMAN,4,/core/www/modules/match_peptides/blast_html4.php?run_id=110202&search_id=114132&scans_id=110198&peptide_id=6873&scanf=15681&charge=2&value=4,K.KALAAAGYDVEK.N,/core/www/modules/show_out/show_out_wrapper.php?run_id=110202&search_id=114132&scans_id=110198&peptide_id=6873&scanf=15681&charge=2&value=K.KALAAAGYDVEK.N,H1-4,1.505e+7,3.712,0.000,3.463,0.000
15684,3,"  4.729","  0.490",11/68,/core/www/modules//sdig/index.php?run_id=110202&search_id=114132&scans_id=110198&peptide_id=6876&scanf=15684&charge=3&value=11/68,sp|Q8IX18|DHX40_HUMAN,/core/www/modules//consensus/?run_id=110202&search_id=114132&scans_id=110198&peptide_id=6876&scanf=15684&charge=3&value=sp|Q8IX18|DHX40_HUMAN,0,/core/www/modules/match_peptides/blast_html4.php?run_id=110202&search_id=114132&scans_id=110198&peptide_id=6876&scanf=15684&charge=3&value=0,R.GSPVHIHPSSALHEQETK.L,/core/www/modules/show_out/show_out_wrapper.php?run_id=110202&search_id=114132&scans_id=110198&peptide_id=6876&scanf=15684&charge=3&value=R.GSPVHIHPSSALHEQETK.L,DHX40,5.268e+6,2.839,0.007,2.170,0.000
15686,2,"  1.570","  0.234",7/16,/core/www/modules//sdig/index.php?run_id=110202&search_id=114132&scans_id=110198&peptide_id=6878&scanf=15686&charge=2&value=7/16,tr|K7EJE8|K7EJE8_HUMAN,/core/www/modules//consensus/?run_id=110202&search_id=114132&scans_id=110198&peptide_id=6878&scanf=15686&charge=2&value=tr|K7EJE8|K7EJE8_HUMAN,3,/core/www/modules/match_peptides/blast_html4.php?run_id=110202&search_id=114132&scans_id=110198&peptide_id=6878&scanf=15686&charge=2&value=3,R.TYVGAMPGK.I,/core/www/modules/show_out/show_out_wrapper.php?run_id=110202&search_id=114132&scans_id=110198&peptide_id=6878&scanf=15686&charge=2&value=R.TYVGAMPGK.I,LONP1,8.625e+6,2.087,0.081,1.090,0.003
15690,3,"  4.028","  0.624",15/48,/core/www/modules//sdig/index.php?run_id=110202&search_id=114132&scans_id=110198&peptide_id=6883&scanf=15690&charge=3&value=15/48,sp|Q15149|PLEC_HUMAN,/core/www/modules//consensus/?run_id=110202&search_id=114132&scans_id=110198&peptide_id=6883&scanf=15690&charge=3&value=sp|Q15149|PLEC_HUMAN,5,/core/www/modules/match_peptides/blast_html4.php?run_id=110202&search_id=114132&scans_id=110198&peptide_id=6883&scanf=15690&charge=3&value=5,K.DTHDQLSEPSEVR.S,/core/www/modules/show_out/show_out_wrapper.php?run_id=110202&search_id=114132&scans_id=110198&peptide_id=6883&scanf=15690&charge=3&value=K.DTHDQLSEPSEVR.S,PLEC,3.666e+7,4.234,0.000,4.237,0.000
15692,3,"  2.219","  0.240",11/32,/core/www/modules//sdig/index.php?run_id=110202&search_id=114132&scans_id=110198&peptide_id=6884&scanf=15692&charge=3&value=11/32,sp|Q8WXX5|DNJC9_HUMAN,/core/www/modules//consensus/?run_id=110202&search_id=114132&scans_id=110198&peptide_id=6884&scanf=15692&charge=3&value=sp|Q8WXX5|DNJC9_HUMAN,0,/core/www/modules/match_peptides/blast_html4.php?run_id=110202&search_id=114132&scans_id=110198&peptide_id=6884&scanf=15692&charge=3&value=0,K.VSLQVHPDR.V,/core/www/modules/show_out/show_out_wrapper.php?run_id=110202&search_id=114132&scans_id=110198&peptide_id=6884&scanf=15692&charge=3&value=K.VSLQVHPDR.V,DNAJC9,2.327e+7,2.456,0.024,1.611,0.001
15693,3,"  2.599","  0.447",16/60,/core/www/modules//sdig/index.php?run_id=110202&search_id=114132&scans_id=110198&peptide_id=6885&scanf=15693&charge=3&value=16/60,sp|Q12906|ILF3_HUMAN,/core/www/modules//consensus/?run_id=110202&search_id=114132&scans_id=110198&peptide_id=6885&scanf=15693&charge=3&value=sp|Q12906|ILF3_HUMAN,1,/core/www/modules/match_peptides/blast_html4.php?run_id=110202&search_id=114132&scans_id=110198&peptide_id=6885&scanf=15693&charge=3&value=1,K.SIGTANRPM*GAGEALR.R,/core/www/modules/show_out/show_out_wrapper.php?run_id=110202&search_id=114132&scans_id=110198&peptide_id=6885&scanf=15693&charge=3&value=K.SIGTANRPM*GAGEALR.R,ILF3,6.201e+7,3.021,0.004,2.439,0.000
15700,2,"  3.036","  0.673",15/22,/core/www/modules//sdig/index.php?run_id=110202&search_id=114132&scans_id=110198&peptide_id=6893&scanf=15700&charge=2&value=15/22,sp|Q96T37|RBM15_HUMAN,/core/www/modules//consensus/?run_id=110202&search_id=114132&scans_id=110198&peptide_id=6893&scanf=15700&charge=2&value=sp|Q96T37|RBM15_HUMAN,3,/core/www/modules/match_peptides/blast_html4.php?run_id=110202&search_id=114132&scans_id=110198&peptide_id=6893&scanf=15700&charge=2&value=3,R.EVDEISPEDDQR.A,/core/www/modules/show_out/show_out_wrapper.php?run_id=110202&search_id=114132&scans_id=110198&peptide_id=6893&scanf=15700&charge=2&value=R.EVDEISPEDDQR.A,RBM15,1.016e+7,3.830,0.000,3.638,0.000
15701,2,"  2.108","  0.209",7/14,/core/www/modules//sdig/index.php?run_id=110202&search_id=114132&scans_id=110198&peptide_id=6894&scanf=15701&charge=2&value=7/14,sp|Q9UQ35|SRRM2_HUMAN,/core/www/modules//consensus/?run_id=110202&search_id=114132&scans_id=110198&peptide_id=6894&scanf=15701&charge=2&value=sp|Q9UQ35|SRRM2_HUMAN,2,/core/www/modules/match_peptides/blast_html4.php?run_id=110202&search_id=114132&scans_id=110198&peptide_id=6894&scanf=15701&charge=2&value=2,R.RLEAALVK.R,/core/www/modules/show_out/show_out_wrapper.php?run_id=110202&search_id=114132&scans_id=110198&peptide_id=6894&scanf=15701&charge=2&value=R.RLEAALVK.R,SRRM2,2.757e+7,2.017,0.101,0.994,0.005
15703,3,"  4.407","  0.364",15/56,/core/www/modules//sdig/index.php?run_id=110202&search_id=114132&scans_id=110198&peptide_id=6896&scanf=15703&charge=3&value=15/56,sp|O75448|MED24_HUMAN,/core/www/modules//consensus/?run_id=110202&search_id=114132&scans_id=110198&peptide_id=6896&scanf=15703&charge=3&value=sp|O75448|MED24_HUMAN,8,/core/www/modules/match_peptides/blast_html4.php?run_id=110202&search_id=114132&scans_id=110198&peptide_id=6896&scanf=15703&charge=3&value=8,R.LREGLEAGTPAAGEK.Q,/core/www/modules/show_out/show_out_wrapper.php?run_id=110202&search_id=114132&scans_id=110198&peptide_id=6896&scanf=15703&charge=3&value=R.LREGLEAGTPAAGEK.Q,MED24,9.540e+6,2.451,0.025,1.603,0.001
15709,2,"  1.610","  0.196",6/14,/core/www/modules//sdig/index.php?run_id=110202&search_id=114132&scans_id=110198&peptide_id=6902&scanf=15709&charge=2&value=6/14,sp|Q14739|LBR_HUMAN,/core/www/modules//consensus/?run_id=110202&search_id=114132&scans_id=110198&peptide_id=6902&scanf=15709&charge=2&value=sp|Q14739|LBR_HUMAN,3,/core/www/modules/match_peptides/blast_html4.php?run_id=110202&search_id=114132&scans_id=110198&peptide_id=6902&scanf=15709&charge=2&value=3,K.FADGEVVR.G,/core/www/modules/show_out/show_out_wrapper.php?run_id=110202&search_id=114132&scans_id=110198&peptide_id=6902&scanf=15709&charge=2&value=K.FADGEVVR.G,LBR,2.184e+7,1.999,0.107,0.970,0.005
15713,2,"  1.778","  0.509",9/16,/core/www/modules//sdig/index.php?run_id=110202&search_id=114132&scans_id=110198&peptide_id=6906&scanf=15713&charge=2&value=9/16,sp|Q6P2Q9|PRP8_HUMAN,/core/www/modules//consensus/?run_id=110202&search_id=114132&scans_id=110198&peptide_id=6906&scanf=15713&charge=2&value=sp|Q6P2Q9|PRP8_HUMAN,0,/core/www/modules/match_peptides/blast_html4.php?run_id=110202&search_id=114132&scans_id=110198&peptide_id=6906&scanf=15713&charge=2&value=0,R.SLPVEEQPK.Q,/core/www/modules/show_out/show_out_wrapper.php?run_id=110202&search_id=114132&scans_id=110198&peptide_id=6906&scanf=15713&charge=2&value=R.SLPVEEQPK.Q,PRPF8,5.422e+7,3.531,0.001,3.195,0.000
15715,4,"  5.560","  0.566",19/90,/core/www/modules//sdig/index.php?run_id=110202&search_id=114132&scans_id=110198&peptide_id=6908&scanf=15715&charge=4&value=19/90,sp|Q9NVN8|GNL3L_HUMAN,/core/www/modules//consensus/?run_id=110202&search_id=114132&scans_id=110198&peptide_id=6908&scanf=15715&charge=4&value=sp|Q9NVN8|GNL3L_HUMAN,3,/core/www/modules/match_peptides/blast_html4.php?run_id=110202&search_id=114132&scans_id=110198&peptide_id=6908&scanf=15715&charge=4&value=3,K.VPSAPHFVHPNDHANR.E,/core/www/modules/show_out/show_out_wrapper.php?run_id=110202&search_id=114132&scans_id=110198&peptide_id=6908&scanf=15715&charge=4&value=K.VPSAPHFVHPNDHANR.E,GNL3L,1.725e+7,3.786,0.000,3.572,0.000
15719,2,"  4.211","  0.774",20/30,/core/www/modules//sdig/index.php?run_id=110202&search_id=114132&scans_id=110198&peptide_id=6912&scanf=15719&charge=2&value=20/30,sp|P31943|HNRH1_HUMAN,/core/www/modules//consensus/?run_id=110202&search_id=114132&scans_id=110198&peptide_id=6912&scanf=15719&charge=2&value=sp|P31943|HNRH1_HUMAN,16,/core/www/modules/match_peptides/blast_html4.php?run_id=110202&search_id=114132&scans_id=110198&peptide_id=6912&scanf=15719&charge=2&value=16,K.HTGPNSPDTANDGFVR.L,/core/www/modules/show_out/show_out_wrapper.php?run_id=110202&search_id=114132&scans_id=110198&peptide_id=6912&scanf=15719&charge=2&value=K.HTGPNSPDTANDGFVR.L,HNRNPH1,8.412e+7,4.227,0.000,4.227,0.000
15720,3,"  3.201","  0.196",13/52,/core/www/modules//sdig/index.php?run_id=110202&search_id=114132&scans_id=110198&peptide_id=6914&scanf=15720&charge=3&value=13/52,sp|O94888|UBXN7_HUMAN,/core/www/modules//consensus/?run_id=110202&search_id=114132&scans_id=110198&peptide_id=6914&scanf=15720&charge=3&value=sp|O94888|UBXN7_HUMAN,1,/core/www/modules/match_peptides/blast_html4.php?run_id=110202&search_id=114132&scans_id=110198&peptide_id=6914&scanf=15720&charge=3&value=1,R.ASLQETHFDSTQTK.Q,/core/www/modules/show_out/show_out_wrapper.php?run_id=110202&search_id=114132&scans_id=110198&peptide_id=6914&scanf=15720&charge=3&value=R.ASLQETHFDSTQTK.Q,UBXN7,6.415e+6,1.938,0.128,0.891,0.006
15721,3,"  3.398","  0.529",16/52,/core/www/modules//sdig/index.php?run_id=110202&search_id=114132&scans_id=110198&peptide_id=6915&scanf=15721&charge=3&value=16/52,sp|Q96PK6|RBM14_HUMAN,/core/www/modules//consensus/?run_id=110202&search_id=114132&scans_id=110198&peptide_id=6915&scanf=15721&charge=3&value=sp|Q96PK6|RBM14_HUMAN,4,/core/www/modules/match_peptides/blast_html4.php?run_id=110202&search_id=114132&scans_id=110198&peptide_id=6915&scanf=15721&charge=3&value=4,R.AIEALHGHELRPGR.A,/core/www/modules/show_out/show_out_wrapper.php?run_id=110202&search_id=114132&scans_id=110198&peptide_id=6915&scanf=15721&charge=3&value=R.AIEALHGHELRPGR.A,RBM14,4.432e+7,3.318,0.001,2.879,0.000
15722,3,"  3.268","  0.487",13/40,/core/www/modules//sdig/index.php?run_id=110202&search_id=114132&scans_id=110198&peptide_id=6916&scanf=15722&charge=3&value=13/40,sp|P62750|RL23A_HUMAN,/core/www/modules//consensus/?run_id=110202&search_id=114132&scans_id=110198&peptide_id=6916&scanf=15722&charge=3&value=sp|P62750|RL23A_HUMAN,5,/core/www/modules/match_peptides/blast_html4.php?run_id=110202&search_id=114132&scans_id=110198&peptide_id=6916&scanf=15722&charge=3&value=5,K.VNTLIRPDGEK.K,/core/www/modules/show_out/show_out_wrapper.php?run_id=110202&search_id=114132&scans_id=110198&peptide_id=6916&scanf=15722&charge=3&value=K.VNTLIRPDGEK.K,RPL23A,3.117e+8,3.279,0.002,2.821,0.000
15724,2,"  1.165","  0.167",6/12,/core/www/modules//sdig/index.php?run_id=110202&search_id=114132&scans_id=110198&peptide_id=6918&scanf=15724&charge=2&value=6/12,sp|O00571|DDX3X_HUMAN,/core/www/modules//consensus/?run_id=110202&search_id=114132&scans_id=110198&peptide_id=6918&scanf=15724&charge=2&value=sp|O00571|DDX3X_HUMAN,20,/core/www/modules/match_peptides/blast_html4.php?run_id=110202&search_id=114132&scans_id=110198&peptide_id=6918&scanf=15724&charge=2&value=20,R.YIPPHLR.N,/core/www/modules/show_out/show_out_wrapper.php?run_id=110202&search_id=114132&scans_id=110198&peptide_id=6918&scanf=15724&charge=2&value=R.YIPPHLR.N,DDX3X,1.188e+7,2.135,0.070,1.155,0.002
15727,3,"  2.101","  0.206",12/48,/core/www/modules//sdig/index.php?run_id=110202&search_id=114132&scans_id=110198&peptide_id=6921&scanf=15727&charge=3&value=12/48,sp|P12814|ACTN1_HUMAN,/core/www/modules//consensus/?run_id=110202&search_id=114132&scans_id=110198&peptide_id=6921&scanf=15727&charge=3&value=sp|P12814|ACTN1_HUMAN,10,/core/www/modules/match_peptides/blast_html4.php?run_id=110202&search_id=114132&scans_id=110198&peptide_id=6921&scanf=15727&charge=3&value=10,R.LSNRPAFM*PSEGR.M,/core/www/modules/show_out/show_out_wrapper.php?run_id=110202&search_id=114132&scans_id=110198&peptide_id=6921&scanf=15727&charge=3&value=R.LSNRPAFM*PSEGR.M,ACTN1,5.212e+6,2.193,0.058,1.236,0.002
15729,2,"  3.610","  0.519",17/26,/core/www/modules//sdig/index.php?run_id=110202&search_id=114132&scans_id=110198&peptide_id=6923&scanf=15729&charge=2&value=17/26,sp|P43243|MATR3_HUMAN,/core/www/modules//consensus/?run_id=110202&search_id=114132&scans_id=110198&peptide_id=6923&scanf=15729&charge=2&value=sp|P43243|MATR3_HUMAN,11,/core/www/modules/match_peptides/blast_html4.php?run_id=110202&search_id=114132&scans_id=110198&peptide_id=6923&scanf=15729&charge=2&value=11,R.GNLGAGNGNLQGPR.H,/core/www/modules/show_out/show_out_wrapper.php?run_id=110202&search_id=114132&scans_id=110198&peptide_id=6923&scanf=15729&charge=2&value=R.GNLGAGNGNLQGPR.H,MATR3,1.841e+7,3.339,0.001,2.909,0.000
15734,4,"  2.034","  0.279",12/84,/core/www/modules//sdig/index.php?run_id=110202&search_id=114132&scans_id=110198&peptide_id=6927&scanf=15734&charge=4&value=12/84,sp|Q13330|MTA1_HUMAN,/core/www/modules//consensus/?run_id=110202&search_id=114132&scans_id=110198&peptide_id=6927&scanf=15734&charge=4&value=sp|Q13330|MTA1_HUMAN,3,/core/www/modules/match_peptides/blast_html4.php?run_id=110202&search_id=114132&scans_id=110198&peptide_id=6927&scanf=15734&charge=4&value=3,R.YLETHPRPPKPDPVK.S,/core/www/modules/show_out/show_out_wrapper.php?run_id=110202&search_id=114132&scans_id=110198&peptide_id=6927&scanf=15734&charge=4&value=R.YLETHPRPPKPDPVK.S,MTA1,3.926e+7,2.632,0.014,1.866,0.000
15735,3,"  3.405","  0.379",15/40,/core/www/modules//sdig/index.php?run_id=110202&search_id=114132&scans_id=110198&peptide_id=6928&scanf=15735&charge=3&value=15/40,sp|Q9Y230|RUVB2_HUMAN,/core/www/modules//consensus/?run_id=110202&search_id=114132&scans_id=110198&peptide_id=6928&scanf=15735&charge=3&value=sp|Q9Y230|RUVB2_HUMAN,0,/core/www/modules/match_peptides/blast_html4.php?run_id=110202&search_id=114132&scans_id=110198&peptide_id=6928&scanf=15735&charge=3&value=0,K.GTEVQVDDIKR.V,/core/www/modules/show_out/show_out_wrapper.php?run_id=110202&search_id=114132&scans_id=110198&peptide_id=6928&scanf=15735&charge=3&value=K.GTEVQVDDIKR.V,RUVBL2,3.893e+7,2.769,0.009,2.067,0.000
15738,2,"  4.254","  0.647",18/24,/core/www/modules//sdig/index.php?run_id=110202&search_id=114132&scans_id=110198&peptide_id=6931&scanf=15738&charge=2&value=18/24,sp|Q15046|SYK_HUMAN,/core/www/modules//consensus/?run_id=110202&search_id=114132&scans_id=110198&peptide_id=6931&scanf=15738&charge=2&value=sp|Q15046|SYK_HUMAN,3,/core/www/modules/match_peptides/blast_html4.php?run_id=110202&search_id=114132&scans_id=110198&peptide_id=6931&scanf=15738&charge=2&value=3,R.RGDIIGVQGNPGK.T,/core/www/modules/show_out/show_out_wrapper.php?run_id=110202&search_id=114132&scans_id=110198&peptide_id=6931&scanf=15738&charge=2&value=R.RGDIIGVQGNPGK.T,KARS1,1.737e+7,3.709,0.000,3.458,0.000
15739,3,"  2.985","  0.552",15/36,/core/www/modules//sdig/index.php?run_id=110202&search_id=114132&scans_id=110198&peptide_id=6932&scanf=15739&charge=3&value=15/36,sp|Q9H7B2|RPF2_HUMAN,/core/www/modules//consensus/?run_id=110202&search_id=114132&scans_id=110198&peptide_id=6932&scanf=15739&charge=3&value=sp|Q9H7B2|RPF2_HUMAN,1,/core/www/modules/match_peptides/blast_html4.php?run_id=110202&search_id=114132&scans_id=110198&peptide_id=6932&scanf=15739&charge=3&value=1,R.THLASDDLYK.L,/core/www/modules/show_out/show_out_wrapper.php?run_id=110202&search_id=114132&scans_id=110198&peptide_id=6932&scanf=15739&charge=3&value=R.THLASDDLYK.L,RPF2,4.758e+7,3.641,0.000,3.358,0.000
15740,4,"  4.800","  0.584",18/108,/core/www/modules//sdig/index.php?run_id=110202&search_id=114132&scans_id=110198&peptide_id=6934&scanf=15740&charge=4&value=18/108,sp|Q92804|RBP56_HUMAN,/core/www/modules//consensus/?run_id=110202&search_id=114132&scans_id=110198&peptide_id=6934&scanf=15740&charge=4&value=sp|Q92804|RBP56_HUMAN,1,/core/www/modules/match_peptides/blast_html4.php?run_id=110202&search_id=114132&scans_id=110198&peptide_id=6934&scanf=15740&charge=4&value=1,K.KTGKPMINLYTDKDTGKPK.G,/core/www/modules/show_out/show_out_wrapper.php?run_id=110202&search_id=114132&scans_id=110198&peptide_id=6934&scanf=15740&charge=4&value=K.KTGKPMINLYTDKDTGKPK.G,TAF15,1.955e+7,3.084,0.003,2.532,0.000
15747,2,"  2.402","  0.448",13/16,/core/www/modules//sdig/index.php?run_id=110202&search_id=114132&scans_id=110198&peptide_id=6941&scanf=15747&charge=2&value=13/16,sp|P48729|KC1A_HUMAN,/core/www/modules//consensus/?run_id=110202&search_id=114132&scans_id=110198&peptide_id=6941&scanf=15747&charge=2&value=sp|P48729|KC1A_HUMAN,8,/core/www/modules/match_peptides/blast_html4.php?run_id=110202&search_id=114132&scans_id=110198&peptide_id=6941&scanf=15747&charge=2&value=8,R.HPQLLYESK.L,/core/www/modules/show_out/show_out_wrapper.php?run_id=110202&search_id=114132&scans_id=110198&peptide_id=6941&scanf=15747&charge=2&value=R.HPQLLYESK.L,CSNK1A1,8.018e+6,3.370,0.001,2.956,0.000
15748,2,"  3.172","  0.472",17/22,/core/www/modules//sdig/index.php?run_id=110202&search_id=114132&scans_id=110198&peptide_id=6942&scanf=15748&charge=2&value=17/22,sp|P30101|PDIA3_HUMAN,/core/www/modules//consensus/?run_id=110202&search_id=114132&scans_id=110198&peptide_id=6942&scanf=15748&charge=2&value=sp|P30101|PDIA3_HUMAN,15,/core/www/modules/match_peptides/blast_html4.php?run_id=110202&search_id=114132&scans_id=110198&peptide_id=6942&scanf=15748&charge=2&value=15,K.RLAPEYEAAATR.L,/core/www/modules/show_out/show_out_wrapper.php?run_id=110202&search_id=114132&scans_id=110198&peptide_id=6942&scanf=15748&charge=2&value=K.RLAPEYEAAATR.L,PDIA3,1.482e+7,3.184,0.002,2.680,0.000
15749,2,"  4.512","  0.670",19/30,/core/www/modules//sdig/index.php?run_id=110202&search_id=114132&scans_id=110198&peptide_id=6943&scanf=15749&charge=2&value=19/30,sp|Q9H8G2|CAAP1_HUMAN,/core/www/modules//consensus/?run_id=110202&search_id=114132&scans_id=110198&peptide_id=6943&scanf=15749&charge=2&value=sp|Q9H8G2|CAAP1_HUMAN,1,/core/www/modules/match_peptides/blast_html4.php?run_id=110202&search_id=114132&scans_id=110198&peptide_id=6943&scanf=15749&charge=2&value=1,R.STDSSSVSGSLQQETK.Y,/core/www/modules/show_out/show_out_wrapper.php?run_id=110202&search_id=114132&scans_id=110198&peptide_id=6943&scanf=15749&charge=2&value=R.STDSSSVSGSLQQETK.Y,CAAP1,7.604e+6,3.758,0.000,3.531,0.000
15751,2,"  2.689","  0.551",12/16,/core/www/modules//sdig/index.php?run_id=110202&search_id=114132&scans_id=110198&peptide_id=6946&scanf=15751&charge=2&value=12/16,sp|Q14839|CHD4_HUMAN,/core/www/modules//consensus/?run_id=110202&search_id=114132&scans_id=110198&peptide_id=6946&scanf=15751&charge=2&value=sp|Q14839|CHD4_HUMAN,16,/core/www/modules/match_peptides/blast_html4.php?run_id=110202&search_id=114132&scans_id=110198&peptide_id=6946&scanf=15751&charge=2&value=16,R.WQDIQNDPR.Y,/core/www/modules/show_out/show_out_wrapper.php?run_id=110202&search_id=114132&scans_id=110198&peptide_id=6946&scanf=15751&charge=2&value=R.WQDIQNDPR.Y,CHD4,6.548e+7,3.848,0.000,3.663,0.000
15753,3,"  4.667","  0.647",20/60,/core/www/modules//sdig/index.php?run_id=110202&search_id=114132&scans_id=110198&peptide_id=6948&scanf=15753&charge=3&value=20/60,sp|Q8TAQ2|SMRC2_HUMAN,/core/www/modules//consensus/?run_id=110202&search_id=114132&scans_id=110198&peptide_id=6948&scanf=15753&charge=3&value=sp|Q8TAQ2|SMRC2_HUMAN,1,/core/www/modules/match_peptides/blast_html4.php?run_id=110202&search_id=114132&scans_id=110198&peptide_id=6948&scanf=15753&charge=3&value=1,K.SDGDPIVDPEKEKEPK.E,/core/www/modules/show_out/show_out_wrapper.php?run_id=110202&search_id=114132&scans_id=110198&peptide_id=6948&scanf=15753&charge=3&value=K.SDGDPIVDPEKEKEPK.E,SMARCC2,1.207e+7,3.352,0.001,2.929,0.000
15756,2,"  2.175","  0.519",10/16,/core/www/modules//sdig/index.php?run_id=110202&search_id=114132&scans_id=110198&peptide_id=6950&scanf=15756&charge=2&value=10/16,sp|Q15149|PLEC_HUMAN,/core/www/modules//consensus/?run_id=110202&search_id=114132&scans_id=110198&peptide_id=6950&scanf=15756&charge=2&value=sp|Q15149|PLEC_HUMAN,5,/core/www/modules/match_peptides/blast_html4.php?run_id=110202&search_id=114132&scans_id=110198&peptide_id=6950&scanf=15756&charge=2&value=5,R.VPDVQDGVR.A,/core/www/modules/show_out/show_out_wrapper.php?run_id=110202&search_id=114132&scans_id=110198&peptide_id=6950&scanf=15756&charge=2&value=R.VPDVQDGVR.A,PLEC,4.217e+7,3.895,0.000,3.734,0.000
15757,2,"  1.565","  0.000",7/12,/core/www/modules//sdig/index.php?run_id=110202&search_id=114132&scans_id=110198&peptide_id=6951&scanf=15757&charge=2&value=7/12,sp|P48995|TRPC1_HUMAN,/core/www/modules//consensus/?run_id=110202&search_id=114132&scans_id=110198&peptide_id=6951&scanf=15757&charge=2&value=sp|P48995|TRPC1_HUMAN,5,/core/www/modules/match_peptides/blast_html4.php?run_id=110202&search_id=114132&scans_id=110198&peptide_id=6951&scanf=15757&charge=2&value=5,K.DLLAQAR.N,/core/www/modules/show_out/show_out_wrapper.php?run_id=110202&search_id=114132&scans_id=110198&peptide_id=6951&scanf=15757&charge=2&value=K.DLLAQAR.N,TRPC1,8.313e+7,1.948,0.125,0.904,0.006
15760,2,"  3.581","  0.552",13/20,/core/www/modules//sdig/index.php?run_id=110202&search_id=114132&scans_id=110198&peptide_id=6955&scanf=15760&charge=2&value=13/20,sp|Q14980|NUMA1_HUMAN,/core/www/modules//consensus/?run_id=110202&search_id=114132&scans_id=110198&peptide_id=6955&scanf=15760&charge=2&value=sp|Q14980|NUMA1_HUMAN,0,/core/www/modules/match_peptides/blast_html4.php?run_id=110202&search_id=114132&scans_id=110198&peptide_id=6955&scanf=15760&charge=2&value=0,R.EAEQMGNELER.L,/core/www/modules/show_out/show_out_wrapper.php?run_id=110202&search_id=114132&scans_id=110198&peptide_id=6955&scanf=15760&charge=2&value=R.EAEQMGNELER.L,NUMA1,1.784e+7,3.719,0.000,3.473,0.000
15761,3,"  5.045","  0.739",25/68,/core/www/modules//sdig/index.php?run_id=110202&search_id=114132&scans_id=110198&peptide_id=6956&scanf=15761&charge=3&value=25/68,sp|P49756|RBM25_HUMAN,/core/www/modules//consensus/?run_id=110202&search_id=114132&scans_id=110198&peptide_id=6956&scanf=15761&charge=3&value=sp|P49756|RBM25_HUMAN,1,/core/www/modules/match_peptides/blast_html4.php?run_id=110202&search_id=114132&scans_id=110198&peptide_id=6956&scanf=15761&charge=3&value=1,R.EYSSELNAPSQESDSHPR.K,/core/www/modules/show_out/show_out_wrapper.php?run_id=110202&search_id=114132&scans_id=110198&peptide_id=6956&scanf=15761&charge=3&value=R.EYSSELNAPSQESDSHPR.K,RBM25,2.143e+7,4.061,0.000,3.980,0.000
15763,2,"  3.189","  0.554",13/20,/core/www/modules//sdig/index.php?run_id=110202&search_id=114132&scans_id=110198&peptide_id=6958&scanf=15763&charge=2&value=13/20,sp|P62280|RS11_HUMAN,/core/www/modules//consensus/?run_id=110202&search_id=114132&scans_id=110198&peptide_id=6958&scanf=15763&charge=2&value=sp|P62280|RS11_HUMAN,1,/core/www/modules/match_peptides/blast_html4.php?run_id=110202&search_id=114132&scans_id=110198&peptide_id=6958&scanf=15763&charge=2&value=1,K.EAIEGTYIDKK.C,/core/www/modules/show_out/show_out_wrapper.php?run_id=110202&search_id=114132&scans_id=110198&peptide_id=6958&scanf=15763&charge=2&value=K.EAIEGTYIDKK.C,RPS11,1.452e+8,3.125,0.003,2.593,0.000
15765,2,"  2.761","  0.216",13/14,/core/www/modules//sdig/index.php?run_id=110202&search_id=114132&scans_id=110198&peptide_id=6960&scanf=15765&charge=2&value=13/14,sp|Q5JTH9|RRP12_HUMAN,/core/www/modules//consensus/?run_id=110202&search_id=114132&scans_id=110198&peptide_id=6960&scanf=15765&charge=2&value=sp|Q5JTH9|RRP12_HUMAN,0,/core/www/modules/match_peptides/blast_html4.php?run_id=110202&search_id=114132&scans_id=110198&peptide_id=6960&scanf=15765&charge=2&value=0,R.RAVLETIR.T,/core/www/modules/show_out/show_out_wrapper.php?run_id=110202&search_id=114132&scans_id=110198&peptide_id=6960&scanf=15765&charge=2&value=R.RAVLETIR.T,RRP12,3.463e+7,2.678,0.012,1.934,0.000
15769,3,"  7.037","  0.692",32/104,/core/www/modules//sdig/index.php?run_id=110202&search_id=114132&scans_id=110198&peptide_id=6964&scanf=15769&charge=3&value=32/104,sp|Q12906|ILF3_HUMAN,/core/www/modules//consensus/?run_id=110202&search_id=114132&scans_id=110198&peptide_id=6964&scanf=15769&charge=3&value=sp|Q12906|ILF3_HUMAN,4,/core/www/modules/match_peptides/blast_html4.php?run_id=110202&search_id=114132&scans_id=110198&peptide_id=6964&scanf=15769&charge=3&value=4,K.GSSEQAESDNMDVPPEDDSKEGAGEQK.T,/core/www/modules/show_out/show_out_wrapper.php?run_id=110202&search_id=114132&scans_id=110198&peptide_id=6964&scanf=15769&charge=3&value=K.GSSEQAESDNMDVPPEDDSKEGAGEQK.T,ILF3,6.888e+6,3.476,0.001,3.112,0.000
15771,2,"  2.041","  0.335",7/18,/core/www/modules//sdig/index.php?run_id=110202&search_id=114132&scans_id=110198&peptide_id=6967&scanf=15771&charge=2&value=7/18,sp|Q01780|EXOSX_HUMAN,/core/www/modules//consensus/?run_id=110202&search_id=114132&scans_id=110198&peptide_id=6967&scanf=15771&charge=2&value=sp|Q01780|EXOSX_HUMAN,0,/core/www/modules/match_peptides/blast_html4.php?run_id=110202&search_id=114132&scans_id=110198&peptide_id=6967&scanf=15771&charge=2&value=0,R.QQVVLENAAK.K,/core/www/modules/show_out/show_out_wrapper.php?run_id=110202&search_id=114132&scans_id=110198&peptide_id=6967&scanf=15771&charge=2&value=R.QQVVLENAAK.K,EXOSC10,7.935e+6,2.350,0.035,1.458,0.001
15772,3,"  2.788","  0.307",13/36,/core/www/modules//sdig/index.php?run_id=110202&search_id=114132&scans_id=110198&peptide_id=6968&scanf=15772&charge=3&value=13/36,sp|Q7L2E3|DHX30_HUMAN,/core/www/modules//consensus/?run_id=110202&search_id=114132&scans_id=110198&peptide_id=6968&scanf=15772&charge=3&value=sp|Q7L2E3|DHX30_HUMAN,1,/core/www/modules/match_peptides/blast_html4.php?run_id=110202&search_id=114132&scans_id=110198&peptide_id=6968&scanf=15772&charge=3&value=1,R.VSHELGPSLR.R,/core/www/modules/show_out/show_out_wrapper.php?run_id=110202&search_id=114132&scans_id=110198&peptide_id=6968&scanf=15772&charge=3&value=R.VSHELGPSLR.R,DHX30,1.778e+7,2.763,0.009,2.059,0.000
15773,2,"  1.827","  0.226",10/18,/core/www/modules//sdig/index.php?run_id=110202&search_id=114132&scans_id=110198&peptide_id=6969&scanf=15773&charge=2&value=10/18,sp|P26038|MOES_HUMAN,/core/www/modules//consensus/?run_id=110202&search_id=114132&scans_id=110198&peptide_id=6969&scanf=15773&charge=2&value=sp|P26038|MOES_HUMAN,1,/core/www/modules/match_peptides/blast_html4.php?run_id=110202&search_id=114132&scans_id=110198&peptide_id=6969&scanf=15773&charge=2&value=1,K.ESEAVEWQQK.A,/core/www/modules/show_out/show_out_wrapper.php?run_id=110202&search_id=114132&scans_id=110198&peptide_id=6969&scanf=15773&charge=2&value=K.ESEAVEWQQK.A,MSN,8.919e+7,2.204,0.056,1.251,0.002
15776,2,"  2.213","  0.365",13/16,/core/www/modules//sdig/index.php?run_id=110202&search_id=114132&scans_id=110198&peptide_id=6971&scanf=15776&charge=2&value=13/16,sp|P62424|RL7A_HUMAN,/core/www/modules//consensus/?run_id=110202&search_id=114132&scans_id=110198&peptide_id=6971&scanf=15776&charge=2&value=sp|P62424|RL7A_HUMAN,1,/core/www/modules/match_peptides/blast_html4.php?run_id=110202&search_id=114132&scans_id=110198&peptide_id=6971&scanf=15776&charge=2&value=1,K.VAPAPAVVK.K,/core/www/modules/show_out/show_out_wrapper.php?run_id=110202&search_id=114132&scans_id=110198&peptide_id=6971&scanf=15776&charge=2&value=K.VAPAPAVVK.K,RPL7A,3.192e+8,3.162,0.002,2.648,0.000
15777,2,"  2.007","  0.177",8/18,/core/www/modules//sdig/index.php?run_id=110202&search_id=114132&scans_id=110198&peptide_id=6972&scanf=15777&charge=2&value=8/18,sp|Q15459|SF3A1_HUMAN,/core/www/modules//consensus/?run_id=110202&search_id=114132&scans_id=110198&peptide_id=6972&scanf=15777&charge=2&value=sp|Q15459|SF3A1_HUMAN,0,/core/www/modules/match_peptides/blast_html4.php?run_id=110202&search_id=114132&scans_id=110198&peptide_id=6972&scanf=15777&charge=2&value=0,K.AQEPSAAIPK.V,/core/www/modules/show_out/show_out_wrapper.php?run_id=110202&search_id=114132&scans_id=110198&peptide_id=6972&scanf=15777&charge=2&value=K.AQEPSAAIPK.V,SF3A1,3.381e+7,1.974,0.115,0.938,0.005
15780,2,"  1.654","  0.232",7/12,/core/www/modules//sdig/index.php?run_id=110202&search_id=114132&scans_id=110198&peptide_id=6976&scanf=15780&charge=2&value=7/12,sp|P27797|CALR_HUMAN,/core/www/modules//consensus/?run_id=110202&search_id=114132&scans_id=110198&peptide_id=6976&scanf=15780&charge=2&value=sp|P27797|CALR_HUMAN,3,/core/www/modules/match_peptides/blast_html4.php?run_id=110202&search_id=114132&scans_id=110198&peptide_id=6976&scanf=15780&charge=2&value=3,K.FVLSSGK.F,/core/www/modules/show_out/show_out_wrapper.php?run_id=110202&search_id=114132&scans_id=110198&peptide_id=6976&scanf=15780&charge=2&value=K.FVLSSGK.F,CALR,5.184e+7,2.387,0.031,1.511,0.001
15781,2,"  2.198","  0.082",8/14,/core/www/modules//sdig/index.php?run_id=110202&search_id=114132&scans_id=110198&peptide_id=6977&scanf=15781&charge=2&value=8/14,sp|O75369|FLNB_HUMAN,/core/www/modules//consensus/?run_id=110202&search_id=114132&scans_id=110198&peptide_id=6977&scanf=15781&charge=2&value=sp|O75369|FLNB_HUMAN,3,/core/www/modules/match_peptides/blast_html4.php?run_id=110202&search_id=114132&scans_id=110198&peptide_id=6977&scanf=15781&charge=2&value=3,K.YADEEIPR.S,/core/www/modules/show_out/show_out_wrapper.php?run_id=110202&search_id=114132&scans_id=110198&peptide_id=6977&scanf=15781&charge=2&value=K.YADEEIPR.S,FLNB,1.008e+7,1.988,0.111,0.956,0.005
15788,2,"  2.179","  0.362",9/14,/core/www/modules//sdig/index.php?run_id=110202&search_id=114132&scans_id=110198&peptide_id=6984&scanf=15788&charge=2&value=9/14,sp|P25205|MCM3_HUMAN,/core/www/modules//consensus/?run_id=110202&search_id=114132&scans_id=110198&peptide_id=6984&scanf=15788&charge=2&value=sp|P25205|MCM3_HUMAN,2,/core/www/modules/match_peptides/blast_html4.php?run_id=110202&search_id=114132&scans_id=110198&peptide_id=6984&scanf=15788&charge=2&value=2,R.VQVVGTYR.C,/core/www/modules/show_out/show_out_wrapper.php?run_id=110202&search_id=114132&scans_id=110198&peptide_id=6984&scanf=15788&charge=2&value=R.VQVVGTYR.C,MCM3,1.821e+7,2.929,0.005,2.303,0.000
15790,2,"  1.804","  0.191",8/14,/core/www/modules//sdig/index.php?run_id=110202&search_id=114132&scans_id=110198&peptide_id=6987&scanf=15790&charge=2&value=8/14,sp|Q8TAQ2|SMRC2_HUMAN,/core/www/modules//consensus/?run_id=110202&search_id=114132&scans_id=110198&peptide_id=6987&scanf=15790&charge=2&value=sp|Q8TAQ2|SMRC2_HUMAN,1,/core/www/modules/match_peptides/blast_html4.php?run_id=110202&search_id=114132&scans_id=110198&peptide_id=6987&scanf=15790&charge=2&value=1,R.YDFQNPSR.M,/core/www/modules/show_out/show_out_wrapper.php?run_id=110202&search_id=114132&scans_id=110198&peptide_id=6987&scanf=15790&charge=2&value=R.YDFQNPSR.M,SMARCC2,1.890e+7,2.373,0.032,1.491,0.001
15792,3,"  2.360","  0.230",8/32,/core/www/modules//sdig/index.php?run_id=110202&search_id=114132&scans_id=110198&peptide_id=6989&scanf=15792&charge=3&value=8/32,sp|Q96L92|SNX27_HUMAN,/core/www/modules//consensus/?run_id=110202&search_id=114132&scans_id=110198&peptide_id=6989&scanf=15792&charge=3&value=sp|Q96L92|SNX27_HUMAN,3,/core/www/modules/match_peptides/blast_html4.php?run_id=110202&search_id=114132&scans_id=110198&peptide_id=6989&scanf=15792&charge=3&value=3,K.LAPNEFPHK.L,/core/www/modules/show_out/show_out_wrapper.php?run_id=110202&search_id=114132&scans_id=110198&peptide_id=6989&scanf=15792&charge=3&value=K.LAPNEFPHK.L,SNX27,6.722e+6,2.332,0.037,1.432,0.001
15793,3,"  2.667","  0.262",11/48,/core/www/modules//sdig/index.php?run_id=110202&search_id=114132&scans_id=110198&peptide_id=6990&scanf=15793&charge=3&value=11/48,sp|Q9UHB7|AFF4_HUMAN,/core/www/modules//consensus/?run_id=110202&search_id=114132&scans_id=110198&peptide_id=6990&scanf=15793&charge=3&value=sp|Q9UHB7|AFF4_HUMAN,0,/core/www/modules/match_peptides/blast_html4.php?run_id=110202&search_id=114132&scans_id=110198&peptide_id=6990&scanf=15793&charge=3&value=0,K.NYLAPDATAADKR.L,/core/www/modules/show_out/show_out_wrapper.php?run_id=110202&search_id=114132&scans_id=110198&peptide_id=6990&scanf=15793&charge=3&value=K.NYLAPDATAADKR.L,AFF4,6.475e+6,1.971,0.116,0.934,0.005
15798,3,"  2.755","  0.306",16/48,/core/www/modules//sdig/index.php?run_id=110202&search_id=114132&scans_id=110198&peptide_id=6994&scanf=15798&charge=3&value=16/48,sp|P19525|E2AK2_HUMAN,/core/www/modules//consensus/?run_id=110202&search_id=114132&scans_id=110198&peptide_id=6994&scanf=15798&charge=3&value=sp|P19525|E2AK2_HUMAN,3,/core/www/modules/match_peptides/blast_html4.php?run_id=110202&search_id=114132&scans_id=110198&peptide_id=6994&scanf=15798&charge=3&value=3,K.KPEDRPNTSEILR.T,/core/www/modules/show_out/show_out_wrapper.php?run_id=110202&search_id=114132&scans_id=110198&peptide_id=6994&scanf=15798&charge=3&value=K.KPEDRPNTSEILR.T,EIF2AK2,3.102e+7,2.615,0.014,1.842,0.000
15800,2,"  2.345","  0.478",11/16,/core/www/modules//sdig/index.php?run_id=110202&search_id=114132&scans_id=110198&peptide_id=6997&scanf=15800&charge=2&value=11/16,sp|P07237|PDIA1_HUMAN,/core/www/modules//consensus/?run_id=110202&search_id=114132&scans_id=110198&peptide_id=6997&scanf=15800&charge=2&value=sp|P07237|PDIA1_HUMAN,11,/core/www/modules/match_peptides/blast_html4.php?run_id=110202&search_id=114132&scans_id=110198&peptide_id=6997&scanf=15800&charge=2&value=11,R.TVIDYNGER.T,/core/www/modules/show_out/show_out_wrapper.php?run_id=110202&search_id=114132&scans_id=110198&peptide_id=6997&scanf=15800&charge=2&value=R.TVIDYNGER.T,P4HB,2.696e+7,3.390,0.001,2.986,0.000
15801,2,"  1.672","  0.142",7/12,/core/www/modules//sdig/index.php?run_id=110202&search_id=114132&scans_id=110198&peptide_id=6998&scanf=15801&charge=2&value=7/12,sp|P42704|LPPRC_HUMAN,/core/www/modules//consensus/?run_id=110202&search_id=114132&scans_id=110198&peptide_id=6998&scanf=15801&charge=2&value=sp|P42704|LPPRC_HUMAN,16,/core/www/modules/match_peptides/blast_html4.php?run_id=110202&search_id=114132&scans_id=110198&peptide_id=6998&scanf=15801&charge=2&value=16,K.LVELTQK.L,/core/www/modules/show_out/show_out_wrapper.php?run_id=110202&search_id=114132&scans_id=110198&peptide_id=6998&scanf=15801&charge=2&value=K.LVELTQK.L,LRPPRC,1.569e+7,2.196,0.058,1.239,0.002
15803,2,"  2.362","  0.233",9/14,/core/www/modules//sdig/index.php?run_id=110202&search_id=114132&scans_id=110198&peptide_id=7000&scanf=15803&charge=2&value=9/14,sp|Q15046|SYK_HUMAN,/core/www/modules//consensus/?run_id=110202&search_id=114132&scans_id=110198&peptide_id=7000&scanf=15803&charge=2&value=sp|Q15046|SYK_HUMAN,0,/core/www/modules/match_peptides/blast_html4.php?run_id=110202&search_id=114132&scans_id=110198&peptide_id=7000&scanf=15803&charge=2&value=0,R.QLFEEQAK.A,/core/www/modules/show_out/show_out_wrapper.php?run_id=110202&search_id=114132&scans_id=110198&peptide_id=7000&scanf=15803&charge=2&value=R.QLFEEQAK.A,KARS1,7.071e+7,2.488,0.022,1.657,0.001
15804,2,"  1.719","  0.000",10/18,/core/www/modules//sdig/index.php?run_id=110202&search_id=114132&scans_id=110198&peptide_id=7001&scanf=15804&charge=2&value=10/18,tr|A0A2R8Y7R0|A0A2R8Y7R0_HUMAN,/core/www/modules//consensus/?run_id=110202&search_id=114132&scans_id=110198&peptide_id=7001&scanf=15804&charge=2&value=tr|A0A2R8Y7R0|A0A2R8Y7R0_HUMAN,0,/core/www/modules/match_peptides/blast_html4.php?run_id=110202&search_id=114132&scans_id=110198&peptide_id=7001&scanf=15804&charge=2&value=0,-.XMAEDEEGYR.K,/core/www/modules/show_out/show_out_wrapper.php?run_id=110202&search_id=114132&scans_id=110198&peptide_id=7001&scanf=15804&charge=2&value=-.XMAEDEEGYR.K,SMARCA4,5.749e+7,2.168,0.063,1.201,0.002
15806,2,"  4.764","  0.702",21/24,/core/www/modules//sdig/index.php?run_id=110202&search_id=114132&scans_id=110198&peptide_id=7003&scanf=15806&charge=2&value=21/24,sp|P06748|NPM_HUMAN,/core/www/modules//consensus/?run_id=110202&search_id=114132&scans_id=110198&peptide_id=7003&scanf=15806&charge=2&value=sp|P06748|NPM_HUMAN,9,/core/www/modules/match_peptides/blast_html4.php?run_id=110202&search_id=114132&scans_id=110198&peptide_id=7003&scanf=15806&charge=2&value=9,K.VDNDENEHQLSLR.T,/core/www/modules/show_out/show_out_wrapper.php?run_id=110202&search_id=114132&scans_id=110198&peptide_id=7003&scanf=15806&charge=2&value=K.VDNDENEHQLSLR.T,NPM1,8.094e+7,4.387,0.000,4.464,0.000
15810,2,"  2.148","  0.276",9/16,/core/www/modules//sdig/index.php?run_id=110202&search_id=114132&scans_id=110198&peptide_id=7008&scanf=15810&charge=2&value=9/16,sp|P55072|TERA_HUMAN,/core/www/modules//consensus/?run_id=110202&search_id=114132&scans_id=110198&peptide_id=7008&scanf=15810&charge=2&value=sp|P55072|TERA_HUMAN,4,/core/www/modules/match_peptides/blast_html4.php?run_id=110202&search_id=114132&scans_id=110198&peptide_id=7008&scanf=15810&charge=2&value=4,R.ESIESEIRR.E,/core/www/modules/show_out/show_out_wrapper.php?run_id=110202&search_id=114132&scans_id=110198&peptide_id=7008&scanf=15810&charge=2&value=R.ESIESEIRR.E,VCP,1.527e+7,2.322,0.038,1.418,0.001
15812,3,"  2.696","  0.519",11/32,/core/www/modules//sdig/index.php?run_id=110202&search_id=114132&scans_id=110198&peptide_id=7010&scanf=15812&charge=3&value=11/32,sp|P36578|RL4_HUMAN,/core/www/modules//consensus/?run_id=110202&search_id=114132&scans_id=110198&peptide_id=7010&scanf=15812&charge=3&value=sp|P36578|RL4_HUMAN,1,/core/www/modules/match_peptides/blast_html4.php?run_id=110202&search_id=114132&scans_id=110198&peptide_id=7010&scanf=15812&charge=3&value=1,K.SNYNLPMHK.M,/core/www/modules/show_out/show_out_wrapper.php?run_id=110202&search_id=114132&scans_id=110198&peptide_id=7010&scanf=15812&charge=3&value=K.SNYNLPMHK.M,RPL4,2.427e+8,3.478,0.001,3.115,0.000
15815,2,"  1.572","  0.214",7/12,/core/www/modules//sdig/index.php?run_id=110202&search_id=114132&scans_id=110198&peptide_id=7013&scanf=15815&charge=2&value=7/12,sp|Q9UHX1|PUF60_HUMAN,/core/www/modules//consensus/?run_id=110202&search_id=114132&scans_id=110198&peptide_id=7013&scanf=15815&charge=2&value=sp|Q9UHX1|PUF60_HUMAN,4,/core/www/modules/match_peptides/blast_html4.php?run_id=110202&search_id=114132&scans_id=110198&peptide_id=7013&scanf=15815&charge=2&value=4,R.VIIYQEK.Q,/core/www/modules/show_out/show_out_wrapper.php?run_id=110202&search_id=114132&scans_id=110198&peptide_id=7013&scanf=15815&charge=2&value=R.VIIYQEK.Q,PUF60,3.078e+7,2.350,0.035,1.457,0.001
15819,2,"  2.426","  0.256",11/18,/core/www/modules//sdig/index.php?run_id=110202&search_id=114132&scans_id=110198&peptide_id=7016&scanf=15819&charge=2&value=11/18,sp|Q8N9T8|KRI1_HUMAN,/core/www/modules//consensus/?run_id=110202&search_id=114132&scans_id=110198&peptide_id=7016&scanf=15819&charge=2&value=sp|Q8N9T8|KRI1_HUMAN,1,/core/www/modules/match_peptides/blast_html4.php?run_id=110202&search_id=114132&scans_id=110198&peptide_id=7016&scanf=15819&charge=2&value=1,R.FEEPDSASVK.T,/core/www/modules/show_out/show_out_wrapper.php?run_id=110202&search_id=114132&scans_id=110198&peptide_id=7016&scanf=15819&charge=2&value=R.FEEPDSASVK.T,KRI1,6.184e+7,2.377,0.032,1.496,0.001
15821,2,"  2.212","  0.105",8/12,/core/www/modules//sdig/index.php?run_id=110202&search_id=114132&scans_id=110198&peptide_id=7019&scanf=15821&charge=2&value=8/12,sp|Q15149|PLEC_HUMAN,/core/www/modules//consensus/?run_id=110202&search_id=114132&scans_id=110198&peptide_id=7019&scanf=15821&charge=2&value=sp|Q15149|PLEC_HUMAN,5,/core/www/modules/match_peptides/blast_html4.php?run_id=110202&search_id=114132&scans_id=110198&peptide_id=7019&scanf=15821&charge=2&value=5,R.ANELQLR.W,/core/www/modules/show_out/show_out_wrapper.php?run_id=110202&search_id=114132&scans_id=110198&peptide_id=7019&scanf=15821&charge=2&value=R.ANELQLR.W,PLEC,1.934e+7,2.683,0.011,1.941,0.000
15822,3," 10.188","  0.749",38/132,/core/www/modules//sdig/index.php?run_id=110202&search_id=114132&scans_id=110198&peptide_id=7020&scanf=15822&charge=3&value=38/132,sp|Q12906|ILF3_HUMAN,/core/www/modules//consensus/?run_id=110202&search_id=114132&scans_id=110198&peptide_id=7020&scanf=15822&charge=3&value=sp|Q12906|ILF3_HUMAN,1,/core/www/modules/match_peptides/blast_html4.php?run_id=110202&search_id=114132&scans_id=110198&peptide_id=7020&scanf=15822&charge=3&value=1,R.SGGNSYGSGGASYNPGSHGGYGGGSGGGSSYQGK.Q,/core/www/modules/show_out/show_out_wrapper.php?run_id=110202&search_id=114132&scans_id=110198&peptide_id=7020&scanf=15822&charge=3&value=R.SGGNSYGSGGASYNPGSHGGYGGGSGGGSSYQGK.Q,ILF3,9.623e+6,3.876,0.000,3.706,0.000
15825,2,"  4.482","  0.690",19/28,/core/www/modules//sdig/index.php?run_id=110202&search_id=114132&scans_id=110198&peptide_id=7023&scanf=15825&charge=2&value=19/28,sp|P23246|SFPQ_HUMAN,/core/www/modules//consensus/?run_id=110202&search_id=114132&scans_id=110198&peptide_id=7023&scanf=15825&charge=2&value=sp|P23246|SFPQ_HUMAN,1,/core/www/modules/match_peptides/blast_html4.php?run_id=110202&search_id=114132&scans_id=110198&peptide_id=7023&scanf=15825&charge=2&value=1,R.FGQGGAGPVGGQGPR.G,/core/www/modules/show_out/show_out_wrapper.php?run_id=110202&search_id=114132&scans_id=110198&peptide_id=7023&scanf=15825&charge=2&value=R.FGQGGAGPVGGQGPR.G,SFPQ,1.254e+8,4.007,0.000,3.900,0.000
15828,3,"  2.648","  0.346",7/56,/core/www/modules//sdig/index.php?run_id=110202&search_id=114132&scans_id=110198&peptide_id=7026&scanf=15828&charge=3&value=7/56,sp|Q9Y5B6|PAXB1_HUMAN,/core/www/modules//consensus/?run_id=110202&search_id=114132&scans_id=110198&peptide_id=7026&scanf=15828&charge=3&value=sp|Q9Y5B6|PAXB1_HUMAN,0,/core/www/modules/match_peptides/blast_html4.php?run_id=110202&search_id=114132&scans_id=110198&peptide_id=7026&scanf=15828&charge=3&value=0,R.ALDHAMSVASDHNVK.E,/core/www/modules/show_out/show_out_wrapper.php?run_id=110202&search_id=114132&scans_id=110198&peptide_id=7026&scanf=15828&charge=3&value=R.ALDHAMSVASDHNVK.E,PAXBP1,1.117e+7,2.299,0.041,1.386,0.001
15831,2,"  3.083","  0.577",13/20,/core/www/modules//sdig/index.php?run_id=110202&search_id=114132&scans_id=110198&peptide_id=7030&scanf=15831&charge=2&value=13/20,sp|O60341|KDM1A_HUMAN,/core/www/modules//consensus/?run_id=110202&search_id=114132&scans_id=110198&peptide_id=7030&scanf=15831&charge=2&value=sp|O60341|KDM1A_HUMAN,14,/core/www/modules/match_peptides/blast_html4.php?run_id=110202&search_id=114132&scans_id=110198&peptide_id=7030&scanf=15831&charge=2&value=14,K.EYDELAETQGK.L,/core/www/modules/show_out/show_out_wrapper.php?run_id=110202&search_id=114132&scans_id=110198&peptide_id=7030&scanf=15831&charge=2&value=K.EYDELAETQGK.L,KDM1A,5.675e+7,3.594,0.001,3.287,0.000
15839,2,"  1.444","  0.147",8/12,/core/www/modules//sdig/index.php?run_id=110202&search_id=114132&scans_id=110198&peptide_id=7037&scanf=15839&charge=2&value=8/12,sp|P19338|NUCL_HUMAN,/core/www/modules//consensus/?run_id=110202&search_id=114132&scans_id=110198&peptide_id=7037&scanf=15839&charge=2&value=sp|P19338|NUCL_HUMAN,10,/core/www/modules/match_peptides/blast_html4.php?run_id=110202&search_id=114132&scans_id=110198&peptide_id=7037&scanf=15839&charge=2&value=10,K.VFGNEIK.L,/core/www/modules/show_out/show_out_wrapper.php?run_id=110202&search_id=114132&scans_id=110198&peptide_id=7037&scanf=15839&charge=2&value=K.VFGNEIK.L,NCL,6.103e+8,2.443,0.026,1.592,0.001
15842,2,"  2.458","  0.470",11/16,/core/www/modules//sdig/index.php?run_id=110202&search_id=114132&scans_id=110198&peptide_id=7041&scanf=15842&charge=2&value=11/16,sp|P40939|ECHA_HUMAN,/core/www/modules//consensus/?run_id=110202&search_id=114132&scans_id=110198&peptide_id=7041&scanf=15842&charge=2&value=sp|P40939|ECHA_HUMAN,2,/core/www/modules/match_peptides/blast_html4.php?run_id=110202&search_id=114132&scans_id=110198&peptide_id=7041&scanf=15842&charge=2&value=2,R.ILQEGVDPK.K,/core/www/modules/show_out/show_out_wrapper.php?run_id=110202&search_id=114132&scans_id=110198&peptide_id=7041&scanf=15842&charge=2&value=R.ILQEGVDPK.K,HADHA,4.245e+7,3.402,0.001,3.003,0.000
15844,2,"  2.175","  0.676",10/16,/core/www/modules//sdig/index.php?run_id=110202&search_id=114132&scans_id=110198&peptide_id=7043&scanf=15844&charge=2&value=10/16,sp|A6NMY6|AXA2L_HUMAN,/core/www/modules//consensus/?run_id=110202&search_id=114132&scans_id=110198&peptide_id=7043&scanf=15844&charge=2&value=sp|A6NMY6|AXA2L_HUMAN,17,/core/www/modules/match_peptides/blast_html4.php?run_id=110202&search_id=114132&scans_id=110198&peptide_id=7043&scanf=15844&charge=2&value=17,K.AYTNFDAER.D,/core/www/modules/show_out/show_out_wrapper.php?run_id=110202&search_id=114132&scans_id=110198&peptide_id=7043&scanf=15844&charge=2&value=K.AYTNFDAER.D,ANXA2P2,5.202e+7,3.866,0.000,3.691,0.000
15848,2,"  4.435","  0.693",18/26,/core/www/modules//sdig/index.php?run_id=110202&search_id=114132&scans_id=110198&peptide_id=7047&scanf=15848&charge=2&value=18/26,sp|O75533|SF3B1_HUMAN,/core/www/modules//consensus/?run_id=110202&search_id=114132&scans_id=110198&peptide_id=7047&scanf=15848&charge=2&value=sp|O75533|SF3B1_HUMAN,0,/core/www/modules/match_peptides/blast_html4.php?run_id=110202&search_id=114132&scans_id=110198&peptide_id=7047&scanf=15848&charge=2&value=0,R.WDQTADQTPGATPK.K,/core/www/modules/show_out/show_out_wrapper.php?run_id=110202&search_id=114132&scans_id=110198&peptide_id=7047&scanf=15848&charge=2&value=R.WDQTADQTPGATPK.K,SF3B1,1.726e+7,4.230,0.000,4.231,0.000
15850,2,"  4.226","  0.676",20/28,/core/www/modules//sdig/index.php?run_id=110202&search_id=114132&scans_id=110198&peptide_id=7050&scanf=15850&charge=2&value=20/28,sp|Q9Y383|LC7L2_HUMAN,/core/www/modules//consensus/?run_id=110202&search_id=114132&scans_id=110198&peptide_id=7050&scanf=15850&charge=2&value=sp|Q9Y383|LC7L2_HUMAN,1,/core/www/modules/match_peptides/blast_html4.php?run_id=110202&search_id=114132&scans_id=110198&peptide_id=7050&scanf=15850&charge=2&value=1,K.VEQLGAEGNVEESQK.V,/core/www/modules/show_out/show_out_wrapper.php?run_id=110202&search_id=114132&scans_id=110198&peptide_id=7050&scanf=15850&charge=2&value=K.VEQLGAEGNVEESQK.V,LUC7L2,3.529e+7,3.932,0.000,3.788,0.000
15851,3,"  2.783","  0.455",12/36,/core/www/modules//sdig/index.php?run_id=110202&search_id=114132&scans_id=110198&peptide_id=7051&scanf=15851&charge=3&value=12/36,sp|O00425|IF2B3_HUMAN,/core/www/modules//consensus/?run_id=110202&search_id=114132&scans_id=110198&peptide_id=7051&scanf=15851&charge=3&value=sp|O00425|IF2B3_HUMAN,0,/core/www/modules/match_peptides/blast_html4.php?run_id=110202&search_id=114132&scans_id=110198&peptide_id=7051&scanf=15851&charge=3&value=0,K.IKEENFVSPK.E,/core/www/modules/show_out/show_out_wrapper.php?run_id=110202&search_id=114132&scans_id=110198&peptide_id=7051&scanf=15851&charge=3&value=K.IKEENFVSPK.E,IGF2BP3,2.807e+7,2.958,0.005,2.346,0.000
15853,2,"  2.083","  0.130",9/14,/core/www/modules//sdig/index.php?run_id=110202&search_id=114132&scans_id=110198&peptide_id=7053&scanf=15853&charge=2&value=9/14,sp|Q15149|PLEC_HUMAN,/core/www/modules//consensus/?run_id=110202&search_id=114132&scans_id=110198&peptide_id=7053&scanf=15853&charge=2&value=sp|Q15149|PLEC_HUMAN,4,/core/www/modules/match_peptides/blast_html4.php?run_id=110202&search_id=114132&scans_id=110198&peptide_id=7053&scanf=15853&charge=2&value=4,R.VQMEELSK.L,/core/www/modules/show_out/show_out_wrapper.php?run_id=110202&search_id=114132&scans_id=110198&peptide_id=7053&scanf=15853&charge=2&value=R.VQMEELSK.L,PLEC,1.769e+7,2.680,0.012,1.937,0.000
15857,3,"  3.090","  0.318",9/40,/core/www/modules//sdig/index.php?run_id=110202&search_id=114132&scans_id=110198&peptide_id=7057&scanf=15857&charge=3&value=9/40,sp|O15226|NKRF_HUMAN,/core/www/modules//consensus/?run_id=110202&search_id=114132&scans_id=110198&peptide_id=7057&scanf=15857&charge=3&value=sp|O15226|NKRF_HUMAN,1,/core/www/modules/match_peptides/blast_html4.php?run_id=110202&search_id=114132&scans_id=110198&peptide_id=7057&scanf=15857&charge=3&value=1,R.SESHTDLTFSR.E,/core/www/modules/show_out/show_out_wrapper.php?run_id=110202&search_id=114132&scans_id=110198&peptide_id=7057&scanf=15857&charge=3&value=R.SESHTDLTFSR.E,NKRF,1.430e+7,2.566,0.017,1.771,0.000
15860,2,"  1.612","  0.335",9/18,/core/www/modules//sdig/index.php?run_id=110202&search_id=114132&scans_id=110198&peptide_id=7060&scanf=15860&charge=2&value=9/18,sp|P55060|XPO2_HUMAN,/core/www/modules//consensus/?run_id=110202&search_id=114132&scans_id=110198&peptide_id=7060&scanf=15860&charge=2&value=sp|P55060|XPO2_HUMAN,0,/core/www/modules/match_peptides/blast_html4.php?run_id=110202&search_id=114132&scans_id=110198&peptide_id=7060&scanf=15860&charge=2&value=0,R.DLEGSDIDTR.R,/core/www/modules/show_out/show_out_wrapper.php?run_id=110202&search_id=114132&scans_id=110198&peptide_id=7060&scanf=15860&charge=2&value=R.DLEGSDIDTR.R,CSE1L,6.028e+7,2.573,0.017,1.781,0.000
15861,4,"  5.700","  0.627",25/144,/core/www/modules//sdig/index.php?run_id=110202&search_id=114132&scans_id=110198&peptide_id=7061&scanf=15861&charge=4&value=25/144,sp|P23246|SFPQ_HUMAN,/core/www/modules//consensus/?run_id=110202&search_id=114132&scans_id=110198&peptide_id=7061&scanf=15861&charge=4&value=sp|P23246|SFPQ_HUMAN,1,/core/www/modules/match_peptides/blast_html4.php?run_id=110202&search_id=114132&scans_id=110198&peptide_id=7061&scanf=15861&charge=4&value=1,K.MPGGPKPGGGPGLSTPGGHPKPPHR.G,/core/www/modules/show_out/show_out_wrapper.php?run_id=110202&search_id=114132&scans_id=110198&peptide_id=7061&scanf=15861&charge=4&value=K.MPGGPKPGGGPGLSTPGGHPKPPHR.G,SFPQ,2.273e+7,3.697,0.000,3.440,0.000
15863,3,"  2.144","  0.508",13/32,/core/www/modules//sdig/index.php?run_id=110202&search_id=114132&scans_id=110198&peptide_id=7063&scanf=15863&charge=3&value=13/32,sp|P51531|SMCA2_HUMAN,/core/www/modules//consensus/?run_id=110202&search_id=114132&scans_id=110198&peptide_id=7063&scanf=15863&charge=3&value=sp|P51531|SMCA2_HUMAN,22,/core/www/modules/match_peptides/blast_html4.php?run_id=110202&search_id=114132&scans_id=110198&peptide_id=7063&scanf=15863&charge=3&value=22,K.YMIVDEGHR.M,/core/www/modules/show_out/show_out_wrapper.php?run_id=110202&search_id=114132&scans_id=110198&peptide_id=7063&scanf=15863&charge=3&value=K.YMIVDEGHR.M,SMARCA2,1.766e+8,3.730,0.000,3.490,0.000
15864,3,"  2.849","  0.368",12/56,/core/www/modules//sdig/index.php?run_id=110202&search_id=114132&scans_id=110198&peptide_id=7064&scanf=15864&charge=3&value=12/56,sp|Q9H9B1|EHMT1_HUMAN,/core/www/modules//consensus/?run_id=110202&search_id=114132&scans_id=110198&peptide_id=7064&scanf=15864&charge=3&value=sp|Q9H9B1|EHMT1_HUMAN,4,/core/www/modules/match_peptides/blast_html4.php?run_id=110202&search_id=114132&scans_id=110198&peptide_id=7064&scanf=15864&charge=3&value=4,K.ALQDSAPDRPSPVER.I,/core/www/modules/show_out/show_out_wrapper.php?run_id=110202&search_id=114132&scans_id=110198&peptide_id=7064&scanf=15864&charge=3&value=K.ALQDSAPDRPSPVER.I,EHMT1,2.178e+7,2.526,0.019,1.712,0.000
15865,2,"  3.423","  0.706",17/26,/core/www/modules//sdig/index.php?run_id=110202&search_id=114132&scans_id=110198&peptide_id=7065&scanf=15865&charge=2&value=17/26,sp|P30101|PDIA3_HUMAN,/core/www/modules//consensus/?run_id=110202&search_id=114132&scans_id=110198&peptide_id=7065&scanf=15865&charge=2&value=sp|P30101|PDIA3_HUMAN,3,/core/www/modules/match_peptides/blast_html4.php?run_id=110202&search_id=114132&scans_id=110198&peptide_id=7065&scanf=15865&charge=2&value=3,R.EATNPPVIQEEKPK.K,/core/www/modules/show_out/show_out_wrapper.php?run_id=110202&search_id=114132&scans_id=110198&peptide_id=7065&scanf=15865&charge=2&value=R.EATNPPVIQEEKPK.K,PDIA3,3.413e+7,4.003,0.000,3.894,0.000
15866,2,"  2.063","  0.235",9/18,/core/www/modules//sdig/index.php?run_id=110202&search_id=114132&scans_id=110198&peptide_id=7066&scanf=15866&charge=2&value=9/18,sp|Q9NVU7|SDA1_HUMAN,/core/www/modules//consensus/?run_id=110202&search_id=114132&scans_id=110198&peptide_id=7066&scanf=15866&charge=2&value=sp|Q9NVU7|SDA1_HUMAN,1,/core/www/modules/match_peptides/blast_html4.php?run_id=110202&search_id=114132&scans_id=110198&peptide_id=7066&scanf=15866&charge=2&value=1,R.VQEYGELDAK.D,/core/www/modules/show_out/show_out_wrapper.php?run_id=110202&search_id=114132&scans_id=110198&peptide_id=7066&scanf=15866&charge=2&value=R.VQEYGELDAK.D,SDAD1,1.419e+9,2.189,0.059,1.230,0.002
15869,3,"  4.104","  0.619",18/52,/core/www/modules//sdig/index.php?run_id=110202&search_id=114132&scans_id=110198&peptide_id=7069&scanf=15869&charge=3&value=18/52,sp|Q15397|PUM3_HUMAN,/core/www/modules//consensus/?run_id=110202&search_id=114132&scans_id=110198&peptide_id=7069&scanf=15869&charge=3&value=sp|Q15397|PUM3_HUMAN,0,/core/www/modules/match_peptides/blast_html4.php?run_id=110202&search_id=114132&scans_id=110198&peptide_id=7069&scanf=15869&charge=3&value=0,R.EAVVYLAHTHDGAR.V,/core/www/modules/show_out/show_out_wrapper.php?run_id=110202&search_id=114132&scans_id=110198&peptide_id=7069&scanf=15869&charge=3&value=R.EAVVYLAHTHDGAR.V,PUM3,8.080e+7,3.766,0.000,3.542,0.000
15870,2,"  2.553","  0.621",12/18,/core/www/modules//sdig/index.php?run_id=110202&search_id=114132&scans_id=110198&peptide_id=7070&scanf=15870&charge=2&value=12/18,sp|P11940|PABP1_HUMAN,/core/www/modules//consensus/?run_id=110202&search_id=114132&scans_id=110198&peptide_id=7070&scanf=15870&charge=2&value=sp|P11940|PABP1_HUMAN,11,/core/www/modules/match_peptides/blast_html4.php?run_id=110202&search_id=114132&scans_id=110198&peptide_id=7070&scanf=15870&charge=2&value=11,K.NFGEDMDDER.L,/core/www/modules/show_out/show_out_wrapper.php?run_id=110202&search_id=114132&scans_id=110198&peptide_id=7070&scanf=15870&charge=2&value=K.NFGEDMDDER.L,PABPC1,1.038e+7,3.808,0.000,3.605,0.000
15876,3,"  2.922","  0.393",12/36,/core/www/modules//sdig/index.php?run_id=110202&search_id=114132&scans_id=110198&peptide_id=7076&scanf=15876&charge=3&value=12/36,sp|P56192|SYMC_HUMAN,/core/www/modules//consensus/?run_id=110202&search_id=114132&scans_id=110198&peptide_id=7076&scanf=15876&charge=3&value=sp|P56192|SYMC_HUMAN,1,/core/www/modules/match_peptides/blast_html4.php?run_id=110202&search_id=114132&scans_id=110198&peptide_id=7076&scanf=15876&charge=3&value=1,K.KGEDVLGSVR.R,/core/www/modules/show_out/show_out_wrapper.php?run_id=110202&search_id=114132&scans_id=110198&peptide_id=7076&scanf=15876&charge=3&value=K.KGEDVLGSVR.R,MARS1,7.685e+6,2.753,0.009,2.044,0.000
15878,3,"  3.486","  0.420",12/60,/core/www/modules//sdig/index.php?run_id=110202&search_id=114132&scans_id=110198&peptide_id=7078&scanf=15878&charge=3&value=12/60,sp|Q9BUJ2|HNRL1_HUMAN,/core/www/modules//consensus/?run_id=110202&search_id=114132&scans_id=110198&peptide_id=7078&scanf=15878&charge=3&value=sp|Q9BUJ2|HNRL1_HUMAN,6,/core/www/modules/match_peptides/blast_html4.php?run_id=110202&search_id=114132&scans_id=110198&peptide_id=7078&scanf=15878&charge=3&value=6,R.RPLEMEQQQAYRPEM*K.T,/core/www/modules/show_out/show_out_wrapper.php?run_id=110202&search_id=114132&scans_id=110198&peptide_id=7078&scanf=15878&charge=3&value=R.RPLEMEQQQAYRPEM*K.T,HNRNPUL1,5.776e+6,2.777,0.008,2.079,0.000
15881,3,"  2.041","  0.375",13/36,/core/www/modules//sdig/index.php?run_id=110202&search_id=114132&scans_id=110198&peptide_id=7081&scanf=15881&charge=3&value=13/36,sp|P17987|TCPA_HUMAN,/core/www/modules//consensus/?run_id=110202&search_id=114132&scans_id=110198&peptide_id=7081&scanf=15881&charge=3&value=sp|P17987|TCPA_HUMAN,5,/core/www/modules/match_peptides/blast_html4.php?run_id=110202&search_id=114132&scans_id=110198&peptide_id=7081&scanf=15881&charge=3&value=5,K.LLEVEHPAAK.V,/core/www/modules/show_out/show_out_wrapper.php?run_id=110202&search_id=114132&scans_id=110198&peptide_id=7081&scanf=15881&charge=3&value=K.LLEVEHPAAK.V,TCP1,1.647e+8,2.902,0.005,2.264,0.000
15882,3,"  3.191","  0.539",13/48,/core/www/modules//sdig/index.php?run_id=110202&search_id=114132&scans_id=110198&peptide_id=7082&scanf=15882&charge=3&value=13/48,sp|O94776|MTA2_HUMAN,/core/www/modules//consensus/?run_id=110202&search_id=114132&scans_id=110198&peptide_id=7082&scanf=15882&charge=3&value=sp|O94776|MTA2_HUMAN,8,/core/www/modules/match_peptides/blast_html4.php?run_id=110202&search_id=114132&scans_id=110198&peptide_id=7082&scanf=15882&charge=3&value=8,R.QPSLHMSAAAASR.D,/core/www/modules/show_out/show_out_wrapper.php?run_id=110202&search_id=114132&scans_id=110198&peptide_id=7082&scanf=15882&charge=3&value=R.QPSLHMSAAAASR.D,MTA2,3.598e+7,3.320,0.001,2.881,0.000
15883,3,"  3.217","  0.403",19/44,/core/www/modules//sdig/index.php?run_id=110202&search_id=114132&scans_id=110198&peptide_id=7083&scanf=15883&charge=3&value=19/44,sp|Q9UJV9|DDX41_HUMAN,/core/www/modules//consensus/?run_id=110202&search_id=114132&scans_id=110198&peptide_id=7083&scanf=15883&charge=3&value=sp|Q9UJV9|DDX41_HUMAN,0,/core/www/modules/match_peptides/blast_html4.php?run_id=110202&search_id=114132&scans_id=110198&peptide_id=7083&scanf=15883&charge=3&value=0,R.HGVHMMVATPGR.L,/core/www/modules/show_out/show_out_wrapper.php?run_id=110202&search_id=114132&scans_id=110198&peptide_id=7083&scanf=15883&charge=3&value=R.HGVHMMVATPGR.L,DDX41,2.453e+7,3.143,0.002,2.619,0.000
15884,2,"  1.947","  0.457",9/14,/core/www/modules//sdig/index.php?run_id=110202&search_id=114132&scans_id=110198&peptide_id=7084&scanf=15884&charge=2&value=9/14,sp|P61326|MGN_HUMAN,/core/www/modules//consensus/?run_id=110202&search_id=114132&scans_id=110198&peptide_id=7084&scanf=15884&charge=2&value=sp|P61326|MGN_HUMAN,4,/core/www/modules/match_peptides/blast_html4.php?run_id=110202&search_id=114132&scans_id=110198&peptide_id=7084&scanf=15884&charge=2&value=4,K.SVMEELKR.I,/core/www/modules/show_out/show_out_wrapper.php?run_id=110202&search_id=114132&scans_id=110198&peptide_id=7084&scanf=15884&charge=2&value=K.SVMEELKR.I,MAGOH,1.461e+8,2.925,0.005,2.297,0.000
15886,2,"  2.046","  0.389",8/18,/core/www/modules//sdig/index.php?run_id=110202&search_id=114132&scans_id=110198&peptide_id=7086&scanf=15886&charge=2&value=8/18,sp|O75400|PR40A_HUMAN,/core/www/modules//consensus/?run_id=110202&search_id=114132&scans_id=110198&peptide_id=7086&scanf=15886&charge=2&value=sp|O75400|PR40A_HUMAN,5,/core/www/modules/match_peptides/blast_html4.php?run_id=110202&search_id=114132&scans_id=110198&peptide_id=7086&scanf=15886&charge=2&value=5,R.STTLDAGNIK.L,/core/www/modules/show_out/show_out_wrapper.php?run_id=110202&search_id=114132&scans_id=110198&peptide_id=7086&scanf=15886&charge=2&value=R.STTLDAGNIK.L,PRPF40A,2.077e+7,2.671,0.012,1.923,0.000
15887,3,"  5.882","  0.677",23/72,/core/www/modules//sdig/index.php?run_id=110202&search_id=114132&scans_id=110198&peptide_id=7087&scanf=15887&charge=3&value=23/72,sp|Q969G3|SMCE1_HUMAN,/core/www/modules//consensus/?run_id=110202&search_id=114132&scans_id=110198&peptide_id=7087&scanf=15887&charge=3&value=sp|Q969G3|SMCE1_HUMAN,8,/core/www/modules/match_peptides/blast_html4.php?run_id=110202&search_id=114132&scans_id=110198&peptide_id=7087&scanf=15887&charge=3&value=8,R.SQSSIVPEEEQAANKGEEK.K,/core/www/modules/show_out/show_out_wrapper.php?run_id=110202&search_id=114132&scans_id=110198&peptide_id=7087&scanf=15887&charge=3&value=R.SQSSIVPEEEQAANKGEEK.K,SMARCE1,3.232e+7,3.527,0.001,3.188,0.000
15890,2,"  2.080","  0.615",12/22,/core/www/modules//sdig/index.php?run_id=110202&search_id=114132&scans_id=110198&peptide_id=7091&scanf=15890&charge=2&value=12/22,sp|Q9Y6M1|IF2B2_HUMAN,/core/www/modules//consensus/?run_id=110202&search_id=114132&scans_id=110198&peptide_id=7091&scanf=15890&charge=2&value=sp|Q9Y6M1|IF2B2_HUMAN,1,/core/www/modules/match_peptides/blast_html4.php?run_id=110202&search_id=114132&scans_id=110198&peptide_id=7091&scanf=15890&charge=2&value=1,K.IAPAEGPDVSER.M,/core/www/modules/show_out/show_out_wrapper.php?run_id=110202&search_id=114132&scans_id=110198&peptide_id=7091&scanf=15890&charge=2&value=K.IAPAEGPDVSER.M,IGF2BP2,6.084e+7,3.521,0.001,3.179,0.000
15891,3,"  3.679","  0.552",21/60,/core/www/modules//sdig/index.php?run_id=110202&search_id=114132&scans_id=110198&peptide_id=7092&scanf=15891&charge=3&value=21/60,sp|O43837|IDH3B_HUMAN,/core/www/modules//consensus/?run_id=110202&search_id=114132&scans_id=110198&peptide_id=7092&scanf=15891&charge=3&value=sp|O43837|IDH3B_HUMAN,2,/core/www/modules/match_peptides/blast_html4.php?run_id=110202&search_id=114132&scans_id=110198&peptide_id=7092&scanf=15891&charge=3&value=2,R.EQTEGEYSSLEHESAR.G,/core/www/modules/show_out/show_out_wrapper.php?run_id=110202&search_id=114132&scans_id=110198&peptide_id=7092&scanf=15891&charge=3&value=R.EQTEGEYSSLEHESAR.G,IDH3B,1.309e+7,3.384,0.001,2.976,0.000
15892,2,"  1.722","  0.233",10/14,/core/www/modules//sdig/index.php?run_id=110202&search_id=114132&scans_id=110198&peptide_id=7093&scanf=15892&charge=2&value=10/14,sp|P12956|XRCC6_HUMAN,/core/www/modules//consensus/?run_id=110202&search_id=114132&scans_id=110198&peptide_id=7093&scanf=15892&charge=2&value=sp|P12956|XRCC6_HUMAN,1,/core/www/modules/match_peptides/blast_html4.php?run_id=110202&search_id=114132&scans_id=110198&peptide_id=7093&scanf=15892&charge=2&value=1,K.ALKPPPIK.L,/core/www/modules/show_out/show_out_wrapper.php?run_id=110202&search_id=114132&scans_id=110198&peptide_id=7093&scanf=15892&charge=2&value=K.ALKPPPIK.L,XRCC6,4.411e+7,2.729,0.010,2.009,0.000
15893,2,"  2.310","  0.178",9/14,/core/www/modules//sdig/index.php?run_id=110202&search_id=114132&scans_id=110198&peptide_id=7094&scanf=15893&charge=2&value=9/14,sp|P35579|MYH9_HUMAN,/core/www/modules//consensus/?run_id=110202&search_id=114132&scans_id=110198&peptide_id=7094&scanf=15893&charge=2&value=sp|P35579|MYH9_HUMAN,1,/core/www/modules/match_peptides/blast_html4.php?run_id=110202&search_id=114132&scans_id=110198&peptide_id=7094&scanf=15893&charge=2&value=1,K.GALALEEK.R,/core/www/modules/show_out/show_out_wrapper.php?run_id=110202&search_id=114132&scans_id=110198&peptide_id=7094&scanf=15893&charge=2&value=K.GALALEEK.R,MYH9,3.072e+7,2.489,0.022,1.658,0.001
15896,3,"  3.712","  0.547",17/48,/core/www/modules//sdig/index.php?run_id=110202&search_id=114132&scans_id=110198&peptide_id=7097&scanf=15896&charge=3&value=17/48,sp|Q02878|RL6_HUMAN,/core/www/modules//consensus/?run_id=110202&search_id=114132&scans_id=110198&peptide_id=7097&scanf=15896&charge=3&value=sp|Q02878|RL6_HUMAN,5,/core/www/modules/match_peptides/blast_html4.php?run_id=110202&search_id=114132&scans_id=110198&peptide_id=7097&scanf=15896&charge=3&value=5,K.VLATVTKPVGGDK.N,/core/www/modules/show_out/show_out_wrapper.php?run_id=110202&search_id=114132&scans_id=110198&peptide_id=7097&scanf=15896&charge=3&value=K.VLATVTKPVGGDK.N,RPL6,2.648e+8,3.528,0.001,3.189,0.000
15897,2,"  3.889","  0.647",19/22,/core/www/modules//sdig/index.php?run_id=110202&search_id=114132&scans_id=110198&peptide_id=7098&scanf=15897&charge=2&value=19/22,sp|Q14980|NUMA1_HUMAN,/core/www/modules//consensus/?run_id=110202&search_id=114132&scans_id=110198&peptide_id=7098&scanf=15897&charge=2&value=sp|Q14980|NUMA1_HUMAN,15,/core/www/modules/match_peptides/blast_html4.php?run_id=110202&search_id=114132&scans_id=110198&peptide_id=7098&scanf=15897&charge=2&value=15,R.IHGTEEGQQILK.Q,/core/www/modules/show_out/show_out_wrapper.php?run_id=110202&search_id=114132&scans_id=110198&peptide_id=7098&scanf=15897&charge=2&value=R.IHGTEEGQQILK.Q,NUMA1,1.693e+7,4.349,0.000,4.408,0.000
15898,3,"  3.174","  0.297",13/48,/core/www/modules//sdig/index.php?run_id=110202&search_id=114132&scans_id=110198&peptide_id=7099&scanf=15898&charge=3&value=13/48,sp|P0DME0|SETLP_HUMAN,/core/www/modules//consensus/?run_id=110202&search_id=114132&scans_id=110198&peptide_id=7099&scanf=15898&charge=3&value=sp|P0DME0|SETLP_HUMAN,4,/core/www/modules/match_peptides/blast_html4.php?run_id=110202&search_id=114132&scans_id=110198&peptide_id=7099&scanf=15898&charge=3&value=4,K.EFHLNESGDPSSK.S,/core/www/modules/show_out/show_out_wrapper.php?run_id=110202&search_id=114132&scans_id=110198&peptide_id=7099&scanf=15898&charge=3&value=K.EFHLNESGDPSSK.S,SETSIP,1.386e+7,2.427,0.027,1.569,0.001
15899,2,"  2.765","  0.562",11/18,/core/www/modules//sdig/index.php?run_id=110202&search_id=114132&scans_id=110198&peptide_id=7100&scanf=15899&charge=2&value=11/18,sp|P11940|PABP1_HUMAN,/core/www/modules//consensus/?run_id=110202&search_id=114132&scans_id=110198&peptide_id=7100&scanf=15899&charge=2&value=sp|P11940|PABP1_HUMAN,10,/core/www/modules/match_peptides/blast_html4.php?run_id=110202&search_id=114132&scans_id=110198&peptide_id=7100&scanf=15899&charge=2&value=10,K.NLDDGIDDER.L,/core/www/modules/show_out/show_out_wrapper.php?run_id=110202&search_id=114132&scans_id=110198&peptide_id=7100&scanf=15899&charge=2&value=K.NLDDGIDDER.L,PABPC1,1.711e+7,3.537,0.001,3.203,0.000
15902,2,"  1.293","  0.216",8/14,/core/www/modules//sdig/index.php?run_id=110202&search_id=114132&scans_id=110198&peptide_id=7103&scanf=15902&charge=2&value=8/14,sp|P23396|RS3_HUMAN,/core/www/modules//consensus/?run_id=110202&search_id=114132&scans_id=110198&peptide_id=7103&scanf=15902&charge=2&value=sp|P23396|RS3_HUMAN,8,/core/www/modules/match_peptides/blast_html4.php?run_id=110202&search_id=114132&scans_id=110198&peptide_id=7103&scanf=15902&charge=2&value=8,R.ELTAVVQK.R,/core/www/modules/show_out/show_out_wrapper.php?run_id=110202&search_id=114132&scans_id=110198&peptide_id=7103&scanf=15902&charge=2&value=R.ELTAVVQK.R,RPS3,9.294e+7,2.304,0.041,1.392,0.001
15904,2,"  2.091","  0.502",11/14,/core/www/modules//sdig/index.php?run_id=110202&search_id=114132&scans_id=110198&peptide_id=7105&scanf=15904&charge=2&value=11/14,sp|P27635|RL10_HUMAN,/core/www/modules//consensus/?run_id=110202&search_id=114132&scans_id=110198&peptide_id=7105&scanf=15904&charge=2&value=sp|P27635|RL10_HUMAN,4,/core/www/modules/match_peptides/blast_html4.php?run_id=110202&search_id=114132&scans_id=110198&peptide_id=7105&scanf=15904&charge=2&value=4,K.EHVIEALR.R,/core/www/modules/show_out/show_out_wrapper.php?run_id=110202&search_id=114132&scans_id=110198&peptide_id=7105&scanf=15904&charge=2&value=K.EHVIEALR.R,RPL10,3.045e+8,3.602,0.001,3.299,0.000
15905,3,"  5.135","  0.643",27/72,/core/www/modules//sdig/index.php?run_id=110202&search_id=114132&scans_id=110198&peptide_id=7106&scanf=15905&charge=3&value=27/72,sp|O43159|RRP8_HUMAN,/core/www/modules//consensus/?run_id=110202&search_id=114132&scans_id=110198&peptide_id=7106&scanf=15905&charge=3&value=sp|O43159|RRP8_HUMAN,1,/core/www/modules/match_peptides/blast_html4.php?run_id=110202&search_id=114132&scans_id=110198&peptide_id=7106&scanf=15905&charge=3&value=1,K.HAPINSAQHLDNVDQTGPK.A,/core/www/modules/show_out/show_out_wrapper.php?run_id=110202&search_id=114132&scans_id=110198&peptide_id=7106&scanf=15905&charge=3&value=K.HAPINSAQHLDNVDQTGPK.A,RRP8,2.196e+7,3.728,0.000,3.486,0.000
15906,2,"  3.277","  0.393",16/18,/core/www/modules//sdig/index.php?run_id=110202&search_id=114132&scans_id=110198&peptide_id=7107&scanf=15906&charge=2&value=16/18,sp|Q14683|SMC1A_HUMAN,/core/www/modules//consensus/?run_id=110202&search_id=114132&scans_id=110198&peptide_id=7107&scanf=15906&charge=2&value=sp|Q14683|SMC1A_HUMAN,1,/core/www/modules/match_peptides/blast_html4.php?run_id=110202&search_id=114132&scans_id=110198&peptide_id=7107&scanf=15906&charge=2&value=1,K.LYHNEVEIEK.L,/core/www/modules/show_out/show_out_wrapper.php?run_id=110202&search_id=114132&scans_id=110198&peptide_id=7107&scanf=15906&charge=2&value=K.LYHNEVEIEK.L,SMC1A,1.793e+7,3.489,0.001,3.132,0.000
15907,2,"  2.186","  0.285",12/12,/core/www/modules//sdig/index.php?run_id=110202&search_id=114132&scans_id=110198&peptide_id=7108&scanf=15907&charge=2&value=12/12,sp|Q8IUE6|H2A2B_HUMAN,/core/www/modules//consensus/?run_id=110202&search_id=114132&scans_id=110198&peptide_id=7108&scanf=15907&charge=2&value=sp|Q8IUE6|H2A2B_HUMAN,0,/core/www/modules/match_peptides/blast_html4.php?run_id=110202&search_id=114132&scans_id=110198&peptide_id=7108&scanf=15907&charge=2&value=0,R.HLQLAVR.N,/core/www/modules/show_out/show_out_wrapper.php?run_id=110202&search_id=114132&scans_id=110198&peptide_id=7108&scanf=15907&charge=2&value=R.HLQLAVR.N,H2AC21,3.522e+8,3.192,0.002,2.692,0.000
15908,2,"  2.015","  0.186",8/12,/core/www/modules//sdig/index.php?run_id=110202&search_id=114132&scans_id=110198&peptide_id=7109&scanf=15908&charge=2&value=8/12,sp|O95758|PTBP3_HUMAN,/core/www/modules//consensus/?run_id=110202&search_id=114132&scans_id=110198&peptide_id=7109&scanf=15908&charge=2&value=sp|O95758|PTBP3_HUMAN,8,/core/www/modules/match_peptides/blast_html4.php?run_id=110202&search_id=114132&scans_id=110198&peptide_id=7109&scanf=15908&charge=2&value=8,K.LTSLNVK.Y,/core/www/modules/show_out/show_out_wrapper.php?run_id=110202&search_id=114132&scans_id=110198&peptide_id=7109&scanf=15908&charge=2&value=K.LTSLNVK.Y,PTBP3,2.629e+8,2.426,0.027,1.567,0.001
15909,2,"  2.130","  0.346",9/14,/core/www/modules//sdig/index.php?run_id=110202&search_id=114132&scans_id=110198&peptide_id=7110&scanf=15909&charge=2&value=9/14,sp|Q15149|PLEC_HUMAN,/core/www/modules//consensus/?run_id=110202&search_id=114132&scans_id=110198&peptide_id=7110&scanf=15909&charge=2&value=sp|Q15149|PLEC_HUMAN,5,/core/www/modules/match_peptides/blast_html4.php?run_id=110202&search_id=114132&scans_id=110198&peptide_id=7110&scanf=15909&charge=2&value=5,R.LTVNEAVK.E,/core/www/modules/show_out/show_out_wrapper.php?run_id=110202&search_id=114132&scans_id=110198&peptide_id=7110&scanf=15909&charge=2&value=R.LTVNEAVK.E,PLEC,3.666e+7,3.389,0.001,2.983,0.000
15910,2,"  1.364","  0.087",7/14,/core/www/modules//sdig/index.php?run_id=110202&search_id=114132&scans_id=110198&peptide_id=7112&scanf=15910&charge=2&value=7/14,sp|Q92499|DDX1_HUMAN,/core/www/modules//consensus/?run_id=110202&search_id=114132&scans_id=110198&peptide_id=7112&scanf=15910&charge=2&value=sp|Q92499|DDX1_HUMAN,9,/core/www/modules/match_peptides/blast_html4.php?run_id=110202&search_id=114132&scans_id=110198&peptide_id=7112&scanf=15910&charge=2&value=9,K.APDGYIVK.S,/core/www/modules/show_out/show_out_wrapper.php?run_id=110202&search_id=114132&scans_id=110198&peptide_id=7112&scanf=15910&charge=2&value=K.APDGYIVK.S,DDX1,2.850e+7,1.817,0.182,0.740,0.010
15913,2,"  1.903","  0.143",7/12,/core/www/modules//sdig/index.php?run_id=110202&search_id=114132&scans_id=110198&peptide_id=7115&scanf=15913&charge=2&value=7/12,sp|Q12873|CHD3_HUMAN,/core/www/modules//consensus/?run_id=110202&search_id=114132&scans_id=110198&peptide_id=7115&scanf=15913&charge=2&value=sp|Q12873|CHD3_HUMAN,25,/core/www/modules/match_peptides/blast_html4.php?run_id=110202&search_id=114132&scans_id=110198&peptide_id=7115&scanf=15913&charge=2&value=25,R.LKADVFK.N,/core/www/modules/show_out/show_out_wrapper.php?run_id=110202&search_id=114132&scans_id=110198&peptide_id=7115&scanf=15913&charge=2&value=R.LKADVFK.N,CHD3,1.226e+7,1.893,0.147,0.833,0.007
15915,2,"  2.361","  0.421",10/18,/core/www/modules//sdig/index.php?run_id=110202&search_id=114132&scans_id=110198&peptide_id=7117&scanf=15915&charge=2&value=10/18,sp|O75190|DNJB6_HUMAN,/core/www/modules//consensus/?run_id=110202&search_id=114132&scans_id=110198&peptide_id=7117&scanf=15915&charge=2&value=sp|O75190|DNJB6_HUMAN,6,/core/www/modules/match_peptides/blast_html4.php?run_id=110202&search_id=114132&scans_id=110198&peptide_id=7117&scanf=15915&charge=2&value=6,R.VEVEEDGQLK.S,/core/www/modules/show_out/show_out_wrapper.php?run_id=110202&search_id=114132&scans_id=110198&peptide_id=7117&scanf=15915&charge=2&value=R.VEVEEDGQLK.S,DNAJB6,7.624e+7,2.894,0.006,2.252,0.000
15917,2,"  4.397","  0.655",17/26,/core/www/modules//sdig/index.php?run_id=110202&search_id=114132&scans_id=110198&peptide_id=7119&scanf=15917&charge=2&value=17/26,sp|Q92841|DDX17_HUMAN,/core/www/modules//consensus/?run_id=110202&search_id=114132&scans_id=110198&peptide_id=7119&scanf=15917&charge=2&value=sp|Q92841|DDX17_HUMAN,2,/core/www/modules/match_peptides/blast_html4.php?run_id=110202&search_id=114132&scans_id=110198&peptide_id=7119&scanf=15917&charge=2&value=2,R.SSQSSSQQFSGIGR.S,/core/www/modules/show_out/show_out_wrapper.php?run_id=110202&search_id=114132&scans_id=110198&peptide_id=7119&scanf=15917&charge=2&value=R.SSQSSSQQFSGIGR.S,DDX17,6.077e+7,3.890,0.000,3.726,0.000
15918,3,"  3.287","  0.480",12/44,/core/www/modules//sdig/index.php?run_id=110202&search_id=114132&scans_id=110198&peptide_id=7120&scanf=15918&charge=3&value=12/44,sp|Q14008|CKAP5_HUMAN,/core/www/modules//consensus/?run_id=110202&search_id=114132&scans_id=110198&peptide_id=7120&scanf=15918&charge=3&value=sp|Q14008|CKAP5_HUMAN,0,/core/www/modules/match_peptides/blast_html4.php?run_id=110202&search_id=114132&scans_id=110198&peptide_id=7120&scanf=15918&charge=3&value=0,K.VNMPAKPAPPTK.A,/core/www/modules/show_out/show_out_wrapper.php?run_id=110202&search_id=114132&scans_id=110198&peptide_id=7120&scanf=15918&charge=3&value=K.VNMPAKPAPPTK.A,CKAP5,1.409e+7,3.212,0.002,2.722,0.000
15921,2,"  1.552","  0.223",8/18,/core/www/modules//sdig/index.php?run_id=110202&search_id=114132&scans_id=110198&peptide_id=7124&scanf=15921&charge=2&value=8/18,sp|Q03252|LMNB2_HUMAN,/core/www/modules//consensus/?run_id=110202&search_id=114132&scans_id=110198&peptide_id=7124&scanf=15921&charge=2&value=sp|Q03252|LMNB2_HUMAN,0,/core/www/modules/match_peptides/blast_html4.php?run_id=110202&search_id=114132&scans_id=110198&peptide_id=7124&scanf=15921&charge=2&value=0,R.ELEEAMAGER.D,/core/www/modules/show_out/show_out_wrapper.php?run_id=110202&search_id=114132&scans_id=110198&peptide_id=7124&scanf=15921&charge=2&value=R.ELEEAMAGER.D,LMNB2,8.786e+6,1.872,0.156,0.807,0.008
15923,2,"  1.869","  0.387",12/18,/core/www/modules//sdig/index.php?run_id=110202&search_id=114132&scans_id=110198&peptide_id=7125&scanf=15923&charge=2&value=12/18,sp|Q12906|ILF3_HUMAN,/core/www/modules//consensus/?run_id=110202&search_id=114132&scans_id=110198&peptide_id=7125&scanf=15923&charge=2&value=sp|Q12906|ILF3_HUMAN,3,/core/www/modules/match_peptides/blast_html4.php?run_id=110202&search_id=114132&scans_id=110198&peptide_id=7125&scanf=15923&charge=2&value=3,K.EKPTTALLDK.V,/core/www/modules/show_out/show_out_wrapper.php?run_id=110202&search_id=114132&scans_id=110198&peptide_id=7125&scanf=15923&charge=2&value=K.EKPTTALLDK.V,ILF3,2.997e+8,3.107,0.003,2.566,0.000
15924,2,"  1.874","  0.207",10/20,/core/www/modules//sdig/index.php?run_id=110202&search_id=114132&scans_id=110198&peptide_id=7126&scanf=15924&charge=2&value=10/20,sp|Q15233|NONO_HUMAN,/core/www/modules//consensus/?run_id=110202&search_id=114132&scans_id=110198&peptide_id=7126&scanf=15924&charge=2&value=sp|Q15233|NONO_HUMAN,4,/core/www/modules/match_peptides/blast_html4.php?run_id=110202&search_id=114132&scans_id=110198&peptide_id=7126&scanf=15924&charge=2&value=4,R.AAPGAEFAPNK.R,/core/www/modules/show_out/show_out_wrapper.php?run_id=110202&search_id=114132&scans_id=110198&peptide_id=7126&scanf=15924&charge=2&value=R.AAPGAEFAPNK.R,NONO,5.233e+7,2.092,0.080,1.096,0.003
15925,2,"  2.544","  0.325",11/14,/core/www/modules//sdig/index.php?run_id=110202&search_id=114132&scans_id=110198&peptide_id=7127&scanf=15925&charge=2&value=11/14,sp|P10809|CH60_HUMAN,/core/www/modules//consensus/?run_id=110202&search_id=114132&scans_id=110198&peptide_id=7127&scanf=15925&charge=2&value=sp|P10809|CH60_HUMAN,3,/core/www/modules/match_peptides/blast_html4.php?run_id=110202&search_id=114132&scans_id=110198&peptide_id=7127&scanf=15925&charge=2&value=3,K.VGEVIVTK.D,/core/www/modules/show_out/show_out_wrapper.php?run_id=110202&search_id=114132&scans_id=110198&peptide_id=7127&scanf=15925&charge=2&value=K.VGEVIVTK.D,HSPD1,1.705e+8,3.106,0.003,2.565,0.000
15926,2,"  2.849","  0.691",14/20,/core/www/modules//sdig/index.php?run_id=110202&search_id=114132&scans_id=110198&peptide_id=7128&scanf=15926&charge=2&value=14/20,sp|P63167|DYL1_HUMAN,/core/www/modules//consensus/?run_id=110202&search_id=114132&scans_id=110198&peptide_id=7128&scanf=15926&charge=2&value=sp|P63167|DYL1_HUMAN,1,/core/www/modules/match_peptides/blast_html4.php?run_id=110202&search_id=114132&scans_id=110198&peptide_id=7128&scanf=15926&charge=2&value=1,R.NFGSYVTHETK.H,/core/www/modules/show_out/show_out_wrapper.php?run_id=110202&search_id=114132&scans_id=110198&peptide_id=7128&scanf=15926&charge=2&value=R.NFGSYVTHETK.H,DYNLL1,5.675e+7,3.979,0.000,3.859,0.000
15927,2,"  2.392","  0.447",11/16,/core/www/modules//sdig/index.php?run_id=110202&search_id=114132&scans_id=110198&peptide_id=7129&scanf=15927&charge=2&value=11/16,sp|Q9NU22|MDN1_HUMAN,/core/www/modules//consensus/?run_id=110202&search_id=114132&scans_id=110198&peptide_id=7129&scanf=15927&charge=2&value=sp|Q9NU22|MDN1_HUMAN,0,/core/www/modules/match_peptides/blast_html4.php?run_id=110202&search_id=114132&scans_id=110198&peptide_id=7129&scanf=15927&charge=2&value=0,R.VLAAVQAAR.N,/core/www/modules/show_out/show_out_wrapper.php?run_id=110202&search_id=114132&scans_id=110198&peptide_id=7129&scanf=15927&charge=2&value=R.VLAAVQAAR.N,MDN1,2.685e+7,3.449,0.001,3.072,0.000
15932,4,"  2.837","  0.401",15/84,/core/www/modules//sdig/index.php?run_id=110202&search_id=114132&scans_id=110198&peptide_id=7135&scanf=15932&charge=4&value=15/84,sp|Q96MU7|YTDC1_HUMAN,/core/www/modules//consensus/?run_id=110202&search_id=114132&scans_id=110198&peptide_id=7135&scanf=15932&charge=4&value=sp|Q96MU7|YTDC1_HUMAN,1,/core/www/modules/match_peptides/blast_html4.php?run_id=110202&search_id=114132&scans_id=110198&peptide_id=7135&scanf=15932&charge=4&value=1,K.SAHLTNPWNEHKPVK.I,/core/www/modules/show_out/show_out_wrapper.php?run_id=110202&search_id=114132&scans_id=110198&peptide_id=7135&scanf=15932&charge=4&value=K.SAHLTNPWNEHKPVK.I,YTHDC1,6.234e+7,3.098,0.003,2.553,0.000
15933,3,"  2.597","  0.319",9/44,/core/www/modules//sdig/index.php?run_id=110202&search_id=114132&scans_id=110198&peptide_id=7136&scanf=15933&charge=3&value=9/44,sp|Q13123|RED_HUMAN,/core/www/modules//consensus/?run_id=110202&search_id=114132&scans_id=110198&peptide_id=7136&scanf=15933&charge=3&value=sp|Q13123|RED_HUMAN,2,/core/www/modules/match_peptides/blast_html4.php?run_id=110202&search_id=114132&scans_id=110198&peptide_id=7136&scanf=15933&charge=3&value=2,K.KDEDPENKIEFK.T,/core/www/modules/show_out/show_out_wrapper.php?run_id=110202&search_id=114132&scans_id=110198&peptide_id=7136&scanf=15933&charge=3&value=K.KDEDPENKIEFK.T,IK,1.967e+7,1.941,0.127,0.896,0.006
15934,2,"  2.065","  0.144",9/18,/core/www/modules//sdig/index.php?run_id=110202&search_id=114132&scans_id=110198&peptide_id=7137&scanf=15934&charge=2&value=9/18,sp|Q99613|EIF3C_HUMAN,/core/www/modules//consensus/?run_id=110202&search_id=114132&scans_id=110198&peptide_id=7137&scanf=15934&charge=2&value=sp|Q99613|EIF3C_HUMAN,1,/core/www/modules/match_peptides/blast_html4.php?run_id=110202&search_id=114132&scans_id=110198&peptide_id=7137&scanf=15934&charge=2&value=1,K.LGSLVENNER.V,/core/www/modules/show_out/show_out_wrapper.php?run_id=110202&search_id=114132&scans_id=110198&peptide_id=7137&scanf=15934&charge=2&value=K.LGSLVENNER.V,EIF3C,3.042e+7,1.815,0.183,0.737,0.010
15935,2,"  1.786","  0.120",8/14,/core/www/modules//sdig/index.php?run_id=110202&search_id=114132&scans_id=110198&peptide_id=7138&scanf=15935&charge=2&value=8/14,sp|O14647|CHD2_HUMAN,/core/www/modules//consensus/?run_id=110202&search_id=114132&scans_id=110198&peptide_id=7138&scanf=15935&charge=2&value=sp|O14647|CHD2_HUMAN,4,/core/www/modules/match_peptides/blast_html4.php?run_id=110202&search_id=114132&scans_id=110198&peptide_id=7138&scanf=15935&charge=2&value=4,R.VEMSALQK.Q,/core/www/modules/show_out/show_out_wrapper.php?run_id=110202&search_id=114132&scans_id=110198&peptide_id=7138&scanf=15935&charge=2&value=R.VEMSALQK.Q,CHD2,1.748e+7,2.005,0.105,0.979,0.005
15936,2,"  2.163","  0.317",8/16,/core/www/modules//sdig/index.php?run_id=110202&search_id=114132&scans_id=110198&peptide_id=7139&scanf=15936&charge=2&value=8/16,sp|Q16822|PCKGM_HUMAN,/core/www/modules//consensus/?run_id=110202&search_id=114132&scans_id=110198&peptide_id=7139&scanf=15936&charge=2&value=sp|Q16822|PCKGM_HUMAN,1,/core/www/modules/match_peptides/blast_html4.php?run_id=110202&search_id=114132&scans_id=110198&peptide_id=7139&scanf=15936&charge=2&value=1,K.TVIVTPSQR.D,/core/www/modules/show_out/show_out_wrapper.php?run_id=110202&search_id=114132&scans_id=110198&peptide_id=7139&scanf=15936&charge=2&value=K.TVIVTPSQR.D,PCK2,2.088e+7,2.547,0.018,1.742,0.000
15937,2,"  1.823","  0.463",9/20,/core/www/modules//sdig/index.php?run_id=110202&search_id=114132&scans_id=110198&peptide_id=7140&scanf=15937&charge=2&value=9/20,sp|P47897|SYQ_HUMAN,/core/www/modules//consensus/?run_id=110202&search_id=114132&scans_id=110198&peptide_id=7140&scanf=15937&charge=2&value=sp|P47897|SYQ_HUMAN,4,/core/www/modules/match_peptides/blast_html4.php?run_id=110202&search_id=114132&scans_id=110198&peptide_id=7140&scanf=15937&charge=2&value=4,K.QHLEITGGQVR.T,/core/www/modules/show_out/show_out_wrapper.php?run_id=110202&search_id=114132&scans_id=110198&peptide_id=7140&scanf=15937&charge=2&value=K.QHLEITGGQVR.T,QARS1,1.654e+7,2.845,0.007,2.179,0.000
15938,2,"  2.282","  0.554",10/18,/core/www/modules//sdig/index.php?run_id=110202&search_id=114132&scans_id=110198&peptide_id=7141&scanf=15938&charge=2&value=10/18,sp|P60709|ACTB_HUMAN,/core/www/modules//consensus/?run_id=110202&search_id=114132&scans_id=110198&peptide_id=7141&scanf=15938&charge=2&value=sp|P60709|ACTB_HUMAN,9,/core/www/modules/match_peptides/blast_html4.php?run_id=110202&search_id=114132&scans_id=110198&peptide_id=7141&scanf=15938&charge=2&value=9,R.GYSFTTTAER.E,/core/www/modules/show_out/show_out_wrapper.php?run_id=110202&search_id=114132&scans_id=110198&peptide_id=7141&scanf=15938&charge=2&value=R.GYSFTTTAER.E,ACTB,4.451e+7,3.933,0.000,3.789,0.000
15942,2,"  2.618","  0.180",9/18,/core/www/modules//sdig/index.php?run_id=110202&search_id=114132&scans_id=110198&peptide_id=7146&scanf=15942&charge=2&value=9/18,sp|Q15149|PLEC_HUMAN,/core/www/modules//consensus/?run_id=110202&search_id=114132&scans_id=110198&peptide_id=7146&scanf=15942&charge=2&value=sp|Q15149|PLEC_HUMAN,4,/core/www/modules/match_peptides/blast_html4.php?run_id=110202&search_id=114132&scans_id=110198&peptide_id=7146&scanf=15942&charge=2&value=4,K.RQELEAELAK.V,/core/www/modules/show_out/show_out_wrapper.php?run_id=110202&search_id=114132&scans_id=110198&peptide_id=7146&scanf=15942&charge=2&value=K.RQELEAELAK.V,PLEC,1.390e+7,2.323,0.038,1.419,0.001
15944,2,"  2.444","  0.432",13/16,/core/www/modules//sdig/index.php?run_id=110202&search_id=114132&scans_id=110198&peptide_id=7147&scanf=15944&charge=2&value=13/16,sp|Q15397|PUM3_HUMAN,/core/www/modules//consensus/?run_id=110202&search_id=114132&scans_id=110198&peptide_id=7147&scanf=15944&charge=2&value=sp|Q15397|PUM3_HUMAN,0,/core/www/modules/match_peptides/blast_html4.php?run_id=110202&search_id=114132&scans_id=110198&peptide_id=7147&scanf=15944&charge=2&value=0,K.TLVEHVGMK.N,/core/www/modules/show_out/show_out_wrapper.php?run_id=110202&search_id=114132&scans_id=110198&peptide_id=7147&scanf=15944&charge=2&value=K.TLVEHVGMK.N,PUM3,8.263e+7,3.437,0.001,3.054,0.000
15945,3,"  3.089","  0.611",17/44,/core/www/modules//sdig/index.php?run_id=110202&search_id=114132&scans_id=110198&peptide_id=7148&scanf=15945&charge=3&value=17/44,sp|Q13509|TBB3_HUMAN,/core/www/modules//consensus/?run_id=110202&search_id=114132&scans_id=110198&peptide_id=7148&scanf=15945&charge=3&value=sp|Q13509|TBB3_HUMAN,5,/core/www/modules/match_peptides/blast_html4.php?run_id=110202&search_id=114132&scans_id=110198&peptide_id=7148&scanf=15945&charge=3&value=5,R.ISVYYNEASSHK.Y,/core/www/modules/show_out/show_out_wrapper.php?run_id=110202&search_id=114132&scans_id=110198&peptide_id=7148&scanf=15945&charge=3&value=R.ISVYYNEASSHK.Y,TUBB3,3.482e+7,3.724,0.000,3.480,0.000
15946,2,"  2.337","  0.392",12/20,/core/www/modules//sdig/index.php?run_id=110202&search_id=114132&scans_id=110198&peptide_id=7149&scanf=15946&charge=2&value=12/20,sp|Q96SI9|STRBP_HUMAN,/core/www/modules//consensus/?run_id=110202&search_id=114132&scans_id=110198&peptide_id=7149&scanf=15946&charge=2&value=sp|Q96SI9|STRBP_HUMAN,0,/core/www/modules/match_peptides/blast_html4.php?run_id=110202&search_id=114132&scans_id=110198&peptide_id=7149&scanf=15946&charge=2&value=0,R.TQGPILTASGK.N,/core/www/modules/show_out/show_out_wrapper.php?run_id=110202&search_id=114132&scans_id=110198&peptide_id=7149&scanf=15946&charge=2&value=R.TQGPILTASGK.N,STRBP,3.461e+7,2.854,0.006,2.192,0.000
15947,3,"  2.669","  0.411",18/40,/core/www/modules//sdig/index.php?run_id=110202&search_id=114132&scans_id=110198&peptide_id=7150&scanf=15947&charge=3&value=18/40,sp|Q8N1G4|LRC47_HUMAN,/core/www/modules//consensus/?run_id=110202&search_id=114132&scans_id=110198&peptide_id=7150&scanf=15947&charge=3&value=sp|Q8N1G4|LRC47_HUMAN,0,/core/www/modules/match_peptides/blast_html4.php?run_id=110202&search_id=114132&scans_id=110198&peptide_id=7150&scanf=15947&charge=3&value=0,R.TAATLATHELR.A,/core/www/modules/show_out/show_out_wrapper.php?run_id=110202&search_id=114132&scans_id=110198&peptide_id=7150&scanf=15947&charge=3&value=R.TAATLATHELR.A,LRRC47,2.593e+7,3.108,0.003,2.567,0.000
15948,3,"  5.949","  0.710",24/72,/core/www/modules//sdig/index.php?run_id=110202&search_id=114132&scans_id=110198&peptide_id=7151&scanf=15948&charge=3&value=24/72,sp|Q9BXP5|SRRT_HUMAN,/core/www/modules//consensus/?run_id=110202&search_id=114132&scans_id=110198&peptide_id=7151&scanf=15948&charge=3&value=sp|Q9BXP5|SRRT_HUMAN,0,/core/www/modules/match_peptides/blast_html4.php?run_id=110202&search_id=114132&scans_id=110198&peptide_id=7151&scanf=15948&charge=3&value=0,R.ILEQEEEEEQAGKPGEPSK.K,/core/www/modules/show_out/show_out_wrapper.php?run_id=110202&search_id=114132&scans_id=110198&peptide_id=7151&scanf=15948&charge=3&value=R.ILEQEEEEEQAGKPGEPSK.K,SRRT,2.204e+7,3.970,0.000,3.844,0.000
15949,3,"  2.497","  0.127",11/48,/core/www/modules//sdig/index.php?run_id=110202&search_id=114132&scans_id=110198&peptide_id=7152&scanf=15949&charge=3&value=11/48,sp|P55060|XPO2_HUMAN,/core/www/modules//consensus/?run_id=110202&search_id=114132&scans_id=110198&peptide_id=7152&scanf=15949&charge=3&value=sp|P55060|XPO2_HUMAN,0,/core/www/modules/match_peptides/blast_html4.php?run_id=110202&search_id=114132&scans_id=110198&peptide_id=7152&scanf=15949&charge=3&value=0,K.EHDPVGQMVNNPK.I,/core/www/modules/show_out/show_out_wrapper.php?run_id=110202&search_id=114132&scans_id=110198&peptide_id=7152&scanf=15949&charge=3&value=K.EHDPVGQMVNNPK.I,CSE1L,2.435e+7,1.883,0.151,0.821,0.008
15950,2,"  1.825","  0.251",11/20,/core/www/modules//sdig/index.php?run_id=110202&search_id=114132&scans_id=110198&peptide_id=7154&scanf=15950&charge=2&value=11/20,sp|Q9BV38|WDR18_HUMAN,/core/www/modules//consensus/?run_id=110202&search_id=114132&scans_id=110198&peptide_id=7154&scanf=15950&charge=2&value=sp|Q9BV38|WDR18_HUMAN,4,/core/www/modules/match_peptides/blast_html4.php?run_id=110202&search_id=114132&scans_id=110198&peptide_id=7154&scanf=15950&charge=2&value=4,R.VATSSLDQTVK.L,/core/www/modules/show_out/show_out_wrapper.php?run_id=110202&search_id=114132&scans_id=110198&peptide_id=7154&scanf=15950&charge=2&value=R.VATSSLDQTVK.L,WDR18,3.115e+7,2.307,0.040,1.396,0.001
15951,2,"  1.950","  0.294",8/12,/core/www/modules//sdig/index.php?run_id=110202&search_id=114132&scans_id=110198&peptide_id=7155&scanf=15951&charge=2&value=8/12,sp|Q5T280|CI114_HUMAN,/core/www/modules//consensus/?run_id=110202&search_id=114132&scans_id=110198&peptide_id=7155&scanf=15951&charge=2&value=sp|Q5T280|CI114_HUMAN,0,/core/www/modules/match_peptides/blast_html4.php?run_id=110202&search_id=114132&scans_id=110198&peptide_id=7155&scanf=15951&charge=2&value=0,K.NLEPGLR.V,/core/www/modules/show_out/show_out_wrapper.php?run_id=110202&search_id=114132&scans_id=110198&peptide_id=7155&scanf=15951&charge=2&value=K.NLEPGLR.V,SPOUT1,1.862e+7,2.763,0.009,2.058,0.000
15953,2,"  1.426","  0.296",7/12,/core/www/modules//sdig/index.php?run_id=110202&search_id=114132&scans_id=110198&peptide_id=7157&scanf=15953&charge=2&value=7/12,sp|Q9NTI5|PDS5B_HUMAN,/core/www/modules//consensus/?run_id=110202&search_id=114132&scans_id=110198&peptide_id=7157&scanf=15953&charge=2&value=sp|Q9NTI5|PDS5B_HUMAN,1,/core/www/modules/match_peptides/blast_html4.php?run_id=110202&search_id=114132&scans_id=110198&peptide_id=7157&scanf=15953&charge=2&value=1,R.FFTQPDK.N,/core/www/modules/show_out/show_out_wrapper.php?run_id=110202&search_id=114132&scans_id=110198&peptide_id=7157&scanf=15953&charge=2&value=R.FFTQPDK.N,PDS5B,5.176e+7,2.630,0.014,1.863,0.000
15954,2,"  3.007","  0.448",12/20,/core/www/modules//sdig/index.php?run_id=110202&search_id=114132&scans_id=110198&peptide_id=7158&scanf=15954&charge=2&value=12/20,sp|Q13813|SPTN1_HUMAN,/core/www/modules//consensus/?run_id=110202&search_id=114132&scans_id=110198&peptide_id=7158&scanf=15954&charge=2&value=sp|Q13813|SPTN1_HUMAN,2,/core/www/modules/match_peptides/blast_html4.php?run_id=110202&search_id=114132&scans_id=110198&peptide_id=7158&scanf=15954&charge=2&value=2,R.NTTGVTEEALK.E,/core/www/modules/show_out/show_out_wrapper.php?run_id=110202&search_id=114132&scans_id=110198&peptide_id=7158&scanf=15954&charge=2&value=R.NTTGVTEEALK.E,SPTAN1,7.447e+7,3.199,0.002,2.702,0.000
15956,3,"  2.346","  0.414",10/36,/core/www/modules//sdig/index.php?run_id=110202&search_id=114132&scans_id=110198&peptide_id=7160&scanf=15956&charge=3&value=10/36,sp|P26006|ITA3_HUMAN,/core/www/modules//consensus/?run_id=110202&search_id=114132&scans_id=110198&peptide_id=7160&scanf=15956&charge=3&value=sp|P26006|ITA3_HUMAN,1,/core/www/modules/match_peptides/blast_html4.php?run_id=110202&search_id=114132&scans_id=110198&peptide_id=7160&scanf=15956&charge=3&value=1,R.ARPVINIVHK.T,/core/www/modules/show_out/show_out_wrapper.php?run_id=110202&search_id=114132&scans_id=110198&peptide_id=7160&scanf=15956&charge=3&value=R.ARPVINIVHK.T,ITGA3,1.483e+7,2.931,0.005,2.306,0.000
15958,2,"  2.247","  0.285",6/14,/core/www/modules//sdig/index.php?run_id=110202&search_id=114132&scans_id=110198&peptide_id=7162&scanf=15958&charge=2&value=6/14,sp|Q8IXT5|RB12B_HUMAN,/core/www/modules//consensus/?run_id=110202&search_id=114132&scans_id=110198&peptide_id=7162&scanf=15958&charge=2&value=sp|Q8IXT5|RB12B_HUMAN,0,/core/www/modules/match_peptides/blast_html4.php?run_id=110202&search_id=114132&scans_id=110198&peptide_id=7162&scanf=15958&charge=2&value=0,R.RPLEEDWR.R,/core/www/modules/show_out/show_out_wrapper.php?run_id=110202&search_id=114132&scans_id=110198&peptide_id=7162&scanf=15958&charge=2&value=R.RPLEEDWR.R,RBM12B,1.458e+7,2.459,0.024,1.615,0.001
15959,2,"  2.229","  0.452",11/14,/core/www/modules//sdig/index.php?run_id=110202&search_id=114132&scans_id=110198&peptide_id=7163&scanf=15959&charge=2&value=11/14,sp|Q9BVP2|GNL3_HUMAN,/core/www/modules//consensus/?run_id=110202&search_id=114132&scans_id=110198&peptide_id=7163&scanf=15959&charge=2&value=sp|Q9BVP2|GNL3_HUMAN,0,/core/www/modules/match_peptides/blast_html4.php?run_id=110202&search_id=114132&scans_id=110198&peptide_id=7163&scanf=15959&charge=2&value=0,K.DIHEELPK.R,/core/www/modules/show_out/show_out_wrapper.php?run_id=110202&search_id=114132&scans_id=110198&peptide_id=7163&scanf=15959&charge=2&value=K.DIHEELPK.R,GNL3,3.898e+7,3.455,0.001,3.082,0.000
15960,3,"  2.248","  0.300",11/36,/core/www/modules//sdig/index.php?run_id=110202&search_id=114132&scans_id=110198&peptide_id=7165&scanf=15960&charge=3&value=11/36,sp|Q9Y6M1|IF2B2_HUMAN,/core/www/modules//consensus/?run_id=110202&search_id=114132&scans_id=110198&peptide_id=7165&scanf=15960&charge=3&value=sp|Q9Y6M1|IF2B2_HUMAN,1,/core/www/modules/match_peptides/blast_html4.php?run_id=110202&search_id=114132&scans_id=110198&peptide_id=7165&scanf=15960&charge=3&value=1,K.ILAHNGLVGR.L,/core/www/modules/show_out/show_out_wrapper.php?run_id=110202&search_id=114132&scans_id=110198&peptide_id=7165&scanf=15960&charge=3&value=K.ILAHNGLVGR.L,IGF2BP2,2.134e+7,2.649,0.013,1.891,0.000
15961,2,"  2.902","  0.615",15/26,/core/www/modules//sdig/index.php?run_id=110202&search_id=114132&scans_id=110198&peptide_id=7166&scanf=15961&charge=2&value=15/26,sp|O00567|NOP56_HUMAN,/core/www/modules//consensus/?run_id=110202&search_id=114132&scans_id=110198&peptide_id=7166&scanf=15961&charge=2&value=sp|O00567|NOP56_HUMAN,0,/core/www/modules/match_peptides/blast_html4.php?run_id=110202&search_id=114132&scans_id=110198&peptide_id=7166&scanf=15961&charge=2&value=0,K.EEPVSSGPEEAVGK.S,/core/www/modules/show_out/show_out_wrapper.php?run_id=110202&search_id=114132&scans_id=110198&peptide_id=7166&scanf=15961&charge=2&value=K.EEPVSSGPEEAVGK.S,NOP56,3.727e+7,3.574,0.001,3.258,0.000
15962,3,"  5.212","  0.665",20/56,/core/www/modules//sdig/index.php?run_id=110202&search_id=114132&scans_id=110198&peptide_id=7167&scanf=15962&charge=3&value=20/56,sp|Q9NR30|DDX21_HUMAN,/core/www/modules//consensus/?run_id=110202&search_id=114132&scans_id=110198&peptide_id=7167&scanf=15962&charge=3&value=sp|Q9NR30|DDX21_HUMAN,4,/core/www/modules/match_peptides/blast_html4.php?run_id=110202&search_id=114132&scans_id=110198&peptide_id=7167&scanf=15962&charge=3&value=4,K.NEEPSEEEIDAPKPK.K,/core/www/modules/show_out/show_out_wrapper.php?run_id=110202&search_id=114132&scans_id=110198&peptide_id=7167&scanf=15962&charge=3&value=K.NEEPSEEEIDAPKPK.K,DDX21,1.188e+8,4.015,0.000,3.912,0.000
15963,2,"  2.982","  0.438",12/14,/core/www/modules//sdig/index.php?run_id=110202&search_id=114132&scans_id=110198&peptide_id=7168&scanf=15963&charge=2&value=12/14,sp|Q15008|PSMD6_HUMAN,/core/www/modules//consensus/?run_id=110202&search_id=114132&scans_id=110198&peptide_id=7168&scanf=15963&charge=2&value=sp|Q15008|PSMD6_HUMAN,0,/core/www/modules/match_peptides/blast_html4.php?run_id=110202&search_id=114132&scans_id=110198&peptide_id=7168&scanf=15963&charge=2&value=0,K.KGDLLLNR.V,/core/www/modules/show_out/show_out_wrapper.php?run_id=110202&search_id=114132&scans_id=110198&peptide_id=7168&scanf=15963&charge=2&value=K.KGDLLLNR.V,PSMD6,2.095e+7,3.199,0.002,2.702,0.000
15965,2,"  2.177","  0.544",12/18,/core/www/modules//sdig/index.php?run_id=110202&search_id=114132&scans_id=110198&peptide_id=7169&scanf=15965&charge=2&value=12/18,sp|Q9NR30|DDX21_HUMAN,/core/www/modules//consensus/?run_id=110202&search_id=114132&scans_id=110198&peptide_id=7169&scanf=15965&charge=2&value=sp|Q9NR30|DDX21_HUMAN,4,/core/www/modules/match_peptides/blast_html4.php?run_id=110202&search_id=114132&scans_id=110198&peptide_id=7169&scanf=15965&charge=2&value=4,K.EQLGEEIDSK.V,/core/www/modules/show_out/show_out_wrapper.php?run_id=110202&search_id=114132&scans_id=110198&peptide_id=7169&scanf=15965&charge=2&value=K.EQLGEEIDSK.V,DDX21,1.100e+8,3.571,0.001,3.254,0.000
15966,2,"  2.231","  0.444",10/16,/core/www/modules//sdig/index.php?run_id=110202&search_id=114132&scans_id=110198&peptide_id=7170&scanf=15966&charge=2&value=10/16,sp|P53621|COPA_HUMAN,/core/www/modules//consensus/?run_id=110202&search_id=114132&scans_id=110198&peptide_id=7170&scanf=15966&charge=2&value=sp|P53621|COPA_HUMAN,4,/core/www/modules/match_peptides/blast_html4.php?run_id=110202&search_id=114132&scans_id=110198&peptide_id=7170&scanf=15966&charge=2&value=4,R.VTTVTEIGK.D,/core/www/modules/show_out/show_out_wrapper.php?run_id=110202&search_id=114132&scans_id=110198&peptide_id=7170&scanf=15966&charge=2&value=R.VTTVTEIGK.D,COPA,4.344e+7,3.224,0.002,2.739,0.000
15967,2,"  1.364","  0.143",7/12,/core/www/modules//sdig/index.php?run_id=110202&search_id=114132&scans_id=110198&peptide_id=7171&scanf=15967&charge=2&value=7/12,sp|P17480|UBF1_HUMAN,/core/www/modules//consensus/?run_id=110202&search_id=114132&scans_id=110198&peptide_id=7171&scanf=15967&charge=2&value=sp|P17480|UBF1_HUMAN,2,/core/www/modules/match_peptides/blast_html4.php?run_id=110202&search_id=114132&scans_id=110198&peptide_id=7171&scanf=15967&charge=2&value=2,K.YIQDFQR.E,/core/www/modules/show_out/show_out_wrapper.php?run_id=110202&search_id=114132&scans_id=110198&peptide_id=7171&scanf=15967&charge=2&value=K.YIQDFQR.E,UBTF,3.295e+7,2.141,0.069,1.163,0.002
15968,2,"  2.205","  0.497",9/14,/core/www/modules//sdig/index.php?run_id=110202&search_id=114132&scans_id=110198&peptide_id=7172&scanf=15968&charge=2&value=9/14,sp|Q07955|SRSF1_HUMAN,/core/www/modules//consensus/?run_id=110202&search_id=114132&scans_id=110198&peptide_id=7172&scanf=15968&charge=2&value=sp|Q07955|SRSF1_HUMAN,2,/core/www/modules/match_peptides/blast_html4.php?run_id=110202&search_id=114132&scans_id=110198&peptide_id=7172&scanf=15968&charge=2&value=2,K.EDMTYAVR.K,/core/www/modules/show_out/show_out_wrapper.php?run_id=110202&search_id=114132&scans_id=110198&peptide_id=7172&scanf=15968&charge=2&value=K.EDMTYAVR.K,SRSF1,8.754e+7,3.468,0.001,3.100,0.000
15970,2,"  1.407","  0.268",8/14,/core/www/modules//sdig/index.php?run_id=110202&search_id=114132&scans_id=110198&peptide_id=7175&scanf=15970&charge=2&value=8/14,sp|Q9NXF1|TEX10_HUMAN,/core/www/modules//consensus/?run_id=110202&search_id=114132&scans_id=110198&peptide_id=7175&scanf=15970&charge=2&value=sp|Q9NXF1|TEX10_HUMAN,0,/core/www/modules/match_peptides/blast_html4.php?run_id=110202&search_id=114132&scans_id=110198&peptide_id=7175&scanf=15970&charge=2&value=0,K.SLQATALR.I,/core/www/modules/show_out/show_out_wrapper.php?run_id=110202&search_id=114132&scans_id=110198&peptide_id=7175&scanf=15970&charge=2&value=K.SLQATALR.I,TEX10,2.033e+7,2.554,0.018,1.753,0.000
15971,2,"  2.375","  0.618",9/14,/core/www/modules//sdig/index.php?run_id=110202&search_id=114132&scans_id=110198&peptide_id=7176&scanf=15971&charge=2&value=9/14,sp|Q8TDD1|DDX54_HUMAN,/core/www/modules//consensus/?run_id=110202&search_id=114132&scans_id=110198&peptide_id=7176&scanf=15971&charge=2&value=sp|Q8TDD1|DDX54_HUMAN,1,/core/www/modules/match_peptides/blast_html4.php?run_id=110202&search_id=114132&scans_id=110198&peptide_id=7176&scanf=15971&charge=2&value=1,R.FEEEELQR.L,/core/www/modules/show_out/show_out_wrapper.php?run_id=110202&search_id=114132&scans_id=110198&peptide_id=7176&scanf=15971&charge=2&value=R.FEEEELQR.L,DDX54,4.674e+7,3.811,0.000,3.610,0.000
15974,2,"  1.564","  0.403",8/14,/core/www/modules//sdig/index.php?run_id=110202&search_id=114132&scans_id=110198&peptide_id=7179&scanf=15974&charge=2&value=8/14,sp|P31150|GDIA_HUMAN,/core/www/modules//consensus/?run_id=110202&search_id=114132&scans_id=110198&peptide_id=7179&scanf=15974&charge=2&value=sp|P31150|GDIA_HUMAN,3,/core/www/modules/match_peptides/blast_html4.php?run_id=110202&search_id=114132&scans_id=110198&peptide_id=7179&scanf=15974&charge=2&value=3,K.LYSESLAR.Y,/core/www/modules/show_out/show_out_wrapper.php?run_id=110202&search_id=114132&scans_id=110198&peptide_id=7179&scanf=15974&charge=2&value=K.LYSESLAR.Y,GDI1,1.508e+7,2.894,0.006,2.251,0.000
15975,3,"  2.897","  0.357",15/48,/core/www/modules//sdig/index.php?run_id=110202&search_id=114132&scans_id=110198&peptide_id=7180&scanf=15975&charge=3&value=15/48,sp|P35606|COPB2_HUMAN,/core/www/modules//consensus/?run_id=110202&search_id=114132&scans_id=110198&peptide_id=7180&scanf=15975&charge=3&value=sp|P35606|COPB2_HUMAN,3,/core/www/modules/match_peptides/blast_html4.php?run_id=110202&search_id=114132&scans_id=110198&peptide_id=7180&scanf=15975&charge=3&value=3,K.QQALTVSTDPEHR.F,/core/www/modules/show_out/show_out_wrapper.php?run_id=110202&search_id=114132&scans_id=110198&peptide_id=7180&scanf=15975&charge=3&value=K.QQALTVSTDPEHR.F,COPB2,1.463e+7,2.784,0.008,2.090,0.000
15976,3,"  4.127","  0.175",18/52,/core/www/modules//sdig/index.php?run_id=110202&search_id=114132&scans_id=110198&peptide_id=7181&scanf=15976&charge=3&value=18/52,sp|P08670|VIME_HUMAN,/core/www/modules//consensus/?run_id=110202&search_id=114132&scans_id=110198&peptide_id=7181&scanf=15976&charge=3&value=sp|P08670|VIME_HUMAN,2,/core/www/modules/match_peptides/blast_html4.php?run_id=110202&search_id=114132&scans_id=110198&peptide_id=7181&scanf=15976&charge=3&value=2,R.LQDEIQNM*KEEMAR.H,/core/www/modules/show_out/show_out_wrapper.php?run_id=110202&search_id=114132&scans_id=110198&peptide_id=7181&scanf=15976&charge=3&value=R.LQDEIQNM*KEEMAR.H,VIM,3.714e+7,3.310,0.001,2.867,0.000
15977,2,"  3.071","  0.452",14/34,/core/www/modules//sdig/index.php?run_id=110202&search_id=114132&scans_id=110198&peptide_id=7182&scanf=15977&charge=2&value=14/34,sp|O95232|LC7L3_HUMAN,/core/www/modules//consensus/?run_id=110202&search_id=114132&scans_id=110198&peptide_id=7182&scanf=15977&charge=2&value=sp|O95232|LC7L3_HUMAN,2,/core/www/modules/match_peptides/blast_html4.php?run_id=110202&search_id=114132&scans_id=110198&peptide_id=7182&scanf=15977&charge=2&value=2,R.LALSQNQQSSGAAGPTGK.N,/core/www/modules/show_out/show_out_wrapper.php?run_id=110202&search_id=114132&scans_id=110198&peptide_id=7182&scanf=15977&charge=2&value=R.LALSQNQQSSGAAGPTGK.N,LUC7L3,1.321e+7,2.581,0.016,1.792,0.000
15983,2,"  1.810","  0.409",8/14,/core/www/modules//sdig/index.php?run_id=110202&search_id=114132&scans_id=110198&peptide_id=7189&scanf=15983&charge=2&value=8/14,sp|Q9Y3Y2|CHTOP_HUMAN,/core/www/modules//consensus/?run_id=110202&search_id=114132&scans_id=110198&peptide_id=7189&scanf=15983&charge=2&value=sp|Q9Y3Y2|CHTOP_HUMAN,2,/core/www/modules/match_peptides/blast_html4.php?run_id=110202&search_id=114132&scans_id=110198&peptide_id=7189&scanf=15983&charge=2&value=2,K.QPTPVNIR.A,/core/www/modules/show_out/show_out_wrapper.php?run_id=110202&search_id=114132&scans_id=110198&peptide_id=7189&scanf=15983&charge=2&value=K.QPTPVNIR.A,CHTOP,4.556e+7,2.955,0.005,2.342,0.000
15987,2,"  2.478","  0.461",11/14,/core/www/modules//sdig/index.php?run_id=110202&search_id=114132&scans_id=110198&peptide_id=7192&scanf=15987&charge=2&value=11/14,sp|P14678|RSMB_HUMAN,/core/www/modules//consensus/?run_id=110202&search_id=114132&scans_id=110198&peptide_id=7192&scanf=15987&charge=2&value=sp|P14678|RSMB_HUMAN,4,/core/www/modules/match_peptides/blast_html4.php?run_id=110202&search_id=114132&scans_id=110198&peptide_id=7192&scanf=15987&charge=2&value=4,K.MLQHIDYR.M,/core/www/modules/show_out/show_out_wrapper.php?run_id=110202&search_id=114132&scans_id=110198&peptide_id=7192&scanf=15987&charge=2&value=K.MLQHIDYR.M,SNRPB,4.298e+8,3.463,0.001,3.093,0.000
15989,2,"  1.747","  0.300",9/16,/core/www/modules//sdig/index.php?run_id=110202&search_id=114132&scans_id=110198&peptide_id=7194&scanf=15989&charge=2&value=9/16,sp|P12956|XRCC6_HUMAN,/core/www/modules//consensus/?run_id=110202&search_id=114132&scans_id=110198&peptide_id=7194&scanf=15989&charge=2&value=sp|P12956|XRCC6_HUMAN,1,/core/www/modules/match_peptides/blast_html4.php?run_id=110202&search_id=114132&scans_id=110198&peptide_id=7194&scanf=15989&charge=2&value=1,K.VEYSEEELK.T,/core/www/modules/show_out/show_out_wrapper.php?run_id=110202&search_id=114132&scans_id=110198&peptide_id=7194&scanf=15989&charge=2&value=K.VEYSEEELK.T,XRCC6,1.635e+8,2.698,0.011,1.963,0.000
15991,3,"  3.472","  0.632",17/44,/core/www/modules//sdig/index.php?run_id=110202&search_id=114132&scans_id=110198&peptide_id=7197&scanf=15991&charge=3&value=17/44,sp|P07237|PDIA1_HUMAN,/core/www/modules//consensus/?run_id=110202&search_id=114132&scans_id=110198&peptide_id=7197&scanf=15991&charge=3&value=sp|P07237|PDIA1_HUMAN,30,/core/www/modules/match_peptides/blast_html4.php?run_id=110202&search_id=114132&scans_id=110198&peptide_id=7197&scanf=15991&charge=3&value=30,R.KSNFAEALAAHK.Y,/core/www/modules/show_out/show_out_wrapper.php?run_id=110202&search_id=114132&scans_id=110198&peptide_id=7197&scanf=15991&charge=3&value=R.KSNFAEALAAHK.Y,P4HB,7.390e+7,3.599,0.001,3.295,0.000
15998,2,"  2.788","  0.368",13/16,/core/www/modules//sdig/index.php?run_id=110202&search_id=114132&scans_id=110198&peptide_id=7204&scanf=15998&charge=2&value=13/16,sp|P02545|LMNA_HUMAN,/core/www/modules//consensus/?run_id=110202&search_id=114132&scans_id=110198&peptide_id=7204&scanf=15998&charge=2&value=sp|P02545|LMNA_HUMAN,7,/core/www/modules/match_peptides/blast_html4.php?run_id=110202&search_id=114132&scans_id=110198&peptide_id=7204&scanf=15998&charge=2&value=7,K.KQLQDEMLR.R,/core/www/modules/show_out/show_out_wrapper.php?run_id=110202&search_id=114132&scans_id=110198&peptide_id=7204&scanf=15998&charge=2&value=K.KQLQDEMLR.R,LMNA,5.743e+7,3.018,0.004,2.435,0.000
16001,2,"  2.163","  0.286",10/16,/core/www/modules//sdig/index.php?run_id=110202&search_id=114132&scans_id=110198&peptide_id=7208&scanf=16001&charge=2&value=10/16,sp|O75643|U520_HUMAN,/core/www/modules//consensus/?run_id=110202&search_id=114132&scans_id=110198&peptide_id=7208&scanf=16001&charge=2&value=sp|O75643|U520_HUMAN,1,/core/www/modules/match_peptides/blast_html4.php?run_id=110202&search_id=114132&scans_id=110198&peptide_id=7208&scanf=16001&charge=2&value=1,R.MLLQSSEGR.C,/core/www/modules/show_out/show_out_wrapper.php?run_id=110202&search_id=114132&scans_id=110198&peptide_id=7208&scanf=16001&charge=2&value=R.MLLQSSEGR.C,SNRNP200,3.456e+7,2.877,0.006,2.226,0.000
16005,2,"  2.146","  0.197",8/14,/core/www/modules//sdig/index.php?run_id=110202&search_id=114132&scans_id=110198&peptide_id=7212&scanf=16005&charge=2&value=8/14,sp|Q96MU7|YTDC1_HUMAN,/core/www/modules//consensus/?run_id=110202&search_id=114132&scans_id=110198&peptide_id=7212&scanf=16005&charge=2&value=sp|Q96MU7|YTDC1_HUMAN,1,/core/www/modules/match_peptides/blast_html4.php?run_id=110202&search_id=114132&scans_id=110198&peptide_id=7212&scanf=16005&charge=2&value=1,R.IGLEVDRR.A,/core/www/modules/show_out/show_out_wrapper.php?run_id=110202&search_id=114132&scans_id=110198&peptide_id=7212&scanf=16005&charge=2&value=R.IGLEVDRR.A,YTHDC1,1.506e+7,2.018,0.101,0.996,0.005
16007,2,"  1.989","  0.510",9/16,/core/www/modules//sdig/index.php?run_id=110202&search_id=114132&scans_id=110198&peptide_id=7213&scanf=16007&charge=2&value=9/16,sp|Q07955|SRSF1_HUMAN,/core/www/modules//consensus/?run_id=110202&search_id=114132&scans_id=110198&peptide_id=7213&scanf=16007&charge=2&value=sp|Q07955|SRSF1_HUMAN,1,/core/www/modules/match_peptides/blast_html4.php?run_id=110202&search_id=114132&scans_id=110198&peptide_id=7213&scanf=16007&charge=2&value=1,R.DGYDYDGYR.L,/core/www/modules/show_out/show_out_wrapper.php?run_id=110202&search_id=114132&scans_id=110198&peptide_id=7213&scanf=16007&charge=2&value=R.DGYDYDGYR.L,SRSF1,1.568e+8,3.354,0.001,2.932,0.000
16008,4,"  3.103","  0.384",16/90,/core/www/modules//sdig/index.php?run_id=110202&search_id=114132&scans_id=110198&peptide_id=7214&scanf=16008&charge=4&value=16/90,sp|P14618|KPYM_HUMAN,/core/www/modules//consensus/?run_id=110202&search_id=114132&scans_id=110198&peptide_id=7214&scanf=16008&charge=4&value=sp|P14618|KPYM_HUMAN,9,/core/www/modules/match_peptides/blast_html4.php?run_id=110202&search_id=114132&scans_id=110198&peptide_id=7214&scanf=16008&charge=4&value=9,R.LNFSHGTHEYHAETIK.N,/core/www/modules/show_out/show_out_wrapper.php?run_id=110202&search_id=114132&scans_id=110198&peptide_id=7214&scanf=16008&charge=4&value=R.LNFSHGTHEYHAETIK.N,PKM,3.041e+7,3.042,0.003,2.470,0.000
16015,2,"  2.225","  0.283",10/16,/core/www/modules//sdig/index.php?run_id=110202&search_id=114132&scans_id=110198&peptide_id=7222&scanf=16015&charge=2&value=10/16,sp|Q16352|AINX_HUMAN,/core/www/modules//consensus/?run_id=110202&search_id=114132&scans_id=110198&peptide_id=7222&scanf=16015&charge=2&value=sp|Q16352|AINX_HUMAN,0,/core/www/modules/match_peptides/blast_html4.php?run_id=110202&search_id=114132&scans_id=110198&peptide_id=7222&scanf=16015&charge=2&value=0,R.DGLAEEVQR.L,/core/www/modules/show_out/show_out_wrapper.php?run_id=110202&search_id=114132&scans_id=110198&peptide_id=7222&scanf=16015&charge=2&value=R.DGLAEEVQR.L,INA,1.752e+7,2.580,0.016,1.791,0.000
16019,2,"  1.837","  0.185",7/14,/core/www/modules//sdig/index.php?run_id=110202&search_id=114132&scans_id=110198&peptide_id=7226&scanf=16019&charge=2&value=7/14,sp|B9A064|IGLL5_HUMAN,/core/www/modules//consensus/?run_id=110202&search_id=114132&scans_id=110198&peptide_id=7226&scanf=16019&charge=2&value=sp|B9A064|IGLL5_HUMAN,1,/core/www/modules/match_peptides/blast_html4.php?run_id=110202&search_id=114132&scans_id=110198&peptide_id=7226&scanf=16019&charge=2&value=1,K.VTVLGQPK.A,/core/www/modules/show_out/show_out_wrapper.php?run_id=110202&search_id=114132&scans_id=110198&peptide_id=7226&scanf=16019&charge=2&value=K.VTVLGQPK.A,IGLL5,1.034e+8,2.072,0.085,1.069,0.003
16026,2,"  1.981","  0.379",10/14,/core/www/modules//sdig/index.php?run_id=110202&search_id=114132&scans_id=110198&peptide_id=7234&scanf=16026&charge=2&value=10/14,sp|Q9BXP5|SRRT_HUMAN,/core/www/modules//consensus/?run_id=110202&search_id=114132&scans_id=110198&peptide_id=7234&scanf=16026&charge=2&value=sp|Q9BXP5|SRRT_HUMAN,2,/core/www/modules/match_peptides/blast_html4.php?run_id=110202&search_id=114132&scans_id=110198&peptide_id=7234&scanf=16026&charge=2&value=2,R.NIAPNISR.A,/core/www/modules/show_out/show_out_wrapper.php?run_id=110202&search_id=114132&scans_id=110198&peptide_id=7234&scanf=16026&charge=2&value=R.NIAPNISR.A,SRRT,5.106e+7,3.141,0.002,2.616,0.000
16028,4,"  4.018","  0.516",20/114,/core/www/modules//sdig/index.php?run_id=110202&search_id=114132&scans_id=110198&peptide_id=7235&scanf=16028&charge=4&value=20/114,sp|Q9NX58|LYAR_HUMAN,/core/www/modules//consensus/?run_id=110202&search_id=114132&scans_id=110198&peptide_id=7235&scanf=16028&charge=4&value=sp|Q9NX58|LYAR_HUMAN,0,/core/www/modules/match_peptides/blast_html4.php?run_id=110202&search_id=114132&scans_id=110198&peptide_id=7235&scanf=16028&charge=4&value=0,K.EQDQRPLHPVANPHAEISTK.V,/core/www/modules/show_out/show_out_wrapper.php?run_id=110202&search_id=114132&scans_id=110198&peptide_id=7235&scanf=16028&charge=4&value=K.EQDQRPLHPVANPHAEISTK.V,LYAR,5.576e+7,3.379,0.001,2.968,0.000
16029,3,"  2.096","  0.562",15/48,/core/www/modules//sdig/index.php?run_id=110202&search_id=114132&scans_id=110198&peptide_id=7236&scanf=16029&charge=3&value=15/48,sp|Q9BRU9|UTP23_HUMAN,/core/www/modules//consensus/?run_id=110202&search_id=114132&scans_id=110198&peptide_id=7236&scanf=16029&charge=3&value=sp|Q9BRU9|UTP23_HUMAN,0,/core/www/modules/match_peptides/blast_html4.php?run_id=110202&search_id=114132&scans_id=110198&peptide_id=7236&scanf=16029&charge=3&value=0,K.AVESGQLVSVHEK.E,/core/www/modules/show_out/show_out_wrapper.php?run_id=110202&search_id=114132&scans_id=110198&peptide_id=7236&scanf=16029&charge=3&value=K.AVESGQLVSVHEK.E,UTP23,6.614e+7,3.347,0.001,2.921,0.000
16032,2,"  2.506","  0.220",11/16,/core/www/modules//sdig/index.php?run_id=110202&search_id=114132&scans_id=110198&peptide_id=7240&scanf=16032&charge=2&value=11/16,sp|Q15149|PLEC_HUMAN,/core/www/modules//consensus/?run_id=110202&search_id=114132&scans_id=110198&peptide_id=7240&scanf=16032&charge=2&value=sp|Q15149|PLEC_HUMAN,4,/core/www/modules/match_peptides/blast_html4.php?run_id=110202&search_id=114132&scans_id=110198&peptide_id=7240&scanf=16032&charge=2&value=4,R.ELAEQELEK.Q,/core/www/modules/show_out/show_out_wrapper.php?run_id=110202&search_id=114132&scans_id=110198&peptide_id=7240&scanf=16032&charge=2&value=R.ELAEQELEK.Q,PLEC,2.921e+7,3.035,0.003,2.460,0.000
16035,2,"  1.643","  0.235",7/14,/core/www/modules//sdig/index.php?run_id=110202&search_id=114132&scans_id=110198&peptide_id=7243&scanf=16035&charge=2&value=7/14,sp|Q15029|U5S1_HUMAN,/core/www/modules//consensus/?run_id=110202&search_id=114132&scans_id=110198&peptide_id=7243&scanf=16035&charge=2&value=sp|Q15029|U5S1_HUMAN,0,/core/www/modules/match_peptides/blast_html4.php?run_id=110202&search_id=114132&scans_id=110198&peptide_id=7243&scanf=16035&charge=2&value=0,K.SYPSLTTK.V,/core/www/modules/show_out/show_out_wrapper.php?run_id=110202&search_id=114132&scans_id=110198&peptide_id=7243&scanf=16035&charge=2&value=K.SYPSLTTK.V,EFTUD2,2.414e+7,2.268,0.046,1.342,0.002
16037,2,"  3.528","  0.697",13/22,/core/www/modules//sdig/index.php?run_id=110202&search_id=114132&scans_id=110198&peptide_id=7245&scanf=16037&charge=2&value=13/22,sp|O60264|SMCA5_HUMAN,/core/www/modules//consensus/?run_id=110202&search_id=114132&scans_id=110198&peptide_id=7245&scanf=16037&charge=2&value=sp|O60264|SMCA5_HUMAN,0,/core/www/modules/match_peptides/blast_html4.php?run_id=110202&search_id=114132&scans_id=110198&peptide_id=7245&scanf=16037&charge=2&value=0,R.NPELPNAAQAQK.E,/core/www/modules/show_out/show_out_wrapper.php?run_id=110202&search_id=114132&scans_id=110198&peptide_id=7245&scanf=16037&charge=2&value=R.NPELPNAAQAQK.E,SMARCA5,5.743e+7,4.129,0.000,4.081,0.000
16041,2,"  2.242","  0.205",10/18,/core/www/modules//sdig/index.php?run_id=110202&search_id=114132&scans_id=110198&peptide_id=7250&scanf=16041&charge=2&value=10/18,sp|O95777|LSM8_HUMAN,/core/www/modules//consensus/?run_id=110202&search_id=114132&scans_id=110198&peptide_id=7250&scanf=16041&charge=2&value=sp|O95777|LSM8_HUMAN,1,/core/www/modules/match_peptides/blast_html4.php?run_id=110202&search_id=114132&scans_id=110198&peptide_id=7250&scanf=16041&charge=2&value=1,R.TVAVITSDGR.M,/core/www/modules/show_out/show_out_wrapper.php?run_id=110202&search_id=114132&scans_id=110198&peptide_id=7250&scanf=16041&charge=2&value=R.TVAVITSDGR.M,LSM8,2.543e+7,2.175,0.062,1.211,0.002
16049,2,"  1.537","  0.214",7/12,/core/www/modules//sdig/index.php?run_id=110202&search_id=114132&scans_id=110198&peptide_id=7257&scanf=16049&charge=2&value=7/12,sp|P39023|RL3_HUMAN,/core/www/modules//consensus/?run_id=110202&search_id=114132&scans_id=110198&peptide_id=7257&scanf=16049&charge=2&value=sp|P39023|RL3_HUMAN,1,/core/www/modules/match_peptides/blast_html4.php?run_id=110202&search_id=114132&scans_id=110198&peptide_id=7257&scanf=16049&charge=2&value=1,K.SLLVQTK.R,/core/www/modules/show_out/show_out_wrapper.php?run_id=110202&search_id=114132&scans_id=110198&peptide_id=7257&scanf=16049&charge=2&value=K.SLLVQTK.R,RPL3,4.190e+8,2.398,0.030,1.527,0.001
16050,2,"  2.363","  0.610",13/22,/core/www/modules//sdig/index.php?run_id=110202&search_id=114132&scans_id=110198&peptide_id=7258&scanf=16050&charge=2&value=13/22,sp|P84103|SRSF3_HUMAN,/core/www/modules//consensus/?run_id=110202&search_id=114132&scans_id=110198&peptide_id=7258&scanf=16050&charge=2&value=sp|P84103|SRSF3_HUMAN,1,/core/www/modules/match_peptides/blast_html4.php?run_id=110202&search_id=114132&scans_id=110198&peptide_id=7258&scanf=16050&charge=2&value=1,K.VYVGNLGNNGNK.T,/core/www/modules/show_out/show_out_wrapper.php?run_id=110202&search_id=114132&scans_id=110198&peptide_id=7258&scanf=16050&charge=2&value=K.VYVGNLGNNGNK.T,SRSF3,1.381e+8,3.567,0.001,3.247,0.000
16051,3,"  2.254","  0.393",12/48,/core/www/modules//sdig/index.php?run_id=110202&search_id=114132&scans_id=110198&peptide_id=7259&scanf=16051&charge=3&value=12/48,sp|Q86VM9|ZCH18_HUMAN,/core/www/modules//consensus/?run_id=110202&search_id=114132&scans_id=110198&peptide_id=7259&scanf=16051&charge=3&value=sp|Q86VM9|ZCH18_HUMAN,1,/core/www/modules/match_peptides/blast_html4.php?run_id=110202&search_id=114132&scans_id=110198&peptide_id=7259&scanf=16051&charge=3&value=1,R.VQYTETEPYHNYR.E,/core/www/modules/show_out/show_out_wrapper.php?run_id=110202&search_id=114132&scans_id=110198&peptide_id=7259&scanf=16051&charge=3&value=R.VQYTETEPYHNYR.E,ZC3H18,3.687e+7,2.748,0.009,2.036,0.000
16052,2,"  2.778","  0.251",12/12,/core/www/modules//sdig/index.php?run_id=110202&search_id=114132&scans_id=110198&peptide_id=7260&scanf=16052&charge=2&value=12/12,sp|P78527|PRKDC_HUMAN,/core/www/modules//consensus/?run_id=110202&search_id=114132&scans_id=110198&peptide_id=7260&scanf=16052&charge=2&value=sp|P78527|PRKDC_HUMAN,0,/core/www/modules/match_peptides/blast_html4.php?run_id=110202&search_id=114132&scans_id=110198&peptide_id=7260&scanf=16052&charge=2&value=0,R.HNLEIIK.T,/core/www/modules/show_out/show_out_wrapper.php?run_id=110202&search_id=114132&scans_id=110198&peptide_id=7260&scanf=16052&charge=2&value=R.HNLEIIK.T,PRKDC,9.750e+7,3.953,0.000,3.820,0.000
16053,3,"  1.966","  0.251",11/44,/core/www/modules//sdig/index.php?run_id=110202&search_id=114132&scans_id=110198&peptide_id=7261&scanf=16053&charge=3&value=11/44,sp|A6NHR9|SMHD1_HUMAN,/core/www/modules//consensus/?run_id=110202&search_id=114132&scans_id=110198&peptide_id=7261&scanf=16053&charge=3&value=sp|A6NHR9|SMHD1_HUMAN,2,/core/www/modules/match_peptides/blast_html4.php?run_id=110202&search_id=114132&scans_id=110198&peptide_id=7261&scanf=16053&charge=3&value=2,K.GVITRPDLPSKK.Q,/core/www/modules/show_out/show_out_wrapper.php?run_id=110202&search_id=114132&scans_id=110198&peptide_id=7261&scanf=16053&charge=3&value=K.GVITRPDLPSKK.Q,SMCHD1,2.180e+7,2.201,0.057,1.247,0.002
16054,2,"  1.644","  0.519",7/12,/core/www/modules//sdig/index.php?run_id=110202&search_id=114132&scans_id=110198&peptide_id=7262&scanf=16054&charge=2&value=7/12,sp|O43390|HNRPR_HUMAN,/core/www/modules//consensus/?run_id=110202&search_id=114132&scans_id=110198&peptide_id=7262&scanf=16054&charge=2&value=sp|O43390|HNRPR_HUMAN,4,/core/www/modules/match_peptides/blast_html4.php?run_id=110202&search_id=114132&scans_id=110198&peptide_id=7262&scanf=16054&charge=2&value=4,K.SFSEFGK.L,/core/www/modules/show_out/show_out_wrapper.php?run_id=110202&search_id=114132&scans_id=110198&peptide_id=7262&scanf=16054&charge=2&value=K.SFSEFGK.L,HNRNPR,1.235e+8,3.414,0.001,3.021,0.000
16056,3,"  3.566","  0.268",17/36,/core/www/modules//sdig/index.php?run_id=110202&search_id=114132&scans_id=110198&peptide_id=7264&scanf=16056&charge=3&value=17/36,sp|O60763|USO1_HUMAN,/core/www/modules//consensus/?run_id=110202&search_id=114132&scans_id=110198&peptide_id=7264&scanf=16056&charge=3&value=sp|O60763|USO1_HUMAN,0,/core/www/modules/match_peptides/blast_html4.php?run_id=110202&search_id=114132&scans_id=110198&peptide_id=7264&scanf=16056&charge=3&value=0,R.LREEIEELKR.N,/core/www/modules/show_out/show_out_wrapper.php?run_id=110202&search_id=114132&scans_id=110198&peptide_id=7264&scanf=16056&charge=3&value=R.LREEIEELKR.N,USO1,3.226e+7,2.292,0.042,1.375,0.001
16057,2,"  2.074","  0.252",9/16,/core/www/modules//sdig/index.php?run_id=110202&search_id=114132&scans_id=110198&peptide_id=7265&scanf=16057&charge=2&value=9/16,sp|Q14980|NUMA1_HUMAN,/core/www/modules//consensus/?run_id=110202&search_id=114132&scans_id=110198&peptide_id=7265&scanf=16057&charge=2&value=sp|Q14980|NUMA1_HUMAN,2,/core/www/modules/match_peptides/blast_html4.php?run_id=110202&search_id=114132&scans_id=110198&peptide_id=7265&scanf=16057&charge=2&value=2,K.ELSAALQDK.K,/core/www/modules/show_out/show_out_wrapper.php?run_id=110202&search_id=114132&scans_id=110198&peptide_id=7265&scanf=16057&charge=2&value=K.ELSAALQDK.K,NUMA1,5.678e+7,2.593,0.016,1.809,0.000
16058,2,"  1.943","  0.449",10/16,/core/www/modules//sdig/index.php?run_id=110202&search_id=114132&scans_id=110198&peptide_id=7266&scanf=16058&charge=2&value=10/16,sp|P43355|MAGA1_HUMAN,/core/www/modules//consensus/?run_id=110202&search_id=114132&scans_id=110198&peptide_id=7266&scanf=16058&charge=2&value=sp|P43355|MAGA1_HUMAN,2,/core/www/modules/match_peptides/blast_html4.php?run_id=110202&search_id=114132&scans_id=110198&peptide_id=7266&scanf=16058&charge=2&value=2,R.ALAETSYVK.V,/core/www/modules/show_out/show_out_wrapper.php?run_id=110202&search_id=114132&scans_id=110198&peptide_id=7266&scanf=16058&charge=2&value=R.ALAETSYVK.V,MAGEA1,6.587e+7,2.926,0.005,2.299,0.000
16064,2,"  2.137","  0.238",8/14,/core/www/modules//sdig/index.php?run_id=110202&search_id=114132&scans_id=110198&peptide_id=7273&scanf=16064&charge=2&value=8/14,sp|P46940|IQGA1_HUMAN,/core/www/modules//consensus/?run_id=110202&search_id=114132&scans_id=110198&peptide_id=7273&scanf=16064&charge=2&value=sp|P46940|IQGA1_HUMAN,4,/core/www/modules/match_peptides/blast_html4.php?run_id=110202&search_id=114132&scans_id=110198&peptide_id=7273&scanf=16064&charge=2&value=4,K.TALQEEIK.S,/core/www/modules/show_out/show_out_wrapper.php?run_id=110202&search_id=114132&scans_id=110198&peptide_id=7273&scanf=16064&charge=2&value=K.TALQEEIK.S,IQGAP1,1.901e+7,2.490,0.022,1.659,0.001
16067,2,"  2.300","  0.273",7/18,/core/www/modules//sdig/index.php?run_id=110202&search_id=114132&scans_id=110198&peptide_id=7276&scanf=16067&charge=2&value=7/18,sp|P18583|SON_HUMAN,/core/www/modules//consensus/?run_id=110202&search_id=114132&scans_id=110198&peptide_id=7276&scanf=16067&charge=2&value=sp|P18583|SON_HUMAN,1,/core/www/modules/match_peptides/blast_html4.php?run_id=110202&search_id=114132&scans_id=110198&peptide_id=7276&scanf=16067&charge=2&value=1,R.SMMSSYTADR.S,/core/www/modules/show_out/show_out_wrapper.php?run_id=110202&search_id=114132&scans_id=110198&peptide_id=7276&scanf=16067&charge=2&value=R.SMMSSYTADR.S,SON,1.712e+7,2.263,0.046,1.334,0.002
16068,2,"  1.520","  0.366",8/12,/core/www/modules//sdig/index.php?run_id=110202&search_id=114132&scans_id=110198&peptide_id=7277&scanf=16068&charge=2&value=8/12,sp|P40937|RFC5_HUMAN,/core/www/modules//consensus/?run_id=110202&search_id=114132&scans_id=110198&peptide_id=7277&scanf=16068&charge=2&value=sp|P40937|RFC5_HUMAN,0,/core/www/modules/match_peptides/blast_html4.php?run_id=110202&search_id=114132&scans_id=110198&peptide_id=7277&scanf=16068&charge=2&value=0,K.MADIEYR.L,/core/www/modules/show_out/show_out_wrapper.php?run_id=110202&search_id=114132&scans_id=110198&peptide_id=7277&scanf=16068&charge=2&value=K.MADIEYR.L,RFC5,2.227e+7,2.977,0.004,2.375,0.000
16070,2,"  2.973","  0.583",16/16,/core/www/modules//sdig/index.php?run_id=110202&search_id=114132&scans_id=110198&peptide_id=7279&scanf=16070&charge=2&value=16/16,sp|Q13242|SRSF9_HUMAN,/core/www/modules//consensus/?run_id=110202&search_id=114132&scans_id=110198&peptide_id=7279&scanf=16070&charge=2&value=sp|Q13242|SRSF9_HUMAN,1,/core/www/modules/match_peptides/blast_html4.php?run_id=110202&search_id=114132&scans_id=110198&peptide_id=7279&scanf=16070&charge=2&value=1,R.KEDMEYALR.K,/core/www/modules/show_out/show_out_wrapper.php?run_id=110202&search_id=114132&scans_id=110198&peptide_id=7279&scanf=16070&charge=2&value=R.KEDMEYALR.K,SRSF9,1.804e+8,3.933,0.000,3.789,0.000
16072,4,"  2.667","  0.517",16/72,/core/www/modules//sdig/index.php?run_id=110202&search_id=114132&scans_id=110198&peptide_id=7281&scanf=16072&charge=4&value=16/72,sp|P62701|RS4X_HUMAN,/core/www/modules//consensus/?run_id=110202&search_id=114132&scans_id=110198&peptide_id=7281&scanf=16072&charge=4&value=sp|P62701|RS4X_HUMAN,2,/core/www/modules/match_peptides/blast_html4.php?run_id=110202&search_id=114132&scans_id=110198&peptide_id=7281&scanf=16072&charge=4&value=2,R.ERHPGSFDVVHVK.D,/core/www/modules/show_out/show_out_wrapper.php?run_id=110202&search_id=114132&scans_id=110198&peptide_id=7281&scanf=16072&charge=4&value=R.ERHPGSFDVVHVK.D,RPS4X,2.212e+8,3.325,0.001,2.889,0.000
16073,2,"  2.748","  0.678",11/16,/core/www/modules//sdig/index.php?run_id=110202&search_id=114132&scans_id=110198&peptide_id=7282&scanf=16073&charge=2&value=11/16,sp|P52272|HNRPM_HUMAN,/core/www/modules//consensus/?run_id=110202&search_id=114132&scans_id=110198&peptide_id=7282&scanf=16073&charge=2&value=sp|P52272|HNRPM_HUMAN,4,/core/www/modules/match_peptides/blast_html4.php?run_id=110202&search_id=114132&scans_id=110198&peptide_id=7282&scanf=16073&charge=2&value=4,R.FGSGMNMGR.I,/core/www/modules/show_out/show_out_wrapper.php?run_id=110202&search_id=114132&scans_id=110198&peptide_id=7282&scanf=16073&charge=2&value=R.FGSGMNMGR.I,HNRNPM,1.412e+8,4.254,0.000,4.266,0.000
16076,2,"  2.133","  0.564",9/14,/core/www/modules//sdig/index.php?run_id=110202&search_id=114132&scans_id=110198&peptide_id=7285&scanf=16076&charge=2&value=9/14,IGHG_RABIT,/core/www/modules//consensus/?run_id=110202&search_id=114132&scans_id=110198&peptide_id=7285&scanf=16076&charge=2&value=IGHG_RABIT,0,/core/www/modules/match_peptides/blast_html4.php?run_id=110202&search_id=114132&scans_id=110198&peptide_id=7285&scanf=16076&charge=2&value=0,K.VYTMGPPR.E,/core/www/modules/show_out/show_out_wrapper.php?run_id=110202&search_id=114132&scans_id=110198&peptide_id=7285&scanf=16076&charge=2&value=K.VYTMGPPR.E,,1.333e+8,3.549,0.001,3.221,0.000
16077,3,"  4.393","  0.585",15/44,/core/www/modules//sdig/index.php?run_id=110202&search_id=114132&scans_id=110198&peptide_id=7286&scanf=16077&charge=3&value=15/44,sp|P42677|RS27_HUMAN,/core/www/modules//consensus/?run_id=110202&search_id=114132&scans_id=110198&peptide_id=7286&scanf=16077&charge=3&value=sp|P42677|RS27_HUMAN,0,/core/www/modules/match_peptides/blast_html4.php?run_id=110202&search_id=114132&scans_id=110198&peptide_id=7286&scanf=16077&charge=3&value=0,K.DLLHPSPEEEKR.K,/core/www/modules/show_out/show_out_wrapper.php?run_id=110202&search_id=114132&scans_id=110198&peptide_id=7286&scanf=16077&charge=3&value=K.DLLHPSPEEEKR.K,RPS27,3.209e+7,3.351,0.001,2.927,0.000
16082,3,"  2.438","  0.282",15/40,/core/www/modules//sdig/index.php?run_id=110202&search_id=114132&scans_id=110198&peptide_id=7292&scanf=16082&charge=3&value=15/40,sp|P61353|RL27_HUMAN,/core/www/modules//consensus/?run_id=110202&search_id=114132&scans_id=110198&peptide_id=7292&scanf=16082&charge=3&value=sp|P61353|RL27_HUMAN,1,/core/www/modules/match_peptides/blast_html4.php?run_id=110202&search_id=114132&scans_id=110198&peptide_id=7292&scanf=16082&charge=3&value=1,K.VYNYNHLM*PTR.Y,/core/www/modules/show_out/show_out_wrapper.php?run_id=110202&search_id=114132&scans_id=110198&peptide_id=7292&scanf=16082&charge=3&value=K.VYNYNHLM*PTR.Y,RPL27,3.202e+7,2.620,0.014,1.848,0.000
16083,2,"  1.610","  0.354",7/12,/core/www/modules//sdig/index.php?run_id=110202&search_id=114132&scans_id=110198&peptide_id=7293&scanf=16083&charge=2&value=7/12,sp|O75643|U520_HUMAN,/core/www/modules//consensus/?run_id=110202&search_id=114132&scans_id=110198&peptide_id=7293&scanf=16083&charge=2&value=sp|O75643|U520_HUMAN,1,/core/www/modules/match_peptides/blast_html4.php?run_id=110202&search_id=114132&scans_id=110198&peptide_id=7293&scanf=16083&charge=2&value=1,R.TYTQLVR.L,/core/www/modules/show_out/show_out_wrapper.php?run_id=110202&search_id=114132&scans_id=110198&peptide_id=7293&scanf=16083&charge=2&value=R.TYTQLVR.L,SNRNP200,3.556e+7,3.062,0.003,2.500,0.000
16085,3,"  3.920","  0.659",23/56,/core/www/modules//sdig/index.php?run_id=110202&search_id=114132&scans_id=110198&peptide_id=7295&scanf=16085&charge=3&value=23/56,sp|P38919|IF4A3_HUMAN,/core/www/modules//consensus/?run_id=110202&search_id=114132&scans_id=110198&peptide_id=7295&scanf=16085&charge=3&value=sp|P38919|IF4A3_HUMAN,1,/core/www/modules/match_peptides/blast_html4.php?run_id=110202&search_id=114132&scans_id=110198&peptide_id=7295&scanf=16085&charge=3&value=1,R.KLDYGQHVVAGTPGR.V,/core/www/modules/show_out/show_out_wrapper.php?run_id=110202&search_id=114132&scans_id=110198&peptide_id=7295&scanf=16085&charge=3&value=R.KLDYGQHVVAGTPGR.V,EIF4A3,6.991e+7,3.664,0.000,3.391,0.000
16087,2,"  2.242","  0.246",9/14,/core/www/modules//sdig/index.php?run_id=110202&search_id=114132&scans_id=110198&peptide_id=7297&scanf=16087&charge=2&value=9/14,sp|P26038|MOES_HUMAN,/core/www/modules//consensus/?run_id=110202&search_id=114132&scans_id=110198&peptide_id=7297&scanf=16087&charge=2&value=sp|P26038|MOES_HUMAN,1,/core/www/modules/match_peptides/blast_html4.php?run_id=110202&search_id=114132&scans_id=110198&peptide_id=7297&scanf=16087&charge=2&value=1,R.ALELEQER.K,/core/www/modules/show_out/show_out_wrapper.php?run_id=110202&search_id=114132&scans_id=110198&peptide_id=7297&scanf=16087&charge=2&value=R.ALELEQER.K,MSN,3.961e+7,2.492,0.022,1.663,0.001
16089,2,"  3.230","  0.514",12/20,/core/www/modules//sdig/index.php?run_id=110202&search_id=114132&scans_id=110198&peptide_id=7299&scanf=16089&charge=2&value=12/20,sp|P31483|TIA1_HUMAN,/core/www/modules//consensus/?run_id=110202&search_id=114132&scans_id=110198&peptide_id=7299&scanf=16089&charge=2&value=sp|P31483|TIA1_HUMAN,8,/core/www/modules/match_peptides/blast_html4.php?run_id=110202&search_id=114132&scans_id=110198&peptide_id=7299&scanf=16089&charge=2&value=8,K.VNWATTPSSQK.K,/core/www/modules/show_out/show_out_wrapper.php?run_id=110202&search_id=114132&scans_id=110198&peptide_id=7299&scanf=16089&charge=2&value=K.VNWATTPSSQK.K,TIA1,1.966e+7,3.261,0.002,2.794,0.000
16091,2,"  2.692","  0.513",12/16,/core/www/modules//sdig/index.php?run_id=110202&search_id=114132&scans_id=110198&peptide_id=7301&scanf=16091&charge=2&value=12/16,sp|P02545|LMNA_HUMAN,/core/www/modules//consensus/?run_id=110202&search_id=114132&scans_id=110198&peptide_id=7301&scanf=16091&charge=2&value=sp|P02545|LMNA_HUMAN,8,/core/www/modules/match_peptides/blast_html4.php?run_id=110202&search_id=114132&scans_id=110198&peptide_id=7301&scanf=16091&charge=2&value=8,K.EDLQELNDR.L,/core/www/modules/show_out/show_out_wrapper.php?run_id=110202&search_id=114132&scans_id=110198&peptide_id=7301&scanf=16091&charge=2&value=K.EDLQELNDR.L,LMNA,9.302e+7,3.674,0.000,3.407,0.000
16092,4,"  3.114","  0.596",18/78,/core/www/modules//sdig/index.php?run_id=110202&search_id=114132&scans_id=110198&peptide_id=7302&scanf=16092&charge=4&value=18/78,sp|P61313|RL15_HUMAN,/core/www/modules//consensus/?run_id=110202&search_id=114132&scans_id=110198&peptide_id=7302&scanf=16092&charge=4&value=sp|P61313|RL15_HUMAN,3,/core/www/modules/match_peptides/blast_html4.php?run_id=110202&search_id=114132&scans_id=110198&peptide_id=7302&scanf=16092&charge=4&value=3,R.RNPDTQWITKPVHK.H,/core/www/modules/show_out/show_out_wrapper.php?run_id=110202&search_id=114132&scans_id=110198&peptide_id=7302&scanf=16092&charge=4&value=R.RNPDTQWITKPVHK.H,RPL15,1.170e+8,3.545,0.001,3.214,0.000
16093,3,"  2.893","  0.333",15/36,/core/www/modules//sdig/index.php?run_id=110202&search_id=114132&scans_id=110198&peptide_id=7303&scanf=16093&charge=3&value=15/36,sp|P61978|HNRPK_HUMAN,/core/www/modules//consensus/?run_id=110202&search_id=114132&scans_id=110198&peptide_id=7303&scanf=16093&charge=3&value=sp|P61978|HNRPK_HUMAN,1,/core/www/modules/match_peptides/blast_html4.php?run_id=110202&search_id=114132&scans_id=110198&peptide_id=7303&scanf=16093&charge=3&value=1,R.VVLIGGKPDR.V,/core/www/modules/show_out/show_out_wrapper.php?run_id=110202&search_id=114132&scans_id=110198&peptide_id=7303&scanf=16093&charge=3&value=R.VVLIGGKPDR.V,HNRNPK,8.758e+8,3.116,0.003,2.579,0.000
16095,4,"  5.051","  0.620",26/108,/core/www/modules//sdig/index.php?run_id=110202&search_id=114132&scans_id=110198&peptide_id=7305&scanf=16095&charge=4&value=26/108,sp|Q96GM5|SMRD1_HUMAN,/core/www/modules//consensus/?run_id=110202&search_id=114132&scans_id=110198&peptide_id=7305&scanf=16095&charge=4&value=sp|Q96GM5|SMRD1_HUMAN,3,/core/www/modules/match_peptides/blast_html4.php?run_id=110202&search_id=114132&scans_id=110198&peptide_id=7305&scanf=16095&charge=4&value=3,R.KRPAPQQIQQVQQQAVQNR.N,/core/www/modules/show_out/show_out_wrapper.php?run_id=110202&search_id=114132&scans_id=110198&peptide_id=7305&scanf=16095&charge=4&value=R.KRPAPQQIQQVQQQAVQNR.N,SMARCD1,2.490e+7,3.606,0.000,3.305,0.000
16096,2,"  2.631","  0.174",11/16,/core/www/modules//sdig/index.php?run_id=110202&search_id=114132&scans_id=110198&peptide_id=7306&scanf=16096&charge=2&value=11/16,sp|Q9NTI5|PDS5B_HUMAN,/core/www/modules//consensus/?run_id=110202&search_id=114132&scans_id=110198&peptide_id=7306&scanf=16096&charge=2&value=sp|Q9NTI5|PDS5B_HUMAN,0,/core/www/modules/match_peptides/blast_html4.php?run_id=110202&search_id=114132&scans_id=110198&peptide_id=7306&scanf=16096&charge=2&value=0,R.LAAGSAIVK.L,/core/www/modules/show_out/show_out_wrapper.php?run_id=110202&search_id=114132&scans_id=110198&peptide_id=7306&scanf=16096&charge=2&value=R.LAAGSAIVK.L,PDS5B,3.176e+7,2.417,0.028,1.554,0.001
16097,2,"  3.575","  0.577",17/20,/core/www/modules//sdig/index.php?run_id=110202&search_id=114132&scans_id=110198&peptide_id=7307&scanf=16097&charge=2&value=17/20,sp|Q14980|NUMA1_HUMAN,/core/www/modules//consensus/?run_id=110202&search_id=114132&scans_id=110198&peptide_id=7307&scanf=16097&charge=2&value=sp|Q14980|NUMA1_HUMAN,2,/core/www/modules/match_peptides/blast_html4.php?run_id=110202&search_id=114132&scans_id=110198&peptide_id=7307&scanf=16097&charge=2&value=2,R.LGHELQQAGLK.T,/core/www/modules/show_out/show_out_wrapper.php?run_id=110202&search_id=114132&scans_id=110198&peptide_id=7307&scanf=16097&charge=2&value=R.LGHELQQAGLK.T,NUMA1,2.699e+7,4.091,0.000,4.025,0.000
16098,2,"  2.580","  0.131",10/18,/core/www/modules//sdig/index.php?run_id=110202&search_id=114132&scans_id=110198&peptide_id=7308&scanf=16098&charge=2&value=10/18,sp|Q7KZ85|SPT6H_HUMAN,/core/www/modules//consensus/?run_id=110202&search_id=114132&scans_id=110198&peptide_id=7308&scanf=16098&charge=2&value=sp|Q7KZ85|SPT6H_HUMAN,0,/core/www/modules/match_peptides/blast_html4.php?run_id=110202&search_id=114132&scans_id=110198&peptide_id=7308&scanf=16098&charge=2&value=0,R.VNEVGVDVNR.A,/core/www/modules/show_out/show_out_wrapper.php?run_id=110202&search_id=114132&scans_id=110198&peptide_id=7308&scanf=16098&charge=2&value=R.VNEVGVDVNR.A,SUPT6H,2.177e+7,1.938,0.129,0.891,0.006
16099,4,"  2.410","  0.441",16/84,/core/www/modules//sdig/index.php?run_id=110202&search_id=114132&scans_id=110198&peptide_id=7309&scanf=16099&charge=4&value=16/84,sp|P27797|CALR_HUMAN,/core/www/modules//consensus/?run_id=110202&search_id=114132&scans_id=110198&peptide_id=7309&scanf=16099&charge=4&value=sp|P27797|CALR_HUMAN,3,/core/www/modules/match_peptides/blast_html4.php?run_id=110202&search_id=114132&scans_id=110198&peptide_id=7309&scanf=16099&charge=4&value=3,K.IKDPDASKPEDWDER.A,/core/www/modules/show_out/show_out_wrapper.php?run_id=110202&search_id=114132&scans_id=110198&peptide_id=7309&scanf=16099&charge=4&value=K.IKDPDASKPEDWDER.A,CALR,3.997e+7,2.920,0.005,2.289,0.000
16101,3,"  4.129","  0.638",18/48,/core/www/modules//sdig/index.php?run_id=110202&search_id=114132&scans_id=110198&peptide_id=7312&scanf=16101&charge=3&value=18/48,sp|P61978|HNRPK_HUMAN,/core/www/modules//consensus/?run_id=110202&search_id=114132&scans_id=110198&peptide_id=7312&scanf=16101&charge=3&value=sp|P61978|HNRPK_HUMAN,2,/core/www/modules/match_peptides/blast_html4.php?run_id=110202&search_id=114132&scans_id=110198&peptide_id=7312&scanf=16101&charge=3&value=2,K.RPAEDMEEEQAFK.R,/core/www/modules/show_out/show_out_wrapper.php?run_id=110202&search_id=114132&scans_id=110198&peptide_id=7312&scanf=16101&charge=3&value=K.RPAEDMEEEQAFK.R,HNRNPK,2.250e+8,4.024,0.000,3.925,0.000
16103,2,"  2.390","  0.316",9/16,/core/www/modules//sdig/index.php?run_id=110202&search_id=114132&scans_id=110198&peptide_id=7314&scanf=16103&charge=2&value=9/16,sp|Q7Z739|YTHD3_HUMAN,/core/www/modules//consensus/?run_id=110202&search_id=114132&scans_id=110198&peptide_id=7314&scanf=16103&charge=2&value=sp|Q7Z739|YTHD3_HUMAN,5,/core/www/modules/match_peptides/blast_html4.php?run_id=110202&search_id=114132&scans_id=110198&peptide_id=7314&scanf=16103&charge=2&value=5,R.DTQEVPLEK.A,/core/www/modules/show_out/show_out_wrapper.php?run_id=110202&search_id=114132&scans_id=110198&peptide_id=7314&scanf=16103&charge=2&value=R.DTQEVPLEK.A,YTHDF3,2.219e+7,2.534,0.019,1.724,0.000
16105,3,"  3.135","  0.450",14/32,/core/www/modules//sdig/index.php?run_id=110202&search_id=114132&scans_id=110198&peptide_id=7316&scanf=16105&charge=3&value=14/32,sp|Q13813|SPTN1_HUMAN,/core/www/modules//consensus/?run_id=110202&search_id=114132&scans_id=110198&peptide_id=7316&scanf=16105&charge=3&value=sp|Q13813|SPTN1_HUMAN,3,/core/www/modules/match_peptides/blast_html4.php?run_id=110202&search_id=114132&scans_id=110198&peptide_id=7316&scanf=16105&charge=3&value=3,K.LLEAQSHFR.K,/core/www/modules/show_out/show_out_wrapper.php?run_id=110202&search_id=114132&scans_id=110198&peptide_id=7316&scanf=16105&charge=3&value=K.LLEAQSHFR.K,SPTAN1,2.108e+7,3.583,0.001,3.271,0.000
16107,2,"  2.054","  0.248",10/18,/core/www/modules//sdig/index.php?run_id=110202&search_id=114132&scans_id=110198&peptide_id=7318&scanf=16107&charge=2&value=10/18,sp|P05556|ITB1_HUMAN,/core/www/modules//consensus/?run_id=110202&search_id=114132&scans_id=110198&peptide_id=7318&scanf=16107&charge=2&value=sp|P05556|ITB1_HUMAN,3,/core/www/modules/match_peptides/blast_html4.php?run_id=110202&search_id=114132&scans_id=110198&peptide_id=7318&scanf=16107&charge=2&value=3,K.SAVTTVVNPK.Y,/core/www/modules/show_out/show_out_wrapper.php?run_id=110202&search_id=114132&scans_id=110198&peptide_id=7318&scanf=16107&charge=2&value=K.SAVTTVVNPK.Y,ITGB1,1.589e+7,2.313,0.039,1.405,0.001
16108,2,"  2.344","  0.435",10/16,/core/www/modules//sdig/index.php?run_id=110202&search_id=114132&scans_id=110198&peptide_id=7319&scanf=16108&charge=2&value=10/16,sp|P42696|RBM34_HUMAN,/core/www/modules//consensus/?run_id=110202&search_id=114132&scans_id=110198&peptide_id=7319&scanf=16108&charge=2&value=sp|P42696|RBM34_HUMAN,0,/core/www/modules/match_peptides/blast_html4.php?run_id=110202&search_id=114132&scans_id=110198&peptide_id=7319&scanf=16108&charge=2&value=0,K.EYGQIESVR.F,/core/www/modules/show_out/show_out_wrapper.php?run_id=110202&search_id=114132&scans_id=110198&peptide_id=7319&scanf=16108&charge=2&value=K.EYGQIESVR.F,RBM34,2.416e+7,3.083,0.003,2.531,0.000
16112,2,"  2.686","  0.539",13/20,/core/www/modules//sdig/index.php?run_id=110202&search_id=114132&scans_id=110198&peptide_id=7323&scanf=16112&charge=2&value=13/20,sp|P62917|RL8_HUMAN,/core/www/modules//consensus/?run_id=110202&search_id=114132&scans_id=110198&peptide_id=7323&scanf=16112&charge=2&value=sp|P62917|RL8_HUMAN,3,/core/www/modules/match_peptides/blast_html4.php?run_id=110202&search_id=114132&scans_id=110198&peptide_id=7323&scanf=16112&charge=2&value=3,R.AVVGVVAGGGR.I,/core/www/modules/show_out/show_out_wrapper.php?run_id=110202&search_id=114132&scans_id=110198&peptide_id=7323&scanf=16112&charge=2&value=R.AVVGVVAGGGR.I,RPL8,5.597e+8,3.439,0.001,3.057,0.000
16113,2,"  3.238","  0.640",15/22,/core/www/modules//sdig/index.php?run_id=110202&search_id=114132&scans_id=110198&peptide_id=7324&scanf=16113&charge=2&value=15/22,sp|P07237|PDIA1_HUMAN,/core/www/modules//consensus/?run_id=110202&search_id=114132&scans_id=110198&peptide_id=7324&scanf=16113&charge=2&value=sp|P07237|PDIA1_HUMAN,14,/core/www/modules/match_peptides/blast_html4.php?run_id=110202&search_id=114132&scans_id=110198&peptide_id=7324&scanf=16113&charge=2&value=14,K.MDSTANEVEAVK.V,/core/www/modules/show_out/show_out_wrapper.php?run_id=110202&search_id=114132&scans_id=110198&peptide_id=7324&scanf=16113&charge=2&value=K.MDSTANEVEAVK.V,P4HB,5.254e+7,3.842,0.000,3.656,0.000
16114,2,"  1.829","  0.197",7/12,/core/www/modules//sdig/index.php?run_id=110202&search_id=114132&scans_id=110198&peptide_id=7325&scanf=16114&charge=2&value=7/12,sp|P43686|PRS6B_HUMAN,/core/www/modules//consensus/?run_id=110202&search_id=114132&scans_id=110198&peptide_id=7325&scanf=16114&charge=2&value=sp|P43686|PRS6B_HUMAN,0,/core/www/modules/match_peptides/blast_html4.php?run_id=110202&search_id=114132&scans_id=110198&peptide_id=7325&scanf=16114&charge=2&value=0,R.ILSTIDR.E,/core/www/modules/show_out/show_out_wrapper.php?run_id=110202&search_id=114132&scans_id=110198&peptide_id=7325&scanf=16114&charge=2&value=R.ILSTIDR.E,PSMC4,3.508e+7,2.357,0.034,1.468,0.001
16122,3,"  5.163","  0.585",16/48,/core/www/modules//sdig/index.php?run_id=110202&search_id=114132&scans_id=110198&peptide_id=7334&scanf=16122&charge=3&value=16/48,sp|P20700|LMNB1_HUMAN,/core/www/modules//consensus/?run_id=110202&search_id=114132&scans_id=110198&peptide_id=7334&scanf=16122&charge=3&value=sp|P20700|LMNB1_HUMAN,2,/core/www/modules/match_peptides/blast_html4.php?run_id=110202&search_id=114132&scans_id=110198&peptide_id=7334&scanf=16122&charge=3&value=2,R.LYKEELEQTYHAK.L,/core/www/modules/show_out/show_out_wrapper.php?run_id=110202&search_id=114132&scans_id=110198&peptide_id=7334&scanf=16122&charge=3&value=R.LYKEELEQTYHAK.L,LMNB1,2.600e+7,3.354,0.001,2.932,0.000
16124,3,"  1.630","  0.261",10/44,/core/www/modules//sdig/index.php?run_id=110202&search_id=114132&scans_id=110198&peptide_id=7336&scanf=16124&charge=3&value=10/44,sp|Q92616|GCN1_HUMAN,/core/www/modules//consensus/?run_id=110202&search_id=114132&scans_id=110198&peptide_id=7336&scanf=16124&charge=3&value=sp|Q92616|GCN1_HUMAN,0,/core/www/modules/match_peptides/blast_html4.php?run_id=110202&search_id=114132&scans_id=110198&peptide_id=7336&scanf=16124&charge=3&value=0,K.AVMSNLSAHGVK.L,/core/www/modules/show_out/show_out_wrapper.php?run_id=110202&search_id=114132&scans_id=110198&peptide_id=7336&scanf=16124&charge=3&value=K.AVMSNLSAHGVK.L,GCN1,1.618e+7,2.448,0.025,1.598,0.001
16131,2,"  2.224","  0.362",9/20,/core/www/modules//sdig/index.php?run_id=110202&search_id=114132&scans_id=110198&peptide_id=7344&scanf=16131&charge=2&value=9/20,sp|Q8WXF1|PSPC1_HUMAN,/core/www/modules//consensus/?run_id=110202&search_id=114132&scans_id=110198&peptide_id=7344&scanf=16131&charge=2&value=sp|Q8WXF1|PSPC1_HUMAN,0,/core/www/modules/match_peptides/blast_html4.php?run_id=110202&search_id=114132&scans_id=110198&peptide_id=7344&scanf=16131&charge=2&value=0,K.EKLEAEMEAAR.H,/core/www/modules/show_out/show_out_wrapper.php?run_id=110202&search_id=114132&scans_id=110198&peptide_id=7344&scanf=16131&charge=2&value=K.EKLEAEMEAAR.H,PSPC1,8.660e+6,2.239,0.050,1.300,0.002
16133,2,"  2.574","  0.246",13/18,/core/www/modules//sdig/index.php?run_id=110202&search_id=114132&scans_id=110198&peptide_id=7345&scanf=16133&charge=2&value=13/18,sp|Q16352|AINX_HUMAN,/core/www/modules//consensus/?run_id=110202&search_id=114132&scans_id=110198&peptide_id=7345&scanf=16133&charge=2&value=sp|Q16352|AINX_HUMAN,0,/core/www/modules/match_peptides/blast_html4.php?run_id=110202&search_id=114132&scans_id=110198&peptide_id=7345&scanf=16133&charge=2&value=0,K.FANLNEQAAR.S,/core/www/modules/show_out/show_out_wrapper.php?run_id=110202&search_id=114132&scans_id=110198&peptide_id=7345&scanf=16133&charge=2&value=K.FANLNEQAAR.S,INA,5.396e+7,2.577,0.016,1.786,0.000
16134,2,"  2.652","  0.625",10/22,/core/www/modules//sdig/index.php?run_id=110202&search_id=114132&scans_id=110198&peptide_id=7346&scanf=16134&charge=2&value=10/22,sp|P23246|SFPQ_HUMAN,/core/www/modules//consensus/?run_id=110202&search_id=114132&scans_id=110198&peptide_id=7346&scanf=16134&charge=2&value=sp|P23246|SFPQ_HUMAN,1,/core/www/modules/match_peptides/blast_html4.php?run_id=110202&search_id=114132&scans_id=110198&peptide_id=7346&scanf=16134&charge=2&value=1,R.SPPPGMGLNQNR.G,/core/www/modules/show_out/show_out_wrapper.php?run_id=110202&search_id=114132&scans_id=110198&peptide_id=7346&scanf=16134&charge=2&value=R.SPPPGMGLNQNR.G,SFPQ,3.500e+7,3.454,0.001,3.080,0.000
16136,3,"  4.788","  0.346",16/52,/core/www/modules//sdig/index.php?run_id=110202&search_id=114132&scans_id=110198&peptide_id=7348&scanf=16136&charge=3&value=16/52,sp|Q13813|SPTN1_HUMAN,/core/www/modules//consensus/?run_id=110202&search_id=114132&scans_id=110198&peptide_id=7348&scanf=16136&charge=3&value=sp|Q13813|SPTN1_HUMAN,2,/core/www/modules/match_peptides/blast_html4.php?run_id=110202&search_id=114132&scans_id=110198&peptide_id=7348&scanf=16136&charge=3&value=2,K.HQALQAEIAGHEPR.I,/core/www/modules/show_out/show_out_wrapper.php?run_id=110202&search_id=114132&scans_id=110198&peptide_id=7348&scanf=16136&charge=3&value=K.HQALQAEIAGHEPR.I,SPTAN1,1.658e+7,2.894,0.006,2.252,0.000
16137,3,"  3.980","  0.644",16/44,/core/www/modules//sdig/index.php?run_id=110202&search_id=114132&scans_id=110198&peptide_id=7349&scanf=16137&charge=3&value=16/44,sp|O43172|PRP4_HUMAN,/core/www/modules//consensus/?run_id=110202&search_id=114132&scans_id=110198&peptide_id=7349&scanf=16137&charge=3&value=sp|O43172|PRP4_HUMAN,0,/core/www/modules/match_peptides/blast_html4.php?run_id=110202&search_id=114132&scans_id=110198&peptide_id=7349&scanf=16137&charge=3&value=0,K.KPHIYYGSLEEK.E,/core/www/modules/show_out/show_out_wrapper.php?run_id=110202&search_id=114132&scans_id=110198&peptide_id=7349&scanf=16137&charge=3&value=K.KPHIYYGSLEEK.E,PRPF4,1.166e+7,3.861,0.000,3.683,0.000
16138,2,"  3.310","  0.652",17/20,/core/www/modules//sdig/index.php?run_id=110202&search_id=114132&scans_id=110198&peptide_id=7350&scanf=16138&charge=2&value=17/20,sp|A6NMY6|AXA2L_HUMAN,/core/www/modules//consensus/?run_id=110202&search_id=114132&scans_id=110198&peptide_id=7350&scanf=16138&charge=2&value=sp|A6NMY6|AXA2L_HUMAN,15,/core/www/modules/match_peptides/blast_html4.php?run_id=110202&search_id=114132&scans_id=110198&peptide_id=7350&scanf=16138&charge=2&value=15,K.TPAQYDASELK.A,/core/www/modules/show_out/show_out_wrapper.php?run_id=110202&search_id=114132&scans_id=110198&peptide_id=7350&scanf=16138&charge=2&value=K.TPAQYDASELK.A,ANXA2P2,8.192e+7,4.161,0.000,4.129,0.000
16139,2,"  3.254","  0.454",13/16,/core/www/modules//sdig/index.php?run_id=110202&search_id=114132&scans_id=110198&peptide_id=7351&scanf=16139&charge=2&value=13/16,sp|Q9H6F5|CCD86_HUMAN,/core/www/modules//consensus/?run_id=110202&search_id=114132&scans_id=110198&peptide_id=7351&scanf=16139&charge=2&value=sp|Q9H6F5|CCD86_HUMAN,0,/core/www/modules/match_peptides/blast_html4.php?run_id=110202&search_id=114132&scans_id=110198&peptide_id=7351&scanf=16139&charge=2&value=0,R.KAEVVQVIR.N,/core/www/modules/show_out/show_out_wrapper.php?run_id=110202&search_id=114132&scans_id=110198&peptide_id=7351&scanf=16139&charge=2&value=R.KAEVVQVIR.N,CCDC86,3.566e+7,3.156,0.002,2.639,0.000
16140,3,"  3.055","  0.396",16/44,/core/www/modules//sdig/index.php?run_id=110202&search_id=114132&scans_id=110198&peptide_id=7353&scanf=16140&charge=3&value=16/44,sp|P26038|MOES_HUMAN,/core/www/modules//consensus/?run_id=110202&search_id=114132&scans_id=110198&peptide_id=7353&scanf=16140&charge=3&value=sp|P26038|MOES_HUMAN,1,/core/www/modules/match_peptides/blast_html4.php?run_id=110202&search_id=114132&scans_id=110198&peptide_id=7353&scanf=16140&charge=3&value=1,K.TANDMIHAENMR.L,/core/www/modules/show_out/show_out_wrapper.php?run_id=110202&search_id=114132&scans_id=110198&peptide_id=7353&scanf=16140&charge=3&value=K.TANDMIHAENMR.L,MSN,1.001e+7,2.959,0.004,2.347,0.000
16142,2,"  2.266","  0.317",8/14,/core/www/modules//sdig/index.php?run_id=110202&search_id=114132&scans_id=110198&peptide_id=7355&scanf=16142&charge=2&value=8/14,sp|P28370|SMCA1_HUMAN,/core/www/modules//consensus/?run_id=110202&search_id=114132&scans_id=110198&peptide_id=7355&scanf=16142&charge=2&value=sp|P28370|SMCA1_HUMAN,2,/core/www/modules/match_peptides/blast_html4.php?run_id=110202&search_id=114132&scans_id=110198&peptide_id=7355&scanf=16142&charge=2&value=2,R.DDIDNIAR.E,/core/www/modules/show_out/show_out_wrapper.php?run_id=110202&search_id=114132&scans_id=110198&peptide_id=7355&scanf=16142&charge=2&value=R.DDIDNIAR.E,SMARCA1,1.356e+7,2.668,0.012,1.920,0.000
16143,2,"  1.662","  0.333",7/16,/core/www/modules//sdig/index.php?run_id=110202&search_id=114132&scans_id=110198&peptide_id=7356&scanf=16143&charge=2&value=7/16,sp|Q92616|GCN1_HUMAN,/core/www/modules//consensus/?run_id=110202&search_id=114132&scans_id=110198&peptide_id=7356&scanf=16143&charge=2&value=sp|Q92616|GCN1_HUMAN,0,/core/www/modules/match_peptides/blast_html4.php?run_id=110202&search_id=114132&scans_id=110198&peptide_id=7356&scanf=16143&charge=2&value=0,K.LTTPPVNTR.V,/core/www/modules/show_out/show_out_wrapper.php?run_id=110202&search_id=114132&scans_id=110198&peptide_id=7356&scanf=16143&charge=2&value=K.LTTPPVNTR.V,GCN1,2.223e+7,2.613,0.014,1.839,0.000
16144,2,"  2.538","  0.400",11/20,/core/www/modules//sdig/index.php?run_id=110202&search_id=114132&scans_id=110198&peptide_id=7357&scanf=16144&charge=2&value=11/20,sp|Q01082|SPTB2_HUMAN,/core/www/modules//consensus/?run_id=110202&search_id=114132&scans_id=110198&peptide_id=7357&scanf=16144&charge=2&value=sp|Q01082|SPTB2_HUMAN,1,/core/www/modules/match_peptides/blast_html4.php?run_id=110202&search_id=114132&scans_id=110198&peptide_id=7357&scanf=16144&charge=2&value=1,R.EIGQSVDEVEK.L,/core/www/modules/show_out/show_out_wrapper.php?run_id=110202&search_id=114132&scans_id=110198&peptide_id=7357&scanf=16144&charge=2&value=R.EIGQSVDEVEK.L,SPTBN1,1.545e+7,2.920,0.005,2.290,0.000
16147,3,"  2.620","  0.319",11/52,/core/www/modules//sdig/index.php?run_id=110202&search_id=114132&scans_id=110198&peptide_id=7360&scanf=16147&charge=3&value=11/52,sp|Q14690|RRP5_HUMAN,/core/www/modules//consensus/?run_id=110202&search_id=114132&scans_id=110198&peptide_id=7360&scanf=16147&charge=3&value=sp|Q14690|RRP5_HUMAN,1,/core/www/modules/match_peptides/blast_html4.php?run_id=110202&search_id=114132&scans_id=110198&peptide_id=7360&scanf=16147&charge=3&value=1,R.EGKEEAEETNVLPK.E,/core/www/modules/show_out/show_out_wrapper.php?run_id=110202&search_id=114132&scans_id=110198&peptide_id=7360&scanf=16147&charge=3&value=R.EGKEEAEETNVLPK.E,PDCD11,1.608e+7,2.242,0.050,1.304,0.002
16151,3,"  3.703","  0.684",18/60,/core/www/modules//sdig/index.php?run_id=110202&search_id=114132&scans_id=110198&peptide_id=7365&scanf=16151&charge=3&value=18/60,sp|P11142|HSP7C_HUMAN,/core/www/modules//consensus/?run_id=110202&search_id=114132&scans_id=110198&peptide_id=7365&scanf=16151&charge=3&value=sp|P11142|HSP7C_HUMAN,3,/core/www/modules/match_peptides/blast_html4.php?run_id=110202&search_id=114132&scans_id=110198&peptide_id=7365&scanf=16151&charge=3&value=3,K.STAGDTHLGGEDFDNR.M,/core/www/modules/show_out/show_out_wrapper.php?run_id=110202&search_id=114132&scans_id=110198&peptide_id=7365&scanf=16151&charge=3&value=K.STAGDTHLGGEDFDNR.M,HSPA8,4.909e+7,3.788,0.000,3.575,0.000
16152,3,"  2.281","  0.292",10/40,/core/www/modules//sdig/index.php?run_id=110202&search_id=114132&scans_id=110198&peptide_id=7366&scanf=16152&charge=3&value=10/40,sp|Q14315|FLNC_HUMAN,/core/www/modules//consensus/?run_id=110202&search_id=114132&scans_id=110198&peptide_id=7366&scanf=16152&charge=3&value=sp|Q14315|FLNC_HUMAN,0,/core/www/modules/match_peptides/blast_html4.php?run_id=110202&search_id=114132&scans_id=110198&peptide_id=7366&scanf=16152&charge=3&value=0,R.VPVKDVVDPGK.V,/core/www/modules/show_out/show_out_wrapper.php?run_id=110202&search_id=114132&scans_id=110198&peptide_id=7366&scanf=16152&charge=3&value=R.VPVKDVVDPGK.V,FLNC,9.890e+6,2.295,0.042,1.380,0.001
16154,3,"  3.250","  0.624",15/40,/core/www/modules//sdig/index.php?run_id=110202&search_id=114132&scans_id=110198&peptide_id=7367&scanf=16154&charge=3&value=15/40,sp|Q12906|ILF3_HUMAN,/core/www/modules//consensus/?run_id=110202&search_id=114132&scans_id=110198&peptide_id=7367&scanf=16154&charge=3&value=sp|Q12906|ILF3_HUMAN,0,/core/www/modules/match_peptides/blast_html4.php?run_id=110202&search_id=114132&scans_id=110198&peptide_id=7367&scanf=16154&charge=3&value=0,K.EATDAIGHLDR.Q,/core/www/modules/show_out/show_out_wrapper.php?run_id=110202&search_id=114132&scans_id=110198&peptide_id=7367&scanf=16154&charge=3&value=K.EATDAIGHLDR.Q,ILF3,3.215e+8,3.957,0.000,3.825,0.000
16155,2,"  2.420","  0.450",10/16,/core/www/modules//sdig/index.php?run_id=110202&search_id=114132&scans_id=110198&peptide_id=7368&scanf=16155&charge=2&value=10/16,sp|Q7KZF4|SND1_HUMAN,/core/www/modules//consensus/?run_id=110202&search_id=114132&scans_id=110198&peptide_id=7368&scanf=16155&charge=2&value=sp|Q7KZF4|SND1_HUMAN,0,/core/www/modules/match_peptides/blast_html4.php?run_id=110202&search_id=114132&scans_id=110198&peptide_id=7368&scanf=16155&charge=2&value=0,R.TDAVDSVVR.D,/core/www/modules/show_out/show_out_wrapper.php?run_id=110202&search_id=114132&scans_id=110198&peptide_id=7368&scanf=16155&charge=2&value=R.TDAVDSVVR.D,SND1,6.245e+7,3.205,0.002,2.711,0.000
16157,3,"  3.377","  0.611",16/32,/core/www/modules//sdig/index.php?run_id=110202&search_id=114132&scans_id=110198&peptide_id=7370&scanf=16157&charge=3&value=16/32,sp|P84098|RL19_HUMAN,/core/www/modules//consensus/?run_id=110202&search_id=114132&scans_id=110198&peptide_id=7370&scanf=16157&charge=3&value=sp|P84098|RL19_HUMAN,3,/core/www/modules/match_peptides/blast_html4.php?run_id=110202&search_id=114132&scans_id=110198&peptide_id=7370&scanf=16157&charge=3&value=3,R.HMYHSLYLK.V,/core/www/modules/show_out/show_out_wrapper.php?run_id=110202&search_id=114132&scans_id=110198&peptide_id=7370&scanf=16157&charge=3&value=R.HMYHSLYLK.V,RPL19,1.015e+8,4.015,0.000,3.912,0.000
16159,2,"  1.286","  0.193",7/12,/core/www/modules//sdig/index.php?run_id=110202&search_id=114132&scans_id=110198&peptide_id=7372&scanf=16159&charge=2&value=7/12,sp|Q14019|COTL1_HUMAN,/core/www/modules//consensus/?run_id=110202&search_id=114132&scans_id=110198&peptide_id=7372&scanf=16159&charge=2&value=sp|Q14019|COTL1_HUMAN,0,/core/www/modules/match_peptides/blast_html4.php?run_id=110202&search_id=114132&scans_id=110198&peptide_id=7372&scanf=16159&charge=2&value=0,R.AAYNLVR.D,/core/www/modules/show_out/show_out_wrapper.php?run_id=110202&search_id=114132&scans_id=110198&peptide_id=7372&scanf=16159&charge=2&value=R.AAYNLVR.D,COTL1,1.110e+8,2.152,0.066,1.179,0.002
16162,2,"  1.506","  0.004",7/12,/core/www/modules//sdig/index.php?run_id=110202&search_id=114132&scans_id=110198&peptide_id=7376&scanf=16162&charge=2&value=7/12,sp|Q15149|PLEC_HUMAN,/core/www/modules//consensus/?run_id=110202&search_id=114132&scans_id=110198&peptide_id=7376&scanf=16162&charge=2&value=sp|Q15149|PLEC_HUMAN,5,/core/www/modules/match_peptides/blast_html4.php?run_id=110202&search_id=114132&scans_id=110198&peptide_id=7376&scanf=16162&charge=2&value=5,K.EMELPAK.E,/core/www/modules/show_out/show_out_wrapper.php?run_id=110202&search_id=114132&scans_id=110198&peptide_id=7376&scanf=16162&charge=2&value=K.EMELPAK.E,PLEC,1.520e+7,2.133,0.070,1.152,0.002
16169,2,"  2.392","  0.295",9/16,/core/www/modules//sdig/index.php?run_id=110202&search_id=114132&scans_id=110198&peptide_id=7383&scanf=16169&charge=2&value=9/16,sp|P35998|PRS7_HUMAN,/core/www/modules//consensus/?run_id=110202&search_id=114132&scans_id=110198&peptide_id=7383&scanf=16169&charge=2&value=sp|P35998|PRS7_HUMAN,2,/core/www/modules/match_peptides/blast_html4.php?run_id=110202&search_id=114132&scans_id=110198&peptide_id=7383&scanf=16169&charge=2&value=2,K.KINELTGIK.E,/core/www/modules/show_out/show_out_wrapper.php?run_id=110202&search_id=114132&scans_id=110198&peptide_id=7383&scanf=16169&charge=2&value=K.KINELTGIK.E,PSMC2,1.036e+7,2.312,0.040,1.403,0.001
16170,3,"  5.380","  0.522",16/52,/core/www/modules//sdig/index.php?run_id=110202&search_id=114132&scans_id=110198&peptide_id=7385&scanf=16170&charge=3&value=16/52,sp|Q92879|CELF1_HUMAN,/core/www/modules//consensus/?run_id=110202&search_id=114132&scans_id=110198&peptide_id=7385&scanf=16170&charge=3&value=sp|Q92879|CELF1_HUMAN,4,/core/www/modules/match_peptides/blast_html4.php?run_id=110202&search_id=114132&scans_id=110198&peptide_id=7385&scanf=16170&charge=3&value=4,R.KAALEAQNALHNMK.V,/core/www/modules/show_out/show_out_wrapper.php?run_id=110202&search_id=114132&scans_id=110198&peptide_id=7385&scanf=16170&charge=3&value=R.KAALEAQNALHNMK.V,CELF1,8.034e+6,3.071,0.003,2.512,0.000
16171,2,"  3.404","  0.560",14/24,/core/www/modules//sdig/index.php?run_id=110202&search_id=114132&scans_id=110198&peptide_id=7386&scanf=16171&charge=2&value=14/24,sp|Q9Y4W2|LAS1L_HUMAN,/core/www/modules//consensus/?run_id=110202&search_id=114132&scans_id=110198&peptide_id=7386&scanf=16171&charge=2&value=sp|Q9Y4W2|LAS1L_HUMAN,2,/core/www/modules/match_peptides/blast_html4.php?run_id=110202&search_id=114132&scans_id=110198&peptide_id=7386&scanf=16171&charge=2&value=2,K.AMGQGLPDEEQEK.L,/core/www/modules/show_out/show_out_wrapper.php?run_id=110202&search_id=114132&scans_id=110198&peptide_id=7386&scanf=16171&charge=2&value=K.AMGQGLPDEEQEK.L,LAS1L,1.195e+7,3.389,0.001,2.983,0.000
16176,2,"  2.136","  0.194",8/12,/core/www/modules//sdig/index.php?run_id=110202&search_id=114132&scans_id=110198&peptide_id=7390&scanf=16176&charge=2&value=8/12,sp|Q07020|RL18_HUMAN,/core/www/modules//consensus/?run_id=110202&search_id=114132&scans_id=110198&peptide_id=7390&scanf=16176&charge=2&value=sp|Q07020|RL18_HUMAN,5,/core/www/modules/match_peptides/blast_html4.php?run_id=110202&search_id=114132&scans_id=110198&peptide_id=7390&scanf=16176&charge=2&value=5,K.SQDIYLR.L,/core/www/modules/show_out/show_out_wrapper.php?run_id=110202&search_id=114132&scans_id=110198&peptide_id=7390&scanf=16176&charge=2&value=K.SQDIYLR.L,RPL18,2.081e+8,2.405,0.029,1.537,0.001
16177,2,"  2.871","  0.408",15/18,/core/www/modules//sdig/index.php?run_id=110202&search_id=114132&scans_id=110198&peptide_id=7391&scanf=16177&charge=2&value=15/18,sp|O60812|HNRC1_HUMAN,/core/www/modules//consensus/?run_id=110202&search_id=114132&scans_id=110198&peptide_id=7391&scanf=16177&charge=2&value=sp|O60812|HNRC1_HUMAN,13,/core/www/modules/match_peptides/blast_html4.php?run_id=110202&search_id=114132&scans_id=110198&peptide_id=7391&scanf=16177&charge=2&value=13,K.LKGDDLQAIK.Q,/core/www/modules/show_out/show_out_wrapper.php?run_id=110202&search_id=114132&scans_id=110198&peptide_id=7391&scanf=16177&charge=2&value=K.LKGDDLQAIK.Q,HNRNPCL1,2.594e+8,3.002,0.004,2.411,0.000
16178,3,"  2.769","  0.527",14/36,/core/www/modules//sdig/index.php?run_id=110202&search_id=114132&scans_id=110198&peptide_id=7392&scanf=16178&charge=3&value=14/36,sp|O00571|DDX3X_HUMAN,/core/www/modules//consensus/?run_id=110202&search_id=114132&scans_id=110198&peptide_id=7392&scanf=16178&charge=3&value=sp|O00571|DDX3X_HUMAN,15,/core/www/modules/match_peptides/blast_html4.php?run_id=110202&search_id=114132&scans_id=110198&peptide_id=7392&scanf=16178&charge=3&value=15,K.VVWVEESDKR.S,/core/www/modules/show_out/show_out_wrapper.php?run_id=110202&search_id=114132&scans_id=110198&peptide_id=7392&scanf=16178&charge=3&value=K.VVWVEESDKR.S,DDX3X,8.213e+7,3.274,0.002,2.814,0.000
16179,2,"  2.118","  0.459",9/14,/core/www/modules//sdig/index.php?run_id=110202&search_id=114132&scans_id=110198&peptide_id=7393&scanf=16179&charge=2&value=9/14,sp|Q93009|UBP7_HUMAN,/core/www/modules//consensus/?run_id=110202&search_id=114132&scans_id=110198&peptide_id=7393&scanf=16179&charge=2&value=sp|Q93009|UBP7_HUMAN,3,/core/www/modules/match_peptides/blast_html4.php?run_id=110202&search_id=114132&scans_id=110198&peptide_id=7393&scanf=16179&charge=2&value=3,K.FDDDVVSR.C,/core/www/modules/show_out/show_out_wrapper.php?run_id=110202&search_id=114132&scans_id=110198&peptide_id=7393&scanf=16179&charge=2&value=K.FDDDVVSR.C,USP7,1.889e+7,3.281,0.002,2.824,0.000
16180,3,"  2.511","  0.517",16/44,/core/www/modules//sdig/index.php?run_id=110202&search_id=114132&scans_id=110198&peptide_id=7395&scanf=16180&charge=3&value=16/44,sp|O15042|SR140_HUMAN,/core/www/modules//consensus/?run_id=110202&search_id=114132&scans_id=110198&peptide_id=7395&scanf=16180&charge=3&value=sp|O15042|SR140_HUMAN,1,/core/www/modules/match_peptides/blast_html4.php?run_id=110202&search_id=114132&scans_id=110198&peptide_id=7395&scanf=16180&charge=3&value=1,R.TIQGHLQSENFK.Q,/core/www/modules/show_out/show_out_wrapper.php?run_id=110202&search_id=114132&scans_id=110198&peptide_id=7395&scanf=16180&charge=3&value=R.TIQGHLQSENFK.Q,U2SURP,2.503e+7,3.391,0.001,2.987,0.000
16184,2,"  3.585","  0.656",13/18,/core/www/modules//sdig/index.php?run_id=110202&search_id=114132&scans_id=110198&peptide_id=7399&scanf=16184&charge=2&value=13/18,sp|P07900|HS90A_HUMAN,/core/www/modules//consensus/?run_id=110202&search_id=114132&scans_id=110198&peptide_id=7399&scanf=16184&charge=2&value=sp|P07900|HS90A_HUMAN,4,/core/www/modules/match_peptides/blast_html4.php?run_id=110202&search_id=114132&scans_id=110198&peptide_id=7399&scanf=16184&charge=2&value=4,K.EDQTEYLEER.R,/core/www/modules/show_out/show_out_wrapper.php?run_id=110202&search_id=114132&scans_id=110198&peptide_id=7399&scanf=16184&charge=2&value=K.EDQTEYLEER.R,HSP90AA1,3.332e+8,4.217,0.000,4.211,0.000
16186,2,"  2.468","  0.327",8/20,/core/www/modules//sdig/index.php?run_id=110202&search_id=114132&scans_id=110198&peptide_id=7401&scanf=16186&charge=2&value=8/20,sp|Q9NW13|RBM28_HUMAN,/core/www/modules//consensus/?run_id=110202&search_id=114132&scans_id=110198&peptide_id=7401&scanf=16186&charge=2&value=sp|Q9NW13|RBM28_HUMAN,0,/core/www/modules/match_peptides/blast_html4.php?run_id=110202&search_id=114132&scans_id=110198&peptide_id=7401&scanf=16186&charge=2&value=0,R.KLLLSATSGEK.G,/core/www/modules/show_out/show_out_wrapper.php?run_id=110202&search_id=114132&scans_id=110198&peptide_id=7401&scanf=16186&charge=2&value=R.KLLLSATSGEK.G,RBM28,1.066e+7,2.096,0.079,1.101,0.003
16194,2,"  2.444","  0.318",8/14,/core/www/modules//sdig/index.php?run_id=110202&search_id=114132&scans_id=110198&peptide_id=7410&scanf=16194&charge=2&value=8/14,sp|Q8N3U4|STAG2_HUMAN,/core/www/modules//consensus/?run_id=110202&search_id=114132&scans_id=110198&peptide_id=7410&scanf=16194&charge=2&value=sp|Q8N3U4|STAG2_HUMAN,1,/core/www/modules/match_peptides/blast_html4.php?run_id=110202&search_id=114132&scans_id=110198&peptide_id=7410&scanf=16194&charge=2&value=1,R.EAIAMLHK.D,/core/www/modules/show_out/show_out_wrapper.php?run_id=110202&search_id=114132&scans_id=110198&peptide_id=7410&scanf=16194&charge=2&value=R.EAIAMLHK.D,STAG2,8.674e+6,2.723,0.010,1.999,0.000
16197,2,"  1.510","  0.359",7/14,/core/www/modules//sdig/index.php?run_id=110202&search_id=114132&scans_id=110198&peptide_id=7412&scanf=16197&charge=2&value=7/14,sp|P39023|RL3_HUMAN,/core/www/modules//consensus/?run_id=110202&search_id=114132&scans_id=110198&peptide_id=7412&scanf=16197&charge=2&value=sp|P39023|RL3_HUMAN,1,/core/www/modules/match_peptides/blast_html4.php?run_id=110202&search_id=114132&scans_id=110198&peptide_id=7412&scanf=16197&charge=2&value=1,K.AFMGPLKK.D,/core/www/modules/show_out/show_out_wrapper.php?run_id=110202&search_id=114132&scans_id=110198&peptide_id=7412&scanf=16197&charge=2&value=K.AFMGPLKK.D,RPL3,2.626e+7,2.328,0.037,1.427,0.001
16198,2,"  1.935","  0.331",10/14,/core/www/modules//sdig/index.php?run_id=110202&search_id=114132&scans_id=110198&peptide_id=7413&scanf=16198&charge=2&value=10/14,sp|Q9BZE4|GTPB4_HUMAN,/core/www/modules//consensus/?run_id=110202&search_id=114132&scans_id=110198&peptide_id=7413&scanf=16198&charge=2&value=sp|Q9BZE4|GTPB4_HUMAN,1,/core/www/modules/match_peptides/blast_html4.php?run_id=110202&search_id=114132&scans_id=110198&peptide_id=7413&scanf=16198&charge=2&value=1,K.NLVDNVAK.D,/core/www/modules/show_out/show_out_wrapper.php?run_id=110202&search_id=114132&scans_id=110198&peptide_id=7413&scanf=16198&charge=2&value=K.NLVDNVAK.D,GTPBP4,3.208e+7,2.920,0.005,2.289,0.000
16199,4,"  2.712","  0.472",18/84,/core/www/modules//sdig/index.php?run_id=110202&search_id=114132&scans_id=110198&peptide_id=7414&scanf=16199&charge=4&value=18/84,sp|P18621|RL17_HUMAN,/core/www/modules//consensus/?run_id=110202&search_id=114132&scans_id=110198&peptide_id=7414&scanf=16199&charge=4&value=sp|P18621|RL17_HUMAN,6,/core/www/modules/match_peptides/blast_html4.php?run_id=110202&search_id=114132&scans_id=110198&peptide_id=7414&scanf=16199&charge=4&value=6,K.EQIVPKPEEEVAQKK.K,/core/www/modules/show_out/show_out_wrapper.php?run_id=110202&search_id=114132&scans_id=110198&peptide_id=7414&scanf=16199&charge=4&value=K.EQIVPKPEEEVAQKK.K,RPL17,1.780e+7,3.113,0.003,2.574,0.000
16201,2,"  1.791","  0.402",10/16,/core/www/modules//sdig/index.php?run_id=110202&search_id=114132&scans_id=110198&peptide_id=7417&scanf=16201&charge=2&value=10/16,sp|P50990|TCPQ_HUMAN,/core/www/modules//consensus/?run_id=110202&search_id=114132&scans_id=110198&peptide_id=7417&scanf=16201&charge=2&value=sp|P50990|TCPQ_HUMAN,1,/core/www/modules/match_peptides/blast_html4.php?run_id=110202&search_id=114132&scans_id=110198&peptide_id=7417&scanf=16201&charge=2&value=1,K.TVGATALPR.L,/core/www/modules/show_out/show_out_wrapper.php?run_id=110202&search_id=114132&scans_id=110198&peptide_id=7417&scanf=16201&charge=2&value=K.TVGATALPR.L,CCT8,1.128e+8,3.029,0.004,2.451,0.000
16203,2,"  2.311","  0.459",13/24,/core/www/modules//sdig/index.php?run_id=110202&search_id=114132&scans_id=110198&peptide_id=7419&scanf=16203&charge=2&value=13/24,sp|O00425|IF2B3_HUMAN,/core/www/modules//consensus/?run_id=110202&search_id=114132&scans_id=110198&peptide_id=7419&scanf=16203&charge=2&value=sp|O00425|IF2B3_HUMAN,0,/core/www/modules/match_peptides/blast_html4.php?run_id=110202&search_id=114132&scans_id=110198&peptide_id=7419&scanf=16203&charge=2&value=0,R.DQTPDENDQVVVK.I,/core/www/modules/show_out/show_out_wrapper.php?run_id=110202&search_id=114132&scans_id=110198&peptide_id=7419&scanf=16203&charge=2&value=R.DQTPDENDQVVVK.I,IGF2BP3,1.176e+7,2.933,0.005,2.309,0.000
16206,3,"  2.537","  0.414",10/60,/core/www/modules//sdig/index.php?run_id=110202&search_id=114132&scans_id=110198&peptide_id=7422&scanf=16206&charge=3&value=10/60,sp|P08670|VIME_HUMAN,/core/www/modules//consensus/?run_id=110202&search_id=114132&scans_id=110198&peptide_id=7422&scanf=16206&charge=3&value=sp|P08670|VIME_HUMAN,0,/core/www/modules/match_peptides/blast_html4.php?run_id=110202&search_id=114132&scans_id=110198&peptide_id=7422&scanf=16206&charge=3&value=0,R.DGQVINETSQHHDDLE.-,/core/www/modules/show_out/show_out_wrapper.php?run_id=110202&search_id=114132&scans_id=110198&peptide_id=7422&scanf=16206&charge=3&value=R.DGQVINETSQHHDDLE.-,VIM,9.615e+8,3.047,0.003,2.477,0.000
16207,2,"  2.975","  0.299",10/24,/core/www/modules//sdig/index.php?run_id=110202&search_id=114132&scans_id=110198&peptide_id=7423&scanf=16207&charge=2&value=10/24,sp|Q14315|FLNC_HUMAN,/core/www/modules//consensus/?run_id=110202&search_id=114132&scans_id=110198&peptide_id=7423&scanf=16207&charge=2&value=sp|Q14315|FLNC_HUMAN,0,/core/www/modules/match_peptides/blast_html4.php?run_id=110202&search_id=114132&scans_id=110198&peptide_id=7423&scanf=16207&charge=2&value=0,R.VHVQPAVDTSGVK.V,/core/www/modules/show_out/show_out_wrapper.php?run_id=110202&search_id=114132&scans_id=110198&peptide_id=7423&scanf=16207&charge=2&value=R.VHVQPAVDTSGVK.V,FLNC,9.589e+6,2.374,0.032,1.492,0.001
16208,2,"  1.689","  0.330",7/12,/core/www/modules//sdig/index.php?run_id=110202&search_id=114132&scans_id=110198&peptide_id=7424&scanf=16208&charge=2&value=7/12,sp|Q8WWQ0|PHIP_HUMAN,/core/www/modules//consensus/?run_id=110202&search_id=114132&scans_id=110198&peptide_id=7424&scanf=16208&charge=2&value=sp|Q8WWQ0|PHIP_HUMAN,4,/core/www/modules/match_peptides/blast_html4.php?run_id=110202&search_id=114132&scans_id=110198&peptide_id=7424&scanf=16208&charge=2&value=4,K.IYSINPK.K,/core/www/modules/show_out/show_out_wrapper.php?run_id=110202&search_id=114132&scans_id=110198&peptide_id=7424&scanf=16208&charge=2&value=K.IYSINPK.K,PHIP,1.330e+7,2.709,0.010,1.980,0.000
16210,2,"  2.327","  0.458",9/16,/core/www/modules//sdig/index.php?run_id=110202&search_id=114132&scans_id=110198&peptide_id=7427&scanf=16210&charge=2&value=9/16,sp|P31946|1433B_HUMAN,/core/www/modules//consensus/?run_id=110202&search_id=114132&scans_id=110198&peptide_id=7427&scanf=16210&charge=2&value=sp|P31946|1433B_HUMAN,4,/core/www/modules/match_peptides/blast_html4.php?run_id=110202&search_id=114132&scans_id=110198&peptide_id=7427&scanf=16210&charge=2&value=4,R.YDDMAAAMK.A,/core/www/modules/show_out/show_out_wrapper.php?run_id=110202&search_id=114132&scans_id=110198&peptide_id=7427&scanf=16210&charge=2&value=R.YDDMAAAMK.A,YWHAB,3.064e+7,3.059,0.003,2.496,0.000
16211,2,"  3.307","  0.512",16/24,/core/www/modules//sdig/index.php?run_id=110202&search_id=114132&scans_id=110198&peptide_id=7428&scanf=16211&charge=2&value=16/24,sp|Q12906|ILF3_HUMAN,/core/www/modules//consensus/?run_id=110202&search_id=114132&scans_id=110198&peptide_id=7428&scanf=16211&charge=2&value=sp|Q12906|ILF3_HUMAN,1,/core/www/modules/match_peptides/blast_html4.php?run_id=110202&search_id=114132&scans_id=110198&peptide_id=7428&scanf=16211&charge=2&value=1,K.YELISETGGSHDK.R,/core/www/modules/show_out/show_out_wrapper.php?run_id=110202&search_id=114132&scans_id=110198&peptide_id=7428&scanf=16211&charge=2&value=K.YELISETGGSHDK.R,ILF3,2.584e+7,3.447,0.001,3.070,0.000
16212,2,"  2.589","  0.381",9/16,/core/www/modules//sdig/index.php?run_id=110202&search_id=114132&scans_id=110198&peptide_id=7429&scanf=16212&charge=2&value=9/16,sp|Q13330|MTA1_HUMAN,/core/www/modules//consensus/?run_id=110202&search_id=114132&scans_id=110198&peptide_id=7429&scanf=16212&charge=2&value=sp|Q13330|MTA1_HUMAN,3,/core/www/modules/match_peptides/blast_html4.php?run_id=110202&search_id=114132&scans_id=110198&peptide_id=7429&scanf=16212&charge=2&value=3,R.QAFYLHTTK.L,/core/www/modules/show_out/show_out_wrapper.php?run_id=110202&search_id=114132&scans_id=110198&peptide_id=7429&scanf=16212&charge=2&value=R.QAFYLHTTK.L,MTA1,7.149e+6,2.835,0.007,2.165,0.000
16213,2,"  2.642","  0.500",13/26,/core/www/modules//sdig/index.php?run_id=110202&search_id=114132&scans_id=110198&peptide_id=7430&scanf=16213&charge=2&value=13/26,sp|Q9NY93|DDX56_HUMAN,/core/www/modules//consensus/?run_id=110202&search_id=114132&scans_id=110198&peptide_id=7430&scanf=16213&charge=2&value=sp|Q9NY93|DDX56_HUMAN,3,/core/www/modules/match_peptides/blast_html4.php?run_id=110202&search_id=114132&scans_id=110198&peptide_id=7430&scanf=16213&charge=2&value=3,R.VANVSAAEDSVSQR.A,/core/www/modules/show_out/show_out_wrapper.php?run_id=110202&search_id=114132&scans_id=110198&peptide_id=7430&scanf=16213&charge=2&value=R.VANVSAAEDSVSQR.A,DDX56,9.303e+6,2.780,0.008,2.084,0.000
16217,2,"  2.169","  0.308",12/18,/core/www/modules//sdig/index.php?run_id=110202&search_id=114132&scans_id=110198&peptide_id=7433&scanf=16217&charge=2&value=12/18,sp|Q13435|SF3B2_HUMAN,/core/www/modules//consensus/?run_id=110202&search_id=114132&scans_id=110198&peptide_id=7433&scanf=16217&charge=2&value=sp|Q13435|SF3B2_HUMAN,2,/core/www/modules/match_peptides/blast_html4.php?run_id=110202&search_id=114132&scans_id=110198&peptide_id=7433&scanf=16217&charge=2&value=2,K.KPGDLSDELR.I,/core/www/modules/show_out/show_out_wrapper.php?run_id=110202&search_id=114132&scans_id=110198&peptide_id=7433&scanf=16217&charge=2&value=K.KPGDLSDELR.I,SF3B2,3.012e+7,2.592,0.016,1.809,0.000
16222,3,"  2.776","  0.379",16/44,/core/www/modules//sdig/index.php?run_id=110202&search_id=114132&scans_id=110198&peptide_id=7439&scanf=16222&charge=3&value=16/44,sp|P49959|MRE11_HUMAN,/core/www/modules//consensus/?run_id=110202&search_id=114132&scans_id=110198&peptide_id=7439&scanf=16222&charge=3&value=sp|P49959|MRE11_HUMAN,1,/core/www/modules/match_peptides/blast_html4.php?run_id=110202&search_id=114132&scans_id=110198&peptide_id=7439&scanf=16222&charge=3&value=1,K.LITKPSEGTTLR.V,/core/www/modules/show_out/show_out_wrapper.php?run_id=110202&search_id=114132&scans_id=110198&peptide_id=7439&scanf=16222&charge=3&value=K.LITKPSEGTTLR.V,MRE11,3.975e+7,2.749,0.009,2.038,0.000
16223,2,"  2.771","  0.514",14/22,/core/www/modules//sdig/index.php?run_id=110202&search_id=114132&scans_id=110198&peptide_id=7440&scanf=16223&charge=2&value=14/22,sp|P09651|ROA1_HUMAN,/core/www/modules//consensus/?run_id=110202&search_id=114132&scans_id=110198&peptide_id=7440&scanf=16223&charge=2&value=sp|P09651|ROA1_HUMAN,12,/core/www/modules/match_peptides/blast_html4.php?run_id=110202&search_id=114132&scans_id=110198&peptide_id=7440&scanf=16223&charge=2&value=12,R.GGGFGGNDNFGR.G,/core/www/modules/show_out/show_out_wrapper.php?run_id=110202&search_id=114132&scans_id=110198&peptide_id=7440&scanf=16223&charge=2&value=R.GGGFGGNDNFGR.G,HNRNPA1,6.100e+7,3.383,0.001,2.975,0.000
16224,3,"  4.651","  0.652",28/56,/core/www/modules//sdig/index.php?run_id=110202&search_id=114132&scans_id=110198&peptide_id=7441&scanf=16224&charge=3&value=28/56,sp|Q13200|PSMD2_HUMAN,/core/www/modules//consensus/?run_id=110202&search_id=114132&scans_id=110198&peptide_id=7441&scanf=16224&charge=3&value=sp|Q13200|PSMD2_HUMAN,0,/core/www/modules/match_peptides/blast_html4.php?run_id=110202&search_id=114132&scans_id=110198&peptide_id=7441&scanf=16224&charge=3&value=0,R.VGQAVDVVGQAGKPK.T,/core/www/modules/show_out/show_out_wrapper.php?run_id=110202&search_id=114132&scans_id=110198&peptide_id=7441&scanf=16224&charge=3&value=R.VGQAVDVVGQAGKPK.T,PSMD2,8.082e+7,4.062,0.000,3.981,0.000
16225,2,"  2.395","  0.571",10/16,/core/www/modules//sdig/index.php?run_id=110202&search_id=114132&scans_id=110198&peptide_id=7442&scanf=16225&charge=2&value=10/16,sp|P62269|RS18_HUMAN,/core/www/modules//consensus/?run_id=110202&search_id=114132&scans_id=110198&peptide_id=7442&scanf=16225&charge=2&value=sp|P62269|RS18_HUMAN,0,/core/www/modules/match_peptides/blast_html4.php?run_id=110202&search_id=114132&scans_id=110198&peptide_id=7442&scanf=16225&charge=2&value=0,R.VITIM*QNPR.Q,/core/www/modules/show_out/show_out_wrapper.php?run_id=110202&search_id=114132&scans_id=110198&peptide_id=7442&scanf=16225&charge=2&value=R.VITIM*QNPR.Q,RPS18,4.312e+7,3.471,0.001,3.106,0.000
16229,2,"  2.145","  0.147",12/16,/core/www/modules//sdig/index.php?run_id=110202&search_id=114132&scans_id=110198&peptide_id=7446&scanf=16229&charge=2&value=12/16,sp|Q9P2R7|SUCB1_HUMAN,/core/www/modules//consensus/?run_id=110202&search_id=114132&scans_id=110198&peptide_id=7446&scanf=16229&charge=2&value=sp|Q9P2R7|SUCB1_HUMAN,5,/core/www/modules/match_peptides/blast_html4.php?run_id=110202&search_id=114132&scans_id=110198&peptide_id=7446&scanf=16229&charge=2&value=5,K.EQALQLAQK.M,/core/www/modules/show_out/show_out_wrapper.php?run_id=110202&search_id=114132&scans_id=110198&peptide_id=7446&scanf=16229&charge=2&value=K.EQALQLAQK.M,SUCLA2,1.180e+7,2.339,0.036,1.442,0.001
16230,2,"  2.655","  0.276",12/14,/core/www/modules//sdig/index.php?run_id=110202&search_id=114132&scans_id=110198&peptide_id=7448&scanf=16230&charge=2&value=12/14,sp|O00567|NOP56_HUMAN,/core/www/modules//consensus/?run_id=110202&search_id=114132&scans_id=110198&peptide_id=7448&scanf=16230&charge=2&value=sp|O00567|NOP56_HUMAN,2,/core/www/modules/match_peptides/blast_html4.php?run_id=110202&search_id=114132&scans_id=110198&peptide_id=7448&scanf=16230&charge=2&value=2,R.LHFHNLVK.G,/core/www/modules/show_out/show_out_wrapper.php?run_id=110202&search_id=114132&scans_id=110198&peptide_id=7448&scanf=16230&charge=2&value=R.LHFHNLVK.G,NOP56,3.527e+7,3.054,0.003,2.487,0.000
16231,2,"  2.531","  0.364",11/16,/core/www/modules//sdig/index.php?run_id=110202&search_id=114132&scans_id=110198&peptide_id=7449&scanf=16231&charge=2&value=11/16,sp|Q08211|DHX9_HUMAN,/core/www/modules//consensus/?run_id=110202&search_id=114132&scans_id=110198&peptide_id=7449&scanf=16231&charge=2&value=sp|Q08211|DHX9_HUMAN,0,/core/www/modules/match_peptides/blast_html4.php?run_id=110202&search_id=114132&scans_id=110198&peptide_id=7449&scanf=16231&charge=2&value=0,R.ISAVSVAER.V,/core/www/modules/show_out/show_out_wrapper.php?run_id=110202&search_id=114132&scans_id=110198&peptide_id=7449&scanf=16231&charge=2&value=R.ISAVSVAER.V,DHX9,5.593e+8,3.243,0.002,2.767,0.000
16233,2,"  2.086","  0.198",10/16,/core/www/modules//sdig/index.php?run_id=110202&search_id=114132&scans_id=110198&peptide_id=7451&scanf=16233&charge=2&value=10/16,sp|P09543|CN37_HUMAN,/core/www/modules//consensus/?run_id=110202&search_id=114132&scans_id=110198&peptide_id=7451&scanf=16233&charge=2&value=sp|P09543|CN37_HUMAN,0,/core/www/modules/match_peptides/blast_html4.php?run_id=110202&search_id=114132&scans_id=110198&peptide_id=7451&scanf=16233&charge=2&value=0,R.QFVPGDEPR.E,/core/www/modules/show_out/show_out_wrapper.php?run_id=110202&search_id=114132&scans_id=110198&peptide_id=7451&scanf=16233&charge=2&value=R.QFVPGDEPR.E,CNP,1.017e+7,2.283,0.043,1.362,0.001
16234,2,"  3.523","  0.640",14/20,/core/www/modules//sdig/index.php?run_id=110202&search_id=114132&scans_id=110198&peptide_id=7452&scanf=16234&charge=2&value=14/20,sp|Q7KZF4|SND1_HUMAN,/core/www/modules//consensus/?run_id=110202&search_id=114132&scans_id=110198&peptide_id=7452&scanf=16234&charge=2&value=sp|Q7KZF4|SND1_HUMAN,0,/core/www/modules/match_peptides/blast_html4.php?run_id=110202&search_id=114132&scans_id=110198&peptide_id=7452&scanf=16234&charge=2&value=0,R.ADDADEFGYSR.-,/core/www/modules/show_out/show_out_wrapper.php?run_id=110202&search_id=114132&scans_id=110198&peptide_id=7452&scanf=16234&charge=2&value=R.ADDADEFGYSR.-,SND1,1.916e+7,3.976,0.000,3.853,0.000
16235,2,"  2.857","  0.650",12/24,/core/www/modules//sdig/index.php?run_id=110202&search_id=114132&scans_id=110198&peptide_id=7453&scanf=16235&charge=2&value=12/24,sp|Q9BUJ2|HNRL1_HUMAN,/core/www/modules//consensus/?run_id=110202&search_id=114132&scans_id=110198&peptide_id=7453&scanf=16235&charge=2&value=sp|Q9BUJ2|HNRL1_HUMAN,6,/core/www/modules/match_peptides/blast_html4.php?run_id=110202&search_id=114132&scans_id=110198&peptide_id=7453&scanf=16235&charge=2&value=6,K.HLPSTEPDPHVVR.I,/core/www/modules/show_out/show_out_wrapper.php?run_id=110202&search_id=114132&scans_id=110198&peptide_id=7453&scanf=16235&charge=2&value=K.HLPSTEPDPHVVR.I,HNRNPUL1,1.464e+7,3.557,0.001,3.233,0.000
16236,2,"  2.880","  0.343",11/14,/core/www/modules//sdig/index.php?run_id=110202&search_id=114132&scans_id=110198&peptide_id=7454&scanf=16236&charge=2&value=11/14,sp|P62424|RL7A_HUMAN,/core/www/modules//consensus/?run_id=110202&search_id=114132&scans_id=110198&peptide_id=7454&scanf=16236&charge=2&value=sp|P62424|RL7A_HUMAN,1,/core/www/modules/match_peptides/blast_html4.php?run_id=110202&search_id=114132&scans_id=110198&peptide_id=7454&scanf=16236&charge=2&value=1,R.QTATQLLK.L,/core/www/modules/show_out/show_out_wrapper.php?run_id=110202&search_id=114132&scans_id=110198&peptide_id=7454&scanf=16236&charge=2&value=R.QTATQLLK.L,RPL7A,3.487e+8,3.106,0.003,2.565,0.000
16238,2,"  3.159","  0.519",12/22,/core/www/modules//sdig/index.php?run_id=110202&search_id=114132&scans_id=110198&peptide_id=7455&scanf=16238&charge=2&value=12/22,sp|O00299|CLIC1_HUMAN,/core/www/modules//consensus/?run_id=110202&search_id=114132&scans_id=110198&peptide_id=7455&scanf=16238&charge=2&value=sp|O00299|CLIC1_HUMAN,0,/core/www/modules/match_peptides/blast_html4.php?run_id=110202&search_id=114132&scans_id=110198&peptide_id=7455&scanf=16238&charge=2&value=0,K.NSNPALNDNLEK.G,/core/www/modules/show_out/show_out_wrapper.php?run_id=110202&search_id=114132&scans_id=110198&peptide_id=7455&scanf=16238&charge=2&value=K.NSNPALNDNLEK.G,CLIC1,4.324e+7,3.187,0.002,2.685,0.000
16239,3,"  3.123","  0.386",13/36,/core/www/modules//sdig/index.php?run_id=110202&search_id=114132&scans_id=110198&peptide_id=7456&scanf=16239&charge=3&value=13/36,sp|O00425|IF2B3_HUMAN,/core/www/modules//consensus/?run_id=110202&search_id=114132&scans_id=110198&peptide_id=7456&scanf=16239&charge=3&value=sp|O00425|IF2B3_HUMAN,1,/core/www/modules/match_peptides/blast_html4.php?run_id=110202&search_id=114132&scans_id=110198&peptide_id=7456&scanf=16239&charge=3&value=1,K.ILAHNNFVGR.L,/core/www/modules/show_out/show_out_wrapper.php?run_id=110202&search_id=114132&scans_id=110198&peptide_id=7456&scanf=16239&charge=3&value=K.ILAHNNFVGR.L,IGF2BP3,5.608e+8,3.062,0.003,2.500,0.000
16242,2,"  2.105","  0.307",10/20,/core/www/modules//sdig/index.php?run_id=110202&search_id=114132&scans_id=110198&peptide_id=7459&scanf=16242&charge=2&value=10/20,sp|Q9Y266|NUDC_HUMAN,/core/www/modules//consensus/?run_id=110202&search_id=114132&scans_id=110198&peptide_id=7459&scanf=16242&charge=2&value=sp|Q9Y266|NUDC_HUMAN,0,/core/www/modules/match_peptides/blast_html4.php?run_id=110202&search_id=114132&scans_id=110198&peptide_id=7459&scanf=16242&charge=2&value=0,R.LVSSDPEINTK.K,/core/www/modules/show_out/show_out_wrapper.php?run_id=110202&search_id=114132&scans_id=110198&peptide_id=7459&scanf=16242&charge=2&value=R.LVSSDPEINTK.K,NUDC,1.594e+7,2.376,0.032,1.495,0.001
16246,2,"  1.102","  0.084",6/12,/core/www/modules//sdig/index.php?run_id=110202&search_id=114132&scans_id=110198&peptide_id=7463&scanf=16246&charge=2&value=6/12,sp|P60709|ACTB_HUMAN,/core/www/modules//consensus/?run_id=110202&search_id=114132&scans_id=110198&peptide_id=7463&scanf=16246&charge=2&value=sp|P60709|ACTB_HUMAN,11,/core/www/modules/match_peptides/blast_html4.php?run_id=110202&search_id=114132&scans_id=110198&peptide_id=7463&scanf=16246&charge=2&value=11,K.IIAPPER.K,/core/www/modules/show_out/show_out_wrapper.php?run_id=110202&search_id=114132&scans_id=110198&peptide_id=7463&scanf=16246&charge=2&value=K.IIAPPER.K,ACTB,2.437e+9,2.290,0.042,1.373,0.001
16247,3,"  2.821","  0.453",18/48,/core/www/modules//sdig/index.php?run_id=110202&search_id=114132&scans_id=110198&peptide_id=7464&scanf=16247&charge=3&value=18/48,sp|Q15029|U5S1_HUMAN,/core/www/modules//consensus/?run_id=110202&search_id=114132&scans_id=110198&peptide_id=7464&scanf=16247&charge=3&value=sp|Q15029|U5S1_HUMAN,0,/core/www/modules/match_peptides/blast_html4.php?run_id=110202&search_id=114132&scans_id=110198&peptide_id=7464&scanf=16247&charge=3&value=0,R.VLSGTIHAGQPVK.V,/core/www/modules/show_out/show_out_wrapper.php?run_id=110202&search_id=114132&scans_id=110198&peptide_id=7464&scanf=16247&charge=3&value=R.VLSGTIHAGQPVK.V,EFTUD2,5.555e+7,3.225,0.002,2.741,0.000
16248,3,"  3.877","  0.371",17/60,/core/www/modules//sdig/index.php?run_id=110202&search_id=114132&scans_id=110198&peptide_id=7465&scanf=16248&charge=3&value=17/60,sp|P08133|ANXA6_HUMAN,/core/www/modules//consensus/?run_id=110202&search_id=114132&scans_id=110198&peptide_id=7465&scanf=16248&charge=3&value=sp|P08133|ANXA6_HUMAN,2,/core/www/modules/match_peptides/blast_html4.php?run_id=110202&search_id=114132&scans_id=110198&peptide_id=7465&scanf=16248&charge=3&value=2,K.GTVRPANDFNPDADAK.A,/core/www/modules/show_out/show_out_wrapper.php?run_id=110202&search_id=114132&scans_id=110198&peptide_id=7465&scanf=16248&charge=3&value=K.GTVRPANDFNPDADAK.A,ANXA6,1.710e+7,2.753,0.009,2.044,0.000
16249,2,"  2.576","  0.492",12/18,/core/www/modules//sdig/index.php?run_id=110202&search_id=114132&scans_id=110198&peptide_id=7466&scanf=16249&charge=2&value=12/18,sp|P14625|ENPL_HUMAN,/core/www/modules//consensus/?run_id=110202&search_id=114132&scans_id=110198&peptide_id=7466&scanf=16249&charge=2&value=sp|P14625|ENPL_HUMAN,7,/core/www/modules/match_peptides/blast_html4.php?run_id=110202&search_id=114132&scans_id=110198&peptide_id=7466&scanf=16249&charge=2&value=7,K.EAESSPFVER.L,/core/www/modules/show_out/show_out_wrapper.php?run_id=110202&search_id=114132&scans_id=110198&peptide_id=7466&scanf=16249&charge=2&value=K.EAESSPFVER.L,HSP90B1,1.019e+8,3.420,0.001,3.029,0.000
16254,2,"  1.963","  0.394",9/16,/core/www/modules//sdig/index.php?run_id=110202&search_id=114132&scans_id=110198&peptide_id=7472&scanf=16254&charge=2&value=9/16,sp|P49368|TCPG_HUMAN,/core/www/modules//consensus/?run_id=110202&search_id=114132&scans_id=110198&peptide_id=7472&scanf=16254&charge=2&value=sp|P49368|TCPG_HUMAN,5,/core/www/modules/match_peptides/blast_html4.php?run_id=110202&search_id=114132&scans_id=110198&peptide_id=7472&scanf=16254&charge=2&value=5,K.MVQFEENGR.K,/core/www/modules/show_out/show_out_wrapper.php?run_id=110202&search_id=114132&scans_id=110198&peptide_id=7472&scanf=16254&charge=2&value=K.MVQFEENGR.K,CCT3,7.789e+6,2.913,0.005,2.279,0.000
16256,2,"  1.841","  0.252",7/12,/core/www/modules//sdig/index.php?run_id=110202&search_id=114132&scans_id=110198&peptide_id=7474&scanf=16256&charge=2&value=7/12,sp|P21127|CD11B_HUMAN,/core/www/modules//consensus/?run_id=110202&search_id=114132&scans_id=110198&peptide_id=7474&scanf=16256&charge=2&value=sp|P21127|CD11B_HUMAN,8,/core/www/modules/match_peptides/blast_html4.php?run_id=110202&search_id=114132&scans_id=110198&peptide_id=7474&scanf=16256&charge=2&value=8,R.FELGDGR.K,/core/www/modules/show_out/show_out_wrapper.php?run_id=110202&search_id=114132&scans_id=110198&peptide_id=7474&scanf=16256&charge=2&value=R.FELGDGR.K,CDK11B,1.528e+7,2.470,0.023,1.631,0.001
16257,2,"  3.877","  0.649",18/26,/core/www/modules//sdig/index.php?run_id=110202&search_id=114132&scans_id=110198&peptide_id=7475&scanf=16257&charge=2&value=18/26,sp|P40938|RFC3_HUMAN,/core/www/modules//consensus/?run_id=110202&search_id=114132&scans_id=110198&peptide_id=7475&scanf=16257&charge=2&value=sp|P40938|RFC3_HUMAN,1,/core/www/modules/match_peptides/blast_html4.php?run_id=110202&search_id=114132&scans_id=110198&peptide_id=7475&scanf=16257&charge=2&value=1,R.ETANAIVSQQTPQR.L,/core/www/modules/show_out/show_out_wrapper.php?run_id=110202&search_id=114132&scans_id=110198&peptide_id=7475&scanf=16257&charge=2&value=R.ETANAIVSQQTPQR.L,RFC3,1.858e+7,3.833,0.000,3.642,0.000
16259,2,"  1.717","  0.411",8/12,/core/www/modules//sdig/index.php?run_id=110202&search_id=114132&scans_id=110198&peptide_id=7476&scanf=16259&charge=2&value=8/12,sp|P19338|NUCL_HUMAN,/core/www/modules//consensus/?run_id=110202&search_id=114132&scans_id=110198&peptide_id=7476&scanf=16259&charge=2&value=sp|P19338|NUCL_HUMAN,9,/core/www/modules/match_peptides/blast_html4.php?run_id=110202&search_id=114132&scans_id=110198&peptide_id=7476&scanf=16259&charge=2&value=9,R.LELQGPR.G,/core/www/modules/show_out/show_out_wrapper.php?run_id=110202&search_id=114132&scans_id=110198&peptide_id=7476&scanf=16259&charge=2&value=R.LELQGPR.G,NCL,1.277e+9,3.301,0.001,2.853,0.000
16265,2,"  1.518","  0.181",8/12,/core/www/modules//sdig/index.php?run_id=110202&search_id=114132&scans_id=110198&peptide_id=7483&scanf=16265&charge=2&value=8/12,sp|Q99832|TCPH_HUMAN,/core/www/modules//consensus/?run_id=110202&search_id=114132&scans_id=110198&peptide_id=7483&scanf=16265&charge=2&value=sp|Q99832|TCPH_HUMAN,0,/core/www/modules/match_peptides/blast_html4.php?run_id=110202&search_id=114132&scans_id=110198&peptide_id=7483&scanf=16265&charge=2&value=0,K.EIAVTVK.K,/core/www/modules/show_out/show_out_wrapper.php?run_id=110202&search_id=114132&scans_id=110198&peptide_id=7483&scanf=16265&charge=2&value=K.EIAVTVK.K,CCT7,4.385e+7,2.383,0.031,1.505,0.001
16266,2,"  1.449","  0.098",7/12,/core/www/modules//sdig/index.php?run_id=110202&search_id=114132&scans_id=110198&peptide_id=7484&scanf=16266&charge=2&value=7/12,sp|O14497|ARI1A_HUMAN,/core/www/modules//consensus/?run_id=110202&search_id=114132&scans_id=110198&peptide_id=7484&scanf=16266&charge=2&value=sp|O14497|ARI1A_HUMAN,2,/core/www/modules/match_peptides/blast_html4.php?run_id=110202&search_id=114132&scans_id=110198&peptide_id=7484&scanf=16266&charge=2&value=2,K.LYSTMVR.F,/core/www/modules/show_out/show_out_wrapper.php?run_id=110202&search_id=114132&scans_id=110198&peptide_id=7484&scanf=16266&charge=2&value=K.LYSTMVR.F,ARID1A,2.259e+7,2.014,0.102,0.991,0.005
16267,2,"  1.944","  0.168",9/12,/core/www/modules//sdig/index.php?run_id=110202&search_id=114132&scans_id=110198&peptide_id=7485&scanf=16267&charge=2&value=9/12,sp|P42166|LAP2A_HUMAN,/core/www/modules//consensus/?run_id=110202&search_id=114132&scans_id=110198&peptide_id=7485&scanf=16267&charge=2&value=sp|P42166|LAP2A_HUMAN,0,/core/www/modules/match_peptides/blast_html4.php?run_id=110202&search_id=114132&scans_id=110198&peptide_id=7485&scanf=16267&charge=2&value=0,K.LASTPFK.G,/core/www/modules/show_out/show_out_wrapper.php?run_id=110202&search_id=114132&scans_id=110198&peptide_id=7485&scanf=16267&charge=2&value=K.LASTPFK.G,TMPO,4.305e+7,2.508,0.021,1.686,0.000
16271,2,"  2.928","  0.551",15/26,/core/www/modules//sdig/index.php?run_id=110202&search_id=114132&scans_id=110198&peptide_id=7490&scanf=16271&charge=2&value=15/26,sp|Q9NYF8|BCLF1_HUMAN,/core/www/modules//consensus/?run_id=110202&search_id=114132&scans_id=110198&peptide_id=7490&scanf=16271&charge=2&value=sp|Q9NYF8|BCLF1_HUMAN,7,/core/www/modules/match_peptides/blast_html4.php?run_id=110202&search_id=114132&scans_id=110198&peptide_id=7490&scanf=16271&charge=2&value=7,R.SSFYPDGGDQETAK.T,/core/www/modules/show_out/show_out_wrapper.php?run_id=110202&search_id=114132&scans_id=110198&peptide_id=7490&scanf=16271&charge=2&value=R.SSFYPDGGDQETAK.T,BCLAF1,3.849e+7,3.275,0.002,2.814,0.000
16273,3,"  3.694","  0.636",20/48,/core/www/modules//sdig/index.php?run_id=110202&search_id=114132&scans_id=110198&peptide_id=7492&scanf=16273&charge=3&value=20/48,sp|O43143|DHX15_HUMAN,/core/www/modules//consensus/?run_id=110202&search_id=114132&scans_id=110198&peptide_id=7492&scanf=16273&charge=3&value=sp|O43143|DHX15_HUMAN,0,/core/www/modules/match_peptides/blast_html4.php?run_id=110202&search_id=114132&scans_id=110198&peptide_id=7492&scanf=16273&charge=3&value=0,R.HRLDLGEDYPSGK.K,/core/www/modules/show_out/show_out_wrapper.php?run_id=110202&search_id=114132&scans_id=110198&peptide_id=7492&scanf=16273&charge=3&value=R.HRLDLGEDYPSGK.K,DHX15,2.993e+7,3.552,0.001,3.225,0.000
16274,3,"  5.416","  0.628",21/52,/core/www/modules//sdig/index.php?run_id=110202&search_id=114132&scans_id=110198&peptide_id=7493&scanf=16274&charge=3&value=21/52,sp|P13639|EF2_HUMAN,/core/www/modules//consensus/?run_id=110202&search_id=114132&scans_id=110198&peptide_id=7493&scanf=16274&charge=3&value=sp|P13639|EF2_HUMAN,0,/core/www/modules/match_peptides/blast_html4.php?run_id=110202&search_id=114132&scans_id=110198&peptide_id=7493&scanf=16274&charge=3&value=0,K.TGTITTFEHAHNMR.V,/core/www/modules/show_out/show_out_wrapper.php?run_id=110202&search_id=114132&scans_id=110198&peptide_id=7493&scanf=16274&charge=3&value=K.TGTITTFEHAHNMR.V,EEF2,2.169e+7,3.874,0.000,3.703,0.000
16276,4,"  2.824","  0.241",15/102,/core/www/modules//sdig/index.php?run_id=110202&search_id=114132&scans_id=110198&peptide_id=7495&scanf=16276&charge=4&value=15/102,sp|O43390|HNRPR_HUMAN,/core/www/modules//consensus/?run_id=110202&search_id=114132&scans_id=110198&peptide_id=7495&scanf=16276&charge=4&value=sp|O43390|HNRPR_HUMAN,1,/core/www/modules/match_peptides/blast_html4.php?run_id=110202&search_id=114132&scans_id=110198&peptide_id=7495&scanf=16276&charge=4&value=1,K.EEEEPMDTSSVTHTEHYK.T,/core/www/modules/show_out/show_out_wrapper.php?run_id=110202&search_id=114132&scans_id=110198&peptide_id=7495&scanf=16276&charge=4&value=K.EEEEPMDTSSVTHTEHYK.T,HNRNPR,8.498e+6,2.444,0.026,1.593,0.001
16280,3,"  2.264","  0.304",11/40,/core/www/modules//sdig/index.php?run_id=110202&search_id=114132&scans_id=110198&peptide_id=7499&scanf=16280&charge=3&value=11/40,sp|Q6KC79|NIPBL_HUMAN,/core/www/modules//consensus/?run_id=110202&search_id=114132&scans_id=110198&peptide_id=7499&scanf=16280&charge=3&value=sp|Q6KC79|NIPBL_HUMAN,1,/core/www/modules/match_peptides/blast_html4.php?run_id=110202&search_id=114132&scans_id=110198&peptide_id=7499&scanf=16280&charge=3&value=1,K.EIETTGQIMHR.A,/core/www/modules/show_out/show_out_wrapper.php?run_id=110202&search_id=114132&scans_id=110198&peptide_id=7499&scanf=16280&charge=3&value=K.EIETTGQIMHR.A,NIPBL,2.010e+7,2.606,0.015,1.829,0.000
16281,2,"  3.066","  0.517",10/18,/core/www/modules//sdig/index.php?run_id=110202&search_id=114132&scans_id=110198&peptide_id=7500&scanf=16281&charge=2&value=10/18,sp|Q16822|PCKGM_HUMAN,/core/www/modules//consensus/?run_id=110202&search_id=114132&scans_id=110198&peptide_id=7500&scanf=16281&charge=2&value=sp|Q16822|PCKGM_HUMAN,1,/core/www/modules/match_peptides/blast_html4.php?run_id=110202&search_id=114132&scans_id=110198&peptide_id=7500&scanf=16281&charge=2&value=1,R.HGVFVGSAMR.S,/core/www/modules/show_out/show_out_wrapper.php?run_id=110202&search_id=114132&scans_id=110198&peptide_id=7500&scanf=16281&charge=2&value=R.HGVFVGSAMR.S,PCK2,2.314e+7,3.253,0.002,2.782,0.000
16282,2,"  2.572","  0.201",11/12,/core/www/modules//sdig/index.php?run_id=110202&search_id=114132&scans_id=110198&peptide_id=7501&scanf=16282&charge=2&value=11/12,sp|O75643|U520_HUMAN,/core/www/modules//consensus/?run_id=110202&search_id=114132&scans_id=110198&peptide_id=7501&scanf=16282&charge=2&value=sp|O75643|U520_HUMAN,1,/core/www/modules/match_peptides/blast_html4.php?run_id=110202&search_id=114132&scans_id=110198&peptide_id=7501&scanf=16282&charge=2&value=1,R.HLILPEK.Y,/core/www/modules/show_out/show_out_wrapper.php?run_id=110202&search_id=114132&scans_id=110198&peptide_id=7501&scanf=16282&charge=2&value=R.HLILPEK.Y,SNRNP200,5.837e+7,3.076,0.003,2.520,0.000
16283,2,"  2.178","  0.625",12/18,/core/www/modules//sdig/index.php?run_id=110202&search_id=114132&scans_id=110198&peptide_id=7502&scanf=16283&charge=2&value=12/18,sp|P78371|TCPB_HUMAN,/core/www/modules//consensus/?run_id=110202&search_id=114132&scans_id=110198&peptide_id=7502&scanf=16283&charge=2&value=sp|P78371|TCPB_HUMAN,1,/core/www/modules/match_peptides/blast_html4.php?run_id=110202&search_id=114132&scans_id=110198&peptide_id=7502&scanf=16283&charge=2&value=1,K.EAVAMESYAK.A,/core/www/modules/show_out/show_out_wrapper.php?run_id=110202&search_id=114132&scans_id=110198&peptide_id=7502&scanf=16283&charge=2&value=K.EAVAMESYAK.A,CCT2,4.333e+7,3.752,0.000,3.521,0.000
16289,2,"  1.550","  0.185",7/12,/core/www/modules//sdig/index.php?run_id=110202&search_id=114132&scans_id=110198&peptide_id=7508&scanf=16289&charge=2&value=7/12,sp|Q29RF7|PDS5A_HUMAN,/core/www/modules//consensus/?run_id=110202&search_id=114132&scans_id=110198&peptide_id=7508&scanf=16289&charge=2&value=sp|Q29RF7|PDS5A_HUMAN,0,/core/www/modules/match_peptides/blast_html4.php?run_id=110202&search_id=114132&scans_id=110198&peptide_id=7508&scanf=16289&charge=2&value=0,K.QSFDLAK.V,/core/www/modules/show_out/show_out_wrapper.php?run_id=110202&search_id=114132&scans_id=110198&peptide_id=7508&scanf=16289&charge=2&value=K.QSFDLAK.V,PDS5A,1.941e+7,2.333,0.037,1.434,0.001
16294,3,"  2.623","  0.162",13/36,/core/www/modules//sdig/index.php?run_id=110202&search_id=114132&scans_id=110198&peptide_id=7514&scanf=16294&charge=3&value=13/36,IgG3b_bovine,/core/www/modules//consensus/?run_id=110202&search_id=114132&scans_id=110198&peptide_id=7514&scanf=16294&charge=3&value=IgG3b_bovine,0,/core/www/modules/match_peptides/blast_html4.php?run_id=110202&search_id=114132&scans_id=110198&peptide_id=7514&scanf=16294&charge=3&value=0,K.SGVHTFPAVR.Q,/core/www/modules/show_out/show_out_wrapper.php?run_id=110202&search_id=114132&scans_id=110198&peptide_id=7514&scanf=16294&charge=3&value=K.SGVHTFPAVR.Q,,1.292e+7,2.216,0.054,1.268,0.002
16297,2,"  1.515","  0.153",7/12,/core/www/modules//sdig/index.php?run_id=110202&search_id=114132&scans_id=110198&peptide_id=7517&scanf=16297&charge=2&value=7/12,sp|Q13617|CUL2_HUMAN,/core/www/modules//consensus/?run_id=110202&search_id=114132&scans_id=110198&peptide_id=7517&scanf=16297&charge=2&value=sp|Q13617|CUL2_HUMAN,7,/core/www/modules/match_peptides/blast_html4.php?run_id=110202&search_id=114132&scans_id=110198&peptide_id=7517&scanf=16297&charge=2&value=7,K.APELLAK.Y,/core/www/modules/show_out/show_out_wrapper.php?run_id=110202&search_id=114132&scans_id=110198&peptide_id=7517&scanf=16297&charge=2&value=K.APELLAK.Y,CUL2,9.671e+6,2.100,0.078,1.107,0.003
16301,2,"  1.752","  0.422",7/12,/core/www/modules//sdig/index.php?run_id=110202&search_id=114132&scans_id=110198&peptide_id=7521&scanf=16301&charge=2&value=7/12,sp|Q15424|SAFB1_HUMAN,/core/www/modules//consensus/?run_id=110202&search_id=114132&scans_id=110198&peptide_id=7521&scanf=16301&charge=2&value=sp|Q15424|SAFB1_HUMAN,0,/core/www/modules/match_peptides/blast_html4.php?run_id=110202&search_id=114132&scans_id=110198&peptide_id=7521&scanf=16301&charge=2&value=0,R.SVVSFDK.V,/core/www/modules/show_out/show_out_wrapper.php?run_id=110202&search_id=114132&scans_id=110198&peptide_id=7521&scanf=16301&charge=2&value=R.SVVSFDK.V,SAFB,6.363e+7,3.029,0.004,2.452,0.000
16302,2,"  1.986","  0.526",9/14,/core/www/modules//sdig/index.php?run_id=110202&search_id=114132&scans_id=110198&peptide_id=7522&scanf=16302&charge=2&value=9/14,sp|P15880|RS2_HUMAN,/core/www/modules//consensus/?run_id=110202&search_id=114132&scans_id=110198&peptide_id=7522&scanf=16302&charge=2&value=sp|P15880|RS2_HUMAN,2,/core/www/modules/match_peptides/blast_html4.php?run_id=110202&search_id=114132&scans_id=110198&peptide_id=7522&scanf=16302&charge=2&value=2,K.ATFDAISK.T,/core/www/modules/show_out/show_out_wrapper.php?run_id=110202&search_id=114132&scans_id=110198&peptide_id=7522&scanf=16302&charge=2&value=K.ATFDAISK.T,RPS2,2.873e+8,3.443,0.001,3.064,0.000
16303,2,"  1.909","  0.476",7/12,/core/www/modules//sdig/index.php?run_id=110202&search_id=114132&scans_id=110198&peptide_id=7523&scanf=16303&charge=2&value=7/12,sp|Q9P2K5|MYEF2_HUMAN,/core/www/modules//consensus/?run_id=110202&search_id=114132&scans_id=110198&peptide_id=7523&scanf=16303&charge=2&value=sp|Q9P2K5|MYEF2_HUMAN,6,/core/www/modules/match_peptides/blast_html4.php?run_id=110202&search_id=114132&scans_id=110198&peptide_id=7523&scanf=16303&charge=2&value=6,K.GNQIFVR.N,/core/www/modules/show_out/show_out_wrapper.php?run_id=110202&search_id=114132&scans_id=110198&peptide_id=7523&scanf=16303&charge=2&value=K.GNQIFVR.N,MYEF2,3.202e+7,3.167,0.002,2.655,0.000
16306,2,"  1.733","  0.422",7/14,/core/www/modules//sdig/index.php?run_id=110202&search_id=114132&scans_id=110198&peptide_id=7526&scanf=16306&charge=2&value=7/14,sp|Q8WYA6|CTBL1_HUMAN,/core/www/modules//consensus/?run_id=110202&search_id=114132&scans_id=110198&peptide_id=7526&scanf=16306&charge=2&value=sp|Q8WYA6|CTBL1_HUMAN,1,/core/www/modules/match_peptides/blast_html4.php?run_id=110202&search_id=114132&scans_id=110198&peptide_id=7526&scanf=16306&charge=2&value=1,R.VHQILNMR.G,/core/www/modules/show_out/show_out_wrapper.php?run_id=110202&search_id=114132&scans_id=110198&peptide_id=7526&scanf=16306&charge=2&value=R.VHQILNMR.G,CTNNBL1,2.335e+7,2.919,0.005,2.289,0.000
16307,3,"  4.301","  0.672",18/60,/core/www/modules//sdig/index.php?run_id=110202&search_id=114132&scans_id=110198&peptide_id=7527&scanf=16307&charge=3&value=18/60,sp|P0DMV8|HS71A_HUMAN,/core/www/modules//consensus/?run_id=110202&search_id=114132&scans_id=110198&peptide_id=7527&scanf=16307&charge=3&value=sp|P0DMV8|HS71A_HUMAN,7,/core/www/modules/match_peptides/blast_html4.php?run_id=110202&search_id=114132&scans_id=110198&peptide_id=7527&scanf=16307&charge=3&value=7,K.ATAGDTHLGGEDFDNR.L,/core/www/modules/show_out/show_out_wrapper.php?run_id=110202&search_id=114132&scans_id=110198&peptide_id=7527&scanf=16307&charge=3&value=K.ATAGDTHLGGEDFDNR.L,HSPA1A,4.056e+7,3.731,0.000,3.490,0.000
16308,3,"  2.655","  0.474",12/36,/core/www/modules//sdig/index.php?run_id=110202&search_id=114132&scans_id=110198&peptide_id=7528&scanf=16308&charge=3&value=12/36,sp|Q92945|FUBP2_HUMAN,/core/www/modules//consensus/?run_id=110202&search_id=114132&scans_id=110198&peptide_id=7528&scanf=16308&charge=3&value=sp|Q92945|FUBP2_HUMAN,1,/core/www/modules/match_peptides/blast_html4.php?run_id=110202&search_id=114132&scans_id=110198&peptide_id=7528&scanf=16308&charge=3&value=1,K.IAHIMGPPDR.C,/core/www/modules/show_out/show_out_wrapper.php?run_id=110202&search_id=114132&scans_id=110198&peptide_id=7528&scanf=16308&charge=3&value=K.IAHIMGPPDR.C,KHSRP,1.500e+7,3.259,0.002,2.791,0.000
16309,3,"  1.735","  0.362",11/32,/core/www/modules//sdig/index.php?run_id=110202&search_id=114132&scans_id=110198&peptide_id=7529&scanf=16309&charge=3&value=11/32,sp|Q96T37|RBM15_HUMAN,/core/www/modules//consensus/?run_id=110202&search_id=114132&scans_id=110198&peptide_id=7529&scanf=16309&charge=3&value=sp|Q96T37|RBM15_HUMAN,3,/core/www/modules/match_peptides/blast_html4.php?run_id=110202&search_id=114132&scans_id=110198&peptide_id=7529&scanf=16309&charge=3&value=3,K.FENLDMSHR.A,/core/www/modules/show_out/show_out_wrapper.php?run_id=110202&search_id=114132&scans_id=110198&peptide_id=7529&scanf=16309&charge=3&value=K.FENLDMSHR.A,RBM15,1.445e+7,2.889,0.006,2.245,0.000
16312,2,"  2.943","  0.586",12/22,/core/www/modules//sdig/index.php?run_id=110202&search_id=114132&scans_id=110198&peptide_id=7533&scanf=16312&charge=2&value=12/22,sp|O43172|PRP4_HUMAN,/core/www/modules//consensus/?run_id=110202&search_id=114132&scans_id=110198&peptide_id=7533&scanf=16312&charge=2&value=sp|O43172|PRP4_HUMAN,0,/core/www/modules/match_peptides/blast_html4.php?run_id=110202&search_id=114132&scans_id=110198&peptide_id=7533&scanf=16312&charge=2&value=0,R.QINVSTDDSEVK.A,/core/www/modules/show_out/show_out_wrapper.php?run_id=110202&search_id=114132&scans_id=110198&peptide_id=7533&scanf=16312&charge=2&value=R.QINVSTDDSEVK.A,PRPF4,1.310e+7,3.392,0.001,2.988,0.000
16314,2,"  1.780","  0.253",6/12,/core/www/modules//sdig/index.php?run_id=110202&search_id=114132&scans_id=110198&peptide_id=7535&scanf=16314&charge=2&value=6/12,sp|O94906|PRP6_HUMAN,/core/www/modules//consensus/?run_id=110202&search_id=114132&scans_id=110198&peptide_id=7535&scanf=16314&charge=2&value=sp|O94906|PRP6_HUMAN,0,/core/www/modules/match_peptides/blast_html4.php?run_id=110202&search_id=114132&scans_id=110198&peptide_id=7535&scanf=16314&charge=2&value=0,K.DIANWQK.K,/core/www/modules/show_out/show_out_wrapper.php?run_id=110202&search_id=114132&scans_id=110198&peptide_id=7535&scanf=16314&charge=2&value=K.DIANWQK.K,PRPF6,1.876e+7,2.486,0.022,1.653,0.001
16315,3,"  2.062","  0.210",11/44,/core/www/modules//sdig/index.php?run_id=110202&search_id=114132&scans_id=110198&peptide_id=7536&scanf=16315&charge=3&value=11/44,sp|Q9UBU9|NXF1_HUMAN,/core/www/modules//consensus/?run_id=110202&search_id=114132&scans_id=110198&peptide_id=7536&scanf=16315&charge=3&value=sp|Q9UBU9|NXF1_HUMAN,2,/core/www/modules/match_peptides/blast_html4.php?run_id=110202&search_id=114132&scans_id=110198&peptide_id=7536&scanf=16315&charge=3&value=2,K.RYDGSQQALDLK.G,/core/www/modules/show_out/show_out_wrapper.php?run_id=110202&search_id=114132&scans_id=110198&peptide_id=7536&scanf=16315&charge=3&value=K.RYDGSQQALDLK.G,NXF1,1.338e+7,1.834,0.174,0.760,0.009
16316,2,"  1.854","  0.319",7/12,/core/www/modules//sdig/index.php?run_id=110202&search_id=114132&scans_id=110198&peptide_id=7537&scanf=16316&charge=2&value=7/12,sp|P14868|SYDC_HUMAN,/core/www/modules//consensus/?run_id=110202&search_id=114132&scans_id=110198&peptide_id=7537&scanf=16316&charge=2&value=sp|P14868|SYDC_HUMAN,1,/core/www/modules/match_peptides/blast_html4.php?run_id=110202&search_id=114132&scans_id=110198&peptide_id=7537&scanf=16316&charge=2&value=1,R.QTSMFPR.D,/core/www/modules/show_out/show_out_wrapper.php?run_id=110202&search_id=114132&scans_id=110198&peptide_id=7537&scanf=16316&charge=2&value=R.QTSMFPR.D,DARS1,1.808e+7,2.748,0.009,2.036,0.000
16318,3,"  2.523","  0.286",11/32,/core/www/modules//sdig/index.php?run_id=110202&search_id=114132&scans_id=110198&peptide_id=7539&scanf=16318&charge=3&value=11/32,sp|Q9UQE7|SMC3_HUMAN,/core/www/modules//consensus/?run_id=110202&search_id=114132&scans_id=110198&peptide_id=7539&scanf=16318&charge=3&value=sp|Q9UQE7|SMC3_HUMAN,0,/core/www/modules/match_peptides/blast_html4.php?run_id=110202&search_id=114132&scans_id=110198&peptide_id=7539&scanf=16318&charge=3&value=0,R.KEESISLMK.E,/core/www/modules/show_out/show_out_wrapper.php?run_id=110202&search_id=114132&scans_id=110198&peptide_id=7539&scanf=16318&charge=3&value=R.KEESISLMK.E,SMC3,1.072e+7,2.542,0.018,1.735,0.000
16322,3,"  3.510","  0.508",19/40,/core/www/modules//sdig/index.php?run_id=110202&search_id=114132&scans_id=110198&peptide_id=7543&scanf=16322&charge=3&value=19/40,sp|Q9H0S4|DDX47_HUMAN,/core/www/modules//consensus/?run_id=110202&search_id=114132&scans_id=110198&peptide_id=7543&scanf=16322&charge=3&value=sp|Q9H0S4|DDX47_HUMAN,1,/core/www/modules/match_peptides/blast_html4.php?run_id=110202&search_id=114132&scans_id=110198&peptide_id=7543&scanf=16322&charge=3&value=1,K.KPHIIIATPGR.L,/core/www/modules/show_out/show_out_wrapper.php?run_id=110202&search_id=114132&scans_id=110198&peptide_id=7543&scanf=16322&charge=3&value=K.KPHIIIATPGR.L,DDX47,8.037e+7,3.592,0.001,3.284,0.000
16323,2,"  2.458","  0.491",12/12,/core/www/modules//sdig/index.php?run_id=110202&search_id=114132&scans_id=110198&peptide_id=7544&scanf=16323&charge=2&value=12/12,sp|P61247|RS3A_HUMAN,/core/www/modules//consensus/?run_id=110202&search_id=114132&scans_id=110198&peptide_id=7544&scanf=16323&charge=2&value=sp|P61247|RS3A_HUMAN,5,/core/www/modules/match_peptides/blast_html4.php?run_id=110202&search_id=114132&scans_id=110198&peptide_id=7544&scanf=16323&charge=2&value=5,K.KDWYDVK.A,/core/www/modules/show_out/show_out_wrapper.php?run_id=110202&search_id=114132&scans_id=110198&peptide_id=7544&scanf=16323&charge=2&value=K.KDWYDVK.A,RPS3A,6.290e+7,3.691,0.000,3.432,0.000
16324,2,"  2.375","  0.133",11/16,/core/www/modules//sdig/index.php?run_id=110202&search_id=114132&scans_id=110198&peptide_id=7545&scanf=16324&charge=2&value=11/16,sp|P51572|BAP31_HUMAN,/core/www/modules//consensus/?run_id=110202&search_id=114132&scans_id=110198&peptide_id=7545&scanf=16324&charge=2&value=sp|P51572|BAP31_HUMAN,4,/core/www/modules/match_peptides/blast_html4.php?run_id=110202&search_id=114132&scans_id=110198&peptide_id=7545&scanf=16324&charge=2&value=4,K.LDVGNAEVK.L,/core/www/modules/show_out/show_out_wrapper.php?run_id=110202&search_id=114132&scans_id=110198&peptide_id=7545&scanf=16324&charge=2&value=K.LDVGNAEVK.L,BCAP31,5.088e+7,2.188,0.059,1.229,0.002
16326,3,"  6.728","  0.715",24/72,/core/www/modules//sdig/index.php?run_id=110202&search_id=114132&scans_id=110198&peptide_id=7547&scanf=16326&charge=3&value=24/72,sp|Q9Y5S9|RBM8A_HUMAN,/core/www/modules//consensus/?run_id=110202&search_id=114132&scans_id=110198&peptide_id=7547&scanf=16326&charge=3&value=sp|Q9Y5S9|RBM8A_HUMAN,0,/core/www/modules/match_peptides/blast_html4.php?run_id=110202&search_id=114132&scans_id=110198&peptide_id=7547&scanf=16326&charge=3&value=0,R.MREDYDSVEQDGDEPGPQR.S,/core/www/modules/show_out/show_out_wrapper.php?run_id=110202&search_id=114132&scans_id=110198&peptide_id=7547&scanf=16326&charge=3&value=R.MREDYDSVEQDGDEPGPQR.S,RBM8A,1.744e+7,3.651,0.000,3.372,0.000
16327,3,"  2.784","  0.469",13/36,/core/www/modules//sdig/index.php?run_id=110202&search_id=114132&scans_id=110198&peptide_id=7548&scanf=16327&charge=3&value=13/36,sp|Q99798|ACON_HUMAN,/core/www/modules//consensus/?run_id=110202&search_id=114132&scans_id=110198&peptide_id=7548&scanf=16327&charge=3&value=sp|Q99798|ACON_HUMAN,13,/core/www/modules/match_peptides/blast_html4.php?run_id=110202&search_id=114132&scans_id=110198&peptide_id=7548&scanf=16327&charge=3&value=13,R.LNRPLTLSEK.I,/core/www/modules/show_out/show_out_wrapper.php?run_id=110202&search_id=114132&scans_id=110198&peptide_id=7548&scanf=16327&charge=3&value=R.LNRPLTLSEK.I,ACO2,2.211e+7,3.314,0.001,2.872,0.000
16328,4,"  2.827","  0.395",14/72,/core/www/modules//sdig/index.php?run_id=110202&search_id=114132&scans_id=110198&peptide_id=7549&scanf=16328&charge=4&value=14/72,sp|Q9H0D6|XRN2_HUMAN,/core/www/modules//consensus/?run_id=110202&search_id=114132&scans_id=110198&peptide_id=7549&scanf=16328&charge=4&value=sp|Q9H0D6|XRN2_HUMAN,0,/core/www/modules/match_peptides/blast_html4.php?run_id=110202&search_id=114132&scans_id=110198&peptide_id=7549&scanf=16328&charge=4&value=0,R.DRRPVHLDQAAFR.T,/core/www/modules/show_out/show_out_wrapper.php?run_id=110202&search_id=114132&scans_id=110198&peptide_id=7549&scanf=16328&charge=4&value=R.DRRPVHLDQAAFR.T,XRN2,3.045e+7,2.856,0.006,2.195,0.000
16330,3,"  1.733","  0.211",10/40,/core/www/modules//sdig/index.php?run_id=110202&search_id=114132&scans_id=110198&peptide_id=7552&scanf=16330&charge=3&value=10/40,sp|P18669|PGAM1_HUMAN,/core/www/modules//consensus/?run_id=110202&search_id=114132&scans_id=110198&peptide_id=7552&scanf=16330&charge=3&value=sp|P18669|PGAM1_HUMAN,0,/core/www/modules/match_peptides/blast_html4.php?run_id=110202&search_id=114132&scans_id=110198&peptide_id=7552&scanf=16330&charge=3&value=0,R.HGESAWNLENR.F,/core/www/modules/show_out/show_out_wrapper.php?run_id=110202&search_id=114132&scans_id=110198&peptide_id=7552&scanf=16330&charge=3&value=R.HGESAWNLENR.F,PGAM1,1.522e+7,2.122,0.073,1.137,0.002
16332,2,"  1.963","  0.158",8/12,/core/www/modules//sdig/index.php?run_id=110202&search_id=114132&scans_id=110198&peptide_id=7554&scanf=16332&charge=2&value=8/12,sp|Q9NU22|MDN1_HUMAN,/core/www/modules//consensus/?run_id=110202&search_id=114132&scans_id=110198&peptide_id=7554&scanf=16332&charge=2&value=sp|Q9NU22|MDN1_HUMAN,0,/core/www/modules/match_peptides/blast_html4.php?run_id=110202&search_id=114132&scans_id=110198&peptide_id=7554&scanf=16332&charge=2&value=0,K.ELSPALR.N,/core/www/modules/show_out/show_out_wrapper.php?run_id=110202&search_id=114132&scans_id=110198&peptide_id=7554&scanf=16332&charge=2&value=K.ELSPALR.N,MDN1,1.771e+7,2.573,0.017,1.781,0.000
16334,2,"  2.764","  0.414",14/20,/core/www/modules//sdig/index.php?run_id=110202&search_id=114132&scans_id=110198&peptide_id=7556&scanf=16334&charge=2&value=14/20,sp|P19367|HXK1_HUMAN,/core/www/modules//consensus/?run_id=110202&search_id=114132&scans_id=110198&peptide_id=7556&scanf=16334&charge=2&value=sp|P19367|HXK1_HUMAN,0,/core/www/modules/match_peptides/blast_html4.php?run_id=110202&search_id=114132&scans_id=110198&peptide_id=7556&scanf=16334&charge=2&value=0,R.HIDLVEGDEGR.M,/core/www/modules/show_out/show_out_wrapper.php?run_id=110202&search_id=114132&scans_id=110198&peptide_id=7556&scanf=16334&charge=2&value=R.HIDLVEGDEGR.M,HK1,1.222e+7,3.105,0.003,2.563,0.000
16336,2,"  2.595","  0.578",12/18,/core/www/modules//sdig/index.php?run_id=110202&search_id=114132&scans_id=110198&peptide_id=7558&scanf=16336&charge=2&value=12/18,sp|P12956|XRCC6_HUMAN,/core/www/modules//consensus/?run_id=110202&search_id=114132&scans_id=110198&peptide_id=7558&scanf=16336&charge=2&value=sp|P12956|XRCC6_HUMAN,1,/core/www/modules/match_peptides/blast_html4.php?run_id=110202&search_id=114132&scans_id=110198&peptide_id=7558&scanf=16336&charge=2&value=1,K.IMATPEQVGK.M,/core/www/modules/show_out/show_out_wrapper.php?run_id=110202&search_id=114132&scans_id=110198&peptide_id=7558&scanf=16336&charge=2&value=K.IMATPEQVGK.M,XRCC6,1.644e+8,3.758,0.000,3.531,0.000
16339,2,"  1.862","  0.155",11/14,/core/www/modules//sdig/index.php?run_id=110202&search_id=114132&scans_id=110198&peptide_id=7561&scanf=16339&charge=2&value=11/14,sp|Q01780|EXOSX_HUMAN,/core/www/modules//consensus/?run_id=110202&search_id=114132&scans_id=110198&peptide_id=7561&scanf=16339&charge=2&value=sp|Q01780|EXOSX_HUMAN,0,/core/www/modules/match_peptides/blast_html4.php?run_id=110202&search_id=114132&scans_id=110198&peptide_id=7561&scanf=16339&charge=2&value=0,K.NIIRPQLK.F,/core/www/modules/show_out/show_out_wrapper.php?run_id=110202&search_id=114132&scans_id=110198&peptide_id=7561&scanf=16339&charge=2&value=K.NIIRPQLK.F,EXOSC10,1.160e+7,2.438,0.026,1.585,0.001
16340,3,"  2.628","  0.502",13/40,/core/www/modules//sdig/index.php?run_id=110202&search_id=114132&scans_id=110198&peptide_id=7563&scanf=16340&charge=3&value=13/40,sp|Q13595|TRA2A_HUMAN,/core/www/modules//consensus/?run_id=110202&search_id=114132&scans_id=110198&peptide_id=7563&scanf=16340&charge=3&value=sp|Q13595|TRA2A_HUMAN,0,/core/www/modules/match_peptides/blast_html4.php?run_id=110202&search_id=114132&scans_id=110198&peptide_id=7563&scanf=16340&charge=3&value=0,R.GYDRYEDYDYR.Y,/core/www/modules/show_out/show_out_wrapper.php?run_id=110202&search_id=114132&scans_id=110198&peptide_id=7563&scanf=16340&charge=3&value=R.GYDRYEDYDYR.Y,TRA2A,1.899e+7,3.028,0.004,2.449,0.000
16343,3,"  3.867","  0.548",18/36,/core/www/modules//sdig/index.php?run_id=110202&search_id=114132&scans_id=110198&peptide_id=7565&scanf=16343&charge=3&value=18/36,sp|Q07020|RL18_HUMAN,/core/www/modules//consensus/?run_id=110202&search_id=114132&scans_id=110198&peptide_id=7565&scanf=16343&charge=3&value=sp|Q07020|RL18_HUMAN,6,/core/www/modules/match_peptides/blast_html4.php?run_id=110202&search_id=114132&scans_id=110198&peptide_id=7565&scanf=16343&charge=3&value=6,R.TNRPPLSLSR.M,/core/www/modules/show_out/show_out_wrapper.php?run_id=110202&search_id=114132&scans_id=110198&peptide_id=7565&scanf=16343&charge=3&value=R.TNRPPLSLSR.M,RPL18,5.608e+8,3.787,0.000,3.574,0.000
16344,2,"  2.376","  0.473",9/14,/core/www/modules//sdig/index.php?run_id=110202&search_id=114132&scans_id=110198&peptide_id=7566&scanf=16344&charge=2&value=9/14,sp|P62753|RS6_HUMAN,/core/www/modules//consensus/?run_id=110202&search_id=114132&scans_id=110198&peptide_id=7566&scanf=16344&charge=2&value=sp|P62753|RS6_HUMAN,1,/core/www/modules/match_peptides/blast_html4.php?run_id=110202&search_id=114132&scans_id=110198&peptide_id=7566&scanf=16344&charge=2&value=1,K.LIEVDDER.K,/core/www/modules/show_out/show_out_wrapper.php?run_id=110202&search_id=114132&scans_id=110198&peptide_id=7566&scanf=16344&charge=2&value=K.LIEVDDER.K,RPS6,2.640e+8,3.258,0.002,2.790,0.000
16345,2,"  2.309","  0.466",10/14,/core/www/modules//sdig/index.php?run_id=110202&search_id=114132&scans_id=110198&peptide_id=7567&scanf=16345&charge=2&value=10/14,sp|P62258|1433E_HUMAN,/core/www/modules//consensus/?run_id=110202&search_id=114132&scans_id=110198&peptide_id=7567&scanf=16345&charge=2&value=sp|P62258|1433E_HUMAN,1,/core/www/modules/match_peptides/blast_html4.php?run_id=110202&search_id=114132&scans_id=110198&peptide_id=7567&scanf=16345&charge=2&value=1,R.QMVETELK.L,/core/www/modules/show_out/show_out_wrapper.php?run_id=110202&search_id=114132&scans_id=110198&peptide_id=7567&scanf=16345&charge=2&value=R.QMVETELK.L,YWHAE,2.808e+7,3.382,0.001,2.973,0.000
16346,3,"  1.877","  0.290",11/44,/core/www/modules//sdig/index.php?run_id=110202&search_id=114132&scans_id=110198&peptide_id=7568&scanf=16346&charge=3&value=11/44,sp|Q92797|SYMPK_HUMAN,/core/www/modules//consensus/?run_id=110202&search_id=114132&scans_id=110198&peptide_id=7568&scanf=16346&charge=3&value=sp|Q92797|SYMPK_HUMAN,1,/core/www/modules/match_peptides/blast_html4.php?run_id=110202&search_id=114132&scans_id=110198&peptide_id=7568&scanf=16346&charge=3&value=1,R.LLSGLQEKPDQK.D,/core/www/modules/show_out/show_out_wrapper.php?run_id=110202&search_id=114132&scans_id=110198&peptide_id=7568&scanf=16346&charge=3&value=R.LLSGLQEKPDQK.D,SYMPK,2.577e+7,2.490,0.022,1.660,0.001
16347,2,"  1.361","  0.406",7/14,/core/www/modules//sdig/index.php?run_id=110202&search_id=114132&scans_id=110198&peptide_id=7569&scanf=16347&charge=2&value=7/14,sp|P62081|RS7_HUMAN,/core/www/modules//consensus/?run_id=110202&search_id=114132&scans_id=110198&peptide_id=7569&scanf=16347&charge=2&value=sp|P62081|RS7_HUMAN,2,/core/www/modules/match_peptides/blast_html4.php?run_id=110202&search_id=114132&scans_id=110198&peptide_id=7569&scanf=16347&charge=2&value=2,K.HVVFIAQR.R,/core/www/modules/show_out/show_out_wrapper.php?run_id=110202&search_id=114132&scans_id=110198&peptide_id=7569&scanf=16347&charge=2&value=K.HVVFIAQR.R,RPS7,4.426e+7,2.618,0.014,1.846,0.000
16348,2,"  3.592","  0.701",16/28,/core/www/modules//sdig/index.php?run_id=110202&search_id=114132&scans_id=110198&peptide_id=7570&scanf=16348&charge=2&value=16/28,sp|P47914|RL29_HUMAN,/core/www/modules//consensus/?run_id=110202&search_id=114132&scans_id=110198&peptide_id=7570&scanf=16348&charge=2&value=sp|P47914|RL29_HUMAN,1,/core/www/modules/match_peptides/blast_html4.php?run_id=110202&search_id=114132&scans_id=110198&peptide_id=7570&scanf=16348&charge=2&value=1,K.AQAAAPASVPAQAPK.R,/core/www/modules/show_out/show_out_wrapper.php?run_id=110202&search_id=114132&scans_id=110198&peptide_id=7570&scanf=16348&charge=2&value=K.AQAAAPASVPAQAPK.R,RPL29,1.354e+8,3.731,0.000,3.491,0.000
16349,2,"  1.848","  0.334",8/12,/core/www/modules//sdig/index.php?run_id=110202&search_id=114132&scans_id=110198&peptide_id=7571&scanf=16349&charge=2&value=8/12,sp|P55072|TERA_HUMAN,/core/www/modules//consensus/?run_id=110202&search_id=114132&scans_id=110198&peptide_id=7571&scanf=16349&charge=2&value=sp|P55072|TERA_HUMAN,13,/core/www/modules/match_peptides/blast_html4.php?run_id=110202&search_id=114132&scans_id=110198&peptide_id=7571&scanf=16349&charge=2&value=13,R.GDTVLLK.G,/core/www/modules/show_out/show_out_wrapper.php?run_id=110202&search_id=114132&scans_id=110198&peptide_id=7571&scanf=16349&charge=2&value=R.GDTVLLK.G,VCP,4.542e+7,3.006,0.004,2.417,0.000
16350,2,"  2.474","  0.475",11/18,/core/www/modules//sdig/index.php?run_id=110202&search_id=114132&scans_id=110198&peptide_id=7573&scanf=16350&charge=2&value=11/18,sp|Q9BXP5|SRRT_HUMAN,/core/www/modules//consensus/?run_id=110202&search_id=114132&scans_id=110198&peptide_id=7573&scanf=16350&charge=2&value=sp|Q9BXP5|SRRT_HUMAN,2,/core/www/modules/match_peptides/blast_html4.php?run_id=110202&search_id=114132&scans_id=110198&peptide_id=7573&scanf=16350&charge=2&value=2,R.VALSEPQPER.R,/core/www/modules/show_out/show_out_wrapper.php?run_id=110202&search_id=114132&scans_id=110198&peptide_id=7573&scanf=16350&charge=2&value=R.VALSEPQPER.R,SRRT,5.057e+7,3.276,0.002,2.816,0.000
16351,2,"  3.141","  0.641",12/20,/core/www/modules//sdig/index.php?run_id=110202&search_id=114132&scans_id=110198&peptide_id=7574&scanf=16351&charge=2&value=12/20,sp|P62266|RS23_HUMAN,/core/www/modules//consensus/?run_id=110202&search_id=114132&scans_id=110198&peptide_id=7574&scanf=16351&charge=2&value=sp|P62266|RS23_HUMAN,1,/core/www/modules/match_peptides/blast_html4.php?run_id=110202&search_id=114132&scans_id=110198&peptide_id=7574&scanf=16351&charge=2&value=1,K.GHAVGDIPGVR.F,/core/www/modules/show_out/show_out_wrapper.php?run_id=110202&search_id=114132&scans_id=110198&peptide_id=7574&scanf=16351&charge=2&value=K.GHAVGDIPGVR.F,RPS23,1.100e+8,3.708,0.000,3.456,0.000
16352,3,"  3.947","  0.487",18/68,/core/www/modules//sdig/index.php?run_id=110202&search_id=114132&scans_id=110198&peptide_id=7575&scanf=16352&charge=3&value=18/68,sp|O15143|ARC1B_HUMAN,/core/www/modules//consensus/?run_id=110202&search_id=114132&scans_id=110198&peptide_id=7575&scanf=16352&charge=3&value=sp|O15143|ARC1B_HUMAN,3,/core/www/modules/match_peptides/blast_html4.php?run_id=110202&search_id=114132&scans_id=110198&peptide_id=7575&scanf=16352&charge=3&value=3,K.ASSEGGTAAGAGLDSLHK.N,/core/www/modules/show_out/show_out_wrapper.php?run_id=110202&search_id=114132&scans_id=110198&peptide_id=7575&scanf=16352&charge=3&value=K.ASSEGGTAAGAGLDSLHK.N,ARPC1B,1.410e+7,2.944,0.005,2.326,0.000
16353,2,"  2.432","  0.425",10/16,/core/www/modules//sdig/index.php?run_id=110202&search_id=114132&scans_id=110198&peptide_id=7576&scanf=16353&charge=2&value=10/16,sp|Q9BVI4|NOC4L_HUMAN,/core/www/modules//consensus/?run_id=110202&search_id=114132&scans_id=110198&peptide_id=7576&scanf=16353&charge=2&value=sp|Q9BVI4|NOC4L_HUMAN,0,/core/www/modules/match_peptides/blast_html4.php?run_id=110202&search_id=114132&scans_id=110198&peptide_id=7576&scanf=16353&charge=2&value=0,R.RLEAVLASR.S,/core/www/modules/show_out/show_out_wrapper.php?run_id=110202&search_id=114132&scans_id=110198&peptide_id=7576&scanf=16353&charge=2&value=R.RLEAVLASR.S,NOC4L,1.886e+7,2.790,0.008,2.098,0.000
16357,3,"  3.209","  0.349",11/40,/core/www/modules//sdig/index.php?run_id=110202&search_id=114132&scans_id=110198&peptide_id=7580&scanf=16357&charge=3&value=11/40,sp|P35580|MYH10_HUMAN,/core/www/modules//consensus/?run_id=110202&search_id=114132&scans_id=110198&peptide_id=7580&scanf=16357&charge=3&value=sp|P35580|MYH10_HUMAN,1,/core/www/modules/match_peptides/blast_html4.php?run_id=110202&search_id=114132&scans_id=110198&peptide_id=7580&scanf=16357&charge=3&value=1,R.ELEAELEDERK.Q,/core/www/modules/show_out/show_out_wrapper.php?run_id=110202&search_id=114132&scans_id=110198&peptide_id=7580&scanf=16357&charge=3&value=R.ELEAELEDERK.Q,MYH10,8.769e+6,2.523,0.020,1.707,0.000
16359,2,"  1.373","  0.149",8/14,/core/www/modules//sdig/index.php?run_id=110202&search_id=114132&scans_id=110198&peptide_id=7582&scanf=16359&charge=2&value=8/14,sp|O43760|SNG2_HUMAN,/core/www/modules//consensus/?run_id=110202&search_id=114132&scans_id=110198&peptide_id=7582&scanf=16359&charge=2&value=sp|O43760|SNG2_HUMAN,3,/core/www/modules/match_peptides/blast_html4.php?run_id=110202&search_id=114132&scans_id=110198&peptide_id=7582&scanf=16359&charge=2&value=3,K.AGGSFDLR.R,/core/www/modules/show_out/show_out_wrapper.php?run_id=110202&search_id=114132&scans_id=110198&peptide_id=7582&scanf=16359&charge=2&value=K.AGGSFDLR.R,SYNGR2,2.059e+7,2.012,0.103,0.988,0.005
16360,2,"  3.000","  0.497",12/20,/core/www/modules//sdig/index.php?run_id=110202&search_id=114132&scans_id=110198&peptide_id=7584&scanf=16360&charge=2&value=12/20,sp|P07900|HS90A_HUMAN,/core/www/modules//consensus/?run_id=110202&search_id=114132&scans_id=110198&peptide_id=7584&scanf=16360&charge=2&value=sp|P07900|HS90A_HUMAN,0,/core/www/modules/match_peptides/blast_html4.php?run_id=110202&search_id=114132&scans_id=110198&peptide_id=7584&scanf=16360&charge=2&value=0,R.DNSTMGYMAAK.K,/core/www/modules/show_out/show_out_wrapper.php?run_id=110202&search_id=114132&scans_id=110198&peptide_id=7584&scanf=16360&charge=2&value=R.DNSTMGYMAAK.K,HSP90AA1,1.206e+8,3.455,0.001,3.082,0.000
16366,2,"  2.602","  0.533",14/20,/core/www/modules//sdig/index.php?run_id=110202&search_id=114132&scans_id=110198&peptide_id=7589&scanf=16366&charge=2&value=14/20,sp|P61978|HNRPK_HUMAN,/core/www/modules//consensus/?run_id=110202&search_id=114132&scans_id=110198&peptide_id=7589&scanf=16366&charge=2&value=sp|P61978|HNRPK_HUMAN,1,/core/www/modules/match_peptides/blast_html4.php?run_id=110202&search_id=114132&scans_id=110198&peptide_id=7589&scanf=16366&charge=2&value=1,K.IDEPLEGSEDR.I,/core/www/modules/show_out/show_out_wrapper.php?run_id=110202&search_id=114132&scans_id=110198&peptide_id=7589&scanf=16366&charge=2&value=K.IDEPLEGSEDR.I,HNRNPK,4.262e+8,3.696,0.000,3.438,0.000
16368,2,"  2.337","  0.437",14/28,/core/www/modules//sdig/index.php?run_id=110202&search_id=114132&scans_id=110198&peptide_id=7591&scanf=16368&charge=2&value=14/28,sp|Q86VM9|ZCH18_HUMAN,/core/www/modules//consensus/?run_id=110202&search_id=114132&scans_id=110198&peptide_id=7591&scanf=16368&charge=2&value=sp|Q86VM9|ZCH18_HUMAN,2,/core/www/modules/match_peptides/blast_html4.php?run_id=110202&search_id=114132&scans_id=110198&peptide_id=7591&scanf=16368&charge=2&value=2,K.TTAPVPEPTKPGDPR.E,/core/www/modules/show_out/show_out_wrapper.php?run_id=110202&search_id=114132&scans_id=110198&peptide_id=7591&scanf=16368&charge=2&value=K.TTAPVPEPTKPGDPR.E,ZC3H18,1.854e+7,2.721,0.010,1.997,0.000
16369,3,"  2.179","  0.410",11/40,/core/www/modules//sdig/index.php?run_id=110202&search_id=114132&scans_id=110198&peptide_id=7592&scanf=16369&charge=3&value=11/40,sp|Q6N069|NAA16_HUMAN,/core/www/modules//consensus/?run_id=110202&search_id=114132&scans_id=110198&peptide_id=7592&scanf=16369&charge=3&value=sp|Q6N069|NAA16_HUMAN,5,/core/www/modules/match_peptides/blast_html4.php?run_id=110202&search_id=114132&scans_id=110198&peptide_id=7592&scanf=16369&charge=3&value=5,K.FAEHGETLAMK.G,/core/www/modules/show_out/show_out_wrapper.php?run_id=110202&search_id=114132&scans_id=110198&peptide_id=7592&scanf=16369&charge=3&value=K.FAEHGETLAMK.G,NAA16,1.253e+7,2.844,0.007,2.177,0.000
16370,2,"  2.555","  0.496",9/14,/core/www/modules//sdig/index.php?run_id=110202&search_id=114132&scans_id=110198&peptide_id=7594&scanf=16370&charge=2&value=9/14,sp|Q6P2Q9|PRP8_HUMAN,/core/www/modules//consensus/?run_id=110202&search_id=114132&scans_id=110198&peptide_id=7594&scanf=16370&charge=2&value=sp|Q6P2Q9|PRP8_HUMAN,1,/core/www/modules/match_peptides/blast_html4.php?run_id=110202&search_id=114132&scans_id=110198&peptide_id=7594&scanf=16370&charge=2&value=1,K.NNVVINYK.D,/core/www/modules/show_out/show_out_wrapper.php?run_id=110202&search_id=114132&scans_id=110198&peptide_id=7594&scanf=16370&charge=2&value=K.NNVVINYK.D,PRPF8,3.480e+7,3.706,0.000,3.454,0.000
16374,3,"  2.583","  0.329",14/40,/core/www/modules//sdig/index.php?run_id=110202&search_id=114132&scans_id=110198&peptide_id=7598&scanf=16374&charge=3&value=14/40,sp|Q9Y294|ASF1A_HUMAN,/core/www/modules//consensus/?run_id=110202&search_id=114132&scans_id=110198&peptide_id=7598&scanf=16374&charge=3&value=sp|Q9Y294|ASF1A_HUMAN,0,/core/www/modules/match_peptides/blast_html4.php?run_id=110202&search_id=114132&scans_id=110198&peptide_id=7598&scanf=16374&charge=3&value=0,R.ENPPVKPDFSK.L,/core/www/modules/show_out/show_out_wrapper.php?run_id=110202&search_id=114132&scans_id=110198&peptide_id=7598&scanf=16374&charge=3&value=R.ENPPVKPDFSK.L,ASF1A,1.406e+7,2.712,0.010,1.984,0.000
16376,3,"  4.950","  0.582",16/60,/core/www/modules//sdig/index.php?run_id=110202&search_id=114132&scans_id=110198&peptide_id=7600&scanf=16376&charge=3&value=16/60,sp|P18887|XRCC1_HUMAN,/core/www/modules//consensus/?run_id=110202&search_id=114132&scans_id=110198&peptide_id=7600&scanf=16376&charge=3&value=sp|P18887|XRCC1_HUMAN,2,/core/www/modules/match_peptides/blast_html4.php?run_id=110202&search_id=114132&scans_id=110198&peptide_id=7600&scanf=16376&charge=3&value=2,K.KTPSKPPAQLSPSVPK.R,/core/www/modules/show_out/show_out_wrapper.php?run_id=110202&search_id=114132&scans_id=110198&peptide_id=7600&scanf=16376&charge=3&value=K.KTPSKPPAQLSPSVPK.R,XRCC1,1.399e+7,3.097,0.003,2.551,0.000
16377,2,"  4.056","  0.774",20/28,/core/www/modules//sdig/index.php?run_id=110202&search_id=114132&scans_id=110198&peptide_id=7601&scanf=16377&charge=2&value=20/28,sp|P17987|TCPA_HUMAN,/core/www/modules//consensus/?run_id=110202&search_id=114132&scans_id=110198&peptide_id=7601&scanf=16377&charge=2&value=sp|P17987|TCPA_HUMAN,2,/core/www/modules/match_peptides/blast_html4.php?run_id=110202&search_id=114132&scans_id=110198&peptide_id=7601&scanf=16377&charge=2&value=2,K.HGSYEDAVHSGALND.-,/core/www/modules/show_out/show_out_wrapper.php?run_id=110202&search_id=114132&scans_id=110198&peptide_id=7601&scanf=16377&charge=2&value=K.HGSYEDAVHSGALND.-,TCP1,1.075e+7,4.312,0.000,4.353,0.000
16378,2,"  1.481","  0.073",7/12,/core/www/modules//sdig/index.php?run_id=110202&search_id=114132&scans_id=110198&peptide_id=7602&scanf=16378&charge=2&value=7/12,sp|Q6UXN9|WDR82_HUMAN,/core/www/modules//consensus/?run_id=110202&search_id=114132&scans_id=110198&peptide_id=7602&scanf=16378&charge=2&value=sp|Q6UXN9|WDR82_HUMAN,0,/core/www/modules/match_peptides/blast_html4.php?run_id=110202&search_id=114132&scans_id=110198&peptide_id=7602&scanf=16378&charge=2&value=0,K.LTDSVLR.S,/core/www/modules/show_out/show_out_wrapper.php?run_id=110202&search_id=114132&scans_id=110198&peptide_id=7602&scanf=16378&charge=2&value=K.LTDSVLR.S,WDR82,9.961e+7,1.866,0.159,0.799,0.008
16380,2,"  1.819","  0.106",7/12,/core/www/modules//sdig/index.php?run_id=110202&search_id=114132&scans_id=110198&peptide_id=7605&scanf=16380&charge=2&value=7/12,sp|Q9UHB9|SRP68_HUMAN,/core/www/modules//consensus/?run_id=110202&search_id=114132&scans_id=110198&peptide_id=7605&scanf=16380&charge=2&value=sp|Q9UHB9|SRP68_HUMAN,0,/core/www/modules/match_peptides/blast_html4.php?run_id=110202&search_id=114132&scans_id=110198&peptide_id=7605&scanf=16380&charge=2&value=0,R.DAIQVVR.E,/core/www/modules/show_out/show_out_wrapper.php?run_id=110202&search_id=114132&scans_id=110198&peptide_id=7605&scanf=16380&charge=2&value=R.DAIQVVR.E,SRP68,2.616e+7,2.011,0.103,0.987,0.005
16383,2,"  2.608","  0.339",9/18,/core/www/modules//sdig/index.php?run_id=110202&search_id=114132&scans_id=110198&peptide_id=7608&scanf=16383&charge=2&value=9/18,sp|P46459|NSF_HUMAN,/core/www/modules//consensus/?run_id=110202&search_id=114132&scans_id=110198&peptide_id=7608&scanf=16383&charge=2&value=sp|P46459|NSF_HUMAN,1,/core/www/modules/match_peptides/blast_html4.php?run_id=110202&search_id=114132&scans_id=110198&peptide_id=7608&scanf=16383&charge=2&value=1,K.LFADAEEEQR.R,/core/www/modules/show_out/show_out_wrapper.php?run_id=110202&search_id=114132&scans_id=110198&peptide_id=7608&scanf=16383&charge=2&value=K.LFADAEEEQR.R,NSF,7.618e+6,2.568,0.017,1.773,0.000
16385,2,"  1.541","  0.000",9/12,/core/www/modules//sdig/index.php?run_id=110202&search_id=114132&scans_id=110198&peptide_id=7609&scanf=16385&charge=2&value=9/12,sp|P49411|EFTU_HUMAN,/core/www/modules//consensus/?run_id=110202&search_id=114132&scans_id=110198&peptide_id=7609&scanf=16385&charge=2&value=sp|P49411|EFTU_HUMAN,0,/core/www/modules/match_peptides/blast_html4.php?run_id=110202&search_id=114132&scans_id=110198&peptide_id=7609&scanf=16385&charge=2&value=0,R.EHLLLAR.Q,/core/www/modules/show_out/show_out_wrapper.php?run_id=110202&search_id=114132&scans_id=110198&peptide_id=7609&scanf=16385&charge=2&value=R.EHLLLAR.Q,TUFM,6.360e+7,3.424,0.001,3.036,0.000
16386,2,"  1.229","  0.005",9/18,/core/www/modules//sdig/index.php?run_id=110202&search_id=114132&scans_id=110198&peptide_id=7610&scanf=16386&charge=2&value=9/18,sp|Q15149|PLEC_HUMAN,/core/www/modules//consensus/?run_id=110202&search_id=114132&scans_id=110198&peptide_id=7610&scanf=16386&charge=2&value=sp|Q15149|PLEC_HUMAN,5,/core/www/modules/match_peptides/blast_html4.php?run_id=110202&search_id=114132&scans_id=110198&peptide_id=7610&scanf=16386&charge=2&value=5,R.SMVEEGTGLR.L,/core/www/modules/show_out/show_out_wrapper.php?run_id=110202&search_id=114132&scans_id=110198&peptide_id=7610&scanf=16386&charge=2&value=R.SMVEEGTGLR.L,PLEC,3.078e+7,1.940,0.128,0.893,0.006
16388,3,"  1.674","  0.376",13/48,/core/www/modules//sdig/index.php?run_id=110202&search_id=114132&scans_id=110198&peptide_id=7612&scanf=16388&charge=3&value=13/48,sp|Q9BUJ2|HNRL1_HUMAN,/core/www/modules//consensus/?run_id=110202&search_id=114132&scans_id=110198&peptide_id=7612&scanf=16388&charge=3&value=sp|Q9BUJ2|HNRL1_HUMAN,6,/core/www/modules/match_peptides/blast_html4.php?run_id=110202&search_id=114132&scans_id=110198&peptide_id=7612&scanf=16388&charge=3&value=6,K.HLPSTEPDPHVVR.I,/core/www/modules/show_out/show_out_wrapper.php?run_id=110202&search_id=114132&scans_id=110198&peptide_id=7612&scanf=16388&charge=3&value=K.HLPSTEPDPHVVR.I,HNRNPUL1,1.203e+8,2.716,0.010,1.989,0.000
16389,3,"  2.229","  0.383",12/36,/core/www/modules//sdig/index.php?run_id=110202&search_id=114132&scans_id=110198&peptide_id=7613&scanf=16389&charge=3&value=12/36,sp|P53597|SUCA_HUMAN,/core/www/modules//consensus/?run_id=110202&search_id=114132&scans_id=110198&peptide_id=7613&scanf=16389&charge=3&value=sp|P53597|SUCA_HUMAN,1,/core/www/modules/match_peptides/blast_html4.php?run_id=110202&search_id=114132&scans_id=110198&peptide_id=7613&scanf=16389&charge=3&value=1,K.IGIMPGHIHK.K,/core/www/modules/show_out/show_out_wrapper.php?run_id=110202&search_id=114132&scans_id=110198&peptide_id=7613&scanf=16389&charge=3&value=K.IGIMPGHIHK.K,SUCLG1,5.485e+7,2.851,0.006,2.188,0.000
16392,2,"  1.887","  0.405",9/16,/core/www/modules//sdig/index.php?run_id=110202&search_id=114132&scans_id=110198&peptide_id=7617&scanf=16392&charge=2&value=9/16,sp|P06576|ATPB_HUMAN,/core/www/modules//consensus/?run_id=110202&search_id=114132&scans_id=110198&peptide_id=7617&scanf=16392&charge=2&value=sp|P06576|ATPB_HUMAN,2,/core/www/modules/match_peptides/blast_html4.php?run_id=110202&search_id=114132&scans_id=110198&peptide_id=7617&scanf=16392&charge=2&value=2,K.VLDSGAPIK.I,/core/www/modules/show_out/show_out_wrapper.php?run_id=110202&search_id=114132&scans_id=110198&peptide_id=7617&scanf=16392&charge=2&value=K.VLDSGAPIK.I,ATP5F1B,5.117e+7,2.930,0.005,2.304,0.000
16393,3,"  6.644","  0.744",30/100,/core/www/modules//sdig/index.php?run_id=110202&search_id=114132&scans_id=110198&peptide_id=7618&scanf=16393&charge=3&value=30/100,sp|Q9BQG0|MBB1A_HUMAN,/core/www/modules//consensus/?run_id=110202&search_id=114132&scans_id=110198&peptide_id=7618&scanf=16393&charge=3&value=sp|Q9BQG0|MBB1A_HUMAN,1,/core/www/modules/match_peptides/blast_html4.php?run_id=110202&search_id=114132&scans_id=110198&peptide_id=7618&scanf=16393&charge=3&value=1,R.KSEDGTPAEDGTPAATGGSQPPSMGR.K,/core/www/modules/show_out/show_out_wrapper.php?run_id=110202&search_id=114132&scans_id=110198&peptide_id=7618&scanf=16393&charge=3&value=R.KSEDGTPAEDGTPAATGGSQPPSMGR.K,MYBBP1A,1.059e+7,3.645,0.000,3.363,0.000
16394,2,"  1.349","  0.185",12/24,/core/www/modules//sdig/index.php?run_id=110202&search_id=114132&scans_id=110198&peptide_id=7619&scanf=16394&charge=2&value=12/24,sp|Q12996|CSTF3_HUMAN,/core/www/modules//consensus/?run_id=110202&search_id=114132&scans_id=110198&peptide_id=7619&scanf=16394&charge=2&value=sp|Q12996|CSTF3_HUMAN,1,/core/www/modules/match_peptides/blast_html4.php?run_id=110202&search_id=114132&scans_id=110198&peptide_id=7619&scanf=16394&charge=2&value=1,K.GVEAVGSYAENQR.I,/core/www/modules/show_out/show_out_wrapper.php?run_id=110202&search_id=114132&scans_id=110198&peptide_id=7619&scanf=16394&charge=2&value=K.GVEAVGSYAENQR.I,CSTF3,1.507e+7,1.889,0.149,0.828,0.007
16396,2,"  2.365","  0.627",11/20,/core/www/modules//sdig/index.php?run_id=110202&search_id=114132&scans_id=110198&peptide_id=7621&scanf=16396&charge=2&value=11/20,sp|Q14839|CHD4_HUMAN,/core/www/modules//consensus/?run_id=110202&search_id=114132&scans_id=110198&peptide_id=7621&scanf=16396&charge=2&value=sp|Q14839|CHD4_HUMAN,21,/core/www/modules/match_peptides/blast_html4.php?run_id=110202&search_id=114132&scans_id=110198&peptide_id=7621&scanf=16396&charge=2&value=21,K.VVVEPPEGEEK.V,/core/www/modules/show_out/show_out_wrapper.php?run_id=110202&search_id=114132&scans_id=110198&peptide_id=7621&scanf=16396&charge=2&value=K.VVVEPPEGEEK.V,CHD4,1.257e+7,3.646,0.000,3.365,0.000
16397,2,"  1.971","  0.381",7/12,/core/www/modules//sdig/index.php?run_id=110202&search_id=114132&scans_id=110198&peptide_id=7622&scanf=16397&charge=2&value=7/12,sp|P33992|MCM5_HUMAN,/core/www/modules//consensus/?run_id=110202&search_id=114132&scans_id=110198&peptide_id=7622&scanf=16397&charge=2&value=sp|P33992|MCM5_HUMAN,2,/core/www/modules/match_peptides/blast_html4.php?run_id=110202&search_id=114132&scans_id=110198&peptide_id=7622&scanf=16397&charge=2&value=2,K.FGLTTSR.G,/core/www/modules/show_out/show_out_wrapper.php?run_id=110202&search_id=114132&scans_id=110198&peptide_id=7622&scanf=16397&charge=2&value=K.FGLTTSR.G,MCM5,1.234e+7,2.875,0.006,2.224,0.000
16398,3,"  2.966","  0.316",12/40,/core/www/modules//sdig/index.php?run_id=110202&search_id=114132&scans_id=110198&peptide_id=7623&scanf=16398&charge=3&value=12/40,sp|Q8WXF1|PSPC1_HUMAN,/core/www/modules//consensus/?run_id=110202&search_id=114132&scans_id=110198&peptide_id=7623&scanf=16398&charge=3&value=sp|Q8WXF1|PSPC1_HUMAN,1,/core/www/modules/match_peptides/blast_html4.php?run_id=110202&search_id=114132&scans_id=110198&peptide_id=7623&scanf=16398&charge=3&value=1,R.FATHGAALTVK.N,/core/www/modules/show_out/show_out_wrapper.php?run_id=110202&search_id=114132&scans_id=110198&peptide_id=7623&scanf=16398&charge=3&value=R.FATHGAALTVK.N,PSPC1,3.324e+7,2.638,0.013,1.876,0.000
16401,2,"  2.442","  0.435",12/14,/core/www/modules//sdig/index.php?run_id=110202&search_id=114132&scans_id=110198&peptide_id=7627&scanf=16401&charge=2&value=12/14,sp|P61247|RS3A_HUMAN,/core/www/modules//consensus/?run_id=110202&search_id=114132&scans_id=110198&peptide_id=7627&scanf=16401&charge=2&value=sp|P61247|RS3A_HUMAN,4,/core/www/modules/match_peptides/blast_html4.php?run_id=110202&search_id=114132&scans_id=110198&peptide_id=7627&scanf=16401&charge=2&value=4,K.KVVDPFSK.K,/core/www/modules/show_out/show_out_wrapper.php?run_id=110202&search_id=114132&scans_id=110198&peptide_id=7627&scanf=16401&charge=2&value=K.KVVDPFSK.K,RPS3A,3.374e+7,3.156,0.002,2.638,0.000
16406,3,"  3.494","  0.654",20/44,/core/www/modules//sdig/index.php?run_id=110202&search_id=114132&scans_id=110198&peptide_id=7631&scanf=16406&charge=3&value=20/44,sp|P78527|PRKDC_HUMAN,/core/www/modules//consensus/?run_id=110202&search_id=114132&scans_id=110198&peptide_id=7631&scanf=16406&charge=3&value=sp|P78527|PRKDC_HUMAN,1,/core/www/modules/match_peptides/blast_html4.php?run_id=110202&search_id=114132&scans_id=110198&peptide_id=7631&scanf=16406&charge=3&value=1,K.QGNLSSQVPLKR.L,/core/www/modules/show_out/show_out_wrapper.php?run_id=110202&search_id=114132&scans_id=110198&peptide_id=7631&scanf=16406&charge=3&value=K.QGNLSSQVPLKR.L,PRKDC,1.682e+8,4.521,0.000,4.662,0.000
16407,2,"  1.934","  0.204",9/16,/core/www/modules//sdig/index.php?run_id=110202&search_id=114132&scans_id=110198&peptide_id=7632&scanf=16407&charge=2&value=9/16,sp|P17612|KAPCA_HUMAN,/core/www/modules//consensus/?run_id=110202&search_id=114132&scans_id=110198&peptide_id=7632&scanf=16407&charge=2&value=sp|P17612|KAPCA_HUMAN,12,/core/www/modules/match_peptides/blast_html4.php?run_id=110202&search_id=114132&scans_id=110198&peptide_id=7632&scanf=16407&charge=2&value=12,K.TLGTGSFGR.V,/core/www/modules/show_out/show_out_wrapper.php?run_id=110202&search_id=114132&scans_id=110198&peptide_id=7632&scanf=16407&charge=2&value=K.TLGTGSFGR.V,PRKACA,8.262e+7,2.200,0.057,1.246,0.002
16409,2,"  1.543","  0.475",8/14,/core/www/modules//sdig/index.php?run_id=110202&search_id=114132&scans_id=110198&peptide_id=7634&scanf=16409&charge=2&value=8/14,sp|Q9UQ35|SRRM2_HUMAN,/core/www/modules//consensus/?run_id=110202&search_id=114132&scans_id=110198&peptide_id=7634&scanf=16409&charge=2&value=sp|Q9UQ35|SRRM2_HUMAN,0,/core/www/modules/match_peptides/blast_html4.php?run_id=110202&search_id=114132&scans_id=110198&peptide_id=7634&scanf=16409&charge=2&value=0,R.VPLSAYER.V,/core/www/modules/show_out/show_out_wrapper.php?run_id=110202&search_id=114132&scans_id=110198&peptide_id=7634&scanf=16409&charge=2&value=R.VPLSAYER.V,SRRM2,5.633e+7,3.224,0.002,2.739,0.000
16411,2,"  2.246","  0.524",12/18,/core/www/modules//sdig/index.php?run_id=110202&search_id=114132&scans_id=110198&peptide_id=7637&scanf=16411&charge=2&value=12/18,sp|P30153|2AAA_HUMAN,/core/www/modules//consensus/?run_id=110202&search_id=114132&scans_id=110198&peptide_id=7637&scanf=16411&charge=2&value=sp|P30153|2AAA_HUMAN,2,/core/www/modules/match_peptides/blast_html4.php?run_id=110202&search_id=114132&scans_id=110198&peptide_id=7637&scanf=16411&charge=2&value=2,R.MAGDPVANVR.F,/core/www/modules/show_out/show_out_wrapper.php?run_id=110202&search_id=114132&scans_id=110198&peptide_id=7637&scanf=16411&charge=2&value=R.MAGDPVANVR.F,PPP2R1A,3.117e+7,3.416,0.001,3.024,0.000
16413,2,"  1.398","  0.133",8/12,/core/www/modules//sdig/index.php?run_id=110202&search_id=114132&scans_id=110198&peptide_id=7639&scanf=16413&charge=2&value=8/12,sp|Q00839|HNRPU_HUMAN,/core/www/modules//consensus/?run_id=110202&search_id=114132&scans_id=110198&peptide_id=7639&scanf=16413&charge=2&value=sp|Q00839|HNRPU_HUMAN,11,/core/www/modules/match_peptides/blast_html4.php?run_id=110202&search_id=114132&scans_id=110198&peptide_id=7639&scanf=16413&charge=2&value=11,K.M*MVAGFK.K,/core/www/modules/show_out/show_out_wrapper.php?run_id=110202&search_id=114132&scans_id=110198&peptide_id=7639&scanf=16413&charge=2&value=K.M*MVAGFK.K,HNRNPU,2.392e+7,2.249,0.048,1.315,0.002
16415,2,"  2.237","  0.378",8/12,/core/www/modules//sdig/index.php?run_id=110202&search_id=114132&scans_id=110198&peptide_id=7641&scanf=16415&charge=2&value=8/12,sp|P02545|LMNA_HUMAN,/core/www/modules//consensus/?run_id=110202&search_id=114132&scans_id=110198&peptide_id=7641&scanf=16415&charge=2&value=sp|P02545|LMNA_HUMAN,7,/core/www/modules/match_peptides/blast_html4.php?run_id=110202&search_id=114132&scans_id=110198&peptide_id=7641&scanf=16415&charge=2&value=7,K.EELDFQK.N,/core/www/modules/show_out/show_out_wrapper.php?run_id=110202&search_id=114132&scans_id=110198&peptide_id=7641&scanf=16415&charge=2&value=K.EELDFQK.N,LMNA,1.316e+8,3.140,0.002,2.615,0.000
16419,2,"  2.584","  0.159",11/18,/core/www/modules//sdig/index.php?run_id=110202&search_id=114132&scans_id=110198&peptide_id=7645&scanf=16419&charge=2&value=11/18,sp|Q8WUA4|TF3C2_HUMAN,/core/www/modules//consensus/?run_id=110202&search_id=114132&scans_id=110198&peptide_id=7645&scanf=16419&charge=2&value=sp|Q8WUA4|TF3C2_HUMAN,2,/core/www/modules/match_peptides/blast_html4.php?run_id=110202&search_id=114132&scans_id=110198&peptide_id=7645&scanf=16419&charge=2&value=2,R.RPYEPINSIK.R,/core/www/modules/show_out/show_out_wrapper.php?run_id=110202&search_id=114132&scans_id=110198&peptide_id=7645&scanf=16419&charge=2&value=R.RPYEPINSIK.R,GTF3C2,8.763e+6,2.186,0.060,1.225,0.002
16420,2,"  1.840","  0.272",10/18,/core/www/modules//sdig/index.php?run_id=110202&search_id=114132&scans_id=110198&peptide_id=7647&scanf=16420&charge=2&value=10/18,sp|O75533|SF3B1_HUMAN,/core/www/modules//consensus/?run_id=110202&search_id=114132&scans_id=110198&peptide_id=7647&scanf=16420&charge=2&value=sp|O75533|SF3B1_HUMAN,0,/core/www/modules/match_peptides/blast_html4.php?run_id=110202&search_id=114132&scans_id=110198&peptide_id=7647&scanf=16420&charge=2&value=0,R.EFQSPDEEMK.K,/core/www/modules/show_out/show_out_wrapper.php?run_id=110202&search_id=114132&scans_id=110198&peptide_id=7647&scanf=16420&charge=2&value=R.EFQSPDEEMK.K,SF3B1,8.581e+6,2.574,0.017,1.782,0.000
16421,3,"  3.166","  0.273",12/60,/core/www/modules//sdig/index.php?run_id=110202&search_id=114132&scans_id=110198&peptide_id=7648&scanf=16421&charge=3&value=12/60,sp|Q9NV88|INT9_HUMAN,/core/www/modules//consensus/?run_id=110202&search_id=114132&scans_id=110198&peptide_id=7648&scanf=16421&charge=3&value=sp|Q9NV88|INT9_HUMAN,1,/core/www/modules/match_peptides/blast_html4.php?run_id=110202&search_id=114132&scans_id=110198&peptide_id=7648&scanf=16421&charge=3&value=1,K.HLLQPPPRPAQPTSGK.K,/core/www/modules/show_out/show_out_wrapper.php?run_id=110202&search_id=114132&scans_id=110198&peptide_id=7648&scanf=16421&charge=3&value=K.HLLQPPPRPAQPTSGK.K,INTS9,8.488e+6,2.183,0.060,1.221,0.002
16425,2,"  1.995","  0.432",8/20,/core/www/modules//sdig/index.php?run_id=110202&search_id=114132&scans_id=110198&peptide_id=7652&scanf=16425&charge=2&value=8/20,sp|Q8WYA6|CTBL1_HUMAN,/core/www/modules//consensus/?run_id=110202&search_id=114132&scans_id=110198&peptide_id=7652&scanf=16425&charge=2&value=sp|Q8WYA6|CTBL1_HUMAN,1,/core/www/modules/match_peptides/blast_html4.php?run_id=110202&search_id=114132&scans_id=110198&peptide_id=7652&scanf=16425&charge=2&value=1,K.YLGAMQVADKK.I,/core/www/modules/show_out/show_out_wrapper.php?run_id=110202&search_id=114132&scans_id=110198&peptide_id=7652&scanf=16425&charge=2&value=K.YLGAMQVADKK.I,CTNNBL1,7.531e+6,2.401,0.029,1.531,0.001
16427,3,"  1.881","  0.517",12/36,/core/www/modules//sdig/index.php?run_id=110202&search_id=114132&scans_id=110198&peptide_id=7653&scanf=16427&charge=3&value=12/36,sp|Q16822|PCKGM_HUMAN,/core/www/modules//consensus/?run_id=110202&search_id=114132&scans_id=110198&peptide_id=7653&scanf=16427&charge=3&value=sp|Q16822|PCKGM_HUMAN,4,/core/www/modules/match_peptides/blast_html4.php?run_id=110202&search_id=114132&scans_id=110198&peptide_id=7653&scanf=16427&charge=3&value=4,K.TLIGHVPDQR.E,/core/www/modules/show_out/show_out_wrapper.php?run_id=110202&search_id=114132&scans_id=110198&peptide_id=7653&scanf=16427&charge=3&value=K.TLIGHVPDQR.E,PCK2,3.943e+7,3.400,0.001,3.000,0.000
16429,3,"  2.424","  0.340",11/36,/core/www/modules//sdig/index.php?run_id=110202&search_id=114132&scans_id=110198&peptide_id=7655&scanf=16429&charge=3&value=11/36,sp|O94880|PHF14_HUMAN,/core/www/modules//consensus/?run_id=110202&search_id=114132&scans_id=110198&peptide_id=7655&scanf=16429&charge=3&value=sp|O94880|PHF14_HUMAN,1,/core/www/modules/match_peptides/blast_html4.php?run_id=110202&search_id=114132&scans_id=110198&peptide_id=7655&scanf=16429&charge=3&value=1,R.STRPQAWVPR.E,/core/www/modules/show_out/show_out_wrapper.php?run_id=110202&search_id=114132&scans_id=110198&peptide_id=7655&scanf=16429&charge=3&value=R.STRPQAWVPR.E,PHF14,1.674e+7,2.747,0.009,2.035,0.000
16430,2,"  3.111","  0.269",11/16,/core/www/modules//sdig/index.php?run_id=110202&search_id=114132&scans_id=110198&peptide_id=7657&scanf=16430&charge=2&value=11/16,sp|P30876|RPB2_HUMAN,/core/www/modules//consensus/?run_id=110202&search_id=114132&scans_id=110198&peptide_id=7657&scanf=16430&charge=2&value=sp|P30876|RPB2_HUMAN,2,/core/www/modules/match_peptides/blast_html4.php?run_id=110202&search_id=114132&scans_id=110198&peptide_id=7657&scanf=16430&charge=2&value=2,R.AGVSQVLNR.L,/core/www/modules/show_out/show_out_wrapper.php?run_id=110202&search_id=114132&scans_id=110198&peptide_id=7657&scanf=16430&charge=2&value=R.AGVSQVLNR.L,POLR2B,2.231e+7,2.678,0.012,1.934,0.000
16431,2,"  3.068","  0.656",14/18,/core/www/modules//sdig/index.php?run_id=110202&search_id=114132&scans_id=110198&peptide_id=7658&scanf=16431&charge=2&value=14/18,sp|Q13200|PSMD2_HUMAN,/core/www/modules//consensus/?run_id=110202&search_id=114132&scans_id=110198&peptide_id=7658&scanf=16431&charge=2&value=sp|Q13200|PSMD2_HUMAN,0,/core/www/modules/match_peptides/blast_html4.php?run_id=110202&search_id=114132&scans_id=110198&peptide_id=7658&scanf=16431&charge=2&value=0,R.LAQGLTHLGK.G,/core/www/modules/show_out/show_out_wrapper.php?run_id=110202&search_id=114132&scans_id=110198&peptide_id=7658&scanf=16431&charge=2&value=R.LAQGLTHLGK.G,PSMD2,3.598e+7,4.112,0.000,4.056,0.000
16433,2,"  3.233","  0.444",14/18,/core/www/modules//sdig/index.php?run_id=110202&search_id=114132&scans_id=110198&peptide_id=7660&scanf=16433&charge=2&value=14/18,sp|Q9UQE7|SMC3_HUMAN,/core/www/modules//consensus/?run_id=110202&search_id=114132&scans_id=110198&peptide_id=7660&scanf=16433&charge=2&value=sp|Q9UQE7|SMC3_HUMAN,0,/core/www/modules/match_peptides/blast_html4.php?run_id=110202&search_id=114132&scans_id=110198&peptide_id=7660&scanf=16433&charge=2&value=0,K.RVDALNDEIR.Q,/core/www/modules/show_out/show_out_wrapper.php?run_id=110202&search_id=114132&scans_id=110198&peptide_id=7660&scanf=16433&charge=2&value=K.RVDALNDEIR.Q,SMC3,2.304e+7,3.218,0.002,2.731,0.000
16435,2,"  2.449","  0.465",13/20,/core/www/modules//sdig/index.php?run_id=110202&search_id=114132&scans_id=110198&peptide_id=7662&scanf=16435&charge=2&value=13/20,sp|Q9Y285|SYFA_HUMAN,/core/www/modules//consensus/?run_id=110202&search_id=114132&scans_id=110198&peptide_id=7662&scanf=16435&charge=2&value=sp|Q9Y285|SYFA_HUMAN,2,/core/www/modules/match_peptides/blast_html4.php?run_id=110202&search_id=114132&scans_id=110198&peptide_id=7662&scanf=16435&charge=2&value=2,R.VVDSMEDEVQR.R,/core/www/modules/show_out/show_out_wrapper.php?run_id=110202&search_id=114132&scans_id=110198&peptide_id=7662&scanf=16435&charge=2&value=R.VVDSMEDEVQR.R,FARSA,1.498e+7,3.148,0.002,2.627,0.000
16436,2,"  2.020","  0.382",12/12,/core/www/modules//sdig/index.php?run_id=110202&search_id=114132&scans_id=110198&peptide_id=7663&scanf=16436&charge=2&value=12/12,sp|P13693|TCTP_HUMAN,/core/www/modules//consensus/?run_id=110202&search_id=114132&scans_id=110198&peptide_id=7663&scanf=16436&charge=2&value=sp|P13693|TCTP_HUMAN,6,/core/www/modules/match_peptides/blast_html4.php?run_id=110202&search_id=114132&scans_id=110198&peptide_id=7663&scanf=16436&charge=2&value=6,K.HILANFK.N,/core/www/modules/show_out/show_out_wrapper.php?run_id=110202&search_id=114132&scans_id=110198&peptide_id=7663&scanf=16436&charge=2&value=K.HILANFK.N,TPT1,2.807e+7,3.378,0.001,2.967,0.000
16439,2,"  1.665","  0.142",9/20,/core/www/modules//sdig/index.php?run_id=110202&search_id=114132&scans_id=110198&peptide_id=7666&scanf=16439&charge=2&value=9/20,sp|Q15149|PLEC_HUMAN,/core/www/modules//consensus/?run_id=110202&search_id=114132&scans_id=110198&peptide_id=7666&scanf=16439&charge=2&value=sp|Q15149|PLEC_HUMAN,5,/core/www/modules/match_peptides/blast_html4.php?run_id=110202&search_id=114132&scans_id=110198&peptide_id=7666&scanf=16439&charge=2&value=5,K.AQLEPVASPAK.K,/core/www/modules/show_out/show_out_wrapper.php?run_id=110202&search_id=114132&scans_id=110198&peptide_id=7666&scanf=16439&charge=2&value=K.AQLEPVASPAK.K,PLEC,2.117e+7,2.317,0.039,1.410,0.001
16441,3,"  3.426","  0.552",23/92,/core/www/modules//sdig/index.php?run_id=110202&search_id=114132&scans_id=110198&peptide_id=7669&scanf=16441&charge=3&value=23/92,sp|P26196|DDX6_HUMAN,/core/www/modules//consensus/?run_id=110202&search_id=114132&scans_id=110198&peptide_id=7669&scanf=16441&charge=3&value=sp|P26196|DDX6_HUMAN,0,/core/www/modules/match_peptides/blast_html4.php?run_id=110202&search_id=114132&scans_id=110198&peptide_id=7669&scanf=16441&charge=3&value=0,R.GPVKPTGGPGGGGTQTQQQMNQLK.N,/core/www/modules/show_out/show_out_wrapper.php?run_id=110202&search_id=114132&scans_id=110198&peptide_id=7669&scanf=16441&charge=3&value=R.GPVKPTGGPGGGGTQTQQQMNQLK.N,DDX6,1.975e+7,2.963,0.004,2.353,0.000
16442,3,"  4.872","  0.643",20/48,/core/www/modules//sdig/index.php?run_id=110202&search_id=114132&scans_id=110198&peptide_id=7670&scanf=16442&charge=3&value=20/48,sp|Q9H7B2|RPF2_HUMAN,/core/www/modules//consensus/?run_id=110202&search_id=114132&scans_id=110198&peptide_id=7670&scanf=16442&charge=3&value=sp|Q9H7B2|RPF2_HUMAN,0,/core/www/modules/match_peptides/blast_html4.php?run_id=110202&search_id=114132&scans_id=110198&peptide_id=7670&scanf=16442&charge=3&value=0,K.NISHDTFGTTYGR.I,/core/www/modules/show_out/show_out_wrapper.php?run_id=110202&search_id=114132&scans_id=110198&peptide_id=7670&scanf=16442&charge=3&value=K.NISHDTFGTTYGR.I,RPF2,4.816e+7,3.948,0.000,3.813,0.000
16445,2,"  3.421","  0.659",13/24,/core/www/modules//sdig/index.php?run_id=110202&search_id=114132&scans_id=110198&peptide_id=7673&scanf=16445&charge=2&value=13/24,sp|P07814|SYEP_HUMAN,/core/www/modules//consensus/?run_id=110202&search_id=114132&scans_id=110198&peptide_id=7673&scanf=16445&charge=2&value=sp|P07814|SYEP_HUMAN,1,/core/www/modules/match_peptides/blast_html4.php?run_id=110202&search_id=114132&scans_id=110198&peptide_id=7673&scanf=16445&charge=2&value=1,R.NSEPAGLETPEAK.V,/core/www/modules/show_out/show_out_wrapper.php?run_id=110202&search_id=114132&scans_id=110198&peptide_id=7673&scanf=16445&charge=2&value=R.NSEPAGLETPEAK.V,EPRS1,2.012e+7,3.728,0.000,3.486,0.000
16448,2,"  2.117","  0.485",9/12,/core/www/modules//sdig/index.php?run_id=110202&search_id=114132&scans_id=110198&peptide_id=7675&scanf=16448&charge=2&value=9/12,sp|P08670|VIME_HUMAN,/core/www/modules//consensus/?run_id=110202&search_id=114132&scans_id=110198&peptide_id=7675&scanf=16448&charge=2&value=sp|P08670|VIME_HUMAN,2,/core/www/modules/match_peptides/blast_html4.php?run_id=110202&search_id=114132&scans_id=110198&peptide_id=7675&scanf=16448&charge=2&value=2,R.FANYIDK.V,/core/www/modules/show_out/show_out_wrapper.php?run_id=110202&search_id=114132&scans_id=110198&peptide_id=7675&scanf=16448&charge=2&value=R.FANYIDK.V,VIM,2.124e+9,3.938,0.000,3.798,0.000
16449,2,"  2.909","  0.671",16/26,/core/www/modules//sdig/index.php?run_id=110202&search_id=114132&scans_id=110198&peptide_id=7676&scanf=16449&charge=2&value=16/26,sp|Q01844|EWS_HUMAN,/core/www/modules//consensus/?run_id=110202&search_id=114132&scans_id=110198&peptide_id=7676&scanf=16449&charge=2&value=sp|Q01844|EWS_HUMAN,4,/core/www/modules/match_peptides/blast_html4.php?run_id=110202&search_id=114132&scans_id=110198&peptide_id=7676&scanf=16449&charge=2&value=4,K.GDATVSYEDPPTAK.A,/core/www/modules/show_out/show_out_wrapper.php?run_id=110202&search_id=114132&scans_id=110198&peptide_id=7676&scanf=16449&charge=2&value=K.GDATVSYEDPPTAK.A,EWSR1,2.396e+8,3.721,0.000,3.475,0.000
16450,2,"  3.115","  0.598",13/16,/core/www/modules//sdig/index.php?run_id=110202&search_id=114132&scans_id=110198&peptide_id=7677&scanf=16450&charge=2&value=13/16,sp|P55265|DSRAD_HUMAN,/core/www/modules//consensus/?run_id=110202&search_id=114132&scans_id=110198&peptide_id=7677&scanf=16450&charge=2&value=sp|P55265|DSRAD_HUMAN,4,/core/www/modules/match_peptides/blast_html4.php?run_id=110202&search_id=114132&scans_id=110198&peptide_id=7677&scanf=16450&charge=2&value=4,R.HYPVFENPK.Q,/core/www/modules/show_out/show_out_wrapper.php?run_id=110202&search_id=114132&scans_id=110198&peptide_id=7677&scanf=16450&charge=2&value=R.HYPVFENPK.Q,ADAR,3.042e+7,4.019,0.000,3.917,0.000
16451,3,"  4.551","  0.654",14/48,/core/www/modules//sdig/index.php?run_id=110202&search_id=114132&scans_id=110198&peptide_id=7678&scanf=16451&charge=3&value=14/48,sp|P60709|ACTB_HUMAN,/core/www/modules//consensus/?run_id=110202&search_id=114132&scans_id=110198&peptide_id=7678&scanf=16451&charge=3&value=sp|P60709|ACTB_HUMAN,10,/core/www/modules/match_peptides/blast_html4.php?run_id=110202&search_id=114132&scans_id=110198&peptide_id=7678&scanf=16451&charge=3&value=10,K.QEYDESGPSIVHR.K,/core/www/modules/show_out/show_out_wrapper.php?run_id=110202&search_id=114132&scans_id=110198&peptide_id=7678&scanf=16451&charge=3&value=K.QEYDESGPSIVHR.K,ACTB,2.776e+9,4.325,0.000,4.372,0.000
16452,4,"  4.017","  0.568",17/102,/core/www/modules//sdig/index.php?run_id=110202&search_id=114132&scans_id=110198&peptide_id=7679&scanf=16452&charge=4&value=17/102,sp|Q16643|DREB_HUMAN,/core/www/modules//consensus/?run_id=110202&search_id=114132&scans_id=110198&peptide_id=7679&scanf=16452&charge=4&value=sp|Q16643|DREB_HUMAN,1,/core/www/modules/match_peptides/blast_html4.php?run_id=110202&search_id=114132&scans_id=110198&peptide_id=7679&scanf=16452&charge=4&value=1,K.EQSIFGDHRDEEEETHMK.K,/core/www/modules/show_out/show_out_wrapper.php?run_id=110202&search_id=114132&scans_id=110198&peptide_id=7679&scanf=16452&charge=4&value=K.EQSIFGDHRDEEEETHMK.K,DBN1,8.646e+7,3.407,0.001,3.010,0.000
16454,3,"  1.634","  0.272",13/36,/core/www/modules//sdig/index.php?run_id=110202&search_id=114132&scans_id=110198&peptide_id=7681&scanf=16454&charge=3&value=13/36,sp|Q14204|DYHC1_HUMAN,/core/www/modules//consensus/?run_id=110202&search_id=114132&scans_id=110198&peptide_id=7681&scanf=16454&charge=3&value=sp|Q14204|DYHC1_HUMAN,25,/core/www/modules/match_peptides/blast_html4.php?run_id=110202&search_id=114132&scans_id=110198&peptide_id=7681&scanf=16454&charge=3&value=25,K.VPQIEVETHK.V,/core/www/modules/show_out/show_out_wrapper.php?run_id=110202&search_id=114132&scans_id=110198&peptide_id=7681&scanf=16454&charge=3&value=K.VPQIEVETHK.V,DYNC1H1,1.946e+7,2.851,0.006,2.188,0.000
16455,2,"  1.983","  0.416",8/16,/core/www/modules//sdig/index.php?run_id=110202&search_id=114132&scans_id=110198&peptide_id=7682&scanf=16455&charge=2&value=8/16,sp|Q9UIG0|BAZ1B_HUMAN,/core/www/modules//consensus/?run_id=110202&search_id=114132&scans_id=110198&peptide_id=7682&scanf=16455&charge=2&value=sp|Q9UIG0|BAZ1B_HUMAN,0,/core/www/modules/match_peptides/blast_html4.php?run_id=110202&search_id=114132&scans_id=110198&peptide_id=7682&scanf=16455&charge=2&value=0,K.WDMSAENAR.C,/core/www/modules/show_out/show_out_wrapper.php?run_id=110202&search_id=114132&scans_id=110198&peptide_id=7682&scanf=16455&charge=2&value=K.WDMSAENAR.C,BAZ1B,1.998e+7,2.944,0.005,2.326,0.000
16456,2,"  1.650","  0.387",7/12,/core/www/modules//sdig/index.php?run_id=110202&search_id=114132&scans_id=110198&peptide_id=7683&scanf=16456&charge=2&value=7/12,sp|P21127|CD11B_HUMAN,/core/www/modules//consensus/?run_id=110202&search_id=114132&scans_id=110198&peptide_id=7683&scanf=16456&charge=2&value=sp|P21127|CD11B_HUMAN,6,/core/www/modules/match_peptides/blast_html4.php?run_id=110202&search_id=114132&scans_id=110198&peptide_id=7683&scanf=16456&charge=2&value=6,K.SLMETMK.Q,/core/www/modules/show_out/show_out_wrapper.php?run_id=110202&search_id=114132&scans_id=110198&peptide_id=7683&scanf=16456&charge=2&value=K.SLMETMK.Q,CDK11B,2.076e+7,2.897,0.006,2.256,0.000
16459,2,"  1.381","  0.188",7/14,/core/www/modules//sdig/index.php?run_id=110202&search_id=114132&scans_id=110198&peptide_id=7686&scanf=16459&charge=2&value=7/14,sp|Q9UIG0|BAZ1B_HUMAN,/core/www/modules//consensus/?run_id=110202&search_id=114132&scans_id=110198&peptide_id=7686&scanf=16459&charge=2&value=sp|Q9UIG0|BAZ1B_HUMAN,0,/core/www/modules/match_peptides/blast_html4.php?run_id=110202&search_id=114132&scans_id=110198&peptide_id=7686&scanf=16459&charge=2&value=0,R.RLLAIQAK.K,/core/www/modules/show_out/show_out_wrapper.php?run_id=110202&search_id=114132&scans_id=110198&peptide_id=7686&scanf=16459&charge=2&value=R.RLLAIQAK.K,BAZ1B,1.288e+7,1.914,0.138,0.861,0.007
16465,2,"  2.330","  0.387",13/22,/core/www/modules//sdig/index.php?run_id=110202&search_id=114132&scans_id=110198&peptide_id=7693&scanf=16465&charge=2&value=13/22,sp|Q03252|LMNB2_HUMAN,/core/www/modules//consensus/?run_id=110202&search_id=114132&scans_id=110198&peptide_id=7693&scanf=16465&charge=2&value=sp|Q03252|LMNB2_HUMAN,0,/core/www/modules/match_peptides/blast_html4.php?run_id=110202&search_id=114132&scans_id=110198&peptide_id=7693&scanf=16465&charge=2&value=0,R.AGGPATPLSPTR.L,/core/www/modules/show_out/show_out_wrapper.php?run_id=110202&search_id=114132&scans_id=110198&peptide_id=7693&scanf=16465&charge=2&value=R.AGGPATPLSPTR.L,LMNB2,1.825e+7,2.829,0.007,2.156,0.000
16466,3,"  3.274","  0.553",15/76,/core/www/modules//sdig/index.php?run_id=110202&search_id=114132&scans_id=110198&peptide_id=7694&scanf=16466&charge=3&value=15/76,sp|Q13263|TIF1B_HUMAN,/core/www/modules//consensus/?run_id=110202&search_id=114132&scans_id=110198&peptide_id=7694&scanf=16466&charge=3&value=sp|Q13263|TIF1B_HUMAN,1,/core/www/modules/match_peptides/blast_html4.php?run_id=110202&search_id=114132&scans_id=110198&peptide_id=7694&scanf=16466&charge=3&value=1,K.IVAERPGTNSTGPAPM*APPR.A,/core/www/modules/show_out/show_out_wrapper.php?run_id=110202&search_id=114132&scans_id=110198&peptide_id=7694&scanf=16466&charge=3&value=K.IVAERPGTNSTGPAPM*APPR.A,TRIM28,5.524e+6,3.071,0.003,2.513,0.000
16470,2,"  1.430","  0.482",8/14,/core/www/modules//sdig/index.php?run_id=110202&search_id=114132&scans_id=110198&peptide_id=7698&scanf=16470&charge=2&value=8/14,sp|P11387|TOP1_HUMAN,/core/www/modules//consensus/?run_id=110202&search_id=114132&scans_id=110198&peptide_id=7698&scanf=16470&charge=2&value=sp|P11387|TOP1_HUMAN,1,/core/www/modules/match_peptides/blast_html4.php?run_id=110202&search_id=114132&scans_id=110198&peptide_id=7698&scanf=16470&charge=2&value=1,K.SMMNLQTK.I,/core/www/modules/show_out/show_out_wrapper.php?run_id=110202&search_id=114132&scans_id=110198&peptide_id=7698&scanf=16470&charge=2&value=K.SMMNLQTK.I,TOP1,1.292e+8,3.273,0.002,2.812,0.000
16473,2,"  1.867","  0.430",10/14,/core/www/modules//sdig/index.php?run_id=110202&search_id=114132&scans_id=110198&peptide_id=7701&scanf=16473&charge=2&value=10/14,sp|O75643|U520_HUMAN,/core/www/modules//consensus/?run_id=110202&search_id=114132&scans_id=110198&peptide_id=7701&scanf=16473&charge=2&value=sp|O75643|U520_HUMAN,1,/core/www/modules/match_peptides/blast_html4.php?run_id=110202&search_id=114132&scans_id=110198&peptide_id=7701&scanf=16473&charge=2&value=1,K.GDPLLDQR.R,/core/www/modules/show_out/show_out_wrapper.php?run_id=110202&search_id=114132&scans_id=110198&peptide_id=7701&scanf=16473&charge=2&value=K.GDPLLDQR.R,SNRNP200,5.389e+7,3.472,0.001,3.106,0.000
16474,2,"  2.161","  0.236",9/14,/core/www/modules//sdig/index.php?run_id=110202&search_id=114132&scans_id=110198&peptide_id=7702&scanf=16474&charge=2&value=9/14,sp|Q9NTI5|PDS5B_HUMAN,/core/www/modules//consensus/?run_id=110202&search_id=114132&scans_id=110198&peptide_id=7702&scanf=16474&charge=2&value=sp|Q9NTI5|PDS5B_HUMAN,0,/core/www/modules/match_peptides/blast_html4.php?run_id=110202&search_id=114132&scans_id=110198&peptide_id=7702&scanf=16474&charge=2&value=0,K.VQDIEQLK.D,/core/www/modules/show_out/show_out_wrapper.php?run_id=110202&search_id=114132&scans_id=110198&peptide_id=7702&scanf=16474&charge=2&value=K.VQDIEQLK.D,PDS5B,2.433e+7,2.592,0.016,1.808,0.000
16475,3,"  2.988","  0.583",16/32,/core/www/modules//sdig/index.php?run_id=110202&search_id=114132&scans_id=110198&peptide_id=7703&scanf=16475&charge=3&value=16/32,sp|P33991|MCM4_HUMAN,/core/www/modules//consensus/?run_id=110202&search_id=114132&scans_id=110198&peptide_id=7703&scanf=16475&charge=3&value=sp|P33991|MCM4_HUMAN,5,/core/www/modules/match_peptides/blast_html4.php?run_id=110202&search_id=114132&scans_id=110198&peptide_id=7703&scanf=16475&charge=3&value=5,K.THIDVIHYR.K,/core/www/modules/show_out/show_out_wrapper.php?run_id=110202&search_id=114132&scans_id=110198&peptide_id=7703&scanf=16475&charge=3&value=K.THIDVIHYR.K,MCM4,3.055e+7,3.904,0.000,3.747,0.000
16477,3,"  2.568","  0.526",13/40,/core/www/modules//sdig/index.php?run_id=110202&search_id=114132&scans_id=110198&peptide_id=7705&scanf=16477&charge=3&value=13/40,sp|P15259|PGAM2_HUMAN,/core/www/modules//consensus/?run_id=110202&search_id=114132&scans_id=110198&peptide_id=7705&scanf=16477&charge=3&value=sp|P15259|PGAM2_HUMAN,1,/core/www/modules/match_peptides/blast_html4.php?run_id=110202&search_id=114132&scans_id=110198&peptide_id=7705&scanf=16477&charge=3&value=1,R.VLIAAHGNSLR.G,/core/www/modules/show_out/show_out_wrapper.php?run_id=110202&search_id=114132&scans_id=110198&peptide_id=7705&scanf=16477&charge=3&value=R.VLIAAHGNSLR.G,PGAM2,3.149e+7,3.329,0.001,2.894,0.000
16488,2,"  1.784","  0.355",8/18,/core/www/modules//sdig/index.php?run_id=110202&search_id=114132&scans_id=110198&peptide_id=7717&scanf=16488&charge=2&value=8/18,sp|P13667|PDIA4_HUMAN,/core/www/modules//consensus/?run_id=110202&search_id=114132&scans_id=110198&peptide_id=7717&scanf=16488&charge=2&value=sp|P13667|PDIA4_HUMAN,2,/core/www/modules/match_peptides/blast_html4.php?run_id=110202&search_id=114132&scans_id=110198&peptide_id=7717&scanf=16488&charge=2&value=2,K.DKDPPIPVAK.I,/core/www/modules/show_out/show_out_wrapper.php?run_id=110202&search_id=114132&scans_id=110198&peptide_id=7717&scanf=16488&charge=2&value=K.DKDPPIPVAK.I,PDIA4,1.250e+7,2.331,0.037,1.430,0.001
16491,3,"  2.845","  0.369",17/36,/core/www/modules//sdig/index.php?run_id=110202&search_id=114132&scans_id=110198&peptide_id=7720&scanf=16491&charge=3&value=17/36,sp|P06733|ENOA_HUMAN,/core/www/modules//consensus/?run_id=110202&search_id=114132&scans_id=110198&peptide_id=7720&scanf=16491&charge=3&value=sp|P06733|ENOA_HUMAN,2,/core/www/modules/match_peptides/blast_html4.php?run_id=110202&search_id=114132&scans_id=110198&peptide_id=7720&scanf=16491&charge=3&value=2,R.IGAEVYHNLK.N,/core/www/modules/show_out/show_out_wrapper.php?run_id=110202&search_id=114132&scans_id=110198&peptide_id=7720&scanf=16491&charge=3&value=R.IGAEVYHNLK.N,ENO1,8.789e+7,3.132,0.002,2.604,0.000
16493,3,"  3.494","  0.605",19/36,/core/www/modules//sdig/index.php?run_id=110202&search_id=114132&scans_id=110198&peptide_id=7722&scanf=16493&charge=3&value=19/36,sp|P14866|HNRPL_HUMAN,/core/www/modules//consensus/?run_id=110202&search_id=114132&scans_id=110198&peptide_id=7722&scanf=16493&charge=3&value=sp|P14866|HNRPL_HUMAN,4,/core/www/modules/match_peptides/blast_html4.php?run_id=110202&search_id=114132&scans_id=110198&peptide_id=7722&scanf=16493&charge=3&value=4,K.TPASPVVHIR.G,/core/www/modules/show_out/show_out_wrapper.php?run_id=110202&search_id=114132&scans_id=110198&peptide_id=7722&scanf=16493&charge=3&value=K.TPASPVVHIR.G,HNRNPL,5.519e+8,4.154,0.000,4.117,0.000
16496,2,"  1.659","  0.335",7/14,/core/www/modules//sdig/index.php?run_id=110202&search_id=114132&scans_id=110198&peptide_id=7725&scanf=16496&charge=2&value=7/14,sp|O00159|MYO1C_HUMAN,/core/www/modules//consensus/?run_id=110202&search_id=114132&scans_id=110198&peptide_id=7725&scanf=16496&charge=2&value=sp|O00159|MYO1C_HUMAN,1,/core/www/modules/match_peptides/blast_html4.php?run_id=110202&search_id=114132&scans_id=110198&peptide_id=7725&scanf=16496&charge=2&value=1,R.KYEAFLQR.Y,/core/www/modules/show_out/show_out_wrapper.php?run_id=110202&search_id=114132&scans_id=110198&peptide_id=7725&scanf=16496&charge=2&value=R.KYEAFLQR.Y,MYO1C,1.854e+7,2.387,0.031,1.511,0.001
16501,4,"  2.667","  0.458",16/72,/core/www/modules//sdig/index.php?run_id=110202&search_id=114132&scans_id=110198&peptide_id=7731&scanf=16501&charge=4&value=16/72,sp|P25205|MCM3_HUMAN,/core/www/modules//consensus/?run_id=110202&search_id=114132&scans_id=110198&peptide_id=7731&scanf=16501&charge=4&value=sp|P25205|MCM3_HUMAN,2,/core/www/modules/match_peptides/blast_html4.php?run_id=110202&search_id=114132&scans_id=110198&peptide_id=7731&scanf=16501&charge=4&value=2,K.SLAPSIHGHDYVK.K,/core/www/modules/show_out/show_out_wrapper.php?run_id=110202&search_id=114132&scans_id=110198&peptide_id=7731&scanf=16501&charge=4&value=K.SLAPSIHGHDYVK.K,MCM3,2.032e+7,3.440,0.001,3.059,0.000
16502,2,"  3.446","  0.634",18/24,/core/www/modules//sdig/index.php?run_id=110202&search_id=114132&scans_id=110198&peptide_id=7732&scanf=16502&charge=2&value=18/24,sp|Q9H307|PININ_HUMAN,/core/www/modules//consensus/?run_id=110202&search_id=114132&scans_id=110198&peptide_id=7732&scanf=16502&charge=2&value=sp|Q9H307|PININ_HUMAN,0,/core/www/modules/match_peptides/blast_html4.php?run_id=110202&search_id=114132&scans_id=110198&peptide_id=7732&scanf=16502&charge=2&value=0,K.HVIADQEVMETNR.V,/core/www/modules/show_out/show_out_wrapper.php?run_id=110202&search_id=114132&scans_id=110198&peptide_id=7732&scanf=16502&charge=2&value=K.HVIADQEVMETNR.V,PNN,1.376e+7,3.836,0.000,3.646,0.000
16503,2,"  1.552","  0.292",7/12,/core/www/modules//sdig/index.php?run_id=110202&search_id=114132&scans_id=110198&peptide_id=7733&scanf=16503&charge=2&value=7/12,sp|P38919|IF4A3_HUMAN,/core/www/modules//consensus/?run_id=110202&search_id=114132&scans_id=110198&peptide_id=7733&scanf=16503&charge=2&value=sp|P38919|IF4A3_HUMAN,1,/core/www/modules/match_peptides/blast_html4.php?run_id=110202&search_id=114132&scans_id=110198&peptide_id=7733&scanf=16503&charge=2&value=1,K.FM*TDPIR.I,/core/www/modules/show_out/show_out_wrapper.php?run_id=110202&search_id=114132&scans_id=110198&peptide_id=7733&scanf=16503&charge=2&value=K.FM*TDPIR.I,EIF4A3,1.354e+7,2.608,0.015,1.832,0.000
16511,2,"  1.977","  0.416",8/12,/core/www/modules//sdig/index.php?run_id=110202&search_id=114132&scans_id=110198&peptide_id=7741&scanf=16511&charge=2&value=8/12,sp|P23246|SFPQ_HUMAN,/core/www/modules//consensus/?run_id=110202&search_id=114132&scans_id=110198&peptide_id=7741&scanf=16511&charge=2&value=sp|P23246|SFPQ_HUMAN,2,/core/www/modules/match_peptides/blast_html4.php?run_id=110202&search_id=114132&scans_id=110198&peptide_id=7741&scanf=16511&charge=2&value=2,R.EEEMMIR.Q,/core/www/modules/show_out/show_out_wrapper.php?run_id=110202&search_id=114132&scans_id=110198&peptide_id=7741&scanf=16511&charge=2&value=R.EEEMMIR.Q,SFPQ,3.709e+7,3.184,0.002,2.680,0.000
16512,2,"  2.020","  0.234",10/14,/core/www/modules//sdig/index.php?run_id=110202&search_id=114132&scans_id=110198&peptide_id=7742&scanf=16512&charge=2&value=10/14,sp|Q9H0A0|NAT10_HUMAN,/core/www/modules//consensus/?run_id=110202&search_id=114132&scans_id=110198&peptide_id=7742&scanf=16512&charge=2&value=sp|Q9H0A0|NAT10_HUMAN,0,/core/www/modules/match_peptides/blast_html4.php?run_id=110202&search_id=114132&scans_id=110198&peptide_id=7742&scanf=16512&charge=2&value=0,K.LFNEVQEK.A,/core/www/modules/show_out/show_out_wrapper.php?run_id=110202&search_id=114132&scans_id=110198&peptide_id=7742&scanf=16512&charge=2&value=K.LFNEVQEK.A,NAT10,4.901e+7,2.731,0.010,2.012,0.000
16515,2,"  1.706","  0.280",9/14,/core/www/modules//sdig/index.php?run_id=110202&search_id=114132&scans_id=110198&peptide_id=7745&scanf=16515&charge=2&value=9/14,sp|P62491|RB11A_HUMAN,/core/www/modules//consensus/?run_id=110202&search_id=114132&scans_id=110198&peptide_id=7745&scanf=16515&charge=2&value=sp|P62491|RB11A_HUMAN,3,/core/www/modules/match_peptides/blast_html4.php?run_id=110202&search_id=114132&scans_id=110198&peptide_id=7745&scanf=16515&charge=2&value=3,R.NEFNLESK.S,/core/www/modules/show_out/show_out_wrapper.php?run_id=110202&search_id=114132&scans_id=110198&peptide_id=7745&scanf=16515&charge=2&value=R.NEFNLESK.S,RAB11A,2.381e+7,2.610,0.015,1.834,0.000
16517,2,"  2.186","  0.314",9/18,/core/www/modules//sdig/index.php?run_id=110202&search_id=114132&scans_id=110198&peptide_id=7747&scanf=16517&charge=2&value=9/18,sp|P33992|MCM5_HUMAN,/core/www/modules//consensus/?run_id=110202&search_id=114132&scans_id=110198&peptide_id=7747&scanf=16517&charge=2&value=sp|P33992|MCM5_HUMAN,1,/core/www/modules/match_peptides/blast_html4.php?run_id=110202&search_id=114132&scans_id=110198&peptide_id=7747&scanf=16517&charge=2&value=1,K.AGITTTLNSR.C,/core/www/modules/show_out/show_out_wrapper.php?run_id=110202&search_id=114132&scans_id=110198&peptide_id=7747&scanf=16517&charge=2&value=K.AGITTTLNSR.C,MCM5,6.454e+7,2.501,0.021,1.675,0.001
16518,3,"  2.542","  0.429",10/32,/core/www/modules//sdig/index.php?run_id=110202&search_id=114132&scans_id=110198&peptide_id=7748&scanf=16518&charge=3&value=10/32,sp|Q92922|SMRC1_HUMAN,/core/www/modules//consensus/?run_id=110202&search_id=114132&scans_id=110198&peptide_id=7748&scanf=16518&charge=3&value=sp|Q92922|SMRC1_HUMAN,0,/core/www/modules/match_peptides/blast_html4.php?run_id=110202&search_id=114132&scans_id=110198&peptide_id=7748&scanf=16518&charge=3&value=0,R.QNFHMEQLK.Y,/core/www/modules/show_out/show_out_wrapper.php?run_id=110202&search_id=114132&scans_id=110198&peptide_id=7748&scanf=16518&charge=3&value=R.QNFHMEQLK.Y,SMARCC1,4.996e+7,3.137,0.002,2.611,0.000
16519,2,"  1.677","  0.271",8/12,/core/www/modules//sdig/index.php?run_id=110202&search_id=114132&scans_id=110198&peptide_id=7749&scanf=16519&charge=2&value=8/12,sp|Q15149|PLEC_HUMAN,/core/www/modules//consensus/?run_id=110202&search_id=114132&scans_id=110198&peptide_id=7749&scanf=16519&charge=2&value=sp|Q15149|PLEC_HUMAN,5,/core/www/modules/match_peptides/blast_html4.php?run_id=110202&search_id=114132&scans_id=110198&peptide_id=7749&scanf=16519&charge=2&value=5,R.VAQLLER.W,/core/www/modules/show_out/show_out_wrapper.php?run_id=110202&search_id=114132&scans_id=110198&peptide_id=7749&scanf=16519&charge=2&value=R.VAQLLER.W,PLEC,2.256e+7,3.104,0.003,2.561,0.000
16520,2,"  1.939","  0.162",13/18,/core/www/modules//sdig/index.php?run_id=110202&search_id=114132&scans_id=110198&peptide_id=7751&scanf=16520&charge=2&value=13/18,sp|P30101|PDIA3_HUMAN,/core/www/modules//consensus/?run_id=110202&search_id=114132&scans_id=110198&peptide_id=7751&scanf=16520&charge=2&value=sp|P30101|PDIA3_HUMAN,13,/core/www/modules/match_peptides/blast_html4.php?run_id=110202&search_id=114132&scans_id=110198&peptide_id=7751&scanf=16520&charge=2&value=13,R.TADGIVSHLK.K,/core/www/modules/show_out/show_out_wrapper.php?run_id=110202&search_id=114132&scans_id=110198&peptide_id=7751&scanf=16520&charge=2&value=R.TADGIVSHLK.K,PDIA3,6.129e+7,1.980,0.113,0.946,0.005
16521,3,"  3.014","  0.583",13/44,/core/www/modules//sdig/index.php?run_id=110202&search_id=114132&scans_id=110198&peptide_id=7752&scanf=16521&charge=3&value=13/44,sp|Q6P2Q9|PRP8_HUMAN,/core/www/modules//consensus/?run_id=110202&search_id=114132&scans_id=110198&peptide_id=7752&scanf=16521&charge=3&value=sp|Q6P2Q9|PRP8_HUMAN,0,/core/www/modules/match_peptides/blast_html4.php?run_id=110202&search_id=114132&scans_id=110198&peptide_id=7752&scanf=16521&charge=3&value=0,R.TNHIYVSSDDIK.E,/core/www/modules/show_out/show_out_wrapper.php?run_id=110202&search_id=114132&scans_id=110198&peptide_id=7752&scanf=16521&charge=3&value=R.TNHIYVSSDDIK.E,PRPF8,2.248e+7,3.812,0.000,3.610,0.000
16522,2,"  3.403","  0.649",18/18,/core/www/modules//sdig/index.php?run_id=110202&search_id=114132&scans_id=110198&peptide_id=7753&scanf=16522&charge=2&value=18/18,sp|P07900|HS90A_HUMAN,/core/www/modules//consensus/?run_id=110202&search_id=114132&scans_id=110198&peptide_id=7753&scanf=16522&charge=2&value=sp|P07900|HS90A_HUMAN,1,/core/www/modules/match_peptides/blast_html4.php?run_id=110202&search_id=114132&scans_id=110198&peptide_id=7753&scanf=16522&charge=2&value=1,K.HIYYITGETK.D,/core/www/modules/show_out/show_out_wrapper.php?run_id=110202&search_id=114132&scans_id=110198&peptide_id=7753&scanf=16522&charge=2&value=K.HIYYITGETK.D,HSP90AA1,1.754e+8,4.624,0.000,4.815,0.000
16525,2,"  2.063","  0.369",9/16,/core/www/modules//sdig/index.php?run_id=110202&search_id=114132&scans_id=110198&peptide_id=7756&scanf=16525&charge=2&value=9/16,sp|P52272|HNRPM_HUMAN,/core/www/modules//consensus/?run_id=110202&search_id=114132&scans_id=110198&peptide_id=7756&scanf=16525&charge=2&value=sp|P52272|HNRPM_HUMAN,1,/core/www/modules/match_peptides/blast_html4.php?run_id=110202&search_id=114132&scans_id=110198&peptide_id=7756&scanf=16525&charge=2&value=1,K.FESPEVAER.A,/core/www/modules/show_out/show_out_wrapper.php?run_id=110202&search_id=114132&scans_id=110198&peptide_id=7756&scanf=16525&charge=2&value=K.FESPEVAER.A,HNRNPM,1.689e+8,2.851,0.006,2.189,0.000
16526,3,"  2.834","  0.419",13/36,/core/www/modules//sdig/index.php?run_id=110202&search_id=114132&scans_id=110198&peptide_id=7757&scanf=16526&charge=3&value=13/36,sp|Q13330|MTA1_HUMAN,/core/www/modules//consensus/?run_id=110202&search_id=114132&scans_id=110198&peptide_id=7757&scanf=16526&charge=3&value=sp|Q13330|MTA1_HUMAN,6,/core/www/modules/match_peptides/blast_html4.php?run_id=110202&search_id=114132&scans_id=110198&peptide_id=7757&scanf=16526&charge=3&value=6,K.TLLADKGEIR.V,/core/www/modules/show_out/show_out_wrapper.php?run_id=110202&search_id=114132&scans_id=110198&peptide_id=7757&scanf=16526&charge=3&value=K.TLLADKGEIR.V,MTA1,1.931e+7,2.877,0.006,2.227,0.000
16528,4,"  2.924","  0.536",20/78,/core/www/modules//sdig/index.php?run_id=110202&search_id=114132&scans_id=110198&peptide_id=7759&scanf=16528&charge=4&value=20/78,sp|Q9NWH9|SLTM_HUMAN,/core/www/modules//consensus/?run_id=110202&search_id=114132&scans_id=110198&peptide_id=7759&scanf=16528&charge=4&value=sp|Q9NWH9|SLTM_HUMAN,1,/core/www/modules/match_peptides/blast_html4.php?run_id=110202&search_id=114132&scans_id=110198&peptide_id=7759&scanf=16528&charge=4&value=1,R.TVIIHDRPDITHPR.H,/core/www/modules/show_out/show_out_wrapper.php?run_id=110202&search_id=114132&scans_id=110198&peptide_id=7759&scanf=16528&charge=4&value=R.TVIIHDRPDITHPR.H,SLTM,6.526e+7,3.686,0.000,3.424,0.000
16530,3,"  2.778","  0.505",14/32,/core/www/modules//sdig/index.php?run_id=110202&search_id=114132&scans_id=110198&peptide_id=7762&scanf=16530&charge=3&value=14/32,sp|Q8NI27|THOC2_HUMAN,/core/www/modules//consensus/?run_id=110202&search_id=114132&scans_id=110198&peptide_id=7762&scanf=16530&charge=3&value=sp|Q8NI27|THOC2_HUMAN,2,/core/www/modules/match_peptides/blast_html4.php?run_id=110202&search_id=114132&scans_id=110198&peptide_id=7762&scanf=16530&charge=3&value=2,R.FVELVHQQK.T,/core/www/modules/show_out/show_out_wrapper.php?run_id=110202&search_id=114132&scans_id=110198&peptide_id=7762&scanf=16530&charge=3&value=R.FVELVHQQK.T,THOC2,3.390e+7,3.567,0.001,3.248,0.000
16533,2,"  2.522","  0.408",11/16,/core/www/modules//sdig/index.php?run_id=110202&search_id=114132&scans_id=110198&peptide_id=7764&scanf=16533&charge=2&value=11/16,sp|Q5SSJ5|HP1B3_HUMAN,/core/www/modules//consensus/?run_id=110202&search_id=114132&scans_id=110198&peptide_id=7764&scanf=16533&charge=2&value=sp|Q5SSJ5|HP1B3_HUMAN,1,/core/www/modules/match_peptides/blast_html4.php?run_id=110202&search_id=114132&scans_id=110198&peptide_id=7764&scanf=16533&charge=2&value=1,K.GASGTFQLK.K,/core/www/modules/show_out/show_out_wrapper.php?run_id=110202&search_id=114132&scans_id=110198&peptide_id=7764&scanf=16533&charge=2&value=K.GASGTFQLK.K,HP1BP3,9.705e+7,3.142,0.002,2.619,0.000
16535,2,"  2.855","  0.380",10/22,/core/www/modules//sdig/index.php?run_id=110202&search_id=114132&scans_id=110198&peptide_id=7766&scanf=16535&charge=2&value=10/22,sp|P20700|LMNB1_HUMAN,/core/www/modules//consensus/?run_id=110202&search_id=114132&scans_id=110198&peptide_id=7766&scanf=16535&charge=2&value=sp|P20700|LMNB1_HUMAN,3,/core/www/modules/match_peptides/blast_html4.php?run_id=110202&search_id=114132&scans_id=110198&peptide_id=7766&scanf=16535&charge=2&value=3,R.AGGPTTPLSPTR.L,/core/www/modules/show_out/show_out_wrapper.php?run_id=110202&search_id=114132&scans_id=110198&peptide_id=7766&scanf=16535&charge=2&value=R.AGGPTTPLSPTR.L,LMNB1,4.519e+7,2.671,0.012,1.923,0.000
16539,2,"  1.831","  0.357",7/12,/core/www/modules//sdig/index.php?run_id=110202&search_id=114132&scans_id=110198&peptide_id=7770&scanf=16539&charge=2&value=7/12,sp|A6NMY6|AXA2L_HUMAN,/core/www/modules//consensus/?run_id=110202&search_id=114132&scans_id=110198&peptide_id=7770&scanf=16539&charge=2&value=sp|A6NMY6|AXA2L_HUMAN,3,/core/www/modules/match_peptides/blast_html4.php?run_id=110202&search_id=114132&scans_id=110198&peptide_id=7770&scanf=16539&charge=2&value=3,R.SEVDMLK.I,/core/www/modules/show_out/show_out_wrapper.php?run_id=110202&search_id=114132&scans_id=110198&peptide_id=7770&scanf=16539&charge=2&value=R.SEVDMLK.I,ANXA2P2,5.285e+7,2.856,0.006,2.196,0.000
16541,2,"  2.715","  0.458",13/22,/core/www/modules//sdig/index.php?run_id=110202&search_id=114132&scans_id=110198&peptide_id=7773&scanf=16541&charge=2&value=13/22,sp|Q15149|PLEC_HUMAN,/core/www/modules//consensus/?run_id=110202&search_id=114132&scans_id=110198&peptide_id=7773&scanf=16541&charge=2&value=sp|Q15149|PLEC_HUMAN,5,/core/www/modules/match_peptides/blast_html4.php?run_id=110202&search_id=114132&scans_id=110198&peptide_id=7773&scanf=16541&charge=2&value=5,K.GGELVYTDSEAR.D,/core/www/modules/show_out/show_out_wrapper.php?run_id=110202&search_id=114132&scans_id=110198&peptide_id=7773&scanf=16541&charge=2&value=K.GGELVYTDSEAR.D,PLEC,1.215e+7,3.526,0.001,3.186,0.000
16544,2,"  2.383","  0.547",10/16,/core/www/modules//sdig/index.php?run_id=110202&search_id=114132&scans_id=110198&peptide_id=7776&scanf=16544&charge=2&value=10/16,sp|Q9UKF6|CPSF3_HUMAN,/core/www/modules//consensus/?run_id=110202&search_id=114132&scans_id=110198&peptide_id=7776&scanf=16544&charge=2&value=sp|Q9UKF6|CPSF3_HUMAN,1,/core/www/modules/match_peptides/blast_html4.php?run_id=110202&search_id=114132&scans_id=110198&peptide_id=7776&scanf=16544&charge=2&value=1,K.TANLNLETR.T,/core/www/modules/show_out/show_out_wrapper.php?run_id=110202&search_id=114132&scans_id=110198&peptide_id=7776&scanf=16544&charge=2&value=K.TANLNLETR.T,CPSF3,2.534e+7,3.436,0.001,3.054,0.000
16545,2,"  2.476","  0.320",10/14,/core/www/modules//sdig/index.php?run_id=110202&search_id=114132&scans_id=110198&peptide_id=7777&scanf=16545&charge=2&value=10/14,sp|Q9Y3T9|NOC2L_HUMAN,/core/www/modules//consensus/?run_id=110202&search_id=114132&scans_id=110198&peptide_id=7777&scanf=16545&charge=2&value=sp|Q9Y3T9|NOC2L_HUMAN,0,/core/www/modules/match_peptides/blast_html4.php?run_id=110202&search_id=114132&scans_id=110198&peptide_id=7777&scanf=16545&charge=2&value=0,R.QVQQLLGK.V,/core/www/modules/show_out/show_out_wrapper.php?run_id=110202&search_id=114132&scans_id=110198&peptide_id=7777&scanf=16545&charge=2&value=R.QVQQLLGK.V,NOC2L,5.445e+7,2.912,0.005,2.278,0.000
16549,2,"  2.187","  0.268",9/18,/core/www/modules//sdig/index.php?run_id=110202&search_id=114132&scans_id=110198&peptide_id=7781&scanf=16549&charge=2&value=9/18,sp|P56539|CAV3_HUMAN,/core/www/modules//consensus/?run_id=110202&search_id=114132&scans_id=110198&peptide_id=7781&scanf=16549&charge=2&value=sp|P56539|CAV3_HUMAN,3,/core/www/modules/match_peptides/blast_html4.php?run_id=110202&search_id=114132&scans_id=110198&peptide_id=7781&scanf=16549&charge=2&value=3,K.EIDLVNRDPK.N,/core/www/modules/show_out/show_out_wrapper.php?run_id=110202&search_id=114132&scans_id=110198&peptide_id=7781&scanf=16549&charge=2&value=K.EIDLVNRDPK.N,CAV3,8.192e+6,1.994,0.108,0.965,0.005
16554,2,"  3.069","  0.514",12/16,/core/www/modules//sdig/index.php?run_id=110202&search_id=114132&scans_id=110198&peptide_id=7786&scanf=16554&charge=2&value=12/16,sp|Q29RF7|PDS5A_HUMAN,/core/www/modules//consensus/?run_id=110202&search_id=114132&scans_id=110198&peptide_id=7786&scanf=16554&charge=2&value=sp|Q29RF7|PDS5A_HUMAN,0,/core/www/modules/match_peptides/blast_html4.php?run_id=110202&search_id=114132&scans_id=110198&peptide_id=7786&scanf=16554&charge=2&value=0,R.LAAGSAIMK.L,/core/www/modules/show_out/show_out_wrapper.php?run_id=110202&search_id=114132&scans_id=110198&peptide_id=7786&scanf=16554&charge=2&value=R.LAAGSAIMK.L,PDS5A,5.773e+7,3.688,0.000,3.427,0.000
16555,2,"  1.609","  0.098",8/12,/core/www/modules//sdig/index.php?run_id=110202&search_id=114132&scans_id=110198&peptide_id=7787&scanf=16555&charge=2&value=8/12,sp|Q5VTL8|PR38B_HUMAN,/core/www/modules//consensus/?run_id=110202&search_id=114132&scans_id=110198&peptide_id=7787&scanf=16555&charge=2&value=sp|Q5VTL8|PR38B_HUMAN,1,/core/www/modules/match_peptides/blast_html4.php?run_id=110202&search_id=114132&scans_id=110198&peptide_id=7787&scanf=16555&charge=2&value=1,R.IPVPVQK.N,/core/www/modules/show_out/show_out_wrapper.php?run_id=110202&search_id=114132&scans_id=110198&peptide_id=7787&scanf=16555&charge=2&value=R.IPVPVQK.N,PRPF38B,3.376e+7,2.004,0.105,0.977,0.005
16557,2,"  1.623","  0.220",8/12,/core/www/modules//sdig/index.php?run_id=110202&search_id=114132&scans_id=110198&peptide_id=7789&scanf=16557&charge=2&value=8/12,sp|P62937|PPIA_HUMAN,/core/www/modules//consensus/?run_id=110202&search_id=114132&scans_id=110198&peptide_id=7789&scanf=16557&charge=2&value=sp|P62937|PPIA_HUMAN,8,/core/www/modules/match_peptides/blast_html4.php?run_id=110202&search_id=114132&scans_id=110198&peptide_id=7789&scanf=16557&charge=2&value=8,K.TEWLDGK.H,/core/www/modules/show_out/show_out_wrapper.php?run_id=110202&search_id=114132&scans_id=110198&peptide_id=7789&scanf=16557&charge=2&value=K.TEWLDGK.H,PPIA,1.812e+7,2.392,0.030,1.517,0.001
16558,2,"  2.117","  0.223",8/14,/core/www/modules//sdig/index.php?run_id=110202&search_id=114132&scans_id=110198&peptide_id=7790&scanf=16558&charge=2&value=8/14,sp|Q6PKG0|LARP1_HUMAN,/core/www/modules//consensus/?run_id=110202&search_id=114132&scans_id=110198&peptide_id=7790&scanf=16558&charge=2&value=sp|Q6PKG0|LARP1_HUMAN,6,/core/www/modules/match_peptides/blast_html4.php?run_id=110202&search_id=114132&scans_id=110198&peptide_id=7790&scanf=16558&charge=2&value=6,K.VVEIVDEK.V,/core/www/modules/show_out/show_out_wrapper.php?run_id=110202&search_id=114132&scans_id=110198&peptide_id=7790&scanf=16558&charge=2&value=K.VVEIVDEK.V,LARP1,1.375e+7,2.256,0.047,1.324,0.002
16559,2,"  2.281","  0.343",9/14,/core/www/modules//sdig/index.php?run_id=110202&search_id=114132&scans_id=110198&peptide_id=7791&scanf=16559&charge=2&value=9/14,sp|Q86U86|PB1_HUMAN,/core/www/modules//consensus/?run_id=110202&search_id=114132&scans_id=110198&peptide_id=7791&scanf=16559&charge=2&value=sp|Q86U86|PB1_HUMAN,0,/core/www/modules/match_peptides/blast_html4.php?run_id=110202&search_id=114132&scans_id=110198&peptide_id=7791&scanf=16559&charge=2&value=0,K.WDQTLAAR.R,/core/www/modules/show_out/show_out_wrapper.php?run_id=110202&search_id=114132&scans_id=110198&peptide_id=7791&scanf=16559&charge=2&value=K.WDQTLAAR.R,PBRM1,1.278e+7,2.880,0.006,2.232,0.000
16562,2,"  1.576","  0.402",7/14,/core/www/modules//sdig/index.php?run_id=110202&search_id=114132&scans_id=110198&peptide_id=7795&scanf=16562&charge=2&value=7/14,tr|A0A3B3ITJ4|A0A3B3ITJ4_HUMAN,/core/www/modules//consensus/?run_id=110202&search_id=114132&scans_id=110198&peptide_id=7795&scanf=16562&charge=2&value=tr|A0A3B3ITJ4|A0A3B3ITJ4_HUMAN,0,/core/www/modules/match_peptides/blast_html4.php?run_id=110202&search_id=114132&scans_id=110198&peptide_id=7795&scanf=16562&charge=2&value=0,R.GFPSVDSR.G,/core/www/modules/show_out/show_out_wrapper.php?run_id=110202&search_id=114132&scans_id=110198&peptide_id=7795&scanf=16562&charge=2&value=R.GFPSVDSR.G,HNRNPL,4.093e+7,2.768,0.009,2.066,0.000
16564,3,"  2.978","  0.416",15/36,/core/www/modules//sdig/index.php?run_id=110202&search_id=114132&scans_id=110198&peptide_id=7797&scanf=16564&charge=3&value=15/36,sp|O14646|CHD1_HUMAN,/core/www/modules//consensus/?run_id=110202&search_id=114132&scans_id=110198&peptide_id=7797&scanf=16564&charge=3&value=sp|O14646|CHD1_HUMAN,5,/core/www/modules/match_peptides/blast_html4.php?run_id=110202&search_id=114132&scans_id=110198&peptide_id=7797&scanf=16564&charge=3&value=5,R.LKNDDSLLYK.T,/core/www/modules/show_out/show_out_wrapper.php?run_id=110202&search_id=114132&scans_id=110198&peptide_id=7797&scanf=16564&charge=3&value=R.LKNDDSLLYK.T,CHD1,1.789e+7,2.997,0.004,2.404,0.000
16565,2,"  1.972","  0.470",13/18,/core/www/modules//sdig/index.php?run_id=110202&search_id=114132&scans_id=110198&peptide_id=7798&scanf=16565&charge=2&value=13/18,sp|P07900|HS90A_HUMAN,/core/www/modules//consensus/?run_id=110202&search_id=114132&scans_id=110198&peptide_id=7798&scanf=16565&charge=2&value=sp|P07900|HS90A_HUMAN,1,/core/www/modules/match_peptides/blast_html4.php?run_id=110202&search_id=114132&scans_id=110198&peptide_id=7798&scanf=16565&charge=2&value=1,K.HIYYITGETK.D,/core/www/modules/show_out/show_out_wrapper.php?run_id=110202&search_id=114132&scans_id=110198&peptide_id=7798&scanf=16565&charge=2&value=K.HIYYITGETK.D,HSP90AA1,1.754e+8,3.548,0.001,3.219,0.000
16566,2,"  1.544","  0.139",7/12,/core/www/modules//sdig/index.php?run_id=110202&search_id=114132&scans_id=110198&peptide_id=7799&scanf=16566&charge=2&value=7/12,sp|Q12888|TP53B_HUMAN,/core/www/modules//consensus/?run_id=110202&search_id=114132&scans_id=110198&peptide_id=7799&scanf=16566&charge=2&value=sp|Q12888|TP53B_HUMAN,2,/core/www/modules/match_peptides/blast_html4.php?run_id=110202&search_id=114132&scans_id=110198&peptide_id=7799&scanf=16566&charge=2&value=2,R.GPLPLNK.T,/core/www/modules/show_out/show_out_wrapper.php?run_id=110202&search_id=114132&scans_id=110198&peptide_id=7799&scanf=16566&charge=2&value=R.GPLPLNK.T,TP53BP1,1.623e+7,2.110,0.076,1.121,0.002
16570,2,"  3.347","  0.557",13/28,/core/www/modules//sdig/index.php?run_id=110202&search_id=114132&scans_id=110198&peptide_id=7804&scanf=16570&charge=2&value=13/28,sp|Q13206|DDX10_HUMAN,/core/www/modules//consensus/?run_id=110202&search_id=114132&scans_id=110198&peptide_id=7804&scanf=16570&charge=2&value=sp|Q13206|DDX10_HUMAN,4,/core/www/modules/match_peptides/blast_html4.php?run_id=110202&search_id=114132&scans_id=110198&peptide_id=7804&scanf=16570&charge=2&value=4,K.GSQAPSLPNTSEAQK.I,/core/www/modules/show_out/show_out_wrapper.php?run_id=110202&search_id=114132&scans_id=110198&peptide_id=7804&scanf=16570&charge=2&value=K.GSQAPSLPNTSEAQK.I,DDX10,8.055e+6,3.178,0.002,2.671,0.000
16571,3,"  2.735","  0.421",10/56,/core/www/modules//sdig/index.php?run_id=110202&search_id=114132&scans_id=110198&peptide_id=7805&scanf=16571&charge=3&value=10/56,sp|P62854|RS26_HUMAN,/core/www/modules//consensus/?run_id=110202&search_id=114132&scans_id=110198&peptide_id=7805&scanf=16571&charge=3&value=sp|P62854|RS26_HUMAN,1,/core/www/modules/match_peptides/blast_html4.php?run_id=110202&search_id=114132&scans_id=110198&peptide_id=7805&scanf=16571&charge=3&value=1,R.FRPAGAAPRPPPKPM.-,/core/www/modules/show_out/show_out_wrapper.php?run_id=110202&search_id=114132&scans_id=110198&peptide_id=7805&scanf=16571&charge=3&value=R.FRPAGAAPRPPPKPM.-,RPS26,2.517e+8,2.665,0.012,1.915,0.000
16572,3,"  2.064","  0.376",11/36,/core/www/modules//sdig/index.php?run_id=110202&search_id=114132&scans_id=110198&peptide_id=7806&scanf=16572&charge=3&value=11/36,sp|P49750|YLPM1_HUMAN,/core/www/modules//consensus/?run_id=110202&search_id=114132&scans_id=110198&peptide_id=7806&scanf=16572&charge=3&value=sp|P49750|YLPM1_HUMAN,1,/core/www/modules/match_peptides/blast_html4.php?run_id=110202&search_id=114132&scans_id=110198&peptide_id=7806&scanf=16572&charge=3&value=1,R.ISRPMDMYDR.S,/core/www/modules/show_out/show_out_wrapper.php?run_id=110202&search_id=114132&scans_id=110198&peptide_id=7806&scanf=16572&charge=3&value=R.ISRPMDMYDR.S,YLPM1,8.377e+6,2.876,0.006,2.225,0.000
16574,2,"  2.231","  0.493",9/14,/core/www/modules//sdig/index.php?run_id=110202&search_id=114132&scans_id=110198&peptide_id=7807&scanf=16574&charge=2&value=9/14,sp|P08670|VIME_HUMAN,/core/www/modules//consensus/?run_id=110202&search_id=114132&scans_id=110198&peptide_id=7807&scanf=16574&charge=2&value=sp|P08670|VIME_HUMAN,2,/core/www/modules/match_peptides/blast_html4.php?run_id=110202&search_id=114132&scans_id=110198&peptide_id=7807&scanf=16574&charge=2&value=2,K.LQEEMLQR.E,/core/www/modules/show_out/show_out_wrapper.php?run_id=110202&search_id=114132&scans_id=110198&peptide_id=7807&scanf=16574&charge=2&value=K.LQEEMLQR.E,VIM,1.732e+9,3.784,0.000,3.569,0.000
16575,3,"  2.624","  0.521",18/44,/core/www/modules//sdig/index.php?run_id=110202&search_id=114132&scans_id=110198&peptide_id=7808&scanf=16575&charge=3&value=18/44,sp|P62841|RS15_HUMAN,/core/www/modules//consensus/?run_id=110202&search_id=114132&scans_id=110198&peptide_id=7808&scanf=16575&charge=3&value=sp|P62841|RS15_HUMAN,7,/core/www/modules/match_peptides/blast_html4.php?run_id=110202&search_id=114132&scans_id=110198&peptide_id=7808&scanf=16575&charge=3&value=7,K.EAPPMEKPEVVK.T,/core/www/modules/show_out/show_out_wrapper.php?run_id=110202&search_id=114132&scans_id=110198&peptide_id=7808&scanf=16575&charge=3&value=K.EAPPMEKPEVVK.T,RPS15,3.017e+8,3.414,0.001,3.020,0.000
16576,2,"  2.817","  0.495",12/18,/core/www/modules//sdig/index.php?run_id=110202&search_id=114132&scans_id=110198&peptide_id=7809&scanf=16576&charge=2&value=12/18,sp|P49411|EFTU_HUMAN,/core/www/modules//consensus/?run_id=110202&search_id=114132&scans_id=110198&peptide_id=7809&scanf=16576&charge=2&value=sp|P49411|EFTU_HUMAN,0,/core/www/modules/match_peptides/blast_html4.php?run_id=110202&search_id=114132&scans_id=110198&peptide_id=7809&scanf=16576&charge=2&value=0,R.GTVVTGTLER.G,/core/www/modules/show_out/show_out_wrapper.php?run_id=110202&search_id=114132&scans_id=110198&peptide_id=7809&scanf=16576&charge=2&value=R.GTVVTGTLER.G,TUFM,1.067e+8,3.395,0.001,2.993,0.000
16577,2,"  2.445","  0.469",13/18,/core/www/modules//sdig/index.php?run_id=110202&search_id=114132&scans_id=110198&peptide_id=7810&scanf=16577&charge=2&value=13/18,sp|P30101|PDIA3_HUMAN,/core/www/modules//consensus/?run_id=110202&search_id=114132&scans_id=110198&peptide_id=7810&scanf=16577&charge=2&value=sp|P30101|PDIA3_HUMAN,13,/core/www/modules/match_peptides/blast_html4.php?run_id=110202&search_id=114132&scans_id=110198&peptide_id=7810&scanf=16577&charge=2&value=13,R.TADGIVSHLK.K,/core/www/modules/show_out/show_out_wrapper.php?run_id=110202&search_id=114132&scans_id=110198&peptide_id=7810&scanf=16577&charge=2&value=R.TADGIVSHLK.K,PDIA3,6.129e+7,3.333,0.001,2.901,0.000
16578,2,"  2.628","  0.484",12/16,/core/www/modules//sdig/index.php?run_id=110202&search_id=114132&scans_id=110198&peptide_id=7811&scanf=16578&charge=2&value=12/16,sp|P62899|RL31_HUMAN,/core/www/modules//consensus/?run_id=110202&search_id=114132&scans_id=110198&peptide_id=7811&scanf=16578&charge=2&value=sp|P62899|RL31_HUMAN,5,/core/www/modules/match_peptides/blast_html4.php?run_id=110202&search_id=114132&scans_id=110198&peptide_id=7811&scanf=16578&charge=2&value=5,R.SAINEVVTR.E,/core/www/modules/show_out/show_out_wrapper.php?run_id=110202&search_id=114132&scans_id=110198&peptide_id=7811&scanf=16578&charge=2&value=R.SAINEVVTR.E,RPL31,4.971e+8,3.458,0.001,3.086,0.000
16581,2,"  2.502","  0.349",12/14,/core/www/modules//sdig/index.php?run_id=110202&search_id=114132&scans_id=110198&peptide_id=7815&scanf=16581&charge=2&value=12/14,sp|P78527|PRKDC_HUMAN,/core/www/modules//consensus/?run_id=110202&search_id=114132&scans_id=110198&peptide_id=7815&scanf=16581&charge=2&value=sp|P78527|PRKDC_HUMAN,1,/core/www/modules/match_peptides/blast_html4.php?run_id=110202&search_id=114132&scans_id=110198&peptide_id=7815&scanf=16581&charge=2&value=1,R.KFIQTFGK.E,/core/www/modules/show_out/show_out_wrapper.php?run_id=110202&search_id=114132&scans_id=110198&peptide_id=7815&scanf=16581&charge=2&value=R.KFIQTFGK.E,PRKDC,5.611e+7,3.735,0.000,3.497,0.000
16583,3,"  3.635","  0.544",16/56,/core/www/modules//sdig/index.php?run_id=110202&search_id=114132&scans_id=110198&peptide_id=7817&scanf=16583&charge=3&value=16/56,sp|Q14690|RRP5_HUMAN,/core/www/modules//consensus/?run_id=110202&search_id=114132&scans_id=110198&peptide_id=7817&scanf=16583&charge=3&value=sp|Q14690|RRP5_HUMAN,1,/core/www/modules/match_peptides/blast_html4.php?run_id=110202&search_id=114132&scans_id=110198&peptide_id=7817&scanf=16583&charge=3&value=1,R.KPALVSTVEGGQDPK.N,/core/www/modules/show_out/show_out_wrapper.php?run_id=110202&search_id=114132&scans_id=110198&peptide_id=7817&scanf=16583&charge=3&value=R.KPALVSTVEGGQDPK.N,PDCD11,2.480e+7,3.401,0.001,3.001,0.000
16584,2,"  1.466","  0.198",7/12,/core/www/modules//sdig/index.php?run_id=110202&search_id=114132&scans_id=110198&peptide_id=7818&scanf=16584&charge=2&value=7/12,sp|P38159|RBMX_HUMAN,/core/www/modules//consensus/?run_id=110202&search_id=114132&scans_id=110198&peptide_id=7818&scanf=16584&charge=2&value=sp|P38159|RBMX_HUMAN,4,/core/www/modules/match_peptides/blast_html4.php?run_id=110202&search_id=114132&scans_id=110198&peptide_id=7818&scanf=16584&charge=2&value=4,R.DVYLSPR.D,/core/www/modules/show_out/show_out_wrapper.php?run_id=110202&search_id=114132&scans_id=110198&peptide_id=7818&scanf=16584&charge=2&value=R.DVYLSPR.D,RBMX,3.464e+8,2.174,0.062,1.209,0.002
16585,3,"  4.683","  0.595",19/56,/core/www/modules//sdig/index.php?run_id=110202&search_id=114132&scans_id=110198&peptide_id=7819&scanf=16585&charge=3&value=19/56,sp|Q13769|THOC5_HUMAN,/core/www/modules//consensus/?run_id=110202&search_id=114132&scans_id=110198&peptide_id=7819&scanf=16585&charge=3&value=sp|Q13769|THOC5_HUMAN,4,/core/www/modules/match_peptides/blast_html4.php?run_id=110202&search_id=114132&scans_id=110198&peptide_id=7819&scanf=16585&charge=3&value=4,K.AEVTMGDPHQQTLAR.L,/core/www/modules/show_out/show_out_wrapper.php?run_id=110202&search_id=114132&scans_id=110198&peptide_id=7819&scanf=16585&charge=3&value=K.AEVTMGDPHQQTLAR.L,THOC5,2.018e+7,3.556,0.001,3.231,0.000
16588,2,"  2.111","  0.308",8/16,/core/www/modules//sdig/index.php?run_id=110202&search_id=114132&scans_id=110198&peptide_id=7822&scanf=16588&charge=2&value=8/16,sp|Q04637|IF4G1_HUMAN,/core/www/modules//consensus/?run_id=110202&search_id=114132&scans_id=110198&peptide_id=7822&scanf=16588&charge=2&value=sp|Q04637|IF4G1_HUMAN,5,/core/www/modules/match_peptides/blast_html4.php?run_id=110202&search_id=114132&scans_id=110198&peptide_id=7822&scanf=16588&charge=2&value=5,R.ALPSEELNR.Q,/core/www/modules/show_out/show_out_wrapper.php?run_id=110202&search_id=114132&scans_id=110198&peptide_id=7822&scanf=16588&charge=2&value=R.ALPSEELNR.Q,EIF4G1,1.248e+7,2.522,0.020,1.706,0.000
16590,3,"  2.213","  0.352",10/32,/core/www/modules//sdig/index.php?run_id=110202&search_id=114132&scans_id=110198&peptide_id=7825&scanf=16590&charge=3&value=10/32,sp|O76021|RL1D1_HUMAN,/core/www/modules//consensus/?run_id=110202&search_id=114132&scans_id=110198&peptide_id=7825&scanf=16590&charge=3&value=sp|O76021|RL1D1_HUMAN,1,/core/www/modules/match_peptides/blast_html4.php?run_id=110202&search_id=114132&scans_id=110198&peptide_id=7825&scanf=16590&charge=3&value=1,K.LPEKWESVK.L,/core/www/modules/show_out/show_out_wrapper.php?run_id=110202&search_id=114132&scans_id=110198&peptide_id=7825&scanf=16590&charge=3&value=K.LPEKWESVK.L,RSL1D1,3.324e+7,2.551,0.018,1.748,0.000
16591,3,"  2.755","  0.438",11/36,/core/www/modules//sdig/index.php?run_id=110202&search_id=114132&scans_id=110198&peptide_id=7826&scanf=16591&charge=3&value=11/36,sp|Q02543|RL18A_HUMAN,/core/www/modules//consensus/?run_id=110202&search_id=114132&scans_id=110198&peptide_id=7826&scanf=16591&charge=3&value=sp|Q02543|RL18A_HUMAN,3,/core/www/modules/match_peptides/blast_html4.php?run_id=110202&search_id=114132&scans_id=110198&peptide_id=7826&scanf=16591&charge=3&value=3,R.IFAPNHVVAK.S,/core/www/modules/show_out/show_out_wrapper.php?run_id=110202&search_id=114132&scans_id=110198&peptide_id=7826&scanf=16591&charge=3&value=R.IFAPNHVVAK.S,RPL18A,3.352e+8,3.081,0.003,2.528,0.000
16592,2,"  1.941","  0.141",7/12,/core/www/modules//sdig/index.php?run_id=110202&search_id=114132&scans_id=110198&peptide_id=7827&scanf=16592&charge=2&value=7/12,sp|Q13435|SF3B2_HUMAN,/core/www/modules//consensus/?run_id=110202&search_id=114132&scans_id=110198&peptide_id=7827&scanf=16592&charge=2&value=sp|Q13435|SF3B2_HUMAN,1,/core/www/modules/match_peptides/blast_html4.php?run_id=110202&search_id=114132&scans_id=110198&peptide_id=7827&scanf=16592&charge=2&value=1,K.IDIDYQK.L,/core/www/modules/show_out/show_out_wrapper.php?run_id=110202&search_id=114132&scans_id=110198&peptide_id=7827&scanf=16592&charge=2&value=K.IDIDYQK.L,SF3B2,2.737e+7,2.134,0.070,1.154,0.002
16597,2,"  2.536","  0.626",12/20,/core/www/modules//sdig/index.php?run_id=110202&search_id=114132&scans_id=110198&peptide_id=7831&scanf=16597&charge=2&value=12/20,sp|P16401|H15_HUMAN,/core/www/modules//consensus/?run_id=110202&search_id=114132&scans_id=110198&peptide_id=7831&scanf=16597&charge=2&value=sp|P16401|H15_HUMAN,0,/core/www/modules/match_peptides/blast_html4.php?run_id=110202&search_id=114132&scans_id=110198&peptide_id=7831&scanf=16597&charge=2&value=0,K.ALAAGGYDVEK.N,/core/www/modules/show_out/show_out_wrapper.php?run_id=110202&search_id=114132&scans_id=110198&peptide_id=7831&scanf=16597&charge=2&value=K.ALAAGGYDVEK.N,H1-5,1.210e+8,3.586,0.001,3.276,0.000
16598,2,"  2.253","  0.269",10/16,/core/www/modules//sdig/index.php?run_id=110202&search_id=114132&scans_id=110198&peptide_id=7832&scanf=16598&charge=2&value=10/16,sp|P43686|PRS6B_HUMAN,/core/www/modules//consensus/?run_id=110202&search_id=114132&scans_id=110198&peptide_id=7832&scanf=16598&charge=2&value=sp|P43686|PRS6B_HUMAN,0,/core/www/modules/match_peptides/blast_html4.php?run_id=110202&search_id=114132&scans_id=110198&peptide_id=7832&scanf=16598&charge=2&value=0,R.VVGSEFVQK.Y,/core/www/modules/show_out/show_out_wrapper.php?run_id=110202&search_id=114132&scans_id=110198&peptide_id=7832&scanf=16598&charge=2&value=R.VVGSEFVQK.Y,PSMC4,3.809e+7,2.596,0.015,1.814,0.000
16600,4,"  4.826","  0.543",23/96,/core/www/modules//sdig/index.php?run_id=110202&search_id=114132&scans_id=110198&peptide_id=7835&scanf=16600&charge=4&value=23/96,sp|O14497|ARI1A_HUMAN,/core/www/modules//consensus/?run_id=110202&search_id=114132&scans_id=110198&peptide_id=7835&scanf=16600&charge=4&value=sp|O14497|ARI1A_HUMAN,2,/core/www/modules/match_peptides/blast_html4.php?run_id=110202&search_id=114132&scans_id=110198&peptide_id=7835&scanf=16600&charge=4&value=2,R.IGGGDTTEHIQTHFESK.T,/core/www/modules/show_out/show_out_wrapper.php?run_id=110202&search_id=114132&scans_id=110198&peptide_id=7835&scanf=16600&charge=4&value=R.IGGGDTTEHIQTHFESK.T,ARID1A,2.743e+7,3.738,0.000,3.501,0.000
16604,2,"  1.485","  0.260",7/14,/core/www/modules//sdig/index.php?run_id=110202&search_id=114132&scans_id=110198&peptide_id=7839&scanf=16604&charge=2&value=7/14,sp|P07355|ANXA2_HUMAN,/core/www/modules//consensus/?run_id=110202&search_id=114132&scans_id=110198&peptide_id=7839&scanf=16604&charge=2&value=sp|P07355|ANXA2_HUMAN,8,/core/www/modules/match_peptides/blast_html4.php?run_id=110202&search_id=114132&scans_id=110198&peptide_id=7839&scanf=16604&charge=2&value=8,R.DLYDAGVK.R,/core/www/modules/show_out/show_out_wrapper.php?run_id=110202&search_id=114132&scans_id=110198&peptide_id=7839&scanf=16604&charge=2&value=R.DLYDAGVK.R,ANXA2,3.712e+7,2.306,0.040,1.394,0.001
16605,2,"  2.455","  0.275",10/18,/core/www/modules//sdig/index.php?run_id=110202&search_id=114132&scans_id=110198&peptide_id=7840&scanf=16605&charge=2&value=10/18,sp|Q9UHX1|PUF60_HUMAN,/core/www/modules//consensus/?run_id=110202&search_id=114132&scans_id=110198&peptide_id=7840&scanf=16605&charge=2&value=sp|Q9UHX1|PUF60_HUMAN,4,/core/www/modules/match_peptides/blast_html4.php?run_id=110202&search_id=114132&scans_id=110198&peptide_id=7840&scanf=16605&charge=2&value=4,R.KQESTVMVLR.N,/core/www/modules/show_out/show_out_wrapper.php?run_id=110202&search_id=114132&scans_id=110198&peptide_id=7840&scanf=16605&charge=2&value=R.KQESTVMVLR.N,PUF60,1.841e+7,2.150,0.067,1.176,0.002
16608,4,"  3.782","  0.539",21/102,/core/www/modules//sdig/index.php?run_id=110202&search_id=114132&scans_id=110198&peptide_id=7843&scanf=16608&charge=4&value=21/102,sp|Q92804|RBP56_HUMAN,/core/www/modules//consensus/?run_id=110202&search_id=114132&scans_id=110198&peptide_id=7843&scanf=16608&charge=4&value=sp|Q92804|RBP56_HUMAN,1,/core/www/modules/match_peptides/blast_html4.php?run_id=110202&search_id=114132&scans_id=110198&peptide_id=7843&scanf=16608&charge=4&value=1,K.TGKPMINLYTDKDTGKPK.G,/core/www/modules/show_out/show_out_wrapper.php?run_id=110202&search_id=114132&scans_id=110198&peptide_id=7843&scanf=16608&charge=4&value=K.TGKPMINLYTDKDTGKPK.G,TAF15,5.294e+7,3.212,0.002,2.722,0.000
16618,2,"  1.809","  0.573",8/14,/core/www/modules//sdig/index.php?run_id=110202&search_id=114132&scans_id=110198&peptide_id=7853&scanf=16618&charge=2&value=8/14,sp|P11388|TOP2A_HUMAN,/core/www/modules//consensus/?run_id=110202&search_id=114132&scans_id=110198&peptide_id=7853&scanf=16618&charge=2&value=sp|P11388|TOP2A_HUMAN,5,/core/www/modules/match_peptides/blast_html4.php?run_id=110202&search_id=114132&scans_id=110198&peptide_id=7853&scanf=16618&charge=2&value=5,K.FLYDDNQR.V,/core/www/modules/show_out/show_out_wrapper.php?run_id=110202&search_id=114132&scans_id=110198&peptide_id=7853&scanf=16618&charge=2&value=K.FLYDDNQR.V,TOP2A,4.109e+7,3.619,0.000,3.325,0.000
16619,3,"  5.087","  0.694",22/60,/core/www/modules//sdig/index.php?run_id=110202&search_id=114132&scans_id=110198&peptide_id=7854&scanf=16619&charge=3&value=22/60,sp|P62917|RL8_HUMAN,/core/www/modules//consensus/?run_id=110202&search_id=114132&scans_id=110198&peptide_id=7854&scanf=16619&charge=3&value=sp|P62917|RL8_HUMAN,2,/core/www/modules/match_peptides/blast_html4.php?run_id=110202&search_id=114132&scans_id=110198&peptide_id=7854&scanf=16619&charge=3&value=2,R.ASGNYATVISHNPETK.K,/core/www/modules/show_out/show_out_wrapper.php?run_id=110202&search_id=114132&scans_id=110198&peptide_id=7854&scanf=16619&charge=3&value=R.ASGNYATVISHNPETK.K,RPL8,3.002e+8,3.949,0.000,3.814,0.000
16620,2,"  2.092","  0.484",9/14,/core/www/modules//sdig/index.php?run_id=110202&search_id=114132&scans_id=110198&peptide_id=7856&scanf=16620&charge=2&value=9/14,sp|Q00839|HNRPU_HUMAN,/core/www/modules//consensus/?run_id=110202&search_id=114132&scans_id=110198&peptide_id=7856&scanf=16620&charge=2&value=sp|Q00839|HNRPU_HUMAN,10,/core/www/modules/match_peptides/blast_html4.php?run_id=110202&search_id=114132&scans_id=110198&peptide_id=7856&scanf=16620&charge=2&value=10,K.DIDIHEVR.I,/core/www/modules/show_out/show_out_wrapper.php?run_id=110202&search_id=114132&scans_id=110198&peptide_id=7856&scanf=16620&charge=2&value=K.DIDIHEVR.I,HNRNPU,2.831e+8,3.332,0.001,2.900,0.000
16621,2,"  2.513","  0.416",10/14,/core/www/modules//sdig/index.php?run_id=110202&search_id=114132&scans_id=110198&peptide_id=7857&scanf=16621&charge=2&value=10/14,sp|P50750|CDK9_HUMAN,/core/www/modules//consensus/?run_id=110202&search_id=114132&scans_id=110198&peptide_id=7857&scanf=16621&charge=2&value=sp|P50750|CDK9_HUMAN,0,/core/www/modules/match_peptides/blast_html4.php?run_id=110202&search_id=114132&scans_id=110198&peptide_id=7857&scanf=16621&charge=2&value=0,K.AANVLITR.D,/core/www/modules/show_out/show_out_wrapper.php?run_id=110202&search_id=114132&scans_id=110198&peptide_id=7857&scanf=16621&charge=2&value=K.AANVLITR.D,CDK9,3.363e+7,3.216,0.002,2.728,0.000
16623,2,"  1.996","  0.457",8/14,/core/www/modules//sdig/index.php?run_id=110202&search_id=114132&scans_id=110198&peptide_id=7859&scanf=16623&charge=2&value=8/14,sp|Q9NR30|DDX21_HUMAN,/core/www/modules//consensus/?run_id=110202&search_id=114132&scans_id=110198&peptide_id=7859&scanf=16623&charge=2&value=sp|Q9NR30|DDX21_HUMAN,2,/core/www/modules/match_peptides/blast_html4.php?run_id=110202&search_id=114132&scans_id=110198&peptide_id=7859&scanf=16623&charge=2&value=2,K.DVESYIHR.S,/core/www/modules/show_out/show_out_wrapper.php?run_id=110202&search_id=114132&scans_id=110198&peptide_id=7859&scanf=16623&charge=2&value=K.DVESYIHR.S,DDX21,7.074e+7,3.206,0.002,2.713,0.000
16624,2,"  2.205","  0.358",10/12,/core/www/modules//sdig/index.php?run_id=110202&search_id=114132&scans_id=110198&peptide_id=7860&scanf=16624&charge=2&value=10/12,sp|O00571|DDX3X_HUMAN,/core/www/modules//consensus/?run_id=110202&search_id=114132&scans_id=110198&peptide_id=7860&scanf=16624&charge=2&value=sp|O00571|DDX3X_HUMAN,19,/core/www/modules/match_peptides/blast_html4.php?run_id=110202&search_id=114132&scans_id=110198&peptide_id=7860&scanf=16624&charge=2&value=19,K.HAIPIIK.E,/core/www/modules/show_out/show_out_wrapper.php?run_id=110202&search_id=114132&scans_id=110198&peptide_id=7860&scanf=16624&charge=2&value=K.HAIPIIK.E,DDX3X,8.102e+7,3.271,0.002,2.810,0.000
16625,2,"  2.034","  0.400",11/16,/core/www/modules//sdig/index.php?run_id=110202&search_id=114132&scans_id=110198&peptide_id=7861&scanf=16625&charge=2&value=11/16,sp|Q8N9Z2|CC71L_HUMAN,/core/www/modules//consensus/?run_id=110202&search_id=114132&scans_id=110198&peptide_id=7861&scanf=16625&charge=2&value=sp|Q8N9Z2|CC71L_HUMAN,0,/core/www/modules/match_peptides/blast_html4.php?run_id=110202&search_id=114132&scans_id=110198&peptide_id=7861&scanf=16625&charge=2&value=0,R.VGSDVWGER.S,/core/www/modules/show_out/show_out_wrapper.php?run_id=110202&search_id=114132&scans_id=110198&peptide_id=7861&scanf=16625&charge=2&value=R.VGSDVWGER.S,CCDC71L,1.703e+7,3.049,0.003,2.480,0.000
16630,3,"  3.502","  0.520",15/56,/core/www/modules//sdig/index.php?run_id=110202&search_id=114132&scans_id=110198&peptide_id=7867&scanf=16630&charge=3&value=15/56,sp|Q15020|SART3_HUMAN,/core/www/modules//consensus/?run_id=110202&search_id=114132&scans_id=110198&peptide_id=7867&scanf=16630&charge=3&value=sp|Q15020|SART3_HUMAN,1,/core/www/modules/match_peptides/blast_html4.php?run_id=110202&search_id=114132&scans_id=110198&peptide_id=7867&scanf=16630&charge=3&value=1,K.EAALVQQEEEKAEQR.K,/core/www/modules/show_out/show_out_wrapper.php?run_id=110202&search_id=114132&scans_id=110198&peptide_id=7867&scanf=16630&charge=3&value=K.EAALVQQEEEKAEQR.K,SART3,1.168e+7,2.917,0.005,2.286,0.000
16633,2,"  2.139","  0.429",12/18,/core/www/modules//sdig/index.php?run_id=110202&search_id=114132&scans_id=110198&peptide_id=7870&scanf=16633&charge=2&value=12/18,sp|O75643|U520_HUMAN,/core/www/modules//consensus/?run_id=110202&search_id=114132&scans_id=110198&peptide_id=7870&scanf=16633&charge=2&value=sp|O75643|U520_HUMAN,1,/core/www/modules/match_peptides/blast_html4.php?run_id=110202&search_id=114132&scans_id=110198&peptide_id=7870&scanf=16633&charge=2&value=1,R.NIEMTQEDVR.L,/core/www/modules/show_out/show_out_wrapper.php?run_id=110202&search_id=114132&scans_id=110198&peptide_id=7870&scanf=16633&charge=2&value=R.NIEMTQEDVR.L,SNRNP200,3.337e+7,3.335,0.001,2.903,0.000
16637,2,"  1.553","  0.181",9/14,/core/www/modules//sdig/index.php?run_id=110202&search_id=114132&scans_id=110198&peptide_id=7873&scanf=16637&charge=2&value=9/14,sp|O15379|HDAC3_HUMAN,/core/www/modules//consensus/?run_id=110202&search_id=114132&scans_id=110198&peptide_id=7873&scanf=16637&charge=2&value=sp|O15379|HDAC3_HUMAN,4,/core/www/modules/match_peptides/blast_html4.php?run_id=110202&search_id=114132&scans_id=110198&peptide_id=7873&scanf=16637&charge=2&value=4,R.VMTVSFHK.Y,/core/www/modules/show_out/show_out_wrapper.php?run_id=110202&search_id=114132&scans_id=110198&peptide_id=7873&scanf=16637&charge=2&value=R.VMTVSFHK.Y,HDAC3,5.936e+7,2.265,0.046,1.337,0.002
16639,2,"  1.278","  0.236",10/14,/core/www/modules//sdig/index.php?run_id=110202&search_id=114132&scans_id=110198&peptide_id=7875&scanf=16639&charge=2&value=10/14,sp|Q13330|MTA1_HUMAN,/core/www/modules//consensus/?run_id=110202&search_id=114132&scans_id=110198&peptide_id=7875&scanf=16639&charge=2&value=sp|Q13330|MTA1_HUMAN,3,/core/www/modules/match_peptides/blast_html4.php?run_id=110202&search_id=114132&scans_id=110198&peptide_id=7875&scanf=16639&charge=2&value=3,R.KPLEAVLR.Y,/core/www/modules/show_out/show_out_wrapper.php?run_id=110202&search_id=114132&scans_id=110198&peptide_id=7875&scanf=16639&charge=2&value=R.KPLEAVLR.Y,MTA1,3.712e+7,2.587,0.016,1.801,0.000
16640,2,"  2.246","  0.260",10/14,/core/www/modules//sdig/index.php?run_id=110202&search_id=114132&scans_id=110198&peptide_id=7877&scanf=16640&charge=2&value=10/14,sp|O60832|DKC1_HUMAN,/core/www/modules//consensus/?run_id=110202&search_id=114132&scans_id=110198&peptide_id=7877&scanf=16640&charge=2&value=sp|O60832|DKC1_HUMAN,7,/core/www/modules/match_peptides/blast_html4.php?run_id=110202&search_id=114132&scans_id=110198&peptide_id=7877&scanf=16640&charge=2&value=7,K.EVVAEVVK.A,/core/www/modules/show_out/show_out_wrapper.php?run_id=110202&search_id=114132&scans_id=110198&peptide_id=7877&scanf=16640&charge=2&value=K.EVVAEVVK.A,DKC1,2.210e+7,2.660,0.012,1.908,0.000
16643,4,"  5.522","  0.579",19/114,/core/www/modules//sdig/index.php?run_id=110202&search_id=114132&scans_id=110198&peptide_id=7880&scanf=16643&charge=4&value=19/114,sp|Q16643|DREB_HUMAN,/core/www/modules//consensus/?run_id=110202&search_id=114132&scans_id=110198&peptide_id=7880&scanf=16643&charge=4&value=sp|Q16643|DREB_HUMAN,1,/core/www/modules/match_peptides/blast_html4.php?run_id=110202&search_id=114132&scans_id=110198&peptide_id=7880&scanf=16643&charge=4&value=1,R.LKEQSIFGDHRDEEEETHMK.K,/core/www/modules/show_out/show_out_wrapper.php?run_id=110202&search_id=114132&scans_id=110198&peptide_id=7880&scanf=16643&charge=4&value=R.LKEQSIFGDHRDEEEETHMK.K,DBN1,2.200e+7,3.132,0.002,2.603,0.000
16644,2,"  1.996","  0.000",7/14,/core/www/modules//sdig/index.php?run_id=110202&search_id=114132&scans_id=110198&peptide_id=7881&scanf=16644&charge=2&value=7/14,sp|O95399|UTS2_HUMAN,/core/www/modules//consensus/?run_id=110202&search_id=114132&scans_id=110198&peptide_id=7881&scanf=16644&charge=2&value=sp|O95399|UTS2_HUMAN,2,/core/www/modules/match_peptides/blast_html4.php?run_id=110202&search_id=114132&scans_id=110198&peptide_id=7881&scanf=16644&charge=2&value=2,R.LTPEELER.A,/core/www/modules/show_out/show_out_wrapper.php?run_id=110202&search_id=114132&scans_id=110198&peptide_id=7881&scanf=16644&charge=2&value=R.LTPEELER.A,UTS2,2.339e+7,2.278,0.044,1.355,0.001
16646,2,"  3.643","  0.394",18/20,/core/www/modules//sdig/index.php?run_id=110202&search_id=114132&scans_id=110198&peptide_id=7883&scanf=16646&charge=2&value=18/20,sp|Q9UHB9|SRP68_HUMAN,/core/www/modules//consensus/?run_id=110202&search_id=114132&scans_id=110198&peptide_id=7883&scanf=16646&charge=2&value=sp|Q9UHB9|SRP68_HUMAN,0,/core/www/modules/match_peptides/blast_html4.php?run_id=110202&search_id=114132&scans_id=110198&peptide_id=7883&scanf=16646&charge=2&value=0,K.KVTEELLTDNR.Y,/core/www/modules/show_out/show_out_wrapper.php?run_id=110202&search_id=114132&scans_id=110198&peptide_id=7883&scanf=16646&charge=2&value=K.KVTEELLTDNR.Y,SRP68,1.086e+7,3.089,0.003,2.540,0.000
16651,2,"  1.879","  0.182",10/16,/core/www/modules//sdig/index.php?run_id=110202&search_id=114132&scans_id=110198&peptide_id=7888&scanf=16651&charge=2&value=10/16,sp|Q15149|PLEC_HUMAN,/core/www/modules//consensus/?run_id=110202&search_id=114132&scans_id=110198&peptide_id=7888&scanf=16651&charge=2&value=sp|Q15149|PLEC_HUMAN,5,/core/www/modules/match_peptides/blast_html4.php?run_id=110202&search_id=114132&scans_id=110198&peptide_id=7888&scanf=16651&charge=2&value=5,K.VSITEAMHR.N,/core/www/modules/show_out/show_out_wrapper.php?run_id=110202&search_id=114132&scans_id=110198&peptide_id=7888&scanf=16651&charge=2&value=K.VSITEAMHR.N,PLEC,1.491e+7,2.795,0.008,2.105,0.000
16660,2,"  2.558","  0.435",12/18,/core/www/modules//sdig/index.php?run_id=110202&search_id=114132&scans_id=110198&peptide_id=7897&scanf=16660&charge=2&value=12/18,sp|P08670|VIME_HUMAN,/core/www/modules//consensus/?run_id=110202&search_id=114132&scans_id=110198&peptide_id=7897&scanf=16660&charge=2&value=sp|P08670|VIME_HUMAN,1,/core/www/modules/match_peptides/blast_html4.php?run_id=110202&search_id=114132&scans_id=110198&peptide_id=7897&scanf=16660&charge=2&value=1,R.EKLQEEMLQR.E,/core/www/modules/show_out/show_out_wrapper.php?run_id=110202&search_id=114132&scans_id=110198&peptide_id=7897&scanf=16660&charge=2&value=R.EKLQEEMLQR.E,VIM,3.334e+8,3.320,0.001,2.881,0.000
16661,3,"  6.406","  0.565",23/56,/core/www/modules//sdig/index.php?run_id=110202&search_id=114132&scans_id=110198&peptide_id=7898&scanf=16661&charge=3&value=23/56,sp|O94906|PRP6_HUMAN,/core/www/modules//consensus/?run_id=110202&search_id=114132&scans_id=110198&peptide_id=7898&scanf=16661&charge=3&value=sp|O94906|PRP6_HUMAN,0,/core/www/modules/match_peptides/blast_html4.php?run_id=110202&search_id=114132&scans_id=110198&peptide_id=7898&scanf=16661&charge=3&value=0,K.FELQHGTEEQQEEVR.K,/core/www/modules/show_out/show_out_wrapper.php?run_id=110202&search_id=114132&scans_id=110198&peptide_id=7898&scanf=16661&charge=3&value=K.FELQHGTEEQQEEVR.K,PRPF6,3.764e+7,3.805,0.000,3.601,0.000
16663,2,"  2.586","  0.484",14/14,/core/www/modules//sdig/index.php?run_id=110202&search_id=114132&scans_id=110198&peptide_id=7900&scanf=16663&charge=2&value=14/14,sp|Q02878|RL6_HUMAN,/core/www/modules//consensus/?run_id=110202&search_id=114132&scans_id=110198&peptide_id=7900&scanf=16663&charge=2&value=sp|Q02878|RL6_HUMAN,0,/core/www/modules/match_peptides/blast_html4.php?run_id=110202&search_id=114132&scans_id=110198&peptide_id=7900&scanf=16663&charge=2&value=0,K.HLTDAYFK.K,/core/www/modules/show_out/show_out_wrapper.php?run_id=110202&search_id=114132&scans_id=110198&peptide_id=7900&scanf=16663&charge=2&value=K.HLTDAYFK.K,RPL6,3.360e+8,3.921,0.000,3.773,0.000
16665,3,"  1.881","  0.257",9/44,/core/www/modules//sdig/index.php?run_id=110202&search_id=114132&scans_id=110198&peptide_id=7902&scanf=16665&charge=3&value=9/44,sp|Q9Y4L1|HYOU1_HUMAN,/core/www/modules//consensus/?run_id=110202&search_id=114132&scans_id=110198&peptide_id=7902&scanf=16665&charge=3&value=sp|Q9Y4L1|HYOU1_HUMAN,9,/core/www/modules/match_peptides/blast_html4.php?run_id=110202&search_id=114132&scans_id=110198&peptide_id=7902&scanf=16665&charge=3&value=9,R.EVEEEPGIHSLK.H,/core/www/modules/show_out/show_out_wrapper.php?run_id=110202&search_id=114132&scans_id=110198&peptide_id=7902&scanf=16665&charge=3&value=R.EVEEEPGIHSLK.H,HYOU1,1.488e+7,2.204,0.056,1.251,0.002
16668,2,"  2.267","  0.167",8/12,/core/www/modules//sdig/index.php?run_id=110202&search_id=114132&scans_id=110198&peptide_id=7905&scanf=16668&charge=2&value=8/12,sp|P62917|RL8_HUMAN,/core/www/modules//consensus/?run_id=110202&search_id=114132&scans_id=110198&peptide_id=7905&scanf=16668&charge=2&value=sp|P62917|RL8_HUMAN,2,/core/www/modules/match_peptides/blast_html4.php?run_id=110202&search_id=114132&scans_id=110198&peptide_id=7905&scanf=16668&charge=2&value=2,K.VGLIAAR.R,/core/www/modules/show_out/show_out_wrapper.php?run_id=110202&search_id=114132&scans_id=110198&peptide_id=7905&scanf=16668&charge=2&value=K.VGLIAAR.R,RPL8,6.484e+7,2.356,0.034,1.467,0.001
16672,2,"  1.327","  0.177",6/12,/core/www/modules//sdig/index.php?run_id=110202&search_id=114132&scans_id=110198&peptide_id=7910&scanf=16672&charge=2&value=6/12,sp|O00267|SPT5H_HUMAN,/core/www/modules//consensus/?run_id=110202&search_id=114132&scans_id=110198&peptide_id=7910&scanf=16672&charge=2&value=sp|O00267|SPT5H_HUMAN,0,/core/www/modules/match_peptides/blast_html4.php?run_id=110202&search_id=114132&scans_id=110198&peptide_id=7910&scanf=16672&charge=2&value=0,K.GYIGVVK.D,/core/www/modules/show_out/show_out_wrapper.php?run_id=110202&search_id=114132&scans_id=110198&peptide_id=7910&scanf=16672&charge=2&value=K.GYIGVVK.D,SUPT5H,1.209e+7,2.157,0.065,1.186,0.002
16674,2,"  3.113","  0.520",13/20,/core/www/modules//sdig/index.php?run_id=110202&search_id=114132&scans_id=110198&peptide_id=7912&scanf=16674&charge=2&value=13/20,sp|Q15149|PLEC_HUMAN,/core/www/modules//consensus/?run_id=110202&search_id=114132&scans_id=110198&peptide_id=7912&scanf=16674&charge=2&value=sp|Q15149|PLEC_HUMAN,4,/core/www/modules/match_peptides/blast_html4.php?run_id=110202&search_id=114132&scans_id=110198&peptide_id=7912&scanf=16674&charge=2&value=4,R.QLAEEDLAQQR.A,/core/www/modules/show_out/show_out_wrapper.php?run_id=110202&search_id=114132&scans_id=110198&peptide_id=7912&scanf=16674&charge=2&value=R.QLAEEDLAQQR.A,PLEC,1.384e+7,3.923,0.000,3.775,0.000
16675,4,"  2.627","  0.417",15/84,/core/www/modules//sdig/index.php?run_id=110202&search_id=114132&scans_id=110198&peptide_id=7913&scanf=16675&charge=4&value=15/84,sp|P49411|EFTU_HUMAN,/core/www/modules//consensus/?run_id=110202&search_id=114132&scans_id=110198&peptide_id=7913&scanf=16675&charge=4&value=sp|P49411|EFTU_HUMAN,0,/core/www/modules/match_peptides/blast_html4.php?run_id=110202&search_id=114132&scans_id=110198&peptide_id=7913&scanf=16675&charge=4&value=0,R.GLVMVKPGSIKPHQK.V,/core/www/modules/show_out/show_out_wrapper.php?run_id=110202&search_id=114132&scans_id=110198&peptide_id=7913&scanf=16675&charge=4&value=R.GLVMVKPGSIKPHQK.V,TUFM,2.257e+7,3.161,0.002,2.645,0.000
16679,2,"  1.177","  0.204",8/16,/core/www/modules//sdig/index.php?run_id=110202&search_id=114132&scans_id=110198&peptide_id=7916&scanf=16679&charge=2&value=8/16,sp|P61978|HNRPK_HUMAN,/core/www/modules//consensus/?run_id=110202&search_id=114132&scans_id=110198&peptide_id=7916&scanf=16679&charge=2&value=sp|P61978|HNRPK_HUMAN,1,/core/www/modules/match_peptides/blast_html4.php?run_id=110202&search_id=114132&scans_id=110198&peptide_id=7916&scanf=16679&charge=2&value=1,R.GGDLMAYDR.R,/core/www/modules/show_out/show_out_wrapper.php?run_id=110202&search_id=114132&scans_id=110198&peptide_id=7916&scanf=16679&charge=2&value=R.GGDLMAYDR.R,HNRNPK,3.131e+8,2.264,0.046,1.335,0.002
16681,2,"  4.640","  0.590",21/22,/core/www/modules//sdig/index.php?run_id=110202&search_id=114132&scans_id=110198&peptide_id=7919&scanf=16681&charge=2&value=21/22,sp|Q9UQE7|SMC3_HUMAN,/core/www/modules//consensus/?run_id=110202&search_id=114132&scans_id=110198&peptide_id=7919&scanf=16681&charge=2&value=sp|Q9UQE7|SMC3_HUMAN,0,/core/www/modules/match_peptides/blast_html4.php?run_id=110202&search_id=114132&scans_id=110198&peptide_id=7919&scanf=16681&charge=2&value=0,R.KAEEELGELEAK.L,/core/www/modules/show_out/show_out_wrapper.php?run_id=110202&search_id=114132&scans_id=110198&peptide_id=7919&scanf=16681&charge=2&value=R.KAEEELGELEAK.L,SMC3,1.963e+7,4.032,0.000,3.937,0.000
16687,2,"  3.024","  0.580",16/32,/core/www/modules//sdig/index.php?run_id=110202&search_id=114132&scans_id=110198&peptide_id=7925&scanf=16687&charge=2&value=16/32,sp|Q15393|SF3B3_HUMAN,/core/www/modules//consensus/?run_id=110202&search_id=114132&scans_id=110198&peptide_id=7925&scanf=16687&charge=2&value=sp|Q15393|SF3B3_HUMAN,0,/core/www/modules/match_peptides/blast_html4.php?run_id=110202&search_id=114132&scans_id=110198&peptide_id=7925&scanf=16687&charge=2&value=0,R.LPPNTNDEVDEDPTGNK.A,/core/www/modules/show_out/show_out_wrapper.php?run_id=110202&search_id=114132&scans_id=110198&peptide_id=7925&scanf=16687&charge=2&value=R.LPPNTNDEVDEDPTGNK.A,SF3B3,9.849e+6,3.226,0.002,2.742,0.000
16689,3,"  4.470","  0.612",22/68,/core/www/modules//sdig/index.php?run_id=110202&search_id=114132&scans_id=110198&peptide_id=7927&scanf=16689&charge=3&value=22/68,sp|Q14839|CHD4_HUMAN,/core/www/modules//consensus/?run_id=110202&search_id=114132&scans_id=110198&peptide_id=7927&scanf=16689&charge=3&value=sp|Q14839|CHD4_HUMAN,17,/core/www/modules/match_peptides/blast_html4.php?run_id=110202&search_id=114132&scans_id=110198&peptide_id=7927&scanf=16689&charge=3&value=17,R.KNDMDEPPSGDFGGDEEK.S,/core/www/modules/show_out/show_out_wrapper.php?run_id=110202&search_id=114132&scans_id=110198&peptide_id=7927&scanf=16689&charge=3&value=R.KNDMDEPPSGDFGGDEEK.S,CHD4,5.310e+6,3.360,0.001,2.941,0.000
16690,2,"  3.017","  0.270",11/20,/core/www/modules//sdig/index.php?run_id=110202&search_id=114132&scans_id=110198&peptide_id=7929&scanf=16690&charge=2&value=11/20,sp|P08133|ANXA6_HUMAN,/core/www/modules//consensus/?run_id=110202&search_id=114132&scans_id=110198&peptide_id=7929&scanf=16690&charge=2&value=sp|P08133|ANXA6_HUMAN,4,/core/www/modules/match_peptides/blast_html4.php?run_id=110202&search_id=114132&scans_id=110198&peptide_id=7929&scanf=16690&charge=2&value=4,K.DAISGIGTDEK.C,/core/www/modules/show_out/show_out_wrapper.php?run_id=110202&search_id=114132&scans_id=110198&peptide_id=7929&scanf=16690&charge=2&value=K.DAISGIGTDEK.C,ANXA6,9.099e+6,2.407,0.029,1.540,0.001
16691,3,"  4.831","  0.616",21/52,/core/www/modules//sdig/index.php?run_id=110202&search_id=114132&scans_id=110198&peptide_id=7930&scanf=16691&charge=3&value=21/52,sp|P22087|FBRL_HUMAN,/core/www/modules//consensus/?run_id=110202&search_id=114132&scans_id=110198&peptide_id=7930&scanf=16691&charge=3&value=sp|P22087|FBRL_HUMAN,7,/core/www/modules/match_peptides/blast_html4.php?run_id=110202&search_id=114132&scans_id=110198&peptide_id=7930&scanf=16691&charge=3&value=7,K.RVSISEGDDKIEYR.A,/core/www/modules/show_out/show_out_wrapper.php?run_id=110202&search_id=114132&scans_id=110198&peptide_id=7930&scanf=16691&charge=3&value=K.RVSISEGDDKIEYR.A,FBL,2.432e+7,3.230,0.002,2.748,0.000
16692,2,"  2.611","  0.434",10/18,/core/www/modules//sdig/index.php?run_id=110202&search_id=114132&scans_id=110198&peptide_id=7931&scanf=16692&charge=2&value=10/18,sp|P43246|MSH2_HUMAN,/core/www/modules//consensus/?run_id=110202&search_id=114132&scans_id=110198&peptide_id=7931&scanf=16692&charge=2&value=sp|P43246|MSH2_HUMAN,4,/core/www/modules/match_peptides/blast_html4.php?run_id=110202&search_id=114132&scans_id=110198&peptide_id=7931&scanf=16692&charge=2&value=4,K.LTSLNEEYTK.N,/core/www/modules/show_out/show_out_wrapper.php?run_id=110202&search_id=114132&scans_id=110198&peptide_id=7931&scanf=16692&charge=2&value=K.LTSLNEEYTK.N,MSH2,1.006e+7,3.002,0.004,2.411,0.000
16694,3,"  2.032","  0.407",9/56,/core/www/modules//sdig/index.php?run_id=110202&search_id=114132&scans_id=110198&peptide_id=7933&scanf=16694&charge=3&value=9/56,sp|P62854|RS26_HUMAN,/core/www/modules//consensus/?run_id=110202&search_id=114132&scans_id=110198&peptide_id=7933&scanf=16694&charge=3&value=sp|P62854|RS26_HUMAN,1,/core/www/modules/match_peptides/blast_html4.php?run_id=110202&search_id=114132&scans_id=110198&peptide_id=7933&scanf=16694&charge=3&value=1,R.FRPAGAAPRPPPKPM*.-,/core/www/modules/show_out/show_out_wrapper.php?run_id=110202&search_id=114132&scans_id=110198&peptide_id=7933&scanf=16694&charge=3&value=R.FRPAGAAPRPPPKPM*.-,RPS26,4.149e+7,2.561,0.017,1.763,0.000
16695,2,"  1.480","  0.237",8/22,/core/www/modules//sdig/index.php?run_id=110202&search_id=114132&scans_id=110198&peptide_id=7934&scanf=16695&charge=2&value=8/22,sp|P46100|ATRX_HUMAN,/core/www/modules//consensus/?run_id=110202&search_id=114132&scans_id=110198&peptide_id=7934&scanf=16695&charge=2&value=sp|P46100|ATRX_HUMAN,1,/core/www/modules/match_peptides/blast_html4.php?run_id=110202&search_id=114132&scans_id=110198&peptide_id=7934&scanf=16695&charge=2&value=1,K.VVEATNSVTAVR.I,/core/www/modules/show_out/show_out_wrapper.php?run_id=110202&search_id=114132&scans_id=110198&peptide_id=7934&scanf=16695&charge=2&value=K.VVEATNSVTAVR.I,ATRX,7.728e+6,1.817,0.182,0.739,0.010
16700,3,"  3.066","  0.302",9/36,/core/www/modules//sdig/index.php?run_id=110202&search_id=114132&scans_id=110198&peptide_id=7939&scanf=16700&charge=3&value=9/36,sp|P08670|VIME_HUMAN,/core/www/modules//consensus/?run_id=110202&search_id=114132&scans_id=110198&peptide_id=7939&scanf=16700&charge=3&value=sp|P08670|VIME_HUMAN,1,/core/www/modules/match_peptides/blast_html4.php?run_id=110202&search_id=114132&scans_id=110198&peptide_id=7939&scanf=16700&charge=3&value=1,R.EKLQEEM*LQR.E,/core/www/modules/show_out/show_out_wrapper.php?run_id=110202&search_id=114132&scans_id=110198&peptide_id=7939&scanf=16700&charge=3&value=R.EKLQEEM*LQR.E,VIM,1.225e+8,2.799,0.008,2.111,0.000
16705,2,"  2.861","  0.525",10/16,/core/www/modules//sdig/index.php?run_id=110202&search_id=114132&scans_id=110198&peptide_id=7944&scanf=16705&charge=2&value=10/16,sp|P61978|HNRPK_HUMAN,/core/www/modules//consensus/?run_id=110202&search_id=114132&scans_id=110198&peptide_id=7944&scanf=16705&charge=2&value=sp|P61978|HNRPK_HUMAN,1,/core/www/modules/match_peptides/blast_html4.php?run_id=110202&search_id=114132&scans_id=110198&peptide_id=7944&scanf=16705&charge=2&value=1,R.GGDLM*AYDR.R,/core/www/modules/show_out/show_out_wrapper.php?run_id=110202&search_id=114132&scans_id=110198&peptide_id=7944&scanf=16705&charge=2&value=R.GGDLM*AYDR.R,HNRNPK,3.559e+8,3.613,0.000,3.316,0.000
16710,2,"  3.032","  0.586",13/18,/core/www/modules//sdig/index.php?run_id=110202&search_id=114132&scans_id=110198&peptide_id=7950&scanf=16710&charge=2&value=13/18,sp|P62424|RL7A_HUMAN,/core/www/modules//consensus/?run_id=110202&search_id=114132&scans_id=110198&peptide_id=7950&scanf=16710&charge=2&value=sp|P62424|RL7A_HUMAN,1,/core/www/modules/match_peptides/blast_html4.php?run_id=110202&search_id=114132&scans_id=110198&peptide_id=7950&scanf=16710&charge=2&value=1,R.HWGGNVLGPK.S,/core/www/modules/show_out/show_out_wrapper.php?run_id=110202&search_id=114132&scans_id=110198&peptide_id=7950&scanf=16710&charge=2&value=R.HWGGNVLGPK.S,RPL7A,1.948e+8,3.769,0.000,3.547,0.000
16721,3,"  3.572","  0.699",17/44,/core/www/modules//sdig/index.php?run_id=110202&search_id=114132&scans_id=110198&peptide_id=7961&scanf=16721&charge=3&value=17/44,sp|P46777|RL5_HUMAN,/core/www/modules//consensus/?run_id=110202&search_id=114132&scans_id=110198&peptide_id=7961&scanf=16721&charge=3&value=sp|P46777|RL5_HUMAN,1,/core/www/modules/match_peptides/blast_html4.php?run_id=110202&search_id=114132&scans_id=110198&peptide_id=7961&scanf=16721&charge=3&value=1,R.YLMEEDEDAYKK.Q,/core/www/modules/show_out/show_out_wrapper.php?run_id=110202&search_id=114132&scans_id=110198&peptide_id=7961&scanf=16721&charge=3&value=R.YLMEEDEDAYKK.Q,RPL5,8.565e+7,3.748,0.000,3.516,0.000
16722,2,"  1.768","  0.399",11/14,/core/www/modules//sdig/index.php?run_id=110202&search_id=114132&scans_id=110198&peptide_id=7962&scanf=16722&charge=2&value=11/14,sp|P83916|CBX1_HUMAN,/core/www/modules//consensus/?run_id=110202&search_id=114132&scans_id=110198&peptide_id=7962&scanf=16722&charge=2&value=sp|P83916|CBX1_HUMAN,4,/core/www/modules/match_peptides/blast_html4.php?run_id=110202&search_id=114132&scans_id=110198&peptide_id=7962&scanf=16722&charge=2&value=4,K.GKVEYLLK.W,/core/www/modules/show_out/show_out_wrapper.php?run_id=110202&search_id=114132&scans_id=110198&peptide_id=7962&scanf=16722&charge=2&value=K.GKVEYLLK.W,CBX1,4.651e+7,2.881,0.006,2.233,0.000
16723,2,"  2.159","  0.335",12/16,/core/www/modules//sdig/index.php?run_id=110202&search_id=114132&scans_id=110198&peptide_id=7963&scanf=16723&charge=2&value=12/16,sp|P78527|PRKDC_HUMAN,/core/www/modules//consensus/?run_id=110202&search_id=114132&scans_id=110198&peptide_id=7963&scanf=16723&charge=2&value=sp|P78527|PRKDC_HUMAN,0,/core/www/modules/match_peptides/blast_html4.php?run_id=110202&search_id=114132&scans_id=110198&peptide_id=7963&scanf=16723&charge=2&value=0,K.KIPDTVLEK.V,/core/www/modules/show_out/show_out_wrapper.php?run_id=110202&search_id=114132&scans_id=110198&peptide_id=7963&scanf=16723&charge=2&value=K.KIPDTVLEK.V,PRKDC,7.142e+7,3.477,0.001,3.114,0.000
16725,3,"  2.190","  0.565",16/52,/core/www/modules//sdig/index.php?run_id=110202&search_id=114132&scans_id=110198&peptide_id=7965&scanf=16725&charge=3&value=16/52,sp|P56192|SYMC_HUMAN,/core/www/modules//consensus/?run_id=110202&search_id=114132&scans_id=110198&peptide_id=7965&scanf=16725&charge=3&value=sp|P56192|SYMC_HUMAN,1,/core/www/modules/match_peptides/blast_html4.php?run_id=110202&search_id=114132&scans_id=110198&peptide_id=7965&scanf=16725&charge=3&value=1,K.QLAVAEGKPPEAPK.G,/core/www/modules/show_out/show_out_wrapper.php?run_id=110202&search_id=114132&scans_id=110198&peptide_id=7965&scanf=16725&charge=3&value=K.QLAVAEGKPPEAPK.G,MARS1,3.486e+7,3.391,0.001,2.987,0.000
16726,2,"  2.665","  0.602",12/20,/core/www/modules//sdig/index.php?run_id=110202&search_id=114132&scans_id=110198&peptide_id=7966&scanf=16726&charge=2&value=12/20,sp|P06396|GELS_HUMAN,/core/www/modules//consensus/?run_id=110202&search_id=114132&scans_id=110198&peptide_id=7966&scanf=16726&charge=2&value=sp|P06396|GELS_HUMAN,5,/core/www/modules/match_peptides/blast_html4.php?run_id=110202&search_id=114132&scans_id=110198&peptide_id=7966&scanf=16726&charge=2&value=5,K.HVVPNEVVVQR.L,/core/www/modules/show_out/show_out_wrapper.php?run_id=110202&search_id=114132&scans_id=110198&peptide_id=7966&scanf=16726&charge=2&value=K.HVVPNEVVVQR.L,GSN,1.994e+7,3.611,0.000,3.313,0.000
16727,2,"  1.993","  0.513",9/14,/core/www/modules//sdig/index.php?run_id=110202&search_id=114132&scans_id=110198&peptide_id=7967&scanf=16727&charge=2&value=9/14,sp|Q14839|CHD4_HUMAN,/core/www/modules//consensus/?run_id=110202&search_id=114132&scans_id=110198&peptide_id=7967&scanf=16727&charge=2&value=sp|Q14839|CHD4_HUMAN,19,/core/www/modules/match_peptides/blast_html4.php?run_id=110202&search_id=114132&scans_id=110198&peptide_id=7967&scanf=16727&charge=2&value=19,R.NFEALNAR.G,/core/www/modules/show_out/show_out_wrapper.php?run_id=110202&search_id=114132&scans_id=110198&peptide_id=7967&scanf=16727&charge=2&value=R.NFEALNAR.G,CHD4,3.389e+7,3.508,0.001,3.160,0.000
16728,3,"  2.997","  0.383",12/36,/core/www/modules//sdig/index.php?run_id=110202&search_id=114132&scans_id=110198&peptide_id=7968&scanf=16728&charge=3&value=12/36,sp|P53618|COPB_HUMAN,/core/www/modules//consensus/?run_id=110202&search_id=114132&scans_id=110198&peptide_id=7968&scanf=16728&charge=3&value=sp|P53618|COPB_HUMAN,0,/core/www/modules/match_peptides/blast_html4.php?run_id=110202&search_id=114132&scans_id=110198&peptide_id=7968&scanf=16728&charge=3&value=0,R.QSLSHMLSAK.L,/core/www/modules/show_out/show_out_wrapper.php?run_id=110202&search_id=114132&scans_id=110198&peptide_id=7968&scanf=16728&charge=3&value=R.QSLSHMLSAK.L,COPB1,2.247e+7,3.024,0.004,2.444,0.000
16729,2,"  2.272","  0.271",9/16,/core/www/modules//sdig/index.php?run_id=110202&search_id=114132&scans_id=110198&peptide_id=7969&scanf=16729&charge=2&value=9/16,sp|P35249|RFC4_HUMAN,/core/www/modules//consensus/?run_id=110202&search_id=114132&scans_id=110198&peptide_id=7969&scanf=16729&charge=2&value=sp|P35249|RFC4_HUMAN,5,/core/www/modules/match_peptides/blast_html4.php?run_id=110202&search_id=114132&scans_id=110198&peptide_id=7969&scanf=16729&charge=2&value=5,K.TSTILAAAR.E,/core/www/modules/show_out/show_out_wrapper.php?run_id=110202&search_id=114132&scans_id=110198&peptide_id=7969&scanf=16729&charge=2&value=K.TSTILAAAR.E,RFC4,1.560e+7,2.266,0.046,1.338,0.002
16732,2,"  1.357","  0.217",7/12,/core/www/modules//sdig/index.php?run_id=110202&search_id=114132&scans_id=110198&peptide_id=7973&scanf=16732&charge=2&value=7/12,sp|O00571|DDX3X_HUMAN,/core/www/modules//consensus/?run_id=110202&search_id=114132&scans_id=110198&peptide_id=7973&scanf=16732&charge=2&value=sp|O00571|DDX3X_HUMAN,17,/core/www/modules/match_peptides/blast_html4.php?run_id=110202&search_id=114132&scans_id=110198&peptide_id=7973&scanf=16732&charge=2&value=17,K.SSFFSDR.G,/core/www/modules/show_out/show_out_wrapper.php?run_id=110202&search_id=114132&scans_id=110198&peptide_id=7973&scanf=16732&charge=2&value=K.SSFFSDR.G,DDX3X,2.546e+7,2.427,0.027,1.568,0.001
16733,2,"  2.817","  0.378",11/20,/core/www/modules//sdig/index.php?run_id=110202&search_id=114132&scans_id=110198&peptide_id=7974&scanf=16733&charge=2&value=11/20,sp|Q9UQE7|SMC3_HUMAN,/core/www/modules//consensus/?run_id=110202&search_id=114132&scans_id=110198&peptide_id=7974&scanf=16733&charge=2&value=sp|Q9UQE7|SMC3_HUMAN,0,/core/www/modules/match_peptides/blast_html4.php?run_id=110202&search_id=114132&scans_id=110198&peptide_id=7974&scanf=16733&charge=2&value=0,R.GALTGGYYDTR.K,/core/www/modules/show_out/show_out_wrapper.php?run_id=110202&search_id=114132&scans_id=110198&peptide_id=7974&scanf=16733&charge=2&value=R.GALTGGYYDTR.K,SMC3,1.389e+7,2.887,0.006,2.241,0.000
16734,2,"  3.726","  0.592",15/30,/core/www/modules//sdig/index.php?run_id=110202&search_id=114132&scans_id=110198&peptide_id=7975&scanf=16734&charge=2&value=15/30,sp|Q5RKV6|EXOS6_HUMAN,/core/www/modules//consensus/?run_id=110202&search_id=114132&scans_id=110198&peptide_id=7975&scanf=16734&charge=2&value=sp|Q5RKV6|EXOS6_HUMAN,0,/core/www/modules/match_peptides/blast_html4.php?run_id=110202&search_id=114132&scans_id=110198&peptide_id=7975&scanf=16734&charge=2&value=0,R.GGGPAGAGGEAPAALR.G,/core/www/modules/show_out/show_out_wrapper.php?run_id=110202&search_id=114132&scans_id=110198&peptide_id=7975&scanf=16734&charge=2&value=R.GGGPAGAGGEAPAALR.G,EXOSC6,2.470e+7,3.237,0.002,2.759,0.000
16736,2,"  1.907","  0.419",9/14,/core/www/modules//sdig/index.php?run_id=110202&search_id=114132&scans_id=110198&peptide_id=7977&scanf=16736&charge=2&value=9/14,sp|P07237|PDIA1_HUMAN,/core/www/modules//consensus/?run_id=110202&search_id=114132&scans_id=110198&peptide_id=7977&scanf=16736&charge=2&value=sp|P07237|PDIA1_HUMAN,14,/core/www/modules/match_peptides/blast_html4.php?run_id=110202&search_id=114132&scans_id=110198&peptide_id=7977&scanf=16736&charge=2&value=14,K.VHSFPTLK.F,/core/www/modules/show_out/show_out_wrapper.php?run_id=110202&search_id=114132&scans_id=110198&peptide_id=7977&scanf=16736&charge=2&value=K.VHSFPTLK.F,P4HB,2.408e+7,3.111,0.003,2.572,0.000
16738,3,"  3.345","  0.492",19/60,/core/www/modules//sdig/index.php?run_id=110202&search_id=114132&scans_id=110198&peptide_id=7979&scanf=16738&charge=3&value=19/60,sp|A6NHR9|SMHD1_HUMAN,/core/www/modules//consensus/?run_id=110202&search_id=114132&scans_id=110198&peptide_id=7979&scanf=16738&charge=3&value=sp|A6NHR9|SMHD1_HUMAN,1,/core/www/modules/match_peptides/blast_html4.php?run_id=110202&search_id=114132&scans_id=110198&peptide_id=7979&scanf=16738&charge=3&value=1,R.EKESELGDRPLQVGER.S,/core/www/modules/show_out/show_out_wrapper.php?run_id=110202&search_id=114132&scans_id=110198&peptide_id=7979&scanf=16738&charge=3&value=R.EKESELGDRPLQVGER.S,SMCHD1,2.186e+7,3.042,0.003,2.470,0.000
16742,2,"  1.887","  0.388",9/12,/core/www/modules//sdig/index.php?run_id=110202&search_id=114132&scans_id=110198&peptide_id=7983&scanf=16742&charge=2&value=9/12,sp|P07900|HS90A_HUMAN,/core/www/modules//consensus/?run_id=110202&search_id=114132&scans_id=110198&peptide_id=7983&scanf=16742&charge=2&value=sp|P07900|HS90A_HUMAN,0,/core/www/modules/match_peptides/blast_html4.php?run_id=110202&search_id=114132&scans_id=110198&peptide_id=7983&scanf=16742&charge=2&value=0,K.FYEQFSK.N,/core/www/modules/show_out/show_out_wrapper.php?run_id=110202&search_id=114132&scans_id=110198&peptide_id=7983&scanf=16742&charge=2&value=K.FYEQFSK.N,HSP90AA1,1.412e+8,3.398,0.001,2.996,0.000
16744,2,"  1.802","  0.352",9/12,/core/www/modules//sdig/index.php?run_id=110202&search_id=114132&scans_id=110198&peptide_id=7985&scanf=16744&charge=2&value=9/12,sp|P51531|SMCA2_HUMAN,/core/www/modules//consensus/?run_id=110202&search_id=114132&scans_id=110198&peptide_id=7985&scanf=16744&charge=2&value=sp|P51531|SMCA2_HUMAN,6,/core/www/modules/match_peptides/blast_html4.php?run_id=110202&search_id=114132&scans_id=110198&peptide_id=7985&scanf=16744&charge=2&value=6,R.AQILAYK.M,/core/www/modules/show_out/show_out_wrapper.php?run_id=110202&search_id=114132&scans_id=110198&peptide_id=7985&scanf=16744&charge=2&value=R.AQILAYK.M,SMARCA2,5.829e+7,3.298,0.001,2.849,0.000
16746,4,"  4.680","  0.471",19/102,/core/www/modules//sdig/index.php?run_id=110202&search_id=114132&scans_id=110198&peptide_id=7987&scanf=16746&charge=4&value=19/102,sp|Q93009|UBP7_HUMAN,/core/www/modules//consensus/?run_id=110202&search_id=114132&scans_id=110198&peptide_id=7987&scanf=16746&charge=4&value=sp|Q93009|UBP7_HUMAN,3,/core/www/modules/match_peptides/blast_html4.php?run_id=110202&search_id=114132&scans_id=110198&peptide_id=7987&scanf=16746&charge=4&value=3,K.EEAIEHNYGGHDDDLSVR.H,/core/www/modules/show_out/show_out_wrapper.php?run_id=110202&search_id=114132&scans_id=110198&peptide_id=7987&scanf=16746&charge=4&value=K.EEAIEHNYGGHDDDLSVR.H,USP7,8.752e+6,3.347,0.001,2.922,0.000
16747,2,"  2.253","  0.315",8/12,/core/www/modules//sdig/index.php?run_id=110202&search_id=114132&scans_id=110198&peptide_id=7988&scanf=16747&charge=2&value=8/12,sp|P52272|HNRPM_HUMAN,/core/www/modules//consensus/?run_id=110202&search_id=114132&scans_id=110198&peptide_id=7988&scanf=16747&charge=2&value=sp|P52272|HNRPM_HUMAN,3,/core/www/modules/match_peptides/blast_html4.php?run_id=110202&search_id=114132&scans_id=110198&peptide_id=7988&scanf=16747&charge=2&value=3,R.MGLSMER.M,/core/www/modules/show_out/show_out_wrapper.php?run_id=110202&search_id=114132&scans_id=110198&peptide_id=7988&scanf=16747&charge=2&value=R.MGLSMER.M,HNRNPM,1.037e+8,3.066,0.003,2.506,0.000
16748,3,"  2.950","  0.486",14/40,/core/www/modules//sdig/index.php?run_id=110202&search_id=114132&scans_id=110198&peptide_id=7989&scanf=16748&charge=3&value=14/40,sp|Q6P2Q9|PRP8_HUMAN,/core/www/modules//consensus/?run_id=110202&search_id=114132&scans_id=110198&peptide_id=7989&scanf=16748&charge=3&value=sp|Q6P2Q9|PRP8_HUMAN,0,/core/www/modules/match_peptides/blast_html4.php?run_id=110202&search_id=114132&scans_id=110198&peptide_id=7989&scanf=16748&charge=3&value=0,R.WGDYDSHDIER.Y,/core/www/modules/show_out/show_out_wrapper.php?run_id=110202&search_id=114132&scans_id=110198&peptide_id=7989&scanf=16748&charge=3&value=R.WGDYDSHDIER.Y,PRPF8,2.201e+7,3.589,0.001,3.281,0.000
16751,2,"  2.357","  0.141",11/20,/core/www/modules//sdig/index.php?run_id=110202&search_id=114132&scans_id=110198&peptide_id=7993&scanf=16751&charge=2&value=11/20,sp|P78347|GTF2I_HUMAN,/core/www/modules//consensus/?run_id=110202&search_id=114132&scans_id=110198&peptide_id=7993&scanf=16751&charge=2&value=sp|P78347|GTF2I_HUMAN,3,/core/www/modules/match_peptides/blast_html4.php?run_id=110202&search_id=114132&scans_id=110198&peptide_id=7993&scanf=16751&charge=2&value=3,K.FAEALGSTEAK.A,/core/www/modules/show_out/show_out_wrapper.php?run_id=110202&search_id=114132&scans_id=110198&peptide_id=7993&scanf=16751&charge=2&value=K.FAEALGSTEAK.A,GTF2I,3.092e+7,2.023,0.099,1.003,0.005
16752,3,"  3.392","  0.429",11/44,/core/www/modules//sdig/index.php?run_id=110202&search_id=114132&scans_id=110198&peptide_id=7994&scanf=16752&charge=3&value=11/44,sp|Q9UKN8|TF3C4_HUMAN,/core/www/modules//consensus/?run_id=110202&search_id=114132&scans_id=110198&peptide_id=7994&scanf=16752&charge=3&value=sp|Q9UKN8|TF3C4_HUMAN,0,/core/www/modules/match_peptides/blast_html4.php?run_id=110202&search_id=114132&scans_id=110198&peptide_id=7994&scanf=16752&charge=3&value=0,R.HPAPEDPDWIKR.L,/core/www/modules/show_out/show_out_wrapper.php?run_id=110202&search_id=114132&scans_id=110198&peptide_id=7994&scanf=16752&charge=3&value=R.HPAPEDPDWIKR.L,GTF3C4,1.045e+7,2.671,0.012,1.923,0.000
16753,2,"  2.013","  0.468",10/16,/core/www/modules//sdig/index.php?run_id=110202&search_id=114132&scans_id=110198&peptide_id=7995&scanf=16753&charge=2&value=10/16,sp|O43159|RRP8_HUMAN,/core/www/modules//consensus/?run_id=110202&search_id=114132&scans_id=110198&peptide_id=7995&scanf=16753&charge=2&value=sp|O43159|RRP8_HUMAN,1,/core/www/modules/match_peptides/blast_html4.php?run_id=110202&search_id=114132&scans_id=110198&peptide_id=7995&scanf=16753&charge=2&value=1,K.TGPPLVGPK.A,/core/www/modules/show_out/show_out_wrapper.php?run_id=110202&search_id=114132&scans_id=110198&peptide_id=7995&scanf=16753&charge=2&value=K.TGPPLVGPK.A,RRP8,2.430e+7,3.184,0.002,2.680,0.000
16755,2,"  1.799","  0.084",8/12,/core/www/modules//sdig/index.php?run_id=110202&search_id=114132&scans_id=110198&peptide_id=7997&scanf=16755&charge=2&value=8/12,sp|P07900|HS90A_HUMAN,/core/www/modules//consensus/?run_id=110202&search_id=114132&scans_id=110198&peptide_id=7997&scanf=16755&charge=2&value=sp|P07900|HS90A_HUMAN,0,/core/www/modules/match_peptides/blast_html4.php?run_id=110202&search_id=114132&scans_id=110198&peptide_id=7997&scanf=16755&charge=2&value=0,K.KLSELLR.Y,/core/www/modules/show_out/show_out_wrapper.php?run_id=110202&search_id=114132&scans_id=110198&peptide_id=7997&scanf=16755&charge=2&value=K.KLSELLR.Y,HSP90AA1,6.385e+7,1.965,0.118,0.927,0.005
16758,2,"  2.858","  0.478",11/20,/core/www/modules//sdig/index.php?run_id=110202&search_id=114132&scans_id=110198&peptide_id=8000&scanf=16758&charge=2&value=11/20,sp|Q9NUL3|STAU2_HUMAN,/core/www/modules//consensus/?run_id=110202&search_id=114132&scans_id=110198&peptide_id=8000&scanf=16758&charge=2&value=sp|Q9NUL3|STAU2_HUMAN,5,/core/www/modules/match_peptides/blast_html4.php?run_id=110202&search_id=114132&scans_id=110198&peptide_id=8000&scanf=16758&charge=2&value=5,K.ASTNLQDQLEK.T,/core/www/modules/show_out/show_out_wrapper.php?run_id=110202&search_id=114132&scans_id=110198&peptide_id=8000&scanf=16758&charge=2&value=K.ASTNLQDQLEK.T,STAU2,8.727e+6,3.120,0.003,2.585,0.000
16760,3,"  2.368","  0.205",9/56,/core/www/modules//sdig/index.php?run_id=110202&search_id=114132&scans_id=110198&peptide_id=8003&scanf=16760&charge=3&value=9/56,sp|Q99798|ACON_HUMAN,/core/www/modules//consensus/?run_id=110202&search_id=114132&scans_id=110198&peptide_id=8003&scanf=16760&charge=3&value=sp|Q99798|ACON_HUMAN,7,/core/www/modules/match_peptides/blast_html4.php?run_id=110202&search_id=114132&scans_id=110198&peptide_id=8003&scanf=16760&charge=3&value=7,K.GEFDPGQDTYQHPPK.D,/core/www/modules/show_out/show_out_wrapper.php?run_id=110202&search_id=114132&scans_id=110198&peptide_id=8003&scanf=16760&charge=3&value=K.GEFDPGQDTYQHPPK.D,ACO2,8.474e+6,1.892,0.147,0.832,0.007
16763,2,"  2.227","  0.492",10/14,/core/www/modules//sdig/index.php?run_id=110202&search_id=114132&scans_id=110198&peptide_id=8005&scanf=16763&charge=2&value=10/14,sp|P25705|ATPA_HUMAN,/core/www/modules//consensus/?run_id=110202&search_id=114132&scans_id=110198&peptide_id=8005&scanf=16763&charge=2&value=sp|P25705|ATPA_HUMAN,1,/core/www/modules/match_peptides/blast_html4.php?run_id=110202&search_id=114132&scans_id=110198&peptide_id=8005&scanf=16763&charge=2&value=1,R.STVAQLVK.R,/core/www/modules/show_out/show_out_wrapper.php?run_id=110202&search_id=114132&scans_id=110198&peptide_id=8005&scanf=16763&charge=2&value=R.STVAQLVK.R,ATP5F1A,9.796e+7,3.492,0.001,3.136,0.000
16764,3,"  4.019","  0.539",17/60,/core/www/modules//sdig/index.php?run_id=110202&search_id=114132&scans_id=110198&peptide_id=8006&scanf=16764&charge=3&value=17/60,sp|P62917|RL8_HUMAN,/core/www/modules//consensus/?run_id=110202&search_id=114132&scans_id=110198&peptide_id=8006&scanf=16764&charge=3&value=sp|P62917|RL8_HUMAN,2,/core/www/modules/match_peptides/blast_html4.php?run_id=110202&search_id=114132&scans_id=110198&peptide_id=8006&scanf=16764&charge=3&value=2,R.ASGNYATVISHNPETK.K,/core/www/modules/show_out/show_out_wrapper.php?run_id=110202&search_id=114132&scans_id=110198&peptide_id=8006&scanf=16764&charge=3&value=R.ASGNYATVISHNPETK.K,RPL8,3.002e+8,3.258,0.002,2.789,0.000
16769,2,"  3.615","  0.637",19/28,/core/www/modules//sdig/index.php?run_id=110202&search_id=114132&scans_id=110198&peptide_id=8011&scanf=16769&charge=2&value=19/28,sp|P78527|PRKDC_HUMAN,/core/www/modules//consensus/?run_id=110202&search_id=114132&scans_id=110198&peptide_id=8011&scanf=16769&charge=2&value=sp|P78527|PRKDC_HUMAN,1,/core/www/modules/match_peptides/blast_html4.php?run_id=110202&search_id=114132&scans_id=110198&peptide_id=8011&scanf=16769&charge=2&value=1,R.AQEPESGLSEETQVK.C,/core/www/modules/show_out/show_out_wrapper.php?run_id=110202&search_id=114132&scans_id=110198&peptide_id=8011&scanf=16769&charge=2&value=R.AQEPESGLSEETQVK.C,PRKDC,8.615e+7,4.511,0.000,4.648,0.000
16771,3,"  4.171","  0.577",17/52,/core/www/modules//sdig/index.php?run_id=110202&search_id=114132&scans_id=110198&peptide_id=8014&scanf=16771&charge=3&value=17/52,sp|O00629|IMA3_HUMAN,/core/www/modules//consensus/?run_id=110202&search_id=114132&scans_id=110198&peptide_id=8014&scanf=16771&charge=3&value=sp|O00629|IMA3_HUMAN,3,/core/www/modules/match_peptides/blast_html4.php?run_id=110202&search_id=114132&scans_id=110198&peptide_id=8014&scanf=16771&charge=3&value=3,K.IEQLQNHENEDIYK.L,/core/www/modules/show_out/show_out_wrapper.php?run_id=110202&search_id=114132&scans_id=110198&peptide_id=8014&scanf=16771&charge=3&value=K.IEQLQNHENEDIYK.L,KPNA4,2.929e+7,3.479,0.001,3.116,0.000
16773,2,"  2.107","  0.355",9/16,/core/www/modules//sdig/index.php?run_id=110202&search_id=114132&scans_id=110198&peptide_id=8016&scanf=16773&charge=2&value=9/16,sp|P61326|MGN_HUMAN,/core/www/modules//consensus/?run_id=110202&search_id=114132&scans_id=110198&peptide_id=8016&scanf=16773&charge=2&value=sp|P61326|MGN_HUMAN,4,/core/www/modules/match_peptides/blast_html4.php?run_id=110202&search_id=114132&scans_id=110198&peptide_id=8016&scanf=16773&charge=2&value=4,R.IIDDSEITK.E,/core/www/modules/show_out/show_out_wrapper.php?run_id=110202&search_id=114132&scans_id=110198&peptide_id=8016&scanf=16773&charge=2&value=R.IIDDSEITK.E,MAGOH,2.340e+7,2.700,0.011,1.965,0.000
16774,2,"  1.501","  0.365",8/12,/core/www/modules//sdig/index.php?run_id=110202&search_id=114132&scans_id=110198&peptide_id=8017&scanf=16774&charge=2&value=8/12,sp|P52272|HNRPM_HUMAN,/core/www/modules//consensus/?run_id=110202&search_id=114132&scans_id=110198&peptide_id=8017&scanf=16774&charge=2&value=sp|P52272|HNRPM_HUMAN,3,/core/www/modules/match_peptides/blast_html4.php?run_id=110202&search_id=114132&scans_id=110198&peptide_id=8017&scanf=16774&charge=2&value=3,R.M*GLSM*ER.M,/core/www/modules/show_out/show_out_wrapper.php?run_id=110202&search_id=114132&scans_id=110198&peptide_id=8017&scanf=16774&charge=2&value=R.M*GLSM*ER.M,HNRNPM,1.357e+7,3.183,0.002,2.679,0.000
16776,2,"  1.798","  0.294",9/12,/core/www/modules//sdig/index.php?run_id=110202&search_id=114132&scans_id=110198&peptide_id=8019&scanf=16776&charge=2&value=9/12,sp|P25705|ATPA_HUMAN,/core/www/modules//consensus/?run_id=110202&search_id=114132&scans_id=110198&peptide_id=8019&scanf=16776&charge=2&value=sp|P25705|ATPA_HUMAN,4,/core/www/modules/match_peptides/blast_html4.php?run_id=110202&search_id=114132&scans_id=110198&peptide_id=8019&scanf=16776&charge=2&value=4,K.APGIIPR.I,/core/www/modules/show_out/show_out_wrapper.php?run_id=110202&search_id=114132&scans_id=110198&peptide_id=8019&scanf=16776&charge=2&value=K.APGIIPR.I,ATP5F1A,8.504e+7,2.901,0.005,2.262,0.000
16779,2,"  3.389","  0.599",12/18,/core/www/modules//sdig/index.php?run_id=110202&search_id=114132&scans_id=110198&peptide_id=8022&scanf=16779&charge=2&value=12/18,sp|Q14566|MCM6_HUMAN,/core/www/modules//consensus/?run_id=110202&search_id=114132&scans_id=110198&peptide_id=8022&scanf=16779&charge=2&value=sp|Q14566|MCM6_HUMAN,0,/core/www/modules/match_peptides/blast_html4.php?run_id=110202&search_id=114132&scans_id=110198&peptide_id=8022&scanf=16779&charge=2&value=0,R.IQETQAELPR.G,/core/www/modules/show_out/show_out_wrapper.php?run_id=110202&search_id=114132&scans_id=110198&peptide_id=8022&scanf=16779&charge=2&value=R.IQETQAELPR.G,MCM6,2.321e+7,3.750,0.000,3.519,0.000
16782,2,"  2.375","  0.342",10/16,/core/www/modules//sdig/index.php?run_id=110202&search_id=114132&scans_id=110198&peptide_id=8026&scanf=16782&charge=2&value=10/16,sp|Q8WYA6|CTBL1_HUMAN,/core/www/modules//consensus/?run_id=110202&search_id=114132&scans_id=110198&peptide_id=8026&scanf=16782&charge=2&value=sp|Q8WYA6|CTBL1_HUMAN,2,/core/www/modules/match_peptides/blast_html4.php?run_id=110202&search_id=114132&scans_id=110198&peptide_id=8026&scanf=16782&charge=2&value=2,R.IKFPDNPEK.F,/core/www/modules/show_out/show_out_wrapper.php?run_id=110202&search_id=114132&scans_id=110198&peptide_id=8026&scanf=16782&charge=2&value=R.IKFPDNPEK.F,CTNNBL1,2.424e+7,2.561,0.017,1.763,0.000
16785,2,"  2.807","  0.611",13/22,/core/www/modules//sdig/index.php?run_id=110202&search_id=114132&scans_id=110198&peptide_id=8028&scanf=16785&charge=2&value=13/22,sp|P05198|IF2A_HUMAN,/core/www/modules//consensus/?run_id=110202&search_id=114132&scans_id=110198&peptide_id=8028&scanf=16785&charge=2&value=sp|P05198|IF2A_HUMAN,0,/core/www/modules/match_peptides/blast_html4.php?run_id=110202&search_id=114132&scans_id=110198&peptide_id=8028&scanf=16785&charge=2&value=0,K.VVTDTDETELAR.Q,/core/www/modules/show_out/show_out_wrapper.php?run_id=110202&search_id=114132&scans_id=110198&peptide_id=8028&scanf=16785&charge=2&value=K.VVTDTDETELAR.Q,EIF2S1,4.518e+7,3.526,0.001,3.186,0.000
16786,3,"  2.913","  0.344",10/52,/core/www/modules//sdig/index.php?run_id=110202&search_id=114132&scans_id=110198&peptide_id=8029&scanf=16786&charge=3&value=10/52,sp|O00629|IMA3_HUMAN,/core/www/modules//consensus/?run_id=110202&search_id=114132&scans_id=110198&peptide_id=8029&scanf=16786&charge=3&value=sp|O00629|IMA3_HUMAN,3,/core/www/modules/match_peptides/blast_html4.php?run_id=110202&search_id=114132&scans_id=110198&peptide_id=8029&scanf=16786&charge=3&value=3,K.IEQLQNHENEDIYK.L,/core/www/modules/show_out/show_out_wrapper.php?run_id=110202&search_id=114132&scans_id=110198&peptide_id=8029&scanf=16786&charge=3&value=K.IEQLQNHENEDIYK.L,KPNA4,2.929e+7,2.424,0.027,1.564,0.001
16789,4,"  2.444","  0.406",13/84,/core/www/modules//sdig/index.php?run_id=110202&search_id=114132&scans_id=110198&peptide_id=8032&scanf=16789&charge=4&value=13/84,sp|O94906|PRP6_HUMAN,/core/www/modules//consensus/?run_id=110202&search_id=114132&scans_id=110198&peptide_id=8032&scanf=16789&charge=4&value=sp|O94906|PRP6_HUMAN,0,/core/www/modules/match_peptides/blast_html4.php?run_id=110202&search_id=114132&scans_id=110198&peptide_id=8032&scanf=16789&charge=4&value=0,R.ETNPHHPPAWIASAR.L,/core/www/modules/show_out/show_out_wrapper.php?run_id=110202&search_id=114132&scans_id=110198&peptide_id=8032&scanf=16789&charge=4&value=R.ETNPHHPPAWIASAR.L,PRPF6,2.312e+7,3.160,0.002,2.645,0.000
16790,2,"  2.076","  0.376",10/14,/core/www/modules//sdig/index.php?run_id=110202&search_id=114132&scans_id=110198&peptide_id=8034&scanf=16790&charge=2&value=10/14,sp|O60264|SMCA5_HUMAN,/core/www/modules//consensus/?run_id=110202&search_id=114132&scans_id=110198&peptide_id=8034&scanf=16790&charge=2&value=sp|O60264|SMCA5_HUMAN,0,/core/www/modules/match_peptides/blast_html4.php?run_id=110202&search_id=114132&scans_id=110198&peptide_id=8034&scanf=16790&charge=2&value=0,R.DDIENIAR.E,/core/www/modules/show_out/show_out_wrapper.php?run_id=110202&search_id=114132&scans_id=110198&peptide_id=8034&scanf=16790&charge=2&value=R.DDIENIAR.E,SMARCA5,1.513e+8,3.302,0.001,2.855,0.000
16793,2,"  3.708","  0.592",13/24,/core/www/modules//sdig/index.php?run_id=110202&search_id=114132&scans_id=110198&peptide_id=8037&scanf=16793&charge=2&value=13/24,sp|Q96GM5|SMRD1_HUMAN,/core/www/modules//consensus/?run_id=110202&search_id=114132&scans_id=110198&peptide_id=8037&scanf=16793&charge=2&value=sp|Q96GM5|SMRD1_HUMAN,3,/core/www/modules/match_peptides/blast_html4.php?run_id=110202&search_id=114132&scans_id=110198&peptide_id=8037&scanf=16793&charge=2&value=3,R.TATTQETDGFQVK.R,/core/www/modules/show_out/show_out_wrapper.php?run_id=110202&search_id=114132&scans_id=110198&peptide_id=8037&scanf=16793&charge=2&value=R.TATTQETDGFQVK.R,SMARCD1,3.797e+7,3.406,0.001,3.009,0.000
16796,2,"  2.755","  0.394",14/22,/core/www/modules//sdig/index.php?run_id=110202&search_id=114132&scans_id=110198&peptide_id=8040&scanf=16796&charge=2&value=14/22,sp|O60264|SMCA5_HUMAN,/core/www/modules//consensus/?run_id=110202&search_id=114132&scans_id=110198&peptide_id=8040&scanf=16796&charge=2&value=sp|O60264|SMCA5_HUMAN,0,/core/www/modules/match_peptides/blast_html4.php?run_id=110202&search_id=114132&scans_id=110198&peptide_id=8040&scanf=16796&charge=2&value=0,K.EIQEPDPTYEEK.M,/core/www/modules/show_out/show_out_wrapper.php?run_id=110202&search_id=114132&scans_id=110198&peptide_id=8040&scanf=16796&charge=2&value=K.EIQEPDPTYEEK.M,SMARCA5,2.408e+7,3.049,0.003,2.480,0.000
16797,2,"  2.194","  0.412",8/16,/core/www/modules//sdig/index.php?run_id=110202&search_id=114132&scans_id=110198&peptide_id=8041&scanf=16797&charge=2&value=8/16,sp|P18583|SON_HUMAN,/core/www/modules//consensus/?run_id=110202&search_id=114132&scans_id=110198&peptide_id=8041&scanf=16797&charge=2&value=sp|P18583|SON_HUMAN,1,/core/www/modules/match_peptides/blast_html4.php?run_id=110202&search_id=114132&scans_id=110198&peptide_id=8041&scanf=16797&charge=2&value=1,R.SMMSPMADR.S,/core/www/modules/show_out/show_out_wrapper.php?run_id=110202&search_id=114132&scans_id=110198&peptide_id=8041&scanf=16797&charge=2&value=R.SMMSPMADR.S,SON,1.640e+7,2.949,0.005,2.333,0.000
16799,2,"  2.439","  0.536",13/24,/core/www/modules//sdig/index.php?run_id=110202&search_id=114132&scans_id=110198&peptide_id=8043&scanf=16799&charge=2&value=13/24,sp|P30101|PDIA3_HUMAN,/core/www/modules//consensus/?run_id=110202&search_id=114132&scans_id=110198&peptide_id=8043&scanf=16799&charge=2&value=sp|P30101|PDIA3_HUMAN,9,/core/www/modules/match_peptides/blast_html4.php?run_id=110202&search_id=114132&scans_id=110198&peptide_id=8043&scanf=16799&charge=2&value=9,K.SEPIPESNDGPVK.V,/core/www/modules/show_out/show_out_wrapper.php?run_id=110202&search_id=114132&scans_id=110198&peptide_id=8043&scanf=16799&charge=2&value=K.SEPIPESNDGPVK.V,PDIA3,7.269e+7,3.206,0.002,2.712,0.000
16801,2,"  2.339","  0.509",10/14,/core/www/modules//sdig/index.php?run_id=110202&search_id=114132&scans_id=110198&peptide_id=8046&scanf=16801&charge=2&value=10/14,sp|Q92841|DDX17_HUMAN,/core/www/modules//consensus/?run_id=110202&search_id=114132&scans_id=110198&peptide_id=8046&scanf=16801&charge=2&value=sp|Q92841|DDX17_HUMAN,2,/core/www/modules/match_peptides/blast_html4.php?run_id=110202&search_id=114132&scans_id=110198&peptide_id=8046&scanf=16801&charge=2&value=2,K.LMQLVDHR.G,/core/www/modules/show_out/show_out_wrapper.php?run_id=110202&search_id=114132&scans_id=110198&peptide_id=8046&scanf=16801&charge=2&value=K.LMQLVDHR.G,DDX17,5.879e+7,3.582,0.001,3.270,0.000
16803,2,"  2.481","  0.570",10/18,/core/www/modules//sdig/index.php?run_id=110202&search_id=114132&scans_id=110198&peptide_id=8048&scanf=16803&charge=2&value=10/18,sp|Q6P2Q9|PRP8_HUMAN,/core/www/modules//consensus/?run_id=110202&search_id=114132&scans_id=110198&peptide_id=8048&scanf=16803&charge=2&value=sp|Q6P2Q9|PRP8_HUMAN,1,/core/www/modules/match_peptides/blast_html4.php?run_id=110202&search_id=114132&scans_id=110198&peptide_id=8048&scanf=16803&charge=2&value=1,K.LVVDSHVQYR.L,/core/www/modules/show_out/show_out_wrapper.php?run_id=110202&search_id=114132&scans_id=110198&peptide_id=8048&scanf=16803&charge=2&value=K.LVVDSHVQYR.L,PRPF8,1.617e+7,3.760,0.000,3.533,0.000
16806,2,"  1.833","  0.576",11/18,/core/www/modules//sdig/index.php?run_id=110202&search_id=114132&scans_id=110198&peptide_id=8050&scanf=16806&charge=2&value=11/18,sp|P13639|EF2_HUMAN,/core/www/modules//consensus/?run_id=110202&search_id=114132&scans_id=110198&peptide_id=8050&scanf=16806&charge=2&value=sp|P13639|EF2_HUMAN,0,/core/www/modules/match_peptides/blast_html4.php?run_id=110202&search_id=114132&scans_id=110198&peptide_id=8050&scanf=16806&charge=2&value=0,R.IMGPNYTPGK.K,/core/www/modules/show_out/show_out_wrapper.php?run_id=110202&search_id=114132&scans_id=110198&peptide_id=8050&scanf=16806&charge=2&value=R.IMGPNYTPGK.K,EEF2,3.668e+7,3.550,0.001,3.222,0.000
16810,3,"  1.701","  0.293",13/52,/core/www/modules//sdig/index.php?run_id=110202&search_id=114132&scans_id=110198&peptide_id=8055&scanf=16810&charge=3&value=13/52,sp|P09874|PARP1_HUMAN,/core/www/modules//consensus/?run_id=110202&search_id=114132&scans_id=110198&peptide_id=8055&scanf=16810&charge=3&value=sp|P09874|PARP1_HUMAN,1,/core/www/modules/match_peptides/blast_html4.php?run_id=110202&search_id=114132&scans_id=110198&peptide_id=8055&scanf=16810&charge=3&value=1,K.KPPLLNNADSVQAK.V,/core/www/modules/show_out/show_out_wrapper.php?run_id=110202&search_id=114132&scans_id=110198&peptide_id=8055&scanf=16810&charge=3&value=K.KPPLLNNADSVQAK.V,PARP1,7.034e+7,2.465,0.024,1.623,0.001
16815,2,"  4.084","  0.605",16/24,/core/www/modules//sdig/index.php?run_id=110202&search_id=114132&scans_id=110198&peptide_id=8060&scanf=16815&charge=2&value=16/24,sp|Q9UHB9|SRP68_HUMAN,/core/www/modules//consensus/?run_id=110202&search_id=114132&scans_id=110198&peptide_id=8060&scanf=16815&charge=2&value=sp|Q9UHB9|SRP68_HUMAN,0,/core/www/modules/match_peptides/blast_html4.php?run_id=110202&search_id=114132&scans_id=110198&peptide_id=8060&scanf=16815&charge=2&value=0,K.YANEVNSDAGAFK.N,/core/www/modules/show_out/show_out_wrapper.php?run_id=110202&search_id=114132&scans_id=110198&peptide_id=8060&scanf=16815&charge=2&value=K.YANEVNSDAGAFK.N,SRP68,1.937e+7,3.684,0.000,3.420,0.000
16817,3,"  3.910","  0.545",18/48,/core/www/modules//sdig/index.php?run_id=110202&search_id=114132&scans_id=110198&peptide_id=8062&scanf=16817&charge=3&value=18/48,sp|P41252|SYIC_HUMAN,/core/www/modules//consensus/?run_id=110202&search_id=114132&scans_id=110198&peptide_id=8062&scanf=16817&charge=3&value=sp|P41252|SYIC_HUMAN,6,/core/www/modules/match_peptides/blast_html4.php?run_id=110202&search_id=114132&scans_id=110198&peptide_id=8062&scanf=16817&charge=3&value=6,K.APLKPYPVSPSDK.V,/core/www/modules/show_out/show_out_wrapper.php?run_id=110202&search_id=114132&scans_id=110198&peptide_id=8062&scanf=16817&charge=3&value=K.APLKPYPVSPSDK.V,IARS1,5.454e+7,3.574,0.001,3.258,0.000
16818,2,"  1.961","  0.362",8/12,/core/www/modules//sdig/index.php?run_id=110202&search_id=114132&scans_id=110198&peptide_id=8063&scanf=16818&charge=2&value=8/12,sp|P08579|RU2B_HUMAN,/core/www/modules//consensus/?run_id=110202&search_id=114132&scans_id=110198&peptide_id=8063&scanf=16818&charge=2&value=sp|P08579|RU2B_HUMAN,2,/core/www/modules/match_peptides/blast_html4.php?run_id=110202&search_id=114132&scans_id=110198&peptide_id=8063&scanf=16818&charge=2&value=2,R.DALQGFK.I,/core/www/modules/show_out/show_out_wrapper.php?run_id=110202&search_id=114132&scans_id=110198&peptide_id=8063&scanf=16818&charge=2&value=R.DALQGFK.I,SNRPB2,3.117e+7,2.953,0.005,2.339,0.000
16827,2,"  3.430","  0.664",16/20,/core/www/modules//sdig/index.php?run_id=110202&search_id=114132&scans_id=110198&peptide_id=8072&scanf=16827&charge=2&value=16/20,sp|P46459|NSF_HUMAN,/core/www/modules//consensus/?run_id=110202&search_id=114132&scans_id=110198&peptide_id=8072&scanf=16827&charge=2&value=sp|P46459|NSF_HUMAN,4,/core/www/modules/match_peptides/blast_html4.php?run_id=110202&search_id=114132&scans_id=110198&peptide_id=8072&scanf=16827&charge=2&value=4,K.DFQSGQHVIVR.T,/core/www/modules/show_out/show_out_wrapper.php?run_id=110202&search_id=114132&scans_id=110198&peptide_id=8072&scanf=16827&charge=2&value=K.DFQSGQHVIVR.T,NSF,1.503e+7,4.149,0.000,4.111,0.000
16830,2,"  1.966","  0.017",10/12,/core/www/modules//sdig/index.php?run_id=110202&search_id=114132&scans_id=110198&peptide_id=8076&scanf=16830&charge=2&value=10/12,sp|P08238|HS90B_HUMAN,/core/www/modules//consensus/?run_id=110202&search_id=114132&scans_id=110198&peptide_id=8076&scanf=16830&charge=2&value=sp|P08238|HS90B_HUMAN,0,/core/www/modules/match_peptides/blast_html4.php?run_id=110202&search_id=114132&scans_id=110198&peptide_id=8076&scanf=16830&charge=2&value=0,R.RLSELLR.Y,/core/www/modules/show_out/show_out_wrapper.php?run_id=110202&search_id=114132&scans_id=110198&peptide_id=8076&scanf=16830&charge=2&value=R.RLSELLR.Y,HSP90AB1,2.375e+7,1.839,0.172,0.766,0.009
16831,2,"  2.306","  0.488",10/16,/core/www/modules//sdig/index.php?run_id=110202&search_id=114132&scans_id=110198&peptide_id=8077&scanf=16831&charge=2&value=10/16,sp|P18583|SON_HUMAN,/core/www/modules//consensus/?run_id=110202&search_id=114132&scans_id=110198&peptide_id=8077&scanf=16831&charge=2&value=sp|P18583|SON_HUMAN,2,/core/www/modules/match_peptides/blast_html4.php?run_id=110202&search_id=114132&scans_id=110198&peptide_id=8077&scanf=16831&charge=2&value=2,R.SMMSPMAER.S,/core/www/modules/show_out/show_out_wrapper.php?run_id=110202&search_id=114132&scans_id=110198&peptide_id=8077&scanf=16831&charge=2&value=R.SMMSPMAER.S,SON,3.193e+7,3.403,0.001,3.005,0.000
16832,3,"  6.259","  0.615",24/68,/core/www/modules//sdig/index.php?run_id=110202&search_id=114132&scans_id=110198&peptide_id=8078&scanf=16832&charge=3&value=24/68,sp|P14625|ENPL_HUMAN,/core/www/modules//consensus/?run_id=110202&search_id=114132&scans_id=110198&peptide_id=8078&scanf=16832&charge=3&value=sp|P14625|ENPL_HUMAN,8,/core/www/modules/match_peptides/blast_html4.php?run_id=110202&search_id=114132&scans_id=110198&peptide_id=8078&scanf=16832&charge=3&value=8,K.TETVEEPMEEEEAAKEEK.E,/core/www/modules/show_out/show_out_wrapper.php?run_id=110202&search_id=114132&scans_id=110198&peptide_id=8078&scanf=16832&charge=3&value=K.TETVEEPMEEEEAAKEEK.E,HSP90B1,1.347e+7,3.447,0.001,3.070,0.000
16833,2,"  3.416","  0.436",16/22,/core/www/modules//sdig/index.php?run_id=110202&search_id=114132&scans_id=110198&peptide_id=8079&scanf=16833&charge=2&value=16/22,sp|P51531|SMCA2_HUMAN,/core/www/modules//consensus/?run_id=110202&search_id=114132&scans_id=110198&peptide_id=8079&scanf=16833&charge=2&value=sp|P51531|SMCA2_HUMAN,4,/core/www/modules/match_peptides/blast_html4.php?run_id=110202&search_id=114132&scans_id=110198&peptide_id=8079&scanf=16833&charge=2&value=4,R.RDVDYSDALTEK.Q,/core/www/modules/show_out/show_out_wrapper.php?run_id=110202&search_id=114132&scans_id=110198&peptide_id=8079&scanf=16833&charge=2&value=R.RDVDYSDALTEK.Q,SMARCA2,1.258e+7,3.176,0.002,2.668,0.000
16834,2,"  1.909","  0.178",9/12,/core/www/modules//sdig/index.php?run_id=110202&search_id=114132&scans_id=110198&peptide_id=8080&scanf=16834&charge=2&value=9/12,sp|Q13895|BYST_HUMAN,/core/www/modules//consensus/?run_id=110202&search_id=114132&scans_id=110198&peptide_id=8080&scanf=16834&charge=2&value=sp|Q13895|BYST_HUMAN,1,/core/www/modules/match_peptides/blast_html4.php?run_id=110202&search_id=114132&scans_id=110198&peptide_id=8080&scanf=16834&charge=2&value=1,R.IFASNLK.E,/core/www/modules/show_out/show_out_wrapper.php?run_id=110202&search_id=114132&scans_id=110198&peptide_id=8080&scanf=16834&charge=2&value=R.IFASNLK.E,BYSL,1.455e+7,2.531,0.019,1.719,0.000
16836,2,"  4.239","  0.604",21/24,/core/www/modules//sdig/index.php?run_id=110202&search_id=114132&scans_id=110198&peptide_id=8082&scanf=16836&charge=2&value=21/24,sp|O43707|ACTN4_HUMAN,/core/www/modules//consensus/?run_id=110202&search_id=114132&scans_id=110198&peptide_id=8082&scanf=16836&charge=2&value=sp|O43707|ACTN4_HUMAN,3,/core/www/modules/match_peptides/blast_html4.php?run_id=110202&search_id=114132&scans_id=110198&peptide_id=8082&scanf=16836&charge=2&value=3,K.HRDYETATLSDIK.A,/core/www/modules/show_out/show_out_wrapper.php?run_id=110202&search_id=114132&scans_id=110198&peptide_id=8082&scanf=16836&charge=2&value=K.HRDYETATLSDIK.A,ACTN4,4.085e+7,4.071,0.000,3.995,0.000
16837,3,"  3.662","  0.546",16/44,/core/www/modules//sdig/index.php?run_id=110202&search_id=114132&scans_id=110198&peptide_id=8083&scanf=16837&charge=3&value=16/44,sp|O43242|PSMD3_HUMAN,/core/www/modules//consensus/?run_id=110202&search_id=114132&scans_id=110198&peptide_id=8083&scanf=16837&charge=3&value=sp|O43242|PSMD3_HUMAN,0,/core/www/modules/match_peptides/blast_html4.php?run_id=110202&search_id=114132&scans_id=110198&peptide_id=8083&scanf=16837&charge=3&value=0,R.DGVIEASINHEK.G,/core/www/modules/show_out/show_out_wrapper.php?run_id=110202&search_id=114132&scans_id=110198&peptide_id=8083&scanf=16837&charge=3&value=R.DGVIEASINHEK.G,PSMD3,2.661e+7,3.516,0.001,3.173,0.000
16840,2,"  1.724","  0.217",7/14,/core/www/modules//sdig/index.php?run_id=110202&search_id=114132&scans_id=110198&peptide_id=8087&scanf=16840&charge=2&value=7/14,sp|P78527|PRKDC_HUMAN,/core/www/modules//consensus/?run_id=110202&search_id=114132&scans_id=110198&peptide_id=8087&scanf=16840&charge=2&value=sp|P78527|PRKDC_HUMAN,0,/core/www/modules/match_peptides/blast_html4.php?run_id=110202&search_id=114132&scans_id=110198&peptide_id=8087&scanf=16840&charge=2&value=0,K.YFEGVSPK.S,/core/www/modules/show_out/show_out_wrapper.php?run_id=110202&search_id=114132&scans_id=110198&peptide_id=8087&scanf=16840&charge=2&value=K.YFEGVSPK.S,PRKDC,1.079e+8,2.955,0.005,2.342,0.000
16847,3,"  3.277","  0.519",16/44,/core/www/modules//sdig/index.php?run_id=110202&search_id=114132&scans_id=110198&peptide_id=8093&scanf=16847&charge=3&value=16/44,sp|O43242|PSMD3_HUMAN,/core/www/modules//consensus/?run_id=110202&search_id=114132&scans_id=110198&peptide_id=8093&scanf=16847&charge=3&value=sp|O43242|PSMD3_HUMAN,0,/core/www/modules/match_peptides/blast_html4.php?run_id=110202&search_id=114132&scans_id=110198&peptide_id=8093&scanf=16847&charge=3&value=0,R.DGVIEASINHEK.G,/core/www/modules/show_out/show_out_wrapper.php?run_id=110202&search_id=114132&scans_id=110198&peptide_id=8093&scanf=16847&charge=3&value=R.DGVIEASINHEK.G,PSMD3,2.661e+7,3.378,0.001,2.968,0.000
16848,3,"  1.960","  0.231",11/28,/core/www/modules//sdig/index.php?run_id=110202&search_id=114132&scans_id=110198&peptide_id=8094&scanf=16848&charge=3&value=11/28,sp|Q15397|PUM3_HUMAN,/core/www/modules//consensus/?run_id=110202&search_id=114132&scans_id=110198&peptide_id=8094&scanf=16848&charge=3&value=sp|Q15397|PUM3_HUMAN,0,/core/www/modules/match_peptides/blast_html4.php?run_id=110202&search_id=114132&scans_id=110198&peptide_id=8094&scanf=16848&charge=3&value=0,K.WLIEQDKK.M,/core/www/modules/show_out/show_out_wrapper.php?run_id=110202&search_id=114132&scans_id=110198&peptide_id=8094&scanf=16848&charge=3&value=K.WLIEQDKK.M,PUM3,2.794e+7,2.358,0.034,1.469,0.001
16850,2,"  3.006","  0.415",13/20,/core/www/modules//sdig/index.php?run_id=110202&search_id=114132&scans_id=110198&peptide_id=8097&scanf=16850&charge=2&value=13/20,sp|P43243|MATR3_HUMAN,/core/www/modules//consensus/?run_id=110202&search_id=114132&scans_id=110198&peptide_id=8097&scanf=16850&charge=2&value=sp|P43243|MATR3_HUMAN,4,/core/www/modules/match_peptides/blast_html4.php?run_id=110202&search_id=114132&scans_id=110198&peptide_id=8097&scanf=16850&charge=2&value=4,R.TEEGPTLSYGR.D,/core/www/modules/show_out/show_out_wrapper.php?run_id=110202&search_id=114132&scans_id=110198&peptide_id=8097&scanf=16850&charge=2&value=R.TEEGPTLSYGR.D,MATR3,4.651e+7,3.108,0.003,2.568,0.000
16851,3,"  3.763","  0.629",20/52,/core/www/modules//sdig/index.php?run_id=110202&search_id=114132&scans_id=110198&peptide_id=8098&scanf=16851&charge=3&value=20/52,sp|P60842|IF4A1_HUMAN,/core/www/modules//consensus/?run_id=110202&search_id=114132&scans_id=110198&peptide_id=8098&scanf=16851&charge=3&value=sp|P60842|IF4A1_HUMAN,0,/core/www/modules/match_peptides/blast_html4.php?run_id=110202&search_id=114132&scans_id=110198&peptide_id=8098&scanf=16851&charge=3&value=0,R.KGVAINMVTEEDKR.T,/core/www/modules/show_out/show_out_wrapper.php?run_id=110202&search_id=114132&scans_id=110198&peptide_id=8098&scanf=16851&charge=3&value=R.KGVAINMVTEEDKR.T,EIF4A1,9.649e+7,3.141,0.002,2.617,0.000
16854,2,"  1.734","  0.238",7/14,/core/www/modules//sdig/index.php?run_id=110202&search_id=114132&scans_id=110198&peptide_id=8101&scanf=16854&charge=2&value=7/14,sp|P62280|RS11_HUMAN,/core/www/modules//consensus/?run_id=110202&search_id=114132&scans_id=110198&peptide_id=8101&scanf=16854&charge=2&value=sp|P62280|RS11_HUMAN,1,/core/www/modules/match_peptides/blast_html4.php?run_id=110202&search_id=114132&scans_id=110198&peptide_id=8101&scanf=16854&charge=2&value=1,R.ILSGVVTK.M,/core/www/modules/show_out/show_out_wrapper.php?run_id=110202&search_id=114132&scans_id=110198&peptide_id=8101&scanf=16854&charge=2&value=R.ILSGVVTK.M,RPS11,2.651e+8,2.250,0.048,1.315,0.002
16855,3,"  4.848","  0.538",19/44,/core/www/modules//sdig/index.php?run_id=110202&search_id=114132&scans_id=110198&peptide_id=8102&scanf=16855&charge=3&value=19/44,sp|Q53GS9|SNUT2_HUMAN,/core/www/modules//consensus/?run_id=110202&search_id=114132&scans_id=110198&peptide_id=8102&scanf=16855&charge=3&value=sp|Q53GS9|SNUT2_HUMAN,2,/core/www/modules/match_peptides/blast_html4.php?run_id=110202&search_id=114132&scans_id=110198&peptide_id=8102&scanf=16855&charge=3&value=2,K.KLPHPDLPAEEK.E,/core/www/modules/show_out/show_out_wrapper.php?run_id=110202&search_id=114132&scans_id=110198&peptide_id=8102&scanf=16855&charge=3&value=K.KLPHPDLPAEEK.E,USP39,4.294e+7,3.409,0.001,3.013,0.000
16859,2,"  4.120","  0.581",18/24,/core/www/modules//sdig/index.php?run_id=110202&search_id=114132&scans_id=110198&peptide_id=8106&scanf=16859&charge=2&value=18/24,sp|P02545|LMNA_HUMAN,/core/www/modules//consensus/?run_id=110202&search_id=114132&scans_id=110198&peptide_id=8106&scanf=16859&charge=2&value=sp|P02545|LMNA_HUMAN,8,/core/www/modules/match_peptides/blast_html4.php?run_id=110202&search_id=114132&scans_id=110198&peptide_id=8106&scanf=16859&charge=2&value=8,R.LQEKEDLQELNDR.L,/core/www/modules/show_out/show_out_wrapper.php?run_id=110202&search_id=114132&scans_id=110198&peptide_id=8106&scanf=16859&charge=2&value=R.LQEKEDLQELNDR.L,LMNA,3.874e+7,3.476,0.001,3.113,0.000
16864,2,"  2.017","  0.386",9/12,/core/www/modules//sdig/index.php?run_id=110202&search_id=114132&scans_id=110198&peptide_id=8111&scanf=16864&charge=2&value=9/12,sp|P61313|RL15_HUMAN,/core/www/modules//consensus/?run_id=110202&search_id=114132&scans_id=110198&peptide_id=8111&scanf=16864&charge=2&value=sp|P61313|RL15_HUMAN,5,/core/www/modules/match_peptides/blast_html4.php?run_id=110202&search_id=114132&scans_id=110198&peptide_id=8111&scanf=16864&charge=2&value=5,K.QGYVIYR.I,/core/www/modules/show_out/show_out_wrapper.php?run_id=110202&search_id=114132&scans_id=110198&peptide_id=8111&scanf=16864&charge=2&value=K.QGYVIYR.I,RPL15,1.533e+8,3.174,0.002,2.665,0.000
16868,3,"  2.351","  0.287",11/36,/core/www/modules//sdig/index.php?run_id=110202&search_id=114132&scans_id=110198&peptide_id=8114&scanf=16868&charge=3&value=11/36,sp|P25398|RS12_HUMAN,/core/www/modules//consensus/?run_id=110202&search_id=114132&scans_id=110198&peptide_id=8114&scanf=16868&charge=3&value=sp|P25398|RS12_HUMAN,0,/core/www/modules/match_peptides/blast_html4.php?run_id=110202&search_id=114132&scans_id=110198&peptide_id=8114&scanf=16868&charge=3&value=0,K.TALIHDGLAR.G,/core/www/modules/show_out/show_out_wrapper.php?run_id=110202&search_id=114132&scans_id=110198&peptide_id=8114&scanf=16868&charge=3&value=K.TALIHDGLAR.G,RPS12,3.959e+7,2.521,0.020,1.705,0.000
16869,3,"  3.743","  0.737",21/40,/core/www/modules//sdig/index.php?run_id=110202&search_id=114132&scans_id=110198&peptide_id=8115&scanf=16869&charge=3&value=21/40,sp|P62701|RS4X_HUMAN,/core/www/modules//consensus/?run_id=110202&search_id=114132&scans_id=110198&peptide_id=8115&scanf=16869&charge=3&value=sp|P62701|RS4X_HUMAN,2,/core/www/modules/match_peptides/blast_html4.php?run_id=110202&search_id=114132&scans_id=110198&peptide_id=8115&scanf=16869&charge=3&value=2,R.HPGSFDVVHVK.D,/core/www/modules/show_out/show_out_wrapper.php?run_id=110202&search_id=114132&scans_id=110198&peptide_id=8115&scanf=16869&charge=3&value=R.HPGSFDVVHVK.D,RPS4X,1.495e+8,4.441,0.000,4.543,0.000
16873,2,"  1.618","  0.171",9/14,/core/www/modules//sdig/index.php?run_id=110202&search_id=114132&scans_id=110198&peptide_id=8120&scanf=16873&charge=2&value=9/14,sp|P61011|SRP54_HUMAN,/core/www/modules//consensus/?run_id=110202&search_id=114132&scans_id=110198&peptide_id=8120&scanf=16873&charge=2&value=sp|P61011|SRP54_HUMAN,6,/core/www/modules/match_peptides/blast_html4.php?run_id=110202&search_id=114132&scans_id=110198&peptide_id=8120&scanf=16873&charge=2&value=6,R.AGAFDQLK.Q,/core/www/modules/show_out/show_out_wrapper.php?run_id=110202&search_id=114132&scans_id=110198&peptide_id=8120&scanf=16873&charge=2&value=R.AGAFDQLK.Q,SRP54,2.810e+7,2.241,0.050,1.302,0.002
16874,3,"  5.283","  0.655",23/64,/core/www/modules//sdig/index.php?run_id=110202&search_id=114132&scans_id=110198&peptide_id=8121&scanf=16874&charge=3&value=23/64,sp|P78527|PRKDC_HUMAN,/core/www/modules//consensus/?run_id=110202&search_id=114132&scans_id=110198&peptide_id=8121&scanf=16874&charge=3&value=sp|P78527|PRKDC_HUMAN,1,/core/www/modules/match_peptides/blast_html4.php?run_id=110202&search_id=114132&scans_id=110198&peptide_id=8121&scanf=16874&charge=3&value=1,R.ATQQQHDFTLTQTADGR.S,/core/www/modules/show_out/show_out_wrapper.php?run_id=110202&search_id=114132&scans_id=110198&peptide_id=8121&scanf=16874&charge=3&value=R.ATQQQHDFTLTQTADGR.S,PRKDC,1.140e+8,4.598,0.000,4.776,0.000
16875,2,"  2.469","  0.000",11/14,/core/www/modules//sdig/index.php?run_id=110202&search_id=114132&scans_id=110198&peptide_id=8122&scanf=16875&charge=2&value=11/14,sp|P09651|ROA1_HUMAN,/core/www/modules//consensus/?run_id=110202&search_id=114132&scans_id=110198&peptide_id=8122&scanf=16875&charge=2&value=sp|P09651|ROA1_HUMAN,0,/core/www/modules/match_peptides/blast_html4.php?run_id=110202&search_id=114132&scans_id=110198&peptide_id=8122&scanf=16875&charge=2&value=0,K.KIFVGGIK.E,/core/www/modules/show_out/show_out_wrapper.php?run_id=110202&search_id=114132&scans_id=110198&peptide_id=8122&scanf=16875&charge=2&value=K.KIFVGGIK.E,HNRNPA1,1.288e+8,2.277,0.044,1.354,0.002
16876,2,"  1.979","  0.220",7/14,/core/www/modules//sdig/index.php?run_id=110202&search_id=114132&scans_id=110198&peptide_id=8123&scanf=16876&charge=2&value=7/14,sp|Q14966|ZN638_HUMAN,/core/www/modules//consensus/?run_id=110202&search_id=114132&scans_id=110198&peptide_id=8123&scanf=16876&charge=2&value=sp|Q14966|ZN638_HUMAN,5,/core/www/modules/match_peptides/blast_html4.php?run_id=110202&search_id=114132&scans_id=110198&peptide_id=8123&scanf=16876&charge=2&value=5,K.ALEDVVQR.S,/core/www/modules/show_out/show_out_wrapper.php?run_id=110202&search_id=114132&scans_id=110198&peptide_id=8123&scanf=16876&charge=2&value=K.ALEDVVQR.S,ZNF638,1.463e+7,2.244,0.049,1.306,0.002
16877,2,"  3.954","  0.604",17/18,/core/www/modules//sdig/index.php?run_id=110202&search_id=114132&scans_id=110198&peptide_id=8124&scanf=16877&charge=2&value=17/18,sp|O60814|H2B1K_HUMAN,/core/www/modules//consensus/?run_id=110202&search_id=114132&scans_id=110198&peptide_id=8124&scanf=16877&charge=2&value=sp|O60814|H2B1K_HUMAN,9,/core/www/modules/match_peptides/blast_html4.php?run_id=110202&search_id=114132&scans_id=110198&peptide_id=8124&scanf=16877&charge=2&value=9,R.KESYSVYVYK.V,/core/www/modules/show_out/show_out_wrapper.php?run_id=110202&search_id=114132&scans_id=110198&peptide_id=8124&scanf=16877&charge=2&value=R.KESYSVYVYK.V,H2BC12,6.536e+8,4.084,0.000,4.013,0.000
16878,2,"  2.259","  0.432",8/14,/core/www/modules//sdig/index.php?run_id=110202&search_id=114132&scans_id=110198&peptide_id=8125&scanf=16878&charge=2&value=8/14,sp|Q8WWY3|PRP31_HUMAN,/core/www/modules//consensus/?run_id=110202&search_id=114132&scans_id=110198&peptide_id=8125&scanf=16878&charge=2&value=sp|Q8WWY3|PRP31_HUMAN,1,/core/www/modules/match_peptides/blast_html4.php?run_id=110202&search_id=114132&scans_id=110198&peptide_id=8125&scanf=16878&charge=2&value=1,K.WQEPPPVK.Q,/core/www/modules/show_out/show_out_wrapper.php?run_id=110202&search_id=114132&scans_id=110198&peptide_id=8125&scanf=16878&charge=2&value=K.WQEPPPVK.Q,PRPF31,1.856e+7,3.024,0.004,2.444,0.000
16880,3,"  2.554","  0.216",10/40,/core/www/modules//sdig/index.php?run_id=110202&search_id=114132&scans_id=110198&peptide_id=8128&scanf=16880&charge=3&value=10/40,sp|P35579|MYH9_HUMAN,/core/www/modules//consensus/?run_id=110202&search_id=114132&scans_id=110198&peptide_id=8128&scanf=16880&charge=3&value=sp|P35579|MYH9_HUMAN,3,/core/www/modules/match_peptides/blast_html4.php?run_id=110202&search_id=114132&scans_id=110198&peptide_id=8128&scanf=16880&charge=3&value=3,K.KEEELQAALAR.V,/core/www/modules/show_out/show_out_wrapper.php?run_id=110202&search_id=114132&scans_id=110198&peptide_id=8128&scanf=16880&charge=3&value=K.KEEELQAALAR.V,MYH9,5.528e+7,1.988,0.111,0.956,0.005
16881,4,"  3.319","  0.202",15/78,/core/www/modules//sdig/index.php?run_id=110202&search_id=114132&scans_id=110198&peptide_id=8129&scanf=16881&charge=4&value=15/78,sp|P60842|IF4A1_HUMAN,/core/www/modules//consensus/?run_id=110202&search_id=114132&scans_id=110198&peptide_id=8129&scanf=16881&charge=4&value=sp|P60842|IF4A1_HUMAN,0,/core/www/modules/match_peptides/blast_html4.php?run_id=110202&search_id=114132&scans_id=110198&peptide_id=8129&scanf=16881&charge=4&value=0,R.KGVAINMVTEEDKR.T,/core/www/modules/show_out/show_out_wrapper.php?run_id=110202&search_id=114132&scans_id=110198&peptide_id=8129&scanf=16881&charge=4&value=R.KGVAINMVTEEDKR.T,EIF4A1,2.199e+7,1.867,0.158,0.800,0.008
16882,2,"  2.702","  0.358",10/16,/core/www/modules//sdig/index.php?run_id=110202&search_id=114132&scans_id=110198&peptide_id=8130&scanf=16882&charge=2&value=10/16,sp|Q9BV38|WDR18_HUMAN,/core/www/modules//consensus/?run_id=110202&search_id=114132&scans_id=110198&peptide_id=8130&scanf=16882&charge=2&value=sp|Q9BV38|WDR18_HUMAN,3,/core/www/modules/match_peptides/blast_html4.php?run_id=110202&search_id=114132&scans_id=110198&peptide_id=8130&scanf=16882&charge=2&value=3,R.VTELEDEVR.N,/core/www/modules/show_out/show_out_wrapper.php?run_id=110202&search_id=114132&scans_id=110198&peptide_id=8130&scanf=16882&charge=2&value=R.VTELEDEVR.N,WDR18,4.640e+7,2.861,0.006,2.203,0.000
16883,3,"  3.682","  0.423",12/40,/core/www/modules//sdig/index.php?run_id=110202&search_id=114132&scans_id=110198&peptide_id=8131&scanf=16883&charge=3&value=12/40,sp|P50570|DYN2_HUMAN,/core/www/modules//consensus/?run_id=110202&search_id=114132&scans_id=110198&peptide_id=8131&scanf=16883&charge=3&value=sp|P50570|DYN2_HUMAN,1,/core/www/modules/match_peptides/blast_html4.php?run_id=110202&search_id=114132&scans_id=110198&peptide_id=8131&scanf=16883&charge=3&value=1,K.TLNQQLTNHIR.E,/core/www/modules/show_out/show_out_wrapper.php?run_id=110202&search_id=114132&scans_id=110198&peptide_id=8131&scanf=16883&charge=3&value=K.TLNQQLTNHIR.E,DNM2,3.192e+7,3.035,0.003,2.459,0.000
16885,2,"  1.311","  0.130",6/12,/core/www/modules//sdig/index.php?run_id=110202&search_id=114132&scans_id=110198&peptide_id=8133&scanf=16885&charge=2&value=6/12,sp|Q01844|EWS_HUMAN,/core/www/modules//consensus/?run_id=110202&search_id=114132&scans_id=110198&peptide_id=8133&scanf=16885&charge=2&value=sp|Q01844|EWS_HUMAN,4,/core/www/modules/match_peptides/blast_html4.php?run_id=110202&search_id=114132&scans_id=110198&peptide_id=8133&scanf=16885&charge=2&value=4,R.GMPPPLR.G,/core/www/modules/show_out/show_out_wrapper.php?run_id=110202&search_id=114132&scans_id=110198&peptide_id=8133&scanf=16885&charge=2&value=R.GMPPPLR.G,EWSR1,1.204e+8,1.868,0.158,0.802,0.008
16886,3,"  3.100","  0.520",19/40,/core/www/modules//sdig/index.php?run_id=110202&search_id=114132&scans_id=110198&peptide_id=8134&scanf=16886&charge=3&value=19/40,sp|Q8IYB3|SRRM1_HUMAN,/core/www/modules//consensus/?run_id=110202&search_id=114132&scans_id=110198&peptide_id=8134&scanf=16886&charge=3&value=sp|Q8IYB3|SRRM1_HUMAN,2,/core/www/modules/match_peptides/blast_html4.php?run_id=110202&search_id=114132&scans_id=110198&peptide_id=8134&scanf=16886&charge=3&value=2,K.VPKPEPIPEPK.E,/core/www/modules/show_out/show_out_wrapper.php?run_id=110202&search_id=114132&scans_id=110198&peptide_id=8134&scanf=16886&charge=3&value=K.VPKPEPIPEPK.E,SRRM1,9.797e+7,3.580,0.001,3.267,0.000
16889,2,"  2.928","  0.668",14/22,/core/www/modules//sdig/index.php?run_id=110202&search_id=114132&scans_id=110198&peptide_id=8136&scanf=16889&charge=2&value=14/22,sp|P19338|NUCL_HUMAN,/core/www/modules//consensus/?run_id=110202&search_id=114132&scans_id=110198&peptide_id=8136&scanf=16889&charge=2&value=sp|P19338|NUCL_HUMAN,7,/core/www/modules/match_peptides/blast_html4.php?run_id=110202&search_id=114132&scans_id=110198&peptide_id=8136&scanf=16889&charge=2&value=7,K.GLSEDTTEETLK.E,/core/www/modules/show_out/show_out_wrapper.php?run_id=110202&search_id=114132&scans_id=110198&peptide_id=8136&scanf=16889&charge=2&value=K.GLSEDTTEETLK.E,NCL,5.909e+8,4.004,0.000,3.896,0.000
16890,2,"  3.919","  0.501",14/24,/core/www/modules//sdig/index.php?run_id=110202&search_id=114132&scans_id=110198&peptide_id=8138&scanf=16890&charge=2&value=14/24,sp|Q14839|CHD4_HUMAN,/core/www/modules//consensus/?run_id=110202&search_id=114132&scans_id=110198&peptide_id=8138&scanf=16890&charge=2&value=sp|Q14839|CHD4_HUMAN,14,/core/www/modules/match_peptides/blast_html4.php?run_id=110202&search_id=114132&scans_id=110198&peptide_id=8138&scanf=16890&charge=2&value=14,R.APEPTPQQVAQQQ.-,/core/www/modules/show_out/show_out_wrapper.php?run_id=110202&search_id=114132&scans_id=110198&peptide_id=8138&scanf=16890&charge=2&value=R.APEPTPQQVAQQQ.-,CHD4,2.226e+7,3.308,0.001,2.863,0.000
16891,2,"  1.516","  0.287",10/16,/core/www/modules//sdig/index.php?run_id=110202&search_id=114132&scans_id=110198&peptide_id=8139&scanf=16891&charge=2&value=10/16,sp|A6NHR9|SMHD1_HUMAN,/core/www/modules//consensus/?run_id=110202&search_id=114132&scans_id=110198&peptide_id=8139&scanf=16891&charge=2&value=sp|A6NHR9|SMHD1_HUMAN,4,/core/www/modules/match_peptides/blast_html4.php?run_id=110202&search_id=114132&scans_id=110198&peptide_id=8139&scanf=16891&charge=2&value=4,K.FIPGPPGNK.D,/core/www/modules/show_out/show_out_wrapper.php?run_id=110202&search_id=114132&scans_id=110198&peptide_id=8139&scanf=16891&charge=2&value=K.FIPGPPGNK.D,SMCHD1,4.517e+7,2.730,0.010,2.010,0.000
16892,3,"  6.551","  0.663",24/96,/core/www/modules//sdig/index.php?run_id=110202&search_id=114132&scans_id=110198&peptide_id=8140&scanf=16892&charge=3&value=24/96,sp|Q86VM9|ZCH18_HUMAN,/core/www/modules//consensus/?run_id=110202&search_id=114132&scans_id=110198&peptide_id=8140&scanf=16892&charge=3&value=sp|Q86VM9|ZCH18_HUMAN,2,/core/www/modules/match_peptides/blast_html4.php?run_id=110202&search_id=114132&scans_id=110198&peptide_id=8140&scanf=16892&charge=3&value=2,K.SSQQPSTPQQAPPGQPQQGTFVAHK.E,/core/www/modules/show_out/show_out_wrapper.php?run_id=110202&search_id=114132&scans_id=110198&peptide_id=8140&scanf=16892&charge=3&value=K.SSQQPSTPQQAPPGQPQQGTFVAHK.E,ZC3H18,1.413e+7,3.458,0.001,3.086,0.000
16893,2,"  3.212","  0.434",17/20,/core/www/modules//sdig/index.php?run_id=110202&search_id=114132&scans_id=110198&peptide_id=8141&scanf=16893&charge=2&value=17/20,sp|Q15008|PSMD6_HUMAN,/core/www/modules//consensus/?run_id=110202&search_id=114132&scans_id=110198&peptide_id=8141&scanf=16893&charge=2&value=sp|Q15008|PSMD6_HUMAN,2,/core/www/modules/match_peptides/blast_html4.php?run_id=110202&search_id=114132&scans_id=110198&peptide_id=8141&scanf=16893&charge=2&value=2,K.RLDEELEDAEK.N,/core/www/modules/show_out/show_out_wrapper.php?run_id=110202&search_id=114132&scans_id=110198&peptide_id=8141&scanf=16893&charge=2&value=K.RLDEELEDAEK.N,PSMD6,1.393e+7,3.074,0.003,2.518,0.000
16901,2,"  2.196","  0.225",10/18,/core/www/modules//sdig/index.php?run_id=110202&search_id=114132&scans_id=110198&peptide_id=8150&scanf=16901&charge=2&value=10/18,sp|P40925|MDHC_HUMAN,/core/www/modules//consensus/?run_id=110202&search_id=114132&scans_id=110198&peptide_id=8150&scanf=16901&charge=2&value=sp|P40925|MDHC_HUMAN,3,/core/www/modules/match_peptides/blast_html4.php?run_id=110202&search_id=114132&scans_id=110198&peptide_id=8150&scanf=16901&charge=2&value=3,K.GEFVTTVQQR.G,/core/www/modules/show_out/show_out_wrapper.php?run_id=110202&search_id=114132&scans_id=110198&peptide_id=8150&scanf=16901&charge=2&value=K.GEFVTTVQQR.G,MDH1,1.143e+7,2.179,0.061,1.216,0.002
16903,2,"  3.168","  0.538",13/16,/core/www/modules//sdig/index.php?run_id=110202&search_id=114132&scans_id=110198&peptide_id=8152&scanf=16903&charge=2&value=13/16,sp|P07814|SYEP_HUMAN,/core/www/modules//consensus/?run_id=110202&search_id=114132&scans_id=110198&peptide_id=8152&scanf=16903&charge=2&value=sp|P07814|SYEP_HUMAN,1,/core/www/modules/match_peptides/blast_html4.php?run_id=110202&search_id=114132&scans_id=110198&peptide_id=8152&scanf=16903&charge=2&value=1,K.KGDIIQLQR.R,/core/www/modules/show_out/show_out_wrapper.php?run_id=110202&search_id=114132&scans_id=110198&peptide_id=8152&scanf=16903&charge=2&value=K.KGDIIQLQR.R,EPRS1,1.370e+7,3.538,0.001,3.204,0.000
16910,4,"  4.072","  0.565",25/102,/core/www/modules//sdig/index.php?run_id=110202&search_id=114132&scans_id=110198&peptide_id=8159&scanf=16910&charge=4&value=25/102,sp|O00541|PESC_HUMAN,/core/www/modules//consensus/?run_id=110202&search_id=114132&scans_id=110198&peptide_id=8159&scanf=16910&charge=4&value=sp|O00541|PESC_HUMAN,2,/core/www/modules/match_peptides/blast_html4.php?run_id=110202&search_id=114132&scans_id=110198&peptide_id=8159&scanf=16910&charge=4&value=2,R.ITHQIVDRPGQQTSVIGR.C,/core/www/modules/show_out/show_out_wrapper.php?run_id=110202&search_id=114132&scans_id=110198&peptide_id=8159&scanf=16910&charge=4&value=R.ITHQIVDRPGQQTSVIGR.C,PES1,5.088e+7,3.707,0.000,3.454,0.000
16911,2,"  2.107","  0.280",12/20,/core/www/modules//sdig/index.php?run_id=110202&search_id=114132&scans_id=110198&peptide_id=8160&scanf=16911&charge=2&value=12/20,sp|P35579|MYH9_HUMAN,/core/www/modules//consensus/?run_id=110202&search_id=114132&scans_id=110198&peptide_id=8160&scanf=16911&charge=2&value=sp|P35579|MYH9_HUMAN,3,/core/www/modules/match_peptides/blast_html4.php?run_id=110202&search_id=114132&scans_id=110198&peptide_id=8160&scanf=16911&charge=2&value=3,K.KEEELQAALAR.V,/core/www/modules/show_out/show_out_wrapper.php?run_id=110202&search_id=114132&scans_id=110198&peptide_id=8160&scanf=16911&charge=2&value=K.KEEELQAALAR.V,MYH9,4.186e+7,2.269,0.045,1.343,0.002
16912,3,"  2.372","  0.304",10/32,/core/www/modules//sdig/index.php?run_id=110202&search_id=114132&scans_id=110198&peptide_id=8161&scanf=16912&charge=3&value=10/32,sp|P40429|RL13A_HUMAN,/core/www/modules//consensus/?run_id=110202&search_id=114132&scans_id=110198&peptide_id=8161&scanf=16912&charge=3&value=sp|P40429|RL13A_HUMAN,3,/core/www/modules/match_peptides/blast_html4.php?run_id=110202&search_id=114132&scans_id=110198&peptide_id=8161&scanf=16912&charge=3&value=3,K.IDKYTEVLK.T,/core/www/modules/show_out/show_out_wrapper.php?run_id=110202&search_id=114132&scans_id=110198&peptide_id=8161&scanf=16912&charge=3&value=K.IDKYTEVLK.T,RPL13A,4.065e+7,2.370,0.033,1.486,0.001
16913,2,"  1.499","  0.283",7/12,/core/www/modules//sdig/index.php?run_id=110202&search_id=114132&scans_id=110198&peptide_id=8162&scanf=16913&charge=2&value=7/12,sp|P61019|RAB2A_HUMAN,/core/www/modules//consensus/?run_id=110202&search_id=114132&scans_id=110198&peptide_id=8162&scanf=16913&charge=2&value=sp|P61019|RAB2A_HUMAN,3,/core/www/modules/match_peptides/blast_html4.php?run_id=110202&search_id=114132&scans_id=110198&peptide_id=8162&scanf=16913&charge=2&value=3,R.MITIDGK.Q,/core/www/modules/show_out/show_out_wrapper.php?run_id=110202&search_id=114132&scans_id=110198&peptide_id=8162&scanf=16913&charge=2&value=R.MITIDGK.Q,RAB2A,1.978e+7,2.551,0.018,1.748,0.000
16914,2,"  3.295","  0.627",14/24,/core/www/modules//sdig/index.php?run_id=110202&search_id=114132&scans_id=110198&peptide_id=8163&scanf=16914&charge=2&value=14/24,sp|P49792|RBP2_HUMAN,/core/www/modules//consensus/?run_id=110202&search_id=114132&scans_id=110198&peptide_id=8163&scanf=16914&charge=2&value=sp|P49792|RBP2_HUMAN,2,/core/www/modules/match_peptides/blast_html4.php?run_id=110202&search_id=114132&scans_id=110198&peptide_id=8163&scanf=16914&charge=2&value=2,R.YIASVQGSTPSPR.Q,/core/www/modules/show_out/show_out_wrapper.php?run_id=110202&search_id=114132&scans_id=110198&peptide_id=8163&scanf=16914&charge=2&value=R.YIASVQGSTPSPR.Q,RANBP2,2.500e+7,3.630,0.000,3.341,0.000
16915,2,"  2.080","  0.158",8/16,/core/www/modules//sdig/index.php?run_id=110202&search_id=114132&scans_id=110198&peptide_id=8164&scanf=16915&charge=2&value=8/16,sp|Q92878|RAD50_HUMAN,/core/www/modules//consensus/?run_id=110202&search_id=114132&scans_id=110198&peptide_id=8164&scanf=16915&charge=2&value=sp|Q92878|RAD50_HUMAN,7,/core/www/modules/match_peptides/blast_html4.php?run_id=110202&search_id=114132&scans_id=110198&peptide_id=8164&scanf=16915&charge=2&value=7,K.SELLVEQGR.L,/core/www/modules/show_out/show_out_wrapper.php?run_id=110202&search_id=114132&scans_id=110198&peptide_id=8164&scanf=16915&charge=2&value=K.SELLVEQGR.L,RAD50,1.688e+7,2.047,0.092,1.035,0.004
16916,3,"  5.246","  0.675",26/60,/core/www/modules//sdig/index.php?run_id=110202&search_id=114132&scans_id=110198&peptide_id=8165&scanf=16916&charge=3&value=26/60,sp|P78347|GTF2I_HUMAN,/core/www/modules//consensus/?run_id=110202&search_id=114132&scans_id=110198&peptide_id=8165&scanf=16916&charge=3&value=sp|P78347|GTF2I_HUMAN,3,/core/www/modules/match_peptides/blast_html4.php?run_id=110202&search_id=114132&scans_id=110198&peptide_id=8165&scanf=16916&charge=3&value=3,K.RPELLTHSTTEVTQPR.T,/core/www/modules/show_out/show_out_wrapper.php?run_id=110202&search_id=114132&scans_id=110198&peptide_id=8165&scanf=16916&charge=3&value=K.RPELLTHSTTEVTQPR.T,GTF2I,3.955e+7,3.925,0.000,3.779,0.000
16917,2,"  2.768","  0.400",11/16,/core/www/modules//sdig/index.php?run_id=110202&search_id=114132&scans_id=110198&peptide_id=8166&scanf=16917&charge=2&value=11/16,sp|O94906|PRP6_HUMAN,/core/www/modules//consensus/?run_id=110202&search_id=114132&scans_id=110198&peptide_id=8166&scanf=16917&charge=2&value=sp|O94906|PRP6_HUMAN,0,/core/www/modules/match_peptides/blast_html4.php?run_id=110202&search_id=114132&scans_id=110198&peptide_id=8166&scanf=16917&charge=2&value=0,R.AAELETDIR.A,/core/www/modules/show_out/show_out_wrapper.php?run_id=110202&search_id=114132&scans_id=110198&peptide_id=8166&scanf=16917&charge=2&value=R.AAELETDIR.A,PRPF6,3.266e+7,3.193,0.002,2.693,0.000
16918,3,"  3.110","  0.514",14/36,/core/www/modules//sdig/index.php?run_id=110202&search_id=114132&scans_id=110198&peptide_id=8167&scanf=16918&charge=3&value=14/36,sp|P78527|PRKDC_HUMAN,/core/www/modules//consensus/?run_id=110202&search_id=114132&scans_id=110198&peptide_id=8167&scanf=16918&charge=3&value=sp|P78527|PRKDC_HUMAN,1,/core/www/modules/match_peptides/blast_html4.php?run_id=110202&search_id=114132&scans_id=110198&peptide_id=8167&scanf=16918&charge=3&value=1,R.KQNNFSLAMK.L,/core/www/modules/show_out/show_out_wrapper.php?run_id=110202&search_id=114132&scans_id=110198&peptide_id=8167&scanf=16918&charge=3&value=R.KQNNFSLAMK.L,PRKDC,2.671e+7,4.010,0.000,3.905,0.000
16919,3,"  3.477","  0.575",15/40,/core/www/modules//sdig/index.php?run_id=110202&search_id=114132&scans_id=110198&peptide_id=8168&scanf=16919&charge=3&value=15/40,sp|Q9BQ75|CMS1_HUMAN,/core/www/modules//consensus/?run_id=110202&search_id=114132&scans_id=110198&peptide_id=8168&scanf=16919&charge=3&value=sp|Q9BQ75|CMS1_HUMAN,1,/core/www/modules/match_peptides/blast_html4.php?run_id=110202&search_id=114132&scans_id=110198&peptide_id=8168&scanf=16919&charge=3&value=1,R.VVHLGVGTPGR.I,/core/www/modules/show_out/show_out_wrapper.php?run_id=110202&search_id=114132&scans_id=110198&peptide_id=8168&scanf=16919&charge=3&value=R.VVHLGVGTPGR.I,CMSS1,2.468e+7,3.624,0.000,3.332,0.000
16920,2,"  2.075","  0.478",8/14,/core/www/modules//sdig/index.php?run_id=110202&search_id=114132&scans_id=110198&peptide_id=8170&scanf=16920&charge=2&value=8/14,sp|Q06830|PRDX1_HUMAN,/core/www/modules//consensus/?run_id=110202&search_id=114132&scans_id=110198&peptide_id=8170&scanf=16920&charge=2&value=sp|Q06830|PRDX1_HUMAN,1,/core/www/modules/match_peptides/blast_html4.php?run_id=110202&search_id=114132&scans_id=110198&peptide_id=8170&scanf=16920&charge=2&value=1,K.ADEGISFR.G,/core/www/modules/show_out/show_out_wrapper.php?run_id=110202&search_id=114132&scans_id=110198&peptide_id=8170&scanf=16920&charge=2&value=K.ADEGISFR.G,PRDX1,3.189e+7,3.181,0.002,2.675,0.000
16921,2,"  2.779","  0.591",10/20,/core/www/modules//sdig/index.php?run_id=110202&search_id=114132&scans_id=110198&peptide_id=8171&scanf=16921&charge=2&value=10/20,sp|Q03701|CEBPZ_HUMAN,/core/www/modules//consensus/?run_id=110202&search_id=114132&scans_id=110198&peptide_id=8171&scanf=16921&charge=2&value=sp|Q03701|CEBPZ_HUMAN,0,/core/www/modules/match_peptides/blast_html4.php?run_id=110202&search_id=114132&scans_id=110198&peptide_id=8171&scanf=16921&charge=2&value=0,K.AIVSSGTLGDR.M,/core/www/modules/show_out/show_out_wrapper.php?run_id=110202&search_id=114132&scans_id=110198&peptide_id=8171&scanf=16921&charge=2&value=K.AIVSSGTLGDR.M,CEBPZ,2.876e+7,3.438,0.001,3.056,0.000
16923,3,"  3.174","  0.498",16/36,/core/www/modules//sdig/index.php?run_id=110202&search_id=114132&scans_id=110198&peptide_id=8173&scanf=16923&charge=3&value=16/36,sp|P31942|HNRH3_HUMAN,/core/www/modules//consensus/?run_id=110202&search_id=114132&scans_id=110198&peptide_id=8173&scanf=16923&charge=3&value=sp|P31942|HNRH3_HUMAN,0,/core/www/modules/match_peptides/blast_html4.php?run_id=110202&search_id=114132&scans_id=110198&peptide_id=8173&scanf=16923&charge=3&value=0,R.VHIDIGADGR.A,/core/www/modules/show_out/show_out_wrapper.php?run_id=110202&search_id=114132&scans_id=110198&peptide_id=8173&scanf=16923&charge=3&value=R.VHIDIGADGR.A,HNRNPH3,5.304e+7,3.500,0.001,3.149,0.000
16924,4,"  6.890","  0.669",27/168,/core/www/modules//sdig/index.php?run_id=110202&search_id=114132&scans_id=110198&peptide_id=8174&scanf=16924&charge=4&value=27/168,sp|Q14684|RRP1B_HUMAN,/core/www/modules//consensus/?run_id=110202&search_id=114132&scans_id=110198&peptide_id=8174&scanf=16924&charge=4&value=sp|Q14684|RRP1B_HUMAN,0,/core/www/modules/match_peptides/blast_html4.php?run_id=110202&search_id=114132&scans_id=110198&peptide_id=8174&scanf=16924&charge=4&value=0,R.VAEPGAEATSSTGEESGSEHPPAVPMHNK.R,/core/www/modules/show_out/show_out_wrapper.php?run_id=110202&search_id=114132&scans_id=110198&peptide_id=8174&scanf=16924&charge=4&value=R.VAEPGAEATSSTGEESGSEHPPAVPMHNK.R,RRP1B,1.098e+7,3.634,0.000,3.347,0.000
16925,2,"  2.613","  0.165",11/16,/core/www/modules//sdig/index.php?run_id=110202&search_id=114132&scans_id=110198&peptide_id=8175&scanf=16925&charge=2&value=11/16,sp|P08670|VIME_HUMAN,/core/www/modules//consensus/?run_id=110202&search_id=114132&scans_id=110198&peptide_id=8175&scanf=16925&charge=2&value=sp|P08670|VIME_HUMAN,2,/core/www/modules/match_peptides/blast_html4.php?run_id=110202&search_id=114132&scans_id=110198&peptide_id=8175&scanf=16925&charge=2&value=2,R.LQDEIQNMK.E,/core/www/modules/show_out/show_out_wrapper.php?run_id=110202&search_id=114132&scans_id=110198&peptide_id=8175&scanf=16925&charge=2&value=R.LQDEIQNMK.E,VIM,1.919e+9,2.783,0.008,2.089,0.000
16927,3,"  4.732","  0.605",22/48,/core/www/modules//sdig/index.php?run_id=110202&search_id=114132&scans_id=110198&peptide_id=8177&scanf=16927&charge=3&value=22/48,sp|P09874|PARP1_HUMAN,/core/www/modules//consensus/?run_id=110202&search_id=114132&scans_id=110198&peptide_id=8177&scanf=16927&charge=3&value=sp|P09874|PARP1_HUMAN,1,/core/www/modules/match_peptides/blast_html4.php?run_id=110202&search_id=114132&scans_id=110198&peptide_id=8177&scanf=16927&charge=3&value=1,K.VVDRDSEEAEIIR.K,/core/www/modules/show_out/show_out_wrapper.php?run_id=110202&search_id=114132&scans_id=110198&peptide_id=8177&scanf=16927&charge=3&value=K.VVDRDSEEAEIIR.K,PARP1,7.601e+7,3.724,0.000,3.481,0.000
16928,2,"  2.046","  0.378",9/20,/core/www/modules//sdig/index.php?run_id=110202&search_id=114132&scans_id=110198&peptide_id=8178&scanf=16928&charge=2&value=9/20,sp|Q10713|MPPA_HUMAN,/core/www/modules//consensus/?run_id=110202&search_id=114132&scans_id=110198&peptide_id=8178&scanf=16928&charge=2&value=sp|Q10713|MPPA_HUMAN,0,/core/www/modules/match_peptides/blast_html4.php?run_id=110202&search_id=114132&scans_id=110198&peptide_id=8178&scanf=16928&charge=2&value=0,R.SVAQYTGGIAK.L,/core/www/modules/show_out/show_out_wrapper.php?run_id=110202&search_id=114132&scans_id=110198&peptide_id=8178&scanf=16928&charge=2&value=R.SVAQYTGGIAK.L,PMPCA,1.038e+7,2.557,0.017,1.758,0.000
16931,2,"  2.304","  0.717",10/18,/core/www/modules//sdig/index.php?run_id=110202&search_id=114132&scans_id=110198&peptide_id=8181&scanf=16931&charge=2&value=10/18,sp|P60709|ACTB_HUMAN,/core/www/modules//consensus/?run_id=110202&search_id=114132&scans_id=110198&peptide_id=8181&scanf=16931&charge=2&value=sp|P60709|ACTB_HUMAN,9,/core/www/modules/match_peptides/blast_html4.php?run_id=110202&search_id=114132&scans_id=110198&peptide_id=8181&scanf=16931&charge=2&value=9,R.GYSFTTTAER.E,/core/www/modules/show_out/show_out_wrapper.php?run_id=110202&search_id=114132&scans_id=110198&peptide_id=8181&scanf=16931&charge=2&value=R.GYSFTTTAER.E,ACTB,2.594e+9,4.385,0.000,4.460,0.000
16932,2,"  2.240","  0.454",10/14,/core/www/modules//sdig/index.php?run_id=110202&search_id=114132&scans_id=110198&peptide_id=8182&scanf=16932&charge=2&value=10/14,sp|O43707|ACTN4_HUMAN,/core/www/modules//consensus/?run_id=110202&search_id=114132&scans_id=110198&peptide_id=8182&scanf=16932&charge=2&value=sp|O43707|ACTN4_HUMAN,3,/core/www/modules/match_peptides/blast_html4.php?run_id=110202&search_id=114132&scans_id=110198&peptide_id=8182&scanf=16932&charge=2&value=3,R.EAILAIHK.E,/core/www/modules/show_out/show_out_wrapper.php?run_id=110202&search_id=114132&scans_id=110198&peptide_id=8182&scanf=16932&charge=2&value=R.EAILAIHK.E,ACTN4,1.864e+8,3.675,0.000,3.408,0.000
16933,3,"  6.408","  0.697",21/76,/core/www/modules//sdig/index.php?run_id=110202&search_id=114132&scans_id=110198&peptide_id=8183&scanf=16933&charge=3&value=21/76,sp|Q8TDD1|DDX54_HUMAN,/core/www/modules//consensus/?run_id=110202&search_id=114132&scans_id=110198&peptide_id=8183&scanf=16933&charge=3&value=sp|Q8TDD1|DDX54_HUMAN,0,/core/www/modules/match_peptides/blast_html4.php?run_id=110202&search_id=114132&scans_id=110198&peptide_id=8183&scanf=16933&charge=3&value=0,R.QEQQEGPVGPAPSRPALQEK.Q,/core/www/modules/show_out/show_out_wrapper.php?run_id=110202&search_id=114132&scans_id=110198&peptide_id=8183&scanf=16933&charge=3&value=R.QEQQEGPVGPAPSRPALQEK.Q,DDX54,2.807e+7,3.827,0.000,3.634,0.000
16934,2,"  2.378","  0.394",10/14,/core/www/modules//sdig/index.php?run_id=110202&search_id=114132&scans_id=110198&peptide_id=8184&scanf=16934&charge=2&value=10/14,sp|P51114|FXR1_HUMAN,/core/www/modules//consensus/?run_id=110202&search_id=114132&scans_id=110198&peptide_id=8184&scanf=16934&charge=2&value=sp|P51114|FXR1_HUMAN,6,/core/www/modules/match_peptides/blast_html4.php?run_id=110202&search_id=114132&scans_id=110198&peptide_id=8184&scanf=16934&charge=2&value=6,K.VIQEIVDK.S,/core/www/modules/show_out/show_out_wrapper.php?run_id=110202&search_id=114132&scans_id=110198&peptide_id=8184&scanf=16934&charge=2&value=K.VIQEIVDK.S,FXR1,5.324e+8,3.151,0.002,2.631,0.000
16937,3,"  2.794","  0.459",13/44,/core/www/modules//sdig/index.php?run_id=110202&search_id=114132&scans_id=110198&peptide_id=8187&scanf=16937&charge=3&value=13/44,sp|Q9BQ39|DDX50_HUMAN,/core/www/modules//consensus/?run_id=110202&search_id=114132&scans_id=110198&peptide_id=8187&scanf=16937&charge=3&value=sp|Q9BQ39|DDX50_HUMAN,0,/core/www/modules/match_peptides/blast_html4.php?run_id=110202&search_id=114132&scans_id=110198&peptide_id=8187&scanf=16937&charge=3&value=0,K.SSDNKLEETLTR.E,/core/www/modules/show_out/show_out_wrapper.php?run_id=110202&search_id=114132&scans_id=110198&peptide_id=8187&scanf=16937&charge=3&value=K.SSDNKLEETLTR.E,DDX50,1.707e+7,2.784,0.008,2.090,0.000
16941,3,"  4.446","  0.598",17/60,/core/www/modules//sdig/index.php?run_id=110202&search_id=114132&scans_id=110198&peptide_id=8192&scanf=16941&charge=3&value=17/60,sp|Q10570|CPSF1_HUMAN,/core/www/modules//consensus/?run_id=110202&search_id=114132&scans_id=110198&peptide_id=8192&scanf=16941&charge=3&value=sp|Q10570|CPSF1_HUMAN,0,/core/www/modules/match_peptides/blast_html4.php?run_id=110202&search_id=114132&scans_id=110198&peptide_id=8192&scanf=16941&charge=3&value=0,R.ESLAEEHEGLVGEGQR.S,/core/www/modules/show_out/show_out_wrapper.php?run_id=110202&search_id=114132&scans_id=110198&peptide_id=8192&scanf=16941&charge=3&value=R.ESLAEEHEGLVGEGQR.S,CPSF1,1.216e+7,3.490,0.001,3.134,0.000
16943,2,"  3.411","  0.611",17/22,/core/www/modules//sdig/index.php?run_id=110202&search_id=114132&scans_id=110198&peptide_id=8194&scanf=16943&charge=2&value=17/22,sp|O75494|SRS10_HUMAN,/core/www/modules//consensus/?run_id=110202&search_id=114132&scans_id=110198&peptide_id=8194&scanf=16943&charge=2&value=sp|O75494|SRS10_HUMAN,1,/core/www/modules/match_peptides/blast_html4.php?run_id=110202&search_id=114132&scans_id=110198&peptide_id=8194&scanf=16943&charge=2&value=1,R.DAEDALHNLDRK.W,/core/www/modules/show_out/show_out_wrapper.php?run_id=110202&search_id=114132&scans_id=110198&peptide_id=8194&scanf=16943&charge=2&value=R.DAEDALHNLDRK.W,SRSF10,1.204e+7,3.586,0.001,3.276,0.000
16946,2,"  1.980","  0.394",8/16,/core/www/modules//sdig/index.php?run_id=110202&search_id=114132&scans_id=110198&peptide_id=8197&scanf=16946&charge=2&value=8/16,sp|O75390|CISY_HUMAN,/core/www/modules//consensus/?run_id=110202&search_id=114132&scans_id=110198&peptide_id=8197&scanf=16946&charge=2&value=sp|O75390|CISY_HUMAN,2,/core/www/modules/match_peptides/blast_html4.php?run_id=110202&search_id=114132&scans_id=110198&peptide_id=8197&scanf=16946&charge=2&value=2,K.SMSTEGLMK.F,/core/www/modules/show_out/show_out_wrapper.php?run_id=110202&search_id=114132&scans_id=110198&peptide_id=8197&scanf=16946&charge=2&value=K.SMSTEGLMK.F,CS,1.356e+7,2.609,0.015,1.833,0.000
16948,2,"  1.750","  0.346",7/16,/core/www/modules//sdig/index.php?run_id=110202&search_id=114132&scans_id=110198&peptide_id=8199&scanf=16948&charge=2&value=7/16,sp|P08133|ANXA6_HUMAN,/core/www/modules//consensus/?run_id=110202&search_id=114132&scans_id=110198&peptide_id=8199&scanf=16948&charge=2&value=sp|P08133|ANXA6_HUMAN,1,/core/www/modules/match_peptides/blast_html4.php?run_id=110202&search_id=114132&scans_id=110198&peptide_id=8199&scanf=16948&charge=2&value=1,R.STPEYFAER.L,/core/www/modules/show_out/show_out_wrapper.php?run_id=110202&search_id=114132&scans_id=110198&peptide_id=8199&scanf=16948&charge=2&value=R.STPEYFAER.L,ANXA6,9.981e+6,2.488,0.022,1.657,0.001
16950,3,"  2.781","  0.399",14/48,/core/www/modules//sdig/index.php?run_id=110202&search_id=114132&scans_id=110198&peptide_id=8202&scanf=16950&charge=3&value=14/48,sp|Q96T23|RSF1_HUMAN,/core/www/modules//consensus/?run_id=110202&search_id=114132&scans_id=110198&peptide_id=8202&scanf=16950&charge=3&value=sp|Q96T23|RSF1_HUMAN,2,/core/www/modules/match_peptides/blast_html4.php?run_id=110202&search_id=114132&scans_id=110198&peptide_id=8202&scanf=16950&charge=3&value=2,R.STANVLEETTVKK.E,/core/www/modules/show_out/show_out_wrapper.php?run_id=110202&search_id=114132&scans_id=110198&peptide_id=8202&scanf=16950&charge=3&value=R.STANVLEETTVKK.E,RSF1,1.071e+7,2.612,0.015,1.837,0.000
16954,3,"  1.836","  0.397",16/60,/core/www/modules//sdig/index.php?run_id=110202&search_id=114132&scans_id=110198&peptide_id=8205&scanf=16954&charge=3&value=16/60,sp|Q12906|ILF3_HUMAN,/core/www/modules//consensus/?run_id=110202&search_id=114132&scans_id=110198&peptide_id=8205&scanf=16954&charge=3&value=sp|Q12906|ILF3_HUMAN,1,/core/www/modules/match_peptides/blast_html4.php?run_id=110202&search_id=114132&scans_id=110198&peptide_id=8205&scanf=16954&charge=3&value=1,K.SIGTANRPMGAGEALR.R,/core/www/modules/show_out/show_out_wrapper.php?run_id=110202&search_id=114132&scans_id=110198&peptide_id=8205&scanf=16954&charge=3&value=K.SIGTANRPMGAGEALR.R,ILF3,5.119e+8,2.788,0.008,2.095,0.000
16955,3,"  2.442","  0.291",12/44,/core/www/modules//sdig/index.php?run_id=110202&search_id=114132&scans_id=110198&peptide_id=8206&scanf=16955&charge=3&value=12/44,sp|Q9GZR2|REXO4_HUMAN,/core/www/modules//consensus/?run_id=110202&search_id=114132&scans_id=110198&peptide_id=8206&scanf=16955&charge=3&value=sp|Q9GZR2|REXO4_HUMAN,0,/core/www/modules/match_peptides/blast_html4.php?run_id=110202&search_id=114132&scans_id=110198&peptide_id=8206&scanf=16955&charge=3&value=0,R.TAVSGIRPENLK.Q,/core/www/modules/show_out/show_out_wrapper.php?run_id=110202&search_id=114132&scans_id=110198&peptide_id=8206&scanf=16955&charge=3&value=R.TAVSGIRPENLK.Q,REXO4,2.932e+7,2.424,0.027,1.564,0.001
16956,2,"  4.548","  0.633",21/26,/core/www/modules//sdig/index.php?run_id=110202&search_id=114132&scans_id=110198&peptide_id=8207&scanf=16956&charge=2&value=21/26,sp|P38919|IF4A3_HUMAN,/core/www/modules//consensus/?run_id=110202&search_id=114132&scans_id=110198&peptide_id=8207&scanf=16956&charge=2&value=sp|P38919|IF4A3_HUMAN,1,/core/www/modules/match_peptides/blast_html4.php?run_id=110202&search_id=114132&scans_id=110198&peptide_id=8207&scanf=16956&charge=2&value=1,K.LDYGQHVVAGTPGR.V,/core/www/modules/show_out/show_out_wrapper.php?run_id=110202&search_id=114132&scans_id=110198&peptide_id=8207&scanf=16956&charge=2&value=K.LDYGQHVVAGTPGR.V,EIF4A3,2.511e+7,4.070,0.000,3.993,0.000
16957,2,"  2.488","  0.570",11/18,/core/www/modules//sdig/index.php?run_id=110202&search_id=114132&scans_id=110198&peptide_id=8208&scanf=16957&charge=2&value=11/18,sp|Q99848|EBP2_HUMAN,/core/www/modules//consensus/?run_id=110202&search_id=114132&scans_id=110198&peptide_id=8208&scanf=16957&charge=2&value=sp|Q99848|EBP2_HUMAN,1,/core/www/modules/match_peptides/blast_html4.php?run_id=110202&search_id=114132&scans_id=110198&peptide_id=8208&scanf=16957&charge=2&value=1,K.AVDPEDDFQR.E,/core/www/modules/show_out/show_out_wrapper.php?run_id=110202&search_id=114132&scans_id=110198&peptide_id=8208&scanf=16957&charge=2&value=K.AVDPEDDFQR.E,EBNA1BP2,1.827e+8,3.519,0.001,3.177,0.000
16961,2,"  3.171","  0.500",13/18,/core/www/modules//sdig/index.php?run_id=110202&search_id=114132&scans_id=110198&peptide_id=8213&scanf=16961&charge=2&value=13/18,sp|Q9NU22|MDN1_HUMAN,/core/www/modules//consensus/?run_id=110202&search_id=114132&scans_id=110198&peptide_id=8213&scanf=16961&charge=2&value=sp|Q9NU22|MDN1_HUMAN,0,/core/www/modules/match_peptides/blast_html4.php?run_id=110202&search_id=114132&scans_id=110198&peptide_id=8213&scanf=16961&charge=2&value=0,R.LNAALATPAK.E,/core/www/modules/show_out/show_out_wrapper.php?run_id=110202&search_id=114132&scans_id=110198&peptide_id=8213&scanf=16961&charge=2&value=R.LNAALATPAK.E,MDN1,2.260e+7,3.729,0.000,3.487,0.000
16966,3,"  5.486","  0.606",27/76,/core/www/modules//sdig/index.php?run_id=110202&search_id=114132&scans_id=110198&peptide_id=8218&scanf=16966&charge=3&value=27/76,sp|O94776|MTA2_HUMAN,/core/www/modules//consensus/?run_id=110202&search_id=114132&scans_id=110198&peptide_id=8218&scanf=16966&charge=3&value=sp|O94776|MTA2_HUMAN,0,/core/www/modules/match_peptides/blast_html4.php?run_id=110202&search_id=114132&scans_id=110198&peptide_id=8218&scanf=16966&charge=3&value=0,R.GHLSRPEAQSLSPYTTSANR.A,/core/www/modules/show_out/show_out_wrapper.php?run_id=110202&search_id=114132&scans_id=110198&peptide_id=8218&scanf=16966&charge=3&value=R.GHLSRPEAQSLSPYTTSANR.A,MTA2,7.976e+6,3.589,0.001,3.280,0.000
16967,3,"  4.645","  0.516",22/44,/core/www/modules//sdig/index.php?run_id=110202&search_id=114132&scans_id=110198&peptide_id=8219&scanf=16967&charge=3&value=22/44,sp|Q9BZE4|GTPB4_HUMAN,/core/www/modules//consensus/?run_id=110202&search_id=114132&scans_id=110198&peptide_id=8219&scanf=16967&charge=3&value=sp|Q9BZE4|GTPB4_HUMAN,0,/core/www/modules/match_peptides/blast_html4.php?run_id=110202&search_id=114132&scans_id=110198&peptide_id=8219&scanf=16967&charge=3&value=0,K.KLEELEKEEELR.T,/core/www/modules/show_out/show_out_wrapper.php?run_id=110202&search_id=114132&scans_id=110198&peptide_id=8219&scanf=16967&charge=3&value=K.KLEELEKEEELR.T,GTPBP4,2.809e+7,3.130,0.003,2.601,0.000
16968,2,"  2.569","  0.475",9/20,/core/www/modules//sdig/index.php?run_id=110202&search_id=114132&scans_id=110198&peptide_id=8220&scanf=16968&charge=2&value=9/20,sp|Q14690|RRP5_HUMAN,/core/www/modules//consensus/?run_id=110202&search_id=114132&scans_id=110198&peptide_id=8220&scanf=16968&charge=2&value=sp|Q14690|RRP5_HUMAN,1,/core/www/modules/match_peptides/blast_html4.php?run_id=110202&search_id=114132&scans_id=110198&peptide_id=8220&scanf=16968&charge=2&value=1,K.AGTYFSNQAVR.A,/core/www/modules/show_out/show_out_wrapper.php?run_id=110202&search_id=114132&scans_id=110198&peptide_id=8220&scanf=16968&charge=2&value=K.AGTYFSNQAVR.A,PDCD11,1.160e+7,3.013,0.004,2.427,0.000
16970,2,"  3.453","  0.541",14/24,/core/www/modules//sdig/index.php?run_id=110202&search_id=114132&scans_id=110198&peptide_id=8223&scanf=16970&charge=2&value=14/24,sp|Q96B26|EXOS8_HUMAN,/core/www/modules//consensus/?run_id=110202&search_id=114132&scans_id=110198&peptide_id=8223&scanf=16970&charge=2&value=sp|Q96B26|EXOS8_HUMAN,3,/core/www/modules/match_peptides/blast_html4.php?run_id=110202&search_id=114132&scans_id=110198&peptide_id=8223&scanf=16970&charge=2&value=3,K.AEFAAPSTDAPDK.G,/core/www/modules/show_out/show_out_wrapper.php?run_id=110202&search_id=114132&scans_id=110198&peptide_id=8223&scanf=16970&charge=2&value=K.AEFAAPSTDAPDK.G,EXOSC8,1.462e+7,3.288,0.001,2.834,0.000
16971,2,"  1.620","  0.072",9/12,/core/www/modules//sdig/index.php?run_id=110202&search_id=114132&scans_id=110198&peptide_id=8224&scanf=16971&charge=2&value=9/12,sp|Q9UKF6|CPSF3_HUMAN,/core/www/modules//consensus/?run_id=110202&search_id=114132&scans_id=110198&peptide_id=8224&scanf=16971&charge=2&value=sp|Q9UKF6|CPSF3_HUMAN,1,/core/www/modules/match_peptides/blast_html4.php?run_id=110202&search_id=114132&scans_id=110198&peptide_id=8224&scanf=16971&charge=2&value=1,R.VSGILVK.R,/core/www/modules/show_out/show_out_wrapper.php?run_id=110202&search_id=114132&scans_id=110198&peptide_id=8224&scanf=16971&charge=2&value=R.VSGILVK.R,CPSF3,1.161e+7,2.118,0.074,1.131,0.002
16974,3,"  3.309","  0.605",19/48,/core/www/modules//sdig/index.php?run_id=110202&search_id=114132&scans_id=110198&peptide_id=8226&scanf=16974&charge=3&value=19/48,sp|Q29RF7|PDS5A_HUMAN,/core/www/modules//consensus/?run_id=110202&search_id=114132&scans_id=110198&peptide_id=8226&scanf=16974&charge=3&value=sp|Q29RF7|PDS5A_HUMAN,1,/core/www/modules/match_peptides/blast_html4.php?run_id=110202&search_id=114132&scans_id=110198&peptide_id=8226&scanf=16974&charge=3&value=1,R.IYAPEAPYTSHDK.L,/core/www/modules/show_out/show_out_wrapper.php?run_id=110202&search_id=114132&scans_id=110198&peptide_id=8226&scanf=16974&charge=3&value=R.IYAPEAPYTSHDK.L,PDS5A,5.005e+7,3.764,0.000,3.539,0.000
16975,3,"  2.026","  0.207",12/40,/core/www/modules//sdig/index.php?run_id=110202&search_id=114132&scans_id=110198&peptide_id=8227&scanf=16975&charge=3&value=12/40,sp|Q14690|RRP5_HUMAN,/core/www/modules//consensus/?run_id=110202&search_id=114132&scans_id=110198&peptide_id=8227&scanf=16975&charge=3&value=sp|Q14690|RRP5_HUMAN,1,/core/www/modules/match_peptides/blast_html4.php?run_id=110202&search_id=114132&scans_id=110198&peptide_id=8227&scanf=16975&charge=3&value=1,R.YHDIEPGAVVK.G,/core/www/modules/show_out/show_out_wrapper.php?run_id=110202&search_id=114132&scans_id=110198&peptide_id=8227&scanf=16975&charge=3&value=R.YHDIEPGAVVK.G,PDCD11,2.449e+7,2.351,0.035,1.459,0.001
16977,2,"  3.434","  0.475",16/24,/core/www/modules//sdig/index.php?run_id=110202&search_id=114132&scans_id=110198&peptide_id=8229&scanf=16977&charge=2&value=16/24,sp|P78347|GTF2I_HUMAN,/core/www/modules//consensus/?run_id=110202&search_id=114132&scans_id=110198&peptide_id=8229&scanf=16977&charge=2&value=sp|P78347|GTF2I_HUMAN,3,/core/www/modules/match_peptides/blast_html4.php?run_id=110202&search_id=114132&scans_id=110198&peptide_id=8229&scanf=16977&charge=2&value=3,R.EDLQLDKPASGVK.E,/core/www/modules/show_out/show_out_wrapper.php?run_id=110202&search_id=114132&scans_id=110198&peptide_id=8229&scanf=16977&charge=2&value=R.EDLQLDKPASGVK.E,GTF2I,2.190e+7,3.316,0.001,2.876,0.000
16978,2,"  2.028","  0.006",9/12,/core/www/modules//sdig/index.php?run_id=110202&search_id=114132&scans_id=110198&peptide_id=8230&scanf=16978&charge=2&value=9/12,sp|P60709|ACTB_HUMAN,/core/www/modules//consensus/?run_id=110202&search_id=114132&scans_id=110198&peptide_id=8230&scanf=16978&charge=2&value=sp|P60709|ACTB_HUMAN,32,/core/www/modules/match_peptides/blast_html4.php?run_id=110202&search_id=114132&scans_id=110198&peptide_id=8230&scanf=16978&charge=2&value=32,K.RGILTLK.Y,/core/www/modules/show_out/show_out_wrapper.php?run_id=110202&search_id=114132&scans_id=110198&peptide_id=8230&scanf=16978&charge=2&value=K.RGILTLK.Y,ACTB,1.638e+9,2.165,0.064,1.197,0.002
16979,4,"  4.918","  0.471",14/108,/core/www/modules//sdig/index.php?run_id=110202&search_id=114132&scans_id=110198&peptide_id=8231&scanf=16979&charge=4&value=14/108,sp|P05455|LA_HUMAN,/core/www/modules//consensus/?run_id=110202&search_id=114132&scans_id=110198&peptide_id=8231&scanf=16979&charge=4&value=sp|P05455|LA_HUMAN,3,/core/www/modules/match_peptides/blast_html4.php?run_id=110202&search_id=114132&scans_id=110198&peptide_id=8231&scanf=16979&charge=4&value=3,R.RSPSKPLPEVTDEYKNDVK.N,/core/www/modules/show_out/show_out_wrapper.php?run_id=110202&search_id=114132&scans_id=110198&peptide_id=8231&scanf=16979&charge=4&value=R.RSPSKPLPEVTDEYKNDVK.N,SSB,1.526e+7,2.627,0.014,1.859,0.000
16980,2,"  1.749","  0.469",9/14,/core/www/modules//sdig/index.php?run_id=110202&search_id=114132&scans_id=110198&peptide_id=8233&scanf=16980&charge=2&value=9/14,sp|P22626|ROA2_HUMAN,/core/www/modules//consensus/?run_id=110202&search_id=114132&scans_id=110198&peptide_id=8233&scanf=16980&charge=2&value=sp|P22626|ROA2_HUMAN,9,/core/www/modules/match_peptides/blast_html4.php?run_id=110202&search_id=114132&scans_id=110198&peptide_id=8233&scanf=16980&charge=2&value=9,R.NYYEQWGK.L,/core/www/modules/show_out/show_out_wrapper.php?run_id=110202&search_id=114132&scans_id=110198&peptide_id=8233&scanf=16980&charge=2&value=R.NYYEQWGK.L,HNRNPA2B1,8.566e+7,3.338,0.001,2.909,0.000
16982,3,"  1.683","  0.117",10/32,/core/www/modules//sdig/index.php?run_id=110202&search_id=114132&scans_id=110198&peptide_id=8235&scanf=16982&charge=3&value=10/32,sp|P48643|TCPE_HUMAN,/core/www/modules//consensus/?run_id=110202&search_id=114132&scans_id=110198&peptide_id=8235&scanf=16982&charge=3&value=sp|P48643|TCPE_HUMAN,3,/core/www/modules/match_peptides/blast_html4.php?run_id=110202&search_id=114132&scans_id=110198&peptide_id=8235&scanf=16982&charge=3&value=3,K.DFSHPQMPK.K,/core/www/modules/show_out/show_out_wrapper.php?run_id=110202&search_id=114132&scans_id=110198&peptide_id=8235&scanf=16982&charge=3&value=K.DFSHPQMPK.K,CCT5,1.240e+7,2.054,0.090,1.045,0.004
16983,4,"  2.093","  0.358",14/72,/core/www/modules//sdig/index.php?run_id=110202&search_id=114132&scans_id=110198&peptide_id=8236&scanf=16983&charge=4&value=14/72,sp|Q9BWJ5|SF3B5_HUMAN,/core/www/modules//consensus/?run_id=110202&search_id=114132&scans_id=110198&peptide_id=8236&scanf=16983&charge=4&value=sp|Q9BWJ5|SF3B5_HUMAN,0,/core/www/modules/match_peptides/blast_html4.php?run_id=110202&search_id=114132&scans_id=110198&peptide_id=8236&scanf=16983&charge=4&value=0,R.YTIHSQLEHLQSK.Y,/core/www/modules/show_out/show_out_wrapper.php?run_id=110202&search_id=114132&scans_id=110198&peptide_id=8236&scanf=16983&charge=4&value=R.YTIHSQLEHLQSK.Y,SF3B5,1.433e+7,2.955,0.005,2.342,0.000
16984,2,"  2.359","  0.502",10/14,/core/www/modules//sdig/index.php?run_id=110202&search_id=114132&scans_id=110198&peptide_id=8237&scanf=16984&charge=2&value=10/14,sp|P62906|RL10A_HUMAN,/core/www/modules//consensus/?run_id=110202&search_id=114132&scans_id=110198&peptide_id=8237&scanf=16984&charge=2&value=sp|P62906|RL10A_HUMAN,0,/core/www/modules/match_peptides/blast_html4.php?run_id=110202&search_id=114132&scans_id=110198&peptide_id=8237&scanf=16984&charge=2&value=0,R.ILGPGLNK.A,/core/www/modules/show_out/show_out_wrapper.php?run_id=110202&search_id=114132&scans_id=110198&peptide_id=8237&scanf=16984&charge=2&value=R.ILGPGLNK.A,RPL10A,5.693e+8,3.509,0.001,3.162,0.000
16988,3,"  2.166","  0.310",10/36,/core/www/modules//sdig/index.php?run_id=110202&search_id=114132&scans_id=110198&peptide_id=8241&scanf=16988&charge=3&value=10/36,sp|Q15149|PLEC_HUMAN,/core/www/modules//consensus/?run_id=110202&search_id=114132&scans_id=110198&peptide_id=8241&scanf=16988&charge=3&value=sp|Q15149|PLEC_HUMAN,5,/core/www/modules/match_peptides/blast_html4.php?run_id=110202&search_id=114132&scans_id=110198&peptide_id=8241&scanf=16988&charge=3&value=5,R.HKPLLIDMNK.V,/core/www/modules/show_out/show_out_wrapper.php?run_id=110202&search_id=114132&scans_id=110198&peptide_id=8241&scanf=16988&charge=3&value=R.HKPLLIDMNK.V,PLEC,3.308e+7,3.131,0.003,2.602,0.000
16990,2,"  2.153","  0.301",8/14,/core/www/modules//sdig/index.php?run_id=110202&search_id=114132&scans_id=110198&peptide_id=8244&scanf=16990&charge=2&value=8/14,sp|P84085|ARF5_HUMAN,/core/www/modules//consensus/?run_id=110202&search_id=114132&scans_id=110198&peptide_id=8244&scanf=16990&charge=2&value=sp|P84085|ARF5_HUMAN,0,/core/www/modules/match_peptides/blast_html4.php?run_id=110202&search_id=114132&scans_id=110198&peptide_id=8244&scanf=16990&charge=2&value=0,K.MLQEDELR.D,/core/www/modules/show_out/show_out_wrapper.php?run_id=110202&search_id=114132&scans_id=110198&peptide_id=8244&scanf=16990&charge=2&value=K.MLQEDELR.D,ARF5,1.551e+8,2.479,0.023,1.643,0.001
16991,2,"  1.656","  0.259",9/22,/core/www/modules//sdig/index.php?run_id=110202&search_id=114132&scans_id=110198&peptide_id=8245&scanf=16991&charge=2&value=9/22,sp|Q14966|ZN638_HUMAN,/core/www/modules//consensus/?run_id=110202&search_id=114132&scans_id=110198&peptide_id=8245&scanf=16991&charge=2&value=sp|Q14966|ZN638_HUMAN,0,/core/www/modules/match_peptides/blast_html4.php?run_id=110202&search_id=114132&scans_id=110198&peptide_id=8245&scanf=16991&charge=2&value=0,K.AVEIVTSTSAAK.T,/core/www/modules/show_out/show_out_wrapper.php?run_id=110202&search_id=114132&scans_id=110198&peptide_id=8245&scanf=16991&charge=2&value=K.AVEIVTSTSAAK.T,ZNF638,9.428e+6,2.125,0.072,1.142,0.002
16995,3,"  3.349","  0.573",15/40,/core/www/modules//sdig/index.php?run_id=110202&search_id=114132&scans_id=110198&peptide_id=8248&scanf=16995&charge=3&value=15/40,sp|A6NHR9|SMHD1_HUMAN,/core/www/modules//consensus/?run_id=110202&search_id=114132&scans_id=110198&peptide_id=8248&scanf=16995&charge=3&value=sp|A6NHR9|SMHD1_HUMAN,4,/core/www/modules/match_peptides/blast_html4.php?run_id=110202&search_id=114132&scans_id=110198&peptide_id=8248&scanf=16995&charge=3&value=4,K.IAHLAQIEDDR.A,/core/www/modules/show_out/show_out_wrapper.php?run_id=110202&search_id=114132&scans_id=110198&peptide_id=8248&scanf=16995&charge=3&value=K.IAHLAQIEDDR.A,SMCHD1,8.690e+7,3.877,0.000,3.707,0.000
16997,3,"  6.054","  0.688",23/64,/core/www/modules//sdig/index.php?run_id=110202&search_id=114132&scans_id=110198&peptide_id=8250&scanf=16997&charge=3&value=23/64,sp|P09874|PARP1_HUMAN,/core/www/modules//consensus/?run_id=110202&search_id=114132&scans_id=110198&peptide_id=8250&scanf=16997&charge=3&value=sp|P09874|PARP1_HUMAN,1,/core/www/modules/match_peptides/blast_html4.php?run_id=110202&search_id=114132&scans_id=110198&peptide_id=8250&scanf=16997&charge=3&value=1,R.GGSDDSSKDPIDVNYEK.L,/core/www/modules/show_out/show_out_wrapper.php?run_id=110202&search_id=114132&scans_id=110198&peptide_id=8250&scanf=16997&charge=3&value=R.GGSDDSSKDPIDVNYEK.L,PARP1,3.683e+7,3.783,0.000,3.568,0.000
16999,2,"  2.554","  0.467",9/16,/core/www/modules//sdig/index.php?run_id=110202&search_id=114132&scans_id=110198&peptide_id=8252&scanf=16999&charge=2&value=9/16,sp|P55084|ECHB_HUMAN,/core/www/modules//consensus/?run_id=110202&search_id=114132&scans_id=110198&peptide_id=8252&scanf=16999&charge=2&value=sp|P55084|ECHB_HUMAN,1,/core/www/modules/match_peptides/blast_html4.php?run_id=110202&search_id=114132&scans_id=110198&peptide_id=8252&scanf=16999&charge=2&value=1,R.LEQDEYALR.S,/core/www/modules/show_out/show_out_wrapper.php?run_id=110202&search_id=114132&scans_id=110198&peptide_id=8252&scanf=16999&charge=2&value=R.LEQDEYALR.S,HADHB,3.452e+7,3.177,0.002,2.670,0.000
17000,3,"  2.046","  0.158",12/60,/core/www/modules//sdig/index.php?run_id=110202&search_id=114132&scans_id=110198&peptide_id=8254&scanf=17000&charge=3&value=12/60,sp|Q12906|ILF3_HUMAN,/core/www/modules//consensus/?run_id=110202&search_id=114132&scans_id=110198&peptide_id=8254&scanf=17000&charge=3&value=sp|Q12906|ILF3_HUMAN,1,/core/www/modules/match_peptides/blast_html4.php?run_id=110202&search_id=114132&scans_id=110198&peptide_id=8254&scanf=17000&charge=3&value=1,K.SIGTANRPM*GAGEALR.R,/core/www/modules/show_out/show_out_wrapper.php?run_id=110202&search_id=114132&scans_id=110198&peptide_id=8254&scanf=17000&charge=3&value=K.SIGTANRPM*GAGEALR.R,ILF3,1.750e+7,1.885,0.150,0.823,0.008
17001,2,"  2.042","  0.491",8/14,/core/www/modules//sdig/index.php?run_id=110202&search_id=114132&scans_id=110198&peptide_id=8255&scanf=17001&charge=2&value=8/14,sp|P50991|TCPD_HUMAN,/core/www/modules//consensus/?run_id=110202&search_id=114132&scans_id=110198&peptide_id=8255&scanf=17001&charge=2&value=sp|P50991|TCPD_HUMAN,0,/core/www/modules/match_peptides/blast_html4.php?run_id=110202&search_id=114132&scans_id=110198&peptide_id=8255&scanf=17001&charge=2&value=0,K.LVIEEAER.S,/core/www/modules/show_out/show_out_wrapper.php?run_id=110202&search_id=114132&scans_id=110198&peptide_id=8255&scanf=17001&charge=2&value=K.LVIEEAER.S,CCT4,7.870e+7,3.267,0.002,2.802,0.000
17002,3,"  2.296","  0.253",9/44,/core/www/modules//sdig/index.php?run_id=110202&search_id=114132&scans_id=110198&peptide_id=8256&scanf=17002&charge=3&value=9/44,sp|Q5C9Z4|NOM1_HUMAN,/core/www/modules//consensus/?run_id=110202&search_id=114132&scans_id=110198&peptide_id=8256&scanf=17002&charge=3&value=sp|Q5C9Z4|NOM1_HUMAN,0,/core/www/modules/match_peptides/blast_html4.php?run_id=110202&search_id=114132&scans_id=110198&peptide_id=8256&scanf=17002&charge=3&value=0,R.KIPGYDPEPVEK.L,/core/www/modules/show_out/show_out_wrapper.php?run_id=110202&search_id=114132&scans_id=110198&peptide_id=8256&scanf=17002&charge=3&value=R.KIPGYDPEPVEK.L,NOM1,1.441e+7,1.983,0.112,0.950,0.005
17003,2,"  1.368","  0.122",7/12,/core/www/modules//sdig/index.php?run_id=110202&search_id=114132&scans_id=110198&peptide_id=8257&scanf=17003&charge=2&value=7/12,sp|P43243|MATR3_HUMAN,/core/www/modules//consensus/?run_id=110202&search_id=114132&scans_id=110198&peptide_id=8257&scanf=17003&charge=2&value=sp|P43243|MATR3_HUMAN,4,/core/www/modules/match_peptides/blast_html4.php?run_id=110202&search_id=114132&scans_id=110198&peptide_id=8257&scanf=17003&charge=2&value=4,R.GIDLLKK.D,/core/www/modules/show_out/show_out_wrapper.php?run_id=110202&search_id=114132&scans_id=110198&peptide_id=8257&scanf=17003&charge=2&value=R.GIDLLKK.D,MATR3,1.275e+7,1.827,0.177,0.751,0.010
17004,2,"  1.896","  0.440",9/14,/core/www/modules//sdig/index.php?run_id=110202&search_id=114132&scans_id=110198&peptide_id=8258&scanf=17004&charge=2&value=9/14,sp|P53618|COPB_HUMAN,/core/www/modules//consensus/?run_id=110202&search_id=114132&scans_id=110198&peptide_id=8258&scanf=17004&charge=2&value=sp|P53618|COPB_HUMAN,0,/core/www/modules/match_peptides/blast_html4.php?run_id=110202&search_id=114132&scans_id=110198&peptide_id=8258&scanf=17004&charge=2&value=0,R.YVALVQEK.K,/core/www/modules/show_out/show_out_wrapper.php?run_id=110202&search_id=114132&scans_id=110198&peptide_id=8258&scanf=17004&charge=2&value=R.YVALVQEK.K,COPB1,1.221e+7,3.228,0.002,2.745,0.000
17010,2,"  3.188","  0.567",11/20,/core/www/modules//sdig/index.php?run_id=110202&search_id=114132&scans_id=110198&peptide_id=8265&scanf=17010&charge=2&value=11/20,sp|P54578|UBP14_HUMAN,/core/www/modules//consensus/?run_id=110202&search_id=114132&scans_id=110198&peptide_id=8265&scanf=17010&charge=2&value=sp|P54578|UBP14_HUMAN,1,/core/www/modules/match_peptides/blast_html4.php?run_id=110202&search_id=114132&scans_id=110198&peptide_id=8265&scanf=17010&charge=2&value=1,R.RVEIMEEESEQ.-,/core/www/modules/show_out/show_out_wrapper.php?run_id=110202&search_id=114132&scans_id=110198&peptide_id=8265&scanf=17010&charge=2&value=R.RVEIMEEESEQ.-,USP14,1.120e+7,3.104,0.003,2.561,0.000
17012,2,"  3.196","  0.508",10/20,/core/www/modules//sdig/index.php?run_id=110202&search_id=114132&scans_id=110198&peptide_id=8267&scanf=17012&charge=2&value=10/20,sp|P05198|IF2A_HUMAN,/core/www/modules//consensus/?run_id=110202&search_id=114132&scans_id=110198&peptide_id=8267&scanf=17012&charge=2&value=sp|P05198|IF2A_HUMAN,2,/core/www/modules/match_peptides/blast_html4.php?run_id=110202&search_id=114132&scans_id=110198&peptide_id=8267&scanf=17012&charge=2&value=2,K.RPGYGAYDAFK.H,/core/www/modules/show_out/show_out_wrapper.php?run_id=110202&search_id=114132&scans_id=110198&peptide_id=8267&scanf=17012&charge=2&value=K.RPGYGAYDAFK.H,EIF2S1,8.616e+6,3.135,0.002,2.608,0.000
17015,2,"  2.973","  0.426",15/20,/core/www/modules//sdig/index.php?run_id=110202&search_id=114132&scans_id=110198&peptide_id=8269&scanf=17015&charge=2&value=15/20,sp|P50454|SERPH_HUMAN,/core/www/modules//consensus/?run_id=110202&search_id=114132&scans_id=110198&peptide_id=8269&scanf=17015&charge=2&value=sp|P50454|SERPH_HUMAN,2,/core/www/modules/match_peptides/blast_html4.php?run_id=110202&search_id=114132&scans_id=110198&peptide_id=8269&scanf=17015&charge=2&value=2,K.GVVEVTHDLQK.H,/core/www/modules/show_out/show_out_wrapper.php?run_id=110202&search_id=114132&scans_id=110198&peptide_id=8269&scanf=17015&charge=2&value=K.GVVEVTHDLQK.H,SERPINH1,6.124e+7,3.268,0.002,2.804,0.000
17018,2,"  2.673","  0.540",11/18,/core/www/modules//sdig/index.php?run_id=110202&search_id=114132&scans_id=110198&peptide_id=8272&scanf=17018&charge=2&value=11/18,sp|P30101|PDIA3_HUMAN,/core/www/modules//consensus/?run_id=110202&search_id=114132&scans_id=110198&peptide_id=8272&scanf=17018&charge=2&value=sp|P30101|PDIA3_HUMAN,13,/core/www/modules/match_peptides/blast_html4.php?run_id=110202&search_id=114132&scans_id=110198&peptide_id=8272&scanf=17018&charge=2&value=13,K.QAGPASVPLR.T,/core/www/modules/show_out/show_out_wrapper.php?run_id=110202&search_id=114132&scans_id=110198&peptide_id=8272&scanf=17018&charge=2&value=K.QAGPASVPLR.T,PDIA3,1.080e+8,3.469,0.001,3.102,0.000
17019,3,"  1.786","  0.316",13/44,/core/www/modules//sdig/index.php?run_id=110202&search_id=114132&scans_id=110198&peptide_id=8273&scanf=17019&charge=3&value=13/44,sp|P49755|TMEDA_HUMAN,/core/www/modules//consensus/?run_id=110202&search_id=114132&scans_id=110198&peptide_id=8273&scanf=17019&charge=3&value=sp|P49755|TMEDA_HUMAN,1,/core/www/modules/match_peptides/blast_html4.php?run_id=110202&search_id=114132&scans_id=110198&peptide_id=8273&scanf=17019&charge=3&value=1,K.ITDSAGHILYSK.E,/core/www/modules/show_out/show_out_wrapper.php?run_id=110202&search_id=114132&scans_id=110198&peptide_id=8273&scanf=17019&charge=3&value=K.ITDSAGHILYSK.E,TMED10,2.681e+8,2.566,0.017,1.770,0.000
17021,2,"  3.264","  0.506",13/22,/core/www/modules//sdig/index.php?run_id=110202&search_id=114132&scans_id=110198&peptide_id=8276&scanf=17021&charge=2&value=13/22,sp|O60763|USO1_HUMAN,/core/www/modules//consensus/?run_id=110202&search_id=114132&scans_id=110198&peptide_id=8276&scanf=17021&charge=2&value=sp|O60763|USO1_HUMAN,0,/core/www/modules/match_peptides/blast_html4.php?run_id=110202&search_id=114132&scans_id=110198&peptide_id=8276&scanf=17021&charge=2&value=0,K.SQLNSQSVEITK.L,/core/www/modules/show_out/show_out_wrapper.php?run_id=110202&search_id=114132&scans_id=110198&peptide_id=8276&scanf=17021&charge=2&value=K.SQLNSQSVEITK.L,USO1,1.929e+7,3.278,0.002,2.819,0.000
17022,3,"  3.326","  0.589",15/48,/core/www/modules//sdig/index.php?run_id=110202&search_id=114132&scans_id=110198&peptide_id=8277&scanf=17022&charge=3&value=15/48,sp|P55786|PSA_HUMAN,/core/www/modules//consensus/?run_id=110202&search_id=114132&scans_id=110198&peptide_id=8277&scanf=17022&charge=3&value=sp|P55786|PSA_HUMAN,2,/core/www/modules/match_peptides/blast_html4.php?run_id=110202&search_id=114132&scans_id=110198&peptide_id=8277&scanf=17022&charge=3&value=2,K.AFFESHPAPSAER.T,/core/www/modules/show_out/show_out_wrapper.php?run_id=110202&search_id=114132&scans_id=110198&peptide_id=8277&scanf=17022&charge=3&value=K.AFFESHPAPSAER.T,NPEPPS,2.679e+7,3.528,0.001,3.190,0.000
17023,3,"  2.875","  0.591",18/52,/core/www/modules//sdig/index.php?run_id=110202&search_id=114132&scans_id=110198&peptide_id=8278&scanf=17023&charge=3&value=18/52,sp|P18621|RL17_HUMAN,/core/www/modules//consensus/?run_id=110202&search_id=114132&scans_id=110198&peptide_id=8278&scanf=17023&charge=3&value=sp|P18621|RL17_HUMAN,6,/core/www/modules/match_peptides/blast_html4.php?run_id=110202&search_id=114132&scans_id=110198&peptide_id=8278&scanf=17023&charge=3&value=6,K.EQIVPKPEEEVAQK.K,/core/www/modules/show_out/show_out_wrapper.php?run_id=110202&search_id=114132&scans_id=110198&peptide_id=8278&scanf=17023&charge=3&value=K.EQIVPKPEEEVAQK.K,RPL17,3.171e+8,3.550,0.001,3.223,0.000
17024,2,"  1.735","  0.250",9/22,/core/www/modules//sdig/index.php?run_id=110202&search_id=114132&scans_id=110198&peptide_id=8279&scanf=17024&charge=2&value=9/22,sp|Q5TA45|INT11_HUMAN,/core/www/modules//consensus/?run_id=110202&search_id=114132&scans_id=110198&peptide_id=8279&scanf=17024&charge=2&value=sp|Q5TA45|INT11_HUMAN,7,/core/www/modules/match_peptides/blast_html4.php?run_id=110202&search_id=114132&scans_id=110198&peptide_id=8279&scanf=17024&charge=2&value=7,R.VTPLGAGQDVGR.S,/core/www/modules/show_out/show_out_wrapper.php?run_id=110202&search_id=114132&scans_id=110198&peptide_id=8279&scanf=17024&charge=2&value=R.VTPLGAGQDVGR.S,INTS11,1.464e+7,2.036,0.096,1.020,0.005
17025,2,"  1.825","  0.342",11/20,/core/www/modules//sdig/index.php?run_id=110202&search_id=114132&scans_id=110198&peptide_id=8280&scanf=17025&charge=2&value=11/20,sp|Q9UHB6|LIMA1_HUMAN,/core/www/modules//consensus/?run_id=110202&search_id=114132&scans_id=110198&peptide_id=8280&scanf=17025&charge=2&value=sp|Q9UHB6|LIMA1_HUMAN,3,/core/www/modules/match_peptides/blast_html4.php?run_id=110202&search_id=114132&scans_id=110198&peptide_id=8280&scanf=17025&charge=2&value=3,K.ISANENSLAVR.S,/core/www/modules/show_out/show_out_wrapper.php?run_id=110202&search_id=114132&scans_id=110198&peptide_id=8280&scanf=17025&charge=2&value=K.ISANENSLAVR.S,LIMA1,6.756e+7,2.614,0.014,1.841,0.000
17027,3,"  2.922","  0.231",9/48,/core/www/modules//sdig/index.php?run_id=110202&search_id=114132&scans_id=110198&peptide_id=8282&scanf=17027&charge=3&value=9/48,sp|O95104|SCAF4_HUMAN,/core/www/modules//consensus/?run_id=110202&search_id=114132&scans_id=110198&peptide_id=8282&scanf=17027&charge=3&value=sp|O95104|SCAF4_HUMAN,0,/core/www/modules/match_peptides/blast_html4.php?run_id=110202&search_id=114132&scans_id=110198&peptide_id=8282&scanf=17027&charge=3&value=0,R.HQFGTDKDVFGPR.F,/core/www/modules/show_out/show_out_wrapper.php?run_id=110202&search_id=114132&scans_id=110198&peptide_id=8282&scanf=17027&charge=3&value=R.HQFGTDKDVFGPR.F,SCAF4,1.034e+7,1.817,0.183,0.739,0.010
17028,2,"  3.686","  0.539",15/20,/core/www/modules//sdig/index.php?run_id=110202&search_id=114132&scans_id=110198&peptide_id=8283&scanf=17028&charge=2&value=15/20,sp|Q00765|REEP5_HUMAN,/core/www/modules//consensus/?run_id=110202&search_id=114132&scans_id=110198&peptide_id=8283&scanf=17028&charge=2&value=sp|Q00765|REEP5_HUMAN,0,/core/www/modules/match_peptides/blast_html4.php?run_id=110202&search_id=114132&scans_id=110198&peptide_id=8283&scanf=17028&charge=2&value=0,K.KATVNLLGEEK.K,/core/www/modules/show_out/show_out_wrapper.php?run_id=110202&search_id=114132&scans_id=110198&peptide_id=8283&scanf=17028&charge=2&value=K.KATVNLLGEEK.K,REEP5,1.387e+7,3.336,0.001,2.905,0.000
17029,2,"  2.963","  0.250",9/22,/core/www/modules//sdig/index.php?run_id=110202&search_id=114132&scans_id=110198&peptide_id=8284&scanf=17029&charge=2&value=9/22,sp|P49755|TMEDA_HUMAN,/core/www/modules//consensus/?run_id=110202&search_id=114132&scans_id=110198&peptide_id=8284&scanf=17029&charge=2&value=sp|P49755|TMEDA_HUMAN,1,/core/www/modules/match_peptides/blast_html4.php?run_id=110202&search_id=114132&scans_id=110198&peptide_id=8284&scanf=17029&charge=2&value=1,K.ITDSAGHILYSK.E,/core/www/modules/show_out/show_out_wrapper.php?run_id=110202&search_id=114132&scans_id=110198&peptide_id=8284&scanf=17029&charge=2&value=K.ITDSAGHILYSK.E,TMED10,5.111e+7,2.040,0.094,1.025,0.004
17031,2,"  2.235","  0.326",10/14,/core/www/modules//sdig/index.php?run_id=110202&search_id=114132&scans_id=110198&peptide_id=8287&scanf=17031&charge=2&value=10/14,sp|P62277|RS13_HUMAN,/core/www/modules//consensus/?run_id=110202&search_id=114132&scans_id=110198&peptide_id=8287&scanf=17031&charge=2&value=sp|P62277|RS13_HUMAN,0,/core/www/modules/match_peptides/blast_html4.php?run_id=110202&search_id=114132&scans_id=110198&peptide_id=8287&scanf=17031&charge=2&value=0,K.RVLPPNWK.Y,/core/www/modules/show_out/show_out_wrapper.php?run_id=110202&search_id=114132&scans_id=110198&peptide_id=8287&scanf=17031&charge=2&value=K.RVLPPNWK.Y,RPS13,1.237e+7,2.641,0.013,1.880,0.000
17036,2,"  2.687","  0.569",13/20,/core/www/modules//sdig/index.php?run_id=110202&search_id=114132&scans_id=110198&peptide_id=8291&scanf=17036&charge=2&value=13/20,sp|Q9Y5B9|SP16H_HUMAN,/core/www/modules//consensus/?run_id=110202&search_id=114132&scans_id=110198&peptide_id=8291&scanf=17036&charge=2&value=sp|Q9Y5B9|SP16H_HUMAN,0,/core/www/modules/match_peptides/blast_html4.php?run_id=110202&search_id=114132&scans_id=110198&peptide_id=8291&scanf=17036&charge=2&value=0,K.ELAAQLNEEAK.R,/core/www/modules/show_out/show_out_wrapper.php?run_id=110202&search_id=114132&scans_id=110198&peptide_id=8291&scanf=17036&charge=2&value=K.ELAAQLNEEAK.R,SUPT16H,2.008e+8,3.644,0.000,3.362,0.000
17037,3,"  2.208","  0.398",13/68,/core/www/modules//sdig/index.php?run_id=110202&search_id=114132&scans_id=110198&peptide_id=8292&scanf=17037&charge=3&value=13/68,sp|Q15149|PLEC_HUMAN,/core/www/modules//consensus/?run_id=110202&search_id=114132&scans_id=110198&peptide_id=8292&scanf=17037&charge=3&value=sp|Q15149|PLEC_HUMAN,5,/core/www/modules/match_peptides/blast_html4.php?run_id=110202&search_id=114132&scans_id=110198&peptide_id=8292&scanf=17037&charge=3&value=5,R.AALAHSEEVTASQVAATK.T,/core/www/modules/show_out/show_out_wrapper.php?run_id=110202&search_id=114132&scans_id=110198&peptide_id=8292&scanf=17037&charge=3&value=R.AALAHSEEVTASQVAATK.T,PLEC,4.072e+7,3.000,0.004,2.408,0.000
17038,2,"  2.386","  0.570",13/24,/core/www/modules//sdig/index.php?run_id=110202&search_id=114132&scans_id=110198&peptide_id=8293&scanf=17038&charge=2&value=13/24,sp|Q9NZI8|IF2B1_HUMAN,/core/www/modules//consensus/?run_id=110202&search_id=114132&scans_id=110198&peptide_id=8293&scanf=17038&charge=2&value=sp|Q9NZI8|IF2B1_HUMAN,0,/core/www/modules/match_peptides/blast_html4.php?run_id=110202&search_id=114132&scans_id=110198&peptide_id=8293&scanf=17038&charge=2&value=0,R.DQTPDENDQVIVK.I,/core/www/modules/show_out/show_out_wrapper.php?run_id=110202&search_id=114132&scans_id=110198&peptide_id=8293&scanf=17038&charge=2&value=R.DQTPDENDQVIVK.I,IGF2BP1,4.192e+7,3.331,0.001,2.897,0.000
17039,4,"  6.172","  0.703",31/102,/core/www/modules//sdig/index.php?run_id=110202&search_id=114132&scans_id=110198&peptide_id=8294&scanf=17039&charge=4&value=31/102,sp|Q9BUJ2|HNRL1_HUMAN,/core/www/modules//consensus/?run_id=110202&search_id=114132&scans_id=110198&peptide_id=8294&scanf=17039&charge=4&value=sp|Q9BUJ2|HNRL1_HUMAN,3,/core/www/modules/match_peptides/blast_html4.php?run_id=110202&search_id=114132&scans_id=110198&peptide_id=8294&scanf=17039&charge=4&value=3,K.RTDEEGKDVPDHAVLEMK.A,/core/www/modules/show_out/show_out_wrapper.php?run_id=110202&search_id=114132&scans_id=110198&peptide_id=8294&scanf=17039&charge=4&value=K.RTDEEGKDVPDHAVLEMK.A,HNRNPUL1,7.504e+7,3.827,0.000,3.633,0.000
17040,3,"  4.929","  0.662",19/60,/core/www/modules//sdig/index.php?run_id=110202&search_id=114132&scans_id=110198&peptide_id=8296&scanf=17040&charge=3&value=19/60,sp|Q14839|CHD4_HUMAN,/core/www/modules//consensus/?run_id=110202&search_id=114132&scans_id=110198&peptide_id=8296&scanf=17040&charge=3&value=sp|Q14839|CHD4_HUMAN,20,/core/www/modules/match_peptides/blast_html4.php?run_id=110202&search_id=114132&scans_id=110198&peptide_id=8296&scanf=17040&charge=3&value=20,K.IEENSLKEEESIEGEK.E,/core/www/modules/show_out/show_out_wrapper.php?run_id=110202&search_id=114132&scans_id=110198&peptide_id=8296&scanf=17040&charge=3&value=K.IEENSLKEEESIEGEK.E,CHD4,2.518e+7,3.633,0.000,3.345,0.000
17041,3,"  2.935","  0.602",15/48,/core/www/modules//sdig/index.php?run_id=110202&search_id=114132&scans_id=110198&peptide_id=8297&scanf=17041&charge=3&value=15/48,sp|O15226|NKRF_HUMAN,/core/www/modules//consensus/?run_id=110202&search_id=114132&scans_id=110198&peptide_id=8297&scanf=17041&charge=3&value=sp|O15226|NKRF_HUMAN,1,/core/www/modules/match_peptides/blast_html4.php?run_id=110202&search_id=114132&scans_id=110198&peptide_id=8297&scanf=17041&charge=3&value=1,K.EVNEQTHFASMPR.D,/core/www/modules/show_out/show_out_wrapper.php?run_id=110202&search_id=114132&scans_id=110198&peptide_id=8297&scanf=17041&charge=3&value=K.EVNEQTHFASMPR.D,NKRF,2.662e+7,3.563,0.001,3.242,0.000
17043,3,"  2.646","  0.604",13/36,/core/www/modules//sdig/index.php?run_id=110202&search_id=114132&scans_id=110198&peptide_id=8299&scanf=17043&charge=3&value=13/36,sp|P55884|EIF3B_HUMAN,/core/www/modules//consensus/?run_id=110202&search_id=114132&scans_id=110198&peptide_id=8299&scanf=17043&charge=3&value=sp|P55884|EIF3B_HUMAN,0,/core/www/modules/match_peptides/blast_html4.php?run_id=110202&search_id=114132&scans_id=110198&peptide_id=8299&scanf=17043&charge=3&value=0,K.FAVLHGEAPR.I,/core/www/modules/show_out/show_out_wrapper.php?run_id=110202&search_id=114132&scans_id=110198&peptide_id=8299&scanf=17043&charge=3&value=K.FAVLHGEAPR.I,EIF3B,5.525e+7,3.757,0.000,3.529,0.000
17045,3,"  2.195","  0.328",14/40,/core/www/modules//sdig/index.php?run_id=110202&search_id=114132&scans_id=110198&peptide_id=8301&scanf=17045&charge=3&value=14/40,sp|Q96DI7|SNR40_HUMAN,/core/www/modules//consensus/?run_id=110202&search_id=114132&scans_id=110198&peptide_id=8301&scanf=17045&charge=3&value=sp|Q96DI7|SNR40_HUMAN,1,/core/www/modules/match_peptides/blast_html4.php?run_id=110202&search_id=114132&scans_id=110198&peptide_id=8301&scanf=17045&charge=3&value=1,K.IFQGNVHNFEK.N,/core/www/modules/show_out/show_out_wrapper.php?run_id=110202&search_id=114132&scans_id=110198&peptide_id=8301&scanf=17045&charge=3&value=K.IFQGNVHNFEK.N,SNRNP40,6.316e+7,2.740,0.009,2.024,0.000
17046,2,"  3.276","  0.596",13/24,/core/www/modules//sdig/index.php?run_id=110202&search_id=114132&scans_id=110198&peptide_id=8302&scanf=17046&charge=2&value=13/24,sp|P18754|RCC1_HUMAN,/core/www/modules//consensus/?run_id=110202&search_id=114132&scans_id=110198&peptide_id=8302&scanf=17046&charge=2&value=sp|P18754|RCC1_HUMAN,5,/core/www/modules/match_peptides/blast_html4.php?run_id=110202&search_id=114132&scans_id=110198&peptide_id=8302&scanf=17046&charge=2&value=5,R.DTSVEGSEMVPGK.V,/core/www/modules/show_out/show_out_wrapper.php?run_id=110202&search_id=114132&scans_id=110198&peptide_id=8302&scanf=17046&charge=2&value=R.DTSVEGSEMVPGK.V,RCC1,1.574e+7,3.421,0.001,3.031,0.000
17048,2,"  3.543","  0.601",12/22,/core/www/modules//sdig/index.php?run_id=110202&search_id=114132&scans_id=110198&peptide_id=8304&scanf=17048&charge=2&value=12/22,sp|P07814|SYEP_HUMAN,/core/www/modules//consensus/?run_id=110202&search_id=114132&scans_id=110198&peptide_id=8304&scanf=17048&charge=2&value=sp|P07814|SYEP_HUMAN,1,/core/www/modules/match_peptides/blast_html4.php?run_id=110202&search_id=114132&scans_id=110198&peptide_id=8304&scanf=17048&charge=2&value=1,K.AYVDDTPAEQMK.A,/core/www/modules/show_out/show_out_wrapper.php?run_id=110202&search_id=114132&scans_id=110198&peptide_id=8304&scanf=17048&charge=2&value=K.AYVDDTPAEQMK.A,EPRS1,1.846e+7,3.550,0.001,3.222,0.000
17049,3,"  2.829","  0.449",15/40,/core/www/modules//sdig/index.php?run_id=110202&search_id=114132&scans_id=110198&peptide_id=8305&scanf=17049&charge=3&value=15/40,sp|Q9ULK4|MED23_HUMAN,/core/www/modules//consensus/?run_id=110202&search_id=114132&scans_id=110198&peptide_id=8305&scanf=17049&charge=3&value=sp|Q9ULK4|MED23_HUMAN,1,/core/www/modules/match_peptides/blast_html4.php?run_id=110202&search_id=114132&scans_id=110198&peptide_id=8305&scanf=17049&charge=3&value=1,R.LHHEFLQQSLR.N,/core/www/modules/show_out/show_out_wrapper.php?run_id=110202&search_id=114132&scans_id=110198&peptide_id=8305&scanf=17049&charge=3&value=R.LHHEFLQQSLR.N,MED23,1.118e+7,3.211,0.002,2.720,0.000
17051,3,"  2.890","  0.428",10/48,/core/www/modules//sdig/index.php?run_id=110202&search_id=114132&scans_id=110198&peptide_id=8308&scanf=17051&charge=3&value=10/48,sp|Q92804|RBP56_HUMAN,/core/www/modules//consensus/?run_id=110202&search_id=114132&scans_id=110198&peptide_id=8308&scanf=17051&charge=3&value=sp|Q92804|RBP56_HUMAN,1,/core/www/modules/match_peptides/blast_html4.php?run_id=110202&search_id=114132&scans_id=110198&peptide_id=8308&scanf=17051&charge=3&value=1,K.KTGKPMINLYTDK.D,/core/www/modules/show_out/show_out_wrapper.php?run_id=110202&search_id=114132&scans_id=110198&peptide_id=8308&scanf=17051&charge=3&value=K.KTGKPMINLYTDK.D,TAF15,8.661e+6,2.531,0.019,1.720,0.000
17057,3,"  1.950","  0.418",10/40,/core/www/modules//sdig/index.php?run_id=110202&search_id=114132&scans_id=110198&peptide_id=8313&scanf=17057&charge=3&value=10/40,sp|P23246|SFPQ_HUMAN,/core/www/modules//consensus/?run_id=110202&search_id=114132&scans_id=110198&peptide_id=8313&scanf=17057&charge=3&value=sp|P23246|SFPQ_HUMAN,1,/core/www/modules/match_peptides/blast_html4.php?run_id=110202&search_id=114132&scans_id=110198&peptide_id=8313&scanf=17057&charge=3&value=1,R.FATHAAALSVR.N,/core/www/modules/show_out/show_out_wrapper.php?run_id=110202&search_id=114132&scans_id=110198&peptide_id=8313&scanf=17057&charge=3&value=R.FATHAAALSVR.N,SFPQ,8.892e+6,2.918,0.005,2.287,0.000
17058,2,"  1.837","  0.405",9/14,/core/www/modules//sdig/index.php?run_id=110202&search_id=114132&scans_id=110198&peptide_id=8314&scanf=17058&charge=2&value=9/14,sp|Q08211|DHX9_HUMAN,/core/www/modules//consensus/?run_id=110202&search_id=114132&scans_id=110198&peptide_id=8314&scanf=17058&charge=2&value=sp|Q08211|DHX9_HUMAN,0,/core/www/modules/match_peptides/blast_html4.php?run_id=110202&search_id=114132&scans_id=110198&peptide_id=8314&scanf=17058&charge=2&value=0,K.MTPSYEIR.A,/core/www/modules/show_out/show_out_wrapper.php?run_id=110202&search_id=114132&scans_id=110198&peptide_id=8314&scanf=17058&charge=2&value=K.MTPSYEIR.A,DHX9,3.070e+8,3.324,0.001,2.888,0.000
17059,4,"  4.128","  0.621",21/90,/core/www/modules//sdig/index.php?run_id=110202&search_id=114132&scans_id=110198&peptide_id=8315&scanf=17059&charge=4&value=21/90,sp|Q9BUJ2|HNRL1_HUMAN,/core/www/modules//consensus/?run_id=110202&search_id=114132&scans_id=110198&peptide_id=8315&scanf=17059&charge=4&value=sp|Q9BUJ2|HNRL1_HUMAN,6,/core/www/modules/match_peptides/blast_html4.php?run_id=110202&search_id=114132&scans_id=110198&peptide_id=8315&scanf=17059&charge=4&value=6,R.RPLEMEQQQAYRPEMK.T,/core/www/modules/show_out/show_out_wrapper.php?run_id=110202&search_id=114132&scans_id=110198&peptide_id=8315&scanf=17059&charge=4&value=R.RPLEMEQQQAYRPEMK.T,HNRNPUL1,4.566e+7,3.954,0.000,3.821,0.000
17060,2,"  2.901","  0.562",10/20,/core/www/modules//sdig/index.php?run_id=110202&search_id=114132&scans_id=110198&peptide_id=8317&scanf=17060&charge=2&value=10/20,sp|P51572|BAP31_HUMAN,/core/www/modules//consensus/?run_id=110202&search_id=114132&scans_id=110198&peptide_id=8317&scanf=17060&charge=2&value=sp|P51572|BAP31_HUMAN,1,/core/www/modules/match_peptides/blast_html4.php?run_id=110202&search_id=114132&scans_id=110198&peptide_id=8317&scanf=17060&charge=2&value=1,K.LQAAVDGPMDK.K,/core/www/modules/show_out/show_out_wrapper.php?run_id=110202&search_id=114132&scans_id=110198&peptide_id=8317&scanf=17060&charge=2&value=K.LQAAVDGPMDK.K,BCAP31,4.008e+7,3.322,0.001,2.884,0.000
17061,2,"  1.729","  0.229",8/14,/core/www/modules//sdig/index.php?run_id=110202&search_id=114132&scans_id=110198&peptide_id=8318&scanf=17061&charge=2&value=8/14,sp|Q29RF7|PDS5A_HUMAN,/core/www/modules//consensus/?run_id=110202&search_id=114132&scans_id=110198&peptide_id=8318&scanf=17061&charge=2&value=sp|Q29RF7|PDS5A_HUMAN,0,/core/www/modules/match_peptides/blast_html4.php?run_id=110202&search_id=114132&scans_id=110198&peptide_id=8318&scanf=17061&charge=2&value=0,K.IAYPPGVK.E,/core/www/modules/show_out/show_out_wrapper.php?run_id=110202&search_id=114132&scans_id=110198&peptide_id=8318&scanf=17061&charge=2&value=K.IAYPPGVK.E,PDS5A,7.212e+7,2.414,0.028,1.550,0.001
17064,3,"  1.738","  0.173",10/44,/core/www/modules//sdig/index.php?run_id=110202&search_id=114132&scans_id=110198&peptide_id=8321&scanf=17064&charge=3&value=10/44,sp|Q9Y2L1|RRP44_HUMAN,/core/www/modules//consensus/?run_id=110202&search_id=114132&scans_id=110198&peptide_id=8321&scanf=17064&charge=3&value=sp|Q9Y2L1|RRP44_HUMAN,1,/core/www/modules/match_peptides/blast_html4.php?run_id=110202&search_id=114132&scans_id=110198&peptide_id=8321&scanf=17064&charge=3&value=1,K.IMLDSSNLQHQK.I,/core/www/modules/show_out/show_out_wrapper.php?run_id=110202&search_id=114132&scans_id=110198&peptide_id=8321&scanf=17064&charge=3&value=K.IMLDSSNLQHQK.I,DIS3,1.849e+7,1.947,0.125,0.902,0.006
17065,2,"  2.800","  0.659",13/20,/core/www/modules//sdig/index.php?run_id=110202&search_id=114132&scans_id=110198&peptide_id=8322&scanf=17065&charge=2&value=13/20,sp|P10412|H14_HUMAN,/core/www/modules//consensus/?run_id=110202&search_id=114132&scans_id=110198&peptide_id=8322&scanf=17065&charge=2&value=sp|P10412|H14_HUMAN,4,/core/www/modules/match_peptides/blast_html4.php?run_id=110202&search_id=114132&scans_id=110198&peptide_id=8322&scanf=17065&charge=2&value=4,K.ALAAAGYDVEK.N,/core/www/modules/show_out/show_out_wrapper.php?run_id=110202&search_id=114132&scans_id=110198&peptide_id=8322&scanf=17065&charge=2&value=K.ALAAAGYDVEK.N,H1-4,6.305e+8,3.835,0.000,3.645,0.000
17066,4,"  3.838","  0.503",16/84,/core/www/modules//sdig/index.php?run_id=110202&search_id=114132&scans_id=110198&peptide_id=8323&scanf=17066&charge=4&value=16/84,sp|P45973|CBX5_HUMAN,/core/www/modules//consensus/?run_id=110202&search_id=114132&scans_id=110198&peptide_id=8323&scanf=17066&charge=4&value=sp|P45973|CBX5_HUMAN,0,/core/www/modules/match_peptides/blast_html4.php?run_id=110202&search_id=114132&scans_id=110198&peptide_id=8323&scanf=17066&charge=4&value=0,R.LTWHAYPEDAENKEK.E,/core/www/modules/show_out/show_out_wrapper.php?run_id=110202&search_id=114132&scans_id=110198&peptide_id=8323&scanf=17066&charge=4&value=R.LTWHAYPEDAENKEK.E,CBX5,3.173e+7,3.178,0.002,2.671,0.000
17067,2,"  1.793","  0.559",9/14,/core/www/modules//sdig/index.php?run_id=110202&search_id=114132&scans_id=110198&peptide_id=8324&scanf=17067&charge=2&value=9/14,sp|P62910|RL32_HUMAN,/core/www/modules//consensus/?run_id=110202&search_id=114132&scans_id=110198&peptide_id=8324&scanf=17067&charge=2&value=sp|P62910|RL32_HUMAN,2,/core/www/modules/match_peptides/blast_html4.php?run_id=110202&search_id=114132&scans_id=110198&peptide_id=8324&scanf=17067&charge=2&value=2,K.HMLPSGFR.K,/core/www/modules/show_out/show_out_wrapper.php?run_id=110202&search_id=114132&scans_id=110198&peptide_id=8324&scanf=17067&charge=2&value=K.HMLPSGFR.K,RPL32,3.251e+8,3.534,0.001,3.199,0.000
17069,3,"  2.809","  0.478",15/40,/core/www/modules//sdig/index.php?run_id=110202&search_id=114132&scans_id=110198&peptide_id=8326&scanf=17069&charge=3&value=15/40,sp|Q14498|RBM39_HUMAN,/core/www/modules//consensus/?run_id=110202&search_id=114132&scans_id=110198&peptide_id=8326&scanf=17069&charge=3&value=sp|Q14498|RBM39_HUMAN,1,/core/www/modules/match_peptides/blast_html4.php?run_id=110202&search_id=114132&scans_id=110198&peptide_id=8326&scanf=17069&charge=3&value=1,K.HGGVIHIYVDK.N,/core/www/modules/show_out/show_out_wrapper.php?run_id=110202&search_id=114132&scans_id=110198&peptide_id=8326&scanf=17069&charge=3&value=K.HGGVIHIYVDK.N,RBM39,3.471e+7,3.255,0.002,2.785,0.000
17070,3,"  2.726","  0.478",16/40,/core/www/modules//sdig/index.php?run_id=110202&search_id=114132&scans_id=110198&peptide_id=8327&scanf=17070&charge=3&value=16/40,sp|Q10570|CPSF1_HUMAN,/core/www/modules//consensus/?run_id=110202&search_id=114132&scans_id=110198&peptide_id=8327&scanf=17070&charge=3&value=sp|Q10570|CPSF1_HUMAN,0,/core/www/modules/match_peptides/blast_html4.php?run_id=110202&search_id=114132&scans_id=110198&peptide_id=8327&scanf=17070&charge=3&value=0,R.DGFVQNVHTPR.V,/core/www/modules/show_out/show_out_wrapper.php?run_id=110202&search_id=114132&scans_id=110198&peptide_id=8327&scanf=17070&charge=3&value=R.DGFVQNVHTPR.V,CPSF1,2.274e+7,3.314,0.001,2.872,0.000
17071,2,"  2.127","  0.359",8/14,/core/www/modules//sdig/index.php?run_id=110202&search_id=114132&scans_id=110198&peptide_id=8328&scanf=17071&charge=2&value=8/14,sp|Q15149|PLEC_HUMAN,/core/www/modules//consensus/?run_id=110202&search_id=114132&scans_id=110198&peptide_id=8328&scanf=17071&charge=2&value=sp|Q15149|PLEC_HUMAN,5,/core/www/modules/match_peptides/blast_html4.php?run_id=110202&search_id=114132&scans_id=110198&peptide_id=8328&scanf=17071&charge=2&value=5,R.ELYQQLQR.G,/core/www/modules/show_out/show_out_wrapper.php?run_id=110202&search_id=114132&scans_id=110198&peptide_id=8328&scanf=17071&charge=2&value=R.ELYQQLQR.G,PLEC,2.304e+7,3.287,0.001,2.832,0.000
17076,2,"  1.975","  0.379",8/14,/core/www/modules//sdig/index.php?run_id=110202&search_id=114132&scans_id=110198&peptide_id=8333&scanf=17076&charge=2&value=8/14,sp|P17844|DDX5_HUMAN,/core/www/modules//consensus/?run_id=110202&search_id=114132&scans_id=110198&peptide_id=8333&scanf=17076&charge=2&value=sp|P17844|DDX5_HUMAN,5,/core/www/modules/match_peptides/blast_html4.php?run_id=110202&search_id=114132&scans_id=110198&peptide_id=8333&scanf=17076&charge=2&value=5,R.GLDVEDVK.F,/core/www/modules/show_out/show_out_wrapper.php?run_id=110202&search_id=114132&scans_id=110198&peptide_id=8333&scanf=17076&charge=2&value=R.GLDVEDVK.F,DDX5,4.165e+8,2.942,0.005,2.322,0.000
17078,3,"  2.582","  0.523",12/36,/core/www/modules//sdig/index.php?run_id=110202&search_id=114132&scans_id=110198&peptide_id=8334&scanf=17078&charge=3&value=12/36,sp|P48556|PSMD8_HUMAN,/core/www/modules//consensus/?run_id=110202&search_id=114132&scans_id=110198&peptide_id=8334&scanf=17078&charge=3&value=sp|P48556|PSMD8_HUMAN,7,/core/www/modules/match_peptides/blast_html4.php?run_id=110202&search_id=114132&scans_id=110198&peptide_id=8334&scanf=17078&charge=3&value=7,R.VAEFHTELER.L,/core/www/modules/show_out/show_out_wrapper.php?run_id=110202&search_id=114132&scans_id=110198&peptide_id=8334&scanf=17078&charge=3&value=R.VAEFHTELER.L,PSMD8,6.278e+7,3.378,0.001,2.967,0.000
17079,3,"  3.426","  0.425",16/52,/core/www/modules//sdig/index.php?run_id=110202&search_id=114132&scans_id=110198&peptide_id=8335&scanf=17079&charge=3&value=16/52,sp|Q9NX58|LYAR_HUMAN,/core/www/modules//consensus/?run_id=110202&search_id=114132&scans_id=110198&peptide_id=8335&scanf=17079&charge=3&value=sp|Q9NX58|LYAR_HUMAN,0,/core/www/modules/match_peptides/blast_html4.php?run_id=110202&search_id=114132&scans_id=110198&peptide_id=8335&scanf=17079&charge=3&value=0,K.VLAQYYTVTDEHHR.S,/core/www/modules/show_out/show_out_wrapper.php?run_id=110202&search_id=114132&scans_id=110198&peptide_id=8335&scanf=17079&charge=3&value=K.VLAQYYTVTDEHHR.S,LYAR,4.067e+7,2.976,0.004,2.373,0.000
17080,3,"  3.196","  0.496",16/36,/core/www/modules//sdig/index.php?run_id=110202&search_id=114132&scans_id=110198&peptide_id=8337&scanf=17080&charge=3&value=16/36,sp|Q6P2Q9|PRP8_HUMAN,/core/www/modules//consensus/?run_id=110202&search_id=114132&scans_id=110198&peptide_id=8337&scanf=17080&charge=3&value=sp|Q6P2Q9|PRP8_HUMAN,0,/core/www/modules/match_peptides/blast_html4.php?run_id=110202&search_id=114132&scans_id=110198&peptide_id=8337&scanf=17080&charge=3&value=0,K.QTDVGITHFR.S,/core/www/modules/show_out/show_out_wrapper.php?run_id=110202&search_id=114132&scans_id=110198&peptide_id=8337&scanf=17080&charge=3&value=K.QTDVGITHFR.S,PRPF8,8.459e+7,3.818,0.000,3.620,0.000
17083,3,"  2.779","  0.416",12/40,/core/www/modules//sdig/index.php?run_id=110202&search_id=114132&scans_id=110198&peptide_id=8340&scanf=17083&charge=3&value=12/40,sp|Q9NY93|DDX56_HUMAN,/core/www/modules//consensus/?run_id=110202&search_id=114132&scans_id=110198&peptide_id=8340&scanf=17083&charge=3&value=sp|Q9NY93|DDX56_HUMAN,3,/core/www/modules/match_peptides/blast_html4.php?run_id=110202&search_id=114132&scans_id=110198&peptide_id=8340&scanf=17083&charge=3&value=3,R.ILSHLQQDSLK.L,/core/www/modules/show_out/show_out_wrapper.php?run_id=110202&search_id=114132&scans_id=110198&peptide_id=8340&scanf=17083&charge=3&value=R.ILSHLQQDSLK.L,DDX56,3.018e+7,2.949,0.005,2.332,0.000
17085,3,"  5.160","  0.659",27/52,/core/www/modules//sdig/index.php?run_id=110202&search_id=114132&scans_id=110198&peptide_id=8342&scanf=17085&charge=3&value=27/52,sp|P22087|FBRL_HUMAN,/core/www/modules//consensus/?run_id=110202&search_id=114132&scans_id=110198&peptide_id=8342&scanf=17085&charge=3&value=sp|P22087|FBRL_HUMAN,0,/core/www/modules/match_peptides/blast_html4.php?run_id=110202&search_id=114132&scans_id=110198&peptide_id=8342&scanf=17085&charge=3&value=0,R.DHAVVVGVYRPPPK.V,/core/www/modules/show_out/show_out_wrapper.php?run_id=110202&search_id=114132&scans_id=110198&peptide_id=8342&scanf=17085&charge=3&value=R.DHAVVVGVYRPPPK.V,FBL,2.544e+8,4.182,0.000,4.159,0.000
17087,2,"  2.829","  0.564",10/16,/core/www/modules//sdig/index.php?run_id=110202&search_id=114132&scans_id=110198&peptide_id=8344&scanf=17087&charge=2&value=10/16,sp|P51572|BAP31_HUMAN,/core/www/modules//consensus/?run_id=110202&search_id=114132&scans_id=110198&peptide_id=8344&scanf=17087&charge=2&value=sp|P51572|BAP31_HUMAN,1,/core/www/modules/match_peptides/blast_html4.php?run_id=110202&search_id=114132&scans_id=110198&peptide_id=8344&scanf=17087&charge=2&value=1,K.AENQVLAMR.K,/core/www/modules/show_out/show_out_wrapper.php?run_id=110202&search_id=114132&scans_id=110198&peptide_id=8344&scanf=17087&charge=2&value=K.AENQVLAMR.K,BCAP31,2.874e+7,3.535,0.001,3.200,0.000
17088,2,"  2.726","  0.297",13/14,/core/www/modules//sdig/index.php?run_id=110202&search_id=114132&scans_id=110198&peptide_id=8345&scanf=17088&charge=2&value=13/14,sp|P62750|RL23A_HUMAN,/core/www/modules//consensus/?run_id=110202&search_id=114132&scans_id=110198&peptide_id=8345&scanf=17088&charge=2&value=sp|P62750|RL23A_HUMAN,4,/core/www/modules/match_peptides/blast_html4.php?run_id=110202&search_id=114132&scans_id=110198&peptide_id=8345&scanf=17088&charge=2&value=4,K.LDHYAIIK.F,/core/www/modules/show_out/show_out_wrapper.php?run_id=110202&search_id=114132&scans_id=110198&peptide_id=8345&scanf=17088&charge=2&value=K.LDHYAIIK.F,RPL23A,1.444e+8,3.132,0.002,2.603,0.000
17093,2,"  2.290","  0.226",10/14,/core/www/modules//sdig/index.php?run_id=110202&search_id=114132&scans_id=110198&peptide_id=8351&scanf=17093&charge=2&value=10/14,sp|Q15149|PLEC_HUMAN,/core/www/modules//consensus/?run_id=110202&search_id=114132&scans_id=110198&peptide_id=8351&scanf=17093&charge=2&value=sp|Q15149|PLEC_HUMAN,4,/core/www/modules/match_peptides/blast_html4.php?run_id=110202&search_id=114132&scans_id=110198&peptide_id=8351&scanf=17093&charge=2&value=4,R.EAIAELER.E,/core/www/modules/show_out/show_out_wrapper.php?run_id=110202&search_id=114132&scans_id=110198&peptide_id=8351&scanf=17093&charge=2&value=R.EAIAELER.E,PLEC,2.411e+7,3.084,0.003,2.532,0.000
17096,3,"  2.945","  0.408",14/36,/core/www/modules//sdig/index.php?run_id=110202&search_id=114132&scans_id=110198&peptide_id=8354&scanf=17096&charge=3&value=14/36,sp|Q03701|CEBPZ_HUMAN,/core/www/modules//consensus/?run_id=110202&search_id=114132&scans_id=110198&peptide_id=8354&scanf=17096&charge=3&value=sp|Q03701|CEBPZ_HUMAN,1,/core/www/modules/match_peptides/blast_html4.php?run_id=110202&search_id=114132&scans_id=110198&peptide_id=8354&scanf=17096&charge=3&value=1,R.QTLLLRPGGK.W,/core/www/modules/show_out/show_out_wrapper.php?run_id=110202&search_id=114132&scans_id=110198&peptide_id=8354&scanf=17096&charge=3&value=R.QTLLLRPGGK.W,CEBPZ,1.484e+7,3.159,0.002,2.643,0.000
17099,3,"  2.062","  0.299",6/40,/core/www/modules//sdig/index.php?run_id=110202&search_id=114132&scans_id=110198&peptide_id=8356&scanf=17099&charge=3&value=6/40,sp|Q6P2Q9|PRP8_HUMAN,/core/www/modules//consensus/?run_id=110202&search_id=114132&scans_id=110198&peptide_id=8356&scanf=17099&charge=3&value=sp|Q6P2Q9|PRP8_HUMAN,0,/core/www/modules/match_peptides/blast_html4.php?run_id=110202&search_id=114132&scans_id=110198&peptide_id=8356&scanf=17099&charge=3&value=0,K.IIHTSVWAGQK.R,/core/www/modules/show_out/show_out_wrapper.php?run_id=110202&search_id=114132&scans_id=110198&peptide_id=8356&scanf=17099&charge=3&value=K.IIHTSVWAGQK.R,PRPF8,5.111e+7,2.595,0.015,1.812,0.000
17101,2,"  1.955","  0.120",10/16,/core/www/modules//sdig/index.php?run_id=110202&search_id=114132&scans_id=110198&peptide_id=8359&scanf=17101&charge=2&value=10/16,sp|P78527|PRKDC_HUMAN,/core/www/modules//consensus/?run_id=110202&search_id=114132&scans_id=110198&peptide_id=8359&scanf=17101&charge=2&value=sp|P78527|PRKDC_HUMAN,1,/core/www/modules/match_peptides/blast_html4.php?run_id=110202&search_id=114132&scans_id=110198&peptide_id=8359&scanf=17101&charge=2&value=1,R.MYAALGDPK.A,/core/www/modules/show_out/show_out_wrapper.php?run_id=110202&search_id=114132&scans_id=110198&peptide_id=8359&scanf=17101&charge=2&value=R.MYAALGDPK.A,PRKDC,2.580e+8,2.636,0.013,1.872,0.000
17105,3,"  2.162","  0.210",10/44,/core/www/modules//sdig/index.php?run_id=110202&search_id=114132&scans_id=110198&peptide_id=8363&scanf=17105&charge=3&value=10/44,sp|O15226|NKRF_HUMAN,/core/www/modules//consensus/?run_id=110202&search_id=114132&scans_id=110198&peptide_id=8363&scanf=17105&charge=3&value=sp|O15226|NKRF_HUMAN,1,/core/www/modules/match_peptides/blast_html4.php?run_id=110202&search_id=114132&scans_id=110198&peptide_id=8363&scanf=17105&charge=3&value=1,K.SGEGIREPISVK.E,/core/www/modules/show_out/show_out_wrapper.php?run_id=110202&search_id=114132&scans_id=110198&peptide_id=8363&scanf=17105&charge=3&value=K.SGEGIREPISVK.E,NKRF,2.865e+7,1.829,0.176,0.754,0.010
17106,2,"  2.243","  0.426",11/16,/core/www/modules//sdig/index.php?run_id=110202&search_id=114132&scans_id=110198&peptide_id=8364&scanf=17106&charge=2&value=11/16,sp|P62854|RS26_HUMAN,/core/www/modules//consensus/?run_id=110202&search_id=114132&scans_id=110198&peptide_id=8364&scanf=17106&charge=2&value=sp|P62854|RS26_HUMAN,1,/core/www/modules/match_peptides/blast_html4.php?run_id=110202&search_id=114132&scans_id=110198&peptide_id=8364&scanf=17106&charge=2&value=1,R.NIVEAAAVR.D,/core/www/modules/show_out/show_out_wrapper.php?run_id=110202&search_id=114132&scans_id=110198&peptide_id=8364&scanf=17106&charge=2&value=R.NIVEAAAVR.D,RPS26,1.056e+9,3.150,0.002,2.629,0.000
17109,3,"  1.615","  0.253",7/32,/core/www/modules//sdig/index.php?run_id=110202&search_id=114132&scans_id=110198&peptide_id=8367&scanf=17109&charge=3&value=7/32,sp|Q9UIG0|BAZ1B_HUMAN,/core/www/modules//consensus/?run_id=110202&search_id=114132&scans_id=110198&peptide_id=8367&scanf=17109&charge=3&value=sp|Q9UIG0|BAZ1B_HUMAN,0,/core/www/modules/match_peptides/blast_html4.php?run_id=110202&search_id=114132&scans_id=110198&peptide_id=8367&scanf=17109&charge=3&value=0,K.LHTNFHIPK.K,/core/www/modules/show_out/show_out_wrapper.php?run_id=110202&search_id=114132&scans_id=110198&peptide_id=8367&scanf=17109&charge=3&value=K.LHTNFHIPK.K,BAZ1B,2.166e+7,2.424,0.027,1.565,0.001
17111,2,"  1.501","  0.373",8/14,/core/www/modules//sdig/index.php?run_id=110202&search_id=114132&scans_id=110198&peptide_id=8370&scanf=17111&charge=2&value=8/14,tr|A0A087WUT0|A0A087WUT0_HUMAN,/core/www/modules//consensus/?run_id=110202&search_id=114132&scans_id=110198&peptide_id=8370&scanf=17111&charge=2&value=tr|A0A087WUT0|A0A087WUT0_HUMAN,4,/core/www/modules/match_peptides/blast_html4.php?run_id=110202&search_id=114132&scans_id=110198&peptide_id=8370&scanf=17111&charge=2&value=4,R.GFGDSFGR.L,/core/www/modules/show_out/show_out_wrapper.php?run_id=110202&search_id=114132&scans_id=110198&peptide_id=8370&scanf=17111&charge=2&value=R.GFGDSFGR.L,MYEF2,2.078e+7,2.720,0.010,1.995,0.000
17112,2,"  2.365","  0.475",14/14,/core/www/modules//sdig/index.php?run_id=110202&search_id=114132&scans_id=110198&peptide_id=8371&scanf=17112&charge=2&value=14/14,sp|O94906|PRP6_HUMAN,/core/www/modules//consensus/?run_id=110202&search_id=114132&scans_id=110198&peptide_id=8371&scanf=17112&charge=2&value=sp|O94906|PRP6_HUMAN,0,/core/www/modules/match_peptides/blast_html4.php?run_id=110202&search_id=114132&scans_id=110198&peptide_id=8371&scanf=17112&charge=2&value=0,R.HIWITAAK.L,/core/www/modules/show_out/show_out_wrapper.php?run_id=110202&search_id=114132&scans_id=110198&peptide_id=8371&scanf=17112&charge=2&value=R.HIWITAAK.L,PRPF6,2.889e+7,3.931,0.000,3.787,0.000
17113,3,"  3.378","  0.578",16/60,/core/www/modules//sdig/index.php?run_id=110202&search_id=114132&scans_id=110198&peptide_id=8372&scanf=17113&charge=3&value=16/60,sp|O60264|SMCA5_HUMAN,/core/www/modules//consensus/?run_id=110202&search_id=114132&scans_id=110198&peptide_id=8372&scanf=17113&charge=3&value=sp|O60264|SMCA5_HUMAN,0,/core/www/modules/match_peptides/blast_html4.php?run_id=110202&search_id=114132&scans_id=110198&peptide_id=8372&scanf=17113&charge=3&value=0,R.RTEQEEDEELLTESSK.A,/core/www/modules/show_out/show_out_wrapper.php?run_id=110202&search_id=114132&scans_id=110198&peptide_id=8372&scanf=17113&charge=3&value=R.RTEQEEDEELLTESSK.A,SMARCA5,1.503e+7,3.277,0.002,2.817,0.000
17114,2,"  1.862","  0.377",8/14,/core/www/modules//sdig/index.php?run_id=110202&search_id=114132&scans_id=110198&peptide_id=8373&scanf=17114&charge=2&value=8/14,sp|P07814|SYEP_HUMAN,/core/www/modules//consensus/?run_id=110202&search_id=114132&scans_id=110198&peptide_id=8373&scanf=17114&charge=2&value=sp|P07814|SYEP_HUMAN,1,/core/www/modules/match_peptides/blast_html4.php?run_id=110202&search_id=114132&scans_id=110198&peptide_id=8373&scanf=17114&charge=2&value=1,R.GMTVEGLK.Q,/core/www/modules/show_out/show_out_wrapper.php?run_id=110202&search_id=114132&scans_id=110198&peptide_id=8373&scanf=17114&charge=2&value=R.GMTVEGLK.Q,EPRS1,4.967e+8,2.925,0.005,2.298,0.000
17120,2,"  1.525","  0.327",10/16,/core/www/modules//sdig/index.php?run_id=110202&search_id=114132&scans_id=110198&peptide_id=8379&scanf=17120&charge=2&value=10/16,sp|Q00839|HNRPU_HUMAN,/core/www/modules//consensus/?run_id=110202&search_id=114132&scans_id=110198&peptide_id=8379&scanf=17120&charge=2&value=sp|Q00839|HNRPU_HUMAN,11,/core/www/modules/match_peptides/blast_html4.php?run_id=110202&search_id=114132&scans_id=110198&peptide_id=8379&scanf=17120&charge=2&value=11,K.DLPEHAVLK.M,/core/www/modules/show_out/show_out_wrapper.php?run_id=110202&search_id=114132&scans_id=110198&peptide_id=8379&scanf=17120&charge=2&value=K.DLPEHAVLK.M,HNRNPU,5.774e+8,2.757,0.009,2.050,0.000
17121,2,"  1.915","  0.000",8/12,/core/www/modules//sdig/index.php?run_id=110202&search_id=114132&scans_id=110198&peptide_id=8380&scanf=17121&charge=2&value=8/12,sp|P06748|NPM_HUMAN,/core/www/modules//consensus/?run_id=110202&search_id=114132&scans_id=110198&peptide_id=8380&scanf=17121&charge=2&value=sp|P06748|NPM_HUMAN,5,/core/www/modules/match_peptides/blast_html4.php?run_id=110202&search_id=114132&scans_id=110198&peptide_id=8380&scanf=17121&charge=2&value=5,K.LLSISGK.R,/core/www/modules/show_out/show_out_wrapper.php?run_id=110202&search_id=114132&scans_id=110198&peptide_id=8380&scanf=17121&charge=2&value=K.LLSISGK.R,NPM1,1.757e+8,2.536,0.019,1.727,0.000
17122,2,"  2.885","  0.407",15/20,/core/www/modules//sdig/index.php?run_id=110202&search_id=114132&scans_id=110198&peptide_id=8381&scanf=17122&charge=2&value=15/20,sp|Q02880|TOP2B_HUMAN,/core/www/modules//consensus/?run_id=110202&search_id=114132&scans_id=110198&peptide_id=8381&scanf=17122&charge=2&value=sp|Q02880|TOP2B_HUMAN,4,/core/www/modules/match_peptides/blast_html4.php?run_id=110202&search_id=114132&scans_id=110198&peptide_id=8381&scanf=17122&charge=2&value=4,K.DKLDETGVALK.V,/core/www/modules/show_out/show_out_wrapper.php?run_id=110202&search_id=114132&scans_id=110198&peptide_id=8381&scanf=17122&charge=2&value=K.DKLDETGVALK.V,TOP2B,3.364e+7,2.989,0.004,2.392,0.000
17123,2,"  1.937","  0.218",9/14,/core/www/modules//sdig/index.php?run_id=110202&search_id=114132&scans_id=110198&peptide_id=8382&scanf=17123&charge=2&value=9/14,sp|Q92922|SMRC1_HUMAN,/core/www/modules//consensus/?run_id=110202&search_id=114132&scans_id=110198&peptide_id=8382&scanf=17123&charge=2&value=sp|Q92922|SMRC1_HUMAN,0,/core/www/modules/match_peptides/blast_html4.php?run_id=110202&search_id=114132&scans_id=110198&peptide_id=8382&scanf=17123&charge=2&value=0,K.AALEEFSR.V,/core/www/modules/show_out/show_out_wrapper.php?run_id=110202&search_id=114132&scans_id=110198&peptide_id=8382&scanf=17123&charge=2&value=K.AALEEFSR.V,SMARCC1,3.418e+7,2.435,0.026,1.580,0.001
17124,2,"  2.710","  0.661",12/20,/core/www/modules//sdig/index.php?run_id=110202&search_id=114132&scans_id=110198&peptide_id=8383&scanf=17124&charge=2&value=12/20,sp|P07900|HS90A_HUMAN,/core/www/modules//consensus/?run_id=110202&search_id=114132&scans_id=110198&peptide_id=8383&scanf=17124&charge=2&value=sp|P07900|HS90A_HUMAN,0,/core/www/modules/match_peptides/blast_html4.php?run_id=110202&search_id=114132&scans_id=110198&peptide_id=8383&scanf=17124&charge=2&value=0,K.DQVANSAFVER.L,/core/www/modules/show_out/show_out_wrapper.php?run_id=110202&search_id=114132&scans_id=110198&peptide_id=8383&scanf=17124&charge=2&value=K.DQVANSAFVER.L,HSP90AA1,2.624e+8,3.985,0.000,3.868,0.000
17126,2,"  3.115","  0.247",14/14,/core/www/modules//sdig/index.php?run_id=110202&search_id=114132&scans_id=110198&peptide_id=8385&scanf=17126&charge=2&value=14/14,sp|O00148|DX39A_HUMAN,/core/www/modules//consensus/?run_id=110202&search_id=114132&scans_id=110198&peptide_id=8385&scanf=17126&charge=2&value=sp|O00148|DX39A_HUMAN,16,/core/www/modules/match_peptides/blast_html4.php?run_id=110202&search_id=114132&scans_id=110198&peptide_id=8385&scanf=17126&charge=2&value=16,R.RDVQEIFR.L,/core/www/modules/show_out/show_out_wrapper.php?run_id=110202&search_id=114132&scans_id=110198&peptide_id=8385&scanf=17126&charge=2&value=R.RDVQEIFR.L,DDX39A,1.335e+8,2.910,0.005,2.274,0.000
17128,3,"  4.314","  0.590",14/48,/core/www/modules//sdig/index.php?run_id=110202&search_id=114132&scans_id=110198&peptide_id=8387&scanf=17128&charge=3&value=14/48,sp|Q9H0D6|XRN2_HUMAN,/core/www/modules//consensus/?run_id=110202&search_id=114132&scans_id=110198&peptide_id=8387&scanf=17128&charge=3&value=sp|Q9H0D6|XRN2_HUMAN,0,/core/www/modules/match_peptides/blast_html4.php?run_id=110202&search_id=114132&scans_id=110198&peptide_id=8387&scanf=17128&charge=3&value=0,R.KPAAVLKPSDWEK.S,/core/www/modules/show_out/show_out_wrapper.php?run_id=110202&search_id=114132&scans_id=110198&peptide_id=8387&scanf=17128&charge=3&value=R.KPAAVLKPSDWEK.S,XRN2,2.722e+7,3.571,0.001,3.253,0.000
17130,3,"  2.644","  0.249",13/28,/core/www/modules//sdig/index.php?run_id=110202&search_id=114132&scans_id=110198&peptide_id=8390&scanf=17130&charge=3&value=13/28,sp|P62280|RS11_HUMAN,/core/www/modules//consensus/?run_id=110202&search_id=114132&scans_id=110198&peptide_id=8390&scanf=17130&charge=3&value=sp|P62280|RS11_HUMAN,2,/core/www/modules/match_peptides/blast_html4.php?run_id=110202&search_id=114132&scans_id=110198&peptide_id=8390&scanf=17130&charge=3&value=2,R.RDYLHYIR.K,/core/www/modules/show_out/show_out_wrapper.php?run_id=110202&search_id=114132&scans_id=110198&peptide_id=8390&scanf=17130&charge=3&value=R.RDYLHYIR.K,RPS11,6.696e+7,2.499,0.021,1.673,0.001
17131,3,"  3.374","  0.497",12/52,/core/www/modules//sdig/index.php?run_id=110202&search_id=114132&scans_id=110198&peptide_id=8391&scanf=17131&charge=3&value=12/52,sp|P43243|MATR3_HUMAN,/core/www/modules//consensus/?run_id=110202&search_id=114132&scans_id=110198&peptide_id=8391&scanf=17131&charge=3&value=sp|P43243|MATR3_HUMAN,5,/core/www/modules/match_peptides/blast_html4.php?run_id=110202&search_id=114132&scans_id=110198&peptide_id=8391&scanf=17131&charge=3&value=5,R.DDSFFGETSHNYHK.F,/core/www/modules/show_out/show_out_wrapper.php?run_id=110202&search_id=114132&scans_id=110198&peptide_id=8391&scanf=17131&charge=3&value=R.DDSFFGETSHNYHK.F,MATR3,1.553e+7,3.150,0.002,2.629,0.000
17133,2,"  2.231","  0.359",10/16,/core/www/modules//sdig/index.php?run_id=110202&search_id=114132&scans_id=110198&peptide_id=8393&scanf=17133&charge=2&value=10/16,sp|P46778|RL21_HUMAN,/core/www/modules//consensus/?run_id=110202&search_id=114132&scans_id=110198&peptide_id=8393&scanf=17133&charge=2&value=sp|P46778|RL21_HUMAN,0,/core/www/modules/match_peptides/blast_html4.php?run_id=110202&search_id=114132&scans_id=110198&peptide_id=8393&scanf=17133&charge=2&value=0,K.EKGTWVQLK.R,/core/www/modules/show_out/show_out_wrapper.php?run_id=110202&search_id=114132&scans_id=110198&peptide_id=8393&scanf=17133&charge=2&value=K.EKGTWVQLK.R,RPL21,3.068e+7,2.492,0.022,1.663,0.001
17136,2,"  1.849","  0.201",8/12,/core/www/modules//sdig/index.php?run_id=110202&search_id=114132&scans_id=110198&peptide_id=8396&scanf=17136&charge=2&value=8/12,sp|P17980|PRS6A_HUMAN,/core/www/modules//consensus/?run_id=110202&search_id=114132&scans_id=110198&peptide_id=8396&scanf=17136&charge=2&value=sp|P17980|PRS6A_HUMAN,6,/core/www/modules/match_peptides/blast_html4.php?run_id=110202&search_id=114132&scans_id=110198&peptide_id=8396&scanf=17136&charge=2&value=6,R.LLDSEIK.I,/core/www/modules/show_out/show_out_wrapper.php?run_id=110202&search_id=114132&scans_id=110198&peptide_id=8396&scanf=17136&charge=2&value=R.LLDSEIK.I,PSMC3,4.038e+7,2.439,0.026,1.585,0.001
17139,3,"  2.798","  0.470",19/48,/core/www/modules//sdig/index.php?run_id=110202&search_id=114132&scans_id=110198&peptide_id=8399&scanf=17139&charge=3&value=19/48,sp|Q14315|FLNC_HUMAN,/core/www/modules//consensus/?run_id=110202&search_id=114132&scans_id=110198&peptide_id=8399&scanf=17139&charge=3&value=sp|Q14315|FLNC_HUMAN,0,/core/www/modules/match_peptides/blast_html4.php?run_id=110202&search_id=114132&scans_id=110198&peptide_id=8399&scanf=17139&charge=3&value=0,K.VSGPGVEPHGVLR.E,/core/www/modules/show_out/show_out_wrapper.php?run_id=110202&search_id=114132&scans_id=110198&peptide_id=8399&scanf=17139&charge=3&value=K.VSGPGVEPHGVLR.E,FLNC,1.796e+7,3.371,0.001,2.957,0.000
17142,2,"  2.535","  0.466",10/16,/core/www/modules//sdig/index.php?run_id=110202&search_id=114132&scans_id=110198&peptide_id=8402&scanf=17142&charge=2&value=10/16,sp|Q5JTH9|RRP12_HUMAN,/core/www/modules//consensus/?run_id=110202&search_id=114132&scans_id=110198&peptide_id=8402&scanf=17142&charge=2&value=sp|Q5JTH9|RRP12_HUMAN,2,/core/www/modules/match_peptides/blast_html4.php?run_id=110202&search_id=114132&scans_id=110198&peptide_id=8402&scanf=17142&charge=2&value=2,R.SDLTVDAVK.L,/core/www/modules/show_out/show_out_wrapper.php?run_id=110202&search_id=114132&scans_id=110198&peptide_id=8402&scanf=17142&charge=2&value=R.SDLTVDAVK.L,RRP12,6.254e+7,3.314,0.001,2.872,0.000
17145,3,"  2.912","  0.486",14/48,/core/www/modules//sdig/index.php?run_id=110202&search_id=114132&scans_id=110198&peptide_id=8405&scanf=17145&charge=3&value=14/48,sp|P50454|SERPH_HUMAN,/core/www/modules//consensus/?run_id=110202&search_id=114132&scans_id=110198&peptide_id=8405&scanf=17145&charge=3&value=sp|P50454|SERPH_HUMAN,4,/core/www/modules/match_peptides/blast_html4.php?run_id=110202&search_id=114132&scans_id=110198&peptide_id=8405&scanf=17145&charge=3&value=4,R.TGLYNYYDDEKEK.L,/core/www/modules/show_out/show_out_wrapper.php?run_id=110202&search_id=114132&scans_id=110198&peptide_id=8405&scanf=17145&charge=3&value=R.TGLYNYYDDEKEK.L,SERPINH1,3.353e+7,2.869,0.006,2.215,0.000
17147,3,"  2.659","  0.501",15/44,/core/www/modules//sdig/index.php?run_id=110202&search_id=114132&scans_id=110198&peptide_id=8407&scanf=17147&charge=3&value=15/44,sp|Q15233|NONO_HUMAN,/core/www/modules//consensus/?run_id=110202&search_id=114132&scans_id=110198&peptide_id=8407&scanf=17147&charge=3&value=sp|Q15233|NONO_HUMAN,8,/core/www/modules/match_peptides/blast_html4.php?run_id=110202&search_id=114132&scans_id=110198&peptide_id=8407&scanf=17147&charge=3&value=8,K.GIVEFSGKPAAR.K,/core/www/modules/show_out/show_out_wrapper.php?run_id=110202&search_id=114132&scans_id=110198&peptide_id=8407&scanf=17147&charge=3&value=K.GIVEFSGKPAAR.K,NONO,3.200e+7,3.352,0.001,2.929,0.000
17148,2,"  3.009","  0.675",12/20,/core/www/modules//sdig/index.php?run_id=110202&search_id=114132&scans_id=110198&peptide_id=8408&scanf=17148&charge=2&value=12/20,sp|P20700|LMNB1_HUMAN,/core/www/modules//consensus/?run_id=110202&search_id=114132&scans_id=110198&peptide_id=8408&scanf=17148&charge=2&value=sp|P20700|LMNB1_HUMAN,2,/core/www/modules/match_peptides/blast_html4.php?run_id=110202&search_id=114132&scans_id=110198&peptide_id=8408&scanf=17148&charge=2&value=2,K.SMYEEEINETR.R,/core/www/modules/show_out/show_out_wrapper.php?run_id=110202&search_id=114132&scans_id=110198&peptide_id=8408&scanf=17148&charge=2&value=K.SMYEEEINETR.R,LMNB1,2.727e+7,3.873,0.000,3.701,0.000
17149,2,"  2.176","  0.393",10/16,/core/www/modules//sdig/index.php?run_id=110202&search_id=114132&scans_id=110198&peptide_id=8409&scanf=17149&charge=2&value=10/16,sp|P58107|EPIPL_HUMAN,/core/www/modules//consensus/?run_id=110202&search_id=114132&scans_id=110198&peptide_id=8409&scanf=17149&charge=2&value=sp|P58107|EPIPL_HUMAN,7,/core/www/modules/match_peptides/blast_html4.php?run_id=110202&search_id=114132&scans_id=110198&peptide_id=8409&scanf=17149&charge=2&value=7,R.VPVDVAYQR.G,/core/www/modules/show_out/show_out_wrapper.php?run_id=110202&search_id=114132&scans_id=110198&peptide_id=8409&scanf=17149&charge=2&value=R.VPVDVAYQR.G,EPPK1,2.720e+7,2.892,0.006,2.249,0.000
17152,2,"  1.952","  0.529",8/12,/core/www/modules//sdig/index.php?run_id=110202&search_id=114132&scans_id=110198&peptide_id=8413&scanf=17152&charge=2&value=8/12,sp|P05388|RLA0_HUMAN,/core/www/modules//consensus/?run_id=110202&search_id=114132&scans_id=110198&peptide_id=8413&scanf=17152&charge=2&value=sp|P05388|RLA0_HUMAN,11,/core/www/modules/match_peptides/blast_html4.php?run_id=110202&search_id=114132&scans_id=110198&peptide_id=8413&scanf=17152&charge=2&value=11,R.DMLLANK.V,/core/www/modules/show_out/show_out_wrapper.php?run_id=110202&search_id=114132&scans_id=110198&peptide_id=8413&scanf=17152&charge=2&value=R.DMLLANK.V,RPLP0,1.333e+8,3.524,0.001,3.183,0.000
17155,2,"  1.927","  0.239",5/12,/core/www/modules//sdig/index.php?run_id=110202&search_id=114132&scans_id=110198&peptide_id=8416&scanf=17155&charge=2&value=5/12,sp|P62753|RS6_HUMAN,/core/www/modules//consensus/?run_id=110202&search_id=114132&scans_id=110198&peptide_id=8416&scanf=17155&charge=2&value=sp|P62753|RS6_HUMAN,1,/core/www/modules/match_peptides/blast_html4.php?run_id=110202&search_id=114132&scans_id=110198&peptide_id=8416&scanf=17155&charge=2&value=1,R.KLFNLSK.E,/core/www/modules/show_out/show_out_wrapper.php?run_id=110202&search_id=114132&scans_id=110198&peptide_id=8416&scanf=17155&charge=2&value=R.KLFNLSK.E,RPS6,3.179e+7,1.905,0.141,0.849,0.007
17156,2,"  2.454","  0.456",10/18,/core/www/modules//sdig/index.php?run_id=110202&search_id=114132&scans_id=110198&peptide_id=8417&scanf=17156&charge=2&value=10/18,sp|Q92797|SYMPK_HUMAN,/core/www/modules//consensus/?run_id=110202&search_id=114132&scans_id=110198&peptide_id=8417&scanf=17156&charge=2&value=sp|Q92797|SYMPK_HUMAN,0,/core/www/modules/match_peptides/blast_html4.php?run_id=110202&search_id=114132&scans_id=110198&peptide_id=8417&scanf=17156&charge=2&value=0,K.ETAAGGLTLK.E,/core/www/modules/show_out/show_out_wrapper.php?run_id=110202&search_id=114132&scans_id=110198&peptide_id=8417&scanf=17156&charge=2&value=K.ETAAGGLTLK.E,SYMPK,1.913e+7,3.136,0.002,2.609,0.000
17157,2,"  2.008","  0.571",9/16,/core/www/modules//sdig/index.php?run_id=110202&search_id=114132&scans_id=110198&peptide_id=8418&scanf=17157&charge=2&value=9/16,sp|Q02878|RL6_HUMAN,/core/www/modules//consensus/?run_id=110202&search_id=114132&scans_id=110198&peptide_id=8418&scanf=17157&charge=2&value=sp|Q02878|RL6_HUMAN,3,/core/www/modules/match_peptides/blast_html4.php?run_id=110202&search_id=114132&scans_id=110198&peptide_id=8418&scanf=17157&charge=2&value=3,R.YYPTEDVPR.K,/core/www/modules/show_out/show_out_wrapper.php?run_id=110202&search_id=114132&scans_id=110198&peptide_id=8418&scanf=17157&charge=2&value=R.YYPTEDVPR.K,RPL6,2.531e+8,3.438,0.001,3.056,0.000
17162,2,"  2.627","  0.502",12/18,/core/www/modules//sdig/index.php?run_id=110202&search_id=114132&scans_id=110198&peptide_id=8423&scanf=17162&charge=2&value=12/18,sp|P08670|VIME_HUMAN,/core/www/modules//consensus/?run_id=110202&search_id=114132&scans_id=110198&peptide_id=8423&scanf=17162&charge=2&value=sp|P08670|VIME_HUMAN,2,/core/www/modules/match_peptides/blast_html4.php?run_id=110202&search_id=114132&scans_id=110198&peptide_id=8423&scanf=17162&charge=2&value=2,K.FADLSEAANR.N,/core/www/modules/show_out/show_out_wrapper.php?run_id=110202&search_id=114132&scans_id=110198&peptide_id=8423&scanf=17162&charge=2&value=K.FADLSEAANR.N,VIM,2.677e+9,3.803,0.000,3.597,0.000
17163,2,"  4.438","  0.652",24/24,/core/www/modules//sdig/index.php?run_id=110202&search_id=114132&scans_id=110198&peptide_id=8424&scanf=17163&charge=2&value=24/24,sp|Q9Y2X3|NOP58_HUMAN,/core/www/modules//consensus/?run_id=110202&search_id=114132&scans_id=110198&peptide_id=8424&scanf=17163&charge=2&value=sp|Q9Y2X3|NOP58_HUMAN,0,/core/www/modules/match_peptides/blast_html4.php?run_id=110202&search_id=114132&scans_id=110198&peptide_id=8424&scanf=17163&charge=2&value=0,K.HAASTVQILGAEK.A,/core/www/modules/show_out/show_out_wrapper.php?run_id=110202&search_id=114132&scans_id=110198&peptide_id=8424&scanf=17163&charge=2&value=K.HAASTVQILGAEK.A,NOP58,1.293e+8,4.419,0.000,4.511,0.000
17165,2,"  2.974","  0.369",16/16,/core/www/modules//sdig/index.php?run_id=110202&search_id=114132&scans_id=110198&peptide_id=8426&scanf=17165&charge=2&value=16/16,sp|P60660|MYL6_HUMAN,/core/www/modules//consensus/?run_id=110202&search_id=114132&scans_id=110198&peptide_id=8426&scanf=17165&charge=2&value=sp|P60660|MYL6_HUMAN,11,/core/www/modules/match_peptides/blast_html4.php?run_id=110202&search_id=114132&scans_id=110198&peptide_id=8426&scanf=17165&charge=2&value=11,R.HVLVTLGEK.M,/core/www/modules/show_out/show_out_wrapper.php?run_id=110202&search_id=114132&scans_id=110198&peptide_id=8426&scanf=17165&charge=2&value=R.HVLVTLGEK.M,MYL6,4.738e+7,3.465,0.001,3.097,0.000
17166,2,"  2.996","  0.527",11/18,/core/www/modules//sdig/index.php?run_id=110202&search_id=114132&scans_id=110198&peptide_id=8427&scanf=17166&charge=2&value=11/18,sp|P36873|PP1G_HUMAN,/core/www/modules//consensus/?run_id=110202&search_id=114132&scans_id=110198&peptide_id=8427&scanf=17166&charge=2&value=sp|P36873|PP1G_HUMAN,4,/core/www/modules/match_peptides/blast_html4.php?run_id=110202&search_id=114132&scans_id=110198&peptide_id=8427&scanf=17166&charge=2&value=4,K.NVQLQENEIR.G,/core/www/modules/show_out/show_out_wrapper.php?run_id=110202&search_id=114132&scans_id=110198&peptide_id=8427&scanf=17166&charge=2&value=K.NVQLQENEIR.G,PPP1CC,4.623e+7,3.364,0.001,2.947,0.000
17168,2,"  2.276","  0.327",12/18,/core/www/modules//sdig/index.php?run_id=110202&search_id=114132&scans_id=110198&peptide_id=8429&scanf=17168&charge=2&value=12/18,sp|P18085|ARF4_HUMAN,/core/www/modules//consensus/?run_id=110202&search_id=114132&scans_id=110198&peptide_id=8429&scanf=17168&charge=2&value=sp|P18085|ARF4_HUMAN,2,/core/www/modules/match_peptides/blast_html4.php?run_id=110202&search_id=114132&scans_id=110198&peptide_id=8429&scanf=17168&charge=2&value=2,R.IQEVADELQK.M,/core/www/modules/show_out/show_out_wrapper.php?run_id=110202&search_id=114132&scans_id=110198&peptide_id=8429&scanf=17168&charge=2&value=R.IQEVADELQK.M,ARF4,1.045e+8,2.768,0.009,2.066,0.000
17169,2,"  3.594","  0.694",17/22,/core/www/modules//sdig/index.php?run_id=110202&search_id=114132&scans_id=110198&peptide_id=8430&scanf=17169&charge=2&value=17/22,sp|Q12906|ILF3_HUMAN,/core/www/modules//consensus/?run_id=110202&search_id=114132&scans_id=110198&peptide_id=8430&scanf=17169&charge=2&value=sp|Q12906|ILF3_HUMAN,0,/core/www/modules/match_peptides/blast_html4.php?run_id=110202&search_id=114132&scans_id=110198&peptide_id=8430&scanf=17169&charge=2&value=0,R.EDITQSAQHALR.L,/core/www/modules/show_out/show_out_wrapper.php?run_id=110202&search_id=114132&scans_id=110198&peptide_id=8430&scanf=17169&charge=2&value=R.EDITQSAQHALR.L,ILF3,2.309e+8,4.302,0.000,4.337,0.000
17172,4,"  3.319","  0.356",11/90,/core/www/modules//sdig/index.php?run_id=110202&search_id=114132&scans_id=110198&peptide_id=8434&scanf=17172&charge=4&value=11/90,sp|Q9NUL3|STAU2_HUMAN,/core/www/modules//consensus/?run_id=110202&search_id=114132&scans_id=110198&peptide_id=8434&scanf=17172&charge=4&value=sp|Q9NUL3|STAU2_HUMAN,6,/core/www/modules/match_peptides/blast_html4.php?run_id=110202&search_id=114132&scans_id=110198&peptide_id=8434&scanf=17172&charge=4&value=6,K.ALTESTLPKPVQKPPK.S,/core/www/modules/show_out/show_out_wrapper.php?run_id=110202&search_id=114132&scans_id=110198&peptide_id=8434&scanf=17172&charge=4&value=K.ALTESTLPKPVQKPPK.S,STAU2,9.842e+7,2.836,0.007,2.167,0.000
17173,3,"  2.066","  0.206",15/44,/core/www/modules//sdig/index.php?run_id=110202&search_id=114132&scans_id=110198&peptide_id=8435&scanf=17173&charge=3&value=15/44,sp|P12814|ACTN1_HUMAN,/core/www/modules//consensus/?run_id=110202&search_id=114132&scans_id=110198&peptide_id=8435&scanf=17173&charge=3&value=sp|P12814|ACTN1_HUMAN,6,/core/www/modules/match_peptides/blast_html4.php?run_id=110202&search_id=114132&scans_id=110198&peptide_id=8435&scanf=17173&charge=3&value=6,R.DHSGTLGPEEFK.A,/core/www/modules/show_out/show_out_wrapper.php?run_id=110202&search_id=114132&scans_id=110198&peptide_id=8435&scanf=17173&charge=3&value=R.DHSGTLGPEEFK.A,ACTN1,3.655e+7,2.287,0.043,1.368,0.001
17177,3,"  3.299","  0.453",14/44,/core/www/modules//sdig/index.php?run_id=110202&search_id=114132&scans_id=110198&peptide_id=8439&scanf=17177&charge=3&value=14/44,sp|P21333|FLNA_HUMAN,/core/www/modules//consensus/?run_id=110202&search_id=114132&scans_id=110198&peptide_id=8439&scanf=17177&charge=3&value=sp|P21333|FLNA_HUMAN,2,/core/www/modules/match_peptides/blast_html4.php?run_id=110202&search_id=114132&scans_id=110198&peptide_id=8439&scanf=17177&charge=3&value=2,K.VDVGKDQEFTVK.S,/core/www/modules/show_out/show_out_wrapper.php?run_id=110202&search_id=114132&scans_id=110198&peptide_id=8439&scanf=17177&charge=3&value=K.VDVGKDQEFTVK.S,FLNA,2.848e+7,2.989,0.004,2.392,0.000
17179,2,"  3.553","  0.607",13/22,/core/www/modules//sdig/index.php?run_id=110202&search_id=114132&scans_id=110198&peptide_id=8441&scanf=17179&charge=2&value=13/22,sp|P63208|SKP1_HUMAN,/core/www/modules//consensus/?run_id=110202&search_id=114132&scans_id=110198&peptide_id=8441&scanf=17179&charge=2&value=sp|P63208|SKP1_HUMAN,2,/core/www/modules/match_peptides/blast_html4.php?run_id=110202&search_id=114132&scans_id=110198&peptide_id=8441&scanf=17179&charge=2&value=2,K.NDFTEEEEAQVR.K,/core/www/modules/show_out/show_out_wrapper.php?run_id=110202&search_id=114132&scans_id=110198&peptide_id=8441&scanf=17179&charge=2&value=K.NDFTEEEEAQVR.K,SKP1,1.653e+7,3.525,0.001,3.186,0.000
17180,3,"  3.349","  0.454",15/48,/core/www/modules//sdig/index.php?run_id=110202&search_id=114132&scans_id=110198&peptide_id=8443&scanf=17180&charge=3&value=15/48,sp|P61313|RL15_HUMAN,/core/www/modules//consensus/?run_id=110202&search_id=114132&scans_id=110198&peptide_id=8443&scanf=17180&charge=3&value=sp|P61313|RL15_HUMAN,3,/core/www/modules/match_peptides/blast_html4.php?run_id=110202&search_id=114132&scans_id=110198&peptide_id=8443&scanf=17180&charge=3&value=3,R.NPDTQWITKPVHK.H,/core/www/modules/show_out/show_out_wrapper.php?run_id=110202&search_id=114132&scans_id=110198&peptide_id=8443&scanf=17180&charge=3&value=R.NPDTQWITKPVHK.H,RPL15,6.711e+7,3.085,0.003,2.534,0.000
17183,3,"  2.530","  0.516",10/32,/core/www/modules//sdig/index.php?run_id=110202&search_id=114132&scans_id=110198&peptide_id=8445&scanf=17183&charge=3&value=10/32,sp|Q8TAQ2|SMRC2_HUMAN,/core/www/modules//consensus/?run_id=110202&search_id=114132&scans_id=110198&peptide_id=8445&scanf=17183&charge=3&value=sp|Q8TAQ2|SMRC2_HUMAN,1,/core/www/modules/match_peptides/blast_html4.php?run_id=110202&search_id=114132&scans_id=110198&peptide_id=8445&scanf=17183&charge=3&value=1,R.QAFHMEQLK.Y,/core/www/modules/show_out/show_out_wrapper.php?run_id=110202&search_id=114132&scans_id=110198&peptide_id=8445&scanf=17183&charge=3&value=R.QAFHMEQLK.Y,SMARCC2,1.107e+8,3.544,0.001,3.214,0.000
17184,2,"  2.862","  0.475",10/16,/core/www/modules//sdig/index.php?run_id=110202&search_id=114132&scans_id=110198&peptide_id=8446&scanf=17184&charge=2&value=10/16,sp|O94906|PRP6_HUMAN,/core/www/modules//consensus/?run_id=110202&search_id=114132&scans_id=110198&peptide_id=8446&scanf=17184&charge=2&value=sp|O94906|PRP6_HUMAN,0,/core/www/modules/match_peptides/blast_html4.php?run_id=110202&search_id=114132&scans_id=110198&peptide_id=8446&scanf=17184&charge=2&value=0,K.IQQQFSDLK.R,/core/www/modules/show_out/show_out_wrapper.php?run_id=110202&search_id=114132&scans_id=110198&peptide_id=8446&scanf=17184&charge=2&value=K.IQQQFSDLK.R,PRPF6,4.254e+7,3.382,0.001,2.973,0.000
17185,3,"  2.619","  0.455",13/44,/core/www/modules//sdig/index.php?run_id=110202&search_id=114132&scans_id=110198&peptide_id=8447&scanf=17185&charge=3&value=13/44,sp|P20700|LMNB1_HUMAN,/core/www/modules//consensus/?run_id=110202&search_id=114132&scans_id=110198&peptide_id=8447&scanf=17185&charge=3&value=sp|P20700|LMNB1_HUMAN,3,/core/www/modules/match_peptides/blast_html4.php?run_id=110202&search_id=114132&scans_id=110198&peptide_id=8447&scanf=17185&charge=3&value=3,K.DAALATALGDKK.S,/core/www/modules/show_out/show_out_wrapper.php?run_id=110202&search_id=114132&scans_id=110198&peptide_id=8447&scanf=17185&charge=3&value=K.DAALATALGDKK.S,LMNB1,4.226e+7,2.837,0.007,2.168,0.000
17186,3,"  2.057","  0.425",13/44,/core/www/modules//sdig/index.php?run_id=110202&search_id=114132&scans_id=110198&peptide_id=8448&scanf=17186&charge=3&value=13/44,sp|Q13148|TADBP_HUMAN,/core/www/modules//consensus/?run_id=110202&search_id=114132&scans_id=110198&peptide_id=8448&scanf=17186&charge=3&value=sp|Q13148|TADBP_HUMAN,14,/core/www/modules/match_peptides/blast_html4.php?run_id=110202&search_id=114132&scans_id=110198&peptide_id=8448&scanf=17186&charge=3&value=14,K.GISVHISNAEPK.H,/core/www/modules/show_out/show_out_wrapper.php?run_id=110202&search_id=114132&scans_id=110198&peptide_id=8448&scanf=17186&charge=3&value=K.GISVHISNAEPK.H,TARDBP,3.729e+7,2.948,0.005,2.332,0.000
17188,3,"  3.123","  0.517",17/44,/core/www/modules//sdig/index.php?run_id=110202&search_id=114132&scans_id=110198&peptide_id=8450&scanf=17188&charge=3&value=17/44,sp|A6NHR9|SMHD1_HUMAN,/core/www/modules//consensus/?run_id=110202&search_id=114132&scans_id=110198&peptide_id=8450&scanf=17188&charge=3&value=sp|A6NHR9|SMHD1_HUMAN,3,/core/www/modules/match_peptides/blast_html4.php?run_id=110202&search_id=114132&scans_id=110198&peptide_id=8450&scanf=17188&charge=3&value=3,K.IKPPTPAVSNVR.S,/core/www/modules/show_out/show_out_wrapper.php?run_id=110202&search_id=114132&scans_id=110198&peptide_id=8450&scanf=17188&charge=3&value=K.IKPPTPAVSNVR.S,SMCHD1,6.435e+7,3.635,0.000,3.348,0.000
17191,2,"  4.075","  0.711",20/22,/core/www/modules//sdig/index.php?run_id=110202&search_id=114132&scans_id=110198&peptide_id=8454&scanf=17191&charge=2&value=20/22,sp|O43707|ACTN4_HUMAN,/core/www/modules//consensus/?run_id=110202&search_id=114132&scans_id=110198&peptide_id=8454&scanf=17191&charge=2&value=sp|O43707|ACTN4_HUMAN,2,/core/www/modules/match_peptides/blast_html4.php?run_id=110202&search_id=114132&scans_id=110198&peptide_id=8454&scanf=17191&charge=2&value=2,K.DHGGALGPEEFK.A,/core/www/modules/show_out/show_out_wrapper.php?run_id=110202&search_id=114132&scans_id=110198&peptide_id=8454&scanf=17191&charge=2&value=K.DHGGALGPEEFK.A,ACTN4,3.674e+7,4.766,0.000,5.025,0.000
17192,3,"  2.299","  0.394",14/40,/core/www/modules//sdig/index.php?run_id=110202&search_id=114132&scans_id=110198&peptide_id=8455&scanf=17192&charge=3&value=14/40,sp|P42677|RS27_HUMAN,/core/www/modules//consensus/?run_id=110202&search_id=114132&scans_id=110198&peptide_id=8455&scanf=17192&charge=3&value=sp|P42677|RS27_HUMAN,0,/core/www/modules/match_peptides/blast_html4.php?run_id=110202&search_id=114132&scans_id=110198&peptide_id=8455&scanf=17192&charge=3&value=0,K.DLLHPSPEEEK.R,/core/www/modules/show_out/show_out_wrapper.php?run_id=110202&search_id=114132&scans_id=110198&peptide_id=8455&scanf=17192&charge=3&value=K.DLLHPSPEEEK.R,RPS27,1.034e+8,2.927,0.005,2.300,0.000
17196,2,"  2.271","  0.351",10/16,/core/www/modules//sdig/index.php?run_id=110202&search_id=114132&scans_id=110198&peptide_id=8459&scanf=17196&charge=2&value=10/16,sp|P34897|GLYM_HUMAN,/core/www/modules//consensus/?run_id=110202&search_id=114132&scans_id=110198&peptide_id=8459&scanf=17196&charge=2&value=sp|P34897|GLYM_HUMAN,1,/core/www/modules/match_peptides/blast_html4.php?run_id=110202&search_id=114132&scans_id=110198&peptide_id=8459&scanf=17196&charge=2&value=1,R.LGAPALTSR.Q,/core/www/modules/show_out/show_out_wrapper.php?run_id=110202&search_id=114132&scans_id=110198&peptide_id=8459&scanf=17196&charge=2&value=R.LGAPALTSR.Q,SHMT2,2.221e+7,2.745,0.009,2.032,0.000
17197,3,"  5.416","  0.566",22/72,/core/www/modules//sdig/index.php?run_id=110202&search_id=114132&scans_id=110198&peptide_id=8460&scanf=17197&charge=3&value=22/72,sp|P18754|RCC1_HUMAN,/core/www/modules//consensus/?run_id=110202&search_id=114132&scans_id=110198&peptide_id=8460&scanf=17197&charge=3&value=sp|P18754|RCC1_HUMAN,5,/core/www/modules/match_peptides/blast_html4.php?run_id=110202&search_id=114132&scans_id=110198&peptide_id=8460&scanf=17197&charge=3&value=5,K.VVQVSAGDSHTAALTDDGR.V,/core/www/modules/show_out/show_out_wrapper.php?run_id=110202&search_id=114132&scans_id=110198&peptide_id=8460&scanf=17197&charge=3&value=K.VVQVSAGDSHTAALTDDGR.V,RCC1,2.608e+7,3.341,0.001,2.913,0.000
17201,3,"  1.551","  0.205",7/40,/core/www/modules//sdig/index.php?run_id=110202&search_id=114132&scans_id=110198&peptide_id=8465&scanf=17201&charge=3&value=7/40,sp|Q9BTC8|MTA3_HUMAN,/core/www/modules//consensus/?run_id=110202&search_id=114132&scans_id=110198&peptide_id=8465&scanf=17201&charge=3&value=sp|Q9BTC8|MTA3_HUMAN,4,/core/www/modules/match_peptides/blast_html4.php?run_id=110202&search_id=114132&scans_id=110198&peptide_id=8465&scanf=17201&charge=3&value=4,R.QYESLPATHIR.G,/core/www/modules/show_out/show_out_wrapper.php?run_id=110202&search_id=114132&scans_id=110198&peptide_id=8465&scanf=17201&charge=3&value=R.QYESLPATHIR.G,MTA3,1.686e+7,1.992,0.109,0.962,0.005
17204,3,"  2.191","  0.429",10/32,/core/www/modules//sdig/index.php?run_id=110202&search_id=114132&scans_id=110198&peptide_id=8467&scanf=17204&charge=3&value=10/32,sp|P78527|PRKDC_HUMAN,/core/www/modules//consensus/?run_id=110202&search_id=114132&scans_id=110198&peptide_id=8467&scanf=17204&charge=3&value=sp|P78527|PRKDC_HUMAN,0,/core/www/modules/match_peptides/blast_html4.php?run_id=110202&search_id=114132&scans_id=110198&peptide_id=8467&scanf=17204&charge=3&value=0,K.SKDFVQVMR.H,/core/www/modules/show_out/show_out_wrapper.php?run_id=110202&search_id=114132&scans_id=110198&peptide_id=8467&scanf=17204&charge=3&value=K.SKDFVQVMR.H,PRKDC,1.535e+8,3.611,0.000,3.313,0.000
17205,3,"  3.085","  0.550",17/40,/core/www/modules//sdig/index.php?run_id=110202&search_id=114132&scans_id=110198&peptide_id=8468&scanf=17205&charge=3&value=17/40,sp|P17844|DDX5_HUMAN,/core/www/modules//consensus/?run_id=110202&search_id=114132&scans_id=110198&peptide_id=8468&scanf=17205&charge=3&value=sp|P17844|DDX5_HUMAN,7,/core/www/modules/match_peptides/blast_html4.php?run_id=110202&search_id=114132&scans_id=110198&peptide_id=8468&scanf=17205&charge=3&value=7,K.NFYQEHPDLAR.R,/core/www/modules/show_out/show_out_wrapper.php?run_id=110202&search_id=114132&scans_id=110198&peptide_id=8468&scanf=17205&charge=3&value=K.NFYQEHPDLAR.R,DDX5,1.796e+8,3.722,0.000,3.477,0.000
17206,2,"  2.784","  0.532",13/14,/core/www/modules//sdig/index.php?run_id=110202&search_id=114132&scans_id=110198&peptide_id=8469&scanf=17206&charge=2&value=13/14,sp|P38919|IF4A3_HUMAN,/core/www/modules//consensus/?run_id=110202&search_id=114132&scans_id=110198&peptide_id=8469&scanf=17206&charge=2&value=sp|P38919|IF4A3_HUMAN,10,/core/www/modules/match_peptides/blast_html4.php?run_id=110202&search_id=114132&scans_id=110198&peptide_id=8469&scanf=17206&charge=2&value=10,R.KVDWLTEK.M,/core/www/modules/show_out/show_out_wrapper.php?run_id=110202&search_id=114132&scans_id=110198&peptide_id=8469&scanf=17206&charge=2&value=R.KVDWLTEK.M,EIF4A3,1.692e+8,3.693,0.000,3.435,0.000
17207,2,"  2.006","  0.260",9/14,/core/www/modules//sdig/index.php?run_id=110202&search_id=114132&scans_id=110198&peptide_id=8470&scanf=17207&charge=2&value=9/14,sp|Q9Y5S9|RBM8A_HUMAN,/core/www/modules//consensus/?run_id=110202&search_id=114132&scans_id=110198&peptide_id=8470&scanf=17207&charge=2&value=sp|Q9Y5S9|RBM8A_HUMAN,1,/core/www/modules/match_peptides/blast_html4.php?run_id=110202&search_id=114132&scans_id=110198&peptide_id=8470&scanf=17207&charge=2&value=1,K.FAEYGEIK.N,/core/www/modules/show_out/show_out_wrapper.php?run_id=110202&search_id=114132&scans_id=110198&peptide_id=8470&scanf=17207&charge=2&value=K.FAEYGEIK.N,RBM8A,3.944e+7,2.563,0.017,1.765,0.000
17210,3,"  3.057","  0.519",13/44,/core/www/modules//sdig/index.php?run_id=110202&search_id=114132&scans_id=110198&peptide_id=8474&scanf=17210&charge=3&value=13/44,sp|Q96T23|RSF1_HUMAN,/core/www/modules//consensus/?run_id=110202&search_id=114132&scans_id=110198&peptide_id=8474&scanf=17210&charge=3&value=sp|Q96T23|RSF1_HUMAN,2,/core/www/modules/match_peptides/blast_html4.php?run_id=110202&search_id=114132&scans_id=110198&peptide_id=8474&scanf=17210&charge=3&value=2,R.ISTITALGHEGK.Q,/core/www/modules/show_out/show_out_wrapper.php?run_id=110202&search_id=114132&scans_id=110198&peptide_id=8474&scanf=17210&charge=3&value=R.ISTITALGHEGK.Q,RSF1,2.815e+7,3.360,0.001,2.940,0.000
17211,3,"  3.274","  0.394",16/60,/core/www/modules//sdig/index.php?run_id=110202&search_id=114132&scans_id=110198&peptide_id=8475&scanf=17211&charge=3&value=16/60,sp|Q03701|CEBPZ_HUMAN,/core/www/modules//consensus/?run_id=110202&search_id=114132&scans_id=110198&peptide_id=8475&scanf=17211&charge=3&value=sp|Q03701|CEBPZ_HUMAN,0,/core/www/modules/match_peptides/blast_html4.php?run_id=110202&search_id=114132&scans_id=110198&peptide_id=8475&scanf=17211&charge=3&value=0,K.KLETEETVPETDVETK.K,/core/www/modules/show_out/show_out_wrapper.php?run_id=110202&search_id=114132&scans_id=110198&peptide_id=8475&scanf=17211&charge=3&value=K.KLETEETVPETDVETK.K,CEBPZ,2.672e+7,2.482,0.022,1.648,0.001
17213,2,"  1.863","  0.374",8/14,/core/www/modules//sdig/index.php?run_id=110202&search_id=114132&scans_id=110198&peptide_id=8477&scanf=17213&charge=2&value=8/14,sp|P21333|FLNA_HUMAN,/core/www/modules//consensus/?run_id=110202&search_id=114132&scans_id=110198&peptide_id=8477&scanf=17213&charge=2&value=sp|P21333|FLNA_HUMAN,3,/core/www/modules/match_peptides/blast_html4.php?run_id=110202&search_id=114132&scans_id=110198&peptide_id=8477&scanf=17213&charge=2&value=3,K.AEISFEDR.K,/core/www/modules/show_out/show_out_wrapper.php?run_id=110202&search_id=114132&scans_id=110198&peptide_id=8477&scanf=17213&charge=2&value=K.AEISFEDR.K,FLNA,2.472e+7,2.745,0.009,2.032,0.000
17214,3,"  3.748","  0.567",14/36,/core/www/modules//sdig/index.php?run_id=110202&search_id=114132&scans_id=110198&peptide_id=8478&scanf=17214&charge=3&value=14/36,sp|P31943|HNRH1_HUMAN,/core/www/modules//consensus/?run_id=110202&search_id=114132&scans_id=110198&peptide_id=8478&scanf=17214&charge=3&value=sp|P31943|HNRH1_HUMAN,7,/core/www/modules/match_peptides/blast_html4.php?run_id=110202&search_id=114132&scans_id=110198&peptide_id=8478&scanf=17214&charge=3&value=7,R.VHIEIGPDGR.V,/core/www/modules/show_out/show_out_wrapper.php?run_id=110202&search_id=114132&scans_id=110198&peptide_id=8478&scanf=17214&charge=3&value=R.VHIEIGPDGR.V,HNRNPH1,1.777e+8,3.768,0.000,3.545,0.000
17215,3,"  2.525","  0.485",11/36,/core/www/modules//sdig/index.php?run_id=110202&search_id=114132&scans_id=110198&peptide_id=8479&scanf=17215&charge=3&value=11/36,sp|Q15149|PLEC_HUMAN,/core/www/modules//consensus/?run_id=110202&search_id=114132&scans_id=110198&peptide_id=8479&scanf=17215&charge=3&value=sp|Q15149|PLEC_HUMAN,5,/core/www/modules/match_peptides/blast_html4.php?run_id=110202&search_id=114132&scans_id=110198&peptide_id=8479&scanf=17215&charge=3&value=5,R.GLHQSIEEFR.A,/core/www/modules/show_out/show_out_wrapper.php?run_id=110202&search_id=114132&scans_id=110198&peptide_id=8479&scanf=17215&charge=3&value=R.GLHQSIEEFR.A,PLEC,4.796e+7,3.752,0.000,3.522,0.000
17216,2,"  1.296","  0.241",9/18,/core/www/modules//sdig/index.php?run_id=110202&search_id=114132&scans_id=110198&peptide_id=8480&scanf=17216&charge=2&value=9/18,sp|Q9UIF9|BAZ2A_HUMAN,/core/www/modules//consensus/?run_id=110202&search_id=114132&scans_id=110198&peptide_id=8480&scanf=17216&charge=2&value=sp|Q9UIF9|BAZ2A_HUMAN,3,/core/www/modules/match_peptides/blast_html4.php?run_id=110202&search_id=114132&scans_id=110198&peptide_id=8480&scanf=17216&charge=2&value=3,R.LAALEQNVER.R,/core/www/modules/show_out/show_out_wrapper.php?run_id=110202&search_id=114132&scans_id=110198&peptide_id=8480&scanf=17216&charge=2&value=R.LAALEQNVER.R,BAZ2A,2.080e+7,2.200,0.057,1.245,0.002
17218,2,"  2.526","  0.307",10/14,/core/www/modules//sdig/index.php?run_id=110202&search_id=114132&scans_id=110198&peptide_id=8482&scanf=17218&charge=2&value=10/14,sp|Q9BQ70|TCF25_HUMAN,/core/www/modules//consensus/?run_id=110202&search_id=114132&scans_id=110198&peptide_id=8482&scanf=17218&charge=2&value=sp|Q9BQ70|TCF25_HUMAN,2,/core/www/modules/match_peptides/blast_html4.php?run_id=110202&search_id=114132&scans_id=110198&peptide_id=8482&scanf=17218&charge=2&value=2,R.HVILSEIK.E,/core/www/modules/show_out/show_out_wrapper.php?run_id=110202&search_id=114132&scans_id=110198&peptide_id=8482&scanf=17218&charge=2&value=R.HVILSEIK.E,TCF25,1.958e+7,2.840,0.007,2.172,0.000
17220,2,"  2.017","  0.240",8/16,/core/www/modules//sdig/index.php?run_id=110202&search_id=114132&scans_id=110198&peptide_id=8485&scanf=17220&charge=2&value=8/16,sp|Q96QC0|PP1RA_HUMAN,/core/www/modules//consensus/?run_id=110202&search_id=114132&scans_id=110198&peptide_id=8485&scanf=17220&charge=2&value=sp|Q96QC0|PP1RA_HUMAN,0,/core/www/modules/match_peptides/blast_html4.php?run_id=110202&search_id=114132&scans_id=110198&peptide_id=8485&scanf=17220&charge=2&value=0,K.SVTWPEEGK.L,/core/www/modules/show_out/show_out_wrapper.php?run_id=110202&search_id=114132&scans_id=110198&peptide_id=8485&scanf=17220&charge=2&value=K.SVTWPEEGK.L,PPP1R10,1.837e+7,2.265,0.046,1.337,0.002
17225,2,"  2.169","  0.432",12/16,/core/www/modules//sdig/index.php?run_id=110202&search_id=114132&scans_id=110198&peptide_id=8489&scanf=17225&charge=2&value=12/16,sp|Q12906|ILF3_HUMAN,/core/www/modules//consensus/?run_id=110202&search_id=114132&scans_id=110198&peptide_id=8489&scanf=17225&charge=2&value=sp|Q12906|ILF3_HUMAN,1,/core/www/modules/match_peptides/blast_html4.php?run_id=110202&search_id=114132&scans_id=110198&peptide_id=8489&scanf=17225&charge=2&value=1,K.NPVMELNEK.R,/core/www/modules/show_out/show_out_wrapper.php?run_id=110202&search_id=114132&scans_id=110198&peptide_id=8489&scanf=17225&charge=2&value=K.NPVMELNEK.R,ILF3,4.878e+8,3.425,0.001,3.037,0.000
17228,3,"  5.649","  0.677",24/60,/core/www/modules//sdig/index.php?run_id=110202&search_id=114132&scans_id=110198&peptide_id=8492&scanf=17228&charge=3&value=24/60,sp|Q8NAV1|PR38A_HUMAN,/core/www/modules//consensus/?run_id=110202&search_id=114132&scans_id=110198&peptide_id=8492&scanf=17228&charge=3&value=sp|Q8NAV1|PR38A_HUMAN,0,/core/www/modules/match_peptides/blast_html4.php?run_id=110202&search_id=114132&scans_id=110198&peptide_id=8492&scanf=17228&charge=3&value=0,K.DAHSIHGTNPQYLVEK.I,/core/www/modules/show_out/show_out_wrapper.php?run_id=110202&search_id=114132&scans_id=110198&peptide_id=8492&scanf=17228&charge=3&value=K.DAHSIHGTNPQYLVEK.I,PRPF38A,2.431e+7,3.964,0.000,3.836,0.000
17229,3,"  2.677","  0.333",12/32,/core/www/modules//sdig/index.php?run_id=110202&search_id=114132&scans_id=110198&peptide_id=8493&scanf=17229&charge=3&value=12/32,sp|Q5SY16|NOL9_HUMAN,/core/www/modules//consensus/?run_id=110202&search_id=114132&scans_id=110198&peptide_id=8493&scanf=17229&charge=3&value=sp|Q5SY16|NOL9_HUMAN,0,/core/www/modules/match_peptides/blast_html4.php?run_id=110202&search_id=114132&scans_id=110198&peptide_id=8493&scanf=17229&charge=3&value=0,K.ARPQLILSR.R,/core/www/modules/show_out/show_out_wrapper.php?run_id=110202&search_id=114132&scans_id=110198&peptide_id=8493&scanf=17229&charge=3&value=K.ARPQLILSR.R,NOL9,2.628e+7,2.879,0.006,2.230,0.000
17230,2,"  2.245","  0.319",12/20,/core/www/modules//sdig/index.php?run_id=110202&search_id=114132&scans_id=110198&peptide_id=8495&scanf=17230&charge=2&value=12/20,sp|P62258|1433E_HUMAN,/core/www/modules//consensus/?run_id=110202&search_id=114132&scans_id=110198&peptide_id=8495&scanf=17230&charge=2&value=sp|P62258|1433E_HUMAN,1,/core/www/modules/match_peptides/blast_html4.php?run_id=110202&search_id=114132&scans_id=110198&peptide_id=8495&scanf=17230&charge=2&value=1,K.EAAENSLVAYK.A,/core/www/modules/show_out/show_out_wrapper.php?run_id=110202&search_id=114132&scans_id=110198&peptide_id=8495&scanf=17230&charge=2&value=K.EAAENSLVAYK.A,YWHAE,2.944e+7,2.588,0.016,1.803,0.000
17234,2,"  2.388","  0.159",10/16,/core/www/modules//sdig/index.php?run_id=110202&search_id=114132&scans_id=110198&peptide_id=8499&scanf=17234&charge=2&value=10/16,sp|O15226|NKRF_HUMAN,/core/www/modules//consensus/?run_id=110202&search_id=114132&scans_id=110198&peptide_id=8499&scanf=17234&charge=2&value=sp|O15226|NKRF_HUMAN,1,/core/www/modules/match_peptides/blast_html4.php?run_id=110202&search_id=114132&scans_id=110198&peptide_id=8499&scanf=17234&charge=2&value=1,K.GAVEDVISR.N,/core/www/modules/show_out/show_out_wrapper.php?run_id=110202&search_id=114132&scans_id=110198&peptide_id=8499&scanf=17234&charge=2&value=K.GAVEDVISR.N,NKRF,3.340e+7,2.240,0.050,1.301,0.002
17237,3,"  2.572","  0.608",17/64,/core/www/modules//sdig/index.php?run_id=110202&search_id=114132&scans_id=110198&peptide_id=8502&scanf=17237&charge=3&value=17/64,sp|O43818|U3IP2_HUMAN,/core/www/modules//consensus/?run_id=110202&search_id=114132&scans_id=110198&peptide_id=8502&scanf=17237&charge=3&value=sp|O43818|U3IP2_HUMAN,0,/core/www/modules/match_peptides/blast_html4.php?run_id=110202&search_id=114132&scans_id=110198&peptide_id=8502&scanf=17237&charge=3&value=0,R.KPEEEEEEELEETAQEK.K,/core/www/modules/show_out/show_out_wrapper.php?run_id=110202&search_id=114132&scans_id=110198&peptide_id=8502&scanf=17237&charge=3&value=R.KPEEEEEEELEETAQEK.K,RRP9,1.314e+7,3.356,0.001,2.935,0.000
17238,3,"  2.354","  0.506",12/36,/core/www/modules//sdig/index.php?run_id=110202&search_id=114132&scans_id=110198&peptide_id=8503&scanf=17238&charge=3&value=12/36,sp|P42166|LAP2A_HUMAN,/core/www/modules//consensus/?run_id=110202&search_id=114132&scans_id=110198&peptide_id=8503&scanf=17238&charge=3&value=sp|P42166|LAP2A_HUMAN,0,/core/www/modules/match_peptides/blast_html4.php?run_id=110202&search_id=114132&scans_id=110198&peptide_id=8503&scanf=17238&charge=3&value=0,R.THQALGILSK.T,/core/www/modules/show_out/show_out_wrapper.php?run_id=110202&search_id=114132&scans_id=110198&peptide_id=8503&scanf=17238&charge=3&value=R.THQALGILSK.T,TMPO,2.040e+7,3.409,0.001,3.013,0.000
17239,3,"  2.198","  0.344",14/60,/core/www/modules//sdig/index.php?run_id=110202&search_id=114132&scans_id=110198&peptide_id=8504&scanf=17239&charge=3&value=14/60,sp|Q7KZF4|SND1_HUMAN,/core/www/modules//consensus/?run_id=110202&search_id=114132&scans_id=110198&peptide_id=8504&scanf=17239&charge=3&value=sp|Q7KZF4|SND1_HUMAN,1,/core/www/modules/match_peptides/blast_html4.php?run_id=110202&search_id=114132&scans_id=110198&peptide_id=8504&scanf=17239&charge=3&value=1,R.NDIASHPPVEGSYAPR.R,/core/www/modules/show_out/show_out_wrapper.php?run_id=110202&search_id=114132&scans_id=110198&peptide_id=8504&scanf=17239&charge=3&value=R.NDIASHPPVEGSYAPR.R,SND1,4.829e+7,2.542,0.018,1.736,0.000
17246,2,"  1.672","  0.561",8/14,/core/www/modules//sdig/index.php?run_id=110202&search_id=114132&scans_id=110198&peptide_id=8511&scanf=17246&charge=2&value=8/14,sp|Q02878|RL6_HUMAN,/core/www/modules//consensus/?run_id=110202&search_id=114132&scans_id=110198&peptide_id=8511&scanf=17246&charge=2&value=sp|Q02878|RL6_HUMAN,0,/core/www/modules/match_peptides/blast_html4.php?run_id=110202&search_id=114132&scans_id=110198&peptide_id=8511&scanf=17246&charge=2&value=0,K.FVIATSTK.I,/core/www/modules/show_out/show_out_wrapper.php?run_id=110202&search_id=114132&scans_id=110198&peptide_id=8511&scanf=17246&charge=2&value=K.FVIATSTK.I,RPL6,2.075e+8,3.455,0.001,3.081,0.000
17247,2,"  1.908","  0.436",10/16,/core/www/modules//sdig/index.php?run_id=110202&search_id=114132&scans_id=110198&peptide_id=8512&scanf=17247&charge=2&value=10/16,sp|Q12906|ILF3_HUMAN,/core/www/modules//consensus/?run_id=110202&search_id=114132&scans_id=110198&peptide_id=8512&scanf=17247&charge=2&value=sp|Q12906|ILF3_HUMAN,0,/core/www/modules/match_peptides/blast_html4.php?run_id=110202&search_id=114132&scans_id=110198&peptide_id=8512&scanf=17247&charge=2&value=0,R.LAAFGQLHK.V,/core/www/modules/show_out/show_out_wrapper.php?run_id=110202&search_id=114132&scans_id=110198&peptide_id=8512&scanf=17247&charge=2&value=R.LAAFGQLHK.V,ILF3,2.181e+8,3.234,0.002,2.754,0.000
17250,3,"  2.115","  0.484",12/40,/core/www/modules//sdig/index.php?run_id=110202&search_id=114132&scans_id=110198&peptide_id=8516&scanf=17250&charge=3&value=12/40,sp|Q12906|ILF3_HUMAN,/core/www/modules//consensus/?run_id=110202&search_id=114132&scans_id=110198&peptide_id=8516&scanf=17250&charge=3&value=sp|Q12906|ILF3_HUMAN,0,/core/www/modules/match_peptides/blast_html4.php?run_id=110202&search_id=114132&scans_id=110198&peptide_id=8516&scanf=17250&charge=3&value=0,R.LNQLKPGLQYK.L,/core/www/modules/show_out/show_out_wrapper.php?run_id=110202&search_id=114132&scans_id=110198&peptide_id=8516&scanf=17250&charge=3&value=R.LNQLKPGLQYK.L,ILF3,3.342e+8,3.325,0.001,2.888,0.000
17251,2,"  3.135","  0.623",15/22,/core/www/modules//sdig/index.php?run_id=110202&search_id=114132&scans_id=110198&peptide_id=8517&scanf=17251&charge=2&value=15/22,sp|Q92841|DDX17_HUMAN,/core/www/modules//consensus/?run_id=110202&search_id=114132&scans_id=110198&peptide_id=8517&scanf=17251&charge=2&value=sp|Q92841|DDX17_HUMAN,2,/core/www/modules/match_peptides/blast_html4.php?run_id=110202&search_id=114132&scans_id=110198&peptide_id=8517&scanf=17251&charge=2&value=2,K.VLEEANQAINPK.L,/core/www/modules/show_out/show_out_wrapper.php?run_id=110202&search_id=114132&scans_id=110198&peptide_id=8517&scanf=17251&charge=2&value=K.VLEEANQAINPK.L,DDX17,1.415e+8,3.827,0.000,3.633,0.000
17252,2,"  2.026","  0.260",8/16,/core/www/modules//sdig/index.php?run_id=110202&search_id=114132&scans_id=110198&peptide_id=8518&scanf=17252&charge=2&value=8/16,sp|Q9NVP1|DDX18_HUMAN,/core/www/modules//consensus/?run_id=110202&search_id=114132&scans_id=110198&peptide_id=8518&scanf=17252&charge=2&value=sp|Q9NVP1|DDX18_HUMAN,0,/core/www/modules/match_peptides/blast_html4.php?run_id=110202&search_id=114132&scans_id=110198&peptide_id=8518&scanf=17252&charge=2&value=0,K.SIRPLLEGR.D,/core/www/modules/show_out/show_out_wrapper.php?run_id=110202&search_id=114132&scans_id=110198&peptide_id=8518&scanf=17252&charge=2&value=K.SIRPLLEGR.D,DDX18,2.907e+7,2.344,0.036,1.449,0.001
17254,3,"  4.534","  0.489",23/48,/core/www/modules//sdig/index.php?run_id=110202&search_id=114132&scans_id=110198&peptide_id=8520&scanf=17254&charge=3&value=23/48,sp|P08670|VIME_HUMAN,/core/www/modules//consensus/?run_id=110202&search_id=114132&scans_id=110198&peptide_id=8520&scanf=17254&charge=3&value=sp|P08670|VIME_HUMAN,3,/core/www/modules/match_peptides/blast_html4.php?run_id=110202&search_id=114132&scans_id=110198&peptide_id=8520&scanf=17254&charge=3&value=3,R.TNEKVELQELNDR.F,/core/www/modules/show_out/show_out_wrapper.php?run_id=110202&search_id=114132&scans_id=110198&peptide_id=8520&scanf=17254&charge=3&value=R.TNEKVELQELNDR.F,VIM,3.782e+8,3.699,0.000,3.443,0.000
17256,2,"  3.361","  0.590",17/30,/core/www/modules//sdig/index.php?run_id=110202&search_id=114132&scans_id=110198&peptide_id=8522&scanf=17256&charge=2&value=17/30,sp|Q96KR1|ZFR_HUMAN,/core/www/modules//consensus/?run_id=110202&search_id=114132&scans_id=110198&peptide_id=8522&scanf=17256&charge=2&value=sp|Q96KR1|ZFR_HUMAN,0,/core/www/modules/match_peptides/blast_html4.php?run_id=110202&search_id=114132&scans_id=110198&peptide_id=8522&scanf=17256&charge=2&value=0,K.AISSASSPQSPGDALR.R,/core/www/modules/show_out/show_out_wrapper.php?run_id=110202&search_id=114132&scans_id=110198&peptide_id=8522&scanf=17256&charge=2&value=K.AISSASSPQSPGDALR.R,ZFR,2.939e+7,3.260,0.002,2.793,0.000
17258,2,"  1.175","  0.050",7/12,/core/www/modules//sdig/index.php?run_id=110202&search_id=114132&scans_id=110198&peptide_id=8524&scanf=17258&charge=2&value=7/12,sp|Q00839|HNRPU_HUMAN,/core/www/modules//consensus/?run_id=110202&search_id=114132&scans_id=110198&peptide_id=8524&scanf=17258&charge=2&value=sp|Q00839|HNRPU_HUMAN,11,/core/www/modules/match_peptides/blast_html4.php?run_id=110202&search_id=114132&scans_id=110198&peptide_id=8524&scanf=17258&charge=2&value=11,K.MM*VAGFK.K,/core/www/modules/show_out/show_out_wrapper.php?run_id=110202&search_id=114132&scans_id=110198&peptide_id=8524&scanf=17258&charge=2&value=K.MM*VAGFK.K,HNRNPU,3.242e+7,2.457,0.024,1.611,0.001
17261,2,"  1.712","  0.317",9/12,/core/www/modules//sdig/index.php?run_id=110202&search_id=114132&scans_id=110198&peptide_id=8528&scanf=17261&charge=2&value=9/12,sp|O75915|PRAF3_HUMAN,/core/www/modules//consensus/?run_id=110202&search_id=114132&scans_id=110198&peptide_id=8528&scanf=17261&charge=2&value=sp|O75915|PRAF3_HUMAN,0,/core/www/modules/match_peptides/blast_html4.php?run_id=110202&search_id=114132&scans_id=110198&peptide_id=8528&scanf=17261&charge=2&value=0,K.MEGIGLK.R,/core/www/modules/show_out/show_out_wrapper.php?run_id=110202&search_id=114132&scans_id=110198&peptide_id=8528&scanf=17261&charge=2&value=K.MEGIGLK.R,ARL6IP5,1.738e+7,2.854,0.006,2.192,0.000
17262,2,"  1.135","  0.167",7/14,/core/www/modules//sdig/index.php?run_id=110202&search_id=114132&scans_id=110198&peptide_id=8529&scanf=17262&charge=2&value=7/14,sp|P54136|SYRC_HUMAN,/core/www/modules//consensus/?run_id=110202&search_id=114132&scans_id=110198&peptide_id=8529&scanf=17262&charge=2&value=sp|P54136|SYRC_HUMAN,0,/core/www/modules/match_peptides/blast_html4.php?run_id=110202&search_id=114132&scans_id=110198&peptide_id=8529&scanf=17262&charge=2&value=0,R.FDTEEEFK.K,/core/www/modules/show_out/show_out_wrapper.php?run_id=110202&search_id=114132&scans_id=110198&peptide_id=8529&scanf=17262&charge=2&value=R.FDTEEEFK.K,RARS1,1.495e+7,1.981,0.113,0.947,0.005
17263,2,"  1.568","  0.265",8/14,/core/www/modules//sdig/index.php?run_id=110202&search_id=114132&scans_id=110198&peptide_id=8530&scanf=17263&charge=2&value=8/14,sp|Q7L0Y3|TM10C_HUMAN,/core/www/modules//consensus/?run_id=110202&search_id=114132&scans_id=110198&peptide_id=8530&scanf=17263&charge=2&value=sp|Q7L0Y3|TM10C_HUMAN,1,/core/www/modules/match_peptides/blast_html4.php?run_id=110202&search_id=114132&scans_id=110198&peptide_id=8530&scanf=17263&charge=2&value=1,K.LLLTSTEK.S,/core/www/modules/show_out/show_out_wrapper.php?run_id=110202&search_id=114132&scans_id=110198&peptide_id=8530&scanf=17263&charge=2&value=K.LLLTSTEK.S,TRMT10C,2.462e+7,2.444,0.026,1.592,0.001
17264,2,"  2.591","  0.466",14/24,/core/www/modules//sdig/index.php?run_id=110202&search_id=114132&scans_id=110198&peptide_id=8531&scanf=17264&charge=2&value=14/24,sp|Q13247|SRSF6_HUMAN,/core/www/modules//consensus/?run_id=110202&search_id=114132&scans_id=110198&peptide_id=8531&scanf=17264&charge=2&value=sp|Q13247|SRSF6_HUMAN,4,/core/www/modules/match_peptides/blast_html4.php?run_id=110202&search_id=114132&scans_id=110198&peptide_id=8531&scanf=17264&charge=2&value=4,R.ALDKLDGTEINGR.N,/core/www/modules/show_out/show_out_wrapper.php?run_id=110202&search_id=114132&scans_id=110198&peptide_id=8531&scanf=17264&charge=2&value=R.ALDKLDGTEINGR.N,SRSF6,1.760e+7,2.770,0.009,2.069,0.000
17269,2,"  2.937","  0.508",13/18,/core/www/modules//sdig/index.php?run_id=110202&search_id=114132&scans_id=110198&peptide_id=8535&scanf=17269&charge=2&value=13/18,sp|Q14498|RBM39_HUMAN,/core/www/modules//consensus/?run_id=110202&search_id=114132&scans_id=110198&peptide_id=8535&scanf=17269&charge=2&value=sp|Q14498|RBM39_HUMAN,5,/core/www/modules/match_peptides/blast_html4.php?run_id=110202&search_id=114132&scans_id=110198&peptide_id=8535&scanf=17269&charge=2&value=5,R.TGIDLGTTGR.L,/core/www/modules/show_out/show_out_wrapper.php?run_id=110202&search_id=114132&scans_id=110198&peptide_id=8535&scanf=17269&charge=2&value=R.TGIDLGTTGR.L,RBM39,2.672e+8,3.507,0.001,3.158,0.000
17271,3,"  4.827","  0.541",17/52,/core/www/modules//sdig/index.php?run_id=110202&search_id=114132&scans_id=110198&peptide_id=8538&scanf=17271&charge=3&value=17/52,sp|O75533|SF3B1_HUMAN,/core/www/modules//consensus/?run_id=110202&search_id=114132&scans_id=110198&peptide_id=8538&scanf=17271&charge=3&value=sp|O75533|SF3B1_HUMAN,0,/core/www/modules/match_peptides/blast_html4.php?run_id=110202&search_id=114132&scans_id=110198&peptide_id=8538&scanf=17271&charge=3&value=0,R.IVDDLKDEAEQYRK.M,/core/www/modules/show_out/show_out_wrapper.php?run_id=110202&search_id=114132&scans_id=110198&peptide_id=8538&scanf=17271&charge=3&value=R.IVDDLKDEAEQYRK.M,SF3B1,4.374e+7,3.074,0.003,2.518,0.000
17272,3,"  5.401","  0.623",15/76,/core/www/modules//sdig/index.php?run_id=110202&search_id=114132&scans_id=110198&peptide_id=8539&scanf=17272&charge=3&value=15/76,sp|Q9Y2W1|TR150_HUMAN,/core/www/modules//consensus/?run_id=110202&search_id=114132&scans_id=110198&peptide_id=8539&scanf=17272&charge=3&value=sp|Q9Y2W1|TR150_HUMAN,1,/core/www/modules/match_peptides/blast_html4.php?run_id=110202&search_id=114132&scans_id=110198&peptide_id=8539&scanf=17272&charge=3&value=1,K.ASESSKPWPDATYGTGSASR.A,/core/www/modules/show_out/show_out_wrapper.php?run_id=110202&search_id=114132&scans_id=110198&peptide_id=8539&scanf=17272&charge=3&value=K.ASESSKPWPDATYGTGSASR.A,THRAP3,1.177e+7,3.379,0.001,2.968,0.000
17275,2,"  1.757","  0.286",7/12,/core/www/modules//sdig/index.php?run_id=110202&search_id=114132&scans_id=110198&peptide_id=8542&scanf=17275&charge=2&value=7/12,sp|P62333|PRS10_HUMAN,/core/www/modules//consensus/?run_id=110202&search_id=114132&scans_id=110198&peptide_id=8542&scanf=17275&charge=2&value=sp|P62333|PRS10_HUMAN,4,/core/www/modules/match_peptides/blast_html4.php?run_id=110202&search_id=114132&scans_id=110198&peptide_id=8542&scanf=17275&charge=2&value=4,R.EMFNYAR.D,/core/www/modules/show_out/show_out_wrapper.php?run_id=110202&search_id=114132&scans_id=110198&peptide_id=8542&scanf=17275&charge=2&value=R.EMFNYAR.D,PSMC6,1.536e+7,2.614,0.014,1.840,0.000
17277,2,"  1.612","  0.247",10/12,/core/www/modules//sdig/index.php?run_id=110202&search_id=114132&scans_id=110198&peptide_id=8544&scanf=17277&charge=2&value=10/12,sp|P23396|RS3_HUMAN,/core/www/modules//consensus/?run_id=110202&search_id=114132&scans_id=110198&peptide_id=8544&scanf=17277&charge=2&value=sp|P23396|RS3_HUMAN,3,/core/www/modules/match_peptides/blast_html4.php?run_id=110202&search_id=114132&scans_id=110198&peptide_id=8544&scanf=17277&charge=2&value=3,R.QGVLGIK.V,/core/www/modules/show_out/show_out_wrapper.php?run_id=110202&search_id=114132&scans_id=110198&peptide_id=8544&scanf=17277&charge=2&value=R.QGVLGIK.V,RPS3,6.057e+7,2.840,0.007,2.171,0.000
17279,2,"  1.976","  0.190",7/12,/core/www/modules//sdig/index.php?run_id=110202&search_id=114132&scans_id=110198&peptide_id=8546&scanf=17279&charge=2&value=7/12,sp|P13667|PDIA4_HUMAN,/core/www/modules//consensus/?run_id=110202&search_id=114132&scans_id=110198&peptide_id=8546&scanf=17279&charge=2&value=sp|P13667|PDIA4_HUMAN,2,/core/www/modules/match_peptides/blast_html4.php?run_id=110202&search_id=114132&scans_id=110198&peptide_id=8546&scanf=17279&charge=2&value=2,K.QVQEFLK.D,/core/www/modules/show_out/show_out_wrapper.php?run_id=110202&search_id=114132&scans_id=110198&peptide_id=8546&scanf=17279&charge=2&value=K.QVQEFLK.D,PDIA4,4.401e+7,2.393,0.030,1.519,0.001
17280,4,"  5.165","  0.425",19/114,/core/www/modules//sdig/index.php?run_id=110202&search_id=114132&scans_id=110198&peptide_id=8547&scanf=17280&charge=4&value=19/114,sp|P62995|TRA2B_HUMAN,/core/www/modules//consensus/?run_id=110202&search_id=114132&scans_id=110198&peptide_id=8547&scanf=17280&charge=4&value=sp|P62995|TRA2B_HUMAN,2,/core/www/modules/match_peptides/blast_html4.php?run_id=110202&search_id=114132&scans_id=110198&peptide_id=8547&scanf=17280&charge=4&value=2,K.RPHTPTPGIYMGRPTYGSSR.R,/core/www/modules/show_out/show_out_wrapper.php?run_id=110202&search_id=114132&scans_id=110198&peptide_id=8547&scanf=17280&charge=4&value=K.RPHTPTPGIYMGRPTYGSSR.R,TRA2B,1.044e+7,3.128,0.003,2.597,0.000
17281,2,"  1.636","  0.226",7/12,/core/www/modules//sdig/index.php?run_id=110202&search_id=114132&scans_id=110198&peptide_id=8548&scanf=17281&charge=2&value=7/12,sp|Q13200|PSMD2_HUMAN,/core/www/modules//consensus/?run_id=110202&search_id=114132&scans_id=110198&peptide_id=8548&scanf=17281&charge=2&value=sp|Q13200|PSMD2_HUMAN,0,/core/www/modules/match_peptides/blast_html4.php?run_id=110202&search_id=114132&scans_id=110198&peptide_id=8548&scanf=17281&charge=2&value=0,R.TFGHLLR.Y,/core/www/modules/show_out/show_out_wrapper.php?run_id=110202&search_id=114132&scans_id=110198&peptide_id=8548&scanf=17281&charge=2&value=R.TFGHLLR.Y,PSMD2,1.055e+7,2.460,0.024,1.616,0.001
17282,3,"  3.788","  0.668",16/76,/core/www/modules//sdig/index.php?run_id=110202&search_id=114132&scans_id=110198&peptide_id=8549&scanf=17282&charge=3&value=16/76,sp|P20042|IF2B_HUMAN,/core/www/modules//consensus/?run_id=110202&search_id=114132&scans_id=110198&peptide_id=8549&scanf=17282&charge=3&value=sp|P20042|IF2B_HUMAN,0,/core/www/modules/match_peptides/blast_html4.php?run_id=110202&search_id=114132&scans_id=110198&peptide_id=8549&scanf=17282&charge=3&value=0,K.EVEPEPTEDKDLEADEEDTR.K,/core/www/modules/show_out/show_out_wrapper.php?run_id=110202&search_id=114132&scans_id=110198&peptide_id=8549&scanf=17282&charge=3&value=K.EVEPEPTEDKDLEADEEDTR.K,EIF2S2,7.456e+6,3.123,0.003,2.589,0.000
17283,2,"  1.539","  0.346",8/12,/core/www/modules//sdig/index.php?run_id=110202&search_id=114132&scans_id=110198&peptide_id=8550&scanf=17283&charge=2&value=8/12,sp|Q8WTT2|NOC3L_HUMAN,/core/www/modules//consensus/?run_id=110202&search_id=114132&scans_id=110198&peptide_id=8550&scanf=17283&charge=2&value=sp|Q8WTT2|NOC3L_HUMAN,0,/core/www/modules/match_peptides/blast_html4.php?run_id=110202&search_id=114132&scans_id=110198&peptide_id=8550&scanf=17283&charge=2&value=0,K.VISGFVK.G,/core/www/modules/show_out/show_out_wrapper.php?run_id=110202&search_id=114132&scans_id=110198&peptide_id=8550&scanf=17283&charge=2&value=K.VISGFVK.G,NOC3L,6.438e+7,2.888,0.006,2.243,0.000
17284,2,"  3.231","  0.607",13/18,/core/www/modules//sdig/index.php?run_id=110202&search_id=114132&scans_id=110198&peptide_id=8551&scanf=17284&charge=2&value=13/18,sp|P14868|SYDC_HUMAN,/core/www/modules//consensus/?run_id=110202&search_id=114132&scans_id=110198&peptide_id=8551&scanf=17284&charge=2&value=sp|P14868|SYDC_HUMAN,1,/core/www/modules/match_peptides/blast_html4.php?run_id=110202&search_id=114132&scans_id=110198&peptide_id=8551&scanf=17284&charge=2&value=1,R.FQTEIQTVNK.Q,/core/www/modules/show_out/show_out_wrapper.php?run_id=110202&search_id=114132&scans_id=110198&peptide_id=8551&scanf=17284&charge=2&value=R.FQTEIQTVNK.Q,DARS1,2.643e+7,3.881,0.000,3.713,0.000
17286,3,"  3.475","  0.465",15/40,/core/www/modules//sdig/index.php?run_id=110202&search_id=114132&scans_id=110198&peptide_id=8553&scanf=17286&charge=3&value=15/40,sp|P17480|UBF1_HUMAN,/core/www/modules//consensus/?run_id=110202&search_id=114132&scans_id=110198&peptide_id=8553&scanf=17286&charge=3&value=sp|P17480|UBF1_HUMAN,1,/core/www/modules/match_peptides/blast_html4.php?run_id=110202&search_id=114132&scans_id=110198&peptide_id=8553&scanf=17286&charge=3&value=1,K.TPQQLWYTHEK.K,/core/www/modules/show_out/show_out_wrapper.php?run_id=110202&search_id=114132&scans_id=110198&peptide_id=8553&scanf=17286&charge=3&value=K.TPQQLWYTHEK.K,UBTF,4.453e+7,3.335,0.001,2.904,0.000
17288,3,"  2.350","  0.413",12/44,/core/www/modules//sdig/index.php?run_id=110202&search_id=114132&scans_id=110198&peptide_id=8554&scanf=17288&charge=3&value=12/44,sp|O00148|DX39A_HUMAN,/core/www/modules//consensus/?run_id=110202&search_id=114132&scans_id=110198&peptide_id=8554&scanf=17288&charge=3&value=sp|O00148|DX39A_HUMAN,19,/core/www/modules/match_peptides/blast_html4.php?run_id=110202&search_id=114132&scans_id=110198&peptide_id=8554&scanf=17288&charge=3&value=19,K.GSYVSIHSSGFR.D,/core/www/modules/show_out/show_out_wrapper.php?run_id=110202&search_id=114132&scans_id=110198&peptide_id=8554&scanf=17288&charge=3&value=K.GSYVSIHSSGFR.D,DDX39A,2.641e+8,2.952,0.005,2.338,0.000
17292,3,"  3.975","  0.555",18/48,/core/www/modules//sdig/index.php?run_id=110202&search_id=114132&scans_id=110198&peptide_id=8559&scanf=17292&charge=3&value=18/48,sp|Q92878|RAD50_HUMAN,/core/www/modules//consensus/?run_id=110202&search_id=114132&scans_id=110198&peptide_id=8559&scanf=17292&charge=3&value=sp|Q92878|RAD50_HUMAN,2,/core/www/modules/match_peptides/blast_html4.php?run_id=110202&search_id=114132&scans_id=110198&peptide_id=8559&scanf=17292&charge=3&value=2,K.LIQDQQEQIQHLK.S,/core/www/modules/show_out/show_out_wrapper.php?run_id=110202&search_id=114132&scans_id=110198&peptide_id=8559&scanf=17292&charge=3&value=K.LIQDQQEQIQHLK.S,RAD50,2.754e+7,3.612,0.000,3.314,0.000
17293,2,"  1.879","  0.249",9/18,/core/www/modules//sdig/index.php?run_id=110202&search_id=114132&scans_id=110198&peptide_id=8560&scanf=17293&charge=2&value=9/18,sp|Q8WXX5|DNJC9_HUMAN,/core/www/modules//consensus/?run_id=110202&search_id=114132&scans_id=110198&peptide_id=8560&scanf=17293&charge=2&value=sp|Q8WXX5|DNJC9_HUMAN,0,/core/www/modules/match_peptides/blast_html4.php?run_id=110202&search_id=114132&scans_id=110198&peptide_id=8560&scanf=17293&charge=2&value=0,K.GSEEELADIK.Q,/core/www/modules/show_out/show_out_wrapper.php?run_id=110202&search_id=114132&scans_id=110198&peptide_id=8560&scanf=17293&charge=2&value=K.GSEEELADIK.Q,DNAJC9,2.143e+7,2.192,0.058,1.235,0.002
17294,2,"  2.904","  0.551",12/18,/core/www/modules//sdig/index.php?run_id=110202&search_id=114132&scans_id=110198&peptide_id=8561&scanf=17294&charge=2&value=12/18,sp|P14868|SYDC_HUMAN,/core/www/modules//consensus/?run_id=110202&search_id=114132&scans_id=110198&peptide_id=8561&scanf=17294&charge=2&value=sp|P14868|SYDC_HUMAN,1,/core/www/modules/match_peptides/blast_html4.php?run_id=110202&search_id=114132&scans_id=110198&peptide_id=8561&scanf=17294&charge=2&value=1,R.FQTEIQTVNK.Q,/core/www/modules/show_out/show_out_wrapper.php?run_id=110202&search_id=114132&scans_id=110198&peptide_id=8561&scanf=17294&charge=2&value=R.FQTEIQTVNK.Q,DARS1,2.643e+7,3.597,0.001,3.293,0.000
17298,2,"  1.856","  0.415",9/14,/core/www/modules//sdig/index.php?run_id=110202&search_id=114132&scans_id=110198&peptide_id=8565&scanf=17298&charge=2&value=9/14,sp|P58107|EPIPL_HUMAN,/core/www/modules//consensus/?run_id=110202&search_id=114132&scans_id=110198&peptide_id=8565&scanf=17298&charge=2&value=sp|P58107|EPIPL_HUMAN,8,/core/www/modules/match_peptides/blast_html4.php?run_id=110202&search_id=114132&scans_id=110198&peptide_id=8565&scanf=17298&charge=2&value=8,R.VPVDVAYR.R,/core/www/modules/show_out/show_out_wrapper.php?run_id=110202&search_id=114132&scans_id=110198&peptide_id=8565&scanf=17298&charge=2&value=R.VPVDVAYR.R,EPPK1,1.908e+8,3.088,0.003,2.539,0.000
17300,2,"  1.633","  0.287",8/16,/core/www/modules//sdig/index.php?run_id=110202&search_id=114132&scans_id=110198&peptide_id=8568&scanf=17300&charge=2&value=8/16,sp|Q9UKD2|MRT4_HUMAN,/core/www/modules//consensus/?run_id=110202&search_id=114132&scans_id=110198&peptide_id=8568&scanf=17300&charge=2&value=sp|Q9UKD2|MRT4_HUMAN,0,/core/www/modules/match_peptides/blast_html4.php?run_id=110202&search_id=114132&scans_id=110198&peptide_id=8568&scanf=17300&charge=2&value=0,K.YMWDSQSGR.F,/core/www/modules/show_out/show_out_wrapper.php?run_id=110202&search_id=114132&scans_id=110198&peptide_id=8568&scanf=17300&charge=2&value=K.YMWDSQSGR.F,MRTO4,1.105e+7,2.395,0.030,1.522,0.001
17303,3,"  3.209","  0.489",14/40,/core/www/modules//sdig/index.php?run_id=110202&search_id=114132&scans_id=110198&peptide_id=8571&scanf=17303&charge=3&value=14/40,sp|Q15149|PLEC_HUMAN,/core/www/modules//consensus/?run_id=110202&search_id=114132&scans_id=110198&peptide_id=8571&scanf=17303&charge=3&value=sp|Q15149|PLEC_HUMAN,5,/core/www/modules/match_peptides/blast_html4.php?run_id=110202&search_id=114132&scans_id=110198&peptide_id=8571&scanf=17303&charge=3&value=5,R.AGLVGPEFHEK.L,/core/www/modules/show_out/show_out_wrapper.php?run_id=110202&search_id=114132&scans_id=110198&peptide_id=8571&scanf=17303&charge=3&value=R.AGLVGPEFHEK.L,PLEC,1.627e+7,3.829,0.000,3.636,0.000
17307,3,"  4.912","  0.610",17/60,/core/www/modules//sdig/index.php?run_id=110202&search_id=114132&scans_id=110198&peptide_id=8575&scanf=17307&charge=3&value=17/60,sp|P17096|HMGA1_HUMAN,/core/www/modules//consensus/?run_id=110202&search_id=114132&scans_id=110198&peptide_id=8575&scanf=17307&charge=3&value=sp|P17096|HMGA1_HUMAN,0,/core/www/modules/match_peptides/blast_html4.php?run_id=110202&search_id=114132&scans_id=110198&peptide_id=8575&scanf=17307&charge=3&value=0,R.KQPPVSPGTALVGSQK.E,/core/www/modules/show_out/show_out_wrapper.php?run_id=110202&search_id=114132&scans_id=110198&peptide_id=8575&scanf=17307&charge=3&value=R.KQPPVSPGTALVGSQK.E,HMGA1,1.041e+7,3.199,0.002,2.703,0.000
17312,2,"  2.881","  0.383",12/20,/core/www/modules//sdig/index.php?run_id=110202&search_id=114132&scans_id=110198&peptide_id=8580&scanf=17312&charge=2&value=12/20,sp|P55084|ECHB_HUMAN,/core/www/modules//consensus/?run_id=110202&search_id=114132&scans_id=110198&peptide_id=8580&scanf=17312&charge=2&value=sp|P55084|ECHB_HUMAN,4,/core/www/modules/match_peptides/blast_html4.php?run_id=110202&search_id=114132&scans_id=110198&peptide_id=8580&scanf=17312&charge=2&value=4,R.EAALGAGFSDK.T,/core/www/modules/show_out/show_out_wrapper.php?run_id=110202&search_id=114132&scans_id=110198&peptide_id=8580&scanf=17312&charge=2&value=R.EAALGAGFSDK.T,HADHB,3.401e+7,2.891,0.006,2.247,0.000
17313,3,"  2.104","  0.381",8/40,/core/www/modules//sdig/index.php?run_id=110202&search_id=114132&scans_id=110198&peptide_id=8581&scanf=17313&charge=3&value=8/40,sp|O75643|U520_HUMAN,/core/www/modules//consensus/?run_id=110202&search_id=114132&scans_id=110198&peptide_id=8581&scanf=17313&charge=3&value=sp|O75643|U520_HUMAN,0,/core/www/modules/match_peptides/blast_html4.php?run_id=110202&search_id=114132&scans_id=110198&peptide_id=8581&scanf=17313&charge=3&value=0,R.YISSQIERPIR.I,/core/www/modules/show_out/show_out_wrapper.php?run_id=110202&search_id=114132&scans_id=110198&peptide_id=8581&scanf=17313&charge=3&value=R.YISSQIERPIR.I,SNRNP200,3.762e+7,2.923,0.005,2.294,0.000
17315,3,"  2.319","  0.490",15/40,/core/www/modules//sdig/index.php?run_id=110202&search_id=114132&scans_id=110198&peptide_id=8583&scanf=17315&charge=3&value=15/40,sp|Q15149|PLEC_HUMAN,/core/www/modules//consensus/?run_id=110202&search_id=114132&scans_id=110198&peptide_id=8583&scanf=17315&charge=3&value=sp|Q15149|PLEC_HUMAN,5,/core/www/modules/match_peptides/blast_html4.php?run_id=110202&search_id=114132&scans_id=110198&peptide_id=8583&scanf=17315&charge=3&value=5,R.AGLVGPEFHEK.L,/core/www/modules/show_out/show_out_wrapper.php?run_id=110202&search_id=114132&scans_id=110198&peptide_id=8583&scanf=17315&charge=3&value=R.AGLVGPEFHEK.L,PLEC,1.627e+7,3.822,0.000,3.625,0.000
17316,3,"  7.806","  0.661",36/96,/core/www/modules//sdig/index.php?run_id=110202&search_id=114132&scans_id=110198&peptide_id=8584&scanf=17316&charge=3&value=36/96,sp|P51114|FXR1_HUMAN,/core/www/modules//consensus/?run_id=110202&search_id=114132&scans_id=110198&peptide_id=8584&scanf=17316&charge=3&value=sp|P51114|FXR1_HUMAN,5,/core/www/modules/match_peptides/blast_html4.php?run_id=110202&search_id=114132&scans_id=110198&peptide_id=8584&scanf=17316&charge=3&value=5,R.RGPNYTSGYGTNSELSNPSETESER.K,/core/www/modules/show_out/show_out_wrapper.php?run_id=110202&search_id=114132&scans_id=110198&peptide_id=8584&scanf=17316&charge=3&value=R.RGPNYTSGYGTNSELSNPSETESER.K,FXR1,9.383e+6,3.436,0.001,3.053,0.000
17317,2,"  2.419","  0.562",13/22,/core/www/modules//sdig/index.php?run_id=110202&search_id=114132&scans_id=110198&peptide_id=8585&scanf=17317&charge=2&value=13/22,sp|Q92841|DDX17_HUMAN,/core/www/modules//consensus/?run_id=110202&search_id=114132&scans_id=110198&peptide_id=8585&scanf=17317&charge=2&value=sp|Q92841|DDX17_HUMAN,2,/core/www/modules/match_peptides/blast_html4.php?run_id=110202&search_id=114132&scans_id=110198&peptide_id=8585&scanf=17317&charge=2&value=2,R.DMVGIAQTGSGK.T,/core/www/modules/show_out/show_out_wrapper.php?run_id=110202&search_id=114132&scans_id=110198&peptide_id=8585&scanf=17317&charge=2&value=R.DMVGIAQTGSGK.T,DDX17,1.301e+8,3.432,0.001,3.047,0.000
17318,2,"  2.966","  0.576",13/24,/core/www/modules//sdig/index.php?run_id=110202&search_id=114132&scans_id=110198&peptide_id=8586&scanf=17318&charge=2&value=13/24,sp|Q9P2E9|RRBP1_HUMAN,/core/www/modules//consensus/?run_id=110202&search_id=114132&scans_id=110198&peptide_id=8586&scanf=17318&charge=2&value=sp|Q9P2E9|RRBP1_HUMAN,1,/core/www/modules/match_peptides/blast_html4.php?run_id=110202&search_id=114132&scans_id=110198&peptide_id=8586&scanf=17318&charge=2&value=1,K.LLATEQEDAAVAK.S,/core/www/modules/show_out/show_out_wrapper.php?run_id=110202&search_id=114132&scans_id=110198&peptide_id=8586&scanf=17318&charge=2&value=K.LLATEQEDAAVAK.S,RRBP1,8.373e+6,3.387,0.001,2.981,0.000
17319,2,"  1.312","  0.041",8/14,/core/www/modules//sdig/index.php?run_id=110202&search_id=114132&scans_id=110198&peptide_id=8587&scanf=17319&charge=2&value=8/14,sp|Q14204|DYHC1_HUMAN,/core/www/modules//consensus/?run_id=110202&search_id=114132&scans_id=110198&peptide_id=8587&scanf=17319&charge=2&value=sp|Q14204|DYHC1_HUMAN,27,/core/www/modules/match_peptides/blast_html4.php?run_id=110202&search_id=114132&scans_id=110198&peptide_id=8587&scanf=17319&charge=2&value=27,R.EGEEVMFK.T,/core/www/modules/show_out/show_out_wrapper.php?run_id=110202&search_id=114132&scans_id=110198&peptide_id=8587&scanf=17319&charge=2&value=R.EGEEVMFK.T,DYNC1H1,9.133e+6,1.978,0.114,0.944,0.005
17320,4,"  5.173","  0.568",15/120,/core/www/modules//sdig/index.php?run_id=110202&search_id=114132&scans_id=110198&peptide_id=8589&scanf=17320&charge=4&value=15/120,sp|Q13895|BYST_HUMAN,/core/www/modules//consensus/?run_id=110202&search_id=114132&scans_id=110198&peptide_id=8589&scanf=17320&charge=4&value=sp|Q13895|BYST_HUMAN,1,/core/www/modules/match_peptides/blast_html4.php?run_id=110202&search_id=114132&scans_id=110198&peptide_id=8589&scanf=17320&charge=4&value=1,K.AATMTAAGHHAEVVVDPEDER.A,/core/www/modules/show_out/show_out_wrapper.php?run_id=110202&search_id=114132&scans_id=110198&peptide_id=8589&scanf=17320&charge=4&value=K.AATMTAAGHHAEVVVDPEDER.A,BYSL,1.126e+7,3.437,0.001,3.056,0.000
17324,3," 10.488","  0.713",40/84,/core/www/modules//sdig/index.php?run_id=110202&search_id=114132&scans_id=110198&peptide_id=8593&scanf=17324&charge=3&value=40/84,sp|P13010|XRCC5_HUMAN,/core/www/modules//consensus/?run_id=110202&search_id=114132&scans_id=110198&peptide_id=8593&scanf=17324&charge=3&value=sp|P13010|XRCC5_HUMAN,0,/core/www/modules/match_peptides/blast_html4.php?run_id=110202&search_id=114132&scans_id=110198&peptide_id=8593&scanf=17324&charge=3&value=0,K.KKDQVTAQEIFQDNHEDGPTAK.K,/core/www/modules/show_out/show_out_wrapper.php?run_id=110202&search_id=114132&scans_id=110198&peptide_id=8593&scanf=17324&charge=3&value=K.KKDQVTAQEIFQDNHEDGPTAK.K,XRCC5,3.935e+6,3.825,0.000,3.629,0.000
17327,3,"  5.894","  0.646",27/60,/core/www/modules//sdig/index.php?run_id=110202&search_id=114132&scans_id=110198&peptide_id=8596&scanf=17327&charge=3&value=27/60,sp|Q14839|CHD4_HUMAN,/core/www/modules//consensus/?run_id=110202&search_id=114132&scans_id=110198&peptide_id=8596&scanf=17327&charge=3&value=sp|Q14839|CHD4_HUMAN,18,/core/www/modules/match_peptides/blast_html4.php?run_id=110202&search_id=114132&scans_id=110198&peptide_id=8596&scanf=17327&charge=3&value=18,R.KLERPPETPTVDPTVK.Y,/core/www/modules/show_out/show_out_wrapper.php?run_id=110202&search_id=114132&scans_id=110198&peptide_id=8596&scanf=17327&charge=3&value=R.KLERPPETPTVDPTVK.Y,CHD4,6.011e+7,3.809,0.000,3.607,0.000
17328,2,"  1.215","  0.318",8/12,/core/www/modules//sdig/index.php?run_id=110202&search_id=114132&scans_id=110198&peptide_id=8597&scanf=17328&charge=2&value=8/12,sp|Q14690|RRP5_HUMAN,/core/www/modules//consensus/?run_id=110202&search_id=114132&scans_id=110198&peptide_id=8597&scanf=17328&charge=2&value=sp|Q14690|RRP5_HUMAN,1,/core/www/modules/match_peptides/blast_html4.php?run_id=110202&search_id=114132&scans_id=110198&peptide_id=8597&scanf=17328&charge=2&value=1,K.SYGMLVK.V,/core/www/modules/show_out/show_out_wrapper.php?run_id=110202&search_id=114132&scans_id=110198&peptide_id=8597&scanf=17328&charge=2&value=K.SYGMLVK.V,PDCD11,1.306e+7,2.899,0.006,2.258,0.000
17330,2,"  1.600","  0.464",7/12,/core/www/modules//sdig/index.php?run_id=110202&search_id=114132&scans_id=110198&peptide_id=8599&scanf=17330&charge=2&value=7/12,sp|P78527|PRKDC_HUMAN,/core/www/modules//consensus/?run_id=110202&search_id=114132&scans_id=110198&peptide_id=8599&scanf=17330&charge=2&value=sp|P78527|PRKDC_HUMAN,0,/core/www/modules/match_peptides/blast_html4.php?run_id=110202&search_id=114132&scans_id=110198&peptide_id=8599&scanf=17330&charge=2&value=0,K.SYVAWDR.E,/core/www/modules/show_out/show_out_wrapper.php?run_id=110202&search_id=114132&scans_id=110198&peptide_id=8599&scanf=17330&charge=2&value=K.SYVAWDR.E,PRKDC,9.375e+7,3.973,0.000,3.850,0.000
17331,2,"  2.297","  0.442",10/18,/core/www/modules//sdig/index.php?run_id=110202&search_id=114132&scans_id=110198&peptide_id=8600&scanf=17331&charge=2&value=10/18,sp|Q7KZF4|SND1_HUMAN,/core/www/modules//consensus/?run_id=110202&search_id=114132&scans_id=110198&peptide_id=8600&scanf=17331&charge=2&value=sp|Q7KZF4|SND1_HUMAN,0,/core/www/modules/match_peptides/blast_html4.php?run_id=110202&search_id=114132&scans_id=110198&peptide_id=8600&scanf=17331&charge=2&value=0,K.SLLSAEEAAK.Q,/core/www/modules/show_out/show_out_wrapper.php?run_id=110202&search_id=114132&scans_id=110198&peptide_id=8600&scanf=17331&charge=2&value=K.SLLSAEEAAK.Q,SND1,1.048e+8,3.095,0.003,2.549,0.000
17336,3,"  2.057","  0.383",10/36,/core/www/modules//sdig/index.php?run_id=110202&search_id=114132&scans_id=110198&peptide_id=8605&scanf=17336&charge=3&value=10/36,sp|Q8IXT5|RB12B_HUMAN,/core/www/modules//consensus/?run_id=110202&search_id=114132&scans_id=110198&peptide_id=8605&scanf=17336&charge=3&value=sp|Q8IXT5|RB12B_HUMAN,1,/core/www/modules/match_peptides/blast_html4.php?run_id=110202&search_id=114132&scans_id=110198&peptide_id=8605&scanf=17336&charge=3&value=1,K.DYNTALSLHK.T,/core/www/modules/show_out/show_out_wrapper.php?run_id=110202&search_id=114132&scans_id=110198&peptide_id=8605&scanf=17336&charge=3&value=K.DYNTALSLHK.T,RBM12B,1.590e+7,2.965,0.004,2.357,0.000
17339,2,"  1.669","  0.014",8/12,/core/www/modules//sdig/index.php?run_id=110202&search_id=114132&scans_id=110198&peptide_id=8608&scanf=17339&charge=2&value=8/12,sp|P07237|PDIA1_HUMAN,/core/www/modules//consensus/?run_id=110202&search_id=114132&scans_id=110198&peptide_id=8608&scanf=17339&charge=2&value=sp|P07237|PDIA1_HUMAN,14,/core/www/modules/match_peptides/blast_html4.php?run_id=110202&search_id=114132&scans_id=110198&peptide_id=8608&scanf=17339&charge=2&value=14,K.IFGGEIK.T,/core/www/modules/show_out/show_out_wrapper.php?run_id=110202&search_id=114132&scans_id=110198&peptide_id=8608&scanf=17339&charge=2&value=K.IFGGEIK.T,P4HB,3.133e+7,1.853,0.165,0.783,0.009
17340,2,"  1.915","  0.153",8/14,/core/www/modules//sdig/index.php?run_id=110202&search_id=114132&scans_id=110198&peptide_id=8610&scanf=17340&charge=2&value=8/14,sp|Q92922|SMRC1_HUMAN,/core/www/modules//consensus/?run_id=110202&search_id=114132&scans_id=110198&peptide_id=8610&scanf=17340&charge=2&value=sp|Q92922|SMRC1_HUMAN,0,/core/www/modules/match_peptides/blast_html4.php?run_id=110202&search_id=114132&scans_id=110198&peptide_id=8610&scanf=17340&charge=2&value=0,R.FDLQNPSR.M,/core/www/modules/show_out/show_out_wrapper.php?run_id=110202&search_id=114132&scans_id=110198&peptide_id=8610&scanf=17340&charge=2&value=R.FDLQNPSR.M,SMARCC1,1.553e+7,2.145,0.068,1.169,0.002
17341,3,"  2.050","  0.435",12/32,/core/www/modules//sdig/index.php?run_id=110202&search_id=114132&scans_id=110198&peptide_id=8611&scanf=17341&charge=3&value=12/32,sp|O60264|SMCA5_HUMAN,/core/www/modules//consensus/?run_id=110202&search_id=114132&scans_id=110198&peptide_id=8611&scanf=17341&charge=3&value=sp|O60264|SMCA5_HUMAN,3,/core/www/modules/match_peptides/blast_html4.php?run_id=110202&search_id=114132&scans_id=110198&peptide_id=8611&scanf=17341&charge=3&value=3,R.YLVIDEAHR.I,/core/www/modules/show_out/show_out_wrapper.php?run_id=110202&search_id=114132&scans_id=110198&peptide_id=8611&scanf=17341&charge=3&value=R.YLVIDEAHR.I,SMARCA5,5.994e+7,3.395,0.001,2.993,0.000
17343,3,"  2.361","  0.281",10/40,/core/www/modules//sdig/index.php?run_id=110202&search_id=114132&scans_id=110198&peptide_id=8613&scanf=17343&charge=3&value=10/40,sp|Q9NX20|RM16_HUMAN,/core/www/modules//consensus/?run_id=110202&search_id=114132&scans_id=110198&peptide_id=8613&scanf=17343&charge=3&value=sp|Q9NX20|RM16_HUMAN,1,/core/www/modules/match_peptides/blast_html4.php?run_id=110202&search_id=114132&scans_id=110198&peptide_id=8613&scanf=17343&charge=3&value=1,K.GAIDHYVTPVK.A,/core/www/modules/show_out/show_out_wrapper.php?run_id=110202&search_id=114132&scans_id=110198&peptide_id=8613&scanf=17343&charge=3&value=K.GAIDHYVTPVK.A,MRPL16,8.991e+6,2.426,0.027,1.568,0.001
17347,2,"  2.070","  0.427",10/24,/core/www/modules//sdig/index.php?run_id=110202&search_id=114132&scans_id=110198&peptide_id=8617&scanf=17347&charge=2&value=10/24,sp|Q9P2E9|RRBP1_HUMAN,/core/www/modules//consensus/?run_id=110202&search_id=114132&scans_id=110198&peptide_id=8617&scanf=17347&charge=2&value=sp|Q9P2E9|RRBP1_HUMAN,1,/core/www/modules/match_peptides/blast_html4.php?run_id=110202&search_id=114132&scans_id=110198&peptide_id=8617&scanf=17347&charge=2&value=1,R.DALNQATSQVESK.Q,/core/www/modules/show_out/show_out_wrapper.php?run_id=110202&search_id=114132&scans_id=110198&peptide_id=8617&scanf=17347&charge=2&value=R.DALNQATSQVESK.Q,RRBP1,2.468e+7,2.498,0.021,1.671,0.001
17351,2,"  1.243","  0.413",6/12,/core/www/modules//sdig/index.php?run_id=110202&search_id=114132&scans_id=110198&peptide_id=8621&scanf=17351&charge=2&value=6/12,sp|P17844|DDX5_HUMAN,/core/www/modules//consensus/?run_id=110202&search_id=114132&scans_id=110198&peptide_id=8621&scanf=17351&charge=2&value=sp|P17844|DDX5_HUMAN,2,/core/www/modules/match_peptides/blast_html4.php?run_id=110202&search_id=114132&scans_id=110198&peptide_id=8621&scanf=17351&charge=2&value=2,R.GYSSLLK.R,/core/www/modules/show_out/show_out_wrapper.php?run_id=110202&search_id=114132&scans_id=110198&peptide_id=8621&scanf=17351&charge=2&value=R.GYSSLLK.R,DDX5,1.204e+8,2.930,0.005,2.305,0.000
17352,2,"  1.945","  0.328",9/12,/core/www/modules//sdig/index.php?run_id=110202&search_id=114132&scans_id=110198&peptide_id=8622&scanf=17352&charge=2&value=9/12,sp|O94906|PRP6_HUMAN,/core/www/modules//consensus/?run_id=110202&search_id=114132&scans_id=110198&peptide_id=8622&scanf=17352&charge=2&value=sp|O94906|PRP6_HUMAN,0,/core/www/modules/match_peptides/blast_html4.php?run_id=110202&search_id=114132&scans_id=110198&peptide_id=8622&scanf=17352&charge=2&value=0,R.NTLMDMR.L,/core/www/modules/show_out/show_out_wrapper.php?run_id=110202&search_id=114132&scans_id=110198&peptide_id=8622&scanf=17352&charge=2&value=R.NTLMDMR.L,PRPF6,2.772e+7,3.089,0.003,2.540,0.000
17353,3,"  2.593","  0.425",15/44,/core/www/modules//sdig/index.php?run_id=110202&search_id=114132&scans_id=110198&peptide_id=8623&scanf=17353&charge=3&value=15/44,sp|Q15149|PLEC_HUMAN,/core/www/modules//consensus/?run_id=110202&search_id=114132&scans_id=110198&peptide_id=8623&scanf=17353&charge=3&value=sp|Q15149|PLEC_HUMAN,5,/core/www/modules/match_peptides/blast_html4.php?run_id=110202&search_id=114132&scans_id=110198&peptide_id=8623&scanf=17353&charge=3&value=5,K.VPPGYHPLDVEK.E,/core/www/modules/show_out/show_out_wrapper.php?run_id=110202&search_id=114132&scans_id=110198&peptide_id=8623&scanf=17353&charge=3&value=K.VPPGYHPLDVEK.E,PLEC,2.940e+7,3.565,0.001,3.245,0.000
17357,3,"  1.853","  0.333",12/40,/core/www/modules//sdig/index.php?run_id=110202&search_id=114132&scans_id=110198&peptide_id=8627&scanf=17357&charge=3&value=12/40,sp|Q15233|NONO_HUMAN,/core/www/modules//consensus/?run_id=110202&search_id=114132&scans_id=110198&peptide_id=8627&scanf=17357&charge=3&value=sp|Q15233|NONO_HUMAN,9,/core/www/modules/match_peptides/blast_html4.php?run_id=110202&search_id=114132&scans_id=110198&peptide_id=8627&scanf=17357&charge=3&value=9,R.EKLEMEMEAAR.H,/core/www/modules/show_out/show_out_wrapper.php?run_id=110202&search_id=114132&scans_id=110198&peptide_id=8627&scanf=17357&charge=3&value=R.EKLEMEMEAAR.H,NONO,2.559e+7,2.394,0.030,1.522,0.001
17358,2,"  2.032","  0.439",9/14,/core/www/modules//sdig/index.php?run_id=110202&search_id=114132&scans_id=110198&peptide_id=8628&scanf=17358&charge=2&value=9/14,sp|O00567|NOP56_HUMAN,/core/www/modules//consensus/?run_id=110202&search_id=114132&scans_id=110198&peptide_id=8628&scanf=17358&charge=2&value=sp|O00567|NOP56_HUMAN,3,/core/www/modules/match_peptides/blast_html4.php?run_id=110202&search_id=114132&scans_id=110198&peptide_id=8628&scanf=17358&charge=2&value=3,R.VVSLSEYR.Q,/core/www/modules/show_out/show_out_wrapper.php?run_id=110202&search_id=114132&scans_id=110198&peptide_id=8628&scanf=17358&charge=2&value=R.VVSLSEYR.Q,NOP56,1.100e+8,3.234,0.002,2.754,0.000
17359,2,"  1.794","  0.423",7/16,/core/www/modules//sdig/index.php?run_id=110202&search_id=114132&scans_id=110198&peptide_id=8629&scanf=17359&charge=2&value=7/16,sp|Q14683|SMC1A_HUMAN,/core/www/modules//consensus/?run_id=110202&search_id=114132&scans_id=110198&peptide_id=8629&scanf=17359&charge=2&value=sp|Q14683|SMC1A_HUMAN,2,/core/www/modules/match_peptides/blast_html4.php?run_id=110202&search_id=114132&scans_id=110198&peptide_id=8629&scanf=17359&charge=2&value=2,R.LYPGSVYGR.L,/core/www/modules/show_out/show_out_wrapper.php?run_id=110202&search_id=114132&scans_id=110198&peptide_id=8629&scanf=17359&charge=2&value=R.LYPGSVYGR.L,SMC1A,1.089e+7,2.826,0.007,2.151,0.000
17362,3,"  3.404","  0.314",10/40,/core/www/modules//sdig/index.php?run_id=110202&search_id=114132&scans_id=110198&peptide_id=8633&scanf=17362&charge=3&value=10/40,sp|Q9BY44|EIF2A_HUMAN,/core/www/modules//consensus/?run_id=110202&search_id=114132&scans_id=110198&peptide_id=8633&scanf=17362&charge=3&value=sp|Q9BY44|EIF2A_HUMAN,2,/core/www/modules/match_peptides/blast_html4.php?run_id=110202&search_id=114132&scans_id=110198&peptide_id=8633&scanf=17362&charge=3&value=2,K.VATAYRPPALR.N,/core/www/modules/show_out/show_out_wrapper.php?run_id=110202&search_id=114132&scans_id=110198&peptide_id=8633&scanf=17362&charge=3&value=K.VATAYRPPALR.N,EIF2A,1.047e+7,2.591,0.016,1.807,0.000
17366,3,"  3.623","  0.515",18/40,/core/www/modules//sdig/index.php?run_id=110202&search_id=114132&scans_id=110198&peptide_id=8637&scanf=17366&charge=3&value=18/40,sp|P60866|RS20_HUMAN,/core/www/modules//consensus/?run_id=110202&search_id=114132&scans_id=110198&peptide_id=8637&scanf=17366&charge=3&value=sp|P60866|RS20_HUMAN,3,/core/www/modules/match_peptides/blast_html4.php?run_id=110202&search_id=114132&scans_id=110198&peptide_id=8637&scanf=17366&charge=3&value=3,K.TPVEPEVAIHR.I,/core/www/modules/show_out/show_out_wrapper.php?run_id=110202&search_id=114132&scans_id=110198&peptide_id=8637&scanf=17366&charge=3&value=K.TPVEPEVAIHR.I,RPS20,1.501e+8,3.533,0.001,3.197,0.000
17368,2,"  3.829","  0.567",17/26,/core/www/modules//sdig/index.php?run_id=110202&search_id=114132&scans_id=110198&peptide_id=8639&scanf=17368&charge=2&value=17/26,sp|Q8N163|CCAR2_HUMAN,/core/www/modules//consensus/?run_id=110202&search_id=114132&scans_id=110198&peptide_id=8639&scanf=17368&charge=2&value=sp|Q8N163|CCAR2_HUMAN,1,/core/www/modules/match_peptides/blast_html4.php?run_id=110202&search_id=114132&scans_id=110198&peptide_id=8639&scanf=17368&charge=2&value=1,K.ADSWVEKEEPAPSN.-,/core/www/modules/show_out/show_out_wrapper.php?run_id=110202&search_id=114132&scans_id=110198&peptide_id=8639&scanf=17368&charge=2&value=K.ADSWVEKEEPAPSN.-,CCAR2,8.417e+6,3.306,0.001,2.861,0.000
17378,3,"  1.713","  0.000",8/48,/core/www/modules//sdig/index.php?run_id=110202&search_id=114132&scans_id=110198&peptide_id=8649&scanf=17378&charge=3&value=8/48,sp|O43707|ACTN4_HUMAN,/core/www/modules//consensus/?run_id=110202&search_id=114132&scans_id=110198&peptide_id=8649&scanf=17378&charge=3&value=sp|O43707|ACTN4_HUMAN,2,/core/www/modules/match_peptides/blast_html4.php?run_id=110202&search_id=114132&scans_id=110198&peptide_id=8649&scanf=17378&charge=3&value=2,R.LSNRPAFM*PSEGK.M,/core/www/modules/show_out/show_out_wrapper.php?run_id=110202&search_id=114132&scans_id=110198&peptide_id=8649&scanf=17378&charge=3&value=R.LSNRPAFM*PSEGK.M,ACTN4,1.276e+7,2.253,0.048,1.320,0.002
17379,3,"  2.239","  0.259",7/60,/core/www/modules//sdig/index.php?run_id=110202&search_id=114132&scans_id=110198&peptide_id=8650&scanf=17379&charge=3&value=7/60,sp|Q8WXI9|P66B_HUMAN,/core/www/modules//consensus/?run_id=110202&search_id=114132&scans_id=110198&peptide_id=8650&scanf=17379&charge=3&value=sp|Q8WXI9|P66B_HUMAN,1,/core/www/modules/match_peptides/blast_html4.php?run_id=110202&search_id=114132&scans_id=110198&peptide_id=8650&scanf=17379&charge=3&value=1,K.LPSRPGAQGVEPQNLR.T,/core/www/modules/show_out/show_out_wrapper.php?run_id=110202&search_id=114132&scans_id=110198&peptide_id=8650&scanf=17379&charge=3&value=K.LPSRPGAQGVEPQNLR.T,GATAD2B,1.112e+7,1.974,0.115,0.938,0.005
17380,2,"  2.635","  0.602",13/18,/core/www/modules//sdig/index.php?run_id=110202&search_id=114132&scans_id=110198&peptide_id=8652&scanf=17380&charge=2&value=13/18,sp|P08670|VIME_HUMAN,/core/www/modules//consensus/?run_id=110202&search_id=114132&scans_id=110198&peptide_id=8652&scanf=17380&charge=2&value=sp|P08670|VIME_HUMAN,1,/core/www/modules/match_peptides/blast_html4.php?run_id=110202&search_id=114132&scans_id=110198&peptide_id=8652&scanf=17380&charge=2&value=1,R.LGDLYEEEM*R.E,/core/www/modules/show_out/show_out_wrapper.php?run_id=110202&search_id=114132&scans_id=110198&peptide_id=8652&scanf=17380&charge=2&value=R.LGDLYEEEM*R.E,VIM,8.610e+7,4.265,0.000,4.283,0.000
17389,2,"  3.296","  0.514",14/22,/core/www/modules//sdig/index.php?run_id=110202&search_id=114132&scans_id=110198&peptide_id=8661&scanf=17389&charge=2&value=14/22,sp|P78527|PRKDC_HUMAN,/core/www/modules//consensus/?run_id=110202&search_id=114132&scans_id=110198&peptide_id=8661&scanf=17389&charge=2&value=sp|P78527|PRKDC_HUMAN,1,/core/www/modules/match_peptides/blast_html4.php?run_id=110202&search_id=114132&scans_id=110198&peptide_id=8661&scanf=17389&charge=2&value=1,K.RLGLPGDEVDNK.V,/core/www/modules/show_out/show_out_wrapper.php?run_id=110202&search_id=114132&scans_id=110198&peptide_id=8661&scanf=17389&charge=2&value=K.RLGLPGDEVDNK.V,PRKDC,9.933e+6,3.843,0.000,3.656,0.000
17390,2,"  3.132","  0.567",13/22,/core/www/modules//sdig/index.php?run_id=110202&search_id=114132&scans_id=110198&peptide_id=8663&scanf=17390&charge=2&value=13/22,sp|Q9Y230|RUVB2_HUMAN,/core/www/modules//consensus/?run_id=110202&search_id=114132&scans_id=110198&peptide_id=8663&scanf=17390&charge=2&value=sp|Q9Y230|RUVB2_HUMAN,3,/core/www/modules/match_peptides/blast_html4.php?run_id=110202&search_id=114132&scans_id=110198&peptide_id=8663&scanf=17390&charge=2&value=3,R.AVLIAGQPGTGK.T,/core/www/modules/show_out/show_out_wrapper.php?run_id=110202&search_id=114132&scans_id=110198&peptide_id=8663&scanf=17390&charge=2&value=R.AVLIAGQPGTGK.T,RUVBL2,3.622e+7,3.464,0.001,3.096,0.000
17394,3,"  2.084","  0.429",13/40,/core/www/modules//sdig/index.php?run_id=110202&search_id=114132&scans_id=110198&peptide_id=8666&scanf=17394&charge=3&value=13/40,sp|A6NHR9|SMHD1_HUMAN,/core/www/modules//consensus/?run_id=110202&search_id=114132&scans_id=110198&peptide_id=8666&scanf=17394&charge=3&value=sp|A6NHR9|SMHD1_HUMAN,2,/core/www/modules/match_peptides/blast_html4.php?run_id=110202&search_id=114132&scans_id=110198&peptide_id=8666&scanf=17394&charge=3&value=2,K.GVITRPDLPSK.K,/core/www/modules/show_out/show_out_wrapper.php?run_id=110202&search_id=114132&scans_id=110198&peptide_id=8666&scanf=17394&charge=3&value=K.GVITRPDLPSK.K,SMCHD1,5.929e+7,3.219,0.002,2.731,0.000
17396,2,"  2.554","  0.513",10/18,/core/www/modules//sdig/index.php?run_id=110202&search_id=114132&scans_id=110198&peptide_id=8668&scanf=17396&charge=2&value=10/18,sp|O60264|SMCA5_HUMAN,/core/www/modules//consensus/?run_id=110202&search_id=114132&scans_id=110198&peptide_id=8668&scanf=17396&charge=2&value=sp|O60264|SMCA5_HUMAN,0,/core/www/modules/match_peptides/blast_html4.php?run_id=110202&search_id=114132&scans_id=110198&peptide_id=8668&scanf=17396&charge=2&value=0,R.FITDNTVEER.I,/core/www/modules/show_out/show_out_wrapper.php?run_id=110202&search_id=114132&scans_id=110198&peptide_id=8668&scanf=17396&charge=2&value=R.FITDNTVEER.I,SMARCA5,8.993e+7,3.427,0.001,3.040,0.000
17398,3,"  1.717","  0.352",11/36,/core/www/modules//sdig/index.php?run_id=110202&search_id=114132&scans_id=110198&peptide_id=8670&scanf=17398&charge=3&value=11/36,sp|P14868|SYDC_HUMAN,/core/www/modules//consensus/?run_id=110202&search_id=114132&scans_id=110198&peptide_id=8670&scanf=17398&charge=3&value=sp|P14868|SYDC_HUMAN,1,/core/www/modules/match_peptides/blast_html4.php?run_id=110202&search_id=114132&scans_id=110198&peptide_id=8670&scanf=17398&charge=3&value=1,R.IHDPQLLTER.A,/core/www/modules/show_out/show_out_wrapper.php?run_id=110202&search_id=114132&scans_id=110198&peptide_id=8670&scanf=17398&charge=3&value=R.IHDPQLLTER.A,DARS1,1.909e+7,2.799,0.008,2.111,0.000
17400,2,"  3.891","  0.469",15/22,/core/www/modules//sdig/index.php?run_id=110202&search_id=114132&scans_id=110198&peptide_id=8673&scanf=17400&charge=2&value=15/22,sp|Q7L014|DDX46_HUMAN,/core/www/modules//consensus/?run_id=110202&search_id=114132&scans_id=110198&peptide_id=8673&scanf=17400&charge=2&value=sp|Q7L014|DDX46_HUMAN,1,/core/www/modules/match_peptides/blast_html4.php?run_id=110202&search_id=114132&scans_id=110198&peptide_id=8673&scanf=17400&charge=2&value=1,K.FDETEQALANER.K,/core/www/modules/show_out/show_out_wrapper.php?run_id=110202&search_id=114132&scans_id=110198&peptide_id=8673&scanf=17400&charge=2&value=K.FDETEQALANER.K,DDX46,9.943e+6,3.382,0.001,2.973,0.000
17405,2,"  3.250","  0.504",12/20,/core/www/modules//sdig/index.php?run_id=110202&search_id=114132&scans_id=110198&peptide_id=8678&scanf=17405&charge=2&value=12/20,sp|Q09028|RBBP4_HUMAN,/core/www/modules//consensus/?run_id=110202&search_id=114132&scans_id=110198&peptide_id=8678&scanf=17405&charge=2&value=sp|Q09028|RBBP4_HUMAN,3,/core/www/modules/match_peptides/blast_html4.php?run_id=110202&search_id=114132&scans_id=110198&peptide_id=8678&scanf=17405&charge=2&value=3,K.EAAFDDAVEER.V,/core/www/modules/show_out/show_out_wrapper.php?run_id=110202&search_id=114132&scans_id=110198&peptide_id=8678&scanf=17405&charge=2&value=K.EAAFDDAVEER.V,RBBP4,9.216e+6,3.248,0.002,2.775,0.000
17407,3,"  3.536","  0.381",14/48,/core/www/modules//sdig/index.php?run_id=110202&search_id=114132&scans_id=110198&peptide_id=8680&scanf=17407&charge=3&value=14/48,sp|P17844|DDX5_HUMAN,/core/www/modules//consensus/?run_id=110202&search_id=114132&scans_id=110198&peptide_id=8680&scanf=17407&charge=3&value=sp|P17844|DDX5_HUMAN,5,/core/www/modules/match_peptides/blast_html4.php?run_id=110202&search_id=114132&scans_id=110198&peptide_id=8680&scanf=17407&charge=3&value=5,R.RDGWPAMGIHGDK.S,/core/www/modules/show_out/show_out_wrapper.php?run_id=110202&search_id=114132&scans_id=110198&peptide_id=8680&scanf=17407&charge=3&value=R.RDGWPAMGIHGDK.S,DDX5,7.665e+6,2.631,0.014,1.865,0.000
17411,2,"  1.497","  0.215",12/22,/core/www/modules//sdig/index.php?run_id=110202&search_id=114132&scans_id=110198&peptide_id=8685&scanf=17411&charge=2&value=12/22,sp|Q14690|RRP5_HUMAN,/core/www/modules//consensus/?run_id=110202&search_id=114132&scans_id=110198&peptide_id=8685&scanf=17411&charge=2&value=sp|Q14690|RRP5_HUMAN,1,/core/www/modules/match_peptides/blast_html4.php?run_id=110202&search_id=114132&scans_id=110198&peptide_id=8685&scanf=17411&charge=2&value=1,K.LNEQVTQEQPLK.D,/core/www/modules/show_out/show_out_wrapper.php?run_id=110202&search_id=114132&scans_id=110198&peptide_id=8685&scanf=17411&charge=2&value=K.LNEQVTQEQPLK.D,PDCD11,8.026e+6,2.150,0.067,1.176,0.002
17414,3,"  2.266","  0.437",14/40,/core/www/modules//sdig/index.php?run_id=110202&search_id=114132&scans_id=110198&peptide_id=8687&scanf=17414&charge=3&value=14/40,sp|P15880|RS2_HUMAN,/core/www/modules//consensus/?run_id=110202&search_id=114132&scans_id=110198&peptide_id=8687&scanf=17414&charge=3&value=sp|P15880|RS2_HUMAN,3,/core/www/modules/match_peptides/blast_html4.php?run_id=110202&search_id=114132&scans_id=110198&peptide_id=8687&scanf=17414&charge=3&value=3,K.AEDKEWMPVTK.L,/core/www/modules/show_out/show_out_wrapper.php?run_id=110202&search_id=114132&scans_id=110198&peptide_id=8687&scanf=17414&charge=3&value=K.AEDKEWMPVTK.L,RPS2,1.776e+8,2.809,0.007,2.126,0.000
17415,2,"  2.538","  0.428",10/16,/core/www/modules//sdig/index.php?run_id=110202&search_id=114132&scans_id=110198&peptide_id=8688&scanf=17415&charge=2&value=10/16,sp|Q08211|DHX9_HUMAN,/core/www/modules//consensus/?run_id=110202&search_id=114132&scans_id=110198&peptide_id=8688&scanf=17415&charge=2&value=sp|Q08211|DHX9_HUMAN,0,/core/www/modules/match_peptides/blast_html4.php?run_id=110202&search_id=114132&scans_id=110198&peptide_id=8688&scanf=17415&charge=2&value=0,R.LSMSQLNEK.E,/core/www/modules/show_out/show_out_wrapper.php?run_id=110202&search_id=114132&scans_id=110198&peptide_id=8688&scanf=17415&charge=2&value=R.LSMSQLNEK.E,DHX9,1.797e+8,3.397,0.001,2.996,0.000
17417,3,"  1.969","  0.236",10/40,/core/www/modules//sdig/index.php?run_id=110202&search_id=114132&scans_id=110198&peptide_id=8690&scanf=17417&charge=3&value=10/40,sp|Q96SI9|STRBP_HUMAN,/core/www/modules//consensus/?run_id=110202&search_id=114132&scans_id=110198&peptide_id=8690&scanf=17417&charge=3&value=sp|Q96SI9|STRBP_HUMAN,0,/core/www/modules/match_peptides/blast_html4.php?run_id=110202&search_id=114132&scans_id=110198&peptide_id=8690&scanf=17417&charge=3&value=0,R.LNQIRPGLQYK.L,/core/www/modules/show_out/show_out_wrapper.php?run_id=110202&search_id=114132&scans_id=110198&peptide_id=8690&scanf=17417&charge=3&value=R.LNQIRPGLQYK.L,STRBP,2.473e+7,2.270,0.045,1.344,0.002
17419,2,"  5.862","  0.742",22/36,/core/www/modules//sdig/index.php?run_id=110202&search_id=114132&scans_id=110198&peptide_id=8692&scanf=17419&charge=2&value=22/36,sp|P67809|YBOX1_HUMAN,/core/www/modules//consensus/?run_id=110202&search_id=114132&scans_id=110198&peptide_id=8692&scanf=17419&charge=2&value=sp|P67809|YBOX1_HUMAN,1,/core/www/modules/match_peptides/blast_html4.php?run_id=110202&search_id=114132&scans_id=110198&peptide_id=8692&scanf=17419&charge=2&value=1,K.GAEAANVTGPGGVPVQGSK.Y,/core/www/modules/show_out/show_out_wrapper.php?run_id=110202&search_id=114132&scans_id=110198&peptide_id=8692&scanf=17419&charge=2&value=K.GAEAANVTGPGGVPVQGSK.Y,YBX1,3.680e+7,3.915,0.000,3.764,0.000
17421,3,"  2.613","  0.168",9/40,/core/www/modules//sdig/index.php?run_id=110202&search_id=114132&scans_id=110198&peptide_id=8695&scanf=17421&charge=3&value=9/40,sp|P02545|LMNA_HUMAN,/core/www/modules//consensus/?run_id=110202&search_id=114132&scans_id=110198&peptide_id=8695&scanf=17421&charge=3&value=sp|P02545|LMNA_HUMAN,7,/core/www/modules/match_peptides/blast_html4.php?run_id=110202&search_id=114132&scans_id=110198&peptide_id=8695&scanf=17421&charge=3&value=7,K.RTLEGELHDLR.G,/core/www/modules/show_out/show_out_wrapper.php?run_id=110202&search_id=114132&scans_id=110198&peptide_id=8695&scanf=17421&charge=3&value=K.RTLEGELHDLR.G,LMNA,2.841e+8,1.858,0.163,0.789,0.009
17423,3,"  3.684","  0.476",13/44,/core/www/modules//sdig/index.php?run_id=110202&search_id=114132&scans_id=110198&peptide_id=8697&scanf=17423&charge=3&value=13/44,sp|Q7KZ85|SPT6H_HUMAN,/core/www/modules//consensus/?run_id=110202&search_id=114132&scans_id=110198&peptide_id=8697&scanf=17423&charge=3&value=sp|Q7KZ85|SPT6H_HUMAN,0,/core/www/modules/match_peptides/blast_html4.php?run_id=110202&search_id=114132&scans_id=110198&peptide_id=8697&scanf=17423&charge=3&value=0,K.VSDGIYQHVDVR.E,/core/www/modules/show_out/show_out_wrapper.php?run_id=110202&search_id=114132&scans_id=110198&peptide_id=8697&scanf=17423&charge=3&value=K.VSDGIYQHVDVR.E,SUPT6H,1.509e+7,3.149,0.002,2.628,0.000
17424,3,"  3.034","  0.223",11/48,/core/www/modules//sdig/index.php?run_id=110202&search_id=114132&scans_id=110198&peptide_id=8698&scanf=17424&charge=3&value=11/48,sp|P15559|NQO1_HUMAN,/core/www/modules//consensus/?run_id=110202&search_id=114132&scans_id=110198&peptide_id=8698&scanf=17424&charge=3&value=sp|P15559|NQO1_HUMAN,3,/core/www/modules/match_peptides/blast_html4.php?run_id=110202&search_id=114132&scans_id=110198&peptide_id=8698&scanf=17424&charge=3&value=3,K.EGHLSPDIVAEQK.K,/core/www/modules/show_out/show_out_wrapper.php?run_id=110202&search_id=114132&scans_id=110198&peptide_id=8698&scanf=17424&charge=3&value=K.EGHLSPDIVAEQK.K,NQO1,1.281e+7,2.086,0.082,1.088,0.003
17425,3,"  3.349","  0.453",14/36,/core/www/modules//sdig/index.php?run_id=110202&search_id=114132&scans_id=110198&peptide_id=8699&scanf=17425&charge=3&value=14/36,sp|Q9Y262|EIF3L_HUMAN,/core/www/modules//consensus/?run_id=110202&search_id=114132&scans_id=110198&peptide_id=8699&scanf=17425&charge=3&value=sp|Q9Y262|EIF3L_HUMAN,2,/core/www/modules/match_peptides/blast_html4.php?run_id=110202&search_id=114132&scans_id=110198&peptide_id=8699&scanf=17425&charge=3&value=2,K.VLENIELNKK.S,/core/www/modules/show_out/show_out_wrapper.php?run_id=110202&search_id=114132&scans_id=110198&peptide_id=8699&scanf=17425&charge=3&value=K.VLENIELNKK.S,EIF3L,1.977e+7,3.033,0.003,2.456,0.000
17426,2,"  1.860","  0.144",8/14,/core/www/modules//sdig/index.php?run_id=110202&search_id=114132&scans_id=110198&peptide_id=8700&scanf=17426&charge=2&value=8/14,sp|Q96PK6|RBM14_HUMAN,/core/www/modules//consensus/?run_id=110202&search_id=114132&scans_id=110198&peptide_id=8700&scanf=17426&charge=2&value=sp|Q96PK6|RBM14_HUMAN,0,/core/www/modules/match_peptides/blast_html4.php?run_id=110202&search_id=114132&scans_id=110198&peptide_id=8700&scanf=17426&charge=2&value=0,R.LAELSDYR.R,/core/www/modules/show_out/show_out_wrapper.php?run_id=110202&search_id=114132&scans_id=110198&peptide_id=8700&scanf=17426&charge=2&value=R.LAELSDYR.R,RBM14,1.215e+7,2.072,0.085,1.068,0.003
17427,3,"  2.803","  0.478",15/36,/core/www/modules//sdig/index.php?run_id=110202&search_id=114132&scans_id=110198&peptide_id=8701&scanf=17427&charge=3&value=15/36,sp|O15372|EIF3H_HUMAN,/core/www/modules//consensus/?run_id=110202&search_id=114132&scans_id=110198&peptide_id=8701&scanf=17427&charge=3&value=sp|O15372|EIF3H_HUMAN,1,/core/www/modules/match_peptides/blast_html4.php?run_id=110202&search_id=114132&scans_id=110198&peptide_id=8701&scanf=17427&charge=3&value=1,K.LFKPPQPPAR.M,/core/www/modules/show_out/show_out_wrapper.php?run_id=110202&search_id=114132&scans_id=110198&peptide_id=8701&scanf=17427&charge=3&value=K.LFKPPQPPAR.M,EIF3H,2.744e+7,3.399,0.001,2.998,0.000
17431,4,"  2.139","  0.131",12/84,/core/www/modules//sdig/index.php?run_id=110202&search_id=114132&scans_id=110198&peptide_id=8706&scanf=17431&charge=4&value=12/84,sp|Q96PU4|UHRF2_HUMAN,/core/www/modules//consensus/?run_id=110202&search_id=114132&scans_id=110198&peptide_id=8706&scanf=17431&charge=4&value=sp|Q96PU4|UHRF2_HUMAN,1,/core/www/modules/match_peptides/blast_html4.php?run_id=110202&search_id=114132&scans_id=110198&peptide_id=8706&scanf=17431&charge=4&value=1,K.IERPGAHPLSFADGK.F,/core/www/modules/show_out/show_out_wrapper.php?run_id=110202&search_id=114132&scans_id=110198&peptide_id=8706&scanf=17431&charge=4&value=K.IERPGAHPLSFADGK.F,UHRF2,6.714e+6,2.056,0.090,1.047,0.004
17435,2,"  1.563","  0.392",10/16,/core/www/modules//sdig/index.php?run_id=110202&search_id=114132&scans_id=110198&peptide_id=8709&scanf=17435&charge=2&value=10/16,sp|Q16643|DREB_HUMAN,/core/www/modules//consensus/?run_id=110202&search_id=114132&scans_id=110198&peptide_id=8709&scanf=17435&charge=2&value=sp|Q16643|DREB_HUMAN,1,/core/www/modules/match_peptides/blast_html4.php?run_id=110202&search_id=114132&scans_id=110198&peptide_id=8709&scanf=17435&charge=2&value=1,R.MAPTPIPTR.S,/core/www/modules/show_out/show_out_wrapper.php?run_id=110202&search_id=114132&scans_id=110198&peptide_id=8709&scanf=17435&charge=2&value=R.MAPTPIPTR.S,DBN1,4.758e+8,3.032,0.004,2.455,0.000
17436,3,"  5.825","  0.728",25/96,/core/www/modules//sdig/index.php?run_id=110202&search_id=114132&scans_id=110198&peptide_id=8710&scanf=17436&charge=3&value=25/96,sp|P22626|ROA2_HUMAN,/core/www/modules//consensus/?run_id=110202&search_id=114132&scans_id=110198&peptide_id=8710&scanf=17436&charge=3&value=sp|P22626|ROA2_HUMAN,5,/core/www/modules/match_peptides/blast_html4.php?run_id=110202&search_id=114132&scans_id=110198&peptide_id=8710&scanf=17436&charge=3&value=5,R.NMGGPYGGGNYGPGGSGGSGGYGGR.S,/core/www/modules/show_out/show_out_wrapper.php?run_id=110202&search_id=114132&scans_id=110198&peptide_id=8710&scanf=17436&charge=3&value=R.NMGGPYGGGNYGPGGSGGSGGYGGR.S,HNRNPA2B1,4.068e+7,3.741,0.000,3.505,0.000
17438,2,"  1.283","  0.225",8/12,/core/www/modules//sdig/index.php?run_id=110202&search_id=114132&scans_id=110198&peptide_id=8712&scanf=17438&charge=2&value=8/12,sp|Q9UMS4|PRP19_HUMAN,/core/www/modules//consensus/?run_id=110202&search_id=114132&scans_id=110198&peptide_id=8712&scanf=17438&charge=2&value=sp|Q9UMS4|PRP19_HUMAN,0,/core/www/modules/match_peptides/blast_html4.php?run_id=110202&search_id=114132&scans_id=110198&peptide_id=8712&scanf=17438&charge=2&value=0,K.NVVVFDK.S,/core/www/modules/show_out/show_out_wrapper.php?run_id=110202&search_id=114132&scans_id=110198&peptide_id=8712&scanf=17438&charge=2&value=K.NVVVFDK.S,PRPF19,6.279e+7,2.447,0.025,1.597,0.001
17446,2,"  2.679","  0.403",11/20,/core/www/modules//sdig/index.php?run_id=110202&search_id=114132&scans_id=110198&peptide_id=8721&scanf=17446&charge=2&value=11/20,sp|Q8TDD1|DDX54_HUMAN,/core/www/modules//consensus/?run_id=110202&search_id=114132&scans_id=110198&peptide_id=8721&scanf=17446&charge=2&value=sp|Q8TDD1|DDX54_HUMAN,0,/core/www/modules/match_peptides/blast_html4.php?run_id=110202&search_id=114132&scans_id=110198&peptide_id=8721&scanf=17446&charge=2&value=0,R.VQELQQGAFGR.G,/core/www/modules/show_out/show_out_wrapper.php?run_id=110202&search_id=114132&scans_id=110198&peptide_id=8721&scanf=17446&charge=2&value=R.VQELQQGAFGR.G,DDX54,8.979e+6,2.852,0.006,2.190,0.000
17448,2,"  1.937","  0.419",9/16,/core/www/modules//sdig/index.php?run_id=110202&search_id=114132&scans_id=110198&peptide_id=8723&scanf=17448&charge=2&value=9/16,sp|Q12874|SF3A3_HUMAN,/core/www/modules//consensus/?run_id=110202&search_id=114132&scans_id=110198&peptide_id=8723&scanf=17448&charge=2&value=sp|Q12874|SF3A3_HUMAN,0,/core/www/modules/match_peptides/blast_html4.php?run_id=110202&search_id=114132&scans_id=110198&peptide_id=8723&scanf=17448&charge=2&value=0,R.YMEVSGNLR.D,/core/www/modules/show_out/show_out_wrapper.php?run_id=110202&search_id=114132&scans_id=110198&peptide_id=8723&scanf=17448&charge=2&value=R.YMEVSGNLR.D,SF3A3,9.034e+6,2.952,0.005,2.338,0.000
17449,2,"  3.614","  0.657",17/22,/core/www/modules//sdig/index.php?run_id=110202&search_id=114132&scans_id=110198&peptide_id=8724&scanf=17449&charge=2&value=17/22,sp|P62249|RS16_HUMAN,/core/www/modules//consensus/?run_id=110202&search_id=114132&scans_id=110198&peptide_id=8724&scanf=17449&charge=2&value=sp|P62249|RS16_HUMAN,4,/core/www/modules/match_peptides/blast_html4.php?run_id=110202&search_id=114132&scans_id=110198&peptide_id=8724&scanf=17449&charge=2&value=4,K.GGGHVAQIYAIR.Q,/core/www/modules/show_out/show_out_wrapper.php?run_id=110202&search_id=114132&scans_id=110198&peptide_id=8724&scanf=17449&charge=2&value=K.GGGHVAQIYAIR.Q,RPS16,5.005e+7,4.022,0.000,3.922,0.000
17450,3,"  3.572","  0.472",10/44,/core/www/modules//sdig/index.php?run_id=110202&search_id=114132&scans_id=110198&peptide_id=8726&scanf=17450&charge=3&value=10/44,sp|Q7Z2W4|ZCCHV_HUMAN,/core/www/modules//consensus/?run_id=110202&search_id=114132&scans_id=110198&peptide_id=8726&scanf=17450&charge=3&value=sp|Q7Z2W4|ZCCHV_HUMAN,1,/core/www/modules/match_peptides/blast_html4.php?run_id=110202&search_id=114132&scans_id=110198&peptide_id=8726&scanf=17450&charge=3&value=1,K.YSHEVLSEENFK.V,/core/www/modules/show_out/show_out_wrapper.php?run_id=110202&search_id=114132&scans_id=110198&peptide_id=8726&scanf=17450&charge=3&value=K.YSHEVLSEENFK.V,ZC3HAV1,1.115e+7,3.014,0.004,2.429,0.000
17457,2,"  1.982","  0.334",8/14,/core/www/modules//sdig/index.php?run_id=110202&search_id=114132&scans_id=110198&peptide_id=8732&scanf=17457&charge=2&value=8/14,sp|O00571|DDX3X_HUMAN,/core/www/modules//consensus/?run_id=110202&search_id=114132&scans_id=110198&peptide_id=8732&scanf=17457&charge=2&value=sp|O00571|DDX3X_HUMAN,16,/core/www/modules/match_peptides/blast_html4.php?run_id=110202&search_id=114132&scans_id=110198&peptide_id=8732&scanf=17457&charge=2&value=16,R.GLDISNVK.H,/core/www/modules/show_out/show_out_wrapper.php?run_id=110202&search_id=114132&scans_id=110198&peptide_id=8732&scanf=17457&charge=2&value=R.GLDISNVK.H,DDX3X,6.231e+7,2.731,0.010,2.012,0.000
17458,4,"  3.308","  0.425",8/90,/core/www/modules//sdig/index.php?run_id=110202&search_id=114132&scans_id=110198&peptide_id=8733&scanf=17458&charge=4&value=8/90,sp|O00425|IF2B3_HUMAN,/core/www/modules//consensus/?run_id=110202&search_id=114132&scans_id=110198&peptide_id=8733&scanf=17458&charge=4&value=sp|O00425|IF2B3_HUMAN,1,/core/www/modules/match_peptides/blast_html4.php?run_id=110202&search_id=114132&scans_id=110198&peptide_id=8733&scanf=17458&charge=4&value=1,K.IELHGKPIEVEHSVPK.R,/core/www/modules/show_out/show_out_wrapper.php?run_id=110202&search_id=114132&scans_id=110198&peptide_id=8733&scanf=17458&charge=4&value=K.IELHGKPIEVEHSVPK.R,IGF2BP3,6.648e+7,3.082,0.003,2.529,0.000
17459,3,"  2.684","  0.405",13/36,/core/www/modules//sdig/index.php?run_id=110202&search_id=114132&scans_id=110198&peptide_id=8734&scanf=17459&charge=3&value=13/36,sp|Q8WVV9|HNRLL_HUMAN,/core/www/modules//consensus/?run_id=110202&search_id=114132&scans_id=110198&peptide_id=8734&scanf=17459&charge=3&value=sp|Q8WVV9|HNRLL_HUMAN,5,/core/www/modules/match_peptides/blast_html4.php?run_id=110202&search_id=114132&scans_id=110198&peptide_id=8734&scanf=17459&charge=3&value=5,K.VSVSPVVHVR.G,/core/www/modules/show_out/show_out_wrapper.php?run_id=110202&search_id=114132&scans_id=110198&peptide_id=8734&scanf=17459&charge=3&value=K.VSVSPVVHVR.G,HNRNPLL,5.819e+7,3.074,0.003,2.518,0.000
17462,3,"  3.534","  0.552",19/40,/core/www/modules//sdig/index.php?run_id=110202&search_id=114132&scans_id=110198&peptide_id=8738&scanf=17462&charge=3&value=19/40,sp|P13639|EF2_HUMAN,/core/www/modules//consensus/?run_id=110202&search_id=114132&scans_id=110198&peptide_id=8738&scanf=17462&charge=3&value=sp|P13639|EF2_HUMAN,0,/core/www/modules/match_peptides/blast_html4.php?run_id=110202&search_id=114132&scans_id=110198&peptide_id=8738&scanf=17462&charge=3&value=0,K.KEDLYLKPIQR.T,/core/www/modules/show_out/show_out_wrapper.php?run_id=110202&search_id=114132&scans_id=110198&peptide_id=8738&scanf=17462&charge=3&value=K.KEDLYLKPIQR.T,EEF2,2.302e+7,3.478,0.001,3.116,0.000
17463,2,"  1.355","  0.316",9/16,/core/www/modules//sdig/index.php?run_id=110202&search_id=114132&scans_id=110198&peptide_id=8739&scanf=17463&charge=2&value=9/16,sp|Q9BQ39|DDX50_HUMAN,/core/www/modules//consensus/?run_id=110202&search_id=114132&scans_id=110198&peptide_id=8739&scanf=17463&charge=2&value=sp|Q9BQ39|DDX50_HUMAN,0,/core/www/modules/match_peptides/blast_html4.php?run_id=110202&search_id=114132&scans_id=110198&peptide_id=8739&scanf=17463&charge=2&value=0,K.TFGPVYEGK.D,/core/www/modules/show_out/show_out_wrapper.php?run_id=110202&search_id=114132&scans_id=110198&peptide_id=8739&scanf=17463&charge=2&value=K.TFGPVYEGK.D,DDX50,2.549e+7,2.488,0.022,1.656,0.001
17464,3,"  3.403","  0.623",19/52,/core/www/modules//sdig/index.php?run_id=110202&search_id=114132&scans_id=110198&peptide_id=8740&scanf=17464&charge=3&value=19/52,sp|P26641|EF1G_HUMAN,/core/www/modules//consensus/?run_id=110202&search_id=114132&scans_id=110198&peptide_id=8740&scanf=17464&charge=3&value=sp|P26641|EF1G_HUMAN,0,/core/www/modules/match_peptides/blast_html4.php?run_id=110202&search_id=114132&scans_id=110198&peptide_id=8740&scanf=17464&charge=3&value=0,R.KLDPGSEETQTLVR.E,/core/www/modules/show_out/show_out_wrapper.php?run_id=110202&search_id=114132&scans_id=110198&peptide_id=8740&scanf=17464&charge=3&value=R.KLDPGSEETQTLVR.E,EEF1G,1.098e+8,3.421,0.001,3.031,0.000
17465,2,"  2.292","  0.445",9/16,/core/www/modules//sdig/index.php?run_id=110202&search_id=114132&scans_id=110198&peptide_id=8741&scanf=17465&charge=2&value=9/16,sp|O75369|FLNB_HUMAN,/core/www/modules//consensus/?run_id=110202&search_id=114132&scans_id=110198&peptide_id=8741&scanf=17465&charge=2&value=sp|O75369|FLNB_HUMAN,3,/core/www/modules/match_peptides/blast_html4.php?run_id=110202&search_id=114132&scans_id=110198&peptide_id=8741&scanf=17465&charge=2&value=3,K.VFGPGIEGK.D,/core/www/modules/show_out/show_out_wrapper.php?run_id=110202&search_id=114132&scans_id=110198&peptide_id=8741&scanf=17465&charge=2&value=K.VFGPGIEGK.D,FLNB,1.201e+7,3.187,0.002,2.684,0.000
17467,3,"  2.673","  0.376",12/56,/core/www/modules//sdig/index.php?run_id=110202&search_id=114132&scans_id=110198&peptide_id=8743&scanf=17467&charge=3&value=12/56,sp|P62330|ARF6_HUMAN,/core/www/modules//consensus/?run_id=110202&search_id=114132&scans_id=110198&peptide_id=8743&scanf=17467&charge=3&value=sp|P62330|ARF6_HUMAN,0,/core/www/modules/match_peptides/blast_html4.php?run_id=110202&search_id=114132&scans_id=110198&peptide_id=8743&scanf=17467&charge=3&value=0,K.QDLPDAMKPHEIQEK.L,/core/www/modules/show_out/show_out_wrapper.php?run_id=110202&search_id=114132&scans_id=110198&peptide_id=8743&scanf=17467&charge=3&value=K.QDLPDAMKPHEIQEK.L,ARF6,1.043e+7,2.552,0.018,1.749,0.000
17468,2,"  2.278","  0.205",14/18,/core/www/modules//sdig/index.php?run_id=110202&search_id=114132&scans_id=110198&peptide_id=8744&scanf=17468&charge=2&value=14/18,sp|P21333|FLNA_HUMAN,/core/www/modules//consensus/?run_id=110202&search_id=114132&scans_id=110198&peptide_id=8744&scanf=17468&charge=2&value=sp|P21333|FLNA_HUMAN,2,/core/www/modules/match_peptides/blast_html4.php?run_id=110202&search_id=114132&scans_id=110198&peptide_id=8744&scanf=17468&charge=2&value=2,K.DKGEYTLVVK.W,/core/www/modules/show_out/show_out_wrapper.php?run_id=110202&search_id=114132&scans_id=110198&peptide_id=8744&scanf=17468&charge=2&value=K.DKGEYTLVVK.W,FLNA,1.789e+7,2.442,0.026,1.591,0.001
17472,3,"  3.860","  0.255",16/44,/core/www/modules//sdig/index.php?run_id=110202&search_id=114132&scans_id=110198&peptide_id=8749&scanf=17472&charge=3&value=16/44,sp|Q15149|PLEC_HUMAN,/core/www/modules//consensus/?run_id=110202&search_id=114132&scans_id=110198&peptide_id=8749&scanf=17472&charge=3&value=sp|Q15149|PLEC_HUMAN,4,/core/www/modules/match_peptides/blast_html4.php?run_id=110202&search_id=114132&scans_id=110198&peptide_id=8749&scanf=17472&charge=3&value=4,R.LKAEAELLQQQK.E,/core/www/modules/show_out/show_out_wrapper.php?run_id=110202&search_id=114132&scans_id=110198&peptide_id=8749&scanf=17472&charge=3&value=R.LKAEAELLQQQK.E,PLEC,1.391e+7,2.795,0.008,2.106,0.000
17473,2,"  3.139","  0.525",14/24,/core/www/modules//sdig/index.php?run_id=110202&search_id=114132&scans_id=110198&peptide_id=8750&scanf=17473&charge=2&value=14/24,sp|Q12792|TWF1_HUMAN,/core/www/modules//consensus/?run_id=110202&search_id=114132&scans_id=110198&peptide_id=8750&scanf=17473&charge=2&value=sp|Q12792|TWF1_HUMAN,1,/core/www/modules/match_peptides/blast_html4.php?run_id=110202&search_id=114132&scans_id=110198&peptide_id=8750&scanf=17473&charge=2&value=1,K.INEVQTDVGVDTK.H,/core/www/modules/show_out/show_out_wrapper.php?run_id=110202&search_id=114132&scans_id=110198&peptide_id=8750&scanf=17473&charge=2&value=K.INEVQTDVGVDTK.H,TWF1,1.263e+7,3.216,0.002,2.728,0.000
17474,3,"  2.857","  0.600",13/44,/core/www/modules//sdig/index.php?run_id=110202&search_id=114132&scans_id=110198&peptide_id=8751&scanf=17474&charge=3&value=13/44,sp|P18124|RL7_HUMAN,/core/www/modules//consensus/?run_id=110202&search_id=114132&scans_id=110198&peptide_id=8751&scanf=17474&charge=3&value=sp|P18124|RL7_HUMAN,3,/core/www/modules/match_peptides/blast_html4.php?run_id=110202&search_id=114132&scans_id=110198&peptide_id=8751&scanf=17474&charge=3&value=3,R.KAGNFYVPAEPK.L,/core/www/modules/show_out/show_out_wrapper.php?run_id=110202&search_id=114132&scans_id=110198&peptide_id=8751&scanf=17474&charge=3&value=R.KAGNFYVPAEPK.L,RPL7,1.593e+8,3.287,0.001,2.833,0.000
17475,2,"  2.377","  0.349",9/14,/core/www/modules//sdig/index.php?run_id=110202&search_id=114132&scans_id=110198&peptide_id=8752&scanf=17475&charge=2&value=9/14,sp|Q00341|VIGLN_HUMAN,/core/www/modules//consensus/?run_id=110202&search_id=114132&scans_id=110198&peptide_id=8752&scanf=17475&charge=2&value=sp|Q00341|VIGLN_HUMAN,2,/core/www/modules/match_peptides/blast_html4.php?run_id=110202&search_id=114132&scans_id=110198&peptide_id=8752&scanf=17475&charge=2&value=2,K.LSVTVDPK.Y,/core/www/modules/show_out/show_out_wrapper.php?run_id=110202&search_id=114132&scans_id=110198&peptide_id=8752&scanf=17475&charge=2&value=K.LSVTVDPK.Y,HDLBP,1.331e+7,2.928,0.005,2.302,0.000
17477,2,"  2.543","  0.304",11/16,/core/www/modules//sdig/index.php?run_id=110202&search_id=114132&scans_id=110198&peptide_id=8753&scanf=17477&charge=2&value=11/16,sp|O75533|SF3B1_HUMAN,/core/www/modules//consensus/?run_id=110202&search_id=114132&scans_id=110198&peptide_id=8753&scanf=17477&charge=2&value=sp|O75533|SF3B1_HUMAN,0,/core/www/modules/match_peptides/blast_html4.php?run_id=110202&search_id=114132&scans_id=110198&peptide_id=8753&scanf=17477&charge=2&value=0,K.VGAAEIISR.I,/core/www/modules/show_out/show_out_wrapper.php?run_id=110202&search_id=114132&scans_id=110198&peptide_id=8753&scanf=17477&charge=2&value=K.VGAAEIISR.I,SF3B1,1.317e+8,2.947,0.005,2.330,0.000
17479,2,"  1.813","  0.426",8/16,/core/www/modules//sdig/index.php?run_id=110202&search_id=114132&scans_id=110198&peptide_id=8755&scanf=17479&charge=2&value=8/16,sp|O60216|RAD21_HUMAN,/core/www/modules//consensus/?run_id=110202&search_id=114132&scans_id=110198&peptide_id=8755&scanf=17479&charge=2&value=sp|O60216|RAD21_HUMAN,1,/core/www/modules/match_peptides/blast_html4.php?run_id=110202&search_id=114132&scans_id=110198&peptide_id=8755&scanf=17479&charge=2&value=1,K.EFENPEVPR.E,/core/www/modules/show_out/show_out_wrapper.php?run_id=110202&search_id=114132&scans_id=110198&peptide_id=8755&scanf=17479&charge=2&value=K.EFENPEVPR.E,RAD21,2.809e+7,2.894,0.006,2.252,0.000
17483,3,"  2.879","  0.301",12/44,/core/www/modules//sdig/index.php?run_id=110202&search_id=114132&scans_id=110198&peptide_id=8760&scanf=17483&charge=3&value=12/44,sp|P11142|HSP7C_HUMAN,/core/www/modules//consensus/?run_id=110202&search_id=114132&scans_id=110198&peptide_id=8760&scanf=17483&charge=3&value=sp|P11142|HSP7C_HUMAN,9,/core/www/modules/match_peptides/blast_html4.php?run_id=110202&search_id=114132&scans_id=110198&peptide_id=8760&scanf=17483&charge=3&value=9,R.RFDDAVVQSDMK.H,/core/www/modules/show_out/show_out_wrapper.php?run_id=110202&search_id=114132&scans_id=110198&peptide_id=8760&scanf=17483&charge=3&value=R.RFDDAVVQSDMK.H,HSPA8,3.746e+7,2.205,0.056,1.253,0.002
17486,2,"  2.812","  0.500",12/20,/core/www/modules//sdig/index.php?run_id=110202&search_id=114132&scans_id=110198&peptide_id=8763&scanf=17486&charge=2&value=12/20,sp|P41091|IF2G_HUMAN,/core/www/modules//consensus/?run_id=110202&search_id=114132&scans_id=110198&peptide_id=8763&scanf=17486&charge=2&value=sp|P41091|IF2G_HUMAN,1,/core/www/modules/match_peptides/blast_html4.php?run_id=110202&search_id=114132&scans_id=110198&peptide_id=8763&scanf=17486&charge=2&value=1,R.GVTIKPTVDDD.-,/core/www/modules/show_out/show_out_wrapper.php?run_id=110202&search_id=114132&scans_id=110198&peptide_id=8763&scanf=17486&charge=2&value=R.GVTIKPTVDDD.-,EIF2S3,1.888e+7,3.260,0.002,2.793,0.000
17487,2,"  2.022","  0.147",8/12,/core/www/modules//sdig/index.php?run_id=110202&search_id=114132&scans_id=110198&peptide_id=8764&scanf=17487&charge=2&value=8/12,sp|O60216|RAD21_HUMAN,/core/www/modules//consensus/?run_id=110202&search_id=114132&scans_id=110198&peptide_id=8764&scanf=17487&charge=2&value=sp|O60216|RAD21_HUMAN,1,/core/www/modules/match_peptides/blast_html4.php?run_id=110202&search_id=114132&scans_id=110198&peptide_id=8764&scanf=17487&charge=2&value=1,K.LIVDSVK.E,/core/www/modules/show_out/show_out_wrapper.php?run_id=110202&search_id=114132&scans_id=110198&peptide_id=8764&scanf=17487&charge=2&value=K.LIVDSVK.E,RAD21,1.525e+7,2.322,0.038,1.418,0.001
17488,2,"  3.502","  0.579",16/20,/core/www/modules//sdig/index.php?run_id=110202&search_id=114132&scans_id=110198&peptide_id=8765&scanf=17488&charge=2&value=16/20,sp|Q99613|EIF3C_HUMAN,/core/www/modules//consensus/?run_id=110202&search_id=114132&scans_id=110198&peptide_id=8765&scanf=17488&charge=2&value=sp|Q99613|EIF3C_HUMAN,1,/core/www/modules/match_peptides/blast_html4.php?run_id=110202&search_id=114132&scans_id=110198&peptide_id=8765&scanf=17488&charge=2&value=1,K.GTEITHAVVIK.K,/core/www/modules/show_out/show_out_wrapper.php?run_id=110202&search_id=114132&scans_id=110198&peptide_id=8765&scanf=17488&charge=2&value=K.GTEITHAVVIK.K,EIF3C,1.807e+7,3.830,0.000,3.638,0.000
17490,2,"  1.647","  0.310",8/14,/core/www/modules//sdig/index.php?run_id=110202&search_id=114132&scans_id=110198&peptide_id=8767&scanf=17490&charge=2&value=8/14,sp|O00148|DX39A_HUMAN,/core/www/modules//consensus/?run_id=110202&search_id=114132&scans_id=110198&peptide_id=8767&scanf=17490&charge=2&value=sp|O00148|DX39A_HUMAN,17,/core/www/modules/match_peptides/blast_html4.php?run_id=110202&search_id=114132&scans_id=110198&peptide_id=8767&scanf=17490&charge=2&value=17,K.MLEQLDM*R.R,/core/www/modules/show_out/show_out_wrapper.php?run_id=110202&search_id=114132&scans_id=110198&peptide_id=8767&scanf=17490&charge=2&value=K.MLEQLDM*R.R,DDX39A,2.851e+7,2.632,0.014,1.867,0.000
17491,2,"  2.826","  0.385",9/18,/core/www/modules//sdig/index.php?run_id=110202&search_id=114132&scans_id=110198&peptide_id=8768&scanf=17491&charge=2&value=9/18,sp|P16989|YBOX3_HUMAN,/core/www/modules//consensus/?run_id=110202&search_id=114132&scans_id=110198&peptide_id=8768&scanf=17491&charge=2&value=sp|P16989|YBOX3_HUMAN,0,/core/www/modules/match_peptides/blast_html4.php?run_id=110202&search_id=114132&scans_id=110198&peptide_id=8768&scanf=17491&charge=2&value=0,R.IQAGEIGEMK.D,/core/www/modules/show_out/show_out_wrapper.php?run_id=110202&search_id=114132&scans_id=110198&peptide_id=8768&scanf=17491&charge=2&value=R.IQAGEIGEMK.D,YBX3,1.698e+7,2.580,0.016,1.790,0.000
17498,2,"  1.435","  0.470",8/16,/core/www/modules//sdig/index.php?run_id=110202&search_id=114132&scans_id=110198&peptide_id=8774&scanf=17498&charge=2&value=8/16,sp|P07910|HNRPC_HUMAN,/core/www/modules//consensus/?run_id=110202&search_id=114132&scans_id=110198&peptide_id=8774&scanf=17498&charge=2&value=sp|P07910|HNRPC_HUMAN,9,/core/www/modules/match_peptides/blast_html4.php?run_id=110202&search_id=114132&scans_id=110198&peptide_id=8774&scanf=17498&charge=2&value=9,R.VPPPPPIAR.A,/core/www/modules/show_out/show_out_wrapper.php?run_id=110202&search_id=114132&scans_id=110198&peptide_id=8774&scanf=17498&charge=2&value=R.VPPPPPIAR.A,HNRNPC,5.521e+8,2.977,0.004,2.373,0.000
17500,2,"  4.221","  0.710",19/28,/core/www/modules//sdig/index.php?run_id=110202&search_id=114132&scans_id=110198&peptide_id=8777&scanf=17500&charge=2&value=19/28,sp|P0C5Z0|H2AB2_HUMAN,/core/www/modules//consensus/?run_id=110202&search_id=114132&scans_id=110198&peptide_id=8777&scanf=17500&charge=2&value=sp|P0C5Z0|H2AB2_HUMAN,0,/core/www/modules/match_peptides/blast_html4.php?run_id=110202&search_id=114132&scans_id=110198&peptide_id=8777&scanf=17500&charge=2&value=0,K.VLELAGNEAQNSGER.N,/core/www/modules/show_out/show_out_wrapper.php?run_id=110202&search_id=114132&scans_id=110198&peptide_id=8777&scanf=17500&charge=2&value=K.VLELAGNEAQNSGER.N,H2AB3,7.708e+7,3.945,0.000,3.807,0.000
17501,2,"  1.786","  0.370",10/14,/core/www/modules//sdig/index.php?run_id=110202&search_id=114132&scans_id=110198&peptide_id=8778&scanf=17501&charge=2&value=10/14,sp|O75533|SF3B1_HUMAN,/core/www/modules//consensus/?run_id=110202&search_id=114132&scans_id=110198&peptide_id=8778&scanf=17501&charge=2&value=sp|O75533|SF3B1_HUMAN,0,/core/www/modules/match_peptides/blast_html4.php?run_id=110202&search_id=114132&scans_id=110198&peptide_id=8778&scanf=17501&charge=2&value=0,K.MVMETIEK.I,/core/www/modules/show_out/show_out_wrapper.php?run_id=110202&search_id=114132&scans_id=110198&peptide_id=8778&scanf=17501&charge=2&value=K.MVMETIEK.I,SF3B1,7.300e+7,3.212,0.002,2.722,0.000
17502,2,"  2.277","  0.452",12/20,/core/www/modules//sdig/index.php?run_id=110202&search_id=114132&scans_id=110198&peptide_id=8779&scanf=17502&charge=2&value=12/20,sp|Q9UN81|LORF1_HUMAN,/core/www/modules//consensus/?run_id=110202&search_id=114132&scans_id=110198&peptide_id=8779&scanf=17502&charge=2&value=sp|Q9UN81|LORF1_HUMAN,0,/core/www/modules/match_peptides/blast_html4.php?run_id=110202&search_id=114132&scans_id=110198&peptide_id=8779&scanf=17502&charge=2&value=0,R.QANVQIQEIQR.T,/core/www/modules/show_out/show_out_wrapper.php?run_id=110202&search_id=114132&scans_id=110198&peptide_id=8779&scanf=17502&charge=2&value=R.QANVQIQEIQR.T,L1RE1,1.928e+7,3.020,0.004,2.438,0.000
17503,3,"  1.902","  0.318",9/40,/core/www/modules//sdig/index.php?run_id=110202&search_id=114132&scans_id=110198&peptide_id=8780&scanf=17503&charge=3&value=9/40,sp|P02545|LMNA_HUMAN,/core/www/modules//consensus/?run_id=110202&search_id=114132&scans_id=110198&peptide_id=8780&scanf=17503&charge=3&value=sp|P02545|LMNA_HUMAN,7,/core/www/modules/match_peptides/blast_html4.php?run_id=110202&search_id=114132&scans_id=110198&peptide_id=8780&scanf=17503&charge=3&value=7,K.RTLEGELHDLR.G,/core/www/modules/show_out/show_out_wrapper.php?run_id=110202&search_id=114132&scans_id=110198&peptide_id=8780&scanf=17503&charge=3&value=K.RTLEGELHDLR.G,LMNA,2.841e+8,2.328,0.037,1.426,0.001
17504,2,"  2.417","  0.429",10/18,/core/www/modules//sdig/index.php?run_id=110202&search_id=114132&scans_id=110198&peptide_id=8781&scanf=17504&charge=2&value=10/18,sp|P61224|RAP1B_HUMAN,/core/www/modules//consensus/?run_id=110202&search_id=114132&scans_id=110198&peptide_id=8781&scanf=17504&charge=2&value=sp|P61224|RAP1B_HUMAN,15,/core/www/modules/match_peptides/blast_html4.php?run_id=110202&search_id=114132&scans_id=110198&peptide_id=8781&scanf=17504&charge=2&value=15,K.YDPTIEDSYR.K,/core/www/modules/show_out/show_out_wrapper.php?run_id=110202&search_id=114132&scans_id=110198&peptide_id=8781&scanf=17504&charge=2&value=K.YDPTIEDSYR.K,RAP1B,4.509e+7,2.939,0.005,2.318,0.000
17505,2,"  2.463","  0.483",9/14,/core/www/modules//sdig/index.php?run_id=110202&search_id=114132&scans_id=110198&peptide_id=8782&scanf=17505&charge=2&value=9/14,sp|Q9H0A0|NAT10_HUMAN,/core/www/modules//consensus/?run_id=110202&search_id=114132&scans_id=110198&peptide_id=8782&scanf=17505&charge=2&value=sp|Q9H0A0|NAT10_HUMAN,0,/core/www/modules/match_peptides/blast_html4.php?run_id=110202&search_id=114132&scans_id=110198&peptide_id=8782&scanf=17505&charge=2&value=0,K.ASEVFLQR.L,/core/www/modules/show_out/show_out_wrapper.php?run_id=110202&search_id=114132&scans_id=110198&peptide_id=8782&scanf=17505&charge=2&value=K.ASEVFLQR.L,NAT10,2.849e+7,3.465,0.001,3.096,0.000
17506,2,"  1.443","  0.258",6/12,/core/www/modules//sdig/index.php?run_id=110202&search_id=114132&scans_id=110198&peptide_id=8783&scanf=17506&charge=2&value=6/12,sp|P05198|IF2A_HUMAN,/core/www/modules//consensus/?run_id=110202&search_id=114132&scans_id=110198&peptide_id=8783&scanf=17506&charge=2&value=sp|P05198|IF2A_HUMAN,2,/core/www/modules/match_peptides/blast_html4.php?run_id=110202&search_id=114132&scans_id=110198&peptide_id=8783&scanf=17506&charge=2&value=2,K.GYIDLSK.R,/core/www/modules/show_out/show_out_wrapper.php?run_id=110202&search_id=114132&scans_id=110198&peptide_id=8783&scanf=17506&charge=2&value=K.GYIDLSK.R,EIF2S1,1.419e+7,2.379,0.032,1.500,0.001
17507,2,"  3.780","  0.573",15/26,/core/www/modules//sdig/index.php?run_id=110202&search_id=114132&scans_id=110198&peptide_id=8784&scanf=17507&charge=2&value=15/26,sp|P38646|GRP75_HUMAN,/core/www/modules//consensus/?run_id=110202&search_id=114132&scans_id=110198&peptide_id=8784&scanf=17507&charge=2&value=sp|P38646|GRP75_HUMAN,7,/core/www/modules/match_peptides/blast_html4.php?run_id=110202&search_id=114132&scans_id=110198&peptide_id=8784&scanf=17507&charge=2&value=7,R.QAVTNPNNTFYATK.R,/core/www/modules/show_out/show_out_wrapper.php?run_id=110202&search_id=114132&scans_id=110198&peptide_id=8784&scanf=17507&charge=2&value=R.QAVTNPNNTFYATK.R,HSPA9,1.126e+7,3.418,0.001,3.026,0.000
17508,3,"  2.054","  0.363",9/36,/core/www/modules//sdig/index.php?run_id=110202&search_id=114132&scans_id=110198&peptide_id=8785&scanf=17508&charge=3&value=9/36,sp|P62312|LSM6_HUMAN,/core/www/modules//consensus/?run_id=110202&search_id=114132&scans_id=110198&peptide_id=8785&scanf=17508&charge=3&value=sp|P62312|LSM6_HUMAN,0,/core/www/modules/match_peptides/blast_html4.php?run_id=110202&search_id=114132&scans_id=110198&peptide_id=8785&scanf=17508&charge=3&value=0,K.QIIGRPVVVK.L,/core/www/modules/show_out/show_out_wrapper.php?run_id=110202&search_id=114132&scans_id=110198&peptide_id=8785&scanf=17508&charge=3&value=K.QIIGRPVVVK.L,LSM6,1.042e+7,2.699,0.011,1.965,0.000
17514,2,"  3.166","  0.619",11/20,/core/www/modules//sdig/index.php?run_id=110202&search_id=114132&scans_id=110198&peptide_id=8792&scanf=17514&charge=2&value=11/20,sp|Q9H307|PININ_HUMAN,/core/www/modules//consensus/?run_id=110202&search_id=114132&scans_id=110198&peptide_id=8792&scanf=17514&charge=2&value=sp|Q9H307|PININ_HUMAN,0,/core/www/modules/match_peptides/blast_html4.php?run_id=110202&search_id=114132&scans_id=110198&peptide_id=8792&scanf=17514&charge=2&value=0,R.DLIQDQNMDEK.G,/core/www/modules/show_out/show_out_wrapper.php?run_id=110202&search_id=114132&scans_id=110198&peptide_id=8792&scanf=17514&charge=2&value=R.DLIQDQNMDEK.G,PNN,1.104e+7,3.627,0.000,3.336,0.000
17515,2,"  3.703","  0.520",15/24,/core/www/modules//sdig/index.php?run_id=110202&search_id=114132&scans_id=110198&peptide_id=8793&scanf=17515&charge=2&value=15/24,sp|P52701|MSH6_HUMAN,/core/www/modules//consensus/?run_id=110202&search_id=114132&scans_id=110198&peptide_id=8793&scanf=17515&charge=2&value=sp|P52701|MSH6_HUMAN,4,/core/www/modules/match_peptides/blast_html4.php?run_id=110202&search_id=114132&scans_id=110198&peptide_id=8793&scanf=17515&charge=2&value=4,R.VEQTETPEMMEAR.C,/core/www/modules/show_out/show_out_wrapper.php?run_id=110202&search_id=114132&scans_id=110198&peptide_id=8793&scanf=17515&charge=2&value=R.VEQTETPEMMEAR.C,MSH6,7.149e+6,3.341,0.001,2.913,0.000
17516,3,"  1.946","  0.377",10/40,/core/www/modules//sdig/index.php?run_id=110202&search_id=114132&scans_id=110198&peptide_id=8794&scanf=17516&charge=3&value=10/40,sp|P17987|TCPA_HUMAN,/core/www/modules//consensus/?run_id=110202&search_id=114132&scans_id=110198&peptide_id=8794&scanf=17516&charge=3&value=sp|P17987|TCPA_HUMAN,3,/core/www/modules/match_peptides/blast_html4.php?run_id=110202&search_id=114132&scans_id=110198&peptide_id=8794&scanf=17516&charge=3&value=3,K.IHPTSVISGYR.L,/core/www/modules/show_out/show_out_wrapper.php?run_id=110202&search_id=114132&scans_id=110198&peptide_id=8794&scanf=17516&charge=3&value=K.IHPTSVISGYR.L,TCP1,2.899e+7,2.764,0.009,2.060,0.000
17519,2,"  1.848","  0.154",8/12,/core/www/modules//sdig/index.php?run_id=110202&search_id=114132&scans_id=110198&peptide_id=8796&scanf=17519&charge=2&value=8/12,sp|Q9Y5B9|SP16H_HUMAN,/core/www/modules//consensus/?run_id=110202&search_id=114132&scans_id=110198&peptide_id=8796&scanf=17519&charge=2&value=sp|Q9Y5B9|SP16H_HUMAN,0,/core/www/modules/match_peptides/blast_html4.php?run_id=110202&search_id=114132&scans_id=110198&peptide_id=8796&scanf=17519&charge=2&value=0,K.NAIMFGK.K,/core/www/modules/show_out/show_out_wrapper.php?run_id=110202&search_id=114132&scans_id=110198&peptide_id=8796&scanf=17519&charge=2&value=K.NAIMFGK.K,SUPT16H,6.911e+7,2.328,0.038,1.426,0.001
17520,3,"  2.553","  0.483",14/48,/core/www/modules//sdig/index.php?run_id=110202&search_id=114132&scans_id=110198&peptide_id=8798&scanf=17520&charge=3&value=14/48,sp|Q9BQ75|CMS1_HUMAN,/core/www/modules//consensus/?run_id=110202&search_id=114132&scans_id=110198&peptide_id=8798&scanf=17520&charge=3&value=sp|Q9BQ75|CMS1_HUMAN,1,/core/www/modules/match_peptides/blast_html4.php?run_id=110202&search_id=114132&scans_id=110198&peptide_id=8798&scanf=17520&charge=3&value=1,K.SEPKPGLPEDLQK.L,/core/www/modules/show_out/show_out_wrapper.php?run_id=110202&search_id=114132&scans_id=110198&peptide_id=8798&scanf=17520&charge=3&value=K.SEPKPGLPEDLQK.L,CMSS1,3.916e+7,3.090,0.003,2.541,0.000
17521,2,"  3.070","  0.612",16/26,/core/www/modules//sdig/index.php?run_id=110202&search_id=114132&scans_id=110198&peptide_id=8799&scanf=17521&charge=2&value=16/26,sp|O95400|CD2B2_HUMAN,/core/www/modules//consensus/?run_id=110202&search_id=114132&scans_id=110198&peptide_id=8799&scanf=17521&charge=2&value=sp|O95400|CD2B2_HUMAN,0,/core/www/modules/match_peptides/blast_html4.php?run_id=110202&search_id=114132&scans_id=110198&peptide_id=8799&scanf=17521&charge=2&value=0,K.LVDPVAGSGGPGSR.F,/core/www/modules/show_out/show_out_wrapper.php?run_id=110202&search_id=114132&scans_id=110198&peptide_id=8799&scanf=17521&charge=2&value=K.LVDPVAGSGGPGSR.F,CD2BP2,2.057e+7,3.544,0.001,3.214,0.000
17522,2,"  2.684","  0.598",12/18,/core/www/modules//sdig/index.php?run_id=110202&search_id=114132&scans_id=110198&peptide_id=8800&scanf=17522&charge=2&value=12/18,sp|P42766|RL35_HUMAN,/core/www/modules//consensus/?run_id=110202&search_id=114132&scans_id=110198&peptide_id=8800&scanf=17522&charge=2&value=sp|P42766|RL35_HUMAN,1,/core/www/modules/match_peptides/blast_html4.php?run_id=110202&search_id=114132&scans_id=110198&peptide_id=8800&scanf=17522&charge=2&value=1,R.VLTVINQTQK.E,/core/www/modules/show_out/show_out_wrapper.php?run_id=110202&search_id=114132&scans_id=110198&peptide_id=8800&scanf=17522&charge=2&value=R.VLTVINQTQK.E,RPL35,1.871e+8,3.663,0.000,3.390,0.000
17523,2,"  1.963","  0.324",8/14,/core/www/modules//sdig/index.php?run_id=110202&search_id=114132&scans_id=110198&peptide_id=8801&scanf=17523&charge=2&value=8/14,sp|Q9Y5S9|RBM8A_HUMAN,/core/www/modules//consensus/?run_id=110202&search_id=114132&scans_id=110198&peptide_id=8801&scanf=17523&charge=2&value=sp|Q9Y5S9|RBM8A_HUMAN,1,/core/www/modules/match_peptides/blast_html4.php?run_id=110202&search_id=114132&scans_id=110198&peptide_id=8801&scanf=17523&charge=2&value=1,K.NIHLNLDR.R,/core/www/modules/show_out/show_out_wrapper.php?run_id=110202&search_id=114132&scans_id=110198&peptide_id=8801&scanf=17523&charge=2&value=K.NIHLNLDR.R,RBM8A,1.899e+7,2.658,0.012,1.904,0.000
17529,2,"  3.354","  0.353",16/16,/core/www/modules//sdig/index.php?run_id=110202&search_id=114132&scans_id=110198&peptide_id=8807&scanf=17529&charge=2&value=16/16,sp|Q14683|SMC1A_HUMAN,/core/www/modules//consensus/?run_id=110202&search_id=114132&scans_id=110198&peptide_id=8807&scanf=17529&charge=2&value=sp|Q14683|SMC1A_HUMAN,2,/core/www/modules/match_peptides/blast_html4.php?run_id=110202&search_id=114132&scans_id=110198&peptide_id=8807&scanf=17529&charge=2&value=2,R.HLALNLQEK.S,/core/www/modules/show_out/show_out_wrapper.php?run_id=110202&search_id=114132&scans_id=110198&peptide_id=8807&scanf=17529&charge=2&value=R.HLALNLQEK.S,SMC1A,2.904e+7,3.548,0.001,3.219,0.000
17530,3,"  4.026","  0.706",19/48,/core/www/modules//sdig/index.php?run_id=110202&search_id=114132&scans_id=110198&peptide_id=8809&scanf=17530&charge=3&value=19/48,sp|P22087|FBRL_HUMAN,/core/www/modules//consensus/?run_id=110202&search_id=114132&scans_id=110198&peptide_id=8809&scanf=17530&charge=3&value=sp|P22087|FBRL_HUMAN,7,/core/www/modules/match_peptides/blast_html4.php?run_id=110202&search_id=114132&scans_id=110198&peptide_id=8809&scanf=17530&charge=3&value=7,R.VSISEGDDKIEYR.A,/core/www/modules/show_out/show_out_wrapper.php?run_id=110202&search_id=114132&scans_id=110198&peptide_id=8809&scanf=17530&charge=3&value=R.VSISEGDDKIEYR.A,FBL,3.683e+8,3.837,0.000,3.647,0.000
17533,2,"  1.830","  0.339",9/16,/core/www/modules//sdig/index.php?run_id=110202&search_id=114132&scans_id=110198&peptide_id=8812&scanf=17533&charge=2&value=9/16,sp|Q9Y3T9|NOC2L_HUMAN,/core/www/modules//consensus/?run_id=110202&search_id=114132&scans_id=110198&peptide_id=8812&scanf=17533&charge=2&value=sp|Q9Y3T9|NOC2L_HUMAN,0,/core/www/modules/match_peptides/blast_html4.php?run_id=110202&search_id=114132&scans_id=110198&peptide_id=8812&scanf=17533&charge=2&value=0,R.GILRPLSTR.H,/core/www/modules/show_out/show_out_wrapper.php?run_id=110202&search_id=114132&scans_id=110198&peptide_id=8812&scanf=17533&charge=2&value=R.GILRPLSTR.H,NOC2L,1.999e+7,2.688,0.011,1.948,0.000
17534,3,"  6.079","  0.700",24/52,/core/www/modules//sdig/index.php?run_id=110202&search_id=114132&scans_id=110198&peptide_id=8813&scanf=17534&charge=3&value=24/52,sp|P30876|RPB2_HUMAN,/core/www/modules//consensus/?run_id=110202&search_id=114132&scans_id=110198&peptide_id=8813&scanf=17534&charge=3&value=sp|P30876|RPB2_HUMAN,2,/core/www/modules/match_peptides/blast_html4.php?run_id=110202&search_id=114132&scans_id=110198&peptide_id=8813&scanf=17534&charge=3&value=2,K.KGFDQEEVFEKPTR.E,/core/www/modules/show_out/show_out_wrapper.php?run_id=110202&search_id=114132&scans_id=110198&peptide_id=8813&scanf=17534&charge=3&value=K.KGFDQEEVFEKPTR.E,POLR2B,1.178e+7,3.962,0.000,3.833,0.000
17535,2,"  2.200","  0.516",9/18,/core/www/modules//sdig/index.php?run_id=110202&search_id=114132&scans_id=110198&peptide_id=8814&scanf=17535&charge=2&value=9/18,sp|P18583|SON_HUMAN,/core/www/modules//consensus/?run_id=110202&search_id=114132&scans_id=110198&peptide_id=8814&scanf=17535&charge=2&value=sp|P18583|SON_HUMAN,2,/core/www/modules/match_peptides/blast_html4.php?run_id=110202&search_id=114132&scans_id=110198&peptide_id=8814&scanf=17535&charge=2&value=2,R.SLPNEEIVQK.I,/core/www/modules/show_out/show_out_wrapper.php?run_id=110202&search_id=114132&scans_id=110198&peptide_id=8814&scanf=17535&charge=2&value=R.SLPNEEIVQK.I,SON,2.118e+7,3.256,0.002,2.787,0.000
17540,2,"  1.724","  0.322",9/14,/core/www/modules//sdig/index.php?run_id=110202&search_id=114132&scans_id=110198&peptide_id=8819&scanf=17540&charge=2&value=9/14,sp|A6NHR9|SMHD1_HUMAN,/core/www/modules//consensus/?run_id=110202&search_id=114132&scans_id=110198&peptide_id=8819&scanf=17540&charge=2&value=sp|A6NHR9|SMHD1_HUMAN,1,/core/www/modules/match_peptides/blast_html4.php?run_id=110202&search_id=114132&scans_id=110198&peptide_id=8819&scanf=17540&charge=2&value=1,K.FVITTTSR.K,/core/www/modules/show_out/show_out_wrapper.php?run_id=110202&search_id=114132&scans_id=110198&peptide_id=8819&scanf=17540&charge=2&value=K.FVITTTSR.K,SMCHD1,7.444e+7,2.966,0.004,2.358,0.000
17542,4,"  7.304","  0.774",27/126,/core/www/modules//sdig/index.php?run_id=110202&search_id=114132&scans_id=110198&peptide_id=8821&scanf=17542&charge=4&value=27/126,sp|Q9BUQ8|DDX23_HUMAN,/core/www/modules//consensus/?run_id=110202&search_id=114132&scans_id=110198&peptide_id=8821&scanf=17542&charge=4&value=sp|Q9BUQ8|DDX23_HUMAN,3,/core/www/modules/match_peptides/blast_html4.php?run_id=110202&search_id=114132&scans_id=110198&peptide_id=8821&scanf=17542&charge=4&value=3,K.ILEHMPVSNQKPDTDEAEDPEK.M,/core/www/modules/show_out/show_out_wrapper.php?run_id=110202&search_id=114132&scans_id=110198&peptide_id=8821&scanf=17542&charge=4&value=K.ILEHMPVSNQKPDTDEAEDPEK.M,DDX23,3.753e+7,4.438,0.000,4.539,0.000
17543,2,"  1.987","  0.476",10/16,/core/www/modules//sdig/index.php?run_id=110202&search_id=114132&scans_id=110198&peptide_id=8822&scanf=17543&charge=2&value=10/16,sp|Q01082|SPTB2_HUMAN,/core/www/modules//consensus/?run_id=110202&search_id=114132&scans_id=110198&peptide_id=8822&scanf=17543&charge=2&value=sp|Q01082|SPTB2_HUMAN,1,/core/www/modules/match_peptides/blast_html4.php?run_id=110202&search_id=114132&scans_id=110198&peptide_id=8822&scanf=17543&charge=2&value=1,R.VAVVNQIAR.Q,/core/www/modules/show_out/show_out_wrapper.php?run_id=110202&search_id=114132&scans_id=110198&peptide_id=8822&scanf=17543&charge=2&value=R.VAVVNQIAR.Q,SPTBN1,2.521e+7,3.357,0.001,2.937,0.000
17545,2,"  1.841","  0.281",7/18,/core/www/modules//sdig/index.php?run_id=110202&search_id=114132&scans_id=110198&peptide_id=8824&scanf=17545&charge=2&value=7/18,sp|P42025|ACTY_HUMAN,/core/www/modules//consensus/?run_id=110202&search_id=114132&scans_id=110198&peptide_id=8824&scanf=17545&charge=2&value=sp|P42025|ACTY_HUMAN,3,/core/www/modules/match_peptides/blast_html4.php?run_id=110202&search_id=114132&scans_id=110198&peptide_id=8824&scanf=17545&charge=2&value=3,K.AGFAGDQIPK.Y,/core/www/modules/show_out/show_out_wrapper.php?run_id=110202&search_id=114132&scans_id=110198&peptide_id=8824&scanf=17545&charge=2&value=K.AGFAGDQIPK.Y,ACTR1B,1.737e+7,2.188,0.059,1.229,0.002
17546,3,"  4.450","  0.549",13/52,/core/www/modules//sdig/index.php?run_id=110202&search_id=114132&scans_id=110198&peptide_id=8825&scanf=17546&charge=3&value=13/52,sp|P08651|NFIC_HUMAN,/core/www/modules//consensus/?run_id=110202&search_id=114132&scans_id=110198&peptide_id=8825&scanf=17546&charge=3&value=sp|P08651|NFIC_HUMAN,1,/core/www/modules/match_peptides/blast_html4.php?run_id=110202&search_id=114132&scans_id=110198&peptide_id=8825&scanf=17546&charge=3&value=1,R.AVKDELLGEKPEVK.Q,/core/www/modules/show_out/show_out_wrapper.php?run_id=110202&search_id=114132&scans_id=110198&peptide_id=8825&scanf=17546&charge=3&value=R.AVKDELLGEKPEVK.Q,NFIC,1.693e+7,3.011,0.004,2.424,0.000
17547,2,"  2.258","  0.414",12/26,/core/www/modules//sdig/index.php?run_id=110202&search_id=114132&scans_id=110198&peptide_id=8826&scanf=17547&charge=2&value=12/26,sp|P26641|EF1G_HUMAN,/core/www/modules//consensus/?run_id=110202&search_id=114132&scans_id=110198&peptide_id=8826&scanf=17547&charge=2&value=sp|P26641|EF1G_HUMAN,0,/core/www/modules/match_peptides/blast_html4.php?run_id=110202&search_id=114132&scans_id=110198&peptide_id=8826&scanf=17547&charge=2&value=0,R.KLDPGSEETQTLVR.E,/core/www/modules/show_out/show_out_wrapper.php?run_id=110202&search_id=114132&scans_id=110198&peptide_id=8826&scanf=17547&charge=2&value=R.KLDPGSEETQTLVR.E,EEF1G,4.900e+7,2.374,0.032,1.492,0.001
17548,2,"  1.869","  0.501",8/14,/core/www/modules//sdig/index.php?run_id=110202&search_id=114132&scans_id=110198&peptide_id=8827&scanf=17548&charge=2&value=8/14,sp|Q15185|TEBP_HUMAN,/core/www/modules//consensus/?run_id=110202&search_id=114132&scans_id=110198&peptide_id=8827&scanf=17548&charge=2&value=sp|Q15185|TEBP_HUMAN,2,/core/www/modules/match_peptides/blast_html4.php?run_id=110202&search_id=114132&scans_id=110198&peptide_id=8827&scanf=17548&charge=2&value=2,K.DVNVNFEK.S,/core/www/modules/show_out/show_out_wrapper.php?run_id=110202&search_id=114132&scans_id=110198&peptide_id=8827&scanf=17548&charge=2&value=K.DVNVNFEK.S,PTGES3,6.418e+7,3.222,0.002,2.737,0.000
17549,3,"  2.797","  0.599",16/52,/core/www/modules//sdig/index.php?run_id=110202&search_id=114132&scans_id=110198&peptide_id=8828&scanf=17549&charge=3&value=16/52,sp|P07900|HS90A_HUMAN,/core/www/modules//consensus/?run_id=110202&search_id=114132&scans_id=110198&peptide_id=8828&scanf=17549&charge=3&value=sp|P07900|HS90A_HUMAN,4,/core/www/modules/match_peptides/blast_html4.php?run_id=110202&search_id=114132&scans_id=110198&peptide_id=8828&scanf=17549&charge=3&value=4,R.YESLTDPSKLDSGK.E,/core/www/modules/show_out/show_out_wrapper.php?run_id=110202&search_id=114132&scans_id=110198&peptide_id=8828&scanf=17549&charge=3&value=R.YESLTDPSKLDSGK.E,HSP90AA1,4.259e+7,3.354,0.001,2.931,0.000
17553,2,"  2.515","  0.476",10/22,/core/www/modules//sdig/index.php?run_id=110202&search_id=114132&scans_id=110198&peptide_id=8833&scanf=17553&charge=2&value=10/22,sp|Q16629|SRSF7_HUMAN,/core/www/modules//consensus/?run_id=110202&search_id=114132&scans_id=110198&peptide_id=8833&scanf=17553&charge=2&value=sp|Q16629|SRSF7_HUMAN,2,/core/www/modules/match_peptides/blast_html4.php?run_id=110202&search_id=114132&scans_id=110198&peptide_id=8833&scanf=17553&charge=2&value=2,K.VYVGNLGTGAGK.G,/core/www/modules/show_out/show_out_wrapper.php?run_id=110202&search_id=114132&scans_id=110198&peptide_id=8833&scanf=17553&charge=2&value=K.VYVGNLGTGAGK.G,SRSF7,3.510e+8,2.914,0.005,2.281,0.000
17558,3,"  6.679","  0.576",30/92,/core/www/modules//sdig/index.php?run_id=110202&search_id=114132&scans_id=110198&peptide_id=8838&scanf=17558&charge=3&value=30/92,sp|P29692|EF1D_HUMAN,/core/www/modules//consensus/?run_id=110202&search_id=114132&scans_id=110198&peptide_id=8838&scanf=17558&charge=3&value=sp|P29692|EF1D_HUMAN,10,/core/www/modules/match_peptides/blast_html4.php?run_id=110202&search_id=114132&scans_id=110198&peptide_id=8838&scanf=17558&charge=3&value=10,K.SLAGSSGPGASSGTSGDHGELVVR.I,/core/www/modules/show_out/show_out_wrapper.php?run_id=110202&search_id=114132&scans_id=110198&peptide_id=8838&scanf=17558&charge=3&value=K.SLAGSSGPGASSGTSGDHGELVVR.I,EEF1D,1.775e+7,3.291,0.001,2.838,0.000
17563,3,"  1.997","  0.550",17/48,/core/www/modules//sdig/index.php?run_id=110202&search_id=114132&scans_id=110198&peptide_id=8843&scanf=17563&charge=3&value=17/48,sp|Q9Y3A4|RRP7A_HUMAN,/core/www/modules//consensus/?run_id=110202&search_id=114132&scans_id=110198&peptide_id=8843&scanf=17563&charge=3&value=sp|Q9Y3A4|RRP7A_HUMAN,0,/core/www/modules/match_peptides/blast_html4.php?run_id=110202&search_id=114132&scans_id=110198&peptide_id=8843&scanf=17563&charge=3&value=0,K.GPLLVSTESHPVK.S,/core/www/modules/show_out/show_out_wrapper.php?run_id=110202&search_id=114132&scans_id=110198&peptide_id=8843&scanf=17563&charge=3&value=K.GPLLVSTESHPVK.S,RRP7A,7.360e+7,3.289,0.001,2.836,0.000
17564,2,"  1.624","  0.525",11/20,/core/www/modules//sdig/index.php?run_id=110202&search_id=114132&scans_id=110198&peptide_id=8844&scanf=17564&charge=2&value=11/20,sp|P18124|RL7_HUMAN,/core/www/modules//consensus/?run_id=110202&search_id=114132&scans_id=110198&peptide_id=8844&scanf=17564&charge=2&value=sp|P18124|RL7_HUMAN,0,/core/www/modules/match_peptides/blast_html4.php?run_id=110202&search_id=114132&scans_id=110198&peptide_id=8844&scanf=17564&charge=2&value=0,K.EVPAVPETLKK.K,/core/www/modules/show_out/show_out_wrapper.php?run_id=110202&search_id=114132&scans_id=110198&peptide_id=8844&scanf=17564&charge=2&value=K.EVPAVPETLKK.K,RPL7,6.601e+7,2.910,0.005,2.275,0.000
17565,2,"  2.562","  0.537",13/20,/core/www/modules//sdig/index.php?run_id=110202&search_id=114132&scans_id=110198&peptide_id=8845&scanf=17565&charge=2&value=13/20,sp|P60709|ACTB_HUMAN,/core/www/modules//consensus/?run_id=110202&search_id=114132&scans_id=110198&peptide_id=8845&scanf=17565&charge=2&value=sp|P60709|ACTB_HUMAN,12,/core/www/modules/match_peptides/blast_html4.php?run_id=110202&search_id=114132&scans_id=110198&peptide_id=8845&scanf=17565&charge=2&value=12,K.EITALAPSTM*K.I,/core/www/modules/show_out/show_out_wrapper.php?run_id=110202&search_id=114132&scans_id=110198&peptide_id=8845&scanf=17565&charge=2&value=K.EITALAPSTM*K.I,ACTB,4.391e+8,3.960,0.000,3.830,0.000
17568,2,"  2.390","  0.052",11/12,/core/www/modules//sdig/index.php?run_id=110202&search_id=114132&scans_id=110198&peptide_id=8848&scanf=17568&charge=2&value=11/12,sp|P42285|MTREX_HUMAN,/core/www/modules//consensus/?run_id=110202&search_id=114132&scans_id=110198&peptide_id=8848&scanf=17568&charge=2&value=sp|P42285|MTREX_HUMAN,1,/core/www/modules/match_peptides/blast_html4.php?run_id=110202&search_id=114132&scans_id=110198&peptide_id=8848&scanf=17568&charge=2&value=1,R.RLEELLR.Q,/core/www/modules/show_out/show_out_wrapper.php?run_id=110202&search_id=114132&scans_id=110198&peptide_id=8848&scanf=17568&charge=2&value=R.RLEELLR.Q,MTREX,1.490e+8,2.146,0.067,1.171,0.002
17569,2,"  3.385","  0.635",13/22,/core/www/modules//sdig/index.php?run_id=110202&search_id=114132&scans_id=110198&peptide_id=8849&scanf=17569&charge=2&value=13/22,sp|P68371|TBB4B_HUMAN,/core/www/modules//consensus/?run_id=110202&search_id=114132&scans_id=110198&peptide_id=8849&scanf=17569&charge=2&value=sp|P68371|TBB4B_HUMAN,0,/core/www/modules/match_peptides/blast_html4.php?run_id=110202&search_id=114132&scans_id=110198&peptide_id=8849&scanf=17569&charge=2&value=0,R.INVYYNEATGGK.Y,/core/www/modules/show_out/show_out_wrapper.php?run_id=110202&search_id=114132&scans_id=110198&peptide_id=8849&scanf=17569&charge=2&value=R.INVYYNEATGGK.Y,TUBB4B,4.683e+7,3.646,0.000,3.365,0.000
17571,3,"  2.835","  0.240",12/44,/core/www/modules//sdig/index.php?run_id=110202&search_id=114132&scans_id=110198&peptide_id=8852&scanf=17571&charge=3&value=12/44,sp|O94776|MTA2_HUMAN,/core/www/modules//consensus/?run_id=110202&search_id=114132&scans_id=110198&peptide_id=8852&scanf=17571&charge=3&value=sp|O94776|MTA2_HUMAN,0,/core/www/modules/match_peptides/blast_html4.php?run_id=110202&search_id=114132&scans_id=110198&peptide_id=8852&scanf=17571&charge=3&value=0,R.RPYAPINANAIK.A,/core/www/modules/show_out/show_out_wrapper.php?run_id=110202&search_id=114132&scans_id=110198&peptide_id=8852&scanf=17571&charge=3&value=R.RPYAPINANAIK.A,MTA2,1.448e+7,2.398,0.030,1.527,0.001
17572,2,"  2.684","  0.544",14/24,/core/www/modules//sdig/index.php?run_id=110202&search_id=114132&scans_id=110198&peptide_id=8853&scanf=17572&charge=2&value=14/24,sp|P12814|ACTN1_HUMAN,/core/www/modules//consensus/?run_id=110202&search_id=114132&scans_id=110198&peptide_id=8853&scanf=17572&charge=2&value=sp|P12814|ACTN1_HUMAN,10,/core/www/modules/match_peptides/blast_html4.php?run_id=110202&search_id=114132&scans_id=110198&peptide_id=8853&scanf=17572&charge=2&value=10,R.LSNRPAFMPSEGR.M,/core/www/modules/show_out/show_out_wrapper.php?run_id=110202&search_id=114132&scans_id=110198&peptide_id=8853&scanf=17572&charge=2&value=R.LSNRPAFMPSEGR.M,ACTN1,2.720e+7,3.400,0.001,2.999,0.000
17577,2,"  2.382","  0.313",9/18,/core/www/modules//sdig/index.php?run_id=110202&search_id=114132&scans_id=110198&peptide_id=8858&scanf=17577&charge=2&value=9/18,sp|Q13823|NOG2_HUMAN,/core/www/modules//consensus/?run_id=110202&search_id=114132&scans_id=110198&peptide_id=8858&scanf=17577&charge=2&value=sp|Q13823|NOG2_HUMAN,0,/core/www/modules/match_peptides/blast_html4.php?run_id=110202&search_id=114132&scans_id=110198&peptide_id=8858&scanf=17577&charge=2&value=0,R.DLVTEDTGVR.N,/core/www/modules/show_out/show_out_wrapper.php?run_id=110202&search_id=114132&scans_id=110198&peptide_id=8858&scanf=17577&charge=2&value=R.DLVTEDTGVR.N,GNL2,1.043e+7,2.492,0.022,1.662,0.001
17578,2,"  2.611","  0.356",12/18,/core/www/modules//sdig/index.php?run_id=110202&search_id=114132&scans_id=110198&peptide_id=8859&scanf=17578&charge=2&value=12/18,sp|O75439|MPPB_HUMAN,/core/www/modules//consensus/?run_id=110202&search_id=114132&scans_id=110198&peptide_id=8859&scanf=17578&charge=2&value=sp|O75439|MPPB_HUMAN,1,/core/www/modules/match_peptides/blast_html4.php?run_id=110202&search_id=114132&scans_id=110198&peptide_id=8859&scanf=17578&charge=2&value=1,R.IDAVNAETIR.E,/core/www/modules/show_out/show_out_wrapper.php?run_id=110202&search_id=114132&scans_id=110198&peptide_id=8859&scanf=17578&charge=2&value=R.IDAVNAETIR.E,PMPCB,2.323e+7,2.850,0.007,2.186,0.000
17579,2,"  2.025","  0.299",13/22,/core/www/modules//sdig/index.php?run_id=110202&search_id=114132&scans_id=110198&peptide_id=8860&scanf=17579&charge=2&value=13/22,sp|Q4G0J3|LARP7_HUMAN,/core/www/modules//consensus/?run_id=110202&search_id=114132&scans_id=110198&peptide_id=8860&scanf=17579&charge=2&value=sp|Q4G0J3|LARP7_HUMAN,11,/core/www/modules/match_peptides/blast_html4.php?run_id=110202&search_id=114132&scans_id=110198&peptide_id=8860&scanf=17579&charge=2&value=11,R.DRVEASSLPEVR.T,/core/www/modules/show_out/show_out_wrapper.php?run_id=110202&search_id=114132&scans_id=110198&peptide_id=8860&scanf=17579&charge=2&value=R.DRVEASSLPEVR.T,LARP7,9.096e+6,2.167,0.063,1.200,0.002
17582,2,"  3.641","  0.574",14/22,/core/www/modules//sdig/index.php?run_id=110202&search_id=114132&scans_id=110198&peptide_id=8863&scanf=17582&charge=2&value=14/22,sp|Q9GZR7|DDX24_HUMAN,/core/www/modules//consensus/?run_id=110202&search_id=114132&scans_id=110198&peptide_id=8863&scanf=17582&charge=2&value=sp|Q9GZR7|DDX24_HUMAN,4,/core/www/modules/match_peptides/blast_html4.php?run_id=110202&search_id=114132&scans_id=110198&peptide_id=8863&scanf=17582&charge=2&value=4,R.NEATVETLTETK.I,/core/www/modules/show_out/show_out_wrapper.php?run_id=110202&search_id=114132&scans_id=110198&peptide_id=8863&scanf=17582&charge=2&value=R.NEATVETLTETK.I,DDX24,4.855e+7,3.546,0.001,3.216,0.000
17583,3,"  4.831","  0.000",21/60,/core/www/modules//sdig/index.php?run_id=110202&search_id=114132&scans_id=110198&peptide_id=8864&scanf=17583&charge=3&value=21/60,sp|P09651|ROA1_HUMAN,/core/www/modules//consensus/?run_id=110202&search_id=114132&scans_id=110198&peptide_id=8864&scanf=17583&charge=3&value=sp|P09651|ROA1_HUMAN,10,/core/www/modules/match_peptides/blast_html4.php?run_id=110202&search_id=114132&scans_id=110198&peptide_id=8864&scanf=17583&charge=3&value=10,K.IFVGGIKEDTEEHHLR.D,/core/www/modules/show_out/show_out_wrapper.php?run_id=110202&search_id=114132&scans_id=110198&peptide_id=8864&scanf=17583&charge=3&value=K.IFVGGIKEDTEEHHLR.D,HNRNPA1,4.222e+7,3.579,0.001,3.265,0.000
17584,2,"  1.964","  0.178",9/16,/core/www/modules//sdig/index.php?run_id=110202&search_id=114132&scans_id=110198&peptide_id=8865&scanf=17584&charge=2&value=9/16,sp|P35998|PRS7_HUMAN,/core/www/modules//consensus/?run_id=110202&search_id=114132&scans_id=110198&peptide_id=8865&scanf=17584&charge=2&value=sp|P35998|PRS7_HUMAN,1,/core/www/modules/match_peptides/blast_html4.php?run_id=110202&search_id=114132&scans_id=110198&peptide_id=8865&scanf=17584&charge=2&value=1,R.VIGSELVQK.Y,/core/www/modules/show_out/show_out_wrapper.php?run_id=110202&search_id=114132&scans_id=110198&peptide_id=8865&scanf=17584&charge=2&value=R.VIGSELVQK.Y,PSMC2,1.439e+8,2.163,0.064,1.193,0.002
17585,3,"  2.842","  0.580",12/44,/core/www/modules//sdig/index.php?run_id=110202&search_id=114132&scans_id=110198&peptide_id=8866&scanf=17585&charge=3&value=12/44,sp|Q9BQ04|RBM4B_HUMAN,/core/www/modules//consensus/?run_id=110202&search_id=114132&scans_id=110198&peptide_id=8866&scanf=17585&charge=3&value=sp|Q9BQ04|RBM4B_HUMAN,7,/core/www/modules/match_peptides/blast_html4.php?run_id=110202&search_id=114132&scans_id=110198&peptide_id=8866&scanf=17585&charge=3&value=7,K.LHGVNINVEASK.N,/core/www/modules/show_out/show_out_wrapper.php?run_id=110202&search_id=114132&scans_id=110198&peptide_id=8866&scanf=17585&charge=3&value=K.LHGVNINVEASK.N,RBM4B,4.267e+7,3.449,0.001,3.073,0.000
17586,2,"  2.646","  0.525",10/16,/core/www/modules//sdig/index.php?run_id=110202&search_id=114132&scans_id=110198&peptide_id=8867&scanf=17586&charge=2&value=10/16,sp|Q9UHB9|SRP68_HUMAN,/core/www/modules//consensus/?run_id=110202&search_id=114132&scans_id=110198&peptide_id=8867&scanf=17586&charge=2&value=sp|Q9UHB9|SRP68_HUMAN,0,/core/www/modules/match_peptides/blast_html4.php?run_id=110202&search_id=114132&scans_id=110198&peptide_id=8867&scanf=17586&charge=2&value=0,R.VEEISPNIR.Y,/core/www/modules/show_out/show_out_wrapper.php?run_id=110202&search_id=114132&scans_id=110198&peptide_id=8867&scanf=17586&charge=2&value=R.VEEISPNIR.Y,SRP68,4.682e+7,3.428,0.001,3.041,0.000
17587,2,"  2.708","  0.575",12/20,/core/www/modules//sdig/index.php?run_id=110202&search_id=114132&scans_id=110198&peptide_id=8868&scanf=17587&charge=2&value=12/20,sp|Q5T280|CI114_HUMAN,/core/www/modules//consensus/?run_id=110202&search_id=114132&scans_id=110198&peptide_id=8868&scanf=17587&charge=2&value=sp|Q5T280|CI114_HUMAN,0,/core/www/modules/match_peptides/blast_html4.php?run_id=110202&search_id=114132&scans_id=110198&peptide_id=8868&scanf=17587&charge=2&value=0,K.TVEGEFTGVGK.K,/core/www/modules/show_out/show_out_wrapper.php?run_id=110202&search_id=114132&scans_id=110198&peptide_id=8868&scanf=17587&charge=2&value=K.TVEGEFTGVGK.K,SPOUT1,2.022e+7,3.508,0.001,3.160,0.000
17588,3,"  2.541","  0.405",13/40,/core/www/modules//sdig/index.php?run_id=110202&search_id=114132&scans_id=110198&peptide_id=8869&scanf=17588&charge=3&value=13/40,sp|Q08211|DHX9_HUMAN,/core/www/modules//consensus/?run_id=110202&search_id=114132&scans_id=110198&peptide_id=8869&scanf=17588&charge=3&value=sp|Q08211|DHX9_HUMAN,0,/core/www/modules/match_peptides/blast_html4.php?run_id=110202&search_id=114132&scans_id=110198&peptide_id=8869&scanf=17588&charge=3&value=0,R.LETHM*TPEMFR.T,/core/www/modules/show_out/show_out_wrapper.php?run_id=110202&search_id=114132&scans_id=110198&peptide_id=8869&scanf=17588&charge=3&value=R.LETHM*TPEMFR.T,DHX9,2.544e+7,3.409,0.001,3.013,0.000
17589,2,"  2.724","  0.499",12/18,/core/www/modules//sdig/index.php?run_id=110202&search_id=114132&scans_id=110198&peptide_id=8870&scanf=17589&charge=2&value=12/18,sp|O15372|EIF3H_HUMAN,/core/www/modules//consensus/?run_id=110202&search_id=114132&scans_id=110198&peptide_id=8870&scanf=17589&charge=2&value=sp|O15372|EIF3H_HUMAN,2,/core/www/modules/match_peptides/blast_html4.php?run_id=110202&search_id=114132&scans_id=110198&peptide_id=8870&scanf=17589&charge=2&value=2,R.VDEMSQDIVK.Y,/core/www/modules/show_out/show_out_wrapper.php?run_id=110202&search_id=114132&scans_id=110198&peptide_id=8870&scanf=17589&charge=2&value=R.VDEMSQDIVK.Y,EIF3H,2.275e+8,3.250,0.002,2.777,0.000
17590,3,"  3.022","  0.382",10/52,/core/www/modules//sdig/index.php?run_id=110202&search_id=114132&scans_id=110198&peptide_id=8872&scanf=17590&charge=3&value=10/52,sp|P78527|PRKDC_HUMAN,/core/www/modules//consensus/?run_id=110202&search_id=114132&scans_id=110198&peptide_id=8872&scanf=17590&charge=3&value=sp|P78527|PRKDC_HUMAN,0,/core/www/modules/match_peptides/blast_html4.php?run_id=110202&search_id=114132&scans_id=110198&peptide_id=8872&scanf=17590&charge=3&value=0,R.SLGPPQGEEDSVPR.D,/core/www/modules/show_out/show_out_wrapper.php?run_id=110202&search_id=114132&scans_id=110198&peptide_id=8872&scanf=17590&charge=3&value=R.SLGPPQGEEDSVPR.D,PRKDC,1.681e+7,3.384,0.001,2.976,0.000
17592,3,"  2.140","  0.476",12/52,/core/www/modules//sdig/index.php?run_id=110202&search_id=114132&scans_id=110198&peptide_id=8874&scanf=17592&charge=3&value=12/52,sp|P23246|SFPQ_HUMAN,/core/www/modules//consensus/?run_id=110202&search_id=114132&scans_id=110198&peptide_id=8874&scanf=17592&charge=3&value=sp|P23246|SFPQ_HUMAN,2,/core/www/modules/match_peptides/blast_html4.php?run_id=110202&search_id=114132&scans_id=110198&peptide_id=8874&scanf=17592&charge=3&value=2,R.FAQHGTFEYEYSQR.W,/core/www/modules/show_out/show_out_wrapper.php?run_id=110202&search_id=114132&scans_id=110198&peptide_id=8874&scanf=17592&charge=3&value=R.FAQHGTFEYEYSQR.W,SFPQ,2.691e+7,2.961,0.004,2.351,0.000
17594,2,"  3.153","  0.448",11/20,/core/www/modules//sdig/index.php?run_id=110202&search_id=114132&scans_id=110198&peptide_id=8876&scanf=17594&charge=2&value=11/20,sp|Q96P11|NSUN5_HUMAN,/core/www/modules//consensus/?run_id=110202&search_id=114132&scans_id=110198&peptide_id=8876&scanf=17594&charge=2&value=sp|Q96P11|NSUN5_HUMAN,0,/core/www/modules/match_peptides/blast_html4.php?run_id=110202&search_id=114132&scans_id=110198&peptide_id=8876&scanf=17594&charge=2&value=0,R.DALQQNPGAFR.L,/core/www/modules/show_out/show_out_wrapper.php?run_id=110202&search_id=114132&scans_id=110198&peptide_id=8876&scanf=17594&charge=2&value=R.DALQQNPGAFR.L,NSUN5,1.313e+7,2.990,0.004,2.394,0.000
17595,2,"  1.944","  0.304",8/14,/core/www/modules//sdig/index.php?run_id=110202&search_id=114132&scans_id=110198&peptide_id=8877&scanf=17595&charge=2&value=8/14,sp|P17480|UBF1_HUMAN,/core/www/modules//consensus/?run_id=110202&search_id=114132&scans_id=110198&peptide_id=8877&scanf=17595&charge=2&value=sp|P17480|UBF1_HUMAN,2,/core/www/modules/match_peptides/blast_html4.php?run_id=110202&search_id=114132&scans_id=110198&peptide_id=8877&scanf=17595&charge=2&value=2,R.MWNDLSEK.K,/core/www/modules/show_out/show_out_wrapper.php?run_id=110202&search_id=114132&scans_id=110198&peptide_id=8877&scanf=17595&charge=2&value=R.MWNDLSEK.K,UBTF,1.908e+7,2.616,0.014,1.844,0.000
17596,2,"  2.825","  0.481",13/20,/core/www/modules//sdig/index.php?run_id=110202&search_id=114132&scans_id=110198&peptide_id=8878&scanf=17596&charge=2&value=13/20,sp|O43818|U3IP2_HUMAN,/core/www/modules//consensus/?run_id=110202&search_id=114132&scans_id=110198&peptide_id=8878&scanf=17596&charge=2&value=sp|O43818|U3IP2_HUMAN,0,/core/www/modules/match_peptides/blast_html4.php?run_id=110202&search_id=114132&scans_id=110198&peptide_id=8878&scanf=17596&charge=2&value=0,K.EIQAPASADIR.V,/core/www/modules/show_out/show_out_wrapper.php?run_id=110202&search_id=114132&scans_id=110198&peptide_id=8878&scanf=17596&charge=2&value=K.EIQAPASADIR.V,RRP9,2.439e+7,3.219,0.002,2.732,0.000
17597,3,"  3.968","  0.562",17/56,/core/www/modules//sdig/index.php?run_id=110202&search_id=114132&scans_id=110198&peptide_id=8879&scanf=17597&charge=3&value=17/56,sp|Q13813|SPTN1_HUMAN,/core/www/modules//consensus/?run_id=110202&search_id=114132&scans_id=110198&peptide_id=8879&scanf=17597&charge=3&value=sp|Q13813|SPTN1_HUMAN,2,/core/www/modules/match_peptides/blast_html4.php?run_id=110202&search_id=114132&scans_id=110198&peptide_id=8879&scanf=17597&charge=3&value=2,K.KFEEFQTDMAAHEER.V,/core/www/modules/show_out/show_out_wrapper.php?run_id=110202&search_id=114132&scans_id=110198&peptide_id=8879&scanf=17597&charge=3&value=K.KFEEFQTDMAAHEER.V,SPTAN1,8.234e+6,3.213,0.002,2.724,0.000
17604,2,"  1.533","  0.197",8/12,/core/www/modules//sdig/index.php?run_id=110202&search_id=114132&scans_id=110198&peptide_id=8886&scanf=17604&charge=2&value=8/12,sp|P18077|RL35A_HUMAN,/core/www/modules//consensus/?run_id=110202&search_id=114132&scans_id=110198&peptide_id=8886&scanf=17604&charge=2&value=sp|P18077|RL35A_HUMAN,0,/core/www/modules/match_peptides/blast_html4.php?run_id=110202&search_id=114132&scans_id=110198&peptide_id=8886&scanf=17604&charge=2&value=0,R.VM*LYPSR.I,/core/www/modules/show_out/show_out_wrapper.php?run_id=110202&search_id=114132&scans_id=110198&peptide_id=8886&scanf=17604&charge=2&value=R.VM*LYPSR.I,RPL35A,1.344e+8,2.406,0.029,1.538,0.001
17605,2,"  2.393","  0.186",10/12,/core/www/modules//sdig/index.php?run_id=110202&search_id=114132&scans_id=110198&peptide_id=8887&scanf=17605&charge=2&value=10/12,sp|Q00839|HNRPU_HUMAN,/core/www/modules//consensus/?run_id=110202&search_id=114132&scans_id=110198&peptide_id=8887&scanf=17605&charge=2&value=sp|Q00839|HNRPU_HUMAN,12,/core/www/modules/match_peptides/blast_html4.php?run_id=110202&search_id=114132&scans_id=110198&peptide_id=8887&scanf=17605&charge=2&value=12,K.LNTLLQR.A,/core/www/modules/show_out/show_out_wrapper.php?run_id=110202&search_id=114132&scans_id=110198&peptide_id=8887&scanf=17605&charge=2&value=K.LNTLLQR.A,HNRNPU,6.800e+8,2.718,0.010,1.992,0.000
17606,3,"  2.032","  0.285",12/40,/core/www/modules//sdig/index.php?run_id=110202&search_id=114132&scans_id=110198&peptide_id=8888&scanf=17606&charge=3&value=12/40,sp|Q13347|EIF3I_HUMAN,/core/www/modules//consensus/?run_id=110202&search_id=114132&scans_id=110198&peptide_id=8888&scanf=17606&charge=3&value=sp|Q13347|EIF3I_HUMAN,20,/core/www/modules/match_peptides/blast_html4.php?run_id=110202&search_id=114132&scans_id=110198&peptide_id=8888&scanf=17606&charge=3&value=20,K.LFDSTTLEHQK.T,/core/www/modules/show_out/show_out_wrapper.php?run_id=110202&search_id=114132&scans_id=110198&peptide_id=8888&scanf=17606&charge=3&value=K.LFDSTTLEHQK.T,EIF3I,2.805e+7,2.413,0.028,1.548,0.001
17608,2,"  2.524","  0.460",11/16,/core/www/modules//sdig/index.php?run_id=110202&search_id=114132&scans_id=110198&peptide_id=8890&scanf=17608&charge=2&value=11/16,sp|Q9UQE7|SMC3_HUMAN,/core/www/modules//consensus/?run_id=110202&search_id=114132&scans_id=110198&peptide_id=8890&scanf=17608&charge=2&value=sp|Q9UQE7|SMC3_HUMAN,0,/core/www/modules/match_peptides/blast_html4.php?run_id=110202&search_id=114132&scans_id=110198&peptide_id=8890&scanf=17608&charge=2&value=0,R.VDALNDEIR.Q,/core/www/modules/show_out/show_out_wrapper.php?run_id=110202&search_id=114132&scans_id=110198&peptide_id=8890&scanf=17608&charge=2&value=R.VDALNDEIR.Q,SMC3,2.675e+7,3.486,0.001,3.127,0.000
17612,2,"  2.521","  0.449",11/18,/core/www/modules//sdig/index.php?run_id=110202&search_id=114132&scans_id=110198&peptide_id=8895&scanf=17612&charge=2&value=11/18,sp|Q9BQ39|DDX50_HUMAN,/core/www/modules//consensus/?run_id=110202&search_id=114132&scans_id=110198&peptide_id=8895&scanf=17612&charge=2&value=sp|Q9BQ39|DDX50_HUMAN,0,/core/www/modules/match_peptides/blast_html4.php?run_id=110202&search_id=114132&scans_id=110198&peptide_id=8895&scanf=17612&charge=2&value=0,K.VLVATNVAAR.G,/core/www/modules/show_out/show_out_wrapper.php?run_id=110202&search_id=114132&scans_id=110198&peptide_id=8895&scanf=17612&charge=2&value=K.VLVATNVAAR.G,DDX50,4.460e+7,3.111,0.003,2.572,0.000
17613,2,"  2.255","  0.482",12/18,/core/www/modules//sdig/index.php?run_id=110202&search_id=114132&scans_id=110198&peptide_id=8896&scanf=17613&charge=2&value=12/18,sp|P35579|MYH9_HUMAN,/core/www/modules//consensus/?run_id=110202&search_id=114132&scans_id=110198&peptide_id=8896&scanf=17613&charge=2&value=sp|P35579|MYH9_HUMAN,1,/core/www/modules/match_peptides/blast_html4.php?run_id=110202&search_id=114132&scans_id=110198&peptide_id=8896&scanf=17613&charge=2&value=1,R.ALEQQVEEMK.T,/core/www/modules/show_out/show_out_wrapper.php?run_id=110202&search_id=114132&scans_id=110198&peptide_id=8896&scanf=17613&charge=2&value=R.ALEQQVEEMK.T,MYH9,6.519e+7,3.442,0.001,3.062,0.000
17617,3,"  3.233","  0.538",15/48,/core/www/modules//sdig/index.php?run_id=110202&search_id=114132&scans_id=110198&peptide_id=8900&scanf=17617&charge=3&value=15/48,sp|Q92797|SYMPK_HUMAN,/core/www/modules//consensus/?run_id=110202&search_id=114132&scans_id=110198&peptide_id=8900&scanf=17617&charge=3&value=sp|Q92797|SYMPK_HUMAN,2,/core/www/modules/match_peptides/blast_html4.php?run_id=110202&search_id=114132&scans_id=110198&peptide_id=8900&scanf=17617&charge=3&value=2,K.RRPEPIIPVTQPR.L,/core/www/modules/show_out/show_out_wrapper.php?run_id=110202&search_id=114132&scans_id=110198&peptide_id=8900&scanf=17617&charge=3&value=K.RRPEPIIPVTQPR.L,SYMPK,2.579e+7,3.158,0.002,2.642,0.000
17618,3,"  2.385","  0.502",17/36,/core/www/modules//sdig/index.php?run_id=110202&search_id=114132&scans_id=110198&peptide_id=8901&scanf=17618&charge=3&value=17/36,sp|Q9NPF5|DMAP1_HUMAN,/core/www/modules//consensus/?run_id=110202&search_id=114132&scans_id=110198&peptide_id=8901&scanf=17618&charge=3&value=sp|Q9NPF5|DMAP1_HUMAN,3,/core/www/modules/match_peptides/blast_html4.php?run_id=110202&search_id=114132&scans_id=110198&peptide_id=8901&scanf=17618&charge=3&value=3,K.IPVFDAGHER.R,/core/www/modules/show_out/show_out_wrapper.php?run_id=110202&search_id=114132&scans_id=110198&peptide_id=8901&scanf=17618&charge=3&value=K.IPVFDAGHER.R,DMAP1,1.293e+7,3.499,0.001,3.147,0.000
17620,2,"  1.579","  0.211",8/14,/core/www/modules//sdig/index.php?run_id=110202&search_id=114132&scans_id=110198&peptide_id=8904&scanf=17620&charge=2&value=8/14,sp|P51114|FXR1_HUMAN,/core/www/modules//consensus/?run_id=110202&search_id=114132&scans_id=110198&peptide_id=8904&scanf=17620&charge=2&value=sp|P51114|FXR1_HUMAN,4,/core/www/modules/match_peptides/blast_html4.php?run_id=110202&search_id=114132&scans_id=110198&peptide_id=8904&scanf=17620&charge=2&value=4,R.QVPFNEVR.L,/core/www/modules/show_out/show_out_wrapper.php?run_id=110202&search_id=114132&scans_id=110198&peptide_id=8904&scanf=17620&charge=2&value=R.QVPFNEVR.L,FXR1,5.026e+7,2.291,0.042,1.373,0.001
17622,2,"  1.886","  0.408",8/16,/core/www/modules//sdig/index.php?run_id=110202&search_id=114132&scans_id=110198&peptide_id=8906&scanf=17622&charge=2&value=8/16,sp|Q16698|DECR_HUMAN,/core/www/modules//consensus/?run_id=110202&search_id=114132&scans_id=110198&peptide_id=8906&scanf=17622&charge=2&value=sp|Q16698|DECR_HUMAN,0,/core/www/modules/match_peptides/blast_html4.php?run_id=110202&search_id=114132&scans_id=110198&peptide_id=8906&scanf=17622&charge=2&value=0,R.LDPTGTFEK.E,/core/www/modules/show_out/show_out_wrapper.php?run_id=110202&search_id=114132&scans_id=110198&peptide_id=8906&scanf=17622&charge=2&value=R.LDPTGTFEK.E,DECR1,3.683e+8,2.825,0.007,2.151,0.000
17624,3,"  1.685","  0.395",10/32,/core/www/modules//sdig/index.php?run_id=110202&search_id=114132&scans_id=110198&peptide_id=8907&scanf=17624&charge=3&value=10/32,sp|Q13595|TRA2A_HUMAN,/core/www/modules//consensus/?run_id=110202&search_id=114132&scans_id=110198&peptide_id=8907&scanf=17624&charge=3&value=sp|Q13595|TRA2A_HUMAN,0,/core/www/modules/match_peptides/blast_html4.php?run_id=110202&search_id=114132&scans_id=110198&peptide_id=8907&scanf=17624&charge=3&value=0,R.IRVDYSITK.R,/core/www/modules/show_out/show_out_wrapper.php?run_id=110202&search_id=114132&scans_id=110198&peptide_id=8907&scanf=17624&charge=3&value=R.IRVDYSITK.R,TRA2A,6.783e+7,2.660,0.012,1.907,0.000
17625,2,"  1.938","  0.386",9/18,/core/www/modules//sdig/index.php?run_id=110202&search_id=114132&scans_id=110198&peptide_id=8908&scanf=17625&charge=2&value=9/18,sp|P62899|RL31_HUMAN,/core/www/modules//consensus/?run_id=110202&search_id=114132&scans_id=110198&peptide_id=8908&scanf=17625&charge=2&value=sp|P62899|RL31_HUMAN,0,/core/www/modules/match_peptides/blast_html4.php?run_id=110202&search_id=114132&scans_id=110198&peptide_id=8908&scanf=17625&charge=2&value=0,K.NLQTVNVDEN.-,/core/www/modules/show_out/show_out_wrapper.php?run_id=110202&search_id=114132&scans_id=110198&peptide_id=8908&scanf=17625&charge=2&value=K.NLQTVNVDEN.-,RPL31,5.550e+7,2.698,0.011,1.964,0.000
17626,3,"  5.187","  0.779",30/76,/core/www/modules//sdig/index.php?run_id=110202&search_id=114132&scans_id=110198&peptide_id=8909&scanf=17626&charge=3&value=30/76,sp|Q13263|TIF1B_HUMAN,/core/www/modules//consensus/?run_id=110202&search_id=114132&scans_id=110198&peptide_id=8909&scanf=17626&charge=3&value=sp|Q13263|TIF1B_HUMAN,1,/core/www/modules/match_peptides/blast_html4.php?run_id=110202&search_id=114132&scans_id=110198&peptide_id=8909&scanf=17626&charge=3&value=1,K.IVAERPGTNSTGPAPMAPPR.A,/core/www/modules/show_out/show_out_wrapper.php?run_id=110202&search_id=114132&scans_id=110198&peptide_id=8909&scanf=17626&charge=3&value=K.IVAERPGTNSTGPAPMAPPR.A,TRIM28,7.953e+7,4.179,0.000,4.155,0.000
17628,2,"  2.436","  0.318",11/14,/core/www/modules//sdig/index.php?run_id=110202&search_id=114132&scans_id=110198&peptide_id=8911&scanf=17628&charge=2&value=11/14,sp|P68104|EF1A1_HUMAN,/core/www/modules//consensus/?run_id=110202&search_id=114132&scans_id=110198&peptide_id=8911&scanf=17628&charge=2&value=sp|P68104|EF1A1_HUMAN,9,/core/www/modules/match_peptides/blast_html4.php?run_id=110202&search_id=114132&scans_id=110198&peptide_id=8911&scanf=17628&charge=2&value=9,K.QLIVGVNK.M,/core/www/modules/show_out/show_out_wrapper.php?run_id=110202&search_id=114132&scans_id=110198&peptide_id=8911&scanf=17628&charge=2&value=K.QLIVGVNK.M,EEF1A1,5.337e+8,3.007,0.004,2.419,0.000
17631,2,"  3.154","  0.588",13/22,/core/www/modules//sdig/index.php?run_id=110202&search_id=114132&scans_id=110198&peptide_id=8915&scanf=17631&charge=2&value=13/22,sp|P07437|TBB5_HUMAN,/core/www/modules//consensus/?run_id=110202&search_id=114132&scans_id=110198&peptide_id=8915&scanf=17631&charge=2&value=sp|P07437|TBB5_HUMAN,1,/core/www/modules/match_peptides/blast_html4.php?run_id=110202&search_id=114132&scans_id=110198&peptide_id=8915&scanf=17631&charge=2&value=1,R.ISVYYNEATGGK.Y,/core/www/modules/show_out/show_out_wrapper.php?run_id=110202&search_id=114132&scans_id=110198&peptide_id=8915&scanf=17631&charge=2&value=R.ISVYYNEATGGK.Y,TUBB,7.944e+7,3.497,0.001,3.144,0.000
17633,2,"  2.964","  0.384",13/14,/core/www/modules//sdig/index.php?run_id=110202&search_id=114132&scans_id=110198&peptide_id=8917&scanf=17633&charge=2&value=13/14,sp|P41091|IF2G_HUMAN,/core/www/modules//consensus/?run_id=110202&search_id=114132&scans_id=110198&peptide_id=8917&scanf=17633&charge=2&value=sp|P41091|IF2G_HUMAN,1,/core/www/modules/match_peptides/blast_html4.php?run_id=110202&search_id=114132&scans_id=110198&peptide_id=8917&scanf=17633&charge=2&value=1,K.HILILQNK.I,/core/www/modules/show_out/show_out_wrapper.php?run_id=110202&search_id=114132&scans_id=110198&peptide_id=8917&scanf=17633&charge=2&value=K.HILILQNK.I,EIF2S3,2.141e+7,3.422,0.001,3.033,0.000
17643,2,"  1.582","  0.246",8/12,/core/www/modules//sdig/index.php?run_id=110202&search_id=114132&scans_id=110198&peptide_id=8928&scanf=17643&charge=2&value=8/12,sp|P62312|LSM6_HUMAN,/core/www/modules//consensus/?run_id=110202&search_id=114132&scans_id=110198&peptide_id=8928&scanf=17643&charge=2&value=sp|P62312|LSM6_HUMAN,0,/core/www/modules/match_peptides/blast_html4.php?run_id=110202&search_id=114132&scans_id=110198&peptide_id=8928&scanf=17643&charge=2&value=0,K.YGDAFIR.G,/core/www/modules/show_out/show_out_wrapper.php?run_id=110202&search_id=114132&scans_id=110198&peptide_id=8928&scanf=17643&charge=2&value=K.YGDAFIR.G,LSM6,1.223e+7,2.514,0.020,1.695,0.000
17645,2,"  1.761","  0.285",9/12,/core/www/modules//sdig/index.php?run_id=110202&search_id=114132&scans_id=110198&peptide_id=8929&scanf=17645&charge=2&value=9/12,sp|P51531|SMCA2_HUMAN,/core/www/modules//consensus/?run_id=110202&search_id=114132&scans_id=110198&peptide_id=8929&scanf=17645&charge=2&value=sp|P51531|SMCA2_HUMAN,22,/core/www/modules/match_peptides/blast_html4.php?run_id=110202&search_id=114132&scans_id=110198&peptide_id=8929&scanf=17645&charge=2&value=22,K.WAPSVVK.I,/core/www/modules/show_out/show_out_wrapper.php?run_id=110202&search_id=114132&scans_id=110198&peptide_id=8929&scanf=17645&charge=2&value=K.WAPSVVK.I,SMARCA2,1.615e+8,3.097,0.003,2.551,0.000
17648,2,"  1.819","  0.139",8/12,/core/www/modules//sdig/index.php?run_id=110202&search_id=114132&scans_id=110198&peptide_id=8932&scanf=17648&charge=2&value=8/12,sp|Q9UIG0|BAZ1B_HUMAN,/core/www/modules//consensus/?run_id=110202&search_id=114132&scans_id=110198&peptide_id=8932&scanf=17648&charge=2&value=sp|Q9UIG0|BAZ1B_HUMAN,0,/core/www/modules/match_peptides/blast_html4.php?run_id=110202&search_id=114132&scans_id=110198&peptide_id=8932&scanf=17648&charge=2&value=0,R.LLAIQAK.K,/core/www/modules/show_out/show_out_wrapper.php?run_id=110202&search_id=114132&scans_id=110198&peptide_id=8932&scanf=17648&charge=2&value=R.LLAIQAK.K,BAZ1B,3.047e+7,2.338,0.036,1.440,0.001
17649,2,"  3.950","  0.664",17/26,/core/www/modules//sdig/index.php?run_id=110202&search_id=114132&scans_id=110198&peptide_id=8933&scanf=17649&charge=2&value=17/26,sp|P46087|NOP2_HUMAN,/core/www/modules//consensus/?run_id=110202&search_id=114132&scans_id=110198&peptide_id=8933&scanf=17649&charge=2&value=sp|P46087|NOP2_HUMAN,0,/core/www/modules/match_peptides/blast_html4.php?run_id=110202&search_id=114132&scans_id=110198&peptide_id=8933&scanf=17649&charge=2&value=0,K.NTGVILANDANAER.L,/core/www/modules/show_out/show_out_wrapper.php?run_id=110202&search_id=114132&scans_id=110198&peptide_id=8933&scanf=17649&charge=2&value=K.NTGVILANDANAER.L,NOP2,5.324e+7,3.874,0.000,3.703,0.000
17651,2,"  2.585","  0.546",12/20,/core/www/modules//sdig/index.php?run_id=110202&search_id=114132&scans_id=110198&peptide_id=8936&scanf=17651&charge=2&value=12/20,sp|P11233|RALA_HUMAN,/core/www/modules//consensus/?run_id=110202&search_id=114132&scans_id=110198&peptide_id=8936&scanf=17651&charge=2&value=sp|P11233|RALA_HUMAN,7,/core/www/modules/match_peptides/blast_html4.php?run_id=110202&search_id=114132&scans_id=110198&peptide_id=8936&scanf=17651&charge=2&value=7,K.VIMVGSGGVGK.S,/core/www/modules/show_out/show_out_wrapper.php?run_id=110202&search_id=114132&scans_id=110198&peptide_id=8936&scanf=17651&charge=2&value=K.VIMVGSGGVGK.S,RALA,3.640e+7,3.376,0.001,2.965,0.000
17652,3,"  2.757","  0.495",10/48,/core/www/modules//sdig/index.php?run_id=110202&search_id=114132&scans_id=110198&peptide_id=8937&scanf=17652&charge=3&value=10/48,sp|Q9Y2W1|TR150_HUMAN,/core/www/modules//consensus/?run_id=110202&search_id=114132&scans_id=110198&peptide_id=8937&scanf=17652&charge=3&value=sp|Q9Y2W1|TR150_HUMAN,1,/core/www/modules/match_peptides/blast_html4.php?run_id=110202&search_id=114132&scans_id=110198&peptide_id=8937&scanf=17652&charge=3&value=1,R.SIFQHIQSAQSQR.S,/core/www/modules/show_out/show_out_wrapper.php?run_id=110202&search_id=114132&scans_id=110198&peptide_id=8937&scanf=17652&charge=3&value=R.SIFQHIQSAQSQR.S,THRAP3,1.791e+7,3.083,0.003,2.530,0.000
17657,2,"  2.182","  0.464",10/14,/core/www/modules//sdig/index.php?run_id=110202&search_id=114132&scans_id=110198&peptide_id=8942&scanf=17657&charge=2&value=10/14,sp|Q12931|TRAP1_HUMAN,/core/www/modules//consensus/?run_id=110202&search_id=114132&scans_id=110198&peptide_id=8942&scanf=17657&charge=2&value=sp|Q12931|TRAP1_HUMAN,2,/core/www/modules/match_peptides/blast_html4.php?run_id=110202&search_id=114132&scans_id=110198&peptide_id=8942&scanf=17657&charge=2&value=2,K.TDAPLNIR.S,/core/www/modules/show_out/show_out_wrapper.php?run_id=110202&search_id=114132&scans_id=110198&peptide_id=8942&scanf=17657&charge=2&value=K.TDAPLNIR.S,TRAP1,1.658e+7,3.364,0.001,2.946,0.000
17660,2,"  2.037","  0.277",8/14,/core/www/modules//sdig/index.php?run_id=110202&search_id=114132&scans_id=110198&peptide_id=8946&scanf=17660&charge=2&value=8/14,sp|Q9H0D6|XRN2_HUMAN,/core/www/modules//consensus/?run_id=110202&search_id=114132&scans_id=110198&peptide_id=8946&scanf=17660&charge=2&value=sp|Q9H0D6|XRN2_HUMAN,0,/core/www/modules/match_peptides/blast_html4.php?run_id=110202&search_id=114132&scans_id=110198&peptide_id=8946&scanf=17660&charge=2&value=0,K.AVMLPGAR.K,/core/www/modules/show_out/show_out_wrapper.php?run_id=110202&search_id=114132&scans_id=110198&peptide_id=8946&scanf=17660&charge=2&value=K.AVMLPGAR.K,XRN2,1.397e+7,2.543,0.018,1.736,0.000
17662,2,"  2.784","  0.527",13/22,/core/www/modules//sdig/index.php?run_id=110202&search_id=114132&scans_id=110198&peptide_id=8948&scanf=17662&charge=2&value=13/22,sp|Q6P2Q9|PRP8_HUMAN,/core/www/modules//consensus/?run_id=110202&search_id=114132&scans_id=110198&peptide_id=8948&scanf=17662&charge=2&value=sp|Q6P2Q9|PRP8_HUMAN,1,/core/www/modules/match_peptides/blast_html4.php?run_id=110202&search_id=114132&scans_id=110198&peptide_id=8948&scanf=17662&charge=2&value=1,K.DMNHTNSYGIIR.G,/core/www/modules/show_out/show_out_wrapper.php?run_id=110202&search_id=114132&scans_id=110198&peptide_id=8948&scanf=17662&charge=2&value=K.DMNHTNSYGIIR.G,PRPF8,1.290e+7,3.591,0.001,3.283,0.000
17664,2,"  2.584","  0.446",9/20,/core/www/modules//sdig/index.php?run_id=110202&search_id=114132&scans_id=110198&peptide_id=8950&scanf=17664&charge=2&value=9/20,sp|P21333|FLNA_HUMAN,/core/www/modules//consensus/?run_id=110202&search_id=114132&scans_id=110198&peptide_id=8950&scanf=17664&charge=2&value=sp|P21333|FLNA_HUMAN,1,/core/www/modules/match_peptides/blast_html4.php?run_id=110202&search_id=114132&scans_id=110198&peptide_id=8950&scanf=17664&charge=2&value=1,R.EATTEFSVDAR.A,/core/www/modules/show_out/show_out_wrapper.php?run_id=110202&search_id=114132&scans_id=110198&peptide_id=8950&scanf=17664&charge=2&value=R.EATTEFSVDAR.A,FLNA,3.049e+7,2.967,0.004,2.360,0.000
17666,3,"  2.461","  0.463",12/40,/core/www/modules//sdig/index.php?run_id=110202&search_id=114132&scans_id=110198&peptide_id=8951&scanf=17666&charge=3&value=12/40,sp|Q9UQE7|SMC3_HUMAN,/core/www/modules//consensus/?run_id=110202&search_id=114132&scans_id=110198&peptide_id=8951&scanf=17666&charge=3&value=sp|Q9UQE7|SMC3_HUMAN,0,/core/www/modules/match_peptides/blast_html4.php?run_id=110202&search_id=114132&scans_id=110198&peptide_id=8951&scanf=17666&charge=3&value=0,R.LALLHEGTGPR.V,/core/www/modules/show_out/show_out_wrapper.php?run_id=110202&search_id=114132&scans_id=110198&peptide_id=8951&scanf=17666&charge=3&value=R.LALLHEGTGPR.V,SMC3,7.870e+7,3.273,0.002,2.812,0.000
17668,3,"  2.854","  0.608",14/40,/core/www/modules//sdig/index.php?run_id=110202&search_id=114132&scans_id=110198&peptide_id=8953&scanf=17668&charge=3&value=14/40,sp|Q92841|DDX17_HUMAN,/core/www/modules//consensus/?run_id=110202&search_id=114132&scans_id=110198&peptide_id=8953&scanf=17668&charge=3&value=sp|Q92841|DDX17_HUMAN,2,/core/www/modules/match_peptides/blast_html4.php?run_id=110202&search_id=114132&scans_id=110198&peptide_id=8953&scanf=17668&charge=3&value=2,K.NFYVEHPEVAR.L,/core/www/modules/show_out/show_out_wrapper.php?run_id=110202&search_id=114132&scans_id=110198&peptide_id=8953&scanf=17668&charge=3&value=K.NFYVEHPEVAR.L,DDX17,2.035e+8,3.748,0.000,3.516,0.000
17669,2,"  2.820","  0.401",14/20,/core/www/modules//sdig/index.php?run_id=110202&search_id=114132&scans_id=110198&peptide_id=8954&scanf=17669&charge=2&value=14/20,sp|Q13263|TIF1B_HUMAN,/core/www/modules//consensus/?run_id=110202&search_id=114132&scans_id=110198&peptide_id=8954&scanf=17669&charge=2&value=sp|Q13263|TIF1B_HUMAN,1,/core/www/modules/match_peptides/blast_html4.php?run_id=110202&search_id=114132&scans_id=110198&peptide_id=8954&scanf=17669&charge=2&value=1,R.SGEGEVSGLMR.K,/core/www/modules/show_out/show_out_wrapper.php?run_id=110202&search_id=114132&scans_id=110198&peptide_id=8954&scanf=17669&charge=2&value=R.SGEGEVSGLMR.K,TRIM28,8.366e+7,2.767,0.009,2.065,0.000
17670,2,"  3.390","  0.686",16/26,/core/www/modules//sdig/index.php?run_id=110202&search_id=114132&scans_id=110198&peptide_id=8956&scanf=17670&charge=2&value=16/26,sp|P78527|PRKDC_HUMAN,/core/www/modules//consensus/?run_id=110202&search_id=114132&scans_id=110198&peptide_id=8956&scanf=17670&charge=2&value=sp|P78527|PRKDC_HUMAN,1,/core/www/modules/match_peptides/blast_html4.php?run_id=110202&search_id=114132&scans_id=110198&peptide_id=8956&scanf=17670&charge=2&value=1,R.ILELSGSSSEDSEK.V,/core/www/modules/show_out/show_out_wrapper.php?run_id=110202&search_id=114132&scans_id=110198&peptide_id=8956&scanf=17670&charge=2&value=R.ILELSGSSSEDSEK.V,PRKDC,1.046e+8,4.603,0.000,4.784,0.000
17676,2,"  2.390","  0.439",12/16,/core/www/modules//sdig/index.php?run_id=110202&search_id=114132&scans_id=110198&peptide_id=8962&scanf=17676&charge=2&value=12/16,sp|Q13601|KRR1_HUMAN,/core/www/modules//consensus/?run_id=110202&search_id=114132&scans_id=110198&peptide_id=8962&scanf=17676&charge=2&value=sp|Q13601|KRR1_HUMAN,0,/core/www/modules/match_peptides/blast_html4.php?run_id=110202&search_id=114132&scans_id=110198&peptide_id=8962&scanf=17676&charge=2&value=0,K.NIHPIYNIK.S,/core/www/modules/show_out/show_out_wrapper.php?run_id=110202&search_id=114132&scans_id=110198&peptide_id=8962&scanf=17676&charge=2&value=K.NIHPIYNIK.S,KRR1,3.156e+7,3.274,0.002,2.813,0.000
17677,2,"  2.193","  0.316",9/16,/core/www/modules//sdig/index.php?run_id=110202&search_id=114132&scans_id=110198&peptide_id=8963&scanf=17677&charge=2&value=9/16,sp|P09543|CN37_HUMAN,/core/www/modules//consensus/?run_id=110202&search_id=114132&scans_id=110198&peptide_id=8963&scanf=17677&charge=2&value=sp|P09543|CN37_HUMAN,0,/core/www/modules/match_peptides/blast_html4.php?run_id=110202&search_id=114132&scans_id=110198&peptide_id=8963&scanf=17677&charge=2&value=0,K.LSPTDNLPR.G,/core/www/modules/show_out/show_out_wrapper.php?run_id=110202&search_id=114132&scans_id=110198&peptide_id=8963&scanf=17677&charge=2&value=K.LSPTDNLPR.G,CNP,2.170e+7,2.557,0.018,1.757,0.000
17679,2,"  1.459","  0.219",6/14,/core/www/modules//sdig/index.php?run_id=110202&search_id=114132&scans_id=110198&peptide_id=8965&scanf=17679&charge=2&value=6/14,sp|Q9NZN4|EHD2_HUMAN,/core/www/modules//consensus/?run_id=110202&search_id=114132&scans_id=110198&peptide_id=8965&scanf=17679&charge=2&value=sp|Q9NZN4|EHD2_HUMAN,0,/core/www/modules/match_peptides/blast_html4.php?run_id=110202&search_id=114132&scans_id=110198&peptide_id=8965&scanf=17679&charge=2&value=0,K.LPNSVLGR.I,/core/www/modules/show_out/show_out_wrapper.php?run_id=110202&search_id=114132&scans_id=110198&peptide_id=8965&scanf=17679&charge=2&value=K.LPNSVLGR.I,EHD2,1.116e+8,1.994,0.108,0.965,0.005
17683,2,"  2.179","  0.461",8/14,/core/www/modules//sdig/index.php?run_id=110202&search_id=114132&scans_id=110198&peptide_id=8970&scanf=17683&charge=2&value=8/14,sp|P61247|RS3A_HUMAN,/core/www/modules//consensus/?run_id=110202&search_id=114132&scans_id=110198&peptide_id=8970&scanf=17683&charge=2&value=sp|P61247|RS3A_HUMAN,9,/core/www/modules/match_peptides/blast_html4.php?run_id=110202&search_id=114132&scans_id=110198&peptide_id=8970&scanf=17683&charge=2&value=9,K.TTDGYLLR.L,/core/www/modules/show_out/show_out_wrapper.php?run_id=110202&search_id=114132&scans_id=110198&peptide_id=8970&scanf=17683&charge=2&value=K.TTDGYLLR.L,RPS3A,1.556e+8,3.171,0.002,2.661,0.000
17684,3,"  3.667","  0.588",15/40,/core/www/modules//sdig/index.php?run_id=110202&search_id=114132&scans_id=110198&peptide_id=8971&scanf=17684&charge=3&value=15/40,sp|P46087|NOP2_HUMAN,/core/www/modules//consensus/?run_id=110202&search_id=114132&scans_id=110198&peptide_id=8971&scanf=17684&charge=3&value=sp|P46087|NOP2_HUMAN,3,/core/www/modules/match_peptides/blast_html4.php?run_id=110202&search_id=114132&scans_id=110198&peptide_id=8971&scanf=17684&charge=3&value=3,K.KGPQSLFNAPR.G,/core/www/modules/show_out/show_out_wrapper.php?run_id=110202&search_id=114132&scans_id=110198&peptide_id=8971&scanf=17684&charge=3&value=K.KGPQSLFNAPR.G,NOP2,4.239e+7,3.469,0.001,3.102,0.000
17685,2,"  3.379","  0.183",13/18,/core/www/modules//sdig/index.php?run_id=110202&search_id=114132&scans_id=110198&peptide_id=8972&scanf=17685&charge=2&value=13/18,sp|Q9NVP1|DDX18_HUMAN,/core/www/modules//consensus/?run_id=110202&search_id=114132&scans_id=110198&peptide_id=8972&scanf=17685&charge=2&value=sp|Q9NVP1|DDX18_HUMAN,0,/core/www/modules/match_peptides/blast_html4.php?run_id=110202&search_id=114132&scans_id=110198&peptide_id=8972&scanf=17685&charge=2&value=0,K.ISDIQSQLEK.L,/core/www/modules/show_out/show_out_wrapper.php?run_id=110202&search_id=114132&scans_id=110198&peptide_id=8972&scanf=17685&charge=2&value=K.ISDIQSQLEK.L,DDX18,4.022e+7,2.477,0.023,1.640,0.001
17687,2,"  1.734","  0.303",9/14,/core/www/modules//sdig/index.php?run_id=110202&search_id=114132&scans_id=110198&peptide_id=8973&scanf=17687&charge=2&value=9/14,sp|O00567|NOP56_HUMAN,/core/www/modules//consensus/?run_id=110202&search_id=114132&scans_id=110198&peptide_id=8973&scanf=17687&charge=2&value=sp|O00567|NOP56_HUMAN,2,/core/www/modules/match_peptides/blast_html4.php?run_id=110202&search_id=114132&scans_id=110198&peptide_id=8973&scanf=17687&charge=2&value=2,R.LAQFIGNR.R,/core/www/modules/show_out/show_out_wrapper.php?run_id=110202&search_id=114132&scans_id=110198&peptide_id=8973&scanf=17687&charge=2&value=R.LAQFIGNR.R,NOP56,1.908e+8,2.761,0.009,2.055,0.000
17688,2,"  2.447","  0.503",10/16,/core/www/modules//sdig/index.php?run_id=110202&search_id=114132&scans_id=110198&peptide_id=8974&scanf=17688&charge=2&value=10/16,sp|P08670|VIME_HUMAN,/core/www/modules//consensus/?run_id=110202&search_id=114132&scans_id=110198&peptide_id=8974&scanf=17688&charge=2&value=sp|P08670|VIME_HUMAN,3,/core/www/modules/match_peptides/blast_html4.php?run_id=110202&search_id=114132&scans_id=110198&peptide_id=8974&scanf=17688&charge=2&value=3,K.VELQELNDR.F,/core/www/modules/show_out/show_out_wrapper.php?run_id=110202&search_id=114132&scans_id=110198&peptide_id=8974&scanf=17688&charge=2&value=K.VELQELNDR.F,VIM,2.083e+9,3.770,0.000,3.549,0.000
17689,2,"  2.304","  0.368",10/14,/core/www/modules//sdig/index.php?run_id=110202&search_id=114132&scans_id=110198&peptide_id=8975&scanf=17689&charge=2&value=10/14,sp|P38919|IF4A3_HUMAN,/core/www/modules//consensus/?run_id=110202&search_id=114132&scans_id=110198&peptide_id=8975&scanf=17689&charge=2&value=sp|P38919|IF4A3_HUMAN,0,/core/www/modules/match_peptides/blast_html4.php?run_id=110202&search_id=114132&scans_id=110198&peptide_id=8975&scanf=17689&charge=2&value=0,R.ELAVQIQK.G,/core/www/modules/show_out/show_out_wrapper.php?run_id=110202&search_id=114132&scans_id=110198&peptide_id=8975&scanf=17689&charge=2&value=R.ELAVQIQK.G,EIF4A3,1.490e+8,3.109,0.003,2.569,0.000
17691,2,"  2.960","  0.488",13/20,/core/www/modules//sdig/index.php?run_id=110202&search_id=114132&scans_id=110198&peptide_id=8978&scanf=17691&charge=2&value=13/20,sp|P50990|TCPQ_HUMAN,/core/www/modules//consensus/?run_id=110202&search_id=114132&scans_id=110198&peptide_id=8978&scanf=17691&charge=2&value=sp|P50990|TCPQ_HUMAN,1,/core/www/modules/match_peptides/blast_html4.php?run_id=110202&search_id=114132&scans_id=110198&peptide_id=8978&scanf=17691&charge=2&value=1,K.GEENLMDAQVK.A,/core/www/modules/show_out/show_out_wrapper.php?run_id=110202&search_id=114132&scans_id=110198&peptide_id=8978&scanf=17691&charge=2&value=K.GEENLMDAQVK.A,CCT8,4.583e+7,3.333,0.001,2.901,0.000
17692,3,"  3.870","  0.624",17/52,/core/www/modules//sdig/index.php?run_id=110202&search_id=114132&scans_id=110198&peptide_id=8979&scanf=17692&charge=3&value=17/52,sp|P21333|FLNA_HUMAN,/core/www/modules//consensus/?run_id=110202&search_id=114132&scans_id=110198&peptide_id=8979&scanf=17692&charge=3&value=sp|P21333|FLNA_HUMAN,1,/core/www/modules/match_peptides/blast_html4.php?run_id=110202&search_id=114132&scans_id=110198&peptide_id=8979&scanf=17692&charge=3&value=1,K.YNEQHVPGSPFTAR.V,/core/www/modules/show_out/show_out_wrapper.php?run_id=110202&search_id=114132&scans_id=110198&peptide_id=8979&scanf=17692&charge=3&value=K.YNEQHVPGSPFTAR.V,FLNA,2.669e+7,3.812,0.000,3.611,0.000
17694,3,"  3.264","  0.432",15/44,/core/www/modules//sdig/index.php?run_id=110202&search_id=114132&scans_id=110198&peptide_id=8981&scanf=17694&charge=3&value=15/44,sp|Q9NWH9|SLTM_HUMAN,/core/www/modules//consensus/?run_id=110202&search_id=114132&scans_id=110198&peptide_id=8981&scanf=17694&charge=3&value=sp|Q9NWH9|SLTM_HUMAN,1,/core/www/modules/match_peptides/blast_html4.php?run_id=110202&search_id=114132&scans_id=110198&peptide_id=8981&scanf=17694&charge=3&value=1,K.SPGHMVILDQTK.G,/core/www/modules/show_out/show_out_wrapper.php?run_id=110202&search_id=114132&scans_id=110198&peptide_id=8981&scanf=17694&charge=3&value=K.SPGHMVILDQTK.G,SLTM,2.914e+7,3.089,0.003,2.539,0.000
17696,3,"  3.412","  0.456",17/36,/core/www/modules//sdig/index.php?run_id=110202&search_id=114132&scans_id=110198&peptide_id=8983&scanf=17696&charge=3&value=17/36,sp|P02545|LMNA_HUMAN,/core/www/modules//consensus/?run_id=110202&search_id=114132&scans_id=110198&peptide_id=8983&scanf=17696&charge=3&value=sp|P02545|LMNA_HUMAN,5,/core/www/modules/match_peptides/blast_html4.php?run_id=110202&search_id=114132&scans_id=110198&peptide_id=8983&scanf=17696&charge=3&value=5,K.LRDLEDSLAR.E,/core/www/modules/show_out/show_out_wrapper.php?run_id=110202&search_id=114132&scans_id=110198&peptide_id=8983&scanf=17696&charge=3&value=K.LRDLEDSLAR.E,LMNA,1.199e+8,3.256,0.002,2.787,0.000
17697,2,"  3.498","  0.509",14/20,/core/www/modules//sdig/index.php?run_id=110202&search_id=114132&scans_id=110198&peptide_id=8984&scanf=17697&charge=2&value=14/20,sp|Q8NE71|ABCF1_HUMAN,/core/www/modules//consensus/?run_id=110202&search_id=114132&scans_id=110198&peptide_id=8984&scanf=17697&charge=2&value=sp|Q8NE71|ABCF1_HUMAN,3,/core/www/modules/match_peptides/blast_html4.php?run_id=110202&search_id=114132&scans_id=110198&peptide_id=8984&scanf=17697&charge=2&value=3,R.QAMLENASDIK.L,/core/www/modules/show_out/show_out_wrapper.php?run_id=110202&search_id=114132&scans_id=110198&peptide_id=8984&scanf=17697&charge=2&value=R.QAMLENASDIK.L,ABCF1,2.364e+7,3.512,0.001,3.166,0.000
17698,2,"  3.558","  0.719",15/24,/core/www/modules//sdig/index.php?run_id=110202&search_id=114132&scans_id=110198&peptide_id=8985&scanf=17698&charge=2&value=15/24,sp|Q96GM5|SMRD1_HUMAN,/core/www/modules//consensus/?run_id=110202&search_id=114132&scans_id=110198&peptide_id=8985&scanf=17698&charge=2&value=sp|Q96GM5|SMRD1_HUMAN,2,/core/www/modules/match_peptides/blast_html4.php?run_id=110202&search_id=114132&scans_id=110198&peptide_id=8985&scanf=17698&charge=2&value=2,K.TMTDVVGNPEEER.R,/core/www/modules/show_out/show_out_wrapper.php?run_id=110202&search_id=114132&scans_id=110198&peptide_id=8985&scanf=17698&charge=2&value=K.TMTDVVGNPEEER.R,SMARCD1,2.519e+7,3.993,0.000,3.879,0.000
17699,2,"  2.130","  0.350",9/14,/core/www/modules//sdig/index.php?run_id=110202&search_id=114132&scans_id=110198&peptide_id=8986&scanf=17699&charge=2&value=9/14,sp|P78527|PRKDC_HUMAN,/core/www/modules//consensus/?run_id=110202&search_id=114132&scans_id=110198&peptide_id=8986&scanf=17699&charge=2&value=sp|P78527|PRKDC_HUMAN,0,/core/www/modules/match_peptides/blast_html4.php?run_id=110202&search_id=114132&scans_id=110198&peptide_id=8986&scanf=17699&charge=2&value=0,K.IPDTVLEK.V,/core/www/modules/show_out/show_out_wrapper.php?run_id=110202&search_id=114132&scans_id=110198&peptide_id=8986&scanf=17699&charge=2&value=K.IPDTVLEK.V,PRKDC,7.440e+7,3.662,0.000,3.389,0.000
17700,2,"  2.820","  0.484",11/16,/core/www/modules//sdig/index.php?run_id=110202&search_id=114132&scans_id=110198&peptide_id=8987&scanf=17700&charge=2&value=11/16,sp|P42704|LPPRC_HUMAN,/core/www/modules//consensus/?run_id=110202&search_id=114132&scans_id=110198&peptide_id=8987&scanf=17700&charge=2&value=sp|P42704|LPPRC_HUMAN,14,/core/www/modules/match_peptides/blast_html4.php?run_id=110202&search_id=114132&scans_id=110198&peptide_id=8987&scanf=17700&charge=2&value=14,K.IQEENVIPR.E,/core/www/modules/show_out/show_out_wrapper.php?run_id=110202&search_id=114132&scans_id=110198&peptide_id=8987&scanf=17700&charge=2&value=K.IQEENVIPR.E,LRPPRC,2.173e+7,3.487,0.001,3.129,0.000
17702,2,"  1.886","  0.382",9/16,/core/www/modules//sdig/index.php?run_id=110202&search_id=114132&scans_id=110198&peptide_id=8989&scanf=17702&charge=2&value=9/16,sp|P40938|RFC3_HUMAN,/core/www/modules//consensus/?run_id=110202&search_id=114132&scans_id=110198&peptide_id=8989&scanf=17702&charge=2&value=sp|P40938|RFC3_HUMAN,0,/core/www/modules/match_peptides/blast_html4.php?run_id=110202&search_id=114132&scans_id=110198&peptide_id=8989&scanf=17702&charge=2&value=0,R.ELYGVGVEK.L,/core/www/modules/show_out/show_out_wrapper.php?run_id=110202&search_id=114132&scans_id=110198&peptide_id=8989&scanf=17702&charge=2&value=R.ELYGVGVEK.L,RFC3,2.167e+7,2.761,0.009,2.056,0.000
17704,2,"  3.679","  0.549",15/24,/core/www/modules//sdig/index.php?run_id=110202&search_id=114132&scans_id=110198&peptide_id=8991&scanf=17704&charge=2&value=15/24,sp|P35250|RFC2_HUMAN,/core/www/modules//consensus/?run_id=110202&search_id=114132&scans_id=110198&peptide_id=8991&scanf=17704&charge=2&value=sp|P35250|RFC2_HUMAN,6,/core/www/modules/match_peptides/blast_html4.php?run_id=110202&search_id=114132&scans_id=110198&peptide_id=8991&scanf=17704&charge=2&value=6,K.LNEIVGNEDTVSR.L,/core/www/modules/show_out/show_out_wrapper.php?run_id=110202&search_id=114132&scans_id=110198&peptide_id=8991&scanf=17704&charge=2&value=K.LNEIVGNEDTVSR.L,RFC2,3.086e+7,3.463,0.001,3.093,0.000
17706,3,"  3.014","  0.461",14/48,/core/www/modules//sdig/index.php?run_id=110202&search_id=114132&scans_id=110198&peptide_id=8993&scanf=17706&charge=3&value=14/48,sp|P07900|HS90A_HUMAN,/core/www/modules//consensus/?run_id=110202&search_id=114132&scans_id=110198&peptide_id=8993&scanf=17706&charge=3&value=sp|P07900|HS90A_HUMAN,4,/core/www/modules/match_peptides/blast_html4.php?run_id=110202&search_id=114132&scans_id=110198&peptide_id=8993&scanf=17706&charge=3&value=4,K.EGLELPEDEEEKK.K,/core/www/modules/show_out/show_out_wrapper.php?run_id=110202&search_id=114132&scans_id=110198&peptide_id=8993&scanf=17706&charge=3&value=K.EGLELPEDEEEKK.K,HSP90AA1,5.152e+7,2.985,0.004,2.386,0.000
17708,2,"  1.538","  0.479",7/14,/core/www/modules//sdig/index.php?run_id=110202&search_id=114132&scans_id=110198&peptide_id=8994&scanf=17708&charge=2&value=7/14,sp|P09651|ROA1_HUMAN,/core/www/modules//consensus/?run_id=110202&search_id=114132&scans_id=110198&peptide_id=8994&scanf=17708&charge=2&value=sp|P09651|ROA1_HUMAN,10,/core/www/modules/match_peptides/blast_html4.php?run_id=110202&search_id=114132&scans_id=110198&peptide_id=8994&scanf=17708&charge=2&value=10,R.DYFEQYGK.I,/core/www/modules/show_out/show_out_wrapper.php?run_id=110202&search_id=114132&scans_id=110198&peptide_id=8994&scanf=17708&charge=2&value=R.DYFEQYGK.I,HNRNPA1,4.864e+8,3.133,0.002,2.604,0.000
17711,2,"  1.768","  0.141",8/12,/core/www/modules//sdig/index.php?run_id=110202&search_id=114132&scans_id=110198&peptide_id=8998&scanf=17711&charge=2&value=8/12,sp|P18077|RL35A_HUMAN,/core/www/modules//consensus/?run_id=110202&search_id=114132&scans_id=110198&peptide_id=8998&scanf=17711&charge=2&value=sp|P18077|RL35A_HUMAN,0,/core/www/modules/match_peptides/blast_html4.php?run_id=110202&search_id=114132&scans_id=110198&peptide_id=8998&scanf=17711&charge=2&value=0,R.VMLYPSR.I,/core/www/modules/show_out/show_out_wrapper.php?run_id=110202&search_id=114132&scans_id=110198&peptide_id=8998&scanf=17711&charge=2&value=R.VMLYPSR.I,RPL35A,3.739e+8,2.120,0.073,1.135,0.002
17712,4,"  3.817","  0.632",20/78,/core/www/modules//sdig/index.php?run_id=110202&search_id=114132&scans_id=110198&peptide_id=8999&scanf=17712&charge=4&value=20/78,sp|P12956|XRCC6_HUMAN,/core/www/modules//consensus/?run_id=110202&search_id=114132&scans_id=110198&peptide_id=8999&scanf=17712&charge=4&value=sp|P12956|XRCC6_HUMAN,1,/core/www/modules/match_peptides/blast_html4.php?run_id=110202&search_id=114132&scans_id=110198&peptide_id=8999&scanf=17712&charge=4&value=1,R.QIILEKEETEELKR.F,/core/www/modules/show_out/show_out_wrapper.php?run_id=110202&search_id=114132&scans_id=110198&peptide_id=8999&scanf=17712&charge=4&value=R.QIILEKEETEELKR.F,XRCC6,6.486e+7,3.629,0.000,3.340,0.000
17713,2,"  2.695","  0.259",10/14,/core/www/modules//sdig/index.php?run_id=110202&search_id=114132&scans_id=110198&peptide_id=9000&scanf=17713&charge=2&value=10/14,sp|Q96PK6|RBM14_HUMAN,/core/www/modules//consensus/?run_id=110202&search_id=114132&scans_id=110198&peptide_id=9000&scanf=17713&charge=2&value=sp|Q96PK6|RBM14_HUMAN,0,/core/www/modules/match_peptides/blast_html4.php?run_id=110202&search_id=114132&scans_id=110198&peptide_id=9000&scanf=17713&charge=2&value=0,R.INVELSTK.G,/core/www/modules/show_out/show_out_wrapper.php?run_id=110202&search_id=114132&scans_id=110198&peptide_id=9000&scanf=17713&charge=2&value=R.INVELSTK.G,RBM14,7.941e+7,2.726,0.010,2.004,0.000
17714,2,"  3.774","  0.635",14/22,/core/www/modules//sdig/index.php?run_id=110202&search_id=114132&scans_id=110198&peptide_id=9001&scanf=17714&charge=2&value=14/22,sp|O94906|PRP6_HUMAN,/core/www/modules//consensus/?run_id=110202&search_id=114132&scans_id=110198&peptide_id=9001&scanf=17714&charge=2&value=sp|O94906|PRP6_HUMAN,0,/core/www/modules/match_peptides/blast_html4.php?run_id=110202&search_id=114132&scans_id=110198&peptide_id=9001&scanf=17714&charge=2&value=0,K.AAVELEEPEDAR.I,/core/www/modules/show_out/show_out_wrapper.php?run_id=110202&search_id=114132&scans_id=110198&peptide_id=9001&scanf=17714&charge=2&value=K.AAVELEEPEDAR.I,PRPF6,4.683e+7,3.845,0.000,3.660,0.000
17716,2,"  1.531","  0.276",7/18,/core/www/modules//sdig/index.php?run_id=110202&search_id=114132&scans_id=110198&peptide_id=9003&scanf=17716&charge=2&value=7/18,sp|Q8IWX8|CHERP_HUMAN,/core/www/modules//consensus/?run_id=110202&search_id=114132&scans_id=110198&peptide_id=9003&scanf=17716&charge=2&value=sp|Q8IWX8|CHERP_HUMAN,1,/core/www/modules/match_peptides/blast_html4.php?run_id=110202&search_id=114132&scans_id=110198&peptide_id=9003&scanf=17716&charge=2&value=1,R.LPPPMPPSER.L,/core/www/modules/show_out/show_out_wrapper.php?run_id=110202&search_id=114132&scans_id=110198&peptide_id=9003&scanf=17716&charge=2&value=R.LPPPMPPSER.L,CHERP,1.349e+8,2.128,0.072,1.146,0.002
17717,2,"  2.010","  0.356",8/20,/core/www/modules//sdig/index.php?run_id=110202&search_id=114132&scans_id=110198&peptide_id=9004&scanf=17717&charge=2&value=8/20,sp|P10301|RRAS_HUMAN,/core/www/modules//consensus/?run_id=110202&search_id=114132&scans_id=110198&peptide_id=9004&scanf=17717&charge=2&value=sp|P10301|RRAS_HUMAN,3,/core/www/modules/match_peptides/blast_html4.php?run_id=110202&search_id=114132&scans_id=110198&peptide_id=9004&scanf=17717&charge=2&value=3,K.LVVVGGGGVGK.S,/core/www/modules/show_out/show_out_wrapper.php?run_id=110202&search_id=114132&scans_id=110198&peptide_id=9004&scanf=17717&charge=2&value=K.LVVVGGGGVGK.S,RRAS,2.224e+7,2.419,0.028,1.558,0.001
17718,2,"  3.067","  0.377",14/20,/core/www/modules//sdig/index.php?run_id=110202&search_id=114132&scans_id=110198&peptide_id=9005&scanf=17718&charge=2&value=14/20,sp|P53621|COPA_HUMAN,/core/www/modules//consensus/?run_id=110202&search_id=114132&scans_id=110198&peptide_id=9005&scanf=17718&charge=2&value=sp|P53621|COPA_HUMAN,6,/core/www/modules/match_peptides/blast_html4.php?run_id=110202&search_id=114132&scans_id=110198&peptide_id=9005&scanf=17718&charge=2&value=6,R.QELILSNSEDK.S,/core/www/modules/show_out/show_out_wrapper.php?run_id=110202&search_id=114132&scans_id=110198&peptide_id=9005&scanf=17718&charge=2&value=R.QELILSNSEDK.S,COPA,1.939e+7,3.084,0.003,2.532,0.000
17719,3,"  4.180","  0.598",16/48,/core/www/modules//sdig/index.php?run_id=110202&search_id=114132&scans_id=110198&peptide_id=9006&scanf=17719&charge=3&value=16/48,sp|P00558|PGK1_HUMAN,/core/www/modules//consensus/?run_id=110202&search_id=114132&scans_id=110198&peptide_id=9006&scanf=17719&charge=3&value=sp|P00558|PGK1_HUMAN,0,/core/www/modules/match_peptides/blast_html4.php?run_id=110202&search_id=114132&scans_id=110198&peptide_id=9006&scanf=17719&charge=3&value=0,R.AHSSMVGVNLPQK.A,/core/www/modules/show_out/show_out_wrapper.php?run_id=110202&search_id=114132&scans_id=110198&peptide_id=9006&scanf=17719&charge=3&value=R.AHSSMVGVNLPQK.A,PGK1,3.308e+7,3.626,0.000,3.335,0.000
17721,2,"  3.843","  0.513",21/24,/core/www/modules//sdig/index.php?run_id=110202&search_id=114132&scans_id=110198&peptide_id=9009&scanf=17721&charge=2&value=21/24,sp|Q9NR30|DDX21_HUMAN,/core/www/modules//consensus/?run_id=110202&search_id=114132&scans_id=110198&peptide_id=9009&scanf=17721&charge=2&value=sp|Q9NR30|DDX21_HUMAN,4,/core/www/modules/match_peptides/blast_html4.php?run_id=110202&search_id=114132&scans_id=110198&peptide_id=9009&scanf=17721&charge=2&value=4,K.ELKEQLGEEIDSK.V,/core/www/modules/show_out/show_out_wrapper.php?run_id=110202&search_id=114132&scans_id=110198&peptide_id=9009&scanf=17721&charge=2&value=K.ELKEQLGEEIDSK.V,DDX21,1.908e+7,3.515,0.001,3.171,0.000
17724,2,"  2.528","  0.321",11/18,/core/www/modules//sdig/index.php?run_id=110202&search_id=114132&scans_id=110198&peptide_id=9012&scanf=17724&charge=2&value=11/18,sp|Q03252|LMNB2_HUMAN,/core/www/modules//consensus/?run_id=110202&search_id=114132&scans_id=110198&peptide_id=9012&scanf=17724&charge=2&value=sp|Q03252|LMNB2_HUMAN,0,/core/www/modules/match_peptides/blast_html4.php?run_id=110202&search_id=114132&scans_id=110198&peptide_id=9012&scanf=17724&charge=2&value=0,K.LELEQTYQAK.L,/core/www/modules/show_out/show_out_wrapper.php?run_id=110202&search_id=114132&scans_id=110198&peptide_id=9012&scanf=17724&charge=2&value=K.LELEQTYQAK.L,LMNB2,1.521e+7,2.711,0.010,1.983,0.000
17727,2,"  2.650","  0.503",10/22,/core/www/modules//sdig/index.php?run_id=110202&search_id=114132&scans_id=110198&peptide_id=9015&scanf=17727&charge=2&value=10/22,sp|Q96PK6|RBM14_HUMAN,/core/www/modules//consensus/?run_id=110202&search_id=114132&scans_id=110198&peptide_id=9015&scanf=17727&charge=2&value=sp|Q96PK6|RBM14_HUMAN,0,/core/www/modules/match_peptides/blast_html4.php?run_id=110202&search_id=114132&scans_id=110198&peptide_id=9015&scanf=17727&charge=2&value=0,R.AQPSASLGVGYR.T,/core/www/modules/show_out/show_out_wrapper.php?run_id=110202&search_id=114132&scans_id=110198&peptide_id=9015&scanf=17727&charge=2&value=R.AQPSASLGVGYR.T,RBM14,1.394e+7,3.028,0.004,2.449,0.000
17730,3,"  3.913","  0.563",18/48,/core/www/modules//sdig/index.php?run_id=110202&search_id=114132&scans_id=110198&peptide_id=9018&scanf=17730&charge=3&value=18/48,sp|O75934|SPF27_HUMAN,/core/www/modules//consensus/?run_id=110202&search_id=114132&scans_id=110198&peptide_id=9018&scanf=17730&charge=3&value=sp|O75934|SPF27_HUMAN,0,/core/www/modules/match_peptides/blast_html4.php?run_id=110202&search_id=114132&scans_id=110198&peptide_id=9018&scanf=17730&charge=3&value=0,R.EAAAALVEEETRR.Y,/core/www/modules/show_out/show_out_wrapper.php?run_id=110202&search_id=114132&scans_id=110198&peptide_id=9018&scanf=17730&charge=3&value=R.EAAAALVEEETRR.Y,BCAS2,4.913e+7,3.258,0.002,2.789,0.000
17731,2,"  2.412","  0.435",13/16,/core/www/modules//sdig/index.php?run_id=110202&search_id=114132&scans_id=110198&peptide_id=9019&scanf=17731&charge=2&value=13/16,sp|P21333|FLNA_HUMAN,/core/www/modules//consensus/?run_id=110202&search_id=114132&scans_id=110198&peptide_id=9019&scanf=17731&charge=2&value=sp|P21333|FLNA_HUMAN,1,/core/www/modules/match_peptides/blast_html4.php?run_id=110202&search_id=114132&scans_id=110198&peptide_id=9019&scanf=17731&charge=2&value=1,K.AGVAPLQVK.V,/core/www/modules/show_out/show_out_wrapper.php?run_id=110202&search_id=114132&scans_id=110198&peptide_id=9019&scanf=17731&charge=2&value=K.AGVAPLQVK.V,FLNA,4.735e+7,3.560,0.001,3.237,0.000
17732,2,"  2.016","  0.500",10/16,/core/www/modules//sdig/index.php?run_id=110202&search_id=114132&scans_id=110198&peptide_id=9020&scanf=17732&charge=2&value=10/16,sp|P18583|SON_HUMAN,/core/www/modules//consensus/?run_id=110202&search_id=114132&scans_id=110198&peptide_id=9020&scanf=17732&charge=2&value=sp|P18583|SON_HUMAN,1,/core/www/modules/match_peptides/blast_html4.php?run_id=110202&search_id=114132&scans_id=110198&peptide_id=9020&scanf=17732&charge=2&value=1,K.DTEEPLPVK.E,/core/www/modules/show_out/show_out_wrapper.php?run_id=110202&search_id=114132&scans_id=110198&peptide_id=9020&scanf=17732&charge=2&value=K.DTEEPLPVK.E,SON,4.022e+7,3.382,0.001,2.974,0.000
17736,2,"  4.485","  0.600",18/26,/core/www/modules//sdig/index.php?run_id=110202&search_id=114132&scans_id=110198&peptide_id=9024&scanf=17736&charge=2&value=18/26,sp|P51531|SMCA2_HUMAN,/core/www/modules//consensus/?run_id=110202&search_id=114132&scans_id=110198&peptide_id=9024&scanf=17736&charge=2&value=sp|P51531|SMCA2_HUMAN,3,/core/www/modules/match_peptides/blast_html4.php?run_id=110202&search_id=114132&scans_id=110198&peptide_id=9024&scanf=17736&charge=2&value=3,K.QDVDDEYSMQYSAR.G,/core/www/modules/show_out/show_out_wrapper.php?run_id=110202&search_id=114132&scans_id=110198&peptide_id=9024&scanf=17736&charge=2&value=K.QDVDDEYSMQYSAR.G,SMARCA2,3.105e+7,3.929,0.000,3.784,0.000
17740,2,"  1.720","  0.050",8/12,/core/www/modules//sdig/index.php?run_id=110202&search_id=114132&scans_id=110198&peptide_id=9029&scanf=17740&charge=2&value=8/12,sp|O60832|DKC1_HUMAN,/core/www/modules//consensus/?run_id=110202&search_id=114132&scans_id=110198&peptide_id=9029&scanf=17740&charge=2&value=sp|O60832|DKC1_HUMAN,11,/core/www/modules/match_peptides/blast_html4.php?run_id=110202&search_id=114132&scans_id=110198&peptide_id=9029&scanf=17740&charge=2&value=11,R.EIGDYIR.T,/core/www/modules/show_out/show_out_wrapper.php?run_id=110202&search_id=114132&scans_id=110198&peptide_id=9029&scanf=17740&charge=2&value=R.EIGDYIR.T,DKC1,2.734e+7,1.920,0.136,0.867,0.007
17741,4,"  8.493","  0.681",29/174,/core/www/modules//sdig/index.php?run_id=110202&search_id=114132&scans_id=110198&peptide_id=9030&scanf=17741&charge=4&value=29/174,sp|P67809|YBOX1_HUMAN,/core/www/modules//consensus/?run_id=110202&search_id=114132&scans_id=110198&peptide_id=9030&scanf=17741&charge=4&value=sp|P67809|YBOX1_HUMAN,2,/core/www/modules/match_peptides/blast_html4.php?run_id=110202&search_id=114132&scans_id=110198&peptide_id=9030&scanf=17741&charge=4&value=2,R.RPQYSNPPVQGEVMEGADNQGAGEQGRPVR.Q,/core/www/modules/show_out/show_out_wrapper.php?run_id=110202&search_id=114132&scans_id=110198&peptide_id=9030&scanf=17741&charge=4&value=R.RPQYSNPPVQGEVMEGADNQGAGEQGRPVR.Q,YBX1,9.684e+6,3.740,0.000,3.504,0.000
17742,3,"  1.664","  0.331",14/40,/core/www/modules//sdig/index.php?run_id=110202&search_id=114132&scans_id=110198&peptide_id=9031&scanf=17742&charge=3&value=14/40,sp|Q8IZL8|PELP1_HUMAN,/core/www/modules//consensus/?run_id=110202&search_id=114132&scans_id=110198&peptide_id=9031&scanf=17742&charge=3&value=sp|Q8IZL8|PELP1_HUMAN,3,/core/www/modules/match_peptides/blast_html4.php?run_id=110202&search_id=114132&scans_id=110198&peptide_id=9031&scanf=17742&charge=3&value=3,K.NISLHGDGPLR.L,/core/www/modules/show_out/show_out_wrapper.php?run_id=110202&search_id=114132&scans_id=110198&peptide_id=9031&scanf=17742&charge=3&value=K.NISLHGDGPLR.L,PELP1,5.165e+7,2.736,0.010,2.018,0.000
17743,2,"  3.376","  0.550",13/20,/core/www/modules//sdig/index.php?run_id=110202&search_id=114132&scans_id=110198&peptide_id=9032&scanf=17743&charge=2&value=13/20,sp|Q86V81|THOC4_HUMAN,/core/www/modules//consensus/?run_id=110202&search_id=114132&scans_id=110198&peptide_id=9032&scanf=17743&charge=2&value=sp|Q86V81|THOC4_HUMAN,1,/core/www/modules/match_peptides/blast_html4.php?run_id=110202&search_id=114132&scans_id=110198&peptide_id=9032&scanf=17743&charge=2&value=1,R.SLGTADVHFER.K,/core/www/modules/show_out/show_out_wrapper.php?run_id=110202&search_id=114132&scans_id=110198&peptide_id=9032&scanf=17743&charge=2&value=R.SLGTADVHFER.K,ALYREF,1.057e+8,3.466,0.001,3.097,0.000
17745,3,"  2.566","  0.330",11/44,/core/www/modules//sdig/index.php?run_id=110202&search_id=114132&scans_id=110198&peptide_id=9034&scanf=17745&charge=3&value=11/44,sp|P62195|PRS8_HUMAN,/core/www/modules//consensus/?run_id=110202&search_id=114132&scans_id=110198&peptide_id=9034&scanf=17745&charge=3&value=sp|P62195|PRS8_HUMAN,0,/core/www/modules/match_peptides/blast_html4.php?run_id=110202&search_id=114132&scans_id=110198&peptide_id=9034&scanf=17745&charge=3&value=0,R.KIEFPPPNEEAR.L,/core/www/modules/show_out/show_out_wrapper.php?run_id=110202&search_id=114132&scans_id=110198&peptide_id=9034&scanf=17745&charge=3&value=R.KIEFPPPNEEAR.L,PSMC5,1.617e+7,2.300,0.041,1.386,0.001
17748,2,"  1.978","  0.241",10/14,/core/www/modules//sdig/index.php?run_id=110202&search_id=114132&scans_id=110198&peptide_id=9037&scanf=17748&charge=2&value=10/14,sp|Q8NAV1|PR38A_HUMAN,/core/www/modules//consensus/?run_id=110202&search_id=114132&scans_id=110198&peptide_id=9037&scanf=17748&charge=2&value=sp|Q8NAV1|PR38A_HUMAN,0,/core/www/modules/match_peptides/blast_html4.php?run_id=110202&search_id=114132&scans_id=110198&peptide_id=9037&scanf=17748&charge=2&value=0,K.MLQIQPEK.D,/core/www/modules/show_out/show_out_wrapper.php?run_id=110202&search_id=114132&scans_id=110198&peptide_id=9037&scanf=17748&charge=2&value=K.MLQIQPEK.D,PRPF38A,2.496e+7,2.606,0.015,1.828,0.000
17750,3,"  2.927","  0.487",13/56,/core/www/modules//sdig/index.php?run_id=110202&search_id=114132&scans_id=110198&peptide_id=9039&scanf=17750&charge=3&value=13/56,sp|P33993|MCM7_HUMAN,/core/www/modules//consensus/?run_id=110202&search_id=114132&scans_id=110198&peptide_id=9039&scanf=17750&charge=3&value=sp|P33993|MCM7_HUMAN,1,/core/www/modules/match_peptides/blast_html4.php?run_id=110202&search_id=114132&scans_id=110198&peptide_id=9039&scanf=17750&charge=3&value=1,K.MQEHSDQVPVGNIPR.S,/core/www/modules/show_out/show_out_wrapper.php?run_id=110202&search_id=114132&scans_id=110198&peptide_id=9039&scanf=17750&charge=3&value=K.MQEHSDQVPVGNIPR.S,MCM7,5.718e+7,3.043,0.003,2.472,0.000
17752,3,"  2.257","  0.526",14/48,/core/www/modules//sdig/index.php?run_id=110202&search_id=114132&scans_id=110198&peptide_id=9041&scanf=17752&charge=3&value=14/48,sp|P43686|PRS6B_HUMAN,/core/www/modules//consensus/?run_id=110202&search_id=114132&scans_id=110198&peptide_id=9041&scanf=17752&charge=3&value=sp|P43686|PRS6B_HUMAN,0,/core/www/modules/match_peptides/blast_html4.php?run_id=110202&search_id=114132&scans_id=110198&peptide_id=9041&scanf=17752&charge=3&value=0,R.ELLKPNASVALHK.H,/core/www/modules/show_out/show_out_wrapper.php?run_id=110202&search_id=114132&scans_id=110198&peptide_id=9041&scanf=17752&charge=3&value=R.ELLKPNASVALHK.H,PSMC4,1.192e+8,3.263,0.002,2.797,0.000
17754,3,"  2.546","  0.244",10/60,/core/www/modules//sdig/index.php?run_id=110202&search_id=114132&scans_id=110198&peptide_id=9043&scanf=17754&charge=3&value=10/60,sp|P62140|PP1B_HUMAN,/core/www/modules//consensus/?run_id=110202&search_id=114132&scans_id=110198&peptide_id=9043&scanf=17754&charge=3&value=sp|P62140|PP1B_HUMAN,3,/core/www/modules/match_peptides/blast_html4.php?run_id=110202&search_id=114132&scans_id=110198&peptide_id=9043&scanf=17754&charge=3&value=3,K.YQYGGLNSGRPVTPPR.T,/core/www/modules/show_out/show_out_wrapper.php?run_id=110202&search_id=114132&scans_id=110198&peptide_id=9043&scanf=17754&charge=3&value=K.YQYGGLNSGRPVTPPR.T,PPP1CB,3.052e+7,1.963,0.119,0.924,0.005
17755,3,"  3.555","  0.306",15/48,/core/www/modules//sdig/index.php?run_id=110202&search_id=114132&scans_id=110198&peptide_id=9044&scanf=17755&charge=3&value=15/48,sp|P49756|RBM25_HUMAN,/core/www/modules//consensus/?run_id=110202&search_id=114132&scans_id=110198&peptide_id=9044&scanf=17755&charge=3&value=sp|P49756|RBM25_HUMAN,1,/core/www/modules/match_peptides/blast_html4.php?run_id=110202&search_id=114132&scans_id=110198&peptide_id=9044&scanf=17755&charge=3&value=1,K.EDINAIEMEEDKR.D,/core/www/modules/show_out/show_out_wrapper.php?run_id=110202&search_id=114132&scans_id=110198&peptide_id=9044&scanf=17755&charge=3&value=K.EDINAIEMEEDKR.D,RBM25,1.785e+7,2.374,0.032,1.493,0.001
17759,2,"  1.095","  0.362",6/12,/core/www/modules//sdig/index.php?run_id=110202&search_id=114132&scans_id=110198&peptide_id=9048&scanf=17759&charge=2&value=6/12,sp|P11388|TOP2A_HUMAN,/core/www/modules//consensus/?run_id=110202&search_id=114132&scans_id=110198&peptide_id=9048&scanf=17759&charge=2&value=sp|P11388|TOP2A_HUMAN,5,/core/www/modules/match_peptides/blast_html4.php?run_id=110202&search_id=114132&scans_id=110198&peptide_id=9048&scanf=17759&charge=2&value=5,K.IVGLQYK.K,/core/www/modules/show_out/show_out_wrapper.php?run_id=110202&search_id=114132&scans_id=110198&peptide_id=9048&scanf=17759&charge=2&value=K.IVGLQYK.K,TOP2A,6.502e+7,2.839,0.007,2.170,0.000
17760,3,"  2.190","  0.305",12/44,/core/www/modules//sdig/index.php?run_id=110202&search_id=114132&scans_id=110198&peptide_id=9050&scanf=17760&charge=3&value=12/44,sp|Q9UBF2|COPG2_HUMAN,/core/www/modules//consensus/?run_id=110202&search_id=114132&scans_id=110198&peptide_id=9050&scanf=17760&charge=3&value=sp|Q9UBF2|COPG2_HUMAN,0,/core/www/modules/match_peptides/blast_html4.php?run_id=110202&search_id=114132&scans_id=110198&peptide_id=9050&scanf=17760&charge=3&value=0,K.AEITLVATKPEK.L,/core/www/modules/show_out/show_out_wrapper.php?run_id=110202&search_id=114132&scans_id=110198&peptide_id=9050&scanf=17760&charge=3&value=K.AEITLVATKPEK.L,COPG2,1.504e+7,2.491,0.022,1.661,0.001
17762,2,"  3.313","  0.600",13/26,/core/www/modules//sdig/index.php?run_id=110202&search_id=114132&scans_id=110198&peptide_id=9052&scanf=17762&charge=2&value=13/26,sp|P07814|SYEP_HUMAN,/core/www/modules//consensus/?run_id=110202&search_id=114132&scans_id=110198&peptide_id=9052&scanf=17762&charge=2&value=sp|P07814|SYEP_HUMAN,0,/core/www/modules/match_peptides/blast_html4.php?run_id=110202&search_id=114132&scans_id=110198&peptide_id=9052&scanf=17762&charge=2&value=0,R.DQDLEPGAPSMGAK.S,/core/www/modules/show_out/show_out_wrapper.php?run_id=110202&search_id=114132&scans_id=110198&peptide_id=9052&scanf=17762&charge=2&value=R.DQDLEPGAPSMGAK.S,EPRS1,1.820e+7,3.399,0.001,2.998,0.000
17763,3,"  1.726","  0.181",7/48,/core/www/modules//sdig/index.php?run_id=110202&search_id=114132&scans_id=110198&peptide_id=9053&scanf=17763&charge=3&value=7/48,sp|Q13263|TIF1B_HUMAN,/core/www/modules//consensus/?run_id=110202&search_id=114132&scans_id=110198&peptide_id=9053&scanf=17763&charge=3&value=sp|Q13263|TIF1B_HUMAN,1,/core/www/modules/match_peptides/blast_html4.php?run_id=110202&search_id=114132&scans_id=110198&peptide_id=9053&scanf=17763&charge=3&value=1,K.MIVDPVEPHGEM*K.F,/core/www/modules/show_out/show_out_wrapper.php?run_id=110202&search_id=114132&scans_id=110198&peptide_id=9053&scanf=17763&charge=3&value=K.MIVDPVEPHGEM*K.F,TRIM28,1.154e+7,1.899,0.144,0.841,0.007
17769,2,"  2.614","  0.400",10/18,/core/www/modules//sdig/index.php?run_id=110202&search_id=114132&scans_id=110198&peptide_id=9059&scanf=17769&charge=2&value=10/18,sp|Q14980|NUMA1_HUMAN,/core/www/modules//consensus/?run_id=110202&search_id=114132&scans_id=110198&peptide_id=9059&scanf=17769&charge=2&value=sp|Q14980|NUMA1_HUMAN,2,/core/www/modules/match_peptides/blast_html4.php?run_id=110202&search_id=114132&scans_id=110198&peptide_id=9059&scanf=17769&charge=2&value=2,K.DAQIAMMQQR.I,/core/www/modules/show_out/show_out_wrapper.php?run_id=110202&search_id=114132&scans_id=110198&peptide_id=9059&scanf=17769&charge=2&value=K.DAQIAMMQQR.I,NUMA1,1.150e+7,2.923,0.005,2.294,0.000
17772,2,"  2.120","  0.194",9/12,/core/www/modules//sdig/index.php?run_id=110202&search_id=114132&scans_id=110198&peptide_id=9062&scanf=17772&charge=2&value=9/12,sp|P35250|RFC2_HUMAN,/core/www/modules//consensus/?run_id=110202&search_id=114132&scans_id=110198&peptide_id=9062&scanf=17772&charge=2&value=sp|P35250|RFC2_HUMAN,2,/core/www/modules/match_peptides/blast_html4.php?run_id=110202&search_id=114132&scans_id=110198&peptide_id=9062&scanf=17772&charge=2&value=2,R.LMNVIEK.E,/core/www/modules/show_out/show_out_wrapper.php?run_id=110202&search_id=114132&scans_id=110198&peptide_id=9062&scanf=17772&charge=2&value=R.LMNVIEK.E,RFC2,3.041e+7,2.545,0.018,1.740,0.000
17774,2,"  3.578","  0.668",15/24,/core/www/modules//sdig/index.php?run_id=110202&search_id=114132&scans_id=110198&peptide_id=9064&scanf=17774&charge=2&value=15/24,sp|Q15424|SAFB1_HUMAN,/core/www/modules//consensus/?run_id=110202&search_id=114132&scans_id=110198&peptide_id=9064&scanf=17774&charge=2&value=sp|Q15424|SAFB1_HUMAN,0,/core/www/modules/match_peptides/blast_html4.php?run_id=110202&search_id=114132&scans_id=110198&peptide_id=9064&scanf=17774&charge=2&value=0,R.SWQGTADGGMMDR.D,/core/www/modules/show_out/show_out_wrapper.php?run_id=110202&search_id=114132&scans_id=110198&peptide_id=9064&scanf=17774&charge=2&value=R.SWQGTADGGMMDR.D,SAFB,4.014e+7,3.810,0.000,3.608,0.000
17776,3,"  1.971","  0.330",13/40,/core/www/modules//sdig/index.php?run_id=110202&search_id=114132&scans_id=110198&peptide_id=9066&scanf=17776&charge=3&value=13/40,sp|O94874|UFL1_HUMAN,/core/www/modules//consensus/?run_id=110202&search_id=114132&scans_id=110198&peptide_id=9066&scanf=17776&charge=3&value=sp|O94874|UFL1_HUMAN,0,/core/www/modules/match_peptides/blast_html4.php?run_id=110202&search_id=114132&scans_id=110198&peptide_id=9066&scanf=17776&charge=3&value=0,K.IPEDQHALLVK.Y,/core/www/modules/show_out/show_out_wrapper.php?run_id=110202&search_id=114132&scans_id=110198&peptide_id=9066&scanf=17776&charge=3&value=K.IPEDQHALLVK.Y,UFL1,2.213e+7,2.695,0.011,1.959,0.000
17778,3,"  7.167","  0.706",28/68,/core/www/modules//sdig/index.php?run_id=110202&search_id=114132&scans_id=110198&peptide_id=9068&scanf=17778&charge=3&value=28/68,sp|Q9BVP2|GNL3_HUMAN,/core/www/modules//consensus/?run_id=110202&search_id=114132&scans_id=110198&peptide_id=9068&scanf=17778&charge=3&value=sp|Q9BVP2|GNL3_HUMAN,3,/core/www/modules/match_peptides/blast_html4.php?run_id=110202&search_id=114132&scans_id=110198&peptide_id=9068&scanf=17778&charge=3&value=3,R.KLETNPDIKPSNVEPMEK.E,/core/www/modules/show_out/show_out_wrapper.php?run_id=110202&search_id=114132&scans_id=110198&peptide_id=9068&scanf=17778&charge=3&value=R.KLETNPDIKPSNVEPMEK.E,GNL3,3.183e+7,3.813,0.000,3.613,0.000
17781,2,"  1.276","  0.159",7/12,/core/www/modules//sdig/index.php?run_id=110202&search_id=114132&scans_id=110198&peptide_id=9072&scanf=17781&charge=2&value=7/12,sp|Q9H6R4|NOL6_HUMAN,/core/www/modules//consensus/?run_id=110202&search_id=114132&scans_id=110198&peptide_id=9072&scanf=17781&charge=2&value=sp|Q9H6R4|NOL6_HUMAN,1,/core/www/modules/match_peptides/blast_html4.php?run_id=110202&search_id=114132&scans_id=110198&peptide_id=9072&scanf=17781&charge=2&value=1,K.GLLQPVK.L,/core/www/modules/show_out/show_out_wrapper.php?run_id=110202&search_id=114132&scans_id=110198&peptide_id=9072&scanf=17781&charge=2&value=K.GLLQPVK.L,NOL6,1.468e+7,2.154,0.066,1.181,0.002
17783,2,"  1.726","  0.305",8/12,/core/www/modules//sdig/index.php?run_id=110202&search_id=114132&scans_id=110198&peptide_id=9074&scanf=17783&charge=2&value=8/12,sp|Q12874|SF3A3_HUMAN,/core/www/modules//consensus/?run_id=110202&search_id=114132&scans_id=110198&peptide_id=9074&scanf=17783&charge=2&value=sp|Q12874|SF3A3_HUMAN,0,/core/www/modules/match_peptides/blast_html4.php?run_id=110202&search_id=114132&scans_id=110198&peptide_id=9074&scanf=17783&charge=2&value=0,R.LMDVMAK.E,/core/www/modules/show_out/show_out_wrapper.php?run_id=110202&search_id=114132&scans_id=110198&peptide_id=9074&scanf=17783&charge=2&value=R.LMDVMAK.E,SF3A3,1.995e+7,2.723,0.010,2.000,0.000
17789,2,"  2.006","  0.319",14/24,/core/www/modules//sdig/index.php?run_id=110202&search_id=114132&scans_id=110198&peptide_id=9080&scanf=17789&charge=2&value=14/24,sp|Q9Y230|RUVB2_HUMAN,/core/www/modules//consensus/?run_id=110202&search_id=114132&scans_id=110198&peptide_id=9080&scanf=17789&charge=2&value=sp|Q9Y230|RUVB2_HUMAN,1,/core/www/modules/match_peptides/blast_html4.php?run_id=110202&search_id=114132&scans_id=110198&peptide_id=9080&scanf=17789&charge=2&value=1,R.QASQGMVGQLAAR.R,/core/www/modules/show_out/show_out_wrapper.php?run_id=110202&search_id=114132&scans_id=110198&peptide_id=9080&scanf=17789&charge=2&value=R.QASQGMVGQLAAR.R,RUVBL2,2.754e+7,2.560,0.017,1.762,0.000
17790,3,"  1.645","  0.135",8/36,/core/www/modules//sdig/index.php?run_id=110202&search_id=114132&scans_id=110198&peptide_id=9082&scanf=17790&charge=3&value=8/36,sp|O14646|CHD1_HUMAN,/core/www/modules//consensus/?run_id=110202&search_id=114132&scans_id=110198&peptide_id=9082&scanf=17790&charge=3&value=sp|O14646|CHD1_HUMAN,0,/core/www/modules/match_peptides/blast_html4.php?run_id=110202&search_id=114132&scans_id=110198&peptide_id=9082&scanf=17790&charge=3&value=0,K.MDPDLSLTHK.I,/core/www/modules/show_out/show_out_wrapper.php?run_id=110202&search_id=114132&scans_id=110198&peptide_id=9082&scanf=17790&charge=3&value=K.MDPDLSLTHK.I,CHD1,1.309e+7,1.950,0.124,0.907,0.006
17796,3,"  5.038","  0.607",17/60,/core/www/modules//sdig/index.php?run_id=110202&search_id=114132&scans_id=110198&peptide_id=9087&scanf=17796&charge=3&value=17/60,sp|Q9NWH9|SLTM_HUMAN,/core/www/modules//consensus/?run_id=110202&search_id=114132&scans_id=110198&peptide_id=9087&scanf=17796&charge=3&value=sp|Q9NWH9|SLTM_HUMAN,2,/core/www/modules/match_peptides/blast_html4.php?run_id=110202&search_id=114132&scans_id=110198&peptide_id=9087&scanf=17796&charge=3&value=2,R.GRFPESSAVQSSSFER.R,/core/www/modules/show_out/show_out_wrapper.php?run_id=110202&search_id=114132&scans_id=110198&peptide_id=9087&scanf=17796&charge=3&value=R.GRFPESSAVQSSSFER.R,SLTM,5.113e+7,3.242,0.002,2.767,0.000
17797,3,"  3.426","  0.522",15/44,/core/www/modules//sdig/index.php?run_id=110202&search_id=114132&scans_id=110198&peptide_id=9088&scanf=17797&charge=3&value=15/44,sp|P51116|FXR2_HUMAN,/core/www/modules//consensus/?run_id=110202&search_id=114132&scans_id=110198&peptide_id=9088&scanf=17797&charge=3&value=sp|P51116|FXR2_HUMAN,1,/core/www/modules/match_peptides/blast_html4.php?run_id=110202&search_id=114132&scans_id=110198&peptide_id=9088&scanf=17797&charge=3&value=1,R.LRPVNPNPLATK.G,/core/www/modules/show_out/show_out_wrapper.php?run_id=110202&search_id=114132&scans_id=110198&peptide_id=9088&scanf=17797&charge=3&value=R.LRPVNPNPLATK.G,FXR2,3.179e+7,3.362,0.001,2.943,0.000
17800,2,"  1.604","  0.238",9/16,/core/www/modules//sdig/index.php?run_id=110202&search_id=114132&scans_id=110198&peptide_id=9092&scanf=17800&charge=2&value=9/16,sp|Q13601|KRR1_HUMAN,/core/www/modules//consensus/?run_id=110202&search_id=114132&scans_id=110198&peptide_id=9092&scanf=17800&charge=2&value=sp|Q13601|KRR1_HUMAN,0,/core/www/modules/match_peptides/blast_html4.php?run_id=110202&search_id=114132&scans_id=110198&peptide_id=9092&scanf=17800&charge=2&value=0,R.SVSFEQAVR.I,/core/www/modules/show_out/show_out_wrapper.php?run_id=110202&search_id=114132&scans_id=110198&peptide_id=9092&scanf=17800&charge=2&value=R.SVSFEQAVR.I,KRR1,7.237e+7,2.281,0.044,1.359,0.001
17801,2,"  5.835","  0.747",25/34,/core/www/modules//sdig/index.php?run_id=110202&search_id=114132&scans_id=110198&peptide_id=9093&scanf=17801&charge=2&value=25/34,sp|Q16643|DREB_HUMAN,/core/www/modules//consensus/?run_id=110202&search_id=114132&scans_id=110198&peptide_id=9093&scanf=17801&charge=2&value=sp|Q16643|DREB_HUMAN,1,/core/www/modules/match_peptides/blast_html4.php?run_id=110202&search_id=114132&scans_id=110198&peptide_id=9093&scanf=17801&charge=2&value=1,R.SPSDSSTASTPVAEQIER.A,/core/www/modules/show_out/show_out_wrapper.php?run_id=110202&search_id=114132&scans_id=110198&peptide_id=9093&scanf=17801&charge=2&value=R.SPSDSSTASTPVAEQIER.A,DBN1,6.983e+7,4.295,0.000,4.327,0.000
17802,2,"  2.082","  0.186",13/16,/core/www/modules//sdig/index.php?run_id=110202&search_id=114132&scans_id=110198&peptide_id=9094&scanf=17802&charge=2&value=13/16,sp|O75390|CISY_HUMAN,/core/www/modules//consensus/?run_id=110202&search_id=114132&scans_id=110198&peptide_id=9094&scanf=17802&charge=2&value=sp|O75390|CISY_HUMAN,3,/core/www/modules/match_peptides/blast_html4.php?run_id=110202&search_id=114132&scans_id=110198&peptide_id=9094&scanf=17802&charge=2&value=3,K.HLPNDPMFK.L,/core/www/modules/show_out/show_out_wrapper.php?run_id=110202&search_id=114132&scans_id=110198&peptide_id=9094&scanf=17802&charge=2&value=K.HLPNDPMFK.L,CS,2.880e+7,2.552,0.018,1.749,0.000
17806,3,"  2.572","  0.404",11/32,/core/www/modules//sdig/index.php?run_id=110202&search_id=114132&scans_id=110198&peptide_id=9098&scanf=17806&charge=3&value=11/32,sp|P35580|MYH10_HUMAN,/core/www/modules//consensus/?run_id=110202&search_id=114132&scans_id=110198&peptide_id=9098&scanf=17806&charge=3&value=sp|P35580|MYH10_HUMAN,4,/core/www/modules/match_peptides/blast_html4.php?run_id=110202&search_id=114132&scans_id=110198&peptide_id=9098&scanf=17806&charge=3&value=4,K.VKPLLQVTR.Q,/core/www/modules/show_out/show_out_wrapper.php?run_id=110202&search_id=114132&scans_id=110198&peptide_id=9098&scanf=17806&charge=3&value=K.VKPLLQVTR.Q,MYH10,2.321e+7,3.145,0.002,2.623,0.000
17808,2,"  2.607","  0.621",10/18,/core/www/modules//sdig/index.php?run_id=110202&search_id=114132&scans_id=110198&peptide_id=9100&scanf=17808&charge=2&value=10/18,sp|Q99848|EBP2_HUMAN,/core/www/modules//consensus/?run_id=110202&search_id=114132&scans_id=110198&peptide_id=9100&scanf=17808&charge=2&value=sp|Q99848|EBP2_HUMAN,1,/core/www/modules/match_peptides/blast_html4.php?run_id=110202&search_id=114132&scans_id=110198&peptide_id=9100&scanf=17808&charge=2&value=1,R.ESYDDVSSFR.A,/core/www/modules/show_out/show_out_wrapper.php?run_id=110202&search_id=114132&scans_id=110198&peptide_id=9100&scanf=17808&charge=2&value=R.ESYDDVSSFR.A,EBNA1BP2,5.250e+7,3.607,0.000,3.307,0.000
17810,2,"  2.713","  0.488",11/20,/core/www/modules//sdig/index.php?run_id=110202&search_id=114132&scans_id=110198&peptide_id=9103&scanf=17810&charge=2&value=11/20,sp|Q9Y3I0|RTCB_HUMAN,/core/www/modules//consensus/?run_id=110202&search_id=114132&scans_id=110198&peptide_id=9103&scanf=17810&charge=2&value=sp|Q9Y3I0|RTCB_HUMAN,0,/core/www/modules/match_peptides/blast_html4.php?run_id=110202&search_id=114132&scans_id=110198&peptide_id=9103&scanf=17810&charge=2&value=0,R.IASPEGQDYLK.G,/core/www/modules/show_out/show_out_wrapper.php?run_id=110202&search_id=114132&scans_id=110198&peptide_id=9103&scanf=17810&charge=2&value=R.IASPEGQDYLK.G,RTCB,4.617e+7,3.119,0.003,2.584,0.000
17811,3,"  2.918","  0.292",11/48,/core/www/modules//sdig/index.php?run_id=110202&search_id=114132&scans_id=110198&peptide_id=9104&scanf=17811&charge=3&value=11/48,sp|O15042|SR140_HUMAN,/core/www/modules//consensus/?run_id=110202&search_id=114132&scans_id=110198&peptide_id=9104&scanf=17811&charge=3&value=sp|O15042|SR140_HUMAN,3,/core/www/modules/match_peptides/blast_html4.php?run_id=110202&search_id=114132&scans_id=110198&peptide_id=9104&scanf=17811&charge=3&value=3,R.LKNPNAPMLPPPK.N,/core/www/modules/show_out/show_out_wrapper.php?run_id=110202&search_id=114132&scans_id=110198&peptide_id=9104&scanf=17811&charge=3&value=R.LKNPNAPMLPPPK.N,U2SURP,1.814e+7,2.173,0.062,1.207,0.002
17813,3,"  3.326","  0.700",18/44,/core/www/modules//sdig/index.php?run_id=110202&search_id=114132&scans_id=110198&peptide_id=9105&scanf=17813&charge=3&value=18/44,sp|P62805|H4_HUMAN,/core/www/modules//consensus/?run_id=110202&search_id=114132&scans_id=110198&peptide_id=9105&scanf=17813&charge=3&value=sp|P62805|H4_HUMAN,0,/core/www/modules/match_peptides/blast_html4.php?run_id=110202&search_id=114132&scans_id=110198&peptide_id=9105&scanf=17813&charge=3&value=0,R.DNIQGITKPAIR.R,/core/www/modules/show_out/show_out_wrapper.php?run_id=110202&search_id=114132&scans_id=110198&peptide_id=9105&scanf=17813&charge=3&value=R.DNIQGITKPAIR.R,H4C16,1.639e+9,4.166,0.000,4.136,0.000
17814,3,"  1.675","  0.117",11/40,/core/www/modules//sdig/index.php?run_id=110202&search_id=114132&scans_id=110198&peptide_id=9106&scanf=17814&charge=3&value=11/40,sp|O75533|SF3B1_HUMAN,/core/www/modules//consensus/?run_id=110202&search_id=114132&scans_id=110198&peptide_id=9106&scanf=17814&charge=3&value=sp|O75533|SF3B1_HUMAN,0,/core/www/modules/match_peptides/blast_html4.php?run_id=110202&search_id=114132&scans_id=110198&peptide_id=9106&scanf=17814&charge=3&value=0,K.LDDLVRPYVHK.I,/core/www/modules/show_out/show_out_wrapper.php?run_id=110202&search_id=114132&scans_id=110198&peptide_id=9106&scanf=17814&charge=3&value=K.LDDLVRPYVHK.I,SF3B1,7.941e+7,2.068,0.086,1.063,0.004
17815,2,"  2.445","  0.556",13/20,/core/www/modules//sdig/index.php?run_id=110202&search_id=114132&scans_id=110198&peptide_id=9107&scanf=17815&charge=2&value=13/20,sp|P78527|PRKDC_HUMAN,/core/www/modules//consensus/?run_id=110202&search_id=114132&scans_id=110198&peptide_id=9107&scanf=17815&charge=2&value=sp|P78527|PRKDC_HUMAN,1,/core/www/modules/match_peptides/blast_html4.php?run_id=110202&search_id=114132&scans_id=110198&peptide_id=9107&scanf=17815&charge=2&value=1,K.QGNLSSQVPLK.R,/core/www/modules/show_out/show_out_wrapper.php?run_id=110202&search_id=114132&scans_id=110198&peptide_id=9107&scanf=17815&charge=2&value=K.QGNLSSQVPLK.R,PRKDC,9.359e+7,4.298,0.000,4.332,0.000
17816,3,"  4.223","  0.547",18/60,/core/www/modules//sdig/index.php?run_id=110202&search_id=114132&scans_id=110198&peptide_id=9108&scanf=17816&charge=3&value=18/60,sp|Q9Y3Y2|CHTOP_HUMAN,/core/www/modules//consensus/?run_id=110202&search_id=114132&scans_id=110198&peptide_id=9108&scanf=17816&charge=3&value=sp|Q9Y3Y2|CHTOP_HUMAN,3,/core/www/modules/match_peptides/blast_html4.php?run_id=110202&search_id=114132&scans_id=110198&peptide_id=9108&scanf=17816&charge=3&value=3,R.LAQQMENRPSVQAALK.L,/core/www/modules/show_out/show_out_wrapper.php?run_id=110202&search_id=114132&scans_id=110198&peptide_id=9108&scanf=17816&charge=3&value=R.LAQQMENRPSVQAALK.L,CHTOP,1.042e+8,3.324,0.001,2.888,0.000
17817,4,"  3.816","  0.577",17/96,/core/www/modules//sdig/index.php?run_id=110202&search_id=114132&scans_id=110198&peptide_id=9109&scanf=17817&charge=4&value=17/96,sp|Q9BUJ2|HNRL1_HUMAN,/core/www/modules//consensus/?run_id=110202&search_id=114132&scans_id=110198&peptide_id=9109&scanf=17817&charge=4&value=sp|Q9BUJ2|HNRL1_HUMAN,3,/core/www/modules/match_peptides/blast_html4.php?run_id=110202&search_id=114132&scans_id=110198&peptide_id=9109&scanf=17817&charge=4&value=3,R.TDEEGKDVPDHAVLEMK.A,/core/www/modules/show_out/show_out_wrapper.php?run_id=110202&search_id=114132&scans_id=110198&peptide_id=9109&scanf=17817&charge=4&value=R.TDEEGKDVPDHAVLEMK.A,HNRNPUL1,8.881e+7,3.404,0.001,3.007,0.000
17818,2,"  2.193","  0.219",9/16,/core/www/modules//sdig/index.php?run_id=110202&search_id=114132&scans_id=110198&peptide_id=9110&scanf=17818&charge=2&value=9/16,sp|Q68CQ4|UTP25_HUMAN,/core/www/modules//consensus/?run_id=110202&search_id=114132&scans_id=110198&peptide_id=9110&scanf=17818&charge=2&value=sp|Q68CQ4|UTP25_HUMAN,0,/core/www/modules/match_peptides/blast_html4.php?run_id=110202&search_id=114132&scans_id=110198&peptide_id=9110&scanf=17818&charge=2&value=0,R.LAAVVGVER.A,/core/www/modules/show_out/show_out_wrapper.php?run_id=110202&search_id=114132&scans_id=110198&peptide_id=9110&scanf=17818&charge=2&value=R.LAAVVGVER.A,UTP25,3.192e+7,2.247,0.049,1.311,0.002
17819,4,"  4.757","  0.537",18/150,/core/www/modules//sdig/index.php?run_id=110202&search_id=114132&scans_id=110198&peptide_id=9111&scanf=17819&charge=4&value=18/150,sp|P62917|RL8_HUMAN,/core/www/modules//consensus/?run_id=110202&search_id=114132&scans_id=110198&peptide_id=9111&scanf=17819&charge=4&value=sp|P62917|RL8_HUMAN,2,/core/www/modules/match_peptides/blast_html4.php?run_id=110202&search_id=114132&scans_id=110198&peptide_id=9111&scanf=17819&charge=4&value=2,R.GVAM*NPVEHPFGGGNHQHIGKPSTIR.R,/core/www/modules/show_out/show_out_wrapper.php?run_id=110202&search_id=114132&scans_id=110198&peptide_id=9111&scanf=17819&charge=4&value=R.GVAM*NPVEHPFGGGNHQHIGKPSTIR.R,RPL8,2.339e+7,3.177,0.002,2.670,0.000
17820,2,"  1.712","  0.128",8/12,/core/www/modules//sdig/index.php?run_id=110202&search_id=114132&scans_id=110198&peptide_id=9113&scanf=17820&charge=2&value=8/12,sp|O76094|SRP72_HUMAN,/core/www/modules//consensus/?run_id=110202&search_id=114132&scans_id=110198&peptide_id=9113&scanf=17820&charge=2&value=sp|O76094|SRP72_HUMAN,1,/core/www/modules/match_peptides/blast_html4.php?run_id=110202&search_id=114132&scans_id=110198&peptide_id=9113&scanf=17820&charge=2&value=1,K.LTMAQLK.I,/core/www/modules/show_out/show_out_wrapper.php?run_id=110202&search_id=114132&scans_id=110198&peptide_id=9113&scanf=17820&charge=2&value=K.LTMAQLK.I,SRP72,3.182e+7,2.151,0.066,1.178,0.002
17822,3,"  3.229","  0.615",15/44,/core/www/modules//sdig/index.php?run_id=110202&search_id=114132&scans_id=110198&peptide_id=9115&scanf=17822&charge=3&value=15/44,sp|Q9ULV4|COR1C_HUMAN,/core/www/modules//consensus/?run_id=110202&search_id=114132&scans_id=110198&peptide_id=9115&scanf=17822&charge=3&value=sp|Q9ULV4|COR1C_HUMAN,8,/core/www/modules/match_peptides/blast_html4.php?run_id=110202&search_id=114132&scans_id=110198&peptide_id=9115&scanf=17822&charge=3&value=8,K.RVGIVAWHPTAR.N,/core/www/modules/show_out/show_out_wrapper.php?run_id=110202&search_id=114132&scans_id=110198&peptide_id=9115&scanf=17822&charge=3&value=K.RVGIVAWHPTAR.N,CORO1C,3.956e+7,3.458,0.001,3.085,0.000
17823,3,"  3.165","  0.598",17/36,/core/www/modules//sdig/index.php?run_id=110202&search_id=114132&scans_id=110198&peptide_id=9116&scanf=17823&charge=3&value=17/36,sp|Q99832|TCPH_HUMAN,/core/www/modules//consensus/?run_id=110202&search_id=114132&scans_id=110198&peptide_id=9116&scanf=17823&charge=3&value=sp|Q99832|TCPH_HUMAN,1,/core/www/modules/match_peptides/blast_html4.php?run_id=110202&search_id=114132&scans_id=110198&peptide_id=9116&scanf=17823&charge=3&value=1,K.LLDVVHPAAK.T,/core/www/modules/show_out/show_out_wrapper.php?run_id=110202&search_id=114132&scans_id=110198&peptide_id=9116&scanf=17823&charge=3&value=K.LLDVVHPAAK.T,CCT7,7.350e+7,3.916,0.000,3.764,0.000
17824,2,"  2.064","  0.326",8/16,/core/www/modules//sdig/index.php?run_id=110202&search_id=114132&scans_id=110198&peptide_id=9117&scanf=17824&charge=2&value=8/16,sp|P46782|RS5_HUMAN,/core/www/modules//consensus/?run_id=110202&search_id=114132&scans_id=110198&peptide_id=9117&scanf=17824&charge=2&value=sp|P46782|RS5_HUMAN,3,/core/www/modules/match_peptides/blast_html4.php?run_id=110202&search_id=114132&scans_id=110198&peptide_id=9117&scanf=17824&charge=2&value=3,R.QAVDVSPLR.R,/core/www/modules/show_out/show_out_wrapper.php?run_id=110202&search_id=114132&scans_id=110198&peptide_id=9117&scanf=17824&charge=2&value=R.QAVDVSPLR.R,RPS5,9.410e+7,2.516,0.020,1.697,0.000
17825,3,"  5.031","  0.698",25/60,/core/www/modules//sdig/index.php?run_id=110202&search_id=114132&scans_id=110198&peptide_id=9118&scanf=17825&charge=3&value=25/60,sp|P02545|LMNA_HUMAN,/core/www/modules//consensus/?run_id=110202&search_id=114132&scans_id=110198&peptide_id=9118&scanf=17825&charge=3&value=sp|P02545|LMNA_HUMAN,6,/core/www/modules/match_peptides/blast_html4.php?run_id=110202&search_id=114132&scans_id=110198&peptide_id=9118&scanf=17825&charge=3&value=6,R.NSNLVGAAHEELQQSR.I,/core/www/modules/show_out/show_out_wrapper.php?run_id=110202&search_id=114132&scans_id=110198&peptide_id=9118&scanf=17825&charge=3&value=R.NSNLVGAAHEELQQSR.I,LMNA,1.560e+8,4.151,0.000,4.113,0.000
17827,2,"  3.314","  0.575",16/16,/core/www/modules//sdig/index.php?run_id=110202&search_id=114132&scans_id=110198&peptide_id=9120&scanf=17827&charge=2&value=16/16,sp|P62750|RL23A_HUMAN,/core/www/modules//consensus/?run_id=110202&search_id=114132&scans_id=110198&peptide_id=9120&scanf=17827&charge=2&value=sp|P62750|RL23A_HUMAN,5,/core/www/modules/match_peptides/blast_html4.php?run_id=110202&search_id=114132&scans_id=110198&peptide_id=9120&scanf=17827&charge=2&value=5,K.KLYDIDVAK.V,/core/www/modules/show_out/show_out_wrapper.php?run_id=110202&search_id=114132&scans_id=110198&peptide_id=9120&scanf=17827&charge=2&value=K.KLYDIDVAK.V,RPL23A,1.920e+8,3.844,0.000,3.658,0.000
17830,2,"  3.088","  0.619",12/20,/core/www/modules//sdig/index.php?run_id=110202&search_id=114132&scans_id=110198&peptide_id=9124&scanf=17830&charge=2&value=12/20,sp|P07237|PDIA1_HUMAN,/core/www/modules//consensus/?run_id=110202&search_id=114132&scans_id=110198&peptide_id=9124&scanf=17830&charge=2&value=sp|P07237|PDIA1_HUMAN,30,/core/www/modules/match_peptides/blast_html4.php?run_id=110202&search_id=114132&scans_id=110198&peptide_id=9124&scanf=17830&charge=2&value=30,K.SNFAEALAAHK.Y,/core/www/modules/show_out/show_out_wrapper.php?run_id=110202&search_id=114132&scans_id=110198&peptide_id=9124&scanf=17830&charge=2&value=K.SNFAEALAAHK.Y,P4HB,2.398e+7,3.733,0.000,3.493,0.000
17834,3,"  3.825","  0.667",20/52,/core/www/modules//sdig/index.php?run_id=110202&search_id=114132&scans_id=110198&peptide_id=9127&scanf=17834&charge=3&value=20/52,sp|O43390|HNRPR_HUMAN,/core/www/modules//consensus/?run_id=110202&search_id=114132&scans_id=110198&peptide_id=9127&scanf=17834&charge=3&value=sp|O43390|HNRPR_HUMAN,3,/core/www/modules/match_peptides/blast_html4.php?run_id=110202&search_id=114132&scans_id=110198&peptide_id=9127&scanf=17834&charge=3&value=3,R.STAYEDYYYHPPPR.M,/core/www/modules/show_out/show_out_wrapper.php?run_id=110202&search_id=114132&scans_id=110198&peptide_id=9127&scanf=17834&charge=3&value=R.STAYEDYYYHPPPR.M,HNRNPR,1.479e+8,3.942,0.000,3.804,0.000
17835,3,"  3.178","  0.554",19/60,/core/www/modules//sdig/index.php?run_id=110202&search_id=114132&scans_id=110198&peptide_id=9128&scanf=17835&charge=3&value=19/60,sp|Q9Y3Y2|CHTOP_HUMAN,/core/www/modules//consensus/?run_id=110202&search_id=114132&scans_id=110198&peptide_id=9128&scanf=17835&charge=3&value=sp|Q9Y3Y2|CHTOP_HUMAN,3,/core/www/modules/match_peptides/blast_html4.php?run_id=110202&search_id=114132&scans_id=110198&peptide_id=9128&scanf=17835&charge=3&value=3,R.LAQQMENRPSVQAALK.L,/core/www/modules/show_out/show_out_wrapper.php?run_id=110202&search_id=114132&scans_id=110198&peptide_id=9128&scanf=17835&charge=3&value=R.LAQQMENRPSVQAALK.L,CHTOP,1.042e+8,3.314,0.001,2.873,0.000
17837,3,"  2.898","  0.558",13/40,/core/www/modules//sdig/index.php?run_id=110202&search_id=114132&scans_id=110198&peptide_id=9130&scanf=17837&charge=3&value=13/40,sp|O95197|RTN3_HUMAN,/core/www/modules//consensus/?run_id=110202&search_id=114132&scans_id=110198&peptide_id=9130&scanf=17837&charge=3&value=sp|O95197|RTN3_HUMAN,0,/core/www/modules/match_peptides/blast_html4.php?run_id=110202&search_id=114132&scans_id=110198&peptide_id=9130&scanf=17837&charge=3&value=0,K.TQIDHYVGIAR.D,/core/www/modules/show_out/show_out_wrapper.php?run_id=110202&search_id=114132&scans_id=110198&peptide_id=9130&scanf=17837&charge=3&value=K.TQIDHYVGIAR.D,RTN3,6.043e+7,3.440,0.001,3.059,0.000
17838,4,"  3.619","  0.539",20/96,/core/www/modules//sdig/index.php?run_id=110202&search_id=114132&scans_id=110198&peptide_id=9131&scanf=17838&charge=4&value=20/96,sp|Q15050|RRS1_HUMAN,/core/www/modules//consensus/?run_id=110202&search_id=114132&scans_id=110198&peptide_id=9131&scanf=17838&charge=4&value=sp|Q15050|RRS1_HUMAN,0,/core/www/modules/match_peptides/blast_html4.php?run_id=110202&search_id=114132&scans_id=110198&peptide_id=9131&scanf=17838&charge=4&value=0,K.MQLPSAAGLHPTGHQSK.E,/core/www/modules/show_out/show_out_wrapper.php?run_id=110202&search_id=114132&scans_id=110198&peptide_id=9131&scanf=17838&charge=4&value=K.MQLPSAAGLHPTGHQSK.E,RRS1,7.673e+7,3.550,0.001,3.223,0.000
17839,3,"  3.614","  0.519",21/60,/core/www/modules//sdig/index.php?run_id=110202&search_id=114132&scans_id=110198&peptide_id=9132&scanf=17839&charge=3&value=21/60,sp|P35637|FUS_HUMAN,/core/www/modules//consensus/?run_id=110202&search_id=114132&scans_id=110198&peptide_id=9132&scanf=17839&charge=3&value=sp|P35637|FUS_HUMAN,1,/core/www/modules/match_peptides/blast_html4.php?run_id=110202&search_id=114132&scans_id=110198&peptide_id=9132&scanf=17839&charge=3&value=1,K.LKGEATVSFDDPPSAK.A,/core/www/modules/show_out/show_out_wrapper.php?run_id=110202&search_id=114132&scans_id=110198&peptide_id=9132&scanf=17839&charge=3&value=K.LKGEATVSFDDPPSAK.A,FUS,1.409e+8,2.998,0.004,2.405,0.000
17840,3,"  3.368","  0.405",14/40,/core/www/modules//sdig/index.php?run_id=110202&search_id=114132&scans_id=110198&peptide_id=9134&scanf=17840&charge=3&value=14/40,sp|P41091|IF2G_HUMAN,/core/www/modules//consensus/?run_id=110202&search_id=114132&scans_id=110198&peptide_id=9134&scanf=17840&charge=3&value=sp|P41091|IF2G_HUMAN,2,/core/www/modules/match_peptides/blast_html4.php?run_id=110202&search_id=114132&scans_id=110198&peptide_id=9134&scanf=17840&charge=3&value=2,K.LTPLSHEVISR.Q,/core/www/modules/show_out/show_out_wrapper.php?run_id=110202&search_id=114132&scans_id=110198&peptide_id=9134&scanf=17840&charge=3&value=K.LTPLSHEVISR.Q,EIF2S3,4.493e+7,3.015,0.004,2.430,0.000
17843,2,"  1.208","  0.083",7/12,/core/www/modules//sdig/index.php?run_id=110202&search_id=114132&scans_id=110198&peptide_id=9137&scanf=17843&charge=2&value=7/12,sp|Q15149|PLEC_HUMAN,/core/www/modules//consensus/?run_id=110202&search_id=114132&scans_id=110198&peptide_id=9137&scanf=17843&charge=2&value=sp|Q15149|PLEC_HUMAN,5,/core/www/modules/match_peptides/blast_html4.php?run_id=110202&search_id=114132&scans_id=110198&peptide_id=9137&scanf=17843&charge=2&value=5,K.FISETLR.R,/core/www/modules/show_out/show_out_wrapper.php?run_id=110202&search_id=114132&scans_id=110198&peptide_id=9137&scanf=17843&charge=2&value=K.FISETLR.R,PLEC,3.390e+7,2.416,0.028,1.552,0.001
17844,2,"  2.746","  0.623",15/22,/core/www/modules//sdig/index.php?run_id=110202&search_id=114132&scans_id=110198&peptide_id=9138&scanf=17844&charge=2&value=15/22,sp|P50914|RL14_HUMAN,/core/www/modules//consensus/?run_id=110202&search_id=114132&scans_id=110198&peptide_id=9138&scanf=17844&charge=2&value=sp|P50914|RL14_HUMAN,1,/core/www/modules/match_peptides/blast_html4.php?run_id=110202&search_id=114132&scans_id=110198&peptide_id=9138&scanf=17844&charge=2&value=1,R.VAYVSFGPHAGK.L,/core/www/modules/show_out/show_out_wrapper.php?run_id=110202&search_id=114132&scans_id=110198&peptide_id=9138&scanf=17844&charge=2&value=R.VAYVSFGPHAGK.L,RPL14,1.909e+8,3.601,0.001,3.298,0.000
17846,2,"  3.497","  0.662",17/26,/core/www/modules//sdig/index.php?run_id=110202&search_id=114132&scans_id=110198&peptide_id=9140&scanf=17846&charge=2&value=17/26,sp|P60842|IF4A1_HUMAN,/core/www/modules//consensus/?run_id=110202&search_id=114132&scans_id=110198&peptide_id=9140&scanf=17846&charge=2&value=sp|P60842|IF4A1_HUMAN,14,/core/www/modules/match_peptides/blast_html4.php?run_id=110202&search_id=114132&scans_id=110198&peptide_id=9140&scanf=17846&charge=2&value=14,K.GYDVIAQAQSGTGK.T,/core/www/modules/show_out/show_out_wrapper.php?run_id=110202&search_id=114132&scans_id=110198&peptide_id=9140&scanf=17846&charge=2&value=K.GYDVIAQAQSGTGK.T,EIF4A1,1.110e+8,3.824,0.000,3.628,0.000
17849,2,"  1.855","  0.208",9/18,/core/www/modules//sdig/index.php?run_id=110202&search_id=114132&scans_id=110198&peptide_id=9143&scanf=17849&charge=2&value=9/18,sp|Q9NW13|RBM28_HUMAN,/core/www/modules//consensus/?run_id=110202&search_id=114132&scans_id=110198&peptide_id=9143&scanf=17849&charge=2&value=sp|Q9NW13|RBM28_HUMAN,0,/core/www/modules/match_peptides/blast_html4.php?run_id=110202&search_id=114132&scans_id=110198&peptide_id=9143&scanf=17849&charge=2&value=0,K.LLLSATSGEK.G,/core/www/modules/show_out/show_out_wrapper.php?run_id=110202&search_id=114132&scans_id=110198&peptide_id=9143&scanf=17849&charge=2&value=K.LLLSATSGEK.G,RBM28,2.395e+7,2.142,0.068,1.164,0.002
17850,2,"  3.652","  0.652",24/36,/core/www/modules//sdig/index.php?run_id=110202&search_id=114132&scans_id=110198&peptide_id=9144&scanf=17850&charge=2&value=24/36,sp|P23246|SFPQ_HUMAN,/core/www/modules//consensus/?run_id=110202&search_id=114132&scans_id=110198&peptide_id=9144&scanf=17850&charge=2&value=sp|P23246|SFPQ_HUMAN,3,/core/www/modules/match_peptides/blast_html4.php?run_id=110202&search_id=114132&scans_id=110198&peptide_id=9144&scanf=17850&charge=2&value=3,R.MGGGGAMNMGDPYGSGGQK.F,/core/www/modules/show_out/show_out_wrapper.php?run_id=110202&search_id=114132&scans_id=110198&peptide_id=9144&scanf=17850&charge=2&value=R.MGGGGAMNMGDPYGSGGQK.F,SFPQ,2.134e+7,3.667,0.000,3.395,0.000
17851,3,"  2.107","  0.349",10/32,/core/www/modules//sdig/index.php?run_id=110202&search_id=114132&scans_id=110198&peptide_id=9145&scanf=17851&charge=3&value=10/32,sp|O14646|CHD1_HUMAN,/core/www/modules//consensus/?run_id=110202&search_id=114132&scans_id=110198&peptide_id=9145&scanf=17851&charge=3&value=sp|O14646|CHD1_HUMAN,0,/core/www/modules/match_peptides/blast_html4.php?run_id=110202&search_id=114132&scans_id=110198&peptide_id=9145&scanf=17851&charge=3&value=0,K.QEALQHLIR.S,/core/www/modules/show_out/show_out_wrapper.php?run_id=110202&search_id=114132&scans_id=110198&peptide_id=9145&scanf=17851&charge=3&value=K.QEALQHLIR.S,CHD1,2.065e+7,2.865,0.006,2.209,0.000
17856,2,"  2.376","  0.583",11/20,/core/www/modules//sdig/index.php?run_id=110202&search_id=114132&scans_id=110198&peptide_id=9149&scanf=17856&charge=2&value=11/20,sp|P40429|RL13A_HUMAN,/core/www/modules//consensus/?run_id=110202&search_id=114132&scans_id=110198&peptide_id=9149&scanf=17856&charge=2&value=sp|P40429|RL13A_HUMAN,5,/core/www/modules/match_peptides/blast_html4.php?run_id=110202&search_id=114132&scans_id=110198&peptide_id=9149&scanf=17856&charge=2&value=5,K.YQAVTATLEEK.R,/core/www/modules/show_out/show_out_wrapper.php?run_id=110202&search_id=114132&scans_id=110198&peptide_id=9149&scanf=17856&charge=2&value=K.YQAVTATLEEK.R,RPL13A,4.215e+8,3.406,0.001,3.009,0.000
17857,3,"  2.312","  0.491",15/32,/core/www/modules//sdig/index.php?run_id=110202&search_id=114132&scans_id=110198&peptide_id=9150&scanf=17857&charge=3&value=15/32,sp|P78527|PRKDC_HUMAN,/core/www/modules//consensus/?run_id=110202&search_id=114132&scans_id=110198&peptide_id=9150&scanf=17857&charge=3&value=sp|P78527|PRKDC_HUMAN,0,/core/www/modules/match_peptides/blast_html4.php?run_id=110202&search_id=114132&scans_id=110198&peptide_id=9150&scanf=17857&charge=3&value=0,K.AIRPQIDLK.R,/core/www/modules/show_out/show_out_wrapper.php?run_id=110202&search_id=114132&scans_id=110198&peptide_id=9150&scanf=17857&charge=3&value=K.AIRPQIDLK.R,PRKDC,3.023e+8,4.331,0.000,4.380,0.000
17858,2,"  1.662","  0.261",8/14,/core/www/modules//sdig/index.php?run_id=110202&search_id=114132&scans_id=110198&peptide_id=9151&scanf=17858&charge=2&value=8/14,sp|P12004|PCNA_HUMAN,/core/www/modules//consensus/?run_id=110202&search_id=114132&scans_id=110198&peptide_id=9151&scanf=17858&charge=2&value=sp|P12004|PCNA_HUMAN,0,/core/www/modules/match_peptides/blast_html4.php?run_id=110202&search_id=114132&scans_id=110198&peptide_id=9151&scanf=17858&charge=2&value=0,R.LVQGSILK.K,/core/www/modules/show_out/show_out_wrapper.php?run_id=110202&search_id=114132&scans_id=110198&peptide_id=9151&scanf=17858&charge=2&value=R.LVQGSILK.K,PCNA,6.961e+7,2.442,0.026,1.589,0.001
17859,2,"  1.582","  0.271",7/12,/core/www/modules//sdig/index.php?run_id=110202&search_id=114132&scans_id=110198&peptide_id=9152&scanf=17859&charge=2&value=7/12,sp|O60264|SMCA5_HUMAN,/core/www/modules//consensus/?run_id=110202&search_id=114132&scans_id=110198&peptide_id=9152&scanf=17859&charge=2&value=sp|O60264|SMCA5_HUMAN,0,/core/www/modules/match_peptides/blast_html4.php?run_id=110202&search_id=114132&scans_id=110198&peptide_id=9152&scanf=17859&charge=2&value=0,K.IYVGLSK.M,/core/www/modules/show_out/show_out_wrapper.php?run_id=110202&search_id=114132&scans_id=110198&peptide_id=9152&scanf=17859&charge=2&value=K.IYVGLSK.M,SMARCA5,6.464e+7,2.730,0.010,2.010,0.000
17860,3,"  3.084","  0.349",10/44,/core/www/modules//sdig/index.php?run_id=110202&search_id=114132&scans_id=110198&peptide_id=9154&scanf=17860&charge=3&value=10/44,sp|P62241|RS8_HUMAN,/core/www/modules//consensus/?run_id=110202&search_id=114132&scans_id=110198&peptide_id=9154&scanf=17860&charge=3&value=sp|P62241|RS8_HUMAN,1,/core/www/modules/match_peptides/blast_html4.php?run_id=110202&search_id=114132&scans_id=110198&peptide_id=9154&scanf=17860&charge=3&value=1,K.LTPEEEEILNKK.R,/core/www/modules/show_out/show_out_wrapper.php?run_id=110202&search_id=114132&scans_id=110198&peptide_id=9154&scanf=17860&charge=3&value=K.LTPEEEEILNKK.R,RPS8,5.245e+7,2.361,0.034,1.474,0.001
17861,2,"  3.696","  0.662",18/18,/core/www/modules//sdig/index.php?run_id=110202&search_id=114132&scans_id=110198&peptide_id=9155&scanf=17861&charge=2&value=18/18,sp|P06899|H2B1J_HUMAN,/core/www/modules//consensus/?run_id=110202&search_id=114132&scans_id=110198&peptide_id=9155&scanf=17861&charge=2&value=sp|P06899|H2B1J_HUMAN,6,/core/www/modules/match_peptides/blast_html4.php?run_id=110202&search_id=114132&scans_id=110198&peptide_id=9155&scanf=17861&charge=2&value=6,R.KESYSIYVYK.V,/core/www/modules/show_out/show_out_wrapper.php?run_id=110202&search_id=114132&scans_id=110198&peptide_id=9155&scanf=17861&charge=2&value=R.KESYSIYVYK.V,H2BC11,3.235e+8,4.128,0.000,4.080,0.000
17869,3,"  4.288","  0.510",15/52,/core/www/modules//sdig/index.php?run_id=110202&search_id=114132&scans_id=110198&peptide_id=9163&scanf=17869&charge=3&value=15/52,sp|Q9H6W3|RIOX1_HUMAN,/core/www/modules//consensus/?run_id=110202&search_id=114132&scans_id=110198&peptide_id=9163&scanf=17869&charge=3&value=sp|Q9H6W3|RIOX1_HUMAN,0,/core/www/modules/match_peptides/blast_html4.php?run_id=110202&search_id=114132&scans_id=110198&peptide_id=9163&scanf=17869&charge=3&value=0,R.NEEVQFGQHLDAAR.Y,/core/www/modules/show_out/show_out_wrapper.php?run_id=110202&search_id=114132&scans_id=110198&peptide_id=9163&scanf=17869&charge=3&value=R.NEEVQFGQHLDAAR.Y,RIOX1,2.885e+7,3.275,0.002,2.815,0.000
17871,2,"  1.515","  0.095",7/12,/core/www/modules//sdig/index.php?run_id=110202&search_id=114132&scans_id=110198&peptide_id=9166&scanf=17871&charge=2&value=7/12,sp|Q9NQ29|LUC7L_HUMAN,/core/www/modules//consensus/?run_id=110202&search_id=114132&scans_id=110198&peptide_id=9166&scanf=17871&charge=2&value=sp|Q9NQ29|LUC7L_HUMAN,4,/core/www/modules/match_peptides/blast_html4.php?run_id=110202&search_id=114132&scans_id=110198&peptide_id=9166&scanf=17871&charge=2&value=4,K.ILMEVEK.V,/core/www/modules/show_out/show_out_wrapper.php?run_id=110202&search_id=114132&scans_id=110198&peptide_id=9166&scanf=17871&charge=2&value=K.ILMEVEK.V,LUC7L,3.310e+7,1.939,0.128,0.892,0.006
17873,2,"  1.786","  0.319",8/14,/core/www/modules//sdig/index.php?run_id=110202&search_id=114132&scans_id=110198&peptide_id=9168&scanf=17873&charge=2&value=8/14,sp|Q9GZS1|RPA49_HUMAN,/core/www/modules//consensus/?run_id=110202&search_id=114132&scans_id=110198&peptide_id=9168&scanf=17873&charge=2&value=sp|Q9GZS1|RPA49_HUMAN,0,/core/www/modules/match_peptides/blast_html4.php?run_id=110202&search_id=114132&scans_id=110198&peptide_id=9168&scanf=17873&charge=2&value=0,R.NLISDSMK.A,/core/www/modules/show_out/show_out_wrapper.php?run_id=110202&search_id=114132&scans_id=110198&peptide_id=9168&scanf=17873&charge=2&value=R.NLISDSMK.A,POLR1E,1.726e+8,2.673,0.012,1.927,0.000
17874,2,"  2.011","  0.272",11/16,/core/www/modules//sdig/index.php?run_id=110202&search_id=114132&scans_id=110198&peptide_id=9169&scanf=17874&charge=2&value=11/16,sp|P49792|RBP2_HUMAN,/core/www/modules//consensus/?run_id=110202&search_id=114132&scans_id=110198&peptide_id=9169&scanf=17874&charge=2&value=sp|P49792|RBP2_HUMAN,2,/core/www/modules/match_peptides/blast_html4.php?run_id=110202&search_id=114132&scans_id=110198&peptide_id=9169&scanf=17874&charge=2&value=2,K.EIVETFANK.S,/core/www/modules/show_out/show_out_wrapper.php?run_id=110202&search_id=114132&scans_id=110198&peptide_id=9169&scanf=17874&charge=2&value=K.EIVETFANK.S,RANBP2,2.778e+7,2.724,0.010,2.002,0.000
17876,2,"  2.999","  0.518",12/16,/core/www/modules//sdig/index.php?run_id=110202&search_id=114132&scans_id=110198&peptide_id=9170&scanf=17876&charge=2&value=12/16,sp|P78527|PRKDC_HUMAN,/core/www/modules//consensus/?run_id=110202&search_id=114132&scans_id=110198&peptide_id=9170&scanf=17876&charge=2&value=sp|P78527|PRKDC_HUMAN,1,/core/www/modules/match_peptides/blast_html4.php?run_id=110202&search_id=114132&scans_id=110198&peptide_id=9170&scanf=17876&charge=2&value=1,K.QDAQVVLYR.S,/core/www/modules/show_out/show_out_wrapper.php?run_id=110202&search_id=114132&scans_id=110198&peptide_id=9170&scanf=17876&charge=2&value=K.QDAQVVLYR.S,PRKDC,1.903e+8,4.416,0.000,4.506,0.000
17878,3,"  2.014","  0.045",10/28,/core/www/modules//sdig/index.php?run_id=110202&search_id=114132&scans_id=110198&peptide_id=9172&scanf=17878&charge=3&value=10/28,sp|Q9BUQ8|DDX23_HUMAN,/core/www/modules//consensus/?run_id=110202&search_id=114132&scans_id=110198&peptide_id=9172&scanf=17878&charge=3&value=sp|Q9BUQ8|DDX23_HUMAN,1,/core/www/modules/match_peptides/blast_html4.php?run_id=110202&search_id=114132&scans_id=110198&peptide_id=9172&scanf=17878&charge=3&value=1,K.NIEDYIHR.I,/core/www/modules/show_out/show_out_wrapper.php?run_id=110202&search_id=114132&scans_id=110198&peptide_id=9172&scanf=17878&charge=3&value=K.NIEDYIHR.I,DDX23,3.911e+7,1.947,0.125,0.902,0.006
17882,2,"  2.293","  0.469",9/14,/core/www/modules//sdig/index.php?run_id=110202&search_id=114132&scans_id=110198&peptide_id=9177&scanf=17882&charge=2&value=9/14,sp|Q13242|SRSF9_HUMAN,/core/www/modules//consensus/?run_id=110202&search_id=114132&scans_id=110198&peptide_id=9177&scanf=17882&charge=2&value=sp|Q13242|SRSF9_HUMAN,1,/core/www/modules/match_peptides/blast_html4.php?run_id=110202&search_id=114132&scans_id=110198&peptide_id=9177&scanf=17882&charge=2&value=1,K.EDMEYALR.K,/core/www/modules/show_out/show_out_wrapper.php?run_id=110202&search_id=114132&scans_id=110198&peptide_id=9177&scanf=17882&charge=2&value=K.EDMEYALR.K,SRSF9,3.017e+7,3.317,0.001,2.877,0.000
17884,2,"  2.548","  0.286",10/16,/core/www/modules//sdig/index.php?run_id=110202&search_id=114132&scans_id=110198&peptide_id=9179&scanf=17884&charge=2&value=10/16,sp|P78316|NOP14_HUMAN,/core/www/modules//consensus/?run_id=110202&search_id=114132&scans_id=110198&peptide_id=9179&scanf=17884&charge=2&value=sp|P78316|NOP14_HUMAN,1,/core/www/modules/match_peptides/blast_html4.php?run_id=110202&search_id=114132&scans_id=110198&peptide_id=9179&scanf=17884&charge=2&value=1,R.EDALELTEK.L,/core/www/modules/show_out/show_out_wrapper.php?run_id=110202&search_id=114132&scans_id=110198&peptide_id=9179&scanf=17884&charge=2&value=R.EDALELTEK.L,NOP14,2.335e+7,2.526,0.019,1.713,0.000
17888,2,"  1.866","  0.464",12/16,/core/www/modules//sdig/index.php?run_id=110202&search_id=114132&scans_id=110198&peptide_id=9183&scanf=17888&charge=2&value=12/16,sp|Q02878|RL6_HUMAN,/core/www/modules//consensus/?run_id=110202&search_id=114132&scans_id=110198&peptide_id=9183&scanf=17888&charge=2&value=sp|Q02878|RL6_HUMAN,0,/core/www/modules/match_peptides/blast_html4.php?run_id=110202&search_id=114132&scans_id=110198&peptide_id=9183&scanf=17888&charge=2&value=0,K.AVDSQILPK.I,/core/www/modules/show_out/show_out_wrapper.php?run_id=110202&search_id=114132&scans_id=110198&peptide_id=9183&scanf=17888&charge=2&value=K.AVDSQILPK.I,RPL6,2.502e+8,3.399,0.001,2.998,0.000
17889,2,"  2.764","  0.402",11/22,/core/www/modules//sdig/index.php?run_id=110202&search_id=114132&scans_id=110198&peptide_id=9184&scanf=17889&charge=2&value=11/22,sp|Q92616|GCN1_HUMAN,/core/www/modules//consensus/?run_id=110202&search_id=114132&scans_id=110198&peptide_id=9184&scanf=17889&charge=2&value=sp|Q92616|GCN1_HUMAN,0,/core/www/modules/match_peptides/blast_html4.php?run_id=110202&search_id=114132&scans_id=110198&peptide_id=9184&scanf=17889&charge=2&value=0,K.SIIQSAQQDSIK.K,/core/www/modules/show_out/show_out_wrapper.php?run_id=110202&search_id=114132&scans_id=110198&peptide_id=9184&scanf=17889&charge=2&value=K.SIIQSAQQDSIK.K,GCN1,1.909e+7,2.904,0.005,2.266,0.000
17890,2,"  2.358","  0.529",10/16,/core/www/modules//sdig/index.php?run_id=110202&search_id=114132&scans_id=110198&peptide_id=9186&scanf=17890&charge=2&value=10/16,sp|P78527|PRKDC_HUMAN,/core/www/modules//consensus/?run_id=110202&search_id=114132&scans_id=110198&peptide_id=9186&scanf=17890&charge=2&value=sp|P78527|PRKDC_HUMAN,0,/core/www/modules/match_peptides/blast_html4.php?run_id=110202&search_id=114132&scans_id=110198&peptide_id=9186&scanf=17890&charge=2&value=0,R.YAVPSAGLR.L,/core/www/modules/show_out/show_out_wrapper.php?run_id=110202&search_id=114132&scans_id=110198&peptide_id=9186&scanf=17890&charge=2&value=R.YAVPSAGLR.L,PRKDC,1.053e+8,4.232,0.000,4.234,0.000
17892,2,"  2.411","  0.431",10/22,/core/www/modules//sdig/index.php?run_id=110202&search_id=114132&scans_id=110198&peptide_id=9188&scanf=17892&charge=2&value=10/22,sp|P27348|1433T_HUMAN,/core/www/modules//consensus/?run_id=110202&search_id=114132&scans_id=110198&peptide_id=9188&scanf=17892&charge=2&value=sp|P27348|1433T_HUMAN,1,/core/www/modules/match_peptides/blast_html4.php?run_id=110202&search_id=114132&scans_id=110198&peptide_id=9188&scanf=17892&charge=2&value=1,K.YLIANATNPESK.V,/core/www/modules/show_out/show_out_wrapper.php?run_id=110202&search_id=114132&scans_id=110198&peptide_id=9188&scanf=17892&charge=2&value=K.YLIANATNPESK.V,YWHAQ,1.773e+7,2.755,0.009,2.046,0.000
17894,2,"  2.108","  0.344",9/18,/core/www/modules//sdig/index.php?run_id=110202&search_id=114132&scans_id=110198&peptide_id=9190&scanf=17894&charge=2&value=9/18,sp|Q13200|PSMD2_HUMAN,/core/www/modules//consensus/?run_id=110202&search_id=114132&scans_id=110198&peptide_id=9190&scanf=17894&charge=2&value=sp|Q13200|PSMD2_HUMAN,0,/core/www/modules/match_peptides/blast_html4.php?run_id=110202&search_id=114132&scans_id=110198&peptide_id=9190&scanf=17894&charge=2&value=0,K.EWQELDDAEK.V,/core/www/modules/show_out/show_out_wrapper.php?run_id=110202&search_id=114132&scans_id=110198&peptide_id=9190&scanf=17894&charge=2&value=K.EWQELDDAEK.V,PSMD2,1.643e+7,2.499,0.021,1.673,0.001
17895,3,"  1.891","  0.148",8/44,/core/www/modules//sdig/index.php?run_id=110202&search_id=114132&scans_id=110198&peptide_id=9191&scanf=17895&charge=3&value=8/44,sp|P40926|MDHM_HUMAN,/core/www/modules//consensus/?run_id=110202&search_id=114132&scans_id=110198&peptide_id=9191&scanf=17895&charge=3&value=sp|P40926|MDHM_HUMAN,1,/core/www/modules/match_peptides/blast_html4.php?run_id=110202&search_id=114132&scans_id=110198&peptide_id=9191&scanf=17895&charge=3&value=1,R.VNVPVIGGHAGK.T,/core/www/modules/show_out/show_out_wrapper.php?run_id=110202&search_id=114132&scans_id=110198&peptide_id=9191&scanf=17895&charge=3&value=R.VNVPVIGGHAGK.T,MDH2,1.109e+8,1.871,0.156,0.806,0.008
17897,2,"  2.711","  0.512",11/16,/core/www/modules//sdig/index.php?run_id=110202&search_id=114132&scans_id=110198&peptide_id=9192&scanf=17897&charge=2&value=11/16,sp|P61978|HNRPK_HUMAN,/core/www/modules//consensus/?run_id=110202&search_id=114132&scans_id=110198&peptide_id=9192&scanf=17897&charge=2&value=sp|P61978|HNRPK_HUMAN,2,/core/www/modules/match_peptides/blast_html4.php?run_id=110202&search_id=114132&scans_id=110198&peptide_id=9192&scanf=17897&charge=2&value=2,R.NTDEMVELR.I,/core/www/modules/show_out/show_out_wrapper.php?run_id=110202&search_id=114132&scans_id=110198&peptide_id=9192&scanf=17897&charge=2&value=R.NTDEMVELR.I,HNRNPK,8.651e+8,3.650,0.000,3.370,0.000
17898,2,"  1.883","  0.147",10/16,/core/www/modules//sdig/index.php?run_id=110202&search_id=114132&scans_id=110198&peptide_id=9193&scanf=17898&charge=2&value=10/16,sp|O75683|SURF6_HUMAN,/core/www/modules//consensus/?run_id=110202&search_id=114132&scans_id=110198&peptide_id=9193&scanf=17898&charge=2&value=sp|O75683|SURF6_HUMAN,0,/core/www/modules/match_peptides/blast_html4.php?run_id=110202&search_id=114132&scans_id=110198&peptide_id=9193&scanf=17898&charge=2&value=0,K.ELSPAALEK.R,/core/www/modules/show_out/show_out_wrapper.php?run_id=110202&search_id=114132&scans_id=110198&peptide_id=9193&scanf=17898&charge=2&value=K.ELSPAALEK.R,SURF6,4.572e+7,2.114,0.075,1.126,0.002
17900,3,"  2.594","  0.247",10/36,/core/www/modules//sdig/index.php?run_id=110202&search_id=114132&scans_id=110198&peptide_id=9196&scanf=17900&charge=3&value=10/36,sp|Q9NTI5|PDS5B_HUMAN,/core/www/modules//consensus/?run_id=110202&search_id=114132&scans_id=110198&peptide_id=9196&scanf=17900&charge=3&value=sp|Q9NTI5|PDS5B_HUMAN,0,/core/www/modules/match_peptides/blast_html4.php?run_id=110202&search_id=114132&scans_id=110198&peptide_id=9196&scanf=17900&charge=3&value=0,R.SALLPVLHHK.S,/core/www/modules/show_out/show_out_wrapper.php?run_id=110202&search_id=114132&scans_id=110198&peptide_id=9196&scanf=17900&charge=3&value=R.SALLPVLHHK.S,PDS5B,3.654e+7,2.453,0.025,1.607,0.001
17903,2,"  4.212","  0.726",19/32,/core/www/modules//sdig/index.php?run_id=110202&search_id=114132&scans_id=110198&peptide_id=9199&scanf=17903&charge=2&value=19/32,sp|P61978|HNRPK_HUMAN,/core/www/modules//consensus/?run_id=110202&search_id=114132&scans_id=110198&peptide_id=9199&scanf=17903&charge=2&value=sp|P61978|HNRPK_HUMAN,1,/core/www/modules/match_peptides/blast_html4.php?run_id=110202&search_id=114132&scans_id=110198&peptide_id=9199&scanf=17903&charge=2&value=1,R.TDYNASVSVPDSSGPER.I,/core/www/modules/show_out/show_out_wrapper.php?run_id=110202&search_id=114132&scans_id=110198&peptide_id=9199&scanf=17903&charge=2&value=R.TDYNASVSVPDSSGPER.I,HNRNPK,1.698e+8,4.030,0.000,3.933,0.000
17904,2,"  2.101","  0.257",10/16,/core/www/modules//sdig/index.php?run_id=110202&search_id=114132&scans_id=110198&peptide_id=9200&scanf=17904&charge=2&value=10/16,sp|P08670|VIME_HUMAN,/core/www/modules//consensus/?run_id=110202&search_id=114132&scans_id=110198&peptide_id=9200&scanf=17904&charge=2&value=sp|P08670|VIME_HUMAN,1,/core/www/modules/match_peptides/blast_html4.php?run_id=110202&search_id=114132&scans_id=110198&peptide_id=9200&scanf=17904&charge=2&value=1,R.DNLAEDIM*R.L,/core/www/modules/show_out/show_out_wrapper.php?run_id=110202&search_id=114132&scans_id=110198&peptide_id=9200&scanf=17904&charge=2&value=R.DNLAEDIM*R.L,VIM,9.884e+7,2.985,0.004,2.385,0.000
17905,2,"  2.425","  0.331",8/14,/core/www/modules//sdig/index.php?run_id=110202&search_id=114132&scans_id=110198&peptide_id=9201&scanf=17905&charge=2&value=8/14,sp|Q14152|EIF3A_HUMAN,/core/www/modules//consensus/?run_id=110202&search_id=114132&scans_id=110198&peptide_id=9201&scanf=17905&charge=2&value=sp|Q14152|EIF3A_HUMAN,0,/core/www/modules/match_peptides/blast_html4.php?run_id=110202&search_id=114132&scans_id=110198&peptide_id=9201&scanf=17905&charge=2&value=0,K.IHEPIMLK.Y,/core/www/modules/show_out/show_out_wrapper.php?run_id=110202&search_id=114132&scans_id=110198&peptide_id=9201&scanf=17905&charge=2&value=K.IHEPIMLK.Y,EIF3A,2.437e+7,2.767,0.009,2.064,0.000
17907,2,"  2.612","  0.441",12/20,/core/www/modules//sdig/index.php?run_id=110202&search_id=114132&scans_id=110198&peptide_id=9203&scanf=17907&charge=2&value=12/20,sp|Q9H0A0|NAT10_HUMAN,/core/www/modules//consensus/?run_id=110202&search_id=114132&scans_id=110198&peptide_id=9203&scanf=17907&charge=2&value=sp|Q9H0A0|NAT10_HUMAN,0,/core/www/modules/match_peptides/blast_html4.php?run_id=110202&search_id=114132&scans_id=110198&peptide_id=9203&scanf=17907&charge=2&value=0,K.TLSDDLDEAAK.E,/core/www/modules/show_out/show_out_wrapper.php?run_id=110202&search_id=114132&scans_id=110198&peptide_id=9203&scanf=17907&charge=2&value=K.TLSDDLDEAAK.E,NAT10,3.394e+7,3.125,0.003,2.593,0.000
17910,2,"  2.055","  0.260",9/14,/core/www/modules//sdig/index.php?run_id=110202&search_id=114132&scans_id=110198&peptide_id=9207&scanf=17910&charge=2&value=9/14,sp|Q16643|DREB_HUMAN,/core/www/modules//consensus/?run_id=110202&search_id=114132&scans_id=110198&peptide_id=9207&scanf=17910&charge=2&value=sp|Q16643|DREB_HUMAN,1,/core/www/modules/match_peptides/blast_html4.php?run_id=110202&search_id=114132&scans_id=110198&peptide_id=9207&scanf=17910&charge=2&value=1,R.EQFWEQAK.K,/core/www/modules/show_out/show_out_wrapper.php?run_id=110202&search_id=114132&scans_id=110198&peptide_id=9207&scanf=17910&charge=2&value=R.EQFWEQAK.K,DBN1,2.122e+8,2.685,0.011,1.945,0.000
17911,3,"  3.158","  0.354",13/44,/core/www/modules//sdig/index.php?run_id=110202&search_id=114132&scans_id=110198&peptide_id=9208&scanf=17911&charge=3&value=13/44,sp|P62333|PRS10_HUMAN,/core/www/modules//consensus/?run_id=110202&search_id=114132&scans_id=110198&peptide_id=9208&scanf=17911&charge=3&value=sp|P62333|PRS10_HUMAN,1,/core/www/modules/match_peptides/blast_html4.php?run_id=110202&search_id=114132&scans_id=110198&peptide_id=9208&scanf=17911&charge=3&value=1,R.KIHIDLPNEQAR.L,/core/www/modules/show_out/show_out_wrapper.php?run_id=110202&search_id=114132&scans_id=110198&peptide_id=9208&scanf=17911&charge=3&value=R.KIHIDLPNEQAR.L,PSMC6,1.622e+7,2.420,0.028,1.558,0.001
17914,3,"  3.229","  0.573",13/72,/core/www/modules//sdig/index.php?run_id=110202&search_id=114132&scans_id=110198&peptide_id=9211&scanf=17914&charge=3&value=13/72,sp|P35579|MYH9_HUMAN,/core/www/modules//consensus/?run_id=110202&search_id=114132&scans_id=110198&peptide_id=9211&scanf=17914&charge=3&value=sp|P35579|MYH9_HUMAN,1,/core/www/modules/match_peptides/blast_html4.php?run_id=110202&search_id=114132&scans_id=110198&peptide_id=9211&scanf=17914&charge=3&value=1,R.QAQQERDELADEIANSSGK.G,/core/www/modules/show_out/show_out_wrapper.php?run_id=110202&search_id=114132&scans_id=110198&peptide_id=9211&scanf=17914&charge=3&value=R.QAQQERDELADEIANSSGK.G,MYH9,1.537e+7,2.959,0.004,2.347,0.000
17915,2,"  2.013","  0.500",9/16,/core/www/modules//sdig/index.php?run_id=110202&search_id=114132&scans_id=110198&peptide_id=9212&scanf=17915&charge=2&value=9/16,sp|Q14151|SAFB2_HUMAN,/core/www/modules//consensus/?run_id=110202&search_id=114132&scans_id=110198&peptide_id=9212&scanf=17915&charge=2&value=sp|Q14151|SAFB2_HUMAN,0,/core/www/modules/match_peptides/blast_html4.php?run_id=110202&search_id=114132&scans_id=110198&peptide_id=9212&scanf=17915&charge=2&value=0,R.DDAYWPEGK.R,/core/www/modules/show_out/show_out_wrapper.php?run_id=110202&search_id=114132&scans_id=110198&peptide_id=9212&scanf=17915&charge=2&value=R.DDAYWPEGK.R,SAFB2,1.446e+7,3.039,0.003,2.466,0.000
17916,2,"  4.774","  0.585",15/32,/core/www/modules//sdig/index.php?run_id=110202&search_id=114132&scans_id=110198&peptide_id=9213&scanf=17916&charge=2&value=15/32,sp|P21333|FLNA_HUMAN,/core/www/modules//consensus/?run_id=110202&search_id=114132&scans_id=110198&peptide_id=9213&scanf=17916&charge=2&value=sp|P21333|FLNA_HUMAN,5,/core/www/modules/match_peptides/blast_html4.php?run_id=110202&search_id=114132&scans_id=110198&peptide_id=9213&scanf=17916&charge=2&value=5,K.VTAQGPGLEPSGNIANK.T,/core/www/modules/show_out/show_out_wrapper.php?run_id=110202&search_id=114132&scans_id=110198&peptide_id=9213&scanf=17916&charge=2&value=K.VTAQGPGLEPSGNIANK.T,FLNA,1.305e+7,3.381,0.001,2.972,0.000
17918,2,"  2.644","  0.547",12/20,/core/www/modules//sdig/index.php?run_id=110202&search_id=114132&scans_id=110198&peptide_id=9214&scanf=17918&charge=2&value=12/20,sp|P02545|LMNA_HUMAN,/core/www/modules//consensus/?run_id=110202&search_id=114132&scans_id=110198&peptide_id=9214&scanf=17918&charge=2&value=sp|P02545|LMNA_HUMAN,7,/core/www/modules/match_peptides/blast_html4.php?run_id=110202&search_id=114132&scans_id=110198&peptide_id=9214&scanf=17918&charge=2&value=7,K.EAALSTALSEK.R,/core/www/modules/show_out/show_out_wrapper.php?run_id=110202&search_id=114132&scans_id=110198&peptide_id=9214&scanf=17918&charge=2&value=K.EAALSTALSEK.R,LMNA,2.277e+8,3.495,0.001,3.141,0.000
17919,2,"  2.325","  0.374",9/16,/core/www/modules//sdig/index.php?run_id=110202&search_id=114132&scans_id=110198&peptide_id=9215&scanf=17919&charge=2&value=9/16,sp|P68104|EF1A1_HUMAN,/core/www/modules//consensus/?run_id=110202&search_id=114132&scans_id=110198&peptide_id=9215&scanf=17919&charge=2&value=sp|P68104|EF1A1_HUMAN,5,/core/www/modules/match_peptides/blast_html4.php?run_id=110202&search_id=114132&scans_id=110198&peptide_id=9215&scanf=17919&charge=2&value=5,R.QTVAVGVIK.A,/core/www/modules/show_out/show_out_wrapper.php?run_id=110202&search_id=114132&scans_id=110198&peptide_id=9215&scanf=17919&charge=2&value=R.QTVAVGVIK.A,EEF1A1,2.421e+8,2.821,0.007,2.144,0.000
17920,2,"  1.802","  0.118",7/12,/core/www/modules//sdig/index.php?run_id=110202&search_id=114132&scans_id=110198&peptide_id=9217&scanf=17920&charge=2&value=7/12,sp|P06748|NPM_HUMAN,/core/www/modules//consensus/?run_id=110202&search_id=114132&scans_id=110198&peptide_id=9217&scanf=17920&charge=2&value=sp|P06748|NPM_HUMAN,10,/core/www/modules/match_peptides/blast_html4.php?run_id=110202&search_id=114132&scans_id=110198&peptide_id=9217&scanf=17920&charge=2&value=10,K.VTLATLK.M,/core/www/modules/show_out/show_out_wrapper.php?run_id=110202&search_id=114132&scans_id=110198&peptide_id=9217&scanf=17920&charge=2&value=K.VTLATLK.M,NPM1,3.062e+8,2.064,0.088,1.058,0.004
17923,2,"  1.835","  0.212",9/18,/core/www/modules//sdig/index.php?run_id=110202&search_id=114132&scans_id=110198&peptide_id=9220&scanf=17923&charge=2&value=9/18,sp|Q68CP9|ARID2_HUMAN,/core/www/modules//consensus/?run_id=110202&search_id=114132&scans_id=110198&peptide_id=9220&scanf=17923&charge=2&value=sp|Q68CP9|ARID2_HUMAN,2,/core/www/modules/match_peptides/blast_html4.php?run_id=110202&search_id=114132&scans_id=110198&peptide_id=9220&scanf=17923&charge=2&value=2,R.NLSFEEGNVK.L,/core/www/modules/show_out/show_out_wrapper.php?run_id=110202&search_id=114132&scans_id=110198&peptide_id=9220&scanf=17923&charge=2&value=R.NLSFEEGNVK.L,ARID2,2.572e+7,2.063,0.088,1.057,0.004
17925,3,"  2.972","  0.569",15/36,/core/www/modules//sdig/index.php?run_id=110202&search_id=114132&scans_id=110198&peptide_id=9222&scanf=17925&charge=3&value=15/36,sp|Q9UKM9|RALY_HUMAN,/core/www/modules//consensus/?run_id=110202&search_id=114132&scans_id=110198&peptide_id=9222&scanf=17925&charge=3&value=sp|Q9UKM9|RALY_HUMAN,3,/core/www/modules/match_peptides/blast_html4.php?run_id=110202&search_id=114132&scans_id=110198&peptide_id=9222&scanf=17925&charge=3&value=3,K.KSDVETIFSK.Y,/core/www/modules/show_out/show_out_wrapper.php?run_id=110202&search_id=114132&scans_id=110198&peptide_id=9222&scanf=17925&charge=3&value=K.KSDVETIFSK.Y,RALY,3.097e+7,3.272,0.002,2.810,0.000
17926,3,"  1.550","  0.305",10/36,/core/www/modules//sdig/index.php?run_id=110202&search_id=114132&scans_id=110198&peptide_id=9223&scanf=17926&charge=3&value=10/36,sp|Q9UIG0|BAZ1B_HUMAN,/core/www/modules//consensus/?run_id=110202&search_id=114132&scans_id=110198&peptide_id=9223&scanf=17926&charge=3&value=sp|Q9UIG0|BAZ1B_HUMAN,0,/core/www/modules/match_peptides/blast_html4.php?run_id=110202&search_id=114132&scans_id=110198&peptide_id=9223&scanf=17926&charge=3&value=0,K.GWVHDSIDYR.F,/core/www/modules/show_out/show_out_wrapper.php?run_id=110202&search_id=114132&scans_id=110198&peptide_id=9223&scanf=17926&charge=3&value=K.GWVHDSIDYR.F,BAZ1B,2.702e+7,2.666,0.012,1.916,0.000
17927,2,"  2.241","  0.438",10/20,/core/www/modules//sdig/index.php?run_id=110202&search_id=114132&scans_id=110198&peptide_id=9224&scanf=17927&charge=2&value=10/20,sp|Q15393|SF3B3_HUMAN,/core/www/modules//consensus/?run_id=110202&search_id=114132&scans_id=110198&peptide_id=9224&scanf=17927&charge=2&value=sp|Q15393|SF3B3_HUMAN,2,/core/www/modules/match_peptides/blast_html4.php?run_id=110202&search_id=114132&scans_id=110198&peptide_id=9224&scanf=17927&charge=2&value=2,K.DYIVVGSDSGR.I,/core/www/modules/show_out/show_out_wrapper.php?run_id=110202&search_id=114132&scans_id=110198&peptide_id=9224&scanf=17927&charge=2&value=K.DYIVVGSDSGR.I,SF3B3,3.478e+7,2.918,0.005,2.287,0.000
17931,2,"  1.750","  0.334",7/16,/core/www/modules//sdig/index.php?run_id=110202&search_id=114132&scans_id=110198&peptide_id=9229&scanf=17931&charge=2&value=7/16,sp|Q9H4L4|SENP3_HUMAN,/core/www/modules//consensus/?run_id=110202&search_id=114132&scans_id=110198&peptide_id=9229&scanf=17931&charge=2&value=sp|Q9H4L4|SENP3_HUMAN,5,/core/www/modules/match_peptides/blast_html4.php?run_id=110202&search_id=114132&scans_id=110198&peptide_id=9229&scanf=17931&charge=2&value=5,R.TITYFDSQR.T,/core/www/modules/show_out/show_out_wrapper.php?run_id=110202&search_id=114132&scans_id=110198&peptide_id=9229&scanf=17931&charge=2&value=R.TITYFDSQR.T,SENP3,1.804e+7,2.486,0.022,1.654,0.001
17932,2,"  3.161","  0.528",11/18,/core/www/modules//sdig/index.php?run_id=110202&search_id=114132&scans_id=110198&peptide_id=9230&scanf=17932&charge=2&value=11/18,sp|P56192|SYMC_HUMAN,/core/www/modules//consensus/?run_id=110202&search_id=114132&scans_id=110198&peptide_id=9230&scanf=17932&charge=2&value=sp|P56192|SYMC_HUMAN,4,/core/www/modules/match_peptides/blast_html4.php?run_id=110202&search_id=114132&scans_id=110198&peptide_id=9230&scanf=17932&charge=2&value=4,K.LENDQIESLR.Q,/core/www/modules/show_out/show_out_wrapper.php?run_id=110202&search_id=114132&scans_id=110198&peptide_id=9230&scanf=17932&charge=2&value=K.LENDQIESLR.Q,MARS1,5.046e+7,3.435,0.001,3.051,0.000
17936,3,"  3.448","  0.481",14/48,/core/www/modules//sdig/index.php?run_id=110202&search_id=114132&scans_id=110198&peptide_id=9234&scanf=17936&charge=3&value=14/48,sp|P23396|RS3_HUMAN,/core/www/modules//consensus/?run_id=110202&search_id=114132&scans_id=110198&peptide_id=9234&scanf=17936&charge=3&value=sp|P23396|RS3_HUMAN,4,/core/www/modules/match_peptides/blast_html4.php?run_id=110202&search_id=114132&scans_id=110198&peptide_id=9234&scanf=17936&charge=3&value=4,K.KPLPDHVSIVEPK.D,/core/www/modules/show_out/show_out_wrapper.php?run_id=110202&search_id=114132&scans_id=110198&peptide_id=9234&scanf=17936&charge=3&value=K.KPLPDHVSIVEPK.D,RPS3,6.737e+7,3.178,0.002,2.672,0.000
17939,2,"  1.609","  0.327",8/12,/core/www/modules//sdig/index.php?run_id=110202&search_id=114132&scans_id=110198&peptide_id=9236&scanf=17939&charge=2&value=8/12,sp|P11387|TOP1_HUMAN,/core/www/modules//consensus/?run_id=110202&search_id=114132&scans_id=110198&peptide_id=9236&scanf=17939&charge=2&value=sp|P11387|TOP1_HUMAN,3,/core/www/modules/match_peptides/blast_html4.php?run_id=110202&search_id=114132&scans_id=110198&peptide_id=9236&scanf=17939&charge=2&value=3,K.LNYLDPR.I,/core/www/modules/show_out/show_out_wrapper.php?run_id=110202&search_id=114132&scans_id=110198&peptide_id=9236&scanf=17939&charge=2&value=K.LNYLDPR.I,TOP1,1.718e+8,2.952,0.005,2.337,0.000
17941,2,"  1.938","  0.454",10/16,/core/www/modules//sdig/index.php?run_id=110202&search_id=114132&scans_id=110198&peptide_id=9239&scanf=17941&charge=2&value=10/16,sp|P46782|RS5_HUMAN,/core/www/modules//consensus/?run_id=110202&search_id=114132&scans_id=110198&peptide_id=9239&scanf=17941&charge=2&value=sp|P46782|RS5_HUMAN,3,/core/www/modules/match_peptides/blast_html4.php?run_id=110202&search_id=114132&scans_id=110198&peptide_id=9239&scanf=17941&charge=2&value=3,R.QAVDVSPLR.R,/core/www/modules/show_out/show_out_wrapper.php?run_id=110202&search_id=114132&scans_id=110198&peptide_id=9239&scanf=17941&charge=2&value=R.QAVDVSPLR.R,RPS5,9.410e+7,3.138,0.002,2.611,0.000
17942,3,"  2.532","  0.415",13/40,/core/www/modules//sdig/index.php?run_id=110202&search_id=114132&scans_id=110198&peptide_id=9240&scanf=17942&charge=3&value=13/40,sp|O75494|SRS10_HUMAN,/core/www/modules//consensus/?run_id=110202&search_id=114132&scans_id=110198&peptide_id=9240&scanf=17942&charge=3&value=sp|O75494|SRS10_HUMAN,1,/core/www/modules/match_peptides/blast_html4.php?run_id=110202&search_id=114132&scans_id=110198&peptide_id=9240&scanf=17942&charge=3&value=1,R.DAEDALHNLDR.K,/core/www/modules/show_out/show_out_wrapper.php?run_id=110202&search_id=114132&scans_id=110198&peptide_id=9240&scanf=17942&charge=3&value=R.DAEDALHNLDR.K,SRSF10,1.159e+8,2.969,0.004,2.362,0.000
17945,2,"  1.934","  0.280",8/12,/core/www/modules//sdig/index.php?run_id=110202&search_id=114132&scans_id=110198&peptide_id=9243&scanf=17945&charge=2&value=8/12,sp|Q08211|DHX9_HUMAN,/core/www/modules//consensus/?run_id=110202&search_id=114132&scans_id=110198&peptide_id=9243&scanf=17945&charge=2&value=sp|Q08211|DHX9_HUMAN,0,/core/www/modules/match_peptides/blast_html4.php?run_id=110202&search_id=114132&scans_id=110198&peptide_id=9243&scanf=17945&charge=2&value=0,R.LNMATLR.M,/core/www/modules/show_out/show_out_wrapper.php?run_id=110202&search_id=114132&scans_id=110198&peptide_id=9243&scanf=17945&charge=2&value=R.LNMATLR.M,DHX9,4.317e+8,3.010,0.004,2.423,0.000
17947,3,"  2.259","  0.272",12/48,/core/www/modules//sdig/index.php?run_id=110202&search_id=114132&scans_id=110198&peptide_id=9245&scanf=17947&charge=3&value=12/48,sp|P45973|CBX5_HUMAN,/core/www/modules//consensus/?run_id=110202&search_id=114132&scans_id=110198&peptide_id=9245&scanf=17947&charge=3&value=sp|P45973|CBX5_HUMAN,0,/core/www/modules/match_peptides/blast_html4.php?run_id=110202&search_id=114132&scans_id=110198&peptide_id=9245&scanf=17947&charge=3&value=0,R.LTWHAYPEDAENK.E,/core/www/modules/show_out/show_out_wrapper.php?run_id=110202&search_id=114132&scans_id=110198&peptide_id=9245&scanf=17947&charge=3&value=R.LTWHAYPEDAENK.E,CBX5,3.355e+7,2.272,0.045,1.347,0.002
17949,2,"  3.499","  0.512",16/16,/core/www/modules//sdig/index.php?run_id=110202&search_id=114132&scans_id=110198&peptide_id=9247&scanf=17949&charge=2&value=16/16,sp|P62424|RL7A_HUMAN,/core/www/modules//consensus/?run_id=110202&search_id=114132&scans_id=110198&peptide_id=9247&scanf=17949&charge=2&value=sp|P62424|RL7A_HUMAN,1,/core/www/modules/match_peptides/blast_html4.php?run_id=110202&search_id=114132&scans_id=110198&peptide_id=9247&scanf=17949&charge=2&value=1,K.KVVNPLFEK.R,/core/www/modules/show_out/show_out_wrapper.php?run_id=110202&search_id=114132&scans_id=110198&peptide_id=9247&scanf=17949&charge=2&value=K.KVVNPLFEK.R,RPL7A,1.988e+8,3.691,0.000,3.431,0.000
17951,2,"  2.058","  0.375",8/14,/core/www/modules//sdig/index.php?run_id=110202&search_id=114132&scans_id=110198&peptide_id=9250&scanf=17951&charge=2&value=8/14,sp|Q1KMD3|HNRL2_HUMAN,/core/www/modules//consensus/?run_id=110202&search_id=114132&scans_id=110198&peptide_id=9250&scanf=17951&charge=2&value=sp|Q1KMD3|HNRL2_HUMAN,1,/core/www/modules/match_peptides/blast_html4.php?run_id=110202&search_id=114132&scans_id=110198&peptide_id=9250&scanf=17951&charge=2&value=1,K.ANFSLPEK.C,/core/www/modules/show_out/show_out_wrapper.php?run_id=110202&search_id=114132&scans_id=110198&peptide_id=9250&scanf=17951&charge=2&value=K.ANFSLPEK.C,HNRNPUL2,3.477e+7,2.769,0.009,2.067,0.000
17952,2,"  3.004","  0.626",12/20,/core/www/modules//sdig/index.php?run_id=110202&search_id=114132&scans_id=110198&peptide_id=9251&scanf=17952&charge=2&value=12/20,sp|P12814|ACTN1_HUMAN,/core/www/modules//consensus/?run_id=110202&search_id=114132&scans_id=110198&peptide_id=9251&scanf=17952&charge=2&value=sp|P12814|ACTN1_HUMAN,13,/core/www/modules/match_peptides/blast_html4.php?run_id=110202&search_id=114132&scans_id=110198&peptide_id=9251&scanf=17952&charge=2&value=13,K.GISQEQMNEFR.A,/core/www/modules/show_out/show_out_wrapper.php?run_id=110202&search_id=114132&scans_id=110198&peptide_id=9251&scanf=17952&charge=2&value=K.GISQEQMNEFR.A,ACTN1,4.861e+7,3.765,0.000,3.541,0.000
17953,2,"  3.083","  0.487",15/18,/core/www/modules//sdig/index.php?run_id=110202&search_id=114132&scans_id=110198&peptide_id=9252&scanf=17953&charge=2&value=15/18,sp|P78347|GTF2I_HUMAN,/core/www/modules//consensus/?run_id=110202&search_id=114132&scans_id=110198&peptide_id=9252&scanf=17953&charge=2&value=sp|P78347|GTF2I_HUMAN,2,/core/www/modules/match_peptides/blast_html4.php?run_id=110202&search_id=114132&scans_id=110198&peptide_id=9252&scanf=17953&charge=2&value=2,K.KPEMFETAIK.E,/core/www/modules/show_out/show_out_wrapper.php?run_id=110202&search_id=114132&scans_id=110198&peptide_id=9252&scanf=17953&charge=2&value=K.KPEMFETAIK.E,GTF2I,1.714e+7,3.651,0.000,3.372,0.000
17954,3,"  3.814","  0.544",17/56,/core/www/modules//sdig/index.php?run_id=110202&search_id=114132&scans_id=110198&peptide_id=9253&scanf=17954&charge=3&value=17/56,sp|Q9BV38|WDR18_HUMAN,/core/www/modules//consensus/?run_id=110202&search_id=114132&scans_id=110198&peptide_id=9253&scanf=17954&charge=3&value=sp|Q9BV38|WDR18_HUMAN,2,/core/www/modules/match_peptides/blast_html4.php?run_id=110202&search_id=114132&scans_id=110198&peptide_id=9253&scanf=17954&charge=3&value=2,R.LGLHQQGSEPSYLDR.T,/core/www/modules/show_out/show_out_wrapper.php?run_id=110202&search_id=114132&scans_id=110198&peptide_id=9253&scanf=17954&charge=3&value=R.LGLHQQGSEPSYLDR.T,WDR18,1.282e+7,3.341,0.001,2.913,0.000
17962,2,"  2.718","  0.536",14/22,/core/www/modules//sdig/index.php?run_id=110202&search_id=114132&scans_id=110198&peptide_id=9261&scanf=17962&charge=2&value=14/22,sp|Q12905|ILF2_HUMAN,/core/www/modules//consensus/?run_id=110202&search_id=114132&scans_id=110198&peptide_id=9261&scanf=17962&charge=2&value=sp|Q12905|ILF2_HUMAN,1,/core/www/modules/match_peptides/blast_html4.php?run_id=110202&search_id=114132&scans_id=110198&peptide_id=9261&scanf=17962&charge=2&value=1,R.WFEENASQSTVK.V,/core/www/modules/show_out/show_out_wrapper.php?run_id=110202&search_id=114132&scans_id=110198&peptide_id=9261&scanf=17962&charge=2&value=R.WFEENASQSTVK.V,ILF2,7.908e+7,3.457,0.001,3.085,0.000
17963,3,"  4.476","  0.627",22/48,/core/www/modules//sdig/index.php?run_id=110202&search_id=114132&scans_id=110198&peptide_id=9262&scanf=17963&charge=3&value=22/48,sp|P23396|RS3_HUMAN,/core/www/modules//consensus/?run_id=110202&search_id=114132&scans_id=110198&peptide_id=9262&scanf=17963&charge=3&value=sp|P23396|RS3_HUMAN,4,/core/www/modules/match_peptides/blast_html4.php?run_id=110202&search_id=114132&scans_id=110198&peptide_id=9262&scanf=17963&charge=3&value=4,K.KPLPDHVSIVEPK.D,/core/www/modules/show_out/show_out_wrapper.php?run_id=110202&search_id=114132&scans_id=110198&peptide_id=9262&scanf=17963&charge=3&value=K.KPLPDHVSIVEPK.D,RPS3,6.737e+7,3.957,0.000,3.826,0.000
17966,4,"  4.852","  0.366",17/126,/core/www/modules//sdig/index.php?run_id=110202&search_id=114132&scans_id=110198&peptide_id=9265&scanf=17966&charge=4&value=17/126,sp|Q9UQ35|SRRM2_HUMAN,/core/www/modules//consensus/?run_id=110202&search_id=114132&scans_id=110198&peptide_id=9265&scanf=17966&charge=4&value=sp|Q9UQ35|SRRM2_HUMAN,5,/core/www/modules/match_peptides/blast_html4.php?run_id=110202&search_id=114132&scans_id=110198&peptide_id=9265&scanf=17966&charge=4&value=5,K.EETPGQRPAVTETHQLAELNEK.K,/core/www/modules/show_out/show_out_wrapper.php?run_id=110202&search_id=114132&scans_id=110198&peptide_id=9265&scanf=17966&charge=4&value=K.EETPGQRPAVTETHQLAELNEK.K,SRRM2,1.038e+7,2.862,0.006,2.204,0.000
17968,2,"  2.154","  0.552",12/22,/core/www/modules//sdig/index.php?run_id=110202&search_id=114132&scans_id=110198&peptide_id=9267&scanf=17968&charge=2&value=12/22,sp|P11387|TOP1_HUMAN,/core/www/modules//consensus/?run_id=110202&search_id=114132&scans_id=110198&peptide_id=9267&scanf=17968&charge=2&value=sp|P11387|TOP1_HUMAN,1,/core/www/modules/match_peptides/blast_html4.php?run_id=110202&search_id=114132&scans_id=110198&peptide_id=9267&scanf=17968&charge=2&value=1,K.ELTAPDENIPAK.I,/core/www/modules/show_out/show_out_wrapper.php?run_id=110202&search_id=114132&scans_id=110198&peptide_id=9267&scanf=17968&charge=2&value=K.ELTAPDENIPAK.I,TOP1,1.244e+8,3.360,0.001,2.940,0.000
17970,2,"  2.539","  0.440",10/18,/core/www/modules//sdig/index.php?run_id=110202&search_id=114132&scans_id=110198&peptide_id=9270&scanf=17970&charge=2&value=10/18,sp|O95793|STAU1_HUMAN,/core/www/modules//consensus/?run_id=110202&search_id=114132&scans_id=110198&peptide_id=9270&scanf=17970&charge=2&value=sp|O95793|STAU1_HUMAN,3,/core/www/modules/match_peptides/blast_html4.php?run_id=110202&search_id=114132&scans_id=110198&peptide_id=9270&scanf=17970&charge=2&value=3,R.ILQNEPLPER.L,/core/www/modules/show_out/show_out_wrapper.php?run_id=110202&search_id=114132&scans_id=110198&peptide_id=9270&scanf=17970&charge=2&value=R.ILQNEPLPER.L,STAU1,4.495e+7,3.087,0.003,2.537,0.000
17973,2,"  1.648","  0.163",7/12,/core/www/modules//sdig/index.php?run_id=110202&search_id=114132&scans_id=110198&peptide_id=9273&scanf=17973&charge=2&value=7/12,sp|O00159|MYO1C_HUMAN,/core/www/modules//consensus/?run_id=110202&search_id=114132&scans_id=110198&peptide_id=9273&scanf=17973&charge=2&value=sp|O00159|MYO1C_HUMAN,1,/core/www/modules/match_peptides/blast_html4.php?run_id=110202&search_id=114132&scans_id=110198&peptide_id=9273&scanf=17973&charge=2&value=1,K.YEAFLQR.Y,/core/www/modules/show_out/show_out_wrapper.php?run_id=110202&search_id=114132&scans_id=110198&peptide_id=9273&scanf=17973&charge=2&value=K.YEAFLQR.Y,MYO1C,1.334e+7,2.281,0.044,1.360,0.001
17975,2,"  2.086","  0.417",8/14,/core/www/modules//sdig/index.php?run_id=110202&search_id=114132&scans_id=110198&peptide_id=9275&scanf=17975&charge=2&value=8/14,sp|Q92785|REQU_HUMAN,/core/www/modules//consensus/?run_id=110202&search_id=114132&scans_id=110198&peptide_id=9275&scanf=17975&charge=2&value=sp|Q92785|REQU_HUMAN,2,/core/www/modules/match_peptides/blast_html4.php?run_id=110202&search_id=114132&scans_id=110198&peptide_id=9275&scanf=17975&charge=2&value=2,K.LLGEQYYK.D,/core/www/modules/show_out/show_out_wrapper.php?run_id=110202&search_id=114132&scans_id=110198&peptide_id=9275&scanf=17975&charge=2&value=K.LLGEQYYK.D,DPF2,2.121e+7,2.977,0.004,2.374,0.000
17977,2,"  3.958","  0.677",17/24,/core/www/modules//sdig/index.php?run_id=110202&search_id=114132&scans_id=110198&peptide_id=9277&scanf=17977&charge=2&value=17/24,sp|Q969G3|SMCE1_HUMAN,/core/www/modules//consensus/?run_id=110202&search_id=114132&scans_id=110198&peptide_id=9277&scanf=17977&charge=2&value=sp|Q969G3|SMCE1_HUMAN,9,/core/www/modules/match_peptides/blast_html4.php?run_id=110202&search_id=114132&scans_id=110198&peptide_id=9277&scanf=17977&charge=2&value=9,K.IAAEIAQAEEQAR.K,/core/www/modules/show_out/show_out_wrapper.php?run_id=110202&search_id=114132&scans_id=110198&peptide_id=9277&scanf=17977&charge=2&value=K.IAAEIAQAEEQAR.K,SMARCE1,3.900e+7,4.029,0.000,3.932,0.000
17981,2,"  2.269","  0.328",12/12,/core/www/modules//sdig/index.php?run_id=110202&search_id=114132&scans_id=110198&peptide_id=9281&scanf=17981&charge=2&value=12/12,sp|P04908|H2A1B_HUMAN,/core/www/modules//consensus/?run_id=110202&search_id=114132&scans_id=110198&peptide_id=9281&scanf=17981&charge=2&value=sp|P04908|H2A1B_HUMAN,20,/core/www/modules/match_peptides/blast_html4.php?run_id=110202&search_id=114132&scans_id=110198&peptide_id=9281&scanf=17981&charge=2&value=20,R.HLQLAIR.N,/core/www/modules/show_out/show_out_wrapper.php?run_id=110202&search_id=114132&scans_id=110198&peptide_id=9281&scanf=17981&charge=2&value=R.HLQLAIR.N,H2AC8,1.860e+9,3.532,0.001,3.196,0.000
17982,2,"  1.984","  0.262",8/12,/core/www/modules//sdig/index.php?run_id=110202&search_id=114132&scans_id=110198&peptide_id=9282&scanf=17982&charge=2&value=8/12,sp|P52272|HNRPM_HUMAN,/core/www/modules//consensus/?run_id=110202&search_id=114132&scans_id=110198&peptide_id=9282&scanf=17982&charge=2&value=sp|P52272|HNRPM_HUMAN,2,/core/www/modules/match_peptides/blast_html4.php?run_id=110202&search_id=114132&scans_id=110198&peptide_id=9282&scanf=17982&charge=2&value=2,R.MGLVMDR.M,/core/www/modules/show_out/show_out_wrapper.php?run_id=110202&search_id=114132&scans_id=110198&peptide_id=9282&scanf=17982&charge=2&value=R.MGLVMDR.M,HNRNPM,1.545e+8,2.873,0.006,2.221,0.000
17985,3,"  2.755","  0.366",16/40,/core/www/modules//sdig/index.php?run_id=110202&search_id=114132&scans_id=110198&peptide_id=9285&scanf=17985&charge=3&value=16/40,sp|P35579|MYH9_HUMAN,/core/www/modules//consensus/?run_id=110202&search_id=114132&scans_id=110198&peptide_id=9285&scanf=17985&charge=3&value=sp|P35579|MYH9_HUMAN,3,/core/www/modules/match_peptides/blast_html4.php?run_id=110202&search_id=114132&scans_id=110198&peptide_id=9285&scanf=17985&charge=3&value=3,R.AGVLAHLEEER.D,/core/www/modules/show_out/show_out_wrapper.php?run_id=110202&search_id=114132&scans_id=110198&peptide_id=9285&scanf=17985&charge=3&value=R.AGVLAHLEEER.D,MYH9,3.435e+7,3.113,0.003,2.576,0.000
17987,2,"  1.682","  0.560",8/14,/core/www/modules//sdig/index.php?run_id=110202&search_id=114132&scans_id=110198&peptide_id=9287&scanf=17987&charge=2&value=8/14,sp|P22626|ROA2_HUMAN,/core/www/modules//consensus/?run_id=110202&search_id=114132&scans_id=110198&peptide_id=9287&scanf=17987&charge=2&value=sp|P22626|ROA2_HUMAN,10,/core/www/modules/match_peptides/blast_html4.php?run_id=110202&search_id=114132&scans_id=110198&peptide_id=9287&scanf=17987&charge=2&value=10,R.DYFEEYGK.I,/core/www/modules/show_out/show_out_wrapper.php?run_id=110202&search_id=114132&scans_id=110198&peptide_id=9287&scanf=17987&charge=2&value=R.DYFEEYGK.I,HNRNPA2B1,2.033e+8,3.540,0.001,3.207,0.000
17988,2,"  2.410","  0.212",9/14,/core/www/modules//sdig/index.php?run_id=110202&search_id=114132&scans_id=110198&peptide_id=9288&scanf=17988&charge=2&value=9/14,sp|P07305|H10_HUMAN,/core/www/modules//consensus/?run_id=110202&search_id=114132&scans_id=110198&peptide_id=9288&scanf=17988&charge=2&value=sp|P07305|H10_HUMAN,0,/core/www/modules/match_peptides/blast_html4.php?run_id=110202&search_id=114132&scans_id=110198&peptide_id=9288&scanf=17988&charge=2&value=0,R.LVTTGVLK.Q,/core/www/modules/show_out/show_out_wrapper.php?run_id=110202&search_id=114132&scans_id=110198&peptide_id=9288&scanf=17988&charge=2&value=R.LVTTGVLK.Q,H1-0,1.193e+7,2.377,0.032,1.497,0.001
17990,2,"  4.494","  0.674",19/28,/core/www/modules//sdig/index.php?run_id=110202&search_id=114132&scans_id=110198&peptide_id=9291&scanf=17990&charge=2&value=19/28,sp|O60264|SMCA5_HUMAN,/core/www/modules//consensus/?run_id=110202&search_id=114132&scans_id=110198&peptide_id=9291&scanf=17990&charge=2&value=sp|O60264|SMCA5_HUMAN,0,/core/www/modules/match_peptides/blast_html4.php?run_id=110202&search_id=114132&scans_id=110198&peptide_id=9291&scanf=17990&charge=2&value=0,R.TEQEEDEELLTESSK.A,/core/www/modules/show_out/show_out_wrapper.php?run_id=110202&search_id=114132&scans_id=110198&peptide_id=9291&scanf=17990&charge=2&value=R.TEQEEDEELLTESSK.A,SMARCA5,1.023e+7,4.078,0.000,4.005,0.000
17992,2,"  3.038","  0.558",13/24,/core/www/modules//sdig/index.php?run_id=110202&search_id=114132&scans_id=110198&peptide_id=9293&scanf=17992&charge=2&value=13/24,sp|P08865|RSSA_HUMAN,/core/www/modules//consensus/?run_id=110202&search_id=114132&scans_id=110198&peptide_id=9293&scanf=17992&charge=2&value=sp|P08865|RSSA_HUMAN,6,/core/www/modules/match_peptides/blast_html4.php?run_id=110202&search_id=114132&scans_id=110198&peptide_id=9293&scanf=17992&charge=2&value=6,K.FAAATGATPIAGR.F,/core/www/modules/show_out/show_out_wrapper.php?run_id=110202&search_id=114132&scans_id=110198&peptide_id=9293&scanf=17992&charge=2&value=K.FAAATGATPIAGR.F,RPSA,1.147e+7,3.209,0.002,2.717,0.000
17993,2,"  2.837","  0.383",9/16,/core/www/modules//sdig/index.php?run_id=110202&search_id=114132&scans_id=110198&peptide_id=9294&scanf=17993&charge=2&value=9/16,sp|P27361|MK03_HUMAN,/core/www/modules//consensus/?run_id=110202&search_id=114132&scans_id=110198&peptide_id=9294&scanf=17993&charge=2&value=sp|P27361|MK03_HUMAN,4,/core/www/modules/match_peptides/blast_html4.php?run_id=110202&search_id=114132&scans_id=110198&peptide_id=9294&scanf=17993&charge=2&value=4,R.APEIMLNSK.G,/core/www/modules/show_out/show_out_wrapper.php?run_id=110202&search_id=114132&scans_id=110198&peptide_id=9294&scanf=17993&charge=2&value=R.APEIMLNSK.G,MAPK3,1.116e+7,2.766,0.009,2.063,0.000
17994,2,"  2.345","  0.260",13/24,/core/www/modules//sdig/index.php?run_id=110202&search_id=114132&scans_id=110198&peptide_id=9295&scanf=17994&charge=2&value=13/24,sp|Q9Y6M1|IF2B2_HUMAN,/core/www/modules//consensus/?run_id=110202&search_id=114132&scans_id=110198&peptide_id=9295&scanf=17994&charge=2&value=sp|Q9Y6M1|IF2B2_HUMAN,1,/core/www/modules/match_peptides/blast_html4.php?run_id=110202&search_id=114132&scans_id=110198&peptide_id=9295&scanf=17994&charge=2&value=1,R.DQTPDENEEVIVR.I,/core/www/modules/show_out/show_out_wrapper.php?run_id=110202&search_id=114132&scans_id=110198&peptide_id=9295&scanf=17994&charge=2&value=R.DQTPDENEEVIVR.I,IGF2BP2,1.301e+7,2.292,0.042,1.376,0.001
17995,2,"  2.209","  0.239",9/18,/core/www/modules//sdig/index.php?run_id=110202&search_id=114132&scans_id=110198&peptide_id=9296&scanf=17995&charge=2&value=9/18,sp|Q8WYA6|CTBL1_HUMAN,/core/www/modules//consensus/?run_id=110202&search_id=114132&scans_id=110198&peptide_id=9296&scanf=17995&charge=2&value=sp|Q8WYA6|CTBL1_HUMAN,1,/core/www/modules/match_peptides/blast_html4.php?run_id=110202&search_id=114132&scans_id=110198&peptide_id=9296&scanf=17995&charge=2&value=1,K.YLGAMQVADK.K,/core/www/modules/show_out/show_out_wrapper.php?run_id=110202&search_id=114132&scans_id=110198&peptide_id=9296&scanf=17995&charge=2&value=K.YLGAMQVADK.K,CTNNBL1,2.379e+7,2.270,0.045,1.344,0.002
17997,3,"  3.196","  0.533",16/64,/core/www/modules//sdig/index.php?run_id=110202&search_id=114132&scans_id=110198&peptide_id=9298&scanf=17997&charge=3&value=16/64,sp|O43707|ACTN4_HUMAN,/core/www/modules//consensus/?run_id=110202&search_id=114132&scans_id=110198&peptide_id=9298&scanf=17997&charge=3&value=sp|O43707|ACTN4_HUMAN,3,/core/www/modules/match_peptides/blast_html4.php?run_id=110202&search_id=114132&scans_id=110198&peptide_id=9298&scanf=17997&charge=3&value=3,K.VLAVNQENEHLM*EDYEK.L,/core/www/modules/show_out/show_out_wrapper.php?run_id=110202&search_id=114132&scans_id=110198&peptide_id=9298&scanf=17997&charge=3&value=K.VLAVNQENEHLM*EDYEK.L,ACTN4,7.398e+6,3.465,0.001,3.097,0.000
17999,2,"  1.859","  0.325",7/12,/core/www/modules//sdig/index.php?run_id=110202&search_id=114132&scans_id=110198&peptide_id=9300&scanf=17999&charge=2&value=7/12,sp|P49411|EFTU_HUMAN,/core/www/modules//consensus/?run_id=110202&search_id=114132&scans_id=110198&peptide_id=9300&scanf=17999&charge=2&value=sp|P49411|EFTU_HUMAN,0,/core/www/modules/match_peptides/blast_html4.php?run_id=110202&search_id=114132&scans_id=110198&peptide_id=9300&scanf=17999&charge=2&value=0,R.IILPPEK.E,/core/www/modules/show_out/show_out_wrapper.php?run_id=110202&search_id=114132&scans_id=110198&peptide_id=9300&scanf=17999&charge=2&value=R.IILPPEK.E,TUFM,4.742e+7,2.754,0.009,2.045,0.000
18003,2,"  2.032","  0.291",10/16,/core/www/modules//sdig/index.php?run_id=110202&search_id=114132&scans_id=110198&peptide_id=9304&scanf=18003&charge=2&value=10/16,sp|Q68CP9|ARID2_HUMAN,/core/www/modules//consensus/?run_id=110202&search_id=114132&scans_id=110198&peptide_id=9304&scanf=18003&charge=2&value=sp|Q68CP9|ARID2_HUMAN,1,/core/www/modules/match_peptides/blast_html4.php?run_id=110202&search_id=114132&scans_id=110198&peptide_id=9304&scanf=18003&charge=2&value=1,R.VTTLGGFAK.V,/core/www/modules/show_out/show_out_wrapper.php?run_id=110202&search_id=114132&scans_id=110198&peptide_id=9304&scanf=18003&charge=2&value=R.VTTLGGFAK.V,ARID2,1.912e+7,2.574,0.017,1.781,0.000
18004,2,"  2.050","  0.461",10/14,/core/www/modules//sdig/index.php?run_id=110202&search_id=114132&scans_id=110198&peptide_id=9305&scanf=18004&charge=2&value=10/14,sp|Q15008|PSMD6_HUMAN,/core/www/modules//consensus/?run_id=110202&search_id=114132&scans_id=110198&peptide_id=9305&scanf=18004&charge=2&value=sp|Q15008|PSMD6_HUMAN,1,/core/www/modules/match_peptides/blast_html4.php?run_id=110202&search_id=114132&scans_id=110198&peptide_id=9305&scanf=18004&charge=2&value=1,K.EGALTAFR.K,/core/www/modules/show_out/show_out_wrapper.php?run_id=110202&search_id=114132&scans_id=110198&peptide_id=9305&scanf=18004&charge=2&value=K.EGALTAFR.K,PSMD6,2.816e+7,3.293,0.001,2.842,0.000
18007,2,"  2.811","  0.406",12/20,/core/www/modules//sdig/index.php?run_id=110202&search_id=114132&scans_id=110198&peptide_id=9308&scanf=18007&charge=2&value=12/20,sp|Q15149|PLEC_HUMAN,/core/www/modules//consensus/?run_id=110202&search_id=114132&scans_id=110198&peptide_id=9308&scanf=18007&charge=2&value=sp|Q15149|PLEC_HUMAN,4,/core/www/modules/match_peptides/blast_html4.php?run_id=110202&search_id=114132&scans_id=110198&peptide_id=9308&scanf=18007&charge=2&value=4,R.GGAEGELQALR.A,/core/www/modules/show_out/show_out_wrapper.php?run_id=110202&search_id=114132&scans_id=110198&peptide_id=9308&scanf=18007&charge=2&value=R.GGAEGELQALR.A,PLEC,1.464e+7,3.467,0.001,3.099,0.000
18009,2,"  1.443","  0.334",7/16,/core/www/modules//sdig/index.php?run_id=110202&search_id=114132&scans_id=110198&peptide_id=9310&scanf=18009&charge=2&value=7/16,sp|Q9UNA0|ATS5_HUMAN,/core/www/modules//consensus/?run_id=110202&search_id=114132&scans_id=110198&peptide_id=9310&scanf=18009&charge=2&value=sp|Q9UNA0|ATS5_HUMAN,0,/core/www/modules/match_peptides/blast_html4.php?run_id=110202&search_id=114132&scans_id=110198&peptide_id=9310&scanf=18009&charge=2&value=0,R.IPEGATHIK.V,/core/www/modules/show_out/show_out_wrapper.php?run_id=110202&search_id=114132&scans_id=110198&peptide_id=9310&scanf=18009&charge=2&value=R.IPEGATHIK.V,ADAMTS5,2.763e+8,2.321,0.038,1.416,0.001
18010,2,"  1.668","  0.425",9/16,/core/www/modules//sdig/index.php?run_id=110202&search_id=114132&scans_id=110198&peptide_id=9311&scanf=18010&charge=2&value=9/16,sp|O75569|PRKRA_HUMAN,/core/www/modules//consensus/?run_id=110202&search_id=114132&scans_id=110198&peptide_id=9311&scanf=18010&charge=2&value=sp|O75569|PRKRA_HUMAN,3,/core/www/modules/match_peptides/blast_html4.php?run_id=110202&search_id=114132&scans_id=110198&peptide_id=9311&scanf=18010&charge=2&value=3,R.LESFMETGK.G,/core/www/modules/show_out/show_out_wrapper.php?run_id=110202&search_id=114132&scans_id=110198&peptide_id=9311&scanf=18010&charge=2&value=R.LESFMETGK.G,PRKRA,1.128e+7,2.911,0.005,2.277,0.000
18013,2,"  2.446","  0.378",10/16,/core/www/modules//sdig/index.php?run_id=110202&search_id=114132&scans_id=110198&peptide_id=9314&scanf=18013&charge=2&value=10/16,sp|P82914|RT15_HUMAN,/core/www/modules//consensus/?run_id=110202&search_id=114132&scans_id=110198&peptide_id=9314&scanf=18013&charge=2&value=sp|P82914|RT15_HUMAN,0,/core/www/modules/match_peptides/blast_html4.php?run_id=110202&search_id=114132&scans_id=110198&peptide_id=9314&scanf=18013&charge=2&value=0,R.NTNYDVFEK.I,/core/www/modules/show_out/show_out_wrapper.php?run_id=110202&search_id=114132&scans_id=110198&peptide_id=9314&scanf=18013&charge=2&value=R.NTNYDVFEK.I,MRPS15,1.112e+7,2.792,0.008,2.102,0.000
18015,2,"  1.811","  0.000",8/12,/core/www/modules//sdig/index.php?run_id=110202&search_id=114132&scans_id=110198&peptide_id=9316&scanf=18015&charge=2&value=8/12,sp|P17980|PRS6A_HUMAN,/core/www/modules//consensus/?run_id=110202&search_id=114132&scans_id=110198&peptide_id=9316&scanf=18015&charge=2&value=sp|P17980|PRS6A_HUMAN,2,/core/www/modules/match_peptides/blast_html4.php?run_id=110202&search_id=114132&scans_id=110198&peptide_id=9316&scanf=18015&charge=2&value=2,R.DAFALAK.E,/core/www/modules/show_out/show_out_wrapper.php?run_id=110202&search_id=114132&scans_id=110198&peptide_id=9316&scanf=18015&charge=2&value=R.DAFALAK.E,PSMC3,1.690e+7,2.557,0.017,1.757,0.000
18017,3,"  2.874","  0.488",14/36,/core/www/modules//sdig/index.php?run_id=110202&search_id=114132&scans_id=110198&peptide_id=9318&scanf=18017&charge=3&value=14/36,sp|Q9NZI8|IF2B1_HUMAN,/core/www/modules//consensus/?run_id=110202&search_id=114132&scans_id=110198&peptide_id=9318&scanf=18017&charge=3&value=sp|Q9NZI8|IF2B1_HUMAN,0,/core/www/modules/match_peptides/blast_html4.php?run_id=110202&search_id=114132&scans_id=110198&peptide_id=9318&scanf=18017&charge=3&value=0,K.LKEENFFGPK.E,/core/www/modules/show_out/show_out_wrapper.php?run_id=110202&search_id=114132&scans_id=110198&peptide_id=9318&scanf=18017&charge=3&value=K.LKEENFFGPK.E,IGF2BP1,4.181e+7,3.135,0.002,2.608,0.000
18020,2,"  3.103","  0.600",13/20,/core/www/modules//sdig/index.php?run_id=110202&search_id=114132&scans_id=110198&peptide_id=9322&scanf=18020&charge=2&value=13/20,sp|O43707|ACTN4_HUMAN,/core/www/modules//consensus/?run_id=110202&search_id=114132&scans_id=110198&peptide_id=9322&scanf=18020&charge=2&value=sp|O43707|ACTN4_HUMAN,3,/core/www/modules/match_peptides/blast_html4.php?run_id=110202&search_id=114132&scans_id=110198&peptide_id=9322&scanf=18020&charge=2&value=3,K.GISQEQMQEFR.A,/core/www/modules/show_out/show_out_wrapper.php?run_id=110202&search_id=114132&scans_id=110198&peptide_id=9322&scanf=18020&charge=2&value=K.GISQEQMQEFR.A,ACTN4,1.818e+8,4.016,0.000,3.914,0.000
18023,2,"  1.772","  0.449",9/18,/core/www/modules//sdig/index.php?run_id=110202&search_id=114132&scans_id=110198&peptide_id=9324&scanf=18023&charge=2&value=9/18,sp|P55265|DSRAD_HUMAN,/core/www/modules//consensus/?run_id=110202&search_id=114132&scans_id=110198&peptide_id=9324&scanf=18023&charge=2&value=sp|P55265|DSRAD_HUMAN,3,/core/www/modules/match_peptides/blast_html4.php?run_id=110202&search_id=114132&scans_id=110198&peptide_id=9324&scanf=18023&charge=2&value=3,R.DGSAFEDGLR.H,/core/www/modules/show_out/show_out_wrapper.php?run_id=110202&search_id=114132&scans_id=110198&peptide_id=9324&scanf=18023&charge=2&value=R.DGSAFEDGLR.H,ADAR,1.915e+7,2.916,0.005,2.284,0.000
18026,2,"  1.509","  0.163",7/12,/core/www/modules//sdig/index.php?run_id=110202&search_id=114132&scans_id=110198&peptide_id=9327&scanf=18026&charge=2&value=7/12,sp|P78527|PRKDC_HUMAN,/core/www/modules//consensus/?run_id=110202&search_id=114132&scans_id=110198&peptide_id=9327&scanf=18026&charge=2&value=sp|P78527|PRKDC_HUMAN,1,/core/www/modules/match_peptides/blast_html4.php?run_id=110202&search_id=114132&scans_id=110198&peptide_id=9327&scanf=18026&charge=2&value=1,K.VPADLLK.R,/core/www/modules/show_out/show_out_wrapper.php?run_id=110202&search_id=114132&scans_id=110198&peptide_id=9327&scanf=18026&charge=2&value=K.VPADLLK.R,PRKDC,2.141e+8,2.966,0.004,2.358,0.000
18027,2,"  1.903","  0.240",8/14,/core/www/modules//sdig/index.php?run_id=110202&search_id=114132&scans_id=110198&peptide_id=9328&scanf=18027&charge=2&value=8/14,sp|Q96T23|RSF1_HUMAN,/core/www/modules//consensus/?run_id=110202&search_id=114132&scans_id=110198&peptide_id=9328&scanf=18027&charge=2&value=sp|Q96T23|RSF1_HUMAN,2,/core/www/modules/match_peptides/blast_html4.php?run_id=110202&search_id=114132&scans_id=110198&peptide_id=9328&scanf=18027&charge=2&value=2,R.IEFGGNIK.S,/core/www/modules/show_out/show_out_wrapper.php?run_id=110202&search_id=114132&scans_id=110198&peptide_id=9328&scanf=18027&charge=2&value=R.IEFGGNIK.S,RSF1,2.595e+7,2.445,0.025,1.594,0.001
18028,2,"  2.101","  0.198",7/14,/core/www/modules//sdig/index.php?run_id=110202&search_id=114132&scans_id=110198&peptide_id=9329&scanf=18028&charge=2&value=7/14,sp|Q9Y3I0|RTCB_HUMAN,/core/www/modules//consensus/?run_id=110202&search_id=114132&scans_id=110198&peptide_id=9329&scanf=18028&charge=2&value=sp|Q9Y3I0|RTCB_HUMAN,0,/core/www/modules/match_peptides/blast_html4.php?run_id=110202&search_id=114132&scans_id=110198&peptide_id=9329&scanf=18028&charge=2&value=0,K.LRPIAVIK.G,/core/www/modules/show_out/show_out_wrapper.php?run_id=110202&search_id=114132&scans_id=110198&peptide_id=9329&scanf=18028&charge=2&value=K.LRPIAVIK.G,RTCB,9.921e+6,2.147,0.067,1.171,0.002
18034,2,"  1.691","  0.458",8/14,/core/www/modules//sdig/index.php?run_id=110202&search_id=114132&scans_id=110198&peptide_id=9336&scanf=18034&charge=2&value=8/14,sp|Q02880|TOP2B_HUMAN,/core/www/modules//consensus/?run_id=110202&search_id=114132&scans_id=110198&peptide_id=9336&scanf=18034&charge=2&value=sp|Q02880|TOP2B_HUMAN,4,/core/www/modules/match_peptides/blast_html4.php?run_id=110202&search_id=114132&scans_id=110198&peptide_id=9336&scanf=18034&charge=2&value=4,K.EYFADMER.H,/core/www/modules/show_out/show_out_wrapper.php?run_id=110202&search_id=114132&scans_id=110198&peptide_id=9336&scanf=18034&charge=2&value=K.EYFADMER.H,TOP2B,1.228e+7,3.192,0.002,2.692,0.000
18038,2,"  3.462","  0.525",16/24,/core/www/modules//sdig/index.php?run_id=110202&search_id=114132&scans_id=110198&peptide_id=9340&scanf=18038&charge=2&value=16/24,sp|P28370|SMCA1_HUMAN,/core/www/modules//consensus/?run_id=110202&search_id=114132&scans_id=110198&peptide_id=9340&scanf=18038&charge=2&value=sp|P28370|SMCA1_HUMAN,1,/core/www/modules/match_peptides/blast_html4.php?run_id=110202&search_id=114132&scans_id=110198&peptide_id=9340&scanf=18038&charge=2&value=1,R.EAIEAFNAPNSSK.F,/core/www/modules/show_out/show_out_wrapper.php?run_id=110202&search_id=114132&scans_id=110198&peptide_id=9340&scanf=18038&charge=2&value=R.EAIEAFNAPNSSK.F,SMARCA1,1.040e+7,3.450,0.001,3.074,0.000
18039,2,"  1.344","  0.146",7/14,/core/www/modules//sdig/index.php?run_id=110202&search_id=114132&scans_id=110198&peptide_id=9341&scanf=18039&charge=2&value=7/14,sp|P53396|ACLY_HUMAN,/core/www/modules//consensus/?run_id=110202&search_id=114132&scans_id=110198&peptide_id=9341&scanf=18039&charge=2&value=sp|P53396|ACLY_HUMAN,0,/core/www/modules/match_peptides/blast_html4.php?run_id=110202&search_id=114132&scans_id=110198&peptide_id=9341&scanf=18039&charge=2&value=0,K.LLVGVDEK.L,/core/www/modules/show_out/show_out_wrapper.php?run_id=110202&search_id=114132&scans_id=110198&peptide_id=9341&scanf=18039&charge=2&value=K.LLVGVDEK.L,ACLY,7.109e+6,1.874,0.155,0.809,0.008
18040,2,"  4.254","  0.716",17/26,/core/www/modules//sdig/index.php?run_id=110202&search_id=114132&scans_id=110198&peptide_id=9343&scanf=18040&charge=2&value=17/26,sp|P28370|SMCA1_HUMAN,/core/www/modules//consensus/?run_id=110202&search_id=114132&scans_id=110198&peptide_id=9343&scanf=18040&charge=2&value=sp|P28370|SMCA1_HUMAN,2,/core/www/modules/match_peptides/blast_html4.php?run_id=110202&search_id=114132&scans_id=110198&peptide_id=9343&scanf=18040&charge=2&value=2,R.TEQEEDEELLSESR.K,/core/www/modules/show_out/show_out_wrapper.php?run_id=110202&search_id=114132&scans_id=110198&peptide_id=9343&scanf=18040&charge=2&value=R.TEQEEDEELLSESR.K,SMARCA1,7.084e+6,4.009,0.000,3.902,0.000
18044,2,"  2.006","  0.327",8/14,/core/www/modules//sdig/index.php?run_id=110202&search_id=114132&scans_id=110198&peptide_id=9346&scanf=18044&charge=2&value=8/14,sp|Q9ULW3|ABT1_HUMAN,/core/www/modules//consensus/?run_id=110202&search_id=114132&scans_id=110198&peptide_id=9346&scanf=18044&charge=2&value=sp|Q9ULW3|ABT1_HUMAN,0,/core/www/modules/match_peptides/blast_html4.php?run_id=110202&search_id=114132&scans_id=110198&peptide_id=9346&scanf=18044&charge=2&value=0,R.VFFQAEDR.F,/core/www/modules/show_out/show_out_wrapper.php?run_id=110202&search_id=114132&scans_id=110198&peptide_id=9346&scanf=18044&charge=2&value=R.VFFQAEDR.F,ABT1,1.596e+7,2.695,0.011,1.959,0.000
18045,2,"  1.722","  0.403",7/12,/core/www/modules//sdig/index.php?run_id=110202&search_id=114132&scans_id=110198&peptide_id=9347&scanf=18045&charge=2&value=7/12,sp|P14868|SYDC_HUMAN,/core/www/modules//consensus/?run_id=110202&search_id=114132&scans_id=110198&peptide_id=9347&scanf=18045&charge=2&value=sp|P14868|SYDC_HUMAN,1,/core/www/modules/match_peptides/blast_html4.php?run_id=110202&search_id=114132&scans_id=110198&peptide_id=9347&scanf=18045&charge=2&value=1,K.AYIDSFR.F,/core/www/modules/show_out/show_out_wrapper.php?run_id=110202&search_id=114132&scans_id=110198&peptide_id=9347&scanf=18045&charge=2&value=K.AYIDSFR.F,DARS1,2.756e+7,2.994,0.004,2.399,0.000
18047,2,"  1.496","  0.145",7/14,/core/www/modules//sdig/index.php?run_id=110202&search_id=114132&scans_id=110198&peptide_id=9349&scanf=18047&charge=2&value=7/14,sp|P55265|DSRAD_HUMAN,/core/www/modules//consensus/?run_id=110202&search_id=114132&scans_id=110198&peptide_id=9349&scanf=18047&charge=2&value=sp|P55265|DSRAD_HUMAN,4,/core/www/modules/match_peptides/blast_html4.php?run_id=110202&search_id=114132&scans_id=110198&peptide_id=9349&scanf=18047&charge=2&value=4,K.DSIFEPAK.G,/core/www/modules/show_out/show_out_wrapper.php?run_id=110202&search_id=114132&scans_id=110198&peptide_id=9349&scanf=18047&charge=2&value=K.DSIFEPAK.G,ADAR,2.579e+7,1.932,0.131,0.883,0.006
18049,2,"  2.593","  0.387",11/20,/core/www/modules//sdig/index.php?run_id=110202&search_id=114132&scans_id=110198&peptide_id=9351&scanf=18049&charge=2&value=11/20,sp|Q15717|ELAV1_HUMAN,/core/www/modules//consensus/?run_id=110202&search_id=114132&scans_id=110198&peptide_id=9351&scanf=18049&charge=2&value=sp|Q15717|ELAV1_HUMAN,0,/core/www/modules/match_peptides/blast_html4.php?run_id=110202&search_id=114132&scans_id=110198&peptide_id=9351&scanf=18049&charge=2&value=0,R.VLVDQTTGLSR.G,/core/www/modules/show_out/show_out_wrapper.php?run_id=110202&search_id=114132&scans_id=110198&peptide_id=9351&scanf=18049&charge=2&value=R.VLVDQTTGLSR.G,ELAVL1,2.473e+8,2.826,0.007,2.152,0.000
18055,2,"  2.906","  0.440",15/26,/core/www/modules//sdig/index.php?run_id=110202&search_id=114132&scans_id=110198&peptide_id=9358&scanf=18055&charge=2&value=15/26,sp|Q12906|ILF3_HUMAN,/core/www/modules//consensus/?run_id=110202&search_id=114132&scans_id=110198&peptide_id=9358&scanf=18055&charge=2&value=sp|Q12906|ILF3_HUMAN,0,/core/www/modules/match_peptides/blast_html4.php?run_id=110202&search_id=114132&scans_id=110198&peptide_id=9358&scanf=18055&charge=2&value=0,K.VLQDM*GLPTGAEGR.D,/core/www/modules/show_out/show_out_wrapper.php?run_id=110202&search_id=114132&scans_id=110198&peptide_id=9358&scanf=18055&charge=2&value=K.VLQDM*GLPTGAEGR.D,ILF3,1.371e+7,3.090,0.003,2.541,0.000
18056,2,"  4.165","  0.733",17/34,/core/www/modules//sdig/index.php?run_id=110202&search_id=114132&scans_id=110198&peptide_id=9359&scanf=18056&charge=2&value=17/34,sp|Q9H4L4|SENP3_HUMAN,/core/www/modules//consensus/?run_id=110202&search_id=114132&scans_id=110198&peptide_id=9359&scanf=18056&charge=2&value=sp|Q9H4L4|SENP3_HUMAN,0,/core/www/modules/match_peptides/blast_html4.php?run_id=110202&search_id=114132&scans_id=110198&peptide_id=9359&scanf=18056&charge=2&value=0,K.SGGGFGPDPGSGTTVPAR.R,/core/www/modules/show_out/show_out_wrapper.php?run_id=110202&search_id=114132&scans_id=110198&peptide_id=9359&scanf=18056&charge=2&value=K.SGGGFGPDPGSGTTVPAR.R,SENP3,6.048e+6,3.661,0.000,3.387,0.000
18057,3,"  1.942","  0.185",11/40,/core/www/modules//sdig/index.php?run_id=110202&search_id=114132&scans_id=110198&peptide_id=9360&scanf=18057&charge=3&value=11/40,sp|P41252|SYIC_HUMAN,/core/www/modules//consensus/?run_id=110202&search_id=114132&scans_id=110198&peptide_id=9360&scanf=18057&charge=3&value=sp|P41252|SYIC_HUMAN,9,/core/www/modules/match_peptides/blast_html4.php?run_id=110202&search_id=114132&scans_id=110198&peptide_id=9360&scanf=18057&charge=3&value=9,R.ESVDHLTIPSR.C,/core/www/modules/show_out/show_out_wrapper.php?run_id=110202&search_id=114132&scans_id=110198&peptide_id=9360&scanf=18057&charge=3&value=R.ESVDHLTIPSR.C,IARS1,4.142e+7,2.192,0.058,1.234,0.002
18059,3,"  2.476","  0.246",11/56,/core/www/modules//sdig/index.php?run_id=110202&search_id=114132&scans_id=110198&peptide_id=9362&scanf=18059&charge=3&value=11/56,sp|Q9Y3A4|RRP7A_HUMAN,/core/www/modules//consensus/?run_id=110202&search_id=114132&scans_id=110198&peptide_id=9362&scanf=18059&charge=3&value=sp|Q9Y3A4|RRP7A_HUMAN,1,/core/www/modules/match_peptides/blast_html4.php?run_id=110202&search_id=114132&scans_id=110198&peptide_id=9362&scanf=18059&charge=3&value=1,K.AKEEEGVPDEEGWVK.V,/core/www/modules/show_out/show_out_wrapper.php?run_id=110202&search_id=114132&scans_id=110198&peptide_id=9362&scanf=18059&charge=3&value=K.AKEEEGVPDEEGWVK.V,RRP7A,9.061e+6,1.827,0.177,0.751,0.010
18068,2,"  1.871","  0.148",8/16,/core/www/modules//sdig/index.php?run_id=110202&search_id=114132&scans_id=110198&peptide_id=9371&scanf=18068&charge=2&value=8/16,sp|Q14980|NUMA1_HUMAN,/core/www/modules//consensus/?run_id=110202&search_id=114132&scans_id=110198&peptide_id=9371&scanf=18068&charge=2&value=sp|Q14980|NUMA1_HUMAN,2,/core/www/modules/match_peptides/blast_html4.php?run_id=110202&search_id=114132&scans_id=110198&peptide_id=9371&scanf=18068&charge=2&value=2,K.YVQELAAVR.A,/core/www/modules/show_out/show_out_wrapper.php?run_id=110202&search_id=114132&scans_id=110198&peptide_id=9371&scanf=18068&charge=2&value=K.YVQELAAVR.A,NUMA1,1.410e+7,2.085,0.082,1.087,0.003
18070,2,"  2.547","  0.554",10/18,/core/www/modules//sdig/index.php?run_id=110202&search_id=114132&scans_id=110198&peptide_id=9374&scanf=18070&charge=2&value=10/18,sp|P33993|MCM7_HUMAN,/core/www/modules//consensus/?run_id=110202&search_id=114132&scans_id=110198&peptide_id=9374&scanf=18070&charge=2&value=sp|P33993|MCM7_HUMAN,0,/core/www/modules/match_peptides/blast_html4.php?run_id=110202&search_id=114132&scans_id=110198&peptide_id=9374&scanf=18070&charge=2&value=0,R.QIAEEDFYEK.L,/core/www/modules/show_out/show_out_wrapper.php?run_id=110202&search_id=114132&scans_id=110198&peptide_id=9374&scanf=18070&charge=2&value=R.QIAEEDFYEK.L,MCM7,1.363e+7,3.435,0.001,3.051,0.000
18072,2,"  4.424","  0.738",21/22,/core/www/modules//sdig/index.php?run_id=110202&search_id=114132&scans_id=110198&peptide_id=9376&scanf=18072&charge=2&value=21/22,sp|P11388|TOP2A_HUMAN,/core/www/modules//consensus/?run_id=110202&search_id=114132&scans_id=110198&peptide_id=9376&scanf=18072&charge=2&value=sp|P11388|TOP2A_HUMAN,0,/core/www/modules/match_peptides/blast_html4.php?run_id=110202&search_id=114132&scans_id=110198&peptide_id=9376&scanf=18072&charge=2&value=0,R.HVDYVADQIVTK.L,/core/www/modules/show_out/show_out_wrapper.php?run_id=110202&search_id=114132&scans_id=110198&peptide_id=9376&scanf=18072&charge=2&value=R.HVDYVADQIVTK.L,TOP2A,2.124e+7,4.796,0.000,5.070,0.000
18081,2,"  1.674","  0.296",7/14,/core/www/modules//sdig/index.php?run_id=110202&search_id=114132&scans_id=110198&peptide_id=9386&scanf=18081&charge=2&value=7/14,sp|Q6UXN9|WDR82_HUMAN,/core/www/modules//consensus/?run_id=110202&search_id=114132&scans_id=110198&peptide_id=9386&scanf=18081&charge=2&value=sp|Q6UXN9|WDR82_HUMAN,0,/core/www/modules/match_peptides/blast_html4.php?run_id=110202&search_id=114132&scans_id=110198&peptide_id=9386&scanf=18081&charge=2&value=0,K.KYGVDLIR.Y,/core/www/modules/show_out/show_out_wrapper.php?run_id=110202&search_id=114132&scans_id=110198&peptide_id=9386&scanf=18081&charge=2&value=K.KYGVDLIR.Y,WDR82,4.311e+7,2.120,0.073,1.134,0.002
18083,2,"  2.023","  0.182",8/16,/core/www/modules//sdig/index.php?run_id=110202&search_id=114132&scans_id=110198&peptide_id=9388&scanf=18083&charge=2&value=8/16,sp|O75691|UTP20_HUMAN,/core/www/modules//consensus/?run_id=110202&search_id=114132&scans_id=110198&peptide_id=9388&scanf=18083&charge=2&value=sp|O75691|UTP20_HUMAN,0,/core/www/modules/match_peptides/blast_html4.php?run_id=110202&search_id=114132&scans_id=110198&peptide_id=9388&scanf=18083&charge=2&value=0,K.HLPEPVAIK.F,/core/www/modules/show_out/show_out_wrapper.php?run_id=110202&search_id=114132&scans_id=110198&peptide_id=9388&scanf=18083&charge=2&value=K.HLPEPVAIK.F,UTP20,6.936e+6,2.172,0.062,1.206,0.002
18084,3,"  2.927","  0.397",11/44,/core/www/modules//sdig/index.php?run_id=110202&search_id=114132&scans_id=110198&peptide_id=9389&scanf=18084&charge=3&value=11/44,sp|Q96T23|RSF1_HUMAN,/core/www/modules//consensus/?run_id=110202&search_id=114132&scans_id=110198&peptide_id=9389&scanf=18084&charge=3&value=sp|Q96T23|RSF1_HUMAN,0,/core/www/modules/match_peptides/blast_html4.php?run_id=110202&search_id=114132&scans_id=110198&peptide_id=9389&scanf=18084&charge=3&value=0,K.AIENLIGKPTEK.S,/core/www/modules/show_out/show_out_wrapper.php?run_id=110202&search_id=114132&scans_id=110198&peptide_id=9389&scanf=18084&charge=3&value=K.AIENLIGKPTEK.S,RSF1,2.551e+7,2.862,0.006,2.205,0.000
18086,2,"  2.666","  0.448",12/18,/core/www/modules//sdig/index.php?run_id=110202&search_id=114132&scans_id=110198&peptide_id=9390&scanf=18086&charge=2&value=12/18,sp|O00567|NOP56_HUMAN,/core/www/modules//consensus/?run_id=110202&search_id=114132&scans_id=110198&peptide_id=9390&scanf=18086&charge=2&value=sp|O00567|NOP56_HUMAN,3,/core/www/modules/match_peptides/blast_html4.php?run_id=110202&search_id=114132&scans_id=110198&peptide_id=9390&scanf=18086&charge=2&value=3,K.LEELTMDGAK.A,/core/www/modules/show_out/show_out_wrapper.php?run_id=110202&search_id=114132&scans_id=110198&peptide_id=9390&scanf=18086&charge=2&value=K.LEELTMDGAK.A,NOP56,1.020e+8,3.276,0.002,2.817,0.000
18087,2,"  1.560","  0.074",7/12,/core/www/modules//sdig/index.php?run_id=110202&search_id=114132&scans_id=110198&peptide_id=9391&scanf=18087&charge=2&value=7/12,sp|Q14669|TRIPC_HUMAN,/core/www/modules//consensus/?run_id=110202&search_id=114132&scans_id=110198&peptide_id=9391&scanf=18087&charge=2&value=sp|Q14669|TRIPC_HUMAN,2,/core/www/modules/match_peptides/blast_html4.php?run_id=110202&search_id=114132&scans_id=110198&peptide_id=9391&scanf=18087&charge=2&value=2,R.LPVGGFR.S,/core/www/modules/show_out/show_out_wrapper.php?run_id=110202&search_id=114132&scans_id=110198&peptide_id=9391&scanf=18087&charge=2&value=R.LPVGGFR.S,TRIP12,1.478e+8,1.965,0.119,0.926,0.005
18088,2,"  2.658","  0.357",14/16,/core/www/modules//sdig/index.php?run_id=110202&search_id=114132&scans_id=110198&peptide_id=9392&scanf=18088&charge=2&value=14/16,sp|P38919|IF4A3_HUMAN,/core/www/modules//consensus/?run_id=110202&search_id=114132&scans_id=110198&peptide_id=9392&scanf=18088&charge=2&value=sp|P38919|IF4A3_HUMAN,1,/core/www/modules/match_peptides/blast_html4.php?run_id=110202&search_id=114132&scans_id=110198&peptide_id=9392&scanf=18088&charge=2&value=1,R.KGVAINFVK.N,/core/www/modules/show_out/show_out_wrapper.php?run_id=110202&search_id=114132&scans_id=110198&peptide_id=9392&scanf=18088&charge=2&value=R.KGVAINFVK.N,EIF4A3,5.601e+7,3.020,0.004,2.438,0.000
18090,2,"  3.041","  0.580",14/24,/core/www/modules//sdig/index.php?run_id=110202&search_id=114132&scans_id=110198&peptide_id=9395&scanf=18090&charge=2&value=14/24,sp|P51114|FXR1_HUMAN,/core/www/modules//consensus/?run_id=110202&search_id=114132&scans_id=110198&peptide_id=9395&scanf=18090&charge=2&value=sp|P51114|FXR1_HUMAN,4,/core/www/modules/match_peptides/blast_html4.php?run_id=110202&search_id=114132&scans_id=110198&peptide_id=9395&scanf=18090&charge=2&value=4,K.EISEGDEVEVYSR.A,/core/www/modules/show_out/show_out_wrapper.php?run_id=110202&search_id=114132&scans_id=110198&peptide_id=9395&scanf=18090&charge=2&value=K.EISEGDEVEVYSR.A,FXR1,1.681e+7,3.419,0.001,3.028,0.000
18091,3,"  4.949","  0.675",14/56,/core/www/modules//sdig/index.php?run_id=110202&search_id=114132&scans_id=110198&peptide_id=9396&scanf=18091&charge=3&value=14/56,sp|Q9H0A0|NAT10_HUMAN,/core/www/modules//consensus/?run_id=110202&search_id=114132&scans_id=110198&peptide_id=9396&scanf=18091&charge=3&value=sp|Q9H0A0|NAT10_HUMAN,0,/core/www/modules/match_peptides/blast_html4.php?run_id=110202&search_id=114132&scans_id=110198&peptide_id=9396&scanf=18091&charge=3&value=0,R.IAVHPDYQGMGYGSR.A,/core/www/modules/show_out/show_out_wrapper.php?run_id=110202&search_id=114132&scans_id=110198&peptide_id=9396&scanf=18091&charge=3&value=R.IAVHPDYQGMGYGSR.A,NAT10,3.316e+7,3.838,0.000,3.649,0.000
18093,2,"  3.697","  0.435",13/20,/core/www/modules//sdig/index.php?run_id=110202&search_id=114132&scans_id=110198&peptide_id=9398&scanf=18093&charge=2&value=13/20,sp|P08670|VIME_HUMAN,/core/www/modules//consensus/?run_id=110202&search_id=114132&scans_id=110198&peptide_id=9398&scanf=18093&charge=2&value=sp|P08670|VIME_HUMAN,2,/core/www/modules/match_peptides/blast_html4.php?run_id=110202&search_id=114132&scans_id=110198&peptide_id=9398&scanf=18093&charge=2&value=2,R.EEAENTLQSFR.Q,/core/www/modules/show_out/show_out_wrapper.php?run_id=110202&search_id=114132&scans_id=110198&peptide_id=9398&scanf=18093&charge=2&value=R.EEAENTLQSFR.Q,VIM,1.658e+9,3.599,0.001,3.296,0.000
18094,3,"  3.336","  0.470",12/44,/core/www/modules//sdig/index.php?run_id=110202&search_id=114132&scans_id=110198&peptide_id=9399&scanf=18094&charge=3&value=12/44,sp|Q96ST3|SIN3A_HUMAN,/core/www/modules//consensus/?run_id=110202&search_id=114132&scans_id=110198&peptide_id=9399&scanf=18094&charge=3&value=sp|Q96ST3|SIN3A_HUMAN,0,/core/www/modules/match_peptides/blast_html4.php?run_id=110202&search_id=114132&scans_id=110198&peptide_id=9399&scanf=18094&charge=3&value=0,R.EHLAQKPVFLPR.N,/core/www/modules/show_out/show_out_wrapper.php?run_id=110202&search_id=114132&scans_id=110198&peptide_id=9399&scanf=18094&charge=3&value=R.EHLAQKPVFLPR.N,SIN3A,8.809e+6,3.122,0.003,2.589,0.000
18097,2,"  1.894","  0.229",8/12,/core/www/modules//sdig/index.php?run_id=110202&search_id=114132&scans_id=110198&peptide_id=9402&scanf=18097&charge=2&value=8/12,sp|P27824|CALX_HUMAN,/core/www/modules//consensus/?run_id=110202&search_id=114132&scans_id=110198&peptide_id=9402&scanf=18097&charge=2&value=sp|P27824|CALX_HUMAN,13,/core/www/modules/match_peptides/blast_html4.php?run_id=110202&search_id=114132&scans_id=110198&peptide_id=9402&scanf=18097&charge=2&value=13,K.WEVEEMK.E,/core/www/modules/show_out/show_out_wrapper.php?run_id=110202&search_id=114132&scans_id=110198&peptide_id=9402&scanf=18097&charge=2&value=K.WEVEEMK.E,CANX,7.186e+6,2.548,0.018,1.745,0.000
18098,2,"  2.233","  0.297",8/12,/core/www/modules//sdig/index.php?run_id=110202&search_id=114132&scans_id=110198&peptide_id=9403&scanf=18098&charge=2&value=8/12,sp|Q96MU7|YTDC1_HUMAN,/core/www/modules//consensus/?run_id=110202&search_id=114132&scans_id=110198&peptide_id=9403&scanf=18098&charge=2&value=sp|Q96MU7|YTDC1_HUMAN,1,/core/www/modules/match_peptides/blast_html4.php?run_id=110202&search_id=114132&scans_id=110198&peptide_id=9403&scanf=18098&charge=2&value=1,K.KLNLAFR.S,/core/www/modules/show_out/show_out_wrapper.php?run_id=110202&search_id=114132&scans_id=110198&peptide_id=9403&scanf=18098&charge=2&value=K.KLNLAFR.S,YTHDC1,2.969e+7,2.469,0.023,1.629,0.001
18100,3,"  3.107","  0.326",13/40,/core/www/modules//sdig/index.php?run_id=110202&search_id=114132&scans_id=110198&peptide_id=9406&scanf=18100&charge=3&value=13/40,sp|Q8WWY3|PRP31_HUMAN,/core/www/modules//consensus/?run_id=110202&search_id=114132&scans_id=110198&peptide_id=9406&scanf=18100&charge=3&value=sp|Q8WWY3|PRP31_HUMAN,0,/core/www/modules/match_peptides/blast_html4.php?run_id=110202&search_id=114132&scans_id=110198&peptide_id=9406&scanf=18100&charge=3&value=0,K.VGYELKDEIER.K,/core/www/modules/show_out/show_out_wrapper.php?run_id=110202&search_id=114132&scans_id=110198&peptide_id=9406&scanf=18100&charge=3&value=K.VGYELKDEIER.K,PRPF31,1.201e+7,2.441,0.026,1.589,0.001
18101,2,"  1.954","  0.442",8/14,/core/www/modules//sdig/index.php?run_id=110202&search_id=114132&scans_id=110198&peptide_id=9407&scanf=18101&charge=2&value=8/14,sp|O60264|SMCA5_HUMAN,/core/www/modules//consensus/?run_id=110202&search_id=114132&scans_id=110198&peptide_id=9407&scanf=18101&charge=2&value=sp|O60264|SMCA5_HUMAN,0,/core/www/modules/match_peptides/blast_html4.php?run_id=110202&search_id=114132&scans_id=110198&peptide_id=9407&scanf=18101&charge=2&value=0,K.ENVYDELR.Q,/core/www/modules/show_out/show_out_wrapper.php?run_id=110202&search_id=114132&scans_id=110198&peptide_id=9407&scanf=18101&charge=2&value=K.ENVYDELR.Q,SMARCA5,1.207e+7,3.213,0.002,2.722,0.000
18102,2,"  2.526","  0.353",10/24,/core/www/modules//sdig/index.php?run_id=110202&search_id=114132&scans_id=110198&peptide_id=9408&scanf=18102&charge=2&value=10/24,sp|Q9NZM1|MYOF_HUMAN,/core/www/modules//consensus/?run_id=110202&search_id=114132&scans_id=110198&peptide_id=9408&scanf=18102&charge=2&value=sp|Q9NZM1|MYOF_HUMAN,0,/core/www/modules/match_peptides/blast_html4.php?run_id=110202&search_id=114132&scans_id=110198&peptide_id=9408&scanf=18102&charge=2&value=0,K.GPVGTVSEAQLAR.R,/core/www/modules/show_out/show_out_wrapper.php?run_id=110202&search_id=114132&scans_id=110198&peptide_id=9408&scanf=18102&charge=2&value=K.GPVGTVSEAQLAR.R,MYOF,6.009e+6,2.388,0.031,1.512,0.001
18103,2,"  1.986","  0.204",7/16,/core/www/modules//sdig/index.php?run_id=110202&search_id=114132&scans_id=110198&peptide_id=9409&scanf=18103&charge=2&value=7/16,sp|Q5JTH9|RRP12_HUMAN,/core/www/modules//consensus/?run_id=110202&search_id=114132&scans_id=110198&peptide_id=9409&scanf=18103&charge=2&value=sp|Q5JTH9|RRP12_HUMAN,0,/core/www/modules/match_peptides/blast_html4.php?run_id=110202&search_id=114132&scans_id=110198&peptide_id=9409&scanf=18103&charge=2&value=0,K.RVPSPVLIK.K,/core/www/modules/show_out/show_out_wrapper.php?run_id=110202&search_id=114132&scans_id=110198&peptide_id=9409&scanf=18103&charge=2&value=K.RVPSPVLIK.K,RRP12,4.031e+7,1.833,0.174,0.759,0.009
18104,2,"  2.295","  0.536",9/16,/core/www/modules//sdig/index.php?run_id=110202&search_id=114132&scans_id=110198&peptide_id=9410&scanf=18104&charge=2&value=9/16,sp|Q9H0S4|DDX47_HUMAN,/core/www/modules//consensus/?run_id=110202&search_id=114132&scans_id=110198&peptide_id=9410&scanf=18104&charge=2&value=sp|Q9H0S4|DDX47_HUMAN,1,/core/www/modules/match_peptides/blast_html4.php?run_id=110202&search_id=114132&scans_id=110198&peptide_id=9410&scanf=18104&charge=2&value=1,K.YLVMDEADR.I,/core/www/modules/show_out/show_out_wrapper.php?run_id=110202&search_id=114132&scans_id=110198&peptide_id=9410&scanf=18104&charge=2&value=K.YLVMDEADR.I,DDX47,2.376e+7,3.326,0.001,2.890,0.000
18105,2,"  1.796","  0.160",6/16,/core/www/modules//sdig/index.php?run_id=110202&search_id=114132&scans_id=110198&peptide_id=9411&scanf=18105&charge=2&value=6/16,sp|P04083|ANXA1_HUMAN,/core/www/modules//consensus/?run_id=110202&search_id=114132&scans_id=110198&peptide_id=9411&scanf=18105&charge=2&value=sp|P04083|ANXA1_HUMAN,0,/core/www/modules/match_peptides/blast_html4.php?run_id=110202&search_id=114132&scans_id=110198&peptide_id=9411&scanf=18105&charge=2&value=0,R.SEIDMNDIK.A,/core/www/modules/show_out/show_out_wrapper.php?run_id=110202&search_id=114132&scans_id=110198&peptide_id=9411&scanf=18105&charge=2&value=R.SEIDMNDIK.A,ANXA1,5.562e+6,1.817,0.182,0.740,0.010
18108,2,"  2.353","  0.414",10/18,/core/www/modules//sdig/index.php?run_id=110202&search_id=114132&scans_id=110198&peptide_id=9413&scanf=18108&charge=2&value=10/18,sp|P40227|TCPZ_HUMAN,/core/www/modules//consensus/?run_id=110202&search_id=114132&scans_id=110198&peptide_id=9413&scanf=18108&charge=2&value=sp|P40227|TCPZ_HUMAN,1,/core/www/modules/match_peptides/blast_html4.php?run_id=110202&search_id=114132&scans_id=110198&peptide_id=9413&scanf=18108&charge=2&value=1,K.MLVSGAGDIK.L,/core/www/modules/show_out/show_out_wrapper.php?run_id=110202&search_id=114132&scans_id=110198&peptide_id=9413&scanf=18108&charge=2&value=K.MLVSGAGDIK.L,CCT6A,3.288e+7,2.927,0.005,2.300,0.000
18109,2,"  2.588","  0.494",9/18,/core/www/modules//sdig/index.php?run_id=110202&search_id=114132&scans_id=110198&peptide_id=9414&scanf=18109&charge=2&value=9/18,sp|P08670|VIME_HUMAN,/core/www/modules//consensus/?run_id=110202&search_id=114132&scans_id=110198&peptide_id=9414&scanf=18109&charge=2&value=sp|P08670|VIME_HUMAN,2,/core/www/modules/match_peptides/blast_html4.php?run_id=110202&search_id=114132&scans_id=110198&peptide_id=9414&scanf=18109&charge=2&value=2,K.FADLSEAANR.N,/core/www/modules/show_out/show_out_wrapper.php?run_id=110202&search_id=114132&scans_id=110198&peptide_id=9414&scanf=18109&charge=2&value=K.FADLSEAANR.N,VIM,1.363e+7,3.494,0.001,3.140,0.000
18112,2,"  2.873","  0.388",11/18,/core/www/modules//sdig/index.php?run_id=110202&search_id=114132&scans_id=110198&peptide_id=9418&scanf=18112&charge=2&value=11/18,sp|Q9Y5B9|SP16H_HUMAN,/core/www/modules//consensus/?run_id=110202&search_id=114132&scans_id=110198&peptide_id=9418&scanf=18112&charge=2&value=sp|Q9Y5B9|SP16H_HUMAN,0,/core/www/modules/match_peptides/blast_html4.php?run_id=110202&search_id=114132&scans_id=110198&peptide_id=9418&scanf=18112&charge=2&value=0,R.VMEIVDADEK.V,/core/www/modules/show_out/show_out_wrapper.php?run_id=110202&search_id=114132&scans_id=110198&peptide_id=9418&scanf=18112&charge=2&value=R.VMEIVDADEK.V,SUPT16H,9.843e+7,3.027,0.004,2.447,0.000
18114,2,"  2.809","  0.297",10/16,/core/www/modules//sdig/index.php?run_id=110202&search_id=114132&scans_id=110198&peptide_id=9420&scanf=18114&charge=2&value=10/16,sp|Q96PV6|LENG8_HUMAN,/core/www/modules//consensus/?run_id=110202&search_id=114132&scans_id=110198&peptide_id=9420&scanf=18114&charge=2&value=sp|Q96PV6|LENG8_HUMAN,3,/core/www/modules/match_peptides/blast_html4.php?run_id=110202&search_id=114132&scans_id=110198&peptide_id=9420&scanf=18114&charge=2&value=3,R.QDLTVQGIR.T,/core/www/modules/show_out/show_out_wrapper.php?run_id=110202&search_id=114132&scans_id=110198&peptide_id=9420&scanf=18114&charge=2&value=R.QDLTVQGIR.T,LENG8,1.189e+7,2.631,0.014,1.865,0.000
18120,2,"  3.060","  0.506",14/22,/core/www/modules//sdig/index.php?run_id=110202&search_id=114132&scans_id=110198&peptide_id=9426&scanf=18120&charge=2&value=14/22,sp|Q99832|TCPH_HUMAN,/core/www/modules//consensus/?run_id=110202&search_id=114132&scans_id=110198&peptide_id=9426&scanf=18120&charge=2&value=sp|Q99832|TCPH_HUMAN,0,/core/www/modules/match_peptides/blast_html4.php?run_id=110202&search_id=114132&scans_id=110198&peptide_id=9426&scanf=18120&charge=2&value=0,R.GGAEQFMEETER.S,/core/www/modules/show_out/show_out_wrapper.php?run_id=110202&search_id=114132&scans_id=110198&peptide_id=9426&scanf=18120&charge=2&value=R.GGAEQFMEETER.S,CCT7,2.246e+7,3.294,0.001,2.844,0.000
18125,2,"  2.436","  0.396",11/24,/core/www/modules//sdig/index.php?run_id=110202&search_id=114132&scans_id=110198&peptide_id=9431&scanf=18125&charge=2&value=11/24,sp|P35659|DEK_HUMAN,/core/www/modules//consensus/?run_id=110202&search_id=114132&scans_id=110198&peptide_id=9431&scanf=18125&charge=2&value=sp|P35659|DEK_HUMAN,5,/core/www/modules/match_peptides/blast_html4.php?run_id=110202&search_id=114132&scans_id=110198&peptide_id=9431&scanf=18125&charge=2&value=5,K.LLYNRPGTVSSLK.K,/core/www/modules/show_out/show_out_wrapper.php?run_id=110202&search_id=114132&scans_id=110198&peptide_id=9431&scanf=18125&charge=2&value=K.LLYNRPGTVSSLK.K,DEK,6.216e+6,2.526,0.019,1.711,0.000
18126,3,"  2.014","  0.108",10/40,/core/www/modules//sdig/index.php?run_id=110202&search_id=114132&scans_id=110198&peptide_id=9432&scanf=18126&charge=3&value=10/40,sp|O43795|MYO1B_HUMAN,/core/www/modules//consensus/?run_id=110202&search_id=114132&scans_id=110198&peptide_id=9432&scanf=18126&charge=3&value=sp|O43795|MYO1B_HUMAN,2,/core/www/modules/match_peptides/blast_html4.php?run_id=110202&search_id=114132&scans_id=110198&peptide_id=9432&scanf=18126&charge=3&value=2,K.LGNIEFKPESR.V,/core/www/modules/show_out/show_out_wrapper.php?run_id=110202&search_id=114132&scans_id=110198&peptide_id=9432&scanf=18126&charge=3&value=K.LGNIEFKPESR.V,MYO1B,5.070e+7,1.871,0.157,0.805,0.008
18128,2,"  1.441","  0.150",7/14,/core/www/modules//sdig/index.php?run_id=110202&search_id=114132&scans_id=110198&peptide_id=9433&scanf=18128&charge=2&value=7/14,sp|P18124|RL7_HUMAN,/core/www/modules//consensus/?run_id=110202&search_id=114132&scans_id=110198&peptide_id=9433&scanf=18128&charge=2&value=sp|P18124|RL7_HUMAN,1,/core/www/modules/match_peptides/blast_html4.php?run_id=110202&search_id=114132&scans_id=110198&peptide_id=9433&scanf=18128&charge=2&value=1,K.SVNELIYK.R,/core/www/modules/show_out/show_out_wrapper.php?run_id=110202&search_id=114132&scans_id=110198&peptide_id=9433&scanf=18128&charge=2&value=K.SVNELIYK.R,RPL7,2.763e+8,1.979,0.114,0.945,0.005
18129,3,"  2.827","  0.411",13/44,/core/www/modules//sdig/index.php?run_id=110202&search_id=114132&scans_id=110198&peptide_id=9434&scanf=18129&charge=3&value=13/44,sp|Q9NWH9|SLTM_HUMAN,/core/www/modules//consensus/?run_id=110202&search_id=114132&scans_id=110198&peptide_id=9434&scanf=18129&charge=3&value=sp|Q9NWH9|SLTM_HUMAN,2,/core/www/modules/match_peptides/blast_html4.php?run_id=110202&search_id=114132&scans_id=110198&peptide_id=9434&scanf=18129&charge=3&value=2,R.TELHGQLISVEK.V,/core/www/modules/show_out/show_out_wrapper.php?run_id=110202&search_id=114132&scans_id=110198&peptide_id=9434&scanf=18129&charge=3&value=R.TELHGQLISVEK.V,SLTM,2.046e+7,2.901,0.005,2.262,0.000
18130,2,"  2.670","  0.537",13/22,/core/www/modules//sdig/index.php?run_id=110202&search_id=114132&scans_id=110198&peptide_id=9436&scanf=18130&charge=2&value=13/22,sp|Q7KZF4|SND1_HUMAN,/core/www/modules//consensus/?run_id=110202&search_id=114132&scans_id=110198&peptide_id=9436&scanf=18130&charge=2&value=sp|Q7KZF4|SND1_HUMAN,0,/core/www/modules/match_peptides/blast_html4.php?run_id=110202&search_id=114132&scans_id=110198&peptide_id=9436&scanf=18130&charge=2&value=0,R.DYVAPTANLDQK.D,/core/www/modules/show_out/show_out_wrapper.php?run_id=110202&search_id=114132&scans_id=110198&peptide_id=9436&scanf=18130&charge=2&value=R.DYVAPTANLDQK.D,SND1,4.366e+7,3.365,0.001,2.948,0.000
18132,2,"  4.174","  0.566",18/28,/core/www/modules//sdig/index.php?run_id=110202&search_id=114132&scans_id=110198&peptide_id=9438&scanf=18132&charge=2&value=18/28,sp|P49756|RBM25_HUMAN,/core/www/modules//consensus/?run_id=110202&search_id=114132&scans_id=110198&peptide_id=9438&scanf=18132&charge=2&value=sp|P49756|RBM25_HUMAN,0,/core/www/modules/match_peptides/blast_html4.php?run_id=110202&search_id=114132&scans_id=110198&peptide_id=9438&scanf=18132&charge=2&value=0,R.LLAEGHPDPDAELQR.M,/core/www/modules/show_out/show_out_wrapper.php?run_id=110202&search_id=114132&scans_id=110198&peptide_id=9438&scanf=18132&charge=2&value=R.LLAEGHPDPDAELQR.M,RBM25,5.714e+6,3.469,0.001,3.102,0.000
18134,2,"  1.329","  0.391",9/22,/core/www/modules//sdig/index.php?run_id=110202&search_id=114132&scans_id=110198&peptide_id=9440&scanf=18134&charge=2&value=9/22,sp|Q5JVF3|PCID2_HUMAN,/core/www/modules//consensus/?run_id=110202&search_id=114132&scans_id=110198&peptide_id=9440&scanf=18134&charge=2&value=sp|Q5JVF3|PCID2_HUMAN,0,/core/www/modules/match_peptides/blast_html4.php?run_id=110202&search_id=114132&scans_id=110198&peptide_id=9440&scanf=18134&charge=2&value=0,R.VFANNADQQLVK.K,/core/www/modules/show_out/show_out_wrapper.php?run_id=110202&search_id=114132&scans_id=110198&peptide_id=9440&scanf=18134&charge=2&value=R.VFANNADQQLVK.K,PCID2,8.358e+6,2.461,0.024,1.617,0.001
18136,2,"  1.995","  0.277",8/14,/core/www/modules//sdig/index.php?run_id=110202&search_id=114132&scans_id=110198&peptide_id=9442&scanf=18136&charge=2&value=8/14,sp|O43719|HTSF1_HUMAN,/core/www/modules//consensus/?run_id=110202&search_id=114132&scans_id=110198&peptide_id=9442&scanf=18136&charge=2&value=sp|O43719|HTSF1_HUMAN,2,/core/www/modules/match_peptides/blast_html4.php?run_id=110202&search_id=114132&scans_id=110198&peptide_id=9442&scanf=18136&charge=2&value=2,K.LLDEDEIR.G,/core/www/modules/show_out/show_out_wrapper.php?run_id=110202&search_id=114132&scans_id=110198&peptide_id=9442&scanf=18136&charge=2&value=K.LLDEDEIR.G,HTATSF1,8.067e+6,2.479,0.023,1.644,0.001
18137,3,"  3.628","  0.468",19/56,/core/www/modules//sdig/index.php?run_id=110202&search_id=114132&scans_id=110198&peptide_id=9443&scanf=18137&charge=3&value=19/56,sp|Q96QC0|PP1RA_HUMAN,/core/www/modules//consensus/?run_id=110202&search_id=114132&scans_id=110198&peptide_id=9443&scanf=18137&charge=3&value=sp|Q96QC0|PP1RA_HUMAN,0,/core/www/modules/match_peptides/blast_html4.php?run_id=110202&search_id=114132&scans_id=110198&peptide_id=9443&scanf=18137&charge=3&value=0,K.VLSPTAAKPSPFEGK.T,/core/www/modules/show_out/show_out_wrapper.php?run_id=110202&search_id=114132&scans_id=110198&peptide_id=9443&scanf=18137&charge=3&value=K.VLSPTAAKPSPFEGK.T,PPP1R10,2.129e+7,3.102,0.003,2.559,0.000
18138,2,"  2.483","  0.232",10/20,/core/www/modules//sdig/index.php?run_id=110202&search_id=114132&scans_id=110198&peptide_id=9444&scanf=18138&charge=2&value=10/20,sp|Q69YN4|VIR_HUMAN,/core/www/modules//consensus/?run_id=110202&search_id=114132&scans_id=110198&peptide_id=9444&scanf=18138&charge=2&value=sp|Q69YN4|VIR_HUMAN,0,/core/www/modules/match_peptides/blast_html4.php?run_id=110202&search_id=114132&scans_id=110198&peptide_id=9444&scanf=18138&charge=2&value=0,R.VVTAGSAILQK.C,/core/www/modules/show_out/show_out_wrapper.php?run_id=110202&search_id=114132&scans_id=110198&peptide_id=9444&scanf=18138&charge=2&value=R.VVTAGSAILQK.C,VIRMA,8.434e+6,2.158,0.065,1.187,0.002
18139,2,"  2.403","  0.482",12/22,/core/www/modules//sdig/index.php?run_id=110202&search_id=114132&scans_id=110198&peptide_id=9445&scanf=18139&charge=2&value=12/22,sp|Q96T23|RSF1_HUMAN,/core/www/modules//consensus/?run_id=110202&search_id=114132&scans_id=110198&peptide_id=9445&scanf=18139&charge=2&value=sp|Q96T23|RSF1_HUMAN,0,/core/www/modules/match_peptides/blast_html4.php?run_id=110202&search_id=114132&scans_id=110198&peptide_id=9445&scanf=18139&charge=2&value=0,K.AIENLIGKPTEK.S,/core/www/modules/show_out/show_out_wrapper.php?run_id=110202&search_id=114132&scans_id=110198&peptide_id=9445&scanf=18139&charge=2&value=K.AIENLIGKPTEK.S,RSF1,9.244e+6,3.067,0.003,2.507,0.000
18143,2,"  1.780","  0.177",9/18,/core/www/modules//sdig/index.php?run_id=110202&search_id=114132&scans_id=110198&peptide_id=9450&scanf=18143&charge=2&value=9/18,sp|P46939|UTRN_HUMAN,/core/www/modules//consensus/?run_id=110202&search_id=114132&scans_id=110198&peptide_id=9450&scanf=18143&charge=2&value=sp|P46939|UTRN_HUMAN,1,/core/www/modules/match_peptides/blast_html4.php?run_id=110202&search_id=114132&scans_id=110198&peptide_id=9450&scanf=18143&charge=2&value=1,R.IIADLEEEQR.N,/core/www/modules/show_out/show_out_wrapper.php?run_id=110202&search_id=114132&scans_id=110198&peptide_id=9450&scanf=18143&charge=2&value=R.IIADLEEEQR.N,UTRN,5.668e+6,2.074,0.085,1.072,0.003
18145,3,"  8.182","  0.708",29/92,/core/www/modules//sdig/index.php?run_id=110202&search_id=114132&scans_id=110198&peptide_id=9452&scanf=18145&charge=3&value=29/92,sp|Q96PK6|RBM14_HUMAN,/core/www/modules//consensus/?run_id=110202&search_id=114132&scans_id=110198&peptide_id=9452&scanf=18145&charge=3&value=sp|Q96PK6|RBM14_HUMAN,0,/core/www/modules/match_peptides/blast_html4.php?run_id=110202&search_id=114132&scans_id=110198&peptide_id=9452&scanf=18145&charge=3&value=0,R.TQSSASLAASYAAQQHPQAAASYR.G,/core/www/modules/show_out/show_out_wrapper.php?run_id=110202&search_id=114132&scans_id=110198&peptide_id=9452&scanf=18145&charge=3&value=R.TQSSASLAASYAAQQHPQAAASYR.G,RBM14,5.632e+6,3.833,0.000,3.642,0.000
18146,2,"  2.777","  0.507",13/20,/core/www/modules//sdig/index.php?run_id=110202&search_id=114132&scans_id=110198&peptide_id=9453&scanf=18146&charge=2&value=13/20,sp|Q13330|MTA1_HUMAN,/core/www/modules//consensus/?run_id=110202&search_id=114132&scans_id=110198&peptide_id=9453&scanf=18146&charge=2&value=sp|Q13330|MTA1_HUMAN,1,/core/www/modules/match_peptides/blast_html4.php?run_id=110202&search_id=114132&scans_id=110198&peptide_id=9453&scanf=18146&charge=2&value=1,R.QLESLPATHIR.G,/core/www/modules/show_out/show_out_wrapper.php?run_id=110202&search_id=114132&scans_id=110198&peptide_id=9453&scanf=18146&charge=2&value=R.QLESLPATHIR.G,MTA1,5.013e+6,3.371,0.001,2.957,0.000
18150,2,"  1.596","  0.262",8/14,/core/www/modules//sdig/index.php?run_id=110202&search_id=114132&scans_id=110198&peptide_id=9457&scanf=18150&charge=2&value=8/14,sp|P18621|RL17_HUMAN,/core/www/modules//consensus/?run_id=110202&search_id=114132&scans_id=110198&peptide_id=9457&scanf=18150&charge=2&value=sp|P18621|RL17_HUMAN,10,/core/www/modules/match_peptides/blast_html4.php?run_id=110202&search_id=114132&scans_id=110198&peptide_id=9457&scanf=18150&charge=2&value=10,K.QWGWTQGR.W,/core/www/modules/show_out/show_out_wrapper.php?run_id=110202&search_id=114132&scans_id=110198&peptide_id=9457&scanf=18150&charge=2&value=K.QWGWTQGR.W,RPL17,6.920e+7,2.468,0.024,1.628,0.001
18151,3,"  8.340","  0.727",35/92,/core/www/modules//sdig/index.php?run_id=110202&search_id=114132&scans_id=110198&peptide_id=9458&scanf=18151&charge=3&value=35/92,sp|Q01844|EWS_HUMAN,/core/www/modules//consensus/?run_id=110202&search_id=114132&scans_id=110198&peptide_id=9458&scanf=18151&charge=3&value=sp|Q01844|EWS_HUMAN,1,/core/www/modules/match_peptides/blast_html4.php?run_id=110202&search_id=114132&scans_id=110198&peptide_id=9458&scanf=18151&charge=3&value=1,R.QDHPSSMGVYGQESGGFSGPGENR.S,/core/www/modules/show_out/show_out_wrapper.php?run_id=110202&search_id=114132&scans_id=110198&peptide_id=9458&scanf=18151&charge=3&value=R.QDHPSSMGVYGQESGGFSGPGENR.S,EWSR1,4.800e+7,3.957,0.000,3.825,0.000
18156,2,"  1.902","  0.234",8/14,/core/www/modules//sdig/index.php?run_id=110202&search_id=114132&scans_id=110198&peptide_id=9463&scanf=18156&charge=2&value=8/14,sp|P15311|EZRI_HUMAN,/core/www/modules//consensus/?run_id=110202&search_id=114132&scans_id=110198&peptide_id=9463&scanf=18156&charge=2&value=sp|P15311|EZRI_HUMAN,5,/core/www/modules/match_peptides/blast_html4.php?run_id=110202&search_id=114132&scans_id=110198&peptide_id=9463&scanf=18156&charge=2&value=5,K.FVIKPIDK.K,/core/www/modules/show_out/show_out_wrapper.php?run_id=110202&search_id=114132&scans_id=110198&peptide_id=9463&scanf=18156&charge=2&value=K.FVIKPIDK.K,EZR,1.963e+7,2.444,0.026,1.593,0.001
18157,4,"  3.835","  0.456",11/96,/core/www/modules//sdig/index.php?run_id=110202&search_id=114132&scans_id=110198&peptide_id=9464&scanf=18157&charge=4&value=11/96,sp|O75586|MED6_HUMAN,/core/www/modules//consensus/?run_id=110202&search_id=114132&scans_id=110198&peptide_id=9464&scanf=18157&charge=4&value=sp|O75586|MED6_HUMAN,2,/core/www/modules/match_peptides/blast_html4.php?run_id=110202&search_id=114132&scans_id=110198&peptide_id=9464&scanf=18157&charge=4&value=2,K.FVQLKPGEKPVPVDQTK.K,/core/www/modules/show_out/show_out_wrapper.php?run_id=110202&search_id=114132&scans_id=110198&peptide_id=9464&scanf=18157&charge=4&value=K.FVQLKPGEKPVPVDQTK.K,MED6,1.063e+7,3.111,0.003,2.572,0.000
18159,3,"  1.947","  0.178",10/36,/core/www/modules//sdig/index.php?run_id=110202&search_id=114132&scans_id=110198&peptide_id=9466&scanf=18159&charge=3&value=10/36,sp|O14980|XPO1_HUMAN,/core/www/modules//consensus/?run_id=110202&search_id=114132&scans_id=110198&peptide_id=9466&scanf=18159&charge=3&value=sp|O14980|XPO1_HUMAN,17,/core/www/modules/match_peptides/blast_html4.php?run_id=110202&search_id=114132&scans_id=110198&peptide_id=9466&scanf=18159&charge=3&value=17,R.MAQEVLTHLK.E,/core/www/modules/show_out/show_out_wrapper.php?run_id=110202&search_id=114132&scans_id=110198&peptide_id=9466&scanf=18159&charge=3&value=R.MAQEVLTHLK.E,XPO1,3.869e+7,2.212,0.055,1.262,0.002
18160,3,"  3.587","  0.418",14/60,/core/www/modules//sdig/index.php?run_id=110202&search_id=114132&scans_id=110198&peptide_id=9468&scanf=18160&charge=3&value=14/60,sp|Q13813|SPTN1_HUMAN,/core/www/modules//consensus/?run_id=110202&search_id=114132&scans_id=110198&peptide_id=9468&scanf=18160&charge=3&value=sp|Q13813|SPTN1_HUMAN,2,/core/www/modules/match_peptides/blast_html4.php?run_id=110202&search_id=114132&scans_id=110198&peptide_id=9468&scanf=18160&charge=3&value=2,K.GNAMVEEGHFAAEDVK.A,/core/www/modules/show_out/show_out_wrapper.php?run_id=110202&search_id=114132&scans_id=110198&peptide_id=9468&scanf=18160&charge=3&value=K.GNAMVEEGHFAAEDVK.A,SPTAN1,1.262e+7,2.729,0.010,2.009,0.000
18162,2,"  2.170","  0.309",8/14,/core/www/modules//sdig/index.php?run_id=110202&search_id=114132&scans_id=110198&peptide_id=9470&scanf=18162&charge=2&value=8/14,sp|Q15397|PUM3_HUMAN,/core/www/modules//consensus/?run_id=110202&search_id=114132&scans_id=110198&peptide_id=9470&scanf=18162&charge=2&value=sp|Q15397|PUM3_HUMAN,0,/core/www/modules/match_peptides/blast_html4.php?run_id=110202&search_id=114132&scans_id=110198&peptide_id=9470&scanf=18162&charge=2&value=0,R.SEMIEAIR.E,/core/www/modules/show_out/show_out_wrapper.php?run_id=110202&search_id=114132&scans_id=110198&peptide_id=9470&scanf=18162&charge=2&value=R.SEMIEAIR.E,PUM3,4.945e+7,2.667,0.012,1.918,0.000
18163,2,"  2.181","  0.354",10/26,/core/www/modules//sdig/index.php?run_id=110202&search_id=114132&scans_id=110198&peptide_id=9471&scanf=18163&charge=2&value=10/26,sp|Q13428|TCOF_HUMAN,/core/www/modules//consensus/?run_id=110202&search_id=114132&scans_id=110198&peptide_id=9471&scanf=18163&charge=2&value=sp|Q13428|TCOF_HUMAN,3,/core/www/modules/match_peptides/blast_html4.php?run_id=110202&search_id=114132&scans_id=110198&peptide_id=9471&scanf=18163&charge=2&value=3,K.LDSSPSVSSTLAAK.D,/core/www/modules/show_out/show_out_wrapper.php?run_id=110202&search_id=114132&scans_id=110198&peptide_id=9471&scanf=18163&charge=2&value=K.LDSSPSVSSTLAAK.D,TCOF1,1.312e+7,2.303,0.041,1.390,0.001
18164,2,"  1.680","  0.211",8/16,/core/www/modules//sdig/index.php?run_id=110202&search_id=114132&scans_id=110198&peptide_id=9472&scanf=18164&charge=2&value=8/16,sp|P58107|EPIPL_HUMAN,/core/www/modules//consensus/?run_id=110202&search_id=114132&scans_id=110198&peptide_id=9472&scanf=18164&charge=2&value=sp|P58107|EPIPL_HUMAN,8,/core/www/modules/match_peptides/blast_html4.php?run_id=110202&search_id=114132&scans_id=110198&peptide_id=9472&scanf=18164&charge=2&value=8,R.GYFDEEMNR.V,/core/www/modules/show_out/show_out_wrapper.php?run_id=110202&search_id=114132&scans_id=110198&peptide_id=9472&scanf=18164&charge=2&value=R.GYFDEEMNR.V,EPPK1,9.197e+6,2.074,0.085,1.072,0.003
18167,2,"  3.510","  0.444",17/18,/core/www/modules//sdig/index.php?run_id=110202&search_id=114132&scans_id=110198&peptide_id=9475&scanf=18167&charge=2&value=17/18,sp|P35579|MYH9_HUMAN,/core/www/modules//consensus/?run_id=110202&search_id=114132&scans_id=110198&peptide_id=9475&scanf=18167&charge=2&value=sp|P35579|MYH9_HUMAN,5,/core/www/modules/match_peptides/blast_html4.php?run_id=110202&search_id=114132&scans_id=110198&peptide_id=9475&scanf=18167&charge=2&value=5,K.KFDQLLAEEK.T,/core/www/modules/show_out/show_out_wrapper.php?run_id=110202&search_id=114132&scans_id=110198&peptide_id=9475&scanf=18167&charge=2&value=K.KFDQLLAEEK.T,MYH9,2.447e+7,3.533,0.001,3.197,0.000
18170,3,"  2.688","  0.444",13/40,/core/www/modules//sdig/index.php?run_id=110202&search_id=114132&scans_id=110198&peptide_id=9478&scanf=18170&charge=3&value=13/40,sp|P55769|NH2L1_HUMAN,/core/www/modules//consensus/?run_id=110202&search_id=114132&scans_id=110198&peptide_id=9478&scanf=18170&charge=3&value=sp|P55769|NH2L1_HUMAN,2,/core/www/modules/match_peptides/blast_html4.php?run_id=110202&search_id=114132&scans_id=110198&peptide_id=9478&scanf=18170&charge=3&value=2,K.AYPLADAHLTK.K,/core/www/modules/show_out/show_out_wrapper.php?run_id=110202&search_id=114132&scans_id=110198&peptide_id=9478&scanf=18170&charge=3&value=K.AYPLADAHLTK.K,SNU13,8.305e+7,3.068,0.003,2.509,0.000
18171,2,"  3.396","  0.662",15/26,/core/www/modules//sdig/index.php?run_id=110202&search_id=114132&scans_id=110198&peptide_id=9479&scanf=18171&charge=2&value=15/26,sp|Q9UQ35|SRRM2_HUMAN,/core/www/modules//consensus/?run_id=110202&search_id=114132&scans_id=110198&peptide_id=9479&scanf=18171&charge=2&value=sp|Q9UQ35|SRRM2_HUMAN,0,/core/www/modules/match_peptides/blast_html4.php?run_id=110202&search_id=114132&scans_id=110198&peptide_id=9479&scanf=18171&charge=2&value=0,R.TPQAPASANLVGPR.S,/core/www/modules/show_out/show_out_wrapper.php?run_id=110202&search_id=114132&scans_id=110198&peptide_id=9479&scanf=18171&charge=2&value=R.TPQAPASANLVGPR.S,SRRM2,3.248e+7,3.729,0.000,3.488,0.000
18172,2,"  1.762","  0.304",9/22,/core/www/modules//sdig/index.php?run_id=110202&search_id=114132&scans_id=110198&peptide_id=9480&scanf=18172&charge=2&value=9/22,sp|Q8N884|CGAS_HUMAN,/core/www/modules//consensus/?run_id=110202&search_id=114132&scans_id=110198&peptide_id=9480&scanf=18172&charge=2&value=sp|Q8N884|CGAS_HUMAN,1,/core/www/modules/match_peptides/blast_html4.php?run_id=110202&search_id=114132&scans_id=110198&peptide_id=9480&scanf=18172&charge=2&value=1,K.SSWPASTQEGLR.I,/core/www/modules/show_out/show_out_wrapper.php?run_id=110202&search_id=114132&scans_id=110198&peptide_id=9480&scanf=18172&charge=2&value=K.SSWPASTQEGLR.I,CGAS,3.797e+7,2.172,0.062,1.206,0.002
18174,2,"  2.055","  0.347",8/14,/core/www/modules//sdig/index.php?run_id=110202&search_id=114132&scans_id=110198&peptide_id=9482&scanf=18174&charge=2&value=8/14,sp|P29590|PML_HUMAN,/core/www/modules//consensus/?run_id=110202&search_id=114132&scans_id=110198&peptide_id=9482&scanf=18174&charge=2&value=sp|P29590|PML_HUMAN,4,/core/www/modules/match_peptides/blast_html4.php?run_id=110202&search_id=114132&scans_id=110198&peptide_id=9482&scanf=18174&charge=2&value=4,R.TDGFDEFK.V,/core/www/modules/show_out/show_out_wrapper.php?run_id=110202&search_id=114132&scans_id=110198&peptide_id=9482&scanf=18174&charge=2&value=R.TDGFDEFK.V,PML,1.164e+7,2.714,0.010,1.986,0.000
18176,3,"  2.227","  0.335",11/40,/core/www/modules//sdig/index.php?run_id=110202&search_id=114132&scans_id=110198&peptide_id=9484&scanf=18176&charge=3&value=11/40,sp|Q9H8H2|DDX31_HUMAN,/core/www/modules//consensus/?run_id=110202&search_id=114132&scans_id=110198&peptide_id=9484&scanf=18176&charge=3&value=sp|Q9H8H2|DDX31_HUMAN,0,/core/www/modules/match_peptides/blast_html4.php?run_id=110202&search_id=114132&scans_id=110198&peptide_id=9484&scanf=18176&charge=3&value=0,R.TAVFQEFSHSR.R,/core/www/modules/show_out/show_out_wrapper.php?run_id=110202&search_id=114132&scans_id=110198&peptide_id=9484&scanf=18176&charge=3&value=R.TAVFQEFSHSR.R,DDX31,1.582e+7,2.580,0.016,1.791,0.000
18177,2,"  2.181","  0.324",8/14,/core/www/modules//sdig/index.php?run_id=110202&search_id=114132&scans_id=110198&peptide_id=9485&scanf=18177&charge=2&value=8/14,sp|O76021|RL1D1_HUMAN,/core/www/modules//consensus/?run_id=110202&search_id=114132&scans_id=110198&peptide_id=9485&scanf=18177&charge=2&value=sp|O76021|RL1D1_HUMAN,4,/core/www/modules/match_peptides/blast_html4.php?run_id=110202&search_id=114132&scans_id=110198&peptide_id=9485&scanf=18177&charge=2&value=4,R.LTLPHSIR.S,/core/www/modules/show_out/show_out_wrapper.php?run_id=110202&search_id=114132&scans_id=110198&peptide_id=9485&scanf=18177&charge=2&value=R.LTLPHSIR.S,RSL1D1,1.462e+8,2.747,0.009,2.036,0.000
18179,2,"  1.880","  0.073",8/12,/core/www/modules//sdig/index.php?run_id=110202&search_id=114132&scans_id=110198&peptide_id=9487&scanf=18179&charge=2&value=8/12,sp|P38432|COIL_HUMAN,/core/www/modules//consensus/?run_id=110202&search_id=114132&scans_id=110198&peptide_id=9487&scanf=18179&charge=2&value=sp|P38432|COIL_HUMAN,0,/core/www/modules/match_peptides/blast_html4.php?run_id=110202&search_id=114132&scans_id=110198&peptide_id=9487&scanf=18179&charge=2&value=0,K.VLDLEPK.A,/core/www/modules/show_out/show_out_wrapper.php?run_id=110202&search_id=114132&scans_id=110198&peptide_id=9487&scanf=18179&charge=2&value=K.VLDLEPK.A,COIL,9.406e+6,1.866,0.159,0.799,0.008
18180,2,"  3.778","  0.556",18/26,/core/www/modules//sdig/index.php?run_id=110202&search_id=114132&scans_id=110198&peptide_id=9489&scanf=18180&charge=2&value=18/26,sp|P06493|CDK1_HUMAN,/core/www/modules//consensus/?run_id=110202&search_id=114132&scans_id=110198&peptide_id=9489&scanf=18180&charge=2&value=sp|P06493|CDK1_HUMAN,2,/core/www/modules/match_peptides/blast_html4.php?run_id=110202&search_id=114132&scans_id=110198&peptide_id=9489&scanf=18180&charge=2&value=2,R.LESEEEGVPSTAIR.E,/core/www/modules/show_out/show_out_wrapper.php?run_id=110202&search_id=114132&scans_id=110198&peptide_id=9489&scanf=18180&charge=2&value=R.LESEEEGVPSTAIR.E,CDK1,1.351e+7,3.507,0.001,3.159,0.000
18182,2,"  1.778","  0.228",8/14,/core/www/modules//sdig/index.php?run_id=110202&search_id=114132&scans_id=110198&peptide_id=9491&scanf=18182&charge=2&value=8/14,sp|Q02543|RL18A_HUMAN,/core/www/modules//consensus/?run_id=110202&search_id=114132&scans_id=110198&peptide_id=9491&scanf=18182&charge=2&value=sp|Q02543|RL18A_HUMAN,3,/core/www/modules/match_peptides/blast_html4.php?run_id=110202&search_id=114132&scans_id=110198&peptide_id=9491&scanf=18182&charge=2&value=3,K.IKFPLPHR.V,/core/www/modules/show_out/show_out_wrapper.php?run_id=110202&search_id=114132&scans_id=110198&peptide_id=9491&scanf=18182&charge=2&value=K.IKFPLPHR.V,RPL18A,2.296e+8,2.017,0.101,0.995,0.005
18187,2,"  2.091","  0.490",9/12,/core/www/modules//sdig/index.php?run_id=110202&search_id=114132&scans_id=110198&peptide_id=9496&scanf=18187&charge=2&value=9/12,sp|P10809|CH60_HUMAN,/core/www/modules//consensus/?run_id=110202&search_id=114132&scans_id=110198&peptide_id=9496&scanf=18187&charge=2&value=sp|P10809|CH60_HUMAN,3,/core/www/modules/match_peptides/blast_html4.php?run_id=110202&search_id=114132&scans_id=110198&peptide_id=9496&scanf=18187&charge=2&value=3,K.DDAMLLK.G,/core/www/modules/show_out/show_out_wrapper.php?run_id=110202&search_id=114132&scans_id=110198&peptide_id=9496&scanf=18187&charge=2&value=K.DDAMLLK.G,HSPD1,6.913e+7,3.609,0.000,3.310,0.000
18188,2,"  2.377","  0.542",11/20,/core/www/modules//sdig/index.php?run_id=110202&search_id=114132&scans_id=110198&peptide_id=9497&scanf=18188&charge=2&value=11/20,sp|O43707|ACTN4_HUMAN,/core/www/modules//consensus/?run_id=110202&search_id=114132&scans_id=110198&peptide_id=9497&scanf=18188&charge=2&value=sp|O43707|ACTN4_HUMAN,3,/core/www/modules/match_peptides/blast_html4.php?run_id=110202&search_id=114132&scans_id=110198&peptide_id=9497&scanf=18188&charge=2&value=3,K.GISQEQM*QEFR.A,/core/www/modules/show_out/show_out_wrapper.php?run_id=110202&search_id=114132&scans_id=110198&peptide_id=9497&scanf=18188&charge=2&value=K.GISQEQM*QEFR.A,ACTN4,6.150e+6,3.609,0.000,3.310,0.000
18191,2,"  2.647","  0.639",15/18,/core/www/modules//sdig/index.php?run_id=110202&search_id=114132&scans_id=110198&peptide_id=9500&scanf=18191&charge=2&value=15/18,sp|Q12906|ILF3_HUMAN,/core/www/modules//consensus/?run_id=110202&search_id=114132&scans_id=110198&peptide_id=9500&scanf=18191&charge=2&value=sp|Q12906|ILF3_HUMAN,0,/core/www/modules/match_peptides/blast_html4.php?run_id=110202&search_id=114132&scans_id=110198&peptide_id=9500&scanf=18191&charge=2&value=0,K.VLGM*DPLPSK.M,/core/www/modules/show_out/show_out_wrapper.php?run_id=110202&search_id=114132&scans_id=110198&peptide_id=9500&scanf=18191&charge=2&value=K.VLGM*DPLPSK.M,ILF3,4.224e+7,4.213,0.000,4.205,0.000
18192,2,"  2.823","  0.566",12/22,/core/www/modules//sdig/index.php?run_id=110202&search_id=114132&scans_id=110198&peptide_id=9501&scanf=18192&charge=2&value=12/22,sp|P53621|COPA_HUMAN,/core/www/modules//consensus/?run_id=110202&search_id=114132&scans_id=110198&peptide_id=9501&scanf=18192&charge=2&value=sp|P53621|COPA_HUMAN,6,/core/www/modules/match_peptides/blast_html4.php?run_id=110202&search_id=114132&scans_id=110198&peptide_id=9501&scanf=18192&charge=2&value=6,K.NLSPGAVESDVR.G,/core/www/modules/show_out/show_out_wrapper.php?run_id=110202&search_id=114132&scans_id=110198&peptide_id=9501&scanf=18192&charge=2&value=K.NLSPGAVESDVR.G,COPA,2.973e+7,3.455,0.001,3.081,0.000
18193,3,"  2.482","  0.584",14/36,/core/www/modules//sdig/index.php?run_id=110202&search_id=114132&scans_id=110198&peptide_id=9502&scanf=18193&charge=3&value=14/36,sp|P78527|PRKDC_HUMAN,/core/www/modules//consensus/?run_id=110202&search_id=114132&scans_id=110198&peptide_id=9502&scanf=18193&charge=3&value=sp|P78527|PRKDC_HUMAN,1,/core/www/modules/match_peptides/blast_html4.php?run_id=110202&search_id=114132&scans_id=110198&peptide_id=9502&scanf=18193&charge=3&value=1,R.LLPAELPAKR.V,/core/www/modules/show_out/show_out_wrapper.php?run_id=110202&search_id=114132&scans_id=110198&peptide_id=9502&scanf=18193&charge=3&value=R.LLPAELPAKR.V,PRKDC,4.537e+7,4.197,0.000,4.182,0.000
18194,2,"  2.158","  0.309",10/14,/core/www/modules//sdig/index.php?run_id=110202&search_id=114132&scans_id=110198&peptide_id=9503&scanf=18194&charge=2&value=10/14,sp|P14618|KPYM_HUMAN,/core/www/modules//consensus/?run_id=110202&search_id=114132&scans_id=110198&peptide_id=9503&scanf=18194&charge=2&value=sp|P14618|KPYM_HUMAN,5,/core/www/modules/match_peptides/blast_html4.php?run_id=110202&search_id=114132&scans_id=110198&peptide_id=9503&scanf=18194&charge=2&value=5,R.APIIAVTR.N,/core/www/modules/show_out/show_out_wrapper.php?run_id=110202&search_id=114132&scans_id=110198&peptide_id=9503&scanf=18194&charge=2&value=R.APIIAVTR.N,PKM,5.964e+7,2.835,0.007,2.165,0.000
18198,3,"  2.031","  0.329",14/44,/core/www/modules//sdig/index.php?run_id=110202&search_id=114132&scans_id=110198&peptide_id=9507&scanf=18198&charge=3&value=14/44,sp|Q13895|BYST_HUMAN,/core/www/modules//consensus/?run_id=110202&search_id=114132&scans_id=110198&peptide_id=9507&scanf=18198&charge=3&value=sp|Q13895|BYST_HUMAN,0,/core/www/modules/match_peptides/blast_html4.php?run_id=110202&search_id=114132&scans_id=110198&peptide_id=9507&scanf=18198&charge=3&value=0,R.LQPHPQLSPEIR.R,/core/www/modules/show_out/show_out_wrapper.php?run_id=110202&search_id=114132&scans_id=110198&peptide_id=9507&scanf=18198&charge=3&value=R.LQPHPQLSPEIR.R,BYSL,4.611e+7,2.647,0.013,1.889,0.000
18199,2,"  1.937","  0.219",9/14,/core/www/modules//sdig/index.php?run_id=110202&search_id=114132&scans_id=110198&peptide_id=9508&scanf=18199&charge=2&value=9/14,sp|P78527|PRKDC_HUMAN,/core/www/modules//consensus/?run_id=110202&search_id=114132&scans_id=110198&peptide_id=9508&scanf=18199&charge=2&value=sp|P78527|PRKDC_HUMAN,0,/core/www/modules/match_peptides/blast_html4.php?run_id=110202&search_id=114132&scans_id=110198&peptide_id=9508&scanf=18199&charge=2&value=0,K.ILDVM*YSR.L,/core/www/modules/show_out/show_out_wrapper.php?run_id=110202&search_id=114132&scans_id=110198&peptide_id=9508&scanf=18199&charge=2&value=K.ILDVM*YSR.L,PRKDC,9.581e+6,3.239,0.002,2.762,0.000
18201,2,"  3.375","  0.557",12/20,/core/www/modules//sdig/index.php?run_id=110202&search_id=114132&scans_id=110198&peptide_id=9511&scanf=18201&charge=2&value=12/20,sp|Q14669|TRIPC_HUMAN,/core/www/modules//consensus/?run_id=110202&search_id=114132&scans_id=110198&peptide_id=9511&scanf=18201&charge=2&value=sp|Q14669|TRIPC_HUMAN,2,/core/www/modules/match_peptides/blast_html4.php?run_id=110202&search_id=114132&scans_id=110198&peptide_id=9511&scanf=18201&charge=2&value=2,R.DDSLDLSPQGR.L,/core/www/modules/show_out/show_out_wrapper.php?run_id=110202&search_id=114132&scans_id=110198&peptide_id=9511&scanf=18201&charge=2&value=R.DDSLDLSPQGR.L,TRIP12,9.824e+6,3.481,0.001,3.121,0.000
18202,2,"  2.176","  0.324",10/20,/core/www/modules//sdig/index.php?run_id=110202&search_id=114132&scans_id=110198&peptide_id=9512&scanf=18202&charge=2&value=10/20,sp|P19367|HXK1_HUMAN,/core/www/modules//consensus/?run_id=110202&search_id=114132&scans_id=110198&peptide_id=9512&scanf=18202&charge=2&value=sp|P19367|HXK1_HUMAN,0,/core/www/modules/match_peptides/blast_html4.php?run_id=110202&search_id=114132&scans_id=110198&peptide_id=9512&scanf=18202&charge=2&value=0,R.TTVGVDGSLYK.T,/core/www/modules/show_out/show_out_wrapper.php?run_id=110202&search_id=114132&scans_id=110198&peptide_id=9512&scanf=18202&charge=2&value=R.TTVGVDGSLYK.T,HK1,3.057e+7,2.531,0.019,1.720,0.000
18205,2,"  1.710","  0.175",7/12,/core/www/modules//sdig/index.php?run_id=110202&search_id=114132&scans_id=110198&peptide_id=9515&scanf=18205&charge=2&value=7/12,sp|Q9H3G5|CPVL_HUMAN,/core/www/modules//consensus/?run_id=110202&search_id=114132&scans_id=110198&peptide_id=9515&scanf=18205&charge=2&value=sp|Q9H3G5|CPVL_HUMAN,2,/core/www/modules/match_peptides/blast_html4.php?run_id=110202&search_id=114132&scans_id=110198&peptide_id=9515&scanf=18205&charge=2&value=2,R.AFDMINR.F,/core/www/modules/show_out/show_out_wrapper.php?run_id=110202&search_id=114132&scans_id=110198&peptide_id=9515&scanf=18205&charge=2&value=R.AFDMINR.F,CPVL,5.521e+6,2.152,0.066,1.179,0.002
18206,2,"  3.487","  0.551",15/32,/core/www/modules//sdig/index.php?run_id=110202&search_id=114132&scans_id=110198&peptide_id=9516&scanf=18206&charge=2&value=15/32,sp|Q14669|TRIPC_HUMAN,/core/www/modules//consensus/?run_id=110202&search_id=114132&scans_id=110198&peptide_id=9516&scanf=18206&charge=2&value=sp|Q14669|TRIPC_HUMAN,2,/core/www/modules/match_peptides/blast_html4.php?run_id=110202&search_id=114132&scans_id=110198&peptide_id=9516&scanf=18206&charge=2&value=2,R.LLDTNPEINQSDSQDSR.V,/core/www/modules/show_out/show_out_wrapper.php?run_id=110202&search_id=114132&scans_id=110198&peptide_id=9516&scanf=18206&charge=2&value=R.LLDTNPEINQSDSQDSR.V,TRIP12,6.510e+6,3.074,0.003,2.517,0.000
18208,3,"  4.512","  0.557",16/44,/core/www/modules//sdig/index.php?run_id=110202&search_id=114132&scans_id=110198&peptide_id=9518&scanf=18208&charge=3&value=16/44,sp|Q9NYU2|UGGG1_HUMAN,/core/www/modules//consensus/?run_id=110202&search_id=114132&scans_id=110198&peptide_id=9518&scanf=18208&charge=3&value=sp|Q9NYU2|UGGG1_HUMAN,0,/core/www/modules/match_peptides/blast_html4.php?run_id=110202&search_id=114132&scans_id=110198&peptide_id=9518&scanf=18208&charge=3&value=0,K.VKVEHVVSVLEK.K,/core/www/modules/show_out/show_out_wrapper.php?run_id=110202&search_id=114132&scans_id=110198&peptide_id=9518&scanf=18208&charge=3&value=K.VKVEHVVSVLEK.K,UGGT1,6.639e+6,3.272,0.002,2.811,0.000
18212,2,"  1.827","  0.268",9/14,/core/www/modules//sdig/index.php?run_id=110202&search_id=114132&scans_id=110198&peptide_id=9522&scanf=18212&charge=2&value=9/14,sp|P78527|PRKDC_HUMAN,/core/www/modules//consensus/?run_id=110202&search_id=114132&scans_id=110198&peptide_id=9522&scanf=18212&charge=2&value=sp|P78527|PRKDC_HUMAN,1,/core/www/modules/match_peptides/blast_html4.php?run_id=110202&search_id=114132&scans_id=110198&peptide_id=9522&scanf=18212&charge=2&value=1,K.APGLGAFR.R,/core/www/modules/show_out/show_out_wrapper.php?run_id=110202&search_id=114132&scans_id=110198&peptide_id=9522&scanf=18212&charge=2&value=K.APGLGAFR.R,PRKDC,1.835e+8,3.382,0.001,2.973,0.000
18213,2,"  2.521","  0.492",9/14,/core/www/modules//sdig/index.php?run_id=110202&search_id=114132&scans_id=110198&peptide_id=9523&scanf=18213&charge=2&value=9/14,sp|Q15397|PUM3_HUMAN,/core/www/modules//consensus/?run_id=110202&search_id=114132&scans_id=110198&peptide_id=9523&scanf=18213&charge=2&value=sp|Q15397|PUM3_HUMAN,0,/core/www/modules/match_peptides/blast_html4.php?run_id=110202&search_id=114132&scans_id=110198&peptide_id=9523&scanf=18213&charge=2&value=0,K.TNYDIVVR.A,/core/www/modules/show_out/show_out_wrapper.php?run_id=110202&search_id=114132&scans_id=110198&peptide_id=9523&scanf=18213&charge=2&value=K.TNYDIVVR.A,PUM3,6.220e+7,3.360,0.001,2.941,0.000
18216,2,"  3.004","  0.521",11/20,/core/www/modules//sdig/index.php?run_id=110202&search_id=114132&scans_id=110198&peptide_id=9526&scanf=18216&charge=2&value=11/20,sp|Q06830|PRDX1_HUMAN,/core/www/modules//consensus/?run_id=110202&search_id=114132&scans_id=110198&peptide_id=9526&scanf=18216&charge=2&value=sp|Q06830|PRDX1_HUMAN,1,/core/www/modules/match_peptides/blast_html4.php?run_id=110202&search_id=114132&scans_id=110198&peptide_id=9526&scanf=18216&charge=2&value=1,K.ATAVMPDGQFK.D,/core/www/modules/show_out/show_out_wrapper.php?run_id=110202&search_id=114132&scans_id=110198&peptide_id=9526&scanf=18216&charge=2&value=K.ATAVMPDGQFK.D,PRDX1,4.649e+7,3.199,0.002,2.702,0.000
18219,2,"  3.396","  0.660",14/24,/core/www/modules//sdig/index.php?run_id=110202&search_id=114132&scans_id=110198&peptide_id=9529&scanf=18219&charge=2&value=14/24,sp|A6NHR9|SMHD1_HUMAN,/core/www/modules//consensus/?run_id=110202&search_id=114132&scans_id=110198&peptide_id=9529&scanf=18219&charge=2&value=sp|A6NHR9|SMHD1_HUMAN,4,/core/www/modules/match_peptides/blast_html4.php?run_id=110202&search_id=114132&scans_id=110198&peptide_id=9529&scanf=18219&charge=2&value=4,K.TTFQENTQSISVR.G,/core/www/modules/show_out/show_out_wrapper.php?run_id=110202&search_id=114132&scans_id=110198&peptide_id=9529&scanf=18219&charge=2&value=K.TTFQENTQSISVR.G,SMCHD1,4.057e+7,3.935,0.000,3.794,0.000
18221,3,"  5.261","  0.734",22/80,/core/www/modules//sdig/index.php?run_id=110202&search_id=114132&scans_id=110198&peptide_id=9532&scanf=18221&charge=3&value=22/80,sp|Q15424|SAFB1_HUMAN,/core/www/modules//consensus/?run_id=110202&search_id=114132&scans_id=110198&peptide_id=9532&scanf=18221&charge=3&value=sp|Q15424|SAFB1_HUMAN,1,/core/www/modules/match_peptides/blast_html4.php?run_id=110202&search_id=114132&scans_id=110198&peptide_id=9532&scanf=18221&charge=3&value=1,K.AIEDEGGNPDEIEITSEGNKK.T,/core/www/modules/show_out/show_out_wrapper.php?run_id=110202&search_id=114132&scans_id=110198&peptide_id=9532&scanf=18221&charge=3&value=K.AIEDEGGNPDEIEITSEGNKK.T,SAFB,1.900e+7,3.542,0.001,3.211,0.000
18222,2,"  2.585","  0.364",8/16,/core/www/modules//sdig/index.php?run_id=110202&search_id=114132&scans_id=110198&peptide_id=9533&scanf=18222&charge=2&value=8/16,sp|Q9BZE4|GTPB4_HUMAN,/core/www/modules//consensus/?run_id=110202&search_id=114132&scans_id=110198&peptide_id=9533&scanf=18222&charge=2&value=sp|Q9BZE4|GTPB4_HUMAN,1,/core/www/modules/match_peptides/blast_html4.php?run_id=110202&search_id=114132&scans_id=110198&peptide_id=9533&scanf=18222&charge=2&value=1,R.LPTIDPNTR.T,/core/www/modules/show_out/show_out_wrapper.php?run_id=110202&search_id=114132&scans_id=110198&peptide_id=9533&scanf=18222&charge=2&value=R.LPTIDPNTR.T,GTPBP4,4.245e+7,2.678,0.012,1.934,0.000
18223,3,"  4.718","  0.621",20/60,/core/www/modules//sdig/index.php?run_id=110202&search_id=114132&scans_id=110198&peptide_id=9534&scanf=18223&charge=3&value=20/60,sp|Q9UQE7|SMC3_HUMAN,/core/www/modules//consensus/?run_id=110202&search_id=114132&scans_id=110198&peptide_id=9534&scanf=18223&charge=3&value=sp|Q9UQE7|SMC3_HUMAN,0,/core/www/modules/match_peptides/blast_html4.php?run_id=110202&search_id=114132&scans_id=110198&peptide_id=9534&scanf=18223&charge=3&value=0,R.SEDLDNSIDKTEAGIK.E,/core/www/modules/show_out/show_out_wrapper.php?run_id=110202&search_id=114132&scans_id=110198&peptide_id=9534&scanf=18223&charge=3&value=R.SEDLDNSIDKTEAGIK.E,SMC3,1.307e+7,3.502,0.001,3.152,0.000
18224,3,"  3.211","  0.452",14/44,/core/www/modules//sdig/index.php?run_id=110202&search_id=114132&scans_id=110198&peptide_id=9535&scanf=18224&charge=3&value=14/44,sp|P21127|CD11B_HUMAN,/core/www/modules//consensus/?run_id=110202&search_id=114132&scans_id=110198&peptide_id=9535&scanf=18224&charge=3&value=sp|P21127|CD11B_HUMAN,6,/core/www/modules/match_peptides/blast_html4.php?run_id=110202&search_id=114132&scans_id=110198&peptide_id=9535&scanf=18224&charge=3&value=6,K.MTFSEHPYNNLR.K,/core/www/modules/show_out/show_out_wrapper.php?run_id=110202&search_id=114132&scans_id=110198&peptide_id=9535&scanf=18224&charge=3&value=K.MTFSEHPYNNLR.K,CDK11B,2.698e+7,3.086,0.003,2.536,0.000
18225,2,"  2.748","  0.412",11/20,/core/www/modules//sdig/index.php?run_id=110202&search_id=114132&scans_id=110198&peptide_id=9536&scanf=18225&charge=2&value=11/20,sp|Q14980|NUMA1_HUMAN,/core/www/modules//consensus/?run_id=110202&search_id=114132&scans_id=110198&peptide_id=9536&scanf=18225&charge=2&value=sp|Q14980|NUMA1_HUMAN,0,/core/www/modules/match_peptides/blast_html4.php?run_id=110202&search_id=114132&scans_id=110198&peptide_id=9536&scanf=18225&charge=2&value=0,R.QPEWLEEQQGR.Q,/core/www/modules/show_out/show_out_wrapper.php?run_id=110202&search_id=114132&scans_id=110198&peptide_id=9536&scanf=18225&charge=2&value=R.QPEWLEEQQGR.Q,NUMA1,7.482e+6,3.080,0.003,2.526,0.000
18226,3,"  3.280","  0.500",15/44,/core/www/modules//sdig/index.php?run_id=110202&search_id=114132&scans_id=110198&peptide_id=9537&scanf=18226&charge=3&value=15/44,sp|O76021|RL1D1_HUMAN,/core/www/modules//consensus/?run_id=110202&search_id=114132&scans_id=110198&peptide_id=9537&scanf=18226&charge=3&value=sp|O76021|RL1D1_HUMAN,2,/core/www/modules/match_peptides/blast_html4.php?run_id=110202&search_id=114132&scans_id=110198&peptide_id=9537&scanf=18226&charge=3&value=2,R.KKVPVSVNLLSK.N,/core/www/modules/show_out/show_out_wrapper.php?run_id=110202&search_id=114132&scans_id=110198&peptide_id=9537&scanf=18226&charge=3&value=R.KKVPVSVNLLSK.N,RSL1D1,1.575e+8,2.810,0.007,2.128,0.000
18229,4,"  2.529","  0.146",9/108,/core/www/modules//sdig/index.php?run_id=110202&search_id=114132&scans_id=110198&peptide_id=9540&scanf=18229&charge=4&value=9/108,sp|Q9BZF1|OSBL8_HUMAN,/core/www/modules//consensus/?run_id=110202&search_id=114132&scans_id=110198&peptide_id=9540&scanf=18229&charge=4&value=sp|Q9BZF1|OSBL8_HUMAN,4,/core/www/modules/match_peptides/blast_html4.php?run_id=110202&search_id=114132&scans_id=110198&peptide_id=9540&scanf=18229&charge=4&value=4,K.DLHQPSLSPASPHSQGFER.G,/core/www/modules/show_out/show_out_wrapper.php?run_id=110202&search_id=114132&scans_id=110198&peptide_id=9540&scanf=18229&charge=4&value=K.DLHQPSLSPASPHSQGFER.G,OSBPL8,5.650e+6,1.868,0.158,0.802,0.008
18230,2,"  3.202","  0.669",13/22,/core/www/modules//sdig/index.php?run_id=110202&search_id=114132&scans_id=110198&peptide_id=9542&scanf=18230&charge=2&value=13/22,sp|P40939|ECHA_HUMAN,/core/www/modules//consensus/?run_id=110202&search_id=114132&scans_id=110198&peptide_id=9542&scanf=18230&charge=2&value=sp|P40939|ECHA_HUMAN,2,/core/www/modules/match_peptides/blast_html4.php?run_id=110202&search_id=114132&scans_id=110198&peptide_id=9542&scanf=18230&charge=2&value=2,K.SEVSSDEDIQFR.L,/core/www/modules/show_out/show_out_wrapper.php?run_id=110202&search_id=114132&scans_id=110198&peptide_id=9542&scanf=18230&charge=2&value=K.SEVSSDEDIQFR.L,HADHA,1.592e+7,3.769,0.000,3.547,0.000
18233,2,"  2.016","  0.407",13/24,/core/www/modules//sdig/index.php?run_id=110202&search_id=114132&scans_id=110198&peptide_id=9544&scanf=18233&charge=2&value=13/24,sp|P14649|MYL6B_HUMAN,/core/www/modules//consensus/?run_id=110202&search_id=114132&scans_id=110198&peptide_id=9544&scanf=18233&charge=2&value=sp|P14649|MYL6B_HUMAN,9,/core/www/modules/match_peptides/blast_html4.php?run_id=110202&search_id=114132&scans_id=110198&peptide_id=9544&scanf=18233&charge=2&value=9,R.ALGQNPTNAEVLK.V,/core/www/modules/show_out/show_out_wrapper.php?run_id=110202&search_id=114132&scans_id=110198&peptide_id=9544&scanf=18233&charge=2&value=R.ALGQNPTNAEVLK.V,MYL6B,4.344e+7,2.697,0.011,1.962,0.000
18234,3,"  2.425","  0.445",14/40,/core/www/modules//sdig/index.php?run_id=110202&search_id=114132&scans_id=110198&peptide_id=9545&scanf=18234&charge=3&value=14/40,sp|P17980|PRS6A_HUMAN,/core/www/modules//consensus/?run_id=110202&search_id=114132&scans_id=110198&peptide_id=9545&scanf=18234&charge=3&value=sp|P17980|PRS6A_HUMAN,5,/core/www/modules/match_peptides/blast_html4.php?run_id=110202&search_id=114132&scans_id=110198&peptide_id=9545&scanf=18234&charge=3&value=5,K.LKPGDLVGVNK.D,/core/www/modules/show_out/show_out_wrapper.php?run_id=110202&search_id=114132&scans_id=110198&peptide_id=9545&scanf=18234&charge=3&value=K.LKPGDLVGVNK.D,PSMC3,5.600e+7,3.144,0.002,2.621,0.000
18235,3,"  3.760","  0.501",17/48,/core/www/modules//sdig/index.php?run_id=110202&search_id=114132&scans_id=110198&peptide_id=9546&scanf=18235&charge=3&value=17/48,sp|Q9H0A0|NAT10_HUMAN,/core/www/modules//consensus/?run_id=110202&search_id=114132&scans_id=110198&peptide_id=9546&scanf=18235&charge=3&value=sp|Q9H0A0|NAT10_HUMAN,0,/core/www/modules/match_peptides/blast_html4.php?run_id=110202&search_id=114132&scans_id=110198&peptide_id=9546&scanf=18235&charge=3&value=0,R.QTIQYIHPADAVK.L,/core/www/modules/show_out/show_out_wrapper.php?run_id=110202&search_id=114132&scans_id=110198&peptide_id=9546&scanf=18235&charge=3&value=R.QTIQYIHPADAVK.L,NAT10,5.399e+7,3.446,0.001,3.068,0.000
18236,3,"  2.525","  0.269",12/52,/core/www/modules//sdig/index.php?run_id=110202&search_id=114132&scans_id=110198&peptide_id=9547&scanf=18236&charge=3&value=12/52,sp|Q96ST3|SIN3A_HUMAN,/core/www/modules//consensus/?run_id=110202&search_id=114132&scans_id=110198&peptide_id=9547&scanf=18236&charge=3&value=sp|Q96ST3|SIN3A_HUMAN,0,/core/www/modules/match_peptides/blast_html4.php?run_id=110202&search_id=114132&scans_id=110198&peptide_id=9547&scanf=18236&charge=3&value=0,R.LDNTLGGTSEVIHR.K,/core/www/modules/show_out/show_out_wrapper.php?run_id=110202&search_id=114132&scans_id=110198&peptide_id=9547&scanf=18236&charge=3&value=R.LDNTLGGTSEVIHR.K,SIN3A,1.859e+7,2.288,0.043,1.369,0.001
18238,2,"  2.347","  0.514",12/24,/core/www/modules//sdig/index.php?run_id=110202&search_id=114132&scans_id=110198&peptide_id=9549&scanf=18238&charge=2&value=12/24,sp|P21333|FLNA_HUMAN,/core/www/modules//consensus/?run_id=110202&search_id=114132&scans_id=110198&peptide_id=9549&scanf=18238&charge=2&value=sp|P21333|FLNA_HUMAN,2,/core/www/modules/match_peptides/blast_html4.php?run_id=110202&search_id=114132&scans_id=110198&peptide_id=9549&scanf=18238&charge=2&value=2,K.VEPGLGADNSVVR.F,/core/www/modules/show_out/show_out_wrapper.php?run_id=110202&search_id=114132&scans_id=110198&peptide_id=9549&scanf=18238&charge=2&value=K.VEPGLGADNSVVR.F,FLNA,4.600e+7,3.225,0.002,2.741,0.000
18240,3,"  4.066","  0.502",15/64,/core/www/modules//sdig/index.php?run_id=110202&search_id=114132&scans_id=110198&peptide_id=9552&scanf=18240&charge=3&value=15/64,sp|P15531|NDKA_HUMAN,/core/www/modules//consensus/?run_id=110202&search_id=114132&scans_id=110198&peptide_id=9552&scanf=18240&charge=3&value=sp|P15531|NDKA_HUMAN,5,/core/www/modules/match_peptides/blast_html4.php?run_id=110202&search_id=114132&scans_id=110198&peptide_id=9552&scanf=18240&charge=3&value=5,R.VMLGETNPADSKPGTIR.G,/core/www/modules/show_out/show_out_wrapper.php?run_id=110202&search_id=114132&scans_id=110198&peptide_id=9552&scanf=18240&charge=3&value=R.VMLGETNPADSKPGTIR.G,NME1,9.764e+6,3.005,0.004,2.416,0.000
18241,3,"  3.298","  0.261",11/36,/core/www/modules//sdig/index.php?run_id=110202&search_id=114132&scans_id=110198&peptide_id=9553&scanf=18241&charge=3&value=11/36,sp|O15226|NKRF_HUMAN,/core/www/modules//consensus/?run_id=110202&search_id=114132&scans_id=110198&peptide_id=9553&scanf=18241&charge=3&value=sp|O15226|NKRF_HUMAN,1,/core/www/modules/match_peptides/blast_html4.php?run_id=110202&search_id=114132&scans_id=110198&peptide_id=9553&scanf=18241&charge=3&value=1,R.RKEDLLDQLK.Q,/core/www/modules/show_out/show_out_wrapper.php?run_id=110202&search_id=114132&scans_id=110198&peptide_id=9553&scanf=18241&charge=3&value=R.RKEDLLDQLK.Q,NKRF,8.977e+6,1.996,0.108,0.967,0.005
18242,2,"  3.808","  0.640",13/22,/core/www/modules//sdig/index.php?run_id=110202&search_id=114132&scans_id=110198&peptide_id=9554&scanf=18242&charge=2&value=13/22,sp|P40939|ECHA_HUMAN,/core/www/modules//consensus/?run_id=110202&search_id=114132&scans_id=110198&peptide_id=9554&scanf=18242&charge=2&value=sp|P40939|ECHA_HUMAN,2,/core/www/modules/match_peptides/blast_html4.php?run_id=110202&search_id=114132&scans_id=110198&peptide_id=9554&scanf=18242&charge=2&value=2,K.SEVSSDEDIQFR.L,/core/www/modules/show_out/show_out_wrapper.php?run_id=110202&search_id=114132&scans_id=110198&peptide_id=9554&scanf=18242&charge=2&value=K.SEVSSDEDIQFR.L,HADHA,1.592e+7,3.710,0.000,3.459,0.000
18243,2,"  2.015","  0.302",9/26,/core/www/modules//sdig/index.php?run_id=110202&search_id=114132&scans_id=110198&peptide_id=9555&scanf=18243&charge=2&value=9/26,sp|Q9NWT1|PK1IP_HUMAN,/core/www/modules//consensus/?run_id=110202&search_id=114132&scans_id=110198&peptide_id=9555&scanf=18243&charge=2&value=sp|Q9NWT1|PK1IP_HUMAN,0,/core/www/modules/match_peptides/blast_html4.php?run_id=110202&search_id=114132&scans_id=110198&peptide_id=9555&scanf=18243&charge=2&value=0,K.ESLPPAAEPSPVSK.E,/core/www/modules/show_out/show_out_wrapper.php?run_id=110202&search_id=114132&scans_id=110198&peptide_id=9555&scanf=18243&charge=2&value=K.ESLPPAAEPSPVSK.E,PAK1IP1,1.505e+7,2.074,0.085,1.071,0.003
18246,2,"  5.362","  0.600",22/36,/core/www/modules//sdig/index.php?run_id=110202&search_id=114132&scans_id=110198&peptide_id=9558&scanf=18246&charge=2&value=22/36,sp|P16989|YBOX3_HUMAN,/core/www/modules//consensus/?run_id=110202&search_id=114132&scans_id=110198&peptide_id=9558&scanf=18246&charge=2&value=sp|P16989|YBOX3_HUMAN,1,/core/www/modules/match_peptides/blast_html4.php?run_id=110202&search_id=114132&scans_id=110198&peptide_id=9558&scanf=18246&charge=2&value=1,K.GAEAANVTGPDGVPVEGSR.Y,/core/www/modules/show_out/show_out_wrapper.php?run_id=110202&search_id=114132&scans_id=110198&peptide_id=9558&scanf=18246&charge=2&value=K.GAEAANVTGPDGVPVEGSR.Y,YBX3,1.458e+7,3.161,0.002,2.645,0.000
18250,2,"  3.032","  0.389",12/18,/core/www/modules//sdig/index.php?run_id=110202&search_id=114132&scans_id=110198&peptide_id=9563&scanf=18250&charge=2&value=12/18,sp|Q13813|SPTN1_HUMAN,/core/www/modules//consensus/?run_id=110202&search_id=114132&scans_id=110198&peptide_id=9563&scanf=18250&charge=2&value=sp|Q13813|SPTN1_HUMAN,3,/core/www/modules/match_peptides/blast_html4.php?run_id=110202&search_id=114132&scans_id=110198&peptide_id=9563&scanf=18250&charge=2&value=3,K.SSEEIESAFR.A,/core/www/modules/show_out/show_out_wrapper.php?run_id=110202&search_id=114132&scans_id=110198&peptide_id=9563&scanf=18250&charge=2&value=K.SSEEIESAFR.A,SPTAN1,8.622e+6,3.182,0.002,2.677,0.000
18255,2,"  3.326","  0.549",13/24,/core/www/modules//sdig/index.php?run_id=110202&search_id=114132&scans_id=110198&peptide_id=9567&scanf=18255&charge=2&value=13/24,sp|P56182|RRP1_HUMAN,/core/www/modules//consensus/?run_id=110202&search_id=114132&scans_id=110198&peptide_id=9567&scanf=18255&charge=2&value=sp|P56182|RRP1_HUMAN,0,/core/www/modules/match_peptides/blast_html4.php?run_id=110202&search_id=114132&scans_id=110198&peptide_id=9567&scanf=18255&charge=2&value=0,K.VGAEELTADQNLK.F,/core/www/modules/show_out/show_out_wrapper.php?run_id=110202&search_id=114132&scans_id=110198&peptide_id=9567&scanf=18255&charge=2&value=K.VGAEELTADQNLK.F,RRP1,2.124e+7,3.265,0.002,2.800,0.000
18259,3,"  6.181","  0.635",21/60,/core/www/modules//sdig/index.php?run_id=110202&search_id=114132&scans_id=110198&peptide_id=9571&scanf=18259&charge=3&value=21/60,sp|P21333|FLNA_HUMAN,/core/www/modules//consensus/?run_id=110202&search_id=114132&scans_id=110198&peptide_id=9571&scanf=18259&charge=3&value=sp|P21333|FLNA_HUMAN,2,/core/www/modules/match_peptides/blast_html4.php?run_id=110202&search_id=114132&scans_id=110198&peptide_id=9571&scanf=18259&charge=3&value=2,R.TGVELGKPTHFTVNAK.A,/core/www/modules/show_out/show_out_wrapper.php?run_id=110202&search_id=114132&scans_id=110198&peptide_id=9571&scanf=18259&charge=3&value=R.TGVELGKPTHFTVNAK.A,FLNA,2.552e+7,3.968,0.000,3.842,0.000
18260,2,"  2.385","  0.354",9/16,/core/www/modules//sdig/index.php?run_id=110202&search_id=114132&scans_id=110198&peptide_id=9573&scanf=18260&charge=2&value=9/16,sp|Q9BZE4|GTPB4_HUMAN,/core/www/modules//consensus/?run_id=110202&search_id=114132&scans_id=110198&peptide_id=9573&scanf=18260&charge=2&value=sp|Q9BZE4|GTPB4_HUMAN,1,/core/www/modules/match_peptides/blast_html4.php?run_id=110202&search_id=114132&scans_id=110198&peptide_id=9573&scanf=18260&charge=2&value=1,R.LPTIDPNTR.T,/core/www/modules/show_out/show_out_wrapper.php?run_id=110202&search_id=114132&scans_id=110198&peptide_id=9573&scanf=18260&charge=2&value=R.LPTIDPNTR.T,GTPBP4,4.245e+7,2.797,0.008,2.109,0.000
18261,2,"  1.530","  0.242",7/14,/core/www/modules//sdig/index.php?run_id=110202&search_id=114132&scans_id=110198&peptide_id=9574&scanf=18261&charge=2&value=7/14,sp|P51114|FXR1_HUMAN,/core/www/modules//consensus/?run_id=110202&search_id=114132&scans_id=110198&peptide_id=9574&scanf=18261&charge=2&value=sp|P51114|FXR1_HUMAN,4,/core/www/modules/match_peptides/blast_html4.php?run_id=110202&search_id=114132&scans_id=110198&peptide_id=9574&scanf=18261&charge=2&value=4,R.LPPPPDIK.K,/core/www/modules/show_out/show_out_wrapper.php?run_id=110202&search_id=114132&scans_id=110198&peptide_id=9574&scanf=18261&charge=2&value=R.LPPPPDIK.K,FXR1,1.307e+8,2.314,0.039,1.406,0.001
18262,2,"  3.383","  0.605",13/22,/core/www/modules//sdig/index.php?run_id=110202&search_id=114132&scans_id=110198&peptide_id=9575&scanf=18262&charge=2&value=13/22,sp|P40939|ECHA_HUMAN,/core/www/modules//consensus/?run_id=110202&search_id=114132&scans_id=110198&peptide_id=9575&scanf=18262&charge=2&value=sp|P40939|ECHA_HUMAN,2,/core/www/modules/match_peptides/blast_html4.php?run_id=110202&search_id=114132&scans_id=110198&peptide_id=9575&scanf=18262&charge=2&value=2,K.SEVSSDEDIQFR.L,/core/www/modules/show_out/show_out_wrapper.php?run_id=110202&search_id=114132&scans_id=110198&peptide_id=9575&scanf=18262&charge=2&value=K.SEVSSDEDIQFR.L,HADHA,1.592e+7,3.570,0.001,3.251,0.000
18264,2,"  2.065","  0.044",9/22,/core/www/modules//sdig/index.php?run_id=110202&search_id=114132&scans_id=110198&peptide_id=9577&scanf=18264&charge=2&value=9/22,sp|Q12906|ILF3_HUMAN,/core/www/modules//consensus/?run_id=110202&search_id=114132&scans_id=110198&peptide_id=9577&scanf=18264&charge=2&value=sp|Q12906|ILF3_HUMAN,0,/core/www/modules/match_peptides/blast_html4.php?run_id=110202&search_id=114132&scans_id=110198&peptide_id=9577&scanf=18264&charge=2&value=0,K.AEPPQAMNALM*R.L,/core/www/modules/show_out/show_out_wrapper.php?run_id=110202&search_id=114132&scans_id=110198&peptide_id=9577&scanf=18264&charge=2&value=K.AEPPQAMNALM*R.L,ILF3,1.184e+7,2.713,0.010,1.985,0.000
18266,3,"  2.551","  0.367",8/40,/core/www/modules//sdig/index.php?run_id=110202&search_id=114132&scans_id=110198&peptide_id=9579&scanf=18266&charge=3&value=8/40,sp|Q9H8H2|DDX31_HUMAN,/core/www/modules//consensus/?run_id=110202&search_id=114132&scans_id=110198&peptide_id=9579&scanf=18266&charge=3&value=sp|Q9H8H2|DDX31_HUMAN,0,/core/www/modules/match_peptides/blast_html4.php?run_id=110202&search_id=114132&scans_id=110198&peptide_id=9579&scanf=18266&charge=3&value=0,R.TAVFQEFSHSR.R,/core/www/modules/show_out/show_out_wrapper.php?run_id=110202&search_id=114132&scans_id=110198&peptide_id=9579&scanf=18266&charge=3&value=R.TAVFQEFSHSR.R,DDX31,1.582e+7,2.608,0.015,1.831,0.000
18267,3,"  1.967","  0.375",14/32,/core/www/modules//sdig/index.php?run_id=110202&search_id=114132&scans_id=110198&peptide_id=9580&scanf=18267&charge=3&value=14/32,sp|P61353|RL27_HUMAN,/core/www/modules//consensus/?run_id=110202&search_id=114132&scans_id=110198&peptide_id=9580&scanf=18267&charge=3&value=sp|P61353|RL27_HUMAN,1,/core/www/modules/match_peptides/blast_html4.php?run_id=110202&search_id=114132&scans_id=110198&peptide_id=9580&scanf=18267&charge=3&value=1,K.DVFRDPALK.R,/core/www/modules/show_out/show_out_wrapper.php?run_id=110202&search_id=114132&scans_id=110198&peptide_id=9580&scanf=18267&charge=3&value=K.DVFRDPALK.R,RPL27,2.323e+8,2.786,0.008,2.092,0.000
18270,3,"  2.388","  0.138",10/44,/core/www/modules//sdig/index.php?run_id=110202&search_id=114132&scans_id=110198&peptide_id=9584&scanf=18270&charge=3&value=10/44,sp|P46939|UTRN_HUMAN,/core/www/modules//consensus/?run_id=110202&search_id=114132&scans_id=110198&peptide_id=9584&scanf=18270&charge=3&value=sp|P46939|UTRN_HUMAN,0,/core/www/modules/match_peptides/blast_html4.php?run_id=110202&search_id=114132&scans_id=110198&peptide_id=9584&scanf=18270&charge=3&value=0,R.DLTQEMEVHAEK.L,/core/www/modules/show_out/show_out_wrapper.php?run_id=110202&search_id=114132&scans_id=110198&peptide_id=9584&scanf=18270&charge=3&value=R.DLTQEMEVHAEK.L,UTRN,7.141e+6,1.965,0.118,0.926,0.005
18273,2,"  2.699","  0.563",11/26,/core/www/modules//sdig/index.php?run_id=110202&search_id=114132&scans_id=110198&peptide_id=9587&scanf=18273&charge=2&value=11/26,sp|Q9C0J8|WDR33_HUMAN,/core/www/modules//consensus/?run_id=110202&search_id=114132&scans_id=110198&peptide_id=9587&scanf=18273&charge=2&value=sp|Q9C0J8|WDR33_HUMAN,0,/core/www/modules/match_peptides/blast_html4.php?run_id=110202&search_id=114132&scans_id=110198&peptide_id=9587&scanf=18273&charge=2&value=0,R.IPPLNPGQGPGPNK.G,/core/www/modules/show_out/show_out_wrapper.php?run_id=110202&search_id=114132&scans_id=110198&peptide_id=9587&scanf=18273&charge=2&value=R.IPPLNPGQGPGPNK.G,WDR33,1.012e+7,3.037,0.003,2.463,0.000
18275,2,"  1.558","  0.338",8/20,/core/www/modules//sdig/index.php?run_id=110202&search_id=114132&scans_id=110198&peptide_id=9588&scanf=18275&charge=2&value=8/20,sp|Q9Y3I0|RTCB_HUMAN,/core/www/modules//consensus/?run_id=110202&search_id=114132&scans_id=110198&peptide_id=9588&scanf=18275&charge=2&value=sp|Q9Y3I0|RTCB_HUMAN,0,/core/www/modules/match_peptides/blast_html4.php?run_id=110202&search_id=114132&scans_id=110198&peptide_id=9588&scanf=18275&charge=2&value=0,K.LVMEEAPESYK.N,/core/www/modules/show_out/show_out_wrapper.php?run_id=110202&search_id=114132&scans_id=110198&peptide_id=9588&scanf=18275&charge=2&value=K.LVMEEAPESYK.N,RTCB,3.346e+7,2.299,0.041,1.385,0.001
18279,3,"  2.216","  0.302",13/40,/core/www/modules//sdig/index.php?run_id=110202&search_id=114132&scans_id=110198&peptide_id=9592&scanf=18279&charge=3&value=13/40,sp|P61353|RL27_HUMAN,/core/www/modules//consensus/?run_id=110202&search_id=114132&scans_id=110198&peptide_id=9592&scanf=18279&charge=3&value=sp|P61353|RL27_HUMAN,1,/core/www/modules/match_peptides/blast_html4.php?run_id=110202&search_id=114132&scans_id=110198&peptide_id=9592&scanf=18279&charge=3&value=1,K.VYNYNHLMPTR.Y,/core/www/modules/show_out/show_out_wrapper.php?run_id=110202&search_id=114132&scans_id=110198&peptide_id=9592&scanf=18279&charge=3&value=K.VYNYNHLMPTR.Y,RPL27,3.622e+8,2.599,0.015,1.818,0.000
18281,3,"  2.132","  0.298",10/36,/core/www/modules//sdig/index.php?run_id=110202&search_id=114132&scans_id=110198&peptide_id=9595&scanf=18281&charge=3&value=10/36,sp|Q9GZR7|DDX24_HUMAN,/core/www/modules//consensus/?run_id=110202&search_id=114132&scans_id=110198&peptide_id=9595&scanf=18281&charge=3&value=sp|Q9GZR7|DDX24_HUMAN,1,/core/www/modules/match_peptides/blast_html4.php?run_id=110202&search_id=114132&scans_id=110198&peptide_id=9595&scanf=18281&charge=3&value=1,K.TWIPEVHDQK.A,/core/www/modules/show_out/show_out_wrapper.php?run_id=110202&search_id=114132&scans_id=110198&peptide_id=9595&scanf=18281&charge=3&value=K.TWIPEVHDQK.A,DDX24,4.514e+7,2.491,0.022,1.661,0.001
18282,2,"  1.719","  0.099",8/12,/core/www/modules//sdig/index.php?run_id=110202&search_id=114132&scans_id=110198&peptide_id=9596&scanf=18282&charge=2&value=8/12,sp|Q92797|SYMPK_HUMAN,/core/www/modules//consensus/?run_id=110202&search_id=114132&scans_id=110198&peptide_id=9596&scanf=18282&charge=2&value=sp|Q92797|SYMPK_HUMAN,1,/core/www/modules/match_peptides/blast_html4.php?run_id=110202&search_id=114132&scans_id=110198&peptide_id=9596&scanf=18282&charge=2&value=1,K.LNPIVVK.E,/core/www/modules/show_out/show_out_wrapper.php?run_id=110202&search_id=114132&scans_id=110198&peptide_id=9596&scanf=18282&charge=2&value=K.LNPIVVK.E,SYMPK,2.469e+7,2.175,0.062,1.211,0.002
18283,2,"  1.201","  0.126",6/12,/core/www/modules//sdig/index.php?run_id=110202&search_id=114132&scans_id=110198&peptide_id=9597&scanf=18283&charge=2&value=6/12,sp|P62277|RS13_HUMAN,/core/www/modules//consensus/?run_id=110202&search_id=114132&scans_id=110198&peptide_id=9597&scanf=18283&charge=2&value=sp|P62277|RS13_HUMAN,0,/core/www/modules/match_peptides/blast_html4.php?run_id=110202&search_id=114132&scans_id=110198&peptide_id=9597&scanf=18283&charge=2&value=0,R.VLPPNWK.Y,/core/www/modules/show_out/show_out_wrapper.php?run_id=110202&search_id=114132&scans_id=110198&peptide_id=9597&scanf=18283&charge=2&value=R.VLPPNWK.Y,RPS13,6.944e+7,1.932,0.131,0.883,0.006
18284,3,"  4.059","  0.512",12/48,/core/www/modules//sdig/index.php?run_id=110202&search_id=114132&scans_id=110198&peptide_id=9598&scanf=18284&charge=3&value=12/48,sp|Q8WWY3|PRP31_HUMAN,/core/www/modules//consensus/?run_id=110202&search_id=114132&scans_id=110198&peptide_id=9598&scanf=18284&charge=3&value=sp|Q8WWY3|PRP31_HUMAN,1,/core/www/modules/match_peptides/blast_html4.php?run_id=110202&search_id=114132&scans_id=110198&peptide_id=9598&scanf=18284&charge=3&value=1,K.QVKPLPAPLDGQR.K,/core/www/modules/show_out/show_out_wrapper.php?run_id=110202&search_id=114132&scans_id=110198&peptide_id=9598&scanf=18284&charge=3&value=K.QVKPLPAPLDGQR.K,PRPF31,2.356e+7,3.216,0.002,2.728,0.000
18285,3,"  2.848","  0.470",10/32,/core/www/modules//sdig/index.php?run_id=110202&search_id=114132&scans_id=110198&peptide_id=9599&scanf=18285&charge=3&value=10/32,sp|P13639|EF2_HUMAN,/core/www/modules//consensus/?run_id=110202&search_id=114132&scans_id=110198&peptide_id=9599&scanf=18285&charge=3&value=sp|P13639|EF2_HUMAN,0,/core/www/modules/match_peptides/blast_html4.php?run_id=110202&search_id=114132&scans_id=110198&peptide_id=9599&scanf=18285&charge=3&value=0,R.IKPVLMMNK.M,/core/www/modules/show_out/show_out_wrapper.php?run_id=110202&search_id=114132&scans_id=110198&peptide_id=9599&scanf=18285&charge=3&value=R.IKPVLMMNK.M,EEF2,7.045e+7,3.308,0.001,2.864,0.000
18286,3,"  3.714","  0.592",24/68,/core/www/modules//sdig/index.php?run_id=110202&search_id=114132&scans_id=110198&peptide_id=9600&scanf=18286&charge=3&value=24/68,sp|O75533|SF3B1_HUMAN,/core/www/modules//consensus/?run_id=110202&search_id=114132&scans_id=110198&peptide_id=9600&scanf=18286&charge=3&value=sp|O75533|SF3B1_HUMAN,0,/core/www/modules/match_peptides/blast_html4.php?run_id=110202&search_id=114132&scans_id=110198&peptide_id=9600&scanf=18286&charge=3&value=0,K.IWDPTPSHTPAGAATPGR.G,/core/www/modules/show_out/show_out_wrapper.php?run_id=110202&search_id=114132&scans_id=110198&peptide_id=9600&scanf=18286&charge=3&value=K.IWDPTPSHTPAGAATPGR.G,SF3B1,3.982e+7,3.586,0.001,3.276,0.000
18289,2,"  2.081","  0.197",8/20,/core/www/modules//sdig/index.php?run_id=110202&search_id=114132&scans_id=110198&peptide_id=9603&scanf=18289&charge=2&value=8/20,sp|P27144|KAD4_HUMAN,/core/www/modules//consensus/?run_id=110202&search_id=114132&scans_id=110198&peptide_id=9603&scanf=18289&charge=2&value=sp|P27144|KAD4_HUMAN,1,/core/www/modules/match_peptides/blast_html4.php?run_id=110202&search_id=114132&scans_id=110198&peptide_id=9603&scanf=18289&charge=2&value=1,R.AVILGPPGSGK.G,/core/www/modules/show_out/show_out_wrapper.php?run_id=110202&search_id=114132&scans_id=110198&peptide_id=9603&scanf=18289&charge=2&value=R.AVILGPPGSGK.G,AK4,9.762e+6,1.915,0.137,0.862,0.007
18292,3,"  2.176","  0.177",9/52,/core/www/modules//sdig/index.php?run_id=110202&search_id=114132&scans_id=110198&peptide_id=9607&scanf=18292&charge=3&value=9/52,sp|P08670|VIME_HUMAN,/core/www/modules//consensus/?run_id=110202&search_id=114132&scans_id=110198&peptide_id=9607&scanf=18292&charge=3&value=sp|P08670|VIME_HUMAN,3,/core/www/modules/match_peptides/blast_html4.php?run_id=110202&search_id=114132&scans_id=110198&peptide_id=9607&scanf=18292&charge=3&value=3,R.TYSLGSALRPSTSR.S,/core/www/modules/show_out/show_out_wrapper.php?run_id=110202&search_id=114132&scans_id=110198&peptide_id=9607&scanf=18292&charge=3&value=R.TYSLGSALRPSTSR.S,VIM,1.149e+9,2.338,0.036,1.440,0.001
18293,2,"  2.102","  0.312",7/20,/core/www/modules//sdig/index.php?run_id=110202&search_id=114132&scans_id=110198&peptide_id=9608&scanf=18293&charge=2&value=7/20,sp|Q16822|PCKGM_HUMAN,/core/www/modules//consensus/?run_id=110202&search_id=114132&scans_id=110198&peptide_id=9608&scanf=18293&charge=2&value=sp|Q16822|PCKGM_HUMAN,1,/core/www/modules/match_peptides/blast_html4.php?run_id=110202&search_id=114132&scans_id=110198&peptide_id=9608&scanf=18293&charge=2&value=1,R.DTVPLPPGGAR.G,/core/www/modules/show_out/show_out_wrapper.php?run_id=110202&search_id=114132&scans_id=110198&peptide_id=9608&scanf=18293&charge=2&value=R.DTVPLPPGGAR.G,PCK2,3.483e+7,2.222,0.053,1.276,0.002
18296,2,"  2.178","  0.331",10/16,/core/www/modules//sdig/index.php?run_id=110202&search_id=114132&scans_id=110198&peptide_id=9610&scanf=18296&charge=2&value=10/16,sp|Q9BUJ2|HNRL1_HUMAN,/core/www/modules//consensus/?run_id=110202&search_id=114132&scans_id=110198&peptide_id=9610&scanf=18296&charge=2&value=sp|Q9BUJ2|HNRL1_HUMAN,3,/core/www/modules/match_peptides/blast_html4.php?run_id=110202&search_id=114132&scans_id=110198&peptide_id=9610&scanf=18296&charge=2&value=3,K.MRPFEGFQR.K,/core/www/modules/show_out/show_out_wrapper.php?run_id=110202&search_id=114132&scans_id=110198&peptide_id=9610&scanf=18296&charge=2&value=K.MRPFEGFQR.K,HNRNPUL1,3.478e+7,2.844,0.007,2.178,0.000
18298,3,"  2.704","  0.672",14/48,/core/www/modules//sdig/index.php?run_id=110202&search_id=114132&scans_id=110198&peptide_id=9612&scanf=18298&charge=3&value=14/48,sp|Q15149|PLEC_HUMAN,/core/www/modules//consensus/?run_id=110202&search_id=114132&scans_id=110198&peptide_id=9612&scanf=18298&charge=3&value=sp|Q15149|PLEC_HUMAN,4,/core/www/modules/match_peptides/blast_html4.php?run_id=110202&search_id=114132&scans_id=110198&peptide_id=9612&scanf=18298&charge=3&value=4,R.SLQEEHVAVAQLR.E,/core/www/modules/show_out/show_out_wrapper.php?run_id=110202&search_id=114132&scans_id=110198&peptide_id=9612&scanf=18298&charge=3&value=R.SLQEEHVAVAQLR.E,PLEC,3.770e+7,4.269,0.000,4.289,0.000
18300,2,"  2.040","  0.408",9/14,/core/www/modules//sdig/index.php?run_id=110202&search_id=114132&scans_id=110198&peptide_id=9615&scanf=18300&charge=2&value=9/14,sp|P17987|TCPA_HUMAN,/core/www/modules//consensus/?run_id=110202&search_id=114132&scans_id=110198&peptide_id=9615&scanf=18300&charge=2&value=sp|P17987|TCPA_HUMAN,4,/core/www/modules/match_peptides/blast_html4.php?run_id=110202&search_id=114132&scans_id=110198&peptide_id=9615&scanf=18300&charge=2&value=4,R.TSASIILR.G,/core/www/modules/show_out/show_out_wrapper.php?run_id=110202&search_id=114132&scans_id=110198&peptide_id=9615&scanf=18300&charge=2&value=R.TSASIILR.G,TCP1,3.999e+7,3.088,0.003,2.538,0.000
18301,2,"  2.568","  0.404",8/16,/core/www/modules//sdig/index.php?run_id=110202&search_id=114132&scans_id=110198&peptide_id=9616&scanf=18301&charge=2&value=8/16,sp|O14980|XPO1_HUMAN,/core/www/modules//consensus/?run_id=110202&search_id=114132&scans_id=110198&peptide_id=9616&scanf=18301&charge=2&value=sp|O14980|XPO1_HUMAN,12,/core/www/modules/match_peptides/blast_html4.php?run_id=110202&search_id=114132&scans_id=110198&peptide_id=9616&scanf=18301&charge=2&value=12,K.DTDSINLYK.N,/core/www/modules/show_out/show_out_wrapper.php?run_id=110202&search_id=114132&scans_id=110198&peptide_id=9616&scanf=18301&charge=2&value=K.DTDSINLYK.N,XPO1,1.735e+7,2.904,0.005,2.266,0.000
18303,3,"  2.946","  0.476",17/40,/core/www/modules//sdig/index.php?run_id=110202&search_id=114132&scans_id=110198&peptide_id=9618&scanf=18303&charge=3&value=17/40,sp|Q02880|TOP2B_HUMAN,/core/www/modules//consensus/?run_id=110202&search_id=114132&scans_id=110198&peptide_id=9618&scanf=18303&charge=3&value=sp|Q02880|TOP2B_HUMAN,4,/core/www/modules/match_peptides/blast_html4.php?run_id=110202&search_id=114132&scans_id=110198&peptide_id=9618&scanf=18303&charge=3&value=4,K.AGVSVKPFQVK.N,/core/www/modules/show_out/show_out_wrapper.php?run_id=110202&search_id=114132&scans_id=110198&peptide_id=9618&scanf=18303&charge=3&value=K.AGVSVKPFQVK.N,TOP2B,6.406e+7,3.454,0.001,3.079,0.000
18304,3,"  2.565","  0.261",13/48,/core/www/modules//sdig/index.php?run_id=110202&search_id=114132&scans_id=110198&peptide_id=9619&scanf=18304&charge=3&value=13/48,sp|P55786|PSA_HUMAN,/core/www/modules//consensus/?run_id=110202&search_id=114132&scans_id=110198&peptide_id=9619&scanf=18304&charge=3&value=sp|P55786|PSA_HUMAN,7,/core/www/modules/match_peptides/blast_html4.php?run_id=110202&search_id=114132&scans_id=110198&peptide_id=9619&scanf=18304&charge=3&value=7,R.KPYPDDENLVEVK.F,/core/www/modules/show_out/show_out_wrapper.php?run_id=110202&search_id=114132&scans_id=110198&peptide_id=9619&scanf=18304&charge=3&value=R.KPYPDDENLVEVK.F,NPEPPS,9.266e+6,2.346,0.035,1.452,0.001
18306,2,"  2.373","  0.234",8/18,/core/www/modules//sdig/index.php?run_id=110202&search_id=114132&scans_id=110198&peptide_id=9621&scanf=18306&charge=2&value=8/18,sp|O00267|SPT5H_HUMAN,/core/www/modules//consensus/?run_id=110202&search_id=114132&scans_id=110198&peptide_id=9621&scanf=18306&charge=2&value=sp|O00267|SPT5H_HUMAN,0,/core/www/modules/match_peptides/blast_html4.php?run_id=110202&search_id=114132&scans_id=110198&peptide_id=9621&scanf=18306&charge=2&value=0,R.DNELIGQTVR.I,/core/www/modules/show_out/show_out_wrapper.php?run_id=110202&search_id=114132&scans_id=110198&peptide_id=9621&scanf=18306&charge=2&value=R.DNELIGQTVR.I,SUPT5H,9.167e+6,2.057,0.089,1.049,0.004
18311,3,"  2.323","  0.161",10/40,/core/www/modules//sdig/index.php?run_id=110202&search_id=114132&scans_id=110198&peptide_id=9626&scanf=18311&charge=3&value=10/40,sp|P46939|UTRN_HUMAN,/core/www/modules//consensus/?run_id=110202&search_id=114132&scans_id=110198&peptide_id=9626&scanf=18311&charge=3&value=sp|P46939|UTRN_HUMAN,0,/core/www/modules/match_peptides/blast_html4.php?run_id=110202&search_id=114132&scans_id=110198&peptide_id=9626&scanf=18311&charge=3&value=0,K.LGEQIAVIHEK.Q,/core/www/modules/show_out/show_out_wrapper.php?run_id=110202&search_id=114132&scans_id=110198&peptide_id=9626&scanf=18311&charge=3&value=K.LGEQIAVIHEK.Q,UTRN,1.127e+7,2.141,0.069,1.163,0.002
18312,2,"  2.380","  0.442",13/20,/core/www/modules//sdig/index.php?run_id=110202&search_id=114132&scans_id=110198&peptide_id=9627&scanf=18312&charge=2&value=13/20,sp|P15880|RS2_HUMAN,/core/www/modules//consensus/?run_id=110202&search_id=114132&scans_id=110198&peptide_id=9627&scanf=18312&charge=2&value=sp|P15880|RS2_HUMAN,5,/core/www/modules/match_peptides/blast_html4.php?run_id=110202&search_id=114132&scans_id=110198&peptide_id=9627&scanf=18312&charge=2&value=5,R.GTGIVSAPVPK.K,/core/www/modules/show_out/show_out_wrapper.php?run_id=110202&search_id=114132&scans_id=110198&peptide_id=9627&scanf=18312&charge=2&value=R.GTGIVSAPVPK.K,RPS2,3.922e+8,3.078,0.003,2.523,0.000
18314,2,"  2.857","  0.523",12/18,/core/www/modules//sdig/index.php?run_id=110202&search_id=114132&scans_id=110198&peptide_id=9629&scanf=18314&charge=2&value=12/18,sp|P46459|NSF_HUMAN,/core/www/modules//consensus/?run_id=110202&search_id=114132&scans_id=110198&peptide_id=9629&scanf=18314&charge=2&value=sp|P46459|NSF_HUMAN,1,/core/www/modules/match_peptides/blast_html4.php?run_id=110202&search_id=114132&scans_id=110198&peptide_id=9629&scanf=18314&charge=2&value=1,K.VVNGPEILNK.Y,/core/www/modules/show_out/show_out_wrapper.php?run_id=110202&search_id=114132&scans_id=110198&peptide_id=9629&scanf=18314&charge=2&value=K.VVNGPEILNK.Y,NSF,1.963e+7,3.483,0.001,3.123,0.000
18318,2,"  2.429","  0.444",11/18,/core/www/modules//sdig/index.php?run_id=110202&search_id=114132&scans_id=110198&peptide_id=9632&scanf=18318&charge=2&value=11/18,sp|Q96SI9|STRBP_HUMAN,/core/www/modules//consensus/?run_id=110202&search_id=114132&scans_id=110198&peptide_id=9632&scanf=18318&charge=2&value=sp|Q96SI9|STRBP_HUMAN,1,/core/www/modules/match_peptides/blast_html4.php?run_id=110202&search_id=114132&scans_id=110198&peptide_id=9632&scanf=18318&charge=2&value=1,K.ASAALAALEK.L,/core/www/modules/show_out/show_out_wrapper.php?run_id=110202&search_id=114132&scans_id=110198&peptide_id=9632&scanf=18318&charge=2&value=K.ASAALAALEK.L,STRBP,2.577e+7,3.074,0.003,2.517,0.000
18320,3,"  3.944","  0.542",16/56,/core/www/modules//sdig/index.php?run_id=110202&search_id=114132&scans_id=110198&peptide_id=9635&scanf=18320&charge=3&value=16/56,sp|O96019|ACL6A_HUMAN,/core/www/modules//consensus/?run_id=110202&search_id=114132&scans_id=110198&peptide_id=9635&scanf=18320&charge=3&value=sp|O96019|ACL6A_HUMAN,2,/core/www/modules/match_peptides/blast_html4.php?run_id=110202&search_id=114132&scans_id=110198&peptide_id=9635&scanf=18320&charge=3&value=2,R.DDGSTLMEIDGDKGK.Q,/core/www/modules/show_out/show_out_wrapper.php?run_id=110202&search_id=114132&scans_id=110198&peptide_id=9635&scanf=18320&charge=3&value=R.DDGSTLMEIDGDKGK.Q,ACTL6A,4.238e+7,3.026,0.004,2.447,0.000
18321,2,"  2.253","  0.528",9/14,/core/www/modules//sdig/index.php?run_id=110202&search_id=114132&scans_id=110198&peptide_id=9636&scanf=18321&charge=2&value=9/14,sp|P38919|IF4A3_HUMAN,/core/www/modules//consensus/?run_id=110202&search_id=114132&scans_id=110198&peptide_id=9636&scanf=18321&charge=2&value=sp|P38919|IF4A3_HUMAN,1,/core/www/modules/match_peptides/blast_html4.php?run_id=110202&search_id=114132&scans_id=110198&peptide_id=9636&scanf=18321&charge=2&value=1,K.EQIYDVYR.Y,/core/www/modules/show_out/show_out_wrapper.php?run_id=110202&search_id=114132&scans_id=110198&peptide_id=9636&scanf=18321&charge=2&value=K.EQIYDVYR.Y,EIF4A3,1.085e+8,3.515,0.001,3.170,0.000
18322,2,"  2.083","  0.000",9/14,/core/www/modules//sdig/index.php?run_id=110202&search_id=114132&scans_id=110198&peptide_id=9637&scanf=18322&charge=2&value=9/14,sp|P46063|RECQ1_HUMAN,/core/www/modules//consensus/?run_id=110202&search_id=114132&scans_id=110198&peptide_id=9637&scanf=18322&charge=2&value=sp|P46063|RECQ1_HUMAN,3,/core/www/modules/match_peptides/blast_html4.php?run_id=110202&search_id=114132&scans_id=110198&peptide_id=9637&scanf=18322&charge=2&value=3,K.LIYVTPEK.I,/core/www/modules/show_out/show_out_wrapper.php?run_id=110202&search_id=114132&scans_id=110198&peptide_id=9637&scanf=18322&charge=2&value=K.LIYVTPEK.I,RECQL,8.546e+7,3.010,0.004,2.423,0.000
18323,2,"  1.804","  0.127",9/12,/core/www/modules//sdig/index.php?run_id=110202&search_id=114132&scans_id=110198&peptide_id=9638&scanf=18323&charge=2&value=9/12,sp|P20700|LMNB1_HUMAN,/core/www/modules//consensus/?run_id=110202&search_id=114132&scans_id=110198&peptide_id=9638&scanf=18323&charge=2&value=sp|P20700|LMNB1_HUMAN,3,/core/www/modules/match_peptides/blast_html4.php?run_id=110202&search_id=114132&scans_id=110198&peptide_id=9638&scanf=18323&charge=2&value=3,R.LAVYIDK.V,/core/www/modules/show_out/show_out_wrapper.php?run_id=110202&search_id=114132&scans_id=110198&peptide_id=9638&scanf=18323&charge=2&value=R.LAVYIDK.V,LMNB1,3.258e+7,2.331,0.037,1.431,0.001
18324,3,"  4.849","  0.563",19/56,/core/www/modules//sdig/index.php?run_id=110202&search_id=114132&scans_id=110198&peptide_id=9639&scanf=18324&charge=3&value=19/56,sp|P11310|ACADM_HUMAN,/core/www/modules//consensus/?run_id=110202&search_id=114132&scans_id=110198&peptide_id=9639&scanf=18324&charge=3&value=sp|P11310|ACADM_HUMAN,5,/core/www/modules/match_peptides/blast_html4.php?run_id=110202&search_id=114132&scans_id=110198&peptide_id=9639&scanf=18324&charge=3&value=5,K.TRPVVAAGAVGLAQR.A,/core/www/modules/show_out/show_out_wrapper.php?run_id=110202&search_id=114132&scans_id=110198&peptide_id=9639&scanf=18324&charge=3&value=K.TRPVVAAGAVGLAQR.A,ACADM,1.723e+7,3.426,0.001,3.039,0.000
18326,2,"  2.378","  0.455",6/16,/core/www/modules//sdig/index.php?run_id=110202&search_id=114132&scans_id=110198&peptide_id=9641&scanf=18326&charge=2&value=6/16,sp|Q14204|DYHC1_HUMAN,/core/www/modules//consensus/?run_id=110202&search_id=114132&scans_id=110198&peptide_id=9641&scanf=18326&charge=2&value=sp|Q14204|DYHC1_HUMAN,10,/core/www/modules/match_peptides/blast_html4.php?run_id=110202&search_id=114132&scans_id=110198&peptide_id=9641&scanf=18326&charge=2&value=10,R.TFSSIPVSR.I,/core/www/modules/show_out/show_out_wrapper.php?run_id=110202&search_id=114132&scans_id=110198&peptide_id=9641&scanf=18326&charge=2&value=R.TFSSIPVSR.I,DYNC1H1,1.249e+7,3.004,0.004,2.415,0.000
18327,3,"  3.508","  0.554",14/52,/core/www/modules//sdig/index.php?run_id=110202&search_id=114132&scans_id=110198&peptide_id=9642&scanf=18327&charge=3&value=14/52,sp|P63010|AP2B1_HUMAN,/core/www/modules//consensus/?run_id=110202&search_id=114132&scans_id=110198&peptide_id=9642&scanf=18327&charge=3&value=sp|P63010|AP2B1_HUMAN,6,/core/www/modules/match_peptides/blast_html4.php?run_id=110202&search_id=114132&scans_id=110198&peptide_id=9642&scanf=18327&charge=3&value=6,R.LSHANSAVVLSAVK.V,/core/www/modules/show_out/show_out_wrapper.php?run_id=110202&search_id=114132&scans_id=110198&peptide_id=9642&scanf=18327&charge=3&value=R.LSHANSAVVLSAVK.V,AP2B1,1.737e+7,3.363,0.001,2.945,0.000
18328,2,"  1.684","  0.198",8/16,/core/www/modules//sdig/index.php?run_id=110202&search_id=114132&scans_id=110198&peptide_id=9643&scanf=18328&charge=2&value=8/16,sp|Q9UJV9|DDX41_HUMAN,/core/www/modules//consensus/?run_id=110202&search_id=114132&scans_id=110198&peptide_id=9643&scanf=18328&charge=2&value=sp|Q9UJV9|DDX41_HUMAN,0,/core/www/modules/match_peptides/blast_html4.php?run_id=110202&search_id=114132&scans_id=110198&peptide_id=9643&scanf=18328&charge=2&value=0,R.YLALDEADR.M,/core/www/modules/show_out/show_out_wrapper.php?run_id=110202&search_id=114132&scans_id=110198&peptide_id=9643&scanf=18328&charge=2&value=R.YLALDEADR.M,DDX41,1.784e+7,1.955,0.122,0.913,0.006
18329,3,"  3.093","  0.426",16/36,/core/www/modules//sdig/index.php?run_id=110202&search_id=114132&scans_id=110198&peptide_id=9644&scanf=18329&charge=3&value=16/36,sp|P53621|COPA_HUMAN,/core/www/modules//consensus/?run_id=110202&search_id=114132&scans_id=110198&peptide_id=9644&scanf=18329&charge=3&value=sp|P53621|COPA_HUMAN,2,/core/www/modules/match_peptides/blast_html4.php?run_id=110202&search_id=114132&scans_id=110198&peptide_id=9644&scanf=18329&charge=3&value=2,R.KYDEVLHMVR.N,/core/www/modules/show_out/show_out_wrapper.php?run_id=110202&search_id=114132&scans_id=110198&peptide_id=9644&scanf=18329&charge=3&value=R.KYDEVLHMVR.N,COPA,5.070e+7,3.112,0.003,2.573,0.000
18331,3,"  2.583","  0.391",13/40,/core/www/modules//sdig/index.php?run_id=110202&search_id=114132&scans_id=110198&peptide_id=9647&scanf=18331&charge=3&value=13/40,sp|O94776|MTA2_HUMAN,/core/www/modules//consensus/?run_id=110202&search_id=114132&scans_id=110198&peptide_id=9647&scanf=18331&charge=3&value=sp|O94776|MTA2_HUMAN,0,/core/www/modules/match_peptides/blast_html4.php?run_id=110202&search_id=114132&scans_id=110198&peptide_id=9647&scanf=18331&charge=3&value=0,K.DLVAQAPLKPK.T,/core/www/modules/show_out/show_out_wrapper.php?run_id=110202&search_id=114132&scans_id=110198&peptide_id=9647&scanf=18331&charge=3&value=K.DLVAQAPLKPK.T,MTA2,1.499e+7,2.996,0.004,2.402,0.000
18332,2,"  3.505","  0.712",19/24,/core/www/modules//sdig/index.php?run_id=110202&search_id=114132&scans_id=110198&peptide_id=9648&scanf=18332&charge=2&value=19/24,sp|O75533|SF3B1_HUMAN,/core/www/modules//consensus/?run_id=110202&search_id=114132&scans_id=110198&peptide_id=9648&scanf=18332&charge=2&value=sp|O75533|SF3B1_HUMAN,0,/core/www/modules/match_peptides/blast_html4.php?run_id=110202&search_id=114132&scans_id=110198&peptide_id=9648&scanf=18332&charge=2&value=0,R.IVDDLKDEAEQYR.K,/core/www/modules/show_out/show_out_wrapper.php?run_id=110202&search_id=114132&scans_id=110198&peptide_id=9648&scanf=18332&charge=2&value=R.IVDDLKDEAEQYR.K,SF3B1,1.195e+7,4.143,0.000,4.101,0.000
18333,2,"  1.493","  0.125",6/12,/core/www/modules//sdig/index.php?run_id=110202&search_id=114132&scans_id=110198&peptide_id=9649&scanf=18333&charge=2&value=6/12,sp|Q99558|M3K14_HUMAN,/core/www/modules//consensus/?run_id=110202&search_id=114132&scans_id=110198&peptide_id=9649&scanf=18333&charge=2&value=sp|Q99558|M3K14_HUMAN,1,/core/www/modules/match_peptides/blast_html4.php?run_id=110202&search_id=114132&scans_id=110198&peptide_id=9649&scanf=18333&charge=2&value=1,R.ILHGDVK.A,/core/www/modules/show_out/show_out_wrapper.php?run_id=110202&search_id=114132&scans_id=110198&peptide_id=9649&scanf=18333&charge=2&value=R.ILHGDVK.A,MAP3K14,1.164e+7,1.868,0.158,0.802,0.008
18335,2,"  1.165","  0.049",7/12,/core/www/modules//sdig/index.php?run_id=110202&search_id=114132&scans_id=110198&peptide_id=9651&scanf=18335&charge=2&value=7/12,sp|Q14204|DYHC1_HUMAN,/core/www/modules//consensus/?run_id=110202&search_id=114132&scans_id=110198&peptide_id=9651&scanf=18335&charge=2&value=sp|Q14204|DYHC1_HUMAN,29,/core/www/modules/match_peptides/blast_html4.php?run_id=110202&search_id=114132&scans_id=110198&peptide_id=9651&scanf=18335&charge=2&value=29,K.LDMEIER.I,/core/www/modules/show_out/show_out_wrapper.php?run_id=110202&search_id=114132&scans_id=110198&peptide_id=9651&scanf=18335&charge=2&value=K.LDMEIER.I,DYNC1H1,9.711e+6,2.058,0.089,1.049,0.004
18336,2,"  3.851","  0.717",16/26,/core/www/modules//sdig/index.php?run_id=110202&search_id=114132&scans_id=110198&peptide_id=9652&scanf=18336&charge=2&value=16/26,sp|O43148|MCES_HUMAN,/core/www/modules//consensus/?run_id=110202&search_id=114132&scans_id=110198&peptide_id=9652&scanf=18336&charge=2&value=sp|O43148|MCES_HUMAN,1,/core/www/modules/match_peptides/blast_html4.php?run_id=110202&search_id=114132&scans_id=110198&peptide_id=9652&scanf=18336&charge=2&value=1,R.MQALEPYPANESSK.L,/core/www/modules/show_out/show_out_wrapper.php?run_id=110202&search_id=114132&scans_id=110198&peptide_id=9652&scanf=18336&charge=2&value=R.MQALEPYPANESSK.L,RNMT,1.030e+7,3.908,0.000,3.752,0.000
18338,2,"  1.951","  0.409",11/18,/core/www/modules//sdig/index.php?run_id=110202&search_id=114132&scans_id=110198&peptide_id=9653&scanf=18338&charge=2&value=11/18,sp|O75643|U520_HUMAN,/core/www/modules//consensus/?run_id=110202&search_id=114132&scans_id=110198&peptide_id=9653&scanf=18338&charge=2&value=sp|O75643|U520_HUMAN,0,/core/www/modules/match_peptides/blast_html4.php?run_id=110202&search_id=114132&scans_id=110198&peptide_id=9653&scanf=18338&charge=2&value=0,K.GNIIISTPEK.W,/core/www/modules/show_out/show_out_wrapper.php?run_id=110202&search_id=114132&scans_id=110198&peptide_id=9653&scanf=18338&charge=2&value=K.GNIIISTPEK.W,SNRNP200,7.947e+7,3.174,0.002,2.666,0.000
18340,3,"  3.359","  0.622",20/48,/core/www/modules//sdig/index.php?run_id=110202&search_id=114132&scans_id=110198&peptide_id=9656&scanf=18340&charge=3&value=20/48,sp|O75533|SF3B1_HUMAN,/core/www/modules//consensus/?run_id=110202&search_id=114132&scans_id=110198&peptide_id=9656&scanf=18340&charge=3&value=sp|O75533|SF3B1_HUMAN,0,/core/www/modules/match_peptides/blast_html4.php?run_id=110202&search_id=114132&scans_id=110198&peptide_id=9656&scanf=18340&charge=3&value=0,K.IMGNLGAADIDHK.L,/core/www/modules/show_out/show_out_wrapper.php?run_id=110202&search_id=114132&scans_id=110198&peptide_id=9656&scanf=18340&charge=3&value=K.IMGNLGAADIDHK.L,SF3B1,7.718e+7,3.984,0.000,3.866,0.000
18341,2,"  3.961","  0.656",18/28,/core/www/modules//sdig/index.php?run_id=110202&search_id=114132&scans_id=110198&peptide_id=9657&scanf=18341&charge=2&value=18/28,sp|P50990|TCPQ_HUMAN,/core/www/modules//consensus/?run_id=110202&search_id=114132&scans_id=110198&peptide_id=9657&scanf=18341&charge=2&value=sp|P50990|TCPQ_HUMAN,1,/core/www/modules/match_peptides/blast_html4.php?run_id=110202&search_id=114132&scans_id=110198&peptide_id=9657&scanf=18341&charge=2&value=1,K.AIADTGANVVVTGGK.V,/core/www/modules/show_out/show_out_wrapper.php?run_id=110202&search_id=114132&scans_id=110198&peptide_id=9657&scanf=18341&charge=2&value=K.AIADTGANVVVTGGK.V,CCT8,4.044e+7,3.825,0.000,3.630,0.000
18342,2,"  2.952","  0.729",15/26,/core/www/modules//sdig/index.php?run_id=110202&search_id=114132&scans_id=110198&peptide_id=9658&scanf=18342&charge=2&value=15/26,sp|P08670|VIME_HUMAN,/core/www/modules//consensus/?run_id=110202&search_id=114132&scans_id=110198&peptide_id=9658&scanf=18342&charge=2&value=sp|P08670|VIME_HUMAN,3,/core/www/modules/match_peptides/blast_html4.php?run_id=110202&search_id=114132&scans_id=110198&peptide_id=9658&scanf=18342&charge=2&value=3,R.SLYASSPGGVYATR.S,/core/www/modules/show_out/show_out_wrapper.php?run_id=110202&search_id=114132&scans_id=110198&peptide_id=9658&scanf=18342&charge=2&value=R.SLYASSPGGVYATR.S,VIM,8.644e+8,4.317,0.000,4.359,0.000
18345,3,"  4.315","  0.533",15/56,/core/www/modules//sdig/index.php?run_id=110202&search_id=114132&scans_id=110198&peptide_id=9661&scanf=18345&charge=3&value=15/56,sp|P11310|ACADM_HUMAN,/core/www/modules//consensus/?run_id=110202&search_id=114132&scans_id=110198&peptide_id=9661&scanf=18345&charge=3&value=sp|P11310|ACADM_HUMAN,5,/core/www/modules/match_peptides/blast_html4.php?run_id=110202&search_id=114132&scans_id=110198&peptide_id=9661&scanf=18345&charge=3&value=5,K.TRPVVAAGAVGLAQR.A,/core/www/modules/show_out/show_out_wrapper.php?run_id=110202&search_id=114132&scans_id=110198&peptide_id=9661&scanf=18345&charge=3&value=K.TRPVVAAGAVGLAQR.A,ACADM,1.723e+7,3.125,0.003,2.592,0.000
18346,3,"  2.745","  0.589",16/32,/core/www/modules//sdig/index.php?run_id=110202&search_id=114132&scans_id=110198&peptide_id=9662&scanf=18346&charge=3&value=16/32,sp|Q29RF7|PDS5A_HUMAN,/core/www/modules//consensus/?run_id=110202&search_id=114132&scans_id=110198&peptide_id=9662&scanf=18346&charge=3&value=sp|Q29RF7|PDS5A_HUMAN,0,/core/www/modules/match_peptides/blast_html4.php?run_id=110202&search_id=114132&scans_id=110198&peptide_id=9662&scanf=18346&charge=3&value=0,R.FNDIHVPVR.L,/core/www/modules/show_out/show_out_wrapper.php?run_id=110202&search_id=114132&scans_id=110198&peptide_id=9662&scanf=18346&charge=3&value=R.FNDIHVPVR.L,PDS5A,6.667e+7,3.987,0.000,3.870,0.000
18347,2,"  4.020","  0.618",17/22,/core/www/modules//sdig/index.php?run_id=110202&search_id=114132&scans_id=110198&peptide_id=9663&scanf=18347&charge=2&value=17/22,sp|Q92620|PRP16_HUMAN,/core/www/modules//consensus/?run_id=110202&search_id=114132&scans_id=110198&peptide_id=9663&scanf=18347&charge=2&value=sp|Q92620|PRP16_HUMAN,1,/core/www/modules/match_peptides/blast_html4.php?run_id=110202&search_id=114132&scans_id=110198&peptide_id=9663&scanf=18347&charge=2&value=1,K.TPQEDYVEAAVK.Q,/core/www/modules/show_out/show_out_wrapper.php?run_id=110202&search_id=114132&scans_id=110198&peptide_id=9663&scanf=18347&charge=2&value=K.TPQEDYVEAAVK.Q,DHX38,2.479e+7,3.935,0.000,3.793,0.000
18348,4,"  4.518","  0.466",19/102,/core/www/modules//sdig/index.php?run_id=110202&search_id=114132&scans_id=110198&peptide_id=9664&scanf=18348&charge=4&value=19/102,sp|O75533|SF3B1_HUMAN,/core/www/modules//consensus/?run_id=110202&search_id=114132&scans_id=110198&peptide_id=9664&scanf=18348&charge=4&value=sp|O75533|SF3B1_HUMAN,0,/core/www/modules/match_peptides/blast_html4.php?run_id=110202&search_id=114132&scans_id=110198&peptide_id=9664&scanf=18348&charge=4&value=0,K.KLSSWDQAETPGHTPSLR.W,/core/www/modules/show_out/show_out_wrapper.php?run_id=110202&search_id=114132&scans_id=110198&peptide_id=9664&scanf=18348&charge=4&value=K.KLSSWDQAETPGHTPSLR.W,SF3B1,1.325e+7,3.197,0.002,2.699,0.000
18351,3,"  4.100","  0.583",19/68,/core/www/modules//sdig/index.php?run_id=110202&search_id=114132&scans_id=110198&peptide_id=9668&scanf=18351&charge=3&value=19/68,sp|Q8WWQ0|PHIP_HUMAN,/core/www/modules//consensus/?run_id=110202&search_id=114132&scans_id=110198&peptide_id=9668&scanf=18351&charge=3&value=sp|Q8WWQ0|PHIP_HUMAN,4,/core/www/modules/match_peptides/blast_html4.php?run_id=110202&search_id=114132&scans_id=110198&peptide_id=9668&scanf=18351&charge=3&value=4,R.GSISSTSEVHSPPNVGLR.R,/core/www/modules/show_out/show_out_wrapper.php?run_id=110202&search_id=114132&scans_id=110198&peptide_id=9668&scanf=18351&charge=3&value=R.GSISSTSEVHSPPNVGLR.R,PHIP,1.389e+7,3.362,0.001,2.943,0.000
18354,2,"  3.194","  0.514",15/26,/core/www/modules//sdig/index.php?run_id=110202&search_id=114132&scans_id=110198&peptide_id=9671&scanf=18354&charge=2&value=15/26,sp|Q49A26|GLYR1_HUMAN,/core/www/modules//consensus/?run_id=110202&search_id=114132&scans_id=110198&peptide_id=9671&scanf=18354&charge=2&value=sp|Q49A26|GLYR1_HUMAN,1,/core/www/modules/match_peptides/blast_html4.php?run_id=110202&search_id=114132&scans_id=110198&peptide_id=9671&scanf=18354&charge=2&value=1,K.ALDQSDNDMSAVYR.A,/core/www/modules/show_out/show_out_wrapper.php?run_id=110202&search_id=114132&scans_id=110198&peptide_id=9671&scanf=18354&charge=2&value=K.ALDQSDNDMSAVYR.A,GLYR1,1.028e+7,3.170,0.002,2.660,0.000
18355,2,"  2.546","  0.414",10/18,/core/www/modules//sdig/index.php?run_id=110202&search_id=114132&scans_id=110198&peptide_id=9672&scanf=18355&charge=2&value=10/18,sp|Q14683|SMC1A_HUMAN,/core/www/modules//consensus/?run_id=110202&search_id=114132&scans_id=110198&peptide_id=9672&scanf=18355&charge=2&value=sp|Q14683|SMC1A_HUMAN,1,/core/www/modules/match_peptides/blast_html4.php?run_id=110202&search_id=114132&scans_id=110198&peptide_id=9672&scanf=18355&charge=2&value=1,R.DLTLEENQVK.K,/core/www/modules/show_out/show_out_wrapper.php?run_id=110202&search_id=114132&scans_id=110198&peptide_id=9672&scanf=18355&charge=2&value=R.DLTLEENQVK.K,SMC1A,2.763e+7,2.981,0.004,2.380,0.000
18356,2,"  2.454","  0.443",11/24,/core/www/modules//sdig/index.php?run_id=110202&search_id=114132&scans_id=110198&peptide_id=9673&scanf=18356&charge=2&value=11/24,sp|Q8TC12|RDH11_HUMAN,/core/www/modules//consensus/?run_id=110202&search_id=114132&scans_id=110198&peptide_id=9673&scanf=18356&charge=2&value=sp|Q8TC12|RDH11_HUMAN,2,/core/www/modules/match_peptides/blast_html4.php?run_id=110202&search_id=114132&scans_id=110198&peptide_id=9673&scanf=18356&charge=2&value=2,K.VVVVTGANTGIGK.E,/core/www/modules/show_out/show_out_wrapper.php?run_id=110202&search_id=114132&scans_id=110198&peptide_id=9673&scanf=18356&charge=2&value=K.VVVVTGANTGIGK.E,RDH11,9.297e+6,2.706,0.011,1.974,0.000
18357,4,"  4.158","  0.452",21/132,/core/www/modules//sdig/index.php?run_id=110202&search_id=114132&scans_id=110198&peptide_id=9674&scanf=18357&charge=4&value=21/132,sp|Q14152|EIF3A_HUMAN,/core/www/modules//consensus/?run_id=110202&search_id=114132&scans_id=110198&peptide_id=9674&scanf=18357&charge=4&value=sp|Q14152|EIF3A_HUMAN,0,/core/www/modules/match_peptides/blast_html4.php?run_id=110202&search_id=114132&scans_id=110198&peptide_id=9674&scanf=18357&charge=4&value=0,R.HHNQSTAINLNNPESQSMHLETR.L,/core/www/modules/show_out/show_out_wrapper.php?run_id=110202&search_id=114132&scans_id=110198&peptide_id=9674&scanf=18357&charge=4&value=R.HHNQSTAINLNNPESQSMHLETR.L,EIF3A,8.973e+6,3.065,0.003,2.503,0.000
18359,3,"  3.819","  0.617",18/40,/core/www/modules//sdig/index.php?run_id=110202&search_id=114132&scans_id=110198&peptide_id=9675&scanf=18359&charge=3&value=18/40,sp|P60709|ACTB_HUMAN,/core/www/modules//consensus/?run_id=110202&search_id=114132&scans_id=110198&peptide_id=9675&scanf=18359&charge=3&value=sp|P60709|ACTB_HUMAN,25,/core/www/modules/match_peptides/blast_html4.php?run_id=110202&search_id=114132&scans_id=110198&peptide_id=9675&scanf=18359&charge=3&value=25,K.IWHHTFYNELR.V,/core/www/modules/show_out/show_out_wrapper.php?run_id=110202&search_id=114132&scans_id=110198&peptide_id=9675&scanf=18359&charge=3&value=K.IWHHTFYNELR.V,ACTB,9.991e+8,4.449,0.000,4.556,0.000
18360,2,"  2.693","  0.480",11/18,/core/www/modules//sdig/index.php?run_id=110202&search_id=114132&scans_id=110198&peptide_id=9677&scanf=18360&charge=2&value=11/18,sp|Q9NPJ3|ACO13_HUMAN,/core/www/modules//consensus/?run_id=110202&search_id=114132&scans_id=110198&peptide_id=9677&scanf=18360&charge=2&value=sp|Q9NPJ3|ACO13_HUMAN,0,/core/www/modules/match_peptides/blast_html4.php?run_id=110202&search_id=114132&scans_id=110198&peptide_id=9677&scanf=18360&charge=2&value=0,K.ITLVSAAPGK.V,/core/www/modules/show_out/show_out_wrapper.php?run_id=110202&search_id=114132&scans_id=110198&peptide_id=9677&scanf=18360&charge=2&value=K.ITLVSAAPGK.V,ACOT13,3.229e+7,3.208,0.002,2.716,0.000
18361,2,"  1.933","  0.481",10/16,/core/www/modules//sdig/index.php?run_id=110202&search_id=114132&scans_id=110198&peptide_id=9678&scanf=18361&charge=2&value=10/16,sp|Q9Y262|EIF3L_HUMAN,/core/www/modules//consensus/?run_id=110202&search_id=114132&scans_id=110198&peptide_id=9678&scanf=18361&charge=2&value=sp|Q9Y262|EIF3L_HUMAN,2,/core/www/modules/match_peptides/blast_html4.php?run_id=110202&search_id=114132&scans_id=110198&peptide_id=9678&scanf=18361&charge=2&value=2,K.LYTTMPVAK.L,/core/www/modules/show_out/show_out_wrapper.php?run_id=110202&search_id=114132&scans_id=110198&peptide_id=9678&scanf=18361&charge=2&value=K.LYTTMPVAK.L,EIF3L,2.269e+7,3.227,0.002,2.744,0.000
18362,3,"  3.490","  0.604",15/44,/core/www/modules//sdig/index.php?run_id=110202&search_id=114132&scans_id=110198&peptide_id=9679&scanf=18362&charge=3&value=15/44,sp|P46778|RL21_HUMAN,/core/www/modules//consensus/?run_id=110202&search_id=114132&scans_id=110198&peptide_id=9679&scanf=18362&charge=3&value=sp|P46778|RL21_HUMAN,2,/core/www/modules/match_peptides/blast_html4.php?run_id=110202&search_id=114132&scans_id=110198&peptide_id=9679&scanf=18362&charge=3&value=2,R.KHGVVPLATYMR.I,/core/www/modules/show_out/show_out_wrapper.php?run_id=110202&search_id=114132&scans_id=110198&peptide_id=9679&scanf=18362&charge=3&value=R.KHGVVPLATYMR.I,RPL21,4.121e+7,3.353,0.001,2.930,0.000
18363,3,"  2.491","  0.347",12/36,/core/www/modules//sdig/index.php?run_id=110202&search_id=114132&scans_id=110198&peptide_id=9680&scanf=18363&charge=3&value=12/36,sp|Q96I24|FUBP3_HUMAN,/core/www/modules//consensus/?run_id=110202&search_id=114132&scans_id=110198&peptide_id=9680&scanf=18363&charge=3&value=sp|Q96I24|FUBP3_HUMAN,2,/core/www/modules/match_peptides/blast_html4.php?run_id=110202&search_id=114132&scans_id=110198&peptide_id=9680&scanf=18363&charge=3&value=2,K.AEGFVDALHR.V,/core/www/modules/show_out/show_out_wrapper.php?run_id=110202&search_id=114132&scans_id=110198&peptide_id=9680&scanf=18363&charge=3&value=K.AEGFVDALHR.V,FUBP3,1.778e+7,2.794,0.008,2.105,0.000
18364,2,"  2.246","  0.418",9/14,/core/www/modules//sdig/index.php?run_id=110202&search_id=114132&scans_id=110198&peptide_id=9681&scanf=18364&charge=2&value=9/14,sp|Q92616|GCN1_HUMAN,/core/www/modules//consensus/?run_id=110202&search_id=114132&scans_id=110198&peptide_id=9681&scanf=18364&charge=2&value=sp|Q92616|GCN1_HUMAN,0,/core/www/modules/match_peptides/blast_html4.php?run_id=110202&search_id=114132&scans_id=110198&peptide_id=9681&scanf=18364&charge=2&value=0,R.LMEIYQEK.L,/core/www/modules/show_out/show_out_wrapper.php?run_id=110202&search_id=114132&scans_id=110198&peptide_id=9681&scanf=18364&charge=2&value=R.LMEIYQEK.L,GCN1,1.723e+7,3.287,0.001,2.833,0.000
18365,3,"  1.959","  0.254",11/44,/core/www/modules//sdig/index.php?run_id=110202&search_id=114132&scans_id=110198&peptide_id=9682&scanf=18365&charge=3&value=11/44,sp|Q9NZN4|EHD2_HUMAN,/core/www/modules//consensus/?run_id=110202&search_id=114132&scans_id=110198&peptide_id=9682&scanf=18365&charge=3&value=sp|Q9NZN4|EHD2_HUMAN,0,/core/www/modules/match_peptides/blast_html4.php?run_id=110202&search_id=114132&scans_id=110198&peptide_id=9682&scanf=18365&charge=3&value=0,K.LEGHGLPANLPR.R,/core/www/modules/show_out/show_out_wrapper.php?run_id=110202&search_id=114132&scans_id=110198&peptide_id=9682&scanf=18365&charge=3&value=K.LEGHGLPANLPR.R,EHD2,2.563e+7,2.160,0.065,1.189,0.002
18366,3,"  3.873","  0.610",18/60,/core/www/modules//sdig/index.php?run_id=110202&search_id=114132&scans_id=110198&peptide_id=9683&scanf=18366&charge=3&value=18/60,sp|P08621|RU17_HUMAN,/core/www/modules//consensus/?run_id=110202&search_id=114132&scans_id=110198&peptide_id=9683&scanf=18366&charge=3&value=sp|P08621|RU17_HUMAN,1,/core/www/modules/match_peptides/blast_html4.php?run_id=110202&search_id=114132&scans_id=110198&peptide_id=9683&scanf=18366&charge=3&value=1,K.MWDPHNDPNAQGDAFK.T,/core/www/modules/show_out/show_out_wrapper.php?run_id=110202&search_id=114132&scans_id=110198&peptide_id=9683&scanf=18366&charge=3&value=K.MWDPHNDPNAQGDAFK.T,SNRNP70,2.193e+7,3.514,0.001,3.169,0.000
18371,4,"  4.332","  0.426",16/108,/core/www/modules//sdig/index.php?run_id=110202&search_id=114132&scans_id=110198&peptide_id=9689&scanf=18371&charge=4&value=16/108,sp|Q9GZR7|DDX24_HUMAN,/core/www/modules//consensus/?run_id=110202&search_id=114132&scans_id=110198&peptide_id=9689&scanf=18371&charge=4&value=sp|Q9GZR7|DDX24_HUMAN,3,/core/www/modules/match_peptides/blast_html4.php?run_id=110202&search_id=114132&scans_id=110198&peptide_id=9689&scanf=18371&charge=4&value=3,K.TKYPTQSGKPPLLVSAPSK.S,/core/www/modules/show_out/show_out_wrapper.php?run_id=110202&search_id=114132&scans_id=110198&peptide_id=9689&scanf=18371&charge=4&value=K.TKYPTQSGKPPLLVSAPSK.S,DDX24,1.950e+7,2.824,0.007,2.148,0.000
18372,3,"  2.768","  0.269",11/48,/core/www/modules//sdig/index.php?run_id=110202&search_id=114132&scans_id=110198&peptide_id=9690&scanf=18372&charge=3&value=11/48,sp|P78527|PRKDC_HUMAN,/core/www/modules//consensus/?run_id=110202&search_id=114132&scans_id=110198&peptide_id=9690&scanf=18372&charge=3&value=sp|P78527|PRKDC_HUMAN,1,/core/www/modules/match_peptides/blast_html4.php?run_id=110202&search_id=114132&scans_id=110198&peptide_id=9690&scanf=18372&charge=3&value=1,R.LGLPGDEVDNKVK.G,/core/www/modules/show_out/show_out_wrapper.php?run_id=110202&search_id=114132&scans_id=110198&peptide_id=9690&scanf=18372&charge=3&value=R.LGLPGDEVDNKVK.G,PRKDC,1.051e+7,2.866,0.006,2.210,0.000
18374,2,"  3.756","  0.619",16/24,/core/www/modules//sdig/index.php?run_id=110202&search_id=114132&scans_id=110198&peptide_id=9692&scanf=18374&charge=2&value=16/24,sp|Q9UQE7|SMC3_HUMAN,/core/www/modules//consensus/?run_id=110202&search_id=114132&scans_id=110198&peptide_id=9692&scanf=18374&charge=2&value=sp|Q9UQE7|SMC3_HUMAN,0,/core/www/modules/match_peptides/blast_html4.php?run_id=110202&search_id=114132&scans_id=110198&peptide_id=9692&scanf=18374&charge=2&value=0,K.DLQDELAGNSEQR.K,/core/www/modules/show_out/show_out_wrapper.php?run_id=110202&search_id=114132&scans_id=110198&peptide_id=9692&scanf=18374&charge=2&value=K.DLQDELAGNSEQR.K,SMC3,1.085e+7,3.894,0.000,3.732,0.000
18375,2,"  1.661","  0.274",12/20,/core/www/modules//sdig/index.php?run_id=110202&search_id=114132&scans_id=110198&peptide_id=9693&scanf=18375&charge=2&value=12/20,sp|O00139|KIF2A_HUMAN,/core/www/modules//consensus/?run_id=110202&search_id=114132&scans_id=110198&peptide_id=9693&scanf=18375&charge=2&value=sp|O00139|KIF2A_HUMAN,6,/core/www/modules/match_peptides/blast_html4.php?run_id=110202&search_id=114132&scans_id=110198&peptide_id=9693&scanf=18375&charge=2&value=6,K.QQVQVVGLQER.E,/core/www/modules/show_out/show_out_wrapper.php?run_id=110202&search_id=114132&scans_id=110198&peptide_id=9693&scanf=18375&charge=2&value=K.QQVQVVGLQER.E,KIF2A,9.767e+6,2.432,0.027,1.576,0.001
18376,2,"  3.305","  0.426",13/24,/core/www/modules//sdig/index.php?run_id=110202&search_id=114132&scans_id=110198&peptide_id=9694&scanf=18376&charge=2&value=13/24,sp|P35579|MYH9_HUMAN,/core/www/modules//consensus/?run_id=110202&search_id=114132&scans_id=110198&peptide_id=9694&scanf=18376&charge=2&value=sp|P35579|MYH9_HUMAN,1,/core/www/modules/match_peptides/blast_html4.php?run_id=110202&search_id=114132&scans_id=110198&peptide_id=9694&scanf=18376&charge=2&value=1,K.QIATLHAQVADMK.K,/core/www/modules/show_out/show_out_wrapper.php?run_id=110202&search_id=114132&scans_id=110198&peptide_id=9694&scanf=18376&charge=2&value=K.QIATLHAQVADMK.K,MYH9,9.463e+6,3.028,0.004,2.450,0.000
18382,3,"  2.127","  0.503",13/40,/core/www/modules//sdig/index.php?run_id=110202&search_id=114132&scans_id=110198&peptide_id=9700&scanf=18382&charge=3&value=13/40,sp|P13010|XRCC5_HUMAN,/core/www/modules//consensus/?run_id=110202&search_id=114132&scans_id=110198&peptide_id=9700&scanf=18382&charge=3&value=sp|P13010|XRCC5_HUMAN,0,/core/www/modules/match_peptides/blast_html4.php?run_id=110202&search_id=114132&scans_id=110198&peptide_id=9700&scanf=18382&charge=3&value=0,R.LGGHGPSFPLK.G,/core/www/modules/show_out/show_out_wrapper.php?run_id=110202&search_id=114132&scans_id=110198&peptide_id=9700&scanf=18382&charge=3&value=R.LGGHGPSFPLK.G,XRCC5,4.709e+8,3.378,0.001,2.967,0.000
18385,2,"  3.247","  0.532",11/22,/core/www/modules//sdig/index.php?run_id=110202&search_id=114132&scans_id=110198&peptide_id=9703&scanf=18385&charge=2&value=11/22,sp|Q12931|TRAP1_HUMAN,/core/www/modules//consensus/?run_id=110202&search_id=114132&scans_id=110198&peptide_id=9703&scanf=18385&charge=2&value=sp|Q12931|TRAP1_HUMAN,1,/core/www/modules/match_peptides/blast_html4.php?run_id=110202&search_id=114132&scans_id=110198&peptide_id=9703&scanf=18385&charge=2&value=1,R.EGIVTATEQEVK.E,/core/www/modules/show_out/show_out_wrapper.php?run_id=110202&search_id=114132&scans_id=110198&peptide_id=9703&scanf=18385&charge=2&value=R.EGIVTATEQEVK.E,TRAP1,1.846e+7,3.218,0.002,2.730,0.000
18386,2,"  2.061","  0.383",12/18,/core/www/modules//sdig/index.php?run_id=110202&search_id=114132&scans_id=110198&peptide_id=9704&scanf=18386&charge=2&value=12/18,sp|Q93009|UBP7_HUMAN,/core/www/modules//consensus/?run_id=110202&search_id=114132&scans_id=110198&peptide_id=9704&scanf=18386&charge=2&value=sp|Q93009|UBP7_HUMAN,2,/core/www/modules/match_peptides/blast_html4.php?run_id=110202&search_id=114132&scans_id=110198&peptide_id=9704&scanf=18386&charge=2&value=2,R.IQDYDVSLDK.A,/core/www/modules/show_out/show_out_wrapper.php?run_id=110202&search_id=114132&scans_id=110198&peptide_id=9704&scanf=18386&charge=2&value=R.IQDYDVSLDK.A,USP7,2.070e+7,2.929,0.005,2.303,0.000
18391,2,"  2.172","  0.372",10/18,/core/www/modules//sdig/index.php?run_id=110202&search_id=114132&scans_id=110198&peptide_id=9710&scanf=18391&charge=2&value=10/18,sp|O75369|FLNB_HUMAN,/core/www/modules//consensus/?run_id=110202&search_id=114132&scans_id=110198&peptide_id=9710&scanf=18391&charge=2&value=sp|O75369|FLNB_HUMAN,10,/core/www/modules/match_peptides/blast_html4.php?run_id=110202&search_id=114132&scans_id=110198&peptide_id=9710&scanf=18391&charge=2&value=10,K.DLAEDAPWKK.I,/core/www/modules/show_out/show_out_wrapper.php?run_id=110202&search_id=114132&scans_id=110198&peptide_id=9710&scanf=18391&charge=2&value=K.DLAEDAPWKK.I,FLNB,1.243e+7,2.639,0.013,1.877,0.000
18392,3,"  2.981","  0.404",11/52,/core/www/modules//sdig/index.php?run_id=110202&search_id=114132&scans_id=110198&peptide_id=9711&scanf=18392&charge=3&value=11/52,sp|Q13823|NOG2_HUMAN,/core/www/modules//consensus/?run_id=110202&search_id=114132&scans_id=110198&peptide_id=9711&scanf=18392&charge=3&value=sp|Q13823|NOG2_HUMAN,0,/core/www/modules/match_peptides/blast_html4.php?run_id=110202&search_id=114132&scans_id=110198&peptide_id=9711&scanf=18392&charge=3&value=0,K.IKSPEDHIGAVLER.A,/core/www/modules/show_out/show_out_wrapper.php?run_id=110202&search_id=114132&scans_id=110198&peptide_id=9711&scanf=18392&charge=3&value=K.IKSPEDHIGAVLER.A,GNL2,1.098e+7,2.438,0.026,1.584,0.001
18393,2,"  2.936","  0.375",10/18,/core/www/modules//sdig/index.php?run_id=110202&search_id=114132&scans_id=110198&peptide_id=9712&scanf=18393&charge=2&value=10/18,sp|O43242|PSMD3_HUMAN,/core/www/modules//consensus/?run_id=110202&search_id=114132&scans_id=110198&peptide_id=9712&scanf=18393&charge=2&value=sp|O43242|PSMD3_HUMAN,0,/core/www/modules/match_peptides/blast_html4.php?run_id=110202&search_id=114132&scans_id=110198&peptide_id=9712&scanf=18393&charge=2&value=0,K.AIQLEYSEAR.R,/core/www/modules/show_out/show_out_wrapper.php?run_id=110202&search_id=114132&scans_id=110198&peptide_id=9712&scanf=18393&charge=2&value=K.AIQLEYSEAR.R,PSMD3,3.570e+7,2.757,0.009,2.050,0.000
18395,2,"  4.453","  0.662",16/22,/core/www/modules//sdig/index.php?run_id=110202&search_id=114132&scans_id=110198&peptide_id=9714&scanf=18395&charge=2&value=16/22,sp|Q9UHX1|PUF60_HUMAN,/core/www/modules//consensus/?run_id=110202&search_id=114132&scans_id=110198&peptide_id=9714&scanf=18395&charge=2&value=sp|Q9UHX1|PUF60_HUMAN,4,/core/www/modules/match_peptides/blast_html4.php?run_id=110202&search_id=114132&scans_id=110198&peptide_id=9714&scanf=18395&charge=2&value=4,K.QGEEEDAEIIVK.I,/core/www/modules/show_out/show_out_wrapper.php?run_id=110202&search_id=114132&scans_id=110198&peptide_id=9714&scanf=18395&charge=2&value=K.QGEEEDAEIIVK.I,PUF60,1.713e+7,4.028,0.000,3.931,0.000
18397,3,"  4.005","  0.472",14/60,/core/www/modules//sdig/index.php?run_id=110202&search_id=114132&scans_id=110198&peptide_id=9716&scanf=18397&charge=3&value=14/60,sp|Q96T88|UHRF1_HUMAN,/core/www/modules//consensus/?run_id=110202&search_id=114132&scans_id=110198&peptide_id=9716&scanf=18397&charge=3&value=sp|Q96T88|UHRF1_HUMAN,2,/core/www/modules/match_peptides/blast_html4.php?run_id=110202&search_id=114132&scans_id=110198&peptide_id=9716&scanf=18397&charge=3&value=2,K.IERPGEGSPMVDNPMR.R,/core/www/modules/show_out/show_out_wrapper.php?run_id=110202&search_id=114132&scans_id=110198&peptide_id=9716&scanf=18397&charge=3&value=K.IERPGEGSPMVDNPMR.R,UHRF1,1.931e+7,2.983,0.004,2.382,0.000
18401,2,"  1.704","  0.169",9/16,/core/www/modules//sdig/index.php?run_id=110202&search_id=114132&scans_id=110198&peptide_id=9720&scanf=18401&charge=2&value=9/16,sp|P06733|ENOA_HUMAN,/core/www/modules//consensus/?run_id=110202&search_id=114132&scans_id=110198&peptide_id=9720&scanf=18401&charge=2&value=sp|P06733|ENOA_HUMAN,5,/core/www/modules/match_peptides/blast_html4.php?run_id=110202&search_id=114132&scans_id=110198&peptide_id=9720&scanf=18401&charge=2&value=5,K.TIAPALVSK.K,/core/www/modules/show_out/show_out_wrapper.php?run_id=110202&search_id=114132&scans_id=110198&peptide_id=9720&scanf=18401&charge=2&value=K.TIAPALVSK.K,ENO1,6.851e+7,2.123,0.073,1.139,0.002
18402,3,"  3.796","  0.746",22/60,/core/www/modules//sdig/index.php?run_id=110202&search_id=114132&scans_id=110198&peptide_id=9721&scanf=18402&charge=3&value=22/60,sp|P38919|IF4A3_HUMAN,/core/www/modules//consensus/?run_id=110202&search_id=114132&scans_id=110198&peptide_id=9721&scanf=18402&charge=3&value=sp|P38919|IF4A3_HUMAN,1,/core/www/modules/match_peptides/blast_html4.php?run_id=110202&search_id=114132&scans_id=110198&peptide_id=9721&scanf=18402&charge=3&value=1,R.EANFTVSSMHGDMPQK.E,/core/www/modules/show_out/show_out_wrapper.php?run_id=110202&search_id=114132&scans_id=110198&peptide_id=9721&scanf=18402&charge=3&value=R.EANFTVSSMHGDMPQK.E,EIF4A3,1.156e+8,4.101,0.000,4.040,0.000
18403,3,"  1.800","  0.246",9/40,/core/www/modules//sdig/index.php?run_id=110202&search_id=114132&scans_id=110198&peptide_id=9722&scanf=18403&charge=3&value=9/40,sp|Q14315|FLNC_HUMAN,/core/www/modules//consensus/?run_id=110202&search_id=114132&scans_id=110198&peptide_id=9722&scanf=18403&charge=3&value=sp|Q14315|FLNC_HUMAN,0,/core/www/modules/match_peptides/blast_html4.php?run_id=110202&search_id=114132&scans_id=110198&peptide_id=9722&scanf=18403&charge=3&value=0,K.ATIRPVFDPSK.V,/core/www/modules/show_out/show_out_wrapper.php?run_id=110202&search_id=114132&scans_id=110198&peptide_id=9722&scanf=18403&charge=3&value=K.ATIRPVFDPSK.V,FLNC,3.684e+7,2.371,0.032,1.489,0.001
18406,2,"  2.528","  0.495",10/18,/core/www/modules//sdig/index.php?run_id=110202&search_id=114132&scans_id=110198&peptide_id=9725&scanf=18406&charge=2&value=10/18,sp|Q1KMD3|HNRL2_HUMAN,/core/www/modules//consensus/?run_id=110202&search_id=114132&scans_id=110198&peptide_id=9725&scanf=18406&charge=2&value=sp|Q1KMD3|HNRL2_HUMAN,1,/core/www/modules/match_peptides/blast_html4.php?run_id=110202&search_id=114132&scans_id=110198&peptide_id=9725&scanf=18406&charge=2&value=1,R.YGGQPLFSEK.F,/core/www/modules/show_out/show_out_wrapper.php?run_id=110202&search_id=114132&scans_id=110198&peptide_id=9725&scanf=18406&charge=2&value=R.YGGQPLFSEK.F,HNRNPUL2,2.598e+7,3.154,0.002,2.636,0.000
18407,2,"  3.077","  0.607",12/18,/core/www/modules//sdig/index.php?run_id=110202&search_id=114132&scans_id=110198&peptide_id=9726&scanf=18407&charge=2&value=12/18,sp|Q16576|RBBP7_HUMAN,/core/www/modules//consensus/?run_id=110202&search_id=114132&scans_id=110198&peptide_id=9726&scanf=18407&charge=2&value=sp|Q16576|RBBP7_HUMAN,1,/core/www/modules/match_peptides/blast_html4.php?run_id=110202&search_id=114132&scans_id=110198&peptide_id=9726&scanf=18407&charge=2&value=1,K.EMFEDTVEER.V,/core/www/modules/show_out/show_out_wrapper.php?run_id=110202&search_id=114132&scans_id=110198&peptide_id=9726&scanf=18407&charge=2&value=K.EMFEDTVEER.V,RBBP7,3.732e+7,3.748,0.000,3.516,0.000
18408,2,"  2.248","  0.365",11/14,/core/www/modules//sdig/index.php?run_id=110202&search_id=114132&scans_id=110198&peptide_id=9727&scanf=18408&charge=2&value=11/14,sp|P39023|RL3_HUMAN,/core/www/modules//consensus/?run_id=110202&search_id=114132&scans_id=110198&peptide_id=9727&scanf=18408&charge=2&value=sp|P39023|RL3_HUMAN,2,/core/www/modules/match_peptides/blast_html4.php?run_id=110202&search_id=114132&scans_id=110198&peptide_id=9727&scanf=18408&charge=2&value=2,K.IGQGYLIK.D,/core/www/modules/show_out/show_out_wrapper.php?run_id=110202&search_id=114132&scans_id=110198&peptide_id=9727&scanf=18408&charge=2&value=K.IGQGYLIK.D,RPL3,5.884e+8,3.198,0.002,2.701,0.000
18409,2,"  2.082","  0.178",9/14,/core/www/modules//sdig/index.php?run_id=110202&search_id=114132&scans_id=110198&peptide_id=9728&scanf=18409&charge=2&value=9/14,sp|O43242|PSMD3_HUMAN,/core/www/modules//consensus/?run_id=110202&search_id=114132&scans_id=110198&peptide_id=9728&scanf=18409&charge=2&value=sp|O43242|PSMD3_HUMAN,1,/core/www/modules/match_peptides/blast_html4.php?run_id=110202&search_id=114132&scans_id=110198&peptide_id=9728&scanf=18409&charge=2&value=1,R.ALDLVAAK.C,/core/www/modules/show_out/show_out_wrapper.php?run_id=110202&search_id=114132&scans_id=110198&peptide_id=9728&scanf=18409&charge=2&value=R.ALDLVAAK.C,PSMD3,3.401e+7,2.323,0.038,1.419,0.001
18411,3,"  4.629","  0.274",16/68,/core/www/modules//sdig/index.php?run_id=110202&search_id=114132&scans_id=110198&peptide_id=9731&scanf=18411&charge=3&value=16/68,sp|P14866|HNRPL_HUMAN,/core/www/modules//consensus/?run_id=110202&search_id=114132&scans_id=110198&peptide_id=9731&scanf=18411&charge=3&value=sp|P14866|HNRPL_HUMAN,3,/core/www/modules/match_peptides/blast_html4.php?run_id=110202&search_id=114132&scans_id=110198&peptide_id=9731&scanf=18411&charge=3&value=3,K.SKPGAAMVEM*ADGYAVDR.A,/core/www/modules/show_out/show_out_wrapper.php?run_id=110202&search_id=114132&scans_id=110198&peptide_id=9731&scanf=18411&charge=3&value=K.SKPGAAMVEM*ADGYAVDR.A,HNRNPL,2.215e+7,3.426,0.001,3.039,0.000
18413,2,"  2.906","  0.559",10/18,/core/www/modules//sdig/index.php?run_id=110202&search_id=114132&scans_id=110198&peptide_id=9733&scanf=18413&charge=2&value=10/18,sp|O00159|MYO1C_HUMAN,/core/www/modules//consensus/?run_id=110202&search_id=114132&scans_id=110198&peptide_id=9733&scanf=18413&charge=2&value=sp|O00159|MYO1C_HUMAN,2,/core/www/modules/match_peptides/blast_html4.php?run_id=110202&search_id=114132&scans_id=110198&peptide_id=9733&scanf=18413&charge=2&value=2,R.VTMESALTAR.D,/core/www/modules/show_out/show_out_wrapper.php?run_id=110202&search_id=114132&scans_id=110198&peptide_id=9733&scanf=18413&charge=2&value=R.VTMESALTAR.D,MYO1C,2.499e+7,3.454,0.001,3.080,0.000
18416,3,"  4.157","  0.604",16/44,/core/www/modules//sdig/index.php?run_id=110202&search_id=114132&scans_id=110198&peptide_id=9736&scanf=18416&charge=3&value=16/44,sp|Q92804|RBP56_HUMAN,/core/www/modules//consensus/?run_id=110202&search_id=114132&scans_id=110198&peptide_id=9736&scanf=18416&charge=3&value=sp|Q92804|RBP56_HUMAN,1,/core/www/modules/match_peptides/blast_html4.php?run_id=110202&search_id=114132&scans_id=110198&peptide_id=9736&scanf=18416&charge=3&value=1,K.TGKPMINLYTDK.D,/core/www/modules/show_out/show_out_wrapper.php?run_id=110202&search_id=114132&scans_id=110198&peptide_id=9736&scanf=18416&charge=3&value=K.TGKPMINLYTDK.D,TAF15,1.038e+8,3.715,0.000,3.467,0.000
18420,2,"  2.275","  0.240",10/22,/core/www/modules//sdig/index.php?run_id=110202&search_id=114132&scans_id=110198&peptide_id=9740&scanf=18420&charge=2&value=10/22,sp|Q12931|TRAP1_HUMAN,/core/www/modules//consensus/?run_id=110202&search_id=114132&scans_id=110198&peptide_id=9740&scanf=18420&charge=2&value=sp|Q12931|TRAP1_HUMAN,1,/core/www/modules/match_peptides/blast_html4.php?run_id=110202&search_id=114132&scans_id=110198&peptide_id=9740&scanf=18420&charge=2&value=1,R.EGIVTATEQEVK.E,/core/www/modules/show_out/show_out_wrapper.php?run_id=110202&search_id=114132&scans_id=110198&peptide_id=9740&scanf=18420&charge=2&value=R.EGIVTATEQEVK.E,TRAP1,1.846e+7,2.136,0.070,1.157,0.002
18422,2,"  2.250","  0.302",10/18,/core/www/modules//sdig/index.php?run_id=110202&search_id=114132&scans_id=110198&peptide_id=9741&scanf=18422&charge=2&value=10/18,sp|A6NHR9|SMHD1_HUMAN,/core/www/modules//consensus/?run_id=110202&search_id=114132&scans_id=110198&peptide_id=9741&scanf=18422&charge=2&value=sp|A6NHR9|SMHD1_HUMAN,4,/core/www/modules/match_peptides/blast_html4.php?run_id=110202&search_id=114132&scans_id=110198&peptide_id=9741&scanf=18422&charge=2&value=4,R.VQLISGPPAK.L,/core/www/modules/show_out/show_out_wrapper.php?run_id=110202&search_id=114132&scans_id=110198&peptide_id=9741&scanf=18422&charge=2&value=R.VQLISGPPAK.L,SMCHD1,8.181e+7,2.689,0.011,1.951,0.000
18423,3,"  4.521","  0.687",20/56,/core/www/modules//sdig/index.php?run_id=110202&search_id=114132&scans_id=110198&peptide_id=9742&scanf=18423&charge=3&value=20/56,sp|P11388|TOP2A_HUMAN,/core/www/modules//consensus/?run_id=110202&search_id=114132&scans_id=110198&peptide_id=9742&scanf=18423&charge=3&value=sp|P11388|TOP2A_HUMAN,5,/core/www/modules/match_peptides/blast_html4.php?run_id=110202&search_id=114132&scans_id=110198&peptide_id=9742&scanf=18423&charge=3&value=5,K.IMIMTDQDQDGSHIK.G,/core/www/modules/show_out/show_out_wrapper.php?run_id=110202&search_id=114132&scans_id=110198&peptide_id=9742&scanf=18423&charge=3&value=K.IMIMTDQDQDGSHIK.G,TOP2A,4.571e+7,4.073,0.000,3.998,0.000
18424,2,"  2.087","  0.456",10/14,/core/www/modules//sdig/index.php?run_id=110202&search_id=114132&scans_id=110198&peptide_id=9743&scanf=18424&charge=2&value=10/14,sp|Q01130|SRSF2_HUMAN,/core/www/modules//consensus/?run_id=110202&search_id=114132&scans_id=110198&peptide_id=9743&scanf=18424&charge=2&value=sp|Q01130|SRSF2_HUMAN,3,/core/www/modules/match_peptides/blast_html4.php?run_id=110202&search_id=114132&scans_id=110198&peptide_id=9743&scanf=18424&charge=2&value=3,R.VGDVYIPR.D,/core/www/modules/show_out/show_out_wrapper.php?run_id=110202&search_id=114132&scans_id=110198&peptide_id=9743&scanf=18424&charge=2&value=R.VGDVYIPR.D,SRSF2,3.068e+8,3.291,0.001,2.838,0.000
18426,3,"  3.967","  0.325",13/36,/core/www/modules//sdig/index.php?run_id=110202&search_id=114132&scans_id=110198&peptide_id=9745&scanf=18426&charge=3&value=13/36,sp|Q9Y2X0|MED16_HUMAN,/core/www/modules//consensus/?run_id=110202&search_id=114132&scans_id=110198&peptide_id=9745&scanf=18426&charge=3&value=sp|Q9Y2X0|MED16_HUMAN,3,/core/www/modules/match_peptides/blast_html4.php?run_id=110202&search_id=114132&scans_id=110198&peptide_id=9745&scanf=18426&charge=3&value=3,K.DKFPAITHLK.F,/core/www/modules/show_out/show_out_wrapper.php?run_id=110202&search_id=114132&scans_id=110198&peptide_id=9745&scanf=18426&charge=3&value=K.DKFPAITHLK.F,MED16,1.865e+7,2.572,0.017,1.779,0.000
18427,2,"  1.720","  0.510",9/16,/core/www/modules//sdig/index.php?run_id=110202&search_id=114132&scans_id=110198&peptide_id=9746&scanf=18427&charge=2&value=9/16,sp|Q14690|RRP5_HUMAN,/core/www/modules//consensus/?run_id=110202&search_id=114132&scans_id=110198&peptide_id=9746&scanf=18427&charge=2&value=sp|Q14690|RRP5_HUMAN,1,/core/www/modules/match_peptides/blast_html4.php?run_id=110202&search_id=114132&scans_id=110198&peptide_id=9746&scanf=18427&charge=2&value=1,R.VFYTGQVVK.V,/core/www/modules/show_out/show_out_wrapper.php?run_id=110202&search_id=114132&scans_id=110198&peptide_id=9746&scanf=18427&charge=2&value=R.VFYTGQVVK.V,PDCD11,3.663e+7,3.352,0.001,2.928,0.000
18428,2,"  1.929","  0.239",9/16,/core/www/modules//sdig/index.php?run_id=110202&search_id=114132&scans_id=110198&peptide_id=9747&scanf=18428&charge=2&value=9/16,sp|P40939|ECHA_HUMAN,/core/www/modules//consensus/?run_id=110202&search_id=114132&scans_id=110198&peptide_id=9747&scanf=18428&charge=2&value=sp|P40939|ECHA_HUMAN,3,/core/www/modules/match_peptides/blast_html4.php?run_id=110202&search_id=114132&scans_id=110198&peptide_id=9747&scanf=18428&charge=2&value=3,K.DATLTALDR.G,/core/www/modules/show_out/show_out_wrapper.php?run_id=110202&search_id=114132&scans_id=110198&peptide_id=9747&scanf=18428&charge=2&value=K.DATLTALDR.G,HADHA,3.608e+7,2.368,0.033,1.484,0.001
18429,2,"  1.419","  0.179",8/16,/core/www/modules//sdig/index.php?run_id=110202&search_id=114132&scans_id=110198&peptide_id=9748&scanf=18429&charge=2&value=8/16,sp|O14950|ML12B_HUMAN,/core/www/modules//consensus/?run_id=110202&search_id=114132&scans_id=110198&peptide_id=9748&scanf=18429&charge=2&value=sp|O14950|ML12B_HUMAN,3,/core/www/modules/match_peptides/blast_html4.php?run_id=110202&search_id=114132&scans_id=110198&peptide_id=9748&scanf=18429&charge=2&value=3,R.ELLTTMGDR.F,/core/www/modules/show_out/show_out_wrapper.php?run_id=110202&search_id=114132&scans_id=110198&peptide_id=9748&scanf=18429&charge=2&value=R.ELLTTMGDR.F,MYL12B,3.481e+7,1.973,0.116,0.936,0.005
18431,2,"  4.393","  0.667",16/26,/core/www/modules//sdig/index.php?run_id=110202&search_id=114132&scans_id=110198&peptide_id=9751&scanf=18431&charge=2&value=16/26,KAC4_RABIT,/core/www/modules//consensus/?run_id=110202&search_id=114132&scans_id=110198&peptide_id=9751&scanf=18431&charge=2&value=KAC4_RABIT,0,/core/www/modules/match_peptides/blast_html4.php?run_id=110202&search_id=114132&scans_id=110198&peptide_id=9751&scanf=18431&charge=2&value=0,K.VTQGTTSVVQSFNR.G,/core/www/modules/show_out/show_out_wrapper.php?run_id=110202&search_id=114132&scans_id=110198&peptide_id=9751&scanf=18431&charge=2&value=K.VTQGTTSVVQSFNR.G,,7.131e+7,3.749,0.000,3.518,0.000
18432,3,"  4.354","  0.618",19/64,/core/www/modules//sdig/index.php?run_id=110202&search_id=114132&scans_id=110198&peptide_id=9752&scanf=18432&charge=3&value=19/64,sp|P12956|XRCC6_HUMAN,/core/www/modules//consensus/?run_id=110202&search_id=114132&scans_id=110198&peptide_id=9752&scanf=18432&charge=3&value=sp|P12956|XRCC6_HUMAN,1,/core/www/modules/match_peptides/blast_html4.php?run_id=110202&search_id=114132&scans_id=110198&peptide_id=9752&scanf=18432&charge=3&value=1,R.IM*LFTNEDNPHGNDSAK.A,/core/www/modules/show_out/show_out_wrapper.php?run_id=110202&search_id=114132&scans_id=110198&peptide_id=9752&scanf=18432&charge=3&value=R.IM*LFTNEDNPHGNDSAK.A,XRCC6,1.294e+7,3.640,0.000,3.356,0.000
18435,2,"  3.578","  0.503",16/22,/core/www/modules//sdig/index.php?run_id=110202&search_id=114132&scans_id=110198&peptide_id=9755&scanf=18435&charge=2&value=16/22,sp|O75934|SPF27_HUMAN,/core/www/modules//consensus/?run_id=110202&search_id=114132&scans_id=110198&peptide_id=9755&scanf=18435&charge=2&value=sp|O75934|SPF27_HUMAN,0,/core/www/modules/match_peptides/blast_html4.php?run_id=110202&search_id=114132&scans_id=110198&peptide_id=9755&scanf=18435&charge=2&value=0,R.EAAAALVEEETR.R,/core/www/modules/show_out/show_out_wrapper.php?run_id=110202&search_id=114132&scans_id=110198&peptide_id=9755&scanf=18435&charge=2&value=R.EAAAALVEEETR.R,BCAS2,1.248e+7,3.360,0.001,2.941,0.000
18436,2,"  4.858","  0.752",20/30,/core/www/modules//sdig/index.php?run_id=110202&search_id=114132&scans_id=110198&peptide_id=9756&scanf=18436&charge=2&value=20/30,sp|Q7KZF4|SND1_HUMAN,/core/www/modules//consensus/?run_id=110202&search_id=114132&scans_id=110198&peptide_id=9756&scanf=18436&charge=2&value=sp|Q7KZF4|SND1_HUMAN,0,/core/www/modules/match_peptides/blast_html4.php?run_id=110202&search_id=114132&scans_id=110198&peptide_id=9756&scanf=18436&charge=2&value=0,R.EADGSETPEPFAAEAK.F,/core/www/modules/show_out/show_out_wrapper.php?run_id=110202&search_id=114132&scans_id=110198&peptide_id=9756&scanf=18436&charge=2&value=R.EADGSETPEPFAAEAK.F,SND1,1.739e+7,4.201,0.000,4.188,0.000
18440,2,"  2.223","  0.301",9/14,/core/www/modules//sdig/index.php?run_id=110202&search_id=114132&scans_id=110198&peptide_id=9761&scanf=18440&charge=2&value=9/14,sp|P26641|EF1G_HUMAN,/core/www/modules//consensus/?run_id=110202&search_id=114132&scans_id=110198&peptide_id=9761&scanf=18440&charge=2&value=sp|P26641|EF1G_HUMAN,0,/core/www/modules/match_peptides/blast_html4.php?run_id=110202&search_id=114132&scans_id=110198&peptide_id=9761&scanf=18440&charge=2&value=0,K.DPFAHLPK.S,/core/www/modules/show_out/show_out_wrapper.php?run_id=110202&search_id=114132&scans_id=110198&peptide_id=9761&scanf=18440&charge=2&value=K.DPFAHLPK.S,EEF1G,1.475e+7,2.734,0.010,2.015,0.000
18443,2,"  2.145","  0.000",10/14,/core/www/modules//sdig/index.php?run_id=110202&search_id=114132&scans_id=110198&peptide_id=9763&scanf=18443&charge=2&value=10/14,sp|Q9BVP2|GNL3_HUMAN,/core/www/modules//consensus/?run_id=110202&search_id=114132&scans_id=110198&peptide_id=9763&scanf=18443&charge=2&value=sp|Q9BVP2|GNL3_HUMAN,2,/core/www/modules/match_peptides/blast_html4.php?run_id=110202&search_id=114132&scans_id=110198&peptide_id=9763&scanf=18443&charge=2&value=2,K.SSIINSLK.Q,/core/www/modules/show_out/show_out_wrapper.php?run_id=110202&search_id=114132&scans_id=110198&peptide_id=9763&scanf=18443&charge=2&value=K.SSIINSLK.Q,GNL3,6.387e+7,2.558,0.017,1.758,0.000
18444,2,"  2.199","  0.139",11/18,/core/www/modules//sdig/index.php?run_id=110202&search_id=114132&scans_id=110198&peptide_id=9764&scanf=18444&charge=2&value=11/18,sp|Q9HCD5|NCOA5_HUMAN,/core/www/modules//consensus/?run_id=110202&search_id=114132&scans_id=110198&peptide_id=9764&scanf=18444&charge=2&value=sp|Q9HCD5|NCOA5_HUMAN,0,/core/www/modules/match_peptides/blast_html4.php?run_id=110202&search_id=114132&scans_id=110198&peptide_id=9764&scanf=18444&charge=2&value=0,K.MADEAILQER.E,/core/www/modules/show_out/show_out_wrapper.php?run_id=110202&search_id=114132&scans_id=110198&peptide_id=9764&scanf=18444&charge=2&value=K.MADEAILQER.E,NCOA5,3.042e+7,2.020,0.100,0.998,0.005
18445,2,"  3.008","  0.642",13/22,/core/www/modules//sdig/index.php?run_id=110202&search_id=114132&scans_id=110198&peptide_id=9765&scanf=18445&charge=2&value=13/22,sp|Q96DI7|SNR40_HUMAN,/core/www/modules//consensus/?run_id=110202&search_id=114132&scans_id=110198&peptide_id=9765&scanf=18445&charge=2&value=sp|Q96DI7|SNR40_HUMAN,0,/core/www/modules/match_peptides/blast_html4.php?run_id=110202&search_id=114132&scans_id=110198&peptide_id=9765&scanf=18445&charge=2&value=0,K.TVAVWDSETGER.V,/core/www/modules/show_out/show_out_wrapper.php?run_id=110202&search_id=114132&scans_id=110198&peptide_id=9765&scanf=18445&charge=2&value=K.TVAVWDSETGER.V,SNRNP40,2.479e+7,3.643,0.000,3.360,0.000
18446,2,"  5.149","  0.684",24/26,/core/www/modules//sdig/index.php?run_id=110202&search_id=114132&scans_id=110198&peptide_id=9766&scanf=18446&charge=2&value=24/26,sp|Q9NQC3|RTN4_HUMAN,/core/www/modules//consensus/?run_id=110202&search_id=114132&scans_id=110198&peptide_id=9766&scanf=18446&charge=2&value=sp|Q9NQC3|RTN4_HUMAN,1,/core/www/modules/match_peptides/blast_html4.php?run_id=110202&search_id=114132&scans_id=110198&peptide_id=9766&scanf=18446&charge=2&value=1,R.HQAQIDHYLGLANK.N,/core/www/modules/show_out/show_out_wrapper.php?run_id=110202&search_id=114132&scans_id=110198&peptide_id=9766&scanf=18446&charge=2&value=R.HQAQIDHYLGLANK.N,RTN4,2.673e+7,4.329,0.000,4.378,0.000
18448,2,"  2.542","  0.425",11/16,/core/www/modules//sdig/index.php?run_id=110202&search_id=114132&scans_id=110198&peptide_id=9768&scanf=18448&charge=2&value=11/16,sp|Q07817|B2CL1_HUMAN,/core/www/modules//consensus/?run_id=110202&search_id=114132&scans_id=110198&peptide_id=9768&scanf=18448&charge=2&value=sp|Q07817|B2CL1_HUMAN,4,/core/www/modules/match_peptides/blast_html4.php?run_id=110202&search_id=114132&scans_id=110198&peptide_id=9768&scanf=18448&charge=2&value=4,R.EAGDEFELR.Y,/core/www/modules/show_out/show_out_wrapper.php?run_id=110202&search_id=114132&scans_id=110198&peptide_id=9768&scanf=18448&charge=2&value=R.EAGDEFELR.Y,BCL2L1,1.739e+7,3.097,0.003,2.552,0.000
18450,2,"  3.178","  0.653",14/20,/core/www/modules//sdig/index.php?run_id=110202&search_id=114132&scans_id=110198&peptide_id=9771&scanf=18450&charge=2&value=14/20,sp|P11142|HSP7C_HUMAN,/core/www/modules//consensus/?run_id=110202&search_id=114132&scans_id=110198&peptide_id=9771&scanf=18450&charge=2&value=sp|P11142|HSP7C_HUMAN,9,/core/www/modules/match_peptides/blast_html4.php?run_id=110202&search_id=114132&scans_id=110198&peptide_id=9771&scanf=18450&charge=2&value=9,R.FDDAVVQSDMK.H,/core/www/modules/show_out/show_out_wrapper.php?run_id=110202&search_id=114132&scans_id=110198&peptide_id=9771&scanf=18450&charge=2&value=R.FDDAVVQSDMK.H,HSPA8,1.861e+7,3.933,0.000,3.790,0.000
18451,2,"  2.245","  0.585",9/18,/core/www/modules//sdig/index.php?run_id=110202&search_id=114132&scans_id=110198&peptide_id=9772&scanf=18451&charge=2&value=9/18,sp|P05198|IF2A_HUMAN,/core/www/modules//consensus/?run_id=110202&search_id=114132&scans_id=110198&peptide_id=9772&scanf=18451&charge=2&value=sp|P05198|IF2A_HUMAN,2,/core/www/modules/match_peptides/blast_html4.php?run_id=110202&search_id=114132&scans_id=110198&peptide_id=9772&scanf=18451&charge=2&value=2,R.YVMTTTTLER.T,/core/www/modules/show_out/show_out_wrapper.php?run_id=110202&search_id=114132&scans_id=110198&peptide_id=9772&scanf=18451&charge=2&value=R.YVMTTTTLER.T,EIF2S1,2.854e+7,3.383,0.001,2.975,0.000
18454,2,"  2.304","  0.207",9/14,/core/www/modules//sdig/index.php?run_id=110202&search_id=114132&scans_id=110198&peptide_id=9775&scanf=18454&charge=2&value=9/14,sp|Q96GQ7|DDX27_HUMAN,/core/www/modules//consensus/?run_id=110202&search_id=114132&scans_id=110198&peptide_id=9775&scanf=18454&charge=2&value=sp|Q96GQ7|DDX27_HUMAN,1,/core/www/modules/match_peptides/blast_html4.php?run_id=110202&search_id=114132&scans_id=110198&peptide_id=9775&scanf=18454&charge=2&value=1,R.GLDIEGVK.T,/core/www/modules/show_out/show_out_wrapper.php?run_id=110202&search_id=114132&scans_id=110198&peptide_id=9775&scanf=18454&charge=2&value=R.GLDIEGVK.T,DDX27,4.011e+7,2.464,0.024,1.621,0.001
18455,2,"  2.277","  0.472",10/16,/core/www/modules//sdig/index.php?run_id=110202&search_id=114132&scans_id=110198&peptide_id=9776&scanf=18455&charge=2&value=10/16,sp|Q13813|SPTN1_HUMAN,/core/www/modules//consensus/?run_id=110202&search_id=114132&scans_id=110198&peptide_id=9776&scanf=18455&charge=2&value=sp|Q13813|SPTN1_HUMAN,2,/core/www/modules/match_peptides/blast_html4.php?run_id=110202&search_id=114132&scans_id=110198&peptide_id=9776&scanf=18455&charge=2&value=2,K.EELYQNLTR.E,/core/www/modules/show_out/show_out_wrapper.php?run_id=110202&search_id=114132&scans_id=110198&peptide_id=9776&scanf=18455&charge=2&value=K.EELYQNLTR.E,SPTAN1,1.536e+7,3.065,0.003,2.504,0.000
18458,2,"  2.925","  0.589",16/22,/core/www/modules//sdig/index.php?run_id=110202&search_id=114132&scans_id=110198&peptide_id=9779&scanf=18458&charge=2&value=16/22,sp|O14980|XPO1_HUMAN,/core/www/modules//consensus/?run_id=110202&search_id=114132&scans_id=110198&peptide_id=9779&scanf=18458&charge=2&value=sp|O14980|XPO1_HUMAN,7,/core/www/modules/match_peptides/blast_html4.php?run_id=110202&search_id=114132&scans_id=110198&peptide_id=9779&scanf=18458&charge=2&value=7,K.SAFPHLQDAQVK.L,/core/www/modules/show_out/show_out_wrapper.php?run_id=110202&search_id=114132&scans_id=110198&peptide_id=9779&scanf=18458&charge=2&value=K.SAFPHLQDAQVK.L,XPO1,1.196e+7,3.792,0.000,3.580,0.000
18459,2,"  1.653","  0.379",9/14,/core/www/modules//sdig/index.php?run_id=110202&search_id=114132&scans_id=110198&peptide_id=9780&scanf=18459&charge=2&value=9/14,sp|Q8NFW8|NEUA_HUMAN,/core/www/modules//consensus/?run_id=110202&search_id=114132&scans_id=110198&peptide_id=9780&scanf=18459&charge=2&value=sp|Q8NFW8|NEUA_HUMAN,0,/core/www/modules/match_peptides/blast_html4.php?run_id=110202&search_id=114132&scans_id=110198&peptide_id=9780&scanf=18459&charge=2&value=0,K.EIISYDVK.D,/core/www/modules/show_out/show_out_wrapper.php?run_id=110202&search_id=114132&scans_id=110198&peptide_id=9780&scanf=18459&charge=2&value=K.EIISYDVK.D,CMAS,1.102e+8,2.946,0.005,2.329,0.000
18462,4,"  4.201","  0.621",20/96,/core/www/modules//sdig/index.php?run_id=110202&search_id=114132&scans_id=110198&peptide_id=9784&scanf=18462&charge=4&value=20/96,sp|P41252|SYIC_HUMAN,/core/www/modules//consensus/?run_id=110202&search_id=114132&scans_id=110198&peptide_id=9784&scanf=18462&charge=4&value=sp|P41252|SYIC_HUMAN,7,/core/www/modules/match_peptides/blast_html4.php?run_id=110202&search_id=114132&scans_id=110198&peptide_id=9784&scanf=18462&charge=4&value=7,K.TGTIVVEGHELHDEDIR.L,/core/www/modules/show_out/show_out_wrapper.php?run_id=110202&search_id=114132&scans_id=110198&peptide_id=9784&scanf=18462&charge=4&value=K.TGTIVVEGHELHDEDIR.L,IARS1,3.250e+7,3.898,0.000,3.738,0.000
18466,2,"  2.975","  0.536",13/20,/core/www/modules//sdig/index.php?run_id=110202&search_id=114132&scans_id=110198&peptide_id=9787&scanf=18466&charge=2&value=13/20,sp|P14866|HNRPL_HUMAN,/core/www/modules//consensus/?run_id=110202&search_id=114132&scans_id=110198&peptide_id=9787&scanf=18466&charge=2&value=sp|P14866|HNRPL_HUMAN,2,/core/www/modules/match_peptides/blast_html4.php?run_id=110202&search_id=114132&scans_id=110198&peptide_id=9787&scanf=18466&charge=2&value=2,K.NPNGPYPYTLK.L,/core/www/modules/show_out/show_out_wrapper.php?run_id=110202&search_id=114132&scans_id=110198&peptide_id=9787&scanf=18466&charge=2&value=K.NPNGPYPYTLK.L,HNRNPL,1.216e+8,3.571,0.001,3.253,0.000
18467,2,"  2.397","  0.355",10/18,/core/www/modules//sdig/index.php?run_id=110202&search_id=114132&scans_id=110198&peptide_id=9788&scanf=18467&charge=2&value=10/18,sp|P28370|SMCA1_HUMAN,/core/www/modules//consensus/?run_id=110202&search_id=114132&scans_id=110198&peptide_id=9788&scanf=18467&charge=2&value=sp|P28370|SMCA1_HUMAN,2,/core/www/modules/match_peptides/blast_html4.php?run_id=110202&search_id=114132&scans_id=110198&peptide_id=9788&scanf=18467&charge=2&value=2,K.DIDVLNSSGK.M,/core/www/modules/show_out/show_out_wrapper.php?run_id=110202&search_id=114132&scans_id=110198&peptide_id=9788&scanf=18467&charge=2&value=K.DIDVLNSSGK.M,SMARCA1,4.751e+7,2.639,0.013,1.876,0.000
18468,3,"  2.737","  0.471",15/36,/core/www/modules//sdig/index.php?run_id=110202&search_id=114132&scans_id=110198&peptide_id=9789&scanf=18468&charge=3&value=15/36,sp|P54136|SYRC_HUMAN,/core/www/modules//consensus/?run_id=110202&search_id=114132&scans_id=110198&peptide_id=9789&scanf=18468&charge=3&value=sp|P54136|SYRC_HUMAN,2,/core/www/modules/match_peptides/blast_html4.php?run_id=110202&search_id=114132&scans_id=110198&peptide_id=9789&scanf=18468&charge=3&value=2,R.LQEVFGHAIK.A,/core/www/modules/show_out/show_out_wrapper.php?run_id=110202&search_id=114132&scans_id=110198&peptide_id=9789&scanf=18468&charge=3&value=R.LQEVFGHAIK.A,RARS1,5.440e+7,3.359,0.001,2.940,0.000
18472,3,"  1.644","  0.342",12/36,/core/www/modules//sdig/index.php?run_id=110202&search_id=114132&scans_id=110198&peptide_id=9794&scanf=18472&charge=3&value=12/36,sp|Q9NX20|RM16_HUMAN,/core/www/modules//consensus/?run_id=110202&search_id=114132&scans_id=110198&peptide_id=9794&scanf=18472&charge=3&value=sp|Q9NX20|RM16_HUMAN,1,/core/www/modules/match_peptides/blast_html4.php?run_id=110202&search_id=114132&scans_id=110198&peptide_id=9794&scanf=18472&charge=3&value=1,R.VPAPFKPITR.K,/core/www/modules/show_out/show_out_wrapper.php?run_id=110202&search_id=114132&scans_id=110198&peptide_id=9794&scanf=18472&charge=3&value=R.VPAPFKPITR.K,MRPL16,1.995e+7,2.710,0.010,1.981,0.000
18473,2,"  2.069","  0.245",10/18,/core/www/modules//sdig/index.php?run_id=110202&search_id=114132&scans_id=110198&peptide_id=9795&scanf=18473&charge=2&value=10/18,sp|P40227|TCPZ_HUMAN,/core/www/modules//consensus/?run_id=110202&search_id=114132&scans_id=110198&peptide_id=9795&scanf=18473&charge=2&value=sp|P40227|TCPZ_HUMAN,0,/core/www/modules/match_peptides/blast_html4.php?run_id=110202&search_id=114132&scans_id=110198&peptide_id=9795&scanf=18473&charge=2&value=0,R.IITEGFEAAK.E,/core/www/modules/show_out/show_out_wrapper.php?run_id=110202&search_id=114132&scans_id=110198&peptide_id=9795&scanf=18473&charge=2&value=R.IITEGFEAAK.E,CCT6A,4.067e+7,2.115,0.075,1.128,0.002
18474,2,"  1.488","  0.114",6/12,/core/www/modules//sdig/index.php?run_id=110202&search_id=114132&scans_id=110198&peptide_id=9796&scanf=18474&charge=2&value=6/12,sp|P43246|MSH2_HUMAN,/core/www/modules//consensus/?run_id=110202&search_id=114132&scans_id=110198&peptide_id=9796&scanf=18474&charge=2&value=sp|P43246|MSH2_HUMAN,5,/core/www/modules/match_peptides/blast_html4.php?run_id=110202&search_id=114132&scans_id=110198&peptide_id=9796&scanf=18474&charge=2&value=5,K.LDIAAVR.A,/core/www/modules/show_out/show_out_wrapper.php?run_id=110202&search_id=114132&scans_id=110198&peptide_id=9796&scanf=18474&charge=2&value=K.LDIAAVR.A,MSH2,2.144e+7,1.865,0.159,0.799,0.008
18475,2,"  3.598","  0.478",13/22,/core/www/modules//sdig/index.php?run_id=110202&search_id=114132&scans_id=110198&peptide_id=9797&scanf=18475&charge=2&value=13/22,sp|P55769|NH2L1_HUMAN,/core/www/modules//consensus/?run_id=110202&search_id=114132&scans_id=110198&peptide_id=9797&scanf=18475&charge=2&value=sp|P55769|NH2L1_HUMAN,3,/core/www/modules/match_peptides/blast_html4.php?run_id=110202&search_id=114132&scans_id=110198&peptide_id=9797&scanf=18475&charge=2&value=3,K.QQIQSIQQSIER.L,/core/www/modules/show_out/show_out_wrapper.php?run_id=110202&search_id=114132&scans_id=110198&peptide_id=9797&scanf=18475&charge=2&value=K.QQIQSIQQSIER.L,SNU13,8.900e+7,3.126,0.003,2.595,0.000
18477,2,"  3.084","  0.467",12/22,/core/www/modules//sdig/index.php?run_id=110202&search_id=114132&scans_id=110198&peptide_id=9799&scanf=18477&charge=2&value=12/22,sp|Q9NW13|RBM28_HUMAN,/core/www/modules//consensus/?run_id=110202&search_id=114132&scans_id=110198&peptide_id=9799&scanf=18477&charge=2&value=sp|Q9NW13|RBM28_HUMAN,0,/core/www/modules/match_peptides/blast_html4.php?run_id=110202&search_id=114132&scans_id=110198&peptide_id=9799&scanf=18477&charge=2&value=0,K.AGSTSWTGFQTK.A,/core/www/modules/show_out/show_out_wrapper.php?run_id=110202&search_id=114132&scans_id=110198&peptide_id=9799&scanf=18477&charge=2&value=K.AGSTSWTGFQTK.A,RBM28,1.328e+7,3.019,0.004,2.436,0.000
18478,3,"  2.236","  0.391",12/36,/core/www/modules//sdig/index.php?run_id=110202&search_id=114132&scans_id=110198&peptide_id=9800&scanf=18478&charge=3&value=12/36,sp|Q96N67|DOCK7_HUMAN,/core/www/modules//consensus/?run_id=110202&search_id=114132&scans_id=110198&peptide_id=9800&scanf=18478&charge=3&value=sp|Q96N67|DOCK7_HUMAN,2,/core/www/modules/match_peptides/blast_html4.php?run_id=110202&search_id=114132&scans_id=110198&peptide_id=9800&scanf=18478&charge=3&value=2,K.VLIPIHEANR.D,/core/www/modules/show_out/show_out_wrapper.php?run_id=110202&search_id=114132&scans_id=110198&peptide_id=9800&scanf=18478&charge=3&value=K.VLIPIHEANR.D,DOCK7,1.269e+7,2.922,0.005,2.293,0.000
18480,2,"  2.893","  0.456",10/20,/core/www/modules//sdig/index.php?run_id=110202&search_id=114132&scans_id=110198&peptide_id=9803&scanf=18480&charge=2&value=10/20,sp|O95602|RPA1_HUMAN,/core/www/modules//consensus/?run_id=110202&search_id=114132&scans_id=110198&peptide_id=9803&scanf=18480&charge=2&value=sp|O95602|RPA1_HUMAN,1,/core/www/modules/match_peptides/blast_html4.php?run_id=110202&search_id=114132&scans_id=110198&peptide_id=9803&scanf=18480&charge=2&value=1,R.TALSAVDMTQR.E,/core/www/modules/show_out/show_out_wrapper.php?run_id=110202&search_id=114132&scans_id=110198&peptide_id=9803&scanf=18480&charge=2&value=R.TALSAVDMTQR.E,POLR1A,1.173e+7,3.018,0.004,2.434,0.000
18483,3,"  3.640","  0.701",21/72,/core/www/modules//sdig/index.php?run_id=110202&search_id=114132&scans_id=110198&peptide_id=9806&scanf=18483&charge=3&value=21/72,sp|Q6P2Q9|PRP8_HUMAN,/core/www/modules//consensus/?run_id=110202&search_id=114132&scans_id=110198&peptide_id=9806&scanf=18483&charge=3&value=sp|Q6P2Q9|PRP8_HUMAN,0,/core/www/modules/match_peptides/blast_html4.php?run_id=110202&search_id=114132&scans_id=110198&peptide_id=9806&scanf=18483&charge=3&value=0,R.YLTEHPDPNNENIVGYNNK.K,/core/www/modules/show_out/show_out_wrapper.php?run_id=110202&search_id=114132&scans_id=110198&peptide_id=9806&scanf=18483&charge=3&value=R.YLTEHPDPNNENIVGYNNK.K,PRPF8,1.221e+7,3.984,0.000,3.866,0.000
18485,2,"  2.207","  0.648",10/16,/core/www/modules//sdig/index.php?run_id=110202&search_id=114132&scans_id=110198&peptide_id=9807&scanf=18485&charge=2&value=10/16,sp|O60814|H2B1K_HUMAN,/core/www/modules//consensus/?run_id=110202&search_id=114132&scans_id=110198&peptide_id=9807&scanf=18485&charge=2&value=sp|O60814|H2B1K_HUMAN,9,/core/www/modules/match_peptides/blast_html4.php?run_id=110202&search_id=114132&scans_id=110198&peptide_id=9807&scanf=18485&charge=2&value=9,K.ESYSVYVYK.V,/core/www/modules/show_out/show_out_wrapper.php?run_id=110202&search_id=114132&scans_id=110198&peptide_id=9807&scanf=18485&charge=2&value=K.ESYSVYVYK.V,H2BC12,1.416e+9,3.973,0.000,3.849,0.000
18486,2,"  2.109","  0.390",10/16,/core/www/modules//sdig/index.php?run_id=110202&search_id=114132&scans_id=110198&peptide_id=9808&scanf=18486&charge=2&value=10/16,sp|P35250|RFC2_HUMAN,/core/www/modules//consensus/?run_id=110202&search_id=114132&scans_id=110198&peptide_id=9808&scanf=18486&charge=2&value=sp|P35250|RFC2_HUMAN,2,/core/www/modules/match_peptides/blast_html4.php?run_id=110202&search_id=114132&scans_id=110198&peptide_id=9808&scanf=18486&charge=2&value=2,K.LTDAQILTR.L,/core/www/modules/show_out/show_out_wrapper.php?run_id=110202&search_id=114132&scans_id=110198&peptide_id=9808&scanf=18486&charge=2&value=K.LTDAQILTR.L,RFC2,5.149e+7,2.949,0.005,2.333,0.000
18487,4,"  3.178","  0.535",19/78,/core/www/modules//sdig/index.php?run_id=110202&search_id=114132&scans_id=110198&peptide_id=9809&scanf=18487&charge=4&value=19/78,sp|Q9NQC3|RTN4_HUMAN,/core/www/modules//consensus/?run_id=110202&search_id=114132&scans_id=110198&peptide_id=9809&scanf=18487&charge=4&value=sp|Q9NQC3|RTN4_HUMAN,1,/core/www/modules/match_peptides/blast_html4.php?run_id=110202&search_id=114132&scans_id=110198&peptide_id=9809&scanf=18487&charge=4&value=1,R.HQAQIDHYLGLANK.N,/core/www/modules/show_out/show_out_wrapper.php?run_id=110202&search_id=114132&scans_id=110198&peptide_id=9809&scanf=18487&charge=4&value=R.HQAQIDHYLGLANK.N,RTN4,4.295e+7,3.671,0.000,3.401,0.000
18488,2,"  2.309","  0.361",9/14,/core/www/modules//sdig/index.php?run_id=110202&search_id=114132&scans_id=110198&peptide_id=9810&scanf=18488&charge=2&value=9/14,sp|Q15149|PLEC_HUMAN,/core/www/modules//consensus/?run_id=110202&search_id=114132&scans_id=110198&peptide_id=9810&scanf=18488&charge=2&value=sp|Q15149|PLEC_HUMAN,4,/core/www/modules/match_peptides/blast_html4.php?run_id=110202&search_id=114132&scans_id=110198&peptide_id=9810&scanf=18488&charge=2&value=4,K.GLVEDTLR.Q,/core/www/modules/show_out/show_out_wrapper.php?run_id=110202&search_id=114132&scans_id=110198&peptide_id=9810&scanf=18488&charge=2&value=K.GLVEDTLR.Q,PLEC,2.847e+7,3.427,0.001,3.040,0.000
18489,2,"  1.850","  0.243",10/18,/core/www/modules//sdig/index.php?run_id=110202&search_id=114132&scans_id=110198&peptide_id=9811&scanf=18489&charge=2&value=10/18,sp|P40227|TCPZ_HUMAN,/core/www/modules//consensus/?run_id=110202&search_id=114132&scans_id=110198&peptide_id=9811&scanf=18489&charge=2&value=sp|P40227|TCPZ_HUMAN,0,/core/www/modules/match_peptides/blast_html4.php?run_id=110202&search_id=114132&scans_id=110198&peptide_id=9811&scanf=18489&charge=2&value=0,R.IITEGFEAAK.E,/core/www/modules/show_out/show_out_wrapper.php?run_id=110202&search_id=114132&scans_id=110198&peptide_id=9811&scanf=18489&charge=2&value=R.IITEGFEAAK.E,CCT6A,4.067e+7,2.289,0.043,1.371,0.001
18492,2,"  1.936","  0.530",8/12,/core/www/modules//sdig/index.php?run_id=110202&search_id=114132&scans_id=110198&peptide_id=9815&scanf=18492&charge=2&value=8/12,sp|P61247|RS3A_HUMAN,/core/www/modules//consensus/?run_id=110202&search_id=114132&scans_id=110198&peptide_id=9815&scanf=18492&charge=2&value=sp|P61247|RS3A_HUMAN,7,/core/www/modules/match_peptides/blast_html4.php?run_id=110202&search_id=114132&scans_id=110198&peptide_id=9815&scanf=18492&charge=2&value=7,K.MMEIMTR.E,/core/www/modules/show_out/show_out_wrapper.php?run_id=110202&search_id=114132&scans_id=110198&peptide_id=9815&scanf=18492&charge=2&value=K.MMEIMTR.E,RPS3A,1.971e+8,3.560,0.001,3.238,0.000
18493,2,"  2.385","  0.564",11/16,/core/www/modules//sdig/index.php?run_id=110202&search_id=114132&scans_id=110198&peptide_id=9816&scanf=18493&charge=2&value=11/16,sp|Q15424|SAFB1_HUMAN,/core/www/modules//consensus/?run_id=110202&search_id=114132&scans_id=110198&peptide_id=9816&scanf=18493&charge=2&value=sp|Q15424|SAFB1_HUMAN,1,/core/www/modules/match_peptides/blast_html4.php?run_id=110202&search_id=114132&scans_id=110198&peptide_id=9816&scanf=18493&charge=2&value=1,R.DDAYWPEAK.R,/core/www/modules/show_out/show_out_wrapper.php?run_id=110202&search_id=114132&scans_id=110198&peptide_id=9816&scanf=18493&charge=2&value=R.DDAYWPEAK.R,SAFB,5.540e+7,3.613,0.000,3.316,0.000
18494,2,"  3.353","  0.424",14/14,/core/www/modules//sdig/index.php?run_id=110202&search_id=114132&scans_id=110198&peptide_id=9817&scanf=18494&charge=2&value=14/14,sp|P63010|AP2B1_HUMAN,/core/www/modules//consensus/?run_id=110202&search_id=114132&scans_id=110198&peptide_id=9817&scanf=18494&charge=2&value=sp|P63010|AP2B1_HUMAN,11,/core/www/modules/match_peptides/blast_html4.php?run_id=110202&search_id=114132&scans_id=110198&peptide_id=9817&scanf=18494&charge=2&value=11,K.KGEIFELK.A,/core/www/modules/show_out/show_out_wrapper.php?run_id=110202&search_id=114132&scans_id=110198&peptide_id=9817&scanf=18494&charge=2&value=K.KGEIFELK.A,AP2B1,2.904e+7,3.484,0.001,3.124,0.000
18495,2,"  1.646","  0.236",8/12,/core/www/modules//sdig/index.php?run_id=110202&search_id=114132&scans_id=110198&peptide_id=9818&scanf=18495&charge=2&value=8/12,sp|P46779|RL28_HUMAN,/core/www/modules//consensus/?run_id=110202&search_id=114132&scans_id=110198&peptide_id=9818&scanf=18495&charge=2&value=sp|P46779|RL28_HUMAN,2,/core/www/modules/match_peptides/blast_html4.php?run_id=110202&search_id=114132&scans_id=110198&peptide_id=9818&scanf=18495&charge=2&value=2,K.GVVVVIK.R,/core/www/modules/show_out/show_out_wrapper.php?run_id=110202&search_id=114132&scans_id=110198&peptide_id=9818&scanf=18495&charge=2&value=K.GVVVVIK.R,RPL28,1.056e+8,2.527,0.019,1.713,0.000
18496,3,"  3.000","  0.578",18/56,/core/www/modules//sdig/index.php?run_id=110202&search_id=114132&scans_id=110198&peptide_id=9819&scanf=18496&charge=3&value=18/56,sp|P14868|SYDC_HUMAN,/core/www/modules//consensus/?run_id=110202&search_id=114132&scans_id=110198&peptide_id=9819&scanf=18496&charge=3&value=sp|P14868|SYDC_HUMAN,1,/core/www/modules/match_peptides/blast_html4.php?run_id=110202&search_id=114132&scans_id=110198&peptide_id=9819&scanf=18496&charge=3&value=1,R.FGAPPHAGGGIGLER.V,/core/www/modules/show_out/show_out_wrapper.php?run_id=110202&search_id=114132&scans_id=110198&peptide_id=9819&scanf=18496&charge=3&value=R.FGAPPHAGGGIGLER.V,DARS1,6.414e+7,3.443,0.001,3.064,0.000
18499,3,"  3.212","  0.520",15/40,/core/www/modules//sdig/index.php?run_id=110202&search_id=114132&scans_id=110198&peptide_id=9822&scanf=18499&charge=3&value=15/40,sp|Q15149|PLEC_HUMAN,/core/www/modules//consensus/?run_id=110202&search_id=114132&scans_id=110198&peptide_id=9822&scanf=18499&charge=3&value=sp|Q15149|PLEC_HUMAN,5,/core/www/modules/match_peptides/blast_html4.php?run_id=110202&search_id=114132&scans_id=110198&peptide_id=9822&scanf=18499&charge=3&value=5,R.EQLQLLEEQHR.A,/core/www/modules/show_out/show_out_wrapper.php?run_id=110202&search_id=114132&scans_id=110198&peptide_id=9822&scanf=18499&charge=3&value=R.EQLQLLEEQHR.A,PLEC,2.440e+7,3.971,0.000,3.847,0.000
18500,2,"  1.154","  0.222",7/14,/core/www/modules//sdig/index.php?run_id=110202&search_id=114132&scans_id=110198&peptide_id=9824&scanf=18500&charge=2&value=7/14,sp|P13667|PDIA4_HUMAN,/core/www/modules//consensus/?run_id=110202&search_id=114132&scans_id=110198&peptide_id=9824&scanf=18500&charge=2&value=sp|P13667|PDIA4_HUMAN,2,/core/www/modules/match_peptides/blast_html4.php?run_id=110202&search_id=114132&scans_id=110198&peptide_id=9824&scanf=18500&charge=2&value=2,R.SPPIPLAK.V,/core/www/modules/show_out/show_out_wrapper.php?run_id=110202&search_id=114132&scans_id=110198&peptide_id=9824&scanf=18500&charge=2&value=R.SPPIPLAK.V,PDIA4,1.755e+7,2.288,0.043,1.369,0.001
18501,2,"  2.192","  0.162",9/16,/core/www/modules//sdig/index.php?run_id=110202&search_id=114132&scans_id=110198&peptide_id=9825&scanf=18501&charge=2&value=9/16,sp|Q9UKV3|ACINU_HUMAN,/core/www/modules//consensus/?run_id=110202&search_id=114132&scans_id=110198&peptide_id=9825&scanf=18501&charge=2&value=sp|Q9UKV3|ACINU_HUMAN,3,/core/www/modules/match_peptides/blast_html4.php?run_id=110202&search_id=114132&scans_id=110198&peptide_id=9825&scanf=18501&charge=2&value=3,K.VTLGDTLTR.R,/core/www/modules/show_out/show_out_wrapper.php?run_id=110202&search_id=114132&scans_id=110198&peptide_id=9825&scanf=18501&charge=2&value=K.VTLGDTLTR.R,ACIN1,5.071e+7,2.106,0.077,1.115,0.003
18502,2,"  2.995","  0.491",14/22,/core/www/modules//sdig/index.php?run_id=110202&search_id=114132&scans_id=110198&peptide_id=9826&scanf=18502&charge=2&value=14/22,sp|P18583|SON_HUMAN,/core/www/modules//consensus/?run_id=110202&search_id=114132&scans_id=110198&peptide_id=9826&scanf=18502&charge=2&value=sp|P18583|SON_HUMAN,4,/core/www/modules/match_peptides/blast_html4.php?run_id=110202&search_id=114132&scans_id=110198&peptide_id=9826&scanf=18502&charge=2&value=4,K.SGGATIEELTEK.C,/core/www/modules/show_out/show_out_wrapper.php?run_id=110202&search_id=114132&scans_id=110198&peptide_id=9826&scanf=18502&charge=2&value=K.SGGATIEELTEK.C,SON,2.210e+7,3.160,0.002,2.645,0.000
18504,2,"  3.272","  0.468",16/24,/core/www/modules//sdig/index.php?run_id=110202&search_id=114132&scans_id=110198&peptide_id=9828&scanf=18504&charge=2&value=16/24,sp|Q12888|TP53B_HUMAN,/core/www/modules//consensus/?run_id=110202&search_id=114132&scans_id=110198&peptide_id=9828&scanf=18504&charge=2&value=sp|Q12888|TP53B_HUMAN,1,/core/www/modules/match_peptides/blast_html4.php?run_id=110202&search_id=114132&scans_id=110198&peptide_id=9828&scanf=18504&charge=2&value=1,R.VPETVSAATQTIK.N,/core/www/modules/show_out/show_out_wrapper.php?run_id=110202&search_id=114132&scans_id=110198&peptide_id=9828&scanf=18504&charge=2&value=R.VPETVSAATQTIK.N,TP53BP1,1.533e+7,3.190,0.002,2.689,0.000
18506,2,"  1.873","  0.458",8/12,/core/www/modules//sdig/index.php?run_id=110202&search_id=114132&scans_id=110198&peptide_id=9829&scanf=18506&charge=2&value=8/12,sp|Q00839|HNRPU_HUMAN,/core/www/modules//consensus/?run_id=110202&search_id=114132&scans_id=110198&peptide_id=9829&scanf=18506&charge=2&value=sp|Q00839|HNRPU_HUMAN,11,/core/www/modules/match_peptides/blast_html4.php?run_id=110202&search_id=114132&scans_id=110198&peptide_id=9829&scanf=18506&charge=2&value=11,K.MMVAGFK.K,/core/www/modules/show_out/show_out_wrapper.php?run_id=110202&search_id=114132&scans_id=110198&peptide_id=9829&scanf=18506&charge=2&value=K.MMVAGFK.K,HNRNPU,4.460e+8,3.340,0.001,2.911,0.000
18507,3,"  2.245","  0.441",11/36,/core/www/modules//sdig/index.php?run_id=110202&search_id=114132&scans_id=110198&peptide_id=9830&scanf=18507&charge=3&value=11/36,sp|Q9BQ04|RBM4B_HUMAN,/core/www/modules//consensus/?run_id=110202&search_id=114132&scans_id=110198&peptide_id=9830&scanf=18507&charge=3&value=sp|Q9BQ04|RBM4B_HUMAN,7,/core/www/modules/match_peptides/blast_html4.php?run_id=110202&search_id=114132&scans_id=110198&peptide_id=9830&scanf=18507&charge=3&value=7,K.NYGFVHIEDK.T,/core/www/modules/show_out/show_out_wrapper.php?run_id=110202&search_id=114132&scans_id=110198&peptide_id=9830&scanf=18507&charge=3&value=K.NYGFVHIEDK.T,RBM4B,4.297e+7,3.050,0.003,2.482,0.000
18508,2,"  2.136","  0.386",9/14,/core/www/modules//sdig/index.php?run_id=110202&search_id=114132&scans_id=110198&peptide_id=9831&scanf=18508&charge=2&value=9/14,sp|P10809|CH60_HUMAN,/core/www/modules//consensus/?run_id=110202&search_id=114132&scans_id=110198&peptide_id=9831&scanf=18508&charge=2&value=sp|P10809|CH60_HUMAN,3,/core/www/modules/match_peptides/blast_html4.php?run_id=110202&search_id=114132&scans_id=110198&peptide_id=9831&scanf=18508&charge=2&value=3,K.IPAMTIAK.N,/core/www/modules/show_out/show_out_wrapper.php?run_id=110202&search_id=114132&scans_id=110198&peptide_id=9831&scanf=18508&charge=2&value=K.IPAMTIAK.N,HSPD1,1.771e+8,3.067,0.003,2.507,0.000
18509,2,"  3.240","  0.475",10/18,/core/www/modules//sdig/index.php?run_id=110202&search_id=114132&scans_id=110198&peptide_id=9832&scanf=18509&charge=2&value=10/18,sp|Q14683|SMC1A_HUMAN,/core/www/modules//consensus/?run_id=110202&search_id=114132&scans_id=110198&peptide_id=9832&scanf=18509&charge=2&value=sp|Q14683|SMC1A_HUMAN,2,/core/www/modules/match_peptides/blast_html4.php?run_id=110202&search_id=114132&scans_id=110198&peptide_id=9832&scanf=18509&charge=2&value=2,R.AATLAQELEK.F,/core/www/modules/show_out/show_out_wrapper.php?run_id=110202&search_id=114132&scans_id=110198&peptide_id=9832&scanf=18509&charge=2&value=R.AATLAQELEK.F,SMC1A,2.829e+7,3.190,0.002,2.690,0.000
18510,3,"  2.359","  0.179",12/40,/core/www/modules//sdig/index.php?run_id=110202&search_id=114132&scans_id=110198&peptide_id=9834&scanf=18510&charge=3&value=12/40,sp|Q9Y3T9|NOC2L_HUMAN,/core/www/modules//consensus/?run_id=110202&search_id=114132&scans_id=110198&peptide_id=9834&scanf=18510&charge=3&value=sp|Q9Y3T9|NOC2L_HUMAN,0,/core/www/modules/match_peptides/blast_html4.php?run_id=110202&search_id=114132&scans_id=110198&peptide_id=9834&scanf=18510&charge=3&value=0,R.DREIQLEISGK.E,/core/www/modules/show_out/show_out_wrapper.php?run_id=110202&search_id=114132&scans_id=110198&peptide_id=9834&scanf=18510&charge=3&value=R.DREIQLEISGK.E,NOC2L,1.783e+7,1.939,0.128,0.892,0.006
18513,2,"  2.112","  0.287",9/14,/core/www/modules//sdig/index.php?run_id=110202&search_id=114132&scans_id=110198&peptide_id=9837&scanf=18513&charge=2&value=9/14,sp|P30041|PRDX6_HUMAN,/core/www/modules//consensus/?run_id=110202&search_id=114132&scans_id=110198&peptide_id=9837&scanf=18513&charge=2&value=sp|P30041|PRDX6_HUMAN,0,/core/www/modules/match_peptides/blast_html4.php?run_id=110202&search_id=114132&scans_id=110198&peptide_id=9837&scanf=18513&charge=2&value=0,R.VATPVDWK.D,/core/www/modules/show_out/show_out_wrapper.php?run_id=110202&search_id=114132&scans_id=110198&peptide_id=9837&scanf=18513&charge=2&value=R.VATPVDWK.D,PRDX6,1.759e+7,2.666,0.012,1.916,0.000
18514,2,"  3.173","  0.698",16/22,/core/www/modules//sdig/index.php?run_id=110202&search_id=114132&scans_id=110198&peptide_id=9838&scanf=18514&charge=2&value=16/22,sp|O43390|HNRPR_HUMAN,/core/www/modules//consensus/?run_id=110202&search_id=114132&scans_id=110198&peptide_id=9838&scanf=18514&charge=2&value=sp|O43390|HNRPR_HUMAN,12,/core/www/modules/match_peptides/blast_html4.php?run_id=110202&search_id=114132&scans_id=110198&peptide_id=9838&scanf=18514&charge=2&value=12,R.TGYTLDVTTGQR.K,/core/www/modules/show_out/show_out_wrapper.php?run_id=110202&search_id=114132&scans_id=110198&peptide_id=9838&scanf=18514&charge=2&value=R.TGYTLDVTTGQR.K,HNRNPR,1.574e+8,4.128,0.000,4.079,0.000
18515,2,"  2.022","  0.247",10/14,/core/www/modules//sdig/index.php?run_id=110202&search_id=114132&scans_id=110198&peptide_id=9839&scanf=18515&charge=2&value=10/14,sp|Q13952|NFYC_HUMAN,/core/www/modules//consensus/?run_id=110202&search_id=114132&scans_id=110198&peptide_id=9839&scanf=18515&charge=2&value=sp|Q13952|NFYC_HUMAN,6,/core/www/modules/match_peptides/blast_html4.php?run_id=110202&search_id=114132&scans_id=110198&peptide_id=9839&scanf=18515&charge=2&value=6,R.VQELPLAR.I,/core/www/modules/show_out/show_out_wrapper.php?run_id=110202&search_id=114132&scans_id=110198&peptide_id=9839&scanf=18515&charge=2&value=R.VQELPLAR.I,NFYC,1.482e+7,2.566,0.017,1.770,0.000
18516,2,"  1.710","  0.269",7/14,/core/www/modules//sdig/index.php?run_id=110202&search_id=114132&scans_id=110198&peptide_id=9840&scanf=18516&charge=2&value=7/14,sp|O75683|SURF6_HUMAN,/core/www/modules//consensus/?run_id=110202&search_id=114132&scans_id=110198&peptide_id=9840&scanf=18516&charge=2&value=sp|O75683|SURF6_HUMAN,0,/core/www/modules/match_peptides/blast_html4.php?run_id=110202&search_id=114132&scans_id=110198&peptide_id=9840&scanf=18516&charge=2&value=0,R.ILPQDLER.A,/core/www/modules/show_out/show_out_wrapper.php?run_id=110202&search_id=114132&scans_id=110198&peptide_id=9840&scanf=18516&charge=2&value=R.ILPQDLER.A,SURF6,1.093e+8,2.292,0.042,1.375,0.001
18517,2,"  1.847","  0.250",8/14,/core/www/modules//sdig/index.php?run_id=110202&search_id=114132&scans_id=110198&peptide_id=9841&scanf=18517&charge=2&value=8/14,sp|Q8NBQ5|DHB11_HUMAN,/core/www/modules//consensus/?run_id=110202&search_id=114132&scans_id=110198&peptide_id=9841&scanf=18517&charge=2&value=sp|Q8NBQ5|DHB11_HUMAN,1,/core/www/modules/match_peptides/blast_html4.php?run_id=110202&search_id=114132&scans_id=110198&peptide_id=9841&scanf=18517&charge=2&value=1,R.LTAYEFAK.L,/core/www/modules/show_out/show_out_wrapper.php?run_id=110202&search_id=114132&scans_id=110198&peptide_id=9841&scanf=18517&charge=2&value=R.LTAYEFAK.L,HSD17B11,1.325e+7,2.424,0.027,1.565,0.001
18519,2,"  3.236","  0.538",14/20,/core/www/modules//sdig/index.php?run_id=110202&search_id=114132&scans_id=110198&peptide_id=9843&scanf=18519&charge=2&value=14/20,sp|Q7KZF4|SND1_HUMAN,/core/www/modules//consensus/?run_id=110202&search_id=114132&scans_id=110198&peptide_id=9843&scanf=18519&charge=2&value=sp|Q7KZF4|SND1_HUMAN,0,/core/www/modules/match_peptides/blast_html4.php?run_id=110202&search_id=114132&scans_id=110198&peptide_id=9843&scanf=18519&charge=2&value=0,R.EVEVEVESMDK.A,/core/www/modules/show_out/show_out_wrapper.php?run_id=110202&search_id=114132&scans_id=110198&peptide_id=9843&scanf=18519&charge=2&value=R.EVEVEVESMDK.A,SND1,1.954e+7,3.557,0.001,3.232,0.000
18521,2,"  3.359","  0.500",13/24,/core/www/modules//sdig/index.php?run_id=110202&search_id=114132&scans_id=110198&peptide_id=9846&scanf=18521&charge=2&value=13/24,sp|P49915|GUAA_HUMAN,/core/www/modules//consensus/?run_id=110202&search_id=114132&scans_id=110198&peptide_id=9846&scanf=18521&charge=2&value=sp|P49915|GUAA_HUMAN,0,/core/www/modules/match_peptides/blast_html4.php?run_id=110202&search_id=114132&scans_id=110198&peptide_id=9846&scanf=18521&charge=2&value=0,R.SGNIVAGIANESK.K,/core/www/modules/show_out/show_out_wrapper.php?run_id=110202&search_id=114132&scans_id=110198&peptide_id=9846&scanf=18521&charge=2&value=R.SGNIVAGIANESK.K,GMPS,1.525e+7,3.028,0.004,2.449,0.000
18527,2,"  2.562","  0.443",11/16,/core/www/modules//sdig/index.php?run_id=110202&search_id=114132&scans_id=110198&peptide_id=9851&scanf=18527&charge=2&value=11/16,sp|P19338|NUCL_HUMAN,/core/www/modules//consensus/?run_id=110202&search_id=114132&scans_id=110198&peptide_id=9851&scanf=18527&charge=2&value=sp|P19338|NUCL_HUMAN,5,/core/www/modules/match_peptides/blast_html4.php?run_id=110202&search_id=114132&scans_id=110198&peptide_id=9851&scanf=18527&charge=2&value=5,K.VTLDWAKPK.G,/core/www/modules/show_out/show_out_wrapper.php?run_id=110202&search_id=114132&scans_id=110198&peptide_id=9851&scanf=18527&charge=2&value=K.VTLDWAKPK.G,NCL,2.038e+8,3.444,0.001,3.065,0.000
18528,3,"  4.083","  0.642",23/68,/core/www/modules//sdig/index.php?run_id=110202&search_id=114132&scans_id=110198&peptide_id=9852&scanf=18528&charge=3&value=23/68,sp|A6NMY6|AXA2L_HUMAN,/core/www/modules//consensus/?run_id=110202&search_id=114132&scans_id=110198&peptide_id=9852&scanf=18528&charge=3&value=sp|A6NMY6|AXA2L_HUMAN,17,/core/www/modules/match_peptides/blast_html4.php?run_id=110202&search_id=114132&scans_id=110198&peptide_id=9852&scanf=18528&charge=3&value=17,K.LSLEGDHSTPPSAYGSVK.A,/core/www/modules/show_out/show_out_wrapper.php?run_id=110202&search_id=114132&scans_id=110198&peptide_id=9852&scanf=18528&charge=3&value=K.LSLEGDHSTPPSAYGSVK.A,ANXA2P2,4.543e+7,3.617,0.000,3.322,0.000
18530,2,"  2.916","  0.160",10/16,/core/www/modules//sdig/index.php?run_id=110202&search_id=114132&scans_id=110198&peptide_id=9855&scanf=18530&charge=2&value=10/16,sp|O60763|USO1_HUMAN,/core/www/modules//consensus/?run_id=110202&search_id=114132&scans_id=110198&peptide_id=9855&scanf=18530&charge=2&value=sp|O60763|USO1_HUMAN,0,/core/www/modules/match_peptides/blast_html4.php?run_id=110202&search_id=114132&scans_id=110198&peptide_id=9855&scanf=18530&charge=2&value=0,R.LSALLQETK.E,/core/www/modules/show_out/show_out_wrapper.php?run_id=110202&search_id=114132&scans_id=110198&peptide_id=9855&scanf=18530&charge=2&value=R.LSALLQETK.E,USO1,1.750e+7,2.227,0.052,1.283,0.002
18531,2,"  2.066","  0.210",7/18,/core/www/modules//sdig/index.php?run_id=110202&search_id=114132&scans_id=110198&peptide_id=9856&scanf=18531&charge=2&value=7/18,sp|Q9Y2L1|RRP44_HUMAN,/core/www/modules//consensus/?run_id=110202&search_id=114132&scans_id=110198&peptide_id=9856&scanf=18531&charge=2&value=sp|Q9Y2L1|RRP44_HUMAN,2,/core/www/modules/match_peptides/blast_html4.php?run_id=110202&search_id=114132&scans_id=110198&peptide_id=9856&scanf=18531&charge=2&value=2,K.SGTYLQGTFR.A,/core/www/modules/show_out/show_out_wrapper.php?run_id=110202&search_id=114132&scans_id=110198&peptide_id=9856&scanf=18531&charge=2&value=K.SGTYLQGTFR.A,DIS3,1.721e+7,1.916,0.137,0.863,0.007
18532,3,"  2.597","  0.342",13/40,/core/www/modules//sdig/index.php?run_id=110202&search_id=114132&scans_id=110198&peptide_id=9857&scanf=18532&charge=3&value=13/40,sp|Q92522|H1X_HUMAN,/core/www/modules//consensus/?run_id=110202&search_id=114132&scans_id=110198&peptide_id=9857&scanf=18532&charge=3&value=sp|Q92522|H1X_HUMAN,0,/core/www/modules/match_peptides/blast_html4.php?run_id=110202&search_id=114132&scans_id=110198&peptide_id=9857&scanf=18532&charge=3&value=0,K.KVPWFDQQNGR.T,/core/www/modules/show_out/show_out_wrapper.php?run_id=110202&search_id=114132&scans_id=110198&peptide_id=9857&scanf=18532&charge=3&value=K.KVPWFDQQNGR.T,H1-10,1.889e+7,2.458,0.024,1.613,0.001
18533,2,"  2.548","  0.400",9/18,/core/www/modules//sdig/index.php?run_id=110202&search_id=114132&scans_id=110198&peptide_id=9858&scanf=18533&charge=2&value=9/18,sp|O94776|MTA2_HUMAN,/core/www/modules//consensus/?run_id=110202&search_id=114132&scans_id=110198&peptide_id=9858&scanf=18533&charge=2&value=sp|O94776|MTA2_HUMAN,0,/core/www/modules/match_peptides/blast_html4.php?run_id=110202&search_id=114132&scans_id=110198&peptide_id=9858&scanf=18533&charge=2&value=0,K.TLLADQGEIR.V,/core/www/modules/show_out/show_out_wrapper.php?run_id=110202&search_id=114132&scans_id=110198&peptide_id=9858&scanf=18533&charge=2&value=K.TLLADQGEIR.V,MTA2,1.873e+7,2.810,0.007,2.129,0.000
18534,2,"  2.015","  0.506",8/12,/core/www/modules//sdig/index.php?run_id=110202&search_id=114132&scans_id=110198&peptide_id=9859&scanf=18534&charge=2&value=8/12,sp|P49207|RL34_HUMAN,/core/www/modules//consensus/?run_id=110202&search_id=114132&scans_id=110198&peptide_id=9859&scanf=18534&charge=2&value=sp|P49207|RL34_HUMAN,0,/core/www/modules/match_peptides/blast_html4.php?run_id=110202&search_id=114132&scans_id=110198&peptide_id=9859&scanf=18534&charge=2&value=0,R.IVYLYTK.K,/core/www/modules/show_out/show_out_wrapper.php?run_id=110202&search_id=114132&scans_id=110198&peptide_id=9859&scanf=18534&charge=2&value=R.IVYLYTK.K,RPL34,1.553e+8,3.423,0.001,3.034,0.000
18535,3,"  3.571","  0.505",21/72,/core/www/modules//sdig/index.php?run_id=110202&search_id=114132&scans_id=110198&peptide_id=9860&scanf=18535&charge=3&value=21/72,sp|Q92973|TNPO1_HUMAN,/core/www/modules//consensus/?run_id=110202&search_id=114132&scans_id=110198&peptide_id=9860&scanf=18535&charge=3&value=sp|Q92973|TNPO1_HUMAN,4,/core/www/modules/match_peptides/blast_html4.php?run_id=110202&search_id=114132&scans_id=110198&peptide_id=9860&scanf=18535&charge=3&value=4,K.GDVEEDETIPDSEQDIRPR.F,/core/www/modules/show_out/show_out_wrapper.php?run_id=110202&search_id=114132&scans_id=110198&peptide_id=9860&scanf=18535&charge=3&value=K.GDVEEDETIPDSEQDIRPR.F,TNPO1,1.296e+7,3.048,0.003,2.478,0.000
18540,2,"  1.830","  0.287",8/18,/core/www/modules//sdig/index.php?run_id=110202&search_id=114132&scans_id=110198&peptide_id=9865&scanf=18540&charge=2&value=8/18,sp|O94874|UFL1_HUMAN,/core/www/modules//consensus/?run_id=110202&search_id=114132&scans_id=110198&peptide_id=9865&scanf=18540&charge=2&value=sp|O94874|UFL1_HUMAN,0,/core/www/modules/match_peptides/blast_html4.php?run_id=110202&search_id=114132&scans_id=110198&peptide_id=9865&scanf=18540&charge=2&value=0,K.ELQELSSSIK.D,/core/www/modules/show_out/show_out_wrapper.php?run_id=110202&search_id=114132&scans_id=110198&peptide_id=9865&scanf=18540&charge=2&value=K.ELQELSSSIK.D,UFL1,1.662e+7,2.278,0.044,1.355,0.001
18542,3,"  2.037","  0.360",9/44,/core/www/modules//sdig/index.php?run_id=110202&search_id=114132&scans_id=110198&peptide_id=9867&scanf=18542&charge=3&value=9/44,sp|P21333|FLNA_HUMAN,/core/www/modules//consensus/?run_id=110202&search_id=114132&scans_id=110198&peptide_id=9867&scanf=18542&charge=3&value=sp|P21333|FLNA_HUMAN,2,/core/www/modules/match_peptides/blast_html4.php?run_id=110202&search_id=114132&scans_id=110198&peptide_id=9867&scanf=18542&charge=3&value=2,K.WGDEHIPGSPYR.V,/core/www/modules/show_out/show_out_wrapper.php?run_id=110202&search_id=114132&scans_id=110198&peptide_id=9867&scanf=18542&charge=3&value=K.WGDEHIPGSPYR.V,FLNA,2.019e+7,2.758,0.009,2.052,0.000
18543,2,"  1.993","  0.309",9/18,/core/www/modules//sdig/index.php?run_id=110202&search_id=114132&scans_id=110198&peptide_id=9868&scanf=18543&charge=2&value=9/18,sp|O43491|E41L2_HUMAN,/core/www/modules//consensus/?run_id=110202&search_id=114132&scans_id=110198&peptide_id=9868&scanf=18543&charge=2&value=sp|O43491|E41L2_HUMAN,5,/core/www/modules/match_peptides/blast_html4.php?run_id=110202&search_id=114132&scans_id=110198&peptide_id=9868&scanf=18543&charge=2&value=5,K.APHLQLIEGK.K,/core/www/modules/show_out/show_out_wrapper.php?run_id=110202&search_id=114132&scans_id=110198&peptide_id=9868&scanf=18543&charge=2&value=K.APHLQLIEGK.K,EPB41L2,1.004e+7,2.412,0.028,1.547,0.001
18544,3,"  2.579","  0.467",12/48,/core/www/modules//sdig/index.php?run_id=110202&search_id=114132&scans_id=110198&peptide_id=9869&scanf=18544&charge=3&value=12/48,sp|Q14683|SMC1A_HUMAN,/core/www/modules//consensus/?run_id=110202&search_id=114132&scans_id=110198&peptide_id=9869&scanf=18544&charge=3&value=sp|Q14683|SMC1A_HUMAN,2,/core/www/modules/match_peptides/blast_html4.php?run_id=110202&search_id=114132&scans_id=110198&peptide_id=9869&scanf=18544&charge=3&value=2,K.VVQLHEYSEELEK.L,/core/www/modules/show_out/show_out_wrapper.php?run_id=110202&search_id=114132&scans_id=110198&peptide_id=9869&scanf=18544&charge=3&value=K.VVQLHEYSEELEK.L,SMC1A,3.446e+7,3.093,0.003,2.546,0.000
18545,2,"  3.007","  0.597",12/20,/core/www/modules//sdig/index.php?run_id=110202&search_id=114132&scans_id=110198&peptide_id=9870&scanf=18545&charge=2&value=12/20,sp|P21127|CD11B_HUMAN,/core/www/modules//consensus/?run_id=110202&search_id=114132&scans_id=110198&peptide_id=9870&scanf=18545&charge=2&value=sp|P21127|CD11B_HUMAN,6,/core/www/modules/match_peptides/blast_html4.php?run_id=110202&search_id=114132&scans_id=110198&peptide_id=9870&scanf=18545&charge=2&value=6,R.IEEGTYGVVYR.A,/core/www/modules/show_out/show_out_wrapper.php?run_id=110202&search_id=114132&scans_id=110198&peptide_id=9870&scanf=18545&charge=2&value=R.IEEGTYGVVYR.A,CDK11B,1.071e+7,3.587,0.001,3.278,0.000
18549,2,"  1.601","  0.199",6/12,/core/www/modules//sdig/index.php?run_id=110202&search_id=114132&scans_id=110198&peptide_id=9873&scanf=18549&charge=2&value=6/12,tr|Q2TAM5|Q2TAM5_HUMAN,/core/www/modules//consensus/?run_id=110202&search_id=114132&scans_id=110198&peptide_id=9873&scanf=18549&charge=2&value=tr|Q2TAM5|Q2TAM5_HUMAN,0,/core/www/modules/match_peptides/blast_html4.php?run_id=110202&search_id=114132&scans_id=110198&peptide_id=9873&scanf=18549&charge=2&value=0,R.FSSVQLR.S,/core/www/modules/show_out/show_out_wrapper.php?run_id=110202&search_id=114132&scans_id=110198&peptide_id=9873&scanf=18549&charge=2&value=R.FSSVQLR.S,RELA,1.938e+8,2.116,0.074,1.128,0.002
18552,2,"  3.904","  0.639",21/24,/core/www/modules//sdig/index.php?run_id=110202&search_id=114132&scans_id=110198&peptide_id=9877&scanf=18552&charge=2&value=21/24,sp|P10412|H14_HUMAN,/core/www/modules//consensus/?run_id=110202&search_id=114132&scans_id=110198&peptide_id=9877&scanf=18552&charge=2&value=sp|P10412|H14_HUMAN,2,/core/www/modules/match_peptides/blast_html4.php?run_id=110202&search_id=114132&scans_id=110198&peptide_id=9877&scanf=18552&charge=2&value=2,R.KASGPPVSELITK.A,/core/www/modules/show_out/show_out_wrapper.php?run_id=110202&search_id=114132&scans_id=110198&peptide_id=9877&scanf=18552&charge=2&value=R.KASGPPVSELITK.A,H1-4,7.273e+7,3.799,0.000,3.591,0.000
18553,2,"  2.343","  0.256",9/12,/core/www/modules//sdig/index.php?run_id=110202&search_id=114132&scans_id=110198&peptide_id=9878&scanf=18553&charge=2&value=9/12,sp|P68431|H31_HUMAN,/core/www/modules//consensus/?run_id=110202&search_id=114132&scans_id=110198&peptide_id=9878&scanf=18553&charge=2&value=sp|P68431|H31_HUMAN,11,/core/www/modules/match_peptides/blast_html4.php?run_id=110202&search_id=114132&scans_id=110198&peptide_id=9878&scanf=18553&charge=2&value=11,K.STELLIR.K,/core/www/modules/show_out/show_out_wrapper.php?run_id=110202&search_id=114132&scans_id=110198&peptide_id=9878&scanf=18553&charge=2&value=K.STELLIR.K,H3C12,1.713e+9,2.725,0.010,2.003,0.000
18554,2,"  2.423","  0.346",10/18,/core/www/modules//sdig/index.php?run_id=110202&search_id=114132&scans_id=110198&peptide_id=9879&scanf=18554&charge=2&value=10/18,sp|Q9Y678|COPG1_HUMAN,/core/www/modules//consensus/?run_id=110202&search_id=114132&scans_id=110198&peptide_id=9879&scanf=18554&charge=2&value=sp|Q9Y678|COPG1_HUMAN,0,/core/www/modules/match_peptides/blast_html4.php?run_id=110202&search_id=114132&scans_id=110198&peptide_id=9879&scanf=18554&charge=2&value=0,R.VFNETPINPR.K,/core/www/modules/show_out/show_out_wrapper.php?run_id=110202&search_id=114132&scans_id=110198&peptide_id=9879&scanf=18554&charge=2&value=R.VFNETPINPR.K,COPG1,1.882e+7,2.695,0.011,1.959,0.000
18556,2,"  3.652","  0.636",14/22,/core/www/modules//sdig/index.php?run_id=110202&search_id=114132&scans_id=110198&peptide_id=9881&scanf=18556&charge=2&value=14/22,sp|P62191|PRS4_HUMAN,/core/www/modules//consensus/?run_id=110202&search_id=114132&scans_id=110198&peptide_id=9881&scanf=18556&charge=2&value=sp|P62191|PRS4_HUMAN,0,/core/www/modules/match_peptides/blast_html4.php?run_id=110202&search_id=114132&scans_id=110198&peptide_id=9881&scanf=18556&charge=2&value=0,K.AVANQTSATFLR.V,/core/www/modules/show_out/show_out_wrapper.php?run_id=110202&search_id=114132&scans_id=110198&peptide_id=9881&scanf=18556&charge=2&value=K.AVANQTSATFLR.V,PSMC1,2.367e+7,3.754,0.000,3.525,0.000
18557,2,"  3.103","  0.633",16/24,/core/www/modules//sdig/index.php?run_id=110202&search_id=114132&scans_id=110198&peptide_id=9882&scanf=18557&charge=2&value=16/24,sp|P42696|RBM34_HUMAN,/core/www/modules//consensus/?run_id=110202&search_id=114132&scans_id=110198&peptide_id=9882&scanf=18557&charge=2&value=sp|P42696|RBM34_HUMAN,2,/core/www/modules/match_peptides/blast_html4.php?run_id=110202&search_id=114132&scans_id=110198&peptide_id=9882&scanf=18557&charge=2&value=2,K.ILDDTEDTVVSQR.K,/core/www/modules/show_out/show_out_wrapper.php?run_id=110202&search_id=114132&scans_id=110198&peptide_id=9882&scanf=18557&charge=2&value=K.ILDDTEDTVVSQR.K,RBM34,1.491e+7,3.719,0.000,3.473,0.000
18558,2,"  1.921","  0.117",8/14,/core/www/modules//sdig/index.php?run_id=110202&search_id=114132&scans_id=110198&peptide_id=9883&scanf=18558&charge=2&value=8/14,sp|Q9P2I0|CPSF2_HUMAN,/core/www/modules//consensus/?run_id=110202&search_id=114132&scans_id=110198&peptide_id=9883&scanf=18558&charge=2&value=sp|Q9P2I0|CPSF2_HUMAN,0,/core/www/modules/match_peptides/blast_html4.php?run_id=110202&search_id=114132&scans_id=110198&peptide_id=9883&scanf=18558&charge=2&value=0,K.ELEEYLEK.E,/core/www/modules/show_out/show_out_wrapper.php?run_id=110202&search_id=114132&scans_id=110198&peptide_id=9883&scanf=18558&charge=2&value=K.ELEEYLEK.E,CPSF2,1.283e+7,1.980,0.113,0.946,0.005
18561,3,"  3.908","  0.657",18/52,/core/www/modules//sdig/index.php?run_id=110202&search_id=114132&scans_id=110198&peptide_id=9887&scanf=18561&charge=3&value=18/52,sp|Q14980|NUMA1_HUMAN,/core/www/modules//consensus/?run_id=110202&search_id=114132&scans_id=110198&peptide_id=9887&scanf=18561&charge=3&value=sp|Q14980|NUMA1_HUMAN,2,/core/www/modules/match_peptides/blast_html4.php?run_id=110202&search_id=114132&scans_id=110198&peptide_id=9887&scanf=18561&charge=3&value=2,R.SLEAQVAHADQQLR.D,/core/www/modules/show_out/show_out_wrapper.php?run_id=110202&search_id=114132&scans_id=110198&peptide_id=9887&scanf=18561&charge=3&value=R.SLEAQVAHADQQLR.D,NUMA1,4.685e+7,3.989,0.000,3.873,0.000
18567,2,"  3.353","  0.485",14/22,/core/www/modules//sdig/index.php?run_id=110202&search_id=114132&scans_id=110198&peptide_id=9893&scanf=18567&charge=2&value=14/22,sp|Q96T23|RSF1_HUMAN,/core/www/modules//consensus/?run_id=110202&search_id=114132&scans_id=110198&peptide_id=9893&scanf=18567&charge=2&value=sp|Q96T23|RSF1_HUMAN,2,/core/www/modules/match_peptides/blast_html4.php?run_id=110202&search_id=114132&scans_id=110198&peptide_id=9893&scanf=18567&charge=2&value=2,R.STANVLEETTVK.K,/core/www/modules/show_out/show_out_wrapper.php?run_id=110202&search_id=114132&scans_id=110198&peptide_id=9893&scanf=18567&charge=2&value=R.STANVLEETTVK.K,RSF1,3.336e+8,3.288,0.001,2.835,0.000
18569,2,"  2.008","  0.338",9/14,/core/www/modules//sdig/index.php?run_id=110202&search_id=114132&scans_id=110198&peptide_id=9894&scanf=18569&charge=2&value=9/14,sp|P62249|RS16_HUMAN,/core/www/modules//consensus/?run_id=110202&search_id=114132&scans_id=110198&peptide_id=9894&scanf=18569&charge=2&value=sp|P62249|RS16_HUMAN,1,/core/www/modules/match_peptides/blast_html4.php?run_id=110202&search_id=114132&scans_id=110198&peptide_id=9894&scanf=18569&charge=2&value=1,R.TLLVADPR.R,/core/www/modules/show_out/show_out_wrapper.php?run_id=110202&search_id=114132&scans_id=110198&peptide_id=9894&scanf=18569&charge=2&value=R.TLLVADPR.R,RPS16,3.068e+8,2.808,0.008,2.124,0.000
18570,2,"  2.399","  0.367",11/18,/core/www/modules//sdig/index.php?run_id=110202&search_id=114132&scans_id=110198&peptide_id=9896&scanf=18570&charge=2&value=11/18,sp|O15226|NKRF_HUMAN,/core/www/modules//consensus/?run_id=110202&search_id=114132&scans_id=110198&peptide_id=9896&scanf=18570&charge=2&value=sp|O15226|NKRF_HUMAN,1,/core/www/modules/match_peptides/blast_html4.php?run_id=110202&search_id=114132&scans_id=110198&peptide_id=9896&scanf=18570&charge=2&value=1,K.MGWTGGGLGK.S,/core/www/modules/show_out/show_out_wrapper.php?run_id=110202&search_id=114132&scans_id=110198&peptide_id=9896&scanf=18570&charge=2&value=K.MGWTGGGLGK.S,NKRF,1.958e+7,2.818,0.007,2.140,0.000
18572,3,"  3.904","  0.515",11/48,/core/www/modules//sdig/index.php?run_id=110202&search_id=114132&scans_id=110198&peptide_id=9898&scanf=18572&charge=3&value=11/48,sp|P40938|RFC3_HUMAN,/core/www/modules//consensus/?run_id=110202&search_id=114132&scans_id=110198&peptide_id=9898&scanf=18572&charge=3&value=sp|P40938|RFC3_HUMAN,0,/core/www/modules/match_peptides/blast_html4.php?run_id=110202&search_id=114132&scans_id=110198&peptide_id=9898&scanf=18572&charge=3&value=0,K.GEVAQMAAYYEHR.L,/core/www/modules/show_out/show_out_wrapper.php?run_id=110202&search_id=114132&scans_id=110198&peptide_id=9898&scanf=18572&charge=3&value=K.GEVAQMAAYYEHR.L,RFC3,1.464e+7,3.198,0.002,2.701,0.000
18573,2,"  2.446","  0.405",8/14,/core/www/modules//sdig/index.php?run_id=110202&search_id=114132&scans_id=110198&peptide_id=9899&scanf=18573&charge=2&value=8/14,sp|Q14204|DYHC1_HUMAN,/core/www/modules//consensus/?run_id=110202&search_id=114132&scans_id=110198&peptide_id=9899&scanf=18573&charge=2&value=sp|Q14204|DYHC1_HUMAN,25,/core/www/modules/match_peptides/blast_html4.php?run_id=110202&search_id=114132&scans_id=110198&peptide_id=9899&scanf=18573&charge=2&value=25,R.AELGEYIR.R,/core/www/modules/show_out/show_out_wrapper.php?run_id=110202&search_id=114132&scans_id=110198&peptide_id=9899&scanf=18573&charge=2&value=R.AELGEYIR.R,DYNC1H1,1.336e+7,3.212,0.002,2.721,0.000
18576,2,"  3.149","  0.530",11/20,/core/www/modules//sdig/index.php?run_id=110202&search_id=114132&scans_id=110198&peptide_id=9902&scanf=18576&charge=2&value=11/20,sp|O43143|DHX15_HUMAN,/core/www/modules//consensus/?run_id=110202&search_id=114132&scans_id=110198&peptide_id=9902&scanf=18576&charge=2&value=sp|O43143|DHX15_HUMAN,0,/core/www/modules/match_peptides/blast_html4.php?run_id=110202&search_id=114132&scans_id=110198&peptide_id=9902&scanf=18576&charge=2&value=0,R.LDLGEDYPSGK.K,/core/www/modules/show_out/show_out_wrapper.php?run_id=110202&search_id=114132&scans_id=110198&peptide_id=9902&scanf=18576&charge=2&value=R.LDLGEDYPSGK.K,DHX15,2.242e+7,3.306,0.001,2.860,0.000
18577,2,"  3.395","  0.547",14/22,/core/www/modules//sdig/index.php?run_id=110202&search_id=114132&scans_id=110198&peptide_id=9903&scanf=18577&charge=2&value=14/22,sp|Q08170|SRSF4_HUMAN,/core/www/modules//consensus/?run_id=110202&search_id=114132&scans_id=110198&peptide_id=9903&scanf=18577&charge=2&value=sp|Q08170|SRSF4_HUMAN,6,/core/www/modules/match_peptides/blast_html4.php?run_id=110202&search_id=114132&scans_id=110198&peptide_id=9903&scanf=18577&charge=2&value=6,R.DADDAVYELNGK.D,/core/www/modules/show_out/show_out_wrapper.php?run_id=110202&search_id=114132&scans_id=110198&peptide_id=9903&scanf=18577&charge=2&value=R.DADDAVYELNGK.D,SRSF4,1.976e+8,3.356,0.001,2.935,0.000
18586,4,"  2.472","  0.224",14/96,/core/www/modules//sdig/index.php?run_id=110202&search_id=114132&scans_id=110198&peptide_id=9913&scanf=18586&charge=4&value=14/96,sp|P04083|ANXA1_HUMAN,/core/www/modules//consensus/?run_id=110202&search_id=114132&scans_id=110198&peptide_id=9913&scanf=18586&charge=4&value=sp|P04083|ANXA1_HUMAN,2,/core/www/modules/match_peptides/blast_html4.php?run_id=110202&search_id=114132&scans_id=110198&peptide_id=9913&scanf=18586&charge=4&value=2,K.AAYLQETGKPLDETLKK.A,/core/www/modules/show_out/show_out_wrapper.php?run_id=110202&search_id=114132&scans_id=110198&peptide_id=9913&scanf=18586&charge=4&value=K.AAYLQETGKPLDETLKK.A,ANXA1,4.852e+6,2.069,0.086,1.065,0.004
18587,2,"  3.236","  0.595",16/26,/core/www/modules//sdig/index.php?run_id=110202&search_id=114132&scans_id=110198&peptide_id=9914&scanf=18587&charge=2&value=16/26,sp|P38646|GRP75_HUMAN,/core/www/modules//consensus/?run_id=110202&search_id=114132&scans_id=110198&peptide_id=9914&scanf=18587&charge=2&value=sp|P38646|GRP75_HUMAN,6,/core/www/modules/match_peptides/blast_html4.php?run_id=110202&search_id=114132&scans_id=110198&peptide_id=9914&scanf=18587&charge=2&value=6,R.EQQIVIQSSGGLSK.D,/core/www/modules/show_out/show_out_wrapper.php?run_id=110202&search_id=114132&scans_id=110198&peptide_id=9914&scanf=18587&charge=2&value=R.EQQIVIQSSGGLSK.D,HSPA9,6.485e+6,3.530,0.001,3.193,0.000
18588,2,"  2.594","  0.429",10/20,/core/www/modules//sdig/index.php?run_id=110202&search_id=114132&scans_id=110198&peptide_id=9915&scanf=18588&charge=2&value=10/20,sp|Q16629|SRSF7_HUMAN,/core/www/modules//consensus/?run_id=110202&search_id=114132&scans_id=110198&peptide_id=9915&scanf=18588&charge=2&value=sp|Q16629|SRSF7_HUMAN,2,/core/www/modules/match_peptides/blast_html4.php?run_id=110202&search_id=114132&scans_id=110198&peptide_id=9915&scanf=18588&charge=2&value=2,R.VRVELSTGMPR.R,/core/www/modules/show_out/show_out_wrapper.php?run_id=110202&search_id=114132&scans_id=110198&peptide_id=9915&scanf=18588&charge=2&value=R.VRVELSTGMPR.R,SRSF7,3.245e+7,2.618,0.014,1.846,0.000
18591,3,"  3.314","  0.396",12/52,/core/www/modules//sdig/index.php?run_id=110202&search_id=114132&scans_id=110198&peptide_id=9918&scanf=18591&charge=3&value=12/52,sp|Q9NQC3|RTN4_HUMAN,/core/www/modules//consensus/?run_id=110202&search_id=114132&scans_id=110198&peptide_id=9918&scanf=18591&charge=3&value=sp|Q9NQC3|RTN4_HUMAN,1,/core/www/modules/match_peptides/blast_html4.php?run_id=110202&search_id=114132&scans_id=110198&peptide_id=9918&scanf=18591&charge=3&value=1,R.HQAQIDHYLGLANK.N,/core/www/modules/show_out/show_out_wrapper.php?run_id=110202&search_id=114132&scans_id=110198&peptide_id=9918&scanf=18591&charge=3&value=R.HQAQIDHYLGLANK.N,RTN4,1.138e+8,2.727,0.010,2.006,0.000
18593,2,"  1.911","  0.506",9/14,/core/www/modules//sdig/index.php?run_id=110202&search_id=114132&scans_id=110198&peptide_id=9920&scanf=18593&charge=2&value=9/14,sp|O00159|MYO1C_HUMAN,/core/www/modules//consensus/?run_id=110202&search_id=114132&scans_id=110198&peptide_id=9920&scanf=18593&charge=2&value=sp|O00159|MYO1C_HUMAN,1,/core/www/modules/match_peptides/blast_html4.php?run_id=110202&search_id=114132&scans_id=110198&peptide_id=9920&scanf=18593&charge=2&value=1,K.AVASEIFK.G,/core/www/modules/show_out/show_out_wrapper.php?run_id=110202&search_id=114132&scans_id=110198&peptide_id=9920&scanf=18593&charge=2&value=K.AVASEIFK.G,MYO1C,3.365e+7,3.446,0.001,3.069,0.000
18595,2,"  2.649","  0.252",10/18,/core/www/modules//sdig/index.php?run_id=110202&search_id=114132&scans_id=110198&peptide_id=9922&scanf=18595&charge=2&value=10/18,sp|Q96ST3|SIN3A_HUMAN,/core/www/modules//consensus/?run_id=110202&search_id=114132&scans_id=110198&peptide_id=9922&scanf=18595&charge=2&value=sp|Q96ST3|SIN3A_HUMAN,0,/core/www/modules/match_peptides/blast_html4.php?run_id=110202&search_id=114132&scans_id=110198&peptide_id=9922&scanf=18595&charge=2&value=0,K.LLFSNTAAQK.L,/core/www/modules/show_out/show_out_wrapper.php?run_id=110202&search_id=114132&scans_id=110198&peptide_id=9922&scanf=18595&charge=2&value=K.LLFSNTAAQK.L,SIN3A,1.304e+7,2.395,0.030,1.523,0.001
18596,2,"  2.241","  0.327",10/20,/core/www/modules//sdig/index.php?run_id=110202&search_id=114132&scans_id=110198&peptide_id=9923&scanf=18596&charge=2&value=10/20,sp|O00203|AP3B1_HUMAN,/core/www/modules//consensus/?run_id=110202&search_id=114132&scans_id=110198&peptide_id=9923&scanf=18596&charge=2&value=sp|O00203|AP3B1_HUMAN,16,/core/www/modules/match_peptides/blast_html4.php?run_id=110202&search_id=114132&scans_id=110198&peptide_id=9923&scanf=18596&charge=2&value=16,K.EASADLSPYVR.K,/core/www/modules/show_out/show_out_wrapper.php?run_id=110202&search_id=114132&scans_id=110198&peptide_id=9923&scanf=18596&charge=2&value=K.EASADLSPYVR.K,AP3B1,8.543e+6,2.416,0.028,1.552,0.001
18598,2,"  2.822","  0.565",14/22,/core/www/modules//sdig/index.php?run_id=110202&search_id=114132&scans_id=110198&peptide_id=9925&scanf=18598&charge=2&value=14/22,sp|P49792|RBP2_HUMAN,/core/www/modules//consensus/?run_id=110202&search_id=114132&scans_id=110198&peptide_id=9925&scanf=18598&charge=2&value=sp|P49792|RBP2_HUMAN,2,/core/www/modules/match_peptides/blast_html4.php?run_id=110202&search_id=114132&scans_id=110198&peptide_id=9925&scanf=18598&charge=2&value=2,K.TGSGLNSFYDQR.E,/core/www/modules/show_out/show_out_wrapper.php?run_id=110202&search_id=114132&scans_id=110198&peptide_id=9925&scanf=18598&charge=2&value=K.TGSGLNSFYDQR.E,RANBP2,1.063e+7,3.554,0.001,3.228,0.000
18600,2,"  2.178","  0.517",9/14,/core/www/modules//sdig/index.php?run_id=110202&search_id=114132&scans_id=110198&peptide_id=9928&scanf=18600&charge=2&value=9/14,sp|Q9H307|PININ_HUMAN,/core/www/modules//consensus/?run_id=110202&search_id=114132&scans_id=110198&peptide_id=9928&scanf=18600&charge=2&value=sp|Q9H307|PININ_HUMAN,0,/core/www/modules/match_peptides/blast_html4.php?run_id=110202&search_id=114132&scans_id=110198&peptide_id=9928&scanf=18600&charge=2&value=0,K.MNALFEGR.R,/core/www/modules/show_out/show_out_wrapper.php?run_id=110202&search_id=114132&scans_id=110198&peptide_id=9928&scanf=18600&charge=2&value=K.MNALFEGR.R,PNN,1.890e+7,3.416,0.001,3.023,0.000
18601,2,"  2.139","  0.435",9/18,/core/www/modules//sdig/index.php?run_id=110202&search_id=114132&scans_id=110198&peptide_id=9929&scanf=18601&charge=2&value=9/18,sp|O94880|PHF14_HUMAN,/core/www/modules//consensus/?run_id=110202&search_id=114132&scans_id=110198&peptide_id=9929&scanf=18601&charge=2&value=sp|O94880|PHF14_HUMAN,0,/core/www/modules/match_peptides/blast_html4.php?run_id=110202&search_id=114132&scans_id=110198&peptide_id=9929&scanf=18601&charge=2&value=0,K.SNEDSLILEK.S,/core/www/modules/show_out/show_out_wrapper.php?run_id=110202&search_id=114132&scans_id=110198&peptide_id=9929&scanf=18601&charge=2&value=K.SNEDSLILEK.S,PHF14,7.181e+6,2.677,0.012,1.933,0.000
18602,2,"  3.326","  0.607",12/24,/core/www/modules//sdig/index.php?run_id=110202&search_id=114132&scans_id=110198&peptide_id=9930&scanf=18602&charge=2&value=12/24,sp|P26641|EF1G_HUMAN,/core/www/modules//consensus/?run_id=110202&search_id=114132&scans_id=110198&peptide_id=9930&scanf=18602&charge=2&value=sp|P26641|EF1G_HUMAN,0,/core/www/modules/match_peptides/blast_html4.php?run_id=110202&search_id=114132&scans_id=110198&peptide_id=9930&scanf=18602&charge=2&value=0,K.LDPGSEETQTLVR.E,/core/www/modules/show_out/show_out_wrapper.php?run_id=110202&search_id=114132&scans_id=110198&peptide_id=9930&scanf=18602&charge=2&value=K.LDPGSEETQTLVR.E,EEF1G,1.786e+7,3.399,0.001,2.998,0.000
18604,2,"  4.224","  0.559",17/24,/core/www/modules//sdig/index.php?run_id=110202&search_id=114132&scans_id=110198&peptide_id=9932&scanf=18604&charge=2&value=17/24,sp|Q9Y230|RUVB2_HUMAN,/core/www/modules//consensus/?run_id=110202&search_id=114132&scans_id=110198&peptide_id=9932&scanf=18604&charge=2&value=sp|Q9Y230|RUVB2_HUMAN,1,/core/www/modules/match_peptides/blast_html4.php?run_id=110202&search_id=114132&scans_id=110198&peptide_id=9932&scanf=18604&charge=2&value=1,K.DKVQAGDVITIDK.A,/core/www/modules/show_out/show_out_wrapper.php?run_id=110202&search_id=114132&scans_id=110198&peptide_id=9932&scanf=18604&charge=2&value=K.DKVQAGDVITIDK.A,RUVBL2,7.959e+6,3.371,0.001,2.957,0.000
18614,2,"  2.827","  0.575",11/20,/core/www/modules//sdig/index.php?run_id=110202&search_id=114132&scans_id=110198&peptide_id=9942&scanf=18614&charge=2&value=11/20,sp|P08238|HS90B_HUMAN,/core/www/modules//consensus/?run_id=110202&search_id=114132&scans_id=110198&peptide_id=9942&scanf=18614&charge=2&value=sp|P08238|HS90B_HUMAN,1,/core/www/modules/match_peptides/blast_html4.php?run_id=110202&search_id=114132&scans_id=110198&peptide_id=9942&scanf=18614&charge=2&value=1,R.DNSTMGYMMAK.K,/core/www/modules/show_out/show_out_wrapper.php?run_id=110202&search_id=114132&scans_id=110198&peptide_id=9942&scanf=18614&charge=2&value=R.DNSTMGYMMAK.K,HSP90AB1,2.331e+7,3.474,0.001,3.109,0.000
18616,3,"  4.317","  0.635",20/88,/core/www/modules//sdig/index.php?run_id=110202&search_id=114132&scans_id=110198&peptide_id=9944&scanf=18616&charge=3&value=20/88,sp|Q5JTH9|RRP12_HUMAN,/core/www/modules//consensus/?run_id=110202&search_id=114132&scans_id=110198&peptide_id=9944&scanf=18616&charge=3&value=sp|Q5JTH9|RRP12_HUMAN,0,/core/www/modules/match_peptides/blast_html4.php?run_id=110202&search_id=114132&scans_id=110198&peptide_id=9944&scanf=18616&charge=3&value=0,R.ALSQAAVEEEEEEEEEEEPAQGK.G,/core/www/modules/show_out/show_out_wrapper.php?run_id=110202&search_id=114132&scans_id=110198&peptide_id=9944&scanf=18616&charge=3&value=R.ALSQAAVEEEEEEEEEEEPAQGK.G,RRP12,9.072e+6,3.318,0.001,2.879,0.000
18619,4,"  5.025","  0.450",18/96,/core/www/modules//sdig/index.php?run_id=110202&search_id=114132&scans_id=110198&peptide_id=9947&scanf=18619&charge=4&value=18/96,sp|Q92769|HDAC2_HUMAN,/core/www/modules//consensus/?run_id=110202&search_id=114132&scans_id=110198&peptide_id=9947&scanf=18619&charge=4&value=sp|Q92769|HDAC2_HUMAN,1,/core/www/modules/match_peptides/blast_html4.php?run_id=110202&search_id=114132&scans_id=110198&peptide_id=9947&scanf=18619&charge=4&value=1,R.QQTDMAVNWAGGLHHAK.K,/core/www/modules/show_out/show_out_wrapper.php?run_id=110202&search_id=114132&scans_id=110198&peptide_id=9947&scanf=18619&charge=4&value=R.QQTDMAVNWAGGLHHAK.K,HDAC2,1.094e+7,3.322,0.001,2.885,0.000
18621,3,"  3.976","  0.557",21/72,/core/www/modules//sdig/index.php?run_id=110202&search_id=114132&scans_id=110198&peptide_id=9949&scanf=18621&charge=3&value=21/72,sp|Q01082|SPTB2_HUMAN,/core/www/modules//consensus/?run_id=110202&search_id=114132&scans_id=110198&peptide_id=9949&scanf=18621&charge=3&value=sp|Q01082|SPTB2_HUMAN,1,/core/www/modules/match_peptides/blast_html4.php?run_id=110202&search_id=114132&scans_id=110198&peptide_id=9949&scanf=18621&charge=3&value=1,K.IVSSSDVGHDEYSTQSLVK.K,/core/www/modules/show_out/show_out_wrapper.php?run_id=110202&search_id=114132&scans_id=110198&peptide_id=9949&scanf=18621&charge=3&value=K.IVSSSDVGHDEYSTQSLVK.K,SPTBN1,1.227e+7,3.340,0.001,2.912,0.000
18622,2,"  3.660","  0.643",16/24,/core/www/modules//sdig/index.php?run_id=110202&search_id=114132&scans_id=110198&peptide_id=9950&scanf=18622&charge=2&value=16/24,sp|O95251|KAT7_HUMAN,/core/www/modules//consensus/?run_id=110202&search_id=114132&scans_id=110198&peptide_id=9950&scanf=18622&charge=2&value=sp|O95251|KAT7_HUMAN,2,/core/www/modules/match_peptides/blast_html4.php?run_id=110202&search_id=114132&scans_id=110198&peptide_id=9950&scanf=18622&charge=2&value=2,R.LQGQITEGSNMIK.T,/core/www/modules/show_out/show_out_wrapper.php?run_id=110202&search_id=114132&scans_id=110198&peptide_id=9950&scanf=18622&charge=2&value=R.LQGQITEGSNMIK.T,KAT7,1.671e+7,3.805,0.000,3.601,0.000
18624,2,"  2.358","  0.499",12/18,/core/www/modules//sdig/index.php?run_id=110202&search_id=114132&scans_id=110198&peptide_id=9952&scanf=18624&charge=2&value=12/18,sp|Q96G21|IMP4_HUMAN,/core/www/modules//consensus/?run_id=110202&search_id=114132&scans_id=110198&peptide_id=9952&scanf=18624&charge=2&value=sp|Q96G21|IMP4_HUMAN,3,/core/www/modules/match_peptides/blast_html4.php?run_id=110202&search_id=114132&scans_id=110198&peptide_id=9952&scanf=18624&charge=2&value=3,R.NVELTEVGPR.F,/core/www/modules/show_out/show_out_wrapper.php?run_id=110202&search_id=114132&scans_id=110198&peptide_id=9952&scanf=18624&charge=2&value=R.NVELTEVGPR.F,IMP4,9.608e+6,3.318,0.001,2.878,0.000
18625,3,"  7.878","  0.691",25/104,/core/www/modules//sdig/index.php?run_id=110202&search_id=114132&scans_id=110198&peptide_id=9953&scanf=18625&charge=3&value=25/104,sp|P02545|LMNA_HUMAN,/core/www/modules//consensus/?run_id=110202&search_id=114132&scans_id=110198&peptide_id=9953&scanf=18625&charge=3&value=sp|P02545|LMNA_HUMAN,1,/core/www/modules/match_peptides/blast_html4.php?run_id=110202&search_id=114132&scans_id=110198&peptide_id=9953&scanf=18625&charge=3&value=1,K.ASASGSGAQVGGPISSGSSASSVTVTR.S,/core/www/modules/show_out/show_out_wrapper.php?run_id=110202&search_id=114132&scans_id=110198&peptide_id=9953&scanf=18625&charge=3&value=K.ASASGSGAQVGGPISSGSSASSVTVTR.S,LMNA,1.093e+7,3.636,0.000,3.349,0.000
18628,2,"  5.387","  0.729",21/32,/core/www/modules//sdig/index.php?run_id=110202&search_id=114132&scans_id=110198&peptide_id=9956&scanf=18628&charge=2&value=21/32,sp|O94906|PRP6_HUMAN,/core/www/modules//consensus/?run_id=110202&search_id=114132&scans_id=110198&peptide_id=9956&scanf=18628&charge=2&value=sp|O94906|PRP6_HUMAN,0,/core/www/modules/match_peptides/blast_html4.php?run_id=110202&search_id=114132&scans_id=110198&peptide_id=9956&scanf=18628&charge=2&value=0,R.LSQVSDSVSGQTVVDPK.G,/core/www/modules/show_out/show_out_wrapper.php?run_id=110202&search_id=114132&scans_id=110198&peptide_id=9956&scanf=18628&charge=2&value=R.LSQVSDSVSGQTVVDPK.G,PRPF6,1.168e+7,4.114,0.000,4.059,0.000
18634,2,"  2.640","  0.582",11/16,/core/www/modules//sdig/index.php?run_id=110202&search_id=114132&scans_id=110198&peptide_id=9962&scanf=18634&charge=2&value=11/16,sp|P11387|TOP1_HUMAN,/core/www/modules//consensus/?run_id=110202&search_id=114132&scans_id=110198&peptide_id=9962&scanf=18634&charge=2&value=sp|P11387|TOP1_HUMAN,1,/core/www/modules/match_peptides/blast_html4.php?run_id=110202&search_id=114132&scans_id=110198&peptide_id=9962&scanf=18634&charge=2&value=1,K.QPEDDLFDR.L,/core/www/modules/show_out/show_out_wrapper.php?run_id=110202&search_id=114132&scans_id=110198&peptide_id=9962&scanf=18634&charge=2&value=K.QPEDDLFDR.L,TOP1,5.719e+7,3.812,0.000,3.611,0.000
18635,2,"  1.442","  0.107",8/12,/core/www/modules//sdig/index.php?run_id=110202&search_id=114132&scans_id=110198&peptide_id=9963&scanf=18635&charge=2&value=8/12,sp|P78527|PRKDC_HUMAN,/core/www/modules//consensus/?run_id=110202&search_id=114132&scans_id=110198&peptide_id=9963&scanf=18635&charge=2&value=sp|P78527|PRKDC_HUMAN,1,/core/www/modules/match_peptides/blast_html4.php?run_id=110202&search_id=114132&scans_id=110198&peptide_id=9963&scanf=18635&charge=2&value=1,K.IGELFSK.F,/core/www/modules/show_out/show_out_wrapper.php?run_id=110202&search_id=114132&scans_id=110198&peptide_id=9963&scanf=18635&charge=2&value=K.IGELFSK.F,PRKDC,1.208e+8,2.878,0.006,2.228,0.000
18636,2,"  2.741","  0.577",12/18,/core/www/modules//sdig/index.php?run_id=110202&search_id=114132&scans_id=110198&peptide_id=9964&scanf=18636&charge=2&value=12/18,sp|Q8NI27|THOC2_HUMAN,/core/www/modules//consensus/?run_id=110202&search_id=114132&scans_id=110198&peptide_id=9964&scanf=18636&charge=2&value=sp|Q8NI27|THOC2_HUMAN,1,/core/www/modules/match_peptides/blast_html4.php?run_id=110202&search_id=114132&scans_id=110198&peptide_id=9964&scanf=18636&charge=2&value=1,K.AEGGYFGQIR.N,/core/www/modules/show_out/show_out_wrapper.php?run_id=110202&search_id=114132&scans_id=110198&peptide_id=9964&scanf=18636&charge=2&value=K.AEGGYFGQIR.N,THOC2,2.042e+7,3.632,0.000,3.344,0.000
18639,2,"  1.929","  0.288",8/14,/core/www/modules//sdig/index.php?run_id=110202&search_id=114132&scans_id=110198&peptide_id=9967&scanf=18639&charge=2&value=8/14,sp|Q9UK61|TASOR_HUMAN,/core/www/modules//consensus/?run_id=110202&search_id=114132&scans_id=110198&peptide_id=9967&scanf=18639&charge=2&value=sp|Q9UK61|TASOR_HUMAN,1,/core/www/modules/match_peptides/blast_html4.php?run_id=110202&search_id=114132&scans_id=110198&peptide_id=9967&scanf=18639&charge=2&value=1,R.HIVFLTEK.N,/core/www/modules/show_out/show_out_wrapper.php?run_id=110202&search_id=114132&scans_id=110198&peptide_id=9967&scanf=18639&charge=2&value=R.HIVFLTEK.N,TASOR,2.103e+7,2.549,0.018,1.745,0.000
18640,2,"  1.731","  0.142",7/12,/core/www/modules//sdig/index.php?run_id=110202&search_id=114132&scans_id=110198&peptide_id=9969&scanf=18640&charge=2&value=7/12,sp|Q6P2Q9|PRP8_HUMAN,/core/www/modules//consensus/?run_id=110202&search_id=114132&scans_id=110198&peptide_id=9969&scanf=18640&charge=2&value=sp|Q6P2Q9|PRP8_HUMAN,0,/core/www/modules/match_peptides/blast_html4.php?run_id=110202&search_id=114132&scans_id=110198&peptide_id=9969&scanf=18640&charge=2&value=0,R.VYLGALK.Y,/core/www/modules/show_out/show_out_wrapper.php?run_id=110202&search_id=114132&scans_id=110198&peptide_id=9969&scanf=18640&charge=2&value=R.VYLGALK.Y,PRPF8,2.946e+7,2.417,0.028,1.554,0.001
18641,3,"  3.723","  0.613",18/48,/core/www/modules//sdig/index.php?run_id=110202&search_id=114132&scans_id=110198&peptide_id=9970&scanf=18641&charge=3&value=18/48,sp|Q9NZI8|IF2B1_HUMAN,/core/www/modules//consensus/?run_id=110202&search_id=114132&scans_id=110198&peptide_id=9970&scanf=18641&charge=3&value=sp|Q9NZI8|IF2B1_HUMAN,0,/core/www/modules/match_peptides/blast_html4.php?run_id=110202&search_id=114132&scans_id=110198&peptide_id=9970&scanf=18641&charge=3&value=0,K.IIGHFYASQMAQR.K,/core/www/modules/show_out/show_out_wrapper.php?run_id=110202&search_id=114132&scans_id=110198&peptide_id=9970&scanf=18641&charge=3&value=K.IIGHFYASQMAQR.K,IGF2BP1,2.598e+7,3.752,0.000,3.522,0.000
18645,2,"  2.600","  0.498",13/24,/core/www/modules//sdig/index.php?run_id=110202&search_id=114132&scans_id=110198&peptide_id=9974&scanf=18645&charge=2&value=13/24,sp|Q92945|FUBP2_HUMAN,/core/www/modules//consensus/?run_id=110202&search_id=114132&scans_id=110198&peptide_id=9974&scanf=18645&charge=2&value=sp|Q92945|FUBP2_HUMAN,3,/core/www/modules/match_peptides/blast_html4.php?run_id=110202&search_id=114132&scans_id=110198&peptide_id=9974&scanf=18645&charge=2&value=3,K.VQISPDSGGLPER.S,/core/www/modules/show_out/show_out_wrapper.php?run_id=110202&search_id=114132&scans_id=110198&peptide_id=9974&scanf=18645&charge=2&value=K.VQISPDSGGLPER.S,KHSRP,9.717e+6,3.082,0.003,2.529,0.000
18647,3,"  3.422","  0.441",11/48,/core/www/modules//sdig/index.php?run_id=110202&search_id=114132&scans_id=110198&peptide_id=9976&scanf=18647&charge=3&value=11/48,sp|Q9Y230|RUVB2_HUMAN,/core/www/modules//consensus/?run_id=110202&search_id=114132&scans_id=110198&peptide_id=9976&scanf=18647&charge=3&value=sp|Q9Y230|RUVB2_HUMAN,1,/core/www/modules/match_peptides/blast_html4.php?run_id=110202&search_id=114132&scans_id=110198&peptide_id=9976&scanf=18647&charge=3&value=1,K.DKVQAGDVITIDK.A,/core/www/modules/show_out/show_out_wrapper.php?run_id=110202&search_id=114132&scans_id=110198&peptide_id=9976&scanf=18647&charge=3&value=K.DKVQAGDVITIDK.A,RUVBL2,5.941e+6,2.684,0.011,1.942,0.000
18648,2,"  4.412","  0.789",21/34,/core/www/modules//sdig/index.php?run_id=110202&search_id=114132&scans_id=110198&peptide_id=9977&scanf=18648&charge=2&value=21/34,sp|P14868|SYDC_HUMAN,/core/www/modules//consensus/?run_id=110202&search_id=114132&scans_id=110198&peptide_id=9977&scanf=18648&charge=2&value=sp|P14868|SYDC_HUMAN,1,/core/www/modules/match_peptides/blast_html4.php?run_id=110202&search_id=114132&scans_id=110198&peptide_id=9977&scanf=18648&charge=2&value=1,R.EAGVEMGDEDDLSTPNEK.L,/core/www/modules/show_out/show_out_wrapper.php?run_id=110202&search_id=114132&scans_id=110198&peptide_id=9977&scanf=18648&charge=2&value=R.EAGVEMGDEDDLSTPNEK.L,DARS1,5.898e+6,4.072,0.000,3.996,0.000
18649,2,"  2.932","  0.516",9/20,/core/www/modules//sdig/index.php?run_id=110202&search_id=114132&scans_id=110198&peptide_id=9978&scanf=18649&charge=2&value=9/20,sp|P33240|CSTF2_HUMAN,/core/www/modules//consensus/?run_id=110202&search_id=114132&scans_id=110198&peptide_id=9978&scanf=18649&charge=2&value=sp|P33240|CSTF2_HUMAN,2,/core/www/modules/match_peptides/blast_html4.php?run_id=110202&search_id=114132&scans_id=110198&peptide_id=9978&scanf=18649&charge=2&value=2,R.GSLPANVPTPR.G,/core/www/modules/show_out/show_out_wrapper.php?run_id=110202&search_id=114132&scans_id=110198&peptide_id=9978&scanf=18649&charge=2&value=R.GSLPANVPTPR.G,CSTF2,1.603e+7,3.090,0.003,2.540,0.000
18651,2,"  2.215","  0.303",9/14,/core/www/modules//sdig/index.php?run_id=110202&search_id=114132&scans_id=110198&peptide_id=9981&scanf=18651&charge=2&value=9/14,sp|Q92759|TF2H4_HUMAN,/core/www/modules//consensus/?run_id=110202&search_id=114132&scans_id=110198&peptide_id=9981&scanf=18651&charge=2&value=sp|Q92759|TF2H4_HUMAN,0,/core/www/modules/match_peptides/blast_html4.php?run_id=110202&search_id=114132&scans_id=110198&peptide_id=9981&scanf=18651&charge=2&value=0,R.IALLGGGK.A,/core/www/modules/show_out/show_out_wrapper.php?run_id=110202&search_id=114132&scans_id=110198&peptide_id=9981&scanf=18651&charge=2&value=R.IALLGGGK.A,GTF2H4,1.759e+7,2.677,0.012,1.932,0.000
18653,2,"  2.066","  0.085",9/12,/core/www/modules//sdig/index.php?run_id=110202&search_id=114132&scans_id=110198&peptide_id=9982&scanf=18653&charge=2&value=9/12,sp|Q6P2Q9|PRP8_HUMAN,/core/www/modules//consensus/?run_id=110202&search_id=114132&scans_id=110198&peptide_id=9982&scanf=18653&charge=2&value=sp|Q6P2Q9|PRP8_HUMAN,0,/core/www/modules/match_peptides/blast_html4.php?run_id=110202&search_id=114132&scans_id=110198&peptide_id=9982&scanf=18653&charge=2&value=0,R.TGQLFLK.I,/core/www/modules/show_out/show_out_wrapper.php?run_id=110202&search_id=114132&scans_id=110198&peptide_id=9982&scanf=18653&charge=2&value=R.TGQLFLK.I,PRPF8,4.519e+7,2.496,0.021,1.668,0.001
18654,2,"  2.720","  0.661",11/18,/core/www/modules//sdig/index.php?run_id=110202&search_id=114132&scans_id=110198&peptide_id=9983&scanf=18654&charge=2&value=11/18,sp|P35579|MYH9_HUMAN,/core/www/modules//consensus/?run_id=110202&search_id=114132&scans_id=110198&peptide_id=9983&scanf=18654&charge=2&value=sp|P35579|MYH9_HUMAN,1,/core/www/modules/match_peptides/blast_html4.php?run_id=110202&search_id=114132&scans_id=110198&peptide_id=9983&scanf=18654&charge=2&value=1,R.TEMEDLMSSK.D,/core/www/modules/show_out/show_out_wrapper.php?run_id=110202&search_id=114132&scans_id=110198&peptide_id=9983&scanf=18654&charge=2&value=R.TEMEDLMSSK.D,MYH9,2.370e+7,3.959,0.000,3.829,0.000
18658,2,"  4.146","  0.594",21/24,/core/www/modules//sdig/index.php?run_id=110202&search_id=114132&scans_id=110198&peptide_id=9987&scanf=18658&charge=2&value=21/24,sp|Q92925|SMRD2_HUMAN,/core/www/modules//consensus/?run_id=110202&search_id=114132&scans_id=110198&peptide_id=9987&scanf=18658&charge=2&value=sp|Q92925|SMRD2_HUMAN,5,/core/www/modules/match_peptides/blast_html4.php?run_id=110202&search_id=114132&scans_id=110198&peptide_id=9987&scanf=18658&charge=2&value=5,R.MPTTQETDGFQVK.R,/core/www/modules/show_out/show_out_wrapper.php?run_id=110202&search_id=114132&scans_id=110198&peptide_id=9987&scanf=18658&charge=2&value=R.MPTTQETDGFQVK.R,SMARCD2,1.956e+7,3.989,0.000,3.873,0.000
18659,2,"  3.222","  0.635",14/24,/core/www/modules//sdig/index.php?run_id=110202&search_id=114132&scans_id=110198&peptide_id=9988&scanf=18659&charge=2&value=14/24,sp|P35579|MYH9_HUMAN,/core/www/modules//consensus/?run_id=110202&search_id=114132&scans_id=110198&peptide_id=9988&scanf=18659&charge=2&value=sp|P35579|MYH9_HUMAN,1,/core/www/modules/match_peptides/blast_html4.php?run_id=110202&search_id=114132&scans_id=110198&peptide_id=9988&scanf=18659&charge=2&value=1,R.DELADEIANSSGK.G,/core/www/modules/show_out/show_out_wrapper.php?run_id=110202&search_id=114132&scans_id=110198&peptide_id=9988&scanf=18659&charge=2&value=R.DELADEIANSSGK.G,MYH9,8.365e+6,3.760,0.000,3.533,0.000
18661,2,"  3.771","  0.669",18/26,/core/www/modules//sdig/index.php?run_id=110202&search_id=114132&scans_id=110198&peptide_id=9991&scanf=18661&charge=2&value=18/26,sp|Q9BRJ6|CG050_HUMAN,/core/www/modules//consensus/?run_id=110202&search_id=114132&scans_id=110198&peptide_id=9991&scanf=18661&charge=2&value=sp|Q9BRJ6|CG050_HUMAN,3,/core/www/modules/match_peptides/blast_html4.php?run_id=110202&search_id=114132&scans_id=110198&peptide_id=9991&scanf=18661&charge=2&value=3,R.ELDEEGSDPPLPGR.A,/core/www/modules/show_out/show_out_wrapper.php?run_id=110202&search_id=114132&scans_id=110198&peptide_id=9991&scanf=18661&charge=2&value=R.ELDEEGSDPPLPGR.A,C7orf50,2.649e+7,3.828,0.000,3.634,0.000
18663,3,"  4.064","  0.501",16/48,/core/www/modules//sdig/index.php?run_id=110202&search_id=114132&scans_id=110198&peptide_id=9993&scanf=18663&charge=3&value=16/48,sp|Q96I24|FUBP3_HUMAN,/core/www/modules//consensus/?run_id=110202&search_id=114132&scans_id=110198&peptide_id=9993&scanf=18663&charge=3&value=sp|Q96I24|FUBP3_HUMAN,0,/core/www/modules/match_peptides/blast_html4.php?run_id=110202&search_id=114132&scans_id=110198&peptide_id=9993&scanf=18663&charge=3&value=0,R.IQFKPDDGISPER.A,/core/www/modules/show_out/show_out_wrapper.php?run_id=110202&search_id=114132&scans_id=110198&peptide_id=9993&scanf=18663&charge=3&value=R.IQFKPDDGISPER.A,FUBP3,1.933e+7,3.315,0.001,2.874,0.000
18668,2,"  5.330","  0.307",22/34,/core/www/modules//sdig/index.php?run_id=110202&search_id=114132&scans_id=110198&peptide_id=9998&scanf=18668&charge=2&value=22/34,sp|Q14690|RRP5_HUMAN,/core/www/modules//consensus/?run_id=110202&search_id=114132&scans_id=110198&peptide_id=9998&scanf=18668&charge=2&value=sp|Q14690|RRP5_HUMAN,1,/core/www/modules/match_peptides/blast_html4.php?run_id=110202&search_id=114132&scans_id=110198&peptide_id=9998&scanf=18668&charge=2&value=1,K.FVTSTSDHFVEGQTVAAK.V,/core/www/modules/show_out/show_out_wrapper.php?run_id=110202&search_id=114132&scans_id=110198&peptide_id=9998&scanf=18668&charge=2&value=K.FVTSTSDHFVEGQTVAAK.V,PDCD11,5.120e+6,2.639,0.013,1.876,0.000
18669,2,"  3.872","  0.592",16/22,/core/www/modules//sdig/index.php?run_id=110202&search_id=114132&scans_id=110198&peptide_id=9999&scanf=18669&charge=2&value=16/22,sp|P43243|MATR3_HUMAN,/core/www/modules//consensus/?run_id=110202&search_id=114132&scans_id=110198&peptide_id=9999&scanf=18669&charge=2&value=sp|P43243|MATR3_HUMAN,4,/core/www/modules/match_peptides/blast_html4.php?run_id=110202&search_id=114132&scans_id=110198&peptide_id=9999&scanf=18669&charge=2&value=4,R.DLDELSRYPEDK.I,/core/www/modules/show_out/show_out_wrapper.php?run_id=110202&search_id=114132&scans_id=110198&peptide_id=9999&scanf=18669&charge=2&value=R.DLDELSRYPEDK.I,MATR3,5.234e+6,3.576,0.001,3.261,0.000
18672,3,"  2.756","  0.281",12/44,/core/www/modules//sdig/index.php?run_id=110202&search_id=114132&scans_id=110198&peptide_id=10003&scanf=18672&charge=3&value=12/44,sp|Q13823|NOG2_HUMAN,/core/www/modules//consensus/?run_id=110202&search_id=114132&scans_id=110198&peptide_id=10003&scanf=18672&charge=3&value=sp|Q13823|NOG2_HUMAN,0,/core/www/modules/match_peptides/blast_html4.php?run_id=110202&search_id=114132&scans_id=110198&peptide_id=10003&scanf=18672&charge=3&value=0,K.SPEDHIGAVLER.A,/core/www/modules/show_out/show_out_wrapper.php?run_id=110202&search_id=114132&scans_id=110198&peptide_id=10003&scanf=18672&charge=3&value=K.SPEDHIGAVLER.A,GNL2,6.945e+6,2.492,0.022,1.662,0.001
18678,2,"  2.616","  0.529",13/18,/core/www/modules//sdig/index.php?run_id=110202&search_id=114132&scans_id=110198&peptide_id=10008&scanf=18678&charge=2&value=13/18,sp|O75643|U520_HUMAN,/core/www/modules//consensus/?run_id=110202&search_id=114132&scans_id=110198&peptide_id=10008&scanf=18678&charge=2&value=sp|O75643|U520_HUMAN,1,/core/www/modules/match_peptides/blast_html4.php?run_id=110202&search_id=114132&scans_id=110198&peptide_id=10008&scanf=18678&charge=2&value=1,R.FYDDAIVSQK.K,/core/www/modules/show_out/show_out_wrapper.php?run_id=110202&search_id=114132&scans_id=110198&peptide_id=10008&scanf=18678&charge=2&value=R.FYDDAIVSQK.K,SNRNP200,1.460e+8,3.811,0.000,3.609,0.000
18683,2,"  1.985","  0.410",7/14,/core/www/modules//sdig/index.php?run_id=110202&search_id=114132&scans_id=110198&peptide_id=10014&scanf=18683&charge=2&value=7/14,sp|P09382|LEG1_HUMAN,/core/www/modules//consensus/?run_id=110202&search_id=114132&scans_id=110198&peptide_id=10014&scanf=18683&charge=2&value=sp|P09382|LEG1_HUMAN,0,/core/www/modules/match_peptides/blast_html4.php?run_id=110202&search_id=114132&scans_id=110198&peptide_id=10014&scanf=18683&charge=2&value=0,K.LPDGYEFK.F,/core/www/modules/show_out/show_out_wrapper.php?run_id=110202&search_id=114132&scans_id=110198&peptide_id=10014&scanf=18683&charge=2&value=K.LPDGYEFK.F,LGALS1,3.525e+8,2.914,0.005,2.281,0.000
18684,2,"  2.783","  0.454",10/20,/core/www/modules//sdig/index.php?run_id=110202&search_id=114132&scans_id=110198&peptide_id=10015&scanf=18684&charge=2&value=10/20,sp|Q15149|PLEC_HUMAN,/core/www/modules//consensus/?run_id=110202&search_id=114132&scans_id=110198&peptide_id=10015&scanf=18684&charge=2&value=sp|Q15149|PLEC_HUMAN,5,/core/www/modules/match_peptides/blast_html4.php?run_id=110202&search_id=114132&scans_id=110198&peptide_id=10015&scanf=18684&charge=2&value=5,R.QQGLASYDYVR.R,/core/www/modules/show_out/show_out_wrapper.php?run_id=110202&search_id=114132&scans_id=110198&peptide_id=10015&scanf=18684&charge=2&value=R.QQGLASYDYVR.R,PLEC,1.611e+7,3.381,0.001,2.972,0.000
18685,2,"  1.337","  0.177",7/14,/core/www/modules//sdig/index.php?run_id=110202&search_id=114132&scans_id=110198&peptide_id=10016&scanf=18685&charge=2&value=7/14,sp|Q9H307|PININ_HUMAN,/core/www/modules//consensus/?run_id=110202&search_id=114132&scans_id=110198&peptide_id=10016&scanf=18685&charge=2&value=sp|Q9H307|PININ_HUMAN,0,/core/www/modules/match_peptides/blast_html4.php?run_id=110202&search_id=114132&scans_id=110198&peptide_id=10016&scanf=18685&charge=2&value=0,K.DFPVESVK.L,/core/www/modules/show_out/show_out_wrapper.php?run_id=110202&search_id=114132&scans_id=110198&peptide_id=10016&scanf=18685&charge=2&value=K.DFPVESVK.L,PNN,3.596e+7,2.094,0.080,1.099,0.003
18686,2,"  1.387","  0.160",7/14,/core/www/modules//sdig/index.php?run_id=110202&search_id=114132&scans_id=110198&peptide_id=10017&scanf=18686&charge=2&value=7/14,sp|Q96PV6|LENG8_HUMAN,/core/www/modules//consensus/?run_id=110202&search_id=114132&scans_id=110198&peptide_id=10017&scanf=18686&charge=2&value=sp|Q96PV6|LENG8_HUMAN,3,/core/www/modules/match_peptides/blast_html4.php?run_id=110202&search_id=114132&scans_id=110198&peptide_id=10017&scanf=18686&charge=2&value=3,R.EPLPGLTR.E,/core/www/modules/show_out/show_out_wrapper.php?run_id=110202&search_id=114132&scans_id=110198&peptide_id=10017&scanf=18686&charge=2&value=R.EPLPGLTR.E,LENG8,5.919e+6,1.957,0.121,0.916,0.006
18687,2,"  1.980","  0.376",8/12,/core/www/modules//sdig/index.php?run_id=110202&search_id=114132&scans_id=110198&peptide_id=10018&scanf=18687&charge=2&value=8/12,sp|P02545|LMNA_HUMAN,/core/www/modules//consensus/?run_id=110202&search_id=114132&scans_id=110198&peptide_id=10018&scanf=18687&charge=2&value=sp|P02545|LMNA_HUMAN,8,/core/www/modules/match_peptides/blast_html4.php?run_id=110202&search_id=114132&scans_id=110198&peptide_id=10018&scanf=18687&charge=2&value=8,R.LAVYIDR.V,/core/www/modules/show_out/show_out_wrapper.php?run_id=110202&search_id=114132&scans_id=110198&peptide_id=10018&scanf=18687&charge=2&value=R.LAVYIDR.V,LMNA,9.502e+7,3.137,0.002,2.611,0.000
18689,2,"  5.559","  0.721",22/42,/core/www/modules//sdig/index.php?run_id=110202&search_id=114132&scans_id=110198&peptide_id=10020&scanf=18689&charge=2&value=22/42,sp|Q8N163|CCAR2_HUMAN,/core/www/modules//consensus/?run_id=110202&search_id=114132&scans_id=110198&peptide_id=10020&scanf=18689&charge=2&value=sp|Q8N163|CCAR2_HUMAN,1,/core/www/modules/match_peptides/blast_html4.php?run_id=110202&search_id=114132&scans_id=110198&peptide_id=10020&scanf=18689&charge=2&value=1,K.EAAPDAGAEPITADSDPAYSSK.V,/core/www/modules/show_out/show_out_wrapper.php?run_id=110202&search_id=114132&scans_id=110198&peptide_id=10020&scanf=18689&charge=2&value=K.EAAPDAGAEPITADSDPAYSSK.V,CCAR2,4.564e+6,3.668,0.000,3.398,0.000
18690,3,"  3.018","  0.369",10/48,/core/www/modules//sdig/index.php?run_id=110202&search_id=114132&scans_id=110198&peptide_id=10022&scanf=18690&charge=3&value=10/48,sp|P13693|TCTP_HUMAN,/core/www/modules//consensus/?run_id=110202&search_id=114132&scans_id=110198&peptide_id=10022&scanf=18690&charge=3&value=sp|P13693|TCTP_HUMAN,5,/core/www/modules/match_peptides/blast_html4.php?run_id=110202&search_id=114132&scans_id=110198&peptide_id=10022&scanf=18690&charge=3&value=5,R.VKPFMTGAAEQIK.H,/core/www/modules/show_out/show_out_wrapper.php?run_id=110202&search_id=114132&scans_id=110198&peptide_id=10022&scanf=18690&charge=3&value=R.VKPFMTGAAEQIK.H,TPT1,1.759e+7,2.623,0.014,1.853,0.000
18692,2,"  3.617","  0.610",10/26,/core/www/modules//sdig/index.php?run_id=110202&search_id=114132&scans_id=110198&peptide_id=10024&scanf=18692&charge=2&value=10/26,sp|P47756|CAPZB_HUMAN,/core/www/modules//consensus/?run_id=110202&search_id=114132&scans_id=110198&peptide_id=10024&scanf=18692&charge=2&value=sp|P47756|CAPZB_HUMAN,3,/core/www/modules/match_peptides/blast_html4.php?run_id=110202&search_id=114132&scans_id=110198&peptide_id=10024&scanf=18692&charge=2&value=3,K.SGSGTMNLGGSLTR.Q,/core/www/modules/show_out/show_out_wrapper.php?run_id=110202&search_id=114132&scans_id=110198&peptide_id=10024&scanf=18692&charge=2&value=K.SGSGTMNLGGSLTR.Q,CAPZB,2.518e+7,3.215,0.002,2.727,0.000
18696,3,"  1.994","  0.296",11/40,/core/www/modules//sdig/index.php?run_id=110202&search_id=114132&scans_id=110198&peptide_id=10027&scanf=18696&charge=3&value=11/40,sp|O94776|MTA2_HUMAN,/core/www/modules//consensus/?run_id=110202&search_id=114132&scans_id=110198&peptide_id=10027&scanf=18696&charge=3&value=sp|O94776|MTA2_HUMAN,0,/core/www/modules/match_peptides/blast_html4.php?run_id=110202&search_id=114132&scans_id=110198&peptide_id=10027&scanf=18696&charge=3&value=0,R.QFESLPATHIR.G,/core/www/modules/show_out/show_out_wrapper.php?run_id=110202&search_id=114132&scans_id=110198&peptide_id=10027&scanf=18696&charge=3&value=R.QFESLPATHIR.G,MTA2,2.917e+7,2.548,0.018,1.743,0.000
18699,2,"  1.682","  0.169",10/18,/core/www/modules//sdig/index.php?run_id=110202&search_id=114132&scans_id=110198&peptide_id=10030&scanf=18699&charge=2&value=10/18,sp|Q07157|ZO1_HUMAN,/core/www/modules//consensus/?run_id=110202&search_id=114132&scans_id=110198&peptide_id=10030&scanf=18699&charge=2&value=sp|Q07157|ZO1_HUMAN,5,/core/www/modules/match_peptides/blast_html4.php?run_id=110202&search_id=114132&scans_id=110198&peptide_id=10030&scanf=18699&charge=2&value=5,K.GEEVTILAQK.K,/core/www/modules/show_out/show_out_wrapper.php?run_id=110202&search_id=114132&scans_id=110198&peptide_id=10030&scanf=18699&charge=2&value=K.GEEVTILAQK.K,TJP1,1.236e+7,1.862,0.160,0.795,0.008
18700,3,"  4.247","  0.573",19/60,/core/www/modules//sdig/index.php?run_id=110202&search_id=114132&scans_id=110198&peptide_id=10032&scanf=18700&charge=3&value=19/60,sp|P52434|RPAB3_HUMAN,/core/www/modules//consensus/?run_id=110202&search_id=114132&scans_id=110198&peptide_id=10032&scanf=18700&charge=3&value=sp|P52434|RPAB3_HUMAN,1,/core/www/modules/match_peptides/blast_html4.php?run_id=110202&search_id=114132&scans_id=110198&peptide_id=10032&scanf=18700&charge=3&value=1,R.LQGDANNLHGFEVDSR.V,/core/www/modules/show_out/show_out_wrapper.php?run_id=110202&search_id=114132&scans_id=110198&peptide_id=10032&scanf=18700&charge=3&value=R.LQGDANNLHGFEVDSR.V,POLR2H,1.419e+7,3.414,0.001,3.021,0.000
18701,2,"  2.216","  0.304",8/16,/core/www/modules//sdig/index.php?run_id=110202&search_id=114132&scans_id=110198&peptide_id=10033&scanf=18701&charge=2&value=8/16,sp|Q9H4M9|EHD1_HUMAN,/core/www/modules//consensus/?run_id=110202&search_id=114132&scans_id=110198&peptide_id=10033&scanf=18701&charge=2&value=sp|Q9H4M9|EHD1_HUMAN,4,/core/www/modules/match_peptides/blast_html4.php?run_id=110202&search_id=114132&scans_id=110198&peptide_id=10033&scanf=18701&charge=2&value=4,K.IINTPEVVR.V,/core/www/modules/show_out/show_out_wrapper.php?run_id=110202&search_id=114132&scans_id=110198&peptide_id=10033&scanf=18701&charge=2&value=K.IINTPEVVR.V,EHD1,1.149e+7,2.492,0.022,1.663,0.001
18704,2,"  4.148","  0.623",16/22,/core/www/modules//sdig/index.php?run_id=110202&search_id=114132&scans_id=110198&peptide_id=10036&scanf=18704&charge=2&value=16/22,sp|Q9UKV3|ACINU_HUMAN,/core/www/modules//consensus/?run_id=110202&search_id=114132&scans_id=110198&peptide_id=10036&scanf=18704&charge=2&value=sp|Q9UKV3|ACINU_HUMAN,4,/core/www/modules/match_peptides/blast_html4.php?run_id=110202&search_id=114132&scans_id=110198&peptide_id=10036&scanf=18704&charge=2&value=4,K.KPSISITTESLK.S,/core/www/modules/show_out/show_out_wrapper.php?run_id=110202&search_id=114132&scans_id=110198&peptide_id=10036&scanf=18704&charge=2&value=K.KPSISITTESLK.S,ACIN1,2.650e+7,3.895,0.000,3.734,0.000
18709,2,"  2.245","  0.366",9/24,/core/www/modules//sdig/index.php?run_id=110202&search_id=114132&scans_id=110198&peptide_id=10041&scanf=18709&charge=2&value=9/24,sp|P11586|C1TC_HUMAN,/core/www/modules//consensus/?run_id=110202&search_id=114132&scans_id=110198&peptide_id=10041&scanf=18709&charge=2&value=sp|P11586|C1TC_HUMAN,9,/core/www/modules/match_peptides/blast_html4.php?run_id=110202&search_id=114132&scans_id=110198&peptide_id=10041&scanf=18709&charge=2&value=9,K.TDPTTLTDEEINR.F,/core/www/modules/show_out/show_out_wrapper.php?run_id=110202&search_id=114132&scans_id=110198&peptide_id=10041&scanf=18709&charge=2&value=K.TDPTTLTDEEINR.F,MTHFD1,5.507e+6,2.385,0.031,1.508,0.001
18710,2,"  2.886","  0.561",12/20,/core/www/modules//sdig/index.php?run_id=110202&search_id=114132&scans_id=110198&peptide_id=10043&scanf=18710&charge=2&value=12/20,sp|P0DMV8|HS71A_HUMAN,/core/www/modules//consensus/?run_id=110202&search_id=114132&scans_id=110198&peptide_id=10043&scanf=18710&charge=2&value=sp|P0DMV8|HS71A_HUMAN,2,/core/www/modules/match_peptides/blast_html4.php?run_id=110202&search_id=114132&scans_id=110198&peptide_id=10043&scanf=18710&charge=2&value=2,K.FGDPVVQSDMK.H,/core/www/modules/show_out/show_out_wrapper.php?run_id=110202&search_id=114132&scans_id=110198&peptide_id=10043&scanf=18710&charge=2&value=K.FGDPVVQSDMK.H,HSPA1A,1.773e+7,3.404,0.001,3.006,0.000
18713,2,"  2.344","  0.345",10/22,/core/www/modules//sdig/index.php?run_id=110202&search_id=114132&scans_id=110198&peptide_id=10046&scanf=18713&charge=2&value=10/22,sp|Q8NI36|WDR36_HUMAN,/core/www/modules//consensus/?run_id=110202&search_id=114132&scans_id=110198&peptide_id=10046&scanf=18713&charge=2&value=sp|Q8NI36|WDR36_HUMAN,1,/core/www/modules/match_peptides/blast_html4.php?run_id=110202&search_id=114132&scans_id=110198&peptide_id=10046&scanf=18713&charge=2&value=1,K.ESGPSGIETELR.S,/core/www/modules/show_out/show_out_wrapper.php?run_id=110202&search_id=114132&scans_id=110198&peptide_id=10046&scanf=18713&charge=2&value=K.ESGPSGIETELR.S,WDR36,5.626e+6,2.418,0.028,1.555,0.001
18716,2,"  2.119","  0.410",10/14,/core/www/modules//sdig/index.php?run_id=110202&search_id=114132&scans_id=110198&peptide_id=10048&scanf=18716&charge=2&value=10/14,sp|P30101|PDIA3_HUMAN,/core/www/modules//consensus/?run_id=110202&search_id=114132&scans_id=110198&peptide_id=10048&scanf=18716&charge=2&value=sp|P30101|PDIA3_HUMAN,12,/core/www/modules/match_peptides/blast_html4.php?run_id=110202&search_id=114132&scans_id=110198&peptide_id=10048&scanf=18716&charge=2&value=12,K.LNFAVASR.K,/core/www/modules/show_out/show_out_wrapper.php?run_id=110202&search_id=114132&scans_id=110198&peptide_id=10048&scanf=18716&charge=2&value=K.LNFAVASR.K,PDIA3,6.656e+7,3.231,0.002,2.749,0.000
18717,2,"  1.548","  0.150",6/12,/core/www/modules//sdig/index.php?run_id=110202&search_id=114132&scans_id=110198&peptide_id=10049&scanf=18717&charge=2&value=6/12,sp|Q9NZI8|IF2B1_HUMAN,/core/www/modules//consensus/?run_id=110202&search_id=114132&scans_id=110198&peptide_id=10049&scanf=18717&charge=2&value=sp|Q9NZI8|IF2B1_HUMAN,0,/core/www/modules/match_peptides/blast_html4.php?run_id=110202&search_id=114132&scans_id=110198&peptide_id=10049&scanf=18717&charge=2&value=0,R.DILAQVK.Q,/core/www/modules/show_out/show_out_wrapper.php?run_id=110202&search_id=114132&scans_id=110198&peptide_id=10049&scanf=18717&charge=2&value=R.DILAQVK.Q,IGF2BP1,1.869e+8,2.035,0.096,1.019,0.005
18719,2,"  1.179","  0.257",10/16,/core/www/modules//sdig/index.php?run_id=110202&search_id=114132&scans_id=110198&peptide_id=10051&scanf=18719&charge=2&value=10/16,sp|Q02880|TOP2B_HUMAN,/core/www/modules//consensus/?run_id=110202&search_id=114132&scans_id=110198&peptide_id=10051&scanf=18719&charge=2&value=sp|Q02880|TOP2B_HUMAN,4,/core/www/modules/match_peptides/blast_html4.php?run_id=110202&search_id=114132&scans_id=110198&peptide_id=10051&scanf=18719&charge=2&value=4,K.TPALISDYK.E,/core/www/modules/show_out/show_out_wrapper.php?run_id=110202&search_id=114132&scans_id=110198&peptide_id=10051&scanf=18719&charge=2&value=K.TPALISDYK.E,TOP2B,1.066e+7,2.435,0.026,1.580,0.001
18721,2,"  2.097","  0.194",10/14,/core/www/modules//sdig/index.php?run_id=110202&search_id=114132&scans_id=110198&peptide_id=10054&scanf=18721&charge=2&value=10/14,sp|Q6P2Q9|PRP8_HUMAN,/core/www/modules//consensus/?run_id=110202&search_id=114132&scans_id=110198&peptide_id=10054&scanf=18721&charge=2&value=sp|Q6P2Q9|PRP8_HUMAN,1,/core/www/modules/match_peptides/blast_html4.php?run_id=110202&search_id=114132&scans_id=110198&peptide_id=10054&scanf=18721&charge=2&value=1,K.FGFVDAQK.E,/core/www/modules/show_out/show_out_wrapper.php?run_id=110202&search_id=114132&scans_id=110198&peptide_id=10054&scanf=18721&charge=2&value=K.FGFVDAQK.E,PRPF8,1.398e+7,2.749,0.009,2.038,0.000
18723,2,"  2.579","  0.545",11/22,/core/www/modules//sdig/index.php?run_id=110202&search_id=114132&scans_id=110198&peptide_id=10056&scanf=18723&charge=2&value=11/22,sp|Q96PK6|RBM14_HUMAN,/core/www/modules//consensus/?run_id=110202&search_id=114132&scans_id=110198&peptide_id=10056&scanf=18723&charge=2&value=sp|Q96PK6|RBM14_HUMAN,0,/core/www/modules/match_peptides/blast_html4.php?run_id=110202&search_id=114132&scans_id=110198&peptide_id=10056&scanf=18723&charge=2&value=0,R.AQPSVSLGAAYR.A,/core/www/modules/show_out/show_out_wrapper.php?run_id=110202&search_id=114132&scans_id=110198&peptide_id=10056&scanf=18723&charge=2&value=R.AQPSVSLGAAYR.A,RBM14,1.635e+7,3.233,0.002,2.753,0.000
18724,2,"  3.953","  0.665",20/26,/core/www/modules//sdig/index.php?run_id=110202&search_id=114132&scans_id=110198&peptide_id=10057&scanf=18724&charge=2&value=20/26,sp|P09543|CN37_HUMAN,/core/www/modules//consensus/?run_id=110202&search_id=114132&scans_id=110198&peptide_id=10057&scanf=18724&charge=2&value=sp|P09543|CN37_HUMAN,0,/core/www/modules/match_peptides/blast_html4.php?run_id=110202&search_id=114132&scans_id=110198&peptide_id=10057&scanf=18724&charge=2&value=0,K.APGAEEYAQQDVLK.K,/core/www/modules/show_out/show_out_wrapper.php?run_id=110202&search_id=114132&scans_id=110198&peptide_id=10057&scanf=18724&charge=2&value=K.APGAEEYAQQDVLK.K,CNP,3.679e+7,3.996,0.000,3.884,0.000
18728,4,"  3.562","  0.144",10/78,/core/www/modules//sdig/index.php?run_id=110202&search_id=114132&scans_id=110198&peptide_id=10061&scanf=18728&charge=4&value=10/78,sp|Q9UBL3|ASH2L_HUMAN,/core/www/modules//consensus/?run_id=110202&search_id=114132&scans_id=110198&peptide_id=10061&scanf=18728&charge=4&value=sp|Q9UBL3|ASH2L_HUMAN,1,/core/www/modules/match_peptides/blast_html4.php?run_id=110202&search_id=114132&scans_id=110198&peptide_id=10061&scanf=18728&charge=4&value=1,R.LPPHGYPLEHPFNK.D,/core/www/modules/show_out/show_out_wrapper.php?run_id=110202&search_id=114132&scans_id=110198&peptide_id=10061&scanf=18728&charge=4&value=R.LPPHGYPLEHPFNK.D,ASH2L,5.808e+6,2.133,0.070,1.152,0.002
18729,3,"  6.814","  0.634",30/76,/core/www/modules//sdig/index.php?run_id=110202&search_id=114132&scans_id=110198&peptide_id=10062&scanf=18729&charge=3&value=30/76,sp|O43707|ACTN4_HUMAN,/core/www/modules//consensus/?run_id=110202&search_id=114132&scans_id=110198&peptide_id=10062&scanf=18729&charge=3&value=sp|O43707|ACTN4_HUMAN,2,/core/www/modules/match_peptides/blast_html4.php?run_id=110202&search_id=114132&scans_id=110198&peptide_id=10062&scanf=18729&charge=3&value=2,R.ASFNHFDKDHGGALGPEEFK.A,/core/www/modules/show_out/show_out_wrapper.php?run_id=110202&search_id=114132&scans_id=110198&peptide_id=10062&scanf=18729&charge=3&value=R.ASFNHFDKDHGGALGPEEFK.A,ACTN4,3.885e+7,3.812,0.000,3.610,0.000
18731,3,"  3.306","  0.500",13/68,/core/www/modules//sdig/index.php?run_id=110202&search_id=114132&scans_id=110198&peptide_id=10064&scanf=18731&charge=3&value=13/68,sp|P54920|SNAA_HUMAN,/core/www/modules//consensus/?run_id=110202&search_id=114132&scans_id=110198&peptide_id=10064&scanf=18731&charge=3&value=sp|P54920|SNAA_HUMAN,2,/core/www/modules/match_peptides/blast_html4.php?run_id=110202&search_id=114132&scans_id=110198&peptide_id=10064&scanf=18731&charge=3&value=2,K.LLEAHEEQNVDSYTESVK.E,/core/www/modules/show_out/show_out_wrapper.php?run_id=110202&search_id=114132&scans_id=110198&peptide_id=10064&scanf=18731&charge=3&value=K.LLEAHEEQNVDSYTESVK.E,NAPA,2.268e+6,2.848,0.007,2.183,0.000
18732,2,"  3.175","  0.421",11/24,/core/www/modules//sdig/index.php?run_id=110202&search_id=114132&scans_id=110198&peptide_id=10065&scanf=18732&charge=2&value=11/24,sp|Q14204|DYHC1_HUMAN,/core/www/modules//consensus/?run_id=110202&search_id=114132&scans_id=110198&peptide_id=10065&scanf=18732&charge=2&value=sp|Q14204|DYHC1_HUMAN,12,/core/www/modules/match_peptides/blast_html4.php?run_id=110202&search_id=114132&scans_id=110198&peptide_id=10065&scanf=18732&charge=2&value=12,R.GNEIVLSAGSTPR.I,/core/www/modules/show_out/show_out_wrapper.php?run_id=110202&search_id=114132&scans_id=110198&peptide_id=10065&scanf=18732&charge=2&value=R.GNEIVLSAGSTPR.I,DYNC1H1,6.420e+6,3.025,0.004,2.445,0.000
18733,2,"  4.047","  0.659",19/30,/core/www/modules//sdig/index.php?run_id=110202&search_id=114132&scans_id=110198&peptide_id=10066&scanf=18733&charge=2&value=19/30,sp|P51531|SMCA2_HUMAN,/core/www/modules//consensus/?run_id=110202&search_id=114132&scans_id=110198&peptide_id=10066&scanf=18733&charge=2&value=sp|P51531|SMCA2_HUMAN,2,/core/www/modules/match_peptides/blast_html4.php?run_id=110202&search_id=114132&scans_id=110198&peptide_id=10066&scanf=18733&charge=2&value=2,K.ILLDPNSEEVSEKDAK.Q,/core/www/modules/show_out/show_out_wrapper.php?run_id=110202&search_id=114132&scans_id=110198&peptide_id=10066&scanf=18733&charge=2&value=K.ILLDPNSEEVSEKDAK.Q,SMARCA2,4.324e+6,3.698,0.000,3.442,0.000
18734,2,"  3.852","  0.700",18/34,/core/www/modules//sdig/index.php?run_id=110202&search_id=114132&scans_id=110198&peptide_id=10067&scanf=18734&charge=2&value=18/34,sp|Q9UIF9|BAZ2A_HUMAN,/core/www/modules//consensus/?run_id=110202&search_id=114132&scans_id=110198&peptide_id=10067&scanf=18734&charge=2&value=sp|Q9UIF9|BAZ2A_HUMAN,4,/core/www/modules/match_peptides/blast_html4.php?run_id=110202&search_id=114132&scans_id=110198&peptide_id=10067&scanf=18734&charge=2&value=4,R.AGDPGEMPQSPTGLGQPK.R,/core/www/modules/show_out/show_out_wrapper.php?run_id=110202&search_id=114132&scans_id=110198&peptide_id=10067&scanf=18734&charge=2&value=R.AGDPGEMPQSPTGLGQPK.R,BAZ2A,4.184e+6,3.618,0.000,3.323,0.000
18735,3,"  2.339","  0.345",12/48,/core/www/modules//sdig/index.php?run_id=110202&search_id=114132&scans_id=110198&peptide_id=10068&scanf=18735&charge=3&value=12/48,sp|Q86U86|PB1_HUMAN,/core/www/modules//consensus/?run_id=110202&search_id=114132&scans_id=110198&peptide_id=10068&scanf=18735&charge=3&value=sp|Q86U86|PB1_HUMAN,1,/core/www/modules/match_peptides/blast_html4.php?run_id=110202&search_id=114132&scans_id=110198&peptide_id=10068&scanf=18735&charge=3&value=1,K.AQHPDYSFGELSR.L,/core/www/modules/show_out/show_out_wrapper.php?run_id=110202&search_id=114132&scans_id=110198&peptide_id=10068&scanf=18735&charge=3&value=K.AQHPDYSFGELSR.L,PBRM1,7.691e+6,2.655,0.013,1.901,0.000
18737,2,"  1.969","  0.192",8/12,/core/www/modules//sdig/index.php?run_id=110202&search_id=114132&scans_id=110198&peptide_id=10069&scanf=18737&charge=2&value=8/12,sp|Q7RTV0|PHF5A_HUMAN,/core/www/modules//consensus/?run_id=110202&search_id=114132&scans_id=110198&peptide_id=10069&scanf=18737&charge=2&value=sp|Q7RTV0|PHF5A_HUMAN,0,/core/www/modules/match_peptides/blast_html4.php?run_id=110202&search_id=114132&scans_id=110198&peptide_id=10069&scanf=18737&charge=2&value=0,K.TDLFYER.K,/core/www/modules/show_out/show_out_wrapper.php?run_id=110202&search_id=114132&scans_id=110198&peptide_id=10069&scanf=18737&charge=2&value=K.TDLFYER.K,PHF5A,1.947e+7,2.333,0.037,1.433,0.001
18738,2,"  2.038","  0.204",8/14,/core/www/modules//sdig/index.php?run_id=110202&search_id=114132&scans_id=110198&peptide_id=10070&scanf=18738&charge=2&value=8/14,sp|Q06787|FMR1_HUMAN,/core/www/modules//consensus/?run_id=110202&search_id=114132&scans_id=110198&peptide_id=10070&scanf=18738&charge=2&value=sp|Q06787|FMR1_HUMAN,13,/core/www/modules/match_peptides/blast_html4.php?run_id=110202&search_id=114132&scans_id=110198&peptide_id=10070&scanf=18738&charge=2&value=13,K.LIQEIVDK.S,/core/www/modules/show_out/show_out_wrapper.php?run_id=110202&search_id=114132&scans_id=110198&peptide_id=10070&scanf=18738&charge=2&value=K.LIQEIVDK.S,FMR1,4.861e+7,2.259,0.047,1.328,0.002
18739,3,"  2.752","  0.441",14/36,/core/www/modules//sdig/index.php?run_id=110202&search_id=114132&scans_id=110198&peptide_id=10071&scanf=18739&charge=3&value=14/36,sp|Q9UKN8|TF3C4_HUMAN,/core/www/modules//consensus/?run_id=110202&search_id=114132&scans_id=110198&peptide_id=10071&scanf=18739&charge=3&value=sp|Q9UKN8|TF3C4_HUMAN,0,/core/www/modules/match_peptides/blast_html4.php?run_id=110202&search_id=114132&scans_id=110198&peptide_id=10071&scanf=18739&charge=3&value=0,K.IEAVEMHLTR.E,/core/www/modules/show_out/show_out_wrapper.php?run_id=110202&search_id=114132&scans_id=110198&peptide_id=10071&scanf=18739&charge=3&value=K.IEAVEMHLTR.E,GTF3C4,9.761e+6,2.975,0.004,2.371,0.000
18740,3,"  3.784","  0.600",19/52,/core/www/modules//sdig/index.php?run_id=110202&search_id=114132&scans_id=110198&peptide_id=10073&scanf=18740&charge=3&value=19/52,sp|P41091|IF2G_HUMAN,/core/www/modules//consensus/?run_id=110202&search_id=114132&scans_id=110198&peptide_id=10073&scanf=18740&charge=3&value=sp|P41091|IF2G_HUMAN,0,/core/www/modules/match_peptides/blast_html4.php?run_id=110202&search_id=114132&scans_id=110198&peptide_id=10073&scanf=18740&charge=3&value=0,K.VGQEIEVRPGIVSK.D,/core/www/modules/show_out/show_out_wrapper.php?run_id=110202&search_id=114132&scans_id=110198&peptide_id=10073&scanf=18740&charge=3&value=K.VGQEIEVRPGIVSK.D,EIF2S3,4.322e+7,3.614,0.000,3.318,0.000
18742,3,"  3.374","  0.413",10/52,/core/www/modules//sdig/index.php?run_id=110202&search_id=114132&scans_id=110198&peptide_id=10075&scanf=18742&charge=3&value=10/52,sp|O00505|IMA4_HUMAN,/core/www/modules//consensus/?run_id=110202&search_id=114132&scans_id=110198&peptide_id=10075&scanf=18742&charge=3&value=sp|O00505|IMA4_HUMAN,1,/core/www/modules/match_peptides/blast_html4.php?run_id=110202&search_id=114132&scans_id=110198&peptide_id=10075&scanf=18742&charge=3&value=1,K.IEVLQQHENEDIYK.L,/core/www/modules/show_out/show_out_wrapper.php?run_id=110202&search_id=114132&scans_id=110198&peptide_id=10075&scanf=18742&charge=3&value=K.IEVLQQHENEDIYK.L,KPNA3,7.302e+6,2.742,0.009,2.028,0.000
18743,2,"  1.189","  0.313",8/14,/core/www/modules//sdig/index.php?run_id=110202&search_id=114132&scans_id=110198&peptide_id=10076&scanf=18743&charge=2&value=8/14,sp|Q9BRT6|LLPH_HUMAN,/core/www/modules//consensus/?run_id=110202&search_id=114132&scans_id=110198&peptide_id=10076&scanf=18743&charge=2&value=sp|Q9BRT6|LLPH_HUMAN,0,/core/www/modules/match_peptides/blast_html4.php?run_id=110202&search_id=114132&scans_id=110198&peptide_id=10076&scanf=18743&charge=2&value=0,K.LDGDVLMK.D,/core/www/modules/show_out/show_out_wrapper.php?run_id=110202&search_id=114132&scans_id=110198&peptide_id=10076&scanf=18743&charge=2&value=K.LDGDVLMK.D,LLPH,9.252e+6,2.422,0.027,1.562,0.001
18744,3,"  3.611","  0.577",17/64,/core/www/modules//sdig/index.php?run_id=110202&search_id=114132&scans_id=110198&peptide_id=10077&scanf=18744&charge=3&value=17/64,sp|Q96QC0|PP1RA_HUMAN,/core/www/modules//consensus/?run_id=110202&search_id=114132&scans_id=110198&peptide_id=10077&scanf=18744&charge=3&value=sp|Q96QC0|PP1RA_HUMAN,0,/core/www/modules/match_peptides/blast_html4.php?run_id=110202&search_id=114132&scans_id=110198&peptide_id=10077&scanf=18744&charge=3&value=0,K.ESPHEPDPEPYEPIPPK.L,/core/www/modules/show_out/show_out_wrapper.php?run_id=110202&search_id=114132&scans_id=110198&peptide_id=10077&scanf=18744&charge=3&value=K.ESPHEPDPEPYEPIPPK.L,PPP1R10,1.343e+7,3.282,0.001,2.825,0.000
18749,2,"  1.808","  0.419",8/14,/core/www/modules//sdig/index.php?run_id=110202&search_id=114132&scans_id=110198&peptide_id=10082&scanf=18749&charge=2&value=8/14,sp|Q9NY93|DDX56_HUMAN,/core/www/modules//consensus/?run_id=110202&search_id=114132&scans_id=110198&peptide_id=10082&scanf=18749&charge=2&value=sp|Q9NY93|DDX56_HUMAN,2,/core/www/modules/match_peptides/blast_html4.php?run_id=110202&search_id=114132&scans_id=110198&peptide_id=10082&scanf=18749&charge=2&value=2,R.MEEIEGFR.Y,/core/www/modules/show_out/show_out_wrapper.php?run_id=110202&search_id=114132&scans_id=110198&peptide_id=10082&scanf=18749&charge=2&value=R.MEEIEGFR.Y,DDX56,5.763e+6,2.948,0.005,2.331,0.000
18750,3,"  3.249","  0.385",13/44,/core/www/modules//sdig/index.php?run_id=110202&search_id=114132&scans_id=110198&peptide_id=10084&scanf=18750&charge=3&value=13/44,sp|A5YKK6|CNOT1_HUMAN,/core/www/modules//consensus/?run_id=110202&search_id=114132&scans_id=110198&peptide_id=10084&scanf=18750&charge=3&value=sp|A5YKK6|CNOT1_HUMAN,1,/core/www/modules/match_peptides/blast_html4.php?run_id=110202&search_id=114132&scans_id=110198&peptide_id=10084&scanf=18750&charge=3&value=1,R.AVQELVHPVVDR.S,/core/www/modules/show_out/show_out_wrapper.php?run_id=110202&search_id=114132&scans_id=110198&peptide_id=10084&scanf=18750&charge=3&value=R.AVQELVHPVVDR.S,CNOT1,7.299e+6,2.854,0.006,2.192,0.000
18752,3,"  7.140","  0.591",30/76,/core/www/modules//sdig/index.php?run_id=110202&search_id=114132&scans_id=110198&peptide_id=10086&scanf=18752&charge=3&value=30/76,sp|O43707|ACTN4_HUMAN,/core/www/modules//consensus/?run_id=110202&search_id=114132&scans_id=110198&peptide_id=10086&scanf=18752&charge=3&value=sp|O43707|ACTN4_HUMAN,2,/core/www/modules/match_peptides/blast_html4.php?run_id=110202&search_id=114132&scans_id=110198&peptide_id=10086&scanf=18752&charge=3&value=2,R.ASFNHFDKDHGGALGPEEFK.A,/core/www/modules/show_out/show_out_wrapper.php?run_id=110202&search_id=114132&scans_id=110198&peptide_id=10086&scanf=18752&charge=3&value=R.ASFNHFDKDHGGALGPEEFK.A,ACTN4,3.885e+7,3.689,0.000,3.428,0.000
18753,2,"  3.826","  0.680",16/24,/core/www/modules//sdig/index.php?run_id=110202&search_id=114132&scans_id=110198&peptide_id=10087&scanf=18753&charge=2&value=16/24,sp|Q52LJ0|FA98B_HUMAN,/core/www/modules//consensus/?run_id=110202&search_id=114132&scans_id=110198&peptide_id=10087&scanf=18753&charge=2&value=sp|Q52LJ0|FA98B_HUMAN,0,/core/www/modules/match_peptides/blast_html4.php?run_id=110202&search_id=114132&scans_id=110198&peptide_id=10087&scanf=18753&charge=2&value=0,K.MDLNSEQAEQLER.I,/core/www/modules/show_out/show_out_wrapper.php?run_id=110202&search_id=114132&scans_id=110198&peptide_id=10087&scanf=18753&charge=2&value=K.MDLNSEQAEQLER.I,FAM98B,8.931e+6,3.926,0.000,3.780,0.000
18756,2,"  1.302","  0.085",6/12,/core/www/modules//sdig/index.php?run_id=110202&search_id=114132&scans_id=110198&peptide_id=10090&scanf=18756&charge=2&value=6/12,sp|P38919|IF4A3_HUMAN,/core/www/modules//consensus/?run_id=110202&search_id=114132&scans_id=110198&peptide_id=10090&scanf=18756&charge=2&value=sp|P38919|IF4A3_HUMAN,1,/core/www/modules/match_peptides/blast_html4.php?run_id=110202&search_id=114132&scans_id=110198&peptide_id=10090&scanf=18756&charge=2&value=1,K.FMTDPIR.I,/core/www/modules/show_out/show_out_wrapper.php?run_id=110202&search_id=114132&scans_id=110198&peptide_id=10090&scanf=18756&charge=2&value=K.FMTDPIR.I,EIF4A3,1.161e+8,1.839,0.172,0.766,0.009
18759,2,"  2.229","  0.339",13/22,/core/www/modules//sdig/index.php?run_id=110202&search_id=114132&scans_id=110198&peptide_id=10092&scanf=18759&charge=2&value=13/22,sp|P11021|BIP_HUMAN,/core/www/modules//consensus/?run_id=110202&search_id=114132&scans_id=110198&peptide_id=10092&scanf=18759&charge=2&value=sp|P11021|BIP_HUMAN,2,/core/www/modules/match_peptides/blast_html4.php?run_id=110202&search_id=114132&scans_id=110198&peptide_id=10092&scanf=18759&charge=2&value=2,R.TWNDPSVQQDIK.F,/core/www/modules/show_out/show_out_wrapper.php?run_id=110202&search_id=114132&scans_id=110198&peptide_id=10092&scanf=18759&charge=2&value=R.TWNDPSVQQDIK.F,HSPA5,1.650e+7,2.640,0.013,1.878,0.000
18760,2,"  1.603","  0.308",11/24,/core/www/modules//sdig/index.php?run_id=110202&search_id=114132&scans_id=110198&peptide_id=10094&scanf=18760&charge=2&value=11/24,sp|P23396|RS3_HUMAN,/core/www/modules//consensus/?run_id=110202&search_id=114132&scans_id=110198&peptide_id=10094&scanf=18760&charge=2&value=sp|P23396|RS3_HUMAN,9,/core/www/modules/match_peptides/blast_html4.php?run_id=110202&search_id=114132&scans_id=110198&peptide_id=10094&scanf=18760&charge=2&value=9,R.ELAEDGYSGVEVR.V,/core/www/modules/show_out/show_out_wrapper.php?run_id=110202&search_id=114132&scans_id=110198&peptide_id=10094&scanf=18760&charge=2&value=R.ELAEDGYSGVEVR.V,RPS3,4.620e+7,2.236,0.051,1.296,0.002
18761,2,"  2.439","  0.522",11/18,/core/www/modules//sdig/index.php?run_id=110202&search_id=114132&scans_id=110198&peptide_id=10095&scanf=18761&charge=2&value=11/18,sp|Q92616|GCN1_HUMAN,/core/www/modules//consensus/?run_id=110202&search_id=114132&scans_id=110198&peptide_id=10095&scanf=18761&charge=2&value=sp|Q92616|GCN1_HUMAN,0,/core/www/modules/match_peptides/blast_html4.php?run_id=110202&search_id=114132&scans_id=110198&peptide_id=10095&scanf=18761&charge=2&value=0,K.ALADENEFVR.D,/core/www/modules/show_out/show_out_wrapper.php?run_id=110202&search_id=114132&scans_id=110198&peptide_id=10095&scanf=18761&charge=2&value=K.ALADENEFVR.D,GCN1,1.037e+7,3.523,0.001,3.182,0.000
18767,2,"  1.907","  0.284",9/14,/core/www/modules//sdig/index.php?run_id=110202&search_id=114132&scans_id=110198&peptide_id=10101&scanf=18767&charge=2&value=9/14,sp|P30153|2AAA_HUMAN,/core/www/modules//consensus/?run_id=110202&search_id=114132&scans_id=110198&peptide_id=10101&scanf=18767&charge=2&value=sp|P30153|2AAA_HUMAN,2,/core/www/modules/match_peptides/blast_html4.php?run_id=110202&search_id=114132&scans_id=110198&peptide_id=10101&scanf=18767&charge=2&value=2,K.VLELDNVK.S,/core/www/modules/show_out/show_out_wrapper.php?run_id=110202&search_id=114132&scans_id=110198&peptide_id=10101&scanf=18767&charge=2&value=K.VLELDNVK.S,PPP2R1A,1.826e+7,2.645,0.013,1.885,0.000
18772,2,"  2.881","  0.279",11/20,/core/www/modules//sdig/index.php?run_id=110202&search_id=114132&scans_id=110198&peptide_id=10107&scanf=18772&charge=2&value=11/20,sp|P62312|LSM6_HUMAN,/core/www/modules//consensus/?run_id=110202&search_id=114132&scans_id=110198&peptide_id=10107&scanf=18772&charge=2&value=sp|P62312|LSM6_HUMAN,0,/core/www/modules/match_peptides/blast_html4.php?run_id=110202&search_id=114132&scans_id=110198&peptide_id=10107&scanf=18772&charge=2&value=0,R.GNNVLYISTQK.R,/core/www/modules/show_out/show_out_wrapper.php?run_id=110202&search_id=114132&scans_id=110198&peptide_id=10107&scanf=18772&charge=2&value=R.GNNVLYISTQK.R,LSM6,4.977e+6,2.413,0.028,1.548,0.001
18779,2,"  2.921","  0.467",14/20,/core/www/modules//sdig/index.php?run_id=110202&search_id=114132&scans_id=110198&peptide_id=10113&scanf=18779&charge=2&value=14/20,sp|P78527|PRKDC_HUMAN,/core/www/modules//consensus/?run_id=110202&search_id=114132&scans_id=110198&peptide_id=10113&scanf=18779&charge=2&value=sp|P78527|PRKDC_HUMAN,0,/core/www/modules/match_peptides/blast_html4.php?run_id=110202&search_id=114132&scans_id=110198&peptide_id=10113&scanf=18779&charge=2&value=0,R.VTELALTASDR.Q,/core/www/modules/show_out/show_out_wrapper.php?run_id=110202&search_id=114132&scans_id=110198&peptide_id=10113&scanf=18779&charge=2&value=R.VTELALTASDR.Q,PRKDC,1.614e+8,4.114,0.000,4.059,0.000
18780,3,"  2.870","  0.262",14/44,/core/www/modules//sdig/index.php?run_id=110202&search_id=114132&scans_id=110198&peptide_id=10115&scanf=18780&charge=3&value=14/44,IgG1_bovine,/core/www/modules//consensus/?run_id=110202&search_id=114132&scans_id=110198&peptide_id=10115&scanf=18780&charge=3&value=IgG1_bovine,2,/core/www/modules/match_peptides/blast_html4.php?run_id=110202&search_id=114132&scans_id=110198&peptide_id=10115&scanf=18780&charge=3&value=2,K.VHNEGLPAPIVR.T,/core/www/modules/show_out/show_out_wrapper.php?run_id=110202&search_id=114132&scans_id=110198&peptide_id=10115&scanf=18780&charge=3&value=K.VHNEGLPAPIVR.T,,1.288e+8,2.458,0.024,1.613,0.001
18784,2,"  1.325","  0.272",7/12,/core/www/modules//sdig/index.php?run_id=110202&search_id=114132&scans_id=110198&peptide_id=10119&scanf=18784&charge=2&value=7/12,sp|P43358|MAGA4_HUMAN,/core/www/modules//consensus/?run_id=110202&search_id=114132&scans_id=110198&peptide_id=10119&scanf=18784&charge=2&value=sp|P43358|MAGA4_HUMAN,0,/core/www/modules/match_peptides/blast_html4.php?run_id=110202&search_id=114132&scans_id=110198&peptide_id=10119&scanf=18784&charge=2&value=0,R.IAYPSLR.E,/core/www/modules/show_out/show_out_wrapper.php?run_id=110202&search_id=114132&scans_id=110198&peptide_id=10119&scanf=18784&charge=2&value=R.IAYPSLR.E,MAGEA4,6.153e+8,2.541,0.018,1.733,0.000
18785,2,"  1.754","  0.345",8/14,/core/www/modules//sdig/index.php?run_id=110202&search_id=114132&scans_id=110198&peptide_id=10120&scanf=18785&charge=2&value=8/14,sp|Q92879|CELF1_HUMAN,/core/www/modules//consensus/?run_id=110202&search_id=114132&scans_id=110198&peptide_id=10120&scanf=18785&charge=2&value=sp|Q92879|CELF1_HUMAN,7,/core/www/modules/match_peptides/blast_html4.php?run_id=110202&search_id=114132&scans_id=110198&peptide_id=10120&scanf=18785&charge=2&value=7,K.MFVGQVPR.T,/core/www/modules/show_out/show_out_wrapper.php?run_id=110202&search_id=114132&scans_id=110198&peptide_id=10120&scanf=18785&charge=2&value=K.MFVGQVPR.T,CELF1,2.293e+7,2.701,0.011,1.967,0.000
18786,3,"  3.136","  0.221",12/56,/core/www/modules//sdig/index.php?run_id=110202&search_id=114132&scans_id=110198&peptide_id=10121&scanf=18786&charge=3&value=12/56,sp|Q68E01|INT3_HUMAN,/core/www/modules//consensus/?run_id=110202&search_id=114132&scans_id=110198&peptide_id=10121&scanf=18786&charge=3&value=sp|Q68E01|INT3_HUMAN,1,/core/www/modules/match_peptides/blast_html4.php?run_id=110202&search_id=114132&scans_id=110198&peptide_id=10121&scanf=18786&charge=3&value=1,R.LIVDHHGTAQLQALR.Q,/core/www/modules/show_out/show_out_wrapper.php?run_id=110202&search_id=114132&scans_id=110198&peptide_id=10121&scanf=18786&charge=3&value=R.LIVDHHGTAQLQALR.Q,INTS3,7.051e+6,2.107,0.077,1.116,0.003
18788,2,"  2.748","  0.570",13/24,/core/www/modules//sdig/index.php?run_id=110202&search_id=114132&scans_id=110198&peptide_id=10123&scanf=18788&charge=2&value=13/24,sp|Q9NTI5|PDS5B_HUMAN,/core/www/modules//consensus/?run_id=110202&search_id=114132&scans_id=110198&peptide_id=10123&scanf=18788&charge=2&value=sp|Q9NTI5|PDS5B_HUMAN,0,/core/www/modules/match_peptides/blast_html4.php?run_id=110202&search_id=114132&scans_id=110198&peptide_id=10123&scanf=18788&charge=2&value=0,R.IYAPEAPYTSPDK.L,/core/www/modules/show_out/show_out_wrapper.php?run_id=110202&search_id=114132&scans_id=110198&peptide_id=10123&scanf=18788&charge=2&value=R.IYAPEAPYTSPDK.L,PDS5B,1.467e+7,3.312,0.001,2.870,0.000
18789,2,"  2.166","  0.141",9/12,/core/www/modules//sdig/index.php?run_id=110202&search_id=114132&scans_id=110198&peptide_id=10124&scanf=18789&charge=2&value=9/12,sp|Q15370|ELOB_HUMAN,/core/www/modules//consensus/?run_id=110202&search_id=114132&scans_id=110198&peptide_id=10124&scanf=18789&charge=2&value=sp|Q15370|ELOB_HUMAN,4,/core/www/modules/match_peptides/blast_html4.php?run_id=110202&search_id=114132&scans_id=110198&peptide_id=10124&scanf=18789&charge=2&value=4,R.IVEGILK.R,/core/www/modules/show_out/show_out_wrapper.php?run_id=110202&search_id=114132&scans_id=110198&peptide_id=10124&scanf=18789&charge=2&value=R.IVEGILK.R,ELOB,1.510e+7,2.336,0.037,1.437,0.001
18792,3,"  2.592","  0.296",9/52,/core/www/modules//sdig/index.php?run_id=110202&search_id=114132&scans_id=110198&peptide_id=10128&scanf=18792&charge=3&value=9/52,sp|Q15643|TRIPB_HUMAN,/core/www/modules//consensus/?run_id=110202&search_id=114132&scans_id=110198&peptide_id=10128&scanf=18792&charge=3&value=sp|Q15643|TRIPB_HUMAN,1,/core/www/modules/match_peptides/blast_html4.php?run_id=110202&search_id=114132&scans_id=110198&peptide_id=10128&scanf=18792&charge=3&value=1,K.FLETESHPSIPPPK.L,/core/www/modules/show_out/show_out_wrapper.php?run_id=110202&search_id=114132&scans_id=110198&peptide_id=10128&scanf=18792&charge=3&value=K.FLETESHPSIPPPK.L,TRIP11,5.184e+6,2.213,0.055,1.264,0.002
18794,3,"  4.403","  0.517",20/60,/core/www/modules//sdig/index.php?run_id=110202&search_id=114132&scans_id=110198&peptide_id=10130&scanf=18794&charge=3&value=20/60,sp|P78371|TCPB_HUMAN,/core/www/modules//consensus/?run_id=110202&search_id=114132&scans_id=110198&peptide_id=10130&scanf=18794&charge=3&value=sp|P78371|TCPB_HUMAN,2,/core/www/modules/match_peptides/blast_html4.php?run_id=110202&search_id=114132&scans_id=110198&peptide_id=10130&scanf=18794&charge=3&value=2,R.EALLSSAVDHGSDEVK.F,/core/www/modules/show_out/show_out_wrapper.php?run_id=110202&search_id=114132&scans_id=110198&peptide_id=10130&scanf=18794&charge=3&value=R.EALLSSAVDHGSDEVK.F,CCT2,5.863e+7,3.360,0.001,2.941,0.000
18803,2,"  1.905","  0.390",9/16,/core/www/modules//sdig/index.php?run_id=110202&search_id=114132&scans_id=110198&peptide_id=10139&scanf=18803&charge=2&value=9/16,sp|Q9UJV9|DDX41_HUMAN,/core/www/modules//consensus/?run_id=110202&search_id=114132&scans_id=110198&peptide_id=10139&scanf=18803&charge=2&value=sp|Q9UJV9|DDX41_HUMAN,3,/core/www/modules/match_peptides/blast_html4.php?run_id=110202&search_id=114132&scans_id=110198&peptide_id=10139&scanf=18803&charge=2&value=3,K.GITYDDPIK.T,/core/www/modules/show_out/show_out_wrapper.php?run_id=110202&search_id=114132&scans_id=110198&peptide_id=10139&scanf=18803&charge=2&value=K.GITYDDPIK.T,DDX41,1.534e+7,2.884,0.006,2.236,0.000
18804,2,"  1.712","  0.310",8/14,/core/www/modules//sdig/index.php?run_id=110202&search_id=114132&scans_id=110198&peptide_id=10140&scanf=18804&charge=2&value=8/14,sp|P52298|NCBP2_HUMAN,/core/www/modules//consensus/?run_id=110202&search_id=114132&scans_id=110198&peptide_id=10140&scanf=18804&charge=2&value=sp|P52298|NCBP2_HUMAN,2,/core/www/modules/match_peptides/blast_html4.php?run_id=110202&search_id=114132&scans_id=110198&peptide_id=10140&scanf=18804&charge=2&value=2,R.TDWDAGFK.E,/core/www/modules/show_out/show_out_wrapper.php?run_id=110202&search_id=114132&scans_id=110198&peptide_id=10140&scanf=18804&charge=2&value=R.TDWDAGFK.E,NCBP2,1.338e+7,2.608,0.015,1.832,0.000
18805,3,"  2.240","  0.369",12/32,/core/www/modules//sdig/index.php?run_id=110202&search_id=114132&scans_id=110198&peptide_id=10141&scanf=18805&charge=3&value=12/32,sp|P55084|ECHB_HUMAN,/core/www/modules//consensus/?run_id=110202&search_id=114132&scans_id=110198&peptide_id=10141&scanf=18805&charge=3&value=sp|P55084|ECHB_HUMAN,4,/core/www/modules/match_peptides/blast_html4.php?run_id=110202&search_id=114132&scans_id=110198&peptide_id=10141&scanf=18805&charge=3&value=4,K.DLMPHDLAR.A,/core/www/modules/show_out/show_out_wrapper.php?run_id=110202&search_id=114132&scans_id=110198&peptide_id=10141&scanf=18805&charge=3&value=K.DLMPHDLAR.A,HADHB,3.436e+7,3.006,0.004,2.416,0.000
18807,3,"  2.608","  0.477",15/44,/core/www/modules//sdig/index.php?run_id=110202&search_id=114132&scans_id=110198&peptide_id=10143&scanf=18807&charge=3&value=15/44,sp|P27694|RFA1_HUMAN,/core/www/modules//consensus/?run_id=110202&search_id=114132&scans_id=110198&peptide_id=10143&scanf=18807&charge=3&value=sp|P27694|RFA1_HUMAN,1,/core/www/modules/match_peptides/blast_html4.php?run_id=110202&search_id=114132&scans_id=110198&peptide_id=10143&scanf=18807&charge=3&value=1,K.ATVMDVKPVDYR.E,/core/www/modules/show_out/show_out_wrapper.php?run_id=110202&search_id=114132&scans_id=110198&peptide_id=10143&scanf=18807&charge=3&value=K.ATVMDVKPVDYR.E,RPA1,1.603e+7,3.066,0.003,2.506,0.000
18808,3,"  3.185","  0.537",16/52,/core/www/modules//sdig/index.php?run_id=110202&search_id=114132&scans_id=110198&peptide_id=10144&scanf=18808&charge=3&value=16/52,sp|P02545|LMNA_HUMAN,/core/www/modules//consensus/?run_id=110202&search_id=114132&scans_id=110198&peptide_id=10144&scanf=18808&charge=3&value=sp|P02545|LMNA_HUMAN,4,/core/www/modules/match_peptides/blast_html4.php?run_id=110202&search_id=114132&scans_id=110198&peptide_id=10144&scanf=18808&charge=3&value=4,R.VAVEEVDEEGKFVR.L,/core/www/modules/show_out/show_out_wrapper.php?run_id=110202&search_id=114132&scans_id=110198&peptide_id=10144&scanf=18808&charge=3&value=R.VAVEEVDEEGKFVR.L,LMNA,1.258e+8,3.134,0.002,2.606,0.000
18809,3,"  3.289","  0.280",13/44,/core/www/modules//sdig/index.php?run_id=110202&search_id=114132&scans_id=110198&peptide_id=10145&scanf=18809&charge=3&value=13/44,sp|Q99873|ANM1_HUMAN,/core/www/modules//consensus/?run_id=110202&search_id=114132&scans_id=110198&peptide_id=10145&scanf=18809&charge=3&value=sp|Q99873|ANM1_HUMAN,6,/core/www/modules/match_peptides/blast_html4.php?run_id=110202&search_id=114132&scans_id=110198&peptide_id=10145&scanf=18809&charge=3&value=6,K.GKVEEVELPVEK.V,/core/www/modules/show_out/show_out_wrapper.php?run_id=110202&search_id=114132&scans_id=110198&peptide_id=10145&scanf=18809&charge=3&value=K.GKVEEVELPVEK.V,PRMT1,8.537e+6,2.165,0.064,1.196,0.002
18810,2,"  2.002","  0.213",8/12,/core/www/modules//sdig/index.php?run_id=110202&search_id=114132&scans_id=110198&peptide_id=10147&scanf=18810&charge=2&value=8/12,sp|Q96I24|FUBP3_HUMAN,/core/www/modules//consensus/?run_id=110202&search_id=114132&scans_id=110198&peptide_id=10147&scanf=18810&charge=2&value=sp|Q96I24|FUBP3_HUMAN,0,/core/www/modules/match_peptides/blast_html4.php?run_id=110202&search_id=114132&scans_id=110198&peptide_id=10147&scanf=18810&charge=2&value=0,K.VGLVIGR.G,/core/www/modules/show_out/show_out_wrapper.php?run_id=110202&search_id=114132&scans_id=110198&peptide_id=10147&scanf=18810&charge=2&value=K.VGLVIGR.G,FUBP3,1.354e+7,2.458,0.024,1.613,0.001
18811,2,"  1.968","  0.503",9/16,/core/www/modules//sdig/index.php?run_id=110202&search_id=114132&scans_id=110198&peptide_id=10148&scanf=18811&charge=2&value=9/16,sp|Q9Y230|RUVB2_HUMAN,/core/www/modules//consensus/?run_id=110202&search_id=114132&scans_id=110198&peptide_id=10148&scanf=18811&charge=2&value=sp|Q9Y230|RUVB2_HUMAN,3,/core/www/modules/match_peptides/blast_html4.php?run_id=110202&search_id=114132&scans_id=110198&peptide_id=10148&scanf=18811&charge=2&value=3,K.TEALTQAFR.R,/core/www/modules/show_out/show_out_wrapper.php?run_id=110202&search_id=114132&scans_id=110198&peptide_id=10148&scanf=18811&charge=2&value=K.TEALTQAFR.R,RUVBL2,2.805e+7,3.252,0.002,2.781,0.000
18812,3,"  3.799","  0.374",13/68,/core/www/modules//sdig/index.php?run_id=110202&search_id=114132&scans_id=110198&peptide_id=10149&scanf=18812&charge=3&value=13/68,sp|P29372|3MG_HUMAN,/core/www/modules//consensus/?run_id=110202&search_id=114132&scans_id=110198&peptide_id=10149&scanf=18812&charge=3&value=sp|P29372|3MG_HUMAN,1,/core/www/modules/match_peptides/blast_html4.php?run_id=110202&search_id=114132&scans_id=110198&peptide_id=10149&scanf=18812&charge=3&value=1,R.IVETEAYLGPEDEAAHSR.G,/core/www/modules/show_out/show_out_wrapper.php?run_id=110202&search_id=114132&scans_id=110198&peptide_id=10149&scanf=18812&charge=3&value=R.IVETEAYLGPEDEAAHSR.G,MPG,7.538e+6,2.483,0.022,1.649,0.001
18813,4,"  3.311","  0.554",17/72,/core/www/modules//sdig/index.php?run_id=110202&search_id=114132&scans_id=110198&peptide_id=10150&scanf=18813&charge=4&value=17/72,sp|Q13123|RED_HUMAN,/core/www/modules//consensus/?run_id=110202&search_id=114132&scans_id=110198&peptide_id=10150&scanf=18813&charge=4&value=sp|Q13123|RED_HUMAN,2,/core/www/modules/match_peptides/blast_html4.php?run_id=110202&search_id=114132&scans_id=110198&peptide_id=10150&scanf=18813&charge=4&value=2,K.FLGGDMEHTHLVK.G,/core/www/modules/show_out/show_out_wrapper.php?run_id=110202&search_id=114132&scans_id=110198&peptide_id=10150&scanf=18813&charge=4&value=K.FLGGDMEHTHLVK.G,IK,2.981e+7,3.774,0.000,3.555,0.000
18815,3,"  2.910","  0.442",12/64,/core/www/modules//sdig/index.php?run_id=110202&search_id=114132&scans_id=110198&peptide_id=10152&scanf=18815&charge=3&value=12/64,sp|Q9BVP2|GNL3_HUMAN,/core/www/modules//consensus/?run_id=110202&search_id=114132&scans_id=110198&peptide_id=10152&scanf=18815&charge=3&value=sp|Q9BVP2|GNL3_HUMAN,3,/core/www/modules/match_peptides/blast_html4.php?run_id=110202&search_id=114132&scans_id=110198&peptide_id=10152&scanf=18815&charge=3&value=3,K.LETNPDIKPSNVEPMEK.E,/core/www/modules/show_out/show_out_wrapper.php?run_id=110202&search_id=114132&scans_id=110198&peptide_id=10152&scanf=18815&charge=3&value=K.LETNPDIKPSNVEPMEK.E,GNL3,8.932e+6,2.705,0.011,1.974,0.000
18816,3,"  3.972","  0.615",20/60,/core/www/modules//sdig/index.php?run_id=110202&search_id=114132&scans_id=110198&peptide_id=10153&scanf=18816&charge=3&value=20/60,sp|P51572|BAP31_HUMAN,/core/www/modules//consensus/?run_id=110202&search_id=114132&scans_id=110198&peptide_id=10153&scanf=18816&charge=3&value=sp|P51572|BAP31_HUMAN,6,/core/www/modules/match_peptides/blast_html4.php?run_id=110202&search_id=114132&scans_id=110198&peptide_id=10153&scanf=18816&charge=3&value=6,K.VNLQNNPGAMEHFHMK.L,/core/www/modules/show_out/show_out_wrapper.php?run_id=110202&search_id=114132&scans_id=110198&peptide_id=10153&scanf=18816&charge=3&value=K.VNLQNNPGAMEHFHMK.L,BCAP31,2.204e+7,3.577,0.001,3.263,0.000
18817,3,"  5.252","  0.624",20/56,/core/www/modules//sdig/index.php?run_id=110202&search_id=114132&scans_id=110198&peptide_id=10154&scanf=18817&charge=3&value=20/56,sp|Q14204|DYHC1_HUMAN,/core/www/modules//consensus/?run_id=110202&search_id=114132&scans_id=110198&peptide_id=10154&scanf=18817&charge=3&value=sp|Q14204|DYHC1_HUMAN,30,/core/www/modules/match_peptides/blast_html4.php?run_id=110202&search_id=114132&scans_id=110198&peptide_id=10154&scanf=18817&charge=3&value=30,R.TPVIDADKPVSSQLR.V,/core/www/modules/show_out/show_out_wrapper.php?run_id=110202&search_id=114132&scans_id=110198&peptide_id=10154&scanf=18817&charge=3&value=R.TPVIDADKPVSSQLR.V,DYNC1H1,1.516e+7,4.041,0.000,3.951,0.000
18818,3,"  5.004","  0.582",19/52,/core/www/modules//sdig/index.php?run_id=110202&search_id=114132&scans_id=110198&peptide_id=10155&scanf=18818&charge=3&value=19/52,sp|Q13185|CBX3_HUMAN,/core/www/modules//consensus/?run_id=110202&search_id=114132&scans_id=110198&peptide_id=10155&scanf=18818&charge=3&value=sp|Q13185|CBX3_HUMAN,3,/core/www/modules/match_peptides/blast_html4.php?run_id=110202&search_id=114132&scans_id=110198&peptide_id=10155&scanf=18818&charge=3&value=3,K.KVEEAEPEEFVVEK.V,/core/www/modules/show_out/show_out_wrapper.php?run_id=110202&search_id=114132&scans_id=110198&peptide_id=10155&scanf=18818&charge=3&value=K.KVEEAEPEEFVVEK.V,CBX3,7.025e+7,3.348,0.001,2.923,0.000
18819,2,"  4.231","  0.664",18/28,/core/www/modules//sdig/index.php?run_id=110202&search_id=114132&scans_id=110198&peptide_id=10156&scanf=18819&charge=2&value=18/28,sp|O43396|TXNL1_HUMAN,/core/www/modules//consensus/?run_id=110202&search_id=114132&scans_id=110198&peptide_id=10156&scanf=18819&charge=2&value=sp|O43396|TXNL1_HUMAN,2,/core/www/modules/match_peptides/blast_html4.php?run_id=110202&search_id=114132&scans_id=110198&peptide_id=10156&scanf=18819&charge=2&value=2,R.IDQYQGADAVGLEEK.I,/core/www/modules/show_out/show_out_wrapper.php?run_id=110202&search_id=114132&scans_id=110198&peptide_id=10156&scanf=18819&charge=2&value=R.IDQYQGADAVGLEEK.I,TXNL1,6.961e+6,3.791,0.000,3.579,0.000
18821,2,"  1.942","  0.384",10/12,/core/www/modules//sdig/index.php?run_id=110202&search_id=114132&scans_id=110198&peptide_id=10158&scanf=18821&charge=2&value=10/12,sp|P04908|H2A1B_HUMAN,/core/www/modules//consensus/?run_id=110202&search_id=114132&scans_id=110198&peptide_id=10158&scanf=18821&charge=2&value=sp|P04908|H2A1B_HUMAN,20,/core/www/modules/match_peptides/blast_html4.php?run_id=110202&search_id=114132&scans_id=110198&peptide_id=10158&scanf=18821&charge=2&value=20,R.HLQLAIR.N,/core/www/modules/show_out/show_out_wrapper.php?run_id=110202&search_id=114132&scans_id=110198&peptide_id=10158&scanf=18821&charge=2&value=R.HLQLAIR.N,H2AC8,1.860e+9,3.455,0.001,3.082,0.000
18822,2,"  2.937","  0.534",14/22,/core/www/modules//sdig/index.php?run_id=110202&search_id=114132&scans_id=110198&peptide_id=10159&scanf=18822&charge=2&value=14/22,sp|Q99832|TCPH_HUMAN,/core/www/modules//consensus/?run_id=110202&search_id=114132&scans_id=110198&peptide_id=10159&scanf=18822&charge=2&value=sp|Q99832|TCPH_HUMAN,1,/core/www/modules/match_peptides/blast_html4.php?run_id=110202&search_id=114132&scans_id=110198&peptide_id=10159&scanf=18822&charge=2&value=1,K.ATISNDGATILK.L,/core/www/modules/show_out/show_out_wrapper.php?run_id=110202&search_id=114132&scans_id=110198&peptide_id=10159&scanf=18822&charge=2&value=K.ATISNDGATILK.L,CCT7,3.896e+7,3.381,0.001,2.973,0.000
18825,2,"  2.010","  0.294",9/18,/core/www/modules//sdig/index.php?run_id=110202&search_id=114132&scans_id=110198&peptide_id=10162&scanf=18825&charge=2&value=9/18,sp|Q9UHB9|SRP68_HUMAN,/core/www/modules//consensus/?run_id=110202&search_id=114132&scans_id=110198&peptide_id=10162&scanf=18825&charge=2&value=sp|Q9UHB9|SRP68_HUMAN,0,/core/www/modules/match_peptides/blast_html4.php?run_id=110202&search_id=114132&scans_id=110198&peptide_id=10162&scanf=18825&charge=2&value=0,R.DYILEGEPGK.V,/core/www/modules/show_out/show_out_wrapper.php?run_id=110202&search_id=114132&scans_id=110198&peptide_id=10162&scanf=18825&charge=2&value=R.DYILEGEPGK.V,SRP68,3.563e+7,2.421,0.028,1.559,0.001
18826,2,"  1.800","  0.305",7/12,/core/www/modules//sdig/index.php?run_id=110202&search_id=114132&scans_id=110198&peptide_id=10163&scanf=18826&charge=2&value=7/12,sp|P52298|NCBP2_HUMAN,/core/www/modules//consensus/?run_id=110202&search_id=114132&scans_id=110198&peptide_id=10163&scanf=18826&charge=2&value=sp|P52298|NCBP2_HUMAN,0,/core/www/modules/match_peptides/blast_html4.php?run_id=110202&search_id=114132&scans_id=110198&peptide_id=10163&scanf=18826&charge=2&value=0,K.IIMGLDK.M,/core/www/modules/show_out/show_out_wrapper.php?run_id=110202&search_id=114132&scans_id=110198&peptide_id=10163&scanf=18826&charge=2&value=K.IIMGLDK.M,NCBP2,2.267e+7,2.609,0.015,1.834,0.000
18828,2,"  2.486","  0.425",9/16,/core/www/modules//sdig/index.php?run_id=110202&search_id=114132&scans_id=110198&peptide_id=10165&scanf=18828&charge=2&value=9/16,sp|P11940|PABP1_HUMAN,/core/www/modules//consensus/?run_id=110202&search_id=114132&scans_id=110198&peptide_id=10165&scanf=18828&charge=2&value=sp|P11940|PABP1_HUMAN,18,/core/www/modules/match_peptides/blast_html4.php?run_id=110202&search_id=114132&scans_id=110198&peptide_id=10165&scanf=18828&charge=2&value=18,K.MNGMLLNDR.K,/core/www/modules/show_out/show_out_wrapper.php?run_id=110202&search_id=114132&scans_id=110198&peptide_id=10165&scanf=18828&charge=2&value=K.MNGMLLNDR.K,PABPC1,8.752e+6,3.018,0.004,2.435,0.000
18829,2,"  3.019","  0.510",10/16,/core/www/modules//sdig/index.php?run_id=110202&search_id=114132&scans_id=110198&peptide_id=10166&scanf=18829&charge=2&value=10/16,sp|Q9NXF1|TEX10_HUMAN,/core/www/modules//consensus/?run_id=110202&search_id=114132&scans_id=110198&peptide_id=10166&scanf=18829&charge=2&value=sp|Q9NXF1|TEX10_HUMAN,0,/core/www/modules/match_peptides/blast_html4.php?run_id=110202&search_id=114132&scans_id=110198&peptide_id=10166&scanf=18829&charge=2&value=0,R.LLLQHAPLR.T,/core/www/modules/show_out/show_out_wrapper.php?run_id=110202&search_id=114132&scans_id=110198&peptide_id=10166&scanf=18829&charge=2&value=R.LLLQHAPLR.T,TEX10,8.167e+6,3.419,0.001,3.029,0.000
18830,3,"  3.108","  0.571",10/40,/core/www/modules//sdig/index.php?run_id=110202&search_id=114132&scans_id=110198&peptide_id=10168&scanf=18830&charge=3&value=10/40,sp|P21333|FLNA_HUMAN,/core/www/modules//consensus/?run_id=110202&search_id=114132&scans_id=110198&peptide_id=10168&scanf=18830&charge=3&value=sp|P21333|FLNA_HUMAN,1,/core/www/modules/match_peptides/blast_html4.php?run_id=110202&search_id=114132&scans_id=110198&peptide_id=10168&scanf=18830&charge=3&value=1,R.NGHVGISFVPK.E,/core/www/modules/show_out/show_out_wrapper.php?run_id=110202&search_id=114132&scans_id=110198&peptide_id=10168&scanf=18830&charge=3&value=R.NGHVGISFVPK.E,FLNA,8.584e+6,3.597,0.001,3.292,0.000
18832,3,"  2.221","  0.459",12/36,/core/www/modules//sdig/index.php?run_id=110202&search_id=114132&scans_id=110198&peptide_id=10170&scanf=18832&charge=3&value=12/36,sp|Q9NR12|PDLI7_HUMAN,/core/www/modules//consensus/?run_id=110202&search_id=114132&scans_id=110198&peptide_id=10170&scanf=18832&charge=3&value=sp|Q9NR12|PDLI7_HUMAN,0,/core/www/modules/match_peptides/blast_html4.php?run_id=110202&search_id=114132&scans_id=110198&peptide_id=10170&scanf=18832&charge=3&value=0,K.ITGEIMHALK.M,/core/www/modules/show_out/show_out_wrapper.php?run_id=110202&search_id=114132&scans_id=110198&peptide_id=10170&scanf=18832&charge=3&value=K.ITGEIMHALK.M,PDLIM7,2.028e+7,3.171,0.002,2.660,0.000
18835,3,"  4.952","  0.603",19/68,/core/www/modules//sdig/index.php?run_id=110202&search_id=114132&scans_id=110198&peptide_id=10173&scanf=18835&charge=3&value=19/68,sp|Q13813|SPTN1_HUMAN,/core/www/modules//consensus/?run_id=110202&search_id=114132&scans_id=110198&peptide_id=10173&scanf=18835&charge=3&value=sp|Q13813|SPTN1_HUMAN,3,/core/www/modules/match_peptides/blast_html4.php?run_id=110202&search_id=114132&scans_id=110198&peptide_id=10173&scanf=18835&charge=3&value=3,K.LQIASDENYKDPTNLQGK.L,/core/www/modules/show_out/show_out_wrapper.php?run_id=110202&search_id=114132&scans_id=110198&peptide_id=10173&scanf=18835&charge=3&value=K.LQIASDENYKDPTNLQGK.L,SPTAN1,9.375e+6,3.349,0.001,2.924,0.000
18836,2,"  2.800","  0.432",13/20,/core/www/modules//sdig/index.php?run_id=110202&search_id=114132&scans_id=110198&peptide_id=10174&scanf=18836&charge=2&value=13/20,sp|Q13435|SF3B2_HUMAN,/core/www/modules//consensus/?run_id=110202&search_id=114132&scans_id=110198&peptide_id=10174&scanf=18836&charge=2&value=sp|Q13435|SF3B2_HUMAN,2,/core/www/modules/match_peptides/blast_html4.php?run_id=110202&search_id=114132&scans_id=110198&peptide_id=10174&scanf=18836&charge=2&value=2,R.YGPPPSYPNLK.I,/core/www/modules/show_out/show_out_wrapper.php?run_id=110202&search_id=114132&scans_id=110198&peptide_id=10174&scanf=18836&charge=2&value=R.YGPPPSYPNLK.I,SF3B2,1.877e+7,2.956,0.005,2.343,0.000
18838,3,"  3.886","  0.507",19/64,/core/www/modules//sdig/index.php?run_id=110202&search_id=114132&scans_id=110198&peptide_id=10176&scanf=18838&charge=3&value=19/64,sp|Q9NSE4|SYIM_HUMAN,/core/www/modules//consensus/?run_id=110202&search_id=114132&scans_id=110198&peptide_id=10176&scanf=18838&charge=3&value=sp|Q9NSE4|SYIM_HUMAN,0,/core/www/modules/match_peptides/blast_html4.php?run_id=110202&search_id=114132&scans_id=110198&peptide_id=10176&scanf=18838&charge=3&value=0,K.TKDEYLINSQTTEHIVK.L,/core/www/modules/show_out/show_out_wrapper.php?run_id=110202&search_id=114132&scans_id=110198&peptide_id=10176&scanf=18838&charge=3&value=K.TKDEYLINSQTTEHIVK.L,IARS2,5.496e+6,2.832,0.007,2.161,0.000
18840,3,"  2.720","  0.434",14/52,/core/www/modules//sdig/index.php?run_id=110202&search_id=114132&scans_id=110198&peptide_id=10179&scanf=18840&charge=3&value=14/52,sp|O14497|ARI1A_HUMAN,/core/www/modules//consensus/?run_id=110202&search_id=114132&scans_id=110198&peptide_id=10179&scanf=18840&charge=3&value=sp|O14497|ARI1A_HUMAN,2,/core/www/modules/match_peptides/blast_html4.php?run_id=110202&search_id=114132&scans_id=110198&peptide_id=10179&scanf=18840&charge=3&value=2,K.VDENHSEFTLYESR.L,/core/www/modules/show_out/show_out_wrapper.php?run_id=110202&search_id=114132&scans_id=110198&peptide_id=10179&scanf=18840&charge=3&value=K.VDENHSEFTLYESR.L,ARID1A,1.438e+7,2.923,0.005,2.295,0.000
18842,2,"  1.766","  0.244",10/14,/core/www/modules//sdig/index.php?run_id=110202&search_id=114132&scans_id=110198&peptide_id=10180&scanf=18842&charge=2&value=10/14,sp|P11387|TOP1_HUMAN,/core/www/modules//consensus/?run_id=110202&search_id=114132&scans_id=110198&peptide_id=10180&scanf=18842&charge=2&value=sp|P11387|TOP1_HUMAN,0,/core/www/modules/match_peptides/blast_html4.php?run_id=110202&search_id=114132&scans_id=110198&peptide_id=10180&scanf=18842&charge=2&value=0,K.NIITNLSK.C,/core/www/modules/show_out/show_out_wrapper.php?run_id=110202&search_id=114132&scans_id=110198&peptide_id=10180&scanf=18842&charge=2&value=K.NIITNLSK.C,TOP1,1.606e+8,2.739,0.009,2.023,0.000
18843,2,"  2.102","  0.574",10/18,/core/www/modules//sdig/index.php?run_id=110202&search_id=114132&scans_id=110198&peptide_id=10181&scanf=18843&charge=2&value=10/18,sp|P78527|PRKDC_HUMAN,/core/www/modules//consensus/?run_id=110202&search_id=114132&scans_id=110198&peptide_id=10181&scanf=18843&charge=2&value=sp|P78527|PRKDC_HUMAN,1,/core/www/modules/match_peptides/blast_html4.php?run_id=110202&search_id=114132&scans_id=110198&peptide_id=10181&scanf=18843&charge=2&value=1,R.TYSVVPMTSR.L,/core/www/modules/show_out/show_out_wrapper.php?run_id=110202&search_id=114132&scans_id=110198&peptide_id=10181&scanf=18843&charge=2&value=R.TYSVVPMTSR.L,PRKDC,8.303e+7,4.224,0.000,4.222,0.000
18844,2,"  1.717","  0.000",8/12,/core/www/modules//sdig/index.php?run_id=110202&search_id=114132&scans_id=110198&peptide_id=10182&scanf=18844&charge=2&value=8/12,sp|P09651|ROA1_HUMAN,/core/www/modules//consensus/?run_id=110202&search_id=114132&scans_id=110198&peptide_id=10182&scanf=18844&charge=2&value=sp|P09651|ROA1_HUMAN,0,/core/www/modules/match_peptides/blast_html4.php?run_id=110202&search_id=114132&scans_id=110198&peptide_id=10182&scanf=18844&charge=2&value=0,K.IFVGGIK.E,/core/www/modules/show_out/show_out_wrapper.php?run_id=110202&search_id=114132&scans_id=110198&peptide_id=10182&scanf=18844&charge=2&value=K.IFVGGIK.E,HNRNPA1,7.963e+8,2.399,0.030,1.528,0.001
18847,3,"  2.611","  0.589",15/36,/core/www/modules//sdig/index.php?run_id=110202&search_id=114132&scans_id=110198&peptide_id=10185&scanf=18847&charge=3&value=15/36,sp|P02545|LMNA_HUMAN,/core/www/modules//consensus/?run_id=110202&search_id=114132&scans_id=110198&peptide_id=10185&scanf=18847&charge=3&value=sp|P02545|LMNA_HUMAN,7,/core/www/modules/match_peptides/blast_html4.php?run_id=110202&search_id=114132&scans_id=110198&peptide_id=10185&scanf=18847&charge=3&value=7,R.TLEGELHDLR.G,/core/www/modules/show_out/show_out_wrapper.php?run_id=110202&search_id=114132&scans_id=110198&peptide_id=10185&scanf=18847&charge=3&value=R.TLEGELHDLR.G,LMNA,2.005e+8,3.860,0.000,3.681,0.000
18848,2,"  4.041","  0.719",18/26,/core/www/modules//sdig/index.php?run_id=110202&search_id=114132&scans_id=110198&peptide_id=10186&scanf=18848&charge=2&value=18/26,sp|Q8NE71|ABCF1_HUMAN,/core/www/modules//consensus/?run_id=110202&search_id=114132&scans_id=110198&peptide_id=10186&scanf=18848&charge=2&value=sp|Q8NE71|ABCF1_HUMAN,2,/core/www/modules/match_peptides/blast_html4.php?run_id=110202&search_id=114132&scans_id=110198&peptide_id=10186&scanf=18848&charge=2&value=2,K.NQDEESQEAPELLK.R,/core/www/modules/show_out/show_out_wrapper.php?run_id=110202&search_id=114132&scans_id=110198&peptide_id=10186&scanf=18848&charge=2&value=K.NQDEESQEAPELLK.R,ABCF1,1.433e+7,4.092,0.000,4.025,0.000
18849,4,"  4.818","  0.505",19/126,/core/www/modules//sdig/index.php?run_id=110202&search_id=114132&scans_id=110198&peptide_id=10187&scanf=18849&charge=4&value=19/126,sp|O95793|STAU1_HUMAN,/core/www/modules//consensus/?run_id=110202&search_id=114132&scans_id=110198&peptide_id=10187&scanf=18849&charge=4&value=sp|O95793|STAU1_HUMAN,0,/core/www/modules/match_peptides/blast_html4.php?run_id=110202&search_id=114132&scans_id=110198&peptide_id=10187&scanf=18849&charge=4&value=0,K.TKPIVKPQTSPEYGQGINPISR.L,/core/www/modules/show_out/show_out_wrapper.php?run_id=110202&search_id=114132&scans_id=110198&peptide_id=10187&scanf=18849&charge=4&value=K.TKPIVKPQTSPEYGQGINPISR.L,STAU1,4.811e+7,3.362,0.001,2.943,0.000
18851,4,"  2.887","  0.362",18/114,/core/www/modules//sdig/index.php?run_id=110202&search_id=114132&scans_id=110198&peptide_id=10190&scanf=18851&charge=4&value=18/114,sp|P12814|ACTN1_HUMAN,/core/www/modules//consensus/?run_id=110202&search_id=114132&scans_id=110198&peptide_id=10190&scanf=18851&charge=4&value=sp|P12814|ACTN1_HUMAN,6,/core/www/modules/match_peptides/blast_html4.php?run_id=110202&search_id=114132&scans_id=110198&peptide_id=10190&scanf=18851&charge=4&value=6,R.ASFNHFDRDHSGTLGPEEFK.A,/core/www/modules/show_out/show_out_wrapper.php?run_id=110202&search_id=114132&scans_id=110198&peptide_id=10190&scanf=18851&charge=4&value=R.ASFNHFDRDHSGTLGPEEFK.A,ACTN1,9.529e+6,2.564,0.017,1.767,0.000
18854,2,"  2.471","  0.429",10/18,/core/www/modules//sdig/index.php?run_id=110202&search_id=114132&scans_id=110198&peptide_id=10193&scanf=18854&charge=2&value=10/18,sp|P06493|CDK1_HUMAN,/core/www/modules//consensus/?run_id=110202&search_id=114132&scans_id=110198&peptide_id=10193&scanf=18854&charge=2&value=sp|P06493|CDK1_HUMAN,2,/core/www/modules/match_peptides/blast_html4.php?run_id=110202&search_id=114132&scans_id=110198&peptide_id=10193&scanf=18854&charge=2&value=2,R.SPEVLLGSAR.Y,/core/www/modules/show_out/show_out_wrapper.php?run_id=110202&search_id=114132&scans_id=110198&peptide_id=10193&scanf=18854&charge=2&value=R.SPEVLLGSAR.Y,CDK1,1.378e+7,2.874,0.006,2.223,0.000
18857,3,"  3.886","  0.541",12/68,/core/www/modules//sdig/index.php?run_id=110202&search_id=114132&scans_id=110198&peptide_id=10196&scanf=18857&charge=3&value=12/68,sp|P29372|3MG_HUMAN,/core/www/modules//consensus/?run_id=110202&search_id=114132&scans_id=110198&peptide_id=10196&scanf=18857&charge=3&value=sp|P29372|3MG_HUMAN,1,/core/www/modules/match_peptides/blast_html4.php?run_id=110202&search_id=114132&scans_id=110198&peptide_id=10196&scanf=18857&charge=3&value=1,R.IVETEAYLGPEDEAAHSR.G,/core/www/modules/show_out/show_out_wrapper.php?run_id=110202&search_id=114132&scans_id=110198&peptide_id=10196&scanf=18857&charge=3&value=R.IVETEAYLGPEDEAAHSR.G,MPG,7.538e+6,3.037,0.003,2.462,0.000
18864,2,"  4.228","  0.679",16/26,/core/www/modules//sdig/index.php?run_id=110202&search_id=114132&scans_id=110198&peptide_id=10203&scanf=18864&charge=2&value=16/26,sp|P02545|LMNA_HUMAN,/core/www/modules//consensus/?run_id=110202&search_id=114132&scans_id=110198&peptide_id=10203&scanf=18864&charge=2&value=sp|P02545|LMNA_HUMAN,4,/core/www/modules/match_peptides/blast_html4.php?run_id=110202&search_id=114132&scans_id=110198&peptide_id=10203&scanf=18864&charge=2&value=4,R.VAVEEVDEEGKFVR.L,/core/www/modules/show_out/show_out_wrapper.php?run_id=110202&search_id=114132&scans_id=110198&peptide_id=10203&scanf=18864&charge=2&value=R.VAVEEVDEEGKFVR.L,LMNA,2.299e+7,3.669,0.000,3.399,0.000
18866,2,"  2.171","  0.451",11/18,/core/www/modules//sdig/index.php?run_id=110202&search_id=114132&scans_id=110198&peptide_id=10205&scanf=18866&charge=2&value=11/18,sp|Q9UBU9|NXF1_HUMAN,/core/www/modules//consensus/?run_id=110202&search_id=114132&scans_id=110198&peptide_id=10205&scanf=18866&charge=2&value=sp|Q9UBU9|NXF1_HUMAN,2,/core/www/modules/match_peptides/blast_html4.php?run_id=110202&search_id=114132&scans_id=110198&peptide_id=10205&scanf=18866&charge=2&value=2,R.LDDMSSIVQK.A,/core/www/modules/show_out/show_out_wrapper.php?run_id=110202&search_id=114132&scans_id=110198&peptide_id=10205&scanf=18866&charge=2&value=R.LDDMSSIVQK.A,NXF1,3.209e+7,3.147,0.002,2.625,0.000
18867,2,"  3.888","  0.680",19/24,/core/www/modules//sdig/index.php?run_id=110202&search_id=114132&scans_id=110198&peptide_id=10206&scanf=18867&charge=2&value=19/24,sp|P17480|UBF1_HUMAN,/core/www/modules//consensus/?run_id=110202&search_id=114132&scans_id=110198&peptide_id=10206&scanf=18867&charge=2&value=sp|P17480|UBF1_HUMAN,1,/core/www/modules/match_peptides/blast_html4.php?run_id=110202&search_id=114132&scans_id=110198&peptide_id=10206&scanf=18867&charge=2&value=1,K.HPELNISEEGITK.S,/core/www/modules/show_out/show_out_wrapper.php?run_id=110202&search_id=114132&scans_id=110198&peptide_id=10206&scanf=18867&charge=2&value=K.HPELNISEEGITK.S,UBTF,2.611e+7,4.177,0.000,4.151,0.000
18868,2,"  2.546","  0.217",10/12,/core/www/modules//sdig/index.php?run_id=110202&search_id=114132&scans_id=110198&peptide_id=10207&scanf=18868&charge=2&value=10/12,sp|P46781|RS9_HUMAN,/core/www/modules//consensus/?run_id=110202&search_id=114132&scans_id=110198&peptide_id=10207&scanf=18868&charge=2&value=sp|P46781|RS9_HUMAN,0,/core/www/modules/match_peptides/blast_html4.php?run_id=110202&search_id=114132&scans_id=110198&peptide_id=10207&scanf=18868&charge=2&value=0,K.HIDFSLR.S,/core/www/modules/show_out/show_out_wrapper.php?run_id=110202&search_id=114132&scans_id=110198&peptide_id=10207&scanf=18868&charge=2&value=K.HIDFSLR.S,RPS9,2.424e+8,2.780,0.008,2.084,0.000
18869,3,"  3.571","  0.603",19/52,/core/www/modules//sdig/index.php?run_id=110202&search_id=114132&scans_id=110198&peptide_id=10208&scanf=18869&charge=3&value=19/52,sp|P62424|RL7A_HUMAN,/core/www/modules//consensus/?run_id=110202&search_id=114132&scans_id=110198&peptide_id=10208&scanf=18869&charge=3&value=sp|P62424|RL7A_HUMAN,2,/core/www/modules/match_peptides/blast_html4.php?run_id=110202&search_id=114132&scans_id=110198&peptide_id=10208&scanf=18869&charge=3&value=2,R.AGVNTVTTLVENKK.A,/core/www/modules/show_out/show_out_wrapper.php?run_id=110202&search_id=114132&scans_id=110198&peptide_id=10208&scanf=18869&charge=3&value=R.AGVNTVTTLVENKK.A,RPL7A,1.252e+8,3.365,0.001,2.948,0.000
18876,2,"  3.223","  0.534",12/22,/core/www/modules//sdig/index.php?run_id=110202&search_id=114132&scans_id=110198&peptide_id=10216&scanf=18876&charge=2&value=12/22,sp|P13861|KAP2_HUMAN,/core/www/modules//consensus/?run_id=110202&search_id=114132&scans_id=110198&peptide_id=10216&scanf=18876&charge=2&value=sp|P13861|KAP2_HUMAN,1,/core/www/modules/match_peptides/blast_html4.php?run_id=110202&search_id=114132&scans_id=110198&peptide_id=10216&scanf=18876&charge=2&value=1,R.APASVLPAATPR.Q,/core/www/modules/show_out/show_out_wrapper.php?run_id=110202&search_id=114132&scans_id=110198&peptide_id=10216&scanf=18876&charge=2&value=R.APASVLPAATPR.Q,PRKAR2A,1.166e+7,3.267,0.002,2.803,0.000
18877,3,"  3.064","  0.412",12/60,/core/www/modules//sdig/index.php?run_id=110202&search_id=114132&scans_id=110198&peptide_id=10217&scanf=18877&charge=3&value=12/60,sp|P49736|MCM2_HUMAN,/core/www/modules//consensus/?run_id=110202&search_id=114132&scans_id=110198&peptide_id=10217&scanf=18877&charge=3&value=sp|P49736|MCM2_HUMAN,1,/core/www/modules/match_peptides/blast_html4.php?run_id=110202&search_id=114132&scans_id=110198&peptide_id=10217&scanf=18877&charge=3&value=1,R.TSIHEAMEQQSISISK.A,/core/www/modules/show_out/show_out_wrapper.php?run_id=110202&search_id=114132&scans_id=110198&peptide_id=10217&scanf=18877&charge=3&value=R.TSIHEAMEQQSISISK.A,MCM2,2.168e+7,2.718,0.010,1.993,0.000
18878,2,"  2.651","  0.430",14/22,/core/www/modules//sdig/index.php?run_id=110202&search_id=114132&scans_id=110198&peptide_id=10218&scanf=18878&charge=2&value=14/22,sp|Q8TAQ2|SMRC2_HUMAN,/core/www/modules//consensus/?run_id=110202&search_id=114132&scans_id=110198&peptide_id=10218&scanf=18878&charge=2&value=sp|Q8TAQ2|SMRC2_HUMAN,1,/core/www/modules/match_peptides/blast_html4.php?run_id=110202&search_id=114132&scans_id=110198&peptide_id=10218&scanf=18878&charge=2&value=1,K.EKPTDMQNFGLR.T,/core/www/modules/show_out/show_out_wrapper.php?run_id=110202&search_id=114132&scans_id=110198&peptide_id=10218&scanf=18878&charge=2&value=K.EKPTDMQNFGLR.T,SMARCC2,3.365e+7,3.187,0.002,2.685,0.000
18880,2,"  3.421","  0.556",16/18,/core/www/modules//sdig/index.php?run_id=110202&search_id=114132&scans_id=110198&peptide_id=10221&scanf=18880&charge=2&value=16/18,sp|Q14240|IF4A2_HUMAN,/core/www/modules//consensus/?run_id=110202&search_id=114132&scans_id=110198&peptide_id=10221&scanf=18880&charge=2&value=sp|Q14240|IF4A2_HUMAN,1,/core/www/modules/match_peptides/blast_html4.php?run_id=110202&search_id=114132&scans_id=110198&peptide_id=10221&scanf=18880&charge=2&value=1,K.KEELTLEGIK.Q,/core/www/modules/show_out/show_out_wrapper.php?run_id=110202&search_id=114132&scans_id=110198&peptide_id=10221&scanf=18880&charge=2&value=K.KEELTLEGIK.Q,EIF4A2,1.353e+7,3.656,0.000,3.379,0.000
18884,2,"  1.882","  0.213",9/12,/core/www/modules//sdig/index.php?run_id=110202&search_id=114132&scans_id=110198&peptide_id=10224&scanf=18884&charge=2&value=9/12,sp|Q07955|SRSF1_HUMAN,/core/www/modules//consensus/?run_id=110202&search_id=114132&scans_id=110198&peptide_id=10224&scanf=18884&charge=2&value=sp|Q07955|SRSF1_HUMAN,3,/core/www/modules/match_peptides/blast_html4.php?run_id=110202&search_id=114132&scans_id=110198&peptide_id=10224&scanf=18884&charge=2&value=3,R.LRVEFPR.S,/core/www/modules/show_out/show_out_wrapper.php?run_id=110202&search_id=114132&scans_id=110198&peptide_id=10224&scanf=18884&charge=2&value=R.LRVEFPR.S,SRSF1,2.009e+8,2.410,0.029,1.544,0.001
18885,3,"  5.197","  0.683",27/48,/core/www/modules//sdig/index.php?run_id=110202&search_id=114132&scans_id=110198&peptide_id=10225&scanf=18885&charge=3&value=27/48,sp|Q08211|DHX9_HUMAN,/core/www/modules//consensus/?run_id=110202&search_id=114132&scans_id=110198&peptide_id=10225&scanf=18885&charge=3&value=sp|Q08211|DHX9_HUMAN,0,/core/www/modules/match_peptides/blast_html4.php?run_id=110202&search_id=114132&scans_id=110198&peptide_id=10225&scanf=18885&charge=3&value=0,R.GISHVIVDEIHER.D,/core/www/modules/show_out/show_out_wrapper.php?run_id=110202&search_id=114132&scans_id=110198&peptide_id=10225&scanf=18885&charge=3&value=R.GISHVIVDEIHER.D,DHX9,5.890e+8,4.612,0.000,4.797,0.000
18886,2,"  2.996","  0.480",12/16,/core/www/modules//sdig/index.php?run_id=110202&search_id=114132&scans_id=110198&peptide_id=10226&scanf=18886&charge=2&value=12/16,sp|P07355|ANXA2_HUMAN,/core/www/modules//consensus/?run_id=110202&search_id=114132&scans_id=110198&peptide_id=10226&scanf=18886&charge=2&value=sp|P07355|ANXA2_HUMAN,15,/core/www/modules/match_peptides/blast_html4.php?run_id=110202&search_id=114132&scans_id=110198&peptide_id=10226&scanf=18886&charge=2&value=15,R.QDIAFAYQR.R,/core/www/modules/show_out/show_out_wrapper.php?run_id=110202&search_id=114132&scans_id=110198&peptide_id=10226&scanf=18886&charge=2&value=R.QDIAFAYQR.R,ANXA2,4.209e+7,3.482,0.001,3.121,0.000
18890,2,"  1.531","  0.226",8/14,/core/www/modules//sdig/index.php?run_id=110202&search_id=114132&scans_id=110198&peptide_id=10231&scanf=18890&charge=2&value=8/14,sp|P51114|FXR1_HUMAN,/core/www/modules//consensus/?run_id=110202&search_id=114132&scans_id=110198&peptide_id=10231&scanf=18890&charge=2&value=sp|P51114|FXR1_HUMAN,19,/core/www/modules/match_peptides/blast_html4.php?run_id=110202&search_id=114132&scans_id=110198&peptide_id=10231&scanf=18890&charge=2&value=19,R.LQIDEQLR.Q,/core/www/modules/show_out/show_out_wrapper.php?run_id=110202&search_id=114132&scans_id=110198&peptide_id=10231&scanf=18890&charge=2&value=R.LQIDEQLR.Q,FXR1,7.916e+7,2.351,0.035,1.459,0.001
18891,2,"  4.217","  0.662",18/28,/core/www/modules//sdig/index.php?run_id=110202&search_id=114132&scans_id=110198&peptide_id=10232&scanf=18891&charge=2&value=18/28,sp|O60264|SMCA5_HUMAN,/core/www/modules//consensus/?run_id=110202&search_id=114132&scans_id=110198&peptide_id=10232&scanf=18891&charge=2&value=sp|O60264|SMCA5_HUMAN,0,/core/www/modules/match_peptides/blast_html4.php?run_id=110202&search_id=114132&scans_id=110198&peptide_id=10232&scanf=18891&charge=2&value=0,K.IDEAESLNDEELEEK.E,/core/www/modules/show_out/show_out_wrapper.php?run_id=110202&search_id=114132&scans_id=110198&peptide_id=10232&scanf=18891&charge=2&value=K.IDEAESLNDEELEEK.E,SMARCA5,1.139e+7,3.983,0.000,3.864,0.000
18893,2,"  2.897","  0.437",15/30,/core/www/modules//sdig/index.php?run_id=110202&search_id=114132&scans_id=110198&peptide_id=10234&scanf=18893&charge=2&value=15/30,sp|P17480|UBF1_HUMAN,/core/www/modules//consensus/?run_id=110202&search_id=114132&scans_id=110198&peptide_id=10234&scanf=18893&charge=2&value=sp|P17480|UBF1_HUMAN,2,/core/www/modules/match_peptides/blast_html4.php?run_id=110202&search_id=114132&scans_id=110198&peptide_id=10234&scanf=18893&charge=2&value=2,R.QLQEERPELSESELTR.L,/core/www/modules/show_out/show_out_wrapper.php?run_id=110202&search_id=114132&scans_id=110198&peptide_id=10234&scanf=18893&charge=2&value=R.QLQEERPELSESELTR.L,UBTF,7.956e+6,2.733,0.010,2.014,0.000
18894,3,"  2.221","  0.135",11/32,/core/www/modules//sdig/index.php?run_id=110202&search_id=114132&scans_id=110198&peptide_id=10235&scanf=18894&charge=3&value=11/32,sp|Q9NZI8|IF2B1_HUMAN,/core/www/modules//consensus/?run_id=110202&search_id=114132&scans_id=110198&peptide_id=10235&scanf=18894&charge=3&value=sp|Q9NZI8|IF2B1_HUMAN,0,/core/www/modules/match_peptides/blast_html4.php?run_id=110202&search_id=114132&scans_id=110198&peptide_id=10235&scanf=18894&charge=3&value=0,K.IRDILAQVK.Q,/core/www/modules/show_out/show_out_wrapper.php?run_id=110202&search_id=114132&scans_id=110198&peptide_id=10235&scanf=18894&charge=3&value=K.IRDILAQVK.Q,IGF2BP1,1.119e+7,1.924,0.134,0.873,0.007
18899,2,"  4.858","  0.754",20/28,/core/www/modules//sdig/index.php?run_id=110202&search_id=114132&scans_id=110198&peptide_id=10240&scanf=18899&charge=2&value=20/28,sp|P78527|PRKDC_HUMAN,/core/www/modules//consensus/?run_id=110202&search_id=114132&scans_id=110198&peptide_id=10240&scanf=18899&charge=2&value=sp|P78527|PRKDC_HUMAN,1,/core/www/modules/match_peptides/blast_html4.php?run_id=110202&search_id=114132&scans_id=110198&peptide_id=10240&scanf=18899&charge=2&value=1,R.DPESETDNDSQEIFK.L,/core/www/modules/show_out/show_out_wrapper.php?run_id=110202&search_id=114132&scans_id=110198&peptide_id=10240&scanf=18899&charge=2&value=R.DPESETDNDSQEIFK.L,PRKDC,6.128e+6,5.025,0.000,5.410,0.000
18900,2,"  1.863","  0.422",6/14,/core/www/modules//sdig/index.php?run_id=110202&search_id=114132&scans_id=110198&peptide_id=10241&scanf=18900&charge=2&value=6/14,sp|Q6P1J9|CDC73_HUMAN,/core/www/modules//consensus/?run_id=110202&search_id=114132&scans_id=110198&peptide_id=10241&scanf=18900&charge=2&value=sp|Q6P1J9|CDC73_HUMAN,2,/core/www/modules/match_peptides/blast_html4.php?run_id=110202&search_id=114132&scans_id=110198&peptide_id=10241&scanf=18900&charge=2&value=2,K.LMPQDWDR.V,/core/www/modules/show_out/show_out_wrapper.php?run_id=110202&search_id=114132&scans_id=110198&peptide_id=10241&scanf=18900&charge=2&value=K.LMPQDWDR.V,CDC73,8.683e+6,2.797,0.008,2.109,0.000
18902,3,"  3.896","  0.480",15/52,/core/www/modules//sdig/index.php?run_id=110202&search_id=114132&scans_id=110198&peptide_id=10243&scanf=18902&charge=3&value=15/52,sp|O75694|NU155_HUMAN,/core/www/modules//consensus/?run_id=110202&search_id=114132&scans_id=110198&peptide_id=10243&scanf=18902&charge=3&value=sp|O75694|NU155_HUMAN,1,/core/www/modules/match_peptides/blast_html4.php?run_id=110202&search_id=114132&scans_id=110198&peptide_id=10243&scanf=18902&charge=3&value=1,R.LADMHSTEISLQQR.L,/core/www/modules/show_out/show_out_wrapper.php?run_id=110202&search_id=114132&scans_id=110198&peptide_id=10243&scanf=18902&charge=3&value=R.LADMHSTEISLQQR.L,NUP155,6.579e+6,3.106,0.003,2.564,0.000
18903,3,"  2.273","  0.415",11/36,/core/www/modules//sdig/index.php?run_id=110202&search_id=114132&scans_id=110198&peptide_id=10244&scanf=18903&charge=3&value=11/36,sp|P11388|TOP2A_HUMAN,/core/www/modules//consensus/?run_id=110202&search_id=114132&scans_id=110198&peptide_id=10244&scanf=18903&charge=3&value=sp|P11388|TOP2A_HUMAN,0,/core/www/modules/match_peptides/blast_html4.php?run_id=110202&search_id=114132&scans_id=110198&peptide_id=10244&scanf=18903&charge=3&value=0,K.QTTLAFKPIK.K,/core/www/modules/show_out/show_out_wrapper.php?run_id=110202&search_id=114132&scans_id=110198&peptide_id=10244&scanf=18903&charge=3&value=K.QTTLAFKPIK.K,TOP2A,6.993e+6,3.190,0.002,2.690,0.000
18905,2,"  1.673","  0.483",9/16,/core/www/modules//sdig/index.php?run_id=110202&search_id=114132&scans_id=110198&peptide_id=10245&scanf=18905&charge=2&value=9/16,sp|P14618|KPYM_HUMAN,/core/www/modules//consensus/?run_id=110202&search_id=114132&scans_id=110198&peptide_id=10245&scanf=18905&charge=2&value=sp|P14618|KPYM_HUMAN,5,/core/www/modules/match_peptides/blast_html4.php?run_id=110202&search_id=114132&scans_id=110198&peptide_id=10245&scanf=18905&charge=2&value=5,K.GDYPLEAVR.M,/core/www/modules/show_out/show_out_wrapper.php?run_id=110202&search_id=114132&scans_id=110198&peptide_id=10245&scanf=18905&charge=2&value=K.GDYPLEAVR.M,PKM,2.424e+7,3.132,0.002,2.603,0.000
18907,3,"  5.054","  0.485",14/60,/core/www/modules//sdig/index.php?run_id=110202&search_id=114132&scans_id=110198&peptide_id=10247&scanf=18907&charge=3&value=14/60,sp|P10155|RO60_HUMAN,/core/www/modules//consensus/?run_id=110202&search_id=114132&scans_id=110198&peptide_id=10247&scanf=18907&charge=3&value=sp|P10155|RO60_HUMAN,0,/core/www/modules/match_peptides/blast_html4.php?run_id=110202&search_id=114132&scans_id=110198&peptide_id=10247&scanf=18907&charge=3&value=0,R.LSHLKPSSEGLAIVTK.Y,/core/www/modules/show_out/show_out_wrapper.php?run_id=110202&search_id=114132&scans_id=110198&peptide_id=10247&scanf=18907&charge=3&value=R.LSHLKPSSEGLAIVTK.Y,RO60,1.349e+7,3.013,0.004,2.427,0.000
18908,3,"  4.571","  0.573",21/60,/core/www/modules//sdig/index.php?run_id=110202&search_id=114132&scans_id=110198&peptide_id=10248&scanf=18908&charge=3&value=21/60,sp|P21333|FLNA_HUMAN,/core/www/modules//consensus/?run_id=110202&search_id=114132&scans_id=110198&peptide_id=10248&scanf=18908&charge=3&value=sp|P21333|FLNA_HUMAN,2,/core/www/modules/match_peptides/blast_html4.php?run_id=110202&search_id=114132&scans_id=110198&peptide_id=10248&scanf=18908&charge=3&value=2,K.TGVAVNKPAEFTVDAK.H,/core/www/modules/show_out/show_out_wrapper.php?run_id=110202&search_id=114132&scans_id=110198&peptide_id=10248&scanf=18908&charge=3&value=K.TGVAVNKPAEFTVDAK.H,FLNA,5.511e+7,3.674,0.000,3.406,0.000
18910,3,"  2.553","  0.313",15/48,/core/www/modules//sdig/index.php?run_id=110202&search_id=114132&scans_id=110198&peptide_id=10251&scanf=18910&charge=3&value=15/48,sp|P12956|XRCC6_HUMAN,/core/www/modules//consensus/?run_id=110202&search_id=114132&scans_id=110198&peptide_id=10251&scanf=18910&charge=3&value=sp|P12956|XRCC6_HUMAN,1,/core/www/modules/match_peptides/blast_html4.php?run_id=110202&search_id=114132&scans_id=110198&peptide_id=10251&scanf=18910&charge=3&value=1,R.QIILEKEETEELK.R,/core/www/modules/show_out/show_out_wrapper.php?run_id=110202&search_id=114132&scans_id=110198&peptide_id=10251&scanf=18910&charge=3&value=R.QIILEKEETEELK.R,XRCC6,1.527e+7,2.463,0.024,1.620,0.001
18912,2,"  4.237","  0.616",17/26,/core/www/modules//sdig/index.php?run_id=110202&search_id=114132&scans_id=110198&peptide_id=10253&scanf=18912&charge=2&value=17/26,sp|Q04917|1433F_HUMAN,/core/www/modules//consensus/?run_id=110202&search_id=114132&scans_id=110198&peptide_id=10253&scanf=18912&charge=2&value=sp|Q04917|1433F_HUMAN,0,/core/www/modules/match_peptides/blast_html4.php?run_id=110202&search_id=114132&scans_id=110198&peptide_id=10253&scanf=18912&charge=2&value=0,K.AVTELNEPLSNEDR.N,/core/www/modules/show_out/show_out_wrapper.php?run_id=110202&search_id=114132&scans_id=110198&peptide_id=10253&scanf=18912&charge=2&value=K.AVTELNEPLSNEDR.N,YWHAH,1.112e+7,3.647,0.000,3.366,0.000
18917,2,"  5.162","  0.706",20/30,/core/www/modules//sdig/index.php?run_id=110202&search_id=114132&scans_id=110198&peptide_id=10258&scanf=18917&charge=2&value=20/30,sp|P21333|FLNA_HUMAN,/core/www/modules//consensus/?run_id=110202&search_id=114132&scans_id=110198&peptide_id=10258&scanf=18917&charge=2&value=sp|P21333|FLNA_HUMAN,1,/core/www/modules/match_peptides/blast_html4.php?run_id=110202&search_id=114132&scans_id=110198&peptide_id=10258&scanf=18917&charge=2&value=1,R.VANPSGNLTETYVQDR.G,/core/www/modules/show_out/show_out_wrapper.php?run_id=110202&search_id=114132&scans_id=110198&peptide_id=10258&scanf=18917&charge=2&value=R.VANPSGNLTETYVQDR.G,FLNA,1.778e+7,4.168,0.000,4.138,0.000
18918,2,"  3.950","  0.584",16/22,/core/www/modules//sdig/index.php?run_id=110202&search_id=114132&scans_id=110198&peptide_id=10259&scanf=18918&charge=2&value=16/22,sp|P78371|TCPB_HUMAN,/core/www/modules//consensus/?run_id=110202&search_id=114132&scans_id=110198&peptide_id=10259&scanf=18918&charge=2&value=sp|P78371|TCPB_HUMAN,2,/core/www/modules/match_peptides/blast_html4.php?run_id=110202&search_id=114132&scans_id=110198&peptide_id=10259&scanf=18918&charge=2&value=2,R.GATQQILDEAER.S,/core/www/modules/show_out/show_out_wrapper.php?run_id=110202&search_id=114132&scans_id=110198&peptide_id=10259&scanf=18918&charge=2&value=R.GATQQILDEAER.S,CCT2,5.537e+7,3.756,0.000,3.528,0.000
18920,2,"  4.018","  0.650",17/26,/core/www/modules//sdig/index.php?run_id=110202&search_id=114132&scans_id=110198&peptide_id=10262&scanf=18920&charge=2&value=17/26,sp|Q15424|SAFB1_HUMAN,/core/www/modules//consensus/?run_id=110202&search_id=114132&scans_id=110198&peptide_id=10262&scanf=18920&charge=2&value=sp|Q15424|SAFB1_HUMAN,0,/core/www/modules/match_peptides/blast_html4.php?run_id=110202&search_id=114132&scans_id=110198&peptide_id=10262&scanf=18920&charge=2&value=0,K.ELPEQLQEHAIEDK.E,/core/www/modules/show_out/show_out_wrapper.php?run_id=110202&search_id=114132&scans_id=110198&peptide_id=10262&scanf=18920&charge=2&value=K.ELPEQLQEHAIEDK.E,SAFB,5.424e+6,3.830,0.000,3.637,0.000
18921,3,"  2.594","  0.486",12/36,/core/www/modules//sdig/index.php?run_id=110202&search_id=114132&scans_id=110198&peptide_id=10263&scanf=18921&charge=3&value=12/36,sp|P53618|COPB_HUMAN,/core/www/modules//consensus/?run_id=110202&search_id=114132&scans_id=110198&peptide_id=10263&scanf=18921&charge=3&value=sp|P53618|COPB_HUMAN,3,/core/www/modules/match_peptides/blast_html4.php?run_id=110202&search_id=114132&scans_id=110198&peptide_id=10263&scanf=18921&charge=3&value=3,K.DLQHPNEFIR.G,/core/www/modules/show_out/show_out_wrapper.php?run_id=110202&search_id=114132&scans_id=110198&peptide_id=10263&scanf=18921&charge=3&value=K.DLQHPNEFIR.G,COPB1,3.715e+7,3.359,0.001,2.939,0.000
18922,3,"  2.040","  0.420",10/40,/core/www/modules//sdig/index.php?run_id=110202&search_id=114132&scans_id=110198&peptide_id=10264&scanf=18922&charge=3&value=10/40,sp|Q9UKN8|TF3C4_HUMAN,/core/www/modules//consensus/?run_id=110202&search_id=114132&scans_id=110198&peptide_id=10264&scanf=18922&charge=3&value=sp|Q9UKN8|TF3C4_HUMAN,0,/core/www/modules/match_peptides/blast_html4.php?run_id=110202&search_id=114132&scans_id=110198&peptide_id=10264&scanf=18922&charge=3&value=0,K.EMDQLPVHSIK.C,/core/www/modules/show_out/show_out_wrapper.php?run_id=110202&search_id=114132&scans_id=110198&peptide_id=10264&scanf=18922&charge=3&value=K.EMDQLPVHSIK.C,GTF3C4,7.755e+6,2.917,0.005,2.285,0.000
18926,2,"  1.863","  0.331",9/14,/core/www/modules//sdig/index.php?run_id=110202&search_id=114132&scans_id=110198&peptide_id=10267&scanf=18926&charge=2&value=9/14,sp|Q9BR76|COR1B_HUMAN,/core/www/modules//consensus/?run_id=110202&search_id=114132&scans_id=110198&peptide_id=10267&scanf=18926&charge=2&value=sp|Q9BR76|COR1B_HUMAN,2,/core/www/modules/match_peptides/blast_html4.php?run_id=110202&search_id=114132&scans_id=110198&peptide_id=10267&scanf=18926&charge=2&value=2,R.AIFLADGK.V,/core/www/modules/show_out/show_out_wrapper.php?run_id=110202&search_id=114132&scans_id=110198&peptide_id=10267&scanf=18926&charge=2&value=R.AIFLADGK.V,CORO1B,4.364e+7,2.813,0.007,2.132,0.000
18927,2,"  4.189","  0.654",16/26,/core/www/modules//sdig/index.php?run_id=110202&search_id=114132&scans_id=110198&peptide_id=10268&scanf=18927&charge=2&value=16/26,sp|P46087|NOP2_HUMAN,/core/www/modules//consensus/?run_id=110202&search_id=114132&scans_id=110198&peptide_id=10268&scanf=18927&charge=2&value=sp|P46087|NOP2_HUMAN,0,/core/www/modules/match_peptides/blast_html4.php?run_id=110202&search_id=114132&scans_id=110198&peptide_id=10268&scanf=18927&charge=2&value=0,K.GADSELSTVPSVTK.T,/core/www/modules/show_out/show_out_wrapper.php?run_id=110202&search_id=114132&scans_id=110198&peptide_id=10268&scanf=18927&charge=2&value=K.GADSELSTVPSVTK.T,NOP2,5.079e+7,3.785,0.000,3.571,0.000
18929,2,"  2.413","  0.276",9/16,/core/www/modules//sdig/index.php?run_id=110202&search_id=114132&scans_id=110198&peptide_id=10270&scanf=18929&charge=2&value=9/16,sp|Q9H307|PININ_HUMAN,/core/www/modules//consensus/?run_id=110202&search_id=114132&scans_id=110198&peptide_id=10270&scanf=18929&charge=2&value=sp|Q9H307|PININ_HUMAN,0,/core/www/modules/match_peptides/blast_html4.php?run_id=110202&search_id=114132&scans_id=110198&peptide_id=10270&scanf=18929&charge=2&value=0,R.IEFAEQINK.M,/core/www/modules/show_out/show_out_wrapper.php?run_id=110202&search_id=114132&scans_id=110198&peptide_id=10270&scanf=18929&charge=2&value=R.IEFAEQINK.M,PNN,1.209e+7,2.537,0.019,1.728,0.000
18930,2,"  2.000","  0.516",11/18,/core/www/modules//sdig/index.php?run_id=110202&search_id=114132&scans_id=110198&peptide_id=10272&scanf=18930&charge=2&value=11/18,sp|Q9Y6M1|IF2B2_HUMAN,/core/www/modules//consensus/?run_id=110202&search_id=114132&scans_id=110198&peptide_id=10272&scanf=18930&charge=2&value=sp|Q9Y6M1|IF2B2_HUMAN,1,/core/www/modules/match_peptides/blast_html4.php?run_id=110202&search_id=114132&scans_id=110198&peptide_id=10272&scanf=18930&charge=2&value=1,K.IMEVDYSVSK.K,/core/www/modules/show_out/show_out_wrapper.php?run_id=110202&search_id=114132&scans_id=110198&peptide_id=10272&scanf=18930&charge=2&value=K.IMEVDYSVSK.K,IGF2BP2,2.490e+7,3.311,0.001,2.869,0.000
18931,2,"  2.611","  0.269",11/16,/core/www/modules//sdig/index.php?run_id=110202&search_id=114132&scans_id=110198&peptide_id=10273&scanf=18931&charge=2&value=11/16,sp|Q9UHB9|SRP68_HUMAN,/core/www/modules//consensus/?run_id=110202&search_id=114132&scans_id=110198&peptide_id=10273&scanf=18931&charge=2&value=sp|Q9UHB9|SRP68_HUMAN,0,/core/www/modules/match_peptides/blast_html4.php?run_id=110202&search_id=114132&scans_id=110198&peptide_id=10273&scanf=18931&charge=2&value=0,K.LEALITQTR.A,/core/www/modules/show_out/show_out_wrapper.php?run_id=110202&search_id=114132&scans_id=110198&peptide_id=10273&scanf=18931&charge=2&value=K.LEALITQTR.A,SRP68,2.784e+7,2.694,0.011,1.957,0.000
18932,3,"  3.679","  0.454",15/48,/core/www/modules//sdig/index.php?run_id=110202&search_id=114132&scans_id=110198&peptide_id=10274&scanf=18932&charge=3&value=15/48,sp|Q14315|FLNC_HUMAN,/core/www/modules//consensus/?run_id=110202&search_id=114132&scans_id=110198&peptide_id=10274&scanf=18932&charge=3&value=sp|Q14315|FLNC_HUMAN,0,/core/www/modules/match_peptides/blast_html4.php?run_id=110202&search_id=114132&scans_id=110198&peptide_id=10274&scanf=18932&charge=3&value=0,K.YGGPQHIVGSPFK.A,/core/www/modules/show_out/show_out_wrapper.php?run_id=110202&search_id=114132&scans_id=110198&peptide_id=10274&scanf=18932&charge=3&value=K.YGGPQHIVGSPFK.A,FLNC,1.468e+7,3.158,0.002,2.642,0.000
18933,2,"  1.711","  0.168",9/12,/core/www/modules//sdig/index.php?run_id=110202&search_id=114132&scans_id=110198&peptide_id=10275&scanf=18933&charge=2&value=9/12,sp|Q9H6R4|NOL6_HUMAN,/core/www/modules//consensus/?run_id=110202&search_id=114132&scans_id=110198&peptide_id=10275&scanf=18933&charge=2&value=sp|Q9H6R4|NOL6_HUMAN,1,/core/www/modules/match_peptides/blast_html4.php?run_id=110202&search_id=114132&scans_id=110198&peptide_id=10275&scanf=18933&charge=2&value=1,K.DGVALLK.V,/core/www/modules/show_out/show_out_wrapper.php?run_id=110202&search_id=114132&scans_id=110198&peptide_id=10275&scanf=18933&charge=2&value=K.DGVALLK.V,NOL6,1.100e+7,2.476,0.023,1.639,0.001
18934,2,"  2.335","  0.145",8/12,/core/www/modules//sdig/index.php?run_id=110202&search_id=114132&scans_id=110198&peptide_id=10276&scanf=18934&charge=2&value=8/12,sp|Q99798|ACON_HUMAN,/core/www/modules//consensus/?run_id=110202&search_id=114132&scans_id=110198&peptide_id=10276&scanf=18934&charge=2&value=sp|Q99798|ACON_HUMAN,6,/core/www/modules/match_peptides/blast_html4.php?run_id=110202&search_id=114132&scans_id=110198&peptide_id=10276&scanf=18934&charge=2&value=6,K.LTIQGLK.D,/core/www/modules/show_out/show_out_wrapper.php?run_id=110202&search_id=114132&scans_id=110198&peptide_id=10276&scanf=18934&charge=2&value=K.LTIQGLK.D,ACO2,1.287e+7,2.317,0.039,1.410,0.001
18937,2,"  2.353","  0.182",10/16,/core/www/modules//sdig/index.php?run_id=110202&search_id=114132&scans_id=110198&peptide_id=10279&scanf=18937&charge=2&value=10/16,sp|Q14315|FLNC_HUMAN,/core/www/modules//consensus/?run_id=110202&search_id=114132&scans_id=110198&peptide_id=10279&scanf=18937&charge=2&value=sp|Q14315|FLNC_HUMAN,0,/core/www/modules/match_peptides/blast_html4.php?run_id=110202&search_id=114132&scans_id=110198&peptide_id=10279&scanf=18937&charge=2&value=0,R.LGSFGSITR.Q,/core/www/modules/show_out/show_out_wrapper.php?run_id=110202&search_id=114132&scans_id=110198&peptide_id=10279&scanf=18937&charge=2&value=R.LGSFGSITR.Q,FLNC,1.212e+7,2.374,0.032,1.493,0.001
18938,2,"  1.915","  0.329",10/18,/core/www/modules//sdig/index.php?run_id=110202&search_id=114132&scans_id=110198&peptide_id=10280&scanf=18938&charge=2&value=10/18,sp|P08962|CD63_HUMAN,/core/www/modules//consensus/?run_id=110202&search_id=114132&scans_id=110198&peptide_id=10280&scanf=18938&charge=2&value=sp|P08962|CD63_HUMAN,4,/core/www/modules/match_peptides/blast_html4.php?run_id=110202&search_id=114132&scans_id=110198&peptide_id=10280&scanf=18938&charge=2&value=4,K.VMSEFNNNFR.Q,/core/www/modules/show_out/show_out_wrapper.php?run_id=110202&search_id=114132&scans_id=110198&peptide_id=10280&scanf=18938&charge=2&value=K.VMSEFNNNFR.Q,CD63,1.031e+7,2.564,0.017,1.768,0.000
18939,2,"  2.267","  0.173",9/12,/core/www/modules//sdig/index.php?run_id=110202&search_id=114132&scans_id=110198&peptide_id=10281&scanf=18939&charge=2&value=9/12,sp|Q12931|TRAP1_HUMAN,/core/www/modules//consensus/?run_id=110202&search_id=114132&scans_id=110198&peptide_id=10281&scanf=18939&charge=2&value=sp|Q12931|TRAP1_HUMAN,2,/core/www/modules/match_peptides/blast_html4.php?run_id=110202&search_id=114132&scans_id=110198&peptide_id=10281&scanf=18939&charge=2&value=2,R.LNELLVK.A,/core/www/modules/show_out/show_out_wrapper.php?run_id=110202&search_id=114132&scans_id=110198&peptide_id=10281&scanf=18939&charge=2&value=R.LNELLVK.A,TRAP1,3.904e+7,2.480,0.023,1.646,0.001
18941,2,"  1.128","  0.216",6/12,/core/www/modules//sdig/index.php?run_id=110202&search_id=114132&scans_id=110198&peptide_id=10284&scanf=18941&charge=2&value=6/12,sp|Q9Y4G6|TLN2_HUMAN,/core/www/modules//consensus/?run_id=110202&search_id=114132&scans_id=110198&peptide_id=10284&scanf=18941&charge=2&value=sp|Q9Y4G6|TLN2_HUMAN,3,/core/www/modules/match_peptides/blast_html4.php?run_id=110202&search_id=114132&scans_id=110198&peptide_id=10284&scanf=18941&charge=2&value=3,K.SLITSIR.D,/core/www/modules/show_out/show_out_wrapper.php?run_id=110202&search_id=114132&scans_id=110198&peptide_id=10284&scanf=18941&charge=2&value=K.SLITSIR.D,TLN2,2.198e+7,2.124,0.072,1.140,0.002
18942,2,"  2.099","  0.289",10/18,/core/www/modules//sdig/index.php?run_id=110202&search_id=114132&scans_id=110198&peptide_id=10285&scanf=18942&charge=2&value=10/18,sp|Q8IX12|CCAR1_HUMAN,/core/www/modules//consensus/?run_id=110202&search_id=114132&scans_id=110198&peptide_id=10285&scanf=18942&charge=2&value=sp|Q8IX12|CCAR1_HUMAN,0,/core/www/modules/match_peptides/blast_html4.php?run_id=110202&search_id=114132&scans_id=110198&peptide_id=10285&scanf=18942&charge=2&value=0,K.TILNLENSNK.S,/core/www/modules/show_out/show_out_wrapper.php?run_id=110202&search_id=114132&scans_id=110198&peptide_id=10285&scanf=18942&charge=2&value=K.TILNLENSNK.S,CCAR1,2.177e+7,2.502,0.021,1.677,0.000
18943,2,"  1.525","  0.432",7/12,/core/www/modules//sdig/index.php?run_id=110202&search_id=114132&scans_id=110198&peptide_id=10286&scanf=18943&charge=2&value=7/12,sp|P39023|RL3_HUMAN,/core/www/modules//consensus/?run_id=110202&search_id=114132&scans_id=110198&peptide_id=10286&scanf=18943&charge=2&value=sp|P39023|RL3_HUMAN,1,/core/www/modules/match_peptides/blast_html4.php?run_id=110202&search_id=114132&scans_id=110198&peptide_id=10286&scanf=18943&charge=2&value=1,K.AFMGPLK.K,/core/www/modules/show_out/show_out_wrapper.php?run_id=110202&search_id=114132&scans_id=110198&peptide_id=10286&scanf=18943&charge=2&value=K.AFMGPLK.K,RPL3,7.742e+7,3.133,0.002,2.605,0.000
18944,2,"  1.618","  0.235",9/22,/core/www/modules//sdig/index.php?run_id=110202&search_id=114132&scans_id=110198&peptide_id=10287&scanf=18944&charge=2&value=9/22,sp|O75400|PR40A_HUMAN,/core/www/modules//consensus/?run_id=110202&search_id=114132&scans_id=110198&peptide_id=10287&scanf=18944&charge=2&value=sp|O75400|PR40A_HUMAN,5,/core/www/modules/match_peptides/blast_html4.php?run_id=110202&search_id=114132&scans_id=110198&peptide_id=10287&scanf=18944&charge=2&value=5,R.VPSNASWEQAMK.M,/core/www/modules/show_out/show_out_wrapper.php?run_id=110202&search_id=114132&scans_id=110198&peptide_id=10287&scanf=18944&charge=2&value=R.VPSNASWEQAMK.M,PRPF40A,7.062e+6,1.875,0.155,0.810,0.008
18947,2,"  1.815","  0.407",8/12,/core/www/modules//sdig/index.php?run_id=110202&search_id=114132&scans_id=110198&peptide_id=10289&scanf=18947&charge=2&value=8/12,sp|P62280|RS11_HUMAN,/core/www/modules//consensus/?run_id=110202&search_id=114132&scans_id=110198&peptide_id=10289&scanf=18947&charge=2&value=sp|P62280|RS11_HUMAN,2,/core/www/modules/match_peptides/blast_html4.php?run_id=110202&search_id=114132&scans_id=110198&peptide_id=10289&scanf=18947&charge=2&value=2,R.DYLHYIR.K,/core/www/modules/show_out/show_out_wrapper.php?run_id=110202&search_id=114132&scans_id=110198&peptide_id=10289&scanf=18947&charge=2&value=R.DYLHYIR.K,RPS11,9.600e+7,3.129,0.003,2.599,0.000
18948,3,"  3.739","  0.582",20/48,/core/www/modules//sdig/index.php?run_id=110202&search_id=114132&scans_id=110198&peptide_id=10290&scanf=18948&charge=3&value=20/48,sp|O00567|NOP56_HUMAN,/core/www/modules//consensus/?run_id=110202&search_id=114132&scans_id=110198&peptide_id=10290&scanf=18948&charge=3&value=sp|O00567|NOP56_HUMAN,3,/core/www/modules/match_peptides/blast_html4.php?run_id=110202&search_id=114132&scans_id=110198&peptide_id=10290&scanf=18948&charge=3&value=3,R.LIAHAGSLTNLAK.Y,/core/www/modules/show_out/show_out_wrapper.php?run_id=110202&search_id=114132&scans_id=110198&peptide_id=10290&scanf=18948&charge=3&value=R.LIAHAGSLTNLAK.Y,NOP56,3.017e+8,3.767,0.000,3.544,0.000
18950,2,"  2.008","  0.324",7/14,/core/www/modules//sdig/index.php?run_id=110202&search_id=114132&scans_id=110198&peptide_id=10293&scanf=18950&charge=2&value=7/14,sp|Q7KZF4|SND1_HUMAN,/core/www/modules//consensus/?run_id=110202&search_id=114132&scans_id=110198&peptide_id=10293&scanf=18950&charge=2&value=sp|Q7KZF4|SND1_HUMAN,0,/core/www/modules/match_peptides/blast_html4.php?run_id=110202&search_id=114132&scans_id=110198&peptide_id=10293&scanf=18950&charge=2&value=0,R.QINLSNIR.A,/core/www/modules/show_out/show_out_wrapper.php?run_id=110202&search_id=114132&scans_id=110198&peptide_id=10293&scanf=18950&charge=2&value=R.QINLSNIR.A,SND1,4.861e+7,2.551,0.018,1.749,0.000
18951,2,"  3.448","  0.504",14/20,/core/www/modules//sdig/index.php?run_id=110202&search_id=114132&scans_id=110198&peptide_id=10294&scanf=18951&charge=2&value=14/20,sp|P46781|RS9_HUMAN,/core/www/modules//consensus/?run_id=110202&search_id=114132&scans_id=110198&peptide_id=10294&scanf=18951&charge=2&value=sp|P46781|RS9_HUMAN,4,/core/www/modules/match_peptides/blast_html4.php?run_id=110202&search_id=114132&scans_id=110198&peptide_id=10294&scanf=18951&charge=2&value=4,R.ELLTLDEKDPR.R,/core/www/modules/show_out/show_out_wrapper.php?run_id=110202&search_id=114132&scans_id=110198&peptide_id=10294&scanf=18951&charge=2&value=R.ELLTLDEKDPR.R,RPS9,1.006e+8,3.171,0.002,2.661,0.000
18954,2,"  3.477","  0.585",14/24,/core/www/modules//sdig/index.php?run_id=110202&search_id=114132&scans_id=110198&peptide_id=10297&scanf=18954&charge=2&value=14/24,sp|Q9H3P7|GCP60_HUMAN,/core/www/modules//consensus/?run_id=110202&search_id=114132&scans_id=110198&peptide_id=10297&scanf=18954&charge=2&value=sp|Q9H3P7|GCP60_HUMAN,0,/core/www/modules/match_peptides/blast_html4.php?run_id=110202&search_id=114132&scans_id=110198&peptide_id=10297&scanf=18954&charge=2&value=0,K.IQQDADSVITVGR.G,/core/www/modules/show_out/show_out_wrapper.php?run_id=110202&search_id=114132&scans_id=110198&peptide_id=10297&scanf=18954&charge=2&value=K.IQQDADSVITVGR.G,ACBD3,1.235e+7,3.413,0.001,3.020,0.000
18955,3,"  4.457","  0.539",18/56,/core/www/modules//sdig/index.php?run_id=110202&search_id=114132&scans_id=110198&peptide_id=10298&scanf=18955&charge=3&value=18/56,sp|Q08945|SSRP1_HUMAN,/core/www/modules//consensus/?run_id=110202&search_id=114132&scans_id=110198&peptide_id=10298&scanf=18955&charge=3&value=sp|Q08945|SSRP1_HUMAN,1,/core/www/modules/match_peptides/blast_html4.php?run_id=110202&search_id=114132&scans_id=110198&peptide_id=10298&scanf=18955&charge=3&value=1,K.IKSDHPGISITDLSK.K,/core/www/modules/show_out/show_out_wrapper.php?run_id=110202&search_id=114132&scans_id=110198&peptide_id=10298&scanf=18955&charge=3&value=K.IKSDHPGISITDLSK.K,SSRP1,1.455e+7,3.121,0.003,2.588,0.000
18957,3,"  3.904","  0.628",12/60,/core/www/modules//sdig/index.php?run_id=110202&search_id=114132&scans_id=110198&peptide_id=10300&scanf=18957&charge=3&value=12/60,sp|P33992|MCM5_HUMAN,/core/www/modules//consensus/?run_id=110202&search_id=114132&scans_id=110198&peptide_id=10300&scanf=18957&charge=3&value=sp|P33992|MCM5_HUMAN,1,/core/www/modules/match_peptides/blast_html4.php?run_id=110202&search_id=114132&scans_id=110198&peptide_id=10300&scanf=18957&charge=3&value=1,R.SFAGAVSPQEEEEFRR.L,/core/www/modules/show_out/show_out_wrapper.php?run_id=110202&search_id=114132&scans_id=110198&peptide_id=10300&scanf=18957&charge=3&value=R.SFAGAVSPQEEEEFRR.L,MCM5,2.249e+7,3.208,0.002,2.716,0.000
18959,2,"  1.949","  0.134",8/12,/core/www/modules//sdig/index.php?run_id=110202&search_id=114132&scans_id=110198&peptide_id=10302&scanf=18959&charge=2&value=8/12,sp|Q86U86|PB1_HUMAN,/core/www/modules//consensus/?run_id=110202&search_id=114132&scans_id=110198&peptide_id=10302&scanf=18959&charge=2&value=sp|Q86U86|PB1_HUMAN,1,/core/www/modules/match_peptides/blast_html4.php?run_id=110202&search_id=114132&scans_id=110198&peptide_id=10302&scanf=18959&charge=2&value=1,K.IQLLEAK.F,/core/www/modules/show_out/show_out_wrapper.php?run_id=110202&search_id=114132&scans_id=110198&peptide_id=10302&scanf=18959&charge=2&value=K.IQLLEAK.F,PBRM1,9.959e+6,2.296,0.042,1.381,0.001
18960,3,"  3.466","  0.572",17/48,/core/www/modules//sdig/index.php?run_id=110202&search_id=114132&scans_id=110198&peptide_id=10304&scanf=18960&charge=3&value=17/48,sp|P31689|DNJA1_HUMAN,/core/www/modules//consensus/?run_id=110202&search_id=114132&scans_id=110198&peptide_id=10304&scanf=18960&charge=3&value=sp|P31689|DNJA1_HUMAN,0,/core/www/modules/match_peptides/blast_html4.php?run_id=110202&search_id=114132&scans_id=110198&peptide_id=10304&scanf=18960&charge=3&value=0,R.TIVITSHPGQIVK.H,/core/www/modules/show_out/show_out_wrapper.php?run_id=110202&search_id=114132&scans_id=110198&peptide_id=10304&scanf=18960&charge=3&value=R.TIVITSHPGQIVK.H,DNAJA1,2.463e+7,3.524,0.001,3.184,0.000
18961,2,"  2.642","  0.436",10/18,/core/www/modules//sdig/index.php?run_id=110202&search_id=114132&scans_id=110198&peptide_id=10305&scanf=18961&charge=2&value=10/18,sp|O75369|FLNB_HUMAN,/core/www/modules//consensus/?run_id=110202&search_id=114132&scans_id=110198&peptide_id=10305&scanf=18961&charge=2&value=sp|O75369|FLNB_HUMAN,2,/core/www/modules/match_peptides/blast_html4.php?run_id=110202&search_id=114132&scans_id=110198&peptide_id=10305&scanf=18961&charge=2&value=2,K.VNQPASFAIR.L,/core/www/modules/show_out/show_out_wrapper.php?run_id=110202&search_id=114132&scans_id=110198&peptide_id=10305&scanf=18961&charge=2&value=K.VNQPASFAIR.L,FLNB,9.500e+6,3.093,0.003,2.546,0.000
18964,2,"  2.272","  0.358",9/18,/core/www/modules//sdig/index.php?run_id=110202&search_id=114132&scans_id=110198&peptide_id=10308&scanf=18964&charge=2&value=9/18,sp|P05455|LA_HUMAN,/core/www/modules//consensus/?run_id=110202&search_id=114132&scans_id=110198&peptide_id=10308&scanf=18964&charge=2&value=sp|P05455|LA_HUMAN,3,/core/www/modules/match_peptides/blast_html4.php?run_id=110202&search_id=114132&scans_id=110198&peptide_id=10308&scanf=18964&charge=2&value=3,K.AELMEISEDK.T,/core/www/modules/show_out/show_out_wrapper.php?run_id=110202&search_id=114132&scans_id=110198&peptide_id=10308&scanf=18964&charge=2&value=K.AELMEISEDK.T,SSB,1.835e+7,2.556,0.018,1.755,0.000
18966,3,"  2.603","  0.327",10/48,/core/www/modules//sdig/index.php?run_id=110202&search_id=114132&scans_id=110198&peptide_id=10310&scanf=18966&charge=3&value=10/48,sp|O00267|SPT5H_HUMAN,/core/www/modules//consensus/?run_id=110202&search_id=114132&scans_id=110198&peptide_id=10310&scanf=18966&charge=3&value=sp|O00267|SPT5H_HUMAN,1,/core/www/modules/match_peptides/blast_html4.php?run_id=110202&search_id=114132&scans_id=110198&peptide_id=10310&scanf=18966&charge=3&value=1,R.DQREEELGEYYMK.K,/core/www/modules/show_out/show_out_wrapper.php?run_id=110202&search_id=114132&scans_id=110198&peptide_id=10310&scanf=18966&charge=3&value=R.DQREEELGEYYMK.K,SUPT5H,6.230e+6,2.241,0.050,1.304,0.002
18968,2,"  1.813","  0.318",9/16,/core/www/modules//sdig/index.php?run_id=110202&search_id=114132&scans_id=110198&peptide_id=10311&scanf=18968&charge=2&value=9/16,sp|Q9Y3U8|RL36_HUMAN,/core/www/modules//consensus/?run_id=110202&search_id=114132&scans_id=110198&peptide_id=10311&scanf=18968&charge=2&value=sp|Q9Y3U8|RL36_HUMAN,2,/core/www/modules/match_peptides/blast_html4.php?run_id=110202&search_id=114132&scans_id=110198&peptide_id=10311&scanf=18968&charge=2&value=2,R.YPMAVGLNK.G,/core/www/modules/show_out/show_out_wrapper.php?run_id=110202&search_id=114132&scans_id=110198&peptide_id=10311&scanf=18968&charge=2&value=R.YPMAVGLNK.G,RPL36,1.888e+8,2.526,0.019,1.712,0.000
18969,2,"  3.166","  0.451",12/26,/core/www/modules//sdig/index.php?run_id=110202&search_id=114132&scans_id=110198&peptide_id=10312&scanf=18969&charge=2&value=12/26,sp|P56537|IF6_HUMAN,/core/www/modules//consensus/?run_id=110202&search_id=114132&scans_id=110198&peptide_id=10312&scanf=18969&charge=2&value=sp|P56537|IF6_HUMAN,1,/core/www/modules/match_peptides/blast_html4.php?run_id=110202&search_id=114132&scans_id=110198&peptide_id=10312&scanf=18969&charge=2&value=1,K.LNEAQPSTIATSMR.D,/core/www/modules/show_out/show_out_wrapper.php?run_id=110202&search_id=114132&scans_id=110198&peptide_id=10312&scanf=18969&charge=2&value=K.LNEAQPSTIATSMR.D,EIF6,3.679e+7,2.778,0.008,2.081,0.000
18971,2,"  2.487","  0.613",10/16,/core/www/modules//sdig/index.php?run_id=110202&search_id=114132&scans_id=110198&peptide_id=10315&scanf=18971&charge=2&value=10/16,sp|P62269|RS18_HUMAN,/core/www/modules//consensus/?run_id=110202&search_id=114132&scans_id=110198&peptide_id=10315&scanf=18971&charge=2&value=sp|P62269|RS18_HUMAN,0,/core/www/modules/match_peptides/blast_html4.php?run_id=110202&search_id=114132&scans_id=110198&peptide_id=10315&scanf=18971&charge=2&value=0,R.VITIMQNPR.Q,/core/www/modules/show_out/show_out_wrapper.php?run_id=110202&search_id=114132&scans_id=110198&peptide_id=10315&scanf=18971&charge=2&value=R.VITIMQNPR.Q,RPS18,4.614e+8,3.704,0.000,3.450,0.000
18972,2,"  2.438","  0.233",10/16,/core/www/modules//sdig/index.php?run_id=110202&search_id=114132&scans_id=110198&peptide_id=10316&scanf=18972&charge=2&value=10/16,sp|P55084|ECHB_HUMAN,/core/www/modules//consensus/?run_id=110202&search_id=114132&scans_id=110198&peptide_id=10316&scanf=18972&charge=2&value=sp|P55084|ECHB_HUMAN,1,/core/www/modules/match_peptides/blast_html4.php?run_id=110202&search_id=114132&scans_id=110198&peptide_id=10316&scanf=18972&charge=2&value=1,R.LAAAFAVSR.L,/core/www/modules/show_out/show_out_wrapper.php?run_id=110202&search_id=114132&scans_id=110198&peptide_id=10316&scanf=18972&charge=2&value=R.LAAAFAVSR.L,HADHB,2.861e+7,2.469,0.024,1.629,0.001
18973,3,"  4.173","  0.615",19/56,/core/www/modules//sdig/index.php?run_id=110202&search_id=114132&scans_id=110198&peptide_id=10317&scanf=18973&charge=3&value=19/56,sp|P51531|SMCA2_HUMAN,/core/www/modules//consensus/?run_id=110202&search_id=114132&scans_id=110198&peptide_id=10317&scanf=18973&charge=3&value=sp|P51531|SMCA2_HUMAN,3,/core/www/modules/match_peptides/blast_html4.php?run_id=110202&search_id=114132&scans_id=110198&peptide_id=10317&scanf=18973&charge=3&value=3,R.GSQSYYTVAHAISER.V,/core/www/modules/show_out/show_out_wrapper.php?run_id=110202&search_id=114132&scans_id=110198&peptide_id=10317&scanf=18973&charge=3&value=R.GSQSYYTVAHAISER.V,SMARCA2,1.412e+8,3.892,0.000,3.729,0.000
18974,2,"  2.581","  0.391",11/18,/core/www/modules//sdig/index.php?run_id=110202&search_id=114132&scans_id=110198&peptide_id=10318&scanf=18974&charge=2&value=11/18,sp|A6NHR9|SMHD1_HUMAN,/core/www/modules//consensus/?run_id=110202&search_id=114132&scans_id=110198&peptide_id=10318&scanf=18974&charge=2&value=sp|A6NHR9|SMHD1_HUMAN,2,/core/www/modules/match_peptides/blast_html4.php?run_id=110202&search_id=114132&scans_id=110198&peptide_id=10318&scanf=18974&charge=2&value=2,R.ISGALFTNDK.F,/core/www/modules/show_out/show_out_wrapper.php?run_id=110202&search_id=114132&scans_id=110198&peptide_id=10318&scanf=18974&charge=2&value=R.ISGALFTNDK.F,SMCHD1,1.350e+8,3.018,0.004,2.434,0.000
18975,3,"  2.467","  0.481",15/36,/core/www/modules//sdig/index.php?run_id=110202&search_id=114132&scans_id=110198&peptide_id=10319&scanf=18975&charge=3&value=15/36,sp|P08708|RS17_HUMAN,/core/www/modules//consensus/?run_id=110202&search_id=114132&scans_id=110198&peptide_id=10319&scanf=18975&charge=3&value=sp|P08708|RS17_HUMAN,3,/core/www/modules/match_peptides/blast_html4.php?run_id=110202&search_id=114132&scans_id=110198&peptide_id=10319&scanf=18975&charge=3&value=3,K.IAGYVTHLMK.R,/core/www/modules/show_out/show_out_wrapper.php?run_id=110202&search_id=114132&scans_id=110198&peptide_id=10319&scanf=18975&charge=3&value=K.IAGYVTHLMK.R,RPS17,2.336e+8,3.376,0.001,2.964,0.000
18977,3,"  3.813","  0.484",17/52,/core/www/modules//sdig/index.php?run_id=110202&search_id=114132&scans_id=110198&peptide_id=10321&scanf=18977&charge=3&value=17/52,sp|Q14669|TRIPC_HUMAN,/core/www/modules//consensus/?run_id=110202&search_id=114132&scans_id=110198&peptide_id=10321&scanf=18977&charge=3&value=sp|Q14669|TRIPC_HUMAN,2,/core/www/modules/match_peptides/blast_html4.php?run_id=110202&search_id=114132&scans_id=110198&peptide_id=10321&scanf=18977&charge=3&value=2,K.HLAESESLLTSPPK.A,/core/www/modules/show_out/show_out_wrapper.php?run_id=110202&search_id=114132&scans_id=110198&peptide_id=10321&scanf=18977&charge=3&value=K.HLAESESLLTSPPK.A,TRIP12,1.456e+7,3.324,0.001,2.887,0.000
18979,2,"  2.023","  0.366",11/16,/core/www/modules//sdig/index.php?run_id=110202&search_id=114132&scans_id=110198&peptide_id=10323&scanf=18979&charge=2&value=11/16,sp|Q14315|FLNC_HUMAN,/core/www/modules//consensus/?run_id=110202&search_id=114132&scans_id=110198&peptide_id=10323&scanf=18979&charge=2&value=sp|Q14315|FLNC_HUMAN,0,/core/www/modules/match_peptides/blast_html4.php?run_id=110202&search_id=114132&scans_id=110198&peptide_id=10323&scanf=18979&charge=2&value=0,R.HIGISFTPK.E,/core/www/modules/show_out/show_out_wrapper.php?run_id=110202&search_id=114132&scans_id=110198&peptide_id=10323&scanf=18979&charge=2&value=R.HIGISFTPK.E,FLNC,1.490e+7,3.060,0.003,2.496,0.000
18981,2,"  2.578","  0.453",11/18,/core/www/modules//sdig/index.php?run_id=110202&search_id=114132&scans_id=110198&peptide_id=10326&scanf=18981&charge=2&value=11/18,sp|P49756|RBM25_HUMAN,/core/www/modules//consensus/?run_id=110202&search_id=114132&scans_id=110198&peptide_id=10326&scanf=18981&charge=2&value=sp|P49756|RBM25_HUMAN,1,/core/www/modules/match_peptides/blast_html4.php?run_id=110202&search_id=114132&scans_id=110198&peptide_id=10326&scanf=18981&charge=2&value=1,R.LLHDLQIGEK.K,/core/www/modules/show_out/show_out_wrapper.php?run_id=110202&search_id=114132&scans_id=110198&peptide_id=10326&scanf=18981&charge=2&value=R.LLHDLQIGEK.K,RBM25,1.475e+7,3.093,0.003,2.546,0.000
18982,2,"  1.847","  0.076",8/12,/core/www/modules//sdig/index.php?run_id=110202&search_id=114132&scans_id=110198&peptide_id=10327&scanf=18982&charge=2&value=8/12,sp|Q9Y285|SYFA_HUMAN,/core/www/modules//consensus/?run_id=110202&search_id=114132&scans_id=110198&peptide_id=10327&scanf=18982&charge=2&value=sp|Q9Y285|SYFA_HUMAN,2,/core/www/modules/match_peptides/blast_html4.php?run_id=110202&search_id=114132&scans_id=110198&peptide_id=10327&scanf=18982&charge=2&value=2,K.LGITQLR.F,/core/www/modules/show_out/show_out_wrapper.php?run_id=110202&search_id=114132&scans_id=110198&peptide_id=10327&scanf=18982&charge=2&value=K.LGITQLR.F,FARSA,2.131e+7,2.015,0.102,0.993,0.005
18985,2,"  2.266","  0.266",11/18,/core/www/modules//sdig/index.php?run_id=110202&search_id=114132&scans_id=110198&peptide_id=10330&scanf=18985&charge=2&value=11/18,sp|Q16181|SEPT7_HUMAN,/core/www/modules//consensus/?run_id=110202&search_id=114132&scans_id=110198&peptide_id=10330&scanf=18985&charge=2&value=sp|Q16181|SEPT7_HUMAN,7,/core/www/modules/match_peptides/blast_html4.php?run_id=110202&search_id=114132&scans_id=110198&peptide_id=10330&scanf=18985&charge=2&value=7,K.FEDYLNAESR.V,/core/www/modules/show_out/show_out_wrapper.php?run_id=110202&search_id=114132&scans_id=110198&peptide_id=10330&scanf=18985&charge=2&value=K.FEDYLNAESR.V,SEPTIN7,6.748e+6,2.481,0.023,1.647,0.001
18987,2,"  3.419","  0.594",13/22,/core/www/modules//sdig/index.php?run_id=110202&search_id=114132&scans_id=110198&peptide_id=10332&scanf=18987&charge=2&value=13/22,sp|P07199|CENPB_HUMAN,/core/www/modules//consensus/?run_id=110202&search_id=114132&scans_id=110198&peptide_id=10332&scanf=18987&charge=2&value=sp|P07199|CENPB_HUMAN,0,/core/www/modules/match_peptides/blast_html4.php?run_id=110202&search_id=114132&scans_id=110198&peptide_id=10332&scanf=18987&charge=2&value=0,R.IIQEVEENPDLR.K,/core/www/modules/show_out/show_out_wrapper.php?run_id=110202&search_id=114132&scans_id=110198&peptide_id=10332&scanf=18987&charge=2&value=R.IIQEVEENPDLR.K,CENPB,9.347e+6,3.547,0.001,3.217,0.000
18990,3,"  2.657","  0.518",13/44,/core/www/modules//sdig/index.php?run_id=110202&search_id=114132&scans_id=110198&peptide_id=10335&scanf=18990&charge=3&value=13/44,sp|Q6STE5|SMRD3_HUMAN,/core/www/modules//consensus/?run_id=110202&search_id=114132&scans_id=110198&peptide_id=10335&scanf=18990&charge=3&value=sp|Q6STE5|SMRD3_HUMAN,5,/core/www/modules/match_peptides/blast_html4.php?run_id=110202&search_id=114132&scans_id=110198&peptide_id=10335&scanf=18990&charge=3&value=5,K.IHETIESINQLK.I,/core/www/modules/show_out/show_out_wrapper.php?run_id=110202&search_id=114132&scans_id=110198&peptide_id=10335&scanf=18990&charge=3&value=K.IHETIESINQLK.I,SMARCD3,2.544e+7,3.239,0.002,2.761,0.000
18992,4,"  4.895","  0.484",26/102,/core/www/modules//sdig/index.php?run_id=110202&search_id=114132&scans_id=110198&peptide_id=10337&scanf=18992&charge=4&value=26/102,sp|P07858|CATB_HUMAN,/core/www/modules//consensus/?run_id=110202&search_id=114132&scans_id=110198&peptide_id=10337&scanf=18992&charge=4&value=sp|P07858|CATB_HUMAN,8,/core/www/modules/match_peptides/blast_html4.php?run_id=110202&search_id=114132&scans_id=110198&peptide_id=10337&scanf=18992&charge=4&value=8,K.SGVYQHVTGEMMGGHAIR.I,/core/www/modules/show_out/show_out_wrapper.php?run_id=110202&search_id=114132&scans_id=110198&peptide_id=10337&scanf=18992&charge=4&value=K.SGVYQHVTGEMMGGHAIR.I,CTSB,2.270e+7,3.458,0.001,3.086,0.000
18993,3,"  1.740","  0.324",10/40,/core/www/modules//sdig/index.php?run_id=110202&search_id=114132&scans_id=110198&peptide_id=10338&scanf=18993&charge=3&value=10/40,sp|P35579|MYH9_HUMAN,/core/www/modules//consensus/?run_id=110202&search_id=114132&scans_id=110198&peptide_id=10338&scanf=18993&charge=3&value=sp|P35579|MYH9_HUMAN,1,/core/www/modules/match_peptides/blast_html4.php?run_id=110202&search_id=114132&scans_id=110198&peptide_id=10338&scanf=18993&charge=3&value=1,K.DVLLQVDDERR.N,/core/www/modules/show_out/show_out_wrapper.php?run_id=110202&search_id=114132&scans_id=110198&peptide_id=10338&scanf=18993&charge=3&value=K.DVLLQVDDERR.N,MYH9,1.518e+7,2.455,0.025,1.609,0.001
18994,2,"  2.014","  0.284",11/20,/core/www/modules//sdig/index.php?run_id=110202&search_id=114132&scans_id=110198&peptide_id=10339&scanf=18994&charge=2&value=11/20,sp|Q8N884|CGAS_HUMAN,/core/www/modules//consensus/?run_id=110202&search_id=114132&scans_id=110198&peptide_id=10339&scanf=18994&charge=2&value=sp|Q8N884|CGAS_HUMAN,1,/core/www/modules/match_peptides/blast_html4.php?run_id=110202&search_id=114132&scans_id=110198&peptide_id=10339&scanf=18994&charge=2&value=1,R.DDISTAAGMVK.G,/core/www/modules/show_out/show_out_wrapper.php?run_id=110202&search_id=114132&scans_id=110198&peptide_id=10339&scanf=18994&charge=2&value=R.DDISTAAGMVK.G,CGAS,6.104e+7,2.435,0.026,1.580,0.001
18995,2,"  2.024","  0.378",9/14,/core/www/modules//sdig/index.php?run_id=110202&search_id=114132&scans_id=110198&peptide_id=10340&scanf=18995&charge=2&value=9/14,sp|Q92878|RAD50_HUMAN,/core/www/modules//consensus/?run_id=110202&search_id=114132&scans_id=110198&peptide_id=10340&scanf=18995&charge=2&value=sp|Q92878|RAD50_HUMAN,2,/core/www/modules/match_peptides/blast_html4.php?run_id=110202&search_id=114132&scans_id=110198&peptide_id=10340&scanf=18995&charge=2&value=2,K.LQGIDLDR.T,/core/www/modules/show_out/show_out_wrapper.php?run_id=110202&search_id=114132&scans_id=110198&peptide_id=10340&scanf=18995&charge=2&value=K.LQGIDLDR.T,RAD50,4.912e+7,2.992,0.004,2.396,0.000
18997,4,"  3.642","  0.450",18/108,/core/www/modules//sdig/index.php?run_id=110202&search_id=114132&scans_id=110198&peptide_id=10342&scanf=18997&charge=4&value=18/108,sp|Q9UKF6|CPSF3_HUMAN,/core/www/modules//consensus/?run_id=110202&search_id=114132&scans_id=110198&peptide_id=10342&scanf=18997&charge=4&value=sp|Q9UKF6|CPSF3_HUMAN,1,/core/www/modules/match_peptides/blast_html4.php?run_id=110202&search_id=114132&scans_id=110198&peptide_id=10342&scanf=18997&charge=4&value=1,R.ALKPPHVILVHGEQNEMAR.L,/core/www/modules/show_out/show_out_wrapper.php?run_id=110202&search_id=114132&scans_id=110198&peptide_id=10342&scanf=18997&charge=4&value=R.ALKPPHVILVHGEQNEMAR.L,CPSF3,1.006e+7,3.091,0.003,2.543,0.000
18998,3,"  2.291","  0.372",11/32,/core/www/modules//sdig/index.php?run_id=110202&search_id=114132&scans_id=110198&peptide_id=10343&scanf=18998&charge=3&value=11/32,sp|Q9H4M9|EHD1_HUMAN,/core/www/modules//consensus/?run_id=110202&search_id=114132&scans_id=110198&peptide_id=10343&scanf=18998&charge=3&value=sp|Q9H4M9|EHD1_HUMAN,6,/core/www/modules/match_peptides/blast_html4.php?run_id=110202&search_id=114132&scans_id=110198&peptide_id=10343&scanf=18998&charge=3&value=6,K.LLPLEEHYR.F,/core/www/modules/show_out/show_out_wrapper.php?run_id=110202&search_id=114132&scans_id=110198&peptide_id=10343&scanf=18998&charge=3&value=K.LLPLEEHYR.F,EHD1,2.119e+7,2.901,0.005,2.262,0.000
19000,2,"  3.004","  0.476",13/14,/core/www/modules//sdig/index.php?run_id=110202&search_id=114132&scans_id=110198&peptide_id=10346&scanf=19000&charge=2&value=13/14,sp|P55072|TERA_HUMAN,/core/www/modules//consensus/?run_id=110202&search_id=114132&scans_id=110198&peptide_id=10346&scanf=19000&charge=2&value=sp|P55072|TERA_HUMAN,9,/core/www/modules/match_peptides/blast_html4.php?run_id=110202&search_id=114132&scans_id=110198&peptide_id=10346&scanf=19000&charge=2&value=9,R.KGDIFLVR.G,/core/www/modules/show_out/show_out_wrapper.php?run_id=110202&search_id=114132&scans_id=110198&peptide_id=10346&scanf=19000&charge=2&value=R.KGDIFLVR.G,VCP,6.617e+7,3.613,0.000,3.316,0.000
19002,2,"  3.405","  0.644",15/30,/core/www/modules//sdig/index.php?run_id=110202&search_id=114132&scans_id=110198&peptide_id=10348&scanf=19002&charge=2&value=15/30,sp|P52701|MSH6_HUMAN,/core/www/modules//consensus/?run_id=110202&search_id=114132&scans_id=110198&peptide_id=10348&scanf=19002&charge=2&value=sp|P52701|MSH6_HUMAN,3,/core/www/modules/match_peptides/blast_html4.php?run_id=110202&search_id=114132&scans_id=110198&peptide_id=10348&scanf=19002&charge=2&value=3,K.GMTSESDSIGLTPGEK.S,/core/www/modules/show_out/show_out_wrapper.php?run_id=110202&search_id=114132&scans_id=110198&peptide_id=10348&scanf=19002&charge=2&value=K.GMTSESDSIGLTPGEK.S,MSH6,9.193e+6,3.467,0.001,3.099,0.000
19003,3,"  7.316","  0.633",24/72,/core/www/modules//sdig/index.php?run_id=110202&search_id=114132&scans_id=110198&peptide_id=10349&scanf=19003&charge=3&value=24/72,tr|A0A0J9YVP6|A0A0J9YVP6_HUMAN,/core/www/modules//consensus/?run_id=110202&search_id=114132&scans_id=110198&peptide_id=10349&scanf=19003&charge=3&value=tr|A0A0J9YVP6|A0A0J9YVP6_HUMAN,5,/core/www/modules/match_peptides/blast_html4.php?run_id=110202&search_id=114132&scans_id=110198&peptide_id=10349&scanf=19003&charge=3&value=5,K.QTIAHQQQQLTNLQMAAQR.Q,/core/www/modules/show_out/show_out_wrapper.php?run_id=110202&search_id=114132&scans_id=110198&peptide_id=10349&scanf=19003&charge=3&value=K.QTIAHQQQQLTNLQMAAQR.Q,PUF60,1.091e+7,3.677,0.000,3.411,0.000
19013,3,"  3.804","  0.576",16/52,/core/www/modules//sdig/index.php?run_id=110202&search_id=114132&scans_id=110198&peptide_id=10359&scanf=19013&charge=3&value=16/52,sp|P60842|IF4A1_HUMAN,/core/www/modules//consensus/?run_id=110202&search_id=114132&scans_id=110198&peptide_id=10359&scanf=19013&charge=3&value=sp|P60842|IF4A1_HUMAN,3,/core/www/modules/match_peptides/blast_html4.php?run_id=110202&search_id=114132&scans_id=110198&peptide_id=10359&scanf=19013&charge=3&value=3,R.DFTVSAMHGDMDQK.E,/core/www/modules/show_out/show_out_wrapper.php?run_id=110202&search_id=114132&scans_id=110198&peptide_id=10359&scanf=19013&charge=3&value=R.DFTVSAMHGDMDQK.E,EIF4A1,7.034e+7,3.515,0.001,3.170,0.000
19016,2,"  1.090","  0.262",8/16,/core/www/modules//sdig/index.php?run_id=110202&search_id=114132&scans_id=110198&peptide_id=10362&scanf=19016&charge=2&value=8/16,sp|P19388|RPAB1_HUMAN,/core/www/modules//consensus/?run_id=110202&search_id=114132&scans_id=110198&peptide_id=10362&scanf=19016&charge=2&value=sp|P19388|RPAB1_HUMAN,3,/core/www/modules/match_peptides/blast_html4.php?run_id=110202&search_id=114132&scans_id=110198&peptide_id=10362&scanf=19016&charge=2&value=3,K.QSLVDMAPK.Y,/core/www/modules/show_out/show_out_wrapper.php?run_id=110202&search_id=114132&scans_id=110198&peptide_id=10362&scanf=19016&charge=2&value=K.QSLVDMAPK.Y,POLR2E,1.499e+7,2.270,0.045,1.344,0.002
19017,3,"  2.466","  0.387",12/40,/core/www/modules//sdig/index.php?run_id=110202&search_id=114132&scans_id=110198&peptide_id=10363&scanf=19017&charge=3&value=12/40,sp|P62314|SMD1_HUMAN,/core/www/modules//consensus/?run_id=110202&search_id=114132&scans_id=110198&peptide_id=10363&scanf=19017&charge=3&value=sp|P62314|SMD1_HUMAN,1,/core/www/modules/match_peptides/blast_html4.php?run_id=110202&search_id=114132&scans_id=110198&peptide_id=10363&scanf=19017&charge=3&value=1,K.LSHETVTIELK.N,/core/www/modules/show_out/show_out_wrapper.php?run_id=110202&search_id=114132&scans_id=110198&peptide_id=10363&scanf=19017&charge=3&value=K.LSHETVTIELK.N,SNRPD1,5.175e+7,2.839,0.007,2.170,0.000
19019,3,"  2.347","  0.274",14/48,/core/www/modules//sdig/index.php?run_id=110202&search_id=114132&scans_id=110198&peptide_id=10365&scanf=19019&charge=3&value=14/48,sp|Q9Y5U2|TSSC4_HUMAN,/core/www/modules//consensus/?run_id=110202&search_id=114132&scans_id=110198&peptide_id=10365&scanf=19019&charge=3&value=sp|Q9Y5U2|TSSC4_HUMAN,4,/core/www/modules/match_peptides/blast_html4.php?run_id=110202&search_id=114132&scans_id=110198&peptide_id=10365&scanf=19019&charge=3&value=4,R.VPPVPDYVAHPER.W,/core/www/modules/show_out/show_out_wrapper.php?run_id=110202&search_id=114132&scans_id=110198&peptide_id=10365&scanf=19019&charge=3&value=R.VPPVPDYVAHPER.W,TSSC4,7.833e+6,2.345,0.035,1.450,0.001
19022,2,"  1.694","  0.167",7/12,/core/www/modules//sdig/index.php?run_id=110202&search_id=114132&scans_id=110198&peptide_id=10369&scanf=19022&charge=2&value=7/12,sp|O60551|NMT2_HUMAN,/core/www/modules//consensus/?run_id=110202&search_id=114132&scans_id=110198&peptide_id=10369&scanf=19022&charge=2&value=sp|O60551|NMT2_HUMAN,5,/core/www/modules/match_peptides/blast_html4.php?run_id=110202&search_id=114132&scans_id=110198&peptide_id=10369&scanf=19022&charge=2&value=5,R.VAPVLIR.E,/core/www/modules/show_out/show_out_wrapper.php?run_id=110202&search_id=114132&scans_id=110198&peptide_id=10369&scanf=19022&charge=2&value=R.VAPVLIR.E,NMT2,2.998e+7,2.144,0.068,1.168,0.002
19023,3,"  3.897","  0.575",16/48,/core/www/modules//sdig/index.php?run_id=110202&search_id=114132&scans_id=110198&peptide_id=10370&scanf=19023&charge=3&value=16/48,sp|P16401|H15_HUMAN,/core/www/modules//consensus/?run_id=110202&search_id=114132&scans_id=110198&peptide_id=10370&scanf=19023&charge=3&value=sp|P16401|H15_HUMAN,0,/core/www/modules/match_peptides/blast_html4.php?run_id=110202&search_id=114132&scans_id=110198&peptide_id=10370&scanf=19023&charge=3&value=0,R.KATGPPVSELITK.A,/core/www/modules/show_out/show_out_wrapper.php?run_id=110202&search_id=114132&scans_id=110198&peptide_id=10370&scanf=19023&charge=3&value=R.KATGPPVSELITK.A,H1-5,1.489e+8,3.247,0.002,2.773,0.000
19027,3,"  5.718","  0.673",21/92,/core/www/modules//sdig/index.php?run_id=110202&search_id=114132&scans_id=110198&peptide_id=10374&scanf=19027&charge=3&value=21/92,sp|Q8N884|CGAS_HUMAN,/core/www/modules//consensus/?run_id=110202&search_id=114132&scans_id=110198&peptide_id=10374&scanf=19027&charge=3&value=sp|Q8N884|CGAS_HUMAN,1,/core/www/modules/match_peptides/blast_html4.php?run_id=110202&search_id=114132&scans_id=110198&peptide_id=10374&scanf=19027&charge=3&value=1,R.AQDTQPSDATSAPGAEGLEPPAAR.E,/core/www/modules/show_out/show_out_wrapper.php?run_id=110202&search_id=114132&scans_id=110198&peptide_id=10374&scanf=19027&charge=3&value=R.AQDTQPSDATSAPGAEGLEPPAAR.E,CGAS,8.636e+6,3.456,0.001,3.082,0.000
19028,2,"  1.970","  0.411",10/20,/core/www/modules//sdig/index.php?run_id=110202&search_id=114132&scans_id=110198&peptide_id=10375&scanf=19028&charge=2&value=10/20,sp|P52272|HNRPM_HUMAN,/core/www/modules//consensus/?run_id=110202&search_id=114132&scans_id=110198&peptide_id=10375&scanf=19028&charge=2&value=sp|P52272|HNRPM_HUMAN,3,/core/www/modules/match_peptides/blast_html4.php?run_id=110202&search_id=114132&scans_id=110198&peptide_id=10375&scanf=19028&charge=2&value=3,R.MGAGM*GFGLER.M,/core/www/modules/show_out/show_out_wrapper.php?run_id=110202&search_id=114132&scans_id=110198&peptide_id=10375&scanf=19028&charge=2&value=R.MGAGM*GFGLER.M,HNRNPM,7.384e+6,3.045,0.003,2.474,0.000
19029,2,"  5.464","  0.709",22/34,/core/www/modules//sdig/index.php?run_id=110202&search_id=114132&scans_id=110198&peptide_id=10376&scanf=19029&charge=2&value=22/34,sp|P52292|IMA1_HUMAN,/core/www/modules//consensus/?run_id=110202&search_id=114132&scans_id=110198&peptide_id=10376&scanf=19029&charge=2&value=sp|P52292|IMA1_HUMAN,6,/core/www/modules/match_peptides/blast_html4.php?run_id=110202&search_id=114132&scans_id=110198&peptide_id=10376&scanf=19029&charge=2&value=6,K.GINSSNVENQLQATQAAR.K,/core/www/modules/show_out/show_out_wrapper.php?run_id=110202&search_id=114132&scans_id=110198&peptide_id=10376&scanf=19029&charge=2&value=K.GINSSNVENQLQATQAAR.K,KPNA2,9.800e+6,3.879,0.000,3.709,0.000
19031,3,"  2.870","  0.593",18/48,/core/www/modules//sdig/index.php?run_id=110202&search_id=114132&scans_id=110198&peptide_id=10378&scanf=19031&charge=3&value=18/48,sp|Q13263|TIF1B_HUMAN,/core/www/modules//consensus/?run_id=110202&search_id=114132&scans_id=110198&peptide_id=10378&scanf=19031&charge=3&value=sp|Q13263|TIF1B_HUMAN,1,/core/www/modules/match_peptides/blast_html4.php?run_id=110202&search_id=114132&scans_id=110198&peptide_id=10378&scanf=19031&charge=3&value=1,K.MIVDPVEPHGEMK.F,/core/www/modules/show_out/show_out_wrapper.php?run_id=110202&search_id=114132&scans_id=110198&peptide_id=10378&scanf=19031&charge=3&value=K.MIVDPVEPHGEMK.F,TRIM28,1.187e+8,3.657,0.000,3.381,0.000
19032,3,"  2.703","  0.465",17/40,/core/www/modules//sdig/index.php?run_id=110202&search_id=114132&scans_id=110198&peptide_id=10379&scanf=19032&charge=3&value=17/40,sp|Q92841|DDX17_HUMAN,/core/www/modules//consensus/?run_id=110202&search_id=114132&scans_id=110198&peptide_id=10379&scanf=19032&charge=3&value=sp|Q92841|DDX17_HUMAN,2,/core/www/modules/match_peptides/blast_html4.php?run_id=110202&search_id=114132&scans_id=110198&peptide_id=10379&scanf=19032&charge=3&value=2,R.LTPYEVDELRR.K,/core/www/modules/show_out/show_out_wrapper.php?run_id=110202&search_id=114132&scans_id=110198&peptide_id=10379&scanf=19032&charge=3&value=R.LTPYEVDELRR.K,DDX17,2.333e+8,3.129,0.003,2.599,0.000
19033,2,"  1.757","  0.362",10/14,/core/www/modules//sdig/index.php?run_id=110202&search_id=114132&scans_id=110198&peptide_id=10380&scanf=19033&charge=2&value=10/14,sp|Q13523|PRP4B_HUMAN,/core/www/modules//consensus/?run_id=110202&search_id=114132&scans_id=110198&peptide_id=10380&scanf=19033&charge=2&value=sp|Q13523|PRP4B_HUMAN,1,/core/www/modules/match_peptides/blast_html4.php?run_id=110202&search_id=114132&scans_id=110198&peptide_id=10380&scanf=19033&charge=2&value=1,R.APEIIIGK.S,/core/www/modules/show_out/show_out_wrapper.php?run_id=110202&search_id=114132&scans_id=110198&peptide_id=10380&scanf=19033&charge=2&value=R.APEIIIGK.S,PRPF4B,7.813e+7,2.677,0.012,1.932,0.000
19034,2,"  2.913","  0.447",14/14,/core/www/modules//sdig/index.php?run_id=110202&search_id=114132&scans_id=110198&peptide_id=10381&scanf=19034&charge=2&value=14/14,sp|P55072|TERA_HUMAN,/core/www/modules//consensus/?run_id=110202&search_id=114132&scans_id=110198&peptide_id=10381&scanf=19034&charge=2&value=sp|P55072|TERA_HUMAN,9,/core/www/modules/match_peptides/blast_html4.php?run_id=110202&search_id=114132&scans_id=110198&peptide_id=10381&scanf=19034&charge=2&value=9,R.KGDIFLVR.G,/core/www/modules/show_out/show_out_wrapper.php?run_id=110202&search_id=114132&scans_id=110198&peptide_id=10381&scanf=19034&charge=2&value=R.KGDIFLVR.G,VCP,6.617e+7,3.621,0.000,3.328,0.000
19035,3,"  4.422","  0.567",24/48,/core/www/modules//sdig/index.php?run_id=110202&search_id=114132&scans_id=110198&peptide_id=10382&scanf=19035&charge=3&value=24/48,sp|P51531|SMCA2_HUMAN,/core/www/modules//consensus/?run_id=110202&search_id=114132&scans_id=110198&peptide_id=10382&scanf=19035&charge=3&value=sp|P51531|SMCA2_HUMAN,22,/core/www/modules/match_peptides/blast_html4.php?run_id=110202&search_id=114132&scans_id=110198&peptide_id=10382&scanf=19035&charge=3&value=22,K.LTQVLNTHYVAPR.R,/core/www/modules/show_out/show_out_wrapper.php?run_id=110202&search_id=114132&scans_id=110198&peptide_id=10382&scanf=19035&charge=3&value=K.LTQVLNTHYVAPR.R,SMARCA2,5.310e+8,4.053,0.000,3.968,0.000
19037,2,"  2.037","  0.323",8/12,/core/www/modules//sdig/index.php?run_id=110202&search_id=114132&scans_id=110198&peptide_id=10384&scanf=19037&charge=2&value=8/12,sp|P18085|ARF4_HUMAN,/core/www/modules//consensus/?run_id=110202&search_id=114132&scans_id=110198&peptide_id=10384&scanf=19037&charge=2&value=sp|P18085|ARF4_HUMAN,2,/core/www/modules/match_peptides/blast_html4.php?run_id=110202&search_id=114132&scans_id=110198&peptide_id=10384&scanf=19037&charge=2&value=2,K.LGLQSLR.N,/core/www/modules/show_out/show_out_wrapper.php?run_id=110202&search_id=114132&scans_id=110198&peptide_id=10384&scanf=19037&charge=2&value=K.LGLQSLR.N,ARF4,1.869e+8,2.852,0.006,2.190,0.000
19038,2,"  2.545","  0.362",9/18,/core/www/modules//sdig/index.php?run_id=110202&search_id=114132&scans_id=110198&peptide_id=10385&scanf=19038&charge=2&value=9/18,sp|Q09161|NCBP1_HUMAN,/core/www/modules//consensus/?run_id=110202&search_id=114132&scans_id=110198&peptide_id=10385&scanf=19038&charge=2&value=sp|Q09161|NCBP1_HUMAN,1,/core/www/modules/match_peptides/blast_html4.php?run_id=110202&search_id=114132&scans_id=110198&peptide_id=10385&scanf=19038&charge=2&value=1,K.DGVLEEQIER.L,/core/www/modules/show_out/show_out_wrapper.php?run_id=110202&search_id=114132&scans_id=110198&peptide_id=10385&scanf=19038&charge=2&value=K.DGVLEEQIER.L,NCBP1,1.306e+8,2.453,0.025,1.605,0.001
19041,2,"  1.861","  0.220",9/14,/core/www/modules//sdig/index.php?run_id=110202&search_id=114132&scans_id=110198&peptide_id=10389&scanf=19041&charge=2&value=9/14,sp|Q6P2Q9|PRP8_HUMAN,/core/www/modules//consensus/?run_id=110202&search_id=114132&scans_id=110198&peptide_id=10389&scanf=19041&charge=2&value=sp|Q6P2Q9|PRP8_HUMAN,1,/core/www/modules/match_peptides/blast_html4.php?run_id=110202&search_id=114132&scans_id=110198&peptide_id=10389&scanf=19041&charge=2&value=1,R.VQMLLSDR.F,/core/www/modules/show_out/show_out_wrapper.php?run_id=110202&search_id=114132&scans_id=110198&peptide_id=10389&scanf=19041&charge=2&value=R.VQMLLSDR.F,PRPF8,4.304e+7,2.692,0.011,1.954,0.000
19042,3,"  3.421","  0.426",13/48,/core/www/modules//sdig/index.php?run_id=110202&search_id=114132&scans_id=110198&peptide_id=10390&scanf=19042&charge=3&value=13/48,sp|Q2TAY7|SMU1_HUMAN,/core/www/modules//consensus/?run_id=110202&search_id=114132&scans_id=110198&peptide_id=10390&scanf=19042&charge=3&value=sp|Q2TAY7|SMU1_HUMAN,0,/core/www/modules/match_peptides/blast_html4.php?run_id=110202&search_id=114132&scans_id=110198&peptide_id=10390&scanf=19042&charge=3&value=0,K.DVEEEKFPTQLSR.H,/core/www/modules/show_out/show_out_wrapper.php?run_id=110202&search_id=114132&scans_id=110198&peptide_id=10390&scanf=19042&charge=3&value=K.DVEEEKFPTQLSR.H,SMU1,1.344e+7,2.624,0.014,1.854,0.000
19045,2,"  1.353","  0.219",6/14,/core/www/modules//sdig/index.php?run_id=110202&search_id=114132&scans_id=110198&peptide_id=10393&scanf=19045&charge=2&value=6/14,sp|P78527|PRKDC_HUMAN,/core/www/modules//consensus/?run_id=110202&search_id=114132&scans_id=110198&peptide_id=10393&scanf=19045&charge=2&value=sp|P78527|PRKDC_HUMAN,0,/core/www/modules/match_peptides/blast_html4.php?run_id=110202&search_id=114132&scans_id=110198&peptide_id=10393&scanf=19045&charge=2&value=0,K.SFPPLADR.F,/core/www/modules/show_out/show_out_wrapper.php?run_id=110202&search_id=114132&scans_id=110198&peptide_id=10393&scanf=19045&charge=2&value=K.SFPPLADR.F,PRKDC,2.900e+7,2.900,0.005,2.261,0.000
19046,3,"  4.394","  0.317",21/72,/core/www/modules//sdig/index.php?run_id=110202&search_id=114132&scans_id=110198&peptide_id=10394&scanf=19046&charge=3&value=21/72,sp|P38159|RBMX_HUMAN,/core/www/modules//consensus/?run_id=110202&search_id=114132&scans_id=110198&peptide_id=10394&scanf=19046&charge=3&value=sp|P38159|RBMX_HUMAN,4,/core/www/modules/match_peptides/blast_html4.php?run_id=110202&search_id=114132&scans_id=110198&peptide_id=10394&scanf=19046&charge=3&value=4,R.GGHM*DDGGYSMNFNMSSSR.G,/core/www/modules/show_out/show_out_wrapper.php?run_id=110202&search_id=114132&scans_id=110198&peptide_id=10394&scanf=19046&charge=3&value=R.GGHM*DDGGYSMNFNMSSSR.G,RBMX,9.740e+6,3.848,0.000,3.664,0.000
19049,3,"  1.670","  0.321",12/32,/core/www/modules//sdig/index.php?run_id=110202&search_id=114132&scans_id=110198&peptide_id=10397&scanf=19049&charge=3&value=12/32,sp|Q9UII4|HERC5_HUMAN,/core/www/modules//consensus/?run_id=110202&search_id=114132&scans_id=110198&peptide_id=10397&scanf=19049&charge=3&value=sp|Q9UII4|HERC5_HUMAN,1,/core/www/modules/match_peptides/blast_html4.php?run_id=110202&search_id=114132&scans_id=110198&peptide_id=10397&scanf=19049&charge=3&value=1,K.LLHTDTLLK.I,/core/www/modules/show_out/show_out_wrapper.php?run_id=110202&search_id=114132&scans_id=110198&peptide_id=10397&scanf=19049&charge=3&value=K.LLHTDTLLK.I,HERC5,8.067e+6,2.781,0.008,2.086,0.000
19050,2,"  2.470","  0.303",11/20,/core/www/modules//sdig/index.php?run_id=110202&search_id=114132&scans_id=110198&peptide_id=10399&scanf=19050&charge=2&value=11/20,sp|Q9NVP1|DDX18_HUMAN,/core/www/modules//consensus/?run_id=110202&search_id=114132&scans_id=110198&peptide_id=10399&scanf=19050&charge=2&value=sp|Q9NVP1|DDX18_HUMAN,1,/core/www/modules/match_peptides/blast_html4.php?run_id=110202&search_id=114132&scans_id=110198&peptide_id=10399&scanf=19050&charge=2&value=1,K.EPLYVGVDDDK.A,/core/www/modules/show_out/show_out_wrapper.php?run_id=110202&search_id=114132&scans_id=110198&peptide_id=10399&scanf=19050&charge=2&value=K.EPLYVGVDDDK.A,DDX18,7.461e+6,2.331,0.037,1.431,0.001
19052,2,"  1.750","  0.161",8/16,/core/www/modules//sdig/index.php?run_id=110202&search_id=114132&scans_id=110198&peptide_id=10400&scanf=19052&charge=2&value=8/16,sp|Q8TDD1|DDX54_HUMAN,/core/www/modules//consensus/?run_id=110202&search_id=114132&scans_id=110198&peptide_id=10400&scanf=19052&charge=2&value=sp|Q8TDD1|DDX54_HUMAN,1,/core/www/modules/match_peptides/blast_html4.php?run_id=110202&search_id=114132&scans_id=110198&peptide_id=10400&scanf=19052&charge=2&value=1,K.TALILGGDR.M,/core/www/modules/show_out/show_out_wrapper.php?run_id=110202&search_id=114132&scans_id=110198&peptide_id=10400&scanf=19052&charge=2&value=K.TALILGGDR.M,DDX54,5.206e+7,2.027,0.098,1.008,0.005
19053,2,"  2.302","  0.233",8/16,/core/www/modules//sdig/index.php?run_id=110202&search_id=114132&scans_id=110198&peptide_id=10401&scanf=19053&charge=2&value=8/16,sp|P31483|TIA1_HUMAN,/core/www/modules//consensus/?run_id=110202&search_id=114132&scans_id=110198&peptide_id=10401&scanf=19053&charge=2&value=sp|P31483|TIA1_HUMAN,5,/core/www/modules/match_peptides/blast_html4.php?run_id=110202&search_id=114132&scans_id=110198&peptide_id=10401&scanf=19053&charge=2&value=5,K.TLYVGNLSR.D,/core/www/modules/show_out/show_out_wrapper.php?run_id=110202&search_id=114132&scans_id=110198&peptide_id=10401&scanf=19053&charge=2&value=K.TLYVGNLSR.D,TIA1,2.396e+7,2.270,0.045,1.344,0.002
19054,2,"  2.072","  0.436",8/18,/core/www/modules//sdig/index.php?run_id=110202&search_id=114132&scans_id=110198&peptide_id=10402&scanf=19054&charge=2&value=8/18,sp|O75439|MPPB_HUMAN,/core/www/modules//consensus/?run_id=110202&search_id=114132&scans_id=110198&peptide_id=10402&scanf=19054&charge=2&value=sp|O75439|MPPB_HUMAN,2,/core/www/modules/match_peptides/blast_html4.php?run_id=110202&search_id=114132&scans_id=110198&peptide_id=10402&scanf=19054&charge=2&value=2,R.TILGPTENIK.S,/core/www/modules/show_out/show_out_wrapper.php?run_id=110202&search_id=114132&scans_id=110198&peptide_id=10402&scanf=19054&charge=2&value=R.TILGPTENIK.S,PMPCB,3.580e+7,2.793,0.008,2.103,0.000
19055,2,"  2.531","  0.553",11/16,/core/www/modules//sdig/index.php?run_id=110202&search_id=114132&scans_id=110198&peptide_id=10403&scanf=19055&charge=2&value=11/16,sp|Q9Y2W1|TR150_HUMAN,/core/www/modules//consensus/?run_id=110202&search_id=114132&scans_id=110198&peptide_id=10403&scanf=19055&charge=2&value=sp|Q9Y2W1|TR150_HUMAN,1,/core/www/modules/match_peptides/blast_html4.php?run_id=110202&search_id=114132&scans_id=110198&peptide_id=10403&scanf=19055&charge=2&value=1,K.SPLQSVVVR.R,/core/www/modules/show_out/show_out_wrapper.php?run_id=110202&search_id=114132&scans_id=110198&peptide_id=10403&scanf=19055&charge=2&value=K.SPLQSVVVR.R,THRAP3,5.381e+7,3.626,0.000,3.335,0.000
19056,4,"  2.808","  0.432",15/78,/core/www/modules//sdig/index.php?run_id=110202&search_id=114132&scans_id=110198&peptide_id=10404&scanf=19056&charge=4&value=15/78,sp|P62906|RL10A_HUMAN,/core/www/modules//consensus/?run_id=110202&search_id=114132&scans_id=110198&peptide_id=10404&scanf=19056&charge=4&value=sp|P62906|RL10A_HUMAN,0,/core/www/modules/match_peptides/blast_html4.php?run_id=110202&search_id=114132&scans_id=110198&peptide_id=10404&scanf=19056&charge=4&value=0,K.AVDIPHM*DIEALKK.L,/core/www/modules/show_out/show_out_wrapper.php?run_id=110202&search_id=114132&scans_id=110198&peptide_id=10404&scanf=19056&charge=4&value=K.AVDIPHM*DIEALKK.L,RPL10A,6.666e+7,2.960,0.004,2.349,0.000
19057,3,"  1.950","  0.116",8/40,/core/www/modules//sdig/index.php?run_id=110202&search_id=114132&scans_id=110198&peptide_id=10405&scanf=19057&charge=3&value=8/40,sp|Q9UIG0|BAZ1B_HUMAN,/core/www/modules//consensus/?run_id=110202&search_id=114132&scans_id=110198&peptide_id=10405&scanf=19057&charge=3&value=sp|Q9UIG0|BAZ1B_HUMAN,0,/core/www/modules/match_peptides/blast_html4.php?run_id=110202&search_id=114132&scans_id=110198&peptide_id=10405&scanf=19057&charge=3&value=0,K.SPEEHLEEMMK.M,/core/www/modules/show_out/show_out_wrapper.php?run_id=110202&search_id=114132&scans_id=110198&peptide_id=10405&scanf=19057&charge=3&value=K.SPEEHLEEMMK.M,BAZ1B,1.104e+7,1.883,0.151,0.820,0.008
19058,3,"  6.912","  0.659",18/56,/core/www/modules//sdig/index.php?run_id=110202&search_id=114132&scans_id=110198&peptide_id=10406&scanf=19058&charge=3&value=18/56,sp|Q96KR1|ZFR_HUMAN,/core/www/modules//consensus/?run_id=110202&search_id=114132&scans_id=110198&peptide_id=10406&scanf=19058&charge=3&value=sp|Q96KR1|ZFR_HUMAN,0,/core/www/modules/match_peptides/blast_html4.php?run_id=110202&search_id=114132&scans_id=110198&peptide_id=10406&scanf=19058&charge=3&value=0,K.KVNPDLQVEVKPSIR.A,/core/www/modules/show_out/show_out_wrapper.php?run_id=110202&search_id=114132&scans_id=110198&peptide_id=10406&scanf=19058&charge=3&value=K.KVNPDLQVEVKPSIR.A,ZFR,1.196e+7,3.646,0.000,3.365,0.000
19059,2,"  3.565","  0.518",13/20,/core/www/modules//sdig/index.php?run_id=110202&search_id=114132&scans_id=110198&peptide_id=10407&scanf=19059&charge=2&value=13/20,sp|O14950|ML12B_HUMAN,/core/www/modules//consensus/?run_id=110202&search_id=114132&scans_id=110198&peptide_id=10407&scanf=19059&charge=2&value=sp|O14950|ML12B_HUMAN,4,/core/www/modules/match_peptides/blast_html4.php?run_id=110202&search_id=114132&scans_id=110198&peptide_id=10407&scanf=19059&charge=2&value=4,K.LNGTDPEDVIR.N,/core/www/modules/show_out/show_out_wrapper.php?run_id=110202&search_id=114132&scans_id=110198&peptide_id=10407&scanf=19059&charge=2&value=K.LNGTDPEDVIR.N,MYL12B,9.405e+6,3.365,0.001,2.948,0.000
19062,2,"  3.451","  0.526",14/20,/core/www/modules//sdig/index.php?run_id=110202&search_id=114132&scans_id=110198&peptide_id=10411&scanf=19062&charge=2&value=14/20,sp|Q14980|NUMA1_HUMAN,/core/www/modules//consensus/?run_id=110202&search_id=114132&scans_id=110198&peptide_id=10411&scanf=19062&charge=2&value=sp|Q14980|NUMA1_HUMAN,0,/core/www/modules/match_peptides/blast_html4.php?run_id=110202&search_id=114132&scans_id=110198&peptide_id=10411&scanf=19062&charge=2&value=0,K.LADDLSTLQEK.M,/core/www/modules/show_out/show_out_wrapper.php?run_id=110202&search_id=114132&scans_id=110198&peptide_id=10411&scanf=19062&charge=2&value=K.LADDLSTLQEK.M,NUMA1,3.631e+7,3.704,0.000,3.450,0.000
19066,3,"  2.019","  0.285",8/52,/core/www/modules//sdig/index.php?run_id=110202&search_id=114132&scans_id=110198&peptide_id=10415&scanf=19066&charge=3&value=8/52,sp|Q12974|TP4A2_HUMAN,/core/www/modules//consensus/?run_id=110202&search_id=114132&scans_id=110198&peptide_id=10415&scanf=19066&charge=3&value=sp|Q12974|TP4A2_HUMAN,7,/core/www/modules/match_peptides/blast_html4.php?run_id=110202&search_id=114132&scans_id=110198&peptide_id=10415&scanf=19066&charge=3&value=7,R.FLITHNPTNATLNK.F,/core/www/modules/show_out/show_out_wrapper.php?run_id=110202&search_id=114132&scans_id=110198&peptide_id=10415&scanf=19066&charge=3&value=R.FLITHNPTNATLNK.F,PTP4A2,5.984e+6,2.156,0.065,1.184,0.002
19067,3,"  2.713","  0.356",10/56,/core/www/modules//sdig/index.php?run_id=110202&search_id=114132&scans_id=110198&peptide_id=10416&scanf=19067&charge=3&value=10/56,sp|Q8IX01|SUGP2_HUMAN,/core/www/modules//consensus/?run_id=110202&search_id=114132&scans_id=110198&peptide_id=10416&scanf=19067&charge=3&value=sp|Q8IX01|SUGP2_HUMAN,2,/core/www/modules/match_peptides/blast_html4.php?run_id=110202&search_id=114132&scans_id=110198&peptide_id=10416&scanf=19067&charge=3&value=2,R.DYDVDHPGEADSVLR.G,/core/www/modules/show_out/show_out_wrapper.php?run_id=110202&search_id=114132&scans_id=110198&peptide_id=10416&scanf=19067&charge=3&value=R.DYDVDHPGEADSVLR.G,SUGP2,6.448e+6,2.452,0.025,1.605,0.001
19068,2,"  2.448","  0.513",11/24,/core/www/modules//sdig/index.php?run_id=110202&search_id=114132&scans_id=110198&peptide_id=10417&scanf=19068&charge=2&value=11/24,sp|Q9BTC0|DIDO1_HUMAN,/core/www/modules//consensus/?run_id=110202&search_id=114132&scans_id=110198&peptide_id=10417&scanf=19068&charge=2&value=sp|Q9BTC0|DIDO1_HUMAN,0,/core/www/modules/match_peptides/blast_html4.php?run_id=110202&search_id=114132&scans_id=110198&peptide_id=10417&scanf=19068&charge=2&value=0,R.LQPEEADVPAYPK.V,/core/www/modules/show_out/show_out_wrapper.php?run_id=110202&search_id=114132&scans_id=110198&peptide_id=10417&scanf=19068&charge=2&value=R.LQPEEADVPAYPK.V,DIDO1,6.792e+6,2.968,0.004,2.361,0.000
19070,2,"  3.380","  0.510",13/28,/core/www/modules//sdig/index.php?run_id=110202&search_id=114132&scans_id=110198&peptide_id=10420&scanf=19070&charge=2&value=13/28,sp|P62195|PRS8_HUMAN,/core/www/modules//consensus/?run_id=110202&search_id=114132&scans_id=110198&peptide_id=10420&scanf=19070&charge=2&value=sp|P62195|PRS8_HUMAN,0,/core/www/modules/match_peptides/blast_html4.php?run_id=110202&search_id=114132&scans_id=110198&peptide_id=10420&scanf=19070&charge=2&value=0,R.KIAELMPGASGAEVK.G,/core/www/modules/show_out/show_out_wrapper.php?run_id=110202&search_id=114132&scans_id=110198&peptide_id=10420&scanf=19070&charge=2&value=R.KIAELMPGASGAEVK.G,PSMC5,5.914e+6,2.774,0.008,2.074,0.000
19071,2,"  4.648","  0.698",20/30,/core/www/modules//sdig/index.php?run_id=110202&search_id=114132&scans_id=110198&peptide_id=10421&scanf=19071&charge=2&value=20/30,sp|O43159|RRP8_HUMAN,/core/www/modules//consensus/?run_id=110202&search_id=114132&scans_id=110198&peptide_id=10421&scanf=19071&charge=2&value=sp|O43159|RRP8_HUMAN,1,/core/www/modules/match_peptides/blast_html4.php?run_id=110202&search_id=114132&scans_id=110198&peptide_id=10421&scanf=19071&charge=2&value=1,R.YLNEQLYSGPSSAAQR.L,/core/www/modules/show_out/show_out_wrapper.php?run_id=110202&search_id=114132&scans_id=110198&peptide_id=10421&scanf=19071&charge=2&value=R.YLNEQLYSGPSSAAQR.L,RRP8,8.025e+6,3.930,0.000,3.785,0.000
19074,3,"  2.018","  0.228",12/48,/core/www/modules//sdig/index.php?run_id=110202&search_id=114132&scans_id=110198&peptide_id=10423&scanf=19074&charge=3&value=12/48,sp|Q9Y657|SPIN1_HUMAN,/core/www/modules//consensus/?run_id=110202&search_id=114132&scans_id=110198&peptide_id=10423&scanf=19074&charge=3&value=sp|Q9Y657|SPIN1_HUMAN,0,/core/www/modules/match_peptides/blast_html4.php?run_id=110202&search_id=114132&scans_id=110198&peptide_id=10423&scanf=19074&charge=3&value=0,R.ISDAHLADTMIGK.A,/core/www/modules/show_out/show_out_wrapper.php?run_id=110202&search_id=114132&scans_id=110198&peptide_id=10423&scanf=19074&charge=3&value=R.ISDAHLADTMIGK.A,SPIN1,2.230e+7,2.169,0.063,1.202,0.002
19075,2,"  3.087","  0.637",13/20,/core/www/modules//sdig/index.php?run_id=110202&search_id=114132&scans_id=110198&peptide_id=10424&scanf=19075&charge=2&value=13/20,sp|Q9UKM9|RALY_HUMAN,/core/www/modules//consensus/?run_id=110202&search_id=114132&scans_id=110198&peptide_id=10424&scanf=19075&charge=2&value=sp|Q9UKM9|RALY_HUMAN,3,/core/www/modules/match_peptides/blast_html4.php?run_id=110202&search_id=114132&scans_id=110198&peptide_id=10424&scanf=19075&charge=2&value=3,K.GYAFVQYSNER.H,/core/www/modules/show_out/show_out_wrapper.php?run_id=110202&search_id=114132&scans_id=110198&peptide_id=10424&scanf=19075&charge=2&value=K.GYAFVQYSNER.H,RALY,7.091e+7,3.784,0.000,3.570,0.000
19076,2,"  2.636","  0.585",12/18,/core/www/modules//sdig/index.php?run_id=110202&search_id=114132&scans_id=110198&peptide_id=10425&scanf=19076&charge=2&value=12/18,sp|O14950|ML12B_HUMAN,/core/www/modules//consensus/?run_id=110202&search_id=114132&scans_id=110198&peptide_id=10425&scanf=19076&charge=2&value=sp|O14950|ML12B_HUMAN,4,/core/www/modules/match_peptides/blast_html4.php?run_id=110202&search_id=114132&scans_id=110198&peptide_id=10425&scanf=19076&charge=2&value=4,K.EAFNMIDQNR.D,/core/www/modules/show_out/show_out_wrapper.php?run_id=110202&search_id=114132&scans_id=110198&peptide_id=10425&scanf=19076&charge=2&value=K.EAFNMIDQNR.D,MYL12B,2.301e+7,3.632,0.000,3.344,0.000
19078,2,"  1.611","  0.287",9/14,/core/www/modules//sdig/index.php?run_id=110202&search_id=114132&scans_id=110198&peptide_id=10427&scanf=19078&charge=2&value=9/14,sp|O15042|SR140_HUMAN,/core/www/modules//consensus/?run_id=110202&search_id=114132&scans_id=110198&peptide_id=10427&scanf=19078&charge=2&value=sp|O15042|SR140_HUMAN,1,/core/www/modules/match_peptides/blast_html4.php?run_id=110202&search_id=114132&scans_id=110198&peptide_id=10427&scanf=19078&charge=2&value=1,R.EINNPMFR.F,/core/www/modules/show_out/show_out_wrapper.php?run_id=110202&search_id=114132&scans_id=110198&peptide_id=10427&scanf=19078&charge=2&value=R.EINNPMFR.F,U2SURP,2.201e+7,2.691,0.011,1.953,0.000
19080,2,"  2.521","  0.374",10/16,/core/www/modules//sdig/index.php?run_id=110202&search_id=114132&scans_id=110198&peptide_id=10430&scanf=19080&charge=2&value=10/16,sp|P35579|MYH9_HUMAN,/core/www/modules//consensus/?run_id=110202&search_id=114132&scans_id=110198&peptide_id=10430&scanf=19080&charge=2&value=sp|P35579|MYH9_HUMAN,5,/core/www/modules/match_peptides/blast_html4.php?run_id=110202&search_id=114132&scans_id=110198&peptide_id=10430&scanf=19080&charge=2&value=5,K.FDQLLAEEK.T,/core/www/modules/show_out/show_out_wrapper.php?run_id=110202&search_id=114132&scans_id=110198&peptide_id=10430&scanf=19080&charge=2&value=K.FDQLLAEEK.T,MYH9,9.399e+6,2.981,0.004,2.380,0.000
19081,3,"  3.814","  0.480",12/64,/core/www/modules//sdig/index.php?run_id=110202&search_id=114132&scans_id=110198&peptide_id=10431&scanf=19081&charge=3&value=12/64,sp|Q9Y2K7|KDM2A_HUMAN,/core/www/modules//consensus/?run_id=110202&search_id=114132&scans_id=110198&peptide_id=10431&scanf=19081&charge=3&value=sp|Q9Y2K7|KDM2A_HUMAN,1,/core/www/modules/match_peptides/blast_html4.php?run_id=110202&search_id=114132&scans_id=110198&peptide_id=10431&scanf=19081&charge=3&value=1,R.LTPVRPAAASPIVSGAR.R,/core/www/modules/show_out/show_out_wrapper.php?run_id=110202&search_id=114132&scans_id=110198&peptide_id=10431&scanf=19081&charge=3&value=R.LTPVRPAAASPIVSGAR.R,KDM2A,8.530e+6,2.881,0.006,2.233,0.000
19082,3,"  2.060","  0.338",13/44,/core/www/modules//sdig/index.php?run_id=110202&search_id=114132&scans_id=110198&peptide_id=10432&scanf=19082&charge=3&value=13/44,sp|A6NMY6|AXA2L_HUMAN,/core/www/modules//consensus/?run_id=110202&search_id=114132&scans_id=110198&peptide_id=10432&scanf=19082&charge=3&value=sp|A6NMY6|AXA2L_HUMAN,12,/core/www/modules/match_peptides/blast_html4.php?run_id=110202&search_id=114132&scans_id=110198&peptide_id=10432&scanf=19082&charge=3&value=12,K.DIISDTSGDFRK.L,/core/www/modules/show_out/show_out_wrapper.php?run_id=110202&search_id=114132&scans_id=110198&peptide_id=10432&scanf=19082&charge=3&value=K.DIISDTSGDFRK.L,ANXA2P2,1.158e+7,2.370,0.033,1.486,0.001
19083,2,"  2.131","  0.390",9/16,/core/www/modules//sdig/index.php?run_id=110202&search_id=114132&scans_id=110198&peptide_id=10433&scanf=19083&charge=2&value=9/16,sp|Q14839|CHD4_HUMAN,/core/www/modules//consensus/?run_id=110202&search_id=114132&scans_id=110198&peptide_id=10433&scanf=19083&charge=2&value=sp|Q14839|CHD4_HUMAN,16,/core/www/modules/match_peptides/blast_html4.php?run_id=110202&search_id=114132&scans_id=110198&peptide_id=10433&scanf=19083&charge=2&value=16,R.EFSTNNPFK.G,/core/www/modules/show_out/show_out_wrapper.php?run_id=110202&search_id=114132&scans_id=110198&peptide_id=10433&scanf=19083&charge=2&value=R.EFSTNNPFK.G,CHD4,1.976e+7,2.926,0.005,2.298,0.000
19084,2,"  3.598","  0.505",14/26,/core/www/modules//sdig/index.php?run_id=110202&search_id=114132&scans_id=110198&peptide_id=10434&scanf=19084&charge=2&value=14/26,sp|Q14315|FLNC_HUMAN,/core/www/modules//consensus/?run_id=110202&search_id=114132&scans_id=110198&peptide_id=10434&scanf=19084&charge=2&value=sp|Q14315|FLNC_HUMAN,0,/core/www/modules/match_peptides/blast_html4.php?run_id=110202&search_id=114132&scans_id=110198&peptide_id=10434&scanf=19084&charge=2&value=0,K.VAVGQEQAFSVNTR.G,/core/www/modules/show_out/show_out_wrapper.php?run_id=110202&search_id=114132&scans_id=110198&peptide_id=10434&scanf=19084&charge=2&value=K.VAVGQEQAFSVNTR.G,FLNC,2.410e+7,3.220,0.002,2.733,0.000
19085,3,"  2.846","  0.255",12/56,/core/www/modules//sdig/index.php?run_id=110202&search_id=114132&scans_id=110198&peptide_id=10435&scanf=19085&charge=3&value=12/56,sp|P62195|PRS8_HUMAN,/core/www/modules//consensus/?run_id=110202&search_id=114132&scans_id=110198&peptide_id=10435&scanf=19085&charge=3&value=sp|P62195|PRS8_HUMAN,0,/core/www/modules/match_peptides/blast_html4.php?run_id=110202&search_id=114132&scans_id=110198&peptide_id=10435&scanf=19085&charge=3&value=0,R.KIAELMPGASGAEVK.G,/core/www/modules/show_out/show_out_wrapper.php?run_id=110202&search_id=114132&scans_id=110198&peptide_id=10435&scanf=19085&charge=3&value=R.KIAELMPGASGAEVK.G,PSMC5,9.330e+6,1.975,0.115,0.939,0.005
19087,2,"  1.794","  0.287",7/18,/core/www/modules//sdig/index.php?run_id=110202&search_id=114132&scans_id=110198&peptide_id=10437&scanf=19087&charge=2&value=7/18,sp|Q96TA1|NIBA2_HUMAN,/core/www/modules//consensus/?run_id=110202&search_id=114132&scans_id=110198&peptide_id=10437&scanf=19087&charge=2&value=sp|Q96TA1|NIBA2_HUMAN,0,/core/www/modules/match_peptides/blast_html4.php?run_id=110202&search_id=114132&scans_id=110198&peptide_id=10437&scanf=19087&charge=2&value=0,R.TDMDQIITSK.E,/core/www/modules/show_out/show_out_wrapper.php?run_id=110202&search_id=114132&scans_id=110198&peptide_id=10437&scanf=19087&charge=2&value=R.TDMDQIITSK.E,NIBAN2,2.268e+7,2.079,0.084,1.078,0.003
19090,2,"  2.177","  0.338",10/14,/core/www/modules//sdig/index.php?run_id=110202&search_id=114132&scans_id=110198&peptide_id=10441&scanf=19090&charge=2&value=10/14,sp|Q13769|THOC5_HUMAN,/core/www/modules//consensus/?run_id=110202&search_id=114132&scans_id=110198&peptide_id=10441&scanf=19090&charge=2&value=sp|Q13769|THOC5_HUMAN,0,/core/www/modules/match_peptides/blast_html4.php?run_id=110202&search_id=114132&scans_id=110198&peptide_id=10441&scanf=19090&charge=2&value=0,K.LGGLHFPK.E,/core/www/modules/show_out/show_out_wrapper.php?run_id=110202&search_id=114132&scans_id=110198&peptide_id=10441&scanf=19090&charge=2&value=K.LGGLHFPK.E,THOC5,7.477e+6,2.967,0.004,2.359,0.000
19094,2,"  2.220","  0.569",13/20,/core/www/modules//sdig/index.php?run_id=110202&search_id=114132&scans_id=110198&peptide_id=10444&scanf=19094&charge=2&value=13/20,sp|Q9NR30|DDX21_HUMAN,/core/www/modules//consensus/?run_id=110202&search_id=114132&scans_id=110198&peptide_id=10444&scanf=19094&charge=2&value=sp|Q9NR30|DDX21_HUMAN,4,/core/www/modules/match_peptides/blast_html4.php?run_id=110202&search_id=114132&scans_id=110198&peptide_id=10444&scanf=19094&charge=2&value=4,K.EEYQLVQVEQK.A,/core/www/modules/show_out/show_out_wrapper.php?run_id=110202&search_id=114132&scans_id=110198&peptide_id=10444&scanf=19094&charge=2&value=K.EEYQLVQVEQK.A,DDX21,8.390e+7,3.522,0.001,3.181,0.000
19095,4,"  2.155","  0.311",17/90,/core/www/modules//sdig/index.php?run_id=110202&search_id=114132&scans_id=110198&peptide_id=10445&scanf=19095&charge=4&value=17/90,sp|P41091|IF2G_HUMAN,/core/www/modules//consensus/?run_id=110202&search_id=114132&scans_id=110198&peptide_id=10445&scanf=19095&charge=4&value=sp|P41091|IF2G_HUMAN,2,/core/www/modules/match_peptides/blast_html4.php?run_id=110202&search_id=114132&scans_id=110198&peptide_id=10445&scanf=19095&charge=4&value=2,R.QATINIGTIGHVAHGK.S,/core/www/modules/show_out/show_out_wrapper.php?run_id=110202&search_id=114132&scans_id=110198&peptide_id=10445&scanf=19095&charge=4&value=R.QATINIGTIGHVAHGK.S,EIF2S3,2.244e+7,2.730,0.010,2.010,0.000
19096,3,"  3.582","  0.443",17/52,/core/www/modules//sdig/index.php?run_id=110202&search_id=114132&scans_id=110198&peptide_id=10446&scanf=19096&charge=3&value=17/52,sp|P49915|GUAA_HUMAN,/core/www/modules//consensus/?run_id=110202&search_id=114132&scans_id=110198&peptide_id=10446&scanf=19096&charge=3&value=sp|P49915|GUAA_HUMAN,0,/core/www/modules/match_peptides/blast_html4.php?run_id=110202&search_id=114132&scans_id=110198&peptide_id=10446&scanf=19096&charge=3&value=0,K.EEVVLLTHGDSVDK.V,/core/www/modules/show_out/show_out_wrapper.php?run_id=110202&search_id=114132&scans_id=110198&peptide_id=10446&scanf=19096&charge=3&value=K.EEVVLLTHGDSVDK.V,GMPS,2.195e+7,3.043,0.003,2.471,0.000
19097,2,"  2.328","  0.513",11/22,/core/www/modules//sdig/index.php?run_id=110202&search_id=114132&scans_id=110198&peptide_id=10447&scanf=19097&charge=2&value=11/22,sp|P31946|1433B_HUMAN,/core/www/modules//consensus/?run_id=110202&search_id=114132&scans_id=110198&peptide_id=10447&scanf=19097&charge=2&value=sp|P31946|1433B_HUMAN,0,/core/www/modules/match_peptides/blast_html4.php?run_id=110202&search_id=114132&scans_id=110198&peptide_id=10447&scanf=19097&charge=2&value=0,K.YLIPNATQPESK.V,/core/www/modules/show_out/show_out_wrapper.php?run_id=110202&search_id=114132&scans_id=110198&peptide_id=10447&scanf=19097&charge=2&value=K.YLIPNATQPESK.V,YWHAB,3.712e+7,3.075,0.003,2.518,0.000
19099,2,"  2.169","  0.399",8/22,/core/www/modules//sdig/index.php?run_id=110202&search_id=114132&scans_id=110198&peptide_id=10449&scanf=19099&charge=2&value=8/22,sp|Q7L014|DDX46_HUMAN,/core/www/modules//consensus/?run_id=110202&search_id=114132&scans_id=110198&peptide_id=10449&scanf=19099&charge=2&value=sp|Q7L014|DDX46_HUMAN,1,/core/www/modules/match_peptides/blast_html4.php?run_id=110202&search_id=114132&scans_id=110198&peptide_id=10449&scanf=19099&charge=2&value=1,R.GGTILAPTVSAK.T,/core/www/modules/show_out/show_out_wrapper.php?run_id=110202&search_id=114132&scans_id=110198&peptide_id=10449&scanf=19099&charge=2&value=R.GGTILAPTVSAK.T,DDX46,1.734e+7,2.588,0.016,1.802,0.000
19100,3,"  4.039","  0.498",16/48,/core/www/modules//sdig/index.php?run_id=110202&search_id=114132&scans_id=110198&peptide_id=10451&scanf=19100&charge=3&value=16/48,sp|P78406|RAE1L_HUMAN,/core/www/modules//consensus/?run_id=110202&search_id=114132&scans_id=110198&peptide_id=10451&scanf=19100&charge=3&value=sp|P78406|RAE1L_HUMAN,1,/core/www/modules/match_peptides/blast_html4.php?run_id=110202&search_id=114132&scans_id=110198&peptide_id=10451&scanf=19100&charge=3&value=1,R.VAIHYINPPNPAK.D,/core/www/modules/show_out/show_out_wrapper.php?run_id=110202&search_id=114132&scans_id=110198&peptide_id=10451&scanf=19100&charge=3&value=R.VAIHYINPPNPAK.D,RAE1,1.540e+7,3.277,0.002,2.818,0.000
19102,3,"  1.695","  0.230",10/40,/core/www/modules//sdig/index.php?run_id=110202&search_id=114132&scans_id=110198&peptide_id=10453&scanf=19102&charge=3&value=10/40,sp|Q9BUJ2|HNRL1_HUMAN,/core/www/modules//consensus/?run_id=110202&search_id=114132&scans_id=110198&peptide_id=10453&scanf=19102&charge=3&value=sp|Q9BUJ2|HNRL1_HUMAN,3,/core/www/modules/match_peptides/blast_html4.php?run_id=110202&search_id=114132&scans_id=110198&peptide_id=10453&scanf=19102&charge=3&value=3,K.DVPDHAVLEMK.A,/core/www/modules/show_out/show_out_wrapper.php?run_id=110202&search_id=114132&scans_id=110198&peptide_id=10453&scanf=19102&charge=3&value=K.DVPDHAVLEMK.A,HNRNPUL1,9.174e+6,2.309,0.040,1.400,0.001
19104,3,"  4.322","  0.520",14/60,/core/www/modules//sdig/index.php?run_id=110202&search_id=114132&scans_id=110198&peptide_id=10455&scanf=19104&charge=3&value=14/60,sp|Q9UKF6|CPSF3_HUMAN,/core/www/modules//consensus/?run_id=110202&search_id=114132&scans_id=110198&peptide_id=10455&scanf=19104&charge=3&value=sp|Q9UKF6|CPSF3_HUMAN,1,/core/www/modules/match_peptides/blast_html4.php?run_id=110202&search_id=114132&scans_id=110198&peptide_id=10455&scanf=19104&charge=3&value=1,K.HIMSEPEEITTMSGQK.L,/core/www/modules/show_out/show_out_wrapper.php?run_id=110202&search_id=114132&scans_id=110198&peptide_id=10455&scanf=19104&charge=3&value=K.HIMSEPEEITTMSGQK.L,CPSF3,9.599e+6,3.120,0.003,2.585,0.000
19107,3,"  3.002","  0.482",15/32,/core/www/modules//sdig/index.php?run_id=110202&search_id=114132&scans_id=110198&peptide_id=10458&scanf=19107&charge=3&value=15/32,sp|Q9NTI5|PDS5B_HUMAN,/core/www/modules//consensus/?run_id=110202&search_id=114132&scans_id=110198&peptide_id=10458&scanf=19107&charge=3&value=sp|Q9NTI5|PDS5B_HUMAN,0,/core/www/modules/match_peptides/blast_html4.php?run_id=110202&search_id=114132&scans_id=110198&peptide_id=10458&scanf=19107&charge=3&value=0,K.IEEDFPHIR.S,/core/www/modules/show_out/show_out_wrapper.php?run_id=110202&search_id=114132&scans_id=110198&peptide_id=10458&scanf=19107&charge=3&value=K.IEEDFPHIR.S,PDS5B,7.665e+7,3.612,0.000,3.315,0.000
19109,3,"  3.522","  0.415",11/72,/core/www/modules//sdig/index.php?run_id=110202&search_id=114132&scans_id=110198&peptide_id=10460&scanf=19109&charge=3&value=11/72,sp|O00203|AP3B1_HUMAN,/core/www/modules//consensus/?run_id=110202&search_id=114132&scans_id=110198&peptide_id=10460&scanf=19109&charge=3&value=sp|O00203|AP3B1_HUMAN,8,/core/www/modules/match_peptides/blast_html4.php?run_id=110202&search_id=114132&scans_id=110198&peptide_id=10460&scanf=19109&charge=3&value=8,K.VVNVANVGAVPSGQDNIHR.F,/core/www/modules/show_out/show_out_wrapper.php?run_id=110202&search_id=114132&scans_id=110198&peptide_id=10460&scanf=19109&charge=3&value=K.VVNVANVGAVPSGQDNIHR.F,AP3B1,1.063e+7,2.405,0.029,1.536,0.001
19112,2,"  4.840","  0.697",20/28,/core/www/modules//sdig/index.php?run_id=110202&search_id=114132&scans_id=110198&peptide_id=10463&scanf=19112&charge=2&value=20/28,sp|Q04837|SSBP_HUMAN,/core/www/modules//consensus/?run_id=110202&search_id=114132&scans_id=110198&peptide_id=10463&scanf=19112&charge=2&value=sp|Q04837|SSBP_HUMAN,3,/core/www/modules/match_peptides/blast_html4.php?run_id=110202&search_id=114132&scans_id=110198&peptide_id=10463&scanf=19112&charge=2&value=3,R.SGDSEVYQLGDVSQK.T,/core/www/modules/show_out/show_out_wrapper.php?run_id=110202&search_id=114132&scans_id=110198&peptide_id=10463&scanf=19112&charge=2&value=R.SGDSEVYQLGDVSQK.T,SSBP1,1.049e+7,3.976,0.000,3.854,0.000
19115,3,"  3.111","  0.607",14/44,/core/www/modules//sdig/index.php?run_id=110202&search_id=114132&scans_id=110198&peptide_id=10465&scanf=19115&charge=3&value=14/44,sp|Q96GM5|SMRD1_HUMAN,/core/www/modules//consensus/?run_id=110202&search_id=114132&scans_id=110198&peptide_id=10465&scanf=19115&charge=3&value=sp|Q96GM5|SMRD1_HUMAN,2,/core/www/modules/match_peptides/blast_html4.php?run_id=110202&search_id=114132&scans_id=110198&peptide_id=10465&scanf=19115&charge=3&value=2,K.IHETIETINQLK.T,/core/www/modules/show_out/show_out_wrapper.php?run_id=110202&search_id=114132&scans_id=110198&peptide_id=10465&scanf=19115&charge=3&value=K.IHETIETINQLK.T,SMARCD1,6.215e+7,3.667,0.000,3.396,0.000
19118,2,"  2.739","  0.254",11/24,/core/www/modules//sdig/index.php?run_id=110202&search_id=114132&scans_id=110198&peptide_id=10468&scanf=19118&charge=2&value=11/24,sp|Q9UQ35|SRRM2_HUMAN,/core/www/modules//consensus/?run_id=110202&search_id=114132&scans_id=110198&peptide_id=10468&scanf=19118&charge=2&value=sp|Q9UQ35|SRRM2_HUMAN,0,/core/www/modules/match_peptides/blast_html4.php?run_id=110202&search_id=114132&scans_id=110198&peptide_id=10468&scanf=19118&charge=2&value=0,R.TPTAPAVNLAGAR.T,/core/www/modules/show_out/show_out_wrapper.php?run_id=110202&search_id=114132&scans_id=110198&peptide_id=10468&scanf=19118&charge=2&value=R.TPTAPAVNLAGAR.T,SRRM2,8.512e+7,2.266,0.046,1.338,0.002
19122,3,"  5.802","  0.711",22/60,/core/www/modules//sdig/index.php?run_id=110202&search_id=114132&scans_id=110198&peptide_id=10473&scanf=19122&charge=3&value=22/60,sp|O75643|U520_HUMAN,/core/www/modules//consensus/?run_id=110202&search_id=114132&scans_id=110198&peptide_id=10473&scanf=19122&charge=3&value=sp|O75643|U520_HUMAN,0,/core/www/modules/match_peptides/blast_html4.php?run_id=110202&search_id=114132&scans_id=110198&peptide_id=10473&scanf=19122&charge=3&value=0,R.MTQNPNYYNLQGISHR.H,/core/www/modules/show_out/show_out_wrapper.php?run_id=110202&search_id=114132&scans_id=110198&peptide_id=10473&scanf=19122&charge=3&value=R.MTQNPNYYNLQGISHR.H,SNRNP200,4.407e+7,4.290,0.000,4.320,0.000
19123,2,"  2.966","  0.524",15/22,/core/www/modules//sdig/index.php?run_id=110202&search_id=114132&scans_id=110198&peptide_id=10474&scanf=19123&charge=2&value=15/22,sp|P10809|CH60_HUMAN,/core/www/modules//consensus/?run_id=110202&search_id=114132&scans_id=110198&peptide_id=10474&scanf=19123&charge=2&value=sp|P10809|CH60_HUMAN,3,/core/www/modules/match_peptides/blast_html4.php?run_id=110202&search_id=114132&scans_id=110198&peptide_id=10474&scanf=19123&charge=2&value=3,K.NAGVEGSLIVEK.I,/core/www/modules/show_out/show_out_wrapper.php?run_id=110202&search_id=114132&scans_id=110198&peptide_id=10474&scanf=19123&charge=2&value=K.NAGVEGSLIVEK.I,HSPD1,1.500e+8,3.528,0.001,3.190,0.000
19124,3,"  3.899","  0.511",12/52,/core/www/modules//sdig/index.php?run_id=110202&search_id=114132&scans_id=110198&peptide_id=10475&scanf=19124&charge=3&value=12/52,sp|P50990|TCPQ_HUMAN,/core/www/modules//consensus/?run_id=110202&search_id=114132&scans_id=110198&peptide_id=10475&scanf=19124&charge=3&value=sp|P50990|TCPQ_HUMAN,0,/core/www/modules/match_peptides/blast_html4.php?run_id=110202&search_id=114132&scans_id=110198&peptide_id=10475&scanf=19124&charge=3&value=0,K.HEKEDGAISTIVLR.G,/core/www/modules/show_out/show_out_wrapper.php?run_id=110202&search_id=114132&scans_id=110198&peptide_id=10475&scanf=19124&charge=3&value=K.HEKEDGAISTIVLR.G,CCT8,4.336e+7,2.919,0.005,2.288,0.000
19126,2,"  3.233","  0.568",10/22,/core/www/modules//sdig/index.php?run_id=110202&search_id=114132&scans_id=110198&peptide_id=10477&scanf=19126&charge=2&value=10/22,sp|Q12789|TF3C1_HUMAN,/core/www/modules//consensus/?run_id=110202&search_id=114132&scans_id=110198&peptide_id=10477&scanf=19126&charge=2&value=sp|Q12789|TF3C1_HUMAN,0,/core/www/modules/match_peptides/blast_html4.php?run_id=110202&search_id=114132&scans_id=110198&peptide_id=10477&scanf=19126&charge=2&value=0,R.ALIGQEGDPDLK.L,/core/www/modules/show_out/show_out_wrapper.php?run_id=110202&search_id=114132&scans_id=110198&peptide_id=10477&scanf=19126&charge=2&value=R.ALIGQEGDPDLK.L,GTF3C1,1.266e+7,3.241,0.002,2.764,0.000
19128,2,"  1.379","  0.356",7/12,/core/www/modules//sdig/index.php?run_id=110202&search_id=114132&scans_id=110198&peptide_id=10479&scanf=19128&charge=2&value=7/12,sp|P35606|COPB2_HUMAN,/core/www/modules//consensus/?run_id=110202&search_id=114132&scans_id=110198&peptide_id=10479&scanf=19128&charge=2&value=sp|P35606|COPB2_HUMAN,3,/core/www/modules/match_peptides/blast_html4.php?run_id=110202&search_id=114132&scans_id=110198&peptide_id=10479&scanf=19128&charge=2&value=3,K.VLPTIPK.E,/core/www/modules/show_out/show_out_wrapper.php?run_id=110202&search_id=114132&scans_id=110198&peptide_id=10479&scanf=19128&charge=2&value=K.VLPTIPK.E,COPB2,2.998e+7,2.825,0.007,2.150,0.000
19129,3,"  6.415","  0.664",30/68,/core/www/modules//sdig/index.php?run_id=110202&search_id=114132&scans_id=110198&peptide_id=10480&scanf=19129&charge=3&value=30/68,sp|A6NHR9|SMHD1_HUMAN,/core/www/modules//consensus/?run_id=110202&search_id=114132&scans_id=110198&peptide_id=10480&scanf=19129&charge=3&value=sp|A6NHR9|SMHD1_HUMAN,1,/core/www/modules/match_peptides/blast_html4.php?run_id=110202&search_id=114132&scans_id=110198&peptide_id=10480&scanf=19129&charge=3&value=1,R.MISKPADSQDVHELVLSK.E,/core/www/modules/show_out/show_out_wrapper.php?run_id=110202&search_id=114132&scans_id=110198&peptide_id=10480&scanf=19129&charge=3&value=R.MISKPADSQDVHELVLSK.E,SMCHD1,2.867e+7,4.194,0.000,4.177,0.000
19130,2,"  2.457","  0.368",7/12,/core/www/modules//sdig/index.php?run_id=110202&search_id=114132&scans_id=110198&peptide_id=10482&scanf=19130&charge=2&value=7/12,sp|Q9BXY0|MAK16_HUMAN,/core/www/modules//consensus/?run_id=110202&search_id=114132&scans_id=110198&peptide_id=10482&scanf=19130&charge=2&value=sp|Q9BXY0|MAK16_HUMAN,1,/core/www/modules/match_peptides/blast_html4.php?run_id=110202&search_id=114132&scans_id=110198&peptide_id=10482&scanf=19130&charge=2&value=1,K.ITQYLIR.I,/core/www/modules/show_out/show_out_wrapper.php?run_id=110202&search_id=114132&scans_id=110198&peptide_id=10482&scanf=19130&charge=2&value=K.ITQYLIR.I,MAK16,2.236e+7,2.904,0.005,2.267,0.000
19131,2,"  2.594","  0.375",11/18,/core/www/modules//sdig/index.php?run_id=110202&search_id=114132&scans_id=110198&peptide_id=10483&scanf=19131&charge=2&value=11/18,sp|Q6KC79|NIPBL_HUMAN,/core/www/modules//consensus/?run_id=110202&search_id=114132&scans_id=110198&peptide_id=10483&scanf=19131&charge=2&value=sp|Q6KC79|NIPBL_HUMAN,1,/core/www/modules/match_peptides/blast_html4.php?run_id=110202&search_id=114132&scans_id=110198&peptide_id=10483&scanf=19131&charge=2&value=1,R.VLGENAIAVR.T,/core/www/modules/show_out/show_out_wrapper.php?run_id=110202&search_id=114132&scans_id=110198&peptide_id=10483&scanf=19131&charge=2&value=R.VLGENAIAVR.T,NIPBL,2.442e+7,2.863,0.006,2.206,0.000
19134,2,"  2.407","  0.365",9/16,/core/www/modules//sdig/index.php?run_id=110202&search_id=114132&scans_id=110198&peptide_id=10486&scanf=19134&charge=2&value=9/16,sp|Q96PK6|RBM14_HUMAN,/core/www/modules//consensus/?run_id=110202&search_id=114132&scans_id=110198&peptide_id=10486&scanf=19134&charge=2&value=sp|Q96PK6|RBM14_HUMAN,0,/core/www/modules/match_peptides/blast_html4.php?run_id=110202&search_id=114132&scans_id=110198&peptide_id=10486&scanf=19134&charge=2&value=0,K.DYAFVHMEK.E,/core/www/modules/show_out/show_out_wrapper.php?run_id=110202&search_id=114132&scans_id=110198&peptide_id=10486&scanf=19134&charge=2&value=K.DYAFVHMEK.E,RBM14,2.956e+7,2.682,0.011,1.939,0.000
19136,3,"  3.514","  0.676",18/48,/core/www/modules//sdig/index.php?run_id=110202&search_id=114132&scans_id=110198&peptide_id=10487&scanf=19136&charge=3&value=18/48,sp|Q7L014|DDX46_HUMAN,/core/www/modules//consensus/?run_id=110202&search_id=114132&scans_id=110198&peptide_id=10487&scanf=19136&charge=3&value=sp|Q7L014|DDX46_HUMAN,1,/core/www/modules/match_peptides/blast_html4.php?run_id=110202&search_id=114132&scans_id=110198&peptide_id=10487&scanf=19136&charge=3&value=1,R.ILSKPIEVQVGGR.S,/core/www/modules/show_out/show_out_wrapper.php?run_id=110202&search_id=114132&scans_id=110198&peptide_id=10487&scanf=19136&charge=3&value=R.ILSKPIEVQVGGR.S,DDX46,5.122e+7,4.002,0.000,3.892,0.000
19137,2,"  1.790","  0.240",11/18,/core/www/modules//sdig/index.php?run_id=110202&search_id=114132&scans_id=110198&peptide_id=10488&scanf=19137&charge=2&value=11/18,sp|Q7L1Q6|5MP2_HUMAN,/core/www/modules//consensus/?run_id=110202&search_id=114132&scans_id=110198&peptide_id=10488&scanf=19137&charge=2&value=sp|Q7L1Q6|5MP2_HUMAN,2,/core/www/modules/match_peptides/blast_html4.php?run_id=110202&search_id=114132&scans_id=110198&peptide_id=10488&scanf=19137&charge=2&value=2,K.EGVSAAFAVK.L,/core/www/modules/show_out/show_out_wrapper.php?run_id=110202&search_id=114132&scans_id=110198&peptide_id=10488&scanf=19137&charge=2&value=K.EGVSAAFAVK.L,BZW1,2.226e+8,2.336,0.036,1.438,0.001
19139,4,"  4.179","  0.474",18/96,/core/www/modules//sdig/index.php?run_id=110202&search_id=114132&scans_id=110198&peptide_id=10490&scanf=19139&charge=4&value=18/96,sp|P09874|PARP1_HUMAN,/core/www/modules//consensus/?run_id=110202&search_id=114132&scans_id=110198&peptide_id=10490&scanf=19139&charge=4&value=sp|P09874|PARP1_HUMAN,3,/core/www/modules/match_peptides/blast_html4.php?run_id=110202&search_id=114132&scans_id=110198&peptide_id=10490&scanf=19139&charge=4&value=3,K.NREELGFRPEYSASQLK.G,/core/www/modules/show_out/show_out_wrapper.php?run_id=110202&search_id=114132&scans_id=110198&peptide_id=10490&scanf=19139&charge=4&value=K.NREELGFRPEYSASQLK.G,PARP1,2.419e+7,3.202,0.002,2.707,0.000
19140,2,"  2.910","  0.484",12/22,/core/www/modules//sdig/index.php?run_id=110202&search_id=114132&scans_id=110198&peptide_id=10492&scanf=19140&charge=2&value=12/22,sp|O60841|IF2P_HUMAN,/core/www/modules//consensus/?run_id=110202&search_id=114132&scans_id=110198&peptide_id=10492&scanf=19140&charge=2&value=sp|O60841|IF2P_HUMAN,1,/core/www/modules/match_peptides/blast_html4.php?run_id=110202&search_id=114132&scans_id=110198&peptide_id=10492&scanf=19140&charge=2&value=1,K.LLQAQGVEVPSK.D,/core/www/modules/show_out/show_out_wrapper.php?run_id=110202&search_id=114132&scans_id=110198&peptide_id=10492&scanf=19140&charge=2&value=K.LLQAQGVEVPSK.D,EIF5B,1.638e+7,3.120,0.003,2.585,0.000
19141,4,"  4.008","  0.526",20/102,/core/www/modules//sdig/index.php?run_id=110202&search_id=114132&scans_id=110198&peptide_id=10493&scanf=19141&charge=4&value=20/102,sp|Q92878|RAD50_HUMAN,/core/www/modules//consensus/?run_id=110202&search_id=114132&scans_id=110198&peptide_id=10493&scanf=19141&charge=4&value=sp|Q92878|RAD50_HUMAN,7,/core/www/modules/match_peptides/blast_html4.php?run_id=110202&search_id=114132&scans_id=110198&peptide_id=10493&scanf=19141&charge=4&value=7,K.VFQGTDEQLNDLYHNHQR.T,/core/www/modules/show_out/show_out_wrapper.php?run_id=110202&search_id=114132&scans_id=110198&peptide_id=10493&scanf=19141&charge=4&value=K.VFQGTDEQLNDLYHNHQR.T,RAD50,6.104e+7,3.529,0.001,3.192,0.000
19142,4,"  2.311","  0.402",17/84,/core/www/modules//sdig/index.php?run_id=110202&search_id=114132&scans_id=110198&peptide_id=10494&scanf=19142&charge=4&value=17/84,sp|P48643|TCPE_HUMAN,/core/www/modules//consensus/?run_id=110202&search_id=114132&scans_id=110198&peptide_id=10494&scanf=19142&charge=4&value=sp|P48643|TCPE_HUMAN,3,/core/www/modules/match_peptides/blast_html4.php?run_id=110202&search_id=114132&scans_id=110198&peptide_id=10494&scanf=19142&charge=4&value=3,K.GVIVDKDFSHPQMPK.K,/core/www/modules/show_out/show_out_wrapper.php?run_id=110202&search_id=114132&scans_id=110198&peptide_id=10494&scanf=19142&charge=4&value=K.GVIVDKDFSHPQMPK.K,CCT5,6.204e+7,2.861,0.006,2.204,0.000
19143,2,"  1.685","  0.493",10/14,/core/www/modules//sdig/index.php?run_id=110202&search_id=114132&scans_id=110198&peptide_id=10495&scanf=19143&charge=2&value=10/14,sp|Q14204|DYHC1_HUMAN,/core/www/modules//consensus/?run_id=110202&search_id=114132&scans_id=110198&peptide_id=10495&scanf=19143&charge=2&value=sp|Q14204|DYHC1_HUMAN,29,/core/www/modules/match_peptides/blast_html4.php?run_id=110202&search_id=114132&scans_id=110198&peptide_id=10495&scanf=19143&charge=2&value=29,R.VPLAIVNK.A,/core/www/modules/show_out/show_out_wrapper.php?run_id=110202&search_id=114132&scans_id=110198&peptide_id=10495&scanf=19143&charge=2&value=R.VPLAIVNK.A,DYNC1H1,1.861e+7,3.737,0.000,3.499,0.000
19144,4,"  3.954","  0.590",19/114,/core/www/modules//sdig/index.php?run_id=110202&search_id=114132&scans_id=110198&peptide_id=10496&scanf=19144&charge=4&value=19/114,sp|O43684|BUB3_HUMAN,/core/www/modules//consensus/?run_id=110202&search_id=114132&scans_id=110198&peptide_id=10496&scanf=19144&charge=4&value=sp|O43684|BUB3_HUMAN,2,/core/www/modules/match_peptides/blast_html4.php?run_id=110202&search_id=114132&scans_id=110198&peptide_id=10496&scanf=19144&charge=4&value=2,K.MHDLNTDQENLVGTHDAPIR.C,/core/www/modules/show_out/show_out_wrapper.php?run_id=110202&search_id=114132&scans_id=110198&peptide_id=10496&scanf=19144&charge=4&value=K.MHDLNTDQENLVGTHDAPIR.C,BUB3,1.172e+7,3.537,0.001,3.203,0.000
19145,2,"  3.294","  0.471",11/20,/core/www/modules//sdig/index.php?run_id=110202&search_id=114132&scans_id=110198&peptide_id=10497&scanf=19145&charge=2&value=11/20,sp|P04083|ANXA1_HUMAN,/core/www/modules//consensus/?run_id=110202&search_id=114132&scans_id=110198&peptide_id=10497&scanf=19145&charge=2&value=sp|P04083|ANXA1_HUMAN,1,/core/www/modules/match_peptides/blast_html4.php?run_id=110202&search_id=114132&scans_id=110198&peptide_id=10497&scanf=19145&charge=2&value=1,K.TPAQFDADELR.A,/core/www/modules/show_out/show_out_wrapper.php?run_id=110202&search_id=114132&scans_id=110198&peptide_id=10497&scanf=19145&charge=2&value=K.TPAQFDADELR.A,ANXA1,1.885e+7,3.001,0.004,2.410,0.000
19146,2,"  2.514","  0.462",11/20,/core/www/modules//sdig/index.php?run_id=110202&search_id=114132&scans_id=110198&peptide_id=10498&scanf=19146&charge=2&value=11/20,sp|P53618|COPB_HUMAN,/core/www/modules//consensus/?run_id=110202&search_id=114132&scans_id=110198&peptide_id=10498&scanf=19146&charge=2&value=sp|P53618|COPB_HUMAN,0,/core/www/modules/match_peptides/blast_html4.php?run_id=110202&search_id=114132&scans_id=110198&peptide_id=10498&scanf=19146&charge=2&value=0,K.SQGMALSLGDK.I,/core/www/modules/show_out/show_out_wrapper.php?run_id=110202&search_id=114132&scans_id=110198&peptide_id=10498&scanf=19146&charge=2&value=K.SQGMALSLGDK.I,COPB1,2.979e+7,3.103,0.003,2.561,0.000
19147,2,"  2.056","  0.320",9/16,/core/www/modules//sdig/index.php?run_id=110202&search_id=114132&scans_id=110198&peptide_id=10499&scanf=19147&charge=2&value=9/16,sp|Q2TB10|ZN800_HUMAN,/core/www/modules//consensus/?run_id=110202&search_id=114132&scans_id=110198&peptide_id=10499&scanf=19147&charge=2&value=sp|Q2TB10|ZN800_HUMAN,3,/core/www/modules/match_peptides/blast_html4.php?run_id=110202&search_id=114132&scans_id=110198&peptide_id=10499&scanf=19147&charge=2&value=3,R.GLPNLITHK.K,/core/www/modules/show_out/show_out_wrapper.php?run_id=110202&search_id=114132&scans_id=110198&peptide_id=10499&scanf=19147&charge=2&value=R.GLPNLITHK.K,ZNF800,1.278e+7,2.630,0.014,1.863,0.000
19148,2,"  3.469","  0.608",14/24,/core/www/modules//sdig/index.php?run_id=110202&search_id=114132&scans_id=110198&peptide_id=10500&scanf=19148&charge=2&value=14/24,sp|P55786|PSA_HUMAN,/core/www/modules//consensus/?run_id=110202&search_id=114132&scans_id=110198&peptide_id=10500&scanf=19148&charge=2&value=sp|P55786|PSA_HUMAN,8,/core/www/modules/match_peptides/blast_html4.php?run_id=110202&search_id=114132&scans_id=110198&peptide_id=10500&scanf=19148&charge=2&value=8,R.YAAVTQFEATDAR.R,/core/www/modules/show_out/show_out_wrapper.php?run_id=110202&search_id=114132&scans_id=110198&peptide_id=10500&scanf=19148&charge=2&value=R.YAAVTQFEATDAR.R,NPEPPS,1.081e+7,3.574,0.001,3.258,0.000
19149,2,"  1.617","  0.234",7/14,/core/www/modules//sdig/index.php?run_id=110202&search_id=114132&scans_id=110198&peptide_id=10501&scanf=19149&charge=2&value=7/14,sp|Q9ULX6|AKP8L_HUMAN,/core/www/modules//consensus/?run_id=110202&search_id=114132&scans_id=110198&peptide_id=10501&scanf=19149&charge=2&value=sp|Q9ULX6|AKP8L_HUMAN,7,/core/www/modules/match_peptides/blast_html4.php?run_id=110202&search_id=114132&scans_id=110198&peptide_id=10501&scanf=19149&charge=2&value=7,K.TWTTADFR.T,/core/www/modules/show_out/show_out_wrapper.php?run_id=110202&search_id=114132&scans_id=110198&peptide_id=10501&scanf=19149&charge=2&value=K.TWTTADFR.T,AKAP8L,1.662e+7,2.250,0.048,1.316,0.002
19150,2,"  2.709","  0.514",10/22,/core/www/modules//sdig/index.php?run_id=110202&search_id=114132&scans_id=110198&peptide_id=10503&scanf=19150&charge=2&value=10/22,sp|Q96PK6|RBM14_HUMAN,/core/www/modules//consensus/?run_id=110202&search_id=114132&scans_id=110198&peptide_id=10503&scanf=19150&charge=2&value=sp|Q96PK6|RBM14_HUMAN,0,/core/www/modules/match_peptides/blast_html4.php?run_id=110202&search_id=114132&scans_id=110198&peptide_id=10503&scanf=19150&charge=2&value=0,R.AQPSVSLGAPYR.G,/core/www/modules/show_out/show_out_wrapper.php?run_id=110202&search_id=114132&scans_id=110198&peptide_id=10503&scanf=19150&charge=2&value=R.AQPSVSLGAPYR.G,RBM14,2.262e+7,3.079,0.003,2.525,0.000
19151,4,"  7.747","  0.709",29/120,/core/www/modules//sdig/index.php?run_id=110202&search_id=114132&scans_id=110198&peptide_id=10504&scanf=19151&charge=4&value=29/120,sp|Q9UPT8|ZC3H4_HUMAN,/core/www/modules//consensus/?run_id=110202&search_id=114132&scans_id=110198&peptide_id=10504&scanf=19151&charge=4&value=sp|Q9UPT8|ZC3H4_HUMAN,1,/core/www/modules/match_peptides/blast_html4.php?run_id=110202&search_id=114132&scans_id=110198&peptide_id=10504&scanf=19151&charge=4&value=1,K.MLADDAEAGAEDEKEVEELKK.Q,/core/www/modules/show_out/show_out_wrapper.php?run_id=110202&search_id=114132&scans_id=110198&peptide_id=10504&scanf=19151&charge=4&value=K.MLADDAEAGAEDEKEVEELKK.Q,ZC3H4,2.534e+7,3.664,0.000,3.392,0.000
19153,2,"  2.411","  0.391",10/18,/core/www/modules//sdig/index.php?run_id=110202&search_id=114132&scans_id=110198&peptide_id=10506&scanf=19153&charge=2&value=10/18,sp|Q9NU22|MDN1_HUMAN,/core/www/modules//consensus/?run_id=110202&search_id=114132&scans_id=110198&peptide_id=10506&scanf=19153&charge=2&value=sp|Q9NU22|MDN1_HUMAN,0,/core/www/modules/match_peptides/blast_html4.php?run_id=110202&search_id=114132&scans_id=110198&peptide_id=10506&scanf=19153&charge=2&value=0,R.LILEPTQAAK.L,/core/www/modules/show_out/show_out_wrapper.php?run_id=110202&search_id=114132&scans_id=110198&peptide_id=10506&scanf=19153&charge=2&value=R.LILEPTQAAK.L,MDN1,2.405e+7,3.109,0.003,2.570,0.000
19154,2,"  2.577","  0.293",10/18,/core/www/modules//sdig/index.php?run_id=110202&search_id=114132&scans_id=110198&peptide_id=10507&scanf=19154&charge=2&value=10/18,sp|P13639|EF2_HUMAN,/core/www/modules//consensus/?run_id=110202&search_id=114132&scans_id=110198&peptide_id=10507&scanf=19154&charge=2&value=sp|P13639|EF2_HUMAN,0,/core/www/modules/match_peptides/blast_html4.php?run_id=110202&search_id=114132&scans_id=110198&peptide_id=10507&scanf=19154&charge=2&value=0,K.EDLYLKPIQR.T,/core/www/modules/show_out/show_out_wrapper.php?run_id=110202&search_id=114132&scans_id=110198&peptide_id=10507&scanf=19154&charge=2&value=K.EDLYLKPIQR.T,EEF2,4.373e+7,2.599,0.015,1.819,0.000
19155,2,"  1.962","  0.283",8/14,/core/www/modules//sdig/index.php?run_id=110202&search_id=114132&scans_id=110198&peptide_id=10508&scanf=19155&charge=2&value=8/14,sp|P06400|RB_HUMAN,/core/www/modules//consensus/?run_id=110202&search_id=114132&scans_id=110198&peptide_id=10508&scanf=19155&charge=2&value=sp|P06400|RB_HUMAN,1,/core/www/modules/match_peptides/blast_html4.php?run_id=110202&search_id=114132&scans_id=110198&peptide_id=10508&scanf=19155&charge=2&value=1,R.LSIQNFSK.L,/core/www/modules/show_out/show_out_wrapper.php?run_id=110202&search_id=114132&scans_id=110198&peptide_id=10508&scanf=19155&charge=2&value=R.LSIQNFSK.L,RB1,1.995e+8,2.360,0.034,1.472,0.001
19157,2,"  1.968","  0.195",8/16,/core/www/modules//sdig/index.php?run_id=110202&search_id=114132&scans_id=110198&peptide_id=10509&scanf=19157&charge=2&value=8/16,sp|P13639|EF2_HUMAN,/core/www/modules//consensus/?run_id=110202&search_id=114132&scans_id=110198&peptide_id=10509&scanf=19157&charge=2&value=sp|P13639|EF2_HUMAN,0,/core/www/modules/match_peptides/blast_html4.php?run_id=110202&search_id=114132&scans_id=110198&peptide_id=10509&scanf=19157&charge=2&value=0,K.QFAEMYVAK.F,/core/www/modules/show_out/show_out_wrapper.php?run_id=110202&search_id=114132&scans_id=110198&peptide_id=10509&scanf=19157&charge=2&value=K.QFAEMYVAK.F,EEF2,3.645e+7,2.188,0.059,1.229,0.002
19159,3,"  2.259","  0.376",12/44,/core/www/modules//sdig/index.php?run_id=110202&search_id=114132&scans_id=110198&peptide_id=10511&scanf=19159&charge=3&value=12/44,sp|Q9BVI4|NOC4L_HUMAN,/core/www/modules//consensus/?run_id=110202&search_id=114132&scans_id=110198&peptide_id=10511&scanf=19159&charge=3&value=sp|Q9BVI4|NOC4L_HUMAN,1,/core/www/modules/match_peptides/blast_html4.php?run_id=110202&search_id=114132&scans_id=110198&peptide_id=10511&scanf=19159&charge=3&value=1,K.FVQLEGAHPLEK.S,/core/www/modules/show_out/show_out_wrapper.php?run_id=110202&search_id=114132&scans_id=110198&peptide_id=10511&scanf=19159&charge=3&value=K.FVQLEGAHPLEK.S,NOC4L,5.303e+7,2.765,0.009,2.061,0.000
19160,2,"  1.812","  0.373",9/14,/core/www/modules//sdig/index.php?run_id=110202&search_id=114132&scans_id=110198&peptide_id=10513&scanf=19160&charge=2&value=9/14,sp|P49207|RL34_HUMAN,/core/www/modules//consensus/?run_id=110202&search_id=114132&scans_id=110198&peptide_id=10513&scanf=19160&charge=2&value=sp|P49207|RL34_HUMAN,0,/core/www/modules/match_peptides/blast_html4.php?run_id=110202&search_id=114132&scans_id=110198&peptide_id=10513&scanf=19160&charge=2&value=0,R.AFLIEEQK.I,/core/www/modules/show_out/show_out_wrapper.php?run_id=110202&search_id=114132&scans_id=110198&peptide_id=10513&scanf=19160&charge=2&value=R.AFLIEEQK.I,RPL34,3.938e+8,2.923,0.005,2.295,0.000
19161,3,"  2.749","  0.403",14/40,/core/www/modules//sdig/index.php?run_id=110202&search_id=114132&scans_id=110198&peptide_id=10514&scanf=19161&charge=3&value=14/40,sp|Q9UQE7|SMC3_HUMAN,/core/www/modules//consensus/?run_id=110202&search_id=114132&scans_id=110198&peptide_id=10514&scanf=19161&charge=3&value=sp|Q9UQE7|SMC3_HUMAN,0,/core/www/modules/match_peptides/blast_html4.php?run_id=110202&search_id=114132&scans_id=110198&peptide_id=10514&scanf=19161&charge=3&value=0,R.LPIDKEEVSLR.R,/core/www/modules/show_out/show_out_wrapper.php?run_id=110202&search_id=114132&scans_id=110198&peptide_id=10514&scanf=19161&charge=3&value=R.LPIDKEEVSLR.R,SMC3,3.878e+7,2.910,0.005,2.276,0.000
19162,3,"  4.593","  0.622",23/56,/core/www/modules//sdig/index.php?run_id=110202&search_id=114132&scans_id=110198&peptide_id=10515&scanf=19162&charge=3&value=23/56,sp|P48643|TCPE_HUMAN,/core/www/modules//consensus/?run_id=110202&search_id=114132&scans_id=110198&peptide_id=10515&scanf=19162&charge=3&value=sp|P48643|TCPE_HUMAN,3,/core/www/modules/match_peptides/blast_html4.php?run_id=110202&search_id=114132&scans_id=110198&peptide_id=10515&scanf=19162&charge=3&value=3,K.GVIVDKDFSHPQMPK.K,/core/www/modules/show_out/show_out_wrapper.php?run_id=110202&search_id=114132&scans_id=110198&peptide_id=10515&scanf=19162&charge=3&value=K.GVIVDKDFSHPQMPK.K,CCT5,3.564e+7,3.557,0.001,3.232,0.000
19164,2,"  2.166","  0.341",10/20,/core/www/modules//sdig/index.php?run_id=110202&search_id=114132&scans_id=110198&peptide_id=10517&scanf=19164&charge=2&value=10/20,sp|P54819|KAD2_HUMAN,/core/www/modules//consensus/?run_id=110202&search_id=114132&scans_id=110198&peptide_id=10517&scanf=19164&charge=2&value=sp|P54819|KAD2_HUMAN,8,/core/www/modules/match_peptides/blast_html4.php?run_id=110202&search_id=114132&scans_id=110198&peptide_id=10517&scanf=19164&charge=2&value=8,R.AVLLGPPGAGK.G,/core/www/modules/show_out/show_out_wrapper.php?run_id=110202&search_id=114132&scans_id=110198&peptide_id=10517&scanf=19164&charge=2&value=R.AVLLGPPGAGK.G,AK2,5.025e+7,2.525,0.019,1.710,0.000
19165,2,"  2.542","  0.559",11/18,/core/www/modules//sdig/index.php?run_id=110202&search_id=114132&scans_id=110198&peptide_id=10518&scanf=19165&charge=2&value=11/18,sp|P60228|EIF3E_HUMAN,/core/www/modules//consensus/?run_id=110202&search_id=114132&scans_id=110198&peptide_id=10518&scanf=19165&charge=2&value=sp|P60228|EIF3E_HUMAN,11,/core/www/modules/match_peptides/blast_html4.php?run_id=110202&search_id=114132&scans_id=110198&peptide_id=10518&scanf=19165&charge=2&value=11,R.YLTTAVITNK.D,/core/www/modules/show_out/show_out_wrapper.php?run_id=110202&search_id=114132&scans_id=110198&peptide_id=10518&scanf=19165&charge=2&value=R.YLTTAVITNK.D,EIF3E,2.631e+7,3.485,0.001,3.125,0.000
19167,2,"  2.203","  0.401",9/14,/core/www/modules//sdig/index.php?run_id=110202&search_id=114132&scans_id=110198&peptide_id=10520&scanf=19167&charge=2&value=9/14,sp|O00267|SPT5H_HUMAN,/core/www/modules//consensus/?run_id=110202&search_id=114132&scans_id=110198&peptide_id=10520&scanf=19167&charge=2&value=sp|O00267|SPT5H_HUMAN,1,/core/www/modules/match_peptides/blast_html4.php?run_id=110202&search_id=114132&scans_id=110198&peptide_id=10520&scanf=19167&charge=2&value=1,R.ATAISLMR.K,/core/www/modules/show_out/show_out_wrapper.php?run_id=110202&search_id=114132&scans_id=110198&peptide_id=10520&scanf=19167&charge=2&value=R.ATAISLMR.K,SUPT5H,2.782e+7,3.103,0.003,2.561,0.000
19168,2,"  3.656","  0.683",17/20,/core/www/modules//sdig/index.php?run_id=110202&search_id=114132&scans_id=110198&peptide_id=10521&scanf=19168&charge=2&value=17/20,sp|P50990|TCPQ_HUMAN,/core/www/modules//consensus/?run_id=110202&search_id=114132&scans_id=110198&peptide_id=10521&scanf=19168&charge=2&value=sp|P50990|TCPQ_HUMAN,1,/core/www/modules/match_peptides/blast_html4.php?run_id=110202&search_id=114132&scans_id=110198&peptide_id=10521&scanf=19168&charge=2&value=1,K.HFSGLEEAVYR.N,/core/www/modules/show_out/show_out_wrapper.php?run_id=110202&search_id=114132&scans_id=110198&peptide_id=10521&scanf=19168&charge=2&value=K.HFSGLEEAVYR.N,CCT8,2.920e+7,4.324,0.000,4.371,0.000
19171,3,"  2.751","  0.531",18/48,/core/www/modules//sdig/index.php?run_id=110202&search_id=114132&scans_id=110198&peptide_id=10525&scanf=19171&charge=3&value=18/48,sp|P30153|2AAA_HUMAN,/core/www/modules//consensus/?run_id=110202&search_id=114132&scans_id=110198&peptide_id=10525&scanf=19171&charge=3&value=sp|P30153|2AAA_HUMAN,2,/core/www/modules/match_peptides/blast_html4.php?run_id=110202&search_id=114132&scans_id=110198&peptide_id=10525&scanf=19171&charge=3&value=2,K.VLAMSGDPNYLHR.M,/core/www/modules/show_out/show_out_wrapper.php?run_id=110202&search_id=114132&scans_id=110198&peptide_id=10525&scanf=19171&charge=3&value=K.VLAMSGDPNYLHR.M,PPP2R1A,3.311e+7,3.420,0.001,3.029,0.000
19172,2,"  3.461","  0.786",21/22,/core/www/modules//sdig/index.php?run_id=110202&search_id=114132&scans_id=110198&peptide_id=10526&scanf=19172&charge=2&value=21/22,sp|P46777|RL5_HUMAN,/core/www/modules//consensus/?run_id=110202&search_id=114132&scans_id=110198&peptide_id=10526&scanf=19172&charge=2&value=sp|P46777|RL5_HUMAN,1,/core/www/modules/match_peptides/blast_html4.php?run_id=110202&search_id=114132&scans_id=110198&peptide_id=10526&scanf=19172&charge=2&value=1,K.HIMGQNVADYMR.Y,/core/www/modules/show_out/show_out_wrapper.php?run_id=110202&search_id=114132&scans_id=110198&peptide_id=10526&scanf=19172&charge=2&value=K.HIMGQNVADYMR.Y,RPL5,7.941e+7,4.680,0.000,4.897,0.000
19174,2,"  3.273","  0.503",15/20,/core/www/modules//sdig/index.php?run_id=110202&search_id=114132&scans_id=110198&peptide_id=10528&scanf=19174&charge=2&value=15/20,sp|O60264|SMCA5_HUMAN,/core/www/modules//consensus/?run_id=110202&search_id=114132&scans_id=110198&peptide_id=10528&scanf=19174&charge=2&value=sp|O60264|SMCA5_HUMAN,3,/core/www/modules/match_peptides/blast_html4.php?run_id=110202&search_id=114132&scans_id=110198&peptide_id=10528&scanf=19174&charge=2&value=3,R.KANYAVDAYFR.E,/core/www/modules/show_out/show_out_wrapper.php?run_id=110202&search_id=114132&scans_id=110198&peptide_id=10528&scanf=19174&charge=2&value=R.KANYAVDAYFR.E,SMARCA5,2.024e+7,3.405,0.001,3.007,0.000
19175,2,"  1.967","  0.273",8/18,/core/www/modules//sdig/index.php?run_id=110202&search_id=114132&scans_id=110198&peptide_id=10529&scanf=19175&charge=2&value=8/18,sp|Q14137|BOP1_HUMAN,/core/www/modules//consensus/?run_id=110202&search_id=114132&scans_id=110198&peptide_id=10529&scanf=19175&charge=2&value=sp|Q14137|BOP1_HUMAN,1,/core/www/modules/match_peptides/blast_html4.php?run_id=110202&search_id=114132&scans_id=110198&peptide_id=10529&scanf=19175&charge=2&value=1,R.LTDEQVALVR.R,/core/www/modules/show_out/show_out_wrapper.php?run_id=110202&search_id=114132&scans_id=110198&peptide_id=10529&scanf=19175&charge=2&value=R.LTDEQVALVR.R,BOP1,2.492e+7,2.185,0.060,1.224,0.002
19179,3,"  6.719","  0.795",33/100,/core/www/modules//sdig/index.php?run_id=110202&search_id=114132&scans_id=110198&peptide_id=10532&scanf=19179&charge=3&value=33/100,sp|P14866|HNRPL_HUMAN,/core/www/modules//consensus/?run_id=110202&search_id=114132&scans_id=110198&peptide_id=10532&scanf=19179&charge=3&value=sp|P14866|HNRPL_HUMAN,2,/core/www/modules/match_peptides/blast_html4.php?run_id=110202&search_id=114132&scans_id=110198&peptide_id=10532&scanf=19179&charge=3&value=2,K.NDQDTWDYTNPNLSGQGDPGSNPNKR.Q,/core/www/modules/show_out/show_out_wrapper.php?run_id=110202&search_id=114132&scans_id=110198&peptide_id=10532&scanf=19179&charge=3&value=K.NDQDTWDYTNPNLSGQGDPGSNPNKR.Q,HNRNPL,6.445e+7,3.849,0.000,3.666,0.000
19184,2,"  1.389","  0.530",6/14,/core/www/modules//sdig/index.php?run_id=110202&search_id=114132&scans_id=110198&peptide_id=10538&scanf=19184&charge=2&value=6/14,sp|P30153|2AAA_HUMAN,/core/www/modules//consensus/?run_id=110202&search_id=114132&scans_id=110198&peptide_id=10538&scanf=19184&charge=2&value=sp|P30153|2AAA_HUMAN,2,/core/www/modules/match_peptides/blast_html4.php?run_id=110202&search_id=114132&scans_id=110198&peptide_id=10538&scanf=19184&charge=2&value=2,K.HMLPTVLR.M,/core/www/modules/show_out/show_out_wrapper.php?run_id=110202&search_id=114132&scans_id=110198&peptide_id=10538&scanf=19184&charge=2&value=K.HMLPTVLR.M,PPP2R1A,2.984e+7,3.090,0.003,2.542,0.000
19186,3,"  2.043","  0.301",12/32,/core/www/modules//sdig/index.php?run_id=110202&search_id=114132&scans_id=110198&peptide_id=10540&scanf=19186&charge=3&value=12/32,sp|P09874|PARP1_HUMAN,/core/www/modules//consensus/?run_id=110202&search_id=114132&scans_id=110198&peptide_id=10540&scanf=19186&charge=3&value=sp|P09874|PARP1_HUMAN,1,/core/www/modules/match_peptides/blast_html4.php?run_id=110202&search_id=114132&scans_id=110198&peptide_id=10540&scanf=19186&charge=3&value=1,K.EDAIEHFMK.L,/core/www/modules/show_out/show_out_wrapper.php?run_id=110202&search_id=114132&scans_id=110198&peptide_id=10540&scanf=19186&charge=3&value=K.EDAIEHFMK.L,PARP1,1.726e+7,2.888,0.006,2.243,0.000
19187,2,"  1.381","  0.193",7/12,/core/www/modules//sdig/index.php?run_id=110202&search_id=114132&scans_id=110198&peptide_id=10541&scanf=19187&charge=2&value=7/12,sp|Q96G21|IMP4_HUMAN,/core/www/modules//consensus/?run_id=110202&search_id=114132&scans_id=110198&peptide_id=10541&scanf=19187&charge=2&value=sp|Q96G21|IMP4_HUMAN,3,/core/www/modules/match_peptides/blast_html4.php?run_id=110202&search_id=114132&scans_id=110198&peptide_id=10541&scanf=19187&charge=2&value=3,R.LIPTELR.R,/core/www/modules/show_out/show_out_wrapper.php?run_id=110202&search_id=114132&scans_id=110198&peptide_id=10541&scanf=19187&charge=2&value=R.LIPTELR.R,IMP4,3.725e+7,2.180,0.061,1.217,0.002
19188,3,"  2.247","  0.410",11/44,/core/www/modules//sdig/index.php?run_id=110202&search_id=114132&scans_id=110198&peptide_id=10542&scanf=19188&charge=3&value=11/44,sp|P40429|RL13A_HUMAN,/core/www/modules//consensus/?run_id=110202&search_id=114132&scans_id=110198&peptide_id=10542&scanf=19188&charge=3&value=sp|P40429|RL13A_HUMAN,5,/core/www/modules/match_peptides/blast_html4.php?run_id=110202&search_id=114132&scans_id=110198&peptide_id=10542&scanf=19188&charge=3&value=5,K.VFDGIPPPYDKK.K,/core/www/modules/show_out/show_out_wrapper.php?run_id=110202&search_id=114132&scans_id=110198&peptide_id=10542&scanf=19188&charge=3&value=K.VFDGIPPPYDKK.K,RPL13A,3.775e+7,2.556,0.018,1.756,0.000
19189,3,"  2.217","  0.183",10/48,/core/www/modules//sdig/index.php?run_id=110202&search_id=114132&scans_id=110198&peptide_id=10543&scanf=19189&charge=3&value=10/48,sp|Q05D32|CTSL2_HUMAN,/core/www/modules//consensus/?run_id=110202&search_id=114132&scans_id=110198&peptide_id=10543&scanf=19189&charge=3&value=sp|Q05D32|CTSL2_HUMAN,0,/core/www/modules/match_peptides/blast_html4.php?run_id=110202&search_id=114132&scans_id=110198&peptide_id=10543&scanf=19189&charge=3&value=0,K.LVELNEDVRPHIR.D,/core/www/modules/show_out/show_out_wrapper.php?run_id=110202&search_id=114132&scans_id=110198&peptide_id=10543&scanf=19189&charge=3&value=K.LVELNEDVRPHIR.D,CTDSPL2,1.539e+7,1.962,0.120,0.922,0.005
19190,2,"  1.792","  0.293",8/14,/core/www/modules//sdig/index.php?run_id=110202&search_id=114132&scans_id=110198&peptide_id=10545&scanf=19190&charge=2&value=8/14,sp|O94776|MTA2_HUMAN,/core/www/modules//consensus/?run_id=110202&search_id=114132&scans_id=110198&peptide_id=10545&scanf=19190&charge=2&value=sp|O94776|MTA2_HUMAN,0,/core/www/modules/match_peptides/blast_html4.php?run_id=110202&search_id=114132&scans_id=110198&peptide_id=10545&scanf=19190&charge=2&value=0,R.GLGGIMVK.R,/core/www/modules/show_out/show_out_wrapper.php?run_id=110202&search_id=114132&scans_id=110198&peptide_id=10545&scanf=19190&charge=2&value=R.GLGGIMVK.R,MTA2,1.534e+7,2.596,0.015,1.814,0.000
19191,3,"  2.425","  0.310",12/32,/core/www/modules//sdig/index.php?run_id=110202&search_id=114132&scans_id=110198&peptide_id=10546&scanf=19191&charge=3&value=12/32,sp|Q96T37|RBM15_HUMAN,/core/www/modules//consensus/?run_id=110202&search_id=114132&scans_id=110198&peptide_id=10546&scanf=19191&charge=3&value=sp|Q96T37|RBM15_HUMAN,3,/core/www/modules/match_peptides/blast_html4.php?run_id=110202&search_id=114132&scans_id=110198&peptide_id=10546&scanf=19191&charge=3&value=3,R.LVLYDRPLK.I,/core/www/modules/show_out/show_out_wrapper.php?run_id=110202&search_id=114132&scans_id=110198&peptide_id=10546&scanf=19191&charge=3&value=R.LVLYDRPLK.I,RBM15,1.483e+7,2.842,0.007,2.175,0.000
19195,2,"  4.299","  0.554",15/26,/core/www/modules//sdig/index.php?run_id=110202&search_id=114132&scans_id=110198&peptide_id=10550&scanf=19195&charge=2&value=15/26,sp|Q8IY81|SPB1_HUMAN,/core/www/modules//consensus/?run_id=110202&search_id=114132&scans_id=110198&peptide_id=10550&scanf=19195&charge=2&value=sp|Q8IY81|SPB1_HUMAN,0,/core/www/modules/match_peptides/blast_html4.php?run_id=110202&search_id=114132&scans_id=110198&peptide_id=10550&scanf=19195&charge=2&value=0,K.AEGYAEGDLTLYHR.T,/core/www/modules/show_out/show_out_wrapper.php?run_id=110202&search_id=114132&scans_id=110198&peptide_id=10550&scanf=19195&charge=2&value=K.AEGYAEGDLTLYHR.T,FTSJ3,1.260e+7,3.373,0.001,2.960,0.000
19197,3,"  2.838","  0.492",14/32,/core/www/modules//sdig/index.php?run_id=110202&search_id=114132&scans_id=110198&peptide_id=10552&scanf=19197&charge=3&value=14/32,sp|Q9NXF1|TEX10_HUMAN,/core/www/modules//consensus/?run_id=110202&search_id=114132&scans_id=110198&peptide_id=10552&scanf=19197&charge=3&value=sp|Q9NXF1|TEX10_HUMAN,0,/core/www/modules/match_peptides/blast_html4.php?run_id=110202&search_id=114132&scans_id=110198&peptide_id=10552&scanf=19197&charge=3&value=0,K.TIHLPEQLK.E,/core/www/modules/show_out/show_out_wrapper.php?run_id=110202&search_id=114132&scans_id=110198&peptide_id=10552&scanf=19197&charge=3&value=K.TIHLPEQLK.E,TEX10,1.151e+7,3.586,0.001,3.276,0.000
19201,2,"  2.194","  0.635",10/16,/core/www/modules//sdig/index.php?run_id=110202&search_id=114132&scans_id=110198&peptide_id=10556&scanf=19201&charge=2&value=10/16,sp|Q9BUQ8|DDX23_HUMAN,/core/www/modules//consensus/?run_id=110202&search_id=114132&scans_id=110198&peptide_id=10556&scanf=19201&charge=2&value=sp|Q9BUQ8|DDX23_HUMAN,1,/core/www/modules/match_peptides/blast_html4.php?run_id=110202&search_id=114132&scans_id=110198&peptide_id=10556&scanf=19201&charge=2&value=1,K.VFLMSESEK.R,/core/www/modules/show_out/show_out_wrapper.php?run_id=110202&search_id=114132&scans_id=110198&peptide_id=10556&scanf=19201&charge=2&value=K.VFLMSESEK.R,DDX23,5.109e+7,3.777,0.000,3.559,0.000
19202,2,"  2.068","  0.372",7/16,/core/www/modules//sdig/index.php?run_id=110202&search_id=114132&scans_id=110198&peptide_id=10557&scanf=19202&charge=2&value=7/16,sp|P28370|SMCA1_HUMAN,/core/www/modules//consensus/?run_id=110202&search_id=114132&scans_id=110198&peptide_id=10557&scanf=19202&charge=2&value=sp|P28370|SMCA1_HUMAN,2,/core/www/modules/match_peptides/blast_html4.php?run_id=110202&search_id=114132&scans_id=110198&peptide_id=10557&scanf=19202&charge=2&value=2,R.FEVSPSYVK.G,/core/www/modules/show_out/show_out_wrapper.php?run_id=110202&search_id=114132&scans_id=110198&peptide_id=10557&scanf=19202&charge=2&value=R.FEVSPSYVK.G,SMARCA1,5.329e+7,2.664,0.012,1.914,0.000
19204,2,"  3.412","  0.617",16/22,/core/www/modules//sdig/index.php?run_id=110202&search_id=114132&scans_id=110198&peptide_id=10559&scanf=19204&charge=2&value=16/22,sp|O14980|XPO1_HUMAN,/core/www/modules//consensus/?run_id=110202&search_id=114132&scans_id=110198&peptide_id=10559&scanf=19204&charge=2&value=sp|O14980|XPO1_HUMAN,9,/core/www/modules/match_peptides/blast_html4.php?run_id=110202&search_id=114132&scans_id=110198&peptide_id=10559&scanf=19204&charge=2&value=9,K.NVDILKDPETVK.Q,/core/www/modules/show_out/show_out_wrapper.php?run_id=110202&search_id=114132&scans_id=110198&peptide_id=10559&scanf=19204&charge=2&value=K.NVDILKDPETVK.Q,XPO1,2.027e+7,3.626,0.000,3.335,0.000
19205,2,"  2.789","  0.601",13/24,/core/www/modules//sdig/index.php?run_id=110202&search_id=114132&scans_id=110198&peptide_id=10560&scanf=19205&charge=2&value=13/24,sp|Q96QC0|PP1RA_HUMAN,/core/www/modules//consensus/?run_id=110202&search_id=114132&scans_id=110198&peptide_id=10560&scanf=19205&charge=2&value=sp|Q96QC0|PP1RA_HUMAN,0,/core/www/modules/match_peptides/blast_html4.php?run_id=110202&search_id=114132&scans_id=110198&peptide_id=10560&scanf=19205&charge=2&value=0,R.GGNEPPPPPPPFR.G,/core/www/modules/show_out/show_out_wrapper.php?run_id=110202&search_id=114132&scans_id=110198&peptide_id=10560&scanf=19205&charge=2&value=R.GGNEPPPPPPPFR.G,PPP1R10,2.885e+7,3.440,0.001,3.060,0.000
19207,3,"  2.829","  0.350",14/48,/core/www/modules//sdig/index.php?run_id=110202&search_id=114132&scans_id=110198&peptide_id=10562&scanf=19207&charge=3&value=14/48,sp|Q12874|SF3A3_HUMAN,/core/www/modules//consensus/?run_id=110202&search_id=114132&scans_id=110198&peptide_id=10562&scanf=19207&charge=3&value=sp|Q12874|SF3A3_HUMAN,0,/core/www/modules/match_peptides/blast_html4.php?run_id=110202&search_id=114132&scans_id=110198&peptide_id=10562&scanf=19207&charge=3&value=0,R.VKPLQDQNELFGK.I,/core/www/modules/show_out/show_out_wrapper.php?run_id=110202&search_id=114132&scans_id=110198&peptide_id=10562&scanf=19207&charge=3&value=R.VKPLQDQNELFGK.I,SF3A3,3.733e+7,2.684,0.011,1.943,0.000
19208,2,"  3.548","  0.651",14/22,/core/www/modules//sdig/index.php?run_id=110202&search_id=114132&scans_id=110198&peptide_id=10563&scanf=19208&charge=2&value=14/22,sp|P78527|PRKDC_HUMAN,/core/www/modules//consensus/?run_id=110202&search_id=114132&scans_id=110198&peptide_id=10563&scanf=19208&charge=2&value=sp|P78527|PRKDC_HUMAN,0,/core/www/modules/match_peptides/blast_html4.php?run_id=110202&search_id=114132&scans_id=110198&peptide_id=10563&scanf=19208&charge=2&value=0,K.LNESTFDTQITK.K,/core/www/modules/show_out/show_out_wrapper.php?run_id=110202&search_id=114132&scans_id=110198&peptide_id=10563&scanf=19208&charge=2&value=K.LNESTFDTQITK.K,PRKDC,1.991e+8,4.615,0.000,4.802,0.000
19209,2,"  2.835","  0.356",10/18,/core/www/modules//sdig/index.php?run_id=110202&search_id=114132&scans_id=110198&peptide_id=10564&scanf=19209&charge=2&value=10/18,sp|Q8NI27|THOC2_HUMAN,/core/www/modules//consensus/?run_id=110202&search_id=114132&scans_id=110198&peptide_id=10564&scanf=19209&charge=2&value=sp|Q8NI27|THOC2_HUMAN,2,/core/www/modules/match_peptides/blast_html4.php?run_id=110202&search_id=114132&scans_id=110198&peptide_id=10564&scanf=19209&charge=2&value=2,K.ADQLDYENFR.H,/core/www/modules/show_out/show_out_wrapper.php?run_id=110202&search_id=114132&scans_id=110198&peptide_id=10564&scanf=19209&charge=2&value=K.ADQLDYENFR.H,THOC2,2.317e+7,2.680,0.012,1.937,0.000
19210,2,"  3.747","  0.625",15/22,/core/www/modules//sdig/index.php?run_id=110202&search_id=114132&scans_id=110198&peptide_id=10566&scanf=19210&charge=2&value=15/22,sp|O60763|USO1_HUMAN,/core/www/modules//consensus/?run_id=110202&search_id=114132&scans_id=110198&peptide_id=10566&scanf=19210&charge=2&value=sp|O60763|USO1_HUMAN,0,/core/www/modules/match_peptides/blast_html4.php?run_id=110202&search_id=114132&scans_id=110198&peptide_id=10566&scanf=19210&charge=2&value=0,R.NQELLQSQLTEK.D,/core/www/modules/show_out/show_out_wrapper.php?run_id=110202&search_id=114132&scans_id=110198&peptide_id=10566&scanf=19210&charge=2&value=R.NQELLQSQLTEK.D,USO1,1.248e+7,3.819,0.000,3.621,0.000
19212,3,"  4.355","  0.592",16/52,/core/www/modules//sdig/index.php?run_id=110202&search_id=114132&scans_id=110198&peptide_id=10568&scanf=19212&charge=3&value=16/52,sp|Q1KMD3|HNRL2_HUMAN,/core/www/modules//consensus/?run_id=110202&search_id=114132&scans_id=110198&peptide_id=10568&scanf=19212&charge=3&value=sp|Q1KMD3|HNRL2_HUMAN,1,/core/www/modules/match_peptides/blast_html4.php?run_id=110202&search_id=114132&scans_id=110198&peptide_id=10568&scanf=19212&charge=3&value=1,R.KVVVVVPNEEDWKK.R,/core/www/modules/show_out/show_out_wrapper.php?run_id=110202&search_id=114132&scans_id=110198&peptide_id=10568&scanf=19212&charge=3&value=R.KVVVVVPNEEDWKK.R,HNRNPUL2,1.722e+7,3.009,0.004,2.421,0.000
19213,3,"  3.185","  0.424",13/48,/core/www/modules//sdig/index.php?run_id=110202&search_id=114132&scans_id=110198&peptide_id=10569&scanf=19213&charge=3&value=13/48,sp|P63279|UBC9_HUMAN,/core/www/modules//consensus/?run_id=110202&search_id=114132&scans_id=110198&peptide_id=10569&scanf=19213&charge=3&value=sp|P63279|UBC9_HUMAN,3,/core/www/modules/match_peptides/blast_html4.php?run_id=110202&search_id=114132&scans_id=110198&peptide_id=10569&scanf=19213&charge=3&value=3,R.MLFKDDYPSSPPK.C,/core/www/modules/show_out/show_out_wrapper.php?run_id=110202&search_id=114132&scans_id=110198&peptide_id=10569&scanf=19213&charge=3&value=R.MLFKDDYPSSPPK.C,UBE2I,1.163e+7,2.628,0.014,1.861,0.000
19216,2,"  2.701","  0.430",10/22,/core/www/modules//sdig/index.php?run_id=110202&search_id=114132&scans_id=110198&peptide_id=10572&scanf=19216&charge=2&value=10/22,sp|Q96PK6|RBM14_HUMAN,/core/www/modules//consensus/?run_id=110202&search_id=114132&scans_id=110198&peptide_id=10572&scanf=19216&charge=2&value=sp|Q96PK6|RBM14_HUMAN,0,/core/www/modules/match_peptides/blast_html4.php?run_id=110202&search_id=114132&scans_id=110198&peptide_id=10572&scanf=19216&charge=2&value=0,R.AQPSVSLGAPYR.G,/core/www/modules/show_out/show_out_wrapper.php?run_id=110202&search_id=114132&scans_id=110198&peptide_id=10572&scanf=19216&charge=2&value=R.AQPSVSLGAPYR.G,RBM14,2.262e+7,2.787,0.008,2.095,0.000
19220,2,"  2.386","  0.593",10/16,/core/www/modules//sdig/index.php?run_id=110202&search_id=114132&scans_id=110198&peptide_id=10576&scanf=19220&charge=2&value=10/16,sp|P22626|ROA2_HUMAN,/core/www/modules//consensus/?run_id=110202&search_id=114132&scans_id=110198&peptide_id=10576&scanf=19220&charge=2&value=sp|P22626|ROA2_HUMAN,2,/core/www/modules/match_peptides/blast_html4.php?run_id=110202&search_id=114132&scans_id=110198&peptide_id=10576&scanf=19220&charge=2&value=2,K.TLETVPLER.K,/core/www/modules/show_out/show_out_wrapper.php?run_id=110202&search_id=114132&scans_id=110198&peptide_id=10576&scanf=19220&charge=2&value=K.TLETVPLER.K,HNRNPA2B1,3.174e+8,3.755,0.000,3.526,0.000
19221,2,"  2.597","  0.546",12/18,/core/www/modules//sdig/index.php?run_id=110202&search_id=114132&scans_id=110198&peptide_id=10577&scanf=19221&charge=2&value=12/18,sp|P30101|PDIA3_HUMAN,/core/www/modules//consensus/?run_id=110202&search_id=114132&scans_id=110198&peptide_id=10577&scanf=19221&charge=2&value=sp|P30101|PDIA3_HUMAN,14,/core/www/modules/match_peptides/blast_html4.php?run_id=110202&search_id=114132&scans_id=110198&peptide_id=10577&scanf=19221&charge=2&value=14,K.YGVSGYPTLK.I,/core/www/modules/show_out/show_out_wrapper.php?run_id=110202&search_id=114132&scans_id=110198&peptide_id=10577&scanf=19221&charge=2&value=K.YGVSGYPTLK.I,PDIA3,9.315e+7,3.560,0.001,3.237,0.000
19222,2,"  3.068","  0.387",13/20,/core/www/modules//sdig/index.php?run_id=110202&search_id=114132&scans_id=110198&peptide_id=10578&scanf=19222&charge=2&value=13/20,sp|Q92499|DDX1_HUMAN,/core/www/modules//consensus/?run_id=110202&search_id=114132&scans_id=110198&peptide_id=10578&scanf=19222&charge=2&value=sp|Q92499|DDX1_HUMAN,9,/core/www/modules/match_peptides/blast_html4.php?run_id=110202&search_id=114132&scans_id=110198&peptide_id=10578&scanf=19222&charge=2&value=9,R.ELAEQTLNNIK.Q,/core/www/modules/show_out/show_out_wrapper.php?run_id=110202&search_id=114132&scans_id=110198&peptide_id=10578&scanf=19222&charge=2&value=R.ELAEQTLNNIK.Q,DDX1,3.058e+7,2.987,0.004,2.389,0.000
19225,2,"  3.179","  0.583",12/20,/core/www/modules//sdig/index.php?run_id=110202&search_id=114132&scans_id=110198&peptide_id=10581&scanf=19225&charge=2&value=12/20,sp|P23528|COF1_HUMAN,/core/www/modules//consensus/?run_id=110202&search_id=114132&scans_id=110198&peptide_id=10581&scanf=19225&charge=2&value=sp|P23528|COF1_HUMAN,6,/core/www/modules/match_peptides/blast_html4.php?run_id=110202&search_id=114132&scans_id=110198&peptide_id=10581&scanf=19225&charge=2&value=6,R.YALYDATYETK.E,/core/www/modules/show_out/show_out_wrapper.php?run_id=110202&search_id=114132&scans_id=110198&peptide_id=10581&scanf=19225&charge=2&value=R.YALYDATYETK.E,CFL1,4.534e+7,3.526,0.001,3.187,0.000
19228,2,"  2.825","  0.308",9/16,/core/www/modules//sdig/index.php?run_id=110202&search_id=114132&scans_id=110198&peptide_id=10584&scanf=19228&charge=2&value=9/16,sp|P49916|DNLI3_HUMAN,/core/www/modules//consensus/?run_id=110202&search_id=114132&scans_id=110198&peptide_id=10584&scanf=19228&charge=2&value=sp|P49916|DNLI3_HUMAN,0,/core/www/modules/match_peptides/blast_html4.php?run_id=110202&search_id=114132&scans_id=110198&peptide_id=10584&scanf=19228&charge=2&value=0,R.LQNELDMVK.I,/core/www/modules/show_out/show_out_wrapper.php?run_id=110202&search_id=114132&scans_id=110198&peptide_id=10584&scanf=19228&charge=2&value=R.LQNELDMVK.I,LIG3,1.425e+7,2.666,0.012,1.916,0.000
19232,2,"  2.293","  0.477",10/16,/core/www/modules//sdig/index.php?run_id=110202&search_id=114132&scans_id=110198&peptide_id=10589&scanf=19232&charge=2&value=10/16,sp|O00567|NOP56_HUMAN,/core/www/modules//consensus/?run_id=110202&search_id=114132&scans_id=110198&peptide_id=10589&scanf=19232&charge=2&value=sp|O00567|NOP56_HUMAN,2,/core/www/modules/match_peptides/blast_html4.php?run_id=110202&search_id=114132&scans_id=110198&peptide_id=10589&scanf=19232&charge=2&value=2,K.VLLGVGDPK.I,/core/www/modules/show_out/show_out_wrapper.php?run_id=110202&search_id=114132&scans_id=110198&peptide_id=10589&scanf=19232&charge=2&value=K.VLLGVGDPK.I,NOP56,2.288e+8,3.332,0.001,2.899,0.000
19234,3,"  2.039","  0.347",11/40,/core/www/modules//sdig/index.php?run_id=110202&search_id=114132&scans_id=110198&peptide_id=10591&scanf=19234&charge=3&value=11/40,sp|P18621|RL17_HUMAN,/core/www/modules//consensus/?run_id=110202&search_id=114132&scans_id=110198&peptide_id=10591&scanf=19234&charge=3&value=sp|P18621|RL17_HUMAN,10,/core/www/modules/match_peptides/blast_html4.php?run_id=110202&search_id=114132&scans_id=110198&peptide_id=10591&scanf=19234&charge=3&value=10,K.KSAEFLLHM*LK.N,/core/www/modules/show_out/show_out_wrapper.php?run_id=110202&search_id=114132&scans_id=110198&peptide_id=10591&scanf=19234&charge=3&value=K.KSAEFLLHM*LK.N,RPL17,1.218e+7,2.444,0.026,1.593,0.001
19236,3,"  2.199","  0.180",16/40,/core/www/modules//sdig/index.php?run_id=110202&search_id=114132&scans_id=110198&peptide_id=10593&scanf=19236&charge=3&value=16/40,sp|P63010|AP2B1_HUMAN,/core/www/modules//consensus/?run_id=110202&search_id=114132&scans_id=110198&peptide_id=10593&scanf=19236&charge=3&value=sp|P63010|AP2B1_HUMAN,1,/core/www/modules/match_peptides/blast_html4.php?run_id=110202&search_id=114132&scans_id=110198&peptide_id=10593&scanf=19236&charge=3&value=1,K.GLEISGTFTHR.Q,/core/www/modules/show_out/show_out_wrapper.php?run_id=110202&search_id=114132&scans_id=110198&peptide_id=10593&scanf=19236&charge=3&value=K.GLEISGTFTHR.Q,AP2B1,1.031e+7,2.354,0.034,1.463,0.001
19243,2,"  1.827","  0.318",8/14,/core/www/modules//sdig/index.php?run_id=110202&search_id=114132&scans_id=110198&peptide_id=10600&scanf=19243&charge=2&value=8/14,sp|P52292|IMA1_HUMAN,/core/www/modules//consensus/?run_id=110202&search_id=114132&scans_id=110198&peptide_id=10600&scanf=19243&charge=2&value=sp|P52292|IMA1_HUMAN,3,/core/www/modules/match_peptides/blast_html4.php?run_id=110202&search_id=114132&scans_id=110198&peptide_id=10600&scanf=19243&charge=2&value=3,K.ASLSLIEK.Y,/core/www/modules/show_out/show_out_wrapper.php?run_id=110202&search_id=114132&scans_id=110198&peptide_id=10600&scanf=19243&charge=2&value=K.ASLSLIEK.Y,KPNA2,4.145e+7,2.665,0.012,1.915,0.000
19245,3,"  3.862","  0.556",16/80,/core/www/modules//sdig/index.php?run_id=110202&search_id=114132&scans_id=110198&peptide_id=10602&scanf=19245&charge=3&value=16/80,sp|P11388|TOP2A_HUMAN,/core/www/modules//consensus/?run_id=110202&search_id=114132&scans_id=110198&peptide_id=10602&scanf=19245&charge=3&value=sp|P11388|TOP2A_HUMAN,0,/core/www/modules/match_peptides/blast_html4.php?run_id=110202&search_id=114132&scans_id=110198&peptide_id=10602&scanf=19245&charge=3&value=0,K.IKNENTEGSPQEDGVELEGLK.Q,/core/www/modules/show_out/show_out_wrapper.php?run_id=110202&search_id=114132&scans_id=110198&peptide_id=10602&scanf=19245&charge=3&value=K.IKNENTEGSPQEDGVELEGLK.Q,TOP2A,8.089e+6,2.925,0.005,2.297,0.000
19248,2,"  3.630","  0.642",17/24,/core/www/modules//sdig/index.php?run_id=110202&search_id=114132&scans_id=110198&peptide_id=10605&scanf=19248&charge=2&value=17/24,sp|Q15393|SF3B3_HUMAN,/core/www/modules//consensus/?run_id=110202&search_id=114132&scans_id=110198&peptide_id=10605&scanf=19248&charge=2&value=sp|Q15393|SF3B3_HUMAN,0,/core/www/modules/match_peptides/blast_html4.php?run_id=110202&search_id=114132&scans_id=110198&peptide_id=10605&scanf=19248&charge=2&value=0,R.MQGQEAVLAMSSR.S,/core/www/modules/show_out/show_out_wrapper.php?run_id=110202&search_id=114132&scans_id=110198&peptide_id=10605&scanf=19248&charge=2&value=R.MQGQEAVLAMSSR.S,SF3B3,3.897e+7,3.941,0.000,3.801,0.000
19249,3,"  4.453","  0.574",15/52,/core/www/modules//sdig/index.php?run_id=110202&search_id=114132&scans_id=110198&peptide_id=10606&scanf=19249&charge=3&value=15/52,sp|P61160|ARP2_HUMAN,/core/www/modules//consensus/?run_id=110202&search_id=114132&scans_id=110198&peptide_id=10606&scanf=19249&charge=3&value=sp|P61160|ARP2_HUMAN,0,/core/www/modules/match_peptides/blast_html4.php?run_id=110202&search_id=114132&scans_id=110198&peptide_id=10606&scanf=19249&charge=3&value=0,R.GYAFNHSADFETVR.M,/core/www/modules/show_out/show_out_wrapper.php?run_id=110202&search_id=114132&scans_id=110198&peptide_id=10606&scanf=19249&charge=3&value=R.GYAFNHSADFETVR.M,ACTR2,3.011e+7,3.475,0.001,3.111,0.000
19251,2,"  2.356","  0.390",10/16,/core/www/modules//sdig/index.php?run_id=110202&search_id=114132&scans_id=110198&peptide_id=10609&scanf=19251&charge=2&value=10/16,sp|P40939|ECHA_HUMAN,/core/www/modules//consensus/?run_id=110202&search_id=114132&scans_id=110198&peptide_id=10609&scanf=19251&charge=2&value=sp|P40939|ECHA_HUMAN,2,/core/www/modules/match_peptides/blast_html4.php?run_id=110202&search_id=114132&scans_id=110198&peptide_id=10609&scanf=19251&charge=2&value=2,R.FVDLYGAQK.I,/core/www/modules/show_out/show_out_wrapper.php?run_id=110202&search_id=114132&scans_id=110198&peptide_id=10609&scanf=19251&charge=2&value=R.FVDLYGAQK.I,HADHA,2.965e+7,3.017,0.004,2.433,0.000
19252,4,"  3.271","  0.291",16/78,/core/www/modules//sdig/index.php?run_id=110202&search_id=114132&scans_id=110198&peptide_id=10610&scanf=19252&charge=4&value=16/78,sp|O75369|FLNB_HUMAN,/core/www/modules//consensus/?run_id=110202&search_id=114132&scans_id=110198&peptide_id=10610&scanf=19252&charge=4&value=sp|O75369|FLNB_HUMAN,2,/core/www/modules/match_peptides/blast_html4.php?run_id=110202&search_id=114132&scans_id=110198&peptide_id=10610&scanf=19252&charge=4&value=2,R.YAPTEVGLHEMHIK.Y,/core/www/modules/show_out/show_out_wrapper.php?run_id=110202&search_id=114132&scans_id=110198&peptide_id=10610&scanf=19252&charge=4&value=R.YAPTEVGLHEMHIK.Y,FLNB,1.198e+7,2.966,0.004,2.357,0.000
19255,2,"  2.284","  0.408",8/14,/core/www/modules//sdig/index.php?run_id=110202&search_id=114132&scans_id=110198&peptide_id=10613&scanf=19255&charge=2&value=8/14,sp|Q7L2E3|DHX30_HUMAN,/core/www/modules//consensus/?run_id=110202&search_id=114132&scans_id=110198&peptide_id=10613&scanf=19255&charge=2&value=sp|Q7L2E3|DHX30_HUMAN,1,/core/www/modules/match_peptides/blast_html4.php?run_id=110202&search_id=114132&scans_id=110198&peptide_id=10613&scanf=19255&charge=2&value=1,K.TAVEFLSK.A,/core/www/modules/show_out/show_out_wrapper.php?run_id=110202&search_id=114132&scans_id=110198&peptide_id=10613&scanf=19255&charge=2&value=K.TAVEFLSK.A,DHX30,1.018e+7,2.997,0.004,2.404,0.000
19259,3,"  1.998","  0.127",11/32,/core/www/modules//sdig/index.php?run_id=110202&search_id=114132&scans_id=110198&peptide_id=10617&scanf=19259&charge=3&value=11/32,sp|O43747|AP1G1_HUMAN,/core/www/modules//consensus/?run_id=110202&search_id=114132&scans_id=110198&peptide_id=10617&scanf=19259&charge=3&value=sp|O43747|AP1G1_HUMAN,1,/core/www/modules/match_peptides/blast_html4.php?run_id=110202&search_id=114132&scans_id=110198&peptide_id=10617&scanf=19259&charge=3&value=1,R.SPDMLAHFR.K,/core/www/modules/show_out/show_out_wrapper.php?run_id=110202&search_id=114132&scans_id=110198&peptide_id=10617&scanf=19259&charge=3&value=R.SPDMLAHFR.K,AP1G1,9.998e+6,2.105,0.077,1.114,0.003
19262,2,"  2.882","  0.480",12/20,/core/www/modules//sdig/index.php?run_id=110202&search_id=114132&scans_id=110198&peptide_id=10620&scanf=19262&charge=2&value=12/20,sp|P20700|LMNB1_HUMAN,/core/www/modules//consensus/?run_id=110202&search_id=114132&scans_id=110198&peptide_id=10620&scanf=19262&charge=2&value=sp|P20700|LMNB1_HUMAN,3,/core/www/modules/match_peptides/blast_html4.php?run_id=110202&search_id=114132&scans_id=110198&peptide_id=10620&scanf=19262&charge=2&value=3,K.DAALATALGDK.K,/core/www/modules/show_out/show_out_wrapper.php?run_id=110202&search_id=114132&scans_id=110198&peptide_id=10620&scanf=19262&charge=2&value=K.DAALATALGDK.K,LMNB1,4.336e+7,3.268,0.002,2.805,0.000
19263,3,"  2.641","  0.462",15/40,/core/www/modules//sdig/index.php?run_id=110202&search_id=114132&scans_id=110198&peptide_id=10621&scanf=19263&charge=3&value=15/40,sp|P52292|IMA1_HUMAN,/core/www/modules//consensus/?run_id=110202&search_id=114132&scans_id=110198&peptide_id=10621&scanf=19263&charge=3&value=sp|P52292|IMA1_HUMAN,6,/core/www/modules/match_peptides/blast_html4.php?run_id=110202&search_id=114132&scans_id=110198&peptide_id=10621&scanf=19263&charge=3&value=6,R.EKQPPIDNIIR.A,/core/www/modules/show_out/show_out_wrapper.php?run_id=110202&search_id=114132&scans_id=110198&peptide_id=10621&scanf=19263&charge=3&value=R.EKQPPIDNIIR.A,KPNA2,3.640e+7,2.979,0.004,2.377,0.000
19265,2,"  2.877","  0.649",15/24,/core/www/modules//sdig/index.php?run_id=110202&search_id=114132&scans_id=110198&peptide_id=10623&scanf=19265&charge=2&value=15/24,sp|P26641|EF1G_HUMAN,/core/www/modules//consensus/?run_id=110202&search_id=114132&scans_id=110198&peptide_id=10623&scanf=19265&charge=2&value=sp|P26641|EF1G_HUMAN,0,/core/www/modules/match_peptides/blast_html4.php?run_id=110202&search_id=114132&scans_id=110198&peptide_id=10623&scanf=19265&charge=2&value=0,K.ALIAAQYSGAQVR.V,/core/www/modules/show_out/show_out_wrapper.php?run_id=110202&search_id=114132&scans_id=110198&peptide_id=10623&scanf=19265&charge=2&value=K.ALIAAQYSGAQVR.V,EEF1G,7.031e+7,3.708,0.000,3.457,0.000
19266,4,"  5.185","  0.631",19/132,/core/www/modules//sdig/index.php?run_id=110202&search_id=114132&scans_id=110198&peptide_id=10624&scanf=19266&charge=4&value=19/132,sp|O00567|NOP56_HUMAN,/core/www/modules//consensus/?run_id=110202&search_id=114132&scans_id=110198&peptide_id=10624&scanf=19266&charge=4&value=sp|O00567|NOP56_HUMAN,0,/core/www/modules/match_peptides/blast_html4.php?run_id=110202&search_id=114132&scans_id=110198&peptide_id=10624&scanf=19266&charge=4&value=0,K.QKPQEVPQENGMEDPSISFSKPK.K,/core/www/modules/show_out/show_out_wrapper.php?run_id=110202&search_id=114132&scans_id=110198&peptide_id=10624&scanf=19266&charge=4&value=K.QKPQEVPQENGMEDPSISFSKPK.K,NOP56,1.356e+7,3.741,0.000,3.506,0.000
19267,3,"  3.692","  0.502",15/44,/core/www/modules//sdig/index.php?run_id=110202&search_id=114132&scans_id=110198&peptide_id=10625&scanf=19267&charge=3&value=15/44,sp|P02545|LMNA_HUMAN,/core/www/modules//consensus/?run_id=110202&search_id=114132&scans_id=110198&peptide_id=10625&scanf=19267&charge=3&value=sp|P02545|LMNA_HUMAN,7,/core/www/modules/match_peptides/blast_html4.php?run_id=110202&search_id=114132&scans_id=110198&peptide_id=10625&scanf=19267&charge=3&value=7,R.LQTMKEELDFQK.N,/core/www/modules/show_out/show_out_wrapper.php?run_id=110202&search_id=114132&scans_id=110198&peptide_id=10625&scanf=19267&charge=3&value=R.LQTMKEELDFQK.N,LMNA,7.267e+7,3.190,0.002,2.689,0.000
19268,2,"  2.221","  0.358",10/20,/core/www/modules//sdig/index.php?run_id=110202&search_id=114132&scans_id=110198&peptide_id=10626&scanf=19268&charge=2&value=10/20,sp|Q8WUA4|TF3C2_HUMAN,/core/www/modules//consensus/?run_id=110202&search_id=114132&scans_id=110198&peptide_id=10626&scanf=19268&charge=2&value=sp|Q8WUA4|TF3C2_HUMAN,0,/core/www/modules/match_peptides/blast_html4.php?run_id=110202&search_id=114132&scans_id=110198&peptide_id=10626&scanf=19268&charge=2&value=0,R.EGLPEDGTLYR.I,/core/www/modules/show_out/show_out_wrapper.php?run_id=110202&search_id=114132&scans_id=110198&peptide_id=10626&scanf=19268&charge=2&value=R.EGLPEDGTLYR.I,GTF3C2,1.400e+7,2.612,0.015,1.838,0.000
19269,3,"  2.648","  0.379",12/44,/core/www/modules//sdig/index.php?run_id=110202&search_id=114132&scans_id=110198&peptide_id=10627&scanf=19269&charge=3&value=12/44,sp|Q15024|EXOS7_HUMAN,/core/www/modules//consensus/?run_id=110202&search_id=114132&scans_id=110198&peptide_id=10627&scanf=19269&charge=3&value=sp|Q15024|EXOS7_HUMAN,0,/core/www/modules/match_peptides/blast_html4.php?run_id=110202&search_id=114132&scans_id=110198&peptide_id=10627&scanf=19269&charge=3&value=0,K.VYIVHGVQEDLR.V,/core/www/modules/show_out/show_out_wrapper.php?run_id=110202&search_id=114132&scans_id=110198&peptide_id=10627&scanf=19269&charge=3&value=K.VYIVHGVQEDLR.V,EXOSC7,1.627e+7,2.786,0.008,2.092,0.000
19272,3,"  1.979","  0.182",14/36,/core/www/modules//sdig/index.php?run_id=110202&search_id=114132&scans_id=110198&peptide_id=10631&scanf=19272&charge=3&value=14/36,sp|Q8N141|ZFP82_HUMAN,/core/www/modules//consensus/?run_id=110202&search_id=114132&scans_id=110198&peptide_id=10631&scanf=19272&charge=3&value=sp|Q8N141|ZFP82_HUMAN,0,/core/www/modules/match_peptides/blast_html4.php?run_id=110202&search_id=114132&scans_id=110198&peptide_id=10631&scanf=19272&charge=3&value=0,R.LNSSLIQHLR.I,/core/www/modules/show_out/show_out_wrapper.php?run_id=110202&search_id=114132&scans_id=110198&peptide_id=10631&scanf=19272&charge=3&value=R.LNSSLIQHLR.I,ZFP82,2.484e+7,2.327,0.038,1.425,0.001
19274,2,"  2.909","  0.153",14/22,/core/www/modules//sdig/index.php?run_id=110202&search_id=114132&scans_id=110198&peptide_id=10633&scanf=19274&charge=2&value=14/22,sp|Q08945|SSRP1_HUMAN,/core/www/modules//consensus/?run_id=110202&search_id=114132&scans_id=110198&peptide_id=10633&scanf=19274&charge=2&value=sp|Q08945|SSRP1_HUMAN,0,/core/www/modules/match_peptides/blast_html4.php?run_id=110202&search_id=114132&scans_id=110198&peptide_id=10633&scanf=19274&charge=2&value=0,K.QGTQYTFSSIER.E,/core/www/modules/show_out/show_out_wrapper.php?run_id=110202&search_id=114132&scans_id=110198&peptide_id=10633&scanf=19274&charge=2&value=K.QGTQYTFSSIER.E,SSRP1,2.851e+7,2.118,0.074,1.132,0.002
19275,2,"  3.292","  0.678",13/22,/core/www/modules//sdig/index.php?run_id=110202&search_id=114132&scans_id=110198&peptide_id=10634&scanf=19275&charge=2&value=13/22,sp|P62495|ERF1_HUMAN,/core/www/modules//consensus/?run_id=110202&search_id=114132&scans_id=110198&peptide_id=10634&scanf=19275&charge=2&value=sp|P62495|ERF1_HUMAN,1,/core/www/modules/match_peptides/blast_html4.php?run_id=110202&search_id=114132&scans_id=110198&peptide_id=10634&scanf=19275&charge=2&value=1,K.TELSQSDMFDQR.L,/core/www/modules/show_out/show_out_wrapper.php?run_id=110202&search_id=114132&scans_id=110198&peptide_id=10634&scanf=19275&charge=2&value=K.TELSQSDMFDQR.L,ETF1,1.190e+7,3.773,0.000,3.553,0.000
19276,2,"  1.935","  0.526",8/14,/core/www/modules//sdig/index.php?run_id=110202&search_id=114132&scans_id=110198&peptide_id=10635&scanf=19276&charge=2&value=8/14,sp|Q15287|RNPS1_HUMAN,/core/www/modules//consensus/?run_id=110202&search_id=114132&scans_id=110198&peptide_id=10635&scanf=19276&charge=2&value=sp|Q15287|RNPS1_HUMAN,5,/core/www/modules/match_peptides/blast_html4.php?run_id=110202&search_id=114132&scans_id=110198&peptide_id=10635&scanf=19276&charge=2&value=5,K.MIDMPVER.M,/core/www/modules/show_out/show_out_wrapper.php?run_id=110202&search_id=114132&scans_id=110198&peptide_id=10635&scanf=19276&charge=2&value=K.MIDMPVER.M,RNPS1,1.891e+8,3.313,0.001,2.870,0.000
19283,2,"  2.736","  0.603",11/18,/core/www/modules//sdig/index.php?run_id=110202&search_id=114132&scans_id=110198&peptide_id=10642&scanf=19283&charge=2&value=11/18,sp|P62826|RAN_HUMAN,/core/www/modules//consensus/?run_id=110202&search_id=114132&scans_id=110198&peptide_id=10642&scanf=19283&charge=2&value=sp|P62826|RAN_HUMAN,4,/core/www/modules/match_peptides/blast_html4.php?run_id=110202&search_id=114132&scans_id=110198&peptide_id=10642&scanf=19283&charge=2&value=4,K.NLQYYDISAK.S,/core/www/modules/show_out/show_out_wrapper.php?run_id=110202&search_id=114132&scans_id=110198&peptide_id=10642&scanf=19283&charge=2&value=K.NLQYYDISAK.S,RAN,9.877e+7,3.607,0.000,3.307,0.000
19288,2,"  3.948","  0.717",15/24,/core/www/modules//sdig/index.php?run_id=110202&search_id=114132&scans_id=110198&peptide_id=10647&scanf=19288&charge=2&value=15/24,sp|P78527|PRKDC_HUMAN,/core/www/modules//consensus/?run_id=110202&search_id=114132&scans_id=110198&peptide_id=10647&scanf=19288&charge=2&value=sp|P78527|PRKDC_HUMAN,0,/core/www/modules/match_peptides/blast_html4.php?run_id=110202&search_id=114132&scans_id=110198&peptide_id=10647&scanf=19288&charge=2&value=0,K.QMFLTQTDTGDDR.V,/core/www/modules/show_out/show_out_wrapper.php?run_id=110202&search_id=114132&scans_id=110198&peptide_id=10647&scanf=19288&charge=2&value=K.QMFLTQTDTGDDR.V,PRKDC,6.758e+7,4.813,0.000,5.095,0.000
19290,2,"  2.556","  0.484",13/22,/core/www/modules//sdig/index.php?run_id=110202&search_id=114132&scans_id=110198&peptide_id=10650&scanf=19290&charge=2&value=13/22,sp|Q09028|RBBP4_HUMAN,/core/www/modules//consensus/?run_id=110202&search_id=114132&scans_id=110198&peptide_id=10650&scanf=19290&charge=2&value=sp|Q09028|RBBP4_HUMAN,1,/core/www/modules/match_peptides/blast_html4.php?run_id=110202&search_id=114132&scans_id=110198&peptide_id=10650&scanf=19290&charge=2&value=1,K.GEFGGFGSVSGK.I,/core/www/modules/show_out/show_out_wrapper.php?run_id=110202&search_id=114132&scans_id=110198&peptide_id=10650&scanf=19290&charge=2&value=K.GEFGGFGSVSGK.I,RBBP4,4.452e+7,3.129,0.003,2.599,0.000
19291,3,"  2.170","  0.356",10/32,/core/www/modules//sdig/index.php?run_id=110202&search_id=114132&scans_id=110198&peptide_id=10651&scanf=19291&charge=3&value=10/32,sp|Q96SB8|SMC6_HUMAN,/core/www/modules//consensus/?run_id=110202&search_id=114132&scans_id=110198&peptide_id=10651&scanf=19291&charge=3&value=sp|Q96SB8|SMC6_HUMAN,0,/core/www/modules/match_peptides/blast_html4.php?run_id=110202&search_id=114132&scans_id=110198&peptide_id=10651&scanf=19291&charge=3&value=0,K.LLGEIMEHR.F,/core/www/modules/show_out/show_out_wrapper.php?run_id=110202&search_id=114132&scans_id=110198&peptide_id=10651&scanf=19291&charge=3&value=K.LLGEIMEHR.F,SMC6,1.350e+7,2.806,0.008,2.122,0.000
19292,2,"  2.664","  0.665",11/26,/core/www/modules//sdig/index.php?run_id=110202&search_id=114132&scans_id=110198&peptide_id=10652&scanf=19292&charge=2&value=11/26,sp|O60934|NBN_HUMAN,/core/www/modules//consensus/?run_id=110202&search_id=114132&scans_id=110198&peptide_id=10652&scanf=19292&charge=2&value=sp|O60934|NBN_HUMAN,14,/core/www/modules/match_peptides/blast_html4.php?run_id=110202&search_id=114132&scans_id=110198&peptide_id=10652&scanf=19292&charge=2&value=14,K.LLPAAGPAGGEPYR.L,/core/www/modules/show_out/show_out_wrapper.php?run_id=110202&search_id=114132&scans_id=110198&peptide_id=10652&scanf=19292&charge=2&value=K.LLPAAGPAGGEPYR.L,NBN,1.228e+7,3.422,0.001,3.032,0.000
19296,2,"  2.217","  0.353",8/14,/core/www/modules//sdig/index.php?run_id=110202&search_id=114132&scans_id=110198&peptide_id=10656&scanf=19296&charge=2&value=8/14,sp|P48556|PSMD8_HUMAN,/core/www/modules//consensus/?run_id=110202&search_id=114132&scans_id=110198&peptide_id=10656&scanf=19296&charge=2&value=sp|P48556|PSMD8_HUMAN,6,/core/www/modules/match_peptides/blast_html4.php?run_id=110202&search_id=114132&scans_id=110198&peptide_id=10656&scanf=19296&charge=2&value=6,K.ILFTEATR.I,/core/www/modules/show_out/show_out_wrapper.php?run_id=110202&search_id=114132&scans_id=110198&peptide_id=10656&scanf=19296&charge=2&value=K.ILFTEATR.I,PSMD8,2.793e+7,2.767,0.009,2.064,0.000
19298,2,"  1.710","  0.162",8/16,/core/www/modules//sdig/index.php?run_id=110202&search_id=114132&scans_id=110198&peptide_id=10658&scanf=19298&charge=2&value=8/16,sp|P49736|MCM2_HUMAN,/core/www/modules//consensus/?run_id=110202&search_id=114132&scans_id=110198&peptide_id=10658&scanf=19298&charge=2&value=sp|P49736|MCM2_HUMAN,1,/core/www/modules/match_peptides/blast_html4.php?run_id=110202&search_id=114132&scans_id=110198&peptide_id=10658&scanf=19298&charge=2&value=1,R.EWVSMAGPR.L,/core/www/modules/show_out/show_out_wrapper.php?run_id=110202&search_id=114132&scans_id=110198&peptide_id=10658&scanf=19298&charge=2&value=R.EWVSMAGPR.L,MCM2,3.708e+7,2.013,0.102,0.990,0.005
19300,3,"  2.911","  0.403",16/44,/core/www/modules//sdig/index.php?run_id=110202&search_id=114132&scans_id=110198&peptide_id=10661&scanf=19300&charge=3&value=16/44,sp|Q6P2Q9|PRP8_HUMAN,/core/www/modules//consensus/?run_id=110202&search_id=114132&scans_id=110198&peptide_id=10661&scanf=19300&charge=3&value=sp|Q6P2Q9|PRP8_HUMAN,1,/core/www/modules/match_peptides/blast_html4.php?run_id=110202&search_id=114132&scans_id=110198&peptide_id=10661&scanf=19300&charge=3&value=1,K.ADWWTNTAHYNR.E,/core/www/modules/show_out/show_out_wrapper.php?run_id=110202&search_id=114132&scans_id=110198&peptide_id=10661&scanf=19300&charge=3&value=K.ADWWTNTAHYNR.E,PRPF8,1.004e+7,3.295,0.001,2.844,0.000
19301,3,"  2.525","  0.665",14/36,/core/www/modules//sdig/index.php?run_id=110202&search_id=114132&scans_id=110198&peptide_id=10662&scanf=19301&charge=3&value=14/36,sp|P08621|RU17_HUMAN,/core/www/modules//consensus/?run_id=110202&search_id=114132&scans_id=110198&peptide_id=10662&scanf=19301&charge=3&value=sp|P08621|RU17_HUMAN,1,/core/www/modules/match_peptides/blast_html4.php?run_id=110202&search_id=114132&scans_id=110198&peptide_id=10662&scanf=19301&charge=3&value=1,R.EFEVYGPIKR.I,/core/www/modules/show_out/show_out_wrapper.php?run_id=110202&search_id=114132&scans_id=110198&peptide_id=10662&scanf=19301&charge=3&value=R.EFEVYGPIKR.I,SNRNP70,1.909e+7,3.692,0.000,3.433,0.000
19302,2,"  2.912","  0.464",11/22,/core/www/modules//sdig/index.php?run_id=110202&search_id=114132&scans_id=110198&peptide_id=10663&scanf=19302&charge=2&value=11/22,sp|Q7Z5K2|WAPL_HUMAN,/core/www/modules//consensus/?run_id=110202&search_id=114132&scans_id=110198&peptide_id=10663&scanf=19302&charge=2&value=sp|Q7Z5K2|WAPL_HUMAN,1,/core/www/modules/match_peptides/blast_html4.php?run_id=110202&search_id=114132&scans_id=110198&peptide_id=10663&scanf=19302&charge=2&value=1,R.LLELEQDASSAK.L,/core/www/modules/show_out/show_out_wrapper.php?run_id=110202&search_id=114132&scans_id=110198&peptide_id=10663&scanf=19302&charge=2&value=R.LLELEQDASSAK.L,WAPL,1.229e+7,2.933,0.005,2.310,0.000
19304,2,"  2.508","  0.504",11/20,/core/www/modules//sdig/index.php?run_id=110202&search_id=114132&scans_id=110198&peptide_id=10664&scanf=19304&charge=2&value=11/20,sp|P18124|RL7_HUMAN,/core/www/modules//consensus/?run_id=110202&search_id=114132&scans_id=110198&peptide_id=10664&scanf=19304&charge=2&value=sp|P18124|RL7_HUMAN,3,/core/www/modules/match_peptides/blast_html4.php?run_id=110202&search_id=114132&scans_id=110198&peptide_id=10664&scanf=19304&charge=2&value=3,K.AGNFYVPAEPK.L,/core/www/modules/show_out/show_out_wrapper.php?run_id=110202&search_id=114132&scans_id=110198&peptide_id=10664&scanf=19304&charge=2&value=K.AGNFYVPAEPK.L,RPL7,3.523e+8,3.197,0.002,2.699,0.000
19305,2,"  3.038","  0.397",17/18,/core/www/modules//sdig/index.php?run_id=110202&search_id=114132&scans_id=110198&peptide_id=10665&scanf=19305&charge=2&value=17/18,sp|P38919|IF4A3_HUMAN,/core/www/modules//consensus/?run_id=110202&search_id=114132&scans_id=110198&peptide_id=10665&scanf=19305&charge=2&value=sp|P38919|IF4A3_HUMAN,1,/core/www/modules/match_peptides/blast_html4.php?run_id=110202&search_id=114132&scans_id=110198&peptide_id=10665&scanf=19305&charge=2&value=1,K.RDELTLEGIK.Q,/core/www/modules/show_out/show_out_wrapper.php?run_id=110202&search_id=114132&scans_id=110198&peptide_id=10665&scanf=19305&charge=2&value=K.RDELTLEGIK.Q,EIF4A3,2.240e+8,3.267,0.002,2.803,0.000
19306,2,"  2.061","  0.607",8/16,/core/www/modules//sdig/index.php?run_id=110202&search_id=114132&scans_id=110198&peptide_id=10666&scanf=19306&charge=2&value=8/16,sp|P11387|TOP1_HUMAN,/core/www/modules//consensus/?run_id=110202&search_id=114132&scans_id=110198&peptide_id=10666&scanf=19306&charge=2&value=sp|P11387|TOP1_HUMAN,0,/core/www/modules/match_peptides/blast_html4.php?run_id=110202&search_id=114132&scans_id=110198&peptide_id=10666&scanf=19306&charge=2&value=0,K.YIMLNPSSR.I,/core/www/modules/show_out/show_out_wrapper.php?run_id=110202&search_id=114132&scans_id=110198&peptide_id=10666&scanf=19306&charge=2&value=K.YIMLNPSSR.I,TOP1,1.312e+8,3.554,0.001,3.228,0.000
19307,2,"  2.516","  0.437",11/18,/core/www/modules//sdig/index.php?run_id=110202&search_id=114132&scans_id=110198&peptide_id=10667&scanf=19307&charge=2&value=11/18,sp|Q9UBU9|NXF1_HUMAN,/core/www/modules//consensus/?run_id=110202&search_id=114132&scans_id=110198&peptide_id=10667&scanf=19307&charge=2&value=sp|Q9UBU9|NXF1_HUMAN,1,/core/www/modules/match_peptides/blast_html4.php?run_id=110202&search_id=114132&scans_id=110198&peptide_id=10667&scanf=19307&charge=2&value=1,R.DQSTYISAIR.E,/core/www/modules/show_out/show_out_wrapper.php?run_id=110202&search_id=114132&scans_id=110198&peptide_id=10667&scanf=19307&charge=2&value=R.DQSTYISAIR.E,NXF1,3.427e+7,3.097,0.003,2.551,0.000
19308,2,"  2.601","  0.636",12/20,/core/www/modules//sdig/index.php?run_id=110202&search_id=114132&scans_id=110198&peptide_id=10668&scanf=19308&charge=2&value=12/20,sp|P52298|NCBP2_HUMAN,/core/www/modules//consensus/?run_id=110202&search_id=114132&scans_id=110198&peptide_id=10668&scanf=19308&charge=2&value=sp|P52298|NCBP2_HUMAN,1,/core/www/modules/match_peptides/blast_html4.php?run_id=110202&search_id=114132&scans_id=110198&peptide_id=10668&scanf=19308&charge=2&value=1,R.SDSYVELSQYR.D,/core/www/modules/show_out/show_out_wrapper.php?run_id=110202&search_id=114132&scans_id=110198&peptide_id=10668&scanf=19308&charge=2&value=R.SDSYVELSQYR.D,NCBP2,2.217e+7,3.633,0.000,3.346,0.000
19309,2,"  1.817","  0.193",9/14,/core/www/modules//sdig/index.php?run_id=110202&search_id=114132&scans_id=110198&peptide_id=10669&scanf=19309&charge=2&value=9/14,sp|Q14669|TRIPC_HUMAN,/core/www/modules//consensus/?run_id=110202&search_id=114132&scans_id=110198&peptide_id=10669&scanf=19309&charge=2&value=sp|Q14669|TRIPC_HUMAN,2,/core/www/modules/match_peptides/blast_html4.php?run_id=110202&search_id=114132&scans_id=110198&peptide_id=10669&scanf=19309&charge=2&value=2,R.LQALLEAR.G,/core/www/modules/show_out/show_out_wrapper.php?run_id=110202&search_id=114132&scans_id=110198&peptide_id=10669&scanf=19309&charge=2&value=R.LQALLEAR.G,TRIP12,2.852e+7,2.406,0.029,1.538,0.001
19310,2,"  1.765","  0.283",6/12,/core/www/modules//sdig/index.php?run_id=110202&search_id=114132&scans_id=110198&peptide_id=10670&scanf=19310&charge=2&value=6/12,sp|Q7L014|DDX46_HUMAN,/core/www/modules//consensus/?run_id=110202&search_id=114132&scans_id=110198&peptide_id=10670&scanf=19310&charge=2&value=sp|Q7L014|DDX46_HUMAN,2,/core/www/modules/match_peptides/blast_html4.php?run_id=110202&search_id=114132&scans_id=110198&peptide_id=10670&scanf=19310&charge=2&value=2,K.IEYEPFR.K,/core/www/modules/show_out/show_out_wrapper.php?run_id=110202&search_id=114132&scans_id=110198&peptide_id=10670&scanf=19310&charge=2&value=K.IEYEPFR.K,DDX46,3.586e+7,2.393,0.030,1.519,0.001
19311,3,"  3.682","  0.467",13/56,/core/www/modules//sdig/index.php?run_id=110202&search_id=114132&scans_id=110198&peptide_id=10671&scanf=19311&charge=3&value=13/56,sp|Q15397|PUM3_HUMAN,/core/www/modules//consensus/?run_id=110202&search_id=114132&scans_id=110198&peptide_id=10671&scanf=19311&charge=3&value=sp|Q15397|PUM3_HUMAN,0,/core/www/modules/match_peptides/blast_html4.php?run_id=110202&search_id=114132&scans_id=110198&peptide_id=10671&scanf=19311&charge=3&value=0,R.HAEASAIVEYAYNDK.A,/core/www/modules/show_out/show_out_wrapper.php?run_id=110202&search_id=114132&scans_id=110198&peptide_id=10671&scanf=19311&charge=3&value=R.HAEASAIVEYAYNDK.A,PUM3,1.773e+7,3.021,0.004,2.439,0.000
19312,3,"  3.056","  0.572",15/40,/core/www/modules//sdig/index.php?run_id=110202&search_id=114132&scans_id=110198&peptide_id=10672&scanf=19312&charge=3&value=15/40,sp|Q7L2J0|MEPCE_HUMAN,/core/www/modules//consensus/?run_id=110202&search_id=114132&scans_id=110198&peptide_id=10672&scanf=19312&charge=3&value=sp|Q7L2J0|MEPCE_HUMAN,0,/core/www/modules/match_peptides/blast_html4.php?run_id=110202&search_id=114132&scans_id=110198&peptide_id=10672&scanf=19312&charge=3&value=0,K.GFQRPVYLFHK.A,/core/www/modules/show_out/show_out_wrapper.php?run_id=110202&search_id=114132&scans_id=110198&peptide_id=10672&scanf=19312&charge=3&value=K.GFQRPVYLFHK.A,MEPCE,2.903e+7,3.629,0.000,3.339,0.000
19313,3,"  4.089","  0.622",19/48,/core/www/modules//sdig/index.php?run_id=110202&search_id=114132&scans_id=110198&peptide_id=10673&scanf=19313&charge=3&value=19/48,sp|P35637|FUS_HUMAN,/core/www/modules//consensus/?run_id=110202&search_id=114132&scans_id=110198&peptide_id=10673&scanf=19313&charge=3&value=sp|P35637|FUS_HUMAN,1,/core/www/modules/match_peptides/blast_html4.php?run_id=110202&search_id=114132&scans_id=110198&peptide_id=10673&scanf=19313&charge=3&value=1,K.KTGQPMINLYTDR.E,/core/www/modules/show_out/show_out_wrapper.php?run_id=110202&search_id=114132&scans_id=110198&peptide_id=10673&scanf=19313&charge=3&value=K.KTGQPMINLYTDR.E,FUS,1.140e+8,3.548,0.001,3.219,0.000
19315,2,"  1.849","  0.321",10/16,/core/www/modules//sdig/index.php?run_id=110202&search_id=114132&scans_id=110198&peptide_id=10675&scanf=19315&charge=2&value=10/16,sp|Q03252|LMNB2_HUMAN,/core/www/modules//consensus/?run_id=110202&search_id=114132&scans_id=110198&peptide_id=10675&scanf=19315&charge=2&value=sp|Q03252|LMNB2_HUMAN,0,/core/www/modules/match_peptides/blast_html4.php?run_id=110202&search_id=114132&scans_id=110198&peptide_id=10675&scanf=19315&charge=2&value=0,K.MAQALEELR.S,/core/www/modules/show_out/show_out_wrapper.php?run_id=110202&search_id=114132&scans_id=110198&peptide_id=10675&scanf=19315&charge=2&value=K.MAQALEELR.S,LMNB2,2.752e+7,2.732,0.010,2.013,0.000
19317,2,"  2.216","  0.093",9/12,/core/www/modules//sdig/index.php?run_id=110202&search_id=114132&scans_id=110198&peptide_id=10677&scanf=19317&charge=2&value=9/12,sp|P02545|LMNA_HUMAN,/core/www/modules//consensus/?run_id=110202&search_id=114132&scans_id=110198&peptide_id=10677&scanf=19317&charge=2&value=sp|P02545|LMNA_HUMAN,8,/core/www/modules/match_peptides/blast_html4.php?run_id=110202&search_id=114132&scans_id=110198&peptide_id=10677&scanf=19317&charge=2&value=8,R.LQLELSK.V,/core/www/modules/show_out/show_out_wrapper.php?run_id=110202&search_id=114132&scans_id=110198&peptide_id=10677&scanf=19317&charge=2&value=R.LQLELSK.V,LMNA,2.406e+8,2.339,0.036,1.443,0.001
19318,2,"  2.716","  0.527",10/18,/core/www/modules//sdig/index.php?run_id=110202&search_id=114132&scans_id=110198&peptide_id=10678&scanf=19318&charge=2&value=10/18,sp|Q7Z2E3|APTX_HUMAN,/core/www/modules//consensus/?run_id=110202&search_id=114132&scans_id=110198&peptide_id=10678&scanf=19318&charge=2&value=sp|Q7Z2E3|APTX_HUMAN,3,/core/www/modules/match_peptides/blast_html4.php?run_id=110202&search_id=114132&scans_id=110198&peptide_id=10678&scanf=19318&charge=2&value=3,K.VIVDFAGSSK.L,/core/www/modules/show_out/show_out_wrapper.php?run_id=110202&search_id=114132&scans_id=110198&peptide_id=10678&scanf=19318&charge=2&value=K.VIVDFAGSSK.L,APTX,1.271e+7,3.274,0.002,2.814,0.000
19319,3,"  1.968","  0.134",11/36,/core/www/modules//sdig/index.php?run_id=110202&search_id=114132&scans_id=110198&peptide_id=10679&scanf=19319&charge=3&value=11/36,sp|Q9ULK4|MED23_HUMAN,/core/www/modules//consensus/?run_id=110202&search_id=114132&scans_id=110198&peptide_id=10679&scanf=19319&charge=3&value=sp|Q9ULK4|MED23_HUMAN,1,/core/www/modules/match_peptides/blast_html4.php?run_id=110202&search_id=114132&scans_id=110198&peptide_id=10679&scanf=19319&charge=3&value=1,K.MSLIHSIATR.V,/core/www/modules/show_out/show_out_wrapper.php?run_id=110202&search_id=114132&scans_id=110198&peptide_id=10679&scanf=19319&charge=3&value=K.MSLIHSIATR.V,MED23,1.465e+7,1.926,0.133,0.876,0.007
19320,3,"  2.529","  0.491",12/32,/core/www/modules//sdig/index.php?run_id=110202&search_id=114132&scans_id=110198&peptide_id=10681&scanf=19320&charge=3&value=12/32,sp|Q9Y5B9|SP16H_HUMAN,/core/www/modules//consensus/?run_id=110202&search_id=114132&scans_id=110198&peptide_id=10681&scanf=19320&charge=3&value=sp|Q9Y5B9|SP16H_HUMAN,0,/core/www/modules/match_peptides/blast_html4.php?run_id=110202&search_id=114132&scans_id=110198&peptide_id=10681&scanf=19320&charge=3&value=0,K.DKFPGEFMK.S,/core/www/modules/show_out/show_out_wrapper.php?run_id=110202&search_id=114132&scans_id=110198&peptide_id=10681&scanf=19320&charge=3&value=K.DKFPGEFMK.S,SUPT16H,3.568e+7,3.228,0.002,2.746,0.000
19322,2,"  1.409","  0.161",8/16,/core/www/modules//sdig/index.php?run_id=110202&search_id=114132&scans_id=110198&peptide_id=10683&scanf=19322&charge=2&value=8/16,sp|O75525|KHDR3_HUMAN,/core/www/modules//consensus/?run_id=110202&search_id=114132&scans_id=110198&peptide_id=10683&scanf=19322&charge=2&value=sp|O75525|KHDR3_HUMAN,3,/core/www/modules/match_peptides/blast_html4.php?run_id=110202&search_id=114132&scans_id=110198&peptide_id=10683&scanf=19322&charge=2&value=3,K.YLPELM*AEK.D,/core/www/modules/show_out/show_out_wrapper.php?run_id=110202&search_id=114132&scans_id=110198&peptide_id=10683&scanf=19322&charge=2&value=K.YLPELM*AEK.D,KHDRBS3,1.691e+7,1.902,0.143,0.845,0.007
19323,3,"  5.096","  0.649",24/44,/core/www/modules//sdig/index.php?run_id=110202&search_id=114132&scans_id=110198&peptide_id=10684&scanf=19323&charge=3&value=24/44,sp|P62847|RS24_HUMAN,/core/www/modules//consensus/?run_id=110202&search_id=114132&scans_id=110198&peptide_id=10684&scanf=19323&charge=3&value=sp|P62847|RS24_HUMAN,3,/core/www/modules/match_peptides/blast_html4.php?run_id=110202&search_id=114132&scans_id=110198&peptide_id=10684&scanf=19323&charge=3&value=3,R.KQMVIDVLHPGK.A,/core/www/modules/show_out/show_out_wrapper.php?run_id=110202&search_id=114132&scans_id=110198&peptide_id=10684&scanf=19323&charge=3&value=R.KQMVIDVLHPGK.A,RPS24,9.064e+7,3.911,0.000,3.758,0.000
19326,2,"  2.420","  0.623",12/20,/core/www/modules//sdig/index.php?run_id=110202&search_id=114132&scans_id=110198&peptide_id=10686&scanf=19326&charge=2&value=12/20,sp|P62241|RS8_HUMAN,/core/www/modules//consensus/?run_id=110202&search_id=114132&scans_id=110198&peptide_id=10686&scanf=19326&charge=2&value=sp|P62241|RS8_HUMAN,1,/core/www/modules/match_peptides/blast_html4.php?run_id=110202&search_id=114132&scans_id=110198&peptide_id=10686&scanf=19326&charge=2&value=1,K.LTPEEEEILNK.K,/core/www/modules/show_out/show_out_wrapper.php?run_id=110202&search_id=114132&scans_id=110198&peptide_id=10686&scanf=19326&charge=2&value=K.LTPEEEEILNK.K,RPS8,3.367e+8,3.627,0.000,3.336,0.000
19327,3,"  2.808","  0.269",14/32,/core/www/modules//sdig/index.php?run_id=110202&search_id=114132&scans_id=110198&peptide_id=10687&scanf=19327&charge=3&value=14/32,sp|Q9UKD2|MRT4_HUMAN,/core/www/modules//consensus/?run_id=110202&search_id=114132&scans_id=110198&peptide_id=10687&scanf=19327&charge=3&value=sp|Q9UKD2|MRT4_HUMAN,0,/core/www/modules/match_peptides/blast_html4.php?run_id=110202&search_id=114132&scans_id=110198&peptide_id=10687&scanf=19327&charge=3&value=0,K.QNLIEELRK.C,/core/www/modules/show_out/show_out_wrapper.php?run_id=110202&search_id=114132&scans_id=110198&peptide_id=10687&scanf=19327&charge=3&value=K.QNLIEELRK.C,MRTO4,4.311e+7,2.497,0.021,1.669,0.001
19328,4,"  2.587","  0.551",19/84,/core/www/modules//sdig/index.php?run_id=110202&search_id=114132&scans_id=110198&peptide_id=10688&scanf=19328&charge=4&value=19/84,sp|P26641|EF1G_HUMAN,/core/www/modules//consensus/?run_id=110202&search_id=114132&scans_id=110198&peptide_id=10688&scanf=19328&charge=4&value=sp|P26641|EF1G_HUMAN,0,/core/www/modules/match_peptides/blast_html4.php?run_id=110202&search_id=114132&scans_id=110198&peptide_id=10688&scanf=19328&charge=4&value=0,R.VLSAPPHFHFGQTNR.T,/core/www/modules/show_out/show_out_wrapper.php?run_id=110202&search_id=114132&scans_id=110198&peptide_id=10688&scanf=19328&charge=4&value=R.VLSAPPHFHFGQTNR.T,EEF1G,7.208e+7,3.672,0.000,3.404,0.000
19329,2,"  1.907","  0.167",8/12,/core/www/modules//sdig/index.php?run_id=110202&search_id=114132&scans_id=110198&peptide_id=10689&scanf=19329&charge=2&value=8/12,sp|P32969|RL9_HUMAN,/core/www/modules//consensus/?run_id=110202&search_id=114132&scans_id=110198&peptide_id=10689&scanf=19329&charge=2&value=sp|P32969|RL9_HUMAN,3,/core/www/modules/match_peptides/blast_html4.php?run_id=110202&search_id=114132&scans_id=110198&peptide_id=10689&scanf=19329&charge=2&value=3,K.GVTLGFR.Y,/core/www/modules/show_out/show_out_wrapper.php?run_id=110202&search_id=114132&scans_id=110198&peptide_id=10689&scanf=19329&charge=2&value=K.GVTLGFR.Y,RPL9P9,2.218e+8,2.322,0.038,1.418,0.001
19330,2,"  2.108","  0.312",10/12,/core/www/modules//sdig/index.php?run_id=110202&search_id=114132&scans_id=110198&peptide_id=10691&scanf=19330&charge=2&value=10/12,sp|P62701|RS4X_HUMAN,/core/www/modules//consensus/?run_id=110202&search_id=114132&scans_id=110198&peptide_id=10691&scanf=19330&charge=2&value=sp|P62701|RS4X_HUMAN,1,/core/www/modules/match_peptides/blast_html4.php?run_id=110202&search_id=114132&scans_id=110198&peptide_id=10691&scanf=19330&charge=2&value=1,R.YPDPLIK.V,/core/www/modules/show_out/show_out_wrapper.php?run_id=110202&search_id=114132&scans_id=110198&peptide_id=10691&scanf=19330&charge=2&value=R.YPDPLIK.V,RPS4X,2.335e+8,3.089,0.003,2.540,0.000
19331,2,"  2.536","  0.386",10/16,/core/www/modules//sdig/index.php?run_id=110202&search_id=114132&scans_id=110198&peptide_id=10692&scanf=19331&charge=2&value=10/16,sp|Q6P2Q9|PRP8_HUMAN,/core/www/modules//consensus/?run_id=110202&search_id=114132&scans_id=110198&peptide_id=10692&scanf=19331&charge=2&value=sp|Q6P2Q9|PRP8_HUMAN,0,/core/www/modules/match_peptides/blast_html4.php?run_id=110202&search_id=114132&scans_id=110198&peptide_id=10692&scanf=19331&charge=2&value=0,K.YELQLANPK.E,/core/www/modules/show_out/show_out_wrapper.php?run_id=110202&search_id=114132&scans_id=110198&peptide_id=10692&scanf=19331&charge=2&value=K.YELQLANPK.E,PRPF8,4.551e+7,3.265,0.002,2.800,0.000
19333,3,"  1.741","  0.352",12/32,/core/www/modules//sdig/index.php?run_id=110202&search_id=114132&scans_id=110198&peptide_id=10694&scanf=19333&charge=3&value=12/32,sp|P28838|AMPL_HUMAN,/core/www/modules//consensus/?run_id=110202&search_id=114132&scans_id=110198&peptide_id=10694&scanf=19333&charge=3&value=sp|P28838|AMPL_HUMAN,0,/core/www/modules/match_peptides/blast_html4.php?run_id=110202&search_id=114132&scans_id=110198&peptide_id=10694&scanf=19333&charge=3&value=0,R.MPLFEHYTR.Q,/core/www/modules/show_out/show_out_wrapper.php?run_id=110202&search_id=114132&scans_id=110198&peptide_id=10694&scanf=19333&charge=3&value=R.MPLFEHYTR.Q,LAP3,1.858e+7,2.898,0.006,2.258,0.000
19334,2,"  1.769","  0.286",10/18,/core/www/modules//sdig/index.php?run_id=110202&search_id=114132&scans_id=110198&peptide_id=10695&scanf=19334&charge=2&value=10/18,sp|Q9NSE4|SYIM_HUMAN,/core/www/modules//consensus/?run_id=110202&search_id=114132&scans_id=110198&peptide_id=10695&scanf=19334&charge=2&value=sp|Q9NSE4|SYIM_HUMAN,0,/core/www/modules/match_peptides/blast_html4.php?run_id=110202&search_id=114132&scans_id=110198&peptide_id=10695&scanf=19334&charge=2&value=0,K.EPPYGADVLR.W,/core/www/modules/show_out/show_out_wrapper.php?run_id=110202&search_id=114132&scans_id=110198&peptide_id=10695&scanf=19334&charge=2&value=K.EPPYGADVLR.W,IARS2,1.165e+7,2.432,0.027,1.575,0.001
19335,2,"  2.714","  0.463",14/20,/core/www/modules//sdig/index.php?run_id=110202&search_id=114132&scans_id=110198&peptide_id=10696&scanf=19335&charge=2&value=14/20,sp|P98175|RBM10_HUMAN,/core/www/modules//consensus/?run_id=110202&search_id=114132&scans_id=110198&peptide_id=10696&scanf=19335&charge=2&value=sp|P98175|RBM10_HUMAN,0,/core/www/modules/match_peptides/blast_html4.php?run_id=110202&search_id=114132&scans_id=110198&peptide_id=10696&scanf=19335&charge=2&value=0,R.LDQQTLPLGGR.E,/core/www/modules/show_out/show_out_wrapper.php?run_id=110202&search_id=114132&scans_id=110198&peptide_id=10696&scanf=19335&charge=2&value=R.LDQQTLPLGGR.E,RBM10,1.823e+7,3.216,0.002,2.728,0.000
19336,2,"  1.874","  0.432",10/18,/core/www/modules//sdig/index.php?run_id=110202&search_id=114132&scans_id=110198&peptide_id=10697&scanf=19336&charge=2&value=10/18,sp|O00541|PESC_HUMAN,/core/www/modules//consensus/?run_id=110202&search_id=114132&scans_id=110198&peptide_id=10697&scanf=19336&charge=2&value=sp|O00541|PESC_HUMAN,2,/core/www/modules/match_peptides/blast_html4.php?run_id=110202&search_id=114132&scans_id=110198&peptide_id=10697&scanf=19336&charge=2&value=2,R.SFGGEVSWDK.S,/core/www/modules/show_out/show_out_wrapper.php?run_id=110202&search_id=114132&scans_id=110198&peptide_id=10697&scanf=19336&charge=2&value=R.SFGGEVSWDK.S,PES1,2.734e+7,2.986,0.004,2.387,0.000
19340,2,"  2.274","  0.541",11/18,/core/www/modules//sdig/index.php?run_id=110202&search_id=114132&scans_id=110198&peptide_id=10702&scanf=19340&charge=2&value=11/18,sp|P06576|ATPB_HUMAN,/core/www/modules//consensus/?run_id=110202&search_id=114132&scans_id=110198&peptide_id=10702&scanf=19340&charge=2&value=sp|P06576|ATPB_HUMAN,2,/core/www/modules/match_peptides/blast_html4.php?run_id=110202&search_id=114132&scans_id=110198&peptide_id=10702&scanf=19340&charge=2&value=2,K.IPVGPETLGR.I,/core/www/modules/show_out/show_out_wrapper.php?run_id=110202&search_id=114132&scans_id=110198&peptide_id=10702&scanf=19340&charge=2&value=K.IPVGPETLGR.I,ATP5F1B,7.060e+7,3.434,0.001,3.050,0.000
19347,2,"  2.012","  0.510",9/16,/core/www/modules//sdig/index.php?run_id=110202&search_id=114132&scans_id=110198&peptide_id=10708&scanf=19347&charge=2&value=9/16,sp|P14625|ENPL_HUMAN,/core/www/modules//consensus/?run_id=110202&search_id=114132&scans_id=110198&peptide_id=10708&scanf=19347&charge=2&value=sp|P14625|ENPL_HUMAN,7,/core/www/modules/match_peptides/blast_html4.php?run_id=110202&search_id=114132&scans_id=110198&peptide_id=10708&scanf=19347&charge=2&value=7,K.IYFMAGSSR.K,/core/www/modules/show_out/show_out_wrapper.php?run_id=110202&search_id=114132&scans_id=110198&peptide_id=10708&scanf=19347&charge=2&value=K.IYFMAGSSR.K,HSP90B1,4.955e+7,3.371,0.001,2.957,0.000
19348,3,"  5.669","  0.625",23/64,/core/www/modules//sdig/index.php?run_id=110202&search_id=114132&scans_id=110198&peptide_id=10709&scanf=19348&charge=3&value=23/64,sp|O75533|SF3B1_HUMAN,/core/www/modules//consensus/?run_id=110202&search_id=114132&scans_id=110198&peptide_id=10709&scanf=19348&charge=3&value=sp|O75533|SF3B1_HUMAN,0,/core/www/modules/match_peptides/blast_html4.php?run_id=110202&search_id=114132&scans_id=110198&peptide_id=10709&scanf=19348&charge=3&value=0,K.LSSWDQAETPGHTPSLR.W,/core/www/modules/show_out/show_out_wrapper.php?run_id=110202&search_id=114132&scans_id=110198&peptide_id=10709&scanf=19348&charge=3&value=K.LSSWDQAETPGHTPSLR.W,SF3B1,2.700e+7,3.939,0.000,3.798,0.000
19349,3,"  1.655","  0.232",10/40,/core/www/modules//sdig/index.php?run_id=110202&search_id=114132&scans_id=110198&peptide_id=10710&scanf=19349&charge=3&value=10/40,sp|P49792|RBP2_HUMAN,/core/www/modules//consensus/?run_id=110202&search_id=114132&scans_id=110198&peptide_id=10710&scanf=19349&charge=3&value=sp|P49792|RBP2_HUMAN,12,/core/www/modules/match_peptides/blast_html4.php?run_id=110202&search_id=114132&scans_id=110198&peptide_id=10710&scanf=19349&charge=3&value=12,R.LLVQHEINTLR.A,/core/www/modules/show_out/show_out_wrapper.php?run_id=110202&search_id=114132&scans_id=110198&peptide_id=10710&scanf=19349&charge=3&value=R.LLVQHEINTLR.A,RANBP2,3.855e+7,2.292,0.042,1.375,0.001
19350,2,"  3.938","  0.553",14/24,/core/www/modules//sdig/index.php?run_id=110202&search_id=114132&scans_id=110198&peptide_id=10712&scanf=19350&charge=2&value=14/24,sp|P35579|MYH9_HUMAN,/core/www/modules//consensus/?run_id=110202&search_id=114132&scans_id=110198&peptide_id=10712&scanf=19350&charge=2&value=sp|P35579|MYH9_HUMAN,1,/core/www/modules/match_peptides/blast_html4.php?run_id=110202&search_id=114132&scans_id=110198&peptide_id=10712&scanf=19350&charge=2&value=1,K.IAQLEEQLDNETK.E,/core/www/modules/show_out/show_out_wrapper.php?run_id=110202&search_id=114132&scans_id=110198&peptide_id=10712&scanf=19350&charge=2&value=K.IAQLEEQLDNETK.E,MYH9,3.178e+7,3.571,0.001,3.253,0.000
19351,3,"  4.492","  0.496",18/60,/core/www/modules//sdig/index.php?run_id=110202&search_id=114132&scans_id=110198&peptide_id=10713&scanf=19351&charge=3&value=18/60,sp|P49411|EFTU_HUMAN,/core/www/modules//consensus/?run_id=110202&search_id=114132&scans_id=110198&peptide_id=10713&scanf=19351&charge=3&value=sp|P49411|EFTU_HUMAN,0,/core/www/modules/match_peptides/blast_html4.php?run_id=110202&search_id=114132&scans_id=110198&peptide_id=10713&scanf=19351&charge=3&value=0,R.GITINAAHVEYSTAAR.H,/core/www/modules/show_out/show_out_wrapper.php?run_id=110202&search_id=114132&scans_id=110198&peptide_id=10713&scanf=19351&charge=3&value=R.GITINAAHVEYSTAAR.H,TUFM,2.641e+7,3.228,0.002,2.745,0.000
19352,4,"  6.551","  0.549",23/132,/core/www/modules//sdig/index.php?run_id=110202&search_id=114132&scans_id=110198&peptide_id=10714&scanf=19352&charge=4&value=23/132,sp|Q13769|THOC5_HUMAN,/core/www/modules//consensus/?run_id=110202&search_id=114132&scans_id=110198&peptide_id=10714&scanf=19352&charge=4&value=sp|Q13769|THOC5_HUMAN,0,/core/www/modules/match_peptides/blast_html4.php?run_id=110202&search_id=114132&scans_id=110198&peptide_id=10714&scanf=19352&charge=4&value=0,K.EQPQQTVIADHSLSASHMETTMK.L,/core/www/modules/show_out/show_out_wrapper.php?run_id=110202&search_id=114132&scans_id=110198&peptide_id=10714&scanf=19352&charge=4&value=K.EQPQQTVIADHSLSASHMETTMK.L,THOC5,1.191e+7,3.506,0.001,3.157,0.000
19354,3,"  2.482","  0.595",12/32,/core/www/modules//sdig/index.php?run_id=110202&search_id=114132&scans_id=110198&peptide_id=10716&scanf=19354&charge=3&value=12/32,sp|Q9BQ04|RBM4B_HUMAN,/core/www/modules//consensus/?run_id=110202&search_id=114132&scans_id=110198&peptide_id=10716&scanf=19354&charge=3&value=sp|Q9BQ04|RBM4B_HUMAN,7,/core/www/modules/match_peptides/blast_html4.php?run_id=110202&search_id=114132&scans_id=110198&peptide_id=10716&scanf=19354&charge=3&value=7,K.DYAFVHMER.A,/core/www/modules/show_out/show_out_wrapper.php?run_id=110202&search_id=114132&scans_id=110198&peptide_id=10716&scanf=19354&charge=3&value=K.DYAFVHMER.A,RBM4B,4.242e+7,3.728,0.000,3.487,0.000
19355,2,"  1.568","  0.180",6/12,/core/www/modules//sdig/index.php?run_id=110202&search_id=114132&scans_id=110198&peptide_id=10717&scanf=19355&charge=2&value=6/12,sp|P49916|DNLI3_HUMAN,/core/www/modules//consensus/?run_id=110202&search_id=114132&scans_id=110198&peptide_id=10717&scanf=19355&charge=2&value=sp|P49916|DNLI3_HUMAN,1,/core/www/modules/match_peptides/blast_html4.php?run_id=110202&search_id=114132&scans_id=110198&peptide_id=10717&scanf=19355&charge=2&value=1,R.IMFSEMK.R,/core/www/modules/show_out/show_out_wrapper.php?run_id=110202&search_id=114132&scans_id=110198&peptide_id=10717&scanf=19355&charge=2&value=R.IMFSEMK.R,LIG3,1.249e+7,2.127,0.072,1.144,0.002
19358,2,"  5.222","  0.756",22/34,/core/www/modules//sdig/index.php?run_id=110202&search_id=114132&scans_id=110198&peptide_id=10720&scanf=19358&charge=2&value=22/34,sp|Q13148|TADBP_HUMAN,/core/www/modules//consensus/?run_id=110202&search_id=114132&scans_id=110198&peptide_id=10720&scanf=19358&charge=2&value=sp|Q13148|TADBP_HUMAN,1,/core/www/modules/match_peptides/blast_html4.php?run_id=110202&search_id=114132&scans_id=110198&peptide_id=10720&scanf=19358&charge=2&value=1,R.FGGNPGGFGNQGGFGNSR.G,/core/www/modules/show_out/show_out_wrapper.php?run_id=110202&search_id=114132&scans_id=110198&peptide_id=10720&scanf=19358&charge=2&value=R.FGGNPGGFGNQGGFGNSR.G,TARDBP,1.906e+7,4.058,0.000,3.976,0.000
19360,4,"  3.026","  0.515",15/96,/core/www/modules//sdig/index.php?run_id=110202&search_id=114132&scans_id=110198&peptide_id=10723&scanf=19360&charge=4&value=15/96,sp|P33993|MCM7_HUMAN,/core/www/modules//consensus/?run_id=110202&search_id=114132&scans_id=110198&peptide_id=10723&scanf=19360&charge=4&value=sp|P33993|MCM7_HUMAN,0,/core/www/modules/match_peptides/blast_html4.php?run_id=110202&search_id=114132&scans_id=110198&peptide_id=10723&scanf=19360&charge=4&value=0,K.LAASIAPEIYGHEDVKK.A,/core/www/modules/show_out/show_out_wrapper.php?run_id=110202&search_id=114132&scans_id=110198&peptide_id=10723&scanf=19360&charge=4&value=K.LAASIAPEIYGHEDVKK.A,MCM7,3.133e+7,3.160,0.002,2.644,0.000
19365,2,"  2.068","  0.379",9/18,/core/www/modules//sdig/index.php?run_id=110202&search_id=114132&scans_id=110198&peptide_id=10728&scanf=19365&charge=2&value=9/18,sp|Q9C0J8|WDR33_HUMAN,/core/www/modules//consensus/?run_id=110202&search_id=114132&scans_id=110198&peptide_id=10728&scanf=19365&charge=2&value=sp|Q9C0J8|WDR33_HUMAN,1,/core/www/modules/match_peptides/blast_html4.php?run_id=110202&search_id=114132&scans_id=110198&peptide_id=10728&scanf=19365&charge=2&value=1,K.TIDYNPSVIK.Y,/core/www/modules/show_out/show_out_wrapper.php?run_id=110202&search_id=114132&scans_id=110198&peptide_id=10728&scanf=19365&charge=2&value=K.TIDYNPSVIK.Y,WDR33,1.046e+7,2.584,0.016,1.796,0.000
19368,4,"  3.921","  0.521",21/96,/core/www/modules//sdig/index.php?run_id=110202&search_id=114132&scans_id=110198&peptide_id=10730&scanf=19368&charge=4&value=21/96,sp|Q15397|PUM3_HUMAN,/core/www/modules//consensus/?run_id=110202&search_id=114132&scans_id=110198&peptide_id=10730&scanf=19368&charge=4&value=sp|Q15397|PUM3_HUMAN,0,/core/www/modules/match_peptides/blast_html4.php?run_id=110202&search_id=114132&scans_id=110198&peptide_id=10730&scanf=19368&charge=4&value=0,K.DGELHIAEHPAGHLVLK.W,/core/www/modules/show_out/show_out_wrapper.php?run_id=110202&search_id=114132&scans_id=110198&peptide_id=10730&scanf=19368&charge=4&value=K.DGELHIAEHPAGHLVLK.W,PUM3,5.734e+7,3.622,0.000,3.329,0.000
19369,2,"  2.519","  0.389",12/18,/core/www/modules//sdig/index.php?run_id=110202&search_id=114132&scans_id=110198&peptide_id=10731&scanf=19369&charge=2&value=12/18,sp|P41091|IF2G_HUMAN,/core/www/modules//consensus/?run_id=110202&search_id=114132&scans_id=110198&peptide_id=10731&scanf=19369&charge=2&value=sp|P41091|IF2G_HUMAN,2,/core/www/modules/match_peptides/blast_html4.php?run_id=110202&search_id=114132&scans_id=110198&peptide_id=10731&scanf=19369&charge=2&value=2,R.QDLTTLDVTK.L,/core/www/modules/show_out/show_out_wrapper.php?run_id=110202&search_id=114132&scans_id=110198&peptide_id=10731&scanf=19369&charge=2&value=R.QDLTTLDVTK.L,EIF2S3,2.636e+7,2.891,0.006,2.247,0.000
19370,3,"  4.973","  0.665",20/56,/core/www/modules//sdig/index.php?run_id=110202&search_id=114132&scans_id=110198&peptide_id=10733&scanf=19370&charge=3&value=20/56,sp|P14868|SYDC_HUMAN,/core/www/modules//consensus/?run_id=110202&search_id=114132&scans_id=110198&peptide_id=10733&scanf=19370&charge=3&value=sp|P14868|SYDC_HUMAN,0,/core/www/modules/match_peptides/blast_html4.php?run_id=110202&search_id=114132&scans_id=110198&peptide_id=10733&scanf=19370&charge=3&value=0,R.YGISSMIQSQEKPDR.V,/core/www/modules/show_out/show_out_wrapper.php?run_id=110202&search_id=114132&scans_id=110198&peptide_id=10733&scanf=19370&charge=3&value=R.YGISSMIQSQEKPDR.V,DARS1,6.429e+7,3.882,0.000,3.714,0.000
19371,3,"  3.095","  0.549",15/44,/core/www/modules//sdig/index.php?run_id=110202&search_id=114132&scans_id=110198&peptide_id=10734&scanf=19371&charge=3&value=15/44,sp|O95793|STAU1_HUMAN,/core/www/modules//consensus/?run_id=110202&search_id=114132&scans_id=110198&peptide_id=10734&scanf=19371&charge=3&value=sp|O95793|STAU1_HUMAN,1,/core/www/modules/match_peptides/blast_html4.php?run_id=110202&search_id=114132&scans_id=110198&peptide_id=10734&scanf=19371&charge=3&value=1,K.EKEPEYTLLTER.G,/core/www/modules/show_out/show_out_wrapper.php?run_id=110202&search_id=114132&scans_id=110198&peptide_id=10734&scanf=19371&charge=3&value=K.EKEPEYTLLTER.G,STAU1,2.740e+7,3.280,0.002,2.823,0.000
19373,3,"  3.476","  0.580",14/36,/core/www/modules//sdig/index.php?run_id=110202&search_id=114132&scans_id=110198&peptide_id=10736&scanf=19373&charge=3&value=14/36,sp|P62891|RL39_HUMAN,/core/www/modules//consensus/?run_id=110202&search_id=114132&scans_id=110198&peptide_id=10736&scanf=19373&charge=3&value=sp|P62891|RL39_HUMAN,1,/core/www/modules/match_peptides/blast_html4.php?run_id=110202&search_id=114132&scans_id=110198&peptide_id=10736&scanf=19373&charge=3&value=1,K.QNRPIPQWIR.M,/core/www/modules/show_out/show_out_wrapper.php?run_id=110202&search_id=114132&scans_id=110198&peptide_id=10736&scanf=19373&charge=3&value=K.QNRPIPQWIR.M,RPL39,1.284e+8,3.699,0.000,3.443,0.000
19374,2,"  2.386","  0.454",11/18,/core/www/modules//sdig/index.php?run_id=110202&search_id=114132&scans_id=110198&peptide_id=10737&scanf=19374&charge=2&value=11/18,sp|Q9BUQ8|DDX23_HUMAN,/core/www/modules//consensus/?run_id=110202&search_id=114132&scans_id=110198&peptide_id=10737&scanf=19374&charge=2&value=sp|Q9BUQ8|DDX23_HUMAN,3,/core/www/modules/match_peptides/blast_html4.php?run_id=110202&search_id=114132&scans_id=110198&peptide_id=10737&scanf=19374&charge=2&value=3,R.TVAVIGGISR.E,/core/www/modules/show_out/show_out_wrapper.php?run_id=110202&search_id=114132&scans_id=110198&peptide_id=10737&scanf=19374&charge=2&value=R.TVAVIGGISR.E,DDX23,5.181e+7,3.184,0.002,2.680,0.000
19375,2,"  2.637","  0.093",11/18,/core/www/modules//sdig/index.php?run_id=110202&search_id=114132&scans_id=110198&peptide_id=10738&scanf=19375&charge=2&value=11/18,sp|Q16352|AINX_HUMAN,/core/www/modules//consensus/?run_id=110202&search_id=114132&scans_id=110198&peptide_id=10738&scanf=19375&charge=2&value=sp|Q16352|AINX_HUMAN,0,/core/www/modules/match_peptides/blast_html4.php?run_id=110202&search_id=114132&scans_id=110198&peptide_id=10738&scanf=19375&charge=2&value=0,K.NLQSAEEWYK.S,/core/www/modules/show_out/show_out_wrapper.php?run_id=110202&search_id=114132&scans_id=110198&peptide_id=10738&scanf=19375&charge=2&value=K.NLQSAEEWYK.S,INA,1.519e+7,1.940,0.128,0.893,0.006
19377,2,"  5.126","  0.694",18/30,/core/www/modules//sdig/index.php?run_id=110202&search_id=114132&scans_id=110198&peptide_id=10740&scanf=19377&charge=2&value=18/30,sp|P40926|MDHM_HUMAN,/core/www/modules//consensus/?run_id=110202&search_id=114132&scans_id=110198&peptide_id=10740&scanf=19377&charge=2&value=sp|P40926|MDHM_HUMAN,1,/core/www/modules/match_peptides/blast_html4.php?run_id=110202&search_id=114132&scans_id=110198&peptide_id=10740&scanf=19377&charge=2&value=1,K.AGAGSATLSMAYAGAR.F,/core/www/modules/show_out/show_out_wrapper.php?run_id=110202&search_id=114132&scans_id=110198&peptide_id=10740&scanf=19377&charge=2&value=K.AGAGSATLSMAYAGAR.F,MDH2,5.796e+7,3.886,0.000,3.720,0.000
19380,2,"  3.790","  0.594",15/24,/core/www/modules//sdig/index.php?run_id=110202&search_id=114132&scans_id=110198&peptide_id=10744&scanf=19380&charge=2&value=15/24,sp|P13667|PDIA4_HUMAN,/core/www/modules//consensus/?run_id=110202&search_id=114132&scans_id=110198&peptide_id=10744&scanf=19380&charge=2&value=sp|P13667|PDIA4_HUMAN,2,/core/www/modules/match_peptides/blast_html4.php?run_id=110202&search_id=114132&scans_id=110198&peptide_id=10744&scanf=19380&charge=2&value=2,K.VSQGQLVVMQPEK.F,/core/www/modules/show_out/show_out_wrapper.php?run_id=110202&search_id=114132&scans_id=110198&peptide_id=10744&scanf=19380&charge=2&value=K.VSQGQLVVMQPEK.F,PDIA4,2.027e+7,3.610,0.000,3.312,0.000
19384,3,"  4.018","  0.543",18/44,/core/www/modules//sdig/index.php?run_id=110202&search_id=114132&scans_id=110198&peptide_id=10748&scanf=19384&charge=3&value=18/44,sp|Q9NPD3|EXOS4_HUMAN,/core/www/modules//consensus/?run_id=110202&search_id=114132&scans_id=110198&peptide_id=10748&scanf=19384&charge=3&value=sp|Q9NPD3|EXOS4_HUMAN,1,/core/www/modules/match_peptides/blast_html4.php?run_id=110202&search_id=114132&scans_id=110198&peptide_id=10748&scanf=19384&charge=3&value=1,K.ALAVVYGPHEIR.G,/core/www/modules/show_out/show_out_wrapper.php?run_id=110202&search_id=114132&scans_id=110198&peptide_id=10748&scanf=19384&charge=3&value=K.ALAVVYGPHEIR.G,EXOSC4,1.427e+7,3.567,0.001,3.248,0.000
19385,2,"  2.438","  0.467",10/16,/core/www/modules//sdig/index.php?run_id=110202&search_id=114132&scans_id=110198&peptide_id=10749&scanf=19385&charge=2&value=10/16,sp|P55060|XPO2_HUMAN,/core/www/modules//consensus/?run_id=110202&search_id=114132&scans_id=110198&peptide_id=10749&scanf=19385&charge=2&value=sp|P55060|XPO2_HUMAN,0,/core/www/modules/match_peptides/blast_html4.php?run_id=110202&search_id=114132&scans_id=110198&peptide_id=10749&scanf=19385&charge=2&value=0,R.TGNIPALVR.L,/core/www/modules/show_out/show_out_wrapper.php?run_id=110202&search_id=114132&scans_id=110198&peptide_id=10749&scanf=19385&charge=2&value=R.TGNIPALVR.L,CSE1L,2.667e+7,3.244,0.002,2.770,0.000
19388,2,"  1.354","  0.362",8/16,/core/www/modules//sdig/index.php?run_id=110202&search_id=114132&scans_id=110198&peptide_id=10751&scanf=19388&charge=2&value=8/16,sp|Q9BVP2|GNL3_HUMAN,/core/www/modules//consensus/?run_id=110202&search_id=114132&scans_id=110198&peptide_id=10751&scanf=19388&charge=2&value=sp|Q9BVP2|GNL3_HUMAN,0,/core/www/modules/match_peptides/blast_html4.php?run_id=110202&search_id=114132&scans_id=110198&peptide_id=10751&scanf=19388&charge=2&value=0,R.SMQVVPLDK.Q,/core/www/modules/show_out/show_out_wrapper.php?run_id=110202&search_id=114132&scans_id=110198&peptide_id=10751&scanf=19388&charge=2&value=R.SMQVVPLDK.Q,GNL3,5.011e+7,2.441,0.026,1.588,0.001
19389,2,"  3.310","  0.509",12/18,/core/www/modules//sdig/index.php?run_id=110202&search_id=114132&scans_id=110198&peptide_id=10752&scanf=19389&charge=2&value=12/18,sp|Q7L014|DDX46_HUMAN,/core/www/modules//consensus/?run_id=110202&search_id=114132&scans_id=110198&peptide_id=10752&scanf=19389&charge=2&value=sp|Q7L014|DDX46_HUMAN,2,/core/www/modules/match_peptides/blast_html4.php?run_id=110202&search_id=114132&scans_id=110198&peptide_id=10752&scanf=19389&charge=2&value=2,K.MSQEEVNVFR.L,/core/www/modules/show_out/show_out_wrapper.php?run_id=110202&search_id=114132&scans_id=110198&peptide_id=10752&scanf=19389&charge=2&value=K.MSQEEVNVFR.L,DDX46,3.682e+7,3.523,0.001,3.183,0.000
19390,3,"  1.963","  0.531",10/40,/core/www/modules//sdig/index.php?run_id=110202&search_id=114132&scans_id=110198&peptide_id=10754&scanf=19390&charge=3&value=10/40,sp|Q15393|SF3B3_HUMAN,/core/www/modules//consensus/?run_id=110202&search_id=114132&scans_id=110198&peptide_id=10754&scanf=19390&charge=3&value=sp|Q15393|SF3B3_HUMAN,0,/core/www/modules/match_peptides/blast_html4.php?run_id=110202&search_id=114132&scans_id=110198&peptide_id=10754&scanf=19390&charge=3&value=0,R.LTISSPLEAHK.A,/core/www/modules/show_out/show_out_wrapper.php?run_id=110202&search_id=114132&scans_id=110198&peptide_id=10754&scanf=19390&charge=3&value=R.LTISSPLEAHK.A,SF3B3,7.822e+7,3.308,0.001,2.864,0.000
19391,2,"  3.892","  0.494",15/24,/core/www/modules//sdig/index.php?run_id=110202&search_id=114132&scans_id=110198&peptide_id=10755&scanf=19391&charge=2&value=15/24,sp|P02545|LMNA_HUMAN,/core/www/modules//consensus/?run_id=110202&search_id=114132&scans_id=110198&peptide_id=10755&scanf=19391&charge=2&value=sp|P02545|LMNA_HUMAN,3,/core/www/modules/match_peptides/blast_html4.php?run_id=110202&search_id=114132&scans_id=110198&peptide_id=10755&scanf=19391&charge=2&value=3,K.SNEDQSMGNWQIK.R,/core/www/modules/show_out/show_out_wrapper.php?run_id=110202&search_id=114132&scans_id=110198&peptide_id=10755&scanf=19391&charge=2&value=K.SNEDQSMGNWQIK.R,LMNA,6.048e+7,3.379,0.001,2.969,0.000
19393,3,"  4.459","  0.512",19/56,/core/www/modules//sdig/index.php?run_id=110202&search_id=114132&scans_id=110198&peptide_id=10757&scanf=19393&charge=3&value=19/56,sp|O60488|ACSL4_HUMAN,/core/www/modules//consensus/?run_id=110202&search_id=114132&scans_id=110198&peptide_id=10757&scanf=19393&charge=3&value=sp|O60488|ACSL4_HUMAN,2,/core/www/modules/match_peptides/blast_html4.php?run_id=110202&search_id=114132&scans_id=110198&peptide_id=10757&scanf=19393&charge=3&value=2,R.MMLSGGAPLSPQTHR.F,/core/www/modules/show_out/show_out_wrapper.php?run_id=110202&search_id=114132&scans_id=110198&peptide_id=10757&scanf=19393&charge=3&value=R.MMLSGGAPLSPQTHR.F,ACSL4,1.654e+7,3.294,0.001,2.843,0.000
19395,2,"  2.171","  0.455",8/14,/core/www/modules//sdig/index.php?run_id=110202&search_id=114132&scans_id=110198&peptide_id=10759&scanf=19395&charge=2&value=8/14,sp|Q15149|PLEC_HUMAN,/core/www/modules//consensus/?run_id=110202&search_id=114132&scans_id=110198&peptide_id=10759&scanf=19395&charge=2&value=sp|Q15149|PLEC_HUMAN,5,/core/www/modules/match_peptides/blast_html4.php?run_id=110202&search_id=114132&scans_id=110198&peptide_id=10759&scanf=19395&charge=2&value=5,K.VSIYEAMR.R,/core/www/modules/show_out/show_out_wrapper.php?run_id=110202&search_id=114132&scans_id=110198&peptide_id=10759&scanf=19395&charge=2&value=K.VSIYEAMR.R,PLEC,2.066e+7,3.602,0.001,3.299,0.000
19398,2,"  1.946","  0.549",9/14,/core/www/modules//sdig/index.php?run_id=110202&search_id=114132&scans_id=110198&peptide_id=10762&scanf=19398&charge=2&value=9/14,sp|P78527|PRKDC_HUMAN,/core/www/modules//consensus/?run_id=110202&search_id=114132&scans_id=110198&peptide_id=10762&scanf=19398&charge=2&value=sp|P78527|PRKDC_HUMAN,1,/core/www/modules/match_peptides/blast_html4.php?run_id=110202&search_id=114132&scans_id=110198&peptide_id=10762&scanf=19398&charge=2&value=1,R.WPVAGQIR.A,/core/www/modules/show_out/show_out_wrapper.php?run_id=110202&search_id=114132&scans_id=110198&peptide_id=10762&scanf=19398&charge=2&value=R.WPVAGQIR.A,PRKDC,1.614e+8,4.329,0.000,4.377,0.000
19400,2,"  2.355","  0.451",9/16,/core/www/modules//sdig/index.php?run_id=110202&search_id=114132&scans_id=110198&peptide_id=10765&scanf=19400&charge=2&value=9/16,sp|P13639|EF2_HUMAN,/core/www/modules//consensus/?run_id=110202&search_id=114132&scans_id=110198&peptide_id=10765&scanf=19400&charge=2&value=sp|P13639|EF2_HUMAN,0,/core/www/modules/match_peptides/blast_html4.php?run_id=110202&search_id=114132&scans_id=110198&peptide_id=10765&scanf=19400&charge=2&value=0,K.GVQYLNEIK.D,/core/www/modules/show_out/show_out_wrapper.php?run_id=110202&search_id=114132&scans_id=110198&peptide_id=10765&scanf=19400&charge=2&value=K.GVQYLNEIK.D,EEF2,4.224e+7,3.086,0.003,2.534,0.000
19401,2,"  3.089","  0.402",14/20,/core/www/modules//sdig/index.php?run_id=110202&search_id=114132&scans_id=110198&peptide_id=10766&scanf=19401&charge=2&value=14/20,sp|Q96GM5|SMRD1_HUMAN,/core/www/modules//consensus/?run_id=110202&search_id=114132&scans_id=110198&peptide_id=10766&scanf=19401&charge=2&value=sp|Q96GM5|SMRD1_HUMAN,2,/core/www/modules/match_peptides/blast_html4.php?run_id=110202&search_id=114132&scans_id=110198&peptide_id=10766&scanf=19401&charge=2&value=2,R.RQELEQALGIR.N,/core/www/modules/show_out/show_out_wrapper.php?run_id=110202&search_id=114132&scans_id=110198&peptide_id=10766&scanf=19401&charge=2&value=R.RQELEQALGIR.N,SMARCD1,2.603e+7,2.789,0.008,2.096,0.000
19403,2,"  1.895","  0.370",8/14,/core/www/modules//sdig/index.php?run_id=110202&search_id=114132&scans_id=110198&peptide_id=10768&scanf=19403&charge=2&value=8/14,sp|P62316|SMD2_HUMAN,/core/www/modules//consensus/?run_id=110202&search_id=114132&scans_id=110198&peptide_id=10768&scanf=19403&charge=2&value=sp|P62316|SMD2_HUMAN,1,/core/www/modules/match_peptides/blast_html4.php?run_id=110202&search_id=114132&scans_id=110198&peptide_id=10768&scanf=19403&charge=2&value=1,K.EMWTEVPK.S,/core/www/modules/show_out/show_out_wrapper.php?run_id=110202&search_id=114132&scans_id=110198&peptide_id=10768&scanf=19403&charge=2&value=K.EMWTEVPK.S,SNRPD2,6.887e+7,2.798,0.008,2.110,0.000
19404,2,"  1.330","  0.209",7/14,/core/www/modules//sdig/index.php?run_id=110202&search_id=114132&scans_id=110198&peptide_id=10769&scanf=19404&charge=2&value=7/14,sp|Q7KZ85|SPT6H_HUMAN,/core/www/modules//consensus/?run_id=110202&search_id=114132&scans_id=110198&peptide_id=10769&scanf=19404&charge=2&value=sp|Q7KZ85|SPT6H_HUMAN,0,/core/www/modules/match_peptides/blast_html4.php?run_id=110202&search_id=114132&scans_id=110198&peptide_id=10769&scanf=19404&charge=2&value=0,K.HITLYDIR.A,/core/www/modules/show_out/show_out_wrapper.php?run_id=110202&search_id=114132&scans_id=110198&peptide_id=10769&scanf=19404&charge=2&value=K.HITLYDIR.A,SUPT6H,1.117e+7,1.912,0.139,0.857,0.007
19406,2,"  4.358","  0.685",18/32,/core/www/modules//sdig/index.php?run_id=110202&search_id=114132&scans_id=110198&peptide_id=10771&scanf=19406&charge=2&value=18/32,sp|P02545|LMNA_HUMAN,/core/www/modules//consensus/?run_id=110202&search_id=114132&scans_id=110198&peptide_id=10771&scanf=19406&charge=2&value=sp|P02545|LMNA_HUMAN,1,/core/www/modules/match_peptides/blast_html4.php?run_id=110202&search_id=114132&scans_id=110198&peptide_id=10771&scanf=19406&charge=2&value=1,R.SVGGSGGGSFGDNLVTR.S,/core/www/modules/show_out/show_out_wrapper.php?run_id=110202&search_id=114132&scans_id=110198&peptide_id=10771&scanf=19406&charge=2&value=R.SVGGSGGGSFGDNLVTR.S,LMNA,1.483e+7,3.814,0.000,3.614,0.000
19407,3,"  3.949","  0.538",16/52,/core/www/modules//sdig/index.php?run_id=110202&search_id=114132&scans_id=110198&peptide_id=10772&scanf=19407&charge=3&value=16/52,sp|Q8N1G4|LRC47_HUMAN,/core/www/modules//consensus/?run_id=110202&search_id=114132&scans_id=110198&peptide_id=10772&scanf=19407&charge=3&value=sp|Q8N1G4|LRC47_HUMAN,0,/core/www/modules/match_peptides/blast_html4.php?run_id=110202&search_id=114132&scans_id=110198&peptide_id=10772&scanf=19407&charge=3&value=0,K.ADLATAPPHVTVVR.-,/core/www/modules/show_out/show_out_wrapper.php?run_id=110202&search_id=114132&scans_id=110198&peptide_id=10772&scanf=19407&charge=3&value=K.ADLATAPPHVTVVR.-,LRRC47,8.129e+6,3.371,0.001,2.957,0.000
19409,3,"  4.761","  0.613",20/52,/core/www/modules//sdig/index.php?run_id=110202&search_id=114132&scans_id=110198&peptide_id=10773&scanf=19409&charge=3&value=20/52,sp|P08670|VIME_HUMAN,/core/www/modules//consensus/?run_id=110202&search_id=114132&scans_id=110198&peptide_id=10773&scanf=19409&charge=3&value=sp|P08670|VIME_HUMAN,2,/core/www/modules/match_peptides/blast_html4.php?run_id=110202&search_id=114132&scans_id=110198&peptide_id=10773&scanf=19409&charge=3&value=2,R.LQDEIQNMKEEMAR.H,/core/www/modules/show_out/show_out_wrapper.php?run_id=110202&search_id=114132&scans_id=110198&peptide_id=10773&scanf=19409&charge=3&value=R.LQDEIQNMKEEMAR.H,VIM,6.748e+8,3.943,0.000,3.806,0.000
19411,2,"  3.298","  0.588",14/24,/core/www/modules//sdig/index.php?run_id=110202&search_id=114132&scans_id=110198&peptide_id=10776&scanf=19411&charge=2&value=14/24,sp|P35268|RL22_HUMAN,/core/www/modules//consensus/?run_id=110202&search_id=114132&scans_id=110198&peptide_id=10776&scanf=19411&charge=2&value=sp|P35268|RL22_HUMAN,6,/core/www/modules/match_peptides/blast_html4.php?run_id=110202&search_id=114132&scans_id=110198&peptide_id=10776&scanf=19411&charge=2&value=6,K.AGNLGGGVVTIER.S,/core/www/modules/show_out/show_out_wrapper.php?run_id=110202&search_id=114132&scans_id=110198&peptide_id=10776&scanf=19411&charge=2&value=K.AGNLGGGVVTIER.S,RPL22,3.413e+8,3.436,0.001,3.053,0.000
19412,3,"  4.030","  0.409",13/52,/core/www/modules//sdig/index.php?run_id=110202&search_id=114132&scans_id=110198&peptide_id=10777&scanf=19412&charge=3&value=13/52,sp|P43246|MSH2_HUMAN,/core/www/modules//consensus/?run_id=110202&search_id=114132&scans_id=110198&peptide_id=10777&scanf=19412&charge=3&value=sp|P43246|MSH2_HUMAN,5,/core/www/modules/match_peptides/blast_html4.php?run_id=110202&search_id=114132&scans_id=110198&peptide_id=10777&scanf=19412&charge=3&value=5,R.FFQGMPEKPTTTVR.L,/core/www/modules/show_out/show_out_wrapper.php?run_id=110202&search_id=114132&scans_id=110198&peptide_id=10777&scanf=19412&charge=3&value=R.FFQGMPEKPTTTVR.L,MSH2,1.530e+7,2.895,0.006,2.254,0.000
19413,2,"  2.134","  0.276",8/14,/core/www/modules//sdig/index.php?run_id=110202&search_id=114132&scans_id=110198&peptide_id=10778&scanf=19413&charge=2&value=8/14,sp|Q9UIF9|BAZ2A_HUMAN,/core/www/modules//consensus/?run_id=110202&search_id=114132&scans_id=110198&peptide_id=10778&scanf=19413&charge=2&value=sp|Q9UIF9|BAZ2A_HUMAN,2,/core/www/modules/match_peptides/blast_html4.php?run_id=110202&search_id=114132&scans_id=110198&peptide_id=10778&scanf=19413&charge=2&value=2,R.DNVSEILR.C,/core/www/modules/show_out/show_out_wrapper.php?run_id=110202&search_id=114132&scans_id=110198&peptide_id=10778&scanf=19413&charge=2&value=R.DNVSEILR.C,BAZ2A,2.345e+7,2.535,0.019,1.726,0.000
19415,3,"  2.174","  0.378",8/48,/core/www/modules//sdig/index.php?run_id=110202&search_id=114132&scans_id=110198&peptide_id=10780&scanf=19415&charge=3&value=8/48,sp|O43242|PSMD3_HUMAN,/core/www/modules//consensus/?run_id=110202&search_id=114132&scans_id=110198&peptide_id=10780&scanf=19415&charge=3&value=sp|O43242|PSMD3_HUMAN,0,/core/www/modules/match_peptides/blast_html4.php?run_id=110202&search_id=114132&scans_id=110198&peptide_id=10780&scanf=19415&charge=3&value=0,R.NYLHYSLYDQAEK.L,/core/www/modules/show_out/show_out_wrapper.php?run_id=110202&search_id=114132&scans_id=110198&peptide_id=10780&scanf=19415&charge=3&value=R.NYLHYSLYDQAEK.L,PSMD3,1.009e+7,2.609,0.015,1.833,0.000
19416,4,"  3.727","  0.520",21/96,/core/www/modules//sdig/index.php?run_id=110202&search_id=114132&scans_id=110198&peptide_id=10781&scanf=19416&charge=4&value=21/96,sp|Q13547|HDAC1_HUMAN,/core/www/modules//consensus/?run_id=110202&search_id=114132&scans_id=110198&peptide_id=10781&scanf=19416&charge=4&value=sp|Q13547|HDAC1_HUMAN,1,/core/www/modules/match_peptides/blast_html4.php?run_id=110202&search_id=114132&scans_id=110198&peptide_id=10781&scanf=19416&charge=4&value=1,K.QQTDIAVNWAGGLHHAK.K,/core/www/modules/show_out/show_out_wrapper.php?run_id=110202&search_id=114132&scans_id=110198&peptide_id=10781&scanf=19416&charge=4&value=K.QQTDIAVNWAGGLHHAK.K,HDAC1,1.191e+7,3.519,0.001,3.177,0.000
19417,2,"  3.302","  0.178",14/24,/core/www/modules//sdig/index.php?run_id=110202&search_id=114132&scans_id=110198&peptide_id=10782&scanf=19417&charge=2&value=14/24,sp|O43242|PSMD3_HUMAN,/core/www/modules//consensus/?run_id=110202&search_id=114132&scans_id=110198&peptide_id=10782&scanf=19417&charge=2&value=sp|O43242|PSMD3_HUMAN,0,/core/www/modules/match_peptides/blast_html4.php?run_id=110202&search_id=114132&scans_id=110198&peptide_id=10782&scanf=19417&charge=2&value=0,K.AVQGFFTSNNATR.D,/core/www/modules/show_out/show_out_wrapper.php?run_id=110202&search_id=114132&scans_id=110198&peptide_id=10782&scanf=19417&charge=2&value=K.AVQGFFTSNNATR.D,PSMD3,1.552e+7,2.147,0.067,1.172,0.002
19418,3,"  2.123","  0.243",12/40,/core/www/modules//sdig/index.php?run_id=110202&search_id=114132&scans_id=110198&peptide_id=10783&scanf=19418&charge=3&value=12/40,sp|Q8IX12|CCAR1_HUMAN,/core/www/modules//consensus/?run_id=110202&search_id=114132&scans_id=110198&peptide_id=10783&scanf=19418&charge=3&value=sp|Q8IX12|CCAR1_HUMAN,2,/core/www/modules/match_peptides/blast_html4.php?run_id=110202&search_id=114132&scans_id=110198&peptide_id=10783&scanf=19418&charge=3&value=2,K.SLLSLPEKEDK.K,/core/www/modules/show_out/show_out_wrapper.php?run_id=110202&search_id=114132&scans_id=110198&peptide_id=10783&scanf=19418&charge=3&value=K.SLLSLPEKEDK.K,CCAR1,9.914e+6,2.108,0.076,1.117,0.003
19419,2,"  2.291","  0.441",10/14,/core/www/modules//sdig/index.php?run_id=110202&search_id=114132&scans_id=110198&peptide_id=10784&scanf=19419&charge=2&value=10/14,sp|Q8WUA4|TF3C2_HUMAN,/core/www/modules//consensus/?run_id=110202&search_id=114132&scans_id=110198&peptide_id=10784&scanf=19419&charge=2&value=sp|Q8WUA4|TF3C2_HUMAN,0,/core/www/modules/match_peptides/blast_html4.php?run_id=110202&search_id=114132&scans_id=110198&peptide_id=10784&scanf=19419&charge=2&value=0,K.SPLFSVQR.E,/core/www/modules/show_out/show_out_wrapper.php?run_id=110202&search_id=114132&scans_id=110198&peptide_id=10784&scanf=19419&charge=2&value=K.SPLFSVQR.E,GTF3C2,1.486e+7,3.329,0.001,2.895,0.000
19420,4,"  6.769","  0.686",22/126,/core/www/modules//sdig/index.php?run_id=110202&search_id=114132&scans_id=110198&peptide_id=10786&scanf=19420&charge=4&value=22/126,sp|Q9NYF8|BCLF1_HUMAN,/core/www/modules//consensus/?run_id=110202&search_id=114132&scans_id=110198&peptide_id=10786&scanf=19420&charge=4&value=sp|Q9NYF8|BCLF1_HUMAN,6,/core/www/modules/match_peptides/blast_html4.php?run_id=110202&search_id=114132&scans_id=110198&peptide_id=10786&scanf=19420&charge=4&value=6,K.SQEEPKDTFEHDPSESIDEFNK.S,/core/www/modules/show_out/show_out_wrapper.php?run_id=110202&search_id=114132&scans_id=110198&peptide_id=10786&scanf=19420&charge=4&value=K.SQEEPKDTFEHDPSESIDEFNK.S,BCLAF1,2.226e+7,3.710,0.000,3.460,0.000
19427,2,"  3.516","  0.570",17/24,/core/www/modules//sdig/index.php?run_id=110202&search_id=114132&scans_id=110198&peptide_id=10793&scanf=19427&charge=2&value=17/24,sp|Q07021|C1QBP_HUMAN,/core/www/modules//consensus/?run_id=110202&search_id=114132&scans_id=110198&peptide_id=10793&scanf=19427&charge=2&value=sp|Q07021|C1QBP_HUMAN,2,/core/www/modules/match_peptides/blast_html4.php?run_id=110202&search_id=114132&scans_id=110198&peptide_id=10793&scanf=19427&charge=2&value=2,R.EVSFQSTGESEWK.D,/core/www/modules/show_out/show_out_wrapper.php?run_id=110202&search_id=114132&scans_id=110198&peptide_id=10793&scanf=19427&charge=2&value=R.EVSFQSTGESEWK.D,C1QBP,1.083e+7,3.571,0.001,3.254,0.000
19430,3,"  3.112","  0.416",17/36,/core/www/modules//sdig/index.php?run_id=110202&search_id=114132&scans_id=110198&peptide_id=10796&scanf=19430&charge=3&value=17/36,sp|Q07955|SRSF1_HUMAN,/core/www/modules//consensus/?run_id=110202&search_id=114132&scans_id=110198&peptide_id=10796&scanf=19430&charge=3&value=sp|Q07955|SRSF1_HUMAN,3,/core/www/modules/match_peptides/blast_html4.php?run_id=110202&search_id=114132&scans_id=110198&peptide_id=10796&scanf=19430&charge=3&value=3,R.TKDIEDVFYK.Y,/core/www/modules/show_out/show_out_wrapper.php?run_id=110202&search_id=114132&scans_id=110198&peptide_id=10796&scanf=19430&charge=3&value=R.TKDIEDVFYK.Y,SRSF1,2.852e+8,3.106,0.003,2.565,0.000
19431,2,"  3.581","  0.660",17/20,/core/www/modules//sdig/index.php?run_id=110202&search_id=114132&scans_id=110198&peptide_id=10797&scanf=19431&charge=2&value=17/20,sp|O60506|HNRPQ_HUMAN,/core/www/modules//consensus/?run_id=110202&search_id=114132&scans_id=110198&peptide_id=10797&scanf=19431&charge=2&value=sp|O60506|HNRPQ_HUMAN,8,/core/www/modules/match_peptides/blast_html4.php?run_id=110202&search_id=114132&scans_id=110198&peptide_id=10797&scanf=19431&charge=2&value=8,K.TKEQILEEFSK.V,/core/www/modules/show_out/show_out_wrapper.php?run_id=110202&search_id=114132&scans_id=110198&peptide_id=10797&scanf=19431&charge=2&value=K.TKEQILEEFSK.V,SYNCRIP,4.256e+7,3.999,0.000,3.888,0.000
19432,2,"  2.822","  0.469",10/16,/core/www/modules//sdig/index.php?run_id=110202&search_id=114132&scans_id=110198&peptide_id=10798&scanf=19432&charge=2&value=10/16,sp|Q9NZI8|IF2B1_HUMAN,/core/www/modules//consensus/?run_id=110202&search_id=114132&scans_id=110198&peptide_id=10798&scanf=19432&charge=2&value=sp|Q9NZI8|IF2B1_HUMAN,0,/core/www/modules/match_peptides/blast_html4.php?run_id=110202&search_id=114132&scans_id=110198&peptide_id=10798&scanf=19432&charge=2&value=0,K.QQQVDIPLR.L,/core/www/modules/show_out/show_out_wrapper.php?run_id=110202&search_id=114132&scans_id=110198&peptide_id=10798&scanf=19432&charge=2&value=K.QQQVDIPLR.L,IGF2BP1,6.687e+7,3.259,0.002,2.791,0.000
19433,2,"  2.240","  0.306",11/16,/core/www/modules//sdig/index.php?run_id=110202&search_id=114132&scans_id=110198&peptide_id=10799&scanf=19433&charge=2&value=11/16,sp|Q15149|PLEC_HUMAN,/core/www/modules//consensus/?run_id=110202&search_id=114132&scans_id=110198&peptide_id=10799&scanf=19433&charge=2&value=sp|Q15149|PLEC_HUMAN,5,/core/www/modules/match_peptides/blast_html4.php?run_id=110202&search_id=114132&scans_id=110198&peptide_id=10799&scanf=19433&charge=2&value=5,K.DLSELGSVR.T,/core/www/modules/show_out/show_out_wrapper.php?run_id=110202&search_id=114132&scans_id=110198&peptide_id=10799&scanf=19433&charge=2&value=K.DLSELGSVR.T,PLEC,2.091e+7,3.285,0.001,2.829,0.000
19438,2,"  1.923","  0.380",8/12,/core/www/modules//sdig/index.php?run_id=110202&search_id=114132&scans_id=110198&peptide_id=10804&scanf=19438&charge=2&value=8/12,sp|Q13435|SF3B2_HUMAN,/core/www/modules//consensus/?run_id=110202&search_id=114132&scans_id=110198&peptide_id=10804&scanf=19438&charge=2&value=sp|Q13435|SF3B2_HUMAN,1,/core/www/modules/match_peptides/blast_html4.php?run_id=110202&search_id=114132&scans_id=110198&peptide_id=10804&scanf=19438&charge=2&value=1,R.FTVAELK.Q,/core/www/modules/show_out/show_out_wrapper.php?run_id=110202&search_id=114132&scans_id=110198&peptide_id=10804&scanf=19438&charge=2&value=R.FTVAELK.Q,SF3B2,4.193e+7,3.066,0.003,2.505,0.000
19440,2,"  3.137","  0.669",13/18,/core/www/modules//sdig/index.php?run_id=110202&search_id=114132&scans_id=110198&peptide_id=10807&scanf=19440&charge=2&value=13/18,sp|P08670|VIME_HUMAN,/core/www/modules//consensus/?run_id=110202&search_id=114132&scans_id=110198&peptide_id=10807&scanf=19440&charge=2&value=sp|P08670|VIME_HUMAN,1,/core/www/modules/match_peptides/blast_html4.php?run_id=110202&search_id=114132&scans_id=110198&peptide_id=10807&scanf=19440&charge=2&value=1,R.LGDLYEEEMR.E,/core/www/modules/show_out/show_out_wrapper.php?run_id=110202&search_id=114132&scans_id=110198&peptide_id=10807&scanf=19440&charge=2&value=R.LGDLYEEEMR.E,VIM,1.637e+9,4.485,0.000,4.608,0.000
19441,4,"  4.936","  0.556",18/138,/core/www/modules//sdig/index.php?run_id=110202&search_id=114132&scans_id=110198&peptide_id=10808&scanf=19441&charge=4&value=18/138,sp|P27797|CALR_HUMAN,/core/www/modules//consensus/?run_id=110202&search_id=114132&scans_id=110198&peptide_id=10808&scanf=19441&charge=4&value=sp|P27797|CALR_HUMAN,3,/core/www/modules/match_peptides/blast_html4.php?run_id=110202&search_id=114132&scans_id=110198&peptide_id=10808&scanf=19441&charge=4&value=3,K.IDDPTDSKPEDWDKPEHIPDPDAK.K,/core/www/modules/show_out/show_out_wrapper.php?run_id=110202&search_id=114132&scans_id=110198&peptide_id=10808&scanf=19441&charge=4&value=K.IDDPTDSKPEDWDKPEHIPDPDAK.K,CALR,8.927e+6,3.298,0.001,2.849,0.000
19442,2,"  2.179","  0.353",10/16,/core/www/modules//sdig/index.php?run_id=110202&search_id=114132&scans_id=110198&peptide_id=10809&scanf=19442&charge=2&value=10/16,sp|P12814|ACTN1_HUMAN,/core/www/modules//consensus/?run_id=110202&search_id=114132&scans_id=110198&peptide_id=10809&scanf=19442&charge=2&value=sp|P12814|ACTN1_HUMAN,11,/core/www/modules/match_peptides/blast_html4.php?run_id=110202&search_id=114132&scans_id=110198&peptide_id=10809&scanf=19442&charge=2&value=11,R.IMSIVDPNR.L,/core/www/modules/show_out/show_out_wrapper.php?run_id=110202&search_id=114132&scans_id=110198&peptide_id=10809&scanf=19442&charge=2&value=R.IMSIVDPNR.L,ACTN1,6.708e+7,2.946,0.005,2.329,0.000
19443,2,"  3.187","  0.517",11/16,/core/www/modules//sdig/index.php?run_id=110202&search_id=114132&scans_id=110198&peptide_id=10810&scanf=19443&charge=2&value=11/16,sp|P19338|NUCL_HUMAN,/core/www/modules//consensus/?run_id=110202&search_id=114132&scans_id=110198&peptide_id=10810&scanf=19443&charge=2&value=sp|P19338|NUCL_HUMAN,10,/core/www/modules/match_peptides/blast_html4.php?run_id=110202&search_id=114132&scans_id=110198&peptide_id=10810&scanf=19443&charge=2&value=10,K.NDLAVVDVR.I,/core/www/modules/show_out/show_out_wrapper.php?run_id=110202&search_id=114132&scans_id=110198&peptide_id=10810&scanf=19443&charge=2&value=K.NDLAVVDVR.I,NCL,6.808e+8,3.715,0.000,3.467,0.000
19445,3,"  4.386","  0.534",18/52,/core/www/modules//sdig/index.php?run_id=110202&search_id=114132&scans_id=110198&peptide_id=10812&scanf=19445&charge=3&value=18/52,sp|P47756|CAPZB_HUMAN,/core/www/modules//consensus/?run_id=110202&search_id=114132&scans_id=110198&peptide_id=10812&scanf=19445&charge=3&value=sp|P47756|CAPZB_HUMAN,4,/core/www/modules/match_peptides/blast_html4.php?run_id=110202&search_id=114132&scans_id=110198&peptide_id=10812&scanf=19445&charge=3&value=4,R.KLEVEANNAFDQYR.D,/core/www/modules/show_out/show_out_wrapper.php?run_id=110202&search_id=114132&scans_id=110198&peptide_id=10812&scanf=19445&charge=3&value=R.KLEVEANNAFDQYR.D,CAPZB,1.605e+7,3.174,0.002,2.666,0.000
19446,2,"  3.034","  0.613",14/22,/core/www/modules//sdig/index.php?run_id=110202&search_id=114132&scans_id=110198&peptide_id=10813&scanf=19446&charge=2&value=14/22,sp|Q13243|SRSF5_HUMAN,/core/www/modules//consensus/?run_id=110202&search_id=114132&scans_id=110198&peptide_id=10813&scanf=19446&charge=2&value=sp|Q13243|SRSF5_HUMAN,3,/core/www/modules/match_peptides/blast_html4.php?run_id=110202&search_id=114132&scans_id=110198&peptide_id=10813&scanf=19446&charge=2&value=3,R.DADDAVYELDGK.E,/core/www/modules/show_out/show_out_wrapper.php?run_id=110202&search_id=114132&scans_id=110198&peptide_id=10813&scanf=19446&charge=2&value=R.DADDAVYELDGK.E,SRSF5,1.825e+7,3.634,0.000,3.347,0.000
19448,2,"  2.196","  0.432",8/18,/core/www/modules//sdig/index.php?run_id=110202&search_id=114132&scans_id=110198&peptide_id=10815&scanf=19448&charge=2&value=8/18,sp|P50990|TCPQ_HUMAN,/core/www/modules//consensus/?run_id=110202&search_id=114132&scans_id=110198&peptide_id=10815&scanf=19448&charge=2&value=sp|P50990|TCPQ_HUMAN,1,/core/www/modules/match_peptides/blast_html4.php?run_id=110202&search_id=114132&scans_id=110198&peptide_id=10815&scanf=19448&charge=2&value=1,K.QYGNEVFLAK.L,/core/www/modules/show_out/show_out_wrapper.php?run_id=110202&search_id=114132&scans_id=110198&peptide_id=10815&scanf=19448&charge=2&value=K.QYGNEVFLAK.L,CCT8,2.346e+7,2.851,0.006,2.188,0.000
19449,3,"  2.874","  0.446",17/44,/core/www/modules//sdig/index.php?run_id=110202&search_id=114132&scans_id=110198&peptide_id=10816&scanf=19449&charge=3&value=17/44,sp|Q15369|ELOC_HUMAN,/core/www/modules//consensus/?run_id=110202&search_id=114132&scans_id=110198&peptide_id=10816&scanf=19449&charge=3&value=sp|Q15369|ELOC_HUMAN,4,/core/www/modules/match_peptides/blast_html4.php?run_id=110202&search_id=114132&scans_id=110198&peptide_id=10816&scanf=19449&charge=3&value=4,K.LISSDGHEFIVK.R,/core/www/modules/show_out/show_out_wrapper.php?run_id=110202&search_id=114132&scans_id=110198&peptide_id=10816&scanf=19449&charge=3&value=K.LISSDGHEFIVK.R,ELOC,2.885e+7,3.135,0.002,2.608,0.000
19451,2,"  1.711","  0.159",7/12,/core/www/modules//sdig/index.php?run_id=110202&search_id=114132&scans_id=110198&peptide_id=10818&scanf=19451&charge=2&value=7/12,sp|Q8WWY3|PRP31_HUMAN,/core/www/modules//consensus/?run_id=110202&search_id=114132&scans_id=110198&peptide_id=10818&scanf=19451&charge=2&value=sp|Q8WWY3|PRP31_HUMAN,1,/core/www/modules/match_peptides/blast_html4.php?run_id=110202&search_id=114132&scans_id=110198&peptide_id=10818&scanf=19451&charge=2&value=1,R.LGLTEIR.K,/core/www/modules/show_out/show_out_wrapper.php?run_id=110202&search_id=114132&scans_id=110198&peptide_id=10818&scanf=19451&charge=2&value=R.LGLTEIR.K,PRPF31,2.895e+7,2.189,0.059,1.231,0.002
19452,3,"  2.850","  0.502",14/44,/core/www/modules//sdig/index.php?run_id=110202&search_id=114132&scans_id=110198&peptide_id=10819&scanf=19452&charge=3&value=14/44,sp|P62249|RS16_HUMAN,/core/www/modules//consensus/?run_id=110202&search_id=114132&scans_id=110198&peptide_id=10819&scanf=19452&charge=3&value=sp|P62249|RS16_HUMAN,3,/core/www/modules/match_peptides/blast_html4.php?run_id=110202&search_id=114132&scans_id=110198&peptide_id=10819&scanf=19452&charge=3&value=3,K.VNGRPLEMIEPR.T,/core/www/modules/show_out/show_out_wrapper.php?run_id=110202&search_id=114132&scans_id=110198&peptide_id=10819&scanf=19452&charge=3&value=K.VNGRPLEMIEPR.T,RPS16,6.809e+7,3.266,0.002,2.802,0.000
19453,2,"  3.628","  0.006",15/26,/core/www/modules//sdig/index.php?run_id=110202&search_id=114132&scans_id=110198&peptide_id=10820&scanf=19453&charge=2&value=15/26,sp|P08670|VIME_HUMAN,/core/www/modules//consensus/?run_id=110202&search_id=114132&scans_id=110198&peptide_id=10820&scanf=19453&charge=2&value=sp|P08670|VIME_HUMAN,2,/core/www/modules/match_peptides/blast_html4.php?run_id=110202&search_id=114132&scans_id=110198&peptide_id=10820&scanf=19453&charge=2&value=2,R.LQDEIQNM*KEEMAR.H,/core/www/modules/show_out/show_out_wrapper.php?run_id=110202&search_id=114132&scans_id=110198&peptide_id=10820&scanf=19453&charge=2&value=R.LQDEIQNM*KEEMAR.H,VIM,1.670e+7,3.448,0.001,3.071,0.000
19454,2,"  1.812","  0.541",10/18,/core/www/modules//sdig/index.php?run_id=110202&search_id=114132&scans_id=110198&peptide_id=10821&scanf=19454&charge=2&value=10/18,sp|Q06830|PRDX1_HUMAN,/core/www/modules//consensus/?run_id=110202&search_id=114132&scans_id=110198&peptide_id=10821&scanf=19454&charge=2&value=sp|Q06830|PRDX1_HUMAN,1,/core/www/modules/match_peptides/blast_html4.php?run_id=110202&search_id=114132&scans_id=110198&peptide_id=10821&scanf=19454&charge=2&value=1,R.TIAQDYGVLK.A,/core/www/modules/show_out/show_out_wrapper.php?run_id=110202&search_id=114132&scans_id=110198&peptide_id=10821&scanf=19454&charge=2&value=R.TIAQDYGVLK.A,PRDX1,4.141e+7,3.289,0.001,2.835,0.000
19455,2,"  3.724","  0.672",16/24,/core/www/modules//sdig/index.php?run_id=110202&search_id=114132&scans_id=110198&peptide_id=10822&scanf=19455&charge=2&value=16/24,sp|Q7KZF4|SND1_HUMAN,/core/www/modules//consensus/?run_id=110202&search_id=114132&scans_id=110198&peptide_id=10822&scanf=19455&charge=2&value=sp|Q7KZF4|SND1_HUMAN,0,/core/www/modules/match_peptides/blast_html4.php?run_id=110202&search_id=114132&scans_id=110198&peptide_id=10822&scanf=19455&charge=2&value=0,K.VITEYLNAQESAK.S,/core/www/modules/show_out/show_out_wrapper.php?run_id=110202&search_id=114132&scans_id=110198&peptide_id=10822&scanf=19455&charge=2&value=K.VITEYLNAQESAK.S,SND1,2.728e+7,3.993,0.000,3.879,0.000
19457,2,"  3.025","  0.411",11/22,/core/www/modules//sdig/index.php?run_id=110202&search_id=114132&scans_id=110198&peptide_id=10824&scanf=19457&charge=2&value=11/22,sp|P28370|SMCA1_HUMAN,/core/www/modules//consensus/?run_id=110202&search_id=114132&scans_id=110198&peptide_id=10824&scanf=19457&charge=2&value=sp|P28370|SMCA1_HUMAN,2,/core/www/modules/match_peptides/blast_html4.php?run_id=110202&search_id=114132&scans_id=110198&peptide_id=10824&scanf=19457&charge=2&value=2,R.NPDIPNPALAQR.E,/core/www/modules/show_out/show_out_wrapper.php?run_id=110202&search_id=114132&scans_id=110198&peptide_id=10824&scanf=19457&charge=2&value=R.NPDIPNPALAQR.E,SMARCA1,2.823e+7,2.800,0.008,2.114,0.000
19458,2,"  2.229","  0.344",12/16,/core/www/modules//sdig/index.php?run_id=110202&search_id=114132&scans_id=110198&peptide_id=10825&scanf=19458&charge=2&value=12/16,sp|Q14980|NUMA1_HUMAN,/core/www/modules//consensus/?run_id=110202&search_id=114132&scans_id=110198&peptide_id=10825&scanf=19458&charge=2&value=sp|Q14980|NUMA1_HUMAN,2,/core/www/modules/match_peptides/blast_html4.php?run_id=110202&search_id=114132&scans_id=110198&peptide_id=10825&scanf=19458&charge=2&value=2,K.FQVATDALK.S,/core/www/modules/show_out/show_out_wrapper.php?run_id=110202&search_id=114132&scans_id=110198&peptide_id=10825&scanf=19458&charge=2&value=K.FQVATDALK.S,NUMA1,1.125e+8,3.197,0.002,2.700,0.000
19459,2,"  2.136","  0.552",10/16,/core/www/modules//sdig/index.php?run_id=110202&search_id=114132&scans_id=110198&peptide_id=10826&scanf=19459&charge=2&value=10/16,sp|P13639|EF2_HUMAN,/core/www/modules//consensus/?run_id=110202&search_id=114132&scans_id=110198&peptide_id=10826&scanf=19459&charge=2&value=sp|P13639|EF2_HUMAN,0,/core/www/modules/match_peptides/blast_html4.php?run_id=110202&search_id=114132&scans_id=110198&peptide_id=10826&scanf=19459&charge=2&value=0,K.YEWDVAEAR.K,/core/www/modules/show_out/show_out_wrapper.php?run_id=110202&search_id=114132&scans_id=110198&peptide_id=10826&scanf=19459&charge=2&value=K.YEWDVAEAR.K,EEF2,3.288e+7,3.375,0.001,2.963,0.000
19460,2,"  2.174","  0.351",9/14,/core/www/modules//sdig/index.php?run_id=110202&search_id=114132&scans_id=110198&peptide_id=10828&scanf=19460&charge=2&value=9/14,sp|Q12904|AIMP1_HUMAN,/core/www/modules//consensus/?run_id=110202&search_id=114132&scans_id=110198&peptide_id=10828&scanf=19460&charge=2&value=sp|Q12904|AIMP1_HUMAN,4,/core/www/modules/match_peptides/blast_html4.php?run_id=110202&search_id=114132&scans_id=110198&peptide_id=10828&scanf=19460&charge=2&value=4,K.AILQATLR.E,/core/www/modules/show_out/show_out_wrapper.php?run_id=110202&search_id=114132&scans_id=110198&peptide_id=10828&scanf=19460&charge=2&value=K.AILQATLR.E,AIMP1,1.817e+7,2.844,0.007,2.178,0.000
19463,2,"  2.053","  0.313",7/12,/core/www/modules//sdig/index.php?run_id=110202&search_id=114132&scans_id=110198&peptide_id=10831&scanf=19463&charge=2&value=7/12,sp|P34932|HSP74_HUMAN,/core/www/modules//consensus/?run_id=110202&search_id=114132&scans_id=110198&peptide_id=10831&scanf=19463&charge=2&value=sp|P34932|HSP74_HUMAN,0,/core/www/modules/match_peptides/blast_html4.php?run_id=110202&search_id=114132&scans_id=110198&peptide_id=10831&scanf=19463&charge=2&value=0,K.LFEELGK.Q,/core/www/modules/show_out/show_out_wrapper.php?run_id=110202&search_id=114132&scans_id=110198&peptide_id=10831&scanf=19463&charge=2&value=K.LFEELGK.Q,HSPA4,1.655e+7,2.687,0.011,1.947,0.000
19465,2,"  2.245","  0.191",10/14,/core/www/modules//sdig/index.php?run_id=110202&search_id=114132&scans_id=110198&peptide_id=10833&scanf=19465&charge=2&value=10/14,sp|P78347|GTF2I_HUMAN,/core/www/modules//consensus/?run_id=110202&search_id=114132&scans_id=110198&peptide_id=10833&scanf=19465&charge=2&value=sp|P78347|GTF2I_HUMAN,2,/core/www/modules/match_peptides/blast_html4.php?run_id=110202&search_id=114132&scans_id=110198&peptide_id=10833&scanf=19465&charge=2&value=2,K.QVEELFER.K,/core/www/modules/show_out/show_out_wrapper.php?run_id=110202&search_id=114132&scans_id=110198&peptide_id=10833&scanf=19465&charge=2&value=K.QVEELFER.K,GTF2I,9.856e+6,2.500,0.021,1.674,0.001
19467,2,"  2.655","  0.426",11/20,/core/www/modules//sdig/index.php?run_id=110202&search_id=114132&scans_id=110198&peptide_id=10835&scanf=19467&charge=2&value=11/20,sp|Q9NXF1|TEX10_HUMAN,/core/www/modules//consensus/?run_id=110202&search_id=114132&scans_id=110198&peptide_id=10835&scanf=19467&charge=2&value=sp|Q9NXF1|TEX10_HUMAN,0,/core/www/modules/match_peptides/blast_html4.php?run_id=110202&search_id=114132&scans_id=110198&peptide_id=10835&scanf=19467&charge=2&value=0,K.FLQALADGSSR.L,/core/www/modules/show_out/show_out_wrapper.php?run_id=110202&search_id=114132&scans_id=110198&peptide_id=10835&scanf=19467&charge=2&value=K.FLQALADGSSR.L,TEX10,1.858e+7,2.804,0.008,2.119,0.000
19470,2,"  5.231","  0.819",28/38,/core/www/modules//sdig/index.php?run_id=110202&search_id=114132&scans_id=110198&peptide_id=10839&scanf=19470&charge=2&value=28/38,sp|Q29RF7|PDS5A_HUMAN,/core/www/modules//consensus/?run_id=110202&search_id=114132&scans_id=110198&peptide_id=10839&scanf=19470&charge=2&value=sp|Q29RF7|PDS5A_HUMAN,0,/core/www/modules/match_peptides/blast_html4.php?run_id=110202&search_id=114132&scans_id=110198&peptide_id=10839&scanf=19470&charge=2&value=0,K.SIEGTADDEEEGVSPDTAIR.S,/core/www/modules/show_out/show_out_wrapper.php?run_id=110202&search_id=114132&scans_id=110198&peptide_id=10839&scanf=19470&charge=2&value=K.SIEGTADDEEEGVSPDTAIR.S,PDS5A,9.362e+6,4.412,0.000,4.500,0.000
19472,3,"  3.557","  0.595",19/48,/core/www/modules//sdig/index.php?run_id=110202&search_id=114132&scans_id=110198&peptide_id=10840&scanf=19472&charge=3&value=19/48,sp|O94906|PRP6_HUMAN,/core/www/modules//consensus/?run_id=110202&search_id=114132&scans_id=110198&peptide_id=10840&scanf=19472&charge=3&value=sp|O94906|PRP6_HUMAN,0,/core/www/modules/match_peptides/blast_html4.php?run_id=110202&search_id=114132&scans_id=110198&peptide_id=10840&scanf=19472&charge=3&value=0,R.AVIGIGIEEEDRK.H,/core/www/modules/show_out/show_out_wrapper.php?run_id=110202&search_id=114132&scans_id=110198&peptide_id=10840&scanf=19472&charge=3&value=R.AVIGIGIEEEDRK.H,PRPF6,1.851e+7,3.552,0.001,3.226,0.000
19473,2,"  1.910","  0.145",8/14,/core/www/modules//sdig/index.php?run_id=110202&search_id=114132&scans_id=110198&peptide_id=10841&scanf=19473&charge=2&value=8/14,sp|P45973|CBX5_HUMAN,/core/www/modules//consensus/?run_id=110202&search_id=114132&scans_id=110198&peptide_id=10841&scanf=19473&charge=2&value=sp|P45973|CBX5_HUMAN,1,/core/www/modules/match_peptides/blast_html4.php?run_id=110202&search_id=114132&scans_id=110198&peptide_id=10841&scanf=19473&charge=2&value=1,K.GQVEYLLK.W,/core/www/modules/show_out/show_out_wrapper.php?run_id=110202&search_id=114132&scans_id=110198&peptide_id=10841&scanf=19473&charge=2&value=K.GQVEYLLK.W,CBX5,6.095e+7,2.062,0.088,1.055,0.004
19475,2,"  2.453","  0.357",8/14,/core/www/modules//sdig/index.php?run_id=110202&search_id=114132&scans_id=110198&peptide_id=10843&scanf=19475&charge=2&value=8/14,sp|Q8N1F7|NUP93_HUMAN,/core/www/modules//consensus/?run_id=110202&search_id=114132&scans_id=110198&peptide_id=10843&scanf=19475&charge=2&value=sp|Q8N1F7|NUP93_HUMAN,1,/core/www/modules/match_peptides/blast_html4.php?run_id=110202&search_id=114132&scans_id=110198&peptide_id=10843&scanf=19475&charge=2&value=1,R.LTLSQFQK.Q,/core/www/modules/show_out/show_out_wrapper.php?run_id=110202&search_id=114132&scans_id=110198&peptide_id=10843&scanf=19475&charge=2&value=R.LTLSQFQK.Q,NUP93,1.715e+7,2.796,0.008,2.107,0.000
19476,2,"  2.686","  0.346",11/18,/core/www/modules//sdig/index.php?run_id=110202&search_id=114132&scans_id=110198&peptide_id=10844&scanf=19476&charge=2&value=11/18,sp|Q68CP9|ARID2_HUMAN,/core/www/modules//consensus/?run_id=110202&search_id=114132&scans_id=110198&peptide_id=10844&scanf=19476&charge=2&value=sp|Q68CP9|ARID2_HUMAN,2,/core/www/modules/match_peptides/blast_html4.php?run_id=110202&search_id=114132&scans_id=110198&peptide_id=10844&scanf=19476&charge=2&value=2,K.LGINDIEGQR.V,/core/www/modules/show_out/show_out_wrapper.php?run_id=110202&search_id=114132&scans_id=110198&peptide_id=10844&scanf=19476&charge=2&value=K.LGINDIEGQR.V,ARID2,8.920e+6,2.656,0.013,1.902,0.000
19478,2,"  1.631","  0.304",7/12,/core/www/modules//sdig/index.php?run_id=110202&search_id=114132&scans_id=110198&peptide_id=10846&scanf=19478&charge=2&value=7/12,sp|Q02040|AK17A_HUMAN,/core/www/modules//consensus/?run_id=110202&search_id=114132&scans_id=110198&peptide_id=10846&scanf=19478&charge=2&value=sp|Q02040|AK17A_HUMAN,1,/core/www/modules/match_peptides/blast_html4.php?run_id=110202&search_id=114132&scans_id=110198&peptide_id=10846&scanf=19478&charge=2&value=1,K.STMDFIR.F,/core/www/modules/show_out/show_out_wrapper.php?run_id=110202&search_id=114132&scans_id=110198&peptide_id=10846&scanf=19478&charge=2&value=K.STMDFIR.F,AKAP17A,1.417e+7,2.665,0.012,1.914,0.000
19479,2,"  1.484","  0.322",6/12,/core/www/modules//sdig/index.php?run_id=110202&search_id=114132&scans_id=110198&peptide_id=10847&scanf=19479&charge=2&value=6/12,sp|P78527|PRKDC_HUMAN,/core/www/modules//consensus/?run_id=110202&search_id=114132&scans_id=110198&peptide_id=10847&scanf=19479&charge=2&value=sp|P78527|PRKDC_HUMAN,2,/core/www/modules/match_peptides/blast_html4.php?run_id=110202&search_id=114132&scans_id=110198&peptide_id=10847&scanf=19479&charge=2&value=2,K.EPSFDWK.N,/core/www/modules/show_out/show_out_wrapper.php?run_id=110202&search_id=114132&scans_id=110198&peptide_id=10847&scanf=19479&charge=2&value=K.EPSFDWK.N,PRKDC,6.320e+7,3.375,0.001,2.962,0.000
19484,2,"  1.516","  0.309",8/14,/core/www/modules//sdig/index.php?run_id=110202&search_id=114132&scans_id=110198&peptide_id=10853&scanf=19484&charge=2&value=8/14,sp|Q5JTH9|RRP12_HUMAN,/core/www/modules//consensus/?run_id=110202&search_id=114132&scans_id=110198&peptide_id=10853&scanf=19484&charge=2&value=sp|Q5JTH9|RRP12_HUMAN,0,/core/www/modules/match_peptides/blast_html4.php?run_id=110202&search_id=114132&scans_id=110198&peptide_id=10853&scanf=19484&charge=2&value=0,K.GSEFMFEK.A,/core/www/modules/show_out/show_out_wrapper.php?run_id=110202&search_id=114132&scans_id=110198&peptide_id=10853&scanf=19484&charge=2&value=K.GSEFMFEK.A,RRP12,3.121e+7,2.658,0.012,1.905,0.000
19486,3,"  2.705","  0.331",13/52,/core/www/modules//sdig/index.php?run_id=110202&search_id=114132&scans_id=110198&peptide_id=10855&scanf=19486&charge=3&value=13/52,sp|P07814|SYEP_HUMAN,/core/www/modules//consensus/?run_id=110202&search_id=114132&scans_id=110198&peptide_id=10855&scanf=19486&charge=3&value=sp|P07814|SYEP_HUMAN,0,/core/www/modules/match_peptides/blast_html4.php?run_id=110202&search_id=114132&scans_id=110198&peptide_id=10855&scanf=19486&charge=3&value=0,K.THMVVANTMEDFQK.I,/core/www/modules/show_out/show_out_wrapper.php?run_id=110202&search_id=114132&scans_id=110198&peptide_id=10855&scanf=19486&charge=3&value=K.THMVVANTMEDFQK.I,EPRS1,8.069e+6,2.549,0.018,1.745,0.000
19487,2,"  1.734","  0.255",6/20,/core/www/modules//sdig/index.php?run_id=110202&search_id=114132&scans_id=110198&peptide_id=10856&scanf=19487&charge=2&value=6/20,sp|Q9Y5K5|UCHL5_HUMAN,/core/www/modules//consensus/?run_id=110202&search_id=114132&scans_id=110198&peptide_id=10856&scanf=19487&charge=2&value=sp|Q9Y5K5|UCHL5_HUMAN,6,/core/www/modules/match_peptides/blast_html4.php?run_id=110202&search_id=114132&scans_id=110198&peptide_id=10856&scanf=19487&charge=2&value=6,K.NQMLIEEEVQK.L,/core/www/modules/show_out/show_out_wrapper.php?run_id=110202&search_id=114132&scans_id=110198&peptide_id=10856&scanf=19487&charge=2&value=K.NQMLIEEEVQK.L,UCHL5,6.918e+6,1.941,0.127,0.895,0.006
19489,3,"  3.282","  0.438",11/44,/core/www/modules//sdig/index.php?run_id=110202&search_id=114132&scans_id=110198&peptide_id=10858&scanf=19489&charge=3&value=11/44,sp|Q14697|GANAB_HUMAN,/core/www/modules//consensus/?run_id=110202&search_id=114132&scans_id=110198&peptide_id=10858&scanf=19489&charge=3&value=sp|Q14697|GANAB_HUMAN,2,/core/www/modules/match_peptides/blast_html4.php?run_id=110202&search_id=114132&scans_id=110198&peptide_id=10858&scanf=19489&charge=3&value=2,R.SGGMERPFVLAR.A,/core/www/modules/show_out/show_out_wrapper.php?run_id=110202&search_id=114132&scans_id=110198&peptide_id=10858&scanf=19489&charge=3&value=R.SGGMERPFVLAR.A,GANAB,1.285e+7,2.997,0.004,2.403,0.000
19493,3,"  2.561","  0.472",15/36,/core/www/modules//sdig/index.php?run_id=110202&search_id=114132&scans_id=110198&peptide_id=10862&scanf=19493&charge=3&value=15/36,sp|O75533|SF3B1_HUMAN,/core/www/modules//consensus/?run_id=110202&search_id=114132&scans_id=110198&peptide_id=10862&scanf=19493&charge=3&value=sp|O75533|SF3B1_HUMAN,0,/core/www/modules/match_peptides/blast_html4.php?run_id=110202&search_id=114132&scans_id=110198&peptide_id=10862&scanf=19493&charge=3&value=0,K.AIVNVIGMHK.M,/core/www/modules/show_out/show_out_wrapper.php?run_id=110202&search_id=114132&scans_id=110198&peptide_id=10862&scanf=19493&charge=3&value=K.AIVNVIGMHK.M,SF3B1,8.071e+7,3.573,0.001,3.257,0.000
19494,2,"  2.446","  0.347",12/20,/core/www/modules//sdig/index.php?run_id=110202&search_id=114132&scans_id=110198&peptide_id=10863&scanf=19494&charge=2&value=12/20,sp|P61224|RAP1B_HUMAN,/core/www/modules//consensus/?run_id=110202&search_id=114132&scans_id=110198&peptide_id=10863&scanf=19494&charge=2&value=sp|P61224|RAP1B_HUMAN,15,/core/www/modules/match_peptides/blast_html4.php?run_id=110202&search_id=114132&scans_id=110198&peptide_id=10863&scanf=19494&charge=2&value=15,K.LVVLGSGGVGK.S,/core/www/modules/show_out/show_out_wrapper.php?run_id=110202&search_id=114132&scans_id=110198&peptide_id=10863&scanf=19494&charge=2&value=K.LVVLGSGGVGK.S,RAP1B,1.006e+8,2.728,0.010,2.007,0.000
19496,2,"  2.243","  0.362",8/14,/core/www/modules//sdig/index.php?run_id=110202&search_id=114132&scans_id=110198&peptide_id=10865&scanf=19496&charge=2&value=8/14,sp|P78527|PRKDC_HUMAN,/core/www/modules//consensus/?run_id=110202&search_id=114132&scans_id=110198&peptide_id=10865&scanf=19496&charge=2&value=sp|P78527|PRKDC_HUMAN,0,/core/www/modules/match_peptides/blast_html4.php?run_id=110202&search_id=114132&scans_id=110198&peptide_id=10865&scanf=19496&charge=2&value=0,K.SLNSIEFR.E,/core/www/modules/show_out/show_out_wrapper.php?run_id=110202&search_id=114132&scans_id=110198&peptide_id=10865&scanf=19496&charge=2&value=K.SLNSIEFR.E,PRKDC,6.764e+7,3.624,0.000,3.332,0.000
19497,2,"  2.072","  0.343",9/14,/core/www/modules//sdig/index.php?run_id=110202&search_id=114132&scans_id=110198&peptide_id=10866&scanf=19497&charge=2&value=9/14,sp|Q14966|ZN638_HUMAN,/core/www/modules//consensus/?run_id=110202&search_id=114132&scans_id=110198&peptide_id=10866&scanf=19497&charge=2&value=sp|Q14966|ZN638_HUMAN,0,/core/www/modules/match_peptides/blast_html4.php?run_id=110202&search_id=114132&scans_id=110198&peptide_id=10866&scanf=19497&charge=2&value=0,K.EAITAIMK.Y,/core/www/modules/show_out/show_out_wrapper.php?run_id=110202&search_id=114132&scans_id=110198&peptide_id=10866&scanf=19497&charge=2&value=K.EAITAIMK.Y,ZNF638,1.095e+7,2.813,0.007,2.132,0.000
19499,2,"  2.546","  0.500",10/20,/core/www/modules//sdig/index.php?run_id=110202&search_id=114132&scans_id=110198&peptide_id=10868&scanf=19499&charge=2&value=10/20,sp|P50570|DYN2_HUMAN,/core/www/modules//consensus/?run_id=110202&search_id=114132&scans_id=110198&peptide_id=10868&scanf=19499&charge=2&value=sp|P50570|DYN2_HUMAN,11,/core/www/modules/match_peptides/blast_html4.php?run_id=110202&search_id=114132&scans_id=110198&peptide_id=10868&scanf=19499&charge=2&value=11,K.LDLMDEGTDAR.D,/core/www/modules/show_out/show_out_wrapper.php?run_id=110202&search_id=114132&scans_id=110198&peptide_id=10868&scanf=19499&charge=2&value=K.LDLMDEGTDAR.D,DNM2,8.976e+6,3.131,0.003,2.601,0.000
19500,2,"  3.605","  0.426",13/24,/core/www/modules//sdig/index.php?run_id=110202&search_id=114132&scans_id=110198&peptide_id=10870&scanf=19500&charge=2&value=13/24,sp|O95373|IPO7_HUMAN,/core/www/modules//consensus/?run_id=110202&search_id=114132&scans_id=110198&peptide_id=10870&scanf=19500&charge=2&value=sp|O95373|IPO7_HUMAN,0,/core/www/modules/match_peptides/blast_html4.php?run_id=110202&search_id=114132&scans_id=110198&peptide_id=10870&scanf=19500&charge=2&value=0,R.ETENDDLTNVIQK.M,/core/www/modules/show_out/show_out_wrapper.php?run_id=110202&search_id=114132&scans_id=110198&peptide_id=10870&scanf=19500&charge=2&value=R.ETENDDLTNVIQK.M,IPO7,8.604e+6,2.876,0.006,2.225,0.000
19504,2,"  1.932","  0.391",9/30,/core/www/modules//sdig/index.php?run_id=110202&search_id=114132&scans_id=110198&peptide_id=10874&scanf=19504&charge=2&value=9/30,sp|P49411|EFTU_HUMAN,/core/www/modules//consensus/?run_id=110202&search_id=114132&scans_id=110198&peptide_id=10874&scanf=19504&charge=2&value=sp|P49411|EFTU_HUMAN,0,/core/www/modules/match_peptides/blast_html4.php?run_id=110202&search_id=114132&scans_id=110198&peptide_id=10874&scanf=19504&charge=2&value=0,R.GITINAAHVEYSTAAR.H,/core/www/modules/show_out/show_out_wrapper.php?run_id=110202&search_id=114132&scans_id=110198&peptide_id=10874&scanf=19504&charge=2&value=R.GITINAAHVEYSTAAR.H,TUFM,7.985e+6,2.213,0.054,1.264,0.002
19506,2,"  4.038","  0.536",15/20,/core/www/modules//sdig/index.php?run_id=110202&search_id=114132&scans_id=110198&peptide_id=10876&scanf=19506&charge=2&value=15/20,sp|Q99848|EBP2_HUMAN,/core/www/modules//consensus/?run_id=110202&search_id=114132&scans_id=110198&peptide_id=10876&scanf=19506&charge=2&value=sp|Q99848|EBP2_HUMAN,1,/core/www/modules/match_peptides/blast_html4.php?run_id=110202&search_id=114132&scans_id=110198&peptide_id=10876&scanf=19506&charge=2&value=1,K.RPTDYFAEMAK.S,/core/www/modules/show_out/show_out_wrapper.php?run_id=110202&search_id=114132&scans_id=110198&peptide_id=10876&scanf=19506&charge=2&value=K.RPTDYFAEMAK.S,EBNA1BP2,7.791e+7,3.695,0.000,3.438,0.000
19508,3,"  1.693","  0.357",11/44,/core/www/modules//sdig/index.php?run_id=110202&search_id=114132&scans_id=110198&peptide_id=10878&scanf=19508&charge=3&value=11/44,sp|O95707|RPP29_HUMAN,/core/www/modules//consensus/?run_id=110202&search_id=114132&scans_id=110198&peptide_id=10878&scanf=19508&charge=3&value=sp|O95707|RPP29_HUMAN,2,/core/www/modules/match_peptides/blast_html4.php?run_id=110202&search_id=114132&scans_id=110198&peptide_id=10878&scanf=19508&charge=3&value=2,K.ADLHGAIISVTK.S,/core/www/modules/show_out/show_out_wrapper.php?run_id=110202&search_id=114132&scans_id=110198&peptide_id=10878&scanf=19508&charge=3&value=K.ADLHGAIISVTK.S,POP4,1.310e+7,2.597,0.015,1.815,0.000
19515,2,"  1.824","  0.309",8/14,/core/www/modules//sdig/index.php?run_id=110202&search_id=114132&scans_id=110198&peptide_id=10885&scanf=19515&charge=2&value=8/14,sp|Q9BXP5|SRRT_HUMAN,/core/www/modules//consensus/?run_id=110202&search_id=114132&scans_id=110198&peptide_id=10885&scanf=19515&charge=2&value=sp|Q9BXP5|SRRT_HUMAN,0,/core/www/modules/match_peptides/blast_html4.php?run_id=110202&search_id=114132&scans_id=110198&peptide_id=10885&scanf=19515&charge=2&value=0,K.MLDAAVIK.M,/core/www/modules/show_out/show_out_wrapper.php?run_id=110202&search_id=114132&scans_id=110198&peptide_id=10885&scanf=19515&charge=2&value=K.MLDAAVIK.M,SRRT,4.110e+7,2.705,0.011,1.973,0.000
19516,2,"  1.769","  0.046",9/14,/core/www/modules//sdig/index.php?run_id=110202&search_id=114132&scans_id=110198&peptide_id=10886&scanf=19516&charge=2&value=9/14,sp|Q7L014|DDX46_HUMAN,/core/www/modules//consensus/?run_id=110202&search_id=114132&scans_id=110198&peptide_id=10886&scanf=19516&charge=2&value=sp|Q7L014|DDX46_HUMAN,1,/core/www/modules/match_peptides/blast_html4.php?run_id=110202&search_id=114132&scans_id=110198&peptide_id=10886&scanf=19516&charge=2&value=1,K.LNYVPLEK.Q,/core/www/modules/show_out/show_out_wrapper.php?run_id=110202&search_id=114132&scans_id=110198&peptide_id=10886&scanf=19516&charge=2&value=K.LNYVPLEK.Q,DDX46,2.034e+7,1.891,0.147,0.832,0.007
19517,2,"  2.123","  0.250",10/18,/core/www/modules//sdig/index.php?run_id=110202&search_id=114132&scans_id=110198&peptide_id=10887&scanf=19517&charge=2&value=10/18,sp|Q69YN4|VIR_HUMAN,/core/www/modules//consensus/?run_id=110202&search_id=114132&scans_id=110198&peptide_id=10887&scanf=19517&charge=2&value=sp|Q69YN4|VIR_HUMAN,1,/core/www/modules/match_peptides/blast_html4.php?run_id=110202&search_id=114132&scans_id=110198&peptide_id=10887&scanf=19517&charge=2&value=1,R.TMSINAAELK.Q,/core/www/modules/show_out/show_out_wrapper.php?run_id=110202&search_id=114132&scans_id=110198&peptide_id=10887&scanf=19517&charge=2&value=R.TMSINAAELK.Q,VIRMA,1.133e+7,2.238,0.050,1.299,0.002
19518,2,"  2.517","  0.507",11/18,/core/www/modules//sdig/index.php?run_id=110202&search_id=114132&scans_id=110198&peptide_id=10888&scanf=19518&charge=2&value=11/18,sp|Q01082|SPTB2_HUMAN,/core/www/modules//consensus/?run_id=110202&search_id=114132&scans_id=110198&peptide_id=10888&scanf=19518&charge=2&value=sp|Q01082|SPTB2_HUMAN,2,/core/www/modules/match_peptides/blast_html4.php?run_id=110202&search_id=114132&scans_id=110198&peptide_id=10888&scanf=19518&charge=2&value=2,K.VLVLSQDYGK.H,/core/www/modules/show_out/show_out_wrapper.php?run_id=110202&search_id=114132&scans_id=110198&peptide_id=10888&scanf=19518&charge=2&value=K.VLVLSQDYGK.H,SPTBN1,1.171e+7,3.475,0.001,3.112,0.000
19519,3,"  3.778","  0.400",15/64,/core/www/modules//sdig/index.php?run_id=110202&search_id=114132&scans_id=110198&peptide_id=10889&scanf=19519&charge=3&value=15/64,sp|Q15397|PUM3_HUMAN,/core/www/modules//consensus/?run_id=110202&search_id=114132&scans_id=110198&peptide_id=10889&scanf=19519&charge=3&value=sp|Q15397|PUM3_HUMAN,0,/core/www/modules/match_peptides/blast_html4.php?run_id=110202&search_id=114132&scans_id=110198&peptide_id=10889&scanf=19519&charge=3&value=0,K.DGELHIAEHPAGHLVLK.W,/core/www/modules/show_out/show_out_wrapper.php?run_id=110202&search_id=114132&scans_id=110198&peptide_id=10889&scanf=19519&charge=3&value=K.DGELHIAEHPAGHLVLK.W,PUM3,1.493e+7,2.782,0.008,2.087,0.000
19521,2,"  2.079","  0.452",9/16,/core/www/modules//sdig/index.php?run_id=110202&search_id=114132&scans_id=110198&peptide_id=10891&scanf=19521&charge=2&value=9/16,sp|Q15393|SF3B3_HUMAN,/core/www/modules//consensus/?run_id=110202&search_id=114132&scans_id=110198&peptide_id=10891&scanf=19521&charge=2&value=sp|Q15393|SF3B3_HUMAN,0,/core/www/modules/match_peptides/blast_html4.php?run_id=110202&search_id=114132&scans_id=110198&peptide_id=10891&scanf=19521&charge=2&value=0,R.AVMISAIEK.Q,/core/www/modules/show_out/show_out_wrapper.php?run_id=110202&search_id=114132&scans_id=110198&peptide_id=10891&scanf=19521&charge=2&value=R.AVMISAIEK.Q,SF3B3,5.400e+7,3.135,0.002,2.607,0.000
19522,2,"  5.143","  0.711",22/24,/core/www/modules//sdig/index.php?run_id=110202&search_id=114132&scans_id=110198&peptide_id=10892&scanf=19522&charge=2&value=22/24,sp|P55072|TERA_HUMAN,/core/www/modules//consensus/?run_id=110202&search_id=114132&scans_id=110198&peptide_id=10892&scanf=19522&charge=2&value=sp|P55072|TERA_HUMAN,6,/core/www/modules/match_peptides/blast_html4.php?run_id=110202&search_id=114132&scans_id=110198&peptide_id=10892&scanf=19522&charge=2&value=6,R.KYEMFAQTLQQSR.G,/core/www/modules/show_out/show_out_wrapper.php?run_id=110202&search_id=114132&scans_id=110198&peptide_id=10892&scanf=19522&charge=2&value=R.KYEMFAQTLQQSR.G,VCP,1.085e+7,4.225,0.000,4.223,0.000
19524,2,"  2.326","  0.470",9/14,/core/www/modules//sdig/index.php?run_id=110202&search_id=114132&scans_id=110198&peptide_id=10894&scanf=19524&charge=2&value=9/14,sp|P11940|PABP1_HUMAN,/core/www/modules//consensus/?run_id=110202&search_id=114132&scans_id=110198&peptide_id=10894&scanf=19524&charge=2&value=sp|P11940|PABP1_HUMAN,17,/core/www/modules/match_peptides/blast_html4.php?run_id=110202&search_id=114132&scans_id=110198&peptide_id=10894&scanf=19524&charge=2&value=17,K.EFTNVYIK.N,/core/www/modules/show_out/show_out_wrapper.php?run_id=110202&search_id=114132&scans_id=110198&peptide_id=10894&scanf=19524&charge=2&value=K.EFTNVYIK.N,PABPC1,2.016e+7,3.303,0.001,2.856,0.000
19525,3,"  3.985","  0.489",16/64,/core/www/modules//sdig/index.php?run_id=110202&search_id=114132&scans_id=110198&peptide_id=10895&scanf=19525&charge=3&value=16/64,sp|P12956|XRCC6_HUMAN,/core/www/modules//consensus/?run_id=110202&search_id=114132&scans_id=110198&peptide_id=10895&scanf=19525&charge=3&value=sp|P12956|XRCC6_HUMAN,1,/core/www/modules/match_peptides/blast_html4.php?run_id=110202&search_id=114132&scans_id=110198&peptide_id=10895&scanf=19525&charge=3&value=1,R.IMLFTNEDNPHGNDSAK.A,/core/www/modules/show_out/show_out_wrapper.php?run_id=110202&search_id=114132&scans_id=110198&peptide_id=10895&scanf=19525&charge=3&value=R.IMLFTNEDNPHGNDSAK.A,XRCC6,6.638e+7,3.161,0.002,2.647,0.000
19526,2,"  2.054","  0.333",9/18,/core/www/modules//sdig/index.php?run_id=110202&search_id=114132&scans_id=110198&peptide_id=10896&scanf=19526&charge=2&value=9/18,sp|P19338|NUCL_HUMAN,/core/www/modules//consensus/?run_id=110202&search_id=114132&scans_id=110198&peptide_id=10896&scanf=19526&charge=2&value=sp|P19338|NUCL_HUMAN,8,/core/www/modules/match_peptides/blast_html4.php?run_id=110202&search_id=114132&scans_id=110198&peptide_id=10896&scanf=19526&charge=2&value=8,K.EVFEDAAEIR.L,/core/www/modules/show_out/show_out_wrapper.php?run_id=110202&search_id=114132&scans_id=110198&peptide_id=10896&scanf=19526&charge=2&value=K.EVFEDAAEIR.L,NCL,6.812e+6,2.530,0.019,1.718,0.000
19527,3,"  3.775","  0.435",14/52,/core/www/modules//sdig/index.php?run_id=110202&search_id=114132&scans_id=110198&peptide_id=10897&scanf=19527&charge=3&value=14/52,sp|Q96SB4|SRPK1_HUMAN,/core/www/modules//consensus/?run_id=110202&search_id=114132&scans_id=110198&peptide_id=10897&scanf=19527&charge=3&value=sp|Q96SB4|SRPK1_HUMAN,2,/core/www/modules/match_peptides/blast_html4.php?run_id=110202&search_id=114132&scans_id=110198&peptide_id=10897&scanf=19527&charge=3&value=2,K.SAEHYTETALDEIR.L,/core/www/modules/show_out/show_out_wrapper.php?run_id=110202&search_id=114132&scans_id=110198&peptide_id=10897&scanf=19527&charge=3&value=K.SAEHYTETALDEIR.L,SRPK1,8.343e+6,2.893,0.006,2.250,0.000
19528,2,"  1.849","  0.060",7/12,/core/www/modules//sdig/index.php?run_id=110202&search_id=114132&scans_id=110198&peptide_id=10898&scanf=19528&charge=2&value=7/12,sp|Q5VTL8|PR38B_HUMAN,/core/www/modules//consensus/?run_id=110202&search_id=114132&scans_id=110198&peptide_id=10898&scanf=19528&charge=2&value=sp|Q5VTL8|PR38B_HUMAN,0,/core/www/modules/match_peptides/blast_html4.php?run_id=110202&search_id=114132&scans_id=110198&peptide_id=10898&scanf=19528&charge=2&value=0,K.VQLYELK.T,/core/www/modules/show_out/show_out_wrapper.php?run_id=110202&search_id=114132&scans_id=110198&peptide_id=10898&scanf=19528&charge=2&value=K.VQLYELK.T,PRPF38B,3.272e+7,1.846,0.168,0.775,0.009
19529,3,"  5.372","  0.705",26/84,/core/www/modules//sdig/index.php?run_id=110202&search_id=114132&scans_id=110198&peptide_id=10899&scanf=19529&charge=3&value=26/84,sp|Q7L2J0|MEPCE_HUMAN,/core/www/modules//consensus/?run_id=110202&search_id=114132&scans_id=110198&peptide_id=10899&scanf=19529&charge=3&value=sp|Q7L2J0|MEPCE_HUMAN,1,/core/www/modules/match_peptides/blast_html4.php?run_id=110202&search_id=114132&scans_id=110198&peptide_id=10899&scanf=19529&charge=3&value=1,R.LPPQTLEGDPGAEGEEGTTTVR.K,/core/www/modules/show_out/show_out_wrapper.php?run_id=110202&search_id=114132&scans_id=110198&peptide_id=10899&scanf=19529&charge=3&value=R.LPPQTLEGDPGAEGEEGTTTVR.K,MEPCE,6.019e+6,3.721,0.000,3.476,0.000
19530,2,"  2.361","  0.437",9/18,/core/www/modules//sdig/index.php?run_id=110202&search_id=114132&scans_id=110198&peptide_id=10901&scanf=19530&charge=2&value=9/18,sp|P63173|RL38_HUMAN,/core/www/modules//consensus/?run_id=110202&search_id=114132&scans_id=110198&peptide_id=10901&scanf=19530&charge=2&value=sp|P63173|RL38_HUMAN,0,/core/www/modules/match_peptides/blast_html4.php?run_id=110202&search_id=114132&scans_id=110198&peptide_id=10901&scanf=19530&charge=2&value=0,K.QSLPPGLAVK.E,/core/www/modules/show_out/show_out_wrapper.php?run_id=110202&search_id=114132&scans_id=110198&peptide_id=10901&scanf=19530&charge=2&value=K.QSLPPGLAVK.E,RPL38,1.940e+7,2.873,0.006,2.221,0.000
19531,3,"  5.018","  0.660",21/60,/core/www/modules//sdig/index.php?run_id=110202&search_id=114132&scans_id=110198&peptide_id=10902&scanf=19531&charge=3&value=21/60,sp|Q99798|ACON_HUMAN,/core/www/modules//consensus/?run_id=110202&search_id=114132&scans_id=110198&peptide_id=10902&scanf=19531&charge=3&value=sp|Q99798|ACON_HUMAN,13,/core/www/modules/match_peptides/blast_html4.php?run_id=110202&search_id=114132&scans_id=110198&peptide_id=10902&scanf=19531&charge=3&value=13,K.IVYGHLDDPASQEIER.G,/core/www/modules/show_out/show_out_wrapper.php?run_id=110202&search_id=114132&scans_id=110198&peptide_id=10902&scanf=19531&charge=3&value=K.IVYGHLDDPASQEIER.G,ACO2,1.866e+7,3.861,0.000,3.684,0.000
19533,2,"  2.183","  0.446",8/14,/core/www/modules//sdig/index.php?run_id=110202&search_id=114132&scans_id=110198&peptide_id=10904&scanf=19533&charge=2&value=8/14,sp|Q9BQ39|DDX50_HUMAN,/core/www/modules//consensus/?run_id=110202&search_id=114132&scans_id=110198&peptide_id=10904&scanf=19533&charge=2&value=sp|Q9BQ39|DDX50_HUMAN,0,/core/www/modules/match_peptides/blast_html4.php?run_id=110202&search_id=114132&scans_id=110198&peptide_id=10904&scanf=19533&charge=2&value=0,K.VLVLAPTR.E,/core/www/modules/show_out/show_out_wrapper.php?run_id=110202&search_id=114132&scans_id=110198&peptide_id=10904&scanf=19533&charge=2&value=K.VLVLAPTR.E,DDX50,6.819e+7,3.112,0.003,2.573,0.000
19535,3,"  2.756","  0.580",20/48,/core/www/modules//sdig/index.php?run_id=110202&search_id=114132&scans_id=110198&peptide_id=10905&scanf=19535&charge=3&value=20/48,sp|P51531|SMCA2_HUMAN,/core/www/modules//consensus/?run_id=110202&search_id=114132&scans_id=110198&peptide_id=10905&scanf=19535&charge=3&value=sp|P51531|SMCA2_HUMAN,11,/core/www/modules/match_peptides/blast_html4.php?run_id=110202&search_id=114132&scans_id=110198&peptide_id=10905&scanf=19535&charge=3&value=11,K.HQEYLNSILQHAK.D,/core/www/modules/show_out/show_out_wrapper.php?run_id=110202&search_id=114132&scans_id=110198&peptide_id=10905&scanf=19535&charge=3&value=K.HQEYLNSILQHAK.D,SMARCA2,1.152e+8,3.878,0.000,3.709,0.000
19536,2,"  3.429","  0.502",13/20,/core/www/modules//sdig/index.php?run_id=110202&search_id=114132&scans_id=110198&peptide_id=10906&scanf=19536&charge=2&value=13/20,sp|Q96QD9|UIF_HUMAN,/core/www/modules//consensus/?run_id=110202&search_id=114132&scans_id=110198&peptide_id=10906&scanf=19536&charge=2&value=sp|Q96QD9|UIF_HUMAN,2,/core/www/modules/match_peptides/blast_html4.php?run_id=110202&search_id=114132&scans_id=110198&peptide_id=10906&scanf=19536&charge=2&value=2,R.WGIQQNSGFGK.T,/core/www/modules/show_out/show_out_wrapper.php?run_id=110202&search_id=114132&scans_id=110198&peptide_id=10906&scanf=19536&charge=2&value=R.WGIQQNSGFGK.T,FYTTD1,1.609e+7,3.223,0.002,2.738,0.000
19537,2,"  3.123","  0.552",12/22,/core/www/modules//sdig/index.php?run_id=110202&search_id=114132&scans_id=110198&peptide_id=10907&scanf=19537&charge=2&value=12/22,sp|P08238|HS90B_HUMAN,/core/www/modules//consensus/?run_id=110202&search_id=114132&scans_id=110198&peptide_id=10907&scanf=19537&charge=2&value=sp|P08238|HS90B_HUMAN,13,/core/www/modules/match_peptides/blast_html4.php?run_id=110202&search_id=114132&scans_id=110198&peptide_id=10907&scanf=19537&charge=2&value=13,R.ELISNASDALDK.I,/core/www/modules/show_out/show_out_wrapper.php?run_id=110202&search_id=114132&scans_id=110198&peptide_id=10907&scanf=19537&charge=2&value=R.ELISNASDALDK.I,HSP90AB1,2.857e+8,3.367,0.001,2.951,0.000
19540,2,"  2.504","  0.516",10/18,/core/www/modules//sdig/index.php?run_id=110202&search_id=114132&scans_id=110198&peptide_id=10911&scanf=19540&charge=2&value=10/18,sp|Q15149|PLEC_HUMAN,/core/www/modules//consensus/?run_id=110202&search_id=114132&scans_id=110198&peptide_id=10911&scanf=19540&charge=2&value=sp|Q15149|PLEC_HUMAN,5,/core/www/modules/match_peptides/blast_html4.php?run_id=110202&search_id=114132&scans_id=110198&peptide_id=10911&scanf=19540&charge=2&value=5,R.NLVDNITGQR.L,/core/www/modules/show_out/show_out_wrapper.php?run_id=110202&search_id=114132&scans_id=110198&peptide_id=10911&scanf=19540&charge=2&value=R.NLVDNITGQR.L,PLEC,3.247e+7,3.744,0.000,3.510,0.000
19542,2,"  2.867","  0.604",12/18,/core/www/modules//sdig/index.php?run_id=110202&search_id=114132&scans_id=110198&peptide_id=10913&scanf=19542&charge=2&value=12/18,sp|P49792|RBP2_HUMAN,/core/www/modules//consensus/?run_id=110202&search_id=114132&scans_id=110198&peptide_id=10913&scanf=19542&charge=2&value=sp|P49792|RBP2_HUMAN,5,/core/www/modules/match_peptides/blast_html4.php?run_id=110202&search_id=114132&scans_id=110198&peptide_id=10913&scanf=19542&charge=2&value=5,R.WAEDQNSLLK.M,/core/www/modules/show_out/show_out_wrapper.php?run_id=110202&search_id=114132&scans_id=110198&peptide_id=10913&scanf=19542&charge=2&value=R.WAEDQNSLLK.M,RANBP2,9.746e+6,3.794,0.000,3.584,0.000
19547,3,"  2.261","  0.290",9/36,/core/www/modules//sdig/index.php?run_id=110202&search_id=114132&scans_id=110198&peptide_id=10918&scanf=19547&charge=3&value=9/36,sp|Q68CQ4|UTP25_HUMAN,/core/www/modules//consensus/?run_id=110202&search_id=114132&scans_id=110198&peptide_id=10918&scanf=19547&charge=3&value=sp|Q68CQ4|UTP25_HUMAN,0,/core/www/modules/match_peptides/blast_html4.php?run_id=110202&search_id=114132&scans_id=110198&peptide_id=10918&scanf=19547&charge=3&value=0,K.NVHLFITGEK.-,/core/www/modules/show_out/show_out_wrapper.php?run_id=110202&search_id=114132&scans_id=110198&peptide_id=10918&scanf=19547&charge=3&value=K.NVHLFITGEK.-,UTP25,2.045e+7,2.478,0.023,1.642,0.001
19549,3,"  2.250","  0.322",12/32,/core/www/modules//sdig/index.php?run_id=110202&search_id=114132&scans_id=110198&peptide_id=10920&scanf=19549&charge=3&value=12/32,sp|Q12789|TF3C1_HUMAN,/core/www/modules//consensus/?run_id=110202&search_id=114132&scans_id=110198&peptide_id=10920&scanf=19549&charge=3&value=sp|Q12789|TF3C1_HUMAN,0,/core/www/modules/match_peptides/blast_html4.php?run_id=110202&search_id=114132&scans_id=110198&peptide_id=10920&scanf=19549&charge=3&value=0,R.YIPPIPVHR.D,/core/www/modules/show_out/show_out_wrapper.php?run_id=110202&search_id=114132&scans_id=110198&peptide_id=10920&scanf=19549&charge=3&value=R.YIPPIPVHR.D,GTF3C1,7.423e+6,2.891,0.006,2.247,0.000
19551,2,"  4.230","  0.644",19/32,/core/www/modules//sdig/index.php?run_id=110202&search_id=114132&scans_id=110198&peptide_id=10923&scanf=19551&charge=2&value=19/32,sp|Q9H0U9|TSYL1_HUMAN,/core/www/modules//consensus/?run_id=110202&search_id=114132&scans_id=110198&peptide_id=10923&scanf=19551&charge=2&value=sp|Q9H0U9|TSYL1_HUMAN,0,/core/www/modules/match_peptides/blast_html4.php?run_id=110202&search_id=114132&scans_id=110198&peptide_id=10923&scanf=19551&charge=2&value=0,R.SASELTAGAEAEAEEVK.T,/core/www/modules/show_out/show_out_wrapper.php?run_id=110202&search_id=114132&scans_id=110198&peptide_id=10923&scanf=19551&charge=2&value=R.SASELTAGAEAEAEEVK.T,TSPYL1,7.274e+6,3.577,0.001,3.262,0.000
19553,2,"  2.443","  0.356",9/16,/core/www/modules//sdig/index.php?run_id=110202&search_id=114132&scans_id=110198&peptide_id=10925&scanf=19553&charge=2&value=9/16,sp|Q00610|CLH1_HUMAN,/core/www/modules//consensus/?run_id=110202&search_id=114132&scans_id=110198&peptide_id=10925&scanf=19553&charge=2&value=sp|Q00610|CLH1_HUMAN,11,/core/www/modules/match_peptides/blast_html4.php?run_id=110202&search_id=114132&scans_id=110198&peptide_id=10925&scanf=19553&charge=2&value=11,K.VANVELYYR.A,/core/www/modules/show_out/show_out_wrapper.php?run_id=110202&search_id=114132&scans_id=110198&peptide_id=10925&scanf=19553&charge=2&value=K.VANVELYYR.A,CLTC,7.812e+6,2.708,0.011,1.977,0.000
19556,3,"  5.589","  0.711",24/64,/core/www/modules//sdig/index.php?run_id=110202&search_id=114132&scans_id=110198&peptide_id=10927&scanf=19556&charge=3&value=24/64,sp|P12956|XRCC6_HUMAN,/core/www/modules//consensus/?run_id=110202&search_id=114132&scans_id=110198&peptide_id=10927&scanf=19556&charge=3&value=sp|P12956|XRCC6_HUMAN,1,/core/www/modules/match_peptides/blast_html4.php?run_id=110202&search_id=114132&scans_id=110198&peptide_id=10927&scanf=19556&charge=3&value=1,R.IMLFTNEDNPHGNDSAK.A,/core/www/modules/show_out/show_out_wrapper.php?run_id=110202&search_id=114132&scans_id=110198&peptide_id=10927&scanf=19556&charge=3&value=R.IMLFTNEDNPHGNDSAK.A,XRCC6,6.638e+7,4.173,0.000,4.146,0.000
19558,2,"  1.774","  0.321",8/12,/core/www/modules//sdig/index.php?run_id=110202&search_id=114132&scans_id=110198&peptide_id=10929&scanf=19558&charge=2&value=8/12,sp|O43242|PSMD3_HUMAN,/core/www/modules//consensus/?run_id=110202&search_id=114132&scans_id=110198&peptide_id=10929&scanf=19558&charge=2&value=sp|O43242|PSMD3_HUMAN,1,/core/www/modules/match_peptides/blast_html4.php?run_id=110202&search_id=114132&scans_id=110198&peptide_id=10929&scanf=19558&charge=2&value=1,R.VYEFLDK.L,/core/www/modules/show_out/show_out_wrapper.php?run_id=110202&search_id=114132&scans_id=110198&peptide_id=10929&scanf=19558&charge=2&value=R.VYEFLDK.L,PSMD3,4.789e+7,2.868,0.006,2.213,0.000
19559,2,"  2.538","  0.505",11/22,/core/www/modules//sdig/index.php?run_id=110202&search_id=114132&scans_id=110198&peptide_id=10930&scanf=19559&charge=2&value=11/22,sp|Q9Y265|RUVB1_HUMAN,/core/www/modules//consensus/?run_id=110202&search_id=114132&scans_id=110198&peptide_id=10930&scanf=19559&charge=2&value=sp|Q9Y265|RUVB1_HUMAN,1,/core/www/modules/match_peptides/blast_html4.php?run_id=110202&search_id=114132&scans_id=110198&peptide_id=10930&scanf=19559&charge=2&value=1,R.AVLLAGPPGTGK.T,/core/www/modules/show_out/show_out_wrapper.php?run_id=110202&search_id=114132&scans_id=110198&peptide_id=10930&scanf=19559&charge=2&value=R.AVLLAGPPGTGK.T,RUVBL1,6.169e+7,3.085,0.003,2.534,0.000
19561,3,"  3.468","  0.558",17/40,/core/www/modules//sdig/index.php?run_id=110202&search_id=114132&scans_id=110198&peptide_id=10933&scanf=19561&charge=3&value=17/40,sp|Q9ULV4|COR1C_HUMAN,/core/www/modules//consensus/?run_id=110202&search_id=114132&scans_id=110198&peptide_id=10933&scanf=19561&charge=3&value=sp|Q9ULV4|COR1C_HUMAN,8,/core/www/modules/match_peptides/blast_html4.php?run_id=110202&search_id=114132&scans_id=110198&peptide_id=10933&scanf=19561&charge=3&value=8,R.VGIVAWHPTAR.N,/core/www/modules/show_out/show_out_wrapper.php?run_id=110202&search_id=114132&scans_id=110198&peptide_id=10933&scanf=19561&charge=3&value=R.VGIVAWHPTAR.N,CORO1C,1.775e+8,3.701,0.000,3.446,0.000
19562,2,"  3.000","  0.578",11/18,/core/www/modules//sdig/index.php?run_id=110202&search_id=114132&scans_id=110198&peptide_id=10934&scanf=19562&charge=2&value=11/18,sp|P43243|MATR3_HUMAN,/core/www/modules//consensus/?run_id=110202&search_id=114132&scans_id=110198&peptide_id=10934&scanf=19562&charge=2&value=sp|P43243|MATR3_HUMAN,5,/core/www/modules/match_peptides/blast_html4.php?run_id=110202&search_id=114132&scans_id=110198&peptide_id=10934&scanf=19562&charge=2&value=5,K.SQAFIEMETR.E,/core/www/modules/show_out/show_out_wrapper.php?run_id=110202&search_id=114132&scans_id=110198&peptide_id=10934&scanf=19562&charge=2&value=K.SQAFIEMETR.E,MATR3,7.050e+7,3.638,0.000,3.353,0.000
19564,2,"  3.077","  0.468",12/14,/core/www/modules//sdig/index.php?run_id=110202&search_id=114132&scans_id=110198&peptide_id=10936&scanf=19564&charge=2&value=12/14,sp|Q9H8H2|DDX31_HUMAN,/core/www/modules//consensus/?run_id=110202&search_id=114132&scans_id=110198&peptide_id=10936&scanf=19564&charge=2&value=sp|Q9H8H2|DDX31_HUMAN,0,/core/www/modules/match_peptides/blast_html4.php?run_id=110202&search_id=114132&scans_id=110198&peptide_id=10936&scanf=19564&charge=2&value=0,K.HSLAEILR.S,/core/www/modules/show_out/show_out_wrapper.php?run_id=110202&search_id=114132&scans_id=110198&peptide_id=10936&scanf=19564&charge=2&value=K.HSLAEILR.S,DDX31,2.466e+7,3.669,0.000,3.398,0.000
19565,3,"  2.429","  0.401",14/40,/core/www/modules//sdig/index.php?run_id=110202&search_id=114132&scans_id=110198&peptide_id=10937&scanf=19565&charge=3&value=14/40,sp|P48643|TCPE_HUMAN,/core/www/modules//consensus/?run_id=110202&search_id=114132&scans_id=110198&peptide_id=10937&scanf=19565&charge=3&value=sp|P48643|TCPE_HUMAN,3,/core/www/modules/match_peptides/blast_html4.php?run_id=110202&search_id=114132&scans_id=110198&peptide_id=10937&scanf=19565&charge=3&value=3,K.QQHVIETLIGK.K,/core/www/modules/show_out/show_out_wrapper.php?run_id=110202&search_id=114132&scans_id=110198&peptide_id=10937&scanf=19565&charge=3&value=K.QQHVIETLIGK.K,CCT5,2.374e+7,3.042,0.003,2.470,0.000
19570,3,"  3.972","  0.414",16/52,/core/www/modules//sdig/index.php?run_id=110202&search_id=114132&scans_id=110198&peptide_id=10943&scanf=19570&charge=3&value=16/52,sp|Q9ULX6|AKP8L_HUMAN,/core/www/modules//consensus/?run_id=110202&search_id=114132&scans_id=110198&peptide_id=10943&scanf=19570&charge=3&value=sp|Q9ULX6|AKP8L_HUMAN,2,/core/www/modules/match_peptides/blast_html4.php?run_id=110202&search_id=114132&scans_id=110198&peptide_id=10943&scanf=19570&charge=3&value=2,R.TFYEDEMASHLDSK.F,/core/www/modules/show_out/show_out_wrapper.php?run_id=110202&search_id=114132&scans_id=110198&peptide_id=10943&scanf=19570&charge=3&value=R.TFYEDEMASHLDSK.F,AKAP8L,1.437e+7,2.948,0.005,2.331,0.000
19574,2,"  2.580","  0.526",11/20,/core/www/modules//sdig/index.php?run_id=110202&search_id=114132&scans_id=110198&peptide_id=10947&scanf=19574&charge=2&value=11/20,sp|Q13523|PRP4B_HUMAN,/core/www/modules//consensus/?run_id=110202&search_id=114132&scans_id=110198&peptide_id=10947&scanf=19574&charge=2&value=sp|Q13523|PRP4B_HUMAN,1,/core/www/modules/match_peptides/blast_html4.php?run_id=110202&search_id=114132&scans_id=110198&peptide_id=10947&scanf=19574&charge=2&value=1,R.DNWTDAEGYYR.V,/core/www/modules/show_out/show_out_wrapper.php?run_id=110202&search_id=114132&scans_id=110198&peptide_id=10947&scanf=19574&charge=2&value=R.DNWTDAEGYYR.V,PRPF4B,1.064e+7,3.249,0.002,2.777,0.000
19575,2,"  3.109","  0.239",10/26,/core/www/modules//sdig/index.php?run_id=110202&search_id=114132&scans_id=110198&peptide_id=10948&scanf=19575&charge=2&value=10/26,sp|O60841|IF2P_HUMAN,/core/www/modules//consensus/?run_id=110202&search_id=114132&scans_id=110198&peptide_id=10948&scanf=19575&charge=2&value=sp|O60841|IF2P_HUMAN,1,/core/www/modules/match_peptides/blast_html4.php?run_id=110202&search_id=114132&scans_id=110198&peptide_id=10948&scanf=19575&charge=2&value=1,K.VTVDTGVIPASEEK.A,/core/www/modules/show_out/show_out_wrapper.php?run_id=110202&search_id=114132&scans_id=110198&peptide_id=10948&scanf=19575&charge=2&value=K.VTVDTGVIPASEEK.A,EIF5B,1.110e+7,1.997,0.108,0.968,0.005
19577,2,"  2.496","  0.683",12/20,/core/www/modules//sdig/index.php?run_id=110202&search_id=114132&scans_id=110198&peptide_id=10949&scanf=19577&charge=2&value=12/20,sp|P26599|PTBP1_HUMAN,/core/www/modules//consensus/?run_id=110202&search_id=114132&scans_id=110198&peptide_id=10949&scanf=19577&charge=2&value=sp|P26599|PTBP1_HUMAN,4,/core/www/modules/match_peptides/blast_html4.php?run_id=110202&search_id=114132&scans_id=110198&peptide_id=10949&scanf=19577&charge=2&value=4,K.VLFSSNGGVVK.G,/core/www/modules/show_out/show_out_wrapper.php?run_id=110202&search_id=114132&scans_id=110198&peptide_id=10949&scanf=19577&charge=2&value=K.VLFSSNGGVVK.G,PTBP1,7.442e+7,3.867,0.000,3.692,0.000
19578,2,"  2.134","  0.330",9/14,/core/www/modules//sdig/index.php?run_id=110202&search_id=114132&scans_id=110198&peptide_id=10950&scanf=19578&charge=2&value=9/14,sp|P40227|TCPZ_HUMAN,/core/www/modules//consensus/?run_id=110202&search_id=114132&scans_id=110198&peptide_id=10950&scanf=19578&charge=2&value=sp|P40227|TCPZ_HUMAN,0,/core/www/modules/match_peptides/blast_html4.php?run_id=110202&search_id=114132&scans_id=110198&peptide_id=10950&scanf=19578&charge=2&value=0,R.ETLIDVAR.T,/core/www/modules/show_out/show_out_wrapper.php?run_id=110202&search_id=114132&scans_id=110198&peptide_id=10950&scanf=19578&charge=2&value=R.ETLIDVAR.T,CCT6A,2.528e+7,2.822,0.007,2.146,0.000
19583,3,"  2.670","  0.503",13/40,/core/www/modules//sdig/index.php?run_id=110202&search_id=114132&scans_id=110198&peptide_id=10956&scanf=19583&charge=3&value=13/40,sp|Q9Y678|COPG1_HUMAN,/core/www/modules//consensus/?run_id=110202&search_id=114132&scans_id=110198&peptide_id=10956&scanf=19583&charge=3&value=sp|Q9Y678|COPG1_HUMAN,0,/core/www/modules/match_peptides/blast_html4.php?run_id=110202&search_id=114132&scans_id=110198&peptide_id=10956&scanf=19583&charge=3&value=0,R.ILHLLGQEGPK.T,/core/www/modules/show_out/show_out_wrapper.php?run_id=110202&search_id=114132&scans_id=110198&peptide_id=10956&scanf=19583&charge=3&value=R.ILHLLGQEGPK.T,COPG1,4.442e+7,3.316,0.001,2.875,0.000
19586,2,"  1.759","  0.251",8/16,/core/www/modules//sdig/index.php?run_id=110202&search_id=114132&scans_id=110198&peptide_id=10959&scanf=19586&charge=2&value=8/16,sp|Q12789|TF3C1_HUMAN,/core/www/modules//consensus/?run_id=110202&search_id=114132&scans_id=110198&peptide_id=10959&scanf=19586&charge=2&value=sp|Q12789|TF3C1_HUMAN,0,/core/www/modules/match_peptides/blast_html4.php?run_id=110202&search_id=114132&scans_id=110198&peptide_id=10959&scanf=19586&charge=2&value=0,R.NLSEEGLLR.L,/core/www/modules/show_out/show_out_wrapper.php?run_id=110202&search_id=114132&scans_id=110198&peptide_id=10959&scanf=19586&charge=2&value=R.NLSEEGLLR.L,GTF3C1,1.295e+7,2.233,0.051,1.292,0.002
19592,2,"  3.855","  0.504",16/28,/core/www/modules//sdig/index.php?run_id=110202&search_id=114132&scans_id=110198&peptide_id=10966&scanf=19592&charge=2&value=16/28,sp|Q13765|NACA_HUMAN,/core/www/modules//consensus/?run_id=110202&search_id=114132&scans_id=110198&peptide_id=10966&scanf=19592&charge=2&value=sp|Q13765|NACA_HUMAN,7,/core/www/modules/match_peptides/blast_html4.php?run_id=110202&search_id=114132&scans_id=110198&peptide_id=10966&scanf=19592&charge=2&value=7,K.IEDLSQQAQLAAAEK.F,/core/www/modules/show_out/show_out_wrapper.php?run_id=110202&search_id=114132&scans_id=110198&peptide_id=10966&scanf=19592&charge=2&value=K.IEDLSQQAQLAAAEK.F,NACA,5.768e+6,3.087,0.003,2.537,0.000
19595,2,"  3.319","  0.483",13/26,/core/www/modules//sdig/index.php?run_id=110202&search_id=114132&scans_id=110198&peptide_id=10969&scanf=19595&charge=2&value=13/26,sp|O75821|EIF3G_HUMAN,/core/www/modules//consensus/?run_id=110202&search_id=114132&scans_id=110198&peptide_id=10969&scanf=19595&charge=2&value=sp|O75821|EIF3G_HUMAN,3,/core/www/modules/match_peptides/blast_html4.php?run_id=110202&search_id=114132&scans_id=110198&peptide_id=10969&scanf=19595&charge=2&value=3,K.LPGELEPVQATQNK.T,/core/www/modules/show_out/show_out_wrapper.php?run_id=110202&search_id=114132&scans_id=110198&peptide_id=10969&scanf=19595&charge=2&value=K.LPGELEPVQATQNK.T,EIF3G,5.493e+6,2.941,0.005,2.321,0.000
19598,2,"  2.788","  0.547",13/20,/core/www/modules//sdig/index.php?run_id=110202&search_id=114132&scans_id=110198&peptide_id=10971&scanf=19598&charge=2&value=13/20,sp|P60709|ACTB_HUMAN,/core/www/modules//consensus/?run_id=110202&search_id=114132&scans_id=110198&peptide_id=10971&scanf=19598&charge=2&value=sp|P60709|ACTB_HUMAN,12,/core/www/modules/match_peptides/blast_html4.php?run_id=110202&search_id=114132&scans_id=110198&peptide_id=10971&scanf=19598&charge=2&value=12,K.EITALAPSTMK.I,/core/www/modules/show_out/show_out_wrapper.php?run_id=110202&search_id=114132&scans_id=110198&peptide_id=10971&scanf=19598&charge=2&value=K.EITALAPSTMK.I,ACTB,2.690e+9,4.007,0.000,3.901,0.000
19601,2,"  2.173","  0.420",7/16,/core/www/modules//sdig/index.php?run_id=110202&search_id=114132&scans_id=110198&peptide_id=10975&scanf=19601&charge=2&value=7/16,sp|Q9ULX6|AKP8L_HUMAN,/core/www/modules//consensus/?run_id=110202&search_id=114132&scans_id=110198&peptide_id=10975&scanf=19601&charge=2&value=sp|Q9ULX6|AKP8L_HUMAN,7,/core/www/modules/match_peptides/blast_html4.php?run_id=110202&search_id=114132&scans_id=110198&peptide_id=10975&scanf=19601&charge=2&value=7,R.MWEDPMGAR.G,/core/www/modules/show_out/show_out_wrapper.php?run_id=110202&search_id=114132&scans_id=110198&peptide_id=10975&scanf=19601&charge=2&value=R.MWEDPMGAR.G,AKAP8L,1.392e+7,2.789,0.008,2.097,0.000
19602,2,"  1.734","  0.171",7/14,/core/www/modules//sdig/index.php?run_id=110202&search_id=114132&scans_id=110198&peptide_id=10976&scanf=19602&charge=2&value=7/14,sp|Q9Y3I0|RTCB_HUMAN,/core/www/modules//consensus/?run_id=110202&search_id=114132&scans_id=110198&peptide_id=10976&scanf=19602&charge=2&value=sp|Q9Y3I0|RTCB_HUMAN,0,/core/www/modules/match_peptides/blast_html4.php?run_id=110202&search_id=114132&scans_id=110198&peptide_id=10976&scanf=19602&charge=2&value=0,R.SSMTFLTR.Q,/core/www/modules/show_out/show_out_wrapper.php?run_id=110202&search_id=114132&scans_id=110198&peptide_id=10976&scanf=19602&charge=2&value=R.SSMTFLTR.Q,RTCB,1.884e+7,2.058,0.089,1.050,0.004
19604,2,"  3.106","  0.533",14/22,/core/www/modules//sdig/index.php?run_id=110202&search_id=114132&scans_id=110198&peptide_id=10978&scanf=19604&charge=2&value=14/22,sp|P43246|MSH2_HUMAN,/core/www/modules//consensus/?run_id=110202&search_id=114132&scans_id=110198&peptide_id=10978&scanf=19604&charge=2&value=sp|P43246|MSH2_HUMAN,5,/core/www/modules/match_peptides/blast_html4.php?run_id=110202&search_id=114132&scans_id=110198&peptide_id=10978&scanf=19604&charge=2&value=5,R.QVGVGYVDSIQR.K,/core/www/modules/show_out/show_out_wrapper.php?run_id=110202&search_id=114132&scans_id=110198&peptide_id=10978&scanf=19604&charge=2&value=R.QVGVGYVDSIQR.K,MSH2,1.129e+7,3.403,0.001,3.005,0.000
19609,2,"  2.850","  0.457",9/22,/core/www/modules//sdig/index.php?run_id=110202&search_id=114132&scans_id=110198&peptide_id=10983&scanf=19609&charge=2&value=9/22,sp|Q96SI9|STRBP_HUMAN,/core/www/modules//consensus/?run_id=110202&search_id=114132&scans_id=110198&peptide_id=10983&scanf=19609&charge=2&value=sp|Q96SI9|STRBP_HUMAN,0,/core/www/modules/match_peptides/blast_html4.php?run_id=110202&search_id=114132&scans_id=110198&peptide_id=10983&scanf=19609&charge=2&value=0,K.DKPTETLLNTVK.D,/core/www/modules/show_out/show_out_wrapper.php?run_id=110202&search_id=114132&scans_id=110198&peptide_id=10983&scanf=19609&charge=2&value=K.DKPTETLLNTVK.D,STRBP,1.844e+7,2.780,0.008,2.083,0.000
19612,3,"  3.014","  0.337",13/52,/core/www/modules//sdig/index.php?run_id=110202&search_id=114132&scans_id=110198&peptide_id=10987&scanf=19612&charge=3&value=13/52,sp|Q96QK1|VPS35_HUMAN,/core/www/modules//consensus/?run_id=110202&search_id=114132&scans_id=110198&peptide_id=10987&scanf=19612&charge=3&value=sp|Q96QK1|VPS35_HUMAN,0,/core/www/modules/match_peptides/blast_html4.php?run_id=110202&search_id=114132&scans_id=110198&peptide_id=10987&scanf=19612&charge=3&value=0,K.LNLEHIATSSAVSK.E,/core/www/modules/show_out/show_out_wrapper.php?run_id=110202&search_id=114132&scans_id=110198&peptide_id=10987&scanf=19612&charge=3&value=K.LNLEHIATSSAVSK.E,VPS35,7.928e+6,2.553,0.018,1.751,0.000
19613,3,"  3.067","  0.522",14/32,/core/www/modules//sdig/index.php?run_id=110202&search_id=114132&scans_id=110198&peptide_id=10988&scanf=19613&charge=3&value=14/32,sp|P43243|MATR3_HUMAN,/core/www/modules//consensus/?run_id=110202&search_id=114132&scans_id=110198&peptide_id=10988&scanf=19613&charge=3&value=sp|P43243|MATR3_HUMAN,11,/core/www/modules/match_peptides/blast_html4.php?run_id=110202&search_id=114132&scans_id=110198&peptide_id=10988&scanf=19613&charge=3&value=11,R.VVHIMDFQR.G,/core/www/modules/show_out/show_out_wrapper.php?run_id=110202&search_id=114132&scans_id=110198&peptide_id=10988&scanf=19613&charge=3&value=R.VVHIMDFQR.G,MATR3,2.562e+8,3.716,0.000,3.469,0.000
19615,2,"  2.454","  0.527",12/20,/core/www/modules//sdig/index.php?run_id=110202&search_id=114132&scans_id=110198&peptide_id=10990&scanf=19615&charge=2&value=12/20,sp|Q6PL18|ATAD2_HUMAN,/core/www/modules//consensus/?run_id=110202&search_id=114132&scans_id=110198&peptide_id=10990&scanf=19615&charge=2&value=sp|Q6PL18|ATAD2_HUMAN,1,/core/www/modules/match_peptides/blast_html4.php?run_id=110202&search_id=114132&scans_id=110198&peptide_id=10990&scanf=19615&charge=2&value=1,R.GEIVVIGATNR.L,/core/www/modules/show_out/show_out_wrapper.php?run_id=110202&search_id=114132&scans_id=110198&peptide_id=10990&scanf=19615&charge=2&value=R.GEIVVIGATNR.L,ATAD2,1.048e+7,3.354,0.001,2.931,0.000
19619,2,"  2.458","  0.331",10/14,/core/www/modules//sdig/index.php?run_id=110202&search_id=114132&scans_id=110198&peptide_id=10993&scanf=19619&charge=2&value=10/14,sp|P14868|SYDC_HUMAN,/core/www/modules//consensus/?run_id=110202&search_id=114132&scans_id=110198&peptide_id=10993&scanf=19619&charge=2&value=sp|P14868|SYDC_HUMAN,3,/core/www/modules/match_peptides/blast_html4.php?run_id=110202&search_id=114132&scans_id=110198&peptide_id=10993&scanf=19619&charge=2&value=3,K.ADEVVWVR.A,/core/www/modules/show_out/show_out_wrapper.php?run_id=110202&search_id=114132&scans_id=110198&peptide_id=10993&scanf=19619&charge=2&value=K.ADEVVWVR.A,DARS1,3.935e+7,2.984,0.004,2.385,0.000
19621,2,"  1.709","  0.039",8/12,/core/www/modules//sdig/index.php?run_id=110202&search_id=114132&scans_id=110198&peptide_id=10996&scanf=19621&charge=2&value=8/12,sp|Q92878|RAD50_HUMAN,/core/www/modules//consensus/?run_id=110202&search_id=114132&scans_id=110198&peptide_id=10996&scanf=19621&charge=2&value=sp|Q92878|RAD50_HUMAN,2,/core/www/modules/match_peptides/blast_html4.php?run_id=110202&search_id=114132&scans_id=110198&peptide_id=10996&scanf=19621&charge=2&value=2,R.QSIIDLK.E,/core/www/modules/show_out/show_out_wrapper.php?run_id=110202&search_id=114132&scans_id=110198&peptide_id=10996&scanf=19621&charge=2&value=R.QSIIDLK.E,RAD50,1.604e+7,2.013,0.102,0.990,0.005
19622,2,"  2.483","  0.584",12/24,/core/www/modules//sdig/index.php?run_id=110202&search_id=114132&scans_id=110198&peptide_id=10997&scanf=19622&charge=2&value=12/24,sp|Q9Y678|COPG1_HUMAN,/core/www/modules//consensus/?run_id=110202&search_id=114132&scans_id=110198&peptide_id=10997&scanf=19622&charge=2&value=sp|Q9Y678|COPG1_HUMAN,0,/core/www/modules/match_peptides/blast_html4.php?run_id=110202&search_id=114132&scans_id=110198&peptide_id=10997&scanf=19622&charge=2&value=0,K.SVPLATAPMAEQR.T,/core/www/modules/show_out/show_out_wrapper.php?run_id=110202&search_id=114132&scans_id=110198&peptide_id=10997&scanf=19622&charge=2&value=K.SVPLATAPMAEQR.T,COPG1,1.693e+7,3.276,0.002,2.817,0.000
19623,2,"  2.326","  0.250",9/16,/core/www/modules//sdig/index.php?run_id=110202&search_id=114132&scans_id=110198&peptide_id=10998&scanf=19623&charge=2&value=9/16,sp|A6NHR9|SMHD1_HUMAN,/core/www/modules//consensus/?run_id=110202&search_id=114132&scans_id=110198&peptide_id=10998&scanf=19623&charge=2&value=sp|A6NHR9|SMHD1_HUMAN,4,/core/www/modules/match_peptides/blast_html4.php?run_id=110202&search_id=114132&scans_id=110198&peptide_id=10998&scanf=19623&charge=2&value=4,K.VNWTPEINK.E,/core/www/modules/show_out/show_out_wrapper.php?run_id=110202&search_id=114132&scans_id=110198&peptide_id=10998&scanf=19623&charge=2&value=K.VNWTPEINK.E,SMCHD1,3.737e+7,2.633,0.014,1.868,0.000
19625,2,"  1.640","  0.238",6/14,/core/www/modules//sdig/index.php?run_id=110202&search_id=114132&scans_id=110198&peptide_id=11000&scanf=19625&charge=2&value=6/14,sp|Q15149|PLEC_HUMAN,/core/www/modules//consensus/?run_id=110202&search_id=114132&scans_id=110198&peptide_id=11000&scanf=19625&charge=2&value=sp|Q15149|PLEC_HUMAN,5,/core/www/modules/match_peptides/blast_html4.php?run_id=110202&search_id=114132&scans_id=110198&peptide_id=11000&scanf=19625&charge=2&value=5,K.LHVAILER.E,/core/www/modules/show_out/show_out_wrapper.php?run_id=110202&search_id=114132&scans_id=110198&peptide_id=11000&scanf=19625&charge=2&value=K.LHVAILER.E,PLEC,1.588e+7,2.694,0.011,1.958,0.000
19627,2,"  2.174","  0.327",9/16,/core/www/modules//sdig/index.php?run_id=110202&search_id=114132&scans_id=110198&peptide_id=11002&scanf=19627&charge=2&value=9/16,sp|Q92616|GCN1_HUMAN,/core/www/modules//consensus/?run_id=110202&search_id=114132&scans_id=110198&peptide_id=11002&scanf=19627&charge=2&value=sp|Q92616|GCN1_HUMAN,0,/core/www/modules/match_peptides/blast_html4.php?run_id=110202&search_id=114132&scans_id=110198&peptide_id=11002&scanf=19627&charge=2&value=0,R.IPIAVSGVR.G,/core/www/modules/show_out/show_out_wrapper.php?run_id=110202&search_id=114132&scans_id=110198&peptide_id=11002&scanf=19627&charge=2&value=R.IPIAVSGVR.G,GCN1,2.540e+7,2.825,0.007,2.150,0.000
19628,2,"  2.208","  0.408",8/14,/core/www/modules//sdig/index.php?run_id=110202&search_id=114132&scans_id=110198&peptide_id=11003&scanf=19628&charge=2&value=8/14,sp|Q01085|TIAR_HUMAN,/core/www/modules//consensus/?run_id=110202&search_id=114132&scans_id=110198&peptide_id=11003&scanf=19628&charge=2&value=sp|Q01085|TIAR_HUMAN,3,/core/www/modules/match_peptides/blast_html4.php?run_id=110202&search_id=114132&scans_id=110198&peptide_id=11003&scanf=19628&charge=2&value=3,K.SAFAPFGK.I,/core/www/modules/show_out/show_out_wrapper.php?run_id=110202&search_id=114132&scans_id=110198&peptide_id=11003&scanf=19628&charge=2&value=K.SAFAPFGK.I,TIAL1,1.226e+7,2.930,0.005,2.304,0.000
19629,2,"  2.268","  0.217",12/20,/core/www/modules//sdig/index.php?run_id=110202&search_id=114132&scans_id=110198&peptide_id=11004&scanf=19629&charge=2&value=12/20,sp|P62491|RB11A_HUMAN,/core/www/modules//consensus/?run_id=110202&search_id=114132&scans_id=110198&peptide_id=11004&scanf=19629&charge=2&value=sp|P62491|RB11A_HUMAN,4,/core/www/modules/match_peptides/blast_html4.php?run_id=110202&search_id=114132&scans_id=110198&peptide_id=11004&scanf=19629&charge=2&value=4,K.VVLIGDSGVGK.S,/core/www/modules/show_out/show_out_wrapper.php?run_id=110202&search_id=114132&scans_id=110198&peptide_id=11004&scanf=19629&charge=2&value=K.VVLIGDSGVGK.S,RAB11A,5.535e+7,2.129,0.071,1.147,0.002
19630,3,"  1.937","  0.402",16/36,/core/www/modules//sdig/index.php?run_id=110202&search_id=114132&scans_id=110198&peptide_id=11005&scanf=19630&charge=3&value=16/36,sp|Q8IY37|DHX37_HUMAN,/core/www/modules//consensus/?run_id=110202&search_id=114132&scans_id=110198&peptide_id=11005&scanf=19630&charge=3&value=sp|Q8IY37|DHX37_HUMAN,1,/core/www/modules/match_peptides/blast_html4.php?run_id=110202&search_id=114132&scans_id=110198&peptide_id=11005&scanf=19630&charge=3&value=1,R.LFAKPPPVIK.V,/core/www/modules/show_out/show_out_wrapper.php?run_id=110202&search_id=114132&scans_id=110198&peptide_id=11005&scanf=19630&charge=3&value=R.LFAKPPPVIK.V,DHX37,9.533e+6,3.122,0.003,2.588,0.000
19632,2,"  2.006","  0.339",7/12,/core/www/modules//sdig/index.php?run_id=110202&search_id=114132&scans_id=110198&peptide_id=11007&scanf=19632&charge=2&value=7/12,sp|O43852|CALU_HUMAN,/core/www/modules//consensus/?run_id=110202&search_id=114132&scans_id=110198&peptide_id=11007&scanf=19632&charge=2&value=sp|O43852|CALU_HUMAN,1,/core/www/modules/match_peptides/blast_html4.php?run_id=110202&search_id=114132&scans_id=110198&peptide_id=11007&scanf=19632&charge=2&value=1,R.EQFVEFR.D,/core/www/modules/show_out/show_out_wrapper.php?run_id=110202&search_id=114132&scans_id=110198&peptide_id=11007&scanf=19632&charge=2&value=R.EQFVEFR.D,CALU,1.139e+7,2.760,0.009,2.055,0.000
19634,3,"  2.447","  0.175",10/44,/core/www/modules//sdig/index.php?run_id=110202&search_id=114132&scans_id=110198&peptide_id=11009&scanf=19634&charge=3&value=10/44,sp|P49761|CLK3_HUMAN,/core/www/modules//consensus/?run_id=110202&search_id=114132&scans_id=110198&peptide_id=11009&scanf=19634&charge=3&value=sp|P49761|CLK3_HUMAN,3,/core/www/modules/match_peptides/blast_html4.php?run_id=110202&search_id=114132&scans_id=110198&peptide_id=11009&scanf=19634&charge=3&value=3,K.ILGPIPSHMIHR.T,/core/www/modules/show_out/show_out_wrapper.php?run_id=110202&search_id=114132&scans_id=110198&peptide_id=11009&scanf=19634&charge=3&value=K.ILGPIPSHMIHR.T,CLK3,6.663e+6,1.952,0.123,0.910,0.006
19636,3,"  3.752","  0.439",13/52,/core/www/modules//sdig/index.php?run_id=110202&search_id=114132&scans_id=110198&peptide_id=11011&scanf=19636&charge=3&value=13/52,sp|Q99613|EIF3C_HUMAN,/core/www/modules//consensus/?run_id=110202&search_id=114132&scans_id=110198&peptide_id=11011&scanf=19636&charge=3&value=sp|Q99613|EIF3C_HUMAN,1,/core/www/modules/match_peptides/blast_html4.php?run_id=110202&search_id=114132&scans_id=110198&peptide_id=11011&scanf=19636&charge=3&value=1,K.DAHNALLDIQSSGR.A,/core/www/modules/show_out/show_out_wrapper.php?run_id=110202&search_id=114132&scans_id=110198&peptide_id=11011&scanf=19636&charge=3&value=K.DAHNALLDIQSSGR.A,EIF3C,1.662e+7,2.883,0.006,2.236,0.000
19638,2,"  2.827","  0.543",11/22,/core/www/modules//sdig/index.php?run_id=110202&search_id=114132&scans_id=110198&peptide_id=11013&scanf=19638&charge=2&value=11/22,sp|P35637|FUS_HUMAN,/core/www/modules//consensus/?run_id=110202&search_id=114132&scans_id=110198&peptide_id=11013&scanf=19638&charge=2&value=sp|P35637|FUS_HUMAN,1,/core/www/modules/match_peptides/blast_html4.php?run_id=110202&search_id=114132&scans_id=110198&peptide_id=11013&scanf=19638&charge=2&value=1,K.TGQPM*INLYTDR.E,/core/www/modules/show_out/show_out_wrapper.php?run_id=110202&search_id=114132&scans_id=110198&peptide_id=11013&scanf=19638&charge=2&value=K.TGQPM*INLYTDR.E,FUS,1.028e+7,3.222,0.002,2.736,0.000
19640,2,"  2.967","  0.545",12/22,/core/www/modules//sdig/index.php?run_id=110202&search_id=114132&scans_id=110198&peptide_id=11015&scanf=19640&charge=2&value=12/22,sp|P78371|TCPB_HUMAN,/core/www/modules//consensus/?run_id=110202&search_id=114132&scans_id=110198&peptide_id=11015&scanf=19640&charge=2&value=sp|P78371|TCPB_HUMAN,2,/core/www/modules/match_peptides/blast_html4.php?run_id=110202&search_id=114132&scans_id=110198&peptide_id=11015&scanf=19640&charge=2&value=2,K.ILIANTGMDTDK.I,/core/www/modules/show_out/show_out_wrapper.php?run_id=110202&search_id=114132&scans_id=110198&peptide_id=11015&scanf=19640&charge=2&value=K.ILIANTGMDTDK.I,CCT2,4.074e+7,3.393,0.001,2.989,0.000
19643,3,"  3.207","  0.560",17/44,/core/www/modules//sdig/index.php?run_id=110202&search_id=114132&scans_id=110198&peptide_id=11018&scanf=19643&charge=3&value=17/44,sp|Q9NUL3|STAU2_HUMAN,/core/www/modules//consensus/?run_id=110202&search_id=114132&scans_id=110198&peptide_id=11018&scanf=19643&charge=3&value=sp|Q9NUL3|STAU2_HUMAN,4,/core/www/modules/match_peptides/blast_html4.php?run_id=110202&search_id=114132&scans_id=110198&peptide_id=11018&scanf=19643&charge=3&value=4,K.KLPPLPVVEKPK.L,/core/www/modules/show_out/show_out_wrapper.php?run_id=110202&search_id=114132&scans_id=110198&peptide_id=11018&scanf=19643&charge=3&value=K.KLPPLPVVEKPK.L,STAU2,3.604e+7,3.286,0.001,2.831,0.000
19644,3,"  2.327","  0.443",13/32,/core/www/modules//sdig/index.php?run_id=110202&search_id=114132&scans_id=110198&peptide_id=11019&scanf=19644&charge=3&value=13/32,sp|Q9NTI5|PDS5B_HUMAN,/core/www/modules//consensus/?run_id=110202&search_id=114132&scans_id=110198&peptide_id=11019&scanf=19644&charge=3&value=sp|Q9NTI5|PDS5B_HUMAN,0,/core/www/modules/match_peptides/blast_html4.php?run_id=110202&search_id=114132&scans_id=110198&peptide_id=11019&scanf=19644&charge=3&value=0,R.FNDIHVPIR.L,/core/www/modules/show_out/show_out_wrapper.php?run_id=110202&search_id=114132&scans_id=110198&peptide_id=11019&scanf=19644&charge=3&value=R.FNDIHVPIR.L,PDS5B,5.748e+7,3.351,0.001,2.927,0.000
19645,2,"  2.255","  0.508",9/16,/core/www/modules//sdig/index.php?run_id=110202&search_id=114132&scans_id=110198&peptide_id=11020&scanf=19645&charge=2&value=9/16,sp|P49756|RBM25_HUMAN,/core/www/modules//consensus/?run_id=110202&search_id=114132&scans_id=110198&peptide_id=11020&scanf=19645&charge=2&value=sp|P49756|RBM25_HUMAN,0,/core/www/modules/match_peptides/blast_html4.php?run_id=110202&search_id=114132&scans_id=110198&peptide_id=11020&scanf=19645&charge=2&value=0,R.LLIYETEAK.K,/core/www/modules/show_out/show_out_wrapper.php?run_id=110202&search_id=114132&scans_id=110198&peptide_id=11020&scanf=19645&charge=2&value=R.LLIYETEAK.K,RBM25,2.787e+7,3.279,0.002,2.821,0.000
19647,2,"  3.462","  0.614",12/20,/core/www/modules//sdig/index.php?run_id=110202&search_id=114132&scans_id=110198&peptide_id=11022&scanf=19647&charge=2&value=12/20,sp|Q16531|DDB1_HUMAN,/core/www/modules//consensus/?run_id=110202&search_id=114132&scans_id=110198&peptide_id=11022&scanf=19647&charge=2&value=sp|Q16531|DDB1_HUMAN,10,/core/www/modules/match_peptides/blast_html4.php?run_id=110202&search_id=114132&scans_id=110198&peptide_id=11022&scanf=19647&charge=2&value=10,K.QSGESIDIITR.A,/core/www/modules/show_out/show_out_wrapper.php?run_id=110202&search_id=114132&scans_id=110198&peptide_id=11022&scanf=19647&charge=2&value=K.QSGESIDIITR.A,DDB1,1.302e+7,3.704,0.000,3.451,0.000
19650,3,"  2.281","  0.544",11/44,/core/www/modules//sdig/index.php?run_id=110202&search_id=114132&scans_id=110198&peptide_id=11026&scanf=19650&charge=3&value=11/44,sp|Q96DI7|SNR40_HUMAN,/core/www/modules//consensus/?run_id=110202&search_id=114132&scans_id=110198&peptide_id=11026&scanf=19650&charge=3&value=sp|Q96DI7|SNR40_HUMAN,0,/core/www/modules/match_peptides/blast_html4.php?run_id=110202&search_id=114132&scans_id=110198&peptide_id=11026&scanf=19650&charge=3&value=0,R.KGPELPLVPVKR.Q,/core/www/modules/show_out/show_out_wrapper.php?run_id=110202&search_id=114132&scans_id=110198&peptide_id=11026&scanf=19650&charge=3&value=R.KGPELPLVPVKR.Q,SNRNP40,1.061e+7,2.703,0.011,1.971,0.000
19651,2,"  2.060","  0.414",9/18,/core/www/modules//sdig/index.php?run_id=110202&search_id=114132&scans_id=110198&peptide_id=11027&scanf=19651&charge=2&value=9/18,sp|P55084|ECHB_HUMAN,/core/www/modules//consensus/?run_id=110202&search_id=114132&scans_id=110198&peptide_id=11027&scanf=19651&charge=2&value=sp|P55084|ECHB_HUMAN,2,/core/www/modules/match_peptides/blast_html4.php?run_id=110202&search_id=114132&scans_id=110198&peptide_id=11027&scanf=19651&charge=2&value=2,R.DFMYVSQDPK.D,/core/www/modules/show_out/show_out_wrapper.php?run_id=110202&search_id=114132&scans_id=110198&peptide_id=11027&scanf=19651&charge=2&value=R.DFMYVSQDPK.D,HADHB,1.850e+7,2.863,0.006,2.205,0.000
19653,4,"  3.311","  0.237",23/78,/core/www/modules//sdig/index.php?run_id=110202&search_id=114132&scans_id=110198&peptide_id=11029&scanf=19653&charge=4&value=23/78,sp|P49916|DNLI3_HUMAN,/core/www/modules//consensus/?run_id=110202&search_id=114132&scans_id=110198&peptide_id=11029&scanf=19653&charge=4&value=sp|P49916|DNLI3_HUMAN,0,/core/www/modules/match_peptides/blast_html4.php?run_id=110202&search_id=114132&scans_id=110198&peptide_id=11029&scanf=19653&charge=4&value=0,K.TGKPLPFGTLGVHK.K,/core/www/modules/show_out/show_out_wrapper.php?run_id=110202&search_id=114132&scans_id=110198&peptide_id=11029&scanf=19653&charge=4&value=K.TGKPLPFGTLGVHK.K,LIG3,1.226e+7,2.796,0.008,2.107,0.000
19655,2,"  2.756","  0.455",13/26,/core/www/modules//sdig/index.php?run_id=110202&search_id=114132&scans_id=110198&peptide_id=11031&scanf=19655&charge=2&value=13/26,sp|P21333|FLNA_HUMAN,/core/www/modules//consensus/?run_id=110202&search_id=114132&scans_id=110198&peptide_id=11031&scanf=19655&charge=2&value=sp|P21333|FLNA_HUMAN,5,/core/www/modules/match_peptides/blast_html4.php?run_id=110202&search_id=114132&scans_id=110198&peptide_id=11031&scanf=19655&charge=2&value=5,R.AYGPGIEPTGNMVK.K,/core/www/modules/show_out/show_out_wrapper.php?run_id=110202&search_id=114132&scans_id=110198&peptide_id=11031&scanf=19655&charge=2&value=R.AYGPGIEPTGNMVK.K,FLNA,1.986e+7,3.025,0.004,2.445,0.000
19657,2,"  3.377","  0.534",13/20,/core/www/modules//sdig/index.php?run_id=110202&search_id=114132&scans_id=110198&peptide_id=11033&scanf=19657&charge=2&value=13/20,sp|P60842|IF4A1_HUMAN,/core/www/modules//consensus/?run_id=110202&search_id=114132&scans_id=110198&peptide_id=11033&scanf=19657&charge=2&value=sp|P60842|IF4A1_HUMAN,8,/core/www/modules/match_peptides/blast_html4.php?run_id=110202&search_id=114132&scans_id=110198&peptide_id=11033&scanf=19657&charge=2&value=8,K.ATQALVLAPTR.E,/core/www/modules/show_out/show_out_wrapper.php?run_id=110202&search_id=114132&scans_id=110198&peptide_id=11033&scanf=19657&charge=2&value=K.ATQALVLAPTR.E,EIF4A1,1.082e+8,3.516,0.001,3.172,0.000
19658,2,"  4.797","  0.743",22/42,/core/www/modules//sdig/index.php?run_id=110202&search_id=114132&scans_id=110198&peptide_id=11034&scanf=19658&charge=2&value=22/42,sp|Q9BRJ6|CG050_HUMAN,/core/www/modules//consensus/?run_id=110202&search_id=114132&scans_id=110198&peptide_id=11034&scanf=19658&charge=2&value=sp|Q9BRJ6|CG050_HUMAN,1,/core/www/modules/match_peptides/blast_html4.php?run_id=110202&search_id=114132&scans_id=110198&peptide_id=11034&scanf=19658&charge=2&value=1,K.ASAEGPLLGPEAAPSGEGAGSK.G,/core/www/modules/show_out/show_out_wrapper.php?run_id=110202&search_id=114132&scans_id=110198&peptide_id=11034&scanf=19658&charge=2&value=K.ASAEGPLLGPEAAPSGEGAGSK.G,C7orf50,6.106e+6,3.645,0.000,3.364,0.000
19661,2,"  2.205","  0.398",12/12,/core/www/modules//sdig/index.php?run_id=110202&search_id=114132&scans_id=110198&peptide_id=11037&scanf=19661&charge=2&value=12/12,sp|P04908|H2A1B_HUMAN,/core/www/modules//consensus/?run_id=110202&search_id=114132&scans_id=110198&peptide_id=11037&scanf=19661&charge=2&value=sp|P04908|H2A1B_HUMAN,20,/core/www/modules/match_peptides/blast_html4.php?run_id=110202&search_id=114132&scans_id=110198&peptide_id=11037&scanf=19661&charge=2&value=20,R.HLQLAIR.N,/core/www/modules/show_out/show_out_wrapper.php?run_id=110202&search_id=114132&scans_id=110198&peptide_id=11037&scanf=19661&charge=2&value=R.HLQLAIR.N,H2AC8,1.860e+9,3.776,0.000,3.557,0.000
19663,3,"  3.004","  0.489",17/44,/core/www/modules//sdig/index.php?run_id=110202&search_id=114132&scans_id=110198&peptide_id=11039&scanf=19663&charge=3&value=17/44,sp|Q8WXF1|PSPC1_HUMAN,/core/www/modules//consensus/?run_id=110202&search_id=114132&scans_id=110198&peptide_id=11039&scanf=19663&charge=3&value=sp|Q8WXF1|PSPC1_HUMAN,1,/core/www/modules/match_peptides/blast_html4.php?run_id=110202&search_id=114132&scans_id=110198&peptide_id=11039&scanf=19663&charge=3&value=1,K.GFVEFAAKPPAR.K,/core/www/modules/show_out/show_out_wrapper.php?run_id=110202&search_id=114132&scans_id=110198&peptide_id=11039&scanf=19663&charge=3&value=K.GFVEFAAKPPAR.K,PSPC1,1.569e+7,3.284,0.001,2.829,0.000
19666,2,"  2.690","  0.351",11/18,/core/www/modules//sdig/index.php?run_id=110202&search_id=114132&scans_id=110198&peptide_id=11042&scanf=19666&charge=2&value=11/18,sp|P34932|HSP74_HUMAN,/core/www/modules//consensus/?run_id=110202&search_id=114132&scans_id=110198&peptide_id=11042&scanf=19666&charge=2&value=sp|P34932|HSP74_HUMAN,0,/core/www/modules/match_peptides/blast_html4.php?run_id=110202&search_id=114132&scans_id=110198&peptide_id=11042&scanf=19666&charge=2&value=0,K.QSLTMDPVVK.S,/core/www/modules/show_out/show_out_wrapper.php?run_id=110202&search_id=114132&scans_id=110198&peptide_id=11042&scanf=19666&charge=2&value=K.QSLTMDPVVK.S,HSPA4,9.116e+6,2.818,0.007,2.140,0.000
19669,4,"  2.377","  0.312",17/78,/core/www/modules//sdig/index.php?run_id=110202&search_id=114132&scans_id=110198&peptide_id=11045&scanf=19669&charge=4&value=17/78,sp|P78371|TCPB_HUMAN,/core/www/modules//consensus/?run_id=110202&search_id=114132&scans_id=110198&peptide_id=11045&scanf=19669&charge=4&value=sp|P78371|TCPB_HUMAN,2,/core/www/modules/match_peptides/blast_html4.php?run_id=110202&search_id=114132&scans_id=110198&peptide_id=11045&scanf=19669&charge=4&value=2,R.LKGSGNLEAIHIIK.K,/core/www/modules/show_out/show_out_wrapper.php?run_id=110202&search_id=114132&scans_id=110198&peptide_id=11045&scanf=19669&charge=4&value=R.LKGSGNLEAIHIIK.K,CCT2,1.828e+7,2.668,0.012,1.919,0.000
19670,2,"  1.688","  0.168",8/12,/core/www/modules//sdig/index.php?run_id=110202&search_id=114132&scans_id=110198&peptide_id=11047&scanf=19670&charge=2&value=8/12,sp|O43159|RRP8_HUMAN,/core/www/modules//consensus/?run_id=110202&search_id=114132&scans_id=110198&peptide_id=11047&scanf=19670&charge=2&value=sp|O43159|RRP8_HUMAN,1,/core/www/modules/match_peptides/blast_html4.php?run_id=110202&search_id=114132&scans_id=110198&peptide_id=11047&scanf=19670&charge=2&value=1,R.QLLATLR.A,/core/www/modules/show_out/show_out_wrapper.php?run_id=110202&search_id=114132&scans_id=110198&peptide_id=11047&scanf=19670&charge=2&value=R.QLLATLR.A,RRP8,1.256e+7,2.350,0.035,1.457,0.001
19671,2,"  2.056","  0.362",9/16,/core/www/modules//sdig/index.php?run_id=110202&search_id=114132&scans_id=110198&peptide_id=11048&scanf=19671&charge=2&value=9/16,sp|Q9NU22|MDN1_HUMAN,/core/www/modules//consensus/?run_id=110202&search_id=114132&scans_id=110198&peptide_id=11048&scanf=19671&charge=2&value=sp|Q9NU22|MDN1_HUMAN,0,/core/www/modules/match_peptides/blast_html4.php?run_id=110202&search_id=114132&scans_id=110198&peptide_id=11048&scanf=19671&charge=2&value=0,R.ATNQDWMLR.V,/core/www/modules/show_out/show_out_wrapper.php?run_id=110202&search_id=114132&scans_id=110198&peptide_id=11048&scanf=19671&charge=2&value=R.ATNQDWMLR.V,MDN1,7.015e+6,2.891,0.006,2.247,0.000
19673,2,"  4.611","  0.827",21/32,/core/www/modules//sdig/index.php?run_id=110202&search_id=114132&scans_id=110198&peptide_id=11050&scanf=19673&charge=2&value=21/32,sp|Q9Y2X3|NOP58_HUMAN,/core/www/modules//consensus/?run_id=110202&search_id=114132&scans_id=110198&peptide_id=11050&scanf=19673&charge=2&value=sp|Q9Y2X3|NOP58_HUMAN,0,/core/www/modules/match_peptides/blast_html4.php?run_id=110202&search_id=114132&scans_id=110198&peptide_id=11050&scanf=19673&charge=2&value=0,R.YDAFGEDSSSAMGVENR.A,/core/www/modules/show_out/show_out_wrapper.php?run_id=110202&search_id=114132&scans_id=110198&peptide_id=11050&scanf=19673&charge=2&value=R.YDAFGEDSSSAMGVENR.A,NOP58,2.615e+7,4.347,0.000,4.404,0.000
19675,2,"  1.991","  0.242",8/16,/core/www/modules//sdig/index.php?run_id=110202&search_id=114132&scans_id=110198&peptide_id=11052&scanf=19675&charge=2&value=8/16,sp|Q96RP9|EFGM_HUMAN,/core/www/modules//consensus/?run_id=110202&search_id=114132&scans_id=110198&peptide_id=11052&scanf=19675&charge=2&value=sp|Q96RP9|EFGM_HUMAN,2,/core/www/modules/match_peptides/blast_html4.php?run_id=110202&search_id=114132&scans_id=110198&peptide_id=11052&scanf=19675&charge=2&value=2,R.YGEIPAELR.A,/core/www/modules/show_out/show_out_wrapper.php?run_id=110202&search_id=114132&scans_id=110198&peptide_id=11052&scanf=19675&charge=2&value=R.YGEIPAELR.A,GFM1,6.595e+6,2.211,0.055,1.260,0.002
19677,3,"  2.583","  0.248",10/48,/core/www/modules//sdig/index.php?run_id=110202&search_id=114132&scans_id=110198&peptide_id=11054&scanf=19677&charge=3&value=10/48,sp|Q9UNX4|WDR3_HUMAN,/core/www/modules//consensus/?run_id=110202&search_id=114132&scans_id=110198&peptide_id=11054&scanf=19677&charge=3&value=sp|Q9UNX4|WDR3_HUMAN,0,/core/www/modules/match_peptides/blast_html4.php?run_id=110202&search_id=114132&scans_id=110198&peptide_id=11054&scanf=19677&charge=3&value=0,K.SFDLIHSPHGELK.A,/core/www/modules/show_out/show_out_wrapper.php?run_id=110202&search_id=114132&scans_id=110198&peptide_id=11054&scanf=19677&charge=3&value=K.SFDLIHSPHGELK.A,WDR3,1.025e+7,2.190,0.059,1.232,0.002
19678,3,"  2.489","  0.496",12/32,/core/www/modules//sdig/index.php?run_id=110202&search_id=114132&scans_id=110198&peptide_id=11055&scanf=19678&charge=3&value=12/32,sp|Q96KQ7|EHMT2_HUMAN,/core/www/modules//consensus/?run_id=110202&search_id=114132&scans_id=110198&peptide_id=11055&scanf=19678&charge=3&value=sp|Q96KQ7|EHMT2_HUMAN,7,/core/www/modules/match_peptides/blast_html4.php?run_id=110202&search_id=114132&scans_id=110198&peptide_id=11055&scanf=19678&charge=3&value=7,R.VFMLHQDLR.F,/core/www/modules/show_out/show_out_wrapper.php?run_id=110202&search_id=114132&scans_id=110198&peptide_id=11055&scanf=19678&charge=3&value=R.VFMLHQDLR.F,EHMT2,1.338e+7,3.397,0.001,2.996,0.000
19680,2,"  1.661","  0.489",9/14,/core/www/modules//sdig/index.php?run_id=110202&search_id=114132&scans_id=110198&peptide_id=11058&scanf=19680&charge=2&value=9/14,sp|Q9UQ80|PA2G4_HUMAN,/core/www/modules//consensus/?run_id=110202&search_id=114132&scans_id=110198&peptide_id=11058&scanf=19680&charge=2&value=sp|Q9UQ80|PA2G4_HUMAN,1,/core/www/modules/match_peptides/blast_html4.php?run_id=110202&search_id=114132&scans_id=110198&peptide_id=11058&scanf=19680&charge=2&value=1,R.AFFSEVER.R,/core/www/modules/show_out/show_out_wrapper.php?run_id=110202&search_id=114132&scans_id=110198&peptide_id=11058&scanf=19680&charge=2&value=R.AFFSEVER.R,PA2G4,1.147e+7,3.271,0.002,2.808,0.000
19682,2,"  1.809","  0.000",8/12,/core/www/modules//sdig/index.php?run_id=110202&search_id=114132&scans_id=110198&peptide_id=11059&scanf=19682&charge=2&value=8/12,sp|P09651|ROA1_HUMAN,/core/www/modules//consensus/?run_id=110202&search_id=114132&scans_id=110198&peptide_id=11059&scanf=19682&charge=2&value=sp|P09651|ROA1_HUMAN,0,/core/www/modules/match_peptides/blast_html4.php?run_id=110202&search_id=114132&scans_id=110198&peptide_id=11059&scanf=19682&charge=2&value=0,K.IFVGGIK.E,/core/www/modules/show_out/show_out_wrapper.php?run_id=110202&search_id=114132&scans_id=110198&peptide_id=11059&scanf=19682&charge=2&value=K.IFVGGIK.E,HNRNPA1,7.963e+8,2.689,0.011,1.950,0.000
19683,2,"  1.675","  0.298",10/14,/core/www/modules//sdig/index.php?run_id=110202&search_id=114132&scans_id=110198&peptide_id=11060&scanf=19683&charge=2&value=10/14,sp|Q9Y6A4|CFA20_HUMAN,/core/www/modules//consensus/?run_id=110202&search_id=114132&scans_id=110198&peptide_id=11060&scanf=19683&charge=2&value=sp|Q9Y6A4|CFA20_HUMAN,0,/core/www/modules/match_peptides/blast_html4.php?run_id=110202&search_id=114132&scans_id=110198&peptide_id=11060&scanf=19683&charge=2&value=0,K.LYLPVQNK.A,/core/www/modules/show_out/show_out_wrapper.php?run_id=110202&search_id=114132&scans_id=110198&peptide_id=11060&scanf=19683&charge=2&value=K.LYLPVQNK.A,CFAP20,3.113e+7,2.783,0.008,2.089,0.000
19684,3,"  3.435","  0.593",12/44,/core/www/modules//sdig/index.php?run_id=110202&search_id=114132&scans_id=110198&peptide_id=11061&scanf=19684&charge=3&value=12/44,sp|P17480|UBF1_HUMAN,/core/www/modules//consensus/?run_id=110202&search_id=114132&scans_id=110198&peptide_id=11061&scanf=19684&charge=3&value=sp|P17480|UBF1_HUMAN,2,/core/www/modules/match_peptides/blast_html4.php?run_id=110202&search_id=114132&scans_id=110198&peptide_id=11061&scanf=19684&charge=3&value=2,K.LHPEMSNLDLTK.I,/core/www/modules/show_out/show_out_wrapper.php?run_id=110202&search_id=114132&scans_id=110198&peptide_id=11061&scanf=19684&charge=3&value=K.LHPEMSNLDLTK.I,UBTF,4.346e+7,3.578,0.001,3.263,0.000
19685,2,"  1.932","  0.088",10/14,/core/www/modules//sdig/index.php?run_id=110202&search_id=114132&scans_id=110198&peptide_id=11062&scanf=19685&charge=2&value=10/14,sp|P47756|CAPZB_HUMAN,/core/www/modules//consensus/?run_id=110202&search_id=114132&scans_id=110198&peptide_id=11062&scanf=19685&charge=2&value=sp|P47756|CAPZB_HUMAN,1,/core/www/modules/match_peptides/blast_html4.php?run_id=110202&search_id=114132&scans_id=110198&peptide_id=11062&scanf=19685&charge=2&value=1,K.NDLVEALK.R,/core/www/modules/show_out/show_out_wrapper.php?run_id=110202&search_id=114132&scans_id=110198&peptide_id=11062&scanf=19685&charge=2&value=K.NDLVEALK.R,CAPZB,1.829e+7,2.129,0.071,1.147,0.002
19686,3,"  3.074","  0.580",14/36,/core/www/modules//sdig/index.php?run_id=110202&search_id=114132&scans_id=110198&peptide_id=11063&scanf=19686&charge=3&value=14/36,sp|Q9UKD2|MRT4_HUMAN,/core/www/modules//consensus/?run_id=110202&search_id=114132&scans_id=110198&peptide_id=11063&scanf=19686&charge=3&value=sp|Q9UKD2|MRT4_HUMAN,0,/core/www/modules/match_peptides/blast_html4.php?run_id=110202&search_id=114132&scans_id=110198&peptide_id=11063&scanf=19686&charge=3&value=0,R.QLGLPTALKR.G,/core/www/modules/show_out/show_out_wrapper.php?run_id=110202&search_id=114132&scans_id=110198&peptide_id=11063&scanf=19686&charge=3&value=R.QLGLPTALKR.G,MRTO4,2.941e+7,3.432,0.001,3.048,0.000
19687,2,"  1.868","  0.094",9/14,/core/www/modules//sdig/index.php?run_id=110202&search_id=114132&scans_id=110198&peptide_id=11064&scanf=19687&charge=2&value=9/14,sp|Q16352|AINX_HUMAN,/core/www/modules//consensus/?run_id=110202&search_id=114132&scans_id=110198&peptide_id=11064&scanf=19687&charge=2&value=sp|Q16352|AINX_HUMAN,0,/core/www/modules/match_peptides/blast_html4.php?run_id=110202&search_id=114132&scans_id=110198&peptide_id=11064&scanf=19687&charge=2&value=0,R.QILELEER.H,/core/www/modules/show_out/show_out_wrapper.php?run_id=110202&search_id=114132&scans_id=110198&peptide_id=11064&scanf=19687&charge=2&value=R.QILELEER.H,INA,1.336e+7,2.049,0.092,1.037,0.004
19690,2,"  1.807","  0.449",9/16,/core/www/modules//sdig/index.php?run_id=110202&search_id=114132&scans_id=110198&peptide_id=11068&scanf=19690&charge=2&value=9/16,sp|P78527|PRKDC_HUMAN,/core/www/modules//consensus/?run_id=110202&search_id=114132&scans_id=110198&peptide_id=11068&scanf=19690&charge=2&value=sp|P78527|PRKDC_HUMAN,1,/core/www/modules/match_peptides/blast_html4.php?run_id=110202&search_id=114132&scans_id=110198&peptide_id=11068&scanf=19690&charge=2&value=1,K.IAPYSVEIK.N,/core/www/modules/show_out/show_out_wrapper.php?run_id=110202&search_id=114132&scans_id=110198&peptide_id=11068&scanf=19690&charge=2&value=K.IAPYSVEIK.N,PRKDC,1.102e+8,3.865,0.000,3.689,0.000
19691,3,"  1.560","  0.275",12/44,/core/www/modules//sdig/index.php?run_id=110202&search_id=114132&scans_id=110198&peptide_id=11069&scanf=19691&charge=3&value=12/44,sp|Q9UHB6|LIMA1_HUMAN,/core/www/modules//consensus/?run_id=110202&search_id=114132&scans_id=110198&peptide_id=11069&scanf=19691&charge=3&value=sp|Q9UHB6|LIMA1_HUMAN,2,/core/www/modules/match_peptides/blast_html4.php?run_id=110202&search_id=114132&scans_id=110198&peptide_id=11069&scanf=19691&charge=3&value=2,K.LSLGTYASLHGR.I,/core/www/modules/show_out/show_out_wrapper.php?run_id=110202&search_id=114132&scans_id=110198&peptide_id=11069&scanf=19691&charge=3&value=K.LSLGTYASLHGR.I,LIMA1,9.886e+6,2.326,0.038,1.423,0.001
19692,2,"  3.675","  0.594",13/20,/core/www/modules//sdig/index.php?run_id=110202&search_id=114132&scans_id=110198&peptide_id=11070&scanf=19692&charge=2&value=13/20,sp|Q9BUJ2|HNRL1_HUMAN,/core/www/modules//consensus/?run_id=110202&search_id=114132&scans_id=110198&peptide_id=11070&scanf=19692&charge=2&value=sp|Q9BUJ2|HNRL1_HUMAN,6,/core/www/modules/match_peptides/blast_html4.php?run_id=110202&search_id=114132&scans_id=110198&peptide_id=11070&scanf=19692&charge=2&value=6,R.QNQFYDTQVIK.Q,/core/www/modules/show_out/show_out_wrapper.php?run_id=110202&search_id=114132&scans_id=110198&peptide_id=11070&scanf=19692&charge=2&value=R.QNQFYDTQVIK.Q,HNRNPUL1,3.891e+7,3.753,0.000,3.524,0.000
19693,2,"  2.275","  0.565",10/18,/core/www/modules//sdig/index.php?run_id=110202&search_id=114132&scans_id=110198&peptide_id=11071&scanf=19693&charge=2&value=10/18,sp|Q9Y265|RUVB1_HUMAN,/core/www/modules//consensus/?run_id=110202&search_id=114132&scans_id=110198&peptide_id=11071&scanf=19693&charge=2&value=sp|Q9Y265|RUVB1_HUMAN,3,/core/www/modules/match_peptides/blast_html4.php?run_id=110202&search_id=114132&scans_id=110198&peptide_id=11071&scanf=19693&charge=2&value=3,R.TMLYTPQEMK.Q,/core/www/modules/show_out/show_out_wrapper.php?run_id=110202&search_id=114132&scans_id=110198&peptide_id=11071&scanf=19693&charge=2&value=R.TMLYTPQEMK.Q,RUVBL1,2.429e+7,3.415,0.001,3.022,0.000
19694,2,"  1.482","  0.221",7/12,/core/www/modules//sdig/index.php?run_id=110202&search_id=114132&scans_id=110198&peptide_id=11072&scanf=19694&charge=2&value=7/12,sp|O15144|ARPC2_HUMAN,/core/www/modules//consensus/?run_id=110202&search_id=114132&scans_id=110198&peptide_id=11072&scanf=19694&charge=2&value=sp|O15144|ARPC2_HUMAN,0,/core/www/modules/match_peptides/blast_html4.php?run_id=110202&search_id=114132&scans_id=110198&peptide_id=11072&scanf=19694&charge=2&value=0,K.VFMQEFK.E,/core/www/modules/show_out/show_out_wrapper.php?run_id=110202&search_id=114132&scans_id=110198&peptide_id=11072&scanf=19694&charge=2&value=K.VFMQEFK.E,ARPC2,1.698e+7,2.345,0.035,1.450,0.001
19696,2,"  2.079","  0.386",8/12,/core/www/modules//sdig/index.php?run_id=110202&search_id=114132&scans_id=110198&peptide_id=11074&scanf=19696&charge=2&value=8/12,sp|O43395|PRPF3_HUMAN,/core/www/modules//consensus/?run_id=110202&search_id=114132&scans_id=110198&peptide_id=11074&scanf=19696&charge=2&value=sp|O43395|PRPF3_HUMAN,0,/core/www/modules/match_peptides/blast_html4.php?run_id=110202&search_id=114132&scans_id=110198&peptide_id=11074&scanf=19696&charge=2&value=0,R.LALIAPK.K,/core/www/modules/show_out/show_out_wrapper.php?run_id=110202&search_id=114132&scans_id=110198&peptide_id=11074&scanf=19696&charge=2&value=R.LALIAPK.K,PRPF3,1.567e+7,3.032,0.003,2.456,0.000
19697,2,"  1.744","  0.190",8/16,/core/www/modules//sdig/index.php?run_id=110202&search_id=114132&scans_id=110198&peptide_id=11075&scanf=19697&charge=2&value=8/16,sp|O60318|GANP_HUMAN,/core/www/modules//consensus/?run_id=110202&search_id=114132&scans_id=110198&peptide_id=11075&scanf=19697&charge=2&value=sp|O60318|GANP_HUMAN,0,/core/www/modules/match_peptides/blast_html4.php?run_id=110202&search_id=114132&scans_id=110198&peptide_id=11075&scanf=19697&charge=2&value=0,R.IPSTEDLMR.G,/core/www/modules/show_out/show_out_wrapper.php?run_id=110202&search_id=114132&scans_id=110198&peptide_id=11075&scanf=19697&charge=2&value=R.IPSTEDLMR.G,MCM3AP,1.297e+7,2.061,0.088,1.054,0.004
19699,4,"  2.387","  0.465",11/78,/core/www/modules//sdig/index.php?run_id=110202&search_id=114132&scans_id=110198&peptide_id=11077&scanf=19699&charge=4&value=11/78,sp|Q96ME7|ZN512_HUMAN,/core/www/modules//consensus/?run_id=110202&search_id=114132&scans_id=110198&peptide_id=11077&scanf=19699&charge=4&value=sp|Q96ME7|ZN512_HUMAN,1,/core/www/modules/match_peptides/blast_html4.php?run_id=110202&search_id=114132&scans_id=110198&peptide_id=11077&scanf=19699&charge=4&value=1,K.YHVMANHNSLPILK.A,/core/www/modules/show_out/show_out_wrapper.php?run_id=110202&search_id=114132&scans_id=110198&peptide_id=11077&scanf=19699&charge=4&value=K.YHVMANHNSLPILK.A,ZNF512,1.877e+7,3.265,0.002,2.800,0.000
19700,2,"  1.436","  0.169",7/14,/core/www/modules//sdig/index.php?run_id=110202&search_id=114132&scans_id=110198&peptide_id=11079&scanf=19700&charge=2&value=7/14,sp|Q9BUQ8|DDX23_HUMAN,/core/www/modules//consensus/?run_id=110202&search_id=114132&scans_id=110198&peptide_id=11079&scanf=19700&charge=2&value=sp|Q9BUQ8|DDX23_HUMAN,3,/core/www/modules/match_peptides/blast_html4.php?run_id=110202&search_id=114132&scans_id=110198&peptide_id=11079&scanf=19700&charge=2&value=3,R.FYGDLMEK.R,/core/www/modules/show_out/show_out_wrapper.php?run_id=110202&search_id=114132&scans_id=110198&peptide_id=11079&scanf=19700&charge=2&value=R.FYGDLMEK.R,DDX23,3.130e+7,2.092,0.080,1.096,0.003
19701,2,"  2.421","  0.568",10/18,/core/www/modules//sdig/index.php?run_id=110202&search_id=114132&scans_id=110198&peptide_id=11080&scanf=19701&charge=2&value=10/18,sp|Q9UQ35|SRRM2_HUMAN,/core/www/modules//consensus/?run_id=110202&search_id=114132&scans_id=110198&peptide_id=11080&scanf=19701&charge=2&value=sp|Q9UQ35|SRRM2_HUMAN,0,/core/www/modules/match_peptides/blast_html4.php?run_id=110202&search_id=114132&scans_id=110198&peptide_id=11080&scanf=19701&charge=2&value=0,R.GEFSASPMLK.S,/core/www/modules/show_out/show_out_wrapper.php?run_id=110202&search_id=114132&scans_id=110198&peptide_id=11080&scanf=19701&charge=2&value=R.GEFSASPMLK.S,SRRM2,1.938e+7,3.522,0.001,3.180,0.000
19703,2,"  2.227","  0.376",11/16,/core/www/modules//sdig/index.php?run_id=110202&search_id=114132&scans_id=110198&peptide_id=11081&scanf=19703&charge=2&value=11/16,sp|P10412|H14_HUMAN,/core/www/modules//consensus/?run_id=110202&search_id=114132&scans_id=110198&peptide_id=11081&scanf=19703&charge=2&value=sp|P10412|H14_HUMAN,2,/core/www/modules/match_peptides/blast_html4.php?run_id=110202&search_id=114132&scans_id=110198&peptide_id=11081&scanf=19703&charge=2&value=2,R.SGVSLAALK.K,/core/www/modules/show_out/show_out_wrapper.php?run_id=110202&search_id=114132&scans_id=110198&peptide_id=11081&scanf=19703&charge=2&value=R.SGVSLAALK.K,H1-4,3.587e+8,3.001,0.004,2.410,0.000
19705,2,"  2.320","  0.291",10/16,/core/www/modules//sdig/index.php?run_id=110202&search_id=114132&scans_id=110198&peptide_id=11083&scanf=19705&charge=2&value=10/16,sp|P35606|COPB2_HUMAN,/core/www/modules//consensus/?run_id=110202&search_id=114132&scans_id=110198&peptide_id=11083&scanf=19705&charge=2&value=sp|P35606|COPB2_HUMAN,3,/core/www/modules/match_peptides/blast_html4.php?run_id=110202&search_id=114132&scans_id=110198&peptide_id=11083&scanf=19705&charge=2&value=3,K.QLAELAISK.C,/core/www/modules/show_out/show_out_wrapper.php?run_id=110202&search_id=114132&scans_id=110198&peptide_id=11083&scanf=19705&charge=2&value=K.QLAELAISK.C,COPB2,1.563e+7,2.646,0.013,1.887,0.000
19706,3,"  3.368","  0.520",16/48,/core/www/modules//sdig/index.php?run_id=110202&search_id=114132&scans_id=110198&peptide_id=11084&scanf=19706&charge=3&value=16/48,sp|O75643|U520_HUMAN,/core/www/modules//consensus/?run_id=110202&search_id=114132&scans_id=110198&peptide_id=11084&scanf=19706&charge=3&value=sp|O75643|U520_HUMAN,1,/core/www/modules/match_peptides/blast_html4.php?run_id=110202&search_id=114132&scans_id=110198&peptide_id=11084&scanf=19706&charge=3&value=1,R.SPTLYGISHDDLK.G,/core/www/modules/show_out/show_out_wrapper.php?run_id=110202&search_id=114132&scans_id=110198&peptide_id=11084&scanf=19706&charge=3&value=R.SPTLYGISHDDLK.G,SNRNP200,5.248e+7,3.604,0.000,3.302,0.000
19707,2,"  2.334","  0.258",11/20,/core/www/modules//sdig/index.php?run_id=110202&search_id=114132&scans_id=110198&peptide_id=11085&scanf=19707&charge=2&value=11/20,sp|Q16531|DDB1_HUMAN,/core/www/modules//consensus/?run_id=110202&search_id=114132&scans_id=110198&peptide_id=11085&scanf=19707&charge=2&value=sp|Q16531|DDB1_HUMAN,10,/core/www/modules/match_peptides/blast_html4.php?run_id=110202&search_id=114132&scans_id=110198&peptide_id=11085&scanf=19707&charge=2&value=10,K.QSGESIDIITR.A,/core/www/modules/show_out/show_out_wrapper.php?run_id=110202&search_id=114132&scans_id=110198&peptide_id=11085&scanf=19707&charge=2&value=K.QSGESIDIITR.A,DDB1,1.302e+7,2.395,0.030,1.522,0.001
19709,2,"  2.999","  0.504",11/20,/core/www/modules//sdig/index.php?run_id=110202&search_id=114132&scans_id=110198&peptide_id=11087&scanf=19709&charge=2&value=11/20,sp|Q9UBE0|SAE1_HUMAN,/core/www/modules//consensus/?run_id=110202&search_id=114132&scans_id=110198&peptide_id=11087&scanf=19709&charge=2&value=sp|Q9UBE0|SAE1_HUMAN,9,/core/www/modules/match_peptides/blast_html4.php?run_id=110202&search_id=114132&scans_id=110198&peptide_id=11087&scanf=19709&charge=2&value=9,R.AQNLNPMVDVK.V,/core/www/modules/show_out/show_out_wrapper.php?run_id=110202&search_id=114132&scans_id=110198&peptide_id=11087&scanf=19709&charge=2&value=R.AQNLNPMVDVK.V,SAE1,1.396e+7,3.193,0.002,2.693,0.000
19710,2,"  2.889","  0.528",14/22,/core/www/modules//sdig/index.php?run_id=110202&search_id=114132&scans_id=110198&peptide_id=11089&scanf=19710&charge=2&value=14/22,sp|P26599|PTBP1_HUMAN,/core/www/modules//consensus/?run_id=110202&search_id=114132&scans_id=110198&peptide_id=11089&scanf=19710&charge=2&value=sp|P26599|PTBP1_HUMAN,7,/core/www/modules/match_peptides/blast_html4.php?run_id=110202&search_id=114132&scans_id=110198&peptide_id=11089&scanf=19710&charge=2&value=7,R.GQPIYIQFSNHK.E,/core/www/modules/show_out/show_out_wrapper.php?run_id=110202&search_id=114132&scans_id=110198&peptide_id=11089&scanf=19710&charge=2&value=R.GQPIYIQFSNHK.E,PTBP1,6.540e+7,3.412,0.001,3.018,0.000
19711,2,"  1.737","  0.408",8/12,/core/www/modules//sdig/index.php?run_id=110202&search_id=114132&scans_id=110198&peptide_id=11090&scanf=19711&charge=2&value=8/12,sp|P13667|PDIA4_HUMAN,/core/www/modules//consensus/?run_id=110202&search_id=114132&scans_id=110198&peptide_id=11090&scanf=19711&charge=2&value=sp|P13667|PDIA4_HUMAN,2,/core/www/modules/match_peptides/blast_html4.php?run_id=110202&search_id=114132&scans_id=110198&peptide_id=11090&scanf=19711&charge=2&value=2,R.EFVTAFK.K,/core/www/modules/show_out/show_out_wrapper.php?run_id=110202&search_id=114132&scans_id=110198&peptide_id=11090&scanf=19711&charge=2&value=R.EFVTAFK.K,PDIA4,2.570e+7,3.227,0.002,2.744,0.000
19714,3,"  4.426","  0.530",16/52,/core/www/modules//sdig/index.php?run_id=110202&search_id=114132&scans_id=110198&peptide_id=11093&scanf=19714&charge=3&value=16/52,sp|P11142|HSP7C_HUMAN,/core/www/modules//consensus/?run_id=110202&search_id=114132&scans_id=110198&peptide_id=11093&scanf=19714&charge=3&value=sp|P11142|HSP7C_HUMAN,4,/core/www/modules/match_peptides/blast_html4.php?run_id=110202&search_id=114132&scans_id=110198&peptide_id=11093&scanf=19714&charge=3&value=4,K.SQIHDIVLVGGSTR.I,/core/www/modules/show_out/show_out_wrapper.php?run_id=110202&search_id=114132&scans_id=110198&peptide_id=11093&scanf=19714&charge=3&value=K.SQIHDIVLVGGSTR.I,HSPA8,2.884e+7,3.316,0.001,2.876,0.000
19716,2,"  2.668","  0.393",10/20,/core/www/modules//sdig/index.php?run_id=110202&search_id=114132&scans_id=110198&peptide_id=11095&scanf=19716&charge=2&value=10/20,sp|Q9Y2L1|RRP44_HUMAN,/core/www/modules//consensus/?run_id=110202&search_id=114132&scans_id=110198&peptide_id=11095&scanf=19716&charge=2&value=sp|Q9Y2L1|RRP44_HUMAN,1,/core/www/modules/match_peptides/blast_html4.php?run_id=110202&search_id=114132&scans_id=110198&peptide_id=11095&scanf=19716&charge=2&value=1,K.GALTLSSPEVR.F,/core/www/modules/show_out/show_out_wrapper.php?run_id=110202&search_id=114132&scans_id=110198&peptide_id=11095&scanf=19716&charge=2&value=K.GALTLSSPEVR.F,DIS3,9.540e+6,2.691,0.011,1.953,0.000
19724,2,"  2.476","  0.585",12/20,/core/www/modules//sdig/index.php?run_id=110202&search_id=114132&scans_id=110198&peptide_id=11103&scanf=19724&charge=2&value=12/20,sp|P68104|EF1A1_HUMAN,/core/www/modules//consensus/?run_id=110202&search_id=114132&scans_id=110198&peptide_id=11103&scanf=19724&charge=2&value=sp|P68104|EF1A1_HUMAN,7,/core/www/modules/match_peptides/blast_html4.php?run_id=110202&search_id=114132&scans_id=110198&peptide_id=11103&scanf=19724&charge=2&value=7,K.IGGIGTVPVGR.V,/core/www/modules/show_out/show_out_wrapper.php?run_id=110202&search_id=114132&scans_id=110198&peptide_id=11103&scanf=19724&charge=2&value=K.IGGIGTVPVGR.V,EEF1A1,4.064e+8,3.534,0.001,3.198,0.000
19725,2,"  1.564","  0.258",9/16,/core/www/modules//sdig/index.php?run_id=110202&search_id=114132&scans_id=110198&peptide_id=11104&scanf=19725&charge=2&value=9/16,sp|Q9UIG0|BAZ1B_HUMAN,/core/www/modules//consensus/?run_id=110202&search_id=114132&scans_id=110198&peptide_id=11104&scanf=19725&charge=2&value=sp|Q9UIG0|BAZ1B_HUMAN,0,/core/www/modules/match_peptides/blast_html4.php?run_id=110202&search_id=114132&scans_id=110198&peptide_id=11104&scanf=19725&charge=2&value=0,R.SDLIEVATR.L,/core/www/modules/show_out/show_out_wrapper.php?run_id=110202&search_id=114132&scans_id=110198&peptide_id=11104&scanf=19725&charge=2&value=R.SDLIEVATR.L,BAZ1B,4.640e+7,2.497,0.021,1.670,0.001
19726,2,"  1.607","  0.305",7/12,/core/www/modules//sdig/index.php?run_id=110202&search_id=114132&scans_id=110198&peptide_id=11105&scanf=19726&charge=2&value=7/12,sp|Q9Y5B9|SP16H_HUMAN,/core/www/modules//consensus/?run_id=110202&search_id=114132&scans_id=110198&peptide_id=11105&scanf=19726&charge=2&value=sp|Q9Y5B9|SP16H_HUMAN,0,/core/www/modules/match_peptides/blast_html4.php?run_id=110202&search_id=114132&scans_id=110198&peptide_id=11105&scanf=19726&charge=2&value=0,K.IIFMASK.K,/core/www/modules/show_out/show_out_wrapper.php?run_id=110202&search_id=114132&scans_id=110198&peptide_id=11105&scanf=19726&charge=2&value=K.IIFMASK.K,SUPT16H,3.679e+7,2.752,0.009,2.043,0.000
19728,2,"  3.328","  0.524",12/20,/core/www/modules//sdig/index.php?run_id=110202&search_id=114132&scans_id=110198&peptide_id=11107&scanf=19728&charge=2&value=12/20,sp|Q07020|RL18_HUMAN,/core/www/modules//consensus/?run_id=110202&search_id=114132&scans_id=110198&peptide_id=11107&scanf=19728&charge=2&value=sp|Q07020|RL18_HUMAN,5,/core/www/modules/match_peptides/blast_html4.php?run_id=110202&search_id=114132&scans_id=110198&peptide_id=11107&scanf=19728&charge=2&value=5,R.TNSTFNQVVLK.R,/core/www/modules/show_out/show_out_wrapper.php?run_id=110202&search_id=114132&scans_id=110198&peptide_id=11107&scanf=19728&charge=2&value=R.TNSTFNQVVLK.R,RPL18,1.742e+8,3.350,0.001,2.926,0.000
19729,2,"  1.889","  0.408",11/18,/core/www/modules//sdig/index.php?run_id=110202&search_id=114132&scans_id=110198&peptide_id=11108&scanf=19729&charge=2&value=11/18,sp|P62805|H4_HUMAN,/core/www/modules//consensus/?run_id=110202&search_id=114132&scans_id=110198&peptide_id=11108&scanf=19729&charge=2&value=sp|P62805|H4_HUMAN,0,/core/www/modules/match_peptides/blast_html4.php?run_id=110202&search_id=114132&scans_id=110198&peptide_id=11108&scanf=19729&charge=2&value=0,R.ISGLIYEETR.G,/core/www/modules/show_out/show_out_wrapper.php?run_id=110202&search_id=114132&scans_id=110198&peptide_id=11108&scanf=19729&charge=2&value=R.ISGLIYEETR.G,H4C16,1.580e+9,3.063,0.003,2.501,0.000
19731,2,"  1.901","  0.391",9/14,/core/www/modules//sdig/index.php?run_id=110202&search_id=114132&scans_id=110198&peptide_id=11111&scanf=19731&charge=2&value=9/14,sp|Q15149|PLEC_HUMAN,/core/www/modules//consensus/?run_id=110202&search_id=114132&scans_id=110198&peptide_id=11111&scanf=19731&charge=2&value=sp|Q15149|PLEC_HUMAN,5,/core/www/modules/match_peptides/blast_html4.php?run_id=110202&search_id=114132&scans_id=110198&peptide_id=11111&scanf=19731&charge=2&value=5,R.LFNAIIHR.H,/core/www/modules/show_out/show_out_wrapper.php?run_id=110202&search_id=114132&scans_id=110198&peptide_id=11111&scanf=19731&charge=2&value=R.LFNAIIHR.H,PLEC,3.812e+7,3.546,0.001,3.216,0.000
19732,2,"  2.292","  0.411",9/16,/core/www/modules//sdig/index.php?run_id=110202&search_id=114132&scans_id=110198&peptide_id=11112&scanf=19732&charge=2&value=9/16,sp|P78347|GTF2I_HUMAN,/core/www/modules//consensus/?run_id=110202&search_id=114132&scans_id=110198&peptide_id=11112&scanf=19732&charge=2&value=sp|P78347|GTF2I_HUMAN,8,/core/www/modules/match_peptides/blast_html4.php?run_id=110202&search_id=114132&scans_id=110198&peptide_id=11112&scanf=19732&charge=2&value=8,R.EQVNDLFSR.K,/core/www/modules/show_out/show_out_wrapper.php?run_id=110202&search_id=114132&scans_id=110198&peptide_id=11112&scanf=19732&charge=2&value=R.EQVNDLFSR.K,GTF2I,2.141e+7,3.034,0.003,2.458,0.000
19734,2,"  3.096","  0.485",10/18,/core/www/modules//sdig/index.php?run_id=110202&search_id=114132&scans_id=110198&peptide_id=11114&scanf=19734&charge=2&value=10/18,sp|P42285|MTREX_HUMAN,/core/www/modules//consensus/?run_id=110202&search_id=114132&scans_id=110198&peptide_id=11114&scanf=19734&charge=2&value=sp|P42285|MTREX_HUMAN,0,/core/www/modules/match_peptides/blast_html4.php?run_id=110202&search_id=114132&scans_id=110198&peptide_id=11114&scanf=19734&charge=2&value=0,K.LTEQLAGPLR.Q,/core/www/modules/show_out/show_out_wrapper.php?run_id=110202&search_id=114132&scans_id=110198&peptide_id=11114&scanf=19734&charge=2&value=K.LTEQLAGPLR.Q,MTREX,3.513e+7,3.289,0.001,2.836,0.000
19737,3,"  1.619","  0.200",9/40,/core/www/modules//sdig/index.php?run_id=110202&search_id=114132&scans_id=110198&peptide_id=11117&scanf=19737&charge=3&value=9/40,sp|O00231|PSD11_HUMAN,/core/www/modules//consensus/?run_id=110202&search_id=114132&scans_id=110198&peptide_id=11117&scanf=19737&charge=3&value=sp|O00231|PSD11_HUMAN,1,/core/www/modules/match_peptides/blast_html4.php?run_id=110202&search_id=114132&scans_id=110198&peptide_id=11117&scanf=19737&charge=3&value=1,K.YVRPFLNSISK.A,/core/www/modules/show_out/show_out_wrapper.php?run_id=110202&search_id=114132&scans_id=110198&peptide_id=11117&scanf=19737&charge=3&value=K.YVRPFLNSISK.A,PSMD11,8.024e+6,1.825,0.178,0.749,0.010
19739,4,"  4.111","  0.509",16/102,/core/www/modules//sdig/index.php?run_id=110202&search_id=114132&scans_id=110198&peptide_id=11119&scanf=19739&charge=4&value=16/102,sp|P51114|FXR1_HUMAN,/core/www/modules//consensus/?run_id=110202&search_id=114132&scans_id=110198&peptide_id=11119&scanf=19739&charge=4&value=sp|P51114|FXR1_HUMAN,6,/core/www/modules/match_peptides/blast_html4.php?run_id=110202&search_id=114132&scans_id=110198&peptide_id=11119&scanf=19739&charge=4&value=6,R.KDELSDWSLAGEDDRDSR.H,/core/www/modules/show_out/show_out_wrapper.php?run_id=110202&search_id=114132&scans_id=110198&peptide_id=11119&scanf=19739&charge=4&value=R.KDELSDWSLAGEDDRDSR.H,FXR1,7.427e+6,2.812,0.007,2.131,0.000
19740,2,"  2.399","  0.502",9/20,/core/www/modules//sdig/index.php?run_id=110202&search_id=114132&scans_id=110198&peptide_id=11121&scanf=19740&charge=2&value=9/20,sp|P34897|GLYM_HUMAN,/core/www/modules//consensus/?run_id=110202&search_id=114132&scans_id=110198&peptide_id=11121&scanf=19740&charge=2&value=sp|P34897|GLYM_HUMAN,3,/core/www/modules/match_peptides/blast_html4.php?run_id=110202&search_id=114132&scans_id=110198&peptide_id=11121&scanf=19740&charge=2&value=3,R.LIIAGTSAYAR.L,/core/www/modules/show_out/show_out_wrapper.php?run_id=110202&search_id=114132&scans_id=110198&peptide_id=11121&scanf=19740&charge=2&value=R.LIIAGTSAYAR.L,SHMT2,7.934e+6,3.004,0.004,2.415,0.000
19741,2,"  1.536","  0.286",6/12,/core/www/modules//sdig/index.php?run_id=110202&search_id=114132&scans_id=110198&peptide_id=11122&scanf=19741&charge=2&value=6/12,tr|G3XAN5|G3XAN5_HUMAN,/core/www/modules//consensus/?run_id=110202&search_id=114132&scans_id=110198&peptide_id=11122&scanf=19741&charge=2&value=tr|G3XAN5|G3XAN5_HUMAN,0,/core/www/modules/match_peptides/blast_html4.php?run_id=110202&search_id=114132&scans_id=110198&peptide_id=11122&scanf=19741&charge=2&value=0,K.VLLGLTK.D,/core/www/modules/show_out/show_out_wrapper.php?run_id=110202&search_id=114132&scans_id=110198&peptide_id=11122&scanf=19741&charge=2&value=K.VLLGLTK.D,ASPH,4.046e+7,2.422,0.027,1.561,0.001
19745,2,"  2.079","  0.168",7/16,/core/www/modules//sdig/index.php?run_id=110202&search_id=114132&scans_id=110198&peptide_id=11125&scanf=19745&charge=2&value=7/16,sp|Q8WXF1|PSPC1_HUMAN,/core/www/modules//consensus/?run_id=110202&search_id=114132&scans_id=110198&peptide_id=11125&scanf=19745&charge=2&value=sp|Q8WXF1|PSPC1_HUMAN,1,/core/www/modules/match_peptides/blast_html4.php?run_id=110202&search_id=114132&scans_id=110198&peptide_id=11125&scanf=19745&charge=2&value=1,K.AELDGTILK.S,/core/www/modules/show_out/show_out_wrapper.php?run_id=110202&search_id=114132&scans_id=110198&peptide_id=11125&scanf=19745&charge=2&value=K.AELDGTILK.S,PSPC1,6.215e+7,1.918,0.136,0.865,0.007
19746,2,"  2.350","  0.214",11/14,/core/www/modules//sdig/index.php?run_id=110202&search_id=114132&scans_id=110198&peptide_id=11126&scanf=19746&charge=2&value=11/14,sp|Q9Y6M1|IF2B2_HUMAN,/core/www/modules//consensus/?run_id=110202&search_id=114132&scans_id=110198&peptide_id=11126&scanf=19746&charge=2&value=sp|Q9Y6M1|IF2B2_HUMAN,1,/core/www/modules/match_peptides/blast_html4.php?run_id=110202&search_id=114132&scans_id=110198&peptide_id=11126&scanf=19746&charge=2&value=1,K.LAEEIPLK.I,/core/www/modules/show_out/show_out_wrapper.php?run_id=110202&search_id=114132&scans_id=110198&peptide_id=11126&scanf=19746&charge=2&value=K.LAEEIPLK.I,IGF2BP2,2.969e+7,2.675,0.012,1.929,0.000
19747,2,"  2.610","  0.426",10/16,/core/www/modules//sdig/index.php?run_id=110202&search_id=114132&scans_id=110198&peptide_id=11127&scanf=19747&charge=2&value=10/16,sp|P49792|RBP2_HUMAN,/core/www/modules//consensus/?run_id=110202&search_id=114132&scans_id=110198&peptide_id=11127&scanf=19747&charge=2&value=sp|P49792|RBP2_HUMAN,2,/core/www/modules/match_peptides/blast_html4.php?run_id=110202&search_id=114132&scans_id=110198&peptide_id=11127&scanf=19747&charge=2&value=2,R.EPELEDLTR.Y,/core/www/modules/show_out/show_out_wrapper.php?run_id=110202&search_id=114132&scans_id=110198&peptide_id=11127&scanf=19747&charge=2&value=R.EPELEDLTR.Y,RANBP2,1.975e+7,2.948,0.005,2.331,0.000
19751,3,"  3.264","  0.470",14/48,/core/www/modules//sdig/index.php?run_id=110202&search_id=114132&scans_id=110198&peptide_id=11131&scanf=19751&charge=3&value=14/48,sp|Q03252|LMNB2_HUMAN,/core/www/modules//consensus/?run_id=110202&search_id=114132&scans_id=110198&peptide_id=11131&scanf=19751&charge=3&value=sp|Q03252|LMNB2_HUMAN,0,/core/www/modules/match_peptides/blast_html4.php?run_id=110202&search_id=114132&scans_id=110198&peptide_id=11131&scanf=19751&charge=3&value=0,R.SEVELAAALSDKR.G,/core/www/modules/show_out/show_out_wrapper.php?run_id=110202&search_id=114132&scans_id=110198&peptide_id=11131&scanf=19751&charge=3&value=R.SEVELAAALSDKR.G,LMNB2,1.099e+7,2.825,0.007,2.150,0.000
19757,2,"  3.593","  0.405",12/20,/core/www/modules//sdig/index.php?run_id=110202&search_id=114132&scans_id=110198&peptide_id=11137&scanf=19757&charge=2&value=12/20,sp|P14314|GLU2B_HUMAN,/core/www/modules//consensus/?run_id=110202&search_id=114132&scans_id=110198&peptide_id=11137&scanf=19757&charge=2&value=sp|P14314|GLU2B_HUMAN,5,/core/www/modules/match_peptides/blast_html4.php?run_id=110202&search_id=114132&scans_id=110198&peptide_id=11137&scanf=19757&charge=2&value=5,R.ESLQQMAEVTR.E,/core/www/modules/show_out/show_out_wrapper.php?run_id=110202&search_id=114132&scans_id=110198&peptide_id=11137&scanf=19757&charge=2&value=R.ESLQQMAEVTR.E,PRKCSH,2.272e+7,2.921,0.005,2.292,0.000
19758,2,"  3.303","  0.604",13/20,/core/www/modules//sdig/index.php?run_id=110202&search_id=114132&scans_id=110198&peptide_id=11138&scanf=19758&charge=2&value=13/20,sp|Q12906|ILF3_HUMAN,/core/www/modules//consensus/?run_id=110202&search_id=114132&scans_id=110198&peptide_id=11138&scanf=19758&charge=2&value=sp|Q12906|ILF3_HUMAN,7,/core/www/modules/match_peptides/blast_html4.php?run_id=110202&search_id=114132&scans_id=110198&peptide_id=11138&scanf=19758&charge=2&value=7,K.AVSDWIDEQEK.G,/core/www/modules/show_out/show_out_wrapper.php?run_id=110202&search_id=114132&scans_id=110198&peptide_id=11138&scanf=19758&charge=2&value=K.AVSDWIDEQEK.G,ILF3,1.287e+8,3.857,0.000,3.677,0.000
19760,2,"  5.638","  0.700",21/30,/core/www/modules//sdig/index.php?run_id=110202&search_id=114132&scans_id=110198&peptide_id=11141&scanf=19760&charge=2&value=21/30,sp|Q9BWF3|RBM4_HUMAN,/core/www/modules//consensus/?run_id=110202&search_id=114132&scans_id=110198&peptide_id=11141&scanf=19760&charge=2&value=sp|Q9BWF3|RBM4_HUMAN,0,/core/www/modules/match_peptides/blast_html4.php?run_id=110202&search_id=114132&scans_id=110198&peptide_id=11141&scanf=19760&charge=2&value=0,R.VADLTEQYNEQYGAVR.T,/core/www/modules/show_out/show_out_wrapper.php?run_id=110202&search_id=114132&scans_id=110198&peptide_id=11141&scanf=19760&charge=2&value=R.VADLTEQYNEQYGAVR.T,RBM4,1.135e+7,4.032,0.000,3.937,0.000
19763,2,"  3.638","  0.628",12/24,/core/www/modules//sdig/index.php?run_id=110202&search_id=114132&scans_id=110198&peptide_id=11144&scanf=19763&charge=2&value=12/24,sp|P53621|COPA_HUMAN,/core/www/modules//consensus/?run_id=110202&search_id=114132&scans_id=110198&peptide_id=11144&scanf=19763&charge=2&value=sp|P53621|COPA_HUMAN,6,/core/www/modules/match_peptides/blast_html4.php?run_id=110202&search_id=114132&scans_id=110198&peptide_id=11144&scanf=19763&charge=2&value=6,K.QQPLFVSGGDDYK.I,/core/www/modules/show_out/show_out_wrapper.php?run_id=110202&search_id=114132&scans_id=110198&peptide_id=11144&scanf=19763&charge=2&value=K.QQPLFVSGGDDYK.I,COPA,9.741e+6,3.598,0.001,3.294,0.000
19764,3,"  1.876","  0.200",11/40,/core/www/modules//sdig/index.php?run_id=110202&search_id=114132&scans_id=110198&peptide_id=11145&scanf=19764&charge=3&value=11/40,sp|P49750|YLPM1_HUMAN,/core/www/modules//consensus/?run_id=110202&search_id=114132&scans_id=110198&peptide_id=11145&scanf=19764&charge=3&value=sp|P49750|YLPM1_HUMAN,3,/core/www/modules/match_peptides/blast_html4.php?run_id=110202&search_id=114132&scans_id=110198&peptide_id=11145&scanf=19764&charge=3&value=3,K.NVDDILKPPGR.E,/core/www/modules/show_out/show_out_wrapper.php?run_id=110202&search_id=114132&scans_id=110198&peptide_id=11145&scanf=19764&charge=3&value=K.NVDDILKPPGR.E,YLPM1,6.711e+6,2.215,0.054,1.266,0.002
19766,2,"  1.846","  0.347",9/14,/core/www/modules//sdig/index.php?run_id=110202&search_id=114132&scans_id=110198&peptide_id=11146&scanf=19766&charge=2&value=9/14,sp|P38159|RBMX_HUMAN,/core/www/modules//consensus/?run_id=110202&search_id=114132&scans_id=110198&peptide_id=11146&scanf=19766&charge=2&value=sp|P38159|RBMX_HUMAN,4,/core/www/modules/match_peptides/blast_html4.php?run_id=110202&search_id=114132&scans_id=110198&peptide_id=11146&scanf=19766&charge=2&value=4,K.ALEAVFGK.Y,/core/www/modules/show_out/show_out_wrapper.php?run_id=110202&search_id=114132&scans_id=110198&peptide_id=11146&scanf=19766&charge=2&value=K.ALEAVFGK.Y,RBMX,7.665e+8,3.050,0.003,2.483,0.000
19768,2,"  3.597","  0.579",15/20,/core/www/modules//sdig/index.php?run_id=110202&search_id=114132&scans_id=110198&peptide_id=11148&scanf=19768&charge=2&value=15/20,sp|O75643|U520_HUMAN,/core/www/modules//consensus/?run_id=110202&search_id=114132&scans_id=110198&peptide_id=11148&scanf=19768&charge=2&value=sp|O75643|U520_HUMAN,1,/core/www/modules/match_peptides/blast_html4.php?run_id=110202&search_id=114132&scans_id=110198&peptide_id=11148&scanf=19768&charge=2&value=1,K.TGNFQVTELGR.I,/core/www/modules/show_out/show_out_wrapper.php?run_id=110202&search_id=114132&scans_id=110198&peptide_id=11148&scanf=19768&charge=2&value=K.TGNFQVTELGR.I,SNRNP200,5.616e+7,4.039,0.000,3.948,0.000
19770,3,"  2.894","  0.514",14/40,/core/www/modules//sdig/index.php?run_id=110202&search_id=114132&scans_id=110198&peptide_id=11151&scanf=19770&charge=3&value=14/40,sp|Q8TAQ2|SMRC2_HUMAN,/core/www/modules//consensus/?run_id=110202&search_id=114132&scans_id=110198&peptide_id=11151&scanf=19770&charge=3&value=sp|Q8TAQ2|SMRC2_HUMAN,2,/core/www/modules/match_peptides/blast_html4.php?run_id=110202&search_id=114132&scans_id=110198&peptide_id=11151&scanf=19770&charge=3&value=2,K.SKTPEIYLAYR.N,/core/www/modules/show_out/show_out_wrapper.php?run_id=110202&search_id=114132&scans_id=110198&peptide_id=11151&scanf=19770&charge=3&value=K.SKTPEIYLAYR.N,SMARCC2,2.168e+7,3.292,0.001,2.840,0.000
19774,4,"  4.633","  0.602",16/120,/core/www/modules//sdig/index.php?run_id=110202&search_id=114132&scans_id=110198&peptide_id=11155&scanf=19774&charge=4&value=16/120,sp|P61353|RL27_HUMAN,/core/www/modules//consensus/?run_id=110202&search_id=114132&scans_id=110198&peptide_id=11155&scanf=19774&charge=4&value=sp|P61353|RL27_HUMAN,1,/core/www/modules/match_peptides/blast_html4.php?run_id=110202&search_id=114132&scans_id=110198&peptide_id=11155&scanf=19774&charge=4&value=1,K.NIDDGTSDRPYSHALVAGIDR.Y,/core/www/modules/show_out/show_out_wrapper.php?run_id=110202&search_id=114132&scans_id=110198&peptide_id=11155&scanf=19774&charge=4&value=K.NIDDGTSDRPYSHALVAGIDR.Y,RPL27,1.476e+8,3.592,0.001,3.284,0.000
19775,2,"  3.373","  0.542",13/22,/core/www/modules//sdig/index.php?run_id=110202&search_id=114132&scans_id=110198&peptide_id=11156&scanf=19775&charge=2&value=13/22,sp|Q9BZZ5|API5_HUMAN,/core/www/modules//consensus/?run_id=110202&search_id=114132&scans_id=110198&peptide_id=11156&scanf=19775&charge=2&value=sp|Q9BZZ5|API5_HUMAN,1,/core/www/modules/match_peptides/blast_html4.php?run_id=110202&search_id=114132&scans_id=110198&peptide_id=11156&scanf=19775&charge=2&value=1,K.STVTLSWKPVQK.V,/core/www/modules/show_out/show_out_wrapper.php?run_id=110202&search_id=114132&scans_id=110198&peptide_id=11156&scanf=19775&charge=2&value=K.STVTLSWKPVQK.V,API5,1.095e+7,3.390,0.001,2.986,0.000
19776,2,"  3.050","  0.418",15/24,/core/www/modules//sdig/index.php?run_id=110202&search_id=114132&scans_id=110198&peptide_id=11157&scanf=19776&charge=2&value=15/24,sp|O15143|ARC1B_HUMAN,/core/www/modules//consensus/?run_id=110202&search_id=114132&scans_id=110198&peptide_id=11157&scanf=19776&charge=2&value=sp|O15143|ARC1B_HUMAN,0,/core/www/modules/match_peptides/blast_html4.php?run_id=110202&search_id=114132&scans_id=110198&peptide_id=11157&scanf=19776&charge=2&value=0,K.NSVSQISVLSGGK.A,/core/www/modules/show_out/show_out_wrapper.php?run_id=110202&search_id=114132&scans_id=110198&peptide_id=11157&scanf=19776&charge=2&value=K.NSVSQISVLSGGK.A,ARPC1B,1.108e+7,2.953,0.005,2.338,0.000
19778,2,"  2.178","  0.416",9/16,/core/www/modules//sdig/index.php?run_id=110202&search_id=114132&scans_id=110198&peptide_id=11159&scanf=19778&charge=2&value=9/16,sp|O00267|SPT5H_HUMAN,/core/www/modules//consensus/?run_id=110202&search_id=114132&scans_id=110198&peptide_id=11159&scanf=19778&charge=2&value=sp|O00267|SPT5H_HUMAN,0,/core/www/modules/match_peptides/blast_html4.php?run_id=110202&search_id=114132&scans_id=110198&peptide_id=11159&scanf=19778&charge=2&value=0,K.GYIYVEAYK.Q,/core/www/modules/show_out/show_out_wrapper.php?run_id=110202&search_id=114132&scans_id=110198&peptide_id=11159&scanf=19778&charge=2&value=K.GYIYVEAYK.Q,SUPT5H,9.037e+6,2.958,0.005,2.347,0.000
19780,2,"  1.927","  0.164",7/14,/core/www/modules//sdig/index.php?run_id=110202&search_id=114132&scans_id=110198&peptide_id=11162&scanf=19780&charge=2&value=7/14,sp|P54577|SYYC_HUMAN,/core/www/modules//consensus/?run_id=110202&search_id=114132&scans_id=110198&peptide_id=11162&scanf=19780&charge=2&value=sp|P54577|SYYC_HUMAN,4,/core/www/modules/match_peptides/blast_html4.php?run_id=110202&search_id=114132&scans_id=110198&peptide_id=11162&scanf=19780&charge=2&value=4,K.EYTLDVYR.L,/core/www/modules/show_out/show_out_wrapper.php?run_id=110202&search_id=114132&scans_id=110198&peptide_id=11162&scanf=19780&charge=2&value=K.EYTLDVYR.L,YARS1,7.984e+6,2.018,0.101,0.996,0.005
19782,2,"  1.529","  0.406",9/12,/core/www/modules//sdig/index.php?run_id=110202&search_id=114132&scans_id=110198&peptide_id=11164&scanf=19782&charge=2&value=9/12,sp|P13639|EF2_HUMAN,/core/www/modules//consensus/?run_id=110202&search_id=114132&scans_id=110198&peptide_id=11164&scanf=19782&charge=2&value=sp|P13639|EF2_HUMAN,0,/core/www/modules/match_peptides/blast_html4.php?run_id=110202&search_id=114132&scans_id=110198&peptide_id=11164&scanf=19782&charge=2&value=0,R.TILMMGR.Y,/core/www/modules/show_out/show_out_wrapper.php?run_id=110202&search_id=114132&scans_id=110198&peptide_id=11164&scanf=19782&charge=2&value=R.TILMMGR.Y,EEF2,2.977e+7,3.285,0.001,2.830,0.000
19783,2,"  1.565","  0.215",7/12,/core/www/modules//sdig/index.php?run_id=110202&search_id=114132&scans_id=110198&peptide_id=11165&scanf=19783&charge=2&value=7/12,sp|Q15393|SF3B3_HUMAN,/core/www/modules//consensus/?run_id=110202&search_id=114132&scans_id=110198&peptide_id=11165&scanf=19783&charge=2&value=sp|Q15393|SF3B3_HUMAN,0,/core/www/modules/match_peptides/blast_html4.php?run_id=110202&search_id=114132&scans_id=110198&peptide_id=11165&scanf=19783&charge=2&value=0,K.DLILNPR.S,/core/www/modules/show_out/show_out_wrapper.php?run_id=110202&search_id=114132&scans_id=110198&peptide_id=11165&scanf=19783&charge=2&value=K.DLILNPR.S,SF3B3,3.288e+7,2.422,0.027,1.562,0.001
19784,3,"  4.661","  0.539",15/48,/core/www/modules//sdig/index.php?run_id=110202&search_id=114132&scans_id=110198&peptide_id=11166&scanf=19784&charge=3&value=15/48,sp|P30084|ECHM_HUMAN,/core/www/modules//consensus/?run_id=110202&search_id=114132&scans_id=110198&peptide_id=11166&scanf=19784&charge=3&value=sp|P30084|ECHM_HUMAN,0,/core/www/modules/match_peptides/blast_html4.php?run_id=110202&search_id=114132&scans_id=110198&peptide_id=11166&scanf=19784&charge=3&value=0,K.NNTVGLIQLNRPK.A,/core/www/modules/show_out/show_out_wrapper.php?run_id=110202&search_id=114132&scans_id=110198&peptide_id=11166&scanf=19784&charge=3&value=K.NNTVGLIQLNRPK.A,ECHS1,1.194e+7,3.441,0.001,3.060,0.000
19788,2,"  1.905","  0.234",9/12,/core/www/modules//sdig/index.php?run_id=110202&search_id=114132&scans_id=110198&peptide_id=11169&scanf=19788&charge=2&value=9/12,sp|Q9Y5X1|SNX9_HUMAN,/core/www/modules//consensus/?run_id=110202&search_id=114132&scans_id=110198&peptide_id=11169&scanf=19788&charge=2&value=sp|Q9Y5X1|SNX9_HUMAN,8,/core/www/modules/match_peptides/blast_html4.php?run_id=110202&search_id=114132&scans_id=110198&peptide_id=11169&scanf=19788&charge=2&value=8,R.FEEEFIK.M,/core/www/modules/show_out/show_out_wrapper.php?run_id=110202&search_id=114132&scans_id=110198&peptide_id=11169&scanf=19788&charge=2&value=R.FEEEFIK.M,SNX9,1.348e+7,2.669,0.012,1.921,0.000
19789,2,"  2.738","  0.409",9/16,/core/www/modules//sdig/index.php?run_id=110202&search_id=114132&scans_id=110198&peptide_id=11170&scanf=19789&charge=2&value=9/16,sp|Q9UIG0|BAZ1B_HUMAN,/core/www/modules//consensus/?run_id=110202&search_id=114132&scans_id=110198&peptide_id=11170&scanf=19789&charge=2&value=sp|Q9UIG0|BAZ1B_HUMAN,0,/core/www/modules/match_peptides/blast_html4.php?run_id=110202&search_id=114132&scans_id=110198&peptide_id=11170&scanf=19789&charge=2&value=0,R.QQMSAELWK.E,/core/www/modules/show_out/show_out_wrapper.php?run_id=110202&search_id=114132&scans_id=110198&peptide_id=11170&scanf=19789&charge=2&value=R.QQMSAELWK.E,BAZ1B,2.436e+7,3.039,0.003,2.465,0.000
19790,2,"  1.698","  0.239",7/12,/core/www/modules//sdig/index.php?run_id=110202&search_id=114132&scans_id=110198&peptide_id=11172&scanf=19790&charge=2&value=7/12,sp|O00232|PSD12_HUMAN,/core/www/modules//consensus/?run_id=110202&search_id=114132&scans_id=110198&peptide_id=11172&scanf=19790&charge=2&value=sp|O00232|PSD12_HUMAN,0,/core/www/modules/match_peptides/blast_html4.php?run_id=110202&search_id=114132&scans_id=110198&peptide_id=11172&scanf=19790&charge=2&value=0,R.ILVAVVK.M,/core/www/modules/show_out/show_out_wrapper.php?run_id=110202&search_id=114132&scans_id=110198&peptide_id=11172&scanf=19790&charge=2&value=R.ILVAVVK.M,PSMD12,1.904e+7,2.432,0.027,1.576,0.001
19792,2,"  1.033","  0.169",6/12,/core/www/modules//sdig/index.php?run_id=110202&search_id=114132&scans_id=110198&peptide_id=11174&scanf=19792&charge=2&value=6/12,sp|Q8NFD5|ARI1B_HUMAN,/core/www/modules//consensus/?run_id=110202&search_id=114132&scans_id=110198&peptide_id=11174&scanf=19792&charge=2&value=sp|Q8NFD5|ARI1B_HUMAN,10,/core/www/modules/match_peptides/blast_html4.php?run_id=110202&search_id=114132&scans_id=110198&peptide_id=11174&scanf=19792&charge=2&value=10,K.FYATLVR.Y,/core/www/modules/show_out/show_out_wrapper.php?run_id=110202&search_id=114132&scans_id=110198&peptide_id=11174&scanf=19792&charge=2&value=K.FYATLVR.Y,ARID1B,1.062e+7,1.938,0.129,0.891,0.006
19793,2,"  2.053","  0.449",8/14,/core/www/modules//sdig/index.php?run_id=110202&search_id=114132&scans_id=110198&peptide_id=11175&scanf=19793&charge=2&value=8/14,sp|Q13823|NOG2_HUMAN,/core/www/modules//consensus/?run_id=110202&search_id=114132&scans_id=110198&peptide_id=11175&scanf=19793&charge=2&value=sp|Q13823|NOG2_HUMAN,0,/core/www/modules/match_peptides/blast_html4.php?run_id=110202&search_id=114132&scans_id=110198&peptide_id=11175&scanf=19793&charge=2&value=0,K.MVLNDWQR.G,/core/www/modules/show_out/show_out_wrapper.php?run_id=110202&search_id=114132&scans_id=110198&peptide_id=11175&scanf=19793&charge=2&value=K.MVLNDWQR.G,GNL2,1.297e+7,3.090,0.003,2.542,0.000
19794,2,"  1.967","  0.342",10/18,/core/www/modules//sdig/index.php?run_id=110202&search_id=114132&scans_id=110198&peptide_id=11176&scanf=19794&charge=2&value=10/18,sp|Q9Y5L4|TIM13_HUMAN,/core/www/modules//consensus/?run_id=110202&search_id=114132&scans_id=110198&peptide_id=11176&scanf=19794&charge=2&value=sp|Q9Y5L4|TIM13_HUMAN,1,/core/www/modules/match_peptides/blast_html4.php?run_id=110202&search_id=114132&scans_id=110198&peptide_id=11176&scanf=19794&charge=2&value=1,R.YMDAWNTVSR.A,/core/www/modules/show_out/show_out_wrapper.php?run_id=110202&search_id=114132&scans_id=110198&peptide_id=11176&scanf=19794&charge=2&value=R.YMDAWNTVSR.A,TIMM13,7.956e+6,2.632,0.014,1.866,0.000
19797,2,"  1.930","  0.402",10/20,/core/www/modules//sdig/index.php?run_id=110202&search_id=114132&scans_id=110198&peptide_id=11179&scanf=19797&charge=2&value=10/20,sp|Q9Y265|RUVB1_HUMAN,/core/www/modules//consensus/?run_id=110202&search_id=114132&scans_id=110198&peptide_id=11179&scanf=19797&charge=2&value=sp|Q9Y265|RUVB1_HUMAN,0,/core/www/modules/match_peptides/blast_html4.php?run_id=110202&search_id=114132&scans_id=110198&peptide_id=11179&scanf=19797&charge=2&value=0,K.GLGLDESGLAK.Q,/core/www/modules/show_out/show_out_wrapper.php?run_id=110202&search_id=114132&scans_id=110198&peptide_id=11179&scanf=19797&charge=2&value=K.GLGLDESGLAK.Q,RUVBL1,2.397e+7,2.685,0.011,1.945,0.000
19801,2,"  1.934","  0.297",9/14,/core/www/modules//sdig/index.php?run_id=110202&search_id=114132&scans_id=110198&peptide_id=11184&scanf=19801&charge=2&value=9/14,sp|Q5JVF3|PCID2_HUMAN,/core/www/modules//consensus/?run_id=110202&search_id=114132&scans_id=110198&peptide_id=11184&scanf=19801&charge=2&value=sp|Q5JVF3|PCID2_HUMAN,0,/core/www/modules/match_peptides/blast_html4.php?run_id=110202&search_id=114132&scans_id=110198&peptide_id=11184&scanf=19801&charge=2&value=0,K.AMFDSDFK.Q,/core/www/modules/show_out/show_out_wrapper.php?run_id=110202&search_id=114132&scans_id=110198&peptide_id=11184&scanf=19801&charge=2&value=K.AMFDSDFK.Q,PCID2,9.777e+6,2.701,0.011,1.968,0.000
19806,3,"  4.362","  0.560",16/72,/core/www/modules//sdig/index.php?run_id=110202&search_id=114132&scans_id=110198&peptide_id=11189&scanf=19806&charge=3&value=16/72,sp|O75369|FLNB_HUMAN,/core/www/modules//consensus/?run_id=110202&search_id=114132&scans_id=110198&peptide_id=11189&scanf=19806&charge=3&value=sp|O75369|FLNB_HUMAN,3,/core/www/modules/match_peptides/blast_html4.php?run_id=110202&search_id=114132&scans_id=110198&peptide_id=11189&scanf=19806&charge=3&value=3,K.IPEINSSDMSAHVTSPSGR.V,/core/www/modules/show_out/show_out_wrapper.php?run_id=110202&search_id=114132&scans_id=110198&peptide_id=11189&scanf=19806&charge=3&value=K.IPEINSSDMSAHVTSPSGR.V,FLNB,9.628e+6,3.299,0.001,2.850,0.000
19808,2,"  2.001","  0.285",9/14,/core/www/modules//sdig/index.php?run_id=110202&search_id=114132&scans_id=110198&peptide_id=11190&scanf=19808&charge=2&value=9/14,sp|P17844|DDX5_HUMAN,/core/www/modules//consensus/?run_id=110202&search_id=114132&scans_id=110198&peptide_id=11190&scanf=19808&charge=2&value=sp|P17844|DDX5_HUMAN,6,/core/www/modules/match_peptides/blast_html4.php?run_id=110202&search_id=114132&scans_id=110198&peptide_id=11190&scanf=19808&charge=2&value=6,K.TIVFVETK.R,/core/www/modules/show_out/show_out_wrapper.php?run_id=110202&search_id=114132&scans_id=110198&peptide_id=11190&scanf=19808&charge=2&value=K.TIVFVETK.R,DDX5,1.026e+8,2.779,0.008,2.083,0.000
19811,2,"  2.701","  0.411",10/18,/core/www/modules//sdig/index.php?run_id=110202&search_id=114132&scans_id=110198&peptide_id=11194&scanf=19811&charge=2&value=10/18,sp|O14646|CHD1_HUMAN,/core/www/modules//consensus/?run_id=110202&search_id=114132&scans_id=110198&peptide_id=11194&scanf=19811&charge=2&value=sp|O14646|CHD1_HUMAN,0,/core/www/modules/match_peptides/blast_html4.php?run_id=110202&search_id=114132&scans_id=110198&peptide_id=11194&scanf=19811&charge=2&value=0,K.GSVEEDILER.A,/core/www/modules/show_out/show_out_wrapper.php?run_id=110202&search_id=114132&scans_id=110198&peptide_id=11194&scanf=19811&charge=2&value=K.GSVEEDILER.A,CHD1,1.722e+7,2.845,0.007,2.179,0.000
19813,2,"  1.291","  0.269",7/12,/core/www/modules//sdig/index.php?run_id=110202&search_id=114132&scans_id=110198&peptide_id=11196&scanf=19813&charge=2&value=7/12,sp|P78527|PRKDC_HUMAN,/core/www/modules//consensus/?run_id=110202&search_id=114132&scans_id=110198&peptide_id=11196&scanf=19813&charge=2&value=sp|P78527|PRKDC_HUMAN,1,/core/www/modules/match_peptides/blast_html4.php?run_id=110202&search_id=114132&scans_id=110198&peptide_id=11196&scanf=19813&charge=2&value=1,K.LSLMYAR.K,/core/www/modules/show_out/show_out_wrapper.php?run_id=110202&search_id=114132&scans_id=110198&peptide_id=11196&scanf=19813&charge=2&value=K.LSLMYAR.K,PRKDC,8.460e+7,3.326,0.001,2.891,0.000
19815,2,"  1.889","  0.194",10/14,/core/www/modules//sdig/index.php?run_id=110202&search_id=114132&scans_id=110198&peptide_id=11198&scanf=19815&charge=2&value=10/14,sp|P63010|AP2B1_HUMAN,/core/www/modules//consensus/?run_id=110202&search_id=114132&scans_id=110198&peptide_id=11198&scanf=19815&charge=2&value=sp|P63010|AP2B1_HUMAN,6,/core/www/modules/match_peptides/blast_html4.php?run_id=110202&search_id=114132&scans_id=110198&peptide_id=11198&scanf=19815&charge=2&value=6,R.NINLIVQK.R,/core/www/modules/show_out/show_out_wrapper.php?run_id=110202&search_id=114132&scans_id=110198&peptide_id=11198&scanf=19815&charge=2&value=R.NINLIVQK.R,AP2B1,1.186e+7,2.508,0.021,1.686,0.000
19816,2,"  3.019","  0.000",16/24,/core/www/modules//sdig/index.php?run_id=110202&search_id=114132&scans_id=110198&peptide_id=11199&scanf=19816&charge=2&value=16/24,sp|P49792|RBP2_HUMAN,/core/www/modules//consensus/?run_id=110202&search_id=114132&scans_id=110198&peptide_id=11199&scanf=19816&charge=2&value=sp|P49792|RBP2_HUMAN,2,/core/www/modules/match_peptides/blast_html4.php?run_id=110202&search_id=114132&scans_id=110198&peptide_id=11199&scanf=19816&charge=2&value=2,K.IIDDSDSNLSVVK.K,/core/www/modules/show_out/show_out_wrapper.php?run_id=110202&search_id=114132&scans_id=110198&peptide_id=11199&scanf=19816&charge=2&value=K.IIDDSDSNLSVVK.K,RANBP2,1.434e+7,3.545,0.001,3.214,0.000
19817,2,"  2.916","  0.322",11/18,/core/www/modules//sdig/index.php?run_id=110202&search_id=114132&scans_id=110198&peptide_id=11200&scanf=19817&charge=2&value=11/18,sp|Q92878|RAD50_HUMAN,/core/www/modules//consensus/?run_id=110202&search_id=114132&scans_id=110198&peptide_id=11200&scanf=19817&charge=2&value=sp|Q92878|RAD50_HUMAN,6,/core/www/modules/match_peptides/blast_html4.php?run_id=110202&search_id=114132&scans_id=110198&peptide_id=11200&scanf=19817&charge=2&value=6,K.MEVISLQNEK.A,/core/www/modules/show_out/show_out_wrapper.php?run_id=110202&search_id=114132&scans_id=110198&peptide_id=11200&scanf=19817&charge=2&value=K.MEVISLQNEK.A,RAD50,1.637e+7,2.777,0.008,2.079,0.000
19819,3,"  3.106","  0.480",16/52,/core/www/modules//sdig/index.php?run_id=110202&search_id=114132&scans_id=110198&peptide_id=11202&scanf=19819&charge=3&value=16/52,sp|Q9H6W3|RIOX1_HUMAN,/core/www/modules//consensus/?run_id=110202&search_id=114132&scans_id=110198&peptide_id=11202&scanf=19819&charge=3&value=sp|Q9H6W3|RIOX1_HUMAN,0,/core/www/modules/match_peptides/blast_html4.php?run_id=110202&search_id=114132&scans_id=110198&peptide_id=11202&scanf=19819&charge=3&value=0,R.LGHFAPVDAVADQR.A,/core/www/modules/show_out/show_out_wrapper.php?run_id=110202&search_id=114132&scans_id=110198&peptide_id=11202&scanf=19819&charge=3&value=R.LGHFAPVDAVADQR.A,RIOX1,1.300e+7,3.118,0.003,2.583,0.000
19823,3,"  3.020","  0.313",14/44,/core/www/modules//sdig/index.php?run_id=110202&search_id=114132&scans_id=110198&peptide_id=11207&scanf=19823&charge=3&value=14/44,sp|Q86U86|PB1_HUMAN,/core/www/modules//consensus/?run_id=110202&search_id=114132&scans_id=110198&peptide_id=11207&scanf=19823&charge=3&value=sp|Q86U86|PB1_HUMAN,0,/core/www/modules/match_peptides/blast_html4.php?run_id=110202&search_id=114132&scans_id=110198&peptide_id=11207&scanf=19823&charge=3&value=0,K.GAHTTMADALWR.L,/core/www/modules/show_out/show_out_wrapper.php?run_id=110202&search_id=114132&scans_id=110198&peptide_id=11207&scanf=19823&charge=3&value=K.GAHTTMADALWR.L,PBRM1,3.802e+7,2.706,0.011,1.975,0.000
19824,2,"  2.344","  0.328",8/14,/core/www/modules//sdig/index.php?run_id=110202&search_id=114132&scans_id=110198&peptide_id=11208&scanf=19824&charge=2&value=8/14,sp|P56192|SYMC_HUMAN,/core/www/modules//consensus/?run_id=110202&search_id=114132&scans_id=110198&peptide_id=11208&scanf=19824&charge=2&value=sp|P56192|SYMC_HUMAN,0,/core/www/modules/match_peptides/blast_html4.php?run_id=110202&search_id=114132&scans_id=110198&peptide_id=11208&scanf=19824&charge=2&value=0,K.LINAVELK.K,/core/www/modules/show_out/show_out_wrapper.php?run_id=110202&search_id=114132&scans_id=110198&peptide_id=11208&scanf=19824&charge=2&value=K.LINAVELK.K,MARS1,3.201e+7,2.762,0.009,2.057,0.000
19829,2,"  1.849","  0.558",9/14,/core/www/modules//sdig/index.php?run_id=110202&search_id=114132&scans_id=110198&peptide_id=11212&scanf=19829&charge=2&value=9/14,sp|P40429|RL13A_HUMAN,/core/www/modules//consensus/?run_id=110202&search_id=114132&scans_id=110198&peptide_id=11212&scanf=19829&charge=2&value=sp|P40429|RL13A_HUMAN,5,/core/www/modules/match_peptides/blast_html4.php?run_id=110202&search_id=114132&scans_id=110198&peptide_id=11212&scanf=19829&charge=2&value=5,R.MVVPAALK.V,/core/www/modules/show_out/show_out_wrapper.php?run_id=110202&search_id=114132&scans_id=110198&peptide_id=11212&scanf=19829&charge=2&value=R.MVVPAALK.V,RPL13A,3.799e+8,3.538,0.001,3.204,0.000
19830,2,"  2.340","  0.647",10/18,/core/www/modules//sdig/index.php?run_id=110202&search_id=114132&scans_id=110198&peptide_id=11213&scanf=19830&charge=2&value=10/18,sp|P08670|VIME_HUMAN,/core/www/modules//consensus/?run_id=110202&search_id=114132&scans_id=110198&peptide_id=11213&scanf=19830&charge=2&value=sp|P08670|VIME_HUMAN,5,/core/www/modules/match_peptides/blast_html4.php?run_id=110202&search_id=114132&scans_id=110198&peptide_id=11213&scanf=19830&charge=2&value=5,K.NLQEAEEWYK.S,/core/www/modules/show_out/show_out_wrapper.php?run_id=110202&search_id=114132&scans_id=110198&peptide_id=11213&scanf=19830&charge=2&value=K.NLQEAEEWYK.S,VIM,8.215e+8,4.136,0.000,4.092,0.000
19831,2,"  3.295","  0.576",13/22,/core/www/modules//sdig/index.php?run_id=110202&search_id=114132&scans_id=110198&peptide_id=11214&scanf=19831&charge=2&value=13/22,sp|P26599|PTBP1_HUMAN,/core/www/modules//consensus/?run_id=110202&search_id=114132&scans_id=110198&peptide_id=11214&scanf=19831&charge=2&value=sp|P26599|PTBP1_HUMAN,7,/core/www/modules/match_peptides/blast_html4.php?run_id=110202&search_id=114132&scans_id=110198&peptide_id=11214&scanf=19831&charge=2&value=7,R.GQPIYIQFSNHK.E,/core/www/modules/show_out/show_out_wrapper.php?run_id=110202&search_id=114132&scans_id=110198&peptide_id=11214&scanf=19831&charge=2&value=R.GQPIYIQFSNHK.E,PTBP1,6.540e+7,3.524,0.001,3.184,0.000
19833,2,"  3.199","  0.312",13/22,/core/www/modules//sdig/index.php?run_id=110202&search_id=114132&scans_id=110198&peptide_id=11216&scanf=19833&charge=2&value=13/22,sp|Q00341|VIGLN_HUMAN,/core/www/modules//consensus/?run_id=110202&search_id=114132&scans_id=110198&peptide_id=11216&scanf=19833&charge=2&value=sp|Q00341|VIGLN_HUMAN,3,/core/www/modules/match_peptides/blast_html4.php?run_id=110202&search_id=114132&scans_id=110198&peptide_id=11216&scanf=19833&charge=2&value=3,R.LVGEIMQETGTR.I,/core/www/modules/show_out/show_out_wrapper.php?run_id=110202&search_id=114132&scans_id=110198&peptide_id=11216&scanf=19833&charge=2&value=R.LVGEIMQETGTR.I,HDLBP,1.092e+7,2.426,0.027,1.567,0.001
19834,2,"  1.675","  0.142",8/12,/core/www/modules//sdig/index.php?run_id=110202&search_id=114132&scans_id=110198&peptide_id=11217&scanf=19834&charge=2&value=8/12,sp|P63244|RACK1_HUMAN,/core/www/modules//consensus/?run_id=110202&search_id=114132&scans_id=110198&peptide_id=11217&scanf=19834&charge=2&value=sp|P63244|RACK1_HUMAN,8,/core/www/modules/match_peptides/blast_html4.php?run_id=110202&search_id=114132&scans_id=110198&peptide_id=11217&scanf=19834&charge=2&value=8,K.IWDLEGK.I,/core/www/modules/show_out/show_out_wrapper.php?run_id=110202&search_id=114132&scans_id=110198&peptide_id=11217&scanf=19834&charge=2&value=K.IWDLEGK.I,RACK1,2.854e+7,2.190,0.059,1.232,0.002
19837,2,"  1.885","  0.332",7/12,/core/www/modules//sdig/index.php?run_id=110202&search_id=114132&scans_id=110198&peptide_id=11220&scanf=19837&charge=2&value=7/12,sp|Q9UKM9|RALY_HUMAN,/core/www/modules//consensus/?run_id=110202&search_id=114132&scans_id=110198&peptide_id=11220&scanf=19837&charge=2&value=sp|Q9UKM9|RALY_HUMAN,3,/core/www/modules/match_peptides/blast_html4.php?run_id=110202&search_id=114132&scans_id=110198&peptide_id=11220&scanf=19837&charge=2&value=3,R.VTVPLVR.R,/core/www/modules/show_out/show_out_wrapper.php?run_id=110202&search_id=114132&scans_id=110198&peptide_id=11220&scanf=19837&charge=2&value=R.VTVPLVR.R,RALY,1.168e+8,2.748,0.009,2.036,0.000
19839,3,"  1.733","  0.444",11/32,/core/www/modules//sdig/index.php?run_id=110202&search_id=114132&scans_id=110198&peptide_id=11222&scanf=19839&charge=3&value=11/32,sp|Q9UN86|G3BP2_HUMAN,/core/www/modules//consensus/?run_id=110202&search_id=114132&scans_id=110198&peptide_id=11222&scanf=19839&charge=3&value=sp|Q9UN86|G3BP2_HUMAN,10,/core/www/modules/match_peptides/blast_html4.php?run_id=110202&search_id=114132&scans_id=110198&peptide_id=11222&scanf=19839&charge=3&value=10,K.FYVHNDMFR.Y,/core/www/modules/show_out/show_out_wrapper.php?run_id=110202&search_id=114132&scans_id=110198&peptide_id=11222&scanf=19839&charge=3&value=K.FYVHNDMFR.Y,G3BP2,6.412e+6,3.129,0.003,2.598,0.000
19840,3,"  4.256","  0.664",14/56,/core/www/modules//sdig/index.php?run_id=110202&search_id=114132&scans_id=110198&peptide_id=11224&scanf=19840&charge=3&value=14/56,sp|P60660|MYL6_HUMAN,/core/www/modules//consensus/?run_id=110202&search_id=114132&scans_id=110198&peptide_id=11224&scanf=19840&charge=3&value=sp|P60660|MYL6_HUMAN,9,/core/www/modules/match_peptides/blast_html4.php?run_id=110202&search_id=114132&scans_id=110198&peptide_id=11224&scanf=19840&charge=3&value=9,K.NKDQGTYEDYVEGLR.V,/core/www/modules/show_out/show_out_wrapper.php?run_id=110202&search_id=114132&scans_id=110198&peptide_id=11224&scanf=19840&charge=3&value=K.NKDQGTYEDYVEGLR.V,MYL6,1.931e+7,3.337,0.001,2.906,0.000
19842,3,"  2.204","  0.392",14/48,/core/www/modules//sdig/index.php?run_id=110202&search_id=114132&scans_id=110198&peptide_id=11226&scanf=19842&charge=3&value=14/48,sp|Q01844|EWS_HUMAN,/core/www/modules//consensus/?run_id=110202&search_id=114132&scans_id=110198&peptide_id=11226&scanf=19842&charge=3&value=sp|Q01844|EWS_HUMAN,4,/core/www/modules/match_peptides/blast_html4.php?run_id=110202&search_id=114132&scans_id=110198&peptide_id=11226&scanf=19842&charge=3&value=4,K.RTGQPMIHIYLDK.E,/core/www/modules/show_out/show_out_wrapper.php?run_id=110202&search_id=114132&scans_id=110198&peptide_id=11226&scanf=19842&charge=3&value=K.RTGQPMIHIYLDK.E,EWSR1,6.486e+6,2.485,0.022,1.652,0.001
19850,2,"  1.894","  0.374",8/14,/core/www/modules//sdig/index.php?run_id=110202&search_id=114132&scans_id=110198&peptide_id=11234&scanf=19850&charge=2&value=8/14,sp|Q9NWT1|PK1IP_HUMAN,/core/www/modules//consensus/?run_id=110202&search_id=114132&scans_id=110198&peptide_id=11234&scanf=19850&charge=2&value=sp|Q9NWT1|PK1IP_HUMAN,0,/core/www/modules/match_peptides/blast_html4.php?run_id=110202&search_id=114132&scans_id=110198&peptide_id=11234&scanf=19850&charge=2&value=0,R.TWNLVEGR.S,/core/www/modules/show_out/show_out_wrapper.php?run_id=110202&search_id=114132&scans_id=110198&peptide_id=11234&scanf=19850&charge=2&value=R.TWNLVEGR.S,PAK1IP1,1.801e+7,2.711,0.010,1.982,0.000
19853,2,"  3.381","  0.488",16/28,/core/www/modules//sdig/index.php?run_id=110202&search_id=114132&scans_id=110198&peptide_id=11237&scanf=19853&charge=2&value=16/28,sp|Q8NFD5|ARI1B_HUMAN,/core/www/modules//consensus/?run_id=110202&search_id=114132&scans_id=110198&peptide_id=11237&scanf=19853&charge=2&value=sp|Q8NFD5|ARI1B_HUMAN,9,/core/www/modules/match_peptides/blast_html4.php?run_id=110202&search_id=114132&scans_id=110198&peptide_id=11237&scanf=19853&charge=2&value=9,K.SSIALTAPDAAADPK.E,/core/www/modules/show_out/show_out_wrapper.php?run_id=110202&search_id=114132&scans_id=110198&peptide_id=11237&scanf=19853&charge=2&value=K.SSIALTAPDAAADPK.E,ARID1B,5.863e+6,3.026,0.004,2.447,0.000
19854,3,"  5.505","  0.643",23/72,/core/www/modules//sdig/index.php?run_id=110202&search_id=114132&scans_id=110198&peptide_id=11238&scanf=19854&charge=3&value=23/72,sp|Q92769|HDAC2_HUMAN,/core/www/modules//consensus/?run_id=110202&search_id=114132&scans_id=110198&peptide_id=11238&scanf=19854&charge=3&value=sp|Q92769|HDAC2_HUMAN,0,/core/www/modules/match_peptides/blast_html4.php?run_id=110202&search_id=114132&scans_id=110198&peptide_id=11238&scanf=19854&charge=3&value=0,K.LHISPSNMTNQNTPEYMEK.I,/core/www/modules/show_out/show_out_wrapper.php?run_id=110202&search_id=114132&scans_id=110198&peptide_id=11238&scanf=19854&charge=3&value=K.LHISPSNMTNQNTPEYMEK.I,HDAC2,1.606e+7,3.615,0.000,3.319,0.000
19860,2,"  2.798","  0.601",14/26,/core/www/modules//sdig/index.php?run_id=110202&search_id=114132&scans_id=110198&peptide_id=11245&scanf=19860&charge=2&value=14/26,sp|P46940|IQGA1_HUMAN,/core/www/modules//consensus/?run_id=110202&search_id=114132&scans_id=110198&peptide_id=11245&scanf=19860&charge=2&value=sp|P46940|IQGA1_HUMAN,1,/core/www/modules/match_peptides/blast_html4.php?run_id=110202&search_id=114132&scans_id=110198&peptide_id=11245&scanf=19860&charge=2&value=1,K.FDVPGDENAEMDAR.T,/core/www/modules/show_out/show_out_wrapper.php?run_id=110202&search_id=114132&scans_id=110198&peptide_id=11245&scanf=19860&charge=2&value=K.FDVPGDENAEMDAR.T,IQGAP1,5.282e+6,3.471,0.001,3.105,0.000
19871,3,"  2.440","  0.415",13/44,/core/www/modules//sdig/index.php?run_id=110202&search_id=114132&scans_id=110198&peptide_id=11256&scanf=19871&charge=3&value=13/44,sp|Q15029|U5S1_HUMAN,/core/www/modules//consensus/?run_id=110202&search_id=114132&scans_id=110198&peptide_id=11256&scanf=19871&charge=3&value=sp|Q15029|U5S1_HUMAN,0,/core/www/modules/match_peptides/blast_html4.php?run_id=110202&search_id=114132&scans_id=110198&peptide_id=11256&scanf=19871&charge=3&value=0,R.GNEEAQIFRPLK.F,/core/www/modules/show_out/show_out_wrapper.php?run_id=110202&search_id=114132&scans_id=110198&peptide_id=11256&scanf=19871&charge=3&value=R.GNEEAQIFRPLK.F,EFTUD2,2.407e+7,3.019,0.004,2.436,0.000
19872,2,"  3.622","  0.620",14/26,/core/www/modules//sdig/index.php?run_id=110202&search_id=114132&scans_id=110198&peptide_id=11257&scanf=19872&charge=2&value=14/26,sp|O95232|LC7L3_HUMAN,/core/www/modules//consensus/?run_id=110202&search_id=114132&scans_id=110198&peptide_id=11257&scanf=19872&charge=2&value=sp|O95232|LC7L3_HUMAN,1,/core/www/modules/match_peptides/blast_html4.php?run_id=110202&search_id=114132&scans_id=110198&peptide_id=11257&scanf=19872&charge=2&value=1,R.STTSTIESFAAQEK.Q,/core/www/modules/show_out/show_out_wrapper.php?run_id=110202&search_id=114132&scans_id=110198&peptide_id=11257&scanf=19872&charge=2&value=R.STTSTIESFAAQEK.Q,LUC7L3,1.454e+7,3.474,0.001,3.109,0.000
19873,2,"  2.812","  0.232",13/16,/core/www/modules//sdig/index.php?run_id=110202&search_id=114132&scans_id=110198&peptide_id=11258&scanf=19873&charge=2&value=13/16,sp|Q2TB10|ZN800_HUMAN,/core/www/modules//consensus/?run_id=110202&search_id=114132&scans_id=110198&peptide_id=11258&scanf=19873&charge=2&value=sp|Q2TB10|ZN800_HUMAN,0,/core/www/modules/match_peptides/blast_html4.php?run_id=110202&search_id=114132&scans_id=110198&peptide_id=11258&scanf=19873&charge=2&value=0,K.KPIDFVLNK.V,/core/www/modules/show_out/show_out_wrapper.php?run_id=110202&search_id=114132&scans_id=110198&peptide_id=11258&scanf=19873&charge=2&value=K.KPIDFVLNK.V,ZNF800,1.619e+7,2.716,0.010,1.990,0.000
19874,3,"  2.936","  0.551",20/40,/core/www/modules//sdig/index.php?run_id=110202&search_id=114132&scans_id=110198&peptide_id=11259&scanf=19874&charge=3&value=20/40,sp|O14579|COPE_HUMAN,/core/www/modules//consensus/?run_id=110202&search_id=114132&scans_id=110198&peptide_id=11259&scanf=19874&charge=3&value=sp|O14579|COPE_HUMAN,2,/core/www/modules/match_peptides/blast_html4.php?run_id=110202&search_id=114132&scans_id=110198&peptide_id=11259&scanf=19874&charge=3&value=2,R.MFADYLAHESR.R,/core/www/modules/show_out/show_out_wrapper.php?run_id=110202&search_id=114132&scans_id=110198&peptide_id=11259&scanf=19874&charge=3&value=R.MFADYLAHESR.R,COPE,1.799e+7,3.733,0.000,3.494,0.000
19876,3,"  1.975","  0.199",9/32,/core/www/modules//sdig/index.php?run_id=110202&search_id=114132&scans_id=110198&peptide_id=11261&scanf=19876&charge=3&value=9/32,sp|O95071|UBR5_HUMAN,/core/www/modules//consensus/?run_id=110202&search_id=114132&scans_id=110198&peptide_id=11261&scanf=19876&charge=3&value=sp|O95071|UBR5_HUMAN,1,/core/www/modules/match_peptides/blast_html4.php?run_id=110202&search_id=114132&scans_id=110198&peptide_id=11261&scanf=19876&charge=3&value=1,K.QTLMQHILR.C,/core/www/modules/show_out/show_out_wrapper.php?run_id=110202&search_id=114132&scans_id=110198&peptide_id=11261&scanf=19876&charge=3&value=K.QTLMQHILR.C,UBR5,6.338e+6,2.269,0.045,1.343,0.002
19885,2,"  2.491","  0.067",11/18,/core/www/modules//sdig/index.php?run_id=110202&search_id=114132&scans_id=110198&peptide_id=11271&scanf=19885&charge=2&value=11/18,sp|Q9NX20|RM16_HUMAN,/core/www/modules//consensus/?run_id=110202&search_id=114132&scans_id=110198&peptide_id=11271&scanf=19885&charge=2&value=sp|Q9NX20|RM16_HUMAN,0,/core/www/modules/match_peptides/blast_html4.php?run_id=110202&search_id=114132&scans_id=110198&peptide_id=11271&scanf=19885&charge=2&value=0,R.NNQNPWTFER.I,/core/www/modules/show_out/show_out_wrapper.php?run_id=110202&search_id=114132&scans_id=110198&peptide_id=11271&scanf=19885&charge=2&value=R.NNQNPWTFER.I,MRPL16,5.943e+6,1.858,0.162,0.789,0.009
19886,2,"  2.330","  0.488",14/24,/core/www/modules//sdig/index.php?run_id=110202&search_id=114132&scans_id=110198&peptide_id=11272&scanf=19886&charge=2&value=14/24,sp|P30084|ECHM_HUMAN,/core/www/modules//consensus/?run_id=110202&search_id=114132&scans_id=110198&peptide_id=11272&scanf=19886&charge=2&value=sp|P30084|ECHM_HUMAN,0,/core/www/modules/match_peptides/blast_html4.php?run_id=110202&search_id=114132&scans_id=110198&peptide_id=11272&scanf=19886&charge=2&value=0,K.NNTVGLIQLNRPK.A,/core/www/modules/show_out/show_out_wrapper.php?run_id=110202&search_id=114132&scans_id=110198&peptide_id=11272&scanf=19886&charge=2&value=K.NNTVGLIQLNRPK.A,ECHS1,5.030e+6,3.042,0.003,2.470,0.000
19888,2,"  2.925","  0.613",11/24,/core/www/modules//sdig/index.php?run_id=110202&search_id=114132&scans_id=110198&peptide_id=11274&scanf=19888&charge=2&value=11/24,sp|P42166|LAP2A_HUMAN,/core/www/modules//consensus/?run_id=110202&search_id=114132&scans_id=110198&peptide_id=11274&scanf=19888&charge=2&value=sp|P42166|LAP2A_HUMAN,3,/core/www/modules/match_peptides/blast_html4.php?run_id=110202&search_id=114132&scans_id=110198&peptide_id=11274&scanf=19888&charge=2&value=3,K.YGVNPGPIVGTTR.K,/core/www/modules/show_out/show_out_wrapper.php?run_id=110202&search_id=114132&scans_id=110198&peptide_id=11274&scanf=19888&charge=2&value=K.YGVNPGPIVGTTR.K,TMPO,9.102e+6,3.371,0.001,2.958,0.000
19892,3,"  2.320","  0.428",17/64,/core/www/modules//sdig/index.php?run_id=110202&search_id=114132&scans_id=110198&peptide_id=11278&scanf=19892&charge=3&value=17/64,sp|P05387|RLA2_HUMAN,/core/www/modules//consensus/?run_id=110202&search_id=114132&scans_id=110198&peptide_id=11278&scanf=19892&charge=3&value=sp|P05387|RLA2_HUMAN,0,/core/www/modules/match_peptides/blast_html4.php?run_id=110202&search_id=114132&scans_id=110198&peptide_id=11278&scanf=19892&charge=3&value=0,K.KILDSVGIEADDDRLNK.V,/core/www/modules/show_out/show_out_wrapper.php?run_id=110202&search_id=114132&scans_id=110198&peptide_id=11278&scanf=19892&charge=3&value=K.KILDSVGIEADDDRLNK.V,RPLP2,1.613e+7,2.201,0.057,1.246,0.002
19893,2,"  3.675","  0.630",12/20,/core/www/modules//sdig/index.php?run_id=110202&search_id=114132&scans_id=110198&peptide_id=11279&scanf=19893&charge=2&value=12/20,sp|P02545|LMNA_HUMAN,/core/www/modules//consensus/?run_id=110202&search_id=114132&scans_id=110198&peptide_id=11279&scanf=19893&charge=2&value=sp|P02545|LMNA_HUMAN,3,/core/www/modules/match_peptides/blast_html4.php?run_id=110202&search_id=114132&scans_id=110198&peptide_id=11279&scanf=19893&charge=2&value=3,R.QNGDDPLLTYR.F,/core/www/modules/show_out/show_out_wrapper.php?run_id=110202&search_id=114132&scans_id=110198&peptide_id=11279&scanf=19893&charge=2&value=R.QNGDDPLLTYR.F,LMNA,2.272e+7,3.839,0.000,3.650,0.000
19894,3,"  3.781","  0.353",12/52,/core/www/modules//sdig/index.php?run_id=110202&search_id=114132&scans_id=110198&peptide_id=11280&scanf=19894&charge=3&value=12/52,sp|P0DPH7|TBA3C_HUMAN,/core/www/modules//consensus/?run_id=110202&search_id=114132&scans_id=110198&peptide_id=11280&scanf=19894&charge=3&value=sp|P0DPH7|TBA3C_HUMAN,14,/core/www/modules/match_peptides/blast_html4.php?run_id=110202&search_id=114132&scans_id=110198&peptide_id=11280&scanf=19894&charge=3&value=14,R.NLDIERPTYTNLNR.L,/core/www/modules/show_out/show_out_wrapper.php?run_id=110202&search_id=114132&scans_id=110198&peptide_id=11280&scanf=19894&charge=3&value=R.NLDIERPTYTNLNR.L,TUBA3C,1.111e+8,2.628,0.014,1.861,0.000
19895,3,"  2.921","  0.471",13/32,/core/www/modules//sdig/index.php?run_id=110202&search_id=114132&scans_id=110198&peptide_id=11281&scanf=19895&charge=3&value=13/32,sp|P10589|COT1_HUMAN,/core/www/modules//consensus/?run_id=110202&search_id=114132&scans_id=110198&peptide_id=11281&scanf=19895&charge=3&value=sp|P10589|COT1_HUMAN,5,/core/www/modules/match_peptides/blast_html4.php?run_id=110202&search_id=114132&scans_id=110198&peptide_id=11281&scanf=19895&charge=3&value=5,R.VVAFMDHIR.I,/core/www/modules/show_out/show_out_wrapper.php?run_id=110202&search_id=114132&scans_id=110198&peptide_id=11281&scanf=19895&charge=3&value=R.VVAFMDHIR.I,NR2F1,1.235e+7,3.392,0.001,2.988,0.000
19898,2,"  3.366","  0.530",14/20,/core/www/modules//sdig/index.php?run_id=110202&search_id=114132&scans_id=110198&peptide_id=11284&scanf=19898&charge=2&value=14/20,sp|O75643|U520_HUMAN,/core/www/modules//consensus/?run_id=110202&search_id=114132&scans_id=110198&peptide_id=11284&scanf=19898&charge=2&value=sp|O75643|U520_HUMAN,1,/core/www/modules/match_peptides/blast_html4.php?run_id=110202&search_id=114132&scans_id=110198&peptide_id=11284&scanf=19898&charge=2&value=1,R.NSAFESLYQDK.F,/core/www/modules/show_out/show_out_wrapper.php?run_id=110202&search_id=114132&scans_id=110198&peptide_id=11284&scanf=19898&charge=2&value=R.NSAFESLYQDK.F,SNRNP200,2.001e+7,3.752,0.000,3.522,0.000
19900,3,"  1.978","  0.286",11/48,/core/www/modules//sdig/index.php?run_id=110202&search_id=114132&scans_id=110198&peptide_id=11287&scanf=19900&charge=3&value=11/48,sp|O75369|FLNB_HUMAN,/core/www/modules//consensus/?run_id=110202&search_id=114132&scans_id=110198&peptide_id=11287&scanf=19900&charge=3&value=sp|O75369|FLNB_HUMAN,3,/core/www/modules/match_peptides/blast_html4.php?run_id=110202&search_id=114132&scans_id=110198&peptide_id=11287&scanf=19900&charge=3&value=3,R.AWGPGLHGGIVGR.S,/core/www/modules/show_out/show_out_wrapper.php?run_id=110202&search_id=114132&scans_id=110198&peptide_id=11287&scanf=19900&charge=3&value=R.AWGPGLHGGIVGR.S,FLNB,7.785e+6,2.484,0.022,1.651,0.001
19901,2,"  1.578","  0.231",7/14,/core/www/modules//sdig/index.php?run_id=110202&search_id=114132&scans_id=110198&peptide_id=11288&scanf=19901&charge=2&value=7/14,sp|P26358|DNMT1_HUMAN,/core/www/modules//consensus/?run_id=110202&search_id=114132&scans_id=110198&peptide_id=11288&scanf=19901&charge=2&value=sp|P26358|DNMT1_HUMAN,7,/core/www/modules/match_peptides/blast_html4.php?run_id=110202&search_id=114132&scans_id=110198&peptide_id=11288&scanf=19901&charge=2&value=7,R.FTEDSLLR.H,/core/www/modules/show_out/show_out_wrapper.php?run_id=110202&search_id=114132&scans_id=110198&peptide_id=11288&scanf=19901&charge=2&value=R.FTEDSLLR.H,DNMT1,1.674e+7,2.186,0.059,1.226,0.002
19910,2,"  1.848","  0.151",8/12,/core/www/modules//sdig/index.php?run_id=110202&search_id=114132&scans_id=110198&peptide_id=11298&scanf=19910&charge=2&value=8/12,sp|P49792|RBP2_HUMAN,/core/www/modules//consensus/?run_id=110202&search_id=114132&scans_id=110198&peptide_id=11298&scanf=19910&charge=2&value=sp|P49792|RBP2_HUMAN,0,/core/www/modules/match_peptides/blast_html4.php?run_id=110202&search_id=114132&scans_id=110198&peptide_id=11298&scanf=19910&charge=2&value=0,R.FALVTPK.K,/core/www/modules/show_out/show_out_wrapper.php?run_id=110202&search_id=114132&scans_id=110198&peptide_id=11298&scanf=19910&charge=2&value=R.FALVTPK.K,RANBP2,4.383e+6,2.347,0.035,1.454,0.001
19913,3,"  1.811","  0.400",10/44,/core/www/modules//sdig/index.php?run_id=110202&search_id=114132&scans_id=110198&peptide_id=11300&scanf=19913&charge=3&value=10/44,sp|Q15029|U5S1_HUMAN,/core/www/modules//consensus/?run_id=110202&search_id=114132&scans_id=110198&peptide_id=11300&scanf=19913&charge=3&value=sp|Q15029|U5S1_HUMAN,0,/core/www/modules/match_peptides/blast_html4.php?run_id=110202&search_id=114132&scans_id=110198&peptide_id=11300&scanf=19913&charge=3&value=0,R.GNEEAQIFRPLK.F,/core/www/modules/show_out/show_out_wrapper.php?run_id=110202&search_id=114132&scans_id=110198&peptide_id=11300&scanf=19913&charge=3&value=R.GNEEAQIFRPLK.F,EFTUD2,2.407e+7,2.832,0.007,2.160,0.000
19915,4,"  6.286","  0.550",27/180,/core/www/modules//sdig/index.php?run_id=110202&search_id=114132&scans_id=110198&peptide_id=11302&scanf=19915&charge=4&value=27/180,sp|Q9BUJ2|HNRL1_HUMAN,/core/www/modules//consensus/?run_id=110202&search_id=114132&scans_id=110198&peptide_id=11302&scanf=19915&charge=4&value=sp|Q9BUJ2|HNRL1_HUMAN,3,/core/www/modules/match_peptides/blast_html4.php?run_id=110202&search_id=114132&scans_id=110198&peptide_id=11302&scanf=19915&charge=4&value=3,R.APQQQPPPQQPPPPQPPPQQPPPPPSYSPAR.N,/core/www/modules/show_out/show_out_wrapper.php?run_id=110202&search_id=114132&scans_id=110198&peptide_id=11302&scanf=19915&charge=4&value=R.APQQQPPPQQPPPPQPPPQQPPPPPSYSPAR.N,HNRNPUL1,9.921e+6,3.197,0.002,2.700,0.000
19917,2,"  2.227","  0.515",8/14,/core/www/modules//sdig/index.php?run_id=110202&search_id=114132&scans_id=110198&peptide_id=11304&scanf=19917&charge=2&value=8/14,sp|Q7KZF4|SND1_HUMAN,/core/www/modules//consensus/?run_id=110202&search_id=114132&scans_id=110198&peptide_id=11304&scanf=19917&charge=2&value=sp|Q7KZF4|SND1_HUMAN,0,/core/www/modules/match_peptides/blast_html4.php?run_id=110202&search_id=114132&scans_id=110198&peptide_id=11304&scanf=19917&charge=2&value=0,K.FVDGEWYR.A,/core/www/modules/show_out/show_out_wrapper.php?run_id=110202&search_id=114132&scans_id=110198&peptide_id=11304&scanf=19917&charge=2&value=K.FVDGEWYR.A,SND1,1.443e+7,3.449,0.001,3.073,0.000
19920,3,"  2.163","  0.404",13/40,/core/www/modules//sdig/index.php?run_id=110202&search_id=114132&scans_id=110198&peptide_id=11307&scanf=19920&charge=3&value=13/40,sp|Q9NYF8|BCLF1_HUMAN,/core/www/modules//consensus/?run_id=110202&search_id=114132&scans_id=110198&peptide_id=11307&scanf=19920&charge=3&value=sp|Q9NYF8|BCLF1_HUMAN,6,/core/www/modules/match_peptides/blast_html4.php?run_id=110202&search_id=114132&scans_id=110198&peptide_id=11307&scanf=19920&charge=3&value=6,R.LLASTLVHSVK.K,/core/www/modules/show_out/show_out_wrapper.php?run_id=110202&search_id=114132&scans_id=110198&peptide_id=11307&scanf=19920&charge=3&value=R.LLASTLVHSVK.K,BCLAF1,2.549e+7,2.981,0.004,2.380,0.000
19925,2,"  1.804","  0.398",7/16,/core/www/modules//sdig/index.php?run_id=110202&search_id=114132&scans_id=110198&peptide_id=11312&scanf=19925&charge=2&value=7/16,sp|O96028|NSD2_HUMAN,/core/www/modules//consensus/?run_id=110202&search_id=114132&scans_id=110198&peptide_id=11312&scanf=19925&charge=2&value=sp|O96028|NSD2_HUMAN,1,/core/www/modules/match_peptides/blast_html4.php?run_id=110202&search_id=114132&scans_id=110198&peptide_id=11312&scanf=19925&charge=2&value=1,R.VFPYMEGDR.G,/core/www/modules/show_out/show_out_wrapper.php?run_id=110202&search_id=114132&scans_id=110198&peptide_id=11312&scanf=19925&charge=2&value=R.VFPYMEGDR.G,NSD2,6.231e+6,2.658,0.012,1.905,0.000
19926,2,"  1.711","  0.268",6/22,/core/www/modules//sdig/index.php?run_id=110202&search_id=114132&scans_id=110198&peptide_id=11313&scanf=19926&charge=2&value=6/22,sp|Q03701|CEBPZ_HUMAN,/core/www/modules//consensus/?run_id=110202&search_id=114132&scans_id=110198&peptide_id=11313&scanf=19926&charge=2&value=sp|Q03701|CEBPZ_HUMAN,0,/core/www/modules/match_peptides/blast_html4.php?run_id=110202&search_id=114132&scans_id=110198&peptide_id=11313&scanf=19926&charge=2&value=0,K.FDNIGMNAMANK.D,/core/www/modules/show_out/show_out_wrapper.php?run_id=110202&search_id=114132&scans_id=110198&peptide_id=11313&scanf=19926&charge=2&value=K.FDNIGMNAMANK.D,CEBPZ,7.282e+6,1.923,0.134,0.872,0.007
19930,2,"  2.143","  0.414",7/18,/core/www/modules//sdig/index.php?run_id=110202&search_id=114132&scans_id=110198&peptide_id=11318&scanf=19930&charge=2&value=7/18,sp|P61604|CH10_HUMAN,/core/www/modules//consensus/?run_id=110202&search_id=114132&scans_id=110198&peptide_id=11318&scanf=19930&charge=2&value=sp|P61604|CH10_HUMAN,2,/core/www/modules/match_peptides/blast_html4.php?run_id=110202&search_id=114132&scans_id=110198&peptide_id=11318&scanf=19930&charge=2&value=2,K.VLLPEYGGTK.V,/core/www/modules/show_out/show_out_wrapper.php?run_id=110202&search_id=114132&scans_id=110198&peptide_id=11318&scanf=19930&charge=2&value=K.VLLPEYGGTK.V,HSPE1,4.832e+6,2.596,0.015,1.814,0.000
19934,2,"  3.178","  0.416",12/18,/core/www/modules//sdig/index.php?run_id=110202&search_id=114132&scans_id=110198&peptide_id=11321&scanf=19934&charge=2&value=12/18,sp|O43143|DHX15_HUMAN,/core/www/modules//consensus/?run_id=110202&search_id=114132&scans_id=110198&peptide_id=11321&scanf=19934&charge=2&value=sp|O43143|DHX15_HUMAN,0,/core/www/modules/match_peptides/blast_html4.php?run_id=110202&search_id=114132&scans_id=110198&peptide_id=11321&scanf=19934&charge=2&value=0,R.EAMNDPLLER.Y,/core/www/modules/show_out/show_out_wrapper.php?run_id=110202&search_id=114132&scans_id=110198&peptide_id=11321&scanf=19934&charge=2&value=R.EAMNDPLLER.Y,DHX15,6.128e+7,3.210,0.002,2.719,0.000
19936,2,"  3.134","  0.491",12/20,/core/www/modules//sdig/index.php?run_id=110202&search_id=114132&scans_id=110198&peptide_id=11323&scanf=19936&charge=2&value=12/20,sp|P06733|ENOA_HUMAN,/core/www/modules//consensus/?run_id=110202&search_id=114132&scans_id=110198&peptide_id=11323&scanf=19936&charge=2&value=sp|P06733|ENOA_HUMAN,4,/core/www/modules/match_peptides/blast_html4.php?run_id=110202&search_id=114132&scans_id=110198&peptide_id=11323&scanf=19936&charge=2&value=4,K.LMIEMDGTENK.S,/core/www/modules/show_out/show_out_wrapper.php?run_id=110202&search_id=114132&scans_id=110198&peptide_id=11323&scanf=19936&charge=2&value=K.LMIEMDGTENK.S,ENO1,1.898e+7,3.167,0.002,2.654,0.000
19940,3,"  8.309","  0.711",33/120,/core/www/modules//sdig/index.php?run_id=110202&search_id=114132&scans_id=110198&peptide_id=11328&scanf=19940&charge=3&value=33/120,sp|Q9BUJ2|HNRL1_HUMAN,/core/www/modules//consensus/?run_id=110202&search_id=114132&scans_id=110198&peptide_id=11328&scanf=19940&charge=3&value=sp|Q9BUJ2|HNRL1_HUMAN,3,/core/www/modules/match_peptides/blast_html4.php?run_id=110202&search_id=114132&scans_id=110198&peptide_id=11328&scanf=19940&charge=3&value=3,R.APQQQPPPQQPPPPQPPPQQPPPPPSYSPAR.N,/core/www/modules/show_out/show_out_wrapper.php?run_id=110202&search_id=114132&scans_id=110198&peptide_id=11328&scanf=19940&charge=3&value=R.APQQQPPPQQPPPPQPPPQQPPPPPSYSPAR.N,HNRNPUL1,3.510e+6,3.601,0.001,3.298,0.000
19941,2,"  2.156","  0.376",10/18,/core/www/modules//sdig/index.php?run_id=110202&search_id=114132&scans_id=110198&peptide_id=11329&scanf=19941&charge=2&value=10/18,sp|P37108|SRP14_HUMAN,/core/www/modules//consensus/?run_id=110202&search_id=114132&scans_id=110198&peptide_id=11329&scanf=19941&charge=2&value=sp|P37108|SRP14_HUMAN,1,/core/www/modules/match_peptides/blast_html4.php?run_id=110202&search_id=114132&scans_id=110198&peptide_id=11329&scanf=19941&charge=2&value=1,R.TSGSVYITLK.K,/core/www/modules/show_out/show_out_wrapper.php?run_id=110202&search_id=114132&scans_id=110198&peptide_id=11329&scanf=19941&charge=2&value=R.TSGSVYITLK.K,SRP14,8.563e+6,2.749,0.009,2.039,0.000
19956,2,"  1.687","  0.250",8/12,/core/www/modules//sdig/index.php?run_id=110202&search_id=114132&scans_id=110198&peptide_id=11344&scanf=19956&charge=2&value=8/12,sp|P46781|RS9_HUMAN,/core/www/modules//consensus/?run_id=110202&search_id=114132&scans_id=110198&peptide_id=11344&scanf=19956&charge=2&value=sp|P46781|RS9_HUMAN,2,/core/www/modules/match_peptides/blast_html4.php?run_id=110202&search_id=114132&scans_id=110198&peptide_id=11344&scanf=19956&charge=2&value=2,K.IEDFLER.R,/core/www/modules/show_out/show_out_wrapper.php?run_id=110202&search_id=114132&scans_id=110198&peptide_id=11344&scanf=19956&charge=2&value=K.IEDFLER.R,RPS9,2.407e+8,2.589,0.016,1.804,0.000
19957,3,"  4.080","  0.275",18/64,/core/www/modules//sdig/index.php?run_id=110202&search_id=114132&scans_id=110198&peptide_id=11345&scanf=19957&charge=3&value=18/64,sp|Q9NYF8|BCLF1_HUMAN,/core/www/modules//consensus/?run_id=110202&search_id=114132&scans_id=110198&peptide_id=11345&scanf=19957&charge=3&value=sp|Q9NYF8|BCLF1_HUMAN,6,/core/www/modules/match_peptides/blast_html4.php?run_id=110202&search_id=114132&scans_id=110198&peptide_id=11345&scanf=19957&charge=3&value=6,K.MAPVPLDDSNRPASLTK.D,/core/www/modules/show_out/show_out_wrapper.php?run_id=110202&search_id=114132&scans_id=110198&peptide_id=11345&scanf=19957&charge=3&value=K.MAPVPLDDSNRPASLTK.D,BCLAF1,3.310e+7,2.352,0.035,1.460,0.001
19958,2,"  2.608","  0.569",9/20,/core/www/modules//sdig/index.php?run_id=110202&search_id=114132&scans_id=110198&peptide_id=11346&scanf=19958&charge=2&value=9/20,sp|P11586|C1TC_HUMAN,/core/www/modules//consensus/?run_id=110202&search_id=114132&scans_id=110198&peptide_id=11346&scanf=19958&charge=2&value=sp|P11586|C1TC_HUMAN,11,/core/www/modules/match_peptides/blast_html4.php?run_id=110202&search_id=114132&scans_id=110198&peptide_id=11346&scanf=19958&charge=2&value=11,K.TPVPSDIDISR.S,/core/www/modules/show_out/show_out_wrapper.php?run_id=110202&search_id=114132&scans_id=110198&peptide_id=11346&scanf=19958&charge=2&value=K.TPVPSDIDISR.S,MTHFD1,7.316e+6,3.200,0.002,2.703,0.000
19961,3,"  2.220","  0.328",11/44,/core/www/modules//sdig/index.php?run_id=110202&search_id=114132&scans_id=110198&peptide_id=11350&scanf=19961&charge=3&value=11/44,sp|O00567|NOP56_HUMAN,/core/www/modules//consensus/?run_id=110202&search_id=114132&scans_id=110198&peptide_id=11350&scanf=19961&charge=3&value=sp|O00567|NOP56_HUMAN,3,/core/www/modules/match_peptides/blast_html4.php?run_id=110202&search_id=114132&scans_id=110198&peptide_id=11350&scanf=19961&charge=3&value=3,R.LSFYETGEIPRK.N,/core/www/modules/show_out/show_out_wrapper.php?run_id=110202&search_id=114132&scans_id=110198&peptide_id=11350&scanf=19961&charge=3&value=R.LSFYETGEIPRK.N,NOP56,4.772e+6,2.377,0.032,1.497,0.001
19962,2,"  2.042","  0.240",10/20,/core/www/modules//sdig/index.php?run_id=110202&search_id=114132&scans_id=110198&peptide_id=11351&scanf=19962&charge=2&value=10/20,sp|P28838|AMPL_HUMAN,/core/www/modules//consensus/?run_id=110202&search_id=114132&scans_id=110198&peptide_id=11351&scanf=19962&charge=2&value=sp|P28838|AMPL_HUMAN,1,/core/www/modules/match_peptides/blast_html4.php?run_id=110202&search_id=114132&scans_id=110198&peptide_id=11351&scanf=19962&charge=2&value=1,K.LFEASIETGDR.V,/core/www/modules/show_out/show_out_wrapper.php?run_id=110202&search_id=114132&scans_id=110198&peptide_id=11351&scanf=19962&charge=2&value=K.LFEASIETGDR.V,LAP3,6.533e+6,2.193,0.058,1.236,0.002
19967,2,"  1.597","  0.369",12/40,/core/www/modules//sdig/index.php?run_id=110202&search_id=114132&scans_id=110198&peptide_id=11356&scanf=19967&charge=2&value=12/40,sp|P61353|RL27_HUMAN,/core/www/modules//consensus/?run_id=110202&search_id=114132&scans_id=110198&peptide_id=11356&scanf=19967&charge=2&value=sp|P61353|RL27_HUMAN,1,/core/www/modules/match_peptides/blast_html4.php?run_id=110202&search_id=114132&scans_id=110198&peptide_id=11356&scanf=19967&charge=2&value=1,K.NIDDGTSDRPYSHALVAGIDR.Y,/core/www/modules/show_out/show_out_wrapper.php?run_id=110202&search_id=114132&scans_id=110198&peptide_id=11356&scanf=19967&charge=2&value=K.NIDDGTSDRPYSHALVAGIDR.Y,RPL27,5.698e+6,1.923,0.134,0.872,0.007
19973,2,"  1.697","  0.181",10/18,/core/www/modules//sdig/index.php?run_id=110202&search_id=114132&scans_id=110198&peptide_id=11363&scanf=19973&charge=2&value=10/18,sp|P27694|RFA1_HUMAN,/core/www/modules//consensus/?run_id=110202&search_id=114132&scans_id=110198&peptide_id=11363&scanf=19973&charge=2&value=sp|P27694|RFA1_HUMAN,1,/core/www/modules/match_peptides/blast_html4.php?run_id=110202&search_id=114132&scans_id=110198&peptide_id=11363&scanf=19973&charge=2&value=1,R.NIYLMDTSGK.V,/core/www/modules/show_out/show_out_wrapper.php?run_id=110202&search_id=114132&scans_id=110198&peptide_id=11363&scanf=19973&charge=2&value=R.NIYLMDTSGK.V,RPA1,9.566e+6,2.098,0.079,1.104,0.003
19979,2,"  2.003","  0.272",7/14,/core/www/modules//sdig/index.php?run_id=110202&search_id=114132&scans_id=110198&peptide_id=11368&scanf=19979&charge=2&value=7/14,sp|P05141|ADT2_HUMAN,/core/www/modules//consensus/?run_id=110202&search_id=114132&scans_id=110198&peptide_id=11368&scanf=19979&charge=2&value=sp|P05141|ADT2_HUMAN,2,/core/www/modules/match_peptides/blast_html4.php?run_id=110202&search_id=114132&scans_id=110198&peptide_id=11368&scanf=19979&charge=2&value=2,K.GAWSNVLR.G,/core/www/modules/show_out/show_out_wrapper.php?run_id=110202&search_id=114132&scans_id=110198&peptide_id=11368&scanf=19979&charge=2&value=K.GAWSNVLR.G,SLC25A5,6.511e+6,2.388,0.031,1.513,0.001
19981,2,"  2.132","  0.379",8/12,/core/www/modules//sdig/index.php?run_id=110202&search_id=114132&scans_id=110198&peptide_id=11371&scanf=19981&charge=2&value=8/12,sp|Q01082|SPTB2_HUMAN,/core/www/modules//consensus/?run_id=110202&search_id=114132&scans_id=110198&peptide_id=11371&scanf=19981&charge=2&value=sp|Q01082|SPTB2_HUMAN,1,/core/www/modules/match_peptides/blast_html4.php?run_id=110202&search_id=114132&scans_id=110198&peptide_id=11371&scanf=19981&charge=2&value=1,R.IDDIFER.S,/core/www/modules/show_out/show_out_wrapper.php?run_id=110202&search_id=114132&scans_id=110198&peptide_id=11371&scanf=19981&charge=2&value=R.IDDIFER.S,SPTBN1,1.489e+8,3.224,0.002,2.739,0.000
19982,2,"  1.706","  0.471",9/18,/core/www/modules//sdig/index.php?run_id=110202&search_id=114132&scans_id=110198&peptide_id=11372&scanf=19982&charge=2&value=9/18,sp|Q5SSJ5|HP1B3_HUMAN,/core/www/modules//consensus/?run_id=110202&search_id=114132&scans_id=110198&peptide_id=11372&scanf=19982&charge=2&value=sp|Q5SSJ5|HP1B3_HUMAN,0,/core/www/modules/match_peptides/blast_html4.php?run_id=110202&search_id=114132&scans_id=110198&peptide_id=11372&scanf=19982&charge=2&value=0,K.NGWMEQISGK.G,/core/www/modules/show_out/show_out_wrapper.php?run_id=110202&search_id=114132&scans_id=110198&peptide_id=11372&scanf=19982&charge=2&value=K.NGWMEQISGK.G,HP1BP3,1.440e+7,2.994,0.004,2.399,0.000
19983,2,"  2.410","  0.541",10/18,/core/www/modules//sdig/index.php?run_id=110202&search_id=114132&scans_id=110198&peptide_id=11373&scanf=19983&charge=2&value=10/18,sp|Q14966|ZN638_HUMAN,/core/www/modules//consensus/?run_id=110202&search_id=114132&scans_id=110198&peptide_id=11373&scanf=19983&charge=2&value=sp|Q14966|ZN638_HUMAN,0,/core/www/modules/match_peptides/blast_html4.php?run_id=110202&search_id=114132&scans_id=110198&peptide_id=11373&scanf=19983&charge=2&value=0,R.SFFSVESGTK.M,/core/www/modules/show_out/show_out_wrapper.php?run_id=110202&search_id=114132&scans_id=110198&peptide_id=11373&scanf=19983&charge=2&value=R.SFFSVESGTK.M,ZNF638,7.622e+6,3.372,0.001,2.959,0.000
19984,2,"  2.409","  0.436",9/18,/core/www/modules//sdig/index.php?run_id=110202&search_id=114132&scans_id=110198&peptide_id=11374&scanf=19984&charge=2&value=9/18,sp|Q9BUQ8|DDX23_HUMAN,/core/www/modules//consensus/?run_id=110202&search_id=114132&scans_id=110198&peptide_id=11374&scanf=19984&charge=2&value=sp|Q9BUQ8|DDX23_HUMAN,4,/core/www/modules/match_peptides/blast_html4.php?run_id=110202&search_id=114132&scans_id=110198&peptide_id=11374&scanf=19984&charge=2&value=4,R.QAIPIGLQNR.D,/core/www/modules/show_out/show_out_wrapper.php?run_id=110202&search_id=114132&scans_id=110198&peptide_id=11374&scanf=19984&charge=2&value=R.QAIPIGLQNR.D,DDX23,3.596e+7,2.955,0.005,2.341,0.000
19985,2,"  4.027","  0.618",17/24,/core/www/modules//sdig/index.php?run_id=110202&search_id=114132&scans_id=110198&peptide_id=11375&scanf=19985&charge=2&value=17/24,sp|O75367|H2AY_HUMAN,/core/www/modules//consensus/?run_id=110202&search_id=114132&scans_id=110198&peptide_id=11375&scanf=19985&charge=2&value=sp|O75367|H2AY_HUMAN,3,/core/www/modules/match_peptides/blast_html4.php?run_id=110202&search_id=114132&scans_id=110198&peptide_id=11375&scanf=19985&charge=2&value=3,K.GKLEAIITPPPAK.K,/core/www/modules/show_out/show_out_wrapper.php?run_id=110202&search_id=114132&scans_id=110198&peptide_id=11375&scanf=19985&charge=2&value=K.GKLEAIITPPPAK.K,MACROH2A1,1.332e+7,3.518,0.001,3.174,0.000
19989,2,"  1.996","  0.286",8/20,/core/www/modules//sdig/index.php?run_id=110202&search_id=114132&scans_id=110198&peptide_id=11379&scanf=19989&charge=2&value=8/20,sp|P23246|SFPQ_HUMAN,/core/www/modules//consensus/?run_id=110202&search_id=114132&scans_id=110198&peptide_id=11379&scanf=19989&charge=2&value=sp|P23246|SFPQ_HUMAN,1,/core/www/modules/match_peptides/blast_html4.php?run_id=110202&search_id=114132&scans_id=110198&peptide_id=11379&scanf=19989&charge=2&value=1,K.YGEPGEVFINK.G,/core/www/modules/show_out/show_out_wrapper.php?run_id=110202&search_id=114132&scans_id=110198&peptide_id=11379&scanf=19989&charge=2&value=K.YGEPGEVFINK.G,SFPQ,1.139e+8,2.276,0.044,1.352,0.002
19990,3,"  3.520","  0.632",19/68,/core/www/modules//sdig/index.php?run_id=110202&search_id=114132&scans_id=110198&peptide_id=11381&scanf=19990&charge=3&value=19/68,sp|Q969G3|SMCE1_HUMAN,/core/www/modules//consensus/?run_id=110202&search_id=114132&scans_id=110198&peptide_id=11381&scanf=19990&charge=3&value=sp|Q969G3|SMCE1_HUMAN,15,/core/www/modules/match_peptides/blast_html4.php?run_id=110202&search_id=114132&scans_id=110198&peptide_id=11381&scanf=19990&charge=3&value=15,R.DLTDEEKQEYLNEYEAEK.I,/core/www/modules/show_out/show_out_wrapper.php?run_id=110202&search_id=114132&scans_id=110198&peptide_id=11381&scanf=19990&charge=3&value=R.DLTDEEKQEYLNEYEAEK.I,SMARCE1,6.150e+6,3.253,0.002,2.783,0.000
19993,3,"  8.435","  0.719",27/112,/core/www/modules//sdig/index.php?run_id=110202&search_id=114132&scans_id=110198&peptide_id=11384&scanf=19993&charge=3&value=27/112,sp|O60506|HNRPQ_HUMAN,/core/www/modules//consensus/?run_id=110202&search_id=114132&scans_id=110198&peptide_id=11384&scanf=19993&charge=3&value=sp|O60506|HNRPQ_HUMAN,2,/core/www/modules/match_peptides/blast_html4.php?run_id=110202&search_id=114132&scans_id=110198&peptide_id=11384&scanf=19993&charge=3&value=2,R.QTNNQNWGSQPIAQQPLQGGDHSGNYGYK.S,/core/www/modules/show_out/show_out_wrapper.php?run_id=110202&search_id=114132&scans_id=110198&peptide_id=11384&scanf=19993&charge=3&value=R.QTNNQNWGSQPIAQQPLQGGDHSGNYGYK.S,SYNCRIP,6.888e+6,3.665,0.000,3.393,0.000
19995,2,"  1.794","  0.214",5/16,/core/www/modules//sdig/index.php?run_id=110202&search_id=114132&scans_id=110198&peptide_id=11386&scanf=19995&charge=2&value=5/16,sp|P13010|XRCC5_HUMAN,/core/www/modules//consensus/?run_id=110202&search_id=114132&scans_id=110198&peptide_id=11386&scanf=19995&charge=2&value=sp|P13010|XRCC5_HUMAN,0,/core/www/modules/match_peptides/blast_html4.php?run_id=110202&search_id=114132&scans_id=110198&peptide_id=11386&scanf=19995&charge=2&value=0,R.FFM*GNQVLK.V,/core/www/modules/show_out/show_out_wrapper.php?run_id=110202&search_id=114132&scans_id=110198&peptide_id=11386&scanf=19995&charge=2&value=R.FFM*GNQVLK.V,XRCC5,7.686e+6,2.032,0.097,1.015,0.005
19998,2,"  1.905","  0.254",8/12,/core/www/modules//sdig/index.php?run_id=110202&search_id=114132&scans_id=110198&peptide_id=11388&scanf=19998&charge=2&value=8/12,sp|O00159|MYO1C_HUMAN,/core/www/modules//consensus/?run_id=110202&search_id=114132&scans_id=110198&peptide_id=11388&scanf=19998&charge=2&value=sp|O00159|MYO1C_HUMAN,3,/core/www/modules/match_peptides/blast_html4.php?run_id=110202&search_id=114132&scans_id=110198&peptide_id=11388&scanf=19998&charge=2&value=3,K.NNDLLFR.N,/core/www/modules/show_out/show_out_wrapper.php?run_id=110202&search_id=114132&scans_id=110198&peptide_id=11388&scanf=19998&charge=2&value=K.NNDLLFR.N,MYO1C,2.349e+7,2.688,0.011,1.949,0.000
20000,2,"  2.781","  0.503",12/18,/core/www/modules//sdig/index.php?run_id=110202&search_id=114132&scans_id=110198&peptide_id=11391&scanf=20000&charge=2&value=12/18,sp|Q5SSJ5|HP1B3_HUMAN,/core/www/modules//consensus/?run_id=110202&search_id=114132&scans_id=110198&peptide_id=11391&scanf=20000&charge=2&value=sp|Q5SSJ5|HP1B3_HUMAN,0,/core/www/modules/match_peptides/blast_html4.php?run_id=110202&search_id=114132&scans_id=110198&peptide_id=11391&scanf=20000&charge=2&value=0,K.NGWMEQISGK.G,/core/www/modules/show_out/show_out_wrapper.php?run_id=110202&search_id=114132&scans_id=110198&peptide_id=11391&scanf=20000&charge=2&value=K.NGWMEQISGK.G,HP1BP3,1.440e+7,3.412,0.001,3.018,0.000
20002,2,"  2.076","  0.261",8/14,/core/www/modules//sdig/index.php?run_id=110202&search_id=114132&scans_id=110198&peptide_id=11393&scanf=20002&charge=2&value=8/14,sp|Q06787|FMR1_HUMAN,/core/www/modules//consensus/?run_id=110202&search_id=114132&scans_id=110198&peptide_id=11393&scanf=20002&charge=2&value=sp|Q06787|FMR1_HUMAN,13,/core/www/modules/match_peptides/blast_html4.php?run_id=110202&search_id=114132&scans_id=110198&peptide_id=11393&scanf=20002&charge=2&value=13,K.LDVPEDLR.Q,/core/www/modules/show_out/show_out_wrapper.php?run_id=110202&search_id=114132&scans_id=110198&peptide_id=11393&scanf=20002&charge=2&value=K.LDVPEDLR.Q,FMR1,6.637e+6,2.497,0.021,1.670,0.001
20003,2,"  2.894","  0.486",12/20,/core/www/modules//sdig/index.php?run_id=110202&search_id=114132&scans_id=110198&peptide_id=11394&scanf=20003&charge=2&value=12/20,sp|Q14240|IF4A2_HUMAN,/core/www/modules//consensus/?run_id=110202&search_id=114132&scans_id=110198&peptide_id=11394&scanf=20003&charge=2&value=sp|Q14240|IF4A2_HUMAN,2,/core/www/modules/match_peptides/blast_html4.php?run_id=110202&search_id=114132&scans_id=110198&peptide_id=11394&scanf=20003&charge=2&value=2,K.ETQALVLAPTR.E,/core/www/modules/show_out/show_out_wrapper.php?run_id=110202&search_id=114132&scans_id=110198&peptide_id=11394&scanf=20003&charge=2&value=K.ETQALVLAPTR.E,EIF4A2,1.535e+7,3.189,0.002,2.687,0.000
20006,3,"  3.392","  0.505",13/44,/core/www/modules//sdig/index.php?run_id=110202&search_id=114132&scans_id=110198&peptide_id=11397&scanf=20006&charge=3&value=13/44,sp|O75369|FLNB_HUMAN,/core/www/modules//consensus/?run_id=110202&search_id=114132&scans_id=110198&peptide_id=11397&scanf=20006&charge=3&value=sp|O75369|FLNB_HUMAN,4,/core/www/modules/match_peptides/blast_html4.php?run_id=110202&search_id=114132&scans_id=110198&peptide_id=11397&scanf=20006&charge=3&value=4,K.VTVLFAGQHISK.S,/core/www/modules/show_out/show_out_wrapper.php?run_id=110202&search_id=114132&scans_id=110198&peptide_id=11397&scanf=20006&charge=3&value=K.VTVLFAGQHISK.S,FLNB,7.838e+6,3.399,0.001,2.999,0.000
20009,2,"  2.567","  0.556",9/22,/core/www/modules//sdig/index.php?run_id=110202&search_id=114132&scans_id=110198&peptide_id=11400&scanf=20009&charge=2&value=9/22,sp|P61247|RS3A_HUMAN,/core/www/modules//consensus/?run_id=110202&search_id=114132&scans_id=110198&peptide_id=11400&scanf=20009&charge=2&value=sp|P61247|RS3A_HUMAN,5,/core/www/modules/match_peptides/blast_html4.php?run_id=110202&search_id=114132&scans_id=110198&peptide_id=11400&scanf=20009&charge=2&value=5,K.LIPDSIGKDIEK.A,/core/www/modules/show_out/show_out_wrapper.php?run_id=110202&search_id=114132&scans_id=110198&peptide_id=11400&scanf=20009&charge=2&value=K.LIPDSIGKDIEK.A,RPS3A,8.383e+6,2.876,0.006,2.226,0.000
20010,3,"  3.357","  0.410",12/48,/core/www/modules//sdig/index.php?run_id=110202&search_id=114132&scans_id=110198&peptide_id=11402&scanf=20010&charge=3&value=12/48,sp|Q9H3G5|CPVL_HUMAN,/core/www/modules//consensus/?run_id=110202&search_id=114132&scans_id=110198&peptide_id=11402&scanf=20010&charge=3&value=sp|Q9H3G5|CPVL_HUMAN,2,/core/www/modules/match_peptides/blast_html4.php?run_id=110202&search_id=114132&scans_id=110198&peptide_id=11402&scanf=20010&charge=3&value=2,R.GGGHILPYDQPLR.A,/core/www/modules/show_out/show_out_wrapper.php?run_id=110202&search_id=114132&scans_id=110198&peptide_id=11402&scanf=20010&charge=3&value=R.GGGHILPYDQPLR.A,CPVL,4.731e+6,2.783,0.008,2.088,0.000
20012,4,"  4.385","  0.317",9/114,/core/www/modules//sdig/index.php?run_id=110202&search_id=114132&scans_id=110198&peptide_id=11404&scanf=20012&charge=4&value=9/114,sp|O15372|EIF3H_HUMAN,/core/www/modules//consensus/?run_id=110202&search_id=114132&scans_id=110198&peptide_id=11404&scanf=20012&charge=4&value=sp|O15372|EIF3H_HUMAN,2,/core/www/modules/match_peptides/blast_html4.php?run_id=110202&search_id=114132&scans_id=110198&peptide_id=11404&scanf=20012&charge=4&value=2,K.SAVADKHELLSLASSNHLGK.N,/core/www/modules/show_out/show_out_wrapper.php?run_id=110202&search_id=114132&scans_id=110198&peptide_id=11404&scanf=20012&charge=4&value=K.SAVADKHELLSLASSNHLGK.N,EIF3H,6.432e+6,2.243,0.049,1.306,0.002
20014,3,"  1.931","  0.332",8/40,/core/www/modules//sdig/index.php?run_id=110202&search_id=114132&scans_id=110198&peptide_id=11406&scanf=20014&charge=3&value=8/40,sp|Q14204|DYHC1_HUMAN,/core/www/modules//consensus/?run_id=110202&search_id=114132&scans_id=110198&peptide_id=11406&scanf=20014&charge=3&value=sp|Q14204|DYHC1_HUMAN,29,/core/www/modules/match_peptides/blast_html4.php?run_id=110202&search_id=114132&scans_id=110198&peptide_id=11406&scanf=20014&charge=3&value=29,K.LMHVAYEEFEK.V,/core/www/modules/show_out/show_out_wrapper.php?run_id=110202&search_id=114132&scans_id=110198&peptide_id=11406&scanf=20014&charge=3&value=K.LMHVAYEEFEK.V,DYNC1H1,2.259e+6,2.794,0.008,2.104,0.000
20020,3,"  6.122","  0.735",24/80,/core/www/modules//sdig/index.php?run_id=110202&search_id=114132&scans_id=110198&peptide_id=11412&scanf=20020&charge=3&value=24/80,sp|Q6P2Q9|PRP8_HUMAN,/core/www/modules//consensus/?run_id=110202&search_id=114132&scans_id=110198&peptide_id=11412&scanf=20020&charge=3&value=sp|Q6P2Q9|PRP8_HUMAN,0,/core/www/modules/match_peptides/blast_html4.php?run_id=110202&search_id=114132&scans_id=110198&peptide_id=11412&scanf=20020&charge=3&value=0,K.HGDEIITSTTSNYETQTFSSK.T,/core/www/modules/show_out/show_out_wrapper.php?run_id=110202&search_id=114132&scans_id=110198&peptide_id=11412&scanf=20020&charge=3&value=K.HGDEIITSTTSNYETQTFSSK.T,PRPF8,8.384e+6,4.152,0.000,4.115,0.000
20025,3,"  3.899","  0.499",17/68,/core/www/modules//sdig/index.php?run_id=110202&search_id=114132&scans_id=110198&peptide_id=11417&scanf=20025&charge=3&value=17/68,sp|Q9NUL3|STAU2_HUMAN,/core/www/modules//consensus/?run_id=110202&search_id=114132&scans_id=110198&peptide_id=11417&scanf=20025&charge=3&value=sp|Q9NUL3|STAU2_HUMAN,5,/core/www/modules/match_peptides/blast_html4.php?run_id=110202&search_id=114132&scans_id=110198&peptide_id=11417&scanf=20025&charge=3&value=5,K.GWSGPKPGFPEPTNNTPK.G,/core/www/modules/show_out/show_out_wrapper.php?run_id=110202&search_id=114132&scans_id=110198&peptide_id=11417&scanf=20025&charge=3&value=K.GWSGPKPGFPEPTNNTPK.G,STAU2,5.174e+6,2.981,0.004,2.380,0.000
20028,3,"  2.884","  0.246",8/52,/core/www/modules//sdig/index.php?run_id=110202&search_id=114132&scans_id=110198&peptide_id=11420&scanf=20028&charge=3&value=8/52,sp|Q9H6W3|RIOX1_HUMAN,/core/www/modules//consensus/?run_id=110202&search_id=114132&scans_id=110198&peptide_id=11420&scanf=20028&charge=3&value=sp|Q9H6W3|RIOX1_HUMAN,0,/core/www/modules/match_peptides/blast_html4.php?run_id=110202&search_id=114132&scans_id=110198&peptide_id=11420&scanf=20028&charge=3&value=0,R.LGHFAPVDAVADQR.A,/core/www/modules/show_out/show_out_wrapper.php?run_id=110202&search_id=114132&scans_id=110198&peptide_id=11420&scanf=20028&charge=3&value=R.LGHFAPVDAVADQR.A,RIOX1,1.300e+7,2.095,0.080,1.099,0.003
20030,3,"  2.713","  0.390",14/52,/core/www/modules//sdig/index.php?run_id=110202&search_id=114132&scans_id=110198&peptide_id=11423&scanf=20030&charge=3&value=14/52,sp|Q9H7Z3|NRDE2_HUMAN,/core/www/modules//consensus/?run_id=110202&search_id=114132&scans_id=110198&peptide_id=11423&scanf=20030&charge=3&value=sp|Q9H7Z3|NRDE2_HUMAN,0,/core/www/modules/match_peptides/blast_html4.php?run_id=110202&search_id=114132&scans_id=110198&peptide_id=11423&scanf=20030&charge=3&value=0,R.EIHATIPETGLMHR.I,/core/www/modules/show_out/show_out_wrapper.php?run_id=110202&search_id=114132&scans_id=110198&peptide_id=11423&scanf=20030&charge=3&value=R.EIHATIPETGLMHR.I,NRDE2,3.903e+6,2.769,0.009,2.068,0.000
20031,2,"  3.765","  0.522",21/32,/core/www/modules//sdig/index.php?run_id=110202&search_id=114132&scans_id=110198&peptide_id=11424&scanf=20031&charge=2&value=21/32,sp|Q8IYB3|SRRM1_HUMAN,/core/www/modules//consensus/?run_id=110202&search_id=114132&scans_id=110198&peptide_id=11424&scanf=20031&charge=2&value=sp|Q8IYB3|SRRM1_HUMAN,2,/core/www/modules/match_peptides/blast_html4.php?run_id=110202&search_id=114132&scans_id=110198&peptide_id=11424&scanf=20031&charge=2&value=2,K.VKEPSVQEATSTSDILK.V,/core/www/modules/show_out/show_out_wrapper.php?run_id=110202&search_id=114132&scans_id=110198&peptide_id=11424&scanf=20031&charge=2&value=K.VKEPSVQEATSTSDILK.V,SRRM1,4.516e+6,2.954,0.005,2.340,0.000
20036,2,"  2.679","  0.596",9/22,/core/www/modules//sdig/index.php?run_id=110202&search_id=114132&scans_id=110198&peptide_id=11429&scanf=20036&charge=2&value=9/22,sp|Q29RF7|PDS5A_HUMAN,/core/www/modules//consensus/?run_id=110202&search_id=114132&scans_id=110198&peptide_id=11429&scanf=20036&charge=2&value=sp|Q29RF7|PDS5A_HUMAN,0,/core/www/modules/match_peptides/blast_html4.php?run_id=110202&search_id=114132&scans_id=110198&peptide_id=11429&scanf=20036&charge=2&value=0,R.TLFSVINNSHNK.K,/core/www/modules/show_out/show_out_wrapper.php?run_id=110202&search_id=114132&scans_id=110198&peptide_id=11429&scanf=20036&charge=2&value=R.TLFSVINNSHNK.K,PDS5A,6.794e+6,3.231,0.002,2.750,0.000
20039,3,"  3.512","  0.374",11/40,/core/www/modules//sdig/index.php?run_id=110202&search_id=114132&scans_id=110198&peptide_id=11431&scanf=20039&charge=3&value=11/40,sp|P60709|ACTB_HUMAN,/core/www/modules//consensus/?run_id=110202&search_id=114132&scans_id=110198&peptide_id=11431&scanf=20039&charge=3&value=sp|P60709|ACTB_HUMAN,25,/core/www/modules/match_peptides/blast_html4.php?run_id=110202&search_id=114132&scans_id=110198&peptide_id=11431&scanf=20039&charge=3&value=25,K.IWHHTFYNELR.V,/core/www/modules/show_out/show_out_wrapper.php?run_id=110202&search_id=114132&scans_id=110198&peptide_id=11431&scanf=20039&charge=3&value=K.IWHHTFYNELR.V,ACTB,6.642e+6,3.424,0.001,3.036,0.000
20040,2,"  1.860","  0.283",8/18,/core/www/modules//sdig/index.php?run_id=110202&search_id=114132&scans_id=110198&peptide_id=11433&scanf=20040&charge=2&value=8/18,sp|O00159|MYO1C_HUMAN,/core/www/modules//consensus/?run_id=110202&search_id=114132&scans_id=110198&peptide_id=11433&scanf=20040&charge=2&value=sp|O00159|MYO1C_HUMAN,1,/core/www/modules/match_peptides/blast_html4.php?run_id=110202&search_id=114132&scans_id=110198&peptide_id=11433&scanf=20040&charge=2&value=1,R.LLSVEGSTLR.E,/core/www/modules/show_out/show_out_wrapper.php?run_id=110202&search_id=114132&scans_id=110198&peptide_id=11433&scanf=20040&charge=2&value=R.LLSVEGSTLR.E,MYO1C,2.896e+7,2.118,0.074,1.132,0.002
20044,3,"  2.949","  0.518",11/68,/core/www/modules//sdig/index.php?run_id=110202&search_id=114132&scans_id=110198&peptide_id=11437&scanf=20044&charge=3&value=11/68,sp|Q16740|CLPP_HUMAN,/core/www/modules//consensus/?run_id=110202&search_id=114132&scans_id=110198&peptide_id=11437&scanf=20044&charge=3&value=sp|Q16740|CLPP_HUMAN,1,/core/www/modules/match_peptides/blast_html4.php?run_id=110202&search_id=114132&scans_id=110198&peptide_id=11437&scanf=20044&charge=3&value=1,K.VLVHPPQDGEDEPTLVQK.E,/core/www/modules/show_out/show_out_wrapper.php?run_id=110202&search_id=114132&scans_id=110198&peptide_id=11437&scanf=20044&charge=3&value=K.VLVHPPQDGEDEPTLVQK.E,CLPP,4.760e+6,2.842,0.007,2.174,0.000
20048,2,"  2.337","  0.457",12/20,/core/www/modules//sdig/index.php?run_id=110202&search_id=114132&scans_id=110198&peptide_id=11441&scanf=20048&charge=2&value=12/20,sp|Q12906|ILF3_HUMAN,/core/www/modules//consensus/?run_id=110202&search_id=114132&scans_id=110198&peptide_id=11441&scanf=20048&charge=2&value=sp|Q12906|ILF3_HUMAN,7,/core/www/modules/match_peptides/blast_html4.php?run_id=110202&search_id=114132&scans_id=110198&peptide_id=11441&scanf=20048&charge=2&value=7,K.AVSDWIDEQEK.G,/core/www/modules/show_out/show_out_wrapper.php?run_id=110202&search_id=114132&scans_id=110198&peptide_id=11441&scanf=20048&charge=2&value=K.AVSDWIDEQEK.G,ILF3,1.287e+8,3.235,0.002,2.756,0.000
20051,2,"  3.847","  0.577",14/30,/core/www/modules//sdig/index.php?run_id=110202&search_id=114132&scans_id=110198&peptide_id=11445&scanf=20051&charge=2&value=14/30,sp|P49750|YLPM1_HUMAN,/core/www/modules//consensus/?run_id=110202&search_id=114132&scans_id=110198&peptide_id=11445&scanf=20051&charge=2&value=sp|P49750|YLPM1_HUMAN,1,/core/www/modules/match_peptides/blast_html4.php?run_id=110202&search_id=114132&scans_id=110198&peptide_id=11445&scanf=20051&charge=2&value=1,K.SQLLAPPPPSAPPGNK.T,/core/www/modules/show_out/show_out_wrapper.php?run_id=110202&search_id=114132&scans_id=110198&peptide_id=11445&scanf=20051&charge=2&value=K.SQLLAPPPPSAPPGNK.T,YLPM1,2.800e+6,3.199,0.002,2.702,0.000
20054,2,"  2.434","  0.311",8/18,/core/www/modules//sdig/index.php?run_id=110202&search_id=114132&scans_id=110198&peptide_id=11448&scanf=20054&charge=2&value=8/18,sp|Q92747|ARC1A_HUMAN,/core/www/modules//consensus/?run_id=110202&search_id=114132&scans_id=110198&peptide_id=11448&scanf=20054&charge=2&value=sp|Q92747|ARC1A_HUMAN,0,/core/www/modules/match_peptides/blast_html4.php?run_id=110202&search_id=114132&scans_id=110198&peptide_id=11448&scanf=20054&charge=2&value=0,K.TLESSIQGLR.I,/core/www/modules/show_out/show_out_wrapper.php?run_id=110202&search_id=114132&scans_id=110198&peptide_id=11448&scanf=20054&charge=2&value=K.TLESSIQGLR.I,ARPC1A,2.980e+6,2.350,0.035,1.458,0.001
20060,2,"  1.770","  0.381",8/12,/core/www/modules//sdig/index.php?run_id=110202&search_id=114132&scans_id=110198&peptide_id=11454&scanf=20060&charge=2&value=8/12,sp|P46781|RS9_HUMAN,/core/www/modules//consensus/?run_id=110202&search_id=114132&scans_id=110198&peptide_id=11454&scanf=20060&charge=2&value=sp|P46781|RS9_HUMAN,2,/core/www/modules/match_peptides/blast_html4.php?run_id=110202&search_id=114132&scans_id=110198&peptide_id=11454&scanf=20060&charge=2&value=2,K.IEDFLER.R,/core/www/modules/show_out/show_out_wrapper.php?run_id=110202&search_id=114132&scans_id=110198&peptide_id=11454&scanf=20060&charge=2&value=K.IEDFLER.R,RPS9,2.407e+8,3.035,0.003,2.460,0.000
20061,2,"  3.149","  0.548",11/20,/core/www/modules//sdig/index.php?run_id=110202&search_id=114132&scans_id=110198&peptide_id=11455&scanf=20061&charge=2&value=11/20,sp|Q9NVP1|DDX18_HUMAN,/core/www/modules//consensus/?run_id=110202&search_id=114132&scans_id=110198&peptide_id=11455&scanf=20061&charge=2&value=sp|Q9NVP1|DDX18_HUMAN,1,/core/www/modules/match_peptides/blast_html4.php?run_id=110202&search_id=114132&scans_id=110198&peptide_id=11455&scanf=20061&charge=2&value=1,R.QTMLFSATQTR.K,/core/www/modules/show_out/show_out_wrapper.php?run_id=110202&search_id=114132&scans_id=110198&peptide_id=11455&scanf=20061&charge=2&value=R.QTMLFSATQTR.K,DDX18,1.776e+7,3.351,0.001,2.928,0.000
20063,2,"  3.231","  0.610",13/22,/core/www/modules//sdig/index.php?run_id=110202&search_id=114132&scans_id=110198&peptide_id=11457&scanf=20063&charge=2&value=13/22,sp|P11177|ODPB_HUMAN,/core/www/modules//consensus/?run_id=110202&search_id=114132&scans_id=110198&peptide_id=11457&scanf=20063&charge=2&value=sp|P11177|ODPB_HUMAN,0,/core/www/modules/match_peptides/blast_html4.php?run_id=110202&search_id=114132&scans_id=110198&peptide_id=11457&scanf=20063&charge=2&value=0,R.VTGADVPMPYAK.I,/core/www/modules/show_out/show_out_wrapper.php?run_id=110202&search_id=114132&scans_id=110198&peptide_id=11457&scanf=20063&charge=2&value=R.VTGADVPMPYAK.I,PDHB,5.421e+6,3.531,0.001,3.194,0.000
20064,3,"  4.366","  0.569",14/56,/core/www/modules//sdig/index.php?run_id=110202&search_id=114132&scans_id=110198&peptide_id=11458&scanf=20064&charge=3&value=14/56,sp|Q14240|IF4A2_HUMAN,/core/www/modules//consensus/?run_id=110202&search_id=114132&scans_id=110198&peptide_id=11458&scanf=20064&charge=3&value=sp|Q14240|IF4A2_HUMAN,1,/core/www/modules/match_peptides/blast_html4.php?run_id=110202&search_id=114132&scans_id=110198&peptide_id=11458&scanf=20064&charge=3&value=1,K.LQAEAPHIVVGTPGR.V,/core/www/modules/show_out/show_out_wrapper.php?run_id=110202&search_id=114132&scans_id=110198&peptide_id=11458&scanf=20064&charge=3&value=K.LQAEAPHIVVGTPGR.V,EIF4A2,7.054e+7,3.365,0.001,2.948,0.000
20071,2,"  3.688","  0.587",16/26,/core/www/modules//sdig/index.php?run_id=110202&search_id=114132&scans_id=110198&peptide_id=11466&scanf=20071&charge=2&value=16/26,sp|P07900|HS90A_HUMAN,/core/www/modules//consensus/?run_id=110202&search_id=114132&scans_id=110198&peptide_id=11466&scanf=20071&charge=2&value=sp|P07900|HS90A_HUMAN,0,/core/www/modules/match_peptides/blast_html4.php?run_id=110202&search_id=114132&scans_id=110198&peptide_id=11466&scanf=20071&charge=2&value=0,R.YYTSASGDEMVSLK.D,/core/www/modules/show_out/show_out_wrapper.php?run_id=110202&search_id=114132&scans_id=110198&peptide_id=11466&scanf=20071&charge=2&value=R.YYTSASGDEMVSLK.D,HSP90AA1,9.195e+7,3.722,0.000,3.477,0.000
20072,3,"  2.801","  0.353",16/60,/core/www/modules//sdig/index.php?run_id=110202&search_id=114132&scans_id=110198&peptide_id=11467&scanf=20072&charge=3&value=16/60,sp|Q9H3K6|BOLA2_HUMAN,/core/www/modules//consensus/?run_id=110202&search_id=114132&scans_id=110198&peptide_id=11467&scanf=20072&charge=3&value=sp|Q9H3K6|BOLA2_HUMAN,4,/core/www/modules/match_peptides/blast_html4.php?run_id=110202&search_id=114132&scans_id=110198&peptide_id=11467&scanf=20072&charge=3&value=4,R.DLEAEHVEVEDTTLNR.C,/core/www/modules/show_out/show_out_wrapper.php?run_id=110202&search_id=114132&scans_id=110198&peptide_id=11467&scanf=20072&charge=3&value=R.DLEAEHVEVEDTTLNR.C,BOLA2B,4.283e+6,2.463,0.024,1.621,0.001
20073,2,"  4.773","  0.725",20/28,/core/www/modules//sdig/index.php?run_id=110202&search_id=114132&scans_id=110198&peptide_id=11468&scanf=20073&charge=2&value=20/28,sp|Q92979|NEP1_HUMAN,/core/www/modules//consensus/?run_id=110202&search_id=114132&scans_id=110198&peptide_id=11468&scanf=20073&charge=2&value=sp|Q92979|NEP1_HUMAN,2,/core/www/modules/match_peptides/blast_html4.php?run_id=110202&search_id=114132&scans_id=110198&peptide_id=11468&scanf=20073&charge=2&value=2,R.SGGEQAQDWDALPPK.R,/core/www/modules/show_out/show_out_wrapper.php?run_id=110202&search_id=114132&scans_id=110198&peptide_id=11468&scanf=20073&charge=2&value=R.SGGEQAQDWDALPPK.R,EMG1,3.155e+6,4.088,0.000,4.020,0.000
20074,3,"  3.407","  0.526",20/92,/core/www/modules//sdig/index.php?run_id=110202&search_id=114132&scans_id=110198&peptide_id=11469&scanf=20074&charge=3&value=20/92,sp|P07199|CENPB_HUMAN,/core/www/modules//consensus/?run_id=110202&search_id=114132&scans_id=110198&peptide_id=11469&scanf=20074&charge=3&value=sp|P07199|CENPB_HUMAN,0,/core/www/modules/match_peptides/blast_html4.php?run_id=110202&search_id=114132&scans_id=110198&peptide_id=11469&scanf=20074&charge=3&value=0,R.TPAAPASPAAVPSEGSGGSTTGWR.A,/core/www/modules/show_out/show_out_wrapper.php?run_id=110202&search_id=114132&scans_id=110198&peptide_id=11469&scanf=20074&charge=3&value=R.TPAAPASPAAVPSEGSGGSTTGWR.A,CENPB,2.876e+6,2.776,0.008,2.077,0.000
20083,3,"  1.821","  0.131",11/36,/core/www/modules//sdig/index.php?run_id=110202&search_id=114132&scans_id=110198&peptide_id=11478&scanf=20083&charge=3&value=11/36,sp|O95793|STAU1_HUMAN,/core/www/modules//consensus/?run_id=110202&search_id=114132&scans_id=110198&peptide_id=11478&scanf=20083&charge=3&value=sp|O95793|STAU1_HUMAN,2,/core/www/modules/match_peptides/blast_html4.php?run_id=110202&search_id=114132&scans_id=110198&peptide_id=11478&scanf=20083&charge=3&value=2,K.KLPPLPAVER.V,/core/www/modules/show_out/show_out_wrapper.php?run_id=110202&search_id=114132&scans_id=110198&peptide_id=11478&scanf=20083&charge=3&value=K.KLPPLPAVER.V,STAU1,1.003e+7,1.836,0.173,0.763,0.009
20085,3,"  2.915","  0.486",12/52,/core/www/modules//sdig/index.php?run_id=110202&search_id=114132&scans_id=110198&peptide_id=11480&scanf=20085&charge=3&value=12/52,sp|Q9H7Z3|NRDE2_HUMAN,/core/www/modules//consensus/?run_id=110202&search_id=114132&scans_id=110198&peptide_id=11480&scanf=20085&charge=3&value=sp|Q9H7Z3|NRDE2_HUMAN,0,/core/www/modules/match_peptides/blast_html4.php?run_id=110202&search_id=114132&scans_id=110198&peptide_id=11480&scanf=20085&charge=3&value=0,R.EIHATIPETGLMHR.I,/core/www/modules/show_out/show_out_wrapper.php?run_id=110202&search_id=114132&scans_id=110198&peptide_id=11480&scanf=20085&charge=3&value=R.EIHATIPETGLMHR.I,NRDE2,3.903e+6,3.017,0.004,2.434,0.000
20088,3,"  3.066","  0.507",17/84,/core/www/modules//sdig/index.php?run_id=110202&search_id=114132&scans_id=110198&peptide_id=11483&scanf=20088&charge=3&value=17/84,sp|Q16643|DREB_HUMAN,/core/www/modules//consensus/?run_id=110202&search_id=114132&scans_id=110198&peptide_id=11483&scanf=20088&charge=3&value=sp|Q16643|DREB_HUMAN,1,/core/www/modules/match_peptides/blast_html4.php?run_id=110202&search_id=114132&scans_id=110198&peptide_id=11483&scanf=20088&charge=3&value=1,R.AAAPQAWAGPM*EEPPQAQAPPR.G,/core/www/modules/show_out/show_out_wrapper.php?run_id=110202&search_id=114132&scans_id=110198&peptide_id=11483&scanf=20088&charge=3&value=R.AAAPQAWAGPM*EEPPQAQAPPR.G,DBN1,5.340e+6,2.872,0.006,2.219,0.000
20091,2,"  2.978","  0.623",16/36,/core/www/modules//sdig/index.php?run_id=110202&search_id=114132&scans_id=110198&peptide_id=11486&scanf=20091&charge=2&value=16/36,sp|P07814|SYEP_HUMAN,/core/www/modules//consensus/?run_id=110202&search_id=114132&scans_id=110198&peptide_id=11486&scanf=20091&charge=2&value=sp|P07814|SYEP_HUMAN,1,/core/www/modules/match_peptides/blast_html4.php?run_id=110202&search_id=114132&scans_id=110198&peptide_id=11486&scanf=20091&charge=2&value=1,K.EYIPGQPPLSQSSDSSPTR.N,/core/www/modules/show_out/show_out_wrapper.php?run_id=110202&search_id=114132&scans_id=110198&peptide_id=11486&scanf=20091&charge=2&value=K.EYIPGQPPLSQSSDSSPTR.N,EPRS1,2.249e+6,3.119,0.003,2.584,0.000
20099,3,"  1.560","  0.312",11/84,/core/www/modules//sdig/index.php?run_id=110202&search_id=114132&scans_id=110198&peptide_id=11494&scanf=20099&charge=3&value=11/84,sp|Q16643|DREB_HUMAN,/core/www/modules//consensus/?run_id=110202&search_id=114132&scans_id=110198&peptide_id=11494&scanf=20099&charge=3&value=sp|Q16643|DREB_HUMAN,1,/core/www/modules/match_peptides/blast_html4.php?run_id=110202&search_id=114132&scans_id=110198&peptide_id=11494&scanf=20099&charge=3&value=1,R.AAAPQAWAGPM*EEPPQAQAPPR.G,/core/www/modules/show_out/show_out_wrapper.php?run_id=110202&search_id=114132&scans_id=110198&peptide_id=11494&scanf=20099&charge=3&value=R.AAAPQAWAGPM*EEPPQAQAPPR.G,DBN1,5.340e+6,2.047,0.092,1.035,0.004
20100,2,"  4.347","  0.635",14/22,/core/www/modules//sdig/index.php?run_id=110202&search_id=114132&scans_id=110198&peptide_id=11496&scanf=20100&charge=2&value=14/22,sp|Q15029|U5S1_HUMAN,/core/www/modules//consensus/?run_id=110202&search_id=114132&scans_id=110198&peptide_id=11496&scanf=20100&charge=2&value=sp|Q15029|U5S1_HUMAN,0,/core/www/modules/match_peptides/blast_html4.php?run_id=110202&search_id=114132&scans_id=110198&peptide_id=11496&scanf=20100&charge=2&value=0,R.GNEEAQIFRPLK.F,/core/www/modules/show_out/show_out_wrapper.php?run_id=110202&search_id=114132&scans_id=110198&peptide_id=11496&scanf=20100&charge=2&value=R.GNEEAQIFRPLK.F,EFTUD2,1.437e+7,3.864,0.000,3.688,0.000
20104,2,"  2.716","  0.378",11/22,/core/www/modules//sdig/index.php?run_id=110202&search_id=114132&scans_id=110198&peptide_id=11499&scanf=20104&charge=2&value=11/22,sp|P29692|EF1D_HUMAN,/core/www/modules//consensus/?run_id=110202&search_id=114132&scans_id=110198&peptide_id=11499&scanf=20104&charge=2&value=sp|P29692|EF1D_HUMAN,12,/core/www/modules/match_peptides/blast_html4.php?run_id=110202&search_id=114132&scans_id=110198&peptide_id=11499&scanf=20104&charge=2&value=12,R.IASLEVENQSLR.G,/core/www/modules/show_out/show_out_wrapper.php?run_id=110202&search_id=114132&scans_id=110198&peptide_id=11499&scanf=20104&charge=2&value=R.IASLEVENQSLR.G,EEF1D,2.129e+7,2.654,0.013,1.899,0.000
20106,2,"  2.499","  0.449",10/18,/core/www/modules//sdig/index.php?run_id=110202&search_id=114132&scans_id=110198&peptide_id=11501&scanf=20106&charge=2&value=10/18,sp|O43390|HNRPR_HUMAN,/core/www/modules//consensus/?run_id=110202&search_id=114132&scans_id=110198&peptide_id=11501&scanf=20106&charge=2&value=sp|O43390|HNRPR_HUMAN,1,/core/www/modules/match_peptides/blast_html4.php?run_id=110202&search_id=114132&scans_id=110198&peptide_id=11501&scanf=20106&charge=2&value=1,K.TLIEAGLPQK.V,/core/www/modules/show_out/show_out_wrapper.php?run_id=110202&search_id=114132&scans_id=110198&peptide_id=11501&scanf=20106&charge=2&value=K.TLIEAGLPQK.V,HNRNPR,9.079e+7,3.066,0.003,2.505,0.000
20108,2,"  1.756","  0.349",10/20,/core/www/modules//sdig/index.php?run_id=110202&search_id=114132&scans_id=110198&peptide_id=11503&scanf=20108&charge=2&value=10/20,sp|P11177|ODPB_HUMAN,/core/www/modules//consensus/?run_id=110202&search_id=114132&scans_id=110198&peptide_id=11503&scanf=20108&charge=2&value=sp|P11177|ODPB_HUMAN,0,/core/www/modules/match_peptides/blast_html4.php?run_id=110202&search_id=114132&scans_id=110198&peptide_id=11503&scanf=20108&charge=2&value=0,K.ILEDNSIPQVK.D,/core/www/modules/show_out/show_out_wrapper.php?run_id=110202&search_id=114132&scans_id=110198&peptide_id=11503&scanf=20108&charge=2&value=K.ILEDNSIPQVK.D,PDHB,1.299e+7,2.541,0.018,1.734,0.000
20109,3,"  2.523","  0.330",7/64,/core/www/modules//sdig/index.php?run_id=110202&search_id=114132&scans_id=110198&peptide_id=11504&scanf=20109&charge=3&value=7/64,sp|P29317|EPHA2_HUMAN,/core/www/modules//consensus/?run_id=110202&search_id=114132&scans_id=110198&peptide_id=11504&scanf=20109&charge=3&value=sp|P29317|EPHA2_HUMAN,0,/core/www/modules/match_peptides/blast_html4.php?run_id=110202&search_id=114132&scans_id=110198&peptide_id=11504&scanf=20109&charge=3&value=0,K.TYVDPHTYEDPNQAVLK.F,/core/www/modules/show_out/show_out_wrapper.php?run_id=110202&search_id=114132&scans_id=110198&peptide_id=11504&scanf=20109&charge=3&value=K.TYVDPHTYEDPNQAVLK.F,EPHA2,4.017e+6,2.033,0.096,1.017,0.005
20110,2,"  1.972","  0.263",8/14,/core/www/modules//sdig/index.php?run_id=110202&search_id=114132&scans_id=110198&peptide_id=11506&scanf=20110&charge=2&value=8/14,sp|Q14683|SMC1A_HUMAN,/core/www/modules//consensus/?run_id=110202&search_id=114132&scans_id=110198&peptide_id=11506&scanf=20110&charge=2&value=sp|Q14683|SMC1A_HUMAN,1,/core/www/modules/match_peptides/blast_html4.php?run_id=110202&search_id=114132&scans_id=110198&peptide_id=11506&scanf=20110&charge=2&value=1,R.QIIGPFQR.F,/core/www/modules/show_out/show_out_wrapper.php?run_id=110202&search_id=114132&scans_id=110198&peptide_id=11506&scanf=20110&charge=2&value=R.QIIGPFQR.F,SMC1A,1.684e+7,2.542,0.018,1.735,0.000
20112,2,"  1.197","  0.216",7/16,/core/www/modules//sdig/index.php?run_id=110202&search_id=114132&scans_id=110198&peptide_id=11508&scanf=20112&charge=2&value=7/16,sp|Q13823|NOG2_HUMAN,/core/www/modules//consensus/?run_id=110202&search_id=114132&scans_id=110198&peptide_id=11508&scanf=20112&charge=2&value=sp|Q13823|NOG2_HUMAN,0,/core/www/modules/match_peptides/blast_html4.php?run_id=110202&search_id=114132&scans_id=110198&peptide_id=11508&scanf=20112&charge=2&value=0,K.LPMSLLHDR.I,/core/www/modules/show_out/show_out_wrapper.php?run_id=110202&search_id=114132&scans_id=110198&peptide_id=11508&scanf=20112&charge=2&value=K.LPMSLLHDR.I,GNL2,6.160e+6,2.020,0.100,0.999,0.005
20113,2,"  2.817","  0.182",14/18,/core/www/modules//sdig/index.php?run_id=110202&search_id=114132&scans_id=110198&peptide_id=11509&scanf=20113&charge=2&value=14/18,sp|Q02880|TOP2B_HUMAN,/core/www/modules//consensus/?run_id=110202&search_id=114132&scans_id=110198&peptide_id=11509&scanf=20113&charge=2&value=sp|Q02880|TOP2B_HUMAN,5,/core/www/modules/match_peptides/blast_html4.php?run_id=110202&search_id=114132&scans_id=110198&peptide_id=11509&scanf=20113&charge=2&value=5,K.KYETVQDILK.E,/core/www/modules/show_out/show_out_wrapper.php?run_id=110202&search_id=114132&scans_id=110198&peptide_id=11509&scanf=20113&charge=2&value=K.KYETVQDILK.E,TOP2B,8.601e+6,2.312,0.040,1.403,0.001
20114,3,"  3.455","  0.457",14/48,/core/www/modules//sdig/index.php?run_id=110202&search_id=114132&scans_id=110198&peptide_id=11510&scanf=20114&charge=3&value=14/48,sp|P41252|SYIC_HUMAN,/core/www/modules//consensus/?run_id=110202&search_id=114132&scans_id=110198&peptide_id=11510&scanf=20114&charge=3&value=sp|P41252|SYIC_HUMAN,7,/core/www/modules/match_peptides/blast_html4.php?run_id=110202&search_id=114132&scans_id=110198&peptide_id=11510&scanf=20114&charge=3&value=7,K.EIVVIHQDPEALK.D,/core/www/modules/show_out/show_out_wrapper.php?run_id=110202&search_id=114132&scans_id=110198&peptide_id=11510&scanf=20114&charge=3&value=K.EIVVIHQDPEALK.D,IARS1,5.662e+7,3.168,0.002,2.657,0.000
20117,2,"  2.416","  0.297",8/18,/core/www/modules//sdig/index.php?run_id=110202&search_id=114132&scans_id=110198&peptide_id=11513&scanf=20117&charge=2&value=8/18,sp|O95865|DDAH2_HUMAN,/core/www/modules//consensus/?run_id=110202&search_id=114132&scans_id=110198&peptide_id=11513&scanf=20117&charge=2&value=sp|O95865|DDAH2_HUMAN,4,/core/www/modules/match_peptides/blast_html4.php?run_id=110202&search_id=114132&scans_id=110198&peptide_id=11513&scanf=20117&charge=2&value=4,R.GAEIVADTFR.D,/core/www/modules/show_out/show_out_wrapper.php?run_id=110202&search_id=114132&scans_id=110198&peptide_id=11513&scanf=20117&charge=2&value=R.GAEIVADTFR.D,DDAH2,3.922e+6,2.255,0.048,1.322,0.002
20120,2,"  3.055","  0.484",11/26,/core/www/modules//sdig/index.php?run_id=110202&search_id=114132&scans_id=110198&peptide_id=11517&scanf=20120&charge=2&value=11/26,sp|Q92925|SMRD2_HUMAN,/core/www/modules//consensus/?run_id=110202&search_id=114132&scans_id=110198&peptide_id=11517&scanf=20120&charge=2&value=sp|Q92925|SMRD2_HUMAN,4,/core/www/modules/match_peptides/blast_html4.php?run_id=110202&search_id=114132&scans_id=110198&peptide_id=11517&scanf=20120&charge=2&value=4,K.IITDVIGNPEEERR.A,/core/www/modules/show_out/show_out_wrapper.php?run_id=110202&search_id=114132&scans_id=110198&peptide_id=11517&scanf=20120&charge=2&value=K.IITDVIGNPEEERR.A,SMARCD2,3.130e+6,2.585,0.016,1.798,0.000
20121,4,"  2.906","  0.177",8/90,/core/www/modules//sdig/index.php?run_id=110202&search_id=114132&scans_id=110198&peptide_id=11518&scanf=20121&charge=4&value=8/90,sp|Q7Z2T5|TRM1L_HUMAN,/core/www/modules//consensus/?run_id=110202&search_id=114132&scans_id=110198&peptide_id=11518&scanf=20121&charge=4&value=sp|Q7Z2T5|TRM1L_HUMAN,0,/core/www/modules/match_peptides/blast_html4.php?run_id=110202&search_id=114132&scans_id=110198&peptide_id=11518&scanf=20121&charge=4&value=0,K.TDVSTEHPPFYYNIHR.H,/core/www/modules/show_out/show_out_wrapper.php?run_id=110202&search_id=114132&scans_id=110198&peptide_id=11518&scanf=20121&charge=4&value=K.TDVSTEHPPFYYNIHR.H,TRMT1L,4.446e+6,2.196,0.058,1.240,0.002
20127,2,"  1.720","  0.333",8/14,/core/www/modules//sdig/index.php?run_id=110202&search_id=114132&scans_id=110198&peptide_id=11523&scanf=20127&charge=2&value=8/14,sp|Q8IWX8|CHERP_HUMAN,/core/www/modules//consensus/?run_id=110202&search_id=114132&scans_id=110198&peptide_id=11523&scanf=20127&charge=2&value=sp|Q8IWX8|CHERP_HUMAN,1,/core/www/modules/match_peptides/blast_html4.php?run_id=110202&search_id=114132&scans_id=110198&peptide_id=11523&scanf=20127&charge=2&value=1,K.NWMFSNAK.S,/core/www/modules/show_out/show_out_wrapper.php?run_id=110202&search_id=114132&scans_id=110198&peptide_id=11523&scanf=20127&charge=2&value=K.NWMFSNAK.S,CHERP,1.310e+7,2.604,0.015,1.825,0.000
20128,2,"  2.179","  0.222",9/12,/core/www/modules//sdig/index.php?run_id=110202&search_id=114132&scans_id=110198&peptide_id=11524&scanf=20128&charge=2&value=9/12,sp|Q9UK61|TASOR_HUMAN,/core/www/modules//consensus/?run_id=110202&search_id=114132&scans_id=110198&peptide_id=11524&scanf=20128&charge=2&value=sp|Q9UK61|TASOR_HUMAN,1,/core/www/modules/match_peptides/blast_html4.php?run_id=110202&search_id=114132&scans_id=110198&peptide_id=11524&scanf=20128&charge=2&value=1,K.LNTIIIK.A,/core/www/modules/show_out/show_out_wrapper.php?run_id=110202&search_id=114132&scans_id=110198&peptide_id=11524&scanf=20128&charge=2&value=K.LNTIIIK.A,TASOR,6.144e+6,2.684,0.011,1.943,0.000
20129,2,"  2.318","  0.193",8/14,/core/www/modules//sdig/index.php?run_id=110202&search_id=114132&scans_id=110198&peptide_id=11525&scanf=20129&charge=2&value=8/14,sp|P30876|RPB2_HUMAN,/core/www/modules//consensus/?run_id=110202&search_id=114132&scans_id=110198&peptide_id=11525&scanf=20129&charge=2&value=sp|P30876|RPB2_HUMAN,2,/core/www/modules/match_peptides/blast_html4.php?run_id=110202&search_id=114132&scans_id=110198&peptide_id=11525&scanf=20129&charge=2&value=2,R.GPIQILNR.Q,/core/www/modules/show_out/show_out_wrapper.php?run_id=110202&search_id=114132&scans_id=110198&peptide_id=11525&scanf=20129&charge=2&value=R.GPIQILNR.Q,POLR2B,1.143e+7,2.284,0.043,1.364,0.001
20133,2,"  3.758","  0.649",13/22,/core/www/modules//sdig/index.php?run_id=110202&search_id=114132&scans_id=110198&peptide_id=11530&scanf=20133&charge=2&value=13/22,sp|P35250|RFC2_HUMAN,/core/www/modules//consensus/?run_id=110202&search_id=114132&scans_id=110198&peptide_id=11530&scanf=20133&charge=2&value=sp|P35250|RFC2_HUMAN,0,/core/www/modules/match_peptides/blast_html4.php?run_id=110202&search_id=114132&scans_id=110198&peptide_id=11530&scanf=20133&charge=2&value=0,K.DAMLELNASNDR.G,/core/www/modules/show_out/show_out_wrapper.php?run_id=110202&search_id=114132&scans_id=110198&peptide_id=11530&scanf=20133&charge=2&value=K.DAMLELNASNDR.G,RFC2,9.738e+6,3.762,0.000,3.537,0.000
20134,3,"  2.774","  0.331",10/52,/core/www/modules//sdig/index.php?run_id=110202&search_id=114132&scans_id=110198&peptide_id=11531&scanf=20134&charge=3&value=10/52,sp|O75369|FLNB_HUMAN,/core/www/modules//consensus/?run_id=110202&search_id=114132&scans_id=110198&peptide_id=11531&scanf=20134&charge=3&value=sp|O75369|FLNB_HUMAN,4,/core/www/modules/match_peptides/blast_html4.php?run_id=110202&search_id=114132&scans_id=110198&peptide_id=11531&scanf=20134&charge=3&value=4,R.FVPQEMGVHTVSVK.Y,/core/www/modules/show_out/show_out_wrapper.php?run_id=110202&search_id=114132&scans_id=110198&peptide_id=11531&scanf=20134&charge=3&value=R.FVPQEMGVHTVSVK.Y,FLNB,1.712e+7,2.570,0.017,1.776,0.000
20136,4,"  3.434","  0.300",11/90,/core/www/modules//sdig/index.php?run_id=110202&search_id=114132&scans_id=110198&peptide_id=11533&scanf=20136&charge=4&value=11/90,sp|Q7Z2T5|TRM1L_HUMAN,/core/www/modules//consensus/?run_id=110202&search_id=114132&scans_id=110198&peptide_id=11533&scanf=20136&charge=4&value=sp|Q7Z2T5|TRM1L_HUMAN,0,/core/www/modules/match_peptides/blast_html4.php?run_id=110202&search_id=114132&scans_id=110198&peptide_id=11533&scanf=20136&charge=4&value=0,K.TDVSTEHPPFYYNIHR.H,/core/www/modules/show_out/show_out_wrapper.php?run_id=110202&search_id=114132&scans_id=110198&peptide_id=11533&scanf=20136&charge=4&value=K.TDVSTEHPPFYYNIHR.H,TRMT1L,4.446e+6,2.626,0.014,1.857,0.000
20137,2,"  1.714","  0.063",8/12,/core/www/modules//sdig/index.php?run_id=110202&search_id=114132&scans_id=110198&peptide_id=11534&scanf=20137&charge=2&value=8/12,sp|P07199|CENPB_HUMAN,/core/www/modules//consensus/?run_id=110202&search_id=114132&scans_id=110198&peptide_id=11534&scanf=20137&charge=2&value=sp|P07199|CENPB_HUMAN,0,/core/www/modules/match_peptides/blast_html4.php?run_id=110202&search_id=114132&scans_id=110198&peptide_id=11534&scanf=20137&charge=2&value=0,R.VLLLAGR.L,/core/www/modules/show_out/show_out_wrapper.php?run_id=110202&search_id=114132&scans_id=110198&peptide_id=11534&scanf=20137&charge=2&value=R.VLLLAGR.L,CENPB,1.085e+7,1.975,0.115,0.939,0.005
20141,2,"  2.328","  0.244",9/16,/core/www/modules//sdig/index.php?run_id=110202&search_id=114132&scans_id=110198&peptide_id=11539&scanf=20141&charge=2&value=9/16,sp|Q99986|VRK1_HUMAN,/core/www/modules//consensus/?run_id=110202&search_id=114132&scans_id=110198&peptide_id=11539&scanf=20141&charge=2&value=sp|Q99986|VRK1_HUMAN,25,/core/www/modules/match_peptides/blast_html4.php?run_id=110202&search_id=114132&scans_id=110198&peptide_id=11539&scanf=20141&charge=2&value=25,R.ENIASLMDK.C,/core/www/modules/show_out/show_out_wrapper.php?run_id=110202&search_id=114132&scans_id=110198&peptide_id=11539&scanf=20141&charge=2&value=R.ENIASLMDK.C,VRK1,9.395e+6,2.361,0.034,1.474,0.001
20144,2,"  1.674","  0.403",9/12,/core/www/modules//sdig/index.php?run_id=110202&search_id=114132&scans_id=110198&peptide_id=11541&scanf=20144&charge=2&value=9/12,sp|O00148|DX39A_HUMAN,/core/www/modules//consensus/?run_id=110202&search_id=114132&scans_id=110198&peptide_id=11541&scanf=20144&charge=2&value=sp|O00148|DX39A_HUMAN,16,/core/www/modules/match_peptides/blast_html4.php?run_id=110202&search_id=114132&scans_id=110198&peptide_id=11541&scanf=20144&charge=2&value=16,R.DVQEIFR.L,/core/www/modules/show_out/show_out_wrapper.php?run_id=110202&search_id=114132&scans_id=110198&peptide_id=11541&scanf=20144&charge=2&value=R.DVQEIFR.L,DDX39A,3.621e+8,3.306,0.001,2.861,0.000
20145,2,"  2.609","  0.481",13/24,/core/www/modules//sdig/index.php?run_id=110202&search_id=114132&scans_id=110198&peptide_id=11542&scanf=20145&charge=2&value=13/24,sp|P25205|MCM3_HUMAN,/core/www/modules//consensus/?run_id=110202&search_id=114132&scans_id=110198&peptide_id=11542&scanf=20145&charge=2&value=sp|P25205|MCM3_HUMAN,2,/core/www/modules/match_peptides/blast_html4.php?run_id=110202&search_id=114132&scans_id=110198&peptide_id=11542&scanf=20145&charge=2&value=2,K.DAQPSFSAEDIAK.I,/core/www/modules/show_out/show_out_wrapper.php?run_id=110202&search_id=114132&scans_id=110198&peptide_id=11542&scanf=20145&charge=2&value=K.DAQPSFSAEDIAK.I,MCM3,1.389e+7,3.038,0.003,2.465,0.000
20149,3,"  1.907","  0.333",10/48,/core/www/modules//sdig/index.php?run_id=110202&search_id=114132&scans_id=110198&peptide_id=11546&scanf=20149&charge=3&value=10/48,sp|P50395|GDIB_HUMAN,/core/www/modules//consensus/?run_id=110202&search_id=114132&scans_id=110198&peptide_id=11546&scanf=20149&charge=3&value=sp|P50395|GDIB_HUMAN,5,/core/www/modules/match_peptides/blast_html4.php?run_id=110202&search_id=114132&scans_id=110198&peptide_id=11546&scanf=20149&charge=3&value=5,R.FKIPGSPPESMGR.G,/core/www/modules/show_out/show_out_wrapper.php?run_id=110202&search_id=114132&scans_id=110198&peptide_id=11546&scanf=20149&charge=3&value=R.FKIPGSPPESMGR.G,GDI2,7.658e+6,1.859,0.162,0.791,0.008
20153,2,"  1.670","  0.277",9/24,/core/www/modules//sdig/index.php?run_id=110202&search_id=114132&scans_id=110198&peptide_id=11551&scanf=20153&charge=2&value=9/24,sp|Q02790|FKBP4_HUMAN,/core/www/modules//consensus/?run_id=110202&search_id=114132&scans_id=110198&peptide_id=11551&scanf=20153&charge=2&value=sp|Q02790|FKBP4_HUMAN,0,/core/www/modules/match_peptides/blast_html4.php?run_id=110202&search_id=114132&scans_id=110198&peptide_id=11551&scanf=20153&charge=2&value=0,R.EGTGTEMPMIGDR.V,/core/www/modules/show_out/show_out_wrapper.php?run_id=110202&search_id=114132&scans_id=110198&peptide_id=11551&scanf=20153&charge=2&value=R.EGTGTEMPMIGDR.V,FKBP4,5.461e+6,2.014,0.102,0.991,0.005
20154,2,"  1.547","  0.145",7/12,/core/www/modules//sdig/index.php?run_id=110202&search_id=114132&scans_id=110198&peptide_id=11552&scanf=20154&charge=2&value=7/12,sp|Q14204|DYHC1_HUMAN,/core/www/modules//consensus/?run_id=110202&search_id=114132&scans_id=110198&peptide_id=11552&scanf=20154&charge=2&value=sp|Q14204|DYHC1_HUMAN,10,/core/www/modules/match_peptides/blast_html4.php?run_id=110202&search_id=114132&scans_id=110198&peptide_id=11552&scanf=20154&charge=2&value=10,K.VPVNLLR.A,/core/www/modules/show_out/show_out_wrapper.php?run_id=110202&search_id=114132&scans_id=110198&peptide_id=11552&scanf=20154&charge=2&value=K.VPVNLLR.A,DYNC1H1,2.220e+7,2.411,0.028,1.545,0.001
20158,3,"  2.886","  0.471",12/48,/core/www/modules//sdig/index.php?run_id=110202&search_id=114132&scans_id=110198&peptide_id=11556&scanf=20158&charge=3&value=12/48,sp|Q9NVH2|INT7_HUMAN,/core/www/modules//consensus/?run_id=110202&search_id=114132&scans_id=110198&peptide_id=11556&scanf=20158&charge=3&value=sp|Q9NVH2|INT7_HUMAN,0,/core/www/modules/match_peptides/blast_html4.php?run_id=110202&search_id=114132&scans_id=110198&peptide_id=11556&scanf=20158&charge=3&value=0,R.IFSVIHSNDPVAR.A,/core/www/modules/show_out/show_out_wrapper.php?run_id=110202&search_id=114132&scans_id=110198&peptide_id=11556&scanf=20158&charge=3&value=R.IFSVIHSNDPVAR.A,INTS7,7.065e+6,3.010,0.004,2.423,0.000
20160,2,"  1.043","  0.183",5/20,/core/www/modules//sdig/index.php?run_id=110202&search_id=114132&scans_id=110198&peptide_id=11559&scanf=20160&charge=2&value=5/20,sp|P60709|ACTB_HUMAN,/core/www/modules//consensus/?run_id=110202&search_id=114132&scans_id=110198&peptide_id=11559&scanf=20160&charge=2&value=sp|P60709|ACTB_HUMAN,12,/core/www/modules/match_peptides/blast_html4.php?run_id=110202&search_id=114132&scans_id=110198&peptide_id=11559&scanf=20160&charge=2&value=12,K.EITALAPSTM*K.I,/core/www/modules/show_out/show_out_wrapper.php?run_id=110202&search_id=114132&scans_id=110198&peptide_id=11559&scanf=20160&charge=2&value=K.EITALAPSTM*K.I,ACTB,2.078e+7,1.823,0.179,0.746,0.010
20166,2,"  2.938","  0.547",12/24,/core/www/modules//sdig/index.php?run_id=110202&search_id=114132&scans_id=110198&peptide_id=11564&scanf=20166&charge=2&value=12/24,sp|Q14315|FLNC_HUMAN,/core/www/modules//consensus/?run_id=110202&search_id=114132&scans_id=110198&peptide_id=11564&scanf=20166&charge=2&value=sp|Q14315|FLNC_HUMAN,0,/core/www/modules/match_peptides/blast_html4.php?run_id=110202&search_id=114132&scans_id=110198&peptide_id=11564&scanf=20166&charge=2&value=0,R.AWGPGLETGQVGK.S,/core/www/modules/show_out/show_out_wrapper.php?run_id=110202&search_id=114132&scans_id=110198&peptide_id=11564&scanf=20166&charge=2&value=R.AWGPGLETGQVGK.S,FLNC,1.672e+7,3.261,0.002,2.794,0.000
20168,2,"  5.756","  0.788",21/40,/core/www/modules//sdig/index.php?run_id=110202&search_id=114132&scans_id=110198&peptide_id=11566&scanf=20168&charge=2&value=21/40,sp|P11021|BIP_HUMAN,/core/www/modules//consensus/?run_id=110202&search_id=114132&scans_id=110198&peptide_id=11566&scanf=20168&charge=2&value=sp|P11021|BIP_HUMAN,2,/core/www/modules/match_peptides/blast_html4.php?run_id=110202&search_id=114132&scans_id=110198&peptide_id=11566&scanf=20168&charge=2&value=2,K.LYGSAGPPPTGEEDTAEKDEL.-,/core/www/modules/show_out/show_out_wrapper.php?run_id=110202&search_id=114132&scans_id=110198&peptide_id=11566&scanf=20168&charge=2&value=K.LYGSAGPPPTGEEDTAEKDEL.-,HSPA5,4.429e+6,3.684,0.000,3.421,0.000
20169,3,"  2.050","  0.271",10/40,/core/www/modules//sdig/index.php?run_id=110202&search_id=114132&scans_id=110198&peptide_id=11567&scanf=20169&charge=3&value=10/40,sp|Q9NR30|DDX21_HUMAN,/core/www/modules//consensus/?run_id=110202&search_id=114132&scans_id=110198&peptide_id=11567&scanf=20169&charge=3&value=sp|Q9NR30|DDX21_HUMAN,4,/core/www/modules/match_peptides/blast_html4.php?run_id=110202&search_id=114132&scans_id=110198&peptide_id=11567&scanf=20169&charge=3&value=4,K.TAITVEHLAIK.C,/core/www/modules/show_out/show_out_wrapper.php?run_id=110202&search_id=114132&scans_id=110198&peptide_id=11567&scanf=20169&charge=3&value=K.TAITVEHLAIK.C,DDX21,2.524e+8,2.544,0.018,1.738,0.000
20171,2,"  3.136","  0.285",14/22,/core/www/modules//sdig/index.php?run_id=110202&search_id=114132&scans_id=110198&peptide_id=11570&scanf=20171&charge=2&value=14/22,sp|P78527|PRKDC_HUMAN,/core/www/modules//consensus/?run_id=110202&search_id=114132&scans_id=110198&peptide_id=11570&scanf=20171&charge=2&value=sp|P78527|PRKDC_HUMAN,1,/core/www/modules/match_peptides/blast_html4.php?run_id=110202&search_id=114132&scans_id=110198&peptide_id=11570&scanf=20171&charge=2&value=1,R.NELEIPGQYDGR.G,/core/www/modules/show_out/show_out_wrapper.php?run_id=110202&search_id=114132&scans_id=110198&peptide_id=11570&scanf=20171&charge=2&value=R.NELEIPGQYDGR.G,PRKDC,1.261e+8,3.394,0.001,2.991,0.000
20173,3,"  3.286","  0.395",12/56,/core/www/modules//sdig/index.php?run_id=110202&search_id=114132&scans_id=110198&peptide_id=11572&scanf=20173&charge=3&value=12/56,sp|P53621|COPA_HUMAN,/core/www/modules//consensus/?run_id=110202&search_id=114132&scans_id=110198&peptide_id=11572&scanf=20173&charge=3&value=sp|P53621|COPA_HUMAN,4,/core/www/modules/match_peptides/blast_html4.php?run_id=110202&search_id=114132&scans_id=110198&peptide_id=11572&scanf=20173&charge=3&value=4,R.LLELGPKPEVAQQTR.K,/core/www/modules/show_out/show_out_wrapper.php?run_id=110202&search_id=114132&scans_id=110198&peptide_id=11572&scanf=20173&charge=3&value=R.LLELGPKPEVAQQTR.K,COPA,6.873e+7,2.806,0.008,2.122,0.000
20176,2,"  2.587","  0.536",12/22,/core/www/modules//sdig/index.php?run_id=110202&search_id=114132&scans_id=110198&peptide_id=11575&scanf=20176&charge=2&value=12/22,sp|Q6L8Q7|PDE12_HUMAN,/core/www/modules//consensus/?run_id=110202&search_id=114132&scans_id=110198&peptide_id=11575&scanf=20176&charge=2&value=sp|Q6L8Q7|PDE12_HUMAN,1,/core/www/modules/match_peptides/blast_html4.php?run_id=110202&search_id=114132&scans_id=110198&peptide_id=11575&scanf=20176&charge=2&value=1,R.VYTPSNADIGLR.L,/core/www/modules/show_out/show_out_wrapper.php?run_id=110202&search_id=114132&scans_id=110198&peptide_id=11575&scanf=20176&charge=2&value=R.VYTPSNADIGLR.L,PDE12,5.094e+6,3.209,0.002,2.718,0.000
20177,2,"  2.851","  0.425",10/20,/core/www/modules//sdig/index.php?run_id=110202&search_id=114132&scans_id=110198&peptide_id=11576&scanf=20177&charge=2&value=10/20,sp|P52272|HNRPM_HUMAN,/core/www/modules//consensus/?run_id=110202&search_id=114132&scans_id=110198&peptide_id=11576&scanf=20177&charge=2&value=sp|P52272|HNRPM_HUMAN,3,/core/www/modules/match_peptides/blast_html4.php?run_id=110202&search_id=114132&scans_id=110198&peptide_id=11576&scanf=20177&charge=2&value=3,R.M*GAGMGFGLER.M,/core/www/modules/show_out/show_out_wrapper.php?run_id=110202&search_id=114132&scans_id=110198&peptide_id=11576&scanf=20177&charge=2&value=R.M*GAGMGFGLER.M,HNRNPM,4.497e+6,3.109,0.003,2.569,0.000
20181,2,"  1.836","  0.411",8/12,/core/www/modules//sdig/index.php?run_id=110202&search_id=114132&scans_id=110198&peptide_id=11581&scanf=20181&charge=2&value=8/12,sp|Q96MU7|YTDC1_HUMAN,/core/www/modules//consensus/?run_id=110202&search_id=114132&scans_id=110198&peptide_id=11581&scanf=20181&charge=2&value=sp|Q96MU7|YTDC1_HUMAN,1,/core/www/modules/match_peptides/blast_html4.php?run_id=110202&search_id=114132&scans_id=110198&peptide_id=11581&scanf=20181&charge=2&value=1,K.MLGGVFK.I,/core/www/modules/show_out/show_out_wrapper.php?run_id=110202&search_id=114132&scans_id=110198&peptide_id=11581&scanf=20181&charge=2&value=K.MLGGVFK.I,YTHDC1,4.122e+7,3.155,0.002,2.637,0.000
20184,2,"  2.213","  0.212",10/18,/core/www/modules//sdig/index.php?run_id=110202&search_id=114132&scans_id=110198&peptide_id=11584&scanf=20184&charge=2&value=10/18,sp|P61086|UBE2K_HUMAN,/core/www/modules//consensus/?run_id=110202&search_id=114132&scans_id=110198&peptide_id=11584&scanf=20184&charge=2&value=sp|P61086|UBE2K_HUMAN,0,/core/www/modules/match_peptides/blast_html4.php?run_id=110202&search_id=114132&scans_id=110198&peptide_id=11584&scanf=20184&charge=2&value=0,R.NAVIVALSSK.S,/core/www/modules/show_out/show_out_wrapper.php?run_id=110202&search_id=114132&scans_id=110198&peptide_id=11584&scanf=20184&charge=2&value=R.NAVIVALSSK.S,UBE2K,3.973e+6,2.196,0.058,1.240,0.002
20186,2,"  1.582","  0.122",7/12,/core/www/modules//sdig/index.php?run_id=110202&search_id=114132&scans_id=110198&peptide_id=11585&scanf=20186&charge=2&value=7/12,sp|P62280|RS11_HUMAN,/core/www/modules//consensus/?run_id=110202&search_id=114132&scans_id=110198&peptide_id=11585&scanf=20186&charge=2&value=sp|P62280|RS11_HUMAN,1,/core/www/modules/match_peptides/blast_html4.php?run_id=110202&search_id=114132&scans_id=110198&peptide_id=11585&scanf=20186&charge=2&value=1,K.NIGLGFK.T,/core/www/modules/show_out/show_out_wrapper.php?run_id=110202&search_id=114132&scans_id=110198&peptide_id=11585&scanf=20186&charge=2&value=K.NIGLGFK.T,RPS11,2.157e+8,2.030,0.097,1.012,0.005
20187,3,"  4.458","  0.575",17/60,/core/www/modules//sdig/index.php?run_id=110202&search_id=114132&scans_id=110198&peptide_id=11586&scanf=20187&charge=3&value=17/60,sp|O00487|PSDE_HUMAN,/core/www/modules//consensus/?run_id=110202&search_id=114132&scans_id=110198&peptide_id=11586&scanf=20187&charge=3&value=sp|O00487|PSDE_HUMAN,0,/core/www/modules/match_peptides/blast_html4.php?run_id=110202&search_id=114132&scans_id=110198&peptide_id=11586&scanf=20187&charge=3&value=0,K.AVEEEDKMTPEQLAIK.N,/core/www/modules/show_out/show_out_wrapper.php?run_id=110202&search_id=114132&scans_id=110198&peptide_id=11586&scanf=20187&charge=3&value=K.AVEEEDKMTPEQLAIK.N,PSMD14,1.356e+7,3.106,0.003,2.565,0.000
20188,2,"  1.710","  0.415",7/12,/core/www/modules//sdig/index.php?run_id=110202&search_id=114132&scans_id=110198&peptide_id=11587&scanf=20188&charge=2&value=7/12,sp|Q96MU7|YTDC1_HUMAN,/core/www/modules//consensus/?run_id=110202&search_id=114132&scans_id=110198&peptide_id=11587&scanf=20188&charge=2&value=sp|Q96MU7|YTDC1_HUMAN,1,/core/www/modules/match_peptides/blast_html4.php?run_id=110202&search_id=114132&scans_id=110198&peptide_id=11587&scanf=20188&charge=2&value=1,K.MLGGVFK.I,/core/www/modules/show_out/show_out_wrapper.php?run_id=110202&search_id=114132&scans_id=110198&peptide_id=11587&scanf=20188&charge=2&value=K.MLGGVFK.I,YTHDC1,4.122e+7,3.043,0.003,2.471,0.000
20189,3,"  2.881","  0.413",13/52,/core/www/modules//sdig/index.php?run_id=110202&search_id=114132&scans_id=110198&peptide_id=11588&scanf=20189&charge=3&value=13/52,sp|O15371|EIF3D_HUMAN,/core/www/modules//consensus/?run_id=110202&search_id=114132&scans_id=110198&peptide_id=11588&scanf=20189&charge=3&value=sp|O15371|EIF3D_HUMAN,2,/core/www/modules/match_peptides/blast_html4.php?run_id=110202&search_id=114132&scans_id=110198&peptide_id=11588&scanf=20189&charge=3&value=2,R.IFHTVTTTDDPVIR.K,/core/www/modules/show_out/show_out_wrapper.php?run_id=110202&search_id=114132&scans_id=110198&peptide_id=11588&scanf=20189&charge=3&value=R.IFHTVTTTDDPVIR.K,EIF3D,3.678e+7,2.762,0.009,2.057,0.000
20190,3,"  4.716","  0.582",16/48,/core/www/modules//sdig/index.php?run_id=110202&search_id=114132&scans_id=110198&peptide_id=11590&scanf=20190&charge=3&value=16/48,sp|Q8WX92|NELFB_HUMAN,/core/www/modules//consensus/?run_id=110202&search_id=114132&scans_id=110198&peptide_id=11590&scanf=20190&charge=3&value=sp|Q8WX92|NELFB_HUMAN,1,/core/www/modules/match_peptides/blast_html4.php?run_id=110202&search_id=114132&scans_id=110198&peptide_id=11590&scanf=20190&charge=3&value=1,R.HLQELVGQETLPR.D,/core/www/modules/show_out/show_out_wrapper.php?run_id=110202&search_id=114132&scans_id=110198&peptide_id=11590&scanf=20190&charge=3&value=R.HLQELVGQETLPR.D,NELFB,9.663e+6,3.623,0.000,3.331,0.000
20191,2,"  2.011","  0.396",9/14,/core/www/modules//sdig/index.php?run_id=110202&search_id=114132&scans_id=110198&peptide_id=11591&scanf=20191&charge=2&value=9/14,sp|O00148|DX39A_HUMAN,/core/www/modules//consensus/?run_id=110202&search_id=114132&scans_id=110198&peptide_id=11591&scanf=20191&charge=2&value=sp|O00148|DX39A_HUMAN,17,/core/www/modules/match_peptides/blast_html4.php?run_id=110202&search_id=114132&scans_id=110198&peptide_id=11591&scanf=20191&charge=2&value=17,K.MLEQLDMR.R,/core/www/modules/show_out/show_out_wrapper.php?run_id=110202&search_id=114132&scans_id=110198&peptide_id=11591&scanf=20191&charge=2&value=K.MLEQLDMR.R,DDX39A,5.622e+8,3.128,0.003,2.598,0.000
20192,2,"  2.964","  0.581",12/22,/core/www/modules//sdig/index.php?run_id=110202&search_id=114132&scans_id=110198&peptide_id=11592&scanf=20192&charge=2&value=12/22,sp|P61247|RS3A_HUMAN,/core/www/modules//consensus/?run_id=110202&search_id=114132&scans_id=110198&peptide_id=11592&scanf=20192&charge=2&value=sp|P61247|RS3A_HUMAN,3,/core/www/modules/match_peptides/blast_html4.php?run_id=110202&search_id=114132&scans_id=110198&peptide_id=11592&scanf=20192&charge=2&value=3,R.ADGYEPPVQESV.-,/core/www/modules/show_out/show_out_wrapper.php?run_id=110202&search_id=114132&scans_id=110198&peptide_id=11592&scanf=20192&charge=2&value=R.ADGYEPPVQESV.-,RPS3A,5.130e+7,3.480,0.001,3.119,0.000
20193,2,"  3.262","  0.613",13/24,/core/www/modules//sdig/index.php?run_id=110202&search_id=114132&scans_id=110198&peptide_id=11593&scanf=20193&charge=2&value=13/24,sp|Q9NTJ3|SMC4_HUMAN,/core/www/modules//consensus/?run_id=110202&search_id=114132&scans_id=110198&peptide_id=11593&scanf=20193&charge=2&value=sp|Q9NTJ3|SMC4_HUMAN,1,/core/www/modules/match_peptides/blast_html4.php?run_id=110202&search_id=114132&scans_id=110198&peptide_id=11593&scanf=20193&charge=2&value=1,R.DTLVADNLDQATR.V,/core/www/modules/show_out/show_out_wrapper.php?run_id=110202&search_id=114132&scans_id=110198&peptide_id=11593&scanf=20193&charge=2&value=R.DTLVADNLDQATR.V,SMC4,6.000e+6,3.506,0.001,3.156,0.000
20194,2,"  2.203","  0.401",7/14,/core/www/modules//sdig/index.php?run_id=110202&search_id=114132&scans_id=110198&peptide_id=11594&scanf=20194&charge=2&value=7/14,sp|Q9H6R0|DHX33_HUMAN,/core/www/modules//consensus/?run_id=110202&search_id=114132&scans_id=110198&peptide_id=11594&scanf=20194&charge=2&value=sp|Q9H6R0|DHX33_HUMAN,2,/core/www/modules/match_peptides/blast_html4.php?run_id=110202&search_id=114132&scans_id=110198&peptide_id=11594&scanf=20194&charge=2&value=2,R.GQLLAQLR.N,/core/www/modules/show_out/show_out_wrapper.php?run_id=110202&search_id=114132&scans_id=110198&peptide_id=11594&scanf=20194&charge=2&value=R.GQLLAQLR.N,DHX33,4.998e+6,2.835,0.007,2.164,0.000
20195,2,"  4.887","  0.432",18/26,/core/www/modules//sdig/index.php?run_id=110202&search_id=114132&scans_id=110198&peptide_id=11595&scanf=20195&charge=2&value=18/26,sp|Q9UQ35|SRRM2_HUMAN,/core/www/modules//consensus/?run_id=110202&search_id=114132&scans_id=110198&peptide_id=11595&scanf=20195&charge=2&value=sp|Q9UQ35|SRRM2_HUMAN,0,/core/www/modules/match_peptides/blast_html4.php?run_id=110202&search_id=114132&scans_id=110198&peptide_id=11595&scanf=20195&charge=2&value=0,R.TPAAAAAMNLASPR.T,/core/www/modules/show_out/show_out_wrapper.php?run_id=110202&search_id=114132&scans_id=110198&peptide_id=11595&scanf=20195&charge=2&value=R.TPAAAAAMNLASPR.T,SRRM2,2.713e+7,3.284,0.001,2.829,0.000
20201,3,"  2.917","  0.498",13/32,/core/www/modules//sdig/index.php?run_id=110202&search_id=114132&scans_id=110198&peptide_id=11602&scanf=20201&charge=3&value=13/32,sp|O43681|GET3_HUMAN,/core/www/modules//consensus/?run_id=110202&search_id=114132&scans_id=110198&peptide_id=11602&scanf=20201&charge=3&value=sp|O43681|GET3_HUMAN,0,/core/www/modules/match_peptides/blast_html4.php?run_id=110202&search_id=114132&scans_id=110198&peptide_id=11602&scanf=20201&charge=3&value=0,K.LPLLPHEVR.G,/core/www/modules/show_out/show_out_wrapper.php?run_id=110202&search_id=114132&scans_id=110198&peptide_id=11602&scanf=20201&charge=3&value=K.LPLLPHEVR.G,GET3,3.138e+7,3.487,0.001,3.129,0.000
20202,2,"  2.632","  0.510",10/24,/core/www/modules//sdig/index.php?run_id=110202&search_id=114132&scans_id=110198&peptide_id=11603&scanf=20202&charge=2&value=10/24,sp|Q02790|FKBP4_HUMAN,/core/www/modules//consensus/?run_id=110202&search_id=114132&scans_id=110198&peptide_id=11603&scanf=20202&charge=2&value=sp|Q02790|FKBP4_HUMAN,0,/core/www/modules/match_peptides/blast_html4.php?run_id=110202&search_id=114132&scans_id=110198&peptide_id=11603&scanf=20202&charge=2&value=0,R.EGTGTEMPMIGDR.V,/core/www/modules/show_out/show_out_wrapper.php?run_id=110202&search_id=114132&scans_id=110198&peptide_id=11603&scanf=20202&charge=2&value=R.EGTGTEMPMIGDR.V,FKBP4,5.461e+6,2.740,0.009,2.025,0.000
20204,2,"  4.279","  0.161",15/18,/core/www/modules//sdig/index.php?run_id=110202&search_id=114132&scans_id=110198&peptide_id=11605&scanf=20204&charge=2&value=15/18,sp|P12956|XRCC6_HUMAN,/core/www/modules//consensus/?run_id=110202&search_id=114132&scans_id=110198&peptide_id=11605&scanf=20204&charge=2&value=sp|P12956|XRCC6_HUMAN,1,/core/www/modules/match_peptides/blast_html4.php?run_id=110202&search_id=114132&scans_id=110198&peptide_id=11605&scanf=20204&charge=2&value=1,K.KQELLEALTK.H,/core/www/modules/show_out/show_out_wrapper.php?run_id=110202&search_id=114132&scans_id=110198&peptide_id=11605&scanf=20204&charge=2&value=K.KQELLEALTK.H,XRCC6,6.519e+7,2.490,0.022,1.660,0.001
20205,2,"  2.848","  0.617",11/22,/core/www/modules//sdig/index.php?run_id=110202&search_id=114132&scans_id=110198&peptide_id=11606&scanf=20205&charge=2&value=11/22,sp|P15927|RFA2_HUMAN,/core/www/modules//consensus/?run_id=110202&search_id=114132&scans_id=110198&peptide_id=11606&scanf=20205&charge=2&value=sp|P15927|RFA2_HUMAN,1,/core/www/modules/match_peptides/blast_html4.php?run_id=110202&search_id=114132&scans_id=110198&peptide_id=11606&scanf=20205&charge=2&value=1,K.IDDMTAAPMDVR.Q,/core/www/modules/show_out/show_out_wrapper.php?run_id=110202&search_id=114132&scans_id=110198&peptide_id=11606&scanf=20205&charge=2&value=K.IDDMTAAPMDVR.Q,RPA2,1.518e+7,3.380,0.001,2.970,0.000
20207,2,"  3.119","  0.595",16/18,/core/www/modules//sdig/index.php?run_id=110202&search_id=114132&scans_id=110198&peptide_id=11607&scanf=20207&charge=2&value=16/18,sp|P78527|PRKDC_HUMAN,/core/www/modules//consensus/?run_id=110202&search_id=114132&scans_id=110198&peptide_id=11607&scanf=20207&charge=2&value=sp|P78527|PRKDC_HUMAN,1,/core/www/modules/match_peptides/blast_html4.php?run_id=110202&search_id=114132&scans_id=110198&peptide_id=11607&scanf=20207&charge=2&value=1,R.HGDLPDIQIK.H,/core/www/modules/show_out/show_out_wrapper.php?run_id=110202&search_id=114132&scans_id=110198&peptide_id=11607&scanf=20207&charge=2&value=R.HGDLPDIQIK.H,PRKDC,1.073e+8,4.872,0.000,5.183,0.000
20208,2,"  2.081","  0.481",10/16,/core/www/modules//sdig/index.php?run_id=110202&search_id=114132&scans_id=110198&peptide_id=11608&scanf=20208&charge=2&value=10/16,sp|Q15370|ELOB_HUMAN,/core/www/modules//consensus/?run_id=110202&search_id=114132&scans_id=110198&peptide_id=11608&scanf=20208&charge=2&value=sp|Q15370|ELOB_HUMAN,4,/core/www/modules/match_peptides/blast_html4.php?run_id=110202&search_id=114132&scans_id=110198&peptide_id=11608&scanf=20208&charge=2&value=4,K.ESSTVFELK.R,/core/www/modules/show_out/show_out_wrapper.php?run_id=110202&search_id=114132&scans_id=110198&peptide_id=11608&scanf=20208&charge=2&value=K.ESSTVFELK.R,ELOB,1.778e+7,3.011,0.004,2.425,0.000
20209,2,"  4.972","  0.689",17/28,/core/www/modules//sdig/index.php?run_id=110202&search_id=114132&scans_id=110198&peptide_id=11609&scanf=20209&charge=2&value=17/28,sp|P30101|PDIA3_HUMAN,/core/www/modules//consensus/?run_id=110202&search_id=114132&scans_id=110198&peptide_id=11609&scanf=20209&charge=2&value=sp|P30101|PDIA3_HUMAN,6,/core/www/modules/match_peptides/blast_html4.php?run_id=110202&search_id=114132&scans_id=110198&peptide_id=11609&scanf=20209&charge=2&value=6,K.MDATANDVPSPYEVR.G,/core/www/modules/show_out/show_out_wrapper.php?run_id=110202&search_id=114132&scans_id=110198&peptide_id=11609&scanf=20209&charge=2&value=K.MDATANDVPSPYEVR.G,PDIA3,3.459e+7,3.927,0.000,3.782,0.000
20212,2,"  3.570","  0.627",14/24,/core/www/modules//sdig/index.php?run_id=110202&search_id=114132&scans_id=110198&peptide_id=11613&scanf=20212&charge=2&value=14/24,sp|Q8N201|INT1_HUMAN,/core/www/modules//consensus/?run_id=110202&search_id=114132&scans_id=110198&peptide_id=11613&scanf=20212&charge=2&value=sp|Q8N201|INT1_HUMAN,0,/core/www/modules/match_peptides/blast_html4.php?run_id=110202&search_id=114132&scans_id=110198&peptide_id=11613&scanf=20212&charge=2&value=0,R.AAAVQADDVEVLK.V,/core/www/modules/show_out/show_out_wrapper.php?run_id=110202&search_id=114132&scans_id=110198&peptide_id=11613&scanf=20212&charge=2&value=R.AAAVQADDVEVLK.V,INTS1,1.174e+7,3.499,0.001,3.146,0.000
20214,2,"  1.671","  0.063",9/12,/core/www/modules//sdig/index.php?run_id=110202&search_id=114132&scans_id=110198&peptide_id=11615&scanf=20214&charge=2&value=9/12,sp|O14497|ARI1A_HUMAN,/core/www/modules//consensus/?run_id=110202&search_id=114132&scans_id=110198&peptide_id=11615&scanf=20214&charge=2&value=sp|O14497|ARI1A_HUMAN,2,/core/www/modules/match_peptides/blast_html4.php?run_id=110202&search_id=114132&scans_id=110198&peptide_id=11615&scanf=20214&charge=2&value=2,R.ALLALAK.V,/core/www/modules/show_out/show_out_wrapper.php?run_id=110202&search_id=114132&scans_id=110198&peptide_id=11615&scanf=20214&charge=2&value=R.ALLALAK.V,ARID1A,3.166e+7,2.172,0.062,1.206,0.002
20215,3,"  3.652","  0.438",15/44,/core/www/modules//sdig/index.php?run_id=110202&search_id=114132&scans_id=110198&peptide_id=11616&scanf=20215&charge=3&value=15/44,sp|O60563|CCNT1_HUMAN,/core/www/modules//consensus/?run_id=110202&search_id=114132&scans_id=110198&peptide_id=11616&scanf=20215&charge=3&value=sp|O60563|CCNT1_HUMAN,1,/core/www/modules/match_peptides/blast_html4.php?run_id=110202&search_id=114132&scans_id=110198&peptide_id=11616&scanf=20215&charge=3&value=1,R.FGVDPDKELSYR.Q,/core/www/modules/show_out/show_out_wrapper.php?run_id=110202&search_id=114132&scans_id=110198&peptide_id=11616&scanf=20215&charge=3&value=R.FGVDPDKELSYR.Q,CCNT1,1.394e+7,2.832,0.007,2.161,0.000
20216,3,"  3.957","  0.460",17/48,/core/www/modules//sdig/index.php?run_id=110202&search_id=114132&scans_id=110198&peptide_id=11617&scanf=20216&charge=3&value=17/48,sp|Q14315|FLNC_HUMAN,/core/www/modules//consensus/?run_id=110202&search_id=114132&scans_id=110198&peptide_id=11617&scanf=20216&charge=3&value=sp|Q14315|FLNC_HUMAN,0,/core/www/modules/match_peptides/blast_html4.php?run_id=110202&search_id=114132&scans_id=110198&peptide_id=11617&scanf=20216&charge=3&value=0,R.RLTVTSLQETGLK.V,/core/www/modules/show_out/show_out_wrapper.php?run_id=110202&search_id=114132&scans_id=110198&peptide_id=11617&scanf=20216&charge=3&value=R.RLTVTSLQETGLK.V,FLNC,7.040e+6,3.039,0.003,2.465,0.000
20223,2,"  2.005","  0.364",8/14,/core/www/modules//sdig/index.php?run_id=110202&search_id=114132&scans_id=110198&peptide_id=11625&scanf=20223&charge=2&value=8/14,sp|P10515|ODP2_HUMAN,/core/www/modules//consensus/?run_id=110202&search_id=114132&scans_id=110198&peptide_id=11625&scanf=20223&charge=2&value=sp|P10515|ODP2_HUMAN,9,/core/www/modules/match_peptides/blast_html4.php?run_id=110202&search_id=114132&scans_id=110198&peptide_id=11625&scanf=20223&charge=2&value=9,R.VFVSPLAK.K,/core/www/modules/show_out/show_out_wrapper.php?run_id=110202&search_id=114132&scans_id=110198&peptide_id=11625&scanf=20223&charge=2&value=R.VFVSPLAK.K,DLAT,3.985e+6,2.792,0.008,2.101,0.000
20225,2,"  1.678","  0.187",8/18,/core/www/modules//sdig/index.php?run_id=110202&search_id=114132&scans_id=110198&peptide_id=11627&scanf=20225&charge=2&value=8/18,sp|Q96G03|PGM2_HUMAN,/core/www/modules//consensus/?run_id=110202&search_id=114132&scans_id=110198&peptide_id=11627&scanf=20225&charge=2&value=sp|Q96G03|PGM2_HUMAN,0,/core/www/modules/match_peptides/blast_html4.php?run_id=110202&search_id=114132&scans_id=110198&peptide_id=11627&scanf=20225&charge=2&value=0,K.DPDPEFPTVK.Y,/core/www/modules/show_out/show_out_wrapper.php?run_id=110202&search_id=114132&scans_id=110198&peptide_id=11627&scanf=20225&charge=2&value=K.DPDPEFPTVK.Y,PGM2,3.857e+6,1.942,0.127,0.897,0.006
20228,2,"  2.248","  0.326",10/14,/core/www/modules//sdig/index.php?run_id=110202&search_id=114132&scans_id=110198&peptide_id=11629&scanf=20228&charge=2&value=10/14,sp|Q9BZZ5|API5_HUMAN,/core/www/modules//consensus/?run_id=110202&search_id=114132&scans_id=110198&peptide_id=11629&scanf=20228&charge=2&value=sp|Q9BZZ5|API5_HUMAN,1,/core/www/modules/match_peptides/blast_html4.php?run_id=110202&search_id=114132&scans_id=110198&peptide_id=11629&scanf=20228&charge=2&value=1,R.LAAQFIPK.F,/core/www/modules/show_out/show_out_wrapper.php?run_id=110202&search_id=114132&scans_id=110198&peptide_id=11629&scanf=20228&charge=2&value=R.LAAQFIPK.F,API5,5.411e+7,2.883,0.006,2.235,0.000
20230,2,"  1.946","  0.141",7/12,/core/www/modules//sdig/index.php?run_id=110202&search_id=114132&scans_id=110198&peptide_id=11632&scanf=20230&charge=2&value=7/12,sp|P16220|CREB1_HUMAN,/core/www/modules//consensus/?run_id=110202&search_id=114132&scans_id=110198&peptide_id=11632&scanf=20230&charge=2&value=sp|P16220|CREB1_HUMAN,3,/core/www/modules/match_peptides/blast_html4.php?run_id=110202&search_id=114132&scans_id=110198&peptide_id=11632&scanf=20230&charge=2&value=3,K.TLIEELK.A,/core/www/modules/show_out/show_out_wrapper.php?run_id=110202&search_id=114132&scans_id=110198&peptide_id=11632&scanf=20230&charge=2&value=K.TLIEELK.A,CREB1,1.135e+7,2.086,0.082,1.087,0.003
20231,2,"  2.343","  0.423",9/18,/core/www/modules//sdig/index.php?run_id=110202&search_id=114132&scans_id=110198&peptide_id=11633&scanf=20231&charge=2&value=9/18,sp|P78527|PRKDC_HUMAN,/core/www/modules//consensus/?run_id=110202&search_id=114132&scans_id=110198&peptide_id=11633&scanf=20231&charge=2&value=sp|P78527|PRKDC_HUMAN,0,/core/www/modules/match_peptides/blast_html4.php?run_id=110202&search_id=114132&scans_id=110198&peptide_id=11633&scanf=20231&charge=2&value=0,K.NNWEVSALSR.A,/core/www/modules/show_out/show_out_wrapper.php?run_id=110202&search_id=114132&scans_id=110198&peptide_id=11633&scanf=20231&charge=2&value=K.NNWEVSALSR.A,PRKDC,7.212e+7,3.667,0.000,3.395,0.000
20232,3,"  4.063","  0.497",20/48,/core/www/modules//sdig/index.php?run_id=110202&search_id=114132&scans_id=110198&peptide_id=11634&scanf=20232&charge=3&value=20/48,sp|P40227|TCPZ_HUMAN,/core/www/modules//consensus/?run_id=110202&search_id=114132&scans_id=110198&peptide_id=11634&scanf=20232&charge=3&value=sp|P40227|TCPZ_HUMAN,1,/core/www/modules/match_peptides/blast_html4.php?run_id=110202&search_id=114132&scans_id=110198&peptide_id=11634&scanf=20232&charge=3&value=1,K.QADLYISEGLHPR.I,/core/www/modules/show_out/show_out_wrapper.php?run_id=110202&search_id=114132&scans_id=110198&peptide_id=11634&scanf=20232&charge=3&value=K.QADLYISEGLHPR.I,CCT6A,3.253e+7,3.441,0.001,3.060,0.000
20235,2,"  4.449","  0.690",17/26,/core/www/modules//sdig/index.php?run_id=110202&search_id=114132&scans_id=110198&peptide_id=11637&scanf=20235&charge=2&value=17/26,sp|P36957|ODO2_HUMAN,/core/www/modules//consensus/?run_id=110202&search_id=114132&scans_id=110198&peptide_id=11637&scanf=20235&charge=2&value=sp|P36957|ODO2_HUMAN,4,/core/www/modules/match_peptides/blast_html4.php?run_id=110202&search_id=114132&scans_id=110198&peptide_id=11637&scanf=20235&charge=2&value=4,K.TPAFAESVTEGDVR.W,/core/www/modules/show_out/show_out_wrapper.php?run_id=110202&search_id=114132&scans_id=110198&peptide_id=11637&scanf=20235&charge=2&value=K.TPAFAESVTEGDVR.W,DLST,1.119e+7,3.931,0.000,3.787,0.000
20239,2,"  4.505","  0.399",22/32,/core/www/modules//sdig/index.php?run_id=110202&search_id=114132&scans_id=110198&peptide_id=11641&scanf=20239&charge=2&value=22/32,sp|Q10570|CPSF1_HUMAN,/core/www/modules//consensus/?run_id=110202&search_id=114132&scans_id=110198&peptide_id=11641&scanf=20239&charge=2&value=sp|Q10570|CPSF1_HUMAN,0,/core/www/modules/match_peptides/blast_html4.php?run_id=110202&search_id=114132&scans_id=110198&peptide_id=11641&scanf=20239&charge=2&value=0,R.VLVDSSFGQPTTQGEAR.R,/core/www/modules/show_out/show_out_wrapper.php?run_id=110202&search_id=114132&scans_id=110198&peptide_id=11641&scanf=20239&charge=2&value=R.VLVDSSFGQPTTQGEAR.R,CPSF1,8.703e+6,2.920,0.005,2.290,0.000
20240,2,"  2.388","  0.340",8/14,/core/www/modules//sdig/index.php?run_id=110202&search_id=114132&scans_id=110198&peptide_id=11643&scanf=20240&charge=2&value=8/14,sp|Q14204|DYHC1_HUMAN,/core/www/modules//consensus/?run_id=110202&search_id=114132&scans_id=110198&peptide_id=11643&scanf=20240&charge=2&value=sp|Q14204|DYHC1_HUMAN,30,/core/www/modules/match_peptides/blast_html4.php?run_id=110202&search_id=114132&scans_id=110198&peptide_id=11643&scanf=20240&charge=2&value=30,K.SNSLAFIK.R,/core/www/modules/show_out/show_out_wrapper.php?run_id=110202&search_id=114132&scans_id=110198&peptide_id=11643&scanf=20240&charge=2&value=K.SNSLAFIK.R,DYNC1H1,5.207e+6,3.030,0.004,2.453,0.000
20241,2,"  4.396","  0.657",15/26,/core/www/modules//sdig/index.php?run_id=110202&search_id=114132&scans_id=110198&peptide_id=11644&scanf=20241&charge=2&value=15/26,sp|O60664|PLIN3_HUMAN,/core/www/modules//consensus/?run_id=110202&search_id=114132&scans_id=110198&peptide_id=11644&scanf=20241&charge=2&value=sp|O60664|PLIN3_HUMAN,2,/core/www/modules/match_peptides/blast_html4.php?run_id=110202&search_id=114132&scans_id=110198&peptide_id=11644&scanf=20241&charge=2&value=2,K.SVVTGGVQSVMGSR.L,/core/www/modules/show_out/show_out_wrapper.php?run_id=110202&search_id=114132&scans_id=110198&peptide_id=11644&scanf=20241&charge=2&value=K.SVVTGGVQSVMGSR.L,PLIN3,1.490e+7,3.700,0.000,3.445,0.000
20242,2,"  4.182","  0.636",18/26,/core/www/modules//sdig/index.php?run_id=110202&search_id=114132&scans_id=110198&peptide_id=11645&scanf=20242&charge=2&value=18/26,sp|O75643|U520_HUMAN,/core/www/modules//consensus/?run_id=110202&search_id=114132&scans_id=110198&peptide_id=11645&scanf=20242&charge=2&value=sp|O75643|U520_HUMAN,0,/core/www/modules/match_peptides/blast_html4.php?run_id=110202&search_id=114132&scans_id=110198&peptide_id=11645&scanf=20242&charge=2&value=0,K.KVVLLTGETSTDLK.L,/core/www/modules/show_out/show_out_wrapper.php?run_id=110202&search_id=114132&scans_id=110198&peptide_id=11645&scanf=20242&charge=2&value=K.KVVLLTGETSTDLK.L,SNRNP200,4.107e+6,3.754,0.000,3.525,0.000
20244,2,"  2.666","  0.384",11/26,/core/www/modules//sdig/index.php?run_id=110202&search_id=114132&scans_id=110198&peptide_id=11647&scanf=20244&charge=2&value=11/26,sp|Q9UQ35|SRRM2_HUMAN,/core/www/modules//consensus/?run_id=110202&search_id=114132&scans_id=110198&peptide_id=11647&scanf=20244&charge=2&value=sp|Q9UQ35|SRRM2_HUMAN,0,/core/www/modules/match_peptides/blast_html4.php?run_id=110202&search_id=114132&scans_id=110198&peptide_id=11647&scanf=20244&charge=2&value=0,R.TAAALAPASLTSAR.M,/core/www/modules/show_out/show_out_wrapper.php?run_id=110202&search_id=114132&scans_id=110198&peptide_id=11647&scanf=20244&charge=2&value=R.TAAALAPASLTSAR.M,SRRM2,1.719e+8,2.281,0.044,1.360,0.001
20249,3,"  2.101","  0.261",14/52,/core/www/modules//sdig/index.php?run_id=110202&search_id=114132&scans_id=110198&peptide_id=11651&scanf=20249&charge=3&value=14/52,sp|Q9UQ35|SRRM2_HUMAN,/core/www/modules//consensus/?run_id=110202&search_id=114132&scans_id=110198&peptide_id=11651&scanf=20249&charge=3&value=sp|Q9UQ35|SRRM2_HUMAN,0,/core/www/modules/match_peptides/blast_html4.php?run_id=110202&search_id=114132&scans_id=110198&peptide_id=11651&scanf=20249&charge=3&value=0,R.TPAAAAAMNLASPR.T,/core/www/modules/show_out/show_out_wrapper.php?run_id=110202&search_id=114132&scans_id=110198&peptide_id=11651&scanf=20249&charge=3&value=R.TPAAAAAMNLASPR.T,SRRM2,3.909e+7,2.295,0.042,1.380,0.001
20251,2,"  1.851","  0.407",8/16,/core/www/modules//sdig/index.php?run_id=110202&search_id=114132&scans_id=110198&peptide_id=11654&scanf=20251&charge=2&value=8/16,sp|Q9UIJ7|KAD3_HUMAN,/core/www/modules//consensus/?run_id=110202&search_id=114132&scans_id=110198&peptide_id=11654&scanf=20251&charge=2&value=sp|Q9UIJ7|KAD3_HUMAN,0,/core/www/modules/match_peptides/blast_html4.php?run_id=110202&search_id=114132&scans_id=110198&peptide_id=11654&scanf=20251&charge=2&value=0,K.LIPDDVMTR.L,/core/www/modules/show_out/show_out_wrapper.php?run_id=110202&search_id=114132&scans_id=110198&peptide_id=11654&scanf=20251&charge=2&value=K.LIPDDVMTR.L,AK3,1.556e+7,2.753,0.009,2.044,0.000
20253,2,"  1.514","  0.168",8/12,/core/www/modules//sdig/index.php?run_id=110202&search_id=114132&scans_id=110198&peptide_id=11656&scanf=20253&charge=2&value=8/12,sp|P78527|PRKDC_HUMAN,/core/www/modules//consensus/?run_id=110202&search_id=114132&scans_id=110198&peptide_id=11656&scanf=20253&charge=2&value=sp|P78527|PRKDC_HUMAN,0,/core/www/modules/match_peptides/blast_html4.php?run_id=110202&search_id=114132&scans_id=110198&peptide_id=11656&scanf=20253&charge=2&value=0,R.AFLGELK.T,/core/www/modules/show_out/show_out_wrapper.php?run_id=110202&search_id=114132&scans_id=110198&peptide_id=11656&scanf=20253&charge=2&value=R.AFLGELK.T,PRKDC,1.408e+8,3.139,0.002,2.614,0.000
20254,2,"  3.036","  0.637",14/22,/core/www/modules//sdig/index.php?run_id=110202&search_id=114132&scans_id=110198&peptide_id=11657&scanf=20254&charge=2&value=14/22,sp|O43395|PRPF3_HUMAN,/core/www/modules//consensus/?run_id=110202&search_id=114132&scans_id=110198&peptide_id=11657&scanf=20254&charge=2&value=sp|O43395|PRPF3_HUMAN,0,/core/www/modules/match_peptides/blast_html4.php?run_id=110202&search_id=114132&scans_id=110198&peptide_id=11657&scanf=20254&charge=2&value=0,K.DVNVVVVEGGPK.A,/core/www/modules/show_out/show_out_wrapper.php?run_id=110202&search_id=114132&scans_id=110198&peptide_id=11657&scanf=20254&charge=2&value=K.DVNVVVVEGGPK.A,PRPF3,1.128e+7,3.583,0.001,3.270,0.000
20255,2,"  2.864","  0.490",13/18,/core/www/modules//sdig/index.php?run_id=110202&search_id=114132&scans_id=110198&peptide_id=11658&scanf=20255&charge=2&value=13/18,sp|P42166|LAP2A_HUMAN,/core/www/modules//consensus/?run_id=110202&search_id=114132&scans_id=110198&peptide_id=11658&scanf=20255&charge=2&value=sp|P42166|LAP2A_HUMAN,0,/core/www/modules/match_peptides/blast_html4.php?run_id=110202&search_id=114132&scans_id=110198&peptide_id=11658&scanf=20255&charge=2&value=0,R.EATQILSVPK.V,/core/www/modules/show_out/show_out_wrapper.php?run_id=110202&search_id=114132&scans_id=110198&peptide_id=11658&scanf=20255&charge=2&value=R.EATQILSVPK.V,TMPO,8.077e+7,3.478,0.001,3.116,0.000
20256,2,"  3.624","  0.543",16/28,/core/www/modules//sdig/index.php?run_id=110202&search_id=114132&scans_id=110198&peptide_id=11659&scanf=20256&charge=2&value=16/28,sp|Q8WWY3|PRP31_HUMAN,/core/www/modules//consensus/?run_id=110202&search_id=114132&scans_id=110198&peptide_id=11659&scanf=20256&charge=2&value=sp|Q8WWY3|PRP31_HUMAN,4,/core/www/modules/match_peptides/blast_html4.php?run_id=110202&search_id=114132&scans_id=110198&peptide_id=11659&scanf=20256&charge=2&value=4,K.ASEVMGPVEAAPEYR.V,/core/www/modules/show_out/show_out_wrapper.php?run_id=110202&search_id=114132&scans_id=110198&peptide_id=11659&scanf=20256&charge=2&value=K.ASEVMGPVEAAPEYR.V,PRPF31,1.524e+7,3.262,0.002,2.795,0.000
20257,3,"  3.223","  0.447",10/44,/core/www/modules//sdig/index.php?run_id=110202&search_id=114132&scans_id=110198&peptide_id=11660&scanf=20257&charge=3&value=10/44,sp|Q29RF7|PDS5A_HUMAN,/core/www/modules//consensus/?run_id=110202&search_id=114132&scans_id=110198&peptide_id=11660&scanf=20257&charge=3&value=sp|Q29RF7|PDS5A_HUMAN,0,/core/www/modules/match_peptides/blast_html4.php?run_id=110202&search_id=114132&scans_id=110198&peptide_id=11660&scanf=20257&charge=3&value=0,R.TLFSVINNSHNK.K,/core/www/modules/show_out/show_out_wrapper.php?run_id=110202&search_id=114132&scans_id=110198&peptide_id=11660&scanf=20257&charge=3&value=R.TLFSVINNSHNK.K,PDS5A,1.318e+7,3.052,0.003,2.484,0.000
20258,4,"  7.758","  0.672",29/156,/core/www/modules//sdig/index.php?run_id=110202&search_id=114132&scans_id=110198&peptide_id=11661&scanf=20258&charge=4&value=29/156,sp|Q14151|SAFB2_HUMAN,/core/www/modules//consensus/?run_id=110202&search_id=114132&scans_id=110198&peptide_id=11661&scanf=20258&charge=4&value=sp|Q14151|SAFB2_HUMAN,1,/core/www/modules/match_peptides/blast_html4.php?run_id=110202&search_id=114132&scans_id=110198&peptide_id=11661&scanf=20258&charge=4&value=1,K.SEPVKEESSELEQPFAQDTSSVGPDRK.L,/core/www/modules/show_out/show_out_wrapper.php?run_id=110202&search_id=114132&scans_id=110198&peptide_id=11661&scanf=20258&charge=4&value=K.SEPVKEESSELEQPFAQDTSSVGPDRK.L,SAFB2,4.584e+6,3.362,0.001,2.944,0.000
20260,2,"  1.655","  0.322",7/12,/core/www/modules//sdig/index.php?run_id=110202&search_id=114132&scans_id=110198&peptide_id=11664&scanf=20260&charge=2&value=7/12,sp|Q15393|SF3B3_HUMAN,/core/www/modules//consensus/?run_id=110202&search_id=114132&scans_id=110198&peptide_id=11664&scanf=20260&charge=2&value=sp|Q15393|SF3B3_HUMAN,0,/core/www/modules/match_peptides/blast_html4.php?run_id=110202&search_id=114132&scans_id=110198&peptide_id=11664&scanf=20260&charge=2&value=0,R.SYYFPVK.N,/core/www/modules/show_out/show_out_wrapper.php?run_id=110202&search_id=114132&scans_id=110198&peptide_id=11664&scanf=20260&charge=2&value=R.SYYFPVK.N,SF3B3,1.981e+7,2.799,0.008,2.111,0.000
20261,3,"  3.778","  0.512",15/52,/core/www/modules//sdig/index.php?run_id=110202&search_id=114132&scans_id=110198&peptide_id=11665&scanf=20261&charge=3&value=15/52,sp|Q13242|SRSF9_HUMAN,/core/www/modules//consensus/?run_id=110202&search_id=114132&scans_id=110198&peptide_id=11665&scanf=20261&charge=3&value=sp|Q13242|SRSF9_HUMAN,2,/core/www/modules/match_peptides/blast_html4.php?run_id=110202&search_id=114132&scans_id=110198&peptide_id=11665&scanf=20261&charge=3&value=2,R.FEDPRDAEDAIYGR.N,/core/www/modules/show_out/show_out_wrapper.php?run_id=110202&search_id=114132&scans_id=110198&peptide_id=11665&scanf=20261&charge=3&value=R.FEDPRDAEDAIYGR.N,SRSF9,1.406e+7,2.995,0.004,2.400,0.000
20263,3,"  4.759","  0.734",30/96,/core/www/modules//sdig/index.php?run_id=110202&search_id=114132&scans_id=110198&peptide_id=11667&scanf=20263&charge=3&value=30/96,sp|Q92797|SYMPK_HUMAN,/core/www/modules//consensus/?run_id=110202&search_id=114132&scans_id=110198&peptide_id=11667&scanf=20263&charge=3&value=sp|Q92797|SYMPK_HUMAN,2,/core/www/modules/match_peptides/blast_html4.php?run_id=110202&search_id=114132&scans_id=110198&peptide_id=11667&scanf=20263&charge=3&value=2,K.MKLEPNLGEDDEDKDLEPGPSGTSK.A,/core/www/modules/show_out/show_out_wrapper.php?run_id=110202&search_id=114132&scans_id=110198&peptide_id=11667&scanf=20263&charge=3&value=K.MKLEPNLGEDDEDKDLEPGPSGTSK.A,SYMPK,5.019e+6,3.196,0.002,2.698,0.000
20264,2,"  2.467","  0.329",8/16,/core/www/modules//sdig/index.php?run_id=110202&search_id=114132&scans_id=110198&peptide_id=11668&scanf=20264&charge=2&value=8/16,sp|Q16851|UGPA_HUMAN,/core/www/modules//consensus/?run_id=110202&search_id=114132&scans_id=110198&peptide_id=11668&scanf=20264&charge=2&value=sp|Q16851|UGPA_HUMAN,3,/core/www/modules/match_peptides/blast_html4.php?run_id=110202&search_id=114132&scans_id=110198&peptide_id=11668&scanf=20264&charge=2&value=3,R.LVEIAQVPK.A,/core/www/modules/show_out/show_out_wrapper.php?run_id=110202&search_id=114132&scans_id=110198&peptide_id=11668&scanf=20264&charge=2&value=R.LVEIAQVPK.A,UGP2,4.760e+6,2.561,0.017,1.762,0.000
20265,2,"  3.195","  0.556",14/26,/core/www/modules//sdig/index.php?run_id=110202&search_id=114132&scans_id=110198&peptide_id=11669&scanf=20265&charge=2&value=14/26,sp|O43399|TPD54_HUMAN,/core/www/modules//consensus/?run_id=110202&search_id=114132&scans_id=110198&peptide_id=11669&scanf=20265&charge=2&value=sp|O43399|TPD54_HUMAN,1,/core/www/modules/match_peptides/blast_html4.php?run_id=110202&search_id=114132&scans_id=110198&peptide_id=11669&scanf=20265&charge=2&value=1,K.TSAALSTVGSAISR.K,/core/www/modules/show_out/show_out_wrapper.php?run_id=110202&search_id=114132&scans_id=110198&peptide_id=11669&scanf=20265&charge=2&value=K.TSAALSTVGSAISR.K,TPD52L2,1.304e+7,3.240,0.002,2.763,0.000
20268,2,"  2.441","  0.447",11/18,/core/www/modules//sdig/index.php?run_id=110202&search_id=114132&scans_id=110198&peptide_id=11672&scanf=20268&charge=2&value=11/18,sp|Q9NYL9|TMOD3_HUMAN,/core/www/modules//consensus/?run_id=110202&search_id=114132&scans_id=110198&peptide_id=11672&scanf=20268&charge=2&value=sp|Q9NYL9|TMOD3_HUMAN,2,/core/www/modules/match_peptides/blast_html4.php?run_id=110202&search_id=114132&scans_id=110198&peptide_id=11672&scanf=20268&charge=2&value=2,K.MLEENTNILK.F,/core/www/modules/show_out/show_out_wrapper.php?run_id=110202&search_id=114132&scans_id=110198&peptide_id=11672&scanf=20268&charge=2&value=K.MLEENTNILK.F,TMOD3,1.207e+7,3.079,0.003,2.525,0.000
20271,2,"  2.207","  0.496",11/18,/core/www/modules//sdig/index.php?run_id=110202&search_id=114132&scans_id=110198&peptide_id=11675&scanf=20271&charge=2&value=11/18,sp|P08670|VIME_HUMAN,/core/www/modules//consensus/?run_id=110202&search_id=114132&scans_id=110198&peptide_id=11675&scanf=20271&charge=2&value=sp|P08670|VIME_HUMAN,1,/core/www/modules/match_peptides/blast_html4.php?run_id=110202&search_id=114132&scans_id=110198&peptide_id=11675&scanf=20271&charge=2&value=1,R.LGDLYEEEMR.E,/core/www/modules/show_out/show_out_wrapper.php?run_id=110202&search_id=114132&scans_id=110198&peptide_id=11675&scanf=20271&charge=2&value=R.LGDLYEEEMR.E,VIM,1.637e+9,3.749,0.000,3.517,0.000
20273,4,"  3.214","  0.434",18/72,/core/www/modules//sdig/index.php?run_id=110202&search_id=114132&scans_id=110198&peptide_id=11677&scanf=20273&charge=4&value=18/72,sp|Q6ZN55|ZN574_HUMAN,/core/www/modules//consensus/?run_id=110202&search_id=114132&scans_id=110198&peptide_id=11677&scanf=20273&charge=4&value=sp|Q6ZN55|ZN574_HUMAN,1,/core/www/modules/match_peptides/blast_html4.php?run_id=110202&search_id=114132&scans_id=110198&peptide_id=11677&scanf=20273&charge=4&value=1,R.LLEVHQLVVHAGR.Q,/core/www/modules/show_out/show_out_wrapper.php?run_id=110202&search_id=114132&scans_id=110198&peptide_id=11677&scanf=20273&charge=4&value=R.LLEVHQLVVHAGR.Q,ZNF574,7.242e+6,3.372,0.001,2.959,0.000
20274,2,"  3.392","  0.616",15/26,/core/www/modules//sdig/index.php?run_id=110202&search_id=114132&scans_id=110198&peptide_id=11678&scanf=20274&charge=2&value=15/26,sp|P07737|PROF1_HUMAN,/core/www/modules//consensus/?run_id=110202&search_id=114132&scans_id=110198&peptide_id=11678&scanf=20274&charge=2&value=sp|P07737|PROF1_HUMAN,1,/core/www/modules/match_peptides/blast_html4.php?run_id=110202&search_id=114132&scans_id=110198&peptide_id=11678&scanf=20274&charge=2&value=1,K.STGGAPTFNVTVTK.T,/core/www/modules/show_out/show_out_wrapper.php?run_id=110202&search_id=114132&scans_id=110198&peptide_id=11678&scanf=20274&charge=2&value=K.STGGAPTFNVTVTK.T,PFN1,2.454e+7,3.515,0.001,3.170,0.000
20276,2,"  1.602","  0.316",9/12,/core/www/modules//sdig/index.php?run_id=110202&search_id=114132&scans_id=110198&peptide_id=11680&scanf=20276&charge=2&value=9/12,sp|P54577|SYYC_HUMAN,/core/www/modules//consensus/?run_id=110202&search_id=114132&scans_id=110198&peptide_id=11680&scanf=20276&charge=2&value=sp|P54577|SYYC_HUMAN,1,/core/www/modules/match_peptides/blast_html4.php?run_id=110202&search_id=114132&scans_id=110198&peptide_id=11680&scanf=20276&charge=2&value=1,K.HVLFPLK.S,/core/www/modules/show_out/show_out_wrapper.php?run_id=110202&search_id=114132&scans_id=110198&peptide_id=11680&scanf=20276&charge=2&value=K.HVLFPLK.S,YARS1,2.844e+7,2.873,0.006,2.221,0.000
20277,3,"  2.988","  0.362",18/56,/core/www/modules//sdig/index.php?run_id=110202&search_id=114132&scans_id=110198&peptide_id=11681&scanf=20277&charge=3&value=18/56,sp|O15131|IMA6_HUMAN,/core/www/modules//consensus/?run_id=110202&search_id=114132&scans_id=110198&peptide_id=11681&scanf=20277&charge=3&value=sp|O15131|IMA6_HUMAN,5,/core/www/modules/match_peptides/blast_html4.php?run_id=110202&search_id=114132&scans_id=110198&peptide_id=11681&scanf=20277&charge=3&value=5,K.IEFLQSHENQEIYQK.A,/core/www/modules/show_out/show_out_wrapper.php?run_id=110202&search_id=114132&scans_id=110198&peptide_id=11681&scanf=20277&charge=3&value=K.IEFLQSHENQEIYQK.A,KPNA5,8.639e+6,2.668,0.012,1.919,0.000
20280,3,"  4.213","  0.538",16/44,/core/www/modules//sdig/index.php?run_id=110202&search_id=114132&scans_id=110198&peptide_id=11684&scanf=20280&charge=3&value=16/44,sp|Q12768|WASC5_HUMAN,/core/www/modules//consensus/?run_id=110202&search_id=114132&scans_id=110198&peptide_id=11684&scanf=20280&charge=3&value=sp|Q12768|WASC5_HUMAN,1,/core/www/modules/match_peptides/blast_html4.php?run_id=110202&search_id=114132&scans_id=110198&peptide_id=11684&scanf=20280&charge=3&value=1,K.LQTHDIIEVPTR.L,/core/www/modules/show_out/show_out_wrapper.php?run_id=110202&search_id=114132&scans_id=110198&peptide_id=11684&scanf=20280&charge=3&value=K.LQTHDIIEVPTR.L,WASHC5,1.168e+7,3.537,0.001,3.203,0.000
20281,4,"  5.494","  0.499",18/96,/core/www/modules//sdig/index.php?run_id=110202&search_id=114132&scans_id=110198&peptide_id=11685&scanf=20281&charge=4&value=18/96,sp|Q9BRJ7|TIRR_HUMAN,/core/www/modules//consensus/?run_id=110202&search_id=114132&scans_id=110198&peptide_id=11685&scanf=20281&charge=4&value=sp|Q9BRJ7|TIRR_HUMAN,3,/core/www/modules/match_peptides/blast_html4.php?run_id=110202&search_id=114132&scans_id=110198&peptide_id=11685&scanf=20281&charge=4&value=3,R.LTEADYLSSHLTEGPHR.V,/core/www/modules/show_out/show_out_wrapper.php?run_id=110202&search_id=114132&scans_id=110198&peptide_id=11685&scanf=20281&charge=4&value=R.LTEADYLSSHLTEGPHR.V,NUDT16L1,4.253e+6,3.471,0.001,3.105,0.000
20282,3,"  3.101","  0.508",12/72,/core/www/modules//sdig/index.php?run_id=110202&search_id=114132&scans_id=110198&peptide_id=11686&scanf=20282&charge=3&value=12/72,sp|Q92905|CSN5_HUMAN,/core/www/modules//consensus/?run_id=110202&search_id=114132&scans_id=110198&peptide_id=11686&scanf=20282&charge=3&value=sp|Q92905|CSN5_HUMAN,2,/core/www/modules/match_peptides/blast_html4.php?run_id=110202&search_id=114132&scans_id=110198&peptide_id=11686&scanf=20282&charge=3&value=2,K.GYKPPDEGPSEYQTIPLNK.I,/core/www/modules/show_out/show_out_wrapper.php?run_id=110202&search_id=114132&scans_id=110198&peptide_id=11686&scanf=20282&charge=3&value=K.GYKPPDEGPSEYQTIPLNK.I,COPS5,3.874e+6,2.830,0.007,2.157,0.000
20283,2,"  2.865","  0.479",10/26,/core/www/modules//sdig/index.php?run_id=110202&search_id=114132&scans_id=110198&peptide_id=11687&scanf=20283&charge=2&value=10/26,sp|Q05519|SRS11_HUMAN,/core/www/modules//consensus/?run_id=110202&search_id=114132&scans_id=110198&peptide_id=11687&scanf=20283&charge=2&value=sp|Q05519|SRS11_HUMAN,2,/core/www/modules/match_peptides/blast_html4.php?run_id=110202&search_id=114132&scans_id=110198&peptide_id=11687&scanf=20283&charge=2&value=2,K.LNHVAAGLVSPSLK.S,/core/www/modules/show_out/show_out_wrapper.php?run_id=110202&search_id=114132&scans_id=110198&peptide_id=11687&scanf=20283&charge=2&value=K.LNHVAAGLVSPSLK.S,SRSF11,5.555e+6,2.758,0.009,2.052,0.000
20286,3,"  3.501","  0.578",16/40,/core/www/modules//sdig/index.php?run_id=110202&search_id=114132&scans_id=110198&peptide_id=11690&scanf=20286&charge=3&value=16/40,sp|Q9HAV7|GRPE1_HUMAN,/core/www/modules//consensus/?run_id=110202&search_id=114132&scans_id=110198&peptide_id=11690&scanf=20286&charge=3&value=sp|Q9HAV7|GRPE1_HUMAN,0,/core/www/modules/match_peptides/blast_html4.php?run_id=110202&search_id=114132&scans_id=110198&peptide_id=11690&scanf=20286&charge=3&value=0,R.TLRPALVGVVK.E,/core/www/modules/show_out/show_out_wrapper.php?run_id=110202&search_id=114132&scans_id=110198&peptide_id=11690&scanf=20286&charge=3&value=R.TLRPALVGVVK.E,GRPEL1,8.642e+6,3.699,0.000,3.444,0.000
20288,4,"  4.738","  0.424",14/96,/core/www/modules//sdig/index.php?run_id=110202&search_id=114132&scans_id=110198&peptide_id=11692&scanf=20288&charge=4&value=14/96,sp|Q6P2Q9|PRP8_HUMAN,/core/www/modules//consensus/?run_id=110202&search_id=114132&scans_id=110198&peptide_id=11692&scanf=20288&charge=4&value=sp|Q6P2Q9|PRP8_HUMAN,1,/core/www/modules/match_peptides/blast_html4.php?run_id=110202&search_id=114132&scans_id=110198&peptide_id=11692&scanf=20288&charge=4&value=1,K.FGFVDAQKEDMPPEHVR.K,/core/www/modules/show_out/show_out_wrapper.php?run_id=110202&search_id=114132&scans_id=110198&peptide_id=11692&scanf=20288&charge=4&value=K.FGFVDAQKEDMPPEHVR.K,PRPF8,1.072e+7,3.164,0.002,2.651,0.000
20289,2,"  3.160","  0.645",14/26,/core/www/modules//sdig/index.php?run_id=110202&search_id=114132&scans_id=110198&peptide_id=11693&scanf=20289&charge=2&value=14/26,sp|P47756|CAPZB_HUMAN,/core/www/modules//consensus/?run_id=110202&search_id=114132&scans_id=110198&peptide_id=11693&scanf=20289&charge=2&value=sp|P47756|CAPZB_HUMAN,4,/core/www/modules/match_peptides/blast_html4.php?run_id=110202&search_id=114132&scans_id=110198&peptide_id=11693&scanf=20289&charge=2&value=4,K.YDPPLEDGAMPSAR.L,/core/www/modules/show_out/show_out_wrapper.php?run_id=110202&search_id=114132&scans_id=110198&peptide_id=11693&scanf=20289&charge=2&value=K.YDPPLEDGAMPSAR.L,CAPZB,1.396e+7,3.575,0.001,3.259,0.000
20292,3,"  4.123","  0.540",16/52,/core/www/modules//sdig/index.php?run_id=110202&search_id=114132&scans_id=110198&peptide_id=11696&scanf=20292&charge=3&value=16/52,sp|Q13242|SRSF9_HUMAN,/core/www/modules//consensus/?run_id=110202&search_id=114132&scans_id=110198&peptide_id=11696&scanf=20292&charge=3&value=sp|Q13242|SRSF9_HUMAN,2,/core/www/modules/match_peptides/blast_html4.php?run_id=110202&search_id=114132&scans_id=110198&peptide_id=11696&scanf=20292&charge=3&value=2,R.FEDPRDAEDAIYGR.N,/core/www/modules/show_out/show_out_wrapper.php?run_id=110202&search_id=114132&scans_id=110198&peptide_id=11696&scanf=20292&charge=3&value=R.FEDPRDAEDAIYGR.N,SRSF9,1.406e+7,3.132,0.002,2.603,0.000
20293,2,"  2.958","  0.379",11/20,/core/www/modules//sdig/index.php?run_id=110202&search_id=114132&scans_id=110198&peptide_id=11697&scanf=20293&charge=2&value=11/20,sp|P13667|PDIA4_HUMAN,/core/www/modules//consensus/?run_id=110202&search_id=114132&scans_id=110198&peptide_id=11697&scanf=20293&charge=2&value=sp|P13667|PDIA4_HUMAN,2,/core/www/modules/match_peptides/blast_html4.php?run_id=110202&search_id=114132&scans_id=110198&peptide_id=11697&scanf=20293&charge=2&value=2,K.QLEPVYNSLAK.K,/core/www/modules/show_out/show_out_wrapper.php?run_id=110202&search_id=114132&scans_id=110198&peptide_id=11697&scanf=20293&charge=2&value=K.QLEPVYNSLAK.K,PDIA4,1.094e+7,2.859,0.006,2.200,0.000
20294,3,"  3.168","  0.390",11/44,/core/www/modules//sdig/index.php?run_id=110202&search_id=114132&scans_id=110198&peptide_id=11698&scanf=20294&charge=3&value=11/44,sp|Q9UBB5|MBD2_HUMAN,/core/www/modules//consensus/?run_id=110202&search_id=114132&scans_id=110198&peptide_id=11698&scanf=20294&charge=3&value=sp|Q9UBB5|MBD2_HUMAN,1,/core/www/modules/match_peptides/blast_html4.php?run_id=110202&search_id=114132&scans_id=110198&peptide_id=11698&scanf=20294&charge=3&value=1,K.GKPDLNTTLPIR.Q,/core/www/modules/show_out/show_out_wrapper.php?run_id=110202&search_id=114132&scans_id=110198&peptide_id=11698&scanf=20294&charge=3&value=K.GKPDLNTTLPIR.Q,MBD2,1.258e+7,2.811,0.007,2.130,0.000
20295,2,"  1.781","  0.338",9/14,/core/www/modules//sdig/index.php?run_id=110202&search_id=114132&scans_id=110198&peptide_id=11699&scanf=20295&charge=2&value=9/14,sp|P35251|RFC1_HUMAN,/core/www/modules//consensus/?run_id=110202&search_id=114132&scans_id=110198&peptide_id=11699&scanf=20295&charge=2&value=sp|P35251|RFC1_HUMAN,0,/core/www/modules/match_peptides/blast_html4.php?run_id=110202&search_id=114132&scans_id=110198&peptide_id=11699&scanf=20295&charge=2&value=0,K.MGPFDVAR.K,/core/www/modules/show_out/show_out_wrapper.php?run_id=110202&search_id=114132&scans_id=110198&peptide_id=11699&scanf=20295&charge=2&value=K.MGPFDVAR.K,RFC1,1.996e+7,2.834,0.007,2.164,0.000
20296,2,"  3.290","  0.472",13/22,/core/www/modules//sdig/index.php?run_id=110202&search_id=114132&scans_id=110198&peptide_id=11700&scanf=20296&charge=2&value=13/22,sp|P41252|SYIC_HUMAN,/core/www/modules//consensus/?run_id=110202&search_id=114132&scans_id=110198&peptide_id=11700&scanf=20296&charge=2&value=sp|P41252|SYIC_HUMAN,7,/core/www/modules/match_peptides/blast_html4.php?run_id=110202&search_id=114132&scans_id=110198&peptide_id=11700&scanf=20296&charge=2&value=7,K.QLSSEELEQFQK.T,/core/www/modules/show_out/show_out_wrapper.php?run_id=110202&search_id=114132&scans_id=110198&peptide_id=11700&scanf=20296&charge=2&value=K.QLSSEELEQFQK.T,IARS1,1.955e+7,3.234,0.002,2.755,0.000
20299,2,"  3.116","  0.475",11/18,/core/www/modules//sdig/index.php?run_id=110202&search_id=114132&scans_id=110198&peptide_id=11703&scanf=20299&charge=2&value=11/18,sp|P46060|RAGP1_HUMAN,/core/www/modules//consensus/?run_id=110202&search_id=114132&scans_id=110198&peptide_id=11703&scanf=20299&charge=2&value=sp|P46060|RAGP1_HUMAN,1,/core/www/modules/match_peptides/blast_html4.php?run_id=110202&search_id=114132&scans_id=110198&peptide_id=11703&scanf=20299&charge=2&value=1,K.GAVAIADAIR.G,/core/www/modules/show_out/show_out_wrapper.php?run_id=110202&search_id=114132&scans_id=110198&peptide_id=11703&scanf=20299&charge=2&value=K.GAVAIADAIR.G,RANGAP1,1.683e+7,3.209,0.002,2.717,0.000
20300,2,"  2.722","  0.432",9/18,/core/www/modules//sdig/index.php?run_id=110202&search_id=114132&scans_id=110198&peptide_id=11705&scanf=20300&charge=2&value=9/18,sp|O00186|STXB3_HUMAN,/core/www/modules//consensus/?run_id=110202&search_id=114132&scans_id=110198&peptide_id=11705&scanf=20300&charge=2&value=sp|O00186|STXB3_HUMAN,0,/core/www/modules/match_peptides/blast_html4.php?run_id=110202&search_id=114132&scans_id=110198&peptide_id=11705&scanf=20300&charge=2&value=0,K.DIMEDAIDNR.L,/core/www/modules/show_out/show_out_wrapper.php?run_id=110202&search_id=114132&scans_id=110198&peptide_id=11705&scanf=20300&charge=2&value=K.DIMEDAIDNR.L,STXBP3,6.229e+6,2.872,0.006,2.219,0.000
20302,2,"  3.139","  0.292",13/28,/core/www/modules//sdig/index.php?run_id=110202&search_id=114132&scans_id=110198&peptide_id=11707&scanf=20302&charge=2&value=13/28,sp|P52272|HNRPM_HUMAN,/core/www/modules//consensus/?run_id=110202&search_id=114132&scans_id=110198&peptide_id=11707&scanf=20302&charge=2&value=sp|P52272|HNRPM_HUMAN,4,/core/www/modules/match_peptides/blast_html4.php?run_id=110202&search_id=114132&scans_id=110198&peptide_id=11707&scanf=20302&charge=2&value=4,R.MGPAM*GPALGAGIER.M,/core/www/modules/show_out/show_out_wrapper.php?run_id=110202&search_id=114132&scans_id=110198&peptide_id=11707&scanf=20302&charge=2&value=R.MGPAM*GPALGAGIER.M,HNRNPM,9.686e+6,3.405,0.001,3.008,0.000
20303,3,"  3.872","  0.412",11/60,/core/www/modules//sdig/index.php?run_id=110202&search_id=114132&scans_id=110198&peptide_id=11708&scanf=20303&charge=3&value=11/60,sp|Q13347|EIF3I_HUMAN,/core/www/modules//consensus/?run_id=110202&search_id=114132&scans_id=110198&peptide_id=11708&scanf=20303&charge=3&value=sp|Q13347|EIF3I_HUMAN,15,/core/www/modules/match_peptides/blast_html4.php?run_id=110202&search_id=114132&scans_id=110198&peptide_id=11708&scanf=20303&charge=3&value=15,K.GHFGPINSVAFHPDGK.S,/core/www/modules/show_out/show_out_wrapper.php?run_id=110202&search_id=114132&scans_id=110198&peptide_id=11708&scanf=20303&charge=3&value=K.GHFGPINSVAFHPDGK.S,EIF3I,1.840e+7,2.653,0.013,1.897,0.000
20304,2,"  2.893","  0.496",12/22,/core/www/modules//sdig/index.php?run_id=110202&search_id=114132&scans_id=110198&peptide_id=11709&scanf=20304&charge=2&value=12/22,sp|P35251|RFC1_HUMAN,/core/www/modules//consensus/?run_id=110202&search_id=114132&scans_id=110198&peptide_id=11709&scanf=20304&charge=2&value=sp|P35251|RFC1_HUMAN,0,/core/www/modules/match_peptides/blast_html4.php?run_id=110202&search_id=114132&scans_id=110198&peptide_id=11709&scanf=20304&charge=2&value=0,K.AALLSGPPGVGK.T,/core/www/modules/show_out/show_out_wrapper.php?run_id=110202&search_id=114132&scans_id=110198&peptide_id=11709&scanf=20304&charge=2&value=K.AALLSGPPGVGK.T,RFC1,3.385e+7,3.163,0.002,2.650,0.000
20305,2,"  2.384","  0.278",9/20,/core/www/modules//sdig/index.php?run_id=110202&search_id=114132&scans_id=110198&peptide_id=11710&scanf=20305&charge=2&value=9/20,sp|P26358|DNMT1_HUMAN,/core/www/modules//consensus/?run_id=110202&search_id=114132&scans_id=110198&peptide_id=11710&scanf=20305&charge=2&value=sp|P26358|DNMT1_HUMAN,6,/core/www/modules/match_peptides/blast_html4.php?run_id=110202&search_id=114132&scans_id=110198&peptide_id=11710&scanf=20305&charge=2&value=6,R.AIILAAAPGEK.L,/core/www/modules/show_out/show_out_wrapper.php?run_id=110202&search_id=114132&scans_id=110198&peptide_id=11710&scanf=20305&charge=2&value=R.AIILAAAPGEK.L,DNMT1,5.173e+6,2.267,0.046,1.339,0.002
20312,2,"  2.773","  0.515",15/24,/core/www/modules//sdig/index.php?run_id=110202&search_id=114132&scans_id=110198&peptide_id=11717&scanf=20312&charge=2&value=15/24,sp|P51531|SMCA2_HUMAN,/core/www/modules//consensus/?run_id=110202&search_id=114132&scans_id=110198&peptide_id=11717&scanf=20312&charge=2&value=sp|P51531|SMCA2_HUMAN,2,/core/www/modules/match_peptides/blast_html4.php?run_id=110202&search_id=114132&scans_id=110198&peptide_id=11717&scanf=20312&charge=2&value=2,K.ILLDPNSEEVSEK.D,/core/www/modules/show_out/show_out_wrapper.php?run_id=110202&search_id=114132&scans_id=110198&peptide_id=11717&scanf=20312&charge=2&value=K.ILLDPNSEEVSEK.D,SMARCA2,1.925e+8,3.523,0.001,3.183,0.000
20313,2,"  2.874","  0.465",11/16,/core/www/modules//sdig/index.php?run_id=110202&search_id=114132&scans_id=110198&peptide_id=11718&scanf=20313&charge=2&value=11/16,sp|O75367|H2AY_HUMAN,/core/www/modules//consensus/?run_id=110202&search_id=114132&scans_id=110198&peptide_id=11718&scanf=20313&charge=2&value=sp|O75367|H2AY_HUMAN,1,/core/www/modules/match_peptides/blast_html4.php?run_id=110202&search_id=114132&scans_id=110198&peptide_id=11718&scanf=20313&charge=2&value=1,K.QTAAQLILK.A,/core/www/modules/show_out/show_out_wrapper.php?run_id=110202&search_id=114132&scans_id=110198&peptide_id=11718&scanf=20313&charge=2&value=K.QTAAQLILK.A,MACROH2A1,4.219e+7,3.346,0.001,2.920,0.000
20314,4,"  2.997","  0.456",18/96,/core/www/modules//sdig/index.php?run_id=110202&search_id=114132&scans_id=110198&peptide_id=11719&scanf=20314&charge=4&value=18/96,sp|Q01780|EXOSX_HUMAN,/core/www/modules//consensus/?run_id=110202&search_id=114132&scans_id=110198&peptide_id=11719&scanf=20314&charge=4&value=sp|Q01780|EXOSX_HUMAN,0,/core/www/modules/match_peptides/blast_html4.php?run_id=110202&search_id=114132&scans_id=110198&peptide_id=11719&scanf=20314&charge=4&value=0,K.IFIKPNAQKPLPQALSK.E,/core/www/modules/show_out/show_out_wrapper.php?run_id=110202&search_id=114132&scans_id=110198&peptide_id=11719&scanf=20314&charge=4&value=K.IFIKPNAQKPLPQALSK.E,EXOSC10,1.338e+7,3.279,0.002,2.820,0.000
20316,2,"  1.984","  0.000",9/12,/core/www/modules//sdig/index.php?run_id=110202&search_id=114132&scans_id=110198&peptide_id=11721&scanf=20316&charge=2&value=9/12,sp|Q8WVC0|LEO1_HUMAN,/core/www/modules//consensus/?run_id=110202&search_id=114132&scans_id=110198&peptide_id=11721&scanf=20316&charge=2&value=sp|Q8WVC0|LEO1_HUMAN,0,/core/www/modules/match_peptides/blast_html4.php?run_id=110202&search_id=114132&scans_id=110198&peptide_id=11721&scanf=20316&charge=2&value=0,R.IEVEIPK.V,/core/www/modules/show_out/show_out_wrapper.php?run_id=110202&search_id=114132&scans_id=110198&peptide_id=11721&scanf=20316&charge=2&value=R.IEVEIPK.V,LEO1,1.108e+7,2.874,0.006,2.222,0.000
20317,2,"  2.280","  0.355",10/14,/core/www/modules//sdig/index.php?run_id=110202&search_id=114132&scans_id=110198&peptide_id=11722&scanf=20317&charge=2&value=10/14,sp|O43707|ACTN4_HUMAN,/core/www/modules//consensus/?run_id=110202&search_id=114132&scans_id=110198&peptide_id=11722&scanf=20317&charge=2&value=sp|O43707|ACTN4_HUMAN,23,/core/www/modules/match_peptides/blast_html4.php?run_id=110202&search_id=114132&scans_id=110198&peptide_id=11722&scanf=20317&charge=2&value=23,K.ALDFIASK.G,/core/www/modules/show_out/show_out_wrapper.php?run_id=110202&search_id=114132&scans_id=110198&peptide_id=11722&scanf=20317&charge=2&value=K.ALDFIASK.G,ACTN4,3.412e+8,3.375,0.001,2.964,0.000
20318,3,"  5.565","  0.631",24/76,/core/www/modules//sdig/index.php?run_id=110202&search_id=114132&scans_id=110198&peptide_id=11723&scanf=20318&charge=3&value=24/76,sp|Q13435|SF3B2_HUMAN,/core/www/modules//consensus/?run_id=110202&search_id=114132&scans_id=110198&peptide_id=11723&scanf=20318&charge=3&value=sp|Q13435|SF3B2_HUMAN,1,/core/www/modules/match_peptides/blast_html4.php?run_id=110202&search_id=114132&scans_id=110198&peptide_id=11723&scanf=20318&charge=3&value=1,K.QLVARPDVVEMHDVTAQDPK.L,/core/www/modules/show_out/show_out_wrapper.php?run_id=110202&search_id=114132&scans_id=110198&peptide_id=11723&scanf=20318&charge=3&value=K.QLVARPDVVEMHDVTAQDPK.L,SF3B2,9.203e+6,3.617,0.000,3.322,0.000
20321,3,"  1.552","  0.262",13/60,/core/www/modules//sdig/index.php?run_id=110202&search_id=114132&scans_id=110198&peptide_id=11727&scanf=20321&charge=3&value=13/60,sp|P39023|RL3_HUMAN,/core/www/modules//consensus/?run_id=110202&search_id=114132&scans_id=110198&peptide_id=11727&scanf=20321&charge=3&value=sp|P39023|RL3_HUMAN,4,/core/www/modules/match_peptides/blast_html4.php?run_id=110202&search_id=114132&scans_id=110198&peptide_id=11727&scanf=20321&charge=3&value=4,K.AHLMEIQVNGGTVAEK.L,/core/www/modules/show_out/show_out_wrapper.php?run_id=110202&search_id=114132&scans_id=110198&peptide_id=11727&scanf=20321&charge=3&value=K.AHLMEIQVNGGTVAEK.L,RPL3,1.291e+8,1.959,0.121,0.918,0.006
20324,2,"  2.334","  0.310",11/18,/core/www/modules//sdig/index.php?run_id=110202&search_id=114132&scans_id=110198&peptide_id=11730&scanf=20324&charge=2&value=11/18,sp|Q7KZ85|SPT6H_HUMAN,/core/www/modules//consensus/?run_id=110202&search_id=114132&scans_id=110198&peptide_id=11730&scanf=20324&charge=2&value=sp|Q7KZ85|SPT6H_HUMAN,0,/core/www/modules/match_peptides/blast_html4.php?run_id=110202&search_id=114132&scans_id=110198&peptide_id=11730&scanf=20324&charge=2&value=0,K.ETPETFYIGK.L,/core/www/modules/show_out/show_out_wrapper.php?run_id=110202&search_id=114132&scans_id=110198&peptide_id=11730&scanf=20324&charge=2&value=K.ETPETFYIGK.L,SUPT6H,6.089e+6,2.568,0.017,1.774,0.000
20326,3,"  3.091","  0.483",14/52,/core/www/modules//sdig/index.php?run_id=110202&search_id=114132&scans_id=110198&peptide_id=11732&scanf=20326&charge=3&value=14/52,sp|Q14152|EIF3A_HUMAN,/core/www/modules//consensus/?run_id=110202&search_id=114132&scans_id=110198&peptide_id=11732&scanf=20326&charge=3&value=sp|Q14152|EIF3A_HUMAN,0,/core/www/modules/match_peptides/blast_html4.php?run_id=110202&search_id=114132&scans_id=110198&peptide_id=11732&scanf=20326&charge=3&value=0,R.IKDMDLWEQQEEER.I,/core/www/modules/show_out/show_out_wrapper.php?run_id=110202&search_id=114132&scans_id=110198&peptide_id=11732&scanf=20326&charge=3&value=R.IKDMDLWEQQEEER.I,EIF3A,1.222e+7,2.872,0.006,2.220,0.000
20331,3,"  2.348","  0.342",11/32,/core/www/modules//sdig/index.php?run_id=110202&search_id=114132&scans_id=110198&peptide_id=11738&scanf=20331&charge=3&value=11/32,sp|Q9NYL9|TMOD3_HUMAN,/core/www/modules//consensus/?run_id=110202&search_id=114132&scans_id=110198&peptide_id=11738&scanf=20331&charge=3&value=sp|Q9NYL9|TMOD3_HUMAN,0,/core/www/modules/match_peptides/blast_html4.php?run_id=110202&search_id=114132&scans_id=110198&peptide_id=11738&scanf=20331&charge=3&value=0,R.EHLLSYLEK.E,/core/www/modules/show_out/show_out_wrapper.php?run_id=110202&search_id=114132&scans_id=110198&peptide_id=11738&scanf=20331&charge=3&value=R.EHLLSYLEK.E,TMOD3,7.110e+6,2.853,0.006,2.191,0.000
20333,2,"  3.578","  0.594",13/22,/core/www/modules//sdig/index.php?run_id=110202&search_id=114132&scans_id=110198&peptide_id=11739&scanf=20333&charge=2&value=13/22,sp|Q96I24|FUBP3_HUMAN,/core/www/modules//consensus/?run_id=110202&search_id=114132&scans_id=110198&peptide_id=11739&scanf=20333&charge=2&value=sp|Q96I24|FUBP3_HUMAN,0,/core/www/modules/match_peptides/blast_html4.php?run_id=110202&search_id=114132&scans_id=110198&peptide_id=11739&scanf=20333&charge=2&value=0,R.MGGGSIEVSVPR.F,/core/www/modules/show_out/show_out_wrapper.php?run_id=110202&search_id=114132&scans_id=110198&peptide_id=11739&scanf=20333&charge=2&value=R.MGGGSIEVSVPR.F,FUBP3,1.484e+7,3.488,0.001,3.130,0.000
20335,2,"  2.454","  0.134",12/20,/core/www/modules//sdig/index.php?run_id=110202&search_id=114132&scans_id=110198&peptide_id=11741&scanf=20335&charge=2&value=12/20,sp|P42166|LAP2A_HUMAN,/core/www/modules//consensus/?run_id=110202&search_id=114132&scans_id=110198&peptide_id=11741&scanf=20335&charge=2&value=sp|P42166|LAP2A_HUMAN,0,/core/www/modules/match_peptides/blast_html4.php?run_id=110202&search_id=114132&scans_id=110198&peptide_id=11741&scanf=20335&charge=2&value=0,R.EPLVATNLPGR.G,/core/www/modules/show_out/show_out_wrapper.php?run_id=110202&search_id=114132&scans_id=110198&peptide_id=11741&scanf=20335&charge=2&value=R.EPLVATNLPGR.G,TMPO,1.744e+7,2.041,0.094,1.027,0.004
20336,2,"  1.789","  0.398",7/12,/core/www/modules//sdig/index.php?run_id=110202&search_id=114132&scans_id=110198&peptide_id=11742&scanf=20336&charge=2&value=7/12,sp|P62277|RS13_HUMAN,/core/www/modules//consensus/?run_id=110202&search_id=114132&scans_id=110198&peptide_id=11742&scanf=20336&charge=2&value=sp|P62277|RS13_HUMAN,2,/core/www/modules/match_peptides/blast_html4.php?run_id=110202&search_id=114132&scans_id=110198&peptide_id=11742&scanf=20336&charge=2&value=2,R.SVPTWLK.L,/core/www/modules/show_out/show_out_wrapper.php?run_id=110202&search_id=114132&scans_id=110198&peptide_id=11742&scanf=20336&charge=2&value=R.SVPTWLK.L,RPS13,1.357e+8,3.016,0.004,2.432,0.000
20337,3,"  4.072","  0.448",14/52,/core/www/modules//sdig/index.php?run_id=110202&search_id=114132&scans_id=110198&peptide_id=11743&scanf=20337&charge=3&value=14/52,sp|Q9Y6V7|DDX49_HUMAN,/core/www/modules//consensus/?run_id=110202&search_id=114132&scans_id=110198&peptide_id=11743&scanf=20337&charge=3&value=sp|Q9Y6V7|DDX49_HUMAN,0,/core/www/modules/match_peptides/blast_html4.php?run_id=110202&search_id=114132&scans_id=110198&peptide_id=11743&scanf=20337&charge=3&value=0,K.QLILEGKDPDLEAK.R,/core/www/modules/show_out/show_out_wrapper.php?run_id=110202&search_id=114132&scans_id=110198&peptide_id=11743&scanf=20337&charge=3&value=K.QLILEGKDPDLEAK.R,DDX49,1.054e+7,2.762,0.009,2.058,0.000
20340,4,"  4.217","  0.599",22/84,/core/www/modules//sdig/index.php?run_id=110202&search_id=114132&scans_id=110198&peptide_id=11747&scanf=20340&charge=4&value=22/84,sp|Q8TAQ2|SMRC2_HUMAN,/core/www/modules//consensus/?run_id=110202&search_id=114132&scans_id=110198&peptide_id=11747&scanf=20340&charge=4&value=sp|Q8TAQ2|SMRC2_HUMAN,1,/core/www/modules/match_peptides/blast_html4.php?run_id=110202&search_id=114132&scans_id=110198&peptide_id=11747&scanf=20340&charge=4&value=1,K.MKEEVPTALVEAHVR.K,/core/www/modules/show_out/show_out_wrapper.php?run_id=110202&search_id=114132&scans_id=110198&peptide_id=11747&scanf=20340&charge=4&value=K.MKEEVPTALVEAHVR.K,SMARCC2,7.313e+7,3.833,0.000,3.642,0.000
20342,2,"  3.178","  0.255",11/20,/core/www/modules//sdig/index.php?run_id=110202&search_id=114132&scans_id=110198&peptide_id=11749&scanf=20342&charge=2&value=11/20,sp|Q92616|GCN1_HUMAN,/core/www/modules//consensus/?run_id=110202&search_id=114132&scans_id=110198&peptide_id=11749&scanf=20342&charge=2&value=sp|Q92616|GCN1_HUMAN,0,/core/www/modules/match_peptides/blast_html4.php?run_id=110202&search_id=114132&scans_id=110198&peptide_id=11749&scanf=20342&charge=2&value=0,R.VDENGPELLPR.V,/core/www/modules/show_out/show_out_wrapper.php?run_id=110202&search_id=114132&scans_id=110198&peptide_id=11749&scanf=20342&charge=2&value=R.VDENGPELLPR.V,GCN1,9.107e+6,2.536,0.019,1.726,0.000
20344,3,"  3.738","  0.510",17/48,/core/www/modules//sdig/index.php?run_id=110202&search_id=114132&scans_id=110198&peptide_id=11751&scanf=20344&charge=3&value=17/48,sp|P30154|2AAB_HUMAN,/core/www/modules//consensus/?run_id=110202&search_id=114132&scans_id=110198&peptide_id=11751&scanf=20344&charge=3&value=sp|P30154|2AAB_HUMAN,0,/core/www/modules/match_peptides/blast_html4.php?run_id=110202&search_id=114132&scans_id=110198&peptide_id=11751&scanf=20344&charge=3&value=0,K.VLVMANDPNYLHR.M,/core/www/modules/show_out/show_out_wrapper.php?run_id=110202&search_id=114132&scans_id=110198&peptide_id=11751&scanf=20344&charge=3&value=K.VLVMANDPNYLHR.M,PPP2R1B,6.845e+6,3.341,0.001,2.912,0.000
20347,3,"  3.997","  0.469",13/60,/core/www/modules//sdig/index.php?run_id=110202&search_id=114132&scans_id=110198&peptide_id=11754&scanf=20347&charge=3&value=13/60,sp|P33992|MCM5_HUMAN,/core/www/modules//consensus/?run_id=110202&search_id=114132&scans_id=110198&peptide_id=11754&scanf=20347&charge=3&value=sp|P33992|MCM5_HUMAN,1,/core/www/modules/match_peptides/blast_html4.php?run_id=110202&search_id=114132&scans_id=110198&peptide_id=11754&scanf=20347&charge=3&value=1,R.VAIHEAMEQQTISIAK.A,/core/www/modules/show_out/show_out_wrapper.php?run_id=110202&search_id=114132&scans_id=110198&peptide_id=11754&scanf=20347&charge=3&value=R.VAIHEAMEQQTISIAK.A,MCM5,1.405e+7,2.865,0.006,2.209,0.000
20349,2,"  5.620","  0.754",21/30,/core/www/modules//sdig/index.php?run_id=110202&search_id=114132&scans_id=110198&peptide_id=11756&scanf=20349&charge=2&value=21/30,sp|P07237|PDIA1_HUMAN,/core/www/modules//consensus/?run_id=110202&search_id=114132&scans_id=110198&peptide_id=11756&scanf=20349&charge=2&value=sp|P07237|PDIA1_HUMAN,22,/core/www/modules/match_peptides/blast_html4.php?run_id=110202&search_id=114132&scans_id=110198&peptide_id=11756&scanf=20349&charge=2&value=22,K.VDATEESDLAQQYGVR.G,/core/www/modules/show_out/show_out_wrapper.php?run_id=110202&search_id=114132&scans_id=110198&peptide_id=11756&scanf=20349&charge=2&value=K.VDATEESDLAQQYGVR.G,P4HB,2.358e+7,4.276,0.000,4.298,0.000
20350,2,"  5.467","  0.779",22/30,/core/www/modules//sdig/index.php?run_id=110202&search_id=114132&scans_id=110198&peptide_id=11758&scanf=20350&charge=2&value=22/30,sp|P39023|RL3_HUMAN,/core/www/modules//consensus/?run_id=110202&search_id=114132&scans_id=110198&peptide_id=11758&scanf=20350&charge=2&value=sp|P39023|RL3_HUMAN,4,/core/www/modules/match_peptides/blast_html4.php?run_id=110202&search_id=114132&scans_id=110198&peptide_id=11758&scanf=20350&charge=2&value=4,K.AHLMEIQVNGGTVAEK.L,/core/www/modules/show_out/show_out_wrapper.php?run_id=110202&search_id=114132&scans_id=110198&peptide_id=11758&scanf=20350&charge=2&value=K.AHLMEIQVNGGTVAEK.L,RPL3,9.108e+6,4.437,0.000,4.538,0.000
20354,2,"  1.918","  0.497",9/14,/core/www/modules//sdig/index.php?run_id=110202&search_id=114132&scans_id=110198&peptide_id=11761&scanf=20354&charge=2&value=9/14,sp|P68104|EF1A1_HUMAN,/core/www/modules//consensus/?run_id=110202&search_id=114132&scans_id=110198&peptide_id=11761&scanf=20354&charge=2&value=sp|P68104|EF1A1_HUMAN,8,/core/www/modules/match_peptides/blast_html4.php?run_id=110202&search_id=114132&scans_id=110198&peptide_id=11761&scanf=20354&charge=2&value=8,R.LPLQDVYK.I,/core/www/modules/show_out/show_out_wrapper.php?run_id=110202&search_id=114132&scans_id=110198&peptide_id=11761&scanf=20354&charge=2&value=R.LPLQDVYK.I,EEF1A1,4.998e+8,3.385,0.001,2.977,0.000
20355,3,"  4.551","  0.712",20/56,/core/www/modules//sdig/index.php?run_id=110202&search_id=114132&scans_id=110198&peptide_id=11762&scanf=20355&charge=3&value=20/56,sp|P46778|RL21_HUMAN,/core/www/modules//consensus/?run_id=110202&search_id=114132&scans_id=110198&peptide_id=11762&scanf=20355&charge=3&value=sp|P46778|RL21_HUMAN,2,/core/www/modules/match_peptides/blast_html4.php?run_id=110202&search_id=114132&scans_id=110198&peptide_id=11762&scanf=20355&charge=3&value=2,R.VYNVTQHAVGIVVNK.Q,/core/www/modules/show_out/show_out_wrapper.php?run_id=110202&search_id=114132&scans_id=110198&peptide_id=11762&scanf=20355&charge=3&value=R.VYNVTQHAVGIVVNK.Q,RPL21,3.569e+8,3.991,0.000,3.877,0.000
20357,3,"  6.038","  0.736",28/56,/core/www/modules//sdig/index.php?run_id=110202&search_id=114132&scans_id=110198&peptide_id=11764&scanf=20357&charge=3&value=28/56,sp|Q8TAQ2|SMRC2_HUMAN,/core/www/modules//consensus/?run_id=110202&search_id=114132&scans_id=110198&peptide_id=11764&scanf=20357&charge=3&value=sp|Q8TAQ2|SMRC2_HUMAN,1,/core/www/modules/match_peptides/blast_html4.php?run_id=110202&search_id=114132&scans_id=110198&peptide_id=11764&scanf=20357&charge=3&value=1,K.MKEEVPTALVEAHVR.K,/core/www/modules/show_out/show_out_wrapper.php?run_id=110202&search_id=114132&scans_id=110198&peptide_id=11764&scanf=20357&charge=3&value=K.MKEEVPTALVEAHVR.K,SMARCC2,5.472e+7,4.282,0.000,4.308,0.000
20358,3,"  1.655","  0.182",8/32,/core/www/modules//sdig/index.php?run_id=110202&search_id=114132&scans_id=110198&peptide_id=11765&scanf=20358&charge=3&value=8/32,sp|Q5SSJ5|HP1B3_HUMAN,/core/www/modules//consensus/?run_id=110202&search_id=114132&scans_id=110198&peptide_id=11765&scanf=20358&charge=3&value=sp|Q5SSJ5|HP1B3_HUMAN,2,/core/www/modules/match_peptides/blast_html4.php?run_id=110202&search_id=114132&scans_id=110198&peptide_id=11765&scanf=20358&charge=3&value=2,R.VDIRPQLLK.N,/core/www/modules/show_out/show_out_wrapper.php?run_id=110202&search_id=114132&scans_id=110198&peptide_id=11765&scanf=20358&charge=3&value=R.VDIRPQLLK.N,HP1BP3,2.695e+8,2.083,0.082,1.084,0.003
20359,2,"  2.881","  0.436",11/16,/core/www/modules//sdig/index.php?run_id=110202&search_id=114132&scans_id=110198&peptide_id=11766&scanf=20359&charge=2&value=11/16,sp|P34897|GLYM_HUMAN,/core/www/modules//consensus/?run_id=110202&search_id=114132&scans_id=110198&peptide_id=11766&scanf=20359&charge=2&value=sp|P34897|GLYM_HUMAN,2,/core/www/modules/match_peptides/blast_html4.php?run_id=110202&search_id=114132&scans_id=110198&peptide_id=11766&scanf=20359&charge=2&value=2,R.AMADALLER.G,/core/www/modules/show_out/show_out_wrapper.php?run_id=110202&search_id=114132&scans_id=110198&peptide_id=11766&scanf=20359&charge=2&value=R.AMADALLER.G,SHMT2,1.614e+7,3.251,0.002,2.780,0.000
20360,2,"  2.018","  0.312",8/14,/core/www/modules//sdig/index.php?run_id=110202&search_id=114132&scans_id=110198&peptide_id=11768&scanf=20360&charge=2&value=8/14,sp|P18754|RCC1_HUMAN,/core/www/modules//consensus/?run_id=110202&search_id=114132&scans_id=110198&peptide_id=11768&scanf=20360&charge=2&value=sp|P18754|RCC1_HUMAN,5,/core/www/modules/match_peptides/blast_html4.php?run_id=110202&search_id=114132&scans_id=110198&peptide_id=11768&scanf=20360&charge=2&value=5,R.VPELFANR.G,/core/www/modules/show_out/show_out_wrapper.php?run_id=110202&search_id=114132&scans_id=110198&peptide_id=11768&scanf=20360&charge=2&value=R.VPELFANR.G,RCC1,2.414e+7,2.658,0.012,1.904,0.000
20362,2,"  2.801","  0.479",14/22,/core/www/modules//sdig/index.php?run_id=110202&search_id=114132&scans_id=110198&peptide_id=11770&scanf=20362&charge=2&value=14/22,sp|Q96GQ7|DDX27_HUMAN,/core/www/modules//consensus/?run_id=110202&search_id=114132&scans_id=110198&peptide_id=11770&scanf=20362&charge=2&value=sp|Q96GQ7|DDX27_HUMAN,1,/core/www/modules/match_peptides/blast_html4.php?run_id=110202&search_id=114132&scans_id=110198&peptide_id=11770&scanf=20362&charge=2&value=1,K.SVFDEELTNTSK.K,/core/www/modules/show_out/show_out_wrapper.php?run_id=110202&search_id=114132&scans_id=110198&peptide_id=11770&scanf=20362&charge=2&value=K.SVFDEELTNTSK.K,DDX27,1.308e+7,3.191,0.002,2.690,0.000
20363,3,"  2.433","  0.287",13/40,/core/www/modules//sdig/index.php?run_id=110202&search_id=114132&scans_id=110198&peptide_id=11771&scanf=20363&charge=3&value=13/40,sp|Q9NSD9|SYFB_HUMAN,/core/www/modules//consensus/?run_id=110202&search_id=114132&scans_id=110198&peptide_id=11771&scanf=20363&charge=3&value=sp|Q9NSD9|SYFB_HUMAN,0,/core/www/modules/match_peptides/blast_html4.php?run_id=110202&search_id=114132&scans_id=110198&peptide_id=11771&scanf=20363&charge=3&value=0,K.LGVLHPDVITK.F,/core/www/modules/show_out/show_out_wrapper.php?run_id=110202&search_id=114132&scans_id=110198&peptide_id=11771&scanf=20363&charge=3&value=K.LGVLHPDVITK.F,FARSB,2.012e+7,2.570,0.017,1.776,0.000
20364,3,"  3.133","  0.429",14/40,/core/www/modules//sdig/index.php?run_id=110202&search_id=114132&scans_id=110198&peptide_id=11772&scanf=20364&charge=3&value=14/40,sp|Q7KZ85|SPT6H_HUMAN,/core/www/modules//consensus/?run_id=110202&search_id=114132&scans_id=110198&peptide_id=11772&scanf=20364&charge=3&value=sp|Q7KZ85|SPT6H_HUMAN,0,/core/www/modules/match_peptides/blast_html4.php?run_id=110202&search_id=114132&scans_id=110198&peptide_id=11772&scanf=20364&charge=3&value=0,R.DAQMLIEDVKR.I,/core/www/modules/show_out/show_out_wrapper.php?run_id=110202&search_id=114132&scans_id=110198&peptide_id=11772&scanf=20364&charge=3&value=R.DAQMLIEDVKR.I,SUPT6H,1.277e+7,2.866,0.006,2.211,0.000
20366,2,"  3.713","  0.566",12/22,/core/www/modules//sdig/index.php?run_id=110202&search_id=114132&scans_id=110198&peptide_id=11774&scanf=20366&charge=2&value=12/22,sp|P49411|EFTU_HUMAN,/core/www/modules//consensus/?run_id=110202&search_id=114132&scans_id=110198&peptide_id=11774&scanf=20366&charge=2&value=sp|P49411|EFTU_HUMAN,0,/core/www/modules/match_peptides/blast_html4.php?run_id=110202&search_id=114132&scans_id=110198&peptide_id=11774&scanf=20366&charge=2&value=0,R.AEAGDNLGALVR.G,/core/www/modules/show_out/show_out_wrapper.php?run_id=110202&search_id=114132&scans_id=110198&peptide_id=11774&scanf=20366&charge=2&value=R.AEAGDNLGALVR.G,TUFM,8.606e+7,3.456,0.001,3.083,0.000
20367,2,"  3.130","  0.541",12/24,/core/www/modules//sdig/index.php?run_id=110202&search_id=114132&scans_id=110198&peptide_id=11775&scanf=20367&charge=2&value=12/24,sp|Q9UFC0|LRWD1_HUMAN,/core/www/modules//consensus/?run_id=110202&search_id=114132&scans_id=110198&peptide_id=11775&scanf=20367&charge=2&value=sp|Q9UFC0|LRWD1_HUMAN,1,/core/www/modules/match_peptides/blast_html4.php?run_id=110202&search_id=114132&scans_id=110198&peptide_id=11775&scanf=20367&charge=2&value=1,K.FMATLGPEEEAEK.A,/core/www/modules/show_out/show_out_wrapper.php?run_id=110202&search_id=114132&scans_id=110198&peptide_id=11775&scanf=20367&charge=2&value=K.FMATLGPEEEAEK.A,LRWD1,6.820e+6,3.117,0.003,2.581,0.000
20369,3,"  3.203","  0.170",11/48,/core/www/modules//sdig/index.php?run_id=110202&search_id=114132&scans_id=110198&peptide_id=11777&scanf=20369&charge=3&value=11/48,sp|Q86UP2|KTN1_HUMAN,/core/www/modules//consensus/?run_id=110202&search_id=114132&scans_id=110198&peptide_id=11777&scanf=20369&charge=3&value=sp|Q86UP2|KTN1_HUMAN,0,/core/www/modules/match_peptides/blast_html4.php?run_id=110202&search_id=114132&scans_id=110198&peptide_id=11777&scanf=20369&charge=3&value=0,R.LLEEQLQHEISNK.M,/core/www/modules/show_out/show_out_wrapper.php?run_id=110202&search_id=114132&scans_id=110198&peptide_id=11777&scanf=20369&charge=3&value=R.LLEEQLQHEISNK.M,KTN1,6.354e+6,1.908,0.140,0.852,0.007
20370,2,"  4.947","  0.620",19/24,/core/www/modules//sdig/index.php?run_id=110202&search_id=114132&scans_id=110198&peptide_id=11779&scanf=20370&charge=2&value=19/24,sp|Q13185|CBX3_HUMAN,/core/www/modules//consensus/?run_id=110202&search_id=114132&scans_id=110198&peptide_id=11779&scanf=20370&charge=2&value=sp|Q13185|CBX3_HUMAN,0,/core/www/modules/match_peptides/blast_html4.php?run_id=110202&search_id=114132&scans_id=110198&peptide_id=11779&scanf=20370&charge=2&value=0,K.WKDSDEADLVLAK.E,/core/www/modules/show_out/show_out_wrapper.php?run_id=110202&search_id=114132&scans_id=110198&peptide_id=11779&scanf=20370&charge=2&value=K.WKDSDEADLVLAK.E,CBX3,1.984e+7,3.622,0.000,3.329,0.000
20372,2,"  2.865","  0.503",13/14,/core/www/modules//sdig/index.php?run_id=110202&search_id=114132&scans_id=110198&peptide_id=11781&scanf=20372&charge=2&value=13/14,sp|Q9BVP2|GNL3_HUMAN,/core/www/modules//consensus/?run_id=110202&search_id=114132&scans_id=110198&peptide_id=11781&scanf=20372&charge=2&value=sp|Q9BVP2|GNL3_HUMAN,0,/core/www/modules/match_peptides/blast_html4.php?run_id=110202&search_id=114132&scans_id=110198&peptide_id=11781&scanf=20372&charge=2&value=0,K.KLVLILNK.S,/core/www/modules/show_out/show_out_wrapper.php?run_id=110202&search_id=114132&scans_id=110198&peptide_id=11781&scanf=20372&charge=2&value=K.KLVLILNK.S,GNL3,9.461e+6,3.608,0.000,3.309,0.000
20376,3,"  3.367","  0.379",14/52,/core/www/modules//sdig/index.php?run_id=110202&search_id=114132&scans_id=110198&peptide_id=11784&scanf=20376&charge=3&value=14/52,sp|Q10570|CPSF1_HUMAN,/core/www/modules//consensus/?run_id=110202&search_id=114132&scans_id=110198&peptide_id=11784&scanf=20376&charge=3&value=sp|Q10570|CPSF1_HUMAN,1,/core/www/modules/match_peptides/blast_html4.php?run_id=110202&search_id=114132&scans_id=110198&peptide_id=11784&scanf=20376&charge=3&value=1,K.LSVVEYDPGTHDLK.T,/core/www/modules/show_out/show_out_wrapper.php?run_id=110202&search_id=114132&scans_id=110198&peptide_id=11784&scanf=20376&charge=3&value=K.LSVVEYDPGTHDLK.T,CPSF1,2.065e+7,2.808,0.008,2.125,0.000
20378,2,"  2.974","  0.583",12/20,/core/www/modules//sdig/index.php?run_id=110202&search_id=114132&scans_id=110198&peptide_id=11786&scanf=20378&charge=2&value=12/20,sp|P62424|RL7A_HUMAN,/core/www/modules//consensus/?run_id=110202&search_id=114132&scans_id=110198&peptide_id=11786&scanf=20378&charge=2&value=sp|P62424|RL7A_HUMAN,1,/core/www/modules/match_peptides/blast_html4.php?run_id=110202&search_id=114132&scans_id=110198&peptide_id=11786&scanf=20378&charge=2&value=1,K.NFGIGQDIQPK.R,/core/www/modules/show_out/show_out_wrapper.php?run_id=110202&search_id=114132&scans_id=110198&peptide_id=11786&scanf=20378&charge=2&value=K.NFGIGQDIQPK.R,RPL7A,3.340e+8,3.544,0.001,3.213,0.000
20379,3,"  5.681","  0.697",26/76,/core/www/modules//sdig/index.php?run_id=110202&search_id=114132&scans_id=110198&peptide_id=11787&scanf=20379&charge=3&value=26/76,sp|P13010|XRCC5_HUMAN,/core/www/modules//consensus/?run_id=110202&search_id=114132&scans_id=110198&peptide_id=11787&scanf=20379&charge=3&value=sp|P13010|XRCC5_HUMAN,0,/core/www/modules/match_peptides/blast_html4.php?run_id=110202&search_id=114132&scans_id=110198&peptide_id=11787&scanf=20379&charge=3&value=0,K.DQVTAQEIFQDNHEDGPTAK.K,/core/www/modules/show_out/show_out_wrapper.php?run_id=110202&search_id=114132&scans_id=110198&peptide_id=11787&scanf=20379&charge=3&value=K.DQVTAQEIFQDNHEDGPTAK.K,XRCC5,3.769e+7,3.945,0.000,3.809,0.000
20380,3,"  4.201","  0.512",17/60,/core/www/modules//sdig/index.php?run_id=110202&search_id=114132&scans_id=110198&peptide_id=11789&scanf=20380&charge=3&value=17/60,sp|Q00610|CLH1_HUMAN,/core/www/modules//consensus/?run_id=110202&search_id=114132&scans_id=110198&peptide_id=11789&scanf=20380&charge=3&value=sp|Q00610|CLH1_HUMAN,8,/core/www/modules/match_peptides/blast_html4.php?run_id=110202&search_id=114132&scans_id=110198&peptide_id=11789&scanf=20380&charge=3&value=8,K.VSQPIEGHAASFAQFK.M,/core/www/modules/show_out/show_out_wrapper.php?run_id=110202&search_id=114132&scans_id=110198&peptide_id=11789&scanf=20380&charge=3&value=K.VSQPIEGHAASFAQFK.M,CLTC,1.018e+7,3.236,0.002,2.757,0.000
20381,2,"  2.720","  0.386",11/20,/core/www/modules//sdig/index.php?run_id=110202&search_id=114132&scans_id=110198&peptide_id=11790&scanf=20381&charge=2&value=11/20,sp|P13667|PDIA4_HUMAN,/core/www/modules//consensus/?run_id=110202&search_id=114132&scans_id=110198&peptide_id=11790&scanf=20381&charge=2&value=sp|P13667|PDIA4_HUMAN,2,/core/www/modules/match_peptides/blast_html4.php?run_id=110202&search_id=114132&scans_id=110198&peptide_id=11790&scanf=20381&charge=2&value=2,K.RFDVSGYPTLK.I,/core/www/modules/show_out/show_out_wrapper.php?run_id=110202&search_id=114132&scans_id=110198&peptide_id=11790&scanf=20381&charge=2&value=K.RFDVSGYPTLK.I,PDIA4,1.143e+7,2.557,0.018,1.757,0.000
20382,2,"  2.255","  0.524",10/18,/core/www/modules//sdig/index.php?run_id=110202&search_id=114132&scans_id=110198&peptide_id=11791&scanf=20382&charge=2&value=10/18,sp|Q9H6W3|RIOX1_HUMAN,/core/www/modules//consensus/?run_id=110202&search_id=114132&scans_id=110198&peptide_id=11791&scanf=20382&charge=2&value=sp|Q9H6W3|RIOX1_HUMAN,0,/core/www/modules/match_peptides/blast_html4.php?run_id=110202&search_id=114132&scans_id=110198&peptide_id=11791&scanf=20382&charge=2&value=0,R.LVEVPAAPVR.V,/core/www/modules/show_out/show_out_wrapper.php?run_id=110202&search_id=114132&scans_id=110198&peptide_id=11791&scanf=20382&charge=2&value=R.LVEVPAAPVR.V,RIOX1,3.306e+7,3.290,0.001,2.838,0.000
20383,3,"  2.304","  0.398",10/32,/core/www/modules//sdig/index.php?run_id=110202&search_id=114132&scans_id=110198&peptide_id=11792&scanf=20383&charge=3&value=10/32,sp|P0CG47|UBB_HUMAN,/core/www/modules//consensus/?run_id=110202&search_id=114132&scans_id=110198&peptide_id=11792&scanf=20383&charge=3&value=sp|P0CG47|UBB_HUMAN,18,/core/www/modules/match_peptides/blast_html4.php?run_id=110202&search_id=114132&scans_id=110198&peptide_id=11792&scanf=20383&charge=3&value=18,K.ESTLHLVLR.L,/core/www/modules/show_out/show_out_wrapper.php?run_id=110202&search_id=114132&scans_id=110198&peptide_id=11792&scanf=20383&charge=3&value=K.ESTLHLVLR.L,UBB,1.011e+7,2.975,0.004,2.371,0.000
20384,2,"  2.705","  0.448",13/22,/core/www/modules//sdig/index.php?run_id=110202&search_id=114132&scans_id=110198&peptide_id=11793&scanf=20384&charge=2&value=13/22,sp|Q96N67|DOCK7_HUMAN,/core/www/modules//consensus/?run_id=110202&search_id=114132&scans_id=110198&peptide_id=11793&scanf=20384&charge=2&value=sp|Q96N67|DOCK7_HUMAN,3,/core/www/modules/match_peptides/blast_html4.php?run_id=110202&search_id=114132&scans_id=110198&peptide_id=11793&scanf=20384&charge=2&value=3,K.LGTGFNPNTLDK.Q,/core/www/modules/show_out/show_out_wrapper.php?run_id=110202&search_id=114132&scans_id=110198&peptide_id=11793&scanf=20384&charge=2&value=K.LGTGFNPNTLDK.Q,DOCK7,6.780e+6,2.940,0.005,2.320,0.000
20385,2,"  2.147","  0.000",9/14,/core/www/modules//sdig/index.php?run_id=110202&search_id=114132&scans_id=110198&peptide_id=11794&scanf=20385&charge=2&value=9/14,sp|P15311|EZRI_HUMAN,/core/www/modules//consensus/?run_id=110202&search_id=114132&scans_id=110198&peptide_id=11794&scanf=20385&charge=2&value=sp|P15311|EZRI_HUMAN,1,/core/www/modules/match_peptides/blast_html4.php?run_id=110202&search_id=114132&scans_id=110198&peptide_id=11794&scanf=20385&charge=2&value=1,K.IALLEEAR.R,/core/www/modules/show_out/show_out_wrapper.php?run_id=110202&search_id=114132&scans_id=110198&peptide_id=11794&scanf=20385&charge=2&value=K.IALLEEAR.R,EZR,3.236e+7,2.396,0.030,1.524,0.001
20386,2,"  2.411","  0.466",9/16,/core/www/modules//sdig/index.php?run_id=110202&search_id=114132&scans_id=110198&peptide_id=11795&scanf=20386&charge=2&value=9/16,sp|P14868|SYDC_HUMAN,/core/www/modules//consensus/?run_id=110202&search_id=114132&scans_id=110198&peptide_id=11795&scanf=20386&charge=2&value=sp|P14868|SYDC_HUMAN,0,/core/www/modules/match_peptides/blast_html4.php?run_id=110202&search_id=114132&scans_id=110198&peptide_id=11795&scanf=20386&charge=2&value=0,K.GFVEIQTPK.I,/core/www/modules/show_out/show_out_wrapper.php?run_id=110202&search_id=114132&scans_id=110198&peptide_id=11795&scanf=20386&charge=2&value=K.GFVEIQTPK.I,DARS1,4.185e+7,3.181,0.002,2.676,0.000
20387,2,"  3.021","  0.394",13/26,/core/www/modules//sdig/index.php?run_id=110202&search_id=114132&scans_id=110198&peptide_id=11796&scanf=20387&charge=2&value=13/26,sp|P30043|BLVRB_HUMAN,/core/www/modules//consensus/?run_id=110202&search_id=114132&scans_id=110198&peptide_id=11796&scanf=20387&charge=2&value=sp|P30043|BLVRB_HUMAN,3,/core/www/modules/match_peptides/blast_html4.php?run_id=110202&search_id=114132&scans_id=110198&peptide_id=11796&scanf=20387&charge=2&value=3,R.NDLSPTTVMSEGAR.N,/core/www/modules/show_out/show_out_wrapper.php?run_id=110202&search_id=114132&scans_id=110198&peptide_id=11796&scanf=20387&charge=2&value=R.NDLSPTTVMSEGAR.N,BLVRB,8.170e+6,2.621,0.014,1.851,0.000
20389,2,"  1.990","  0.276",9/14,/core/www/modules//sdig/index.php?run_id=110202&search_id=114132&scans_id=110198&peptide_id=11798&scanf=20389&charge=2&value=9/14,sp|O00255|MEN1_HUMAN,/core/www/modules//consensus/?run_id=110202&search_id=114132&scans_id=110198&peptide_id=11798&scanf=20389&charge=2&value=sp|O00255|MEN1_HUMAN,4,/core/www/modules/match_peptides/blast_html4.php?run_id=110202&search_id=114132&scans_id=110198&peptide_id=11798&scanf=20389&charge=2&value=4,R.LFAAELGR.E,/core/www/modules/show_out/show_out_wrapper.php?run_id=110202&search_id=114132&scans_id=110198&peptide_id=11798&scanf=20389&charge=2&value=R.LFAAELGR.E,MEN1,2.884e+7,2.609,0.015,1.833,0.000
20391,3,"  4.802","  0.665",18/72,/core/www/modules//sdig/index.php?run_id=110202&search_id=114132&scans_id=110198&peptide_id=11801&scanf=20391&charge=3&value=18/72,sp|Q13547|HDAC1_HUMAN,/core/www/modules//consensus/?run_id=110202&search_id=114132&scans_id=110198&peptide_id=11801&scanf=20391&charge=3&value=sp|Q13547|HDAC1_HUMAN,0,/core/www/modules/match_peptides/blast_html4.php?run_id=110202&search_id=114132&scans_id=110198&peptide_id=11801&scanf=20391&charge=3&value=0,K.LHISPSNMTNQNTNEYLEK.I,/core/www/modules/show_out/show_out_wrapper.php?run_id=110202&search_id=114132&scans_id=110198&peptide_id=11801&scanf=20391&charge=3&value=K.LHISPSNMTNQNTNEYLEK.I,HDAC1,2.567e+7,3.587,0.001,3.277,0.000
20394,2,"  2.234","  0.419",9/18,/core/www/modules//sdig/index.php?run_id=110202&search_id=114132&scans_id=110198&peptide_id=11804&scanf=20394&charge=2&value=9/18,sp|P52789|HXK2_HUMAN,/core/www/modules//consensus/?run_id=110202&search_id=114132&scans_id=110198&peptide_id=11804&scanf=20394&charge=2&value=sp|P52789|HXK2_HUMAN,1,/core/www/modules/match_peptides/blast_html4.php?run_id=110202&search_id=114132&scans_id=110198&peptide_id=11804&scanf=20394&charge=2&value=1,K.LSPELLNTGR.F,/core/www/modules/show_out/show_out_wrapper.php?run_id=110202&search_id=114132&scans_id=110198&peptide_id=11804&scanf=20394&charge=2&value=K.LSPELLNTGR.F,HK2,6.754e+6,2.832,0.007,2.161,0.000
20396,2,"  2.103","  0.078",10/22,/core/www/modules//sdig/index.php?run_id=110202&search_id=114132&scans_id=110198&peptide_id=11805&scanf=20396&charge=2&value=10/22,sp|P78527|PRKDC_HUMAN,/core/www/modules//consensus/?run_id=110202&search_id=114132&scans_id=110198&peptide_id=11805&scanf=20396&charge=2&value=sp|P78527|PRKDC_HUMAN,1,/core/www/modules/match_peptides/blast_html4.php?run_id=110202&search_id=114132&scans_id=110198&peptide_id=11805&scanf=20396&charge=2&value=1,R.NELEIPGQYDGR.G,/core/www/modules/show_out/show_out_wrapper.php?run_id=110202&search_id=114132&scans_id=110198&peptide_id=11805&scanf=20396&charge=2&value=R.NELEIPGQYDGR.G,PRKDC,1.261e+8,2.178,0.061,1.215,0.002
20397,2,"  1.171","  0.208",8/14,/core/www/modules//sdig/index.php?run_id=110202&search_id=114132&scans_id=110198&peptide_id=11806&scanf=20397&charge=2&value=8/14,sp|P55084|ECHB_HUMAN,/core/www/modules//consensus/?run_id=110202&search_id=114132&scans_id=110198&peptide_id=11806&scanf=20397&charge=2&value=sp|P55084|ECHB_HUMAN,2,/core/www/modules/match_peptides/blast_html4.php?run_id=110202&search_id=114132&scans_id=110198&peptide_id=11806&scanf=20397&charge=2&value=2,K.VGLPPLEK.F,/core/www/modules/show_out/show_out_wrapper.php?run_id=110202&search_id=114132&scans_id=110198&peptide_id=11806&scanf=20397&charge=2&value=K.VGLPPLEK.F,HADHB,4.941e+7,2.293,0.042,1.376,0.001
20398,2,"  1.529","  0.104",7/12,/core/www/modules//sdig/index.php?run_id=110202&search_id=114132&scans_id=110198&peptide_id=11807&scanf=20398&charge=2&value=7/12,sp|P78527|PRKDC_HUMAN,/core/www/modules//consensus/?run_id=110202&search_id=114132&scans_id=110198&peptide_id=11807&scanf=20398&charge=2&value=sp|P78527|PRKDC_HUMAN,0,/core/www/modules/match_peptides/blast_html4.php?run_id=110202&search_id=114132&scans_id=110198&peptide_id=11807&scanf=20398&charge=2&value=0,K.DFVQVMR.H,/core/www/modules/show_out/show_out_wrapper.php?run_id=110202&search_id=114132&scans_id=110198&peptide_id=11807&scanf=20398&charge=2&value=K.DFVQVMR.H,PRKDC,1.918e+8,2.743,0.009,2.030,0.000
20399,2,"  2.690","  0.724",12/20,/core/www/modules//sdig/index.php?run_id=110202&search_id=114132&scans_id=110198&peptide_id=11808&scanf=20399&charge=2&value=12/20,sp|Q9NR30|DDX21_HUMAN,/core/www/modules//consensus/?run_id=110202&search_id=114132&scans_id=110198&peptide_id=11808&scanf=20399&charge=2&value=sp|Q9NR30|DDX21_HUMAN,4,/core/www/modules/match_peptides/blast_html4.php?run_id=110202&search_id=114132&scans_id=110198&peptide_id=11808&scanf=20399&charge=2&value=4,K.STYEQVDLIGK.K,/core/www/modules/show_out/show_out_wrapper.php?run_id=110202&search_id=114132&scans_id=110198&peptide_id=11808&scanf=20399&charge=2&value=K.STYEQVDLIGK.K,DDX21,1.139e+8,4.118,0.000,4.065,0.000
20400,2,"  1.833","  0.275",8/14,/core/www/modules//sdig/index.php?run_id=110202&search_id=114132&scans_id=110198&peptide_id=11810&scanf=20400&charge=2&value=8/14,sp|P19367|HXK1_HUMAN,/core/www/modules//consensus/?run_id=110202&search_id=114132&scans_id=110198&peptide_id=11810&scanf=20400&charge=2&value=sp|P19367|HXK1_HUMAN,0,/core/www/modules/match_peptides/blast_html4.php?run_id=110202&search_id=114132&scans_id=110198&peptide_id=11810&scanf=20400&charge=2&value=0,R.ITPELLTR.G,/core/www/modules/show_out/show_out_wrapper.php?run_id=110202&search_id=114132&scans_id=110198&peptide_id=11810&scanf=20400&charge=2&value=R.ITPELLTR.G,HK1,1.609e+7,2.564,0.017,1.767,0.000
20406,3,"  3.929","  0.577",19/60,/core/www/modules//sdig/index.php?run_id=110202&search_id=114132&scans_id=110198&peptide_id=11816&scanf=20406&charge=3&value=19/60,sp|Q9UHX1|PUF60_HUMAN,/core/www/modules//consensus/?run_id=110202&search_id=114132&scans_id=110198&peptide_id=11816&scanf=20406&charge=3&value=sp|Q9UHX1|PUF60_HUMAN,9,/core/www/modules/match_peptides/blast_html4.php?run_id=110202&search_id=114132&scans_id=110198&peptide_id=11816&scanf=20406&charge=3&value=9,R.IYVASVHQDLSDDDIK.S,/core/www/modules/show_out/show_out_wrapper.php?run_id=110202&search_id=114132&scans_id=110198&peptide_id=11816&scanf=20406&charge=3&value=R.IYVASVHQDLSDDDIK.S,PUF60,3.109e+7,3.440,0.001,3.059,0.000
20408,2,"  3.364","  0.570",13/22,/core/www/modules//sdig/index.php?run_id=110202&search_id=114132&scans_id=110198&peptide_id=11818&scanf=20408&charge=2&value=13/22,sp|Q6KC79|NIPBL_HUMAN,/core/www/modules//consensus/?run_id=110202&search_id=114132&scans_id=110198&peptide_id=11818&scanf=20408&charge=2&value=sp|Q6KC79|NIPBL_HUMAN,1,/core/www/modules/match_peptides/blast_html4.php?run_id=110202&search_id=114132&scans_id=110198&peptide_id=11818&scanf=20408&charge=2&value=1,K.NLQTYLQEEDTR.M,/core/www/modules/show_out/show_out_wrapper.php?run_id=110202&search_id=114132&scans_id=110198&peptide_id=11818&scanf=20408&charge=2&value=K.NLQTYLQEEDTR.M,NIPBL,8.519e+6,3.477,0.001,3.114,0.000
20409,2,"  2.321","  0.447",8/18,/core/www/modules//sdig/index.php?run_id=110202&search_id=114132&scans_id=110198&peptide_id=11819&scanf=20409&charge=2&value=8/18,sp|Q75QN2|INT8_HUMAN,/core/www/modules//consensus/?run_id=110202&search_id=114132&scans_id=110198&peptide_id=11819&scanf=20409&charge=2&value=sp|Q75QN2|INT8_HUMAN,6,/core/www/modules/match_peptides/blast_html4.php?run_id=110202&search_id=114132&scans_id=110198&peptide_id=11819&scanf=20409&charge=2&value=6,R.TIVQSSFPVK.Q,/core/www/modules/show_out/show_out_wrapper.php?run_id=110202&search_id=114132&scans_id=110198&peptide_id=11819&scanf=20409&charge=2&value=R.TIVQSSFPVK.Q,INTS8,9.003e+6,2.774,0.008,2.076,0.000
20411,3,"  3.134","  0.324",12/44,/core/www/modules//sdig/index.php?run_id=110202&search_id=114132&scans_id=110198&peptide_id=11822&scanf=20411&charge=3&value=12/44,sp|Q86W50|MET16_HUMAN,/core/www/modules//consensus/?run_id=110202&search_id=114132&scans_id=110198&peptide_id=11822&scanf=20411&charge=3&value=sp|Q86W50|MET16_HUMAN,3,/core/www/modules/match_peptides/blast_html4.php?run_id=110202&search_id=114132&scans_id=110198&peptide_id=11822&scanf=20411&charge=3&value=3,R.VSLNFKDPEAVR.A,/core/www/modules/show_out/show_out_wrapper.php?run_id=110202&search_id=114132&scans_id=110198&peptide_id=11822&scanf=20411&charge=3&value=R.VSLNFKDPEAVR.A,METTL16,6.944e+6,2.321,0.038,1.416,0.001
20414,3,"  4.370","  0.576",16/60,/core/www/modules//sdig/index.php?run_id=110202&search_id=114132&scans_id=110198&peptide_id=11825&scanf=20414&charge=3&value=16/60,sp|Q8IY17|PLPL6_HUMAN,/core/www/modules//consensus/?run_id=110202&search_id=114132&scans_id=110198&peptide_id=11825&scanf=20414&charge=3&value=sp|Q8IY17|PLPL6_HUMAN,1,/core/www/modules/match_peptides/blast_html4.php?run_id=110202&search_id=114132&scans_id=110198&peptide_id=11825&scanf=20414&charge=3&value=1,R.AQPSVVLSAAHTVAAR.M,/core/www/modules/show_out/show_out_wrapper.php?run_id=110202&search_id=114132&scans_id=110198&peptide_id=11825&scanf=20414&charge=3&value=R.AQPSVVLSAAHTVAAR.M,PNPLA6,6.542e+6,3.393,0.001,2.989,0.000
20417,2,"  2.601","  0.464",13/20,/core/www/modules//sdig/index.php?run_id=110202&search_id=114132&scans_id=110198&peptide_id=11827&scanf=20417&charge=2&value=13/20,sp|P60709|ACTB_HUMAN,/core/www/modules//consensus/?run_id=110202&search_id=114132&scans_id=110198&peptide_id=11827&scanf=20417&charge=2&value=sp|P60709|ACTB_HUMAN,12,/core/www/modules/match_peptides/blast_html4.php?run_id=110202&search_id=114132&scans_id=110198&peptide_id=11827&scanf=20417&charge=2&value=12,K.EITALAPSTMK.I,/core/www/modules/show_out/show_out_wrapper.php?run_id=110202&search_id=114132&scans_id=110198&peptide_id=11827&scanf=20417&charge=2&value=K.EITALAPSTMK.I,ACTB,2.690e+9,3.762,0.000,3.536,0.000
20418,2,"  2.557","  0.632",13/20,/core/www/modules//sdig/index.php?run_id=110202&search_id=114132&scans_id=110198&peptide_id=11828&scanf=20418&charge=2&value=13/20,sp|O43707|ACTN4_HUMAN,/core/www/modules//consensus/?run_id=110202&search_id=114132&scans_id=110198&peptide_id=11828&scanf=20418&charge=2&value=sp|O43707|ACTN4_HUMAN,3,/core/www/modules/match_peptides/blast_html4.php?run_id=110202&search_id=114132&scans_id=110198&peptide_id=11828&scanf=20418&charge=2&value=3,R.DYETATLSDIK.A,/core/www/modules/show_out/show_out_wrapper.php?run_id=110202&search_id=114132&scans_id=110198&peptide_id=11828&scanf=20418&charge=2&value=R.DYETATLSDIK.A,ACTN4,6.599e+7,4.071,0.000,3.994,0.000
20421,2,"  2.080","  0.240",9/14,/core/www/modules//sdig/index.php?run_id=110202&search_id=114132&scans_id=110198&peptide_id=11832&scanf=20421&charge=2&value=9/14,sp|Q5SSJ5|HP1B3_HUMAN,/core/www/modules//consensus/?run_id=110202&search_id=114132&scans_id=110198&peptide_id=11832&scanf=20421&charge=2&value=sp|Q5SSJ5|HP1B3_HUMAN,2,/core/www/modules/match_peptides/blast_html4.php?run_id=110202&search_id=114132&scans_id=110198&peptide_id=11832&scanf=20421&charge=2&value=2,K.YPSLELER.R,/core/www/modules/show_out/show_out_wrapper.php?run_id=110202&search_id=114132&scans_id=110198&peptide_id=11832&scanf=20421&charge=2&value=K.YPSLELER.R,HP1BP3,8.824e+7,2.559,0.017,1.760,0.000
20422,3,"  4.338","  0.468",17/60,/core/www/modules//sdig/index.php?run_id=110202&search_id=114132&scans_id=110198&peptide_id=11833&scanf=20422&charge=3&value=17/60,sp|Q00610|CLH1_HUMAN,/core/www/modules//consensus/?run_id=110202&search_id=114132&scans_id=110198&peptide_id=11833&scanf=20422&charge=3&value=sp|Q00610|CLH1_HUMAN,8,/core/www/modules/match_peptides/blast_html4.php?run_id=110202&search_id=114132&scans_id=110198&peptide_id=11833&scanf=20422&charge=3&value=8,K.VSQPIEGHAASFAQFK.M,/core/www/modules/show_out/show_out_wrapper.php?run_id=110202&search_id=114132&scans_id=110198&peptide_id=11833&scanf=20422&charge=3&value=K.VSQPIEGHAASFAQFK.M,CLTC,1.018e+7,2.987,0.004,2.389,0.000
20424,3,"  2.984","  0.362",10/44,/core/www/modules//sdig/index.php?run_id=110202&search_id=114132&scans_id=110198&peptide_id=11835&scanf=20424&charge=3&value=10/44,sp|Q13435|SF3B2_HUMAN,/core/www/modules//consensus/?run_id=110202&search_id=114132&scans_id=110198&peptide_id=11835&scanf=20424&charge=3&value=sp|Q13435|SF3B2_HUMAN,4,/core/www/modules/match_peptides/blast_html4.php?run_id=110202&search_id=114132&scans_id=110198&peptide_id=11835&scanf=20424&charge=3&value=4,R.QTGIVLNRPVLR.G,/core/www/modules/show_out/show_out_wrapper.php?run_id=110202&search_id=114132&scans_id=110198&peptide_id=11835&scanf=20424&charge=3&value=R.QTGIVLNRPVLR.G,SF3B2,1.863e+7,2.712,0.010,1.984,0.000
20425,2,"  3.176","  0.362",11/26,/core/www/modules//sdig/index.php?run_id=110202&search_id=114132&scans_id=110198&peptide_id=11836&scanf=20425&charge=2&value=11/26,sp|Q9UQ35|SRRM2_HUMAN,/core/www/modules//consensus/?run_id=110202&search_id=114132&scans_id=110198&peptide_id=11836&scanf=20425&charge=2&value=sp|Q9UQ35|SRRM2_HUMAN,0,/core/www/modules/match_peptides/blast_html4.php?run_id=110202&search_id=114132&scans_id=110198&peptide_id=11836&scanf=20425&charge=2&value=0,R.TAAALAPASLTSAR.M,/core/www/modules/show_out/show_out_wrapper.php?run_id=110202&search_id=114132&scans_id=110198&peptide_id=11836&scanf=20425&charge=2&value=R.TAAALAPASLTSAR.M,SRRM2,1.719e+8,2.558,0.017,1.759,0.000
20427,2,"  1.673","  0.321",8/14,/core/www/modules//sdig/index.php?run_id=110202&search_id=114132&scans_id=110198&peptide_id=11838&scanf=20427&charge=2&value=8/14,sp|P35998|PRS7_HUMAN,/core/www/modules//consensus/?run_id=110202&search_id=114132&scans_id=110198&peptide_id=11838&scanf=20427&charge=2&value=sp|P35998|PRS7_HUMAN,1,/core/www/modules/match_peptides/blast_html4.php?run_id=110202&search_id=114132&scans_id=110198&peptide_id=11838&scanf=20427&charge=2&value=1,K.DFLEAVNK.V,/core/www/modules/show_out/show_out_wrapper.php?run_id=110202&search_id=114132&scans_id=110198&peptide_id=11838&scanf=20427&charge=2&value=K.DFLEAVNK.V,PSMC2,1.446e+7,2.662,0.012,1.911,0.000
20430,2,"  3.097","  0.543",14/22,/core/www/modules//sdig/index.php?run_id=110202&search_id=114132&scans_id=110198&peptide_id=11842&scanf=20430&charge=2&value=14/22,sp|P17480|UBF1_HUMAN,/core/www/modules//consensus/?run_id=110202&search_id=114132&scans_id=110198&peptide_id=11842&scanf=20430&charge=2&value=sp|P17480|UBF1_HUMAN,1,/core/www/modules/match_peptides/blast_html4.php?run_id=110202&search_id=114132&scans_id=110198&peptide_id=11842&scanf=20430&charge=2&value=1,R.FLESLPEEEQQR.V,/core/www/modules/show_out/show_out_wrapper.php?run_id=110202&search_id=114132&scans_id=110198&peptide_id=11842&scanf=20430&charge=2&value=R.FLESLPEEEQQR.V,UBTF,3.558e+7,3.444,0.001,3.065,0.000
20431,2,"  2.610","  0.368",10/16,/core/www/modules//sdig/index.php?run_id=110202&search_id=114132&scans_id=110198&peptide_id=11843&scanf=20431&charge=2&value=10/16,sp|O60287|NPA1P_HUMAN,/core/www/modules//consensus/?run_id=110202&search_id=114132&scans_id=110198&peptide_id=11843&scanf=20431&charge=2&value=sp|O60287|NPA1P_HUMAN,0,/core/www/modules/match_peptides/blast_html4.php?run_id=110202&search_id=114132&scans_id=110198&peptide_id=11843&scanf=20431&charge=2&value=0,K.VALELPASK.F,/core/www/modules/show_out/show_out_wrapper.php?run_id=110202&search_id=114132&scans_id=110198&peptide_id=11843&scanf=20431&charge=2&value=K.VALELPASK.F,URB1,1.125e+7,2.975,0.004,2.370,0.000
20432,2,"  2.257","  0.424",10/18,/core/www/modules//sdig/index.php?run_id=110202&search_id=114132&scans_id=110198&peptide_id=11844&scanf=20432&charge=2&value=10/18,sp|Q53GS9|SNUT2_HUMAN,/core/www/modules//consensus/?run_id=110202&search_id=114132&scans_id=110198&peptide_id=11844&scanf=20432&charge=2&value=sp|Q53GS9|SNUT2_HUMAN,2,/core/www/modules/match_peptides/blast_html4.php?run_id=110202&search_id=114132&scans_id=110198&peptide_id=11844&scanf=20432&charge=2&value=2,R.NYFLEEDNYK.N,/core/www/modules/show_out/show_out_wrapper.php?run_id=110202&search_id=114132&scans_id=110198&peptide_id=11844&scanf=20432&charge=2&value=R.NYFLEEDNYK.N,USP39,1.518e+7,2.935,0.005,2.312,0.000
20433,4,"  3.644","  0.467",19/84,/core/www/modules//sdig/index.php?run_id=110202&search_id=114132&scans_id=110198&peptide_id=11845&scanf=20433&charge=4&value=19/84,sp|P09874|PARP1_HUMAN,/core/www/modules//consensus/?run_id=110202&search_id=114132&scans_id=110198&peptide_id=11845&scanf=20433&charge=4&value=sp|P09874|PARP1_HUMAN,3,/core/www/modules/match_peptides/blast_html4.php?run_id=110202&search_id=114132&scans_id=110198&peptide_id=11845&scanf=20433&charge=4&value=3,K.GFSLLATEDKEALKK.Q,/core/www/modules/show_out/show_out_wrapper.php?run_id=110202&search_id=114132&scans_id=110198&peptide_id=11845&scanf=20433&charge=4&value=K.GFSLLATEDKEALKK.Q,PARP1,2.569e+7,3.004,0.004,2.415,0.000
20434,2,"  2.561","  0.344",10/18,/core/www/modules//sdig/index.php?run_id=110202&search_id=114132&scans_id=110198&peptide_id=11846&scanf=20434&charge=2&value=10/18,sp|Q9Y6V7|DDX49_HUMAN,/core/www/modules//consensus/?run_id=110202&search_id=114132&scans_id=110198&peptide_id=11846&scanf=20434&charge=2&value=sp|Q9Y6V7|DDX49_HUMAN,0,/core/www/modules/match_peptides/blast_html4.php?run_id=110202&search_id=114132&scans_id=110198&peptide_id=11846&scanf=20434&charge=2&value=0,R.ILIATDVASR.G,/core/www/modules/show_out/show_out_wrapper.php?run_id=110202&search_id=114132&scans_id=110198&peptide_id=11846&scanf=20434&charge=2&value=R.ILIATDVASR.G,DDX49,2.506e+7,2.708,0.011,1.978,0.000
20435,2,"  1.553","  0.294",8/16,/core/www/modules//sdig/index.php?run_id=110202&search_id=114132&scans_id=110198&peptide_id=11847&scanf=20435&charge=2&value=8/16,sp|O94776|MTA2_HUMAN,/core/www/modules//consensus/?run_id=110202&search_id=114132&scans_id=110198&peptide_id=11847&scanf=20435&charge=2&value=sp|O94776|MTA2_HUMAN,0,/core/www/modules/match_peptides/blast_html4.php?run_id=110202&search_id=114132&scans_id=110198&peptide_id=11847&scanf=20435&charge=2&value=0,R.QTFLLQTTK.L,/core/www/modules/show_out/show_out_wrapper.php?run_id=110202&search_id=114132&scans_id=110198&peptide_id=11847&scanf=20435&charge=2&value=R.QTFLLQTTK.L,MTA2,1.528e+7,2.311,0.040,1.402,0.001
20438,3,"  3.239","  0.577",18/44,/core/www/modules//sdig/index.php?run_id=110202&search_id=114132&scans_id=110198&peptide_id=11849&scanf=20438&charge=3&value=18/44,sp|P35998|PRS7_HUMAN,/core/www/modules//consensus/?run_id=110202&search_id=114132&scans_id=110198&peptide_id=11849&scanf=20438&charge=3&value=sp|P35998|PRS7_HUMAN,1,/core/www/modules/match_peptides/blast_html4.php?run_id=110202&search_id=114132&scans_id=110198&peptide_id=11849&scanf=20438&charge=3&value=1,R.EVVETPLLHPER.F,/core/www/modules/show_out/show_out_wrapper.php?run_id=110202&search_id=114132&scans_id=110198&peptide_id=11849&scanf=20438&charge=3&value=R.EVVETPLLHPER.F,PSMC2,3.410e+7,3.714,0.000,3.465,0.000
20439,3,"  4.567","  0.720",22/64,/core/www/modules//sdig/index.php?run_id=110202&search_id=114132&scans_id=110198&peptide_id=11850&scanf=20439&charge=3&value=22/64,sp|O43707|ACTN4_HUMAN,/core/www/modules//consensus/?run_id=110202&search_id=114132&scans_id=110198&peptide_id=11850&scanf=20439&charge=3&value=sp|O43707|ACTN4_HUMAN,3,/core/www/modules/match_peptides/blast_html4.php?run_id=110202&search_id=114132&scans_id=110198&peptide_id=11850&scanf=20439&charge=3&value=3,K.VLAVNQENEHLMEDYEK.L,/core/www/modules/show_out/show_out_wrapper.php?run_id=110202&search_id=114132&scans_id=110198&peptide_id=11850&scanf=20439&charge=3&value=K.VLAVNQENEHLMEDYEK.L,ACTN4,2.320e+8,4.310,0.000,4.349,0.000
20440,3,"  5.571","  0.604",16/60,/core/www/modules//sdig/index.php?run_id=110202&search_id=114132&scans_id=110198&peptide_id=11852&scanf=20440&charge=3&value=16/60,sp|Q96KR1|ZFR_HUMAN,/core/www/modules//consensus/?run_id=110202&search_id=114132&scans_id=110198&peptide_id=11852&scanf=20440&charge=3&value=sp|Q96KR1|ZFR_HUMAN,1,/core/www/modules/match_peptides/blast_html4.php?run_id=110202&search_id=114132&scans_id=110198&peptide_id=11852&scanf=20440&charge=3&value=1,K.HATIYPTEEELQAVQK.I,/core/www/modules/show_out/show_out_wrapper.php?run_id=110202&search_id=114132&scans_id=110198&peptide_id=11852&scanf=20440&charge=3&value=K.HATIYPTEEELQAVQK.I,ZFR,3.066e+7,3.559,0.001,3.235,0.000
20441,2,"  3.002","  0.590",13/26,/core/www/modules//sdig/index.php?run_id=110202&search_id=114132&scans_id=110198&peptide_id=11853&scanf=20441&charge=2&value=13/26,sp|Q9UQ35|SRRM2_HUMAN,/core/www/modules//consensus/?run_id=110202&search_id=114132&scans_id=110198&peptide_id=11853&scanf=20441&charge=2&value=sp|Q9UQ35|SRRM2_HUMAN,0,/core/www/modules/match_peptides/blast_html4.php?run_id=110202&search_id=114132&scans_id=110198&peptide_id=11853&scanf=20441&charge=2&value=0,R.TAVAPSAVNLADPR.T,/core/www/modules/show_out/show_out_wrapper.php?run_id=110202&search_id=114132&scans_id=110198&peptide_id=11853&scanf=20441&charge=2&value=R.TAVAPSAVNLADPR.T,SRRM2,2.364e+7,3.399,0.001,2.999,0.000
20442,3,"  2.625","  0.368",15/40,/core/www/modules//sdig/index.php?run_id=110202&search_id=114132&scans_id=110198&peptide_id=11854&scanf=20442&charge=3&value=15/40,sp|P0C0S8|H2A1_HUMAN,/core/www/modules//consensus/?run_id=110202&search_id=114132&scans_id=110198&peptide_id=11854&scanf=20442&charge=3&value=sp|P0C0S8|H2A1_HUMAN,9,/core/www/modules/match_peptides/blast_html4.php?run_id=110202&search_id=114132&scans_id=110198&peptide_id=11854&scanf=20442&charge=3&value=9,R.NDEELNKLLGK.V,/core/www/modules/show_out/show_out_wrapper.php?run_id=110202&search_id=114132&scans_id=110198&peptide_id=11854&scanf=20442&charge=3&value=R.NDEELNKLLGK.V,H2AC17,2.278e+7,2.623,0.014,1.853,0.000
20445,2,"  2.557","  0.377",10/16,/core/www/modules//sdig/index.php?run_id=110202&search_id=114132&scans_id=110198&peptide_id=11857&scanf=20445&charge=2&value=10/16,sp|Q7KZF4|SND1_HUMAN,/core/www/modules//consensus/?run_id=110202&search_id=114132&scans_id=110198&peptide_id=11857&scanf=20445&charge=2&value=sp|Q7KZF4|SND1_HUMAN,0,/core/www/modules/match_peptides/blast_html4.php?run_id=110202&search_id=114132&scans_id=110198&peptide_id=11857&scanf=20445&charge=2&value=0,K.GDVGLGLVK.E,/core/www/modules/show_out/show_out_wrapper.php?run_id=110202&search_id=114132&scans_id=110198&peptide_id=11857&scanf=20445&charge=2&value=K.GDVGLGLVK.E,SND1,2.011e+8,3.022,0.004,2.440,0.000
20446,2,"  2.622","  0.436",11/18,/core/www/modules//sdig/index.php?run_id=110202&search_id=114132&scans_id=110198&peptide_id=11858&scanf=20446&charge=2&value=11/18,sp|P24928|RPB1_HUMAN,/core/www/modules//consensus/?run_id=110202&search_id=114132&scans_id=110198&peptide_id=11858&scanf=20446&charge=2&value=sp|P24928|RPB1_HUMAN,1,/core/www/modules/match_peptides/blast_html4.php?run_id=110202&search_id=114132&scans_id=110198&peptide_id=11858&scanf=20446&charge=2&value=1,R.NSINQVVQLR.Y,/core/www/modules/show_out/show_out_wrapper.php?run_id=110202&search_id=114132&scans_id=110198&peptide_id=11858&scanf=20446&charge=2&value=R.NSINQVVQLR.Y,POLR2A,9.947e+6,3.087,0.003,2.537,0.000
20447,3,"  3.272","  0.328",12/56,/core/www/modules//sdig/index.php?run_id=110202&search_id=114132&scans_id=110198&peptide_id=11859&scanf=20447&charge=3&value=12/56,sp|P09874|PARP1_HUMAN,/core/www/modules//consensus/?run_id=110202&search_id=114132&scans_id=110198&peptide_id=11859&scanf=20447&charge=3&value=sp|P09874|PARP1_HUMAN,3,/core/www/modules/match_peptides/blast_html4.php?run_id=110202&search_id=114132&scans_id=110198&peptide_id=11859&scanf=20447&charge=3&value=3,K.GFSLLATEDKEALKK.Q,/core/www/modules/show_out/show_out_wrapper.php?run_id=110202&search_id=114132&scans_id=110198&peptide_id=11859&scanf=20447&charge=3&value=K.GFSLLATEDKEALKK.Q,PARP1,2.530e+7,2.019,0.101,0.997,0.005
20449,3,"  5.461","  0.574",25/72,/core/www/modules//sdig/index.php?run_id=110202&search_id=114132&scans_id=110198&peptide_id=11861&scanf=20449&charge=3&value=25/72,sp|P27348|1433T_HUMAN,/core/www/modules//consensus/?run_id=110202&search_id=114132&scans_id=110198&peptide_id=11861&scanf=20449&charge=3&value=sp|P27348|1433T_HUMAN,0,/core/www/modules/match_peptides/blast_html4.php?run_id=110202&search_id=114132&scans_id=110198&peptide_id=11861&scanf=20449&charge=3&value=0,R.KQTIDNSQGAYQEAFDISK.K,/core/www/modules/show_out/show_out_wrapper.php?run_id=110202&search_id=114132&scans_id=110198&peptide_id=11861&scanf=20449&charge=3&value=R.KQTIDNSQGAYQEAFDISK.K,YWHAQ,9.096e+6,3.218,0.002,2.731,0.000
20450,2,"  1.897","  0.405",9/16,/core/www/modules//sdig/index.php?run_id=110202&search_id=114132&scans_id=110198&peptide_id=11863&scanf=20450&charge=2&value=9/16,sp|P07814|SYEP_HUMAN,/core/www/modules//consensus/?run_id=110202&search_id=114132&scans_id=110198&peptide_id=11863&scanf=20450&charge=2&value=sp|P07814|SYEP_HUMAN,1,/core/www/modules/match_peptides/blast_html4.php?run_id=110202&search_id=114132&scans_id=110198&peptide_id=11863&scanf=20450&charge=2&value=1,R.SVVNMEWDK.I,/core/www/modules/show_out/show_out_wrapper.php?run_id=110202&search_id=114132&scans_id=110198&peptide_id=11863&scanf=20450&charge=2&value=R.SVVNMEWDK.I,EPRS1,1.747e+7,2.956,0.005,2.344,0.000
20451,2,"  4.014","  0.774",15/28,/core/www/modules//sdig/index.php?run_id=110202&search_id=114132&scans_id=110198&peptide_id=11864&scanf=20451&charge=2&value=15/28,sp|P35268|RL22_HUMAN,/core/www/modules//consensus/?run_id=110202&search_id=114132&scans_id=110198&peptide_id=11864&scanf=20451&charge=2&value=sp|P35268|RL22_HUMAN,1,/core/www/modules/match_peptides/blast_html4.php?run_id=110202&search_id=114132&scans_id=110198&peptide_id=11864&scanf=20451&charge=2&value=1,R.YFQINQDEEEEEDED.-,/core/www/modules/show_out/show_out_wrapper.php?run_id=110202&search_id=114132&scans_id=110198&peptide_id=11864&scanf=20451&charge=2&value=R.YFQINQDEEEEEDED.-,RPL22,1.351e+7,3.956,0.000,3.825,0.000
20453,3,"  4.159","  0.655",16/60,/core/www/modules//sdig/index.php?run_id=110202&search_id=114132&scans_id=110198&peptide_id=11866&scanf=20453&charge=3&value=16/60,sp|Q9NYF8|BCLF1_HUMAN,/core/www/modules//consensus/?run_id=110202&search_id=114132&scans_id=110198&peptide_id=11866&scanf=20453&charge=3&value=sp|Q9NYF8|BCLF1_HUMAN,6,/core/www/modules/match_peptides/blast_html4.php?run_id=110202&search_id=114132&scans_id=110198&peptide_id=11866&scanf=20453&charge=3&value=6,K.DTFEHDPSESIDEFNK.S,/core/www/modules/show_out/show_out_wrapper.php?run_id=110202&search_id=114132&scans_id=110198&peptide_id=11866&scanf=20453&charge=3&value=K.DTFEHDPSESIDEFNK.S,BCLAF1,1.196e+7,3.633,0.000,3.345,0.000
20459,2,"  2.555","  0.544",10/18,/core/www/modules//sdig/index.php?run_id=110202&search_id=114132&scans_id=110198&peptide_id=11871&scanf=20459&charge=2&value=10/18,sp|P62851|RS25_HUMAN,/core/www/modules//consensus/?run_id=110202&search_id=114132&scans_id=110198&peptide_id=11871&scanf=20459&charge=2&value=sp|P62851|RS25_HUMAN,0,/core/www/modules/match_peptides/blast_html4.php?run_id=110202&search_id=114132&scans_id=110198&peptide_id=11871&scanf=20459&charge=2&value=0,K.LITPAVVSER.L,/core/www/modules/show_out/show_out_wrapper.php?run_id=110202&search_id=114132&scans_id=110198&peptide_id=11871&scanf=20459&charge=2&value=K.LITPAVVSER.L,RPS25,1.482e+8,3.324,0.001,2.887,0.000
20461,3,"  2.515","  0.457",12/32,/core/www/modules//sdig/index.php?run_id=110202&search_id=114132&scans_id=110198&peptide_id=11874&scanf=20461&charge=3&value=12/32,sp|P02749|APOH_HUMAN,/core/www/modules//consensus/?run_id=110202&search_id=114132&scans_id=110198&peptide_id=11874&scanf=20461&charge=3&value=sp|P02749|APOH_HUMAN,1,/core/www/modules/match_peptides/blast_html4.php?run_id=110202&search_id=114132&scans_id=110198&peptide_id=11874&scanf=20461&charge=3&value=1,K.EHSSLAFWK.T,/core/www/modules/show_out/show_out_wrapper.php?run_id=110202&search_id=114132&scans_id=110198&peptide_id=11874&scanf=20461&charge=3&value=K.EHSSLAFWK.T,APOH,8.296e+6,3.261,0.002,2.794,0.000
20462,2,"  1.973","  0.082",9/14,/core/www/modules//sdig/index.php?run_id=110202&search_id=114132&scans_id=110198&peptide_id=11875&scanf=20462&charge=2&value=9/14,sp|O00425|IF2B3_HUMAN,/core/www/modules//consensus/?run_id=110202&search_id=114132&scans_id=110198&peptide_id=11875&scanf=20462&charge=2&value=sp|O00425|IF2B3_HUMAN,0,/core/www/modules/match_peptides/blast_html4.php?run_id=110202&search_id=114132&scans_id=110198&peptide_id=11875&scanf=20462&charge=2&value=0,K.SILEIMHK.E,/core/www/modules/show_out/show_out_wrapper.php?run_id=110202&search_id=114132&scans_id=110198&peptide_id=11875&scanf=20462&charge=2&value=K.SILEIMHK.E,IGF2BP3,1.191e+7,2.018,0.101,0.996,0.005
20464,2,"  2.323","  0.470",10/22,/core/www/modules//sdig/index.php?run_id=110202&search_id=114132&scans_id=110198&peptide_id=11877&scanf=20464&charge=2&value=10/22,sp|O60306|AQR_HUMAN,/core/www/modules//consensus/?run_id=110202&search_id=114132&scans_id=110198&peptide_id=11877&scanf=20464&charge=2&value=sp|O60306|AQR_HUMAN,1,/core/www/modules/match_peptides/blast_html4.php?run_id=110202&search_id=114132&scans_id=110198&peptide_id=11877&scanf=20464&charge=2&value=1,K.SVPLSEPVTMDK.V,/core/www/modules/show_out/show_out_wrapper.php?run_id=110202&search_id=114132&scans_id=110198&peptide_id=11877&scanf=20464&charge=2&value=K.SVPLSEPVTMDK.V,AQR,6.406e+6,2.878,0.006,2.228,0.000
20465,2,"  3.074","  0.629",16/26,/core/www/modules//sdig/index.php?run_id=110202&search_id=114132&scans_id=110198&peptide_id=11878&scanf=20465&charge=2&value=16/26,sp|Q13123|RED_HUMAN,/core/www/modules//consensus/?run_id=110202&search_id=114132&scans_id=110198&peptide_id=11878&scanf=20465&charge=2&value=sp|Q13123|RED_HUMAN,0,/core/www/modules/match_peptides/blast_html4.php?run_id=110202&search_id=114132&scans_id=110198&peptide_id=11878&scanf=20465&charge=2&value=0,K.FAGSAGWEGTESLK.K,/core/www/modules/show_out/show_out_wrapper.php?run_id=110202&search_id=114132&scans_id=110198&peptide_id=11878&scanf=20465&charge=2&value=K.FAGSAGWEGTESLK.K,IK,1.131e+7,3.341,0.001,2.913,0.000
20466,3,"  3.751","  0.583",16/40,/core/www/modules//sdig/index.php?run_id=110202&search_id=114132&scans_id=110198&peptide_id=11879&scanf=20466&charge=3&value=16/40,sp|Q08211|DHX9_HUMAN,/core/www/modules//consensus/?run_id=110202&search_id=114132&scans_id=110198&peptide_id=11879&scanf=20466&charge=3&value=sp|Q08211|DHX9_HUMAN,0,/core/www/modules/match_peptides/blast_html4.php?run_id=110202&search_id=114132&scans_id=110198&peptide_id=11879&scanf=20466&charge=3&value=0,R.LETHMTPEMFR.T,/core/www/modules/show_out/show_out_wrapper.php?run_id=110202&search_id=114132&scans_id=110198&peptide_id=11879&scanf=20466&charge=3&value=R.LETHMTPEMFR.T,DHX9,4.150e+8,4.046,0.000,3.958,0.000
20468,2,"  3.407","  0.600",16/18,/core/www/modules//sdig/index.php?run_id=110202&search_id=114132&scans_id=110198&peptide_id=11881&scanf=20468&charge=2&value=16/18,sp|P0DMV8|HS71A_HUMAN,/core/www/modules//consensus/?run_id=110202&search_id=114132&scans_id=110198&peptide_id=11881&scanf=20468&charge=2&value=sp|P0DMV8|HS71A_HUMAN,3,/core/www/modules/match_peptides/blast_html4.php?run_id=110202&search_id=114132&scans_id=110198&peptide_id=11881&scanf=20468&charge=2&value=3,R.LVNHFVEEFK.R,/core/www/modules/show_out/show_out_wrapper.php?run_id=110202&search_id=114132&scans_id=110198&peptide_id=11881&scanf=20468&charge=2&value=R.LVNHFVEEFK.R,HSPA1A,1.006e+7,4.071,0.000,3.995,0.000
20469,2,"  1.443","  0.227",6/12,/core/www/modules//sdig/index.php?run_id=110202&search_id=114132&scans_id=110198&peptide_id=11882&scanf=20469&charge=2&value=6/12,sp|Q68CQ4|UTP25_HUMAN,/core/www/modules//consensus/?run_id=110202&search_id=114132&scans_id=110198&peptide_id=11882&scanf=20469&charge=2&value=sp|Q68CQ4|UTP25_HUMAN,0,/core/www/modules/match_peptides/blast_html4.php?run_id=110202&search_id=114132&scans_id=110198&peptide_id=11882&scanf=20469&charge=2&value=0,R.DLFYPER.T,/core/www/modules/show_out/show_out_wrapper.php?run_id=110202&search_id=114132&scans_id=110198&peptide_id=11882&scanf=20469&charge=2&value=R.DLFYPER.T,UTP25,5.451e+6,2.248,0.049,1.312,0.002
20476,2,"  5.662","  0.770",19/30,/core/www/modules//sdig/index.php?run_id=110202&search_id=114132&scans_id=110198&peptide_id=11890&scanf=20476&charge=2&value=19/30,sp|P55060|XPO2_HUMAN,/core/www/modules//consensus/?run_id=110202&search_id=114132&scans_id=110198&peptide_id=11890&scanf=20476&charge=2&value=sp|P55060|XPO2_HUMAN,0,/core/www/modules/match_peptides/blast_html4.php?run_id=110202&search_id=114132&scans_id=110198&peptide_id=11890&scanf=20476&charge=2&value=0,R.AADEEAFEDNSEEYIR.R,/core/www/modules/show_out/show_out_wrapper.php?run_id=110202&search_id=114132&scans_id=110198&peptide_id=11890&scanf=20476&charge=2&value=R.AADEEAFEDNSEEYIR.R,CSE1L,8.094e+6,4.187,0.000,4.167,0.000
20480,2,"  2.379","  0.507",11/18,/core/www/modules//sdig/index.php?run_id=110202&search_id=114132&scans_id=110198&peptide_id=11894&scanf=20480&charge=2&value=11/18,sp|P62851|RS25_HUMAN,/core/www/modules//consensus/?run_id=110202&search_id=114132&scans_id=110198&peptide_id=11894&scanf=20480&charge=2&value=sp|P62851|RS25_HUMAN,0,/core/www/modules/match_peptides/blast_html4.php?run_id=110202&search_id=114132&scans_id=110198&peptide_id=11894&scanf=20480&charge=2&value=0,K.LITPAVVSER.L,/core/www/modules/show_out/show_out_wrapper.php?run_id=110202&search_id=114132&scans_id=110198&peptide_id=11894&scanf=20480&charge=2&value=K.LITPAVVSER.L,RPS25,1.482e+8,3.276,0.002,2.816,0.000
20481,3,"  5.782","  0.592",22/64,/core/www/modules//sdig/index.php?run_id=110202&search_id=114132&scans_id=110198&peptide_id=11895&scanf=20481&charge=3&value=22/64,sp|Q14974|IMB1_HUMAN,/core/www/modules//consensus/?run_id=110202&search_id=114132&scans_id=110198&peptide_id=11895&scanf=20481&charge=3&value=sp|Q14974|IMB1_HUMAN,2,/core/www/modules/match_peptides/blast_html4.php?run_id=110202&search_id=114132&scans_id=110198&peptide_id=11895&scanf=20481&charge=3&value=2,R.LQQVLQMESHIQSTSDR.I,/core/www/modules/show_out/show_out_wrapper.php?run_id=110202&search_id=114132&scans_id=110198&peptide_id=11895&scanf=20481&charge=3&value=R.LQQVLQMESHIQSTSDR.I,KPNB1,1.992e+7,3.619,0.000,3.324,0.000
20482,4,"  5.459","  0.358",17/138,/core/www/modules//sdig/index.php?run_id=110202&search_id=114132&scans_id=110198&peptide_id=11896&scanf=20482&charge=4&value=17/138,sp|Q7L5N1|CSN6_HUMAN,/core/www/modules//consensus/?run_id=110202&search_id=114132&scans_id=110198&peptide_id=11896&scanf=20482&charge=4&value=sp|Q7L5N1|CSN6_HUMAN,2,/core/www/modules/match_peptides/blast_html4.php?run_id=110202&search_id=114132&scans_id=110198&peptide_id=11896&scanf=20482&charge=4&value=2,R.MTATGSGENSTVAEHLIAQHSAIK.M,/core/www/modules/show_out/show_out_wrapper.php?run_id=110202&search_id=114132&scans_id=110198&peptide_id=11896&scanf=20482&charge=4&value=R.MTATGSGENSTVAEHLIAQHSAIK.M,COPS6,6.700e+6,2.698,0.011,1.963,0.000
20483,2,"  5.278","  0.648",23/24,/core/www/modules//sdig/index.php?run_id=110202&search_id=114132&scans_id=110198&peptide_id=11897&scanf=20483&charge=2&value=23/24,sp|Q13206|DDX10_HUMAN,/core/www/modules//consensus/?run_id=110202&search_id=114132&scans_id=110198&peptide_id=11897&scanf=20483&charge=2&value=sp|Q13206|DDX10_HUMAN,6,/core/www/modules/match_peptides/blast_html4.php?run_id=110202&search_id=114132&scans_id=110198&peptide_id=11897&scanf=20483&charge=2&value=6,K.KLESILAQDQDLK.E,/core/www/modules/show_out/show_out_wrapper.php?run_id=110202&search_id=114132&scans_id=110198&peptide_id=11897&scanf=20483&charge=2&value=K.KLESILAQDQDLK.E,DDX10,9.044e+6,4.105,0.000,4.045,0.000
20484,2,"  1.976","  0.175",8/12,/core/www/modules//sdig/index.php?run_id=110202&search_id=114132&scans_id=110198&peptide_id=11898&scanf=20484&charge=2&value=8/12,sp|Q9NXF1|TEX10_HUMAN,/core/www/modules//consensus/?run_id=110202&search_id=114132&scans_id=110198&peptide_id=11898&scanf=20484&charge=2&value=sp|Q9NXF1|TEX10_HUMAN,0,/core/www/modules/match_peptides/blast_html4.php?run_id=110202&search_id=114132&scans_id=110198&peptide_id=11898&scanf=20484&charge=2&value=0,R.LMLQSLR.V,/core/www/modules/show_out/show_out_wrapper.php?run_id=110202&search_id=114132&scans_id=110198&peptide_id=11898&scanf=20484&charge=2&value=R.LMLQSLR.V,TEX10,9.545e+6,2.378,0.032,1.498,0.001
20485,3,"  5.071","  0.586",17/52,/core/www/modules//sdig/index.php?run_id=110202&search_id=114132&scans_id=110198&peptide_id=11899&scanf=20485&charge=3&value=17/52,sp|Q14980|NUMA1_HUMAN,/core/www/modules//consensus/?run_id=110202&search_id=114132&scans_id=110198&peptide_id=11899&scanf=20485&charge=3&value=sp|Q14980|NUMA1_HUMAN,0,/core/www/modules/match_peptides/blast_html4.php?run_id=110202&search_id=114132&scans_id=110198&peptide_id=11899&scanf=20485&charge=3&value=0,R.QQNELAELHANLAR.A,/core/www/modules/show_out/show_out_wrapper.php?run_id=110202&search_id=114132&scans_id=110198&peptide_id=11899&scanf=20485&charge=3&value=R.QQNELAELHANLAR.A,NUMA1,2.460e+7,3.825,0.000,3.629,0.000
20488,2,"  2.420","  0.224",10/18,/core/www/modules//sdig/index.php?run_id=110202&search_id=114132&scans_id=110198&peptide_id=11902&scanf=20488&charge=2&value=10/18,sp|Q03252|LMNB2_HUMAN,/core/www/modules//consensus/?run_id=110202&search_id=114132&scans_id=110198&peptide_id=11902&scanf=20488&charge=2&value=sp|Q03252|LMNB2_HUMAN,0,/core/www/modules/match_peptides/blast_html4.php?run_id=110202&search_id=114132&scans_id=110198&peptide_id=11902&scanf=20488&charge=2&value=0,R.GLESDVAELR.A,/core/www/modules/show_out/show_out_wrapper.php?run_id=110202&search_id=114132&scans_id=110198&peptide_id=11902&scanf=20488&charge=2&value=R.GLESDVAELR.A,LMNB2,2.597e+7,2.296,0.042,1.381,0.001
20491,2,"  3.219","  0.668",11/24,/core/www/modules//sdig/index.php?run_id=110202&search_id=114132&scans_id=110198&peptide_id=11905&scanf=20491&charge=2&value=11/24,sp|P0DMV8|HS71A_HUMAN,/core/www/modules//consensus/?run_id=110202&search_id=114132&scans_id=110198&peptide_id=11905&scanf=20491&charge=2&value=sp|P0DMV8|HS71A_HUMAN,17,/core/www/modules/match_peptides/blast_html4.php?run_id=110202&search_id=114132&scans_id=110198&peptide_id=11905&scanf=20491&charge=2&value=17,R.TTPSYVAFTDTER.L,/core/www/modules/show_out/show_out_wrapper.php?run_id=110202&search_id=114132&scans_id=110198&peptide_id=11905&scanf=20491&charge=2&value=R.TTPSYVAFTDTER.L,HSPA1A,5.705e+7,3.570,0.001,3.252,0.000
20492,2,"  1.526","  0.176",7/12,/core/www/modules//sdig/index.php?run_id=110202&search_id=114132&scans_id=110198&peptide_id=11906&scanf=20492&charge=2&value=7/12,sp|A6NHR9|SMHD1_HUMAN,/core/www/modules//consensus/?run_id=110202&search_id=114132&scans_id=110198&peptide_id=11906&scanf=20492&charge=2&value=sp|A6NHR9|SMHD1_HUMAN,2,/core/www/modules/match_peptides/blast_html4.php?run_id=110202&search_id=114132&scans_id=110198&peptide_id=11906&scanf=20492&charge=2&value=2,K.VTLPGLK.E,/core/www/modules/show_out/show_out_wrapper.php?run_id=110202&search_id=114132&scans_id=110198&peptide_id=11906&scanf=20492&charge=2&value=K.VTLPGLK.E,SMCHD1,4.521e+7,2.429,0.027,1.572,0.001
20494,3,"  3.227","  0.499",17/76,/core/www/modules//sdig/index.php?run_id=110202&search_id=114132&scans_id=110198&peptide_id=11908&scanf=20494&charge=3&value=17/76,sp|Q9UBB9|TFP11_HUMAN,/core/www/modules//consensus/?run_id=110202&search_id=114132&scans_id=110198&peptide_id=11908&scanf=20494&charge=3&value=sp|Q9UBB9|TFP11_HUMAN,1,/core/www/modules/match_peptides/blast_html4.php?run_id=110202&search_id=114132&scans_id=110198&peptide_id=11908&scanf=20494&charge=3&value=1,K.HNVPDDGLPLQSQQLPQSGK.E,/core/www/modules/show_out/show_out_wrapper.php?run_id=110202&search_id=114132&scans_id=110198&peptide_id=11908&scanf=20494&charge=3&value=K.HNVPDDGLPLQSQQLPQSGK.E,TFIP11,3.701e+6,2.866,0.006,2.211,0.000
20495,3,"  2.894","  0.384",13/40,/core/www/modules//sdig/index.php?run_id=110202&search_id=114132&scans_id=110198&peptide_id=11909&scanf=20495&charge=3&value=13/40,sp|O95347|SMC2_HUMAN,/core/www/modules//consensus/?run_id=110202&search_id=114132&scans_id=110198&peptide_id=11909&scanf=20495&charge=3&value=sp|O95347|SMC2_HUMAN,0,/core/www/modules/match_peptides/blast_html4.php?run_id=110202&search_id=114132&scans_id=110198&peptide_id=11909&scanf=20495&charge=3&value=0,R.LKETYEALLAR.F,/core/www/modules/show_out/show_out_wrapper.php?run_id=110202&search_id=114132&scans_id=110198&peptide_id=11909&scanf=20495&charge=3&value=R.LKETYEALLAR.F,SMC2,2.262e+7,2.658,0.012,1.904,0.000
20496,3,"  1.817","  0.388",9/40,/core/www/modules//sdig/index.php?run_id=110202&search_id=114132&scans_id=110198&peptide_id=11910&scanf=20496&charge=3&value=9/40,sp|Q9BWU0|NADAP_HUMAN,/core/www/modules//consensus/?run_id=110202&search_id=114132&scans_id=110198&peptide_id=11910&scanf=20496&charge=3&value=sp|Q9BWU0|NADAP_HUMAN,5,/core/www/modules/match_peptides/blast_html4.php?run_id=110202&search_id=114132&scans_id=110198&peptide_id=11910&scanf=20496&charge=3&value=5,K.IVKPAEIPELK.K,/core/www/modules/show_out/show_out_wrapper.php?run_id=110202&search_id=114132&scans_id=110198&peptide_id=11910&scanf=20496&charge=3&value=K.IVKPAEIPELK.K,SLC4A1AP,6.562e+6,2.693,0.011,1.955,0.000
20498,2,"  3.433","  0.537",12/24,/core/www/modules//sdig/index.php?run_id=110202&search_id=114132&scans_id=110198&peptide_id=11912&scanf=20498&charge=2&value=12/24,sp|Q9NXV6|CARF_HUMAN,/core/www/modules//consensus/?run_id=110202&search_id=114132&scans_id=110198&peptide_id=11912&scanf=20498&charge=2&value=sp|Q9NXV6|CARF_HUMAN,0,/core/www/modules/match_peptides/blast_html4.php?run_id=110202&search_id=114132&scans_id=110198&peptide_id=11912&scanf=20498&charge=2&value=0,K.STSLASVSQLASK.S,/core/www/modules/show_out/show_out_wrapper.php?run_id=110202&search_id=114132&scans_id=110198&peptide_id=11912&scanf=20498&charge=2&value=K.STSLASVSQLASK.S,CDKN2AIP,4.520e+6,3.145,0.002,2.622,0.000
20499,2,"  5.358","  0.764",22/34,/core/www/modules//sdig/index.php?run_id=110202&search_id=114132&scans_id=110198&peptide_id=11913&scanf=20499&charge=2&value=22/34,sp|P13667|PDIA4_HUMAN,/core/www/modules//consensus/?run_id=110202&search_id=114132&scans_id=110198&peptide_id=11913&scanf=20499&charge=2&value=sp|P13667|PDIA4_HUMAN,2,/core/www/modules/match_peptides/blast_html4.php?run_id=110202&search_id=114132&scans_id=110198&peptide_id=11913&scanf=20499&charge=2&value=2,K.GESDPAYQQYQDAANNLR.E,/core/www/modules/show_out/show_out_wrapper.php?run_id=110202&search_id=114132&scans_id=110198&peptide_id=11913&scanf=20499&charge=2&value=K.GESDPAYQQYQDAANNLR.E,PDIA4,3.242e+6,4.186,0.000,4.165,0.000
20501,2,"  1.584","  0.000",8/12,/core/www/modules//sdig/index.php?run_id=110202&search_id=114132&scans_id=110198&peptide_id=11915&scanf=20501&charge=2&value=8/12,sp|P09651|ROA1_HUMAN,/core/www/modules//consensus/?run_id=110202&search_id=114132&scans_id=110198&peptide_id=11915&scanf=20501&charge=2&value=sp|P09651|ROA1_HUMAN,0,/core/www/modules/match_peptides/blast_html4.php?run_id=110202&search_id=114132&scans_id=110198&peptide_id=11915&scanf=20501&charge=2&value=0,K.IFVGGIK.E,/core/www/modules/show_out/show_out_wrapper.php?run_id=110202&search_id=114132&scans_id=110198&peptide_id=11915&scanf=20501&charge=2&value=K.IFVGGIK.E,HNRNPA1,7.963e+8,2.451,0.025,1.602,0.001
20502,2,"  2.211","  0.484",10/18,/core/www/modules//sdig/index.php?run_id=110202&search_id=114132&scans_id=110198&peptide_id=11916&scanf=20502&charge=2&value=10/18,IGHG_RABIT,/core/www/modules//consensus/?run_id=110202&search_id=114132&scans_id=110198&peptide_id=11916&scanf=20502&charge=2&value=IGHG_RABIT,0,/core/www/modules/match_peptides/blast_html4.php?run_id=110202&search_id=114132&scans_id=110198&peptide_id=11916&scanf=20502&charge=2&value=0,K.LSVPTSEWQR.G,/core/www/modules/show_out/show_out_wrapper.php?run_id=110202&search_id=114132&scans_id=110198&peptide_id=11916&scanf=20502&charge=2&value=K.LSVPTSEWQR.G,,2.533e+8,3.117,0.003,2.581,0.000
20508,3,"  4.010","  0.445",17/52,/core/www/modules//sdig/index.php?run_id=110202&search_id=114132&scans_id=110198&peptide_id=11922&scanf=20508&charge=3&value=17/52,sp|P62906|RL10A_HUMAN,/core/www/modules//consensus/?run_id=110202&search_id=114132&scans_id=110198&peptide_id=11922&scanf=20508&charge=3&value=sp|P62906|RL10A_HUMAN,0,/core/www/modules/match_peptides/blast_html4.php?run_id=110202&search_id=114132&scans_id=110198&peptide_id=11922&scanf=20508&charge=3&value=0,K.FPSLLTHNENM*VAK.V,/core/www/modules/show_out/show_out_wrapper.php?run_id=110202&search_id=114132&scans_id=110198&peptide_id=11922&scanf=20508&charge=3&value=K.FPSLLTHNENM*VAK.V,RPL10A,2.125e+7,3.112,0.003,2.573,0.000
20509,2,"  1.732","  0.428",7/12,/core/www/modules//sdig/index.php?run_id=110202&search_id=114132&scans_id=110198&peptide_id=11923&scanf=20509&charge=2&value=7/12,sp|O00487|PSDE_HUMAN,/core/www/modules//consensus/?run_id=110202&search_id=114132&scans_id=110198&peptide_id=11923&scanf=20509&charge=2&value=sp|O00487|PSDE_HUMAN,0,/core/www/modules/match_peptides/blast_html4.php?run_id=110202&search_id=114132&scans_id=110198&peptide_id=11923&scanf=20509&charge=2&value=0,K.VVIDAFR.L,/core/www/modules/show_out/show_out_wrapper.php?run_id=110202&search_id=114132&scans_id=110198&peptide_id=11923&scanf=20509&charge=2&value=K.VVIDAFR.L,PSMD14,2.169e+7,3.077,0.003,2.522,0.000
20510,3,"  2.059","  0.179",8/36,/core/www/modules//sdig/index.php?run_id=110202&search_id=114132&scans_id=110198&peptide_id=11925&scanf=20510&charge=3&value=8/36,sp|Q14315|FLNC_HUMAN,/core/www/modules//consensus/?run_id=110202&search_id=114132&scans_id=110198&peptide_id=11925&scanf=20510&charge=3&value=sp|Q14315|FLNC_HUMAN,0,/core/www/modules/match_peptides/blast_html4.php?run_id=110202&search_id=114132&scans_id=110198&peptide_id=11925&scanf=20510&charge=3&value=0,K.EKGDYILIVK.W,/core/www/modules/show_out/show_out_wrapper.php?run_id=110202&search_id=114132&scans_id=110198&peptide_id=11925&scanf=20510&charge=3&value=K.EKGDYILIVK.W,FLNC,5.888e+6,1.941,0.128,0.894,0.006
20511,2,"  2.829","  0.477",10/20,/core/www/modules//sdig/index.php?run_id=110202&search_id=114132&scans_id=110198&peptide_id=11926&scanf=20511&charge=2&value=10/20,sp|P46940|IQGA1_HUMAN,/core/www/modules//consensus/?run_id=110202&search_id=114132&scans_id=110198&peptide_id=11926&scanf=20511&charge=2&value=sp|P46940|IQGA1_HUMAN,2,/core/www/modules/match_peptides/blast_html4.php?run_id=110202&search_id=114132&scans_id=110198&peptide_id=11926&scanf=20511&charge=2&value=2,K.ITLQDVVSHSK.K,/core/www/modules/show_out/show_out_wrapper.php?run_id=110202&search_id=114132&scans_id=110198&peptide_id=11926&scanf=20511&charge=2&value=K.ITLQDVVSHSK.K,IQGAP1,5.727e+6,3.094,0.003,2.547,0.000
20512,3,"  2.800","  0.455",13/36,/core/www/modules//sdig/index.php?run_id=110202&search_id=114132&scans_id=110198&peptide_id=11927&scanf=20512&charge=3&value=13/36,sp|Q9UK61|TASOR_HUMAN,/core/www/modules//consensus/?run_id=110202&search_id=114132&scans_id=110198&peptide_id=11927&scanf=20512&charge=3&value=sp|Q9UK61|TASOR_HUMAN,0,/core/www/modules/match_peptides/blast_html4.php?run_id=110202&search_id=114132&scans_id=110198&peptide_id=11927&scanf=20512&charge=3&value=0,K.LVLVKPLGDR.G,/core/www/modules/show_out/show_out_wrapper.php?run_id=110202&search_id=114132&scans_id=110198&peptide_id=11927&scanf=20512&charge=3&value=K.LVLVKPLGDR.G,TASOR,2.144e+7,3.262,0.002,2.795,0.000
20515,3,"  4.893","  0.696",22/96,/core/www/modules//sdig/index.php?run_id=110202&search_id=114132&scans_id=110198&peptide_id=11930&scanf=20515&charge=3&value=22/96,sp|Q14676|MDC1_HUMAN,/core/www/modules//consensus/?run_id=110202&search_id=114132&scans_id=110198&peptide_id=11930&scanf=20515&charge=3&value=sp|Q14676|MDC1_HUMAN,0,/core/www/modules/match_peptides/blast_html4.php?run_id=110202&search_id=114132&scans_id=110198&peptide_id=11930&scanf=20515&charge=3&value=0,K.TPEPVVPTAPEPHPTTSTDQPVTPK.L,/core/www/modules/show_out/show_out_wrapper.php?run_id=110202&search_id=114132&scans_id=110198&peptide_id=11930&scanf=20515&charge=3&value=K.TPEPVVPTAPEPHPTTSTDQPVTPK.L,MDC1,4.863e+6,3.463,0.001,3.093,0.000
20516,2,"  1.822","  0.236",7/12,/core/www/modules//sdig/index.php?run_id=110202&search_id=114132&scans_id=110198&peptide_id=11931&scanf=20516&charge=2&value=7/12,sp|Q5MIZ7|P4R3B_HUMAN,/core/www/modules//consensus/?run_id=110202&search_id=114132&scans_id=110198&peptide_id=11931&scanf=20516&charge=2&value=sp|Q5MIZ7|P4R3B_HUMAN,6,/core/www/modules/match_peptides/blast_html4.php?run_id=110202&search_id=114132&scans_id=110198&peptide_id=11931&scanf=20516&charge=2&value=6,K.GMSLLVR.A,/core/www/modules/show_out/show_out_wrapper.php?run_id=110202&search_id=114132&scans_id=110198&peptide_id=11931&scanf=20516&charge=2&value=K.GMSLLVR.A,PPP4R3B,6.598e+6,2.295,0.042,1.380,0.001
20517,2,"  2.002","  0.288",9/20,/core/www/modules//sdig/index.php?run_id=110202&search_id=114132&scans_id=110198&peptide_id=11932&scanf=20517&charge=2&value=9/20,sp|Q03188|CENPC_HUMAN,/core/www/modules//consensus/?run_id=110202&search_id=114132&scans_id=110198&peptide_id=11932&scanf=20517&charge=2&value=sp|Q03188|CENPC_HUMAN,2,/core/www/modules/match_peptides/blast_html4.php?run_id=110202&search_id=114132&scans_id=110198&peptide_id=11932&scanf=20517&charge=2&value=2,K.LVLPSNTPNVR.R,/core/www/modules/show_out/show_out_wrapper.php?run_id=110202&search_id=114132&scans_id=110198&peptide_id=11932&scanf=20517&charge=2&value=K.LVLPSNTPNVR.R,CENPC,6.460e+6,2.138,0.069,1.159,0.002
20518,3,"  5.295","  0.533",16/56,/core/www/modules//sdig/index.php?run_id=110202&search_id=114132&scans_id=110198&peptide_id=11933&scanf=20518&charge=3&value=16/56,sp|Q92925|SMRD2_HUMAN,/core/www/modules//consensus/?run_id=110202&search_id=114132&scans_id=110198&peptide_id=11933&scanf=20518&charge=3&value=sp|Q92925|SMRD2_HUMAN,4,/core/www/modules/match_peptides/blast_html4.php?run_id=110202&search_id=114132&scans_id=110198&peptide_id=11933&scanf=20518&charge=3&value=4,R.AAFYHQPWAQEAVGR.H,/core/www/modules/show_out/show_out_wrapper.php?run_id=110202&search_id=114132&scans_id=110198&peptide_id=11933&scanf=20518&charge=3&value=R.AAFYHQPWAQEAVGR.H,SMARCD2,1.673e+7,3.372,0.001,2.959,0.000
20520,2,"  2.107","  0.299",8/14,/core/www/modules//sdig/index.php?run_id=110202&search_id=114132&scans_id=110198&peptide_id=11936&scanf=20520&charge=2&value=8/14,sp|P53621|COPA_HUMAN,/core/www/modules//consensus/?run_id=110202&search_id=114132&scans_id=110198&peptide_id=11936&scanf=20520&charge=2&value=sp|P53621|COPA_HUMAN,6,/core/www/modules/match_peptides/blast_html4.php?run_id=110202&search_id=114132&scans_id=110198&peptide_id=11936&scanf=20520&charge=2&value=6,K.DVAVMQLR.S,/core/www/modules/show_out/show_out_wrapper.php?run_id=110202&search_id=114132&scans_id=110198&peptide_id=11936&scanf=20520&charge=2&value=K.DVAVMQLR.S,COPA,2.852e+7,2.710,0.010,1.980,0.000
20522,2,"  3.759","  0.582",16/24,/core/www/modules//sdig/index.php?run_id=110202&search_id=114132&scans_id=110198&peptide_id=11937&scanf=20522&charge=2&value=16/24,sp|P05387|RLA2_HUMAN,/core/www/modules//consensus/?run_id=110202&search_id=114132&scans_id=110198&peptide_id=11937&scanf=20522&charge=2&value=sp|P05387|RLA2_HUMAN,0,/core/www/modules/match_peptides/blast_html4.php?run_id=110202&search_id=114132&scans_id=110198&peptide_id=11937&scanf=20522&charge=2&value=0,K.ILDSVGIEADDDR.L,/core/www/modules/show_out/show_out_wrapper.php?run_id=110202&search_id=114132&scans_id=110198&peptide_id=11937&scanf=20522&charge=2&value=K.ILDSVGIEADDDR.L,RPLP2,7.580e+7,3.598,0.001,3.294,0.000
20523,2,"  1.649","  0.385",7/12,/core/www/modules//sdig/index.php?run_id=110202&search_id=114132&scans_id=110198&peptide_id=11938&scanf=20523&charge=2&value=7/12,sp|O00487|PSDE_HUMAN,/core/www/modules//consensus/?run_id=110202&search_id=114132&scans_id=110198&peptide_id=11938&scanf=20523&charge=2&value=sp|O00487|PSDE_HUMAN,0,/core/www/modules/match_peptides/blast_html4.php?run_id=110202&search_id=114132&scans_id=110198&peptide_id=11938&scanf=20523&charge=2&value=0,K.VVIDAFR.L,/core/www/modules/show_out/show_out_wrapper.php?run_id=110202&search_id=114132&scans_id=110198&peptide_id=11938&scanf=20523&charge=2&value=K.VVIDAFR.L,PSMD14,2.169e+7,2.922,0.005,2.292,0.000
20524,2,"  1.888","  0.349",8/12,/core/www/modules//sdig/index.php?run_id=110202&search_id=114132&scans_id=110198&peptide_id=11939&scanf=20524&charge=2&value=8/12,sp|P35998|PRS7_HUMAN,/core/www/modules//consensus/?run_id=110202&search_id=114132&scans_id=110198&peptide_id=11939&scanf=20524&charge=2&value=sp|P35998|PRS7_HUMAN,1,/core/www/modules/match_peptides/blast_html4.php?run_id=110202&search_id=114132&scans_id=110198&peptide_id=11939&scanf=20524&charge=2&value=1,R.ELFEMAR.T,/core/www/modules/show_out/show_out_wrapper.php?run_id=110202&search_id=114132&scans_id=110198&peptide_id=11939&scanf=20524&charge=2&value=R.ELFEMAR.T,PSMC2,1.691e+7,2.978,0.004,2.376,0.000
20526,2,"  2.508","  0.349",10/16,/core/www/modules//sdig/index.php?run_id=110202&search_id=114132&scans_id=110198&peptide_id=11941&scanf=20526&charge=2&value=10/16,sp|O60812|HNRC1_HUMAN,/core/www/modules//consensus/?run_id=110202&search_id=114132&scans_id=110198&peptide_id=11941&scanf=20526&charge=2&value=sp|O60812|HNRC1_HUMAN,19,/core/www/modules/match_peptides/blast_html4.php?run_id=110202&search_id=114132&scans_id=110198&peptide_id=11941&scanf=20526&charge=2&value=19,K.SDVEAIFSK.Y,/core/www/modules/show_out/show_out_wrapper.php?run_id=110202&search_id=114132&scans_id=110198&peptide_id=11941&scanf=20526&charge=2&value=K.SDVEAIFSK.Y,HNRNPCL1,1.218e+8,2.838,0.007,2.169,0.000
20528,2,"  2.298","  0.490",9/16,/core/www/modules//sdig/index.php?run_id=110202&search_id=114132&scans_id=110198&peptide_id=11943&scanf=20528&charge=2&value=9/16,sp|Q14697|GANAB_HUMAN,/core/www/modules//consensus/?run_id=110202&search_id=114132&scans_id=110198&peptide_id=11943&scanf=20528&charge=2&value=sp|Q14697|GANAB_HUMAN,2,/core/www/modules/match_peptides/blast_html4.php?run_id=110202&search_id=114132&scans_id=110198&peptide_id=11943&scanf=20528&charge=2&value=2,K.NPEPELLVR.W,/core/www/modules/show_out/show_out_wrapper.php?run_id=110202&search_id=114132&scans_id=110198&peptide_id=11943&scanf=20528&charge=2&value=K.NPEPELLVR.W,GANAB,1.776e+7,3.048,0.003,2.478,0.000
20529,3,"  5.212","  0.525",21/64,/core/www/modules//sdig/index.php?run_id=110202&search_id=114132&scans_id=110198&peptide_id=11944&scanf=20529&charge=3&value=21/64,sp|O43707|ACTN4_HUMAN,/core/www/modules//consensus/?run_id=110202&search_id=114132&scans_id=110198&peptide_id=11944&scanf=20529&charge=3&value=sp|O43707|ACTN4_HUMAN,3,/core/www/modules/match_peptides/blast_html4.php?run_id=110202&search_id=114132&scans_id=110198&peptide_id=11944&scanf=20529&charge=3&value=3,K.M*VSDINNGWQHLEQAEK.G,/core/www/modules/show_out/show_out_wrapper.php?run_id=110202&search_id=114132&scans_id=110198&peptide_id=11944&scanf=20529&charge=3&value=K.M*VSDINNGWQHLEQAEK.G,ACTN4,7.940e+6,3.670,0.000,3.400,0.000
20530,2,"  2.016","  0.147",8/14,/core/www/modules//sdig/index.php?run_id=110202&search_id=114132&scans_id=110198&peptide_id=11946&scanf=20530&charge=2&value=8/14,sp|P06493|CDK1_HUMAN,/core/www/modules//consensus/?run_id=110202&search_id=114132&scans_id=110198&peptide_id=11946&scanf=20530&charge=2&value=sp|P06493|CDK1_HUMAN,1,/core/www/modules/match_peptides/blast_html4.php?run_id=110202&search_id=114132&scans_id=110198&peptide_id=11946&scanf=20530&charge=2&value=1,K.MLIYDPAK.R,/core/www/modules/show_out/show_out_wrapper.php?run_id=110202&search_id=114132&scans_id=110198&peptide_id=11946&scanf=20530&charge=2&value=K.MLIYDPAK.R,CDK1,1.845e+7,2.105,0.077,1.114,0.003
20531,2,"  3.382","  0.549",13/24,/core/www/modules//sdig/index.php?run_id=110202&search_id=114132&scans_id=110198&peptide_id=11947&scanf=20531&charge=2&value=13/24,sp|O96019|ACL6A_HUMAN,/core/www/modules//consensus/?run_id=110202&search_id=114132&scans_id=110198&peptide_id=11947&scanf=20531&charge=2&value=sp|O96019|ACL6A_HUMAN,2,/core/www/modules/match_peptides/blast_html4.php?run_id=110202&search_id=114132&scans_id=110198&peptide_id=11947&scanf=20531&charge=2&value=2,R.DDGSTLMEIDGDK.G,/core/www/modules/show_out/show_out_wrapper.php?run_id=110202&search_id=114132&scans_id=110198&peptide_id=11947&scanf=20531&charge=2&value=R.DDGSTLMEIDGDK.G,ACTL6A,2.683e+7,3.235,0.002,2.755,0.000
20532,2,"  3.563","  0.407",13/20,/core/www/modules//sdig/index.php?run_id=110202&search_id=114132&scans_id=110198&peptide_id=11948&scanf=20532&charge=2&value=13/20,sp|P35579|MYH9_HUMAN,/core/www/modules//consensus/?run_id=110202&search_id=114132&scans_id=110198&peptide_id=11948&scanf=20532&charge=2&value=sp|P35579|MYH9_HUMAN,1,/core/www/modules/match_peptides/blast_html4.php?run_id=110202&search_id=114132&scans_id=110198&peptide_id=11948&scanf=20532&charge=2&value=1,K.VEAQLQELQVK.F,/core/www/modules/show_out/show_out_wrapper.php?run_id=110202&search_id=114132&scans_id=110198&peptide_id=11948&scanf=20532&charge=2&value=K.VEAQLQELQVK.F,MYH9,1.211e+7,3.220,0.002,2.733,0.000
20533,2,"  2.398","  0.288",11/18,/core/www/modules//sdig/index.php?run_id=110202&search_id=114132&scans_id=110198&peptide_id=11949&scanf=20533&charge=2&value=11/18,sp|P50990|TCPQ_HUMAN,/core/www/modules//consensus/?run_id=110202&search_id=114132&scans_id=110198&peptide_id=11949&scanf=20533&charge=2&value=sp|P50990|TCPQ_HUMAN,1,/core/www/modules/match_peptides/blast_html4.php?run_id=110202&search_id=114132&scans_id=110198&peptide_id=11949&scanf=20533&charge=2&value=1,K.TAEELMNFSK.G,/core/www/modules/show_out/show_out_wrapper.php?run_id=110202&search_id=114132&scans_id=110198&peptide_id=11949&scanf=20533&charge=2&value=K.TAEELMNFSK.G,CCT8,3.655e+7,2.528,0.019,1.715,0.000
20536,2,"  2.589","  0.382",11/18,/core/www/modules//sdig/index.php?run_id=110202&search_id=114132&scans_id=110198&peptide_id=11952&scanf=20536&charge=2&value=11/18,sp|O95239|KIF4A_HUMAN,/core/www/modules//consensus/?run_id=110202&search_id=114132&scans_id=110198&peptide_id=11952&scanf=20536&charge=2&value=sp|O95239|KIF4A_HUMAN,0,/core/www/modules/match_peptides/blast_html4.php?run_id=110202&search_id=114132&scans_id=110198&peptide_id=11952&scanf=20536&charge=2&value=0,K.ILAQDVAQLK.E,/core/www/modules/show_out/show_out_wrapper.php?run_id=110202&search_id=114132&scans_id=110198&peptide_id=11952&scanf=20536&charge=2&value=K.ILAQDVAQLK.E,KIF4A,7.874e+6,2.894,0.006,2.251,0.000
20540,2,"  1.802","  0.383",9/12,/core/www/modules//sdig/index.php?run_id=110202&search_id=114132&scans_id=110198&peptide_id=11957&scanf=20540&charge=2&value=9/12,sp|Q9GZQ8|MLP3B_HUMAN,/core/www/modules//consensus/?run_id=110202&search_id=114132&scans_id=110198&peptide_id=11957&scanf=20540&charge=2&value=sp|Q9GZQ8|MLP3B_HUMAN,3,/core/www/modules/match_peptides/blast_html4.php?run_id=110202&search_id=114132&scans_id=110198&peptide_id=11957&scanf=20540&charge=2&value=3,K.IPVIIER.Y,/core/www/modules/show_out/show_out_wrapper.php?run_id=110202&search_id=114132&scans_id=110198&peptide_id=11957&scanf=20540&charge=2&value=K.IPVIIER.Y,MAP1LC3B,1.667e+7,3.113,0.003,2.575,0.000
20543,2,"  2.005","  0.357",8/14,/core/www/modules//sdig/index.php?run_id=110202&search_id=114132&scans_id=110198&peptide_id=11959&scanf=20543&charge=2&value=8/14,sp|Q14974|IMB1_HUMAN,/core/www/modules//consensus/?run_id=110202&search_id=114132&scans_id=110198&peptide_id=11959&scanf=20543&charge=2&value=sp|Q14974|IMB1_HUMAN,2,/core/www/modules/match_peptides/blast_html4.php?run_id=110202&search_id=114132&scans_id=110198&peptide_id=11959&scanf=20543&charge=2&value=2,K.TTLVIMER.L,/core/www/modules/show_out/show_out_wrapper.php?run_id=110202&search_id=114132&scans_id=110198&peptide_id=11959&scanf=20543&charge=2&value=K.TTLVIMER.L,KPNB1,2.409e+7,2.739,0.009,2.024,0.000
20544,2,"  1.780","  0.229",8/12,/core/www/modules//sdig/index.php?run_id=110202&search_id=114132&scans_id=110198&peptide_id=11960&scanf=20544&charge=2&value=8/12,sp|P61254|RL26_HUMAN,/core/www/modules//consensus/?run_id=110202&search_id=114132&scans_id=110198&peptide_id=11960&scanf=20544&charge=2&value=sp|P61254|RL26_HUMAN,7,/core/www/modules/match_peptides/blast_html4.php?run_id=110202&search_id=114132&scans_id=110198&peptide_id=11960&scanf=20544&charge=2&value=7,K.YVIYIER.V,/core/www/modules/show_out/show_out_wrapper.php?run_id=110202&search_id=114132&scans_id=110198&peptide_id=11960&scanf=20544&charge=2&value=K.YVIYIER.V,RPL26,2.907e+7,2.534,0.019,1.723,0.000
20545,2,"  2.012","  0.173",9/18,/core/www/modules//sdig/index.php?run_id=110202&search_id=114132&scans_id=110198&peptide_id=11961&scanf=20545&charge=2&value=9/18,sp|Q9Y5B9|SP16H_HUMAN,/core/www/modules//consensus/?run_id=110202&search_id=114132&scans_id=110198&peptide_id=11961&scanf=20545&charge=2&value=sp|Q9Y5B9|SP16H_HUMAN,0,/core/www/modules/match_peptides/blast_html4.php?run_id=110202&search_id=114132&scans_id=110198&peptide_id=11961&scanf=20545&charge=2&value=0,R.DLGFNGAPYR.S,/core/www/modules/show_out/show_out_wrapper.php?run_id=110202&search_id=114132&scans_id=110198&peptide_id=11961&scanf=20545&charge=2&value=R.DLGFNGAPYR.S,SUPT16H,3.757e+7,2.124,0.072,1.140,0.002
20547,2,"  2.298","  0.455",10/14,/core/www/modules//sdig/index.php?run_id=110202&search_id=114132&scans_id=110198&peptide_id=11963&scanf=20547&charge=2&value=10/14,sp|Q12792|TWF1_HUMAN,/core/www/modules//consensus/?run_id=110202&search_id=114132&scans_id=110198&peptide_id=11963&scanf=20547&charge=2&value=sp|Q12792|TWF1_HUMAN,0,/core/www/modules/match_peptides/blast_html4.php?run_id=110202&search_id=114132&scans_id=110198&peptide_id=11963&scanf=20547&charge=2&value=0,R.QLQMDVIR.K,/core/www/modules/show_out/show_out_wrapper.php?run_id=110202&search_id=114132&scans_id=110198&peptide_id=11963&scanf=20547&charge=2&value=R.QLQMDVIR.K,TWF1,1.170e+7,3.297,0.001,2.848,0.000
20549,2,"  1.612","  0.105",9/16,/core/www/modules//sdig/index.php?run_id=110202&search_id=114132&scans_id=110198&peptide_id=11965&scanf=20549&charge=2&value=9/16,sp|P24534|EF1B_HUMAN,/core/www/modules//consensus/?run_id=110202&search_id=114132&scans_id=110198&peptide_id=11965&scanf=20549&charge=2&value=sp|P24534|EF1B_HUMAN,0,/core/www/modules/match_peptides/blast_html4.php?run_id=110202&search_id=114132&scans_id=110198&peptide_id=11965&scanf=20549&charge=2&value=0,K.LVPVGYGIK.K,/core/www/modules/show_out/show_out_wrapper.php?run_id=110202&search_id=114132&scans_id=110198&peptide_id=11965&scanf=20549&charge=2&value=K.LVPVGYGIK.K,EEF1B2,4.628e+7,1.857,0.163,0.788,0.009
20550,2,"  2.604","  0.445",11/16,/core/www/modules//sdig/index.php?run_id=110202&search_id=114132&scans_id=110198&peptide_id=11967&scanf=20550&charge=2&value=11/16,sp|P28370|SMCA1_HUMAN,/core/www/modules//consensus/?run_id=110202&search_id=114132&scans_id=110198&peptide_id=11967&scanf=20550&charge=2&value=sp|P28370|SMCA1_HUMAN,2,/core/www/modules/match_peptides/blast_html4.php?run_id=110202&search_id=114132&scans_id=110198&peptide_id=11967&scanf=20550&charge=2&value=2,R.MDIEQSLYK.F,/core/www/modules/show_out/show_out_wrapper.php?run_id=110202&search_id=114132&scans_id=110198&peptide_id=11967&scanf=20550&charge=2&value=R.MDIEQSLYK.F,SMARCA1,2.690e+7,3.280,0.002,2.822,0.000
20552,3,"  4.927","  0.543",17/56,/core/www/modules//sdig/index.php?run_id=110202&search_id=114132&scans_id=110198&peptide_id=11969&scanf=20552&charge=3&value=17/56,sp|Q96FV9|THOC1_HUMAN,/core/www/modules//consensus/?run_id=110202&search_id=114132&scans_id=110198&peptide_id=11969&scanf=20552&charge=3&value=sp|Q96FV9|THOC1_HUMAN,0,/core/www/modules/match_peptides/blast_html4.php?run_id=110202&search_id=114132&scans_id=110198&peptide_id=11969&scanf=20552&charge=3&value=0,R.DKPVTGEQIEVFANK.L,/core/www/modules/show_out/show_out_wrapper.php?run_id=110202&search_id=114132&scans_id=110198&peptide_id=11969&scanf=20552&charge=3&value=R.DKPVTGEQIEVFANK.L,THOC1,9.201e+6,3.334,0.001,2.903,0.000
20553,2,"  2.750","  0.531",12/20,/core/www/modules//sdig/index.php?run_id=110202&search_id=114132&scans_id=110198&peptide_id=11970&scanf=20553&charge=2&value=12/20,sp|Q92878|RAD50_HUMAN,/core/www/modules//consensus/?run_id=110202&search_id=114132&scans_id=110198&peptide_id=11970&scanf=20553&charge=2&value=sp|Q92878|RAD50_HUMAN,6,/core/www/modules/match_peptides/blast_html4.php?run_id=110202&search_id=114132&scans_id=110198&peptide_id=11970&scanf=20553&charge=2&value=6,R.DVNGELIAVQR.S,/core/www/modules/show_out/show_out_wrapper.php?run_id=110202&search_id=114132&scans_id=110198&peptide_id=11970&scanf=20553&charge=2&value=R.DVNGELIAVQR.S,RAD50,1.091e+7,3.427,0.001,3.039,0.000
20554,2,"  4.038","  0.580",16/26,/core/www/modules//sdig/index.php?run_id=110202&search_id=114132&scans_id=110198&peptide_id=11971&scanf=20554&charge=2&value=16/26,sp|P40939|ECHA_HUMAN,/core/www/modules//consensus/?run_id=110202&search_id=114132&scans_id=110198&peptide_id=11971&scanf=20554&charge=2&value=sp|P40939|ECHA_HUMAN,4,/core/www/modules/match_peptides/blast_html4.php?run_id=110202&search_id=114132&scans_id=110198&peptide_id=11971&scanf=20554&charge=2&value=4,K.TLQEVTQLSQEAQR.I,/core/www/modules/show_out/show_out_wrapper.php?run_id=110202&search_id=114132&scans_id=110198&peptide_id=11971&scanf=20554&charge=2&value=K.TLQEVTQLSQEAQR.I,HADHA,7.224e+6,3.511,0.001,3.164,0.000
20555,2,"  1.947","  0.159",9/16,/core/www/modules//sdig/index.php?run_id=110202&search_id=114132&scans_id=110198&peptide_id=11972&scanf=20555&charge=2&value=9/16,sp|Q99536|VAT1_HUMAN,/core/www/modules//consensus/?run_id=110202&search_id=114132&scans_id=110198&peptide_id=11972&scanf=20555&charge=2&value=sp|Q99536|VAT1_HUMAN,1,/core/www/modules/match_peptides/blast_html4.php?run_id=110202&search_id=114132&scans_id=110198&peptide_id=11972&scanf=20555&charge=2&value=1,K.VLLVPGPEK.E,/core/www/modules/show_out/show_out_wrapper.php?run_id=110202&search_id=114132&scans_id=110198&peptide_id=11972&scanf=20555&charge=2&value=K.VLLVPGPEK.E,VAT1,1.635e+8,2.059,0.089,1.051,0.004
20556,2,"  3.121","  0.494",12/20,/core/www/modules//sdig/index.php?run_id=110202&search_id=114132&scans_id=110198&peptide_id=11973&scanf=20556&charge=2&value=12/20,sp|Q9NWT1|PK1IP_HUMAN,/core/www/modules//consensus/?run_id=110202&search_id=114132&scans_id=110198&peptide_id=11973&scanf=20556&charge=2&value=sp|Q9NWT1|PK1IP_HUMAN,0,/core/www/modules/match_peptides/blast_html4.php?run_id=110202&search_id=114132&scans_id=110198&peptide_id=11973&scanf=20556&charge=2&value=0,R.GEQYVVIIQNK.I,/core/www/modules/show_out/show_out_wrapper.php?run_id=110202&search_id=114132&scans_id=110198&peptide_id=11973&scanf=20556&charge=2&value=R.GEQYVVIIQNK.I,PAK1IP1,2.571e+7,3.250,0.002,2.777,0.000
20558,2,"  2.280","  0.249",7/18,/core/www/modules//sdig/index.php?run_id=110202&search_id=114132&scans_id=110198&peptide_id=11975&scanf=20558&charge=2&value=7/18,sp|Q9HC38|GLOD4_HUMAN,/core/www/modules//consensus/?run_id=110202&search_id=114132&scans_id=110198&peptide_id=11975&scanf=20558&charge=2&value=sp|Q9HC38|GLOD4_HUMAN,1,/core/www/modules/match_peptides/blast_html4.php?run_id=110202&search_id=114132&scans_id=110198&peptide_id=11975&scanf=20558&charge=2&value=1,K.VTLAVSDLQK.S,/core/www/modules/show_out/show_out_wrapper.php?run_id=110202&search_id=114132&scans_id=110198&peptide_id=11975&scanf=20558&charge=2&value=K.VTLAVSDLQK.S,GLOD4,1.796e+7,1.963,0.119,0.924,0.005
20559,3,"  2.990","  0.458",15/36,/core/www/modules//sdig/index.php?run_id=110202&search_id=114132&scans_id=110198&peptide_id=11976&scanf=20559&charge=3&value=15/36,sp|O00567|NOP56_HUMAN,/core/www/modules//consensus/?run_id=110202&search_id=114132&scans_id=110198&peptide_id=11976&scanf=20559&charge=3&value=sp|O00567|NOP56_HUMAN,2,/core/www/modules/match_peptides/blast_html4.php?run_id=110202&search_id=114132&scans_id=110198&peptide_id=11976&scanf=20559&charge=3&value=2,R.LLLETHLPSK.K,/core/www/modules/show_out/show_out_wrapper.php?run_id=110202&search_id=114132&scans_id=110198&peptide_id=11976&scanf=20559&charge=3&value=R.LLLETHLPSK.K,NOP56,3.413e+8,3.424,0.001,3.035,0.000
20561,2,"  2.761","  0.342",12/22,/core/www/modules//sdig/index.php?run_id=110202&search_id=114132&scans_id=110198&peptide_id=11979&scanf=20561&charge=2&value=12/22,sp|P46940|IQGA1_HUMAN,/core/www/modules//consensus/?run_id=110202&search_id=114132&scans_id=110198&peptide_id=11979&scanf=20561&charge=2&value=sp|P46940|IQGA1_HUMAN,1,/core/www/modules/match_peptides/blast_html4.php?run_id=110202&search_id=114132&scans_id=110198&peptide_id=11979&scanf=20561&charge=2&value=1,R.ALESGDVNTVWK.Q,/core/www/modules/show_out/show_out_wrapper.php?run_id=110202&search_id=114132&scans_id=110198&peptide_id=11979&scanf=20561&charge=2&value=R.ALESGDVNTVWK.Q,IQGAP1,7.162e+6,2.690,0.011,1.952,0.000
20565,2,"  2.428","  0.382",11/16,/core/www/modules//sdig/index.php?run_id=110202&search_id=114132&scans_id=110198&peptide_id=11982&scanf=20565&charge=2&value=11/16,sp|Q9H0A0|NAT10_HUMAN,/core/www/modules//consensus/?run_id=110202&search_id=114132&scans_id=110198&peptide_id=11982&scanf=20565&charge=2&value=sp|Q9H0A0|NAT10_HUMAN,0,/core/www/modules/match_peptides/blast_html4.php?run_id=110202&search_id=114132&scans_id=110198&peptide_id=11982&scanf=20565&charge=2&value=0,R.QSILNSLSR.G,/core/www/modules/show_out/show_out_wrapper.php?run_id=110202&search_id=114132&scans_id=110198&peptide_id=11982&scanf=20565&charge=2&value=R.QSILNSLSR.G,NAT10,3.138e+7,3.101,0.003,2.557,0.000
20566,2,"  2.876","  0.520",11/20,/core/www/modules//sdig/index.php?run_id=110202&search_id=114132&scans_id=110198&peptide_id=11983&scanf=20566&charge=2&value=11/20,sp|P40937|RFC5_HUMAN,/core/www/modules//consensus/?run_id=110202&search_id=114132&scans_id=110198&peptide_id=11983&scanf=20566&charge=2&value=sp|P40937|RFC5_HUMAN,0,/core/www/modules/match_peptides/blast_html4.php?run_id=110202&search_id=114132&scans_id=110198&peptide_id=11983&scanf=20566&charge=2&value=0,K.ALVTLSSGDMR.R,/core/www/modules/show_out/show_out_wrapper.php?run_id=110202&search_id=114132&scans_id=110198&peptide_id=11983&scanf=20566&charge=2&value=K.ALVTLSSGDMR.R,RFC5,2.760e+7,3.263,0.002,2.798,0.000
20567,2,"  2.631","  0.395",12/22,/core/www/modules//sdig/index.php?run_id=110202&search_id=114132&scans_id=110198&peptide_id=11984&scanf=20567&charge=2&value=12/22,sp|P11388|TOP2A_HUMAN,/core/www/modules//consensus/?run_id=110202&search_id=114132&scans_id=110198&peptide_id=11984&scanf=20567&charge=2&value=sp|P11388|TOP2A_HUMAN,0,/core/www/modules/match_peptides/blast_html4.php?run_id=110202&search_id=114132&scans_id=110198&peptide_id=11984&scanf=20567&charge=2&value=0,K.SVVSDLEADDVK.G,/core/www/modules/show_out/show_out_wrapper.php?run_id=110202&search_id=114132&scans_id=110198&peptide_id=11984&scanf=20567&charge=2&value=K.SVVSDLEADDVK.G,TOP2A,2.412e+7,2.898,0.006,2.258,0.000
20570,2,"  1.793","  0.259",8/14,/core/www/modules//sdig/index.php?run_id=110202&search_id=114132&scans_id=110198&peptide_id=11988&scanf=20570&charge=2&value=8/14,sp|O14497|ARI1A_HUMAN,/core/www/modules//consensus/?run_id=110202&search_id=114132&scans_id=110198&peptide_id=11988&scanf=20570&charge=2&value=sp|O14497|ARI1A_HUMAN,2,/core/www/modules/match_peptides/blast_html4.php?run_id=110202&search_id=114132&scans_id=110198&peptide_id=11988&scanf=20570&charge=2&value=2,R.LVLETLSK.L,/core/www/modules/show_out/show_out_wrapper.php?run_id=110202&search_id=114132&scans_id=110198&peptide_id=11988&scanf=20570&charge=2&value=R.LVLETLSK.L,ARID1A,3.393e+7,2.499,0.021,1.673,0.001
20574,2,"  2.616","  0.000",11/22,/core/www/modules//sdig/index.php?run_id=110202&search_id=114132&scans_id=110198&peptide_id=11992&scanf=20574&charge=2&value=11/22,sp|P62191|PRS4_HUMAN,/core/www/modules//consensus/?run_id=110202&search_id=114132&scans_id=110198&peptide_id=11992&scanf=20574&charge=2&value=sp|P62191|PRS4_HUMAN,8,/core/www/modules/match_peptides/blast_html4.php?run_id=110202&search_id=114132&scans_id=110198&peptide_id=11992&scanf=20574&charge=2&value=8,K.GVILYGPPGTGK.T,/core/www/modules/show_out/show_out_wrapper.php?run_id=110202&search_id=114132&scans_id=110198&peptide_id=11992&scanf=20574&charge=2&value=K.GVILYGPPGTGK.T,PSMC1,3.280e+7,2.493,0.022,1.664,0.001
20580,2,"  2.168","  0.371",7/22,/core/www/modules//sdig/index.php?run_id=110202&search_id=114132&scans_id=110198&peptide_id=11999&scanf=20580&charge=2&value=7/22,sp|Q13315|ATM_HUMAN,/core/www/modules//consensus/?run_id=110202&search_id=114132&scans_id=110198&peptide_id=11999&scanf=20580&charge=2&value=sp|Q13315|ATM_HUMAN,0,/core/www/modules/match_peptides/blast_html4.php?run_id=110202&search_id=114132&scans_id=110198&peptide_id=11999&scanf=20580&charge=2&value=0,K.GINIPADQPITK.L,/core/www/modules/show_out/show_out_wrapper.php?run_id=110202&search_id=114132&scans_id=110198&peptide_id=11999&scanf=20580&charge=2&value=K.GINIPADQPITK.L,ATM,5.663e+6,2.407,0.029,1.539,0.001
20583,3,"  3.024","  0.439",16/44,/core/www/modules//sdig/index.php?run_id=110202&search_id=114132&scans_id=110198&peptide_id=12002&scanf=20583&charge=3&value=16/44,sp|Q8ND82|Z280C_HUMAN,/core/www/modules//consensus/?run_id=110202&search_id=114132&scans_id=110198&peptide_id=12002&scanf=20583&charge=3&value=sp|Q8ND82|Z280C_HUMAN,0,/core/www/modules/match_peptides/blast_html4.php?run_id=110202&search_id=114132&scans_id=110198&peptide_id=12002&scanf=20583&charge=3&value=0,R.SSTFSDVEAHFR.A,/core/www/modules/show_out/show_out_wrapper.php?run_id=110202&search_id=114132&scans_id=110198&peptide_id=12002&scanf=20583&charge=3&value=R.SSTFSDVEAHFR.A,ZNF280C,7.707e+6,3.098,0.003,2.553,0.000
20585,2,"  1.677","  0.288",11/18,/core/www/modules//sdig/index.php?run_id=110202&search_id=114132&scans_id=110198&peptide_id=12003&scanf=20585&charge=2&value=11/18,sp|P49411|EFTU_HUMAN,/core/www/modules//consensus/?run_id=110202&search_id=114132&scans_id=110198&peptide_id=12003&scanf=20585&charge=2&value=sp|P49411|EFTU_HUMAN,0,/core/www/modules/match_peptides/blast_html4.php?run_id=110202&search_id=114132&scans_id=110198&peptide_id=12003&scanf=20585&charge=2&value=0,K.ELAMPGEDLK.F,/core/www/modules/show_out/show_out_wrapper.php?run_id=110202&search_id=114132&scans_id=110198&peptide_id=12003&scanf=20585&charge=2&value=K.ELAMPGEDLK.F,TUFM,7.430e+7,2.456,0.025,1.610,0.001
20586,2,"  3.168","  0.520",13/20,/core/www/modules//sdig/index.php?run_id=110202&search_id=114132&scans_id=110198&peptide_id=12004&scanf=20586&charge=2&value=13/20,sp|O75439|MPPB_HUMAN,/core/www/modules//consensus/?run_id=110202&search_id=114132&scans_id=110198&peptide_id=12004&scanf=20586&charge=2&value=sp|O75439|MPPB_HUMAN,0,/core/www/modules/match_peptides/blast_html4.php?run_id=110202&search_id=114132&scans_id=110198&peptide_id=12004&scanf=20586&charge=2&value=0,R.SPAIAAVGPIK.Q,/core/www/modules/show_out/show_out_wrapper.php?run_id=110202&search_id=114132&scans_id=110198&peptide_id=12004&scanf=20586&charge=2&value=R.SPAIAAVGPIK.Q,PMPCB,2.160e+7,3.377,0.001,2.966,0.000
20588,2,"  2.162","  0.187",8/12,/core/www/modules//sdig/index.php?run_id=110202&search_id=114132&scans_id=110198&peptide_id=12006&scanf=20588&charge=2&value=8/12,sp|P78527|PRKDC_HUMAN,/core/www/modules//consensus/?run_id=110202&search_id=114132&scans_id=110198&peptide_id=12006&scanf=20588&charge=2&value=sp|P78527|PRKDC_HUMAN,0,/core/www/modules/match_peptides/blast_html4.php?run_id=110202&search_id=114132&scans_id=110198&peptide_id=12006&scanf=20588&charge=2&value=0,K.ELSIAIR.G,/core/www/modules/show_out/show_out_wrapper.php?run_id=110202&search_id=114132&scans_id=110198&peptide_id=12006&scanf=20588&charge=2&value=K.ELSIAIR.G,PRKDC,9.899e+7,3.242,0.002,2.766,0.000
20589,2,"  3.204","  0.448",11/18,/core/www/modules//sdig/index.php?run_id=110202&search_id=114132&scans_id=110198&peptide_id=12007&scanf=20589&charge=2&value=11/18,sp|P07814|SYEP_HUMAN,/core/www/modules//consensus/?run_id=110202&search_id=114132&scans_id=110198&peptide_id=12007&scanf=20589&charge=2&value=sp|P07814|SYEP_HUMAN,1,/core/www/modules/match_peptides/blast_html4.php?run_id=110202&search_id=114132&scans_id=110198&peptide_id=12007&scanf=20589&charge=2&value=1,R.LNLNNTVLSK.R,/core/www/modules/show_out/show_out_wrapper.php?run_id=110202&search_id=114132&scans_id=110198&peptide_id=12007&scanf=20589&charge=2&value=R.LNLNNTVLSK.R,EPRS1,3.032e+7,3.236,0.002,2.757,0.000
20591,3,"  1.889","  0.327",13/48,/core/www/modules//sdig/index.php?run_id=110202&search_id=114132&scans_id=110198&peptide_id=12010&scanf=20591&charge=3&value=13/48,sp|P54886|P5CS_HUMAN,/core/www/modules//consensus/?run_id=110202&search_id=114132&scans_id=110198&peptide_id=12010&scanf=20591&charge=3&value=sp|P54886|P5CS_HUMAN,0,/core/www/modules/match_peptides/blast_html4.php?run_id=110202&search_id=114132&scans_id=110198&peptide_id=12010&scanf=20591&charge=3&value=0,K.VSGHVITDIVEGK.K,/core/www/modules/show_out/show_out_wrapper.php?run_id=110202&search_id=114132&scans_id=110198&peptide_id=12010&scanf=20591&charge=3&value=K.VSGHVITDIVEGK.K,ALDH18A1,7.960e+6,2.526,0.019,1.713,0.000
20592,2,"  3.787","  0.550",17/28,/core/www/modules//sdig/index.php?run_id=110202&search_id=114132&scans_id=110198&peptide_id=12011&scanf=20592&charge=2&value=17/28,sp|P11021|BIP_HUMAN,/core/www/modules//consensus/?run_id=110202&search_id=114132&scans_id=110198&peptide_id=12011&scanf=20592&charge=2&value=sp|P11021|BIP_HUMAN,2,/core/www/modules/match_peptides/blast_html4.php?run_id=110202&search_id=114132&scans_id=110198&peptide_id=12011&scanf=20592&charge=2&value=2,K.NQLTSNPENTVFDAK.R,/core/www/modules/show_out/show_out_wrapper.php?run_id=110202&search_id=114132&scans_id=110198&peptide_id=12011&scanf=20592&charge=2&value=K.NQLTSNPENTVFDAK.R,HSPA5,1.452e+7,3.354,0.001,2.931,0.000
20593,3,"  3.349","  0.476",14/44,/core/www/modules//sdig/index.php?run_id=110202&search_id=114132&scans_id=110198&peptide_id=12012&scanf=20593&charge=3&value=14/44,sp|P78371|TCPB_HUMAN,/core/www/modules//consensus/?run_id=110202&search_id=114132&scans_id=110198&peptide_id=12012&scanf=20593&charge=3&value=sp|P78371|TCPB_HUMAN,2,/core/www/modules/match_peptides/blast_html4.php?run_id=110202&search_id=114132&scans_id=110198&peptide_id=12012&scanf=20593&charge=3&value=2,K.GSGNLEAIHIIK.K,/core/www/modules/show_out/show_out_wrapper.php?run_id=110202&search_id=114132&scans_id=110198&peptide_id=12012&scanf=20593&charge=3&value=K.GSGNLEAIHIIK.K,CCT2,4.400e+7,3.301,0.001,2.853,0.000
20594,3,"  5.170","  0.586",19/68,/core/www/modules//sdig/index.php?run_id=110202&search_id=114132&scans_id=110198&peptide_id=12013&scanf=20594&charge=3&value=19/68,sp|P53618|COPB_HUMAN,/core/www/modules//consensus/?run_id=110202&search_id=114132&scans_id=110198&peptide_id=12013&scanf=20594&charge=3&value=sp|P53618|COPB_HUMAN,0,/core/www/modules/match_peptides/blast_html4.php?run_id=110202&search_id=114132&scans_id=110198&peptide_id=12013&scanf=20594&charge=3&value=0,K.EAGELKPEEEITVGPVQK.L,/core/www/modules/show_out/show_out_wrapper.php?run_id=110202&search_id=114132&scans_id=110198&peptide_id=12013&scanf=20594&charge=3&value=K.EAGELKPEEEITVGPVQK.L,COPB1,2.708e+7,3.507,0.001,3.158,0.000
20596,3,"  2.833","  0.000",12/40,/core/www/modules//sdig/index.php?run_id=110202&search_id=114132&scans_id=110198&peptide_id=12015&scanf=20596&charge=3&value=12/40,sp|O95239|KIF4A_HUMAN,/core/www/modules//consensus/?run_id=110202&search_id=114132&scans_id=110198&peptide_id=12015&scanf=20596&charge=3&value=sp|O95239|KIF4A_HUMAN,1,/core/www/modules/match_peptides/blast_html4.php?run_id=110202&search_id=114132&scans_id=110198&peptide_id=12015&scanf=20596&charge=3&value=1,K.LHLVDLAGSER.Q,/core/www/modules/show_out/show_out_wrapper.php?run_id=110202&search_id=114132&scans_id=110198&peptide_id=12015&scanf=20596&charge=3&value=K.LHLVDLAGSER.Q,KIF4A,6.228e+6,3.149,0.002,2.628,0.000
20597,2,"  1.745","  0.259",7/22,/core/www/modules//sdig/index.php?run_id=110202&search_id=114132&scans_id=110198&peptide_id=12016&scanf=20597&charge=2&value=7/22,sp|Q7Z6Z7|HUWE1_HUMAN,/core/www/modules//consensus/?run_id=110202&search_id=114132&scans_id=110198&peptide_id=12016&scanf=20597&charge=2&value=sp|Q7Z6Z7|HUWE1_HUMAN,1,/core/www/modules/match_peptides/blast_html4.php?run_id=110202&search_id=114132&scans_id=110198&peptide_id=12016&scanf=20597&charge=2&value=1,K.AIQDPAFSDGIR.H,/core/www/modules/show_out/show_out_wrapper.php?run_id=110202&search_id=114132&scans_id=110198&peptide_id=12016&scanf=20597&charge=2&value=K.AIQDPAFSDGIR.H,HUWE1,6.058e+6,1.959,0.121,0.918,0.006
20598,4,"  6.984","  0.517",21/174,/core/www/modules//sdig/index.php?run_id=110202&search_id=114132&scans_id=110198&peptide_id=12017&scanf=20598&charge=4&value=21/174,sp|Q9NU22|MDN1_HUMAN,/core/www/modules//consensus/?run_id=110202&search_id=114132&scans_id=110198&peptide_id=12017&scanf=20598&charge=4&value=sp|Q9NU22|MDN1_HUMAN,0,/core/www/modules/match_peptides/blast_html4.php?run_id=110202&search_id=114132&scans_id=110198&peptide_id=12017&scanf=20598&charge=4&value=0,R.TVDTDSHAEQGPAQQPQAQVEDADAFEHIK.Q,/core/www/modules/show_out/show_out_wrapper.php?run_id=110202&search_id=114132&scans_id=110198&peptide_id=12017&scanf=20598&charge=4&value=R.TVDTDSHAEQGPAQQPQAQVEDADAFEHIK.Q,MDN1,4.553e+6,3.344,0.001,2.917,0.000
20602,2,"  4.668","  0.716",19/30,/core/www/modules//sdig/index.php?run_id=110202&search_id=114132&scans_id=110198&peptide_id=12022&scanf=20602&charge=2&value=19/30,sp|P04083|ANXA1_HUMAN,/core/www/modules//consensus/?run_id=110202&search_id=114132&scans_id=110198&peptide_id=12022&scanf=20602&charge=2&value=sp|P04083|ANXA1_HUMAN,0,/core/www/modules/match_peptides/blast_html4.php?run_id=110202&search_id=114132&scans_id=110198&peptide_id=12022&scanf=20602&charge=2&value=0,R.SEDFGVNEDLADSDAR.A,/core/www/modules/show_out/show_out_wrapper.php?run_id=110202&search_id=114132&scans_id=110198&peptide_id=12022&scanf=20602&charge=2&value=R.SEDFGVNEDLADSDAR.A,ANXA1,5.174e+6,3.905,0.000,3.748,0.000
20603,3,"  3.955","  0.328",16/48,/core/www/modules//sdig/index.php?run_id=110202&search_id=114132&scans_id=110198&peptide_id=12023&scanf=20603&charge=3&value=16/48,sp|Q14240|IF4A2_HUMAN,/core/www/modules//consensus/?run_id=110202&search_id=114132&scans_id=110198&peptide_id=12023&scanf=20603&charge=3&value=sp|Q14240|IF4A2_HUMAN,0,/core/www/modules/match_peptides/blast_html4.php?run_id=110202&search_id=114132&scans_id=110198&peptide_id=12023&scanf=20603&charge=3&value=0,K.GVAINFVTEEDKR.I,/core/www/modules/show_out/show_out_wrapper.php?run_id=110202&search_id=114132&scans_id=110198&peptide_id=12023&scanf=20603&charge=3&value=K.GVAINFVTEEDKR.I,EIF4A2,8.302e+6,2.470,0.023,1.631,0.001
20604,3,"  3.698","  0.452",15/60,/core/www/modules//sdig/index.php?run_id=110202&search_id=114132&scans_id=110198&peptide_id=12024&scanf=20604&charge=3&value=15/60,sp|P46939|UTRN_HUMAN,/core/www/modules//consensus/?run_id=110202&search_id=114132&scans_id=110198&peptide_id=12024&scanf=20604&charge=3&value=sp|P46939|UTRN_HUMAN,0,/core/www/modules/match_peptides/blast_html4.php?run_id=110202&search_id=114132&scans_id=110198&peptide_id=12024&scanf=20604&charge=3&value=0,K.VVLVSSASDIPVQSHR.T,/core/www/modules/show_out/show_out_wrapper.php?run_id=110202&search_id=114132&scans_id=110198&peptide_id=12024&scanf=20604&charge=3&value=K.VVLVSSASDIPVQSHR.T,UTRN,4.604e+7,3.004,0.004,2.415,0.000
20607,3,"  2.126","  0.365",13/40,/core/www/modules//sdig/index.php?run_id=110202&search_id=114132&scans_id=110198&peptide_id=12026&scanf=20607&charge=3&value=13/40,sp|Q71UM5|RS27L_HUMAN,/core/www/modules//consensus/?run_id=110202&search_id=114132&scans_id=110198&peptide_id=12026&scanf=20607&charge=3&value=sp|Q71UM5|RS27L_HUMAN,2,/core/www/modules/match_peptides/blast_html4.php?run_id=110202&search_id=114132&scans_id=110198&peptide_id=12026&scanf=20607&charge=3&value=2,R.DLLHPSLEEEK.K,/core/www/modules/show_out/show_out_wrapper.php?run_id=110202&search_id=114132&scans_id=110198&peptide_id=12026&scanf=20607&charge=3&value=R.DLLHPSLEEEK.K,RPS27L,6.914e+7,2.777,0.008,2.080,0.000
20608,2,"  2.320","  0.583",9/16,/core/www/modules//sdig/index.php?run_id=110202&search_id=114132&scans_id=110198&peptide_id=12027&scanf=20608&charge=2&value=9/16,sp|P30101|PDIA3_HUMAN,/core/www/modules//consensus/?run_id=110202&search_id=114132&scans_id=110198&peptide_id=12027&scanf=20608&charge=2&value=sp|P30101|PDIA3_HUMAN,9,/core/www/modules/match_peptides/blast_html4.php?run_id=110202&search_id=114132&scans_id=110198&peptide_id=12027&scanf=20608&charge=2&value=9,K.FVMQEEFSR.D,/core/www/modules/show_out/show_out_wrapper.php?run_id=110202&search_id=114132&scans_id=110198&peptide_id=12027&scanf=20608&charge=2&value=K.FVMQEEFSR.D,PDIA3,7.269e+7,3.562,0.001,3.241,0.000
20610,3,"  2.026","  0.326",13/40,/core/www/modules//sdig/index.php?run_id=110202&search_id=114132&scans_id=110198&peptide_id=12030&scanf=20610&charge=3&value=13/40,sp|P23284|PPIB_HUMAN,/core/www/modules//consensus/?run_id=110202&search_id=114132&scans_id=110198&peptide_id=12030&scanf=20610&charge=3&value=sp|P23284|PPIB_HUMAN,2,/core/www/modules/match_peptides/blast_html4.php?run_id=110202&search_id=114132&scans_id=110198&peptide_id=12030&scanf=20610&charge=3&value=2,K.IEVEKPFAIAK.E,/core/www/modules/show_out/show_out_wrapper.php?run_id=110202&search_id=114132&scans_id=110198&peptide_id=12030&scanf=20610&charge=3&value=K.IEVEKPFAIAK.E,PPIB,2.384e+7,2.677,0.012,1.932,0.000
20612,2,"  3.107","  0.561",11/24,/core/www/modules//sdig/index.php?run_id=110202&search_id=114132&scans_id=110198&peptide_id=12032&scanf=20612&charge=2&value=11/24,sp|P07900|HS90A_HUMAN,/core/www/modules//consensus/?run_id=110202&search_id=114132&scans_id=110198&peptide_id=12032&scanf=20612&charge=2&value=sp|P07900|HS90A_HUMAN,1,/core/www/modules/match_peptides/blast_html4.php?run_id=110202&search_id=114132&scans_id=110198&peptide_id=12032&scanf=20612&charge=2&value=1,K.ELHINLIPNKQDR.T,/core/www/modules/show_out/show_out_wrapper.php?run_id=110202&search_id=114132&scans_id=110198&peptide_id=12032&scanf=20612&charge=2&value=K.ELHINLIPNKQDR.T,HSP90AA1,1.444e+7,3.118,0.003,2.582,0.000
20613,3,"  3.892","  0.440",15/52,/core/www/modules//sdig/index.php?run_id=110202&search_id=114132&scans_id=110198&peptide_id=12033&scanf=20613&charge=3&value=15/52,sp|P62195|PRS8_HUMAN,/core/www/modules//consensus/?run_id=110202&search_id=114132&scans_id=110198&peptide_id=12033&scanf=20613&charge=3&value=sp|P62195|PRS8_HUMAN,0,/core/www/modules/match_peptides/blast_html4.php?run_id=110202&search_id=114132&scans_id=110198&peptide_id=12033&scanf=20613&charge=3&value=0,R.VHVTQEDFEMAVAK.V,/core/www/modules/show_out/show_out_wrapper.php?run_id=110202&search_id=114132&scans_id=110198&peptide_id=12033&scanf=20613&charge=3&value=R.VHVTQEDFEMAVAK.V,PSMC5,1.970e+7,2.920,0.005,2.289,0.000
20614,2,"  3.568","  0.483",14/24,/core/www/modules//sdig/index.php?run_id=110202&search_id=114132&scans_id=110198&peptide_id=12034&scanf=20614&charge=2&value=14/24,sp|Q9UJV9|DDX41_HUMAN,/core/www/modules//consensus/?run_id=110202&search_id=114132&scans_id=110198&peptide_id=12034&scanf=20614&charge=2&value=sp|Q9UJV9|DDX41_HUMAN,0,/core/www/modules/match_peptides/blast_html4.php?run_id=110202&search_id=114132&scans_id=110198&peptide_id=12034&scanf=20614&charge=2&value=0,R.SGNTGIATTFINK.A,/core/www/modules/show_out/show_out_wrapper.php?run_id=110202&search_id=114132&scans_id=110198&peptide_id=12034&scanf=20614&charge=2&value=R.SGNTGIATTFINK.A,DDX41,1.622e+7,3.149,0.002,2.629,0.000
20615,3,"  5.281","  0.612",26/60,/core/www/modules//sdig/index.php?run_id=110202&search_id=114132&scans_id=110198&peptide_id=12035&scanf=20615&charge=3&value=26/60,sp|Q99460|PSMD1_HUMAN,/core/www/modules//consensus/?run_id=110202&search_id=114132&scans_id=110198&peptide_id=12035&scanf=20615&charge=3&value=sp|Q99460|PSMD1_HUMAN,9,/core/www/modules/match_peptides/blast_html4.php?run_id=110202&search_id=114132&scans_id=110198&peptide_id=12035&scanf=20615&charge=3&value=9,K.KKEPEPNFQLLDNPAR.V,/core/www/modules/show_out/show_out_wrapper.php?run_id=110202&search_id=114132&scans_id=110198&peptide_id=12035&scanf=20615&charge=3&value=K.KKEPEPNFQLLDNPAR.V,PSMD1,9.087e+6,3.233,0.002,2.752,0.000
20616,3,"  3.884","  0.452",14/48,/core/www/modules//sdig/index.php?run_id=110202&search_id=114132&scans_id=110198&peptide_id=12036&scanf=20616&charge=3&value=14/48,sp|Q8WTT2|NOC3L_HUMAN,/core/www/modules//consensus/?run_id=110202&search_id=114132&scans_id=110198&peptide_id=12036&scanf=20616&charge=3&value=sp|Q8WTT2|NOC3L_HUMAN,0,/core/www/modules/match_peptides/blast_html4.php?run_id=110202&search_id=114132&scans_id=110198&peptide_id=12036&scanf=20616&charge=3&value=0,K.LREFEEGLVSQYK.F,/core/www/modules/show_out/show_out_wrapper.php?run_id=110202&search_id=114132&scans_id=110198&peptide_id=12036&scanf=20616&charge=3&value=K.LREFEEGLVSQYK.F,NOC3L,1.290e+7,2.846,0.007,2.181,0.000
20620,2,"  3.098","  0.576",12/18,/core/www/modules//sdig/index.php?run_id=110202&search_id=114132&scans_id=110198&peptide_id=12041&scanf=20620&charge=2&value=12/18,sp|P62805|H4_HUMAN,/core/www/modules//consensus/?run_id=110202&search_id=114132&scans_id=110198&peptide_id=12041&scanf=20620&charge=2&value=sp|P62805|H4_HUMAN,0,/core/www/modules/match_peptides/blast_html4.php?run_id=110202&search_id=114132&scans_id=110198&peptide_id=12041&scanf=20620&charge=2&value=0,R.ISGLIYEETR.G,/core/www/modules/show_out/show_out_wrapper.php?run_id=110202&search_id=114132&scans_id=110198&peptide_id=12041&scanf=20620&charge=2&value=R.ISGLIYEETR.G,H4C16,1.580e+9,3.710,0.000,3.460,0.000
20622,3,"  3.592","  0.580",14/64,/core/www/modules//sdig/index.php?run_id=110202&search_id=114132&scans_id=110198&peptide_id=12043&scanf=20622&charge=3&value=14/64,sp|Q9Y3F4|STRAP_HUMAN,/core/www/modules//consensus/?run_id=110202&search_id=114132&scans_id=110198&peptide_id=12043&scanf=20622&charge=3&value=sp|Q9Y3F4|STRAP_HUMAN,0,/core/www/modules/match_peptides/blast_html4.php?run_id=110202&search_id=114132&scans_id=110198&peptide_id=12043&scanf=20622&charge=3&value=0,K.SFEAPATINSASLHPEK.E,/core/www/modules/show_out/show_out_wrapper.php?run_id=110202&search_id=114132&scans_id=110198&peptide_id=12043&scanf=20622&charge=3&value=K.SFEAPATINSASLHPEK.E,STRAP,7.172e+6,3.237,0.002,2.759,0.000
20623,2,"  1.934","  0.191",7/12,/core/www/modules//sdig/index.php?run_id=110202&search_id=114132&scans_id=110198&peptide_id=12044&scanf=20623&charge=2&value=7/12,sp|P14868|SYDC_HUMAN,/core/www/modules//consensus/?run_id=110202&search_id=114132&scans_id=110198&peptide_id=12044&scanf=20623&charge=2&value=sp|P14868|SYDC_HUMAN,1,/core/www/modules/match_peptides/blast_html4.php?run_id=110202&search_id=114132&scans_id=110198&peptide_id=12044&scanf=20623&charge=2&value=1,K.FLEPTLR.L,/core/www/modules/show_out/show_out_wrapper.php?run_id=110202&search_id=114132&scans_id=110198&peptide_id=12044&scanf=20623&charge=2&value=K.FLEPTLR.L,DARS1,5.139e+7,2.355,0.034,1.465,0.001
20628,2,"  2.084","  0.479",9/14,/core/www/modules//sdig/index.php?run_id=110202&search_id=114132&scans_id=110198&peptide_id=12048&scanf=20628&charge=2&value=9/14,sp|Q9UQE7|SMC3_HUMAN,/core/www/modules//consensus/?run_id=110202&search_id=114132&scans_id=110198&peptide_id=12048&scanf=20628&charge=2&value=sp|Q9UQE7|SMC3_HUMAN,0,/core/www/modules/match_peptides/blast_html4.php?run_id=110202&search_id=114132&scans_id=110198&peptide_id=12048&scanf=20628&charge=2&value=0,R.DSILSEMK.M,/core/www/modules/show_out/show_out_wrapper.php?run_id=110202&search_id=114132&scans_id=110198&peptide_id=12048&scanf=20628&charge=2&value=R.DSILSEMK.M,SMC3,2.062e+7,3.433,0.001,3.048,0.000
20629,3,"  5.271","  0.617",20/52,/core/www/modules//sdig/index.php?run_id=110202&search_id=114132&scans_id=110198&peptide_id=12049&scanf=20629&charge=3&value=20/52,sp|Q969G3|SMCE1_HUMAN,/core/www/modules//consensus/?run_id=110202&search_id=114132&scans_id=110198&peptide_id=12049&scanf=20629&charge=3&value=sp|Q969G3|SMCE1_HUMAN,10,/core/www/modules/match_peptides/blast_html4.php?run_id=110202&search_id=114132&scans_id=110198&peptide_id=12049&scanf=20629&charge=3&value=10,K.FLESTDSFNNELKR.L,/core/www/modules/show_out/show_out_wrapper.php?run_id=110202&search_id=114132&scans_id=110198&peptide_id=12049&scanf=20629&charge=3&value=K.FLESTDSFNNELKR.L,SMARCE1,7.293e+7,3.517,0.001,3.173,0.000
20631,3,"  1.582","  0.229",11/68,/core/www/modules//sdig/index.php?run_id=110202&search_id=114132&scans_id=110198&peptide_id=12052&scanf=20631&charge=3&value=11/68,sp|Q13823|NOG2_HUMAN,/core/www/modules//consensus/?run_id=110202&search_id=114132&scans_id=110198&peptide_id=12052&scanf=20631&charge=3&value=sp|Q13823|NOG2_HUMAN,0,/core/www/modules/match_peptides/blast_html4.php?run_id=110202&search_id=114132&scans_id=110198&peptide_id=12052&scanf=20631&charge=3&value=0,K.IIKPLQYQSTVASGTVAR.V,/core/www/modules/show_out/show_out_wrapper.php?run_id=110202&search_id=114132&scans_id=110198&peptide_id=12052&scanf=20631&charge=3&value=K.IIKPLQYQSTVASGTVAR.V,GNL2,7.843e+6,1.907,0.141,0.851,0.007
20632,2,"  2.355","  0.338",10/18,/core/www/modules//sdig/index.php?run_id=110202&search_id=114132&scans_id=110198&peptide_id=12053&scanf=20632&charge=2&value=10/18,sp|Q96I99|SUCB2_HUMAN,/core/www/modules//consensus/?run_id=110202&search_id=114132&scans_id=110198&peptide_id=12053&scanf=20632&charge=2&value=sp|Q96I99|SUCB2_HUMAN,1,/core/www/modules/match_peptides/blast_html4.php?run_id=110202&search_id=114132&scans_id=110198&peptide_id=12053&scanf=20632&charge=2&value=1,K.INFDDNAEFR.Q,/core/www/modules/show_out/show_out_wrapper.php?run_id=110202&search_id=114132&scans_id=110198&peptide_id=12053&scanf=20632&charge=2&value=K.INFDDNAEFR.Q,SUCLG2,1.025e+7,2.653,0.013,1.897,0.000
20633,2,"  1.975","  0.309",9/14,/core/www/modules//sdig/index.php?run_id=110202&search_id=114132&scans_id=110198&peptide_id=12054&scanf=20633&charge=2&value=9/14,sp|P49761|CLK3_HUMAN,/core/www/modules//consensus/?run_id=110202&search_id=114132&scans_id=110198&peptide_id=12054&scanf=20633&charge=2&value=sp|P49761|CLK3_HUMAN,3,/core/www/modules/match_peptides/blast_html4.php?run_id=110202&search_id=114132&scans_id=110198&peptide_id=12054&scanf=20633&charge=2&value=3,R.IGDWLQER.Y,/core/www/modules/show_out/show_out_wrapper.php?run_id=110202&search_id=114132&scans_id=110198&peptide_id=12054&scanf=20633&charge=2&value=R.IGDWLQER.Y,CLK3,9.104e+6,2.679,0.012,1.935,0.000
20634,2,"  1.568","  0.050",7/12,/core/www/modules//sdig/index.php?run_id=110202&search_id=114132&scans_id=110198&peptide_id=12055&scanf=20634&charge=2&value=7/12,sp|Q15459|SF3A1_HUMAN,/core/www/modules//consensus/?run_id=110202&search_id=114132&scans_id=110198&peptide_id=12055&scanf=20634&charge=2&value=sp|Q15459|SF3A1_HUMAN,1,/core/www/modules/match_peptides/blast_html4.php?run_id=110202&search_id=114132&scans_id=110198&peptide_id=12055&scanf=20634&charge=2&value=1,R.IGLLDPR.W,/core/www/modules/show_out/show_out_wrapper.php?run_id=110202&search_id=114132&scans_id=110198&peptide_id=12055&scanf=20634&charge=2&value=R.IGLLDPR.W,SF3A1,4.537e+7,1.856,0.163,0.787,0.009
20636,2,"  1.351","  0.264",7/12,/core/www/modules//sdig/index.php?run_id=110202&search_id=114132&scans_id=110198&peptide_id=12057&scanf=20636&charge=2&value=7/12,sp|P08133|ANXA6_HUMAN,/core/www/modules//consensus/?run_id=110202&search_id=114132&scans_id=110198&peptide_id=12057&scanf=20636&charge=2&value=sp|P08133|ANXA6_HUMAN,2,/core/www/modules/match_peptides/blast_html4.php?run_id=110202&search_id=114132&scans_id=110198&peptide_id=12057&scanf=20636&charge=2&value=2,K.SLYSMIK.N,/core/www/modules/show_out/show_out_wrapper.php?run_id=110202&search_id=114132&scans_id=110198&peptide_id=12057&scanf=20636&charge=2&value=K.SLYSMIK.N,ANXA6,2.302e+7,2.565,0.017,1.769,0.000
20638,2,"  3.873","  0.621",17/22,/core/www/modules//sdig/index.php?run_id=110202&search_id=114132&scans_id=110198&peptide_id=12059&scanf=20638&charge=2&value=17/22,sp|Q9NP77|SSU72_HUMAN,/core/www/modules//consensus/?run_id=110202&search_id=114132&scans_id=110198&peptide_id=12059&scanf=20638&charge=2&value=sp|Q9NP77|SSU72_HUMAN,0,/core/www/modules/match_peptides/blast_html4.php?run_id=110202&search_id=114132&scans_id=110198&peptide_id=12059&scanf=20638&charge=2&value=0,R.VYDQVVEDLNSR.E,/core/www/modules/show_out/show_out_wrapper.php?run_id=110202&search_id=114132&scans_id=110198&peptide_id=12059&scanf=20638&charge=2&value=R.VYDQVVEDLNSR.E,SSU72,1.990e+7,3.908,0.000,3.753,0.000
20640,2,"  2.288","  0.467",11/16,/core/www/modules//sdig/index.php?run_id=110202&search_id=114132&scans_id=110198&peptide_id=12062&scanf=20640&charge=2&value=11/16,sp|P52292|IMA1_HUMAN,/core/www/modules//consensus/?run_id=110202&search_id=114132&scans_id=110198&peptide_id=12062&scanf=20640&charge=2&value=sp|P52292|IMA1_HUMAN,4,/core/www/modules/match_peptides/blast_html4.php?run_id=110202&search_id=114132&scans_id=110198&peptide_id=12062&scanf=20640&charge=2&value=4,K.TGVVPQLVK.L,/core/www/modules/show_out/show_out_wrapper.php?run_id=110202&search_id=114132&scans_id=110198&peptide_id=12062&scanf=20640&charge=2&value=K.TGVVPQLVK.L,KPNA2,4.696e+7,3.310,0.001,2.867,0.000
20641,3,"  4.897","  0.610",12/48,/core/www/modules//sdig/index.php?run_id=110202&search_id=114132&scans_id=110198&peptide_id=12063&scanf=20641&charge=3&value=12/48,sp|P49411|EFTU_HUMAN,/core/www/modules//consensus/?run_id=110202&search_id=114132&scans_id=110198&peptide_id=12063&scanf=20641&charge=3&value=sp|P49411|EFTU_HUMAN,0,/core/www/modules/match_peptides/blast_html4.php?run_id=110202&search_id=114132&scans_id=110198&peptide_id=12063&scanf=20641&charge=3&value=0,R.QIGVEHVVVYVNK.A,/core/www/modules/show_out/show_out_wrapper.php?run_id=110202&search_id=114132&scans_id=110198&peptide_id=12063&scanf=20641&charge=3&value=R.QIGVEHVVVYVNK.A,TUFM,3.986e+7,3.639,0.000,3.355,0.000
20642,2,"  3.709","  0.574",14/18,/core/www/modules//sdig/index.php?run_id=110202&search_id=114132&scans_id=110198&peptide_id=12064&scanf=20642&charge=2&value=14/18,sp|P36578|RL4_HUMAN,/core/www/modules//consensus/?run_id=110202&search_id=114132&scans_id=110198&peptide_id=12064&scanf=20642&charge=2&value=sp|P36578|RL4_HUMAN,1,/core/www/modules/match_peptides/blast_html4.php?run_id=110202&search_id=114132&scans_id=110198&peptide_id=12064&scanf=20642&charge=2&value=1,R.KLDELYGTWR.K,/core/www/modules/show_out/show_out_wrapper.php?run_id=110202&search_id=114132&scans_id=110198&peptide_id=12064&scanf=20642&charge=2&value=R.KLDELYGTWR.K,RPL4,8.498e+7,3.589,0.001,3.280,0.000
20643,2,"  1.431","  0.209",7/12,/core/www/modules//sdig/index.php?run_id=110202&search_id=114132&scans_id=110198&peptide_id=12065&scanf=20643&charge=2&value=7/12,sp|Q9H0D6|XRN2_HUMAN,/core/www/modules//consensus/?run_id=110202&search_id=114132&scans_id=110198&peptide_id=12065&scanf=20643&charge=2&value=sp|Q9H0D6|XRN2_HUMAN,0,/core/www/modules/match_peptides/blast_html4.php?run_id=110202&search_id=114132&scans_id=110198&peptide_id=12065&scanf=20643&charge=2&value=0,R.LWEAGWK.Q,/core/www/modules/show_out/show_out_wrapper.php?run_id=110202&search_id=114132&scans_id=110198&peptide_id=12065&scanf=20643&charge=2&value=R.LWEAGWK.Q,XRN2,7.348e+6,2.353,0.034,1.462,0.001
20648,2,"  3.807","  0.695",18/22,/core/www/modules//sdig/index.php?run_id=110202&search_id=114132&scans_id=110198&peptide_id=12069&scanf=20648&charge=2&value=18/22,sp|Q08211|DHX9_HUMAN,/core/www/modules//consensus/?run_id=110202&search_id=114132&scans_id=110198&peptide_id=12069&scanf=20648&charge=2&value=sp|Q08211|DHX9_HUMAN,0,/core/www/modules/match_peptides/blast_html4.php?run_id=110202&search_id=114132&scans_id=110198&peptide_id=12069&scanf=20648&charge=2&value=0,R.KVFDPVPVGVTK.V,/core/www/modules/show_out/show_out_wrapper.php?run_id=110202&search_id=114132&scans_id=110198&peptide_id=12069&scanf=20648&charge=2&value=R.KVFDPVPVGVTK.V,DHX9,1.852e+8,4.269,0.000,4.289,0.000
20650,3,"  5.870","  0.655",25/64,/core/www/modules//sdig/index.php?run_id=110202&search_id=114132&scans_id=110198&peptide_id=12072&scanf=20650&charge=3&value=25/64,sp|P62906|RL10A_HUMAN,/core/www/modules//consensus/?run_id=110202&search_id=114132&scans_id=110198&peptide_id=12072&scanf=20650&charge=3&value=sp|P62906|RL10A_HUMAN,0,/core/www/modules/match_peptides/blast_html4.php?run_id=110202&search_id=114132&scans_id=110198&peptide_id=12072&scanf=20650&charge=3&value=0,K.AGKFPSLLTHNENMVAK.V,/core/www/modules/show_out/show_out_wrapper.php?run_id=110202&search_id=114132&scans_id=110198&peptide_id=12072&scanf=20650&charge=3&value=K.AGKFPSLLTHNENMVAK.V,RPL10A,2.697e+7,3.618,0.000,3.323,0.000
20651,2,"  2.077","  0.160",8/18,/core/www/modules//sdig/index.php?run_id=110202&search_id=114132&scans_id=110198&peptide_id=12073&scanf=20651&charge=2&value=8/18,sp|Q96AG4|LRC59_HUMAN,/core/www/modules//consensus/?run_id=110202&search_id=114132&scans_id=110198&peptide_id=12073&scanf=20651&charge=2&value=sp|Q96AG4|LRC59_HUMAN,0,/core/www/modules/match_peptides/blast_html4.php?run_id=110202&search_id=114132&scans_id=110198&peptide_id=12073&scanf=20651&charge=2&value=0,K.LQQLPADFGR.L,/core/www/modules/show_out/show_out_wrapper.php?run_id=110202&search_id=114132&scans_id=110198&peptide_id=12073&scanf=20651&charge=2&value=K.LQQLPADFGR.L,LRRC59,7.200e+7,1.856,0.163,0.788,0.009
20653,2,"  1.803","  0.227",9/14,/core/www/modules//sdig/index.php?run_id=110202&search_id=114132&scans_id=110198&peptide_id=12075&scanf=20653&charge=2&value=9/14,sp|Q9P2I0|CPSF2_HUMAN,/core/www/modules//consensus/?run_id=110202&search_id=114132&scans_id=110198&peptide_id=12075&scanf=20653&charge=2&value=sp|Q9P2I0|CPSF2_HUMAN,0,/core/www/modules/match_peptides/blast_html4.php?run_id=110202&search_id=114132&scans_id=110198&peptide_id=12075&scanf=20653&charge=2&value=0,K.FSQIVNLK.G,/core/www/modules/show_out/show_out_wrapper.php?run_id=110202&search_id=114132&scans_id=110198&peptide_id=12075&scanf=20653&charge=2&value=K.FSQIVNLK.G,CPSF2,2.293e+7,2.434,0.026,1.578,0.001
20655,2,"  3.323","  0.577",16/26,/core/www/modules//sdig/index.php?run_id=110202&search_id=114132&scans_id=110198&peptide_id=12077&scanf=20655&charge=2&value=16/26,sp|Q9UQ35|SRRM2_HUMAN,/core/www/modules//consensus/?run_id=110202&search_id=114132&scans_id=110198&peptide_id=12077&scanf=20655&charge=2&value=sp|Q9UQ35|SRRM2_HUMAN,0,/core/www/modules/match_peptides/blast_html4.php?run_id=110202&search_id=114132&scans_id=110198&peptide_id=12077&scanf=20655&charge=2&value=0,R.MAPALSGANLTSPR.V,/core/www/modules/show_out/show_out_wrapper.php?run_id=110202&search_id=114132&scans_id=110198&peptide_id=12077&scanf=20655&charge=2&value=R.MAPALSGANLTSPR.V,SRRM2,2.080e+7,3.524,0.001,3.184,0.000
20656,2,"  4.138","  0.664",17/24,/core/www/modules//sdig/index.php?run_id=110202&search_id=114132&scans_id=110198&peptide_id=12078&scanf=20656&charge=2&value=17/24,sp|Q9UQE7|SMC3_HUMAN,/core/www/modules//consensus/?run_id=110202&search_id=114132&scans_id=110198&peptide_id=12078&scanf=20656&charge=2&value=sp|Q9UQE7|SMC3_HUMAN,0,/core/www/modules/match_peptides/blast_html4.php?run_id=110202&search_id=114132&scans_id=110198&peptide_id=12078&scanf=20656&charge=2&value=0,K.VSHIDVITAEMAK.D,/core/www/modules/show_out/show_out_wrapper.php?run_id=110202&search_id=114132&scans_id=110198&peptide_id=12078&scanf=20656&charge=2&value=K.VSHIDVITAEMAK.D,SMC3,1.104e+7,4.136,0.000,4.091,0.000
20662,2,"  1.610","  0.304",7/20,/core/www/modules//sdig/index.php?run_id=110202&search_id=114132&scans_id=110198&peptide_id=12085&scanf=20662&charge=2&value=7/20,sp|Q99536|VAT1_HUMAN,/core/www/modules//consensus/?run_id=110202&search_id=114132&scans_id=110198&peptide_id=12085&scanf=20662&charge=2&value=sp|Q99536|VAT1_HUMAN,1,/core/www/modules/match_peptides/blast_html4.php?run_id=110202&search_id=114132&scans_id=110198&peptide_id=12085&scanf=20662&charge=2&value=1,K.VLLVPGPEKEN.-,/core/www/modules/show_out/show_out_wrapper.php?run_id=110202&search_id=114132&scans_id=110198&peptide_id=12085&scanf=20662&charge=2&value=K.VLLVPGPEKEN.-,VAT1,7.406e+6,1.827,0.177,0.751,0.010
20664,2,"  2.571","  0.494",9/16,/core/www/modules//sdig/index.php?run_id=110202&search_id=114132&scans_id=110198&peptide_id=12087&scanf=20664&charge=2&value=9/16,sp|P62244|RS15A_HUMAN,/core/www/modules//consensus/?run_id=110202&search_id=114132&scans_id=110198&peptide_id=12087&scanf=20664&charge=2&value=sp|P62244|RS15A_HUMAN,2,/core/www/modules/match_peptides/blast_html4.php?run_id=110202&search_id=114132&scans_id=110198&peptide_id=12087&scanf=20664&charge=2&value=2,K.WQNNLLPSR.Q,/core/www/modules/show_out/show_out_wrapper.php?run_id=110202&search_id=114132&scans_id=110198&peptide_id=12087&scanf=20664&charge=2&value=K.WQNNLLPSR.Q,RPS15A,2.374e+8,3.212,0.002,2.722,0.000
20665,3,"  3.482","  0.420",12/60,/core/www/modules//sdig/index.php?run_id=110202&search_id=114132&scans_id=110198&peptide_id=12088&scanf=20665&charge=3&value=12/60,sp|P12814|ACTN1_HUMAN,/core/www/modules//consensus/?run_id=110202&search_id=114132&scans_id=110198&peptide_id=12088&scanf=20665&charge=3&value=sp|P12814|ACTN1_HUMAN,14,/core/www/modules/match_peptides/blast_html4.php?run_id=110202&search_id=114132&scans_id=110198&peptide_id=12088&scanf=20665&charge=3&value=14,K.M*LDAEDIVGTARPDEK.A,/core/www/modules/show_out/show_out_wrapper.php?run_id=110202&search_id=114132&scans_id=110198&peptide_id=12088&scanf=20665&charge=3&value=K.M*LDAEDIVGTARPDEK.A,ACTN1,9.943e+6,2.820,0.007,2.143,0.000
20671,2,"  1.872","  0.218",8/14,/core/www/modules//sdig/index.php?run_id=110202&search_id=114132&scans_id=110198&peptide_id=12094&scanf=20671&charge=2&value=8/14,sp|Q9P2I0|CPSF2_HUMAN,/core/www/modules//consensus/?run_id=110202&search_id=114132&scans_id=110198&peptide_id=12094&scanf=20671&charge=2&value=sp|Q9P2I0|CPSF2_HUMAN,0,/core/www/modules/match_peptides/blast_html4.php?run_id=110202&search_id=114132&scans_id=110198&peptide_id=12094&scanf=20671&charge=2&value=0,K.FSQIVNLK.G,/core/www/modules/show_out/show_out_wrapper.php?run_id=110202&search_id=114132&scans_id=110198&peptide_id=12094&scanf=20671&charge=2&value=K.FSQIVNLK.G,CPSF2,2.293e+7,2.302,0.041,1.390,0.001
20672,3,"  3.087","  0.608",15/48,/core/www/modules//sdig/index.php?run_id=110202&search_id=114132&scans_id=110198&peptide_id=12095&scanf=20672&charge=3&value=15/48,sp|Q9UJV9|DDX41_HUMAN,/core/www/modules//consensus/?run_id=110202&search_id=114132&scans_id=110198&peptide_id=12095&scanf=20672&charge=3&value=sp|Q9UJV9|DDX41_HUMAN,0,/core/www/modules/match_peptides/blast_html4.php?run_id=110202&search_id=114132&scans_id=110198&peptide_id=12095&scanf=20672&charge=3&value=0,K.SALVKPVTINVGR.A,/core/www/modules/show_out/show_out_wrapper.php?run_id=110202&search_id=114132&scans_id=110198&peptide_id=12095&scanf=20672&charge=3&value=K.SALVKPVTINVGR.A,DDX41,3.125e+7,3.620,0.000,3.326,0.000
20673,3,"  6.577","  0.669",24/64,/core/www/modules//sdig/index.php?run_id=110202&search_id=114132&scans_id=110198&peptide_id=12096&scanf=20673&charge=3&value=24/64,sp|P62906|RL10A_HUMAN,/core/www/modules//consensus/?run_id=110202&search_id=114132&scans_id=110198&peptide_id=12096&scanf=20673&charge=3&value=sp|P62906|RL10A_HUMAN,0,/core/www/modules/match_peptides/blast_html4.php?run_id=110202&search_id=114132&scans_id=110198&peptide_id=12096&scanf=20673&charge=3&value=0,K.AGKFPSLLTHNENMVAK.V,/core/www/modules/show_out/show_out_wrapper.php?run_id=110202&search_id=114132&scans_id=110198&peptide_id=12096&scanf=20673&charge=3&value=K.AGKFPSLLTHNENMVAK.V,RPL10A,2.697e+7,3.681,0.000,3.416,0.000
20675,3,"  4.533","  0.559",17/60,/core/www/modules//sdig/index.php?run_id=110202&search_id=114132&scans_id=110198&peptide_id=12098&scanf=20675&charge=3&value=17/60,sp|Q14974|IMB1_HUMAN,/core/www/modules//consensus/?run_id=110202&search_id=114132&scans_id=110198&peptide_id=12098&scanf=20675&charge=3&value=sp|Q14974|IMB1_HUMAN,1,/core/www/modules/match_peptides/blast_html4.php?run_id=110202&search_id=114132&scans_id=110198&peptide_id=12098&scanf=20675&charge=3&value=1,K.GDQENVHPDVMLVQPR.V,/core/www/modules/show_out/show_out_wrapper.php?run_id=110202&search_id=114132&scans_id=110198&peptide_id=12098&scanf=20675&charge=3&value=K.GDQENVHPDVMLVQPR.V,KPNB1,3.913e+7,3.371,0.001,2.957,0.000
20676,2,"  3.289","  0.471",10/20,/core/www/modules//sdig/index.php?run_id=110202&search_id=114132&scans_id=110198&peptide_id=12099&scanf=20676&charge=2&value=10/20,sp|Q16531|DDB1_HUMAN,/core/www/modules//consensus/?run_id=110202&search_id=114132&scans_id=110198&peptide_id=12099&scanf=20676&charge=2&value=sp|Q16531|DDB1_HUMAN,7,/core/www/modules/match_peptides/blast_html4.php?run_id=110202&search_id=114132&scans_id=110198&peptide_id=12099&scanf=20676&charge=2&value=7,K.VTLGTQPTVLR.T,/core/www/modules/show_out/show_out_wrapper.php?run_id=110202&search_id=114132&scans_id=110198&peptide_id=12099&scanf=20676&charge=2&value=K.VTLGTQPTVLR.T,DDB1,2.092e+7,3.075,0.003,2.519,0.000
20677,3,"  3.135","  0.594",13/36,/core/www/modules//sdig/index.php?run_id=110202&search_id=114132&scans_id=110198&peptide_id=12100&scanf=20677&charge=3&value=13/36,sp|P49792|RBP2_HUMAN,/core/www/modules//consensus/?run_id=110202&search_id=114132&scans_id=110198&peptide_id=12100&scanf=20677&charge=3&value=sp|P49792|RBP2_HUMAN,16,/core/www/modules/match_peptides/blast_html4.php?run_id=110202&search_id=114132&scans_id=110198&peptide_id=12100&scanf=20677&charge=3&value=16,K.KLPVPLESVK.E,/core/www/modules/show_out/show_out_wrapper.php?run_id=110202&search_id=114132&scans_id=110198&peptide_id=12100&scanf=20677&charge=3&value=K.KLPVPLESVK.E,RANBP2,2.144e+7,3.488,0.001,3.130,0.000
20679,3,"  1.730","  0.171",10/44,/core/www/modules//sdig/index.php?run_id=110202&search_id=114132&scans_id=110198&peptide_id=12102&scanf=20679&charge=3&value=10/44,sp|P51665|PSMD7_HUMAN,/core/www/modules//consensus/?run_id=110202&search_id=114132&scans_id=110198&peptide_id=12102&scanf=20679&charge=3&value=sp|P51665|PSMD7_HUMAN,0,/core/www/modules/match_peptides/blast_html4.php?run_id=110202&search_id=114132&scans_id=110198&peptide_id=12102&scanf=20679&charge=3&value=0,R.SVVALHNLINNK.I,/core/www/modules/show_out/show_out_wrapper.php?run_id=110202&search_id=114132&scans_id=110198&peptide_id=12102&scanf=20679&charge=3&value=R.SVVALHNLINNK.I,PSMD7,1.215e+7,1.960,0.120,0.920,0.005
20680,2,"  1.404","  0.204",7/12,/core/www/modules//sdig/index.php?run_id=110202&search_id=114132&scans_id=110198&peptide_id=12103&scanf=20680&charge=2&value=7/12,sp|Q99848|EBP2_HUMAN,/core/www/modules//consensus/?run_id=110202&search_id=114132&scans_id=110198&peptide_id=12103&scanf=20680&charge=2&value=sp|Q99848|EBP2_HUMAN,1,/core/www/modules/match_peptides/blast_html4.php?run_id=110202&search_id=114132&scans_id=110198&peptide_id=12103&scanf=20680&charge=2&value=1,R.DLEWVER.L,/core/www/modules/show_out/show_out_wrapper.php?run_id=110202&search_id=114132&scans_id=110198&peptide_id=12103&scanf=20680&charge=2&value=R.DLEWVER.L,EBNA1BP2,7.430e+7,2.337,0.036,1.439,0.001
20682,2,"  1.493","  0.247",6/12,/core/www/modules//sdig/index.php?run_id=110202&search_id=114132&scans_id=110198&peptide_id=12105&scanf=20682&charge=2&value=6/12,sp|Q8NDT2|RB15B_HUMAN,/core/www/modules//consensus/?run_id=110202&search_id=114132&scans_id=110198&peptide_id=12105&scanf=20682&charge=2&value=sp|Q8NDT2|RB15B_HUMAN,4,/core/www/modules/match_peptides/blast_html4.php?run_id=110202&search_id=114132&scans_id=110198&peptide_id=12105&scanf=20682&charge=2&value=4,R.NLVSYLK.Q,/core/www/modules/show_out/show_out_wrapper.php?run_id=110202&search_id=114132&scans_id=110198&peptide_id=12105&scanf=20682&charge=2&value=R.NLVSYLK.Q,RBM15B,1.594e+7,2.300,0.041,1.387,0.001
20684,2,"  3.290","  0.575",14/22,/core/www/modules//sdig/index.php?run_id=110202&search_id=114132&scans_id=110198&peptide_id=12107&scanf=20684&charge=2&value=14/22,sp|P33993|MCM7_HUMAN,/core/www/modules//consensus/?run_id=110202&search_id=114132&scans_id=110198&peptide_id=12107&scanf=20684&charge=2&value=sp|P33993|MCM7_HUMAN,1,/core/www/modules/match_peptides/blast_html4.php?run_id=110202&search_id=114132&scans_id=110198&peptide_id=12107&scanf=20684&charge=2&value=1,R.SITVLVEGENTR.I,/core/www/modules/show_out/show_out_wrapper.php?run_id=110202&search_id=114132&scans_id=110198&peptide_id=12107&scanf=20684&charge=2&value=R.SITVLVEGENTR.I,MCM7,2.125e+7,3.596,0.001,3.291,0.000
20687,3,"  2.952","  0.439",14/52,/core/www/modules//sdig/index.php?run_id=110202&search_id=114132&scans_id=110198&peptide_id=12110&scanf=20687&charge=3&value=14/52,sp|A6NHR9|SMHD1_HUMAN,/core/www/modules//consensus/?run_id=110202&search_id=114132&scans_id=110198&peptide_id=12110&scanf=20687&charge=3&value=sp|A6NHR9|SMHD1_HUMAN,1,/core/www/modules/match_peptides/blast_html4.php?run_id=110202&search_id=114132&scans_id=110198&peptide_id=12110&scanf=20687&charge=3&value=1,K.AHVEGDGVVEGIIR.Y,/core/www/modules/show_out/show_out_wrapper.php?run_id=110202&search_id=114132&scans_id=110198&peptide_id=12110&scanf=20687&charge=3&value=K.AHVEGDGVVEGIIR.Y,SMCHD1,2.107e+7,3.113,0.003,2.576,0.000
20690,2,"  2.735","  0.664",13/20,/core/www/modules//sdig/index.php?run_id=110202&search_id=114132&scans_id=110198&peptide_id=12113&scanf=20690&charge=2&value=13/20,sp|Q52LJ0|FA98B_HUMAN,/core/www/modules//consensus/?run_id=110202&search_id=114132&scans_id=110198&peptide_id=12113&scanf=20690&charge=2&value=sp|Q52LJ0|FA98B_HUMAN,0,/core/www/modules/match_peptides/blast_html4.php?run_id=110202&search_id=114132&scans_id=110198&peptide_id=12113&scanf=20690&charge=2&value=0,K.GPLLEEQALTK.A,/core/www/modules/show_out/show_out_wrapper.php?run_id=110202&search_id=114132&scans_id=110198&peptide_id=12113&scanf=20690&charge=2&value=K.GPLLEEQALTK.A,FAM98B,2.338e+7,3.839,0.000,3.651,0.000
20691,3,"  3.672","  0.573",17/52,/core/www/modules//sdig/index.php?run_id=110202&search_id=114132&scans_id=110198&peptide_id=12114&scanf=20691&charge=3&value=17/52,sp|P21333|FLNA_HUMAN,/core/www/modules//consensus/?run_id=110202&search_id=114132&scans_id=110198&peptide_id=12114&scanf=20691&charge=3&value=sp|P21333|FLNA_HUMAN,2,/core/www/modules/match_peptides/blast_html4.php?run_id=110202&search_id=114132&scans_id=110198&peptide_id=12114&scanf=20691&charge=3&value=2,K.AGNNMLLVGVHGPR.T,/core/www/modules/show_out/show_out_wrapper.php?run_id=110202&search_id=114132&scans_id=110198&peptide_id=12114&scanf=20691&charge=3&value=K.AGNNMLLVGVHGPR.T,FLNA,4.773e+7,3.688,0.000,3.426,0.000
20692,2,"  1.916","  0.385",9/14,/core/www/modules//sdig/index.php?run_id=110202&search_id=114132&scans_id=110198&peptide_id=12115&scanf=20692&charge=2&value=9/14,sp|P62424|RL7A_HUMAN,/core/www/modules//consensus/?run_id=110202&search_id=114132&scans_id=110198&peptide_id=12115&scanf=20692&charge=2&value=sp|P62424|RL7A_HUMAN,1,/core/www/modules/match_peptides/blast_html4.php?run_id=110202&search_id=114132&scans_id=110198&peptide_id=12115&scanf=20692&charge=2&value=1,K.VVNPLFEK.R,/core/www/modules/show_out/show_out_wrapper.php?run_id=110202&search_id=114132&scans_id=110198&peptide_id=12115&scanf=20692&charge=2&value=K.VVNPLFEK.R,RPL7A,8.908e+7,2.986,0.004,2.388,0.000
20693,2,"  2.244","  0.348",9/16,/core/www/modules//sdig/index.php?run_id=110202&search_id=114132&scans_id=110198&peptide_id=12116&scanf=20693&charge=2&value=9/16,sp|P05455|LA_HUMAN,/core/www/modules//consensus/?run_id=110202&search_id=114132&scans_id=110198&peptide_id=12116&scanf=20693&charge=2&value=sp|P05455|LA_HUMAN,2,/core/www/modules/match_peptides/blast_html4.php?run_id=110202&search_id=114132&scans_id=110198&peptide_id=12116&scanf=20693&charge=2&value=2,K.GQVLNIQMR.R,/core/www/modules/show_out/show_out_wrapper.php?run_id=110202&search_id=114132&scans_id=110198&peptide_id=12116&scanf=20693&charge=2&value=K.GQVLNIQMR.R,SSB,2.085e+7,2.726,0.010,2.005,0.000
20694,3,"  3.272","  0.406",16/48,/core/www/modules//sdig/index.php?run_id=110202&search_id=114132&scans_id=110198&peptide_id=12117&scanf=20694&charge=3&value=16/48,sp|Q13206|DDX10_HUMAN,/core/www/modules//consensus/?run_id=110202&search_id=114132&scans_id=110198&peptide_id=12117&scanf=20694&charge=3&value=sp|Q13206|DDX10_HUMAN,7,/core/www/modules/match_peptides/blast_html4.php?run_id=110202&search_id=114132&scans_id=110198&peptide_id=12117&scanf=20694&charge=3&value=7,R.LRPGVSILALHGR.Q,/core/www/modules/show_out/show_out_wrapper.php?run_id=110202&search_id=114132&scans_id=110198&peptide_id=12117&scanf=20694&charge=3&value=R.LRPGVSILALHGR.Q,DDX10,1.392e+7,3.006,0.004,2.417,0.000
20695,2,"  2.375","  0.488",8/16,/core/www/modules//sdig/index.php?run_id=110202&search_id=114132&scans_id=110198&peptide_id=12118&scanf=20695&charge=2&value=8/16,sp|Q9UKN8|TF3C4_HUMAN,/core/www/modules//consensus/?run_id=110202&search_id=114132&scans_id=110198&peptide_id=12118&scanf=20695&charge=2&value=sp|Q9UKN8|TF3C4_HUMAN,0,/core/www/modules/match_peptides/blast_html4.php?run_id=110202&search_id=114132&scans_id=110198&peptide_id=12118&scanf=20695&charge=2&value=0,K.LSDVFGSVR.T,/core/www/modules/show_out/show_out_wrapper.php?run_id=110202&search_id=114132&scans_id=110198&peptide_id=12118&scanf=20695&charge=2&value=K.LSDVFGSVR.T,GTF3C4,3.125e+7,3.090,0.003,2.541,0.000
20696,2,"  2.261","  0.294",9/14,/core/www/modules//sdig/index.php?run_id=110202&search_id=114132&scans_id=110198&peptide_id=12119&scanf=20696&charge=2&value=9/14,sp|P13010|XRCC5_HUMAN,/core/www/modules//consensus/?run_id=110202&search_id=114132&scans_id=110198&peptide_id=12119&scanf=20696&charge=2&value=sp|P13010|XRCC5_HUMAN,0,/core/www/modules/match_peptides/blast_html4.php?run_id=110202&search_id=114132&scans_id=110198&peptide_id=12119&scanf=20696&charge=2&value=0,R.QYMFSSLK.N,/core/www/modules/show_out/show_out_wrapper.php?run_id=110202&search_id=114132&scans_id=110198&peptide_id=12119&scanf=20696&charge=2&value=R.QYMFSSLK.N,XRCC5,6.334e+7,2.818,0.007,2.140,0.000
20697,2,"  1.560","  0.321",7/12,/core/www/modules//sdig/index.php?run_id=110202&search_id=114132&scans_id=110198&peptide_id=12120&scanf=20697&charge=2&value=7/12,sp|P38646|GRP75_HUMAN,/core/www/modules//consensus/?run_id=110202&search_id=114132&scans_id=110198&peptide_id=12120&scanf=20697&charge=2&value=sp|P38646|GRP75_HUMAN,5,/core/www/modules/match_peptides/blast_html4.php?run_id=110202&search_id=114132&scans_id=110198&peptide_id=12120&scanf=20697&charge=2&value=5,K.LFEMAYK.K,/core/www/modules/show_out/show_out_wrapper.php?run_id=110202&search_id=114132&scans_id=110198&peptide_id=12120&scanf=20697&charge=2&value=K.LFEMAYK.K,HSPA9,1.548e+7,2.660,0.012,1.908,0.000
20699,4,"  3.268","  0.000",16/66,/core/www/modules//sdig/index.php?run_id=110202&search_id=114132&scans_id=110198&peptide_id=12122&scanf=20699&charge=4&value=16/66,tr|A0A286YEZ8|A0A286YEZ8_HUMAN,/core/www/modules//consensus/?run_id=110202&search_id=114132&scans_id=110198&peptide_id=12122&scanf=20699&charge=4&value=tr|A0A286YEZ8|A0A286YEZ8_HUMAN,0,/core/www/modules/match_peptides/blast_html4.php?run_id=110202&search_id=114132&scans_id=110198&peptide_id=12122&scanf=20699&charge=4&value=0,-.XKDYAFVHFEDR.G,/core/www/modules/show_out/show_out_wrapper.php?run_id=110202&search_id=114132&scans_id=110198&peptide_id=12122&scanf=20699&charge=4&value=-.XKDYAFVHFEDR.G,HNRNPR,3.066e+7,3.507,0.001,3.159,0.000
20703,3,"  4.829","  0.649",16/60,/core/www/modules//sdig/index.php?run_id=110202&search_id=114132&scans_id=110198&peptide_id=12127&scanf=20703&charge=3&value=16/60,sp|P08133|ANXA6_HUMAN,/core/www/modules//consensus/?run_id=110202&search_id=114132&scans_id=110198&peptide_id=12127&scanf=20703&charge=3&value=sp|P08133|ANXA6_HUMAN,5,/core/www/modules/match_peptides/blast_html4.php?run_id=110202&search_id=114132&scans_id=110198&peptide_id=12127&scanf=20703&charge=3&value=5,K.SLHQAIEGDTSGDFLK.A,/core/www/modules/show_out/show_out_wrapper.php?run_id=110202&search_id=114132&scans_id=110198&peptide_id=12127&scanf=20703&charge=3&value=K.SLHQAIEGDTSGDFLK.A,ANXA6,1.417e+7,3.713,0.000,3.463,0.000
20704,2,"  2.331","  0.418",11/20,/core/www/modules//sdig/index.php?run_id=110202&search_id=114132&scans_id=110198&peptide_id=12128&scanf=20704&charge=2&value=11/20,sp|Q92925|SMRD2_HUMAN,/core/www/modules//consensus/?run_id=110202&search_id=114132&scans_id=110198&peptide_id=12128&scanf=20704&charge=2&value=sp|Q92925|SMRD2_HUMAN,4,/core/www/modules/match_peptides/blast_html4.php?run_id=110202&search_id=114132&scans_id=110198&peptide_id=12128&scanf=20704&charge=2&value=4,R.IYISNTFSPSK.A,/core/www/modules/show_out/show_out_wrapper.php?run_id=110202&search_id=114132&scans_id=110198&peptide_id=12128&scanf=20704&charge=2&value=R.IYISNTFSPSK.A,SMARCD2,2.186e+7,2.914,0.005,2.281,0.000
20708,2,"  2.008","  0.402",8/12,/core/www/modules//sdig/index.php?run_id=110202&search_id=114132&scans_id=110198&peptide_id=12132&scanf=20708&charge=2&value=8/12,sp|Q5JTH9|RRP12_HUMAN,/core/www/modules//consensus/?run_id=110202&search_id=114132&scans_id=110198&peptide_id=12132&scanf=20708&charge=2&value=sp|Q5JTH9|RRP12_HUMAN,0,/core/www/modules/match_peptides/blast_html4.php?run_id=110202&search_id=114132&scans_id=110198&peptide_id=12132&scanf=20708&charge=2&value=0,K.SALGFIK.V,/core/www/modules/show_out/show_out_wrapper.php?run_id=110202&search_id=114132&scans_id=110198&peptide_id=12132&scanf=20708&charge=2&value=K.SALGFIK.V,RRP12,1.660e+7,3.151,0.002,2.631,0.000
20709,3,"  4.734","  0.580",17/52,/core/www/modules//sdig/index.php?run_id=110202&search_id=114132&scans_id=110198&peptide_id=12133&scanf=20709&charge=3&value=17/52,sp|P78371|TCPB_HUMAN,/core/www/modules//consensus/?run_id=110202&search_id=114132&scans_id=110198&peptide_id=12133&scanf=20709&charge=3&value=sp|P78371|TCPB_HUMAN,2,/core/www/modules/match_peptides/blast_html4.php?run_id=110202&search_id=114132&scans_id=110198&peptide_id=12133&scanf=20709&charge=3&value=2,K.ILIANTGMDTDKIK.I,/core/www/modules/show_out/show_out_wrapper.php?run_id=110202&search_id=114132&scans_id=110198&peptide_id=12133&scanf=20709&charge=3&value=K.ILIANTGMDTDKIK.I,CCT2,1.122e+7,3.385,0.001,2.977,0.000
20711,2,"  3.546","  0.638",16/24,/core/www/modules//sdig/index.php?run_id=110202&search_id=114132&scans_id=110198&peptide_id=12135&scanf=20711&charge=2&value=16/24,sp|O95793|STAU1_HUMAN,/core/www/modules//consensus/?run_id=110202&search_id=114132&scans_id=110198&peptide_id=12135&scanf=20711&charge=2&value=sp|O95793|STAU1_HUMAN,2,/core/www/modules/match_peptides/blast_html4.php?run_id=110202&search_id=114132&scans_id=110198&peptide_id=12135&scanf=20711&charge=2&value=2,K.VSVGEFVGEGEGK.S,/core/www/modules/show_out/show_out_wrapper.php?run_id=110202&search_id=114132&scans_id=110198&peptide_id=12135&scanf=20711&charge=2&value=K.VSVGEFVGEGEGK.S,STAU1,5.236e+7,3.857,0.000,3.677,0.000
20713,2,"  1.511","  0.295",7/12,/core/www/modules//sdig/index.php?run_id=110202&search_id=114132&scans_id=110198&peptide_id=12137&scanf=20713&charge=2&value=7/12,sp|Q16698|DECR_HUMAN,/core/www/modules//consensus/?run_id=110202&search_id=114132&scans_id=110198&peptide_id=12137&scanf=20713&charge=2&value=sp|Q16698|DECR_HUMAN,3,/core/www/modules/match_peptides/blast_html4.php?run_id=110202&search_id=114132&scans_id=110198&peptide_id=12137&scanf=20713&charge=2&value=3,K.FFSPLQK.A,/core/www/modules/show_out/show_out_wrapper.php?run_id=110202&search_id=114132&scans_id=110198&peptide_id=12137&scanf=20713&charge=2&value=K.FFSPLQK.A,DECR1,4.655e+7,2.613,0.015,1.839,0.000
20714,3,"  3.628","  0.487",18/52,/core/www/modules//sdig/index.php?run_id=110202&search_id=114132&scans_id=110198&peptide_id=12138&scanf=20714&charge=3&value=18/52,sp|Q9UMS4|PRP19_HUMAN,/core/www/modules//consensus/?run_id=110202&search_id=114132&scans_id=110198&peptide_id=12138&scanf=20714&charge=3&value=sp|Q9UMS4|PRP19_HUMAN,2,/core/www/modules/match_peptides/blast_html4.php?run_id=110202&search_id=114132&scans_id=110198&peptide_id=12138&scanf=20714&charge=3&value=2,K.TVPEELVKPEELSK.Y,/core/www/modules/show_out/show_out_wrapper.php?run_id=110202&search_id=114132&scans_id=110198&peptide_id=12138&scanf=20714&charge=3&value=K.TVPEELVKPEELSK.Y,PRPF19,1.557e+8,3.064,0.003,2.502,0.000
20716,2,"  2.435","  0.541",13/18,/core/www/modules//sdig/index.php?run_id=110202&search_id=114132&scans_id=110198&peptide_id=12140&scanf=20716&charge=2&value=13/18,sp|P07237|PDIA1_HUMAN,/core/www/modules//consensus/?run_id=110202&search_id=114132&scans_id=110198&peptide_id=12140&scanf=20716&charge=2&value=sp|P07237|PDIA1_HUMAN,16,/core/www/modules/match_peptides/blast_html4.php?run_id=110202&search_id=114132&scans_id=110198&peptide_id=12140&scanf=20716&charge=2&value=16,K.NFEDVAFDEK.K,/core/www/modules/show_out/show_out_wrapper.php?run_id=110202&search_id=114132&scans_id=110198&peptide_id=12140&scanf=20716&charge=2&value=K.NFEDVAFDEK.K,P4HB,5.514e+7,3.631,0.000,3.343,0.000
20717,4,"  3.262","  0.431",19/78,/core/www/modules//sdig/index.php?run_id=110202&search_id=114132&scans_id=110198&peptide_id=12141&scanf=20717&charge=4&value=19/78,sp|P35998|PRS7_HUMAN,/core/www/modules//consensus/?run_id=110202&search_id=114132&scans_id=110198&peptide_id=12141&scanf=20717&charge=4&value=sp|P35998|PRS7_HUMAN,1,/core/www/modules/match_peptides/blast_html4.php?run_id=110202&search_id=114132&scans_id=110198&peptide_id=12141&scanf=20717&charge=4&value=1,K.LREVVETPLLHPER.F,/core/www/modules/show_out/show_out_wrapper.php?run_id=110202&search_id=114132&scans_id=110198&peptide_id=12141&scanf=20717&charge=4&value=K.LREVVETPLLHPER.F,PSMC2,1.120e+7,3.104,0.003,2.562,0.000
20719,3,"  2.632","  0.486",14/44,/core/www/modules//sdig/index.php?run_id=110202&search_id=114132&scans_id=110198&peptide_id=12143&scanf=20719&charge=3&value=14/44,sp|P09874|PARP1_HUMAN,/core/www/modules//consensus/?run_id=110202&search_id=114132&scans_id=110198&peptide_id=12143&scanf=20719&charge=3&value=sp|P09874|PARP1_HUMAN,0,/core/www/modules/match_peptides/blast_html4.php?run_id=110202&search_id=114132&scans_id=110198&peptide_id=12143&scanf=20719&charge=3&value=0,K.SKLPKPVQDLIK.M,/core/www/modules/show_out/show_out_wrapper.php?run_id=110202&search_id=114132&scans_id=110198&peptide_id=12143&scanf=20719&charge=3&value=K.SKLPKPVQDLIK.M,PARP1,1.544e+7,3.047,0.003,2.478,0.000
20720,3,"  5.665","  0.711",25/96,/core/www/modules//sdig/index.php?run_id=110202&search_id=114132&scans_id=110198&peptide_id=12145&scanf=20720&charge=3&value=25/96,sp|P14866|HNRPL_HUMAN,/core/www/modules//consensus/?run_id=110202&search_id=114132&scans_id=110198&peptide_id=12145&scanf=20720&charge=3&value=sp|P14866|HNRPL_HUMAN,2,/core/www/modules/match_peptides/blast_html4.php?run_id=110202&search_id=114132&scans_id=110198&peptide_id=12145&scanf=20720&charge=3&value=2,K.NDQDTWDYTNPNLSGQGDPGSNPNK.R,/core/www/modules/show_out/show_out_wrapper.php?run_id=110202&search_id=114132&scans_id=110198&peptide_id=12145&scanf=20720&charge=3&value=K.NDQDTWDYTNPNLSGQGDPGSNPNK.R,HNRNPL,3.957e+6,3.713,0.000,3.464,0.000
20724,2,"  4.366","  0.601",14/24,/core/www/modules//sdig/index.php?run_id=110202&search_id=114132&scans_id=110198&peptide_id=12149&scanf=20724&charge=2&value=14/24,sp|Q9NUL3|STAU2_HUMAN,/core/www/modules//consensus/?run_id=110202&search_id=114132&scans_id=110198&peptide_id=12149&scanf=20724&charge=2&value=sp|Q9NUL3|STAU2_HUMAN,5,/core/www/modules/match_peptides/blast_html4.php?run_id=110202&search_id=114132&scans_id=110198&peptide_id=12149&scanf=20724&charge=2&value=5,K.ALQALQNEPIPER.S,/core/www/modules/show_out/show_out_wrapper.php?run_id=110202&search_id=114132&scans_id=110198&peptide_id=12149&scanf=20724&charge=2&value=K.ALQALQNEPIPER.S,STAU2,1.551e+7,3.540,0.001,3.207,0.000
20725,2,"  1.710","  0.449",9/16,/core/www/modules//sdig/index.php?run_id=110202&search_id=114132&scans_id=110198&peptide_id=12150&scanf=20725&charge=2&value=9/16,sp|Q92797|SYMPK_HUMAN,/core/www/modules//consensus/?run_id=110202&search_id=114132&scans_id=110198&peptide_id=12150&scanf=20725&charge=2&value=sp|Q92797|SYMPK_HUMAN,1,/core/www/modules/match_peptides/blast_html4.php?run_id=110202&search_id=114132&scans_id=110198&peptide_id=12150&scanf=20725&charge=2&value=1,R.TYLGMSTLR.D,/core/www/modules/show_out/show_out_wrapper.php?run_id=110202&search_id=114132&scans_id=110198&peptide_id=12150&scanf=20725&charge=2&value=R.TYLGMSTLR.D,SYMPK,9.209e+6,3.092,0.003,2.544,0.000
20730,2,"  1.942","  0.341",7/12,/core/www/modules//sdig/index.php?run_id=110202&search_id=114132&scans_id=110198&peptide_id=12156&scanf=20730&charge=2&value=7/12,sp|Q96CM8|ACSF2_HUMAN,/core/www/modules//consensus/?run_id=110202&search_id=114132&scans_id=110198&peptide_id=12156&scanf=20730&charge=2&value=sp|Q96CM8|ACSF2_HUMAN,2,/core/www/modules/match_peptides/blast_html4.php?run_id=110202&search_id=114132&scans_id=110198&peptide_id=12156&scanf=20730&charge=2&value=2,R.LTFAQLK.E,/core/www/modules/show_out/show_out_wrapper.php?run_id=110202&search_id=114132&scans_id=110198&peptide_id=12156&scanf=20730&charge=2&value=R.LTFAQLK.E,ACSF2,6.638e+6,2.727,0.010,2.005,0.000
20732,2,"  3.775","  0.447",16/18,/core/www/modules//sdig/index.php?run_id=110202&search_id=114132&scans_id=110198&peptide_id=12157&scanf=20732&charge=2&value=16/18,sp|Q9Y2X3|NOP58_HUMAN,/core/www/modules//consensus/?run_id=110202&search_id=114132&scans_id=110198&peptide_id=12157&scanf=20732&charge=2&value=sp|Q9Y2X3|NOP58_HUMAN,1,/core/www/modules/match_peptides/blast_html4.php?run_id=110202&search_id=114132&scans_id=110198&peptide_id=12157&scanf=20732&charge=2&value=1,K.KLQEVDSLWK.E,/core/www/modules/show_out/show_out_wrapper.php?run_id=110202&search_id=114132&scans_id=110198&peptide_id=12157&scanf=20732&charge=2&value=K.KLQEVDSLWK.E,NOP58,2.058e+7,3.241,0.002,2.765,0.000
20733,2,"  2.604","  0.285",10/16,/core/www/modules//sdig/index.php?run_id=110202&search_id=114132&scans_id=110198&peptide_id=12158&scanf=20733&charge=2&value=10/16,sp|Q8N9T8|KRI1_HUMAN,/core/www/modules//consensus/?run_id=110202&search_id=114132&scans_id=110198&peptide_id=12158&scanf=20733&charge=2&value=sp|Q8N9T8|KRI1_HUMAN,1,/core/www/modules/match_peptides/blast_html4.php?run_id=110202&search_id=114132&scans_id=110198&peptide_id=12158&scanf=20733&charge=2&value=1,R.LQAFGLNPK.R,/core/www/modules/show_out/show_out_wrapper.php?run_id=110202&search_id=114132&scans_id=110198&peptide_id=12158&scanf=20733&charge=2&value=R.LQAFGLNPK.R,KRI1,2.386e+7,2.656,0.013,1.901,0.000
20734,2,"  3.355","  0.576",16/30,/core/www/modules//sdig/index.php?run_id=110202&search_id=114132&scans_id=110198&peptide_id=12159&scanf=20734&charge=2&value=16/30,sp|P23396|RS3_HUMAN,/core/www/modules//consensus/?run_id=110202&search_id=114132&scans_id=110198&peptide_id=12159&scanf=20734&charge=2&value=sp|P23396|RS3_HUMAN,3,/core/www/modules/match_peptides/blast_html4.php?run_id=110202&search_id=114132&scans_id=110198&peptide_id=12159&scanf=20734&charge=2&value=3,K.GGKPEPPAMPQPVPTA.-,/core/www/modules/show_out/show_out_wrapper.php?run_id=110202&search_id=114132&scans_id=110198&peptide_id=12159&scanf=20734&charge=2&value=K.GGKPEPPAMPQPVPTA.-,RPS3,5.549e+7,3.299,0.001,2.851,0.000
20736,2,"  1.860","  0.336",9/14,/core/www/modules//sdig/index.php?run_id=110202&search_id=114132&scans_id=110198&peptide_id=12161&scanf=20736&charge=2&value=9/14,sp|P50454|SERPH_HUMAN,/core/www/modules//consensus/?run_id=110202&search_id=114132&scans_id=110198&peptide_id=12161&scanf=20736&charge=2&value=sp|P50454|SERPH_HUMAN,3,/core/www/modules/match_peptides/blast_html4.php?run_id=110202&search_id=114132&scans_id=110198&peptide_id=12161&scanf=20736&charge=2&value=3,K.AVAISLPK.G,/core/www/modules/show_out/show_out_wrapper.php?run_id=110202&search_id=114132&scans_id=110198&peptide_id=12161&scanf=20736&charge=2&value=K.AVAISLPK.G,SERPINH1,7.461e+7,2.848,0.007,2.183,0.000
20739,2,"  2.129","  0.141",8/16,/core/www/modules//sdig/index.php?run_id=110202&search_id=114132&scans_id=110198&peptide_id=12164&scanf=20739&charge=2&value=8/16,sp|Q14966|ZN638_HUMAN,/core/www/modules//consensus/?run_id=110202&search_id=114132&scans_id=110198&peptide_id=12164&scanf=20739&charge=2&value=sp|Q14966|ZN638_HUMAN,0,/core/www/modules/match_peptides/blast_html4.php?run_id=110202&search_id=114132&scans_id=110198&peptide_id=12164&scanf=20739&charge=2&value=0,K.DILILSSHK.K,/core/www/modules/show_out/show_out_wrapper.php?run_id=110202&search_id=114132&scans_id=110198&peptide_id=12164&scanf=20739&charge=2&value=K.DILILSSHK.K,ZNF638,1.948e+7,1.990,0.110,0.959,0.005
20740,2,"  3.048","  0.372",10/16,/core/www/modules//sdig/index.php?run_id=110202&search_id=114132&scans_id=110198&peptide_id=12166&scanf=20740&charge=2&value=10/16,sp|P46060|RAGP1_HUMAN,/core/www/modules//consensus/?run_id=110202&search_id=114132&scans_id=110198&peptide_id=12166&scanf=20740&charge=2&value=sp|P46060|RAGP1_HUMAN,0,/core/www/modules/match_peptides/blast_html4.php?run_id=110202&search_id=114132&scans_id=110198&peptide_id=12166&scanf=20740&charge=2&value=0,R.HSLLQTLYK.V,/core/www/modules/show_out/show_out_wrapper.php?run_id=110202&search_id=114132&scans_id=110198&peptide_id=12166&scanf=20740&charge=2&value=R.HSLLQTLYK.V,RANGAP1,1.254e+7,2.947,0.005,2.330,0.000
20741,2,"  2.711","  0.548",10/20,/core/www/modules//sdig/index.php?run_id=110202&search_id=114132&scans_id=110198&peptide_id=12167&scanf=20741&charge=2&value=10/20,sp|Q9BSJ8|ESYT1_HUMAN,/core/www/modules//consensus/?run_id=110202&search_id=114132&scans_id=110198&peptide_id=12167&scanf=20741&charge=2&value=sp|Q9BSJ8|ESYT1_HUMAN,1,/core/www/modules/match_peptides/blast_html4.php?run_id=110202&search_id=114132&scans_id=110198&peptide_id=12167&scanf=20741&charge=2&value=1,K.LLAETVAPAVR.G,/core/www/modules/show_out/show_out_wrapper.php?run_id=110202&search_id=114132&scans_id=110198&peptide_id=12167&scanf=20741&charge=2&value=K.LLAETVAPAVR.G,ESYT1,2.045e+7,3.266,0.002,2.801,0.000
20742,4,"  2.339","  0.248",13/108,/core/www/modules//sdig/index.php?run_id=110202&search_id=114132&scans_id=110198&peptide_id=12168&scanf=20742&charge=4&value=13/108,sp|Q5SSJ5|HP1B3_HUMAN,/core/www/modules//consensus/?run_id=110202&search_id=114132&scans_id=110198&peptide_id=12168&scanf=20742&charge=4&value=sp|Q5SSJ5|HP1B3_HUMAN,1,/core/www/modules/match_peptides/blast_html4.php?run_id=110202&search_id=114132&scans_id=110198&peptide_id=12168&scanf=20742&charge=4&value=1,K.YVLENHPGTNSNYQMHLLK.K,/core/www/modules/show_out/show_out_wrapper.php?run_id=110202&search_id=114132&scans_id=110198&peptide_id=12168&scanf=20742&charge=4&value=K.YVLENHPGTNSNYQMHLLK.K,HP1BP3,7.242e+7,2.341,0.036,1.444,0.001
20747,2,"  2.995","  0.439",12/20,/core/www/modules//sdig/index.php?run_id=110202&search_id=114132&scans_id=110198&peptide_id=12173&scanf=20747&charge=2&value=12/20,sp|P11586|C1TC_HUMAN,/core/www/modules//consensus/?run_id=110202&search_id=114132&scans_id=110198&peptide_id=12173&scanf=20747&charge=2&value=sp|P11586|C1TC_HUMAN,7,/core/www/modules/match_peptides/blast_html4.php?run_id=110202&search_id=114132&scans_id=110198&peptide_id=12173&scanf=20747&charge=2&value=7,K.GALALAQAVQR.A,/core/www/modules/show_out/show_out_wrapper.php?run_id=110202&search_id=114132&scans_id=110198&peptide_id=12173&scanf=20747&charge=2&value=K.GALALAQAVQR.A,MTHFD1,1.560e+7,3.056,0.003,2.491,0.000
20750,2,"  2.621","  0.524",13/22,/core/www/modules//sdig/index.php?run_id=110202&search_id=114132&scans_id=110198&peptide_id=12177&scanf=20750&charge=2&value=13/22,sp|O75369|FLNB_HUMAN,/core/www/modules//consensus/?run_id=110202&search_id=114132&scans_id=110198&peptide_id=12177&scanf=20750&charge=2&value=sp|O75369|FLNB_HUMAN,3,/core/www/modules/match_peptides/blast_html4.php?run_id=110202&search_id=114132&scans_id=110198&peptide_id=12177&scanf=20750&charge=2&value=3,K.TGEEVGFVVDAK.T,/core/www/modules/show_out/show_out_wrapper.php?run_id=110202&search_id=114132&scans_id=110198&peptide_id=12177&scanf=20750&charge=2&value=K.TGEEVGFVVDAK.T,FLNB,1.372e+7,3.232,0.002,2.752,0.000
20751,3,"  2.083","  0.281",9/36,/core/www/modules//sdig/index.php?run_id=110202&search_id=114132&scans_id=110198&peptide_id=12178&scanf=20751&charge=3&value=9/36,sp|P25205|MCM3_HUMAN,/core/www/modules//consensus/?run_id=110202&search_id=114132&scans_id=110198&peptide_id=12178&scanf=20751&charge=3&value=sp|P25205|MCM3_HUMAN,2,/core/www/modules/match_peptides/blast_html4.php?run_id=110202&search_id=114132&scans_id=110198&peptide_id=12178&scanf=20751&charge=3&value=2,R.SKDIFDQLAK.S,/core/www/modules/show_out/show_out_wrapper.php?run_id=110202&search_id=114132&scans_id=110198&peptide_id=12178&scanf=20751&charge=3&value=R.SKDIFDQLAK.S,MCM3,9.023e+6,2.172,0.062,1.206,0.002
20753,2,"  2.018","  0.149",8/12,/core/www/modules//sdig/index.php?run_id=110202&search_id=114132&scans_id=110198&peptide_id=12179&scanf=20753&charge=2&value=8/12,sp|P62277|RS13_HUMAN,/core/www/modules//consensus/?run_id=110202&search_id=114132&scans_id=110198&peptide_id=12179&scanf=20753&charge=2&value=sp|P62277|RS13_HUMAN,0,/core/www/modules/match_peptides/blast_html4.php?run_id=110202&search_id=114132&scans_id=110198&peptide_id=12179&scanf=20753&charge=2&value=0,R.LILIESR.I,/core/www/modules/show_out/show_out_wrapper.php?run_id=110202&search_id=114132&scans_id=110198&peptide_id=12179&scanf=20753&charge=2&value=R.LILIESR.I,RPS13,5.504e+8,2.326,0.038,1.423,0.001
20755,2,"  3.065","  0.258",11/20,/core/www/modules//sdig/index.php?run_id=110202&search_id=114132&scans_id=110198&peptide_id=12181&scanf=20755&charge=2&value=11/20,sp|O75533|SF3B1_HUMAN,/core/www/modules//consensus/?run_id=110202&search_id=114132&scans_id=110198&peptide_id=12181&scanf=20755&charge=2&value=sp|O75533|SF3B1_HUMAN,1,/core/www/modules/match_peptides/blast_html4.php?run_id=110202&search_id=114132&scans_id=110198&peptide_id=12181&scanf=20755&charge=2&value=1,R.ATVNTFGYIAK.A,/core/www/modules/show_out/show_out_wrapper.php?run_id=110202&search_id=114132&scans_id=110198&peptide_id=12181&scanf=20755&charge=2&value=R.ATVNTFGYIAK.A,SF3B1,5.202e+7,2.610,0.015,1.834,0.000
20756,3,"  1.815","  0.507",12/56,/core/www/modules//sdig/index.php?run_id=110202&search_id=114132&scans_id=110198&peptide_id=12182&scanf=20756&charge=3&value=12/56,sp|Q9NP77|SSU72_HUMAN,/core/www/modules//consensus/?run_id=110202&search_id=114132&scans_id=110198&peptide_id=12182&scanf=20756&charge=3&value=sp|Q9NP77|SSU72_HUMAN,0,/core/www/modules/match_peptides/blast_html4.php?run_id=110202&search_id=114132&scans_id=110198&peptide_id=12182&scanf=20756&charge=3&value=0,K.LPGPAPDKPNVYDFK.T,/core/www/modules/show_out/show_out_wrapper.php?run_id=110202&search_id=114132&scans_id=110198&peptide_id=12182&scanf=20756&charge=3&value=K.LPGPAPDKPNVYDFK.T,SSU72,3.811e+7,2.941,0.005,2.320,0.000
20758,2,"  3.493","  0.535",16/24,/core/www/modules//sdig/index.php?run_id=110202&search_id=114132&scans_id=110198&peptide_id=12184&scanf=20758&charge=2&value=16/24,sp|Q13185|CBX3_HUMAN,/core/www/modules//consensus/?run_id=110202&search_id=114132&scans_id=110198&peptide_id=12184&scanf=20758&charge=2&value=sp|Q13185|CBX3_HUMAN,3,/core/www/modules/match_peptides/blast_html4.php?run_id=110202&search_id=114132&scans_id=110198&peptide_id=12184&scanf=20758&charge=2&value=3,K.VEEAEPEEFVVEK.V,/core/www/modules/show_out/show_out_wrapper.php?run_id=110202&search_id=114132&scans_id=110198&peptide_id=12184&scanf=20758&charge=2&value=K.VEEAEPEEFVVEK.V,CBX3,1.395e+7,3.421,0.001,3.031,0.000
20759,4,"  2.990","  0.366",15/102,/core/www/modules//sdig/index.php?run_id=110202&search_id=114132&scans_id=110198&peptide_id=12185&scanf=20759&charge=4&value=15/102,sp|Q8TAQ2|SMRC2_HUMAN,/core/www/modules//consensus/?run_id=110202&search_id=114132&scans_id=110198&peptide_id=12185&scanf=20759&charge=4&value=sp|Q8TAQ2|SMRC2_HUMAN,1,/core/www/modules/match_peptides/blast_html4.php?run_id=110202&search_id=114132&scans_id=110198&peptide_id=12185&scanf=20759&charge=4&value=1,K.EGQEEVLKEVVESEGERK.T,/core/www/modules/show_out/show_out_wrapper.php?run_id=110202&search_id=114132&scans_id=110198&peptide_id=12185&scanf=20759&charge=4&value=K.EGQEEVLKEVVESEGERK.T,SMARCC2,9.199e+6,2.421,0.028,1.560,0.001
20761,3,"  2.162","  0.386",11/32,/core/www/modules//sdig/index.php?run_id=110202&search_id=114132&scans_id=110198&peptide_id=12188&scanf=20761&charge=3&value=11/32,sp|Q15020|SART3_HUMAN,/core/www/modules//consensus/?run_id=110202&search_id=114132&scans_id=110198&peptide_id=12188&scanf=20761&charge=3&value=sp|Q15020|SART3_HUMAN,5,/core/www/modules/match_peptides/blast_html4.php?run_id=110202&search_id=114132&scans_id=110198&peptide_id=12188&scanf=20761&charge=3&value=5,R.EHVYDLFEK.A,/core/www/modules/show_out/show_out_wrapper.php?run_id=110202&search_id=114132&scans_id=110198&peptide_id=12188&scanf=20761&charge=3&value=R.EHVYDLFEK.A,SART3,1.220e+7,3.008,0.004,2.420,0.000
20762,2,"  2.049","  0.142",9/12,/core/www/modules//sdig/index.php?run_id=110202&search_id=114132&scans_id=110198&peptide_id=12189&scanf=20762&charge=2&value=9/12,sp|Q29RF7|PDS5A_HUMAN,/core/www/modules//consensus/?run_id=110202&search_id=114132&scans_id=110198&peptide_id=12189&scanf=20762&charge=2&value=sp|Q29RF7|PDS5A_HUMAN,0,/core/www/modules/match_peptides/blast_html4.php?run_id=110202&search_id=114132&scans_id=110198&peptide_id=12189&scanf=20762&charge=2&value=0,R.SGLELLK.V,/core/www/modules/show_out/show_out_wrapper.php?run_id=110202&search_id=114132&scans_id=110198&peptide_id=12189&scanf=20762&charge=2&value=R.SGLELLK.V,PDS5A,4.548e+7,2.464,0.024,1.622,0.001
20763,3,"  3.736","  0.362",14/44,/core/www/modules//sdig/index.php?run_id=110202&search_id=114132&scans_id=110198&peptide_id=12190&scanf=20763&charge=3&value=14/44,sp|Q9Y4L1|HYOU1_HUMAN,/core/www/modules//consensus/?run_id=110202&search_id=114132&scans_id=110198&peptide_id=12190&scanf=20763&charge=3&value=sp|Q9Y4L1|HYOU1_HUMAN,15,/core/www/modules/match_peptides/blast_html4.php?run_id=110202&search_id=114132&scans_id=110198&peptide_id=12190&scanf=20763&charge=3&value=15,R.FPEHELTFDPQR.Q,/core/www/modules/show_out/show_out_wrapper.php?run_id=110202&search_id=114132&scans_id=110198&peptide_id=12190&scanf=20763&charge=3&value=R.FPEHELTFDPQR.Q,HYOU1,9.696e+6,2.831,0.007,2.159,0.000
20764,3,"  2.929","  0.409",17/40,/core/www/modules//sdig/index.php?run_id=110202&search_id=114132&scans_id=110198&peptide_id=12191&scanf=20764&charge=3&value=17/40,sp|P08238|HS90B_HUMAN,/core/www/modules//consensus/?run_id=110202&search_id=114132&scans_id=110198&peptide_id=12191&scanf=20764&charge=3&value=sp|P08238|HS90B_HUMAN,1,/core/www/modules/match_peptides/blast_html4.php?run_id=110202&search_id=114132&scans_id=110198&peptide_id=12191&scanf=20764&charge=3&value=1,R.RAPFDLFENKK.K,/core/www/modules/show_out/show_out_wrapper.php?run_id=110202&search_id=114132&scans_id=110198&peptide_id=12191&scanf=20764&charge=3&value=R.RAPFDLFENKK.K,HSP90AB1,2.933e+7,2.632,0.014,1.867,0.000
20770,3,"  2.537","  0.180",7/44,/core/www/modules//sdig/index.php?run_id=110202&search_id=114132&scans_id=110198&peptide_id=12198&scanf=20770&charge=3&value=7/44,sp|Q9H5Z1|DHX35_HUMAN,/core/www/modules//consensus/?run_id=110202&search_id=114132&scans_id=110198&peptide_id=12198&scanf=20770&charge=3&value=sp|Q9H5Z1|DHX35_HUMAN,1,/core/www/modules/match_peptides/blast_html4.php?run_id=110202&search_id=114132&scans_id=110198&peptide_id=12198&scanf=20770&charge=3&value=1,K.YSVIMLDEAHER.T,/core/www/modules/show_out/show_out_wrapper.php?run_id=110202&search_id=114132&scans_id=110198&peptide_id=12198&scanf=20770&charge=3&value=K.YSVIMLDEAHER.T,DHX35,6.145e+6,1.926,0.133,0.875,0.007
20775,2,"  1.414","  0.228",7/20,/core/www/modules//sdig/index.php?run_id=110202&search_id=114132&scans_id=110198&peptide_id=12202&scanf=20775&charge=2&value=7/20,sp|P59998|ARPC4_HUMAN,/core/www/modules//consensus/?run_id=110202&search_id=114132&scans_id=110198&peptide_id=12202&scanf=20775&charge=2&value=sp|P59998|ARPC4_HUMAN,4,/core/www/modules/match_peptides/blast_html4.php?run_id=110202&search_id=114132&scans_id=110198&peptide_id=12202&scanf=20775&charge=2&value=4,K.VLIEGSINSVR.V,/core/www/modules/show_out/show_out_wrapper.php?run_id=110202&search_id=114132&scans_id=110198&peptide_id=12202&scanf=20775&charge=2&value=K.VLIEGSINSVR.V,ARPC4,1.839e+7,1.850,0.166,0.780,0.009
20776,3,"  2.611","  0.408",11/44,/core/www/modules//sdig/index.php?run_id=110202&search_id=114132&scans_id=110198&peptide_id=12203&scanf=20776&charge=3&value=11/44,sp|O14646|CHD1_HUMAN,/core/www/modules//consensus/?run_id=110202&search_id=114132&scans_id=110198&peptide_id=12203&scanf=20776&charge=3&value=sp|O14646|CHD1_HUMAN,0,/core/www/modules/match_peptides/blast_html4.php?run_id=110202&search_id=114132&scans_id=110198&peptide_id=12203&scanf=20776&charge=3&value=0,K.NKEPGEIQYLIK.W,/core/www/modules/show_out/show_out_wrapper.php?run_id=110202&search_id=114132&scans_id=110198&peptide_id=12203&scanf=20776&charge=3&value=K.NKEPGEIQYLIK.W,CHD1,1.213e+7,2.604,0.015,1.825,0.000
20777,2,"  3.328","  0.644",16/18,/core/www/modules//sdig/index.php?run_id=110202&search_id=114132&scans_id=110198&peptide_id=12204&scanf=20777&charge=2&value=16/18,sp|Q15149|PLEC_HUMAN,/core/www/modules//consensus/?run_id=110202&search_id=114132&scans_id=110198&peptide_id=12204&scanf=20777&charge=2&value=sp|Q15149|PLEC_HUMAN,4,/core/www/modules/match_peptides/blast_html4.php?run_id=110202&search_id=114132&scans_id=110198&peptide_id=12204&scanf=20777&charge=2&value=4,R.HISDLYEDLR.D,/core/www/modules/show_out/show_out_wrapper.php?run_id=110202&search_id=114132&scans_id=110198&peptide_id=12204&scanf=20777&charge=2&value=R.HISDLYEDLR.D,PLEC,1.424e+7,4.742,0.000,4.989,0.000
20780,2,"  2.301","  0.306",13/16,/core/www/modules//sdig/index.php?run_id=110202&search_id=114132&scans_id=110198&peptide_id=12208&scanf=20780&charge=2&value=13/16,sp|P10809|CH60_HUMAN,/core/www/modules//consensus/?run_id=110202&search_id=114132&scans_id=110198&peptide_id=12208&scanf=20780&charge=2&value=sp|P10809|CH60_HUMAN,4,/core/www/modules/match_peptides/blast_html4.php?run_id=110202&search_id=114132&scans_id=110198&peptide_id=12208&scanf=20780&charge=2&value=4,K.VGLQVVAVK.A,/core/www/modules/show_out/show_out_wrapper.php?run_id=110202&search_id=114132&scans_id=110198&peptide_id=12208&scanf=20780&charge=2&value=K.VGLQVVAVK.A,HSPD1,1.671e+8,3.054,0.003,2.488,0.000
20781,2,"  1.966","  0.066",8/12,/core/www/modules//sdig/index.php?run_id=110202&search_id=114132&scans_id=110198&peptide_id=12209&scanf=20781&charge=2&value=8/12,sp|Q6KC79|NIPBL_HUMAN,/core/www/modules//consensus/?run_id=110202&search_id=114132&scans_id=110198&peptide_id=12209&scanf=20781&charge=2&value=sp|Q6KC79|NIPBL_HUMAN,1,/core/www/modules/match_peptides/blast_html4.php?run_id=110202&search_id=114132&scans_id=110198&peptide_id=12209&scanf=20781&charge=2&value=1,K.VLNILEK.N,/core/www/modules/show_out/show_out_wrapper.php?run_id=110202&search_id=114132&scans_id=110198&peptide_id=12209&scanf=20781&charge=2&value=K.VLNILEK.N,NIPBL,1.799e+7,2.062,0.088,1.055,0.004
20782,3,"  4.625","  0.622",21/68,/core/www/modules//sdig/index.php?run_id=110202&search_id=114132&scans_id=110198&peptide_id=12210&scanf=20782&charge=3&value=21/68,sp|P07814|SYEP_HUMAN,/core/www/modules//consensus/?run_id=110202&search_id=114132&scans_id=110198&peptide_id=12210&scanf=20782&charge=3&value=sp|P07814|SYEP_HUMAN,1,/core/www/modules/match_peptides/blast_html4.php?run_id=110202&search_id=114132&scans_id=110198&peptide_id=12210&scanf=20782&charge=3&value=1,K.SLIGVEYKPVSATGAEDK.D,/core/www/modules/show_out/show_out_wrapper.php?run_id=110202&search_id=114132&scans_id=110198&peptide_id=12210&scanf=20782&charge=3&value=K.SLIGVEYKPVSATGAEDK.D,EPRS1,1.073e+7,3.624,0.000,3.332,0.000
20784,4,"  4.838","  0.486",21/108,/core/www/modules//sdig/index.php?run_id=110202&search_id=114132&scans_id=110198&peptide_id=12212&scanf=20784&charge=4&value=21/108,sp|Q8TDN6|BRX1_HUMAN,/core/www/modules//consensus/?run_id=110202&search_id=114132&scans_id=110198&peptide_id=12212&scanf=20784&charge=4&value=sp|Q8TDN6|BRX1_HUMAN,0,/core/www/modules/match_peptides/blast_html4.php?run_id=110202&search_id=114132&scans_id=110198&peptide_id=12212&scanf=20784&charge=4&value=0,K.KKQDLYMWLSNSPHGPSAK.F,/core/www/modules/show_out/show_out_wrapper.php?run_id=110202&search_id=114132&scans_id=110198&peptide_id=12212&scanf=20784&charge=4&value=K.KKQDLYMWLSNSPHGPSAK.F,BRIX1,9.425e+6,2.876,0.006,2.225,0.000
20788,3,"  5.338","  0.625",19/60,/core/www/modules//sdig/index.php?run_id=110202&search_id=114132&scans_id=110198&peptide_id=12216&scanf=20788&charge=3&value=19/60,sp|P63272|SPT4H_HUMAN,/core/www/modules//consensus/?run_id=110202&search_id=114132&scans_id=110198&peptide_id=12216&scanf=20788&charge=3&value=sp|P63272|SPT4H_HUMAN,2,/core/www/modules/match_peptides/blast_html4.php?run_id=110202&search_id=114132&scans_id=110198&peptide_id=12216&scanf=20788&charge=3&value=2,R.VSNFKPGVYAVSVTGR.L,/core/www/modules/show_out/show_out_wrapper.php?run_id=110202&search_id=114132&scans_id=110198&peptide_id=12216&scanf=20788&charge=3&value=R.VSNFKPGVYAVSVTGR.L,SUPT4H1,3.468e+7,3.647,0.000,3.366,0.000
20789,2,"  1.992","  0.116",8/16,/core/www/modules//sdig/index.php?run_id=110202&search_id=114132&scans_id=110198&peptide_id=12217&scanf=20789&charge=2&value=8/16,sp|P13861|KAP2_HUMAN,/core/www/modules//consensus/?run_id=110202&search_id=114132&scans_id=110198&peptide_id=12217&scanf=20789&charge=2&value=sp|P13861|KAP2_HUMAN,1,/core/www/modules/match_peptides/blast_html4.php?run_id=110202&search_id=114132&scans_id=110198&peptide_id=12217&scanf=20789&charge=2&value=1,R.GTYDILVTK.D,/core/www/modules/show_out/show_out_wrapper.php?run_id=110202&search_id=114132&scans_id=110198&peptide_id=12217&scanf=20789&charge=2&value=R.GTYDILVTK.D,PRKAR2A,6.770e+6,1.858,0.162,0.790,0.008
20790,3,"  3.253","  0.553",16/36,/core/www/modules//sdig/index.php?run_id=110202&search_id=114132&scans_id=110198&peptide_id=12219&scanf=20790&charge=3&value=16/36,sp|O60244|MED14_HUMAN,/core/www/modules//consensus/?run_id=110202&search_id=114132&scans_id=110198&peptide_id=12219&scanf=20790&charge=3&value=sp|O60244|MED14_HUMAN,2,/core/www/modules/match_peptides/blast_html4.php?run_id=110202&search_id=114132&scans_id=110198&peptide_id=12219&scanf=20790&charge=3&value=2,K.LLGAPTHILR.D,/core/www/modules/show_out/show_out_wrapper.php?run_id=110202&search_id=114132&scans_id=110198&peptide_id=12219&scanf=20790&charge=3&value=K.LLGAPTHILR.D,MED14,1.554e+7,3.713,0.000,3.464,0.000
20791,3,"  2.776","  0.324",12/32,/core/www/modules//sdig/index.php?run_id=110202&search_id=114132&scans_id=110198&peptide_id=12220&scanf=20791&charge=3&value=12/32,sp|P49755|TMEDA_HUMAN,/core/www/modules//consensus/?run_id=110202&search_id=114132&scans_id=110198&peptide_id=12220&scanf=20791&charge=3&value=sp|P49755|TMEDA_HUMAN,0,/core/www/modules/match_peptides/blast_html4.php?run_id=110202&search_id=114132&scans_id=110198&peptide_id=12220&scanf=20791&charge=3&value=0,K.LKPLEVELR.R,/core/www/modules/show_out/show_out_wrapper.php?run_id=110202&search_id=114132&scans_id=110198&peptide_id=12220&scanf=20791&charge=3&value=K.LKPLEVELR.R,TMED10,4.051e+7,2.859,0.006,2.200,0.000
20795,2,"  2.068","  0.554",9/16,/core/www/modules//sdig/index.php?run_id=110202&search_id=114132&scans_id=110198&peptide_id=12223&scanf=20795&charge=2&value=9/16,sp|P78527|PRKDC_HUMAN,/core/www/modules//consensus/?run_id=110202&search_id=114132&scans_id=110198&peptide_id=12223&scanf=20795&charge=2&value=sp|P78527|PRKDC_HUMAN,1,/core/www/modules/match_peptides/blast_html4.php?run_id=110202&search_id=114132&scans_id=110198&peptide_id=12223&scanf=20795&charge=2&value=1,R.SIGEYDVLR.G,/core/www/modules/show_out/show_out_wrapper.php?run_id=110202&search_id=114132&scans_id=110198&peptide_id=12223&scanf=20795&charge=2&value=R.SIGEYDVLR.G,PRKDC,2.038e+8,4.220,0.000,4.216,0.000
20796,2,"  3.479","  0.403",17/26,/core/www/modules//sdig/index.php?run_id=110202&search_id=114132&scans_id=110198&peptide_id=12224&scanf=20796&charge=2&value=17/26,sp|P62195|PRS8_HUMAN,/core/www/modules//consensus/?run_id=110202&search_id=114132&scans_id=110198&peptide_id=12224&scanf=20796&charge=2&value=sp|P62195|PRS8_HUMAN,0,/core/www/modules/match_peptides/blast_html4.php?run_id=110202&search_id=114132&scans_id=110198&peptide_id=12224&scanf=20796&charge=2&value=0,K.IAELMPGASGAEVK.G,/core/www/modules/show_out/show_out_wrapper.php?run_id=110202&search_id=114132&scans_id=110198&peptide_id=12224&scanf=20796&charge=2&value=K.IAELMPGASGAEVK.G,PSMC5,2.840e+7,3.021,0.004,2.439,0.000
20797,2,"  1.301","  0.304",8/18,/core/www/modules//sdig/index.php?run_id=110202&search_id=114132&scans_id=110198&peptide_id=12225&scanf=20797&charge=2&value=8/18,sp|O00267|SPT5H_HUMAN,/core/www/modules//consensus/?run_id=110202&search_id=114132&scans_id=110198&peptide_id=12225&scanf=20797&charge=2&value=sp|O00267|SPT5H_HUMAN,0,/core/www/modules/match_peptides/blast_html4.php?run_id=110202&search_id=114132&scans_id=110198&peptide_id=12225&scanf=20797&charge=2&value=0,R.FEGDTGLIVR.V,/core/www/modules/show_out/show_out_wrapper.php?run_id=110202&search_id=114132&scans_id=110198&peptide_id=12225&scanf=20797&charge=2&value=R.FEGDTGLIVR.V,SUPT5H,3.074e+7,2.256,0.047,1.324,0.002
20798,2,"  2.557","  0.384",11/18,/core/www/modules//sdig/index.php?run_id=110202&search_id=114132&scans_id=110198&peptide_id=12226&scanf=20798&charge=2&value=11/18,sp|P46940|IQGA1_HUMAN,/core/www/modules//consensus/?run_id=110202&search_id=114132&scans_id=110198&peptide_id=12226&scanf=20798&charge=2&value=sp|P46940|IQGA1_HUMAN,1,/core/www/modules/match_peptides/blast_html4.php?run_id=110202&search_id=114132&scans_id=110198&peptide_id=12226&scanf=20798&charge=2&value=1,R.ALQSPALGLR.G,/core/www/modules/show_out/show_out_wrapper.php?run_id=110202&search_id=114132&scans_id=110198&peptide_id=12226&scanf=20798&charge=2&value=R.ALQSPALGLR.G,IQGAP1,1.736e+7,2.980,0.004,2.379,0.000
20799,2,"  2.053","  0.339",10/14,/core/www/modules//sdig/index.php?run_id=110202&search_id=114132&scans_id=110198&peptide_id=12227&scanf=20799&charge=2&value=10/14,sp|Q9UKF6|CPSF3_HUMAN,/core/www/modules//consensus/?run_id=110202&search_id=114132&scans_id=110198&peptide_id=12227&scanf=20799&charge=2&value=sp|Q9UKF6|CPSF3_HUMAN,1,/core/www/modules/match_peptides/blast_html4.php?run_id=110202&search_id=114132&scans_id=110198&peptide_id=12227&scanf=20799&charge=2&value=1,K.VMGFLADK.K,/core/www/modules/show_out/show_out_wrapper.php?run_id=110202&search_id=114132&scans_id=110198&peptide_id=12227&scanf=20799&charge=2&value=K.VMGFLADK.K,CPSF3,1.674e+7,2.951,0.005,2.335,0.000
20800,2,"  4.155","  0.660",20/24,/core/www/modules//sdig/index.php?run_id=110202&search_id=114132&scans_id=110198&peptide_id=12229&scanf=20800&charge=2&value=20/24,sp|P50991|TCPD_HUMAN,/core/www/modules//consensus/?run_id=110202&search_id=114132&scans_id=110198&peptide_id=12229&scanf=20800&charge=2&value=sp|P50991|TCPD_HUMAN,0,/core/www/modules/match_peptides/blast_html4.php?run_id=110202&search_id=114132&scans_id=110198&peptide_id=12229&scanf=20800&charge=2&value=0,K.GIHPTIISESFQK.A,/core/www/modules/show_out/show_out_wrapper.php?run_id=110202&search_id=114132&scans_id=110198&peptide_id=12229&scanf=20800&charge=2&value=K.GIHPTIISESFQK.A,CCT4,2.604e+7,4.127,0.000,4.078,0.000
20802,3,"  3.261","  0.587",13/36,/core/www/modules//sdig/index.php?run_id=110202&search_id=114132&scans_id=110198&peptide_id=12231&scanf=20802&charge=3&value=13/36,sp|O75643|U520_HUMAN,/core/www/modules//consensus/?run_id=110202&search_id=114132&scans_id=110198&peptide_id=12231&scanf=20802&charge=3&value=sp|O75643|U520_HUMAN,0,/core/www/modules/match_peptides/blast_html4.php?run_id=110202&search_id=114132&scans_id=110198&peptide_id=12231&scanf=20802&charge=3&value=0,K.KPVIVFVPSR.K,/core/www/modules/show_out/show_out_wrapper.php?run_id=110202&search_id=114132&scans_id=110198&peptide_id=12231&scanf=20802&charge=3&value=K.KPVIVFVPSR.K,SNRNP200,4.361e+7,3.946,0.000,3.809,0.000
20809,3,"  5.137","  0.631",21/72,/core/www/modules//sdig/index.php?run_id=110202&search_id=114132&scans_id=110198&peptide_id=12238&scanf=20809&charge=3&value=21/72,sp|Q96QK1|VPS35_HUMAN,/core/www/modules//consensus/?run_id=110202&search_id=114132&scans_id=110198&peptide_id=12238&scanf=20809&charge=3&value=sp|Q96QK1|VPS35_HUMAN,0,/core/www/modules/match_peptides/blast_html4.php?run_id=110202&search_id=114132&scans_id=110198&peptide_id=12238&scanf=20809&charge=3&value=0,K.IREDLPNLESSEETEQINK.H,/core/www/modules/show_out/show_out_wrapper.php?run_id=110202&search_id=114132&scans_id=110198&peptide_id=12238&scanf=20809&charge=3&value=K.IREDLPNLESSEETEQINK.H,VPS35,6.490e+6,3.241,0.002,2.764,0.000
20811,2,"  3.102","  0.599",14/24,/core/www/modules//sdig/index.php?run_id=110202&search_id=114132&scans_id=110198&peptide_id=12241&scanf=20811&charge=2&value=14/24,sp|Q8N9T8|KRI1_HUMAN,/core/www/modules//consensus/?run_id=110202&search_id=114132&scans_id=110198&peptide_id=12241&scanf=20811&charge=2&value=sp|Q8N9T8|KRI1_HUMAN,3,/core/www/modules/match_peptides/blast_html4.php?run_id=110202&search_id=114132&scans_id=110198&peptide_id=12241&scanf=20811&charge=2&value=3,K.EYWNDPELDEGER.F,/core/www/modules/show_out/show_out_wrapper.php?run_id=110202&search_id=114132&scans_id=110198&peptide_id=12241&scanf=20811&charge=2&value=K.EYWNDPELDEGER.F,KRI1,6.296e+6,3.530,0.001,3.192,0.000
20812,2,"  2.720","  0.529",10/18,/core/www/modules//sdig/index.php?run_id=110202&search_id=114132&scans_id=110198&peptide_id=12242&scanf=20812&charge=2&value=10/18,sp|Q9ULU4|PKCB1_HUMAN,/core/www/modules//consensus/?run_id=110202&search_id=114132&scans_id=110198&peptide_id=12242&scanf=20812&charge=2&value=sp|Q9ULU4|PKCB1_HUMAN,4,/core/www/modules/match_peptides/blast_html4.php?run_id=110202&search_id=114132&scans_id=110198&peptide_id=12242&scanf=20812&charge=2&value=4,K.LNFDMTASPK.I,/core/www/modules/show_out/show_out_wrapper.php?run_id=110202&search_id=114132&scans_id=110198&peptide_id=12242&scanf=20812&charge=2&value=K.LNFDMTASPK.I,ZMYND8,7.795e+6,3.295,0.001,2.845,0.000
20814,2,"  2.220","  0.403",11/16,/core/www/modules//sdig/index.php?run_id=110202&search_id=114132&scans_id=110198&peptide_id=12244&scanf=20814&charge=2&value=11/16,sp|Q9Y224|RTRAF_HUMAN,/core/www/modules//consensus/?run_id=110202&search_id=114132&scans_id=110198&peptide_id=12244&scanf=20814&charge=2&value=sp|Q9Y224|RTRAF_HUMAN,0,/core/www/modules/match_peptides/blast_html4.php?run_id=110202&search_id=114132&scans_id=110198&peptide_id=12244&scanf=20814&charge=2&value=0,K.EGLPVALDK.H,/core/www/modules/show_out/show_out_wrapper.php?run_id=110202&search_id=114132&scans_id=110198&peptide_id=12244&scanf=20814&charge=2&value=K.EGLPVALDK.H,RTRAF,1.277e+7,3.094,0.003,2.547,0.000
20816,2,"  3.105","  0.263",12/24,/core/www/modules//sdig/index.php?run_id=110202&search_id=114132&scans_id=110198&peptide_id=12245&scanf=20816&charge=2&value=12/24,sp|P33992|MCM5_HUMAN,/core/www/modules//consensus/?run_id=110202&search_id=114132&scans_id=110198&peptide_id=12245&scanf=20816&charge=2&value=sp|P33992|MCM5_HUMAN,1,/core/www/modules/match_peptides/blast_html4.php?run_id=110202&search_id=114132&scans_id=110198&peptide_id=12245&scanf=20816&charge=2&value=1,R.VLGIQVDTDGSGR.S,/core/www/modules/show_out/show_out_wrapper.php?run_id=110202&search_id=114132&scans_id=110198&peptide_id=12245&scanf=20816&charge=2&value=R.VLGIQVDTDGSGR.S,MCM5,1.846e+7,2.322,0.038,1.418,0.001
20817,3,"  3.469","  0.631",16/48,/core/www/modules//sdig/index.php?run_id=110202&search_id=114132&scans_id=110198&peptide_id=12246&scanf=20817&charge=3&value=16/48,sp|Q9NR30|DDX21_HUMAN,/core/www/modules//consensus/?run_id=110202&search_id=114132&scans_id=110198&peptide_id=12246&scanf=20817&charge=3&value=sp|Q9NR30|DDX21_HUMAN,4,/core/www/modules/match_peptides/blast_html4.php?run_id=110202&search_id=114132&scans_id=110198&peptide_id=12246&scanf=20817&charge=3&value=4,R.GRAPQVLVLAPTR.E,/core/www/modules/show_out/show_out_wrapper.php?run_id=110202&search_id=114132&scans_id=110198&peptide_id=12246&scanf=20817&charge=3&value=R.GRAPQVLVLAPTR.E,DDX21,4.423e+7,3.556,0.001,3.230,0.000
20818,2,"  2.633","  0.367",9/14,/core/www/modules//sdig/index.php?run_id=110202&search_id=114132&scans_id=110198&peptide_id=12247&scanf=20818&charge=2&value=9/14,sp|Q9UNM6|PSD13_HUMAN,/core/www/modules//consensus/?run_id=110202&search_id=114132&scans_id=110198&peptide_id=12247&scanf=20818&charge=2&value=sp|Q9UNM6|PSD13_HUMAN,1,/core/www/modules/match_peptides/blast_html4.php?run_id=110202&search_id=114132&scans_id=110198&peptide_id=12247&scanf=20818&charge=2&value=1,R.VLDLQQIK.G,/core/www/modules/show_out/show_out_wrapper.php?run_id=110202&search_id=114132&scans_id=110198&peptide_id=12247&scanf=20818&charge=2&value=R.VLDLQQIK.G,PSMD13,4.935e+7,2.989,0.004,2.392,0.000
20819,2,"  2.045","  0.359",9/14,/core/www/modules//sdig/index.php?run_id=110202&search_id=114132&scans_id=110198&peptide_id=12248&scanf=20819&charge=2&value=9/14,sp|Q14019|COTL1_HUMAN,/core/www/modules//consensus/?run_id=110202&search_id=114132&scans_id=110198&peptide_id=12248&scanf=20819&charge=2&value=sp|Q14019|COTL1_HUMAN,1,/core/www/modules/match_peptides/blast_html4.php?run_id=110202&search_id=114132&scans_id=110198&peptide_id=12248&scanf=20819&charge=2&value=1,K.ELEEDFIK.S,/core/www/modules/show_out/show_out_wrapper.php?run_id=110202&search_id=114132&scans_id=110198&peptide_id=12248&scanf=20819&charge=2&value=K.ELEEDFIK.S,COTL1,2.305e+7,2.906,0.005,2.269,0.000
20820,3,"  3.018","  0.492",16/40,/core/www/modules//sdig/index.php?run_id=110202&search_id=114132&scans_id=110198&peptide_id=12249&scanf=20820&charge=3&value=16/40,sp|Q14204|DYHC1_HUMAN,/core/www/modules//consensus/?run_id=110202&search_id=114132&scans_id=110198&peptide_id=12249&scanf=20820&charge=3&value=sp|Q14204|DYHC1_HUMAN,6,/core/www/modules/match_peptides/blast_html4.php?run_id=110202&search_id=114132&scans_id=110198&peptide_id=12249&scanf=20820&charge=3&value=6,R.TVENIKDPLFR.F,/core/www/modules/show_out/show_out_wrapper.php?run_id=110202&search_id=114132&scans_id=110198&peptide_id=12249&scanf=20820&charge=3&value=R.TVENIKDPLFR.F,DYNC1H1,1.894e+7,3.409,0.001,3.014,0.000
20821,2,"  2.963","  0.541",11/18,/core/www/modules//sdig/index.php?run_id=110202&search_id=114132&scans_id=110198&peptide_id=12250&scanf=20821&charge=2&value=11/18,sp|Q96ME7|ZN512_HUMAN,/core/www/modules//consensus/?run_id=110202&search_id=114132&scans_id=110198&peptide_id=12250&scanf=20821&charge=2&value=sp|Q96ME7|ZN512_HUMAN,1,/core/www/modules/match_peptides/blast_html4.php?run_id=110202&search_id=114132&scans_id=110198&peptide_id=12250&scanf=20821&charge=2&value=1,K.VLQDLVPDDR.K,/core/www/modules/show_out/show_out_wrapper.php?run_id=110202&search_id=114132&scans_id=110198&peptide_id=12250&scanf=20821&charge=2&value=K.VLQDLVPDDR.K,ZNF512,2.379e+7,3.415,0.001,3.023,0.000
20822,2,"  2.586","  0.339",12/22,/core/www/modules//sdig/index.php?run_id=110202&search_id=114132&scans_id=110198&peptide_id=12251&scanf=20822&charge=2&value=12/22,sp|Q08211|DHX9_HUMAN,/core/www/modules//consensus/?run_id=110202&search_id=114132&scans_id=110198&peptide_id=12251&scanf=20822&charge=2&value=sp|Q08211|DHX9_HUMAN,0,/core/www/modules/match_peptides/blast_html4.php?run_id=110202&search_id=114132&scans_id=110198&peptide_id=12251&scanf=20822&charge=2&value=0,R.AAM*EALVVEVTK.Q,/core/www/modules/show_out/show_out_wrapper.php?run_id=110202&search_id=114132&scans_id=110198&peptide_id=12251&scanf=20822&charge=2&value=R.AAM*EALVVEVTK.Q,DHX9,1.918e+7,2.683,0.011,1.941,0.000
20827,3,"  2.825","  0.398",13/40,/core/www/modules//sdig/index.php?run_id=110202&search_id=114132&scans_id=110198&peptide_id=12256&scanf=20827&charge=3&value=13/40,sp|P57678|GEMI4_HUMAN,/core/www/modules//consensus/?run_id=110202&search_id=114132&scans_id=110198&peptide_id=12256&scanf=20827&charge=3&value=sp|P57678|GEMI4_HUMAN,1,/core/www/modules/match_peptides/blast_html4.php?run_id=110202&search_id=114132&scans_id=110198&peptide_id=12256&scanf=20827&charge=3&value=1,R.LVIVHPEVTVK.K,/core/www/modules/show_out/show_out_wrapper.php?run_id=110202&search_id=114132&scans_id=110198&peptide_id=12256&scanf=20827&charge=3&value=R.LVIVHPEVTVK.K,GEMIN4,9.014e+6,2.943,0.005,2.324,0.000
20828,2,"  1.328","  0.188",8/14,/core/www/modules//sdig/index.php?run_id=110202&search_id=114132&scans_id=110198&peptide_id=12257&scanf=20828&charge=2&value=8/14,sp|O95239|KIF4A_HUMAN,/core/www/modules//consensus/?run_id=110202&search_id=114132&scans_id=110198&peptide_id=12257&scanf=20828&charge=2&value=sp|O95239|KIF4A_HUMAN,0,/core/www/modules/match_peptides/blast_html4.php?run_id=110202&search_id=114132&scans_id=110198&peptide_id=12257&scanf=20828&charge=2&value=0,R.TFSLTEVR.G,/core/www/modules/show_out/show_out_wrapper.php?run_id=110202&search_id=114132&scans_id=110198&peptide_id=12257&scanf=20828&charge=2&value=R.TFSLTEVR.G,KIF4A,6.538e+6,2.174,0.062,1.209,0.002
20829,2,"  2.684","  0.216",10/16,/core/www/modules//sdig/index.php?run_id=110202&search_id=114132&scans_id=110198&peptide_id=12258&scanf=20829&charge=2&value=10/16,sp|Q9BR76|COR1B_HUMAN,/core/www/modules//consensus/?run_id=110202&search_id=114132&scans_id=110198&peptide_id=12258&scanf=20829&charge=2&value=sp|Q9BR76|COR1B_HUMAN,0,/core/www/modules/match_peptides/blast_html4.php?run_id=110202&search_id=114132&scans_id=110198&peptide_id=12258&scanf=20829&charge=2&value=0,K.LEEVMQELR.A,/core/www/modules/show_out/show_out_wrapper.php?run_id=110202&search_id=114132&scans_id=110198&peptide_id=12258&scanf=20829&charge=2&value=K.LEEVMQELR.A,CORO1B,3.750e+7,2.432,0.027,1.575,0.001
20830,2,"  5.270","  0.684",19/30,/core/www/modules//sdig/index.php?run_id=110202&search_id=114132&scans_id=110198&peptide_id=12260&scanf=20830&charge=2&value=19/30,sp|P05387|RLA2_HUMAN,/core/www/modules//consensus/?run_id=110202&search_id=114132&scans_id=110198&peptide_id=12260&scanf=20830&charge=2&value=sp|P05387|RLA2_HUMAN,0,/core/www/modules/match_peptides/blast_html4.php?run_id=110202&search_id=114132&scans_id=110198&peptide_id=12260&scanf=20830&charge=2&value=0,K.ILDSVGIEADDDRLNK.V,/core/www/modules/show_out/show_out_wrapper.php?run_id=110202&search_id=114132&scans_id=110198&peptide_id=12260&scanf=20830&charge=2&value=K.ILDSVGIEADDDRLNK.V,RPLP2,4.624e+7,3.600,0.001,3.296,0.000
20831,2,"  2.997","  0.388",12/22,/core/www/modules//sdig/index.php?run_id=110202&search_id=114132&scans_id=110198&peptide_id=12261&scanf=20831&charge=2&value=12/22,sp|P21333|FLNA_HUMAN,/core/www/modules//consensus/?run_id=110202&search_id=114132&scans_id=110198&peptide_id=12261&scanf=20831&charge=2&value=sp|P21333|FLNA_HUMAN,2,/core/www/modules/match_peptides/blast_html4.php?run_id=110202&search_id=114132&scans_id=110198&peptide_id=12261&scanf=20831&charge=2&value=2,R.LTVSSLQESGLK.V,/core/www/modules/show_out/show_out_wrapper.php?run_id=110202&search_id=114132&scans_id=110198&peptide_id=12261&scanf=20831&charge=2&value=R.LTVSSLQESGLK.V,FLNA,2.790e+7,2.955,0.005,2.341,0.000
20832,2,"  1.786","  0.326",8/16,/core/www/modules//sdig/index.php?run_id=110202&search_id=114132&scans_id=110198&peptide_id=12262&scanf=20832&charge=2&value=8/16,sp|P29692|EF1D_HUMAN,/core/www/modules//consensus/?run_id=110202&search_id=114132&scans_id=110198&peptide_id=12262&scanf=20832&charge=2&value=sp|P29692|EF1D_HUMAN,6,/core/www/modules/match_peptides/blast_html4.php?run_id=110202&search_id=114132&scans_id=110198&peptide_id=12262&scanf=20832&charge=2&value=6,K.LVPVGYGIR.K,/core/www/modules/show_out/show_out_wrapper.php?run_id=110202&search_id=114132&scans_id=110198&peptide_id=12262&scanf=20832&charge=2&value=K.LVPVGYGIR.K,EEF1D,1.476e+7,2.485,0.022,1.652,0.001
20833,3,"  3.303","  0.564",15/52,/core/www/modules//sdig/index.php?run_id=110202&search_id=114132&scans_id=110198&peptide_id=12263&scanf=20833&charge=3&value=15/52,sp|P11388|TOP2A_HUMAN,/core/www/modules//consensus/?run_id=110202&search_id=114132&scans_id=110198&peptide_id=12263&scanf=20833&charge=3&value=sp|P11388|TOP2A_HUMAN,0,/core/www/modules/match_peptides/blast_html4.php?run_id=110202&search_id=114132&scans_id=110198&peptide_id=12263&scanf=20833&charge=3&value=0,R.SIPSMVDGLKPGQR.K,/core/www/modules/show_out/show_out_wrapper.php?run_id=110202&search_id=114132&scans_id=110198&peptide_id=12263&scanf=20833&charge=3&value=R.SIPSMVDGLKPGQR.K,TOP2A,3.351e+7,3.549,0.001,3.221,0.000
20834,3,"  2.169","  0.274",12/52,/core/www/modules//sdig/index.php?run_id=110202&search_id=114132&scans_id=110198&peptide_id=12264&scanf=20834&charge=3&value=12/52,sp|Q7Z6Z7|HUWE1_HUMAN,/core/www/modules//consensus/?run_id=110202&search_id=114132&scans_id=110198&peptide_id=12264&scanf=20834&charge=3&value=sp|Q7Z6Z7|HUWE1_HUMAN,0,/core/www/modules/match_peptides/blast_html4.php?run_id=110202&search_id=114132&scans_id=110198&peptide_id=12264&scanf=20834&charge=3&value=0,R.EVLQNQLGIRPPTR.T,/core/www/modules/show_out/show_out_wrapper.php?run_id=110202&search_id=114132&scans_id=110198&peptide_id=12264&scanf=20834&charge=3&value=R.EVLQNQLGIRPPTR.T,HUWE1,7.840e+6,2.321,0.038,1.416,0.001
20835,2,"  2.445","  0.454",10/16,/core/www/modules//sdig/index.php?run_id=110202&search_id=114132&scans_id=110198&peptide_id=12265&scanf=20835&charge=2&value=10/16,sp|Q9Y6V7|DDX49_HUMAN,/core/www/modules//consensus/?run_id=110202&search_id=114132&scans_id=110198&peptide_id=12265&scanf=20835&charge=2&value=sp|Q9Y6V7|DDX49_HUMAN,0,/core/www/modules/match_peptides/blast_html4.php?run_id=110202&search_id=114132&scans_id=110198&peptide_id=12265&scanf=20835&charge=2&value=0,R.FLVMDEADR.L,/core/www/modules/show_out/show_out_wrapper.php?run_id=110202&search_id=114132&scans_id=110198&peptide_id=12265&scanf=20835&charge=2&value=R.FLVMDEADR.L,DDX49,1.578e+7,3.060,0.003,2.497,0.000
20838,2,"  2.351","  0.424",11/16,/core/www/modules//sdig/index.php?run_id=110202&search_id=114132&scans_id=110198&peptide_id=12267&scanf=20838&charge=2&value=11/16,sp|P30050|RL12_HUMAN,/core/www/modules//consensus/?run_id=110202&search_id=114132&scans_id=110198&peptide_id=12267&scanf=20838&charge=2&value=sp|P30050|RL12_HUMAN,0,/core/www/modules/match_peptides/blast_html4.php?run_id=110202&search_id=114132&scans_id=110198&peptide_id=12267&scanf=20838&charge=2&value=0,K.IGPLGLSPK.K,/core/www/modules/show_out/show_out_wrapper.php?run_id=110202&search_id=114132&scans_id=110198&peptide_id=12267&scanf=20838&charge=2&value=K.IGPLGLSPK.K,RPL12,4.749e+8,3.183,0.002,2.679,0.000
20839,2,"  3.299","  0.574",12/20,/core/www/modules//sdig/index.php?run_id=110202&search_id=114132&scans_id=110198&peptide_id=12268&scanf=20839&charge=2&value=12/20,sp|Q15149|PLEC_HUMAN,/core/www/modules//consensus/?run_id=110202&search_id=114132&scans_id=110198&peptide_id=12268&scanf=20839&charge=2&value=sp|Q15149|PLEC_HUMAN,5,/core/www/modules/match_peptides/blast_html4.php?run_id=110202&search_id=114132&scans_id=110198&peptide_id=12268&scanf=20839&charge=2&value=5,R.EGLTSIEEVTK.N,/core/www/modules/show_out/show_out_wrapper.php?run_id=110202&search_id=114132&scans_id=110198&peptide_id=12268&scanf=20839&charge=2&value=R.EGLTSIEEVTK.N,PLEC,3.424e+7,3.726,0.000,3.484,0.000
20840,2,"  2.305","  0.470",9/16,/core/www/modules//sdig/index.php?run_id=110202&search_id=114132&scans_id=110198&peptide_id=12270&scanf=20840&charge=2&value=9/16,sp|Q92620|PRP16_HUMAN,/core/www/modules//consensus/?run_id=110202&search_id=114132&scans_id=110198&peptide_id=12270&scanf=20840&charge=2&value=sp|Q92620|PRP16_HUMAN,2,/core/www/modules/match_peptides/blast_html4.php?run_id=110202&search_id=114132&scans_id=110198&peptide_id=12270&scanf=20840&charge=2&value=2,K.GIGEYVNIR.T,/core/www/modules/show_out/show_out_wrapper.php?run_id=110202&search_id=114132&scans_id=110198&peptide_id=12270&scanf=20840&charge=2&value=K.GIGEYVNIR.T,DHX38,1.482e+7,3.181,0.002,2.676,0.000
20841,2,"  2.991","  0.421",10/20,/core/www/modules//sdig/index.php?run_id=110202&search_id=114132&scans_id=110198&peptide_id=12271&scanf=20841&charge=2&value=10/20,sp|Q9UBQ5|EIF3K_HUMAN,/core/www/modules//consensus/?run_id=110202&search_id=114132&scans_id=110198&peptide_id=12271&scanf=20841&charge=2&value=sp|Q9UBQ5|EIF3K_HUMAN,2,/core/www/modules/match_peptides/blast_html4.php?run_id=110202&search_id=114132&scans_id=110198&peptide_id=12271&scanf=20841&charge=2&value=2,R.YNPENLATLER.Y,/core/www/modules/show_out/show_out_wrapper.php?run_id=110202&search_id=114132&scans_id=110198&peptide_id=12271&scanf=20841&charge=2&value=R.YNPENLATLER.Y,EIF3K,2.249e+7,2.767,0.009,2.065,0.000
20842,2,"  2.119","  0.307",9/14,/core/www/modules//sdig/index.php?run_id=110202&search_id=114132&scans_id=110198&peptide_id=12272&scanf=20842&charge=2&value=9/14,sp|Q16352|AINX_HUMAN,/core/www/modules//consensus/?run_id=110202&search_id=114132&scans_id=110198&peptide_id=12272&scanf=20842&charge=2&value=sp|Q16352|AINX_HUMAN,0,/core/www/modules/match_peptides/blast_html4.php?run_id=110202&search_id=114132&scans_id=110198&peptide_id=12272&scanf=20842&charge=2&value=0,R.TIEIEGLR.G,/core/www/modules/show_out/show_out_wrapper.php?run_id=110202&search_id=114132&scans_id=110198&peptide_id=12272&scanf=20842&charge=2&value=R.TIEIEGLR.G,INA,2.819e+7,2.736,0.010,2.018,0.000
20843,3,"  4.481","  0.424",15/52,/core/www/modules//sdig/index.php?run_id=110202&search_id=114132&scans_id=110198&peptide_id=12273&scanf=20843&charge=3&value=15/52,sp|Q8N884|CGAS_HUMAN,/core/www/modules//consensus/?run_id=110202&search_id=114132&scans_id=110198&peptide_id=12273&scanf=20843&charge=3&value=sp|Q8N884|CGAS_HUMAN,1,/core/www/modules/match_peptides/blast_html4.php?run_id=110202&search_id=114132&scans_id=110198&peptide_id=12273&scanf=20843&charge=3&value=1,K.EEINDIKDTDVIMK.R,/core/www/modules/show_out/show_out_wrapper.php?run_id=110202&search_id=114132&scans_id=110198&peptide_id=12273&scanf=20843&charge=3&value=K.EEINDIKDTDVIMK.R,CGAS,2.147e+7,2.745,0.009,2.032,0.000
20846,2,"  2.325","  0.455",11/16,/core/www/modules//sdig/index.php?run_id=110202&search_id=114132&scans_id=110198&peptide_id=12276&scanf=20846&charge=2&value=11/16,sp|O75369|FLNB_HUMAN,/core/www/modules//consensus/?run_id=110202&search_id=114132&scans_id=110198&peptide_id=12276&scanf=20846&charge=2&value=sp|O75369|FLNB_HUMAN,3,/core/www/modules/match_peptides/blast_html4.php?run_id=110202&search_id=114132&scans_id=110198&peptide_id=12276&scanf=20846&charge=2&value=3,K.AGLAPLEVR.V,/core/www/modules/show_out/show_out_wrapper.php?run_id=110202&search_id=114132&scans_id=110198&peptide_id=12276&scanf=20846&charge=2&value=K.AGLAPLEVR.V,FLNB,2.170e+7,3.428,0.001,3.042,0.000
20847,3,"  7.841","  0.772",29/68,/core/www/modules//sdig/index.php?run_id=110202&search_id=114132&scans_id=110198&peptide_id=12277&scanf=20847&charge=3&value=29/68,sp|P56537|IF6_HUMAN,/core/www/modules//consensus/?run_id=110202&search_id=114132&scans_id=110198&peptide_id=12277&scanf=20847&charge=3&value=sp|P56537|IF6_HUMAN,1,/core/www/modules/match_peptides/blast_html4.php?run_id=110202&search_id=114132&scans_id=110198&peptide_id=12277&scanf=20847&charge=3&value=1,R.HGLLVPNNTTDQELQHIR.N,/core/www/modules/show_out/show_out_wrapper.php?run_id=110202&search_id=114132&scans_id=110198&peptide_id=12277&scanf=20847&charge=3&value=R.HGLLVPNNTTDQELQHIR.N,EIF6,2.931e+7,4.393,0.000,4.473,0.000
20848,2,"  1.768","  0.453",7/14,/core/www/modules//sdig/index.php?run_id=110202&search_id=114132&scans_id=110198&peptide_id=12278&scanf=20848&charge=2&value=7/14,sp|Q02880|TOP2B_HUMAN,/core/www/modules//consensus/?run_id=110202&search_id=114132&scans_id=110198&peptide_id=12278&scanf=20848&charge=2&value=sp|Q02880|TOP2B_HUMAN,4,/core/www/modules/match_peptides/blast_html4.php?run_id=110202&search_id=114132&scans_id=110198&peptide_id=12278&scanf=20848&charge=2&value=4,R.SYVDLYVK.D,/core/www/modules/show_out/show_out_wrapper.php?run_id=110202&search_id=114132&scans_id=110198&peptide_id=12278&scanf=20848&charge=2&value=R.SYVDLYVK.D,TOP2B,2.256e+7,3.105,0.003,2.563,0.000
20851,2,"  4.134","  0.515",17/24,/core/www/modules//sdig/index.php?run_id=110202&search_id=114132&scans_id=110198&peptide_id=12282&scanf=20851&charge=2&value=17/24,sp|P45973|CBX5_HUMAN,/core/www/modules//consensus/?run_id=110202&search_id=114132&scans_id=110198&peptide_id=12282&scanf=20851&charge=2&value=sp|P45973|CBX5_HUMAN,0,/core/www/modules/match_peptides/blast_html4.php?run_id=110202&search_id=114132&scans_id=110198&peptide_id=12282&scanf=20851&charge=2&value=0,K.WKDTDEADLVLAK.E,/core/www/modules/show_out/show_out_wrapper.php?run_id=110202&search_id=114132&scans_id=110198&peptide_id=12282&scanf=20851&charge=2&value=K.WKDTDEADLVLAK.E,CBX5,4.144e+7,3.125,0.003,2.593,0.000
20854,2,"  2.266","  0.241",14/20,/core/www/modules//sdig/index.php?run_id=110202&search_id=114132&scans_id=110198&peptide_id=12285&scanf=20854&charge=2&value=14/20,sp|Q9NTJ3|SMC4_HUMAN,/core/www/modules//consensus/?run_id=110202&search_id=114132&scans_id=110198&peptide_id=12285&scanf=20854&charge=2&value=sp|Q9NTJ3|SMC4_HUMAN,1,/core/www/modules/match_peptides/blast_html4.php?run_id=110202&search_id=114132&scans_id=110198&peptide_id=12285&scanf=20854&charge=2&value=1,K.EALIAASETLK.E,/core/www/modules/show_out/show_out_wrapper.php?run_id=110202&search_id=114132&scans_id=110198&peptide_id=12285&scanf=20854&charge=2&value=K.EALIAASETLK.E,SMC4,8.818e+6,2.502,0.021,1.676,0.001
20859,2,"  2.854","  0.507",12/16,/core/www/modules//sdig/index.php?run_id=110202&search_id=114132&scans_id=110198&peptide_id=12289&scanf=20859&charge=2&value=12/16,sp|Q99986|VRK1_HUMAN,/core/www/modules//consensus/?run_id=110202&search_id=114132&scans_id=110198&peptide_id=12289&scanf=20859&charge=2&value=sp|Q99986|VRK1_HUMAN,27,/core/www/modules/match_peptides/blast_html4.php?run_id=110202&search_id=114132&scans_id=110198&peptide_id=12289&scanf=20859&charge=2&value=27,K.ASNLLLNYK.N,/core/www/modules/show_out/show_out_wrapper.php?run_id=110202&search_id=114132&scans_id=110198&peptide_id=12289&scanf=20859&charge=2&value=K.ASNLLLNYK.N,VRK1,3.784e+7,3.591,0.001,3.283,0.000
20861,3,"  1.968","  0.342",11/36,/core/www/modules//sdig/index.php?run_id=110202&search_id=114132&scans_id=110198&peptide_id=12292&scanf=20861&charge=3&value=11/36,sp|P13010|XRCC5_HUMAN,/core/www/modules//consensus/?run_id=110202&search_id=114132&scans_id=110198&peptide_id=12292&scanf=20861&charge=3&value=sp|P13010|XRCC5_HUMAN,0,/core/www/modules/match_peptides/blast_html4.php?run_id=110202&search_id=114132&scans_id=110198&peptide_id=12292&scanf=20861&charge=3&value=0,R.RFFMGNQVLK.V,/core/www/modules/show_out/show_out_wrapper.php?run_id=110202&search_id=114132&scans_id=110198&peptide_id=12292&scanf=20861&charge=3&value=R.RFFMGNQVLK.V,XRCC5,1.352e+7,2.596,0.015,1.814,0.000
20862,2,"  2.466","  0.447",10/20,/core/www/modules//sdig/index.php?run_id=110202&search_id=114132&scans_id=110198&peptide_id=12293&scanf=20862&charge=2&value=10/20,sp|P42696|RBM34_HUMAN,/core/www/modules//consensus/?run_id=110202&search_id=114132&scans_id=110198&peptide_id=12293&scanf=20862&charge=2&value=sp|P42696|RBM34_HUMAN,0,/core/www/modules/match_peptides/blast_html4.php?run_id=110202&search_id=114132&scans_id=110198&peptide_id=12293&scanf=20862&charge=2&value=0,R.SLIPAEGTLSK.K,/core/www/modules/show_out/show_out_wrapper.php?run_id=110202&search_id=114132&scans_id=110198&peptide_id=12293&scanf=20862&charge=2&value=R.SLIPAEGTLSK.K,RBM34,2.356e+7,2.893,0.006,2.250,0.000
20865,2,"  2.850","  0.658",16/24,/core/www/modules//sdig/index.php?run_id=110202&search_id=114132&scans_id=110198&peptide_id=12296&scanf=20865&charge=2&value=16/24,sp|Q9NQC3|RTN4_HUMAN,/core/www/modules//consensus/?run_id=110202&search_id=114132&scans_id=110198&peptide_id=12296&scanf=20865&charge=2&value=sp|Q9NQC3|RTN4_HUMAN,0,/core/www/modules/match_peptides/blast_html4.php?run_id=110202&search_id=114132&scans_id=110198&peptide_id=12296&scanf=20865&charge=2&value=0,R.GPLPAAPPVAPER.Q,/core/www/modules/show_out/show_out_wrapper.php?run_id=110202&search_id=114132&scans_id=110198&peptide_id=12296&scanf=20865&charge=2&value=R.GPLPAAPPVAPER.Q,RTN4,1.993e+8,3.817,0.000,3.617,0.000
20867,2,"  2.667","  0.581",14/24,/core/www/modules//sdig/index.php?run_id=110202&search_id=114132&scans_id=110198&peptide_id=12298&scanf=20867&charge=2&value=14/24,sp|P12956|XRCC6_HUMAN,/core/www/modules//consensus/?run_id=110202&search_id=114132&scans_id=110198&peptide_id=12298&scanf=20867&charge=2&value=sp|P12956|XRCC6_HUMAN,1,/core/www/modules/match_peptides/blast_html4.php?run_id=110202&search_id=114132&scans_id=110198&peptide_id=12298&scanf=20867&charge=2&value=1,K.ELVYPPDYNPEGK.V,/core/www/modules/show_out/show_out_wrapper.php?run_id=110202&search_id=114132&scans_id=110198&peptide_id=12298&scanf=20867&charge=2&value=K.ELVYPPDYNPEGK.V,XRCC6,4.117e+7,3.555,0.001,3.229,0.000
20868,2,"  3.051","  0.595",11/20,/core/www/modules//sdig/index.php?run_id=110202&search_id=114132&scans_id=110198&peptide_id=12299&scanf=20868&charge=2&value=11/20,sp|Q92979|NEP1_HUMAN,/core/www/modules//consensus/?run_id=110202&search_id=114132&scans_id=110198&peptide_id=12299&scanf=20868&charge=2&value=sp|Q92979|NEP1_HUMAN,3,/core/www/modules/match_peptides/blast_html4.php?run_id=110202&search_id=114132&scans_id=110198&peptide_id=12299&scanf=20868&charge=2&value=3,K.NVLIEVNPQTR.I,/core/www/modules/show_out/show_out_wrapper.php?run_id=110202&search_id=114132&scans_id=110198&peptide_id=12299&scanf=20868&charge=2&value=K.NVLIEVNPQTR.I,EMG1,1.753e+7,3.451,0.001,3.076,0.000
20869,3,"  2.790","  0.368",11/60,/core/www/modules//sdig/index.php?run_id=110202&search_id=114132&scans_id=110198&peptide_id=12300&scanf=20869&charge=3&value=11/60,sp|Q56P03|EAPP_HUMAN,/core/www/modules//consensus/?run_id=110202&search_id=114132&scans_id=110198&peptide_id=12300&scanf=20869&charge=3&value=sp|Q56P03|EAPP_HUMAN,1,/core/www/modules/match_peptides/blast_html4.php?run_id=110202&search_id=114132&scans_id=110198&peptide_id=12300&scanf=20869&charge=3&value=1,K.IPTNDELLYDPEKDNR.D,/core/www/modules/show_out/show_out_wrapper.php?run_id=110202&search_id=114132&scans_id=110198&peptide_id=12300&scanf=20869&charge=3&value=K.IPTNDELLYDPEKDNR.D,EAPP,9.657e+6,2.036,0.096,1.020,0.005
20870,2,"  1.534","  0.260",7/14,/core/www/modules//sdig/index.php?run_id=110202&search_id=114132&scans_id=110198&peptide_id=12302&scanf=20870&charge=2&value=7/14,sp|Q2TB10|ZN800_HUMAN,/core/www/modules//consensus/?run_id=110202&search_id=114132&scans_id=110198&peptide_id=12302&scanf=20870&charge=2&value=sp|Q2TB10|ZN800_HUMAN,0,/core/www/modules/match_peptides/blast_html4.php?run_id=110202&search_id=114132&scans_id=110198&peptide_id=12302&scanf=20870&charge=2&value=0,K.NVLVPLSR.S,/core/www/modules/show_out/show_out_wrapper.php?run_id=110202&search_id=114132&scans_id=110198&peptide_id=12302&scanf=20870&charge=2&value=K.NVLVPLSR.S,ZNF800,1.225e+7,2.314,0.039,1.406,0.001
20871,3,"  2.045","  0.277",11/28,/core/www/modules//sdig/index.php?run_id=110202&search_id=114132&scans_id=110198&peptide_id=12303&scanf=20871&charge=3&value=11/28,sp|Q9Y262|EIF3L_HUMAN,/core/www/modules//consensus/?run_id=110202&search_id=114132&scans_id=110198&peptide_id=12303&scanf=20871&charge=3&value=sp|Q9Y262|EIF3L_HUMAN,4,/core/www/modules/match_peptides/blast_html4.php?run_id=110202&search_id=114132&scans_id=110198&peptide_id=12303&scanf=20871&charge=3&value=4,K.NFIQYFHK.T,/core/www/modules/show_out/show_out_wrapper.php?run_id=110202&search_id=114132&scans_id=110198&peptide_id=12303&scanf=20871&charge=3&value=K.NFIQYFHK.T,EIF3L,1.157e+7,2.772,0.008,2.072,0.000
20873,3,"  3.432","  0.500",19/56,/core/www/modules//sdig/index.php?run_id=110202&search_id=114132&scans_id=110198&peptide_id=12305&scanf=20873&charge=3&value=19/56,sp|Q969H8|MYDGF_HUMAN,/core/www/modules//consensus/?run_id=110202&search_id=114132&scans_id=110198&peptide_id=12305&scanf=20873&charge=3&value=sp|Q969H8|MYDGF_HUMAN,2,/core/www/modules/match_peptides/blast_html4.php?run_id=110202&search_id=114132&scans_id=110198&peptide_id=12305&scanf=20873&charge=3&value=2,R.ESDVPLKTEEFEVTK.T,/core/www/modules/show_out/show_out_wrapper.php?run_id=110202&search_id=114132&scans_id=110198&peptide_id=12305&scanf=20873&charge=3&value=R.ESDVPLKTEEFEVTK.T,MYDGF,1.286e+7,2.884,0.006,2.236,0.000
20874,2,"  2.834","  0.468",10/18,/core/www/modules//sdig/index.php?run_id=110202&search_id=114132&scans_id=110198&peptide_id=12306&scanf=20874&charge=2&value=10/18,sp|Q9UNQ2|DIM1_HUMAN,/core/www/modules//consensus/?run_id=110202&search_id=114132&scans_id=110198&peptide_id=12306&scanf=20874&charge=2&value=sp|Q9UNQ2|DIM1_HUMAN,5,/core/www/modules/match_peptides/blast_html4.php?run_id=110202&search_id=114132&scans_id=110198&peptide_id=12306&scanf=20874&charge=2&value=5,K.SSAVQQLLEK.N,/core/www/modules/show_out/show_out_wrapper.php?run_id=110202&search_id=114132&scans_id=110198&peptide_id=12306&scanf=20874&charge=2&value=K.SSAVQQLLEK.N,DIMT1,1.254e+7,3.113,0.003,2.575,0.000
20877,3,"  2.531","  0.280",10/48,/core/www/modules//sdig/index.php?run_id=110202&search_id=114132&scans_id=110198&peptide_id=12309&scanf=20877&charge=3&value=10/48,sp|Q6PK04|CC137_HUMAN,/core/www/modules//consensus/?run_id=110202&search_id=114132&scans_id=110198&peptide_id=12309&scanf=20877&charge=3&value=sp|Q6PK04|CC137_HUMAN,1,/core/www/modules/match_peptides/blast_html4.php?run_id=110202&search_id=114132&scans_id=110198&peptide_id=12309&scanf=20877&charge=3&value=1,R.MQQEAQHVLFLSK.N,/core/www/modules/show_out/show_out_wrapper.php?run_id=110202&search_id=114132&scans_id=110198&peptide_id=12309&scanf=20877&charge=3&value=R.MQQEAQHVLFLSK.N,CCDC137,5.821e+6,2.240,0.050,1.302,0.002
20879,2,"  2.399","  0.515",13/20,/core/www/modules//sdig/index.php?run_id=110202&search_id=114132&scans_id=110198&peptide_id=12310&scanf=20879&charge=2&value=13/20,sp|Q7L014|DDX46_HUMAN,/core/www/modules//consensus/?run_id=110202&search_id=114132&scans_id=110198&peptide_id=12310&scanf=20879&charge=2&value=sp|Q7L014|DDX46_HUMAN,1,/core/www/modules/match_peptides/blast_html4.php?run_id=110202&search_id=114132&scans_id=110198&peptide_id=12310&scanf=20879&charge=2&value=1,R.MIDMLAANSGR.V,/core/www/modules/show_out/show_out_wrapper.php?run_id=110202&search_id=114132&scans_id=110198&peptide_id=12310&scanf=20879&charge=2&value=R.MIDMLAANSGR.V,DDX46,5.109e+7,3.402,0.001,3.002,0.000
20880,3,"  3.877","  0.721",20/76,/core/www/modules//sdig/index.php?run_id=110202&search_id=114132&scans_id=110198&peptide_id=12312&scanf=20880&charge=3&value=20/76,sp|P17980|PRS6A_HUMAN,/core/www/modules//consensus/?run_id=110202&search_id=114132&scans_id=110198&peptide_id=12312&scanf=20880&charge=3&value=sp|P17980|PRS6A_HUMAN,4,/core/www/modules/match_peptides/blast_html4.php?run_id=110202&search_id=114132&scans_id=110198&peptide_id=12312&scanf=20880&charge=3&value=4,K.AMEVDERPTEQYSDIGGLDK.Q,/core/www/modules/show_out/show_out_wrapper.php?run_id=110202&search_id=114132&scans_id=110198&peptide_id=12312&scanf=20880&charge=3&value=K.AMEVDERPTEQYSDIGGLDK.Q,PSMC3,2.007e+7,3.726,0.000,3.484,0.000
20883,3,"  2.588","  0.483",15/40,/core/www/modules//sdig/index.php?run_id=110202&search_id=114132&scans_id=110198&peptide_id=12315&scanf=20883&charge=3&value=15/40,sp|P60709|ACTB_HUMAN,/core/www/modules//consensus/?run_id=110202&search_id=114132&scans_id=110198&peptide_id=12315&scanf=20883&charge=3&value=sp|P60709|ACTB_HUMAN,30,/core/www/modules/match_peptides/blast_html4.php?run_id=110202&search_id=114132&scans_id=110198&peptide_id=12315&scanf=20883&charge=3&value=30,R.AVFPSIVGRPR.H,/core/www/modules/show_out/show_out_wrapper.php?run_id=110202&search_id=114132&scans_id=110198&peptide_id=12315&scanf=20883&charge=3&value=R.AVFPSIVGRPR.H,ACTB,2.381e+8,3.865,0.000,3.689,0.000
20884,2,"  1.240","  0.209",6/16,/core/www/modules//sdig/index.php?run_id=110202&search_id=114132&scans_id=110198&peptide_id=12316&scanf=20884&charge=2&value=6/16,sp|Q8WVM7|STAG1_HUMAN,/core/www/modules//consensus/?run_id=110202&search_id=114132&scans_id=110198&peptide_id=12316&scanf=20884&charge=2&value=sp|Q8WVM7|STAG1_HUMAN,1,/core/www/modules/match_peptides/blast_html4.php?run_id=110202&search_id=114132&scans_id=110198&peptide_id=12316&scanf=20884&charge=2&value=1,K.FLTEQMMER.R,/core/www/modules/show_out/show_out_wrapper.php?run_id=110202&search_id=114132&scans_id=110198&peptide_id=12316&scanf=20884&charge=2&value=K.FLTEQMMER.R,STAG1,1.644e+7,1.920,0.135,0.868,0.007
20885,2,"  1.702","  0.276",7/12,/core/www/modules//sdig/index.php?run_id=110202&search_id=114132&scans_id=110198&peptide_id=12317&scanf=20885&charge=2&value=7/12,sp|Q14839|CHD4_HUMAN,/core/www/modules//consensus/?run_id=110202&search_id=114132&scans_id=110198&peptide_id=12317&scanf=20885&charge=2&value=sp|Q14839|CHD4_HUMAN,15,/core/www/modules/match_peptides/blast_html4.php?run_id=110202&search_id=114132&scans_id=110198&peptide_id=12317&scanf=20885&charge=2&value=15,R.GNFLEIK.N,/core/www/modules/show_out/show_out_wrapper.php?run_id=110202&search_id=114132&scans_id=110198&peptide_id=12317&scanf=20885&charge=2&value=R.GNFLEIK.N,CHD4,3.442e+7,2.697,0.011,1.962,0.000
20887,3,"  2.616","  0.370",14/52,/core/www/modules//sdig/index.php?run_id=110202&search_id=114132&scans_id=110198&peptide_id=12319&scanf=20887&charge=3&value=14/52,sp|P0DMV8|HS71A_HUMAN,/core/www/modules//consensus/?run_id=110202&search_id=114132&scans_id=110198&peptide_id=12319&scanf=20887&charge=3&value=sp|P0DMV8|HS71A_HUMAN,3,/core/www/modules/match_peptides/blast_html4.php?run_id=110202&search_id=114132&scans_id=110198&peptide_id=12319&scanf=20887&charge=3&value=3,K.AQIHDLVLVGGSTR.I,/core/www/modules/show_out/show_out_wrapper.php?run_id=110202&search_id=114132&scans_id=110198&peptide_id=12319&scanf=20887&charge=3&value=K.AQIHDLVLVGGSTR.I,HSPA1A,1.946e+7,2.698,0.011,1.964,0.000
20888,3,"  5.290","  0.656",21/80,/core/www/modules//sdig/index.php?run_id=110202&search_id=114132&scans_id=110198&peptide_id=12320&scanf=20888&charge=3&value=21/80,sp|Q6ZN17|LN28B_HUMAN,/core/www/modules//consensus/?run_id=110202&search_id=114132&scans_id=110198&peptide_id=12320&scanf=20888&charge=3&value=sp|Q6ZN17|LN28B_HUMAN,2,/core/www/modules/match_peptides/blast_html4.php?run_id=110202&search_id=114132&scans_id=110198&peptide_id=12320&scanf=20888&charge=3&value=2,K.GGGEEPGKLPEPAEEESQVLR.G,/core/www/modules/show_out/show_out_wrapper.php?run_id=110202&search_id=114132&scans_id=110198&peptide_id=12320&scanf=20888&charge=3&value=K.GGGEEPGKLPEPAEEESQVLR.G,LIN28B,3.420e+7,3.231,0.002,2.750,0.000
20890,4,"  2.918","  0.165",11/144,/core/www/modules//sdig/index.php?run_id=110202&search_id=114132&scans_id=110198&peptide_id=12323&scanf=20890&charge=4&value=11/144,sp|O95793|STAU1_HUMAN,/core/www/modules//consensus/?run_id=110202&search_id=114132&scans_id=110198&peptide_id=12323&scanf=20890&charge=4&value=sp|O95793|STAU1_HUMAN,1,/core/www/modules/match_peptides/blast_html4.php?run_id=110202&search_id=114132&scans_id=110198&peptide_id=12323&scanf=20890&charge=4&value=1,K.NNISSGHVPHGPLTRPSEQLDYLSR.V,/core/www/modules/show_out/show_out_wrapper.php?run_id=110202&search_id=114132&scans_id=110198&peptide_id=12323&scanf=20890&charge=4&value=K.NNISSGHVPHGPLTRPSEQLDYLSR.V,STAU1,5.757e+6,1.911,0.139,0.857,0.007
20891,2,"  2.395","  0.186",11/18,/core/www/modules//sdig/index.php?run_id=110202&search_id=114132&scans_id=110198&peptide_id=12324&scanf=20891&charge=2&value=11/18,sp|P14868|SYDC_HUMAN,/core/www/modules//consensus/?run_id=110202&search_id=114132&scans_id=110198&peptide_id=12324&scanf=20891&charge=2&value=sp|P14868|SYDC_HUMAN,1,/core/www/modules/match_peptides/blast_html4.php?run_id=110202&search_id=114132&scans_id=110198&peptide_id=12324&scanf=20891&charge=2&value=1,K.QSNSYDMFMR.G,/core/www/modules/show_out/show_out_wrapper.php?run_id=110202&search_id=114132&scans_id=110198&peptide_id=12324&scanf=20891&charge=2&value=K.QSNSYDMFMR.G,DARS1,8.574e+6,2.321,0.038,1.417,0.001
20892,3,"  1.984","  0.266",11/44,/core/www/modules//sdig/index.php?run_id=110202&search_id=114132&scans_id=110198&peptide_id=12325&scanf=20892&charge=3&value=11/44,sp|P38606|VATA_HUMAN,/core/www/modules//consensus/?run_id=110202&search_id=114132&scans_id=110198&peptide_id=12325&scanf=20892&charge=3&value=sp|P38606|VATA_HUMAN,2,/core/www/modules/match_peptides/blast_html4.php?run_id=110202&search_id=114132&scans_id=110198&peptide_id=12325&scanf=20892&charge=3&value=2,R.VGHSELVGEIIR.L,/core/www/modules/show_out/show_out_wrapper.php?run_id=110202&search_id=114132&scans_id=110198&peptide_id=12325&scanf=20892&charge=3&value=R.VGHSELVGEIIR.L,ATP6V1A,8.304e+6,2.217,0.054,1.269,0.002
20893,2,"  1.859","  0.416",8/22,/core/www/modules//sdig/index.php?run_id=110202&search_id=114132&scans_id=110198&peptide_id=12326&scanf=20893&charge=2&value=8/22,sp|O94874|UFL1_HUMAN,/core/www/modules//consensus/?run_id=110202&search_id=114132&scans_id=110198&peptide_id=12326&scanf=20893&charge=2&value=sp|O94874|UFL1_HUMAN,0,/core/www/modules/match_peptides/blast_html4.php?run_id=110202&search_id=114132&scans_id=110198&peptide_id=12326&scanf=20893&charge=2&value=0,K.FFADDTQAALTK.H,/core/www/modules/show_out/show_out_wrapper.php?run_id=110202&search_id=114132&scans_id=110198&peptide_id=12326&scanf=20893&charge=2&value=K.FFADDTQAALTK.H,UFL1,6.904e+7,2.505,0.021,1.681,0.000
20896,2,"  2.857","  0.523",11/20,/core/www/modules//sdig/index.php?run_id=110202&search_id=114132&scans_id=110198&peptide_id=12329&scanf=20896&charge=2&value=11/20,sp|O60216|RAD21_HUMAN,/core/www/modules//consensus/?run_id=110202&search_id=114132&scans_id=110198&peptide_id=12329&scanf=20896&charge=2&value=sp|O60216|RAD21_HUMAN,8,/core/www/modules/match_peptides/blast_html4.php?run_id=110202&search_id=114132&scans_id=110198&peptide_id=12329&scanf=20896&charge=2&value=8,R.TSGHLLLGVVR.I,/core/www/modules/show_out/show_out_wrapper.php?run_id=110202&search_id=114132&scans_id=110198&peptide_id=12329&scanf=20896&charge=2&value=R.TSGHLLLGVVR.I,RAD21,1.730e+7,3.240,0.002,2.763,0.000
20898,3,"  2.789","  0.306",7/40,/core/www/modules//sdig/index.php?run_id=110202&search_id=114132&scans_id=110198&peptide_id=12331&scanf=20898&charge=3&value=7/40,sp|Q6KC79|NIPBL_HUMAN,/core/www/modules//consensus/?run_id=110202&search_id=114132&scans_id=110198&peptide_id=12331&scanf=20898&charge=3&value=sp|Q6KC79|NIPBL_HUMAN,1,/core/www/modules/match_peptides/blast_html4.php?run_id=110202&search_id=114132&scans_id=110198&peptide_id=12331&scanf=20898&charge=3&value=1,K.LWFTPTPHNDK.E,/core/www/modules/show_out/show_out_wrapper.php?run_id=110202&search_id=114132&scans_id=110198&peptide_id=12331&scanf=20898&charge=3&value=K.LWFTPTPHNDK.E,NIPBL,7.137e+6,2.450,0.025,1.602,0.001
20900,3,"  4.752","  0.682",20/56,/core/www/modules//sdig/index.php?run_id=110202&search_id=114132&scans_id=110198&peptide_id=12333&scanf=20900&charge=3&value=20/56,sp|Q15393|SF3B3_HUMAN,/core/www/modules//consensus/?run_id=110202&search_id=114132&scans_id=110198&peptide_id=12333&scanf=20900&charge=3&value=sp|Q15393|SF3B3_HUMAN,0,/core/www/modules/match_peptides/blast_html4.php?run_id=110202&search_id=114132&scans_id=110198&peptide_id=12333&scanf=20900&charge=3&value=0,K.HIANYISGIQTIGHR.V,/core/www/modules/show_out/show_out_wrapper.php?run_id=110202&search_id=114132&scans_id=110198&peptide_id=12333&scanf=20900&charge=3&value=K.HIANYISGIQTIGHR.V,SF3B3,3.301e+7,4.002,0.000,3.892,0.000
20902,3,"  2.345","  0.354",16/44,/core/www/modules//sdig/index.php?run_id=110202&search_id=114132&scans_id=110198&peptide_id=12335&scanf=20902&charge=3&value=16/44,sp|P40938|RFC3_HUMAN,/core/www/modules//consensus/?run_id=110202&search_id=114132&scans_id=110198&peptide_id=12335&scanf=20902&charge=3&value=sp|P40938|RFC3_HUMAN,1,/core/www/modules/match_peptides/blast_html4.php?run_id=110202&search_id=114132&scans_id=110198&peptide_id=12335&scanf=20902&charge=3&value=1,K.EGLNLPSQLAHR.L,/core/www/modules/show_out/show_out_wrapper.php?run_id=110202&search_id=114132&scans_id=110198&peptide_id=12335&scanf=20902&charge=3&value=K.EGLNLPSQLAHR.L,RFC3,3.149e+7,2.845,0.007,2.179,0.000
20904,3,"  3.037","  0.517",14/52,/core/www/modules//sdig/index.php?run_id=110202&search_id=114132&scans_id=110198&peptide_id=12337&scanf=20904&charge=3&value=14/52,sp|Q14240|IF4A2_HUMAN,/core/www/modules//consensus/?run_id=110202&search_id=114132&scans_id=110198&peptide_id=12337&scanf=20904&charge=3&value=sp|Q14240|IF4A2_HUMAN,1,/core/www/modules/match_peptides/blast_html4.php?run_id=110202&search_id=114132&scans_id=110198&peptide_id=12337&scanf=20904&charge=3&value=1,R.DFTVSALHGDMDQK.E,/core/www/modules/show_out/show_out_wrapper.php?run_id=110202&search_id=114132&scans_id=110198&peptide_id=12337&scanf=20904&charge=3&value=R.DFTVSALHGDMDQK.E,EIF4A2,2.081e+7,3.178,0.002,2.671,0.000
20905,2,"  2.647","  0.481",12/22,/core/www/modules//sdig/index.php?run_id=110202&search_id=114132&scans_id=110198&peptide_id=12338&scanf=20905&charge=2&value=12/22,sp|P63104|1433Z_HUMAN,/core/www/modules//consensus/?run_id=110202&search_id=114132&scans_id=110198&peptide_id=12338&scanf=20905&charge=2&value=sp|P63104|1433Z_HUMAN,3,/core/www/modules/match_peptides/blast_html4.php?run_id=110202&search_id=114132&scans_id=110198&peptide_id=12338&scanf=20905&charge=2&value=3,K.FLIPNASQAESK.V,/core/www/modules/show_out/show_out_wrapper.php?run_id=110202&search_id=114132&scans_id=110198&peptide_id=12338&scanf=20905&charge=2&value=K.FLIPNASQAESK.V,YWHAZ,6.702e+7,3.061,0.003,2.498,0.000
20907,2,"  3.945","  0.569",18/26,/core/www/modules//sdig/index.php?run_id=110202&search_id=114132&scans_id=110198&peptide_id=12340&scanf=20907&charge=2&value=18/26,sp|P09661|RU2A_HUMAN,/core/www/modules//consensus/?run_id=110202&search_id=114132&scans_id=110198&peptide_id=12340&scanf=20907&charge=2&value=sp|P09661|RU2A_HUMAN,2,/core/www/modules/match_peptides/blast_html4.php?run_id=110202&search_id=114132&scans_id=110198&peptide_id=12340&scanf=20907&charge=2&value=2,K.NAIANASTLAEVER.L,/core/www/modules/show_out/show_out_wrapper.php?run_id=110202&search_id=114132&scans_id=110198&peptide_id=12340&scanf=20907&charge=2&value=K.NAIANASTLAEVER.L,SNRPA1,2.408e+7,3.503,0.001,3.152,0.000
20909,2,"  1.337","  0.174",6/14,/core/www/modules//sdig/index.php?run_id=110202&search_id=114132&scans_id=110198&peptide_id=12342&scanf=20909&charge=2&value=6/14,sp|Q9NX58|LYAR_HUMAN,/core/www/modules//consensus/?run_id=110202&search_id=114132&scans_id=110198&peptide_id=12342&scanf=20909&charge=2&value=sp|Q9NX58|LYAR_HUMAN,1,/core/www/modules/match_peptides/blast_html4.php?run_id=110202&search_id=114132&scans_id=110198&peptide_id=12342&scanf=20909&charge=2&value=1,K.DFWGDDYK.N,/core/www/modules/show_out/show_out_wrapper.php?run_id=110202&search_id=114132&scans_id=110198&peptide_id=12342&scanf=20909&charge=2&value=K.DFWGDDYK.N,LYAR,1.150e+7,1.994,0.109,0.964,0.005
20911,2,"  1.747","  0.120",7/12,/core/www/modules//sdig/index.php?run_id=110202&search_id=114132&scans_id=110198&peptide_id=12345&scanf=20911&charge=2&value=7/12,sp|Q96G03|PGM2_HUMAN,/core/www/modules//consensus/?run_id=110202&search_id=114132&scans_id=110198&peptide_id=12345&scanf=20911&charge=2&value=sp|Q96G03|PGM2_HUMAN,0,/core/www/modules/match_peptides/blast_html4.php?run_id=110202&search_id=114132&scans_id=110198&peptide_id=12345&scanf=20911&charge=2&value=0,K.FEISAIR.D,/core/www/modules/show_out/show_out_wrapper.php?run_id=110202&search_id=114132&scans_id=110198&peptide_id=12345&scanf=20911&charge=2&value=K.FEISAIR.D,PGM2,4.907e+7,2.048,0.092,1.037,0.004
20915,2,"  1.617","  0.148",11/16,/core/www/modules//sdig/index.php?run_id=110202&search_id=114132&scans_id=110198&peptide_id=12349&scanf=20915&charge=2&value=11/16,sp|Q9P287|BCCIP_HUMAN,/core/www/modules//consensus/?run_id=110202&search_id=114132&scans_id=110198&peptide_id=12349&scanf=20915&charge=2&value=sp|Q9P287|BCCIP_HUMAN,0,/core/www/modules/match_peptides/blast_html4.php?run_id=110202&search_id=114132&scans_id=110198&peptide_id=12349&scanf=20915&charge=2&value=0,R.TVMLIPGDK.M,/core/www/modules/show_out/show_out_wrapper.php?run_id=110202&search_id=114132&scans_id=110198&peptide_id=12349&scanf=20915&charge=2&value=R.TVMLIPGDK.M,BCCIP,2.194e+7,2.146,0.067,1.171,0.002
20917,2,"  2.549","  0.462",9/16,/core/www/modules//sdig/index.php?run_id=110202&search_id=114132&scans_id=110198&peptide_id=12351&scanf=20917&charge=2&value=9/16,sp|Q9BY44|EIF2A_HUMAN,/core/www/modules//consensus/?run_id=110202&search_id=114132&scans_id=110198&peptide_id=12351&scanf=20917&charge=2&value=sp|Q9BY44|EIF2A_HUMAN,2,/core/www/modules/match_peptides/blast_html4.php?run_id=110202&search_id=114132&scans_id=110198&peptide_id=12351&scanf=20917&charge=2&value=2,R.GQMEVWDVK.N,/core/www/modules/show_out/show_out_wrapper.php?run_id=110202&search_id=114132&scans_id=110198&peptide_id=12351&scanf=20917&charge=2&value=R.GQMEVWDVK.N,EIF2A,8.665e+6,3.101,0.003,2.557,0.000
20919,2,"  3.621","  0.641",18/26,/core/www/modules//sdig/index.php?run_id=110202&search_id=114132&scans_id=110198&peptide_id=12353&scanf=20919&charge=2&value=18/26,sp|P14625|ENPL_HUMAN,/core/www/modules//consensus/?run_id=110202&search_id=114132&scans_id=110198&peptide_id=12353&scanf=20919&charge=2&value=sp|P14625|ENPL_HUMAN,10,/core/www/modules/match_peptides/blast_html4.php?run_id=110202&search_id=114132&scans_id=110198&peptide_id=12353&scanf=20919&charge=2&value=10,K.NLLHVTDTGVGMTR.E,/core/www/modules/show_out/show_out_wrapper.php?run_id=110202&search_id=114132&scans_id=110198&peptide_id=12353&scanf=20919&charge=2&value=K.NLLHVTDTGVGMTR.E,HSP90B1,3.039e+7,3.908,0.000,3.753,0.000
20921,2,"  2.001","  0.492",10/14,/core/www/modules//sdig/index.php?run_id=110202&search_id=114132&scans_id=110198&peptide_id=12355&scanf=20921&charge=2&value=10/14,sp|P60842|IF4A1_HUMAN,/core/www/modules//consensus/?run_id=110202&search_id=114132&scans_id=110198&peptide_id=12355&scanf=20921&charge=2&value=sp|P60842|IF4A1_HUMAN,8,/core/www/modules/match_peptides/blast_html4.php?run_id=110202&search_id=114132&scans_id=110198&peptide_id=12355&scanf=20921&charge=2&value=8,R.QFYINVER.E,/core/www/modules/show_out/show_out_wrapper.php?run_id=110202&search_id=114132&scans_id=110198&peptide_id=12355&scanf=20921&charge=2&value=R.QFYINVER.E,EIF4A1,9.293e+7,3.481,0.001,3.120,0.000
20922,3,"  2.402","  0.219",15/44,/core/www/modules//sdig/index.php?run_id=110202&search_id=114132&scans_id=110198&peptide_id=12356&scanf=20922&charge=3&value=15/44,sp|P11387|TOP1_HUMAN,/core/www/modules//consensus/?run_id=110202&search_id=114132&scans_id=110198&peptide_id=12356&scanf=20922&charge=3&value=sp|P11387|TOP1_HUMAN,0,/core/www/modules/match_peptides/blast_html4.php?run_id=110202&search_id=114132&scans_id=110198&peptide_id=12356&scanf=20922&charge=3&value=0,K.WWEEERYPEGIK.W,/core/www/modules/show_out/show_out_wrapper.php?run_id=110202&search_id=114132&scans_id=110198&peptide_id=12356&scanf=20922&charge=3&value=K.WWEEERYPEGIK.W,TOP1,6.079e+7,2.054,0.090,1.045,0.004
20926,2,"  3.071","  0.535",12/20,/core/www/modules//sdig/index.php?run_id=110202&search_id=114132&scans_id=110198&peptide_id=12360&scanf=20926&charge=2&value=12/20,sp|P62826|RAN_HUMAN,/core/www/modules//consensus/?run_id=110202&search_id=114132&scans_id=110198&peptide_id=12360&scanf=20926&charge=2&value=sp|P62826|RAN_HUMAN,4,/core/www/modules/match_peptides/blast_html4.php?run_id=110202&search_id=114132&scans_id=110198&peptide_id=12360&scanf=20926&charge=2&value=4,K.FNVWDTAGQEK.F,/core/www/modules/show_out/show_out_wrapper.php?run_id=110202&search_id=114132&scans_id=110198&peptide_id=12360&scanf=20926&charge=2&value=K.FNVWDTAGQEK.F,RAN,8.505e+7,3.372,0.001,2.958,0.000
20927,2,"  2.326","  0.447",8/16,/core/www/modules//sdig/index.php?run_id=110202&search_id=114132&scans_id=110198&peptide_id=12361&scanf=20927&charge=2&value=8/16,sp|P39019|RS19_HUMAN,/core/www/modules//consensus/?run_id=110202&search_id=114132&scans_id=110198&peptide_id=12361&scanf=20927&charge=2&value=sp|P39019|RS19_HUMAN,3,/core/www/modules/match_peptides/blast_html4.php?run_id=110202&search_id=114132&scans_id=110198&peptide_id=12361&scanf=20927&charge=2&value=3,K.VPEWVDTVK.L,/core/www/modules/show_out/show_out_wrapper.php?run_id=110202&search_id=114132&scans_id=110198&peptide_id=12361&scanf=20927&charge=2&value=K.VPEWVDTVK.L,RPS19,4.950e+7,2.974,0.004,2.369,0.000
20931,2,"  3.077","  0.001",13/24,/core/www/modules//sdig/index.php?run_id=110202&search_id=114132&scans_id=110198&peptide_id=12366&scanf=20931&charge=2&value=13/24,sp|P78527|PRKDC_HUMAN,/core/www/modules//consensus/?run_id=110202&search_id=114132&scans_id=110198&peptide_id=12366&scanf=20931&charge=2&value=sp|P78527|PRKDC_HUMAN,0,/core/www/modules/match_peptides/blast_html4.php?run_id=110202&search_id=114132&scans_id=110198&peptide_id=12366&scanf=20931&charge=2&value=0,K.NLLTVTSSDEMM*K.S,/core/www/modules/show_out/show_out_wrapper.php?run_id=110202&search_id=114132&scans_id=110198&peptide_id=12366&scanf=20931&charge=2&value=K.NLLTVTSSDEMM*K.S,PRKDC,9.823e+6,3.713,0.000,3.463,0.000
20932,3,"  3.268","  0.521",14/72,/core/www/modules//sdig/index.php?run_id=110202&search_id=114132&scans_id=110198&peptide_id=12367&scanf=20932&charge=3&value=14/72,sp|Q9NU22|MDN1_HUMAN,/core/www/modules//consensus/?run_id=110202&search_id=114132&scans_id=110198&peptide_id=12367&scanf=20932&charge=3&value=sp|Q9NU22|MDN1_HUMAN,0,/core/www/modules/match_peptides/blast_html4.php?run_id=110202&search_id=114132&scans_id=110198&peptide_id=12367&scanf=20932&charge=3&value=0,K.SDIKGEDNAIEMSEDFDGK.M,/core/www/modules/show_out/show_out_wrapper.php?run_id=110202&search_id=114132&scans_id=110198&peptide_id=12367&scanf=20932&charge=3&value=K.SDIKGEDNAIEMSEDFDGK.M,MDN1,5.319e+6,2.898,0.006,2.258,0.000
20936,2,"  1.959","  0.284",7/12,/core/www/modules//sdig/index.php?run_id=110202&search_id=114132&scans_id=110198&peptide_id=12371&scanf=20936&charge=2&value=7/12,sp|Q9HAV4|XPO5_HUMAN,/core/www/modules//consensus/?run_id=110202&search_id=114132&scans_id=110198&peptide_id=12371&scanf=20936&charge=2&value=sp|Q9HAV4|XPO5_HUMAN,0,/core/www/modules/match_peptides/blast_html4.php?run_id=110202&search_id=114132&scans_id=110198&peptide_id=12371&scanf=20936&charge=2&value=0,R.IVVEMIK.R,/core/www/modules/show_out/show_out_wrapper.php?run_id=110202&search_id=114132&scans_id=110198&peptide_id=12371&scanf=20936&charge=2&value=R.IVVEMIK.R,XPO5,8.919e+6,2.626,0.014,1.858,0.000
20937,2,"  2.697","  0.446",9/16,/core/www/modules//sdig/index.php?run_id=110202&search_id=114132&scans_id=110198&peptide_id=12372&scanf=20937&charge=2&value=9/16,sp|Q02790|FKBP4_HUMAN,/core/www/modules//consensus/?run_id=110202&search_id=114132&scans_id=110198&peptide_id=12372&scanf=20937&charge=2&value=sp|Q02790|FKBP4_HUMAN,1,/core/www/modules/match_peptides/blast_html4.php?run_id=110202&search_id=114132&scans_id=110198&peptide_id=12372&scanf=20937&charge=2&value=1,K.DKFSFDLGK.G,/core/www/modules/show_out/show_out_wrapper.php?run_id=110202&search_id=114132&scans_id=110198&peptide_id=12372&scanf=20937&charge=2&value=K.DKFSFDLGK.G,FKBP4,8.070e+6,2.681,0.012,1.938,0.000
20938,2,"  1.815","  0.292",10/14,/core/www/modules//sdig/index.php?run_id=110202&search_id=114132&scans_id=110198&peptide_id=12373&scanf=20938&charge=2&value=10/14,sp|O00148|DX39A_HUMAN,/core/www/modules//consensus/?run_id=110202&search_id=114132&scans_id=110198&peptide_id=12373&scanf=20938&charge=2&value=sp|O00148|DX39A_HUMAN,21,/core/www/modules/match_peptides/blast_html4.php?run_id=110202&search_id=114132&scans_id=110198&peptide_id=12373&scanf=20938&charge=2&value=21,R.ELAFQISK.E,/core/www/modules/show_out/show_out_wrapper.php?run_id=110202&search_id=114132&scans_id=110198&peptide_id=12373&scanf=20938&charge=2&value=R.ELAFQISK.E,DDX39A,3.785e+8,2.882,0.006,2.235,0.000
20939,2,"  4.261","  0.587",18/30,/core/www/modules//sdig/index.php?run_id=110202&search_id=114132&scans_id=110198&peptide_id=12374&scanf=20939&charge=2&value=18/30,sp|O75369|FLNB_HUMAN,/core/www/modules//consensus/?run_id=110202&search_id=114132&scans_id=110198&peptide_id=12374&scanf=20939&charge=2&value=sp|O75369|FLNB_HUMAN,4,/core/www/modules/match_peptides/blast_html4.php?run_id=110202&search_id=114132&scans_id=110198&peptide_id=12374&scanf=20939&charge=2&value=4,R.EAGAGGLSIAVEGPSK.A,/core/www/modules/show_out/show_out_wrapper.php?run_id=110202&search_id=114132&scans_id=110198&peptide_id=12374&scanf=20939&charge=2&value=R.EAGAGGLSIAVEGPSK.A,FLNB,1.377e+7,3.577,0.001,3.262,0.000
20944,2,"  1.511","  0.316",6/16,/core/www/modules//sdig/index.php?run_id=110202&search_id=114132&scans_id=110198&peptide_id=12379&scanf=20944&charge=2&value=6/16,sp|P61254|RL26_HUMAN,/core/www/modules//consensus/?run_id=110202&search_id=114132&scans_id=110198&peptide_id=12379&scanf=20944&charge=2&value=sp|P61254|RL26_HUMAN,8,/core/www/modules/match_peptides/blast_html4.php?run_id=110202&search_id=114132&scans_id=110198&peptide_id=12379&scanf=20944&charge=2&value=8,K.FNPFVTSDR.S,/core/www/modules/show_out/show_out_wrapper.php?run_id=110202&search_id=114132&scans_id=110198&peptide_id=12379&scanf=20944&charge=2&value=K.FNPFVTSDR.S,RPL26,6.255e+7,2.290,0.043,1.372,0.001
20945,2,"  2.361","  0.479",10/16,/core/www/modules//sdig/index.php?run_id=110202&search_id=114132&scans_id=110198&peptide_id=12380&scanf=20945&charge=2&value=10/16,sp|O76094|SRP72_HUMAN,/core/www/modules//consensus/?run_id=110202&search_id=114132&scans_id=110198&peptide_id=12380&scanf=20945&charge=2&value=sp|O76094|SRP72_HUMAN,2,/core/www/modules/match_peptides/blast_html4.php?run_id=110202&search_id=114132&scans_id=110198&peptide_id=12380&scanf=20945&charge=2&value=2,K.ELYGQVLYR.L,/core/www/modules/show_out/show_out_wrapper.php?run_id=110202&search_id=114132&scans_id=110198&peptide_id=12380&scanf=20945&charge=2&value=K.ELYGQVLYR.L,SRP72,1.435e+7,3.258,0.002,2.790,0.000
20946,2,"  2.502","  0.210",10/18,/core/www/modules//sdig/index.php?run_id=110202&search_id=114132&scans_id=110198&peptide_id=12381&scanf=20946&charge=2&value=10/18,sp|P51991|ROA3_HUMAN,/core/www/modules//consensus/?run_id=110202&search_id=114132&scans_id=110198&peptide_id=12381&scanf=20946&charge=2&value=sp|P51991|ROA3_HUMAN,5,/core/www/modules/match_peptides/blast_html4.php?run_id=110202&search_id=114132&scans_id=110198&peptide_id=12381&scanf=20946&charge=2&value=5,K.IETIEVM*EDR.Q,/core/www/modules/show_out/show_out_wrapper.php?run_id=110202&search_id=114132&scans_id=110198&peptide_id=12381&scanf=20946&charge=2&value=K.IETIEVM*EDR.Q,HNRNPA3,1.322e+7,2.264,0.046,1.335,0.002
20947,2,"  1.752","  0.285",8/16,/core/www/modules//sdig/index.php?run_id=110202&search_id=114132&scans_id=110198&peptide_id=12382&scanf=20947&charge=2&value=8/16,sp|P55786|PSA_HUMAN,/core/www/modules//consensus/?run_id=110202&search_id=114132&scans_id=110198&peptide_id=12382&scanf=20947&charge=2&value=sp|P55786|PSA_HUMAN,4,/core/www/modules/match_peptides/blast_html4.php?run_id=110202&search_id=114132&scans_id=110198&peptide_id=12382&scanf=20947&charge=2&value=4,R.YQGGFLISR.L,/core/www/modules/show_out/show_out_wrapper.php?run_id=110202&search_id=114132&scans_id=110198&peptide_id=12382&scanf=20947&charge=2&value=R.YQGGFLISR.L,NPEPPS,1.280e+7,2.455,0.025,1.609,0.001
20949,2,"  2.619","  0.569",11/20,/core/www/modules//sdig/index.php?run_id=110202&search_id=114132&scans_id=110198&peptide_id=12384&scanf=20949&charge=2&value=11/20,sp|Q99613|EIF3C_HUMAN,/core/www/modules//consensus/?run_id=110202&search_id=114132&scans_id=110198&peptide_id=12384&scanf=20949&charge=2&value=sp|Q99613|EIF3C_HUMAN,1,/core/www/modules/match_peptides/blast_html4.php?run_id=110202&search_id=114132&scans_id=110198&peptide_id=12384&scanf=20949&charge=2&value=1,R.QPLLGPPESMR.E,/core/www/modules/show_out/show_out_wrapper.php?run_id=110202&search_id=114132&scans_id=110198&peptide_id=12384&scanf=20949&charge=2&value=R.QPLLGPPESMR.E,EIF3C,1.324e+7,3.401,0.001,3.001,0.000
20951,2,"  1.918","  0.113",9/16,/core/www/modules//sdig/index.php?run_id=110202&search_id=114132&scans_id=110198&peptide_id=12386&scanf=20951&charge=2&value=9/16,sp|Q9UIF9|BAZ2A_HUMAN,/core/www/modules//consensus/?run_id=110202&search_id=114132&scans_id=110198&peptide_id=12386&scanf=20951&charge=2&value=sp|Q9UIF9|BAZ2A_HUMAN,2,/core/www/modules/match_peptides/blast_html4.php?run_id=110202&search_id=114132&scans_id=110198&peptide_id=12386&scanf=20951&charge=2&value=2,R.QQMILEEMK.K,/core/www/modules/show_out/show_out_wrapper.php?run_id=110202&search_id=114132&scans_id=110198&peptide_id=12386&scanf=20951&charge=2&value=R.QQMILEEMK.K,BAZ2A,1.088e+7,1.837,0.172,0.763,0.009
20952,2,"  3.646","  0.566",18/22,/core/www/modules//sdig/index.php?run_id=110202&search_id=114132&scans_id=110198&peptide_id=12387&scanf=20952&charge=2&value=18/22,sp|Q13330|MTA1_HUMAN,/core/www/modules//consensus/?run_id=110202&search_id=114132&scans_id=110198&peptide_id=12387&scanf=20952&charge=2&value=sp|Q13330|MTA1_HUMAN,3,/core/www/modules/match_peptides/blast_html4.php?run_id=110202&search_id=114132&scans_id=110198&peptide_id=12387&scanf=20952&charge=2&value=3,R.HPYLPINSAAIK.A,/core/www/modules/show_out/show_out_wrapper.php?run_id=110202&search_id=114132&scans_id=110198&peptide_id=12387&scanf=20952&charge=2&value=R.HPYLPINSAAIK.A,MTA1,1.414e+7,3.828,0.000,3.635,0.000
20956,2,"  2.900","  0.570",12/20,/core/www/modules//sdig/index.php?run_id=110202&search_id=114132&scans_id=110198&peptide_id=12391&scanf=20956&charge=2&value=12/20,sp|P82650|RT22_HUMAN,/core/www/modules//consensus/?run_id=110202&search_id=114132&scans_id=110198&peptide_id=12391&scanf=20956&charge=2&value=sp|P82650|RT22_HUMAN,9,/core/www/modules/match_peptides/blast_html4.php?run_id=110202&search_id=114132&scans_id=110198&peptide_id=12391&scanf=20956&charge=2&value=9,R.VPINDVLAEDK.I,/core/www/modules/show_out/show_out_wrapper.php?run_id=110202&search_id=114132&scans_id=110198&peptide_id=12391&scanf=20956&charge=2&value=R.VPINDVLAEDK.I,MRPS22,7.792e+6,3.451,0.001,3.076,0.000
20960,2,"  2.896","  0.594",12/20,/core/www/modules//sdig/index.php?run_id=110202&search_id=114132&scans_id=110198&peptide_id=12396&scanf=20960&charge=2&value=12/20,sp|O00571|DDX3X_HUMAN,/core/www/modules//consensus/?run_id=110202&search_id=114132&scans_id=110198&peptide_id=12396&scanf=20960&charge=2&value=sp|O00571|DDX3X_HUMAN,27,/core/www/modules/match_peptides/blast_html4.php?run_id=110202&search_id=114132&scans_id=110198&peptide_id=12396&scanf=20960&charge=2&value=27,R.M*LDM*GFEPQIR.R,/core/www/modules/show_out/show_out_wrapper.php?run_id=110202&search_id=114132&scans_id=110198&peptide_id=12396&scanf=20960&charge=2&value=R.M*LDM*GFEPQIR.R,DDX3X,8.356e+6,3.652,0.000,3.374,0.000
20963,2,"  3.500","  0.583",14/22,/core/www/modules//sdig/index.php?run_id=110202&search_id=114132&scans_id=110198&peptide_id=12398&scanf=20963&charge=2&value=14/22,sp|Q92878|RAD50_HUMAN,/core/www/modules//consensus/?run_id=110202&search_id=114132&scans_id=110198&peptide_id=12398&scanf=20963&charge=2&value=sp|Q92878|RAD50_HUMAN,7,/core/www/modules/match_peptides/blast_html4.php?run_id=110202&search_id=114132&scans_id=110198&peptide_id=12398&scanf=20963&charge=2&value=7,K.TANQLMNDFAEK.E,/core/www/modules/show_out/show_out_wrapper.php?run_id=110202&search_id=114132&scans_id=110198&peptide_id=12398&scanf=20963&charge=2&value=K.TANQLMNDFAEK.E,RAD50,2.402e+7,3.618,0.000,3.323,0.000
20964,2,"  1.867","  0.281",8/14,/core/www/modules//sdig/index.php?run_id=110202&search_id=114132&scans_id=110198&peptide_id=12399&scanf=20964&charge=2&value=8/14,sp|P62249|RS16_HUMAN,/core/www/modules//consensus/?run_id=110202&search_id=114132&scans_id=110198&peptide_id=12399&scanf=20964&charge=2&value=sp|P62249|RS16_HUMAN,1,/core/www/modules/match_peptides/blast_html4.php?run_id=110202&search_id=114132&scans_id=110198&peptide_id=12399&scanf=20964&charge=2&value=1,K.DILIQYDR.T,/core/www/modules/show_out/show_out_wrapper.php?run_id=110202&search_id=114132&scans_id=110198&peptide_id=12399&scanf=20964&charge=2&value=K.DILIQYDR.T,RPS16,1.285e+8,2.462,0.024,1.619,0.001
20967,3,"  2.775","  0.570",14/44,/core/www/modules//sdig/index.php?run_id=110202&search_id=114132&scans_id=110198&peptide_id=12402&scanf=20967&charge=3&value=14/44,sp|Q8NFW8|NEUA_HUMAN,/core/www/modules//consensus/?run_id=110202&search_id=114132&scans_id=110198&peptide_id=12402&scanf=20967&charge=3&value=sp|Q8NFW8|NEUA_HUMAN,1,/core/www/modules/match_peptides/blast_html4.php?run_id=110202&search_id=114132&scans_id=110198&peptide_id=12402&scanf=20967&charge=3&value=1,R.HLIEMGYLQGGK.M,/core/www/modules/show_out/show_out_wrapper.php?run_id=110202&search_id=114132&scans_id=110198&peptide_id=12402&scanf=20967&charge=3&value=R.HLIEMGYLQGGK.M,CMAS,1.219e+7,3.528,0.001,3.189,0.000
20969,2,"  2.006","  0.147",9/12,/core/www/modules//sdig/index.php?run_id=110202&search_id=114132&scans_id=110198&peptide_id=12404&scanf=20969&charge=2&value=9/12,sp|Q9NU22|MDN1_HUMAN,/core/www/modules//consensus/?run_id=110202&search_id=114132&scans_id=110198&peptide_id=12404&scanf=20969&charge=2&value=sp|Q9NU22|MDN1_HUMAN,0,/core/www/modules/match_peptides/blast_html4.php?run_id=110202&search_id=114132&scans_id=110198&peptide_id=12404&scanf=20969&charge=2&value=0,K.QGFITLR.D,/core/www/modules/show_out/show_out_wrapper.php?run_id=110202&search_id=114132&scans_id=110198&peptide_id=12404&scanf=20969&charge=2&value=K.QGFITLR.D,MDN1,1.620e+7,2.613,0.014,1.839,0.000
20970,2,"  2.931","  0.480",12/24,/core/www/modules//sdig/index.php?run_id=110202&search_id=114132&scans_id=110198&peptide_id=12406&scanf=20970&charge=2&value=12/24,sp|Q14315|FLNC_HUMAN,/core/www/modules//consensus/?run_id=110202&search_id=114132&scans_id=110198&peptide_id=12406&scanf=20970&charge=2&value=sp|Q14315|FLNC_HUMAN,0,/core/www/modules/match_peptides/blast_html4.php?run_id=110202&search_id=114132&scans_id=110198&peptide_id=12406&scanf=20970&charge=2&value=0,K.ILVGPSEIGDASK.V,/core/www/modules/show_out/show_out_wrapper.php?run_id=110202&search_id=114132&scans_id=110198&peptide_id=12406&scanf=20970&charge=2&value=K.ILVGPSEIGDASK.V,FLNC,1.009e+7,3.104,0.003,2.562,0.000
20971,3,"  3.670","  0.372",14/52,/core/www/modules//sdig/index.php?run_id=110202&search_id=114132&scans_id=110198&peptide_id=12407&scanf=20971&charge=3&value=14/52,sp|P33992|MCM5_HUMAN,/core/www/modules//consensus/?run_id=110202&search_id=114132&scans_id=110198&peptide_id=12407&scanf=20971&charge=3&value=sp|P33992|MCM5_HUMAN,1,/core/www/modules/match_peptides/blast_html4.php?run_id=110202&search_id=114132&scans_id=110198&peptide_id=12407&scanf=20971&charge=3&value=1,K.QPAEHLQLLEEAAK.E,/core/www/modules/show_out/show_out_wrapper.php?run_id=110202&search_id=114132&scans_id=110198&peptide_id=12407&scanf=20971&charge=3&value=K.QPAEHLQLLEEAAK.E,MCM5,1.842e+7,2.737,0.010,2.021,0.000
20972,2,"  2.825","  0.377",12/20,/core/www/modules//sdig/index.php?run_id=110202&search_id=114132&scans_id=110198&peptide_id=12408&scanf=20972&charge=2&value=12/20,sp|P51149|RAB7A_HUMAN,/core/www/modules//consensus/?run_id=110202&search_id=114132&scans_id=110198&peptide_id=12408&scanf=20972&charge=2&value=sp|P51149|RAB7A_HUMAN,8,/core/www/modules/match_peptides/blast_html4.php?run_id=110202&search_id=114132&scans_id=110198&peptide_id=12408&scanf=20972&charge=2&value=8,K.VIILGDSGVGK.T,/core/www/modules/show_out/show_out_wrapper.php?run_id=110202&search_id=114132&scans_id=110198&peptide_id=12408&scanf=20972&charge=2&value=K.VIILGDSGVGK.T,RAB7A,3.430e+7,2.854,0.006,2.193,0.000
20973,2,"  4.276","  0.654",17/30,/core/www/modules//sdig/index.php?run_id=110202&search_id=114132&scans_id=110198&peptide_id=12409&scanf=20973&charge=2&value=17/30,sp|P07195|LDHB_HUMAN,/core/www/modules//consensus/?run_id=110202&search_id=114132&scans_id=110198&peptide_id=12409&scanf=20973&charge=2&value=sp|P07195|LDHB_HUMAN,5,/core/www/modules/match_peptides/blast_html4.php?run_id=110202&search_id=114132&scans_id=110198&peptide_id=12409&scanf=20973&charge=2&value=5,K.LIAPVAEEEATVPNNK.I,/core/www/modules/show_out/show_out_wrapper.php?run_id=110202&search_id=114132&scans_id=110198&peptide_id=12409&scanf=20973&charge=2&value=K.LIAPVAEEEATVPNNK.I,LDHB,8.850e+6,3.591,0.001,3.283,0.000
20975,2,"  1.605","  0.310",8/14,/core/www/modules//sdig/index.php?run_id=110202&search_id=114132&scans_id=110198&peptide_id=12411&scanf=20975&charge=2&value=8/14,sp|Q13895|BYST_HUMAN,/core/www/modules//consensus/?run_id=110202&search_id=114132&scans_id=110198&peptide_id=12411&scanf=20975&charge=2&value=sp|Q13895|BYST_HUMAN,2,/core/www/modules/match_peptides/blast_html4.php?run_id=110202&search_id=114132&scans_id=110198&peptide_id=12411&scanf=20975&charge=2&value=2,R.AIEMFMNK.N,/core/www/modules/show_out/show_out_wrapper.php?run_id=110202&search_id=114132&scans_id=110198&peptide_id=12411&scanf=20975&charge=2&value=R.AIEMFMNK.N,BYSL,1.178e+7,2.621,0.014,1.851,0.000
20978,3,"  3.689","  0.485",11/56,/core/www/modules//sdig/index.php?run_id=110202&search_id=114132&scans_id=110198&peptide_id=12414&scanf=20978&charge=3&value=11/56,sp|Q96T23|RSF1_HUMAN,/core/www/modules//consensus/?run_id=110202&search_id=114132&scans_id=110198&peptide_id=12414&scanf=20978&charge=3&value=sp|Q96T23|RSF1_HUMAN,2,/core/www/modules/match_peptides/blast_html4.php?run_id=110202&search_id=114132&scans_id=110198&peptide_id=12414&scanf=20978&charge=3&value=2,K.KVDLETLKEDSEFTK.V,/core/www/modules/show_out/show_out_wrapper.php?run_id=110202&search_id=114132&scans_id=110198&peptide_id=12414&scanf=20978&charge=3&value=K.KVDLETLKEDSEFTK.V,RSF1,7.971e+6,2.462,0.024,1.618,0.001
20984,2,"  2.098","  0.342",9/14,/core/www/modules//sdig/index.php?run_id=110202&search_id=114132&scans_id=110198&peptide_id=12420&scanf=20984&charge=2&value=9/14,sp|P19338|NUCL_HUMAN,/core/www/modules//consensus/?run_id=110202&search_id=114132&scans_id=110198&peptide_id=12420&scanf=20984&charge=2&value=sp|P19338|NUCL_HUMAN,10,/core/www/modules/match_peptides/blast_html4.php?run_id=110202&search_id=114132&scans_id=110198&peptide_id=12420&scanf=20984&charge=2&value=10,K.ALELTGLK.V,/core/www/modules/show_out/show_out_wrapper.php?run_id=110202&search_id=114132&scans_id=110198&peptide_id=12420&scanf=20984&charge=2&value=K.ALELTGLK.V,NCL,8.566e+8,3.044,0.003,2.472,0.000
20986,2,"  2.170","  0.235",9/14,/core/www/modules//sdig/index.php?run_id=110202&search_id=114132&scans_id=110198&peptide_id=12422&scanf=20986&charge=2&value=9/14,sp|P27348|1433T_HUMAN,/core/www/modules//consensus/?run_id=110202&search_id=114132&scans_id=110198&peptide_id=12422&scanf=20986&charge=2&value=sp|P27348|1433T_HUMAN,21,/core/www/modules/match_peptides/blast_html4.php?run_id=110202&search_id=114132&scans_id=110198&peptide_id=12422&scanf=20986&charge=2&value=21,R.NLLSVAYK.N,/core/www/modules/show_out/show_out_wrapper.php?run_id=110202&search_id=114132&scans_id=110198&peptide_id=12422&scanf=20986&charge=2&value=R.NLLSVAYK.N,YWHAQ,1.489e+8,2.528,0.019,1.715,0.000
20987,2,"  2.344","  0.528",10/16,/core/www/modules//sdig/index.php?run_id=110202&search_id=114132&scans_id=110198&peptide_id=12423&scanf=20987&charge=2&value=10/16,sp|P46087|NOP2_HUMAN,/core/www/modules//consensus/?run_id=110202&search_id=114132&scans_id=110198&peptide_id=12423&scanf=20987&charge=2&value=sp|P46087|NOP2_HUMAN,0,/core/www/modules/match_peptides/blast_html4.php?run_id=110202&search_id=114132&scans_id=110198&peptide_id=12423&scanf=20987&charge=2&value=0,K.TSYMAQLMK.N,/core/www/modules/show_out/show_out_wrapper.php?run_id=110202&search_id=114132&scans_id=110198&peptide_id=12423&scanf=20987&charge=2&value=K.TSYMAQLMK.N,NOP2,6.698e+7,3.473,0.001,3.109,0.000
20988,3,"  2.578","  0.470",11/36,/core/www/modules//sdig/index.php?run_id=110202&search_id=114132&scans_id=110198&peptide_id=12424&scanf=20988&charge=3&value=11/36,sp|Q9BQG0|MBB1A_HUMAN,/core/www/modules//consensus/?run_id=110202&search_id=114132&scans_id=110198&peptide_id=12424&scanf=20988&charge=3&value=sp|Q9BQG0|MBB1A_HUMAN,1,/core/www/modules/match_peptides/blast_html4.php?run_id=110202&search_id=114132&scans_id=110198&peptide_id=12424&scanf=20988&charge=3&value=1,R.LHDLYWQAMK.T,/core/www/modules/show_out/show_out_wrapper.php?run_id=110202&search_id=114132&scans_id=110198&peptide_id=12424&scanf=20988&charge=3&value=R.LHDLYWQAMK.T,MYBBP1A,4.839e+7,3.362,0.001,2.944,0.000
20989,3,"  2.693","  0.338",12/56,/core/www/modules//sdig/index.php?run_id=110202&search_id=114132&scans_id=110198&peptide_id=12425&scanf=20989&charge=3&value=12/56,sp|P11940|PABP1_HUMAN,/core/www/modules//consensus/?run_id=110202&search_id=114132&scans_id=110198&peptide_id=12425&scanf=20989&charge=3&value=sp|P11940|PABP1_HUMAN,11,/core/www/modules/match_peptides/blast_html4.php?run_id=110202&search_id=114132&scans_id=110198&peptide_id=12425&scanf=20989&charge=3&value=11,K.GYGFVHFETQEAAER.A,/core/www/modules/show_out/show_out_wrapper.php?run_id=110202&search_id=114132&scans_id=110198&peptide_id=12425&scanf=20989&charge=3&value=K.GYGFVHFETQEAAER.A,PABPC1,1.341e+7,2.490,0.022,1.659,0.001
20990,2,"  1.505","  0.296",6/12,/core/www/modules//sdig/index.php?run_id=110202&search_id=114132&scans_id=110198&peptide_id=12427&scanf=20990&charge=2&value=6/12,sp|O43143|DHX15_HUMAN,/core/www/modules//consensus/?run_id=110202&search_id=114132&scans_id=110198&peptide_id=12427&scanf=20990&charge=2&value=sp|O43143|DHX15_HUMAN,0,/core/www/modules/match_peptides/blast_html4.php?run_id=110202&search_id=114132&scans_id=110198&peptide_id=12427&scanf=20990&charge=2&value=0,R.DYYINIR.K,/core/www/modules/show_out/show_out_wrapper.php?run_id=110202&search_id=114132&scans_id=110198&peptide_id=12427&scanf=20990&charge=2&value=R.DYYINIR.K,DHX15,4.257e+7,2.586,0.016,1.800,0.000
20991,4,"  3.213","  0.203",9/102,/core/www/modules//sdig/index.php?run_id=110202&search_id=114132&scans_id=110198&peptide_id=12428&scanf=20991&charge=4&value=9/102,sp|Q13283|G3BP1_HUMAN,/core/www/modules//consensus/?run_id=110202&search_id=114132&scans_id=110198&peptide_id=12428&scanf=20991&charge=4&value=sp|Q13283|G3BP1_HUMAN,5,/core/www/modules/match_peptides/blast_html4.php?run_id=110202&search_id=114132&scans_id=110198&peptide_id=12428&scanf=20991&charge=4&value=5,R.HPDSHQLFIGNLPHEVDK.S,/core/www/modules/show_out/show_out_wrapper.php?run_id=110202&search_id=114132&scans_id=110198&peptide_id=12428&scanf=20991&charge=4&value=R.HPDSHQLFIGNLPHEVDK.S,G3BP1,1.132e+7,2.240,0.050,1.301,0.002
20992,3,"  2.171","  0.477",11/36,/core/www/modules//sdig/index.php?run_id=110202&search_id=114132&scans_id=110198&peptide_id=12429&scanf=20992&charge=3&value=11/36,sp|O75390|CISY_HUMAN,/core/www/modules//consensus/?run_id=110202&search_id=114132&scans_id=110198&peptide_id=12429&scanf=20992&charge=3&value=sp|O75390|CISY_HUMAN,2,/core/www/modules/match_peptides/blast_html4.php?run_id=110202&search_id=114132&scans_id=110198&peptide_id=12429&scanf=20992&charge=3&value=2,R.ALGFPLERPK.S,/core/www/modules/show_out/show_out_wrapper.php?run_id=110202&search_id=114132&scans_id=110198&peptide_id=12429&scanf=20992&charge=3&value=R.ALGFPLERPK.S,CS,2.004e+7,3.189,0.002,2.688,0.000
20994,2,"  2.345","  0.397",9/16,/core/www/modules//sdig/index.php?run_id=110202&search_id=114132&scans_id=110198&peptide_id=12431&scanf=20994&charge=2&value=9/16,sp|Q15046|SYK_HUMAN,/core/www/modules//consensus/?run_id=110202&search_id=114132&scans_id=110198&peptide_id=12431&scanf=20994&charge=2&value=sp|Q15046|SYK_HUMAN,0,/core/www/modules/match_peptides/blast_html4.php?run_id=110202&search_id=114132&scans_id=110198&peptide_id=12431&scanf=20994&charge=2&value=0,K.MLVVGGIDR.V,/core/www/modules/show_out/show_out_wrapper.php?run_id=110202&search_id=114132&scans_id=110198&peptide_id=12431&scanf=20994&charge=2&value=K.MLVVGGIDR.V,KARS1,3.903e+7,2.859,0.006,2.200,0.000
20995,2,"  3.281","  0.497",13/22,/core/www/modules//sdig/index.php?run_id=110202&search_id=114132&scans_id=110198&peptide_id=12432&scanf=20995&charge=2&value=13/22,sp|Q14684|RRP1B_HUMAN,/core/www/modules//consensus/?run_id=110202&search_id=114132&scans_id=110198&peptide_id=12432&scanf=20995&charge=2&value=sp|Q14684|RRP1B_HUMAN,0,/core/www/modules/match_peptides/blast_html4.php?run_id=110202&search_id=114132&scans_id=110198&peptide_id=12432&scanf=20995&charge=2&value=0,R.ETGGFSQEELLK.I,/core/www/modules/show_out/show_out_wrapper.php?run_id=110202&search_id=114132&scans_id=110198&peptide_id=12432&scanf=20995&charge=2&value=R.ETGGFSQEELLK.I,RRP1B,1.271e+7,3.226,0.002,2.742,0.000
20997,2,"  1.910","  0.198",7/12,/core/www/modules//sdig/index.php?run_id=110202&search_id=114132&scans_id=110198&peptide_id=12434&scanf=20997&charge=2&value=7/12,sp|P36542|ATPG_HUMAN,/core/www/modules//consensus/?run_id=110202&search_id=114132&scans_id=110198&peptide_id=12434&scanf=20997&charge=2&value=sp|P36542|ATPG_HUMAN,0,/core/www/modules/match_peptides/blast_html4.php?run_id=110202&search_id=114132&scans_id=110198&peptide_id=12434&scanf=20997&charge=2&value=0,K.LTLTFNR.T,/core/www/modules/show_out/show_out_wrapper.php?run_id=110202&search_id=114132&scans_id=110198&peptide_id=12434&scanf=20997&charge=2&value=K.LTLTFNR.T,ATP5F1C,7.123e+7,2.320,0.039,1.414,0.001
20999,2,"  2.301","  0.301",11/12,/core/www/modules//sdig/index.php?run_id=110202&search_id=114132&scans_id=110198&peptide_id=12436&scanf=20999&charge=2&value=11/12,sp|P78527|PRKDC_HUMAN,/core/www/modules//consensus/?run_id=110202&search_id=114132&scans_id=110198&peptide_id=12436&scanf=20999&charge=2&value=sp|P78527|PRKDC_HUMAN,0,/core/www/modules/match_peptides/blast_html4.php?run_id=110202&search_id=114132&scans_id=110198&peptide_id=12436&scanf=20999&charge=2&value=0,R.SPNLWLK.D,/core/www/modules/show_out/show_out_wrapper.php?run_id=110202&search_id=114132&scans_id=110198&peptide_id=12436&scanf=20999&charge=2&value=R.SPNLWLK.D,PRKDC,1.259e+8,3.976,0.000,3.853,0.000
21001,2,"  2.004","  0.233",9/18,/core/www/modules//sdig/index.php?run_id=110202&search_id=114132&scans_id=110198&peptide_id=12439&scanf=21001&charge=2&value=9/18,sp|Q9NTJ3|SMC4_HUMAN,/core/www/modules//consensus/?run_id=110202&search_id=114132&scans_id=110198&peptide_id=12439&scanf=21001&charge=2&value=sp|Q9NTJ3|SMC4_HUMAN,1,/core/www/modules/match_peptides/blast_html4.php?run_id=110202&search_id=114132&scans_id=110198&peptide_id=12439&scanf=21001&charge=2&value=1,K.LLEENVSAFK.T,/core/www/modules/show_out/show_out_wrapper.php?run_id=110202&search_id=114132&scans_id=110198&peptide_id=12439&scanf=21001&charge=2&value=K.LLEENVSAFK.T,SMC4,8.348e+7,2.180,0.061,1.217,0.002
21002,3,"  2.249","  0.488",11/60,/core/www/modules//sdig/index.php?run_id=110202&search_id=114132&scans_id=110198&peptide_id=12440&scanf=21002&charge=3&value=11/60,sp|P62736|ACTA_HUMAN,/core/www/modules//consensus/?run_id=110202&search_id=114132&scans_id=110198&peptide_id=12440&scanf=21002&charge=3&value=sp|P62736|ACTA_HUMAN,8,/core/www/modules/match_peptides/blast_html4.php?run_id=110202&search_id=114132&scans_id=110198&peptide_id=12440&scanf=21002&charge=3&value=8,K.YPIEHGIITNWDDM*EK.I,/core/www/modules/show_out/show_out_wrapper.php?run_id=110202&search_id=114132&scans_id=110198&peptide_id=12440&scanf=21002&charge=3&value=K.YPIEHGIITNWDDM*EK.I,ACTA2,1.209e+7,2.898,0.006,2.257,0.000
21003,2,"  3.207","  0.366",13/26,/core/www/modules//sdig/index.php?run_id=110202&search_id=114132&scans_id=110198&peptide_id=12441&scanf=21003&charge=2&value=13/26,sp|Q12788|TBL3_HUMAN,/core/www/modules//consensus/?run_id=110202&search_id=114132&scans_id=110198&peptide_id=12441&scanf=21003&charge=2&value=sp|Q12788|TBL3_HUMAN,1,/core/www/modules/match_peptides/blast_html4.php?run_id=110202&search_id=114132&scans_id=110198&peptide_id=12441&scanf=21003&charge=2&value=1,R.GTQLLSSGSDGLVK.L,/core/www/modules/show_out/show_out_wrapper.php?run_id=110202&search_id=114132&scans_id=110198&peptide_id=12441&scanf=21003&charge=2&value=R.GTQLLSSGSDGLVK.L,TBL3,7.186e+6,2.532,0.019,1.721,0.000
21010,2,"  2.519","  0.167",11/16,/core/www/modules//sdig/index.php?run_id=110202&search_id=114132&scans_id=110198&peptide_id=12448&scanf=21010&charge=2&value=11/16,sp|P43246|MSH2_HUMAN,/core/www/modules//consensus/?run_id=110202&search_id=114132&scans_id=110198&peptide_id=12448&scanf=21010&charge=2&value=sp|P43246|MSH2_HUMAN,5,/core/www/modules/match_peptides/blast_html4.php?run_id=110202&search_id=114132&scans_id=110198&peptide_id=12448&scanf=21010&charge=2&value=5,R.QTLQEDLLR.R,/core/www/modules/show_out/show_out_wrapper.php?run_id=110202&search_id=114132&scans_id=110198&peptide_id=12448&scanf=21010&charge=2&value=R.QTLQEDLLR.R,MSH2,1.506e+7,2.319,0.039,1.414,0.001
21013,3,"  5.028","  0.508",22/60,/core/www/modules//sdig/index.php?run_id=110202&search_id=114132&scans_id=110198&peptide_id=12451&scanf=21013&charge=3&value=22/60,sp|Q8WVV9|HNRLL_HUMAN,/core/www/modules//consensus/?run_id=110202&search_id=114132&scans_id=110198&peptide_id=12451&scanf=21013&charge=3&value=sp|Q8WVV9|HNRLL_HUMAN,3,/core/www/modules/match_peptides/blast_html4.php?run_id=110202&search_id=114132&scans_id=110198&peptide_id=12451&scanf=21013&charge=3&value=3,R.HDGYGSHGPLLPLPSR.Y,/core/www/modules/show_out/show_out_wrapper.php?run_id=110202&search_id=114132&scans_id=110198&peptide_id=12451&scanf=21013&charge=3&value=R.HDGYGSHGPLLPLPSR.Y,HNRNPLL,1.365e+7,3.324,0.001,2.888,0.000
21015,3,"  3.252","  0.376",18/44,/core/www/modules//sdig/index.php?run_id=110202&search_id=114132&scans_id=110198&peptide_id=12453&scanf=21015&charge=3&value=18/44,sp|P27824|CALX_HUMAN,/core/www/modules//consensus/?run_id=110202&search_id=114132&scans_id=110198&peptide_id=12453&scanf=21015&charge=3&value=sp|P27824|CALX_HUMAN,12,/core/www/modules/match_peptides/blast_html4.php?run_id=110202&search_id=114132&scans_id=110198&peptide_id=12453&scanf=21015&charge=3&value=12,K.TPELNLDQFHDK.T,/core/www/modules/show_out/show_out_wrapper.php?run_id=110202&search_id=114132&scans_id=110198&peptide_id=12453&scanf=21015&charge=3&value=K.TPELNLDQFHDK.T,CANX,1.751e+7,3.048,0.003,2.479,0.000
21017,2,"  1.536","  0.287",9/16,/core/www/modules//sdig/index.php?run_id=110202&search_id=114132&scans_id=110198&peptide_id=12455&scanf=21017&charge=2&value=9/16,sp|P46459|NSF_HUMAN,/core/www/modules//consensus/?run_id=110202&search_id=114132&scans_id=110198&peptide_id=12455&scanf=21017&charge=2&value=sp|P46459|NSF_HUMAN,1,/core/www/modules/match_peptides/blast_html4.php?run_id=110202&search_id=114132&scans_id=110198&peptide_id=12455&scanf=21017&charge=2&value=1,K.MEIGLPDEK.G,/core/www/modules/show_out/show_out_wrapper.php?run_id=110202&search_id=114132&scans_id=110198&peptide_id=12455&scanf=21017&charge=2&value=K.MEIGLPDEK.G,NSF,1.604e+7,2.351,0.035,1.459,0.001
21018,3,"  3.453","  0.440",8/44,/core/www/modules//sdig/index.php?run_id=110202&search_id=114132&scans_id=110198&peptide_id=12456&scanf=21018&charge=3&value=8/44,sp|P49916|DNLI3_HUMAN,/core/www/modules//consensus/?run_id=110202&search_id=114132&scans_id=110198&peptide_id=12456&scanf=21018&charge=3&value=sp|P49916|DNLI3_HUMAN,1,/core/www/modules/match_peptides/blast_html4.php?run_id=110202&search_id=114132&scans_id=110198&peptide_id=12456&scanf=21018&charge=3&value=1,K.FLHDNMVEIPNR.I,/core/www/modules/show_out/show_out_wrapper.php?run_id=110202&search_id=114132&scans_id=110198&peptide_id=12456&scanf=21018&charge=3&value=K.FLHDNMVEIPNR.I,LIG3,7.329e+6,2.898,0.006,2.257,0.000
21019,3,"  2.171","  0.385",13/48,/core/www/modules//sdig/index.php?run_id=110202&search_id=114132&scans_id=110198&peptide_id=12457&scanf=21019&charge=3&value=13/48,sp|Q5JTH9|RRP12_HUMAN,/core/www/modules//consensus/?run_id=110202&search_id=114132&scans_id=110198&peptide_id=12457&scanf=21019&charge=3&value=sp|Q5JTH9|RRP12_HUMAN,0,/core/www/modules/match_peptides/blast_html4.php?run_id=110202&search_id=114132&scans_id=110198&peptide_id=12457&scanf=21019&charge=3&value=0,R.TLGMAISERPDLR.V,/core/www/modules/show_out/show_out_wrapper.php?run_id=110202&search_id=114132&scans_id=110198&peptide_id=12457&scanf=21019&charge=3&value=R.TLGMAISERPDLR.V,RRP12,3.056e+7,2.787,0.008,2.094,0.000
21024,2,"  2.183","  0.325",8/16,/core/www/modules//sdig/index.php?run_id=110202&search_id=114132&scans_id=110198&peptide_id=12463&scanf=21024&charge=2&value=8/16,sp|O95639|CPSF4_HUMAN,/core/www/modules//consensus/?run_id=110202&search_id=114132&scans_id=110198&peptide_id=12463&scanf=21024&charge=2&value=sp|O95639|CPSF4_HUMAN,2,/core/www/modules/match_peptides/blast_html4.php?run_id=110202&search_id=114132&scans_id=110198&peptide_id=12463&scanf=21024&charge=2&value=2,K.GHLAFLSGQ.-,/core/www/modules/show_out/show_out_wrapper.php?run_id=110202&search_id=114132&scans_id=110198&peptide_id=12463&scanf=21024&charge=2&value=K.GHLAFLSGQ.-,CPSF4,1.403e+7,2.541,0.018,1.734,0.000
21026,2,"  2.796","  0.357",13/22,/core/www/modules//sdig/index.php?run_id=110202&search_id=114132&scans_id=110198&peptide_id=12464&scanf=21026&charge=2&value=13/22,sp|O75533|SF3B1_HUMAN,/core/www/modules//consensus/?run_id=110202&search_id=114132&scans_id=110198&peptide_id=12464&scanf=21026&charge=2&value=sp|O75533|SF3B1_HUMAN,0,/core/www/modules/match_peptides/blast_html4.php?run_id=110202&search_id=114132&scans_id=110198&peptide_id=12464&scanf=21026&charge=2&value=0,R.QLVDTTVELANK.V,/core/www/modules/show_out/show_out_wrapper.php?run_id=110202&search_id=114132&scans_id=110198&peptide_id=12464&scanf=21026&charge=2&value=R.QLVDTTVELANK.V,SF3B1,2.775e+7,2.919,0.005,2.289,0.000
21027,2,"  2.369","  0.411",8/14,/core/www/modules//sdig/index.php?run_id=110202&search_id=114132&scans_id=110198&peptide_id=12465&scanf=21027&charge=2&value=8/14,sp|P42126|ECI1_HUMAN,/core/www/modules//consensus/?run_id=110202&search_id=114132&scans_id=110198&peptide_id=12465&scanf=21027&charge=2&value=sp|P42126|ECI1_HUMAN,1,/core/www/modules/match_peptides/blast_html4.php?run_id=110202&search_id=114132&scans_id=110198&peptide_id=12465&scanf=21027&charge=2&value=1,K.SLQMYLER.L,/core/www/modules/show_out/show_out_wrapper.php?run_id=110202&search_id=114132&scans_id=110198&peptide_id=12465&scanf=21027&charge=2&value=K.SLQMYLER.L,ECI1,1.778e+7,2.961,0.004,2.351,0.000
21028,2,"  2.536","  0.298",12/18,/core/www/modules//sdig/index.php?run_id=110202&search_id=114132&scans_id=110198&peptide_id=12466&scanf=21028&charge=2&value=12/18,sp|Q9BZE4|GTPB4_HUMAN,/core/www/modules//consensus/?run_id=110202&search_id=114132&scans_id=110198&peptide_id=12466&scanf=21028&charge=2&value=sp|Q9BZE4|GTPB4_HUMAN,1,/core/www/modules/match_peptides/blast_html4.php?run_id=110202&search_id=114132&scans_id=110198&peptide_id=12466&scanf=21028&charge=2&value=1,K.QSLEYLEQVR.Q,/core/www/modules/show_out/show_out_wrapper.php?run_id=110202&search_id=114132&scans_id=110198&peptide_id=12466&scanf=21028&charge=2&value=K.QSLEYLEQVR.Q,GTPBP4,2.414e+7,2.699,0.011,1.964,0.000
21031,2,"  4.058","  0.691",22/30,/core/www/modules//sdig/index.php?run_id=110202&search_id=114132&scans_id=110198&peptide_id=12470&scanf=21031&charge=2&value=22/30,sp|P38919|IF4A3_HUMAN,/core/www/modules//consensus/?run_id=110202&search_id=114132&scans_id=110198&peptide_id=12470&scanf=21031&charge=2&value=sp|P38919|IF4A3_HUMAN,19,/core/www/modules/match_peptides/blast_html4.php?run_id=110202&search_id=114132&scans_id=110198&peptide_id=12470&scanf=21031&charge=2&value=19,R.GIYAYGFEKPSAIQQR.A,/core/www/modules/show_out/show_out_wrapper.php?run_id=110202&search_id=114132&scans_id=110198&peptide_id=12470&scanf=21031&charge=2&value=R.GIYAYGFEKPSAIQQR.A,EIF4A3,2.296e+7,4.053,0.000,3.968,0.000
21033,2,"  2.104","  0.497",9/14,/core/www/modules//sdig/index.php?run_id=110202&search_id=114132&scans_id=110198&peptide_id=12472&scanf=21033&charge=2&value=9/14,sp|Q8TAQ2|SMRC2_HUMAN,/core/www/modules//consensus/?run_id=110202&search_id=114132&scans_id=110198&peptide_id=12472&scanf=21033&charge=2&value=sp|Q8TAQ2|SMRC2_HUMAN,2,/core/www/modules/match_peptides/blast_html4.php?run_id=110202&search_id=114132&scans_id=110198&peptide_id=12472&scanf=21033&charge=2&value=2,R.NFMIDTYR.L,/core/www/modules/show_out/show_out_wrapper.php?run_id=110202&search_id=114132&scans_id=110198&peptide_id=12472&scanf=21033&charge=2&value=R.NFMIDTYR.L,SMARCC2,5.766e+7,3.524,0.001,3.184,0.000
21035,3,"  3.395","  0.547",13/40,/core/www/modules//sdig/index.php?run_id=110202&search_id=114132&scans_id=110198&peptide_id=12474&scanf=21035&charge=3&value=13/40,sp|P46778|RL21_HUMAN,/core/www/modules//consensus/?run_id=110202&search_id=114132&scans_id=110198&peptide_id=12474&scanf=21035&charge=3&value=sp|P46778|RL21_HUMAN,2,/core/www/modules/match_peptides/blast_html4.php?run_id=110202&search_id=114132&scans_id=110198&peptide_id=12474&scanf=21035&charge=3&value=2,K.HGVVPLATYMR.I,/core/www/modules/show_out/show_out_wrapper.php?run_id=110202&search_id=114132&scans_id=110198&peptide_id=12474&scanf=21035&charge=3&value=K.HGVVPLATYMR.I,RPL21,7.995e+7,3.471,0.001,3.105,0.000
21037,2,"  4.224","  0.674",17/28,/core/www/modules//sdig/index.php?run_id=110202&search_id=114132&scans_id=110198&peptide_id=12476&scanf=21037&charge=2&value=17/28,sp|Q99798|ACON_HUMAN,/core/www/modules//consensus/?run_id=110202&search_id=114132&scans_id=110198&peptide_id=12476&scanf=21037&charge=2&value=sp|Q99798|ACON_HUMAN,6,/core/www/modules/match_peptides/blast_html4.php?run_id=110202&search_id=114132&scans_id=110198&peptide_id=12476&scanf=21037&charge=2&value=6,R.NAVTQEFGPVPDTAR.Y,/core/www/modules/show_out/show_out_wrapper.php?run_id=110202&search_id=114132&scans_id=110198&peptide_id=12476&scanf=21037&charge=2&value=R.NAVTQEFGPVPDTAR.Y,ACO2,7.472e+6,3.762,0.000,3.537,0.000
21038,3,"  3.718","  0.523",13/56,/core/www/modules//sdig/index.php?run_id=110202&search_id=114132&scans_id=110198&peptide_id=12477&scanf=21038&charge=3&value=13/56,sp|Q08J23|NSUN2_HUMAN,/core/www/modules//consensus/?run_id=110202&search_id=114132&scans_id=110198&peptide_id=12477&scanf=21038&charge=3&value=sp|Q08J23|NSUN2_HUMAN,1,/core/www/modules/match_peptides/blast_html4.php?run_id=110202&search_id=114132&scans_id=110198&peptide_id=12477&scanf=21038&charge=3&value=1,K.RGEAGWEGGYPEIVK.E,/core/www/modules/show_out/show_out_wrapper.php?run_id=110202&search_id=114132&scans_id=110198&peptide_id=12477&scanf=21038&charge=3&value=K.RGEAGWEGGYPEIVK.E,NSUN2,8.300e+6,2.919,0.005,2.288,0.000
21039,2,"  1.885","  0.043",8/12,/core/www/modules//sdig/index.php?run_id=110202&search_id=114132&scans_id=110198&peptide_id=12478&scanf=21039&charge=2&value=8/12,sp|P57678|GEMI4_HUMAN,/core/www/modules//consensus/?run_id=110202&search_id=114132&scans_id=110198&peptide_id=12478&scanf=21039&charge=2&value=sp|P57678|GEMI4_HUMAN,1,/core/www/modules/match_peptides/blast_html4.php?run_id=110202&search_id=114132&scans_id=110198&peptide_id=12478&scanf=21039&charge=2&value=1,K.VLAGILR.S,/core/www/modules/show_out/show_out_wrapper.php?run_id=110202&search_id=114132&scans_id=110198&peptide_id=12478&scanf=21039&charge=2&value=K.VLAGILR.S,GEMIN4,2.230e+8,1.895,0.146,0.836,0.007
21041,3,"  7.258","  0.734",23/96,/core/www/modules//sdig/index.php?run_id=110202&search_id=114132&scans_id=110198&peptide_id=12481&scanf=21041&charge=3&value=23/96,sp|Q15717|ELAV1_HUMAN,/core/www/modules//consensus/?run_id=110202&search_id=114132&scans_id=110198&peptide_id=12481&scanf=21041&charge=3&value=sp|Q15717|ELAV1_HUMAN,0,/core/www/modules/match_peptides/blast_html4.php?run_id=110202&search_id=114132&scans_id=110198&peptide_id=12481&scanf=21041&charge=3&value=0,R.SEAEEAITSFNGHKPPGSSEPITVK.F,/core/www/modules/show_out/show_out_wrapper.php?run_id=110202&search_id=114132&scans_id=110198&peptide_id=12481&scanf=21041&charge=3&value=R.SEAEEAITSFNGHKPPGSSEPITVK.F,ELAVL1,6.702e+6,3.768,0.000,3.546,0.000
21043,2,"  5.619","  0.621",20/34,/core/www/modules//sdig/index.php?run_id=110202&search_id=114132&scans_id=110198&peptide_id=12483&scanf=21043&charge=2&value=20/34,sp|P21333|FLNA_HUMAN,/core/www/modules//consensus/?run_id=110202&search_id=114132&scans_id=110198&peptide_id=12483&scanf=21043&charge=2&value=sp|P21333|FLNA_HUMAN,1,/core/www/modules/match_peptides/blast_html4.php?run_id=110202&search_id=114132&scans_id=110198&peptide_id=12483&scanf=21043&charge=2&value=1,R.GAGTGGLGLAVEGPSEAK.M,/core/www/modules/show_out/show_out_wrapper.php?run_id=110202&search_id=114132&scans_id=110198&peptide_id=12483&scanf=21043&charge=2&value=R.GAGTGGLGLAVEGPSEAK.M,FLNA,1.877e+7,3.697,0.000,3.440,0.000
21045,2,"  1.416","  0.242",9/20,/core/www/modules//sdig/index.php?run_id=110202&search_id=114132&scans_id=110198&peptide_id=12485&scanf=21045&charge=2&value=9/20,sp|Q14566|MCM6_HUMAN,/core/www/modules//consensus/?run_id=110202&search_id=114132&scans_id=110198&peptide_id=12485&scanf=21045&charge=2&value=sp|Q14566|MCM6_HUMAN,0,/core/www/modules/match_peptides/blast_html4.php?run_id=110202&search_id=114132&scans_id=110198&peptide_id=12485&scanf=21045&charge=2&value=0,K.ESEDFIVEQYK.H,/core/www/modules/show_out/show_out_wrapper.php?run_id=110202&search_id=114132&scans_id=110198&peptide_id=12485&scanf=21045&charge=2&value=K.ESEDFIVEQYK.H,MCM6,8.990e+6,2.134,0.070,1.154,0.002
21047,2,"  3.333","  0.655",15/22,/core/www/modules//sdig/index.php?run_id=110202&search_id=114132&scans_id=110198&peptide_id=12486&scanf=21047&charge=2&value=15/22,sp|Q9Y5B9|SP16H_HUMAN,/core/www/modules//consensus/?run_id=110202&search_id=114132&scans_id=110198&peptide_id=12486&scanf=21047&charge=2&value=sp|Q9Y5B9|SP16H_HUMAN,0,/core/www/modules/match_peptides/blast_html4.php?run_id=110202&search_id=114132&scans_id=110198&peptide_id=12486&scanf=21047&charge=2&value=0,K.YTEGVQSLNWTK.I,/core/www/modules/show_out/show_out_wrapper.php?run_id=110202&search_id=114132&scans_id=110198&peptide_id=12486&scanf=21047&charge=2&value=K.YTEGVQSLNWTK.I,SUPT16H,7.255e+7,3.971,0.000,3.846,0.000
21050,2,"  2.337","  0.429",10/16,/core/www/modules//sdig/index.php?run_id=110202&search_id=114132&scans_id=110198&peptide_id=12490&scanf=21050&charge=2&value=10/16,sp|O75369|FLNB_HUMAN,/core/www/modules//consensus/?run_id=110202&search_id=114132&scans_id=110198&peptide_id=12490&scanf=21050&charge=2&value=sp|O75369|FLNB_HUMAN,10,/core/www/modules/match_peptides/blast_html4.php?run_id=110202&search_id=114132&scans_id=110198&peptide_id=12490&scanf=21050&charge=2&value=10,K.DLAEDAPWK.K,/core/www/modules/show_out/show_out_wrapper.php?run_id=110202&search_id=114132&scans_id=110198&peptide_id=12490&scanf=21050&charge=2&value=K.DLAEDAPWK.K,FLNB,2.583e+7,3.255,0.002,2.785,0.000
21052,3,"  3.764","  0.632",18/64,/core/www/modules//sdig/index.php?run_id=110202&search_id=114132&scans_id=110198&peptide_id=12492&scanf=21052&charge=3&value=18/64,sp|Q9NTI5|PDS5B_HUMAN,/core/www/modules//consensus/?run_id=110202&search_id=114132&scans_id=110198&peptide_id=12492&scanf=21052&charge=3&value=sp|Q9NTI5|PDS5B_HUMAN,1,/core/www/modules/match_peptides/blast_html4.php?run_id=110202&search_id=114132&scans_id=110198&peptide_id=12492&scanf=21052&charge=3&value=1,K.STTYSLESPKDPVLPAR.F,/core/www/modules/show_out/show_out_wrapper.php?run_id=110202&search_id=114132&scans_id=110198&peptide_id=12492&scanf=21052&charge=3&value=K.STTYSLESPKDPVLPAR.F,PDS5B,1.385e+7,3.327,0.001,2.893,0.000
21054,3,"  3.255","  0.588",13/44,/core/www/modules//sdig/index.php?run_id=110202&search_id=114132&scans_id=110198&peptide_id=12494&scanf=21054&charge=3&value=13/44,tr|Q5T6W2|Q5T6W2_HUMAN,/core/www/modules//consensus/?run_id=110202&search_id=114132&scans_id=110198&peptide_id=12494&scanf=21054&charge=3&value=tr|Q5T6W2|Q5T6W2_HUMAN,0,/core/www/modules/match_peptides/blast_html4.php?run_id=110202&search_id=114132&scans_id=110198&peptide_id=12494&scanf=21054&charge=3&value=0,K.IIPTLEEYQHYK.G,/core/www/modules/show_out/show_out_wrapper.php?run_id=110202&search_id=114132&scans_id=110198&peptide_id=12494&scanf=21054&charge=3&value=K.IIPTLEEYQHYK.G,HNRNPK,1.067e+8,3.496,0.001,3.142,0.000
21055,3,"  2.271","  0.406",11/48,/core/www/modules//sdig/index.php?run_id=110202&search_id=114132&scans_id=110198&peptide_id=12495&scanf=21055&charge=3&value=11/48,sp|P61221|ABCE1_HUMAN,/core/www/modules//consensus/?run_id=110202&search_id=114132&scans_id=110198&peptide_id=12495&scanf=21055&charge=3&value=sp|P61221|ABCE1_HUMAN,3,/core/www/modules/match_peptides/blast_html4.php?run_id=110202&search_id=114132&scans_id=110198&peptide_id=12495&scanf=21055&charge=3&value=3,K.AIIKPQYVDQIPK.A,/core/www/modules/show_out/show_out_wrapper.php?run_id=110202&search_id=114132&scans_id=110198&peptide_id=12495&scanf=21055&charge=3&value=K.AIIKPQYVDQIPK.A,ABCE1,1.365e+7,2.746,0.009,2.033,0.000
21056,3,"  3.034","  0.481",13/40,/core/www/modules//sdig/index.php?run_id=110202&search_id=114132&scans_id=110198&peptide_id=12496&scanf=21056&charge=3&value=13/40,sp|Q5SY16|NOL9_HUMAN,/core/www/modules//consensus/?run_id=110202&search_id=114132&scans_id=110198&peptide_id=12496&scanf=21056&charge=3&value=sp|Q5SY16|NOL9_HUMAN,0,/core/www/modules/match_peptides/blast_html4.php?run_id=110202&search_id=114132&scans_id=110198&peptide_id=12496&scanf=21056&charge=3&value=0,R.LLSPSHVVQFR.S,/core/www/modules/show_out/show_out_wrapper.php?run_id=110202&search_id=114132&scans_id=110198&peptide_id=12496&scanf=21056&charge=3&value=R.LLSPSHVVQFR.S,NOL9,4.238e+7,3.256,0.002,2.787,0.000
21057,3,"  3.660","  0.522",14/72,/core/www/modules//sdig/index.php?run_id=110202&search_id=114132&scans_id=110198&peptide_id=12497&scanf=21057&charge=3&value=14/72,sp|Q14839|CHD4_HUMAN,/core/www/modules//consensus/?run_id=110202&search_id=114132&scans_id=110198&peptide_id=12497&scanf=21057&charge=3&value=sp|Q14839|CHD4_HUMAN,18,/core/www/modules/match_peptides/blast_html4.php?run_id=110202&search_id=114132&scans_id=110198&peptide_id=12497&scanf=21057&charge=3&value=18,K.FGTEELFKDEATDGGGDNK.E,/core/www/modules/show_out/show_out_wrapper.php?run_id=110202&search_id=114132&scans_id=110198&peptide_id=12497&scanf=21057&charge=3&value=K.FGTEELFKDEATDGGGDNK.E,CHD4,7.035e+6,2.782,0.008,2.087,0.000
21062,3,"  6.122","  0.731",25/96,/core/www/modules//sdig/index.php?run_id=110202&search_id=114132&scans_id=110198&peptide_id=12503&scanf=21062&charge=3&value=25/96,sp|P10809|CH60_HUMAN,/core/www/modules//consensus/?run_id=110202&search_id=114132&scans_id=110198&peptide_id=12503&scanf=21062&charge=3&value=sp|P10809|CH60_HUMAN,10,/core/www/modules/match_peptides/blast_html4.php?run_id=110202&search_id=114132&scans_id=110198&peptide_id=12503&scanf=21062&charge=3&value=10,K.LVQDVANNTNEEAGDGTTTATVLAR.S,/core/www/modules/show_out/show_out_wrapper.php?run_id=110202&search_id=114132&scans_id=110198&peptide_id=12503&scanf=21062&charge=3&value=K.LVQDVANNTNEEAGDGTTTATVLAR.S,HSPD1,1.740e+7,3.790,0.000,3.578,0.000
21064,2,"  3.843","  0.253",16/18,/core/www/modules//sdig/index.php?run_id=110202&search_id=114132&scans_id=110198&peptide_id=12505&scanf=21064&charge=2&value=16/18,sp|P78347|GTF2I_HUMAN,/core/www/modules//consensus/?run_id=110202&search_id=114132&scans_id=110198&peptide_id=12505&scanf=21064&charge=2&value=sp|P78347|GTF2I_HUMAN,3,/core/www/modules/match_peptides/blast_html4.php?run_id=110202&search_id=114132&scans_id=110198&peptide_id=12505&scanf=21064&charge=2&value=3,R.KQVEEIFNLK.F,/core/www/modules/show_out/show_out_wrapper.php?run_id=110202&search_id=114132&scans_id=110198&peptide_id=12505&scanf=21064&charge=2&value=R.KQVEEIFNLK.F,GTF2I,6.723e+6,2.728,0.010,2.007,0.000
21065,2,"  2.534","  0.449",10/16,/core/www/modules//sdig/index.php?run_id=110202&search_id=114132&scans_id=110198&peptide_id=12506&scanf=21065&charge=2&value=10/16,sp|Q86WB0|ZC3C1_HUMAN,/core/www/modules//consensus/?run_id=110202&search_id=114132&scans_id=110198&peptide_id=12506&scanf=21065&charge=2&value=sp|Q86WB0|ZC3C1_HUMAN,1,/core/www/modules/match_peptides/blast_html4.php?run_id=110202&search_id=114132&scans_id=110198&peptide_id=12506&scanf=21065&charge=2&value=1,R.LPLVPESPR.R,/core/www/modules/show_out/show_out_wrapper.php?run_id=110202&search_id=114132&scans_id=110198&peptide_id=12506&scanf=21065&charge=2&value=R.LPLVPESPR.R,ZC3HC1,9.824e+6,3.120,0.003,2.585,0.000
21068,3,"  3.983","  0.624",19/48,/core/www/modules//sdig/index.php?run_id=110202&search_id=114132&scans_id=110198&peptide_id=12508&scanf=21068&charge=3&value=19/48,sp|Q9Y3U8|RL36_HUMAN,/core/www/modules//consensus/?run_id=110202&search_id=114132&scans_id=110198&peptide_id=12508&scanf=21068&charge=3&value=sp|Q9Y3U8|RL36_HUMAN,0,/core/www/modules/match_peptides/blast_html4.php?run_id=110202&search_id=114132&scans_id=110198&peptide_id=12508&scanf=21068&charge=3&value=0,R.KREELSNVLAAMR.K,/core/www/modules/show_out/show_out_wrapper.php?run_id=110202&search_id=114132&scans_id=110198&peptide_id=12508&scanf=21068&charge=3&value=R.KREELSNVLAAMR.K,RPL36,1.159e+8,3.245,0.002,2.770,0.000
21070,2,"  3.110","  0.368",15/24,/core/www/modules//sdig/index.php?run_id=110202&search_id=114132&scans_id=110198&peptide_id=12511&scanf=21070&charge=2&value=15/24,sp|P62424|RL7A_HUMAN,/core/www/modules//consensus/?run_id=110202&search_id=114132&scans_id=110198&peptide_id=12511&scanf=21070&charge=2&value=sp|P62424|RL7A_HUMAN,2,/core/www/modules/match_peptides/blast_html4.php?run_id=110202&search_id=114132&scans_id=110198&peptide_id=12511&scanf=21070&charge=2&value=2,R.AGVNTVTTLVENK.K,/core/www/modules/show_out/show_out_wrapper.php?run_id=110202&search_id=114132&scans_id=110198&peptide_id=12511&scanf=21070&charge=2&value=R.AGVNTVTTLVENK.K,RPL7A,3.197e+8,2.615,0.014,1.841,0.000
21071,3,"  2.106","  0.357",9/32,/core/www/modules//sdig/index.php?run_id=110202&search_id=114132&scans_id=110198&peptide_id=12512&scanf=21071&charge=3&value=9/32,sp|P55072|TERA_HUMAN,/core/www/modules//consensus/?run_id=110202&search_id=114132&scans_id=110198&peptide_id=12512&scanf=21071&charge=3&value=sp|P55072|TERA_HUMAN,9,/core/www/modules/match_peptides/blast_html4.php?run_id=110202&search_id=114132&scans_id=110198&peptide_id=12512&scanf=21071&charge=3&value=9,R.LEILQIHTK.N,/core/www/modules/show_out/show_out_wrapper.php?run_id=110202&search_id=114132&scans_id=110198&peptide_id=12512&scanf=21071&charge=3&value=R.LEILQIHTK.N,VCP,9.681e+7,2.920,0.005,2.290,0.000
21073,3,"  3.917","  0.583",18/52,/core/www/modules//sdig/index.php?run_id=110202&search_id=114132&scans_id=110198&peptide_id=12514&scanf=21073&charge=3&value=18/52,sp|P09874|PARP1_HUMAN,/core/www/modules//consensus/?run_id=110202&search_id=114132&scans_id=110198&peptide_id=12514&scanf=21073&charge=3&value=sp|P09874|PARP1_HUMAN,3,/core/www/modules/match_peptides/blast_html4.php?run_id=110202&search_id=114132&scans_id=110198&peptide_id=12514&scanf=21073&charge=3&value=3,K.MVDPEKPQLGMIDR.W,/core/www/modules/show_out/show_out_wrapper.php?run_id=110202&search_id=114132&scans_id=110198&peptide_id=12514&scanf=21073&charge=3&value=K.MVDPEKPQLGMIDR.W,PARP1,3.916e+7,3.670,0.000,3.400,0.000
21077,3,"  6.359","  0.723",26/80,/core/www/modules//sdig/index.php?run_id=110202&search_id=114132&scans_id=110198&peptide_id=12518&scanf=21077&charge=3&value=26/80,sp|P53618|COPB_HUMAN,/core/www/modules//consensus/?run_id=110202&search_id=114132&scans_id=110198&peptide_id=12518&scanf=21077&charge=3&value=sp|P53618|COPB_HUMAN,0,/core/www/modules/match_peptides/blast_html4.php?run_id=110202&search_id=114132&scans_id=110198&peptide_id=12518&scanf=21077&charge=3&value=0,K.LVTEMGTYATQSALSSSRPTK.K,/core/www/modules/show_out/show_out_wrapper.php?run_id=110202&search_id=114132&scans_id=110198&peptide_id=12518&scanf=21077&charge=3&value=K.LVTEMGTYATQSALSSSRPTK.K,COPB1,6.456e+6,3.991,0.000,3.876,0.000
21081,3,"  1.873","  0.417",10/36,/core/www/modules//sdig/index.php?run_id=110202&search_id=114132&scans_id=110198&peptide_id=12522&scanf=21081&charge=3&value=10/36,sp|Q14669|TRIPC_HUMAN,/core/www/modules//consensus/?run_id=110202&search_id=114132&scans_id=110198&peptide_id=12522&scanf=21081&charge=3&value=sp|Q14669|TRIPC_HUMAN,3,/core/www/modules/match_peptides/blast_html4.php?run_id=110202&search_id=114132&scans_id=110198&peptide_id=12522&scanf=21081&charge=3&value=3,R.SVYHLEDIVR.Q,/core/www/modules/show_out/show_out_wrapper.php?run_id=110202&search_id=114132&scans_id=110198&peptide_id=12522&scanf=21081&charge=3&value=R.SVYHLEDIVR.Q,TRIP12,1.852e+7,3.077,0.003,2.521,0.000
21084,2,"  2.334","  0.299",10/14,/core/www/modules//sdig/index.php?run_id=110202&search_id=114132&scans_id=110198&peptide_id=12525&scanf=21084&charge=2&value=10/14,sp|P17844|DDX5_HUMAN,/core/www/modules//consensus/?run_id=110202&search_id=114132&scans_id=110198&peptide_id=12525&scanf=21084&charge=2&value=sp|P17844|DDX5_HUMAN,2,/core/www/modules/match_peptides/blast_html4.php?run_id=110202&search_id=114132&scans_id=110198&peptide_id=12525&scanf=21084&charge=2&value=2,K.LLQLVEDR.G,/core/www/modules/show_out/show_out_wrapper.php?run_id=110202&search_id=114132&scans_id=110198&peptide_id=12525&scanf=21084&charge=2&value=K.LLQLVEDR.G,DDX5,1.852e+8,2.916,0.005,2.284,0.000
21085,2,"  2.561","  0.583",10/20,/core/www/modules//sdig/index.php?run_id=110202&search_id=114132&scans_id=110198&peptide_id=12526&scanf=21085&charge=2&value=10/20,sp|P12814|ACTN1_HUMAN,/core/www/modules//consensus/?run_id=110202&search_id=114132&scans_id=110198&peptide_id=12526&scanf=21085&charge=2&value=sp|P12814|ACTN1_HUMAN,11,/core/www/modules/match_peptides/blast_html4.php?run_id=110202&search_id=114132&scans_id=110198&peptide_id=12526&scanf=21085&charge=2&value=11,K.DYETATLSEIK.A,/core/www/modules/show_out/show_out_wrapper.php?run_id=110202&search_id=114132&scans_id=110198&peptide_id=12526&scanf=21085&charge=2&value=K.DYETATLSEIK.A,ACTN1,9.775e+6,3.419,0.001,3.028,0.000
21089,2,"  3.437","  0.578",14/22,/core/www/modules//sdig/index.php?run_id=110202&search_id=114132&scans_id=110198&peptide_id=12529&scanf=21089&charge=2&value=14/22,sp|P55072|TERA_HUMAN,/core/www/modules//consensus/?run_id=110202&search_id=114132&scans_id=110198&peptide_id=12529&scanf=21089&charge=2&value=sp|P55072|TERA_HUMAN,7,/core/www/modules/match_peptides/blast_html4.php?run_id=110202&search_id=114132&scans_id=110198&peptide_id=12529&scanf=21089&charge=2&value=7,R.WALSQSNPSALR.E,/core/www/modules/show_out/show_out_wrapper.php?run_id=110202&search_id=114132&scans_id=110198&peptide_id=12529&scanf=21089&charge=2&value=R.WALSQSNPSALR.E,VCP,5.840e+7,3.691,0.000,3.432,0.000
21090,2,"  1.609","  0.458",8/14,/core/www/modules//sdig/index.php?run_id=110202&search_id=114132&scans_id=110198&peptide_id=12531&scanf=21090&charge=2&value=8/14,sp|P46063|RECQ1_HUMAN,/core/www/modules//consensus/?run_id=110202&search_id=114132&scans_id=110198&peptide_id=12531&scanf=21090&charge=2&value=sp|P46063|RECQ1_HUMAN,0,/core/www/modules/match_peptides/blast_html4.php?run_id=110202&search_id=114132&scans_id=110198&peptide_id=12531&scanf=21090&charge=2&value=0,K.LIDSWMGK.G,/core/www/modules/show_out/show_out_wrapper.php?run_id=110202&search_id=114132&scans_id=110198&peptide_id=12531&scanf=21090&charge=2&value=K.LIDSWMGK.G,RECQL,4.096e+7,3.130,0.003,2.600,0.000
21092,3,"  3.731","  0.593",17/56,/core/www/modules//sdig/index.php?run_id=110202&search_id=114132&scans_id=110198&peptide_id=12533&scanf=21092&charge=3&value=17/56,sp|P33992|MCM5_HUMAN,/core/www/modules//consensus/?run_id=110202&search_id=114132&scans_id=110198&peptide_id=12533&scanf=21092&charge=3&value=sp|P33992|MCM5_HUMAN,2,/core/www/modules/match_peptides/blast_html4.php?run_id=110202&search_id=114132&scans_id=110198&peptide_id=12533&scanf=21092&charge=3&value=2,K.LQELPDAVPHGEMPR.H,/core/www/modules/show_out/show_out_wrapper.php?run_id=110202&search_id=114132&scans_id=110198&peptide_id=12533&scanf=21092&charge=3&value=K.LQELPDAVPHGEMPR.H,MCM5,2.627e+7,3.534,0.001,3.199,0.000
21093,2,"  3.637","  0.671",14/22,/core/www/modules//sdig/index.php?run_id=110202&search_id=114132&scans_id=110198&peptide_id=12534&scanf=21093&charge=2&value=14/22,sp|P68104|EF1A1_HUMAN,/core/www/modules//consensus/?run_id=110202&search_id=114132&scans_id=110198&peptide_id=12534&scanf=21093&charge=2&value=sp|P68104|EF1A1_HUMAN,8,/core/www/modules/match_peptides/blast_html4.php?run_id=110202&search_id=114132&scans_id=110198&peptide_id=12534&scanf=21093&charge=2&value=8,K.YYVTIIDAPGHR.D,/core/www/modules/show_out/show_out_wrapper.php?run_id=110202&search_id=114132&scans_id=110198&peptide_id=12534&scanf=21093&charge=2&value=K.YYVTIIDAPGHR.D,EEF1A1,8.983e+7,3.903,0.000,3.746,0.000
21095,2,"  2.844","  0.688",12/20,/core/www/modules//sdig/index.php?run_id=110202&search_id=114132&scans_id=110198&peptide_id=12536&scanf=21095&charge=2&value=12/20,sp|Q7L014|DDX46_HUMAN,/core/www/modules//consensus/?run_id=110202&search_id=114132&scans_id=110198&peptide_id=12536&scanf=21095&charge=2&value=sp|Q7L014|DDX46_HUMAN,1,/core/www/modules/match_peptides/blast_html4.php?run_id=110202&search_id=114132&scans_id=110198&peptide_id=12536&scanf=21095&charge=2&value=1,R.VTYVVLDEADR.M,/core/www/modules/show_out/show_out_wrapper.php?run_id=110202&search_id=114132&scans_id=110198&peptide_id=12536&scanf=21095&charge=2&value=R.VTYVVLDEADR.M,DDX46,1.956e+7,3.813,0.000,3.612,0.000
21097,2,"  3.938","  0.666",16/26,/core/www/modules//sdig/index.php?run_id=110202&search_id=114132&scans_id=110198&peptide_id=12538&scanf=21097&charge=2&value=16/26,sp|P50991|TCPD_HUMAN,/core/www/modules//consensus/?run_id=110202&search_id=114132&scans_id=110198&peptide_id=12538&scanf=21097&charge=2&value=sp|P50991|TCPD_HUMAN,0,/core/www/modules/match_peptides/blast_html4.php?run_id=110202&search_id=114132&scans_id=110198&peptide_id=12538&scanf=21097&charge=2&value=0,R.ETLLNSATTSLNSK.V,/core/www/modules/show_out/show_out_wrapper.php?run_id=110202&search_id=114132&scans_id=110198&peptide_id=12538&scanf=21097&charge=2&value=R.ETLLNSATTSLNSK.V,CCT4,1.373e+7,3.787,0.000,3.574,0.000
21099,2,"  3.457","  0.517",14/24,/core/www/modules//sdig/index.php?run_id=110202&search_id=114132&scans_id=110198&peptide_id=12540&scanf=21099&charge=2&value=14/24,sp|O75821|EIF3G_HUMAN,/core/www/modules//consensus/?run_id=110202&search_id=114132&scans_id=110198&peptide_id=12540&scanf=21099&charge=2&value=sp|O75821|EIF3G_HUMAN,2,/core/www/modules/match_peptides/blast_html4.php?run_id=110202&search_id=114132&scans_id=110198&peptide_id=12540&scanf=21099&charge=2&value=2,K.ELAEQLGLSTGEK.E,/core/www/modules/show_out/show_out_wrapper.php?run_id=110202&search_id=114132&scans_id=110198&peptide_id=12540&scanf=21099&charge=2&value=K.ELAEQLGLSTGEK.E,EIF3G,1.726e+7,3.221,0.002,2.734,0.000
21101,2,"  4.743","  0.716",20/36,/core/www/modules//sdig/index.php?run_id=110202&search_id=114132&scans_id=110198&peptide_id=12543&scanf=21101&charge=2&value=20/36,sp|Q13263|TIF1B_HUMAN,/core/www/modules//consensus/?run_id=110202&search_id=114132&scans_id=110198&peptide_id=12543&scanf=21101&charge=2&value=sp|Q13263|TIF1B_HUMAN,1,/core/www/modules/match_peptides/blast_html4.php?run_id=110202&search_id=114132&scans_id=110198&peptide_id=12543&scanf=21101&charge=2&value=1,K.EEDGSLSLDGADSTGVVAK.L,/core/www/modules/show_out/show_out_wrapper.php?run_id=110202&search_id=114132&scans_id=110198&peptide_id=12543&scanf=21101&charge=2&value=K.EEDGSLSLDGADSTGVVAK.L,TRIM28,5.971e+6,3.768,0.000,3.545,0.000
21110,4,"  5.476","  0.527",19/144,/core/www/modules//sdig/index.php?run_id=110202&search_id=114132&scans_id=110198&peptide_id=12552&scanf=21110&charge=4&value=19/144,sp|Q15717|ELAV1_HUMAN,/core/www/modules//consensus/?run_id=110202&search_id=114132&scans_id=110198&peptide_id=12552&scanf=21110&charge=4&value=sp|Q15717|ELAV1_HUMAN,0,/core/www/modules/match_peptides/blast_html4.php?run_id=110202&search_id=114132&scans_id=110198&peptide_id=12552&scanf=21110&charge=4&value=0,R.SEAEEAITSFNGHKPPGSSEPITVK.F,/core/www/modules/show_out/show_out_wrapper.php?run_id=110202&search_id=114132&scans_id=110198&peptide_id=12552&scanf=21110&charge=4&value=R.SEAEEAITSFNGHKPPGSSEPITVK.F,ELAVL1,2.109e+7,3.263,0.002,2.796,0.000
21111,3,"  5.297","  0.636",21/52,/core/www/modules//sdig/index.php?run_id=110202&search_id=114132&scans_id=110198&peptide_id=12553&scanf=21111&charge=3&value=21/52,sp|Q15046|SYK_HUMAN,/core/www/modules//consensus/?run_id=110202&search_id=114132&scans_id=110198&peptide_id=12553&scanf=21111&charge=3&value=sp|Q15046|SYK_HUMAN,0,/core/www/modules/match_peptides/blast_html4.php?run_id=110202&search_id=114132&scans_id=110198&peptide_id=12553&scanf=21111&charge=3&value=0,K.LPETNLFETEETRK.I,/core/www/modules/show_out/show_out_wrapper.php?run_id=110202&search_id=114132&scans_id=110198&peptide_id=12553&scanf=21111&charge=3&value=K.LPETNLFETEETRK.I,KARS1,3.158e+7,3.636,0.000,3.350,0.000
21112,2,"  1.354","  0.364",10/18,/core/www/modules//sdig/index.php?run_id=110202&search_id=114132&scans_id=110198&peptide_id=12554&scanf=21112&charge=2&value=10/18,sp|P62318|SMD3_HUMAN,/core/www/modules//consensus/?run_id=110202&search_id=114132&scans_id=110198&peptide_id=12554&scanf=21112&charge=2&value=sp|P62318|SMD3_HUMAN,0,/core/www/modules/match_peptides/blast_html4.php?run_id=110202&search_id=114132&scans_id=110198&peptide_id=12554&scanf=21112&charge=2&value=0,R.VAQLEQVYIR.G,/core/www/modules/show_out/show_out_wrapper.php?run_id=110202&search_id=114132&scans_id=110198&peptide_id=12554&scanf=21112&charge=2&value=R.VAQLEQVYIR.G,SNRPD3,9.677e+7,2.693,0.011,1.956,0.000
21113,2,"  1.743","  0.192",10/14,/core/www/modules//sdig/index.php?run_id=110202&search_id=114132&scans_id=110198&peptide_id=12555&scanf=21113&charge=2&value=10/14,sp|Q9UBE0|SAE1_HUMAN,/core/www/modules//consensus/?run_id=110202&search_id=114132&scans_id=110198&peptide_id=12555&scanf=21113&charge=2&value=sp|Q9UBE0|SAE1_HUMAN,6,/core/www/modules/match_peptides/blast_html4.php?run_id=110202&search_id=114132&scans_id=110198&peptide_id=12555&scanf=21113&charge=2&value=6,K.NLILAGVK.G,/core/www/modules/show_out/show_out_wrapper.php?run_id=110202&search_id=114132&scans_id=110198&peptide_id=12555&scanf=21113&charge=2&value=K.NLILAGVK.G,SAE1,1.109e+7,2.406,0.029,1.538,0.001
21114,2,"  2.008","  0.420",9/16,/core/www/modules//sdig/index.php?run_id=110202&search_id=114132&scans_id=110198&peptide_id=12556&scanf=21114&charge=2&value=9/16,sp|P46087|NOP2_HUMAN,/core/www/modules//consensus/?run_id=110202&search_id=114132&scans_id=110198&peptide_id=12556&scanf=21114&charge=2&value=sp|P46087|NOP2_HUMAN,1,/core/www/modules/match_peptides/blast_html4.php?run_id=110202&search_id=114132&scans_id=110198&peptide_id=12556&scanf=21114&charge=2&value=1,R.GVNLDPLGK.W,/core/www/modules/show_out/show_out_wrapper.php?run_id=110202&search_id=114132&scans_id=110198&peptide_id=12556&scanf=21114&charge=2&value=R.GVNLDPLGK.W,NOP2,7.974e+7,3.018,0.004,2.435,0.000
21115,2,"  1.579","  0.384",9/16,/core/www/modules//sdig/index.php?run_id=110202&search_id=114132&scans_id=110198&peptide_id=12557&scanf=21115&charge=2&value=9/16,sp|O60493|SNX3_HUMAN,/core/www/modules//consensus/?run_id=110202&search_id=114132&scans_id=110198&peptide_id=12557&scanf=21115&charge=2&value=sp|O60493|SNX3_HUMAN,0,/core/www/modules/match_peptides/blast_html4.php?run_id=110202&search_id=114132&scans_id=110198&peptide_id=12557&scanf=21115&charge=2&value=0,K.VVVPPLPGK.A,/core/www/modules/show_out/show_out_wrapper.php?run_id=110202&search_id=114132&scans_id=110198&peptide_id=12557&scanf=21115&charge=2&value=K.VVVPPLPGK.A,SNX3,2.285e+7,2.782,0.008,2.086,0.000
21118,4,"  2.587","  0.440",12/96,/core/www/modules//sdig/index.php?run_id=110202&search_id=114132&scans_id=110198&peptide_id=12560&scanf=21118&charge=4&value=12/96,sp|Q07157|ZO1_HUMAN,/core/www/modules//consensus/?run_id=110202&search_id=114132&scans_id=110198&peptide_id=12560&scanf=21118&charge=4&value=sp|Q07157|ZO1_HUMAN,5,/core/www/modules/match_peptides/blast_html4.php?run_id=110202&search_id=114132&scans_id=110198&peptide_id=12560&scanf=21118&charge=4&value=5,R.IPEPQKPQLKPPEDIVR.S,/core/www/modules/show_out/show_out_wrapper.php?run_id=110202&search_id=114132&scans_id=110198&peptide_id=12560&scanf=21118&charge=4&value=R.IPEPQKPQLKPPEDIVR.S,TJP1,5.990e+6,3.039,0.003,2.466,0.000
21120,2,"  2.205","  0.477",15/30,/core/www/modules//sdig/index.php?run_id=110202&search_id=114132&scans_id=110198&peptide_id=12563&scanf=21120&charge=2&value=15/30,sp|Q9Y4W2|LAS1L_HUMAN,/core/www/modules//consensus/?run_id=110202&search_id=114132&scans_id=110198&peptide_id=12563&scanf=21120&charge=2&value=sp|Q9Y4W2|LAS1L_HUMAN,1,/core/www/modules/match_peptides/blast_html4.php?run_id=110202&search_id=114132&scans_id=110198&peptide_id=12563&scanf=21120&charge=2&value=1,R.GALQGSAWQVSSEDVR.W,/core/www/modules/show_out/show_out_wrapper.php?run_id=110202&search_id=114132&scans_id=110198&peptide_id=12563&scanf=21120&charge=2&value=R.GALQGSAWQVSSEDVR.W,LAS1L,1.055e+7,2.861,0.006,2.204,0.000
21122,2,"  2.881","  0.640",11/20,/core/www/modules//sdig/index.php?run_id=110202&search_id=114132&scans_id=110198&peptide_id=12565&scanf=21122&charge=2&value=11/20,sp|P17480|UBF1_HUMAN,/core/www/modules//consensus/?run_id=110202&search_id=114132&scans_id=110198&peptide_id=12565&scanf=21122&charge=2&value=sp|P17480|UBF1_HUMAN,2,/core/www/modules/match_peptides/blast_html4.php?run_id=110202&search_id=114132&scans_id=110198&peptide_id=12565&scanf=21122&charge=2&value=2,K.AMEMTWNNMEK.K,/core/www/modules/show_out/show_out_wrapper.php?run_id=110202&search_id=114132&scans_id=110198&peptide_id=12565&scanf=21122&charge=2&value=K.AMEMTWNNMEK.K,UBTF,8.473e+6,3.629,0.000,3.339,0.000
21123,2,"  1.906","  0.157",9/14,/core/www/modules//sdig/index.php?run_id=110202&search_id=114132&scans_id=110198&peptide_id=12566&scanf=21123&charge=2&value=9/14,sp|P13010|XRCC5_HUMAN,/core/www/modules//consensus/?run_id=110202&search_id=114132&scans_id=110198&peptide_id=12566&scanf=21123&charge=2&value=sp|P13010|XRCC5_HUMAN,0,/core/www/modules/match_peptides/blast_html4.php?run_id=110202&search_id=114132&scans_id=110198&peptide_id=12566&scanf=21123&charge=2&value=0,K.EDIIQGFR.Y,/core/www/modules/show_out/show_out_wrapper.php?run_id=110202&search_id=114132&scans_id=110198&peptide_id=12566&scanf=21123&charge=2&value=K.EDIIQGFR.Y,XRCC5,3.074e+7,2.328,0.037,1.426,0.001
21124,2,"  2.642","  0.572",9/18,/core/www/modules//sdig/index.php?run_id=110202&search_id=114132&scans_id=110198&peptide_id=12567&scanf=21124&charge=2&value=9/18,sp|P08670|VIME_HUMAN,/core/www/modules//consensus/?run_id=110202&search_id=114132&scans_id=110198&peptide_id=12567&scanf=21124&charge=2&value=sp|P08670|VIME_HUMAN,1,/core/www/modules/match_peptides/blast_html4.php?run_id=110202&search_id=114132&scans_id=110198&peptide_id=12567&scanf=21124&charge=2&value=1,R.LGDLYEEEMR.E,/core/www/modules/show_out/show_out_wrapper.php?run_id=110202&search_id=114132&scans_id=110198&peptide_id=12567&scanf=21124&charge=2&value=R.LGDLYEEEMR.E,VIM,1.637e+9,3.842,0.000,3.655,0.000
21127,2,"  2.114","  0.400",11/22,/core/www/modules//sdig/index.php?run_id=110202&search_id=114132&scans_id=110198&peptide_id=12570&scanf=21127&charge=2&value=11/22,sp|P21333|FLNA_HUMAN,/core/www/modules//consensus/?run_id=110202&search_id=114132&scans_id=110198&peptide_id=12570&scanf=21127&charge=2&value=sp|P21333|FLNA_HUMAN,2,/core/www/modules/match_peptides/blast_html4.php?run_id=110202&search_id=114132&scans_id=110198&peptide_id=12570&scanf=21127&charge=2&value=2,K.GKLDVQFSGLTK.G,/core/www/modules/show_out/show_out_wrapper.php?run_id=110202&search_id=114132&scans_id=110198&peptide_id=12570&scanf=21127&charge=2&value=K.GKLDVQFSGLTK.G,FLNA,5.877e+6,2.599,0.015,1.818,0.000
21128,3,"  3.048","  0.474",20/52,/core/www/modules//sdig/index.php?run_id=110202&search_id=114132&scans_id=110198&peptide_id=12571&scanf=21128&charge=3&value=20/52,sp|P46087|NOP2_HUMAN,/core/www/modules//consensus/?run_id=110202&search_id=114132&scans_id=110198&peptide_id=12571&scanf=21128&charge=3&value=sp|P46087|NOP2_HUMAN,0,/core/www/modules/match_peptides/blast_html4.php?run_id=110202&search_id=114132&scans_id=110198&peptide_id=12571&scanf=21128&charge=3&value=0,R.LGVTNTIISHYDGR.Q,/core/www/modules/show_out/show_out_wrapper.php?run_id=110202&search_id=114132&scans_id=110198&peptide_id=12571&scanf=21128&charge=3&value=R.LGVTNTIISHYDGR.Q,NOP2,8.435e+7,3.266,0.002,2.801,0.000
21131,3,"  2.814","  0.435",14/44,/core/www/modules//sdig/index.php?run_id=110202&search_id=114132&scans_id=110198&peptide_id=12574&scanf=21131&charge=3&value=14/44,sp|P68104|EF1A1_HUMAN,/core/www/modules//consensus/?run_id=110202&search_id=114132&scans_id=110198&peptide_id=12574&scanf=21131&charge=3&value=sp|P68104|EF1A1_HUMAN,8,/core/www/modules/match_peptides/blast_html4.php?run_id=110202&search_id=114132&scans_id=110198&peptide_id=12574&scanf=21131&charge=3&value=8,K.YYVTIIDAPGHR.D,/core/www/modules/show_out/show_out_wrapper.php?run_id=110202&search_id=114132&scans_id=110198&peptide_id=12574&scanf=21131&charge=3&value=K.YYVTIIDAPGHR.D,EEF1A1,3.141e+8,3.066,0.003,2.505,0.000
21132,2,"  2.818","  0.394",12/22,/core/www/modules//sdig/index.php?run_id=110202&search_id=114132&scans_id=110198&peptide_id=12575&scanf=21132&charge=2&value=12/22,sp|Q8NFW8|NEUA_HUMAN,/core/www/modules//consensus/?run_id=110202&search_id=114132&scans_id=110198&peptide_id=12575&scanf=21132&charge=2&value=sp|Q8NFW8|NEUA_HUMAN,1,/core/www/modules/match_peptides/blast_html4.php?run_id=110202&search_id=114132&scans_id=110198&peptide_id=12575&scanf=21132&charge=2&value=1,R.EVTEPLNLNPAK.R,/core/www/modules/show_out/show_out_wrapper.php?run_id=110202&search_id=114132&scans_id=110198&peptide_id=12575&scanf=21132&charge=2&value=R.EVTEPLNLNPAK.R,CMAS,2.709e+7,2.768,0.009,2.067,0.000
21133,2,"  3.055","  0.432",12/20,/core/www/modules//sdig/index.php?run_id=110202&search_id=114132&scans_id=110198&peptide_id=12576&scanf=21133&charge=2&value=12/20,sp|P54136|SYRC_HUMAN,/core/www/modules//consensus/?run_id=110202&search_id=114132&scans_id=110198&peptide_id=12576&scanf=21133&charge=2&value=sp|P54136|SYRC_HUMAN,0,/core/www/modules/match_peptides/blast_html4.php?run_id=110202&search_id=114132&scans_id=110198&peptide_id=12576&scanf=21133&charge=2&value=0,R.LANIDEEMLQK.A,/core/www/modules/show_out/show_out_wrapper.php?run_id=110202&search_id=114132&scans_id=110198&peptide_id=12576&scanf=21133&charge=2&value=R.LANIDEEMLQK.A,RARS1,2.306e+7,3.051,0.003,2.483,0.000
21135,3,"  4.994","  0.671",20/72,/core/www/modules//sdig/index.php?run_id=110202&search_id=114132&scans_id=110198&peptide_id=12578&scanf=21135&charge=3&value=20/72,sp|P22087|FBRL_HUMAN,/core/www/modules//consensus/?run_id=110202&search_id=114132&scans_id=110198&peptide_id=12578&scanf=21135&charge=3&value=sp|P22087|FBRL_HUMAN,2,/core/www/modules/match_peptides/blast_html4.php?run_id=110202&search_id=114132&scans_id=110198&peptide_id=12578&scanf=21135&charge=3&value=2,K.MQQENMKPQEQLTLEPYER.D,/core/www/modules/show_out/show_out_wrapper.php?run_id=110202&search_id=114132&scans_id=110198&peptide_id=12578&scanf=21135&charge=3&value=K.MQQENMKPQEQLTLEPYER.D,FBL,7.378e+7,3.680,0.000,3.414,0.000
21139,2,"  1.719","  0.214",9/14,/core/www/modules//sdig/index.php?run_id=110202&search_id=114132&scans_id=110198&peptide_id=12582&scanf=21139&charge=2&value=9/14,sp|P78527|PRKDC_HUMAN,/core/www/modules//consensus/?run_id=110202&search_id=114132&scans_id=110198&peptide_id=12582&scanf=21139&charge=2&value=sp|P78527|PRKDC_HUMAN,0,/core/www/modules/match_peptides/blast_html4.php?run_id=110202&search_id=114132&scans_id=110198&peptide_id=12582&scanf=21139&charge=2&value=0,K.RTFPVLLR.L,/core/www/modules/show_out/show_out_wrapper.php?run_id=110202&search_id=114132&scans_id=110198&peptide_id=12582&scanf=21139&charge=2&value=K.RTFPVLLR.L,PRKDC,1.758e+7,2.946,0.005,2.329,0.000
21142,2,"  1.500","  0.226",9/16,/core/www/modules//sdig/index.php?run_id=110202&search_id=114132&scans_id=110198&peptide_id=12586&scanf=21142&charge=2&value=9/16,sp|Q01844|EWS_HUMAN,/core/www/modules//consensus/?run_id=110202&search_id=114132&scans_id=110198&peptide_id=12586&scanf=21142&charge=2&value=sp|Q01844|EWS_HUMAN,4,/core/www/modules/match_peptides/blast_html4.php?run_id=110202&search_id=114132&scans_id=110198&peptide_id=12586&scanf=21142&charge=2&value=4,K.AAVEWFDGK.D,/core/www/modules/show_out/show_out_wrapper.php?run_id=110202&search_id=114132&scans_id=110198&peptide_id=12586&scanf=21142&charge=2&value=K.AAVEWFDGK.D,EWSR1,1.355e+8,2.273,0.045,1.348,0.002
21143,2,"  2.095","  0.376",9/14,/core/www/modules//sdig/index.php?run_id=110202&search_id=114132&scans_id=110198&peptide_id=12587&scanf=21143&charge=2&value=9/14,sp|Q9UKD2|MRT4_HUMAN,/core/www/modules//consensus/?run_id=110202&search_id=114132&scans_id=110198&peptide_id=12587&scanf=21143&charge=2&value=sp|Q9UKD2|MRT4_HUMAN,0,/core/www/modules/match_peptides/blast_html4.php?run_id=110202&search_id=114132&scans_id=110198&peptide_id=12587&scanf=21143&charge=2&value=0,K.VMMVALGR.S,/core/www/modules/show_out/show_out_wrapper.php?run_id=110202&search_id=114132&scans_id=110198&peptide_id=12587&scanf=21143&charge=2&value=K.VMMVALGR.S,MRTO4,4.985e+7,2.936,0.005,2.314,0.000
21145,3,"  4.009","  0.519",17/56,/core/www/modules//sdig/index.php?run_id=110202&search_id=114132&scans_id=110198&peptide_id=12589&scanf=21145&charge=3&value=17/56,sp|Q9GZR7|DDX24_HUMAN,/core/www/modules//consensus/?run_id=110202&search_id=114132&scans_id=110198&peptide_id=12589&scanf=21145&charge=3&value=sp|Q9GZR7|DDX24_HUMAN,1,/core/www/modules/match_peptides/blast_html4.php?run_id=110202&search_id=114132&scans_id=110198&peptide_id=12589&scanf=21145&charge=3&value=1,R.DKLDILGAAETGSGK.T,/core/www/modules/show_out/show_out_wrapper.php?run_id=110202&search_id=114132&scans_id=110198&peptide_id=12589&scanf=21145&charge=3&value=R.DKLDILGAAETGSGK.T,DDX24,1.575e+7,2.998,0.004,2.406,0.000
21148,2,"  2.943","  0.631",14/26,/core/www/modules//sdig/index.php?run_id=110202&search_id=114132&scans_id=110198&peptide_id=12592&scanf=21148&charge=2&value=14/26,sp|P09874|PARP1_HUMAN,/core/www/modules//consensus/?run_id=110202&search_id=114132&scans_id=110198&peptide_id=12592&scanf=21148&charge=2&value=sp|P09874|PARP1_HUMAN,3,/core/www/modules/match_peptides/blast_html4.php?run_id=110202&search_id=114132&scans_id=110198&peptide_id=12592&scanf=21148&charge=2&value=3,K.MVDPEKPQLGMIDR.W,/core/www/modules/show_out/show_out_wrapper.php?run_id=110202&search_id=114132&scans_id=110198&peptide_id=12592&scanf=21148&charge=2&value=K.MVDPEKPQLGMIDR.W,PARP1,4.881e+6,3.571,0.001,3.254,0.000
21152,2,"  3.139","  0.516",12/20,/core/www/modules//sdig/index.php?run_id=110202&search_id=114132&scans_id=110198&peptide_id=12596&scanf=21152&charge=2&value=12/20,sp|Q7KZF4|SND1_HUMAN,/core/www/modules//consensus/?run_id=110202&search_id=114132&scans_id=110198&peptide_id=12596&scanf=21152&charge=2&value=sp|Q7KZF4|SND1_HUMAN,0,/core/www/modules/match_peptides/blast_html4.php?run_id=110202&search_id=114132&scans_id=110198&peptide_id=12596&scanf=21152&charge=2&value=0,R.LGTLSPAFSTR.V,/core/www/modules/show_out/show_out_wrapper.php?run_id=110202&search_id=114132&scans_id=110198&peptide_id=12596&scanf=21152&charge=2&value=R.LGTLSPAFSTR.V,SND1,8.348e+7,3.400,0.001,3.000,0.000
21155,4,"  3.377","  0.473",20/120,/core/www/modules//sdig/index.php?run_id=110202&search_id=114132&scans_id=110198&peptide_id=12599&scanf=21155&charge=4&value=20/120,sp|Q9UKM9|RALY_HUMAN,/core/www/modules//consensus/?run_id=110202&search_id=114132&scans_id=110198&peptide_id=12599&scanf=21155&charge=4&value=sp|Q9UKM9|RALY_HUMAN,2,/core/www/modules/match_peptides/blast_html4.php?run_id=110202&search_id=114132&scans_id=110198&peptide_id=12599&scanf=21155&charge=4&value=2,R.VLAGQTLDINMAGEPKPDRPK.G,/core/www/modules/show_out/show_out_wrapper.php?run_id=110202&search_id=114132&scans_id=110198&peptide_id=12599&scanf=21155&charge=4&value=R.VLAGQTLDINMAGEPKPDRPK.G,RALY,9.916e+7,3.116,0.003,2.579,0.000
21157,3,"  5.550","  0.638",23/64,/core/www/modules//sdig/index.php?run_id=110202&search_id=114132&scans_id=110198&peptide_id=12601&scanf=21157&charge=3&value=23/64,sp|Q9NSE4|SYIM_HUMAN,/core/www/modules//consensus/?run_id=110202&search_id=114132&scans_id=110198&peptide_id=12601&scanf=21157&charge=3&value=sp|Q9NSE4|SYIM_HUMAN,0,/core/www/modules/match_peptides/blast_html4.php?run_id=110202&search_id=114132&scans_id=110198&peptide_id=12601&scanf=21157&charge=3&value=0,R.TALAEAELEYNPEHVSR.S,/core/www/modules/show_out/show_out_wrapper.php?run_id=110202&search_id=114132&scans_id=110198&peptide_id=12601&scanf=21157&charge=3&value=R.TALAEAELEYNPEHVSR.S,IARS2,5.338e+6,3.759,0.000,3.532,0.000
21160,3,"  4.747","  0.618",23/60,/core/www/modules//sdig/index.php?run_id=110202&search_id=114132&scans_id=110198&peptide_id=12605&scanf=21160&charge=3&value=23/60,sp|P06576|ATPB_HUMAN,/core/www/modules//consensus/?run_id=110202&search_id=114132&scans_id=110198&peptide_id=12605&scanf=21160&charge=3&value=sp|P06576|ATPB_HUMAN,1,/core/www/modules/match_peptides/blast_html4.php?run_id=110202&search_id=114132&scans_id=110198&peptide_id=12605&scanf=21160&charge=3&value=1,R.IMDPNIVGSEHYDVAR.G,/core/www/modules/show_out/show_out_wrapper.php?run_id=110202&search_id=114132&scans_id=110198&peptide_id=12605&scanf=21160&charge=3&value=R.IMDPNIVGSEHYDVAR.G,ATP5F1B,6.384e+7,3.740,0.000,3.505,0.000
21164,2,"  2.568","  0.332",10/18,/core/www/modules//sdig/index.php?run_id=110202&search_id=114132&scans_id=110198&peptide_id=12609&scanf=21164&charge=2&value=10/18,sp|P51991|ROA3_HUMAN,/core/www/modules//consensus/?run_id=110202&search_id=114132&scans_id=110198&peptide_id=12609&scanf=21164&charge=2&value=sp|P51991|ROA3_HUMAN,5,/core/www/modules/match_peptides/blast_html4.php?run_id=110202&search_id=114132&scans_id=110198&peptide_id=12609&scanf=21164&charge=2&value=5,K.IETIEVMEDR.Q,/core/www/modules/show_out/show_out_wrapper.php?run_id=110202&search_id=114132&scans_id=110198&peptide_id=12609&scanf=21164&charge=2&value=K.IETIEVMEDR.Q,HNRNPA3,6.922e+8,2.444,0.026,1.592,0.001
21168,2,"  1.971","  0.290",8/12,/core/www/modules//sdig/index.php?run_id=110202&search_id=114132&scans_id=110198&peptide_id=12613&scanf=21168&charge=2&value=8/12,sp|Q99832|TCPH_HUMAN,/core/www/modules//consensus/?run_id=110202&search_id=114132&scans_id=110198&peptide_id=12613&scanf=21168&charge=2&value=sp|Q99832|TCPH_HUMAN,0,/core/www/modules/match_peptides/blast_html4.php?run_id=110202&search_id=114132&scans_id=110198&peptide_id=12613&scanf=21168&charge=2&value=0,K.ALEIIPR.Q,/core/www/modules/show_out/show_out_wrapper.php?run_id=110202&search_id=114132&scans_id=110198&peptide_id=12613&scanf=21168&charge=2&value=K.ALEIIPR.Q,CCT7,4.418e+7,2.779,0.008,2.082,0.000
21170,2,"  1.801","  0.461",10/18,/core/www/modules//sdig/index.php?run_id=110202&search_id=114132&scans_id=110198&peptide_id=12616&scanf=21170&charge=2&value=10/18,sp|P53621|COPA_HUMAN,/core/www/modules//consensus/?run_id=110202&search_id=114132&scans_id=110198&peptide_id=12616&scanf=21170&charge=2&value=sp|P53621|COPA_HUMAN,5,/core/www/modules/match_peptides/blast_html4.php?run_id=110202&search_id=114132&scans_id=110198&peptide_id=12616&scanf=21170&charge=2&value=5,K.GFFEGTIASK.G,/core/www/modules/show_out/show_out_wrapper.php?run_id=110202&search_id=114132&scans_id=110198&peptide_id=12616&scanf=21170&charge=2&value=K.GFFEGTIASK.G,COPA,2.144e+7,2.944,0.005,2.326,0.000
21171,2,"  2.033","  0.099",7/14,/core/www/modules//sdig/index.php?run_id=110202&search_id=114132&scans_id=110198&peptide_id=12617&scanf=21171&charge=2&value=7/14,sp|Q13415|ORC1_HUMAN,/core/www/modules//consensus/?run_id=110202&search_id=114132&scans_id=110198&peptide_id=12617&scanf=21171&charge=2&value=sp|Q13415|ORC1_HUMAN,0,/core/www/modules/match_peptides/blast_html4.php?run_id=110202&search_id=114132&scans_id=110198&peptide_id=12617&scanf=21171&charge=2&value=0,R.LLLVEPSR.N,/core/www/modules/show_out/show_out_wrapper.php?run_id=110202&search_id=114132&scans_id=110198&peptide_id=12617&scanf=21171&charge=2&value=R.LLLVEPSR.N,ORC1,4.328e+6,1.816,0.183,0.737,0.010
21173,2,"  1.607","  0.376",9/16,/core/www/modules//sdig/index.php?run_id=110202&search_id=114132&scans_id=110198&peptide_id=12618&scanf=21173&charge=2&value=9/16,sp|P19338|NUCL_HUMAN,/core/www/modules//consensus/?run_id=110202&search_id=114132&scans_id=110198&peptide_id=12618&scanf=21173&charge=2&value=sp|P19338|NUCL_HUMAN,10,/core/www/modules/match_peptides/blast_html4.php?run_id=110202&search_id=114132&scans_id=110198&peptide_id=12618&scanf=21173&charge=2&value=10,K.TGISDVFAK.N,/core/www/modules/show_out/show_out_wrapper.php?run_id=110202&search_id=114132&scans_id=110198&peptide_id=12618&scanf=21173&charge=2&value=K.TGISDVFAK.N,NCL,2.749e+8,2.935,0.005,2.312,0.000
21174,3,"  2.962","  0.369",14/36,/core/www/modules//sdig/index.php?run_id=110202&search_id=114132&scans_id=110198&peptide_id=12619&scanf=21174&charge=3&value=14/36,sp|Q9Y262|EIF3L_HUMAN,/core/www/modules//consensus/?run_id=110202&search_id=114132&scans_id=110198&peptide_id=12619&scanf=21174&charge=3&value=sp|Q9Y262|EIF3L_HUMAN,2,/core/www/modules/match_peptides/blast_html4.php?run_id=110202&search_id=114132&scans_id=110198&peptide_id=12619&scanf=21174&charge=3&value=2,R.IDESIHLQLR.E,/core/www/modules/show_out/show_out_wrapper.php?run_id=110202&search_id=114132&scans_id=110198&peptide_id=12619&scanf=21174&charge=3&value=R.IDESIHLQLR.E,EIF3L,1.670e+7,3.026,0.004,2.446,0.000
21175,2,"  2.688","  0.504",10/16,/core/www/modules//sdig/index.php?run_id=110202&search_id=114132&scans_id=110198&peptide_id=12620&scanf=21175&charge=2&value=10/16,sp|Q8N3U4|STAG2_HUMAN,/core/www/modules//consensus/?run_id=110202&search_id=114132&scans_id=110198&peptide_id=12620&scanf=21175&charge=2&value=sp|Q8N3U4|STAG2_HUMAN,6,/core/www/modules/match_peptides/blast_html4.php?run_id=110202&search_id=114132&scans_id=110198&peptide_id=12620&scanf=21175&charge=2&value=6,K.GVVTAEMFR.H,/core/www/modules/show_out/show_out_wrapper.php?run_id=110202&search_id=114132&scans_id=110198&peptide_id=12620&scanf=21175&charge=2&value=K.GVVTAEMFR.H,STAG2,1.809e+7,3.386,0.001,2.979,0.000
21177,3,"  2.756","  0.401",12/60,/core/www/modules//sdig/index.php?run_id=110202&search_id=114132&scans_id=110198&peptide_id=12622&scanf=21177&charge=3&value=12/60,sp|P05387|RLA2_HUMAN,/core/www/modules//consensus/?run_id=110202&search_id=114132&scans_id=110198&peptide_id=12622&scanf=21177&charge=3&value=sp|P05387|RLA2_HUMAN,0,/core/www/modules/match_peptides/blast_html4.php?run_id=110202&search_id=114132&scans_id=110198&peptide_id=12622&scanf=21177&charge=3&value=0,K.ILDSVGIEADDDRLNK.V,/core/www/modules/show_out/show_out_wrapper.php?run_id=110202&search_id=114132&scans_id=110198&peptide_id=12622&scanf=21177&charge=3&value=K.ILDSVGIEADDDRLNK.V,RPLP2,2.237e+8,2.346,0.035,1.452,0.001
21179,3,"  2.193","  0.191",11/32,/core/www/modules//sdig/index.php?run_id=110202&search_id=114132&scans_id=110198&peptide_id=12624&scanf=21179&charge=3&value=11/32,sp|P49736|MCM2_HUMAN,/core/www/modules//consensus/?run_id=110202&search_id=114132&scans_id=110198&peptide_id=12624&scanf=21179&charge=3&value=sp|P49736|MCM2_HUMAN,1,/core/www/modules/match_peptides/blast_html4.php?run_id=110202&search_id=114132&scans_id=110198&peptide_id=12624&scanf=21179&charge=3&value=1,R.QLHLNQLIR.T,/core/www/modules/show_out/show_out_wrapper.php?run_id=110202&search_id=114132&scans_id=110198&peptide_id=12624&scanf=21179&charge=3&value=R.QLHLNQLIR.T,MCM2,1.476e+7,2.375,0.032,1.494,0.001
21181,2,"  3.867","  0.555",16/24,/core/www/modules//sdig/index.php?run_id=110202&search_id=114132&scans_id=110198&peptide_id=12627&scanf=21181&charge=2&value=16/24,sp|Q13206|DDX10_HUMAN,/core/www/modules//consensus/?run_id=110202&search_id=114132&scans_id=110198&peptide_id=12627&scanf=21181&charge=2&value=sp|Q13206|DDX10_HUMAN,4,/core/www/modules/match_peptides/blast_html4.php?run_id=110202&search_id=114132&scans_id=110198&peptide_id=12627&scanf=21181&charge=2&value=4,R.APSLTNDEVEEFR.A,/core/www/modules/show_out/show_out_wrapper.php?run_id=110202&search_id=114132&scans_id=110198&peptide_id=12627&scanf=21181&charge=2&value=R.APSLTNDEVEEFR.A,DDX10,1.369e+7,3.557,0.001,3.233,0.000
21184,2,"  2.558","  0.000",9/20,/core/www/modules//sdig/index.php?run_id=110202&search_id=114132&scans_id=110198&peptide_id=12630&scanf=21184&charge=2&value=9/20,sp|O95716|RAB3D_HUMAN,/core/www/modules//consensus/?run_id=110202&search_id=114132&scans_id=110198&peptide_id=12630&scanf=21184&charge=2&value=sp|O95716|RAB3D_HUMAN,1,/core/www/modules/match_peptides/blast_html4.php?run_id=110202&search_id=114132&scans_id=110198&peptide_id=12630&scanf=21184&charge=2&value=1,K.LQIWDTAGQER.Y,/core/www/modules/show_out/show_out_wrapper.php?run_id=110202&search_id=114132&scans_id=110198&peptide_id=12630&scanf=21184&charge=2&value=K.LQIWDTAGQER.Y,RAB3D,7.567e+7,2.753,0.009,2.045,0.000
21185,3,"  5.162","  0.667",21/56,/core/www/modules//sdig/index.php?run_id=110202&search_id=114132&scans_id=110198&peptide_id=12631&scanf=21185&charge=3&value=21/56,sp|O00267|SPT5H_HUMAN,/core/www/modules//consensus/?run_id=110202&search_id=114132&scans_id=110198&peptide_id=12631&scanf=21185&charge=3&value=sp|O00267|SPT5H_HUMAN,0,/core/www/modules/match_peptides/blast_html4.php?run_id=110202&search_id=114132&scans_id=110198&peptide_id=12631&scanf=21185&charge=3&value=0,R.FAVALDSEQNNIHVK.D,/core/www/modules/show_out/show_out_wrapper.php?run_id=110202&search_id=114132&scans_id=110198&peptide_id=12631&scanf=21185&charge=3&value=R.FAVALDSEQNNIHVK.D,SUPT5H,3.707e+8,3.964,0.000,3.836,0.000
21186,3,"  2.262","  0.403",13/36,/core/www/modules//sdig/index.php?run_id=110202&search_id=114132&scans_id=110198&peptide_id=12632&scanf=21186&charge=3&value=13/36,sp|Q14697|GANAB_HUMAN,/core/www/modules//consensus/?run_id=110202&search_id=114132&scans_id=110198&peptide_id=12632&scanf=21186&charge=3&value=sp|Q14697|GANAB_HUMAN,2,/core/www/modules/match_peptides/blast_html4.php?run_id=110202&search_id=114132&scans_id=110198&peptide_id=12632&scanf=21186&charge=3&value=2,K.LVAIVDPHIK.V,/core/www/modules/show_out/show_out_wrapper.php?run_id=110202&search_id=114132&scans_id=110198&peptide_id=12632&scanf=21186&charge=3&value=K.LVAIVDPHIK.V,GANAB,4.864e+6,3.034,0.003,2.459,0.000
21187,2,"  2.548","  0.482",8/24,/core/www/modules//sdig/index.php?run_id=110202&search_id=114132&scans_id=110198&peptide_id=12633&scanf=21187&charge=2&value=8/24,sp|P26373|RL13_HUMAN,/core/www/modules//consensus/?run_id=110202&search_id=114132&scans_id=110198&peptide_id=12633&scanf=21187&charge=2&value=sp|P26373|RL13_HUMAN,0,/core/www/modules/match_peptides/blast_html4.php?run_id=110202&search_id=114132&scans_id=110198&peptide_id=12633&scanf=21187&charge=2&value=0,K.LATQLTGPVM*PVR.N,/core/www/modules/show_out/show_out_wrapper.php?run_id=110202&search_id=114132&scans_id=110198&peptide_id=12633&scanf=21187&charge=2&value=K.LATQLTGPVM*PVR.N,RPL13,6.753e+6,2.700,0.011,1.966,0.000
21189,3,"  2.646","  0.428",14/36,/core/www/modules//sdig/index.php?run_id=110202&search_id=114132&scans_id=110198&peptide_id=12635&scanf=21189&charge=3&value=14/36,sp|P62701|RS4X_HUMAN,/core/www/modules//consensus/?run_id=110202&search_id=114132&scans_id=110198&peptide_id=12635&scanf=21189&charge=3&value=sp|P62701|RS4X_HUMAN,0,/core/www/modules/match_peptides/blast_html4.php?run_id=110202&search_id=114132&scans_id=110198&peptide_id=12635&scanf=21189&charge=3&value=0,K.GNKPWISLPR.G,/core/www/modules/show_out/show_out_wrapper.php?run_id=110202&search_id=114132&scans_id=110198&peptide_id=12635&scanf=21189&charge=3&value=K.GNKPWISLPR.G,RPS4X,1.601e+8,3.212,0.002,2.721,0.000
21194,2,"  2.867","  0.398",11/16,/core/www/modules//sdig/index.php?run_id=110202&search_id=114132&scans_id=110198&peptide_id=12640&scanf=21194&charge=2&value=11/16,sp|P02545|LMNA_HUMAN,/core/www/modules//consensus/?run_id=110202&search_id=114132&scans_id=110198&peptide_id=12640&scanf=21194&charge=2&value=sp|P02545|LMNA_HUMAN,6,/core/www/modules/match_peptides/blast_html4.php?run_id=110202&search_id=114132&scans_id=110198&peptide_id=12640&scanf=21194&charge=2&value=6,R.LADALQELR.A,/core/www/modules/show_out/show_out_wrapper.php?run_id=110202&search_id=114132&scans_id=110198&peptide_id=12640&scanf=21194&charge=2&value=R.LADALQELR.A,LMNA,2.432e+8,3.212,0.002,2.722,0.000
21195,4,"  4.233","  0.583",20/78,/core/www/modules//sdig/index.php?run_id=110202&search_id=114132&scans_id=110198&peptide_id=12641&scanf=21195&charge=4&value=20/78,sp|Q14152|EIF3A_HUMAN,/core/www/modules//consensus/?run_id=110202&search_id=114132&scans_id=110198&peptide_id=12641&scanf=21195&charge=4&value=sp|Q14152|EIF3A_HUMAN,0,/core/www/modules/match_peptides/blast_html4.php?run_id=110202&search_id=114132&scans_id=110198&peptide_id=12641&scanf=21195&charge=4&value=0,K.ALEVIKPAHILQEK.E,/core/www/modules/show_out/show_out_wrapper.php?run_id=110202&search_id=114132&scans_id=110198&peptide_id=12641&scanf=21195&charge=4&value=K.ALEVIKPAHILQEK.E,EIF3A,2.617e+7,3.981,0.000,3.861,0.000
21196,3,"  3.546","  0.554",14/36,/core/www/modules//sdig/index.php?run_id=110202&search_id=114132&scans_id=110198&peptide_id=12642&scanf=21196&charge=3&value=14/36,sp|Q99832|TCPH_HUMAN,/core/www/modules//consensus/?run_id=110202&search_id=114132&scans_id=110198&peptide_id=12642&scanf=21196&charge=3&value=sp|Q99832|TCPH_HUMAN,0,/core/www/modules/match_peptides/blast_html4.php?run_id=110202&search_id=114132&scans_id=110198&peptide_id=12642&scanf=21196&charge=3&value=0,R.SLHDAIMIVR.R,/core/www/modules/show_out/show_out_wrapper.php?run_id=110202&search_id=114132&scans_id=110198&peptide_id=12642&scanf=21196&charge=3&value=R.SLHDAIMIVR.R,CCT7,4.152e+7,3.687,0.000,3.425,0.000
21200,2,"  2.042","  0.388",8/12,/core/www/modules//sdig/index.php?run_id=110202&search_id=114132&scans_id=110198&peptide_id=12647&scanf=21200&charge=2&value=8/12,sp|Q92878|RAD50_HUMAN,/core/www/modules//consensus/?run_id=110202&search_id=114132&scans_id=110198&peptide_id=12647&scanf=21200&charge=2&value=sp|Q92878|RAD50_HUMAN,2,/core/www/modules/match_peptides/blast_html4.php?run_id=110202&search_id=114132&scans_id=110198&peptide_id=12647&scanf=21200&charge=2&value=2,R.EMMIVMR.T,/core/www/modules/show_out/show_out_wrapper.php?run_id=110202&search_id=114132&scans_id=110198&peptide_id=12647&scanf=21200&charge=2&value=R.EMMIVMR.T,RAD50,1.265e+7,3.130,0.003,2.600,0.000
21201,2,"  1.978","  0.202",6/20,/core/www/modules//sdig/index.php?run_id=110202&search_id=114132&scans_id=110198&peptide_id=12648&scanf=21201&charge=2&value=6/20,sp|Q5JTH9|RRP12_HUMAN,/core/www/modules//consensus/?run_id=110202&search_id=114132&scans_id=110198&peptide_id=12648&scanf=21201&charge=2&value=sp|Q5JTH9|RRP12_HUMAN,0,/core/www/modules/match_peptides/blast_html4.php?run_id=110202&search_id=114132&scans_id=110198&peptide_id=12648&scanf=21201&charge=2&value=0,K.HVQLVMEAIGK.L,/core/www/modules/show_out/show_out_wrapper.php?run_id=110202&search_id=114132&scans_id=110198&peptide_id=12648&scanf=21201&charge=2&value=K.HVQLVMEAIGK.L,RRP12,5.479e+6,1.836,0.173,0.763,0.009
21202,3,"  6.992","  0.625",23/72,/core/www/modules//sdig/index.php?run_id=110202&search_id=114132&scans_id=110198&peptide_id=12649&scanf=21202&charge=3&value=23/72,sp|Q14980|NUMA1_HUMAN,/core/www/modules//consensus/?run_id=110202&search_id=114132&scans_id=110198&peptide_id=12649&scanf=21202&charge=3&value=sp|Q14980|NUMA1_HUMAN,2,/core/www/modules/match_peptides/blast_html4.php?run_id=110202&search_id=114132&scans_id=110198&peptide_id=12649&scanf=21202&charge=3&value=2,K.LSQLEEHLSQLQDNPPQEK.G,/core/www/modules/show_out/show_out_wrapper.php?run_id=110202&search_id=114132&scans_id=110198&peptide_id=12649&scanf=21202&charge=3&value=K.LSQLEEHLSQLQDNPPQEK.G,NUMA1,1.239e+7,3.861,0.000,3.684,0.000
21203,3,"  2.179","  0.423",9/32,/core/www/modules//sdig/index.php?run_id=110202&search_id=114132&scans_id=110198&peptide_id=12650&scanf=21203&charge=3&value=9/32,sp|Q09028|RBBP4_HUMAN,/core/www/modules//consensus/?run_id=110202&search_id=114132&scans_id=110198&peptide_id=12650&scanf=21203&charge=3&value=sp|Q09028|RBBP4_HUMAN,7,/core/www/modules/match_peptides/blast_html4.php?run_id=110202&search_id=114132&scans_id=110198&peptide_id=12650&scanf=21203&charge=3&value=7,R.RLNVWDLSK.I,/core/www/modules/show_out/show_out_wrapper.php?run_id=110202&search_id=114132&scans_id=110198&peptide_id=12650&scanf=21203&charge=3&value=R.RLNVWDLSK.I,RBBP4,7.131e+6,2.690,0.011,1.952,0.000
21204,2,"  3.706","  0.625",15/24,/core/www/modules//sdig/index.php?run_id=110202&search_id=114132&scans_id=110198&peptide_id=12651&scanf=21204&charge=2&value=15/24,sp|P10599|THIO_HUMAN,/core/www/modules//consensus/?run_id=110202&search_id=114132&scans_id=110198&peptide_id=12651&scanf=21204&charge=2&value=sp|P10599|THIO_HUMAN,0,/core/www/modules/match_peptides/blast_html4.php?run_id=110202&search_id=114132&scans_id=110198&peptide_id=12651&scanf=21204&charge=2&value=0,K.TAFQEALDAAGDK.L,/core/www/modules/show_out/show_out_wrapper.php?run_id=110202&search_id=114132&scans_id=110198&peptide_id=12651&scanf=21204&charge=2&value=K.TAFQEALDAAGDK.L,TXN,2.072e+7,3.658,0.000,3.382,0.000
21205,3,"  3.159","  0.564",13/36,/core/www/modules//sdig/index.php?run_id=110202&search_id=114132&scans_id=110198&peptide_id=12652&scanf=21205&charge=3&value=13/36,sp|Q12873|CHD3_HUMAN,/core/www/modules//consensus/?run_id=110202&search_id=114132&scans_id=110198&peptide_id=12652&scanf=21205&charge=3&value=sp|Q12873|CHD3_HUMAN,24,/core/www/modules/match_peptides/blast_html4.php?run_id=110202&search_id=114132&scans_id=110198&peptide_id=12652&scanf=21205&charge=3&value=24,K.DKPLPPLLAR.V,/core/www/modules/show_out/show_out_wrapper.php?run_id=110202&search_id=114132&scans_id=110198&peptide_id=12652&scanf=21205&charge=3&value=K.DKPLPPLLAR.V,CHD3,1.966e+7,3.664,0.000,3.391,0.000
21206,2,"  2.041","  0.146",8/14,/core/www/modules//sdig/index.php?run_id=110202&search_id=114132&scans_id=110198&peptide_id=12653&scanf=21206&charge=2&value=8/14,sp|Q9GZY0|NXF2_HUMAN,/core/www/modules//consensus/?run_id=110202&search_id=114132&scans_id=110198&peptide_id=12653&scanf=21206&charge=2&value=sp|Q9GZY0|NXF2_HUMAN,1,/core/www/modules/match_peptides/blast_html4.php?run_id=110202&search_id=114132&scans_id=110198&peptide_id=12653&scanf=21206&charge=2&value=1,K.VTIPYGIK.Y,/core/www/modules/show_out/show_out_wrapper.php?run_id=110202&search_id=114132&scans_id=110198&peptide_id=12653&scanf=21206&charge=2&value=K.VTIPYGIK.Y,NXF2B,3.441e+7,1.922,0.135,0.870,0.007
21207,3,"  2.484","  0.261",9/36,/core/www/modules//sdig/index.php?run_id=110202&search_id=114132&scans_id=110198&peptide_id=12654&scanf=21207&charge=3&value=9/36,sp|P11142|HSP7C_HUMAN,/core/www/modules//consensus/?run_id=110202&search_id=114132&scans_id=110198&peptide_id=12654&scanf=21207&charge=3&value=sp|P11142|HSP7C_HUMAN,3,/core/www/modules/match_peptides/blast_html4.php?run_id=110202&search_id=114132&scans_id=110198&peptide_id=12654&scanf=21207&charge=3&value=3,R.MVNHFIAEFK.R,/core/www/modules/show_out/show_out_wrapper.php?run_id=110202&search_id=114132&scans_id=110198&peptide_id=12654&scanf=21207&charge=3&value=R.MVNHFIAEFK.R,HSPA8,4.312e+7,2.492,0.022,1.663,0.001
21208,3,"  2.504","  0.183",10/44,/core/www/modules//sdig/index.php?run_id=110202&search_id=114132&scans_id=110198&peptide_id=12655&scanf=21208&charge=3&value=10/44,sp|O60762|DPM1_HUMAN,/core/www/modules//consensus/?run_id=110202&search_id=114132&scans_id=110198&peptide_id=12655&scanf=21208&charge=3&value=sp|O60762|DPM1_HUMAN,5,/core/www/modules/match_peptides/blast_html4.php?run_id=110202&search_id=114132&scans_id=110198&peptide_id=12655&scanf=21208&charge=3&value=5,K.LGLGTAYIHGMK.H,/core/www/modules/show_out/show_out_wrapper.php?run_id=110202&search_id=114132&scans_id=110198&peptide_id=12655&scanf=21208&charge=3&value=K.LGLGTAYIHGMK.H,DPM1,6.566e+6,2.002,0.106,0.975,0.005
21209,3,"  5.515","  0.567",23/76,/core/www/modules//sdig/index.php?run_id=110202&search_id=114132&scans_id=110198&peptide_id=12656&scanf=21209&charge=3&value=23/76,sp|O00232|PSD12_HUMAN,/core/www/modules//consensus/?run_id=110202&search_id=114132&scans_id=110198&peptide_id=12656&scanf=21209&charge=3&value=sp|O00232|PSD12_HUMAN,0,/core/www/modules/match_peptides/blast_html4.php?run_id=110202&search_id=114132&scans_id=110198&peptide_id=12656&scanf=21209&charge=3&value=0,K.GSLESPATDVFGSTEEGEKR.W,/core/www/modules/show_out/show_out_wrapper.php?run_id=110202&search_id=114132&scans_id=110198&peptide_id=12656&scanf=21209&charge=3&value=K.GSLESPATDVFGSTEEGEKR.W,PSMD12,5.932e+6,3.077,0.003,2.522,0.000
21210,2,"  2.349","  0.346",9/20,/core/www/modules//sdig/index.php?run_id=110202&search_id=114132&scans_id=110198&peptide_id=12658&scanf=21210&charge=2&value=9/20,sp|Q68CQ4|UTP25_HUMAN,/core/www/modules//consensus/?run_id=110202&search_id=114132&scans_id=110198&peptide_id=12658&scanf=21210&charge=2&value=sp|Q68CQ4|UTP25_HUMAN,0,/core/www/modules/match_peptides/blast_html4.php?run_id=110202&search_id=114132&scans_id=110198&peptide_id=12658&scanf=21210&charge=2&value=0,R.SQSQLLNTLTK.K,/core/www/modules/show_out/show_out_wrapper.php?run_id=110202&search_id=114132&scans_id=110198&peptide_id=12658&scanf=21210&charge=2&value=R.SQSQLLNTLTK.K,UTP25,4.912e+6,2.414,0.028,1.549,0.001
21212,3,"  8.362","  0.753",24/104,/core/www/modules//sdig/index.php?run_id=110202&search_id=114132&scans_id=110198&peptide_id=12660&scanf=21212&charge=3&value=24/104,sp|Q99986|VRK1_HUMAN,/core/www/modules//consensus/?run_id=110202&search_id=114132&scans_id=110198&peptide_id=12660&scanf=21212&charge=3&value=sp|Q99986|VRK1_HUMAN,11,/core/www/modules/match_peptides/blast_html4.php?run_id=110202&search_id=114132&scans_id=110198&peptide_id=12660&scanf=21212&charge=3&value=11,K.EIEESKEPGVEDTEWSNTQTEEAIQTR.S,/core/www/modules/show_out/show_out_wrapper.php?run_id=110202&search_id=114132&scans_id=110198&peptide_id=12660&scanf=21212&charge=3&value=K.EIEESKEPGVEDTEWSNTQTEEAIQTR.S,VRK1,2.716e+6,3.444,0.001,3.066,0.000
21216,2,"  2.569","  0.495",13/22,/core/www/modules//sdig/index.php?run_id=110202&search_id=114132&scans_id=110198&peptide_id=12663&scanf=21216&charge=2&value=13/22,sp|P31942|HNRH3_HUMAN,/core/www/modules//consensus/?run_id=110202&search_id=114132&scans_id=110198&peptide_id=12663&scanf=21216&charge=2&value=sp|P31942|HNRH3_HUMAN,0,/core/www/modules/match_peptides/blast_html4.php?run_id=110202&search_id=114132&scans_id=110198&peptide_id=12663&scanf=21216&charge=2&value=0,R.STGEAFVQFASK.E,/core/www/modules/show_out/show_out_wrapper.php?run_id=110202&search_id=114132&scans_id=110198&peptide_id=12663&scanf=21216&charge=2&value=R.STGEAFVQFASK.E,HNRNPH3,9.341e+7,3.192,0.002,2.693,0.000
21217,3,"  3.651","  0.468",14/60,/core/www/modules//sdig/index.php?run_id=110202&search_id=114132&scans_id=110198&peptide_id=12664&scanf=21217&charge=3&value=14/60,sp|O43707|ACTN4_HUMAN,/core/www/modules//consensus/?run_id=110202&search_id=114132&scans_id=110198&peptide_id=12664&scanf=21217&charge=3&value=sp|O43707|ACTN4_HUMAN,1,/core/www/modules/match_peptides/blast_html4.php?run_id=110202&search_id=114132&scans_id=110198&peptide_id=12664&scanf=21217&charge=3&value=1,K.M*LDAEDIVNTARPDEK.A,/core/www/modules/show_out/show_out_wrapper.php?run_id=110202&search_id=114132&scans_id=110198&peptide_id=12664&scanf=21217&charge=3&value=K.M*LDAEDIVNTARPDEK.A,ACTN4,1.520e+7,3.296,0.001,2.846,0.000
21218,2,"  2.326","  0.427",11/12,/core/www/modules//sdig/index.php?run_id=110202&search_id=114132&scans_id=110198&peptide_id=12665&scanf=21218&charge=2&value=11/12,sp|P04908|H2A1B_HUMAN,/core/www/modules//consensus/?run_id=110202&search_id=114132&scans_id=110198&peptide_id=12665&scanf=21218&charge=2&value=sp|P04908|H2A1B_HUMAN,20,/core/www/modules/match_peptides/blast_html4.php?run_id=110202&search_id=114132&scans_id=110198&peptide_id=12665&scanf=21218&charge=2&value=20,R.HLQLAIR.N,/core/www/modules/show_out/show_out_wrapper.php?run_id=110202&search_id=114132&scans_id=110198&peptide_id=12665&scanf=21218&charge=2&value=R.HLQLAIR.N,H2AC8,1.860e+9,3.759,0.000,3.532,0.000
21225,3,"  5.126","  0.626",21/68,/core/www/modules//sdig/index.php?run_id=110202&search_id=114132&scans_id=110198&peptide_id=12672&scanf=21225&charge=3&value=21/68,sp|P84098|RL19_HUMAN,/core/www/modules//consensus/?run_id=110202&search_id=114132&scans_id=110198&peptide_id=12672&scanf=21225&charge=3&value=sp|P84098|RL19_HUMAN,7,/core/www/modules/match_peptides/blast_html4.php?run_id=110202&search_id=114132&scans_id=110198&peptide_id=12672&scanf=21225&charge=3&value=7,K.KVWLDPNETNEIANANSR.Q,/core/www/modules/show_out/show_out_wrapper.php?run_id=110202&search_id=114132&scans_id=110198&peptide_id=12672&scanf=21225&charge=3&value=K.KVWLDPNETNEIANANSR.Q,RPL19,8.391e+6,3.323,0.001,2.886,0.000
21226,2,"  2.245","  0.018",9/14,/core/www/modules//sdig/index.php?run_id=110202&search_id=114132&scans_id=110198&peptide_id=12673&scanf=21226&charge=2&value=9/14,sp|Q15397|PUM3_HUMAN,/core/www/modules//consensus/?run_id=110202&search_id=114132&scans_id=110198&peptide_id=12673&scanf=21226&charge=2&value=sp|Q15397|PUM3_HUMAN,0,/core/www/modules/match_peptides/blast_html4.php?run_id=110202&search_id=114132&scans_id=110198&peptide_id=12673&scanf=21226&charge=2&value=0,R.EIIEVLQK.G,/core/www/modules/show_out/show_out_wrapper.php?run_id=110202&search_id=114132&scans_id=110198&peptide_id=12673&scanf=21226&charge=2&value=R.EIIEVLQK.G,PUM3,8.445e+7,1.878,0.153,0.815,0.008
21228,2,"  5.653","  0.709",22/28,/core/www/modules//sdig/index.php?run_id=110202&search_id=114132&scans_id=110198&peptide_id=12675&scanf=21228&charge=2&value=22/28,sp|Q969G3|SMCE1_HUMAN,/core/www/modules//consensus/?run_id=110202&search_id=114132&scans_id=110198&peptide_id=12675&scanf=21228&charge=2&value=sp|Q969G3|SMCE1_HUMAN,12,/core/www/modules/match_peptides/blast_html4.php?run_id=110202&search_id=114132&scans_id=110198&peptide_id=12675&scanf=21228&charge=2&value=12,K.AYHNSPAYLAYINAK.S,/core/www/modules/show_out/show_out_wrapper.php?run_id=110202&search_id=114132&scans_id=110198&peptide_id=12675&scanf=21228&charge=2&value=K.AYHNSPAYLAYINAK.S,SMARCE1,3.471e+6,4.289,0.000,4.318,0.000
21229,2,"  5.457","  0.689",19/28,/core/www/modules//sdig/index.php?run_id=110202&search_id=114132&scans_id=110198&peptide_id=12676&scanf=21229&charge=2&value=19/28,sp|Q13435|SF3B2_HUMAN,/core/www/modules//consensus/?run_id=110202&search_id=114132&scans_id=110198&peptide_id=12676&scanf=21229&charge=2&value=sp|Q13435|SF3B2_HUMAN,4,/core/www/modules/match_peptides/blast_html4.php?run_id=110202&search_id=114132&scans_id=110198&peptide_id=12676&scanf=21229&charge=2&value=4,K.LAQQQAALLMQQEER.A,/core/www/modules/show_out/show_out_wrapper.php?run_id=110202&search_id=114132&scans_id=110198&peptide_id=12676&scanf=21229&charge=2&value=K.LAQQQAALLMQQEER.A,SF3B2,6.392e+6,4.021,0.000,3.920,0.000
21231,3,"  3.062","  0.251",11/48,/core/www/modules//sdig/index.php?run_id=110202&search_id=114132&scans_id=110198&peptide_id=12679&scanf=21231&charge=3&value=11/48,sp|Q9NTI5|PDS5B_HUMAN,/core/www/modules//consensus/?run_id=110202&search_id=114132&scans_id=110198&peptide_id=12679&scanf=21231&charge=3&value=sp|Q9NTI5|PDS5B_HUMAN,0,/core/www/modules/match_peptides/blast_html4.php?run_id=110202&search_id=114132&scans_id=110198&peptide_id=12679&scanf=21231&charge=3&value=0,K.LLHIYYQNSIDDR.L,/core/www/modules/show_out/show_out_wrapper.php?run_id=110202&search_id=114132&scans_id=110198&peptide_id=12679&scanf=21231&charge=3&value=K.LLHIYYQNSIDDR.L,PDS5B,9.117e+6,2.309,0.040,1.399,0.001
21232,2,"  1.903","  0.361",8/12,/core/www/modules//sdig/index.php?run_id=110202&search_id=114132&scans_id=110198&peptide_id=12680&scanf=21232&charge=2&value=8/12,sp|Q08945|SSRP1_HUMAN,/core/www/modules//consensus/?run_id=110202&search_id=114132&scans_id=110198&peptide_id=12680&scanf=21232&charge=2&value=sp|Q08945|SSRP1_HUMAN,1,/core/www/modules/match_peptides/blast_html4.php?run_id=110202&search_id=114132&scans_id=110198&peptide_id=12680&scanf=21232&charge=2&value=1,R.LFLLPHK.D,/core/www/modules/show_out/show_out_wrapper.php?run_id=110202&search_id=114132&scans_id=110198&peptide_id=12680&scanf=21232&charge=2&value=R.LFLLPHK.D,SSRP1,6.251e+7,3.005,0.004,2.415,0.000
21233,2,"  3.337","  0.565",14/22,/core/www/modules//sdig/index.php?run_id=110202&search_id=114132&scans_id=110198&peptide_id=12681&scanf=21233&charge=2&value=14/22,sp|P17980|PRS6A_HUMAN,/core/www/modules//consensus/?run_id=110202&search_id=114132&scans_id=110198&peptide_id=12681&scanf=21233&charge=2&value=sp|P17980|PRS6A_HUMAN,2,/core/www/modules/match_peptides/blast_html4.php?run_id=110202&search_id=114132&scans_id=110198&peptide_id=12681&scanf=21233&charge=2&value=2,R.KIEFPMPNEEAR.A,/core/www/modules/show_out/show_out_wrapper.php?run_id=110202&search_id=114132&scans_id=110198&peptide_id=12681&scanf=21233&charge=2&value=R.KIEFPMPNEEAR.A,PSMC3,5.146e+6,3.268,0.002,2.804,0.000
21237,2,"  2.741","  0.555",12/18,/core/www/modules//sdig/index.php?run_id=110202&search_id=114132&scans_id=110198&peptide_id=12684&scanf=21237&charge=2&value=12/18,sp|P41252|SYIC_HUMAN,/core/www/modules//consensus/?run_id=110202&search_id=114132&scans_id=110198&peptide_id=12684&scanf=21237&charge=2&value=sp|P41252|SYIC_HUMAN,10,/core/www/modules/match_peptides/blast_html4.php?run_id=110202&search_id=114132&scans_id=110198&peptide_id=12684&scanf=21237&charge=2&value=10,K.LESDYEILER.F,/core/www/modules/show_out/show_out_wrapper.php?run_id=110202&search_id=114132&scans_id=110198&peptide_id=12684&scanf=21237&charge=2&value=K.LESDYEILER.F,IARS1,1.765e+7,3.637,0.000,3.351,0.000
21239,2,"  3.970","  0.715",14/28,/core/www/modules//sdig/index.php?run_id=110202&search_id=114132&scans_id=110198&peptide_id=12686&scanf=21239&charge=2&value=14/28,sp|P52272|HNRPM_HUMAN,/core/www/modules//consensus/?run_id=110202&search_id=114132&scans_id=110198&peptide_id=12686&scanf=21239&charge=2&value=sp|P52272|HNRPM_HUMAN,3,/core/www/modules/match_peptides/blast_html4.php?run_id=110202&search_id=114132&scans_id=110198&peptide_id=12686&scanf=21239&charge=2&value=3,R.MGLAMGGGGGASFDR.A,/core/www/modules/show_out/show_out_wrapper.php?run_id=110202&search_id=114132&scans_id=110198&peptide_id=12686&scanf=21239&charge=2&value=R.MGLAMGGGGGASFDR.A,HNRNPM,4.982e+7,3.970,0.000,3.845,0.000
21241,2,"  2.117","  0.464",9/14,/core/www/modules//sdig/index.php?run_id=110202&search_id=114132&scans_id=110198&peptide_id=12689&scanf=21241&charge=2&value=9/14,sp|P05198|IF2A_HUMAN,/core/www/modules//consensus/?run_id=110202&search_id=114132&scans_id=110198&peptide_id=12689&scanf=21241&charge=2&value=sp|P05198|IF2A_HUMAN,2,/core/www/modules/match_peptides/blast_html4.php?run_id=110202&search_id=114132&scans_id=110198&peptide_id=12689&scanf=21241&charge=2&value=2,R.TAWVFDDK.Y,/core/www/modules/show_out/show_out_wrapper.php?run_id=110202&search_id=114132&scans_id=110198&peptide_id=12689&scanf=21241&charge=2&value=R.TAWVFDDK.Y,EIF2S1,1.353e+7,3.218,0.002,2.731,0.000
21242,2,"  1.790","  0.189",10/16,/core/www/modules//sdig/index.php?run_id=110202&search_id=114132&scans_id=110198&peptide_id=12690&scanf=21242&charge=2&value=10/16,sp|Q9P2R7|SUCB1_HUMAN,/core/www/modules//consensus/?run_id=110202&search_id=114132&scans_id=110198&peptide_id=12690&scanf=21242&charge=2&value=sp|Q9P2R7|SUCB1_HUMAN,3,/core/www/modules/match_peptides/blast_html4.php?run_id=110202&search_id=114132&scans_id=110198&peptide_id=12690&scanf=21242&charge=2&value=3,K.LSEIVTLAK.Q,/core/www/modules/show_out/show_out_wrapper.php?run_id=110202&search_id=114132&scans_id=110198&peptide_id=12690&scanf=21242&charge=2&value=K.LSEIVTLAK.Q,SUCLA2,1.907e+7,2.181,0.060,1.219,0.002
21243,2,"  2.678","  0.213",12/20,/core/www/modules//sdig/index.php?run_id=110202&search_id=114132&scans_id=110198&peptide_id=12691&scanf=21243&charge=2&value=12/20,sp|P60709|ACTB_HUMAN,/core/www/modules//consensus/?run_id=110202&search_id=114132&scans_id=110198&peptide_id=12691&scanf=21243&charge=2&value=sp|P60709|ACTB_HUMAN,12,/core/www/modules/match_peptides/blast_html4.php?run_id=110202&search_id=114132&scans_id=110198&peptide_id=12691&scanf=21243&charge=2&value=12,K.EITALAPSTMK.I,/core/www/modules/show_out/show_out_wrapper.php?run_id=110202&search_id=114132&scans_id=110198&peptide_id=12691&scanf=21243&charge=2&value=K.EITALAPSTMK.I,ACTB,2.690e+9,2.818,0.007,2.140,0.000
21244,2,"  3.189","  0.424",13/20,/core/www/modules//sdig/index.php?run_id=110202&search_id=114132&scans_id=110198&peptide_id=12692&scanf=21244&charge=2&value=13/20,sp|Q99460|PSMD1_HUMAN,/core/www/modules//consensus/?run_id=110202&search_id=114132&scans_id=110198&peptide_id=12692&scanf=21244&charge=2&value=sp|Q99460|PSMD1_HUMAN,7,/core/www/modules/match_peptides/blast_html4.php?run_id=110202&search_id=114132&scans_id=110198&peptide_id=12692&scanf=21244&charge=2&value=7,K.VSTAVLSITAK.A,/core/www/modules/show_out/show_out_wrapper.php?run_id=110202&search_id=114132&scans_id=110198&peptide_id=12692&scanf=21244&charge=2&value=K.VSTAVLSITAK.A,PSMD1,2.075e+7,2.930,0.005,2.304,0.000
21245,3,"  4.403","  0.598",19/40,/core/www/modules//sdig/index.php?run_id=110202&search_id=114132&scans_id=110198&peptide_id=12693&scanf=21245&charge=3&value=19/40,sp|Q12905|ILF2_HUMAN,/core/www/modules//consensus/?run_id=110202&search_id=114132&scans_id=110198&peptide_id=12693&scanf=21245&charge=3&value=sp|Q12905|ILF2_HUMAN,1,/core/www/modules/match_peptides/blast_html4.php?run_id=110202&search_id=114132&scans_id=110198&peptide_id=12693&scanf=21245&charge=3&value=1,R.KLDPELHLDIK.V,/core/www/modules/show_out/show_out_wrapper.php?run_id=110202&search_id=114132&scans_id=110198&peptide_id=12693&scanf=21245&charge=3&value=R.KLDPELHLDIK.V,ILF2,2.848e+8,3.752,0.000,3.522,0.000
21246,2,"  3.920","  0.511",18/20,/core/www/modules//sdig/index.php?run_id=110202&search_id=114132&scans_id=110198&peptide_id=12694&scanf=21246&charge=2&value=18/20,sp|P32969|RL9_HUMAN,/core/www/modules//consensus/?run_id=110202&search_id=114132&scans_id=110198&peptide_id=12694&scanf=21246&charge=2&value=sp|P32969|RL9_HUMAN,4,/core/www/modules/match_peptides/blast_html4.php?run_id=110202&search_id=114132&scans_id=110198&peptide_id=12694&scanf=21246&charge=2&value=4,R.KFLDGIYVSEK.G,/core/www/modules/show_out/show_out_wrapper.php?run_id=110202&search_id=114132&scans_id=110198&peptide_id=12694&scanf=21246&charge=2&value=R.KFLDGIYVSEK.G,RPL9P9,2.860e+7,3.512,0.001,3.166,0.000
21247,2,"  2.227","  0.451",9/22,/core/www/modules//sdig/index.php?run_id=110202&search_id=114132&scans_id=110198&peptide_id=12695&scanf=21247&charge=2&value=9/22,sp|P38117|ETFB_HUMAN,/core/www/modules//consensus/?run_id=110202&search_id=114132&scans_id=110198&peptide_id=12695&scanf=21247&charge=2&value=sp|P38117|ETFB_HUMAN,0,/core/www/modules/match_peptides/blast_html4.php?run_id=110202&search_id=114132&scans_id=110198&peptide_id=12695&scanf=21247&charge=2&value=0,K.LSVISVEDPPQR.T,/core/www/modules/show_out/show_out_wrapper.php?run_id=110202&search_id=114132&scans_id=110198&peptide_id=12695&scanf=21247&charge=2&value=K.LSVISVEDPPQR.T,ETFB,1.836e+7,2.737,0.010,2.020,0.000
21249,2,"  2.111","  0.272",8/14,/core/www/modules//sdig/index.php?run_id=110202&search_id=114132&scans_id=110198&peptide_id=12697&scanf=21249&charge=2&value=8/14,sp|Q2TB10|ZN800_HUMAN,/core/www/modules//consensus/?run_id=110202&search_id=114132&scans_id=110198&peptide_id=12697&scanf=21249&charge=2&value=sp|Q2TB10|ZN800_HUMAN,0,/core/www/modules/match_peptides/blast_html4.php?run_id=110202&search_id=114132&scans_id=110198&peptide_id=12697&scanf=21249&charge=2&value=0,K.LSAGFDFK.Q,/core/www/modules/show_out/show_out_wrapper.php?run_id=110202&search_id=114132&scans_id=110198&peptide_id=12697&scanf=21249&charge=2&value=K.LSAGFDFK.Q,ZNF800,2.776e+7,2.465,0.024,1.624,0.001
21252,3,"  1.968","  0.045",7/40,/core/www/modules//sdig/index.php?run_id=110202&search_id=114132&scans_id=110198&peptide_id=12701&scanf=21252&charge=3&value=7/40,sp|P60709|ACTB_HUMAN,/core/www/modules//consensus/?run_id=110202&search_id=114132&scans_id=110198&peptide_id=12701&scanf=21252&charge=3&value=sp|P60709|ACTB_HUMAN,25,/core/www/modules/match_peptides/blast_html4.php?run_id=110202&search_id=114132&scans_id=110198&peptide_id=12701&scanf=21252&charge=3&value=25,K.IWHHTFYNELR.V,/core/www/modules/show_out/show_out_wrapper.php?run_id=110202&search_id=114132&scans_id=110198&peptide_id=12701&scanf=21252&charge=3&value=K.IWHHTFYNELR.V,ACTB,4.334e+6,2.098,0.079,1.105,0.003
21253,2,"  1.738","  0.104",8/14,/core/www/modules//sdig/index.php?run_id=110202&search_id=114132&scans_id=110198&peptide_id=12702&scanf=21253&charge=2&value=8/14,sp|Q9UBU9|NXF1_HUMAN,/core/www/modules//consensus/?run_id=110202&search_id=114132&scans_id=110198&peptide_id=12702&scanf=21253&charge=2&value=sp|Q9UBU9|NXF1_HUMAN,1,/core/www/modules/match_peptides/blast_html4.php?run_id=110202&search_id=114132&scans_id=110198&peptide_id=12702&scanf=21253&charge=2&value=1,R.SSLAEYFK.D,/core/www/modules/show_out/show_out_wrapper.php?run_id=110202&search_id=114132&scans_id=110198&peptide_id=12702&scanf=21253&charge=2&value=R.SSLAEYFK.D,NXF1,1.580e+7,1.971,0.116,0.934,0.005
21254,3,"  6.007","  0.776",23/76,/core/www/modules//sdig/index.php?run_id=110202&search_id=114132&scans_id=110198&peptide_id=12703&scanf=21254&charge=3&value=23/76,sp|Q9Y5B9|SP16H_HUMAN,/core/www/modules//consensus/?run_id=110202&search_id=114132&scans_id=110198&peptide_id=12703&scanf=21254&charge=3&value=sp|Q9Y5B9|SP16H_HUMAN,0,/core/www/modules/match_peptides/blast_html4.php?run_id=110202&search_id=114132&scans_id=110198&peptide_id=12703&scanf=21254&charge=3&value=0,K.NEDEEEEEEEKDEAEDLLGR.G,/core/www/modules/show_out/show_out_wrapper.php?run_id=110202&search_id=114132&scans_id=110198&peptide_id=12703&scanf=21254&charge=3&value=K.NEDEEEEEEEKDEAEDLLGR.G,SUPT16H,3.125e+7,3.873,0.000,3.701,0.000
21257,2,"  2.253","  0.249",9/14,/core/www/modules//sdig/index.php?run_id=110202&search_id=114132&scans_id=110198&peptide_id=12705&scanf=21257&charge=2&value=9/14,sp|P61353|RL27_HUMAN,/core/www/modules//consensus/?run_id=110202&search_id=114132&scans_id=110198&peptide_id=12705&scanf=21257&charge=2&value=sp|P61353|RL27_HUMAN,2,/core/www/modules/match_peptides/blast_html4.php?run_id=110202&search_id=114132&scans_id=110198&peptide_id=12705&scanf=21257&charge=2&value=2,K.VVLVLAGR.Y,/core/www/modules/show_out/show_out_wrapper.php?run_id=110202&search_id=114132&scans_id=110198&peptide_id=12705&scanf=21257&charge=2&value=K.VVLVLAGR.Y,RPL27,3.740e+8,2.544,0.018,1.737,0.000
21258,2,"  1.784","  0.108",9/14,/core/www/modules//sdig/index.php?run_id=110202&search_id=114132&scans_id=110198&peptide_id=12706&scanf=21258&charge=2&value=9/14,sp|P38919|IF4A3_HUMAN,/core/www/modules//consensus/?run_id=110202&search_id=114132&scans_id=110198&peptide_id=12706&scanf=21258&charge=2&value=sp|P38919|IF4A3_HUMAN,1,/core/www/modules/match_peptides/blast_html4.php?run_id=110202&search_id=114132&scans_id=110198&peptide_id=12706&scanf=21258&charge=2&value=1,K.GVAINFVK.N,/core/www/modules/show_out/show_out_wrapper.php?run_id=110202&search_id=114132&scans_id=110198&peptide_id=12706&scanf=21258&charge=2&value=K.GVAINFVK.N,EIF4A3,2.683e+7,2.064,0.088,1.058,0.004
21259,2,"  1.905","  0.424",10/16,/core/www/modules//sdig/index.php?run_id=110202&search_id=114132&scans_id=110198&peptide_id=12707&scanf=21259&charge=2&value=10/16,sp|Q9NY93|DDX56_HUMAN,/core/www/modules//consensus/?run_id=110202&search_id=114132&scans_id=110198&peptide_id=12707&scanf=21259&charge=2&value=sp|Q9NY93|DDX56_HUMAN,3,/core/www/modules/match_peptides/blast_html4.php?run_id=110202&search_id=114132&scans_id=110198&peptide_id=12707&scanf=21259&charge=2&value=3,K.AIPLALEGK.D,/core/www/modules/show_out/show_out_wrapper.php?run_id=110202&search_id=114132&scans_id=110198&peptide_id=12707&scanf=21259&charge=2&value=K.AIPLALEGK.D,DDX56,6.285e+7,3.018,0.004,2.435,0.000
21260,2,"  2.231","  0.462",12/24,/core/www/modules//sdig/index.php?run_id=110202&search_id=114132&scans_id=110198&peptide_id=12709&scanf=21260&charge=2&value=12/24,sp|Q6P2Q9|PRP8_HUMAN,/core/www/modules//consensus/?run_id=110202&search_id=114132&scans_id=110198&peptide_id=12709&scanf=21260&charge=2&value=sp|Q6P2Q9|PRP8_HUMAN,0,/core/www/modules/match_peptides/blast_html4.php?run_id=110202&search_id=114132&scans_id=110198&peptide_id=12709&scanf=21260&charge=2&value=0,R.QILMASGSTTFTK.I,/core/www/modules/show_out/show_out_wrapper.php?run_id=110202&search_id=114132&scans_id=110198&peptide_id=12709&scanf=21260&charge=2&value=R.QILMASGSTTFTK.I,PRPF8,1.391e+7,3.127,0.003,2.596,0.000
21262,2,"  2.603","  0.485",11/16,/core/www/modules//sdig/index.php?run_id=110202&search_id=114132&scans_id=110198&peptide_id=12711&scanf=21262&charge=2&value=11/16,sp|P60228|EIF3E_HUMAN,/core/www/modules//consensus/?run_id=110202&search_id=114132&scans_id=110198&peptide_id=12711&scanf=21262&charge=2&value=sp|P60228|EIF3E_HUMAN,17,/core/www/modules/match_peptides/blast_html4.php?run_id=110202&search_id=114132&scans_id=110198&peptide_id=12711&scanf=21262&charge=2&value=17,R.QEYLDTLYR.Y,/core/www/modules/show_out/show_out_wrapper.php?run_id=110202&search_id=114132&scans_id=110198&peptide_id=12711&scanf=21262&charge=2&value=R.QEYLDTLYR.Y,EIF3E,6.858e+6,3.308,0.001,2.863,0.000
21263,3,"  2.928","  0.353",12/40,/core/www/modules//sdig/index.php?run_id=110202&search_id=114132&scans_id=110198&peptide_id=12712&scanf=21263&charge=3&value=12/40,sp|Q9BR76|COR1B_HUMAN,/core/www/modules//consensus/?run_id=110202&search_id=114132&scans_id=110198&peptide_id=12712&scanf=21263&charge=3&value=sp|Q9BR76|COR1B_HUMAN,2,/core/www/modules/match_peptides/blast_html4.php?run_id=110202&search_id=114132&scans_id=110198&peptide_id=12712&scanf=21263&charge=3&value=2,R.VGIIAWHPTAR.N,/core/www/modules/show_out/show_out_wrapper.php?run_id=110202&search_id=114132&scans_id=110198&peptide_id=12712&scanf=21263&charge=3&value=R.VGIIAWHPTAR.N,CORO1B,6.483e+7,2.817,0.007,2.138,0.000
21264,2,"  1.993","  0.354",9/16,/core/www/modules//sdig/index.php?run_id=110202&search_id=114132&scans_id=110198&peptide_id=12713&scanf=21264&charge=2&value=9/16,sp|Q03701|CEBPZ_HUMAN,/core/www/modules//consensus/?run_id=110202&search_id=114132&scans_id=110198&peptide_id=12713&scanf=21264&charge=2&value=sp|Q03701|CEBPZ_HUMAN,0,/core/www/modules/match_peptides/blast_html4.php?run_id=110202&search_id=114132&scans_id=110198&peptide_id=12713&scanf=21264&charge=2&value=0,K.ALLVQVVNK.L,/core/www/modules/show_out/show_out_wrapper.php?run_id=110202&search_id=114132&scans_id=110198&peptide_id=12713&scanf=21264&charge=2&value=K.ALLVQVVNK.L,CEBPZ,3.428e+7,2.763,0.009,2.059,0.000
21267,2,"  2.544","  0.461",10/20,/core/www/modules//sdig/index.php?run_id=110202&search_id=114132&scans_id=110198&peptide_id=12716&scanf=21267&charge=2&value=10/20,sp|O94805|ACL6B_HUMAN,/core/www/modules//consensus/?run_id=110202&search_id=114132&scans_id=110198&peptide_id=12716&scanf=21267&charge=2&value=sp|O94805|ACL6B_HUMAN,1,/core/www/modules/match_peptides/blast_html4.php?run_id=110202&search_id=114132&scans_id=110198&peptide_id=12716&scanf=21267&charge=2&value=1,K.TAVLTAFANGR.S,/core/www/modules/show_out/show_out_wrapper.php?run_id=110202&search_id=114132&scans_id=110198&peptide_id=12716&scanf=21267&charge=2&value=K.TAVLTAFANGR.S,ACTL6B,2.080e+7,2.921,0.005,2.291,0.000
21268,2,"  1.655","  0.136",10/18,/core/www/modules//sdig/index.php?run_id=110202&search_id=114132&scans_id=110198&peptide_id=12717&scanf=21268&charge=2&value=10/18,sp|Q13813|SPTN1_HUMAN,/core/www/modules//consensus/?run_id=110202&search_id=114132&scans_id=110198&peptide_id=12717&scanf=21268&charge=2&value=sp|Q13813|SPTN1_HUMAN,2,/core/www/modules/match_peptides/blast_html4.php?run_id=110202&search_id=114132&scans_id=110198&peptide_id=12717&scanf=21268&charge=2&value=2,R.DVEDEETWIR.E,/core/www/modules/show_out/show_out_wrapper.php?run_id=110202&search_id=114132&scans_id=110198&peptide_id=12717&scanf=21268&charge=2&value=R.DVEDEETWIR.E,SPTAN1,4.499e+6,2.083,0.083,1.083,0.003
21269,3,"  4.134","  0.616",25/116,/core/www/modules//sdig/index.php?run_id=110202&search_id=114132&scans_id=110198&peptide_id=12718&scanf=21269&charge=3&value=25/116,sp|Q16531|DDB1_HUMAN,/core/www/modules//consensus/?run_id=110202&search_id=114132&scans_id=110198&peptide_id=12718&scanf=21269&charge=3&value=sp|Q16531|DDB1_HUMAN,7,/core/www/modules/match_peptides/blast_html4.php?run_id=110202&search_id=114132&scans_id=110198&peptide_id=12718&scanf=21269&charge=3&value=7,R.IEVQDTSGGTTALRPSASTQALSSSVSSSK.L,/core/www/modules/show_out/show_out_wrapper.php?run_id=110202&search_id=114132&scans_id=110198&peptide_id=12718&scanf=21269&charge=3&value=R.IEVQDTSGGTTALRPSASTQALSSSVSSSK.L,DDB1,3.882e+6,2.965,0.004,2.357,0.000
21273,2,"  2.819","  0.457",12/18,/core/www/modules//sdig/index.php?run_id=110202&search_id=114132&scans_id=110198&peptide_id=12723&scanf=21273&charge=2&value=12/18,sp|Q14690|RRP5_HUMAN,/core/www/modules//consensus/?run_id=110202&search_id=114132&scans_id=110198&peptide_id=12723&scanf=21273&charge=2&value=sp|Q14690|RRP5_HUMAN,1,/core/www/modules/match_peptides/blast_html4.php?run_id=110202&search_id=114132&scans_id=110198&peptide_id=12723&scanf=21273&charge=2&value=1,R.LGPSVVGLAR.Y,/core/www/modules/show_out/show_out_wrapper.php?run_id=110202&search_id=114132&scans_id=110198&peptide_id=12723&scanf=21273&charge=2&value=R.LGPSVVGLAR.Y,PDCD11,4.146e+7,3.355,0.001,2.934,0.000
21274,2,"  3.085","  0.576",17/34,/core/www/modules//sdig/index.php?run_id=110202&search_id=114132&scans_id=110198&peptide_id=12724&scanf=21274&charge=2&value=17/34,sp|O43159|RRP8_HUMAN,/core/www/modules//consensus/?run_id=110202&search_id=114132&scans_id=110198&peptide_id=12724&scanf=21274&charge=2&value=sp|O43159|RRP8_HUMAN,1,/core/www/modules/match_peptides/blast_html4.php?run_id=110202&search_id=114132&scans_id=110198&peptide_id=12724&scanf=21274&charge=2&value=1,K.FQPPQVPDQAPAEAPTEK.T,/core/www/modules/show_out/show_out_wrapper.php?run_id=110202&search_id=114132&scans_id=110198&peptide_id=12724&scanf=21274&charge=2&value=K.FQPPQVPDQAPAEAPTEK.T,RRP8,6.046e+6,3.111,0.003,2.572,0.000
21275,2,"  1.567","  0.290",7/16,/core/www/modules//sdig/index.php?run_id=110202&search_id=114132&scans_id=110198&peptide_id=12725&scanf=21275&charge=2&value=7/16,sp|O95347|SMC2_HUMAN,/core/www/modules//consensus/?run_id=110202&search_id=114132&scans_id=110198&peptide_id=12725&scanf=21275&charge=2&value=sp|O95347|SMC2_HUMAN,1,/core/www/modules/match_peptides/blast_html4.php?run_id=110202&search_id=114132&scans_id=110198&peptide_id=12725&scanf=21275&charge=2&value=1,K.DYDWINAER.H,/core/www/modules/show_out/show_out_wrapper.php?run_id=110202&search_id=114132&scans_id=110198&peptide_id=12725&scanf=21275&charge=2&value=K.DYDWINAER.H,SMC2,3.009e+6,2.342,0.036,1.446,0.001
21276,3,"  2.425","  0.354",11/56,/core/www/modules//sdig/index.php?run_id=110202&search_id=114132&scans_id=110198&peptide_id=12726&scanf=21276&charge=3&value=11/56,sp|Q13310|PABP4_HUMAN,/core/www/modules//consensus/?run_id=110202&search_id=114132&scans_id=110198&peptide_id=12726&scanf=21276&charge=3&value=sp|Q13310|PABP4_HUMAN,7,/core/www/modules/match_peptides/blast_html4.php?run_id=110202&search_id=114132&scans_id=110198&peptide_id=12726&scanf=21276&charge=3&value=7,K.GYAFVHFETQEAADK.A,/core/www/modules/show_out/show_out_wrapper.php?run_id=110202&search_id=114132&scans_id=110198&peptide_id=12726&scanf=21276&charge=3&value=K.GYAFVHFETQEAADK.A,PABPC4,3.910e+6,2.478,0.023,1.642,0.001
21278,3,"  3.407","  0.454",15/56,/core/www/modules//sdig/index.php?run_id=110202&search_id=114132&scans_id=110198&peptide_id=12727&scanf=21278&charge=3&value=15/56,sp|Q13435|SF3B2_HUMAN,/core/www/modules//consensus/?run_id=110202&search_id=114132&scans_id=110198&peptide_id=12727&scanf=21278&charge=3&value=sp|Q13435|SF3B2_HUMAN,4,/core/www/modules/match_peptides/blast_html4.php?run_id=110202&search_id=114132&scans_id=110198&peptide_id=12727&scanf=21278&charge=3&value=4,K.LAQQQAALLMQQEER.A,/core/www/modules/show_out/show_out_wrapper.php?run_id=110202&search_id=114132&scans_id=110198&peptide_id=12727&scanf=21278&charge=3&value=K.LAQQQAALLMQQEER.A,SF3B2,1.316e+7,2.962,0.004,2.352,0.000
21280,2,"  3.498","  0.575",14/24,/core/www/modules//sdig/index.php?run_id=110202&search_id=114132&scans_id=110198&peptide_id=12730&scanf=21280&charge=2&value=14/24,sp|P11387|TOP1_HUMAN,/core/www/modules//consensus/?run_id=110202&search_id=114132&scans_id=110198&peptide_id=12730&scanf=21280&charge=2&value=sp|P11387|TOP1_HUMAN,1,/core/www/modules/match_peptides/blast_html4.php?run_id=110202&search_id=114132&scans_id=110198&peptide_id=12730&scanf=21280&charge=2&value=1,R.TYNASITLQQQLK.E,/core/www/modules/show_out/show_out_wrapper.php?run_id=110202&search_id=114132&scans_id=110198&peptide_id=12730&scanf=21280&charge=2&value=R.TYNASITLQQQLK.E,TOP1,2.831e+7,3.558,0.001,3.234,0.000
21281,2,"  1.919","  0.311",8/12,/core/www/modules//sdig/index.php?run_id=110202&search_id=114132&scans_id=110198&peptide_id=12731&scanf=21281&charge=2&value=8/12,sp|O00159|MYO1C_HUMAN,/core/www/modules//consensus/?run_id=110202&search_id=114132&scans_id=110198&peptide_id=12731&scanf=21281&charge=2&value=sp|O00159|MYO1C_HUMAN,1,/core/www/modules/match_peptides/blast_html4.php?run_id=110202&search_id=114132&scans_id=110198&peptide_id=12731&scanf=21281&charge=2&value=1,R.FDEVLIR.H,/core/www/modules/show_out/show_out_wrapper.php?run_id=110202&search_id=114132&scans_id=110198&peptide_id=12731&scanf=21281&charge=2&value=R.FDEVLIR.H,MYO1C,3.809e+7,2.887,0.006,2.241,0.000
21283,2,"  2.715","  0.341",10/16,/core/www/modules//sdig/index.php?run_id=110202&search_id=114132&scans_id=110198&peptide_id=12733&scanf=21283&charge=2&value=10/16,sp|Q01082|SPTB2_HUMAN,/core/www/modules//consensus/?run_id=110202&search_id=114132&scans_id=110198&peptide_id=12733&scanf=21283&charge=2&value=sp|Q01082|SPTB2_HUMAN,1,/core/www/modules/match_peptides/blast_html4.php?run_id=110202&search_id=114132&scans_id=110198&peptide_id=12733&scanf=21283&charge=2&value=1,R.ENEVLEAWK.S,/core/www/modules/show_out/show_out_wrapper.php?run_id=110202&search_id=114132&scans_id=110198&peptide_id=12733&scanf=21283&charge=2&value=R.ENEVLEAWK.S,SPTBN1,7.609e+6,2.994,0.004,2.399,0.000
21284,2,"  1.666","  0.255",9/16,/core/www/modules//sdig/index.php?run_id=110202&search_id=114132&scans_id=110198&peptide_id=12734&scanf=21284&charge=2&value=9/16,sp|P62875|RPAB5_HUMAN,/core/www/modules//consensus/?run_id=110202&search_id=114132&scans_id=110198&peptide_id=12734&scanf=21284&charge=2&value=sp|P62875|RPAB5_HUMAN,0,/core/www/modules/match_peptides/blast_html4.php?run_id=110202&search_id=114132&scans_id=110198&peptide_id=12734&scanf=21284&charge=2&value=0,K.LLNYAPLEK.-,/core/www/modules/show_out/show_out_wrapper.php?run_id=110202&search_id=114132&scans_id=110198&peptide_id=12734&scanf=21284&charge=2&value=K.LLNYAPLEK.-,POLR2L,1.673e+7,2.347,0.035,1.453,0.001
21286,3,"  2.823","  0.334",15/32,/core/www/modules//sdig/index.php?run_id=110202&search_id=114132&scans_id=110198&peptide_id=12736&scanf=21286&charge=3&value=15/32,sp|P62995|TRA2B_HUMAN,/core/www/modules//consensus/?run_id=110202&search_id=114132&scans_id=110198&peptide_id=12736&scanf=21286&charge=3&value=sp|P62995|TRA2B_HUMAN,2,/core/www/modules/match_peptides/blast_html4.php?run_id=110202&search_id=114132&scans_id=110198&peptide_id=12736&scanf=21286&charge=3&value=2,R.IRVDFSITK.R,/core/www/modules/show_out/show_out_wrapper.php?run_id=110202&search_id=114132&scans_id=110198&peptide_id=12736&scanf=21286&charge=3&value=R.IRVDFSITK.R,TRA2B,2.851e+7,2.753,0.009,2.044,0.000
21287,2,"  2.426","  0.348",9/18,/core/www/modules//sdig/index.php?run_id=110202&search_id=114132&scans_id=110198&peptide_id=12737&scanf=21287&charge=2&value=9/18,sp|P35658|NU214_HUMAN,/core/www/modules//consensus/?run_id=110202&search_id=114132&scans_id=110198&peptide_id=12737&scanf=21287&charge=2&value=sp|P35658|NU214_HUMAN,4,/core/www/modules/match_peptides/blast_html4.php?run_id=110202&search_id=114132&scans_id=110198&peptide_id=12737&scanf=21287&charge=2&value=4,R.IFDSPEELPK.E,/core/www/modules/show_out/show_out_wrapper.php?run_id=110202&search_id=114132&scans_id=110198&peptide_id=12737&scanf=21287&charge=2&value=R.IFDSPEELPK.E,NUP214,7.272e+6,2.496,0.021,1.669,0.001
21288,2,"  2.195","  0.240",10/14,/core/www/modules//sdig/index.php?run_id=110202&search_id=114132&scans_id=110198&peptide_id=12738&scanf=21288&charge=2&value=10/14,sp|Q96QR8|PURB_HUMAN,/core/www/modules//consensus/?run_id=110202&search_id=114132&scans_id=110198&peptide_id=12738&scanf=21288&charge=2&value=sp|Q96QR8|PURB_HUMAN,0,/core/www/modules/match_peptides/blast_html4.php?run_id=110202&search_id=114132&scans_id=110198&peptide_id=12738&scanf=21288&charge=2&value=0,R.NAITVPFK.A,/core/www/modules/show_out/show_out_wrapper.php?run_id=110202&search_id=114132&scans_id=110198&peptide_id=12738&scanf=21288&charge=2&value=R.NAITVPFK.A,PURB,1.471e+7,2.602,0.015,1.823,0.000
21289,2,"  2.673","  0.349",10/20,/core/www/modules//sdig/index.php?run_id=110202&search_id=114132&scans_id=110198&peptide_id=12739&scanf=21289&charge=2&value=10/20,sp|Q15291|RBBP5_HUMAN,/core/www/modules//consensus/?run_id=110202&search_id=114132&scans_id=110198&peptide_id=12739&scanf=21289&charge=2&value=sp|Q15291|RBBP5_HUMAN,0,/core/www/modules/match_peptides/blast_html4.php?run_id=110202&search_id=114132&scans_id=110198&peptide_id=12739&scanf=21289&charge=2&value=0,K.TDSQDLVASFR.V,/core/www/modules/show_out/show_out_wrapper.php?run_id=110202&search_id=114132&scans_id=110198&peptide_id=12739&scanf=21289&charge=2&value=K.TDSQDLVASFR.V,RBBP5,5.958e+6,2.575,0.016,1.784,0.000
21290,2,"  2.677","  0.447",11/20,/core/www/modules//sdig/index.php?run_id=110202&search_id=114132&scans_id=110198&peptide_id=12741&scanf=21290&charge=2&value=11/20,sp|Q9HAV4|XPO5_HUMAN,/core/www/modules//consensus/?run_id=110202&search_id=114132&scans_id=110198&peptide_id=12741&scanf=21290&charge=2&value=sp|Q9HAV4|XPO5_HUMAN,1,/core/www/modules/match_peptides/blast_html4.php?run_id=110202&search_id=114132&scans_id=110198&peptide_id=12741&scanf=21290&charge=2&value=1,R.AVMEQIPEIQK.D,/core/www/modules/show_out/show_out_wrapper.php?run_id=110202&search_id=114132&scans_id=110198&peptide_id=12741&scanf=21290&charge=2&value=R.AVMEQIPEIQK.D,XPO5,1.237e+7,2.981,0.004,2.381,0.000
21292,2,"  1.770","  0.349",7/18,/core/www/modules//sdig/index.php?run_id=110202&search_id=114132&scans_id=110198&peptide_id=12743&scanf=21292&charge=2&value=7/18,sp|P04350|TBB4A_HUMAN,/core/www/modules//consensus/?run_id=110202&search_id=114132&scans_id=110198&peptide_id=12743&scanf=21292&charge=2&value=sp|P04350|TBB4A_HUMAN,8,/core/www/modules/match_peptides/blast_html4.php?run_id=110202&search_id=114132&scans_id=110198&peptide_id=12743&scanf=21292&charge=2&value=8,R.ISEQFTAM*FR.R,/core/www/modules/show_out/show_out_wrapper.php?run_id=110202&search_id=114132&scans_id=110198&peptide_id=12743&scanf=21292&charge=2&value=R.ISEQFTAM*FR.R,TUBB4A,2.748e+8,2.336,0.036,1.438,0.001
21295,2,"  1.761","  0.177",9/14,/core/www/modules//sdig/index.php?run_id=110202&search_id=114132&scans_id=110198&peptide_id=12746&scanf=21295&charge=2&value=9/14,sp|P19447|ERCC3_HUMAN,/core/www/modules//consensus/?run_id=110202&search_id=114132&scans_id=110198&peptide_id=12746&scanf=21295&charge=2&value=sp|P19447|ERCC3_HUMAN,1,/core/www/modules/match_peptides/blast_html4.php?run_id=110202&search_id=114132&scans_id=110198&peptide_id=12746&scanf=21295&charge=2&value=1,K.INTIFISK.V,/core/www/modules/show_out/show_out_wrapper.php?run_id=110202&search_id=114132&scans_id=110198&peptide_id=12746&scanf=21295&charge=2&value=K.INTIFISK.V,ERCC3,7.428e+6,2.303,0.041,1.391,0.001
21296,2,"  3.793","  0.747",17/32,/core/www/modules//sdig/index.php?run_id=110202&search_id=114132&scans_id=110198&peptide_id=12747&scanf=21296&charge=2&value=17/32,sp|Q9NZI8|IF2B1_HUMAN,/core/www/modules//consensus/?run_id=110202&search_id=114132&scans_id=110198&peptide_id=12747&scanf=21296&charge=2&value=sp|Q9NZI8|IF2B1_HUMAN,0,/core/www/modules/match_peptides/blast_html4.php?run_id=110202&search_id=114132&scans_id=110198&peptide_id=12747&scanf=21296&charge=2&value=0,K.VSYIPDEQIAQGPENGR.R,/core/www/modules/show_out/show_out_wrapper.php?run_id=110202&search_id=114132&scans_id=110198&peptide_id=12747&scanf=21296&charge=2&value=K.VSYIPDEQIAQGPENGR.R,IGF2BP1,4.121e+6,3.840,0.000,3.652,0.000
21299,2,"  1.905","  0.347",8/12,/core/www/modules//sdig/index.php?run_id=110202&search_id=114132&scans_id=110198&peptide_id=12749&scanf=21299&charge=2&value=8/12,sp|Q15717|ELAV1_HUMAN,/core/www/modules//consensus/?run_id=110202&search_id=114132&scans_id=110198&peptide_id=12749&scanf=21299&charge=2&value=sp|Q15717|ELAV1_HUMAN,0,/core/www/modules/match_peptides/blast_html4.php?run_id=110202&search_id=114132&scans_id=110198&peptide_id=12749&scanf=21299&charge=2&value=0,K.ILQVSFK.T,/core/www/modules/show_out/show_out_wrapper.php?run_id=110202&search_id=114132&scans_id=110198&peptide_id=12749&scanf=21299&charge=2&value=K.ILQVSFK.T,ELAVL1,1.247e+8,2.995,0.004,2.401,0.000
21302,2,"  3.930","  0.631",16/28,/core/www/modules//sdig/index.php?run_id=110202&search_id=114132&scans_id=110198&peptide_id=12753&scanf=21302&charge=2&value=16/28,sp|Q92785|REQU_HUMAN,/core/www/modules//consensus/?run_id=110202&search_id=114132&scans_id=110198&peptide_id=12753&scanf=21302&charge=2&value=sp|Q92785|REQU_HUMAN,2,/core/www/modules/match_peptides/blast_html4.php?run_id=110202&search_id=114132&scans_id=110198&peptide_id=12753&scanf=21302&charge=2&value=2,R.GPGLASGQLYSYPAR.R,/core/www/modules/show_out/show_out_wrapper.php?run_id=110202&search_id=114132&scans_id=110198&peptide_id=12753&scanf=21302&charge=2&value=R.GPGLASGQLYSYPAR.R,DPF2,1.061e+7,3.337,0.001,2.907,0.000
21304,2,"  2.940","  0.486",11/18,/core/www/modules//sdig/index.php?run_id=110202&search_id=114132&scans_id=110198&peptide_id=12755&scanf=21304&charge=2&value=11/18,sp|Q99832|TCPH_HUMAN,/core/www/modules//consensus/?run_id=110202&search_id=114132&scans_id=110198&peptide_id=12755&scanf=21304&charge=2&value=sp|Q99832|TCPH_HUMAN,0,/core/www/modules/match_peptides/blast_html4.php?run_id=110202&search_id=114132&scans_id=110198&peptide_id=12755&scanf=21304&charge=2&value=0,K.QQLLIGAYAK.A,/core/www/modules/show_out/show_out_wrapper.php?run_id=110202&search_id=114132&scans_id=110198&peptide_id=12755&scanf=21304&charge=2&value=K.QQLLIGAYAK.A,CCT7,2.455e+7,3.267,0.002,2.804,0.000
21305,2,"  2.594","  0.395",10/16,/core/www/modules//sdig/index.php?run_id=110202&search_id=114132&scans_id=110198&peptide_id=12756&scanf=21305&charge=2&value=10/16,sp|Q9Y4A5|TRRAP_HUMAN,/core/www/modules//consensus/?run_id=110202&search_id=114132&scans_id=110198&peptide_id=12756&scanf=21305&charge=2&value=sp|Q9Y4A5|TRRAP_HUMAN,2,/core/www/modules/match_peptides/blast_html4.php?run_id=110202&search_id=114132&scans_id=110198&peptide_id=12756&scanf=21305&charge=2&value=2,K.ASLQLPMEK.A,/core/www/modules/show_out/show_out_wrapper.php?run_id=110202&search_id=114132&scans_id=110198&peptide_id=12756&scanf=21305&charge=2&value=K.ASLQLPMEK.A,TRRAP,6.173e+6,3.041,0.003,2.468,0.000
21307,3,"  3.510","  0.451",11/48,/core/www/modules//sdig/index.php?run_id=110202&search_id=114132&scans_id=110198&peptide_id=12758&scanf=21307&charge=3&value=11/48,sp|P11387|TOP1_HUMAN,/core/www/modules//consensus/?run_id=110202&search_id=114132&scans_id=110198&peptide_id=12758&scanf=21307&charge=3&value=sp|P11387|TOP1_HUMAN,1,/core/www/modules/match_peptides/blast_html4.php?run_id=110202&search_id=114132&scans_id=110198&peptide_id=12758&scanf=21307&charge=3&value=1,R.TYNASITLQQQLK.E,/core/www/modules/show_out/show_out_wrapper.php?run_id=110202&search_id=114132&scans_id=110198&peptide_id=12758&scanf=21307&charge=3&value=R.TYNASITLQQQLK.E,TOP1,1.023e+7,3.091,0.003,2.543,0.000
21308,2,"  2.597","  0.458",8/20,/core/www/modules//sdig/index.php?run_id=110202&search_id=114132&scans_id=110198&peptide_id=12759&scanf=21308&charge=2&value=8/20,sp|P48643|TCPE_HUMAN,/core/www/modules//consensus/?run_id=110202&search_id=114132&scans_id=110198&peptide_id=12759&scanf=21308&charge=2&value=sp|P48643|TCPE_HUMAN,3,/core/www/modules/match_peptides/blast_html4.php?run_id=110202&search_id=114132&scans_id=110198&peptide_id=12759&scanf=21308&charge=2&value=3,K.QQISLATQMVR.M,/core/www/modules/show_out/show_out_wrapper.php?run_id=110202&search_id=114132&scans_id=110198&peptide_id=12759&scanf=21308&charge=2&value=K.QQISLATQMVR.M,CCT5,1.875e+7,2.792,0.008,2.102,0.000
21314,2,"  2.014","  0.306",7/20,/core/www/modules//sdig/index.php?run_id=110202&search_id=114132&scans_id=110198&peptide_id=12766&scanf=21314&charge=2&value=7/20,sp|P27635|RL10_HUMAN,/core/www/modules//consensus/?run_id=110202&search_id=114132&scans_id=110198&peptide_id=12766&scanf=21314&charge=2&value=sp|P27635|RL10_HUMAN,5,/core/www/modules/match_peptides/blast_html4.php?run_id=110202&search_id=114132&scans_id=110198&peptide_id=12766&scanf=21314&charge=2&value=5,R.VHIGQVIM*SIR.T,/core/www/modules/show_out/show_out_wrapper.php?run_id=110202&search_id=114132&scans_id=110198&peptide_id=12766&scanf=21314&charge=2&value=R.VHIGQVIM*SIR.T,RPL10,6.511e+6,2.236,0.051,1.296,0.002
21320,2,"  2.763","  0.239",12/18,/core/www/modules//sdig/index.php?run_id=110202&search_id=114132&scans_id=110198&peptide_id=12772&scanf=21320&charge=2&value=12/18,sp|Q9UMS4|PRP19_HUMAN,/core/www/modules//consensus/?run_id=110202&search_id=114132&scans_id=110198&peptide_id=12772&scanf=21320&charge=2&value=sp|Q9UMS4|PRP19_HUMAN,0,/core/www/modules/match_peptides/blast_html4.php?run_id=110202&search_id=114132&scans_id=110198&peptide_id=12772&scanf=21320&charge=2&value=0,K.SSEQILATLK.G,/core/www/modules/show_out/show_out_wrapper.php?run_id=110202&search_id=114132&scans_id=110198&peptide_id=12772&scanf=21320&charge=2&value=K.SSEQILATLK.G,PRPF19,1.514e+8,2.478,0.023,1.643,0.001
21321,2,"  2.124","  0.370",11/14,/core/www/modules//sdig/index.php?run_id=110202&search_id=114132&scans_id=110198&peptide_id=12773&scanf=21321&charge=2&value=11/14,sp|Q13206|DDX10_HUMAN,/core/www/modules//consensus/?run_id=110202&search_id=114132&scans_id=110198&peptide_id=12773&scanf=21321&charge=2&value=sp|Q13206|DDX10_HUMAN,7,/core/www/modules/match_peptides/blast_html4.php?run_id=110202&search_id=114132&scans_id=110198&peptide_id=12773&scanf=21321&charge=2&value=7,R.FSDFPLSK.K,/core/www/modules/show_out/show_out_wrapper.php?run_id=110202&search_id=114132&scans_id=110198&peptide_id=12773&scanf=21321&charge=2&value=R.FSDFPLSK.K,DDX10,2.177e+7,3.190,0.002,2.690,0.000
21322,2,"  2.273","  0.124",12/18,/core/www/modules//sdig/index.php?run_id=110202&search_id=114132&scans_id=110198&peptide_id=12774&scanf=21322&charge=2&value=12/18,sp|Q8N163|CCAR2_HUMAN,/core/www/modules//consensus/?run_id=110202&search_id=114132&scans_id=110198&peptide_id=12774&scanf=21322&charge=2&value=sp|Q8N163|CCAR2_HUMAN,2,/core/www/modules/match_peptides/blast_html4.php?run_id=110202&search_id=114132&scans_id=110198&peptide_id=12774&scanf=21322&charge=2&value=2,K.TLAAEMQELR.V,/core/www/modules/show_out/show_out_wrapper.php?run_id=110202&search_id=114132&scans_id=110198&peptide_id=12774&scanf=21322&charge=2&value=K.TLAAEMQELR.V,CCAR2,2.273e+7,2.168,0.063,1.201,0.002
21323,2,"  2.579","  0.398",11/16,/core/www/modules//sdig/index.php?run_id=110202&search_id=114132&scans_id=110198&peptide_id=12775&scanf=21323&charge=2&value=11/16,sp|P55786|PSA_HUMAN,/core/www/modules//consensus/?run_id=110202&search_id=114132&scans_id=110198&peptide_id=12775&scanf=21323&charge=2&value=sp|P55786|PSA_HUMAN,7,/core/www/modules/match_peptides/blast_html4.php?run_id=110202&search_id=114132&scans_id=110198&peptide_id=12775&scanf=21323&charge=2&value=7,R.ETALLIDPK.N,/core/www/modules/show_out/show_out_wrapper.php?run_id=110202&search_id=114132&scans_id=110198&peptide_id=12775&scanf=21323&charge=2&value=R.ETALLIDPK.N,NPEPPS,1.427e+7,3.148,0.002,2.627,0.000
21324,3,"  1.506","  0.281",10/52,/core/www/modules//sdig/index.php?run_id=110202&search_id=114132&scans_id=110198&peptide_id=12776&scanf=21324&charge=3&value=10/52,sp|Q9GZS1|RPA49_HUMAN,/core/www/modules//consensus/?run_id=110202&search_id=114132&scans_id=110198&peptide_id=12776&scanf=21324&charge=3&value=sp|Q9GZS1|RPA49_HUMAN,0,/core/www/modules/match_peptides/blast_html4.php?run_id=110202&search_id=114132&scans_id=110198&peptide_id=12776&scanf=21324&charge=3&value=0,K.SALGPGVPHIINTK.L,/core/www/modules/show_out/show_out_wrapper.php?run_id=110202&search_id=114132&scans_id=110198&peptide_id=12776&scanf=21324&charge=3&value=K.SALGPGVPHIINTK.L,POLR1E,3.433e+7,2.218,0.054,1.271,0.002
21325,4,"  3.910","  0.499",20/90,/core/www/modules//sdig/index.php?run_id=110202&search_id=114132&scans_id=110198&peptide_id=12777&scanf=21325&charge=4&value=20/90,sp|P07900|HS90A_HUMAN,/core/www/modules//consensus/?run_id=110202&search_id=114132&scans_id=110198&peptide_id=12777&scanf=21325&charge=4&value=sp|P07900|HS90A_HUMAN,0,/core/www/modules/match_peptides/blast_html4.php?run_id=110202&search_id=114132&scans_id=110198&peptide_id=12777&scanf=21325&charge=4&value=0,K.KHLEINPDHSIIETLR.Q,/core/www/modules/show_out/show_out_wrapper.php?run_id=110202&search_id=114132&scans_id=110198&peptide_id=12777&scanf=21325&charge=4&value=K.KHLEINPDHSIIETLR.Q,HSP90AA1,7.678e+7,3.437,0.001,3.054,0.000
21327,2,"  1.625","  0.090",8/14,/core/www/modules//sdig/index.php?run_id=110202&search_id=114132&scans_id=110198&peptide_id=12779&scanf=21327&charge=2&value=8/14,sp|Q9BSC4|NOL10_HUMAN,/core/www/modules//consensus/?run_id=110202&search_id=114132&scans_id=110198&peptide_id=12779&scanf=21327&charge=2&value=sp|Q9BSC4|NOL10_HUMAN,5,/core/www/modules/match_peptides/blast_html4.php?run_id=110202&search_id=114132&scans_id=110198&peptide_id=12779&scanf=21327&charge=2&value=5,R.LLNPLVSK.I,/core/www/modules/show_out/show_out_wrapper.php?run_id=110202&search_id=114132&scans_id=110198&peptide_id=12779&scanf=21327&charge=2&value=R.LLNPLVSK.I,NOL10,1.433e+7,1.838,0.172,0.765,0.009
21328,2,"  2.339","  0.485",9/14,/core/www/modules//sdig/index.php?run_id=110202&search_id=114132&scans_id=110198&peptide_id=12780&scanf=21328&charge=2&value=9/14,sp|Q8N726|ARF_HUMAN,/core/www/modules//consensus/?run_id=110202&search_id=114132&scans_id=110198&peptide_id=12780&scanf=21328&charge=2&value=sp|Q8N726|ARF_HUMAN,0,/core/www/modules/match_peptides/blast_html4.php?run_id=110202&search_id=114132&scans_id=110198&peptide_id=12780&scanf=21328&charge=2&value=0,R.VFVVHIPR.L,/core/www/modules/show_out/show_out_wrapper.php?run_id=110202&search_id=114132&scans_id=110198&peptide_id=12780&scanf=21328&charge=2&value=R.VFVVHIPR.L,CDKN2A,8.524e+6,3.319,0.001,2.881,0.000
21329,2,"  1.494","  0.246",6/12,/core/www/modules//sdig/index.php?run_id=110202&search_id=114132&scans_id=110198&peptide_id=12781&scanf=21329&charge=2&value=6/12,sp|Q96DR8|MUCL1_HUMAN,/core/www/modules//consensus/?run_id=110202&search_id=114132&scans_id=110198&peptide_id=12781&scanf=21329&charge=2&value=sp|Q96DR8|MUCL1_HUMAN,1,/core/www/modules/match_peptides/blast_html4.php?run_id=110202&search_id=114132&scans_id=110198&peptide_id=12781&scanf=21329&charge=2&value=1,K.DIPVLPK.W,/core/www/modules/show_out/show_out_wrapper.php?run_id=110202&search_id=114132&scans_id=110198&peptide_id=12781&scanf=21329&charge=2&value=K.DIPVLPK.W,MUCL1,5.907e+6,2.313,0.039,1.405,0.001
21330,2,"  1.993","  0.101",6/12,/core/www/modules//sdig/index.php?run_id=110202&search_id=114132&scans_id=110198&peptide_id=12783&scanf=21330&charge=2&value=6/12,sp|P53680|AP2S1_HUMAN,/core/www/modules//consensus/?run_id=110202&search_id=114132&scans_id=110198&peptide_id=12783&scanf=21330&charge=2&value=sp|P53680|AP2S1_HUMAN,3,/core/www/modules/match_peptides/blast_html4.php?run_id=110202&search_id=114132&scans_id=110198&peptide_id=12783&scanf=21330&charge=2&value=3,R.FILIQNR.A,/core/www/modules/show_out/show_out_wrapper.php?run_id=110202&search_id=114132&scans_id=110198&peptide_id=12783&scanf=21330&charge=2&value=R.FILIQNR.A,AP2S1,5.830e+6,1.857,0.163,0.789,0.009
21331,2,"  2.945","  0.502",13/24,/core/www/modules//sdig/index.php?run_id=110202&search_id=114132&scans_id=110198&peptide_id=12784&scanf=21331&charge=2&value=13/24,sp|O43670|ZN207_HUMAN,/core/www/modules//consensus/?run_id=110202&search_id=114132&scans_id=110198&peptide_id=12784&scanf=21331&charge=2&value=sp|O43670|ZN207_HUMAN,7,/core/www/modules/match_peptides/blast_html4.php?run_id=110202&search_id=114132&scans_id=110198&peptide_id=12784&scanf=21331&charge=2&value=7,K.ETIDAVPNAIPGR.T,/core/www/modules/show_out/show_out_wrapper.php?run_id=110202&search_id=114132&scans_id=110198&peptide_id=12784&scanf=21331&charge=2&value=K.ETIDAVPNAIPGR.T,ZNF207,6.376e+6,3.097,0.003,2.552,0.000
21333,2,"  2.062","  0.268",8/14,/core/www/modules//sdig/index.php?run_id=110202&search_id=114132&scans_id=110198&peptide_id=12786&scanf=21333&charge=2&value=8/14,sp|Q15029|U5S1_HUMAN,/core/www/modules//consensus/?run_id=110202&search_id=114132&scans_id=110198&peptide_id=12786&scanf=21333&charge=2&value=sp|Q15029|U5S1_HUMAN,0,/core/www/modules/match_peptides/blast_html4.php?run_id=110202&search_id=114132&scans_id=110198&peptide_id=12786&scanf=21333&charge=2&value=0,K.LNIRPLLR.L,/core/www/modules/show_out/show_out_wrapper.php?run_id=110202&search_id=114132&scans_id=110198&peptide_id=12786&scanf=21333&charge=2&value=K.LNIRPLLR.L,EFTUD2,1.002e+7,2.576,0.016,1.784,0.000
21341,2,"  3.701","  0.539",12/22,/core/www/modules//sdig/index.php?run_id=110202&search_id=114132&scans_id=110198&peptide_id=12794&scanf=21341&charge=2&value=12/22,sp|O00299|CLIC1_HUMAN,/core/www/modules//consensus/?run_id=110202&search_id=114132&scans_id=110198&peptide_id=12794&scanf=21341&charge=2&value=sp|O00299|CLIC1_HUMAN,0,/core/www/modules/match_peptides/blast_html4.php?run_id=110202&search_id=114132&scans_id=110198&peptide_id=12794&scanf=21341&charge=2&value=0,K.GVTFNVTTVDTK.R,/core/www/modules/show_out/show_out_wrapper.php?run_id=110202&search_id=114132&scans_id=110198&peptide_id=12794&scanf=21341&charge=2&value=K.GVTFNVTTVDTK.R,CLIC1,2.756e+7,3.300,0.001,2.851,0.000
21342,2,"  2.528","  0.375",9/18,/core/www/modules//sdig/index.php?run_id=110202&search_id=114132&scans_id=110198&peptide_id=12795&scanf=21342&charge=2&value=9/18,sp|Q8IX12|CCAR1_HUMAN,/core/www/modules//consensus/?run_id=110202&search_id=114132&scans_id=110198&peptide_id=12795&scanf=21342&charge=2&value=sp|Q8IX12|CCAR1_HUMAN,0,/core/www/modules/match_peptides/blast_html4.php?run_id=110202&search_id=114132&scans_id=110198&peptide_id=12795&scanf=21342&charge=2&value=0,K.DLSQLQENLK.I,/core/www/modules/show_out/show_out_wrapper.php?run_id=110202&search_id=114132&scans_id=110198&peptide_id=12795&scanf=21342&charge=2&value=K.DLSQLQENLK.I,CCAR1,1.122e+7,2.725,0.010,2.003,0.000
21344,2,"  1.732","  0.159",8/14,/core/www/modules//sdig/index.php?run_id=110202&search_id=114132&scans_id=110198&peptide_id=12797&scanf=21344&charge=2&value=8/14,sp|Q12830|BPTF_HUMAN,/core/www/modules//consensus/?run_id=110202&search_id=114132&scans_id=110198&peptide_id=12797&scanf=21344&charge=2&value=sp|Q12830|BPTF_HUMAN,4,/core/www/modules/match_peptides/blast_html4.php?run_id=110202&search_id=114132&scans_id=110198&peptide_id=12797&scanf=21344&charge=2&value=4,K.VLTISTLR.L,/core/www/modules/show_out/show_out_wrapper.php?run_id=110202&search_id=114132&scans_id=110198&peptide_id=12797&scanf=21344&charge=2&value=K.VLTISTLR.L,BPTF,9.459e+6,2.084,0.082,1.085,0.003
21345,2,"  2.365","  0.409",12/20,/core/www/modules//sdig/index.php?run_id=110202&search_id=114132&scans_id=110198&peptide_id=12798&scanf=21345&charge=2&value=12/20,sp|Q9H0A0|NAT10_HUMAN,/core/www/modules//consensus/?run_id=110202&search_id=114132&scans_id=110198&peptide_id=12798&scanf=21345&charge=2&value=sp|Q9H0A0|NAT10_HUMAN,0,/core/www/modules/match_peptides/blast_html4.php?run_id=110202&search_id=114132&scans_id=110198&peptide_id=12798&scanf=21345&charge=2&value=0,K.AGPNASIISLK.S,/core/www/modules/show_out/show_out_wrapper.php?run_id=110202&search_id=114132&scans_id=110198&peptide_id=12798&scanf=21345&charge=2&value=K.AGPNASIISLK.S,NAT10,2.579e+7,3.024,0.004,2.444,0.000
21346,3,"  5.700","  0.575",19/72,/core/www/modules//sdig/index.php?run_id=110202&search_id=114132&scans_id=110198&peptide_id=12799&scanf=21346&charge=3&value=19/72,sp|Q14980|NUMA1_HUMAN,/core/www/modules//consensus/?run_id=110202&search_id=114132&scans_id=110198&peptide_id=12799&scanf=21346&charge=3&value=sp|Q14980|NUMA1_HUMAN,2,/core/www/modules/match_peptides/blast_html4.php?run_id=110202&search_id=114132&scans_id=110198&peptide_id=12799&scanf=21346&charge=3&value=2,K.QAQLAQTLQQQEQASQGLR.H,/core/www/modules/show_out/show_out_wrapper.php?run_id=110202&search_id=114132&scans_id=110198&peptide_id=12799&scanf=21346&charge=3&value=K.QAQLAQTLQQQEQASQGLR.H,NUMA1,5.995e+6,3.562,0.001,3.239,0.000
21351,3,"  2.038","  0.368",9/56,/core/www/modules//sdig/index.php?run_id=110202&search_id=114132&scans_id=110198&peptide_id=12805&scanf=21351&charge=3&value=9/56,sp|Q13435|SF3B2_HUMAN,/core/www/modules//consensus/?run_id=110202&search_id=114132&scans_id=110198&peptide_id=12805&scanf=21351&charge=3&value=sp|Q13435|SF3B2_HUMAN,4,/core/www/modules/match_peptides/blast_html4.php?run_id=110202&search_id=114132&scans_id=110198&peptide_id=12805&scanf=21351&charge=3&value=4,K.LAQQQAALLMQQEER.A,/core/www/modules/show_out/show_out_wrapper.php?run_id=110202&search_id=114132&scans_id=110198&peptide_id=12805&scanf=21351&charge=3&value=K.LAQQQAALLMQQEER.A,SF3B2,1.316e+7,2.474,0.023,1.636,0.001
21355,2,"  1.534","  0.316",7/12,/core/www/modules//sdig/index.php?run_id=110202&search_id=114132&scans_id=110198&peptide_id=12809&scanf=21355&charge=2&value=7/12,sp|Q92878|RAD50_HUMAN,/core/www/modules//consensus/?run_id=110202&search_id=114132&scans_id=110198&peptide_id=12809&scanf=21355&charge=2&value=sp|Q92878|RAD50_HUMAN,2,/core/www/modules/match_peptides/blast_html4.php?run_id=110202&search_id=114132&scans_id=110198&peptide_id=12809&scanf=21355&charge=2&value=2,R.EMMIVMR.T,/core/www/modules/show_out/show_out_wrapper.php?run_id=110202&search_id=114132&scans_id=110198&peptide_id=12809&scanf=21355&charge=2&value=R.EMMIVMR.T,RAD50,1.265e+7,2.586,0.016,1.799,0.000
21358,2,"  2.711","  0.455",11/18,/core/www/modules//sdig/index.php?run_id=110202&search_id=114132&scans_id=110198&peptide_id=12812&scanf=21358&charge=2&value=11/18,sp|Q15020|SART3_HUMAN,/core/www/modules//consensus/?run_id=110202&search_id=114132&scans_id=110198&peptide_id=12812&scanf=21358&charge=2&value=sp|Q15020|SART3_HUMAN,1,/core/www/modules/match_peptides/blast_html4.php?run_id=110202&search_id=114132&scans_id=110198&peptide_id=12812&scanf=21358&charge=2&value=1,K.SALQALEMDR.K,/core/www/modules/show_out/show_out_wrapper.php?run_id=110202&search_id=114132&scans_id=110198&peptide_id=12812&scanf=21358&charge=2&value=K.SALQALEMDR.K,SART3,8.925e+6,3.170,0.002,2.660,0.000
21359,2,"  1.960","  0.000",7/12,/core/www/modules//sdig/index.php?run_id=110202&search_id=114132&scans_id=110198&peptide_id=12813&scanf=21359&charge=2&value=7/12,sp|Q92547|TOPB1_HUMAN,/core/www/modules//consensus/?run_id=110202&search_id=114132&scans_id=110198&peptide_id=12813&scanf=21359&charge=2&value=sp|Q92547|TOPB1_HUMAN,2,/core/www/modules/match_peptides/blast_html4.php?run_id=110202&search_id=114132&scans_id=110198&peptide_id=12813&scanf=21359&charge=2&value=2,K.IMSLLSR.T,/core/www/modules/show_out/show_out_wrapper.php?run_id=110202&search_id=114132&scans_id=110198&peptide_id=12813&scanf=21359&charge=2&value=K.IMSLLSR.T,TOPBP1,4.708e+6,1.915,0.138,0.861,0.007
21362,2,"  2.199","  0.451",10/16,/core/www/modules//sdig/index.php?run_id=110202&search_id=114132&scans_id=110198&peptide_id=12816&scanf=21362&charge=2&value=10/16,sp|P07196|NFL_HUMAN,/core/www/modules//consensus/?run_id=110202&search_id=114132&scans_id=110198&peptide_id=12816&scanf=21362&charge=2&value=sp|P07196|NFL_HUMAN,9,/core/www/modules/match_peptides/blast_html4.php?run_id=110202&search_id=114132&scans_id=110198&peptide_id=12816&scanf=21362&charge=2&value=9,K.EYQDLLNVK.M,/core/www/modules/show_out/show_out_wrapper.php?run_id=110202&search_id=114132&scans_id=110198&peptide_id=12816&scanf=21362&charge=2&value=K.EYQDLLNVK.M,NEFL,1.571e+9,3.092,0.003,2.543,0.000
21363,2,"  2.574","  0.581",13/20,/core/www/modules//sdig/index.php?run_id=110202&search_id=114132&scans_id=110198&peptide_id=12817&scanf=21363&charge=2&value=13/20,sp|Q6P2Q9|PRP8_HUMAN,/core/www/modules//consensus/?run_id=110202&search_id=114132&scans_id=110198&peptide_id=12817&scanf=21363&charge=2&value=sp|Q6P2Q9|PRP8_HUMAN,1,/core/www/modules/match_peptides/blast_html4.php?run_id=110202&search_id=114132&scans_id=110198&peptide_id=12817&scanf=21363&charge=2&value=1,K.ALNMAIPGGPK.F,/core/www/modules/show_out/show_out_wrapper.php?run_id=110202&search_id=114132&scans_id=110198&peptide_id=12817&scanf=21363&charge=2&value=K.ALNMAIPGGPK.F,PRPF8,4.988e+7,3.857,0.000,3.678,0.000
21364,2,"  1.170","  0.146",6/14,/core/www/modules//sdig/index.php?run_id=110202&search_id=114132&scans_id=110198&peptide_id=12818&scanf=21364&charge=2&value=6/14,sp|O43390|HNRPR_HUMAN,/core/www/modules//consensus/?run_id=110202&search_id=114132&scans_id=110198&peptide_id=12818&scanf=21364&charge=2&value=sp|O43390|HNRPR_HUMAN,13,/core/www/modules/match_peptides/blast_html4.php?run_id=110202&search_id=114132&scans_id=110198&peptide_id=12818&scanf=21364&charge=2&value=13,R.LFVGSIPK.N,/core/www/modules/show_out/show_out_wrapper.php?run_id=110202&search_id=114132&scans_id=110198&peptide_id=12818&scanf=21364&charge=2&value=R.LFVGSIPK.N,HNRNPR,5.112e+8,1.906,0.141,0.850,0.007
21365,2,"  2.034","  0.304",9/16,/core/www/modules//sdig/index.php?run_id=110202&search_id=114132&scans_id=110198&peptide_id=12819&scanf=21365&charge=2&value=9/16,sp|Q7L014|DDX46_HUMAN,/core/www/modules//consensus/?run_id=110202&search_id=114132&scans_id=110198&peptide_id=12819&scanf=21365&charge=2&value=sp|Q7L014|DDX46_HUMAN,2,/core/www/modules/match_peptides/blast_html4.php?run_id=110202&search_id=114132&scans_id=110198&peptide_id=12819&scanf=21365&charge=2&value=2,R.LEMEGITVK.G,/core/www/modules/show_out/show_out_wrapper.php?run_id=110202&search_id=114132&scans_id=110198&peptide_id=12819&scanf=21365&charge=2&value=R.LEMEGITVK.G,DDX46,7.205e+7,2.629,0.014,1.862,0.000
21367,2,"  3.417","  0.552",14/20,/core/www/modules//sdig/index.php?run_id=110202&search_id=114132&scans_id=110198&peptide_id=12821&scanf=21367&charge=2&value=14/20,sp|O60841|IF2P_HUMAN,/core/www/modules//consensus/?run_id=110202&search_id=114132&scans_id=110198&peptide_id=12821&scanf=21367&charge=2&value=sp|O60841|IF2P_HUMAN,1,/core/www/modules/match_peptides/blast_html4.php?run_id=110202&search_id=114132&scans_id=110198&peptide_id=12821&scanf=21367&charge=2&value=1,R.HFEATDILVSK.I,/core/www/modules/show_out/show_out_wrapper.php?run_id=110202&search_id=114132&scans_id=110198&peptide_id=12821&scanf=21367&charge=2&value=R.HFEATDILVSK.I,EIF5B,1.205e+7,3.641,0.000,3.357,0.000
21368,2,"  1.391","  0.290",6/16,/core/www/modules//sdig/index.php?run_id=110202&search_id=114132&scans_id=110198&peptide_id=12822&scanf=21368&charge=2&value=6/16,sp|Q9P016|THYN1_HUMAN,/core/www/modules//consensus/?run_id=110202&search_id=114132&scans_id=110198&peptide_id=12822&scanf=21368&charge=2&value=sp|Q9P016|THYN1_HUMAN,0,/core/www/modules/match_peptides/blast_html4.php?run_id=110202&search_id=114132&scans_id=110198&peptide_id=12822&scanf=21368&charge=2&value=0,K.EPGIAGLMK.I,/core/www/modules/show_out/show_out_wrapper.php?run_id=110202&search_id=114132&scans_id=110198&peptide_id=12822&scanf=21368&charge=2&value=K.EPGIAGLMK.I,THYN1,1.594e+7,2.193,0.058,1.236,0.002
21369,3,"  2.482","  0.357",11/60,/core/www/modules//sdig/index.php?run_id=110202&search_id=114132&scans_id=110198&peptide_id=12823&scanf=21369&charge=3&value=11/60,sp|Q14839|CHD4_HUMAN,/core/www/modules//consensus/?run_id=110202&search_id=114132&scans_id=110198&peptide_id=12823&scanf=21369&charge=3&value=sp|Q14839|CHD4_HUMAN,19,/core/www/modules/match_peptides/blast_html4.php?run_id=110202&search_id=114132&scans_id=110198&peptide_id=12823&scanf=21369&charge=3&value=19,R.EIIKQEESVDPDYWEK.L,/core/www/modules/show_out/show_out_wrapper.php?run_id=110202&search_id=114132&scans_id=110198&peptide_id=12823&scanf=21369&charge=3&value=R.EIIKQEESVDPDYWEK.L,CHD4,1.015e+7,2.304,0.040,1.393,0.001
21370,2,"  1.725","  0.359",7/14,/core/www/modules//sdig/index.php?run_id=110202&search_id=114132&scans_id=110198&peptide_id=12825&scanf=21370&charge=2&value=7/14,sp|P34897|GLYM_HUMAN,/core/www/modules//consensus/?run_id=110202&search_id=114132&scans_id=110198&peptide_id=12825&scanf=21370&charge=2&value=sp|P34897|GLYM_HUMAN,2,/core/www/modules/match_peptides/blast_html4.php?run_id=110202&search_id=114132&scans_id=110198&peptide_id=12825&scanf=21370&charge=2&value=2,R.EYSLQVLK.N,/core/www/modules/show_out/show_out_wrapper.php?run_id=110202&search_id=114132&scans_id=110198&peptide_id=12825&scanf=21370&charge=2&value=R.EYSLQVLK.N,SHMT2,1.421e+7,2.337,0.036,1.440,0.001
21371,2,"  3.304","  0.558",16/26,/core/www/modules//sdig/index.php?run_id=110202&search_id=114132&scans_id=110198&peptide_id=12826&scanf=21371&charge=2&value=16/26,sp|Q9GZS1|RPA49_HUMAN,/core/www/modules//consensus/?run_id=110202&search_id=114132&scans_id=110198&peptide_id=12826&scanf=21371&charge=2&value=sp|Q9GZS1|RPA49_HUMAN,0,/core/www/modules/match_peptides/blast_html4.php?run_id=110202&search_id=114132&scans_id=110198&peptide_id=12826&scanf=21371&charge=2&value=0,K.SALGPGVPHIINTK.L,/core/www/modules/show_out/show_out_wrapper.php?run_id=110202&search_id=114132&scans_id=110198&peptide_id=12826&scanf=21371&charge=2&value=K.SALGPGVPHIINTK.L,POLR1E,1.107e+7,3.359,0.001,2.940,0.000
21375,2,"  3.239","  0.438",12/20,/core/www/modules//sdig/index.php?run_id=110202&search_id=114132&scans_id=110198&peptide_id=12830&scanf=21375&charge=2&value=12/20,sp|P32322|P5CR1_HUMAN,/core/www/modules//consensus/?run_id=110202&search_id=114132&scans_id=110198&peptide_id=12830&scanf=21375&charge=2&value=sp|P32322|P5CR1_HUMAN,3,/core/www/modules/match_peptides/blast_html4.php?run_id=110202&search_id=114132&scans_id=110198&peptide_id=12830&scanf=21375&charge=2&value=3,R.LGAQALLGAAK.M,/core/www/modules/show_out/show_out_wrapper.php?run_id=110202&search_id=114132&scans_id=110198&peptide_id=12830&scanf=21375&charge=2&value=R.LGAQALLGAAK.M,PYCR1,6.935e+6,3.022,0.004,2.440,0.000
21376,2,"  2.926","  0.711",13/28,/core/www/modules//sdig/index.php?run_id=110202&search_id=114132&scans_id=110198&peptide_id=12831&scanf=21376&charge=2&value=13/28,sp|P29372|3MG_HUMAN,/core/www/modules//consensus/?run_id=110202&search_id=114132&scans_id=110198&peptide_id=12831&scanf=21376&charge=2&value=sp|P29372|3MG_HUMAN,1,/core/www/modules/match_peptides/blast_html4.php?run_id=110202&search_id=114132&scans_id=110198&peptide_id=12831&scanf=21376&charge=2&value=1,R.GPLEPSEPAVVAAAR.V,/core/www/modules/show_out/show_out_wrapper.php?run_id=110202&search_id=114132&scans_id=110198&peptide_id=12831&scanf=21376&charge=2&value=R.GPLEPSEPAVVAAAR.V,MPG,5.100e+6,3.513,0.001,3.168,0.000
21378,2,"  2.725","  0.342",7/22,/core/www/modules//sdig/index.php?run_id=110202&search_id=114132&scans_id=110198&peptide_id=12833&scanf=21378&charge=2&value=7/22,sp|Q92541|RTF1_HUMAN,/core/www/modules//consensus/?run_id=110202&search_id=114132&scans_id=110198&peptide_id=12833&scanf=21378&charge=2&value=sp|Q92541|RTF1_HUMAN,0,/core/www/modules/match_peptides/blast_html4.php?run_id=110202&search_id=114132&scans_id=110198&peptide_id=12833&scanf=21378&charge=2&value=0,K.SQPVSLPEELNR.V,/core/www/modules/show_out/show_out_wrapper.php?run_id=110202&search_id=114132&scans_id=110198&peptide_id=12833&scanf=21378&charge=2&value=K.SQPVSLPEELNR.V,RTF1,4.029e+6,2.189,0.059,1.229,0.002
21379,3,"  2.063","  0.500",18/100,/core/www/modules//sdig/index.php?run_id=110202&search_id=114132&scans_id=110198&peptide_id=12834&scanf=21379&charge=3&value=18/100,sp|Q14839|CHD4_HUMAN,/core/www/modules//consensus/?run_id=110202&search_id=114132&scans_id=110198&peptide_id=12834&scanf=21379&charge=3&value=sp|Q14839|CHD4_HUMAN,17,/core/www/modules/match_peptides/blast_html4.php?run_id=110202&search_id=114132&scans_id=110198&peptide_id=12834&scanf=21379&charge=3&value=17,K.TPTPSTPGDTQPNTPAPVPPAEDGIK.I,/core/www/modules/show_out/show_out_wrapper.php?run_id=110202&search_id=114132&scans_id=110198&peptide_id=12834&scanf=21379&charge=3&value=K.TPTPSTPGDTQPNTPAPVPPAEDGIK.I,CHD4,8.908e+6,2.695,0.011,1.959,0.000
21383,2,"  1.833","  0.473",10/18,/core/www/modules//sdig/index.php?run_id=110202&search_id=114132&scans_id=110198&peptide_id=12838&scanf=21383&charge=2&value=10/18,sp|Q9NUL3|STAU2_HUMAN,/core/www/modules//consensus/?run_id=110202&search_id=114132&scans_id=110198&peptide_id=12838&scanf=21383&charge=2&value=sp|Q9NUL3|STAU2_HUMAN,4,/core/www/modules/match_peptides/blast_html4.php?run_id=110202&search_id=114132&scans_id=110198&peptide_id=12838&scanf=21383&charge=2&value=4,R.AATTVLQELK.K,/core/www/modules/show_out/show_out_wrapper.php?run_id=110202&search_id=114132&scans_id=110198&peptide_id=12838&scanf=21383&charge=2&value=R.AATTVLQELK.K,STAU2,1.473e+7,3.054,0.003,2.488,0.000
21388,2,"  3.242","  0.397",13/18,/core/www/modules//sdig/index.php?run_id=110202&search_id=114132&scans_id=110198&peptide_id=12843&scanf=21388&charge=2&value=13/18,sp|Q9Y3T9|NOC2L_HUMAN,/core/www/modules//consensus/?run_id=110202&search_id=114132&scans_id=110198&peptide_id=12843&scanf=21388&charge=2&value=sp|Q9Y3T9|NOC2L_HUMAN,0,/core/www/modules/match_peptides/blast_html4.php?run_id=110202&search_id=114132&scans_id=110198&peptide_id=12843&scanf=21388&charge=2&value=0,K.KDTFLGPVLK.Q,/core/www/modules/show_out/show_out_wrapper.php?run_id=110202&search_id=114132&scans_id=110198&peptide_id=12843&scanf=21388&charge=2&value=K.KDTFLGPVLK.Q,NOC2L,6.144e+6,2.902,0.005,2.263,0.000
21390,3,"  2.166","  0.426",10/40,/core/www/modules//sdig/index.php?run_id=110202&search_id=114132&scans_id=110198&peptide_id=12845&scanf=21390&charge=3&value=10/40,sp|P39748|FEN1_HUMAN,/core/www/modules//consensus/?run_id=110202&search_id=114132&scans_id=110198&peptide_id=12845&scanf=21390&charge=3&value=sp|P39748|FEN1_HUMAN,1,/core/www/modules/match_peptides/blast_html4.php?run_id=110202&search_id=114132&scans_id=110198&peptide_id=12845&scanf=21390&charge=3&value=1,K.KLPIQEFHLSR.I,/core/www/modules/show_out/show_out_wrapper.php?run_id=110202&search_id=114132&scans_id=110198&peptide_id=12845&scanf=21390&charge=3&value=K.KLPIQEFHLSR.I,FEN1,1.473e+7,2.616,0.014,1.843,0.000
21392,4,"  4.464","  0.490",15/114,/core/www/modules//sdig/index.php?run_id=110202&search_id=114132&scans_id=110198&peptide_id=12847&scanf=21392&charge=4&value=15/114,sp|Q9UMS4|PRP19_HUMAN,/core/www/modules//consensus/?run_id=110202&search_id=114132&scans_id=110198&peptide_id=12847&scanf=21392&charge=4&value=sp|Q9UMS4|PRP19_HUMAN,1,/core/www/modules/match_peptides/blast_html4.php?run_id=110202&search_id=114132&scans_id=110198&peptide_id=12847&scanf=21392&charge=4&value=1,K.VAHPIRPKPPSATSIPAILK.A,/core/www/modules/show_out/show_out_wrapper.php?run_id=110202&search_id=114132&scans_id=110198&peptide_id=12847&scanf=21392&charge=4&value=K.VAHPIRPKPPSATSIPAILK.A,PRPF19,5.848e+7,3.229,0.002,2.747,0.000
21394,3,"  2.925","  0.417",12/52,/core/www/modules//sdig/index.php?run_id=110202&search_id=114132&scans_id=110198&peptide_id=12849&scanf=21394&charge=3&value=12/52,sp|Q5VYK3|ECM29_HUMAN,/core/www/modules//consensus/?run_id=110202&search_id=114132&scans_id=110198&peptide_id=12849&scanf=21394&charge=3&value=sp|Q5VYK3|ECM29_HUMAN,3,/core/www/modules/match_peptides/blast_html4.php?run_id=110202&search_id=114132&scans_id=110198&peptide_id=12849&scanf=21394&charge=3&value=3,K.FASTVFPSDHIPSR.Y,/core/www/modules/show_out/show_out_wrapper.php?run_id=110202&search_id=114132&scans_id=110198&peptide_id=12849&scanf=21394&charge=3&value=K.FASTVFPSDHIPSR.Y,ECPAS,6.921e+6,2.793,0.008,2.102,0.000
21395,2,"  1.506","  0.289",8/16,/core/www/modules//sdig/index.php?run_id=110202&search_id=114132&scans_id=110198&peptide_id=12850&scanf=21395&charge=2&value=8/16,sp|P51003|PAPOA_HUMAN,/core/www/modules//consensus/?run_id=110202&search_id=114132&scans_id=110198&peptide_id=12850&scanf=21395&charge=2&value=sp|P51003|PAPOA_HUMAN,2,/core/www/modules/match_peptides/blast_html4.php?run_id=110202&search_id=114132&scans_id=110198&peptide_id=12850&scanf=21395&charge=2&value=2,K.IPTPIVGVK.R,/core/www/modules/show_out/show_out_wrapper.php?run_id=110202&search_id=114132&scans_id=110198&peptide_id=12850&scanf=21395&charge=2&value=K.IPTPIVGVK.R,PAPOLA,4.624e+6,2.390,0.031,1.515,0.001
21396,2,"  1.889","  0.317",6/12,/core/www/modules//sdig/index.php?run_id=110202&search_id=114132&scans_id=110198&peptide_id=12851&scanf=21396&charge=2&value=6/12,sp|Q9P2J5|SYLC_HUMAN,/core/www/modules//consensus/?run_id=110202&search_id=114132&scans_id=110198&peptide_id=12851&scanf=21396&charge=2&value=sp|Q9P2J5|SYLC_HUMAN,11,/core/www/modules/match_peptides/blast_html4.php?run_id=110202&search_id=114132&scans_id=110198&peptide_id=12851&scanf=21396&charge=2&value=11,K.YQWGIMK.S,/core/www/modules/show_out/show_out_wrapper.php?run_id=110202&search_id=114132&scans_id=110198&peptide_id=12851&scanf=21396&charge=2&value=K.YQWGIMK.S,LARS1,4.619e+6,2.637,0.013,1.875,0.000
21399,3,"  8.466","  0.765",30/92,/core/www/modules//sdig/index.php?run_id=110202&search_id=114132&scans_id=110198&peptide_id=12854&scanf=21399&charge=3&value=30/92,sp|Q14204|DYHC1_HUMAN,/core/www/modules//consensus/?run_id=110202&search_id=114132&scans_id=110198&peptide_id=12854&scanf=21399&charge=3&value=sp|Q14204|DYHC1_HUMAN,29,/core/www/modules/match_peptides/blast_html4.php?run_id=110202&search_id=114132&scans_id=110198&peptide_id=12854&scanf=21399&charge=3&value=29,R.VLRPQVTAVAQQNQGEVPEPQDMK.V,/core/www/modules/show_out/show_out_wrapper.php?run_id=110202&search_id=114132&scans_id=110198&peptide_id=12854&scanf=21399&charge=3&value=R.VLRPQVTAVAQQNQGEVPEPQDMK.V,DYNC1H1,5.398e+6,4.276,0.000,4.299,0.000
21400,3,"  4.490","  0.554",15/44,/core/www/modules//sdig/index.php?run_id=110202&search_id=114132&scans_id=110198&peptide_id=12856&scanf=21400&charge=3&value=15/44,sp|Q12906|ILF3_HUMAN,/core/www/modules//consensus/?run_id=110202&search_id=114132&scans_id=110198&peptide_id=12856&scanf=21400&charge=3&value=sp|Q12906|ILF3_HUMAN,0,/core/www/modules/match_peptides/blast_html4.php?run_id=110202&search_id=114132&scans_id=110198&peptide_id=12856&scanf=21400&charge=3&value=0,K.AEPPQAMNALMR.L,/core/www/modules/show_out/show_out_wrapper.php?run_id=110202&search_id=114132&scans_id=110198&peptide_id=12856&scanf=21400&charge=3&value=K.AEPPQAMNALMR.L,ILF3,1.107e+7,3.724,0.000,3.480,0.000
21405,2,"  2.336","  0.285",8/16,/core/www/modules//sdig/index.php?run_id=110202&search_id=114132&scans_id=110198&peptide_id=12860&scanf=21405&charge=2&value=8/16,sp|P42285|MTREX_HUMAN,/core/www/modules//consensus/?run_id=110202&search_id=114132&scans_id=110198&peptide_id=12860&scanf=21405&charge=2&value=sp|P42285|MTREX_HUMAN,0,/core/www/modules/match_peptides/blast_html4.php?run_id=110202&search_id=114132&scans_id=110198&peptide_id=12860&scanf=21405&charge=2&value=0,R.TVLQMDELK.C,/core/www/modules/show_out/show_out_wrapper.php?run_id=110202&search_id=114132&scans_id=110198&peptide_id=12860&scanf=21405&charge=2&value=R.TVLQMDELK.C,MTREX,4.482e+7,2.512,0.020,1.692,0.000
21406,2,"  1.921","  0.041",8/12,/core/www/modules//sdig/index.php?run_id=110202&search_id=114132&scans_id=110198&peptide_id=12861&scanf=21406&charge=2&value=8/12,sp|P78527|PRKDC_HUMAN,/core/www/modules//consensus/?run_id=110202&search_id=114132&scans_id=110198&peptide_id=12861&scanf=21406&charge=2&value=sp|P78527|PRKDC_HUMAN,0,/core/www/modules/match_peptides/blast_html4.php?run_id=110202&search_id=114132&scans_id=110198&peptide_id=12861&scanf=21406&charge=2&value=0,K.LLSITVR.N,/core/www/modules/show_out/show_out_wrapper.php?run_id=110202&search_id=114132&scans_id=110198&peptide_id=12861&scanf=21406&charge=2&value=K.LLSITVR.N,PRKDC,5.191e+7,2.731,0.010,2.012,0.000
21407,2,"  2.885","  0.000",13/22,/core/www/modules//sdig/index.php?run_id=110202&search_id=114132&scans_id=110198&peptide_id=12862&scanf=21407&charge=2&value=13/22,sp|P62191|PRS4_HUMAN,/core/www/modules//consensus/?run_id=110202&search_id=114132&scans_id=110198&peptide_id=12862&scanf=21407&charge=2&value=sp|P62191|PRS4_HUMAN,8,/core/www/modules/match_peptides/blast_html4.php?run_id=110202&search_id=114132&scans_id=110198&peptide_id=12862&scanf=21407&charge=2&value=8,K.GVILYGPPGTGK.T,/core/www/modules/show_out/show_out_wrapper.php?run_id=110202&search_id=114132&scans_id=110198&peptide_id=12862&scanf=21407&charge=2&value=K.GVILYGPPGTGK.T,PSMC1,3.116e+7,2.920,0.005,2.290,0.000
21409,2,"  2.753","  0.501",11/16,/core/www/modules//sdig/index.php?run_id=110202&search_id=114132&scans_id=110198&peptide_id=12864&scanf=21409&charge=2&value=11/16,sp|Q96SI9|STRBP_HUMAN,/core/www/modules//consensus/?run_id=110202&search_id=114132&scans_id=110198&peptide_id=12864&scanf=21409&charge=2&value=sp|Q96SI9|STRBP_HUMAN,0,/core/www/modules/match_peptides/blast_html4.php?run_id=110202&search_id=114132&scans_id=110198&peptide_id=12864&scanf=21409&charge=2&value=0,R.LSAFGQIYK.V,/core/www/modules/show_out/show_out_wrapper.php?run_id=110202&search_id=114132&scans_id=110198&peptide_id=12864&scanf=21409&charge=2&value=R.LSAFGQIYK.V,STRBP,2.039e+7,3.449,0.001,3.073,0.000
21411,2,"  2.351","  0.422",11/16,/core/www/modules//sdig/index.php?run_id=110202&search_id=114132&scans_id=110198&peptide_id=12867&scanf=21411&charge=2&value=11/16,sp|Q96ST3|SIN3A_HUMAN,/core/www/modules//consensus/?run_id=110202&search_id=114132&scans_id=110198&peptide_id=12867&scanf=21411&charge=2&value=sp|Q96ST3|SIN3A_HUMAN,0,/core/www/modules/match_peptides/blast_html4.php?run_id=110202&search_id=114132&scans_id=110198&peptide_id=12867&scanf=21411&charge=2&value=0,K.AADIIDGLR.K,/core/www/modules/show_out/show_out_wrapper.php?run_id=110202&search_id=114132&scans_id=110198&peptide_id=12867&scanf=21411&charge=2&value=K.AADIIDGLR.K,SIN3A,1.678e+7,3.174,0.002,2.665,0.000
21414,2,"  2.693","  0.296",10/18,/core/www/modules//sdig/index.php?run_id=110202&search_id=114132&scans_id=110198&peptide_id=12870&scanf=21414&charge=2&value=10/18,sp|P46781|RS9_HUMAN,/core/www/modules//consensus/?run_id=110202&search_id=114132&scans_id=110198&peptide_id=12870&scanf=21414&charge=2&value=sp|P46781|RS9_HUMAN,2,/core/www/modules/match_peptides/blast_html4.php?run_id=110202&search_id=114132&scans_id=110198&peptide_id=12870&scanf=21414&charge=2&value=2,R.RLFEGNALLR.R,/core/www/modules/show_out/show_out_wrapper.php?run_id=110202&search_id=114132&scans_id=110198&peptide_id=12870&scanf=21414&charge=2&value=R.RLFEGNALLR.R,RPS9,1.546e+7,2.269,0.046,1.342,0.002
21415,2,"  2.688","  0.497",10/16,/core/www/modules//sdig/index.php?run_id=110202&search_id=114132&scans_id=110198&peptide_id=12871&scanf=21415&charge=2&value=10/16,sp|Q9UKM9|RALY_HUMAN,/core/www/modules//consensus/?run_id=110202&search_id=114132&scans_id=110198&peptide_id=12871&scanf=21415&charge=2&value=sp|Q9UKM9|RALY_HUMAN,2,/core/www/modules/match_peptides/blast_html4.php?run_id=110202&search_id=114132&scans_id=110198&peptide_id=12871&scanf=21415&charge=2&value=2,K.SNIDALLSR.L,/core/www/modules/show_out/show_out_wrapper.php?run_id=110202&search_id=114132&scans_id=110198&peptide_id=12871&scanf=21415&charge=2&value=K.SNIDALLSR.L,RALY,6.955e+7,3.328,0.001,2.894,0.000
21416,2,"  3.680","  0.336",16/28,/core/www/modules//sdig/index.php?run_id=110202&search_id=114132&scans_id=110198&peptide_id=12872&scanf=21416&charge=2&value=16/28,sp|P52272|HNRPM_HUMAN,/core/www/modules//consensus/?run_id=110202&search_id=114132&scans_id=110198&peptide_id=12872&scanf=21416&charge=2&value=sp|P52272|HNRPM_HUMAN,4,/core/www/modules/match_peptides/blast_html4.php?run_id=110202&search_id=114132&scans_id=110198&peptide_id=12872&scanf=21416&charge=2&value=4,R.M*GPAMGPALGAGIER.M,/core/www/modules/show_out/show_out_wrapper.php?run_id=110202&search_id=114132&scans_id=110198&peptide_id=12872&scanf=21416&charge=2&value=R.M*GPAMGPALGAGIER.M,HNRNPM,2.322e+8,3.388,0.001,2.982,0.000
21418,3,"  1.548","  0.346",11/40,/core/www/modules//sdig/index.php?run_id=110202&search_id=114132&scans_id=110198&peptide_id=12874&scanf=21418&charge=3&value=11/40,sp|P06753|TPM3_HUMAN,/core/www/modules//consensus/?run_id=110202&search_id=114132&scans_id=110198&peptide_id=12874&scanf=21418&charge=3&value=sp|P06753|TPM3_HUMAN,4,/core/www/modules/match_peptides/blast_html4.php?run_id=110202&search_id=114132&scans_id=110198&peptide_id=12874&scanf=21418&charge=3&value=4,R.KLVIIEGDLER.T,/core/www/modules/show_out/show_out_wrapper.php?run_id=110202&search_id=114132&scans_id=110198&peptide_id=12874&scanf=21418&charge=3&value=R.KLVIIEGDLER.T,TPM3,6.439e+6,2.348,0.035,1.454,0.001
21419,2,"  4.167","  0.707",24/34,/core/www/modules//sdig/index.php?run_id=110202&search_id=114132&scans_id=110198&peptide_id=12875&scanf=21419&charge=2&value=24/34,sp|P14866|HNRPL_HUMAN,/core/www/modules//consensus/?run_id=110202&search_id=114132&scans_id=110198&peptide_id=12875&scanf=21419&charge=2&value=sp|P14866|HNRPL_HUMAN,3,/core/www/modules/match_peptides/blast_html4.php?run_id=110202&search_id=114132&scans_id=110198&peptide_id=12875&scanf=21419&charge=2&value=3,K.SKPGAAMVEMADGYAVDR.A,/core/www/modules/show_out/show_out_wrapper.php?run_id=110202&search_id=114132&scans_id=110198&peptide_id=12875&scanf=21419&charge=2&value=K.SKPGAAMVEMADGYAVDR.A,HNRNPL,4.519e+7,4.060,0.000,3.978,0.000
21420,2,"  2.685","  0.390",10/20,/core/www/modules//sdig/index.php?run_id=110202&search_id=114132&scans_id=110198&peptide_id=12877&scanf=21420&charge=2&value=10/20,sp|Q14966|ZN638_HUMAN,/core/www/modules//consensus/?run_id=110202&search_id=114132&scans_id=110198&peptide_id=12877&scanf=21420&charge=2&value=sp|Q14966|ZN638_HUMAN,0,/core/www/modules/match_peptides/blast_html4.php?run_id=110202&search_id=114132&scans_id=110198&peptide_id=12877&scanf=21420&charge=2&value=0,K.YGYTEDPLEVR.I,/core/www/modules/show_out/show_out_wrapper.php?run_id=110202&search_id=114132&scans_id=110198&peptide_id=12877&scanf=21420&charge=2&value=K.YGYTEDPLEVR.I,ZNF638,7.949e+6,2.707,0.011,1.976,0.000
21421,3,"  4.003","  0.475",17/56,/core/www/modules//sdig/index.php?run_id=110202&search_id=114132&scans_id=110198&peptide_id=12878&scanf=21421&charge=3&value=17/56,sp|Q14690|RRP5_HUMAN,/core/www/modules//consensus/?run_id=110202&search_id=114132&scans_id=110198&peptide_id=12878&scanf=21421&charge=3&value=sp|Q14690|RRP5_HUMAN,1,/core/www/modules/match_peptides/blast_html4.php?run_id=110202&search_id=114132&scans_id=110198&peptide_id=12878&scanf=21421&charge=3&value=1,K.TKDGLEVAVLPHNIR.A,/core/www/modules/show_out/show_out_wrapper.php?run_id=110202&search_id=114132&scans_id=110198&peptide_id=12878&scanf=21421&charge=3&value=K.TKDGLEVAVLPHNIR.A,PDCD11,7.639e+6,2.945,0.005,2.327,0.000
21422,2,"  3.396","  0.600",14/22,/core/www/modules//sdig/index.php?run_id=110202&search_id=114132&scans_id=110198&peptide_id=12879&scanf=21422&charge=2&value=14/22,sp|Q15149|PLEC_HUMAN,/core/www/modules//consensus/?run_id=110202&search_id=114132&scans_id=110198&peptide_id=12879&scanf=21422&charge=2&value=sp|Q15149|PLEC_HUMAN,5,/core/www/modules/match_peptides/blast_html4.php?run_id=110202&search_id=114132&scans_id=110198&peptide_id=12879&scanf=21422&charge=2&value=5,R.LEDLLQDAQDEK.E,/core/www/modules/show_out/show_out_wrapper.php?run_id=110202&search_id=114132&scans_id=110198&peptide_id=12879&scanf=21422&charge=2&value=R.LEDLLQDAQDEK.E,PLEC,9.109e+6,4.147,0.000,4.108,0.000
21423,3,"  2.816","  0.496",12/48,/core/www/modules//sdig/index.php?run_id=110202&search_id=114132&scans_id=110198&peptide_id=12880&scanf=21423&charge=3&value=12/48,sp|Q6P2Q9|PRP8_HUMAN,/core/www/modules//consensus/?run_id=110202&search_id=114132&scans_id=110198&peptide_id=12880&scanf=21423&charge=3&value=sp|Q6P2Q9|PRP8_HUMAN,0,/core/www/modules/match_peptides/blast_html4.php?run_id=110202&search_id=114132&scans_id=110198&peptide_id=12880&scanf=21423&charge=3&value=0,K.WNVSRPSLLADSK.D,/core/www/modules/show_out/show_out_wrapper.php?run_id=110202&search_id=114132&scans_id=110198&peptide_id=12880&scanf=21423&charge=3&value=K.WNVSRPSLLADSK.D,PRPF8,1.397e+7,3.430,0.001,3.044,0.000
21425,3,"  2.220","  0.484",14/48,/core/www/modules//sdig/index.php?run_id=110202&search_id=114132&scans_id=110198&peptide_id=12881&scanf=21425&charge=3&value=14/48,sp|Q9NWT1|PK1IP_HUMAN,/core/www/modules//consensus/?run_id=110202&search_id=114132&scans_id=110198&peptide_id=12881&scanf=21425&charge=3&value=sp|Q9NWT1|PK1IP_HUMAN,0,/core/www/modules/match_peptides/blast_html4.php?run_id=110202&search_id=114132&scans_id=110198&peptide_id=12881&scanf=21425&charge=3&value=0,K.GQVTFLSIHPSGK.L,/core/www/modules/show_out/show_out_wrapper.php?run_id=110202&search_id=114132&scans_id=110198&peptide_id=12881&scanf=21425&charge=3&value=K.GQVTFLSIHPSGK.L,PAK1IP1,5.919e+7,3.094,0.003,2.547,0.000
21426,2,"  2.819","  0.407",11/18,/core/www/modules//sdig/index.php?run_id=110202&search_id=114132&scans_id=110198&peptide_id=12882&scanf=21426&charge=2&value=11/18,sp|Q9UBU9|NXF1_HUMAN,/core/www/modules//consensus/?run_id=110202&search_id=114132&scans_id=110198&peptide_id=12882&scanf=21426&charge=2&value=sp|Q9UBU9|NXF1_HUMAN,2,/core/www/modules/match_peptides/blast_html4.php?run_id=110202&search_id=114132&scans_id=110198&peptide_id=12882&scanf=21426&charge=2&value=2,K.ILNLSGNELK.S,/core/www/modules/show_out/show_out_wrapper.php?run_id=110202&search_id=114132&scans_id=110198&peptide_id=12882&scanf=21426&charge=2&value=K.ILNLSGNELK.S,NXF1,3.913e+7,3.006,0.004,2.416,0.000
21427,3,"  2.295","  0.383",13/48,/core/www/modules//sdig/index.php?run_id=110202&search_id=114132&scans_id=110198&peptide_id=12883&scanf=21427&charge=3&value=13/48,sp|P62906|RL10A_HUMAN,/core/www/modules//consensus/?run_id=110202&search_id=114132&scans_id=110198&peptide_id=12883&scanf=21427&charge=3&value=sp|P62906|RL10A_HUMAN,0,/core/www/modules/match_peptides/blast_html4.php?run_id=110202&search_id=114132&scans_id=110198&peptide_id=12883&scanf=21427&charge=3&value=0,K.AVDIPHM*DIEALK.K,/core/www/modules/show_out/show_out_wrapper.php?run_id=110202&search_id=114132&scans_id=110198&peptide_id=12883&scanf=21427&charge=3&value=K.AVDIPHM*DIEALK.K,RPL10A,1.262e+7,2.779,0.008,2.083,0.000
21428,3,"  2.345","  0.534",10/32,/core/www/modules//sdig/index.php?run_id=110202&search_id=114132&scans_id=110198&peptide_id=12884&scanf=21428&charge=3&value=10/32,sp|Q13283|G3BP1_HUMAN,/core/www/modules//consensus/?run_id=110202&search_id=114132&scans_id=110198&peptide_id=12884&scanf=21428&charge=3&value=sp|Q13283|G3BP1_HUMAN,6,/core/www/modules/match_peptides/blast_html4.php?run_id=110202&search_id=114132&scans_id=110198&peptide_id=12884&scanf=21428&charge=3&value=6,K.FYVHNDIFR.Y,/core/www/modules/show_out/show_out_wrapper.php?run_id=110202&search_id=114132&scans_id=110198&peptide_id=12884&scanf=21428&charge=3&value=K.FYVHNDIFR.Y,G3BP1,1.726e+7,3.472,0.001,3.106,0.000
21429,3,"  4.095","  0.553",12/64,/core/www/modules//sdig/index.php?run_id=110202&search_id=114132&scans_id=110198&peptide_id=12885&scanf=21429&charge=3&value=12/64,sp|Q9NU22|MDN1_HUMAN,/core/www/modules//consensus/?run_id=110202&search_id=114132&scans_id=110198&peptide_id=12885&scanf=21429&charge=3&value=sp|Q9NU22|MDN1_HUMAN,0,/core/www/modules/match_peptides/blast_html4.php?run_id=110202&search_id=114132&scans_id=110198&peptide_id=12885&scanf=21429&charge=3&value=0,K.GSPEDKDSEIELLTAGK.K,/core/www/modules/show_out/show_out_wrapper.php?run_id=110202&search_id=114132&scans_id=110198&peptide_id=12885&scanf=21429&charge=3&value=K.GSPEDKDSEIELLTAGK.K,MDN1,1.155e+7,3.065,0.003,2.504,0.000
21431,2,"  1.417","  0.327",9/20,/core/www/modules//sdig/index.php?run_id=110202&search_id=114132&scans_id=110198&peptide_id=12888&scanf=21431&charge=2&value=9/20,sp|Q8WWQ0|PHIP_HUMAN,/core/www/modules//consensus/?run_id=110202&search_id=114132&scans_id=110198&peptide_id=12888&scanf=21431&charge=2&value=sp|Q8WWQ0|PHIP_HUMAN,5,/core/www/modules/match_peptides/blast_html4.php?run_id=110202&search_id=114132&scans_id=110198&peptide_id=12888&scanf=21431&charge=2&value=5,R.VYFFGSGQPEK.I,/core/www/modules/show_out/show_out_wrapper.php?run_id=110202&search_id=114132&scans_id=110198&peptide_id=12888&scanf=21431&charge=2&value=R.VYFFGSGQPEK.I,PHIP,8.599e+6,2.426,0.027,1.566,0.001
21432,3,"  3.694","  0.500",19/64,/core/www/modules//sdig/index.php?run_id=110202&search_id=114132&scans_id=110198&peptide_id=12889&scanf=21432&charge=3&value=19/64,sp|P30414|NKTR_HUMAN,/core/www/modules//consensus/?run_id=110202&search_id=114132&scans_id=110198&peptide_id=12889&scanf=21432&charge=3&value=sp|P30414|NKTR_HUMAN,0,/core/www/modules/match_peptides/blast_html4.php?run_id=110202&search_id=114132&scans_id=110198&peptide_id=12889&scanf=21432&charge=3&value=0,K.IPDVAPIVSDQKPSVSK.S,/core/www/modules/show_out/show_out_wrapper.php?run_id=110202&search_id=114132&scans_id=110198&peptide_id=12889&scanf=21432&charge=3&value=K.IPDVAPIVSDQKPSVSK.S,NKTR,7.859e+6,3.056,0.003,2.491,0.000
21433,2,"  2.518","  0.463",12/22,/core/www/modules//sdig/index.php?run_id=110202&search_id=114132&scans_id=110198&peptide_id=12890&scanf=21433&charge=2&value=12/22,sp|Q09161|NCBP1_HUMAN,/core/www/modules//consensus/?run_id=110202&search_id=114132&scans_id=110198&peptide_id=12890&scanf=21433&charge=2&value=sp|Q09161|NCBP1_HUMAN,0,/core/www/modules/match_peptides/blast_html4.php?run_id=110202&search_id=114132&scans_id=110198&peptide_id=12890&scanf=21433&charge=2&value=0,K.ANNYNEAVYLVR.F,/core/www/modules/show_out/show_out_wrapper.php?run_id=110202&search_id=114132&scans_id=110198&peptide_id=12890&scanf=21433&charge=2&value=K.ANNYNEAVYLVR.F,NCBP1,2.121e+7,2.966,0.004,2.358,0.000
21435,2,"  3.111","  0.449",13/24,/core/www/modules//sdig/index.php?run_id=110202&search_id=114132&scans_id=110198&peptide_id=12892&scanf=21435&charge=2&value=13/24,sp|Q9UL40|ZN346_HUMAN,/core/www/modules//consensus/?run_id=110202&search_id=114132&scans_id=110198&peptide_id=12892&scanf=21435&charge=2&value=sp|Q9UL40|ZN346_HUMAN,2,/core/www/modules/match_peptides/blast_html4.php?run_id=110202&search_id=114132&scans_id=110198&peptide_id=12892&scanf=21435&charge=2&value=2,R.LADPAVTDFPAGK.G,/core/www/modules/show_out/show_out_wrapper.php?run_id=110202&search_id=114132&scans_id=110198&peptide_id=12892&scanf=21435&charge=2&value=R.LADPAVTDFPAGK.G,ZNF346,7.895e+6,2.917,0.005,2.286,0.000
21437,2,"  3.445","  0.550",12/26,/core/www/modules//sdig/index.php?run_id=110202&search_id=114132&scans_id=110198&peptide_id=12894&scanf=21437&charge=2&value=12/26,sp|P38646|GRP75_HUMAN,/core/www/modules//consensus/?run_id=110202&search_id=114132&scans_id=110198&peptide_id=12894&scanf=21437&charge=2&value=sp|P38646|GRP75_HUMAN,6,/core/www/modules/match_peptides/blast_html4.php?run_id=110202&search_id=114132&scans_id=110198&peptide_id=12894&scanf=21437&charge=2&value=6,R.TTPSVVAFTADGER.L,/core/www/modules/show_out/show_out_wrapper.php?run_id=110202&search_id=114132&scans_id=110198&peptide_id=12894&scanf=21437&charge=2&value=R.TTPSVVAFTADGER.L,HSPA9,1.218e+7,3.194,0.002,2.695,0.000
21438,2,"  2.292","  0.409",9/16,/core/www/modules//sdig/index.php?run_id=110202&search_id=114132&scans_id=110198&peptide_id=12895&scanf=21438&charge=2&value=9/16,sp|Q9Y3B7|RM11_HUMAN,/core/www/modules//consensus/?run_id=110202&search_id=114132&scans_id=110198&peptide_id=12895&scanf=21438&charge=2&value=sp|Q9Y3B7|RM11_HUMAN,0,/core/www/modules/match_peptides/blast_html4.php?run_id=110202&search_id=114132&scans_id=110198&peptide_id=12895&scanf=21438&charge=2&value=0,K.EVAGLVTLK.H,/core/www/modules/show_out/show_out_wrapper.php?run_id=110202&search_id=114132&scans_id=110198&peptide_id=12895&scanf=21438&charge=2&value=K.EVAGLVTLK.H,MRPL11,6.063e+6,2.877,0.006,2.226,0.000
21439,3,"  2.841","  0.318",11/56,/core/www/modules//sdig/index.php?run_id=110202&search_id=114132&scans_id=110198&peptide_id=12896&scanf=21439&charge=3&value=11/56,sp|Q7L5N1|CSN6_HUMAN,/core/www/modules//consensus/?run_id=110202&search_id=114132&scans_id=110198&peptide_id=12896&scanf=21439&charge=3&value=sp|Q7L5N1|CSN6_HUMAN,1,/core/www/modules/match_peptides/blast_html4.php?run_id=110202&search_id=114132&scans_id=110198&peptide_id=12896&scanf=21439&charge=3&value=1,K.ASEAGEVPFNHEILR.E,/core/www/modules/show_out/show_out_wrapper.php?run_id=110202&search_id=114132&scans_id=110198&peptide_id=12896&scanf=21439&charge=3&value=K.ASEAGEVPFNHEILR.E,COPS6,7.152e+6,2.359,0.034,1.471,0.001
21440,3,"  3.786","  0.440",13/52,/core/www/modules//sdig/index.php?run_id=110202&search_id=114132&scans_id=110198&peptide_id=12898&scanf=21440&charge=3&value=13/52,sp|Q13200|PSMD2_HUMAN,/core/www/modules//consensus/?run_id=110202&search_id=114132&scans_id=110198&peptide_id=12898&scanf=21440&charge=3&value=sp|Q13200|PSMD2_HUMAN,2,/core/www/modules/match_peptides/blast_html4.php?run_id=110202&search_id=114132&scans_id=110198&peptide_id=12898&scanf=21440&charge=3&value=2,K.DTSLYRPALEELRR.Q,/core/www/modules/show_out/show_out_wrapper.php?run_id=110202&search_id=114132&scans_id=110198&peptide_id=12898&scanf=21440&charge=3&value=K.DTSLYRPALEELRR.Q,PSMD2,8.518e+6,2.712,0.010,1.983,0.000
21442,2,"  2.477","  0.451",15/24,/core/www/modules//sdig/index.php?run_id=110202&search_id=114132&scans_id=110198&peptide_id=12900&scanf=21442&charge=2&value=15/24,sp|P08240|SRPRA_HUMAN,/core/www/modules//consensus/?run_id=110202&search_id=114132&scans_id=110198&peptide_id=12900&scanf=21442&charge=2&value=sp|P08240|SRPRA_HUMAN,0,/core/www/modules/match_peptides/blast_html4.php?run_id=110202&search_id=114132&scans_id=110198&peptide_id=12900&scanf=21442&charge=2&value=0,K.VMGTFSTVTSTVK.Q,/core/www/modules/show_out/show_out_wrapper.php?run_id=110202&search_id=114132&scans_id=110198&peptide_id=12900&scanf=21442&charge=2&value=K.VMGTFSTVTSTVK.Q,SRPRA,1.834e+7,3.064,0.003,2.503,0.000
21446,2,"  2.328","  0.563",11/16,/core/www/modules//sdig/index.php?run_id=110202&search_id=114132&scans_id=110198&peptide_id=12903&scanf=21446&charge=2&value=11/16,sp|O43707|ACTN4_HUMAN,/core/www/modules//consensus/?run_id=110202&search_id=114132&scans_id=110198&peptide_id=12903&scanf=21446&charge=2&value=sp|O43707|ACTN4_HUMAN,3,/core/www/modules/match_peptides/blast_html4.php?run_id=110202&search_id=114132&scans_id=110198&peptide_id=12903&scanf=21446&charge=2&value=3,K.NFITAEELR.R,/core/www/modules/show_out/show_out_wrapper.php?run_id=110202&search_id=114132&scans_id=110198&peptide_id=12903&scanf=21446&charge=2&value=K.NFITAEELR.R,ACTN4,2.244e+8,3.971,0.000,3.847,0.000
21448,2,"  3.079","  0.552",12/20,/core/www/modules//sdig/index.php?run_id=110202&search_id=114132&scans_id=110198&peptide_id=12905&scanf=21448&charge=2&value=12/20,sp|Q9Y5S9|RBM8A_HUMAN,/core/www/modules//consensus/?run_id=110202&search_id=114132&scans_id=110198&peptide_id=12905&scanf=21448&charge=2&value=sp|Q9Y5S9|RBM8A_HUMAN,1,/core/www/modules/match_peptides/blast_html4.php?run_id=110202&search_id=114132&scans_id=110198&peptide_id=12905&scanf=21448&charge=2&value=1,K.GYTLVEYETYK.E,/core/www/modules/show_out/show_out_wrapper.php?run_id=110202&search_id=114132&scans_id=110198&peptide_id=12905&scanf=21448&charge=2&value=K.GYTLVEYETYK.E,RBM8A,1.590e+7,3.401,0.001,3.002,0.000
21450,4,"  5.240","  0.595",26/114,/core/www/modules//sdig/index.php?run_id=110202&search_id=114132&scans_id=110198&peptide_id=12908&scanf=21450&charge=4&value=26/114,sp|P07237|PDIA1_HUMAN,/core/www/modules//consensus/?run_id=110202&search_id=114132&scans_id=110198&peptide_id=12908&scanf=21450&charge=4&value=sp|P07237|PDIA1_HUMAN,16,/core/www/modules/match_peptides/blast_html4.php?run_id=110202&search_id=114132&scans_id=110198&peptide_id=12908&scanf=21450&charge=4&value=16,K.IKPHLMSQELPEDWDKQPVK.V,/core/www/modules/show_out/show_out_wrapper.php?run_id=110202&search_id=114132&scans_id=110198&peptide_id=12908&scanf=21450&charge=4&value=K.IKPHLMSQELPEDWDKQPVK.V,P4HB,3.692e+7,3.554,0.001,3.229,0.000
21451,4,"  4.638","  0.545",18/90,/core/www/modules//sdig/index.php?run_id=110202&search_id=114132&scans_id=110198&peptide_id=12909&scanf=21451&charge=4&value=18/90,sp|Q9NU22|MDN1_HUMAN,/core/www/modules//consensus/?run_id=110202&search_id=114132&scans_id=110198&peptide_id=12909&scanf=21451&charge=4&value=sp|Q9NU22|MDN1_HUMAN,0,/core/www/modules/match_peptides/blast_html4.php?run_id=110202&search_id=114132&scans_id=110198&peptide_id=12909&scanf=21451&charge=4&value=0,R.DLEDEVVVSYSHPHVR.L,/core/www/modules/show_out/show_out_wrapper.php?run_id=110202&search_id=114132&scans_id=110198&peptide_id=12909&scanf=21451&charge=4&value=R.DLEDEVVVSYSHPHVR.L,MDN1,6.973e+6,3.920,0.000,3.771,0.000
21452,2,"  1.744","  0.371",8/14,/core/www/modules//sdig/index.php?run_id=110202&search_id=114132&scans_id=110198&peptide_id=12910&scanf=21452&charge=2&value=8/14,sp|Q13769|THOC5_HUMAN,/core/www/modules//consensus/?run_id=110202&search_id=114132&scans_id=110198&peptide_id=12910&scanf=21452&charge=2&value=sp|Q13769|THOC5_HUMAN,3,/core/www/modules/match_peptides/blast_html4.php?run_id=110202&search_id=114132&scans_id=110198&peptide_id=12910&scanf=21452&charge=2&value=3,R.LDWELEQR.K,/core/www/modules/show_out/show_out_wrapper.php?run_id=110202&search_id=114132&scans_id=110198&peptide_id=12910&scanf=21452&charge=2&value=R.LDWELEQR.K,THOC5,1.329e+7,2.715,0.010,1.988,0.000
21453,3,"  3.213","  0.604",16/40,/core/www/modules//sdig/index.php?run_id=110202&search_id=114132&scans_id=110198&peptide_id=12911&scanf=21453&charge=3&value=16/40,sp|P51114|FXR1_HUMAN,/core/www/modules//consensus/?run_id=110202&search_id=114132&scans_id=110198&peptide_id=12911&scanf=21453&charge=3&value=sp|P51114|FXR1_HUMAN,7,/core/www/modules/match_peptides/blast_html4.php?run_id=110202&search_id=114132&scans_id=110198&peptide_id=12911&scanf=21453&charge=3&value=7,K.RVNILSDMHLR.S,/core/www/modules/show_out/show_out_wrapper.php?run_id=110202&search_id=114132&scans_id=110198&peptide_id=12911&scanf=21453&charge=3&value=K.RVNILSDMHLR.S,FXR1,2.034e+7,3.551,0.001,3.223,0.000
21456,3,"  2.408","  0.447",12/32,/core/www/modules//sdig/index.php?run_id=110202&search_id=114132&scans_id=110198&peptide_id=12914&scanf=21456&charge=3&value=12/32,sp|Q9NTJ3|SMC4_HUMAN,/core/www/modules//consensus/?run_id=110202&search_id=114132&scans_id=110198&peptide_id=12914&scanf=21456&charge=3&value=sp|Q9NTJ3|SMC4_HUMAN,1,/core/www/modules/match_peptides/blast_html4.php?run_id=110202&search_id=114132&scans_id=110198&peptide_id=12914&scanf=21456&charge=3&value=1,K.SLVHDLFQK.V,/core/www/modules/show_out/show_out_wrapper.php?run_id=110202&search_id=114132&scans_id=110198&peptide_id=12914&scanf=21456&charge=3&value=K.SLVHDLFQK.V,SMC4,5.901e+6,3.272,0.002,2.810,0.000
21458,2,"  1.657","  0.306",7/14,/core/www/modules//sdig/index.php?run_id=110202&search_id=114132&scans_id=110198&peptide_id=12916&scanf=21458&charge=2&value=7/14,sp|P55072|TERA_HUMAN,/core/www/modules//consensus/?run_id=110202&search_id=114132&scans_id=110198&peptide_id=12916&scanf=21458&charge=2&value=sp|P55072|TERA_HUMAN,9,/core/www/modules/match_peptides/blast_html4.php?run_id=110202&search_id=114132&scans_id=110198&peptide_id=12916&scanf=21458&charge=2&value=9,K.EM*VELPLR.H,/core/www/modules/show_out/show_out_wrapper.php?run_id=110202&search_id=114132&scans_id=110198&peptide_id=12916&scanf=21458&charge=2&value=K.EM*VELPLR.H,VCP,8.573e+6,2.541,0.018,1.734,0.000
21459,2,"  2.757","  0.549",12/18,/core/www/modules//sdig/index.php?run_id=110202&search_id=114132&scans_id=110198&peptide_id=12917&scanf=21459&charge=2&value=12/18,sp|P49411|EFTU_HUMAN,/core/www/modules//consensus/?run_id=110202&search_id=114132&scans_id=110198&peptide_id=12917&scanf=21459&charge=2&value=sp|P49411|EFTU_HUMAN,0,/core/www/modules/match_peptides/blast_html4.php?run_id=110202&search_id=114132&scans_id=110198&peptide_id=12917&scanf=21459&charge=2&value=0,K.VEAQVYILSK.E,/core/www/modules/show_out/show_out_wrapper.php?run_id=110202&search_id=114132&scans_id=110198&peptide_id=12917&scanf=21459&charge=2&value=K.VEAQVYILSK.E,TUFM,1.687e+7,3.376,0.001,2.964,0.000
21460,2,"  3.279","  0.612",13/22,/core/www/modules//sdig/index.php?run_id=110202&search_id=114132&scans_id=110198&peptide_id=12919&scanf=21460&charge=2&value=13/22,sp|P46940|IQGA1_HUMAN,/core/www/modules//consensus/?run_id=110202&search_id=114132&scans_id=110198&peptide_id=12919&scanf=21460&charge=2&value=sp|P46940|IQGA1_HUMAN,2,/core/www/modules/match_peptides/blast_html4.php?run_id=110202&search_id=114132&scans_id=110198&peptide_id=12919&scanf=21460&charge=2&value=2,K.VDFTEEEINNMK.T,/core/www/modules/show_out/show_out_wrapper.php?run_id=110202&search_id=114132&scans_id=110198&peptide_id=12919&scanf=21460&charge=2&value=K.VDFTEEEINNMK.T,IQGAP1,6.176e+6,3.662,0.000,3.389,0.000
21461,2,"  3.294","  0.651",13/28,/core/www/modules//sdig/index.php?run_id=110202&search_id=114132&scans_id=110198&peptide_id=12920&scanf=21461&charge=2&value=13/28,sp|Q96PK6|RBM14_HUMAN,/core/www/modules//consensus/?run_id=110202&search_id=114132&scans_id=110198&peptide_id=12920&scanf=21461&charge=2&value=sp|Q96PK6|RBM14_HUMAN,0,/core/www/modules/match_peptides/blast_html4.php?run_id=110202&search_id=114132&scans_id=110198&peptide_id=12920&scanf=21461&charge=2&value=0,R.ASYVAPLTAQPATYR.A,/core/www/modules/show_out/show_out_wrapper.php?run_id=110202&search_id=114132&scans_id=110198&peptide_id=12920&scanf=21461&charge=2&value=R.ASYVAPLTAQPATYR.A,RBM14,1.111e+7,3.468,0.001,3.100,0.000
21463,2,"  2.276","  0.444",11/22,/core/www/modules//sdig/index.php?run_id=110202&search_id=114132&scans_id=110198&peptide_id=12922&scanf=21463&charge=2&value=11/22,sp|Q96L92|SNX27_HUMAN,/core/www/modules//consensus/?run_id=110202&search_id=114132&scans_id=110198&peptide_id=12922&scanf=21463&charge=2&value=sp|Q96L92|SNX27_HUMAN,3,/core/www/modules/match_peptides/blast_html4.php?run_id=110202&search_id=114132&scans_id=110198&peptide_id=12922&scanf=21463&charge=2&value=3,R.VALPDGTTVTVR.V,/core/www/modules/show_out/show_out_wrapper.php?run_id=110202&search_id=114132&scans_id=110198&peptide_id=12922&scanf=21463&charge=2&value=R.VALPDGTTVTVR.V,SNX27,8.191e+6,2.818,0.007,2.140,0.000
21467,2,"  1.601","  0.149",8/12,/core/www/modules//sdig/index.php?run_id=110202&search_id=114132&scans_id=110198&peptide_id=12925&scanf=21467&charge=2&value=8/12,sp|P22087|FBRL_HUMAN,/core/www/modules//consensus/?run_id=110202&search_id=114132&scans_id=110198&peptide_id=12925&scanf=21467&charge=2&value=sp|P22087|FBRL_HUMAN,4,/core/www/modules/match_peptides/blast_html4.php?run_id=110202&search_id=114132&scans_id=110198&peptide_id=12925&scanf=21467&charge=2&value=4,R.DLINLAK.K,/core/www/modules/show_out/show_out_wrapper.php?run_id=110202&search_id=114132&scans_id=110198&peptide_id=12925&scanf=21467&charge=2&value=R.DLINLAK.K,FBL,2.885e+8,2.307,0.040,1.397,0.001
21468,2,"  2.511","  0.151",9/18,/core/www/modules//sdig/index.php?run_id=110202&search_id=114132&scans_id=110198&peptide_id=12926&scanf=21468&charge=2&value=9/18,sp|O95793|STAU1_HUMAN,/core/www/modules//consensus/?run_id=110202&search_id=114132&scans_id=110198&peptide_id=12926&scanf=21468&charge=2&value=sp|O95793|STAU1_HUMAN,1,/core/www/modules/match_peptides/blast_html4.php?run_id=110202&search_id=114132&scans_id=110198&peptide_id=12926&scanf=21468&charge=2&value=1,K.EPEYTLLTER.G,/core/www/modules/show_out/show_out_wrapper.php?run_id=110202&search_id=114132&scans_id=110198&peptide_id=12926&scanf=21468&charge=2&value=K.EPEYTLLTER.G,STAU1,1.307e+7,2.040,0.094,1.026,0.004
21469,2,"  1.367","  0.171",7/12,/core/www/modules//sdig/index.php?run_id=110202&search_id=114132&scans_id=110198&peptide_id=12927&scanf=21469&charge=2&value=7/12,sp|P35659|DEK_HUMAN,/core/www/modules//consensus/?run_id=110202&search_id=114132&scans_id=110198&peptide_id=12927&scanf=21469&charge=2&value=sp|P35659|DEK_HUMAN,7,/core/www/modules/match_peptides/blast_html4.php?run_id=110202&search_id=114132&scans_id=110198&peptide_id=12927&scanf=21469&charge=2&value=7,R.IHFFLSK.K,/core/www/modules/show_out/show_out_wrapper.php?run_id=110202&search_id=114132&scans_id=110198&peptide_id=12927&scanf=21469&charge=2&value=R.IHFFLSK.K,DEK,3.809e+7,2.098,0.079,1.105,0.003
21470,2,"  2.115","  0.282",9/16,/core/www/modules//sdig/index.php?run_id=110202&search_id=114132&scans_id=110198&peptide_id=12929&scanf=21470&charge=2&value=9/16,sp|P28482|MK01_HUMAN,/core/www/modules//consensus/?run_id=110202&search_id=114132&scans_id=110198&peptide_id=12929&scanf=21470&charge=2&value=sp|P28482|MK01_HUMAN,0,/core/www/modules/match_peptides/blast_html4.php?run_id=110202&search_id=114132&scans_id=110198&peptide_id=12929&scanf=21470&charge=2&value=0,K.ELIFEETAR.F,/core/www/modules/show_out/show_out_wrapper.php?run_id=110202&search_id=114132&scans_id=110198&peptide_id=12929&scanf=21470&charge=2&value=K.ELIFEETAR.F,MAPK1,9.717e+6,2.354,0.034,1.464,0.001
21472,3,"  4.676","  0.605",17/76,/core/www/modules//sdig/index.php?run_id=110202&search_id=114132&scans_id=110198&peptide_id=12931&scanf=21472&charge=3&value=17/76,sp|Q14690|RRP5_HUMAN,/core/www/modules//consensus/?run_id=110202&search_id=114132&scans_id=110198&peptide_id=12931&scanf=21472&charge=3&value=sp|Q14690|RRP5_HUMAN,1,/core/www/modules/match_peptides/blast_html4.php?run_id=110202&search_id=114132&scans_id=110198&peptide_id=12931&scanf=21472&charge=3&value=1,R.IEEALMDPGRQPESADDFDR.L,/core/www/modules/show_out/show_out_wrapper.php?run_id=110202&search_id=114132&scans_id=110198&peptide_id=12931&scanf=21472&charge=3&value=R.IEEALMDPGRQPESADDFDR.L,PDCD11,5.438e+6,3.105,0.003,2.564,0.000
21475,3,"  4.678","  0.638",24/64,/core/www/modules//sdig/index.php?run_id=110202&search_id=114132&scans_id=110198&peptide_id=12934&scanf=21475&charge=3&value=24/64,sp|Q8NE71|ABCF1_HUMAN,/core/www/modules//consensus/?run_id=110202&search_id=114132&scans_id=110198&peptide_id=12934&scanf=21475&charge=3&value=sp|Q8NE71|ABCF1_HUMAN,2,/core/www/modules/match_peptides/blast_html4.php?run_id=110202&search_id=114132&scans_id=110198&peptide_id=12934&scanf=21475&charge=3&value=2,K.FAALDNEEEDKEEEIIK.E,/core/www/modules/show_out/show_out_wrapper.php?run_id=110202&search_id=114132&scans_id=110198&peptide_id=12934&scanf=21475&charge=3&value=K.FAALDNEEEDKEEEIIK.E,ABCF1,1.265e+7,3.449,0.001,3.073,0.000
21479,3,"  4.518","  0.547",21/68,/core/www/modules//sdig/index.php?run_id=110202&search_id=114132&scans_id=110198&peptide_id=12938&scanf=21479&charge=3&value=21/68,sp|Q9H2P0|ADNP_HUMAN,/core/www/modules//consensus/?run_id=110202&search_id=114132&scans_id=110198&peptide_id=12938&scanf=21479&charge=3&value=sp|Q9H2P0|ADNP_HUMAN,1,/core/www/modules/match_peptides/blast_html4.php?run_id=110202&search_id=114132&scans_id=110198&peptide_id=12938&scanf=21479&charge=3&value=1,K.IFHAPNASAPSSSLSTFK.D,/core/www/modules/show_out/show_out_wrapper.php?run_id=110202&search_id=114132&scans_id=110198&peptide_id=12938&scanf=21479&charge=3&value=K.IFHAPNASAPSSSLSTFK.D,ADNP,9.745e+6,3.230,0.002,2.748,0.000
21482,3,"  2.791","  0.391",16/64,/core/www/modules//sdig/index.php?run_id=110202&search_id=114132&scans_id=110198&peptide_id=12942&scanf=21482&charge=3&value=16/64,sp|Q01082|SPTB2_HUMAN,/core/www/modules//consensus/?run_id=110202&search_id=114132&scans_id=110198&peptide_id=12942&scanf=21482&charge=3&value=sp|Q01082|SPTB2_HUMAN,1,/core/www/modules/match_peptides/blast_html4.php?run_id=110202&search_id=114132&scans_id=110198&peptide_id=12942&scanf=21482&charge=3&value=1,K.EGMQLISEKPETEAVVK.E,/core/www/modules/show_out/show_out_wrapper.php?run_id=110202&search_id=114132&scans_id=110198&peptide_id=12942&scanf=21482&charge=3&value=K.EGMQLISEKPETEAVVK.E,SPTBN1,1.314e+7,2.716,0.010,1.990,0.000
21483,2,"  3.856","  0.615",16/28,/core/www/modules//sdig/index.php?run_id=110202&search_id=114132&scans_id=110198&peptide_id=12943&scanf=21483&charge=2&value=16/28,sp|Q9BUJ2|HNRL1_HUMAN,/core/www/modules//consensus/?run_id=110202&search_id=114132&scans_id=110198&peptide_id=12943&scanf=21483&charge=2&value=sp|Q9BUJ2|HNRL1_HUMAN,3,/core/www/modules/match_peptides/blast_html4.php?run_id=110202&search_id=114132&scans_id=110198&peptide_id=12943&scanf=21483&charge=2&value=3,R.NYILDQTNVYGSAQR.R,/core/www/modules/show_out/show_out_wrapper.php?run_id=110202&search_id=114132&scans_id=110198&peptide_id=12943&scanf=21483&charge=2&value=R.NYILDQTNVYGSAQR.R,HNRNPUL1,3.618e+7,3.513,0.001,3.167,0.000
21484,2,"  1.717","  0.289",8/14,/core/www/modules//sdig/index.php?run_id=110202&search_id=114132&scans_id=110198&peptide_id=12944&scanf=21484&charge=2&value=8/14,sp|P78345|RPP38_HUMAN,/core/www/modules//consensus/?run_id=110202&search_id=114132&scans_id=110198&peptide_id=12944&scanf=21484&charge=2&value=sp|P78345|RPP38_HUMAN,0,/core/www/modules/match_peptides/blast_html4.php?run_id=110202&search_id=114132&scans_id=110198&peptide_id=12944&scanf=21484&charge=2&value=0,R.IAPVIGLK.C,/core/www/modules/show_out/show_out_wrapper.php?run_id=110202&search_id=114132&scans_id=110198&peptide_id=12944&scanf=21484&charge=2&value=R.IAPVIGLK.C,RPP38,5.742e+6,2.506,0.021,1.683,0.000
21485,3,"  5.054","  0.509",19/92,/core/www/modules//sdig/index.php?run_id=110202&search_id=114132&scans_id=110198&peptide_id=12945&scanf=21485&charge=3&value=19/92,sp|Q14204|DYHC1_HUMAN,/core/www/modules//consensus/?run_id=110202&search_id=114132&scans_id=110198&peptide_id=12945&scanf=21485&charge=3&value=sp|Q14204|DYHC1_HUMAN,29,/core/www/modules/match_peptides/blast_html4.php?run_id=110202&search_id=114132&scans_id=110198&peptide_id=12945&scanf=21485&charge=3&value=29,R.VLRPQVTAVAQQNQGEVPEPQDMK.V,/core/www/modules/show_out/show_out_wrapper.php?run_id=110202&search_id=114132&scans_id=110198&peptide_id=12945&scanf=21485&charge=3&value=R.VLRPQVTAVAQQNQGEVPEPQDMK.V,DYNC1H1,5.398e+6,3.028,0.004,2.450,0.000
21490,2,"  2.917","  0.510",12/20,/core/www/modules//sdig/index.php?run_id=110202&search_id=114132&scans_id=110198&peptide_id=12950&scanf=21490&charge=2&value=12/20,sp|P38919|IF4A3_HUMAN,/core/www/modules//consensus/?run_id=110202&search_id=114132&scans_id=110198&peptide_id=12950&scanf=21490&charge=2&value=sp|P38919|IF4A3_HUMAN,0,/core/www/modules/match_peptides/blast_html4.php?run_id=110202&search_id=114132&scans_id=110198&peptide_id=12950&scanf=21490&charge=2&value=0,R.ETQALILAPTR.E,/core/www/modules/show_out/show_out_wrapper.php?run_id=110202&search_id=114132&scans_id=110198&peptide_id=12950&scanf=21490&charge=2&value=R.ETQALILAPTR.E,EIF4A3,1.640e+8,3.331,0.001,2.897,0.000
21491,2,"  1.240","  0.000",7/14,/core/www/modules//sdig/index.php?run_id=110202&search_id=114132&scans_id=110198&peptide_id=12951&scanf=21491&charge=2&value=7/14,sp|O15516|CLOCK_HUMAN,/core/www/modules//consensus/?run_id=110202&search_id=114132&scans_id=110198&peptide_id=12951&scanf=21491&charge=2&value=sp|O15516|CLOCK_HUMAN,0,/core/www/modules/match_peptides/blast_html4.php?run_id=110202&search_id=114132&scans_id=110198&peptide_id=12951&scanf=21491&charge=2&value=0,R.LATPQFIK.E,/core/www/modules/show_out/show_out_wrapper.php?run_id=110202&search_id=114132&scans_id=110198&peptide_id=12951&scanf=21491&charge=2&value=R.LATPQFIK.E,CLOCK,9.935e+8,2.209,0.055,1.258,0.002
21494,3,"  2.216","  0.348",13/52,/core/www/modules//sdig/index.php?run_id=110202&search_id=114132&scans_id=110198&peptide_id=12954&scanf=21494&charge=3&value=13/52,sp|P12814|ACTN1_HUMAN,/core/www/modules//consensus/?run_id=110202&search_id=114132&scans_id=110198&peptide_id=12954&scanf=21494&charge=3&value=sp|P12814|ACTN1_HUMAN,22,/core/www/modules/match_peptides/blast_html4.php?run_id=110202&search_id=114132&scans_id=110198&peptide_id=12954&scanf=21494&charge=3&value=22,R.KAGTQIENIEEDFR.D,/core/www/modules/show_out/show_out_wrapper.php?run_id=110202&search_id=114132&scans_id=110198&peptide_id=12954&scanf=21494&charge=3&value=R.KAGTQIENIEEDFR.D,ACTN1,9.117e+6,2.385,0.031,1.508,0.001
21495,3,"  3.530","  0.590",12/48,/core/www/modules//sdig/index.php?run_id=110202&search_id=114132&scans_id=110198&peptide_id=12955&scanf=21495&charge=3&value=12/48,sp|P43686|PRS6B_HUMAN,/core/www/modules//consensus/?run_id=110202&search_id=114132&scans_id=110198&peptide_id=12955&scanf=21495&charge=3&value=sp|P43686|PRS6B_HUMAN,0,/core/www/modules/match_peptides/blast_html4.php?run_id=110202&search_id=114132&scans_id=110198&peptide_id=12955&scanf=21495&charge=3&value=0,R.ADTLDPALLRPGR.L,/core/www/modules/show_out/show_out_wrapper.php?run_id=110202&search_id=114132&scans_id=110198&peptide_id=12955&scanf=21495&charge=3&value=R.ADTLDPALLRPGR.L,PSMC4,3.507e+7,3.497,0.001,3.144,0.000
21497,3,"  2.750","  0.502",13/28,/core/www/modules//sdig/index.php?run_id=110202&search_id=114132&scans_id=110198&peptide_id=12957&scanf=21497&charge=3&value=13/28,sp|Q14202|ZMYM3_HUMAN,/core/www/modules//consensus/?run_id=110202&search_id=114132&scans_id=110198&peptide_id=12957&scanf=21497&charge=3&value=sp|Q14202|ZMYM3_HUMAN,2,/core/www/modules/match_peptides/blast_html4.php?run_id=110202&search_id=114132&scans_id=110198&peptide_id=12957&scanf=21497&charge=3&value=2,K.LLETIHWR.G,/core/www/modules/show_out/show_out_wrapper.php?run_id=110202&search_id=114132&scans_id=110198&peptide_id=12957&scanf=21497&charge=3&value=K.LLETIHWR.G,ZMYM3,1.330e+7,3.582,0.001,3.269,0.000
21498,2,"  2.933","  0.545",11/20,/core/www/modules//sdig/index.php?run_id=110202&search_id=114132&scans_id=110198&peptide_id=12958&scanf=21498&charge=2&value=11/20,sp|A6NMY6|AXA2L_HUMAN,/core/www/modules//consensus/?run_id=110202&search_id=114132&scans_id=110198&peptide_id=12958&scanf=21498&charge=2&value=sp|A6NMY6|AXA2L_HUMAN,12,/core/www/modules/match_peptides/blast_html4.php?run_id=110202&search_id=114132&scans_id=110198&peptide_id=12958&scanf=21498&charge=2&value=12,K.DIISDTSGDFR.K,/core/www/modules/show_out/show_out_wrapper.php?run_id=110202&search_id=114132&scans_id=110198&peptide_id=12958&scanf=21498&charge=2&value=K.DIISDTSGDFR.K,ANXA2P2,1.720e+7,3.364,0.001,2.947,0.000
21501,3,"  3.854","  0.515",13/48,/core/www/modules//sdig/index.php?run_id=110202&search_id=114132&scans_id=110198&peptide_id=12962&scanf=21501&charge=3&value=13/48,sp|P35998|PRS7_HUMAN,/core/www/modules//consensus/?run_id=110202&search_id=114132&scans_id=110198&peptide_id=12962&scanf=21501&charge=3&value=sp|P35998|PRS7_HUMAN,1,/core/www/modules/match_peptides/blast_html4.php?run_id=110202&search_id=114132&scans_id=110198&peptide_id=12962&scanf=21501&charge=3&value=1,K.IATEKDFLEAVNK.V,/core/www/modules/show_out/show_out_wrapper.php?run_id=110202&search_id=114132&scans_id=110198&peptide_id=12962&scanf=21501&charge=3&value=K.IATEKDFLEAVNK.V,PSMC2,8.811e+6,3.010,0.004,2.423,0.000
21505,2,"  3.271","  0.437",14/18,/core/www/modules//sdig/index.php?run_id=110202&search_id=114132&scans_id=110198&peptide_id=12966&scanf=21505&charge=2&value=14/18,sp|Q16531|DDB1_HUMAN,/core/www/modules//consensus/?run_id=110202&search_id=114132&scans_id=110198&peptide_id=12966&scanf=21505&charge=2&value=sp|Q16531|DDB1_HUMAN,8,/core/www/modules/match_peptides/blast_html4.php?run_id=110202&search_id=114132&scans_id=110198&peptide_id=12966&scanf=21505&charge=2&value=8,R.LEELHVIDVK.F,/core/www/modules/show_out/show_out_wrapper.php?run_id=110202&search_id=114132&scans_id=110198&peptide_id=12966&scanf=21505&charge=2&value=R.LEELHVIDVK.F,DDB1,7.197e+6,3.367,0.001,2.952,0.000
21509,2,"  2.356","  0.608",16/22,/core/www/modules//sdig/index.php?run_id=110202&search_id=114132&scans_id=110198&peptide_id=12969&scanf=21509&charge=2&value=16/22,sp|P10412|H14_HUMAN,/core/www/modules//consensus/?run_id=110202&search_id=114132&scans_id=110198&peptide_id=12969&scanf=21509&charge=2&value=sp|P10412|H14_HUMAN,2,/core/www/modules/match_peptides/blast_html4.php?run_id=110202&search_id=114132&scans_id=110198&peptide_id=12969&scanf=21509&charge=2&value=2,K.ASGPPVSELITK.A,/core/www/modules/show_out/show_out_wrapper.php?run_id=110202&search_id=114132&scans_id=110198&peptide_id=12969&scanf=21509&charge=2&value=K.ASGPPVSELITK.A,H1-4,2.519e+8,3.725,0.000,3.482,0.000
21510,2,"  1.903","  0.458",9/14,/core/www/modules//sdig/index.php?run_id=110202&search_id=114132&scans_id=110198&peptide_id=12971&scanf=21510&charge=2&value=9/14,sp|Q9NZI8|IF2B1_HUMAN,/core/www/modules//consensus/?run_id=110202&search_id=114132&scans_id=110198&peptide_id=12971&scanf=21510&charge=2&value=sp|Q9NZI8|IF2B1_HUMAN,0,/core/www/modules/match_peptides/blast_html4.php?run_id=110202&search_id=114132&scans_id=110198&peptide_id=12971&scanf=21510&charge=2&value=0,K.MILEIMHK.E,/core/www/modules/show_out/show_out_wrapper.php?run_id=110202&search_id=114132&scans_id=110198&peptide_id=12971&scanf=21510&charge=2&value=K.MILEIMHK.E,IGF2BP1,4.088e+7,3.203,0.002,2.709,0.000
21511,2,"  2.591","  0.601",12/18,/core/www/modules//sdig/index.php?run_id=110202&search_id=114132&scans_id=110198&peptide_id=12972&scanf=21511&charge=2&value=12/18,sp|O94906|PRP6_HUMAN,/core/www/modules//consensus/?run_id=110202&search_id=114132&scans_id=110198&peptide_id=12972&scanf=21511&charge=2&value=sp|O94906|PRP6_HUMAN,0,/core/www/modules/match_peptides/blast_html4.php?run_id=110202&search_id=114132&scans_id=110198&peptide_id=12972&scanf=21511&charge=2&value=0,K.SEDVWLEAAR.L,/core/www/modules/show_out/show_out_wrapper.php?run_id=110202&search_id=114132&scans_id=110198&peptide_id=12972&scanf=21511&charge=2&value=K.SEDVWLEAAR.L,PRPF6,2.534e+7,3.810,0.000,3.607,0.000
21512,3,"  2.117","  0.525",14/36,/core/www/modules//sdig/index.php?run_id=110202&search_id=114132&scans_id=110198&peptide_id=12973&scanf=21512&charge=3&value=14/36,sp|Q03701|CEBPZ_HUMAN,/core/www/modules//consensus/?run_id=110202&search_id=114132&scans_id=110198&peptide_id=12973&scanf=21512&charge=3&value=sp|Q03701|CEBPZ_HUMAN,0,/core/www/modules/match_peptides/blast_html4.php?run_id=110202&search_id=114132&scans_id=110198&peptide_id=12973&scanf=21512&charge=3&value=0,K.LYQHEINLFK.S,/core/www/modules/show_out/show_out_wrapper.php?run_id=110202&search_id=114132&scans_id=110198&peptide_id=12973&scanf=21512&charge=3&value=K.LYQHEINLFK.S,CEBPZ,3.001e+7,3.507,0.001,3.159,0.000
21513,2,"  1.728","  0.386",10/14,/core/www/modules//sdig/index.php?run_id=110202&search_id=114132&scans_id=110198&peptide_id=12974&scanf=21513&charge=2&value=10/14,sp|Q92841|DDX17_HUMAN,/core/www/modules//consensus/?run_id=110202&search_id=114132&scans_id=110198&peptide_id=12974&scanf=21513&charge=2&value=sp|Q92841|DDX17_HUMAN,2,/core/www/modules/match_peptides/blast_html4.php?run_id=110202&search_id=114132&scans_id=110198&peptide_id=12974&scanf=21513&charge=2&value=2,K.TIIFVETK.R,/core/www/modules/show_out/show_out_wrapper.php?run_id=110202&search_id=114132&scans_id=110198&peptide_id=12974&scanf=21513&charge=2&value=K.TIIFVETK.R,DDX17,2.137e+8,3.133,0.002,2.604,0.000
21515,2,"  2.925","  0.471",9/16,/core/www/modules//sdig/index.php?run_id=110202&search_id=114132&scans_id=110198&peptide_id=12976&scanf=21515&charge=2&value=9/16,sp|P50213|IDH3A_HUMAN,/core/www/modules//consensus/?run_id=110202&search_id=114132&scans_id=110198&peptide_id=12976&scanf=21515&charge=2&value=sp|P50213|IDH3A_HUMAN,1,/core/www/modules/match_peptides/blast_html4.php?run_id=110202&search_id=114132&scans_id=110198&peptide_id=12976&scanf=21515&charge=2&value=1,R.MSDGLFLQK.C,/core/www/modules/show_out/show_out_wrapper.php?run_id=110202&search_id=114132&scans_id=110198&peptide_id=12976&scanf=21515&charge=2&value=R.MSDGLFLQK.C,IDH3A,1.221e+7,3.177,0.002,2.670,0.000
21517,2,"  1.244","  0.377",8/18,/core/www/modules//sdig/index.php?run_id=110202&search_id=114132&scans_id=110198&peptide_id=12978&scanf=21517&charge=2&value=8/18,sp|P55072|TERA_HUMAN,/core/www/modules//consensus/?run_id=110202&search_id=114132&scans_id=110198&peptide_id=12978&scanf=21517&charge=2&value=sp|P55072|TERA_HUMAN,10,/core/www/modules/match_peptides/blast_html4.php?run_id=110202&search_id=114132&scans_id=110198&peptide_id=12978&scanf=21517&charge=2&value=10,K.GDDLSTAILK.Q,/core/www/modules/show_out/show_out_wrapper.php?run_id=110202&search_id=114132&scans_id=110198&peptide_id=12978&scanf=21517&charge=2&value=K.GDDLSTAILK.Q,VCP,7.454e+7,2.668,0.012,1.919,0.000
21518,2,"  4.321","  0.669",15/22,/core/www/modules//sdig/index.php?run_id=110202&search_id=114132&scans_id=110198&peptide_id=12979&scanf=21518&charge=2&value=15/22,sp|Q9H0A0|NAT10_HUMAN,/core/www/modules//consensus/?run_id=110202&search_id=114132&scans_id=110198&peptide_id=12979&scanf=21518&charge=2&value=sp|Q9H0A0|NAT10_HUMAN,0,/core/www/modules/match_peptides/blast_html4.php?run_id=110202&search_id=114132&scans_id=110198&peptide_id=12979&scanf=21518&charge=2&value=0,R.GDDEEWNEVLNK.A,/core/www/modules/show_out/show_out_wrapper.php?run_id=110202&search_id=114132&scans_id=110198&peptide_id=12979&scanf=21518&charge=2&value=R.GDDEEWNEVLNK.A,NAT10,6.244e+6,4.102,0.000,4.040,0.000
21519,2,"  4.876","  0.661",19/30,/core/www/modules//sdig/index.php?run_id=110202&search_id=114132&scans_id=110198&peptide_id=12980&scanf=21519&charge=2&value=19/30,sp|P21333|FLNA_HUMAN,/core/www/modules//consensus/?run_id=110202&search_id=114132&scans_id=110198&peptide_id=12980&scanf=21519&charge=2&value=sp|P21333|FLNA_HUMAN,3,/core/www/modules/match_peptides/blast_html4.php?run_id=110202&search_id=114132&scans_id=110198&peptide_id=12980&scanf=21519&charge=2&value=3,R.EAGAGGLAIAVEGPSK.A,/core/www/modules/show_out/show_out_wrapper.php?run_id=110202&search_id=114132&scans_id=110198&peptide_id=12980&scanf=21519&charge=2&value=R.EAGAGGLAIAVEGPSK.A,FLNA,2.399e+7,3.959,0.000,3.828,0.000
21521,3,"  5.346","  0.699",16/80,/core/www/modules//sdig/index.php?run_id=110202&search_id=114132&scans_id=110198&peptide_id=12983&scanf=21521&charge=3&value=16/80,sp|P78527|PRKDC_HUMAN,/core/www/modules//consensus/?run_id=110202&search_id=114132&scans_id=110198&peptide_id=12983&scanf=21521&charge=3&value=sp|P78527|PRKDC_HUMAN,1,/core/www/modules/match_peptides/blast_html4.php?run_id=110202&search_id=114132&scans_id=110198&peptide_id=12983&scanf=21521&charge=3&value=1,K.LTPLPEDNSMNVDQDGDPSDR.M,/core/www/modules/show_out/show_out_wrapper.php?run_id=110202&search_id=114132&scans_id=110198&peptide_id=12983&scanf=21521&charge=3&value=K.LTPLPEDNSMNVDQDGDPSDR.M,PRKDC,2.320e+7,4.343,0.000,4.398,0.000
21523,3,"  3.645","  0.433",13/56,/core/www/modules//sdig/index.php?run_id=110202&search_id=114132&scans_id=110198&peptide_id=12985&scanf=21523&charge=3&value=13/56,sp|P01111|RASN_HUMAN,/core/www/modules//consensus/?run_id=110202&search_id=114132&scans_id=110198&peptide_id=12985&scanf=21523&charge=3&value=sp|P01111|RASN_HUMAN,3,/core/www/modules/match_peptides/blast_html4.php?run_id=110202&search_id=114132&scans_id=110198&peptide_id=12985&scanf=21523&charge=3&value=3,R.VKDSDDVPMVLVGNK.C,/core/www/modules/show_out/show_out_wrapper.php?run_id=110202&search_id=114132&scans_id=110198&peptide_id=12985&scanf=21523&charge=3&value=R.VKDSDDVPMVLVGNK.C,NRAS,9.936e+6,2.541,0.018,1.734,0.000
21526,2,"  3.246","  0.571",13/24,/core/www/modules//sdig/index.php?run_id=110202&search_id=114132&scans_id=110198&peptide_id=12988&scanf=21526&charge=2&value=13/24,sp|O43143|DHX15_HUMAN,/core/www/modules//consensus/?run_id=110202&search_id=114132&scans_id=110198&peptide_id=12988&scanf=21526&charge=2&value=sp|O43143|DHX15_HUMAN,0,/core/www/modules/match_peptides/blast_html4.php?run_id=110202&search_id=114132&scans_id=110198&peptide_id=12988&scanf=21526&charge=2&value=0,R.EVDDLGPEVGDIK.I,/core/www/modules/show_out/show_out_wrapper.php?run_id=110202&search_id=114132&scans_id=110198&peptide_id=12988&scanf=21526&charge=2&value=R.EVDDLGPEVGDIK.I,DHX15,7.963e+7,3.433,0.001,3.049,0.000
21527,3,"  2.809","  0.248",8/36,/core/www/modules//sdig/index.php?run_id=110202&search_id=114132&scans_id=110198&peptide_id=12989&scanf=21527&charge=3&value=8/36,sp|Q27J81|INF2_HUMAN,/core/www/modules//consensus/?run_id=110202&search_id=114132&scans_id=110198&peptide_id=12989&scanf=21527&charge=3&value=sp|Q27J81|INF2_HUMAN,13,/core/www/modules/match_peptides/blast_html4.php?run_id=110202&search_id=114132&scans_id=110198&peptide_id=12989&scanf=21527&charge=3&value=13,K.SHPDLLQLPR.D,/core/www/modules/show_out/show_out_wrapper.php?run_id=110202&search_id=114132&scans_id=110198&peptide_id=12989&scanf=21527&charge=3&value=K.SHPDLLQLPR.D,INF2,5.142e+6,2.356,0.034,1.466,0.001
21530,2,"  2.407","  0.368",10/14,/core/www/modules//sdig/index.php?run_id=110202&search_id=114132&scans_id=110198&peptide_id=12992&scanf=21530&charge=2&value=10/14,sp|Q9BUQ8|DDX23_HUMAN,/core/www/modules//consensus/?run_id=110202&search_id=114132&scans_id=110198&peptide_id=12992&scanf=21530&charge=2&value=sp|Q9BUQ8|DDX23_HUMAN,3,/core/www/modules/match_peptides/blast_html4.php?run_id=110202&search_id=114132&scans_id=110198&peptide_id=12992&scanf=21530&charge=2&value=3,R.LIDVLENR.Y,/core/www/modules/show_out/show_out_wrapper.php?run_id=110202&search_id=114132&scans_id=110198&peptide_id=12992&scanf=21530&charge=2&value=R.LIDVLENR.Y,DDX23,6.876e+7,3.101,0.003,2.557,0.000
21531,2,"  3.042","  0.457",11/18,/core/www/modules//sdig/index.php?run_id=110202&search_id=114132&scans_id=110198&peptide_id=12993&scanf=21531&charge=2&value=11/18,sp|Q9BQE9|BCL7B_HUMAN,/core/www/modules//consensus/?run_id=110202&search_id=114132&scans_id=110198&peptide_id=12993&scanf=21531&charge=2&value=sp|Q9BQE9|BCL7B_HUMAN,7,/core/www/modules/match_peptides/blast_html4.php?run_id=110202&search_id=114132&scans_id=110198&peptide_id=12993&scanf=21531&charge=2&value=7,K.WVTVGDTSLR.I,/core/www/modules/show_out/show_out_wrapper.php?run_id=110202&search_id=114132&scans_id=110198&peptide_id=12993&scanf=21531&charge=2&value=K.WVTVGDTSLR.I,BCL7B,4.051e+7,3.155,0.002,2.638,0.000
21533,2,"  2.159","  0.432",9/18,/core/www/modules//sdig/index.php?run_id=110202&search_id=114132&scans_id=110198&peptide_id=12995&scanf=21533&charge=2&value=9/18,sp|Q92841|DDX17_HUMAN,/core/www/modules//consensus/?run_id=110202&search_id=114132&scans_id=110198&peptide_id=12995&scanf=21533&charge=2&value=sp|Q92841|DDX17_HUMAN,2,/core/www/modules/match_peptides/blast_html4.php?run_id=110202&search_id=114132&scans_id=110198&peptide_id=12995&scanf=21533&charge=2&value=2,R.LTPYEVDELR.R,/core/www/modules/show_out/show_out_wrapper.php?run_id=110202&search_id=114132&scans_id=110198&peptide_id=12995&scanf=21533&charge=2&value=R.LTPYEVDELR.R,DDX17,4.280e+7,2.960,0.004,2.350,0.000
21535,2,"  3.512","  0.601",12/20,/core/www/modules//sdig/index.php?run_id=110202&search_id=114132&scans_id=110198&peptide_id=12997&scanf=21535&charge=2&value=12/20,sp|P46063|RECQ1_HUMAN,/core/www/modules//consensus/?run_id=110202&search_id=114132&scans_id=110198&peptide_id=12997&scanf=21535&charge=2&value=sp|P46063|RECQ1_HUMAN,0,/core/www/modules/match_peptides/blast_html4.php?run_id=110202&search_id=114132&scans_id=110198&peptide_id=12997&scanf=21535&charge=2&value=0,R.VAGVVAPTLPR.E,/core/www/modules/show_out/show_out_wrapper.php?run_id=110202&search_id=114132&scans_id=110198&peptide_id=12997&scanf=21535&charge=2&value=R.VAGVVAPTLPR.E,RECQL,5.853e+7,3.634,0.000,3.347,0.000
21539,3,"  3.103","  0.553",14/68,/core/www/modules//sdig/index.php?run_id=110202&search_id=114132&scans_id=110198&peptide_id=13001&scanf=21539&charge=3&value=14/68,sp|P62136|PP1A_HUMAN,/core/www/modules//consensus/?run_id=110202&search_id=114132&scans_id=110198&peptide_id=13001&scanf=21539&charge=3&value=sp|P62136|PP1A_HUMAN,2,/core/www/modules/match_peptides/blast_html4.php?run_id=110202&search_id=114132&scans_id=110198&peptide_id=13001&scanf=21539&charge=3&value=2,K.YGQFSGLNPGGRPITPPR.N,/core/www/modules/show_out/show_out_wrapper.php?run_id=110202&search_id=114132&scans_id=110198&peptide_id=13001&scanf=21539&charge=3&value=K.YGQFSGLNPGGRPITPPR.N,PPP1CA,1.091e+7,3.072,0.003,2.515,0.000
21540,4,"  5.752","  0.535",15/90,/core/www/modules//sdig/index.php?run_id=110202&search_id=114132&scans_id=110198&peptide_id=13003&scanf=21540&charge=4&value=15/90,sp|P09874|PARP1_HUMAN,/core/www/modules//consensus/?run_id=110202&search_id=114132&scans_id=110198&peptide_id=13003&scanf=21540&charge=4&value=sp|P09874|PARP1_HUMAN,1,/core/www/modules/match_peptides/blast_html4.php?run_id=110202&search_id=114132&scans_id=110198&peptide_id=13003&scanf=21540&charge=4&value=1,K.LEQMPSKEDAIEHFMK.L,/core/www/modules/show_out/show_out_wrapper.php?run_id=110202&search_id=114132&scans_id=110198&peptide_id=13003&scanf=21540&charge=4&value=K.LEQMPSKEDAIEHFMK.L,PARP1,4.208e+7,3.471,0.001,3.105,0.000
21541,4,"  3.899","  0.581",16/108,/core/www/modules//sdig/index.php?run_id=110202&search_id=114132&scans_id=110198&peptide_id=13004&scanf=21541&charge=4&value=16/108,sp|Q13200|PSMD2_HUMAN,/core/www/modules//consensus/?run_id=110202&search_id=114132&scans_id=110198&peptide_id=13004&scanf=21541&charge=4&value=sp|Q13200|PSMD2_HUMAN,0,/core/www/modules/match_peptides/blast_html4.php?run_id=110202&search_id=114132&scans_id=110198&peptide_id=13004&scanf=21541&charge=4&value=0,K.TITGFQTHTTPVLLAHGER.A,/core/www/modules/show_out/show_out_wrapper.php?run_id=110202&search_id=114132&scans_id=110198&peptide_id=13004&scanf=21541&charge=4&value=K.TITGFQTHTTPVLLAHGER.A,PSMD2,2.375e+7,3.608,0.000,3.309,0.000
21545,3,"  3.528","  0.520",14/68,/core/www/modules//sdig/index.php?run_id=110202&search_id=114132&scans_id=110198&peptide_id=13008&scanf=21545&charge=3&value=14/68,sp|P00558|PGK1_HUMAN,/core/www/modules//consensus/?run_id=110202&search_id=114132&scans_id=110198&peptide_id=13008&scanf=21545&charge=3&value=sp|P00558|PGK1_HUMAN,1,/core/www/modules/match_peptides/blast_html4.php?run_id=110202&search_id=114132&scans_id=110198&peptide_id=13008&scanf=21545&charge=3&value=1,K.VSHVSTGGGASLELLEGK.V,/core/www/modules/show_out/show_out_wrapper.php?run_id=110202&search_id=114132&scans_id=110198&peptide_id=13008&scanf=21545&charge=3&value=K.VSHVSTGGGASLELLEGK.V,PGK1,1.487e+7,2.945,0.005,2.326,0.000
21546,3,"  4.082","  0.608",17/72,/core/www/modules//sdig/index.php?run_id=110202&search_id=114132&scans_id=110198&peptide_id=13009&scanf=21546&charge=3&value=17/72,sp|Q13200|PSMD2_HUMAN,/core/www/modules//consensus/?run_id=110202&search_id=114132&scans_id=110198&peptide_id=13009&scanf=21546&charge=3&value=sp|Q13200|PSMD2_HUMAN,0,/core/www/modules/match_peptides/blast_html4.php?run_id=110202&search_id=114132&scans_id=110198&peptide_id=13009&scanf=21546&charge=3&value=0,K.TITGFQTHTTPVLLAHGER.A,/core/www/modules/show_out/show_out_wrapper.php?run_id=110202&search_id=114132&scans_id=110198&peptide_id=13009&scanf=21546&charge=3&value=K.TITGFQTHTTPVLLAHGER.A,PSMD2,9.755e+6,3.383,0.001,2.975,0.000
21548,3,"  3.109","  0.431",17/60,/core/www/modules//sdig/index.php?run_id=110202&search_id=114132&scans_id=110198&peptide_id=13011&scanf=21548&charge=3&value=17/60,sp|O00267|SPT5H_HUMAN,/core/www/modules//consensus/?run_id=110202&search_id=114132&scans_id=110198&peptide_id=13011&scanf=21548&charge=3&value=sp|O00267|SPT5H_HUMAN,0,/core/www/modules/match_peptides/blast_html4.php?run_id=110202&search_id=114132&scans_id=110198&peptide_id=13011&scanf=21548&charge=3&value=0,K.VVSISSEHLEPITPTK.N,/core/www/modules/show_out/show_out_wrapper.php?run_id=110202&search_id=114132&scans_id=110198&peptide_id=13011&scanf=21548&charge=3&value=K.VVSISSEHLEPITPTK.N,SUPT5H,1.360e+7,2.915,0.005,2.283,0.000
21551,2,"  2.521","  0.577",10/20,/core/www/modules//sdig/index.php?run_id=110202&search_id=114132&scans_id=110198&peptide_id=13014&scanf=21551&charge=2&value=10/20,sp|A6NMY6|AXA2L_HUMAN,/core/www/modules//consensus/?run_id=110202&search_id=114132&scans_id=110198&peptide_id=13014&scanf=21551&charge=2&value=sp|A6NMY6|AXA2L_HUMAN,12,/core/www/modules/match_peptides/blast_html4.php?run_id=110202&search_id=114132&scans_id=110198&peptide_id=13014&scanf=21551&charge=2&value=12,K.DIISDTSGDFR.K,/core/www/modules/show_out/show_out_wrapper.php?run_id=110202&search_id=114132&scans_id=110198&peptide_id=13014&scanf=21551&charge=2&value=K.DIISDTSGDFR.K,ANXA2P2,1.720e+7,3.384,0.001,2.976,0.000
21553,3,"  6.096","  0.690",22/72,/core/www/modules//sdig/index.php?run_id=110202&search_id=114132&scans_id=110198&peptide_id=13016&scanf=21553&charge=3&value=22/72,sp|P08238|HS90B_HUMAN,/core/www/modules//consensus/?run_id=110202&search_id=114132&scans_id=110198&peptide_id=13016&scanf=21553&charge=3&value=sp|P08238|HS90B_HUMAN,0,/core/www/modules/match_peptides/blast_html4.php?run_id=110202&search_id=114132&scans_id=110198&peptide_id=13016&scanf=21553&charge=3&value=0,R.YHTSQSGDEMTSLSEYVSR.M,/core/www/modules/show_out/show_out_wrapper.php?run_id=110202&search_id=114132&scans_id=110198&peptide_id=13016&scanf=21553&charge=3&value=R.YHTSQSGDEMTSLSEYVSR.M,HSP90AB1,5.596e+7,3.872,0.000,3.699,0.000
21555,3,"  2.740","  0.407",12/56,/core/www/modules//sdig/index.php?run_id=110202&search_id=114132&scans_id=110198&peptide_id=13018&scanf=21555&charge=3&value=12/56,sp|Q9BUJ2|HNRL1_HUMAN,/core/www/modules//consensus/?run_id=110202&search_id=114132&scans_id=110198&peptide_id=13018&scanf=21555&charge=3&value=sp|Q9BUJ2|HNRL1_HUMAN,3,/core/www/modules/match_peptides/blast_html4.php?run_id=110202&search_id=114132&scans_id=110198&peptide_id=13018&scanf=21555&charge=3&value=3,R.NYILDQTNVYGSAQR.R,/core/www/modules/show_out/show_out_wrapper.php?run_id=110202&search_id=114132&scans_id=110198&peptide_id=13018&scanf=21555&charge=3&value=R.NYILDQTNVYGSAQR.R,HNRNPUL1,1.395e+7,2.666,0.012,1.916,0.000
21556,4,"  3.734","  0.586",17/126,/core/www/modules//sdig/index.php?run_id=110202&search_id=114132&scans_id=110198&peptide_id=13019&scanf=21556&charge=4&value=17/126,sp|Q99459|CDC5L_HUMAN,/core/www/modules//consensus/?run_id=110202&search_id=114132&scans_id=110198&peptide_id=13019&scanf=21556&charge=4&value=sp|Q99459|CDC5L_HUMAN,0,/core/www/modules/match_peptides/blast_html4.php?run_id=110202&search_id=114132&scans_id=110198&peptide_id=13019&scanf=21556&charge=4&value=0,K.TVGFGTNNSEHITYLEHNPYEK.F,/core/www/modules/show_out/show_out_wrapper.php?run_id=110202&search_id=114132&scans_id=110198&peptide_id=13019&scanf=21556&charge=4&value=K.TVGFGTNNSEHITYLEHNPYEK.F,CDC5L,6.466e+6,3.434,0.001,3.050,0.000
21557,3,"  4.209","  0.389",15/64,/core/www/modules//sdig/index.php?run_id=110202&search_id=114132&scans_id=110198&peptide_id=13020&scanf=21557&charge=3&value=15/64,sp|Q01082|SPTB2_HUMAN,/core/www/modules//consensus/?run_id=110202&search_id=114132&scans_id=110198&peptide_id=13020&scanf=21557&charge=3&value=sp|Q01082|SPTB2_HUMAN,1,/core/www/modules/match_peptides/blast_html4.php?run_id=110202&search_id=114132&scans_id=110198&peptide_id=13020&scanf=21557&charge=3&value=1,K.EGMQLISEKPETEAVVK.E,/core/www/modules/show_out/show_out_wrapper.php?run_id=110202&search_id=114132&scans_id=110198&peptide_id=13020&scanf=21557&charge=3&value=K.EGMQLISEKPETEAVVK.E,SPTBN1,1.314e+7,2.767,0.009,2.064,0.000
21558,2,"  1.725","  0.205",7/12,/core/www/modules//sdig/index.php?run_id=110202&search_id=114132&scans_id=110198&peptide_id=13021&scanf=21558&charge=2&value=7/12,sp|Q7L9L4|MOB1B_HUMAN,/core/www/modules//consensus/?run_id=110202&search_id=114132&scans_id=110198&peptide_id=13021&scanf=21558&charge=2&value=sp|Q7L9L4|MOB1B_HUMAN,1,/core/www/modules/match_peptides/blast_html4.php?run_id=110202&search_id=114132&scans_id=110198&peptide_id=13021&scanf=21558&charge=2&value=1,K.IGVPFPK.N,/core/www/modules/show_out/show_out_wrapper.php?run_id=110202&search_id=114132&scans_id=110198&peptide_id=13021&scanf=21558&charge=2&value=K.IGVPFPK.N,MOB1B,2.052e+7,2.175,0.062,1.211,0.002
21560,2,"  1.929","  0.267",9/14,/core/www/modules//sdig/index.php?run_id=110202&search_id=114132&scans_id=110198&peptide_id=13024&scanf=21560&charge=2&value=9/14,sp|Q8N8A6|DDX51_HUMAN,/core/www/modules//consensus/?run_id=110202&search_id=114132&scans_id=110198&peptide_id=13024&scanf=21560&charge=2&value=sp|Q8N8A6|DDX51_HUMAN,0,/core/www/modules/match_peptides/blast_html4.php?run_id=110202&search_id=114132&scans_id=110198&peptide_id=13024&scanf=21560&charge=2&value=0,R.ALVVLPTK.E,/core/www/modules/show_out/show_out_wrapper.php?run_id=110202&search_id=114132&scans_id=110198&peptide_id=13024&scanf=21560&charge=2&value=R.ALVVLPTK.E,DDX51,1.842e+7,2.616,0.014,1.843,0.000
21561,3,"  2.760","  0.356",13/44,/core/www/modules//sdig/index.php?run_id=110202&search_id=114132&scans_id=110198&peptide_id=13025&scanf=21561&charge=3&value=13/44,sp|P53675|CLH2_HUMAN,/core/www/modules//consensus/?run_id=110202&search_id=114132&scans_id=110198&peptide_id=13025&scanf=21561&charge=3&value=sp|P53675|CLH2_HUMAN,12,/core/www/modules/match_peptides/blast_html4.php?run_id=110202&search_id=114132&scans_id=110198&peptide_id=13025&scanf=21561&charge=3&value=12,K.IVLDNSVFSEHR.N,/core/www/modules/show_out/show_out_wrapper.php?run_id=110202&search_id=114132&scans_id=110198&peptide_id=13025&scanf=21561&charge=3&value=K.IVLDNSVFSEHR.N,CLTCL1,1.220e+8,2.708,0.011,1.977,0.000
21563,3,"  2.923","  0.448",13/52,/core/www/modules//sdig/index.php?run_id=110202&search_id=114132&scans_id=110198&peptide_id=13027&scanf=21563&charge=3&value=13/52,sp|Q9NU22|MDN1_HUMAN,/core/www/modules//consensus/?run_id=110202&search_id=114132&scans_id=110198&peptide_id=13027&scanf=21563&charge=3&value=sp|Q9NU22|MDN1_HUMAN,0,/core/www/modules/match_peptides/blast_html4.php?run_id=110202&search_id=114132&scans_id=110198&peptide_id=13027&scanf=21563&charge=3&value=0,K.TSTIQYLAHITGHR.L,/core/www/modules/show_out/show_out_wrapper.php?run_id=110202&search_id=114132&scans_id=110198&peptide_id=13027&scanf=21563&charge=3&value=K.TSTIQYLAHITGHR.L,MDN1,8.281e+6,3.012,0.004,2.426,0.000
21564,2,"  1.867","  0.464",10/18,/core/www/modules//sdig/index.php?run_id=110202&search_id=114132&scans_id=110198&peptide_id=13028&scanf=21564&charge=2&value=10/18,sp|P53618|COPB_HUMAN,/core/www/modules//consensus/?run_id=110202&search_id=114132&scans_id=110198&peptide_id=13028&scanf=21564&charge=2&value=sp|P53618|COPB_HUMAN,1,/core/www/modules/match_peptides/blast_html4.php?run_id=110202&search_id=114132&scans_id=110198&peptide_id=13028&scanf=21564&charge=2&value=1,R.VLSTPDLEVR.K,/core/www/modules/show_out/show_out_wrapper.php?run_id=110202&search_id=114132&scans_id=110198&peptide_id=13028&scanf=21564&charge=2&value=R.VLSTPDLEVR.K,COPB1,5.199e+7,3.140,0.002,2.615,0.000
21566,2,"  3.784","  0.613",15/26,/core/www/modules//sdig/index.php?run_id=110202&search_id=114132&scans_id=110198&peptide_id=13030&scanf=21566&charge=2&value=15/26,sp|P35579|MYH9_HUMAN,/core/www/modules//consensus/?run_id=110202&search_id=114132&scans_id=110198&peptide_id=13030&scanf=21566&charge=2&value=sp|P35579|MYH9_HUMAN,1,/core/www/modules/match_peptides/blast_html4.php?run_id=110202&search_id=114132&scans_id=110198&peptide_id=13030&scanf=21566&charge=2&value=1,R.IAEFTTNLTEEEEK.S,/core/www/modules/show_out/show_out_wrapper.php?run_id=110202&search_id=114132&scans_id=110198&peptide_id=13030&scanf=21566&charge=2&value=R.IAEFTTNLTEEEEK.S,MYH9,1.155e+7,3.607,0.000,3.307,0.000
21573,2,"  2.683","  0.578",14/24,/core/www/modules//sdig/index.php?run_id=110202&search_id=114132&scans_id=110198&peptide_id=13037&scanf=21573&charge=2&value=14/24,sp|P83731|RL24_HUMAN,/core/www/modules//consensus/?run_id=110202&search_id=114132&scans_id=110198&peptide_id=13037&scanf=21573&charge=2&value=sp|P83731|RL24_HUMAN,2,/core/www/modules/match_peptides/blast_html4.php?run_id=110202&search_id=114132&scans_id=110198&peptide_id=13037&scanf=21573&charge=2&value=2,R.AITGASLADIM*AK.R,/core/www/modules/show_out/show_out_wrapper.php?run_id=110202&search_id=114132&scans_id=110198&peptide_id=13037&scanf=21573&charge=2&value=R.AITGASLADIM*AK.R,RPL24,2.158e+7,3.343,0.001,2.916,0.000
21574,2,"  3.543","  0.677",17/26,/core/www/modules//sdig/index.php?run_id=110202&search_id=114132&scans_id=110198&peptide_id=13038&scanf=21574&charge=2&value=17/26,sp|Q12906|ILF3_HUMAN,/core/www/modules//consensus/?run_id=110202&search_id=114132&scans_id=110198&peptide_id=13038&scanf=21574&charge=2&value=sp|Q12906|ILF3_HUMAN,0,/core/www/modules/match_peptides/blast_html4.php?run_id=110202&search_id=114132&scans_id=110198&peptide_id=13038&scanf=21574&charge=2&value=0,K.VLQDMGLPTGAEGR.D,/core/www/modules/show_out/show_out_wrapper.php?run_id=110202&search_id=114132&scans_id=110198&peptide_id=13038&scanf=21574&charge=2&value=K.VLQDMGLPTGAEGR.D,ILF3,2.322e+8,3.998,0.000,3.886,0.000
21575,3,"  3.769","  0.440",15/56,/core/www/modules//sdig/index.php?run_id=110202&search_id=114132&scans_id=110198&peptide_id=13039&scanf=21575&charge=3&value=15/56,sp|Q01082|SPTB2_HUMAN,/core/www/modules//consensus/?run_id=110202&search_id=114132&scans_id=110198&peptide_id=13039&scanf=21575&charge=3&value=sp|Q01082|SPTB2_HUMAN,2,/core/www/modules/match_peptides/blast_html4.php?run_id=110202&search_id=114132&scans_id=110198&peptide_id=13039&scanf=21575&charge=3&value=2,K.LLDPEDISVDHPDEK.S,/core/www/modules/show_out/show_out_wrapper.php?run_id=110202&search_id=114132&scans_id=110198&peptide_id=13039&scanf=21575&charge=3&value=K.LLDPEDISVDHPDEK.S,SPTBN1,1.822e+7,3.074,0.003,2.517,0.000
21576,2,"  2.701","  0.430",11/22,/core/www/modules//sdig/index.php?run_id=110202&search_id=114132&scans_id=110198&peptide_id=13040&scanf=21576&charge=2&value=11/22,sp|Q9NSE4|SYIM_HUMAN,/core/www/modules//consensus/?run_id=110202&search_id=114132&scans_id=110198&peptide_id=13040&scanf=21576&charge=2&value=sp|Q9NSE4|SYIM_HUMAN,0,/core/www/modules/match_peptides/blast_html4.php?run_id=110202&search_id=114132&scans_id=110198&peptide_id=13040&scanf=21576&charge=2&value=0,K.AVLEEGTDVVIK.M,/core/www/modules/show_out/show_out_wrapper.php?run_id=110202&search_id=114132&scans_id=110198&peptide_id=13040&scanf=21576&charge=2&value=K.AVLEEGTDVVIK.M,IARS2,7.227e+6,2.761,0.009,2.056,0.000
21577,3,"  4.438","  0.589",16/40,/core/www/modules//sdig/index.php?run_id=110202&search_id=114132&scans_id=110198&peptide_id=13041&scanf=21577&charge=3&value=16/40,sp|P51114|FXR1_HUMAN,/core/www/modules//consensus/?run_id=110202&search_id=114132&scans_id=110198&peptide_id=13041&scanf=21577&charge=3&value=sp|P51114|FXR1_HUMAN,7,/core/www/modules/match_peptides/blast_html4.php?run_id=110202&search_id=114132&scans_id=110198&peptide_id=13041&scanf=21577&charge=3&value=7,K.RVNILSDMHLR.S,/core/www/modules/show_out/show_out_wrapper.php?run_id=110202&search_id=114132&scans_id=110198&peptide_id=13041&scanf=21577&charge=3&value=K.RVNILSDMHLR.S,FXR1,2.034e+7,3.570,0.001,3.253,0.000
21579,3,"  3.354","  0.474",14/52,/core/www/modules//sdig/index.php?run_id=110202&search_id=114132&scans_id=110198&peptide_id=13043&scanf=21579&charge=3&value=14/52,sp|P26196|DDX6_HUMAN,/core/www/modules//consensus/?run_id=110202&search_id=114132&scans_id=110198&peptide_id=13043&scanf=21579&charge=3&value=sp|P26196|DDX6_HUMAN,0,/core/www/modules/match_peptides/blast_html4.php?run_id=110202&search_id=114132&scans_id=110198&peptide_id=13043&scanf=21579&charge=3&value=0,R.LDDTVHVVIATPGR.I,/core/www/modules/show_out/show_out_wrapper.php?run_id=110202&search_id=114132&scans_id=110198&peptide_id=13043&scanf=21579&charge=3&value=R.LDDTVHVVIATPGR.I,DDX6,2.229e+7,2.951,0.005,2.336,0.000
21580,2,"  2.631","  0.085",11/20,/core/www/modules//sdig/index.php?run_id=110202&search_id=114132&scans_id=110198&peptide_id=13045&scanf=21580&charge=2&value=11/20,sp|P49368|TCPG_HUMAN,/core/www/modules//consensus/?run_id=110202&search_id=114132&scans_id=110198&peptide_id=13045&scanf=21580&charge=2&value=sp|P49368|TCPG_HUMAN,1,/core/www/modules/match_peptides/blast_html4.php?run_id=110202&search_id=114132&scans_id=110198&peptide_id=13045&scanf=21580&charge=2&value=1,K.AMTGVEQWPYR.A,/core/www/modules/show_out/show_out_wrapper.php?run_id=110202&search_id=114132&scans_id=110198&peptide_id=13045&scanf=21580&charge=2&value=K.AMTGVEQWPYR.A,CCT3,1.857e+7,1.826,0.178,0.750,0.010
21581,3,"  3.196","  0.364",11/56,/core/www/modules//sdig/index.php?run_id=110202&search_id=114132&scans_id=110198&peptide_id=13046&scanf=21581&charge=3&value=11/56,sp|P01116|RASK_HUMAN,/core/www/modules//consensus/?run_id=110202&search_id=114132&scans_id=110198&peptide_id=13046&scanf=21581&charge=3&value=sp|P01116|RASK_HUMAN,3,/core/www/modules/match_peptides/blast_html4.php?run_id=110202&search_id=114132&scans_id=110198&peptide_id=13046&scanf=21581&charge=3&value=3,R.VKDSEDVPMVLVGNK.C,/core/www/modules/show_out/show_out_wrapper.php?run_id=110202&search_id=114132&scans_id=110198&peptide_id=13046&scanf=21581&charge=3&value=R.VKDSEDVPMVLVGNK.C,KRAS,1.114e+7,2.226,0.052,1.281,0.002
21583,2,"  2.508","  0.443",9/16,/core/www/modules//sdig/index.php?run_id=110202&search_id=114132&scans_id=110198&peptide_id=13048&scanf=21583&charge=2&value=9/16,sp|Q13523|PRP4B_HUMAN,/core/www/modules//consensus/?run_id=110202&search_id=114132&scans_id=110198&peptide_id=13048&scanf=21583&charge=2&value=sp|Q13523|PRP4B_HUMAN,1,/core/www/modules/match_peptides/blast_html4.php?run_id=110202&search_id=114132&scans_id=110198&peptide_id=13048&scanf=21583&charge=2&value=1,R.VNIGEVLDK.R,/core/www/modules/show_out/show_out_wrapper.php?run_id=110202&search_id=114132&scans_id=110198&peptide_id=13048&scanf=21583&charge=2&value=R.VNIGEVLDK.R,PRPF4B,2.070e+7,3.035,0.003,2.459,0.000
21587,2,"  2.286","  0.212",10/16,/core/www/modules//sdig/index.php?run_id=110202&search_id=114132&scans_id=110198&peptide_id=13052&scanf=21587&charge=2&value=10/16,sp|P43897|EFTS_HUMAN,/core/www/modules//consensus/?run_id=110202&search_id=114132&scans_id=110198&peptide_id=13052&scanf=21587&charge=2&value=sp|P43897|EFTS_HUMAN,1,/core/www/modules/match_peptides/blast_html4.php?run_id=110202&search_id=114132&scans_id=110198&peptide_id=13052&scanf=21587&charge=2&value=1,K.DQLALAIGK.L,/core/www/modules/show_out/show_out_wrapper.php?run_id=110202&search_id=114132&scans_id=110198&peptide_id=13052&scanf=21587&charge=2&value=K.DQLALAIGK.L,TSFM,1.170e+7,2.350,0.035,1.457,0.001
21588,2,"  3.107","  0.499",11/18,/core/www/modules//sdig/index.php?run_id=110202&search_id=114132&scans_id=110198&peptide_id=13053&scanf=21588&charge=2&value=11/18,sp|Q9BQ75|CMS1_HUMAN,/core/www/modules//consensus/?run_id=110202&search_id=114132&scans_id=110198&peptide_id=13053&scanf=21588&charge=2&value=sp|Q9BQ75|CMS1_HUMAN,1,/core/www/modules/match_peptides/blast_html4.php?run_id=110202&search_id=114132&scans_id=110198&peptide_id=13053&scanf=21588&charge=2&value=1,K.QGGLNLSPLK.F,/core/www/modules/show_out/show_out_wrapper.php?run_id=110202&search_id=114132&scans_id=110198&peptide_id=13053&scanf=21588&charge=2&value=K.QGGLNLSPLK.F,CMSS1,4.288e+7,3.279,0.002,2.821,0.000
21589,3,"  3.085","  0.398",15/56,/core/www/modules//sdig/index.php?run_id=110202&search_id=114132&scans_id=110198&peptide_id=13054&scanf=21589&charge=3&value=15/56,sp|P06576|ATPB_HUMAN,/core/www/modules//consensus/?run_id=110202&search_id=114132&scans_id=110198&peptide_id=13054&scanf=21589&charge=3&value=sp|P06576|ATPB_HUMAN,2,/core/www/modules/match_peptides/blast_html4.php?run_id=110202&search_id=114132&scans_id=110198&peptide_id=13054&scanf=21589&charge=3&value=2,K.VALVYGQMNEPPGAR.A,/core/www/modules/show_out/show_out_wrapper.php?run_id=110202&search_id=114132&scans_id=110198&peptide_id=13054&scanf=21589&charge=3&value=K.VALVYGQMNEPPGAR.A,ATP5F1B,4.903e+6,2.800,0.008,2.113,0.000
21590,2,"  2.506","  0.458",10/18,/core/www/modules//sdig/index.php?run_id=110202&search_id=114132&scans_id=110198&peptide_id=13056&scanf=21590&charge=2&value=10/18,sp|P08670|VIME_HUMAN,/core/www/modules//consensus/?run_id=110202&search_id=114132&scans_id=110198&peptide_id=13056&scanf=21590&charge=2&value=sp|P08670|VIME_HUMAN,5,/core/www/modules/match_peptides/blast_html4.php?run_id=110202&search_id=114132&scans_id=110198&peptide_id=13056&scanf=21590&charge=2&value=5,K.NLQEAEEWYK.S,/core/www/modules/show_out/show_out_wrapper.php?run_id=110202&search_id=114132&scans_id=110198&peptide_id=13056&scanf=21590&charge=2&value=K.NLQEAEEWYK.S,VIM,8.215e+8,3.471,0.001,3.105,0.000
21593,2,"  1.926","  0.444",8/12,/core/www/modules//sdig/index.php?run_id=110202&search_id=114132&scans_id=110198&peptide_id=13058&scanf=21593&charge=2&value=8/12,sp|O43143|DHX15_HUMAN,/core/www/modules//consensus/?run_id=110202&search_id=114132&scans_id=110198&peptide_id=13058&scanf=21593&charge=2&value=sp|O43143|DHX15_HUMAN,0,/core/www/modules/match_peptides/blast_html4.php?run_id=110202&search_id=114132&scans_id=110198&peptide_id=13058&scanf=21593&charge=2&value=0,R.FTDILVR.H,/core/www/modules/show_out/show_out_wrapper.php?run_id=110202&search_id=114132&scans_id=110198&peptide_id=13058&scanf=21593&charge=2&value=R.FTDILVR.H,DHX15,1.684e+8,3.254,0.002,2.784,0.000
21594,2,"  1.669","  0.170",8/16,/core/www/modules//sdig/index.php?run_id=110202&search_id=114132&scans_id=110198&peptide_id=13059&scanf=21594&charge=2&value=8/16,sp|O75683|SURF6_HUMAN,/core/www/modules//consensus/?run_id=110202&search_id=114132&scans_id=110198&peptide_id=13059&scanf=21594&charge=2&value=sp|O75683|SURF6_HUMAN,0,/core/www/modules/match_peptides/blast_html4.php?run_id=110202&search_id=114132&scans_id=110198&peptide_id=13059&scanf=21594&charge=2&value=0,R.EPPGLIFNK.V,/core/www/modules/show_out/show_out_wrapper.php?run_id=110202&search_id=114132&scans_id=110198&peptide_id=13059&scanf=21594&charge=2&value=R.EPPGLIFNK.V,SURF6,3.930e+7,1.856,0.163,0.787,0.009
21595,2,"  2.740","  0.605",12/18,/core/www/modules//sdig/index.php?run_id=110202&search_id=114132&scans_id=110198&peptide_id=13060&scanf=21595&charge=2&value=12/18,sp|Q07955|SRSF1_HUMAN,/core/www/modules//consensus/?run_id=110202&search_id=114132&scans_id=110198&peptide_id=13060&scanf=21595&charge=2&value=sp|Q07955|SRSF1_HUMAN,2,/core/www/modules/match_peptides/blast_html4.php?run_id=110202&search_id=114132&scans_id=110198&peptide_id=13060&scanf=21595&charge=2&value=2,R.DGTGVVEFVR.K,/core/www/modules/show_out/show_out_wrapper.php?run_id=110202&search_id=114132&scans_id=110198&peptide_id=13060&scanf=21595&charge=2&value=R.DGTGVVEFVR.K,SRSF1,4.337e+8,3.810,0.000,3.607,0.000
21596,3,"  3.522","  0.607",16/52,/core/www/modules//sdig/index.php?run_id=110202&search_id=114132&scans_id=110198&peptide_id=13061&scanf=21596&charge=3&value=16/52,sp|Q9UQE7|SMC3_HUMAN,/core/www/modules//consensus/?run_id=110202&search_id=114132&scans_id=110198&peptide_id=13061&scanf=21596&charge=3&value=sp|Q9UQE7|SMC3_HUMAN,0,/core/www/modules/match_peptides/blast_html4.php?run_id=110202&search_id=114132&scans_id=110198&peptide_id=13061&scanf=21596&charge=3&value=0,R.LFYHIVDSDEVSTK.I,/core/www/modules/show_out/show_out_wrapper.php?run_id=110202&search_id=114132&scans_id=110198&peptide_id=13061&scanf=21596&charge=3&value=R.LFYHIVDSDEVSTK.I,SMC3,1.967e+7,3.707,0.000,3.454,0.000
21597,2,"  1.883","  0.272",8/12,/core/www/modules//sdig/index.php?run_id=110202&search_id=114132&scans_id=110198&peptide_id=13062&scanf=21597&charge=2&value=8/12,sp|P40227|TCPZ_HUMAN,/core/www/modules//consensus/?run_id=110202&search_id=114132&scans_id=110198&peptide_id=13062&scanf=21597&charge=2&value=sp|P40227|TCPZ_HUMAN,0,/core/www/modules/match_peptides/blast_html4.php?run_id=110202&search_id=114132&scans_id=110198&peptide_id=13062&scanf=21597&charge=2&value=0,R.SVTLLIK.G,/core/www/modules/show_out/show_out_wrapper.php?run_id=110202&search_id=114132&scans_id=110198&peptide_id=13062&scanf=21597&charge=2&value=R.SVTLLIK.G,CCT6A,4.881e+7,2.697,0.011,1.962,0.000
21599,3,"  2.113","  0.339",11/36,/core/www/modules//sdig/index.php?run_id=110202&search_id=114132&scans_id=110198&peptide_id=13064&scanf=21599&charge=3&value=11/36,sp|Q9UQE7|SMC3_HUMAN,/core/www/modules//consensus/?run_id=110202&search_id=114132&scans_id=110198&peptide_id=13064&scanf=21599&charge=3&value=sp|Q9UQE7|SMC3_HUMAN,0,/core/www/modules/match_peptides/blast_html4.php?run_id=110202&search_id=114132&scans_id=110198&peptide_id=13064&scanf=21599&charge=3&value=0,R.KYEAIQLTFK.Q,/core/www/modules/show_out/show_out_wrapper.php?run_id=110202&search_id=114132&scans_id=110198&peptide_id=13064&scanf=21599&charge=3&value=R.KYEAIQLTFK.Q,SMC3,1.335e+7,2.582,0.016,1.793,0.000
21600,3,"  5.818","  0.559",22/64,/core/www/modules//sdig/index.php?run_id=110202&search_id=114132&scans_id=110198&peptide_id=13065&scanf=21600&charge=3&value=22/64,sp|P61326|MGN_HUMAN,/core/www/modules//consensus/?run_id=110202&search_id=114132&scans_id=110198&peptide_id=13065&scanf=21600&charge=3&value=sp|P61326|MGN_HUMAN,2,/core/www/modules/match_peptides/blast_html4.php?run_id=110202&search_id=114132&scans_id=110198&peptide_id=13065&scanf=21600&charge=3&value=2,K.IGSLIDVNQSKDPEGLR.V,/core/www/modules/show_out/show_out_wrapper.php?run_id=110202&search_id=114132&scans_id=110198&peptide_id=13065&scanf=21600&charge=3&value=K.IGSLIDVNQSKDPEGLR.V,MAGOH,3.038e+7,3.198,0.002,2.701,0.000
21601,3,"  2.430","  0.233",10/36,/core/www/modules//sdig/index.php?run_id=110202&search_id=114132&scans_id=110198&peptide_id=13066&scanf=21601&charge=3&value=10/36,sp|Q68CP9|ARID2_HUMAN,/core/www/modules//consensus/?run_id=110202&search_id=114132&scans_id=110198&peptide_id=13066&scanf=21601&charge=3&value=sp|Q68CP9|ARID2_HUMAN,1,/core/www/modules/match_peptides/blast_html4.php?run_id=110202&search_id=114132&scans_id=110198&peptide_id=13066&scanf=21601&charge=3&value=1,K.ELDLHGLYTR.V,/core/www/modules/show_out/show_out_wrapper.php?run_id=110202&search_id=114132&scans_id=110198&peptide_id=13066&scanf=21601&charge=3&value=K.ELDLHGLYTR.V,ARID2,1.413e+7,2.421,0.028,1.560,0.001
21607,3,"  4.985","  0.535",17/72,/core/www/modules//sdig/index.php?run_id=110202&search_id=114132&scans_id=110198&peptide_id=13072&scanf=21607&charge=3&value=17/72,tr|D6R9W4|D6R9W4_HUMAN,/core/www/modules//consensus/?run_id=110202&search_id=114132&scans_id=110198&peptide_id=13072&scanf=21607&charge=3&value=tr|D6R9W4|D6R9W4_HUMAN,0,/core/www/modules/match_peptides/blast_html4.php?run_id=110202&search_id=114132&scans_id=110198&peptide_id=13072&scanf=21607&charge=3&value=0,K.LAASGGGLQELSGHFENQK.V,/core/www/modules/show_out/show_out_wrapper.php?run_id=110202&search_id=114132&scans_id=110198&peptide_id=13072&scanf=21607&charge=3&value=K.LAASGGGLQELSGHFENQK.V,DBN1,4.245e+6,3.103,0.003,2.560,0.000
21609,2,"  2.547","  0.450",11/22,/core/www/modules//sdig/index.php?run_id=110202&search_id=114132&scans_id=110198&peptide_id=13074&scanf=21609&charge=2&value=11/22,sp|O00154|BACH_HUMAN,/core/www/modules//consensus/?run_id=110202&search_id=114132&scans_id=110198&peptide_id=13074&scanf=21609&charge=2&value=sp|O00154|BACH_HUMAN,1,/core/www/modules/match_peptides/blast_html4.php?run_id=110202&search_id=114132&scans_id=110198&peptide_id=13074&scanf=21609&charge=2&value=1,K.MIEEAGAIISTR.H,/core/www/modules/show_out/show_out_wrapper.php?run_id=110202&search_id=114132&scans_id=110198&peptide_id=13074&scanf=21609&charge=2&value=K.MIEEAGAIISTR.H,ACOT7,1.046e+7,2.892,0.006,2.248,0.000
21610,3,"  2.310","  0.304",11/44,/core/www/modules//sdig/index.php?run_id=110202&search_id=114132&scans_id=110198&peptide_id=13076&scanf=21610&charge=3&value=11/44,sp|P40939|ECHA_HUMAN,/core/www/modules//consensus/?run_id=110202&search_id=114132&scans_id=110198&peptide_id=13076&scanf=21610&charge=3&value=sp|P40939|ECHA_HUMAN,2,/core/www/modules/match_peptides/blast_html4.php?run_id=110202&search_id=114132&scans_id=110198&peptide_id=13076&scanf=21610&charge=3&value=2,K.VIGMHYFSPVDK.M,/core/www/modules/show_out/show_out_wrapper.php?run_id=110202&search_id=114132&scans_id=110198&peptide_id=13076&scanf=21610&charge=3&value=K.VIGMHYFSPVDK.M,HADHA,4.530e+7,2.547,0.018,1.742,0.000
21614,2,"  2.017","  0.589",8/16,/core/www/modules//sdig/index.php?run_id=110202&search_id=114132&scans_id=110198&peptide_id=13079&scanf=21614&charge=2&value=8/16,sp|P05388|RLA0_HUMAN,/core/www/modules//consensus/?run_id=110202&search_id=114132&scans_id=110198&peptide_id=13079&scanf=21614&charge=2&value=sp|P05388|RLA0_HUMAN,10,/core/www/modules/match_peptides/blast_html4.php?run_id=110202&search_id=114132&scans_id=110198&peptide_id=13079&scanf=21614&charge=2&value=10,R.GNVGFVFTK.E,/core/www/modules/show_out/show_out_wrapper.php?run_id=110202&search_id=114132&scans_id=110198&peptide_id=13079&scanf=21614&charge=2&value=R.GNVGFVFTK.E,RPLP0,5.238e+8,3.407,0.001,3.011,0.000
21617,2,"  1.938","  0.060",9/12,/core/www/modules//sdig/index.php?run_id=110202&search_id=114132&scans_id=110198&peptide_id=13082&scanf=21617&charge=2&value=9/12,sp|O60264|SMCA5_HUMAN,/core/www/modules//consensus/?run_id=110202&search_id=114132&scans_id=110198&peptide_id=13082&scanf=21617&charge=2&value=sp|O60264|SMCA5_HUMAN,3,/core/www/modules/match_peptides/blast_html4.php?run_id=110202&search_id=114132&scans_id=110198&peptide_id=13082&scanf=21617&charge=2&value=3,R.DFNQFIK.A,/core/www/modules/show_out/show_out_wrapper.php?run_id=110202&search_id=114132&scans_id=110198&peptide_id=13082&scanf=21617&charge=2&value=R.DFNQFIK.A,SMARCA5,8.471e+7,2.293,0.042,1.376,0.001
21618,2,"  1.698","  0.326",8/12,/core/www/modules//sdig/index.php?run_id=110202&search_id=114132&scans_id=110198&peptide_id=13083&scanf=21618&charge=2&value=8/12,sp|P68104|EF1A1_HUMAN,/core/www/modules//consensus/?run_id=110202&search_id=114132&scans_id=110198&peptide_id=13083&scanf=21618&charge=2&value=sp|P68104|EF1A1_HUMAN,13,/core/www/modules/match_peptides/blast_html4.php?run_id=110202&search_id=114132&scans_id=110198&peptide_id=13083&scanf=21618&charge=2&value=13,K.YAWVLDK.L,/core/www/modules/show_out/show_out_wrapper.php?run_id=110202&search_id=114132&scans_id=110198&peptide_id=13083&scanf=21618&charge=2&value=K.YAWVLDK.L,EEF1A1,1.141e+7,2.883,0.006,2.236,0.000
21619,2,"  2.518","  0.367",10/18,/core/www/modules//sdig/index.php?run_id=110202&search_id=114132&scans_id=110198&peptide_id=13084&scanf=21619&charge=2&value=10/18,sp|P55884|EIF3B_HUMAN,/core/www/modules//consensus/?run_id=110202&search_id=114132&scans_id=110198&peptide_id=13084&scanf=21619&charge=2&value=sp|P55884|EIF3B_HUMAN,0,/core/www/modules/match_peptides/blast_html4.php?run_id=110202&search_id=114132&scans_id=110198&peptide_id=13084&scanf=21619&charge=2&value=0,K.QVPVDVVEMK.E,/core/www/modules/show_out/show_out_wrapper.php?run_id=110202&search_id=114132&scans_id=110198&peptide_id=13084&scanf=21619&charge=2&value=K.QVPVDVVEMK.E,EIF3B,1.716e+7,2.795,0.008,2.105,0.000
21620,2,"  2.524","  0.546",11/16,/core/www/modules//sdig/index.php?run_id=110202&search_id=114132&scans_id=110198&peptide_id=13086&scanf=21620&charge=2&value=11/16,sp|P12814|ACTN1_HUMAN,/core/www/modules//consensus/?run_id=110202&search_id=114132&scans_id=110198&peptide_id=13086&scanf=21620&charge=2&value=sp|P12814|ACTN1_HUMAN,10,/core/www/modules/match_peptides/blast_html4.php?run_id=110202&search_id=114132&scans_id=110198&peptide_id=13086&scanf=21620&charge=2&value=10,K.NYITMDELR.R,/core/www/modules/show_out/show_out_wrapper.php?run_id=110202&search_id=114132&scans_id=110198&peptide_id=13086&scanf=21620&charge=2&value=K.NYITMDELR.R,ACTN1,3.613e+7,3.527,0.001,3.188,0.000
21621,2,"  2.153","  0.308",9/14,/core/www/modules//sdig/index.php?run_id=110202&search_id=114132&scans_id=110198&peptide_id=13087&scanf=21621&charge=2&value=9/14,sp|Q13123|RED_HUMAN,/core/www/modules//consensus/?run_id=110202&search_id=114132&scans_id=110198&peptide_id=13087&scanf=21621&charge=2&value=sp|Q13123|RED_HUMAN,1,/core/www/modules/match_peptides/blast_html4.php?run_id=110202&search_id=114132&scans_id=110198&peptide_id=13087&scanf=21621&charge=2&value=1,R.NELFLPGR.M,/core/www/modules/show_out/show_out_wrapper.php?run_id=110202&search_id=114132&scans_id=110198&peptide_id=13087&scanf=21621&charge=2&value=R.NELFLPGR.M,IK,3.376e+7,2.711,0.010,1.983,0.000
21623,2,"  1.979","  0.018",10/12,/core/www/modules//sdig/index.php?run_id=110202&search_id=114132&scans_id=110198&peptide_id=13089&scanf=21623&charge=2&value=10/12,sp|P06733|ENOA_HUMAN,/core/www/modules//consensus/?run_id=110202&search_id=114132&scans_id=110198&peptide_id=13089&scanf=21623&charge=2&value=sp|P06733|ENOA_HUMAN,1,/core/www/modules/match_peptides/blast_html4.php?run_id=110202&search_id=114132&scans_id=110198&peptide_id=13089&scanf=21623&charge=2&value=1,K.EGLELLK.T,/core/www/modules/show_out/show_out_wrapper.php?run_id=110202&search_id=114132&scans_id=110198&peptide_id=13089&scanf=21623&charge=2&value=K.EGLELLK.T,ENO1,6.890e+7,2.125,0.072,1.142,0.002
21625,2,"  2.909","  0.594",13/20,/core/www/modules//sdig/index.php?run_id=110202&search_id=114132&scans_id=110198&peptide_id=13091&scanf=21625&charge=2&value=13/20,sp|P09874|PARP1_HUMAN,/core/www/modules//consensus/?run_id=110202&search_id=114132&scans_id=110198&peptide_id=13091&scanf=21625&charge=2&value=sp|P09874|PARP1_HUMAN,3,/core/www/modules/match_peptides/blast_html4.php?run_id=110202&search_id=114132&scans_id=110198&peptide_id=13091&scanf=21625&charge=2&value=3,K.TLGDFAAEYAK.S,/core/www/modules/show_out/show_out_wrapper.php?run_id=110202&search_id=114132&scans_id=110198&peptide_id=13091&scanf=21625&charge=2&value=K.TLGDFAAEYAK.S,PARP1,4.581e+7,3.765,0.000,3.541,0.000
21627,3,"  4.251","  0.539",15/48,/core/www/modules//sdig/index.php?run_id=110202&search_id=114132&scans_id=110198&peptide_id=13093&scanf=21627&charge=3&value=15/48,sp|Q9GZR7|DDX24_HUMAN,/core/www/modules//consensus/?run_id=110202&search_id=114132&scans_id=110198&peptide_id=13093&scanf=21627&charge=3&value=sp|Q9GZR7|DDX24_HUMAN,4,/core/www/modules/match_peptides/blast_html4.php?run_id=110202&search_id=114132&scans_id=110198&peptide_id=13093&scanf=21627&charge=3&value=4,R.HLLSQPLFTESQK.T,/core/www/modules/show_out/show_out_wrapper.php?run_id=110202&search_id=114132&scans_id=110198&peptide_id=13093&scanf=21627&charge=3&value=R.HLLSQPLFTESQK.T,DDX24,2.322e+7,3.475,0.001,3.112,0.000
21631,2,"  2.905","  0.403",11/18,/core/www/modules//sdig/index.php?run_id=110202&search_id=114132&scans_id=110198&peptide_id=13098&scanf=21631&charge=2&value=11/18,sp|Q99623|PHB2_HUMAN,/core/www/modules//consensus/?run_id=110202&search_id=114132&scans_id=110198&peptide_id=13098&scanf=21631&charge=2&value=sp|Q99623|PHB2_HUMAN,5,/core/www/modules/match_peptides/blast_html4.php?run_id=110202&search_id=114132&scans_id=110198&peptide_id=13098&scanf=21631&charge=2&value=5,K.FNASQLITQR.A,/core/www/modules/show_out/show_out_wrapper.php?run_id=110202&search_id=114132&scans_id=110198&peptide_id=13098&scanf=21631&charge=2&value=K.FNASQLITQR.A,PHB2,2.491e+7,2.849,0.007,2.185,0.000
21632,2,"  1.723","  0.273",10/16,/core/www/modules//sdig/index.php?run_id=110202&search_id=114132&scans_id=110198&peptide_id=13099&scanf=21632&charge=2&value=10/16,sp|Q01082|SPTB2_HUMAN,/core/www/modules//consensus/?run_id=110202&search_id=114132&scans_id=110198&peptide_id=13099&scanf=21632&charge=2&value=sp|Q01082|SPTB2_HUMAN,2,/core/www/modules/match_peptides/blast_html4.php?run_id=110202&search_id=114132&scans_id=110198&peptide_id=13099&scanf=21632&charge=2&value=2,R.ITDLYTDLR.D,/core/www/modules/show_out/show_out_wrapper.php?run_id=110202&search_id=114132&scans_id=110198&peptide_id=13099&scanf=21632&charge=2&value=R.ITDLYTDLR.D,SPTBN1,1.497e+7,2.664,0.012,1.914,0.000
21633,2,"  2.132","  0.383",6/20,/core/www/modules//sdig/index.php?run_id=110202&search_id=114132&scans_id=110198&peptide_id=13100&scanf=21633&charge=2&value=6/20,sp|Q9NRX1|PNO1_HUMAN,/core/www/modules//consensus/?run_id=110202&search_id=114132&scans_id=110198&peptide_id=13100&scanf=21633&charge=2&value=sp|Q9NRX1|PNO1_HUMAN,0,/core/www/modules/match_peptides/blast_html4.php?run_id=110202&search_id=114132&scans_id=110198&peptide_id=13100&scanf=21633&charge=2&value=0,K.VHILGSFQNIK.M,/core/www/modules/show_out/show_out_wrapper.php?run_id=110202&search_id=114132&scans_id=110198&peptide_id=13100&scanf=21633&charge=2&value=K.VHILGSFQNIK.M,PNO1,4.906e+6,2.097,0.079,1.103,0.003
21635,2,"  1.813","  0.299",9/16,/core/www/modules//sdig/index.php?run_id=110202&search_id=114132&scans_id=110198&peptide_id=13101&scanf=21635&charge=2&value=9/16,sp|P40938|RFC3_HUMAN,/core/www/modules//consensus/?run_id=110202&search_id=114132&scans_id=110198&peptide_id=13101&scanf=21635&charge=2&value=sp|P40938|RFC3_HUMAN,0,/core/www/modules/match_peptides/blast_html4.php?run_id=110202&search_id=114132&scans_id=110198&peptide_id=13101&scanf=21635&charge=2&value=0,K.VVLLTEVDK.L,/core/www/modules/show_out/show_out_wrapper.php?run_id=110202&search_id=114132&scans_id=110198&peptide_id=13101&scanf=21635&charge=2&value=K.VVLLTEVDK.L,RFC3,6.557e+7,2.591,0.016,1.807,0.000
21637,3,"  2.010","  0.565",12/36,/core/www/modules//sdig/index.php?run_id=110202&search_id=114132&scans_id=110198&peptide_id=13103&scanf=21637&charge=3&value=12/36,sp|P09874|PARP1_HUMAN,/core/www/modules//consensus/?run_id=110202&search_id=114132&scans_id=110198&peptide_id=13103&scanf=21637&charge=3&value=sp|P09874|PARP1_HUMAN,0,/core/www/modules/match_peptides/blast_html4.php?run_id=110202&search_id=114132&scans_id=110198&peptide_id=13103&scanf=21637&charge=3&value=0,K.MIFDVESMKK.A,/core/www/modules/show_out/show_out_wrapper.php?run_id=110202&search_id=114132&scans_id=110198&peptide_id=13103&scanf=21637&charge=3&value=K.MIFDVESMKK.A,PARP1,1.689e+7,3.349,0.001,2.925,0.000
21638,2,"  2.094","  0.290",9/18,/core/www/modules//sdig/index.php?run_id=110202&search_id=114132&scans_id=110198&peptide_id=13104&scanf=21638&charge=2&value=9/18,sp|P40939|ECHA_HUMAN,/core/www/modules//consensus/?run_id=110202&search_id=114132&scans_id=110198&peptide_id=13104&scanf=21638&charge=2&value=sp|P40939|ECHA_HUMAN,2,/core/www/modules/match_peptides/blast_html4.php?run_id=110202&search_id=114132&scans_id=110198&peptide_id=13104&scanf=21638&charge=2&value=2,K.GFYIYQEGVK.R,/core/www/modules/show_out/show_out_wrapper.php?run_id=110202&search_id=114132&scans_id=110198&peptide_id=13104&scanf=21638&charge=2&value=K.GFYIYQEGVK.R,HADHA,1.131e+7,2.464,0.024,1.622,0.001
21639,3,"  3.303","  0.467",14/52,/core/www/modules//sdig/index.php?run_id=110202&search_id=114132&scans_id=110198&peptide_id=13105&scanf=21639&charge=3&value=14/52,sp|O95292|VAPB_HUMAN,/core/www/modules//consensus/?run_id=110202&search_id=114132&scans_id=110198&peptide_id=13105&scanf=21639&charge=3&value=sp|O95292|VAPB_HUMAN,1,/core/www/modules/match_peptides/blast_html4.php?run_id=110202&search_id=114132&scans_id=110198&peptide_id=13105&scanf=21639&charge=3&value=1,K.VEQVLSLEPQHELK.F,/core/www/modules/show_out/show_out_wrapper.php?run_id=110202&search_id=114132&scans_id=110198&peptide_id=13105&scanf=21639&charge=3&value=K.VEQVLSLEPQHELK.F,VAPB,1.822e+7,3.013,0.004,2.428,0.000
21640,2,"  3.267","  0.550",12/18,/core/www/modules//sdig/index.php?run_id=110202&search_id=114132&scans_id=110198&peptide_id=13107&scanf=21640&charge=2&value=12/18,sp|Q92522|H1X_HUMAN,/core/www/modules//consensus/?run_id=110202&search_id=114132&scans_id=110198&peptide_id=13107&scanf=21640&charge=2&value=sp|Q92522|H1X_HUMAN,0,/core/www/modules/match_peptides/blast_html4.php?run_id=110202&search_id=114132&scans_id=110198&peptide_id=13107&scanf=21640&charge=2&value=0,K.YSQLVVETIR.R,/core/www/modules/show_out/show_out_wrapper.php?run_id=110202&search_id=114132&scans_id=110198&peptide_id=13107&scanf=21640&charge=2&value=K.YSQLVVETIR.R,H1-10,1.556e+8,3.555,0.001,3.229,0.000
21641,2,"  2.286","  0.410",10/16,/core/www/modules//sdig/index.php?run_id=110202&search_id=114132&scans_id=110198&peptide_id=13108&scanf=21641&charge=2&value=10/16,sp|Q7Z2T5|TRM1L_HUMAN,/core/www/modules//consensus/?run_id=110202&search_id=114132&scans_id=110198&peptide_id=13108&scanf=21641&charge=2&value=sp|Q7Z2T5|TRM1L_HUMAN,0,/core/www/modules/match_peptides/blast_html4.php?run_id=110202&search_id=114132&scans_id=110198&peptide_id=13108&scanf=21641&charge=2&value=0,R.TDAPLMQFK.S,/core/www/modules/show_out/show_out_wrapper.php?run_id=110202&search_id=114132&scans_id=110198&peptide_id=13108&scanf=21641&charge=2&value=R.TDAPLMQFK.S,TRMT1L,1.460e+7,2.985,0.004,2.386,0.000
21642,2,"  3.188","  0.592",14/24,/core/www/modules//sdig/index.php?run_id=110202&search_id=114132&scans_id=110198&peptide_id=13109&scanf=21642&charge=2&value=14/24,sp|Q9Y5J1|UTP18_HUMAN,/core/www/modules//consensus/?run_id=110202&search_id=114132&scans_id=110198&peptide_id=13109&scanf=21642&charge=2&value=sp|Q9Y5J1|UTP18_HUMAN,0,/core/www/modules/match_peptides/blast_html4.php?run_id=110202&search_id=114132&scans_id=110198&peptide_id=13109&scanf=21642&charge=2&value=0,R.TGNFISTSTSLPR.G,/core/www/modules/show_out/show_out_wrapper.php?run_id=110202&search_id=114132&scans_id=110198&peptide_id=13109&scanf=21642&charge=2&value=R.TGNFISTSTSLPR.G,UTP18,7.884e+6,3.445,0.001,3.067,0.000
21645,3,"  3.431","  0.432",19/48,/core/www/modules//sdig/index.php?run_id=110202&search_id=114132&scans_id=110198&peptide_id=13112&scanf=21645&charge=3&value=19/48,sp|Q9H4M9|EHD1_HUMAN,/core/www/modules//consensus/?run_id=110202&search_id=114132&scans_id=110198&peptide_id=13112&scanf=21645&charge=3&value=sp|Q9H4M9|EHD1_HUMAN,3,/core/www/modules/match_peptides/blast_html4.php?run_id=110202&search_id=114132&scans_id=110198&peptide_id=13112&scanf=21645&charge=3&value=3,R.EHQISPGDFPSLR.K,/core/www/modules/show_out/show_out_wrapper.php?run_id=110202&search_id=114132&scans_id=110198&peptide_id=13112&scanf=21645&charge=3&value=R.EHQISPGDFPSLR.K,EHD1,9.197e+6,3.121,0.003,2.587,0.000
21646,2,"  1.985","  0.426",8/18,/core/www/modules//sdig/index.php?run_id=110202&search_id=114132&scans_id=110198&peptide_id=13113&scanf=21646&charge=2&value=8/18,sp|Q70YC5|ZN365_HUMAN,/core/www/modules//consensus/?run_id=110202&search_id=114132&scans_id=110198&peptide_id=13113&scanf=21646&charge=2&value=sp|Q70YC5|ZN365_HUMAN,0,/core/www/modules/match_peptides/blast_html4.php?run_id=110202&search_id=114132&scans_id=110198&peptide_id=13113&scanf=21646&charge=2&value=0,K.KKPTAIVNII.-,/core/www/modules/show_out/show_out_wrapper.php?run_id=110202&search_id=114132&scans_id=110198&peptide_id=13113&scanf=21646&charge=2&value=K.KKPTAIVNII.-,ZNF365,1.308e+7,2.419,0.028,1.557,0.001
21647,3,"  3.696","  0.768",29/100,/core/www/modules//sdig/index.php?run_id=110202&search_id=114132&scans_id=110198&peptide_id=13114&scanf=21647&charge=3&value=29/100,sp|P42166|LAP2A_HUMAN,/core/www/modules//consensus/?run_id=110202&search_id=114132&scans_id=110198&peptide_id=13114&scanf=21647&charge=3&value=sp|P42166|LAP2A_HUMAN,2,/core/www/modules/match_peptides/blast_html4.php?run_id=110202&search_id=114132&scans_id=110198&peptide_id=13114&scanf=21647&charge=3&value=2,K.GPPDFSSDEEREPTPVLGSGAAAAGR.S,/core/www/modules/show_out/show_out_wrapper.php?run_id=110202&search_id=114132&scans_id=110198&peptide_id=13114&scanf=21647&charge=3&value=K.GPPDFSSDEEREPTPVLGSGAAAAGR.S,TMPO,6.426e+6,3.461,0.001,3.091,0.000
21648,2,"  3.543","  0.742",17/32,/core/www/modules//sdig/index.php?run_id=110202&search_id=114132&scans_id=110198&peptide_id=13115&scanf=21648&charge=2&value=17/32,sp|P52292|IMA1_HUMAN,/core/www/modules//consensus/?run_id=110202&search_id=114132&scans_id=110198&peptide_id=13115&scanf=21648&charge=2&value=sp|P52292|IMA1_HUMAN,6,/core/www/modules/match_peptides/blast_html4.php?run_id=110202&search_id=114132&scans_id=110198&peptide_id=13115&scanf=21648&charge=2&value=6,R.NVSSFPDDATSPLQENR.N,/core/www/modules/show_out/show_out_wrapper.php?run_id=110202&search_id=114132&scans_id=110198&peptide_id=13115&scanf=21648&charge=2&value=R.NVSSFPDDATSPLQENR.N,KPNA2,5.934e+6,3.757,0.000,3.530,0.000
21649,2,"  1.957","  0.456",8/16,/core/www/modules//sdig/index.php?run_id=110202&search_id=114132&scans_id=110198&peptide_id=13116&scanf=21649&charge=2&value=8/16,sp|P57088|TMM33_HUMAN,/core/www/modules//consensus/?run_id=110202&search_id=114132&scans_id=110198&peptide_id=13116&scanf=21649&charge=2&value=sp|P57088|TMM33_HUMAN,2,/core/www/modules/match_peptides/blast_html4.php?run_id=110202&search_id=114132&scans_id=110198&peptide_id=13116&scanf=21649&charge=2&value=2,R.GSNSLPLLR.S,/core/www/modules/show_out/show_out_wrapper.php?run_id=110202&search_id=114132&scans_id=110198&peptide_id=13116&scanf=21649&charge=2&value=R.GSNSLPLLR.S,TMEM33,1.001e+7,2.929,0.005,2.303,0.000
21651,2,"  2.280","  0.240",8/22,/core/www/modules//sdig/index.php?run_id=110202&search_id=114132&scans_id=110198&peptide_id=13119&scanf=21651&charge=2&value=8/22,sp|Q9P0M6|H2AW_HUMAN,/core/www/modules//consensus/?run_id=110202&search_id=114132&scans_id=110198&peptide_id=13119&scanf=21651&charge=2&value=sp|Q9P0M6|H2AW_HUMAN,10,/core/www/modules/match_peptides/blast_html4.php?run_id=110202&search_id=114132&scans_id=110198&peptide_id=13119&scanf=21651&charge=2&value=10,K.GVTIASGGVLPR.I,/core/www/modules/show_out/show_out_wrapper.php?run_id=110202&search_id=114132&scans_id=110198&peptide_id=13119&scanf=21651&charge=2&value=K.GVTIASGGVLPR.I,MACROH2A2,5.555e+6,1.937,0.129,0.889,0.006
21653,2,"  2.108","  0.155",8/12,/core/www/modules//sdig/index.php?run_id=110202&search_id=114132&scans_id=110198&peptide_id=13121&scanf=21653&charge=2&value=8/12,sp|P78527|PRKDC_HUMAN,/core/www/modules//consensus/?run_id=110202&search_id=114132&scans_id=110198&peptide_id=13121&scanf=21653&charge=2&value=sp|P78527|PRKDC_HUMAN,1,/core/www/modules/match_peptides/blast_html4.php?run_id=110202&search_id=114132&scans_id=110198&peptide_id=13121&scanf=21653&charge=2&value=1,R.LLQIIER.Y,/core/www/modules/show_out/show_out_wrapper.php?run_id=110202&search_id=114132&scans_id=110198&peptide_id=13121&scanf=21653&charge=2&value=R.LLQIIER.Y,PRKDC,5.902e+8,3.103,0.003,2.560,0.000
21654,2,"  3.858","  0.568",16/22,/core/www/modules//sdig/index.php?run_id=110202&search_id=114132&scans_id=110198&peptide_id=13122&scanf=21654&charge=2&value=16/22,sp|P18583|SON_HUMAN,/core/www/modules//consensus/?run_id=110202&search_id=114132&scans_id=110198&peptide_id=13122&scanf=21654&charge=2&value=sp|P18583|SON_HUMAN,2,/core/www/modules/match_peptides/blast_html4.php?run_id=110202&search_id=114132&scans_id=110198&peptide_id=13122&scanf=21654&charge=2&value=2,K.EGNKEPILVDFK.T,/core/www/modules/show_out/show_out_wrapper.php?run_id=110202&search_id=114132&scans_id=110198&peptide_id=13122&scanf=21654&charge=2&value=K.EGNKEPILVDFK.T,SON,1.088e+7,3.398,0.001,2.997,0.000
21656,2,"  1.545","  0.140",8/16,/core/www/modules//sdig/index.php?run_id=110202&search_id=114132&scans_id=110198&peptide_id=13123&scanf=21656&charge=2&value=8/16,sp|Q15233|NONO_HUMAN,/core/www/modules//consensus/?run_id=110202&search_id=114132&scans_id=110198&peptide_id=13123&scanf=21656&charge=2&value=sp|Q15233|NONO_HUMAN,10,/core/www/modules/match_peptides/blast_html4.php?run_id=110202&search_id=114132&scans_id=110198&peptide_id=13123&scanf=21656&charge=2&value=10,K.VELDNMPLR.G,/core/www/modules/show_out/show_out_wrapper.php?run_id=110202&search_id=114132&scans_id=110198&peptide_id=13123&scanf=21656&charge=2&value=K.VELDNMPLR.G,NONO,8.423e+7,1.963,0.119,0.924,0.005
21657,2,"  3.601","  0.557",15/28,/core/www/modules//sdig/index.php?run_id=110202&search_id=114132&scans_id=110198&peptide_id=13124&scanf=21657&charge=2&value=15/28,sp|P06576|ATPB_HUMAN,/core/www/modules//consensus/?run_id=110202&search_id=114132&scans_id=110198&peptide_id=13124&scanf=21657&charge=2&value=sp|P06576|ATPB_HUMAN,2,/core/www/modules/match_peptides/blast_html4.php?run_id=110202&search_id=114132&scans_id=110198&peptide_id=13124&scanf=21657&charge=2&value=2,K.VALVYGQMNEPPGAR.A,/core/www/modules/show_out/show_out_wrapper.php?run_id=110202&search_id=114132&scans_id=110198&peptide_id=13124&scanf=21657&charge=2&value=K.VALVYGQMNEPPGAR.A,ATP5F1B,1.575e+7,3.275,0.002,2.814,0.000
21658,3,"  4.499","  0.570",18/60,/core/www/modules//sdig/index.php?run_id=110202&search_id=114132&scans_id=110198&peptide_id=13125&scanf=21658&charge=3&value=18/60,IgG2a_bovine,/core/www/modules//consensus/?run_id=110202&search_id=114132&scans_id=110198&peptide_id=13125&scanf=21658&charge=3&value=IgG2a_bovine,3,/core/www/modules/match_peptides/blast_html4.php?run_id=110202&search_id=114132&scans_id=110198&peptide_id=13125&scanf=21658&charge=3&value=3,R.VVSALPIQHQDWTGGK.E,/core/www/modules/show_out/show_out_wrapper.php?run_id=110202&search_id=114132&scans_id=110198&peptide_id=13125&scanf=21658&charge=3&value=R.VVSALPIQHQDWTGGK.E,,1.478e+7,3.397,0.001,2.996,0.000
21661,2,"  1.976","  0.314",7/20,/core/www/modules//sdig/index.php?run_id=110202&search_id=114132&scans_id=110198&peptide_id=13129&scanf=21661&charge=2&value=7/20,sp|P18085|ARF4_HUMAN,/core/www/modules//consensus/?run_id=110202&search_id=114132&scans_id=110198&peptide_id=13129&scanf=21661&charge=2&value=sp|P18085|ARF4_HUMAN,16,/core/www/modules/match_peptides/blast_html4.php?run_id=110202&search_id=114132&scans_id=110198&peptide_id=13129&scanf=21661&charge=2&value=16,R.ILM*VGLDAAGK.T,/core/www/modules/show_out/show_out_wrapper.php?run_id=110202&search_id=114132&scans_id=110198&peptide_id=13129&scanf=21661&charge=2&value=R.ILM*VGLDAAGK.T,ARF4,1.569e+7,2.235,0.051,1.295,0.002
21663,4,"  4.896","  0.560",20/132,/core/www/modules//sdig/index.php?run_id=110202&search_id=114132&scans_id=110198&peptide_id=13131&scanf=21663&charge=4&value=20/132,sp|Q9NU22|MDN1_HUMAN,/core/www/modules//consensus/?run_id=110202&search_id=114132&scans_id=110198&peptide_id=13131&scanf=21663&charge=4&value=sp|Q9NU22|MDN1_HUMAN,0,/core/www/modules/match_peptides/blast_html4.php?run_id=110202&search_id=114132&scans_id=110198&peptide_id=13131&scanf=21663&charge=4&value=0,R.VVNMNQQSDTADLLGGYKPVDHK.L,/core/www/modules/show_out/show_out_wrapper.php?run_id=110202&search_id=114132&scans_id=110198&peptide_id=13131&scanf=21663&charge=4&value=R.VVNMNQQSDTADLLGGYKPVDHK.L,MDN1,1.021e+7,3.679,0.000,3.413,0.000
21664,3,"  2.697","  0.302",12/48,/core/www/modules//sdig/index.php?run_id=110202&search_id=114132&scans_id=110198&peptide_id=13132&scanf=21664&charge=3&value=12/48,sp|Q14204|DYHC1_HUMAN,/core/www/modules//consensus/?run_id=110202&search_id=114132&scans_id=110198&peptide_id=13132&scanf=21664&charge=3&value=sp|Q14204|DYHC1_HUMAN,19,/core/www/modules/match_peptides/blast_html4.php?run_id=110202&search_id=114132&scans_id=110198&peptide_id=13132&scanf=21664&charge=3&value=19,K.EGLMLDSHEELYK.W,/core/www/modules/show_out/show_out_wrapper.php?run_id=110202&search_id=114132&scans_id=110198&peptide_id=13132&scanf=21664&charge=3&value=K.EGLMLDSHEELYK.W,DYNC1H1,7.281e+6,2.692,0.011,1.954,0.000
21665,2,"  1.927","  0.518",10/22,/core/www/modules//sdig/index.php?run_id=110202&search_id=114132&scans_id=110198&peptide_id=13133&scanf=21665&charge=2&value=10/22,sp|Q8IV08|PLD3_HUMAN,/core/www/modules//consensus/?run_id=110202&search_id=114132&scans_id=110198&peptide_id=13133&scanf=21665&charge=2&value=sp|Q8IV08|PLD3_HUMAN,3,/core/www/modules/match_peptides/blast_html4.php?run_id=110202&search_id=114132&scans_id=110198&peptide_id=13133&scanf=21665&charge=2&value=3,K.LFVVPADEAQAR.I,/core/www/modules/show_out/show_out_wrapper.php?run_id=110202&search_id=114132&scans_id=110198&peptide_id=13133&scanf=21665&charge=2&value=K.LFVVPADEAQAR.I,PLD3,1.003e+7,2.955,0.005,2.342,0.000
21669,2,"  2.622","  0.408",12/24,/core/www/modules//sdig/index.php?run_id=110202&search_id=114132&scans_id=110198&peptide_id=13137&scanf=21669&charge=2&value=12/24,sp|Q14690|RRP5_HUMAN,/core/www/modules//consensus/?run_id=110202&search_id=114132&scans_id=110198&peptide_id=13137&scanf=21669&charge=2&value=sp|Q14690|RRP5_HUMAN,1,/core/www/modules/match_peptides/blast_html4.php?run_id=110202&search_id=114132&scans_id=110198&peptide_id=13137&scanf=21669&charge=2&value=1,K.VEDPEINSIQDIK.E,/core/www/modules/show_out/show_out_wrapper.php?run_id=110202&search_id=114132&scans_id=110198&peptide_id=13137&scanf=21669&charge=2&value=K.VEDPEINSIQDIK.E,PDCD11,5.791e+6,2.819,0.007,2.141,0.000
21670,2,"  2.556","  0.466",13/20,/core/www/modules//sdig/index.php?run_id=110202&search_id=114132&scans_id=110198&peptide_id=13138&scanf=21670&charge=2&value=13/20,sp|P39748|FEN1_HUMAN,/core/www/modules//consensus/?run_id=110202&search_id=114132&scans_id=110198&peptide_id=13138&scanf=21670&charge=2&value=sp|P39748|FEN1_HUMAN,1,/core/www/modules/match_peptides/blast_html4.php?run_id=110202&search_id=114132&scans_id=110198&peptide_id=13138&scanf=21670&charge=2&value=1,K.WSEPNEEELIK.F,/core/www/modules/show_out/show_out_wrapper.php?run_id=110202&search_id=114132&scans_id=110198&peptide_id=13138&scanf=21670&charge=2&value=K.WSEPNEEELIK.F,FEN1,1.096e+7,3.165,0.002,2.652,0.000
21671,2,"  2.092","  0.453",9/24,/core/www/modules//sdig/index.php?run_id=110202&search_id=114132&scans_id=110198&peptide_id=13139&scanf=21671&charge=2&value=9/24,sp|O43264|ZW10_HUMAN,/core/www/modules//consensus/?run_id=110202&search_id=114132&scans_id=110198&peptide_id=13139&scanf=21671&charge=2&value=sp|O43264|ZW10_HUMAN,0,/core/www/modules/match_peptides/blast_html4.php?run_id=110202&search_id=114132&scans_id=110198&peptide_id=13139&scanf=21671&charge=2&value=0,K.GPLAAAFSSSEVK.A,/core/www/modules/show_out/show_out_wrapper.php?run_id=110202&search_id=114132&scans_id=110198&peptide_id=13139&scanf=21671&charge=2&value=K.GPLAAAFSSSEVK.A,ZW10,5.716e+6,2.635,0.013,1.870,0.000
21674,2,"  1.698","  0.213",8/18,/core/www/modules//sdig/index.php?run_id=110202&search_id=114132&scans_id=110198&peptide_id=13142&scanf=21674&charge=2&value=8/18,sp|Q8N5C6|SRBD1_HUMAN,/core/www/modules//consensus/?run_id=110202&search_id=114132&scans_id=110198&peptide_id=13142&scanf=21674&charge=2&value=sp|Q8N5C6|SRBD1_HUMAN,0,/core/www/modules/match_peptides/blast_html4.php?run_id=110202&search_id=114132&scans_id=110198&peptide_id=13142&scanf=21674&charge=2&value=0,K.EMPGLDPNLR.S,/core/www/modules/show_out/show_out_wrapper.php?run_id=110202&search_id=114132&scans_id=110198&peptide_id=13142&scanf=21674&charge=2&value=K.EMPGLDPNLR.S,SRBD1,6.327e+6,1.947,0.125,0.903,0.006
21677,3,"  2.946","  0.604",17/44,/core/www/modules//sdig/index.php?run_id=110202&search_id=114132&scans_id=110198&peptide_id=13144&scanf=21677&charge=3&value=17/44,sp|O43143|DHX15_HUMAN,/core/www/modules//consensus/?run_id=110202&search_id=114132&scans_id=110198&peptide_id=13144&scanf=21677&charge=3&value=sp|O43143|DHX15_HUMAN,0,/core/www/modules/match_peptides/blast_html4.php?run_id=110202&search_id=114132&scans_id=110198&peptide_id=13144&scanf=21677&charge=3&value=0,R.YGVIILDEAHER.T,/core/www/modules/show_out/show_out_wrapper.php?run_id=110202&search_id=114132&scans_id=110198&peptide_id=13144&scanf=21677&charge=3&value=R.YGVIILDEAHER.T,DHX15,1.507e+8,3.819,0.000,3.621,0.000
21679,2,"  1.752","  0.195",8/12,/core/www/modules//sdig/index.php?run_id=110202&search_id=114132&scans_id=110198&peptide_id=13146&scanf=21679&charge=2&value=8/12,sp|Q9GZR7|DDX24_HUMAN,/core/www/modules//consensus/?run_id=110202&search_id=114132&scans_id=110198&peptide_id=13146&scanf=21679&charge=2&value=sp|Q9GZR7|DDX24_HUMAN,4,/core/www/modules/match_peptides/blast_html4.php?run_id=110202&search_id=114132&scans_id=110198&peptide_id=13146&scanf=21679&charge=2&value=4,K.LDLLMQK.I,/core/www/modules/show_out/show_out_wrapper.php?run_id=110202&search_id=114132&scans_id=110198&peptide_id=13146&scanf=21679&charge=2&value=K.LDLLMQK.I,DDX24,7.534e+7,2.478,0.023,1.643,0.001
21680,2,"  2.205","  0.356",10/14,/core/www/modules//sdig/index.php?run_id=110202&search_id=114132&scans_id=110198&peptide_id=13148&scanf=21680&charge=2&value=10/14,sp|Q68CQ4|UTP25_HUMAN,/core/www/modules//consensus/?run_id=110202&search_id=114132&scans_id=110198&peptide_id=13148&scanf=21680&charge=2&value=sp|Q68CQ4|UTP25_HUMAN,1,/core/www/modules/match_peptides/blast_html4.php?run_id=110202&search_id=114132&scans_id=110198&peptide_id=13148&scanf=21680&charge=2&value=1,R.IGVAILQR.S,/core/www/modules/show_out/show_out_wrapper.php?run_id=110202&search_id=114132&scans_id=110198&peptide_id=13148&scanf=21680&charge=2&value=R.IGVAILQR.S,UTP25,2.829e+7,3.031,0.004,2.454,0.000
21681,3,"  2.842","  0.310",13/40,/core/www/modules//sdig/index.php?run_id=110202&search_id=114132&scans_id=110198&peptide_id=13149&scanf=21681&charge=3&value=13/40,sp|Q9NU22|MDN1_HUMAN,/core/www/modules//consensus/?run_id=110202&search_id=114132&scans_id=110198&peptide_id=13149&scanf=21681&charge=3&value=sp|Q9NU22|MDN1_HUMAN,0,/core/www/modules/match_peptides/blast_html4.php?run_id=110202&search_id=114132&scans_id=110198&peptide_id=13149&scanf=21681&charge=3&value=0,R.LLQALHIDGPR.S,/core/www/modules/show_out/show_out_wrapper.php?run_id=110202&search_id=114132&scans_id=110198&peptide_id=13149&scanf=21681&charge=3&value=R.LLQALHIDGPR.S,MDN1,1.767e+7,2.920,0.005,2.290,0.000
21683,2,"  2.564","  0.359",10/16,/core/www/modules//sdig/index.php?run_id=110202&search_id=114132&scans_id=110198&peptide_id=13151&scanf=21683&charge=2&value=10/16,sp|O94906|PRP6_HUMAN,/core/www/modules//consensus/?run_id=110202&search_id=114132&scans_id=110198&peptide_id=13151&scanf=21683&charge=2&value=sp|O94906|PRP6_HUMAN,0,/core/www/modules/match_peptides/blast_html4.php?run_id=110202&search_id=114132&scans_id=110198&peptide_id=13151&scanf=21683&charge=2&value=0,K.LEWVQDNIR.A,/core/www/modules/show_out/show_out_wrapper.php?run_id=110202&search_id=114132&scans_id=110198&peptide_id=13151&scanf=21683&charge=2&value=K.LEWVQDNIR.A,PRPF6,3.840e+7,2.834,0.007,2.164,0.000
21684,2,"  3.722","  0.587",12/24,/core/www/modules//sdig/index.php?run_id=110202&search_id=114132&scans_id=110198&peptide_id=13152&scanf=21684&charge=2&value=12/24,sp|Q5T280|CI114_HUMAN,/core/www/modules//consensus/?run_id=110202&search_id=114132&scans_id=110198&peptide_id=13152&scanf=21684&charge=2&value=sp|Q5T280|CI114_HUMAN,1,/core/www/modules/match_peptides/blast_html4.php?run_id=110202&search_id=114132&scans_id=110198&peptide_id=13152&scanf=21684&charge=2&value=1,R.GSDVASAQLPNFR.H,/core/www/modules/show_out/show_out_wrapper.php?run_id=110202&search_id=114132&scans_id=110198&peptide_id=13152&scanf=21684&charge=2&value=R.GSDVASAQLPNFR.H,SPOUT1,1.755e+7,3.301,0.001,2.853,0.000
21686,2,"  1.880","  0.203",9/16,/core/www/modules//sdig/index.php?run_id=110202&search_id=114132&scans_id=110198&peptide_id=13154&scanf=21686&charge=2&value=9/16,sp|P52292|IMA1_HUMAN,/core/www/modules//consensus/?run_id=110202&search_id=114132&scans_id=110198&peptide_id=13154&scanf=21686&charge=2&value=sp|P52292|IMA1_HUMAN,6,/core/www/modules/match_peptides/blast_html4.php?run_id=110202&search_id=114132&scans_id=110198&peptide_id=13154&scanf=21686&charge=2&value=6,K.QPPIDNIIR.A,/core/www/modules/show_out/show_out_wrapper.php?run_id=110202&search_id=114132&scans_id=110198&peptide_id=13154&scanf=21686&charge=2&value=K.QPPIDNIIR.A,KPNA2,1.173e+7,2.202,0.057,1.248,0.002
21687,3,"  2.565","  0.228",13/52,/core/www/modules//sdig/index.php?run_id=110202&search_id=114132&scans_id=110198&peptide_id=13155&scanf=21687&charge=3&value=13/52,sp|P36873|PP1G_HUMAN,/core/www/modules//consensus/?run_id=110202&search_id=114132&scans_id=110198&peptide_id=13155&scanf=21687&charge=3&value=sp|P36873|PP1G_HUMAN,9,/core/www/modules/match_peptides/blast_html4.php?run_id=110202&search_id=114132&scans_id=110198&peptide_id=13155&scanf=21687&charge=3&value=9,R.AHQVVEDGYEFFAK.R,/core/www/modules/show_out/show_out_wrapper.php?run_id=110202&search_id=114132&scans_id=110198&peptide_id=13155&scanf=21687&charge=3&value=R.AHQVVEDGYEFFAK.R,PPP1CC,1.172e+7,2.063,0.088,1.056,0.004
21688,2,"  2.223","  0.189",11/18,/core/www/modules//sdig/index.php?run_id=110202&search_id=114132&scans_id=110198&peptide_id=13156&scanf=21688&charge=2&value=11/18,sp|O60264|SMCA5_HUMAN,/core/www/modules//consensus/?run_id=110202&search_id=114132&scans_id=110198&peptide_id=13156&scanf=21688&charge=2&value=sp|O60264|SMCA5_HUMAN,0,/core/www/modules/match_peptides/blast_html4.php?run_id=110202&search_id=114132&scans_id=110198&peptide_id=13156&scanf=21688&charge=2&value=0,K.DIDILNSAGK.M,/core/www/modules/show_out/show_out_wrapper.php?run_id=110202&search_id=114132&scans_id=110198&peptide_id=13156&scanf=21688&charge=2&value=K.DIDILNSAGK.M,SMARCA5,3.671e+7,2.469,0.024,1.629,0.001
21693,2,"  2.620","  0.570",9/14,/core/www/modules//sdig/index.php?run_id=110202&search_id=114132&scans_id=110198&peptide_id=13162&scanf=21693&charge=2&value=9/14,sp|P13010|XRCC5_HUMAN,/core/www/modules//consensus/?run_id=110202&search_id=114132&scans_id=110198&peptide_id=13162&scanf=21693&charge=2&value=sp|P13010|XRCC5_HUMAN,2,/core/www/modules/match_peptides/blast_html4.php?run_id=110202&search_id=114132&scans_id=110198&peptide_id=13162&scanf=21693&charge=2&value=2,K.VITMFVQR.Q,/core/www/modules/show_out/show_out_wrapper.php?run_id=110202&search_id=114132&scans_id=110198&peptide_id=13162&scanf=21693&charge=2&value=K.VITMFVQR.Q,XRCC5,1.255e+8,3.751,0.000,3.520,0.000
21695,2,"  1.986","  0.352",7/16,/core/www/modules//sdig/index.php?run_id=110202&search_id=114132&scans_id=110198&peptide_id=13164&scanf=21695&charge=2&value=7/16,sp|Q13310|PABP4_HUMAN,/core/www/modules//consensus/?run_id=110202&search_id=114132&scans_id=110198&peptide_id=13164&scanf=21695&charge=2&value=sp|Q13310|PABP4_HUMAN,6,/core/www/modules/match_peptides/blast_html4.php?run_id=110202&search_id=114132&scans_id=110198&peptide_id=13164&scanf=21695&charge=2&value=6,R.YQGVNLYIK.N,/core/www/modules/show_out/show_out_wrapper.php?run_id=110202&search_id=114132&scans_id=110198&peptide_id=13164&scanf=21695&charge=2&value=R.YQGVNLYIK.N,PABPC4,8.390e+6,2.527,0.019,1.713,0.000
21696,3,"  2.273","  0.315",12/32,/core/www/modules//sdig/index.php?run_id=110202&search_id=114132&scans_id=110198&peptide_id=13165&scanf=21696&charge=3&value=12/32,sp|Q14697|GANAB_HUMAN,/core/www/modules//consensus/?run_id=110202&search_id=114132&scans_id=110198&peptide_id=13165&scanf=21696&charge=3&value=sp|Q14697|GANAB_HUMAN,1,/core/www/modules/match_peptides/blast_html4.php?run_id=110202&search_id=114132&scans_id=110198&peptide_id=13165&scanf=21696&charge=3&value=1,R.FRIDELEPR.R,/core/www/modules/show_out/show_out_wrapper.php?run_id=110202&search_id=114132&scans_id=110198&peptide_id=13165&scanf=21696&charge=3&value=R.FRIDELEPR.R,GANAB,8.105e+6,2.551,0.018,1.748,0.000
21699,2,"  2.957","  0.612",15/22,/core/www/modules//sdig/index.php?run_id=110202&search_id=114132&scans_id=110198&peptide_id=13167&scanf=21699&charge=2&value=15/22,sp|Q00839|HNRPU_HUMAN,/core/www/modules//consensus/?run_id=110202&search_id=114132&scans_id=110198&peptide_id=13167&scanf=21699&charge=2&value=sp|Q00839|HNRPU_HUMAN,11,/core/www/modules/match_peptides/blast_html4.php?run_id=110202&search_id=114132&scans_id=110198&peptide_id=13167&scanf=21699&charge=2&value=11,K.YNILGTNTIM*DK.M,/core/www/modules/show_out/show_out_wrapper.php?run_id=110202&search_id=114132&scans_id=110198&peptide_id=13167&scanf=21699&charge=2&value=K.YNILGTNTIM*DK.M,HNRNPU,2.734e+7,3.784,0.000,3.569,0.000
21700,2,"  1.604","  0.257",8/14,/core/www/modules//sdig/index.php?run_id=110202&search_id=114132&scans_id=110198&peptide_id=13169&scanf=21700&charge=2&value=8/14,sp|Q96GM5|SMRD1_HUMAN,/core/www/modules//consensus/?run_id=110202&search_id=114132&scans_id=110198&peptide_id=13169&scanf=21700&charge=2&value=sp|Q96GM5|SMRD1_HUMAN,3,/core/www/modules/match_peptides/blast_html4.php?run_id=110202&search_id=114132&scans_id=110198&peptide_id=13169&scanf=21700&charge=2&value=3,R.LDIQEALK.R,/core/www/modules/show_out/show_out_wrapper.php?run_id=110202&search_id=114132&scans_id=110198&peptide_id=13169&scanf=21700&charge=2&value=R.LDIQEALK.R,SMARCD1,3.327e+7,2.457,0.024,1.612,0.001
21701,2,"  2.216","  0.316",10/14,/core/www/modules//sdig/index.php?run_id=110202&search_id=114132&scans_id=110198&peptide_id=13170&scanf=21701&charge=2&value=10/14,sp|Q99459|CDC5L_HUMAN,/core/www/modules//consensus/?run_id=110202&search_id=114132&scans_id=110198&peptide_id=13170&scanf=21701&charge=2&value=sp|Q99459|CDC5L_HUMAN,0,/core/www/modules/match_peptides/blast_html4.php?run_id=110202&search_id=114132&scans_id=110198&peptide_id=13170&scanf=21701&charge=2&value=0,R.YADLLLEK.E,/core/www/modules/show_out/show_out_wrapper.php?run_id=110202&search_id=114132&scans_id=110198&peptide_id=13170&scanf=21701&charge=2&value=R.YADLLLEK.E,CDC5L,5.969e+7,2.917,0.005,2.285,0.000
21704,3,"  3.487","  0.631",21/44,/core/www/modules//sdig/index.php?run_id=110202&search_id=114132&scans_id=110198&peptide_id=13173&scanf=21704&charge=3&value=21/44,sp|O14497|ARI1A_HUMAN,/core/www/modules//consensus/?run_id=110202&search_id=114132&scans_id=110198&peptide_id=13173&scanf=21704&charge=3&value=sp|O14497|ARI1A_HUMAN,2,/core/www/modules/match_peptides/blast_html4.php?run_id=110202&search_id=114132&scans_id=110198&peptide_id=13173&scanf=21704&charge=3&value=2,K.FPFGISPAQSHR.N,/core/www/modules/show_out/show_out_wrapper.php?run_id=110202&search_id=114132&scans_id=110198&peptide_id=13173&scanf=21704&charge=3&value=K.FPFGISPAQSHR.N,ARID1A,3.301e+7,4.018,0.000,3.917,0.000
21705,2,"  1.898","  0.113",8/12,/core/www/modules//sdig/index.php?run_id=110202&search_id=114132&scans_id=110198&peptide_id=13174&scanf=21705&charge=2&value=8/12,sp|Q9NVN8|GNL3L_HUMAN,/core/www/modules//consensus/?run_id=110202&search_id=114132&scans_id=110198&peptide_id=13174&scanf=21705&charge=2&value=sp|Q9NVN8|GNL3L_HUMAN,2,/core/www/modules/match_peptides/blast_html4.php?run_id=110202&search_id=114132&scans_id=110198&peptide_id=13174&scanf=21705&charge=2&value=2,K.LVLVLNK.I,/core/www/modules/show_out/show_out_wrapper.php?run_id=110202&search_id=114132&scans_id=110198&peptide_id=13174&scanf=21705&charge=2&value=K.LVLVLNK.I,GNL3L,1.387e+7,2.152,0.066,1.179,0.002
21706,2,"  3.041","  0.355",13/22,/core/www/modules//sdig/index.php?run_id=110202&search_id=114132&scans_id=110198&peptide_id=13175&scanf=21706&charge=2&value=13/22,sp|P10809|CH60_HUMAN,/core/www/modules//consensus/?run_id=110202&search_id=114132&scans_id=110198&peptide_id=13175&scanf=21706&charge=2&value=sp|P10809|CH60_HUMAN,12,/core/www/modules/match_peptides/blast_html4.php?run_id=110202&search_id=114132&scans_id=110198&peptide_id=13175&scanf=21706&charge=2&value=12,R.TVIIEQSWGSPK.V,/core/www/modules/show_out/show_out_wrapper.php?run_id=110202&search_id=114132&scans_id=110198&peptide_id=13175&scanf=21706&charge=2&value=R.TVIIEQSWGSPK.V,HSPD1,2.733e+7,2.853,0.006,2.190,0.000
21707,2,"  2.932","  0.556",12/18,/core/www/modules//sdig/index.php?run_id=110202&search_id=114132&scans_id=110198&peptide_id=13176&scanf=21707&charge=2&value=12/18,sp|P13010|XRCC5_HUMAN,/core/www/modules//consensus/?run_id=110202&search_id=114132&scans_id=110198&peptide_id=13176&scanf=21707&charge=2&value=sp|P13010|XRCC5_HUMAN,0,/core/www/modules/match_peptides/blast_html4.php?run_id=110202&search_id=114132&scans_id=110198&peptide_id=13176&scanf=21707&charge=2&value=0,R.YGSDIVPFSK.V,/core/www/modules/show_out/show_out_wrapper.php?run_id=110202&search_id=114132&scans_id=110198&peptide_id=13176&scanf=21707&charge=2&value=R.YGSDIVPFSK.V,XRCC5,1.371e+7,3.695,0.000,3.438,0.000
21708,3,"  3.727","  0.696",18/44,/core/www/modules//sdig/index.php?run_id=110202&search_id=114132&scans_id=110198&peptide_id=13177&scanf=21708&charge=3&value=18/44,sp|Q09161|NCBP1_HUMAN,/core/www/modules//consensus/?run_id=110202&search_id=114132&scans_id=110198&peptide_id=13177&scanf=21708&charge=3&value=sp|Q09161|NCBP1_HUMAN,0,/core/www/modules/match_peptides/blast_html4.php?run_id=110202&search_id=114132&scans_id=110198&peptide_id=13177&scanf=21708&charge=3&value=0,R.NHPQMIAVLVDK.M,/core/www/modules/show_out/show_out_wrapper.php?run_id=110202&search_id=114132&scans_id=110198&peptide_id=13177&scanf=21708&charge=3&value=R.NHPQMIAVLVDK.M,NCBP1,4.435e+7,4.077,0.000,4.003,0.000
21709,3,"  2.731","  0.476",13/32,/core/www/modules//sdig/index.php?run_id=110202&search_id=114132&scans_id=110198&peptide_id=13178&scanf=21709&charge=3&value=13/32,sp|Q9NR11|ZN302_HUMAN,/core/www/modules//consensus/?run_id=110202&search_id=114132&scans_id=110198&peptide_id=13178&scanf=21709&charge=3&value=sp|Q9NR11|ZN302_HUMAN,2,/core/www/modules/match_peptides/blast_html4.php?run_id=110202&search_id=114132&scans_id=110198&peptide_id=13178&scanf=21709&charge=3&value=2,R.VSLLIQHLR.I,/core/www/modules/show_out/show_out_wrapper.php?run_id=110202&search_id=114132&scans_id=110198&peptide_id=13178&scanf=21709&charge=3&value=R.VSLLIQHLR.I,ZNF302,1.712e+7,3.361,0.001,2.943,0.000
21712,2,"  2.921","  0.529",11/16,/core/www/modules//sdig/index.php?run_id=110202&search_id=114132&scans_id=110198&peptide_id=13182&scanf=21712&charge=2&value=11/16,sp|Q9H3P7|GCP60_HUMAN,/core/www/modules//consensus/?run_id=110202&search_id=114132&scans_id=110198&peptide_id=13182&scanf=21712&charge=2&value=sp|Q9H3P7|GCP60_HUMAN,0,/core/www/modules/match_peptides/blast_html4.php?run_id=110202&search_id=114132&scans_id=110198&peptide_id=13182&scanf=21712&charge=2&value=0,K.EDAMVEFVK.L,/core/www/modules/show_out/show_out_wrapper.php?run_id=110202&search_id=114132&scans_id=110198&peptide_id=13182&scanf=21712&charge=2&value=K.EDAMVEFVK.L,ACBD3,1.089e+7,3.467,0.001,3.100,0.000
21713,3,"  4.871","  0.658",24/72,/core/www/modules//sdig/index.php?run_id=110202&search_id=114132&scans_id=110198&peptide_id=13183&scanf=21713&charge=3&value=24/72,sp|P43243|MATR3_HUMAN,/core/www/modules//consensus/?run_id=110202&search_id=114132&scans_id=110198&peptide_id=13183&scanf=21713&charge=3&value=sp|P43243|MATR3_HUMAN,6,/core/www/modules/match_peptides/blast_html4.php?run_id=110202&search_id=114132&scans_id=110198&peptide_id=13183&scanf=21713&charge=3&value=6,R.VIHLSNLPHSGYSDSAVLK.L,/core/www/modules/show_out/show_out_wrapper.php?run_id=110202&search_id=114132&scans_id=110198&peptide_id=13183&scanf=21713&charge=3&value=R.VIHLSNLPHSGYSDSAVLK.L,MATR3,1.945e+7,3.755,0.000,3.526,0.000
21717,3,"  1.832","  0.310",10/32,/core/www/modules//sdig/index.php?run_id=110202&search_id=114132&scans_id=110198&peptide_id=13187&scanf=21717&charge=3&value=10/32,sp|Q6NZI2|CAVN1_HUMAN,/core/www/modules//consensus/?run_id=110202&search_id=114132&scans_id=110198&peptide_id=13187&scanf=21717&charge=3&value=sp|Q6NZI2|CAVN1_HUMAN,0,/core/www/modules/match_peptides/blast_html4.php?run_id=110202&search_id=114132&scans_id=110198&peptide_id=13187&scanf=21717&charge=3&value=0,K.VPPFTFHVK.K,/core/www/modules/show_out/show_out_wrapper.php?run_id=110202&search_id=114132&scans_id=110198&peptide_id=13187&scanf=21717&charge=3&value=K.VPPFTFHVK.K,CAVIN1,7.755e+6,2.644,0.013,1.884,0.000
21721,3,"  6.508","  0.688",23/72,/core/www/modules//sdig/index.php?run_id=110202&search_id=114132&scans_id=110198&peptide_id=13191&scanf=21721&charge=3&value=23/72,sp|Q99459|CDC5L_HUMAN,/core/www/modules//consensus/?run_id=110202&search_id=114132&scans_id=110198&peptide_id=13191&scanf=21721&charge=3&value=sp|Q99459|CDC5L_HUMAN,0,/core/www/modules/match_peptides/blast_html4.php?run_id=110202&search_id=114132&scans_id=110198&peptide_id=13191&scanf=21721&charge=3&value=0,K.GGLNTPLHESDFSGVTPQR.Q,/core/www/modules/show_out/show_out_wrapper.php?run_id=110202&search_id=114132&scans_id=110198&peptide_id=13191&scanf=21721&charge=3&value=K.GGLNTPLHESDFSGVTPQR.Q,CDC5L,9.742e+6,3.892,0.000,3.729,0.000
21727,2,"  3.358","  0.617",13/20,/core/www/modules//sdig/index.php?run_id=110202&search_id=114132&scans_id=110198&peptide_id=13197&scanf=21727&charge=2&value=13/20,sp|Q06265|EXOS9_HUMAN,/core/www/modules//consensus/?run_id=110202&search_id=114132&scans_id=110198&peptide_id=13197&scanf=21727&charge=2&value=sp|Q06265|EXOS9_HUMAN,1,/core/www/modules/match_peptides/blast_html4.php?run_id=110202&search_id=114132&scans_id=110198&peptide_id=13197&scanf=21727&charge=2&value=1,K.FGFAESIANQR.I,/core/www/modules/show_out/show_out_wrapper.php?run_id=110202&search_id=114132&scans_id=110198&peptide_id=13197&scanf=21727&charge=2&value=K.FGFAESIANQR.I,EXOSC9,1.230e+7,3.704,0.000,3.451,0.000
21728,3,"  4.173","  0.577",18/56,/core/www/modules//sdig/index.php?run_id=110202&search_id=114132&scans_id=110198&peptide_id=13198&scanf=21728&charge=3&value=18/56,sp|Q8N884|CGAS_HUMAN,/core/www/modules//consensus/?run_id=110202&search_id=114132&scans_id=110198&peptide_id=13198&scanf=21728&charge=3&value=sp|Q8N884|CGAS_HUMAN,1,/core/www/modules/match_peptides/blast_html4.php?run_id=110202&search_id=114132&scans_id=110198&peptide_id=13198&scanf=21728&charge=3&value=1,R.GVGLLNTGSYYEHVK.I,/core/www/modules/show_out/show_out_wrapper.php?run_id=110202&search_id=114132&scans_id=110198&peptide_id=13198&scanf=21728&charge=3&value=R.GVGLLNTGSYYEHVK.I,CGAS,4.994e+7,3.415,0.001,3.022,0.000
21729,2,"  2.302","  0.506",12/20,/core/www/modules//sdig/index.php?run_id=110202&search_id=114132&scans_id=110198&peptide_id=13199&scanf=21729&charge=2&value=12/20,sp|O14950|ML12B_HUMAN,/core/www/modules//consensus/?run_id=110202&search_id=114132&scans_id=110198&peptide_id=13199&scanf=21729&charge=2&value=sp|O14950|ML12B_HUMAN,2,/core/www/modules/match_peptides/blast_html4.php?run_id=110202&search_id=114132&scans_id=110198&peptide_id=13199&scanf=21729&charge=2&value=2,R.FTDEEVDELYR.E,/core/www/modules/show_out/show_out_wrapper.php?run_id=110202&search_id=114132&scans_id=110198&peptide_id=13199&scanf=21729&charge=2&value=R.FTDEEVDELYR.E,MYL12B,1.404e+7,3.230,0.002,2.748,0.000
21732,2,"  2.720","  0.481",11/20,/core/www/modules//sdig/index.php?run_id=110202&search_id=114132&scans_id=110198&peptide_id=13203&scanf=21732&charge=2&value=11/20,sp|Q9Y6A4|CFA20_HUMAN,/core/www/modules//consensus/?run_id=110202&search_id=114132&scans_id=110198&peptide_id=13203&scanf=21732&charge=2&value=sp|Q9Y6A4|CFA20_HUMAN,0,/core/www/modules/match_peptides/blast_html4.php?run_id=110202&search_id=114132&scans_id=110198&peptide_id=13203&scanf=21732&charge=2&value=0,R.AYGTNYIETLR.V,/core/www/modules/show_out/show_out_wrapper.php?run_id=110202&search_id=114132&scans_id=110198&peptide_id=13203&scanf=21732&charge=2&value=R.AYGTNYIETLR.V,CFAP20,1.426e+7,3.052,0.003,2.485,0.000
21735,2,"  1.920","  0.309",12/20,/core/www/modules//sdig/index.php?run_id=110202&search_id=114132&scans_id=110198&peptide_id=13206&scanf=21735&charge=2&value=12/20,sp|Q00610|CLH1_HUMAN,/core/www/modules//consensus/?run_id=110202&search_id=114132&scans_id=110198&peptide_id=13206&scanf=21735&charge=2&value=sp|Q00610|CLH1_HUMAN,11,/core/www/modules/match_peptides/blast_html4.php?run_id=110202&search_id=114132&scans_id=110198&peptide_id=13206&scanf=21735&charge=2&value=11,K.LLYNNVSNFGR.L,/core/www/modules/show_out/show_out_wrapper.php?run_id=110202&search_id=114132&scans_id=110198&peptide_id=13206&scanf=21735&charge=2&value=K.LLYNNVSNFGR.L,CLTC,1.084e+7,2.533,0.019,1.722,0.000
21740,2,"  1.877","  0.623",10/16,/core/www/modules//sdig/index.php?run_id=110202&search_id=114132&scans_id=110198&peptide_id=13211&scanf=21740&charge=2&value=10/16,sp|P62913|RL11_HUMAN,/core/www/modules//consensus/?run_id=110202&search_id=114132&scans_id=110198&peptide_id=13211&scanf=21740&charge=2&value=sp|P62913|RL11_HUMAN,1,/core/www/modules/match_peptides/blast_html4.php?run_id=110202&search_id=114132&scans_id=110198&peptide_id=13211&scanf=21740&charge=2&value=1,K.YDGIILPGK.-,/core/www/modules/show_out/show_out_wrapper.php?run_id=110202&search_id=114132&scans_id=110198&peptide_id=13211&scanf=21740&charge=2&value=K.YDGIILPGK.-,RPL11,5.200e+8,3.683,0.000,3.419,0.000
21741,2,"  2.638","  0.509",13/18,/core/www/modules//sdig/index.php?run_id=110202&search_id=114132&scans_id=110198&peptide_id=13212&scanf=21741&charge=2&value=13/18,sp|A6NNZ2|TBB8B_HUMAN,/core/www/modules//consensus/?run_id=110202&search_id=114132&scans_id=110198&peptide_id=13212&scanf=21741&charge=2&value=sp|A6NNZ2|TBB8B_HUMAN,17,/core/www/modules/match_peptides/blast_html4.php?run_id=110202&search_id=114132&scans_id=110198&peptide_id=13212&scanf=21741&charge=2&value=17,R.FPGQLNADLR.K,/core/www/modules/show_out/show_out_wrapper.php?run_id=110202&search_id=114132&scans_id=110198&peptide_id=13212&scanf=21741&charge=2&value=R.FPGQLNADLR.K,TUBB8B,8.813e+7,3.338,0.001,2.908,0.000
21742,2,"  2.751","  0.459",12/16,/core/www/modules//sdig/index.php?run_id=110202&search_id=114132&scans_id=110198&peptide_id=13213&scanf=21742&charge=2&value=12/16,sp|P12956|XRCC6_HUMAN,/core/www/modules//consensus/?run_id=110202&search_id=114132&scans_id=110198&peptide_id=13213&scanf=21742&charge=2&value=sp|P12956|XRCC6_HUMAN,1,/core/www/modules/match_peptides/blast_html4.php?run_id=110202&search_id=114132&scans_id=110198&peptide_id=13213&scanf=21742&charge=2&value=1,K.RILELDQFK.G,/core/www/modules/show_out/show_out_wrapper.php?run_id=110202&search_id=114132&scans_id=110198&peptide_id=13213&scanf=21742&charge=2&value=K.RILELDQFK.G,XRCC6,2.791e+7,3.265,0.002,2.800,0.000
21743,2,"  2.122","  0.509",9/16,/core/www/modules//sdig/index.php?run_id=110202&search_id=114132&scans_id=110198&peptide_id=13214&scanf=21743&charge=2&value=9/16,sp|Q16629|SRSF7_HUMAN,/core/www/modules//consensus/?run_id=110202&search_id=114132&scans_id=110198&peptide_id=13214&scanf=21743&charge=2&value=sp|Q16629|SRSF7_HUMAN,2,/core/www/modules/match_peptides/blast_html4.php?run_id=110202&search_id=114132&scans_id=110198&peptide_id=13214&scanf=21743&charge=2&value=2,R.AFSYYGPLR.T,/core/www/modules/show_out/show_out_wrapper.php?run_id=110202&search_id=114132&scans_id=110198&peptide_id=13214&scanf=21743&charge=2&value=R.AFSYYGPLR.T,SRSF7,1.250e+8,3.258,0.002,2.789,0.000
21744,2,"  1.487","  0.224",10/14,/core/www/modules//sdig/index.php?run_id=110202&search_id=114132&scans_id=110198&peptide_id=13215&scanf=21744&charge=2&value=10/14,sp|Q10570|CPSF1_HUMAN,/core/www/modules//consensus/?run_id=110202&search_id=114132&scans_id=110198&peptide_id=13215&scanf=21744&charge=2&value=sp|Q10570|CPSF1_HUMAN,0,/core/www/modules/match_peptides/blast_html4.php?run_id=110202&search_id=114132&scans_id=110198&peptide_id=13215&scanf=21744&charge=2&value=0,R.HGFLILSR.E,/core/www/modules/show_out/show_out_wrapper.php?run_id=110202&search_id=114132&scans_id=110198&peptide_id=13215&scanf=21744&charge=2&value=R.HGFLILSR.E,CPSF1,2.629e+7,2.583,0.016,1.795,0.000
21745,3,"  3.155","  0.387",13/36,/core/www/modules//sdig/index.php?run_id=110202&search_id=114132&scans_id=110198&peptide_id=13216&scanf=21745&charge=3&value=13/36,sp|P78527|PRKDC_HUMAN,/core/www/modules//consensus/?run_id=110202&search_id=114132&scans_id=110198&peptide_id=13216&scanf=21745&charge=3&value=sp|P78527|PRKDC_HUMAN,0,/core/www/modules/match_peptides/blast_html4.php?run_id=110202&search_id=114132&scans_id=110198&peptide_id=13216&scanf=21745&charge=3&value=0,K.LATTILQHWK.K,/core/www/modules/show_out/show_out_wrapper.php?run_id=110202&search_id=114132&scans_id=110198&peptide_id=13216&scanf=21745&charge=3&value=K.LATTILQHWK.K,PRKDC,1.922e+8,3.850,0.000,3.667,0.000
21746,4,"  2.910","  0.364",19/72,/core/www/modules//sdig/index.php?run_id=110202&search_id=114132&scans_id=110198&peptide_id=13217&scanf=21746&charge=4&value=19/72,sp|P78527|PRKDC_HUMAN,/core/www/modules//consensus/?run_id=110202&search_id=114132&scans_id=110198&peptide_id=13217&scanf=21746&charge=4&value=sp|P78527|PRKDC_HUMAN,0,/core/www/modules/match_peptides/blast_html4.php?run_id=110202&search_id=114132&scans_id=110198&peptide_id=13217&scanf=21746&charge=4&value=0,K.MSPYKDILETHLR.E,/core/www/modules/show_out/show_out_wrapper.php?run_id=110202&search_id=114132&scans_id=110198&peptide_id=13217&scanf=21746&charge=4&value=K.MSPYKDILETHLR.E,PRKDC,1.929e+7,3.710,0.000,3.460,0.000
21748,3,"  3.129","  0.535",17/68,/core/www/modules//sdig/index.php?run_id=110202&search_id=114132&scans_id=110198&peptide_id=13219&scanf=21748&charge=3&value=17/68,sp|Q92499|DDX1_HUMAN,/core/www/modules//consensus/?run_id=110202&search_id=114132&scans_id=110198&peptide_id=13219&scanf=21748&charge=3&value=sp|Q92499|DDX1_HUMAN,5,/core/www/modules/match_peptides/blast_html4.php?run_id=110202&search_id=114132&scans_id=110198&peptide_id=13219&scanf=21748&charge=3&value=5,K.DNTRPGANSPEMWSEAIK.I,/core/www/modules/show_out/show_out_wrapper.php?run_id=110202&search_id=114132&scans_id=110198&peptide_id=13219&scanf=21748&charge=3&value=K.DNTRPGANSPEMWSEAIK.I,DDX1,1.245e+7,3.100,0.003,2.555,0.000
21749,2,"  1.751","  0.166",7/12,/core/www/modules//sdig/index.php?run_id=110202&search_id=114132&scans_id=110198&peptide_id=13220&scanf=21749&charge=2&value=7/12,sp|P35580|MYH10_HUMAN,/core/www/modules//consensus/?run_id=110202&search_id=114132&scans_id=110198&peptide_id=13220&scanf=21749&charge=2&value=sp|P35580|MYH10_HUMAN,2,/core/www/modules/match_peptides/blast_html4.php?run_id=110202&search_id=114132&scans_id=110198&peptide_id=13220&scanf=21749&charge=2&value=2,R.IVFQEFR.Q,/core/www/modules/show_out/show_out_wrapper.php?run_id=110202&search_id=114132&scans_id=110198&peptide_id=13220&scanf=21749&charge=2&value=R.IVFQEFR.Q,MYH10,2.321e+7,2.288,0.043,1.369,0.001
21750,2,"  4.742","  0.727",20/28,/core/www/modules//sdig/index.php?run_id=110202&search_id=114132&scans_id=110198&peptide_id=13222&scanf=21750&charge=2&value=20/28,sp|P07900|HS90A_HUMAN,/core/www/modules//consensus/?run_id=110202&search_id=114132&scans_id=110198&peptide_id=13222&scanf=21750&charge=2&value=sp|P07900|HS90A_HUMAN,0,/core/www/modules/match_peptides/blast_html4.php?run_id=110202&search_id=114132&scans_id=110198&peptide_id=13222&scanf=21750&charge=2&value=0,R.NPDDITNEEYGEFYK.S,/core/www/modules/show_out/show_out_wrapper.php?run_id=110202&search_id=114132&scans_id=110198&peptide_id=13222&scanf=21750&charge=2&value=R.NPDDITNEEYGEFYK.S,HSP90AA1,7.596e+7,4.352,0.000,4.411,0.000
21753,3,"  3.201","  0.455",18/48,/core/www/modules//sdig/index.php?run_id=110202&search_id=114132&scans_id=110198&peptide_id=13225&scanf=21753&charge=3&value=18/48,sp|P09543|CN37_HUMAN,/core/www/modules//consensus/?run_id=110202&search_id=114132&scans_id=110198&peptide_id=13225&scanf=21753&charge=3&value=sp|P09543|CN37_HUMAN,0,/core/www/modules/match_peptides/blast_html4.php?run_id=110202&search_id=114132&scans_id=110198&peptide_id=13225&scanf=21753&charge=3&value=0,K.AGQVFLEELGNHK.A,/core/www/modules/show_out/show_out_wrapper.php?run_id=110202&search_id=114132&scans_id=110198&peptide_id=13225&scanf=21753&charge=3&value=K.AGQVFLEELGNHK.A,CNP,2.159e+7,3.132,0.002,2.604,0.000
21754,3,"  5.039","  0.619",18/56,/core/www/modules//sdig/index.php?run_id=110202&search_id=114132&scans_id=110198&peptide_id=13226&scanf=21754&charge=3&value=18/56,sp|O75934|SPF27_HUMAN,/core/www/modules//consensus/?run_id=110202&search_id=114132&scans_id=110198&peptide_id=13226&scanf=21754&charge=3&value=sp|O75934|SPF27_HUMAN,0,/core/www/modules/match_peptides/blast_html4.php?run_id=110202&search_id=114132&scans_id=110198&peptide_id=13226&scanf=21754&charge=3&value=0,K.VYNENLVHMIEHAQK.E,/core/www/modules/show_out/show_out_wrapper.php?run_id=110202&search_id=114132&scans_id=110198&peptide_id=13226&scanf=21754&charge=3&value=K.VYNENLVHMIEHAQK.E,BCAS2,1.572e+7,3.658,0.000,3.382,0.000
21761,2,"  1.676","  0.315",7/14,/core/www/modules//sdig/index.php?run_id=110202&search_id=114132&scans_id=110198&peptide_id=13233&scanf=21761&charge=2&value=7/14,sp|Q12906|ILF3_HUMAN,/core/www/modules//consensus/?run_id=110202&search_id=114132&scans_id=110198&peptide_id=13233&scanf=21761&charge=2&value=sp|Q12906|ILF3_HUMAN,2,/core/www/modules/match_peptides/blast_html4.php?run_id=110202&search_id=114132&scans_id=110198&peptide_id=13233&scanf=21761&charge=2&value=2,R.VPTWGPLR.G,/core/www/modules/show_out/show_out_wrapper.php?run_id=110202&search_id=114132&scans_id=110198&peptide_id=13233&scanf=21761&charge=2&value=R.VPTWGPLR.G,ILF3,2.105e+8,2.700,0.011,1.966,0.000
21762,2,"  2.321","  0.350",11/16,/core/www/modules//sdig/index.php?run_id=110202&search_id=114132&scans_id=110198&peptide_id=13234&scanf=21762&charge=2&value=11/16,sp|Q9BZZ5|API5_HUMAN,/core/www/modules//consensus/?run_id=110202&search_id=114132&scans_id=110198&peptide_id=13234&scanf=21762&charge=2&value=sp|Q9BZZ5|API5_HUMAN,1,/core/www/modules/match_peptides/blast_html4.php?run_id=110202&search_id=114132&scans_id=110198&peptide_id=13234&scanf=21762&charge=2&value=1,R.KLPDFLTAK.L,/core/www/modules/show_out/show_out_wrapper.php?run_id=110202&search_id=114132&scans_id=110198&peptide_id=13234&scanf=21762&charge=2&value=R.KLPDFLTAK.L,API5,6.241e+7,2.648,0.013,1.890,0.000
21764,2,"  1.718","  0.474",9/12,/core/www/modules//sdig/index.php?run_id=110202&search_id=114132&scans_id=110198&peptide_id=13236&scanf=21764&charge=2&value=9/12,sp|P62195|PRS8_HUMAN,/core/www/modules//consensus/?run_id=110202&search_id=114132&scans_id=110198&peptide_id=13236&scanf=21764&charge=2&value=sp|P62195|PRS8_HUMAN,3,/core/www/modules/match_peptides/blast_html4.php?run_id=110202&search_id=114132&scans_id=110198&peptide_id=13236&scanf=21764&charge=2&value=3,R.ELFVMAR.E,/core/www/modules/show_out/show_out_wrapper.php?run_id=110202&search_id=114132&scans_id=110198&peptide_id=13236&scanf=21764&charge=2&value=R.ELFVMAR.E,PSMC5,2.068e+7,3.534,0.001,3.198,0.000
21766,2,"  2.301","  0.406",13/18,/core/www/modules//sdig/index.php?run_id=110202&search_id=114132&scans_id=110198&peptide_id=13238&scanf=21766&charge=2&value=13/18,sp|Q12906|ILF3_HUMAN,/core/www/modules//consensus/?run_id=110202&search_id=114132&scans_id=110198&peptide_id=13238&scanf=21766&charge=2&value=sp|Q12906|ILF3_HUMAN,0,/core/www/modules/match_peptides/blast_html4.php?run_id=110202&search_id=114132&scans_id=110198&peptide_id=13238&scanf=21766&charge=2&value=0,K.AYAALAALEK.L,/core/www/modules/show_out/show_out_wrapper.php?run_id=110202&search_id=114132&scans_id=110198&peptide_id=13238&scanf=21766&charge=2&value=K.AYAALAALEK.L,ILF3,4.536e+8,2.929,0.005,2.303,0.000
21768,2,"  1.322","  0.218",7/12,/core/www/modules//sdig/index.php?run_id=110202&search_id=114132&scans_id=110198&peptide_id=13240&scanf=21768&charge=2&value=7/12,sp|P19367|HXK1_HUMAN,/core/www/modules//consensus/?run_id=110202&search_id=114132&scans_id=110198&peptide_id=13240&scanf=21768&charge=2&value=sp|P19367|HXK1_HUMAN,0,/core/www/modules/match_peptides/blast_html4.php?run_id=110202&search_id=114132&scans_id=110198&peptide_id=13240&scanf=21768&charge=2&value=0,K.MLPSFVR.R,/core/www/modules/show_out/show_out_wrapper.php?run_id=110202&search_id=114132&scans_id=110198&peptide_id=13240&scanf=21768&charge=2&value=K.MLPSFVR.R,HK1,1.414e+7,2.318,0.039,1.411,0.001
21771,3,"  2.248","  0.460",8/36,/core/www/modules//sdig/index.php?run_id=110202&search_id=114132&scans_id=110198&peptide_id=13243&scanf=21771&charge=3&value=8/36,sp|Q92878|RAD50_HUMAN,/core/www/modules//consensus/?run_id=110202&search_id=114132&scans_id=110198&peptide_id=13243&scanf=21771&charge=3&value=sp|Q92878|RAD50_HUMAN,2,/core/www/modules/match_peptides/blast_html4.php?run_id=110202&search_id=114132&scans_id=110198&peptide_id=13243&scanf=21771&charge=3&value=2,K.GYEEEIIHFK.K,/core/www/modules/show_out/show_out_wrapper.php?run_id=110202&search_id=114132&scans_id=110198&peptide_id=13243&scanf=21771&charge=3&value=K.GYEEEIIHFK.K,RAD50,2.026e+7,3.102,0.003,2.559,0.000
21775,2,"  3.419","  0.589",13/22,/core/www/modules//sdig/index.php?run_id=110202&search_id=114132&scans_id=110198&peptide_id=13247&scanf=21775&charge=2&value=13/22,sp|P50990|TCPQ_HUMAN,/core/www/modules//consensus/?run_id=110202&search_id=114132&scans_id=110198&peptide_id=13247&scanf=21775&charge=2&value=sp|P50990|TCPQ_HUMAN,0,/core/www/modules/match_peptides/blast_html4.php?run_id=110202&search_id=114132&scans_id=110198&peptide_id=13247&scanf=21775&charge=2&value=0,R.GSTDNLMDDIER.A,/core/www/modules/show_out/show_out_wrapper.php?run_id=110202&search_id=114132&scans_id=110198&peptide_id=13247&scanf=21775&charge=2&value=R.GSTDNLMDDIER.A,CCT8,3.345e+7,3.562,0.001,3.240,0.000
21777,2,"  5.065","  0.611",22/24,/core/www/modules//sdig/index.php?run_id=110202&search_id=114132&scans_id=110198&peptide_id=13249&scanf=21777&charge=2&value=22/24,sp|O60216|RAD21_HUMAN,/core/www/modules//consensus/?run_id=110202&search_id=114132&scans_id=110198&peptide_id=13249&scanf=21777&charge=2&value=sp|O60216|RAD21_HUMAN,1,/core/www/modules/match_peptides/blast_html4.php?run_id=110202&search_id=114132&scans_id=110198&peptide_id=13249&scanf=21777&charge=2&value=1,R.KGGEADNLDEFLK.E,/core/www/modules/show_out/show_out_wrapper.php?run_id=110202&search_id=114132&scans_id=110198&peptide_id=13249&scanf=21777&charge=2&value=R.KGGEADNLDEFLK.E,RAD21,8.946e+6,3.814,0.000,3.613,0.000
21779,3,"  3.197","  0.396",10/48,/core/www/modules//sdig/index.php?run_id=110202&search_id=114132&scans_id=110198&peptide_id=13251&scanf=21779&charge=3&value=10/48,sp|P09874|PARP1_HUMAN,/core/www/modules//consensus/?run_id=110202&search_id=114132&scans_id=110198&peptide_id=13251&scanf=21779&charge=3&value=sp|P09874|PARP1_HUMAN,4,/core/www/modules/match_peptides/blast_html4.php?run_id=110202&search_id=114132&scans_id=110198&peptide_id=13251&scanf=21779&charge=3&value=4,R.HPDVEVDGFSELR.W,/core/www/modules/show_out/show_out_wrapper.php?run_id=110202&search_id=114132&scans_id=110198&peptide_id=13251&scanf=21779&charge=3&value=R.HPDVEVDGFSELR.W,PARP1,8.410e+6,2.863,0.006,2.205,0.000
21780,3,"  2.125","  0.401",11/56,/core/www/modules//sdig/index.php?run_id=110202&search_id=114132&scans_id=110198&peptide_id=13253&scanf=21780&charge=3&value=11/56,sp|P78527|PRKDC_HUMAN,/core/www/modules//consensus/?run_id=110202&search_id=114132&scans_id=110198&peptide_id=13253&scanf=21780&charge=3&value=sp|P78527|PRKDC_HUMAN,0,/core/www/modules/match_peptides/blast_html4.php?run_id=110202&search_id=114132&scans_id=110198&peptide_id=13253&scanf=21780&charge=3&value=0,R.EQQHVM*EELFQSSFR.R,/core/www/modules/show_out/show_out_wrapper.php?run_id=110202&search_id=114132&scans_id=110198&peptide_id=13253&scanf=21780&charge=3&value=R.EQQHVM*EELFQSSFR.R,PRKDC,6.749e+6,3.417,0.001,3.025,0.000
21783,3,"  1.618","  0.306",8/36,/core/www/modules//sdig/index.php?run_id=110202&search_id=114132&scans_id=110198&peptide_id=13255&scanf=21783&charge=3&value=8/36,sp|Q92878|RAD50_HUMAN,/core/www/modules//consensus/?run_id=110202&search_id=114132&scans_id=110198&peptide_id=13255&scanf=21783&charge=3&value=sp|Q92878|RAD50_HUMAN,2,/core/www/modules/match_peptides/blast_html4.php?run_id=110202&search_id=114132&scans_id=110198&peptide_id=13255&scanf=21783&charge=3&value=2,K.GYEEEIIHFK.K,/core/www/modules/show_out/show_out_wrapper.php?run_id=110202&search_id=114132&scans_id=110198&peptide_id=13255&scanf=21783&charge=3&value=K.GYEEEIIHFK.K,RAD50,2.026e+7,2.549,0.018,1.745,0.000
21784,2,"  2.306","  0.367",9/14,/core/www/modules//sdig/index.php?run_id=110202&search_id=114132&scans_id=110198&peptide_id=13256&scanf=21784&charge=2&value=9/14,sp|Q8NFW8|NEUA_HUMAN,/core/www/modules//consensus/?run_id=110202&search_id=114132&scans_id=110198&peptide_id=13256&scanf=21784&charge=2&value=sp|Q8NFW8|NEUA_HUMAN,0,/core/www/modules/match_peptides/blast_html4.php?run_id=110202&search_id=114132&scans_id=110198&peptide_id=13256&scanf=21784&charge=2&value=0,K.LAVVDEWR.K,/core/www/modules/show_out/show_out_wrapper.php?run_id=110202&search_id=114132&scans_id=110198&peptide_id=13256&scanf=21784&charge=2&value=K.LAVVDEWR.K,CMAS,1.832e+7,2.992,0.004,2.396,0.000
21785,2,"  1.965","  0.230",9/14,/core/www/modules//sdig/index.php?run_id=110202&search_id=114132&scans_id=110198&peptide_id=13257&scanf=21785&charge=2&value=9/14,sp|Q5JTH9|RRP12_HUMAN,/core/www/modules//consensus/?run_id=110202&search_id=114132&scans_id=110198&peptide_id=13257&scanf=21785&charge=2&value=sp|Q5JTH9|RRP12_HUMAN,0,/core/www/modules/match_peptides/blast_html4.php?run_id=110202&search_id=114132&scans_id=110198&peptide_id=13257&scanf=21785&charge=2&value=0,R.KFGFELVK.R,/core/www/modules/show_out/show_out_wrapper.php?run_id=110202&search_id=114132&scans_id=110198&peptide_id=13257&scanf=21785&charge=2&value=R.KFGFELVK.R,RRP12,1.656e+7,2.242,0.050,1.304,0.002
21787,2,"  2.445","  0.408",11/18,/core/www/modules//sdig/index.php?run_id=110202&search_id=114132&scans_id=110198&peptide_id=13259&scanf=21787&charge=2&value=11/18,sp|Q02040|AK17A_HUMAN,/core/www/modules//consensus/?run_id=110202&search_id=114132&scans_id=110198&peptide_id=13259&scanf=21787&charge=2&value=sp|Q02040|AK17A_HUMAN,1,/core/www/modules/match_peptides/blast_html4.php?run_id=110202&search_id=114132&scans_id=110198&peptide_id=13259&scanf=21787&charge=2&value=1,K.SISNWEVMER.L,/core/www/modules/show_out/show_out_wrapper.php?run_id=110202&search_id=114132&scans_id=110198&peptide_id=13259&scanf=21787&charge=2&value=K.SISNWEVMER.L,AKAP17A,1.593e+7,2.966,0.004,2.358,0.000
21788,3,"  6.968","  0.726",27/100,/core/www/modules//sdig/index.php?run_id=110202&search_id=114132&scans_id=110198&peptide_id=13260&scanf=21788&charge=3&value=27/100,sp|Q14151|SAFB2_HUMAN,/core/www/modules//consensus/?run_id=110202&search_id=114132&scans_id=110198&peptide_id=13260&scanf=21788&charge=3&value=sp|Q14151|SAFB2_HUMAN,1,/core/www/modules/match_peptides/blast_html4.php?run_id=110202&search_id=114132&scans_id=110198&peptide_id=13260&scanf=21788&charge=3&value=1,K.SEPVKEESSELEQPFAQDTSSVGPDR.K,/core/www/modules/show_out/show_out_wrapper.php?run_id=110202&search_id=114132&scans_id=110198&peptide_id=13260&scanf=21788&charge=3&value=K.SEPVKEESSELEQPFAQDTSSVGPDR.K,SAFB2,8.379e+6,3.466,0.001,3.098,0.000
21790,2,"  1.505","  0.321",9/12,/core/www/modules//sdig/index.php?run_id=110202&search_id=114132&scans_id=110198&peptide_id=13263&scanf=21790&charge=2&value=9/12,sp|Q12789|TF3C1_HUMAN,/core/www/modules//consensus/?run_id=110202&search_id=114132&scans_id=110198&peptide_id=13263&scanf=21790&charge=2&value=sp|Q12789|TF3C1_HUMAN,0,/core/www/modules/match_peptides/blast_html4.php?run_id=110202&search_id=114132&scans_id=110198&peptide_id=13263&scanf=21790&charge=2&value=0,R.SLGFLPK.M,/core/www/modules/show_out/show_out_wrapper.php?run_id=110202&search_id=114132&scans_id=110198&peptide_id=13263&scanf=21790&charge=2&value=R.SLGFLPK.M,GTF3C1,1.064e+7,3.010,0.004,2.423,0.000
21791,2,"  2.515","  0.652",10/16,/core/www/modules//sdig/index.php?run_id=110202&search_id=114132&scans_id=110198&peptide_id=13264&scanf=21791&charge=2&value=10/16,sp|P84103|SRSF3_HUMAN,/core/www/modules//consensus/?run_id=110202&search_id=114132&scans_id=110198&peptide_id=13264&scanf=21791&charge=2&value=sp|P84103|SRSF3_HUMAN,1,/core/www/modules/match_peptides/blast_html4.php?run_id=110202&search_id=114132&scans_id=110198&peptide_id=13264&scanf=21791&charge=2&value=1,R.AFGYYGPLR.S,/core/www/modules/show_out/show_out_wrapper.php?run_id=110202&search_id=114132&scans_id=110198&peptide_id=13264&scanf=21791&charge=2&value=R.AFGYYGPLR.S,SRSF3,2.226e+8,3.855,0.000,3.675,0.000
21792,2,"  1.467","  0.112",7/12,/core/www/modules//sdig/index.php?run_id=110202&search_id=114132&scans_id=110198&peptide_id=13265&scanf=21792&charge=2&value=7/12,sp|Q9UPP1|PHF8_HUMAN,/core/www/modules//consensus/?run_id=110202&search_id=114132&scans_id=110198&peptide_id=13265&scanf=21792&charge=2&value=sp|Q9UPP1|PHF8_HUMAN,6,/core/www/modules/match_peptides/blast_html4.php?run_id=110202&search_id=114132&scans_id=110198&peptide_id=13265&scanf=21792&charge=2&value=6,K.ALNLAFR.A,/core/www/modules/show_out/show_out_wrapper.php?run_id=110202&search_id=114132&scans_id=110198&peptide_id=13265&scanf=21792&charge=2&value=K.ALNLAFR.A,PHF8,1.085e+7,1.986,0.111,0.953,0.005
21793,3,"  2.961","  0.415",15/36,/core/www/modules//sdig/index.php?run_id=110202&search_id=114132&scans_id=110198&peptide_id=13266&scanf=21793&charge=3&value=15/36,sp|Q9UK58|CCNL1_HUMAN,/core/www/modules//consensus/?run_id=110202&search_id=114132&scans_id=110198&peptide_id=13266&scanf=21793&charge=3&value=sp|Q9UK58|CCNL1_HUMAN,0,/core/www/modules/match_peptides/blast_html4.php?run_id=110202&search_id=114132&scans_id=110198&peptide_id=13266&scanf=21793&charge=3&value=0,R.DVINVFHHLR.Q,/core/www/modules/show_out/show_out_wrapper.php?run_id=110202&search_id=114132&scans_id=110198&peptide_id=13266&scanf=21793&charge=3&value=R.DVINVFHHLR.Q,CCNL1,7.399e+6,3.192,0.002,2.692,0.000
21795,2,"  1.739","  0.198",8/14,/core/www/modules//sdig/index.php?run_id=110202&search_id=114132&scans_id=110198&peptide_id=13268&scanf=21795&charge=2&value=8/14,sp|Q96SI9|STRBP_HUMAN,/core/www/modules//consensus/?run_id=110202&search_id=114132&scans_id=110198&peptide_id=13268&scanf=21795&charge=2&value=sp|Q96SI9|STRBP_HUMAN,0,/core/www/modules/match_peptides/blast_html4.php?run_id=110202&search_id=114132&scans_id=110198&peptide_id=13268&scanf=21795&charge=2&value=0,R.VPTWAPLK.G,/core/www/modules/show_out/show_out_wrapper.php?run_id=110202&search_id=114132&scans_id=110198&peptide_id=13268&scanf=21795&charge=2&value=R.VPTWAPLK.G,STRBP,6.967e+6,2.152,0.066,1.178,0.002
21796,2,"  3.517","  0.489",15/26,/core/www/modules//sdig/index.php?run_id=110202&search_id=114132&scans_id=110198&peptide_id=13269&scanf=21796&charge=2&value=15/26,sp|Q6P2Q9|PRP8_HUMAN,/core/www/modules//consensus/?run_id=110202&search_id=114132&scans_id=110198&peptide_id=13269&scanf=21796&charge=2&value=sp|Q6P2Q9|PRP8_HUMAN,0,/core/www/modules/match_peptides/blast_html4.php?run_id=110202&search_id=114132&scans_id=110198&peptide_id=13269&scanf=21796&charge=2&value=0,K.NNVNVASLTQSEIR.D,/core/www/modules/show_out/show_out_wrapper.php?run_id=110202&search_id=114132&scans_id=110198&peptide_id=13269&scanf=21796&charge=2&value=K.NNVNVASLTQSEIR.D,PRPF8,1.113e+7,3.389,0.001,2.984,0.000
21798,3,"  1.651","  0.459",20/72,/core/www/modules//sdig/index.php?run_id=110202&search_id=114132&scans_id=110198&peptide_id=13271&scanf=21798&charge=3&value=20/72,sp|P31943|HNRH1_HUMAN,/core/www/modules//consensus/?run_id=110202&search_id=114132&scans_id=110198&peptide_id=13271&scanf=21798&charge=3&value=sp|P31943|HNRH1_HUMAN,14,/core/www/modules/match_peptides/blast_html4.php?run_id=110202&search_id=114132&scans_id=110198&peptide_id=13271&scanf=21798&charge=3&value=14,R.EGRPSGEAFVELESEDEVK.L,/core/www/modules/show_out/show_out_wrapper.php?run_id=110202&search_id=114132&scans_id=110198&peptide_id=13271&scanf=21798&charge=3&value=R.EGRPSGEAFVELESEDEVK.L,HNRNPH1,1.791e+7,2.820,0.007,2.143,0.000
21801,2,"  3.998","  0.615",14/24,/core/www/modules//sdig/index.php?run_id=110202&search_id=114132&scans_id=110198&peptide_id=13275&scanf=21801&charge=2&value=14/24,sp|O00567|NOP56_HUMAN,/core/www/modules//consensus/?run_id=110202&search_id=114132&scans_id=110198&peptide_id=13275&scanf=21801&charge=2&value=sp|O00567|NOP56_HUMAN,3,/core/www/modules/match_peptides/blast_html4.php?run_id=110202&search_id=114132&scans_id=110198&peptide_id=13275&scanf=21801&charge=2&value=3,K.YPASTVQILGAEK.A,/core/www/modules/show_out/show_out_wrapper.php?run_id=110202&search_id=114132&scans_id=110198&peptide_id=13275&scanf=21801&charge=2&value=K.YPASTVQILGAEK.A,NOP56,6.341e+7,3.671,0.000,3.402,0.000
21803,2,"  2.205","  0.423",11/18,/core/www/modules//sdig/index.php?run_id=110202&search_id=114132&scans_id=110198&peptide_id=13276&scanf=21803&charge=2&value=11/18,sp|Q12906|ILF3_HUMAN,/core/www/modules//consensus/?run_id=110202&search_id=114132&scans_id=110198&peptide_id=13276&scanf=21803&charge=2&value=sp|Q12906|ILF3_HUMAN,0,/core/www/modules/match_peptides/blast_html4.php?run_id=110202&search_id=114132&scans_id=110198&peptide_id=13276&scanf=21803&charge=2&value=0,K.AYAALAALEK.L,/core/www/modules/show_out/show_out_wrapper.php?run_id=110202&search_id=114132&scans_id=110198&peptide_id=13276&scanf=21803&charge=2&value=K.AYAALAALEK.L,ILF3,4.536e+8,3.196,0.002,2.698,0.000
21804,2,"  2.106","  0.404",9/16,/core/www/modules//sdig/index.php?run_id=110202&search_id=114132&scans_id=110198&peptide_id=13277&scanf=21804&charge=2&value=9/16,sp|O14579|COPE_HUMAN,/core/www/modules//consensus/?run_id=110202&search_id=114132&scans_id=110198&peptide_id=13277&scanf=21804&charge=2&value=sp|O14579|COPE_HUMAN,1,/core/www/modules/match_peptides/blast_html4.php?run_id=110202&search_id=114132&scans_id=110198&peptide_id=13277&scanf=21804&charge=2&value=1,R.DSIVAELDR.E,/core/www/modules/show_out/show_out_wrapper.php?run_id=110202&search_id=114132&scans_id=110198&peptide_id=13277&scanf=21804&charge=2&value=R.DSIVAELDR.E,COPE,1.416e+7,2.847,0.007,2.183,0.000
21806,2,"  2.067","  0.300",10/12,/core/www/modules//sdig/index.php?run_id=110202&search_id=114132&scans_id=110198&peptide_id=13279&scanf=21806&charge=2&value=10/12,sp|Q00610|CLH1_HUMAN,/core/www/modules//consensus/?run_id=110202&search_id=114132&scans_id=110198&peptide_id=13279&scanf=21806&charge=2&value=sp|Q00610|CLH1_HUMAN,12,/core/www/modules/match_peptides/blast_html4.php?run_id=110202&search_id=114132&scans_id=110198&peptide_id=13279&scanf=21806&charge=2&value=12,R.IAAYLFK.G,/core/www/modules/show_out/show_out_wrapper.php?run_id=110202&search_id=114132&scans_id=110198&peptide_id=13279&scanf=21806&charge=2&value=R.IAAYLFK.G,CLTC,7.576e+6,3.063,0.003,2.501,0.000
21807,2,"  3.667","  0.498",13/24,/core/www/modules//sdig/index.php?run_id=110202&search_id=114132&scans_id=110198&peptide_id=13280&scanf=21807&charge=2&value=13/24,sp|O60563|CCNT1_HUMAN,/core/www/modules//consensus/?run_id=110202&search_id=114132&scans_id=110198&peptide_id=13280&scanf=21807&charge=2&value=sp|O60563|CCNT1_HUMAN,1,/core/www/modules/match_peptides/blast_html4.php?run_id=110202&search_id=114132&scans_id=110198&peptide_id=13280&scanf=21807&charge=2&value=1,R.QQAANLLQDMGQR.L,/core/www/modules/show_out/show_out_wrapper.php?run_id=110202&search_id=114132&scans_id=110198&peptide_id=13280&scanf=21807&charge=2&value=R.QQAANLLQDMGQR.L,CCNT1,7.501e+6,3.069,0.003,2.510,0.000
21809,2,"  2.992","  0.409",12/16,/core/www/modules//sdig/index.php?run_id=110202&search_id=114132&scans_id=110198&peptide_id=13282&scanf=21809&charge=2&value=12/16,sp|P11940|PABP1_HUMAN,/core/www/modules//consensus/?run_id=110202&search_id=114132&scans_id=110198&peptide_id=13282&scanf=21809&charge=2&value=sp|P11940|PABP1_HUMAN,14,/core/www/modules/match_peptides/blast_html4.php?run_id=110202&search_id=114132&scans_id=110198&peptide_id=13282&scanf=21809&charge=2&value=14,K.SGVGNIFIK.N,/core/www/modules/show_out/show_out_wrapper.php?run_id=110202&search_id=114132&scans_id=110198&peptide_id=13282&scanf=21809&charge=2&value=K.SGVGNIFIK.N,PABPC1,2.190e+7,3.285,0.001,2.829,0.000
21810,3,"  4.158","  0.486",14/52,/core/www/modules//sdig/index.php?run_id=110202&search_id=114132&scans_id=110198&peptide_id=13284&scanf=21810&charge=3&value=14/52,sp|Q15008|PSMD6_HUMAN,/core/www/modules//consensus/?run_id=110202&search_id=114132&scans_id=110198&peptide_id=13284&scanf=21810&charge=3&value=sp|Q15008|PSMD6_HUMAN,1,/core/www/modules/match_peptides/blast_html4.php?run_id=110202&search_id=114132&scans_id=110198&peptide_id=13284&scanf=21810&charge=3&value=1,R.GDAAVRDELMAAVR.D,/core/www/modules/show_out/show_out_wrapper.php?run_id=110202&search_id=114132&scans_id=110198&peptide_id=13284&scanf=21810&charge=3&value=R.GDAAVRDELMAAVR.D,PSMD6,6.549e+6,2.826,0.007,2.151,0.000
21812,2,"  4.636","  0.561",19/20,/core/www/modules//sdig/index.php?run_id=110202&search_id=114132&scans_id=110198&peptide_id=13286&scanf=21812&charge=2&value=19/20,sp|P42704|LPPRC_HUMAN,/core/www/modules//consensus/?run_id=110202&search_id=114132&scans_id=110198&peptide_id=13286&scanf=21812&charge=2&value=sp|P42704|LPPRC_HUMAN,13,/core/www/modules/match_peptides/blast_html4.php?run_id=110202&search_id=114132&scans_id=110198&peptide_id=13286&scanf=21812&charge=2&value=13,K.KGAYDIFLNAK.E,/core/www/modules/show_out/show_out_wrapper.php?run_id=110202&search_id=114132&scans_id=110198&peptide_id=13286&scanf=21812&charge=2&value=K.KGAYDIFLNAK.E,LRPPRC,9.165e+6,3.792,0.000,3.582,0.000
21821,2,"  4.732","  0.697",19/24,/core/www/modules//sdig/index.php?run_id=110202&search_id=114132&scans_id=110198&peptide_id=13296&scanf=21821&charge=2&value=19/24,sp|Q1KMD3|HNRL2_HUMAN,/core/www/modules//consensus/?run_id=110202&search_id=114132&scans_id=110198&peptide_id=13296&scanf=21821&charge=2&value=sp|Q1KMD3|HNRL2_HUMAN,1,/core/www/modules/match_peptides/blast_html4.php?run_id=110202&search_id=114132&scans_id=110198&peptide_id=13296&scanf=21821&charge=2&value=1,R.KVVVVVPNEEDWK.K,/core/www/modules/show_out/show_out_wrapper.php?run_id=110202&search_id=114132&scans_id=110198&peptide_id=13296&scanf=21821&charge=2&value=R.KVVVVVPNEEDWK.K,HNRNPUL2,5.667e+6,3.973,0.000,3.849,0.000
21824,2,"  1.854","  0.226",9/16,/core/www/modules//sdig/index.php?run_id=110202&search_id=114132&scans_id=110198&peptide_id=13298&scanf=21824&charge=2&value=9/16,sp|O60506|HNRPQ_HUMAN,/core/www/modules//consensus/?run_id=110202&search_id=114132&scans_id=110198&peptide_id=13298&scanf=21824&charge=2&value=sp|O60506|HNRPQ_HUMAN,8,/core/www/modules/match_peptides/blast_html4.php?run_id=110202&search_id=114132&scans_id=110198&peptide_id=13298&scanf=21824&charge=2&value=8,K.EQILEEFSK.V,/core/www/modules/show_out/show_out_wrapper.php?run_id=110202&search_id=114132&scans_id=110198&peptide_id=13298&scanf=21824&charge=2&value=K.EQILEEFSK.V,SYNCRIP,5.609e+7,2.364,0.033,1.478,0.001
21825,2,"  1.606","  0.275",8/12,/core/www/modules//sdig/index.php?run_id=110202&search_id=114132&scans_id=110198&peptide_id=13299&scanf=21825&charge=2&value=8/12,sp|O95104|SCAF4_HUMAN,/core/www/modules//consensus/?run_id=110202&search_id=114132&scans_id=110198&peptide_id=13299&scanf=21825&charge=2&value=sp|O95104|SCAF4_HUMAN,2,/core/www/modules/match_peptides/blast_html4.php?run_id=110202&search_id=114132&scans_id=110198&peptide_id=13299&scanf=21825&charge=2&value=2,R.VLNLWQK.N,/core/www/modules/show_out/show_out_wrapper.php?run_id=110202&search_id=114132&scans_id=110198&peptide_id=13299&scanf=21825&charge=2&value=R.VLNLWQK.N,SCAF4,2.337e+7,2.586,0.016,1.800,0.000
21826,2,"  1.254","  0.151",7/12,/core/www/modules//sdig/index.php?run_id=110202&search_id=114132&scans_id=110198&peptide_id=13300&scanf=21826&charge=2&value=7/12,sp|P61313|RL15_HUMAN,/core/www/modules//consensus/?run_id=110202&search_id=114132&scans_id=110198&peptide_id=13300&scanf=21826&charge=2&value=sp|P61313|RL15_HUMAN,5,/core/www/modules/match_peptides/blast_html4.php?run_id=110202&search_id=114132&scans_id=110198&peptide_id=13300&scanf=21826&charge=2&value=5,K.YIQELWR.K,/core/www/modules/show_out/show_out_wrapper.php?run_id=110202&search_id=114132&scans_id=110198&peptide_id=13300&scanf=21826&charge=2&value=K.YIQELWR.K,RPL15,7.419e+7,2.133,0.070,1.152,0.002
21827,2,"  3.180","  0.505",11/20,/core/www/modules//sdig/index.php?run_id=110202&search_id=114132&scans_id=110198&peptide_id=13301&scanf=21827&charge=2&value=11/20,sp|Q14011|CIRBP_HUMAN,/core/www/modules//consensus/?run_id=110202&search_id=114132&scans_id=110198&peptide_id=13301&scanf=21827&charge=2&value=sp|Q14011|CIRBP_HUMAN,10,/core/www/modules/match_peptides/blast_html4.php?run_id=110202&search_id=114132&scans_id=110198&peptide_id=13301&scanf=21827&charge=2&value=10,K.YGQISEVVVVK.D,/core/www/modules/show_out/show_out_wrapper.php?run_id=110202&search_id=114132&scans_id=110198&peptide_id=13301&scanf=21827&charge=2&value=K.YGQISEVVVVK.D,CIRBP,1.143e+7,3.187,0.002,2.684,0.000
21829,2,"  3.297","  0.180",18/24,/core/www/modules//sdig/index.php?run_id=110202&search_id=114132&scans_id=110198&peptide_id=13303&scanf=21829&charge=2&value=18/24,sp|Q16698|DECR_HUMAN,/core/www/modules//consensus/?run_id=110202&search_id=114132&scans_id=110198&peptide_id=13303&scanf=21829&charge=2&value=sp|Q16698|DECR_HUMAN,4,/core/www/modules/match_peptides/blast_html4.php?run_id=110202&search_id=114132&scans_id=110198&peptide_id=13303&scanf=21829&charge=2&value=4,K.VAFITGGGTGLGK.G,/core/www/modules/show_out/show_out_wrapper.php?run_id=110202&search_id=114132&scans_id=110198&peptide_id=13303&scanf=21829&charge=2&value=K.VAFITGGGTGLGK.G,DECR1,2.491e+7,2.387,0.031,1.511,0.001
21830,2,"  3.135","  0.569",11/18,/core/www/modules//sdig/index.php?run_id=110202&search_id=114132&scans_id=110198&peptide_id=13305&scanf=21830&charge=2&value=11/18,sp|O60264|SMCA5_HUMAN,/core/www/modules//consensus/?run_id=110202&search_id=114132&scans_id=110198&peptide_id=13305&scanf=21830&charge=2&value=sp|O60264|SMCA5_HUMAN,3,/core/www/modules/match_peptides/blast_html4.php?run_id=110202&search_id=114132&scans_id=110198&peptide_id=13305&scanf=21830&charge=2&value=3,K.ANYAVDAYFR.E,/core/www/modules/show_out/show_out_wrapper.php?run_id=110202&search_id=114132&scans_id=110198&peptide_id=13305&scanf=21830&charge=2&value=K.ANYAVDAYFR.E,SMARCA5,1.019e+7,3.724,0.000,3.480,0.000
21834,2,"  2.226","  0.285",11/18,/core/www/modules//sdig/index.php?run_id=110202&search_id=114132&scans_id=110198&peptide_id=13309&scanf=21834&charge=2&value=11/18,sp|Q9GZS3|SKI8_HUMAN,/core/www/modules//consensus/?run_id=110202&search_id=114132&scans_id=110198&peptide_id=13309&scanf=21834&charge=2&value=sp|Q9GZS3|SKI8_HUMAN,3,/core/www/modules/match_peptides/blast_html4.php?run_id=110202&search_id=114132&scans_id=110198&peptide_id=13309&scanf=21834&charge=2&value=3,K.VNIFGVESGK.K,/core/www/modules/show_out/show_out_wrapper.php?run_id=110202&search_id=114132&scans_id=110198&peptide_id=13309&scanf=21834&charge=2&value=K.VNIFGVESGK.K,SKIC8,4.856e+6,2.554,0.018,1.753,0.000
21835,3,"  5.560","  0.534",17/60,/core/www/modules//sdig/index.php?run_id=110202&search_id=114132&scans_id=110198&peptide_id=13310&scanf=21835&charge=3&value=17/60,sp|Q13315|ATM_HUMAN,/core/www/modules//consensus/?run_id=110202&search_id=114132&scans_id=110198&peptide_id=13310&scanf=21835&charge=3&value=sp|Q13315|ATM_HUMAN,0,/core/www/modules/match_peptides/blast_html4.php?run_id=110202&search_id=114132&scans_id=110198&peptide_id=13310&scanf=21835&charge=3&value=0,R.STTPANLDSESEHFFR.C,/core/www/modules/show_out/show_out_wrapper.php?run_id=110202&search_id=114132&scans_id=110198&peptide_id=13310&scanf=21835&charge=3&value=R.STTPANLDSESEHFFR.C,ATM,4.405e+6,3.395,0.001,2.993,0.000
21837,3,"  4.164","  0.522",17/68,/core/www/modules//sdig/index.php?run_id=110202&search_id=114132&scans_id=110198&peptide_id=13312&scanf=21837&charge=3&value=17/68,sp|Q92945|FUBP2_HUMAN,/core/www/modules//consensus/?run_id=110202&search_id=114132&scans_id=110198&peptide_id=13312&scanf=21837&charge=3&value=sp|Q92945|FUBP2_HUMAN,3,/core/www/modules/match_peptides/blast_html4.php?run_id=110202&search_id=114132&scans_id=110198&peptide_id=13312&scanf=21837&charge=3&value=3,K.MILIQDGSQNTNVDKPLR.I,/core/www/modules/show_out/show_out_wrapper.php?run_id=110202&search_id=114132&scans_id=110198&peptide_id=13312&scanf=21837&charge=3&value=K.MILIQDGSQNTNVDKPLR.I,KHSRP,4.893e+6,3.124,0.003,2.592,0.000
21838,2,"  3.851","  0.584",16/32,/core/www/modules//sdig/index.php?run_id=110202&search_id=114132&scans_id=110198&peptide_id=13313&scanf=21838&charge=2&value=16/32,sp|Q9Y6M1|IF2B2_HUMAN,/core/www/modules//consensus/?run_id=110202&search_id=114132&scans_id=110198&peptide_id=13313&scanf=21838&charge=2&value=sp|Q9Y6M1|IF2B2_HUMAN,1,/core/www/modules/match_peptides/blast_html4.php?run_id=110202&search_id=114132&scans_id=110198&peptide_id=13313&scanf=21838&charge=2&value=1,K.ISYIPDEEVSSPSPPQR.A,/core/www/modules/show_out/show_out_wrapper.php?run_id=110202&search_id=114132&scans_id=110198&peptide_id=13313&scanf=21838&charge=2&value=K.ISYIPDEEVSSPSPPQR.A,IGF2BP2,5.722e+6,3.212,0.002,2.722,0.000
21839,2,"  2.469","  0.426",11/20,/core/www/modules//sdig/index.php?run_id=110202&search_id=114132&scans_id=110198&peptide_id=13314&scanf=21839&charge=2&value=11/20,sp|P09874|PARP1_HUMAN,/core/www/modules//consensus/?run_id=110202&search_id=114132&scans_id=110198&peptide_id=13314&scanf=21839&charge=2&value=sp|P09874|PARP1_HUMAN,3,/core/www/modules/match_peptides/blast_html4.php?run_id=110202&search_id=114132&scans_id=110198&peptide_id=13314&scanf=21839&charge=2&value=3,K.TLGDFAAEYAK.S,/core/www/modules/show_out/show_out_wrapper.php?run_id=110202&search_id=114132&scans_id=110198&peptide_id=13314&scanf=21839&charge=2&value=K.TLGDFAAEYAK.S,PARP1,4.581e+7,3.014,0.004,2.428,0.000
21845,2,"  1.968","  0.416",10/14,/core/www/modules//sdig/index.php?run_id=110202&search_id=114132&scans_id=110198&peptide_id=13320&scanf=21845&charge=2&value=10/14,sp|P38919|IF4A3_HUMAN,/core/www/modules//consensus/?run_id=110202&search_id=114132&scans_id=110198&peptide_id=13320&scanf=21845&charge=2&value=sp|P38919|IF4A3_HUMAN,1,/core/www/modules/match_peptides/blast_html4.php?run_id=110202&search_id=114132&scans_id=110198&peptide_id=13320&scanf=21845&charge=2&value=1,K.QFFVAVER.E,/core/www/modules/show_out/show_out_wrapper.php?run_id=110202&search_id=114132&scans_id=110198&peptide_id=13320&scanf=21845&charge=2&value=K.QFFVAVER.E,EIF4A3,3.888e+7,3.230,0.002,2.748,0.000
21846,2,"  3.026","  0.603",12/20,/core/www/modules//sdig/index.php?run_id=110202&search_id=114132&scans_id=110198&peptide_id=13321&scanf=21846&charge=2&value=12/20,sp|P14866|HNRPL_HUMAN,/core/www/modules//consensus/?run_id=110202&search_id=114132&scans_id=110198&peptide_id=13321&scanf=21846&charge=2&value=sp|P14866|HNRPL_HUMAN,4,/core/www/modules/match_peptides/blast_html4.php?run_id=110202&search_id=114132&scans_id=110198&peptide_id=13321&scanf=21846&charge=2&value=4,R.SSSGLLEWESK.S,/core/www/modules/show_out/show_out_wrapper.php?run_id=110202&search_id=114132&scans_id=110198&peptide_id=13321&scanf=21846&charge=2&value=R.SSSGLLEWESK.S,HNRNPL,1.787e+8,3.741,0.000,3.505,0.000
21847,3,"  6.269","  0.672",23/72,/core/www/modules//sdig/index.php?run_id=110202&search_id=114132&scans_id=110198&peptide_id=13322&scanf=21847&charge=3&value=23/72,sp|Q99459|CDC5L_HUMAN,/core/www/modules//consensus/?run_id=110202&search_id=114132&scans_id=110198&peptide_id=13322&scanf=21847&charge=3&value=sp|Q99459|CDC5L_HUMAN,0,/core/www/modules/match_peptides/blast_html4.php?run_id=110202&search_id=114132&scans_id=110198&peptide_id=13322&scanf=21847&charge=3&value=0,K.GGLNTPLHESDFSGVTPQR.Q,/core/www/modules/show_out/show_out_wrapper.php?run_id=110202&search_id=114132&scans_id=110198&peptide_id=13322&scanf=21847&charge=3&value=K.GGLNTPLHESDFSGVTPQR.Q,CDC5L,9.742e+6,3.825,0.000,3.630,0.000
21848,2,"  3.651","  0.624",16/24,/core/www/modules//sdig/index.php?run_id=110202&search_id=114132&scans_id=110198&peptide_id=13323&scanf=21848&charge=2&value=16/24,sp|Q15029|U5S1_HUMAN,/core/www/modules//consensus/?run_id=110202&search_id=114132&scans_id=110198&peptide_id=13323&scanf=21848&charge=2&value=sp|Q15029|U5S1_HUMAN,2,/core/www/modules/match_peptides/blast_html4.php?run_id=110202&search_id=114132&scans_id=110198&peptide_id=13323&scanf=21848&charge=2&value=2,K.ILDAVVAQEPLHR.G,/core/www/modules/show_out/show_out_wrapper.php?run_id=110202&search_id=114132&scans_id=110198&peptide_id=13323&scanf=21848&charge=2&value=K.ILDAVVAQEPLHR.G,EFTUD2,8.813e+6,3.812,0.000,3.611,0.000
21849,2,"  2.149","  0.363",10/16,/core/www/modules//sdig/index.php?run_id=110202&search_id=114132&scans_id=110198&peptide_id=13324&scanf=21849&charge=2&value=10/16,sp|Q92841|DDX17_HUMAN,/core/www/modules//consensus/?run_id=110202&search_id=114132&scans_id=110198&peptide_id=13324&scanf=21849&charge=2&value=sp|Q92841|DDX17_HUMAN,2,/core/www/modules/match_peptides/blast_html4.php?run_id=110202&search_id=114132&scans_id=110198&peptide_id=13324&scanf=21849&charge=2&value=2,K.KWDLSELPK.F,/core/www/modules/show_out/show_out_wrapper.php?run_id=110202&search_id=114132&scans_id=110198&peptide_id=13324&scanf=21849&charge=2&value=K.KWDLSELPK.F,DDX17,8.254e+6,2.662,0.012,1.911,0.000
21850,2,"  3.412","  0.632",14/22,/core/www/modules//sdig/index.php?run_id=110202&search_id=114132&scans_id=110198&peptide_id=13326&scanf=21850&charge=2&value=14/22,sp|Q9HAV4|XPO5_HUMAN,/core/www/modules//consensus/?run_id=110202&search_id=114132&scans_id=110198&peptide_id=13326&scanf=21850&charge=2&value=sp|Q9HAV4|XPO5_HUMAN,0,/core/www/modules/match_peptides/blast_html4.php?run_id=110202&search_id=114132&scans_id=110198&peptide_id=13326&scanf=21850&charge=2&value=0,R.DIQQTLTQNMER.I,/core/www/modules/show_out/show_out_wrapper.php?run_id=110202&search_id=114132&scans_id=110198&peptide_id=13326&scanf=21850&charge=2&value=R.DIQQTLTQNMER.I,XPO5,5.539e+6,3.758,0.000,3.530,0.000
21851,3,"  3.423","  0.560",14/68,/core/www/modules//sdig/index.php?run_id=110202&search_id=114132&scans_id=110198&peptide_id=13327&scanf=21851&charge=3&value=14/68,sp|Q92945|FUBP2_HUMAN,/core/www/modules//consensus/?run_id=110202&search_id=114132&scans_id=110198&peptide_id=13327&scanf=21851&charge=3&value=sp|Q92945|FUBP2_HUMAN,3,/core/www/modules/match_peptides/blast_html4.php?run_id=110202&search_id=114132&scans_id=110198&peptide_id=13327&scanf=21851&charge=3&value=3,K.MILIQDGSQNTNVDKPLR.I,/core/www/modules/show_out/show_out_wrapper.php?run_id=110202&search_id=114132&scans_id=110198&peptide_id=13327&scanf=21851&charge=3&value=K.MILIQDGSQNTNVDKPLR.I,KHSRP,4.893e+6,3.142,0.002,2.618,0.000
21852,2,"  3.024","  0.593",11/18,/core/www/modules//sdig/index.php?run_id=110202&search_id=114132&scans_id=110198&peptide_id=13328&scanf=21852&charge=2&value=11/18,sp|Q96ST3|SIN3A_HUMAN,/core/www/modules//consensus/?run_id=110202&search_id=114132&scans_id=110198&peptide_id=13328&scanf=21852&charge=2&value=sp|Q96ST3|SIN3A_HUMAN,0,/core/www/modules/match_peptides/blast_html4.php?run_id=110202&search_id=114132&scans_id=110198&peptide_id=13328&scanf=21852&charge=2&value=0,R.SAEAYENFLR.C,/core/www/modules/show_out/show_out_wrapper.php?run_id=110202&search_id=114132&scans_id=110198&peptide_id=13328&scanf=21852&charge=2&value=R.SAEAYENFLR.C,SIN3A,3.550e+6,3.594,0.001,3.287,0.000
21854,3,"  5.125","  0.563",24/64,/core/www/modules//sdig/index.php?run_id=110202&search_id=114132&scans_id=110198&peptide_id=13330&scanf=21854&charge=3&value=24/64,sp|O43707|ACTN4_HUMAN,/core/www/modules//consensus/?run_id=110202&search_id=114132&scans_id=110198&peptide_id=13330&scanf=21854&charge=3&value=sp|O43707|ACTN4_HUMAN,3,/core/www/modules/match_peptides/blast_html4.php?run_id=110202&search_id=114132&scans_id=110198&peptide_id=13330&scanf=21854&charge=3&value=3,K.MVSDINNGWQHLEQAEK.G,/core/www/modules/show_out/show_out_wrapper.php?run_id=110202&search_id=114132&scans_id=110198&peptide_id=13330&scanf=21854&charge=3&value=K.MVSDINNGWQHLEQAEK.G,ACTN4,2.813e+7,3.850,0.000,3.667,0.000
21857,2,"  2.828","  0.491",15/24,/core/www/modules//sdig/index.php?run_id=110202&search_id=114132&scans_id=110198&peptide_id=13333&scanf=21857&charge=2&value=15/24,sp|Q9NU22|MDN1_HUMAN,/core/www/modules//consensus/?run_id=110202&search_id=114132&scans_id=110198&peptide_id=13333&scanf=21857&charge=2&value=sp|Q9NU22|MDN1_HUMAN,0,/core/www/modules/match_peptides/blast_html4.php?run_id=110202&search_id=114132&scans_id=110198&peptide_id=13333&scanf=21857&charge=2&value=0,R.ILATMNPGGDFGK.K,/core/www/modules/show_out/show_out_wrapper.php?run_id=110202&search_id=114132&scans_id=110198&peptide_id=13333&scanf=21857&charge=2&value=R.ILATMNPGGDFGK.K,MDN1,8.105e+6,3.459,0.001,3.088,0.000
21858,2,"  3.808","  0.620",17/24,/core/www/modules//sdig/index.php?run_id=110202&search_id=114132&scans_id=110198&peptide_id=13334&scanf=21858&charge=2&value=17/24,sp|P09874|PARP1_HUMAN,/core/www/modules//consensus/?run_id=110202&search_id=114132&scans_id=110198&peptide_id=13334&scanf=21858&charge=2&value=sp|P09874|PARP1_HUMAN,4,/core/www/modules/match_peptides/blast_html4.php?run_id=110202&search_id=114132&scans_id=110198&peptide_id=13334&scanf=21858&charge=2&value=4,R.HPDVEVDGFSELR.W,/core/www/modules/show_out/show_out_wrapper.php?run_id=110202&search_id=114132&scans_id=110198&peptide_id=13334&scanf=21858&charge=2&value=R.HPDVEVDGFSELR.W,PARP1,5.952e+6,3.898,0.000,3.739,0.000
21861,3,"  3.940","  0.523",16/60,/core/www/modules//sdig/index.php?run_id=110202&search_id=114132&scans_id=110198&peptide_id=13338&scanf=21861&charge=3&value=16/60,sp|P33993|MCM7_HUMAN,/core/www/modules//consensus/?run_id=110202&search_id=114132&scans_id=110198&peptide_id=13338&scanf=21861&charge=3&value=sp|P33993|MCM7_HUMAN,0,/core/www/modules/match_peptides/blast_html4.php?run_id=110202&search_id=114132&scans_id=110198&peptide_id=13338&scanf=21861&charge=3&value=0,K.LAASIAPEIYGHEDVK.K,/core/www/modules/show_out/show_out_wrapper.php?run_id=110202&search_id=114132&scans_id=110198&peptide_id=13338&scanf=21861&charge=3&value=K.LAASIAPEIYGHEDVK.K,MCM7,4.505e+6,3.261,0.002,2.795,0.000
21863,2,"  4.132","  0.729",16/24,/core/www/modules//sdig/index.php?run_id=110202&search_id=114132&scans_id=110198&peptide_id=13340&scanf=21863&charge=2&value=16/24,sp|P27635|RL10_HUMAN,/core/www/modules//consensus/?run_id=110202&search_id=114132&scans_id=110198&peptide_id=13340&scanf=21863&charge=2&value=sp|P27635|RL10_HUMAN,2,/core/www/modules/match_peptides/blast_html4.php?run_id=110202&search_id=114132&scans_id=110198&peptide_id=13340&scanf=21863&charge=2&value=2,K.FNADEFEDM*VAEK.R,/core/www/modules/show_out/show_out_wrapper.php?run_id=110202&search_id=114132&scans_id=110198&peptide_id=13340&scanf=21863&charge=2&value=K.FNADEFEDM*VAEK.R,RPL10,5.567e+6,4.072,0.000,3.996,0.000
21866,2,"  1.918","  0.331",8/14,/core/www/modules//sdig/index.php?run_id=110202&search_id=114132&scans_id=110198&peptide_id=13342&scanf=21866&charge=2&value=8/14,sp|Q7L014|DDX46_HUMAN,/core/www/modules//consensus/?run_id=110202&search_id=114132&scans_id=110198&peptide_id=13342&scanf=21866&charge=2&value=sp|Q7L014|DDX46_HUMAN,1,/core/www/modules/match_peptides/blast_html4.php?run_id=110202&search_id=114132&scans_id=110198&peptide_id=13342&scanf=21866&charge=2&value=1,R.DSIINDFK.N,/core/www/modules/show_out/show_out_wrapper.php?run_id=110202&search_id=114132&scans_id=110198&peptide_id=13342&scanf=21866&charge=2&value=R.DSIINDFK.N,DDX46,9.136e+6,2.708,0.011,1.978,0.000
21867,2,"  2.154","  0.402",9/12,/core/www/modules//sdig/index.php?run_id=110202&search_id=114132&scans_id=110198&peptide_id=13343&scanf=21867&charge=2&value=9/12,sp|P07237|PDIA1_HUMAN,/core/www/modules//consensus/?run_id=110202&search_id=114132&scans_id=110198&peptide_id=13343&scanf=21867&charge=2&value=sp|P07237|PDIA1_HUMAN,18,/core/www/modules/match_peptides/blast_html4.php?run_id=110202&search_id=114132&scans_id=110198&peptide_id=13343&scanf=21867&charge=2&value=18,K.DGVVLFK.K,/core/www/modules/show_out/show_out_wrapper.php?run_id=110202&search_id=114132&scans_id=110198&peptide_id=13343&scanf=21867&charge=2&value=K.DGVVLFK.K,P4HB,1.225e+7,3.302,0.001,2.855,0.000
21868,2,"  1.350","  0.184",7/12,/core/www/modules//sdig/index.php?run_id=110202&search_id=114132&scans_id=110198&peptide_id=13344&scanf=21868&charge=2&value=7/12,sp|Q96T37|RBM15_HUMAN,/core/www/modules//consensus/?run_id=110202&search_id=114132&scans_id=110198&peptide_id=13344&scanf=21868&charge=2&value=sp|Q96T37|RBM15_HUMAN,3,/core/www/modules/match_peptides/blast_html4.php?run_id=110202&search_id=114132&scans_id=110198&peptide_id=13344&scanf=21868&charge=2&value=3,R.VAFVNFR.R,/core/www/modules/show_out/show_out_wrapper.php?run_id=110202&search_id=114132&scans_id=110198&peptide_id=13344&scanf=21868&charge=2&value=R.VAFVNFR.R,RBM15,8.185e+6,2.251,0.048,1.317,0.002
21870,2,"  2.721","  0.397",10/16,/core/www/modules//sdig/index.php?run_id=110202&search_id=114132&scans_id=110198&peptide_id=13347&scanf=21870&charge=2&value=10/16,sp|Q15046|SYK_HUMAN,/core/www/modules//consensus/?run_id=110202&search_id=114132&scans_id=110198&peptide_id=13347&scanf=21870&charge=2&value=sp|Q15046|SYK_HUMAN,0,/core/www/modules/match_peptides/blast_html4.php?run_id=110202&search_id=114132&scans_id=110198&peptide_id=13347&scanf=21870&charge=2&value=0,R.INMVEELEK.A,/core/www/modules/show_out/show_out_wrapper.php?run_id=110202&search_id=114132&scans_id=110198&peptide_id=13347&scanf=21870&charge=2&value=R.INMVEELEK.A,KARS1,1.773e+7,2.978,0.004,2.375,0.000
21871,2,"  2.105","  0.227",8/12,/core/www/modules//sdig/index.php?run_id=110202&search_id=114132&scans_id=110198&peptide_id=13348&scanf=21871&charge=2&value=8/12,tr|E9PH88|E9PH88_HUMAN,/core/www/modules//consensus/?run_id=110202&search_id=114132&scans_id=110198&peptide_id=13348&scanf=21871&charge=2&value=tr|E9PH88|E9PH88_HUMAN,0,/core/www/modules/match_peptides/blast_html4.php?run_id=110202&search_id=114132&scans_id=110198&peptide_id=13348&scanf=21871&charge=2&value=0,-.MILNSLR.Y,/core/www/modules/show_out/show_out_wrapper.php?run_id=110202&search_id=114132&scans_id=110198&peptide_id=13348&scanf=21871&charge=2&value=-.MILNSLR.Y,PMS1,5.212e+6,2.520,0.020,1.703,0.000
21872,3,"  3.660","  0.354",14/60,/core/www/modules//sdig/index.php?run_id=110202&search_id=114132&scans_id=110198&peptide_id=13349&scanf=21872&charge=3&value=14/60,sp|Q52LJ0|FA98B_HUMAN,/core/www/modules//consensus/?run_id=110202&search_id=114132&scans_id=110198&peptide_id=13349&scanf=21872&charge=3&value=sp|Q52LJ0|FA98B_HUMAN,1,/core/www/modules/match_peptides/blast_html4.php?run_id=110202&search_id=114132&scans_id=110198&peptide_id=13349&scanf=21872&charge=3&value=1,K.STTSDIPHMLNQVESK.V,/core/www/modules/show_out/show_out_wrapper.php?run_id=110202&search_id=114132&scans_id=110198&peptide_id=13349&scanf=21872&charge=3&value=K.STTSDIPHMLNQVESK.V,FAM98B,8.184e+6,2.538,0.019,1.730,0.000
21881,3,"  2.692","  0.286",12/60,/core/www/modules//sdig/index.php?run_id=110202&search_id=114132&scans_id=110198&peptide_id=13359&scanf=21881&charge=3&value=12/60,IgG2a_bovine,/core/www/modules//consensus/?run_id=110202&search_id=114132&scans_id=110198&peptide_id=13359&scanf=21881&charge=3&value=IgG2a_bovine,3,/core/www/modules/match_peptides/blast_html4.php?run_id=110202&search_id=114132&scans_id=110198&peptide_id=13359&scanf=21881&charge=3&value=3,R.VVSALPIQHQDWTGGK.E,/core/www/modules/show_out/show_out_wrapper.php?run_id=110202&search_id=114132&scans_id=110198&peptide_id=13359&scanf=21881&charge=3&value=R.VVSALPIQHQDWTGGK.E,,1.478e+7,2.237,0.050,1.298,0.002
21882,2,"  2.889","  0.487",12/22,/core/www/modules//sdig/index.php?run_id=110202&search_id=114132&scans_id=110198&peptide_id=13360&scanf=21882&charge=2&value=12/22,sp|Q12996|CSTF3_HUMAN,/core/www/modules//consensus/?run_id=110202&search_id=114132&scans_id=110198&peptide_id=13360&scanf=21882&charge=2&value=sp|Q12996|CSTF3_HUMAN,1,/core/www/modules/match_peptides/blast_html4.php?run_id=110202&search_id=114132&scans_id=110198&peptide_id=13360&scanf=21882&charge=2&value=1,K.LFSDEAANIYER.A,/core/www/modules/show_out/show_out_wrapper.php?run_id=110202&search_id=114132&scans_id=110198&peptide_id=13360&scanf=21882&charge=2&value=K.LFSDEAANIYER.A,CSTF3,1.426e+8,3.089,0.003,2.539,0.000
21883,3,"  1.696","  0.396",14/56,/core/www/modules//sdig/index.php?run_id=110202&search_id=114132&scans_id=110198&peptide_id=13361&scanf=21883&charge=3&value=14/56,sp|Q15029|U5S1_HUMAN,/core/www/modules//consensus/?run_id=110202&search_id=114132&scans_id=110198&peptide_id=13361&scanf=21883&charge=3&value=sp|Q15029|U5S1_HUMAN,0,/core/www/modules/match_peptides/blast_html4.php?run_id=110202&search_id=114132&scans_id=110198&peptide_id=13361&scanf=21883&charge=3&value=0,K.MYSTDDGVQFHAFGR.V,/core/www/modules/show_out/show_out_wrapper.php?run_id=110202&search_id=114132&scans_id=110198&peptide_id=13361&scanf=21883&charge=3&value=K.MYSTDDGVQFHAFGR.V,EFTUD2,1.414e+7,2.706,0.011,1.975,0.000
21887,3,"  5.915","  0.740",23/108,/core/www/modules//sdig/index.php?run_id=110202&search_id=114132&scans_id=110198&peptide_id=13364&scanf=21887&charge=3&value=23/108,sp|Q9BWF3|RBM4_HUMAN,/core/www/modules//consensus/?run_id=110202&search_id=114132&scans_id=110198&peptide_id=13364&scanf=21887&charge=3&value=sp|Q9BWF3|RBM4_HUMAN,1,/core/www/modules/match_peptides/blast_html4.php?run_id=110202&search_id=114132&scans_id=110198&peptide_id=13364&scanf=21887&charge=3&value=1,R.ATAPVPTVGEGYGYGHESELSQASAAAR.N,/core/www/modules/show_out/show_out_wrapper.php?run_id=110202&search_id=114132&scans_id=110198&peptide_id=13364&scanf=21887&charge=3&value=R.ATAPVPTVGEGYGYGHESELSQASAAAR.N,RBM4,7.873e+6,3.475,0.001,3.111,0.000
21890,3,"  2.455","  0.298",11/44,/core/www/modules//sdig/index.php?run_id=110202&search_id=114132&scans_id=110198&peptide_id=13368&scanf=21890&charge=3&value=11/44,sp|Q9NSE4|SYIM_HUMAN,/core/www/modules//consensus/?run_id=110202&search_id=114132&scans_id=110198&peptide_id=13368&scanf=21890&charge=3&value=sp|Q9NSE4|SYIM_HUMAN,0,/core/www/modules/match_peptides/blast_html4.php?run_id=110202&search_id=114132&scans_id=110198&peptide_id=13368&scanf=21890&charge=3&value=0,K.TVIVHGFTLGEK.G,/core/www/modules/show_out/show_out_wrapper.php?run_id=110202&search_id=114132&scans_id=110198&peptide_id=13368&scanf=21890&charge=3&value=K.TVIVHGFTLGEK.G,IARS2,7.218e+6,2.475,0.023,1.638,0.001
21893,2,"  1.851","  0.289",9/12,/core/www/modules//sdig/index.php?run_id=110202&search_id=114132&scans_id=110198&peptide_id=13371&scanf=21893&charge=2&value=9/12,sp|Q92616|GCN1_HUMAN,/core/www/modules//consensus/?run_id=110202&search_id=114132&scans_id=110198&peptide_id=13371&scanf=21893&charge=2&value=sp|Q92616|GCN1_HUMAN,0,/core/www/modules/match_peptides/blast_html4.php?run_id=110202&search_id=114132&scans_id=110198&peptide_id=13371&scanf=21893&charge=2&value=0,K.ALGLVIR.L,/core/www/modules/show_out/show_out_wrapper.php?run_id=110202&search_id=114132&scans_id=110198&peptide_id=13371&scanf=21893&charge=2&value=K.ALGLVIR.L,GCN1,6.931e+6,2.999,0.004,2.407,0.000
21894,2,"  3.391","  0.566",15/24,/core/www/modules//sdig/index.php?run_id=110202&search_id=114132&scans_id=110198&peptide_id=13372&scanf=21894&charge=2&value=15/24,sp|P31689|DNJA1_HUMAN,/core/www/modules//consensus/?run_id=110202&search_id=114132&scans_id=110198&peptide_id=13372&scanf=21894&charge=2&value=sp|P31689|DNJA1_HUMAN,0,/core/www/modules/match_peptides/blast_html4.php?run_id=110202&search_id=114132&scans_id=110198&peptide_id=13372&scanf=21894&charge=2&value=0,K.QISQAYEVLSDAK.K,/core/www/modules/show_out/show_out_wrapper.php?run_id=110202&search_id=114132&scans_id=110198&peptide_id=13372&scanf=21894&charge=2&value=K.QISQAYEVLSDAK.K,DNAJA1,4.224e+6,3.423,0.001,3.034,0.000
21896,3,"  4.665","  0.633",19/60,/core/www/modules//sdig/index.php?run_id=110202&search_id=114132&scans_id=110198&peptide_id=13374&scanf=21896&charge=3&value=19/60,sp|P43246|MSH2_HUMAN,/core/www/modules//consensus/?run_id=110202&search_id=114132&scans_id=110198&peptide_id=13374&scanf=21896&charge=3&value=sp|P43246|MSH2_HUMAN,5,/core/www/modules/match_peptides/blast_html4.php?run_id=110202&search_id=114132&scans_id=110198&peptide_id=13374&scanf=21896&charge=3&value=5,R.GDFYTAHGEDALLAAR.E,/core/www/modules/show_out/show_out_wrapper.php?run_id=110202&search_id=114132&scans_id=110198&peptide_id=13374&scanf=21896&charge=3&value=R.GDFYTAHGEDALLAAR.E,MSH2,7.293e+6,3.690,0.000,3.430,0.000
21897,3,"  3.941","  0.567",14/52,/core/www/modules//sdig/index.php?run_id=110202&search_id=114132&scans_id=110198&peptide_id=13375&scanf=21897&charge=3&value=14/52,sp|Q15149|PLEC_HUMAN,/core/www/modules//consensus/?run_id=110202&search_id=114132&scans_id=110198&peptide_id=13375&scanf=21897&charge=3&value=sp|Q15149|PLEC_HUMAN,5,/core/www/modules/match_peptides/blast_html4.php?run_id=110202&search_id=114132&scans_id=110198&peptide_id=13375&scanf=21897&charge=3&value=5,K.GFFDPNTHENLTYR.Q,/core/www/modules/show_out/show_out_wrapper.php?run_id=110202&search_id=114132&scans_id=110198&peptide_id=13375&scanf=21897&charge=3&value=K.GFFDPNTHENLTYR.Q,PLEC,1.009e+7,3.929,0.000,3.784,0.000
21900,3,"  3.072","  0.461",13/60,/core/www/modules//sdig/index.php?run_id=110202&search_id=114132&scans_id=110198&peptide_id=13379&scanf=21900&charge=3&value=13/60,sp|O43929|ORC4_HUMAN,/core/www/modules//consensus/?run_id=110202&search_id=114132&scans_id=110198&peptide_id=13379&scanf=21900&charge=3&value=sp|O43929|ORC4_HUMAN,3,/core/www/modules/match_peptides/blast_html4.php?run_id=110202&search_id=114132&scans_id=110198&peptide_id=13379&scanf=21900&charge=3&value=3,R.TALHGESNSVLIIGPR.G,/core/www/modules/show_out/show_out_wrapper.php?run_id=110202&search_id=114132&scans_id=110198&peptide_id=13379&scanf=21900&charge=3&value=R.TALHGESNSVLIIGPR.G,ORC4,2.481e+6,2.859,0.006,2.199,0.000
21902,2,"  5.160","  0.592",20/32,/core/www/modules//sdig/index.php?run_id=110202&search_id=114132&scans_id=110198&peptide_id=13381&scanf=21902&charge=2&value=20/32,sp|Q9UJZ1|STML2_HUMAN,/core/www/modules//consensus/?run_id=110202&search_id=114132&scans_id=110198&peptide_id=13381&scanf=21902&charge=2&value=sp|Q9UJZ1|STML2_HUMAN,2,/core/www/modules/match_peptides/blast_html4.php?run_id=110202&search_id=114132&scans_id=110198&peptide_id=13381&scanf=21902&charge=2&value=2,K.AEQINQAAGEASAVLAK.A,/core/www/modules/show_out/show_out_wrapper.php?run_id=110202&search_id=114132&scans_id=110198&peptide_id=13381&scanf=21902&charge=2&value=K.AEQINQAAGEASAVLAK.A,STOML2,2.580e+6,3.498,0.001,3.145,0.000
21903,2,"  1.645","  0.233",8/16,/core/www/modules//sdig/index.php?run_id=110202&search_id=114132&scans_id=110198&peptide_id=13382&scanf=21903&charge=2&value=8/16,sp|Q8NBS9|TXND5_HUMAN,/core/www/modules//consensus/?run_id=110202&search_id=114132&scans_id=110198&peptide_id=13382&scanf=21903&charge=2&value=sp|Q8NBS9|TXND5_HUMAN,0,/core/www/modules/match_peptides/blast_html4.php?run_id=110202&search_id=114132&scans_id=110198&peptide_id=13382&scanf=21903&charge=2&value=0,K.EFPGLAGVK.I,/core/www/modules/show_out/show_out_wrapper.php?run_id=110202&search_id=114132&scans_id=110198&peptide_id=13382&scanf=21903&charge=2&value=K.EFPGLAGVK.I,TXNDC5,2.319e+7,2.135,0.070,1.155,0.002
21904,2,"  1.794","  0.274",7/12,/core/www/modules//sdig/index.php?run_id=110202&search_id=114132&scans_id=110198&peptide_id=13383&scanf=21904&charge=2&value=7/12,sp|P08133|ANXA6_HUMAN,/core/www/modules//consensus/?run_id=110202&search_id=114132&scans_id=110198&peptide_id=13383&scanf=21904&charge=2&value=sp|P08133|ANXA6_HUMAN,1,/core/www/modules/match_peptides/blast_html4.php?run_id=110202&search_id=114132&scans_id=110198&peptide_id=13383&scanf=21904&charge=2&value=1,K.LMLAVVK.C,/core/www/modules/show_out/show_out_wrapper.php?run_id=110202&search_id=114132&scans_id=110198&peptide_id=13383&scanf=21904&charge=2&value=K.LMLAVVK.C,ANXA6,6.926e+6,2.585,0.016,1.798,0.000
21905,2,"  1.956","  0.157",8/12,/core/www/modules//sdig/index.php?run_id=110202&search_id=114132&scans_id=110198&peptide_id=13384&scanf=21905&charge=2&value=8/12,sp|P09001|RM03_HUMAN,/core/www/modules//consensus/?run_id=110202&search_id=114132&scans_id=110198&peptide_id=13384&scanf=21905&charge=2&value=sp|P09001|RM03_HUMAN,3,/core/www/modules/match_peptides/blast_html4.php?run_id=110202&search_id=114132&scans_id=110198&peptide_id=13384&scanf=21905&charge=2&value=3,R.VGLIALK.L,/core/www/modules/show_out/show_out_wrapper.php?run_id=110202&search_id=114132&scans_id=110198&peptide_id=13384&scanf=21905&charge=2&value=R.VGLIALK.L,MRPL3,2.338e+6,2.258,0.047,1.326,0.002
21909,4,"  7.690","  0.679",30/162,/core/www/modules//sdig/index.php?run_id=110202&search_id=114132&scans_id=110198&peptide_id=13387&scanf=21909&charge=4&value=30/162,sp|P06396|GELS_HUMAN,/core/www/modules//consensus/?run_id=110202&search_id=114132&scans_id=110198&peptide_id=13387&scanf=21909&charge=4&value=sp|P06396|GELS_HUMAN,3,/core/www/modules/match_peptides/blast_html4.php?run_id=110202&search_id=114132&scans_id=110198&peptide_id=13387&scanf=21909&charge=4&value=3,R.VPFDAATLHTSTAMAAQHGMDDDGTGQK.Q,/core/www/modules/show_out/show_out_wrapper.php?run_id=110202&search_id=114132&scans_id=110198&peptide_id=13387&scanf=21909&charge=4&value=R.VPFDAATLHTSTAMAAQHGMDDDGTGQK.Q,GSN,6.766e+6,3.835,0.000,3.644,0.000
21910,2,"  1.010","  0.086",8/12,/core/www/modules//sdig/index.php?run_id=110202&search_id=114132&scans_id=110198&peptide_id=13389&scanf=21910&charge=2&value=8/12,sp|P34897|GLYM_HUMAN,/core/www/modules//consensus/?run_id=110202&search_id=114132&scans_id=110198&peptide_id=13389&scanf=21910&charge=2&value=sp|P34897|GLYM_HUMAN,2,/core/www/modules/match_peptides/blast_html4.php?run_id=110202&search_id=114132&scans_id=110198&peptide_id=13389&scanf=21910&charge=2&value=2,R.SGLIFYR.K,/core/www/modules/show_out/show_out_wrapper.php?run_id=110202&search_id=114132&scans_id=110198&peptide_id=13389&scanf=21910&charge=2&value=R.SGLIFYR.K,SHMT2,6.518e+6,2.032,0.097,1.015,0.005
21913,3,"  2.851","  0.483",15/44,/core/www/modules//sdig/index.php?run_id=110202&search_id=114132&scans_id=110198&peptide_id=13392&scanf=21913&charge=3&value=15/44,sp|O75369|FLNB_HUMAN,/core/www/modules//consensus/?run_id=110202&search_id=114132&scans_id=110198&peptide_id=13392&scanf=21913&charge=3&value=sp|O75369|FLNB_HUMAN,3,/core/www/modules/match_peptides/blast_html4.php?run_id=110202&search_id=114132&scans_id=110198&peptide_id=13392&scanf=21913&charge=3&value=3,K.YGGELVPHFPAR.V,/core/www/modules/show_out/show_out_wrapper.php?run_id=110202&search_id=114132&scans_id=110198&peptide_id=13392&scanf=21913&charge=3&value=K.YGGELVPHFPAR.V,FLNB,7.137e+6,3.329,0.001,2.894,0.000
21915,2,"  2.661","  0.514",13/26,/core/www/modules//sdig/index.php?run_id=110202&search_id=114132&scans_id=110198&peptide_id=13394&scanf=21915&charge=2&value=13/26,sp|P50990|TCPQ_HUMAN,/core/www/modules//consensus/?run_id=110202&search_id=114132&scans_id=110198&peptide_id=13394&scanf=21915&charge=2&value=sp|P50990|TCPQ_HUMAN,0,/core/www/modules/match_peptides/blast_html4.php?run_id=110202&search_id=114132&scans_id=110198&peptide_id=13394&scanf=21915&charge=2&value=0,R.LVPGGGATEIELAK.Q,/core/www/modules/show_out/show_out_wrapper.php?run_id=110202&search_id=114132&scans_id=110198&peptide_id=13394&scanf=21915&charge=2&value=R.LVPGGGATEIELAK.Q,CCT8,3.385e+7,3.097,0.003,2.552,0.000
21917,2,"  3.405","  0.535",16/32,/core/www/modules//sdig/index.php?run_id=110202&search_id=114132&scans_id=110198&peptide_id=13396&scanf=21917&charge=2&value=16/32,sp|P78347|GTF2I_HUMAN,/core/www/modules//consensus/?run_id=110202&search_id=114132&scans_id=110198&peptide_id=13396&scanf=21917&charge=2&value=sp|P78347|GTF2I_HUMAN,2,/core/www/modules/match_peptides/blast_html4.php?run_id=110202&search_id=114132&scans_id=110198&peptide_id=13396&scanf=21917&charge=2&value=2,K.ANELPQPPVPEPANAGK.R,/core/www/modules/show_out/show_out_wrapper.php?run_id=110202&search_id=114132&scans_id=110198&peptide_id=13396&scanf=21917&charge=2&value=K.ANELPQPPVPEPANAGK.R,GTF2I,5.526e+6,3.129,0.003,2.599,0.000
21919,3,"  2.460","  0.294",9/56,/core/www/modules//sdig/index.php?run_id=110202&search_id=114132&scans_id=110198&peptide_id=13398&scanf=21919&charge=3&value=9/56,sp|P62910|RL32_HUMAN,/core/www/modules//consensus/?run_id=110202&search_id=114132&scans_id=110198&peptide_id=13398&scanf=21919&charge=3&value=sp|P62910|RL32_HUMAN,2,/core/www/modules/match_peptides/blast_html4.php?run_id=110202&search_id=114132&scans_id=110198&peptide_id=13398&scanf=21919&charge=3&value=2,K.GQILMPNIGYGSNKK.T,/core/www/modules/show_out/show_out_wrapper.php?run_id=110202&search_id=114132&scans_id=110198&peptide_id=13398&scanf=21919&charge=3&value=K.GQILMPNIGYGSNKK.T,RPL32,2.445e+7,1.867,0.158,0.801,0.008
21922,2,"  5.141","  0.816",22/32,/core/www/modules//sdig/index.php?run_id=110202&search_id=114132&scans_id=110198&peptide_id=13402&scanf=21922&charge=2&value=22/32,sp|Q9BQ39|DDX50_HUMAN,/core/www/modules//consensus/?run_id=110202&search_id=114132&scans_id=110198&peptide_id=13402&scanf=21922&charge=2&value=sp|Q9BQ39|DDX50_HUMAN,0,/core/www/modules/match_peptides/blast_html4.php?run_id=110202&search_id=114132&scans_id=110198&peptide_id=13402&scanf=21922&charge=2&value=0,K.LPEIEEYYDGNTSSNSR.Q,/core/www/modules/show_out/show_out_wrapper.php?run_id=110202&search_id=114132&scans_id=110198&peptide_id=13402&scanf=21922&charge=2&value=K.LPEIEEYYDGNTSSNSR.Q,DDX50,3.256e+6,4.311,0.000,4.351,0.000
21924,3,"  2.357","  0.364",8/36,/core/www/modules//sdig/index.php?run_id=110202&search_id=114132&scans_id=110198&peptide_id=13404&scanf=21924&charge=3&value=8/36,sp|Q29RF7|PDS5A_HUMAN,/core/www/modules//consensus/?run_id=110202&search_id=114132&scans_id=110198&peptide_id=13404&scanf=21924&charge=3&value=sp|Q29RF7|PDS5A_HUMAN,0,/core/www/modules/match_peptides/blast_html4.php?run_id=110202&search_id=114132&scans_id=110198&peptide_id=13404&scanf=21924&charge=3&value=0,R.STLIPILHQK.A,/core/www/modules/show_out/show_out_wrapper.php?run_id=110202&search_id=114132&scans_id=110198&peptide_id=13404&scanf=21924&charge=3&value=R.STLIPILHQK.A,PDS5A,1.741e+7,2.791,0.008,2.100,0.000
21925,3,"  1.854","  0.245",7/40,/core/www/modules//sdig/index.php?run_id=110202&search_id=114132&scans_id=110198&peptide_id=13405&scanf=21925&charge=3&value=7/40,sp|P17931|LEG3_HUMAN,/core/www/modules//consensus/?run_id=110202&search_id=114132&scans_id=110198&peptide_id=13405&scanf=21925&charge=3&value=sp|P17931|LEG3_HUMAN,0,/core/www/modules/match_peptides/blast_html4.php?run_id=110202&search_id=114132&scans_id=110198&peptide_id=13405&scanf=21925&charge=3&value=0,K.IQVLVEPDHFK.V,/core/www/modules/show_out/show_out_wrapper.php?run_id=110202&search_id=114132&scans_id=110198&peptide_id=13405&scanf=21925&charge=3&value=K.IQVLVEPDHFK.V,LGALS3,2.425e+6,2.109,0.076,1.119,0.002
21926,2,"  2.709","  0.459",10/16,/core/www/modules//sdig/index.php?run_id=110202&search_id=114132&scans_id=110198&peptide_id=13406&scanf=21926&charge=2&value=10/16,sp|P49336|CDK8_HUMAN,/core/www/modules//consensus/?run_id=110202&search_id=114132&scans_id=110198&peptide_id=13406&scanf=21926&charge=2&value=sp|P49336|CDK8_HUMAN,3,/core/www/modules/match_peptides/blast_html4.php?run_id=110202&search_id=114132&scans_id=110198&peptide_id=13406&scanf=21926&charge=2&value=3,R.APELLLGAR.H,/core/www/modules/show_out/show_out_wrapper.php?run_id=110202&search_id=114132&scans_id=110198&peptide_id=13406&scanf=21926&charge=2&value=R.APELLLGAR.H,CDK8,6.106e+6,3.131,0.003,2.602,0.000
21927,2,"  2.186","  0.500",9/16,/core/www/modules//sdig/index.php?run_id=110202&search_id=114132&scans_id=110198&peptide_id=13407&scanf=21927&charge=2&value=9/16,sp|P05388|RLA0_HUMAN,/core/www/modules//consensus/?run_id=110202&search_id=114132&scans_id=110198&peptide_id=13407&scanf=21927&charge=2&value=sp|P05388|RLA0_HUMAN,10,/core/www/modules/match_peptides/blast_html4.php?run_id=110202&search_id=114132&scans_id=110198&peptide_id=13407&scanf=21927&charge=2&value=10,R.GNVGFVFTK.E,/core/www/modules/show_out/show_out_wrapper.php?run_id=110202&search_id=114132&scans_id=110198&peptide_id=13407&scanf=21927&charge=2&value=R.GNVGFVFTK.E,RPLP0,5.238e+8,3.233,0.002,2.753,0.000
21929,2,"  1.519","  0.425",7/12,/core/www/modules//sdig/index.php?run_id=110202&search_id=114132&scans_id=110198&peptide_id=13408&scanf=21929&charge=2&value=7/12,sp|P43243|MATR3_HUMAN,/core/www/modules//consensus/?run_id=110202&search_id=114132&scans_id=110198&peptide_id=13408&scanf=21929&charge=2&value=sp|P43243|MATR3_HUMAN,5,/core/www/modules/match_peptides/blast_html4.php?run_id=110202&search_id=114132&scans_id=110198&peptide_id=13408&scanf=21929&charge=2&value=5,K.ALWFQGR.C,/core/www/modules/show_out/show_out_wrapper.php?run_id=110202&search_id=114132&scans_id=110198&peptide_id=13408&scanf=21929&charge=2&value=K.ALWFQGR.C,MATR3,4.740e+7,3.120,0.003,2.585,0.000
21930,3,"  3.465","  0.577",17/48,/core/www/modules//sdig/index.php?run_id=110202&search_id=114132&scans_id=110198&peptide_id=13410&scanf=21930&charge=3&value=17/48,sp|Q14683|SMC1A_HUMAN,/core/www/modules//consensus/?run_id=110202&search_id=114132&scans_id=110198&peptide_id=13410&scanf=21930&charge=3&value=sp|Q14683|SMC1A_HUMAN,2,/core/www/modules/match_peptides/blast_html4.php?run_id=110202&search_id=114132&scans_id=110198&peptide_id=13410&scanf=21930&charge=3&value=2,K.SKLESELANFGPR.I,/core/www/modules/show_out/show_out_wrapper.php?run_id=110202&search_id=114132&scans_id=110198&peptide_id=13410&scanf=21930&charge=3&value=K.SKLESELANFGPR.I,SMC1A,1.877e+7,3.359,0.001,2.940,0.000
21931,2,"  1.827","  0.432",7/16,/core/www/modules//sdig/index.php?run_id=110202&search_id=114132&scans_id=110198&peptide_id=13411&scanf=21931&charge=2&value=7/16,sp|P62913|RL11_HUMAN,/core/www/modules//consensus/?run_id=110202&search_id=114132&scans_id=110198&peptide_id=13411&scanf=21931&charge=2&value=sp|P62913|RL11_HUMAN,1,/core/www/modules/match_peptides/blast_html4.php?run_id=110202&search_id=114132&scans_id=110198&peptide_id=13411&scanf=21931&charge=2&value=1,K.YDGIILPGK.-,/core/www/modules/show_out/show_out_wrapper.php?run_id=110202&search_id=114132&scans_id=110198&peptide_id=13411&scanf=21931&charge=2&value=K.YDGIILPGK.-,RPL11,5.200e+8,2.769,0.009,2.067,0.000
21932,2,"  1.521","  0.312",8/14,/core/www/modules//sdig/index.php?run_id=110202&search_id=114132&scans_id=110198&peptide_id=13412&scanf=21932&charge=2&value=8/14,sp|P60709|ACTB_HUMAN,/core/www/modules//consensus/?run_id=110202&search_id=114132&scans_id=110198&peptide_id=13412&scanf=21932&charge=2&value=sp|P60709|ACTB_HUMAN,16,/core/www/modules/match_peptides/blast_html4.php?run_id=110202&search_id=114132&scans_id=110198&peptide_id=13412&scanf=21932&charge=2&value=16,R.DLTDYLM*K.I,/core/www/modules/show_out/show_out_wrapper.php?run_id=110202&search_id=114132&scans_id=110198&peptide_id=13412&scanf=21932&charge=2&value=R.DLTDYLM*K.I,ACTB,2.406e+8,3.161,0.002,2.646,0.000
21938,2,"  3.283","  0.474",15/30,/core/www/modules//sdig/index.php?run_id=110202&search_id=114132&scans_id=110198&peptide_id=13418&scanf=21938&charge=2&value=15/30,sp|P43246|MSH2_HUMAN,/core/www/modules//consensus/?run_id=110202&search_id=114132&scans_id=110198&peptide_id=13418&scanf=21938&charge=2&value=sp|P43246|MSH2_HUMAN,5,/core/www/modules/match_peptides/blast_html4.php?run_id=110202&search_id=114132&scans_id=110198&peptide_id=13418&scanf=21938&charge=2&value=5,R.GDFYTAHGEDALLAAR.E,/core/www/modules/show_out/show_out_wrapper.php?run_id=110202&search_id=114132&scans_id=110198&peptide_id=13418&scanf=21938&charge=2&value=R.GDFYTAHGEDALLAAR.E,MSH2,2.707e+6,2.858,0.006,2.199,0.000
21941,2,"  1.707","  0.271",7/14,/core/www/modules//sdig/index.php?run_id=110202&search_id=114132&scans_id=110198&peptide_id=13422&scanf=21941&charge=2&value=7/14,sp|P54578|UBP14_HUMAN,/core/www/modules//consensus/?run_id=110202&search_id=114132&scans_id=110198&peptide_id=13422&scanf=21941&charge=2&value=sp|P54578|UBP14_HUMAN,1,/core/www/modules/match_peptides/blast_html4.php?run_id=110202&search_id=114132&scans_id=110198&peptide_id=13422&scanf=21941&charge=2&value=1,R.DLFDSMDK.T,/core/www/modules/show_out/show_out_wrapper.php?run_id=110202&search_id=114132&scans_id=110198&peptide_id=13422&scanf=21941&charge=2&value=R.DLFDSMDK.T,USP14,7.583e+6,2.418,0.028,1.556,0.001
21942,3,"  2.584","  0.345",10/36,/core/www/modules//sdig/index.php?run_id=110202&search_id=114132&scans_id=110198&peptide_id=13423&scanf=21942&charge=3&value=10/36,sp|Q29RF7|PDS5A_HUMAN,/core/www/modules//consensus/?run_id=110202&search_id=114132&scans_id=110198&peptide_id=13423&scanf=21942&charge=3&value=sp|Q29RF7|PDS5A_HUMAN,0,/core/www/modules/match_peptides/blast_html4.php?run_id=110202&search_id=114132&scans_id=110198&peptide_id=13423&scanf=21942&charge=3&value=0,R.STLIPILHQK.A,/core/www/modules/show_out/show_out_wrapper.php?run_id=110202&search_id=114132&scans_id=110198&peptide_id=13423&scanf=21942&charge=3&value=R.STLIPILHQK.A,PDS5A,1.741e+7,2.826,0.007,2.152,0.000
21948,2,"  2.052","  0.136",8/12,/core/www/modules//sdig/index.php?run_id=110202&search_id=114132&scans_id=110198&peptide_id=13429&scanf=21948&charge=2&value=8/12,sp|Q9NU22|MDN1_HUMAN,/core/www/modules//consensus/?run_id=110202&search_id=114132&scans_id=110198&peptide_id=13429&scanf=21948&charge=2&value=sp|Q9NU22|MDN1_HUMAN,0,/core/www/modules/match_peptides/blast_html4.php?run_id=110202&search_id=114132&scans_id=110198&peptide_id=13429&scanf=21948&charge=2&value=0,R.DSILDIK.V,/core/www/modules/show_out/show_out_wrapper.php?run_id=110202&search_id=114132&scans_id=110198&peptide_id=13429&scanf=21948&charge=2&value=R.DSILDIK.V,MDN1,2.066e+7,2.473,0.023,1.636,0.001
21950,2,"  3.816","  0.527",19/24,/core/www/modules//sdig/index.php?run_id=110202&search_id=114132&scans_id=110198&peptide_id=13431&scanf=21950&charge=2&value=19/24,sp|Q14683|SMC1A_HUMAN,/core/www/modules//consensus/?run_id=110202&search_id=114132&scans_id=110198&peptide_id=13431&scanf=21950&charge=2&value=sp|Q14683|SMC1A_HUMAN,2,/core/www/modules/match_peptides/blast_html4.php?run_id=110202&search_id=114132&scans_id=110198&peptide_id=13431&scanf=21950&charge=2&value=2,K.SKLESELANFGPR.I,/core/www/modules/show_out/show_out_wrapper.php?run_id=110202&search_id=114132&scans_id=110198&peptide_id=13431&scanf=21950&charge=2&value=K.SKLESELANFGPR.I,SMC1A,9.239e+6,3.375,0.001,2.963,0.000
21951,3,"  2.378","  0.437",16/56,/core/www/modules//sdig/index.php?run_id=110202&search_id=114132&scans_id=110198&peptide_id=13432&scanf=21951&charge=3&value=16/56,sp|Q15029|U5S1_HUMAN,/core/www/modules//consensus/?run_id=110202&search_id=114132&scans_id=110198&peptide_id=13432&scanf=21951&charge=3&value=sp|Q15029|U5S1_HUMAN,0,/core/www/modules/match_peptides/blast_html4.php?run_id=110202&search_id=114132&scans_id=110198&peptide_id=13432&scanf=21951&charge=3&value=0,K.MYSTDDGVQFHAFGR.V,/core/www/modules/show_out/show_out_wrapper.php?run_id=110202&search_id=114132&scans_id=110198&peptide_id=13432&scanf=21951&charge=3&value=K.MYSTDDGVQFHAFGR.V,EFTUD2,1.414e+7,2.931,0.005,2.306,0.000
21955,2,"  1.647","  0.250",7/14,/core/www/modules//sdig/index.php?run_id=110202&search_id=114132&scans_id=110198&peptide_id=13436&scanf=21955&charge=2&value=7/14,sp|P11586|C1TC_HUMAN,/core/www/modules//consensus/?run_id=110202&search_id=114132&scans_id=110198&peptide_id=13436&scanf=21955&charge=2&value=sp|P11586|C1TC_HUMAN,11,/core/www/modules/match_peptides/blast_html4.php?run_id=110202&search_id=114132&scans_id=110198&peptide_id=13436&scanf=21955&charge=2&value=11,K.VLLSALER.L,/core/www/modules/show_out/show_out_wrapper.php?run_id=110202&search_id=114132&scans_id=110198&peptide_id=13436&scanf=21955&charge=2&value=K.VLLSALER.L,MTHFD1,5.297e+6,2.172,0.062,1.207,0.002
21958,3,"  5.161","  0.540",13/60,/core/www/modules//sdig/index.php?run_id=110202&search_id=114132&scans_id=110198&peptide_id=13439&scanf=21958&charge=3&value=13/60,sp|Q12824|SNF5_HUMAN,/core/www/modules//consensus/?run_id=110202&search_id=114132&scans_id=110198&peptide_id=13439&scanf=21958&charge=3&value=sp|Q12824|SNF5_HUMAN,9,/core/www/modules/match_peptides/blast_html4.php?run_id=110202&search_id=114132&scans_id=110198&peptide_id=13439&scanf=21958&charge=3&value=9,K.ASEVEEILDGNDEKYK.A,/core/www/modules/show_out/show_out_wrapper.php?run_id=110202&search_id=114132&scans_id=110198&peptide_id=13439&scanf=21958&charge=3&value=K.ASEVEEILDGNDEKYK.A,SMARCB1,6.591e+6,2.941,0.005,2.322,0.000
21960,3,"  3.497","  0.541",15/64,/core/www/modules//sdig/index.php?run_id=110202&search_id=114132&scans_id=110198&peptide_id=13442&scanf=21960&charge=3&value=15/64,sp|Q9Y6M1|IF2B2_HUMAN,/core/www/modules//consensus/?run_id=110202&search_id=114132&scans_id=110198&peptide_id=13442&scanf=21960&charge=3&value=sp|Q9Y6M1|IF2B2_HUMAN,1,/core/www/modules/match_peptides/blast_html4.php?run_id=110202&search_id=114132&scans_id=110198&peptide_id=13442&scanf=21960&charge=3&value=1,K.ISYIPDEEVSSPSPPQR.A,/core/www/modules/show_out/show_out_wrapper.php?run_id=110202&search_id=114132&scans_id=110198&peptide_id=13442&scanf=21960&charge=3&value=K.ISYIPDEEVSSPSPPQR.A,IGF2BP2,2.853e+6,3.187,0.002,2.684,0.000
21962,2,"  4.215","  0.644",16/26,/core/www/modules//sdig/index.php?run_id=110202&search_id=114132&scans_id=110198&peptide_id=13444&scanf=21962&charge=2&value=16/26,sp|P61019|RAB2A_HUMAN,/core/www/modules//consensus/?run_id=110202&search_id=114132&scans_id=110198&peptide_id=13444&scanf=21962&charge=2&value=sp|P61019|RAB2A_HUMAN,1,/core/www/modules/match_peptides/blast_html4.php?run_id=110202&search_id=114132&scans_id=110198&peptide_id=13444&scanf=21962&charge=2&value=1,K.TASNVEEAFINTAK.E,/core/www/modules/show_out/show_out_wrapper.php?run_id=110202&search_id=114132&scans_id=110198&peptide_id=13444&scanf=21962&charge=2&value=K.TASNVEEAFINTAK.E,RAB2A,9.318e+6,3.732,0.000,3.491,0.000
21964,3,"  1.926","  0.145",9/44,/core/www/modules//sdig/index.php?run_id=110202&search_id=114132&scans_id=110198&peptide_id=13446&scanf=21964&charge=3&value=9/44,sp|O60244|MED14_HUMAN,/core/www/modules//consensus/?run_id=110202&search_id=114132&scans_id=110198&peptide_id=13446&scanf=21964&charge=3&value=sp|O60244|MED14_HUMAN,0,/core/www/modules/match_peptides/blast_html4.php?run_id=110202&search_id=114132&scans_id=110198&peptide_id=13446&scanf=21964&charge=3&value=0,K.QATLHQLNQILR.H,/core/www/modules/show_out/show_out_wrapper.php?run_id=110202&search_id=114132&scans_id=110198&peptide_id=13446&scanf=21964&charge=3&value=K.QATLHQLNQILR.H,MED14,1.670e+6,1.875,0.154,0.811,0.008
21966,2,"  1.635","  0.101",8/12,/core/www/modules//sdig/index.php?run_id=110202&search_id=114132&scans_id=110198&peptide_id=13448&scanf=21966&charge=2&value=8/12,sp|Q8TCS8|PNPT1_HUMAN,/core/www/modules//consensus/?run_id=110202&search_id=114132&scans_id=110198&peptide_id=13448&scanf=21966&charge=2&value=sp|Q8TCS8|PNPT1_HUMAN,0,/core/www/modules/match_peptides/blast_html4.php?run_id=110202&search_id=114132&scans_id=110198&peptide_id=13448&scanf=21966&charge=2&value=0,K.LPGIPIK.I,/core/www/modules/show_out/show_out_wrapper.php?run_id=110202&search_id=114132&scans_id=110198&peptide_id=13448&scanf=21966&charge=2&value=K.LPGIPIK.I,PNPT1,2.043e+6,2.038,0.095,1.023,0.004
21968,2,"  1.890","  0.141",8/12,/core/www/modules//sdig/index.php?run_id=110202&search_id=114132&scans_id=110198&peptide_id=13450&scanf=21968&charge=2&value=8/12,sp|P39019|RS19_HUMAN,/core/www/modules//consensus/?run_id=110202&search_id=114132&scans_id=110198&peptide_id=13450&scanf=21968&charge=2&value=sp|P39019|RS19_HUMAN,3,/core/www/modules/match_peptides/blast_html4.php?run_id=110202&search_id=114132&scans_id=110198&peptide_id=13450&scanf=21968&charge=2&value=3,R.ALAAFLK.K,/core/www/modules/show_out/show_out_wrapper.php?run_id=110202&search_id=114132&scans_id=110198&peptide_id=13450&scanf=21968&charge=2&value=R.ALAAFLK.K,RPS19,1.936e+7,2.257,0.047,1.325,0.002
21971,2,"  3.686","  0.694",18/28,/core/www/modules//sdig/index.php?run_id=110202&search_id=114132&scans_id=110198&peptide_id=13453&scanf=21971&charge=2&value=18/28,sp|P11142|HSP7C_HUMAN,/core/www/modules//consensus/?run_id=110202&search_id=114132&scans_id=110198&peptide_id=13453&scanf=21971&charge=2&value=sp|P11142|HSP7C_HUMAN,8,/core/www/modules/match_peptides/blast_html4.php?run_id=110202&search_id=114132&scans_id=110198&peptide_id=13453&scanf=21971&charge=2&value=8,K.NQVAMNPTNTVFDAK.R,/core/www/modules/show_out/show_out_wrapper.php?run_id=110202&search_id=114132&scans_id=110198&peptide_id=13453&scanf=21971&charge=2&value=K.NQVAMNPTNTVFDAK.R,HSPA8,1.899e+7,3.875,0.000,3.705,0.000
21972,2,"  3.178","  0.476",12/22,/core/www/modules//sdig/index.php?run_id=110202&search_id=114132&scans_id=110198&peptide_id=13454&scanf=21972&charge=2&value=12/22,sp|O15042|SR140_HUMAN,/core/www/modules//consensus/?run_id=110202&search_id=114132&scans_id=110198&peptide_id=13454&scanf=21972&charge=2&value=sp|O15042|SR140_HUMAN,0,/core/www/modules/match_peptides/blast_html4.php?run_id=110202&search_id=114132&scans_id=110198&peptide_id=13454&scanf=21972&charge=2&value=0,K.LYSILQGDSPTK.W,/core/www/modules/show_out/show_out_wrapper.php?run_id=110202&search_id=114132&scans_id=110198&peptide_id=13454&scanf=21972&charge=2&value=K.LYSILQGDSPTK.W,U2SURP,1.138e+7,3.061,0.003,2.499,0.000
21973,2,"  2.100","  0.146",8/14,/core/www/modules//sdig/index.php?run_id=110202&search_id=114132&scans_id=110198&peptide_id=13455&scanf=21973&charge=2&value=8/14,sp|Q03701|CEBPZ_HUMAN,/core/www/modules//consensus/?run_id=110202&search_id=114132&scans_id=110198&peptide_id=13455&scanf=21973&charge=2&value=sp|Q03701|CEBPZ_HUMAN,0,/core/www/modules/match_peptides/blast_html4.php?run_id=110202&search_id=114132&scans_id=110198&peptide_id=13455&scanf=21973&charge=2&value=0,R.EQIDTLFK.V,/core/www/modules/show_out/show_out_wrapper.php?run_id=110202&search_id=114132&scans_id=110198&peptide_id=13455&scanf=21973&charge=2&value=R.EQIDTLFK.V,CEBPZ,1.555e+7,1.924,0.134,0.873,0.007
21974,2,"  4.049","  0.689",18/20,/core/www/modules//sdig/index.php?run_id=110202&search_id=114132&scans_id=110198&peptide_id=13456&scanf=21974&charge=2&value=18/20,sp|P78527|PRKDC_HUMAN,/core/www/modules//consensus/?run_id=110202&search_id=114132&scans_id=110198&peptide_id=13456&scanf=21974&charge=2&value=sp|P78527|PRKDC_HUMAN,1,/core/www/modules/match_peptides/blast_html4.php?run_id=110202&search_id=114132&scans_id=110198&peptide_id=13456&scanf=21974&charge=2&value=1,K.HDVGAYMLMYK.G,/core/www/modules/show_out/show_out_wrapper.php?run_id=110202&search_id=114132&scans_id=110198&peptide_id=13456&scanf=21974&charge=2&value=K.HDVGAYMLMYK.G,PRKDC,1.004e+7,5.163,0.000,5.614,0.000
21977,3,"  3.489","  0.361",12/56,/core/www/modules//sdig/index.php?run_id=110202&search_id=114132&scans_id=110198&peptide_id=13459&scanf=21977&charge=3&value=12/56,sp|Q15020|SART3_HUMAN,/core/www/modules//consensus/?run_id=110202&search_id=114132&scans_id=110198&peptide_id=13459&scanf=21977&charge=3&value=sp|Q15020|SART3_HUMAN,1,/core/www/modules/match_peptides/blast_html4.php?run_id=110202&search_id=114132&scans_id=110198&peptide_id=13459&scanf=21977&charge=3&value=1,K.YKPYEEALLQAEAPR.L,/core/www/modules/show_out/show_out_wrapper.php?run_id=110202&search_id=114132&scans_id=110198&peptide_id=13459&scanf=21977&charge=3&value=K.YKPYEEALLQAEAPR.L,SART3,1.266e+7,2.628,0.014,1.860,0.000
21982,2,"  4.488","  0.607",16/26,/core/www/modules//sdig/index.php?run_id=110202&search_id=114132&scans_id=110198&peptide_id=13464&scanf=21982&charge=2&value=16/26,sp|P61019|RAB2A_HUMAN,/core/www/modules//consensus/?run_id=110202&search_id=114132&scans_id=110198&peptide_id=13464&scanf=21982&charge=2&value=sp|P61019|RAB2A_HUMAN,1,/core/www/modules/match_peptides/blast_html4.php?run_id=110202&search_id=114132&scans_id=110198&peptide_id=13464&scanf=21982&charge=2&value=1,K.TASNVEEAFINTAK.E,/core/www/modules/show_out/show_out_wrapper.php?run_id=110202&search_id=114132&scans_id=110198&peptide_id=13464&scanf=21982&charge=2&value=K.TASNVEEAFINTAK.E,RAB2A,9.318e+6,3.293,0.001,2.841,0.000
21988,2,"  3.677","  0.686",16/26,/core/www/modules//sdig/index.php?run_id=110202&search_id=114132&scans_id=110198&peptide_id=13470&scanf=21988&charge=2&value=16/26,sp|O43143|DHX15_HUMAN,/core/www/modules//consensus/?run_id=110202&search_id=114132&scans_id=110198&peptide_id=13470&scanf=21988&charge=2&value=sp|O43143|DHX15_HUMAN,0,/core/www/modules/match_peptides/blast_html4.php?run_id=110202&search_id=114132&scans_id=110198&peptide_id=13470&scanf=21988&charge=2&value=0,R.THPVEIFYTPEPER.D,/core/www/modules/show_out/show_out_wrapper.php?run_id=110202&search_id=114132&scans_id=110198&peptide_id=13470&scanf=21988&charge=2&value=R.THPVEIFYTPEPER.D,DHX15,1.839e+6,3.936,0.000,3.795,0.000
21994,2,"  4.807","  0.706",17/26,/core/www/modules//sdig/index.php?run_id=110202&search_id=114132&scans_id=110198&peptide_id=13476&scanf=21994&charge=2&value=17/26,sp|O95793|STAU1_HUMAN,/core/www/modules//consensus/?run_id=110202&search_id=114132&scans_id=110198&peptide_id=13476&scanf=21994&charge=2&value=sp|O95793|STAU1_HUMAN,1,/core/www/modules/match_peptides/blast_html4.php?run_id=110202&search_id=114132&scans_id=110198&peptide_id=13476&scanf=21994&charge=2&value=1,K.LLSELDQQSTEMPR.T,/core/www/modules/show_out/show_out_wrapper.php?run_id=110202&search_id=114132&scans_id=110198&peptide_id=13476&scanf=21994&charge=2&value=K.LLSELDQQSTEMPR.T,STAU1,8.838e+6,4.000,0.000,3.890,0.000
21996,3,"  2.228","  0.290",9/52,/core/www/modules//sdig/index.php?run_id=110202&search_id=114132&scans_id=110198&peptide_id=13478&scanf=21996&charge=3&value=9/52,sp|Q9UBB9|TFP11_HUMAN,/core/www/modules//consensus/?run_id=110202&search_id=114132&scans_id=110198&peptide_id=13478&scanf=21996&charge=3&value=sp|Q9UBB9|TFP11_HUMAN,0,/core/www/modules/match_peptides/blast_html4.php?run_id=110202&search_id=114132&scans_id=110198&peptide_id=13478&scanf=21996&charge=3&value=0,K.SMFSDQVLAHPSVK.D,/core/www/modules/show_out/show_out_wrapper.php?run_id=110202&search_id=114132&scans_id=110198&peptide_id=13478&scanf=21996&charge=3&value=K.SMFSDQVLAHPSVK.D,TFIP11,4.438e+6,2.280,0.044,1.358,0.001
21998,2,"  2.661","  0.382",11/20,/core/www/modules//sdig/index.php?run_id=110202&search_id=114132&scans_id=110198&peptide_id=13480&scanf=21998&charge=2&value=11/20,sp|P25705|ATPA_HUMAN,/core/www/modules//consensus/?run_id=110202&search_id=114132&scans_id=110198&peptide_id=13480&scanf=21998&charge=2&value=sp|P25705|ATPA_HUMAN,0,/core/www/modules/match_peptides/blast_html4.php?run_id=110202&search_id=114132&scans_id=110198&peptide_id=13480&scanf=21998&charge=2&value=0,K.HALIIYDDLSK.Q,/core/www/modules/show_out/show_out_wrapper.php?run_id=110202&search_id=114132&scans_id=110198&peptide_id=13480&scanf=21998&charge=2&value=K.HALIIYDDLSK.Q,ATP5F1A,3.843e+6,2.522,0.020,1.705,0.000
22001,2,"  1.980","  0.311",8/14,/core/www/modules//sdig/index.php?run_id=110202&search_id=114132&scans_id=110198&peptide_id=13484&scanf=22001&charge=2&value=8/14,sp|Q99426|TBCB_HUMAN,/core/www/modules//consensus/?run_id=110202&search_id=114132&scans_id=110198&peptide_id=13484&scanf=22001&charge=2&value=sp|Q99426|TBCB_HUMAN,3,/core/www/modules/match_peptides/blast_html4.php?run_id=110202&search_id=114132&scans_id=110198&peptide_id=13484&scanf=22001&charge=2&value=3,R.SLTIAEFK.C,/core/www/modules/show_out/show_out_wrapper.php?run_id=110202&search_id=114132&scans_id=110198&peptide_id=13484&scanf=22001&charge=2&value=R.SLTIAEFK.C,TBCB,4.706e+6,2.626,0.014,1.858,0.000
22002,2,"  2.968","  0.507",20/24,/core/www/modules//sdig/index.php?run_id=110202&search_id=114132&scans_id=110198&peptide_id=13485&scanf=22002&charge=2&value=20/24,sp|Q9BUJ2|HNRL1_HUMAN,/core/www/modules//consensus/?run_id=110202&search_id=114132&scans_id=110198&peptide_id=13485&scanf=22002&charge=2&value=sp|Q9BUJ2|HNRL1_HUMAN,4,/core/www/modules/match_peptides/blast_html4.php?run_id=110202&search_id=114132&scans_id=110198&peptide_id=13485&scanf=22002&charge=2&value=4,K.KYNILGTNAIMDK.M,/core/www/modules/show_out/show_out_wrapper.php?run_id=110202&search_id=114132&scans_id=110198&peptide_id=13485&scanf=22002&charge=2&value=K.KYNILGTNAIMDK.M,HNRNPUL1,4.670e+6,3.286,0.001,2.831,0.000
22005,2,"  4.036","  0.595",13/22,/core/www/modules//sdig/index.php?run_id=110202&search_id=114132&scans_id=110198&peptide_id=13488&scanf=22005&charge=2&value=13/22,sp|Q96HR3|MED30_HUMAN,/core/www/modules//consensus/?run_id=110202&search_id=114132&scans_id=110198&peptide_id=13488&scanf=22005&charge=2&value=sp|Q96HR3|MED30_HUMAN,0,/core/www/modules/match_peptides/blast_html4.php?run_id=110202&search_id=114132&scans_id=110198&peptide_id=13488&scanf=22005&charge=2&value=0,R.IGQETVQDIVYR.T,/core/www/modules/show_out/show_out_wrapper.php?run_id=110202&search_id=114132&scans_id=110198&peptide_id=13488&scanf=22005&charge=2&value=R.IGQETVQDIVYR.T,MED30,2.639e+6,3.526,0.001,3.187,0.000
22008,2,"  1.890","  0.331",11/22,/core/www/modules//sdig/index.php?run_id=110202&search_id=114132&scans_id=110198&peptide_id=13491&scanf=22008&charge=2&value=11/22,sp|Q6UB35|C1TM_HUMAN,/core/www/modules//consensus/?run_id=110202&search_id=114132&scans_id=110198&peptide_id=13491&scanf=22008&charge=2&value=sp|Q6UB35|C1TM_HUMAN,5,/core/www/modules/match_peptides/blast_html4.php?run_id=110202&search_id=114132&scans_id=110198&peptide_id=13491&scanf=22008&charge=2&value=5,K.DVDGVTDINLGK.L,/core/www/modules/show_out/show_out_wrapper.php?run_id=110202&search_id=114132&scans_id=110198&peptide_id=13491&scanf=22008&charge=2&value=K.DVDGVTDINLGK.L,MTHFD1L,2.926e+6,2.453,0.025,1.606,0.001
22013,2,"  3.478","  0.704",16/24,/core/www/modules//sdig/index.php?run_id=110202&search_id=114132&scans_id=110198&peptide_id=13496&scanf=22013&charge=2&value=16/24,sp|O43707|ACTN4_HUMAN,/core/www/modules//consensus/?run_id=110202&search_id=114132&scans_id=110198&peptide_id=13496&scanf=22013&charge=2&value=sp|O43707|ACTN4_HUMAN,4,/core/www/modules/match_peptides/blast_html4.php?run_id=110202&search_id=114132&scans_id=110198&peptide_id=13496&scanf=22013&charge=2&value=4,K.AGTQIENIDEDFR.D,/core/www/modules/show_out/show_out_wrapper.php?run_id=110202&search_id=114132&scans_id=110198&peptide_id=13496&scanf=22013&charge=2&value=K.AGTQIENIDEDFR.D,ACTN4,2.682e+7,4.317,0.000,4.360,0.000
22022,2,"  2.548","  0.228",11/20,/core/www/modules//sdig/index.php?run_id=110202&search_id=114132&scans_id=110198&peptide_id=13506&scanf=22022&charge=2&value=11/20,sp|P46939|UTRN_HUMAN,/core/www/modules//consensus/?run_id=110202&search_id=114132&scans_id=110198&peptide_id=13506&scanf=22022&charge=2&value=sp|P46939|UTRN_HUMAN,0,/core/www/modules/match_peptides/blast_html4.php?run_id=110202&search_id=114132&scans_id=110198&peptide_id=13506&scanf=22022&charge=2&value=0,R.ENALQDSILAR.E,/core/www/modules/show_out/show_out_wrapper.php?run_id=110202&search_id=114132&scans_id=110198&peptide_id=13506&scanf=22022&charge=2&value=R.ENALQDSILAR.E,UTRN,4.556e+6,2.026,0.098,1.007,0.005
22024,3,"  1.680","  0.249",12/48,/core/www/modules//sdig/index.php?run_id=110202&search_id=114132&scans_id=110198&peptide_id=13508&scanf=22024&charge=3&value=12/48,sp|Q9BUJ2|HNRL1_HUMAN,/core/www/modules//consensus/?run_id=110202&search_id=114132&scans_id=110198&peptide_id=13508&scanf=22024&charge=3&value=sp|Q9BUJ2|HNRL1_HUMAN,4,/core/www/modules/match_peptides/blast_html4.php?run_id=110202&search_id=114132&scans_id=110198&peptide_id=13508&scanf=22024&charge=3&value=4,K.KYNILGTNAIMDK.M,/core/www/modules/show_out/show_out_wrapper.php?run_id=110202&search_id=114132&scans_id=110198&peptide_id=13508&scanf=22024&charge=3&value=K.KYNILGTNAIMDK.M,HNRNPUL1,1.602e+7,1.985,0.111,0.953,0.005
22030,2,"  2.530","  0.210",7/20,/core/www/modules//sdig/index.php?run_id=110202&search_id=114132&scans_id=110198&peptide_id=13515&scanf=22030&charge=2&value=7/20,sp|P14866|HNRPL_HUMAN,/core/www/modules//consensus/?run_id=110202&search_id=114132&scans_id=110198&peptide_id=13515&scanf=22030&charge=2&value=sp|P14866|HNRPL_HUMAN,4,/core/www/modules/match_peptides/blast_html4.php?run_id=110202&search_id=114132&scans_id=110198&peptide_id=13515&scanf=22030&charge=2&value=4,R.SSSGLLEWESK.S,/core/www/modules/show_out/show_out_wrapper.php?run_id=110202&search_id=114132&scans_id=110198&peptide_id=13515&scanf=22030&charge=2&value=R.SSSGLLEWESK.S,HNRNPL,1.787e+8,2.044,0.093,1.030,0.004
22031,3,"  5.328","  0.670",17/108,/core/www/modules//sdig/index.php?run_id=110202&search_id=114132&scans_id=110198&peptide_id=13516&scanf=22031&charge=3&value=17/108,sp|Q9BWF3|RBM4_HUMAN,/core/www/modules//consensus/?run_id=110202&search_id=114132&scans_id=110198&peptide_id=13516&scanf=22031&charge=3&value=sp|Q9BWF3|RBM4_HUMAN,1,/core/www/modules/match_peptides/blast_html4.php?run_id=110202&search_id=114132&scans_id=110198&peptide_id=13516&scanf=22031&charge=3&value=1,R.ATAPVPTVGEGYGYGHESELSQASAAAR.N,/core/www/modules/show_out/show_out_wrapper.php?run_id=110202&search_id=114132&scans_id=110198&peptide_id=13516&scanf=22031&charge=3&value=R.ATAPVPTVGEGYGYGHESELSQASAAAR.N,RBM4,7.873e+6,3.132,0.002,2.604,0.000
22032,2,"  3.937","  0.605",16/24,/core/www/modules//sdig/index.php?run_id=110202&search_id=114132&scans_id=110198&peptide_id=13517&scanf=22032&charge=2&value=16/24,sp|Q9H6R4|NOL6_HUMAN,/core/www/modules//consensus/?run_id=110202&search_id=114132&scans_id=110198&peptide_id=13517&scanf=22032&charge=2&value=sp|Q9H6R4|NOL6_HUMAN,1,/core/www/modules/match_peptides/blast_html4.php?run_id=110202&search_id=114132&scans_id=110198&peptide_id=13517&scanf=22032&charge=2&value=1,R.EAVVWEAASMSQK.R,/core/www/modules/show_out/show_out_wrapper.php?run_id=110202&search_id=114132&scans_id=110198&peptide_id=13517&scanf=22032&charge=2&value=R.EAVVWEAASMSQK.R,NOL6,3.506e+6,3.709,0.000,3.457,0.000
22035,2,"  4.294","  0.615",14/26,/core/www/modules//sdig/index.php?run_id=110202&search_id=114132&scans_id=110198&peptide_id=13519&scanf=22035&charge=2&value=14/26,sp|P61019|RAB2A_HUMAN,/core/www/modules//consensus/?run_id=110202&search_id=114132&scans_id=110198&peptide_id=13519&scanf=22035&charge=2&value=sp|P61019|RAB2A_HUMAN,1,/core/www/modules/match_peptides/blast_html4.php?run_id=110202&search_id=114132&scans_id=110198&peptide_id=13519&scanf=22035&charge=2&value=1,K.TASNVEEAFINTAK.E,/core/www/modules/show_out/show_out_wrapper.php?run_id=110202&search_id=114132&scans_id=110198&peptide_id=13519&scanf=22035&charge=2&value=K.TASNVEEAFINTAK.E,RAB2A,9.318e+6,3.519,0.001,3.177,0.000
22037,2,"  3.979","  0.629",15/24,/core/www/modules//sdig/index.php?run_id=110202&search_id=114132&scans_id=110198&peptide_id=13521&scanf=22037&charge=2&value=15/24,sp|P25705|ATPA_HUMAN,/core/www/modules//consensus/?run_id=110202&search_id=114132&scans_id=110198&peptide_id=13521&scanf=22037&charge=2&value=sp|P25705|ATPA_HUMAN,2,/core/www/modules/match_peptides/blast_html4.php?run_id=110202&search_id=114132&scans_id=110198&peptide_id=13521&scanf=22037&charge=2&value=2,K.TGTAEMSSILEER.I,/core/www/modules/show_out/show_out_wrapper.php?run_id=110202&search_id=114132&scans_id=110198&peptide_id=13521&scanf=22037&charge=2&value=K.TGTAEMSSILEER.I,ATP5F1A,3.337e+7,3.731,0.000,3.491,0.000
22038,2,"  2.435","  0.675",13/28,/core/www/modules//sdig/index.php?run_id=110202&search_id=114132&scans_id=110198&peptide_id=13522&scanf=22038&charge=2&value=13/28,sp|Q15287|RNPS1_HUMAN,/core/www/modules//consensus/?run_id=110202&search_id=114132&scans_id=110198&peptide_id=13522&scanf=22038&charge=2&value=sp|Q15287|RNPS1_HUMAN,5,/core/www/modules/match_peptides/blast_html4.php?run_id=110202&search_id=114132&scans_id=110198&peptide_id=13522&scanf=22038&charge=2&value=5,K.GYAYVEFENPDEAEK.A,/core/www/modules/show_out/show_out_wrapper.php?run_id=110202&search_id=114132&scans_id=110198&peptide_id=13522&scanf=22038&charge=2&value=K.GYAYVEFENPDEAEK.A,RNPS1,2.376e+7,3.436,0.001,3.054,0.000
22040,2,"  4.437","  0.668",20/38,/core/www/modules//sdig/index.php?run_id=110202&search_id=114132&scans_id=110198&peptide_id=13525&scanf=22040&charge=2&value=20/38,sp|P57721|PCBP3_HUMAN,/core/www/modules//consensus/?run_id=110202&search_id=114132&scans_id=110198&peptide_id=13525&scanf=22040&charge=2&value=sp|P57721|PCBP3_HUMAN,8,/core/www/modules/match_peptides/blast_html4.php?run_id=110202&search_id=114132&scans_id=110198&peptide_id=13525&scanf=22040&charge=2&value=8,R.ESTGAQVQVAGDMLPNSTER.A,/core/www/modules/show_out/show_out_wrapper.php?run_id=110202&search_id=114132&scans_id=110198&peptide_id=13525&scanf=22040&charge=2&value=R.ESTGAQVQVAGDMLPNSTER.A,PCBP3,1.259e+7,3.385,0.001,2.978,0.000
22046,3,"  3.366","  0.453",11/32,/core/www/modules//sdig/index.php?run_id=110202&search_id=114132&scans_id=110198&peptide_id=13531&scanf=22046&charge=3&value=11/32,sp|Q9BWJ5|SF3B5_HUMAN,/core/www/modules//consensus/?run_id=110202&search_id=114132&scans_id=110198&peptide_id=13531&scanf=22046&charge=3&value=sp|Q9BWJ5|SF3B5_HUMAN,0,/core/www/modules/match_peptides/blast_html4.php?run_id=110202&search_id=114132&scans_id=110198&peptide_id=13531&scanf=22046&charge=3&value=0,K.WEWLVNQHR.D,/core/www/modules/show_out/show_out_wrapper.php?run_id=110202&search_id=114132&scans_id=110198&peptide_id=13531&scanf=22046&charge=3&value=K.WEWLVNQHR.D,SF3B5,5.981e+6,3.098,0.003,2.553,0.000
22051,3,"  3.453","  0.456",10/32,/core/www/modules//sdig/index.php?run_id=110202&search_id=114132&scans_id=110198&peptide_id=13537&scanf=22051&charge=3&value=10/32,sp|Q92841|DDX17_HUMAN,/core/www/modules//consensus/?run_id=110202&search_id=114132&scans_id=110198&peptide_id=13537&scanf=22051&charge=3&value=sp|Q92841|DDX17_HUMAN,2,/core/www/modules/match_peptides/blast_html4.php?run_id=110202&search_id=114132&scans_id=110198&peptide_id=13537&scanf=22051&charge=3&value=2,K.KWDLSELPK.F,/core/www/modules/show_out/show_out_wrapper.php?run_id=110202&search_id=114132&scans_id=110198&peptide_id=13537&scanf=22051&charge=3&value=K.KWDLSELPK.F,DDX17,4.682e+6,2.964,0.004,2.355,0.000
22052,2,"  2.699","  0.437",8/20,/core/www/modules//sdig/index.php?run_id=110202&search_id=114132&scans_id=110198&peptide_id=13538&scanf=22052&charge=2&value=8/20,sp|P40429|RL13A_HUMAN,/core/www/modules//consensus/?run_id=110202&search_id=114132&scans_id=110198&peptide_id=13538&scanf=22052&charge=2&value=sp|P40429|RL13A_HUMAN,5,/core/www/modules/match_peptides/blast_html4.php?run_id=110202&search_id=114132&scans_id=110198&peptide_id=13538&scanf=22052&charge=2&value=5,K.VFDGIPPPYDK.K,/core/www/modules/show_out/show_out_wrapper.php?run_id=110202&search_id=114132&scans_id=110198&peptide_id=13538&scanf=22052&charge=2&value=K.VFDGIPPPYDK.K,RPL13A,1.303e+8,2.722,0.010,1.999,0.000
22055,2,"  2.068","  0.262",10/12,/core/www/modules//sdig/index.php?run_id=110202&search_id=114132&scans_id=110198&peptide_id=13540&scanf=22055&charge=2&value=10/12,sp|P04908|H2A1B_HUMAN,/core/www/modules//consensus/?run_id=110202&search_id=114132&scans_id=110198&peptide_id=13540&scanf=22055&charge=2&value=sp|P04908|H2A1B_HUMAN,20,/core/www/modules/match_peptides/blast_html4.php?run_id=110202&search_id=114132&scans_id=110198&peptide_id=13540&scanf=22055&charge=2&value=20,R.HLQLAIR.N,/core/www/modules/show_out/show_out_wrapper.php?run_id=110202&search_id=114132&scans_id=110198&peptide_id=13540&scanf=22055&charge=2&value=R.HLQLAIR.N,H2AC8,1.860e+9,3.089,0.003,2.539,0.000
22057,2,"  2.458","  0.498",9/16,/core/www/modules//sdig/index.php?run_id=110202&search_id=114132&scans_id=110198&peptide_id=13542&scanf=22057&charge=2&value=9/16,sp|Q9HB71|CYBP_HUMAN,/core/www/modules//consensus/?run_id=110202&search_id=114132&scans_id=110198&peptide_id=13542&scanf=22057&charge=2&value=sp|Q9HB71|CYBP_HUMAN,0,/core/www/modules/match_peptides/blast_html4.php?run_id=110202&search_id=114132&scans_id=110198&peptide_id=13542&scanf=22057&charge=2&value=0,R.WDYLTQVEK.E,/core/www/modules/show_out/show_out_wrapper.php?run_id=110202&search_id=114132&scans_id=110198&peptide_id=13542&scanf=22057&charge=2&value=R.WDYLTQVEK.E,CACYBP,8.873e+6,3.131,0.003,2.602,0.000
22060,3,"  5.620","  0.656",23/76,/core/www/modules//sdig/index.php?run_id=110202&search_id=114132&scans_id=110198&peptide_id=13546&scanf=22060&charge=3&value=23/76,sp|P57721|PCBP3_HUMAN,/core/www/modules//consensus/?run_id=110202&search_id=114132&scans_id=110198&peptide_id=13546&scanf=22060&charge=3&value=sp|P57721|PCBP3_HUMAN,8,/core/www/modules/match_peptides/blast_html4.php?run_id=110202&search_id=114132&scans_id=110198&peptide_id=13546&scanf=22060&charge=3&value=8,R.ESTGAQVQVAGDMLPNSTER.A,/core/www/modules/show_out/show_out_wrapper.php?run_id=110202&search_id=114132&scans_id=110198&peptide_id=13546&scanf=22060&charge=3&value=R.ESTGAQVQVAGDMLPNSTER.A,PCBP3,1.701e+7,3.606,0.000,3.305,0.000
22065,3,"  4.373","  0.703",19/104,/core/www/modules//sdig/index.php?run_id=110202&search_id=114132&scans_id=110198&peptide_id=13551&scanf=22065&charge=3&value=19/104,sp|Q8WUA4|TF3C2_HUMAN,/core/www/modules//consensus/?run_id=110202&search_id=114132&scans_id=110198&peptide_id=13551&scanf=22065&charge=3&value=sp|Q8WUA4|TF3C2_HUMAN,2,/core/www/modules/match_peptides/blast_html4.php?run_id=110202&search_id=114132&scans_id=110198&peptide_id=13551&scanf=22065&charge=3&value=2,K.ADLIPYQDSPEGPDHSSASSGVPNPPK.A,/core/www/modules/show_out/show_out_wrapper.php?run_id=110202&search_id=114132&scans_id=110198&peptide_id=13551&scanf=22065&charge=3&value=K.ADLIPYQDSPEGPDHSSASSGVPNPPK.A,GTF3C2,2.359e+6,3.323,0.001,2.886,0.000
22068,3,"  4.480","  0.515",12/56,/core/www/modules//sdig/index.php?run_id=110202&search_id=114132&scans_id=110198&peptide_id=13554&scanf=22068&charge=3&value=12/56,sp|Q15020|SART3_HUMAN,/core/www/modules//consensus/?run_id=110202&search_id=114132&scans_id=110198&peptide_id=13554&scanf=22068&charge=3&value=sp|Q15020|SART3_HUMAN,1,/core/www/modules/match_peptides/blast_html4.php?run_id=110202&search_id=114132&scans_id=110198&peptide_id=13554&scanf=22068&charge=3&value=1,K.YKPYEEALLQAEAPR.L,/core/www/modules/show_out/show_out_wrapper.php?run_id=110202&search_id=114132&scans_id=110198&peptide_id=13554&scanf=22068&charge=3&value=K.YKPYEEALLQAEAPR.L,SART3,1.266e+7,3.190,0.002,2.690,0.000
22069,3,"  1.696","  0.369",15/72,/core/www/modules//sdig/index.php?run_id=110202&search_id=114132&scans_id=110198&peptide_id=13555&scanf=22069&charge=3&value=15/72,sp|P31943|HNRH1_HUMAN,/core/www/modules//consensus/?run_id=110202&search_id=114132&scans_id=110198&peptide_id=13555&scanf=22069&charge=3&value=sp|P31943|HNRH1_HUMAN,14,/core/www/modules/match_peptides/blast_html4.php?run_id=110202&search_id=114132&scans_id=110198&peptide_id=13555&scanf=22069&charge=3&value=14,R.EGRPSGEAFVELESEDEVK.L,/core/www/modules/show_out/show_out_wrapper.php?run_id=110202&search_id=114132&scans_id=110198&peptide_id=13555&scanf=22069&charge=3&value=R.EGRPSGEAFVELESEDEVK.L,HNRNPH1,1.791e+7,2.405,0.029,1.537,0.001
22071,3,"  3.551","  0.392",9/56,/core/www/modules//sdig/index.php?run_id=110202&search_id=114132&scans_id=110198&peptide_id=13558&scanf=22071&charge=3&value=9/56,sp|P08670|VIME_HUMAN,/core/www/modules//consensus/?run_id=110202&search_id=114132&scans_id=110198&peptide_id=13558&scanf=22071&charge=3&value=sp|P08670|VIME_HUMAN,0,/core/www/modules/match_peptides/blast_html4.php?run_id=110202&search_id=114132&scans_id=110198&peptide_id=13558&scanf=22071&charge=3&value=0,R.ETNLDSLPLVDTHSK.R,/core/www/modules/show_out/show_out_wrapper.php?run_id=110202&search_id=114132&scans_id=110198&peptide_id=13558&scanf=22071&charge=3&value=R.ETNLDSLPLVDTHSK.R,VIM,1.400e+7,3.046,0.003,2.476,0.000
22072,2,"  4.232","  0.559",14/28,/core/www/modules//sdig/index.php?run_id=110202&search_id=114132&scans_id=110198&peptide_id=13559&scanf=22072&charge=2&value=14/28,sp|P07900|HS90A_HUMAN,/core/www/modules//consensus/?run_id=110202&search_id=114132&scans_id=110198&peptide_id=13559&scanf=22072&charge=2&value=sp|P07900|HS90A_HUMAN,0,/core/www/modules/match_peptides/blast_html4.php?run_id=110202&search_id=114132&scans_id=110198&peptide_id=13559&scanf=22072&charge=2&value=0,R.NPDDITNEEYGEFYK.S,/core/www/modules/show_out/show_out_wrapper.php?run_id=110202&search_id=114132&scans_id=110198&peptide_id=13559&scanf=22072&charge=2&value=R.NPDDITNEEYGEFYK.S,HSP90AA1,7.596e+7,3.428,0.001,3.042,0.000
22073,2,"  2.565","  0.382",9/16,/core/www/modules//sdig/index.php?run_id=110202&search_id=114132&scans_id=110198&peptide_id=13560&scanf=22073&charge=2&value=9/16,sp|Q15149|PLEC_HUMAN,/core/www/modules//consensus/?run_id=110202&search_id=114132&scans_id=110198&peptide_id=13560&scanf=22073&charge=2&value=sp|Q15149|PLEC_HUMAN,5,/core/www/modules/match_peptides/blast_html4.php?run_id=110202&search_id=114132&scans_id=110198&peptide_id=13560&scanf=22073&charge=2&value=5,R.SELELTLGK.L,/core/www/modules/show_out/show_out_wrapper.php?run_id=110202&search_id=114132&scans_id=110198&peptide_id=13560&scanf=22073&charge=2&value=R.SELELTLGK.L,PLEC,4.783e+6,3.284,0.001,2.828,0.000
22077,3,"  3.503","  0.375",11/60,/core/www/modules//sdig/index.php?run_id=110202&search_id=114132&scans_id=110198&peptide_id=13563&scanf=22077&charge=3&value=11/60,sp|P62736|ACTA_HUMAN,/core/www/modules//consensus/?run_id=110202&search_id=114132&scans_id=110198&peptide_id=13563&scanf=22077&charge=3&value=sp|P62736|ACTA_HUMAN,8,/core/www/modules/match_peptides/blast_html4.php?run_id=110202&search_id=114132&scans_id=110198&peptide_id=13563&scanf=22077&charge=3&value=8,K.YPIEHGIITNWDDM*EK.I,/core/www/modules/show_out/show_out_wrapper.php?run_id=110202&search_id=114132&scans_id=110198&peptide_id=13563&scanf=22077&charge=3&value=K.YPIEHGIITNWDDM*EK.I,ACTA2,2.732e+8,2.554,0.018,1.752,0.000
22080,3,"  3.472","  0.456",13/64,/core/www/modules//sdig/index.php?run_id=110202&search_id=114132&scans_id=110198&peptide_id=13567&scanf=22080&charge=3&value=13/64,sp|Q9NR30|DDX21_HUMAN,/core/www/modules//consensus/?run_id=110202&search_id=114132&scans_id=110198&peptide_id=13567&scanf=22080&charge=3&value=sp|Q9NR30|DDX21_HUMAN,3,/core/www/modules/match_peptides/blast_html4.php?run_id=110202&search_id=114132&scans_id=110198&peptide_id=13567&scanf=22080&charge=3&value=3,K.SDKTEEIAEEEETVFPK.A,/core/www/modules/show_out/show_out_wrapper.php?run_id=110202&search_id=114132&scans_id=110198&peptide_id=13567&scanf=22080&charge=3&value=K.SDKTEEIAEEEETVFPK.A,DDX21,4.277e+7,2.677,0.012,1.932,0.000
22082,3,"  6.338","  0.666",21/76,/core/www/modules//sdig/index.php?run_id=110202&search_id=114132&scans_id=110198&peptide_id=13569&scanf=22082&charge=3&value=21/76,sp|Q16643|DREB_HUMAN,/core/www/modules//consensus/?run_id=110202&search_id=114132&scans_id=110198&peptide_id=13569&scanf=22082&charge=3&value=sp|Q16643|DREB_HUMAN,1,/core/www/modules/match_peptides/blast_html4.php?run_id=110202&search_id=114132&scans_id=110198&peptide_id=13569&scanf=22082&charge=3&value=1,K.LAASGEGGLQELSGHFENQK.V,/core/www/modules/show_out/show_out_wrapper.php?run_id=110202&search_id=114132&scans_id=110198&peptide_id=13569&scanf=22082&charge=3&value=K.LAASGEGGLQELSGHFENQK.V,DBN1,1.798e+8,3.756,0.000,3.527,0.000
22083,2,"  2.313","  0.338",11/20,/core/www/modules//sdig/index.php?run_id=110202&search_id=114132&scans_id=110198&peptide_id=13570&scanf=22083&charge=2&value=11/20,sp|P31943|HNRH1_HUMAN,/core/www/modules//consensus/?run_id=110202&search_id=114132&scans_id=110198&peptide_id=13570&scanf=22083&charge=2&value=sp|P31943|HNRH1_HUMAN,15,/core/www/modules/match_peptides/blast_html4.php?run_id=110202&search_id=114132&scans_id=110198&peptide_id=13570&scanf=22083&charge=2&value=15,K.SNNVEM*DWVLK.H,/core/www/modules/show_out/show_out_wrapper.php?run_id=110202&search_id=114132&scans_id=110198&peptide_id=13570&scanf=22083&charge=2&value=K.SNNVEM*DWVLK.H,HNRNPH1,3.364e+6,2.617,0.014,1.844,0.000
22085,3,"  2.316","  0.388",14/88,/core/www/modules//sdig/index.php?run_id=110202&search_id=114132&scans_id=110198&peptide_id=13572&scanf=22085&charge=3&value=14/88,sp|P52272|HNRPM_HUMAN,/core/www/modules//consensus/?run_id=110202&search_id=114132&scans_id=110198&peptide_id=13572&scanf=22085&charge=3&value=sp|P52272|HNRPM_HUMAN,3,/core/www/modules/match_peptides/blast_html4.php?run_id=110202&search_id=114132&scans_id=110198&peptide_id=13572&scanf=22085&charge=3&value=3,R.GNFGGSFAGSFGGAGGHAPGVAR.K,/core/www/modules/show_out/show_out_wrapper.php?run_id=110202&search_id=114132&scans_id=110198&peptide_id=13572&scanf=22085&charge=3&value=R.GNFGGSFAGSFGGAGGHAPGVAR.K,HNRNPM,7.786e+7,2.468,0.024,1.627,0.001
22093,2,"  1.835","  0.291",9/12,/core/www/modules//sdig/index.php?run_id=110202&search_id=114132&scans_id=110198&peptide_id=13581&scanf=22093&charge=2&value=9/12,sp|Q9Y5B9|SP16H_HUMAN,/core/www/modules//consensus/?run_id=110202&search_id=114132&scans_id=110198&peptide_id=13581&scanf=22093&charge=2&value=sp|Q9Y5B9|SP16H_HUMAN,0,/core/www/modules/match_peptides/blast_html4.php?run_id=110202&search_id=114132&scans_id=110198&peptide_id=13581&scanf=22093&charge=2&value=0,K.NVGIFLK.N,/core/www/modules/show_out/show_out_wrapper.php?run_id=110202&search_id=114132&scans_id=110198&peptide_id=13581&scanf=22093&charge=2&value=K.NVGIFLK.N,SUPT16H,4.702e+7,2.936,0.005,2.313,0.000
22094,2,"  2.930","  0.580",12/26,/core/www/modules//sdig/index.php?run_id=110202&search_id=114132&scans_id=110198&peptide_id=13582&scanf=22094&charge=2&value=12/26,sp|Q12906|ILF3_HUMAN,/core/www/modules//consensus/?run_id=110202&search_id=114132&scans_id=110198&peptide_id=13582&scanf=22094&charge=2&value=sp|Q12906|ILF3_HUMAN,0,/core/www/modules/match_peptides/blast_html4.php?run_id=110202&search_id=114132&scans_id=110198&peptide_id=13582&scanf=22094&charge=2&value=0,K.VLQDMGLPTGAEGR.D,/core/www/modules/show_out/show_out_wrapper.php?run_id=110202&search_id=114132&scans_id=110198&peptide_id=13582&scanf=22094&charge=2&value=K.VLQDMGLPTGAEGR.D,ILF3,2.322e+8,3.383,0.001,2.975,0.000
22097,2,"  2.340","  0.628",11/18,/core/www/modules//sdig/index.php?run_id=110202&search_id=114132&scans_id=110198&peptide_id=13584&scanf=22097&charge=2&value=11/18,sp|Q00839|HNRPU_HUMAN,/core/www/modules//consensus/?run_id=110202&search_id=114132&scans_id=110198&peptide_id=13584&scanf=22097&charge=2&value=sp|Q00839|HNRPU_HUMAN,4,/core/www/modules/match_peptides/blast_html4.php?run_id=110202&search_id=114132&scans_id=110198&peptide_id=13584&scanf=22097&charge=2&value=4,R.GYFEYIEENK.Y,/core/www/modules/show_out/show_out_wrapper.php?run_id=110202&search_id=114132&scans_id=110198&peptide_id=13584&scanf=22097&charge=2&value=R.GYFEYIEENK.Y,HNRNPU,1.172e+8,3.749,0.000,3.517,0.000
22099,3,"  3.535","  0.200",13/52,/core/www/modules//sdig/index.php?run_id=110202&search_id=114132&scans_id=110198&peptide_id=13586&scanf=22099&charge=3&value=13/52,sp|P33992|MCM5_HUMAN,/core/www/modules//consensus/?run_id=110202&search_id=114132&scans_id=110198&peptide_id=13586&scanf=22099&charge=3&value=sp|P33992|MCM5_HUMAN,1,/core/www/modules/match_peptides/blast_html4.php?run_id=110202&search_id=114132&scans_id=110198&peptide_id=13586&scanf=22099&charge=3&value=1,R.FAIGSQVSEHSIIK.D,/core/www/modules/show_out/show_out_wrapper.php?run_id=110202&search_id=114132&scans_id=110198&peptide_id=13586&scanf=22099&charge=3&value=R.FAIGSQVSEHSIIK.D,MCM5,6.103e+6,2.180,0.061,1.217,0.002
22104,2,"  2.599","  0.480",8/22,/core/www/modules//sdig/index.php?run_id=110202&search_id=114132&scans_id=110198&peptide_id=13592&scanf=22104&charge=2&value=8/22,sp|Q9NWH9|SLTM_HUMAN,/core/www/modules//consensus/?run_id=110202&search_id=114132&scans_id=110198&peptide_id=13592&scanf=22104&charge=2&value=sp|Q9NWH9|SLTM_HUMAN,1,/core/www/modules/match_peptides/blast_html4.php?run_id=110202&search_id=114132&scans_id=110198&peptide_id=13592&scanf=22104&charge=2&value=1,K.NIWVSGLSSNTK.A,/core/www/modules/show_out/show_out_wrapper.php?run_id=110202&search_id=114132&scans_id=110198&peptide_id=13592&scanf=22104&charge=2&value=K.NIWVSGLSSNTK.A,SLTM,1.015e+7,2.748,0.009,2.037,0.000
22106,3,"  2.089","  0.196",10/52,/core/www/modules//sdig/index.php?run_id=110202&search_id=114132&scans_id=110198&peptide_id=13594&scanf=22106&charge=3&value=10/52,sp|O95793|STAU1_HUMAN,/core/www/modules//consensus/?run_id=110202&search_id=114132&scans_id=110198&peptide_id=13594&scanf=22106&charge=3&value=sp|O95793|STAU1_HUMAN,1,/core/www/modules/match_peptides/blast_html4.php?run_id=110202&search_id=114132&scans_id=110198&peptide_id=13594&scanf=22106&charge=3&value=1,K.LLSELDQQSTEMPR.T,/core/www/modules/show_out/show_out_wrapper.php?run_id=110202&search_id=114132&scans_id=110198&peptide_id=13594&scanf=22106&charge=3&value=K.LLSELDQQSTEMPR.T,STAU1,1.966e+6,2.040,0.094,1.025,0.004
22107,3,"  2.150","  0.399",11/52,/core/www/modules//sdig/index.php?run_id=110202&search_id=114132&scans_id=110198&peptide_id=13595&scanf=22107&charge=3&value=11/52,sp|Q15269|PWP2_HUMAN,/core/www/modules//consensus/?run_id=110202&search_id=114132&scans_id=110198&peptide_id=13595&scanf=22107&charge=3&value=sp|Q15269|PWP2_HUMAN,0,/core/www/modules/match_peptides/blast_html4.php?run_id=110202&search_id=114132&scans_id=110198&peptide_id=13595&scanf=22107&charge=3&value=0,K.EGDFNNLTAAAFHK.K,/core/www/modules/show_out/show_out_wrapper.php?run_id=110202&search_id=114132&scans_id=110198&peptide_id=13595&scanf=22107&charge=3&value=K.EGDFNNLTAAAFHK.K,PWP2,4.533e+6,2.672,0.012,1.924,0.000
22111,2,"  1.366","  0.165",6/12,/core/www/modules//sdig/index.php?run_id=110202&search_id=114132&scans_id=110198&peptide_id=13600&scanf=22111&charge=2&value=6/12,sp|Q9C0I9|LRC27_HUMAN,/core/www/modules//consensus/?run_id=110202&search_id=114132&scans_id=110198&peptide_id=13600&scanf=22111&charge=2&value=sp|Q9C0I9|LRC27_HUMAN,0,/core/www/modules/match_peptides/blast_html4.php?run_id=110202&search_id=114132&scans_id=110198&peptide_id=13600&scanf=22111&charge=2&value=0,R.ELPPNLK.A,/core/www/modules/show_out/show_out_wrapper.php?run_id=110202&search_id=114132&scans_id=110198&peptide_id=13600&scanf=22111&charge=2&value=R.ELPPNLK.A,LRRC27,7.549e+6,1.982,0.113,0.949,0.005
22113,2,"  2.484","  0.479",10/16,/core/www/modules//sdig/index.php?run_id=110202&search_id=114132&scans_id=110198&peptide_id=13602&scanf=22113&charge=2&value=10/16,sp|Q9NU22|MDN1_HUMAN,/core/www/modules//consensus/?run_id=110202&search_id=114132&scans_id=110198&peptide_id=13602&scanf=22113&charge=2&value=sp|Q9NU22|MDN1_HUMAN,0,/core/www/modules/match_peptides/blast_html4.php?run_id=110202&search_id=114132&scans_id=110198&peptide_id=13602&scanf=22113&charge=2&value=0,K.EGVLIDAMR.K,/core/www/modules/show_out/show_out_wrapper.php?run_id=110202&search_id=114132&scans_id=110198&peptide_id=13602&scanf=22113&charge=2&value=K.EGVLIDAMR.K,MDN1,7.154e+6,3.533,0.001,3.198,0.000
22114,2,"  3.100","  0.411",11/36,/core/www/modules//sdig/index.php?run_id=110202&search_id=114132&scans_id=110198&peptide_id=13603&scanf=22114&charge=2&value=11/36,sp|O14497|ARI1A_HUMAN,/core/www/modules//consensus/?run_id=110202&search_id=114132&scans_id=110198&peptide_id=13603&scanf=22114&charge=2&value=sp|O14497|ARI1A_HUMAN,14,/core/www/modules/match_peptides/blast_html4.php?run_id=110202&search_id=114132&scans_id=110198&peptide_id=13603&scanf=22114&charge=2&value=14,R.ELATNLNVGTSSSAASSLK.K,/core/www/modules/show_out/show_out_wrapper.php?run_id=110202&search_id=114132&scans_id=110198&peptide_id=13603&scanf=22114&charge=2&value=R.ELATNLNVGTSSSAASSLK.K,ARID1A,1.978e+6,2.146,0.068,1.170,0.002
22118,2,"  2.194","  0.638",11/20,/core/www/modules//sdig/index.php?run_id=110202&search_id=114132&scans_id=110198&peptide_id=13606&scanf=22118&charge=2&value=11/20,sp|P40429|RL13A_HUMAN,/core/www/modules//consensus/?run_id=110202&search_id=114132&scans_id=110198&peptide_id=13606&scanf=22118&charge=2&value=sp|P40429|RL13A_HUMAN,5,/core/www/modules/match_peptides/blast_html4.php?run_id=110202&search_id=114132&scans_id=110198&peptide_id=13606&scanf=22118&charge=2&value=5,K.VFDGIPPPYDK.K,/core/www/modules/show_out/show_out_wrapper.php?run_id=110202&search_id=114132&scans_id=110198&peptide_id=13606&scanf=22118&charge=2&value=K.VFDGIPPPYDK.K,RPL13A,1.303e+8,3.583,0.001,3.272,0.000
22121,2,"  1.392","  0.000",8/12,/core/www/modules//sdig/index.php?run_id=110202&search_id=114132&scans_id=110198&peptide_id=13609&scanf=22121&charge=2&value=8/12,sp|P09651|ROA1_HUMAN,/core/www/modules//consensus/?run_id=110202&search_id=114132&scans_id=110198&peptide_id=13609&scanf=22121&charge=2&value=sp|P09651|ROA1_HUMAN,0,/core/www/modules/match_peptides/blast_html4.php?run_id=110202&search_id=114132&scans_id=110198&peptide_id=13609&scanf=22121&charge=2&value=0,K.IFVGGIK.E,/core/www/modules/show_out/show_out_wrapper.php?run_id=110202&search_id=114132&scans_id=110198&peptide_id=13609&scanf=22121&charge=2&value=K.IFVGGIK.E,HNRNPA1,9.192e+6,2.405,0.029,1.537,0.001
22122,3,"  2.706","  0.256",13/68,/core/www/modules//sdig/index.php?run_id=110202&search_id=114132&scans_id=110198&peptide_id=13610&scanf=22122&charge=3&value=13/68,sp|P51610|HCFC1_HUMAN,/core/www/modules//consensus/?run_id=110202&search_id=114132&scans_id=110198&peptide_id=13610&scanf=22122&charge=3&value=sp|P51610|HCFC1_HUMAN,2,/core/www/modules/match_peptides/blast_html4.php?run_id=110202&search_id=114132&scans_id=110198&peptide_id=13610&scanf=22122&charge=3&value=2,K.SPDGAHLTWEPPSVTSGK.I,/core/www/modules/show_out/show_out_wrapper.php?run_id=110202&search_id=114132&scans_id=110198&peptide_id=13610&scanf=22122&charge=3&value=K.SPDGAHLTWEPPSVTSGK.I,HCFC1,6.305e+6,2.053,0.091,1.043,0.004
22126,3,"  2.813","  0.526",12/60,/core/www/modules//sdig/index.php?run_id=110202&search_id=114132&scans_id=110198&peptide_id=13614&scanf=22126&charge=3&value=12/60,sp|P07237|PDIA1_HUMAN,/core/www/modules//consensus/?run_id=110202&search_id=114132&scans_id=110198&peptide_id=13614&scanf=22126&charge=3&value=sp|P07237|PDIA1_HUMAN,16,/core/www/modules/match_peptides/blast_html4.php?run_id=110202&search_id=114132&scans_id=110198&peptide_id=13614&scanf=22126&charge=3&value=16,K.IKPHLMSQELPEDWDK.Q,/core/www/modules/show_out/show_out_wrapper.php?run_id=110202&search_id=114132&scans_id=110198&peptide_id=13614&scanf=22126&charge=3&value=K.IKPHLMSQELPEDWDK.Q,P4HB,2.842e+6,3.111,0.003,2.572,0.000
22129,3,"  5.919","  0.582",24/68,/core/www/modules//sdig/index.php?run_id=110202&search_id=114132&scans_id=110198&peptide_id=13617&scanf=22129&charge=3&value=24/68,sp|O43707|ACTN4_HUMAN,/core/www/modules//consensus/?run_id=110202&search_id=114132&scans_id=110198&peptide_id=13617&scanf=22129&charge=3&value=sp|O43707|ACTN4_HUMAN,4,/core/www/modules/match_peptides/blast_html4.php?run_id=110202&search_id=114132&scans_id=110198&peptide_id=13617&scanf=22129&charge=3&value=4,R.KAGTQIENIDEDFRDGLK.L,/core/www/modules/show_out/show_out_wrapper.php?run_id=110202&search_id=114132&scans_id=110198&peptide_id=13617&scanf=22129&charge=3&value=R.KAGTQIENIDEDFRDGLK.L,ACTN4,2.503e+7,3.321,0.001,2.883,0.000
22130,3,"  3.057","  0.646",11/40,/core/www/modules//sdig/index.php?run_id=110202&search_id=114132&scans_id=110198&peptide_id=13619&scanf=22130&charge=3&value=11/40,sp|P78527|PRKDC_HUMAN,/core/www/modules//consensus/?run_id=110202&search_id=114132&scans_id=110198&peptide_id=13619&scanf=22130&charge=3&value=sp|P78527|PRKDC_HUMAN,1,/core/www/modules/match_peptides/blast_html4.php?run_id=110202&search_id=114132&scans_id=110198&peptide_id=13619&scanf=22130&charge=3&value=1,K.HDVGAYMLMYK.G,/core/www/modules/show_out/show_out_wrapper.php?run_id=110202&search_id=114132&scans_id=110198&peptide_id=13619&scanf=22130&charge=3&value=K.HDVGAYMLMYK.G,PRKDC,5.880e+6,4.548,0.000,4.702,0.000
22141,3,"  5.591","  0.676",22/76,/core/www/modules//sdig/index.php?run_id=110202&search_id=114132&scans_id=110198&peptide_id=13630&scanf=22141&charge=3&value=22/76,sp|Q16643|DREB_HUMAN,/core/www/modules//consensus/?run_id=110202&search_id=114132&scans_id=110198&peptide_id=13630&scanf=22141&charge=3&value=sp|Q16643|DREB_HUMAN,1,/core/www/modules/match_peptides/blast_html4.php?run_id=110202&search_id=114132&scans_id=110198&peptide_id=13630&scanf=22141&charge=3&value=1,K.LAASGEGGLQELSGHFENQK.V,/core/www/modules/show_out/show_out_wrapper.php?run_id=110202&search_id=114132&scans_id=110198&peptide_id=13630&scanf=22141&charge=3&value=K.LAASGEGGLQELSGHFENQK.V,DBN1,1.798e+8,3.786,0.000,3.573,0.000
22142,2,"  1.937","  0.471",11/18,/core/www/modules//sdig/index.php?run_id=110202&search_id=114132&scans_id=110198&peptide_id=13631&scanf=22142&charge=2&value=11/18,sp|Q6P2Q9|PRP8_HUMAN,/core/www/modules//consensus/?run_id=110202&search_id=114132&scans_id=110198&peptide_id=13631&scanf=22142&charge=2&value=sp|Q6P2Q9|PRP8_HUMAN,0,/core/www/modules/match_peptides/blast_html4.php?run_id=110202&search_id=114132&scans_id=110198&peptide_id=13631&scanf=22142&charge=2&value=0,K.TAEEVAALIR.S,/core/www/modules/show_out/show_out_wrapper.php?run_id=110202&search_id=114132&scans_id=110198&peptide_id=13631&scanf=22142&charge=2&value=K.TAEEVAALIR.S,PRPF8,3.414e+7,3.329,0.001,2.895,0.000
22144,3,"  4.657","  0.582",16/52,/core/www/modules//sdig/index.php?run_id=110202&search_id=114132&scans_id=110198&peptide_id=13633&scanf=22144&charge=3&value=16/52,sp|P12956|XRCC6_HUMAN,/core/www/modules//consensus/?run_id=110202&search_id=114132&scans_id=110198&peptide_id=13633&scanf=22144&charge=3&value=sp|P12956|XRCC6_HUMAN,1,/core/www/modules/match_peptides/blast_html4.php?run_id=110202&search_id=114132&scans_id=110198&peptide_id=13633&scanf=22144&charge=3&value=1,R.SDSFENPVLQQHFR.N,/core/www/modules/show_out/show_out_wrapper.php?run_id=110202&search_id=114132&scans_id=110198&peptide_id=13633&scanf=22144&charge=3&value=R.SDSFENPVLQQHFR.N,XRCC6,1.213e+8,3.691,0.000,3.432,0.000
22151,2,"  2.848","  0.554",12/20,/core/www/modules//sdig/index.php?run_id=110202&search_id=114132&scans_id=110198&peptide_id=13641&scanf=22151&charge=2&value=12/20,sp|A6NMY6|AXA2L_HUMAN,/core/www/modules//consensus/?run_id=110202&search_id=114132&scans_id=110198&peptide_id=13641&scanf=22151&charge=2&value=sp|A6NMY6|AXA2L_HUMAN,3,/core/www/modules/match_peptides/blast_html4.php?run_id=110202&search_id=114132&scans_id=110198&peptide_id=13641&scanf=22151&charge=2&value=3,K.SLYYYIQQDTK.G,/core/www/modules/show_out/show_out_wrapper.php?run_id=110202&search_id=114132&scans_id=110198&peptide_id=13641&scanf=22151&charge=2&value=K.SLYYYIQQDTK.G,ANXA2P2,1.615e+7,3.393,0.001,2.990,0.000
22152,2,"  4.170","  0.615",16/28,/core/www/modules//sdig/index.php?run_id=110202&search_id=114132&scans_id=110198&peptide_id=13642&scanf=22152&charge=2&value=16/28,sp|P08670|VIME_HUMAN,/core/www/modules//consensus/?run_id=110202&search_id=114132&scans_id=110198&peptide_id=13642&scanf=22152&charge=2&value=sp|P08670|VIME_HUMAN,0,/core/www/modules/match_peptides/blast_html4.php?run_id=110202&search_id=114132&scans_id=110198&peptide_id=13642&scanf=22152&charge=2&value=0,R.ETNLDSLPLVDTHSK.R,/core/www/modules/show_out/show_out_wrapper.php?run_id=110202&search_id=114132&scans_id=110198&peptide_id=13642&scanf=22152&charge=2&value=R.ETNLDSLPLVDTHSK.R,VIM,4.233e+6,3.960,0.000,3.830,0.000
22160,2,"  2.448","  0.516",10/16,/core/www/modules//sdig/index.php?run_id=110202&search_id=114132&scans_id=110198&peptide_id=13650&scanf=22160&charge=2&value=10/16,sp|P18124|RL7_HUMAN,/core/www/modules//consensus/?run_id=110202&search_id=114132&scans_id=110198&peptide_id=13650&scanf=22160&charge=2&value=sp|P18124|RL7_HUMAN,3,/core/www/modules/match_peptides/blast_html4.php?run_id=110202&search_id=114132&scans_id=110198&peptide_id=13650&scanf=22160&charge=2&value=3,R.QIFNGTFVK.L,/core/www/modules/show_out/show_out_wrapper.php?run_id=110202&search_id=114132&scans_id=110198&peptide_id=13650&scanf=22160&charge=2&value=R.QIFNGTFVK.L,RPL7,8.294e+7,3.417,0.001,3.026,0.000
22166,2,"  3.243","  0.549",13/24,/core/www/modules//sdig/index.php?run_id=110202&search_id=114132&scans_id=110198&peptide_id=13656&scanf=22166&charge=2&value=13/24,sp|Q9BZE4|GTPB4_HUMAN,/core/www/modules//consensus/?run_id=110202&search_id=114132&scans_id=110198&peptide_id=13656&scanf=22166&charge=2&value=sp|Q9BZE4|GTPB4_HUMAN,0,/core/www/modules/match_peptides/blast_html4.php?run_id=110202&search_id=114132&scans_id=110198&peptide_id=13656&scanf=22166&charge=2&value=0,R.ADVDVQPYAFTTK.S,/core/www/modules/show_out/show_out_wrapper.php?run_id=110202&search_id=114132&scans_id=110198&peptide_id=13656&scanf=22166&charge=2&value=R.ADVDVQPYAFTTK.S,GTPBP4,1.129e+7,3.196,0.002,2.698,0.000
22167,2,"  3.092","  0.481",11/22,/core/www/modules//sdig/index.php?run_id=110202&search_id=114132&scans_id=110198&peptide_id=13657&scanf=22167&charge=2&value=11/22,sp|P04350|TBB4A_HUMAN,/core/www/modules//consensus/?run_id=110202&search_id=114132&scans_id=110198&peptide_id=13657&scanf=22167&charge=2&value=sp|P04350|TBB4A_HUMAN,10,/core/www/modules/match_peptides/blast_html4.php?run_id=110202&search_id=114132&scans_id=110198&peptide_id=13657&scanf=22167&charge=2&value=10,R.IM*NTFSVVPSPK.V,/core/www/modules/show_out/show_out_wrapper.php?run_id=110202&search_id=114132&scans_id=110198&peptide_id=13657&scanf=22167&charge=2&value=R.IM*NTFSVVPSPK.V,TUBB4A,7.005e+6,3.059,0.003,2.495,0.000
22170,2,"  3.235","  0.561",12/20,/core/www/modules//sdig/index.php?run_id=110202&search_id=114132&scans_id=110198&peptide_id=13661&scanf=22170&charge=2&value=12/20,sp|P21589|5NTD_HUMAN,/core/www/modules//consensus/?run_id=110202&search_id=114132&scans_id=110198&peptide_id=13661&scanf=22170&charge=2&value=sp|P21589|5NTD_HUMAN,1,/core/www/modules/match_peptides/blast_html4.php?run_id=110202&search_id=114132&scans_id=110198&peptide_id=13661&scanf=22170&charge=2&value=1,K.YPFIVTSDDGR.K,/core/www/modules/show_out/show_out_wrapper.php?run_id=110202&search_id=114132&scans_id=110198&peptide_id=13661&scanf=22170&charge=2&value=K.YPFIVTSDDGR.K,NT5E,8.204e+6,3.402,0.001,3.003,0.000
22172,2,"  1.225","  0.199",5/12,/core/www/modules//sdig/index.php?run_id=110202&search_id=114132&scans_id=110198&peptide_id=13663&scanf=22172&charge=2&value=5/12,sp|Q8TAT6|NPL4_HUMAN,/core/www/modules//consensus/?run_id=110202&search_id=114132&scans_id=110198&peptide_id=13663&scanf=22172&charge=2&value=sp|Q8TAT6|NPL4_HUMAN,0,/core/www/modules/match_peptides/blast_html4.php?run_id=110202&search_id=114132&scans_id=110198&peptide_id=13663&scanf=22172&charge=2&value=0,K.DIPLGIR.A,/core/www/modules/show_out/show_out_wrapper.php?run_id=110202&search_id=114132&scans_id=110198&peptide_id=13663&scanf=22172&charge=2&value=K.DIPLGIR.A,NPLOC4,7.892e+6,2.001,0.106,0.973,0.005
22173,3,"  8.891","  0.742",30/128,/core/www/modules//sdig/index.php?run_id=110202&search_id=114132&scans_id=110198&peptide_id=13664&scanf=22173&charge=3&value=30/128,sp|Q8N163|CCAR2_HUMAN,/core/www/modules//consensus/?run_id=110202&search_id=114132&scans_id=110198&peptide_id=13664&scanf=22173&charge=3&value=sp|Q8N163|CCAR2_HUMAN,2,/core/www/modules/match_peptides/blast_html4.php?run_id=110202&search_id=114132&scans_id=110198&peptide_id=13664&scanf=22173&charge=3&value=2,K.AAEAAPPTQEAQGETEPTEQAPDALEQAADTSR.R,/core/www/modules/show_out/show_out_wrapper.php?run_id=110202&search_id=114132&scans_id=110198&peptide_id=13664&scanf=22173&charge=3&value=K.AAEAAPPTQEAQGETEPTEQAPDALEQAADTSR.R,CCAR2,3.133e+6,3.632,0.000,3.344,0.000
22175,3,"  3.115","  0.486",12/52,/core/www/modules//sdig/index.php?run_id=110202&search_id=114132&scans_id=110198&peptide_id=13666&scanf=22175&charge=3&value=12/52,sp|Q15149|PLEC_HUMAN,/core/www/modules//consensus/?run_id=110202&search_id=114132&scans_id=110198&peptide_id=13666&scanf=22175&charge=3&value=sp|Q15149|PLEC_HUMAN,5,/core/www/modules/match_peptides/blast_html4.php?run_id=110202&search_id=114132&scans_id=110198&peptide_id=13666&scanf=22175&charge=3&value=5,K.GFFDPNTHENLTYR.Q,/core/www/modules/show_out/show_out_wrapper.php?run_id=110202&search_id=114132&scans_id=110198&peptide_id=13666&scanf=22175&charge=3&value=K.GFFDPNTHENLTYR.Q,PLEC,1.009e+7,3.552,0.001,3.226,0.000
22177,2,"  3.737","  0.626",14/24,/core/www/modules//sdig/index.php?run_id=110202&search_id=114132&scans_id=110198&peptide_id=13668&scanf=22177&charge=2&value=14/24,sp|P27635|RL10_HUMAN,/core/www/modules//consensus/?run_id=110202&search_id=114132&scans_id=110198&peptide_id=13668&scanf=22177&charge=2&value=sp|P27635|RL10_HUMAN,2,/core/www/modules/match_peptides/blast_html4.php?run_id=110202&search_id=114132&scans_id=110198&peptide_id=13668&scanf=22177&charge=2&value=2,K.FNADEFEDM*VAEK.R,/core/www/modules/show_out/show_out_wrapper.php?run_id=110202&search_id=114132&scans_id=110198&peptide_id=13668&scanf=22177&charge=2&value=K.FNADEFEDM*VAEK.R,RPL10,5.567e+6,3.580,0.001,3.267,0.000
22181,2,"  2.315","  0.551",13/24,/core/www/modules//sdig/index.php?run_id=110202&search_id=114132&scans_id=110198&peptide_id=13672&scanf=22181&charge=2&value=13/24,sp|P62750|RL23A_HUMAN,/core/www/modules//consensus/?run_id=110202&search_id=114132&scans_id=110198&peptide_id=13672&scanf=22181&charge=2&value=sp|P62750|RL23A_HUMAN,5,/core/www/modules/match_peptides/blast_html4.php?run_id=110202&search_id=114132&scans_id=110198&peptide_id=13672&scanf=22181&charge=2&value=5,R.LAPDYDALDVANK.I,/core/www/modules/show_out/show_out_wrapper.php?run_id=110202&search_id=114132&scans_id=110198&peptide_id=13672&scanf=22181&charge=2&value=R.LAPDYDALDVANK.I,RPL23A,2.468e+8,3.213,0.002,2.723,0.000
22182,3,"  4.436","  0.549",18/68,/core/www/modules//sdig/index.php?run_id=110202&search_id=114132&scans_id=110198&peptide_id=13673&scanf=22182&charge=3&value=18/68,sp|Q14152|EIF3A_HUMAN,/core/www/modules//consensus/?run_id=110202&search_id=114132&scans_id=110198&peptide_id=13673&scanf=22182&charge=3&value=sp|Q14152|EIF3A_HUMAN,0,/core/www/modules/match_peptides/blast_html4.php?run_id=110202&search_id=114132&scans_id=110198&peptide_id=13673&scanf=22182&charge=3&value=0,R.EDAPIGPHLQSMPSEQIR.N,/core/www/modules/show_out/show_out_wrapper.php?run_id=110202&search_id=114132&scans_id=110198&peptide_id=13673&scanf=22182&charge=3&value=R.EDAPIGPHLQSMPSEQIR.N,EIF3A,2.033e+7,3.310,0.001,2.866,0.000
22191,2,"  3.238","  0.555",13/22,/core/www/modules//sdig/index.php?run_id=110202&search_id=114132&scans_id=110198&peptide_id=13683&scanf=22191&charge=2&value=13/22,sp|P26196|DDX6_HUMAN,/core/www/modules//consensus/?run_id=110202&search_id=114132&scans_id=110198&peptide_id=13683&scanf=22191&charge=2&value=sp|P26196|DDX6_HUMAN,0,/core/www/modules/match_peptides/blast_html4.php?run_id=110202&search_id=114132&scans_id=110198&peptide_id=13683&scanf=22191&charge=2&value=0,K.GVTQYYAYVTER.Q,/core/www/modules/show_out/show_out_wrapper.php?run_id=110202&search_id=114132&scans_id=110198&peptide_id=13683&scanf=22191&charge=2&value=K.GVTQYYAYVTER.Q,DDX6,4.717e+6,3.276,0.002,2.817,0.000
22194,2,"  2.294","  0.381",9/16,/core/www/modules//sdig/index.php?run_id=110202&search_id=114132&scans_id=110198&peptide_id=13686&scanf=22194&charge=2&value=9/16,sp|Q99519|NEUR1_HUMAN,/core/www/modules//consensus/?run_id=110202&search_id=114132&scans_id=110198&peptide_id=13686&scanf=22194&charge=2&value=sp|Q99519|NEUR1_HUMAN,1,/core/www/modules/match_peptides/blast_html4.php?run_id=110202&search_id=114132&scans_id=110198&peptide_id=13686&scanf=22194&charge=2&value=1,R.IPLITATPR.G,/core/www/modules/show_out/show_out_wrapper.php?run_id=110202&search_id=114132&scans_id=110198&peptide_id=13686&scanf=22194&charge=2&value=R.IPLITATPR.G,NEU1,3.818e+6,2.771,0.008,2.071,0.000
22199,3,"  3.958","  0.651",18/104,/core/www/modules//sdig/index.php?run_id=110202&search_id=114132&scans_id=110198&peptide_id=13691&scanf=22199&charge=3&value=18/104,sp|Q8WUA4|TF3C2_HUMAN,/core/www/modules//consensus/?run_id=110202&search_id=114132&scans_id=110198&peptide_id=13691&scanf=22199&charge=3&value=sp|Q8WUA4|TF3C2_HUMAN,2,/core/www/modules/match_peptides/blast_html4.php?run_id=110202&search_id=114132&scans_id=110198&peptide_id=13691&scanf=22199&charge=3&value=2,K.ADLIPYQDSPEGPDHSSASSGVPNPPK.A,/core/www/modules/show_out/show_out_wrapper.php?run_id=110202&search_id=114132&scans_id=110198&peptide_id=13691&scanf=22199&charge=3&value=K.ADLIPYQDSPEGPDHSSASSGVPNPPK.A,GTF3C2,2.359e+6,3.114,0.003,2.577,0.000
22202,3,"  2.756","  0.606",16/40,/core/www/modules//sdig/index.php?run_id=110202&search_id=114132&scans_id=110198&peptide_id=13694&scanf=22202&charge=3&value=16/40,sp|P49411|EFTU_HUMAN,/core/www/modules//consensus/?run_id=110202&search_id=114132&scans_id=110198&peptide_id=13694&scanf=22202&charge=3&value=sp|P49411|EFTU_HUMAN,0,/core/www/modules/match_peptides/blast_html4.php?run_id=110202&search_id=114132&scans_id=110198&peptide_id=13694&scanf=22202&charge=3&value=0,R.TVVTGIEMFHK.S,/core/www/modules/show_out/show_out_wrapper.php?run_id=110202&search_id=114132&scans_id=110198&peptide_id=13694&scanf=22202&charge=3&value=R.TVVTGIEMFHK.S,TUFM,3.226e+7,3.804,0.000,3.598,0.000
22204,2,"  1.847","  0.312",5/22,/core/www/modules//sdig/index.php?run_id=110202&search_id=114132&scans_id=110198&peptide_id=13696&scanf=22204&charge=2&value=5/22,tr|A0A8V8TPH6|A0A8V8TPH6_HUMAN,/core/www/modules//consensus/?run_id=110202&search_id=114132&scans_id=110198&peptide_id=13696&scanf=22204&charge=2&value=tr|A0A8V8TPH6|A0A8V8TPH6_HUMAN,0,/core/www/modules/match_peptides/blast_html4.php?run_id=110202&search_id=114132&scans_id=110198&peptide_id=13696&scanf=22204&charge=2&value=0,-.GVAGGPAAGPGR.S,/core/www/modules/show_out/show_out_wrapper.php?run_id=110202&search_id=114132&scans_id=110198&peptide_id=13696&scanf=22204&charge=2&value=-.GVAGGPAAGPGR.S,SLC25A28,4.837e+6,1.965,0.119,0.926,0.005
22205,2,"  3.730","  0.632",16/28,/core/www/modules//sdig/index.php?run_id=110202&search_id=114132&scans_id=110198&peptide_id=13697&scanf=22205&charge=2&value=16/28,sp|P61204|ARF3_HUMAN,/core/www/modules//consensus/?run_id=110202&search_id=114132&scans_id=110198&peptide_id=13697&scanf=22205&charge=2&value=sp|P61204|ARF3_HUMAN,6,/core/www/modules/match_peptides/blast_html4.php?run_id=110202&search_id=114132&scans_id=110198&peptide_id=13697&scanf=22205&charge=2&value=6,K.QDLPNAMNAAEITDK.L,/core/www/modules/show_out/show_out_wrapper.php?run_id=110202&search_id=114132&scans_id=110198&peptide_id=13697&scanf=22205&charge=2&value=K.QDLPNAMNAAEITDK.L,ARF3,2.532e+7,3.512,0.001,3.166,0.000
22208,3,"  5.317","  0.676",25/84,/core/www/modules//sdig/index.php?run_id=110202&search_id=114132&scans_id=110198&peptide_id=13700&scanf=22208&charge=3&value=25/84,sp|P21333|FLNA_HUMAN,/core/www/modules//consensus/?run_id=110202&search_id=114132&scans_id=110198&peptide_id=13700&scanf=22208&charge=3&value=sp|P21333|FLNA_HUMAN,5,/core/www/modules/match_peptides/blast_html4.php?run_id=110202&search_id=114132&scans_id=110198&peptide_id=13700&scanf=22208&charge=3&value=5,R.SAGQGEVLVYVEDPAGHQEEAK.V,/core/www/modules/show_out/show_out_wrapper.php?run_id=110202&search_id=114132&scans_id=110198&peptide_id=13700&scanf=22208&charge=3&value=R.SAGQGEVLVYVEDPAGHQEEAK.V,FLNA,5.083e+6,3.775,0.000,3.556,0.000
22209,3,"  2.190","  0.217",9/44,/core/www/modules//sdig/index.php?run_id=110202&search_id=114132&scans_id=110198&peptide_id=13701&scanf=22209&charge=3&value=9/44,sp|P48729|KC1A_HUMAN,/core/www/modules//consensus/?run_id=110202&search_id=114132&scans_id=110198&peptide_id=13701&scanf=22209&charge=3&value=sp|P48729|KC1A_HUMAN,7,/core/www/modules/match_peptides/blast_html4.php?run_id=110202&search_id=114132&scans_id=110198&peptide_id=13701&scanf=22209&charge=3&value=7,K.ILQGGVGIPHIR.W,/core/www/modules/show_out/show_out_wrapper.php?run_id=110202&search_id=114132&scans_id=110198&peptide_id=13701&scanf=22209&charge=3&value=K.ILQGGVGIPHIR.W,CSNK1A1,1.576e+7,2.136,0.070,1.156,0.002
22210,2,"  1.717","  0.317",9/16,/core/www/modules//sdig/index.php?run_id=110202&search_id=114132&scans_id=110198&peptide_id=13703&scanf=22210&charge=2&value=9/16,sp|P35579|MYH9_HUMAN,/core/www/modules//consensus/?run_id=110202&search_id=114132&scans_id=110198&peptide_id=13703&scanf=22210&charge=2&value=sp|P35579|MYH9_HUMAN,1,/core/www/modules/match_peptides/blast_html4.php?run_id=110202&search_id=114132&scans_id=110198&peptide_id=13703&scanf=22210&charge=2&value=1,R.LEVNLQAMK.A,/core/www/modules/show_out/show_out_wrapper.php?run_id=110202&search_id=114132&scans_id=110198&peptide_id=13703&scanf=22210&charge=2&value=R.LEVNLQAMK.A,MYH9,6.074e+6,2.655,0.013,1.900,0.000
22217,2,"  4.220","  0.739",16/26,/core/www/modules//sdig/index.php?run_id=110202&search_id=114132&scans_id=110198&peptide_id=13710&scanf=22217&charge=2&value=16/26,sp|P12956|XRCC6_HUMAN,/core/www/modules//consensus/?run_id=110202&search_id=114132&scans_id=110198&peptide_id=13710&scanf=22217&charge=2&value=sp|P12956|XRCC6_HUMAN,1,/core/www/modules/match_peptides/blast_html4.php?run_id=110202&search_id=114132&scans_id=110198&peptide_id=13710&scanf=22217&charge=2&value=1,R.SDSFENPVLQQHFR.N,/core/www/modules/show_out/show_out_wrapper.php?run_id=110202&search_id=114132&scans_id=110198&peptide_id=13710&scanf=22217&charge=2&value=R.SDSFENPVLQQHFR.N,XRCC6,2.530e+7,4.151,0.000,4.113,0.000
22219,2,"  1.292","  0.234",6/16,/core/www/modules//sdig/index.php?run_id=110202&search_id=114132&scans_id=110198&peptide_id=13712&scanf=22219&charge=2&value=6/16,sp|Q12789|TF3C1_HUMAN,/core/www/modules//consensus/?run_id=110202&search_id=114132&scans_id=110198&peptide_id=13712&scanf=22219&charge=2&value=sp|Q12789|TF3C1_HUMAN,1,/core/www/modules/match_peptides/blast_html4.php?run_id=110202&search_id=114132&scans_id=110198&peptide_id=13712&scanf=22219&charge=2&value=1,K.ALVGDFMNR.R,/core/www/modules/show_out/show_out_wrapper.php?run_id=110202&search_id=114132&scans_id=110198&peptide_id=13712&scanf=22219&charge=2&value=K.ALVGDFMNR.R,GTF3C1,8.804e+6,2.098,0.079,1.104,0.003
22221,3,"  3.147","  0.000",15/44,/core/www/modules//sdig/index.php?run_id=110202&search_id=114132&scans_id=110198&peptide_id=13715&scanf=22221&charge=3&value=15/44,sp|P22087|FBRL_HUMAN,/core/www/modules//consensus/?run_id=110202&search_id=114132&scans_id=110198&peptide_id=13715&scanf=22221&charge=3&value=sp|P22087|FBRL_HUMAN,0,/core/www/modules/match_peptides/blast_html4.php?run_id=110202&search_id=114132&scans_id=110198&peptide_id=13715&scanf=22221&charge=3&value=0,K.RTNIIPVIEDAR.H,/core/www/modules/show_out/show_out_wrapper.php?run_id=110202&search_id=114132&scans_id=110198&peptide_id=13715&scanf=22221&charge=3&value=K.RTNIIPVIEDAR.H,FBL,7.160e+6,2.915,0.005,2.282,0.000
22225,2,"  1.945","  0.284",9/18,/core/www/modules//sdig/index.php?run_id=110202&search_id=114132&scans_id=110198&peptide_id=13718&scanf=22225&charge=2&value=9/18,sp|P35249|RFC4_HUMAN,/core/www/modules//consensus/?run_id=110202&search_id=114132&scans_id=110198&peptide_id=13718&scanf=22225&charge=2&value=sp|P35249|RFC4_HUMAN,2,/core/www/modules/match_peptides/blast_html4.php?run_id=110202&search_id=114132&scans_id=110198&peptide_id=13718&scanf=22225&charge=2&value=2,K.AITFLQSATR.L,/core/www/modules/show_out/show_out_wrapper.php?run_id=110202&search_id=114132&scans_id=110198&peptide_id=13718&scanf=22225&charge=2&value=K.AITFLQSATR.L,RFC4,5.338e+6,2.381,0.031,1.503,0.001
22227,2,"  3.131","  0.580",10/22,/core/www/modules//sdig/index.php?run_id=110202&search_id=114132&scans_id=110198&peptide_id=13720&scanf=22227&charge=2&value=10/22,sp|P35637|FUS_HUMAN,/core/www/modules//consensus/?run_id=110202&search_id=114132&scans_id=110198&peptide_id=13720&scanf=22227&charge=2&value=sp|P35637|FUS_HUMAN,1,/core/www/modules/match_peptides/blast_html4.php?run_id=110202&search_id=114132&scans_id=110198&peptide_id=13720&scanf=22227&charge=2&value=1,K.TGQPMINLYTDR.E,/core/www/modules/show_out/show_out_wrapper.php?run_id=110202&search_id=114132&scans_id=110198&peptide_id=13720&scanf=22227&charge=2&value=K.TGQPMINLYTDR.E,FUS,1.642e+8,3.238,0.002,2.760,0.000
22231,2,"  3.352","  0.610",15/32,/core/www/modules//sdig/index.php?run_id=110202&search_id=114132&scans_id=110198&peptide_id=13725&scanf=22231&charge=2&value=15/32,sp|P78347|GTF2I_HUMAN,/core/www/modules//consensus/?run_id=110202&search_id=114132&scans_id=110198&peptide_id=13725&scanf=22231&charge=2&value=sp|P78347|GTF2I_HUMAN,2,/core/www/modules/match_peptides/blast_html4.php?run_id=110202&search_id=114132&scans_id=110198&peptide_id=13725&scanf=22231&charge=2&value=2,K.ANELPQPPVPEPANAGK.R,/core/www/modules/show_out/show_out_wrapper.php?run_id=110202&search_id=114132&scans_id=110198&peptide_id=13725&scanf=22231&charge=2&value=K.ANELPQPPVPEPANAGK.R,GTF2I,5.526e+6,3.297,0.001,2.848,0.000
22232,2,"  1.919","  0.232",8/14,/core/www/modules//sdig/index.php?run_id=110202&search_id=114132&scans_id=110198&peptide_id=13726&scanf=22232&charge=2&value=8/14,sp|Q99623|PHB2_HUMAN,/core/www/modules//consensus/?run_id=110202&search_id=114132&scans_id=110198&peptide_id=13726&scanf=22232&charge=2&value=sp|Q99623|PHB2_HUMAN,5,/core/www/modules/match_peptides/blast_html4.php?run_id=110202&search_id=114132&scans_id=110198&peptide_id=13726&scanf=22232&charge=2&value=5,R.AQVSLLIR.R,/core/www/modules/show_out/show_out_wrapper.php?run_id=110202&search_id=114132&scans_id=110198&peptide_id=13726&scanf=22232&charge=2&value=R.AQVSLLIR.R,PHB2,2.755e+6,2.363,0.033,1.476,0.001
22236,2,"  2.590","  0.451",8/18,/core/www/modules//sdig/index.php?run_id=110202&search_id=114132&scans_id=110198&peptide_id=13730&scanf=22236&charge=2&value=8/18,sp|Q8NAV1|PR38A_HUMAN,/core/www/modules//consensus/?run_id=110202&search_id=114132&scans_id=110198&peptide_id=13730&scanf=22236&charge=2&value=sp|Q8NAV1|PR38A_HUMAN,0,/core/www/modules/match_peptides/blast_html4.php?run_id=110202&search_id=114132&scans_id=110198&peptide_id=13730&scanf=22236&charge=2&value=0,K.YLEPLYNDYR.K,/core/www/modules/show_out/show_out_wrapper.php?run_id=110202&search_id=114132&scans_id=110198&peptide_id=13730&scanf=22236&charge=2&value=K.YLEPLYNDYR.K,PRPF38A,1.075e+7,2.892,0.006,2.249,0.000
22237,2,"  6.675","  0.781",25/44,/core/www/modules//sdig/index.php?run_id=110202&search_id=114132&scans_id=110198&peptide_id=13731&scanf=22237&charge=2&value=25/44,sp|P52272|HNRPM_HUMAN,/core/www/modules//consensus/?run_id=110202&search_id=114132&scans_id=110198&peptide_id=13731&scanf=22237&charge=2&value=sp|P52272|HNRPM_HUMAN,3,/core/www/modules/match_peptides/blast_html4.php?run_id=110202&search_id=114132&scans_id=110198&peptide_id=13731&scanf=22237&charge=2&value=3,R.GNFGGSFAGSFGGAGGHAPGVAR.K,/core/www/modules/show_out/show_out_wrapper.php?run_id=110202&search_id=114132&scans_id=110198&peptide_id=13731&scanf=22237&charge=2&value=R.GNFGGSFAGSFGGAGGHAPGVAR.K,HNRNPM,6.995e+6,4.145,0.000,4.104,0.000
22239,3,"  2.094","  0.236",6/48,/core/www/modules//sdig/index.php?run_id=110202&search_id=114132&scans_id=110198&peptide_id=13733&scanf=22239&charge=3&value=6/48,sp|O75521|ECI2_HUMAN,/core/www/modules//consensus/?run_id=110202&search_id=114132&scans_id=110198&peptide_id=13733&scanf=22239&charge=3&value=sp|O75521|ECI2_HUMAN,2,/core/www/modules/match_peptides/blast_html4.php?run_id=110202&search_id=114132&scans_id=110198&peptide_id=13733&scanf=22239&charge=3&value=2,K.NAINTEMYHEIMR.A,/core/www/modules/show_out/show_out_wrapper.php?run_id=110202&search_id=114132&scans_id=110198&peptide_id=13733&scanf=22239&charge=3&value=K.NAINTEMYHEIMR.A,ECI2,3.253e+6,1.955,0.122,0.913,0.006
22240,2,"  2.102","  0.051",8/12,/core/www/modules//sdig/index.php?run_id=110202&search_id=114132&scans_id=110198&peptide_id=13735&scanf=22240&charge=2&value=8/12,sp|Q9UDR5|AASS_HUMAN,/core/www/modules//consensus/?run_id=110202&search_id=114132&scans_id=110198&peptide_id=13735&scanf=22240&charge=2&value=sp|Q9UDR5|AASS_HUMAN,9,/core/www/modules/match_peptides/blast_html4.php?run_id=110202&search_id=114132&scans_id=110198&peptide_id=13735&scanf=22240&charge=2&value=9,K.LGFLVAK.Q,/core/www/modules/show_out/show_out_wrapper.php?run_id=110202&search_id=114132&scans_id=110198&peptide_id=13735&scanf=22240&charge=2&value=K.LGFLVAK.Q,AASS,1.767e+6,1.872,0.156,0.807,0.008
22242,2,"  2.021","  0.070",7/12,/core/www/modules//sdig/index.php?run_id=110202&search_id=114132&scans_id=110198&peptide_id=13737&scanf=22242&charge=2&value=7/12,sp|Q9NQT5|EXOS3_HUMAN,/core/www/modules//consensus/?run_id=110202&search_id=114132&scans_id=110198&peptide_id=13737&scanf=22242&charge=2&value=sp|Q9NQT5|EXOS3_HUMAN,0,/core/www/modules/match_peptides/blast_html4.php?run_id=110202&search_id=114132&scans_id=110198&peptide_id=13737&scanf=22242&charge=2&value=0,K.VTLGLIR.K,/core/www/modules/show_out/show_out_wrapper.php?run_id=110202&search_id=114132&scans_id=110198&peptide_id=13737&scanf=22242&charge=2&value=K.VTLGLIR.K,EXOSC3,6.436e+6,1.824,0.179,0.748,0.010
22244,2,"  2.675","  0.470",12/16,/core/www/modules//sdig/index.php?run_id=110202&search_id=114132&scans_id=110198&peptide_id=13738&scanf=22244&charge=2&value=12/16,sp|P04908|H2A1B_HUMAN,/core/www/modules//consensus/?run_id=110202&search_id=114132&scans_id=110198&peptide_id=13738&scanf=22244&charge=2&value=sp|P04908|H2A1B_HUMAN,19,/core/www/modules/match_peptides/blast_html4.php?run_id=110202&search_id=114132&scans_id=110198&peptide_id=13738&scanf=22244&charge=2&value=19,R.AGLQFPVGR.V,/core/www/modules/show_out/show_out_wrapper.php?run_id=110202&search_id=114132&scans_id=110198&peptide_id=13738&scanf=22244&charge=2&value=R.AGLQFPVGR.V,H2AC8,5.589e+9,3.458,0.001,3.086,0.000
22245,4,"  4.985","  0.654",21/216,/core/www/modules//sdig/index.php?run_id=110202&search_id=114132&scans_id=110198&peptide_id=13739&scanf=22245&charge=4&value=21/216,sp|Q9BR76|COR1B_HUMAN,/core/www/modules//consensus/?run_id=110202&search_id=114132&scans_id=110198&peptide_id=13739&scanf=22245&charge=4&value=sp|Q9BR76|COR1B_HUMAN,0,/core/www/modules/match_peptides/blast_html4.php?run_id=110202&search_id=114132&scans_id=110198&peptide_id=13739&scanf=22245&charge=4&value=0,R.NVLSDSRPAMAPGSSHLGAPASTTTAADATPSGSLAR.A,/core/www/modules/show_out/show_out_wrapper.php?run_id=110202&search_id=114132&scans_id=110198&peptide_id=13739&scanf=22245&charge=4&value=R.NVLSDSRPAMAPGSSHLGAPASTTTAADATPSGSLAR.A,CORO1B,9.095e+6,3.196,0.002,2.698,0.000
22246,2,"  2.568","  0.506",11/18,/core/www/modules//sdig/index.php?run_id=110202&search_id=114132&scans_id=110198&peptide_id=13740&scanf=22246&charge=2&value=11/18,sp|Q6P2Q9|PRP8_HUMAN,/core/www/modules//consensus/?run_id=110202&search_id=114132&scans_id=110198&peptide_id=13740&scanf=22246&charge=2&value=sp|Q6P2Q9|PRP8_HUMAN,0,/core/www/modules/match_peptides/blast_html4.php?run_id=110202&search_id=114132&scans_id=110198&peptide_id=13740&scanf=22246&charge=2&value=0,K.ETGYTYILPK.N,/core/www/modules/show_out/show_out_wrapper.php?run_id=110202&search_id=114132&scans_id=110198&peptide_id=13740&scanf=22246&charge=2&value=K.ETGYTYILPK.N,PRPF8,1.367e+7,3.507,0.001,3.159,0.000
22247,3,"  1.895","  0.430",13/44,/core/www/modules//sdig/index.php?run_id=110202&search_id=114132&scans_id=110198&peptide_id=13741&scanf=22247&charge=3&value=13/44,sp|O60306|AQR_HUMAN,/core/www/modules//consensus/?run_id=110202&search_id=114132&scans_id=110198&peptide_id=13741&scanf=22247&charge=3&value=sp|O60306|AQR_HUMAN,0,/core/www/modules/match_peptides/blast_html4.php?run_id=110202&search_id=114132&scans_id=110198&peptide_id=13741&scanf=22247&charge=3&value=0,K.TLIVEPHVIPNR.G,/core/www/modules/show_out/show_out_wrapper.php?run_id=110202&search_id=114132&scans_id=110198&peptide_id=13741&scanf=22247&charge=3&value=K.TLIVEPHVIPNR.G,AQR,4.738e+7,2.923,0.005,2.295,0.000
22248,2,"  3.286","  0.584",13/20,/core/www/modules//sdig/index.php?run_id=110202&search_id=114132&scans_id=110198&peptide_id=13742&scanf=22248&charge=2&value=13/20,sp|P55786|PSA_HUMAN,/core/www/modules//consensus/?run_id=110202&search_id=114132&scans_id=110198&peptide_id=13742&scanf=22248&charge=2&value=sp|P55786|PSA_HUMAN,7,/core/www/modules/match_peptides/blast_html4.php?run_id=110202&search_id=114132&scans_id=110198&peptide_id=13742&scanf=22248&charge=2&value=7,R.VALSNMNVIDR.K,/core/www/modules/show_out/show_out_wrapper.php?run_id=110202&search_id=114132&scans_id=110198&peptide_id=13742&scanf=22248&charge=2&value=R.VALSNMNVIDR.K,NPEPPS,8.896e+6,3.690,0.000,3.430,0.000
22249,2,"  2.109","  0.373",8/14,/core/www/modules//sdig/index.php?run_id=110202&search_id=114132&scans_id=110198&peptide_id=13743&scanf=22249&charge=2&value=8/14,sp|O43809|CPSF5_HUMAN,/core/www/modules//consensus/?run_id=110202&search_id=114132&scans_id=110198&peptide_id=13743&scanf=22249&charge=2&value=sp|O43809|CPSF5_HUMAN,2,/core/www/modules/match_peptides/blast_html4.php?run_id=110202&search_id=114132&scans_id=110198&peptide_id=13743&scanf=22249&charge=2&value=2,R.LMTEILGR.Q,/core/www/modules/show_out/show_out_wrapper.php?run_id=110202&search_id=114132&scans_id=110198&peptide_id=13743&scanf=22249&charge=2&value=R.LMTEILGR.Q,NUDT21,2.420e+7,2.850,0.006,2.187,0.000
22250,2,"  3.156","  0.647",13/20,/core/www/modules//sdig/index.php?run_id=110202&search_id=114132&scans_id=110198&peptide_id=13745&scanf=22250&charge=2&value=13/20,sp|Q12906|ILF3_HUMAN,/core/www/modules//consensus/?run_id=110202&search_id=114132&scans_id=110198&peptide_id=13745&scanf=22250&charge=2&value=sp|Q12906|ILF3_HUMAN,1,/core/www/modules/match_peptides/blast_html4.php?run_id=110202&search_id=114132&scans_id=110198&peptide_id=13745&scanf=22250&charge=2&value=1,R.FVMEVEVDGQK.F,/core/www/modules/show_out/show_out_wrapper.php?run_id=110202&search_id=114132&scans_id=110198&peptide_id=13745&scanf=22250&charge=2&value=R.FVMEVEVDGQK.F,ILF3,1.050e+8,3.973,0.000,3.849,0.000
22252,3,"  2.292","  0.339",13/32,/core/www/modules//sdig/index.php?run_id=110202&search_id=114132&scans_id=110198&peptide_id=13747&scanf=22252&charge=3&value=13/32,sp|Q01780|EXOSX_HUMAN,/core/www/modules//consensus/?run_id=110202&search_id=114132&scans_id=110198&peptide_id=13747&scanf=22252&charge=3&value=sp|Q01780|EXOSX_HUMAN,0,/core/www/modules/match_peptides/blast_html4.php?run_id=110202&search_id=114132&scans_id=110198&peptide_id=13747&scanf=22252&charge=3&value=0,R.MFLPSLGHR.A,/core/www/modules/show_out/show_out_wrapper.php?run_id=110202&search_id=114132&scans_id=110198&peptide_id=13747&scanf=22252&charge=3&value=R.MFLPSLGHR.A,EXOSC10,9.096e+6,2.934,0.005,2.310,0.000
22255,2,"  1.701","  0.155",7/12,/core/www/modules//sdig/index.php?run_id=110202&search_id=114132&scans_id=110198&peptide_id=13750&scanf=22255&charge=2&value=7/12,sp|P19367|HXK1_HUMAN,/core/www/modules//consensus/?run_id=110202&search_id=114132&scans_id=110198&peptide_id=13750&scanf=22255&charge=2&value=sp|P19367|HXK1_HUMAN,5,/core/www/modules/match_peptides/blast_html4.php?run_id=110202&search_id=114132&scans_id=110198&peptide_id=13750&scanf=22255&charge=2&value=5,K.MLPTFVR.S,/core/www/modules/show_out/show_out_wrapper.php?run_id=110202&search_id=114132&scans_id=110198&peptide_id=13750&scanf=22255&charge=2&value=K.MLPTFVR.S,HK1,1.068e+7,2.138,0.069,1.160,0.002
22257,2,"  3.283","  0.491",12/22,/core/www/modules//sdig/index.php?run_id=110202&search_id=114132&scans_id=110198&peptide_id=13752&scanf=22257&charge=2&value=12/22,sp|Q6PL18|ATAD2_HUMAN,/core/www/modules//consensus/?run_id=110202&search_id=114132&scans_id=110198&peptide_id=13752&scanf=22257&charge=2&value=sp|Q6PL18|ATAD2_HUMAN,0,/core/www/modules/match_peptides/blast_html4.php?run_id=110202&search_id=114132&scans_id=110198&peptide_id=13752&scanf=22257&charge=2&value=0,K.LITNTAEAVLQK.M,/core/www/modules/show_out/show_out_wrapper.php?run_id=110202&search_id=114132&scans_id=110198&peptide_id=13752&scanf=22257&charge=2&value=K.LITNTAEAVLQK.M,ATAD2,6.258e+6,3.147,0.002,2.626,0.000
22258,2,"  4.566","  0.687",18/28,/core/www/modules//sdig/index.php?run_id=110202&search_id=114132&scans_id=110198&peptide_id=13753&scanf=22258&charge=2&value=18/28,sp|P08238|HS90B_HUMAN,/core/www/modules//consensus/?run_id=110202&search_id=114132&scans_id=110198&peptide_id=13753&scanf=22258&charge=2&value=sp|P08238|HS90B_HUMAN,0,/core/www/modules/match_peptides/blast_html4.php?run_id=110202&search_id=114132&scans_id=110198&peptide_id=13753&scanf=22258&charge=2&value=0,R.NPDDITQEEYGEFYK.S,/core/www/modules/show_out/show_out_wrapper.php?run_id=110202&search_id=114132&scans_id=110198&peptide_id=13753&scanf=22258&charge=2&value=R.NPDDITQEEYGEFYK.S,HSP90AB1,4.996e+7,3.923,0.000,3.775,0.000
22259,2,"  2.065","  0.452",11/20,/core/www/modules//sdig/index.php?run_id=110202&search_id=114132&scans_id=110198&peptide_id=13754&scanf=22259&charge=2&value=11/20,sp|P52272|HNRPM_HUMAN,/core/www/modules//consensus/?run_id=110202&search_id=114132&scans_id=110198&peptide_id=13754&scanf=22259&charge=2&value=sp|P52272|HNRPM_HUMAN,3,/core/www/modules/match_peptides/blast_html4.php?run_id=110202&search_id=114132&scans_id=110198&peptide_id=13754&scanf=22259&charge=2&value=3,R.MGAGMGFGLER.M,/core/www/modules/show_out/show_out_wrapper.php?run_id=110202&search_id=114132&scans_id=110198&peptide_id=13754&scanf=22259&charge=2&value=R.MGAGMGFGLER.M,HNRNPM,1.015e+8,3.219,0.002,2.732,0.000
22261,2,"  2.291","  0.309",11/18,/core/www/modules//sdig/index.php?run_id=110202&search_id=114132&scans_id=110198&peptide_id=13757&scanf=22261&charge=2&value=11/18,sp|Q13813|SPTN1_HUMAN,/core/www/modules//consensus/?run_id=110202&search_id=114132&scans_id=110198&peptide_id=13757&scanf=22261&charge=2&value=sp|Q13813|SPTN1_HUMAN,2,/core/www/modules/match_peptides/blast_html4.php?run_id=110202&search_id=114132&scans_id=110198&peptide_id=13757&scanf=22261&charge=2&value=2,K.ITALDEFATK.L,/core/www/modules/show_out/show_out_wrapper.php?run_id=110202&search_id=114132&scans_id=110198&peptide_id=13757&scanf=22261&charge=2&value=K.ITALDEFATK.L,SPTAN1,1.025e+7,2.654,0.013,1.899,0.000
22262,2,"  3.650","  0.635",18/30,/core/www/modules//sdig/index.php?run_id=110202&search_id=114132&scans_id=110198&peptide_id=13758&scanf=22262&charge=2&value=18/30,sp|P52597|HNRPF_HUMAN,/core/www/modules//consensus/?run_id=110202&search_id=114132&scans_id=110198&peptide_id=13758&scanf=22262&charge=2&value=sp|P52597|HNRPF_HUMAN,1,/core/www/modules/match_peptides/blast_html4.php?run_id=110202&search_id=114132&scans_id=110198&peptide_id=13758&scanf=22262&charge=2&value=1,R.QSGEAFVELGSEDDVK.M,/core/www/modules/show_out/show_out_wrapper.php?run_id=110202&search_id=114132&scans_id=110198&peptide_id=13758&scanf=22262&charge=2&value=R.QSGEAFVELGSEDDVK.M,HNRNPF,2.417e+7,3.496,0.001,3.143,0.000
22263,2,"  1.241","  0.327",11/20,/core/www/modules//sdig/index.php?run_id=110202&search_id=114132&scans_id=110198&peptide_id=13759&scanf=22263&charge=2&value=11/20,sp|Q9NP72|RAB18_HUMAN,/core/www/modules//consensus/?run_id=110202&search_id=114132&scans_id=110198&peptide_id=13759&scanf=22263&charge=2&value=sp|Q9NP72|RAB18_HUMAN,2,/core/www/modules/match_peptides/blast_html4.php?run_id=110202&search_id=114132&scans_id=110198&peptide_id=13759&scanf=22263&charge=2&value=2,K.LAIWDTAGQER.F,/core/www/modules/show_out/show_out_wrapper.php?run_id=110202&search_id=114132&scans_id=110198&peptide_id=13759&scanf=22263&charge=2&value=K.LAIWDTAGQER.F,RAB18,2.557e+6,2.365,0.033,1.479,0.001
22266,3,"  3.043","  0.400",10/56,/core/www/modules//sdig/index.php?run_id=110202&search_id=114132&scans_id=110198&peptide_id=13761&scanf=22266&charge=3&value=10/56,sp|P08670|VIME_HUMAN,/core/www/modules//consensus/?run_id=110202&search_id=114132&scans_id=110198&peptide_id=13761&scanf=22266&charge=3&value=sp|P08670|VIME_HUMAN,0,/core/www/modules/match_peptides/blast_html4.php?run_id=110202&search_id=114132&scans_id=110198&peptide_id=13761&scanf=22266&charge=3&value=0,R.ETNLDSLPLVDTHSK.R,/core/www/modules/show_out/show_out_wrapper.php?run_id=110202&search_id=114132&scans_id=110198&peptide_id=13761&scanf=22266&charge=3&value=R.ETNLDSLPLVDTHSK.R,VIM,1.173e+9,3.089,0.003,2.540,0.000
22267,4,"  3.684","  0.540",11/90,/core/www/modules//sdig/index.php?run_id=110202&search_id=114132&scans_id=110198&peptide_id=13762&scanf=22267&charge=4&value=11/90,sp|Q92785|REQU_HUMAN,/core/www/modules//consensus/?run_id=110202&search_id=114132&scans_id=110198&peptide_id=13762&scanf=22267&charge=4&value=sp|Q92785|REQU_HUMAN,1,/core/www/modules/match_peptides/blast_html4.php?run_id=110202&search_id=114132&scans_id=110198&peptide_id=13762&scanf=22267&charge=4&value=1,R.LSFPSIKPDTDQTLKK.E,/core/www/modules/show_out/show_out_wrapper.php?run_id=110202&search_id=114132&scans_id=110198&peptide_id=13762&scanf=22267&charge=4&value=R.LSFPSIKPDTDQTLKK.E,DPF2,6.968e+6,3.156,0.002,2.639,0.000
22268,3,"  2.147","  0.420",14/44,/core/www/modules//sdig/index.php?run_id=110202&search_id=114132&scans_id=110198&peptide_id=13763&scanf=22268&charge=3&value=14/44,sp|Q6PD62|CTR9_HUMAN,/core/www/modules//consensus/?run_id=110202&search_id=114132&scans_id=110198&peptide_id=13763&scanf=22268&charge=3&value=sp|Q6PD62|CTR9_HUMAN,1,/core/www/modules/match_peptides/blast_html4.php?run_id=110202&search_id=114132&scans_id=110198&peptide_id=13763&scanf=22268&charge=3&value=1,K.IIMYDQNHLLGR.A,/core/www/modules/show_out/show_out_wrapper.php?run_id=110202&search_id=114132&scans_id=110198&peptide_id=13763&scanf=22268&charge=3&value=K.IIMYDQNHLLGR.A,CTR9,1.391e+7,2.830,0.007,2.157,0.000
22269,2,"  5.124","  0.735",17/26,/core/www/modules//sdig/index.php?run_id=110202&search_id=114132&scans_id=110198&peptide_id=13764&scanf=22269&charge=2&value=17/26,sp|P12956|XRCC6_HUMAN,/core/www/modules//consensus/?run_id=110202&search_id=114132&scans_id=110198&peptide_id=13764&scanf=22269&charge=2&value=sp|P12956|XRCC6_HUMAN,1,/core/www/modules/match_peptides/blast_html4.php?run_id=110202&search_id=114132&scans_id=110198&peptide_id=13764&scanf=22269&charge=2&value=1,R.SDSFENPVLQQHFR.N,/core/www/modules/show_out/show_out_wrapper.php?run_id=110202&search_id=114132&scans_id=110198&peptide_id=13764&scanf=22269&charge=2&value=R.SDSFENPVLQQHFR.N,XRCC6,2.530e+7,4.209,0.000,4.200,0.000
22272,2,"  2.961","  0.522",11/20,/core/www/modules//sdig/index.php?run_id=110202&search_id=114132&scans_id=110198&peptide_id=13768&scanf=22272&charge=2&value=11/20,sp|Q9ULW3|ABT1_HUMAN,/core/www/modules//consensus/?run_id=110202&search_id=114132&scans_id=110198&peptide_id=13768&scanf=22272&charge=2&value=sp|Q9ULW3|ABT1_HUMAN,0,/core/www/modules/match_peptides/blast_html4.php?run_id=110202&search_id=114132&scans_id=110198&peptide_id=13768&scanf=22272&charge=2&value=0,R.ETDFYLQSVER.G,/core/www/modules/show_out/show_out_wrapper.php?run_id=110202&search_id=114132&scans_id=110198&peptide_id=13768&scanf=22272&charge=2&value=R.ETDFYLQSVER.G,ABT1,5.292e+6,3.257,0.002,2.788,0.000
22273,2,"  2.885","  0.466",12/24,/core/www/modules//sdig/index.php?run_id=110202&search_id=114132&scans_id=110198&peptide_id=13769&scanf=22273&charge=2&value=12/24,sp|P21333|FLNA_HUMAN,/core/www/modules//consensus/?run_id=110202&search_id=114132&scans_id=110198&peptide_id=13769&scanf=22273&charge=2&value=sp|P21333|FLNA_HUMAN,2,/core/www/modules/match_peptides/blast_html4.php?run_id=110202&search_id=114132&scans_id=110198&peptide_id=13769&scanf=22273&charge=2&value=2,R.AWGPGLEGGVVGK.S,/core/www/modules/show_out/show_out_wrapper.php?run_id=110202&search_id=114132&scans_id=110198&peptide_id=13769&scanf=22273&charge=2&value=R.AWGPGLEGGVVGK.S,FLNA,2.902e+7,3.098,0.003,2.553,0.000
22274,2,"  3.074","  0.345",12/20,/core/www/modules//sdig/index.php?run_id=110202&search_id=114132&scans_id=110198&peptide_id=13770&scanf=22274&charge=2&value=12/20,sp|P46939|UTRN_HUMAN,/core/www/modules//consensus/?run_id=110202&search_id=114132&scans_id=110198&peptide_id=13770&scanf=22274&charge=2&value=sp|P46939|UTRN_HUMAN,0,/core/www/modules/match_peptides/blast_html4.php?run_id=110202&search_id=114132&scans_id=110198&peptide_id=13770&scanf=22274&charge=2&value=0,R.ENALQDSILAR.E,/core/www/modules/show_out/show_out_wrapper.php?run_id=110202&search_id=114132&scans_id=110198&peptide_id=13770&scanf=22274&charge=2&value=R.ENALQDSILAR.E,UTRN,4.556e+6,2.812,0.007,2.130,0.000
22276,3,"  4.077","  0.573",16/68,/core/www/modules//sdig/index.php?run_id=110202&search_id=114132&scans_id=110198&peptide_id=13772&scanf=22276&charge=3&value=16/68,sp|Q15428|SF3A2_HUMAN,/core/www/modules//consensus/?run_id=110202&search_id=114132&scans_id=110198&peptide_id=13772&scanf=22276&charge=3&value=sp|Q15428|SF3A2_HUMAN,0,/core/www/modules/match_peptides/blast_html4.php?run_id=110202&search_id=114132&scans_id=110198&peptide_id=13772&scanf=22276&charge=3&value=0,K.MEKPPAPPSLPAGPPGVK.R,/core/www/modules/show_out/show_out_wrapper.php?run_id=110202&search_id=114132&scans_id=110198&peptide_id=13772&scanf=22276&charge=3&value=K.MEKPPAPPSLPAGPPGVK.R,SF3A2,3.804e+7,3.217,0.002,2.729,0.000
22278,3,"  2.452","  0.245",9/56,/core/www/modules//sdig/index.php?run_id=110202&search_id=114132&scans_id=110198&peptide_id=13774&scanf=22278&charge=3&value=9/56,sp|Q9Y5S2|MRCKB_HUMAN,/core/www/modules//consensus/?run_id=110202&search_id=114132&scans_id=110198&peptide_id=13774&scanf=22278&charge=3&value=sp|Q9Y5S2|MRCKB_HUMAN,1,/core/www/modules/match_peptides/blast_html4.php?run_id=110202&search_id=114132&scans_id=110198&peptide_id=13774&scanf=22278&charge=3&value=1,R.FQFPSHVTDVSEEAK.D,/core/www/modules/show_out/show_out_wrapper.php?run_id=110202&search_id=114132&scans_id=110198&peptide_id=13774&scanf=22278&charge=3&value=R.FQFPSHVTDVSEEAK.D,CDC42BPB,2.440e+6,2.006,0.105,0.981,0.005
22280,2,"  2.504","  0.372",10/20,/core/www/modules//sdig/index.php?run_id=110202&search_id=114132&scans_id=110198&peptide_id=13776&scanf=22280&charge=2&value=10/20,sp|Q15149|PLEC_HUMAN,/core/www/modules//consensus/?run_id=110202&search_id=114132&scans_id=110198&peptide_id=13776&scanf=22280&charge=2&value=sp|Q15149|PLEC_HUMAN,5,/core/www/modules/match_peptides/blast_html4.php?run_id=110202&search_id=114132&scans_id=110198&peptide_id=13776&scanf=22280&charge=2&value=5,K.LEQLFQDEVAK.A,/core/www/modules/show_out/show_out_wrapper.php?run_id=110202&search_id=114132&scans_id=110198&peptide_id=13776&scanf=22280&charge=2&value=K.LEQLFQDEVAK.A,PLEC,8.513e+6,3.195,0.002,2.696,0.000
22282,3,"  2.943","  0.106",12/40,/core/www/modules//sdig/index.php?run_id=110202&search_id=114132&scans_id=110198&peptide_id=13778&scanf=22282&charge=3&value=12/40,sp|Q8WV44|TRI41_HUMAN,/core/www/modules//consensus/?run_id=110202&search_id=114132&scans_id=110198&peptide_id=13778&scanf=22282&charge=3&value=sp|Q8WV44|TRI41_HUMAN,0,/core/www/modules/match_peptides/blast_html4.php?run_id=110202&search_id=114132&scans_id=110198&peptide_id=13778&scanf=22282&charge=3&value=0,R.LHLPQQPLLQR.E,/core/www/modules/show_out/show_out_wrapper.php?run_id=110202&search_id=114132&scans_id=110198&peptide_id=13778&scanf=22282&charge=3&value=R.LHLPQQPLLQR.E,TRIM41,3.950e+6,1.918,0.136,0.865,0.007
22283,3,"  3.500","  0.451",11/40,/core/www/modules//sdig/index.php?run_id=110202&search_id=114132&scans_id=110198&peptide_id=13779&scanf=22283&charge=3&value=11/40,sp|P07900|HS90A_HUMAN,/core/www/modules//consensus/?run_id=110202&search_id=114132&scans_id=110198&peptide_id=13779&scanf=22283&charge=3&value=sp|P07900|HS90A_HUMAN,4,/core/www/modules/match_peptides/blast_html4.php?run_id=110202&search_id=114132&scans_id=110198&peptide_id=13779&scanf=22283&charge=3&value=4,K.HFSVEGQLEFR.A,/core/www/modules/show_out/show_out_wrapper.php?run_id=110202&search_id=114132&scans_id=110198&peptide_id=13779&scanf=22283&charge=3&value=K.HFSVEGQLEFR.A,HSP90AA1,1.867e+7,3.319,0.001,2.879,0.000
22286,2,"  2.143","  0.487",11/16,/core/www/modules//sdig/index.php?run_id=110202&search_id=114132&scans_id=110198&peptide_id=13781&scanf=22286&charge=2&value=11/16,sp|P50990|TCPQ_HUMAN,/core/www/modules//consensus/?run_id=110202&search_id=114132&scans_id=110198&peptide_id=13781&scanf=22286&charge=2&value=sp|P50990|TCPQ_HUMAN,0,/core/www/modules/match_peptides/blast_html4.php?run_id=110202&search_id=114132&scans_id=110198&peptide_id=13781&scanf=22286&charge=2&value=0,K.APGFAQMLK.E,/core/www/modules/show_out/show_out_wrapper.php?run_id=110202&search_id=114132&scans_id=110198&peptide_id=13781&scanf=22286&charge=2&value=K.APGFAQMLK.E,CCT8,2.147e+7,3.383,0.001,2.975,0.000
22287,2,"  2.045","  0.280",10/18,/core/www/modules//sdig/index.php?run_id=110202&search_id=114132&scans_id=110198&peptide_id=13782&scanf=22287&charge=2&value=10/18,sp|P06753|TPM3_HUMAN,/core/www/modules//consensus/?run_id=110202&search_id=114132&scans_id=110198&peptide_id=13782&scanf=22287&charge=2&value=sp|P06753|TPM3_HUMAN,29,/core/www/modules/match_peptides/blast_html4.php?run_id=110202&search_id=114132&scans_id=110198&peptide_id=13782&scanf=22287&charge=2&value=29,R.IQLVEEELDR.A,/core/www/modules/show_out/show_out_wrapper.php?run_id=110202&search_id=114132&scans_id=110198&peptide_id=13782&scanf=22287&charge=2&value=R.IQLVEEELDR.A,TPM3,6.122e+7,2.379,0.032,1.499,0.001
22289,4,"  3.390","  0.475",11/90,/core/www/modules//sdig/index.php?run_id=110202&search_id=114132&scans_id=110198&peptide_id=13784&scanf=22289&charge=4&value=11/90,sp|Q92785|REQU_HUMAN,/core/www/modules//consensus/?run_id=110202&search_id=114132&scans_id=110198&peptide_id=13784&scanf=22289&charge=4&value=sp|Q92785|REQU_HUMAN,1,/core/www/modules/match_peptides/blast_html4.php?run_id=110202&search_id=114132&scans_id=110198&peptide_id=13784&scanf=22289&charge=4&value=1,R.LSFPSIKPDTDQTLKK.E,/core/www/modules/show_out/show_out_wrapper.php?run_id=110202&search_id=114132&scans_id=110198&peptide_id=13784&scanf=22289&charge=4&value=R.LSFPSIKPDTDQTLKK.E,DPF2,6.968e+6,2.918,0.005,2.287,0.000
22290,2,"  1.798","  0.160",8/12,/core/www/modules//sdig/index.php?run_id=110202&search_id=114132&scans_id=110198&peptide_id=13786&scanf=22290&charge=2&value=8/12,sp|P19367|HXK1_HUMAN,/core/www/modules//consensus/?run_id=110202&search_id=114132&scans_id=110198&peptide_id=13786&scanf=22290&charge=2&value=sp|P19367|HXK1_HUMAN,0,/core/www/modules/match_peptides/blast_html4.php?run_id=110202&search_id=114132&scans_id=110198&peptide_id=13786&scanf=22290&charge=2&value=0,K.DMLLEVK.K,/core/www/modules/show_out/show_out_wrapper.php?run_id=110202&search_id=114132&scans_id=110198&peptide_id=13786&scanf=22290&charge=2&value=K.DMLLEVK.K,HK1,5.631e+6,2.317,0.039,1.410,0.001
22291,3,"  3.451","  0.174",13/44,/core/www/modules//sdig/index.php?run_id=110202&search_id=114132&scans_id=110198&peptide_id=13787&scanf=22291&charge=3&value=13/44,sp|Q9ULC4|MCTS1_HUMAN,/core/www/modules//consensus/?run_id=110202&search_id=114132&scans_id=110198&peptide_id=13787&scanf=22291&charge=3&value=sp|Q9ULC4|MCTS1_HUMAN,1,/core/www/modules/match_peptides/blast_html4.php?run_id=110202&search_id=114132&scans_id=110198&peptide_id=13787&scanf=22291&charge=3&value=1,K.YPFILPHQQVDK.G,/core/www/modules/show_out/show_out_wrapper.php?run_id=110202&search_id=114132&scans_id=110198&peptide_id=13787&scanf=22291&charge=3&value=K.YPFILPHQQVDK.G,MCTS1,7.191e+6,2.065,0.087,1.060,0.004
22293,2,"  2.256","  0.515",8/18,/core/www/modules//sdig/index.php?run_id=110202&search_id=114132&scans_id=110198&peptide_id=13789&scanf=22293&charge=2&value=8/18,sp|Q12905|ILF2_HUMAN,/core/www/modules//consensus/?run_id=110202&search_id=114132&scans_id=110198&peptide_id=13789&scanf=22293&charge=2&value=sp|Q12905|ILF2_HUMAN,1,/core/www/modules/match_peptides/blast_html4.php?run_id=110202&search_id=114132&scans_id=110198&peptide_id=13789&scanf=22293&charge=2&value=1,R.QPLALNVAYR.R,/core/www/modules/show_out/show_out_wrapper.php?run_id=110202&search_id=114132&scans_id=110198&peptide_id=13789&scanf=22293&charge=2&value=R.QPLALNVAYR.R,ILF2,1.454e+8,3.193,0.002,2.693,0.000
22294,2,"  2.963","  0.505",11/24,/core/www/modules//sdig/index.php?run_id=110202&search_id=114132&scans_id=110198&peptide_id=13790&scanf=22294&charge=2&value=11/24,sp|P49736|MCM2_HUMAN,/core/www/modules//consensus/?run_id=110202&search_id=114132&scans_id=110198&peptide_id=13790&scanf=22294&charge=2&value=sp|P49736|MCM2_HUMAN,1,/core/www/modules/match_peptides/blast_html4.php?run_id=110202&search_id=114132&scans_id=110198&peptide_id=13790&scanf=22294&charge=2&value=1,R.DTVDPVQDEMLAR.F,/core/www/modules/show_out/show_out_wrapper.php?run_id=110202&search_id=114132&scans_id=110198&peptide_id=13790&scanf=22294&charge=2&value=R.DTVDPVQDEMLAR.F,MCM2,1.452e+7,2.950,0.005,2.334,0.000
22295,3,"  3.129","  0.317",12/44,/core/www/modules//sdig/index.php?run_id=110202&search_id=114132&scans_id=110198&peptide_id=13791&scanf=22295&charge=3&value=12/44,sp|Q05048|CSTF1_HUMAN,/core/www/modules//consensus/?run_id=110202&search_id=114132&scans_id=110198&peptide_id=13791&scanf=22295&charge=3&value=sp|Q05048|CSTF1_HUMAN,0,/core/www/modules/match_peptides/blast_html4.php?run_id=110202&search_id=114132&scans_id=110198&peptide_id=13791&scanf=22295&charge=3&value=0,R.NLLSLGHNNIVR.C,/core/www/modules/show_out/show_out_wrapper.php?run_id=110202&search_id=114132&scans_id=110198&peptide_id=13791&scanf=22295&charge=3&value=R.NLLSLGHNNIVR.C,CSTF1,1.281e+7,2.557,0.018,1.757,0.000
22301,2,"  2.882","  0.530",9/22,/core/www/modules//sdig/index.php?run_id=110202&search_id=114132&scans_id=110198&peptide_id=13798&scanf=22301&charge=2&value=9/22,sp|Q14257|RCN2_HUMAN,/core/www/modules//consensus/?run_id=110202&search_id=114132&scans_id=110198&peptide_id=13798&scanf=22301&charge=2&value=sp|Q14257|RCN2_HUMAN,1,/core/www/modules/match_peptides/blast_html4.php?run_id=110202&search_id=114132&scans_id=110198&peptide_id=13798&scanf=22301&charge=2&value=1,R.QLHDDYFYHDEL.-,/core/www/modules/show_out/show_out_wrapper.php?run_id=110202&search_id=114132&scans_id=110198&peptide_id=13798&scanf=22301&charge=2&value=R.QLHDDYFYHDEL.-,RCN2,2.036e+6,3.032,0.004,2.456,0.000
22307,2,"  2.141","  0.644",12/22,/core/www/modules//sdig/index.php?run_id=110202&search_id=114132&scans_id=110198&peptide_id=13803&scanf=22307&charge=2&value=12/22,sp|P16401|H15_HUMAN,/core/www/modules//consensus/?run_id=110202&search_id=114132&scans_id=110198&peptide_id=13803&scanf=22307&charge=2&value=sp|P16401|H15_HUMAN,0,/core/www/modules/match_peptides/blast_html4.php?run_id=110202&search_id=114132&scans_id=110198&peptide_id=13803&scanf=22307&charge=2&value=0,K.ATGPPVSELITK.A,/core/www/modules/show_out/show_out_wrapper.php?run_id=110202&search_id=114132&scans_id=110198&peptide_id=13803&scanf=22307&charge=2&value=K.ATGPPVSELITK.A,H1-5,7.574e+7,3.532,0.001,3.195,0.000
22308,2,"  1.357","  0.258",7/16,/core/www/modules//sdig/index.php?run_id=110202&search_id=114132&scans_id=110198&peptide_id=13804&scanf=22308&charge=2&value=7/16,sp|P07196|NFL_HUMAN,/core/www/modules//consensus/?run_id=110202&search_id=114132&scans_id=110198&peptide_id=13804&scanf=22308&charge=2&value=sp|P07196|NFL_HUMAN,9,/core/www/modules/match_peptides/blast_html4.php?run_id=110202&search_id=114132&scans_id=110198&peptide_id=13804&scanf=22308&charge=2&value=9,K.EYQDLLNVK.M,/core/www/modules/show_out/show_out_wrapper.php?run_id=110202&search_id=114132&scans_id=110198&peptide_id=13804&scanf=22308&charge=2&value=K.EYQDLLNVK.M,NEFL,1.571e+9,1.999,0.107,0.971,0.005
22309,2,"  2.569","  0.288",11/20,/core/www/modules//sdig/index.php?run_id=110202&search_id=114132&scans_id=110198&peptide_id=13805&scanf=22309&charge=2&value=11/20,sp|Q9UQE7|SMC3_HUMAN,/core/www/modules//consensus/?run_id=110202&search_id=114132&scans_id=110198&peptide_id=13805&scanf=22309&charge=2&value=sp|Q9UQE7|SMC3_HUMAN,0,/core/www/modules/match_peptides/blast_html4.php?run_id=110202&search_id=114132&scans_id=110198&peptide_id=13805&scanf=22309&charge=2&value=0,K.AILNGIDSINK.V,/core/www/modules/show_out/show_out_wrapper.php?run_id=110202&search_id=114132&scans_id=110198&peptide_id=13805&scanf=22309&charge=2&value=K.AILNGIDSINK.V,SMC3,8.372e+6,2.643,0.013,1.883,0.000
22310,2,"  2.955","  0.460",10/20,/core/www/modules//sdig/index.php?run_id=110202&search_id=114132&scans_id=110198&peptide_id=13807&scanf=22310&charge=2&value=10/20,sp|Q9ULW3|ABT1_HUMAN,/core/www/modules//consensus/?run_id=110202&search_id=114132&scans_id=110198&peptide_id=13807&scanf=22310&charge=2&value=sp|Q9ULW3|ABT1_HUMAN,0,/core/www/modules/match_peptides/blast_html4.php?run_id=110202&search_id=114132&scans_id=110198&peptide_id=13807&scanf=22310&charge=2&value=0,R.NLLSAYGEVGR.V,/core/www/modules/show_out/show_out_wrapper.php?run_id=110202&search_id=114132&scans_id=110198&peptide_id=13807&scanf=22310&charge=2&value=R.NLLSAYGEVGR.V,ABT1,1.500e+7,2.723,0.010,2.001,0.000
22312,2,"  3.613","  0.625",15/24,/core/www/modules//sdig/index.php?run_id=110202&search_id=114132&scans_id=110198&peptide_id=13809&scanf=22312&charge=2&value=15/24,sp|P49736|MCM2_HUMAN,/core/www/modules//consensus/?run_id=110202&search_id=114132&scans_id=110198&peptide_id=13809&scanf=22312&charge=2&value=sp|P49736|MCM2_HUMAN,1,/core/www/modules/match_peptides/blast_html4.php?run_id=110202&search_id=114132&scans_id=110198&peptide_id=13809&scanf=22312&charge=2&value=1,R.DTVDPVQDEMLAR.F,/core/www/modules/show_out/show_out_wrapper.php?run_id=110202&search_id=114132&scans_id=110198&peptide_id=13809&scanf=22312&charge=2&value=R.DTVDPVQDEMLAR.F,MCM2,1.452e+7,3.688,0.000,3.426,0.000
22315,2,"  5.659","  0.739",20/36,/core/www/modules//sdig/index.php?run_id=110202&search_id=114132&scans_id=110198&peptide_id=13812&scanf=22315&charge=2&value=20/36,sp|Q01082|SPTB2_HUMAN,/core/www/modules//consensus/?run_id=110202&search_id=114132&scans_id=110198&peptide_id=13812&scanf=22315&charge=2&value=sp|Q01082|SPTB2_HUMAN,1,/core/www/modules/match_peptides/blast_html4.php?run_id=110202&search_id=114132&scans_id=110198&peptide_id=13812&scanf=22315&charge=2&value=1,R.TQTAIASEDMPNTLTEAEK.L,/core/www/modules/show_out/show_out_wrapper.php?run_id=110202&search_id=114132&scans_id=110198&peptide_id=13812&scanf=22315&charge=2&value=R.TQTAIASEDMPNTLTEAEK.L,SPTBN1,2.321e+6,4.023,0.000,3.924,0.000
22316,2,"  2.705","  0.451",10/26,/core/www/modules//sdig/index.php?run_id=110202&search_id=114132&scans_id=110198&peptide_id=13813&scanf=22316&charge=2&value=10/26,sp|Q9C0E2|XPO4_HUMAN,/core/www/modules//consensus/?run_id=110202&search_id=114132&scans_id=110198&peptide_id=13813&scanf=22316&charge=2&value=sp|Q9C0E2|XPO4_HUMAN,0,/core/www/modules/match_peptides/blast_html4.php?run_id=110202&search_id=114132&scans_id=110198&peptide_id=13813&scanf=22316&charge=2&value=0,K.VLMAPPSMVNNEQR.Q,/core/www/modules/show_out/show_out_wrapper.php?run_id=110202&search_id=114132&scans_id=110198&peptide_id=13813&scanf=22316&charge=2&value=K.VLMAPPSMVNNEQR.Q,XPO4,3.110e+6,2.606,0.015,1.829,0.000
22318,2,"  2.386","  0.214",7/18,/core/www/modules//sdig/index.php?run_id=110202&search_id=114132&scans_id=110198&peptide_id=13815&scanf=22318&charge=2&value=7/18,sp|Q12789|TF3C1_HUMAN,/core/www/modules//consensus/?run_id=110202&search_id=114132&scans_id=110198&peptide_id=13815&scanf=22318&charge=2&value=sp|Q12789|TF3C1_HUMAN,0,/core/www/modules/match_peptides/blast_html4.php?run_id=110202&search_id=114132&scans_id=110198&peptide_id=13815&scanf=22318&charge=2&value=0,K.LIIVASQAMR.Y,/core/www/modules/show_out/show_out_wrapper.php?run_id=110202&search_id=114132&scans_id=110198&peptide_id=13815&scanf=22318&charge=2&value=K.LIIVASQAMR.Y,GTF3C1,4.081e+6,2.065,0.087,1.059,0.004
22319,3,"  2.097","  0.235",11/36,/core/www/modules//sdig/index.php?run_id=110202&search_id=114132&scans_id=110198&peptide_id=13816&scanf=22319&charge=3&value=11/36,sp|Q86Y79|PTH_HUMAN,/core/www/modules//consensus/?run_id=110202&search_id=114132&scans_id=110198&peptide_id=13816&scanf=22319&charge=3&value=sp|Q86Y79|PTH_HUMAN,1,/core/www/modules/match_peptides/blast_html4.php?run_id=110202&search_id=114132&scans_id=110198&peptide_id=13816&scanf=22319&charge=3&value=1,R.ATDLILDHIR.E,/core/www/modules/show_out/show_out_wrapper.php?run_id=110202&search_id=114132&scans_id=110198&peptide_id=13816&scanf=22319&charge=3&value=R.ATDLILDHIR.E,PTRH1,3.998e+6,2.368,0.033,1.484,0.001
22324,2,"  3.686","  0.646",14/24,/core/www/modules//sdig/index.php?run_id=110202&search_id=114132&scans_id=110198&peptide_id=13822&scanf=22324&charge=2&value=14/24,sp|Q9Y3Y2|CHTOP_HUMAN,/core/www/modules//consensus/?run_id=110202&search_id=114132&scans_id=110198&peptide_id=13822&scanf=22324&charge=2&value=sp|Q9Y3Y2|CHTOP_HUMAN,1,/core/www/modules/match_peptides/blast_html4.php?run_id=110202&search_id=114132&scans_id=110198&peptide_id=13822&scanf=22324&charge=2&value=1,K.EQLDNQLDAYMSK.T,/core/www/modules/show_out/show_out_wrapper.php?run_id=110202&search_id=114132&scans_id=110198&peptide_id=13822&scanf=22324&charge=2&value=K.EQLDNQLDAYMSK.T,CHTOP,4.953e+7,3.671,0.000,3.402,0.000
22325,2,"  2.159","  0.305",10/26,/core/www/modules//sdig/index.php?run_id=110202&search_id=114132&scans_id=110198&peptide_id=13823&scanf=22325&charge=2&value=10/26,sp|Q8N5G0|SIM20_HUMAN,/core/www/modules//consensus/?run_id=110202&search_id=114132&scans_id=110198&peptide_id=13823&scanf=22325&charge=2&value=sp|Q8N5G0|SIM20_HUMAN,0,/core/www/modules/match_peptides/blast_html4.php?run_id=110202&search_id=114132&scans_id=110198&peptide_id=13823&scanf=22325&charge=2&value=0,R.AGIVQEDVQPPGLK.V,/core/www/modules/show_out/show_out_wrapper.php?run_id=110202&search_id=114132&scans_id=110198&peptide_id=13823&scanf=22325&charge=2&value=R.AGIVQEDVQPPGLK.V,SMIM20,1.816e+6,2.106,0.077,1.115,0.003
22328,2,"  2.030","  0.469",10/20,/core/www/modules//sdig/index.php?run_id=110202&search_id=114132&scans_id=110198&peptide_id=13825&scanf=22328&charge=2&value=10/20,sp|P39748|FEN1_HUMAN,/core/www/modules//consensus/?run_id=110202&search_id=114132&scans_id=110198&peptide_id=13825&scanf=22328&charge=2&value=sp|P39748|FEN1_HUMAN,1,/core/www/modules/match_peptides/blast_html4.php?run_id=110202&search_id=114132&scans_id=110198&peptide_id=13825&scanf=22328&charge=2&value=1,K.LIADVAPSAIR.E,/core/www/modules/show_out/show_out_wrapper.php?run_id=110202&search_id=114132&scans_id=110198&peptide_id=13825&scanf=22328&charge=2&value=K.LIADVAPSAIR.E,FEN1,2.076e+7,2.933,0.005,2.310,0.000
22331,3,"  3.321","  0.464",13/64,/core/www/modules//sdig/index.php?run_id=110202&search_id=114132&scans_id=110198&peptide_id=13829&scanf=22331&charge=3&value=13/64,sp|Q01082|SPTB2_HUMAN,/core/www/modules//consensus/?run_id=110202&search_id=114132&scans_id=110198&peptide_id=13829&scanf=22331&charge=3&value=sp|Q01082|SPTB2_HUMAN,1,/core/www/modules/match_peptides/blast_html4.php?run_id=110202&search_id=114132&scans_id=110198&peptide_id=13829&scanf=22331&charge=3&value=1,K.TAASGIPYHSEVPVSLK.E,/core/www/modules/show_out/show_out_wrapper.php?run_id=110202&search_id=114132&scans_id=110198&peptide_id=13829&scanf=22331&charge=3&value=K.TAASGIPYHSEVPVSLK.E,SPTBN1,1.077e+7,3.004,0.004,2.414,0.000
22332,2,"  1.511","  0.038",8/12,/core/www/modules//sdig/index.php?run_id=110202&search_id=114132&scans_id=110198&peptide_id=13830&scanf=22332&charge=2&value=8/12,sp|Q96QD9|UIF_HUMAN,/core/www/modules//consensus/?run_id=110202&search_id=114132&scans_id=110198&peptide_id=13830&scanf=22332&charge=2&value=sp|Q96QD9|UIF_HUMAN,1,/core/www/modules/match_peptides/blast_html4.php?run_id=110202&search_id=114132&scans_id=110198&peptide_id=13830&scanf=22332&charge=2&value=1,R.QATFLFR.R,/core/www/modules/show_out/show_out_wrapper.php?run_id=110202&search_id=114132&scans_id=110198&peptide_id=13830&scanf=22332&charge=2&value=R.QATFLFR.R,FYTTD1,1.602e+7,1.873,0.155,0.809,0.008
22334,2,"  1.736","  0.235",8/20,/core/www/modules//sdig/index.php?run_id=110202&search_id=114132&scans_id=110198&peptide_id=13832&scanf=22334&charge=2&value=8/20,sp|Q9UJV9|DDX41_HUMAN,/core/www/modules//consensus/?run_id=110202&search_id=114132&scans_id=110198&peptide_id=13832&scanf=22334&charge=2&value=sp|Q9UJV9|DDX41_HUMAN,2,/core/www/modules/match_peptides/blast_html4.php?run_id=110202&search_id=114132&scans_id=110198&peptide_id=13832&scanf=22334&charge=2&value=2,R.LLQEDSSPLLR.C,/core/www/modules/show_out/show_out_wrapper.php?run_id=110202&search_id=114132&scans_id=110198&peptide_id=13832&scanf=22334&charge=2&value=R.LLQEDSSPLLR.C,DDX41,1.375e+7,2.068,0.086,1.064,0.004
22335,3,"  1.835","  0.285",13/56,/core/www/modules//sdig/index.php?run_id=110202&search_id=114132&scans_id=110198&peptide_id=13833&scanf=22335&charge=3&value=13/56,sp|Q13895|BYST_HUMAN,/core/www/modules//consensus/?run_id=110202&search_id=114132&scans_id=110198&peptide_id=13833&scanf=22335&charge=3&value=sp|Q13895|BYST_HUMAN,1,/core/www/modules/match_peptides/blast_html4.php?run_id=110202&search_id=114132&scans_id=110198&peptide_id=13833&scanf=22335&charge=3&value=1,K.HAPLADQILAGNAVR.A,/core/www/modules/show_out/show_out_wrapper.php?run_id=110202&search_id=114132&scans_id=110198&peptide_id=13833&scanf=22335&charge=3&value=K.HAPLADQILAGNAVR.A,BYSL,5.923e+6,2.288,0.043,1.369,0.001
22337,3,"  2.788","  0.268",11/56,/core/www/modules//sdig/index.php?run_id=110202&search_id=114132&scans_id=110198&peptide_id=13835&scanf=22337&charge=3&value=11/56,sp|P55072|TERA_HUMAN,/core/www/modules//consensus/?run_id=110202&search_id=114132&scans_id=110198&peptide_id=13835&scanf=22337&charge=3&value=sp|P55072|TERA_HUMAN,7,/core/www/modules/match_peptides/blast_html4.php?run_id=110202&search_id=114132&scans_id=110198&peptide_id=13835&scanf=22337&charge=3&value=7,R.ELQELVQYPVEHPDK.F,/core/www/modules/show_out/show_out_wrapper.php?run_id=110202&search_id=114132&scans_id=110198&peptide_id=13835&scanf=22337&charge=3&value=R.ELQELVQYPVEHPDK.F,VCP,6.823e+7,2.331,0.037,1.430,0.001
22338,2,"  2.392","  0.501",13/24,/core/www/modules//sdig/index.php?run_id=110202&search_id=114132&scans_id=110198&peptide_id=13836&scanf=22338&charge=2&value=13/24,sp|P00492|HPRT_HUMAN,/core/www/modules//consensus/?run_id=110202&search_id=114132&scans_id=110198&peptide_id=13836&scanf=22338&charge=2&value=sp|P00492|HPRT_HUMAN,0,/core/www/modules/match_peptides/blast_html4.php?run_id=110202&search_id=114132&scans_id=110198&peptide_id=13836&scanf=22338&charge=2&value=0,K.VIGGDDLSTLTGK.N,/core/www/modules/show_out/show_out_wrapper.php?run_id=110202&search_id=114132&scans_id=110198&peptide_id=13836&scanf=22338&charge=2&value=K.VIGGDDLSTLTGK.N,HPRT1,6.632e+6,2.976,0.004,2.372,0.000
22341,4,"  3.949","  0.445",16/144,/core/www/modules//sdig/index.php?run_id=110202&search_id=114132&scans_id=110198&peptide_id=13840&scanf=22341&charge=4&value=16/144,sp|Q15365|PCBP1_HUMAN,/core/www/modules//consensus/?run_id=110202&search_id=114132&scans_id=110198&peptide_id=13840&scanf=22341&charge=4&value=sp|Q15365|PCBP1_HUMAN,0,/core/www/modules/match_peptides/blast_html4.php?run_id=110202&search_id=114132&scans_id=110198&peptide_id=13840&scanf=22341&charge=4&value=0,R.QQSHFAMMHGGTGFAGIDSSSPEVK.G,/core/www/modules/show_out/show_out_wrapper.php?run_id=110202&search_id=114132&scans_id=110198&peptide_id=13840&scanf=22341&charge=4&value=R.QQSHFAMMHGGTGFAGIDSSSPEVK.G,PCBP1,8.259e+6,2.781,0.008,2.086,0.000
22343,3,"  1.938","  0.310",9/32,/core/www/modules//sdig/index.php?run_id=110202&search_id=114132&scans_id=110198&peptide_id=13842&scanf=22343&charge=3&value=9/32,sp|Q92841|DDX17_HUMAN,/core/www/modules//consensus/?run_id=110202&search_id=114132&scans_id=110198&peptide_id=13842&scanf=22343&charge=3&value=sp|Q92841|DDX17_HUMAN,2,/core/www/modules/match_peptides/blast_html4.php?run_id=110202&search_id=114132&scans_id=110198&peptide_id=13842&scanf=22343&charge=3&value=2,K.KWDLSELPK.F,/core/www/modules/show_out/show_out_wrapper.php?run_id=110202&search_id=114132&scans_id=110198&peptide_id=13842&scanf=22343&charge=3&value=K.KWDLSELPK.F,DDX17,4.682e+6,2.429,0.027,1.572,0.001
22350,2,"  3.166","  0.586",12/20,/core/www/modules//sdig/index.php?run_id=110202&search_id=114132&scans_id=110198&peptide_id=13849&scanf=22350&charge=2&value=12/20,sp|P21589|5NTD_HUMAN,/core/www/modules//consensus/?run_id=110202&search_id=114132&scans_id=110198&peptide_id=13849&scanf=22350&charge=2&value=sp|P21589|5NTD_HUMAN,1,/core/www/modules/match_peptides/blast_html4.php?run_id=110202&search_id=114132&scans_id=110198&peptide_id=13849&scanf=22350&charge=2&value=1,K.YPFIVTSDDGR.K,/core/www/modules/show_out/show_out_wrapper.php?run_id=110202&search_id=114132&scans_id=110198&peptide_id=13849&scanf=22350&charge=2&value=K.YPFIVTSDDGR.K,NT5E,8.204e+6,3.511,0.001,3.165,0.000
22352,2,"  1.498","  0.322",6/12,/core/www/modules//sdig/index.php?run_id=110202&search_id=114132&scans_id=110198&peptide_id=13851&scanf=22352&charge=2&value=6/12,sp|Q8NI27|THOC2_HUMAN,/core/www/modules//consensus/?run_id=110202&search_id=114132&scans_id=110198&peptide_id=13851&scanf=22352&charge=2&value=sp|Q8NI27|THOC2_HUMAN,2,/core/www/modules/match_peptides/blast_html4.php?run_id=110202&search_id=114132&scans_id=110198&peptide_id=13851&scanf=22352&charge=2&value=2,K.DNWLLAK.S,/core/www/modules/show_out/show_out_wrapper.php?run_id=110202&search_id=114132&scans_id=110198&peptide_id=13851&scanf=22352&charge=2&value=K.DNWLLAK.S,THOC2,1.055e+7,2.577,0.016,1.786,0.000
22357,2,"  1.956","  0.349",9/20,/core/www/modules//sdig/index.php?run_id=110202&search_id=114132&scans_id=110198&peptide_id=13856&scanf=22357&charge=2&value=9/20,sp|P49750|YLPM1_HUMAN,/core/www/modules//consensus/?run_id=110202&search_id=114132&scans_id=110198&peptide_id=13856&scanf=22357&charge=2&value=sp|P49750|YLPM1_HUMAN,1,/core/www/modules/match_peptides/blast_html4.php?run_id=110202&search_id=114132&scans_id=110198&peptide_id=13856&scanf=22357&charge=2&value=1,R.VGFQYQGIMQK.H,/core/www/modules/show_out/show_out_wrapper.php?run_id=110202&search_id=114132&scans_id=110198&peptide_id=13856&scanf=22357&charge=2&value=R.VGFQYQGIMQK.H,YLPM1,8.356e+6,2.516,0.020,1.698,0.000
22362,2,"  4.711","  0.661",19/30,/core/www/modules//sdig/index.php?run_id=110202&search_id=114132&scans_id=110198&peptide_id=13862&scanf=22362&charge=2&value=19/30,sp|Q15149|PLEC_HUMAN,/core/www/modules//consensus/?run_id=110202&search_id=114132&scans_id=110198&peptide_id=13862&scanf=22362&charge=2&value=sp|Q15149|PLEC_HUMAN,5,/core/www/modules/match_peptides/blast_html4.php?run_id=110202&search_id=114132&scans_id=110198&peptide_id=13862&scanf=22362&charge=2&value=5,R.QEQIQAMPLADSQAVR.E,/core/www/modules/show_out/show_out_wrapper.php?run_id=110202&search_id=114132&scans_id=110198&peptide_id=13862&scanf=22362&charge=2&value=R.QEQIQAMPLADSQAVR.E,PLEC,3.877e+6,4.296,0.000,4.329,0.000
22367,2,"  2.196","  0.327",13/36,/core/www/modules//sdig/index.php?run_id=110202&search_id=114132&scans_id=110198&peptide_id=13867&scanf=22367&charge=2&value=13/36,sp|O60934|NBN_HUMAN,/core/www/modules//consensus/?run_id=110202&search_id=114132&scans_id=110198&peptide_id=13867&scanf=22367&charge=2&value=sp|O60934|NBN_HUMAN,9,/core/www/modules/match_peptides/blast_html4.php?run_id=110202&search_id=114132&scans_id=110198&peptide_id=13867&scanf=22367&charge=2&value=9,R.MDIETNDTFSDEAVPESSK.I,/core/www/modules/show_out/show_out_wrapper.php?run_id=110202&search_id=114132&scans_id=110198&peptide_id=13867&scanf=22367&charge=2&value=R.MDIETNDTFSDEAVPESSK.I,NBN,1.735e+6,2.010,0.103,0.985,0.005
22368,2,"  1.978","  0.139",8/16,/core/www/modules//sdig/index.php?run_id=110202&search_id=114132&scans_id=110198&peptide_id=13868&scanf=22368&charge=2&value=8/16,sp|O00291|HIP1_HUMAN,/core/www/modules//consensus/?run_id=110202&search_id=114132&scans_id=110198&peptide_id=13868&scanf=22368&charge=2&value=sp|O00291|HIP1_HUMAN,0,/core/www/modules/match_peptides/blast_html4.php?run_id=110202&search_id=114132&scans_id=110198&peptide_id=13868&scanf=22368&charge=2&value=0,K.AIGEELLPR.G,/core/www/modules/show_out/show_out_wrapper.php?run_id=110202&search_id=114132&scans_id=110198&peptide_id=13868&scanf=22368&charge=2&value=K.AIGEELLPR.G,HIP1,2.111e+6,1.838,0.172,0.765,0.009
22371,2,"  2.684","  0.457",13/20,/core/www/modules//sdig/index.php?run_id=110202&search_id=114132&scans_id=110198&peptide_id=13871&scanf=22371&charge=2&value=13/20,sp|P30044|PRDX5_HUMAN,/core/www/modules//consensus/?run_id=110202&search_id=114132&scans_id=110198&peptide_id=13871&scanf=22371&charge=2&value=sp|P30044|PRDX5_HUMAN,0,/core/www/modules/match_peptides/blast_html4.php?run_id=110202&search_id=114132&scans_id=110198&peptide_id=13871&scanf=22371&charge=2&value=0,R.LLADPTGAFGK.E,/core/www/modules/show_out/show_out_wrapper.php?run_id=110202&search_id=114132&scans_id=110198&peptide_id=13871&scanf=22371&charge=2&value=R.LLADPTGAFGK.E,PRDX5,4.431e+7,3.126,0.003,2.594,0.000
22372,2,"  2.104","  0.295",9/14,/core/www/modules//sdig/index.php?run_id=110202&search_id=114132&scans_id=110198&peptide_id=13872&scanf=22372&charge=2&value=9/14,sp|Q92841|DDX17_HUMAN,/core/www/modules//consensus/?run_id=110202&search_id=114132&scans_id=110198&peptide_id=13872&scanf=22372&charge=2&value=sp|Q92841|DDX17_HUMAN,2,/core/www/modules/match_peptides/blast_html4.php?run_id=110202&search_id=114132&scans_id=110198&peptide_id=13872&scanf=22372&charge=2&value=2,R.QLAEDFLR.D,/core/www/modules/show_out/show_out_wrapper.php?run_id=110202&search_id=114132&scans_id=110198&peptide_id=13872&scanf=22372&charge=2&value=R.QLAEDFLR.D,DDX17,9.160e+7,2.714,0.010,1.987,0.000
22376,2,"  3.488","  0.539",13/24,/core/www/modules//sdig/index.php?run_id=110202&search_id=114132&scans_id=110198&peptide_id=13876&scanf=22376&charge=2&value=13/24,sp|Q92925|SMRD2_HUMAN,/core/www/modules//consensus/?run_id=110202&search_id=114132&scans_id=110198&peptide_id=13876&scanf=22376&charge=2&value=sp|Q92925|SMRD2_HUMAN,4,/core/www/modules/match_peptides/blast_html4.php?run_id=110202&search_id=114132&scans_id=110198&peptide_id=13876&scanf=22376&charge=2&value=4,K.IITDVIGNPEEER.R,/core/www/modules/show_out/show_out_wrapper.php?run_id=110202&search_id=114132&scans_id=110198&peptide_id=13876&scanf=22376&charge=2&value=K.IITDVIGNPEEER.R,SMARCD2,6.310e+6,3.249,0.002,2.776,0.000
22377,4,"  3.718","  0.229",12/102,/core/www/modules//sdig/index.php?run_id=110202&search_id=114132&scans_id=110198&peptide_id=13877&scanf=22377&charge=4&value=12/102,sp|Q12996|CSTF3_HUMAN,/core/www/modules//consensus/?run_id=110202&search_id=114132&scans_id=110198&peptide_id=13877&scanf=22377&charge=4&value=sp|Q12996|CSTF3_HUMAN,1,/core/www/modules/match_peptides/blast_html4.php?run_id=110202&search_id=114132&scans_id=110198&peptide_id=13877&scanf=22377&charge=4&value=1,R.KPEYPKPDTQQMIPFQPR.H,/core/www/modules/show_out/show_out_wrapper.php?run_id=110202&search_id=114132&scans_id=110198&peptide_id=13877&scanf=22377&charge=4&value=R.KPEYPKPDTQQMIPFQPR.H,CSTF3,4.982e+6,2.350,0.035,1.457,0.001
22378,2,"  2.668","  0.400",9/16,/core/www/modules//sdig/index.php?run_id=110202&search_id=114132&scans_id=110198&peptide_id=13878&scanf=22378&charge=2&value=9/16,sp|Q9Y224|RTRAF_HUMAN,/core/www/modules//consensus/?run_id=110202&search_id=114132&scans_id=110198&peptide_id=13878&scanf=22378&charge=2&value=sp|Q9Y224|RTRAF_HUMAN,2,/core/www/modules/match_peptides/blast_html4.php?run_id=110202&search_id=114132&scans_id=110198&peptide_id=13878&scanf=22378&charge=2&value=2,R.HDDYLVMLK.A,/core/www/modules/show_out/show_out_wrapper.php?run_id=110202&search_id=114132&scans_id=110198&peptide_id=13878&scanf=22378&charge=2&value=R.HDDYLVMLK.A,RTRAF,8.729e+6,2.673,0.012,1.927,0.000
22380,3,"  3.248","  0.414",12/44,/core/www/modules//sdig/index.php?run_id=110202&search_id=114132&scans_id=110198&peptide_id=13880&scanf=22380&charge=3&value=12/44,sp|O43707|ACTN4_HUMAN,/core/www/modules//consensus/?run_id=110202&search_id=114132&scans_id=110198&peptide_id=13880&scanf=22380&charge=3&value=sp|O43707|ACTN4_HUMAN,17,/core/www/modules/match_peptides/blast_html4.php?run_id=110202&search_id=114132&scans_id=110198&peptide_id=13880&scanf=22380&charge=3&value=17,R.TINEVENQILTR.D,/core/www/modules/show_out/show_out_wrapper.php?run_id=110202&search_id=114132&scans_id=110198&peptide_id=13880&scanf=22380&charge=3&value=R.TINEVENQILTR.D,ACTN4,2.748e+7,3.252,0.002,2.781,0.000
22383,3,"  2.422","  0.383",11/32,/core/www/modules//sdig/index.php?run_id=110202&search_id=114132&scans_id=110198&peptide_id=13883&scanf=22383&charge=3&value=11/32,sp|P43686|PRS6B_HUMAN,/core/www/modules//consensus/?run_id=110202&search_id=114132&scans_id=110198&peptide_id=13883&scanf=22383&charge=3&value=sp|P43686|PRS6B_HUMAN,0,/core/www/modules/match_peptides/blast_html4.php?run_id=110202&search_id=114132&scans_id=110198&peptide_id=13883&scanf=22383&charge=3&value=0,R.KIEFPLPDR.R,/core/www/modules/show_out/show_out_wrapper.php?run_id=110202&search_id=114132&scans_id=110198&peptide_id=13883&scanf=22383&charge=3&value=R.KIEFPLPDR.R,PSMC4,6.741e+6,2.762,0.009,2.058,0.000
22384,2,"  1.444","  0.170",7/14,/core/www/modules//sdig/index.php?run_id=110202&search_id=114132&scans_id=110198&peptide_id=13884&scanf=22384&charge=2&value=7/14,sp|P23396|RS3_HUMAN,/core/www/modules//consensus/?run_id=110202&search_id=114132&scans_id=110198&peptide_id=13884&scanf=22384&charge=2&value=sp|P23396|RS3_HUMAN,8,/core/www/modules/match_peptides/blast_html4.php?run_id=110202&search_id=114132&scans_id=110198&peptide_id=13884&scanf=22384&charge=2&value=8,K.FVADGIFK.A,/core/www/modules/show_out/show_out_wrapper.php?run_id=110202&search_id=114132&scans_id=110198&peptide_id=13884&scanf=22384&charge=2&value=K.FVADGIFK.A,RPS3,3.441e+7,1.969,0.117,0.932,0.005
22385,2,"  2.200","  0.331",8/22,/core/www/modules//sdig/index.php?run_id=110202&search_id=114132&scans_id=110198&peptide_id=13885&scanf=22385&charge=2&value=8/22,sp|Q8N1F7|NUP93_HUMAN,/core/www/modules//consensus/?run_id=110202&search_id=114132&scans_id=110198&peptide_id=13885&scanf=22385&charge=2&value=sp|Q8N1F7|NUP93_HUMAN,3,/core/www/modules/match_peptides/blast_html4.php?run_id=110202&search_id=114132&scans_id=110198&peptide_id=13885&scanf=22385&charge=2&value=3,R.SSLDNIEMAYAR.Q,/core/www/modules/show_out/show_out_wrapper.php?run_id=110202&search_id=114132&scans_id=110198&peptide_id=13885&scanf=22385&charge=2&value=R.SSLDNIEMAYAR.Q,NUP93,2.757e+6,2.157,0.065,1.185,0.002
22391,2,"  2.343","  0.202",11/20,/core/www/modules//sdig/index.php?run_id=110202&search_id=114132&scans_id=110198&peptide_id=13891&scanf=22391&charge=2&value=11/20,sp|Q9BUQ8|DDX23_HUMAN,/core/www/modules//consensus/?run_id=110202&search_id=114132&scans_id=110198&peptide_id=13891&scanf=22391&charge=2&value=sp|Q9BUQ8|DDX23_HUMAN,1,/core/www/modules/match_peptides/blast_html4.php?run_id=110202&search_id=114132&scans_id=110198&peptide_id=13891&scanf=22391&charge=2&value=1,K.DILVATDVAGR.G,/core/www/modules/show_out/show_out_wrapper.php?run_id=110202&search_id=114132&scans_id=110198&peptide_id=13891&scanf=22391&charge=2&value=K.DILVATDVAGR.G,DDX23,3.223e+7,2.238,0.050,1.298,0.002
22393,2,"  2.799","  0.376",10/20,/core/www/modules//sdig/index.php?run_id=110202&search_id=114132&scans_id=110198&peptide_id=13893&scanf=22393&charge=2&value=10/20,sp|P60709|ACTB_HUMAN,/core/www/modules//consensus/?run_id=110202&search_id=114132&scans_id=110198&peptide_id=13893&scanf=22393&charge=2&value=sp|P60709|ACTB_HUMAN,12,/core/www/modules/match_peptides/blast_html4.php?run_id=110202&search_id=114132&scans_id=110198&peptide_id=13893&scanf=22393&charge=2&value=12,K.EITALAPSTMK.I,/core/www/modules/show_out/show_out_wrapper.php?run_id=110202&search_id=114132&scans_id=110198&peptide_id=13893&scanf=22393&charge=2&value=K.EITALAPSTMK.I,ACTB,3.122e+7,3.261,0.002,2.794,0.000
22394,3,"  3.824","  0.623",20/88,/core/www/modules//sdig/index.php?run_id=110202&search_id=114132&scans_id=110198&peptide_id=13894&scanf=22394&charge=3&value=20/88,sp|Q15365|PCBP1_HUMAN,/core/www/modules//consensus/?run_id=110202&search_id=114132&scans_id=110198&peptide_id=13894&scanf=22394&charge=3&value=sp|Q15365|PCBP1_HUMAN,0,/core/www/modules/match_peptides/blast_html4.php?run_id=110202&search_id=114132&scans_id=110198&peptide_id=13894&scanf=22394&charge=3&value=0,K.LEEDINSSMTNSTAASRPPVTLR.L,/core/www/modules/show_out/show_out_wrapper.php?run_id=110202&search_id=114132&scans_id=110198&peptide_id=13894&scanf=22394&charge=3&value=K.LEEDINSSMTNSTAASRPPVTLR.L,PCBP1,6.178e+6,3.193,0.002,2.693,0.000
22395,2,"  1.644","  0.062",7/12,/core/www/modules//sdig/index.php?run_id=110202&search_id=114132&scans_id=110198&peptide_id=13895&scanf=22395&charge=2&value=7/12,sp|O60493|SNX3_HUMAN,/core/www/modules//consensus/?run_id=110202&search_id=114132&scans_id=110198&peptide_id=13895&scanf=22395&charge=2&value=sp|O60493|SNX3_HUMAN,2,/core/www/modules/match_peptides/blast_html4.php?run_id=110202&search_id=114132&scans_id=110198&peptide_id=13895&scanf=22395&charge=2&value=2,K.TNLPIFK.L,/core/www/modules/show_out/show_out_wrapper.php?run_id=110202&search_id=114132&scans_id=110198&peptide_id=13895&scanf=22395&charge=2&value=K.TNLPIFK.L,SNX3,1.108e+7,1.822,0.180,0.745,0.010
22397,2,"  2.854","  0.331",12/22,/core/www/modules//sdig/index.php?run_id=110202&search_id=114132&scans_id=110198&peptide_id=13897&scanf=22397&charge=2&value=12/22,sp|Q96SB3|NEB2_HUMAN,/core/www/modules//consensus/?run_id=110202&search_id=114132&scans_id=110198&peptide_id=13897&scanf=22397&charge=2&value=sp|Q96SB3|NEB2_HUMAN,0,/core/www/modules/match_peptides/blast_html4.php?run_id=110202&search_id=114132&scans_id=110198&peptide_id=13897&scanf=22397&charge=2&value=0,K.ISELEGNLQTLR.N,/core/www/modules/show_out/show_out_wrapper.php?run_id=110202&search_id=114132&scans_id=110198&peptide_id=13897&scanf=22397&charge=2&value=K.ISELEGNLQTLR.N,PPP1R9B,5.321e+6,2.477,0.023,1.640,0.001
22399,3,"  6.432","  0.662",24/96,/core/www/modules//sdig/index.php?run_id=110202&search_id=114132&scans_id=110198&peptide_id=13899&scanf=22399&charge=3&value=24/96,sp|P43358|MAGA4_HUMAN,/core/www/modules//consensus/?run_id=110202&search_id=114132&scans_id=110198&peptide_id=13899&scanf=22399&charge=3&value=sp|P43358|MAGA4_HUMAN,6,/core/www/modules/match_peptides/blast_html4.php?run_id=110202&search_id=114132&scans_id=110198&peptide_id=13899&scanf=22399&charge=3&value=6,R.QPNEGSSSQEEEGPSTSPDAESLFR.E,/core/www/modules/show_out/show_out_wrapper.php?run_id=110202&search_id=114132&scans_id=110198&peptide_id=13899&scanf=22399&charge=3&value=R.QPNEGSSSQEEEGPSTSPDAESLFR.E,MAGEA4,3.500e+6,3.433,0.001,3.049,0.000
22401,2,"  3.558","  0.576",12/30,/core/www/modules//sdig/index.php?run_id=110202&search_id=114132&scans_id=110198&peptide_id=13902&scanf=22401&charge=2&value=12/30,sp|Q96JH7|VCIP1_HUMAN,/core/www/modules//consensus/?run_id=110202&search_id=114132&scans_id=110198&peptide_id=13902&scanf=22401&charge=2&value=sp|Q96JH7|VCIP1_HUMAN,0,/core/www/modules/match_peptides/blast_html4.php?run_id=110202&search_id=114132&scans_id=110198&peptide_id=13902&scanf=22401&charge=2&value=0,R.TGVIGVQPEEVTAAAK.K,/core/www/modules/show_out/show_out_wrapper.php?run_id=110202&search_id=114132&scans_id=110198&peptide_id=13902&scanf=22401&charge=2&value=R.TGVIGVQPEEVTAAAK.K,VCPIP1,2.712e+6,3.020,0.004,2.437,0.000
22402,2,"  4.624","  0.558",19/28,/core/www/modules//sdig/index.php?run_id=110202&search_id=114132&scans_id=110198&peptide_id=13903&scanf=22402&charge=2&value=19/28,sp|P55072|TERA_HUMAN,/core/www/modules//consensus/?run_id=110202&search_id=114132&scans_id=110198&peptide_id=13903&scanf=22402&charge=2&value=sp|P55072|TERA_HUMAN,7,/core/www/modules/match_peptides/blast_html4.php?run_id=110202&search_id=114132&scans_id=110198&peptide_id=13903&scanf=22402&charge=2&value=7,R.ELQELVQYPVEHPDK.F,/core/www/modules/show_out/show_out_wrapper.php?run_id=110202&search_id=114132&scans_id=110198&peptide_id=13903&scanf=22402&charge=2&value=R.ELQELVQYPVEHPDK.F,VCP,1.214e+7,3.657,0.000,3.382,0.000
22403,2,"  3.058","  0.625",14/26,/core/www/modules//sdig/index.php?run_id=110202&search_id=114132&scans_id=110198&peptide_id=13904&scanf=22403&charge=2&value=14/26,sp|Q8WVM8|SCFD1_HUMAN,/core/www/modules//consensus/?run_id=110202&search_id=114132&scans_id=110198&peptide_id=13904&scanf=22403&charge=2&value=sp|Q8WVM8|SCFD1_HUMAN,12,/core/www/modules/match_peptides/blast_html4.php?run_id=110202&search_id=114132&scans_id=110198&peptide_id=13904&scanf=22403&charge=2&value=12,R.VMNTGSQFVMEGVK.N,/core/www/modules/show_out/show_out_wrapper.php?run_id=110202&search_id=114132&scans_id=110198&peptide_id=13904&scanf=22403&charge=2&value=R.VMNTGSQFVMEGVK.N,SCFD1,1.677e+7,3.281,0.001,2.824,0.000
22406,3,"  7.393","  0.737",26/96,/core/www/modules//sdig/index.php?run_id=110202&search_id=114132&scans_id=110198&peptide_id=13907&scanf=22406&charge=3&value=26/96,sp|Q15365|PCBP1_HUMAN,/core/www/modules//consensus/?run_id=110202&search_id=114132&scans_id=110198&peptide_id=13907&scanf=22406&charge=3&value=sp|Q15365|PCBP1_HUMAN,0,/core/www/modules/match_peptides/blast_html4.php?run_id=110202&search_id=114132&scans_id=110198&peptide_id=13907&scanf=22406&charge=3&value=0,R.QQSHFAMMHGGTGFAGIDSSSPEVK.G,/core/www/modules/show_out/show_out_wrapper.php?run_id=110202&search_id=114132&scans_id=110198&peptide_id=13907&scanf=22406&charge=3&value=R.QQSHFAMMHGGTGFAGIDSSSPEVK.G,PCBP1,4.367e+6,3.699,0.000,3.443,0.000
22407,2,"  2.700","  0.582",15/26,/core/www/modules//sdig/index.php?run_id=110202&search_id=114132&scans_id=110198&peptide_id=13908&scanf=22407&charge=2&value=15/26,sp|Q8NFD5|ARI1B_HUMAN,/core/www/modules//consensus/?run_id=110202&search_id=114132&scans_id=110198&peptide_id=13908&scanf=22407&charge=2&value=sp|Q8NFD5|ARI1B_HUMAN,10,/core/www/modules/match_peptides/blast_html4.php?run_id=110202&search_id=114132&scans_id=110198&peptide_id=13908&scanf=22407&charge=2&value=10,R.SLSFVPGNDAEMSK.H,/core/www/modules/show_out/show_out_wrapper.php?run_id=110202&search_id=114132&scans_id=110198&peptide_id=13908&scanf=22407&charge=2&value=R.SLSFVPGNDAEMSK.H,ARID1B,8.081e+6,3.368,0.001,2.952,0.000
22408,2,"  2.147","  0.216",9/18,/core/www/modules//sdig/index.php?run_id=110202&search_id=114132&scans_id=110198&peptide_id=13909&scanf=22408&charge=2&value=9/18,sp|P61221|ABCE1_HUMAN,/core/www/modules//consensus/?run_id=110202&search_id=114132&scans_id=110198&peptide_id=13909&scanf=22408&charge=2&value=sp|P61221|ABCE1_HUMAN,0,/core/www/modules/match_peptides/blast_html4.php?run_id=110202&search_id=114132&scans_id=110198&peptide_id=13909&scanf=22408&charge=2&value=0,R.VIVFDGVPSK.N,/core/www/modules/show_out/show_out_wrapper.php?run_id=110202&search_id=114132&scans_id=110198&peptide_id=13909&scanf=22408&charge=2&value=R.VIVFDGVPSK.N,ABCE1,6.185e+6,2.102,0.078,1.109,0.003
22410,3,"  1.906","  0.268",9/44,/core/www/modules//sdig/index.php?run_id=110202&search_id=114132&scans_id=110198&peptide_id=13912&scanf=22410&charge=3&value=9/44,sp|Q8N6T7|SIR6_HUMAN,/core/www/modules//consensus/?run_id=110202&search_id=114132&scans_id=110198&peptide_id=13912&scanf=22410&charge=3&value=sp|Q8N6T7|SIR6_HUMAN,1,/core/www/modules/match_peptides/blast_html4.php?run_id=110202&search_id=114132&scans_id=110198&peptide_id=13912&scanf=22410&charge=3&value=1,R.ALPPLPRPPTPK.L,/core/www/modules/show_out/show_out_wrapper.php?run_id=110202&search_id=114132&scans_id=110198&peptide_id=13912&scanf=22410&charge=3&value=R.ALPPLPRPPTPK.L,SIRT6,3.306e+6,2.226,0.052,1.282,0.002
22412,2,"  2.909","  0.447",11/20,/core/www/modules//sdig/index.php?run_id=110202&search_id=114132&scans_id=110198&peptide_id=13913&scanf=22412&charge=2&value=11/20,sp|P17987|TCPA_HUMAN,/core/www/modules//consensus/?run_id=110202&search_id=114132&scans_id=110198&peptide_id=13913&scanf=22412&charge=2&value=sp|P17987|TCPA_HUMAN,2,/core/www/modules/match_peptides/blast_html4.php?run_id=110202&search_id=114132&scans_id=110198&peptide_id=13913&scanf=22412&charge=2&value=2,K.QAGVFEPTIVK.V,/core/www/modules/show_out/show_out_wrapper.php?run_id=110202&search_id=114132&scans_id=110198&peptide_id=13913&scanf=22412&charge=2&value=K.QAGVFEPTIVK.V,TCP1,2.805e+7,3.046,0.003,2.475,0.000
22413,2,"  2.064","  0.247",8/16,/core/www/modules//sdig/index.php?run_id=110202&search_id=114132&scans_id=110198&peptide_id=13914&scanf=22413&charge=2&value=8/16,sp|Q9ULC4|MCTS1_HUMAN,/core/www/modules//consensus/?run_id=110202&search_id=114132&scans_id=110198&peptide_id=13914&scanf=22413&charge=2&value=sp|Q9ULC4|MCTS1_HUMAN,0,/core/www/modules/match_peptides/blast_html4.php?run_id=110202&search_id=114132&scans_id=110198&peptide_id=13914&scanf=22413&charge=2&value=0,R.EGPFYPTLR.L,/core/www/modules/show_out/show_out_wrapper.php?run_id=110202&search_id=114132&scans_id=110198&peptide_id=13914&scanf=22413&charge=2&value=R.EGPFYPTLR.L,MCTS1,5.429e+7,2.249,0.048,1.315,0.002
22414,2,"  2.459","  0.487",9/16,/core/www/modules//sdig/index.php?run_id=110202&search_id=114132&scans_id=110198&peptide_id=13915&scanf=22414&charge=2&value=9/16,sp|Q13206|DDX10_HUMAN,/core/www/modules//consensus/?run_id=110202&search_id=114132&scans_id=110198&peptide_id=13915&scanf=22414&charge=2&value=sp|Q13206|DDX10_HUMAN,7,/core/www/modules/match_peptides/blast_html4.php?run_id=110202&search_id=114132&scans_id=110198&peptide_id=13915&scanf=22414&charge=2&value=7,R.MEVYNEFVR.K,/core/www/modules/show_out/show_out_wrapper.php?run_id=110202&search_id=114132&scans_id=110198&peptide_id=13915&scanf=22414&charge=2&value=R.MEVYNEFVR.K,DDX10,7.864e+6,3.249,0.002,2.777,0.000
22415,2,"  2.320","  0.475",11/22,/core/www/modules//sdig/index.php?run_id=110202&search_id=114132&scans_id=110198&peptide_id=13916&scanf=22415&charge=2&value=11/22,sp|Q9Y2R9|RT07_HUMAN,/core/www/modules//consensus/?run_id=110202&search_id=114132&scans_id=110198&peptide_id=13916&scanf=22415&charge=2&value=sp|Q9Y2R9|RT07_HUMAN,3,/core/www/modules/match_peptides/blast_html4.php?run_id=110202&search_id=114132&scans_id=110198&peptide_id=13916&scanf=22415&charge=2&value=3,K.TSSVFEDPVISK.F,/core/www/modules/show_out/show_out_wrapper.php?run_id=110202&search_id=114132&scans_id=110198&peptide_id=13916&scanf=22415&charge=2&value=K.TSSVFEDPVISK.F,MRPS7,4.171e+6,2.855,0.006,2.194,0.000
22417,2,"  3.189","  0.610",18/34,/core/www/modules//sdig/index.php?run_id=110202&search_id=114132&scans_id=110198&peptide_id=13918&scanf=22417&charge=2&value=18/34,sp|Q15428|SF3A2_HUMAN,/core/www/modules//consensus/?run_id=110202&search_id=114132&scans_id=110198&peptide_id=13918&scanf=22417&charge=2&value=sp|Q15428|SF3A2_HUMAN,0,/core/www/modules/match_peptides/blast_html4.php?run_id=110202&search_id=114132&scans_id=110198&peptide_id=13918&scanf=22417&charge=2&value=0,K.MEKPPAPPSLPAGPPGVK.R,/core/www/modules/show_out/show_out_wrapper.php?run_id=110202&search_id=114132&scans_id=110198&peptide_id=13918&scanf=22417&charge=2&value=K.MEKPPAPPSLPAGPPGVK.R,SF3A2,3.798e+6,3.256,0.002,2.787,0.000
22421,3,"  2.918","  0.279",12/60,/core/www/modules//sdig/index.php?run_id=110202&search_id=114132&scans_id=110198&peptide_id=13923&scanf=22421&charge=3&value=12/60,sp|Q15149|PLEC_HUMAN,/core/www/modules//consensus/?run_id=110202&search_id=114132&scans_id=110198&peptide_id=13923&scanf=22421&charge=3&value=sp|Q15149|PLEC_HUMAN,5,/core/www/modules/match_peptides/blast_html4.php?run_id=110202&search_id=114132&scans_id=110198&peptide_id=13923&scanf=22421&charge=3&value=5,R.QEQIQAMPLADSQAVR.E,/core/www/modules/show_out/show_out_wrapper.php?run_id=110202&search_id=114132&scans_id=110198&peptide_id=13923&scanf=22421&charge=3&value=R.QEQIQAMPLADSQAVR.E,PLEC,2.797e+6,2.750,0.009,2.039,0.000
22423,3,"  3.767","  0.594",19/64,/core/www/modules//sdig/index.php?run_id=110202&search_id=114132&scans_id=110198&peptide_id=13925&scanf=22423&charge=3&value=19/64,sp|Q16181|SEPT7_HUMAN,/core/www/modules//consensus/?run_id=110202&search_id=114132&scans_id=110198&peptide_id=13925&scanf=22423&charge=3&value=sp|Q16181|SEPT7_HUMAN,4,/core/www/modules/match_peptides/blast_html4.php?run_id=110202&search_id=114132&scans_id=110198&peptide_id=13925&scanf=22423&charge=3&value=4,K.IYEFPETDDEEENKLVK.K,/core/www/modules/show_out/show_out_wrapper.php?run_id=110202&search_id=114132&scans_id=110198&peptide_id=13925&scanf=22423&charge=3&value=K.IYEFPETDDEEENKLVK.K,SEPTIN7,4.668e+6,3.122,0.003,2.589,0.000
22424,3,"  4.032","  0.538",12/60,/core/www/modules//sdig/index.php?run_id=110202&search_id=114132&scans_id=110198&peptide_id=13926&scanf=22424&charge=3&value=12/60,sp|Q9Y2X3|NOP58_HUMAN,/core/www/modules//consensus/?run_id=110202&search_id=114132&scans_id=110198&peptide_id=13926&scanf=22424&charge=3&value=sp|Q9Y2X3|NOP58_HUMAN,0,/core/www/modules/match_peptides/blast_html4.php?run_id=110202&search_id=114132&scans_id=110198&peptide_id=13926&scanf=22424&charge=3&value=0,K.YGLIYHASLVGQTSPK.H,/core/www/modules/show_out/show_out_wrapper.php?run_id=110202&search_id=114132&scans_id=110198&peptide_id=13926&scanf=22424&charge=3&value=K.YGLIYHASLVGQTSPK.H,NOP58,2.379e+7,3.198,0.002,2.701,0.000
22427,2,"  2.806","  0.318",7/22,/core/www/modules//sdig/index.php?run_id=110202&search_id=114132&scans_id=110198&peptide_id=13929&scanf=22427&charge=2&value=7/22,sp|Q9BUJ2|HNRL1_HUMAN,/core/www/modules//consensus/?run_id=110202&search_id=114132&scans_id=110198&peptide_id=13929&scanf=22427&charge=2&value=sp|Q9BUJ2|HNRL1_HUMAN,4,/core/www/modules/match_peptides/blast_html4.php?run_id=110202&search_id=114132&scans_id=110198&peptide_id=13929&scanf=22427&charge=2&value=4,K.YNILGTNAIM*DK.M,/core/www/modules/show_out/show_out_wrapper.php?run_id=110202&search_id=114132&scans_id=110198&peptide_id=13929&scanf=22427&charge=2&value=K.YNILGTNAIM*DK.M,HNRNPUL1,6.392e+6,2.262,0.047,1.332,0.002
22428,3,"  3.825","  0.617",17/76,/core/www/modules//sdig/index.php?run_id=110202&search_id=114132&scans_id=110198&peptide_id=13930&scanf=22428&charge=3&value=17/76,sp|P07900|HS90A_HUMAN,/core/www/modules//consensus/?run_id=110202&search_id=114132&scans_id=110198&peptide_id=13930&scanf=22428&charge=3&value=sp|P07900|HS90A_HUMAN,2,/core/www/modules/match_peptides/blast_html4.php?run_id=110202&search_id=114132&scans_id=110198&peptide_id=13930&scanf=22428&charge=3&value=2,K.HNDDEQYAWESSAGGSFTVR.T,/core/www/modules/show_out/show_out_wrapper.php?run_id=110202&search_id=114132&scans_id=110198&peptide_id=13930&scanf=22428&charge=3&value=K.HNDDEQYAWESSAGGSFTVR.T,HSP90AA1,1.301e+7,3.505,0.001,3.156,0.000
22429,2,"  3.180","  0.512",14/26,/core/www/modules//sdig/index.php?run_id=110202&search_id=114132&scans_id=110198&peptide_id=13931&scanf=22429&charge=2&value=14/26,sp|Q99848|EBP2_HUMAN,/core/www/modules//consensus/?run_id=110202&search_id=114132&scans_id=110198&peptide_id=13931&scanf=22429&charge=2&value=sp|Q99848|EBP2_HUMAN,1,/core/www/modules/match_peptides/blast_html4.php?run_id=110202&search_id=114132&scans_id=110198&peptide_id=13931&scanf=22429&charge=2&value=1,K.LDFLEGDQKPLAQR.K,/core/www/modules/show_out/show_out_wrapper.php?run_id=110202&search_id=114132&scans_id=110198&peptide_id=13931&scanf=22429&charge=2&value=K.LDFLEGDQKPLAQR.K,EBNA1BP2,7.578e+6,3.141,0.002,2.616,0.000
22433,3,"  2.667","  0.626",13/48,/core/www/modules//sdig/index.php?run_id=110202&search_id=114132&scans_id=110198&peptide_id=13935&scanf=22433&charge=3&value=13/48,sp|P13010|XRCC5_HUMAN,/core/www/modules//consensus/?run_id=110202&search_id=114132&scans_id=110198&peptide_id=13935&scanf=22433&charge=3&value=sp|P13010|XRCC5_HUMAN,0,/core/www/modules/match_peptides/blast_html4.php?run_id=110202&search_id=114132&scans_id=110198&peptide_id=13935&scanf=22433&charge=3&value=0,R.ANPQVGVAFPHIK.H,/core/www/modules/show_out/show_out_wrapper.php?run_id=110202&search_id=114132&scans_id=110198&peptide_id=13935&scanf=22433&charge=3&value=R.ANPQVGVAFPHIK.H,XRCC5,1.064e+8,3.691,0.000,3.431,0.000
22436,2,"  2.063","  0.349",9/16,/core/www/modules//sdig/index.php?run_id=110202&search_id=114132&scans_id=110198&peptide_id=13938&scanf=22436&charge=2&value=9/16,sp|P38919|IF4A3_HUMAN,/core/www/modules//consensus/?run_id=110202&search_id=114132&scans_id=110198&peptide_id=13938&scanf=22436&charge=2&value=sp|P38919|IF4A3_HUMAN,1,/core/www/modules/match_peptides/blast_html4.php?run_id=110202&search_id=114132&scans_id=110198&peptide_id=13938&scanf=22436&charge=2&value=1,R.DELTLEGIK.Q,/core/www/modules/show_out/show_out_wrapper.php?run_id=110202&search_id=114132&scans_id=110198&peptide_id=13938&scanf=22436&charge=2&value=R.DELTLEGIK.Q,EIF4A3,3.163e+7,2.804,0.008,2.119,0.000
22437,2,"  2.498","  0.418",10/18,/core/www/modules//sdig/index.php?run_id=110202&search_id=114132&scans_id=110198&peptide_id=13939&scanf=22437&charge=2&value=10/18,sp|Q9NVU7|SDA1_HUMAN,/core/www/modules//consensus/?run_id=110202&search_id=114132&scans_id=110198&peptide_id=13939&scanf=22437&charge=2&value=sp|Q9NVU7|SDA1_HUMAN,1,/core/www/modules/match_peptides/blast_html4.php?run_id=110202&search_id=114132&scans_id=110198&peptide_id=13939&scanf=22437&charge=2&value=1,R.DLLVQYATGK.K,/core/www/modules/show_out/show_out_wrapper.php?run_id=110202&search_id=114132&scans_id=110198&peptide_id=13939&scanf=22437&charge=2&value=R.DLLVQYATGK.K,SDAD1,1.730e+7,2.935,0.005,2.312,0.000
22438,3,"  2.655","  0.566",20/68,/core/www/modules//sdig/index.php?run_id=110202&search_id=114132&scans_id=110198&peptide_id=13940&scanf=22438&charge=3&value=20/68,sp|Q96KR1|ZFR_HUMAN,/core/www/modules//consensus/?run_id=110202&search_id=114132&scans_id=110198&peptide_id=13940&scanf=22438&charge=3&value=sp|Q96KR1|ZFR_HUMAN,0,/core/www/modules/match_peptides/blast_html4.php?run_id=110202&search_id=114132&scans_id=110198&peptide_id=13940&scanf=22438&charge=3&value=0,R.EGDVTSGMVKDPPDVLDR.Q,/core/www/modules/show_out/show_out_wrapper.php?run_id=110202&search_id=114132&scans_id=110198&peptide_id=13940&scanf=22438&charge=3&value=R.EGDVTSGMVKDPPDVLDR.Q,ZFR,2.835e+7,2.954,0.005,2.339,0.000
22439,2,"  3.396","  0.419",13/26,/core/www/modules//sdig/index.php?run_id=110202&search_id=114132&scans_id=110198&peptide_id=13941&scanf=22439&charge=2&value=13/26,sp|P50991|TCPD_HUMAN,/core/www/modules//consensus/?run_id=110202&search_id=114132&scans_id=110198&peptide_id=13941&scanf=22439&charge=2&value=sp|P50991|TCPD_HUMAN,0,/core/www/modules/match_peptides/blast_html4.php?run_id=110202&search_id=114132&scans_id=110198&peptide_id=13941&scanf=22439&charge=2&value=0,K.GDVTITNDGATILK.Q,/core/www/modules/show_out/show_out_wrapper.php?run_id=110202&search_id=114132&scans_id=110198&peptide_id=13941&scanf=22439&charge=2&value=K.GDVTITNDGATILK.Q,CCT4,2.049e+7,2.708,0.011,1.977,0.000
22440,2,"  2.897","  0.649",12/20,/core/www/modules//sdig/index.php?run_id=110202&search_id=114132&scans_id=110198&peptide_id=13943&scanf=22440&charge=2&value=12/20,sp|P17844|DDX5_HUMAN,/core/www/modules//consensus/?run_id=110202&search_id=114132&scans_id=110198&peptide_id=13943&scanf=22440&charge=2&value=sp|P17844|DDX5_HUMAN,7,/core/www/modules/match_peptides/blast_html4.php?run_id=110202&search_id=114132&scans_id=110198&peptide_id=13943&scanf=22440&charge=2&value=7,R.TTYLVLDEADR.M,/core/www/modules/show_out/show_out_wrapper.php?run_id=110202&search_id=114132&scans_id=110198&peptide_id=13943&scanf=22440&charge=2&value=R.TTYLVLDEADR.M,DDX5,8.219e+7,3.843,0.000,3.657,0.000
22441,2,"  1.965","  0.480",8/14,/core/www/modules//sdig/index.php?run_id=110202&search_id=114132&scans_id=110198&peptide_id=13944&scanf=22441&charge=2&value=8/14,sp|O14979|HNRDL_HUMAN,/core/www/modules//consensus/?run_id=110202&search_id=114132&scans_id=110198&peptide_id=13944&scanf=22441&charge=2&value=sp|O14979|HNRDL_HUMAN,1,/core/www/modules/match_peptides/blast_html4.php?run_id=110202&search_id=114132&scans_id=110198&peptide_id=13944&scanf=22441&charge=2&value=1,K.DLTEYLSR.F,/core/www/modules/show_out/show_out_wrapper.php?run_id=110202&search_id=114132&scans_id=110198&peptide_id=13944&scanf=22441&charge=2&value=K.DLTEYLSR.F,HNRNPDL,6.686e+7,3.173,0.002,2.664,0.000
22443,2,"  2.891","  0.565",12/24,/core/www/modules//sdig/index.php?run_id=110202&search_id=114132&scans_id=110198&peptide_id=13946&scanf=22443&charge=2&value=12/24,sp|P33991|MCM4_HUMAN,/core/www/modules//consensus/?run_id=110202&search_id=114132&scans_id=110198&peptide_id=13946&scanf=22443&charge=2&value=sp|P33991|MCM4_HUMAN,5,/core/www/modules/match_peptides/blast_html4.php?run_id=110202&search_id=114132&scans_id=110198&peptide_id=13946&scanf=22443&charge=2&value=5,K.DYIAYAHSTIMPR.L,/core/www/modules/show_out/show_out_wrapper.php?run_id=110202&search_id=114132&scans_id=110198&peptide_id=13946&scanf=22443&charge=2&value=K.DYIAYAHSTIMPR.L,MCM4,4.888e+6,3.274,0.002,2.813,0.000
22445,3,"  1.552","  0.284",10/44,/core/www/modules//sdig/index.php?run_id=110202&search_id=114132&scans_id=110198&peptide_id=13948&scanf=22445&charge=3&value=10/44,sp|Q9BQG0|MBB1A_HUMAN,/core/www/modules//consensus/?run_id=110202&search_id=114132&scans_id=110198&peptide_id=13948&scanf=22445&charge=3&value=sp|Q9BQG0|MBB1A_HUMAN,2,/core/www/modules/match_peptides/blast_html4.php?run_id=110202&search_id=114132&scans_id=110198&peptide_id=13948&scanf=22445&charge=3&value=2,K.HPFSFPLENQAR.E,/core/www/modules/show_out/show_out_wrapper.php?run_id=110202&search_id=114132&scans_id=110198&peptide_id=13948&scanf=22445&charge=3&value=K.HPFSFPLENQAR.E,MYBBP1A,5.032e+7,2.523,0.020,1.708,0.000
22446,3,"  3.959","  0.565",16/44,/core/www/modules//sdig/index.php?run_id=110202&search_id=114132&scans_id=110198&peptide_id=13949&scanf=22446&charge=3&value=16/44,sp|A6NHR9|SMHD1_HUMAN,/core/www/modules//consensus/?run_id=110202&search_id=114132&scans_id=110198&peptide_id=13949&scanf=22446&charge=3&value=sp|A6NHR9|SMHD1_HUMAN,4,/core/www/modules/match_peptides/blast_html4.php?run_id=110202&search_id=114132&scans_id=110198&peptide_id=13949&scanf=22446&charge=3&value=4,K.LM*ILPDPEKPVR.L,/core/www/modules/show_out/show_out_wrapper.php?run_id=110202&search_id=114132&scans_id=110198&peptide_id=13949&scanf=22446&charge=3&value=K.LM*ILPDPEKPVR.L,SMCHD1,1.115e+7,3.784,0.000,3.569,0.000
22447,2,"  5.566","  0.691",27/32,/core/www/modules//sdig/index.php?run_id=110202&search_id=114132&scans_id=110198&peptide_id=13950&scanf=22447&charge=2&value=27/32,sp|Q9NR30|DDX21_HUMAN,/core/www/modules//consensus/?run_id=110202&search_id=114132&scans_id=110198&peptide_id=13950&scanf=22447&charge=2&value=sp|Q9NR30|DDX21_HUMAN,3,/core/www/modules/match_peptides/blast_html4.php?run_id=110202&search_id=114132&scans_id=110198&peptide_id=13950&scanf=22447&charge=2&value=3,K.SDKTEEIAEEEETVFPK.A,/core/www/modules/show_out/show_out_wrapper.php?run_id=110202&search_id=114132&scans_id=110198&peptide_id=13950&scanf=22447&charge=2&value=K.SDKTEEIAEEEETVFPK.A,DDX21,5.453e+6,4.031,0.000,3.935,0.000
22451,2,"  2.415","  0.397",13/28,/core/www/modules//sdig/index.php?run_id=110202&search_id=114132&scans_id=110198&peptide_id=13955&scanf=22451&charge=2&value=13/28,sp|Q86U86|PB1_HUMAN,/core/www/modules//consensus/?run_id=110202&search_id=114132&scans_id=110198&peptide_id=13955&scanf=22451&charge=2&value=sp|Q86U86|PB1_HUMAN,2,/core/www/modules/match_peptides/blast_html4.php?run_id=110202&search_id=114132&scans_id=110198&peptide_id=13955&scanf=22451&charge=2&value=2,K.ELGPLPDDDDMASPK.L,/core/www/modules/show_out/show_out_wrapper.php?run_id=110202&search_id=114132&scans_id=110198&peptide_id=13955&scanf=22451&charge=2&value=K.ELGPLPDDDDMASPK.L,PBRM1,4.376e+6,2.617,0.014,1.845,0.000
22455,2,"  2.925","  0.447",12/22,/core/www/modules//sdig/index.php?run_id=110202&search_id=114132&scans_id=110198&peptide_id=13958&scanf=22455&charge=2&value=12/22,sp|Q9NU22|MDN1_HUMAN,/core/www/modules//consensus/?run_id=110202&search_id=114132&scans_id=110198&peptide_id=13958&scanf=22455&charge=2&value=sp|Q9NU22|MDN1_HUMAN,0,/core/www/modules/match_peptides/blast_html4.php?run_id=110202&search_id=114132&scans_id=110198&peptide_id=13958&scanf=22455&charge=2&value=0,R.LFLESSDANPVR.Y,/core/www/modules/show_out/show_out_wrapper.php?run_id=110202&search_id=114132&scans_id=110198&peptide_id=13958&scanf=22455&charge=2&value=R.LFLESSDANPVR.Y,MDN1,1.002e+7,3.135,0.002,2.608,0.000
22463,3,"  2.736","  0.400",10/36,/core/www/modules//sdig/index.php?run_id=110202&search_id=114132&scans_id=110198&peptide_id=13967&scanf=22463&charge=3&value=10/36,sp|Q6DKI1|RL7L_HUMAN,/core/www/modules//consensus/?run_id=110202&search_id=114132&scans_id=110198&peptide_id=13967&scanf=22463&charge=3&value=sp|Q6DKI1|RL7L_HUMAN,1,/core/www/modules/match_peptides/blast_html4.php?run_id=110202&search_id=114132&scans_id=110198&peptide_id=13967&scanf=22463&charge=3&value=1,R.LESFLHDSWR.Q,/core/www/modules/show_out/show_out_wrapper.php?run_id=110202&search_id=114132&scans_id=110198&peptide_id=13967&scanf=22463&charge=3&value=R.LESFLHDSWR.Q,RPL7L1,8.491e+6,2.916,0.005,2.283,0.000
22465,4,"  4.900","  0.451",19/120,/core/www/modules//sdig/index.php?run_id=110202&search_id=114132&scans_id=110198&peptide_id=13969&scanf=22465&charge=4&value=19/120,sp|Q16643|DREB_HUMAN,/core/www/modules//consensus/?run_id=110202&search_id=114132&scans_id=110198&peptide_id=13969&scanf=22465&charge=4&value=sp|Q16643|DREB_HUMAN,2,/core/www/modules/match_peptides/blast_html4.php?run_id=110202&search_id=114132&scans_id=110198&peptide_id=13969&scanf=22465&charge=4&value=2,K.KSESEVEEAAAIIAQRPDNPR.E,/core/www/modules/show_out/show_out_wrapper.php?run_id=110202&search_id=114132&scans_id=110198&peptide_id=13969&scanf=22465&charge=4&value=K.KSESEVEEAAAIIAQRPDNPR.E,DBN1,8.011e+7,2.986,0.004,2.388,0.000
22468,2,"  3.335","  0.644",14/24,/core/www/modules//sdig/index.php?run_id=110202&search_id=114132&scans_id=110198&peptide_id=13972&scanf=22468&charge=2&value=14/24,sp|O95219|SNX4_HUMAN,/core/www/modules//consensus/?run_id=110202&search_id=114132&scans_id=110198&peptide_id=13972&scanf=22468&charge=2&value=sp|O95219|SNX4_HUMAN,1,/core/www/modules/match_peptides/blast_html4.php?run_id=110202&search_id=114132&scans_id=110198&peptide_id=13972&scanf=22468&charge=2&value=1,K.LSADNMDPDFVER.R,/core/www/modules/show_out/show_out_wrapper.php?run_id=110202&search_id=114132&scans_id=110198&peptide_id=13972&scanf=22468&charge=2&value=K.LSADNMDPDFVER.R,SNX4,3.344e+6,3.474,0.001,3.109,0.000
22472,2,"  4.023","  0.739",18/32,/core/www/modules//sdig/index.php?run_id=110202&search_id=114132&scans_id=110198&peptide_id=13977&scanf=22472&charge=2&value=18/32,sp|Q16531|DDB1_HUMAN,/core/www/modules//consensus/?run_id=110202&search_id=114132&scans_id=110198&peptide_id=13977&scanf=22472&charge=2&value=sp|Q16531|DDB1_HUMAN,6,/core/www/modules/match_peptides/blast_html4.php?run_id=110202&search_id=114132&scans_id=110198&peptide_id=13977&scanf=22472&charge=2&value=6,K.MQEVVANLQYDDGSGMK.R,/core/www/modules/show_out/show_out_wrapper.php?run_id=110202&search_id=114132&scans_id=110198&peptide_id=13977&scanf=22472&charge=2&value=K.MQEVVANLQYDDGSGMK.R,DDB1,3.146e+6,3.887,0.000,3.721,0.000
22473,3,"  2.219","  0.545",9/40,/core/www/modules//sdig/index.php?run_id=110202&search_id=114132&scans_id=110198&peptide_id=13978&scanf=22473&charge=3&value=9/40,sp|Q9BXP5|SRRT_HUMAN,/core/www/modules//consensus/?run_id=110202&search_id=114132&scans_id=110198&peptide_id=13978&scanf=22473&charge=3&value=sp|Q9BXP5|SRRT_HUMAN,2,/core/www/modules/match_peptides/blast_html4.php?run_id=110202&search_id=114132&scans_id=110198&peptide_id=13978&scanf=22473&charge=3&value=2,R.QQMQDFFLAHK.D,/core/www/modules/show_out/show_out_wrapper.php?run_id=110202&search_id=114132&scans_id=110198&peptide_id=13978&scanf=22473&charge=3&value=R.QQMQDFFLAHK.D,SRRT,4.549e+6,3.339,0.001,2.909,0.000
22475,2,"  2.158","  0.581",12/20,/core/www/modules//sdig/index.php?run_id=110202&search_id=114132&scans_id=110198&peptide_id=13979&scanf=22475&charge=2&value=12/20,sp|P32119|PRDX2_HUMAN,/core/www/modules//consensus/?run_id=110202&search_id=114132&scans_id=110198&peptide_id=13979&scanf=22475&charge=2&value=sp|P32119|PRDX2_HUMAN,3,/core/www/modules/match_peptides/blast_html4.php?run_id=110202&search_id=114132&scans_id=110198&peptide_id=13979&scanf=22475&charge=2&value=3,R.QITVNDLPVGR.S,/core/www/modules/show_out/show_out_wrapper.php?run_id=110202&search_id=114132&scans_id=110198&peptide_id=13979&scanf=22475&charge=2&value=R.QITVNDLPVGR.S,PRDX2,3.684e+7,3.406,0.001,3.009,0.000
22478,3,"  2.202","  0.243",14/68,/core/www/modules//sdig/index.php?run_id=110202&search_id=114132&scans_id=110198&peptide_id=13982&scanf=22478&charge=3&value=14/68,sp|P14324|FPPS_HUMAN,/core/www/modules//consensus/?run_id=110202&search_id=114132&scans_id=110198&peptide_id=13982&scanf=22478&charge=3&value=sp|P14324|FPPS_HUMAN,3,/core/www/modules/match_peptides/blast_html4.php?run_id=110202&search_id=114132&scans_id=110198&peptide_id=13982&scanf=22478&charge=3&value=3,R.VLTEDEMGHPEIGDAIAR.L,/core/www/modules/show_out/show_out_wrapper.php?run_id=110202&search_id=114132&scans_id=110198&peptide_id=13982&scanf=22478&charge=3&value=R.VLTEDEMGHPEIGDAIAR.L,FDPS,8.858e+6,1.975,0.115,0.939,0.005
22480,2,"  3.346","  0.557",10/20,/core/www/modules//sdig/index.php?run_id=110202&search_id=114132&scans_id=110198&peptide_id=13984&scanf=22480&charge=2&value=10/20,sp|P07900|HS90A_HUMAN,/core/www/modules//consensus/?run_id=110202&search_id=114132&scans_id=110198&peptide_id=13984&scanf=22480&charge=2&value=sp|P07900|HS90A_HUMAN,4,/core/www/modules/match_peptides/blast_html4.php?run_id=110202&search_id=114132&scans_id=110198&peptide_id=13984&scanf=22480&charge=2&value=4,K.HFSVEGQLEFR.A,/core/www/modules/show_out/show_out_wrapper.php?run_id=110202&search_id=114132&scans_id=110198&peptide_id=13984&scanf=22480&charge=2&value=K.HFSVEGQLEFR.A,HSP90AA1,2.477e+7,3.507,0.001,3.159,0.000
22482,3,"  1.795","  0.380",12/48,/core/www/modules//sdig/index.php?run_id=110202&search_id=114132&scans_id=110198&peptide_id=13986&scanf=22482&charge=3&value=12/48,sp|P50991|TCPD_HUMAN,/core/www/modules//consensus/?run_id=110202&search_id=114132&scans_id=110198&peptide_id=13986&scanf=22482&charge=3&value=sp|P50991|TCPD_HUMAN,0,/core/www/modules/match_peptides/blast_html4.php?run_id=110202&search_id=114132&scans_id=110198&peptide_id=13986&scanf=22482&charge=3&value=0,K.VIDPATATSVDLR.D,/core/www/modules/show_out/show_out_wrapper.php?run_id=110202&search_id=114132&scans_id=110198&peptide_id=13986&scanf=22482&charge=3&value=K.VIDPATATSVDLR.D,CCT4,5.656e+6,2.629,0.014,1.862,0.000
22483,2,"  2.296","  0.513",9/18,/core/www/modules//sdig/index.php?run_id=110202&search_id=114132&scans_id=110198&peptide_id=13987&scanf=22483&charge=2&value=9/18,sp|Q9P2K5|MYEF2_HUMAN,/core/www/modules//consensus/?run_id=110202&search_id=114132&scans_id=110198&peptide_id=13987&scanf=22483&charge=2&value=sp|Q9P2K5|MYEF2_HUMAN,4,/core/www/modules/match_peptides/blast_html4.php?run_id=110202&search_id=114132&scans_id=110198&peptide_id=13987&scanf=22483&charge=2&value=4,K.EVFSIAGTVK.R,/core/www/modules/show_out/show_out_wrapper.php?run_id=110202&search_id=114132&scans_id=110198&peptide_id=13987&scanf=22483&charge=2&value=K.EVFSIAGTVK.R,MYEF2,1.079e+7,3.189,0.002,2.687,0.000
22486,2,"  1.797","  0.166",7/14,/core/www/modules//sdig/index.php?run_id=110202&search_id=114132&scans_id=110198&peptide_id=13990&scanf=22486&charge=2&value=7/14,sp|Q6PD62|CTR9_HUMAN,/core/www/modules//consensus/?run_id=110202&search_id=114132&scans_id=110198&peptide_id=13990&scanf=22486&charge=2&value=sp|Q6PD62|CTR9_HUMAN,0,/core/www/modules/match_peptides/blast_html4.php?run_id=110202&search_id=114132&scans_id=110198&peptide_id=13990&scanf=22486&charge=2&value=0,R.GSIEIPLR.D,/core/www/modules/show_out/show_out_wrapper.php?run_id=110202&search_id=114132&scans_id=110198&peptide_id=13990&scanf=22486&charge=2&value=R.GSIEIPLR.D,CTR9,5.151e+6,2.049,0.092,1.038,0.004
22488,3,"  4.393","  0.576",19/72,/core/www/modules//sdig/index.php?run_id=110202&search_id=114132&scans_id=110198&peptide_id=13992&scanf=22488&charge=3&value=19/72,sp|P55795|HNRH2_HUMAN,/core/www/modules//consensus/?run_id=110202&search_id=114132&scans_id=110198&peptide_id=13992&scanf=22488&charge=3&value=sp|P55795|HNRH2_HUMAN,0,/core/www/modules/match_peptides/blast_html4.php?run_id=110202&search_id=114132&scans_id=110198&peptide_id=13992&scanf=22488&charge=3&value=0,R.EGRPSGEAFVELESEEEVK.L,/core/www/modules/show_out/show_out_wrapper.php?run_id=110202&search_id=114132&scans_id=110198&peptide_id=13992&scanf=22488&charge=3&value=R.EGRPSGEAFVELESEEEVK.L,HNRNPH2,4.795e+6,3.278,0.002,2.820,0.000
22489,2,"  3.547","  0.588",14/22,/core/www/modules//sdig/index.php?run_id=110202&search_id=114132&scans_id=110198&peptide_id=13993&scanf=22489&charge=2&value=14/22,sp|Q9NU22|MDN1_HUMAN,/core/www/modules//consensus/?run_id=110202&search_id=114132&scans_id=110198&peptide_id=13993&scanf=22489&charge=2&value=sp|Q9NU22|MDN1_HUMAN,0,/core/www/modules/match_peptides/blast_html4.php?run_id=110202&search_id=114132&scans_id=110198&peptide_id=13993&scanf=22489&charge=2&value=0,R.TDSQLQGQVLFR.H,/core/www/modules/show_out/show_out_wrapper.php?run_id=110202&search_id=114132&scans_id=110198&peptide_id=13993&scanf=22489&charge=2&value=R.TDSQLQGQVLFR.H,MDN1,6.996e+6,3.860,0.000,3.682,0.000
22491,2,"  1.950","  0.000",7/12,/core/www/modules//sdig/index.php?run_id=110202&search_id=114132&scans_id=110198&peptide_id=13996&scanf=22491&charge=2&value=7/12,sp|Q9NWH9|SLTM_HUMAN,/core/www/modules//consensus/?run_id=110202&search_id=114132&scans_id=110198&peptide_id=13996&scanf=22491&charge=2&value=sp|Q9NWH9|SLTM_HUMAN,0,/core/www/modules/match_peptides/blast_html4.php?run_id=110202&search_id=114132&scans_id=110198&peptide_id=13996&scanf=22491&charge=2&value=0,K.EILPFEK.M,/core/www/modules/show_out/show_out_wrapper.php?run_id=110202&search_id=114132&scans_id=110198&peptide_id=13996&scanf=22491&charge=2&value=K.EILPFEK.M,SLTM,2.364e+7,1.846,0.168,0.775,0.009
22492,2,"  1.287","  0.277",8/20,/core/www/modules//sdig/index.php?run_id=110202&search_id=114132&scans_id=110198&peptide_id=13997&scanf=22492&charge=2&value=8/20,sp|Q8TDD1|DDX54_HUMAN,/core/www/modules//consensus/?run_id=110202&search_id=114132&scans_id=110198&peptide_id=13997&scanf=22492&charge=2&value=sp|Q8TDD1|DDX54_HUMAN,0,/core/www/modules/match_peptides/blast_html4.php?run_id=110202&search_id=114132&scans_id=110198&peptide_id=13997&scanf=22492&charge=2&value=0,R.ATIFEINASSR.D,/core/www/modules/show_out/show_out_wrapper.php?run_id=110202&search_id=114132&scans_id=110198&peptide_id=13997&scanf=22492&charge=2&value=R.ATIFEINASSR.D,DDX54,3.339e+6,2.111,0.075,1.122,0.002
22493,2,"  3.909","  0.142",13/20,/core/www/modules//sdig/index.php?run_id=110202&search_id=114132&scans_id=110198&peptide_id=13998&scanf=22493&charge=2&value=13/20,sp|Q7Z7H5|TMED4_HUMAN,/core/www/modules//consensus/?run_id=110202&search_id=114132&scans_id=110198&peptide_id=13998&scanf=22493&charge=2&value=sp|Q7Z7H5|TMED4_HUMAN,0,/core/www/modules/match_peptides/blast_html4.php?run_id=110202&search_id=114132&scans_id=110198&peptide_id=13998&scanf=22493&charge=2&value=0,R.QLLDQVEQIQK.E,/core/www/modules/show_out/show_out_wrapper.php?run_id=110202&search_id=114132&scans_id=110198&peptide_id=13998&scanf=22493&charge=2&value=R.QLLDQVEQIQK.E,TMED4,3.729e+6,2.111,0.076,1.122,0.002
22496,2,"  2.046","  0.489",9/18,/core/www/modules//sdig/index.php?run_id=110202&search_id=114132&scans_id=110198&peptide_id=14000&scanf=22496&charge=2&value=9/18,sp|A6NHR9|SMHD1_HUMAN,/core/www/modules//consensus/?run_id=110202&search_id=114132&scans_id=110198&peptide_id=14000&scanf=22496&charge=2&value=sp|A6NHR9|SMHD1_HUMAN,3,/core/www/modules/match_peptides/blast_html4.php?run_id=110202&search_id=114132&scans_id=110198&peptide_id=14000&scanf=22496&charge=2&value=3,R.GMVFGAPVPK.Q,/core/www/modules/show_out/show_out_wrapper.php?run_id=110202&search_id=114132&scans_id=110198&peptide_id=14000&scanf=22496&charge=2&value=R.GMVFGAPVPK.Q,SMCHD1,3.418e+7,3.144,0.002,2.620,0.000
22497,3,"  1.750","  0.309",12/36,/core/www/modules//sdig/index.php?run_id=110202&search_id=114132&scans_id=110198&peptide_id=14001&scanf=22497&charge=3&value=12/36,sp|P09874|PARP1_HUMAN,/core/www/modules//consensus/?run_id=110202&search_id=114132&scans_id=110198&peptide_id=14001&scanf=22497&charge=3&value=sp|P09874|PARP1_HUMAN,0,/core/www/modules/match_peptides/blast_html4.php?run_id=110202&search_id=114132&scans_id=110198&peptide_id=14001&scanf=22497&charge=3&value=0,K.LPKPVQDLIK.M,/core/www/modules/show_out/show_out_wrapper.php?run_id=110202&search_id=114132&scans_id=110198&peptide_id=14001&scanf=22497&charge=3&value=K.LPKPVQDLIK.M,PARP1,9.827e+6,2.802,0.008,2.115,0.000
22498,2,"  1.395","  0.348",6/12,/core/www/modules//sdig/index.php?run_id=110202&search_id=114132&scans_id=110198&peptide_id=14002&scanf=22498&charge=2&value=6/12,sp|Q14151|SAFB2_HUMAN,/core/www/modules//consensus/?run_id=110202&search_id=114132&scans_id=110198&peptide_id=14002&scanf=22498&charge=2&value=sp|Q14151|SAFB2_HUMAN,0,/core/www/modules/match_peptides/blast_html4.php?run_id=110202&search_id=114132&scans_id=110198&peptide_id=14002&scanf=22498&charge=2&value=0,R.DILSFDK.I,/core/www/modules/show_out/show_out_wrapper.php?run_id=110202&search_id=114132&scans_id=110198&peptide_id=14002&scanf=22498&charge=2&value=R.DILSFDK.I,SAFB2,2.498e+7,2.717,0.010,1.991,0.000
22500,2,"  3.076","  0.426",14/24,/core/www/modules//sdig/index.php?run_id=110202&search_id=114132&scans_id=110198&peptide_id=14005&scanf=22500&charge=2&value=14/24,sp|Q9UNQ2|DIM1_HUMAN,/core/www/modules//consensus/?run_id=110202&search_id=114132&scans_id=110198&peptide_id=14005&scanf=22500&charge=2&value=sp|Q9UNQ2|DIM1_HUMAN,4,/core/www/modules/match_peptides/blast_html4.php?run_id=110202&search_id=114132&scans_id=110198&peptide_id=14005&scanf=22500&charge=2&value=4,K.IQQILTSTGFSDK.R,/core/www/modules/show_out/show_out_wrapper.php?run_id=110202&search_id=114132&scans_id=110198&peptide_id=14005&scanf=22500&charge=2&value=K.IQQILTSTGFSDK.R,DIMT1,4.136e+6,2.926,0.005,2.298,0.000
22505,3,"  2.635","  0.344",13/56,/core/www/modules//sdig/index.php?run_id=110202&search_id=114132&scans_id=110198&peptide_id=14010&scanf=22505&charge=3&value=13/56,sp|O43852|CALU_HUMAN,/core/www/modules//consensus/?run_id=110202&search_id=114132&scans_id=110198&peptide_id=14010&scanf=22505&charge=3&value=sp|O43852|CALU_HUMAN,0,/core/www/modules/match_peptides/blast_html4.php?run_id=110202&search_id=114132&scans_id=110198&peptide_id=14010&scanf=22505&charge=3&value=0,K.IDGDKDGFVTVDELK.D,/core/www/modules/show_out/show_out_wrapper.php?run_id=110202&search_id=114132&scans_id=110198&peptide_id=14010&scanf=22505&charge=3&value=K.IDGDKDGFVTVDELK.D,CALU,3.694e+6,2.211,0.055,1.260,0.002
22506,2,"  4.852","  0.672",21/30,/core/www/modules//sdig/index.php?run_id=110202&search_id=114132&scans_id=110198&peptide_id=14011&scanf=22506&charge=2&value=21/30,sp|O75439|MPPB_HUMAN,/core/www/modules//consensus/?run_id=110202&search_id=114132&scans_id=110198&peptide_id=14011&scanf=22506&charge=2&value=sp|O75439|MPPB_HUMAN,4,/core/www/modules/match_peptides/blast_html4.php?run_id=110202&search_id=114132&scans_id=110198&peptide_id=14011&scanf=22506&charge=2&value=4,R.STQAATQVVLNVPETR.V,/core/www/modules/show_out/show_out_wrapper.php?run_id=110202&search_id=114132&scans_id=110198&peptide_id=14011&scanf=22506&charge=2&value=R.STQAATQVVLNVPETR.V,PMPCB,3.055e+6,3.915,0.000,3.764,0.000
22509,2,"  1.530","  0.000",8/12,/core/www/modules//sdig/index.php?run_id=110202&search_id=114132&scans_id=110198&peptide_id=14014&scanf=22509&charge=2&value=8/12,sp|Q08170|SRSF4_HUMAN,/core/www/modules//consensus/?run_id=110202&search_id=114132&scans_id=110198&peptide_id=14014&scanf=22509&charge=2&value=sp|Q08170|SRSF4_HUMAN,4,/core/www/modules/match_peptides/blast_html4.php?run_id=110202&search_id=114132&scans_id=110198&peptide_id=14014&scanf=22509&charge=2&value=4,K.ILEVDLK.N,/core/www/modules/show_out/show_out_wrapper.php?run_id=110202&search_id=114132&scans_id=110198&peptide_id=14014&scanf=22509&charge=2&value=K.ILEVDLK.N,SRSF4,8.536e+7,2.087,0.081,1.089,0.003
22511,3,"  4.735","  0.579",19/76,/core/www/modules//sdig/index.php?run_id=110202&search_id=114132&scans_id=110198&peptide_id=14017&scanf=22511&charge=3&value=19/76,sp|P19338|NUCL_HUMAN,/core/www/modules//consensus/?run_id=110202&search_id=114132&scans_id=110198&peptide_id=14017&scanf=22511&charge=3&value=sp|P19338|NUCL_HUMAN,7,/core/www/modules/match_peptides/blast_html4.php?run_id=110202&search_id=114132&scans_id=110198&peptide_id=14017&scanf=22511&charge=3&value=7,K.GLSEDTTEETLKESFDGSVR.A,/core/www/modules/show_out/show_out_wrapper.php?run_id=110202&search_id=114132&scans_id=110198&peptide_id=14017&scanf=22511&charge=3&value=K.GLSEDTTEETLKESFDGSVR.A,NCL,7.634e+6,3.186,0.002,2.684,0.000
22512,2,"  2.124","  0.364",10/18,/core/www/modules//sdig/index.php?run_id=110202&search_id=114132&scans_id=110198&peptide_id=14018&scanf=22512&charge=2&value=10/18,sp|P35244|RFA3_HUMAN,/core/www/modules//consensus/?run_id=110202&search_id=114132&scans_id=110198&peptide_id=14018&scanf=22512&charge=2&value=sp|P35244|RFA3_HUMAN,1,/core/www/modules/match_peptides/blast_html4.php?run_id=110202&search_id=114132&scans_id=110198&peptide_id=14018&scanf=22512&charge=2&value=1,K.MFILSDGEGK.N,/core/www/modules/show_out/show_out_wrapper.php?run_id=110202&search_id=114132&scans_id=110198&peptide_id=14018&scanf=22512&charge=2&value=K.MFILSDGEGK.N,RPA3,3.876e+6,2.704,0.011,1.972,0.000
22517,2,"  2.456","  0.574",11/20,/core/www/modules//sdig/index.php?run_id=110202&search_id=114132&scans_id=110198&peptide_id=14022&scanf=22517&charge=2&value=11/20,sp|P35268|RL22_HUMAN,/core/www/modules//consensus/?run_id=110202&search_id=114132&scans_id=110198&peptide_id=14022&scanf=22517&charge=2&value=sp|P35268|RL22_HUMAN,6,/core/www/modules/match_peptides/blast_html4.php?run_id=110202&search_id=114132&scans_id=110198&peptide_id=14022&scanf=22517&charge=2&value=6,K.ITVTSEVPFSK.R,/core/www/modules/show_out/show_out_wrapper.php?run_id=110202&search_id=114132&scans_id=110198&peptide_id=14022&scanf=22517&charge=2&value=K.ITVTSEVPFSK.R,RPL22,3.426e+8,3.342,0.001,2.913,0.000
22518,2,"  2.532","  0.258",11/16,/core/www/modules//sdig/index.php?run_id=110202&search_id=114132&scans_id=110198&peptide_id=14023&scanf=22518&charge=2&value=11/16,sp|Q9UNM6|PSD13_HUMAN,/core/www/modules//consensus/?run_id=110202&search_id=114132&scans_id=110198&peptide_id=14023&scanf=22518&charge=2&value=sp|Q9UNM6|PSD13_HUMAN,1,/core/www/modules/match_peptides/blast_html4.php?run_id=110202&search_id=114132&scans_id=110198&peptide_id=14023&scanf=22518&charge=2&value=1,R.QLTFEEIAK.S,/core/www/modules/show_out/show_out_wrapper.php?run_id=110202&search_id=114132&scans_id=110198&peptide_id=14023&scanf=22518&charge=2&value=R.QLTFEEIAK.S,PSMD13,1.211e+7,2.657,0.012,1.904,0.000
22519,2,"  2.466","  0.440",9/18,/core/www/modules//sdig/index.php?run_id=110202&search_id=114132&scans_id=110198&peptide_id=14024&scanf=22519&charge=2&value=9/18,sp|Q9NZI8|IF2B1_HUMAN,/core/www/modules//consensus/?run_id=110202&search_id=114132&scans_id=110198&peptide_id=14024&scanf=22519&charge=2&value=sp|Q9NZI8|IF2B1_HUMAN,0,/core/www/modules/match_peptides/blast_html4.php?run_id=110202&search_id=114132&scans_id=110198&peptide_id=14024&scanf=22519&charge=2&value=0,K.ISYSGQFLVK.S,/core/www/modules/show_out/show_out_wrapper.php?run_id=110202&search_id=114132&scans_id=110198&peptide_id=14024&scanf=22519&charge=2&value=K.ISYSGQFLVK.S,IGF2BP1,3.179e+7,2.951,0.005,2.335,0.000
22521,4,"  3.795","  0.409",14/84,/core/www/modules//sdig/index.php?run_id=110202&search_id=114132&scans_id=110198&peptide_id=14027&scanf=22521&charge=4&value=14/84,sp|Q8IXT5|RB12B_HUMAN,/core/www/modules//consensus/?run_id=110202&search_id=114132&scans_id=110198&peptide_id=14027&scanf=22521&charge=4&value=sp|Q8IXT5|RB12B_HUMAN,1,/core/www/modules/match_peptides/blast_html4.php?run_id=110202&search_id=114132&scans_id=110198&peptide_id=14027&scanf=22521&charge=4&value=1,K.TVLQYRPVHIDPISR.K,/core/www/modules/show_out/show_out_wrapper.php?run_id=110202&search_id=114132&scans_id=110198&peptide_id=14027&scanf=22521&charge=4&value=K.TVLQYRPVHIDPISR.K,RBM12B,2.041e+7,3.278,0.002,2.819,0.000
22522,2,"  4.808","  0.674",15/28,/core/www/modules//sdig/index.php?run_id=110202&search_id=114132&scans_id=110198&peptide_id=14028&scanf=22522&charge=2&value=15/28,sp|Q9Y2P8|RCL1_HUMAN,/core/www/modules//consensus/?run_id=110202&search_id=114132&scans_id=110198&peptide_id=14028&scanf=22522&charge=2&value=sp|Q9Y2P8|RCL1_HUMAN,0,/core/www/modules/match_peptides/blast_html4.php?run_id=110202&search_id=114132&scans_id=110198&peptide_id=14028&scanf=22522&charge=2&value=0,R.GVTNDQVDPSVDVLK.A,/core/www/modules/show_out/show_out_wrapper.php?run_id=110202&search_id=114132&scans_id=110198&peptide_id=14028&scanf=22522&charge=2&value=R.GVTNDQVDPSVDVLK.A,RCL1,8.681e+6,3.658,0.000,3.383,0.000
22523,2,"  4.302","  0.473",17/22,/core/www/modules//sdig/index.php?run_id=110202&search_id=114132&scans_id=110198&peptide_id=14029&scanf=22523&charge=2&value=17/22,sp|P62888|RL30_HUMAN,/core/www/modules//consensus/?run_id=110202&search_id=114132&scans_id=110198&peptide_id=14029&scanf=22523&charge=2&value=sp|P62888|RL30_HUMAN,1,/core/www/modules/match_peptides/blast_html4.php?run_id=110202&search_id=114132&scans_id=110198&peptide_id=14029&scanf=22523&charge=2&value=1,R.KSEIEYYAMLAK.T,/core/www/modules/show_out/show_out_wrapper.php?run_id=110202&search_id=114132&scans_id=110198&peptide_id=14029&scanf=22523&charge=2&value=R.KSEIEYYAMLAK.T,RPL30,3.106e+7,3.164,0.002,2.651,0.000
22526,2,"  5.333","  0.745",19/30,/core/www/modules//sdig/index.php?run_id=110202&search_id=114132&scans_id=110198&peptide_id=14032&scanf=22526&charge=2&value=19/30,sp|Q96GM5|SMRD1_HUMAN,/core/www/modules//consensus/?run_id=110202&search_id=114132&scans_id=110198&peptide_id=14032&scanf=22526&charge=2&value=sp|Q96GM5|SMRD1_HUMAN,0,/core/www/modules/match_peptides/blast_html4.php?run_id=110202&search_id=114132&scans_id=110198&peptide_id=14032&scanf=22526&charge=2&value=0,K.SDAEDGEGTVASWELR.V,/core/www/modules/show_out/show_out_wrapper.php?run_id=110202&search_id=114132&scans_id=110198&peptide_id=14032&scanf=22526&charge=2&value=K.SDAEDGEGTVASWELR.V,SMARCD1,9.460e+6,4.037,0.000,3.945,0.000
22527,3,"  3.203","  0.472",11/68,/core/www/modules//sdig/index.php?run_id=110202&search_id=114132&scans_id=110198&peptide_id=14033&scanf=22527&charge=3&value=11/68,sp|Q08211|DHX9_HUMAN,/core/www/modules//consensus/?run_id=110202&search_id=114132&scans_id=110198&peptide_id=14033&scanf=22527&charge=3&value=sp|Q08211|DHX9_HUMAN,0,/core/www/modules/match_peptides/blast_html4.php?run_id=110202&search_id=114132&scans_id=110198&peptide_id=14033&scanf=22527&charge=3&value=0,R.QISRPSAAGINLM*IGSTR.Y,/core/www/modules/show_out/show_out_wrapper.php?run_id=110202&search_id=114132&scans_id=110198&peptide_id=14033&scanf=22527&charge=3&value=R.QISRPSAAGINLM*IGSTR.Y,DHX9,2.860e+6,3.037,0.003,2.463,0.000
22529,2,"  5.170","  0.717",21/38,/core/www/modules//sdig/index.php?run_id=110202&search_id=114132&scans_id=110198&peptide_id=14035&scanf=22529&charge=2&value=21/38,sp|Q9Y262|EIF3L_HUMAN,/core/www/modules//consensus/?run_id=110202&search_id=114132&scans_id=110198&peptide_id=14035&scanf=22529&charge=2&value=sp|Q9Y262|EIF3L_HUMAN,2,/core/www/modules/match_peptides/blast_html4.php?run_id=110202&search_id=114132&scans_id=110198&peptide_id=14035&scanf=22529&charge=2&value=2,R.QLEVYTSGGDPESVAGEYGR.H,/core/www/modules/show_out/show_out_wrapper.php?run_id=110202&search_id=114132&scans_id=110198&peptide_id=14035&scanf=22529&charge=2&value=R.QLEVYTSGGDPESVAGEYGR.H,EIF3L,2.626e+6,3.756,0.000,3.528,0.000
22530,3,"  2.491","  0.493",12/36,/core/www/modules//sdig/index.php?run_id=110202&search_id=114132&scans_id=110198&peptide_id=14037&scanf=22530&charge=3&value=12/36,sp|Q6P2Q9|PRP8_HUMAN,/core/www/modules//consensus/?run_id=110202&search_id=114132&scans_id=110198&peptide_id=14037&scanf=22530&charge=3&value=sp|Q6P2Q9|PRP8_HUMAN,1,/core/www/modules/match_peptides/blast_html4.php?run_id=110202&search_id=114132&scans_id=110198&peptide_id=14037&scanf=22530&charge=3&value=1,K.QNPFWWTHQR.H,/core/www/modules/show_out/show_out_wrapper.php?run_id=110202&search_id=114132&scans_id=110198&peptide_id=14037&scanf=22530&charge=3&value=K.QNPFWWTHQR.H,PRPF8,3.720e+6,3.595,0.001,3.289,0.000
22535,2,"  2.317","  0.437",10/22,/core/www/modules//sdig/index.php?run_id=110202&search_id=114132&scans_id=110198&peptide_id=14042&scanf=22535&charge=2&value=10/22,sp|P29317|EPHA2_HUMAN,/core/www/modules//consensus/?run_id=110202&search_id=114132&scans_id=110198&peptide_id=14042&scanf=22535&charge=2&value=sp|P29317|EPHA2_HUMAN,0,/core/www/modules/match_peptides/blast_html4.php?run_id=110202&search_id=114132&scans_id=110198&peptide_id=14042&scanf=22535&charge=2&value=0,K.VIGAGEFGEVYK.G,/core/www/modules/show_out/show_out_wrapper.php?run_id=110202&search_id=114132&scans_id=110198&peptide_id=14042&scanf=22535&charge=2&value=K.VIGAGEFGEVYK.G,EPHA2,4.137e+6,2.753,0.009,2.044,0.000
22539,2,"  2.091","  0.410",11/18,/core/www/modules//sdig/index.php?run_id=110202&search_id=114132&scans_id=110198&peptide_id=14045&scanf=22539&charge=2&value=11/18,sp|P05556|ITB1_HUMAN,/core/www/modules//consensus/?run_id=110202&search_id=114132&scans_id=110198&peptide_id=14045&scanf=22539&charge=2&value=sp|P05556|ITB1_HUMAN,7,/core/www/modules/match_peptides/blast_html4.php?run_id=110202&search_id=114132&scans_id=110198&peptide_id=14045&scanf=22539&charge=2&value=7,K.GEVFNELVGK.Q,/core/www/modules/show_out/show_out_wrapper.php?run_id=110202&search_id=114132&scans_id=110198&peptide_id=14045&scanf=22539&charge=2&value=K.GEVFNELVGK.Q,ITGB1,1.389e+7,2.926,0.005,2.299,0.000
22541,3,"  4.123","  0.374",15/44,/core/www/modules//sdig/index.php?run_id=110202&search_id=114132&scans_id=110198&peptide_id=14048&scanf=22541&charge=3&value=15/44,sp|Q9UBU9|NXF1_HUMAN,/core/www/modules//consensus/?run_id=110202&search_id=114132&scans_id=110198&peptide_id=14048&scanf=22541&charge=3&value=sp|Q9UBU9|NXF1_HUMAN,1,/core/www/modules/match_peptides/blast_html4.php?run_id=110202&search_id=114132&scans_id=110198&peptide_id=14048&scanf=22541&charge=3&value=1,K.AKGEIPEVAFMK.-,/core/www/modules/show_out/show_out_wrapper.php?run_id=110202&search_id=114132&scans_id=110198&peptide_id=14048&scanf=22541&charge=3&value=K.AKGEIPEVAFMK.-,NXF1,1.599e+7,2.700,0.011,1.967,0.000
22542,2,"  2.124","  0.234",9/22,/core/www/modules//sdig/index.php?run_id=110202&search_id=114132&scans_id=110198&peptide_id=14049&scanf=22542&charge=2&value=9/22,sp|P07737|PROF1_HUMAN,/core/www/modules//consensus/?run_id=110202&search_id=114132&scans_id=110198&peptide_id=14049&scanf=22542&charge=2&value=sp|P07737|PROF1_HUMAN,1,/core/www/modules/match_peptides/blast_html4.php?run_id=110202&search_id=114132&scans_id=110198&peptide_id=14049&scanf=22542&charge=2&value=1,K.DSPSVWAAVPGK.T,/core/www/modules/show_out/show_out_wrapper.php?run_id=110202&search_id=114132&scans_id=110198&peptide_id=14049&scanf=22542&charge=2&value=K.DSPSVWAAVPGK.T,PFN1,1.448e+7,1.953,0.123,0.911,0.006
22543,2,"  3.457","  0.699",18/28,/core/www/modules//sdig/index.php?run_id=110202&search_id=114132&scans_id=110198&peptide_id=14050&scanf=22543&charge=2&value=18/28,sp|P25705|ATPA_HUMAN,/core/www/modules//consensus/?run_id=110202&search_id=114132&scans_id=110198&peptide_id=14050&scanf=22543&charge=2&value=sp|P25705|ATPA_HUMAN,5,/core/www/modules/match_peptides/blast_html4.php?run_id=110202&search_id=114132&scans_id=110198&peptide_id=14050&scanf=22543&charge=2&value=5,R.ILGADTSVDLEETGR.V,/core/www/modules/show_out/show_out_wrapper.php?run_id=110202&search_id=114132&scans_id=110198&peptide_id=14050&scanf=22543&charge=2&value=R.ILGADTSVDLEETGR.V,ATP5F1A,3.075e+7,3.930,0.000,3.785,0.000
22545,3,"  3.295","  0.489",15/40,/core/www/modules//sdig/index.php?run_id=110202&search_id=114132&scans_id=110198&peptide_id=14052&scanf=22545&charge=3&value=15/40,sp|O60264|SMCA5_HUMAN,/core/www/modules//consensus/?run_id=110202&search_id=114132&scans_id=110198&peptide_id=14052&scanf=22545&charge=3&value=sp|O60264|SMCA5_HUMAN,0,/core/www/modules/match_peptides/blast_html4.php?run_id=110202&search_id=114132&scans_id=110198&peptide_id=14052&scanf=22545&charge=3&value=0,K.IGKDEMLQMIR.H,/core/www/modules/show_out/show_out_wrapper.php?run_id=110202&search_id=114132&scans_id=110198&peptide_id=14052&scanf=22545&charge=3&value=K.IGKDEMLQMIR.H,SMARCA5,4.061e+7,3.305,0.001,2.860,0.000
22550,2,"  1.657","  0.336",8/16,/core/www/modules//sdig/index.php?run_id=110202&search_id=114132&scans_id=110198&peptide_id=14058&scanf=22550&charge=2&value=8/16,sp|Q14152|EIF3A_HUMAN,/core/www/modules//consensus/?run_id=110202&search_id=114132&scans_id=110198&peptide_id=14058&scanf=22550&charge=2&value=sp|Q14152|EIF3A_HUMAN,0,/core/www/modules/match_peptides/blast_html4.php?run_id=110202&search_id=114132&scans_id=110198&peptide_id=14058&scanf=22550&charge=2&value=0,K.RLEEIPLIK.S,/core/www/modules/show_out/show_out_wrapper.php?run_id=110202&search_id=114132&scans_id=110198&peptide_id=14058&scanf=22550&charge=2&value=K.RLEEIPLIK.S,EIF3A,5.858e+6,2.346,0.035,1.452,0.001
22551,2,"  2.742","  0.374",10/16,/core/www/modules//sdig/index.php?run_id=110202&search_id=114132&scans_id=110198&peptide_id=14059&scanf=22551&charge=2&value=10/16,sp|P39019|RS19_HUMAN,/core/www/modules//consensus/?run_id=110202&search_id=114132&scans_id=110198&peptide_id=14059&scanf=22551&charge=2&value=sp|P39019|RS19_HUMAN,1,/core/www/modules/match_peptides/blast_html4.php?run_id=110202&search_id=114132&scans_id=110198&peptide_id=14059&scanf=22551&charge=2&value=1,R.VLQALEGLK.M,/core/www/modules/show_out/show_out_wrapper.php?run_id=110202&search_id=114132&scans_id=110198&peptide_id=14059&scanf=22551&charge=2&value=R.VLQALEGLK.M,RPS19,1.136e+7,2.943,0.005,2.324,0.000
22552,3,"  3.192","  0.530",14/36,/core/www/modules//sdig/index.php?run_id=110202&search_id=114132&scans_id=110198&peptide_id=14060&scanf=22552&charge=3&value=14/36,sp|Q68CP9|ARID2_HUMAN,/core/www/modules//consensus/?run_id=110202&search_id=114132&scans_id=110198&peptide_id=14060&scanf=22552&charge=3&value=sp|Q68CP9|ARID2_HUMAN,3,/core/www/modules/match_peptides/blast_html4.php?run_id=110202&search_id=114132&scans_id=110198&peptide_id=14060&scanf=22552&charge=3&value=3,R.FSFITHLQDK.H,/core/www/modules/show_out/show_out_wrapper.php?run_id=110202&search_id=114132&scans_id=110198&peptide_id=14060&scanf=22552&charge=3&value=R.FSFITHLQDK.H,ARID2,9.162e+6,3.550,0.001,3.223,0.000
22553,3,"  4.598","  0.617",18/72,/core/www/modules//sdig/index.php?run_id=110202&search_id=114132&scans_id=110198&peptide_id=14061&scanf=22553&charge=3&value=18/72,sp|Q12888|TP53B_HUMAN,/core/www/modules//consensus/?run_id=110202&search_id=114132&scans_id=110198&peptide_id=14061&scanf=22553&charge=3&value=sp|Q12888|TP53B_HUMAN,3,/core/www/modules/match_peptides/blast_html4.php?run_id=110202&search_id=114132&scans_id=110198&peptide_id=14061&scanf=22553&charge=3&value=3,R.ADDPLRLDQELQQPQTQEK.T,/core/www/modules/show_out/show_out_wrapper.php?run_id=110202&search_id=114132&scans_id=110198&peptide_id=14061&scanf=22553&charge=3&value=R.ADDPLRLDQELQQPQTQEK.T,TP53BP1,3.476e+6,3.149,0.002,2.629,0.000
22555,3,"  5.207","  0.611",19/48,/core/www/modules//sdig/index.php?run_id=110202&search_id=114132&scans_id=110198&peptide_id=14063&scanf=22555&charge=3&value=19/48,sp|P62314|SMD1_HUMAN,/core/www/modules//consensus/?run_id=110202&search_id=114132&scans_id=110198&peptide_id=14063&scanf=22555&charge=3&value=sp|P62314|SMD1_HUMAN,1,/core/www/modules/match_peptides/blast_html4.php?run_id=110202&search_id=114132&scans_id=110198&peptide_id=14063&scanf=22555&charge=3&value=1,K.NREPVQLETLSIR.G,/core/www/modules/show_out/show_out_wrapper.php?run_id=110202&search_id=114132&scans_id=110198&peptide_id=14063&scanf=22555&charge=3&value=K.NREPVQLETLSIR.G,SNRPD1,8.405e+7,3.515,0.001,3.170,0.000
22559,2,"  1.589","  0.335",9/16,/core/www/modules//sdig/index.php?run_id=110202&search_id=114132&scans_id=110198&peptide_id=14066&scanf=22559&charge=2&value=9/16,sp|P11586|C1TC_HUMAN,/core/www/modules//consensus/?run_id=110202&search_id=114132&scans_id=110198&peptide_id=14066&scanf=22559&charge=2&value=sp|P11586|C1TC_HUMAN,8,/core/www/modules/match_peptides/blast_html4.php?run_id=110202&search_id=114132&scans_id=110198&peptide_id=14066&scanf=22559&charge=2&value=8,R.LAILQVGNR.D,/core/www/modules/show_out/show_out_wrapper.php?run_id=110202&search_id=114132&scans_id=110198&peptide_id=14066&scanf=22559&charge=2&value=R.LAILQVGNR.D,MTHFD1,5.563e+6,2.506,0.021,1.683,0.000
22566,2,"  2.514","  0.373",10/18,/core/www/modules//sdig/index.php?run_id=110202&search_id=114132&scans_id=110198&peptide_id=14074&scanf=22566&charge=2&value=10/18,sp|Q00839|HNRPU_HUMAN,/core/www/modules//consensus/?run_id=110202&search_id=114132&scans_id=110198&peptide_id=14074&scanf=22566&charge=2&value=sp|Q00839|HNRPU_HUMAN,4,/core/www/modules/match_peptides/blast_html4.php?run_id=110202&search_id=114132&scans_id=110198&peptide_id=14074&scanf=22566&charge=2&value=4,R.GYFEYIEENK.Y,/core/www/modules/show_out/show_out_wrapper.php?run_id=110202&search_id=114132&scans_id=110198&peptide_id=14074&scanf=22566&charge=2&value=R.GYFEYIEENK.Y,HNRNPU,1.172e+8,2.524,0.020,1.710,0.000
22574,2,"  2.988","  0.392",10/20,/core/www/modules//sdig/index.php?run_id=110202&search_id=114132&scans_id=110198&peptide_id=14083&scanf=22574&charge=2&value=10/20,sp|P19367|HXK1_HUMAN,/core/www/modules//consensus/?run_id=110202&search_id=114132&scans_id=110198&peptide_id=14083&scanf=22574&charge=2&value=sp|P19367|HXK1_HUMAN,0,/core/www/modules/match_peptides/blast_html4.php?run_id=110202&search_id=114132&scans_id=110198&peptide_id=14083&scanf=22574&charge=2&value=0,K.GAALITAVGVR.L,/core/www/modules/show_out/show_out_wrapper.php?run_id=110202&search_id=114132&scans_id=110198&peptide_id=14083&scanf=22574&charge=2&value=K.GAALITAVGVR.L,HK1,1.002e+7,2.788,0.008,2.096,0.000
22580,2,"  2.165","  0.329",8/14,/core/www/modules//sdig/index.php?run_id=110202&search_id=114132&scans_id=110198&peptide_id=14089&scanf=22580&charge=2&value=8/14,sp|P42285|MTREX_HUMAN,/core/www/modules//consensus/?run_id=110202&search_id=114132&scans_id=110198&peptide_id=14089&scanf=22580&charge=2&value=sp|P42285|MTREX_HUMAN,0,/core/www/modules/match_peptides/blast_html4.php?run_id=110202&search_id=114132&scans_id=110198&peptide_id=14089&scanf=22580&charge=2&value=0,R.VIFTSPIK.A,/core/www/modules/show_out/show_out_wrapper.php?run_id=110202&search_id=114132&scans_id=110198&peptide_id=14089&scanf=22580&charge=2&value=R.VIFTSPIK.A,MTREX,4.084e+7,2.792,0.008,2.101,0.000
22581,3,"  3.611","  0.517",19/52,/core/www/modules//sdig/index.php?run_id=110202&search_id=114132&scans_id=110198&peptide_id=14090&scanf=22581&charge=3&value=19/52,sp|Q99848|EBP2_HUMAN,/core/www/modules//consensus/?run_id=110202&search_id=114132&scans_id=110198&peptide_id=14090&scanf=22581&charge=3&value=sp|Q99848|EBP2_HUMAN,1,/core/www/modules/match_peptides/blast_html4.php?run_id=110202&search_id=114132&scans_id=110198&peptide_id=14090&scanf=22581&charge=3&value=1,K.LDFLEGDQKPLAQR.K,/core/www/modules/show_out/show_out_wrapper.php?run_id=110202&search_id=114132&scans_id=110198&peptide_id=14090&scanf=22581&charge=3&value=K.LDFLEGDQKPLAQR.K,EBNA1BP2,2.994e+7,3.382,0.001,2.973,0.000
22583,2,"  1.455","  0.130",8/14,/core/www/modules//sdig/index.php?run_id=110202&search_id=114132&scans_id=110198&peptide_id=14092&scanf=22583&charge=2&value=8/14,sp|P78527|PRKDC_HUMAN,/core/www/modules//consensus/?run_id=110202&search_id=114132&scans_id=110198&peptide_id=14092&scanf=22583&charge=2&value=sp|P78527|PRKDC_HUMAN,1,/core/www/modules/match_peptides/blast_html4.php?run_id=110202&search_id=114132&scans_id=110198&peptide_id=14092&scanf=22583&charge=2&value=1,K.FYGELALK.K,/core/www/modules/show_out/show_out_wrapper.php?run_id=110202&search_id=114132&scans_id=110198&peptide_id=14092&scanf=22583&charge=2&value=K.FYGELALK.K,PRKDC,5.389e+7,2.808,0.007,2.126,0.000
22584,2,"  2.931","  0.497",12/22,/core/www/modules//sdig/index.php?run_id=110202&search_id=114132&scans_id=110198&peptide_id=14093&scanf=22584&charge=2&value=12/22,sp|P11310|ACADM_HUMAN,/core/www/modules//consensus/?run_id=110202&search_id=114132&scans_id=110198&peptide_id=14093&scanf=22584&charge=2&value=sp|P11310|ACADM_HUMAN,5,/core/www/modules/match_peptides/blast_html4.php?run_id=110202&search_id=114132&scans_id=110198&peptide_id=14093&scanf=22584&charge=2&value=5,K.ENVLIGDGAGFK.V,/core/www/modules/show_out/show_out_wrapper.php?run_id=110202&search_id=114132&scans_id=110198&peptide_id=14093&scanf=22584&charge=2&value=K.ENVLIGDGAGFK.V,ACADM,1.680e+7,3.113,0.003,2.575,0.000
22585,3,"  3.957","  0.516",16/80,/core/www/modules//sdig/index.php?run_id=110202&search_id=114132&scans_id=110198&peptide_id=14094&scanf=22585&charge=3&value=16/80,sp|Q13330|MTA1_HUMAN,/core/www/modules//consensus/?run_id=110202&search_id=114132&scans_id=110198&peptide_id=14094&scanf=22585&charge=3&value=sp|Q13330|MTA1_HUMAN,2,/core/www/modules/match_peptides/blast_html4.php?run_id=110202&search_id=114132&scans_id=110198&peptide_id=14094&scanf=22585&charge=3&value=2,K.QVYIPNYNKPNPNQISVNNVK.A,/core/www/modules/show_out/show_out_wrapper.php?run_id=110202&search_id=114132&scans_id=110198&peptide_id=14094&scanf=22585&charge=3&value=K.QVYIPNYNKPNPNQISVNNVK.A,MTA1,4.349e+6,2.941,0.005,2.320,0.000
22586,3,"  3.349","  0.455",16/56,/core/www/modules//sdig/index.php?run_id=110202&search_id=114132&scans_id=110198&peptide_id=14095&scanf=22586&charge=3&value=16/56,sp|Q8IXT5|RB12B_HUMAN,/core/www/modules//consensus/?run_id=110202&search_id=114132&scans_id=110198&peptide_id=14095&scanf=22586&charge=3&value=sp|Q8IXT5|RB12B_HUMAN,1,/core/www/modules/match_peptides/blast_html4.php?run_id=110202&search_id=114132&scans_id=110198&peptide_id=14095&scanf=22586&charge=3&value=1,K.TVLQYRPVHIDPISR.K,/core/www/modules/show_out/show_out_wrapper.php?run_id=110202&search_id=114132&scans_id=110198&peptide_id=14095&scanf=22586&charge=3&value=K.TVLQYRPVHIDPISR.K,RBM12B,6.548e+6,3.139,0.002,2.613,0.000
22587,2,"  1.438","  0.116",7/12,/core/www/modules//sdig/index.php?run_id=110202&search_id=114132&scans_id=110198&peptide_id=14096&scanf=22587&charge=2&value=7/12,sp|P62495|ERF1_HUMAN,/core/www/modules//consensus/?run_id=110202&search_id=114132&scans_id=110198&peptide_id=14096&scanf=22587&charge=2&value=sp|P62495|ERF1_HUMAN,2,/core/www/modules/match_peptides/blast_html4.php?run_id=110202&search_id=114132&scans_id=110198&peptide_id=14096&scanf=22587&charge=2&value=2,K.FTVDLPK.K,/core/www/modules/show_out/show_out_wrapper.php?run_id=110202&search_id=114132&scans_id=110198&peptide_id=14096&scanf=22587&charge=2&value=K.FTVDLPK.K,ETF1,1.253e+7,1.988,0.110,0.957,0.005
22588,2,"  3.040","  0.585",12/20,/core/www/modules//sdig/index.php?run_id=110202&search_id=114132&scans_id=110198&peptide_id=14097&scanf=22588&charge=2&value=12/20,sp|P28838|AMPL_HUMAN,/core/www/modules//consensus/?run_id=110202&search_id=114132&scans_id=110198&peptide_id=14097&scanf=22588&charge=2&value=sp|P28838|AMPL_HUMAN,0,/core/www/modules/match_peptides/blast_html4.php?run_id=110202&search_id=114132&scans_id=110198&peptide_id=14097&scanf=22588&charge=2&value=0,R.ETLNISGPPLK.A,/core/www/modules/show_out/show_out_wrapper.php?run_id=110202&search_id=114132&scans_id=110198&peptide_id=14097&scanf=22588&charge=2&value=R.ETLNISGPPLK.A,LAP3,6.613e+6,3.550,0.001,3.222,0.000
22590,2,"  6.205","  0.766",26/40,/core/www/modules//sdig/index.php?run_id=110202&search_id=114132&scans_id=110198&peptide_id=14100&scanf=22590&charge=2&value=26/40,sp|Q08211|DHX9_HUMAN,/core/www/modules//consensus/?run_id=110202&search_id=114132&scans_id=110198&peptide_id=14100&scanf=22590&charge=2&value=sp|Q08211|DHX9_HUMAN,0,/core/www/modules/match_peptides/blast_html4.php?run_id=110202&search_id=114132&scans_id=110198&peptide_id=14100&scanf=22590&charge=2&value=0,K.AENNSEVGASGYGVPGPTWDR.G,/core/www/modules/show_out/show_out_wrapper.php?run_id=110202&search_id=114132&scans_id=110198&peptide_id=14100&scanf=22590&charge=2&value=K.AENNSEVGASGYGVPGPTWDR.G,DHX9,2.131e+7,4.311,0.000,4.351,0.000
22593,2,"  2.133","  0.388",9/18,/core/www/modules//sdig/index.php?run_id=110202&search_id=114132&scans_id=110198&peptide_id=14103&scanf=22593&charge=2&value=9/18,sp|Q13283|G3BP1_HUMAN,/core/www/modules//consensus/?run_id=110202&search_id=114132&scans_id=110198&peptide_id=14103&scanf=22593&charge=2&value=sp|Q13283|G3BP1_HUMAN,7,/core/www/modules/match_peptides/blast_html4.php?run_id=110202&search_id=114132&scans_id=110198&peptide_id=14103&scanf=22593&charge=2&value=7,R.TFSWASVTSK.N,/core/www/modules/show_out/show_out_wrapper.php?run_id=110202&search_id=114132&scans_id=110198&peptide_id=14103&scanf=22593&charge=2&value=R.TFSWASVTSK.N,G3BP1,6.171e+6,2.762,0.009,2.058,0.000
22597,2,"  1.679","  0.420",11/18,/core/www/modules//sdig/index.php?run_id=110202&search_id=114132&scans_id=110198&peptide_id=14107&scanf=22597&charge=2&value=11/18,sp|P51149|RAB7A_HUMAN,/core/www/modules//consensus/?run_id=110202&search_id=114132&scans_id=110198&peptide_id=14107&scanf=22597&charge=2&value=sp|P51149|RAB7A_HUMAN,5,/core/www/modules/match_peptides/blast_html4.php?run_id=110202&search_id=114132&scans_id=110198&peptide_id=14107&scanf=22597&charge=2&value=5,R.DEFLIQASPR.D,/core/www/modules/show_out/show_out_wrapper.php?run_id=110202&search_id=114132&scans_id=110198&peptide_id=14107&scanf=22597&charge=2&value=R.DEFLIQASPR.D,RAB7A,1.099e+7,2.947,0.005,2.329,0.000
22602,2,"  3.117","  0.519",12/18,/core/www/modules//sdig/index.php?run_id=110202&search_id=114132&scans_id=110198&peptide_id=14112&scanf=22602&charge=2&value=12/18,sp|Q96GM5|SMRD1_HUMAN,/core/www/modules//consensus/?run_id=110202&search_id=114132&scans_id=110198&peptide_id=14112&scanf=22602&charge=2&value=sp|Q96GM5|SMRD1_HUMAN,2,/core/www/modules/match_peptides/blast_html4.php?run_id=110202&search_id=114132&scans_id=110198&peptide_id=14112&scanf=22602&charge=2&value=2,K.YLQQIFESQR.M,/core/www/modules/show_out/show_out_wrapper.php?run_id=110202&search_id=114132&scans_id=110198&peptide_id=14112&scanf=22602&charge=2&value=K.YLQQIFESQR.M,SMARCD1,1.349e+7,3.472,0.001,3.106,0.000
22605,2,"  5.155","  0.703",23/26,/core/www/modules//sdig/index.php?run_id=110202&search_id=114132&scans_id=110198&peptide_id=14115&scanf=22605&charge=2&value=23/26,sp|P14866|HNRPL_HUMAN,/core/www/modules//consensus/?run_id=110202&search_id=114132&scans_id=110198&peptide_id=14115&scanf=22605&charge=2&value=sp|P14866|HNRPL_HUMAN,3,/core/www/modules/match_peptides/blast_html4.php?run_id=110202&search_id=114132&scans_id=110198&peptide_id=14115&scanf=22605&charge=2&value=3,R.AITHLNNNFMFGQK.L,/core/www/modules/show_out/show_out_wrapper.php?run_id=110202&search_id=114132&scans_id=110198&peptide_id=14115&scanf=22605&charge=2&value=R.AITHLNNNFMFGQK.L,HNRNPL,2.984e+7,4.491,0.000,4.618,0.000
22608,2,"  2.692","  0.529",10/20,/core/www/modules//sdig/index.php?run_id=110202&search_id=114132&scans_id=110198&peptide_id=14118&scanf=22608&charge=2&value=10/20,sp|Q99873|ANM1_HUMAN,/core/www/modules//consensus/?run_id=110202&search_id=114132&scans_id=110198&peptide_id=14118&scanf=22608&charge=2&value=sp|Q99873|ANM1_HUMAN,5,/core/www/modules/match_peptides/blast_html4.php?run_id=110202&search_id=114132&scans_id=110198&peptide_id=14118&scanf=22608&charge=2&value=5,R.ATLYVTAIEDR.Q,/core/www/modules/show_out/show_out_wrapper.php?run_id=110202&search_id=114132&scans_id=110198&peptide_id=14118&scanf=22608&charge=2&value=R.ATLYVTAIEDR.Q,PRMT1,5.751e+6,3.168,0.002,2.657,0.000
22610,2,"  4.389","  0.433",18/26,/core/www/modules//sdig/index.php?run_id=110202&search_id=114132&scans_id=110198&peptide_id=14121&scanf=22610&charge=2&value=18/26,sp|O75691|UTP20_HUMAN,/core/www/modules//consensus/?run_id=110202&search_id=114132&scans_id=110198&peptide_id=14121&scanf=22610&charge=2&value=sp|O75691|UTP20_HUMAN,0,/core/www/modules/match_peptides/blast_html4.php?run_id=110202&search_id=114132&scans_id=110198&peptide_id=14121&scanf=22610&charge=2&value=0,R.LGSESQYSPTPLLK.L,/core/www/modules/show_out/show_out_wrapper.php?run_id=110202&search_id=114132&scans_id=110198&peptide_id=14121&scanf=22610&charge=2&value=R.LGSESQYSPTPLLK.L,UTP20,4.794e+6,3.218,0.002,2.731,0.000
22611,2,"  3.332","  0.475",12/22,/core/www/modules//sdig/index.php?run_id=110202&search_id=114132&scans_id=110198&peptide_id=14122&scanf=22611&charge=2&value=12/22,sp|O14497|ARI1A_HUMAN,/core/www/modules//consensus/?run_id=110202&search_id=114132&scans_id=110198&peptide_id=14122&scanf=22611&charge=2&value=sp|O14497|ARI1A_HUMAN,2,/core/www/modules/match_peptides/blast_html4.php?run_id=110202&search_id=114132&scans_id=110198&peptide_id=14122&scanf=22611&charge=2&value=2,R.ITATMDDMLSTR.S,/core/www/modules/show_out/show_out_wrapper.php?run_id=110202&search_id=114132&scans_id=110198&peptide_id=14122&scanf=22611&charge=2&value=R.ITATMDDMLSTR.S,ARID1A,1.292e+7,3.115,0.003,2.578,0.000
22613,3,"  3.590","  0.496",17/60,/core/www/modules//sdig/index.php?run_id=110202&search_id=114132&scans_id=110198&peptide_id=14124&scanf=22613&charge=3&value=17/60,sp|P46939|UTRN_HUMAN,/core/www/modules//consensus/?run_id=110202&search_id=114132&scans_id=110198&peptide_id=14124&scanf=22613&charge=3&value=sp|P46939|UTRN_HUMAN,1,/core/www/modules/match_peptides/blast_html4.php?run_id=110202&search_id=114132&scans_id=110198&peptide_id=14124&scanf=22613&charge=3&value=1,R.VFLADQPIEAPEEPRR.N,/core/www/modules/show_out/show_out_wrapper.php?run_id=110202&search_id=114132&scans_id=110198&peptide_id=14124&scanf=22613&charge=3&value=R.VFLADQPIEAPEEPRR.N,UTRN,3.271e+6,2.880,0.006,2.231,0.000
22616,2,"  2.529","  0.492",12/28,/core/www/modules//sdig/index.php?run_id=110202&search_id=114132&scans_id=110198&peptide_id=14127&scanf=22616&charge=2&value=12/28,sp|Q9H0D6|XRN2_HUMAN,/core/www/modules//consensus/?run_id=110202&search_id=114132&scans_id=110198&peptide_id=14127&scanf=22616&charge=2&value=sp|Q9H0D6|XRN2_HUMAN,0,/core/www/modules/match_peptides/blast_html4.php?run_id=110202&search_id=114132&scans_id=110198&peptide_id=14127&scanf=22616&charge=2&value=0,K.TGGYLTESGYVNLQR.V,/core/www/modules/show_out/show_out_wrapper.php?run_id=110202&search_id=114132&scans_id=110198&peptide_id=14127&scanf=22616&charge=2&value=K.TGGYLTESGYVNLQR.V,XRN2,4.162e+6,2.798,0.008,2.111,0.000
22625,2,"  2.241","  0.331",11/22,/core/www/modules//sdig/index.php?run_id=110202&search_id=114132&scans_id=110198&peptide_id=14135&scanf=22625&charge=2&value=11/22,sp|P61160|ARP2_HUMAN,/core/www/modules//consensus/?run_id=110202&search_id=114132&scans_id=110198&peptide_id=14135&scanf=22625&charge=2&value=sp|P61160|ARP2_HUMAN,0,/core/www/modules/match_peptides/blast_html4.php?run_id=110202&search_id=114132&scans_id=110198&peptide_id=14135&scanf=22625&charge=2&value=0,K.DLMVGDEASELR.S,/core/www/modules/show_out/show_out_wrapper.php?run_id=110202&search_id=114132&scans_id=110198&peptide_id=14135&scanf=22625&charge=2&value=K.DLMVGDEASELR.S,ACTR2,1.111e+7,2.479,0.023,1.644,0.001
22626,3,"  2.785","  0.425",14/64,/core/www/modules//sdig/index.php?run_id=110202&search_id=114132&scans_id=110198&peptide_id=14136&scanf=22626&charge=3&value=14/64,sp|P21589|5NTD_HUMAN,/core/www/modules//consensus/?run_id=110202&search_id=114132&scans_id=110198&peptide_id=14136&scanf=22626&charge=3&value=sp|P21589|5NTD_HUMAN,0,/core/www/modules/match_peptides/blast_html4.php?run_id=110202&search_id=114132&scans_id=110198&peptide_id=14136&scanf=22626&charge=3&value=0,R.HDSGDQDINVVSTYISK.M,/core/www/modules/show_out/show_out_wrapper.php?run_id=110202&search_id=114132&scans_id=110198&peptide_id=14136&scanf=22626&charge=3&value=R.HDSGDQDINVVSTYISK.M,NT5E,6.124e+6,2.568,0.017,1.773,0.000
22627,2,"  2.176","  0.217",10/18,/core/www/modules//sdig/index.php?run_id=110202&search_id=114132&scans_id=110198&peptide_id=14137&scanf=22627&charge=2&value=10/18,sp|Q96QK1|VPS35_HUMAN,/core/www/modules//consensus/?run_id=110202&search_id=114132&scans_id=110198&peptide_id=14137&scanf=22627&charge=2&value=sp|Q96QK1|VPS35_HUMAN,3,/core/www/modules/match_peptides/blast_html4.php?run_id=110202&search_id=114132&scans_id=110198&peptide_id=14137&scanf=22627&charge=2&value=3,K.LLDEAIQAVK.V,/core/www/modules/show_out/show_out_wrapper.php?run_id=110202&search_id=114132&scans_id=110198&peptide_id=14137&scanf=22627&charge=2&value=K.LLDEAIQAVK.V,VPS35,6.434e+6,2.052,0.091,1.042,0.004
22628,4,"  3.689","  0.506",16/96,/core/www/modules//sdig/index.php?run_id=110202&search_id=114132&scans_id=110198&peptide_id=14138&scanf=22628&charge=4&value=16/96,sp|O60287|NPA1P_HUMAN,/core/www/modules//consensus/?run_id=110202&search_id=114132&scans_id=110198&peptide_id=14138&scanf=22628&charge=4&value=sp|O60287|NPA1P_HUMAN,0,/core/www/modules/match_peptides/blast_html4.php?run_id=110202&search_id=114132&scans_id=110198&peptide_id=14138&scanf=22628&charge=4&value=0,R.TASDLSHFHVVGTNIVK.K,/core/www/modules/show_out/show_out_wrapper.php?run_id=110202&search_id=114132&scans_id=110198&peptide_id=14138&scanf=22628&charge=4&value=R.TASDLSHFHVVGTNIVK.K,URB1,4.022e+6,3.451,0.001,3.076,0.000
22632,2,"  2.234","  0.319",8/14,/core/www/modules//sdig/index.php?run_id=110202&search_id=114132&scans_id=110198&peptide_id=14143&scanf=22632&charge=2&value=8/14,sp|Q96EL2|RT24_HUMAN,/core/www/modules//consensus/?run_id=110202&search_id=114132&scans_id=110198&peptide_id=14143&scanf=22632&charge=2&value=sp|Q96EL2|RT24_HUMAN,0,/core/www/modules/match_peptides/blast_html4.php?run_id=110202&search_id=114132&scans_id=110198&peptide_id=14143&scanf=22632&charge=2&value=0,R.TVEDVFLR.K,/core/www/modules/show_out/show_out_wrapper.php?run_id=110202&search_id=114132&scans_id=110198&peptide_id=14143&scanf=22632&charge=2&value=R.TVEDVFLR.K,MRPS24,3.931e+6,2.583,0.016,1.795,0.000
22633,2,"  4.761","  0.643",19/28,/core/www/modules//sdig/index.php?run_id=110202&search_id=114132&scans_id=110198&peptide_id=14144&scanf=22633&charge=2&value=19/28,sp|Q14315|FLNC_HUMAN,/core/www/modules//consensus/?run_id=110202&search_id=114132&scans_id=110198&peptide_id=14144&scanf=22633&charge=2&value=sp|Q14315|FLNC_HUMAN,0,/core/www/modules/match_peptides/blast_html4.php?run_id=110202&search_id=114132&scans_id=110198&peptide_id=14144&scanf=22633&charge=2&value=0,R.SPFEVQVSPEAGVQK.V,/core/www/modules/show_out/show_out_wrapper.php?run_id=110202&search_id=114132&scans_id=110198&peptide_id=14144&scanf=22633&charge=2&value=R.SPFEVQVSPEAGVQK.V,FLNC,1.029e+7,3.927,0.000,3.781,0.000
22641,2,"  3.764","  0.650",13/26,/core/www/modules//sdig/index.php?run_id=110202&search_id=114132&scans_id=110198&peptide_id=14153&scanf=22641&charge=2&value=13/26,sp|Q12824|SNF5_HUMAN,/core/www/modules//consensus/?run_id=110202&search_id=114132&scans_id=110198&peptide_id=14153&scanf=22641&charge=2&value=sp|Q12824|SNF5_HUMAN,9,/core/www/modules/match_peptides/blast_html4.php?run_id=110202&search_id=114132&scans_id=110198&peptide_id=14153&scanf=22641&charge=2&value=9,K.ASEVEEILDGNDEK.Y,/core/www/modules/show_out/show_out_wrapper.php?run_id=110202&search_id=114132&scans_id=110198&peptide_id=14153&scanf=22641&charge=2&value=K.ASEVEEILDGNDEK.Y,SMARCB1,9.989e+6,3.535,0.001,3.199,0.000
22643,2,"  3.170","  0.477",12/20,/core/www/modules//sdig/index.php?run_id=110202&search_id=114132&scans_id=110198&peptide_id=14154&scanf=22643&charge=2&value=12/20,sp|Q9NR12|PDLI7_HUMAN,/core/www/modules//consensus/?run_id=110202&search_id=114132&scans_id=110198&peptide_id=14154&scanf=22643&charge=2&value=sp|Q9NR12|PDLI7_HUMAN,0,/core/www/modules/match_peptides/blast_html4.php?run_id=110202&search_id=114132&scans_id=110198&peptide_id=14154&scanf=22643&charge=2&value=0,K.VLEEGGFFEEK.G,/core/www/modules/show_out/show_out_wrapper.php?run_id=110202&search_id=114132&scans_id=110198&peptide_id=14154&scanf=22643&charge=2&value=K.VLEEGGFFEEK.G,PDLIM7,1.928e+7,3.161,0.002,2.647,0.000
22644,3,"  4.046","  0.403",15/60,/core/www/modules//sdig/index.php?run_id=110202&search_id=114132&scans_id=110198&peptide_id=14155&scanf=22644&charge=3&value=15/60,sp|Q9NXF1|TEX10_HUMAN,/core/www/modules//consensus/?run_id=110202&search_id=114132&scans_id=110198&peptide_id=14155&scanf=22644&charge=3&value=sp|Q9NXF1|TEX10_HUMAN,1,/core/www/modules/match_peptides/blast_html4.php?run_id=110202&search_id=114132&scans_id=110198&peptide_id=14155&scanf=22644&charge=3&value=1,R.LMQIQPNREDTETLIK.A,/core/www/modules/show_out/show_out_wrapper.php?run_id=110202&search_id=114132&scans_id=110198&peptide_id=14155&scanf=22644&charge=3&value=R.LMQIQPNREDTETLIK.A,TEX10,1.697e+7,2.567,0.017,1.772,0.000
22645,3,"  5.547","  0.789",24/76,/core/www/modules//sdig/index.php?run_id=110202&search_id=114132&scans_id=110198&peptide_id=14156&scanf=22645&charge=3&value=24/76,sp|P07900|HS90A_HUMAN,/core/www/modules//consensus/?run_id=110202&search_id=114132&scans_id=110198&peptide_id=14156&scanf=22645&charge=3&value=sp|P07900|HS90A_HUMAN,2,/core/www/modules/match_peptides/blast_html4.php?run_id=110202&search_id=114132&scans_id=110198&peptide_id=14156&scanf=22645&charge=3&value=2,K.HNDDEQYAWESSAGGSFTVR.T,/core/www/modules/show_out/show_out_wrapper.php?run_id=110202&search_id=114132&scans_id=110198&peptide_id=14156&scanf=22645&charge=3&value=K.HNDDEQYAWESSAGGSFTVR.T,HSP90AA1,1.301e+7,4.279,0.000,4.303,0.000
22647,3,"  4.164","  0.634",20/60,/core/www/modules//sdig/index.php?run_id=110202&search_id=114132&scans_id=110198&peptide_id=14158&scanf=22647&charge=3&value=20/60,sp|Q96SI9|STRBP_HUMAN,/core/www/modules//consensus/?run_id=110202&search_id=114132&scans_id=110198&peptide_id=14158&scanf=22647&charge=3&value=sp|Q96SI9|STRBP_HUMAN,0,/core/www/modules/match_peptides/blast_html4.php?run_id=110202&search_id=114132&scans_id=110198&peptide_id=14158&scanf=22647&charge=3&value=0,K.DGENVSMKDPPDLLDR.Q,/core/www/modules/show_out/show_out_wrapper.php?run_id=110202&search_id=114132&scans_id=110198&peptide_id=14158&scanf=22647&charge=3&value=K.DGENVSMKDPPDLLDR.Q,STRBP,1.325e+7,3.383,0.001,2.974,0.000
22648,2,"  3.081","  0.602",12/20,/core/www/modules//sdig/index.php?run_id=110202&search_id=114132&scans_id=110198&peptide_id=14159&scanf=22648&charge=2&value=12/20,sp|Q15269|PWP2_HUMAN,/core/www/modules//consensus/?run_id=110202&search_id=114132&scans_id=110198&peptide_id=14159&scanf=22648&charge=2&value=sp|Q15269|PWP2_HUMAN,0,/core/www/modules/match_peptides/blast_html4.php?run_id=110202&search_id=114132&scans_id=110198&peptide_id=14159&scanf=22648&charge=2&value=0,K.LVQEALEAVPR.G,/core/www/modules/show_out/show_out_wrapper.php?run_id=110202&search_id=114132&scans_id=110198&peptide_id=14159&scanf=22648&charge=2&value=K.LVQEALEAVPR.G,PWP2,8.987e+6,3.585,0.001,3.274,0.000
22650,2,"  2.453","  0.267",10/18,/core/www/modules//sdig/index.php?run_id=110202&search_id=114132&scans_id=110198&peptide_id=14162&scanf=22650&charge=2&value=10/18,sp|P53677|AP3M2_HUMAN,/core/www/modules//consensus/?run_id=110202&search_id=114132&scans_id=110198&peptide_id=14162&scanf=22650&charge=2&value=sp|P53677|AP3M2_HUMAN,3,/core/www/modules/match_peptides/blast_html4.php?run_id=110202&search_id=114132&scans_id=110198&peptide_id=14162&scanf=22650&charge=2&value=3,K.IQQLAISGLK.V,/core/www/modules/show_out/show_out_wrapper.php?run_id=110202&search_id=114132&scans_id=110198&peptide_id=14162&scanf=22650&charge=2&value=K.IQQLAISGLK.V,AP3M2,4.708e+6,2.401,0.029,1.532,0.001
22652,2,"  2.946","  0.549",9/24,/core/www/modules//sdig/index.php?run_id=110202&search_id=114132&scans_id=110198&peptide_id=14164&scanf=22652&charge=2&value=9/24,sp|P46459|NSF_HUMAN,/core/www/modules//consensus/?run_id=110202&search_id=114132&scans_id=110198&peptide_id=14164&scanf=22652&charge=2&value=sp|P46459|NSF_HUMAN,1,/core/www/modules/match_peptides/blast_html4.php?run_id=110202&search_id=114132&scans_id=110198&peptide_id=14164&scanf=22652&charge=2&value=1,R.VLDDGELLVQQTK.N,/core/www/modules/show_out/show_out_wrapper.php?run_id=110202&search_id=114132&scans_id=110198&peptide_id=14164&scanf=22652&charge=2&value=R.VLDDGELLVQQTK.N,NSF,1.198e+7,3.000,0.004,2.408,0.000
22653,2,"  2.409","  0.311",9/14,/core/www/modules//sdig/index.php?run_id=110202&search_id=114132&scans_id=110198&peptide_id=14165&scanf=22653&charge=2&value=9/14,sp|Q99575|POP1_HUMAN,/core/www/modules//consensus/?run_id=110202&search_id=114132&scans_id=110198&peptide_id=14165&scanf=22653&charge=2&value=sp|Q99575|POP1_HUMAN,0,/core/www/modules/match_peptides/blast_html4.php?run_id=110202&search_id=114132&scans_id=110198&peptide_id=14165&scanf=22653&charge=2&value=0,K.QDILEEIK.A,/core/www/modules/show_out/show_out_wrapper.php?run_id=110202&search_id=114132&scans_id=110198&peptide_id=14165&scanf=22653&charge=2&value=K.QDILEEIK.A,POP1,8.252e+6,2.800,0.008,2.114,0.000
22656,3,"  2.658","  0.406",11/36,/core/www/modules//sdig/index.php?run_id=110202&search_id=114132&scans_id=110198&peptide_id=14168&scanf=22656&charge=3&value=11/36,sp|Q06787|FMR1_HUMAN,/core/www/modules//consensus/?run_id=110202&search_id=114132&scans_id=110198&peptide_id=14168&scanf=22656&charge=3&value=sp|Q06787|FMR1_HUMAN,13,/core/www/modules/match_peptides/blast_html4.php?run_id=110202&search_id=114132&scans_id=110198&peptide_id=14168&scanf=22656&charge=3&value=13,K.IKLDVPEDLR.Q,/core/www/modules/show_out/show_out_wrapper.php?run_id=110202&search_id=114132&scans_id=110198&peptide_id=14168&scanf=22656&charge=3&value=K.IKLDVPEDLR.Q,FMR1,1.803e+7,2.696,0.011,1.960,0.000
22659,2,"  3.430","  0.545",18/28,/core/www/modules//sdig/index.php?run_id=110202&search_id=114132&scans_id=110198&peptide_id=14171&scanf=22659&charge=2&value=18/28,sp|Q92785|REQU_HUMAN,/core/www/modules//consensus/?run_id=110202&search_id=114132&scans_id=110198&peptide_id=14171&scanf=22659&charge=2&value=sp|Q92785|REQU_HUMAN,1,/core/www/modules/match_peptides/blast_html4.php?run_id=110202&search_id=114132&scans_id=110198&peptide_id=14171&scanf=22659&charge=2&value=1,R.VDDDSLGEFPVTNSR.A,/core/www/modules/show_out/show_out_wrapper.php?run_id=110202&search_id=114132&scans_id=110198&peptide_id=14171&scanf=22659&charge=2&value=R.VDDDSLGEFPVTNSR.A,DPF2,7.603e+6,3.359,0.001,2.940,0.000
22666,3,"  3.443","  0.608",18/48,/core/www/modules//sdig/index.php?run_id=110202&search_id=114132&scans_id=110198&peptide_id=14178&scanf=22666&charge=3&value=18/48,sp|Q01082|SPTB2_HUMAN,/core/www/modules//consensus/?run_id=110202&search_id=114132&scans_id=110198&peptide_id=14178&scanf=22666&charge=3&value=sp|Q01082|SPTB2_HUMAN,1,/core/www/modules/match_peptides/blast_html4.php?run_id=110202&search_id=114132&scans_id=110198&peptide_id=14178&scanf=22666&charge=3&value=1,R.LQALDTGWNELHK.M,/core/www/modules/show_out/show_out_wrapper.php?run_id=110202&search_id=114132&scans_id=110198&peptide_id=14178&scanf=22666&charge=3&value=R.LQALDTGWNELHK.M,SPTBN1,1.194e+7,3.860,0.000,3.682,0.000
22667,3,"  2.477","  0.457",12/36,/core/www/modules//sdig/index.php?run_id=110202&search_id=114132&scans_id=110198&peptide_id=14179&scanf=22667&charge=3&value=12/36,sp|P62191|PRS4_HUMAN,/core/www/modules//consensus/?run_id=110202&search_id=114132&scans_id=110198&peptide_id=14179&scanf=22667&charge=3&value=sp|P62191|PRS4_HUMAN,0,/core/www/modules/match_peptides/blast_html4.php?run_id=110202&search_id=114132&scans_id=110198&peptide_id=14179&scanf=22667&charge=3&value=0,R.KIEFPLPDEK.T,/core/www/modules/show_out/show_out_wrapper.php?run_id=110202&search_id=114132&scans_id=110198&peptide_id=14179&scanf=22667&charge=3&value=R.KIEFPLPDEK.T,PSMC1,1.652e+7,2.967,0.004,2.359,0.000
22668,2,"  2.397","  0.434",10/18,/core/www/modules//sdig/index.php?run_id=110202&search_id=114132&scans_id=110198&peptide_id=14180&scanf=22668&charge=2&value=10/18,sp|P35232|PHB1_HUMAN,/core/www/modules//consensus/?run_id=110202&search_id=114132&scans_id=110198&peptide_id=14180&scanf=22668&charge=2&value=sp|P35232|PHB1_HUMAN,4,/core/www/modules/match_peptides/blast_html4.php?run_id=110202&search_id=114132&scans_id=110198&peptide_id=14180&scanf=22668&charge=2&value=4,R.FDAGELITQR.E,/core/www/modules/show_out/show_out_wrapper.php?run_id=110202&search_id=114132&scans_id=110198&peptide_id=14180&scanf=22668&charge=2&value=R.FDAGELITQR.E,PHB1,7.094e+6,2.876,0.006,2.225,0.000
22669,3,"  2.781","  0.497",16/52,/core/www/modules//sdig/index.php?run_id=110202&search_id=114132&scans_id=110198&peptide_id=14181&scanf=22669&charge=3&value=16/52,sp|P36873|PP1G_HUMAN,/core/www/modules//consensus/?run_id=110202&search_id=114132&scans_id=110198&peptide_id=14181&scanf=22669&charge=3&value=sp|P36873|PP1G_HUMAN,9,/core/www/modules/match_peptides/blast_html4.php?run_id=110202&search_id=114132&scans_id=110198&peptide_id=14181&scanf=22669&charge=3&value=9,R.AHQVVEDGYEFFAK.R,/core/www/modules/show_out/show_out_wrapper.php?run_id=110202&search_id=114132&scans_id=110198&peptide_id=14181&scanf=22669&charge=3&value=R.AHQVVEDGYEFFAK.R,PPP1CC,3.884e+7,3.119,0.003,2.584,0.000
22670,2,"  3.109","  0.472",11/18,/core/www/modules//sdig/index.php?run_id=110202&search_id=114132&scans_id=110198&peptide_id=14183&scanf=22670&charge=2&value=11/18,sp|O43172|PRP4_HUMAN,/core/www/modules//consensus/?run_id=110202&search_id=114132&scans_id=110198&peptide_id=14183&scanf=22670&charge=2&value=sp|O43172|PRP4_HUMAN,0,/core/www/modules/match_peptides/blast_html4.php?run_id=110202&search_id=114132&scans_id=110198&peptide_id=14183&scanf=22670&charge=2&value=0,R.QAEVLAEFER.R,/core/www/modules/show_out/show_out_wrapper.php?run_id=110202&search_id=114132&scans_id=110198&peptide_id=14183&scanf=22670&charge=2&value=R.QAEVLAEFER.R,PRPF4,9.096e+6,3.069,0.003,2.511,0.000
22673,2,"  1.362","  0.279",10/20,/core/www/modules//sdig/index.php?run_id=110202&search_id=114132&scans_id=110198&peptide_id=14186&scanf=22673&charge=2&value=10/20,sp|O15226|NKRF_HUMAN,/core/www/modules//consensus/?run_id=110202&search_id=114132&scans_id=110198&peptide_id=14186&scanf=22673&charge=2&value=sp|O15226|NKRF_HUMAN,1,/core/www/modules/match_peptides/blast_html4.php?run_id=110202&search_id=114132&scans_id=110198&peptide_id=14186&scanf=22673&charge=2&value=1,K.TNPEYIYAPLK.E,/core/www/modules/show_out/show_out_wrapper.php?run_id=110202&search_id=114132&scans_id=110198&peptide_id=14186&scanf=22673&charge=2&value=K.TNPEYIYAPLK.E,NKRF,1.783e+7,2.295,0.042,1.379,0.001
22677,3,"  5.045","  0.682",21/84,/core/www/modules//sdig/index.php?run_id=110202&search_id=114132&scans_id=110198&peptide_id=14190&scanf=22677&charge=3&value=21/84,sp|O75533|SF3B1_HUMAN,/core/www/modules//consensus/?run_id=110202&search_id=114132&scans_id=110198&peptide_id=14190&scanf=22677&charge=3&value=sp|O75533|SF3B1_HUMAN,0,/core/www/modules/match_peptides/blast_html4.php?run_id=110202&search_id=114132&scans_id=110198&peptide_id=14190&scanf=22677&charge=3&value=0,K.SRWDETPASQMGGSTPVLTPGK.T,/core/www/modules/show_out/show_out_wrapper.php?run_id=110202&search_id=114132&scans_id=110198&peptide_id=14190&scanf=22677&charge=3&value=K.SRWDETPASQMGGSTPVLTPGK.T,SF3B1,3.148e+6,3.482,0.001,3.121,0.000
22680,3,"  2.116","  0.375",8/44,/core/www/modules//sdig/index.php?run_id=110202&search_id=114132&scans_id=110198&peptide_id=14194&scanf=22680&charge=3&value=8/44,sp|Q9UL25|RAB21_HUMAN,/core/www/modules//consensus/?run_id=110202&search_id=114132&scans_id=110198&peptide_id=14194&scanf=22680&charge=3&value=sp|Q9UL25|RAB21_HUMAN,0,/core/www/modules/match_peptides/blast_html4.php?run_id=110202&search_id=114132&scans_id=110198&peptide_id=14194&scanf=22680&charge=3&value=0,K.HITTLQASFLTK.K,/core/www/modules/show_out/show_out_wrapper.php?run_id=110202&search_id=114132&scans_id=110198&peptide_id=14194&scanf=22680&charge=3&value=K.HITTLQASFLTK.K,RAB21,2.728e+6,2.573,0.017,1.780,0.000
22683,3,"  2.067","  0.204",12/52,/core/www/modules//sdig/index.php?run_id=110202&search_id=114132&scans_id=110198&peptide_id=14197&scanf=22683&charge=3&value=12/52,sp|O14981|BTAF1_HUMAN,/core/www/modules//consensus/?run_id=110202&search_id=114132&scans_id=110198&peptide_id=14197&scanf=22683&charge=3&value=sp|O14981|BTAF1_HUMAN,0,/core/www/modules/match_peptides/blast_html4.php?run_id=110202&search_id=114132&scans_id=110198&peptide_id=14197&scanf=22683&charge=3&value=0,R.EQEAGVLAMDALHR.Q,/core/www/modules/show_out/show_out_wrapper.php?run_id=110202&search_id=114132&scans_id=110198&peptide_id=14197&scanf=22683&charge=3&value=R.EQEAGVLAMDALHR.Q,BTAF1,2.440e+6,2.046,0.093,1.033,0.004
22685,2,"  2.797","  0.511",13/18,/core/www/modules//sdig/index.php?run_id=110202&search_id=114132&scans_id=110198&peptide_id=14198&scanf=22685&charge=2&value=13/18,sp|P14625|ENPL_HUMAN,/core/www/modules//consensus/?run_id=110202&search_id=114132&scans_id=110198&peptide_id=14198&scanf=22685&charge=2&value=sp|P14625|ENPL_HUMAN,5,/core/www/modules/match_peptides/blast_html4.php?run_id=110202&search_id=114132&scans_id=110198&peptide_id=14198&scanf=22685&charge=2&value=5,R.LSLNIDPDAK.V,/core/www/modules/show_out/show_out_wrapper.php?run_id=110202&search_id=114132&scans_id=110198&peptide_id=14198&scanf=22685&charge=2&value=R.LSLNIDPDAK.V,HSP90B1,6.949e+8,3.597,0.001,3.292,0.000
22686,2,"  2.179","  0.277",14/24,/core/www/modules//sdig/index.php?run_id=110202&search_id=114132&scans_id=110198&peptide_id=14199&scanf=22686&charge=2&value=14/24,sp|Q07020|RL18_HUMAN,/core/www/modules//consensus/?run_id=110202&search_id=114132&scans_id=110198&peptide_id=14199&scanf=22686&charge=2&value=sp|Q07020|RL18_HUMAN,6,/core/www/modules/match_peptides/blast_html4.php?run_id=110202&search_id=114132&scans_id=110198&peptide_id=14199&scanf=22686&charge=2&value=6,K.TAVVVGTITDDVR.V,/core/www/modules/show_out/show_out_wrapper.php?run_id=110202&search_id=114132&scans_id=110198&peptide_id=14199&scanf=22686&charge=2&value=K.TAVVVGTITDDVR.V,RPL18,2.130e+8,2.395,0.030,1.522,0.001
22687,2,"  2.018","  0.397",10/16,/core/www/modules//sdig/index.php?run_id=110202&search_id=114132&scans_id=110198&peptide_id=14200&scanf=22687&charge=2&value=10/16,sp|Q9Y3I0|RTCB_HUMAN,/core/www/modules//consensus/?run_id=110202&search_id=114132&scans_id=110198&peptide_id=14200&scanf=22687&charge=2&value=sp|Q9Y3I0|RTCB_HUMAN,0,/core/www/modules/match_peptides/blast_html4.php?run_id=110202&search_id=114132&scans_id=110198&peptide_id=14200&scanf=22687&charge=2&value=0,K.LADMGIAIR.V,/core/www/modules/show_out/show_out_wrapper.php?run_id=110202&search_id=114132&scans_id=110198&peptide_id=14200&scanf=22687&charge=2&value=K.LADMGIAIR.V,RTCB,2.607e+7,2.976,0.004,2.372,0.000
22688,2,"  1.626","  0.264",9/20,/core/www/modules//sdig/index.php?run_id=110202&search_id=114132&scans_id=110198&peptide_id=14201&scanf=22688&charge=2&value=9/20,sp|P61978|HNRPK_HUMAN,/core/www/modules//consensus/?run_id=110202&search_id=114132&scans_id=110198&peptide_id=14201&scanf=22688&charge=2&value=sp|P61978|HNRPK_HUMAN,1,/core/www/modules/match_peptides/blast_html4.php?run_id=110202&search_id=114132&scans_id=110198&peptide_id=14201&scanf=22688&charge=2&value=1,R.NLPLPPPPPPR.G,/core/www/modules/show_out/show_out_wrapper.php?run_id=110202&search_id=114132&scans_id=110198&peptide_id=14201&scanf=22688&charge=2&value=R.NLPLPPPPPPR.G,HNRNPK,3.458e+8,2.405,0.029,1.536,0.001
22691,2,"  3.331","  0.603",15/24,/core/www/modules//sdig/index.php?run_id=110202&search_id=114132&scans_id=110198&peptide_id=14205&scanf=22691&charge=2&value=15/24,sp|P52292|IMA1_HUMAN,/core/www/modules//consensus/?run_id=110202&search_id=114132&scans_id=110198&peptide_id=14205&scanf=22691&charge=2&value=sp|P52292|IMA1_HUMAN,4,/core/www/modules/match_peptides/blast_html4.php?run_id=110202&search_id=114132&scans_id=110198&peptide_id=14205&scanf=22691&charge=2&value=4,K.EATWTMSNITAGR.Q,/core/www/modules/show_out/show_out_wrapper.php?run_id=110202&search_id=114132&scans_id=110198&peptide_id=14205&scanf=22691&charge=2&value=K.EATWTMSNITAGR.Q,KPNA2,1.143e+7,3.579,0.001,3.265,0.000
22692,3,"  3.387","  0.431",15/52,/core/www/modules//sdig/index.php?run_id=110202&search_id=114132&scans_id=110198&peptide_id=14206&scanf=22692&charge=3&value=15/52,sp|Q15843|NEDD8_HUMAN,/core/www/modules//consensus/?run_id=110202&search_id=114132&scans_id=110198&peptide_id=14206&scanf=22692&charge=3&value=sp|Q15843|NEDD8_HUMAN,4,/core/www/modules/match_peptides/blast_html4.php?run_id=110202&search_id=114132&scans_id=110198&peptide_id=14206&scanf=22692&charge=3&value=4,K.EIEIDIEPTDKVER.I,/core/www/modules/show_out/show_out_wrapper.php?run_id=110202&search_id=114132&scans_id=110198&peptide_id=14206&scanf=22692&charge=3&value=K.EIEIDIEPTDKVER.I,NEDD8,6.609e+6,2.600,0.015,1.819,0.000
22695,2,"  2.012","  0.040",9/14,/core/www/modules//sdig/index.php?run_id=110202&search_id=114132&scans_id=110198&peptide_id=14209&scanf=22695&charge=2&value=9/14,sp|Q49A26|GLYR1_HUMAN,/core/www/modules//consensus/?run_id=110202&search_id=114132&scans_id=110198&peptide_id=14209&scanf=22695&charge=2&value=sp|Q49A26|GLYR1_HUMAN,2,/core/www/modules/match_peptides/blast_html4.php?run_id=110202&search_id=114132&scans_id=110198&peptide_id=14209&scanf=22695&charge=2&value=2,R.LGDLVWGK.L,/core/www/modules/show_out/show_out_wrapper.php?run_id=110202&search_id=114132&scans_id=110198&peptide_id=14209&scanf=22695&charge=2&value=R.LGDLVWGK.L,GLYR1,3.455e+6,1.835,0.174,0.761,0.009
22696,2,"  1.849","  0.113",8/12,/core/www/modules//sdig/index.php?run_id=110202&search_id=114132&scans_id=110198&peptide_id=14210&scanf=22696&charge=2&value=8/12,sp|P33240|CSTF2_HUMAN,/core/www/modules//consensus/?run_id=110202&search_id=114132&scans_id=110198&peptide_id=14210&scanf=22696&charge=2&value=sp|P33240|CSTF2_HUMAN,2,/core/www/modules/match_peptides/blast_html4.php?run_id=110202&search_id=114132&scans_id=110198&peptide_id=14210&scanf=22696&charge=2&value=2,R.QSILILK.E,/core/www/modules/show_out/show_out_wrapper.php?run_id=110202&search_id=114132&scans_id=110198&peptide_id=14210&scanf=22696&charge=2&value=R.QSILILK.E,CSTF2,5.924e+6,2.146,0.068,1.170,0.002
22698,3,"  3.096","  0.190",10/48,/core/www/modules//sdig/index.php?run_id=110202&search_id=114132&scans_id=110198&peptide_id=14212&scanf=22698&charge=3&value=10/48,sp|P68400|CSK21_HUMAN,/core/www/modules//consensus/?run_id=110202&search_id=114132&scans_id=110198&peptide_id=14212&scanf=22698&charge=3&value=sp|P68400|CSK21_HUMAN,8,/core/www/modules/match_peptides/blast_html4.php?run_id=110202&search_id=114132&scans_id=110198&peptide_id=14212&scanf=22698&charge=3&value=8,R.EAMEHPYFYTVVK.D,/core/www/modules/show_out/show_out_wrapper.php?run_id=110202&search_id=114132&scans_id=110198&peptide_id=14212&scanf=22698&charge=3&value=R.EAMEHPYFYTVVK.D,CSNK2A1,5.845e+6,2.046,0.093,1.033,0.004
22703,2,"  5.532","  0.725",26/32,/core/www/modules//sdig/index.php?run_id=110202&search_id=114132&scans_id=110198&peptide_id=14218&scanf=22703&charge=2&value=26/32,sp|P21589|5NTD_HUMAN,/core/www/modules//consensus/?run_id=110202&search_id=114132&scans_id=110198&peptide_id=14218&scanf=22703&charge=2&value=sp|P21589|5NTD_HUMAN,0,/core/www/modules/match_peptides/blast_html4.php?run_id=110202&search_id=114132&scans_id=110198&peptide_id=14218&scanf=22703&charge=2&value=0,R.HDSGDQDINVVSTYISK.M,/core/www/modules/show_out/show_out_wrapper.php?run_id=110202&search_id=114132&scans_id=110198&peptide_id=14218&scanf=22703&charge=2&value=R.HDSGDQDINVVSTYISK.M,NT5E,2.372e+6,3.900,0.000,3.742,0.000
22704,2,"  4.426","  0.714",18/26,/core/www/modules//sdig/index.php?run_id=110202&search_id=114132&scans_id=110198&peptide_id=14219&scanf=22704&charge=2&value=18/26,sp|P11234|RALB_HUMAN,/core/www/modules//consensus/?run_id=110202&search_id=114132&scans_id=110198&peptide_id=14219&scanf=22704&charge=2&value=sp|P11234|RALB_HUMAN,1,/core/www/modules/match_peptides/blast_html4.php?run_id=110202&search_id=114132&scans_id=110198&peptide_id=14219&scanf=22704&charge=2&value=1,K.AEEWGVQYVETSAK.T,/core/www/modules/show_out/show_out_wrapper.php?run_id=110202&search_id=114132&scans_id=110198&peptide_id=14219&scanf=22704&charge=2&value=K.AEEWGVQYVETSAK.T,RALB,1.662e+6,4.065,0.000,3.986,0.000
22707,3,"  1.775","  0.135",8/44,/core/www/modules//sdig/index.php?run_id=110202&search_id=114132&scans_id=110198&peptide_id=14221&scanf=22707&charge=3&value=8/44,sp|O60264|SMCA5_HUMAN,/core/www/modules//consensus/?run_id=110202&search_id=114132&scans_id=110198&peptide_id=14221&scanf=22707&charge=3&value=sp|O60264|SMCA5_HUMAN,3,/core/www/modules/match_peptides/blast_html4.php?run_id=110202&search_id=114132&scans_id=110198&peptide_id=14221&scanf=22707&charge=3&value=3,R.NIPGPHMVLVPK.S,/core/www/modules/show_out/show_out_wrapper.php?run_id=110202&search_id=114132&scans_id=110198&peptide_id=14221&scanf=22707&charge=3&value=R.NIPGPHMVLVPK.S,SMARCA5,7.322e+7,2.007,0.105,0.981,0.005
22708,2,"  2.922","  0.507",10/16,/core/www/modules//sdig/index.php?run_id=110202&search_id=114132&scans_id=110198&peptide_id=14222&scanf=22708&charge=2&value=10/16,sp|P16401|H15_HUMAN,/core/www/modules//consensus/?run_id=110202&search_id=114132&scans_id=110198&peptide_id=14222&scanf=22708&charge=2&value=sp|P16401|H15_HUMAN,0,/core/www/modules/match_peptides/blast_html4.php?run_id=110202&search_id=114132&scans_id=110198&peptide_id=14222&scanf=22708&charge=2&value=0,R.NGLSLAALK.K,/core/www/modules/show_out/show_out_wrapper.php?run_id=110202&search_id=114132&scans_id=110198&peptide_id=14222&scanf=22708&charge=2&value=R.NGLSLAALK.K,H1-5,2.594e+7,3.345,0.001,2.918,0.000
22711,2,"  2.273","  0.495",12/20,/core/www/modules//sdig/index.php?run_id=110202&search_id=114132&scans_id=110198&peptide_id=14226&scanf=22711&charge=2&value=12/20,sp|Q9NZB2|F120A_HUMAN,/core/www/modules//consensus/?run_id=110202&search_id=114132&scans_id=110198&peptide_id=14226&scanf=22711&charge=2&value=sp|Q9NZB2|F120A_HUMAN,2,/core/www/modules/match_peptides/blast_html4.php?run_id=110202&search_id=114132&scans_id=110198&peptide_id=14226&scanf=22711&charge=2&value=2,K.LYEPDQLQELK.I,/core/www/modules/show_out/show_out_wrapper.php?run_id=110202&search_id=114132&scans_id=110198&peptide_id=14226&scanf=22711&charge=2&value=K.LYEPDQLQELK.I,FAM120A,7.100e+6,3.190,0.002,2.689,0.000
22712,2,"  2.013","  0.289",10/16,/core/www/modules//sdig/index.php?run_id=110202&search_id=114132&scans_id=110198&peptide_id=14227&scanf=22712&charge=2&value=10/16,sp|Q9UNM6|PSD13_HUMAN,/core/www/modules//consensus/?run_id=110202&search_id=114132&scans_id=110198&peptide_id=14227&scanf=22712&charge=2&value=sp|Q9UNM6|PSD13_HUMAN,1,/core/www/modules/match_peptides/blast_html4.php?run_id=110202&search_id=114132&scans_id=110198&peptide_id=14227&scanf=22712&charge=2&value=1,R.QLTFEEIAK.S,/core/www/modules/show_out/show_out_wrapper.php?run_id=110202&search_id=114132&scans_id=110198&peptide_id=14227&scanf=22712&charge=2&value=R.QLTFEEIAK.S,PSMD13,1.211e+7,2.574,0.017,1.781,0.000
22713,2,"  2.385","  0.397",7/16,/core/www/modules//sdig/index.php?run_id=110202&search_id=114132&scans_id=110198&peptide_id=14228&scanf=22713&charge=2&value=7/16,sp|P55786|PSA_HUMAN,/core/www/modules//consensus/?run_id=110202&search_id=114132&scans_id=110198&peptide_id=14228&scanf=22713&charge=2&value=sp|P55786|PSA_HUMAN,5,/core/www/modules/match_peptides/blast_html4.php?run_id=110202&search_id=114132&scans_id=110198&peptide_id=14228&scanf=22713&charge=2&value=5,R.DLSLPPVDR.L,/core/www/modules/show_out/show_out_wrapper.php?run_id=110202&search_id=114132&scans_id=110198&peptide_id=14228&scanf=22713&charge=2&value=R.DLSLPPVDR.L,NPEPPS,7.439e+6,2.750,0.009,2.039,0.000
22716,2,"  1.584","  0.354",8/18,/core/www/modules//sdig/index.php?run_id=110202&search_id=114132&scans_id=110198&peptide_id=14231&scanf=22716&charge=2&value=8/18,sp|Q99614|TTC1_HUMAN,/core/www/modules//consensus/?run_id=110202&search_id=114132&scans_id=110198&peptide_id=14231&scanf=22716&charge=2&value=sp|Q99614|TTC1_HUMAN,3,/core/www/modules/match_peptides/blast_html4.php?run_id=110202&search_id=114132&scans_id=110198&peptide_id=14231&scanf=22716&charge=2&value=3,K.AIQLNPSYIR.A,/core/www/modules/show_out/show_out_wrapper.php?run_id=110202&search_id=114132&scans_id=110198&peptide_id=14231&scanf=22716&charge=2&value=K.AIQLNPSYIR.A,TTC1,7.573e+6,2.409,0.029,1.542,0.001
22717,2,"  3.675","  0.664",15/28,/core/www/modules//sdig/index.php?run_id=110202&search_id=114132&scans_id=110198&peptide_id=14232&scanf=22717&charge=2&value=15/28,sp|A6NHR9|SMHD1_HUMAN,/core/www/modules//consensus/?run_id=110202&search_id=114132&scans_id=110198&peptide_id=14232&scanf=22717&charge=2&value=sp|A6NHR9|SMHD1_HUMAN,4,/core/www/modules/match_peptides/blast_html4.php?run_id=110202&search_id=114132&scans_id=110198&peptide_id=14232&scanf=22717&charge=2&value=4,K.GSNEEDTDTPLFIGK.V,/core/www/modules/show_out/show_out_wrapper.php?run_id=110202&search_id=114132&scans_id=110198&peptide_id=14232&scanf=22717&charge=2&value=K.GSNEEDTDTPLFIGK.V,SMCHD1,2.180e+7,3.777,0.000,3.559,0.000
22721,2,"  2.614","  0.380",12/18,/core/www/modules//sdig/index.php?run_id=110202&search_id=114132&scans_id=110198&peptide_id=14237&scanf=22721&charge=2&value=12/18,sp|Q9NU22|MDN1_HUMAN,/core/www/modules//consensus/?run_id=110202&search_id=114132&scans_id=110198&peptide_id=14237&scanf=22721&charge=2&value=sp|Q9NU22|MDN1_HUMAN,0,/core/www/modules/match_peptides/blast_html4.php?run_id=110202&search_id=114132&scans_id=110198&peptide_id=14237&scanf=22721&charge=2&value=0,K.APAVQDLLTR.L,/core/www/modules/show_out/show_out_wrapper.php?run_id=110202&search_id=114132&scans_id=110198&peptide_id=14237&scanf=22721&charge=2&value=K.APAVQDLLTR.L,MDN1,2.377e+7,3.202,0.002,2.707,0.000
22725,3,"  2.196","  0.325",8/44,/core/www/modules//sdig/index.php?run_id=110202&search_id=114132&scans_id=110198&peptide_id=14241&scanf=22725&charge=3&value=8/44,sp|Q8N8A6|DDX51_HUMAN,/core/www/modules//consensus/?run_id=110202&search_id=114132&scans_id=110198&peptide_id=14241&scanf=22725&charge=3&value=sp|Q8N8A6|DDX51_HUMAN,0,/core/www/modules/match_peptides/blast_html4.php?run_id=110202&search_id=114132&scans_id=110198&peptide_id=14241&scanf=22725&charge=3&value=0,R.MIDSMHQSWLPR.V,/core/www/modules/show_out/show_out_wrapper.php?run_id=110202&search_id=114132&scans_id=110198&peptide_id=14241&scanf=22725&charge=3&value=R.MIDSMHQSWLPR.V,DDX51,6.909e+6,2.448,0.025,1.598,0.001
22727,2,"  2.701","  0.538",13/22,/core/www/modules//sdig/index.php?run_id=110202&search_id=114132&scans_id=110198&peptide_id=14242&scanf=22727&charge=2&value=13/22,sp|Q9Y3T9|NOC2L_HUMAN,/core/www/modules//consensus/?run_id=110202&search_id=114132&scans_id=110198&peptide_id=14242&scanf=22727&charge=2&value=sp|Q9Y3T9|NOC2L_HUMAN,0,/core/www/modules/match_peptides/blast_html4.php?run_id=110202&search_id=114132&scans_id=110198&peptide_id=14242&scanf=22727&charge=2&value=0,K.NSVPVTVAMVER.W,/core/www/modules/show_out/show_out_wrapper.php?run_id=110202&search_id=114132&scans_id=110198&peptide_id=14242&scanf=22727&charge=2&value=K.NSVPVTVAMVER.W,NOC2L,4.663e+7,3.339,0.001,2.909,0.000
22728,2,"  2.726","  0.303",13/18,/core/www/modules//sdig/index.php?run_id=110202&search_id=114132&scans_id=110198&peptide_id=14243&scanf=22728&charge=2&value=13/18,sp|P17987|TCPA_HUMAN,/core/www/modules//consensus/?run_id=110202&search_id=114132&scans_id=110198&peptide_id=14243&scanf=22728&charge=2&value=sp|P17987|TCPA_HUMAN,2,/core/www/modules/match_peptides/blast_html4.php?run_id=110202&search_id=114132&scans_id=110198&peptide_id=14243&scanf=22728&charge=2&value=2,R.YPVNSVNILK.A,/core/www/modules/show_out/show_out_wrapper.php?run_id=110202&search_id=114132&scans_id=110198&peptide_id=14243&scanf=22728&charge=2&value=R.YPVNSVNILK.A,TCP1,5.247e+7,2.864,0.006,2.208,0.000
22729,2,"  1.772","  0.152",9/14,/core/www/modules//sdig/index.php?run_id=110202&search_id=114132&scans_id=110198&peptide_id=14244&scanf=22729&charge=2&value=9/14,sp|Q68CP9|ARID2_HUMAN,/core/www/modules//consensus/?run_id=110202&search_id=114132&scans_id=110198&peptide_id=14244&scanf=22729&charge=2&value=sp|Q68CP9|ARID2_HUMAN,3,/core/www/modules/match_peptides/blast_html4.php?run_id=110202&search_id=114132&scans_id=110198&peptide_id=14244&scanf=22729&charge=2&value=3,K.DALLAGLK.Q,/core/www/modules/show_out/show_out_wrapper.php?run_id=110202&search_id=114132&scans_id=110198&peptide_id=14244&scanf=22729&charge=2&value=K.DALLAGLK.Q,ARID2,9.827e+6,2.268,0.046,1.341,0.002
22736,2,"  3.181","  0.535",13/24,/core/www/modules//sdig/index.php?run_id=110202&search_id=114132&scans_id=110198&peptide_id=14252&scanf=22736&charge=2&value=13/24,sp|Q12792|TWF1_HUMAN,/core/www/modules//consensus/?run_id=110202&search_id=114132&scans_id=110198&peptide_id=14252&scanf=22736&charge=2&value=sp|Q12792|TWF1_HUMAN,1,/core/www/modules/match_peptides/blast_html4.php?run_id=110202&search_id=114132&scans_id=110198&peptide_id=14252&scanf=22736&charge=2&value=1,K.HQTLQGVAFPISR.E,/core/www/modules/show_out/show_out_wrapper.php?run_id=110202&search_id=114132&scans_id=110198&peptide_id=14252&scanf=22736&charge=2&value=K.HQTLQGVAFPISR.E,TWF1,4.566e+6,3.145,0.002,2.623,0.000
22738,2,"  2.747","  0.554",13/18,/core/www/modules//sdig/index.php?run_id=110202&search_id=114132&scans_id=110198&peptide_id=14254&scanf=22738&charge=2&value=13/18,sp|Q9Y3T9|NOC2L_HUMAN,/core/www/modules//consensus/?run_id=110202&search_id=114132&scans_id=110198&peptide_id=14254&scanf=22738&charge=2&value=sp|Q9Y3T9|NOC2L_HUMAN,0,/core/www/modules/match_peptides/blast_html4.php?run_id=110202&search_id=114132&scans_id=110198&peptide_id=14254&scanf=22738&charge=2&value=0,K.LFHEVVQAFR.A,/core/www/modules/show_out/show_out_wrapper.php?run_id=110202&search_id=114132&scans_id=110198&peptide_id=14254&scanf=22738&charge=2&value=K.LFHEVVQAFR.A,NOC2L,1.826e+7,3.633,0.000,3.346,0.000
22739,2,"  5.580","  0.764",24/34,/core/www/modules//sdig/index.php?run_id=110202&search_id=114132&scans_id=110198&peptide_id=14255&scanf=22739&charge=2&value=24/34,sp|Q8WUZ0|BCL7C_HUMAN,/core/www/modules//consensus/?run_id=110202&search_id=114132&scans_id=110198&peptide_id=14255&scanf=22739&charge=2&value=sp|Q8WUZ0|BCL7C_HUMAN,1,/core/www/modules/match_peptides/blast_html4.php?run_id=110202&search_id=114132&scans_id=110198&peptide_id=14255&scanf=22739&charge=2&value=1,R.DPGGITAGSTDEPPMLTK.E,/core/www/modules/show_out/show_out_wrapper.php?run_id=110202&search_id=114132&scans_id=110198&peptide_id=14255&scanf=22739&charge=2&value=R.DPGGITAGSTDEPPMLTK.E,BCL7C,8.658e+6,4.177,0.000,4.152,0.000
22742,3,"  5.052","  0.701",27/68,/core/www/modules//sdig/index.php?run_id=110202&search_id=114132&scans_id=110198&peptide_id=14259&scanf=22742&charge=3&value=27/68,sp|P83916|CBX1_HUMAN,/core/www/modules//consensus/?run_id=110202&search_id=114132&scans_id=110198&peptide_id=14259&scanf=22742&charge=3&value=sp|P83916|CBX1_HUMAN,4,/core/www/modules/match_peptides/blast_html4.php?run_id=110202&search_id=114132&scans_id=110198&peptide_id=14259&scanf=22742&charge=3&value=4,K.KKVEEVLEEEEEEYVVEK.V,/core/www/modules/show_out/show_out_wrapper.php?run_id=110202&search_id=114132&scans_id=110198&peptide_id=14259&scanf=22742&charge=3&value=K.KKVEEVLEEEEEEYVVEK.V,CBX1,3.070e+6,3.356,0.001,2.935,0.000
22749,2,"  2.282","  0.435",11/16,/core/www/modules//sdig/index.php?run_id=110202&search_id=114132&scans_id=110198&peptide_id=14265&scanf=22749&charge=2&value=11/16,sp|Q9Y3I0|RTCB_HUMAN,/core/www/modules//consensus/?run_id=110202&search_id=114132&scans_id=110198&peptide_id=14265&scanf=22749&charge=2&value=sp|Q9Y3I0|RTCB_HUMAN,0,/core/www/modules/match_peptides/blast_html4.php?run_id=110202&search_id=114132&scans_id=110198&peptide_id=14265&scanf=22749&charge=2&value=0,K.LADMGIAIR.V,/core/www/modules/show_out/show_out_wrapper.php?run_id=110202&search_id=114132&scans_id=110198&peptide_id=14265&scanf=22749&charge=2&value=K.LADMGIAIR.V,RTCB,2.607e+7,3.209,0.002,2.717,0.000
22750,4,"  2.377","  0.420",18/96,/core/www/modules//sdig/index.php?run_id=110202&search_id=114132&scans_id=110198&peptide_id=14267&scanf=22750&charge=4&value=18/96,sp|Q15029|U5S1_HUMAN,/core/www/modules//consensus/?run_id=110202&search_id=114132&scans_id=110198&peptide_id=14267&scanf=22750&charge=4&value=sp|Q15029|U5S1_HUMAN,1,/core/www/modules/match_peptides/blast_html4.php?run_id=110202&search_id=114132&scans_id=110198&peptide_id=14267&scanf=22750&charge=4&value=1,K.SIVIRPLEPQPAPHLAR.E,/core/www/modules/show_out/show_out_wrapper.php?run_id=110202&search_id=114132&scans_id=110198&peptide_id=14267&scanf=22750&charge=4&value=K.SIVIRPLEPQPAPHLAR.E,EFTUD2,6.170e+7,3.173,0.002,2.664,0.000
22751,2,"  1.454","  0.178",7/14,/core/www/modules//sdig/index.php?run_id=110202&search_id=114132&scans_id=110198&peptide_id=14268&scanf=22751&charge=2&value=7/14,sp|P60709|ACTB_HUMAN,/core/www/modules//consensus/?run_id=110202&search_id=114132&scans_id=110198&peptide_id=14268&scanf=22751&charge=2&value=sp|P60709|ACTB_HUMAN,16,/core/www/modules/match_peptides/blast_html4.php?run_id=110202&search_id=114132&scans_id=110198&peptide_id=14268&scanf=22751&charge=2&value=16,R.DLTDYLM*K.I,/core/www/modules/show_out/show_out_wrapper.php?run_id=110202&search_id=114132&scans_id=110198&peptide_id=14268&scanf=22751&charge=2&value=R.DLTDYLM*K.I,ACTB,2.406e+8,2.635,0.013,1.870,0.000
22752,2,"  2.465","  0.068",11/18,/core/www/modules//sdig/index.php?run_id=110202&search_id=114132&scans_id=110198&peptide_id=14269&scanf=22752&charge=2&value=11/18,sp|P13667|PDIA4_HUMAN,/core/www/modules//consensus/?run_id=110202&search_id=114132&scans_id=110198&peptide_id=14269&scanf=22752&charge=2&value=sp|P13667|PDIA4_HUMAN,2,/core/www/modules/match_peptides/blast_html4.php?run_id=110202&search_id=114132&scans_id=110198&peptide_id=14269&scanf=22752&charge=2&value=2,K.TFDSIVMDPK.K,/core/www/modules/show_out/show_out_wrapper.php?run_id=110202&search_id=114132&scans_id=110198&peptide_id=14269&scanf=22752&charge=2&value=K.TFDSIVMDPK.K,PDIA4,3.875e+7,1.909,0.140,0.853,0.007
22754,2,"  2.421","  0.547",12/18,/core/www/modules//sdig/index.php?run_id=110202&search_id=114132&scans_id=110198&peptide_id=14271&scanf=22754&charge=2&value=12/18,sp|Q9Y5B9|SP16H_HUMAN,/core/www/modules//consensus/?run_id=110202&search_id=114132&scans_id=110198&peptide_id=14271&scanf=22754&charge=2&value=sp|Q9Y5B9|SP16H_HUMAN,0,/core/www/modules/match_peptides/blast_html4.php?run_id=110202&search_id=114132&scans_id=110198&peptide_id=14271&scanf=22754&charge=2&value=0,K.QDSLVINLNR.S,/core/www/modules/show_out/show_out_wrapper.php?run_id=110202&search_id=114132&scans_id=110198&peptide_id=14271&scanf=22754&charge=2&value=K.QDSLVINLNR.S,SUPT16H,1.322e+8,3.640,0.000,3.356,0.000
22757,2,"  4.980","  0.744",21/30,/core/www/modules//sdig/index.php?run_id=110202&search_id=114132&scans_id=110198&peptide_id=14274&scanf=22757&charge=2&value=21/30,sp|Q9Y262|EIF3L_HUMAN,/core/www/modules//consensus/?run_id=110202&search_id=114132&scans_id=110198&peptide_id=14274&scanf=22757&charge=2&value=sp|Q9Y262|EIF3L_HUMAN,2,/core/www/modules/match_peptides/blast_html4.php?run_id=110202&search_id=114132&scans_id=110198&peptide_id=14274&scanf=22757&charge=2&value=2,K.VFSDEVQQQAQLSTIR.S,/core/www/modules/show_out/show_out_wrapper.php?run_id=110202&search_id=114132&scans_id=110198&peptide_id=14274&scanf=22757&charge=2&value=K.VFSDEVQQQAQLSTIR.S,EIF3L,5.138e+6,4.154,0.000,4.118,0.000
22758,3,"  2.368","  0.406",10/36,/core/www/modules//sdig/index.php?run_id=110202&search_id=114132&scans_id=110198&peptide_id=14275&scanf=22758&charge=3&value=10/36,sp|Q96FW1|OTUB1_HUMAN,/core/www/modules//consensus/?run_id=110202&search_id=114132&scans_id=110198&peptide_id=14275&scanf=22758&charge=3&value=sp|Q96FW1|OTUB1_HUMAN,4,/core/www/modules/match_peptides/blast_html4.php?run_id=110202&search_id=114132&scans_id=110198&peptide_id=14275&scanf=22758&charge=3&value=4,K.FFEHFIEGGR.T,/core/www/modules/show_out/show_out_wrapper.php?run_id=110202&search_id=114132&scans_id=110198&peptide_id=14275&scanf=22758&charge=3&value=K.FFEHFIEGGR.T,OTUB1,4.274e+6,2.920,0.005,2.291,0.000
22760,3,"  5.501","  0.679",21/92,/core/www/modules//sdig/index.php?run_id=110202&search_id=114132&scans_id=110198&peptide_id=14278&scanf=22760&charge=3&value=21/92,sp|Q6KC79|NIPBL_HUMAN,/core/www/modules//consensus/?run_id=110202&search_id=114132&scans_id=110198&peptide_id=14278&scanf=22760&charge=3&value=sp|Q6KC79|NIPBL_HUMAN,1,/core/www/modules/match_peptides/blast_html4.php?run_id=110202&search_id=114132&scans_id=110198&peptide_id=14278&scanf=22760&charge=3&value=1,K.LLMEHLDPDEEEEEGEVSASTNAR.N,/core/www/modules/show_out/show_out_wrapper.php?run_id=110202&search_id=114132&scans_id=110198&peptide_id=14278&scanf=22760&charge=3&value=K.LLMEHLDPDEEEEEGEVSASTNAR.N,NIPBL,1.366e+6,3.512,0.001,3.165,0.000
22761,3,"  3.681","  0.514",17/92,/core/www/modules//sdig/index.php?run_id=110202&search_id=114132&scans_id=110198&peptide_id=14279&scanf=22761&charge=3&value=17/92,sp|P49750|YLPM1_HUMAN,/core/www/modules//consensus/?run_id=110202&search_id=114132&scans_id=110198&peptide_id=14279&scanf=22761&charge=3&value=sp|P49750|YLPM1_HUMAN,1,/core/www/modules/match_peptides/blast_html4.php?run_id=110202&search_id=114132&scans_id=110198&peptide_id=14279&scanf=22761&charge=3&value=1,K.AQAVTQPVPLANKPVPAQSTFPSK.T,/core/www/modules/show_out/show_out_wrapper.php?run_id=110202&search_id=114132&scans_id=110198&peptide_id=14279&scanf=22761&charge=3&value=K.AQAVTQPVPLANKPVPAQSTFPSK.T,YLPM1,3.558e+6,2.790,0.008,2.099,0.000
22762,2,"  3.314","  0.585",14/24,/core/www/modules//sdig/index.php?run_id=110202&search_id=114132&scans_id=110198&peptide_id=14280&scanf=22762&charge=2&value=14/24,sp|P35580|MYH10_HUMAN,/core/www/modules//consensus/?run_id=110202&search_id=114132&scans_id=110198&peptide_id=14280&scanf=22762&charge=2&value=sp|P35580|MYH10_HUMAN,1,/core/www/modules/match_peptides/blast_html4.php?run_id=110202&search_id=114132&scans_id=110198&peptide_id=14280&scanf=22762&charge=2&value=1,K.QVLALQSQLADTK.K,/core/www/modules/show_out/show_out_wrapper.php?run_id=110202&search_id=114132&scans_id=110198&peptide_id=14280&scanf=22762&charge=2&value=K.QVLALQSQLADTK.K,MYH10,5.445e+6,3.571,0.001,3.254,0.000
22763,2,"  2.199","  0.486",12/24,/core/www/modules//sdig/index.php?run_id=110202&search_id=114132&scans_id=110198&peptide_id=14281&scanf=22763&charge=2&value=12/24,sp|Q9Y305|ACOT9_HUMAN,/core/www/modules//consensus/?run_id=110202&search_id=114132&scans_id=110198&peptide_id=14281&scanf=22763&charge=2&value=sp|Q9Y305|ACOT9_HUMAN,1,/core/www/modules/match_peptides/blast_html4.php?run_id=110202&search_id=114132&scans_id=110198&peptide_id=14281&scanf=22763&charge=2&value=1,R.VLPSNAVWMENSK.L,/core/www/modules/show_out/show_out_wrapper.php?run_id=110202&search_id=114132&scans_id=110198&peptide_id=14281&scanf=22763&charge=2&value=R.VLPSNAVWMENSK.L,ACOT9,3.618e+6,2.829,0.007,2.156,0.000
22765,2,"  3.368","  0.617",16/26,/core/www/modules//sdig/index.php?run_id=110202&search_id=114132&scans_id=110198&peptide_id=14283&scanf=22765&charge=2&value=16/26,sp|P46939|UTRN_HUMAN,/core/www/modules//consensus/?run_id=110202&search_id=114132&scans_id=110198&peptide_id=14283&scanf=22765&charge=2&value=sp|P46939|UTRN_HUMAN,0,/core/www/modules/match_peptides/blast_html4.php?run_id=110202&search_id=114132&scans_id=110198&peptide_id=14283&scanf=22765&charge=2&value=0,K.SNIVTVGDVEEINK.T,/core/www/modules/show_out/show_out_wrapper.php?run_id=110202&search_id=114132&scans_id=110198&peptide_id=14283&scanf=22765&charge=2&value=K.SNIVTVGDVEEINK.T,UTRN,2.479e+6,3.682,0.000,3.417,0.000
22769,2,"  2.416","  0.418",11/18,/core/www/modules//sdig/index.php?run_id=110202&search_id=114132&scans_id=110198&peptide_id=14286&scanf=22769&charge=2&value=11/18,sp|P40926|MDHM_HUMAN,/core/www/modules//consensus/?run_id=110202&search_id=114132&scans_id=110198&peptide_id=14286&scanf=22769&charge=2&value=sp|P40926|MDHM_HUMAN,1,/core/www/modules/match_peptides/blast_html4.php?run_id=110202&search_id=114132&scans_id=110198&peptide_id=14286&scanf=22769&charge=2&value=1,K.M*ISDAIPELK.A,/core/www/modules/show_out/show_out_wrapper.php?run_id=110202&search_id=114132&scans_id=110198&peptide_id=14286&scanf=22769&charge=2&value=K.M*ISDAIPELK.A,MDH2,1.125e+7,3.044,0.003,2.473,0.000
22770,2,"  1.589","  0.273",8/14,/core/www/modules//sdig/index.php?run_id=110202&search_id=114132&scans_id=110198&peptide_id=14288&scanf=22770&charge=2&value=8/14,sp|Q9BTD8|RBM42_HUMAN,/core/www/modules//consensus/?run_id=110202&search_id=114132&scans_id=110198&peptide_id=14288&scanf=22770&charge=2&value=sp|Q9BTD8|RBM42_HUMAN,3,/core/www/modules/match_peptides/blast_html4.php?run_id=110202&search_id=114132&scans_id=110198&peptide_id=14288&scanf=22770&charge=2&value=3,K.GYGFVSFK.D,/core/www/modules/show_out/show_out_wrapper.php?run_id=110202&search_id=114132&scans_id=110198&peptide_id=14288&scanf=22770&charge=2&value=K.GYGFVSFK.D,RBM42,7.362e+6,2.468,0.024,1.627,0.001
22771,2,"  3.406","  0.559",16/32,/core/www/modules//sdig/index.php?run_id=110202&search_id=114132&scans_id=110198&peptide_id=14289&scanf=22771&charge=2&value=16/32,sp|P07199|CENPB_HUMAN,/core/www/modules//consensus/?run_id=110202&search_id=114132&scans_id=110198&peptide_id=14289&scanf=22771&charge=2&value=sp|P07199|CENPB_HUMAN,0,/core/www/modules/match_peptides/blast_html4.php?run_id=110202&search_id=114132&scans_id=110198&peptide_id=14289&scanf=22771&charge=2&value=0,R.EAGFGGGPNATITTSLK.S,/core/www/modules/show_out/show_out_wrapper.php?run_id=110202&search_id=114132&scans_id=110198&peptide_id=14289&scanf=22771&charge=2&value=R.EAGFGGGPNATITTSLK.S,CENPB,9.800e+6,3.120,0.003,2.586,0.000
22773,3,"  3.856","  0.544",15/68,/core/www/modules//sdig/index.php?run_id=110202&search_id=114132&scans_id=110198&peptide_id=14291&scanf=22773&charge=3&value=15/68,sp|Q14566|MCM6_HUMAN,/core/www/modules//consensus/?run_id=110202&search_id=114132&scans_id=110198&peptide_id=14291&scanf=22773&charge=3&value=sp|Q14566|MCM6_HUMAN,0,/core/www/modules/match_peptides/blast_html4.php?run_id=110202&search_id=114132&scans_id=110198&peptide_id=14291&scanf=22773&charge=3&value=0,R.DQVAIHEAMEQQTISITK.A,/core/www/modules/show_out/show_out_wrapper.php?run_id=110202&search_id=114132&scans_id=110198&peptide_id=14291&scanf=22773&charge=3&value=R.DQVAIHEAMEQQTISITK.A,MCM6,1.032e+7,3.115,0.003,2.578,0.000
22774,4,"  4.904","  0.482",16/102,/core/www/modules//sdig/index.php?run_id=110202&search_id=114132&scans_id=110198&peptide_id=14292&scanf=22774&charge=4&value=16/102,sp|O95239|KIF4A_HUMAN,/core/www/modules//consensus/?run_id=110202&search_id=114132&scans_id=110198&peptide_id=14292&scanf=22774&charge=4&value=sp|O95239|KIF4A_HUMAN,0,/core/www/modules/match_peptides/blast_html4.php?run_id=110202&search_id=114132&scans_id=110198&peptide_id=14292&scanf=22774&charge=4&value=0,K.NKPIVNIDPQTAELNHLK.Q,/core/www/modules/show_out/show_out_wrapper.php?run_id=110202&search_id=114132&scans_id=110198&peptide_id=14292&scanf=22774&charge=4&value=K.NKPIVNIDPQTAELNHLK.Q,KIF4A,9.900e+6,3.279,0.002,2.820,0.000
22775,2,"  4.137","  0.621",16/32,/core/www/modules//sdig/index.php?run_id=110202&search_id=114132&scans_id=110198&peptide_id=14293&scanf=22775&charge=2&value=16/32,sp|Q96HW7|INT4_HUMAN,/core/www/modules//consensus/?run_id=110202&search_id=114132&scans_id=110198&peptide_id=14293&scanf=22775&charge=2&value=sp|Q96HW7|INT4_HUMAN,9,/core/www/modules/match_peptides/blast_html4.php?run_id=110202&search_id=114132&scans_id=110198&peptide_id=14293&scanf=22775&charge=2&value=9,K.ASATIIEPAGESDNPLR.F,/core/www/modules/show_out/show_out_wrapper.php?run_id=110202&search_id=114132&scans_id=110198&peptide_id=14293&scanf=22775&charge=2&value=K.ASATIIEPAGESDNPLR.F,INTS4,3.831e+6,3.378,0.001,2.967,0.000
22776,2,"  1.869","  0.161",7/12,/core/www/modules//sdig/index.php?run_id=110202&search_id=114132&scans_id=110198&peptide_id=14294&scanf=22776&charge=2&value=7/12,sp|O60493|SNX3_HUMAN,/core/www/modules//consensus/?run_id=110202&search_id=114132&scans_id=110198&peptide_id=14294&scanf=22776&charge=2&value=sp|O60493|SNX3_HUMAN,2,/core/www/modules/match_peptides/blast_html4.php?run_id=110202&search_id=114132&scans_id=110198&peptide_id=14294&scanf=22776&charge=2&value=2,K.TNLPIFK.L,/core/www/modules/show_out/show_out_wrapper.php?run_id=110202&search_id=114132&scans_id=110198&peptide_id=14294&scanf=22776&charge=2&value=K.TNLPIFK.L,SNX3,1.108e+7,2.162,0.064,1.192,0.002
22778,2,"  4.114","  0.644",18/26,/core/www/modules//sdig/index.php?run_id=110202&search_id=114132&scans_id=110198&peptide_id=14296&scanf=22778&charge=2&value=18/26,sp|Q9UKL0|RCOR1_HUMAN,/core/www/modules//consensus/?run_id=110202&search_id=114132&scans_id=110198&peptide_id=14296&scanf=22778&charge=2&value=sp|Q9UKL0|RCOR1_HUMAN,0,/core/www/modules/match_peptides/blast_html4.php?run_id=110202&search_id=114132&scans_id=110198&peptide_id=14296&scanf=22778&charge=2&value=0,K.MPEEEDEAPVLDVR.Y,/core/www/modules/show_out/show_out_wrapper.php?run_id=110202&search_id=114132&scans_id=110198&peptide_id=14296&scanf=22778&charge=2&value=K.MPEEEDEAPVLDVR.Y,RCOR1,2.498e+6,3.775,0.000,3.555,0.000
22781,2,"  2.067","  0.599",12/22,/core/www/modules//sdig/index.php?run_id=110202&search_id=114132&scans_id=110198&peptide_id=14300&scanf=22781&charge=2&value=12/22,sp|Q8WUZ0|BCL7C_HUMAN,/core/www/modules//consensus/?run_id=110202&search_id=114132&scans_id=110198&peptide_id=14300&scanf=22781&charge=2&value=sp|Q8WUZ0|BCL7C_HUMAN,1,/core/www/modules/match_peptides/blast_html4.php?run_id=110202&search_id=114132&scans_id=110198&peptide_id=14300&scanf=22781&charge=2&value=1,K.WVPVVDPQEEER.R,/core/www/modules/show_out/show_out_wrapper.php?run_id=110202&search_id=114132&scans_id=110198&peptide_id=14300&scanf=22781&charge=2&value=K.WVPVVDPQEEER.R,BCL7C,1.821e+7,3.392,0.001,2.987,0.000
22782,2,"  2.041","  0.382",8/16,/core/www/modules//sdig/index.php?run_id=110202&search_id=114132&scans_id=110198&peptide_id=14301&scanf=22782&charge=2&value=8/16,sp|O43708|MAAI_HUMAN,/core/www/modules//consensus/?run_id=110202&search_id=114132&scans_id=110198&peptide_id=14301&scanf=22782&charge=2&value=sp|O43708|MAAI_HUMAN,4,/core/www/modules/match_peptides/blast_html4.php?run_id=110202&search_id=114132&scans_id=110198&peptide_id=14301&scanf=22782&charge=2&value=4,K.DFQALNPMK.Q,/core/www/modules/show_out/show_out_wrapper.php?run_id=110202&search_id=114132&scans_id=110198&peptide_id=14301&scanf=22782&charge=2&value=K.DFQALNPMK.Q,GSTZ1,4.568e+6,2.656,0.013,1.901,0.000
22785,2,"  2.764","  0.612",13/22,/core/www/modules//sdig/index.php?run_id=110202&search_id=114132&scans_id=110198&peptide_id=14304&scanf=22785&charge=2&value=13/22,sp|Q13547|HDAC1_HUMAN,/core/www/modules//consensus/?run_id=110202&search_id=114132&scans_id=110198&peptide_id=14304&scanf=22785&charge=2&value=sp|Q13547|HDAC1_HUMAN,2,/core/www/modules/match_peptides/blast_html4.php?run_id=110202&search_id=114132&scans_id=110198&peptide_id=14304&scanf=22785&charge=2&value=2,K.YGEYFPGTGDLR.D,/core/www/modules/show_out/show_out_wrapper.php?run_id=110202&search_id=114132&scans_id=110198&peptide_id=14304&scanf=22785&charge=2&value=K.YGEYFPGTGDLR.D,HDAC1,5.285e+7,3.590,0.001,3.282,0.000
22790,2,"  2.343","  0.570",11/20,/core/www/modules//sdig/index.php?run_id=110202&search_id=114132&scans_id=110198&peptide_id=14309&scanf=22790&charge=2&value=11/20,sp|O94776|MTA2_HUMAN,/core/www/modules//consensus/?run_id=110202&search_id=114132&scans_id=110198&peptide_id=14309&scanf=22790&charge=2&value=sp|O94776|MTA2_HUMAN,0,/core/www/modules/match_peptides/blast_html4.php?run_id=110202&search_id=114132&scans_id=110198&peptide_id=14309&scanf=22790&charge=2&value=0,K.VWDPDNPLTDR.Q,/core/www/modules/show_out/show_out_wrapper.php?run_id=110202&search_id=114132&scans_id=110198&peptide_id=14309&scanf=22790&charge=2&value=K.VWDPDNPLTDR.Q,MTA2,1.945e+7,3.413,0.001,3.020,0.000
22791,2,"  2.901","  0.565",10/22,/core/www/modules//sdig/index.php?run_id=110202&search_id=114132&scans_id=110198&peptide_id=14310&scanf=22791&charge=2&value=10/22,sp|Q9BQG0|MBB1A_HUMAN,/core/www/modules//consensus/?run_id=110202&search_id=114132&scans_id=110198&peptide_id=14310&scanf=22791&charge=2&value=sp|Q9BQG0|MBB1A_HUMAN,2,/core/www/modules/match_peptides/blast_html4.php?run_id=110202&search_id=114132&scans_id=110198&peptide_id=14310&scanf=22791&charge=2&value=2,K.HPFSFPLENQAR.E,/core/www/modules/show_out/show_out_wrapper.php?run_id=110202&search_id=114132&scans_id=110198&peptide_id=14310&scanf=22791&charge=2&value=K.HPFSFPLENQAR.E,MYBBP1A,1.977e+7,3.383,0.001,2.975,0.000
22792,2,"  5.215","  0.732",21/26,/core/www/modules//sdig/index.php?run_id=110202&search_id=114132&scans_id=110198&peptide_id=14311&scanf=22792&charge=2&value=21/26,sp|P36873|PP1G_HUMAN,/core/www/modules//consensus/?run_id=110202&search_id=114132&scans_id=110198&peptide_id=14311&scanf=22792&charge=2&value=sp|P36873|PP1G_HUMAN,9,/core/www/modules/match_peptides/blast_html4.php?run_id=110202&search_id=114132&scans_id=110198&peptide_id=14311&scanf=22792&charge=2&value=9,R.AHQVVEDGYEFFAK.R,/core/www/modules/show_out/show_out_wrapper.php?run_id=110202&search_id=114132&scans_id=110198&peptide_id=14311&scanf=22792&charge=2&value=R.AHQVVEDGYEFFAK.R,PPP1CC,1.829e+7,4.267,0.000,4.286,0.000
22795,2,"  3.566","  0.473",11/22,/core/www/modules//sdig/index.php?run_id=110202&search_id=114132&scans_id=110198&peptide_id=14314&scanf=22795&charge=2&value=11/22,sp|P53675|CLH2_HUMAN,/core/www/modules//consensus/?run_id=110202&search_id=114132&scans_id=110198&peptide_id=14314&scanf=22795&charge=2&value=sp|P53675|CLH2_HUMAN,10,/core/www/modules/match_peptides/blast_html4.php?run_id=110202&search_id=114132&scans_id=110198&peptide_id=14314&scanf=22795&charge=2&value=10,R.VVGAMQLYSVDR.K,/core/www/modules/show_out/show_out_wrapper.php?run_id=110202&search_id=114132&scans_id=110198&peptide_id=14314&scanf=22795&charge=2&value=R.VVGAMQLYSVDR.K,CLTCL1,1.803e+7,3.013,0.004,2.428,0.000
22796,4,"  2.889","  0.341",19/102,/core/www/modules//sdig/index.php?run_id=110202&search_id=114132&scans_id=110198&peptide_id=14315&scanf=22796&charge=4&value=19/102,sp|Q9Y262|EIF3L_HUMAN,/core/www/modules//consensus/?run_id=110202&search_id=114132&scans_id=110198&peptide_id=14315&scanf=22796&charge=4&value=sp|Q9Y262|EIF3L_HUMAN,2,/core/www/modules/match_peptides/blast_html4.php?run_id=110202&search_id=114132&scans_id=110198&peptide_id=14315&scanf=22796&charge=4&value=2,K.FLSPVVPNYDNVHPNYHK.E,/core/www/modules/show_out/show_out_wrapper.php?run_id=110202&search_id=114132&scans_id=110198&peptide_id=14315&scanf=22796&charge=4&value=K.FLSPVVPNYDNVHPNYHK.E,EIF3L,8.984e+6,2.839,0.007,2.171,0.000
22797,2,"  3.448","  0.608",13/28,/core/www/modules//sdig/index.php?run_id=110202&search_id=114132&scans_id=110198&peptide_id=14316&scanf=22797&charge=2&value=13/28,sp|P21333|FLNA_HUMAN,/core/www/modules//consensus/?run_id=110202&search_id=114132&scans_id=110198&peptide_id=14316&scanf=22797&charge=2&value=sp|P21333|FLNA_HUMAN,2,/core/www/modules/match_peptides/blast_html4.php?run_id=110202&search_id=114132&scans_id=110198&peptide_id=14316&scanf=22797&charge=2&value=2,K.VNQPASFAVSLNGAK.G,/core/www/modules/show_out/show_out_wrapper.php?run_id=110202&search_id=114132&scans_id=110198&peptide_id=14316&scanf=22797&charge=2&value=K.VNQPASFAVSLNGAK.G,FLNA,5.738e+6,3.443,0.001,3.063,0.000
22798,4,"  4.307","  0.550",14/144,/core/www/modules//sdig/index.php?run_id=110202&search_id=114132&scans_id=110198&peptide_id=14317&scanf=22798&charge=4&value=14/144,sp|Q14315|FLNC_HUMAN,/core/www/modules//consensus/?run_id=110202&search_id=114132&scans_id=110198&peptide_id=14317&scanf=22798&charge=4&value=sp|Q14315|FLNC_HUMAN,0,/core/www/modules/match_peptides/blast_html4.php?run_id=110202&search_id=114132&scans_id=110198&peptide_id=14317&scanf=22798&charge=4&value=0,R.HVSAYGPGLSHGMVNKPATFTIVTK.D,/core/www/modules/show_out/show_out_wrapper.php?run_id=110202&search_id=114132&scans_id=110198&peptide_id=14317&scanf=22798&charge=4&value=R.HVSAYGPGLSHGMVNKPATFTIVTK.D,FLNC,7.056e+6,3.301,0.001,2.853,0.000
22804,3,"  6.182","  0.660",17/68,/core/www/modules//sdig/index.php?run_id=110202&search_id=114132&scans_id=110198&peptide_id=14323&scanf=22804&charge=3&value=17/68,sp|Q14566|MCM6_HUMAN,/core/www/modules//consensus/?run_id=110202&search_id=114132&scans_id=110198&peptide_id=14323&scanf=22804&charge=3&value=sp|Q14566|MCM6_HUMAN,0,/core/www/modules/match_peptides/blast_html4.php?run_id=110202&search_id=114132&scans_id=110198&peptide_id=14323&scanf=22804&charge=3&value=0,R.DQVAIHEAMEQQTISITK.A,/core/www/modules/show_out/show_out_wrapper.php?run_id=110202&search_id=114132&scans_id=110198&peptide_id=14323&scanf=22804&charge=3&value=R.DQVAIHEAMEQQTISITK.A,MCM6,1.032e+7,3.712,0.000,3.463,0.000
22805,3,"  2.424","  0.371",11/48,/core/www/modules//sdig/index.php?run_id=110202&search_id=114132&scans_id=110198&peptide_id=14324&scanf=22805&charge=3&value=11/48,sp|P54577|SYYC_HUMAN,/core/www/modules//consensus/?run_id=110202&search_id=114132&scans_id=110198&peptide_id=14324&scanf=22805&charge=3&value=sp|P54577|SYYC_HUMAN,1,/core/www/modules/match_peptides/blast_html4.php?run_id=110202&search_id=114132&scans_id=110198&peptide_id=14324&scanf=22805&charge=3&value=1,K.DFAAEVVHPGDLK.N,/core/www/modules/show_out/show_out_wrapper.php?run_id=110202&search_id=114132&scans_id=110198&peptide_id=14324&scanf=22805&charge=3&value=K.DFAAEVVHPGDLK.N,YARS1,5.252e+6,2.661,0.012,1.909,0.000
22806,3,"  2.035","  0.233",9/36,/core/www/modules//sdig/index.php?run_id=110202&search_id=114132&scans_id=110198&peptide_id=14325&scanf=22806&charge=3&value=9/36,sp|P46940|IQGA1_HUMAN,/core/www/modules//consensus/?run_id=110202&search_id=114132&scans_id=110198&peptide_id=14325&scanf=22806&charge=3&value=sp|P46940|IQGA1_HUMAN,2,/core/www/modules/match_peptides/blast_html4.php?run_id=110202&search_id=114132&scans_id=110198&peptide_id=14325&scanf=22806&charge=3&value=2,K.MREEVITLIR.S,/core/www/modules/show_out/show_out_wrapper.php?run_id=110202&search_id=114132&scans_id=110198&peptide_id=14325&scanf=22806&charge=3&value=K.MREEVITLIR.S,IQGAP1,4.308e+6,2.104,0.077,1.112,0.003
22809,2,"  2.851","  0.306",12/24,/core/www/modules//sdig/index.php?run_id=110202&search_id=114132&scans_id=110198&peptide_id=14328&scanf=22809&charge=2&value=12/24,sp|Q16822|PCKGM_HUMAN,/core/www/modules//consensus/?run_id=110202&search_id=114132&scans_id=110198&peptide_id=14328&scanf=22809&charge=2&value=sp|Q16822|PCKGM_HUMAN,1,/core/www/modules/match_peptides/blast_html4.php?run_id=110202&search_id=114132&scans_id=110198&peptide_id=14328&scanf=22809&charge=2&value=1,R.SYLTEQVNQDLPK.E,/core/www/modules/show_out/show_out_wrapper.php?run_id=110202&search_id=114132&scans_id=110198&peptide_id=14328&scanf=22809&charge=2&value=R.SYLTEQVNQDLPK.E,PCK2,9.250e+6,2.253,0.048,1.319,0.002
22811,2,"  2.468","  0.531",12/18,/core/www/modules//sdig/index.php?run_id=110202&search_id=114132&scans_id=110198&peptide_id=14330&scanf=22811&charge=2&value=12/18,sp|P41252|SYIC_HUMAN,/core/www/modules//consensus/?run_id=110202&search_id=114132&scans_id=110198&peptide_id=14330&scanf=22811&charge=2&value=sp|P41252|SYIC_HUMAN,5,/core/www/modules/match_peptides/blast_html4.php?run_id=110202&search_id=114132&scans_id=110198&peptide_id=14330&scanf=22811&charge=2&value=5,K.GSELEITLTR.G,/core/www/modules/show_out/show_out_wrapper.php?run_id=110202&search_id=114132&scans_id=110198&peptide_id=14330&scanf=22811&charge=2&value=K.GSELEITLTR.G,IARS1,1.397e+7,3.515,0.001,3.171,0.000
22813,2,"  2.135","  0.465",11/16,/core/www/modules//sdig/index.php?run_id=110202&search_id=114132&scans_id=110198&peptide_id=14332&scanf=22813&charge=2&value=11/16,sp|Q9BZJ0|CRNL1_HUMAN,/core/www/modules//consensus/?run_id=110202&search_id=114132&scans_id=110198&peptide_id=14332&scanf=22813&charge=2&value=sp|Q9BZJ0|CRNL1_HUMAN,1,/core/www/modules/match_peptides/blast_html4.php?run_id=110202&search_id=114132&scans_id=110198&peptide_id=14332&scanf=22813&charge=2&value=1,R.GIEDIIVSK.R,/core/www/modules/show_out/show_out_wrapper.php?run_id=110202&search_id=114132&scans_id=110198&peptide_id=14332&scanf=22813&charge=2&value=R.GIEDIIVSK.R,CRNKL1,4.826e+7,3.282,0.001,2.826,0.000
22814,3,"  5.849","  0.581",23/80,/core/www/modules//sdig/index.php?run_id=110202&search_id=114132&scans_id=110198&peptide_id=14333&scanf=22814&charge=3&value=23/80,sp|A6NHR9|SMHD1_HUMAN,/core/www/modules//consensus/?run_id=110202&search_id=114132&scans_id=110198&peptide_id=14333&scanf=22814&charge=3&value=sp|A6NHR9|SMHD1_HUMAN,3,/core/www/modules/match_peptides/blast_html4.php?run_id=110202&search_id=114132&scans_id=110198&peptide_id=14333&scanf=22814&charge=3&value=3,K.LQVVLNESNADTYAGRPLPSK.A,/core/www/modules/show_out/show_out_wrapper.php?run_id=110202&search_id=114132&scans_id=110198&peptide_id=14333&scanf=22814&charge=3&value=K.LQVVLNESNADTYAGRPLPSK.A,SMCHD1,1.099e+7,3.574,0.001,3.257,0.000
22815,2,"  2.548","  0.512",13/20,/core/www/modules//sdig/index.php?run_id=110202&search_id=114132&scans_id=110198&peptide_id=14334&scanf=22815&charge=2&value=13/20,sp|P52701|MSH6_HUMAN,/core/www/modules//consensus/?run_id=110202&search_id=114132&scans_id=110198&peptide_id=14334&scanf=22815&charge=2&value=sp|P52701|MSH6_HUMAN,4,/core/www/modules/match_peptides/blast_html4.php?run_id=110202&search_id=114132&scans_id=110198&peptide_id=14334&scanf=22815&charge=2&value=4,R.LANLPEEVIQK.G,/core/www/modules/show_out/show_out_wrapper.php?run_id=110202&search_id=114132&scans_id=110198&peptide_id=14334&scanf=22815&charge=2&value=R.LANLPEEVIQK.G,MSH6,2.017e+7,3.403,0.001,3.005,0.000
22816,2,"  1.867","  0.397",10/16,/core/www/modules//sdig/index.php?run_id=110202&search_id=114132&scans_id=110198&peptide_id=14335&scanf=22816&charge=2&value=10/16,sp|Q00610|CLH1_HUMAN,/core/www/modules//consensus/?run_id=110202&search_id=114132&scans_id=110198&peptide_id=14335&scanf=22816&charge=2&value=sp|Q00610|CLH1_HUMAN,7,/core/www/modules/match_peptides/blast_html4.php?run_id=110202&search_id=114132&scans_id=110198&peptide_id=14335&scanf=22816&charge=2&value=7,K.HDVVFLITK.Y,/core/www/modules/show_out/show_out_wrapper.php?run_id=110202&search_id=114132&scans_id=110198&peptide_id=14335&scanf=22816&charge=2&value=K.HDVVFLITK.Y,CLTC,7.028e+6,2.869,0.006,2.214,0.000
22818,2,"  2.196","  0.447",9/14,/core/www/modules//sdig/index.php?run_id=110202&search_id=114132&scans_id=110198&peptide_id=14337&scanf=22818&charge=2&value=9/14,sp|Q8N8A6|DDX51_HUMAN,/core/www/modules//consensus/?run_id=110202&search_id=114132&scans_id=110198&peptide_id=14337&scanf=22818&charge=2&value=sp|Q8N8A6|DDX51_HUMAN,0,/core/www/modules/match_peptides/blast_html4.php?run_id=110202&search_id=114132&scans_id=110198&peptide_id=14337&scanf=22818&charge=2&value=0,K.LLQPLVPR.Y,/core/www/modules/show_out/show_out_wrapper.php?run_id=110202&search_id=114132&scans_id=110198&peptide_id=14337&scanf=22818&charge=2&value=K.LLQPLVPR.Y,DDX51,1.799e+7,3.206,0.002,2.712,0.000
22820,3,"  2.561","  0.224",9/60,/core/www/modules//sdig/index.php?run_id=110202&search_id=114132&scans_id=110198&peptide_id=14340&scanf=22820&charge=3&value=9/60,sp|Q15149|PLEC_HUMAN,/core/www/modules//consensus/?run_id=110202&search_id=114132&scans_id=110198&peptide_id=14340&scanf=22820&charge=3&value=sp|Q15149|PLEC_HUMAN,0,/core/www/modules/match_peptides/blast_html4.php?run_id=110202&search_id=114132&scans_id=110198&peptide_id=14340&scanf=22820&charge=3&value=0,R.SLHPHVPGVTNLQVMR.A,/core/www/modules/show_out/show_out_wrapper.php?run_id=110202&search_id=114132&scans_id=110198&peptide_id=14340&scanf=22820&charge=3&value=R.SLHPHVPGVTNLQVMR.A,PLEC,6.196e+7,2.418,0.028,1.555,0.001
22824,3,"  4.675","  0.598",19/64,/core/www/modules//sdig/index.php?run_id=110202&search_id=114132&scans_id=110198&peptide_id=14344&scanf=22824&charge=3&value=19/64,sp|Q15149|PLEC_HUMAN,/core/www/modules//consensus/?run_id=110202&search_id=114132&scans_id=110198&peptide_id=14344&scanf=22824&charge=3&value=sp|Q15149|PLEC_HUMAN,5,/core/www/modules/match_peptides/blast_html4.php?run_id=110202&search_id=114132&scans_id=110198&peptide_id=14344&scanf=22824&charge=3&value=5,K.AGVVGPELHEQLLSAEK.A,/core/www/modules/show_out/show_out_wrapper.php?run_id=110202&search_id=114132&scans_id=110198&peptide_id=14344&scanf=22824&charge=3&value=K.AGVVGPELHEQLLSAEK.A,PLEC,3.647e+7,4.024,0.000,3.925,0.000
22825,2,"  2.720","  0.426",8/18,/core/www/modules//sdig/index.php?run_id=110202&search_id=114132&scans_id=110198&peptide_id=14345&scanf=22825&charge=2&value=8/18,sp|Q8NI27|THOC2_HUMAN,/core/www/modules//consensus/?run_id=110202&search_id=114132&scans_id=110198&peptide_id=14345&scanf=22825&charge=2&value=sp|Q8NI27|THOC2_HUMAN,1,/core/www/modules/match_peptides/blast_html4.php?run_id=110202&search_id=114132&scans_id=110198&peptide_id=14345&scanf=22825&charge=2&value=1,K.LTMVVLSSEK.M,/core/www/modules/show_out/show_out_wrapper.php?run_id=110202&search_id=114132&scans_id=110198&peptide_id=14345&scanf=22825&charge=2&value=K.LTMVVLSSEK.M,THOC2,3.909e+6,2.701,0.011,1.967,0.000
22827,2,"  3.880","  0.705",16/24,/core/www/modules//sdig/index.php?run_id=110202&search_id=114132&scans_id=110198&peptide_id=14347&scanf=22827&charge=2&value=16/24,sp|P63092|GNAS2_HUMAN,/core/www/modules//consensus/?run_id=110202&search_id=114132&scans_id=110198&peptide_id=14347&scanf=22827&charge=2&value=sp|P63092|GNAS2_HUMAN,11,/core/www/modules/match_peptides/blast_html4.php?run_id=110202&search_id=114132&scans_id=110198&peptide_id=14347&scanf=22827&charge=2&value=11,K.QADYVPSDQDLLR.C,/core/www/modules/show_out/show_out_wrapper.php?run_id=110202&search_id=114132&scans_id=110198&peptide_id=14347&scanf=22827&charge=2&value=K.QADYVPSDQDLLR.C,GNAS,4.711e+6,3.954,0.000,3.821,0.000
22830,2,"  1.276","  0.075",7/12,/core/www/modules//sdig/index.php?run_id=110202&search_id=114132&scans_id=110198&peptide_id=14351&scanf=22830&charge=2&value=7/12,sp|P52789|HXK2_HUMAN,/core/www/modules//consensus/?run_id=110202&search_id=114132&scans_id=110198&peptide_id=14351&scanf=22830&charge=2&value=sp|P52789|HXK2_HUMAN,1,/core/www/modules/match_peptides/blast_html4.php?run_id=110202&search_id=114132&scans_id=110198&peptide_id=14351&scanf=22830&charge=2&value=1,R.DVVALIR.K,/core/www/modules/show_out/show_out_wrapper.php?run_id=110202&search_id=114132&scans_id=110198&peptide_id=14351&scanf=22830&charge=2&value=R.DVVALIR.K,HK2,3.307e+6,1.884,0.150,0.823,0.008
22832,2,"  2.130","  0.562",10/16,/core/www/modules//sdig/index.php?run_id=110202&search_id=114132&scans_id=110198&peptide_id=14352&scanf=22832&charge=2&value=10/16,sp|P61353|RL27_HUMAN,/core/www/modules//consensus/?run_id=110202&search_id=114132&scans_id=110198&peptide_id=14352&scanf=22832&charge=2&value=sp|P61353|RL27_HUMAN,1,/core/www/modules/match_peptides/blast_html4.php?run_id=110202&search_id=114132&scans_id=110198&peptide_id=14352&scanf=22832&charge=2&value=1,R.YSVDIPLDK.T,/core/www/modules/show_out/show_out_wrapper.php?run_id=110202&search_id=114132&scans_id=110198&peptide_id=14352&scanf=22832&charge=2&value=R.YSVDIPLDK.T,RPL27,4.123e+8,3.445,0.001,3.067,0.000
22836,2,"  2.092","  0.482",8/12,/core/www/modules//sdig/index.php?run_id=110202&search_id=114132&scans_id=110198&peptide_id=14356&scanf=22836&charge=2&value=8/12,sp|P50990|TCPQ_HUMAN,/core/www/modules//consensus/?run_id=110202&search_id=114132&scans_id=110198&peptide_id=14356&scanf=22836&charge=2&value=sp|P50990|TCPQ_HUMAN,1,/core/www/modules/match_peptides/blast_html4.php?run_id=110202&search_id=114132&scans_id=110198&peptide_id=14356&scanf=22836&charge=2&value=1,K.YNIMLVR.L,/core/www/modules/show_out/show_out_wrapper.php?run_id=110202&search_id=114132&scans_id=110198&peptide_id=14356&scanf=22836&charge=2&value=K.YNIMLVR.L,CCT8,4.978e+7,3.434,0.001,3.051,0.000
22842,2,"  1.837","  0.334",11/26,/core/www/modules//sdig/index.php?run_id=110202&search_id=114132&scans_id=110198&peptide_id=14363&scanf=22842&charge=2&value=11/26,sp|Q8N7H5|PAF1_HUMAN,/core/www/modules//consensus/?run_id=110202&search_id=114132&scans_id=110198&peptide_id=14363&scanf=22842&charge=2&value=sp|Q8N7H5|PAF1_HUMAN,0,/core/www/modules/match_peptides/blast_html4.php?run_id=110202&search_id=114132&scans_id=110198&peptide_id=14363&scanf=22842&charge=2&value=0,K.AGVQSGTNALLVVK.H,/core/www/modules/show_out/show_out_wrapper.php?run_id=110202&search_id=114132&scans_id=110198&peptide_id=14363&scanf=22842&charge=2&value=K.AGVQSGTNALLVVK.H,PAF1,6.405e+6,2.271,0.045,1.346,0.002
22843,2,"  4.487","  0.616",16/30,/core/www/modules//sdig/index.php?run_id=110202&search_id=114132&scans_id=110198&peptide_id=14364&scanf=22843&charge=2&value=16/30,sp|O43491|E41L2_HUMAN,/core/www/modules//consensus/?run_id=110202&search_id=114132&scans_id=110198&peptide_id=14364&scanf=22843&charge=2&value=sp|O43491|E41L2_HUMAN,4,/core/www/modules/match_peptides/blast_html4.php?run_id=110202&search_id=114132&scans_id=110198&peptide_id=14364&scanf=22843&charge=2&value=4,R.GLSPAQADSQFLENAK.R,/core/www/modules/show_out/show_out_wrapper.php?run_id=110202&search_id=114132&scans_id=110198&peptide_id=14364&scanf=22843&charge=2&value=R.GLSPAQADSQFLENAK.R,EPB41L2,1.219e+7,3.344,0.001,2.918,0.000
22845,2,"  1.599","  0.153",8/16,/core/www/modules//sdig/index.php?run_id=110202&search_id=114132&scans_id=110198&peptide_id=14366&scanf=22845&charge=2&value=8/16,sp|Q9NU22|MDN1_HUMAN,/core/www/modules//consensus/?run_id=110202&search_id=114132&scans_id=110198&peptide_id=14366&scanf=22845&charge=2&value=sp|Q9NU22|MDN1_HUMAN,0,/core/www/modules/match_peptides/blast_html4.php?run_id=110202&search_id=114132&scans_id=110198&peptide_id=14366&scanf=22845&charge=2&value=0,K.AMADFTTWK.T,/core/www/modules/show_out/show_out_wrapper.php?run_id=110202&search_id=114132&scans_id=110198&peptide_id=14366&scanf=22845&charge=2&value=K.AMADFTTWK.T,MDN1,5.789e+6,1.890,0.148,0.830,0.007
22847,2,"  2.776","  0.536",16/22,/core/www/modules//sdig/index.php?run_id=110202&search_id=114132&scans_id=110198&peptide_id=14368&scanf=22847&charge=2&value=16/22,sp|Q13330|MTA1_HUMAN,/core/www/modules//consensus/?run_id=110202&search_id=114132&scans_id=110198&peptide_id=14368&scanf=22847&charge=2&value=sp|Q13330|MTA1_HUMAN,3,/core/www/modules/match_peptides/blast_html4.php?run_id=110202&search_id=114132&scans_id=110198&peptide_id=14368&scanf=22847&charge=2&value=3,R.LPEASQSPLVLK.Q,/core/www/modules/show_out/show_out_wrapper.php?run_id=110202&search_id=114132&scans_id=110198&peptide_id=14368&scanf=22847&charge=2&value=R.LPEASQSPLVLK.Q,MTA1,3.087e+7,3.394,0.001,2.991,0.000
22849,4,"  5.420","  0.637",19/84,/core/www/modules//sdig/index.php?run_id=110202&search_id=114132&scans_id=110198&peptide_id=14370&scanf=22849&charge=4&value=19/84,sp|P08238|HS90B_HUMAN,/core/www/modules//consensus/?run_id=110202&search_id=114132&scans_id=110198&peptide_id=14370&scanf=22849&charge=4&value=sp|P08238|HS90B_HUMAN,0,/core/www/modules/match_peptides/blast_html4.php?run_id=110202&search_id=114132&scans_id=110198&peptide_id=14370&scanf=22849&charge=4&value=0,K.HLEINPDHPIVETLR.Q,/core/www/modules/show_out/show_out_wrapper.php?run_id=110202&search_id=114132&scans_id=110198&peptide_id=14370&scanf=22849&charge=4&value=K.HLEINPDHPIVETLR.Q,HSP90AB1,4.456e+7,4.137,0.000,4.093,0.000
22850,3,"  3.591","  0.582",13/44,/core/www/modules//sdig/index.php?run_id=110202&search_id=114132&scans_id=110198&peptide_id=14372&scanf=22850&charge=3&value=13/44,sp|Q92674|CENPI_HUMAN,/core/www/modules//consensus/?run_id=110202&search_id=114132&scans_id=110198&peptide_id=14372&scanf=22850&charge=3&value=sp|Q92674|CENPI_HUMAN,1,/core/www/modules/match_peptides/blast_html4.php?run_id=110202&search_id=114132&scans_id=110198&peptide_id=14372&scanf=22850&charge=3&value=1,K.LMLGPANVRPLK.R,/core/www/modules/show_out/show_out_wrapper.php?run_id=110202&search_id=114132&scans_id=110198&peptide_id=14372&scanf=22850&charge=3&value=K.LMLGPANVRPLK.R,CENPI,3.547e+6,3.487,0.001,3.128,0.000
22853,3,"  6.021","  0.689",26/56,/core/www/modules//sdig/index.php?run_id=110202&search_id=114132&scans_id=110198&peptide_id=14374&scanf=22853&charge=3&value=26/56,sp|P08238|HS90B_HUMAN,/core/www/modules//consensus/?run_id=110202&search_id=114132&scans_id=110198&peptide_id=14374&scanf=22853&charge=3&value=sp|P08238|HS90B_HUMAN,0,/core/www/modules/match_peptides/blast_html4.php?run_id=110202&search_id=114132&scans_id=110198&peptide_id=14374&scanf=22853&charge=3&value=0,K.HLEINPDHPIVETLR.Q,/core/www/modules/show_out/show_out_wrapper.php?run_id=110202&search_id=114132&scans_id=110198&peptide_id=14374&scanf=22853&charge=3&value=K.HLEINPDHPIVETLR.Q,HSP90AB1,1.109e+8,4.223,0.000,4.219,0.000
22854,3,"  2.897","  0.486",15/40,/core/www/modules//sdig/index.php?run_id=110202&search_id=114132&scans_id=110198&peptide_id=14375&scanf=22854&charge=3&value=15/40,sp|O00231|PSD11_HUMAN,/core/www/modules//consensus/?run_id=110202&search_id=114132&scans_id=110198&peptide_id=14375&scanf=22854&charge=3&value=sp|O00231|PSD11_HUMAN,0,/core/www/modules/match_peptides/blast_html4.php?run_id=110202&search_id=114132&scans_id=110198&peptide_id=14375&scanf=22854&charge=3&value=0,R.VQIEHISSLIK.L,/core/www/modules/show_out/show_out_wrapper.php?run_id=110202&search_id=114132&scans_id=110198&peptide_id=14375&scanf=22854&charge=3&value=R.VQIEHISSLIK.L,PSMD11,3.215e+7,3.349,0.001,2.925,0.000
22858,3,"  2.140","  0.163",11/32,/core/www/modules//sdig/index.php?run_id=110202&search_id=114132&scans_id=110198&peptide_id=14379&scanf=22858&charge=3&value=11/32,sp|Q86UV5|UBP48_HUMAN,/core/www/modules//consensus/?run_id=110202&search_id=114132&scans_id=110198&peptide_id=14379&scanf=22858&charge=3&value=sp|Q86UV5|UBP48_HUMAN,1,/core/www/modules/match_peptides/blast_html4.php?run_id=110202&search_id=114132&scans_id=110198&peptide_id=14379&scanf=22858&charge=3&value=1,K.LFVVDHVIK.I,/core/www/modules/show_out/show_out_wrapper.php?run_id=110202&search_id=114132&scans_id=110198&peptide_id=14379&scanf=22858&charge=3&value=K.LFVVDHVIK.I,USP48,8.444e+6,2.231,0.051,1.289,0.002
22859,3,"  4.667","  0.604",22/72,/core/www/modules//sdig/index.php?run_id=110202&search_id=114132&scans_id=110198&peptide_id=14380&scanf=22859&charge=3&value=22/72,sp|P31946|1433B_HUMAN,/core/www/modules//consensus/?run_id=110202&search_id=114132&scans_id=110198&peptide_id=14380&scanf=22859&charge=3&value=sp|P31946|1433B_HUMAN,0,/core/www/modules/match_peptides/blast_html4.php?run_id=110202&search_id=114132&scans_id=110198&peptide_id=14380&scanf=22859&charge=3&value=0,K.QTTVSNSQQAYQEAFEISK.K,/core/www/modules/show_out/show_out_wrapper.php?run_id=110202&search_id=114132&scans_id=110198&peptide_id=14380&scanf=22859&charge=3&value=K.QTTVSNSQQAYQEAFEISK.K,YWHAB,6.988e+6,3.443,0.001,3.064,0.000
22862,2,"  2.265","  0.265",11/20,/core/www/modules//sdig/index.php?run_id=110202&search_id=114132&scans_id=110198&peptide_id=14384&scanf=22862&charge=2&value=11/20,sp|Q92925|SMRD2_HUMAN,/core/www/modules//consensus/?run_id=110202&search_id=114132&scans_id=110198&peptide_id=14384&scanf=22862&charge=2&value=sp|Q92925|SMRD2_HUMAN,4,/core/www/modules/match_peptides/blast_html4.php?run_id=110202&search_id=114132&scans_id=110198&peptide_id=14384&scanf=22862&charge=2&value=4,R.RQELEQVLGIR.L,/core/www/modules/show_out/show_out_wrapper.php?run_id=110202&search_id=114132&scans_id=110198&peptide_id=14384&scanf=22862&charge=2&value=R.RQELEQVLGIR.L,SMARCD2,1.059e+7,2.115,0.075,1.128,0.002
22863,2,"  1.881","  0.150",10/14,/core/www/modules//sdig/index.php?run_id=110202&search_id=114132&scans_id=110198&peptide_id=14385&scanf=22863&charge=2&value=10/14,sp|Q14669|TRIPC_HUMAN,/core/www/modules//consensus/?run_id=110202&search_id=114132&scans_id=110198&peptide_id=14385&scanf=22863&charge=2&value=sp|Q14669|TRIPC_HUMAN,2,/core/www/modules/match_peptides/blast_html4.php?run_id=110202&search_id=114132&scans_id=110198&peptide_id=14385&scanf=22863&charge=2&value=2,R.LQALLEAR.G,/core/www/modules/show_out/show_out_wrapper.php?run_id=110202&search_id=114132&scans_id=110198&peptide_id=14385&scanf=22863&charge=2&value=R.LQALLEAR.G,TRIP12,6.661e+6,2.226,0.052,1.282,0.002
22864,2,"  1.732","  0.213",7/14,/core/www/modules//sdig/index.php?run_id=110202&search_id=114132&scans_id=110198&peptide_id=14386&scanf=22864&charge=2&value=7/14,sp|Q7Z2E3|APTX_HUMAN,/core/www/modules//consensus/?run_id=110202&search_id=114132&scans_id=110198&peptide_id=14386&scanf=22864&charge=2&value=sp|Q7Z2E3|APTX_HUMAN,3,/core/www/modules/match_peptides/blast_html4.php?run_id=110202&search_id=114132&scans_id=110198&peptide_id=14386&scanf=22864&charge=2&value=3,R.DGMPELLK.L,/core/www/modules/show_out/show_out_wrapper.php?run_id=110202&search_id=114132&scans_id=110198&peptide_id=14386&scanf=22864&charge=2&value=R.DGMPELLK.L,APTX,6.165e+6,2.185,0.060,1.225,0.002
22866,2,"  2.836","  0.540",10/20,/core/www/modules//sdig/index.php?run_id=110202&search_id=114132&scans_id=110198&peptide_id=14388&scanf=22866&charge=2&value=10/20,sp|Q92878|RAD50_HUMAN,/core/www/modules//consensus/?run_id=110202&search_id=114132&scans_id=110198&peptide_id=14388&scanf=22866&charge=2&value=sp|Q92878|RAD50_HUMAN,1,/core/www/modules/match_peptides/blast_html4.php?run_id=110202&search_id=114132&scans_id=110198&peptide_id=14388&scanf=22866&charge=2&value=1,K.EMGQMQVLQMK.S,/core/www/modules/show_out/show_out_wrapper.php?run_id=110202&search_id=114132&scans_id=110198&peptide_id=14388&scanf=22866&charge=2&value=K.EMGQMQVLQMK.S,RAD50,2.105e+7,3.340,0.001,2.910,0.000
22868,2,"  2.266","  0.423",8/14,/core/www/modules//sdig/index.php?run_id=110202&search_id=114132&scans_id=110198&peptide_id=14390&scanf=22868&charge=2&value=8/14,sp|Q15020|SART3_HUMAN,/core/www/modules//consensus/?run_id=110202&search_id=114132&scans_id=110198&peptide_id=14390&scanf=22868&charge=2&value=sp|Q15020|SART3_HUMAN,1,/core/www/modules/match_peptides/blast_html4.php?run_id=110202&search_id=114132&scans_id=110198&peptide_id=14390&scanf=22868&charge=2&value=1,R.TQLSLLPR.A,/core/www/modules/show_out/show_out_wrapper.php?run_id=110202&search_id=114132&scans_id=110198&peptide_id=14390&scanf=22868&charge=2&value=R.TQLSLLPR.A,SART3,1.136e+7,3.055,0.003,2.489,0.000
22869,3,"  2.791","  0.372",8/56,/core/www/modules//sdig/index.php?run_id=110202&search_id=114132&scans_id=110198&peptide_id=14391&scanf=22869&charge=3&value=8/56,sp|P55072|TERA_HUMAN,/core/www/modules//consensus/?run_id=110202&search_id=114132&scans_id=110198&peptide_id=14391&scanf=22869&charge=3&value=sp|P55072|TERA_HUMAN,9,/core/www/modules/match_peptides/blast_html4.php?run_id=110202&search_id=114132&scans_id=110198&peptide_id=14391&scanf=22869&charge=3&value=9,R.FDREVDIGIPDATGR.L,/core/www/modules/show_out/show_out_wrapper.php?run_id=110202&search_id=114132&scans_id=110198&peptide_id=14391&scanf=22869&charge=3&value=R.FDREVDIGIPDATGR.L,VCP,3.639e+6,2.323,0.038,1.419,0.001
22875,2,"  2.073","  0.173",11/12,/core/www/modules//sdig/index.php?run_id=110202&search_id=114132&scans_id=110198&peptide_id=14397&scanf=22875&charge=2&value=11/12,sp|P04908|H2A1B_HUMAN,/core/www/modules//consensus/?run_id=110202&search_id=114132&scans_id=110198&peptide_id=14397&scanf=22875&charge=2&value=sp|P04908|H2A1B_HUMAN,20,/core/www/modules/match_peptides/blast_html4.php?run_id=110202&search_id=114132&scans_id=110198&peptide_id=14397&scanf=22875&charge=2&value=20,R.HLQLAIR.N,/core/www/modules/show_out/show_out_wrapper.php?run_id=110202&search_id=114132&scans_id=110198&peptide_id=14397&scanf=22875&charge=2&value=R.HLQLAIR.N,H2AC8,1.680e+7,2.909,0.005,2.274,0.000
22876,2,"  2.227","  0.205",10/16,/core/www/modules//sdig/index.php?run_id=110202&search_id=114132&scans_id=110198&peptide_id=14398&scanf=22876&charge=2&value=10/16,sp|Q8TAQ2|SMRC2_HUMAN,/core/www/modules//consensus/?run_id=110202&search_id=114132&scans_id=110198&peptide_id=14398&scanf=22876&charge=2&value=sp|Q8TAQ2|SMRC2_HUMAN,2,/core/www/modules/match_peptides/blast_html4.php?run_id=110202&search_id=114132&scans_id=110198&peptide_id=14398&scanf=22876&charge=2&value=2,K.TPEIYLAYR.N,/core/www/modules/show_out/show_out_wrapper.php?run_id=110202&search_id=114132&scans_id=110198&peptide_id=14398&scanf=22876&charge=2&value=K.TPEIYLAYR.N,SMARCC2,4.513e+7,2.501,0.021,1.675,0.001
22877,2,"  2.090","  0.257",8/16,/core/www/modules//sdig/index.php?run_id=110202&search_id=114132&scans_id=110198&peptide_id=14399&scanf=22877&charge=2&value=8/16,sp|Q96T23|RSF1_HUMAN,/core/www/modules//consensus/?run_id=110202&search_id=114132&scans_id=110198&peptide_id=14399&scanf=22877&charge=2&value=sp|Q96T23|RSF1_HUMAN,3,/core/www/modules/match_peptides/blast_html4.php?run_id=110202&search_id=114132&scans_id=110198&peptide_id=14399&scanf=22877&charge=2&value=3,K.AQIDPVLLK.N,/core/www/modules/show_out/show_out_wrapper.php?run_id=110202&search_id=114132&scans_id=110198&peptide_id=14399&scanf=22877&charge=2&value=K.AQIDPVLLK.N,RSF1,3.312e+7,2.380,0.032,1.500,0.001
22880,2,"  2.663","  0.562",10/16,/core/www/modules//sdig/index.php?run_id=110202&search_id=114132&scans_id=110198&peptide_id=14403&scanf=22880&charge=2&value=10/16,sp|O60306|AQR_HUMAN,/core/www/modules//consensus/?run_id=110202&search_id=114132&scans_id=110198&peptide_id=14403&scanf=22880&charge=2&value=sp|O60306|AQR_HUMAN,0,/core/www/modules/match_peptides/blast_html4.php?run_id=110202&search_id=114132&scans_id=110198&peptide_id=14403&scanf=22880&charge=2&value=0,K.IMALDIDER.H,/core/www/modules/show_out/show_out_wrapper.php?run_id=110202&search_id=114132&scans_id=110198&peptide_id=14403&scanf=22880&charge=2&value=K.IMALDIDER.H,AQR,9.510e+6,3.562,0.001,3.240,0.000
22881,2,"  1.816","  0.146",7/12,/core/www/modules//sdig/index.php?run_id=110202&search_id=114132&scans_id=110198&peptide_id=14404&scanf=22881&charge=2&value=7/12,sp|Q5UIP0|RIF1_HUMAN,/core/www/modules//consensus/?run_id=110202&search_id=114132&scans_id=110198&peptide_id=14404&scanf=22881&charge=2&value=sp|Q5UIP0|RIF1_HUMAN,1,/core/www/modules/match_peptides/blast_html4.php?run_id=110202&search_id=114132&scans_id=110198&peptide_id=14404&scanf=22881&charge=2&value=1,K.ELISLVK.S,/core/www/modules/show_out/show_out_wrapper.php?run_id=110202&search_id=114132&scans_id=110198&peptide_id=14404&scanf=22881&charge=2&value=K.ELISLVK.S,RIF1,8.821e+6,2.162,0.064,1.192,0.002
22882,2,"  3.346","  0.641",15/24,/core/www/modules//sdig/index.php?run_id=110202&search_id=114132&scans_id=110198&peptide_id=14405&scanf=22882&charge=2&value=15/24,sp|O43143|DHX15_HUMAN,/core/www/modules//consensus/?run_id=110202&search_id=114132&scans_id=110198&peptide_id=14405&scanf=22882&charge=2&value=sp|O43143|DHX15_HUMAN,0,/core/www/modules/match_peptides/blast_html4.php?run_id=110202&search_id=114132&scans_id=110198&peptide_id=14405&scanf=22882&charge=2&value=0,K.TEMQDNTYPEILR.S,/core/www/modules/show_out/show_out_wrapper.php?run_id=110202&search_id=114132&scans_id=110198&peptide_id=14405&scanf=22882&charge=2&value=K.TEMQDNTYPEILR.S,DHX15,3.503e+7,3.799,0.000,3.591,0.000
22884,2,"  1.710","  0.408",8/12,/core/www/modules//sdig/index.php?run_id=110202&search_id=114132&scans_id=110198&peptide_id=14407&scanf=22884&charge=2&value=8/12,sp|P19525|E2AK2_HUMAN,/core/www/modules//consensus/?run_id=110202&search_id=114132&scans_id=110198&peptide_id=14407&scanf=22884&charge=2&value=sp|P19525|E2AK2_HUMAN,3,/core/www/modules/match_peptides/blast_html4.php?run_id=110202&search_id=114132&scans_id=110198&peptide_id=14407&scanf=22884&charge=2&value=3,R.FDLPDMK.E,/core/www/modules/show_out/show_out_wrapper.php?run_id=110202&search_id=114132&scans_id=110198&peptide_id=14407&scanf=22884&charge=2&value=R.FDLPDMK.E,EIF2AK2,2.795e+7,3.082,0.003,2.529,0.000
22886,2,"  1.794","  0.337",8/14,/core/www/modules//sdig/index.php?run_id=110202&search_id=114132&scans_id=110198&peptide_id=14409&scanf=22886&charge=2&value=8/14,sp|Q12768|WASC5_HUMAN,/core/www/modules//consensus/?run_id=110202&search_id=114132&scans_id=110198&peptide_id=14409&scanf=22886&charge=2&value=sp|Q12768|WASC5_HUMAN,1,/core/www/modules/match_peptides/blast_html4.php?run_id=110202&search_id=114132&scans_id=110198&peptide_id=14409&scanf=22886&charge=2&value=1,K.TTLVGIIK.V,/core/www/modules/show_out/show_out_wrapper.php?run_id=110202&search_id=114132&scans_id=110198&peptide_id=14409&scanf=22886&charge=2&value=K.TTLVGIIK.V,WASHC5,4.412e+6,2.688,0.011,1.949,0.000
22888,2,"  1.666","  0.185",8/14,/core/www/modules//sdig/index.php?run_id=110202&search_id=114132&scans_id=110198&peptide_id=14411&scanf=22888&charge=2&value=8/14,sp|O15143|ARC1B_HUMAN,/core/www/modules//consensus/?run_id=110202&search_id=114132&scans_id=110198&peptide_id=14411&scanf=22888&charge=2&value=sp|O15143|ARC1B_HUMAN,6,/core/www/modules/match_peptides/blast_html4.php?run_id=110202&search_id=114132&scans_id=110198&peptide_id=14411&scanf=22888&charge=2&value=6,R.NAYVWTLK.G,/core/www/modules/show_out/show_out_wrapper.php?run_id=110202&search_id=114132&scans_id=110198&peptide_id=14411&scanf=22888&charge=2&value=R.NAYVWTLK.G,ARPC1B,8.996e+6,2.085,0.082,1.087,0.003
22889,3,"  2.100","  0.325",12/56,/core/www/modules//sdig/index.php?run_id=110202&search_id=114132&scans_id=110198&peptide_id=14412&scanf=22889&charge=3&value=12/56,sp|Q53HL2|BOREA_HUMAN,/core/www/modules//consensus/?run_id=110202&search_id=114132&scans_id=110198&peptide_id=14412&scanf=22889&charge=3&value=sp|Q53HL2|BOREA_HUMAN,0,/core/www/modules/match_peptides/blast_html4.php?run_id=110202&search_id=114132&scans_id=110198&peptide_id=14412&scanf=22889&charge=3&value=0,R.LEVSMVKPTPGLTPR.F,/core/www/modules/show_out/show_out_wrapper.php?run_id=110202&search_id=114132&scans_id=110198&peptide_id=14412&scanf=22889&charge=3&value=R.LEVSMVKPTPGLTPR.F,CDCA8,2.377e+7,2.349,0.035,1.456,0.001
22890,3,"  6.014","  0.717",26/76,/core/www/modules//sdig/index.php?run_id=110202&search_id=114132&scans_id=110198&peptide_id=14414&scanf=22890&charge=3&value=26/76,sp|P52907|CAZA1_HUMAN,/core/www/modules//consensus/?run_id=110202&search_id=114132&scans_id=110198&peptide_id=14414&scanf=22890&charge=3&value=sp|P52907|CAZA1_HUMAN,0,/core/www/modules/match_peptides/blast_html4.php?run_id=110202&search_id=114132&scans_id=110198&peptide_id=14414&scanf=22890&charge=3&value=0,K.IEGYEDQVLITEHGDLGNSR.F,/core/www/modules/show_out/show_out_wrapper.php?run_id=110202&search_id=114132&scans_id=110198&peptide_id=14414&scanf=22890&charge=3&value=K.IEGYEDQVLITEHGDLGNSR.F,CAPZA1,6.279e+6,3.886,0.000,3.721,0.000
22891,3,"  3.058","  0.417",14/40,/core/www/modules//sdig/index.php?run_id=110202&search_id=114132&scans_id=110198&peptide_id=14415&scanf=22891&charge=3&value=14/40,sp|O15131|IMA6_HUMAN,/core/www/modules//consensus/?run_id=110202&search_id=114132&scans_id=110198&peptide_id=14415&scanf=22891&charge=3&value=sp|O15131|IMA6_HUMAN,7,/core/www/modules/match_peptides/blast_html4.php?run_id=110202&search_id=114132&scans_id=110198&peptide_id=14415&scanf=22891&charge=3&value=7,R.LVELLMHNDYK.V,/core/www/modules/show_out/show_out_wrapper.php?run_id=110202&search_id=114132&scans_id=110198&peptide_id=14415&scanf=22891&charge=3&value=R.LVELLMHNDYK.V,KPNA5,1.145e+7,3.062,0.003,2.499,0.000
22892,3,"  2.787","  0.304",10/32,/core/www/modules//sdig/index.php?run_id=110202&search_id=114132&scans_id=110198&peptide_id=14416&scanf=22892&charge=3&value=10/32,sp|O60216|RAD21_HUMAN,/core/www/modules//consensus/?run_id=110202&search_id=114132&scans_id=110198&peptide_id=14416&scanf=22892&charge=3&value=sp|O60216|RAD21_HUMAN,5,/core/www/modules/match_peptides/blast_html4.php?run_id=110202&search_id=114132&scans_id=110198&peptide_id=14416&scanf=22892&charge=3&value=5,K.IWLAAHWDK.K,/core/www/modules/show_out/show_out_wrapper.php?run_id=110202&search_id=114132&scans_id=110198&peptide_id=14416&scanf=22892&charge=3&value=K.IWLAAHWDK.K,RAD21,7.690e+6,2.745,0.009,2.032,0.000
22897,3,"  3.154","  0.562",14/36,/core/www/modules//sdig/index.php?run_id=110202&search_id=114132&scans_id=110198&peptide_id=14420&scanf=22897&charge=3&value=14/36,sp|P35579|MYH9_HUMAN,/core/www/modules//consensus/?run_id=110202&search_id=114132&scans_id=110198&peptide_id=14420&scanf=22897&charge=3&value=sp|P35579|MYH9_HUMAN,1,/core/www/modules/match_peptides/blast_html4.php?run_id=110202&search_id=114132&scans_id=110198&peptide_id=14420&scanf=22897&charge=3&value=1,R.RGDLPFVVPR.R,/core/www/modules/show_out/show_out_wrapper.php?run_id=110202&search_id=114132&scans_id=110198&peptide_id=14420&scanf=22897&charge=3&value=R.RGDLPFVVPR.R,MYH9,3.921e+7,3.549,0.001,3.221,0.000
22898,2,"  1.748","  0.192",7/12,/core/www/modules//sdig/index.php?run_id=110202&search_id=114132&scans_id=110198&peptide_id=14421&scanf=22898&charge=2&value=7/12,sp|Q9NVC6|MED17_HUMAN,/core/www/modules//consensus/?run_id=110202&search_id=114132&scans_id=110198&peptide_id=14421&scanf=22898&charge=2&value=sp|Q9NVC6|MED17_HUMAN,2,/core/www/modules/match_peptides/blast_html4.php?run_id=110202&search_id=114132&scans_id=110198&peptide_id=14421&scanf=22898&charge=2&value=2,K.IMVQFPR.N,/core/www/modules/show_out/show_out_wrapper.php?run_id=110202&search_id=114132&scans_id=110198&peptide_id=14421&scanf=22898&charge=2&value=K.IMVQFPR.N,MED17,7.594e+6,2.285,0.043,1.365,0.001
22900,2,"  2.459","  0.497",9/16,/core/www/modules//sdig/index.php?run_id=110202&search_id=114132&scans_id=110198&peptide_id=14424&scanf=22900&charge=2&value=9/16,sp|P50750|CDK9_HUMAN,/core/www/modules//consensus/?run_id=110202&search_id=114132&scans_id=110198&peptide_id=14424&scanf=22900&charge=2&value=sp|P50750|CDK9_HUMAN,0,/core/www/modules/match_peptides/blast_html4.php?run_id=110202&search_id=114132&scans_id=110198&peptide_id=14424&scanf=22900&charge=2&value=0,K.LLVLDPAQR.I,/core/www/modules/show_out/show_out_wrapper.php?run_id=110202&search_id=114132&scans_id=110198&peptide_id=14424&scanf=22900&charge=2&value=K.LLVLDPAQR.I,CDK9,2.474e+7,3.229,0.002,2.747,0.000
22901,2,"  2.693","  0.455",12/20,/core/www/modules//sdig/index.php?run_id=110202&search_id=114132&scans_id=110198&peptide_id=14425&scanf=22901&charge=2&value=12/20,sp|P61077|UB2D3_HUMAN,/core/www/modules//consensus/?run_id=110202&search_id=114132&scans_id=110198&peptide_id=14425&scanf=22901&charge=2&value=sp|P61077|UB2D3_HUMAN,6,/core/www/modules/match_peptides/blast_html4.php?run_id=110202&search_id=114132&scans_id=110198&peptide_id=14425&scanf=22901&charge=2&value=6,R.SQWSPALTISK.V,/core/www/modules/show_out/show_out_wrapper.php?run_id=110202&search_id=114132&scans_id=110198&peptide_id=14425&scanf=22901&charge=2&value=R.SQWSPALTISK.V,UBE2D3,9.995e+7,3.058,0.003,2.493,0.000
22903,3,"  4.040","  0.393",12/64,/core/www/modules//sdig/index.php?run_id=110202&search_id=114132&scans_id=110198&peptide_id=14427&scanf=22903&charge=3&value=12/64,sp|A6NMY6|AXA2L_HUMAN,/core/www/modules//consensus/?run_id=110202&search_id=114132&scans_id=110198&peptide_id=14427&scanf=22903&charge=3&value=sp|A6NMY6|AXA2L_HUMAN,12,/core/www/modules/match_peptides/blast_html4.php?run_id=110202&search_id=114132&scans_id=110198&peptide_id=14427&scanf=22903&charge=3&value=12,K.TDLEKDIISDTSGDFRK.L,/core/www/modules/show_out/show_out_wrapper.php?run_id=110202&search_id=114132&scans_id=110198&peptide_id=14427&scanf=22903&charge=3&value=K.TDLEKDIISDTSGDFRK.L,ANXA2P2,1.897e+7,1.874,0.155,0.810,0.008
22905,3,"  2.568","  0.375",6/64,/core/www/modules//sdig/index.php?run_id=110202&search_id=114132&scans_id=110198&peptide_id=14429&scanf=22905&charge=3&value=6/64,sp|Q9NWT1|PK1IP_HUMAN,/core/www/modules//consensus/?run_id=110202&search_id=114132&scans_id=110198&peptide_id=14429&scanf=22905&charge=3&value=sp|Q9NWT1|PK1IP_HUMAN,0,/core/www/modules/match_peptides/blast_html4.php?run_id=110202&search_id=114132&scans_id=110198&peptide_id=14429&scanf=22905&charge=3&value=0,R.FVVTGSKDETIHIYDMK.K,/core/www/modules/show_out/show_out_wrapper.php?run_id=110202&search_id=114132&scans_id=110198&peptide_id=14429&scanf=22905&charge=3&value=R.FVVTGSKDETIHIYDMK.K,PAK1IP1,4.691e+6,2.016,0.101,0.994,0.005
22906,2,"  1.956","  0.204",9/18,/core/www/modules//sdig/index.php?run_id=110202&search_id=114132&scans_id=110198&peptide_id=14430&scanf=22906&charge=2&value=9/18,sp|P78527|PRKDC_HUMAN,/core/www/modules//consensus/?run_id=110202&search_id=114132&scans_id=110198&peptide_id=14430&scanf=22906&charge=2&value=sp|P78527|PRKDC_HUMAN,0,/core/www/modules/match_peptides/blast_html4.php?run_id=110202&search_id=114132&scans_id=110198&peptide_id=14430&scanf=22906&charge=2&value=0,K.NNWEVSALSR.A,/core/www/modules/show_out/show_out_wrapper.php?run_id=110202&search_id=114132&scans_id=110198&peptide_id=14430&scanf=22906&charge=2&value=K.NNWEVSALSR.A,PRKDC,1.423e+7,2.625,0.014,1.856,0.000
22908,2,"  2.089","  0.258",8/12,/core/www/modules//sdig/index.php?run_id=110202&search_id=114132&scans_id=110198&peptide_id=14432&scanf=22908&charge=2&value=8/12,sp|P25705|ATPA_HUMAN,/core/www/modules//consensus/?run_id=110202&search_id=114132&scans_id=110198&peptide_id=14432&scanf=22908&charge=2&value=sp|P25705|ATPA_HUMAN,0,/core/www/modules/match_peptides/blast_html4.php?run_id=110202&search_id=114132&scans_id=110198&peptide_id=14432&scanf=22908&charge=2&value=0,R.QMSLLLR.R,/core/www/modules/show_out/show_out_wrapper.php?run_id=110202&search_id=114132&scans_id=110198&peptide_id=14432&scanf=22908&charge=2&value=R.QMSLLLR.R,ATP5F1A,5.672e+7,2.461,0.024,1.618,0.001
22909,2,"  3.156","  0.484",12/20,/core/www/modules//sdig/index.php?run_id=110202&search_id=114132&scans_id=110198&peptide_id=14433&scanf=22909&charge=2&value=12/20,sp|Q9H0E3|SP130_HUMAN,/core/www/modules//consensus/?run_id=110202&search_id=114132&scans_id=110198&peptide_id=14433&scanf=22909&charge=2&value=sp|Q9H0E3|SP130_HUMAN,2,/core/www/modules/match_peptides/blast_html4.php?run_id=110202&search_id=114132&scans_id=110198&peptide_id=14433&scanf=22909&charge=2&value=2,R.LTNLQEGIIPK.K,/core/www/modules/show_out/show_out_wrapper.php?run_id=110202&search_id=114132&scans_id=110198&peptide_id=14433&scanf=22909&charge=2&value=R.LTNLQEGIIPK.K,SAP130,5.581e+6,3.165,0.002,2.652,0.000
22910,3,"  1.739","  0.303",16/76,/core/www/modules//sdig/index.php?run_id=110202&search_id=114132&scans_id=110198&peptide_id=14435&scanf=22910&charge=3&value=16/76,sp|P50991|TCPD_HUMAN,/core/www/modules//consensus/?run_id=110202&search_id=114132&scans_id=110198&peptide_id=14435&scanf=22910&charge=3&value=sp|P50991|TCPD_HUMAN,0,/core/www/modules/match_peptides/blast_html4.php?run_id=110202&search_id=114132&scans_id=110198&peptide_id=14435&scanf=22910&charge=3&value=0,K.MIQDGKGDVTITNDGATILK.Q,/core/www/modules/show_out/show_out_wrapper.php?run_id=110202&search_id=114132&scans_id=110198&peptide_id=14435&scanf=22910&charge=3&value=K.MIQDGKGDVTITNDGATILK.Q,CCT4,2.932e+6,1.861,0.161,0.793,0.008
22912,3,"  2.591","  0.471",11/36,/core/www/modules//sdig/index.php?run_id=110202&search_id=114132&scans_id=110198&peptide_id=14437&scanf=22912&charge=3&value=11/36,sp|O43390|HNRPR_HUMAN,/core/www/modules//consensus/?run_id=110202&search_id=114132&scans_id=110198&peptide_id=14437&scanf=22912&charge=3&value=sp|O43390|HNRPR_HUMAN,4,/core/www/modules/match_peptides/blast_html4.php?run_id=110202&search_id=114132&scans_id=110198&peptide_id=14437&scanf=22912&charge=3&value=4,K.DYAFVHFEDR.G,/core/www/modules/show_out/show_out_wrapper.php?run_id=110202&search_id=114132&scans_id=110198&peptide_id=14437&scanf=22912&charge=3&value=K.DYAFVHFEDR.G,HNRNPR,3.889e+7,3.237,0.002,2.759,0.000
22916,2,"  1.485","  0.333",9/18,/core/www/modules//sdig/index.php?run_id=110202&search_id=114132&scans_id=110198&peptide_id=14440&scanf=22916&charge=2&value=9/18,sp|Q9Y5B9|SP16H_HUMAN,/core/www/modules//consensus/?run_id=110202&search_id=114132&scans_id=110198&peptide_id=14440&scanf=22916&charge=2&value=sp|Q9Y5B9|SP16H_HUMAN,0,/core/www/modules/match_peptides/blast_html4.php?run_id=110202&search_id=114132&scans_id=110198&peptide_id=14440&scanf=22916&charge=2&value=0,K.QDSLVINLNR.S,/core/www/modules/show_out/show_out_wrapper.php?run_id=110202&search_id=114132&scans_id=110198&peptide_id=14440&scanf=22916&charge=2&value=K.QDSLVINLNR.S,SUPT16H,1.322e+8,2.634,0.013,1.870,0.000
22917,2,"  2.798","  0.485",11/20,/core/www/modules//sdig/index.php?run_id=110202&search_id=114132&scans_id=110198&peptide_id=14441&scanf=22917&charge=2&value=11/20,sp|Q9BZZ5|API5_HUMAN,/core/www/modules//consensus/?run_id=110202&search_id=114132&scans_id=110198&peptide_id=14441&scanf=22917&charge=2&value=sp|Q9BZZ5|API5_HUMAN,1,/core/www/modules/match_peptides/blast_html4.php?run_id=110202&search_id=114132&scans_id=110198&peptide_id=14441&scanf=22917&charge=2&value=1,K.EVEELILTESK.K,/core/www/modules/show_out/show_out_wrapper.php?run_id=110202&search_id=114132&scans_id=110198&peptide_id=14441&scanf=22917&charge=2&value=K.EVEELILTESK.K,API5,4.251e+7,3.128,0.003,2.597,0.000
22920,2,"  1.597","  0.234",6/14,/core/www/modules//sdig/index.php?run_id=110202&search_id=114132&scans_id=110198&peptide_id=14445&scanf=22920&charge=2&value=6/14,sp|P19447|ERCC3_HUMAN,/core/www/modules//consensus/?run_id=110202&search_id=114132&scans_id=110198&peptide_id=14445&scanf=22920&charge=2&value=sp|P19447|ERCC3_HUMAN,1,/core/www/modules/match_peptides/blast_html4.php?run_id=110202&search_id=114132&scans_id=110198&peptide_id=14445&scanf=22920&charge=2&value=1,R.MQILQNFK.H,/core/www/modules/show_out/show_out_wrapper.php?run_id=110202&search_id=114132&scans_id=110198&peptide_id=14445&scanf=22920&charge=2&value=R.MQILQNFK.H,ERCC3,8.594e+6,2.123,0.073,1.138,0.002
22921,2,"  6.678","  0.726",24/34,/core/www/modules//sdig/index.php?run_id=110202&search_id=114132&scans_id=110198&peptide_id=14446&scanf=22921&charge=2&value=24/34,sp|Q8WUZ0|BCL7C_HUMAN,/core/www/modules//consensus/?run_id=110202&search_id=114132&scans_id=110198&peptide_id=14446&scanf=22921&charge=2&value=sp|Q8WUZ0|BCL7C_HUMAN,1,/core/www/modules/match_peptides/blast_html4.php?run_id=110202&search_id=114132&scans_id=110198&peptide_id=14446&scanf=22921&charge=2&value=1,R.DPGGITAGSTDEPPMLTK.E,/core/www/modules/show_out/show_out_wrapper.php?run_id=110202&search_id=114132&scans_id=110198&peptide_id=14446&scanf=22921&charge=2&value=R.DPGGITAGSTDEPPMLTK.E,BCL7C,8.658e+6,4.093,0.000,4.028,0.000
22923,2,"  1.544","  0.257",9/16,/core/www/modules//sdig/index.php?run_id=110202&search_id=114132&scans_id=110198&peptide_id=14448&scanf=22923&charge=2&value=9/16,sp|P46939|UTRN_HUMAN,/core/www/modules//consensus/?run_id=110202&search_id=114132&scans_id=110198&peptide_id=14448&scanf=22923&charge=2&value=sp|P46939|UTRN_HUMAN,1,/core/www/modules/match_peptides/blast_html4.php?run_id=110202&search_id=114132&scans_id=110198&peptide_id=14448&scanf=22923&charge=2&value=1,R.EEIAPINFK.V,/core/www/modules/show_out/show_out_wrapper.php?run_id=110202&search_id=114132&scans_id=110198&peptide_id=14448&scanf=22923&charge=2&value=R.EEIAPINFK.V,UTRN,1.261e+7,2.346,0.035,1.452,0.001
22926,3,"  3.989","  0.597",20/60,/core/www/modules//sdig/index.php?run_id=110202&search_id=114132&scans_id=110198&peptide_id=14451&scanf=22926&charge=3&value=20/60,sp|P12814|ACTN1_HUMAN,/core/www/modules//consensus/?run_id=110202&search_id=114132&scans_id=110198&peptide_id=14451&scanf=22926&charge=3&value=sp|P12814|ACTN1_HUMAN,14,/core/www/modules/match_peptides/blast_html4.php?run_id=110202&search_id=114132&scans_id=110198&peptide_id=14451&scanf=22926&charge=3&value=14,K.MLDAEDIVGTARPDEK.A,/core/www/modules/show_out/show_out_wrapper.php?run_id=110202&search_id=114132&scans_id=110198&peptide_id=14451&scanf=22926&charge=3&value=K.MLDAEDIVGTARPDEK.A,ACTN1,9.798e+7,3.602,0.001,3.299,0.000
22927,3,"  2.747","  0.528",9/32,/core/www/modules//sdig/index.php?run_id=110202&search_id=114132&scans_id=110198&peptide_id=14452&scanf=22927&charge=3&value=9/32,sp|O75530|EED_HUMAN,/core/www/modules//consensus/?run_id=110202&search_id=114132&scans_id=110198&peptide_id=14452&scanf=22927&charge=3&value=sp|O75530|EED_HUMAN,1,/core/www/modules/match_peptides/blast_html4.php?run_id=110202&search_id=114132&scans_id=110198&peptide_id=14452&scanf=22927&charge=3&value=1,K.IHFPDFSTR.D,/core/www/modules/show_out/show_out_wrapper.php?run_id=110202&search_id=114132&scans_id=110198&peptide_id=14452&scanf=22927&charge=3&value=K.IHFPDFSTR.D,EED,9.617e+6,3.384,0.001,2.977,0.000
22929,3,"  4.796","  0.397",14/72,/core/www/modules//sdig/index.php?run_id=110202&search_id=114132&scans_id=110198&peptide_id=14454&scanf=22929&charge=3&value=14/72,sp|Q12824|SNF5_HUMAN,/core/www/modules//consensus/?run_id=110202&search_id=114132&scans_id=110198&peptide_id=14454&scanf=22929&charge=3&value=sp|Q12824|SNF5_HUMAN,2,/core/www/modules/match_peptides/blast_html4.php?run_id=110202&search_id=114132&scans_id=110198&peptide_id=14454&scanf=22929&charge=3&value=2,R.QQIESYPTDSILEDQSDQR.V,/core/www/modules/show_out/show_out_wrapper.php?run_id=110202&search_id=114132&scans_id=110198&peptide_id=14454&scanf=22929&charge=3&value=R.QQIESYPTDSILEDQSDQR.V,SMARCB1,8.612e+6,2.538,0.019,1.730,0.000
22931,2,"  5.246","  0.684",23/34,/core/www/modules//sdig/index.php?run_id=110202&search_id=114132&scans_id=110198&peptide_id=14457&scanf=22931&charge=2&value=23/34,sp|P61513|RL37A_HUMAN,/core/www/modules//consensus/?run_id=110202&search_id=114132&scans_id=110198&peptide_id=14457&scanf=22931&charge=2&value=sp|P61513|RL37A_HUMAN,1,/core/www/modules/match_peptides/blast_html4.php?run_id=110202&search_id=114132&scans_id=110198&peptide_id=14457&scanf=22931&charge=2&value=1,K.TVAGGAWTYNTTSAVTVK.S,/core/www/modules/show_out/show_out_wrapper.php?run_id=110202&search_id=114132&scans_id=110198&peptide_id=14457&scanf=22931&charge=2&value=K.TVAGGAWTYNTTSAVTVK.S,RPL37A,2.621e+7,3.856,0.000,3.676,0.000
22932,2,"  2.540","  0.346",8/26,/core/www/modules//sdig/index.php?run_id=110202&search_id=114132&scans_id=110198&peptide_id=14458&scanf=22932&charge=2&value=8/26,sp|Q8WUA2|PPIL4_HUMAN,/core/www/modules//consensus/?run_id=110202&search_id=114132&scans_id=110198&peptide_id=14458&scanf=22932&charge=2&value=sp|Q8WUA2|PPIL4_HUMAN,0,/core/www/modules/match_peptides/blast_html4.php?run_id=110202&search_id=114132&scans_id=110198&peptide_id=14458&scanf=22932&charge=2&value=0,R.DFIIQTGDPTGTGR.G,/core/www/modules/show_out/show_out_wrapper.php?run_id=110202&search_id=114132&scans_id=110198&peptide_id=14458&scanf=22932&charge=2&value=R.DFIIQTGDPTGTGR.G,PPIL4,3.805e+6,2.156,0.066,1.183,0.002
22933,2,"  3.792","  0.501",13/22,/core/www/modules//sdig/index.php?run_id=110202&search_id=114132&scans_id=110198&peptide_id=14459&scanf=22933&charge=2&value=13/22,sp|P60866|RS20_HUMAN,/core/www/modules//consensus/?run_id=110202&search_id=114132&scans_id=110198&peptide_id=14459&scanf=22933&charge=2&value=sp|P60866|RS20_HUMAN,2,/core/www/modules/match_peptides/blast_html4.php?run_id=110202&search_id=114132&scans_id=110198&peptide_id=14459&scanf=22933&charge=2&value=2,R.LIDLHSPSEIVK.Q,/core/www/modules/show_out/show_out_wrapper.php?run_id=110202&search_id=114132&scans_id=110198&peptide_id=14459&scanf=22933&charge=2&value=R.LIDLHSPSEIVK.Q,RPS20,1.341e+7,3.197,0.002,2.699,0.000
22934,2,"  3.502","  0.564",15/28,/core/www/modules//sdig/index.php?run_id=110202&search_id=114132&scans_id=110198&peptide_id=14460&scanf=22934&charge=2&value=15/28,sp|O95239|KIF4A_HUMAN,/core/www/modules//consensus/?run_id=110202&search_id=114132&scans_id=110198&peptide_id=14460&scanf=22934&charge=2&value=sp|O95239|KIF4A_HUMAN,0,/core/www/modules/match_peptides/blast_html4.php?run_id=110202&search_id=114132&scans_id=110198&peptide_id=14460&scanf=22934&charge=2&value=0,R.GLSEAAGQTAQMLER.I,/core/www/modules/show_out/show_out_wrapper.php?run_id=110202&search_id=114132&scans_id=110198&peptide_id=14460&scanf=22934&charge=2&value=R.GLSEAAGQTAQMLER.I,KIF4A,4.153e+6,3.269,0.002,2.806,0.000
22940,4,"  3.864","  0.435",16/120,/core/www/modules//sdig/index.php?run_id=110202&search_id=114132&scans_id=110198&peptide_id=14465&scanf=22940&charge=4&value=16/120,sp|P31689|DNJA1_HUMAN,/core/www/modules//consensus/?run_id=110202&search_id=114132&scans_id=110198&peptide_id=14465&scanf=22940&charge=4&value=sp|P31689|DNJA1_HUMAN,0,/core/www/modules/match_peptides/blast_html4.php?run_id=110202&search_id=114132&scans_id=110198&peptide_id=14465&scanf=22940&charge=4&value=0,K.ETTYYDVLGVKPNATQEELKK.A,/core/www/modules/show_out/show_out_wrapper.php?run_id=110202&search_id=114132&scans_id=110198&peptide_id=14465&scanf=22940&charge=4&value=K.ETTYYDVLGVKPNATQEELKK.A,DNAJA1,2.575e+7,2.693,0.011,1.956,0.000
22942,2,"  3.434","  0.201",19/24,/core/www/modules//sdig/index.php?run_id=110202&search_id=114132&scans_id=110198&peptide_id=14467&scanf=22942&charge=2&value=19/24,sp|P50454|SERPH_HUMAN,/core/www/modules//consensus/?run_id=110202&search_id=114132&scans_id=110198&peptide_id=14467&scanf=22942&charge=2&value=sp|P50454|SERPH_HUMAN,2,/core/www/modules/match_peptides/blast_html4.php?run_id=110202&search_id=114132&scans_id=110198&peptide_id=14467&scanf=22942&charge=2&value=2,K.HLAGLGLTEAIDK.N,/core/www/modules/show_out/show_out_wrapper.php?run_id=110202&search_id=114132&scans_id=110198&peptide_id=14467&scanf=22942&charge=2&value=K.HLAGLGLTEAIDK.N,SERPINH1,1.506e+7,2.551,0.018,1.749,0.000
22943,2,"  4.497","  0.684",14/24,/core/www/modules//sdig/index.php?run_id=110202&search_id=114132&scans_id=110198&peptide_id=14468&scanf=22943&charge=2&value=14/24,sp|Q16822|PCKGM_HUMAN,/core/www/modules//consensus/?run_id=110202&search_id=114132&scans_id=110198&peptide_id=14468&scanf=22943&charge=2&value=sp|Q16822|PCKGM_HUMAN,1,/core/www/modules/match_peptides/blast_html4.php?run_id=110202&search_id=114132&scans_id=110198&peptide_id=14468&scanf=22943&charge=2&value=1,R.SYLTEQVNQDLPK.E,/core/www/modules/show_out/show_out_wrapper.php?run_id=110202&search_id=114132&scans_id=110198&peptide_id=14468&scanf=22943&charge=2&value=R.SYLTEQVNQDLPK.E,PCK2,9.250e+6,3.904,0.000,3.747,0.000
22944,3,"  1.999","  0.381",8/56,/core/www/modules//sdig/index.php?run_id=110202&search_id=114132&scans_id=110198&peptide_id=14469&scanf=22944&charge=3&value=8/56,sp|Q9NY61|AATF_HUMAN,/core/www/modules//consensus/?run_id=110202&search_id=114132&scans_id=110198&peptide_id=14469&scanf=22944&charge=3&value=sp|Q9NY61|AATF_HUMAN,5,/core/www/modules/match_peptides/blast_html4.php?run_id=110202&search_id=114132&scans_id=110198&peptide_id=14469&scanf=22944&charge=3&value=5,R.SLFGQLHPPDEGHGD.-,/core/www/modules/show_out/show_out_wrapper.php?run_id=110202&search_id=114132&scans_id=110198&peptide_id=14469&scanf=22944&charge=3&value=R.SLFGQLHPPDEGHGD.-,AATF,9.338e+6,2.434,0.026,1.579,0.001
22945,3,"  1.877","  0.350",13/40,/core/www/modules//sdig/index.php?run_id=110202&search_id=114132&scans_id=110198&peptide_id=14470&scanf=22945&charge=3&value=13/40,sp|P40938|RFC3_HUMAN,/core/www/modules//consensus/?run_id=110202&search_id=114132&scans_id=110198&peptide_id=14470&scanf=22945&charge=3&value=sp|P40938|RFC3_HUMAN,0,/core/www/modules/match_peptides/blast_html4.php?run_id=110202&search_id=114132&scans_id=110198&peptide_id=14470&scanf=22945&charge=3&value=0,K.AIYHLEAFVAK.F,/core/www/modules/show_out/show_out_wrapper.php?run_id=110202&search_id=114132&scans_id=110198&peptide_id=14470&scanf=22945&charge=3&value=K.AIYHLEAFVAK.F,RFC3,4.912e+7,2.797,0.008,2.108,0.000
22946,3,"  2.508","  0.284",11/72,/core/www/modules//sdig/index.php?run_id=110202&search_id=114132&scans_id=110198&peptide_id=14471&scanf=22946&charge=3&value=11/72,sp|P31946|1433B_HUMAN,/core/www/modules//consensus/?run_id=110202&search_id=114132&scans_id=110198&peptide_id=14471&scanf=22946&charge=3&value=sp|P31946|1433B_HUMAN,0,/core/www/modules/match_peptides/blast_html4.php?run_id=110202&search_id=114132&scans_id=110198&peptide_id=14471&scanf=22946&charge=3&value=0,K.QTTVSNSQQAYQEAFEISK.K,/core/www/modules/show_out/show_out_wrapper.php?run_id=110202&search_id=114132&scans_id=110198&peptide_id=14471&scanf=22946&charge=3&value=K.QTTVSNSQQAYQEAFEISK.K,YWHAB,6.988e+6,2.029,0.098,1.011,0.005
22947,2,"  2.680","  0.391",11/18,/core/www/modules//sdig/index.php?run_id=110202&search_id=114132&scans_id=110198&peptide_id=14472&scanf=22947&charge=2&value=11/18,sp|P07237|PDIA1_HUMAN,/core/www/modules//consensus/?run_id=110202&search_id=114132&scans_id=110198&peptide_id=14472&scanf=22947&charge=2&value=sp|P07237|PDIA1_HUMAN,16,/core/www/modules/match_peptides/blast_html4.php?run_id=110202&search_id=114132&scans_id=110198&peptide_id=14472&scanf=22947&charge=2&value=16,R.LITLEEEMTK.Y,/core/www/modules/show_out/show_out_wrapper.php?run_id=110202&search_id=114132&scans_id=110198&peptide_id=14472&scanf=22947&charge=2&value=R.LITLEEEMTK.Y,P4HB,6.994e+7,2.962,0.004,2.352,0.000
22948,3,"  7.313","  0.656",27/64,/core/www/modules//sdig/index.php?run_id=110202&search_id=114132&scans_id=110198&peptide_id=14473&scanf=22948&charge=3&value=27/64,sp|P35579|MYH9_HUMAN,/core/www/modules//consensus/?run_id=110202&search_id=114132&scans_id=110198&peptide_id=14473&scanf=22948&charge=3&value=sp|P35579|MYH9_HUMAN,1,/core/www/modules/match_peptides/blast_html4.php?run_id=110202&search_id=114132&scans_id=110198&peptide_id=14473&scanf=22948&charge=3&value=1,K.HSQAVEELAEQLEQTKR.V,/core/www/modules/show_out/show_out_wrapper.php?run_id=110202&search_id=114132&scans_id=110198&peptide_id=14473&scanf=22948&charge=3&value=K.HSQAVEELAEQLEQTKR.V,MYH9,1.152e+7,3.862,0.000,3.685,0.000
22950,3,"  2.744","  0.233",10/72,/core/www/modules//sdig/index.php?run_id=110202&search_id=114132&scans_id=110198&peptide_id=14476&scanf=22950&charge=3&value=10/72,tr|F8VXC8|F8VXC8_HUMAN,/core/www/modules//consensus/?run_id=110202&search_id=114132&scans_id=110198&peptide_id=14476&scanf=22950&charge=3&value=tr|F8VXC8|F8VXC8_HUMAN,0,/core/www/modules/match_peptides/blast_html4.php?run_id=110202&search_id=114132&scans_id=110198&peptide_id=14476&scanf=22950&charge=3&value=0,K.GKPELQTSASQQMLNFPDK.G,/core/www/modules/show_out/show_out_wrapper.php?run_id=110202&search_id=114132&scans_id=110198&peptide_id=14476&scanf=22950&charge=3&value=K.GKPELQTSASQQMLNFPDK.G,SMARCC2,4.563e+6,1.854,0.164,0.784,0.009
22952,3,"  2.476","  0.447",12/52,/core/www/modules//sdig/index.php?run_id=110202&search_id=114132&scans_id=110198&peptide_id=14478&scanf=22952&charge=3&value=12/52,sp|P55081|MFAP1_HUMAN,/core/www/modules//consensus/?run_id=110202&search_id=114132&scans_id=110198&peptide_id=14478&scanf=22952&charge=3&value=sp|P55081|MFAP1_HUMAN,0,/core/www/modules/match_peptides/blast_html4.php?run_id=110202&search_id=114132&scans_id=110198&peptide_id=14478&scanf=22952&charge=3&value=0,R.GAFFMDEDEEVYKR.D,/core/www/modules/show_out/show_out_wrapper.php?run_id=110202&search_id=114132&scans_id=110198&peptide_id=14478&scanf=22952&charge=3&value=R.GAFFMDEDEEVYKR.D,MFAP1,4.327e+6,2.550,0.018,1.746,0.000
22953,3,"  6.481","  0.676",23/84,/core/www/modules//sdig/index.php?run_id=110202&search_id=114132&scans_id=110198&peptide_id=14479&scanf=22953&charge=3&value=23/84,sp|Q8IY81|SPB1_HUMAN,/core/www/modules//consensus/?run_id=110202&search_id=114132&scans_id=110198&peptide_id=14479&scanf=22953&charge=3&value=sp|Q8IY81|SPB1_HUMAN,0,/core/www/modules/match_peptides/blast_html4.php?run_id=110202&search_id=114132&scans_id=110198&peptide_id=14479&scanf=22953&charge=3&value=0,K.ASEIMVDDEELAQHPATTEDIR.V,/core/www/modules/show_out/show_out_wrapper.php?run_id=110202&search_id=114132&scans_id=110198&peptide_id=14479&scanf=22953&charge=3&value=K.ASEIMVDDEELAQHPATTEDIR.V,FTSJ3,3.713e+7,3.676,0.000,3.408,0.000
22955,2,"  2.647","  0.538",11/16,/core/www/modules//sdig/index.php?run_id=110202&search_id=114132&scans_id=110198&peptide_id=14481&scanf=22955&charge=2&value=11/16,sp|Q9BS26|ERP44_HUMAN,/core/www/modules//consensus/?run_id=110202&search_id=114132&scans_id=110198&peptide_id=14481&scanf=22955&charge=2&value=sp|Q9BS26|ERP44_HUMAN,2,/core/www/modules/match_peptides/blast_html4.php?run_id=110202&search_id=114132&scans_id=110198&peptide_id=14481&scanf=22955&charge=2&value=2,R.HMYVFGDFK.D,/core/www/modules/show_out/show_out_wrapper.php?run_id=110202&search_id=114132&scans_id=110198&peptide_id=14481&scanf=22955&charge=2&value=R.HMYVFGDFK.D,ERP44,5.657e+6,3.487,0.001,3.128,0.000
22958,3,"  3.150","  0.575",16/48,/core/www/modules//sdig/index.php?run_id=110202&search_id=114132&scans_id=110198&peptide_id=14483&scanf=22958&charge=3&value=16/48,sp|P07900|HS90A_HUMAN,/core/www/modules//consensus/?run_id=110202&search_id=114132&scans_id=110198&peptide_id=14483&scanf=22958&charge=3&value=sp|P07900|HS90A_HUMAN,1,/core/www/modules/match_peptides/blast_html4.php?run_id=110202&search_id=114132&scans_id=110198&peptide_id=14483&scanf=22958&charge=3&value=1,K.SLTNDWEDHLAVK.H,/core/www/modules/show_out/show_out_wrapper.php?run_id=110202&search_id=114132&scans_id=110198&peptide_id=14483&scanf=22958&charge=3&value=K.SLTNDWEDHLAVK.H,HSP90AA1,5.097e+8,3.727,0.000,3.485,0.000
22959,2,"  2.726","  0.482",10/18,/core/www/modules//sdig/index.php?run_id=110202&search_id=114132&scans_id=110198&peptide_id=14484&scanf=22959&charge=2&value=10/18,sp|P11387|TOP1_HUMAN,/core/www/modules//consensus/?run_id=110202&search_id=114132&scans_id=110198&peptide_id=14484&scanf=22959&charge=2&value=sp|P11387|TOP1_HUMAN,0,/core/www/modules/match_peptides/blast_html4.php?run_id=110202&search_id=114132&scans_id=110198&peptide_id=14484&scanf=22959&charge=2&value=0,K.AEEVATFFAK.M,/core/www/modules/show_out/show_out_wrapper.php?run_id=110202&search_id=114132&scans_id=110198&peptide_id=14484&scanf=22959&charge=2&value=K.AEEVATFFAK.M,TOP1,1.395e+8,3.295,0.001,2.845,0.000
22960,2,"  1.566","  0.374",9/14,/core/www/modules//sdig/index.php?run_id=110202&search_id=114132&scans_id=110198&peptide_id=14486&scanf=22960&charge=2&value=9/14,sp|Q9ULV4|COR1C_HUMAN,/core/www/modules//consensus/?run_id=110202&search_id=114132&scans_id=110198&peptide_id=14486&scanf=22960&charge=2&value=sp|Q9ULV4|COR1C_HUMAN,1,/core/www/modules/match_peptides/blast_html4.php?run_id=110202&search_id=114132&scans_id=110198&peptide_id=14486&scanf=22960&charge=2&value=1,R.QLALWNPK.N,/core/www/modules/show_out/show_out_wrapper.php?run_id=110202&search_id=114132&scans_id=110198&peptide_id=14486&scanf=22960&charge=2&value=R.QLALWNPK.N,CORO1C,4.947e+7,2.948,0.005,2.331,0.000
22961,2,"  2.085","  0.289",11/16,/core/www/modules//sdig/index.php?run_id=110202&search_id=114132&scans_id=110198&peptide_id=14487&scanf=22961&charge=2&value=11/16,sp|O75367|H2AY_HUMAN,/core/www/modules//consensus/?run_id=110202&search_id=114132&scans_id=110198&peptide_id=14487&scanf=22961&charge=2&value=sp|O75367|H2AY_HUMAN,13,/core/www/modules/match_peptides/blast_html4.php?run_id=110202&search_id=114132&scans_id=110198&peptide_id=14487&scanf=22961&charge=2&value=13,K.AGVIFPVGR.M,/core/www/modules/show_out/show_out_wrapper.php?run_id=110202&search_id=114132&scans_id=110198&peptide_id=14487&scanf=22961&charge=2&value=K.AGVIFPVGR.M,MACROH2A1,7.804e+7,2.716,0.010,1.990,0.000
22963,2,"  2.365","  0.543",10/14,/core/www/modules//sdig/index.php?run_id=110202&search_id=114132&scans_id=110198&peptide_id=14489&scanf=22963&charge=2&value=10/14,sp|Q8NAV1|PR38A_HUMAN,/core/www/modules//consensus/?run_id=110202&search_id=114132&scans_id=110198&peptide_id=14489&scanf=22963&charge=2&value=sp|Q8NAV1|PR38A_HUMAN,0,/core/www/modules/match_peptides/blast_html4.php?run_id=110202&search_id=114132&scans_id=110198&peptide_id=14489&scanf=22963&charge=2&value=0,R.MLGALYMR.L,/core/www/modules/show_out/show_out_wrapper.php?run_id=110202&search_id=114132&scans_id=110198&peptide_id=14489&scanf=22963&charge=2&value=R.MLGALYMR.L,PRPF38A,1.228e+7,3.610,0.000,3.312,0.000
22964,2,"  2.071","  0.224",7/18,/core/www/modules//sdig/index.php?run_id=110202&search_id=114132&scans_id=110198&peptide_id=14490&scanf=22964&charge=2&value=7/18,sp|Q8IX01|SUGP2_HUMAN,/core/www/modules//consensus/?run_id=110202&search_id=114132&scans_id=110198&peptide_id=14490&scanf=22964&charge=2&value=sp|Q8IX01|SUGP2_HUMAN,4,/core/www/modules/match_peptides/blast_html4.php?run_id=110202&search_id=114132&scans_id=110198&peptide_id=14490&scanf=22964&charge=2&value=4,R.SDVFPGPSFR.S,/core/www/modules/show_out/show_out_wrapper.php?run_id=110202&search_id=114132&scans_id=110198&peptide_id=14490&scanf=22964&charge=2&value=R.SDVFPGPSFR.S,SUGP2,8.897e+6,1.984,0.112,0.951,0.005
22965,2,"  3.119","  0.210",15/20,/core/www/modules//sdig/index.php?run_id=110202&search_id=114132&scans_id=110198&peptide_id=14491&scanf=22965&charge=2&value=15/20,sp|P40938|RFC3_HUMAN,/core/www/modules//consensus/?run_id=110202&search_id=114132&scans_id=110198&peptide_id=14491&scanf=22965&charge=2&value=sp|P40938|RFC3_HUMAN,0,/core/www/modules/match_peptides/blast_html4.php?run_id=110202&search_id=114132&scans_id=110198&peptide_id=14491&scanf=22965&charge=2&value=0,K.AIYHLEAFVAK.F,/core/www/modules/show_out/show_out_wrapper.php?run_id=110202&search_id=114132&scans_id=110198&peptide_id=14491&scanf=22965&charge=2&value=K.AIYHLEAFVAK.F,RFC3,8.010e+6,2.371,0.033,1.488,0.001
22966,2,"  3.116","  0.569",12/22,/core/www/modules//sdig/index.php?run_id=110202&search_id=114132&scans_id=110198&peptide_id=14492&scanf=22966&charge=2&value=12/22,sp|P33993|MCM7_HUMAN,/core/www/modules//consensus/?run_id=110202&search_id=114132&scans_id=110198&peptide_id=14492&scanf=22966&charge=2&value=sp|P33993|MCM7_HUMAN,0,/core/www/modules/match_peptides/blast_html4.php?run_id=110202&search_id=114132&scans_id=110198&peptide_id=14492&scanf=22966&charge=2&value=0,R.QPPSQFEPLDMK.L,/core/www/modules/show_out/show_out_wrapper.php?run_id=110202&search_id=114132&scans_id=110198&peptide_id=14492&scanf=22966&charge=2&value=R.QPPSQFEPLDMK.L,MCM7,1.051e+7,3.374,0.001,2.961,0.000
22967,3,"  2.240","  0.184",10/48,/core/www/modules//sdig/index.php?run_id=110202&search_id=114132&scans_id=110198&peptide_id=14493&scanf=22967&charge=3&value=10/48,sp|P19367|HXK1_HUMAN,/core/www/modules//consensus/?run_id=110202&search_id=114132&scans_id=110198&peptide_id=14493&scanf=22967&charge=3&value=sp|P19367|HXK1_HUMAN,0,/core/www/modules/match_peptides/blast_html4.php?run_id=110202&search_id=114132&scans_id=110198&peptide_id=14493&scanf=22967&charge=3&value=0,R.QIEETLAHFHLTK.D,/core/www/modules/show_out/show_out_wrapper.php?run_id=110202&search_id=114132&scans_id=110198&peptide_id=14493&scanf=22967&charge=3&value=R.QIEETLAHFHLTK.D,HK1,6.142e+6,2.036,0.095,1.020,0.005
22969,3,"  2.181","  0.235",10/68,/core/www/modules//sdig/index.php?run_id=110202&search_id=114132&scans_id=110198&peptide_id=14495&scanf=22969&charge=3&value=10/68,sp|Q13435|SF3B2_HUMAN,/core/www/modules//consensus/?run_id=110202&search_id=114132&scans_id=110198&peptide_id=14495&scanf=22969&charge=3&value=sp|Q13435|SF3B2_HUMAN,4,/core/www/modules/match_peptides/blast_html4.php?run_id=110202&search_id=114132&scans_id=110198&peptide_id=14495&scanf=22969&charge=3&value=4,K.MGTPVPRPPQDMGQIGVR.T,/core/www/modules/show_out/show_out_wrapper.php?run_id=110202&search_id=114132&scans_id=110198&peptide_id=14495&scanf=22969&charge=3&value=K.MGTPVPRPPQDMGQIGVR.T,SF3B2,9.851e+6,1.922,0.135,0.871,0.007
22971,2,"  1.769","  0.455",8/16,/core/www/modules//sdig/index.php?run_id=110202&search_id=114132&scans_id=110198&peptide_id=14498&scanf=22971&charge=2&value=8/16,sp|Q9UHB9|SRP68_HUMAN,/core/www/modules//consensus/?run_id=110202&search_id=114132&scans_id=110198&peptide_id=14498&scanf=22971&charge=2&value=sp|Q9UHB9|SRP68_HUMAN,0,/core/www/modules/match_peptides/blast_html4.php?run_id=110202&search_id=114132&scans_id=110198&peptide_id=14498&scanf=22971&charge=2&value=0,R.AWSYAMQLK.Q,/core/www/modules/show_out/show_out_wrapper.php?run_id=110202&search_id=114132&scans_id=110198&peptide_id=14498&scanf=22971&charge=2&value=R.AWSYAMQLK.Q,SRP68,1.086e+7,2.944,0.005,2.325,0.000
22973,2,"  2.000","  0.403",9/16,/core/www/modules//sdig/index.php?run_id=110202&search_id=114132&scans_id=110198&peptide_id=14500&scanf=22973&charge=2&value=9/16,sp|P43246|MSH2_HUMAN,/core/www/modules//consensus/?run_id=110202&search_id=114132&scans_id=110198&peptide_id=14500&scanf=22973&charge=2&value=sp|P43246|MSH2_HUMAN,5,/core/www/modules/match_peptides/blast_html4.php?run_id=110202&search_id=114132&scans_id=110198&peptide_id=14500&scanf=22973&charge=2&value=5,K.ENDWYLAYK.A,/core/www/modules/show_out/show_out_wrapper.php?run_id=110202&search_id=114132&scans_id=110198&peptide_id=14500&scanf=22973&charge=2&value=K.ENDWYLAYK.A,MSH2,5.694e+6,2.691,0.011,1.952,0.000
22975,2,"  3.569","  0.682",15/24,/core/www/modules//sdig/index.php?run_id=110202&search_id=114132&scans_id=110198&peptide_id=14502&scanf=22975&charge=2&value=15/24,sp|O14929|HAT1_HUMAN,/core/www/modules//consensus/?run_id=110202&search_id=114132&scans_id=110198&peptide_id=14502&scanf=22975&charge=2&value=sp|O14929|HAT1_HUMAN,0,/core/www/modules/match_peptides/blast_html4.php?run_id=110202&search_id=114132&scans_id=110198&peptide_id=14502&scanf=22975&charge=2&value=0,R.LLVTDMSDAEQYR.S,/core/www/modules/show_out/show_out_wrapper.php?run_id=110202&search_id=114132&scans_id=110198&peptide_id=14502&scanf=22975&charge=2&value=R.LLVTDMSDAEQYR.S,HAT1,5.727e+6,3.852,0.000,3.670,0.000
22979,3,"  4.034","  0.534",14/60,/core/www/modules//sdig/index.php?run_id=110202&search_id=114132&scans_id=110198&peptide_id=14505&scanf=22979&charge=3&value=14/60,sp|P62736|ACTA_HUMAN,/core/www/modules//consensus/?run_id=110202&search_id=114132&scans_id=110198&peptide_id=14505&scanf=22979&charge=3&value=sp|P62736|ACTA_HUMAN,8,/core/www/modules/match_peptides/blast_html4.php?run_id=110202&search_id=114132&scans_id=110198&peptide_id=14505&scanf=22979&charge=3&value=8,K.YPIEHGIITNWDDM*EK.I,/core/www/modules/show_out/show_out_wrapper.php?run_id=110202&search_id=114132&scans_id=110198&peptide_id=14505&scanf=22979&charge=3&value=K.YPIEHGIITNWDDM*EK.I,ACTA2,2.732e+8,3.206,0.002,2.712,0.000
22980,2,"  2.667","  0.622",12/20,/core/www/modules//sdig/index.php?run_id=110202&search_id=114132&scans_id=110198&peptide_id=14507&scanf=22980&charge=2&value=12/20,sp|P78527|PRKDC_HUMAN,/core/www/modules//consensus/?run_id=110202&search_id=114132&scans_id=110198&peptide_id=14507&scanf=22980&charge=2&value=sp|P78527|PRKDC_HUMAN,1,/core/www/modules/match_peptides/blast_html4.php?run_id=110202&search_id=114132&scans_id=110198&peptide_id=14507&scanf=22980&charge=2&value=1,R.DQNILLGTTYR.I,/core/www/modules/show_out/show_out_wrapper.php?run_id=110202&search_id=114132&scans_id=110198&peptide_id=14507&scanf=22980&charge=2&value=R.DQNILLGTTYR.I,PRKDC,1.022e+8,4.442,0.000,4.545,0.000
22982,3,"  3.321","  0.536",17/40,/core/www/modules//sdig/index.php?run_id=110202&search_id=114132&scans_id=110198&peptide_id=14509&scanf=22982&charge=3&value=17/40,sp|Q08211|DHX9_HUMAN,/core/www/modules//consensus/?run_id=110202&search_id=114132&scans_id=110198&peptide_id=14509&scanf=22982&charge=3&value=sp|Q08211|DHX9_HUMAN,0,/core/www/modules/match_peptides/blast_html4.php?run_id=110202&search_id=114132&scans_id=110198&peptide_id=14509&scanf=22982&charge=3&value=0,R.TPLHEIALSIK.L,/core/www/modules/show_out/show_out_wrapper.php?run_id=110202&search_id=114132&scans_id=110198&peptide_id=14509&scanf=22982&charge=3&value=R.TPLHEIALSIK.L,DHX9,3.239e+8,3.906,0.000,3.750,0.000
22983,2,"  2.812","  0.395",13/18,/core/www/modules//sdig/index.php?run_id=110202&search_id=114132&scans_id=110198&peptide_id=14510&scanf=22983&charge=2&value=13/18,sp|Q16822|PCKGM_HUMAN,/core/www/modules//consensus/?run_id=110202&search_id=114132&scans_id=110198&peptide_id=14510&scanf=22983&charge=2&value=sp|Q16822|PCKGM_HUMAN,1,/core/www/modules/match_peptides/blast_html4.php?run_id=110202&search_id=114132&scans_id=110198&peptide_id=14510&scanf=22983&charge=2&value=1,K.EGALDLSGLR.A,/core/www/modules/show_out/show_out_wrapper.php?run_id=110202&search_id=114132&scans_id=110198&peptide_id=14510&scanf=22983&charge=2&value=K.EGALDLSGLR.A,PCK2,2.474e+7,3.160,0.002,2.644,0.000
22988,2,"  3.996","  0.653",17/28,/core/www/modules//sdig/index.php?run_id=110202&search_id=114132&scans_id=110198&peptide_id=14515&scanf=22988&charge=2&value=17/28,sp|P08670|VIME_HUMAN,/core/www/modules//consensus/?run_id=110202&search_id=114132&scans_id=110198&peptide_id=14515&scanf=22988&charge=2&value=sp|P08670|VIME_HUMAN,0,/core/www/modules/match_peptides/blast_html4.php?run_id=110202&search_id=114132&scans_id=110198&peptide_id=14515&scanf=22988&charge=2&value=0,R.ETNLDSLPLVDTHSK.R,/core/www/modules/show_out/show_out_wrapper.php?run_id=110202&search_id=114132&scans_id=110198&peptide_id=14515&scanf=22988&charge=2&value=R.ETNLDSLPLVDTHSK.R,VIM,3.077e+8,4.163,0.000,4.131,0.000
22989,4,"  3.538","  0.300",10/96,/core/www/modules//sdig/index.php?run_id=110202&search_id=114132&scans_id=110198&peptide_id=14516&scanf=22989&charge=4&value=10/96,sp|Q9HAV7|GRPE1_HUMAN,/core/www/modules//consensus/?run_id=110202&search_id=114132&scans_id=110198&peptide_id=14516&scanf=22989&charge=4&value=sp|Q9HAV7|GRPE1_HUMAN,0,/core/www/modules/match_peptides/blast_html4.php?run_id=110202&search_id=114132&scans_id=110198&peptide_id=14516&scanf=22989&charge=4&value=0,K.FDPYEHEALFHTPVEGK.E,/core/www/modules/show_out/show_out_wrapper.php?run_id=110202&search_id=114132&scans_id=110198&peptide_id=14516&scanf=22989&charge=4&value=K.FDPYEHEALFHTPVEGK.E,GRPEL1,9.549e+6,2.554,0.018,1.752,0.000
22990,3,"  5.126","  0.581",17/52,/core/www/modules//sdig/index.php?run_id=110202&search_id=114132&scans_id=110198&peptide_id=14518&scanf=22990&charge=3&value=17/52,sp|P25705|ATPA_HUMAN,/core/www/modules//consensus/?run_id=110202&search_id=114132&scans_id=110198&peptide_id=14518&scanf=22990&charge=3&value=sp|P25705|ATPA_HUMAN,0,/core/www/modules/match_peptides/blast_html4.php?run_id=110202&search_id=114132&scans_id=110198&peptide_id=14518&scanf=22990&charge=3&value=0,K.GIRPAINVGLSVSR.V,/core/www/modules/show_out/show_out_wrapper.php?run_id=110202&search_id=114132&scans_id=110198&peptide_id=14518&scanf=22990&charge=3&value=K.GIRPAINVGLSVSR.V,ATP5F1A,1.852e+7,3.654,0.000,3.376,0.000
22992,2,"  3.173","  0.581",14/22,/core/www/modules//sdig/index.php?run_id=110202&search_id=114132&scans_id=110198&peptide_id=14520&scanf=22992&charge=2&value=14/22,sp|Q14315|FLNC_HUMAN,/core/www/modules//consensus/?run_id=110202&search_id=114132&scans_id=110198&peptide_id=14520&scanf=22992&charge=2&value=sp|Q14315|FLNC_HUMAN,0,/core/www/modules/match_peptides/blast_html4.php?run_id=110202&search_id=114132&scans_id=110198&peptide_id=14520&scanf=22992&charge=2&value=0,K.WGDESVPGSPFK.V,/core/www/modules/show_out/show_out_wrapper.php?run_id=110202&search_id=114132&scans_id=110198&peptide_id=14520&scanf=22992&charge=2&value=K.WGDESVPGSPFK.V,FLNC,9.549e+6,3.667,0.000,3.396,0.000
22994,3,"  1.984","  0.389",11/52,/core/www/modules//sdig/index.php?run_id=110202&search_id=114132&scans_id=110198&peptide_id=14522&scanf=22994&charge=3&value=11/52,sp|P78527|PRKDC_HUMAN,/core/www/modules//consensus/?run_id=110202&search_id=114132&scans_id=110198&peptide_id=14522&scanf=22994&charge=3&value=sp|P78527|PRKDC_HUMAN,1,/core/www/modules/match_peptides/blast_html4.php?run_id=110202&search_id=114132&scans_id=110198&peptide_id=14522&scanf=22994&charge=3&value=1,K.KGGSWIQEINVAEK.N,/core/www/modules/show_out/show_out_wrapper.php?run_id=110202&search_id=114132&scans_id=110198&peptide_id=14522&scanf=22994&charge=3&value=K.KGGSWIQEINVAEK.N,PRKDC,5.611e+7,3.064,0.003,2.503,0.000
22995,2,"  2.497","  0.345",9/16,/core/www/modules//sdig/index.php?run_id=110202&search_id=114132&scans_id=110198&peptide_id=14523&scanf=22995&charge=2&value=9/16,sp|Q92616|GCN1_HUMAN,/core/www/modules//consensus/?run_id=110202&search_id=114132&scans_id=110198&peptide_id=14523&scanf=22995&charge=2&value=sp|Q92616|GCN1_HUMAN,0,/core/www/modules/match_peptides/blast_html4.php?run_id=110202&search_id=114132&scans_id=110198&peptide_id=14523&scanf=22995&charge=2&value=0,K.LLSSLGGFK.L,/core/www/modules/show_out/show_out_wrapper.php?run_id=110202&search_id=114132&scans_id=110198&peptide_id=14523&scanf=22995&charge=2&value=K.LLSSLGGFK.L,GCN1,1.565e+7,2.901,0.005,2.262,0.000
22996,3,"  4.948","  0.554",15/80,/core/www/modules//sdig/index.php?run_id=110202&search_id=114132&scans_id=110198&peptide_id=14524&scanf=22996&charge=3&value=15/80,sp|O15213|WDR46_HUMAN,/core/www/modules//consensus/?run_id=110202&search_id=114132&scans_id=110198&peptide_id=14524&scanf=22996&charge=3&value=sp|O15213|WDR46_HUMAN,3,/core/www/modules/match_peptides/blast_html4.php?run_id=110202&search_id=114132&scans_id=110198&peptide_id=14524&scanf=22996&charge=3&value=3,R.AVAVDSTGTYMATSGLDHQLK.I,/core/www/modules/show_out/show_out_wrapper.php?run_id=110202&search_id=114132&scans_id=110198&peptide_id=14524&scanf=22996&charge=3&value=R.AVAVDSTGTYMATSGLDHQLK.I,WDR46,6.334e+6,2.939,0.005,2.318,0.000
22998,2,"  2.211","  0.308",8/18,/core/www/modules//sdig/index.php?run_id=110202&search_id=114132&scans_id=110198&peptide_id=14526&scanf=22998&charge=2&value=8/18,sp|Q12906|ILF3_HUMAN,/core/www/modules//consensus/?run_id=110202&search_id=114132&scans_id=110198&peptide_id=14526&scanf=22998&charge=2&value=sp|Q12906|ILF3_HUMAN,0,/core/www/modules/match_peptides/blast_html4.php?run_id=110202&search_id=114132&scans_id=110198&peptide_id=14526&scanf=22998&charge=2&value=0,K.VLGMDPLPSK.M,/core/www/modules/show_out/show_out_wrapper.php?run_id=110202&search_id=114132&scans_id=110198&peptide_id=14526&scanf=22998&charge=2&value=K.VLGMDPLPSK.M,ILF3,3.587e+7,2.534,0.019,1.724,0.000
23001,3,"  4.944","  0.642",21/76,/core/www/modules//sdig/index.php?run_id=110202&search_id=114132&scans_id=110198&peptide_id=14529&scanf=23001&charge=3&value=21/76,sp|Q14839|CHD4_HUMAN,/core/www/modules//consensus/?run_id=110202&search_id=114132&scans_id=110198&peptide_id=14529&scanf=23001&charge=3&value=sp|Q14839|CHD4_HUMAN,15,/core/www/modules/match_peptides/blast_html4.php?run_id=110202&search_id=114132&scans_id=110198&peptide_id=14529&scanf=23001&charge=3&value=15,R.AAYLNMSEDPSHPSMALNTR.F,/core/www/modules/show_out/show_out_wrapper.php?run_id=110202&search_id=114132&scans_id=110198&peptide_id=14529&scanf=23001&charge=3&value=R.AAYLNMSEDPSHPSMALNTR.F,CHD4,2.128e+7,3.636,0.000,3.350,0.000
23003,3,"  1.770","  0.281",10/68,/core/www/modules//sdig/index.php?run_id=110202&search_id=114132&scans_id=110198&peptide_id=14531&scanf=23003&charge=3&value=10/68,sp|P61513|RL37A_HUMAN,/core/www/modules//consensus/?run_id=110202&search_id=114132&scans_id=110198&peptide_id=14531&scanf=23003&charge=3&value=sp|P61513|RL37A_HUMAN,1,/core/www/modules/match_peptides/blast_html4.php?run_id=110202&search_id=114132&scans_id=110198&peptide_id=14531&scanf=23003&charge=3&value=1,K.TVAGGAWTYNTTSAVTVK.S,/core/www/modules/show_out/show_out_wrapper.php?run_id=110202&search_id=114132&scans_id=110198&peptide_id=14531&scanf=23003&charge=3&value=K.TVAGGAWTYNTTSAVTVK.S,RPL37A,1.122e+7,2.027,0.098,1.008,0.005
23004,2,"  3.098","  0.579",12/22,/core/www/modules//sdig/index.php?run_id=110202&search_id=114132&scans_id=110198&peptide_id=14532&scanf=23004&charge=2&value=12/22,sp|Q8NHQ9|DDX55_HUMAN,/core/www/modules//consensus/?run_id=110202&search_id=114132&scans_id=110198&peptide_id=14532&scanf=23004&charge=2&value=sp|Q8NHQ9|DDX55_HUMAN,2,/core/www/modules/match_peptides/blast_html4.php?run_id=110202&search_id=114132&scans_id=110198&peptide_id=14532&scanf=23004&charge=2&value=2,K.SQVGAIIITPTR.E,/core/www/modules/show_out/show_out_wrapper.php?run_id=110202&search_id=114132&scans_id=110198&peptide_id=14532&scanf=23004&charge=2&value=K.SQVGAIIITPTR.E,DDX55,7.736e+6,3.410,0.001,3.015,0.000
23005,2,"  4.332","  0.652",18/26,/core/www/modules//sdig/index.php?run_id=110202&search_id=114132&scans_id=110198&peptide_id=14533&scanf=23005&charge=2&value=18/26,sp|P61313|RL15_HUMAN,/core/www/modules//consensus/?run_id=110202&search_id=114132&scans_id=110198&peptide_id=14533&scanf=23005&charge=2&value=sp|P61313|RL15_HUMAN,5,/core/www/modules/match_peptides/blast_html4.php?run_id=110202&search_id=114132&scans_id=110198&peptide_id=14533&scanf=23005&charge=2&value=5,R.VLNSYWVGEDSTYK.F,/core/www/modules/show_out/show_out_wrapper.php?run_id=110202&search_id=114132&scans_id=110198&peptide_id=14533&scanf=23005&charge=2&value=R.VLNSYWVGEDSTYK.F,RPL15,6.434e+7,3.872,0.000,3.700,0.000
23008,2,"  1.856","  0.099",7/12,/core/www/modules//sdig/index.php?run_id=110202&search_id=114132&scans_id=110198&peptide_id=14536&scanf=23008&charge=2&value=7/12,sp|P55072|TERA_HUMAN,/core/www/modules//consensus/?run_id=110202&search_id=114132&scans_id=110198&peptide_id=14536&scanf=23008&charge=2&value=sp|P55072|TERA_HUMAN,9,/core/www/modules/match_peptides/blast_html4.php?run_id=110202&search_id=114132&scans_id=110198&peptide_id=14536&scanf=23008&charge=2&value=9,K.GDIFLVR.G,/core/www/modules/show_out/show_out_wrapper.php?run_id=110202&search_id=114132&scans_id=110198&peptide_id=14536&scanf=23008&charge=2&value=K.GDIFLVR.G,VCP,1.850e+7,2.134,0.070,1.154,0.002
23009,3,"  4.800","  0.507",16/52,/core/www/modules//sdig/index.php?run_id=110202&search_id=114132&scans_id=110198&peptide_id=14537&scanf=23009&charge=3&value=16/52,sp|P48047|ATPO_HUMAN,/core/www/modules//consensus/?run_id=110202&search_id=114132&scans_id=110198&peptide_id=14537&scanf=23009&charge=3&value=sp|P48047|ATPO_HUMAN,3,/core/www/modules/match_peptides/blast_html4.php?run_id=110202&search_id=114132&scans_id=110198&peptide_id=14537&scanf=23009&charge=3&value=3,K.LVRPPVQVYGIEGR.Y,/core/www/modules/show_out/show_out_wrapper.php?run_id=110202&search_id=114132&scans_id=110198&peptide_id=14537&scanf=23009&charge=3&value=K.LVRPPVQVYGIEGR.Y,ATP5PO,8.434e+6,3.292,0.001,2.840,0.000
23011,2,"  3.834","  0.633",15/26,/core/www/modules//sdig/index.php?run_id=110202&search_id=114132&scans_id=110198&peptide_id=14540&scanf=23011&charge=2&value=15/26,sp|Q14103|HNRPD_HUMAN,/core/www/modules//consensus/?run_id=110202&search_id=114132&scans_id=110198&peptide_id=14540&scanf=23011&charge=2&value=sp|Q14103|HNRPD_HUMAN,4,/core/www/modules/match_peptides/blast_html4.php?run_id=110202&search_id=114132&scans_id=110198&peptide_id=14540&scanf=23011&charge=2&value=4,K.IFVGGLSPDTPEEK.I,/core/www/modules/show_out/show_out_wrapper.php?run_id=110202&search_id=114132&scans_id=110198&peptide_id=14540&scanf=23011&charge=2&value=K.IFVGGLSPDTPEEK.I,HNRNPD,2.065e+8,3.627,0.000,3.336,0.000
23012,2,"  3.370","  0.651",15/26,/core/www/modules//sdig/index.php?run_id=110202&search_id=114132&scans_id=110198&peptide_id=14541&scanf=23012&charge=2&value=15/26,sp|Q8IY81|SPB1_HUMAN,/core/www/modules//consensus/?run_id=110202&search_id=114132&scans_id=110198&peptide_id=14541&scanf=23012&charge=2&value=sp|Q8IY81|SPB1_HUMAN,0,/core/www/modules/match_peptides/blast_html4.php?run_id=110202&search_id=114132&scans_id=110198&peptide_id=14541&scanf=23012&charge=2&value=0,K.TEIMSPLYQDEAPK.G,/core/www/modules/show_out/show_out_wrapper.php?run_id=110202&search_id=114132&scans_id=110198&peptide_id=14541&scanf=23012&charge=2&value=K.TEIMSPLYQDEAPK.G,FTSJ3,1.247e+7,3.652,0.000,3.374,0.000
23014,2,"  2.962","  0.454",13/14,/core/www/modules//sdig/index.php?run_id=110202&search_id=114132&scans_id=110198&peptide_id=14543&scanf=23014&charge=2&value=13/14,sp|Q13823|NOG2_HUMAN,/core/www/modules//consensus/?run_id=110202&search_id=114132&scans_id=110198&peptide_id=14543&scanf=23014&charge=2&value=sp|Q13823|NOG2_HUMAN,1,/core/www/modules/match_peptides/blast_html4.php?run_id=110202&search_id=114132&scans_id=110198&peptide_id=14543&scanf=23014&charge=2&value=1,K.HLIFVLNK.C,/core/www/modules/show_out/show_out_wrapper.php?run_id=110202&search_id=114132&scans_id=110198&peptide_id=14543&scanf=23014&charge=2&value=K.HLIFVLNK.C,GNL2,1.309e+7,3.686,0.000,3.424,0.000
23015,2,"  1.686","  0.172",8/12,/core/www/modules//sdig/index.php?run_id=110202&search_id=114132&scans_id=110198&peptide_id=14544&scanf=23015&charge=2&value=8/12,sp|Q9P016|THYN1_HUMAN,/core/www/modules//consensus/?run_id=110202&search_id=114132&scans_id=110198&peptide_id=14544&scanf=23015&charge=2&value=sp|Q9P016|THYN1_HUMAN,0,/core/www/modules/match_peptides/blast_html4.php?run_id=110202&search_id=114132&scans_id=110198&peptide_id=14544&scanf=23015&charge=2&value=0,K.FSIEDLK.A,/core/www/modules/show_out/show_out_wrapper.php?run_id=110202&search_id=114132&scans_id=110198&peptide_id=14544&scanf=23015&charge=2&value=K.FSIEDLK.A,THYN1,1.332e+7,2.285,0.043,1.365,0.001
23016,3,"  3.776","  0.581",17/44,/core/www/modules//sdig/index.php?run_id=110202&search_id=114132&scans_id=110198&peptide_id=14545&scanf=23016&charge=3&value=17/44,sp|O00148|DX39A_HUMAN,/core/www/modules//consensus/?run_id=110202&search_id=114132&scans_id=110198&peptide_id=14545&scanf=23016&charge=3&value=sp|O00148|DX39A_HUMAN,11,/core/www/modules/match_peptides/blast_html4.php?run_id=110202&search_id=114132&scans_id=110198&peptide_id=14545&scanf=23016&charge=3&value=11,K.LTLHGLQQYYVK.L,/core/www/modules/show_out/show_out_wrapper.php?run_id=110202&search_id=114132&scans_id=110198&peptide_id=14545&scanf=23016&charge=3&value=K.LTLHGLQQYYVK.L,DDX39A,3.525e+8,3.773,0.000,3.553,0.000
23017,2,"  3.950","  0.616",16/30,/core/www/modules//sdig/index.php?run_id=110202&search_id=114132&scans_id=110198&peptide_id=14546&scanf=23017&charge=2&value=16/30,sp|Q9UIF9|BAZ2A_HUMAN,/core/www/modules//consensus/?run_id=110202&search_id=114132&scans_id=110198&peptide_id=14546&scanf=23017&charge=2&value=sp|Q9UIF9|BAZ2A_HUMAN,3,/core/www/modules/match_peptides/blast_html4.php?run_id=110202&search_id=114132&scans_id=110198&peptide_id=14546&scanf=23017&charge=2&value=3,R.DGEVDATASSIPELER.Q,/core/www/modules/show_out/show_out_wrapper.php?run_id=110202&search_id=114132&scans_id=110198&peptide_id=14546&scanf=23017&charge=2&value=R.DGEVDATASSIPELER.Q,BAZ2A,5.288e+6,3.447,0.001,3.070,0.000
23021,2,"  2.647","  0.552",11/18,/core/www/modules//sdig/index.php?run_id=110202&search_id=114132&scans_id=110198&peptide_id=14550&scanf=23021&charge=2&value=11/18,sp|P0C0S5|H2AZ_HUMAN,/core/www/modules//consensus/?run_id=110202&search_id=114132&scans_id=110198&peptide_id=14550&scanf=23021&charge=2&value=sp|P0C0S5|H2AZ_HUMAN,4,/core/www/modules/match_peptides/blast_html4.php?run_id=110202&search_id=114132&scans_id=110198&peptide_id=14550&scanf=23021&charge=2&value=4,R.GDEELDSLIK.A,/core/www/modules/show_out/show_out_wrapper.php?run_id=110202&search_id=114132&scans_id=110198&peptide_id=14550&scanf=23021&charge=2&value=R.GDEELDSLIK.A,H2AZ1,1.972e+8,3.434,0.001,3.050,0.000
23022,2,"  2.433","  0.530",12/18,/core/www/modules//sdig/index.php?run_id=110202&search_id=114132&scans_id=110198&peptide_id=14551&scanf=23022&charge=2&value=12/18,sp|Q15029|U5S1_HUMAN,/core/www/modules//consensus/?run_id=110202&search_id=114132&scans_id=110198&peptide_id=14551&scanf=23022&charge=2&value=sp|Q15029|U5S1_HUMAN,1,/core/www/modules/match_peptides/blast_html4.php?run_id=110202&search_id=114132&scans_id=110198&peptide_id=14551&scanf=23022&charge=2&value=1,K.ITMIAEPLEK.G,/core/www/modules/show_out/show_out_wrapper.php?run_id=110202&search_id=114132&scans_id=110198&peptide_id=14551&scanf=23022&charge=2&value=K.ITMIAEPLEK.G,EFTUD2,5.123e+7,3.534,0.001,3.199,0.000
23023,2,"  3.129","  0.551",13/20,/core/www/modules//sdig/index.php?run_id=110202&search_id=114132&scans_id=110198&peptide_id=14552&scanf=23023&charge=2&value=13/20,sp|P51531|SMCA2_HUMAN,/core/www/modules//consensus/?run_id=110202&search_id=114132&scans_id=110198&peptide_id=14552&scanf=23023&charge=2&value=sp|P51531|SMCA2_HUMAN,3,/core/www/modules/match_peptides/blast_html4.php?run_id=110202&search_id=114132&scans_id=110198&peptide_id=14552&scanf=23023&charge=2&value=3,K.QSALLINGTLK.H,/core/www/modules/show_out/show_out_wrapper.php?run_id=110202&search_id=114132&scans_id=110198&peptide_id=14552&scanf=23023&charge=2&value=K.QSALLINGTLK.H,SMARCA2,3.505e+7,3.767,0.000,3.544,0.000
23024,3,"  1.925","  0.409",13/44,/core/www/modules//sdig/index.php?run_id=110202&search_id=114132&scans_id=110198&peptide_id=14553&scanf=23024&charge=3&value=13/44,sp|Q13263|TIF1B_HUMAN,/core/www/modules//consensus/?run_id=110202&search_id=114132&scans_id=110198&peptide_id=14553&scanf=23024&charge=3&value=sp|Q13263|TIF1B_HUMAN,2,/core/www/modules/match_peptides/blast_html4.php?run_id=110202&search_id=114132&scans_id=110198&peptide_id=14553&scanf=23024&charge=3&value=2,K.DHQYQFLEDAVR.N,/core/www/modules/show_out/show_out_wrapper.php?run_id=110202&search_id=114132&scans_id=110198&peptide_id=14553&scanf=23024&charge=3&value=K.DHQYQFLEDAVR.N,TRIM28,4.369e+7,2.930,0.005,2.305,0.000
23025,2,"  2.150","  0.275",9/14,/core/www/modules//sdig/index.php?run_id=110202&search_id=114132&scans_id=110198&peptide_id=14554&scanf=23025&charge=2&value=9/14,sp|Q92797|SYMPK_HUMAN,/core/www/modules//consensus/?run_id=110202&search_id=114132&scans_id=110198&peptide_id=14554&scanf=23025&charge=2&value=sp|Q92797|SYMPK_HUMAN,2,/core/www/modules/match_peptides/blast_html4.php?run_id=110202&search_id=114132&scans_id=110198&peptide_id=14554&scanf=23025&charge=2&value=2,K.AALEQLLK.F,/core/www/modules/show_out/show_out_wrapper.php?run_id=110202&search_id=114132&scans_id=110198&peptide_id=14554&scanf=23025&charge=2&value=K.AALEQLLK.F,SYMPK,1.532e+7,2.708,0.011,1.978,0.000
23026,3,"  2.643","  0.487",14/36,/core/www/modules//sdig/index.php?run_id=110202&search_id=114132&scans_id=110198&peptide_id=14555&scanf=23026&charge=3&value=14/36,sp|P26641|EF1G_HUMAN,/core/www/modules//consensus/?run_id=110202&search_id=114132&scans_id=110198&peptide_id=14555&scanf=23026&charge=3&value=sp|P26641|EF1G_HUMAN,0,/core/www/modules/match_peptides/blast_html4.php?run_id=110202&search_id=114132&scans_id=110198&peptide_id=14555&scanf=23026&charge=3&value=0,K.STFVLDEFKR.K,/core/www/modules/show_out/show_out_wrapper.php?run_id=110202&search_id=114132&scans_id=110198&peptide_id=14555&scanf=23026&charge=3&value=K.STFVLDEFKR.K,EEF1G,8.176e+7,3.122,0.003,2.588,0.000
23027,2,"  3.352","  0.605",17/32,/core/www/modules//sdig/index.php?run_id=110202&search_id=114132&scans_id=110198&peptide_id=14556&scanf=23027&charge=2&value=17/32,sp|O43707|ACTN4_HUMAN,/core/www/modules//consensus/?run_id=110202&search_id=114132&scans_id=110198&peptide_id=14556&scanf=23027&charge=2&value=sp|O43707|ACTN4_HUMAN,3,/core/www/modules/match_peptides/blast_html4.php?run_id=110202&search_id=114132&scans_id=110198&peptide_id=14556&scanf=23027&charge=2&value=3,R.M*APYQGPDAVPGALDYK.S,/core/www/modules/show_out/show_out_wrapper.php?run_id=110202&search_id=114132&scans_id=110198&peptide_id=14556&scanf=23027&charge=2&value=R.M*APYQGPDAVPGALDYK.S,ACTN4,8.077e+6,3.540,0.001,3.208,0.000
23029,3,"  2.377","  0.627",12/36,/core/www/modules//sdig/index.php?run_id=110202&search_id=114132&scans_id=110198&peptide_id=14558&scanf=23029&charge=3&value=12/36,sp|P51531|SMCA2_HUMAN,/core/www/modules//consensus/?run_id=110202&search_id=114132&scans_id=110198&peptide_id=14558&scanf=23029&charge=3&value=sp|P51531|SMCA2_HUMAN,3,/core/www/modules/match_peptides/blast_html4.php?run_id=110202&search_id=114132&scans_id=110198&peptide_id=14558&scanf=23029&charge=3&value=3,R.REEEFDLFM*R.M,/core/www/modules/show_out/show_out_wrapper.php?run_id=110202&search_id=114132&scans_id=110198&peptide_id=14558&scanf=23029&charge=3&value=R.REEEFDLFM*R.M,SMARCA2,1.008e+7,3.626,0.000,3.336,0.000
23030,3,"  3.605","  0.602",16/64,/core/www/modules//sdig/index.php?run_id=110202&search_id=114132&scans_id=110198&peptide_id=14560&scanf=23030&charge=3&value=16/64,sp|P62258|1433E_HUMAN,/core/www/modules//consensus/?run_id=110202&search_id=114132&scans_id=110198&peptide_id=14560&scanf=23030&charge=3&value=sp|P62258|1433E_HUMAN,1,/core/www/modules/match_peptides/blast_html4.php?run_id=110202&search_id=114132&scans_id=110198&peptide_id=14560&scanf=23030&charge=3&value=1,K.AASDIAMTELPPTHPIR.L,/core/www/modules/show_out/show_out_wrapper.php?run_id=110202&search_id=114132&scans_id=110198&peptide_id=14560&scanf=23030&charge=3&value=K.AASDIAMTELPPTHPIR.L,YWHAE,2.575e+7,3.349,0.001,2.924,0.000
23031,2,"  4.441","  0.676",18/28,/core/www/modules//sdig/index.php?run_id=110202&search_id=114132&scans_id=110198&peptide_id=14561&scanf=23031&charge=2&value=18/28,sp|Q01844|EWS_HUMAN,/core/www/modules//consensus/?run_id=110202&search_id=114132&scans_id=110198&peptide_id=14561&scanf=23031&charge=2&value=sp|Q01844|EWS_HUMAN,4,/core/www/modules/match_peptides/blast_html4.php?run_id=110202&search_id=114132&scans_id=110198&peptide_id=14561&scanf=23031&charge=2&value=4,K.AAVEWFDGKDFQGSK.L,/core/www/modules/show_out/show_out_wrapper.php?run_id=110202&search_id=114132&scans_id=110198&peptide_id=14561&scanf=23031&charge=2&value=K.AAVEWFDGKDFQGSK.L,EWSR1,1.085e+7,3.531,0.001,3.194,0.000
23032,2,"  3.215","  0.593",13/24,/core/www/modules//sdig/index.php?run_id=110202&search_id=114132&scans_id=110198&peptide_id=14562&scanf=23032&charge=2&value=13/24,sp|P63010|AP2B1_HUMAN,/core/www/modules//consensus/?run_id=110202&search_id=114132&scans_id=110198&peptide_id=14562&scanf=23032&charge=2&value=sp|P63010|AP2B1_HUMAN,2,/core/www/modules/match_peptides/blast_html4.php?run_id=110202&search_id=114132&scans_id=110198&peptide_id=14562&scanf=23032&charge=2&value=2,R.NVEGQDMLYQSLK.L,/core/www/modules/show_out/show_out_wrapper.php?run_id=110202&search_id=114132&scans_id=110198&peptide_id=14562&scanf=23032&charge=2&value=R.NVEGQDMLYQSLK.L,AP2B1,6.464e+6,3.452,0.001,3.076,0.000
23033,2,"  2.635","  0.317",10/14,/core/www/modules//sdig/index.php?run_id=110202&search_id=114132&scans_id=110198&peptide_id=14563&scanf=23033&charge=2&value=10/14,sp|Q9H583|HEAT1_HUMAN,/core/www/modules//consensus/?run_id=110202&search_id=114132&scans_id=110198&peptide_id=14563&scanf=23033&charge=2&value=sp|Q9H583|HEAT1_HUMAN,1,/core/www/modules/match_peptides/blast_html4.php?run_id=110202&search_id=114132&scans_id=110198&peptide_id=14563&scanf=23033&charge=2&value=1,K.IAADILIK.E,/core/www/modules/show_out/show_out_wrapper.php?run_id=110202&search_id=114132&scans_id=110198&peptide_id=14563&scanf=23033&charge=2&value=K.IAADILIK.E,HEATR1,5.959e+6,2.931,0.005,2.307,0.000
23034,2,"  2.929","  0.556",10/20,/core/www/modules//sdig/index.php?run_id=110202&search_id=114132&scans_id=110198&peptide_id=14564&scanf=23034&charge=2&value=10/20,sp|Q7L1Q6|5MP2_HUMAN,/core/www/modules//consensus/?run_id=110202&search_id=114132&scans_id=110198&peptide_id=14564&scanf=23034&charge=2&value=sp|Q7L1Q6|5MP2_HUMAN,0,/core/www/modules/match_peptides/blast_html4.php?run_id=110202&search_id=114132&scans_id=110198&peptide_id=14564&scanf=23034&charge=2&value=0,K.AEVLSEEPILK.W,/core/www/modules/show_out/show_out_wrapper.php?run_id=110202&search_id=114132&scans_id=110198&peptide_id=14564&scanf=23034&charge=2&value=K.AEVLSEEPILK.W,BZW1,5.880e+7,3.247,0.002,2.774,0.000
23036,3,"  2.905","  0.422",12/40,/core/www/modules//sdig/index.php?run_id=110202&search_id=114132&scans_id=110198&peptide_id=14566&scanf=23036&charge=3&value=12/40,sp|P78344|IF4G2_HUMAN,/core/www/modules//consensus/?run_id=110202&search_id=114132&scans_id=110198&peptide_id=14566&scanf=23036&charge=3&value=sp|P78344|IF4G2_HUMAN,5,/core/www/modules/match_peptides/blast_html4.php?run_id=110202&search_id=114132&scans_id=110198&peptide_id=14566&scanf=23036&charge=3&value=5,K.LDLIHESILHK.C,/core/www/modules/show_out/show_out_wrapper.php?run_id=110202&search_id=114132&scans_id=110198&peptide_id=14566&scanf=23036&charge=3&value=K.LDLIHESILHK.C,EIF4G2,5.593e+6,3.011,0.004,2.424,0.000
23038,3,"  1.979","  0.448",13/64,/core/www/modules//sdig/index.php?run_id=110202&search_id=114132&scans_id=110198&peptide_id=14568&scanf=23038&charge=3&value=13/64,sp|P12956|XRCC6_HUMAN,/core/www/modules//consensus/?run_id=110202&search_id=114132&scans_id=110198&peptide_id=14568&scanf=23038&charge=3&value=sp|P12956|XRCC6_HUMAN,1,/core/www/modules/match_peptides/blast_html4.php?run_id=110202&search_id=114132&scans_id=110198&peptide_id=14568&scanf=23038&charge=3&value=1,R.TFNTSTGGLLLPSDTKR.S,/core/www/modules/show_out/show_out_wrapper.php?run_id=110202&search_id=114132&scans_id=110198&peptide_id=14568&scanf=23038&charge=3&value=R.TFNTSTGGLLLPSDTKR.S,XRCC6,2.379e+7,2.575,0.016,1.783,0.000
23039,3,"  5.256","  0.630",13/52,/core/www/modules//sdig/index.php?run_id=110202&search_id=114132&scans_id=110198&peptide_id=14569&scanf=23039&charge=3&value=13/52,sp|Q9Y4W2|LAS1L_HUMAN,/core/www/modules//consensus/?run_id=110202&search_id=114132&scans_id=110198&peptide_id=14569&scanf=23039&charge=3&value=sp|Q9Y4W2|LAS1L_HUMAN,6,/core/www/modules/match_peptides/blast_html4.php?run_id=110202&search_id=114132&scans_id=110198&peptide_id=14569&scanf=23039&charge=3&value=6,R.GLHSQNFTQALLER.M,/core/www/modules/show_out/show_out_wrapper.php?run_id=110202&search_id=114132&scans_id=110198&peptide_id=14569&scanf=23039&charge=3&value=R.GLHSQNFTQALLER.M,LAS1L,2.634e+7,3.709,0.000,3.458,0.000
23042,2,"  2.579","  0.540",13/20,/core/www/modules//sdig/index.php?run_id=110202&search_id=114132&scans_id=110198&peptide_id=14572&scanf=23042&charge=2&value=13/20,sp|Q9BZZ5|API5_HUMAN,/core/www/modules//consensus/?run_id=110202&search_id=114132&scans_id=110198&peptide_id=14572&scanf=23042&charge=2&value=sp|Q9BZZ5|API5_HUMAN,1,/core/www/modules/match_peptides/blast_html4.php?run_id=110202&search_id=114132&scans_id=110198&peptide_id=14572&scanf=23042&charge=2&value=1,K.EVEELILTESK.K,/core/www/modules/show_out/show_out_wrapper.php?run_id=110202&search_id=114132&scans_id=110198&peptide_id=14572&scanf=23042&charge=2&value=K.EVEELILTESK.K,API5,4.251e+7,3.445,0.001,3.067,0.000
23044,3,"  3.467","  0.608",19/48,/core/www/modules//sdig/index.php?run_id=110202&search_id=114132&scans_id=110198&peptide_id=14574&scanf=23044&charge=3&value=19/48,sp|P25705|ATPA_HUMAN,/core/www/modules//consensus/?run_id=110202&search_id=114132&scans_id=110198&peptide_id=14574&scanf=23044&charge=3&value=sp|P25705|ATPA_HUMAN,0,/core/www/modules/match_peptides/blast_html4.php?run_id=110202&search_id=114132&scans_id=110198&peptide_id=14574&scanf=23044&charge=3&value=0,R.EAYPGDVFYLHSR.L,/core/www/modules/show_out/show_out_wrapper.php?run_id=110202&search_id=114132&scans_id=110198&peptide_id=14574&scanf=23044&charge=3&value=R.EAYPGDVFYLHSR.L,ATP5F1A,4.279e+7,3.769,0.000,3.548,0.000
23046,4,"  4.359","  0.493",23/90,/core/www/modules//sdig/index.php?run_id=110202&search_id=114132&scans_id=110198&peptide_id=14576&scanf=23046&charge=4&value=23/90,sp|Q96ME7|ZN512_HUMAN,/core/www/modules//consensus/?run_id=110202&search_id=114132&scans_id=110198&peptide_id=14576&scanf=23046&charge=4&value=sp|Q96ME7|ZN512_HUMAN,1,/core/www/modules/match_peptides/blast_html4.php?run_id=110202&search_id=114132&scans_id=110198&peptide_id=14576&scanf=23046&charge=4&value=1,K.YTRPGLPTFSQEVLHK.W,/core/www/modules/show_out/show_out_wrapper.php?run_id=110202&search_id=114132&scans_id=110198&peptide_id=14576&scanf=23046&charge=4&value=K.YTRPGLPTFSQEVLHK.W,ZNF512,2.076e+7,3.546,0.001,3.217,0.000
23047,2,"  2.157","  0.467",9/14,/core/www/modules//sdig/index.php?run_id=110202&search_id=114132&scans_id=110198&peptide_id=14577&scanf=23047&charge=2&value=9/14,sp|Q8IXT5|RB12B_HUMAN,/core/www/modules//consensus/?run_id=110202&search_id=114132&scans_id=110198&peptide_id=14577&scanf=23047&charge=2&value=sp|Q8IXT5|RB12B_HUMAN,0,/core/www/modules/match_peptides/blast_html4.php?run_id=110202&search_id=114132&scans_id=110198&peptide_id=14577&scanf=23047&charge=2&value=0,R.WLPEEDFR.R,/core/www/modules/show_out/show_out_wrapper.php?run_id=110202&search_id=114132&scans_id=110198&peptide_id=14577&scanf=23047&charge=2&value=R.WLPEEDFR.R,RBM12B,4.082e+7,3.357,0.001,2.936,0.000
23048,2,"  1.555","  0.330",9/16,/core/www/modules//sdig/index.php?run_id=110202&search_id=114132&scans_id=110198&peptide_id=14578&scanf=23048&charge=2&value=9/16,sp|P30260|CDC27_HUMAN,/core/www/modules//consensus/?run_id=110202&search_id=114132&scans_id=110198&peptide_id=14578&scanf=23048&charge=2&value=sp|P30260|CDC27_HUMAN,1,/core/www/modules/match_peptides/blast_html4.php?run_id=110202&search_id=114132&scans_id=110198&peptide_id=14578&scanf=23048&charge=2&value=1,K.DVALSVLSK.D,/core/www/modules/show_out/show_out_wrapper.php?run_id=110202&search_id=114132&scans_id=110198&peptide_id=14578&scanf=23048&charge=2&value=K.DVALSVLSK.D,CDC27,1.048e+7,2.614,0.014,1.841,0.000
23049,2,"  2.591","  0.507",11/18,/core/www/modules//sdig/index.php?run_id=110202&search_id=114132&scans_id=110198&peptide_id=14579&scanf=23049&charge=2&value=11/18,sp|Q9BUQ8|DDX23_HUMAN,/core/www/modules//consensus/?run_id=110202&search_id=114132&scans_id=110198&peptide_id=14579&scanf=23049&charge=2&value=sp|Q9BUQ8|DDX23_HUMAN,1,/core/www/modules/match_peptides/blast_html4.php?run_id=110202&search_id=114132&scans_id=110198&peptide_id=14579&scanf=23049&charge=2&value=1,K.EDSAVFYELK.Q,/core/www/modules/show_out/show_out_wrapper.php?run_id=110202&search_id=114132&scans_id=110198&peptide_id=14579&scanf=23049&charge=2&value=K.EDSAVFYELK.Q,DDX23,2.487e+7,3.374,0.001,2.962,0.000
23050,2,"  2.814","  0.403",9/20,/core/www/modules//sdig/index.php?run_id=110202&search_id=114132&scans_id=110198&peptide_id=14581&scanf=23050&charge=2&value=9/20,sp|Q96SB8|SMC6_HUMAN,/core/www/modules//consensus/?run_id=110202&search_id=114132&scans_id=110198&peptide_id=14581&scanf=23050&charge=2&value=sp|Q96SB8|SMC6_HUMAN,2,/core/www/modules/match_peptides/blast_html4.php?run_id=110202&search_id=114132&scans_id=110198&peptide_id=14581&scanf=23050&charge=2&value=2,R.FQSIAGLSTMK.T,/core/www/modules/show_out/show_out_wrapper.php?run_id=110202&search_id=114132&scans_id=110198&peptide_id=14581&scanf=23050&charge=2&value=R.FQSIAGLSTMK.T,SMC6,6.452e+6,2.717,0.010,1.992,0.000
23053,2,"  3.295","  0.537",12/20,/core/www/modules//sdig/index.php?run_id=110202&search_id=114132&scans_id=110198&peptide_id=14584&scanf=23053&charge=2&value=12/20,sp|Q9H089|LSG1_HUMAN,/core/www/modules//consensus/?run_id=110202&search_id=114132&scans_id=110198&peptide_id=14584&scanf=23053&charge=2&value=sp|Q9H089|LSG1_HUMAN,1,/core/www/modules/match_peptides/blast_html4.php?run_id=110202&search_id=114132&scans_id=110198&peptide_id=14584&scanf=23053&charge=2&value=1,R.TGLLSFEESQR.I,/core/www/modules/show_out/show_out_wrapper.php?run_id=110202&search_id=114132&scans_id=110198&peptide_id=14584&scanf=23053&charge=2&value=R.TGLLSFEESQR.I,LSG1,1.094e+7,3.367,0.001,2.951,0.000
23054,2,"  2.182","  0.163",10/22,/core/www/modules//sdig/index.php?run_id=110202&search_id=114132&scans_id=110198&peptide_id=14585&scanf=23054&charge=2&value=10/22,sp|P30038|AL4A1_HUMAN,/core/www/modules//consensus/?run_id=110202&search_id=114132&scans_id=110198&peptide_id=14585&scanf=23054&charge=2&value=sp|P30038|AL4A1_HUMAN,0,/core/www/modules/match_peptides/blast_html4.php?run_id=110202&search_id=114132&scans_id=110198&peptide_id=14585&scanf=23054&charge=2&value=0,R.SSPSLTILAGGK.C,/core/www/modules/show_out/show_out_wrapper.php?run_id=110202&search_id=114132&scans_id=110198&peptide_id=14585&scanf=23054&charge=2&value=R.SSPSLTILAGGK.C,ALDH4A1,2.121e+7,1.813,0.184,0.734,0.010
23057,2,"  2.332","  0.414",9/16,/core/www/modules//sdig/index.php?run_id=110202&search_id=114132&scans_id=110198&peptide_id=14588&scanf=23057&charge=2&value=9/16,sp|Q92499|DDX1_HUMAN,/core/www/modules//consensus/?run_id=110202&search_id=114132&scans_id=110198&peptide_id=14588&scanf=23057&charge=2&value=sp|Q92499|DDX1_HUMAN,9,/core/www/modules/match_peptides/blast_html4.php?run_id=110202&search_id=114132&scans_id=110198&peptide_id=14588&scanf=23057&charge=2&value=9,K.FNFGEEEFK.F,/core/www/modules/show_out/show_out_wrapper.php?run_id=110202&search_id=114132&scans_id=110198&peptide_id=14588&scanf=23057&charge=2&value=K.FNFGEEEFK.F,DDX1,1.023e+7,2.940,0.005,2.320,0.000
23059,2,"  3.068","  0.598",14/20,/core/www/modules//sdig/index.php?run_id=110202&search_id=114132&scans_id=110198&peptide_id=14590&scanf=23059&charge=2&value=14/20,sp|P78347|GTF2I_HUMAN,/core/www/modules//consensus/?run_id=110202&search_id=114132&scans_id=110198&peptide_id=14590&scanf=23059&charge=2&value=sp|P78347|GTF2I_HUMAN,2,/core/www/modules/match_peptides/blast_html4.php?run_id=110202&search_id=114132&scans_id=110198&peptide_id=14590&scanf=23059&charge=2&value=2,K.APSYLEISSMR.R,/core/www/modules/show_out/show_out_wrapper.php?run_id=110202&search_id=114132&scans_id=110198&peptide_id=14590&scanf=23059&charge=2&value=K.APSYLEISSMR.R,GTF2I,1.621e+7,3.825,0.000,3.629,0.000
23061,3,"  5.188","  0.559",25/112,/core/www/modules//sdig/index.php?run_id=110202&search_id=114132&scans_id=110198&peptide_id=14593&scanf=23061&charge=3&value=25/112,sp|P37108|SRP14_HUMAN,/core/www/modules//consensus/?run_id=110202&search_id=114132&scans_id=110198&peptide_id=14593&scanf=23061&charge=3&value=sp|P37108|SRP14_HUMAN,1,/core/www/modules/match_peptides/blast_html4.php?run_id=110202&search_id=114132&scans_id=110198&peptide_id=14593&scanf=23061&charge=3&value=1,K.AAAAAAAAAPAAAATAPTTAATTAATAAQ.-,/core/www/modules/show_out/show_out_wrapper.php?run_id=110202&search_id=114132&scans_id=110198&peptide_id=14593&scanf=23061&charge=3&value=K.AAAAAAAAAPAAAATAPTTAATTAATAAQ.-,SRP14,1.766e+7,2.851,0.006,2.189,0.000
23063,3,"  3.270","  0.326",15/44,/core/www/modules//sdig/index.php?run_id=110202&search_id=114132&scans_id=110198&peptide_id=14594&scanf=23063&charge=3&value=15/44,sp|Q01844|EWS_HUMAN,/core/www/modules//consensus/?run_id=110202&search_id=114132&scans_id=110198&peptide_id=14594&scanf=23063&charge=3&value=sp|Q01844|EWS_HUMAN,4,/core/www/modules/match_peptides/blast_html4.php?run_id=110202&search_id=114132&scans_id=110198&peptide_id=14594&scanf=23063&charge=3&value=4,R.TGQPMIHIYLDK.E,/core/www/modules/show_out/show_out_wrapper.php?run_id=110202&search_id=114132&scans_id=110198&peptide_id=14594&scanf=23063&charge=3&value=R.TGQPMIHIYLDK.E,EWSR1,9.563e+7,2.726,0.010,2.004,0.000
23064,2,"  4.039","  0.461",14/24,/core/www/modules//sdig/index.php?run_id=110202&search_id=114132&scans_id=110198&peptide_id=14595&scanf=23064&charge=2&value=14/24,sp|Q15459|SF3A1_HUMAN,/core/www/modules//consensus/?run_id=110202&search_id=114132&scans_id=110198&peptide_id=14595&scanf=23064&charge=2&value=sp|Q15459|SF3A1_HUMAN,0,/core/www/modules/match_peptides/blast_html4.php?run_id=110202&search_id=114132&scans_id=110198&peptide_id=14595&scanf=23064&charge=2&value=0,K.VQAQVIQETIVPK.E,/core/www/modules/show_out/show_out_wrapper.php?run_id=110202&search_id=114132&scans_id=110198&peptide_id=14595&scanf=23064&charge=2&value=K.VQAQVIQETIVPK.E,SF3A1,2.618e+7,3.138,0.002,2.612,0.000
23065,2,"  2.053","  0.307",10/16,/core/www/modules//sdig/index.php?run_id=110202&search_id=114132&scans_id=110198&peptide_id=14596&scanf=23065&charge=2&value=10/16,sp|P62851|RS25_HUMAN,/core/www/modules//consensus/?run_id=110202&search_id=114132&scans_id=110198&peptide_id=14596&scanf=23065&charge=2&value=sp|P62851|RS25_HUMAN,0,/core/www/modules/match_peptides/blast_html4.php?run_id=110202&search_id=114132&scans_id=110198&peptide_id=14596&scanf=23065&charge=2&value=0,R.AALQELLSK.G,/core/www/modules/show_out/show_out_wrapper.php?run_id=110202&search_id=114132&scans_id=110198&peptide_id=14596&scanf=23065&charge=2&value=R.AALQELLSK.G,RPS25,9.988e+7,2.654,0.013,1.898,0.000
23071,2,"  5.021","  0.745",19/28,/core/www/modules//sdig/index.php?run_id=110202&search_id=114132&scans_id=110198&peptide_id=14603&scanf=23071&charge=2&value=19/28,sp|Q8TAQ2|SMRC2_HUMAN,/core/www/modules//consensus/?run_id=110202&search_id=114132&scans_id=110198&peptide_id=14603&scanf=23071&charge=2&value=sp|Q8TAQ2|SMRC2_HUMAN,2,/core/www/modules/match_peptides/blast_html4.php?run_id=110202&search_id=114132&scans_id=110198&peptide_id=14603&scanf=23071&charge=2&value=2,K.YYEAADTVTQFDNVR.L,/core/www/modules/show_out/show_out_wrapper.php?run_id=110202&search_id=114132&scans_id=110198&peptide_id=14603&scanf=23071&charge=2&value=K.YYEAADTVTQFDNVR.L,SMARCC2,1.506e+7,4.340,0.000,4.394,0.000
23074,3,"  3.340","  0.449",14/48,/core/www/modules//sdig/index.php?run_id=110202&search_id=114132&scans_id=110198&peptide_id=14606&scanf=23074&charge=3&value=14/48,sp|P52209|6PGD_HUMAN,/core/www/modules//consensus/?run_id=110202&search_id=114132&scans_id=110198&peptide_id=14606&scanf=23074&charge=3&value=sp|P52209|6PGD_HUMAN,0,/core/www/modules/match_peptides/blast_html4.php?run_id=110202&search_id=114132&scans_id=110198&peptide_id=14606&scanf=23074&charge=3&value=0,R.HEMLPASLIQAQR.D,/core/www/modules/show_out/show_out_wrapper.php?run_id=110202&search_id=114132&scans_id=110198&peptide_id=14606&scanf=23074&charge=3&value=R.HEMLPASLIQAQR.D,PGD,9.572e+6,3.018,0.004,2.434,0.000
23075,2,"  1.983","  0.265",8/12,/core/www/modules//sdig/index.php?run_id=110202&search_id=114132&scans_id=110198&peptide_id=14607&scanf=23075&charge=2&value=8/12,sp|P26640|SYVC_HUMAN,/core/www/modules//consensus/?run_id=110202&search_id=114132&scans_id=110198&peptide_id=14607&scanf=23075&charge=2&value=sp|P26640|SYVC_HUMAN,2,/core/www/modules/match_peptides/blast_html4.php?run_id=110202&search_id=114132&scans_id=110198&peptide_id=14607&scanf=23075&charge=2&value=2,R.MVMLGLK.L,/core/www/modules/show_out/show_out_wrapper.php?run_id=110202&search_id=114132&scans_id=110198&peptide_id=14607&scanf=23075&charge=2&value=R.MVMLGLK.L,VARS1,6.718e+6,2.593,0.015,1.810,0.000
23076,2,"  4.755","  0.679",19/32,/core/www/modules//sdig/index.php?run_id=110202&search_id=114132&scans_id=110198&peptide_id=14608&scanf=23076&charge=2&value=19/32,sp|P11021|BIP_HUMAN,/core/www/modules//consensus/?run_id=110202&search_id=114132&scans_id=110198&peptide_id=14608&scanf=23076&charge=2&value=sp|P11021|BIP_HUMAN,2,/core/www/modules/match_peptides/blast_html4.php?run_id=110202&search_id=114132&scans_id=110198&peptide_id=14608&scanf=23076&charge=2&value=2,K.SQIFSTASDNQPTVTIK.V,/core/www/modules/show_out/show_out_wrapper.php?run_id=110202&search_id=114132&scans_id=110198&peptide_id=14608&scanf=23076&charge=2&value=K.SQIFSTASDNQPTVTIK.V,HSPA5,8.549e+6,3.754,0.000,3.524,0.000
23078,2,"  3.742","  0.675",17/26,/core/www/modules//sdig/index.php?run_id=110202&search_id=114132&scans_id=110198&peptide_id=14610&scanf=23078&charge=2&value=17/26,sp|Q9Y4W2|LAS1L_HUMAN,/core/www/modules//consensus/?run_id=110202&search_id=114132&scans_id=110198&peptide_id=14610&scanf=23078&charge=2&value=sp|Q9Y4W2|LAS1L_HUMAN,6,/core/www/modules/match_peptides/blast_html4.php?run_id=110202&search_id=114132&scans_id=110198&peptide_id=14610&scanf=23078&charge=2&value=6,R.GLHSQNFTQALLER.M,/core/www/modules/show_out/show_out_wrapper.php?run_id=110202&search_id=114132&scans_id=110198&peptide_id=14610&scanf=23078&charge=2&value=R.GLHSQNFTQALLER.M,LAS1L,5.934e+6,3.810,0.000,3.607,0.000
23079,2,"  2.422","  0.373",12/22,/core/www/modules//sdig/index.php?run_id=110202&search_id=114132&scans_id=110198&peptide_id=14611&scanf=23079&charge=2&value=12/22,sp|P11586|C1TC_HUMAN,/core/www/modules//consensus/?run_id=110202&search_id=114132&scans_id=110198&peptide_id=14611&scanf=23079&charge=2&value=sp|P11586|C1TC_HUMAN,7,/core/www/modules/match_peptides/blast_html4.php?run_id=110202&search_id=114132&scans_id=110198&peptide_id=14611&scanf=23079&charge=2&value=7,K.TDTESELDLISR.L,/core/www/modules/show_out/show_out_wrapper.php?run_id=110202&search_id=114132&scans_id=110198&peptide_id=14611&scanf=23079&charge=2&value=K.TDTESELDLISR.L,MTHFD1,4.864e+6,2.723,0.010,2.000,0.000
23081,2,"  2.920","  0.562",11/24,/core/www/modules//sdig/index.php?run_id=110202&search_id=114132&scans_id=110198&peptide_id=14614&scanf=23081&charge=2&value=11/24,sp|O95573|ACSL3_HUMAN,/core/www/modules//consensus/?run_id=110202&search_id=114132&scans_id=110198&peptide_id=14614&scanf=23081&charge=2&value=sp|O95573|ACSL3_HUMAN,3,/core/www/modules/match_peptides/blast_html4.php?run_id=110202&search_id=114132&scans_id=110198&peptide_id=14614&scanf=23081&charge=2&value=3,K.VLSEAAISASLEK.F,/core/www/modules/show_out/show_out_wrapper.php?run_id=110202&search_id=114132&scans_id=110198&peptide_id=14614&scanf=23081&charge=2&value=K.VLSEAAISASLEK.F,ACSL3,4.632e+6,3.113,0.003,2.575,0.000
23082,3,"  5.604","  0.549",25/76,/core/www/modules//sdig/index.php?run_id=110202&search_id=114132&scans_id=110198&peptide_id=14615&scanf=23082&charge=3&value=25/76,sp|P60228|EIF3E_HUMAN,/core/www/modules//consensus/?run_id=110202&search_id=114132&scans_id=110198&peptide_id=14615&scanf=23082&charge=3&value=sp|P60228|EIF3E_HUMAN,13,/core/www/modules/match_peptides/blast_html4.php?run_id=110202&search_id=114132&scans_id=110198&peptide_id=14615&scanf=23082&charge=3&value=13,K.LGHVVMGNNAVSPYQQVIEK.T,/core/www/modules/show_out/show_out_wrapper.php?run_id=110202&search_id=114132&scans_id=110198&peptide_id=14615&scanf=23082&charge=3&value=K.LGHVVMGNNAVSPYQQVIEK.T,EIF3E,1.006e+7,3.324,0.001,2.888,0.000
23085,2,"  1.537","  0.065",8/16,/core/www/modules//sdig/index.php?run_id=110202&search_id=114132&scans_id=110198&peptide_id=14617&scanf=23085&charge=2&value=8/16,sp|P04908|H2A1B_HUMAN,/core/www/modules//consensus/?run_id=110202&search_id=114132&scans_id=110198&peptide_id=14617&scanf=23085&charge=2&value=sp|P04908|H2A1B_HUMAN,19,/core/www/modules/match_peptides/blast_html4.php?run_id=110202&search_id=114132&scans_id=110198&peptide_id=14617&scanf=23085&charge=2&value=19,R.AGLQFPVGR.V,/core/www/modules/show_out/show_out_wrapper.php?run_id=110202&search_id=114132&scans_id=110198&peptide_id=14617&scanf=23085&charge=2&value=R.AGLQFPVGR.V,H2AC8,2.741e+9,1.822,0.180,0.745,0.010
23088,3,"  3.659","  0.515",12/56,/core/www/modules//sdig/index.php?run_id=110202&search_id=114132&scans_id=110198&peptide_id=14620&scanf=23088&charge=3&value=12/56,sp|P52272|HNRPM_HUMAN,/core/www/modules//consensus/?run_id=110202&search_id=114132&scans_id=110198&peptide_id=14620&scanf=23088&charge=3&value=sp|P52272|HNRPM_HUMAN,2,/core/www/modules/match_peptides/blast_html4.php?run_id=110202&search_id=114132&scans_id=110198&peptide_id=14620&scanf=23088&charge=3&value=2,R.M*GPLGLDHMASSIER.M,/core/www/modules/show_out/show_out_wrapper.php?run_id=110202&search_id=114132&scans_id=110198&peptide_id=14620&scanf=23088&charge=3&value=R.M*GPLGLDHMASSIER.M,HNRNPM,1.635e+7,3.374,0.001,2.961,0.000
23089,3,"  3.272","  0.521",12/48,/core/www/modules//sdig/index.php?run_id=110202&search_id=114132&scans_id=110198&peptide_id=14621&scanf=23089&charge=3&value=12/48,sp|Q9HAF1|EAF6_HUMAN,/core/www/modules//consensus/?run_id=110202&search_id=114132&scans_id=110198&peptide_id=14621&scanf=23089&charge=3&value=sp|Q9HAF1|EAF6_HUMAN,0,/core/www/modules/match_peptides/blast_html4.php?run_id=110202&search_id=114132&scans_id=110198&peptide_id=14621&scanf=23089&charge=3&value=0,R.KQELAETLANLER.Q,/core/www/modules/show_out/show_out_wrapper.php?run_id=110202&search_id=114132&scans_id=110198&peptide_id=14621&scanf=23089&charge=3&value=R.KQELAETLANLER.Q,MEAF6,6.090e+6,2.923,0.005,2.295,0.000
23090,3,"  2.706","  0.528",13/28,/core/www/modules//sdig/index.php?run_id=110202&search_id=114132&scans_id=110198&peptide_id=14623&scanf=23090&charge=3&value=13/28,sp|Q13263|TIF1B_HUMAN,/core/www/modules//consensus/?run_id=110202&search_id=114132&scans_id=110198&peptide_id=14623&scanf=23090&charge=3&value=sp|Q13263|TIF1B_HUMAN,0,/core/www/modules/match_peptides/blast_html4.php?run_id=110202&search_id=114132&scans_id=110198&peptide_id=14623&scanf=23090&charge=3&value=0,K.LIYFQLHR.A,/core/www/modules/show_out/show_out_wrapper.php?run_id=110202&search_id=114132&scans_id=110198&peptide_id=14623&scanf=23090&charge=3&value=K.LIYFQLHR.A,TRIM28,7.113e+6,3.742,0.000,3.507,0.000
23093,3,"  4.051","  0.622",21/80,/core/www/modules//sdig/index.php?run_id=110202&search_id=114132&scans_id=110198&peptide_id=14626&scanf=23093&charge=3&value=21/80,sp|Q6DD88|ATLA3_HUMAN,/core/www/modules//consensus/?run_id=110202&search_id=114132&scans_id=110198&peptide_id=14626&scanf=23093&charge=3&value=sp|Q6DD88|ATLA3_HUMAN,1,/core/www/modules/match_peptides/blast_html4.php?run_id=110202&search_id=114132&scans_id=110198&peptide_id=14626&scanf=23093&charge=3&value=1,R.GADDAMESSKPGPVQVVLVQK.D,/core/www/modules/show_out/show_out_wrapper.php?run_id=110202&search_id=114132&scans_id=110198&peptide_id=14626&scanf=23093&charge=3&value=R.GADDAMESSKPGPVQVVLVQK.D,ATL3,5.801e+6,3.337,0.001,2.906,0.000
23094,2,"  1.522","  0.135",7/14,/core/www/modules//sdig/index.php?run_id=110202&search_id=114132&scans_id=110198&peptide_id=14627&scanf=23094&charge=2&value=7/14,sp|Q9NU22|MDN1_HUMAN,/core/www/modules//consensus/?run_id=110202&search_id=114132&scans_id=110198&peptide_id=14627&scanf=23094&charge=2&value=sp|Q9NU22|MDN1_HUMAN,0,/core/www/modules/match_peptides/blast_html4.php?run_id=110202&search_id=114132&scans_id=110198&peptide_id=14627&scanf=23094&charge=2&value=0,R.DLMEAAFK.F,/core/www/modules/show_out/show_out_wrapper.php?run_id=110202&search_id=114132&scans_id=110198&peptide_id=14627&scanf=23094&charge=2&value=R.DLMEAAFK.F,MDN1,5.213e+6,2.147,0.067,1.172,0.002
23095,2,"  2.989","  0.561",10/20,/core/www/modules//sdig/index.php?run_id=110202&search_id=114132&scans_id=110198&peptide_id=14628&scanf=23095&charge=2&value=10/20,sp|Q12906|ILF3_HUMAN,/core/www/modules//consensus/?run_id=110202&search_id=114132&scans_id=110198&peptide_id=14628&scanf=23095&charge=2&value=sp|Q12906|ILF3_HUMAN,1,/core/www/modules/match_peptides/blast_html4.php?run_id=110202&search_id=114132&scans_id=110198&peptide_id=14628&scanf=23095&charge=2&value=1,R.FVMEVEVDGQK.F,/core/www/modules/show_out/show_out_wrapper.php?run_id=110202&search_id=114132&scans_id=110198&peptide_id=14628&scanf=23095&charge=2&value=R.FVMEVEVDGQK.F,ILF3,1.050e+8,3.481,0.001,3.120,0.000
23097,2,"  1.818","  0.176",6/14,/core/www/modules//sdig/index.php?run_id=110202&search_id=114132&scans_id=110198&peptide_id=14630&scanf=23097&charge=2&value=6/14,sp|Q8IY17|PLPL6_HUMAN,/core/www/modules//consensus/?run_id=110202&search_id=114132&scans_id=110198&peptide_id=14630&scanf=23097&charge=2&value=sp|Q8IY17|PLPL6_HUMAN,1,/core/www/modules/match_peptides/blast_html4.php?run_id=110202&search_id=114132&scans_id=110198&peptide_id=14630&scanf=23097&charge=2&value=1,K.SDFYEIMR.A,/core/www/modules/show_out/show_out_wrapper.php?run_id=110202&search_id=114132&scans_id=110198&peptide_id=14630&scanf=23097&charge=2&value=K.SDFYEIMR.A,PNPLA6,4.434e+6,1.814,0.184,0.736,0.010
23098,2,"  1.834","  0.318",8/16,/core/www/modules//sdig/index.php?run_id=110202&search_id=114132&scans_id=110198&peptide_id=14631&scanf=23098&charge=2&value=8/16,sp|Q9BRA2|TXD17_HUMAN,/core/www/modules//consensus/?run_id=110202&search_id=114132&scans_id=110198&peptide_id=14631&scanf=23098&charge=2&value=sp|Q9BRA2|TXD17_HUMAN,1,/core/www/modules/match_peptides/blast_html4.php?run_id=110202&search_id=114132&scans_id=110198&peptide_id=14631&scanf=23098&charge=2&value=1,K.VTAVPTLLK.Y,/core/www/modules/show_out/show_out_wrapper.php?run_id=110202&search_id=114132&scans_id=110198&peptide_id=14631&scanf=23098&charge=2&value=K.VTAVPTLLK.Y,TXNDC17,4.277e+6,2.485,0.022,1.652,0.001
23100,2,"  2.004","  0.289",7/20,/core/www/modules//sdig/index.php?run_id=110202&search_id=114132&scans_id=110198&peptide_id=14634&scanf=23100&charge=2&value=7/20,sp|Q5JVF3|PCID2_HUMAN,/core/www/modules//consensus/?run_id=110202&search_id=114132&scans_id=110198&peptide_id=14634&scanf=23100&charge=2&value=sp|Q5JVF3|PCID2_HUMAN,0,/core/www/modules/match_peptides/blast_html4.php?run_id=110202&search_id=114132&scans_id=110198&peptide_id=14634&scanf=23100&charge=2&value=0,K.YHLMQFAEVTR.A,/core/www/modules/show_out/show_out_wrapper.php?run_id=110202&search_id=114132&scans_id=110198&peptide_id=14634&scanf=23100&charge=2&value=K.YHLMQFAEVTR.A,PCID2,4.119e+6,2.147,0.067,1.172,0.002
23102,3,"  2.886","  0.200",10/56,/core/www/modules//sdig/index.php?run_id=110202&search_id=114132&scans_id=110198&peptide_id=14636&scanf=23102&charge=3&value=10/56,sp|O95619|YETS4_HUMAN,/core/www/modules//consensus/?run_id=110202&search_id=114132&scans_id=110198&peptide_id=14636&scanf=23102&charge=3&value=sp|O95619|YETS4_HUMAN,2,/core/www/modules/match_peptides/blast_html4.php?run_id=110202&search_id=114132&scans_id=110198&peptide_id=14636&scanf=23102&charge=3&value=2,K.GVTIVKPIVYGNVAR.Y,/core/www/modules/show_out/show_out_wrapper.php?run_id=110202&search_id=114132&scans_id=110198&peptide_id=14636&scanf=23102&charge=3&value=K.GVTIVKPIVYGNVAR.Y,YEATS4,5.191e+6,1.892,0.147,0.832,0.007
23103,3,"  1.881","  0.403",11/40,/core/www/modules//sdig/index.php?run_id=110202&search_id=114132&scans_id=110198&peptide_id=14637&scanf=23103&charge=3&value=11/40,sp|O75691|UTP20_HUMAN,/core/www/modules//consensus/?run_id=110202&search_id=114132&scans_id=110198&peptide_id=14637&scanf=23103&charge=3&value=sp|O75691|UTP20_HUMAN,0,/core/www/modules/match_peptides/blast_html4.php?run_id=110202&search_id=114132&scans_id=110198&peptide_id=14637&scanf=23103&charge=3&value=0,R.LGNVNIDIIHR.I,/core/www/modules/show_out/show_out_wrapper.php?run_id=110202&search_id=114132&scans_id=110198&peptide_id=14637&scanf=23103&charge=3&value=R.LGNVNIDIIHR.I,UTP20,1.711e+7,2.948,0.005,2.332,0.000
23105,2,"  2.765","  0.487",12/24,/core/www/modules//sdig/index.php?run_id=110202&search_id=114132&scans_id=110198&peptide_id=14638&scanf=23105&charge=2&value=12/24,sp|P06396|GELS_HUMAN,/core/www/modules//consensus/?run_id=110202&search_id=114132&scans_id=110198&peptide_id=14638&scanf=23105&charge=2&value=sp|P06396|GELS_HUMAN,3,/core/www/modules/match_peptides/blast_html4.php?run_id=110202&search_id=114132&scans_id=110198&peptide_id=14638&scanf=23105&charge=2&value=3,K.AGALNSNDAFVLK.T,/core/www/modules/show_out/show_out_wrapper.php?run_id=110202&search_id=114132&scans_id=110198&peptide_id=14638&scanf=23105&charge=2&value=K.AGALNSNDAFVLK.T,GSN,1.471e+7,2.855,0.006,2.194,0.000
23106,3,"  2.816","  0.391",14/32,/core/www/modules//sdig/index.php?run_id=110202&search_id=114132&scans_id=110198&peptide_id=14639&scanf=23106&charge=3&value=14/32,sp|Q8N884|CGAS_HUMAN,/core/www/modules//consensus/?run_id=110202&search_id=114132&scans_id=110198&peptide_id=14639&scanf=23106&charge=3&value=sp|Q8N884|CGAS_HUMAN,1,/core/www/modules/match_peptides/blast_html4.php?run_id=110202&search_id=114132&scans_id=110198&peptide_id=14639&scanf=23106&charge=3&value=1,R.LKPFYLVPK.H,/core/www/modules/show_out/show_out_wrapper.php?run_id=110202&search_id=114132&scans_id=110198&peptide_id=14639&scanf=23106&charge=3&value=R.LKPFYLVPK.H,CGAS,4.002e+7,3.197,0.002,2.700,0.000
23107,3,"  2.246","  0.398",13/52,/core/www/modules//sdig/index.php?run_id=110202&search_id=114132&scans_id=110198&peptide_id=14640&scanf=23107&charge=3&value=13/52,sp|P62906|RL10A_HUMAN,/core/www/modules//consensus/?run_id=110202&search_id=114132&scans_id=110198&peptide_id=14640&scanf=23107&charge=3&value=sp|P62906|RL10A_HUMAN,0,/core/www/modules/match_peptides/blast_html4.php?run_id=110202&search_id=114132&scans_id=110198&peptide_id=14640&scanf=23107&charge=3&value=0,K.FPSLLTHNENMVAK.V,/core/www/modules/show_out/show_out_wrapper.php?run_id=110202&search_id=114132&scans_id=110198&peptide_id=14640&scanf=23107&charge=3&value=K.FPSLLTHNENMVAK.V,RPL10A,4.149e+8,2.755,0.009,2.047,0.000
23109,2,"  1.646","  0.043",9/18,/core/www/modules//sdig/index.php?run_id=110202&search_id=114132&scans_id=110198&peptide_id=14642&scanf=23109&charge=2&value=9/18,sp|P52272|HNRPM_HUMAN,/core/www/modules//consensus/?run_id=110202&search_id=114132&scans_id=110198&peptide_id=14642&scanf=23109&charge=2&value=sp|P52272|HNRPM_HUMAN,2,/core/www/modules/match_peptides/blast_html4.php?run_id=110202&search_id=114132&scans_id=110198&peptide_id=14642&scanf=23109&charge=2&value=2,R.INEILSNALK.R,/core/www/modules/show_out/show_out_wrapper.php?run_id=110202&search_id=114132&scans_id=110198&peptide_id=14642&scanf=23109&charge=2&value=R.INEILSNALK.R,HNRNPM,1.908e+8,1.823,0.179,0.747,0.010
23110,3,"  2.206","  0.394",11/40,/core/www/modules//sdig/index.php?run_id=110202&search_id=114132&scans_id=110198&peptide_id=14644&scanf=23110&charge=3&value=11/40,sp|Q96T58|MINT_HUMAN,/core/www/modules//consensus/?run_id=110202&search_id=114132&scans_id=110198&peptide_id=14644&scanf=23110&charge=3&value=sp|Q96T58|MINT_HUMAN,2,/core/www/modules/match_peptides/blast_html4.php?run_id=110202&search_id=114132&scans_id=110198&peptide_id=14644&scanf=23110&charge=3&value=2,R.EQFTLPSVVHR.D,/core/www/modules/show_out/show_out_wrapper.php?run_id=110202&search_id=114132&scans_id=110198&peptide_id=14644&scanf=23110&charge=3&value=R.EQFTLPSVVHR.D,SPEN,7.419e+6,2.770,0.009,2.069,0.000
23114,2,"  4.183","  0.568",13/24,/core/www/modules//sdig/index.php?run_id=110202&search_id=114132&scans_id=110198&peptide_id=14648&scanf=23114&charge=2&value=13/24,sp|P20700|LMNB1_HUMAN,/core/www/modules//consensus/?run_id=110202&search_id=114132&scans_id=110198&peptide_id=14648&scanf=23114&charge=2&value=sp|P20700|LMNB1_HUMAN,2,/core/www/modules/match_peptides/blast_html4.php?run_id=110202&search_id=114132&scans_id=110198&peptide_id=14648&scanf=23114&charge=2&value=2,R.IESLSSQLSNLQK.E,/core/www/modules/show_out/show_out_wrapper.php?run_id=110202&search_id=114132&scans_id=110198&peptide_id=14648&scanf=23114&charge=2&value=R.IESLSSQLSNLQK.E,LMNB1,3.505e+7,3.471,0.001,3.106,0.000
23117,3,"  2.851","  0.334",10/64,/core/www/modules//sdig/index.php?run_id=110202&search_id=114132&scans_id=110198&peptide_id=14651&scanf=23117&charge=3&value=10/64,sp|Q01082|SPTB2_HUMAN,/core/www/modules//consensus/?run_id=110202&search_id=114132&scans_id=110198&peptide_id=14651&scanf=23117&charge=3&value=sp|Q01082|SPTB2_HUMAN,1,/core/www/modules/match_peptides/blast_html4.php?run_id=110202&search_id=114132&scans_id=110198&peptide_id=14651&scanf=23117&charge=3&value=1,R.MHTTFEHDIQALGTQVR.Q,/core/www/modules/show_out/show_out_wrapper.php?run_id=110202&search_id=114132&scans_id=110198&peptide_id=14651&scanf=23117&charge=3&value=R.MHTTFEHDIQALGTQVR.Q,SPTBN1,4.854e+6,2.444,0.026,1.593,0.001
23118,2,"  1.672","  0.263",7/12,/core/www/modules//sdig/index.php?run_id=110202&search_id=114132&scans_id=110198&peptide_id=14652&scanf=23118&charge=2&value=7/12,sp|Q7L5N1|CSN6_HUMAN,/core/www/modules//consensus/?run_id=110202&search_id=114132&scans_id=110198&peptide_id=14652&scanf=23118&charge=2&value=sp|Q7L5N1|CSN6_HUMAN,1,/core/www/modules/match_peptides/blast_html4.php?run_id=110202&search_id=114132&scans_id=110198&peptide_id=14652&scanf=23118&charge=2&value=1,K.LILEYVK.A,/core/www/modules/show_out/show_out_wrapper.php?run_id=110202&search_id=114132&scans_id=110198&peptide_id=14652&scanf=23118&charge=2&value=K.LILEYVK.A,COPS6,6.269e+6,2.512,0.020,1.691,0.000
23119,3,"  5.292","  0.464",17/60,/core/www/modules//sdig/index.php?run_id=110202&search_id=114132&scans_id=110198&peptide_id=14653&scanf=23119&charge=3&value=17/60,sp|Q99460|PSMD1_HUMAN,/core/www/modules//consensus/?run_id=110202&search_id=114132&scans_id=110198&peptide_id=14653&scanf=23119&charge=3&value=sp|Q99460|PSMD1_HUMAN,12,/core/www/modules/match_peptides/blast_html4.php?run_id=110202&search_id=114132&scans_id=110198&peptide_id=14653&scanf=23119&charge=3&value=12,R.HGGSLGLGLAAMGTAR.Q,/core/www/modules/show_out/show_out_wrapper.php?run_id=110202&search_id=114132&scans_id=110198&peptide_id=14653&scanf=23119&charge=3&value=R.HGGSLGLGLAAMGTAR.Q,PSMD1,8.322e+6,2.886,0.006,2.240,0.000
23126,2,"  3.191","  0.665",12/22,/core/www/modules//sdig/index.php?run_id=110202&search_id=114132&scans_id=110198&peptide_id=14660&scanf=23126&charge=2&value=12/22,sp|Q14839|CHD4_HUMAN,/core/www/modules//consensus/?run_id=110202&search_id=114132&scans_id=110198&peptide_id=14660&scanf=23126&charge=2&value=sp|Q14839|CHD4_HUMAN,22,/core/www/modules/match_peptides/blast_html4.php?run_id=110202&search_id=114132&scans_id=110198&peptide_id=14660&scanf=23126&charge=2&value=22,R.ENEFSFEDNAIR.G,/core/www/modules/show_out/show_out_wrapper.php?run_id=110202&search_id=114132&scans_id=110198&peptide_id=14660&scanf=23126&charge=2&value=R.ENEFSFEDNAIR.G,CHD4,2.663e+7,3.836,0.000,3.646,0.000
23128,2,"  1.774","  0.496",10/16,/core/www/modules//sdig/index.php?run_id=110202&search_id=114132&scans_id=110198&peptide_id=14662&scanf=23128&charge=2&value=10/16,sp|O43143|DHX15_HUMAN,/core/www/modules//consensus/?run_id=110202&search_id=114132&scans_id=110198&peptide_id=14662&scanf=23128&charge=2&value=sp|O43143|DHX15_HUMAN,4,/core/www/modules/match_peptides/blast_html4.php?run_id=110202&search_id=114132&scans_id=110198&peptide_id=14662&scanf=23128&charge=2&value=4,K.YMTDGMLLR.E,/core/www/modules/show_out/show_out_wrapper.php?run_id=110202&search_id=114132&scans_id=110198&peptide_id=14662&scanf=23128&charge=2&value=K.YMTDGMLLR.E,DHX15,6.564e+7,3.389,0.001,2.983,0.000
23130,2,"  2.543","  0.470",10/18,/core/www/modules//sdig/index.php?run_id=110202&search_id=114132&scans_id=110198&peptide_id=14665&scanf=23130&charge=2&value=10/18,sp|Q15393|SF3B3_HUMAN,/core/www/modules//consensus/?run_id=110202&search_id=114132&scans_id=110198&peptide_id=14665&scanf=23130&charge=2&value=sp|Q15393|SF3B3_HUMAN,2,/core/www/modules/match_peptides/blast_html4.php?run_id=110202&search_id=114132&scans_id=110198&peptide_id=14665&scanf=23130&charge=2&value=2,R.IVILEYQPSK.N,/core/www/modules/show_out/show_out_wrapper.php?run_id=110202&search_id=114132&scans_id=110198&peptide_id=14665&scanf=23130&charge=2&value=R.IVILEYQPSK.N,SF3B3,4.612e+7,3.089,0.003,2.540,0.000
23131,2,"  3.224","  0.407",13/24,/core/www/modules//sdig/index.php?run_id=110202&search_id=114132&scans_id=110198&peptide_id=14666&scanf=23131&charge=2&value=13/24,sp|Q12824|SNF5_HUMAN,/core/www/modules//consensus/?run_id=110202&search_id=114132&scans_id=110198&peptide_id=14666&scanf=23131&charge=2&value=sp|Q12824|SNF5_HUMAN,7,/core/www/modules/match_peptides/blast_html4.php?run_id=110202&search_id=114132&scans_id=110198&peptide_id=14666&scanf=23131&charge=2&value=7,K.AVSISTEPPTYLR.E,/core/www/modules/show_out/show_out_wrapper.php?run_id=110202&search_id=114132&scans_id=110198&peptide_id=14666&scanf=23131&charge=2&value=K.AVSISTEPPTYLR.E,SMARCB1,5.045e+7,2.786,0.008,2.093,0.000
23135,2,"  2.588","  0.496",12/16,/core/www/modules//sdig/index.php?run_id=110202&search_id=114132&scans_id=110198&peptide_id=14670&scanf=23135&charge=2&value=12/16,sp|P53621|COPA_HUMAN,/core/www/modules//consensus/?run_id=110202&search_id=114132&scans_id=110198&peptide_id=14670&scanf=23135&charge=2&value=sp|P53621|COPA_HUMAN,3,/core/www/modules/match_peptides/blast_html4.php?run_id=110202&search_id=114132&scans_id=110198&peptide_id=14670&scanf=23135&charge=2&value=3,K.QLFLQTYAR.G,/core/www/modules/show_out/show_out_wrapper.php?run_id=110202&search_id=114132&scans_id=110198&peptide_id=14670&scanf=23135&charge=2&value=K.QLFLQTYAR.G,COPA,5.862e+6,3.619,0.000,3.324,0.000
23136,2,"  2.838","  0.515",9/20,/core/www/modules//sdig/index.php?run_id=110202&search_id=114132&scans_id=110198&peptide_id=14671&scanf=23136&charge=2&value=9/20,sp|Q9NR12|PDLI7_HUMAN,/core/www/modules//consensus/?run_id=110202&search_id=114132&scans_id=110198&peptide_id=14671&scanf=23136&charge=2&value=sp|Q9NR12|PDLI7_HUMAN,3,/core/www/modules/match_peptides/blast_html4.php?run_id=110202&search_id=114132&scans_id=110198&peptide_id=14671&scanf=23136&charge=2&value=3,R.YTFAPSVSLNK.T,/core/www/modules/show_out/show_out_wrapper.php?run_id=110202&search_id=114132&scans_id=110198&peptide_id=14671&scanf=23136&charge=2&value=R.YTFAPSVSLNK.T,PDLIM7,6.542e+6,3.079,0.003,2.524,0.000
23138,2,"  3.610","  0.621",17/28,/core/www/modules//sdig/index.php?run_id=110202&search_id=114132&scans_id=110198&peptide_id=14673&scanf=23138&charge=2&value=17/28,sp|P0DMV8|HS71A_HUMAN,/core/www/modules//consensus/?run_id=110202&search_id=114132&scans_id=110198&peptide_id=14673&scanf=23138&charge=2&value=sp|P0DMV8|HS71A_HUMAN,2,/core/www/modules/match_peptides/blast_html4.php?run_id=110202&search_id=114132&scans_id=110198&peptide_id=14673&scanf=23138&charge=2&value=2,K.NQVALNPQNTVFDAK.R,/core/www/modules/show_out/show_out_wrapper.php?run_id=110202&search_id=114132&scans_id=110198&peptide_id=14673&scanf=23138&charge=2&value=K.NQVALNPQNTVFDAK.R,HSPA1A,1.293e+7,3.603,0.001,3.301,0.000
23140,2,"  2.193","  0.351",8/24,/core/www/modules//sdig/index.php?run_id=110202&search_id=114132&scans_id=110198&peptide_id=14675&scanf=23140&charge=2&value=8/24,sp|Q86UE4|LYRIC_HUMAN,/core/www/modules//consensus/?run_id=110202&search_id=114132&scans_id=110198&peptide_id=14675&scanf=23140&charge=2&value=sp|Q86UE4|LYRIC_HUMAN,1,/core/www/modules/match_peptides/blast_html4.php?run_id=110202&search_id=114132&scans_id=110198&peptide_id=14675&scanf=23140&charge=2&value=1,K.TISTSDPAEVLVK.N,/core/www/modules/show_out/show_out_wrapper.php?run_id=110202&search_id=114132&scans_id=110198&peptide_id=14675&scanf=23140&charge=2&value=K.TISTSDPAEVLVK.N,MTDH,4.763e+6,2.180,0.061,1.217,0.002
23141,2,"  3.392","  0.706",14/24,/core/www/modules//sdig/index.php?run_id=110202&search_id=114132&scans_id=110198&peptide_id=14676&scanf=23141&charge=2&value=14/24,sp|O75643|U520_HUMAN,/core/www/modules//consensus/?run_id=110202&search_id=114132&scans_id=110198&peptide_id=14676&scanf=23141&charge=2&value=sp|O75643|U520_HUMAN,0,/core/www/modules/match_peptides/blast_html4.php?run_id=110202&search_id=114132&scans_id=110198&peptide_id=14676&scanf=23141&charge=2&value=0,K.VVLLTGETSTDLK.L,/core/www/modules/show_out/show_out_wrapper.php?run_id=110202&search_id=114132&scans_id=110198&peptide_id=14676&scanf=23141&charge=2&value=K.VVLLTGETSTDLK.L,SNRNP200,3.567e+7,4.057,0.000,3.974,0.000
23143,2,"  2.928","  0.334",13/24,/core/www/modules//sdig/index.php?run_id=110202&search_id=114132&scans_id=110198&peptide_id=14678&scanf=23143&charge=2&value=13/24,sp|P18031|PTN1_HUMAN,/core/www/modules//consensus/?run_id=110202&search_id=114132&scans_id=110198&peptide_id=14678&scanf=23143&charge=2&value=sp|P18031|PTN1_HUMAN,1,/core/www/modules/match_peptides/blast_html4.php?run_id=110202&search_id=114132&scans_id=110198&peptide_id=14678&scanf=23143&charge=2&value=1,R.QLELENLTTQETR.E,/core/www/modules/show_out/show_out_wrapper.php?run_id=110202&search_id=114132&scans_id=110198&peptide_id=14678&scanf=23143&charge=2&value=R.QLELENLTTQETR.E,PTPN1,5.846e+6,2.423,0.027,1.563,0.001
23147,2,"  2.365","  0.642",11/18,/core/www/modules//sdig/index.php?run_id=110202&search_id=114132&scans_id=110198&peptide_id=14681&scanf=23147&charge=2&value=11/18,sp|P40937|RFC5_HUMAN,/core/www/modules//consensus/?run_id=110202&search_id=114132&scans_id=110198&peptide_id=14681&scanf=23147&charge=2&value=sp|P40937|RFC5_HUMAN,3,/core/www/modules/match_peptides/blast_html4.php?run_id=110202&search_id=114132&scans_id=110198&peptide_id=14681&scanf=23147&charge=2&value=3,R.GPILSFASTR.T,/core/www/modules/show_out/show_out_wrapper.php?run_id=110202&search_id=114132&scans_id=110198&peptide_id=14681&scanf=23147&charge=2&value=R.GPILSFASTR.T,RFC5,1.950e+7,3.740,0.000,3.504,0.000
23148,2,"  2.593","  0.590",11/22,/core/www/modules//sdig/index.php?run_id=110202&search_id=114132&scans_id=110198&peptide_id=14682&scanf=23148&charge=2&value=11/22,sp|Q15029|U5S1_HUMAN,/core/www/modules//consensus/?run_id=110202&search_id=114132&scans_id=110198&peptide_id=14682&scanf=23148&charge=2&value=sp|Q15029|U5S1_HUMAN,0,/core/www/modules/match_peptides/blast_html4.php?run_id=110202&search_id=114132&scans_id=110198&peptide_id=14682&scanf=23148&charge=2&value=0,K.STPVTVVLPDTK.G,/core/www/modules/show_out/show_out_wrapper.php?run_id=110202&search_id=114132&scans_id=110198&peptide_id=14682&scanf=23148&charge=2&value=K.STPVTVVLPDTK.G,EFTUD2,4.270e+7,3.442,0.001,3.063,0.000
23149,2,"  2.466","  0.267",10/18,/core/www/modules//sdig/index.php?run_id=110202&search_id=114132&scans_id=110198&peptide_id=14683&scanf=23149&charge=2&value=10/18,sp|Q13347|EIF3I_HUMAN,/core/www/modules//consensus/?run_id=110202&search_id=114132&scans_id=110198&peptide_id=14683&scanf=23149&charge=2&value=sp|Q13347|EIF3I_HUMAN,20,/core/www/modules/match_peptides/blast_html4.php?run_id=110202&search_id=114132&scans_id=110198&peptide_id=14683&scanf=23149&charge=2&value=20,R.DMTMFVTASK.D,/core/www/modules/show_out/show_out_wrapper.php?run_id=110202&search_id=114132&scans_id=110198&peptide_id=14683&scanf=23149&charge=2&value=R.DMTMFVTASK.D,EIF3I,9.580e+6,2.414,0.028,1.550,0.001
23150,2,"  2.671","  0.504",14/18,/core/www/modules//sdig/index.php?run_id=110202&search_id=114132&scans_id=110198&peptide_id=14685&scanf=23150&charge=2&value=14/18,sp|Q9Y657|SPIN1_HUMAN,/core/www/modules//consensus/?run_id=110202&search_id=114132&scans_id=110198&peptide_id=14685&scanf=23150&charge=2&value=sp|Q9Y657|SPIN1_HUMAN,0,/core/www/modules/match_peptides/blast_html4.php?run_id=110202&search_id=114132&scans_id=110198&peptide_id=14685&scanf=23150&charge=2&value=0,R.VSALEVLPDR.V,/core/www/modules/show_out/show_out_wrapper.php?run_id=110202&search_id=114132&scans_id=110198&peptide_id=14685&scanf=23150&charge=2&value=R.VSALEVLPDR.V,SPIN1,1.679e+7,3.509,0.001,3.161,0.000
23152,2,"  2.095","  0.480",11/20,/core/www/modules//sdig/index.php?run_id=110202&search_id=114132&scans_id=110198&peptide_id=14687&scanf=23152&charge=2&value=11/20,sp|P46940|IQGA1_HUMAN,/core/www/modules//consensus/?run_id=110202&search_id=114132&scans_id=110198&peptide_id=14687&scanf=23152&charge=2&value=sp|P46940|IQGA1_HUMAN,1,/core/www/modules/match_peptides/blast_html4.php?run_id=110202&search_id=114132&scans_id=110198&peptide_id=14687&scanf=23152&charge=2&value=1,K.TLQALQIPAAK.L,/core/www/modules/show_out/show_out_wrapper.php?run_id=110202&search_id=114132&scans_id=110198&peptide_id=14687&scanf=23152&charge=2&value=K.TLQALQIPAAK.L,IQGAP1,9.599e+6,3.167,0.002,2.655,0.000
23153,4,"  4.928","  0.639",18/138,/core/www/modules//sdig/index.php?run_id=110202&search_id=114132&scans_id=110198&peptide_id=14688&scanf=23153&charge=4&value=18/138,sp|O43837|IDH3B_HUMAN,/core/www/modules//consensus/?run_id=110202&search_id=114132&scans_id=110198&peptide_id=14688&scanf=23153&charge=4&value=sp|O43837|IDH3B_HUMAN,2,/core/www/modules/match_peptides/blast_html4.php?run_id=110202&search_id=114132&scans_id=110198&peptide_id=14688&scanf=23153&charge=4&value=2,K.AAAVPVEFQEHHLSEVQNMASEEK.L,/core/www/modules/show_out/show_out_wrapper.php?run_id=110202&search_id=114132&scans_id=110198&peptide_id=14688&scanf=23153&charge=4&value=K.AAAVPVEFQEHHLSEVQNMASEEK.L,IDH3B,4.498e+6,3.615,0.000,3.319,0.000
23156,2,"  2.401","  0.401",9/14,/core/www/modules//sdig/index.php?run_id=110202&search_id=114132&scans_id=110198&peptide_id=14691&scanf=23156&charge=2&value=9/14,sp|Q96GQ7|DDX27_HUMAN,/core/www/modules//consensus/?run_id=110202&search_id=114132&scans_id=110198&peptide_id=14691&scanf=23156&charge=2&value=sp|Q96GQ7|DDX27_HUMAN,2,/core/www/modules/match_peptides/blast_html4.php?run_id=110202&search_id=114132&scans_id=110198&peptide_id=14691&scanf=23156&charge=2&value=2,R.VLVLVPTR.E,/core/www/modules/show_out/show_out_wrapper.php?run_id=110202&search_id=114132&scans_id=110198&peptide_id=14691&scanf=23156&charge=2&value=R.VLVLVPTR.E,DDX27,6.827e+7,3.126,0.003,2.595,0.000
23158,3,"  3.870","  0.549",16/72,/core/www/modules//sdig/index.php?run_id=110202&search_id=114132&scans_id=110198&peptide_id=14693&scanf=23158&charge=3&value=16/72,sp|Q8NBS9|TXND5_HUMAN,/core/www/modules//consensus/?run_id=110202&search_id=114132&scans_id=110198&peptide_id=14693&scanf=23158&charge=3&value=sp|Q8NBS9|TXND5_HUMAN,0,/core/www/modules/match_peptides/blast_html4.php?run_id=110202&search_id=114132&scans_id=110198&peptide_id=14693&scanf=23158&charge=3&value=0,R.LQPTWNDLGDKYNSMEDAK.V,/core/www/modules/show_out/show_out_wrapper.php?run_id=110202&search_id=114132&scans_id=110198&peptide_id=14693&scanf=23158&charge=3&value=R.LQPTWNDLGDKYNSMEDAK.V,TXNDC5,3.523e+6,2.808,0.007,2.125,0.000
23159,3,"  4.934","  0.591",19/64,/core/www/modules//sdig/index.php?run_id=110202&search_id=114132&scans_id=110198&peptide_id=14694&scanf=23159&charge=3&value=19/64,sp|Q9UL25|RAB21_HUMAN,/core/www/modules//consensus/?run_id=110202&search_id=114132&scans_id=110198&peptide_id=14694&scanf=23159&charge=3&value=sp|Q9UL25|RAB21_HUMAN,0,/core/www/modules/match_peptides/blast_html4.php?run_id=110202&search_id=114132&scans_id=110198&peptide_id=14694&scanf=23159&charge=3&value=0,R.HVSIQEAESYAESVGAK.H,/core/www/modules/show_out/show_out_wrapper.php?run_id=110202&search_id=114132&scans_id=110198&peptide_id=14694&scanf=23159&charge=3&value=R.HVSIQEAESYAESVGAK.H,RAB21,8.706e+6,3.465,0.001,3.097,0.000
23160,3,"  1.652","  0.125",12/44,/core/www/modules//sdig/index.php?run_id=110202&search_id=114132&scans_id=110198&peptide_id=14696&scanf=23160&charge=3&value=12/44,sp|Q5VTL8|PR38B_HUMAN,/core/www/modules//consensus/?run_id=110202&search_id=114132&scans_id=110198&peptide_id=14696&scanf=23160&charge=3&value=sp|Q5VTL8|PR38B_HUMAN,0,/core/www/modules/match_peptides/blast_html4.php?run_id=110202&search_id=114132&scans_id=110198&peptide_id=14696&scanf=23160&charge=3&value=0,K.TYHEVVDEIYFK.V,/core/www/modules/show_out/show_out_wrapper.php?run_id=110202&search_id=114132&scans_id=110198&peptide_id=14696&scanf=23160&charge=3&value=K.TYHEVVDEIYFK.V,PRPF38B,5.072e+6,1.859,0.162,0.790,0.008
23161,2,"  1.847","  0.407",7/12,/core/www/modules//sdig/index.php?run_id=110202&search_id=114132&scans_id=110198&peptide_id=14697&scanf=23161&charge=2&value=7/12,sp|Q9H583|HEAT1_HUMAN,/core/www/modules//consensus/?run_id=110202&search_id=114132&scans_id=110198&peptide_id=14697&scanf=23161&charge=2&value=sp|Q9H583|HEAT1_HUMAN,1,/core/www/modules/match_peptides/blast_html4.php?run_id=110202&search_id=114132&scans_id=110198&peptide_id=14697&scanf=23161&charge=2&value=1,R.VLLPAIK.K,/core/www/modules/show_out/show_out_wrapper.php?run_id=110202&search_id=114132&scans_id=110198&peptide_id=14697&scanf=23161&charge=2&value=R.VLLPAIK.K,HEATR1,1.156e+7,3.005,0.004,2.415,0.000
23162,2,"  2.328","  0.312",8/16,/core/www/modules//sdig/index.php?run_id=110202&search_id=114132&scans_id=110198&peptide_id=14698&scanf=23162&charge=2&value=8/16,sp|Q9UIF9|BAZ2A_HUMAN,/core/www/modules//consensus/?run_id=110202&search_id=114132&scans_id=110198&peptide_id=14698&scanf=23162&charge=2&value=sp|Q9UIF9|BAZ2A_HUMAN,3,/core/www/modules/match_peptides/blast_html4.php?run_id=110202&search_id=114132&scans_id=110198&peptide_id=14698&scanf=23162&charge=2&value=3,R.VIMSDLQIR.G,/core/www/modules/show_out/show_out_wrapper.php?run_id=110202&search_id=114132&scans_id=110198&peptide_id=14698&scanf=23162&charge=2&value=R.VIMSDLQIR.G,BAZ2A,1.706e+7,2.540,0.019,1.732,0.000
23166,2,"  4.097","  0.570",16/28,/core/www/modules//sdig/index.php?run_id=110202&search_id=114132&scans_id=110198&peptide_id=14702&scanf=23166&charge=2&value=16/28,sp|Q8IX12|CCAR1_HUMAN,/core/www/modules//consensus/?run_id=110202&search_id=114132&scans_id=110198&peptide_id=14702&scanf=23166&charge=2&value=sp|Q8IX12|CCAR1_HUMAN,0,/core/www/modules/match_peptides/blast_html4.php?run_id=110202&search_id=114132&scans_id=110198&peptide_id=14702&scanf=23166&charge=2&value=0,K.ISENMNLQFENQMNK.T,/core/www/modules/show_out/show_out_wrapper.php?run_id=110202&search_id=114132&scans_id=110198&peptide_id=14702&scanf=23166&charge=2&value=K.ISENMNLQFENQMNK.T,CCAR1,3.968e+6,3.329,0.001,2.895,0.000
23169,3,"  7.301","  0.719",24/128,/core/www/modules//sdig/index.php?run_id=110202&search_id=114132&scans_id=110198&peptide_id=14704&scanf=23169&charge=3&value=24/128,sp|P05387|RLA2_HUMAN,/core/www/modules//consensus/?run_id=110202&search_id=114132&scans_id=110198&peptide_id=14704&scanf=23169&charge=3&value=sp|P05387|RLA2_HUMAN,1,/core/www/modules/match_peptides/blast_html4.php?run_id=110202&search_id=114132&scans_id=110198&peptide_id=14704&scanf=23169&charge=3&value=1,K.LASVPAGGAVAVSAAPGSAAPAAGSAPAAAEEK.K,/core/www/modules/show_out/show_out_wrapper.php?run_id=110202&search_id=114132&scans_id=110198&peptide_id=14704&scanf=23169&charge=3&value=K.LASVPAGGAVAVSAAPGSAAPAAGSAPAAAEEK.K,RPLP2,5.912e+7,3.323,0.001,2.885,0.000
23170,4,"  2.224","  0.461",16/78,/core/www/modules//sdig/index.php?run_id=110202&search_id=114132&scans_id=110198&peptide_id=14706&scanf=23170&charge=4&value=16/78,sp|Q96S55|WRIP1_HUMAN,/core/www/modules//consensus/?run_id=110202&search_id=114132&scans_id=110198&peptide_id=14706&scanf=23170&charge=4&value=sp|Q96S55|WRIP1_HUMAN,0,/core/www/modules/match_peptides/blast_html4.php?run_id=110202&search_id=114132&scans_id=110198&peptide_id=14706&scanf=23170&charge=4&value=0,R.NHQGPLPPVPLHLR.N,/core/www/modules/show_out/show_out_wrapper.php?run_id=110202&search_id=114132&scans_id=110198&peptide_id=14706&scanf=23170&charge=4&value=R.NHQGPLPPVPLHLR.N,WRNIP1,7.089e+6,3.300,0.001,2.852,0.000
23171,2,"  4.190","  0.632",16/28,/core/www/modules//sdig/index.php?run_id=110202&search_id=114132&scans_id=110198&peptide_id=14707&scanf=23171&charge=2&value=16/28,sp|Q9UIG0|BAZ1B_HUMAN,/core/www/modules//consensus/?run_id=110202&search_id=114132&scans_id=110198&peptide_id=14707&scanf=23171&charge=2&value=sp|Q9UIG0|BAZ1B_HUMAN,0,/core/www/modules/match_peptides/blast_html4.php?run_id=110202&search_id=114132&scans_id=110198&peptide_id=14707&scanf=23171&charge=2&value=0,K.GGLGYVEETSEFEAR.V,/core/www/modules/show_out/show_out_wrapper.php?run_id=110202&search_id=114132&scans_id=110198&peptide_id=14707&scanf=23171&charge=2&value=K.GGLGYVEETSEFEAR.V,BAZ1B,1.057e+7,3.648,0.000,3.368,0.000
23173,3,"  4.253","  0.552",15/60,/core/www/modules//sdig/index.php?run_id=110202&search_id=114132&scans_id=110198&peptide_id=14709&scanf=23173&charge=3&value=15/60,sp|P11234|RALB_HUMAN,/core/www/modules//consensus/?run_id=110202&search_id=114132&scans_id=110198&peptide_id=14709&scanf=23173&charge=3&value=sp|P11234|RALB_HUMAN,2,/core/www/modules/match_peptides/blast_html4.php?run_id=110202&search_id=114132&scans_id=110198&peptide_id=14709&scanf=23173&charge=3&value=2,R.VKAEEDKIPLLVVGNK.S,/core/www/modules/show_out/show_out_wrapper.php?run_id=110202&search_id=114132&scans_id=110198&peptide_id=14709&scanf=23173&charge=3&value=R.VKAEEDKIPLLVVGNK.S,RALB,8.633e+6,2.698,0.011,1.963,0.000
23174,2,"  2.568","  0.413",9/18,/core/www/modules//sdig/index.php?run_id=110202&search_id=114132&scans_id=110198&peptide_id=14710&scanf=23174&charge=2&value=9/18,sp|Q92616|GCN1_HUMAN,/core/www/modules//consensus/?run_id=110202&search_id=114132&scans_id=110198&peptide_id=14710&scanf=23174&charge=2&value=sp|Q92616|GCN1_HUMAN,0,/core/www/modules/match_peptides/blast_html4.php?run_id=110202&search_id=114132&scans_id=110198&peptide_id=14710&scanf=23174&charge=2&value=0,K.AIITALGVER.R,/core/www/modules/show_out/show_out_wrapper.php?run_id=110202&search_id=114132&scans_id=110198&peptide_id=14710&scanf=23174&charge=2&value=K.AIITALGVER.R,GCN1,2.276e+7,3.009,0.004,2.421,0.000
23176,2,"  2.392","  0.365",9/18,/core/www/modules//sdig/index.php?run_id=110202&search_id=114132&scans_id=110198&peptide_id=14712&scanf=23176&charge=2&value=9/18,sp|A6NHR9|SMHD1_HUMAN,/core/www/modules//consensus/?run_id=110202&search_id=114132&scans_id=110198&peptide_id=14712&scanf=23176&charge=2&value=sp|A6NHR9|SMHD1_HUMAN,2,/core/www/modules/match_peptides/blast_html4.php?run_id=110202&search_id=114132&scans_id=110198&peptide_id=14712&scanf=23176&charge=2&value=2,R.LQIFSVEGQK.A,/core/www/modules/show_out/show_out_wrapper.php?run_id=110202&search_id=114132&scans_id=110198&peptide_id=14712&scanf=23176&charge=2&value=R.LQIFSVEGQK.A,SMCHD1,5.484e+7,2.888,0.006,2.243,0.000
23177,2,"  2.091","  0.371",8/14,/core/www/modules//sdig/index.php?run_id=110202&search_id=114132&scans_id=110198&peptide_id=14713&scanf=23177&charge=2&value=8/14,sp|Q9UQ03|COR2B_HUMAN,/core/www/modules//consensus/?run_id=110202&search_id=114132&scans_id=110198&peptide_id=14713&scanf=23177&charge=2&value=sp|Q9UQ03|COR2B_HUMAN,0,/core/www/modules/match_peptides/blast_html4.php?run_id=110202&search_id=114132&scans_id=110198&peptide_id=14713&scanf=23177&charge=2&value=0,R.DPVLMSLK.E,/core/www/modules/show_out/show_out_wrapper.php?run_id=110202&search_id=114132&scans_id=110198&peptide_id=14713&scanf=23177&charge=2&value=R.DPVLMSLK.E,CORO2B,4.938e+6,2.812,0.007,2.130,0.000
23180,3,"  2.876","  0.556",13/40,/core/www/modules//sdig/index.php?run_id=110202&search_id=114132&scans_id=110198&peptide_id=14717&scanf=23180&charge=3&value=13/40,sp|Q9NW13|RBM28_HUMAN,/core/www/modules//consensus/?run_id=110202&search_id=114132&scans_id=110198&peptide_id=14717&scanf=23180&charge=3&value=sp|Q9NW13|RBM28_HUMAN,0,/core/www/modules/match_peptides/blast_html4.php?run_id=110202&search_id=114132&scans_id=110198&peptide_id=14717&scanf=23180&charge=3&value=0,K.RPIVEFSLEDR.R,/core/www/modules/show_out/show_out_wrapper.php?run_id=110202&search_id=114132&scans_id=110198&peptide_id=14717&scanf=23180&charge=3&value=K.RPIVEFSLEDR.R,RBM28,6.509e+6,3.535,0.001,3.200,0.000
23181,3,"  4.298","  0.468",11/52,/core/www/modules//sdig/index.php?run_id=110202&search_id=114132&scans_id=110198&peptide_id=14718&scanf=23181&charge=3&value=11/52,sp|P11142|HSP7C_HUMAN,/core/www/modules//consensus/?run_id=110202&search_id=114132&scans_id=110198&peptide_id=14718&scanf=23181&charge=3&value=sp|P11142|HSP7C_HUMAN,9,/core/www/modules/match_peptides/blast_html4.php?run_id=110202&search_id=114132&scans_id=110198&peptide_id=14718&scanf=23181&charge=3&value=9,K.HWPFMVVNDAGRPK.V,/core/www/modules/show_out/show_out_wrapper.php?run_id=110202&search_id=114132&scans_id=110198&peptide_id=14718&scanf=23181&charge=3&value=K.HWPFMVVNDAGRPK.V,HSPA8,1.177e+7,3.059,0.003,2.495,0.000
23184,3,"  2.002","  0.251",9/48,/core/www/modules//sdig/index.php?run_id=110202&search_id=114132&scans_id=110198&peptide_id=14721&scanf=23184&charge=3&value=9/48,sp|P50454|SERPH_HUMAN,/core/www/modules//consensus/?run_id=110202&search_id=114132&scans_id=110198&peptide_id=14721&scanf=23184&charge=3&value=sp|P50454|SERPH_HUMAN,2,/core/www/modules/match_peptides/blast_html4.php?run_id=110202&search_id=114132&scans_id=110198&peptide_id=14721&scanf=23184&charge=3&value=2,K.HLAGLGLTEAIDK.N,/core/www/modules/show_out/show_out_wrapper.php?run_id=110202&search_id=114132&scans_id=110198&peptide_id=14721&scanf=23184&charge=3&value=K.HLAGLGLTEAIDK.N,SERPINH1,2.042e+7,2.204,0.056,1.250,0.002
23185,2,"  2.651","  0.223",10/20,/core/www/modules//sdig/index.php?run_id=110202&search_id=114132&scans_id=110198&peptide_id=14722&scanf=23185&charge=2&value=10/20,sp|P16435|NCPR_HUMAN,/core/www/modules//consensus/?run_id=110202&search_id=114132&scans_id=110198&peptide_id=14722&scanf=23185&charge=2&value=sp|P16435|NCPR_HUMAN,3,/core/www/modules/match_peptides/blast_html4.php?run_id=110202&search_id=114132&scans_id=110198&peptide_id=14722&scanf=23185&charge=2&value=3,K.NPFLAAVTTNR.K,/core/www/modules/show_out/show_out_wrapper.php?run_id=110202&search_id=114132&scans_id=110198&peptide_id=14722&scanf=23185&charge=2&value=K.NPFLAAVTTNR.K,POR,5.278e+6,2.180,0.061,1.217,0.002
23187,2,"  2.724","  0.493",10/20,/core/www/modules//sdig/index.php?run_id=110202&search_id=114132&scans_id=110198&peptide_id=14724&scanf=23187&charge=2&value=10/20,sp|O75691|UTP20_HUMAN,/core/www/modules//consensus/?run_id=110202&search_id=114132&scans_id=110198&peptide_id=14724&scanf=23187&charge=2&value=sp|O75691|UTP20_HUMAN,0,/core/www/modules/match_peptides/blast_html4.php?run_id=110202&search_id=114132&scans_id=110198&peptide_id=14724&scanf=23187&charge=2&value=0,R.LGNVNIDIIHR.I,/core/www/modules/show_out/show_out_wrapper.php?run_id=110202&search_id=114132&scans_id=110198&peptide_id=14724&scanf=23187&charge=2&value=R.LGNVNIDIIHR.I,UTP20,4.096e+6,3.131,0.002,2.602,0.000
23191,3,"  6.119","  0.681",25/80,/core/www/modules//sdig/index.php?run_id=110202&search_id=114132&scans_id=110198&peptide_id=14728&scanf=23191&charge=3&value=25/80,sp|Q9BRJ6|CG050_HUMAN,/core/www/modules//consensus/?run_id=110202&search_id=114132&scans_id=110198&peptide_id=14728&scanf=23191&charge=3&value=sp|Q9BRJ6|CG050_HUMAN,1,/core/www/modules/match_peptides/blast_html4.php?run_id=110202&search_id=114132&scans_id=110198&peptide_id=14728&scanf=23191&charge=3&value=1,K.GEAVLRPGLDAEPELSPEEQR.V,/core/www/modules/show_out/show_out_wrapper.php?run_id=110202&search_id=114132&scans_id=110198&peptide_id=14728&scanf=23191&charge=3&value=K.GEAVLRPGLDAEPELSPEEQR.V,C7orf50,3.363e+7,3.717,0.000,3.470,0.000
23192,2,"  2.383","  0.517",10/20,/core/www/modules//sdig/index.php?run_id=110202&search_id=114132&scans_id=110198&peptide_id=14729&scanf=23192&charge=2&value=10/20,sp|P07814|SYEP_HUMAN,/core/www/modules//consensus/?run_id=110202&search_id=114132&scans_id=110198&peptide_id=14729&scanf=23192&charge=2&value=sp|P07814|SYEP_HUMAN,1,/core/www/modules/match_peptides/blast_html4.php?run_id=110202&search_id=114132&scans_id=110198&peptide_id=14729&scanf=23192&charge=2&value=1,K.FVELPGAEMGK.V,/core/www/modules/show_out/show_out_wrapper.php?run_id=110202&search_id=114132&scans_id=110198&peptide_id=14729&scanf=23192&charge=2&value=K.FVELPGAEMGK.V,EPRS1,3.397e+7,3.180,0.002,2.674,0.000
23195,2,"  3.715","  0.561",12/20,/core/www/modules//sdig/index.php?run_id=110202&search_id=114132&scans_id=110198&peptide_id=14732&scanf=23195&charge=2&value=12/20,sp|P62847|RS24_HUMAN,/core/www/modules//consensus/?run_id=110202&search_id=114132&scans_id=110198&peptide_id=14732&scanf=23195&charge=2&value=sp|P62847|RS24_HUMAN,3,/core/www/modules/match_peptides/blast_html4.php?run_id=110202&search_id=114132&scans_id=110198&peptide_id=14732&scanf=23195&charge=2&value=3,K.QMVIDVLHPGK.A,/core/www/modules/show_out/show_out_wrapper.php?run_id=110202&search_id=114132&scans_id=110198&peptide_id=14732&scanf=23195&charge=2&value=K.QMVIDVLHPGK.A,RPS24,7.329e+7,3.477,0.001,3.114,0.000
23197,3,"  1.812","  0.299",8/44,/core/www/modules//sdig/index.php?run_id=110202&search_id=114132&scans_id=110198&peptide_id=14734&scanf=23197&charge=3&value=8/44,sp|Q96FK6|WDR89_HUMAN,/core/www/modules//consensus/?run_id=110202&search_id=114132&scans_id=110198&peptide_id=14734&scanf=23197&charge=3&value=sp|Q96FK6|WDR89_HUMAN,1,/core/www/modules/match_peptides/blast_html4.php?run_id=110202&search_id=114132&scans_id=110198&peptide_id=14734&scanf=23197&charge=3&value=1,K.IEEQFANLHIVK.C,/core/www/modules/show_out/show_out_wrapper.php?run_id=110202&search_id=114132&scans_id=110198&peptide_id=14734&scanf=23197&charge=3&value=K.IEEQFANLHIVK.C,WDR89,1.072e+7,2.324,0.038,1.421,0.001
23198,3,"  3.921","  0.533",13/64,/core/www/modules//sdig/index.php?run_id=110202&search_id=114132&scans_id=110198&peptide_id=14735&scanf=23198&charge=3&value=13/64,sp|Q5JRX3|PREP_HUMAN,/core/www/modules//consensus/?run_id=110202&search_id=114132&scans_id=110198&peptide_id=14735&scanf=23198&charge=3&value=sp|Q5JRX3|PREP_HUMAN,10,/core/www/modules/match_peptides/blast_html4.php?run_id=110202&search_id=114132&scans_id=110198&peptide_id=14735&scanf=23198&charge=3&value=10,K.IEPSTVVPAQTPWDKPR.E,/core/www/modules/show_out/show_out_wrapper.php?run_id=110202&search_id=114132&scans_id=110198&peptide_id=14735&scanf=23198&charge=3&value=K.IEPSTVVPAQTPWDKPR.E,PITRM1,5.495e+6,3.087,0.003,2.537,0.000
23210,2,"  2.912","  0.300",12/20,/core/www/modules//sdig/index.php?run_id=110202&search_id=114132&scans_id=110198&peptide_id=14748&scanf=23210&charge=2&value=12/20,sp|O00571|DDX3X_HUMAN,/core/www/modules//consensus/?run_id=110202&search_id=114132&scans_id=110198&peptide_id=14748&scanf=23210&charge=2&value=sp|O00571|DDX3X_HUMAN,15,/core/www/modules/match_peptides/blast_html4.php?run_id=110202&search_id=114132&scans_id=110198&peptide_id=14748&scanf=23210&charge=2&value=15,R.ELAVQIYEEAR.K,/core/www/modules/show_out/show_out_wrapper.php?run_id=110202&search_id=114132&scans_id=110198&peptide_id=14748&scanf=23210&charge=2&value=R.ELAVQIYEEAR.K,DDX3X,1.066e+8,2.688,0.011,1.948,0.000
23215,3,"  2.318","  0.283",9/52,/core/www/modules//sdig/index.php?run_id=110202&search_id=114132&scans_id=110198&peptide_id=14753&scanf=23215&charge=3&value=9/52,sp|Q9Y4W2|LAS1L_HUMAN,/core/www/modules//consensus/?run_id=110202&search_id=114132&scans_id=110198&peptide_id=14753&scanf=23215&charge=3&value=sp|Q9Y4W2|LAS1L_HUMAN,6,/core/www/modules/match_peptides/blast_html4.php?run_id=110202&search_id=114132&scans_id=110198&peptide_id=14753&scanf=23215&charge=3&value=6,R.GLHSQNFTQALLER.M,/core/www/modules/show_out/show_out_wrapper.php?run_id=110202&search_id=114132&scans_id=110198&peptide_id=14753&scanf=23215&charge=3&value=R.GLHSQNFTQALLER.M,LAS1L,2.634e+7,2.290,0.043,1.372,0.001
23216,3,"  3.579","  0.462",12/40,/core/www/modules//sdig/index.php?run_id=110202&search_id=114132&scans_id=110198&peptide_id=14754&scanf=23216&charge=3&value=12/40,sp|Q8N163|CCAR2_HUMAN,/core/www/modules//consensus/?run_id=110202&search_id=114132&scans_id=110198&peptide_id=14754&scanf=23216&charge=3&value=sp|Q8N163|CCAR2_HUMAN,2,/core/www/modules/match_peptides/blast_html4.php?run_id=110202&search_id=114132&scans_id=110198&peptide_id=14754&scanf=23216&charge=3&value=2,R.RLTPLQLEIQR.V,/core/www/modules/show_out/show_out_wrapper.php?run_id=110202&search_id=114132&scans_id=110198&peptide_id=14754&scanf=23216&charge=3&value=R.RLTPLQLEIQR.V,CCAR2,9.762e+6,2.918,0.005,2.287,0.000
23219,3,"  5.054","  0.669",27/76,/core/www/modules//sdig/index.php?run_id=110202&search_id=114132&scans_id=110198&peptide_id=14757&scanf=23219&charge=3&value=27/76,sp|Q15149|PLEC_HUMAN,/core/www/modules//consensus/?run_id=110202&search_id=114132&scans_id=110198&peptide_id=14757&scanf=23219&charge=3&value=sp|Q15149|PLEC_HUMAN,5,/core/www/modules/match_peptides/blast_html4.php?run_id=110202&search_id=114132&scans_id=110198&peptide_id=14757&scanf=23219&charge=3&value=5,R.DALDGPAAEAEPEHSFDGLR.R,/core/www/modules/show_out/show_out_wrapper.php?run_id=110202&search_id=114132&scans_id=110198&peptide_id=14757&scanf=23219&charge=3&value=R.DALDGPAAEAEPEHSFDGLR.R,PLEC,1.621e+7,4.255,0.000,4.268,0.000
23220,4,"  7.270","  0.729",36/192,/core/www/modules//sdig/index.php?run_id=110202&search_id=114132&scans_id=110198&peptide_id=14759&scanf=23220&charge=4&value=36/192,sp|P51531|SMCA2_HUMAN,/core/www/modules//consensus/?run_id=110202&search_id=114132&scans_id=110198&peptide_id=14759&scanf=23220&charge=4&value=sp|P51531|SMCA2_HUMAN,2,/core/www/modules/match_peptides/blast_html4.php?run_id=110202&search_id=114132&scans_id=110198&peptide_id=14759&scanf=23220&charge=4&value=2,K.KKAEENAEGGESALGPDGEPIDESSQMSDLPVK.V,/core/www/modules/show_out/show_out_wrapper.php?run_id=110202&search_id=114132&scans_id=110198&peptide_id=14759&scanf=23220&charge=4&value=K.KKAEENAEGGESALGPDGEPIDESSQMSDLPVK.V,SMARCA2,5.726e+6,3.509,0.001,3.162,0.000
23222,2,"  1.973","  0.072",9/12,/core/www/modules//sdig/index.php?run_id=110202&search_id=114132&scans_id=110198&peptide_id=14761&scanf=23222&charge=2&value=9/12,sp|Q9NV31|IMP3_HUMAN,/core/www/modules//consensus/?run_id=110202&search_id=114132&scans_id=110198&peptide_id=14761&scanf=23222&charge=2&value=sp|Q9NV31|IMP3_HUMAN,0,/core/www/modules/match_peptides/blast_html4.php?run_id=110202&search_id=114132&scans_id=110198&peptide_id=14761&scanf=23222&charge=2&value=0,R.LPTVLLK.L,/core/www/modules/show_out/show_out_wrapper.php?run_id=110202&search_id=114132&scans_id=110198&peptide_id=14761&scanf=23222&charge=2&value=R.LPTVLLK.L,IMP3,9.057e+6,2.141,0.069,1.163,0.002
23223,3,"  3.995","  0.526",16/76,/core/www/modules//sdig/index.php?run_id=110202&search_id=114132&scans_id=110198&peptide_id=14762&scanf=23223&charge=3&value=16/76,sp|O15042|SR140_HUMAN,/core/www/modules//consensus/?run_id=110202&search_id=114132&scans_id=110198&peptide_id=14762&scanf=23223&charge=3&value=sp|O15042|SR140_HUMAN,3,/core/www/modules/match_peptides/blast_html4.php?run_id=110202&search_id=114132&scans_id=110198&peptide_id=14762&scanf=23223&charge=3&value=3,K.NPPNQSSNERPPSLLVIETK.K,/core/www/modules/show_out/show_out_wrapper.php?run_id=110202&search_id=114132&scans_id=110198&peptide_id=14762&scanf=23223&charge=3&value=K.NPPNQSSNERPPSLLVIETK.K,U2SURP,9.853e+6,3.045,0.003,2.475,0.000
23224,3,"  2.070","  0.221",11/44,/core/www/modules//sdig/index.php?run_id=110202&search_id=114132&scans_id=110198&peptide_id=14763&scanf=23224&charge=3&value=11/44,sp|Q5VTL8|PR38B_HUMAN,/core/www/modules//consensus/?run_id=110202&search_id=114132&scans_id=110198&peptide_id=14763&scanf=23224&charge=3&value=sp|Q5VTL8|PR38B_HUMAN,0,/core/www/modules/match_peptides/blast_html4.php?run_id=110202&search_id=114132&scans_id=110198&peptide_id=14763&scanf=23224&charge=3&value=0,K.TYHEVVDEIYFK.V,/core/www/modules/show_out/show_out_wrapper.php?run_id=110202&search_id=114132&scans_id=110198&peptide_id=14763&scanf=23224&charge=3&value=K.TYHEVVDEIYFK.V,PRPF38B,5.072e+6,2.169,0.063,1.203,0.002
23225,2,"  2.597","  0.408",13/22,/core/www/modules//sdig/index.php?run_id=110202&search_id=114132&scans_id=110198&peptide_id=14764&scanf=23225&charge=2&value=13/22,sp|O43707|ACTN4_HUMAN,/core/www/modules//consensus/?run_id=110202&search_id=114132&scans_id=110198&peptide_id=14764&scanf=23225&charge=2&value=sp|O43707|ACTN4_HUMAN,17,/core/www/modules/match_peptides/blast_html4.php?run_id=110202&search_id=114132&scans_id=110198&peptide_id=14764&scanf=23225&charge=2&value=17,R.TINEVENQILTR.D,/core/www/modules/show_out/show_out_wrapper.php?run_id=110202&search_id=114132&scans_id=110198&peptide_id=14764&scanf=23225&charge=2&value=R.TINEVENQILTR.D,ACTN4,1.440e+8,3.226,0.002,2.743,0.000
23226,2,"  2.191","  0.469",10/16,/core/www/modules//sdig/index.php?run_id=110202&search_id=114132&scans_id=110198&peptide_id=14765&scanf=23226&charge=2&value=10/16,sp|Q7KZF4|SND1_HUMAN,/core/www/modules//consensus/?run_id=110202&search_id=114132&scans_id=110198&peptide_id=14765&scanf=23226&charge=2&value=sp|Q7KZF4|SND1_HUMAN,0,/core/www/modules/match_peptides/blast_html4.php?run_id=110202&search_id=114132&scans_id=110198&peptide_id=14765&scanf=23226&charge=2&value=0,R.EYGMIYLGK.D,/core/www/modules/show_out/show_out_wrapper.php?run_id=110202&search_id=114132&scans_id=110198&peptide_id=14765&scanf=23226&charge=2&value=R.EYGMIYLGK.D,SND1,3.162e+7,3.309,0.001,2.866,0.000
23227,3,"  5.592","  0.647",24/76,/core/www/modules//sdig/index.php?run_id=110202&search_id=114132&scans_id=110198&peptide_id=14766&scanf=23227&charge=3&value=24/76,sp|P54577|SYYC_HUMAN,/core/www/modules//consensus/?run_id=110202&search_id=114132&scans_id=110198&peptide_id=14766&scanf=23227&charge=3&value=sp|P54577|SYYC_HUMAN,1,/core/www/modules/match_peptides/blast_html4.php?run_id=110202&search_id=114132&scans_id=110198&peptide_id=14766&scanf=23227&charge=3&value=1,R.QVEPLDPPAGSAPGEHVFVK.G,/core/www/modules/show_out/show_out_wrapper.php?run_id=110202&search_id=114132&scans_id=110198&peptide_id=14766&scanf=23227&charge=3&value=R.QVEPLDPPAGSAPGEHVFVK.G,YARS1,5.328e+6,3.569,0.001,3.251,0.000
23231,2,"  2.058","  0.456",8/12,/core/www/modules//sdig/index.php?run_id=110202&search_id=114132&scans_id=110198&peptide_id=14769&scanf=23231&charge=2&value=8/12,sp|Q8TDN6|BRX1_HUMAN,/core/www/modules//consensus/?run_id=110202&search_id=114132&scans_id=110198&peptide_id=14769&scanf=23231&charge=2&value=sp|Q8TDN6|BRX1_HUMAN,0,/core/www/modules/match_peptides/blast_html4.php?run_id=110202&search_id=114132&scans_id=110198&peptide_id=14769&scanf=23231&charge=2&value=0,R.ILIFSSR.G,/core/www/modules/show_out/show_out_wrapper.php?run_id=110202&search_id=114132&scans_id=110198&peptide_id=14769&scanf=23231&charge=2&value=R.ILIFSSR.G,BRIX1,1.420e+8,3.355,0.001,2.934,0.000
23232,2,"  1.481","  0.308",10/20,/core/www/modules//sdig/index.php?run_id=110202&search_id=114132&scans_id=110198&peptide_id=14770&scanf=23232&charge=2&value=10/20,sp|Q14980|NUMA1_HUMAN,/core/www/modules//consensus/?run_id=110202&search_id=114132&scans_id=110198&peptide_id=14770&scanf=23232&charge=2&value=sp|Q14980|NUMA1_HUMAN,2,/core/www/modules/match_peptides/blast_html4.php?run_id=110202&search_id=114132&scans_id=110198&peptide_id=14770&scanf=23232&charge=2&value=2,K.ASYAEQLSMLK.K,/core/www/modules/show_out/show_out_wrapper.php?run_id=110202&search_id=114132&scans_id=110198&peptide_id=14770&scanf=23232&charge=2&value=K.ASYAEQLSMLK.K,NUMA1,5.700e+7,2.261,0.047,1.332,0.002
23233,3,"  2.880","  0.444",14/44,/core/www/modules//sdig/index.php?run_id=110202&search_id=114132&scans_id=110198&peptide_id=14771&scanf=23233&charge=3&value=14/44,sp|Q92922|SMRC1_HUMAN,/core/www/modules//consensus/?run_id=110202&search_id=114132&scans_id=110198&peptide_id=14771&scanf=23233&charge=3&value=sp|Q92922|SMRC1_HUMAN,0,/core/www/modules/match_peptides/blast_html4.php?run_id=110202&search_id=114132&scans_id=110198&peptide_id=14771&scanf=23233&charge=3&value=0,K.EKPVDLQNFGLR.T,/core/www/modules/show_out/show_out_wrapper.php?run_id=110202&search_id=114132&scans_id=110198&peptide_id=14771&scanf=23233&charge=3&value=K.EKPVDLQNFGLR.T,SMARCC1,2.533e+8,2.965,0.004,2.357,0.000
23234,3,"  2.049","  0.369",8/40,/core/www/modules//sdig/index.php?run_id=110202&search_id=114132&scans_id=110198&peptide_id=14772&scanf=23234&charge=3&value=8/40,sp|P62847|RS24_HUMAN,/core/www/modules//consensus/?run_id=110202&search_id=114132&scans_id=110198&peptide_id=14772&scanf=23234&charge=3&value=sp|P62847|RS24_HUMAN,3,/core/www/modules/match_peptides/blast_html4.php?run_id=110202&search_id=114132&scans_id=110198&peptide_id=14772&scanf=23234&charge=3&value=3,K.QMVIDVLHPGK.A,/core/www/modules/show_out/show_out_wrapper.php?run_id=110202&search_id=114132&scans_id=110198&peptide_id=14772&scanf=23234&charge=3&value=K.QMVIDVLHPGK.A,RPS24,3.056e+8,2.640,0.013,1.878,0.000
23235,2,"  2.084","  0.440",9/16,/core/www/modules//sdig/index.php?run_id=110202&search_id=114132&scans_id=110198&peptide_id=14773&scanf=23235&charge=2&value=9/16,sp|Q6P2Q9|PRP8_HUMAN,/core/www/modules//consensus/?run_id=110202&search_id=114132&scans_id=110198&peptide_id=14773&scanf=23235&charge=2&value=sp|Q6P2Q9|PRP8_HUMAN,0,/core/www/modules/match_peptides/blast_html4.php?run_id=110202&search_id=114132&scans_id=110198&peptide_id=14773&scanf=23235&charge=2&value=0,K.DLILADYGK.K,/core/www/modules/show_out/show_out_wrapper.php?run_id=110202&search_id=114132&scans_id=110198&peptide_id=14773&scanf=23235&charge=2&value=K.DLILADYGK.K,PRPF8,3.330e+7,3.332,0.001,2.899,0.000
23236,3,"  2.488","  0.408",11/44,/core/www/modules//sdig/index.php?run_id=110202&search_id=114132&scans_id=110198&peptide_id=14774&scanf=23236&charge=3&value=11/44,sp|Q96FK6|WDR89_HUMAN,/core/www/modules//consensus/?run_id=110202&search_id=114132&scans_id=110198&peptide_id=14774&scanf=23236&charge=3&value=sp|Q96FK6|WDR89_HUMAN,1,/core/www/modules/match_peptides/blast_html4.php?run_id=110202&search_id=114132&scans_id=110198&peptide_id=14774&scanf=23236&charge=3&value=1,K.IEEQFANLHIVK.C,/core/www/modules/show_out/show_out_wrapper.php?run_id=110202&search_id=114132&scans_id=110198&peptide_id=14774&scanf=23236&charge=3&value=K.IEEQFANLHIVK.C,WDR89,1.072e+7,2.834,0.007,2.163,0.000
23238,2,"  5.236","  0.721",21/28,/core/www/modules//sdig/index.php?run_id=110202&search_id=114132&scans_id=110198&peptide_id=14776&scanf=23238&charge=2&value=21/28,sp|O43707|ACTN4_HUMAN,/core/www/modules//consensus/?run_id=110202&search_id=114132&scans_id=110198&peptide_id=14776&scanf=23238&charge=2&value=sp|O43707|ACTN4_HUMAN,3,/core/www/modules/match_peptides/blast_html4.php?run_id=110202&search_id=114132&scans_id=110198&peptide_id=14776&scanf=23238&charge=2&value=3,K.VLAGDKNFITAEELR.R,/core/www/modules/show_out/show_out_wrapper.php?run_id=110202&search_id=114132&scans_id=110198&peptide_id=14776&scanf=23238&charge=2&value=K.VLAGDKNFITAEELR.R,ACTN4,1.222e+7,4.273,0.000,4.294,0.000
23240,2,"  2.609","  0.410",13/20,/core/www/modules//sdig/index.php?run_id=110202&search_id=114132&scans_id=110198&peptide_id=14779&scanf=23240&charge=2&value=13/20,sp|Q92945|FUBP2_HUMAN,/core/www/modules//consensus/?run_id=110202&search_id=114132&scans_id=110198&peptide_id=14779&scanf=23240&charge=2&value=sp|Q92945|FUBP2_HUMAN,2,/core/www/modules/match_peptides/blast_html4.php?run_id=110202&search_id=114132&scans_id=110198&peptide_id=14779&scanf=23240&charge=2&value=2,R.IGGGIDVPVPR.H,/core/www/modules/show_out/show_out_wrapper.php?run_id=110202&search_id=114132&scans_id=110198&peptide_id=14779&scanf=23240&charge=2&value=R.IGGGIDVPVPR.H,KHSRP,1.464e+7,3.010,0.004,2.423,0.000
23245,2,"  2.547","  0.399",9/14,/core/www/modules//sdig/index.php?run_id=110202&search_id=114132&scans_id=110198&peptide_id=14784&scanf=23245&charge=2&value=9/14,sp|O14980|XPO1_HUMAN,/core/www/modules//consensus/?run_id=110202&search_id=114132&scans_id=110198&peptide_id=14784&scanf=23245&charge=2&value=sp|O14980|XPO1_HUMAN,13,/core/www/modules/match_peptides/blast_html4.php?run_id=110202&search_id=114132&scans_id=110198&peptide_id=14784&scanf=23245&charge=2&value=13,K.LISTLIYK.F,/core/www/modules/show_out/show_out_wrapper.php?run_id=110202&search_id=114132&scans_id=110198&peptide_id=14784&scanf=23245&charge=2&value=K.LISTLIYK.F,XPO1,9.759e+6,3.117,0.003,2.580,0.000
23246,3,"  2.382","  0.192",9/48,/core/www/modules//sdig/index.php?run_id=110202&search_id=114132&scans_id=110198&peptide_id=14785&scanf=23246&charge=3&value=9/48,sp|Q9H0P0|5NT3A_HUMAN,/core/www/modules//consensus/?run_id=110202&search_id=114132&scans_id=110198&peptide_id=14785&scanf=23246&charge=3&value=sp|Q9H0P0|5NT3A_HUMAN,1,/core/www/modules/match_peptides/blast_html4.php?run_id=110202&search_id=114132&scans_id=110198&peptide_id=14785&scanf=23246&charge=3&value=1,R.MADGVANVEHILK.I,/core/www/modules/show_out/show_out_wrapper.php?run_id=110202&search_id=114132&scans_id=110198&peptide_id=14785&scanf=23246&charge=3&value=R.MADGVANVEHILK.I,NT5C3A,8.822e+6,1.960,0.120,0.920,0.005
23248,2,"  1.822","  0.225",7/14,/core/www/modules//sdig/index.php?run_id=110202&search_id=114132&scans_id=110198&peptide_id=14787&scanf=23248&charge=2&value=7/14,sp|Q9UHB7|AFF4_HUMAN,/core/www/modules//consensus/?run_id=110202&search_id=114132&scans_id=110198&peptide_id=14787&scanf=23248&charge=2&value=sp|Q9UHB7|AFF4_HUMAN,0,/core/www/modules/match_peptides/blast_html4.php?run_id=110202&search_id=114132&scans_id=110198&peptide_id=14787&scanf=23248&charge=2&value=0,K.EFFAELDK.V,/core/www/modules/show_out/show_out_wrapper.php?run_id=110202&search_id=114132&scans_id=110198&peptide_id=14787&scanf=23248&charge=2&value=K.EFFAELDK.V,AFF4,6.139e+6,2.201,0.057,1.246,0.002
23249,2,"  1.194","  0.046",8/12,/core/www/modules//sdig/index.php?run_id=110202&search_id=114132&scans_id=110198&peptide_id=14788&scanf=23249&charge=2&value=8/12,sp|P54578|UBP14_HUMAN,/core/www/modules//consensus/?run_id=110202&search_id=114132&scans_id=110198&peptide_id=14788&scanf=23249&charge=2&value=sp|P54578|UBP14_HUMAN,1,/core/www/modules/match_peptides/blast_html4.php?run_id=110202&search_id=114132&scans_id=110198&peptide_id=14788&scanf=23249&charge=2&value=1,K.YLFTGLK.L,/core/www/modules/show_out/show_out_wrapper.php?run_id=110202&search_id=114132&scans_id=110198&peptide_id=14788&scanf=23249&charge=2&value=K.YLFTGLK.L,USP14,8.337e+6,1.844,0.169,0.772,0.009
23253,3,"  3.333","  0.474",14/40,/core/www/modules//sdig/index.php?run_id=110202&search_id=114132&scans_id=110198&peptide_id=14792&scanf=23253&charge=3&value=14/40,sp|O43172|PRP4_HUMAN,/core/www/modules//consensus/?run_id=110202&search_id=114132&scans_id=110198&peptide_id=14792&scanf=23253&charge=3&value=sp|O43172|PRP4_HUMAN,0,/core/www/modules/match_peptides/blast_html4.php?run_id=110202&search_id=114132&scans_id=110198&peptide_id=14792&scanf=23253&charge=3&value=0,K.IWTHPGWSPLK.T,/core/www/modules/show_out/show_out_wrapper.php?run_id=110202&search_id=114132&scans_id=110198&peptide_id=14792&scanf=23253&charge=3&value=K.IWTHPGWSPLK.T,PRPF4,1.846e+7,3.262,0.002,2.796,0.000
23254,2,"  1.721","  0.130",8/14,/core/www/modules//sdig/index.php?run_id=110202&search_id=114132&scans_id=110198&peptide_id=14793&scanf=23254&charge=2&value=8/14,sp|P55769|NH2L1_HUMAN,/core/www/modules//consensus/?run_id=110202&search_id=114132&scans_id=110198&peptide_id=14793&scanf=23254&charge=2&value=sp|P55769|NH2L1_HUMAN,4,/core/www/modules/match_peptides/blast_html4.php?run_id=110202&search_id=114132&scans_id=110198&peptide_id=14793&scanf=23254&charge=2&value=4,K.NVPYVFVR.S,/core/www/modules/show_out/show_out_wrapper.php?run_id=110202&search_id=114132&scans_id=110198&peptide_id=14793&scanf=23254&charge=2&value=K.NVPYVFVR.S,SNU13,8.959e+7,1.942,0.127,0.897,0.006
23255,3,"  4.020","  0.607",18/88,/core/www/modules//sdig/index.php?run_id=110202&search_id=114132&scans_id=110198&peptide_id=14794&scanf=23255&charge=3&value=18/88,sp|Q15366|PCBP2_HUMAN,/core/www/modules//consensus/?run_id=110202&search_id=114132&scans_id=110198&peptide_id=14794&scanf=23255&charge=3&value=sp|Q15366|PCBP2_HUMAN,6,/core/www/modules/match_peptides/blast_html4.php?run_id=110202&search_id=114132&scans_id=110198&peptide_id=14794&scanf=23255&charge=3&value=6,K.LEEDISSSMTNSTAASRPPVTLR.L,/core/www/modules/show_out/show_out_wrapper.php?run_id=110202&search_id=114132&scans_id=110198&peptide_id=14794&scanf=23255&charge=3&value=K.LEEDISSSMTNSTAASRPPVTLR.L,PCBP2,1.140e+7,3.098,0.003,2.554,0.000
23257,2,"  1.501","  0.318",9/16,/core/www/modules//sdig/index.php?run_id=110202&search_id=114132&scans_id=110198&peptide_id=14796&scanf=23257&charge=2&value=9/16,sp|A6NHR9|SMHD1_HUMAN,/core/www/modules//consensus/?run_id=110202&search_id=114132&scans_id=110198&peptide_id=14796&scanf=23257&charge=2&value=sp|A6NHR9|SMHD1_HUMAN,4,/core/www/modules/match_peptides/blast_html4.php?run_id=110202&search_id=114132&scans_id=110198&peptide_id=14796&scanf=23257&charge=2&value=4,K.SIIEGPIIK.L,/core/www/modules/show_out/show_out_wrapper.php?run_id=110202&search_id=114132&scans_id=110198&peptide_id=14796&scanf=23257&charge=2&value=K.SIIEGPIIK.L,SMCHD1,4.812e+7,2.817,0.007,2.139,0.000
23258,3,"  6.301","  0.210",27/68,/core/www/modules//sdig/index.php?run_id=110202&search_id=114132&scans_id=110198&peptide_id=14797&scanf=23258&charge=3&value=27/68,sp|Q9C0J8|WDR33_HUMAN,/core/www/modules//consensus/?run_id=110202&search_id=114132&scans_id=110198&peptide_id=14797&scanf=23258&charge=3&value=sp|Q9C0J8|WDR33_HUMAN,1,/core/www/modules/match_peptides/blast_html4.php?run_id=110202&search_id=114132&scans_id=110198&peptide_id=14797&scanf=23258&charge=3&value=1,K.RPDFAQQQAMQQLTFDGK.R,/core/www/modules/show_out/show_out_wrapper.php?run_id=110202&search_id=114132&scans_id=110198&peptide_id=14797&scanf=23258&charge=3&value=K.RPDFAQQQAMQQLTFDGK.R,WDR33,1.699e+7,2.362,0.033,1.476,0.001
23259,2,"  2.819","  0.590",15/24,/core/www/modules//sdig/index.php?run_id=110202&search_id=114132&scans_id=110198&peptide_id=14798&scanf=23259&charge=2&value=15/24,sp|P42285|MTREX_HUMAN,/core/www/modules//consensus/?run_id=110202&search_id=114132&scans_id=110198&peptide_id=14798&scanf=23259&charge=2&value=sp|P42285|MTREX_HUMAN,0,/core/www/modules/match_peptides/blast_html4.php?run_id=110202&search_id=114132&scans_id=110198&peptide_id=14798&scanf=23259&charge=2&value=0,R.WISSGEYIQMSGR.A,/core/www/modules/show_out/show_out_wrapper.php?run_id=110202&search_id=114132&scans_id=110198&peptide_id=14798&scanf=23259&charge=2&value=R.WISSGEYIQMSGR.A,MTREX,8.452e+6,3.601,0.001,3.298,0.000
23261,2,"  2.642","  0.354",9/16,/core/www/modules//sdig/index.php?run_id=110202&search_id=114132&scans_id=110198&peptide_id=14801&scanf=23261&charge=2&value=9/16,sp|Q15149|PLEC_HUMAN,/core/www/modules//consensus/?run_id=110202&search_id=114132&scans_id=110198&peptide_id=14801&scanf=23261&charge=2&value=sp|Q15149|PLEC_HUMAN,4,/core/www/modules/match_peptides/blast_html4.php?run_id=110202&search_id=114132&scans_id=110198&peptide_id=14801&scanf=23261&charge=2&value=4,K.AELELELGR.I,/core/www/modules/show_out/show_out_wrapper.php?run_id=110202&search_id=114132&scans_id=110198&peptide_id=14801&scanf=23261&charge=2&value=K.AELELELGR.I,PLEC,9.936e+6,3.303,0.001,2.857,0.000
23262,2,"  2.974","  0.554",15/20,/core/www/modules//sdig/index.php?run_id=110202&search_id=114132&scans_id=110198&peptide_id=14802&scanf=23262&charge=2&value=15/20,sp|P46940|IQGA1_HUMAN,/core/www/modules//consensus/?run_id=110202&search_id=114132&scans_id=110198&peptide_id=14802&scanf=23262&charge=2&value=sp|P46940|IQGA1_HUMAN,2,/core/www/modules/match_peptides/blast_html4.php?run_id=110202&search_id=114132&scans_id=110198&peptide_id=14802&scanf=23262&charge=2&value=2,K.FPDAGEDELLK.I,/core/www/modules/show_out/show_out_wrapper.php?run_id=110202&search_id=114132&scans_id=110198&peptide_id=14802&scanf=23262&charge=2&value=K.FPDAGEDELLK.I,IQGAP1,6.937e+6,3.705,0.000,3.453,0.000
23264,4," 10.073","  0.710",47/186,/core/www/modules//sdig/index.php?run_id=110202&search_id=114132&scans_id=110198&peptide_id=14804&scanf=23264&charge=4&value=47/186,sp|Q14839|CHD4_HUMAN,/core/www/modules//consensus/?run_id=110202&search_id=114132&scans_id=110198&peptide_id=14804&scanf=23264&charge=4&value=sp|Q14839|CHD4_HUMAN,18,/core/www/modules/match_peptides/blast_html4.php?run_id=110202&search_id=114132&scans_id=110198&peptide_id=14804&scanf=23264&charge=4&value=18,K.FGTEELFKDEATDGGGDNKEGEDSSVIHYDDK.A,/core/www/modules/show_out/show_out_wrapper.php?run_id=110202&search_id=114132&scans_id=110198&peptide_id=14804&scanf=23264&charge=4&value=K.FGTEELFKDEATDGGGDNKEGEDSSVIHYDDK.A,CHD4,2.965e+6,3.619,0.000,3.325,0.000
23266,2,"  2.547","  0.379",12/20,/core/www/modules//sdig/index.php?run_id=110202&search_id=114132&scans_id=110198&peptide_id=14806&scanf=23266&charge=2&value=12/20,sp|P49792|RBP2_HUMAN,/core/www/modules//consensus/?run_id=110202&search_id=114132&scans_id=110198&peptide_id=14806&scanf=23266&charge=2&value=sp|P49792|RBP2_HUMAN,10,/core/www/modules/match_peptides/blast_html4.php?run_id=110202&search_id=114132&scans_id=110198&peptide_id=14806&scanf=23266&charge=2&value=10,K.IAVAVLEETTR.E,/core/www/modules/show_out/show_out_wrapper.php?run_id=110202&search_id=114132&scans_id=110198&peptide_id=14806&scanf=23266&charge=2&value=K.IAVAVLEETTR.E,RANBP2,5.844e+6,2.905,0.005,2.269,0.000
23267,2,"  2.517","  0.360",12/16,/core/www/modules//sdig/index.php?run_id=110202&search_id=114132&scans_id=110198&peptide_id=14807&scanf=23267&charge=2&value=12/16,sp|O43143|DHX15_HUMAN,/core/www/modules//consensus/?run_id=110202&search_id=114132&scans_id=110198&peptide_id=14807&scanf=23267&charge=2&value=sp|O43143|DHX15_HUMAN,0,/core/www/modules/match_peptides/blast_html4.php?run_id=110202&search_id=114132&scans_id=110198&peptide_id=14807&scanf=23267&charge=2&value=0,K.DRFTDILVR.H,/core/www/modules/show_out/show_out_wrapper.php?run_id=110202&search_id=114132&scans_id=110198&peptide_id=14807&scanf=23267&charge=2&value=K.DRFTDILVR.H,DHX15,9.131e+6,2.867,0.006,2.211,0.000
23269,2,"  2.974","  0.499",16/24,/core/www/modules//sdig/index.php?run_id=110202&search_id=114132&scans_id=110198&peptide_id=14809&scanf=23269&charge=2&value=16/24,sp|Q969G3|SMCE1_HUMAN,/core/www/modules//consensus/?run_id=110202&search_id=114132&scans_id=110198&peptide_id=14809&scanf=23269&charge=2&value=sp|Q969G3|SMCE1_HUMAN,10,/core/www/modules/match_peptides/blast_html4.php?run_id=110202&search_id=114132&scans_id=110198&peptide_id=14809&scanf=23269&charge=2&value=10,K.FLESTDSFNNELK.R,/core/www/modules/show_out/show_out_wrapper.php?run_id=110202&search_id=114132&scans_id=110198&peptide_id=14809&scanf=23269&charge=2&value=K.FLESTDSFNNELK.R,SMARCE1,1.429e+7,3.349,0.001,2.924,0.000
23270,2,"  2.646","  0.456",9/18,/core/www/modules//sdig/index.php?run_id=110202&search_id=114132&scans_id=110198&peptide_id=14811&scanf=23270&charge=2&value=9/18,sp|Q9P2J5|SYLC_HUMAN,/core/www/modules//consensus/?run_id=110202&search_id=114132&scans_id=110198&peptide_id=14811&scanf=23270&charge=2&value=sp|Q9P2J5|SYLC_HUMAN,9,/core/www/modules/match_peptides/blast_html4.php?run_id=110202&search_id=114132&scans_id=110198&peptide_id=14811&scanf=23270&charge=2&value=9,K.EMVANWDSLR.S,/core/www/modules/show_out/show_out_wrapper.php?run_id=110202&search_id=114132&scans_id=110198&peptide_id=14811&scanf=23270&charge=2&value=K.EMVANWDSLR.S,LARS1,1.429e+7,3.050,0.003,2.482,0.000
23271,2,"  1.671","  0.245",7/12,/core/www/modules//sdig/index.php?run_id=110202&search_id=114132&scans_id=110198&peptide_id=14812&scanf=23271&charge=2&value=7/12,sp|Q75QN2|INT8_HUMAN,/core/www/modules//consensus/?run_id=110202&search_id=114132&scans_id=110198&peptide_id=14812&scanf=23271&charge=2&value=sp|Q75QN2|INT8_HUMAN,3,/core/www/modules/match_peptides/blast_html4.php?run_id=110202&search_id=114132&scans_id=110198&peptide_id=14812&scanf=23271&charge=2&value=3,R.LPDIPLR.Q,/core/www/modules/show_out/show_out_wrapper.php?run_id=110202&search_id=114132&scans_id=110198&peptide_id=14812&scanf=23271&charge=2&value=R.LPDIPLR.Q,INTS8,1.429e+7,2.436,0.026,1.582,0.001
23273,2,"  1.895","  0.517",8/16,/core/www/modules//sdig/index.php?run_id=110202&search_id=114132&scans_id=110198&peptide_id=14813&scanf=23273&charge=2&value=8/16,sp|Q8TDD1|DDX54_HUMAN,/core/www/modules//consensus/?run_id=110202&search_id=114132&scans_id=110198&peptide_id=14813&scanf=23273&charge=2&value=sp|Q8TDD1|DDX54_HUMAN,1,/core/www/modules/match_peptides/blast_html4.php?run_id=110202&search_id=114132&scans_id=110198&peptide_id=14813&scanf=23273&charge=2&value=1,K.TIPVILDGK.D,/core/www/modules/show_out/show_out_wrapper.php?run_id=110202&search_id=114132&scans_id=110198&peptide_id=14813&scanf=23273&charge=2&value=K.TIPVILDGK.D,DDX54,2.272e+7,3.069,0.003,2.510,0.000
23275,2,"  2.482","  0.464",8/16,/core/www/modules//sdig/index.php?run_id=110202&search_id=114132&scans_id=110198&peptide_id=14815&scanf=23275&charge=2&value=8/16,sp|Q9NU22|MDN1_HUMAN,/core/www/modules//consensus/?run_id=110202&search_id=114132&scans_id=110198&peptide_id=14815&scanf=23275&charge=2&value=sp|Q9NU22|MDN1_HUMAN,0,/core/www/modules/match_peptides/blast_html4.php?run_id=110202&search_id=114132&scans_id=110198&peptide_id=14815&scanf=23275&charge=2&value=0,K.VMLDLQSYR.R,/core/www/modules/show_out/show_out_wrapper.php?run_id=110202&search_id=114132&scans_id=110198&peptide_id=14815&scanf=23275&charge=2&value=K.VMLDLQSYR.R,MDN1,1.317e+7,3.301,0.001,2.853,0.000
23276,3,"  4.729","  0.677",22/84,/core/www/modules//sdig/index.php?run_id=110202&search_id=114132&scans_id=110198&peptide_id=14816&scanf=23276&charge=3&value=22/84,sp|Q16643|DREB_HUMAN,/core/www/modules//consensus/?run_id=110202&search_id=114132&scans_id=110198&peptide_id=14816&scanf=23276&charge=3&value=sp|Q16643|DREB_HUMAN,1,/core/www/modules/match_peptides/blast_html4.php?run_id=110202&search_id=114132&scans_id=110198&peptide_id=14816&scanf=23276&charge=3&value=1,R.AAAPQAWAGPMEEPPQAQAPPR.G,/core/www/modules/show_out/show_out_wrapper.php?run_id=110202&search_id=114132&scans_id=110198&peptide_id=14816&scanf=23276&charge=3&value=R.AAAPQAWAGPMEEPPQAQAPPR.G,DBN1,6.712e+7,3.665,0.000,3.393,0.000
23277,2,"  1.957","  0.330",8/12,/core/www/modules//sdig/index.php?run_id=110202&search_id=114132&scans_id=110198&peptide_id=14817&scanf=23277&charge=2&value=8/12,sp|Q16352|AINX_HUMAN,/core/www/modules//consensus/?run_id=110202&search_id=114132&scans_id=110198&peptide_id=14817&scanf=23277&charge=2&value=sp|Q16352|AINX_HUMAN,0,/core/www/modules/match_peptides/blast_html4.php?run_id=110202&search_id=114132&scans_id=110198&peptide_id=14817&scanf=23277&charge=2&value=0,R.FAVFIEK.V,/core/www/modules/show_out/show_out_wrapper.php?run_id=110202&search_id=114132&scans_id=110198&peptide_id=14817&scanf=23277&charge=2&value=R.FAVFIEK.V,INA,2.323e+7,2.843,0.007,2.176,0.000
23278,3,"  4.240","  0.582",19/68,/core/www/modules//sdig/index.php?run_id=110202&search_id=114132&scans_id=110198&peptide_id=14818&scanf=23278&charge=3&value=19/68,sp|Q8TDN6|BRX1_HUMAN,/core/www/modules//consensus/?run_id=110202&search_id=114132&scans_id=110198&peptide_id=14818&scanf=23278&charge=3&value=sp|Q8TDN6|BRX1_HUMAN,0,/core/www/modules/match_peptides/blast_html4.php?run_id=110202&search_id=114132&scans_id=110198&peptide_id=14818&scanf=23278&charge=3&value=0,K.KQDLYMWLSNSPHGPSAK.F,/core/www/modules/show_out/show_out_wrapper.php?run_id=110202&search_id=114132&scans_id=110198&peptide_id=14818&scanf=23278&charge=3&value=K.KQDLYMWLSNSPHGPSAK.F,BRIX1,5.403e+6,3.144,0.002,2.620,0.000
23279,2,"  3.496","  0.578",15/24,/core/www/modules//sdig/index.php?run_id=110202&search_id=114132&scans_id=110198&peptide_id=14819&scanf=23279&charge=2&value=15/24,sp|Q15393|SF3B3_HUMAN,/core/www/modules//consensus/?run_id=110202&search_id=114132&scans_id=110198&peptide_id=14819&scanf=23279&charge=2&value=sp|Q15393|SF3B3_HUMAN,1,/core/www/modules/match_peptides/blast_html4.php?run_id=110202&search_id=114132&scans_id=110198&peptide_id=14819&scanf=23279&charge=2&value=1,K.ILELLRPDPNTGK.V,/core/www/modules/show_out/show_out_wrapper.php?run_id=110202&search_id=114132&scans_id=110198&peptide_id=14819&scanf=23279&charge=2&value=K.ILELLRPDPNTGK.V,SF3B3,1.193e+7,3.570,0.001,3.253,0.000
23280,3,"  3.952","  0.528",15/52,/core/www/modules//sdig/index.php?run_id=110202&search_id=114132&scans_id=110198&peptide_id=14821&scanf=23280&charge=3&value=15/52,sp|Q14204|DYHC1_HUMAN,/core/www/modules//consensus/?run_id=110202&search_id=114132&scans_id=110198&peptide_id=14821&scanf=23280&charge=3&value=sp|Q14204|DYHC1_HUMAN,31,/core/www/modules/match_peptides/blast_html4.php?run_id=110202&search_id=114132&scans_id=110198&peptide_id=14821&scanf=23280&charge=3&value=31,K.FLSDPQVHTVLVER.S,/core/www/modules/show_out/show_out_wrapper.php?run_id=110202&search_id=114132&scans_id=110198&peptide_id=14821&scanf=23280&charge=3&value=K.FLSDPQVHTVLVER.S,DYNC1H1,1.173e+7,3.606,0.000,3.305,0.000
23282,3,"  2.739","  0.322",13/60,/core/www/modules//sdig/index.php?run_id=110202&search_id=114132&scans_id=110198&peptide_id=14823&scanf=23282&charge=3&value=13/60,sp|Q9BZE4|GTPB4_HUMAN,/core/www/modules//consensus/?run_id=110202&search_id=114132&scans_id=110198&peptide_id=14823&scanf=23282&charge=3&value=sp|Q9BZE4|GTPB4_HUMAN,0,/core/www/modules/match_peptides/blast_html4.php?run_id=110202&search_id=114132&scans_id=110198&peptide_id=14823&scanf=23282&charge=3&value=0,R.DDKERPPFIPEGVVAR.R,/core/www/modules/show_out/show_out_wrapper.php?run_id=110202&search_id=114132&scans_id=110198&peptide_id=14823&scanf=23282&charge=3&value=R.DDKERPPFIPEGVVAR.R,GTPBP4,6.410e+6,2.123,0.073,1.139,0.002
23284,4,"  7.722","  0.720",30/192,/core/www/modules//sdig/index.php?run_id=110202&search_id=114132&scans_id=110198&peptide_id=14825&scanf=23284&charge=4&value=30/192,sp|P51531|SMCA2_HUMAN,/core/www/modules//consensus/?run_id=110202&search_id=114132&scans_id=110198&peptide_id=14825&scanf=23284&charge=4&value=sp|P51531|SMCA2_HUMAN,2,/core/www/modules/match_peptides/blast_html4.php?run_id=110202&search_id=114132&scans_id=110198&peptide_id=14825&scanf=23284&charge=4&value=2,K.KKAEENAEGGESALGPDGEPIDESSQMSDLPVK.V,/core/www/modules/show_out/show_out_wrapper.php?run_id=110202&search_id=114132&scans_id=110198&peptide_id=14825&scanf=23284&charge=4&value=K.KKAEENAEGGESALGPDGEPIDESSQMSDLPVK.V,SMARCA2,5.726e+6,3.454,0.001,3.079,0.000
23286,2,"  1.844","  0.330",8/14,/core/www/modules//sdig/index.php?run_id=110202&search_id=114132&scans_id=110198&peptide_id=14827&scanf=23286&charge=2&value=8/14,sp|P16152|CBR1_HUMAN,/core/www/modules//consensus/?run_id=110202&search_id=114132&scans_id=110198&peptide_id=14827&scanf=23286&charge=2&value=sp|P16152|CBR1_HUMAN,2,/core/www/modules/match_peptides/blast_html4.php?run_id=110202&search_id=114132&scans_id=110198&peptide_id=14827&scanf=23286&charge=2&value=2,K.GIGLAIVR.D,/core/www/modules/show_out/show_out_wrapper.php?run_id=110202&search_id=114132&scans_id=110198&peptide_id=14827&scanf=23286&charge=2&value=K.GIGLAIVR.D,CBR1,7.892e+6,2.692,0.011,1.954,0.000
23287,2,"  5.079","  0.649",19/26,/core/www/modules//sdig/index.php?run_id=110202&search_id=114132&scans_id=110198&peptide_id=14828&scanf=23287&charge=2&value=19/26,sp|Q9NVP1|DDX18_HUMAN,/core/www/modules//consensus/?run_id=110202&search_id=114132&scans_id=110198&peptide_id=14828&scanf=23287&charge=2&value=sp|Q9NVP1|DDX18_HUMAN,0,/core/www/modules/match_peptides/blast_html4.php?run_id=110202&search_id=114132&scans_id=110198&peptide_id=14828&scanf=23287&charge=2&value=0,R.LLDHMQNTPGFMYK.N,/core/www/modules/show_out/show_out_wrapper.php?run_id=110202&search_id=114132&scans_id=110198&peptide_id=14828&scanf=23287&charge=2&value=R.LLDHMQNTPGFMYK.N,DDX18,5.962e+6,3.965,0.000,3.837,0.000
23288,2,"  2.985","  0.485",12/20,/core/www/modules//sdig/index.php?run_id=110202&search_id=114132&scans_id=110198&peptide_id=14829&scanf=23288&charge=2&value=12/20,sp|Q9UHR4|BI2L1_HUMAN,/core/www/modules//consensus/?run_id=110202&search_id=114132&scans_id=110198&peptide_id=14829&scanf=23288&charge=2&value=sp|Q9UHR4|BI2L1_HUMAN,0,/core/www/modules/match_peptides/blast_html4.php?run_id=110202&search_id=114132&scans_id=110198&peptide_id=14829&scanf=23288&charge=2&value=0,R.NVMEQFNPGLR.N,/core/www/modules/show_out/show_out_wrapper.php?run_id=110202&search_id=114132&scans_id=110198&peptide_id=14829&scanf=23288&charge=2&value=R.NVMEQFNPGLR.N,BAIAP2L1,5.888e+6,3.188,0.002,2.686,0.000
23290,2,"  2.792","  0.552",9/20,/core/www/modules//sdig/index.php?run_id=110202&search_id=114132&scans_id=110198&peptide_id=14832&scanf=23290&charge=2&value=9/20,sp|Q10570|CPSF1_HUMAN,/core/www/modules//consensus/?run_id=110202&search_id=114132&scans_id=110198&peptide_id=14832&scanf=23290&charge=2&value=sp|Q10570|CPSF1_HUMAN,0,/core/www/modules/match_peptides/blast_html4.php?run_id=110202&search_id=114132&scans_id=110198&peptide_id=14832&scanf=23290&charge=2&value=0,R.DLSGMFTTESR.L,/core/www/modules/show_out/show_out_wrapper.php?run_id=110202&search_id=114132&scans_id=110198&peptide_id=14832&scanf=23290&charge=2&value=R.DLSGMFTTESR.L,CPSF1,7.130e+6,3.254,0.002,2.784,0.000
23292,3,"  3.634","  0.482",14/40,/core/www/modules//sdig/index.php?run_id=110202&search_id=114132&scans_id=110198&peptide_id=14834&scanf=23292&charge=3&value=14/40,sp|Q96DI7|SNR40_HUMAN,/core/www/modules//consensus/?run_id=110202&search_id=114132&scans_id=110198&peptide_id=14834&scanf=23292&charge=3&value=sp|Q96DI7|SNR40_HUMAN,0,/core/www/modules/match_peptides/blast_html4.php?run_id=110202&search_id=114132&scans_id=110198&peptide_id=14834&scanf=23292&charge=3&value=0,R.KGPELPLVPVK.R,/core/www/modules/show_out/show_out_wrapper.php?run_id=110202&search_id=114132&scans_id=110198&peptide_id=14834&scanf=23292&charge=3&value=R.KGPELPLVPVK.R,SNRNP40,1.198e+7,3.050,0.003,2.482,0.000
23294,3,"  4.266","  0.660",18/60,/core/www/modules//sdig/index.php?run_id=110202&search_id=114132&scans_id=110198&peptide_id=14835&scanf=23294&charge=3&value=18/60,sp|P51991|ROA3_HUMAN,/core/www/modules//consensus/?run_id=110202&search_id=114132&scans_id=110198&peptide_id=14835&scanf=23294&charge=3&value=sp|P51991|ROA3_HUMAN,5,/core/www/modules/match_peptides/blast_html4.php?run_id=110202&search_id=114132&scans_id=110198&peptide_id=14835&scanf=23294&charge=3&value=5,K.IFVGGIKEDTEEYNLR.D,/core/www/modules/show_out/show_out_wrapper.php?run_id=110202&search_id=114132&scans_id=110198&peptide_id=14835&scanf=23294&charge=3&value=K.IFVGGIKEDTEEYNLR.D,HNRNPA3,1.527e+8,3.469,0.001,3.102,0.000
23295,3,"  5.268","  0.644",21/68,/core/www/modules//sdig/index.php?run_id=110202&search_id=114132&scans_id=110198&peptide_id=14836&scanf=23295&charge=3&value=21/68,sp|Q9H0D6|XRN2_HUMAN,/core/www/modules//consensus/?run_id=110202&search_id=114132&scans_id=110198&peptide_id=14836&scanf=23295&charge=3&value=sp|Q9H0D6|XRN2_HUMAN,0,/core/www/modules/match_peptides/blast_html4.php?run_id=110202&search_id=114132&scans_id=110198&peptide_id=14836&scanf=23295&charge=3&value=0,K.NLTVILSDASAPGEGEHK.I,/core/www/modules/show_out/show_out_wrapper.php?run_id=110202&search_id=114132&scans_id=110198&peptide_id=14836&scanf=23295&charge=3&value=K.NLTVILSDASAPGEGEHK.I,XRN2,2.205e+7,3.659,0.000,3.384,0.000
23297,3,"  5.622","  0.642",22/64,/core/www/modules//sdig/index.php?run_id=110202&search_id=114132&scans_id=110198&peptide_id=14838&scanf=23297&charge=3&value=22/64,sp|Q9UKF6|CPSF3_HUMAN,/core/www/modules//consensus/?run_id=110202&search_id=114132&scans_id=110198&peptide_id=14838&scanf=23297&charge=3&value=sp|Q9UKF6|CPSF3_HUMAN,1,/core/www/modules/match_peptides/blast_html4.php?run_id=110202&search_id=114132&scans_id=110198&peptide_id=14838&scanf=23297&charge=3&value=1,K.LTGDVEELEIQEKPALK.V,/core/www/modules/show_out/show_out_wrapper.php?run_id=110202&search_id=114132&scans_id=110198&peptide_id=14838&scanf=23297&charge=3&value=K.LTGDVEELEIQEKPALK.V,CPSF3,2.056e+7,3.772,0.000,3.551,0.000
23298,2,"  1.264","  0.361",6/12,/core/www/modules//sdig/index.php?run_id=110202&search_id=114132&scans_id=110198&peptide_id=14839&scanf=23298&charge=2&value=6/12,sp|P78527|PRKDC_HUMAN,/core/www/modules//consensus/?run_id=110202&search_id=114132&scans_id=110198&peptide_id=14839&scanf=23298&charge=2&value=sp|P78527|PRKDC_HUMAN,0,/core/www/modules/match_peptides/blast_html4.php?run_id=110202&search_id=114132&scans_id=110198&peptide_id=14839&scanf=23298&charge=2&value=0,K.SIELFYK.F,/core/www/modules/show_out/show_out_wrapper.php?run_id=110202&search_id=114132&scans_id=110198&peptide_id=14839&scanf=23298&charge=2&value=K.SIELFYK.F,PRKDC,1.055e+8,3.517,0.001,3.173,0.000
23299,4,"  2.500","  0.431",13/72,/core/www/modules//sdig/index.php?run_id=110202&search_id=114132&scans_id=110198&peptide_id=14840&scanf=23299&charge=4&value=13/72,sp|Q6PJT7|ZC3HE_HUMAN,/core/www/modules//consensus/?run_id=110202&search_id=114132&scans_id=110198&peptide_id=14840&scanf=23299&charge=4&value=sp|Q6PJT7|ZC3HE_HUMAN,2,/core/www/modules/match_peptides/blast_html4.php?run_id=110202&search_id=114132&scans_id=110198&peptide_id=14840&scanf=23299&charge=4&value=2,R.GLLHPQQLHLLSR.Q,/core/www/modules/show_out/show_out_wrapper.php?run_id=110202&search_id=114132&scans_id=110198&peptide_id=14840&scanf=23299&charge=4&value=R.GLLHPQQLHLLSR.Q,ZC3H14,6.771e+6,3.190,0.002,2.689,0.000
23300,2,"  3.050","  0.516",13/20,/core/www/modules//sdig/index.php?run_id=110202&search_id=114132&scans_id=110198&peptide_id=14842&scanf=23300&charge=2&value=13/20,sp|P78371|TCPB_HUMAN,/core/www/modules//consensus/?run_id=110202&search_id=114132&scans_id=110198&peptide_id=14842&scanf=23300&charge=2&value=sp|P78371|TCPB_HUMAN,2,/core/www/modules/match_peptides/blast_html4.php?run_id=110202&search_id=114132&scans_id=110198&peptide_id=14842&scanf=23300&charge=2&value=2,K.LIEEVMIGEDK.L,/core/www/modules/show_out/show_out_wrapper.php?run_id=110202&search_id=114132&scans_id=110198&peptide_id=14842&scanf=23300&charge=2&value=K.LIEEVMIGEDK.L,CCT2,1.477e+7,3.406,0.001,3.009,0.000
23301,2,"  3.772","  0.693",15/24,/core/www/modules//sdig/index.php?run_id=110202&search_id=114132&scans_id=110198&peptide_id=14843&scanf=23301&charge=2&value=15/24,sp|Q7L014|DDX46_HUMAN,/core/www/modules//consensus/?run_id=110202&search_id=114132&scans_id=110198&peptide_id=14843&scanf=23301&charge=2&value=sp|Q7L014|DDX46_HUMAN,1,/core/www/modules/match_peptides/blast_html4.php?run_id=110202&search_id=114132&scans_id=110198&peptide_id=14843&scanf=23301&charge=2&value=1,K.GYAYTFITEDQAR.Y,/core/www/modules/show_out/show_out_wrapper.php?run_id=110202&search_id=114132&scans_id=110198&peptide_id=14843&scanf=23301&charge=2&value=K.GYAYTFITEDQAR.Y,DDX46,2.147e+7,3.984,0.000,3.866,0.000
23306,3,"  6.655","  0.501",23/72,/core/www/modules//sdig/index.php?run_id=110202&search_id=114132&scans_id=110198&peptide_id=14848&scanf=23306&charge=3&value=23/72,sp|Q8N9T8|KRI1_HUMAN,/core/www/modules//consensus/?run_id=110202&search_id=114132&scans_id=110198&peptide_id=14848&scanf=23306&charge=3&value=sp|Q8N9T8|KRI1_HUMAN,1,/core/www/modules/match_peptides/blast_html4.php?run_id=110202&search_id=114132&scans_id=110198&peptide_id=14848&scanf=23306&charge=3&value=1,K.SPFAAAVGQEKPVFEPGDK.T,/core/www/modules/show_out/show_out_wrapper.php?run_id=110202&search_id=114132&scans_id=110198&peptide_id=14848&scanf=23306&charge=3&value=K.SPFAAAVGQEKPVFEPGDK.T,KRI1,1.064e+7,3.264,0.002,2.799,0.000
23307,2,"  1.538","  0.310",8/12,/core/www/modules//sdig/index.php?run_id=110202&search_id=114132&scans_id=110198&peptide_id=14849&scanf=23307&charge=2&value=8/12,sp|P35226|BMI1_HUMAN,/core/www/modules//consensus/?run_id=110202&search_id=114132&scans_id=110198&peptide_id=14849&scanf=23307&charge=2&value=sp|P35226|BMI1_HUMAN,6,/core/www/modules/match_peptides/blast_html4.php?run_id=110202&search_id=114132&scans_id=110198&peptide_id=14849&scanf=23307&charge=2&value=6,K.LVPGLFK.N,/core/www/modules/show_out/show_out_wrapper.php?run_id=110202&search_id=114132&scans_id=110198&peptide_id=14849&scanf=23307&charge=2&value=K.LVPGLFK.N,BMI1,1.019e+7,2.770,0.009,2.069,0.000
23308,2,"  3.527","  0.658",16/26,/core/www/modules//sdig/index.php?run_id=110202&search_id=114132&scans_id=110198&peptide_id=14850&scanf=23308&charge=2&value=16/26,sp|Q9GZS1|RPA49_HUMAN,/core/www/modules//consensus/?run_id=110202&search_id=114132&scans_id=110198&peptide_id=14850&scanf=23308&charge=2&value=sp|Q9GZS1|RPA49_HUMAN,1,/core/www/modules/match_peptides/blast_html4.php?run_id=110202&search_id=114132&scans_id=110198&peptide_id=14850&scanf=23308&charge=2&value=1,R.LSYVGNNFGTGALK.C,/core/www/modules/show_out/show_out_wrapper.php?run_id=110202&search_id=114132&scans_id=110198&peptide_id=14850&scanf=23308&charge=2&value=R.LSYVGNNFGTGALK.C,POLR1E,1.320e+7,3.736,0.000,3.498,0.000
23309,2,"  2.050","  0.319",8/12,/core/www/modules//sdig/index.php?run_id=110202&search_id=114132&scans_id=110198&peptide_id=14851&scanf=23309&charge=2&value=8/12,sp|Q68E01|INT3_HUMAN,/core/www/modules//consensus/?run_id=110202&search_id=114132&scans_id=110198&peptide_id=14851&scanf=23309&charge=2&value=sp|Q68E01|INT3_HUMAN,1,/core/www/modules/match_peptides/blast_html4.php?run_id=110202&search_id=114132&scans_id=110198&peptide_id=14851&scanf=23309&charge=2&value=1,K.LLFMTSR.V,/core/www/modules/show_out/show_out_wrapper.php?run_id=110202&search_id=114132&scans_id=110198&peptide_id=14851&scanf=23309&charge=2&value=K.LLFMTSR.V,INTS3,8.417e+6,2.870,0.006,2.216,0.000
23311,2,"  2.462","  0.255",9/16,/core/www/modules//sdig/index.php?run_id=110202&search_id=114132&scans_id=110198&peptide_id=14854&scanf=23311&charge=2&value=9/16,sp|O95602|RPA1_HUMAN,/core/www/modules//consensus/?run_id=110202&search_id=114132&scans_id=110198&peptide_id=14854&scanf=23311&charge=2&value=sp|O95602|RPA1_HUMAN,1,/core/www/modules/match_peptides/blast_html4.php?run_id=110202&search_id=114132&scans_id=110198&peptide_id=14854&scanf=23311&charge=2&value=1,R.GGTGLFELK.Q,/core/www/modules/show_out/show_out_wrapper.php?run_id=110202&search_id=114132&scans_id=110198&peptide_id=14854&scanf=23311&charge=2&value=R.GGTGLFELK.Q,POLR1A,6.547e+6,2.294,0.042,1.377,0.001
23313,2,"  1.119","  0.183",6/12,/core/www/modules//sdig/index.php?run_id=110202&search_id=114132&scans_id=110198&peptide_id=14856&scanf=23313&charge=2&value=6/12,sp|Q09666|AHNK_HUMAN,/core/www/modules//consensus/?run_id=110202&search_id=114132&scans_id=110198&peptide_id=14856&scanf=23313&charge=2&value=sp|Q09666|AHNK_HUMAN,1,/core/www/modules/match_peptides/blast_html4.php?run_id=110202&search_id=114132&scans_id=110198&peptide_id=14856&scanf=23313&charge=2&value=1,K.FSMPGFK.A,/core/www/modules/show_out/show_out_wrapper.php?run_id=110202&search_id=114132&scans_id=110198&peptide_id=14856&scanf=23313&charge=2&value=K.FSMPGFK.A,AHNAK,1.393e+7,2.114,0.075,1.125,0.002
23316,2,"  1.765","  0.297",8/18,/core/www/modules//sdig/index.php?run_id=110202&search_id=114132&scans_id=110198&peptide_id=14858&scanf=23316&charge=2&value=8/18,sp|Q07955|SRSF1_HUMAN,/core/www/modules//consensus/?run_id=110202&search_id=114132&scans_id=110198&peptide_id=14858&scanf=23316&charge=2&value=sp|Q07955|SRSF1_HUMAN,2,/core/www/modules/match_peptides/blast_html4.php?run_id=110202&search_id=114132&scans_id=110198&peptide_id=14858&scanf=23316&charge=2&value=2,R.DGTGVVEFVR.K,/core/www/modules/show_out/show_out_wrapper.php?run_id=110202&search_id=114132&scans_id=110198&peptide_id=14858&scanf=23316&charge=2&value=R.DGTGVVEFVR.K,SRSF1,2.496e+7,2.444,0.026,1.593,0.001
23317,3,"  4.258","  0.722",20/52,/core/www/modules//sdig/index.php?run_id=110202&search_id=114132&scans_id=110198&peptide_id=14859&scanf=23317&charge=3&value=20/52,sp|P62244|RS15A_HUMAN,/core/www/modules//consensus/?run_id=110202&search_id=114132&scans_id=110198&peptide_id=14859&scanf=23317&charge=3&value=sp|P62244|RS15A_HUMAN,3,/core/www/modules/match_peptides/blast_html4.php?run_id=110202&search_id=114132&scans_id=110198&peptide_id=14859&scanf=23317&charge=3&value=3,K.HGYIGEFEIIDDHR.A,/core/www/modules/show_out/show_out_wrapper.php?run_id=110202&search_id=114132&scans_id=110198&peptide_id=14859&scanf=23317&charge=3&value=K.HGYIGEFEIIDDHR.A,RPS15A,1.229e+8,4.094,0.000,4.028,0.000
23318,3,"  3.080","  0.393",14/48,/core/www/modules//sdig/index.php?run_id=110202&search_id=114132&scans_id=110198&peptide_id=14860&scanf=23318&charge=3&value=14/48,sp|P56192|SYMC_HUMAN,/core/www/modules//consensus/?run_id=110202&search_id=114132&scans_id=110198&peptide_id=14860&scanf=23318&charge=3&value=sp|P56192|SYMC_HUMAN,1,/core/www/modules/match_peptides/blast_html4.php?run_id=110202&search_id=114132&scans_id=110198&peptide_id=14860&scanf=23318&charge=3&value=1,K.QQGVLALRPYLQK.Q,/core/www/modules/show_out/show_out_wrapper.php?run_id=110202&search_id=114132&scans_id=110198&peptide_id=14860&scanf=23318&charge=3&value=K.QQGVLALRPYLQK.Q,MARS1,2.457e+7,2.856,0.006,2.196,0.000
23320,3,"  2.787","  0.450",12/44,/core/www/modules//sdig/index.php?run_id=110202&search_id=114132&scans_id=110198&peptide_id=14863&scanf=23320&charge=3&value=12/44,sp|O60264|SMCA5_HUMAN,/core/www/modules//consensus/?run_id=110202&search_id=114132&scans_id=110198&peptide_id=14863&scanf=23320&charge=3&value=sp|O60264|SMCA5_HUMAN,3,/core/www/modules/match_peptides/blast_html4.php?run_id=110202&search_id=114132&scans_id=110198&peptide_id=14863&scanf=23320&charge=3&value=3,K.LRLDSIVIQQGR.L,/core/www/modules/show_out/show_out_wrapper.php?run_id=110202&search_id=114132&scans_id=110198&peptide_id=14863&scanf=23320&charge=3&value=K.LRLDSIVIQQGR.L,SMARCA5,2.219e+7,2.952,0.005,2.338,0.000
23321,3,"  6.516","  0.685",24/76,/core/www/modules//sdig/index.php?run_id=110202&search_id=114132&scans_id=110198&peptide_id=14864&scanf=23321&charge=3&value=24/76,sp|P47756|CAPZB_HUMAN,/core/www/modules//consensus/?run_id=110202&search_id=114132&scans_id=110198&peptide_id=14864&scanf=23321&charge=3&value=sp|P47756|CAPZB_HUMAN,4,/core/www/modules/match_peptides/blast_html4.php?run_id=110202&search_id=114132&scans_id=110198&peptide_id=14864&scanf=23321&charge=3&value=4,R.SPWSNKYDPPLEDGAMPSAR.L,/core/www/modules/show_out/show_out_wrapper.php?run_id=110202&search_id=114132&scans_id=110198&peptide_id=14864&scanf=23321&charge=3&value=R.SPWSNKYDPPLEDGAMPSAR.L,CAPZB,9.830e+6,3.496,0.001,3.142,0.000
23322,4,"  2.105","  0.187",18/102,/core/www/modules//sdig/index.php?run_id=110202&search_id=114132&scans_id=110198&peptide_id=14865&scanf=23322&charge=4&value=18/102,sp|Q96I24|FUBP3_HUMAN,/core/www/modules//consensus/?run_id=110202&search_id=114132&scans_id=110198&peptide_id=14865&scanf=23322&charge=4&value=sp|Q96I24|FUBP3_HUMAN,0,/core/www/modules/match_peptides/blast_html4.php?run_id=110202&search_id=114132&scans_id=110198&peptide_id=14865&scanf=23322&charge=4&value=0,K.RPLDDGVGNQLGALVHQR.T,/core/www/modules/show_out/show_out_wrapper.php?run_id=110202&search_id=114132&scans_id=110198&peptide_id=14865&scanf=23322&charge=4&value=K.RPLDDGVGNQLGALVHQR.T,FUBP3,7.134e+6,2.246,0.049,1.310,0.002
23323,2,"  1.776","  0.142",7/12,/core/www/modules//sdig/index.php?run_id=110202&search_id=114132&scans_id=110198&peptide_id=14866&scanf=23323&charge=2&value=7/12,sp|Q5UIP0|RIF1_HUMAN,/core/www/modules//consensus/?run_id=110202&search_id=114132&scans_id=110198&peptide_id=14866&scanf=23323&charge=2&value=sp|Q5UIP0|RIF1_HUMAN,1,/core/www/modules/match_peptides/blast_html4.php?run_id=110202&search_id=114132&scans_id=110198&peptide_id=14866&scanf=23323&charge=2&value=1,R.ALWVISK.Q,/core/www/modules/show_out/show_out_wrapper.php?run_id=110202&search_id=114132&scans_id=110198&peptide_id=14866&scanf=23323&charge=2&value=R.ALWVISK.Q,RIF1,1.021e+7,2.179,0.061,1.215,0.002
23324,2,"  1.442","  0.198",7/14,/core/www/modules//sdig/index.php?run_id=110202&search_id=114132&scans_id=110198&peptide_id=14867&scanf=23324&charge=2&value=7/14,sp|Q9Y5Q9|TF3C3_HUMAN,/core/www/modules//consensus/?run_id=110202&search_id=114132&scans_id=110198&peptide_id=14867&scanf=23324&charge=2&value=sp|Q9Y5Q9|TF3C3_HUMAN,3,/core/www/modules/match_peptides/blast_html4.php?run_id=110202&search_id=114132&scans_id=110198&peptide_id=14867&scanf=23324&charge=2&value=3,K.ISFEEFER.R,/core/www/modules/show_out/show_out_wrapper.php?run_id=110202&search_id=114132&scans_id=110198&peptide_id=14867&scanf=23324&charge=2&value=K.ISFEEFER.R,GTF3C3,1.146e+7,2.164,0.064,1.195,0.002
23325,3,"  4.566","  0.501",21/80,/core/www/modules//sdig/index.php?run_id=110202&search_id=114132&scans_id=110198&peptide_id=14868&scanf=23325&charge=3&value=21/80,sp|Q13813|SPTN1_HUMAN,/core/www/modules//consensus/?run_id=110202&search_id=114132&scans_id=110198&peptide_id=14868&scanf=23325&charge=3&value=sp|Q13813|SPTN1_HUMAN,2,/core/www/modules/match_peptides/blast_html4.php?run_id=110202&search_id=114132&scans_id=110198&peptide_id=14868&scanf=23325&charge=3&value=2,K.NQALNTDNYGHDLASVQALQR.K,/core/www/modules/show_out/show_out_wrapper.php?run_id=110202&search_id=114132&scans_id=110198&peptide_id=14868&scanf=23325&charge=3&value=K.NQALNTDNYGHDLASVQALQR.K,SPTAN1,8.362e+6,3.130,0.003,2.600,0.000
23326,2,"  3.011","  0.300",9/20,/core/www/modules//sdig/index.php?run_id=110202&search_id=114132&scans_id=110198&peptide_id=14869&scanf=23326&charge=2&value=9/20,sp|Q9H583|HEAT1_HUMAN,/core/www/modules//consensus/?run_id=110202&search_id=114132&scans_id=110198&peptide_id=14869&scanf=23326&charge=2&value=sp|Q9H583|HEAT1_HUMAN,1,/core/www/modules/match_peptides/blast_html4.php?run_id=110202&search_id=114132&scans_id=110198&peptide_id=14869&scanf=23326&charge=2&value=1,R.GLVGNPLPSVR.R,/core/www/modules/show_out/show_out_wrapper.php?run_id=110202&search_id=114132&scans_id=110198&peptide_id=14869&scanf=23326&charge=2&value=R.GLVGNPLPSVR.R,HEATR1,9.641e+6,2.273,0.045,1.347,0.002
23327,3,"  4.680","  0.582",23/68,/core/www/modules//sdig/index.php?run_id=110202&search_id=114132&scans_id=110198&peptide_id=14870&scanf=23327&charge=3&value=23/68,sp|O75533|SF3B1_HUMAN,/core/www/modules//consensus/?run_id=110202&search_id=114132&scans_id=110198&peptide_id=14870&scanf=23327&charge=3&value=sp|O75533|SF3B1_HUMAN,0,/core/www/modules/match_peptides/blast_html4.php?run_id=110202&search_id=114132&scans_id=110198&peptide_id=14870&scanf=23327&charge=3&value=0,K.LLVDVDESTLSPEEQKER.K,/core/www/modules/show_out/show_out_wrapper.php?run_id=110202&search_id=114132&scans_id=110198&peptide_id=14870&scanf=23327&charge=3&value=K.LLVDVDESTLSPEEQKER.K,SF3B1,8.519e+6,3.385,0.001,2.978,0.000
23329,4,"  3.603","  0.468",18/84,/core/www/modules//sdig/index.php?run_id=110202&search_id=114132&scans_id=110198&peptide_id=14872&scanf=23329&charge=4&value=18/84,sp|Q12873|CHD3_HUMAN,/core/www/modules//consensus/?run_id=110202&search_id=114132&scans_id=110198&peptide_id=14872&scanf=23329&charge=4&value=sp|Q12873|CHD3_HUMAN,24,/core/www/modules/match_peptides/blast_html4.php?run_id=110202&search_id=114132&scans_id=110198&peptide_id=14872&scanf=23329&charge=4&value=24,K.MMLTHLVVRPGLGSK.A,/core/www/modules/show_out/show_out_wrapper.php?run_id=110202&search_id=114132&scans_id=110198&peptide_id=14872&scanf=23329&charge=4&value=K.MMLTHLVVRPGLGSK.A,CHD3,2.147e+7,3.454,0.001,3.079,0.000
23331,3,"  5.404","  0.570",17/64,/core/www/modules//sdig/index.php?run_id=110202&search_id=114132&scans_id=110198&peptide_id=14875&scanf=23331&charge=3&value=17/64,sp|O60488|ACSL4_HUMAN,/core/www/modules//consensus/?run_id=110202&search_id=114132&scans_id=110198&peptide_id=14875&scanf=23331&charge=3&value=sp|O60488|ACSL4_HUMAN,2,/core/www/modules/match_peptides/blast_html4.php?run_id=110202&search_id=114132&scans_id=110198&peptide_id=14875&scanf=23331&charge=3&value=2,R.RVNNFGSGLTALGLKPK.N,/core/www/modules/show_out/show_out_wrapper.php?run_id=110202&search_id=114132&scans_id=110198&peptide_id=14875&scanf=23331&charge=3&value=R.RVNNFGSGLTALGLKPK.N,ACSL4,4.525e+6,3.099,0.003,2.554,0.000
23333,4,"  2.306","  0.277",15/96,/core/www/modules//sdig/index.php?run_id=110202&search_id=114132&scans_id=110198&peptide_id=14877&scanf=23333&charge=4&value=15/96,sp|Q9UM54|MYO6_HUMAN,/core/www/modules//consensus/?run_id=110202&search_id=114132&scans_id=110198&peptide_id=14877&scanf=23333&charge=4&value=sp|Q9UM54|MYO6_HUMAN,11,/core/www/modules/match_peptides/blast_html4.php?run_id=110202&search_id=114132&scans_id=110198&peptide_id=14877&scanf=23333&charge=4&value=11,K.AGSMKDPLLDDHGDFIR.M,/core/www/modules/show_out/show_out_wrapper.php?run_id=110202&search_id=114132&scans_id=110198&peptide_id=14877&scanf=23333&charge=4&value=K.AGSMKDPLLDDHGDFIR.M,MYO6,5.982e+6,2.267,0.046,1.339,0.002
23336,2,"  3.447","  0.557",16/24,/core/www/modules//sdig/index.php?run_id=110202&search_id=114132&scans_id=110198&peptide_id=14879&scanf=23336&charge=2&value=16/24,sp|P62241|RS8_HUMAN,/core/www/modules//consensus/?run_id=110202&search_id=114132&scans_id=110198&peptide_id=14879&scanf=23336&charge=2&value=sp|P62241|RS8_HUMAN,1,/core/www/modules/match_peptides/blast_html4.php?run_id=110202&search_id=114132&scans_id=110198&peptide_id=14879&scanf=23336&charge=2&value=1,K.ISSLLEEQFQQGK.L,/core/www/modules/show_out/show_out_wrapper.php?run_id=110202&search_id=114132&scans_id=110198&peptide_id=14879&scanf=23336&charge=2&value=K.ISSLLEEQFQQGK.L,RPS8,1.824e+8,3.519,0.001,3.177,0.000
23337,2,"  2.323","  0.460",10/16,/core/www/modules//sdig/index.php?run_id=110202&search_id=114132&scans_id=110198&peptide_id=14880&scanf=23337&charge=2&value=10/16,sp|Q9Y2X3|NOP58_HUMAN,/core/www/modules//consensus/?run_id=110202&search_id=114132&scans_id=110198&peptide_id=14880&scanf=23337&charge=2&value=sp|Q9Y2X3|NOP58_HUMAN,1,/core/www/modules/match_peptides/blast_html4.php?run_id=110202&search_id=114132&scans_id=110198&peptide_id=14880&scanf=23337&charge=2&value=1,K.LQEVDSLWK.E,/core/www/modules/show_out/show_out_wrapper.php?run_id=110202&search_id=114132&scans_id=110198&peptide_id=14880&scanf=23337&charge=2&value=K.LQEVDSLWK.E,NOP58,7.899e+7,3.267,0.002,2.803,0.000
23338,2,"  1.120","  0.025",7/12,/core/www/modules//sdig/index.php?run_id=110202&search_id=114132&scans_id=110198&peptide_id=14881&scanf=23338&charge=2&value=7/12,sp|O75533|SF3B1_HUMAN,/core/www/modules//consensus/?run_id=110202&search_id=114132&scans_id=110198&peptide_id=14881&scanf=23338&charge=2&value=sp|O75533|SF3B1_HUMAN,0,/core/www/modules/match_peptides/blast_html4.php?run_id=110202&search_id=114132&scans_id=110198&peptide_id=14881&scanf=23338&charge=2&value=0,K.GLAAFLK.A,/core/www/modules/show_out/show_out_wrapper.php?run_id=110202&search_id=114132&scans_id=110198&peptide_id=14881&scanf=23338&charge=2&value=K.GLAAFLK.A,SF3B1,3.376e+7,1.863,0.160,0.796,0.008
23340,2,"  1.741","  0.228",9/14,/core/www/modules//sdig/index.php?run_id=110202&search_id=114132&scans_id=110198&peptide_id=14884&scanf=23340&charge=2&value=9/14,sp|Q86XP3|DDX42_HUMAN,/core/www/modules//consensus/?run_id=110202&search_id=114132&scans_id=110198&peptide_id=14884&scanf=23340&charge=2&value=sp|Q86XP3|DDX42_HUMAN,0,/core/www/modules/match_peptides/blast_html4.php?run_id=110202&search_id=114132&scans_id=110198&peptide_id=14884&scanf=23340&charge=2&value=0,R.GLDIPSIK.T,/core/www/modules/show_out/show_out_wrapper.php?run_id=110202&search_id=114132&scans_id=110198&peptide_id=14884&scanf=23340&charge=2&value=R.GLDIPSIK.T,DDX42,1.599e+7,2.473,0.023,1.635,0.001
23341,3,"  2.441","  0.433",13/48,/core/www/modules//sdig/index.php?run_id=110202&search_id=114132&scans_id=110198&peptide_id=14885&scanf=23341&charge=3&value=13/48,sp|P62333|PRS10_HUMAN,/core/www/modules//consensus/?run_id=110202&search_id=114132&scans_id=110198&peptide_id=14885&scanf=23341&charge=3&value=sp|P62333|PRS10_HUMAN,1,/core/www/modules/match_peptides/blast_html4.php?run_id=110202&search_id=114132&scans_id=110198&peptide_id=14885&scanf=23341&charge=3&value=1,R.ADHDFVVQEDFMK.A,/core/www/modules/show_out/show_out_wrapper.php?run_id=110202&search_id=114132&scans_id=110198&peptide_id=14885&scanf=23341&charge=3&value=R.ADHDFVVQEDFMK.A,PSMC6,2.538e+7,2.933,0.005,2.309,0.000
23342,2,"  2.537","  0.534",13/16,/core/www/modules//sdig/index.php?run_id=110202&search_id=114132&scans_id=110198&peptide_id=14886&scanf=23342&charge=2&value=13/16,sp|Q8N884|CGAS_HUMAN,/core/www/modules//consensus/?run_id=110202&search_id=114132&scans_id=110198&peptide_id=14886&scanf=23342&charge=2&value=sp|Q8N884|CGAS_HUMAN,1,/core/www/modules/match_peptides/blast_html4.php?run_id=110202&search_id=114132&scans_id=110198&peptide_id=14886&scanf=23342&charge=2&value=1,K.GVVDHLLLR.L,/core/www/modules/show_out/show_out_wrapper.php?run_id=110202&search_id=114132&scans_id=110198&peptide_id=14886&scanf=23342&charge=2&value=K.GVVDHLLLR.L,CGAS,4.472e+7,3.745,0.000,3.512,0.000
23343,2,"  2.303","  0.332",11/20,/core/www/modules//sdig/index.php?run_id=110202&search_id=114132&scans_id=110198&peptide_id=14887&scanf=23343&charge=2&value=11/20,sp|Q68CP9|ARID2_HUMAN,/core/www/modules//consensus/?run_id=110202&search_id=114132&scans_id=110198&peptide_id=14887&scanf=23343&charge=2&value=sp|Q68CP9|ARID2_HUMAN,2,/core/www/modules/match_peptides/blast_html4.php?run_id=110202&search_id=114132&scans_id=110198&peptide_id=14887&scanf=23343&charge=2&value=2,R.GGILTSTGFYK.C,/core/www/modules/show_out/show_out_wrapper.php?run_id=110202&search_id=114132&scans_id=110198&peptide_id=14887&scanf=23343&charge=2&value=R.GGILTSTGFYK.C,ARID2,2.103e+7,2.606,0.015,1.829,0.000
23344,2,"  2.595","  0.402",11/16,/core/www/modules//sdig/index.php?run_id=110202&search_id=114132&scans_id=110198&peptide_id=14888&scanf=23344&charge=2&value=11/16,sp|Q9UKD2|MRT4_HUMAN,/core/www/modules//consensus/?run_id=110202&search_id=114132&scans_id=110198&peptide_id=14888&scanf=23344&charge=2&value=sp|Q9UKD2|MRT4_HUMAN,0,/core/www/modules/match_peptides/blast_html4.php?run_id=110202&search_id=114132&scans_id=110198&peptide_id=14888&scanf=23344&charge=2&value=0,R.QLGLPTALK.R,/core/www/modules/show_out/show_out_wrapper.php?run_id=110202&search_id=114132&scans_id=110198&peptide_id=14888&scanf=23344&charge=2&value=R.QLGLPTALK.R,MRTO4,4.375e+7,3.127,0.003,2.596,0.000
23346,2,"  3.485","  0.560",13/22,/core/www/modules//sdig/index.php?run_id=110202&search_id=114132&scans_id=110198&peptide_id=14890&scanf=23346&charge=2&value=13/22,sp|O00571|DDX3X_HUMAN,/core/www/modules//consensus/?run_id=110202&search_id=114132&scans_id=110198&peptide_id=14890&scanf=23346&charge=2&value=sp|O00571|DDX3X_HUMAN,17,/core/www/modules/match_peptides/blast_html4.php?run_id=110202&search_id=114132&scans_id=110198&peptide_id=14890&scanf=23346&charge=2&value=17,K.SPILVATAVAAR.G,/core/www/modules/show_out/show_out_wrapper.php?run_id=110202&search_id=114132&scans_id=110198&peptide_id=14890&scanf=23346&charge=2&value=K.SPILVATAVAAR.G,DDX3X,8.694e+7,3.512,0.001,3.166,0.000
23347,3,"  1.912","  0.422",12/44,/core/www/modules//sdig/index.php?run_id=110202&search_id=114132&scans_id=110198&peptide_id=14891&scanf=23347&charge=3&value=12/44,sp|Q13242|SRSF9_HUMAN,/core/www/modules//consensus/?run_id=110202&search_id=114132&scans_id=110198&peptide_id=14891&scanf=23347&charge=3&value=sp|Q13242|SRSF9_HUMAN,0,/core/www/modules/match_peptides/blast_html4.php?run_id=110202&search_id=114132&scans_id=110198&peptide_id=14891&scanf=23347&charge=3&value=0,R.GSPHYFSPFRPY.-,/core/www/modules/show_out/show_out_wrapper.php?run_id=110202&search_id=114132&scans_id=110198&peptide_id=14891&scanf=23347&charge=3&value=R.GSPHYFSPFRPY.-,SRSF9,3.178e+7,2.940,0.005,2.319,0.000
23348,2,"  2.729","  0.377",12/20,/core/www/modules//sdig/index.php?run_id=110202&search_id=114132&scans_id=110198&peptide_id=14892&scanf=23348&charge=2&value=12/20,sp|P48643|TCPE_HUMAN,/core/www/modules//consensus/?run_id=110202&search_id=114132&scans_id=110198&peptide_id=14892&scanf=23348&charge=2&value=sp|P48643|TCPE_HUMAN,3,/core/www/modules/match_peptides/blast_html4.php?run_id=110202&search_id=114132&scans_id=110198&peptide_id=14892&scanf=23348&charge=2&value=3,K.EKFEEMIQQIK.E,/core/www/modules/show_out/show_out_wrapper.php?run_id=110202&search_id=114132&scans_id=110198&peptide_id=14892&scanf=23348&charge=2&value=K.EKFEEMIQQIK.E,CCT5,1.939e+7,2.591,0.016,1.807,0.000
23349,4,"  2.988","  0.468",13/84,/core/www/modules//sdig/index.php?run_id=110202&search_id=114132&scans_id=110198&peptide_id=14893&scanf=23349&charge=4&value=13/84,sp|P46087|NOP2_HUMAN,/core/www/modules//consensus/?run_id=110202&search_id=114132&scans_id=110198&peptide_id=14893&scanf=23349&charge=4&value=sp|P46087|NOP2_HUMAN,0,/core/www/modules/match_peptides/blast_html4.php?run_id=110202&search_id=114132&scans_id=110198&peptide_id=14893&scanf=23349&charge=4&value=0,R.FYPHTHNMDGFFIAK.F,/core/www/modules/show_out/show_out_wrapper.php?run_id=110202&search_id=114132&scans_id=110198&peptide_id=14893&scanf=23349&charge=4&value=R.FYPHTHNMDGFFIAK.F,NOP2,1.300e+7,3.352,0.001,2.929,0.000
23352,2,"  2.937","  0.442",11/20,/core/www/modules//sdig/index.php?run_id=110202&search_id=114132&scans_id=110198&peptide_id=14896&scanf=23352&charge=2&value=11/20,sp|Q14980|NUMA1_HUMAN,/core/www/modules//consensus/?run_id=110202&search_id=114132&scans_id=110198&peptide_id=14896&scanf=23352&charge=2&value=sp|Q14980|NUMA1_HUMAN,1,/core/www/modules/match_peptides/blast_html4.php?run_id=110202&search_id=114132&scans_id=110198&peptide_id=14896&scanf=23352&charge=2&value=1,K.DQLQEQLQALK.E,/core/www/modules/show_out/show_out_wrapper.php?run_id=110202&search_id=114132&scans_id=110198&peptide_id=14896&scanf=23352&charge=2&value=K.DQLQEQLQALK.E,NUMA1,1.095e+7,3.166,0.002,2.653,0.000
23354,3,"  2.515","  0.376",11/36,/core/www/modules//sdig/index.php?run_id=110202&search_id=114132&scans_id=110198&peptide_id=14898&scanf=23354&charge=3&value=11/36,sp|P07900|HS90A_HUMAN,/core/www/modules//consensus/?run_id=110202&search_id=114132&scans_id=110198&peptide_id=14898&scanf=23354&charge=3&value=sp|P07900|HS90A_HUMAN,2,/core/www/modules/match_peptides/blast_html4.php?run_id=110202&search_id=114132&scans_id=110198&peptide_id=14898&scanf=23354&charge=3&value=2,K.ELHINLIPNK.Q,/core/www/modules/show_out/show_out_wrapper.php?run_id=110202&search_id=114132&scans_id=110198&peptide_id=14898&scanf=23354&charge=3&value=K.ELHINLIPNK.Q,HSP90AA1,2.726e+8,3.110,0.003,2.571,0.000
23355,4,"  4.156","  0.400",14/90,/core/www/modules//sdig/index.php?run_id=110202&search_id=114132&scans_id=110198&peptide_id=14899&scanf=23355&charge=4&value=14/90,sp|Q9Y5Q8|TF3C5_HUMAN,/core/www/modules//consensus/?run_id=110202&search_id=114132&scans_id=110198&peptide_id=14899&scanf=23355&charge=4&value=sp|Q9Y5Q8|TF3C5_HUMAN,3,/core/www/modules/match_peptides/blast_html4.php?run_id=110202&search_id=114132&scans_id=110198&peptide_id=14899&scanf=23355&charge=4&value=3,R.LDAPVDYFYRPETQHR.E,/core/www/modules/show_out/show_out_wrapper.php?run_id=110202&search_id=114132&scans_id=110198&peptide_id=14899&scanf=23355&charge=4&value=R.LDAPVDYFYRPETQHR.E,GTF3C5,1.241e+7,3.081,0.003,2.528,0.000
23357,2,"  2.443","  0.514",11/18,/core/www/modules//sdig/index.php?run_id=110202&search_id=114132&scans_id=110198&peptide_id=14900&scanf=23357&charge=2&value=11/18,sp|Q07955|SRSF1_HUMAN,/core/www/modules//consensus/?run_id=110202&search_id=114132&scans_id=110198&peptide_id=14900&scanf=23357&charge=2&value=sp|Q07955|SRSF1_HUMAN,2,/core/www/modules/match_peptides/blast_html4.php?run_id=110202&search_id=114132&scans_id=110198&peptide_id=14900&scanf=23357&charge=2&value=2,R.DGTGVVEFVR.K,/core/www/modules/show_out/show_out_wrapper.php?run_id=110202&search_id=114132&scans_id=110198&peptide_id=14900&scanf=23357&charge=2&value=R.DGTGVVEFVR.K,SRSF1,2.496e+7,3.437,0.001,3.055,0.000
23358,3,"  3.971","  0.571",17/56,/core/www/modules//sdig/index.php?run_id=110202&search_id=114132&scans_id=110198&peptide_id=14901&scanf=23358&charge=3&value=17/56,sp|O60341|KDM1A_HUMAN,/core/www/modules//consensus/?run_id=110202&search_id=114132&scans_id=110198&peptide_id=14901&scanf=23358&charge=3&value=sp|O60341|KDM1A_HUMAN,10,/core/www/modules/match_peptides/blast_html4.php?run_id=110202&search_id=114132&scans_id=110198&peptide_id=14901&scanf=23358&charge=3&value=10,R.NYPATVHGALLSGLR.E,/core/www/modules/show_out/show_out_wrapper.php?run_id=110202&search_id=114132&scans_id=110198&peptide_id=14901&scanf=23358&charge=3&value=R.NYPATVHGALLSGLR.E,KDM1A,1.724e+7,3.432,0.001,3.047,0.000
23359,2,"  2.349","  0.515",12/18,/core/www/modules//sdig/index.php?run_id=110202&search_id=114132&scans_id=110198&peptide_id=14902&scanf=23359&charge=2&value=12/18,sp|Q8WWQ0|PHIP_HUMAN,/core/www/modules//consensus/?run_id=110202&search_id=114132&scans_id=110198&peptide_id=14902&scanf=23359&charge=2&value=sp|Q8WWQ0|PHIP_HUMAN,4,/core/www/modules/match_peptides/blast_html4.php?run_id=110202&search_id=114132&scans_id=110198&peptide_id=14902&scanf=23359&charge=2&value=4,K.LAFLDPDTGK.L,/core/www/modules/show_out/show_out_wrapper.php?run_id=110202&search_id=114132&scans_id=110198&peptide_id=14902&scanf=23359&charge=2&value=K.LAFLDPDTGK.L,PHIP,2.276e+7,3.320,0.001,2.881,0.000
23360,2,"  2.085","  0.269",8/12,/core/www/modules//sdig/index.php?run_id=110202&search_id=114132&scans_id=110198&peptide_id=14904&scanf=23360&charge=2&value=8/12,sp|P46940|IQGA1_HUMAN,/core/www/modules//consensus/?run_id=110202&search_id=114132&scans_id=110198&peptide_id=14904&scanf=23360&charge=2&value=sp|P46940|IQGA1_HUMAN,2,/core/www/modules/match_peptides/blast_html4.php?run_id=110202&search_id=114132&scans_id=110198&peptide_id=14904&scanf=23360&charge=2&value=2,R.EEYLLLR.L,/core/www/modules/show_out/show_out_wrapper.php?run_id=110202&search_id=114132&scans_id=110198&peptide_id=14904&scanf=23360&charge=2&value=R.EEYLLLR.L,IQGAP1,1.000e+7,2.773,0.008,2.073,0.000
23363,2,"  1.756","  0.412",8/12,/core/www/modules//sdig/index.php?run_id=110202&search_id=114132&scans_id=110198&peptide_id=14907&scanf=23363&charge=2&value=8/12,sp|Q9UBE0|SAE1_HUMAN,/core/www/modules//consensus/?run_id=110202&search_id=114132&scans_id=110198&peptide_id=14907&scanf=23363&charge=2&value=sp|Q9UBE0|SAE1_HUMAN,6,/core/www/modules/match_peptides/blast_html4.php?run_id=110202&search_id=114132&scans_id=110198&peptide_id=14907&scanf=23363&charge=2&value=6,R.VLLVGLK.G,/core/www/modules/show_out/show_out_wrapper.php?run_id=110202&search_id=114132&scans_id=110198&peptide_id=14907&scanf=23363&charge=2&value=R.VLLVGLK.G,SAE1,1.636e+7,3.133,0.002,2.605,0.000
23364,2,"  1.078","  0.138",6/14,/core/www/modules//sdig/index.php?run_id=110202&search_id=114132&scans_id=110198&peptide_id=14908&scanf=23364&charge=2&value=6/14,sp|P33991|MCM4_HUMAN,/core/www/modules//consensus/?run_id=110202&search_id=114132&scans_id=110198&peptide_id=14908&scanf=23364&charge=2&value=sp|P33991|MCM4_HUMAN,5,/core/www/modules/match_peptides/blast_html4.php?run_id=110202&search_id=114132&scans_id=110198&peptide_id=14908&scanf=23364&charge=2&value=5,K.DMFEEALR.A,/core/www/modules/show_out/show_out_wrapper.php?run_id=110202&search_id=114132&scans_id=110198&peptide_id=14908&scanf=23364&charge=2&value=K.DMFEEALR.A,MCM4,1.229e+7,1.844,0.169,0.772,0.009
23365,2,"  3.955","  0.630",15/22,/core/www/modules//sdig/index.php?run_id=110202&search_id=114132&scans_id=110198&peptide_id=14909&scanf=23365&charge=2&value=15/22,sp|O00231|PSD11_HUMAN,/core/www/modules//consensus/?run_id=110202&search_id=114132&scans_id=110198&peptide_id=14909&scanf=23365&charge=2&value=sp|O00231|PSD11_HUMAN,1,/core/www/modules/match_peptides/blast_html4.php?run_id=110202&search_id=114132&scans_id=110198&peptide_id=14909&scanf=23365&charge=2&value=1,K.TGQAAELGGLLK.Y,/core/www/modules/show_out/show_out_wrapper.php?run_id=110202&search_id=114132&scans_id=110198&peptide_id=14909&scanf=23365&charge=2&value=K.TGQAAELGGLLK.Y,PSMD11,1.790e+7,3.807,0.000,3.603,0.000
23366,4,"  5.307","  0.544",14/150,/core/www/modules//sdig/index.php?run_id=110202&search_id=114132&scans_id=110198&peptide_id=14910&scanf=23366&charge=4&value=14/150,sp|Q8WYA6|CTBL1_HUMAN,/core/www/modules//consensus/?run_id=110202&search_id=114132&scans_id=110198&peptide_id=14910&scanf=23366&charge=4&value=sp|Q8WYA6|CTBL1_HUMAN,2,/core/www/modules/match_peptides/blast_html4.php?run_id=110202&search_id=114132&scans_id=110198&peptide_id=14910&scanf=23366&charge=4&value=2,R.LLQIIDRDGEEEEEEEEPLDESSVKK.M,/core/www/modules/show_out/show_out_wrapper.php?run_id=110202&search_id=114132&scans_id=110198&peptide_id=14910&scanf=23366&charge=4&value=R.LLQIIDRDGEEEEEEEEPLDESSVKK.M,CTNNBL1,5.541e+6,2.636,0.013,1.872,0.000
23367,2,"  2.638","  0.608",10/20,/core/www/modules//sdig/index.php?run_id=110202&search_id=114132&scans_id=110198&peptide_id=14911&scanf=23367&charge=2&value=10/20,sp|P34932|HSP74_HUMAN,/core/www/modules//consensus/?run_id=110202&search_id=114132&scans_id=110198&peptide_id=14911&scanf=23367&charge=2&value=sp|P34932|HSP74_HUMAN,0,/core/www/modules/match_peptides/blast_html4.php?run_id=110202&search_id=114132&scans_id=110198&peptide_id=14911&scanf=23367&charge=2&value=0,R.AFSDPFVEAEK.S,/core/www/modules/show_out/show_out_wrapper.php?run_id=110202&search_id=114132&scans_id=110198&peptide_id=14911&scanf=23367&charge=2&value=R.AFSDPFVEAEK.S,HSPA4,1.392e+7,3.459,0.001,3.087,0.000
23368,3,"  4.784","  0.557",17/48,/core/www/modules//sdig/index.php?run_id=110202&search_id=114132&scans_id=110198&peptide_id=14912&scanf=23368&charge=3&value=17/48,sp|O60264|SMCA5_HUMAN,/core/www/modules//consensus/?run_id=110202&search_id=114132&scans_id=110198&peptide_id=14912&scanf=23368&charge=3&value=sp|O60264|SMCA5_HUMAN,0,/core/www/modules/match_peptides/blast_html4.php?run_id=110202&search_id=114132&scans_id=110198&peptide_id=14912&scanf=23368&charge=3&value=0,K.LGFDKENVYDELR.Q,/core/www/modules/show_out/show_out_wrapper.php?run_id=110202&search_id=114132&scans_id=110198&peptide_id=14912&scanf=23368&charge=3&value=K.LGFDKENVYDELR.Q,SMARCA5,3.971e+7,3.494,0.001,3.140,0.000
23369,2,"  5.074","  0.555",22/30,/core/www/modules//sdig/index.php?run_id=110202&search_id=114132&scans_id=110198&peptide_id=14913&scanf=23369&charge=2&value=22/30,sp|P20700|LMNB1_HUMAN,/core/www/modules//consensus/?run_id=110202&search_id=114132&scans_id=110198&peptide_id=14913&scanf=23369&charge=2&value=sp|P20700|LMNB1_HUMAN,3,/core/www/modules/match_peptides/blast_html4.php?run_id=110202&search_id=114132&scans_id=110198&peptide_id=14913&scanf=23369&charge=2&value=3,R.SLETENSALQLQVTER.E,/core/www/modules/show_out/show_out_wrapper.php?run_id=110202&search_id=114132&scans_id=110198&peptide_id=14913&scanf=23369&charge=2&value=R.SLETENSALQLQVTER.E,LMNB1,8.680e+6,3.647,0.000,3.366,0.000
23370,2,"  4.415","  0.777",19/24,/core/www/modules//sdig/index.php?run_id=110202&search_id=114132&scans_id=110198&peptide_id=14915&scanf=23370&charge=2&value=19/24,sp|P62333|PRS10_HUMAN,/core/www/modules//consensus/?run_id=110202&search_id=114132&scans_id=110198&peptide_id=14915&scanf=23370&charge=2&value=sp|P62333|PRS10_HUMAN,1,/core/www/modules/match_peptides/blast_html4.php?run_id=110202&search_id=114132&scans_id=110198&peptide_id=14915&scanf=23370&charge=2&value=1,R.ADHDFVVQEDFMK.A,/core/www/modules/show_out/show_out_wrapper.php?run_id=110202&search_id=114132&scans_id=110198&peptide_id=14915&scanf=23370&charge=2&value=R.ADHDFVVQEDFMK.A,PSMC6,7.526e+6,4.470,0.000,4.586,0.000
23372,3,"  3.630","  0.516",14/56,/core/www/modules//sdig/index.php?run_id=110202&search_id=114132&scans_id=110198&peptide_id=14917&scanf=23372&charge=3&value=14/56,sp|Q12873|CHD3_HUMAN,/core/www/modules//consensus/?run_id=110202&search_id=114132&scans_id=110198&peptide_id=14917&scanf=23372&charge=3&value=sp|Q12873|CHD3_HUMAN,24,/core/www/modules/match_peptides/blast_html4.php?run_id=110202&search_id=114132&scans_id=110198&peptide_id=14917&scanf=23372&charge=3&value=24,K.MMLTHLVVRPGLGSK.A,/core/www/modules/show_out/show_out_wrapper.php?run_id=110202&search_id=114132&scans_id=110198&peptide_id=14917&scanf=23372&charge=3&value=K.MMLTHLVVRPGLGSK.A,CHD3,1.068e+7,3.193,0.002,2.694,0.000
23376,2,"  2.289","  0.393",13/22,/core/www/modules//sdig/index.php?run_id=110202&search_id=114132&scans_id=110198&peptide_id=14921&scanf=23376&charge=2&value=13/22,sp|O60264|SMCA5_HUMAN,/core/www/modules//consensus/?run_id=110202&search_id=114132&scans_id=110198&peptide_id=14921&scanf=23376&charge=2&value=sp|O60264|SMCA5_HUMAN,3,/core/www/modules/match_peptides/blast_html4.php?run_id=110202&search_id=114132&scans_id=110198&peptide_id=14921&scanf=23376&charge=2&value=3,K.LRLDSIVIQQGR.L,/core/www/modules/show_out/show_out_wrapper.php?run_id=110202&search_id=114132&scans_id=110198&peptide_id=14921&scanf=23376&charge=2&value=K.LRLDSIVIQQGR.L,SMARCA5,8.130e+6,2.705,0.011,1.974,0.000
23378,2,"  1.681","  0.426",7/12,/core/www/modules//sdig/index.php?run_id=110202&search_id=114132&scans_id=110198&peptide_id=14922&scanf=23378&charge=2&value=7/12,sp|P14678|RSMB_HUMAN,/core/www/modules//consensus/?run_id=110202&search_id=114132&scans_id=110198&peptide_id=14922&scanf=23378&charge=2&value=sp|P14678|RSMB_HUMAN,4,/core/www/modules/match_peptides/blast_html4.php?run_id=110202&search_id=114132&scans_id=110198&peptide_id=14922&scanf=23378&charge=2&value=4,R.IFIGTFK.A,/core/www/modules/show_out/show_out_wrapper.php?run_id=110202&search_id=114132&scans_id=110198&peptide_id=14922&scanf=23378&charge=2&value=R.IFIGTFK.A,SNRPB,9.551e+7,3.062,0.003,2.499,0.000
23379,2,"  2.228","  0.509",11/20,/core/www/modules//sdig/index.php?run_id=110202&search_id=114132&scans_id=110198&peptide_id=14923&scanf=23379&charge=2&value=11/20,sp|P61978|HNRPK_HUMAN,/core/www/modules//consensus/?run_id=110202&search_id=114132&scans_id=110198&peptide_id=14923&scanf=23379&charge=2&value=sp|P61978|HNRPK_HUMAN,1,/core/www/modules/match_peptides/blast_html4.php?run_id=110202&search_id=114132&scans_id=110198&peptide_id=14923&scanf=23379&charge=2&value=1,R.NLPLPPPPPPR.G,/core/www/modules/show_out/show_out_wrapper.php?run_id=110202&search_id=114132&scans_id=110198&peptide_id=14923&scanf=23379&charge=2&value=R.NLPLPPPPPPR.G,HNRNPK,3.458e+8,3.386,0.001,2.979,0.000
23380,2,"  2.078","  0.545",9/18,/core/www/modules//sdig/index.php?run_id=110202&search_id=114132&scans_id=110198&peptide_id=14925&scanf=23380&charge=2&value=9/18,sp|P42696|RBM34_HUMAN,/core/www/modules//consensus/?run_id=110202&search_id=114132&scans_id=110198&peptide_id=14925&scanf=23380&charge=2&value=sp|P42696|RBM34_HUMAN,3,/core/www/modules/match_peptides/blast_html4.php?run_id=110202&search_id=114132&scans_id=110198&peptide_id=14925&scanf=23380&charge=2&value=3,R.LGQVASSLFR.G,/core/www/modules/show_out/show_out_wrapper.php?run_id=110202&search_id=114132&scans_id=110198&peptide_id=14925&scanf=23380&charge=2&value=R.LGQVASSLFR.G,RBM34,1.972e+7,3.243,0.002,2.767,0.000
23383,2,"  2.876","  0.453",12/20,/core/www/modules//sdig/index.php?run_id=110202&search_id=114132&scans_id=110198&peptide_id=14928&scanf=23383&charge=2&value=12/20,sp|P78527|PRKDC_HUMAN,/core/www/modules//consensus/?run_id=110202&search_id=114132&scans_id=110198&peptide_id=14928&scanf=23383&charge=2&value=sp|P78527|PRKDC_HUMAN,1,/core/www/modules/match_peptides/blast_html4.php?run_id=110202&search_id=114132&scans_id=110198&peptide_id=14928&scanf=23383&charge=2&value=1,R.YPEETLSLMTK.E,/core/www/modules/show_out/show_out_wrapper.php?run_id=110202&search_id=114132&scans_id=110198&peptide_id=14928&scanf=23383&charge=2&value=R.YPEETLSLMTK.E,PRKDC,1.257e+8,3.932,0.000,3.788,0.000
23384,3,"  4.592","  0.595",17/64,/core/www/modules//sdig/index.php?run_id=110202&search_id=114132&scans_id=110198&peptide_id=14929&scanf=23384&charge=3&value=17/64,sp|P35251|RFC1_HUMAN,/core/www/modules//consensus/?run_id=110202&search_id=114132&scans_id=110198&peptide_id=14929&scanf=23384&charge=3&value=sp|P35251|RFC1_HUMAN,0,/core/www/modules/match_peptides/blast_html4.php?run_id=110202&search_id=114132&scans_id=110198&peptide_id=14929&scanf=23384&charge=3&value=0,K.HALIMDEVDGMAGNEDR.G,/core/www/modules/show_out/show_out_wrapper.php?run_id=110202&search_id=114132&scans_id=110198&peptide_id=14929&scanf=23384&charge=3&value=K.HALIMDEVDGMAGNEDR.G,RFC1,1.012e+7,3.455,0.001,3.082,0.000
23385,3,"  2.853","  0.230",12/48,/core/www/modules//sdig/index.php?run_id=110202&search_id=114132&scans_id=110198&peptide_id=14930&scanf=23385&charge=3&value=12/48,sp|Q9BZE4|GTPB4_HUMAN,/core/www/modules//consensus/?run_id=110202&search_id=114132&scans_id=110198&peptide_id=14930&scanf=23385&charge=3&value=sp|Q9BZE4|GTPB4_HUMAN,0,/core/www/modules/match_peptides/blast_html4.php?run_id=110202&search_id=114132&scans_id=110198&peptide_id=14930&scanf=23385&charge=3&value=0,K.ERPPFIPEGVVAR.R,/core/www/modules/show_out/show_out_wrapper.php?run_id=110202&search_id=114132&scans_id=110198&peptide_id=14930&scanf=23385&charge=3&value=K.ERPPFIPEGVVAR.R,GTPBP4,2.156e+7,2.090,0.081,1.093,0.003
23386,2,"  2.850","  0.560",10/20,/core/www/modules//sdig/index.php?run_id=110202&search_id=114132&scans_id=110198&peptide_id=14931&scanf=23386&charge=2&value=10/20,sp|P61923|COPZ1_HUMAN,/core/www/modules//consensus/?run_id=110202&search_id=114132&scans_id=110198&peptide_id=14931&scanf=23386&charge=2&value=sp|P61923|COPZ1_HUMAN,7,/core/www/modules/match_peptides/blast_html4.php?run_id=110202&search_id=114132&scans_id=110198&peptide_id=14931&scanf=23386&charge=2&value=7,K.AILILDNDGDR.L,/core/www/modules/show_out/show_out_wrapper.php?run_id=110202&search_id=114132&scans_id=110198&peptide_id=14931&scanf=23386&charge=2&value=K.AILILDNDGDR.L,COPZ1,1.686e+7,3.276,0.002,2.816,0.000
23388,2,"  2.045","  0.142",8/12,/core/www/modules//sdig/index.php?run_id=110202&search_id=114132&scans_id=110198&peptide_id=14933&scanf=23388&charge=2&value=8/12,sp|P19367|HXK1_HUMAN,/core/www/modules//consensus/?run_id=110202&search_id=114132&scans_id=110198&peptide_id=14933&scanf=23388&charge=2&value=sp|P19367|HXK1_HUMAN,1,/core/www/modules/match_peptides/blast_html4.php?run_id=110202&search_id=114132&scans_id=110198&peptide_id=14933&scanf=23388&charge=2&value=1,R.LALLQVR.A,/core/www/modules/show_out/show_out_wrapper.php?run_id=110202&search_id=114132&scans_id=110198&peptide_id=14933&scanf=23388&charge=2&value=R.LALLQVR.A,HK1,2.425e+7,2.297,0.042,1.382,0.001
23390,2,"  2.153","  0.275",8/12,/core/www/modules//sdig/index.php?run_id=110202&search_id=114132&scans_id=110198&peptide_id=14936&scanf=23390&charge=2&value=8/12,sp|P23381|SYWC_HUMAN,/core/www/modules//consensus/?run_id=110202&search_id=114132&scans_id=110198&peptide_id=14936&scanf=23390&charge=2&value=sp|P23381|SYWC_HUMAN,0,/core/www/modules/match_peptides/blast_html4.php?run_id=110202&search_id=114132&scans_id=110198&peptide_id=14936&scanf=23390&charge=2&value=0,R.KLSFDFQ.-,/core/www/modules/show_out/show_out_wrapper.php?run_id=110202&search_id=114132&scans_id=110198&peptide_id=14936&scanf=23390&charge=2&value=R.KLSFDFQ.-,WARS1,6.778e+6,2.381,0.031,1.502,0.001
23391,2,"  3.254","  0.000",14/24,/core/www/modules//sdig/index.php?run_id=110202&search_id=114132&scans_id=110198&peptide_id=14937&scanf=23391&charge=2&value=14/24,sp|P07900|HS90A_HUMAN,/core/www/modules//consensus/?run_id=110202&search_id=114132&scans_id=110198&peptide_id=14937&scanf=23391&charge=2&value=sp|P07900|HS90A_HUMAN,0,/core/www/modules/match_peptides/blast_html4.php?run_id=110202&search_id=114132&scans_id=110198&peptide_id=14937&scanf=23391&charge=2&value=0,R.TLTIVDTGIGM*TK.A,/core/www/modules/show_out/show_out_wrapper.php?run_id=110202&search_id=114132&scans_id=110198&peptide_id=14937&scanf=23391&charge=2&value=R.TLTIVDTGIGM*TK.A,HSP90AA1,1.600e+7,3.989,0.000,3.874,0.000
23392,2,"  5.693","  0.737",20/34,/core/www/modules//sdig/index.php?run_id=110202&search_id=114132&scans_id=110198&peptide_id=14938&scanf=23392&charge=2&value=20/34,sp|P55265|DSRAD_HUMAN,/core/www/modules//consensus/?run_id=110202&search_id=114132&scans_id=110198&peptide_id=14938&scanf=23392&charge=2&value=sp|P55265|DSRAD_HUMAN,6,/core/www/modules/match_peptides/blast_html4.php?run_id=110202&search_id=114132&scans_id=110198&peptide_id=14938&scanf=23392&charge=2&value=6,K.TAESQTPTPSATSFFSGK.S,/core/www/modules/show_out/show_out_wrapper.php?run_id=110202&search_id=114132&scans_id=110198&peptide_id=14938&scanf=23392&charge=2&value=K.TAESQTPTPSATSFFSGK.S,ADAR,1.027e+7,3.951,0.000,3.816,0.000
23393,3,"  5.305","  0.696",23/80,/core/www/modules//sdig/index.php?run_id=110202&search_id=114132&scans_id=110198&peptide_id=14939&scanf=23393&charge=3&value=23/80,sp|P52597|HNRPF_HUMAN,/core/www/modules//consensus/?run_id=110202&search_id=114132&scans_id=110198&peptide_id=14939&scanf=23393&charge=3&value=sp|P52597|HNRPF_HUMAN,0,/core/www/modules/match_peptides/blast_html4.php?run_id=110202&search_id=114132&scans_id=110198&peptide_id=14939&scanf=23393&charge=3&value=0,R.VTGEADVEFATHEEAVAAMSK.D,/core/www/modules/show_out/show_out_wrapper.php?run_id=110202&search_id=114132&scans_id=110198&peptide_id=14939&scanf=23393&charge=3&value=R.VTGEADVEFATHEEAVAAMSK.D,HNRNPF,8.202e+6,3.695,0.000,3.437,0.000
23395,3,"  2.466","  0.502",13/32,/core/www/modules//sdig/index.php?run_id=110202&search_id=114132&scans_id=110198&peptide_id=14941&scanf=23395&charge=3&value=13/32,sp|P53618|COPB_HUMAN,/core/www/modules//consensus/?run_id=110202&search_id=114132&scans_id=110198&peptide_id=14941&scanf=23395&charge=3&value=sp|P53618|COPB_HUMAN,1,/core/www/modules/match_peptides/blast_html4.php?run_id=110202&search_id=114132&scans_id=110198&peptide_id=14941&scanf=23395&charge=3&value=1,K.MLEVFHAIK.S,/core/www/modules/show_out/show_out_wrapper.php?run_id=110202&search_id=114132&scans_id=110198&peptide_id=14941&scanf=23395&charge=3&value=K.MLEVFHAIK.S,COPB1,2.098e+7,3.569,0.001,3.251,0.000
23399,2,"  5.191","  0.628",22/26,/core/www/modules//sdig/index.php?run_id=110202&search_id=114132&scans_id=110198&peptide_id=14944&scanf=23399&charge=2&value=22/26,sp|P62906|RL10A_HUMAN,/core/www/modules//consensus/?run_id=110202&search_id=114132&scans_id=110198&peptide_id=14944&scanf=23399&charge=2&value=sp|P62906|RL10A_HUMAN,0,/core/www/modules/match_peptides/blast_html4.php?run_id=110202&search_id=114132&scans_id=110198&peptide_id=14944&scanf=23399&charge=2&value=0,K.FPSLLTHNENMVAK.V,/core/www/modules/show_out/show_out_wrapper.php?run_id=110202&search_id=114132&scans_id=110198&peptide_id=14944&scanf=23399&charge=2&value=K.FPSLLTHNENMVAK.V,RPL10A,6.457e+7,4.038,0.000,3.946,0.000
23400,4,"  3.452","  0.240",14/96,/core/www/modules//sdig/index.php?run_id=110202&search_id=114132&scans_id=110198&peptide_id=14946&scanf=23400&charge=4&value=14/96,sp|Q9HCD5|NCOA5_HUMAN,/core/www/modules//consensus/?run_id=110202&search_id=114132&scans_id=110198&peptide_id=14946&scanf=23400&charge=4&value=sp|Q9HCD5|NCOA5_HUMAN,0,/core/www/modules/match_peptides/blast_html4.php?run_id=110202&search_id=114132&scans_id=110198&peptide_id=14946&scanf=23400&charge=4&value=0,R.GGSPFAIVITQQHQIHR.S,/core/www/modules/show_out/show_out_wrapper.php?run_id=110202&search_id=114132&scans_id=110198&peptide_id=14946&scanf=23400&charge=4&value=R.GGSPFAIVITQQHQIHR.S,NCOA5,1.580e+7,2.492,0.022,1.662,0.001
23402,2,"  3.206","  0.597",13/26,/core/www/modules//sdig/index.php?run_id=110202&search_id=114132&scans_id=110198&peptide_id=14948&scanf=23402&charge=2&value=13/26,sp|Q96T37|RBM15_HUMAN,/core/www/modules//consensus/?run_id=110202&search_id=114132&scans_id=110198&peptide_id=14948&scanf=23402&charge=2&value=sp|Q96T37|RBM15_HUMAN,3,/core/www/modules/match_peptides/blast_html4.php?run_id=110202&search_id=114132&scans_id=110198&peptide_id=14948&scanf=23402&charge=2&value=3,K.QAAGVISLPVGGNK.D,/core/www/modules/show_out/show_out_wrapper.php?run_id=110202&search_id=114132&scans_id=110198&peptide_id=14948&scanf=23402&charge=2&value=K.QAAGVISLPVGGNK.D,RBM15,1.456e+7,3.324,0.001,2.887,0.000
23404,2,"  2.328","  0.476",11/16,/core/www/modules//sdig/index.php?run_id=110202&search_id=114132&scans_id=110198&peptide_id=14950&scanf=23404&charge=2&value=11/16,sp|P35606|COPB2_HUMAN,/core/www/modules//consensus/?run_id=110202&search_id=114132&scans_id=110198&peptide_id=14950&scanf=23404&charge=2&value=sp|P35606|COPB2_HUMAN,3,/core/www/modules/match_peptides/blast_html4.php?run_id=110202&search_id=114132&scans_id=110198&peptide_id=14950&scanf=23404&charge=2&value=3,R.LPEAAFLAR.T,/core/www/modules/show_out/show_out_wrapper.php?run_id=110202&search_id=114132&scans_id=110198&peptide_id=14950&scanf=23404&charge=2&value=R.LPEAAFLAR.T,COPB2,2.119e+7,3.383,0.001,2.975,0.000
23405,2,"  1.891","  0.378",9/16,/core/www/modules//sdig/index.php?run_id=110202&search_id=114132&scans_id=110198&peptide_id=14951&scanf=23405&charge=2&value=9/16,sp|P49419|AL7A1_HUMAN,/core/www/modules//consensus/?run_id=110202&search_id=114132&scans_id=110198&peptide_id=14951&scanf=23405&charge=2&value=sp|P49419|AL7A1_HUMAN,8,/core/www/modules/match_peptides/blast_html4.php?run_id=110202&search_id=114132&scans_id=110198&peptide_id=14951&scanf=23405&charge=2&value=8,K.IWADIPAPK.R,/core/www/modules/show_out/show_out_wrapper.php?run_id=110202&search_id=114132&scans_id=110198&peptide_id=14951&scanf=23405&charge=2&value=K.IWADIPAPK.R,ALDH7A1,8.950e+6,2.776,0.008,2.078,0.000
23406,2,"  1.794","  0.386",8/16,/core/www/modules//sdig/index.php?run_id=110202&search_id=114132&scans_id=110198&peptide_id=14952&scanf=23406&charge=2&value=8/16,sp|O00505|IMA4_HUMAN,/core/www/modules//consensus/?run_id=110202&search_id=114132&scans_id=110198&peptide_id=14952&scanf=23406&charge=2&value=sp|O00505|IMA4_HUMAN,5,/core/www/modules/match_peptides/blast_html4.php?run_id=110202&search_id=114132&scans_id=110198&peptide_id=14952&scanf=23406&charge=2&value=5,R.NPPIDDLIK.S,/core/www/modules/show_out/show_out_wrapper.php?run_id=110202&search_id=114132&scans_id=110198&peptide_id=14952&scanf=23406&charge=2&value=R.NPPIDDLIK.S,KPNA3,4.474e+7,2.747,0.009,2.035,0.000
23407,2,"  3.693","  0.641",14/24,/core/www/modules//sdig/index.php?run_id=110202&search_id=114132&scans_id=110198&peptide_id=14953&scanf=23407&charge=2&value=14/24,sp|P33993|MCM7_HUMAN,/core/www/modules//consensus/?run_id=110202&search_id=114132&scans_id=110198&peptide_id=14953&scanf=23407&charge=2&value=sp|P33993|MCM7_HUMAN,0,/core/www/modules/match_peptides/blast_html4.php?run_id=110202&search_id=114132&scans_id=110198&peptide_id=14953&scanf=23407&charge=2&value=0,R.GSSGVGLTAAVLR.D,/core/www/modules/show_out/show_out_wrapper.php?run_id=110202&search_id=114132&scans_id=110198&peptide_id=14953&scanf=23407&charge=2&value=R.GSSGVGLTAAVLR.D,MCM7,2.571e+7,3.759,0.000,3.532,0.000
23411,3,"  2.980","  0.437",14/60,/core/www/modules//sdig/index.php?run_id=110202&search_id=114132&scans_id=110198&peptide_id=14958&scanf=23411&charge=3&value=14/60,sp|Q96G23|CERS2_HUMAN,/core/www/modules//consensus/?run_id=110202&search_id=114132&scans_id=110198&peptide_id=14958&scanf=23411&charge=3&value=sp|Q96G23|CERS2_HUMAN,6,/core/www/modules/match_peptides/blast_html4.php?run_id=110202&search_id=114132&scans_id=110198&peptide_id=14958&scanf=23411&charge=3&value=6,R.APPNATLEHFYLTSGK.Q,/core/www/modules/show_out/show_out_wrapper.php?run_id=110202&search_id=114132&scans_id=110198&peptide_id=14958&scanf=23411&charge=3&value=R.APPNATLEHFYLTSGK.Q,CERS2,7.569e+6,2.791,0.008,2.100,0.000
23412,2,"  1.872","  0.358",9/16,/core/www/modules//sdig/index.php?run_id=110202&search_id=114132&scans_id=110198&peptide_id=14959&scanf=23412&charge=2&value=9/16,sp|O15226|NKRF_HUMAN,/core/www/modules//consensus/?run_id=110202&search_id=114132&scans_id=110198&peptide_id=14959&scanf=23412&charge=2&value=sp|O15226|NKRF_HUMAN,1,/core/www/modules/match_peptides/blast_html4.php?run_id=110202&search_id=114132&scans_id=110198&peptide_id=14959&scanf=23412&charge=2&value=1,K.INYTYMLTR.C,/core/www/modules/show_out/show_out_wrapper.php?run_id=110202&search_id=114132&scans_id=110198&peptide_id=14959&scanf=23412&charge=2&value=K.INYTYMLTR.C,NKRF,4.346e+7,2.772,0.008,2.071,0.000
23413,4,"  4.585","  0.566",24/114,/core/www/modules//sdig/index.php?run_id=110202&search_id=114132&scans_id=110198&peptide_id=14960&scanf=23413&charge=4&value=24/114,sp|P13639|EF2_HUMAN,/core/www/modules//consensus/?run_id=110202&search_id=114132&scans_id=110198&peptide_id=14960&scanf=23413&charge=4&value=sp|P13639|EF2_HUMAN,0,/core/www/modules/match_peptides/blast_html4.php?run_id=110202&search_id=114132&scans_id=110198&peptide_id=14960&scanf=23413&charge=4&value=0,K.ARPFPDGLAEDIDKGEVSAR.Q,/core/www/modules/show_out/show_out_wrapper.php?run_id=110202&search_id=114132&scans_id=110198&peptide_id=14960&scanf=23413&charge=4&value=K.ARPFPDGLAEDIDKGEVSAR.Q,EEF2,1.671e+7,3.400,0.001,3.000,0.000
23414,2,"  3.877","  0.657",14/20,/core/www/modules//sdig/index.php?run_id=110202&search_id=114132&scans_id=110198&peptide_id=14961&scanf=23414&charge=2&value=14/20,sp|P11142|HSP7C_HUMAN,/core/www/modules//consensus/?run_id=110202&search_id=114132&scans_id=110198&peptide_id=14961&scanf=23414&charge=2&value=sp|P11142|HSP7C_HUMAN,5,/core/www/modules/match_peptides/blast_html4.php?run_id=110202&search_id=114132&scans_id=110198&peptide_id=14961&scanf=23414&charge=2&value=5,K.NSLESYAFNMK.A,/core/www/modules/show_out/show_out_wrapper.php?run_id=110202&search_id=114132&scans_id=110198&peptide_id=14961&scanf=23414&charge=2&value=K.NSLESYAFNMK.A,HSPA8,2.917e+7,4.043,0.000,3.953,0.000
23415,2,"  1.801","  0.258",7/22,/core/www/modules//sdig/index.php?run_id=110202&search_id=114132&scans_id=110198&peptide_id=14962&scanf=23415&charge=2&value=7/22,sp|O14617|AP3D1_HUMAN,/core/www/modules//consensus/?run_id=110202&search_id=114132&scans_id=110198&peptide_id=14962&scanf=23415&charge=2&value=sp|O14617|AP3D1_HUMAN,1,/core/www/modules/match_peptides/blast_html4.php?run_id=110202&search_id=114132&scans_id=110198&peptide_id=14962&scanf=23415&charge=2&value=1,K.VPGLPMSDQYVK.L,/core/www/modules/show_out/show_out_wrapper.php?run_id=110202&search_id=114132&scans_id=110198&peptide_id=14962&scanf=23415&charge=2&value=K.VPGLPMSDQYVK.L,AP3D1,3.756e+6,1.965,0.119,0.926,0.005
23416,2,"  2.250","  0.384",8/12,/core/www/modules//sdig/index.php?run_id=110202&search_id=114132&scans_id=110198&peptide_id=14963&scanf=23416&charge=2&value=8/12,sp|Q14690|RRP5_HUMAN,/core/www/modules//consensus/?run_id=110202&search_id=114132&scans_id=110198&peptide_id=14963&scanf=23416&charge=2&value=sp|Q14690|RRP5_HUMAN,1,/core/www/modules/match_peptides/blast_html4.php?run_id=110202&search_id=114132&scans_id=110198&peptide_id=14963&scanf=23416&charge=2&value=1,K.YGAFLLR.R,/core/www/modules/show_out/show_out_wrapper.php?run_id=110202&search_id=114132&scans_id=110198&peptide_id=14963&scanf=23416&charge=2&value=K.YGAFLLR.R,PDCD11,8.051e+6,3.195,0.002,2.697,0.000
23417,2,"  1.904","  0.333",7/12,/core/www/modules//sdig/index.php?run_id=110202&search_id=114132&scans_id=110198&peptide_id=14964&scanf=23417&charge=2&value=7/12,sp|P54577|SYYC_HUMAN,/core/www/modules//consensus/?run_id=110202&search_id=114132&scans_id=110198&peptide_id=14964&scanf=23417&charge=2&value=sp|P54577|SYYC_HUMAN,1,/core/www/modules/match_peptides/blast_html4.php?run_id=110202&search_id=114132&scans_id=110198&peptide_id=14964&scanf=23417&charge=2&value=1,K.SEFVILR.D,/core/www/modules/show_out/show_out_wrapper.php?run_id=110202&search_id=114132&scans_id=110198&peptide_id=14964&scanf=23417&charge=2&value=K.SEFVILR.D,YARS1,7.173e+6,2.530,0.019,1.717,0.000
23418,3,"  3.594","  0.527",16/68,/core/www/modules//sdig/index.php?run_id=110202&search_id=114132&scans_id=110198&peptide_id=14965&scanf=23418&charge=3&value=16/68,sp|P53621|COPA_HUMAN,/core/www/modules//consensus/?run_id=110202&search_id=114132&scans_id=110198&peptide_id=14965&scanf=23418&charge=3&value=sp|P53621|COPA_HUMAN,4,/core/www/modules/match_peptides/blast_html4.php?run_id=110202&search_id=114132&scans_id=110198&peptide_id=14965&scanf=23418&charge=3&value=4,K.DMSGHYQNALYLGDVSER.V,/core/www/modules/show_out/show_out_wrapper.php?run_id=110202&search_id=114132&scans_id=110198&peptide_id=14965&scanf=23418&charge=3&value=K.DMSGHYQNALYLGDVSER.V,COPA,6.141e+6,3.197,0.002,2.700,0.000
23420,2,"  2.635","  0.390",14/20,/core/www/modules//sdig/index.php?run_id=110202&search_id=114132&scans_id=110198&peptide_id=14967&scanf=23420&charge=2&value=14/20,sp|P14618|KPYM_HUMAN,/core/www/modules//consensus/?run_id=110202&search_id=114132&scans_id=110198&peptide_id=14967&scanf=23420&charge=2&value=sp|P14618|KPYM_HUMAN,7,/core/www/modules/match_peptides/blast_html4.php?run_id=110202&search_id=114132&scans_id=110198&peptide_id=14967&scanf=23420&charge=2&value=7,R.GDLGIEIPAEK.V,/core/www/modules/show_out/show_out_wrapper.php?run_id=110202&search_id=114132&scans_id=110198&peptide_id=14967&scanf=23420&charge=2&value=R.GDLGIEIPAEK.V,PKM,3.643e+7,3.026,0.004,2.446,0.000
23421,3,"  3.958","  0.437",13/44,/core/www/modules//sdig/index.php?run_id=110202&search_id=114132&scans_id=110198&peptide_id=14968&scanf=23421&charge=3&value=13/44,sp|O60812|HNRC1_HUMAN,/core/www/modules//consensus/?run_id=110202&search_id=114132&scans_id=110198&peptide_id=14968&scanf=23421&charge=3&value=sp|O60812|HNRC1_HUMAN,13,/core/www/modules/match_peptides/blast_html4.php?run_id=110202&search_id=114132&scans_id=110198&peptide_id=14968&scanf=23421&charge=3&value=13,K.QKVDSLLENLEK.I,/core/www/modules/show_out/show_out_wrapper.php?run_id=110202&search_id=114132&scans_id=110198&peptide_id=14968&scanf=23421&charge=3&value=K.QKVDSLLENLEK.I,HNRNPCL1,2.533e+8,2.803,0.008,2.118,0.000
23422,2,"  3.487","  0.631",14/24,/core/www/modules//sdig/index.php?run_id=110202&search_id=114132&scans_id=110198&peptide_id=14969&scanf=23422&charge=2&value=14/24,sp|P33993|MCM7_HUMAN,/core/www/modules//consensus/?run_id=110202&search_id=114132&scans_id=110198&peptide_id=14969&scanf=23422&charge=2&value=sp|P33993|MCM7_HUMAN,0,/core/www/modules/match_peptides/blast_html4.php?run_id=110202&search_id=114132&scans_id=110198&peptide_id=14969&scanf=23422&charge=2&value=0,R.GSSGVGLTAAVLR.D,/core/www/modules/show_out/show_out_wrapper.php?run_id=110202&search_id=114132&scans_id=110198&peptide_id=14969&scanf=23422&charge=2&value=R.GSSGVGLTAAVLR.D,MCM7,2.571e+7,3.708,0.000,3.457,0.000
23423,2,"  4.282","  0.675",16/24,/core/www/modules//sdig/index.php?run_id=110202&search_id=114132&scans_id=110198&peptide_id=14970&scanf=23423&charge=2&value=16/24,sp|P62701|RS4X_HUMAN,/core/www/modules//consensus/?run_id=110202&search_id=114132&scans_id=110198&peptide_id=14970&scanf=23423&charge=2&value=sp|P62701|RS4X_HUMAN,0,/core/www/modules/match_peptides/blast_html4.php?run_id=110202&search_id=114132&scans_id=110198&peptide_id=14970&scanf=23423&charge=2&value=0,K.VNDTIQIDLETGK.I,/core/www/modules/show_out/show_out_wrapper.php?run_id=110202&search_id=114132&scans_id=110198&peptide_id=14970&scanf=23423&charge=2&value=K.VNDTIQIDLETGK.I,RPS4X,4.448e+7,3.978,0.000,3.857,0.000
23424,2,"  3.130","  0.429",11/18,/core/www/modules//sdig/index.php?run_id=110202&search_id=114132&scans_id=110198&peptide_id=14971&scanf=23424&charge=2&value=11/18,sp|Q6ZN17|LN28B_HUMAN,/core/www/modules//consensus/?run_id=110202&search_id=114132&scans_id=110198&peptide_id=14971&scanf=23424&charge=2&value=sp|Q6ZN17|LN28B_HUMAN,2,/core/www/modules/match_peptides/blast_html4.php?run_id=110202&search_id=114132&scans_id=110198&peptide_id=14971&scanf=23424&charge=2&value=2,K.EGEPVEFTFK.K,/core/www/modules/show_out/show_out_wrapper.php?run_id=110202&search_id=114132&scans_id=110198&peptide_id=14971&scanf=23424&charge=2&value=K.EGEPVEFTFK.K,LIN28B,3.953e+7,3.076,0.003,2.521,0.000
23425,2,"  2.232","  0.221",10/18,/core/www/modules//sdig/index.php?run_id=110202&search_id=114132&scans_id=110198&peptide_id=14972&scanf=23425&charge=2&value=10/18,sp|Q9NSE4|SYIM_HUMAN,/core/www/modules//consensus/?run_id=110202&search_id=114132&scans_id=110198&peptide_id=14972&scanf=23425&charge=2&value=sp|Q9NSE4|SYIM_HUMAN,0,/core/www/modules/match_peptides/blast_html4.php?run_id=110202&search_id=114132&scans_id=110198&peptide_id=14972&scanf=23425&charge=2&value=0,R.EMTADVIELK.G,/core/www/modules/show_out/show_out_wrapper.php?run_id=110202&search_id=114132&scans_id=110198&peptide_id=14972&scanf=23425&charge=2&value=R.EMTADVIELK.G,IARS2,9.714e+6,2.270,0.045,1.344,0.002
23428,4,"  3.997","  0.523",18/114,/core/www/modules//sdig/index.php?run_id=110202&search_id=114132&scans_id=110198&peptide_id=14975&scanf=23428&charge=4&value=18/114,sp|P23246|SFPQ_HUMAN,/core/www/modules//consensus/?run_id=110202&search_id=114132&scans_id=110198&peptide_id=14975&scanf=23428&charge=4&value=sp|P23246|SFPQ_HUMAN,2,/core/www/modules/match_peptides/blast_html4.php?run_id=110202&search_id=114132&scans_id=110198&peptide_id=14975&scanf=23428&charge=4&value=2,K.DKLESEMEDAYHEHQANLLR.Q,/core/www/modules/show_out/show_out_wrapper.php?run_id=110202&search_id=114132&scans_id=110198&peptide_id=14975&scanf=23428&charge=4&value=K.DKLESEMEDAYHEHQANLLR.Q,SFPQ,5.254e+7,3.150,0.002,2.630,0.000
23429,2,"  2.879","  0.230",14/22,/core/www/modules//sdig/index.php?run_id=110202&search_id=114132&scans_id=110198&peptide_id=14976&scanf=23429&charge=2&value=14/22,sp|Q9H6R4|NOL6_HUMAN,/core/www/modules//consensus/?run_id=110202&search_id=114132&scans_id=110198&peptide_id=14976&scanf=23429&charge=2&value=sp|Q9H6R4|NOL6_HUMAN,1,/core/www/modules/match_peptides/blast_html4.php?run_id=110202&search_id=114132&scans_id=110198&peptide_id=14976&scanf=23429&charge=2&value=1,K.EVQSPEGMISLR.D,/core/www/modules/show_out/show_out_wrapper.php?run_id=110202&search_id=114132&scans_id=110198&peptide_id=14976&scanf=23429&charge=2&value=K.EVQSPEGMISLR.D,NOL6,1.106e+7,2.347,0.035,1.454,0.001
23430,2,"  1.921","  0.398",8/14,/core/www/modules//sdig/index.php?run_id=110202&search_id=114132&scans_id=110198&peptide_id=14978&scanf=23430&charge=2&value=8/14,sp|P78527|PRKDC_HUMAN,/core/www/modules//consensus/?run_id=110202&search_id=114132&scans_id=110198&peptide_id=14978&scanf=23430&charge=2&value=sp|P78527|PRKDC_HUMAN,0,/core/www/modules/match_peptides/blast_html4.php?run_id=110202&search_id=114132&scans_id=110198&peptide_id=14978&scanf=23430&charge=2&value=0,K.VFLALAAK.G,/core/www/modules/show_out/show_out_wrapper.php?run_id=110202&search_id=114132&scans_id=110198&peptide_id=14978&scanf=23430&charge=2&value=K.VFLALAAK.G,PRKDC,4.052e+7,3.620,0.000,3.327,0.000
23431,2,"  2.062","  0.442",8/20,/core/www/modules//sdig/index.php?run_id=110202&search_id=114132&scans_id=110198&peptide_id=14979&scanf=23431&charge=2&value=8/20,IgG3_bovine,/core/www/modules//consensus/?run_id=110202&search_id=114132&scans_id=110198&peptide_id=14979&scanf=23431&charge=2&value=IgG3_bovine,1,/core/www/modules/match_peptides/blast_html4.php?run_id=110202&search_id=114132&scans_id=110198&peptide_id=14979&scanf=23431&charge=2&value=1,R.EPQVYVLAPPR.E,/core/www/modules/show_out/show_out_wrapper.php?run_id=110202&search_id=114132&scans_id=110198&peptide_id=14979&scanf=23431&charge=2&value=R.EPQVYVLAPPR.E,,1.607e+7,2.630,0.014,1.863,0.000
23435,3,"  3.177","  0.442",14/48,/core/www/modules//sdig/index.php?run_id=110202&search_id=114132&scans_id=110198&peptide_id=14983&scanf=23435&charge=3&value=14/48,sp|Q92688|AN32B_HUMAN,/core/www/modules//consensus/?run_id=110202&search_id=114132&scans_id=110198&peptide_id=14983&scanf=23435&charge=3&value=sp|Q92688|AN32B_HUMAN,0,/core/www/modules/match_peptides/blast_html4.php?run_id=110202&search_id=114132&scans_id=110198&peptide_id=14983&scanf=23435&charge=3&value=0,K.LPNLTHLNLSGNK.L,/core/www/modules/show_out/show_out_wrapper.php?run_id=110202&search_id=114132&scans_id=110198&peptide_id=14983&scanf=23435&charge=3&value=K.LPNLTHLNLSGNK.L,ANP32B,1.417e+7,2.966,0.004,2.358,0.000
23436,2,"  6.000","  0.687",23/30,/core/www/modules//sdig/index.php?run_id=110202&search_id=114132&scans_id=110198&peptide_id=14984&scanf=23436&charge=2&value=23/30,sp|Q9Y3I0|RTCB_HUMAN,/core/www/modules//consensus/?run_id=110202&search_id=114132&scans_id=110198&peptide_id=14984&scanf=23436&charge=2&value=sp|Q9Y3I0|RTCB_HUMAN,0,/core/www/modules/match_peptides/blast_html4.php?run_id=110202&search_id=114132&scans_id=110198&peptide_id=14984&scanf=23436&charge=2&value=0,R.GLGHQVATDALVAMEK.A,/core/www/modules/show_out/show_out_wrapper.php?run_id=110202&search_id=114132&scans_id=110198&peptide_id=14984&scanf=23436&charge=2&value=R.GLGHQVATDALVAMEK.A,RTCB,7.229e+7,4.068,0.000,3.991,0.000
23438,3,"  4.569","  0.574",18/64,/core/www/modules//sdig/index.php?run_id=110202&search_id=114132&scans_id=110198&peptide_id=14986&scanf=23438&charge=3&value=18/64,sp|Q9H0D6|XRN2_HUMAN,/core/www/modules//consensus/?run_id=110202&search_id=114132&scans_id=110198&peptide_id=14986&scanf=23438&charge=3&value=sp|Q9H0D6|XRN2_HUMAN,0,/core/www/modules/match_peptides/blast_html4.php?run_id=110202&search_id=114132&scans_id=110198&peptide_id=14986&scanf=23438&charge=3&value=0,R.AALEEVYPDLTPEETRR.N,/core/www/modules/show_out/show_out_wrapper.php?run_id=110202&search_id=114132&scans_id=110198&peptide_id=14986&scanf=23438&charge=3&value=R.AALEEVYPDLTPEETRR.N,XRN2,8.301e+6,3.105,0.003,2.563,0.000
23441,2,"  2.184","  0.451",10/16,/core/www/modules//sdig/index.php?run_id=110202&search_id=114132&scans_id=110198&peptide_id=14989&scanf=23441&charge=2&value=10/16,sp|P33991|MCM4_HUMAN,/core/www/modules//consensus/?run_id=110202&search_id=114132&scans_id=110198&peptide_id=14989&scanf=23441&charge=2&value=sp|P33991|MCM4_HUMAN,4,/core/www/modules/match_peptides/blast_html4.php?run_id=110202&search_id=114132&scans_id=110198&peptide_id=14989&scanf=23441&charge=2&value=4,K.YQQLFEDIR.G,/core/www/modules/show_out/show_out_wrapper.php?run_id=110202&search_id=114132&scans_id=110198&peptide_id=14989&scanf=23441&charge=2&value=K.YQQLFEDIR.G,MCM4,2.176e+8,3.167,0.002,2.654,0.000
23442,2,"  2.147","  0.190",8/12,/core/www/modules//sdig/index.php?run_id=110202&search_id=114132&scans_id=110198&peptide_id=14990&scanf=23442&charge=2&value=8/12,sp|P11388|TOP2A_HUMAN,/core/www/modules//consensus/?run_id=110202&search_id=114132&scans_id=110198&peptide_id=14990&scanf=23442&charge=2&value=sp|P11388|TOP2A_HUMAN,5,/core/www/modules/match_peptides/blast_html4.php?run_id=110202&search_id=114132&scans_id=110198&peptide_id=14990&scanf=23442&charge=2&value=5,K.YGVFPLR.G,/core/www/modules/show_out/show_out_wrapper.php?run_id=110202&search_id=114132&scans_id=110198&peptide_id=14990&scanf=23442&charge=2&value=K.YGVFPLR.G,TOP2A,3.675e+7,2.607,0.015,1.830,0.000
23443,2,"  2.383","  0.295",9/16,/core/www/modules//sdig/index.php?run_id=110202&search_id=114132&scans_id=110198&peptide_id=14991&scanf=23443&charge=2&value=9/16,sp|P08670|VIME_HUMAN,/core/www/modules//consensus/?run_id=110202&search_id=114132&scans_id=110198&peptide_id=14991&scanf=23443&charge=2&value=sp|P08670|VIME_HUMAN,1,/core/www/modules/match_peptides/blast_html4.php?run_id=110202&search_id=114132&scans_id=110198&peptide_id=14991&scanf=23443&charge=2&value=1,R.DNLAEDIMR.L,/core/www/modules/show_out/show_out_wrapper.php?run_id=110202&search_id=114132&scans_id=110198&peptide_id=14991&scanf=23443&charge=2&value=R.DNLAEDIMR.L,VIM,1.697e+9,3.030,0.004,2.453,0.000
23446,3,"  1.622","  0.472",10/36,/core/www/modules//sdig/index.php?run_id=110202&search_id=114132&scans_id=110198&peptide_id=14994&scanf=23446&charge=3&value=10/36,sp|Q8WVY7|UBCP1_HUMAN,/core/www/modules//consensus/?run_id=110202&search_id=114132&scans_id=110198&peptide_id=14994&scanf=23446&charge=3&value=sp|Q8WVY7|UBCP1_HUMAN,0,/core/www/modules/match_peptides/blast_html4.php?run_id=110202&search_id=114132&scans_id=110198&peptide_id=14994&scanf=23446&charge=3&value=0,K.LDDFLDLNHK.Y,/core/www/modules/show_out/show_out_wrapper.php?run_id=110202&search_id=114132&scans_id=110198&peptide_id=14994&scanf=23446&charge=3&value=K.LDDFLDLNHK.Y,UBLCP1,7.664e+6,3.065,0.003,2.504,0.000
23448,3,"  3.745","  0.552",15/44,/core/www/modules//sdig/index.php?run_id=110202&search_id=114132&scans_id=110198&peptide_id=14996&scanf=23448&charge=3&value=15/44,sp|Q8NFV4|ABHDB_HUMAN,/core/www/modules//consensus/?run_id=110202&search_id=114132&scans_id=110198&peptide_id=14996&scanf=23448&charge=3&value=sp|Q8NFV4|ABHDB_HUMAN,0,/core/www/modules/match_peptides/blast_html4.php?run_id=110202&search_id=114132&scans_id=110198&peptide_id=14996&scanf=23448&charge=3&value=0,R.VNLDALTQHLDK.I,/core/www/modules/show_out/show_out_wrapper.php?run_id=110202&search_id=114132&scans_id=110198&peptide_id=14996&scanf=23448&charge=3&value=R.VNLDALTQHLDK.I,ABHD11,9.045e+6,3.517,0.001,3.174,0.000
23450,2,"  1.920","  0.281",9/14,/core/www/modules//sdig/index.php?run_id=110202&search_id=114132&scans_id=110198&peptide_id=14999&scanf=23450&charge=2&value=9/14,sp|P49756|RBM25_HUMAN,/core/www/modules//consensus/?run_id=110202&search_id=114132&scans_id=110198&peptide_id=14999&scanf=23450&charge=2&value=sp|P49756|RBM25_HUMAN,1,/core/www/modules/match_peptides/blast_html4.php?run_id=110202&search_id=114132&scans_id=110198&peptide_id=14999&scanf=23450&charge=2&value=1,K.GAIEVLIR.E,/core/www/modules/show_out/show_out_wrapper.php?run_id=110202&search_id=114132&scans_id=110198&peptide_id=14999&scanf=23450&charge=2&value=K.GAIEVLIR.E,RBM25,1.075e+7,2.633,0.014,1.867,0.000
23452,2,"  1.312","  0.264",8/14,/core/www/modules//sdig/index.php?run_id=110202&search_id=114132&scans_id=110198&peptide_id=15001&scanf=23452&charge=2&value=8/14,sp|Q6P2Q9|PRP8_HUMAN,/core/www/modules//consensus/?run_id=110202&search_id=114132&scans_id=110198&peptide_id=15001&scanf=23452&charge=2&value=sp|Q6P2Q9|PRP8_HUMAN,1,/core/www/modules/match_peptides/blast_html4.php?run_id=110202&search_id=114132&scans_id=110198&peptide_id=15001&scanf=23452&charge=2&value=1,K.YYVLNALK.H,/core/www/modules/show_out/show_out_wrapper.php?run_id=110202&search_id=114132&scans_id=110198&peptide_id=15001&scanf=23452&charge=2&value=K.YYVLNALK.H,PRPF8,4.177e+7,2.641,0.013,1.880,0.000
23453,2,"  2.804","  0.563",12/26,/core/www/modules//sdig/index.php?run_id=110202&search_id=114132&scans_id=110198&peptide_id=15002&scanf=23453&charge=2&value=12/26,sp|P11021|BIP_HUMAN,/core/www/modules//consensus/?run_id=110202&search_id=114132&scans_id=110198&peptide_id=15002&scanf=23453&charge=2&value=sp|P11021|BIP_HUMAN,2,/core/www/modules/match_peptides/blast_html4.php?run_id=110202&search_id=114132&scans_id=110198&peptide_id=15002&scanf=23453&charge=2&value=2,R.ITPSYVAFTPEGER.L,/core/www/modules/show_out/show_out_wrapper.php?run_id=110202&search_id=114132&scans_id=110198&peptide_id=15002&scanf=23453&charge=2&value=R.ITPSYVAFTPEGER.L,HSPA5,1.074e+7,3.177,0.002,2.670,0.000
23454,2,"  3.239","  0.511",14/22,/core/www/modules//sdig/index.php?run_id=110202&search_id=114132&scans_id=110198&peptide_id=15003&scanf=23454&charge=2&value=14/22,sp|Q9NTI5|PDS5B_HUMAN,/core/www/modules//consensus/?run_id=110202&search_id=114132&scans_id=110198&peptide_id=15003&scanf=23454&charge=2&value=sp|Q9NTI5|PDS5B_HUMAN,0,/core/www/modules/match_peptides/blast_html4.php?run_id=110202&search_id=114132&scans_id=110198&peptide_id=15003&scanf=23454&charge=2&value=0,R.HDVIVSIVTAAK.K,/core/www/modules/show_out/show_out_wrapper.php?run_id=110202&search_id=114132&scans_id=110198&peptide_id=15003&scanf=23454&charge=2&value=R.HDVIVSIVTAAK.K,PDS5B,6.653e+6,3.408,0.001,3.012,0.000
23455,3,"  3.527","  0.479",17/68,/core/www/modules//sdig/index.php?run_id=110202&search_id=114132&scans_id=110198&peptide_id=15004&scanf=23455&charge=3&value=17/68,sp|P08579|RU2B_HUMAN,/core/www/modules//consensus/?run_id=110202&search_id=114132&scans_id=110198&peptide_id=15004&scanf=23455&charge=3&value=sp|P08579|RU2B_HUMAN,0,/core/www/modules/match_peptides/blast_html4.php?run_id=110202&search_id=114132&scans_id=110198&peptide_id=15004&scanf=23455&charge=3&value=0,R.HDIAFVEFENDGQAGAAR.D,/core/www/modules/show_out/show_out_wrapper.php?run_id=110202&search_id=114132&scans_id=110198&peptide_id=15004&scanf=23455&charge=3&value=R.HDIAFVEFENDGQAGAAR.D,SNRPB2,4.927e+6,2.924,0.005,2.296,0.000
23456,2,"  1.937","  0.336",8/12,/core/www/modules//sdig/index.php?run_id=110202&search_id=114132&scans_id=110198&peptide_id=15005&scanf=23456&charge=2&value=8/12,sp|O43681|GET3_HUMAN,/core/www/modules//consensus/?run_id=110202&search_id=114132&scans_id=110198&peptide_id=15005&scanf=23456&charge=2&value=sp|O43681|GET3_HUMAN,0,/core/www/modules/match_peptides/blast_html4.php?run_id=110202&search_id=114132&scans_id=110198&peptide_id=15005&scanf=23456&charge=2&value=0,K.WIFVGGK.G,/core/www/modules/show_out/show_out_wrapper.php?run_id=110202&search_id=114132&scans_id=110198&peptide_id=15005&scanf=23456&charge=2&value=K.WIFVGGK.G,GET3,4.471e+6,2.882,0.006,2.233,0.000
23457,3,"  2.938","  0.360",15/48,/core/www/modules//sdig/index.php?run_id=110202&search_id=114132&scans_id=110198&peptide_id=15006&scanf=23457&charge=3&value=15/48,sp|Q9GZL7|WDR12_HUMAN,/core/www/modules//consensus/?run_id=110202&search_id=114132&scans_id=110198&peptide_id=15006&scanf=23457&charge=3&value=sp|Q9GZL7|WDR12_HUMAN,0,/core/www/modules/match_peptides/blast_html4.php?run_id=110202&search_id=114132&scans_id=110198&peptide_id=15006&scanf=23457&charge=3&value=0,K.SIMTIVGHTDVVK.D,/core/www/modules/show_out/show_out_wrapper.php?run_id=110202&search_id=114132&scans_id=110198&peptide_id=15006&scanf=23457&charge=3&value=K.SIMTIVGHTDVVK.D,WDR12,9.634e+6,2.757,0.009,2.050,0.000
23462,2,"  1.956","  0.360",8/14,/core/www/modules//sdig/index.php?run_id=110202&search_id=114132&scans_id=110198&peptide_id=15011&scanf=23462&charge=2&value=8/14,sp|O75643|U520_HUMAN,/core/www/modules//consensus/?run_id=110202&search_id=114132&scans_id=110198&peptide_id=15011&scanf=23462&charge=2&value=sp|O75643|U520_HUMAN,1,/core/www/modules/match_peptides/blast_html4.php?run_id=110202&search_id=114132&scans_id=110198&peptide_id=15011&scanf=23462&charge=2&value=1,K.IIYIAPMR.S,/core/www/modules/show_out/show_out_wrapper.php?run_id=110202&search_id=114132&scans_id=110198&peptide_id=15011&scanf=23462&charge=2&value=K.IIYIAPMR.S,SNRNP200,5.538e+7,3.062,0.003,2.500,0.000
23463,2,"  1.988","  0.302",11/14,/core/www/modules//sdig/index.php?run_id=110202&search_id=114132&scans_id=110198&peptide_id=15012&scanf=23463&charge=2&value=11/14,sp|O75369|FLNB_HUMAN,/core/www/modules//consensus/?run_id=110202&search_id=114132&scans_id=110198&peptide_id=15012&scanf=23463&charge=2&value=sp|O75369|FLNB_HUMAN,10,/core/www/modules/match_peptides/blast_html4.php?run_id=110202&search_id=114132&scans_id=110198&peptide_id=15012&scanf=23463&charge=2&value=10,R.LLGWIQNK.I,/core/www/modules/show_out/show_out_wrapper.php?run_id=110202&search_id=114132&scans_id=110198&peptide_id=15012&scanf=23463&charge=2&value=R.LLGWIQNK.I,FLNB,4.625e+7,3.075,0.003,2.518,0.000
23465,3,"  3.831","  0.473",13/52,/core/www/modules//sdig/index.php?run_id=110202&search_id=114132&scans_id=110198&peptide_id=15014&scanf=23465&charge=3&value=13/52,sp|Q01780|EXOSX_HUMAN,/core/www/modules//consensus/?run_id=110202&search_id=114132&scans_id=110198&peptide_id=15014&scanf=23465&charge=3&value=sp|Q01780|EXOSX_HUMAN,0,/core/www/modules/match_peptides/blast_html4.php?run_id=110202&search_id=114132&scans_id=110198&peptide_id=15014&scanf=23465&charge=3&value=0,R.QQINEMHLLIQQAR.E,/core/www/modules/show_out/show_out_wrapper.php?run_id=110202&search_id=114132&scans_id=110198&peptide_id=15014&scanf=23465&charge=3&value=R.QQINEMHLLIQQAR.E,EXOSC10,9.963e+6,3.099,0.003,2.555,0.000
23466,2,"  2.080","  0.302",9/14,/core/www/modules//sdig/index.php?run_id=110202&search_id=114132&scans_id=110198&peptide_id=15015&scanf=23466&charge=2&value=9/14,sp|P18085|ARF4_HUMAN,/core/www/modules//consensus/?run_id=110202&search_id=114132&scans_id=110198&peptide_id=15015&scanf=23466&charge=2&value=sp|P18085|ARF4_HUMAN,3,/core/www/modules/match_peptides/blast_html4.php?run_id=110202&search_id=114132&scans_id=110198&peptide_id=15015&scanf=23466&charge=2&value=3,K.M*LLVDELR.D,/core/www/modules/show_out/show_out_wrapper.php?run_id=110202&search_id=114132&scans_id=110198&peptide_id=15015&scanf=23466&charge=2&value=K.M*LLVDELR.D,ARF4,1.048e+7,2.653,0.013,1.897,0.000
23467,2,"  1.927","  0.256",9/14,/core/www/modules//sdig/index.php?run_id=110202&search_id=114132&scans_id=110198&peptide_id=15016&scanf=23467&charge=2&value=9/14,sp|P62195|PRS8_HUMAN,/core/www/modules//consensus/?run_id=110202&search_id=114132&scans_id=110198&peptide_id=15016&scanf=23467&charge=2&value=sp|P62195|PRS8_HUMAN,7,/core/www/modules/match_peptides/blast_html4.php?run_id=110202&search_id=114132&scans_id=110198&peptide_id=15016&scanf=23467&charge=2&value=7,K.EVIELPVK.H,/core/www/modules/show_out/show_out_wrapper.php?run_id=110202&search_id=114132&scans_id=110198&peptide_id=15016&scanf=23467&charge=2&value=K.EVIELPVK.H,PSMC5,2.067e+7,2.640,0.013,1.878,0.000
23470,3,"  5.764","  0.620",21/64,/core/www/modules//sdig/index.php?run_id=110202&search_id=114132&scans_id=110198&peptide_id=15020&scanf=23470&charge=3&value=21/64,sp|Q9BQG0|MBB1A_HUMAN,/core/www/modules//consensus/?run_id=110202&search_id=114132&scans_id=110198&peptide_id=15020&scanf=23470&charge=3&value=sp|Q9BQG0|MBB1A_HUMAN,1,/core/www/modules/match_peptides/blast_html4.php?run_id=110202&search_id=114132&scans_id=110198&peptide_id=15020&scanf=23470&charge=3&value=1,K.LLQALAQYQNHLQEQPR.K,/core/www/modules/show_out/show_out_wrapper.php?run_id=110202&search_id=114132&scans_id=110198&peptide_id=15020&scanf=23470&charge=3&value=K.LLQALAQYQNHLQEQPR.K,MYBBP1A,5.610e+7,3.815,0.000,3.615,0.000
23471,3,"  1.693","  0.281",12/40,/core/www/modules//sdig/index.php?run_id=110202&search_id=114132&scans_id=110198&peptide_id=15021&scanf=23471&charge=3&value=12/40,sp|O15160|RPAC1_HUMAN,/core/www/modules//consensus/?run_id=110202&search_id=114132&scans_id=110198&peptide_id=15021&scanf=23471&charge=3&value=sp|O15160|RPAC1_HUMAN,7,/core/www/modules/match_peptides/blast_html4.php?run_id=110202&search_id=114132&scans_id=110198&peptide_id=15021&scanf=23471&charge=3&value=7,R.LGLIPIHADPR.L,/core/www/modules/show_out/show_out_wrapper.php?run_id=110202&search_id=114132&scans_id=110198&peptide_id=15021&scanf=23471&charge=3&value=R.LGLIPIHADPR.L,POLR1C,1.626e+7,2.469,0.024,1.628,0.001
23473,3,"  6.625","  0.611",19/68,/core/www/modules//sdig/index.php?run_id=110202&search_id=114132&scans_id=110198&peptide_id=15023&scanf=23473&charge=3&value=19/68,sp|P09874|PARP1_HUMAN,/core/www/modules//consensus/?run_id=110202&search_id=114132&scans_id=110198&peptide_id=15023&scanf=23473&charge=3&value=sp|P09874|PARP1_HUMAN,0,/core/www/modules/match_peptides/blast_html4.php?run_id=110202&search_id=114132&scans_id=110198&peptide_id=15023&scanf=23473&charge=3&value=0,K.KFYPLEIDYGQDEEAVKK.L,/core/www/modules/show_out/show_out_wrapper.php?run_id=110202&search_id=114132&scans_id=110198&peptide_id=15023&scanf=23473&charge=3&value=K.KFYPLEIDYGQDEEAVKK.L,PARP1,1.088e+7,3.128,0.003,2.598,0.000
23474,2,"  2.988","  0.578",11/22,/core/www/modules//sdig/index.php?run_id=110202&search_id=114132&scans_id=110198&peptide_id=15024&scanf=23474&charge=2&value=11/22,sp|O00303|EIF3F_HUMAN,/core/www/modules//consensus/?run_id=110202&search_id=114132&scans_id=110198&peptide_id=15024&scanf=23474&charge=2&value=sp|O00303|EIF3F_HUMAN,1,/core/www/modules/match_peptides/blast_html4.php?run_id=110202&search_id=114132&scans_id=110198&peptide_id=15024&scanf=23474&charge=2&value=1,K.AYVSTLMGVPGR.T,/core/www/modules/show_out/show_out_wrapper.php?run_id=110202&search_id=114132&scans_id=110198&peptide_id=15024&scanf=23474&charge=2&value=K.AYVSTLMGVPGR.T,EIF3F,1.092e+7,3.306,0.001,2.861,0.000
23475,2,"  1.990","  0.330",9/16,/core/www/modules//sdig/index.php?run_id=110202&search_id=114132&scans_id=110198&peptide_id=15025&scanf=23475&charge=2&value=9/16,sp|P13639|EF2_HUMAN,/core/www/modules//consensus/?run_id=110202&search_id=114132&scans_id=110198&peptide_id=15025&scanf=23475&charge=2&value=sp|P13639|EF2_HUMAN,0,/core/www/modules/match_peptides/blast_html4.php?run_id=110202&search_id=114132&scans_id=110198&peptide_id=15025&scanf=23475&charge=2&value=0,K.VFDAIM*NFK.K,/core/www/modules/show_out/show_out_wrapper.php?run_id=110202&search_id=114132&scans_id=110198&peptide_id=15025&scanf=23475&charge=2&value=K.VFDAIM*NFK.K,EEF2,4.864e+6,2.683,0.011,1.941,0.000
23476,3,"  3.529","  0.392",11/56,/core/www/modules//sdig/index.php?run_id=110202&search_id=114132&scans_id=110198&peptide_id=15026&scanf=23476&charge=3&value=11/56,sp|Q9NPI1|BRD7_HUMAN,/core/www/modules//consensus/?run_id=110202&search_id=114132&scans_id=110198&peptide_id=15026&scanf=23476&charge=3&value=sp|Q9NPI1|BRD7_HUMAN,0,/core/www/modules/match_peptides/blast_html4.php?run_id=110202&search_id=114132&scans_id=110198&peptide_id=15026&scanf=23476&charge=3&value=0,K.NNDYQSIEELKDNFK.L,/core/www/modules/show_out/show_out_wrapper.php?run_id=110202&search_id=114132&scans_id=110198&peptide_id=15026&scanf=23476&charge=3&value=K.NNDYQSIEELKDNFK.L,BRD7,4.679e+6,2.334,0.037,1.435,0.001
23484,4,"  4.087","  0.590",19/102,/core/www/modules//sdig/index.php?run_id=110202&search_id=114132&scans_id=110198&peptide_id=15034&scanf=23484&charge=4&value=19/102,sp|P09874|PARP1_HUMAN,/core/www/modules//consensus/?run_id=110202&search_id=114132&scans_id=110198&peptide_id=15034&scanf=23484&charge=4&value=sp|P09874|PARP1_HUMAN,0,/core/www/modules/match_peptides/blast_html4.php?run_id=110202&search_id=114132&scans_id=110198&peptide_id=15034&scanf=23484&charge=4&value=0,K.KFYPLEIDYGQDEEAVKK.L,/core/www/modules/show_out/show_out_wrapper.php?run_id=110202&search_id=114132&scans_id=110198&peptide_id=15034&scanf=23484&charge=4&value=K.KFYPLEIDYGQDEEAVKK.L,PARP1,1.367e+7,3.242,0.002,2.766,0.000
23486,2,"  2.272","  0.231",9/14,/core/www/modules//sdig/index.php?run_id=110202&search_id=114132&scans_id=110198&peptide_id=15036&scanf=23486&charge=2&value=9/14,sp|Q93009|UBP7_HUMAN,/core/www/modules//consensus/?run_id=110202&search_id=114132&scans_id=110198&peptide_id=15036&scanf=23486&charge=2&value=sp|Q93009|UBP7_HUMAN,2,/core/www/modules/match_peptides/blast_html4.php?run_id=110202&search_id=114132&scans_id=110198&peptide_id=15036&scanf=23486&charge=2&value=2,R.LLEIVSYK.I,/core/www/modules/show_out/show_out_wrapper.php?run_id=110202&search_id=114132&scans_id=110198&peptide_id=15036&scanf=23486&charge=2&value=R.LLEIVSYK.I,USP7,4.108e+7,2.505,0.021,1.682,0.000
23488,2,"  1.706","  0.482",8/12,/core/www/modules//sdig/index.php?run_id=110202&search_id=114132&scans_id=110198&peptide_id=15038&scanf=23488&charge=2&value=8/12,sp|P62244|RS15A_HUMAN,/core/www/modules//consensus/?run_id=110202&search_id=114132&scans_id=110198&peptide_id=15038&scanf=23488&charge=2&value=sp|P62244|RS15A_HUMAN,6,/core/www/modules/match_peptides/blast_html4.php?run_id=110202&search_id=114132&scans_id=110198&peptide_id=15038&scanf=23488&charge=2&value=6,R.FLTVMMK.H,/core/www/modules/show_out/show_out_wrapper.php?run_id=110202&search_id=114132&scans_id=110198&peptide_id=15038&scanf=23488&charge=2&value=R.FLTVMMK.H,RPS15A,2.976e+7,3.358,0.001,2.937,0.000
23491,2,"  3.370","  0.464",15/24,/core/www/modules//sdig/index.php?run_id=110202&search_id=114132&scans_id=110198&peptide_id=15042&scanf=23491&charge=2&value=15/24,sp|P38159|RBMX_HUMAN,/core/www/modules//consensus/?run_id=110202&search_id=114132&scans_id=110198&peptide_id=15042&scanf=23491&charge=2&value=sp|P38159|RBMX_HUMAN,6,/core/www/modules/match_peptides/blast_html4.php?run_id=110202&search_id=114132&scans_id=110198&peptide_id=15042&scanf=23491&charge=2&value=6,K.LFIGGLNTETNEK.A,/core/www/modules/show_out/show_out_wrapper.php?run_id=110202&search_id=114132&scans_id=110198&peptide_id=15042&scanf=23491&charge=2&value=K.LFIGGLNTETNEK.A,RBMX,3.464e+8,3.340,0.001,2.911,0.000
23494,2,"  3.305","  0.495",14/22,/core/www/modules//sdig/index.php?run_id=110202&search_id=114132&scans_id=110198&peptide_id=15045&scanf=23494&charge=2&value=14/22,sp|P09234|RU1C_HUMAN,/core/www/modules//consensus/?run_id=110202&search_id=114132&scans_id=110198&peptide_id=15045&scanf=23494&charge=2&value=sp|P09234|RU1C_HUMAN,1,/core/www/modules/match_peptides/blast_html4.php?run_id=110202&search_id=114132&scans_id=110198&peptide_id=15045&scanf=23494&charge=2&value=1,K.WMEEQAQSLIDK.T,/core/www/modules/show_out/show_out_wrapper.php?run_id=110202&search_id=114132&scans_id=110198&peptide_id=15045&scanf=23494&charge=2&value=K.WMEEQAQSLIDK.T,SNRPC,1.648e+7,3.229,0.002,2.747,0.000
23496,4,"  5.310","  0.565",20/96,/core/www/modules//sdig/index.php?run_id=110202&search_id=114132&scans_id=110198&peptide_id=15047&scanf=23496&charge=4&value=20/96,sp|P49736|MCM2_HUMAN,/core/www/modules//consensus/?run_id=110202&search_id=114132&scans_id=110198&peptide_id=15047&scanf=23496&charge=4&value=sp|P49736|MCM2_HUMAN,0,/core/www/modules/match_peptides/blast_html4.php?run_id=110202&search_id=114132&scans_id=110198&peptide_id=15047&scanf=23496&charge=4&value=0,K.IFASIAPSIYGHEDIKR.G,/core/www/modules/show_out/show_out_wrapper.php?run_id=110202&search_id=114132&scans_id=110198&peptide_id=15047&scanf=23496&charge=4&value=K.IFASIAPSIYGHEDIKR.G,MCM2,8.410e+6,3.504,0.001,3.154,0.000
23497,2,"  4.082","  0.502",17/28,/core/www/modules//sdig/index.php?run_id=110202&search_id=114132&scans_id=110198&peptide_id=15048&scanf=23497&charge=2&value=17/28,sp|O75369|FLNB_HUMAN,/core/www/modules//consensus/?run_id=110202&search_id=114132&scans_id=110198&peptide_id=15048&scanf=23497&charge=2&value=sp|O75369|FLNB_HUMAN,3,/core/www/modules/match_peptides/blast_html4.php?run_id=110202&search_id=114132&scans_id=110198&peptide_id=15048&scanf=23497&charge=2&value=3,K.SPFEVQVGPEAGMQK.V,/core/www/modules/show_out/show_out_wrapper.php?run_id=110202&search_id=114132&scans_id=110198&peptide_id=15048&scanf=23497&charge=2&value=K.SPFEVQVGPEAGMQK.V,FLNB,6.777e+6,3.324,0.001,2.888,0.000
23498,3,"  3.115","  0.469",14/48,/core/www/modules//sdig/index.php?run_id=110202&search_id=114132&scans_id=110198&peptide_id=15049&scanf=23498&charge=3&value=14/48,sp|Q7Z6Z7|HUWE1_HUMAN,/core/www/modules//consensus/?run_id=110202&search_id=114132&scans_id=110198&peptide_id=15049&scanf=23498&charge=3&value=sp|Q7Z6Z7|HUWE1_HUMAN,0,/core/www/modules/match_peptides/blast_html4.php?run_id=110202&search_id=114132&scans_id=110198&peptide_id=15049&scanf=23498&charge=3&value=0,R.LLVGNDDVHIIAR.S,/core/www/modules/show_out/show_out_wrapper.php?run_id=110202&search_id=114132&scans_id=110198&peptide_id=15049&scanf=23498&charge=3&value=R.LLVGNDDVHIIAR.S,HUWE1,4.510e+6,3.125,0.003,2.593,0.000
23500,2,"  2.394","  0.193",8/20,/core/www/modules//sdig/index.php?run_id=110202&search_id=114132&scans_id=110198&peptide_id=15052&scanf=23500&charge=2&value=8/20,sp|P24666|PPAC_HUMAN,/core/www/modules//consensus/?run_id=110202&search_id=114132&scans_id=110198&peptide_id=15052&scanf=23500&charge=2&value=sp|P24666|PPAC_HUMAN,0,/core/www/modules/match_peptides/blast_html4.php?run_id=110202&search_id=114132&scans_id=110198&peptide_id=15052&scanf=23500&charge=2&value=0,K.IELLGSYDPQK.Q,/core/www/modules/show_out/show_out_wrapper.php?run_id=110202&search_id=114132&scans_id=110198&peptide_id=15052&scanf=23500&charge=2&value=K.IELLGSYDPQK.Q,ACP1,4.316e+6,1.880,0.152,0.817,0.008
23501,2,"  1.728","  0.319",7/18,/core/www/modules//sdig/index.php?run_id=110202&search_id=114132&scans_id=110198&peptide_id=15053&scanf=23501&charge=2&value=7/18,sp|P35232|PHB1_HUMAN,/core/www/modules//consensus/?run_id=110202&search_id=114132&scans_id=110198&peptide_id=15053&scanf=23501&charge=2&value=sp|P35232|PHB1_HUMAN,4,/core/www/modules/match_peptides/blast_html4.php?run_id=110202&search_id=114132&scans_id=110198&peptide_id=15053&scanf=23501&charge=2&value=4,K.DLQNVNITLR.I,/core/www/modules/show_out/show_out_wrapper.php?run_id=110202&search_id=114132&scans_id=110198&peptide_id=15053&scanf=23501&charge=2&value=K.DLQNVNITLR.I,PHB1,4.307e+6,2.204,0.056,1.250,0.002
23504,3,"  3.007","  0.569",19/60,/core/www/modules//sdig/index.php?run_id=110202&search_id=114132&scans_id=110198&peptide_id=15055&scanf=23504&charge=3&value=19/60,sp|O43707|ACTN4_HUMAN,/core/www/modules//consensus/?run_id=110202&search_id=114132&scans_id=110198&peptide_id=15055&scanf=23504&charge=3&value=sp|O43707|ACTN4_HUMAN,1,/core/www/modules/match_peptides/blast_html4.php?run_id=110202&search_id=114132&scans_id=110198&peptide_id=15055&scanf=23504&charge=3&value=1,K.MLDAEDIVNTARPDEK.A,/core/www/modules/show_out/show_out_wrapper.php?run_id=110202&search_id=114132&scans_id=110198&peptide_id=15055&scanf=23504&charge=3&value=K.MLDAEDIVNTARPDEK.A,ACTN4,2.176e+8,3.588,0.001,3.278,0.000
23505,2,"  2.008","  0.269",8/16,/core/www/modules//sdig/index.php?run_id=110202&search_id=114132&scans_id=110198&peptide_id=15056&scanf=23505&charge=2&value=8/16,sp|P33993|MCM7_HUMAN,/core/www/modules//consensus/?run_id=110202&search_id=114132&scans_id=110198&peptide_id=15056&scanf=23505&charge=2&value=sp|P33993|MCM7_HUMAN,0,/core/www/modules/match_peptides/blast_html4.php?run_id=110202&search_id=114132&scans_id=110198&peptide_id=15056&scanf=23505&charge=2&value=0,K.SQLLSYIDR.L,/core/www/modules/show_out/show_out_wrapper.php?run_id=110202&search_id=114132&scans_id=110198&peptide_id=15056&scanf=23505&charge=2&value=K.SQLLSYIDR.L,MCM7,2.752e+7,2.453,0.025,1.607,0.001
23506,4,"  3.019","  0.454",12/78,/core/www/modules//sdig/index.php?run_id=110202&search_id=114132&scans_id=110198&peptide_id=15057&scanf=23506&charge=4&value=12/78,sp|O14646|CHD1_HUMAN,/core/www/modules//consensus/?run_id=110202&search_id=114132&scans_id=110198&peptide_id=15057&scanf=23506&charge=4&value=sp|O14646|CHD1_HUMAN,0,/core/www/modules/match_peptides/blast_html4.php?run_id=110202&search_id=114132&scans_id=110198&peptide_id=15057&scanf=23506&charge=4&value=0,K.LVISHEEELIPLHK.S,/core/www/modules/show_out/show_out_wrapper.php?run_id=110202&search_id=114132&scans_id=110198&peptide_id=15057&scanf=23506&charge=4&value=K.LVISHEEELIPLHK.S,CHD1,9.680e+6,3.335,0.001,2.903,0.000
23507,2,"  2.471","  0.447",10/18,/core/www/modules//sdig/index.php?run_id=110202&search_id=114132&scans_id=110198&peptide_id=15058&scanf=23507&charge=2&value=10/18,sp|Q9NVN8|GNL3L_HUMAN,/core/www/modules//consensus/?run_id=110202&search_id=114132&scans_id=110198&peptide_id=15058&scanf=23507&charge=2&value=sp|Q9NVN8|GNL3L_HUMAN,2,/core/www/modules/match_peptides/blast_html4.php?run_id=110202&search_id=114132&scans_id=110198&peptide_id=15058&scanf=23507&charge=2&value=2,K.AVLADWVSGK.I,/core/www/modules/show_out/show_out_wrapper.php?run_id=110202&search_id=114132&scans_id=110198&peptide_id=15058&scanf=23507&charge=2&value=K.AVLADWVSGK.I,GNL3L,8.515e+6,3.037,0.003,2.463,0.000
23509,2,"  2.800","  0.455",10/22,/core/www/modules//sdig/index.php?run_id=110202&search_id=114132&scans_id=110198&peptide_id=15060&scanf=23509&charge=2&value=10/22,sp|Q9NU22|MDN1_HUMAN,/core/www/modules//consensus/?run_id=110202&search_id=114132&scans_id=110198&peptide_id=15060&scanf=23509&charge=2&value=sp|Q9NU22|MDN1_HUMAN,0,/core/www/modules/match_peptides/blast_html4.php?run_id=110202&search_id=114132&scans_id=110198&peptide_id=15060&scanf=23509&charge=2&value=0,R.ELLVTETQEVVK.A,/core/www/modules/show_out/show_out_wrapper.php?run_id=110202&search_id=114132&scans_id=110198&peptide_id=15060&scanf=23509&charge=2&value=R.ELLVTETQEVVK.A,MDN1,1.234e+7,3.088,0.003,2.538,0.000
23511,2,"  2.186","  0.400",9/14,/core/www/modules//sdig/index.php?run_id=110202&search_id=114132&scans_id=110198&peptide_id=15063&scanf=23511&charge=2&value=9/14,sp|O60287|NPA1P_HUMAN,/core/www/modules//consensus/?run_id=110202&search_id=114132&scans_id=110198&peptide_id=15063&scanf=23511&charge=2&value=sp|O60287|NPA1P_HUMAN,0,/core/www/modules/match_peptides/blast_html4.php?run_id=110202&search_id=114132&scans_id=110198&peptide_id=15063&scanf=23511&charge=2&value=0,K.DVLVLLHK.W,/core/www/modules/show_out/show_out_wrapper.php?run_id=110202&search_id=114132&scans_id=110198&peptide_id=15063&scanf=23511&charge=2&value=K.DVLVLLHK.W,URB1,8.811e+6,3.097,0.003,2.551,0.000
23513,2,"  1.700","  0.340",10/20,/core/www/modules//sdig/index.php?run_id=110202&search_id=114132&scans_id=110198&peptide_id=15065&scanf=23513&charge=2&value=10/20,sp|O75608|LYPA1_HUMAN,/core/www/modules//consensus/?run_id=110202&search_id=114132&scans_id=110198&peptide_id=15065&scanf=23513&charge=2&value=sp|O75608|LYPA1_HUMAN,3,/core/www/modules/match_peptides/blast_html4.php?run_id=110202&search_id=114132&scans_id=110198&peptide_id=15065&scanf=23513&charge=2&value=3,K.TLVNPANVTFK.T,/core/www/modules/show_out/show_out_wrapper.php?run_id=110202&search_id=114132&scans_id=110198&peptide_id=15065&scanf=23513&charge=2&value=K.TLVNPANVTFK.T,LYPLA1,6.161e+6,2.482,0.023,1.648,0.001
23514,2,"  1.487","  0.338",6/12,/core/www/modules//sdig/index.php?run_id=110202&search_id=114132&scans_id=110198&peptide_id=15066&scanf=23514&charge=2&value=6/12,sp|P78527|PRKDC_HUMAN,/core/www/modules//consensus/?run_id=110202&search_id=114132&scans_id=110198&peptide_id=15066&scanf=23514&charge=2&value=sp|P78527|PRKDC_HUMAN,0,/core/www/modules/match_peptides/blast_html4.php?run_id=110202&search_id=114132&scans_id=110198&peptide_id=15066&scanf=23514&charge=2&value=0,R.DLPSWMK.F,/core/www/modules/show_out/show_out_wrapper.php?run_id=110202&search_id=114132&scans_id=110198&peptide_id=15066&scanf=23514&charge=2&value=R.DLPSWMK.F,PRKDC,5.572e+7,3.457,0.001,3.085,0.000
23515,2,"  2.588","  0.348",11/18,/core/www/modules//sdig/index.php?run_id=110202&search_id=114132&scans_id=110198&peptide_id=15067&scanf=23515&charge=2&value=11/18,sp|P55786|PSA_HUMAN,/core/www/modules//consensus/?run_id=110202&search_id=114132&scans_id=110198&peptide_id=15067&scanf=23515&charge=2&value=sp|P55786|PSA_HUMAN,10,/core/www/modules/match_peptides/blast_html4.php?run_id=110202&search_id=114132&scans_id=110198&peptide_id=15067&scanf=23515&charge=2&value=10,K.IDFVGELNDK.M,/core/www/modules/show_out/show_out_wrapper.php?run_id=110202&search_id=114132&scans_id=110198&peptide_id=15067&scanf=23515&charge=2&value=K.IDFVGELNDK.M,NPEPPS,1.199e+7,2.848,0.007,2.184,0.000
23516,2,"  1.978","  0.414",9/16,/core/www/modules//sdig/index.php?run_id=110202&search_id=114132&scans_id=110198&peptide_id=15068&scanf=23516&charge=2&value=9/16,sp|P08670|VIME_HUMAN,/core/www/modules//consensus/?run_id=110202&search_id=114132&scans_id=110198&peptide_id=15068&scanf=23516&charge=2&value=sp|P08670|VIME_HUMAN,1,/core/www/modules/match_peptides/blast_html4.php?run_id=110202&search_id=114132&scans_id=110198&peptide_id=15068&scanf=23516&charge=2&value=1,R.DNLAEDIM*R.L,/core/www/modules/show_out/show_out_wrapper.php?run_id=110202&search_id=114132&scans_id=110198&peptide_id=15068&scanf=23516&charge=2&value=R.DNLAEDIM*R.L,VIM,7.746e+7,3.397,0.001,2.995,0.000
23517,2,"  2.106","  0.401",9/14,/core/www/modules//sdig/index.php?run_id=110202&search_id=114132&scans_id=110198&peptide_id=15069&scanf=23517&charge=2&value=9/14,sp|O94776|MTA2_HUMAN,/core/www/modules//consensus/?run_id=110202&search_id=114132&scans_id=110198&peptide_id=15069&scanf=23517&charge=2&value=sp|O94776|MTA2_HUMAN,0,/core/www/modules/match_peptides/blast_html4.php?run_id=110202&search_id=114132&scans_id=110198&peptide_id=15069&scanf=23517&charge=2&value=0,R.LPLATIVK.D,/core/www/modules/show_out/show_out_wrapper.php?run_id=110202&search_id=114132&scans_id=110198&peptide_id=15069&scanf=23517&charge=2&value=R.LPLATIVK.D,MTA2,2.782e+7,3.107,0.003,2.566,0.000
23523,2,"  1.971","  0.403",8/16,/core/www/modules//sdig/index.php?run_id=110202&search_id=114132&scans_id=110198&peptide_id=15076&scanf=23523&charge=2&value=8/16,sp|Q9NVR2|INT10_HUMAN,/core/www/modules//consensus/?run_id=110202&search_id=114132&scans_id=110198&peptide_id=15076&scanf=23523&charge=2&value=sp|Q9NVR2|INT10_HUMAN,0,/core/www/modules/match_peptides/blast_html4.php?run_id=110202&search_id=114132&scans_id=110198&peptide_id=15076&scanf=23523&charge=2&value=0,R.SLFETLPGR.V,/core/www/modules/show_out/show_out_wrapper.php?run_id=110202&search_id=114132&scans_id=110198&peptide_id=15076&scanf=23523&charge=2&value=R.SLFETLPGR.V,INTS10,5.329e+6,2.743,0.009,2.029,0.000
23525,3,"  2.281","  0.595",14/48,/core/www/modules//sdig/index.php?run_id=110202&search_id=114132&scans_id=110198&peptide_id=15077&scanf=23525&charge=3&value=14/48,sp|P33993|MCM7_HUMAN,/core/www/modules//consensus/?run_id=110202&search_id=114132&scans_id=110198&peptide_id=15077&scanf=23525&charge=3&value=sp|P33993|MCM7_HUMAN,0,/core/www/modules/match_peptides/blast_html4.php?run_id=110202&search_id=114132&scans_id=110198&peptide_id=15077&scanf=23525&charge=3&value=0,R.TQRPADVIFATVR.E,/core/www/modules/show_out/show_out_wrapper.php?run_id=110202&search_id=114132&scans_id=110198&peptide_id=15077&scanf=23525&charge=3&value=R.TQRPADVIFATVR.E,MCM7,2.627e+7,3.547,0.001,3.218,0.000
23526,3,"  5.856","  0.731",28/80,/core/www/modules//sdig/index.php?run_id=110202&search_id=114132&scans_id=110198&peptide_id=15078&scanf=23526&charge=3&value=28/80,sp|Q09161|NCBP1_HUMAN,/core/www/modules//consensus/?run_id=110202&search_id=114132&scans_id=110198&peptide_id=15078&scanf=23526&charge=3&value=sp|Q09161|NCBP1_HUMAN,0,/core/www/modules/match_peptides/blast_html4.php?run_id=110202&search_id=114132&scans_id=110198&peptide_id=15078&scanf=23526&charge=3&value=0,R.MFDYTDDPEGPVMPGSHSVER.F,/core/www/modules/show_out/show_out_wrapper.php?run_id=110202&search_id=114132&scans_id=110198&peptide_id=15078&scanf=23526&charge=3&value=R.MFDYTDDPEGPVMPGSHSVER.F,NCBP1,1.913e+7,3.893,0.000,3.731,0.000
23527,3,"  3.468","  0.469",14/52,/core/www/modules//sdig/index.php?run_id=110202&search_id=114132&scans_id=110198&peptide_id=15079&scanf=23527&charge=3&value=14/52,sp|O14646|CHD1_HUMAN,/core/www/modules//consensus/?run_id=110202&search_id=114132&scans_id=110198&peptide_id=15079&scanf=23527&charge=3&value=sp|O14646|CHD1_HUMAN,0,/core/www/modules/match_peptides/blast_html4.php?run_id=110202&search_id=114132&scans_id=110198&peptide_id=15079&scanf=23527&charge=3&value=0,K.LVISHEEELIPLHK.S,/core/www/modules/show_out/show_out_wrapper.php?run_id=110202&search_id=114132&scans_id=110198&peptide_id=15079&scanf=23527&charge=3&value=K.LVISHEEELIPLHK.S,CHD1,9.189e+6,3.102,0.003,2.558,0.000
23528,3,"  3.289","  0.567",15/40,/core/www/modules//sdig/index.php?run_id=110202&search_id=114132&scans_id=110198&peptide_id=15080&scanf=23528&charge=3&value=15/40,sp|O60264|SMCA5_HUMAN,/core/www/modules//consensus/?run_id=110202&search_id=114132&scans_id=110198&peptide_id=15080&scanf=23528&charge=3&value=sp|O60264|SMCA5_HUMAN,0,/core/www/modules/match_peptides/blast_html4.php?run_id=110202&search_id=114132&scans_id=110198&peptide_id=15080&scanf=23528&charge=3&value=0,K.STLHNWMSEFK.R,/core/www/modules/show_out/show_out_wrapper.php?run_id=110202&search_id=114132&scans_id=110198&peptide_id=15080&scanf=23528&charge=3&value=K.STLHNWMSEFK.R,SMARCA5,3.536e+7,3.848,0.000,3.664,0.000
23529,4,"  5.769","  0.543",20/96,/core/www/modules//sdig/index.php?run_id=110202&search_id=114132&scans_id=110198&peptide_id=15081&scanf=23529&charge=4&value=20/96,sp|P49736|MCM2_HUMAN,/core/www/modules//consensus/?run_id=110202&search_id=114132&scans_id=110198&peptide_id=15081&scanf=23529&charge=4&value=sp|P49736|MCM2_HUMAN,0,/core/www/modules/match_peptides/blast_html4.php?run_id=110202&search_id=114132&scans_id=110198&peptide_id=15081&scanf=23529&charge=4&value=0,K.IFASIAPSIYGHEDIKR.G,/core/www/modules/show_out/show_out_wrapper.php?run_id=110202&search_id=114132&scans_id=110198&peptide_id=15081&scanf=23529&charge=4&value=K.IFASIAPSIYGHEDIKR.G,MCM2,8.410e+6,3.458,0.001,3.086,0.000
23530,2,"  2.985","  0.612",13/22,/core/www/modules//sdig/index.php?run_id=110202&search_id=114132&scans_id=110198&peptide_id=15083&scanf=23530&charge=2&value=13/22,sp|Q8WXX5|DNJC9_HUMAN,/core/www/modules//consensus/?run_id=110202&search_id=114132&scans_id=110198&peptide_id=15083&scanf=23530&charge=2&value=sp|Q8WXX5|DNJC9_HUMAN,0,/core/www/modules/match_peptides/blast_html4.php?run_id=110202&search_id=114132&scans_id=110198&peptide_id=15083&scanf=23530&charge=2&value=0,K.ELGLDEGVDSLK.A,/core/www/modules/show_out/show_out_wrapper.php?run_id=110202&search_id=114132&scans_id=110198&peptide_id=15083&scanf=23530&charge=2&value=K.ELGLDEGVDSLK.A,DNAJC9,9.478e+6,3.583,0.001,3.271,0.000
23532,3,"  2.511","  0.534",11/40,/core/www/modules//sdig/index.php?run_id=110202&search_id=114132&scans_id=110198&peptide_id=15085&scanf=23532&charge=3&value=11/40,sp|P15311|EZRI_HUMAN,/core/www/modules//consensus/?run_id=110202&search_id=114132&scans_id=110198&peptide_id=15085&scanf=23532&charge=3&value=sp|P15311|EZRI_HUMAN,5,/core/www/modules/match_peptides/blast_html4.php?run_id=110202&search_id=114132&scans_id=110198&peptide_id=15085&scanf=23532&charge=3&value=5,K.KAPDFVFYAPR.L,/core/www/modules/show_out/show_out_wrapper.php?run_id=110202&search_id=114132&scans_id=110198&peptide_id=15085&scanf=23532&charge=3&value=K.KAPDFVFYAPR.L,EZR,1.169e+7,3.125,0.003,2.592,0.000
23535,2,"  1.185","  0.213",7/18,/core/www/modules//sdig/index.php?run_id=110202&search_id=114132&scans_id=110198&peptide_id=15088&scanf=23535&charge=2&value=7/18,sp|Q92499|DDX1_HUMAN,/core/www/modules//consensus/?run_id=110202&search_id=114132&scans_id=110198&peptide_id=15088&scanf=23535&charge=2&value=sp|Q92499|DDX1_HUMAN,8,/core/www/modules/match_peptides/blast_html4.php?run_id=110202&search_id=114132&scans_id=110198&peptide_id=15088&scanf=23535&charge=2&value=8,K.FGFGFGGTGK.K,/core/www/modules/show_out/show_out_wrapper.php?run_id=110202&search_id=114132&scans_id=110198&peptide_id=15088&scanf=23535&charge=2&value=K.FGFGFGGTGK.K,DDX1,1.667e+7,1.983,0.112,0.950,0.005
23536,2,"  1.819","  0.280",8/14,/core/www/modules//sdig/index.php?run_id=110202&search_id=114132&scans_id=110198&peptide_id=15089&scanf=23536&charge=2&value=8/14,sp|P55060|XPO2_HUMAN,/core/www/modules//consensus/?run_id=110202&search_id=114132&scans_id=110198&peptide_id=15089&scanf=23536&charge=2&value=sp|P55060|XPO2_HUMAN,0,/core/www/modules/match_peptides/blast_html4.php?run_id=110202&search_id=114132&scans_id=110198&peptide_id=15089&scanf=23536&charge=2&value=0,K.IIIPEIQK.V,/core/www/modules/show_out/show_out_wrapper.php?run_id=110202&search_id=114132&scans_id=110198&peptide_id=15089&scanf=23536&charge=2&value=K.IIIPEIQK.V,CSE1L,2.264e+7,2.570,0.017,1.776,0.000
23540,3,"  6.326","  0.631",23/64,/core/www/modules//sdig/index.php?run_id=110202&search_id=114132&scans_id=110198&peptide_id=15094&scanf=23540&charge=3&value=23/64,sp|Q8N884|CGAS_HUMAN,/core/www/modules//consensus/?run_id=110202&search_id=114132&scans_id=110198&peptide_id=15094&scanf=23540&charge=3&value=sp|Q8N884|CGAS_HUMAN,1,/core/www/modules/match_peptides/blast_html4.php?run_id=110202&search_id=114132&scans_id=110198&peptide_id=15094&scanf=23540&charge=3&value=1,K.IIKEEINDIKDTDVIMK.R,/core/www/modules/show_out/show_out_wrapper.php?run_id=110202&search_id=114132&scans_id=110198&peptide_id=15094&scanf=23540&charge=3&value=K.IIKEEINDIKDTDVIMK.R,CGAS,1.239e+7,3.241,0.002,2.764,0.000
23541,2,"  2.848","  0.489",10/22,/core/www/modules//sdig/index.php?run_id=110202&search_id=114132&scans_id=110198&peptide_id=15095&scanf=23541&charge=2&value=10/22,sp|O75691|UTP20_HUMAN,/core/www/modules//consensus/?run_id=110202&search_id=114132&scans_id=110198&peptide_id=15095&scanf=23541&charge=2&value=sp|O75691|UTP20_HUMAN,0,/core/www/modules/match_peptides/blast_html4.php?run_id=110202&search_id=114132&scans_id=110198&peptide_id=15095&scanf=23541&charge=2&value=0,K.FLDQSLGEQVVK.N,/core/www/modules/show_out/show_out_wrapper.php?run_id=110202&search_id=114132&scans_id=110198&peptide_id=15095&scanf=23541&charge=2&value=K.FLDQSLGEQVVK.N,UTP20,9.715e+6,3.037,0.003,2.463,0.000
23542,2,"  2.049","  0.381",10/14,/core/www/modules//sdig/index.php?run_id=110202&search_id=114132&scans_id=110198&peptide_id=15096&scanf=23542&charge=2&value=10/14,sp|Q96D46|NMD3_HUMAN,/core/www/modules//consensus/?run_id=110202&search_id=114132&scans_id=110198&peptide_id=15096&scanf=23542&charge=2&value=sp|Q96D46|NMD3_HUMAN,1,/core/www/modules/match_peptides/blast_html4.php?run_id=110202&search_id=114132&scans_id=110198&peptide_id=15096&scanf=23542&charge=2&value=1,R.VPDVVLIK.K,/core/www/modules/show_out/show_out_wrapper.php?run_id=110202&search_id=114132&scans_id=110198&peptide_id=15096&scanf=23542&charge=2&value=R.VPDVVLIK.K,NMD3,8.542e+6,3.049,0.003,2.480,0.000
23543,2,"  1.631","  0.172",8/14,/core/www/modules//sdig/index.php?run_id=110202&search_id=114132&scans_id=110198&peptide_id=15097&scanf=23543&charge=2&value=8/14,sp|P23396|RS3_HUMAN,/core/www/modules//consensus/?run_id=110202&search_id=114132&scans_id=110198&peptide_id=15097&scanf=23543&charge=2&value=sp|P23396|RS3_HUMAN,8,/core/www/modules/match_peptides/blast_html4.php?run_id=110202&search_id=114132&scans_id=110198&peptide_id=15097&scanf=23543&charge=2&value=8,K.FVADGIFK.A,/core/www/modules/show_out/show_out_wrapper.php?run_id=110202&search_id=114132&scans_id=110198&peptide_id=15097&scanf=23543&charge=2&value=K.FVADGIFK.A,RPS3,4.234e+7,2.179,0.061,1.216,0.002
23544,3,"  3.703","  0.477",17/44,/core/www/modules//sdig/index.php?run_id=110202&search_id=114132&scans_id=110198&peptide_id=15098&scanf=23544&charge=3&value=17/44,sp|P17987|TCPA_HUMAN,/core/www/modules//consensus/?run_id=110202&search_id=114132&scans_id=110198&peptide_id=15098&scanf=23544&charge=3&value=sp|P17987|TCPA_HUMAN,2,/core/www/modules/match_peptides/blast_html4.php?run_id=110202&search_id=114132&scans_id=110198&peptide_id=15098&scanf=23544&charge=3&value=2,K.WIGLDLSNGKPR.D,/core/www/modules/show_out/show_out_wrapper.php?run_id=110202&search_id=114132&scans_id=110198&peptide_id=15098&scanf=23544&charge=3&value=K.WIGLDLSNGKPR.D,TCP1,4.716e+6,3.378,0.001,2.967,0.000
23546,2,"  4.084","  0.477",18/18,/core/www/modules//sdig/index.php?run_id=110202&search_id=114132&scans_id=110198&peptide_id=15099&scanf=23546&charge=2&value=18/18,sp|O75643|U520_HUMAN,/core/www/modules//consensus/?run_id=110202&search_id=114132&scans_id=110198&peptide_id=15099&scanf=23546&charge=2&value=sp|O75643|U520_HUMAN,1,/core/www/modules/match_peptides/blast_html4.php?run_id=110202&search_id=114132&scans_id=110198&peptide_id=15099&scanf=23546&charge=2&value=1,K.KADEVLEILK.T,/core/www/modules/show_out/show_out_wrapper.php?run_id=110202&search_id=114132&scans_id=110198&peptide_id=15099&scanf=23546&charge=2&value=K.KADEVLEILK.T,SNRNP200,1.903e+8,3.853,0.000,3.672,0.000
23547,4,"  5.148","  0.567",25/132,/core/www/modules//sdig/index.php?run_id=110202&search_id=114132&scans_id=110198&peptide_id=15100&scanf=23547&charge=4&value=25/132,sp|Q8WTT2|NOC3L_HUMAN,/core/www/modules//consensus/?run_id=110202&search_id=114132&scans_id=110198&peptide_id=15100&scanf=23547&charge=4&value=sp|Q8WTT2|NOC3L_HUMAN,0,/core/www/modules/match_peptides/blast_html4.php?run_id=110202&search_id=114132&scans_id=110198&peptide_id=15100&scanf=23547&charge=4&value=0,R.FAAHLIAGAPSEGSGALKPELSR.R,/core/www/modules/show_out/show_out_wrapper.php?run_id=110202&search_id=114132&scans_id=110198&peptide_id=15100&scanf=23547&charge=4&value=R.FAAHLIAGAPSEGSGALKPELSR.R,NOC3L,2.721e+7,3.557,0.001,3.233,0.000
23548,3,"  2.837","  0.439",14/48,/core/www/modules//sdig/index.php?run_id=110202&search_id=114132&scans_id=110198&peptide_id=15101&scanf=23548&charge=3&value=14/48,sp|P62191|PRS4_HUMAN,/core/www/modules//consensus/?run_id=110202&search_id=114132&scans_id=110198&peptide_id=15101&scanf=23548&charge=3&value=sp|P62191|PRS4_HUMAN,0,/core/www/modules/match_peptides/blast_html4.php?run_id=110202&search_id=114132&scans_id=110198&peptide_id=15101&scanf=23548&charge=3&value=0,R.IETLDPALIRPGR.I,/core/www/modules/show_out/show_out_wrapper.php?run_id=110202&search_id=114132&scans_id=110198&peptide_id=15101&scanf=23548&charge=3&value=R.IETLDPALIRPGR.I,PSMC1,3.655e+7,3.016,0.004,2.431,0.000
23553,2,"  4.743","  0.715",17/34,/core/www/modules//sdig/index.php?run_id=110202&search_id=114132&scans_id=110198&peptide_id=15107&scanf=23553&charge=2&value=17/34,sp|Q14315|FLNC_HUMAN,/core/www/modules//consensus/?run_id=110202&search_id=114132&scans_id=110198&peptide_id=15107&scanf=23553&charge=2&value=sp|Q14315|FLNC_HUMAN,0,/core/www/modules/match_peptides/blast_html4.php?run_id=110202&search_id=114132&scans_id=110198&peptide_id=15107&scanf=23553&charge=2&value=0,R.GAGTGGLGLAIEGPSEAK.M,/core/www/modules/show_out/show_out_wrapper.php?run_id=110202&search_id=114132&scans_id=110198&peptide_id=15107&scanf=23553&charge=2&value=R.GAGTGGLGLAIEGPSEAK.M,FLNC,8.351e+6,3.793,0.000,3.583,0.000
23554,2,"  2.417","  0.286",10/16,/core/www/modules//sdig/index.php?run_id=110202&search_id=114132&scans_id=110198&peptide_id=15108&scanf=23554&charge=2&value=10/16,sp|P08559|ODPA_HUMAN,/core/www/modules//consensus/?run_id=110202&search_id=114132&scans_id=110198&peptide_id=15108&scanf=23554&charge=2&value=sp|P08559|ODPA_HUMAN,4,/core/www/modules/match_peptides/blast_html4.php?run_id=110202&search_id=114132&scans_id=110198&peptide_id=15108&scanf=23554&charge=2&value=4,R.EILAELTGR.K,/core/www/modules/show_out/show_out_wrapper.php?run_id=110202&search_id=114132&scans_id=110198&peptide_id=15108&scanf=23554&charge=2&value=R.EILAELTGR.K,PDHA1,6.410e+6,2.609,0.015,1.833,0.000
23556,2,"  1.707","  0.260",9/24,/core/www/modules//sdig/index.php?run_id=110202&search_id=114132&scans_id=110198&peptide_id=15110&scanf=23556&charge=2&value=9/24,sp|P50895|BCAM_HUMAN,/core/www/modules//consensus/?run_id=110202&search_id=114132&scans_id=110198&peptide_id=15110&scanf=23556&charge=2&value=sp|P50895|BCAM_HUMAN,2,/core/www/modules/match_peptides/blast_html4.php?run_id=110202&search_id=114132&scans_id=110198&peptide_id=15110&scanf=23556&charge=2&value=2,R.GDGSPSPEYTLFR.L,/core/www/modules/show_out/show_out_wrapper.php?run_id=110202&search_id=114132&scans_id=110198&peptide_id=15110&scanf=23556&charge=2&value=R.GDGSPSPEYTLFR.L,BCAM,8.425e+6,1.985,0.111,0.953,0.005
23558,2,"  3.816","  0.594",17/28,/core/www/modules//sdig/index.php?run_id=110202&search_id=114132&scans_id=110198&peptide_id=15112&scanf=23558&charge=2&value=17/28,sp|O94776|MTA2_HUMAN,/core/www/modules//consensus/?run_id=110202&search_id=114132&scans_id=110198&peptide_id=15112&scanf=23558&charge=2&value=sp|O94776|MTA2_HUMAN,0,/core/www/modules/match_peptides/blast_html4.php?run_id=110202&search_id=114132&scans_id=110198&peptide_id=15112&scanf=23558&charge=2&value=0,R.DISSSLNSLADSNAR.E,/core/www/modules/show_out/show_out_wrapper.php?run_id=110202&search_id=114132&scans_id=110198&peptide_id=15112&scanf=23558&charge=2&value=R.DISSSLNSLADSNAR.E,MTA2,1.056e+7,3.563,0.001,3.241,0.000
23560,2,"  2.850","  0.320",10/20,/core/www/modules//sdig/index.php?run_id=110202&search_id=114132&scans_id=110198&peptide_id=15114&scanf=23560&charge=2&value=10/20,sp|P29218|IMPA1_HUMAN,/core/www/modules//consensus/?run_id=110202&search_id=114132&scans_id=110198&peptide_id=15114&scanf=23560&charge=2&value=sp|P29218|IMPA1_HUMAN,3,/core/www/modules/match_peptides/blast_html4.php?run_id=110202&search_id=114132&scans_id=110198&peptide_id=15114&scanf=23560&charge=2&value=3,K.SLLVTELGSSR.T,/core/www/modules/show_out/show_out_wrapper.php?run_id=110202&search_id=114132&scans_id=110198&peptide_id=15114&scanf=23560&charge=2&value=K.SLLVTELGSSR.T,IMPA1,6.983e+6,2.406,0.029,1.538,0.001
23562,3,"  4.201","  0.609",16/52,/core/www/modules//sdig/index.php?run_id=110202&search_id=114132&scans_id=110198&peptide_id=15116&scanf=23562&charge=3&value=16/52,sp|Q9Y5A9|YTHD2_HUMAN,/core/www/modules//consensus/?run_id=110202&search_id=114132&scans_id=110198&peptide_id=15116&scanf=23562&charge=3&value=sp|Q9Y5A9|YTHD2_HUMAN,0,/core/www/modules/match_peptides/blast_html4.php?run_id=110202&search_id=114132&scans_id=110198&peptide_id=15116&scanf=23562&charge=3&value=0,K.HTTSIFDDFSHYEK.R,/core/www/modules/show_out/show_out_wrapper.php?run_id=110202&search_id=114132&scans_id=110198&peptide_id=15116&scanf=23562&charge=3&value=K.HTTSIFDDFSHYEK.R,YTHDF2,4.453e+6,3.590,0.001,3.282,0.000
23564,2,"  1.962","  0.358",8/16,/core/www/modules//sdig/index.php?run_id=110202&search_id=114132&scans_id=110198&peptide_id=15118&scanf=23564&charge=2&value=8/16,sp|Q9BQ67|GRWD1_HUMAN,/core/www/modules//consensus/?run_id=110202&search_id=114132&scans_id=110198&peptide_id=15118&scanf=23564&charge=2&value=sp|Q9BQ67|GRWD1_HUMAN,1,/core/www/modules/match_peptides/blast_html4.php?run_id=110202&search_id=114132&scans_id=110198&peptide_id=15118&scanf=23564&charge=2&value=1,K.GQVEVFALR.R,/core/www/modules/show_out/show_out_wrapper.php?run_id=110202&search_id=114132&scans_id=110198&peptide_id=15118&scanf=23564&charge=2&value=K.GQVEVFALR.R,GRWD1,1.023e+7,2.546,0.018,1.740,0.000
23565,3,"  4.781","  0.562",18/80,/core/www/modules//sdig/index.php?run_id=110202&search_id=114132&scans_id=110198&peptide_id=15119&scanf=23565&charge=3&value=18/80,sp|Q8IZL8|PELP1_HUMAN,/core/www/modules//consensus/?run_id=110202&search_id=114132&scans_id=110198&peptide_id=15119&scanf=23565&charge=3&value=sp|Q8IZL8|PELP1_HUMAN,1,/core/www/modules/match_peptides/blast_html4.php?run_id=110202&search_id=114132&scans_id=110198&peptide_id=15119&scanf=23565&charge=3&value=1,R.GADTAPTLAPEALPSQGEVER.E,/core/www/modules/show_out/show_out_wrapper.php?run_id=110202&search_id=114132&scans_id=110198&peptide_id=15119&scanf=23565&charge=3&value=R.GADTAPTLAPEALPSQGEVER.E,PELP1,7.090e+6,3.145,0.002,2.622,0.000
23567,2,"  2.324","  0.474",10/18,/core/www/modules//sdig/index.php?run_id=110202&search_id=114132&scans_id=110198&peptide_id=15120&scanf=23567&charge=2&value=10/18,sp|P14314|GLU2B_HUMAN,/core/www/modules//consensus/?run_id=110202&search_id=114132&scans_id=110198&peptide_id=15120&scanf=23567&charge=2&value=sp|P14314|GLU2B_HUMAN,1,/core/www/modules/match_peptides/blast_html4.php?run_id=110202&search_id=114132&scans_id=110198&peptide_id=15120&scanf=23567&charge=2&value=1,K.SLEDQVEMLR.T,/core/www/modules/show_out/show_out_wrapper.php?run_id=110202&search_id=114132&scans_id=110198&peptide_id=15120&scanf=23567&charge=2&value=K.SLEDQVEMLR.T,PRKCSH,1.542e+7,3.042,0.003,2.469,0.000
23568,3,"  4.883","  0.647",19/52,/core/www/modules//sdig/index.php?run_id=110202&search_id=114132&scans_id=110198&peptide_id=15121&scanf=23568&charge=3&value=19/52,sp|P51531|SMCA2_HUMAN,/core/www/modules//consensus/?run_id=110202&search_id=114132&scans_id=110198&peptide_id=15121&scanf=23568&charge=3&value=sp|P51531|SMCA2_HUMAN,6,/core/www/modules/match_peptides/blast_html4.php?run_id=110202&search_id=114132&scans_id=110198&peptide_id=15121&scanf=23568&charge=3&value=6,R.GPSPFSPVQLHQLR.A,/core/www/modules/show_out/show_out_wrapper.php?run_id=110202&search_id=114132&scans_id=110198&peptide_id=15121&scanf=23568&charge=3&value=R.GPSPFSPVQLHQLR.A,SMARCA2,8.469e+7,4.127,0.000,4.078,0.000
23569,3,"  1.930","  0.318",11/56,/core/www/modules//sdig/index.php?run_id=110202&search_id=114132&scans_id=110198&peptide_id=15122&scanf=23569&charge=3&value=11/56,sp|P35250|RFC2_HUMAN,/core/www/modules//consensus/?run_id=110202&search_id=114132&scans_id=110198&peptide_id=15122&scanf=23569&charge=3&value=sp|P35250|RFC2_HUMAN,5,/core/www/modules/match_peptides/blast_html4.php?run_id=110202&search_id=114132&scans_id=110198&peptide_id=15122&scanf=23569&charge=3&value=5,K.APGSAGHYELPWVEK.Y,/core/www/modules/show_out/show_out_wrapper.php?run_id=110202&search_id=114132&scans_id=110198&peptide_id=15122&scanf=23569&charge=3&value=K.APGSAGHYELPWVEK.Y,RFC2,2.015e+7,2.287,0.043,1.368,0.001
23571,2,"  2.462","  0.304",9/16,/core/www/modules//sdig/index.php?run_id=110202&search_id=114132&scans_id=110198&peptide_id=15125&scanf=23571&charge=2&value=9/16,sp|P46087|NOP2_HUMAN,/core/www/modules//consensus/?run_id=110202&search_id=114132&scans_id=110198&peptide_id=15125&scanf=23571&charge=2&value=sp|P46087|NOP2_HUMAN,1,/core/www/modules/match_peptides/blast_html4.php?run_id=110202&search_id=114132&scans_id=110198&peptide_id=15125&scanf=23571&charge=2&value=1,R.DLAQALINR.G,/core/www/modules/show_out/show_out_wrapper.php?run_id=110202&search_id=114132&scans_id=110198&peptide_id=15125&scanf=23571&charge=2&value=R.DLAQALINR.G,NOP2,2.950e+7,2.665,0.012,1.915,0.000
23574,2,"  2.464","  0.358",9/16,/core/www/modules//sdig/index.php?run_id=110202&search_id=114132&scans_id=110198&peptide_id=15128&scanf=23574&charge=2&value=9/16,sp|Q86U86|PB1_HUMAN,/core/www/modules//consensus/?run_id=110202&search_id=114132&scans_id=110198&peptide_id=15128&scanf=23574&charge=2&value=sp|Q86U86|PB1_HUMAN,2,/core/www/modules/match_peptides/blast_html4.php?run_id=110202&search_id=114132&scans_id=110198&peptide_id=15128&scanf=23574&charge=2&value=2,K.MPISLQQIR.T,/core/www/modules/show_out/show_out_wrapper.php?run_id=110202&search_id=114132&scans_id=110198&peptide_id=15128&scanf=23574&charge=2&value=K.MPISLQQIR.T,PBRM1,1.064e+7,2.831,0.007,2.159,0.000
23577,2,"  1.486","  0.171",7/12,/core/www/modules//sdig/index.php?run_id=110202&search_id=114132&scans_id=110198&peptide_id=15131&scanf=23577&charge=2&value=7/12,sp|O14647|CHD2_HUMAN,/core/www/modules//consensus/?run_id=110202&search_id=114132&scans_id=110198&peptide_id=15131&scanf=23577&charge=2&value=sp|O14647|CHD2_HUMAN,2,/core/www/modules/match_peptides/blast_html4.php?run_id=110202&search_id=114132&scans_id=110198&peptide_id=15131&scanf=23577&charge=2&value=2,K.FGLPLER.L,/core/www/modules/show_out/show_out_wrapper.php?run_id=110202&search_id=114132&scans_id=110198&peptide_id=15131&scanf=23577&charge=2&value=K.FGLPLER.L,CHD2,8.716e+6,2.227,0.052,1.283,0.002
23578,2,"  4.588","  0.702",23/28,/core/www/modules//sdig/index.php?run_id=110202&search_id=114132&scans_id=110198&peptide_id=15132&scanf=23578&charge=2&value=23/28,sp|P50570|DYN2_HUMAN,/core/www/modules//consensus/?run_id=110202&search_id=114132&scans_id=110198&peptide_id=15132&scanf=23578&charge=2&value=sp|P50570|DYN2_HUMAN,0,/core/www/modules/match_peptides/blast_html4.php?run_id=110202&search_id=114132&scans_id=110198&peptide_id=15132&scanf=23578&charge=2&value=0,K.VPVGDQPPDIEYQIK.D,/core/www/modules/show_out/show_out_wrapper.php?run_id=110202&search_id=114132&scans_id=110198&peptide_id=15132&scanf=23578&charge=2&value=K.VPVGDQPPDIEYQIK.D,DNM2,5.510e+6,4.241,0.000,4.247,0.000
23579,2,"  2.058","  0.150",10/18,/core/www/modules//sdig/index.php?run_id=110202&search_id=114132&scans_id=110198&peptide_id=15133&scanf=23579&charge=2&value=10/18,sp|P13010|XRCC5_HUMAN,/core/www/modules//consensus/?run_id=110202&search_id=114132&scans_id=110198&peptide_id=15133&scanf=23579&charge=2&value=sp|P13010|XRCC5_HUMAN,0,/core/www/modules/match_peptides/blast_html4.php?run_id=110202&search_id=114132&scans_id=110198&peptide_id=15133&scanf=23579&charge=2&value=0,R.LTIGSNLSIR.I,/core/www/modules/show_out/show_out_wrapper.php?run_id=110202&search_id=114132&scans_id=110198&peptide_id=15133&scanf=23579&charge=2&value=R.LTIGSNLSIR.I,XRCC5,3.469e+7,2.134,0.070,1.154,0.002
23580,2,"  1.768","  0.217",6/14,/core/www/modules//sdig/index.php?run_id=110202&search_id=114132&scans_id=110198&peptide_id=15135&scanf=23580&charge=2&value=6/14,sp|Q9Y399|RT02_HUMAN,/core/www/modules//consensus/?run_id=110202&search_id=114132&scans_id=110198&peptide_id=15135&scanf=23580&charge=2&value=sp|Q9Y399|RT02_HUMAN,0,/core/www/modules/match_peptides/blast_html4.php?run_id=110202&search_id=114132&scans_id=110198&peptide_id=15135&scanf=23580&charge=2&value=0,R.LLFGPTVR.L,/core/www/modules/show_out/show_out_wrapper.php?run_id=110202&search_id=114132&scans_id=110198&peptide_id=15135&scanf=23580&charge=2&value=R.LLFGPTVR.L,MRPS2,1.499e+7,2.074,0.085,1.071,0.003
23583,2,"  3.645","  0.641",15/28,/core/www/modules//sdig/index.php?run_id=110202&search_id=114132&scans_id=110198&peptide_id=15138&scanf=23583&charge=2&value=15/28,sp|P22314|UBA1_HUMAN,/core/www/modules//consensus/?run_id=110202&search_id=114132&scans_id=110198&peptide_id=15138&scanf=23583&charge=2&value=sp|P22314|UBA1_HUMAN,0,/core/www/modules/match_peptides/blast_html4.php?run_id=110202&search_id=114132&scans_id=110198&peptide_id=15138&scanf=23583&charge=2&value=0,R.YDGQVAVFGSDLQEK.L,/core/www/modules/show_out/show_out_wrapper.php?run_id=110202&search_id=114132&scans_id=110198&peptide_id=15138&scanf=23583&charge=2&value=R.YDGQVAVFGSDLQEK.L,UBA1,4.184e+6,3.509,0.001,3.161,0.000
23584,3,"  2.551","  0.555",15/36,/core/www/modules//sdig/index.php?run_id=110202&search_id=114132&scans_id=110198&peptide_id=15139&scanf=23584&charge=3&value=15/36,sp|P62263|RS14_HUMAN,/core/www/modules//consensus/?run_id=110202&search_id=114132&scans_id=110198&peptide_id=15139&scanf=23584&charge=3&value=sp|P62263|RS14_HUMAN,2,/core/www/modules/match_peptides/blast_html4.php?run_id=110202&search_id=114132&scans_id=110198&peptide_id=15139&scanf=23584&charge=3&value=2,K.ELGITALHIK.L,/core/www/modules/show_out/show_out_wrapper.php?run_id=110202&search_id=114132&scans_id=110198&peptide_id=15139&scanf=23584&charge=3&value=K.ELGITALHIK.L,RPS14,1.193e+8,3.639,0.000,3.354,0.000
23588,2,"  2.669","  0.455",11/16,/core/www/modules//sdig/index.php?run_id=110202&search_id=114132&scans_id=110198&peptide_id=15142&scanf=23588&charge=2&value=11/16,sp|Q16531|DDB1_HUMAN,/core/www/modules//consensus/?run_id=110202&search_id=114132&scans_id=110198&peptide_id=15142&scanf=23588&charge=2&value=sp|Q16531|DDB1_HUMAN,7,/core/www/modules/match_peptides/blast_html4.php?run_id=110202&search_id=114132&scans_id=110198&peptide_id=15142&scanf=23588&charge=2&value=7,K.LVFSNVNLK.E,/core/www/modules/show_out/show_out_wrapper.php?run_id=110202&search_id=114132&scans_id=110198&peptide_id=15142&scanf=23588&charge=2&value=K.LVFSNVNLK.E,DDB1,1.307e+7,3.334,0.001,2.902,0.000
23589,2,"  3.182","  0.587",13/22,/core/www/modules//sdig/index.php?run_id=110202&search_id=114132&scans_id=110198&peptide_id=15143&scanf=23589&charge=2&value=13/22,sp|P0C5Y9|H2AB1_HUMAN,/core/www/modules//consensus/?run_id=110202&search_id=114132&scans_id=110198&peptide_id=15143&scanf=23589&charge=2&value=sp|P0C5Y9|H2AB1_HUMAN,1,/core/www/modules/match_peptides/blast_html4.php?run_id=110202&search_id=114132&scans_id=110198&peptide_id=15143&scanf=23589&charge=2&value=1,R.AELSFSVSQVER.S,/core/www/modules/show_out/show_out_wrapper.php?run_id=110202&search_id=114132&scans_id=110198&peptide_id=15143&scanf=23589&charge=2&value=R.AELSFSVSQVER.S,H2AB1,2.759e+7,3.494,0.001,3.140,0.000
23590,2,"  2.936","  0.469",10/20,/core/www/modules//sdig/index.php?run_id=110202&search_id=114132&scans_id=110198&peptide_id=15145&scanf=23590&charge=2&value=10/20,sp|Q9UQE7|SMC3_HUMAN,/core/www/modules//consensus/?run_id=110202&search_id=114132&scans_id=110198&peptide_id=15145&scanf=23590&charge=2&value=sp|Q9UQE7|SMC3_HUMAN,0,/core/www/modules/match_peptides/blast_html4.php?run_id=110202&search_id=114132&scans_id=110198&peptide_id=15145&scanf=23590&charge=2&value=0,R.DQTIVDPFSSK.H,/core/www/modules/show_out/show_out_wrapper.php?run_id=110202&search_id=114132&scans_id=110198&peptide_id=15145&scanf=23590&charge=2&value=R.DQTIVDPFSSK.H,SMC3,1.650e+7,3.029,0.004,2.451,0.000
23591,2,"  2.575","  0.454",11/22,/core/www/modules//sdig/index.php?run_id=110202&search_id=114132&scans_id=110198&peptide_id=15146&scanf=23591&charge=2&value=11/22,sp|Q9UKV3|ACINU_HUMAN,/core/www/modules//consensus/?run_id=110202&search_id=114132&scans_id=110198&peptide_id=15146&scanf=23591&charge=2&value=sp|Q9UKV3|ACINU_HUMAN,3,/core/www/modules/match_peptides/blast_html4.php?run_id=110202&search_id=114132&scans_id=110198&peptide_id=15146&scanf=23591&charge=2&value=3,K.SGVSITIDDPVR.T,/core/www/modules/show_out/show_out_wrapper.php?run_id=110202&search_id=114132&scans_id=110198&peptide_id=15146&scanf=23591&charge=2&value=K.SGVSITIDDPVR.T,ACIN1,3.293e+7,2.916,0.005,2.284,0.000
23593,2,"  2.535","  0.496",9/16,/core/www/modules//sdig/index.php?run_id=110202&search_id=114132&scans_id=110198&peptide_id=15148&scanf=23593&charge=2&value=9/16,sp|Q92572|AP3S1_HUMAN,/core/www/modules//consensus/?run_id=110202&search_id=114132&scans_id=110198&peptide_id=15148&scanf=23593&charge=2&value=sp|Q92572|AP3S1_HUMAN,0,/core/www/modules/match_peptides/blast_html4.php?run_id=110202&search_id=114132&scans_id=110198&peptide_id=15148&scanf=23593&charge=2&value=0,K.NMNLPEIPR.N,/core/www/modules/show_out/show_out_wrapper.php?run_id=110202&search_id=114132&scans_id=110198&peptide_id=15148&scanf=23593&charge=2&value=K.NMNLPEIPR.N,AP3S1,6.165e+6,3.151,0.002,2.632,0.000
23595,2,"  1.771","  0.123",7/12,/core/www/modules//sdig/index.php?run_id=110202&search_id=114132&scans_id=110198&peptide_id=15150&scanf=23595&charge=2&value=7/12,sp|P46459|NSF_HUMAN,/core/www/modules//consensus/?run_id=110202&search_id=114132&scans_id=110198&peptide_id=15150&scanf=23595&charge=2&value=sp|P46459|NSF_HUMAN,1,/core/www/modules/match_peptides/blast_html4.php?run_id=110202&search_id=114132&scans_id=110198&peptide_id=15150&scanf=23595&charge=2&value=1,K.EFSDIFR.R,/core/www/modules/show_out/show_out_wrapper.php?run_id=110202&search_id=114132&scans_id=110198&peptide_id=15150&scanf=23595&charge=2&value=K.EFSDIFR.R,NSF,9.801e+6,2.048,0.092,1.036,0.004
23596,2,"  1.934","  0.293",8/12,/core/www/modules//sdig/index.php?run_id=110202&search_id=114132&scans_id=110198&peptide_id=15151&scanf=23596&charge=2&value=8/12,sp|Q9Y6M1|IF2B2_HUMAN,/core/www/modules//consensus/?run_id=110202&search_id=114132&scans_id=110198&peptide_id=15151&scanf=23596&charge=2&value=sp|Q9Y6M1|IF2B2_HUMAN,1,/core/www/modules/match_peptides/blast_html4.php?run_id=110202&search_id=114132&scans_id=110198&peptide_id=15151&scanf=23596&charge=2&value=1,R.QIDFPLR.I,/core/www/modules/show_out/show_out_wrapper.php?run_id=110202&search_id=114132&scans_id=110198&peptide_id=15151&scanf=23596&charge=2&value=R.QIDFPLR.I,IGF2BP2,1.767e+7,2.813,0.007,2.133,0.000
23598,2,"  1.734","  0.181",7/14,/core/www/modules//sdig/index.php?run_id=110202&search_id=114132&scans_id=110198&peptide_id=15153&scanf=23598&charge=2&value=7/14,sp|Q9UKN8|TF3C4_HUMAN,/core/www/modules//consensus/?run_id=110202&search_id=114132&scans_id=110198&peptide_id=15153&scanf=23598&charge=2&value=sp|Q9UKN8|TF3C4_HUMAN,0,/core/www/modules/match_peptides/blast_html4.php?run_id=110202&search_id=114132&scans_id=110198&peptide_id=15153&scanf=23598&charge=2&value=0,K.EILPFTDR.K,/core/www/modules/show_out/show_out_wrapper.php?run_id=110202&search_id=114132&scans_id=110198&peptide_id=15153&scanf=23598&charge=2&value=K.EILPFTDR.K,GTF3C4,6.976e+6,2.118,0.074,1.131,0.002
23599,3,"  4.096","  0.513",15/64,/core/www/modules//sdig/index.php?run_id=110202&search_id=114132&scans_id=110198&peptide_id=15154&scanf=23599&charge=3&value=15/64,sp|O43707|ACTN4_HUMAN,/core/www/modules//consensus/?run_id=110202&search_id=114132&scans_id=110198&peptide_id=15154&scanf=23599&charge=3&value=sp|O43707|ACTN4_HUMAN,4,/core/www/modules/match_peptides/blast_html4.php?run_id=110202&search_id=114132&scans_id=110198&peptide_id=15154&scanf=23599&charge=3&value=4,K.AGTQIENIDEDFRDGLK.L,/core/www/modules/show_out/show_out_wrapper.php?run_id=110202&search_id=114132&scans_id=110198&peptide_id=15154&scanf=23599&charge=3&value=K.AGTQIENIDEDFRDGLK.L,ACTN4,7.805e+6,3.144,0.002,2.621,0.000
23602,2,"  3.130","  0.628",14/30,/core/www/modules//sdig/index.php?run_id=110202&search_id=114132&scans_id=110198&peptide_id=15158&scanf=23602&charge=2&value=14/30,sp|Q99613|EIF3C_HUMAN,/core/www/modules//consensus/?run_id=110202&search_id=114132&scans_id=110198&peptide_id=15158&scanf=23602&charge=2&value=sp|Q99613|EIF3C_HUMAN,1,/core/www/modules/match_peptides/blast_html4.php?run_id=110202&search_id=114132&scans_id=110198&peptide_id=15158&scanf=23602&charge=2&value=1,R.TEPTAQQNLALQLAEK.L,/core/www/modules/show_out/show_out_wrapper.php?run_id=110202&search_id=114132&scans_id=110198&peptide_id=15158&scanf=23602&charge=2&value=R.TEPTAQQNLALQLAEK.L,EIF3C,4.900e+6,3.359,0.001,2.939,0.000
23603,3,"  4.387","  0.575",18/76,/core/www/modules//sdig/index.php?run_id=110202&search_id=114132&scans_id=110198&peptide_id=15159&scanf=23603&charge=3&value=18/76,sp|P13861|KAP2_HUMAN,/core/www/modules//consensus/?run_id=110202&search_id=114132&scans_id=110198&peptide_id=15159&scanf=23603&charge=3&value=sp|P13861|KAP2_HUMAN,1,/core/www/modules/match_peptides/blast_html4.php?run_id=110202&search_id=114132&scans_id=110198&peptide_id=15159&scanf=23603&charge=3&value=1,K.ADEHVIDQGDDGDNFYVIER.G,/core/www/modules/show_out/show_out_wrapper.php?run_id=110202&search_id=114132&scans_id=110198&peptide_id=15159&scanf=23603&charge=3&value=K.ADEHVIDQGDDGDNFYVIER.G,PRKAR2A,3.080e+6,3.202,0.002,2.707,0.000
23605,2,"  4.771","  0.712",20/40,/core/www/modules//sdig/index.php?run_id=110202&search_id=114132&scans_id=110198&peptide_id=15161&scanf=23605&charge=2&value=20/40,sp|Q8IZL8|PELP1_HUMAN,/core/www/modules//consensus/?run_id=110202&search_id=114132&scans_id=110198&peptide_id=15161&scanf=23605&charge=2&value=sp|Q8IZL8|PELP1_HUMAN,1,/core/www/modules/match_peptides/blast_html4.php?run_id=110202&search_id=114132&scans_id=110198&peptide_id=15161&scanf=23605&charge=2&value=1,R.GADTAPTLAPEALPSQGEVER.E,/core/www/modules/show_out/show_out_wrapper.php?run_id=110202&search_id=114132&scans_id=110198&peptide_id=15161&scanf=23605&charge=2&value=R.GADTAPTLAPEALPSQGEVER.E,PELP1,4.148e+6,3.590,0.001,3.281,0.000
23607,3,"  8.205","  0.753",34/88,/core/www/modules//sdig/index.php?run_id=110202&search_id=114132&scans_id=110198&peptide_id=15163&scanf=23607&charge=3&value=34/88,sp|Q8WTT2|NOC3L_HUMAN,/core/www/modules//consensus/?run_id=110202&search_id=114132&scans_id=110198&peptide_id=15163&scanf=23607&charge=3&value=sp|Q8WTT2|NOC3L_HUMAN,0,/core/www/modules/match_peptides/blast_html4.php?run_id=110202&search_id=114132&scans_id=110198&peptide_id=15163&scanf=23607&charge=3&value=0,R.FAAHLIAGAPSEGSGALKPELSR.R,/core/www/modules/show_out/show_out_wrapper.php?run_id=110202&search_id=114132&scans_id=110198&peptide_id=15163&scanf=23607&charge=3&value=R.FAAHLIAGAPSEGSGALKPELSR.R,NOC3L,8.416e+6,4.188,0.000,4.168,0.000
23610,3,"  3.011","  0.564",13/36,/core/www/modules//sdig/index.php?run_id=110202&search_id=114132&scans_id=110198&peptide_id=15166&scanf=23610&charge=3&value=13/36,sp|O14646|CHD1_HUMAN,/core/www/modules//consensus/?run_id=110202&search_id=114132&scans_id=110198&peptide_id=15166&scanf=23610&charge=3&value=sp|O14646|CHD1_HUMAN,3,/core/www/modules/match_peptides/blast_html4.php?run_id=110202&search_id=114132&scans_id=110198&peptide_id=15166&scanf=23610&charge=3&value=3,K.MVLDHLVIQR.M,/core/www/modules/show_out/show_out_wrapper.php?run_id=110202&search_id=114132&scans_id=110198&peptide_id=15166&scanf=23610&charge=3&value=K.MVLDHLVIQR.M,CHD1,2.396e+7,3.660,0.000,3.386,0.000
23614,2,"  2.867","  0.578",13/20,/core/www/modules//sdig/index.php?run_id=110202&search_id=114132&scans_id=110198&peptide_id=15170&scanf=23614&charge=2&value=13/20,sp|P34932|HSP74_HUMAN,/core/www/modules//consensus/?run_id=110202&search_id=114132&scans_id=110198&peptide_id=15170&scanf=23614&charge=2&value=sp|P34932|HSP74_HUMAN,0,/core/www/modules/match_peptides/blast_html4.php?run_id=110202&search_id=114132&scans_id=110198&peptide_id=15170&scanf=23614&charge=2&value=0,K.NAVEEYVYEMR.D,/core/www/modules/show_out/show_out_wrapper.php?run_id=110202&search_id=114132&scans_id=110198&peptide_id=15170&scanf=23614&charge=2&value=K.NAVEEYVYEMR.D,HSPA4,7.744e+6,3.584,0.001,3.272,0.000
23617,3,"  2.690","  0.358",14/36,/core/www/modules//sdig/index.php?run_id=110202&search_id=114132&scans_id=110198&peptide_id=15173&scanf=23617&charge=3&value=14/36,sp|Q7Z2T5|TRM1L_HUMAN,/core/www/modules//consensus/?run_id=110202&search_id=114132&scans_id=110198&peptide_id=15173&scanf=23617&charge=3&value=sp|Q7Z2T5|TRM1L_HUMAN,0,/core/www/modules/match_peptides/blast_html4.php?run_id=110202&search_id=114132&scans_id=110198&peptide_id=15173&scanf=23617&charge=3&value=0,K.MDANVLMHLR.S,/core/www/modules/show_out/show_out_wrapper.php?run_id=110202&search_id=114132&scans_id=110198&peptide_id=15173&scanf=23617&charge=3&value=K.MDANVLMHLR.S,TRMT1L,6.393e+6,2.945,0.005,2.327,0.000
23619,2,"  2.554","  0.452",12/24,/core/www/modules//sdig/index.php?run_id=110202&search_id=114132&scans_id=110198&peptide_id=15175&scanf=23619&charge=2&value=12/24,sp|O14647|CHD2_HUMAN,/core/www/modules//consensus/?run_id=110202&search_id=114132&scans_id=110198&peptide_id=15175&scanf=23619&charge=2&value=sp|O14647|CHD2_HUMAN,6,/core/www/modules/match_peptides/blast_html4.php?run_id=110202&search_id=114132&scans_id=110198&peptide_id=15175&scanf=23619&charge=2&value=6,K.QPAYLGGENLELR.D,/core/www/modules/show_out/show_out_wrapper.php?run_id=110202&search_id=114132&scans_id=110198&peptide_id=15175&scanf=23619&charge=2&value=K.QPAYLGGENLELR.D,CHD2,4.706e+6,2.893,0.006,2.250,0.000
23621,3,"  2.911","  0.500",15/68,/core/www/modules//sdig/index.php?run_id=110202&search_id=114132&scans_id=110198&peptide_id=15178&scanf=23621&charge=3&value=15/68,sp|P43243|MATR3_HUMAN,/core/www/modules//consensus/?run_id=110202&search_id=114132&scans_id=110198&peptide_id=15178&scanf=23621&charge=3&value=sp|P43243|MATR3_HUMAN,5,/core/www/modules/match_peptides/blast_html4.php?run_id=110202&search_id=114132&scans_id=110198&peptide_id=15178&scanf=23621&charge=3&value=5,K.RGAPPSSNIEDFHGLLPK.G,/core/www/modules/show_out/show_out_wrapper.php?run_id=110202&search_id=114132&scans_id=110198&peptide_id=15178&scanf=23621&charge=3&value=K.RGAPPSSNIEDFHGLLPK.G,MATR3,4.737e+6,2.736,0.010,2.019,0.000
23624,2,"  1.857","  0.275",9/14,/core/www/modules//sdig/index.php?run_id=110202&search_id=114132&scans_id=110198&peptide_id=15181&scanf=23624&charge=2&value=9/14,sp|P51531|SMCA2_HUMAN,/core/www/modules//consensus/?run_id=110202&search_id=114132&scans_id=110198&peptide_id=15181&scanf=23624&charge=2&value=sp|P51531|SMCA2_HUMAN,28,/core/www/modules/match_peptides/blast_html4.php?run_id=110202&search_id=114132&scans_id=110198&peptide_id=15181&scanf=23624&charge=2&value=28,K.VLRPFLLR.R,/core/www/modules/show_out/show_out_wrapper.php?run_id=110202&search_id=114132&scans_id=110198&peptide_id=15181&scanf=23624&charge=2&value=K.VLRPFLLR.R,SMARCA2,1.390e+7,2.886,0.006,2.239,0.000
23625,2,"  4.517","  0.702",17/28,/core/www/modules//sdig/index.php?run_id=110202&search_id=114132&scans_id=110198&peptide_id=15182&scanf=23625&charge=2&value=17/28,sp|P04899|GNAI2_HUMAN,/core/www/modules//consensus/?run_id=110202&search_id=114132&scans_id=110198&peptide_id=15182&scanf=23625&charge=2&value=sp|P04899|GNAI2_HUMAN,0,/core/www/modules/match_peptides/blast_html4.php?run_id=110202&search_id=114132&scans_id=110198&peptide_id=15182&scanf=23625&charge=2&value=0,R.IAQSDYIPTQQDVLR.T,/core/www/modules/show_out/show_out_wrapper.php?run_id=110202&search_id=114132&scans_id=110198&peptide_id=15182&scanf=23625&charge=2&value=R.IAQSDYIPTQQDVLR.T,GNAI2,4.092e+6,3.840,0.000,3.652,0.000
23627,3,"  5.111","  0.637",21/72,/core/www/modules//sdig/index.php?run_id=110202&search_id=114132&scans_id=110198&peptide_id=15184&scanf=23627&charge=3&value=21/72,sp|Q99460|PSMD1_HUMAN,/core/www/modules//consensus/?run_id=110202&search_id=114132&scans_id=110198&peptide_id=15184&scanf=23627&charge=3&value=sp|Q99460|PSMD1_HUMAN,12,/core/www/modules/match_peptides/blast_html4.php?run_id=110202&search_id=114132&scans_id=110198&peptide_id=15184&scanf=23627&charge=3&value=12,K.NAQAIEDMVGYAQETQHEK.I,/core/www/modules/show_out/show_out_wrapper.php?run_id=110202&search_id=114132&scans_id=110198&peptide_id=15184&scanf=23627&charge=3&value=K.NAQAIEDMVGYAQETQHEK.I,PSMD1,1.922e+7,3.582,0.001,3.269,0.000
23628,2,"  1.332","  0.198",8/14,/core/www/modules//sdig/index.php?run_id=110202&search_id=114132&scans_id=110198&peptide_id=15185&scanf=23628&charge=2&value=8/14,sp|Q86U86|PB1_HUMAN,/core/www/modules//consensus/?run_id=110202&search_id=114132&scans_id=110198&peptide_id=15185&scanf=23628&charge=2&value=sp|Q86U86|PB1_HUMAN,2,/core/www/modules/match_peptides/blast_html4.php?run_id=110202&search_id=114132&scans_id=110198&peptide_id=15185&scanf=23628&charge=2&value=2,R.DVPLPVVR.V,/core/www/modules/show_out/show_out_wrapper.php?run_id=110202&search_id=114132&scans_id=110198&peptide_id=15185&scanf=23628&charge=2&value=R.DVPLPVVR.V,PBRM1,1.005e+7,2.269,0.045,1.342,0.002
23632,2,"  3.944","  0.679",19/28,/core/www/modules//sdig/index.php?run_id=110202&search_id=114132&scans_id=110198&peptide_id=15189&scanf=23632&charge=2&value=19/28,sp|Q00839|HNRPU_HUMAN,/core/www/modules//consensus/?run_id=110202&search_id=114132&scans_id=110198&peptide_id=15189&scanf=23632&charge=2&value=sp|Q00839|HNRPU_HUMAN,11,/core/www/modules/match_peptides/blast_html4.php?run_id=110202&search_id=114132&scans_id=110198&peptide_id=15189&scanf=23632&charge=2&value=11,R.NFILDQTNVSAAAQR.R,/core/www/modules/show_out/show_out_wrapper.php?run_id=110202&search_id=114132&scans_id=110198&peptide_id=15189&scanf=23632&charge=2&value=R.NFILDQTNVSAAAQR.R,HNRNPU,2.656e+8,3.952,0.000,3.818,0.000
23634,3,"  3.505","  0.528",14/60,/core/www/modules//sdig/index.php?run_id=110202&search_id=114132&scans_id=110198&peptide_id=15191&scanf=23634&charge=3&value=14/60,sp|O43707|ACTN4_HUMAN,/core/www/modules//consensus/?run_id=110202&search_id=114132&scans_id=110198&peptide_id=15191&scanf=23634&charge=3&value=sp|O43707|ACTN4_HUMAN,1,/core/www/modules/match_peptides/blast_html4.php?run_id=110202&search_id=114132&scans_id=110198&peptide_id=15191&scanf=23634&charge=3&value=1,K.M*LDAEDIVNTARPDEK.A,/core/www/modules/show_out/show_out_wrapper.php?run_id=110202&search_id=114132&scans_id=110198&peptide_id=15191&scanf=23634&charge=3&value=K.M*LDAEDIVNTARPDEK.A,ACTN4,6.056e+6,3.483,0.001,3.123,0.000
23635,2,"  2.554","  0.312",9/14,/core/www/modules//sdig/index.php?run_id=110202&search_id=114132&scans_id=110198&peptide_id=15192&scanf=23635&charge=2&value=9/14,sp|O15372|EIF3H_HUMAN,/core/www/modules//consensus/?run_id=110202&search_id=114132&scans_id=110198&peptide_id=15192&scanf=23635&charge=2&value=sp|O15372|EIF3H_HUMAN,2,/core/www/modules/match_peptides/blast_html4.php?run_id=110202&search_id=114132&scans_id=110198&peptide_id=15192&scanf=23635&charge=2&value=2,K.NLQLLMDR.V,/core/www/modules/show_out/show_out_wrapper.php?run_id=110202&search_id=114132&scans_id=110198&peptide_id=15192&scanf=23635&charge=2&value=K.NLQLLMDR.V,EIF3H,8.476e+6,2.629,0.014,1.863,0.000
23636,3,"  3.062","  0.281",10/40,/core/www/modules//sdig/index.php?run_id=110202&search_id=114132&scans_id=110198&peptide_id=15193&scanf=23636&charge=3&value=10/40,sp|P62249|RS16_HUMAN,/core/www/modules//consensus/?run_id=110202&search_id=114132&scans_id=110198&peptide_id=15193&scanf=23636&charge=3&value=sp|P62249|RS16_HUMAN,1,/core/www/modules/match_peptides/blast_html4.php?run_id=110202&search_id=114132&scans_id=110198&peptide_id=15193&scanf=23636&charge=3&value=1,K.EIKDILIQYDR.T,/core/www/modules/show_out/show_out_wrapper.php?run_id=110202&search_id=114132&scans_id=110198&peptide_id=15193&scanf=23636&charge=3&value=K.EIKDILIQYDR.T,RPS16,4.561e+7,2.228,0.052,1.284,0.002
23637,3,"  2.943","  0.461",16/44,/core/www/modules//sdig/index.php?run_id=110202&search_id=114132&scans_id=110198&peptide_id=15194&scanf=23637&charge=3&value=16/44,sp|O14980|XPO1_HUMAN,/core/www/modules//consensus/?run_id=110202&search_id=114132&scans_id=110198&peptide_id=15194&scanf=23637&charge=3&value=sp|O14980|XPO1_HUMAN,10,/core/www/modules/match_peptides/blast_html4.php?run_id=110202&search_id=114132&scans_id=110198&peptide_id=15194&scanf=23637&charge=3&value=10,K.AVGHPFVIQLGR.I,/core/www/modules/show_out/show_out_wrapper.php?run_id=110202&search_id=114132&scans_id=110198&peptide_id=15194&scanf=23637&charge=3&value=K.AVGHPFVIQLGR.I,XPO1,1.582e+7,3.300,0.001,2.852,0.000
23641,2,"  1.629","  0.245",10/14,/core/www/modules//sdig/index.php?run_id=110202&search_id=114132&scans_id=110198&peptide_id=15199&scanf=23641&charge=2&value=10/14,sp|Q9UK61|TASOR_HUMAN,/core/www/modules//consensus/?run_id=110202&search_id=114132&scans_id=110198&peptide_id=15199&scanf=23641&charge=2&value=sp|Q9UK61|TASOR_HUMAN,1,/core/www/modules/match_peptides/blast_html4.php?run_id=110202&search_id=114132&scans_id=110198&peptide_id=15199&scanf=23641&charge=2&value=1,K.IPGLVTLK.K,/core/www/modules/show_out/show_out_wrapper.php?run_id=110202&search_id=114132&scans_id=110198&peptide_id=15199&scanf=23641&charge=2&value=K.IPGLVTLK.K,TASOR,9.031e+6,2.644,0.013,1.885,0.000
23642,3,"  2.416","  0.439",12/36,/core/www/modules//sdig/index.php?run_id=110202&search_id=114132&scans_id=110198&peptide_id=15200&scanf=23642&charge=3&value=12/36,sp|Q8IUF8|RIOX2_HUMAN,/core/www/modules//consensus/?run_id=110202&search_id=114132&scans_id=110198&peptide_id=15200&scanf=23642&charge=3&value=sp|Q8IUF8|RIOX2_HUMAN,0,/core/www/modules/match_peptides/blast_html4.php?run_id=110202&search_id=114132&scans_id=110198&peptide_id=15200&scanf=23642&charge=3&value=0,R.FPLSHLDALK.Q,/core/www/modules/show_out/show_out_wrapper.php?run_id=110202&search_id=114132&scans_id=110198&peptide_id=15200&scanf=23642&charge=3&value=R.FPLSHLDALK.Q,RIOX2,3.621e+6,3.080,0.003,2.526,0.000
23644,2,"  1.782","  0.169",8/14,/core/www/modules//sdig/index.php?run_id=110202&search_id=114132&scans_id=110198&peptide_id=15202&scanf=23644&charge=2&value=8/14,sp|O60264|SMCA5_HUMAN,/core/www/modules//consensus/?run_id=110202&search_id=114132&scans_id=110198&peptide_id=15202&scanf=23644&charge=2&value=sp|O60264|SMCA5_HUMAN,0,/core/www/modules/match_peptides/blast_html4.php?run_id=110202&search_id=114132&scans_id=110198&peptide_id=15202&scanf=23644&charge=2&value=0,K.DEMLQMIR.H,/core/www/modules/show_out/show_out_wrapper.php?run_id=110202&search_id=114132&scans_id=110198&peptide_id=15202&scanf=23644&charge=2&value=K.DEMLQMIR.H,SMARCA5,8.972e+6,2.389,0.031,1.514,0.001
23645,2,"  2.779","  0.477",12/20,/core/www/modules//sdig/index.php?run_id=110202&search_id=114132&scans_id=110198&peptide_id=15203&scanf=23645&charge=2&value=12/20,sp|A6NHR9|SMHD1_HUMAN,/core/www/modules//consensus/?run_id=110202&search_id=114132&scans_id=110198&peptide_id=15203&scanf=23645&charge=2&value=sp|A6NHR9|SMHD1_HUMAN,3,/core/www/modules/match_peptides/blast_html4.php?run_id=110202&search_id=114132&scans_id=110198&peptide_id=15203&scanf=23645&charge=2&value=3,R.EINITSALAEK.I,/core/www/modules/show_out/show_out_wrapper.php?run_id=110202&search_id=114132&scans_id=110198&peptide_id=15203&scanf=23645&charge=2&value=R.EINITSALAEK.I,SMCHD1,2.768e+7,3.349,0.001,2.925,0.000
23646,2,"  3.094","  0.336",12/20,/core/www/modules//sdig/index.php?run_id=110202&search_id=114132&scans_id=110198&peptide_id=15204&scanf=23646&charge=2&value=12/20,sp|Q15029|U5S1_HUMAN,/core/www/modules//consensus/?run_id=110202&search_id=114132&scans_id=110198&peptide_id=15204&scanf=23646&charge=2&value=sp|Q15029|U5S1_HUMAN,0,/core/www/modules/match_peptides/blast_html4.php?run_id=110202&search_id=114132&scans_id=110198&peptide_id=15204&scanf=23646&charge=2&value=0,R.TLDELGIHLTK.E,/core/www/modules/show_out/show_out_wrapper.php?run_id=110202&search_id=114132&scans_id=110198&peptide_id=15204&scanf=23646&charge=2&value=R.TLDELGIHLTK.E,EFTUD2,1.258e+7,2.744,0.009,2.031,0.000
23649,2,"  2.194","  0.152",8/12,/core/www/modules//sdig/index.php?run_id=110202&search_id=114132&scans_id=110198&peptide_id=15207&scanf=23649&charge=2&value=8/12,sp|Q9BVP2|GNL3_HUMAN,/core/www/modules//consensus/?run_id=110202&search_id=114132&scans_id=110198&peptide_id=15207&scanf=23649&charge=2&value=sp|Q9BVP2|GNL3_HUMAN,0,/core/www/modules/match_peptides/blast_html4.php?run_id=110202&search_id=114132&scans_id=110198&peptide_id=15207&scanf=23649&charge=2&value=0,K.LVLILNK.S,/core/www/modules/show_out/show_out_wrapper.php?run_id=110202&search_id=114132&scans_id=110198&peptide_id=15207&scanf=23649&charge=2&value=K.LVLILNK.S,GNL3,3.281e+7,2.335,0.037,1.436,0.001
23651,2,"  3.018","  0.495",14/24,/core/www/modules//sdig/index.php?run_id=110202&search_id=114132&scans_id=110198&peptide_id=15209&scanf=23651&charge=2&value=14/24,sp|Q86WX3|AROS_HUMAN,/core/www/modules//consensus/?run_id=110202&search_id=114132&scans_id=110198&peptide_id=15209&scanf=23651&charge=2&value=sp|Q86WX3|AROS_HUMAN,0,/core/www/modules/match_peptides/blast_html4.php?run_id=110202&search_id=114132&scans_id=110198&peptide_id=15209&scanf=23651&charge=2&value=0,R.STVAESVSQQILR.Q,/core/www/modules/show_out/show_out_wrapper.php?run_id=110202&search_id=114132&scans_id=110198&peptide_id=15209&scanf=23651&charge=2&value=R.STVAESVSQQILR.Q,RPS19BP1,4.486e+7,3.090,0.003,2.542,0.000
23653,2,"  3.592","  0.309",11/20,/core/www/modules//sdig/index.php?run_id=110202&search_id=114132&scans_id=110198&peptide_id=15211&scanf=23653&charge=2&value=11/20,sp|P26640|SYVC_HUMAN,/core/www/modules//consensus/?run_id=110202&search_id=114132&scans_id=110198&peptide_id=15211&scanf=23653&charge=2&value=sp|P26640|SYVC_HUMAN,1,/core/www/modules/match_peptides/blast_html4.php?run_id=110202&search_id=114132&scans_id=110198&peptide_id=15211&scanf=23653&charge=2&value=1,K.LSAAVTEAFVR.L,/core/www/modules/show_out/show_out_wrapper.php?run_id=110202&search_id=114132&scans_id=110198&peptide_id=15211&scanf=23653&charge=2&value=K.LSAAVTEAFVR.L,VARS1,8.492e+6,2.605,0.015,1.827,0.000
23656,2,"  4.778","  0.672",19/30,/core/www/modules//sdig/index.php?run_id=110202&search_id=114132&scans_id=110198&peptide_id=15214&scanf=23656&charge=2&value=19/30,sp|O14979|HNRDL_HUMAN,/core/www/modules//consensus/?run_id=110202&search_id=114132&scans_id=110198&peptide_id=15214&scanf=23656&charge=2&value=sp|O14979|HNRDL_HUMAN,1,/core/www/modules/match_peptides/blast_html4.php?run_id=110202&search_id=114132&scans_id=110198&peptide_id=15214&scanf=23656&charge=2&value=1,K.VFVGGLSPDTSEEQIK.E,/core/www/modules/show_out/show_out_wrapper.php?run_id=110202&search_id=114132&scans_id=110198&peptide_id=15214&scanf=23656&charge=2&value=K.VFVGGLSPDTSEEQIK.E,HNRNPDL,3.671e+7,3.796,0.000,3.586,0.000
23662,3,"  4.630","  0.611",15/60,/core/www/modules//sdig/index.php?run_id=110202&search_id=114132&scans_id=110198&peptide_id=15221&scanf=23662&charge=3&value=15/60,sp|Q12905|ILF2_HUMAN,/core/www/modules//consensus/?run_id=110202&search_id=114132&scans_id=110198&peptide_id=15221&scanf=23662&charge=3&value=sp|Q12905|ILF2_HUMAN,3,/core/www/modules/match_peptides/blast_html4.php?run_id=110202&search_id=114132&scans_id=110198&peptide_id=15221&scanf=23662&charge=3&value=3,R.VKPAPDETSFSEALLK.R,/core/www/modules/show_out/show_out_wrapper.php?run_id=110202&search_id=114132&scans_id=110198&peptide_id=15221&scanf=23662&charge=3&value=R.VKPAPDETSFSEALLK.R,ILF2,4.975e+8,3.591,0.001,3.284,0.000
23665,3,"  3.590","  0.522",14/68,/core/www/modules//sdig/index.php?run_id=110202&search_id=114132&scans_id=110198&peptide_id=15224&scanf=23665&charge=3&value=14/68,sp|P46379|BAG6_HUMAN,/core/www/modules//consensus/?run_id=110202&search_id=114132&scans_id=110198&peptide_id=15224&scanf=23665&charge=3&value=sp|P46379|BAG6_HUMAN,7,/core/www/modules/match_peptides/blast_html4.php?run_id=110202&search_id=114132&scans_id=110198&peptide_id=15224&scanf=23665&charge=3&value=7,K.VKPQPPLSDAYLSGMPAK.R,/core/www/modules/show_out/show_out_wrapper.php?run_id=110202&search_id=114132&scans_id=110198&peptide_id=15224&scanf=23665&charge=3&value=K.VKPQPPLSDAYLSGMPAK.R,BAG6,2.779e+6,3.005,0.004,2.416,0.000
23667,2,"  1.578","  0.325",7/12,/core/www/modules//sdig/index.php?run_id=110202&search_id=114132&scans_id=110198&peptide_id=15226&scanf=23667&charge=2&value=7/12,sp|Q15542|TAF5_HUMAN,/core/www/modules//consensus/?run_id=110202&search_id=114132&scans_id=110198&peptide_id=15226&scanf=23667&charge=2&value=sp|Q15542|TAF5_HUMAN,0,/core/www/modules/match_peptides/blast_html4.php?run_id=110202&search_id=114132&scans_id=110198&peptide_id=15226&scanf=23667&charge=2&value=0,R.IPLPELK.D,/core/www/modules/show_out/show_out_wrapper.php?run_id=110202&search_id=114132&scans_id=110198&peptide_id=15226&scanf=23667&charge=2&value=R.IPLPELK.D,TAF5,3.754e+6,2.674,0.012,1.928,0.000
23669,2,"  1.569","  0.252",9/20,/core/www/modules//sdig/index.php?run_id=110202&search_id=114132&scans_id=110198&peptide_id=15228&scanf=23669&charge=2&value=9/20,sp|Q6UX04|CWC27_HUMAN,/core/www/modules//consensus/?run_id=110202&search_id=114132&scans_id=110198&peptide_id=15228&scanf=23669&charge=2&value=sp|Q6UX04|CWC27_HUMAN,14,/core/www/modules/match_peptides/blast_html4.php?run_id=110202&search_id=114132&scans_id=110198&peptide_id=15228&scanf=23669&charge=2&value=14,K.VTGDTVYNMLR.L,/core/www/modules/show_out/show_out_wrapper.php?run_id=110202&search_id=114132&scans_id=110198&peptide_id=15228&scanf=23669&charge=2&value=K.VTGDTVYNMLR.L,CWC27,2.964e+6,2.087,0.081,1.090,0.003
23670,2,"  3.034","  0.601",13/30,/core/www/modules//sdig/index.php?run_id=110202&search_id=114132&scans_id=110198&peptide_id=15230&scanf=23670&charge=2&value=13/30,sp|Q13601|KRR1_HUMAN,/core/www/modules//consensus/?run_id=110202&search_id=114132&scans_id=110198&peptide_id=15230&scanf=23670&charge=2&value=sp|Q13601|KRR1_HUMAN,0,/core/www/modules/match_peptides/blast_html4.php?run_id=110202&search_id=114132&scans_id=110198&peptide_id=15230&scanf=23670&charge=2&value=0,K.EYTPFPPPQPESQIDK.E,/core/www/modules/show_out/show_out_wrapper.php?run_id=110202&search_id=114132&scans_id=110198&peptide_id=15230&scanf=23670&charge=2&value=K.EYTPFPPPQPESQIDK.E,KRR1,3.446e+6,3.141,0.002,2.616,0.000
23674,3,"  7.327","  0.674",33/76,/core/www/modules//sdig/index.php?run_id=110202&search_id=114132&scans_id=110198&peptide_id=15233&scanf=23674&charge=3&value=33/76,sp|P13639|EF2_HUMAN,/core/www/modules//consensus/?run_id=110202&search_id=114132&scans_id=110198&peptide_id=15233&scanf=23674&charge=3&value=sp|P13639|EF2_HUMAN,0,/core/www/modules/match_peptides/blast_html4.php?run_id=110202&search_id=114132&scans_id=110198&peptide_id=15233&scanf=23674&charge=3&value=0,K.ARPFPDGLAEDIDKGEVSAR.Q,/core/www/modules/show_out/show_out_wrapper.php?run_id=110202&search_id=114132&scans_id=110198&peptide_id=15233&scanf=23674&charge=3&value=K.ARPFPDGLAEDIDKGEVSAR.Q,EEF2,1.011e+7,3.697,0.000,3.440,0.000
23678,3,"  2.192","  0.374",13/40,/core/www/modules//sdig/index.php?run_id=110202&search_id=114132&scans_id=110198&peptide_id=15237&scanf=23678&charge=3&value=13/40,sp|P13010|XRCC5_HUMAN,/core/www/modules//consensus/?run_id=110202&search_id=114132&scans_id=110198&peptide_id=15237&scanf=23678&charge=3&value=sp|P13010|XRCC5_HUMAN,1,/core/www/modules/match_peptides/blast_html4.php?run_id=110202&search_id=114132&scans_id=110198&peptide_id=15237&scanf=23678&charge=3&value=1,R.HIEIFTDLSSR.F,/core/www/modules/show_out/show_out_wrapper.php?run_id=110202&search_id=114132&scans_id=110198&peptide_id=15237&scanf=23678&charge=3&value=R.HIEIFTDLSSR.F,XRCC5,5.334e+6,2.964,0.004,2.354,0.000
23680,2,"  1.738","  0.171",7/12,/core/www/modules//sdig/index.php?run_id=110202&search_id=114132&scans_id=110198&peptide_id=15240&scanf=23680&charge=2&value=7/12,sp|Q9NXF1|TEX10_HUMAN,/core/www/modules//consensus/?run_id=110202&search_id=114132&scans_id=110198&peptide_id=15240&scanf=23680&charge=2&value=sp|Q9NXF1|TEX10_HUMAN,1,/core/www/modules/match_peptides/blast_html4.php?run_id=110202&search_id=114132&scans_id=110198&peptide_id=15240&scanf=23680&charge=2&value=1,R.GLILPVR.T,/core/www/modules/show_out/show_out_wrapper.php?run_id=110202&search_id=114132&scans_id=110198&peptide_id=15240&scanf=23680&charge=2&value=R.GLILPVR.T,TEX10,2.016e+7,2.273,0.045,1.349,0.002
23687,2,"  1.655","  0.163",7/12,/core/www/modules//sdig/index.php?run_id=110202&search_id=114132&scans_id=110198&peptide_id=15247&scanf=23687&charge=2&value=7/12,sp|Q9Y3I0|RTCB_HUMAN,/core/www/modules//consensus/?run_id=110202&search_id=114132&scans_id=110198&peptide_id=15247&scanf=23687&charge=2&value=sp|Q9Y3I0|RTCB_HUMAN,0,/core/www/modules/match_peptides/blast_html4.php?run_id=110202&search_id=114132&scans_id=110198&peptide_id=15247&scanf=23687&charge=2&value=0,K.LMFEELR.N,/core/www/modules/show_out/show_out_wrapper.php?run_id=110202&search_id=114132&scans_id=110198&peptide_id=15247&scanf=23687&charge=2&value=K.LMFEELR.N,RTCB,1.422e+7,2.153,0.066,1.180,0.002
23690,3,"  4.131","  0.594",16/48,/core/www/modules//sdig/index.php?run_id=110202&search_id=114132&scans_id=110198&peptide_id=15251&scanf=23690&charge=3&value=16/48,sp|O95793|STAU1_HUMAN,/core/www/modules//consensus/?run_id=110202&search_id=114132&scans_id=110198&peptide_id=15251&scanf=23690&charge=3&value=sp|O95793|STAU1_HUMAN,2,/core/www/modules/match_peptides/blast_html4.php?run_id=110202&search_id=114132&scans_id=110198&peptide_id=15251&scanf=23690&charge=3&value=2,K.KNAAIAVLEELKK.L,/core/www/modules/show_out/show_out_wrapper.php?run_id=110202&search_id=114132&scans_id=110198&peptide_id=15251&scanf=23690&charge=3&value=K.KNAAIAVLEELKK.L,STAU1,7.348e+6,3.122,0.003,2.588,0.000
23693,2,"  1.983","  0.390",11/16,/core/www/modules//sdig/index.php?run_id=110202&search_id=114132&scans_id=110198&peptide_id=15253&scanf=23693&charge=2&value=11/16,sp|Q14151|SAFB2_HUMAN,/core/www/modules//consensus/?run_id=110202&search_id=114132&scans_id=110198&peptide_id=15253&scanf=23693&charge=2&value=sp|Q14151|SAFB2_HUMAN,1,/core/www/modules/match_peptides/blast_html4.php?run_id=110202&search_id=114132&scans_id=110198&peptide_id=15253&scanf=23693&charge=2&value=1,K.ADSLLAVVK.R,/core/www/modules/show_out/show_out_wrapper.php?run_id=110202&search_id=114132&scans_id=110198&peptide_id=15253&scanf=23693&charge=2&value=K.ADSLLAVVK.R,SAFB2,6.068e+7,3.106,0.003,2.565,0.000
23694,3,"  4.765","  0.635",20/60,/core/www/modules//sdig/index.php?run_id=110202&search_id=114132&scans_id=110198&peptide_id=15254&scanf=23694&charge=3&value=20/60,sp|Q12905|ILF2_HUMAN,/core/www/modules//consensus/?run_id=110202&search_id=114132&scans_id=110198&peptide_id=15254&scanf=23694&charge=3&value=sp|Q12905|ILF2_HUMAN,3,/core/www/modules/match_peptides/blast_html4.php?run_id=110202&search_id=114132&scans_id=110198&peptide_id=15254&scanf=23694&charge=3&value=3,R.VKPAPDETSFSEALLK.R,/core/www/modules/show_out/show_out_wrapper.php?run_id=110202&search_id=114132&scans_id=110198&peptide_id=15254&scanf=23694&charge=3&value=R.VKPAPDETSFSEALLK.R,ILF2,4.975e+8,3.802,0.000,3.595,0.000
23695,3,"  3.874","  0.473",9/60,/core/www/modules//sdig/index.php?run_id=110202&search_id=114132&scans_id=110198&peptide_id=15255&scanf=23695&charge=3&value=9/60,sp|O60841|IF2P_HUMAN,/core/www/modules//consensus/?run_id=110202&search_id=114132&scans_id=110198&peptide_id=15255&scanf=23695&charge=3&value=sp|O60841|IF2P_HUMAN,1,/core/www/modules/match_peptides/blast_html4.php?run_id=110202&search_id=114132&scans_id=110198&peptide_id=15255&scanf=23695&charge=3&value=1,K.TSEVPYAGINIGPVHK.K,/core/www/modules/show_out/show_out_wrapper.php?run_id=110202&search_id=114132&scans_id=110198&peptide_id=15255&scanf=23695&charge=3&value=K.TSEVPYAGINIGPVHK.K,EIF5B,1.329e+7,2.829,0.007,2.156,0.000
23698,3,"  3.787","  0.582",15/64,/core/www/modules//sdig/index.php?run_id=110202&search_id=114132&scans_id=110198&peptide_id=15258&scanf=23698&charge=3&value=15/64,sp|P61160|ARP2_HUMAN,/core/www/modules//consensus/?run_id=110202&search_id=114132&scans_id=110198&peptide_id=15258&scanf=23698&charge=3&value=sp|P61160|ARP2_HUMAN,0,/core/www/modules/match_peptides/blast_html4.php?run_id=110202&search_id=114132&scans_id=110198&peptide_id=15258&scanf=23698&charge=3&value=0,K.HIVLSGGSTMYPGLPSR.L,/core/www/modules/show_out/show_out_wrapper.php?run_id=110202&search_id=114132&scans_id=110198&peptide_id=15258&scanf=23698&charge=3&value=K.HIVLSGGSTMYPGLPSR.L,ACTR2,8.307e+6,3.268,0.002,2.804,0.000
23700,2,"  1.817","  0.278",7/16,/core/www/modules//sdig/index.php?run_id=110202&search_id=114132&scans_id=110198&peptide_id=15261&scanf=23700&charge=2&value=7/16,sp|P41252|SYIC_HUMAN,/core/www/modules//consensus/?run_id=110202&search_id=114132&scans_id=110198&peptide_id=15261&scanf=23700&charge=2&value=sp|P41252|SYIC_HUMAN,10,/core/www/modules/match_peptides/blast_html4.php?run_id=110202&search_id=114132&scans_id=110198&peptide_id=15261&scanf=23700&charge=2&value=10,R.WIDFDNDYK.T,/core/www/modules/show_out/show_out_wrapper.php?run_id=110202&search_id=114132&scans_id=110198&peptide_id=15261&scanf=23700&charge=2&value=R.WIDFDNDYK.T,IARS1,5.040e+6,2.334,0.037,1.435,0.001
23701,2,"  3.616","  0.610",14/22,/core/www/modules//sdig/index.php?run_id=110202&search_id=114132&scans_id=110198&peptide_id=15262&scanf=23701&charge=2&value=14/22,sp|O75533|SF3B1_HUMAN,/core/www/modules//consensus/?run_id=110202&search_id=114132&scans_id=110198&peptide_id=15262&scanf=23701&charge=2&value=sp|O75533|SF3B1_HUMAN,1,/core/www/modules/match_peptides/blast_html4.php?run_id=110202&search_id=114132&scans_id=110198&peptide_id=15262&scanf=23701&charge=2&value=1,R.VPELNVQNGVLK.S,/core/www/modules/show_out/show_out_wrapper.php?run_id=110202&search_id=114132&scans_id=110198&peptide_id=15262&scanf=23701&charge=2&value=R.VPELNVQNGVLK.S,SF3B1,2.486e+7,3.862,0.000,3.685,0.000
23702,3,"  3.124","  0.479",10/52,/core/www/modules//sdig/index.php?run_id=110202&search_id=114132&scans_id=110198&peptide_id=15263&scanf=23702&charge=3&value=10/52,sp|Q9ULK4|MED23_HUMAN,/core/www/modules//consensus/?run_id=110202&search_id=114132&scans_id=110198&peptide_id=15263&scanf=23702&charge=3&value=sp|Q9ULK4|MED23_HUMAN,1,/core/www/modules/match_peptides/blast_html4.php?run_id=110202&search_id=114132&scans_id=110198&peptide_id=15263&scanf=23702&charge=3&value=1,K.MLLETDHINQIGYR.V,/core/www/modules/show_out/show_out_wrapper.php?run_id=110202&search_id=114132&scans_id=110198&peptide_id=15263&scanf=23702&charge=3&value=K.MLLETDHINQIGYR.V,MED23,5.956e+6,2.939,0.005,2.319,0.000
23703,3,"  3.890","  0.568",16/72,/core/www/modules//sdig/index.php?run_id=110202&search_id=114132&scans_id=110198&peptide_id=15264&scanf=23703&charge=3&value=16/72,sp|Q9BXS5|AP1M1_HUMAN,/core/www/modules//consensus/?run_id=110202&search_id=114132&scans_id=110198&peptide_id=15264&scanf=23703&charge=3&value=sp|Q9BXS5|AP1M1_HUMAN,3,/core/www/modules/match_peptides/blast_html4.php?run_id=110202&search_id=114132&scans_id=110198&peptide_id=15264&scanf=23703&charge=3&value=3,K.LETGAPRPPATVTNAVSWR.S,/core/www/modules/show_out/show_out_wrapper.php?run_id=110202&search_id=114132&scans_id=110198&peptide_id=15264&scanf=23703&charge=3&value=K.LETGAPRPPATVTNAVSWR.S,AP1M1,6.358e+6,3.168,0.002,2.656,0.000
23706,3,"  2.812","  0.297",11/36,/core/www/modules//sdig/index.php?run_id=110202&search_id=114132&scans_id=110198&peptide_id=15267&scanf=23706&charge=3&value=11/36,sp|Q13242|SRSF9_HUMAN,/core/www/modules//consensus/?run_id=110202&search_id=114132&scans_id=110198&peptide_id=15267&scanf=23706&charge=3&value=sp|Q13242|SRSF9_HUMAN,2,/core/www/modules/match_peptides/blast_html4.php?run_id=110202&search_id=114132&scans_id=110198&peptide_id=15267&scanf=23706&charge=3&value=2,R.EKDLEDLFYK.Y,/core/www/modules/show_out/show_out_wrapper.php?run_id=110202&search_id=114132&scans_id=110198&peptide_id=15267&scanf=23706&charge=3&value=R.EKDLEDLFYK.Y,SRSF9,1.842e+8,2.412,0.028,1.547,0.001
23709,3,"  3.394","  0.449",13/44,/core/www/modules//sdig/index.php?run_id=110202&search_id=114132&scans_id=110198&peptide_id=15270&scanf=23709&charge=3&value=13/44,sp|P35232|PHB1_HUMAN,/core/www/modules//consensus/?run_id=110202&search_id=114132&scans_id=110198&peptide_id=15270&scanf=23709&charge=3&value=sp|P35232|PHB1_HUMAN,4,/core/www/modules/match_peptides/blast_html4.php?run_id=110202&search_id=114132&scans_id=110198&peptide_id=15270&scanf=23709&charge=3&value=4,R.ILFRPVASQLPR.I,/core/www/modules/show_out/show_out_wrapper.php?run_id=110202&search_id=114132&scans_id=110198&peptide_id=15270&scanf=23709&charge=3&value=R.ILFRPVASQLPR.I,PHB1,5.787e+6,3.089,0.003,2.540,0.000
23712,2,"  2.042","  0.159",7/16,/core/www/modules//sdig/index.php?run_id=110202&search_id=114132&scans_id=110198&peptide_id=15274&scanf=23712&charge=2&value=7/16,sp|P19447|ERCC3_HUMAN,/core/www/modules//consensus/?run_id=110202&search_id=114132&scans_id=110198&peptide_id=15274&scanf=23712&charge=2&value=sp|P19447|ERCC3_HUMAN,2,/core/www/modules/match_peptides/blast_html4.php?run_id=110202&search_id=114132&scans_id=110198&peptide_id=15274&scanf=23712&charge=2&value=2,K.LGLTATLVR.E,/core/www/modules/show_out/show_out_wrapper.php?run_id=110202&search_id=114132&scans_id=110198&peptide_id=15274&scanf=23712&charge=2&value=K.LGLTATLVR.E,ERCC3,4.816e+6,1.939,0.128,0.893,0.006
23714,3,"  6.908","  0.625",29/72,/core/www/modules//sdig/index.php?run_id=110202&search_id=114132&scans_id=110198&peptide_id=15275&scanf=23714&charge=3&value=29/72,sp|Q99460|PSMD1_HUMAN,/core/www/modules//consensus/?run_id=110202&search_id=114132&scans_id=110198&peptide_id=15275&scanf=23714&charge=3&value=sp|Q99460|PSMD1_HUMAN,12,/core/www/modules/match_peptides/blast_html4.php?run_id=110202&search_id=114132&scans_id=110198&peptide_id=15275&scanf=23714&charge=3&value=12,K.NAQAIEDMVGYAQETQHEK.I,/core/www/modules/show_out/show_out_wrapper.php?run_id=110202&search_id=114132&scans_id=110198&peptide_id=15275&scanf=23714&charge=3&value=K.NAQAIEDMVGYAQETQHEK.I,PSMD1,1.922e+7,3.814,0.000,3.614,0.000
23716,2,"  2.254","  0.442",9/16,/core/www/modules//sdig/index.php?run_id=110202&search_id=114132&scans_id=110198&peptide_id=15277&scanf=23716&charge=2&value=9/16,sp|O43681|GET3_HUMAN,/core/www/modules//consensus/?run_id=110202&search_id=114132&scans_id=110198&peptide_id=15277&scanf=23716&charge=2&value=sp|O43681|GET3_HUMAN,0,/core/www/modules/match_peptides/blast_html4.php?run_id=110202&search_id=114132&scans_id=110198&peptide_id=15277&scanf=23716&charge=2&value=0,K.LEETLPVIR.S,/core/www/modules/show_out/show_out_wrapper.php?run_id=110202&search_id=114132&scans_id=110198&peptide_id=15277&scanf=23716&charge=2&value=K.LEETLPVIR.S,GET3,1.362e+7,2.937,0.005,2.315,0.000
23717,2,"  2.244","  0.401",11/12,/core/www/modules//sdig/index.php?run_id=110202&search_id=114132&scans_id=110198&peptide_id=15278&scanf=23717&charge=2&value=11/12,sp|P04908|H2A1B_HUMAN,/core/www/modules//consensus/?run_id=110202&search_id=114132&scans_id=110198&peptide_id=15278&scanf=23717&charge=2&value=sp|P04908|H2A1B_HUMAN,20,/core/www/modules/match_peptides/blast_html4.php?run_id=110202&search_id=114132&scans_id=110198&peptide_id=15278&scanf=23717&charge=2&value=20,R.HLQLAIR.N,/core/www/modules/show_out/show_out_wrapper.php?run_id=110202&search_id=114132&scans_id=110198&peptide_id=15278&scanf=23717&charge=2&value=R.HLQLAIR.N,H2AC8,1.860e+9,3.677,0.000,3.410,0.000
23719,2,"  2.162","  0.233",9/14,/core/www/modules//sdig/index.php?run_id=110202&search_id=114132&scans_id=110198&peptide_id=15280&scanf=23719&charge=2&value=9/14,sp|O15372|EIF3H_HUMAN,/core/www/modules//consensus/?run_id=110202&search_id=114132&scans_id=110198&peptide_id=15280&scanf=23719&charge=2&value=sp|O15372|EIF3H_HUMAN,2,/core/www/modules/match_peptides/blast_html4.php?run_id=110202&search_id=114132&scans_id=110198&peptide_id=15280&scanf=23719&charge=2&value=2,K.NLQLLMDR.V,/core/www/modules/show_out/show_out_wrapper.php?run_id=110202&search_id=114132&scans_id=110198&peptide_id=15280&scanf=23719&charge=2&value=K.NLQLLMDR.V,EIF3H,8.476e+6,2.354,0.034,1.464,0.001
23722,2,"  2.455","  0.456",11/18,/core/www/modules//sdig/index.php?run_id=110202&search_id=114132&scans_id=110198&peptide_id=15284&scanf=23722&charge=2&value=11/18,sp|A6NMY6|AXA2L_HUMAN,/core/www/modules//consensus/?run_id=110202&search_id=114132&scans_id=110198&peptide_id=15284&scanf=23722&charge=2&value=sp|A6NMY6|AXA2L_HUMAN,17,/core/www/modules/match_peptides/blast_html4.php?run_id=110202&search_id=114132&scans_id=110198&peptide_id=15284&scanf=23722&charge=2&value=17,R.DALNIETAIK.T,/core/www/modules/show_out/show_out_wrapper.php?run_id=110202&search_id=114132&scans_id=110198&peptide_id=15284&scanf=23722&charge=2&value=R.DALNIETAIK.T,ANXA2P2,6.433e+7,3.174,0.002,2.665,0.000
23724,2,"  2.713","  0.324",11/18,/core/www/modules//sdig/index.php?run_id=110202&search_id=114132&scans_id=110198&peptide_id=15286&scanf=23724&charge=2&value=11/18,sp|O14980|XPO1_HUMAN,/core/www/modules//consensus/?run_id=110202&search_id=114132&scans_id=110198&peptide_id=15286&scanf=23724&charge=2&value=sp|O14980|XPO1_HUMAN,12,/core/www/modules/match_peptides/blast_html4.php?run_id=110202&search_id=114132&scans_id=110198&peptide_id=15286&scanf=23724&charge=2&value=12,K.QMLPLNTNIR.L,/core/www/modules/show_out/show_out_wrapper.php?run_id=110202&search_id=114132&scans_id=110198&peptide_id=15286&scanf=23724&charge=2&value=K.QMLPLNTNIR.L,XPO1,1.306e+7,2.806,0.008,2.122,0.000
23727,2,"  4.710","  0.504",20/34,/core/www/modules//sdig/index.php?run_id=110202&search_id=114132&scans_id=110198&peptide_id=15289&scanf=23727&charge=2&value=20/34,sp|Q9UQ35|SRRM2_HUMAN,/core/www/modules//consensus/?run_id=110202&search_id=114132&scans_id=110198&peptide_id=15289&scanf=23727&charge=2&value=sp|Q9UQ35|SRRM2_HUMAN,0,/core/www/modules/match_peptides/blast_html4.php?run_id=110202&search_id=114132&scans_id=110198&peptide_id=15289&scanf=23727&charge=2&value=0,R.NSGPLGTEMNTGFSSEVK.E,/core/www/modules/show_out/show_out_wrapper.php?run_id=110202&search_id=114132&scans_id=110198&peptide_id=15289&scanf=23727&charge=2&value=R.NSGPLGTEMNTGFSSEVK.E,SRRM2,5.168e+6,3.133,0.002,2.605,0.000
23729,3,"  5.017","  0.616",15/56,/core/www/modules//sdig/index.php?run_id=110202&search_id=114132&scans_id=110198&peptide_id=15291&scanf=23729&charge=3&value=15/56,sp|P49959|MRE11_HUMAN,/core/www/modules//consensus/?run_id=110202&search_id=114132&scans_id=110198&peptide_id=15291&scanf=23729&charge=3&value=sp|P49959|MRE11_HUMAN,1,/core/www/modules/match_peptides/blast_html4.php?run_id=110202&search_id=114132&scans_id=110198&peptide_id=15291&scanf=23729&charge=3&value=1,R.GMGEAVQEFVDKEEK.D,/core/www/modules/show_out/show_out_wrapper.php?run_id=110202&search_id=114132&scans_id=110198&peptide_id=15291&scanf=23729&charge=3&value=R.GMGEAVQEFVDKEEK.D,MRE11,1.049e+7,3.296,0.001,2.846,0.000
23732,3,"  2.814","  0.635",18/56,/core/www/modules//sdig/index.php?run_id=110202&search_id=114132&scans_id=110198&peptide_id=15295&scanf=23732&charge=3&value=18/56,sp|P08670|VIME_HUMAN,/core/www/modules//consensus/?run_id=110202&search_id=114132&scans_id=110198&peptide_id=15295&scanf=23732&charge=3&value=sp|P08670|VIME_HUMAN,0,/core/www/modules/match_peptides/blast_html4.php?run_id=110202&search_id=114132&scans_id=110198&peptide_id=15295&scanf=23732&charge=3&value=0,R.ETNLDSLPLVDTHSK.R,/core/www/modules/show_out/show_out_wrapper.php?run_id=110202&search_id=114132&scans_id=110198&peptide_id=15295&scanf=23732&charge=3&value=R.ETNLDSLPLVDTHSK.R,VIM,1.173e+9,4.072,0.000,3.996,0.000
23736,2,"  2.223","  0.291",9/18,/core/www/modules//sdig/index.php?run_id=110202&search_id=114132&scans_id=110198&peptide_id=15298&scanf=23736&charge=2&value=9/18,sp|P21333|FLNA_HUMAN,/core/www/modules//consensus/?run_id=110202&search_id=114132&scans_id=110198&peptide_id=15298&scanf=23736&charge=2&value=sp|P21333|FLNA_HUMAN,2,/core/www/modules/match_peptides/blast_html4.php?run_id=110202&search_id=114132&scans_id=110198&peptide_id=15298&scanf=23736&charge=2&value=2,R.ENGVYLIDVK.F,/core/www/modules/show_out/show_out_wrapper.php?run_id=110202&search_id=114132&scans_id=110198&peptide_id=15298&scanf=23736&charge=2&value=R.ENGVYLIDVK.F,FLNA,1.135e+7,2.497,0.021,1.670,0.001
23740,3,"  2.596","  0.205",9/44,/core/www/modules//sdig/index.php?run_id=110202&search_id=114132&scans_id=110198&peptide_id=15303&scanf=23740&charge=3&value=9/44,sp|O60313|OPA1_HUMAN,/core/www/modules//consensus/?run_id=110202&search_id=114132&scans_id=110198&peptide_id=15303&scanf=23740&charge=3&value=sp|O60313|OPA1_HUMAN,4,/core/www/modules/match_peptides/blast_html4.php?run_id=110202&search_id=114132&scans_id=110198&peptide_id=15303&scanf=23740&charge=3&value=4,K.LDAFIEALHQEK.-,/core/www/modules/show_out/show_out_wrapper.php?run_id=110202&search_id=114132&scans_id=110198&peptide_id=15303&scanf=23740&charge=3&value=K.LDAFIEALHQEK.-,OPA1,3.530e+6,2.101,0.078,1.108,0.003
23742,2,"  1.654","  0.249",8/12,/core/www/modules//sdig/index.php?run_id=110202&search_id=114132&scans_id=110198&peptide_id=15305&scanf=23742&charge=2&value=8/12,sp|Q86YW9|MD12L_HUMAN,/core/www/modules//consensus/?run_id=110202&search_id=114132&scans_id=110198&peptide_id=15305&scanf=23742&charge=2&value=sp|Q86YW9|MD12L_HUMAN,11,/core/www/modules/match_peptides/blast_html4.php?run_id=110202&search_id=114132&scans_id=110198&peptide_id=15305&scanf=23742&charge=2&value=11,R.QLLPLPK.Q,/core/www/modules/show_out/show_out_wrapper.php?run_id=110202&search_id=114132&scans_id=110198&peptide_id=15305&scanf=23742&charge=2&value=R.QLLPLPK.Q,MED12L,4.724e+6,2.583,0.016,1.794,0.000
23743,3,"  3.499","  0.463",17/68,/core/www/modules//sdig/index.php?run_id=110202&search_id=114132&scans_id=110198&peptide_id=15306&scanf=23743&charge=3&value=17/68,sp|P17858|PFKAL_HUMAN,/core/www/modules//consensus/?run_id=110202&search_id=114132&scans_id=110198&peptide_id=15306&scanf=23743&charge=3&value=sp|P17858|PFKAL_HUMAN,0,/core/www/modules/match_peptides/blast_html4.php?run_id=110202&search_id=114132&scans_id=110198&peptide_id=15306&scanf=23743&charge=3&value=0,R.TNVLGHLQQGGAPTPFDR.N,/core/www/modules/show_out/show_out_wrapper.php?run_id=110202&search_id=114132&scans_id=110198&peptide_id=15306&scanf=23743&charge=3&value=R.TNVLGHLQQGGAPTPFDR.N,PFKL,1.918e+6,2.861,0.006,2.203,0.000
23754,2,"  1.504","  0.250",6/14,/core/www/modules//sdig/index.php?run_id=110202&search_id=114132&scans_id=110198&peptide_id=15318&scanf=23754&charge=2&value=6/14,sp|P51531|SMCA2_HUMAN,/core/www/modules//consensus/?run_id=110202&search_id=114132&scans_id=110198&peptide_id=15318&scanf=23754&charge=2&value=sp|P51531|SMCA2_HUMAN,28,/core/www/modules/match_peptides/blast_html4.php?run_id=110202&search_id=114132&scans_id=110198&peptide_id=15318&scanf=23754&charge=2&value=28,K.VLRPFLLR.R,/core/www/modules/show_out/show_out_wrapper.php?run_id=110202&search_id=114132&scans_id=110198&peptide_id=15318&scanf=23754&charge=2&value=K.VLRPFLLR.R,SMARCA2,1.390e+7,2.460,0.024,1.616,0.001
23756,2,"  2.139","  0.532",10/18,/core/www/modules//sdig/index.php?run_id=110202&search_id=114132&scans_id=110198&peptide_id=15319&scanf=23756&charge=2&value=10/18,sp|Q8IY81|SPB1_HUMAN,/core/www/modules//consensus/?run_id=110202&search_id=114132&scans_id=110198&peptide_id=15319&scanf=23756&charge=2&value=sp|Q8IY81|SPB1_HUMAN,0,/core/www/modules/match_peptides/blast_html4.php?run_id=110202&search_id=114132&scans_id=110198&peptide_id=15319&scanf=23756&charge=2&value=0,R.AANPVDFLSK.A,/core/www/modules/show_out/show_out_wrapper.php?run_id=110202&search_id=114132&scans_id=110198&peptide_id=15319&scanf=23756&charge=2&value=R.AANPVDFLSK.A,FTSJ3,6.352e+7,3.319,0.001,2.880,0.000
23759,2,"  1.511","  0.351",8/16,/core/www/modules//sdig/index.php?run_id=110202&search_id=114132&scans_id=110198&peptide_id=15322&scanf=23759&charge=2&value=8/16,sp|P41252|SYIC_HUMAN,/core/www/modules//consensus/?run_id=110202&search_id=114132&scans_id=110198&peptide_id=15322&scanf=23759&charge=2&value=sp|P41252|SYIC_HUMAN,10,/core/www/modules/match_peptides/blast_html4.php?run_id=110202&search_id=114132&scans_id=110198&peptide_id=15322&scanf=23759&charge=2&value=10,R.WIDFDNDYK.T,/core/www/modules/show_out/show_out_wrapper.php?run_id=110202&search_id=114132&scans_id=110198&peptide_id=15322&scanf=23759&charge=2&value=R.WIDFDNDYK.T,IARS1,5.040e+6,2.656,0.013,1.902,0.000
23761,2,"  1.831","  0.146",8/16,/core/www/modules//sdig/index.php?run_id=110202&search_id=114132&scans_id=110198&peptide_id=15325&scanf=23761&charge=2&value=8/16,sp|P43686|PRS6B_HUMAN,/core/www/modules//consensus/?run_id=110202&search_id=114132&scans_id=110198&peptide_id=15325&scanf=23761&charge=2&value=sp|P43686|PRS6B_HUMAN,0,/core/www/modules/match_peptides/blast_html4.php?run_id=110202&search_id=114132&scans_id=110198&peptide_id=15325&scanf=23761&charge=2&value=0,R.LIFSTITSK.M,/core/www/modules/show_out/show_out_wrapper.php?run_id=110202&search_id=114132&scans_id=110198&peptide_id=15325&scanf=23761&charge=2&value=R.LIFSTITSK.M,PSMC4,2.377e+7,2.006,0.105,0.981,0.005
23763,3,"  2.797","  0.356",6/72,/core/www/modules//sdig/index.php?run_id=110202&search_id=114132&scans_id=110198&peptide_id=15327&scanf=23763&charge=3&value=6/72,sp|O15042|SR140_HUMAN,/core/www/modules//consensus/?run_id=110202&search_id=114132&scans_id=110198&peptide_id=15327&scanf=23763&charge=3&value=sp|O15042|SR140_HUMAN,2,/core/www/modules/match_peptides/blast_html4.php?run_id=110202&search_id=114132&scans_id=110198&peptide_id=15327&scanf=23763&charge=3&value=2,K.SLDDDLDGVPLDATEDSKK.N,/core/www/modules/show_out/show_out_wrapper.php?run_id=110202&search_id=114132&scans_id=110198&peptide_id=15327&scanf=23763&charge=3&value=K.SLDDDLDGVPLDATEDSKK.N,U2SURP,7.682e+6,1.880,0.153,0.817,0.008
23765,4,"  4.798","  0.574",21/114,/core/www/modules//sdig/index.php?run_id=110202&search_id=114132&scans_id=110198&peptide_id=15329&scanf=23765&charge=4&value=21/114,sp|Q86U38|NOP9_HUMAN,/core/www/modules//consensus/?run_id=110202&search_id=114132&scans_id=110198&peptide_id=15329&scanf=23765&charge=4&value=sp|Q86U38|NOP9_HUMAN,0,/core/www/modules/match_peptides/blast_html4.php?run_id=110202&search_id=114132&scans_id=110198&peptide_id=15329&scanf=23765&charge=4&value=0,R.SEPAPDSHPHLSPEALGYFR.R,/core/www/modules/show_out/show_out_wrapper.php?run_id=110202&search_id=114132&scans_id=110198&peptide_id=15329&scanf=23765&charge=4&value=R.SEPAPDSHPHLSPEALGYFR.R,NOP9,5.348e+6,3.600,0.001,3.296,0.000
23770,4,"  9.028","  0.724",28/180,/core/www/modules//sdig/index.php?run_id=110202&search_id=114132&scans_id=110198&peptide_id=15334&scanf=23770&charge=4&value=28/180,sp|Q15366|PCBP2_HUMAN,/core/www/modules//consensus/?run_id=110202&search_id=114132&scans_id=110198&peptide_id=15334&scanf=23770&charge=4&value=sp|Q15366|PCBP2_HUMAN,3,/core/www/modules/match_peptides/blast_html4.php?run_id=110202&search_id=114132&scans_id=110198&peptide_id=15334&scanf=23770&charge=4&value=3,K.LHQLAMQQSHFPMTHGNTGFSGIESSSPEVK.G,/core/www/modules/show_out/show_out_wrapper.php?run_id=110202&search_id=114132&scans_id=110198&peptide_id=15334&scanf=23770&charge=4&value=K.LHQLAMQQSHFPMTHGNTGFSGIESSSPEVK.G,PCBP2,4.216e+6,3.848,0.000,3.665,0.000
23771,2,"  1.571","  0.424",8/12,/core/www/modules//sdig/index.php?run_id=110202&search_id=114132&scans_id=110198&peptide_id=15335&scanf=23771&charge=2&value=8/12,sp|Q9Y262|EIF3L_HUMAN,/core/www/modules//consensus/?run_id=110202&search_id=114132&scans_id=110198&peptide_id=15335&scanf=23771&charge=2&value=sp|Q9Y262|EIF3L_HUMAN,3,/core/www/modules/match_peptides/blast_html4.php?run_id=110202&search_id=114132&scans_id=110198&peptide_id=15335&scanf=23771&charge=2&value=3,R.YGDFFIR.Q,/core/www/modules/show_out/show_out_wrapper.php?run_id=110202&search_id=114132&scans_id=110198&peptide_id=15335&scanf=23771&charge=2&value=R.YGDFFIR.Q,EIF3L,8.429e+6,3.209,0.002,2.717,0.000
23775,3,"  2.127","  0.179",10/44,/core/www/modules//sdig/index.php?run_id=110202&search_id=114132&scans_id=110198&peptide_id=15339&scanf=23775&charge=3&value=10/44,sp|Q9Y6G9|DC1L1_HUMAN,/core/www/modules//consensus/?run_id=110202&search_id=114132&scans_id=110198&peptide_id=15339&scanf=23775&charge=3&value=sp|Q9Y6G9|DC1L1_HUMAN,1,/core/www/modules/match_peptides/blast_html4.php?run_id=110202&search_id=114132&scans_id=110198&peptide_id=15339&scanf=23775&charge=3&value=1,K.IGILHENFQTLK.A,/core/www/modules/show_out/show_out_wrapper.php?run_id=110202&search_id=114132&scans_id=110198&peptide_id=15339&scanf=23775&charge=3&value=K.IGILHENFQTLK.A,DYNC1LI1,2.712e+6,1.973,0.116,0.937,0.005
23779,2,"  2.914","  0.586",9/20,/core/www/modules//sdig/index.php?run_id=110202&search_id=114132&scans_id=110198&peptide_id=15342&scanf=23779&charge=2&value=9/20,tr|A0A0U1RQF0|A0A0U1RQF0_HUMAN,/core/www/modules//consensus/?run_id=110202&search_id=114132&scans_id=110198&peptide_id=15342&scanf=23779&charge=2&value=tr|A0A0U1RQF0|A0A0U1RQF0_HUMAN,1,/core/www/modules/match_peptides/blast_html4.php?run_id=110202&search_id=114132&scans_id=110198&peptide_id=15342&scanf=23779&charge=2&value=1,R.LQVVDQPLPVR.G,/core/www/modules/show_out/show_out_wrapper.php?run_id=110202&search_id=114132&scans_id=110198&peptide_id=15342&scanf=23779&charge=2&value=R.LQVVDQPLPVR.G,FASN,5.938e+6,2.953,0.005,2.338,0.000
23780,2,"  2.789","  0.416",12/20,/core/www/modules//sdig/index.php?run_id=110202&search_id=114132&scans_id=110198&peptide_id=15344&scanf=23780&charge=2&value=12/20,sp|P07195|LDHB_HUMAN,/core/www/modules//consensus/?run_id=110202&search_id=114132&scans_id=110198&peptide_id=15344&scanf=23780&charge=2&value=sp|P07195|LDHB_HUMAN,2,/core/www/modules/match_peptides/blast_html4.php?run_id=110202&search_id=114132&scans_id=110198&peptide_id=15344&scanf=23780&charge=2&value=2,K.MVVESAYEVIK.L,/core/www/modules/show_out/show_out_wrapper.php?run_id=110202&search_id=114132&scans_id=110198&peptide_id=15344&scanf=23780&charge=2&value=K.MVVESAYEVIK.L,LDHB,2.036e+7,2.983,0.004,2.383,0.000
23783,3,"  2.653","  0.401",13/48,/core/www/modules//sdig/index.php?run_id=110202&search_id=114132&scans_id=110198&peptide_id=15347&scanf=23783&charge=3&value=13/48,sp|Q15149|PLEC_HUMAN,/core/www/modules//consensus/?run_id=110202&search_id=114132&scans_id=110198&peptide_id=15347&scanf=23783&charge=3&value=sp|Q15149|PLEC_HUMAN,5,/core/www/modules/match_peptides/blast_html4.php?run_id=110202&search_id=114132&scans_id=110198&peptide_id=15347&scanf=23783&charge=3&value=5,K.AKLEQLFQDEVAK.A,/core/www/modules/show_out/show_out_wrapper.php?run_id=110202&search_id=114132&scans_id=110198&peptide_id=15347&scanf=23783&charge=3&value=K.AKLEQLFQDEVAK.A,PLEC,1.043e+7,3.069,0.003,2.510,0.000
23785,2,"  2.337","  0.159",11/20,/core/www/modules//sdig/index.php?run_id=110202&search_id=114132&scans_id=110198&peptide_id=15349&scanf=23785&charge=2&value=11/20,sp|P20339|RAB5A_HUMAN,/core/www/modules//consensus/?run_id=110202&search_id=114132&scans_id=110198&peptide_id=15349&scanf=23785&charge=2&value=sp|P20339|RAB5A_HUMAN,13,/core/www/modules/match_peptides/blast_html4.php?run_id=110202&search_id=114132&scans_id=110198&peptide_id=15349&scanf=23785&charge=2&value=13,K.LVLLGESAVGK.S,/core/www/modules/show_out/show_out_wrapper.php?run_id=110202&search_id=114132&scans_id=110198&peptide_id=15349&scanf=23785&charge=2&value=K.LVLLGESAVGK.S,RAB5A,3.178e+7,2.000,0.106,0.973,0.005
23786,2,"  1.607","  0.000",8/12,/core/www/modules//sdig/index.php?run_id=110202&search_id=114132&scans_id=110198&peptide_id=15350&scanf=23786&charge=2&value=8/12,sp|P09651|ROA1_HUMAN,/core/www/modules//consensus/?run_id=110202&search_id=114132&scans_id=110198&peptide_id=15350&scanf=23786&charge=2&value=sp|P09651|ROA1_HUMAN,0,/core/www/modules/match_peptides/blast_html4.php?run_id=110202&search_id=114132&scans_id=110198&peptide_id=15350&scanf=23786&charge=2&value=0,K.IFVGGIK.E,/core/www/modules/show_out/show_out_wrapper.php?run_id=110202&search_id=114132&scans_id=110198&peptide_id=15350&scanf=23786&charge=2&value=K.IFVGGIK.E,HNRNPA1,9.192e+6,2.443,0.026,1.591,0.001
23790,2,"  2.781","  0.565",10/26,/core/www/modules//sdig/index.php?run_id=110202&search_id=114132&scans_id=110198&peptide_id=15355&scanf=23790&charge=2&value=10/26,sp|Q92925|SMRD2_HUMAN,/core/www/modules//consensus/?run_id=110202&search_id=114132&scans_id=110198&peptide_id=15355&scanf=23790&charge=2&value=sp|Q92925|SMRD2_HUMAN,6,/core/www/modules/match_peptides/blast_html4.php?run_id=110202&search_id=114132&scans_id=110198&peptide_id=15355&scanf=23790&charge=2&value=6,R.LLVPQAQPPMPAQR.R,/core/www/modules/show_out/show_out_wrapper.php?run_id=110202&search_id=114132&scans_id=110198&peptide_id=15355&scanf=23790&charge=2&value=R.LLVPQAQPPMPAQR.R,SMARCD2,7.295e+6,3.052,0.003,2.485,0.000
23791,2,"  2.861","  0.494",13/22,/core/www/modules//sdig/index.php?run_id=110202&search_id=114132&scans_id=110198&peptide_id=15356&scanf=23791&charge=2&value=13/22,sp|P62753|RS6_HUMAN,/core/www/modules//consensus/?run_id=110202&search_id=114132&scans_id=110198&peptide_id=15356&scanf=23791&charge=2&value=sp|P62753|RS6_HUMAN,1,/core/www/modules/match_peptides/blast_html4.php?run_id=110202&search_id=114132&scans_id=110198&peptide_id=15356&scanf=23791&charge=2&value=1,K.DIPGLTDTTVPR.R,/core/www/modules/show_out/show_out_wrapper.php?run_id=110202&search_id=114132&scans_id=110198&peptide_id=15356&scanf=23791&charge=2&value=K.DIPGLTDTTVPR.R,RPS6,1.731e+8,3.031,0.004,2.454,0.000
23793,2,"  4.294","  0.116",18/28,/core/www/modules//sdig/index.php?run_id=110202&search_id=114132&scans_id=110198&peptide_id=15358&scanf=23793&charge=2&value=18/28,sp|P62829|RL23_HUMAN,/core/www/modules//consensus/?run_id=110202&search_id=114132&scans_id=110198&peptide_id=15358&scanf=23793&charge=2&value=sp|P62829|RL23_HUMAN,3,/core/www/modules/match_peptides/blast_html4.php?run_id=110202&search_id=114132&scans_id=110198&peptide_id=15358&scanf=23793&charge=2&value=3,R.LPAAGVGDM*VMATVK.K,/core/www/modules/show_out/show_out_wrapper.php?run_id=110202&search_id=114132&scans_id=110198&peptide_id=15358&scanf=23793&charge=2&value=R.LPAAGVGDM*VMATVK.K,RPL23,1.450e+7,3.903,0.000,3.745,0.000
23794,2,"  3.014","  0.530",13/24,/core/www/modules//sdig/index.php?run_id=110202&search_id=114132&scans_id=110198&peptide_id=15359&scanf=23794&charge=2&value=13/24,sp|Q15149|PLEC_HUMAN,/core/www/modules//consensus/?run_id=110202&search_id=114132&scans_id=110198&peptide_id=15359&scanf=23794&charge=2&value=sp|Q15149|PLEC_HUMAN,5,/core/www/modules/match_peptides/blast_html4.php?run_id=110202&search_id=114132&scans_id=110198&peptide_id=15359&scanf=23794&charge=2&value=5,R.SQVMDEATALQLR.E,/core/www/modules/show_out/show_out_wrapper.php?run_id=110202&search_id=114132&scans_id=110198&peptide_id=15359&scanf=23794&charge=2&value=R.SQVMDEATALQLR.E,PLEC,1.585e+7,3.602,0.001,3.299,0.000
23798,3,"  2.558","  0.427",14/60,/core/www/modules//sdig/index.php?run_id=110202&search_id=114132&scans_id=110198&peptide_id=15362&scanf=23798&charge=3&value=14/60,sp|P62736|ACTA_HUMAN,/core/www/modules//consensus/?run_id=110202&search_id=114132&scans_id=110198&peptide_id=15362&scanf=23798&charge=3&value=sp|P62736|ACTA_HUMAN,8,/core/www/modules/match_peptides/blast_html4.php?run_id=110202&search_id=114132&scans_id=110198&peptide_id=15362&scanf=23798&charge=3&value=8,K.YPIEHGIITNWDDM*EK.I,/core/www/modules/show_out/show_out_wrapper.php?run_id=110202&search_id=114132&scans_id=110198&peptide_id=15362&scanf=23798&charge=3&value=K.YPIEHGIITNWDDM*EK.I,ACTA2,2.732e+8,2.779,0.008,2.082,0.000
23799,2,"  2.504","  0.495",13/22,/core/www/modules//sdig/index.php?run_id=110202&search_id=114132&scans_id=110198&peptide_id=15363&scanf=23799&charge=2&value=13/22,sp|Q9Y230|RUVB2_HUMAN,/core/www/modules//consensus/?run_id=110202&search_id=114132&scans_id=110198&peptide_id=15363&scanf=23799&charge=2&value=sp|Q9Y230|RUVB2_HUMAN,1,/core/www/modules/match_peptides/blast_html4.php?run_id=110202&search_id=114132&scans_id=110198&peptide_id=15363&scanf=23799&charge=2&value=1,R.LLIVSTTPYSEK.D,/core/www/modules/show_out/show_out_wrapper.php?run_id=110202&search_id=114132&scans_id=110198&peptide_id=15363&scanf=23799&charge=2&value=R.LLIVSTTPYSEK.D,RUVBL2,2.607e+7,3.210,0.002,2.719,0.000
23800,2,"  2.209","  0.446",9/14,/core/www/modules//sdig/index.php?run_id=110202&search_id=114132&scans_id=110198&peptide_id=15365&scanf=23800&charge=2&value=9/14,sp|P19338|NUCL_HUMAN,/core/www/modules//consensus/?run_id=110202&search_id=114132&scans_id=110198&peptide_id=15365&scanf=23800&charge=2&value=sp|P19338|NUCL_HUMAN,8,/core/www/modules/match_peptides/blast_html4.php?run_id=110202&search_id=114132&scans_id=110198&peptide_id=15365&scanf=23800&charge=2&value=8,K.GIAYIEFK.T,/core/www/modules/show_out/show_out_wrapper.php?run_id=110202&search_id=114132&scans_id=110198&peptide_id=15365&scanf=23800&charge=2&value=K.GIAYIEFK.T,NCL,6.968e+8,3.420,0.001,3.030,0.000
23802,2,"  1.830","  0.437",7/12,/core/www/modules//sdig/index.php?run_id=110202&search_id=114132&scans_id=110198&peptide_id=15367&scanf=23802&charge=2&value=7/12,sp|Q09028|RBBP4_HUMAN,/core/www/modules//consensus/?run_id=110202&search_id=114132&scans_id=110198&peptide_id=15367&scanf=23802&charge=2&value=sp|Q09028|RBBP4_HUMAN,7,/core/www/modules/match_peptides/blast_html4.php?run_id=110202&search_id=114132&scans_id=110198&peptide_id=15367&scanf=23802&charge=2&value=7,K.LMIWDTR.S,/core/www/modules/show_out/show_out_wrapper.php?run_id=110202&search_id=114132&scans_id=110198&peptide_id=15367&scanf=23802&charge=2&value=K.LMIWDTR.S,RBBP4,5.231e+7,3.095,0.003,2.548,0.000
23806,3,"  2.934","  0.376",15/56,/core/www/modules//sdig/index.php?run_id=110202&search_id=114132&scans_id=110198&peptide_id=15371&scanf=23806&charge=3&value=15/56,sp|Q13330|MTA1_HUMAN,/core/www/modules//consensus/?run_id=110202&search_id=114132&scans_id=110198&peptide_id=15371&scanf=23806&charge=3&value=sp|Q13330|MTA1_HUMAN,1,/core/www/modules/match_peptides/blast_html4.php?run_id=110202&search_id=114132&scans_id=110198&peptide_id=15371&scanf=23806&charge=3&value=1,R.LETQVWEAHNPLTDK.Q,/core/www/modules/show_out/show_out_wrapper.php?run_id=110202&search_id=114132&scans_id=110198&peptide_id=15371&scanf=23806&charge=3&value=R.LETQVWEAHNPLTDK.Q,MTA1,2.377e+7,2.717,0.010,1.992,0.000
23811,2,"  3.606","  0.583",10/22,/core/www/modules//sdig/index.php?run_id=110202&search_id=114132&scans_id=110198&peptide_id=15377&scanf=23811&charge=2&value=10/22,sp|P08758|ANXA5_HUMAN,/core/www/modules//consensus/?run_id=110202&search_id=114132&scans_id=110198&peptide_id=15377&scanf=23811&charge=2&value=sp|P08758|ANXA5_HUMAN,3,/core/www/modules/match_peptides/blast_html4.php?run_id=110202&search_id=114132&scans_id=110198&peptide_id=15377&scanf=23811&charge=2&value=3,R.GTVTDFPGFDER.A,/core/www/modules/show_out/show_out_wrapper.php?run_id=110202&search_id=114132&scans_id=110198&peptide_id=15377&scanf=23811&charge=2&value=R.GTVTDFPGFDER.A,ANXA5,6.502e+6,3.171,0.002,2.661,0.000
23813,2,"  2.564","  0.549",10/18,/core/www/modules//sdig/index.php?run_id=110202&search_id=114132&scans_id=110198&peptide_id=15379&scanf=23813&charge=2&value=10/18,sp|Q9H2P0|ADNP_HUMAN,/core/www/modules//consensus/?run_id=110202&search_id=114132&scans_id=110198&peptide_id=15379&scanf=23813&charge=2&value=sp|Q9H2P0|ADNP_HUMAN,2,/core/www/modules/match_peptides/blast_html4.php?run_id=110202&search_id=114132&scans_id=110198&peptide_id=15379&scanf=23813&charge=2&value=2,K.VPAVANYIMK.I,/core/www/modules/show_out/show_out_wrapper.php?run_id=110202&search_id=114132&scans_id=110198&peptide_id=15379&scanf=23813&charge=2&value=K.VPAVANYIMK.I,ADNP,8.654e+6,3.347,0.001,2.921,0.000
23816,2,"  4.507","  0.684",18/30,/core/www/modules//sdig/index.php?run_id=110202&search_id=114132&scans_id=110198&peptide_id=15382&scanf=23816&charge=2&value=18/30,sp|O60664|PLIN3_HUMAN,/core/www/modules//consensus/?run_id=110202&search_id=114132&scans_id=110198&peptide_id=15382&scanf=23816&charge=2&value=sp|O60664|PLIN3_HUMAN,2,/core/www/modules/match_peptides/blast_html4.php?run_id=110202&search_id=114132&scans_id=110198&peptide_id=15382&scanf=23816&charge=2&value=2,R.TLTAAAVSGAQPILSK.L,/core/www/modules/show_out/show_out_wrapper.php?run_id=110202&search_id=114132&scans_id=110198&peptide_id=15382&scanf=23816&charge=2&value=R.TLTAAAVSGAQPILSK.L,PLIN3,7.424e+6,3.755,0.000,3.526,0.000
23819,2,"  3.457","  0.693",16/22,/core/www/modules//sdig/index.php?run_id=110202&search_id=114132&scans_id=110198&peptide_id=15384&scanf=23819&charge=2&value=16/22,sp|P17844|DDX5_HUMAN,/core/www/modules//consensus/?run_id=110202&search_id=114132&scans_id=110198&peptide_id=15384&scanf=23819&charge=2&value=sp|P17844|DDX5_HUMAN,9,/core/www/modules/match_peptides/blast_html4.php?run_id=110202&search_id=114132&scans_id=110198&peptide_id=15384&scanf=23819&charge=2&value=9,K.APILIATDVASR.G,/core/www/modules/show_out/show_out_wrapper.php?run_id=110202&search_id=114132&scans_id=110198&peptide_id=15384&scanf=23819&charge=2&value=K.APILIATDVASR.G,DDX5,4.105e+8,4.177,0.000,4.151,0.000
23820,2,"  2.901","  0.544",12/20,/core/www/modules//sdig/index.php?run_id=110202&search_id=114132&scans_id=110198&peptide_id=15386&scanf=23820&charge=2&value=12/20,sp|P09874|PARP1_HUMAN,/core/www/modules//consensus/?run_id=110202&search_id=114132&scans_id=110198&peptide_id=15386&scanf=23820&charge=2&value=sp|P09874|PARP1_HUMAN,0,/core/www/modules/match_peptides/blast_html4.php?run_id=110202&search_id=114132&scans_id=110198&peptide_id=15386&scanf=23820&charge=2&value=0,K.AMVEYEIDLQK.M,/core/www/modules/show_out/show_out_wrapper.php?run_id=110202&search_id=114132&scans_id=110198&peptide_id=15386&scanf=23820&charge=2&value=K.AMVEYEIDLQK.M,PARP1,1.556e+7,3.526,0.001,3.186,0.000
23821,3,"  1.935","  0.439",16/44,/core/www/modules//sdig/index.php?run_id=110202&search_id=114132&scans_id=110198&peptide_id=15387&scanf=23821&charge=3&value=16/44,sp|Q52LJ0|FA98B_HUMAN,/core/www/modules//consensus/?run_id=110202&search_id=114132&scans_id=110198&peptide_id=15387&scanf=23821&charge=3&value=sp|Q52LJ0|FA98B_HUMAN,0,/core/www/modules/match_peptides/blast_html4.php?run_id=110202&search_id=114132&scans_id=110198&peptide_id=15387&scanf=23821&charge=3&value=0,K.TTITMAHLLAAR.E,/core/www/modules/show_out/show_out_wrapper.php?run_id=110202&search_id=114132&scans_id=110198&peptide_id=15387&scanf=23821&charge=3&value=K.TTITMAHLLAAR.E,FAM98B,1.246e+7,3.057,0.003,2.492,0.000
23824,2,"  2.248","  0.432",9/12,/core/www/modules//sdig/index.php?run_id=110202&search_id=114132&scans_id=110198&peptide_id=15390&scanf=23824&charge=2&value=9/12,sp|Q6P2Q9|PRP8_HUMAN,/core/www/modules//consensus/?run_id=110202&search_id=114132&scans_id=110198&peptide_id=15390&scanf=23824&charge=2&value=sp|Q6P2Q9|PRP8_HUMAN,0,/core/www/modules/match_peptides/blast_html4.php?run_id=110202&search_id=114132&scans_id=110198&peptide_id=15390&scanf=23824&charge=2&value=0,K.FGDLILK.A,/core/www/modules/show_out/show_out_wrapper.php?run_id=110202&search_id=114132&scans_id=110198&peptide_id=15390&scanf=23824&charge=2&value=K.FGDLILK.A,PRPF8,6.138e+7,3.678,0.000,3.412,0.000
23825,3,"  2.979","  0.344",14/36,/core/www/modules//sdig/index.php?run_id=110202&search_id=114132&scans_id=110198&peptide_id=15391&scanf=23825&charge=3&value=14/36,sp|O95573|ACSL3_HUMAN,/core/www/modules//consensus/?run_id=110202&search_id=114132&scans_id=110198&peptide_id=15391&scanf=23825&charge=3&value=sp|O95573|ACSL3_HUMAN,8,/core/www/modules/match_peptides/blast_html4.php?run_id=110202&search_id=114132&scans_id=110198&peptide_id=15391&scanf=23825&charge=3&value=8,K.LKDIVSLVPR.L,/core/www/modules/show_out/show_out_wrapper.php?run_id=110202&search_id=114132&scans_id=110198&peptide_id=15391&scanf=23825&charge=3&value=K.LKDIVSLVPR.L,ACSL3,8.403e+6,2.637,0.013,1.874,0.000
23827,3,"  4.565","  0.593",14/68,/core/www/modules//sdig/index.php?run_id=110202&search_id=114132&scans_id=110198&peptide_id=15393&scanf=23827&charge=3&value=14/68,sp|P62736|ACTA_HUMAN,/core/www/modules//consensus/?run_id=110202&search_id=114132&scans_id=110198&peptide_id=15393&scanf=23827&charge=3&value=sp|P62736|ACTA_HUMAN,8,/core/www/modules/match_peptides/blast_html4.php?run_id=110202&search_id=114132&scans_id=110198&peptide_id=15393&scanf=23827&charge=3&value=8,R.VAPEEHPTLLTEAPLNPK.A,/core/www/modules/show_out/show_out_wrapper.php?run_id=110202&search_id=114132&scans_id=110198&peptide_id=15393&scanf=23827&charge=3&value=R.VAPEEHPTLLTEAPLNPK.A,ACTA2,7.157e+6,3.329,0.001,2.895,0.000
23829,2,"  1.709","  0.230",7/14,/core/www/modules//sdig/index.php?run_id=110202&search_id=114132&scans_id=110198&peptide_id=15395&scanf=23829&charge=2&value=7/14,sp|P07858|CATB_HUMAN,/core/www/modules//consensus/?run_id=110202&search_id=114132&scans_id=110198&peptide_id=15395&scanf=23829&charge=2&value=sp|P07858|CATB_HUMAN,10,/core/www/modules/match_peptides/blast_html4.php?run_id=110202&search_id=114132&scans_id=110198&peptide_id=15395&scanf=23829&charge=2&value=10,K.DIMAEIYK.N,/core/www/modules/show_out/show_out_wrapper.php?run_id=110202&search_id=114132&scans_id=110198&peptide_id=15395&scanf=23829&charge=2&value=K.DIMAEIYK.N,CTSB,6.780e+6,2.210,0.055,1.260,0.002
23830,3,"  3.506","  0.463",13/48,/core/www/modules//sdig/index.php?run_id=110202&search_id=114132&scans_id=110198&peptide_id=15397&scanf=23830&charge=3&value=13/48,sp|Q99798|ACON_HUMAN,/core/www/modules//consensus/?run_id=110202&search_id=114132&scans_id=110198&peptide_id=15397&scanf=23830&charge=3&value=sp|Q99798|ACON_HUMAN,7,/core/www/modules/match_peptides/blast_html4.php?run_id=110202&search_id=114132&scans_id=110198&peptide_id=15397&scanf=23830&charge=3&value=7,K.FRLEAPDADELPK.G,/core/www/modules/show_out/show_out_wrapper.php?run_id=110202&search_id=114132&scans_id=110198&peptide_id=15397&scanf=23830&charge=3&value=K.FRLEAPDADELPK.G,ACO2,3.530e+6,2.728,0.010,2.008,0.000
23831,3,"  3.826","  0.386",11/48,/core/www/modules//sdig/index.php?run_id=110202&search_id=114132&scans_id=110198&peptide_id=15398&scanf=23831&charge=3&value=11/48,sp|Q9H7D7|WDR26_HUMAN,/core/www/modules//consensus/?run_id=110202&search_id=114132&scans_id=110198&peptide_id=15398&scanf=23831&charge=3&value=sp|Q9H7D7|WDR26_HUMAN,4,/core/www/modules/match_peptides/blast_html4.php?run_id=110202&search_id=114132&scans_id=110198&peptide_id=15398&scanf=23831&charge=3&value=4,R.SELPIAELTGHTR.T,/core/www/modules/show_out/show_out_wrapper.php?run_id=110202&search_id=114132&scans_id=110198&peptide_id=15398&scanf=23831&charge=3&value=R.SELPIAELTGHTR.T,WDR26,4.123e+6,2.750,0.009,2.040,0.000
23833,2,"  1.991","  0.390",7/22,/core/www/modules//sdig/index.php?run_id=110202&search_id=114132&scans_id=110198&peptide_id=15400&scanf=23833&charge=2&value=7/22,sp|O43488|ARK72_HUMAN,/core/www/modules//consensus/?run_id=110202&search_id=114132&scans_id=110198&peptide_id=15400&scanf=23833&charge=2&value=sp|O43488|ARK72_HUMAN,1,/core/www/modules/match_peptides/blast_html4.php?run_id=110202&search_id=114132&scans_id=110198&peptide_id=15400&scanf=23833&charge=2&value=1,R.VASVLGTMEMGR.R,/core/www/modules/show_out/show_out_wrapper.php?run_id=110202&search_id=114132&scans_id=110198&peptide_id=15400&scanf=23833&charge=2&value=R.VASVLGTMEMGR.R,AKR7A2,5.005e+6,2.240,0.050,1.301,0.002
23841,4,"  2.579","  0.395",14/96,/core/www/modules//sdig/index.php?run_id=110202&search_id=114132&scans_id=110198&peptide_id=15408&scanf=23841&charge=4&value=14/96,sp|Q9Y230|RUVB2_HUMAN,/core/www/modules//consensus/?run_id=110202&search_id=114132&scans_id=110198&peptide_id=15408&scanf=23841&charge=4&value=sp|Q9Y230|RUVB2_HUMAN,1,/core/www/modules/match_peptides/blast_html4.php?run_id=110202&search_id=114132&scans_id=110198&peptide_id=15408&scanf=23841&charge=4&value=1,K.EVVHTVSLHEIDVINSR.T,/core/www/modules/show_out/show_out_wrapper.php?run_id=110202&search_id=114132&scans_id=110198&peptide_id=15408&scanf=23841&charge=4&value=K.EVVHTVSLHEIDVINSR.T,RUVBL2,1.756e+7,2.996,0.004,2.402,0.000
23842,2,"  3.198","  0.488",13/26,/core/www/modules//sdig/index.php?run_id=110202&search_id=114132&scans_id=110198&peptide_id=15409&scanf=23842&charge=2&value=13/26,sp|Q15393|SF3B3_HUMAN,/core/www/modules//consensus/?run_id=110202&search_id=114132&scans_id=110198&peptide_id=15409&scanf=23842&charge=2&value=sp|Q15393|SF3B3_HUMAN,0,/core/www/modules/match_peptides/blast_html4.php?run_id=110202&search_id=114132&scans_id=110198&peptide_id=15409&scanf=23842&charge=2&value=0,R.TVLDPVTGDLSDTR.T,/core/www/modules/show_out/show_out_wrapper.php?run_id=110202&search_id=114132&scans_id=110198&peptide_id=15409&scanf=23842&charge=2&value=R.TVLDPVTGDLSDTR.T,SF3B3,2.937e+7,3.066,0.003,2.505,0.000
23843,3,"  5.251","  0.667",21/68,/core/www/modules//sdig/index.php?run_id=110202&search_id=114132&scans_id=110198&peptide_id=15410&scanf=23843&charge=3&value=21/68,sp|O96019|ACL6A_HUMAN,/core/www/modules//consensus/?run_id=110202&search_id=114132&scans_id=110198&peptide_id=15410&scanf=23843&charge=3&value=sp|O96019|ACL6A_HUMAN,1,/core/www/modules/match_peptides/blast_html4.php?run_id=110202&search_id=114132&scans_id=110198&peptide_id=15410&scanf=23843&charge=3&value=1,K.SEASLHPVLM*SEAPWNTR.A,/core/www/modules/show_out/show_out_wrapper.php?run_id=110202&search_id=114132&scans_id=110198&peptide_id=15410&scanf=23843&charge=3&value=K.SEASLHPVLM*SEAPWNTR.A,ACTL6A,6.301e+6,3.745,0.000,3.511,0.000
23846,2,"  1.558","  0.320",8/18,/core/www/modules//sdig/index.php?run_id=110202&search_id=114132&scans_id=110198&peptide_id=15413&scanf=23846&charge=2&value=8/18,sp|Q8IY17|PLPL6_HUMAN,/core/www/modules//consensus/?run_id=110202&search_id=114132&scans_id=110198&peptide_id=15413&scanf=23846&charge=2&value=sp|Q8IY17|PLPL6_HUMAN,3,/core/www/modules/match_peptides/blast_html4.php?run_id=110202&search_id=114132&scans_id=110198&peptide_id=15413&scanf=23846&charge=2&value=3,R.LFPSPGLPTR.T,/core/www/modules/show_out/show_out_wrapper.php?run_id=110202&search_id=114132&scans_id=110198&peptide_id=15413&scanf=23846&charge=2&value=R.LFPSPGLPTR.T,PNPLA6,5.327e+6,2.360,0.034,1.472,0.001
23847,2,"  2.816","  0.543",11/16,/core/www/modules//sdig/index.php?run_id=110202&search_id=114132&scans_id=110198&peptide_id=15414&scanf=23847&charge=2&value=11/16,sp|Q9P2J5|SYLC_HUMAN,/core/www/modules//consensus/?run_id=110202&search_id=114132&scans_id=110198&peptide_id=15414&scanf=23847&charge=2&value=sp|Q9P2J5|SYLC_HUMAN,7,/core/www/modules/match_peptides/blast_html4.php?run_id=110202&search_id=114132&scans_id=110198&peptide_id=15414&scanf=23847&charge=2&value=7,R.FDDPLLGPR.R,/core/www/modules/show_out/show_out_wrapper.php?run_id=110202&search_id=114132&scans_id=110198&peptide_id=15414&scanf=23847&charge=2&value=R.FDDPLLGPR.R,LARS1,2.288e+7,3.667,0.000,3.396,0.000
23848,3,"  7.791","  0.664",22/80,/core/www/modules//sdig/index.php?run_id=110202&search_id=114132&scans_id=110198&peptide_id=15415&scanf=23848&charge=3&value=22/80,sp|Q7L014|DDX46_HUMAN,/core/www/modules//consensus/?run_id=110202&search_id=114132&scans_id=110198&peptide_id=15415&scanf=23848&charge=3&value=sp|Q7L014|DDX46_HUMAN,2,/core/www/modules/match_peptides/blast_html4.php?run_id=110202&search_id=114132&scans_id=110198&peptide_id=15415&scanf=23848&charge=3&value=2,K.HGYEKPTPIQTQAIPAIMSGR.D,/core/www/modules/show_out/show_out_wrapper.php?run_id=110202&search_id=114132&scans_id=110198&peptide_id=15415&scanf=23848&charge=3&value=K.HGYEKPTPIQTQAIPAIMSGR.D,DDX46,8.579e+6,3.801,0.000,3.594,0.000
23849,3,"  3.194","  0.491",14/52,/core/www/modules//sdig/index.php?run_id=110202&search_id=114132&scans_id=110198&peptide_id=15416&scanf=23849&charge=3&value=14/52,sp|O75643|U520_HUMAN,/core/www/modules//consensus/?run_id=110202&search_id=114132&scans_id=110198&peptide_id=15416&scanf=23849&charge=3&value=sp|O75643|U520_HUMAN,1,/core/www/modules/match_peptides/blast_html4.php?run_id=110202&search_id=114132&scans_id=110198&peptide_id=15416&scanf=23849&charge=3&value=1,K.HINMDGTINVDDFK.I,/core/www/modules/show_out/show_out_wrapper.php?run_id=110202&search_id=114132&scans_id=110198&peptide_id=15416&scanf=23849&charge=3&value=K.HINMDGTINVDDFK.I,SNRNP200,4.108e+7,3.303,0.001,2.857,0.000
23850,3,"  3.926","  0.543",15/76,/core/www/modules//sdig/index.php?run_id=110202&search_id=114132&scans_id=110198&peptide_id=15418&scanf=23850&charge=3&value=15/76,sp|Q86U38|NOP9_HUMAN,/core/www/modules//consensus/?run_id=110202&search_id=114132&scans_id=110198&peptide_id=15418&scanf=23850&charge=3&value=sp|Q86U38|NOP9_HUMAN,0,/core/www/modules/match_peptides/blast_html4.php?run_id=110202&search_id=114132&scans_id=110198&peptide_id=15418&scanf=23850&charge=3&value=0,R.SEPAPDSHPHLSPEALGYFR.R,/core/www/modules/show_out/show_out_wrapper.php?run_id=110202&search_id=114132&scans_id=110198&peptide_id=15418&scanf=23850&charge=3&value=R.SEPAPDSHPHLSPEALGYFR.R,NOP9,3.148e+6,3.022,0.004,2.441,0.000
23852,3,"  2.117","  0.144",8/44,/core/www/modules//sdig/index.php?run_id=110202&search_id=114132&scans_id=110198&peptide_id=15420&scanf=23852&charge=3&value=8/44,sp|Q9NTJ3|SMC4_HUMAN,/core/www/modules//consensus/?run_id=110202&search_id=114132&scans_id=110198&peptide_id=15420&scanf=23852&charge=3&value=sp|Q9NTJ3|SMC4_HUMAN,6,/core/www/modules/match_peptides/blast_html4.php?run_id=110202&search_id=114132&scans_id=110198&peptide_id=15420&scanf=23852&charge=3&value=6,R.LMITHIVNQNFK.S,/core/www/modules/show_out/show_out_wrapper.php?run_id=110202&search_id=114132&scans_id=110198&peptide_id=15420&scanf=23852&charge=3&value=R.LMITHIVNQNFK.S,SMC4,6.485e+6,1.853,0.165,0.784,0.009
23854,3,"  3.558","  0.481",18/48,/core/www/modules//sdig/index.php?run_id=110202&search_id=114132&scans_id=110198&peptide_id=15422&scanf=23854&charge=3&value=18/48,sp|P07741|APT_HUMAN,/core/www/modules//consensus/?run_id=110202&search_id=114132&scans_id=110198&peptide_id=15422&scanf=23854&charge=3&value=sp|P07741|APT_HUMAN,4,/core/www/modules/match_peptides/blast_html4.php?run_id=110202&search_id=114132&scans_id=110198&peptide_id=15422&scanf=23854&charge=3&value=4,R.DISPVLKDPASFR.A,/core/www/modules/show_out/show_out_wrapper.php?run_id=110202&search_id=114132&scans_id=110198&peptide_id=15422&scanf=23854&charge=3&value=R.DISPVLKDPASFR.A,APRT,9.936e+6,2.989,0.004,2.391,0.000
23857,2,"  2.553","  0.000",9/18,/core/www/modules//sdig/index.php?run_id=110202&search_id=114132&scans_id=110198&peptide_id=15425&scanf=23857&charge=2&value=9/18,sp|P01889|HLAB_HUMAN,/core/www/modules//consensus/?run_id=110202&search_id=114132&scans_id=110198&peptide_id=15425&scanf=23857&charge=2&value=sp|P01889|HLAB_HUMAN,3,/core/www/modules/match_peptides/blast_html4.php?run_id=110202&search_id=114132&scans_id=110198&peptide_id=15425&scanf=23857&charge=2&value=3,K.DYIALNEDLR.S,/core/www/modules/show_out/show_out_wrapper.php?run_id=110202&search_id=114132&scans_id=110198&peptide_id=15425&scanf=23857&charge=2&value=K.DYIALNEDLR.S,HLA-B,5.923e+6,3.061,0.003,2.499,0.000
23861,2,"  3.145","  0.671",13/20,/core/www/modules//sdig/index.php?run_id=110202&search_id=114132&scans_id=110198&peptide_id=15429&scanf=23861&charge=2&value=13/20,sp|Q9NR30|DDX21_HUMAN,/core/www/modules//consensus/?run_id=110202&search_id=114132&scans_id=110198&peptide_id=15429&scanf=23861&charge=2&value=sp|Q9NR30|DDX21_HUMAN,4,/core/www/modules/match_peptides/blast_html4.php?run_id=110202&search_id=114132&scans_id=110198&peptide_id=15429&scanf=23861&charge=2&value=4,R.APQVLVLAPTR.E,/core/www/modules/show_out/show_out_wrapper.php?run_id=110202&search_id=114132&scans_id=110198&peptide_id=15429&scanf=23861&charge=2&value=R.APQVLVLAPTR.E,DDX21,1.171e+8,4.032,0.000,3.937,0.000
23863,2,"  1.743","  0.168",10/12,/core/www/modules//sdig/index.php?run_id=110202&search_id=114132&scans_id=110198&peptide_id=15431&scanf=23863&charge=2&value=10/12,sp|Q8ND82|Z280C_HUMAN,/core/www/modules//consensus/?run_id=110202&search_id=114132&scans_id=110198&peptide_id=15431&scanf=23863&charge=2&value=sp|Q8ND82|Z280C_HUMAN,1,/core/www/modules/match_peptides/blast_html4.php?run_id=110202&search_id=114132&scans_id=110198&peptide_id=15431&scanf=23863&charge=2&value=1,K.FLGVIVK.S,/core/www/modules/show_out/show_out_wrapper.php?run_id=110202&search_id=114132&scans_id=110198&peptide_id=15431&scanf=23863&charge=2&value=K.FLGVIVK.S,ZNF280C,6.273e+6,2.537,0.019,1.728,0.000
23864,3,"  2.773","  0.473",13/56,/core/www/modules//sdig/index.php?run_id=110202&search_id=114132&scans_id=110198&peptide_id=15432&scanf=23864&charge=3&value=13/56,sp|Q6PL18|ATAD2_HUMAN,/core/www/modules//consensus/?run_id=110202&search_id=114132&scans_id=110198&peptide_id=15432&scanf=23864&charge=3&value=sp|Q6PL18|ATAD2_HUMAN,0,/core/www/modules/match_peptides/blast_html4.php?run_id=110202&search_id=114132&scans_id=110198&peptide_id=15432&scanf=23864&charge=3&value=0,R.FDSVGGLSNHIAALK.E,/core/www/modules/show_out/show_out_wrapper.php?run_id=110202&search_id=114132&scans_id=110198&peptide_id=15432&scanf=23864&charge=3&value=R.FDSVGGLSNHIAALK.E,ATAD2,1.162e+7,2.962,0.004,2.352,0.000
23865,3,"  3.353","  0.509",13/76,/core/www/modules//sdig/index.php?run_id=110202&search_id=114132&scans_id=110198&peptide_id=15433&scanf=23865&charge=3&value=13/76,sp|P35998|PRS7_HUMAN,/core/www/modules//consensus/?run_id=110202&search_id=114132&scans_id=110198&peptide_id=15433&scanf=23865&charge=3&value=sp|P35998|PRS7_HUMAN,1,/core/www/modules/match_peptides/blast_html4.php?run_id=110202&search_id=114132&scans_id=110198&peptide_id=15433&scanf=23865&charge=3&value=1,K.VLMATNRPDTLDPALMRPGR.L,/core/www/modules/show_out/show_out_wrapper.php?run_id=110202&search_id=114132&scans_id=110198&peptide_id=15433&scanf=23865&charge=3&value=K.VLMATNRPDTLDPALMRPGR.L,PSMC2,4.490e+6,2.887,0.006,2.241,0.000
23867,2,"  2.281","  0.278",8/14,/core/www/modules//sdig/index.php?run_id=110202&search_id=114132&scans_id=110198&peptide_id=15435&scanf=23867&charge=2&value=8/14,sp|Q96JH7|VCIP1_HUMAN,/core/www/modules//consensus/?run_id=110202&search_id=114132&scans_id=110198&peptide_id=15435&scanf=23867&charge=2&value=sp|Q96JH7|VCIP1_HUMAN,0,/core/www/modules/match_peptides/blast_html4.php?run_id=110202&search_id=114132&scans_id=110198&peptide_id=15435&scanf=23867&charge=2&value=0,K.LLSPILAR.Y,/core/www/modules/show_out/show_out_wrapper.php?run_id=110202&search_id=114132&scans_id=110198&peptide_id=15435&scanf=23867&charge=2&value=K.LLSPILAR.Y,VCPIP1,4.333e+6,2.522,0.020,1.706,0.000
23868,3,"  4.697","  0.735",28/92,/core/www/modules//sdig/index.php?run_id=110202&search_id=114132&scans_id=110198&peptide_id=15436&scanf=23868&charge=3&value=28/92,sp|Q8TCT9|HM13_HUMAN,/core/www/modules//consensus/?run_id=110202&search_id=114132&scans_id=110198&peptide_id=15436&scanf=23868&charge=3&value=sp|Q8TCT9|HM13_HUMAN,1,/core/www/modules/match_peptides/blast_html4.php?run_id=110202&search_id=114132&scans_id=110198&peptide_id=15436&scanf=23868&charge=3&value=1,K.GEVTEMFSYEESNPKDPAAVTESK.E,/core/www/modules/show_out/show_out_wrapper.php?run_id=110202&search_id=114132&scans_id=110198&peptide_id=15436&scanf=23868&charge=3&value=K.GEVTEMFSYEESNPKDPAAVTESK.E,HM13,1.833e+6,3.345,0.001,2.919,0.000
23870,3,"  3.390","  0.469",14/48,/core/www/modules//sdig/index.php?run_id=110202&search_id=114132&scans_id=110198&peptide_id=15439&scanf=23870&charge=3&value=14/48,sp|P22314|UBA1_HUMAN,/core/www/modules//consensus/?run_id=110202&search_id=114132&scans_id=110198&peptide_id=15439&scanf=23870&charge=3&value=sp|P22314|UBA1_HUMAN,1,/core/www/modules/match_peptides/blast_html4.php?run_id=110202&search_id=114132&scans_id=110198&peptide_id=15439&scanf=23870&charge=3&value=1,K.ATLPSPDKLPGFK.M,/core/www/modules/show_out/show_out_wrapper.php?run_id=110202&search_id=114132&scans_id=110198&peptide_id=15439&scanf=23870&charge=3&value=K.ATLPSPDKLPGFK.M,UBA1,1.263e+7,2.860,0.006,2.202,0.000
23873,2,"  1.612","  0.181",10/20,/core/www/modules//sdig/index.php?run_id=110202&search_id=114132&scans_id=110198&peptide_id=15442&scanf=23873&charge=2&value=10/20,sp|P0DMV8|HS71A_HUMAN,/core/www/modules//consensus/?run_id=110202&search_id=114132&scans_id=110198&peptide_id=15442&scanf=23873&charge=2&value=sp|P0DMV8|HS71A_HUMAN,5,/core/www/modules/match_peptides/blast_html4.php?run_id=110202&search_id=114132&scans_id=110198&peptide_id=15442&scanf=23873&charge=2&value=5,K.NALESYAFNMK.S,/core/www/modules/show_out/show_out_wrapper.php?run_id=110202&search_id=114132&scans_id=110198&peptide_id=15442&scanf=23873&charge=2&value=K.NALESYAFNMK.S,HSPA1A,9.493e+6,2.004,0.105,0.977,0.005
23876,3,"  2.672","  0.501",16/44,/core/www/modules//sdig/index.php?run_id=110202&search_id=114132&scans_id=110198&peptide_id=15445&scanf=23876&charge=3&value=16/44,sp|Q9NX08|COMD8_HUMAN,/core/www/modules//consensus/?run_id=110202&search_id=114132&scans_id=110198&peptide_id=15445&scanf=23876&charge=3&value=sp|Q9NX08|COMD8_HUMAN,0,/core/www/modules/match_peptides/blast_html4.php?run_id=110202&search_id=114132&scans_id=110198&peptide_id=15445&scanf=23876&charge=3&value=0,K.LPAELGPQLLHK.I,/core/www/modules/show_out/show_out_wrapper.php?run_id=110202&search_id=114132&scans_id=110198&peptide_id=15445&scanf=23876&charge=3&value=K.LPAELGPQLLHK.I,COMMD8,5.996e+6,3.281,0.001,2.824,0.000
23877,3,"  6.782","  0.685",24/76,/core/www/modules//sdig/index.php?run_id=110202&search_id=114132&scans_id=110198&peptide_id=15446&scanf=23877&charge=3&value=24/76,sp|Q15459|SF3A1_HUMAN,/core/www/modules//consensus/?run_id=110202&search_id=114132&scans_id=110198&peptide_id=15446&scanf=23877&charge=3&value=sp|Q15459|SF3A1_HUMAN,1,/core/www/modules/match_peptides/blast_html4.php?run_id=110202&search_id=114132&scans_id=110198&peptide_id=15446&scanf=23877&charge=3&value=1,R.TQQAAQANITLQEQIEAIHK.A,/core/www/modules/show_out/show_out_wrapper.php?run_id=110202&search_id=114132&scans_id=110198&peptide_id=15446&scanf=23877&charge=3&value=R.TQQAAQANITLQEQIEAIHK.A,SF3A1,7.890e+6,3.876,0.000,3.706,0.000
23880,3,"  4.981","  0.662",22/96,/core/www/modules//sdig/index.php?run_id=110202&search_id=114132&scans_id=110198&peptide_id=15450&scanf=23880&charge=3&value=22/96,sp|P84022|SMAD3_HUMAN,/core/www/modules//consensus/?run_id=110202&search_id=114132&scans_id=110198&peptide_id=15450&scanf=23880&charge=3&value=sp|P84022|SMAD3_HUMAN,3,/core/www/modules/match_peptides/blast_html4.php?run_id=110202&search_id=114132&scans_id=110198&peptide_id=15450&scanf=23880&charge=3&value=3,R.VGETFHASQPSMTVDGFTDPSNSER.F,/core/www/modules/show_out/show_out_wrapper.php?run_id=110202&search_id=114132&scans_id=110198&peptide_id=15450&scanf=23880&charge=3&value=R.VGETFHASQPSMTVDGFTDPSNSER.F,SMAD3,2.469e+6,3.284,0.001,2.829,0.000
23883,2,"  3.958","  0.664",17/26,/core/www/modules//sdig/index.php?run_id=110202&search_id=114132&scans_id=110198&peptide_id=15452&scanf=23883&charge=2&value=17/26,sp|O96019|ACL6A_HUMAN,/core/www/modules//consensus/?run_id=110202&search_id=114132&scans_id=110198&peptide_id=15452&scanf=23883&charge=2&value=sp|O96019|ACL6A_HUMAN,2,/core/www/modules/match_peptides/blast_html4.php?run_id=110202&search_id=114132&scans_id=110198&peptide_id=15452&scanf=23883&charge=2&value=2,K.QGGPTYYIDTNALR.V,/core/www/modules/show_out/show_out_wrapper.php?run_id=110202&search_id=114132&scans_id=110198&peptide_id=15452&scanf=23883&charge=2&value=K.QGGPTYYIDTNALR.V,ACTL6A,4.697e+7,3.867,0.000,3.693,0.000
23884,2,"  2.054","  0.130",8/12,/core/www/modules//sdig/index.php?run_id=110202&search_id=114132&scans_id=110198&peptide_id=15453&scanf=23884&charge=2&value=8/12,sp|Q9NQ55|SSF1_HUMAN,/core/www/modules//consensus/?run_id=110202&search_id=114132&scans_id=110198&peptide_id=15453&scanf=23884&charge=2&value=sp|Q9NQ55|SSF1_HUMAN,4,/core/www/modules/match_peptides/blast_html4.php?run_id=110202&search_id=114132&scans_id=110198&peptide_id=15453&scanf=23884&charge=2&value=4,R.MTLQLIK.V,/core/www/modules/show_out/show_out_wrapper.php?run_id=110202&search_id=114132&scans_id=110198&peptide_id=15453&scanf=23884&charge=2&value=R.MTLQLIK.V,PPAN,2.203e+7,2.204,0.056,1.250,0.002
23885,2,"  2.393","  0.417",10/18,/core/www/modules//sdig/index.php?run_id=110202&search_id=114132&scans_id=110198&peptide_id=15454&scanf=23885&charge=2&value=10/18,sp|Q9UN81|LORF1_HUMAN,/core/www/modules//consensus/?run_id=110202&search_id=114132&scans_id=110198&peptide_id=15454&scanf=23885&charge=2&value=sp|Q9UN81|LORF1_HUMAN,0,/core/www/modules/match_peptides/blast_html4.php?run_id=110202&search_id=114132&scans_id=110198&peptide_id=15454&scanf=23885&charge=2&value=0,K.LSFISEGEIK.Y,/core/www/modules/show_out/show_out_wrapper.php?run_id=110202&search_id=114132&scans_id=110198&peptide_id=15454&scanf=23885&charge=2&value=K.LSFISEGEIK.Y,L1RE1,1.226e+7,2.931,0.005,2.307,0.000
23886,2,"  1.979","  0.396",8/14,/core/www/modules//sdig/index.php?run_id=110202&search_id=114132&scans_id=110198&peptide_id=15455&scanf=23886&charge=2&value=8/14,sp|Q99460|PSMD1_HUMAN,/core/www/modules//consensus/?run_id=110202&search_id=114132&scans_id=110198&peptide_id=15455&scanf=23886&charge=2&value=sp|Q99460|PSMD1_HUMAN,12,/core/www/modules/match_peptides/blast_html4.php?run_id=110202&search_id=114132&scans_id=110198&peptide_id=15455&scanf=23886&charge=2&value=12,R.DNLEWLAR.A,/core/www/modules/show_out/show_out_wrapper.php?run_id=110202&search_id=114132&scans_id=110198&peptide_id=15455&scanf=23886&charge=2&value=R.DNLEWLAR.A,PSMD1,1.543e+7,2.842,0.007,2.175,0.000
23888,2,"  4.507","  0.700",22/26,/core/www/modules//sdig/index.php?run_id=110202&search_id=114132&scans_id=110198&peptide_id=15457&scanf=23888&charge=2&value=22/26,sp|O75643|U520_HUMAN,/core/www/modules//consensus/?run_id=110202&search_id=114132&scans_id=110198&peptide_id=15457&scanf=23888&charge=2&value=sp|O75643|U520_HUMAN,1,/core/www/modules/match_peptides/blast_html4.php?run_id=110202&search_id=114132&scans_id=110198&peptide_id=15457&scanf=23888&charge=2&value=1,K.HINMDGTINVDDFK.I,/core/www/modules/show_out/show_out_wrapper.php?run_id=110202&search_id=114132&scans_id=110198&peptide_id=15457&scanf=23888&charge=2&value=K.HINMDGTINVDDFK.I,SNRNP200,3.895e+7,4.508,0.000,4.642,0.000
23889,3,"  3.912","  0.450",15/68,/core/www/modules//sdig/index.php?run_id=110202&search_id=114132&scans_id=110198&peptide_id=15458&scanf=23889&charge=3&value=15/68,sp|Q9Y3D3|RT16_HUMAN,/core/www/modules//consensus/?run_id=110202&search_id=114132&scans_id=110198&peptide_id=15458&scanf=23889&charge=3&value=sp|Q9Y3D3|RT16_HUMAN,1,/core/www/modules/match_peptides/blast_html4.php?run_id=110202&search_id=114132&scans_id=110198&peptide_id=15458&scanf=23889&charge=3&value=1,R.FVEQLGSYDPLPNSHGEK.L,/core/www/modules/show_out/show_out_wrapper.php?run_id=110202&search_id=114132&scans_id=110198&peptide_id=15458&scanf=23889&charge=3&value=R.FVEQLGSYDPLPNSHGEK.L,MRPS16,3.913e+6,2.783,0.008,2.088,0.000
23893,2,"  3.116","  0.568",14/24,/core/www/modules//sdig/index.php?run_id=110202&search_id=114132&scans_id=110198&peptide_id=15463&scanf=23893&charge=2&value=14/24,sp|Q02880|TOP2B_HUMAN,/core/www/modules//consensus/?run_id=110202&search_id=114132&scans_id=110198&peptide_id=15463&scanf=23893&charge=2&value=sp|Q02880|TOP2B_HUMAN,2,/core/www/modules/match_peptides/blast_html4.php?run_id=110202&search_id=114132&scans_id=110198&peptide_id=15463&scanf=23893&charge=2&value=2,K.LQLEETMPSPYGR.R,/core/www/modules/show_out/show_out_wrapper.php?run_id=110202&search_id=114132&scans_id=110198&peptide_id=15463&scanf=23893&charge=2&value=K.LQLEETMPSPYGR.R,TOP2B,8.579e+6,3.442,0.001,3.062,0.000
23894,3,"  1.982","  0.158",11/44,/core/www/modules//sdig/index.php?run_id=110202&search_id=114132&scans_id=110198&peptide_id=15464&scanf=23894&charge=3&value=11/44,sp|Q13813|SPTN1_HUMAN,/core/www/modules//consensus/?run_id=110202&search_id=114132&scans_id=110198&peptide_id=15464&scanf=23894&charge=3&value=sp|Q13813|SPTN1_HUMAN,2,/core/www/modules/match_peptides/blast_html4.php?run_id=110202&search_id=114132&scans_id=110198&peptide_id=15464&scanf=23894&charge=3&value=2,K.REELITNWEQIR.T,/core/www/modules/show_out/show_out_wrapper.php?run_id=110202&search_id=114132&scans_id=110198&peptide_id=15464&scanf=23894&charge=3&value=K.REELITNWEQIR.T,SPTAN1,8.707e+6,1.859,0.162,0.791,0.008
23895,2,"  2.272","  0.327",7/14,/core/www/modules//sdig/index.php?run_id=110202&search_id=114132&scans_id=110198&peptide_id=15465&scanf=23895&charge=2&value=7/14,sp|P61764|STXB1_HUMAN,/core/www/modules//consensus/?run_id=110202&search_id=114132&scans_id=110198&peptide_id=15465&scanf=23895&charge=2&value=sp|P61764|STXB1_HUMAN,6,/core/www/modules/match_peptides/blast_html4.php?run_id=110202&search_id=114132&scans_id=110198&peptide_id=15465&scanf=23895&charge=2&value=6,R.SQLLILDR.G,/core/www/modules/show_out/show_out_wrapper.php?run_id=110202&search_id=114132&scans_id=110198&peptide_id=15465&scanf=23895&charge=2&value=R.SQLLILDR.G,STXBP1,4.983e+6,2.535,0.019,1.725,0.000
23896,2,"  1.364","  0.283",6/12,/core/www/modules//sdig/index.php?run_id=110202&search_id=114132&scans_id=110198&peptide_id=15466&scanf=23896&charge=2&value=6/12,sp|Q8IXB1|DJC10_HUMAN,/core/www/modules//consensus/?run_id=110202&search_id=114132&scans_id=110198&peptide_id=15466&scanf=23896&charge=2&value=sp|Q8IXB1|DJC10_HUMAN,3,/core/www/modules/match_peptides/blast_html4.php?run_id=110202&search_id=114132&scans_id=110198&peptide_id=15466&scanf=23896&charge=2&value=3,R.ALLPELR.R,/core/www/modules/show_out/show_out_wrapper.php?run_id=110202&search_id=114132&scans_id=110198&peptide_id=15466&scanf=23896&charge=2&value=R.ALLPELR.R,DNAJC10,1.257e+7,2.414,0.028,1.550,0.001
23897,2,"  1.555","  0.317",8/16,/core/www/modules//sdig/index.php?run_id=110202&search_id=114132&scans_id=110198&peptide_id=15467&scanf=23897&charge=2&value=8/16,sp|Q9UKJ3|GPTC8_HUMAN,/core/www/modules//consensus/?run_id=110202&search_id=114132&scans_id=110198&peptide_id=15467&scanf=23897&charge=2&value=sp|Q9UKJ3|GPTC8_HUMAN,1,/core/www/modules/match_peptides/blast_html4.php?run_id=110202&search_id=114132&scans_id=110198&peptide_id=15467&scanf=23897&charge=2&value=1,R.TDPIPIVVK.Y,/core/www/modules/show_out/show_out_wrapper.php?run_id=110202&search_id=114132&scans_id=110198&peptide_id=15467&scanf=23897&charge=2&value=R.TDPIPIVVK.Y,GPATCH8,4.882e+6,2.469,0.023,1.630,0.001
23903,2,"  2.100","  0.217",11/16,/core/www/modules//sdig/index.php?run_id=110202&search_id=114132&scans_id=110198&peptide_id=15473&scanf=23903&charge=2&value=11/16,sp|Q15019|SEPT2_HUMAN,/core/www/modules//consensus/?run_id=110202&search_id=114132&scans_id=110198&peptide_id=15473&scanf=23903&charge=2&value=sp|Q15019|SEPT2_HUMAN,4,/core/www/modules/match_peptides/blast_html4.php?run_id=110202&search_id=114132&scans_id=110198&peptide_id=15473&scanf=23903&charge=2&value=4,K.VNIVPVIAK.A,/core/www/modules/show_out/show_out_wrapper.php?run_id=110202&search_id=114132&scans_id=110198&peptide_id=15473&scanf=23903&charge=2&value=K.VNIVPVIAK.A,SEPTIN2,2.024e+7,2.463,0.024,1.620,0.001
23905,2,"  2.183","  0.312",9/16,/core/www/modules//sdig/index.php?run_id=110202&search_id=114132&scans_id=110198&peptide_id=15475&scanf=23905&charge=2&value=9/16,sp|P55884|EIF3B_HUMAN,/core/www/modules//consensus/?run_id=110202&search_id=114132&scans_id=110198&peptide_id=15475&scanf=23905&charge=2&value=sp|P55884|EIF3B_HUMAN,0,/core/www/modules/match_peptides/blast_html4.php?run_id=110202&search_id=114132&scans_id=110198&peptide_id=15475&scanf=23905&charge=2&value=0,R.VTLMQLPTR.Q,/core/www/modules/show_out/show_out_wrapper.php?run_id=110202&search_id=114132&scans_id=110198&peptide_id=15475&scanf=23905&charge=2&value=R.VTLMQLPTR.Q,EIF3B,3.182e+7,2.630,0.014,1.864,0.000
23906,3,"  3.140","  0.547",16/60,/core/www/modules//sdig/index.php?run_id=110202&search_id=114132&scans_id=110198&peptide_id=15476&scanf=23906&charge=3&value=16/60,sp|P18583|SON_HUMAN,/core/www/modules//consensus/?run_id=110202&search_id=114132&scans_id=110198&peptide_id=15476&scanf=23906&charge=3&value=sp|P18583|SON_HUMAN,0,/core/www/modules/match_peptides/blast_html4.php?run_id=110202&search_id=114132&scans_id=110198&peptide_id=15476&scanf=23906&charge=3&value=0,K.SHDDGNIDLESDSFLK.F,/core/www/modules/show_out/show_out_wrapper.php?run_id=110202&search_id=114132&scans_id=110198&peptide_id=15476&scanf=23906&charge=3&value=K.SHDDGNIDLESDSFLK.F,SON,1.632e+7,3.359,0.001,2.939,0.000
23907,3,"  3.410","  0.502",13/60,/core/www/modules//sdig/index.php?run_id=110202&search_id=114132&scans_id=110198&peptide_id=15477&scanf=23907&charge=3&value=13/60,sp|Q13263|TIF1B_HUMAN,/core/www/modules//consensus/?run_id=110202&search_id=114132&scans_id=110198&peptide_id=15477&scanf=23907&charge=3&value=sp|Q13263|TIF1B_HUMAN,1,/core/www/modules/match_peptides/blast_html4.php?run_id=110202&search_id=114132&scans_id=110198&peptide_id=15477&scanf=23907&charge=3&value=1,K.LTEDKADVQSIIGLQR.F,/core/www/modules/show_out/show_out_wrapper.php?run_id=110202&search_id=114132&scans_id=110198&peptide_id=15477&scanf=23907&charge=3&value=K.LTEDKADVQSIIGLQR.F,TRIM28,1.054e+7,2.764,0.009,2.061,0.000
23908,2,"  1.939","  0.351",8/12,/core/www/modules//sdig/index.php?run_id=110202&search_id=114132&scans_id=110198&peptide_id=15478&scanf=23908&charge=2&value=8/12,sp|O00541|PESC_HUMAN,/core/www/modules//consensus/?run_id=110202&search_id=114132&scans_id=110198&peptide_id=15478&scanf=23908&charge=2&value=sp|O00541|PESC_HUMAN,3,/core/www/modules/match_peptides/blast_html4.php?run_id=110202&search_id=114132&scans_id=110198&peptide_id=15478&scanf=23908&charge=2&value=3,R.LAIMMMK.K,/core/www/modules/show_out/show_out_wrapper.php?run_id=110202&search_id=114132&scans_id=110198&peptide_id=15478&scanf=23908&charge=2&value=R.LAIMMMK.K,PES1,7.742e+6,2.962,0.004,2.352,0.000
23909,2,"  2.857","  0.433",12/22,/core/www/modules//sdig/index.php?run_id=110202&search_id=114132&scans_id=110198&peptide_id=15479&scanf=23909&charge=2&value=12/22,sp|P35580|MYH10_HUMAN,/core/www/modules//consensus/?run_id=110202&search_id=114132&scans_id=110198&peptide_id=15479&scanf=23909&charge=2&value=sp|P35580|MYH10_HUMAN,3,/core/www/modules/match_peptides/blast_html4.php?run_id=110202&search_id=114132&scans_id=110198&peptide_id=15479&scanf=23909&charge=2&value=3,K.EQADFAVEALAK.A,/core/www/modules/show_out/show_out_wrapper.php?run_id=110202&search_id=114132&scans_id=110198&peptide_id=15479&scanf=23909&charge=2&value=K.EQADFAVEALAK.A,MYH10,5.566e+6,2.962,0.004,2.352,0.000
23910,3,"  3.111","  0.197",6/56,/core/www/modules//sdig/index.php?run_id=110202&search_id=114132&scans_id=110198&peptide_id=15481&scanf=23910&charge=3&value=6/56,sp|Q9NYL9|TMOD3_HUMAN,/core/www/modules//consensus/?run_id=110202&search_id=114132&scans_id=110198&peptide_id=15481&scanf=23910&charge=3&value=sp|Q9NYL9|TMOD3_HUMAN,2,/core/www/modules/match_peptides/blast_html4.php?run_id=110202&search_id=114132&scans_id=110198&peptide_id=15481&scanf=23910&charge=3&value=2,K.ENDAHLVEVNLNNIK.N,/core/www/modules/show_out/show_out_wrapper.php?run_id=110202&search_id=114132&scans_id=110198&peptide_id=15481&scanf=23910&charge=3&value=K.ENDAHLVEVNLNNIK.N,TMOD3,9.813e+6,1.867,0.158,0.801,0.008
23912,2,"  2.862","  0.544",15/24,/core/www/modules//sdig/index.php?run_id=110202&search_id=114132&scans_id=110198&peptide_id=15483&scanf=23912&charge=2&value=15/24,sp|Q4G0J3|LARP7_HUMAN,/core/www/modules//consensus/?run_id=110202&search_id=114132&scans_id=110198&peptide_id=15483&scanf=23912&charge=2&value=sp|Q4G0J3|LARP7_HUMAN,13,/core/www/modules/match_peptides/blast_html4.php?run_id=110202&search_id=114132&scans_id=110198&peptide_id=15483&scanf=23912&charge=2&value=13,R.SSAVVELDLEGTR.I,/core/www/modules/show_out/show_out_wrapper.php?run_id=110202&search_id=114132&scans_id=110198&peptide_id=15483&scanf=23912&charge=2&value=R.SSAVVELDLEGTR.I,LARP7,6.402e+6,3.260,0.002,2.793,0.000
23913,2,"  3.561","  0.644",18/32,/core/www/modules//sdig/index.php?run_id=110202&search_id=114132&scans_id=110198&peptide_id=15484&scanf=23913&charge=2&value=18/32,sp|Q9UQ35|SRRM2_HUMAN,/core/www/modules//consensus/?run_id=110202&search_id=114132&scans_id=110198&peptide_id=15484&scanf=23913&charge=2&value=sp|Q9UQ35|SRRM2_HUMAN,3,/core/www/modules/match_peptides/blast_html4.php?run_id=110202&search_id=114132&scans_id=110198&peptide_id=15484&scanf=23913&charge=2&value=3,R.SSTGPEPPAPTPLLAER.H,/core/www/modules/show_out/show_out_wrapper.php?run_id=110202&search_id=114132&scans_id=110198&peptide_id=15484&scanf=23913&charge=2&value=R.SSTGPEPPAPTPLLAER.H,SRRM2,2.250e+7,3.604,0.000,3.302,0.000
23915,3,"  3.473","  0.491",16/48,/core/www/modules//sdig/index.php?run_id=110202&search_id=114132&scans_id=110198&peptide_id=15486&scanf=23915&charge=3&value=16/48,sp|O94826|TOM70_HUMAN,/core/www/modules//consensus/?run_id=110202&search_id=114132&scans_id=110198&peptide_id=15486&scanf=23915&charge=3&value=sp|O94826|TOM70_HUMAN,0,/core/www/modules/match_peptides/blast_html4.php?run_id=110202&search_id=114132&scans_id=110198&peptide_id=15486&scanf=23915&charge=3&value=0,K.NREPLMPSPQFIK.S,/core/www/modules/show_out/show_out_wrapper.php?run_id=110202&search_id=114132&scans_id=110198&peptide_id=15486&scanf=23915&charge=3&value=K.NREPLMPSPQFIK.S,TOMM70,4.567e+6,2.893,0.006,2.250,0.000
23917,3,"  7.315","  0.552",21/80,/core/www/modules//sdig/index.php?run_id=110202&search_id=114132&scans_id=110198&peptide_id=15488&scanf=23917&charge=3&value=21/80,sp|Q15149|PLEC_HUMAN,/core/www/modules//consensus/?run_id=110202&search_id=114132&scans_id=110198&peptide_id=15488&scanf=23917&charge=3&value=sp|Q15149|PLEC_HUMAN,4,/core/www/modules/match_peptides/blast_html4.php?run_id=110202&search_id=114132&scans_id=110198&peptide_id=15488&scanf=23917&charge=3&value=4,R.LQEDKEQMAQQLAEETQGFQR.T,/core/www/modules/show_out/show_out_wrapper.php?run_id=110202&search_id=114132&scans_id=110198&peptide_id=15488&scanf=23917&charge=3&value=R.LQEDKEQMAQQLAEETQGFQR.T,PLEC,6.878e+6,3.519,0.001,3.177,0.000
23918,3,"  2.176","  0.293",11/36,/core/www/modules//sdig/index.php?run_id=110202&search_id=114132&scans_id=110198&peptide_id=15489&scanf=23918&charge=3&value=11/36,sp|O43809|CPSF5_HUMAN,/core/www/modules//consensus/?run_id=110202&search_id=114132&scans_id=110198&peptide_id=15489&scanf=23918&charge=3&value=sp|O43809|CPSF5_HUMAN,1,/core/www/modules/match_peptides/blast_html4.php?run_id=110202&search_id=114132&scans_id=110198&peptide_id=15489&scanf=23918&charge=3&value=1,K.KLFLVQLQEK.A,/core/www/modules/show_out/show_out_wrapper.php?run_id=110202&search_id=114132&scans_id=110198&peptide_id=15489&scanf=23918&charge=3&value=K.KLFLVQLQEK.A,NUDT21,5.315e+6,2.271,0.045,1.346,0.002
23921,2,"  1.775","  0.181",8/14,/core/www/modules//sdig/index.php?run_id=110202&search_id=114132&scans_id=110198&peptide_id=15493&scanf=23921&charge=2&value=8/14,sp|Q12872|SFSWA_HUMAN,/core/www/modules//consensus/?run_id=110202&search_id=114132&scans_id=110198&peptide_id=15493&scanf=23921&charge=2&value=sp|Q12872|SFSWA_HUMAN,0,/core/www/modules/match_peptides/blast_html4.php?run_id=110202&search_id=114132&scans_id=110198&peptide_id=15493&scanf=23921&charge=2&value=0,R.NSQFDFLR.F,/core/www/modules/show_out/show_out_wrapper.php?run_id=110202&search_id=114132&scans_id=110198&peptide_id=15493&scanf=23921&charge=2&value=R.NSQFDFLR.F,SFSWAP,3.447e+6,2.170,0.062,1.204,0.002
23924,2,"  2.647","  0.000",12/22,/core/www/modules//sdig/index.php?run_id=110202&search_id=114132&scans_id=110198&peptide_id=15495&scanf=23924&charge=2&value=12/22,sp|P55072|TERA_HUMAN,/core/www/modules//consensus/?run_id=110202&search_id=114132&scans_id=110198&peptide_id=15495&scanf=23924&charge=2&value=sp|P55072|TERA_HUMAN,5,/core/www/modules/match_peptides/blast_html4.php?run_id=110202&search_id=114132&scans_id=110198&peptide_id=15495&scanf=23924&charge=2&value=5,R.GILLYGPPGTGK.T,/core/www/modules/show_out/show_out_wrapper.php?run_id=110202&search_id=114132&scans_id=110198&peptide_id=15495&scanf=23924&charge=2&value=R.GILLYGPPGTGK.T,VCP,1.225e+8,3.545,0.001,3.215,0.000
23925,3,"  2.486","  0.563",14/56,/core/www/modules//sdig/index.php?run_id=110202&search_id=114132&scans_id=110198&peptide_id=15496&scanf=23925&charge=3&value=14/56,sp|Q00839|HNRPU_HUMAN,/core/www/modules//consensus/?run_id=110202&search_id=114132&scans_id=110198&peptide_id=15496&scanf=23925&charge=3&value=sp|Q00839|HNRPU_HUMAN,11,/core/www/modules/match_peptides/blast_html4.php?run_id=110202&search_id=114132&scans_id=110198&peptide_id=15496&scanf=23925&charge=3&value=11,R.NFILDQTNVSAAAQR.R,/core/www/modules/show_out/show_out_wrapper.php?run_id=110202&search_id=114132&scans_id=110198&peptide_id=15496&scanf=23925&charge=3&value=R.NFILDQTNVSAAAQR.R,HNRNPU,1.253e+8,3.326,0.001,2.890,0.000
23926,2,"  4.171","  0.653",16/26,/core/www/modules//sdig/index.php?run_id=110202&search_id=114132&scans_id=110198&peptide_id=15497&scanf=23926&charge=2&value=16/26,sp|O96019|ACL6A_HUMAN,/core/www/modules//consensus/?run_id=110202&search_id=114132&scans_id=110198&peptide_id=15497&scanf=23926&charge=2&value=sp|O96019|ACL6A_HUMAN,2,/core/www/modules/match_peptides/blast_html4.php?run_id=110202&search_id=114132&scans_id=110198&peptide_id=15497&scanf=23926&charge=2&value=2,K.QGGPTYYIDTNALR.V,/core/www/modules/show_out/show_out_wrapper.php?run_id=110202&search_id=114132&scans_id=110198&peptide_id=15497&scanf=23926&charge=2&value=K.QGGPTYYIDTNALR.V,ACTL6A,4.697e+7,3.780,0.000,3.563,0.000
23927,3,"  3.560","  0.425",15/36,/core/www/modules//sdig/index.php?run_id=110202&search_id=114132&scans_id=110198&peptide_id=15498&scanf=23927&charge=3&value=15/36,sp|Q12905|ILF2_HUMAN,/core/www/modules//consensus/?run_id=110202&search_id=114132&scans_id=110198&peptide_id=15498&scanf=23927&charge=3&value=sp|Q12905|ILF2_HUMAN,1,/core/www/modules/match_peptides/blast_html4.php?run_id=110202&search_id=114132&scans_id=110198&peptide_id=15498&scanf=23927&charge=3&value=1,K.LDPELHLDIK.V,/core/www/modules/show_out/show_out_wrapper.php?run_id=110202&search_id=114132&scans_id=110198&peptide_id=15498&scanf=23927&charge=3&value=K.LDPELHLDIK.V,ILF2,5.145e+7,3.376,0.001,2.965,0.000
23929,3,"  2.237","  0.343",12/52,/core/www/modules//sdig/index.php?run_id=110202&search_id=114132&scans_id=110198&peptide_id=15500&scanf=23929&charge=3&value=12/52,sp|Q9Y5K5|UCHL5_HUMAN,/core/www/modules//consensus/?run_id=110202&search_id=114132&scans_id=110198&peptide_id=15500&scanf=23929&charge=3&value=sp|Q9Y5K5|UCHL5_HUMAN,6,/core/www/modules/match_peptides/blast_html4.php?run_id=110202&search_id=114132&scans_id=110198&peptide_id=15500&scanf=23929&charge=3&value=6,K.TLAEHQQLIPLVEK.A,/core/www/modules/show_out/show_out_wrapper.php?run_id=110202&search_id=114132&scans_id=110198&peptide_id=15500&scanf=23929&charge=3&value=K.TLAEHQQLIPLVEK.A,UCHL5,8.422e+6,2.514,0.020,1.695,0.000
23930,2,"  1.986","  0.420",7/14,/core/www/modules//sdig/index.php?run_id=110202&search_id=114132&scans_id=110198&peptide_id=15502&scanf=23930&charge=2&value=7/14,sp|P06396|GELS_HUMAN,/core/www/modules//consensus/?run_id=110202&search_id=114132&scans_id=110198&peptide_id=15502&scanf=23930&charge=2&value=sp|P06396|GELS_HUMAN,5,/core/www/modules/match_peptides/blast_html4.php?run_id=110202&search_id=114132&scans_id=110198&peptide_id=15502&scanf=23930&charge=2&value=5,K.EPGLQIWR.V,/core/www/modules/show_out/show_out_wrapper.php?run_id=110202&search_id=114132&scans_id=110198&peptide_id=15502&scanf=23930&charge=2&value=K.EPGLQIWR.V,GSN,1.194e+7,2.905,0.005,2.268,0.000
23931,3,"  5.326","  0.647",27/80,/core/www/modules//sdig/index.php?run_id=110202&search_id=114132&scans_id=110198&peptide_id=15503&scanf=23931&charge=3&value=27/80,sp|P55795|HNRH2_HUMAN,/core/www/modules//consensus/?run_id=110202&search_id=114132&scans_id=110198&peptide_id=15503&scanf=23931&charge=3&value=sp|P55795|HNRH2_HUMAN,0,/core/www/modules/match_peptides/blast_html4.php?run_id=110202&search_id=114132&scans_id=110198&peptide_id=15503&scanf=23931&charge=3&value=0,R.VTGEADVEFATHEDAVAAMAK.D,/core/www/modules/show_out/show_out_wrapper.php?run_id=110202&search_id=114132&scans_id=110198&peptide_id=15503&scanf=23931&charge=3&value=R.VTGEADVEFATHEDAVAAMAK.D,HNRNPH2,1.770e+7,3.507,0.001,3.158,0.000
23933,3,"  5.644","  0.668",19/64,/core/www/modules//sdig/index.php?run_id=110202&search_id=114132&scans_id=110198&peptide_id=15505&scanf=23933&charge=3&value=19/64,sp|Q92841|DDX17_HUMAN,/core/www/modules//consensus/?run_id=110202&search_id=114132&scans_id=110198&peptide_id=15505&scanf=23933&charge=3&value=sp|Q92841|DDX17_HUMAN,2,/core/www/modules/match_peptides/blast_html4.php?run_id=110202&search_id=114132&scans_id=110198&peptide_id=15505&scanf=23933&charge=3&value=2,K.FVINYDYPNSSEDYVHR.I,/core/www/modules/show_out/show_out_wrapper.php?run_id=110202&search_id=114132&scans_id=110198&peptide_id=15505&scanf=23933&charge=3&value=K.FVINYDYPNSSEDYVHR.I,DDX17,5.895e+7,3.840,0.000,3.652,0.000
23935,2,"  2.951","  0.519",11/20,/core/www/modules//sdig/index.php?run_id=110202&search_id=114132&scans_id=110198&peptide_id=15507&scanf=23935&charge=2&value=11/20,sp|P50750|CDK9_HUMAN,/core/www/modules//consensus/?run_id=110202&search_id=114132&scans_id=110198&peptide_id=15507&scanf=23935&charge=2&value=sp|P50750|CDK9_HUMAN,1,/core/www/modules/match_peptides/blast_html4.php?run_id=110202&search_id=114132&scans_id=110198&peptide_id=15507&scanf=23935&charge=2&value=1,K.IGQGTFGEVFK.A,/core/www/modules/show_out/show_out_wrapper.php?run_id=110202&search_id=114132&scans_id=110198&peptide_id=15507&scanf=23935&charge=2&value=K.IGQGTFGEVFK.A,CDK9,2.613e+7,3.272,0.002,2.810,0.000
23936,3,"  2.666","  0.391",10/56,/core/www/modules//sdig/index.php?run_id=110202&search_id=114132&scans_id=110198&peptide_id=15508&scanf=23936&charge=3&value=10/56,sp|O94925|GLSK_HUMAN,/core/www/modules//consensus/?run_id=110202&search_id=114132&scans_id=110198&peptide_id=15508&scanf=23936&charge=3&value=sp|O94925|GLSK_HUMAN,1,/core/www/modules/match_peptides/blast_html4.php?run_id=110202&search_id=114132&scans_id=110198&peptide_id=15508&scanf=23936&charge=3&value=1,K.YAIAVNDLGTEYVHR.Y,/core/www/modules/show_out/show_out_wrapper.php?run_id=110202&search_id=114132&scans_id=110198&peptide_id=15508&scanf=23936&charge=3&value=K.YAIAVNDLGTEYVHR.Y,GLS,6.281e+6,2.431,0.027,1.574,0.001
23938,2,"  1.332","  0.383",8/22,/core/www/modules//sdig/index.php?run_id=110202&search_id=114132&scans_id=110198&peptide_id=15510&scanf=23938&charge=2&value=8/22,sp|Q93074|MED12_HUMAN,/core/www/modules//consensus/?run_id=110202&search_id=114132&scans_id=110198&peptide_id=15510&scanf=23938&charge=2&value=sp|Q93074|MED12_HUMAN,7,/core/www/modules/match_peptides/blast_html4.php?run_id=110202&search_id=114132&scans_id=110198&peptide_id=15510&scanf=23938&charge=2&value=7,K.ISSNFSSIIAEK.L,/core/www/modules/show_out/show_out_wrapper.php?run_id=110202&search_id=114132&scans_id=110198&peptide_id=15510&scanf=23938&charge=2&value=K.ISSNFSSIIAEK.L,MED12,6.866e+6,2.422,0.027,1.561,0.001
23943,2,"  1.089","  0.156",9/14,/core/www/modules//sdig/index.php?run_id=110202&search_id=114132&scans_id=110198&peptide_id=15516&scanf=23943&charge=2&value=9/14,sp|P78344|IF4G2_HUMAN,/core/www/modules//consensus/?run_id=110202&search_id=114132&scans_id=110198&peptide_id=15516&scanf=23943&charge=2&value=sp|P78344|IF4G2_HUMAN,2,/core/www/modules/match_peptides/blast_html4.php?run_id=110202&search_id=114132&scans_id=110198&peptide_id=15516&scanf=23943&charge=2&value=2,R.MLEILEGK.G,/core/www/modules/show_out/show_out_wrapper.php?run_id=110202&search_id=114132&scans_id=110198&peptide_id=15516&scanf=23943&charge=2&value=R.MLEILEGK.G,EIF4G2,4.970e+6,2.170,0.063,1.204,0.002
23945,2,"  2.646","  0.532",12/22,/core/www/modules//sdig/index.php?run_id=110202&search_id=114132&scans_id=110198&peptide_id=15517&scanf=23945&charge=2&value=12/22,sp|Q9Y3T9|NOC2L_HUMAN,/core/www/modules//consensus/?run_id=110202&search_id=114132&scans_id=110198&peptide_id=15517&scanf=23945&charge=2&value=sp|Q9Y3T9|NOC2L_HUMAN,0,/core/www/modules/match_peptides/blast_html4.php?run_id=110202&search_id=114132&scans_id=110198&peptide_id=15517&scanf=23945&charge=2&value=0,R.MLQPSSSPLWGK.L,/core/www/modules/show_out/show_out_wrapper.php?run_id=110202&search_id=114132&scans_id=110198&peptide_id=15517&scanf=23945&charge=2&value=R.MLQPSSSPLWGK.L,NOC2L,4.105e+7,3.262,0.002,2.795,0.000
23948,4,"  3.085","  0.260",13/120,/core/www/modules//sdig/index.php?run_id=110202&search_id=114132&scans_id=110198&peptide_id=15520&scanf=23948&charge=4&value=13/120,sp|Q7L014|DDX46_HUMAN,/core/www/modules//consensus/?run_id=110202&search_id=114132&scans_id=110198&peptide_id=15520&scanf=23948&charge=4&value=sp|Q7L014|DDX46_HUMAN,2,/core/www/modules/match_peptides/blast_html4.php?run_id=110202&search_id=114132&scans_id=110198&peptide_id=15520&scanf=23948&charge=4&value=2,K.HGYEKPTPIQTQAIPAIMSGR.D,/core/www/modules/show_out/show_out_wrapper.php?run_id=110202&search_id=114132&scans_id=110198&peptide_id=15520&scanf=23948&charge=4&value=K.HGYEKPTPIQTQAIPAIMSGR.D,DDX46,1.305e+7,2.416,0.028,1.553,0.001
23949,2,"  2.985","  0.613",13/18,/core/www/modules//sdig/index.php?run_id=110202&search_id=114132&scans_id=110198&peptide_id=15521&scanf=23949&charge=2&value=13/18,sp|Q8TDD1|DDX54_HUMAN,/core/www/modules//consensus/?run_id=110202&search_id=114132&scans_id=110198&peptide_id=15521&scanf=23949&charge=2&value=sp|Q8TDD1|DDX54_HUMAN,0,/core/www/modules/match_peptides/blast_html4.php?run_id=110202&search_id=114132&scans_id=110198&peptide_id=15521&scanf=23949&charge=2&value=0,R.AGLTEPVLIR.L,/core/www/modules/show_out/show_out_wrapper.php?run_id=110202&search_id=114132&scans_id=110198&peptide_id=15521&scanf=23949&charge=2&value=R.AGLTEPVLIR.L,DDX54,4.369e+7,3.909,0.000,3.755,0.000
23950,2,"  1.931","  0.419",10/18,/core/www/modules//sdig/index.php?run_id=110202&search_id=114132&scans_id=110198&peptide_id=15523&scanf=23950&charge=2&value=10/18,sp|Q14669|TRIPC_HUMAN,/core/www/modules//consensus/?run_id=110202&search_id=114132&scans_id=110198&peptide_id=15523&scanf=23950&charge=2&value=sp|Q14669|TRIPC_HUMAN,2,/core/www/modules/match_peptides/blast_html4.php?run_id=110202&search_id=114132&scans_id=110198&peptide_id=15523&scanf=23950&charge=2&value=2,K.SSFLASLNPK.T,/core/www/modules/show_out/show_out_wrapper.php?run_id=110202&search_id=114132&scans_id=110198&peptide_id=15523&scanf=23950&charge=2&value=K.SSFLASLNPK.T,TRIP12,1.392e+7,3.028,0.004,2.450,0.000
23953,2,"  2.866","  0.549",11/20,/core/www/modules//sdig/index.php?run_id=110202&search_id=114132&scans_id=110198&peptide_id=15526&scanf=23953&charge=2&value=11/20,sp|P42166|LAP2A_HUMAN,/core/www/modules//consensus/?run_id=110202&search_id=114132&scans_id=110198&peptide_id=15526&scanf=23953&charge=2&value=sp|P42166|LAP2A_HUMAN,0,/core/www/modules/match_peptides/blast_html4.php?run_id=110202&search_id=114132&scans_id=110198&peptide_id=15526&scanf=23953&charge=2&value=0,K.FQETEFLSPPR.K,/core/www/modules/show_out/show_out_wrapper.php?run_id=110202&search_id=114132&scans_id=110198&peptide_id=15526&scanf=23953&charge=2&value=K.FQETEFLSPPR.K,TMPO,1.751e+7,3.329,0.001,2.895,0.000
23954,3,"  3.655","  0.476",16/60,/core/www/modules//sdig/index.php?run_id=110202&search_id=114132&scans_id=110198&peptide_id=15527&scanf=23954&charge=3&value=16/60,sp|Q9H307|PININ_HUMAN,/core/www/modules//consensus/?run_id=110202&search_id=114132&scans_id=110198&peptide_id=15527&scanf=23954&charge=3&value=sp|Q9H307|PININ_HUMAN,0,/core/www/modules/match_peptides/blast_html4.php?run_id=110202&search_id=114132&scans_id=110198&peptide_id=15527&scanf=23954&charge=3&value=0,K.VELAQLQEEWNEHNAK.I,/core/www/modules/show_out/show_out_wrapper.php?run_id=110202&search_id=114132&scans_id=110198&peptide_id=15527&scanf=23954&charge=3&value=K.VELAQLQEEWNEHNAK.I,PNN,3.310e+7,3.053,0.003,2.486,0.000
23955,3,"  2.259","  0.421",14/52,/core/www/modules//sdig/index.php?run_id=110202&search_id=114132&scans_id=110198&peptide_id=15528&scanf=23955&charge=3&value=14/52,sp|P11940|PABP1_HUMAN,/core/www/modules//consensus/?run_id=110202&search_id=114132&scans_id=110198&peptide_id=15528&scanf=23955&charge=3&value=sp|P11940|PABP1_HUMAN,11,/core/www/modules/match_peptides/blast_html4.php?run_id=110202&search_id=114132&scans_id=110198&peptide_id=15528&scanf=23955&charge=3&value=11,R.IVATKPLYVALAQR.K,/core/www/modules/show_out/show_out_wrapper.php?run_id=110202&search_id=114132&scans_id=110198&peptide_id=15528&scanf=23955&charge=3&value=R.IVATKPLYVALAQR.K,PABPC1,1.694e+7,2.837,0.007,2.168,0.000
23956,2,"  2.100","  0.458",9/16,/core/www/modules//sdig/index.php?run_id=110202&search_id=114132&scans_id=110198&peptide_id=15529&scanf=23956&charge=2&value=9/16,sp|Q9UG63|ABCF2_HUMAN,/core/www/modules//consensus/?run_id=110202&search_id=114132&scans_id=110198&peptide_id=15529&scanf=23956&charge=2&value=sp|Q9UG63|ABCF2_HUMAN,2,/core/www/modules/match_peptides/blast_html4.php?run_id=110202&search_id=114132&scans_id=110198&peptide_id=15529&scanf=23956&charge=2&value=2,K.SMLLSAIGK.R,/core/www/modules/show_out/show_out_wrapper.php?run_id=110202&search_id=114132&scans_id=110198&peptide_id=15529&scanf=23956&charge=2&value=K.SMLLSAIGK.R,ABCF2,8.048e+6,3.077,0.003,2.522,0.000
23957,3,"  4.593","  0.665",19/52,/core/www/modules//sdig/index.php?run_id=110202&search_id=114132&scans_id=110198&peptide_id=15530&scanf=23957&charge=3&value=19/52,sp|Q9Y324|FCF1_HUMAN,/core/www/modules//consensus/?run_id=110202&search_id=114132&scans_id=110198&peptide_id=15530&scanf=23957&charge=3&value=sp|Q9Y324|FCF1_HUMAN,2,/core/www/modules/match_peptides/blast_html4.php?run_id=110202&search_id=114132&scans_id=110198&peptide_id=15530&scanf=23957&charge=3&value=2,R.KIPGVPIMYISNHR.Y,/core/www/modules/show_out/show_out_wrapper.php?run_id=110202&search_id=114132&scans_id=110198&peptide_id=15530&scanf=23957&charge=3&value=R.KIPGVPIMYISNHR.Y,FCF1,9.526e+6,3.612,0.000,3.315,0.000
23959,3,"  3.473","  0.533",13/36,/core/www/modules//sdig/index.php?run_id=110202&search_id=114132&scans_id=110198&peptide_id=15532&scanf=23959&charge=3&value=13/36,sp|P51116|FXR2_HUMAN,/core/www/modules//consensus/?run_id=110202&search_id=114132&scans_id=110198&peptide_id=15532&scanf=23959&charge=3&value=sp|P51116|FXR2_HUMAN,0,/core/www/modules/match_peptides/blast_html4.php?run_id=110202&search_id=114132&scans_id=110198&peptide_id=15532&scanf=23959&charge=3&value=0,R.ASLLGDMHFR.S,/core/www/modules/show_out/show_out_wrapper.php?run_id=110202&search_id=114132&scans_id=110198&peptide_id=15532&scanf=23959&charge=3&value=R.ASLLGDMHFR.S,FXR2,1.543e+7,3.543,0.001,3.213,0.000
23966,3,"  2.928","  0.605",17/44,/core/www/modules//sdig/index.php?run_id=110202&search_id=114132&scans_id=110198&peptide_id=15539&scanf=23966&charge=3&value=17/44,sp|Q08211|DHX9_HUMAN,/core/www/modules//consensus/?run_id=110202&search_id=114132&scans_id=110198&peptide_id=15539&scanf=23966&charge=3&value=sp|Q08211|DHX9_HUMAN,0,/core/www/modules/match_peptides/blast_html4.php?run_id=110202&search_id=114132&scans_id=110198&peptide_id=15539&scanf=23966&charge=3&value=0,R.YQILPLHSQIPR.E,/core/www/modules/show_out/show_out_wrapper.php?run_id=110202&search_id=114132&scans_id=110198&peptide_id=15539&scanf=23966&charge=3&value=R.YQILPLHSQIPR.E,DHX9,2.231e+8,4.034,0.000,3.940,0.000
23967,2,"  1.903","  0.424",8/12,/core/www/modules//sdig/index.php?run_id=110202&search_id=114132&scans_id=110198&peptide_id=15540&scanf=23967&charge=2&value=8/12,sp|Q9NZN4|EHD2_HUMAN,/core/www/modules//consensus/?run_id=110202&search_id=114132&scans_id=110198&peptide_id=15540&scanf=23967&charge=2&value=sp|Q9NZN4|EHD2_HUMAN,0,/core/www/modules/match_peptides/blast_html4.php?run_id=110202&search_id=114132&scans_id=110198&peptide_id=15540&scanf=23967&charge=2&value=0,K.LPVIFAK.I,/core/www/modules/show_out/show_out_wrapper.php?run_id=110202&search_id=114132&scans_id=110198&peptide_id=15540&scanf=23967&charge=2&value=K.LPVIFAK.I,EHD2,1.698e+7,3.139,0.002,2.613,0.000
23968,2,"  2.156","  0.172",9/14,/core/www/modules//sdig/index.php?run_id=110202&search_id=114132&scans_id=110198&peptide_id=15541&scanf=23968&charge=2&value=9/14,sp|P83731|RL24_HUMAN,/core/www/modules//consensus/?run_id=110202&search_id=114132&scans_id=110198&peptide_id=15541&scanf=23968&charge=2&value=sp|P83731|RL24_HUMAN,2,/core/www/modules/match_peptides/blast_html4.php?run_id=110202&search_id=114132&scans_id=110198&peptide_id=15541&scanf=23968&charge=2&value=2,K.VFQFLNAK.C,/core/www/modules/show_out/show_out_wrapper.php?run_id=110202&search_id=114132&scans_id=110198&peptide_id=15541&scanf=23968&charge=2&value=K.VFQFLNAK.C,RPL24,4.429e+8,2.272,0.045,1.346,0.002
23969,2,"  1.814","  0.441",8/18,/core/www/modules//sdig/index.php?run_id=110202&search_id=114132&scans_id=110198&peptide_id=15542&scanf=23969&charge=2&value=8/18,sp|O15260|SURF4_HUMAN,/core/www/modules//consensus/?run_id=110202&search_id=114132&scans_id=110198&peptide_id=15542&scanf=23969&charge=2&value=sp|O15260|SURF4_HUMAN,2,/core/www/modules/match_peptides/blast_html4.php?run_id=110202&search_id=114132&scans_id=110198&peptide_id=15542&scanf=23969&charge=2&value=2,K.SMFAGVPTMR.E,/core/www/modules/show_out/show_out_wrapper.php?run_id=110202&search_id=114132&scans_id=110198&peptide_id=15542&scanf=23969&charge=2&value=K.SMFAGVPTMR.E,SURF4,1.593e+7,2.777,0.008,2.080,0.000
23970,2,"  2.788","  0.156",13/24,/core/www/modules//sdig/index.php?run_id=110202&search_id=114132&scans_id=110198&peptide_id=15544&scanf=23970&charge=2&value=13/24,sp|P00387|NB5R3_HUMAN,/core/www/modules//consensus/?run_id=110202&search_id=114132&scans_id=110198&peptide_id=15544&scanf=23970&charge=2&value=sp|P00387|NB5R3_HUMAN,15,/core/www/modules/match_peptides/blast_html4.php?run_id=110202&search_id=114132&scans_id=110198&peptide_id=15544&scanf=23970&charge=2&value=15,R.STPAITLESPDIK.Y,/core/www/modules/show_out/show_out_wrapper.php?run_id=110202&search_id=114132&scans_id=110198&peptide_id=15544&scanf=23970&charge=2&value=R.STPAITLESPDIK.Y,CYB5R3,2.713e+7,1.815,0.184,0.736,0.010
23972,2,"  1.982","  0.276",10/22,/core/www/modules//sdig/index.php?run_id=110202&search_id=114132&scans_id=110198&peptide_id=15546&scanf=23972&charge=2&value=10/22,sp|Q14690|RRP5_HUMAN,/core/www/modules//consensus/?run_id=110202&search_id=114132&scans_id=110198&peptide_id=15546&scanf=23972&charge=2&value=sp|Q14690|RRP5_HUMAN,1,/core/www/modules/match_peptides/blast_html4.php?run_id=110202&search_id=114132&scans_id=110198&peptide_id=15546&scanf=23972&charge=2&value=1,K.AIFENTLSTYPK.R,/core/www/modules/show_out/show_out_wrapper.php?run_id=110202&search_id=114132&scans_id=110198&peptide_id=15546&scanf=23972&charge=2&value=K.AIFENTLSTYPK.R,PDCD11,6.952e+6,1.987,0.111,0.954,0.005
23973,3,"  4.833","  0.672",22/96,/core/www/modules//sdig/index.php?run_id=110202&search_id=114132&scans_id=110198&peptide_id=15547&scanf=23973&charge=3&value=22/96,sp|P42166|LAP2A_HUMAN,/core/www/modules//consensus/?run_id=110202&search_id=114132&scans_id=110198&peptide_id=15547&scanf=23973&charge=3&value=sp|P42166|LAP2A_HUMAN,0,/core/www/modules/match_peptides/blast_html4.php?run_id=110202&search_id=114132&scans_id=110198&peptide_id=15547&scanf=23973&charge=3&value=0,K.SSSSSSQPEHSAMLVSTAASPSLIK.E,/core/www/modules/show_out/show_out_wrapper.php?run_id=110202&search_id=114132&scans_id=110198&peptide_id=15547&scanf=23973&charge=3&value=K.SSSSSSQPEHSAMLVSTAASPSLIK.E,TMPO,5.718e+6,3.361,0.001,2.942,0.000
23975,2,"  3.772","  0.652",18/32,/core/www/modules//sdig/index.php?run_id=110202&search_id=114132&scans_id=110198&peptide_id=15549&scanf=23975&charge=2&value=18/32,sp|O00303|EIF3F_HUMAN,/core/www/modules//consensus/?run_id=110202&search_id=114132&scans_id=110198&peptide_id=15549&scanf=23975&charge=2&value=sp|O00303|EIF3F_HUMAN,1,/core/www/modules/match_peptides/blast_html4.php?run_id=110202&search_id=114132&scans_id=110198&peptide_id=15549&scanf=23975&charge=2&value=1,R.VIGLSSDLQQVGGASAR.I,/core/www/modules/show_out/show_out_wrapper.php?run_id=110202&search_id=114132&scans_id=110198&peptide_id=15549&scanf=23975&charge=2&value=R.VIGLSSDLQQVGGASAR.I,EIF3F,9.070e+6,3.518,0.001,3.175,0.000
23976,2,"  1.654","  0.070",8/14,/core/www/modules//sdig/index.php?run_id=110202&search_id=114132&scans_id=110198&peptide_id=15550&scanf=23976&charge=2&value=8/14,sp|O14787|TNPO2_HUMAN,/core/www/modules//consensus/?run_id=110202&search_id=114132&scans_id=110198&peptide_id=15550&scanf=23976&charge=2&value=sp|O14787|TNPO2_HUMAN,9,/core/www/modules/match_peptides/blast_html4.php?run_id=110202&search_id=114132&scans_id=110198&peptide_id=15550&scanf=23976&charge=2&value=9,R.SLSGLILK.N,/core/www/modules/show_out/show_out_wrapper.php?run_id=110202&search_id=114132&scans_id=110198&peptide_id=15550&scanf=23976&charge=2&value=R.SLSGLILK.N,TNPO2,2.833e+7,1.813,0.184,0.735,0.010
23977,2,"  2.117","  0.192",8/14,/core/www/modules//sdig/index.php?run_id=110202&search_id=114132&scans_id=110198&peptide_id=15551&scanf=23977&charge=2&value=8/14,sp|P23368|MAOM_HUMAN,/core/www/modules//consensus/?run_id=110202&search_id=114132&scans_id=110198&peptide_id=15551&scanf=23977&charge=2&value=sp|P23368|MAOM_HUMAN,7,/core/www/modules/match_peptides/blast_html4.php?run_id=110202&search_id=114132&scans_id=110198&peptide_id=15551&scanf=23977&charge=2&value=7,R.LFTPDVIR.A,/core/www/modules/show_out/show_out_wrapper.php?run_id=110202&search_id=114132&scans_id=110198&peptide_id=15551&scanf=23977&charge=2&value=R.LFTPDVIR.A,ME2,6.753e+6,2.179,0.061,1.216,0.002
23982,2,"  1.990","  0.263",10/14,/core/www/modules//sdig/index.php?run_id=110202&search_id=114132&scans_id=110198&peptide_id=15556&scanf=23982&charge=2&value=10/14,sp|Q8IWJ2|GCC2_HUMAN,/core/www/modules//consensus/?run_id=110202&search_id=114132&scans_id=110198&peptide_id=15556&scanf=23982&charge=2&value=sp|Q8IWJ2|GCC2_HUMAN,4,/core/www/modules/match_peptides/blast_html4.php?run_id=110202&search_id=114132&scans_id=110198&peptide_id=15556&scanf=23982&charge=2&value=4,R.LDALLLEK.A,/core/www/modules/show_out/show_out_wrapper.php?run_id=110202&search_id=114132&scans_id=110198&peptide_id=15556&scanf=23982&charge=2&value=R.LDALLLEK.A,GCC2,4.555e+6,2.705,0.011,1.974,0.000
23987,2,"  2.257","  0.175",11/16,/core/www/modules//sdig/index.php?run_id=110202&search_id=114132&scans_id=110198&peptide_id=15560&scanf=23987&charge=2&value=11/16,sp|P42704|LPPRC_HUMAN,/core/www/modules//consensus/?run_id=110202&search_id=114132&scans_id=110198&peptide_id=15560&scanf=23987&charge=2&value=sp|P42704|LPPRC_HUMAN,17,/core/www/modules/match_peptides/blast_html4.php?run_id=110202&search_id=114132&scans_id=110198&peptide_id=15560&scanf=23987&charge=2&value=17,K.LQDAINILK.E,/core/www/modules/show_out/show_out_wrapper.php?run_id=110202&search_id=114132&scans_id=110198&peptide_id=15560&scanf=23987&charge=2&value=K.LQDAINILK.E,LRPPRC,4.084e+7,2.431,0.027,1.574,0.001
23989,3,"  2.540","  0.310",15/56,/core/www/modules//sdig/index.php?run_id=110202&search_id=114132&scans_id=110198&peptide_id=15562&scanf=23989&charge=3&value=15/56,sp|P51531|SMCA2_HUMAN,/core/www/modules//consensus/?run_id=110202&search_id=114132&scans_id=110198&peptide_id=15562&scanf=23989&charge=3&value=sp|P51531|SMCA2_HUMAN,3,/core/www/modules/match_peptides/blast_html4.php?run_id=110202&search_id=114132&scans_id=110198&peptide_id=15562&scanf=23989&charge=3&value=3,K.EVESQLPEKVEYVIK.C,/core/www/modules/show_out/show_out_wrapper.php?run_id=110202&search_id=114132&scans_id=110198&peptide_id=15562&scanf=23989&charge=3&value=K.EVESQLPEKVEYVIK.C,SMARCA2,4.986e+7,2.401,0.029,1.531,0.001
23990,3,"  3.579","  0.497",16/44,/core/www/modules//sdig/index.php?run_id=110202&search_id=114132&scans_id=110198&peptide_id=15564&scanf=23990&charge=3&value=16/44,sp|Q9BTC8|MTA3_HUMAN,/core/www/modules//consensus/?run_id=110202&search_id=114132&scans_id=110198&peptide_id=15564&scanf=23990&charge=3&value=sp|Q9BTC8|MTA3_HUMAN,3,/core/www/modules/match_peptides/blast_html4.php?run_id=110202&search_id=114132&scans_id=110198&peptide_id=15564&scanf=23990&charge=3&value=3,R.RPFVAINYAAIR.A,/core/www/modules/show_out/show_out_wrapper.php?run_id=110202&search_id=114132&scans_id=110198&peptide_id=15564&scanf=23990&charge=3&value=R.RPFVAINYAAIR.A,MTA3,1.034e+7,3.326,0.001,2.890,0.000
23991,3,"  3.004","  0.398",14/48,/core/www/modules//sdig/index.php?run_id=110202&search_id=114132&scans_id=110198&peptide_id=15565&scanf=23991&charge=3&value=14/48,sp|Q9BQG0|MBB1A_HUMAN,/core/www/modules//consensus/?run_id=110202&search_id=114132&scans_id=110198&peptide_id=15565&scanf=23991&charge=3&value=sp|Q9BQG0|MBB1A_HUMAN,1,/core/www/modules/match_peptides/blast_html4.php?run_id=110202&search_id=114132&scans_id=110198&peptide_id=15565&scanf=23991&charge=3&value=1,K.EQLHLVMQGDVIR.H,/core/www/modules/show_out/show_out_wrapper.php?run_id=110202&search_id=114132&scans_id=110198&peptide_id=15565&scanf=23991&charge=3&value=K.EQLHLVMQGDVIR.H,MYBBP1A,2.763e+7,3.021,0.004,2.440,0.000
23993,3,"  4.122","  0.585",18/52,/core/www/modules//sdig/index.php?run_id=110202&search_id=114132&scans_id=110198&peptide_id=15567&scanf=23993&charge=3&value=18/52,sp|P78527|PRKDC_HUMAN,/core/www/modules//consensus/?run_id=110202&search_id=114132&scans_id=110198&peptide_id=15567&scanf=23993&charge=3&value=sp|P78527|PRKDC_HUMAN,1,/core/www/modules/match_peptides/blast_html4.php?run_id=110202&search_id=114132&scans_id=110198&peptide_id=15567&scanf=23993&charge=3&value=1,K.HSSLITPLQAVAQR.D,/core/www/modules/show_out/show_out_wrapper.php?run_id=110202&search_id=114132&scans_id=110198&peptide_id=15567&scanf=23993&charge=3&value=K.HSSLITPLQAVAQR.D,PRKDC,8.342e+7,4.417,0.000,4.508,0.000
23994,2,"  3.187","  0.485",10/20,/core/www/modules//sdig/index.php?run_id=110202&search_id=114132&scans_id=110198&peptide_id=15568&scanf=23994&charge=2&value=10/20,sp|P20339|RAB5A_HUMAN,/core/www/modules//consensus/?run_id=110202&search_id=114132&scans_id=110198&peptide_id=15568&scanf=23994&charge=2&value=sp|P20339|RAB5A_HUMAN,9,/core/www/modules/match_peptides/blast_html4.php?run_id=110202&search_id=114132&scans_id=110198&peptide_id=15568&scanf=23994&charge=2&value=9,K.FEIWDTAGQER.Y,/core/www/modules/show_out/show_out_wrapper.php?run_id=110202&search_id=114132&scans_id=110198&peptide_id=15568&scanf=23994&charge=2&value=K.FEIWDTAGQER.Y,RAB5A,1.036e+7,2.850,0.007,2.187,0.000
23995,3,"  2.253","  0.363",15/40,/core/www/modules//sdig/index.php?run_id=110202&search_id=114132&scans_id=110198&peptide_id=15569&scanf=23995&charge=3&value=15/40,sp|Q7Z5K2|WAPL_HUMAN,/core/www/modules//consensus/?run_id=110202&search_id=114132&scans_id=110198&peptide_id=15569&scanf=23995&charge=3&value=sp|Q7Z5K2|WAPL_HUMAN,1,/core/www/modules/match_peptides/blast_html4.php?run_id=110202&search_id=114132&scans_id=110198&peptide_id=15569&scanf=23995&charge=3&value=1,R.LLGGLDHIVDK.V,/core/www/modules/show_out/show_out_wrapper.php?run_id=110202&search_id=114132&scans_id=110198&peptide_id=15569&scanf=23995&charge=3&value=R.LLGGLDHIVDK.V,WAPL,9.691e+6,2.903,0.005,2.265,0.000
23998,2,"  1.827","  0.435",9/18,/core/www/modules//sdig/index.php?run_id=110202&search_id=114132&scans_id=110198&peptide_id=15572&scanf=23998&charge=2&value=9/18,sp|P51531|SMCA2_HUMAN,/core/www/modules//consensus/?run_id=110202&search_id=114132&scans_id=110198&peptide_id=15572&scanf=23998&charge=2&value=sp|P51531|SMCA2_HUMAN,23,/core/www/modules/match_peptides/blast_html4.php?run_id=110202&search_id=114132&scans_id=110198&peptide_id=15572&scanf=23998&charge=2&value=23,K.TLM*NTIMQLR.K,/core/www/modules/show_out/show_out_wrapper.php?run_id=110202&search_id=114132&scans_id=110198&peptide_id=15572&scanf=23998&charge=2&value=K.TLM*NTIMQLR.K,SMARCA2,7.309e+6,3.057,0.003,2.493,0.000
23999,2,"  2.793","  0.433",13/22,/core/www/modules//sdig/index.php?run_id=110202&search_id=114132&scans_id=110198&peptide_id=15573&scanf=23999&charge=2&value=13/22,sp|Q9Y6A4|CFA20_HUMAN,/core/www/modules//consensus/?run_id=110202&search_id=114132&scans_id=110198&peptide_id=15573&scanf=23999&charge=2&value=sp|Q9Y6A4|CFA20_HUMAN,0,/core/www/modules/match_peptides/blast_html4.php?run_id=110202&search_id=114132&scans_id=110198&peptide_id=15573&scanf=23999&charge=2&value=0,R.LYSEDELPAEFK.L,/core/www/modules/show_out/show_out_wrapper.php?run_id=110202&search_id=114132&scans_id=110198&peptide_id=15573&scanf=23999&charge=2&value=R.LYSEDELPAEFK.L,CFAP20,1.891e+7,2.890,0.006,2.246,0.000
24000,2,"  1.829","  0.322",7/16,/core/www/modules//sdig/index.php?run_id=110202&search_id=114132&scans_id=110198&peptide_id=15575&scanf=24000&charge=2&value=7/16,sp|Q8IWS0|PHF6_HUMAN,/core/www/modules//consensus/?run_id=110202&search_id=114132&scans_id=110198&peptide_id=15575&scanf=24000&charge=2&value=sp|Q8IWS0|PHF6_HUMAN,2,/core/www/modules/match_peptides/blast_html4.php?run_id=110202&search_id=114132&scans_id=110198&peptide_id=15575&scanf=24000&charge=2&value=2,R.AEFGDFDIK.T,/core/www/modules/show_out/show_out_wrapper.php?run_id=110202&search_id=114132&scans_id=110198&peptide_id=15575&scanf=24000&charge=2&value=R.AEFGDFDIK.T,PHF6,3.029e+7,2.376,0.032,1.495,0.001
24001,2,"  3.253","  0.311",10/22,/core/www/modules//sdig/index.php?run_id=110202&search_id=114132&scans_id=110198&peptide_id=15576&scanf=24001&charge=2&value=10/22,sp|Q14566|MCM6_HUMAN,/core/www/modules//consensus/?run_id=110202&search_id=114132&scans_id=110198&peptide_id=15576&scanf=24001&charge=2&value=sp|Q14566|MCM6_HUMAN,0,/core/www/modules/match_peptides/blast_html4.php?run_id=110202&search_id=114132&scans_id=110198&peptide_id=15576&scanf=24001&charge=2&value=0,K.QNINLSAPIMSR.F,/core/www/modules/show_out/show_out_wrapper.php?run_id=110202&search_id=114132&scans_id=110198&peptide_id=15576&scanf=24001&charge=2&value=K.QNINLSAPIMSR.F,MCM6,5.706e+6,2.450,0.025,1.601,0.001
24002,3,"  3.343","  0.321",10/56,/core/www/modules//sdig/index.php?run_id=110202&search_id=114132&scans_id=110198&peptide_id=15577&scanf=24002&charge=3&value=10/56,sp|Q9NPI1|BRD7_HUMAN,/core/www/modules//consensus/?run_id=110202&search_id=114132&scans_id=110198&peptide_id=15577&scanf=24002&charge=3&value=sp|Q9NPI1|BRD7_HUMAN,0,/core/www/modules/match_peptides/blast_html4.php?run_id=110202&search_id=114132&scans_id=110198&peptide_id=15577&scanf=24002&charge=3&value=0,R.LDLPPEKPLTSSLAK.Q,/core/www/modules/show_out/show_out_wrapper.php?run_id=110202&search_id=114132&scans_id=110198&peptide_id=15577&scanf=24002&charge=3&value=R.LDLPPEKPLTSSLAK.Q,BRD7,5.912e+6,2.374,0.032,1.492,0.001
24003,2,"  2.166","  0.505",10/16,/core/www/modules//sdig/index.php?run_id=110202&search_id=114132&scans_id=110198&peptide_id=15578&scanf=24003&charge=2&value=10/16,sp|Q9UJX3|APC7_HUMAN,/core/www/modules//consensus/?run_id=110202&search_id=114132&scans_id=110198&peptide_id=15578&scanf=24003&charge=2&value=sp|Q9UJX3|APC7_HUMAN,1,/core/www/modules/match_peptides/blast_html4.php?run_id=110202&search_id=114132&scans_id=110198&peptide_id=15578&scanf=24003&charge=2&value=1,K.YEDGIALLR.N,/core/www/modules/show_out/show_out_wrapper.php?run_id=110202&search_id=114132&scans_id=110198&peptide_id=15578&scanf=24003&charge=2&value=K.YEDGIALLR.N,ANAPC7,6.629e+6,3.339,0.001,2.909,0.000
24006,3,"  2.868","  0.422",11/48,/core/www/modules//sdig/index.php?run_id=110202&search_id=114132&scans_id=110198&peptide_id=15581&scanf=24006&charge=3&value=11/48,sp|Q13200|PSMD2_HUMAN,/core/www/modules//consensus/?run_id=110202&search_id=114132&scans_id=110198&peptide_id=15581&scanf=24006&charge=3&value=sp|Q13200|PSMD2_HUMAN,2,/core/www/modules/match_peptides/blast_html4.php?run_id=110202&search_id=114132&scans_id=110198&peptide_id=15581&scanf=24006&charge=3&value=2,K.DTSLYRPALEELR.R,/core/www/modules/show_out/show_out_wrapper.php?run_id=110202&search_id=114132&scans_id=110198&peptide_id=15581&scanf=24006&charge=3&value=K.DTSLYRPALEELR.R,PSMD2,7.714e+7,2.893,0.006,2.250,0.000
24008,3,"  2.444","  0.400",13/56,/core/www/modules//sdig/index.php?run_id=110202&search_id=114132&scans_id=110198&peptide_id=15582&scanf=24008&charge=3&value=13/56,sp|P51531|SMCA2_HUMAN,/core/www/modules//consensus/?run_id=110202&search_id=114132&scans_id=110198&peptide_id=15582&scanf=24008&charge=3&value=sp|P51531|SMCA2_HUMAN,3,/core/www/modules/match_peptides/blast_html4.php?run_id=110202&search_id=114132&scans_id=110198&peptide_id=15582&scanf=24008&charge=3&value=3,K.EVESQLPEKVEYVIK.C,/core/www/modules/show_out/show_out_wrapper.php?run_id=110202&search_id=114132&scans_id=110198&peptide_id=15582&scanf=24008&charge=3&value=K.EVESQLPEKVEYVIK.C,SMARCA2,4.986e+7,2.558,0.017,1.758,0.000
24009,2,"  2.315","  0.523",10/16,/core/www/modules//sdig/index.php?run_id=110202&search_id=114132&scans_id=110198&peptide_id=15583&scanf=24009&charge=2&value=10/16,sp|P46781|RS9_HUMAN,/core/www/modules//consensus/?run_id=110202&search_id=114132&scans_id=110198&peptide_id=15583&scanf=24009&charge=2&value=sp|P46781|RS9_HUMAN,2,/core/www/modules/match_peptides/blast_html4.php?run_id=110202&search_id=114132&scans_id=110198&peptide_id=15583&scanf=24009&charge=2&value=2,R.LFEGNALLR.R,/core/www/modules/show_out/show_out_wrapper.php?run_id=110202&search_id=114132&scans_id=110198&peptide_id=15583&scanf=24009&charge=2&value=R.LFEGNALLR.R,RPS9,1.656e+8,3.420,0.001,3.030,0.000
24011,2,"  1.850","  0.420",8/12,/core/www/modules//sdig/index.php?run_id=110202&search_id=114132&scans_id=110198&peptide_id=15586&scanf=24011&charge=2&value=8/12,sp|P52292|IMA1_HUMAN,/core/www/modules//consensus/?run_id=110202&search_id=114132&scans_id=110198&peptide_id=15586&scanf=24011&charge=2&value=sp|P52292|IMA1_HUMAN,6,/core/www/modules/match_peptides/blast_html4.php?run_id=110202&search_id=114132&scans_id=110198&peptide_id=15586&scanf=24011&charge=2&value=6,K.FVSFLGR.T,/core/www/modules/show_out/show_out_wrapper.php?run_id=110202&search_id=114132&scans_id=110198&peptide_id=15586&scanf=24011&charge=2&value=K.FVSFLGR.T,KPNA2,1.941e+7,3.157,0.002,2.640,0.000
24012,2,"  3.331","  0.737",15/24,/core/www/modules//sdig/index.php?run_id=110202&search_id=114132&scans_id=110198&peptide_id=15587&scanf=24012&charge=2&value=15/24,sp|P46777|RL5_HUMAN,/core/www/modules//consensus/?run_id=110202&search_id=114132&scans_id=110198&peptide_id=15587&scanf=24012&charge=2&value=sp|P46777|RL5_HUMAN,1,/core/www/modules/match_peptides/blast_html4.php?run_id=110202&search_id=114132&scans_id=110198&peptide_id=15587&scanf=24012&charge=2&value=1,K.NSVTPDMMEEMYK.K,/core/www/modules/show_out/show_out_wrapper.php?run_id=110202&search_id=114132&scans_id=110198&peptide_id=15587&scanf=24012&charge=2&value=K.NSVTPDMMEEMYK.K,RPL5,6.084e+7,4.015,0.000,3.912,0.000
24013,3,"  2.883","  0.469",14/44,/core/www/modules//sdig/index.php?run_id=110202&search_id=114132&scans_id=110198&peptide_id=15588&scanf=24013&charge=3&value=14/44,sp|Q969G3|SMCE1_HUMAN,/core/www/modules//consensus/?run_id=110202&search_id=114132&scans_id=110198&peptide_id=15588&scanf=24013&charge=3&value=sp|Q969G3|SMCE1_HUMAN,10,/core/www/modules/match_peptides/blast_html4.php?run_id=110202&search_id=114132&scans_id=110198&peptide_id=15588&scanf=24013&charge=3&value=10,R.KLEAELLQIEER.H,/core/www/modules/show_out/show_out_wrapper.php?run_id=110202&search_id=114132&scans_id=110198&peptide_id=15588&scanf=24013&charge=3&value=R.KLEAELLQIEER.H,SMARCE1,4.649e+7,2.931,0.005,2.307,0.000
24014,2,"  2.896","  0.549",11/22,/core/www/modules//sdig/index.php?run_id=110202&search_id=114132&scans_id=110198&peptide_id=15589&scanf=24014&charge=2&value=11/22,sp|Q9UQ80|PA2G4_HUMAN,/core/www/modules//consensus/?run_id=110202&search_id=114132&scans_id=110198&peptide_id=15589&scanf=24014&charge=2&value=sp|Q9UQ80|PA2G4_HUMAN,0,/core/www/modules/match_peptides/blast_html4.php?run_id=110202&search_id=114132&scans_id=110198&peptide_id=15589&scanf=24014&charge=2&value=0,R.ITSGPFEPDLYK.S,/core/www/modules/show_out/show_out_wrapper.php?run_id=110202&search_id=114132&scans_id=110198&peptide_id=15589&scanf=24014&charge=2&value=R.ITSGPFEPDLYK.S,PA2G4,9.477e+6,3.106,0.003,2.565,0.000
24015,2,"  2.212","  0.349",9/20,/core/www/modules//sdig/index.php?run_id=110202&search_id=114132&scans_id=110198&peptide_id=15590&scanf=24015&charge=2&value=9/20,sp|P49753|ACOT2_HUMAN,/core/www/modules//consensus/?run_id=110202&search_id=114132&scans_id=110198&peptide_id=15590&scanf=24015&charge=2&value=sp|P49753|ACOT2_HUMAN,2,/core/www/modules/match_peptides/blast_html4.php?run_id=110202&search_id=114132&scans_id=110198&peptide_id=15590&scanf=24015&charge=2&value=2,K.GPGVGLLGISK.G,/core/www/modules/show_out/show_out_wrapper.php?run_id=110202&search_id=114132&scans_id=110198&peptide_id=15590&scanf=24015&charge=2&value=K.GPGVGLLGISK.G,ACOT2,9.944e+6,2.458,0.024,1.614,0.001
24016,2,"  2.382","  0.476",10/24,/core/www/modules//sdig/index.php?run_id=110202&search_id=114132&scans_id=110198&peptide_id=15591&scanf=24016&charge=2&value=10/24,sp|Q9NUL3|STAU2_HUMAN,/core/www/modules//consensus/?run_id=110202&search_id=114132&scans_id=110198&peptide_id=15591&scanf=24016&charge=2&value=sp|Q9NUL3|STAU2_HUMAN,5,/core/www/modules/match_peptides/blast_html4.php?run_id=110202&search_id=114132&scans_id=110198&peptide_id=15591&scanf=24016&charge=2&value=5,K.VISGTTLGYLSPK.D,/core/www/modules/show_out/show_out_wrapper.php?run_id=110202&search_id=114132&scans_id=110198&peptide_id=15591&scanf=24016&charge=2&value=K.VISGTTLGYLSPK.D,STAU2,7.236e+6,2.805,0.008,2.120,0.000
24020,2,"  2.911","  0.271",11/20,/core/www/modules//sdig/index.php?run_id=110202&search_id=114132&scans_id=110198&peptide_id=15596&scanf=24020&charge=2&value=11/20,sp|Q13813|SPTN1_HUMAN,/core/www/modules//consensus/?run_id=110202&search_id=114132&scans_id=110198&peptide_id=15596&scanf=24020&charge=2&value=sp|Q13813|SPTN1_HUMAN,2,/core/www/modules/match_peptides/blast_html4.php?run_id=110202&search_id=114132&scans_id=110198&peptide_id=15596&scanf=24020&charge=2&value=2,K.ADVVESWIGEK.E,/core/www/modules/show_out/show_out_wrapper.php?run_id=110202&search_id=114132&scans_id=110198&peptide_id=15596&scanf=24020&charge=2&value=K.ADVVESWIGEK.E,SPTAN1,6.854e+6,2.593,0.015,1.810,0.000
24021,3,"  2.838","  0.346",12/44,/core/www/modules//sdig/index.php?run_id=110202&search_id=114132&scans_id=110198&peptide_id=15597&scanf=24021&charge=3&value=12/44,sp|O43707|ACTN4_HUMAN,/core/www/modules//consensus/?run_id=110202&search_id=114132&scans_id=110198&peptide_id=15597&scanf=24021&charge=3&value=sp|O43707|ACTN4_HUMAN,3,/core/www/modules/match_peptides/blast_html4.php?run_id=110202&search_id=114132&scans_id=110198&peptide_id=15597&scanf=24021&charge=3&value=3,R.TIPWLEDRVPQK.T,/core/www/modules/show_out/show_out_wrapper.php?run_id=110202&search_id=114132&scans_id=110198&peptide_id=15597&scanf=24021&charge=3&value=R.TIPWLEDRVPQK.T,ACTN4,8.044e+6,2.749,0.009,2.037,0.000
24025,2,"  2.085","  0.150",7/12,/core/www/modules//sdig/index.php?run_id=110202&search_id=114132&scans_id=110198&peptide_id=15601&scanf=24025&charge=2&value=7/12,sp|Q6P1J9|CDC73_HUMAN,/core/www/modules//consensus/?run_id=110202&search_id=114132&scans_id=110198&peptide_id=15601&scanf=24025&charge=2&value=sp|Q6P1J9|CDC73_HUMAN,2,/core/www/modules/match_peptides/blast_html4.php?run_id=110202&search_id=114132&scans_id=110198&peptide_id=15601&scanf=24025&charge=2&value=2,K.DLLQDLK.F,/core/www/modules/show_out/show_out_wrapper.php?run_id=110202&search_id=114132&scans_id=110198&peptide_id=15601&scanf=24025&charge=2&value=K.DLLQDLK.F,CDC73,1.219e+7,2.146,0.068,1.170,0.002
24027,2,"  2.505","  0.397",11/24,/core/www/modules//sdig/index.php?run_id=110202&search_id=114132&scans_id=110198&peptide_id=15603&scanf=24027&charge=2&value=11/24,sp|O14983|AT2A1_HUMAN,/core/www/modules//consensus/?run_id=110202&search_id=114132&scans_id=110198&peptide_id=15603&scanf=24027&charge=2&value=sp|O14983|AT2A1_HUMAN,2,/core/www/modules/match_peptides/blast_html4.php?run_id=110202&search_id=114132&scans_id=110198&peptide_id=15603&scanf=24027&charge=2&value=2,K.NMLFSGTNIAAGK.A,/core/www/modules/show_out/show_out_wrapper.php?run_id=110202&search_id=114132&scans_id=110198&peptide_id=15603&scanf=24027&charge=2&value=K.NMLFSGTNIAAGK.A,ATP2A1,5.193e+6,2.599,0.015,1.818,0.000
24029,2,"  2.653","  0.523",11/20,/core/www/modules//sdig/index.php?run_id=110202&search_id=114132&scans_id=110198&peptide_id=15604&scanf=24029&charge=2&value=11/20,sp|Q9Y230|RUVB2_HUMAN,/core/www/modules//consensus/?run_id=110202&search_id=114132&scans_id=110198&peptide_id=15604&scanf=24029&charge=2&value=sp|Q9Y230|RUVB2_HUMAN,3,/core/www/modules/match_peptides/blast_html4.php?run_id=110202&search_id=114132&scans_id=110198&peptide_id=15604&scanf=24029&charge=2&value=3,R.GLGLDDALEPR.Q,/core/www/modules/show_out/show_out_wrapper.php?run_id=110202&search_id=114132&scans_id=110198&peptide_id=15604&scanf=24029&charge=2&value=R.GLGLDDALEPR.Q,RUVBL2,4.645e+8,3.255,0.002,2.786,0.000
24032,2,"  1.252","  0.270",9/18,/core/www/modules//sdig/index.php?run_id=110202&search_id=114132&scans_id=110198&peptide_id=15608&scanf=24032&charge=2&value=9/18,sp|Q9H845|ACAD9_HUMAN,/core/www/modules//consensus/?run_id=110202&search_id=114132&scans_id=110198&peptide_id=15608&scanf=24032&charge=2&value=sp|Q9H845|ACAD9_HUMAN,7,/core/www/modules/match_peptides/blast_html4.php?run_id=110202&search_id=114132&scans_id=110198&peptide_id=15608&scanf=24032&charge=2&value=7,R.LSEFGLIQEK.F,/core/www/modules/show_out/show_out_wrapper.php?run_id=110202&search_id=114132&scans_id=110198&peptide_id=15608&scanf=24032&charge=2&value=R.LSEFGLIQEK.F,ACAD9,1.968e+7,2.287,0.043,1.368,0.001
24033,3,"  3.457","  0.520",17/40,/core/www/modules//sdig/index.php?run_id=110202&search_id=114132&scans_id=110198&peptide_id=15609&scanf=24033&charge=3&value=17/40,sp|P22087|FBRL_HUMAN,/core/www/modules//consensus/?run_id=110202&search_id=114132&scans_id=110198&peptide_id=15609&scanf=24033&charge=3&value=sp|P22087|FBRL_HUMAN,5,/core/www/modules/match_peptides/blast_html4.php?run_id=110202&search_id=114132&scans_id=110198&peptide_id=15609&scanf=24033&charge=3&value=5,R.IVALNAHTFLR.N,/core/www/modules/show_out/show_out_wrapper.php?run_id=110202&search_id=114132&scans_id=110198&peptide_id=15609&scanf=24033&charge=3&value=R.IVALNAHTFLR.N,FBL,8.267e+7,3.624,0.000,3.332,0.000
24035,4,"  3.182","  0.488",17/102,/core/www/modules//sdig/index.php?run_id=110202&search_id=114132&scans_id=110198&peptide_id=15611&scanf=24035&charge=4&value=17/102,sp|O00159|MYO1C_HUMAN,/core/www/modules//consensus/?run_id=110202&search_id=114132&scans_id=110198&peptide_id=15611&scanf=24035&charge=4&value=sp|O00159|MYO1C_HUMAN,1,/core/www/modules/match_peptides/blast_html4.php?run_id=110202&search_id=114132&scans_id=110198&peptide_id=15611&scanf=24035&charge=4&value=1,K.QKGDVVLQSDHVIETLTK.T,/core/www/modules/show_out/show_out_wrapper.php?run_id=110202&search_id=114132&scans_id=110198&peptide_id=15611&scanf=24035&charge=4&value=K.QKGDVVLQSDHVIETLTK.T,MYO1C,1.059e+7,3.066,0.003,2.506,0.000
24036,2,"  2.644","  0.453",13/20,/core/www/modules//sdig/index.php?run_id=110202&search_id=114132&scans_id=110198&peptide_id=15612&scanf=24036&charge=2&value=13/20,sp|P14868|SYDC_HUMAN,/core/www/modules//consensus/?run_id=110202&search_id=114132&scans_id=110198&peptide_id=15612&scanf=24036&charge=2&value=sp|P14868|SYDC_HUMAN,3,/core/www/modules/match_peptides/blast_html4.php?run_id=110202&search_id=114132&scans_id=110198&peptide_id=15612&scanf=24036&charge=2&value=3,K.ESIVDVEGVVR.K,/core/www/modules/show_out/show_out_wrapper.php?run_id=110202&search_id=114132&scans_id=110198&peptide_id=15612&scanf=24036&charge=2&value=K.ESIVDVEGVVR.K,DARS1,2.060e+7,3.197,0.002,2.699,0.000
24041,2,"  4.939","  0.593",18/28,/core/www/modules//sdig/index.php?run_id=110202&search_id=114132&scans_id=110198&peptide_id=15618&scanf=24041&charge=2&value=18/28,sp|Q9UQE7|SMC3_HUMAN,/core/www/modules//consensus/?run_id=110202&search_id=114132&scans_id=110198&peptide_id=15618&scanf=24041&charge=2&value=sp|Q9UQE7|SMC3_HUMAN,0,/core/www/modules/match_peptides/blast_html4.php?run_id=110202&search_id=114132&scans_id=110198&peptide_id=15618&scanf=24041&charge=2&value=0,R.ALEYTIYNQELNETR.A,/core/www/modules/show_out/show_out_wrapper.php?run_id=110202&search_id=114132&scans_id=110198&peptide_id=15618&scanf=24041&charge=2&value=R.ALEYTIYNQELNETR.A,SMC3,7.145e+6,3.758,0.000,3.531,0.000
24043,3,"  2.391","  0.306",12/44,/core/www/modules//sdig/index.php?run_id=110202&search_id=114132&scans_id=110198&peptide_id=15620&scanf=24043&charge=3&value=12/44,sp|Q8WWV3|RT4I1_HUMAN,/core/www/modules//consensus/?run_id=110202&search_id=114132&scans_id=110198&peptide_id=15620&scanf=24043&charge=3&value=sp|Q8WWV3|RT4I1_HUMAN,1,/core/www/modules/match_peptides/blast_html4.php?run_id=110202&search_id=114132&scans_id=110198&peptide_id=15620&scanf=24043&charge=3&value=1,K.IKGEEFPLTLGR.D,/core/www/modules/show_out/show_out_wrapper.php?run_id=110202&search_id=114132&scans_id=110198&peptide_id=15620&scanf=24043&charge=3&value=K.IKGEEFPLTLGR.D,RTN4IP1,4.630e+6,2.213,0.055,1.264,0.002
24045,2,"  1.638","  0.333",7/12,/core/www/modules//sdig/index.php?run_id=110202&search_id=114132&scans_id=110198&peptide_id=15622&scanf=24045&charge=2&value=7/12,sp|Q00610|CLH1_HUMAN,/core/www/modules//consensus/?run_id=110202&search_id=114132&scans_id=110198&peptide_id=15622&scanf=24045&charge=2&value=sp|Q00610|CLH1_HUMAN,9,/core/www/modules/match_peptides/blast_html4.php?run_id=110202&search_id=114132&scans_id=110198&peptide_id=15622&scanf=24045&charge=2&value=9,K.NLILVVR.G,/core/www/modules/show_out/show_out_wrapper.php?run_id=110202&search_id=114132&scans_id=110198&peptide_id=15622&scanf=24045&charge=2&value=K.NLILVVR.G,CLTC,5.054e+6,2.785,0.008,2.091,0.000
24050,2,"  3.469","  0.553",13/22,/core/www/modules//sdig/index.php?run_id=110202&search_id=114132&scans_id=110198&peptide_id=15627&scanf=24050&charge=2&value=13/22,sp|Q9Y6A4|CFA20_HUMAN,/core/www/modules//consensus/?run_id=110202&search_id=114132&scans_id=110198&peptide_id=15627&scanf=24050&charge=2&value=sp|Q9Y6A4|CFA20_HUMAN,0,/core/www/modules/match_peptides/blast_html4.php?run_id=110202&search_id=114132&scans_id=110198&peptide_id=15627&scanf=24050&charge=2&value=0,R.LYSEDELPAEFK.L,/core/www/modules/show_out/show_out_wrapper.php?run_id=110202&search_id=114132&scans_id=110198&peptide_id=15627&scanf=24050&charge=2&value=R.LYSEDELPAEFK.L,CFAP20,1.891e+7,3.375,0.001,2.964,0.000
24053,2,"  2.228","  0.345",8/16,/core/www/modules//sdig/index.php?run_id=110202&search_id=114132&scans_id=110198&peptide_id=15630&scanf=24053&charge=2&value=8/16,sp|Q14202|ZMYM3_HUMAN,/core/www/modules//consensus/?run_id=110202&search_id=114132&scans_id=110198&peptide_id=15630&scanf=24053&charge=2&value=sp|Q14202|ZMYM3_HUMAN,2,/core/www/modules/match_peptides/blast_html4.php?run_id=110202&search_id=114132&scans_id=110198&peptide_id=15630&scanf=24053&charge=2&value=2,R.SMLESMLNR.I,/core/www/modules/show_out/show_out_wrapper.php?run_id=110202&search_id=114132&scans_id=110198&peptide_id=15630&scanf=24053&charge=2&value=R.SMLESMLNR.I,ZMYM3,2.787e+7,2.593,0.015,1.810,0.000
24055,2,"  3.510","  0.642",14/22,/core/www/modules//sdig/index.php?run_id=110202&search_id=114132&scans_id=110198&peptide_id=15632&scanf=24055&charge=2&value=14/22,sp|Q13247|SRSF6_HUMAN,/core/www/modules//consensus/?run_id=110202&search_id=114132&scans_id=110198&peptide_id=15632&scanf=24055&charge=2&value=sp|Q13247|SRSF6_HUMAN,4,/core/www/modules/match_peptides/blast_html4.php?run_id=110202&search_id=114132&scans_id=110198&peptide_id=15632&scanf=24055&charge=2&value=4,K.NGYGFVEFEDSR.D,/core/www/modules/show_out/show_out_wrapper.php?run_id=110202&search_id=114132&scans_id=110198&peptide_id=15632&scanf=24055&charge=2&value=K.NGYGFVEFEDSR.D,SRSF6,1.888e+7,3.758,0.000,3.530,0.000
24056,3,"  3.448","  0.490",16/56,/core/www/modules//sdig/index.php?run_id=110202&search_id=114132&scans_id=110198&peptide_id=15633&scanf=24056&charge=3&value=16/56,tr|K7EJE8|K7EJE8_HUMAN,/core/www/modules//consensus/?run_id=110202&search_id=114132&scans_id=110198&peptide_id=15633&scanf=24056&charge=3&value=tr|K7EJE8|K7EJE8_HUMAN,4,/core/www/modules/match_peptides/blast_html4.php?run_id=110202&search_id=114132&scans_id=110198&peptide_id=15633&scanf=24056&charge=3&value=4,K.LGLLDNHSSEFNVTR.N,/core/www/modules/show_out/show_out_wrapper.php?run_id=110202&search_id=114132&scans_id=110198&peptide_id=15633&scanf=24056&charge=3&value=K.LGLLDNHSSEFNVTR.N,LONP1,6.617e+6,3.127,0.003,2.596,0.000
24057,2,"  1.536","  0.314",7/14,/core/www/modules//sdig/index.php?run_id=110202&search_id=114132&scans_id=110198&peptide_id=15634&scanf=24057&charge=2&value=7/14,sp|Q00325|MPCP_HUMAN,/core/www/modules//consensus/?run_id=110202&search_id=114132&scans_id=110198&peptide_id=15634&scanf=24057&charge=2&value=sp|Q00325|MPCP_HUMAN,1,/core/www/modules/match_peptides/blast_html4.php?run_id=110202&search_id=114132&scans_id=110198&peptide_id=15634&scanf=24057&charge=2&value=1,K.GVAPLWMR.Q,/core/www/modules/show_out/show_out_wrapper.php?run_id=110202&search_id=114132&scans_id=110198&peptide_id=15634&scanf=24057&charge=2&value=K.GVAPLWMR.Q,SLC25A3,4.861e+7,2.469,0.024,1.629,0.001
24058,3,"  2.749","  0.412",14/40,/core/www/modules//sdig/index.php?run_id=110202&search_id=114132&scans_id=110198&peptide_id=15635&scanf=24058&charge=3&value=14/40,sp|P08865|RSSA_HUMAN,/core/www/modules//consensus/?run_id=110202&search_id=114132&scans_id=110198&peptide_id=15635&scanf=24058&charge=3&value=sp|P08865|RSSA_HUMAN,6,/core/www/modules/match_peptides/blast_html4.php?run_id=110202&search_id=114132&scans_id=110198&peptide_id=15635&scanf=24058&charge=3&value=6,R.KSDGIYIINLK.R,/core/www/modules/show_out/show_out_wrapper.php?run_id=110202&search_id=114132&scans_id=110198&peptide_id=15635&scanf=24058&charge=3&value=R.KSDGIYIINLK.R,RPSA,6.215e+6,2.770,0.009,2.069,0.000
24059,3,"  1.828","  0.506",13/60,/core/www/modules//sdig/index.php?run_id=110202&search_id=114132&scans_id=110198&peptide_id=15636&scanf=24059&charge=3&value=13/60,sp|P62736|ACTA_HUMAN,/core/www/modules//consensus/?run_id=110202&search_id=114132&scans_id=110198&peptide_id=15636&scanf=24059&charge=3&value=sp|P62736|ACTA_HUMAN,8,/core/www/modules/match_peptides/blast_html4.php?run_id=110202&search_id=114132&scans_id=110198&peptide_id=15636&scanf=24059&charge=3&value=8,K.YPIEHGIITNWDDMEK.I,/core/www/modules/show_out/show_out_wrapper.php?run_id=110202&search_id=114132&scans_id=110198&peptide_id=15636&scanf=24059&charge=3&value=K.YPIEHGIITNWDDMEK.I,ACTA2,2.084e+7,2.993,0.004,2.398,0.000
24060,3,"  3.353","  0.507",14/56,/core/www/modules//sdig/index.php?run_id=110202&search_id=114132&scans_id=110198&peptide_id=15638&scanf=24060&charge=3&value=14/56,sp|P61224|RAP1B_HUMAN,/core/www/modules//consensus/?run_id=110202&search_id=114132&scans_id=110198&peptide_id=15638&scanf=24060&charge=3&value=sp|P61224|RAP1B_HUMAN,9,/core/www/modules/match_peptides/blast_html4.php?run_id=110202&search_id=114132&scans_id=110198&peptide_id=15638&scanf=24060&charge=3&value=9,R.VKDTDDVPMILVGNK.C,/core/www/modules/show_out/show_out_wrapper.php?run_id=110202&search_id=114132&scans_id=110198&peptide_id=15638&scanf=24060&charge=3&value=R.VKDTDDVPMILVGNK.C,RAP1B,2.039e+7,2.807,0.008,2.123,0.000
24062,2,"  1.585","  0.040",8/12,/core/www/modules//sdig/index.php?run_id=110202&search_id=114132&scans_id=110198&peptide_id=15640&scanf=24062&charge=2&value=8/12,sp|Q15061|WDR43_HUMAN,/core/www/modules//consensus/?run_id=110202&search_id=114132&scans_id=110198&peptide_id=15640&scanf=24062&charge=2&value=sp|Q15061|WDR43_HUMAN,2,/core/www/modules/match_peptides/blast_html4.php?run_id=110202&search_id=114132&scans_id=110198&peptide_id=15640&scanf=24062&charge=2&value=2,K.LWVLETK.E,/core/www/modules/show_out/show_out_wrapper.php?run_id=110202&search_id=114132&scans_id=110198&peptide_id=15640&scanf=24062&charge=2&value=K.LWVLETK.E,WDR43,9.181e+6,1.863,0.160,0.795,0.008
24064,2,"  3.813","  0.551",15/28,/core/www/modules//sdig/index.php?run_id=110202&search_id=114132&scans_id=110198&peptide_id=15642&scanf=24064&charge=2&value=15/28,sp|P62753|RS6_HUMAN,/core/www/modules//consensus/?run_id=110202&search_id=114132&scans_id=110198&peptide_id=15642&scanf=24064&charge=2&value=sp|P62753|RS6_HUMAN,2,/core/www/modules/match_peptides/blast_html4.php?run_id=110202&search_id=114132&scans_id=110198&peptide_id=15642&scanf=24064&charge=2&value=2,R.M*ATEVAADALGEEWK.G,/core/www/modules/show_out/show_out_wrapper.php?run_id=110202&search_id=114132&scans_id=110198&peptide_id=15642&scanf=24064&charge=2&value=R.M*ATEVAADALGEEWK.G,RPS6,1.104e+7,3.137,0.002,2.610,0.000
24066,3,"  2.884","  0.427",14/68,/core/www/modules//sdig/index.php?run_id=110202&search_id=114132&scans_id=110198&peptide_id=15644&scanf=24066&charge=3&value=14/68,sp|P35613|BASI_HUMAN,/core/www/modules//consensus/?run_id=110202&search_id=114132&scans_id=110198&peptide_id=15644&scanf=24066&charge=3&value=sp|P35613|BASI_HUMAN,4,/core/www/modules/match_peptides/blast_html4.php?run_id=110202&search_id=114132&scans_id=110198&peptide_id=15644&scanf=24066&charge=3&value=4,R.SELHIENLNMEADPGQYR.C,/core/www/modules/show_out/show_out_wrapper.php?run_id=110202&search_id=114132&scans_id=110198&peptide_id=15644&scanf=24066&charge=3&value=R.SELHIENLNMEADPGQYR.C,BSG,3.469e+6,2.638,0.013,1.876,0.000
24067,2,"  4.028","  0.718",19/30,/core/www/modules//sdig/index.php?run_id=110202&search_id=114132&scans_id=110198&peptide_id=15645&scanf=24067&charge=2&value=19/30,sp|Q05048|CSTF1_HUMAN,/core/www/modules//consensus/?run_id=110202&search_id=114132&scans_id=110198&peptide_id=15645&scanf=24067&charge=2&value=sp|Q05048|CSTF1_HUMAN,2,/core/www/modules/match_peptides/blast_html4.php?run_id=110202&search_id=114132&scans_id=110198&peptide_id=15645&scanf=24067&charge=2&value=2,K.LGMENDDTAVQYAIGR.S,/core/www/modules/show_out/show_out_wrapper.php?run_id=110202&search_id=114132&scans_id=110198&peptide_id=15645&scanf=24067&charge=2&value=K.LGMENDDTAVQYAIGR.S,CSTF1,4.811e+6,3.918,0.000,3.768,0.000
24068,3,"  2.594","  0.449",14/56,/core/www/modules//sdig/index.php?run_id=110202&search_id=114132&scans_id=110198&peptide_id=15646&scanf=24068&charge=3&value=14/56,sp|Q9NXF1|TEX10_HUMAN,/core/www/modules//consensus/?run_id=110202&search_id=114132&scans_id=110198&peptide_id=15646&scanf=24068&charge=3&value=sp|Q9NXF1|TEX10_HUMAN,0,/core/www/modules/match_peptides/blast_html4.php?run_id=110202&search_id=114132&scans_id=110198&peptide_id=15646&scanf=24068&charge=3&value=0,K.ENPHATSNSIFINWK.E,/core/www/modules/show_out/show_out_wrapper.php?run_id=110202&search_id=114132&scans_id=110198&peptide_id=15646&scanf=24068&charge=3&value=K.ENPHATSNSIFINWK.E,TEX10,1.013e+7,2.963,0.004,2.353,0.000
24071,2,"  2.196","  0.465",10/14,/core/www/modules//sdig/index.php?run_id=110202&search_id=114132&scans_id=110198&peptide_id=15649&scanf=24071&charge=2&value=10/14,sp|Q8IY81|SPB1_HUMAN,/core/www/modules//consensus/?run_id=110202&search_id=114132&scans_id=110198&peptide_id=15649&scanf=24071&charge=2&value=sp|Q8IY81|SPB1_HUMAN,0,/core/www/modules/match_peptides/blast_html4.php?run_id=110202&search_id=114132&scans_id=110198&peptide_id=15649&scanf=24071&charge=2&value=0,R.TSVTDFLR.A,/core/www/modules/show_out/show_out_wrapper.php?run_id=110202&search_id=114132&scans_id=110198&peptide_id=15649&scanf=24071&charge=2&value=R.TSVTDFLR.A,FTSJ3,8.911e+7,3.414,0.001,3.020,0.000
24072,2,"  1.790","  0.414",9/22,/core/www/modules//sdig/index.php?run_id=110202&search_id=114132&scans_id=110198&peptide_id=15650&scanf=24072&charge=2&value=9/22,sp|Q96GQ7|DDX27_HUMAN,/core/www/modules//consensus/?run_id=110202&search_id=114132&scans_id=110198&peptide_id=15650&scanf=24072&charge=2&value=sp|Q96GQ7|DDX27_HUMAN,2,/core/www/modules/match_peptides/blast_html4.php?run_id=110202&search_id=114132&scans_id=110198&peptide_id=15650&scanf=24072&charge=2&value=2,R.AAPDILIATPGR.L,/core/www/modules/show_out/show_out_wrapper.php?run_id=110202&search_id=114132&scans_id=110198&peptide_id=15650&scanf=24072&charge=2&value=R.AAPDILIATPGR.L,DDX27,2.419e+7,2.662,0.012,1.911,0.000
24077,4,"  5.353","  0.495",20/138,/core/www/modules//sdig/index.php?run_id=110202&search_id=114132&scans_id=110198&peptide_id=15655&scanf=24077&charge=4&value=20/138,sp|Q8TDN6|BRX1_HUMAN,/core/www/modules//consensus/?run_id=110202&search_id=114132&scans_id=110198&peptide_id=15655&scanf=24077&charge=4&value=sp|Q8TDN6|BRX1_HUMAN,0,/core/www/modules/match_peptides/blast_html4.php?run_id=110202&search_id=114132&scans_id=110198&peptide_id=15655&scanf=24077&charge=4&value=0,K.IFQGSFGGPTLYENPHYQSPNMHR.R,/core/www/modules/show_out/show_out_wrapper.php?run_id=110202&search_id=114132&scans_id=110198&peptide_id=15655&scanf=24077&charge=4&value=K.IFQGSFGGPTLYENPHYQSPNMHR.R,BRIX1,1.873e+7,3.248,0.002,2.775,0.000
24079,2,"  1.978","  0.498",7/14,/core/www/modules//sdig/index.php?run_id=110202&search_id=114132&scans_id=110198&peptide_id=15657&scanf=24079&charge=2&value=7/14,sp|Q02040|AK17A_HUMAN,/core/www/modules//consensus/?run_id=110202&search_id=114132&scans_id=110198&peptide_id=15657&scanf=24079&charge=2&value=sp|Q02040|AK17A_HUMAN,1,/core/www/modules/match_peptides/blast_html4.php?run_id=110202&search_id=114132&scans_id=110198&peptide_id=15657&scanf=24079&charge=2&value=1,R.HDWDSFFR.D,/core/www/modules/show_out/show_out_wrapper.php?run_id=110202&search_id=114132&scans_id=110198&peptide_id=15657&scanf=24079&charge=2&value=R.HDWDSFFR.D,AKAP17A,9.485e+6,3.178,0.002,2.672,0.000
24080,2,"  2.166","  0.321",10/16,/core/www/modules//sdig/index.php?run_id=110202&search_id=114132&scans_id=110198&peptide_id=15659&scanf=24080&charge=2&value=10/16,sp|Q96QK1|VPS35_HUMAN,/core/www/modules//consensus/?run_id=110202&search_id=114132&scans_id=110198&peptide_id=15659&scanf=24080&charge=2&value=sp|Q96QK1|VPS35_HUMAN,0,/core/www/modules/match_peptides/blast_html4.php?run_id=110202&search_id=114132&scans_id=110198&peptide_id=15659&scanf=24080&charge=2&value=0,K.AELAELPLR.L,/core/www/modules/show_out/show_out_wrapper.php?run_id=110202&search_id=114132&scans_id=110198&peptide_id=15659&scanf=24080&charge=2&value=K.AELAELPLR.L,VPS35,6.238e+6,2.728,0.010,2.007,0.000
24081,2,"  2.492","  0.517",11/20,/core/www/modules//sdig/index.php?run_id=110202&search_id=114132&scans_id=110198&peptide_id=15660&scanf=24081&charge=2&value=11/20,sp|P13639|EF2_HUMAN,/core/www/modules//consensus/?run_id=110202&search_id=114132&scans_id=110198&peptide_id=15660&scanf=24081&charge=2&value=sp|P13639|EF2_HUMAN,0,/core/www/modules/match_peptides/blast_html4.php?run_id=110202&search_id=114132&scans_id=110198&peptide_id=15660&scanf=24081&charge=2&value=0,R.VFSGLVSTGLK.V,/core/www/modules/show_out/show_out_wrapper.php?run_id=110202&search_id=114132&scans_id=110198&peptide_id=15660&scanf=24081&charge=2&value=R.VFSGLVSTGLK.V,EEF2,2.680e+7,3.244,0.002,2.769,0.000
24084,3,"  3.844","  0.481",17/52,/core/www/modules//sdig/index.php?run_id=110202&search_id=114132&scans_id=110198&peptide_id=15663&scanf=24084&charge=3&value=17/52,sp|Q9Y3I0|RTCB_HUMAN,/core/www/modules//consensus/?run_id=110202&search_id=114132&scans_id=110198&peptide_id=15663&scanf=24084&charge=3&value=sp|Q9Y3I0|RTCB_HUMAN,0,/core/www/modules/match_peptides/blast_html4.php?run_id=110202&search_id=114132&scans_id=110198&peptide_id=15663&scanf=24084&charge=3&value=0,K.QIGNVAALPGIVHR.S,/core/www/modules/show_out/show_out_wrapper.php?run_id=110202&search_id=114132&scans_id=110198&peptide_id=15663&scanf=24084&charge=3&value=K.QIGNVAALPGIVHR.S,RTCB,2.186e+7,3.174,0.002,2.666,0.000
24087,2,"  1.923","  0.563",9/14,/core/www/modules//sdig/index.php?run_id=110202&search_id=114132&scans_id=110198&peptide_id=15666&scanf=24087&charge=2&value=9/14,sp|P49748|ACADV_HUMAN,/core/www/modules//consensus/?run_id=110202&search_id=114132&scans_id=110198&peptide_id=15666&scanf=24087&charge=2&value=sp|P49748|ACADV_HUMAN,2,/core/www/modules/match_peptides/blast_html4.php?run_id=110202&search_id=114132&scans_id=110198&peptide_id=15666&scanf=24087&charge=2&value=2,K.SFAVGMFK.G,/core/www/modules/show_out/show_out_wrapper.php?run_id=110202&search_id=114132&scans_id=110198&peptide_id=15666&scanf=24087&charge=2&value=K.SFAVGMFK.G,ACADVL,7.845e+6,3.549,0.001,3.221,0.000
24089,2,"  1.107","  0.272",8/18,/core/www/modules//sdig/index.php?run_id=110202&search_id=114132&scans_id=110198&peptide_id=15668&scanf=24089&charge=2&value=8/18,sp|P60903|S10AA_HUMAN,/core/www/modules//consensus/?run_id=110202&search_id=114132&scans_id=110198&peptide_id=15668&scanf=24089&charge=2&value=sp|P60903|S10AA_HUMAN,0,/core/www/modules/match_peptides/blast_html4.php?run_id=110202&search_id=114132&scans_id=110198&peptide_id=15668&scanf=24089&charge=2&value=0,K.EFPGFLENQK.D,/core/www/modules/show_out/show_out_wrapper.php?run_id=110202&search_id=114132&scans_id=110198&peptide_id=15668&scanf=24089&charge=2&value=K.EFPGFLENQK.D,S100A10,4.925e+6,2.164,0.064,1.196,0.002
24090,2,"  2.287","  0.317",12/24,/core/www/modules//sdig/index.php?run_id=110202&search_id=114132&scans_id=110198&peptide_id=15670&scanf=24090&charge=2&value=12/24,sp|Q13200|PSMD2_HUMAN,/core/www/modules//consensus/?run_id=110202&search_id=114132&scans_id=110198&peptide_id=15670&scanf=24090&charge=2&value=sp|Q13200|PSMD2_HUMAN,2,/core/www/modules/match_peptides/blast_html4.php?run_id=110202&search_id=114132&scans_id=110198&peptide_id=15670&scanf=24090&charge=2&value=2,K.DTSLYRPALEELR.R,/core/www/modules/show_out/show_out_wrapper.php?run_id=110202&search_id=114132&scans_id=110198&peptide_id=15670&scanf=24090&charge=2&value=K.DTSLYRPALEELR.R,PSMD2,3.324e+6,2.458,0.024,1.613,0.001
24092,2,"  2.303","  0.521",11/18,/core/www/modules//sdig/index.php?run_id=110202&search_id=114132&scans_id=110198&peptide_id=15671&scanf=24092&charge=2&value=11/18,sp|P46776|RL27A_HUMAN,/core/www/modules//consensus/?run_id=110202&search_id=114132&scans_id=110198&peptide_id=15671&scanf=24092&charge=2&value=sp|P46776|RL27A_HUMAN,2,/core/www/modules/match_peptides/blast_html4.php?run_id=110202&search_id=114132&scans_id=110198&peptide_id=15671&scanf=24092&charge=2&value=2,K.LWTLVSEQTR.V,/core/www/modules/show_out/show_out_wrapper.php?run_id=110202&search_id=114132&scans_id=110198&peptide_id=15671&scanf=24092&charge=2&value=K.LWTLVSEQTR.V,RPL27A,1.502e+8,3.314,0.001,2.872,0.000
24096,3,"  3.905","  0.517",17/48,/core/www/modules//sdig/index.php?run_id=110202&search_id=114132&scans_id=110198&peptide_id=15675&scanf=24096&charge=3&value=17/48,sp|Q68E01|INT3_HUMAN,/core/www/modules//consensus/?run_id=110202&search_id=114132&scans_id=110198&peptide_id=15675&scanf=24096&charge=3&value=sp|Q68E01|INT3_HUMAN,1,/core/www/modules/match_peptides/blast_html4.php?run_id=110202&search_id=114132&scans_id=110198&peptide_id=15675&scanf=24096&charge=3&value=1,R.QGVFSSLNHIVEK.R,/core/www/modules/show_out/show_out_wrapper.php?run_id=110202&search_id=114132&scans_id=110198&peptide_id=15675&scanf=24096&charge=3&value=R.QGVFSSLNHIVEK.R,INTS3,9.169e+6,3.410,0.001,3.014,0.000
24099,2,"  2.679","  0.439",10/16,/core/www/modules//sdig/index.php?run_id=110202&search_id=114132&scans_id=110198&peptide_id=15678&scanf=24099&charge=2&value=10/16,sp|P11387|TOP1_HUMAN,/core/www/modules//consensus/?run_id=110202&search_id=114132&scans_id=110198&peptide_id=15678&scanf=24099&charge=2&value=sp|P11387|TOP1_HUMAN,3,/core/www/modules/match_peptides/blast_html4.php?run_id=110202&search_id=114132&scans_id=110198&peptide_id=15678&scanf=24099&charge=2&value=3,K.NLQLFMENK.Q,/core/www/modules/show_out/show_out_wrapper.php?run_id=110202&search_id=114132&scans_id=110198&peptide_id=15678&scanf=24099&charge=2&value=K.NLQLFMENK.Q,TOP1,7.658e+7,3.272,0.002,2.811,0.000
24102,2,"  3.134","  0.297",12/24,/core/www/modules//sdig/index.php?run_id=110202&search_id=114132&scans_id=110198&peptide_id=15682&scanf=24102&charge=2&value=12/24,sp|O00425|IF2B3_HUMAN,/core/www/modules//consensus/?run_id=110202&search_id=114132&scans_id=110198&peptide_id=15682&scanf=24102&charge=2&value=sp|O00425|IF2B3_HUMAN,3,/core/www/modules/match_peptides/blast_html4.php?run_id=110202&search_id=114132&scans_id=110198&peptide_id=15682&scanf=24102&charge=2&value=3,R.M*VIITGPPEAQFK.A,/core/www/modules/show_out/show_out_wrapper.php?run_id=110202&search_id=114132&scans_id=110198&peptide_id=15682&scanf=24102&charge=2&value=R.M*VIITGPPEAQFK.A,IGF2BP3,5.844e+6,2.385,0.031,1.509,0.001
24103,2,"  5.441","  0.636",21/28,/core/www/modules//sdig/index.php?run_id=110202&search_id=114132&scans_id=110198&peptide_id=15683&scanf=24103&charge=2&value=21/28,sp|Q14566|MCM6_HUMAN,/core/www/modules//consensus/?run_id=110202&search_id=114132&scans_id=110198&peptide_id=15683&scanf=24103&charge=2&value=sp|Q14566|MCM6_HUMAN,0,/core/www/modules/match_peptides/blast_html4.php?run_id=110202&search_id=114132&scans_id=110198&peptide_id=15683&scanf=24103&charge=2&value=0,K.EIESEIDSEEELINK.K,/core/www/modules/show_out/show_out_wrapper.php?run_id=110202&search_id=114132&scans_id=110198&peptide_id=15683&scanf=24103&charge=2&value=K.EIESEIDSEEELINK.K,MCM6,3.877e+6,3.910,0.000,3.756,0.000
24110,3,"  2.865","  0.343",10/64,/core/www/modules//sdig/index.php?run_id=110202&search_id=114132&scans_id=110198&peptide_id=15691&scanf=24110&charge=3&value=10/64,sp|Q01780|EXOSX_HUMAN,/core/www/modules//consensus/?run_id=110202&search_id=114132&scans_id=110198&peptide_id=15691&scanf=24110&charge=3&value=sp|Q01780|EXOSX_HUMAN,0,/core/www/modules/match_peptides/blast_html4.php?run_id=110202&search_id=114132&scans_id=110198&peptide_id=15691&scanf=24110&charge=3&value=0,R.REDESYGYVLPNHMMLK.I,/core/www/modules/show_out/show_out_wrapper.php?run_id=110202&search_id=114132&scans_id=110198&peptide_id=15691&scanf=24110&charge=3&value=R.REDESYGYVLPNHMMLK.I,EXOSC10,1.875e+6,2.094,0.080,1.098,0.003
24113,2,"  2.701","  0.634",11/20,/core/www/modules//sdig/index.php?run_id=110202&search_id=114132&scans_id=110198&peptide_id=15693&scanf=24113&charge=2&value=11/20,sp|Q9Y230|RUVB2_HUMAN,/core/www/modules//consensus/?run_id=110202&search_id=114132&scans_id=110198&peptide_id=15693&scanf=24113&charge=2&value=sp|Q9Y230|RUVB2_HUMAN,3,/core/www/modules/match_peptides/blast_html4.php?run_id=110202&search_id=114132&scans_id=110198&peptide_id=15693&scanf=24113&charge=2&value=3,R.GLGLDDALEPR.Q,/core/www/modules/show_out/show_out_wrapper.php?run_id=110202&search_id=114132&scans_id=110198&peptide_id=15693&scanf=24113&charge=2&value=R.GLGLDDALEPR.Q,RUVBL2,4.645e+8,3.606,0.000,3.305,0.000
24114,2,"  2.762","  0.607",9/16,/core/www/modules//sdig/index.php?run_id=110202&search_id=114132&scans_id=110198&peptide_id=15694&scanf=24114&charge=2&value=9/16,sp|P13639|EF2_HUMAN,/core/www/modules//consensus/?run_id=110202&search_id=114132&scans_id=110198&peptide_id=15694&scanf=24114&charge=2&value=sp|P13639|EF2_HUMAN,0,/core/www/modules/match_peptides/blast_html4.php?run_id=110202&search_id=114132&scans_id=110198&peptide_id=15694&scanf=24114&charge=2&value=0,K.GPLMMYISK.M,/core/www/modules/show_out/show_out_wrapper.php?run_id=110202&search_id=114132&scans_id=110198&peptide_id=15694&scanf=24114&charge=2&value=K.GPLMMYISK.M,EEF2,4.383e+7,3.664,0.000,3.391,0.000
24115,2,"  1.771","  0.274",10/14,/core/www/modules//sdig/index.php?run_id=110202&search_id=114132&scans_id=110198&peptide_id=15695&scanf=24115&charge=2&value=10/14,sp|O43390|HNRPR_HUMAN,/core/www/modules//consensus/?run_id=110202&search_id=114132&scans_id=110198&peptide_id=15695&scanf=24115&charge=2&value=sp|O43390|HNRPR_HUMAN,12,/core/www/modules/match_peptides/blast_html4.php?run_id=110202&search_id=114132&scans_id=110198&peptide_id=15695&scanf=24115&charge=2&value=12,K.AGPIWDLR.L,/core/www/modules/show_out/show_out_wrapper.php?run_id=110202&search_id=114132&scans_id=110198&peptide_id=15695&scanf=24115&charge=2&value=K.AGPIWDLR.L,HNRNPR,3.087e+8,2.797,0.008,2.109,0.000
24116,4,"  4.601","  0.374",16/120,/core/www/modules//sdig/index.php?run_id=110202&search_id=114132&scans_id=110198&peptide_id=15696&scanf=24116&charge=4&value=16/120,sp|P43243|MATR3_HUMAN,/core/www/modules//consensus/?run_id=110202&search_id=114132&scans_id=110198&peptide_id=15696&scanf=24116&charge=4&value=sp|P43243|MATR3_HUMAN,4,/core/www/modules/match_peptides/blast_html4.php?run_id=110202&search_id=114132&scans_id=110198&peptide_id=15696&scanf=24116&charge=4&value=4,R.DSFDDRGPSLNPVLDYDHGSR.S,/core/www/modules/show_out/show_out_wrapper.php?run_id=110202&search_id=114132&scans_id=110198&peptide_id=15696&scanf=24116&charge=4&value=R.DSFDDRGPSLNPVLDYDHGSR.S,MATR3,1.065e+7,2.649,0.013,1.891,0.000
24117,2,"  2.660","  0.389",8/14,/core/www/modules//sdig/index.php?run_id=110202&search_id=114132&scans_id=110198&peptide_id=15697&scanf=24117&charge=2&value=8/14,tr|H0YIC4|H0YIC4_HUMAN,/core/www/modules//consensus/?run_id=110202&search_id=114132&scans_id=110198&peptide_id=15697&scanf=24117&charge=2&value=tr|H0YIC4|H0YIC4_HUMAN,0,/core/www/modules/match_peptides/blast_html4.php?run_id=110202&search_id=114132&scans_id=110198&peptide_id=15697&scanf=24117&charge=2&value=0,R.ALGFPLER.K,/core/www/modules/show_out/show_out_wrapper.php?run_id=110202&search_id=114132&scans_id=110198&peptide_id=15697&scanf=24117&charge=2&value=R.ALGFPLER.K,CS,6.538e+6,2.923,0.005,2.295,0.000
24118,2,"  2.500","  0.232",8/14,/core/www/modules//sdig/index.php?run_id=110202&search_id=114132&scans_id=110198&peptide_id=15698&scanf=24118&charge=2&value=8/14,sp|Q15149|PLEC_HUMAN,/core/www/modules//consensus/?run_id=110202&search_id=114132&scans_id=110198&peptide_id=15698&scanf=24118&charge=2&value=sp|Q15149|PLEC_HUMAN,5,/core/www/modules/match_peptides/blast_html4.php?run_id=110202&search_id=114132&scans_id=110198&peptide_id=15698&scanf=24118&charge=2&value=5,R.LSYTQLLR.R,/core/www/modules/show_out/show_out_wrapper.php?run_id=110202&search_id=114132&scans_id=110198&peptide_id=15698&scanf=24118&charge=2&value=R.LSYTQLLR.R,PLEC,1.548e+7,2.955,0.005,2.342,0.000
24119,2,"  3.385","  0.628",12/22,/core/www/modules//sdig/index.php?run_id=110202&search_id=114132&scans_id=110198&peptide_id=15699&scanf=24119&charge=2&value=12/22,sp|P61160|ARP2_HUMAN,/core/www/modules//consensus/?run_id=110202&search_id=114132&scans_id=110198&peptide_id=15699&scanf=24119&charge=2&value=sp|P61160|ARP2_HUMAN,0,/core/www/modules/match_peptides/blast_html4.php?run_id=110202&search_id=114132&scans_id=110198&peptide_id=15699&scanf=24119&charge=2&value=0,K.ILLTEPPMNPTK.N,/core/www/modules/show_out/show_out_wrapper.php?run_id=110202&search_id=114132&scans_id=110198&peptide_id=15699&scanf=24119&charge=2&value=K.ILLTEPPMNPTK.N,ACTR2,1.783e+7,3.562,0.001,3.240,0.000
24120,2,"  1.710","  0.000",7/12,/core/www/modules//sdig/index.php?run_id=110202&search_id=114132&scans_id=110198&peptide_id=15701&scanf=24120&charge=2&value=7/12,sp|Q8IX18|DHX40_HUMAN,/core/www/modules//consensus/?run_id=110202&search_id=114132&scans_id=110198&peptide_id=15701&scanf=24120&charge=2&value=sp|Q8IX18|DHX40_HUMAN,13,/core/www/modules/match_peptides/blast_html4.php?run_id=110202&search_id=114132&scans_id=110198&peptide_id=15701&scanf=24120&charge=2&value=13,R.LILEALK.Q,/core/www/modules/show_out/show_out_wrapper.php?run_id=110202&search_id=114132&scans_id=110198&peptide_id=15701&scanf=24120&charge=2&value=R.LILEALK.Q,DHX40,1.237e+7,2.172,0.062,1.206,0.002
24121,3,"  2.255","  0.238",11/44,/core/www/modules//sdig/index.php?run_id=110202&search_id=114132&scans_id=110198&peptide_id=15702&scanf=24121&charge=3&value=11/44,sp|P53396|ACLY_HUMAN,/core/www/modules//consensus/?run_id=110202&search_id=114132&scans_id=110198&peptide_id=15702&scanf=24121&charge=3&value=sp|P53396|ACLY_HUMAN,0,/core/www/modules/match_peptides/blast_html4.php?run_id=110202&search_id=114132&scans_id=110198&peptide_id=15702&scanf=24121&charge=3&value=0,R.SMGFIGHYLDQK.R,/core/www/modules/show_out/show_out_wrapper.php?run_id=110202&search_id=114132&scans_id=110198&peptide_id=15702&scanf=24121&charge=3&value=R.SMGFIGHYLDQK.R,ACLY,7.863e+6,2.319,0.039,1.414,0.001
24123,2,"  1.950","  0.286",9/16,/core/www/modules//sdig/index.php?run_id=110202&search_id=114132&scans_id=110198&peptide_id=15704&scanf=24123&charge=2&value=9/16,sp|Q9NYU1|UGGG2_HUMAN,/core/www/modules//consensus/?run_id=110202&search_id=114132&scans_id=110198&peptide_id=15704&scanf=24123&charge=2&value=sp|Q9NYU1|UGGG2_HUMAN,1,/core/www/modules/match_peptides/blast_html4.php?run_id=110202&search_id=114132&scans_id=110198&peptide_id=15704&scanf=24123&charge=2&value=1,K.ANPGAWILR.L,/core/www/modules/show_out/show_out_wrapper.php?run_id=110202&search_id=114132&scans_id=110198&peptide_id=15704&scanf=24123&charge=2&value=K.ANPGAWILR.L,UGGT2,1.002e+7,2.426,0.027,1.567,0.001
24124,2,"  1.927","  0.489",8/12,/core/www/modules//sdig/index.php?run_id=110202&search_id=114132&scans_id=110198&peptide_id=15705&scanf=24124&charge=2&value=8/12,sp|O00139|KIF2A_HUMAN,/core/www/modules//consensus/?run_id=110202&search_id=114132&scans_id=110198&peptide_id=15705&scanf=24124&charge=2&value=sp|O00139|KIF2A_HUMAN,5,/core/www/modules/match_peptides/blast_html4.php?run_id=110202&search_id=114132&scans_id=110198&peptide_id=15705&scanf=24124&charge=2&value=5,K.VFDLLNR.K,/core/www/modules/show_out/show_out_wrapper.php?run_id=110202&search_id=114132&scans_id=110198&peptide_id=15705&scanf=24124&charge=2&value=K.VFDLLNR.K,KIF2A,6.313e+6,3.390,0.001,2.986,0.000
24126,3,"  2.421","  0.374",11/68,/core/www/modules//sdig/index.php?run_id=110202&search_id=114132&scans_id=110198&peptide_id=15707&scanf=24126&charge=3&value=11/68,sp|Q13610|PWP1_HUMAN,/core/www/modules//consensus/?run_id=110202&search_id=114132&scans_id=110198&peptide_id=15707&scanf=24126&charge=3&value=sp|Q13610|PWP1_HUMAN,1,/core/www/modules/match_peptides/blast_html4.php?run_id=110202&search_id=114132&scans_id=110198&peptide_id=15707&scanf=24126&charge=3&value=1,K.SSSAEGHTDAVLDLSWNK.L,/core/www/modules/show_out/show_out_wrapper.php?run_id=110202&search_id=114132&scans_id=110198&peptide_id=15707&scanf=24126&charge=3&value=K.SSSAEGHTDAVLDLSWNK.L,PWP1,3.394e+6,2.395,0.030,1.522,0.001
24130,2,"  3.560","  0.605",13/22,/core/www/modules//sdig/index.php?run_id=110202&search_id=114132&scans_id=110198&peptide_id=15712&scanf=24130&charge=2&value=13/22,sp|P38405|GNAL_HUMAN,/core/www/modules//consensus/?run_id=110202&search_id=114132&scans_id=110198&peptide_id=15712&scanf=24130&charge=2&value=sp|P38405|GNAL_HUMAN,14,/core/www/modules/match_peptides/blast_html4.php?run_id=110202&search_id=114132&scans_id=110198&peptide_id=15712&scanf=24130&charge=2&value=14,K.VNFHMFDVGGQR.D,/core/www/modules/show_out/show_out_wrapper.php?run_id=110202&search_id=114132&scans_id=110198&peptide_id=15712&scanf=24130&charge=2&value=K.VNFHMFDVGGQR.D,GNAL,3.003e+6,3.547,0.001,3.217,0.000
24131,2,"  6.236","  0.759",26/42,/core/www/modules//sdig/index.php?run_id=110202&search_id=114132&scans_id=110198&peptide_id=15713&scanf=24131&charge=2&value=26/42,sp|O75367|H2AY_HUMAN,/core/www/modules//consensus/?run_id=110202&search_id=114132&scans_id=110198&peptide_id=15713&scanf=24131&charge=2&value=sp|O75367|H2AY_HUMAN,2,/core/www/modules/match_peptides/blast_html4.php?run_id=110202&search_id=114132&scans_id=110198&peptide_id=15713&scanf=24131&charge=2&value=2,K.AASADSTTEGTPADGFTVLSTK.S,/core/www/modules/show_out/show_out_wrapper.php?run_id=110202&search_id=114132&scans_id=110198&peptide_id=15713&scanf=24131&charge=2&value=K.AASADSTTEGTPADGFTVLSTK.S,MACROH2A1,6.054e+6,3.933,0.000,3.790,0.000
24134,2,"  2.016","  0.330",10/20,/core/www/modules//sdig/index.php?run_id=110202&search_id=114132&scans_id=110198&peptide_id=15715&scanf=24134&charge=2&value=10/20,sp|O75367|H2AY_HUMAN,/core/www/modules//consensus/?run_id=110202&search_id=114132&scans_id=110198&peptide_id=15715&scanf=24134&charge=2&value=sp|O75367|H2AY_HUMAN,1,/core/www/modules/match_peptides/blast_html4.php?run_id=110202&search_id=114132&scans_id=110198&peptide_id=15715&scanf=24134&charge=2&value=1,K.SIAFPSIGSGR.N,/core/www/modules/show_out/show_out_wrapper.php?run_id=110202&search_id=114132&scans_id=110198&peptide_id=15715&scanf=24134&charge=2&value=K.SIAFPSIGSGR.N,MACROH2A1,3.224e+7,2.487,0.022,1.655,0.001
24135,3,"  6.533","  0.699",25/92,/core/www/modules//sdig/index.php?run_id=110202&search_id=114132&scans_id=110198&peptide_id=15716&scanf=24135&charge=3&value=25/92,sp|Q8TDN6|BRX1_HUMAN,/core/www/modules//consensus/?run_id=110202&search_id=114132&scans_id=110198&peptide_id=15716&scanf=24135&charge=3&value=sp|Q8TDN6|BRX1_HUMAN,0,/core/www/modules/match_peptides/blast_html4.php?run_id=110202&search_id=114132&scans_id=110198&peptide_id=15716&scanf=24135&charge=3&value=0,K.IFQGSFGGPTLYENPHYQSPNMHR.R,/core/www/modules/show_out/show_out_wrapper.php?run_id=110202&search_id=114132&scans_id=110198&peptide_id=15716&scanf=24135&charge=3&value=K.IFQGSFGGPTLYENPHYQSPNMHR.R,BRIX1,4.733e+6,3.695,0.000,3.437,0.000
24137,2,"  2.268","  0.432",9/16,/core/www/modules//sdig/index.php?run_id=110202&search_id=114132&scans_id=110198&peptide_id=15718&scanf=24137&charge=2&value=9/16,sp|Q9NYU2|UGGG1_HUMAN,/core/www/modules//consensus/?run_id=110202&search_id=114132&scans_id=110198&peptide_id=15718&scanf=24137&charge=2&value=sp|Q9NYU2|UGGG1_HUMAN,0,/core/www/modules/match_peptides/blast_html4.php?run_id=110202&search_id=114132&scans_id=110198&peptide_id=15718&scanf=24137&charge=2&value=0,R.IEYQFFEDR.H,/core/www/modules/show_out/show_out_wrapper.php?run_id=110202&search_id=114132&scans_id=110198&peptide_id=15718&scanf=24137&charge=2&value=R.IEYQFFEDR.H,UGGT1,5.770e+6,3.002,0.004,2.412,0.000
24138,2,"  4.360","  0.645",20/36,/core/www/modules//sdig/index.php?run_id=110202&search_id=114132&scans_id=110198&peptide_id=15719&scanf=24138&charge=2&value=20/36,sp|P13804|ETFA_HUMAN,/core/www/modules//consensus/?run_id=110202&search_id=114132&scans_id=110198&peptide_id=15719&scanf=24138&charge=2&value=sp|P13804|ETFA_HUMAN,12,/core/www/modules/match_peptides/blast_html4.php?run_id=110202&search_id=114132&scans_id=110198&peptide_id=15719&scanf=24138&charge=2&value=12,R.AAVDAGFVPNDMQVGQTGK.I,/core/www/modules/show_out/show_out_wrapper.php?run_id=110202&search_id=114132&scans_id=110198&peptide_id=15719&scanf=24138&charge=2&value=R.AAVDAGFVPNDMQVGQTGK.I,ETFA,3.909e+6,3.386,0.001,2.979,0.000
24139,4,"  5.040","  0.564",21/132,/core/www/modules//sdig/index.php?run_id=110202&search_id=114132&scans_id=110198&peptide_id=15720&scanf=24139&charge=4&value=21/132,sp|Q92922|SMRC1_HUMAN,/core/www/modules//consensus/?run_id=110202&search_id=114132&scans_id=110198&peptide_id=15720&scanf=24139&charge=4&value=sp|Q92922|SMRC1_HUMAN,0,/core/www/modules/match_peptides/blast_html4.php?run_id=110202&search_id=114132&scans_id=110198&peptide_id=15720&scanf=24139&charge=4&value=0,K.ASHHIYPYSSSQDDEEWLRPVMR.K,/core/www/modules/show_out/show_out_wrapper.php?run_id=110202&search_id=114132&scans_id=110198&peptide_id=15720&scanf=24139&charge=4&value=K.ASHHIYPYSSSQDDEEWLRPVMR.K,SMARCC1,3.367e+6,3.447,0.001,3.070,0.000
24140,2,"  3.177","  0.577",12/18,/core/www/modules//sdig/index.php?run_id=110202&search_id=114132&scans_id=110198&peptide_id=15722&scanf=24140&charge=2&value=12/18,sp|P29590|PML_HUMAN,/core/www/modules//consensus/?run_id=110202&search_id=114132&scans_id=110198&peptide_id=15722&scanf=24140&charge=2&value=sp|P29590|PML_HUMAN,0,/core/www/modules/match_peptides/blast_html4.php?run_id=110202&search_id=114132&scans_id=110198&peptide_id=15722&scanf=24140&charge=2&value=0,R.SAMAAVLAMR.D,/core/www/modules/show_out/show_out_wrapper.php?run_id=110202&search_id=114132&scans_id=110198&peptide_id=15722&scanf=24140&charge=2&value=R.SAMAAVLAMR.D,PML,6.742e+6,3.640,0.000,3.356,0.000
24141,2,"  2.971","  0.567",17/28,/core/www/modules//sdig/index.php?run_id=110202&search_id=114132&scans_id=110198&peptide_id=15723&scanf=24141&charge=2&value=17/28,sp|P08670|VIME_HUMAN,/core/www/modules//consensus/?run_id=110202&search_id=114132&scans_id=110198&peptide_id=15723&scanf=24141&charge=2&value=sp|P08670|VIME_HUMAN,0,/core/www/modules/match_peptides/blast_html4.php?run_id=110202&search_id=114132&scans_id=110198&peptide_id=15723&scanf=24141&charge=2&value=0,R.ETNLDSLPLVDTHSK.R,/core/www/modules/show_out/show_out_wrapper.php?run_id=110202&search_id=114132&scans_id=110198&peptide_id=15723&scanf=24141&charge=2&value=R.ETNLDSLPLVDTHSK.R,VIM,3.077e+8,3.811,0.000,3.609,0.000
24142,3,"  3.420","  0.421",15/68,/core/www/modules//sdig/index.php?run_id=110202&search_id=114132&scans_id=110198&peptide_id=15724&scanf=24142&charge=3&value=15/68,sp|Q15029|U5S1_HUMAN,/core/www/modules//consensus/?run_id=110202&search_id=114132&scans_id=110198&peptide_id=15724&scanf=24142&charge=3&value=sp|Q15029|U5S1_HUMAN,0,/core/www/modules/match_peptides/blast_html4.php?run_id=110202&search_id=114132&scans_id=110198&peptide_id=15724&scanf=24142&charge=3&value=0,R.GHVTQDAPIPGSPLYTIK.A,/core/www/modules/show_out/show_out_wrapper.php?run_id=110202&search_id=114132&scans_id=110198&peptide_id=15724&scanf=24142&charge=3&value=R.GHVTQDAPIPGSPLYTIK.A,EFTUD2,2.225e+7,2.783,0.008,2.088,0.000
24145,3,"  3.524","  0.433",12/44,/core/www/modules//sdig/index.php?run_id=110202&search_id=114132&scans_id=110198&peptide_id=15727&scanf=24145&charge=3&value=12/44,sp|P78527|PRKDC_HUMAN,/core/www/modules//consensus/?run_id=110202&search_id=114132&scans_id=110198&peptide_id=15727&scanf=24145&charge=3&value=sp|P78527|PRKDC_HUMAN,0,/core/www/modules/match_peptides/blast_html4.php?run_id=110202&search_id=114132&scans_id=110198&peptide_id=15727&scanf=24145&charge=3&value=0,R.LYSLALHPNAFK.R,/core/www/modules/show_out/show_out_wrapper.php?run_id=110202&search_id=114132&scans_id=110198&peptide_id=15727&scanf=24145&charge=3&value=R.LYSLALHPNAFK.R,PRKDC,1.111e+8,3.834,0.000,3.644,0.000
24146,3,"  2.612","  0.242",13/44,/core/www/modules//sdig/index.php?run_id=110202&search_id=114132&scans_id=110198&peptide_id=15728&scanf=24146&charge=3&value=13/44,sp|Q5JRX3|PREP_HUMAN,/core/www/modules//consensus/?run_id=110202&search_id=114132&scans_id=110198&peptide_id=15728&scanf=24146&charge=3&value=sp|Q5JRX3|PREP_HUMAN,10,/core/www/modules/match_peptides/blast_html4.php?run_id=110202&search_id=114132&scans_id=110198&peptide_id=15728&scanf=24146&charge=3&value=10,R.IAEMTDIKPILR.K,/core/www/modules/show_out/show_out_wrapper.php?run_id=110202&search_id=114132&scans_id=110198&peptide_id=15728&scanf=24146&charge=3&value=R.IAEMTDIKPILR.K,PITRM1,4.757e+6,2.338,0.036,1.440,0.001
24152,2,"  2.521","  0.483",11/20,/core/www/modules//sdig/index.php?run_id=110202&search_id=114132&scans_id=110198&peptide_id=15735&scanf=24152&charge=2&value=11/20,sp|Q96GM5|SMRD1_HUMAN,/core/www/modules//consensus/?run_id=110202&search_id=114132&scans_id=110198&peptide_id=15735&scanf=24152&charge=2&value=sp|Q96GM5|SMRD1_HUMAN,0,/core/www/modules/match_peptides/blast_html4.php?run_id=110202&search_id=114132&scans_id=110198&peptide_id=15735&scanf=24152&charge=2&value=0,R.IFISNTFNPAK.S,/core/www/modules/show_out/show_out_wrapper.php?run_id=110202&search_id=114132&scans_id=110198&peptide_id=15735&scanf=24152&charge=2&value=R.IFISNTFNPAK.S,SMARCD1,2.319e+7,3.114,0.003,2.577,0.000
24153,3,"  3.812","  0.448",10/64,/core/www/modules//sdig/index.php?run_id=110202&search_id=114132&scans_id=110198&peptide_id=15736&scanf=24153&charge=3&value=10/64,sp|Q9Y4A5|TRRAP_HUMAN,/core/www/modules//consensus/?run_id=110202&search_id=114132&scans_id=110198&peptide_id=15736&scanf=24153&charge=3&value=sp|Q9Y4A5|TRRAP_HUMAN,2,/core/www/modules/match_peptides/blast_html4.php?run_id=110202&search_id=114132&scans_id=110198&peptide_id=15736&scanf=24153&charge=3&value=2,R.SQSLPGADSLLAKPIDK.Q,/core/www/modules/show_out/show_out_wrapper.php?run_id=110202&search_id=114132&scans_id=110198&peptide_id=15736&scanf=24153&charge=3&value=R.SQSLPGADSLLAKPIDK.Q,TRRAP,3.269e+6,2.773,0.008,2.074,0.000
24155,2,"  3.196","  0.587",13/20,/core/www/modules//sdig/index.php?run_id=110202&search_id=114132&scans_id=110198&peptide_id=15737&scanf=24155&charge=2&value=13/20,sp|P50990|TCPQ_HUMAN,/core/www/modules//consensus/?run_id=110202&search_id=114132&scans_id=110198&peptide_id=15737&scanf=24155&charge=2&value=sp|P50990|TCPQ_HUMAN,0,/core/www/modules/match_peptides/blast_html4.php?run_id=110202&search_id=114132&scans_id=110198&peptide_id=15737&scanf=24155&charge=2&value=0,K.EDGAISTIVLR.G,/core/www/modules/show_out/show_out_wrapper.php?run_id=110202&search_id=114132&scans_id=110198&peptide_id=15737&scanf=24155&charge=2&value=K.EDGAISTIVLR.G,CCT8,1.795e+7,3.707,0.000,3.455,0.000
24158,2,"  3.911","  0.602",17/28,/core/www/modules//sdig/index.php?run_id=110202&search_id=114132&scans_id=110198&peptide_id=15740&scanf=24158&charge=2&value=17/28,sp|P46063|RECQ1_HUMAN,/core/www/modules//consensus/?run_id=110202&search_id=114132&scans_id=110198&peptide_id=15740&scanf=24158&charge=2&value=sp|P46063|RECQ1_HUMAN,2,/core/www/modules/match_peptides/blast_html4.php?run_id=110202&search_id=114132&scans_id=110198&peptide_id=15740&scanf=24158&charge=2&value=2,K.QLGISATMLNASSSK.E,/core/www/modules/show_out/show_out_wrapper.php?run_id=110202&search_id=114132&scans_id=110198&peptide_id=15740&scanf=24158&charge=2&value=K.QLGISATMLNASSSK.E,RECQL,1.316e+7,3.568,0.001,3.249,0.000
24159,2,"  3.167","  0.649",15/28,/core/www/modules//sdig/index.php?run_id=110202&search_id=114132&scans_id=110198&peptide_id=15741&scanf=24159&charge=2&value=15/28,sp|P42126|ECI1_HUMAN,/core/www/modules//consensus/?run_id=110202&search_id=114132&scans_id=110198&peptide_id=15741&scanf=24159&charge=2&value=sp|P42126|ECI1_HUMAN,0,/core/www/modules/match_peptides/blast_html4.php?run_id=110202&search_id=114132&scans_id=110198&peptide_id=15741&scanf=24159&charge=2&value=0,R.VLVEPDAGAGVAVMK.F,/core/www/modules/show_out/show_out_wrapper.php?run_id=110202&search_id=114132&scans_id=110198&peptide_id=15741&scanf=24159&charge=2&value=R.VLVEPDAGAGVAVMK.F,ECI1,5.116e+7,3.518,0.001,3.174,0.000
24161,2,"  4.586","  0.712",17/26,/core/www/modules//sdig/index.php?run_id=110202&search_id=114132&scans_id=110198&peptide_id=15744&scanf=24161&charge=2&value=17/26,sp|Q13765|NACA_HUMAN,/core/www/modules//consensus/?run_id=110202&search_id=114132&scans_id=110198&peptide_id=15744&scanf=24161&charge=2&value=sp|Q13765|NACA_HUMAN,7,/core/www/modules/match_peptides/blast_html4.php?run_id=110202&search_id=114132&scans_id=110198&peptide_id=15744&scanf=24161&charge=2&value=7,K.SPASDTYIVFGEAK.I,/core/www/modules/show_out/show_out_wrapper.php?run_id=110202&search_id=114132&scans_id=110198&peptide_id=15744&scanf=24161&charge=2&value=K.SPASDTYIVFGEAK.I,NACA,4.726e+6,4.017,0.000,3.915,0.000
24165,2,"  4.103","  0.627",18/26,/core/www/modules//sdig/index.php?run_id=110202&search_id=114132&scans_id=110198&peptide_id=15748&scanf=24165&charge=2&value=18/26,sp|Q4G0J3|LARP7_HUMAN,/core/www/modules//consensus/?run_id=110202&search_id=114132&scans_id=110198&peptide_id=15748&scanf=24165&charge=2&value=sp|Q4G0J3|LARP7_HUMAN,12,/core/www/modules/match_peptides/blast_html4.php?run_id=110202&search_id=114132&scans_id=110198&peptide_id=15748&scanf=24165&charge=2&value=12,K.AIEFLNNPPEEAPR.K,/core/www/modules/show_out/show_out_wrapper.php?run_id=110202&search_id=114132&scans_id=110198&peptide_id=15748&scanf=24165&charge=2&value=K.AIEFLNNPPEEAPR.K,LARP7,7.419e+6,3.798,0.000,3.590,0.000
24167,2,"  2.347","  0.440",9/14,/core/www/modules//sdig/index.php?run_id=110202&search_id=114132&scans_id=110198&peptide_id=15750&scanf=24167&charge=2&value=9/14,sp|P17480|UBF1_HUMAN,/core/www/modules//consensus/?run_id=110202&search_id=114132&scans_id=110198&peptide_id=15750&scanf=24167&charge=2&value=sp|P17480|UBF1_HUMAN,1,/core/www/modules/match_peptides/blast_html4.php?run_id=110202&search_id=114132&scans_id=110198&peptide_id=15750&scanf=24167&charge=2&value=1,K.DYEVELLR.F,/core/www/modules/show_out/show_out_wrapper.php?run_id=110202&search_id=114132&scans_id=110198&peptide_id=15750&scanf=24167&charge=2&value=K.DYEVELLR.F,UBTF,1.604e+7,3.246,0.002,2.772,0.000
24169,2,"  1.499","  0.226",8/20,/core/www/modules//sdig/index.php?run_id=110202&search_id=114132&scans_id=110198&peptide_id=15752&scanf=24169&charge=2&value=8/20,sp|P42285|MTREX_HUMAN,/core/www/modules//consensus/?run_id=110202&search_id=114132&scans_id=110198&peptide_id=15752&scanf=24169&charge=2&value=sp|P42285|MTREX_HUMAN,1,/core/www/modules/match_peptides/blast_html4.php?run_id=110202&search_id=114132&scans_id=110198&peptide_id=15752&scanf=24169&charge=2&value=1,K.M*TDVFEGSIIR.C,/core/www/modules/show_out/show_out_wrapper.php?run_id=110202&search_id=114132&scans_id=110198&peptide_id=15752&scanf=24169&charge=2&value=K.M*TDVFEGSIIR.C,MTREX,3.241e+6,2.080,0.083,1.080,0.003
24174,2,"  2.675","  0.340",8/22,/core/www/modules//sdig/index.php?run_id=110202&search_id=114132&scans_id=110198&peptide_id=15758&scanf=24174&charge=2&value=8/22,sp|Q92522|H1X_HUMAN,/core/www/modules//consensus/?run_id=110202&search_id=114132&scans_id=110198&peptide_id=15758&scanf=24174&charge=2&value=sp|Q92522|H1X_HUMAN,0,/core/www/modules/match_peptides/blast_html4.php?run_id=110202&search_id=114132&scans_id=110198&peptide_id=15758&scanf=24174&charge=2&value=0,K.ALVQNDTLLQVK.G,/core/www/modules/show_out/show_out_wrapper.php?run_id=110202&search_id=114132&scans_id=110198&peptide_id=15758&scanf=24174&charge=2&value=K.ALVQNDTLLQVK.G,H1-10,1.135e+8,2.350,0.035,1.458,0.001
24176,3,"  3.042","  0.000",12/44,/core/www/modules//sdig/index.php?run_id=110202&search_id=114132&scans_id=110198&peptide_id=15759&scanf=24176&charge=3&value=12/44,sp|P0DPH7|TBA3C_HUMAN,/core/www/modules//consensus/?run_id=110202&search_id=114132&scans_id=110198&peptide_id=15759&scanf=24176&charge=3&value=sp|P0DPH7|TBA3C_HUMAN,0,/core/www/modules/match_peptides/blast_html4.php?run_id=110202&search_id=114132&scans_id=110198&peptide_id=15759&scanf=24176&charge=3&value=0,R.QLFHPEQLITGK.E,/core/www/modules/show_out/show_out_wrapper.php?run_id=110202&search_id=114132&scans_id=110198&peptide_id=15759&scanf=24176&charge=3&value=R.QLFHPEQLITGK.E,TUBA3C,8.198e+7,3.354,0.001,2.932,0.000
24177,4,"  3.913","  0.483",18/120,/core/www/modules//sdig/index.php?run_id=110202&search_id=114132&scans_id=110198&peptide_id=15760&scanf=24177&charge=4&value=18/120,sp|P43243|MATR3_HUMAN,/core/www/modules//consensus/?run_id=110202&search_id=114132&scans_id=110198&peptide_id=15760&scanf=24177&charge=4&value=sp|P43243|MATR3_HUMAN,4,/core/www/modules/match_peptides/blast_html4.php?run_id=110202&search_id=114132&scans_id=110198&peptide_id=15760&scanf=24177&charge=4&value=4,R.DSFDDRGPSLNPVLDYDHGSR.S,/core/www/modules/show_out/show_out_wrapper.php?run_id=110202&search_id=114132&scans_id=110198&peptide_id=15760&scanf=24177&charge=4&value=R.DSFDDRGPSLNPVLDYDHGSR.S,MATR3,1.065e+7,2.920,0.005,2.291,0.000
24179,3,"  6.526","  0.724",23/76,/core/www/modules//sdig/index.php?run_id=110202&search_id=114132&scans_id=110198&peptide_id=15762&scanf=24179&charge=3&value=23/76,sp|P19338|NUCL_HUMAN,/core/www/modules//consensus/?run_id=110202&search_id=114132&scans_id=110198&peptide_id=15762&scanf=24179&charge=3&value=sp|P19338|NUCL_HUMAN,7,/core/www/modules/match_peptides/blast_html4.php?run_id=110202&search_id=114132&scans_id=110198&peptide_id=15762&scanf=24179&charge=3&value=7,K.GLSEDTTEETLKESFDGSVR.A,/core/www/modules/show_out/show_out_wrapper.php?run_id=110202&search_id=114132&scans_id=110198&peptide_id=15762&scanf=24179&charge=3&value=K.GLSEDTTEETLKESFDGSVR.A,NCL,1.383e+8,3.835,0.000,3.646,0.000
24181,3,"  9.076","  0.697",32/116,/core/www/modules//sdig/index.php?run_id=110202&search_id=114132&scans_id=110198&peptide_id=15765&scanf=24181&charge=3&value=32/116,sp|P07814|SYEP_HUMAN,/core/www/modules//consensus/?run_id=110202&search_id=114132&scans_id=110198&peptide_id=15765&scanf=24181&charge=3&value=sp|P07814|SYEP_HUMAN,1,/core/www/modules/match_peptides/blast_html4.php?run_id=110202&search_id=114132&scans_id=110198&peptide_id=15765&scanf=24181&charge=3&value=1,K.TGQEYKPGNPPAEIGQNISSNSSASILESK.S,/core/www/modules/show_out/show_out_wrapper.php?run_id=110202&search_id=114132&scans_id=110198&peptide_id=15765&scanf=24181&charge=3&value=K.TGQEYKPGNPPAEIGQNISSNSSASILESK.S,EPRS1,1.690e+6,3.645,0.000,3.363,0.000
24183,2,"  2.675","  0.617",13/24,/core/www/modules//sdig/index.php?run_id=110202&search_id=114132&scans_id=110198&peptide_id=15767&scanf=24183&charge=2&value=13/24,sp|Q15029|U5S1_HUMAN,/core/www/modules//consensus/?run_id=110202&search_id=114132&scans_id=110198&peptide_id=15767&scanf=24183&charge=2&value=sp|Q15029|U5S1_HUMAN,0,/core/www/modules/match_peptides/blast_html4.php?run_id=110202&search_id=114132&scans_id=110198&peptide_id=15767&scanf=24183&charge=2&value=0,K.IAVEPVNPSELPK.M,/core/www/modules/show_out/show_out_wrapper.php?run_id=110202&search_id=114132&scans_id=110198&peptide_id=15767&scanf=24183&charge=2&value=K.IAVEPVNPSELPK.M,EFTUD2,5.435e+7,3.566,0.001,3.246,0.000
24185,2,"  3.718","  0.679",17/28,/core/www/modules//sdig/index.php?run_id=110202&search_id=114132&scans_id=110198&peptide_id=15769&scanf=24185&charge=2&value=17/28,sp|Q01082|SPTB2_HUMAN,/core/www/modules//consensus/?run_id=110202&search_id=114132&scans_id=110198&peptide_id=15769&scanf=24185&charge=2&value=sp|Q01082|SPTB2_HUMAN,1,/core/www/modules/match_peptides/blast_html4.php?run_id=110202&search_id=114132&scans_id=110198&peptide_id=15769&scanf=24185&charge=2&value=1,R.TQETPSAQMEGFLNR.K,/core/www/modules/show_out/show_out_wrapper.php?run_id=110202&search_id=114132&scans_id=110198&peptide_id=15769&scanf=24185&charge=2&value=R.TQETPSAQMEGFLNR.K,SPTBN1,5.919e+6,3.903,0.000,3.746,0.000
24186,3,"  4.515","  0.594",23/60,/core/www/modules//sdig/index.php?run_id=110202&search_id=114132&scans_id=110198&peptide_id=15770&scanf=24186&charge=3&value=23/60,sp|P51991|ROA3_HUMAN,/core/www/modules//consensus/?run_id=110202&search_id=114132&scans_id=110198&peptide_id=15770&scanf=24186&charge=3&value=sp|P51991|ROA3_HUMAN,5,/core/www/modules/match_peptides/blast_html4.php?run_id=110202&search_id=114132&scans_id=110198&peptide_id=15770&scanf=24186&charge=3&value=5,K.RGFAFVTFDDHDTVDK.I,/core/www/modules/show_out/show_out_wrapper.php?run_id=110202&search_id=114132&scans_id=110198&peptide_id=15770&scanf=24186&charge=3&value=K.RGFAFVTFDDHDTVDK.I,HNRNPA3,8.721e+6,3.380,0.001,2.970,0.000
24187,2,"  4.164","  0.645",20/28,/core/www/modules//sdig/index.php?run_id=110202&search_id=114132&scans_id=110198&peptide_id=15771&scanf=24187&charge=2&value=20/28,sp|O00567|NOP56_HUMAN,/core/www/modules//consensus/?run_id=110202&search_id=114132&scans_id=110198&peptide_id=15771&scanf=24187&charge=2&value=sp|O00567|NOP56_HUMAN,3,/core/www/modules/match_peptides/blast_html4.php?run_id=110202&search_id=114132&scans_id=110198&peptide_id=15771&scanf=24187&charge=2&value=3,K.EAMVQAEEAAAEITR.K,/core/www/modules/show_out/show_out_wrapper.php?run_id=110202&search_id=114132&scans_id=110198&peptide_id=15771&scanf=24187&charge=2&value=K.EAMVQAEEAAAEITR.K,NOP56,3.895e+7,3.910,0.000,3.756,0.000
24190,2,"  2.377","  0.357",9/16,/core/www/modules//sdig/index.php?run_id=110202&search_id=114132&scans_id=110198&peptide_id=15774&scanf=24190&charge=2&value=9/16,sp|Q08945|SSRP1_HUMAN,/core/www/modules//consensus/?run_id=110202&search_id=114132&scans_id=110198&peptide_id=15774&scanf=24190&charge=2&value=sp|Q08945|SSRP1_HUMAN,0,/core/www/modules/match_peptides/blast_html4.php?run_id=110202&search_id=114132&scans_id=110198&peptide_id=15774&scanf=24190&charge=2&value=0,R.SFDFEIETK.Q,/core/www/modules/show_out/show_out_wrapper.php?run_id=110202&search_id=114132&scans_id=110198&peptide_id=15774&scanf=24190&charge=2&value=R.SFDFEIETK.Q,SSRP1,5.595e+7,2.787,0.008,2.094,0.000
24192,2,"  4.648","  0.742",19/32,/core/www/modules//sdig/index.php?run_id=110202&search_id=114132&scans_id=110198&peptide_id=15776&scanf=24192&charge=2&value=19/32,sp|P16989|YBOX3_HUMAN,/core/www/modules//consensus/?run_id=110202&search_id=114132&scans_id=110198&peptide_id=15776&scanf=24192&charge=2&value=sp|P16989|YBOX3_HUMAN,4,/core/www/modules/match_peptides/blast_html4.php?run_id=110202&search_id=114132&scans_id=110198&peptide_id=15776&scanf=24192&charge=2&value=4,R.SVGDGETVEFDVVEGEK.G,/core/www/modules/show_out/show_out_wrapper.php?run_id=110202&search_id=114132&scans_id=110198&peptide_id=15776&scanf=24192&charge=2&value=R.SVGDGETVEFDVVEGEK.G,YBX3,1.896e+7,3.931,0.000,3.787,0.000
24194,3,"  3.454","  0.441",15/56,/core/www/modules//sdig/index.php?run_id=110202&search_id=114132&scans_id=110198&peptide_id=15778&scanf=24194&charge=3&value=15/56,sp|P12814|ACTN1_HUMAN,/core/www/modules//consensus/?run_id=110202&search_id=114132&scans_id=110198&peptide_id=15778&scanf=24194&charge=3&value=sp|P12814|ACTN1_HUMAN,10,/core/www/modules/match_peptides/blast_html4.php?run_id=110202&search_id=114132&scans_id=110198&peptide_id=15778&scanf=24194&charge=3&value=10,K.ILAGDKNYITMDELR.R,/core/www/modules/show_out/show_out_wrapper.php?run_id=110202&search_id=114132&scans_id=110198&peptide_id=15778&scanf=24194&charge=3&value=K.ILAGDKNYITMDELR.R,ACTN1,8.993e+6,2.763,0.009,2.059,0.000
24197,2,"  2.143","  0.601",11/20,/core/www/modules//sdig/index.php?run_id=110202&search_id=114132&scans_id=110198&peptide_id=15780&scanf=24197&charge=2&value=11/20,sp|Q08211|DHX9_HUMAN,/core/www/modules//consensus/?run_id=110202&search_id=114132&scans_id=110198&peptide_id=15780&scanf=24197&charge=2&value=sp|Q08211|DHX9_HUMAN,0,/core/www/modules/match_peptides/blast_html4.php?run_id=110202&search_id=114132&scans_id=110198&peptide_id=15780&scanf=24197&charge=2&value=0,K.VFDPVPVGVTK.V,/core/www/modules/show_out/show_out_wrapper.php?run_id=110202&search_id=114132&scans_id=110198&peptide_id=15780&scanf=24197&charge=2&value=K.VFDPVPVGVTK.V,DHX9,1.903e+8,3.770,0.000,3.548,0.000
24200,2,"  4.447","  0.677",18/26,/core/www/modules//sdig/index.php?run_id=110202&search_id=114132&scans_id=110198&peptide_id=15784&scanf=24200&charge=2&value=18/26,sp|Q4G0J3|LARP7_HUMAN,/core/www/modules//consensus/?run_id=110202&search_id=114132&scans_id=110198&peptide_id=15784&scanf=24200&charge=2&value=sp|Q4G0J3|LARP7_HUMAN,12,/core/www/modules/match_peptides/blast_html4.php?run_id=110202&search_id=114132&scans_id=110198&peptide_id=15784&scanf=24200&charge=2&value=12,K.AIEFLNNPPEEAPR.K,/core/www/modules/show_out/show_out_wrapper.php?run_id=110202&search_id=114132&scans_id=110198&peptide_id=15784&scanf=24200&charge=2&value=K.AIEFLNNPPEEAPR.K,LARP7,7.419e+6,3.977,0.000,3.855,0.000
24202,2,"  1.802","  0.325",8/12,/core/www/modules//sdig/index.php?run_id=110202&search_id=114132&scans_id=110198&peptide_id=15786&scanf=24202&charge=2&value=8/12,sp|O15042|SR140_HUMAN,/core/www/modules//consensus/?run_id=110202&search_id=114132&scans_id=110198&peptide_id=15786&scanf=24202&charge=2&value=sp|O15042|SR140_HUMAN,1,/core/www/modules/match_peptides/blast_html4.php?run_id=110202&search_id=114132&scans_id=110198&peptide_id=15786&scanf=24202&charge=2&value=1,R.MIEFVVR.E,/core/www/modules/show_out/show_out_wrapper.php?run_id=110202&search_id=114132&scans_id=110198&peptide_id=15786&scanf=24202&charge=2&value=R.MIEFVVR.E,U2SURP,1.434e+7,2.893,0.006,2.250,0.000
24203,2,"  2.651","  0.455",11/20,/core/www/modules//sdig/index.php?run_id=110202&search_id=114132&scans_id=110198&peptide_id=15787&scanf=24203&charge=2&value=11/20,sp|Q02880|TOP2B_HUMAN,/core/www/modules//consensus/?run_id=110202&search_id=114132&scans_id=110198&peptide_id=15787&scanf=24203&charge=2&value=sp|Q02880|TOP2B_HUMAN,4,/core/www/modules/match_peptides/blast_html4.php?run_id=110202&search_id=114132&scans_id=110198&peptide_id=15787&scanf=24203&charge=2&value=4,R.NTVEITELPVR.T,/core/www/modules/show_out/show_out_wrapper.php?run_id=110202&search_id=114132&scans_id=110198&peptide_id=15787&scanf=24203&charge=2&value=R.NTVEITELPVR.T,TOP2B,2.793e+7,3.145,0.002,2.622,0.000
24204,2,"  2.301","  0.450",8/14,/core/www/modules//sdig/index.php?run_id=110202&search_id=114132&scans_id=110198&peptide_id=15788&scanf=24204&charge=2&value=8/14,sp|P17480|UBF1_HUMAN,/core/www/modules//consensus/?run_id=110202&search_id=114132&scans_id=110198&peptide_id=15788&scanf=24204&charge=2&value=sp|P17480|UBF1_HUMAN,1,/core/www/modules/match_peptides/blast_html4.php?run_id=110202&search_id=114132&scans_id=110198&peptide_id=15788&scanf=24204&charge=2&value=1,K.DYEVELLR.F,/core/www/modules/show_out/show_out_wrapper.php?run_id=110202&search_id=114132&scans_id=110198&peptide_id=15788&scanf=24204&charge=2&value=K.DYEVELLR.F,UBTF,1.604e+7,3.181,0.002,2.675,0.000
24205,2,"  3.021","  0.504",12/22,/core/www/modules//sdig/index.php?run_id=110202&search_id=114132&scans_id=110198&peptide_id=15789&scanf=24205&charge=2&value=12/22,sp|Q92522|H1X_HUMAN,/core/www/modules//consensus/?run_id=110202&search_id=114132&scans_id=110198&peptide_id=15789&scanf=24205&charge=2&value=sp|Q92522|H1X_HUMAN,0,/core/www/modules/match_peptides/blast_html4.php?run_id=110202&search_id=114132&scans_id=110198&peptide_id=15789&scanf=24205&charge=2&value=0,K.ALVQNDTLLQVK.G,/core/www/modules/show_out/show_out_wrapper.php?run_id=110202&search_id=114132&scans_id=110198&peptide_id=15789&scanf=24205&charge=2&value=K.ALVQNDTLLQVK.G,H1-10,1.135e+8,3.169,0.002,2.658,0.000
24211,3,"  2.470","  0.391",10/40,/core/www/modules//sdig/index.php?run_id=110202&search_id=114132&scans_id=110198&peptide_id=15796&scanf=24211&charge=3&value=10/40,sp|O15164|TIF1A_HUMAN,/core/www/modules//consensus/?run_id=110202&search_id=114132&scans_id=110198&peptide_id=15796&scanf=24211&charge=3&value=sp|O15164|TIF1A_HUMAN,0,/core/www/modules/match_peptides/blast_html4.php?run_id=110202&search_id=114132&scans_id=110198&peptide_id=15796&scanf=24211&charge=3&value=0,K.ALLHQLESLAK.D,/core/www/modules/show_out/show_out_wrapper.php?run_id=110202&search_id=114132&scans_id=110198&peptide_id=15796&scanf=24211&charge=3&value=K.ALLHQLESLAK.D,TRIM24,4.774e+6,2.807,0.008,2.123,0.000
24216,2,"  1.771","  0.216",6/14,/core/www/modules//sdig/index.php?run_id=110202&search_id=114132&scans_id=110198&peptide_id=15801&scanf=24216&charge=2&value=6/14,sp|Q6ZV29|PLPL7_HUMAN,/core/www/modules//consensus/?run_id=110202&search_id=114132&scans_id=110198&peptide_id=15801&scanf=24216&charge=2&value=sp|Q6ZV29|PLPL7_HUMAN,2,/core/www/modules/match_peptides/blast_html4.php?run_id=110202&search_id=114132&scans_id=110198&peptide_id=15801&scanf=24216&charge=2&value=2,R.TVEWLNMR.S,/core/www/modules/show_out/show_out_wrapper.php?run_id=110202&search_id=114132&scans_id=110198&peptide_id=15801&scanf=24216&charge=2&value=R.TVEWLNMR.S,PNPLA7,2.960e+6,2.036,0.095,1.021,0.005
24218,2,"  2.781","  0.409",14/20,/core/www/modules//sdig/index.php?run_id=110202&search_id=114132&scans_id=110198&peptide_id=15802&scanf=24218&charge=2&value=14/20,sp|Q13263|TIF1B_HUMAN,/core/www/modules//consensus/?run_id=110202&search_id=114132&scans_id=110198&peptide_id=15802&scanf=24218&charge=2&value=sp|Q13263|TIF1B_HUMAN,1,/core/www/modules/match_peptides/blast_html4.php?run_id=110202&search_id=114132&scans_id=110198&peptide_id=15802&scanf=24218&charge=2&value=1,K.ADVQSIIGLQR.F,/core/www/modules/show_out/show_out_wrapper.php?run_id=110202&search_id=114132&scans_id=110198&peptide_id=15802&scanf=24218&charge=2&value=K.ADVQSIIGLQR.F,TRIM28,3.633e+7,3.131,0.003,2.602,0.000
24219,2,"  2.861","  0.531",12/20,/core/www/modules//sdig/index.php?run_id=110202&search_id=114132&scans_id=110198&peptide_id=15803&scanf=24219&charge=2&value=12/20,sp|O00567|NOP56_HUMAN,/core/www/modules//consensus/?run_id=110202&search_id=114132&scans_id=110198&peptide_id=15803&scanf=24219&charge=2&value=sp|O00567|NOP56_HUMAN,3,/core/www/modules/match_peptides/blast_html4.php?run_id=110202&search_id=114132&scans_id=110198&peptide_id=15803&scanf=24219&charge=2&value=3,R.LSFYETGEIPR.K,/core/www/modules/show_out/show_out_wrapper.php?run_id=110202&search_id=114132&scans_id=110198&peptide_id=15803&scanf=24219&charge=2&value=R.LSFYETGEIPR.K,NOP56,7.744e+7,3.456,0.001,3.083,0.000
24220,3,"  4.441","  0.518",23/72,/core/www/modules//sdig/index.php?run_id=110202&search_id=114132&scans_id=110198&peptide_id=15805&scanf=24220&charge=3&value=23/72,sp|Q52LJ0|FA98B_HUMAN,/core/www/modules//consensus/?run_id=110202&search_id=114132&scans_id=110198&peptide_id=15805&scanf=24220&charge=3&value=sp|Q52LJ0|FA98B_HUMAN,5,/core/www/modules/match_peptides/blast_html4.php?run_id=110202&search_id=114132&scans_id=110198&peptide_id=15805&scanf=24220&charge=3&value=5,R.GGRPNEIEPPPPEMPPWQK.R,/core/www/modules/show_out/show_out_wrapper.php?run_id=110202&search_id=114132&scans_id=110198&peptide_id=15805&scanf=24220&charge=3&value=R.GGRPNEIEPPPPEMPPWQK.R,FAM98B,6.855e+6,2.966,0.004,2.358,0.000
24221,3,"  3.678","  0.406",19/72,/core/www/modules//sdig/index.php?run_id=110202&search_id=114132&scans_id=110198&peptide_id=15806&scanf=24221&charge=3&value=19/72,sp|Q92797|SYMPK_HUMAN,/core/www/modules//consensus/?run_id=110202&search_id=114132&scans_id=110198&peptide_id=15806&scanf=24221&charge=3&value=sp|Q92797|SYMPK_HUMAN,2,/core/www/modules/match_peptides/blast_html4.php?run_id=110202&search_id=114132&scans_id=110198&peptide_id=15806&scanf=24221&charge=3&value=2,R.LMATQMTAAGLGPGVEQTK.Q,/core/www/modules/show_out/show_out_wrapper.php?run_id=110202&search_id=114132&scans_id=110198&peptide_id=15806&scanf=24221&charge=3&value=R.LMATQMTAAGLGPGVEQTK.Q,SYMPK,6.131e+6,2.750,0.009,2.040,0.000
24223,3,"  3.527","  0.580",15/40,/core/www/modules//sdig/index.php?run_id=110202&search_id=114132&scans_id=110198&peptide_id=15808&scanf=24223&charge=3&value=15/40,sp|Q96P11|NSUN5_HUMAN,/core/www/modules//consensus/?run_id=110202&search_id=114132&scans_id=110198&peptide_id=15808&scanf=24223&charge=3&value=sp|Q96P11|NSUN5_HUMAN,0,/core/www/modules/match_peptides/blast_html4.php?run_id=110202&search_id=114132&scans_id=110198&peptide_id=15808&scanf=24223&charge=3&value=0,R.LAPALPAWPHR.G,/core/www/modules/show_out/show_out_wrapper.php?run_id=110202&search_id=114132&scans_id=110198&peptide_id=15808&scanf=24223&charge=3&value=R.LAPALPAWPHR.G,NSUN5,5.998e+6,3.686,0.000,3.424,0.000
24224,4,"  4.079","  0.452",18/96,/core/www/modules//sdig/index.php?run_id=110202&search_id=114132&scans_id=110198&peptide_id=15809&scanf=24224&charge=4&value=18/96,sp|Q99832|TCPH_HUMAN,/core/www/modules//consensus/?run_id=110202&search_id=114132&scans_id=110198&peptide_id=15809&scanf=24224&charge=4&value=sp|Q99832|TCPH_HUMAN,1,/core/www/modules/match_peptides/blast_html4.php?run_id=110202&search_id=114132&scans_id=110198&peptide_id=15809&scanf=24224&charge=4&value=1,K.QVKPYVEEGLHPQIIIR.A,/core/www/modules/show_out/show_out_wrapper.php?run_id=110202&search_id=114132&scans_id=110198&peptide_id=15809&scanf=24224&charge=4&value=K.QVKPYVEEGLHPQIIIR.A,CCT7,2.856e+7,3.329,0.001,2.895,0.000
24227,3,"  2.554","  0.404",14/72,/core/www/modules//sdig/index.php?run_id=110202&search_id=114132&scans_id=110198&peptide_id=15812&scanf=24227&charge=3&value=14/72,sp|P35580|MYH10_HUMAN,/core/www/modules//consensus/?run_id=110202&search_id=114132&scans_id=110198&peptide_id=15812&scanf=24227&charge=3&value=sp|P35580|MYH10_HUMAN,1,/core/www/modules/match_peptides/blast_html4.php?run_id=110202&search_id=114132&scans_id=110198&peptide_id=15812&scanf=24227&charge=3&value=1,K.MQAHIQDLEEQLDEEEGAR.Q,/core/www/modules/show_out/show_out_wrapper.php?run_id=110202&search_id=114132&scans_id=110198&peptide_id=15812&scanf=24227&charge=3&value=K.MQAHIQDLEEQLDEEEGAR.Q,MYH10,3.363e+6,2.603,0.015,1.824,0.000
24228,2,"  1.434","  0.271",7/12,/core/www/modules//sdig/index.php?run_id=110202&search_id=114132&scans_id=110198&peptide_id=15813&scanf=24228&charge=2&value=7/12,sp|Q10570|CPSF1_HUMAN,/core/www/modules//consensus/?run_id=110202&search_id=114132&scans_id=110198&peptide_id=15813&scanf=24228&charge=2&value=sp|Q10570|CPSF1_HUMAN,0,/core/www/modules/match_peptides/blast_html4.php?run_id=110202&search_id=114132&scans_id=110198&peptide_id=15813&scanf=24228&charge=2&value=0,R.GFLYFNR.Q,/core/www/modules/show_out/show_out_wrapper.php?run_id=110202&search_id=114132&scans_id=110198&peptide_id=15813&scanf=24228&charge=2&value=R.GFLYFNR.Q,CPSF1,3.715e+6,2.606,0.015,1.829,0.000
24230,3,"  2.748","  0.234",14/36,/core/www/modules//sdig/index.php?run_id=110202&search_id=114132&scans_id=110198&peptide_id=15816&scanf=24230&charge=3&value=14/36,sp|P53677|AP3M2_HUMAN,/core/www/modules//consensus/?run_id=110202&search_id=114132&scans_id=110198&peptide_id=15816&scanf=24230&charge=3&value=sp|P53677|AP3M2_HUMAN,4,/core/www/modules/match_peptides/blast_html4.php?run_id=110202&search_id=114132&scans_id=110198&peptide_id=15816&scanf=24230&charge=3&value=4,K.ELIKPPTILR.T,/core/www/modules/show_out/show_out_wrapper.php?run_id=110202&search_id=114132&scans_id=110198&peptide_id=15816&scanf=24230&charge=3&value=K.ELIKPPTILR.T,AP3M2,2.792e+6,2.520,0.020,1.703,0.000
24232,2,"  2.496","  0.402",12/24,/core/www/modules//sdig/index.php?run_id=110202&search_id=114132&scans_id=110198&peptide_id=15818&scanf=24232&charge=2&value=12/24,sp|P18031|PTN1_HUMAN,/core/www/modules//consensus/?run_id=110202&search_id=114132&scans_id=110198&peptide_id=15818&scanf=24232&charge=2&value=sp|P18031|PTN1_HUMAN,1,/core/www/modules/match_peptides/blast_html4.php?run_id=110202&search_id=114132&scans_id=110198&peptide_id=15818&scanf=24232&charge=2&value=1,K.FIMGDSSVQDQWK.E,/core/www/modules/show_out/show_out_wrapper.php?run_id=110202&search_id=114132&scans_id=110198&peptide_id=15818&scanf=24232&charge=2&value=K.FIMGDSSVQDQWK.E,PTPN1,2.574e+6,2.676,0.012,1.930,0.000
24239,2,"  2.591","  0.251",13/20,/core/www/modules//sdig/index.php?run_id=110202&search_id=114132&scans_id=110198&peptide_id=15824&scanf=24239&charge=2&value=13/20,sp|P53621|COPA_HUMAN,/core/www/modules//consensus/?run_id=110202&search_id=114132&scans_id=110198&peptide_id=15824&scanf=24239&charge=2&value=sp|P53621|COPA_HUMAN,6,/core/www/modules/match_peptides/blast_html4.php?run_id=110202&search_id=114132&scans_id=110198&peptide_id=15824&scanf=24239&charge=2&value=6,R.SSGLTAVWVAR.N,/core/www/modules/show_out/show_out_wrapper.php?run_id=110202&search_id=114132&scans_id=110198&peptide_id=15824&scanf=24239&charge=2&value=R.SSGLTAVWVAR.N,COPA,1.769e+7,2.545,0.018,1.740,0.000
24243,2,"  3.084","  0.279",12/20,/core/www/modules//sdig/index.php?run_id=110202&search_id=114132&scans_id=110198&peptide_id=15829&scanf=24243&charge=2&value=12/20,sp|P18124|RL7_HUMAN,/core/www/modules//consensus/?run_id=110202&search_id=114132&scans_id=110198&peptide_id=15829&scanf=24243&charge=2&value=sp|P18124|RL7_HUMAN,1,/core/www/modules/match_peptides/blast_html4.php?run_id=110202&search_id=114132&scans_id=110198&peptide_id=15829&scanf=24243&charge=2&value=1,R.IALTDNALIAR.S,/core/www/modules/show_out/show_out_wrapper.php?run_id=110202&search_id=114132&scans_id=110198&peptide_id=15829&scanf=24243&charge=2&value=R.IALTDNALIAR.S,RPL7,4.722e+6,2.531,0.019,1.719,0.000
24245,2,"  3.268","  0.591",13/24,/core/www/modules//sdig/index.php?run_id=110202&search_id=114132&scans_id=110198&peptide_id=15831&scanf=24245&charge=2&value=13/24,sp|Q9Y2X3|NOP58_HUMAN,/core/www/modules//consensus/?run_id=110202&search_id=114132&scans_id=110198&peptide_id=15831&scanf=24245&charge=2&value=sp|Q9Y2X3|NOP58_HUMAN,0,/core/www/modules/match_peptides/blast_html4.php?run_id=110202&search_id=114132&scans_id=110198&peptide_id=15831&scanf=24245&charge=2&value=0,R.SQMDGLIPGVEPR.E,/core/www/modules/show_out/show_out_wrapper.php?run_id=110202&search_id=114132&scans_id=110198&peptide_id=15831&scanf=24245&charge=2&value=R.SQMDGLIPGVEPR.E,NOP58,4.338e+6,3.223,0.002,2.737,0.000
24246,2,"  1.687","  0.165",7/12,/core/www/modules//sdig/index.php?run_id=110202&search_id=114132&scans_id=110198&peptide_id=15832&scanf=24246&charge=2&value=7/12,sp|Q8TEA7|TBCK_HUMAN,/core/www/modules//consensus/?run_id=110202&search_id=114132&scans_id=110198&peptide_id=15832&scanf=24246&charge=2&value=sp|Q8TEA7|TBCK_HUMAN,0,/core/www/modules/match_peptides/blast_html4.php?run_id=110202&search_id=114132&scans_id=110198&peptide_id=15832&scanf=24246&charge=2&value=0,K.LLVVDIR.N,/core/www/modules/show_out/show_out_wrapper.php?run_id=110202&search_id=114132&scans_id=110198&peptide_id=15832&scanf=24246&charge=2&value=K.LLVVDIR.N,TBCK,5.421e+6,2.159,0.065,1.188,0.002
24250,3,"  3.677","  0.499",12/72,/core/www/modules//sdig/index.php?run_id=110202&search_id=114132&scans_id=110198&peptide_id=15837&scanf=24250&charge=3&value=12/72,sp|P58107|EPIPL_HUMAN,/core/www/modules//consensus/?run_id=110202&search_id=114132&scans_id=110198&peptide_id=15837&scanf=24250&charge=3&value=sp|P58107|EPIPL_HUMAN,8,/core/www/modules/match_peptides/blast_html4.php?run_id=110202&search_id=114132&scans_id=110198&peptide_id=15837&scanf=24250&charge=3&value=8,R.LLEAQIATGGVIDPVHSHR.V,/core/www/modules/show_out/show_out_wrapper.php?run_id=110202&search_id=114132&scans_id=110198&peptide_id=15837&scanf=24250&charge=3&value=R.LLEAQIATGGVIDPVHSHR.V,EPPK1,3.992e+6,2.804,0.008,2.119,0.000
24251,2,"  2.204","  0.270",6/14,/core/www/modules//sdig/index.php?run_id=110202&search_id=114132&scans_id=110198&peptide_id=15838&scanf=24251&charge=2&value=6/14,tr|H0YIC4|H0YIC4_HUMAN,/core/www/modules//consensus/?run_id=110202&search_id=114132&scans_id=110198&peptide_id=15838&scanf=24251&charge=2&value=tr|H0YIC4|H0YIC4_HUMAN,0,/core/www/modules/match_peptides/blast_html4.php?run_id=110202&search_id=114132&scans_id=110198&peptide_id=15838&scanf=24251&charge=2&value=0,R.ALGFPLER.K,/core/www/modules/show_out/show_out_wrapper.php?run_id=110202&search_id=114132&scans_id=110198&peptide_id=15838&scanf=24251&charge=2&value=R.ALGFPLER.K,CS,6.538e+6,1.955,0.122,0.913,0.006
24253,3,"  4.267","  0.538",17/100,/core/www/modules//sdig/index.php?run_id=110202&search_id=114132&scans_id=110198&peptide_id=15840&scanf=24253&charge=3&value=17/100,sp|Q15326|ZMY11_HUMAN,/core/www/modules//consensus/?run_id=110202&search_id=114132&scans_id=110198&peptide_id=15840&scanf=24253&charge=3&value=sp|Q15326|ZMY11_HUMAN,6,/core/www/modules/match_peptides/blast_html4.php?run_id=110202&search_id=114132&scans_id=110198&peptide_id=15840&scanf=24253&charge=3&value=6,K.KEEPEPETEAVSSSQEIPTMPQPIEK.V,/core/www/modules/show_out/show_out_wrapper.php?run_id=110202&search_id=114132&scans_id=110198&peptide_id=15840&scanf=24253&charge=3&value=K.KEEPEPETEAVSSSQEIPTMPQPIEK.V,ZMYND11,1.607e+6,2.445,0.025,1.594,0.001
24256,2,"  3.869","  0.170",16/30,/core/www/modules//sdig/index.php?run_id=110202&search_id=114132&scans_id=110198&peptide_id=15843&scanf=24256&charge=2&value=16/30,sp|P62736|ACTA_HUMAN,/core/www/modules//consensus/?run_id=110202&search_id=114132&scans_id=110198&peptide_id=15843&scanf=24256&charge=2&value=sp|P62736|ACTA_HUMAN,8,/core/www/modules/match_peptides/blast_html4.php?run_id=110202&search_id=114132&scans_id=110198&peptide_id=15843&scanf=24256&charge=2&value=8,K.YPIEHGIITNWDDM*EK.I,/core/www/modules/show_out/show_out_wrapper.php?run_id=110202&search_id=114132&scans_id=110198&peptide_id=15843&scanf=24256&charge=2&value=K.YPIEHGIITNWDDM*EK.I,ACTA2,3.076e+6,1.856,0.163,0.787,0.009
24260,2,"  1.988","  0.405",8/16,/core/www/modules//sdig/index.php?run_id=110202&search_id=114132&scans_id=110198&peptide_id=15847&scanf=24260&charge=2&value=8/16,sp|P08670|VIME_HUMAN,/core/www/modules//consensus/?run_id=110202&search_id=114132&scans_id=110198&peptide_id=15847&scanf=24260&charge=2&value=sp|P08670|VIME_HUMAN,1,/core/www/modules/match_peptides/blast_html4.php?run_id=110202&search_id=114132&scans_id=110198&peptide_id=15847&scanf=24260&charge=2&value=1,R.DNLAEDIMR.L,/core/www/modules/show_out/show_out_wrapper.php?run_id=110202&search_id=114132&scans_id=110198&peptide_id=15847&scanf=24260&charge=2&value=R.DNLAEDIMR.L,VIM,1.697e+9,3.277,0.002,2.818,0.000
24261,2,"  2.581","  0.420",12/26,/core/www/modules//sdig/index.php?run_id=110202&search_id=114132&scans_id=110198&peptide_id=15848&scanf=24261&charge=2&value=12/26,sp|Q9UQ35|SRRM2_HUMAN,/core/www/modules//consensus/?run_id=110202&search_id=114132&scans_id=110198&peptide_id=15848&scanf=24261&charge=2&value=sp|Q9UQ35|SRRM2_HUMAN,0,/core/www/modules/match_peptides/blast_html4.php?run_id=110202&search_id=114132&scans_id=110198&peptide_id=15848&scanf=24261&charge=2&value=0,R.TPAIPTAVNLADSR.T,/core/www/modules/show_out/show_out_wrapper.php?run_id=110202&search_id=114132&scans_id=110198&peptide_id=15848&scanf=24261&charge=2&value=R.TPAIPTAVNLADSR.T,SRRM2,2.562e+7,2.760,0.009,2.054,0.000
24263,2,"  2.483","  0.371",8/22,/core/www/modules//sdig/index.php?run_id=110202&search_id=114132&scans_id=110198&peptide_id=15850&scanf=24263&charge=2&value=8/22,sp|P78347|GTF2I_HUMAN,/core/www/modules//consensus/?run_id=110202&search_id=114132&scans_id=110198&peptide_id=15850&scanf=24263&charge=2&value=sp|P78347|GTF2I_HUMAN,2,/core/www/modules/match_peptides/blast_html4.php?run_id=110202&search_id=114132&scans_id=110198&peptide_id=15850&scanf=24263&charge=2&value=2,K.FAQALGLTEAVK.V,/core/www/modules/show_out/show_out_wrapper.php?run_id=110202&search_id=114132&scans_id=110198&peptide_id=15850&scanf=24263&charge=2&value=K.FAQALGLTEAVK.V,GTF2I,2.847e+7,2.443,0.026,1.591,0.001
24264,2,"  1.904","  0.149",8/12,/core/www/modules//sdig/index.php?run_id=110202&search_id=114132&scans_id=110198&peptide_id=15851&scanf=24264&charge=2&value=8/12,sp|O60763|USO1_HUMAN,/core/www/modules//consensus/?run_id=110202&search_id=114132&scans_id=110198&peptide_id=15851&scanf=24264&charge=2&value=sp|O60763|USO1_HUMAN,0,/core/www/modules/match_peptides/blast_html4.php?run_id=110202&search_id=114132&scans_id=110198&peptide_id=15851&scanf=24264&charge=2&value=0,K.LLTSLLK.Q,/core/www/modules/show_out/show_out_wrapper.php?run_id=110202&search_id=114132&scans_id=110198&peptide_id=15851&scanf=24264&charge=2&value=K.LLTSLLK.Q,USO1,1.708e+7,2.296,0.042,1.380,0.001
24267,3,"  4.120","  0.600",16/80,/core/www/modules//sdig/index.php?run_id=110202&search_id=114132&scans_id=110198&peptide_id=15854&scanf=24267&charge=3&value=16/80,sp|Q9UQ35|SRRM2_HUMAN,/core/www/modules//consensus/?run_id=110202&search_id=114132&scans_id=110198&peptide_id=15854&scanf=24267&charge=3&value=sp|Q9UQ35|SRRM2_HUMAN,0,/core/www/modules/match_peptides/blast_html4.php?run_id=110202&search_id=114132&scans_id=110198&peptide_id=15854&scanf=24267&charge=3&value=0,R.FQSDSSSYPTVDSNSLLGQSR.L,/core/www/modules/show_out/show_out_wrapper.php?run_id=110202&search_id=114132&scans_id=110198&peptide_id=15854&scanf=24267&charge=3&value=R.FQSDSSSYPTVDSNSLLGQSR.L,SRRM2,3.434e+6,3.248,0.002,2.775,0.000
24270,2,"  5.518","  0.753",22/28,/core/www/modules//sdig/index.php?run_id=110202&search_id=114132&scans_id=110198&peptide_id=15858&scanf=24270&charge=2&value=22/28,sp|P61224|RAP1B_HUMAN,/core/www/modules//consensus/?run_id=110202&search_id=114132&scans_id=110198&peptide_id=15858&scanf=24270&charge=2&value=sp|P61224|RAP1B_HUMAN,9,/core/www/modules/match_peptides/blast_html4.php?run_id=110202&search_id=114132&scans_id=110198&peptide_id=15858&scanf=24270&charge=2&value=9,R.VKDTDDVPMILVGNK.C,/core/www/modules/show_out/show_out_wrapper.php?run_id=110202&search_id=114132&scans_id=110198&peptide_id=15858&scanf=24270&charge=2&value=R.VKDTDDVPMILVGNK.C,RAP1B,5.208e+6,4.060,0.000,3.978,0.000
24272,3,"  4.415","  0.609",20/64,/core/www/modules//sdig/index.php?run_id=110202&search_id=114132&scans_id=110198&peptide_id=15860&scanf=24272&charge=3&value=20/64,sp|Q99832|TCPH_HUMAN,/core/www/modules//consensus/?run_id=110202&search_id=114132&scans_id=110198&peptide_id=15860&scanf=24272&charge=3&value=sp|Q99832|TCPH_HUMAN,1,/core/www/modules/match_peptides/blast_html4.php?run_id=110202&search_id=114132&scans_id=110198&peptide_id=15860&scanf=24272&charge=3&value=1,K.QVKPYVEEGLHPQIIIR.A,/core/www/modules/show_out/show_out_wrapper.php?run_id=110202&search_id=114132&scans_id=110198&peptide_id=15860&scanf=24272&charge=3&value=K.QVKPYVEEGLHPQIIIR.A,CCT7,8.414e+6,3.551,0.001,3.224,0.000
24273,2,"  2.053","  0.060",7/12,/core/www/modules//sdig/index.php?run_id=110202&search_id=114132&scans_id=110198&peptide_id=15861&scanf=24273&charge=2&value=7/12,sp|Q8TEA7|TBCK_HUMAN,/core/www/modules//consensus/?run_id=110202&search_id=114132&scans_id=110198&peptide_id=15861&scanf=24273&charge=2&value=sp|Q8TEA7|TBCK_HUMAN,0,/core/www/modules/match_peptides/blast_html4.php?run_id=110202&search_id=114132&scans_id=110198&peptide_id=15861&scanf=24273&charge=2&value=0,K.LLVVDIR.N,/core/www/modules/show_out/show_out_wrapper.php?run_id=110202&search_id=114132&scans_id=110198&peptide_id=15861&scanf=24273&charge=2&value=K.LLVVDIR.N,TBCK,5.421e+6,1.831,0.175,0.757,0.010
24276,2,"  1.431","  0.219",7/12,/core/www/modules//sdig/index.php?run_id=110202&search_id=114132&scans_id=110198&peptide_id=15864&scanf=24276&charge=2&value=7/12,sp|Q13813|SPTN1_HUMAN,/core/www/modules//consensus/?run_id=110202&search_id=114132&scans_id=110198&peptide_id=15864&scanf=24276&charge=2&value=sp|Q13813|SPTN1_HUMAN,2,/core/www/modules/match_peptides/blast_html4.php?run_id=110202&search_id=114132&scans_id=110198&peptide_id=15864&scanf=24276&charge=2&value=2,K.EFSMMFK.H,/core/www/modules/show_out/show_out_wrapper.php?run_id=110202&search_id=114132&scans_id=110198&peptide_id=15864&scanf=24276&charge=2&value=K.EFSMMFK.H,SPTAN1,4.460e+6,2.504,0.021,1.679,0.000
24281,2,"  4.182","  0.764",19/32,/core/www/modules//sdig/index.php?run_id=110202&search_id=114132&scans_id=110198&peptide_id=15869&scanf=24281&charge=2&value=19/32,sp|P84098|RL19_HUMAN,/core/www/modules//consensus/?run_id=110202&search_id=114132&scans_id=110198&peptide_id=15869&scanf=24281&charge=2&value=sp|P84098|RL19_HUMAN,7,/core/www/modules/match_peptides/blast_html4.php?run_id=110202&search_id=114132&scans_id=110198&peptide_id=15869&scanf=24281&charge=2&value=7,K.VWLDPNETNEIANANSR.Q,/core/www/modules/show_out/show_out_wrapper.php?run_id=110202&search_id=114132&scans_id=110198&peptide_id=15869&scanf=24281&charge=2&value=K.VWLDPNETNEIANANSR.Q,RPL19,3.559e+7,3.982,0.000,3.863,0.000
24282,2,"  4.979","  0.000",17/22,/core/www/modules//sdig/index.php?run_id=110202&search_id=114132&scans_id=110198&peptide_id=15870&scanf=24282&charge=2&value=17/22,sp|P0DPH7|TBA3C_HUMAN,/core/www/modules//consensus/?run_id=110202&search_id=114132&scans_id=110198&peptide_id=15870&scanf=24282&charge=2&value=sp|P0DPH7|TBA3C_HUMAN,0,/core/www/modules/match_peptides/blast_html4.php?run_id=110202&search_id=114132&scans_id=110198&peptide_id=15870&scanf=24282&charge=2&value=0,R.QLFHPEQLITGK.E,/core/www/modules/show_out/show_out_wrapper.php?run_id=110202&search_id=114132&scans_id=110198&peptide_id=15870&scanf=24282&charge=2&value=R.QLFHPEQLITGK.E,TUBA3C,2.587e+7,4.065,0.000,3.985,0.000
24283,3,"  3.433","  0.507",19/76,/core/www/modules//sdig/index.php?run_id=110202&search_id=114132&scans_id=110198&peptide_id=15871&scanf=24283&charge=3&value=19/76,sp|P14868|SYDC_HUMAN,/core/www/modules//consensus/?run_id=110202&search_id=114132&scans_id=110198&peptide_id=15871&scanf=24283&charge=3&value=sp|P14868|SYDC_HUMAN,2,/core/www/modules/match_peptides/blast_html4.php?run_id=110202&search_id=114132&scans_id=110198&peptide_id=15871&scanf=24283&charge=3&value=2,R.LPLQLDDAVRPEAEGEEEGR.A,/core/www/modules/show_out/show_out_wrapper.php?run_id=110202&search_id=114132&scans_id=110198&peptide_id=15871&scanf=24283&charge=3&value=R.LPLQLDDAVRPEAEGEEEGR.A,DARS1,3.421e+7,3.019,0.004,2.436,0.000
24284,2,"  1.438","  0.252",7/12,/core/www/modules//sdig/index.php?run_id=110202&search_id=114132&scans_id=110198&peptide_id=15872&scanf=24284&charge=2&value=7/12,sp|Q9UNF1|MAGD2_HUMAN,/core/www/modules//consensus/?run_id=110202&search_id=114132&scans_id=110198&peptide_id=15872&scanf=24284&charge=2&value=sp|Q9UNF1|MAGD2_HUMAN,2,/core/www/modules/match_peptides/blast_html4.php?run_id=110202&search_id=114132&scans_id=110198&peptide_id=15872&scanf=24284&charge=2&value=2,K.VFGIQLK.E,/core/www/modules/show_out/show_out_wrapper.php?run_id=110202&search_id=114132&scans_id=110198&peptide_id=15872&scanf=24284&charge=2&value=K.VFGIQLK.E,MAGED2,5.557e+6,2.459,0.024,1.614,0.001
24285,3,"  1.899","  0.260",9/52,/core/www/modules//sdig/index.php?run_id=110202&search_id=114132&scans_id=110198&peptide_id=15873&scanf=24285&charge=3&value=9/52,sp|Q4G0J3|LARP7_HUMAN,/core/www/modules//consensus/?run_id=110202&search_id=114132&scans_id=110198&peptide_id=15873&scanf=24285&charge=3&value=sp|Q4G0J3|LARP7_HUMAN,12,/core/www/modules/match_peptides/blast_html4.php?run_id=110202&search_id=114132&scans_id=110198&peptide_id=15873&scanf=24285&charge=3&value=12,K.AIEFLNNPPEEAPR.K,/core/www/modules/show_out/show_out_wrapper.php?run_id=110202&search_id=114132&scans_id=110198&peptide_id=15873&scanf=24285&charge=3&value=K.AIEFLNNPPEEAPR.K,LARP7,5.272e+6,2.096,0.079,1.102,0.003
24286,3,"  3.341","  0.440",14/72,/core/www/modules//sdig/index.php?run_id=110202&search_id=114132&scans_id=110198&peptide_id=15874&scanf=24286&charge=3&value=14/72,sp|P78527|PRKDC_HUMAN,/core/www/modules//consensus/?run_id=110202&search_id=114132&scans_id=110198&peptide_id=15874&scanf=24286&charge=3&value=sp|P78527|PRKDC_HUMAN,0,/core/www/modules/match_peptides/blast_html4.php?run_id=110202&search_id=114132&scans_id=110198&peptide_id=15874&scanf=24286&charge=3&value=0,K.ATQMPEGGQGAPPMYQLYK.R,/core/www/modules/show_out/show_out_wrapper.php?run_id=110202&search_id=114132&scans_id=110198&peptide_id=15874&scanf=24286&charge=3&value=K.ATQMPEGGQGAPPMYQLYK.R,PRKDC,2.731e+7,3.483,0.001,3.122,0.000
24288,2,"  2.144","  0.360",10/22,/core/www/modules//sdig/index.php?run_id=110202&search_id=114132&scans_id=110198&peptide_id=15876&scanf=24288&charge=2&value=10/22,sp|P62753|RS6_HUMAN,/core/www/modules//consensus/?run_id=110202&search_id=114132&scans_id=110198&peptide_id=15876&scanf=24288&charge=2&value=sp|P62753|RS6_HUMAN,1,/core/www/modules/match_peptides/blast_html4.php?run_id=110202&search_id=114132&scans_id=110198&peptide_id=15876&scanf=24288&charge=2&value=1,K.DIPGLTDTTVPR.R,/core/www/modules/show_out/show_out_wrapper.php?run_id=110202&search_id=114132&scans_id=110198&peptide_id=15876&scanf=24288&charge=2&value=K.DIPGLTDTTVPR.R,RPS6,1.731e+8,2.396,0.030,1.523,0.001
24290,3,"  3.234","  0.338",12/56,/core/www/modules//sdig/index.php?run_id=110202&search_id=114132&scans_id=110198&peptide_id=15879&scanf=24290&charge=3&value=12/56,sp|Q14CX7|NAA25_HUMAN,/core/www/modules//consensus/?run_id=110202&search_id=114132&scans_id=110198&peptide_id=15879&scanf=24290&charge=3&value=sp|Q14CX7|NAA25_HUMAN,0,/core/www/modules/match_peptides/blast_html4.php?run_id=110202&search_id=114132&scans_id=110198&peptide_id=15879&scanf=24290&charge=3&value=0,R.LISGLPSLNHPVEPK.N,/core/www/modules/show_out/show_out_wrapper.php?run_id=110202&search_id=114132&scans_id=110198&peptide_id=15879&scanf=24290&charge=3&value=R.LISGLPSLNHPVEPK.N,NAA25,6.619e+6,2.488,0.022,1.657,0.001
24292,3,"  2.747","  0.220",8/56,/core/www/modules//sdig/index.php?run_id=110202&search_id=114132&scans_id=110198&peptide_id=15881&scanf=24292&charge=3&value=8/56,sp|Q9NPI1|BRD7_HUMAN,/core/www/modules//consensus/?run_id=110202&search_id=114132&scans_id=110198&peptide_id=15881&scanf=24292&charge=3&value=sp|Q9NPI1|BRD7_HUMAN,0,/core/www/modules/match_peptides/blast_html4.php?run_id=110202&search_id=114132&scans_id=110198&peptide_id=15881&scanf=24292&charge=3&value=0,R.LDLPPEKPLTSSLAK.Q,/core/www/modules/show_out/show_out_wrapper.php?run_id=110202&search_id=114132&scans_id=110198&peptide_id=15881&scanf=24292&charge=3&value=R.LDLPPEKPLTSSLAK.Q,BRD7,5.912e+6,1.962,0.120,0.922,0.005
24293,2,"  1.160","  0.104",6/12,/core/www/modules//sdig/index.php?run_id=110202&search_id=114132&scans_id=110198&peptide_id=15882&scanf=24293&charge=2&value=6/12,sp|Q9BUP0|EFHD1_HUMAN,/core/www/modules//consensus/?run_id=110202&search_id=114132&scans_id=110198&peptide_id=15882&scanf=24293&charge=2&value=sp|Q9BUP0|EFHD1_HUMAN,1,/core/www/modules/match_peptides/blast_html4.php?run_id=110202&search_id=114132&scans_id=110198&peptide_id=15882&scanf=24293&charge=2&value=1,K.DLESMFK.L,/core/www/modules/show_out/show_out_wrapper.php?run_id=110202&search_id=114132&scans_id=110198&peptide_id=15882&scanf=24293&charge=2&value=K.DLESMFK.L,EFHD1,3.227e+6,1.826,0.178,0.750,0.010
24296,2,"  3.639","  0.370",13/20,/core/www/modules//sdig/index.php?run_id=110202&search_id=114132&scans_id=110198&peptide_id=15885&scanf=24296&charge=2&value=13/20,sp|Q15149|PLEC_HUMAN,/core/www/modules//consensus/?run_id=110202&search_id=114132&scans_id=110198&peptide_id=15885&scanf=24296&charge=2&value=sp|Q15149|PLEC_HUMAN,5,/core/www/modules/match_peptides/blast_html4.php?run_id=110202&search_id=114132&scans_id=110198&peptide_id=15885&scanf=24296&charge=2&value=5,R.QEQALLEEIER.H,/core/www/modules/show_out/show_out_wrapper.php?run_id=110202&search_id=114132&scans_id=110198&peptide_id=15885&scanf=24296&charge=2&value=R.QEQALLEEIER.H,PLEC,1.249e+7,3.270,0.002,2.808,0.000
24297,2,"  2.057","  0.331",8/12,/core/www/modules//sdig/index.php?run_id=110202&search_id=114132&scans_id=110198&peptide_id=15886&scanf=24297&charge=2&value=8/12,sp|Q9NXF1|TEX10_HUMAN,/core/www/modules//consensus/?run_id=110202&search_id=114132&scans_id=110198&peptide_id=15886&scanf=24297&charge=2&value=sp|Q9NXF1|TEX10_HUMAN,1,/core/www/modules/match_peptides/blast_html4.php?run_id=110202&search_id=114132&scans_id=110198&peptide_id=15886&scanf=24297&charge=2&value=1,K.NYLIDFK.H,/core/www/modules/show_out/show_out_wrapper.php?run_id=110202&search_id=114132&scans_id=110198&peptide_id=15886&scanf=24297&charge=2&value=K.NYLIDFK.H,TEX10,4.080e+6,2.958,0.005,2.346,0.000
24298,3,"  2.635","  0.308",10/44,/core/www/modules//sdig/index.php?run_id=110202&search_id=114132&scans_id=110198&peptide_id=15887&scanf=24298&charge=3&value=10/44,sp|P22102|PUR2_HUMAN,/core/www/modules//consensus/?run_id=110202&search_id=114132&scans_id=110198&peptide_id=15887&scanf=24298&charge=3&value=sp|P22102|PUR2_HUMAN,0,/core/www/modules/match_peptides/blast_html4.php?run_id=110202&search_id=114132&scans_id=110198&peptide_id=15887&scanf=24298&charge=3&value=0,R.ENLISALEEAKK.G,/core/www/modules/show_out/show_out_wrapper.php?run_id=110202&search_id=114132&scans_id=110198&peptide_id=15887&scanf=24298&charge=3&value=R.ENLISALEEAKK.G,GART,2.489e+6,2.203,0.056,1.249,0.002
24302,2,"  2.529","  0.199",10/16,/core/www/modules//sdig/index.php?run_id=110202&search_id=114132&scans_id=110198&peptide_id=15891&scanf=24302&charge=2&value=10/16,sp|P12956|XRCC6_HUMAN,/core/www/modules//consensus/?run_id=110202&search_id=114132&scans_id=110198&peptide_id=15891&scanf=24302&charge=2&value=sp|P12956|XRCC6_HUMAN,1,/core/www/modules/match_peptides/blast_html4.php?run_id=110202&search_id=114132&scans_id=110198&peptide_id=15891&scanf=24302&charge=2&value=1,K.QELLEALTK.H,/core/www/modules/show_out/show_out_wrapper.php?run_id=110202&search_id=114132&scans_id=110198&peptide_id=15891&scanf=24302&charge=2&value=K.QELLEALTK.H,XRCC6,1.230e+7,2.504,0.021,1.680,0.000
24306,2,"  3.677","  0.523",14/24,/core/www/modules//sdig/index.php?run_id=110202&search_id=114132&scans_id=110198&peptide_id=15895&scanf=24306&charge=2&value=14/24,sp|O75369|FLNB_HUMAN,/core/www/modules//consensus/?run_id=110202&search_id=114132&scans_id=110198&peptide_id=15895&scanf=24306&charge=2&value=sp|O75369|FLNB_HUMAN,3,/core/www/modules/match_peptides/blast_html4.php?run_id=110202&search_id=114132&scans_id=110198&peptide_id=15895&scanf=24306&charge=2&value=3,R.IGNLQTDLSDGLR.L,/core/www/modules/show_out/show_out_wrapper.php?run_id=110202&search_id=114132&scans_id=110198&peptide_id=15895&scanf=24306&charge=2&value=R.IGNLQTDLSDGLR.L,FLNB,7.762e+6,3.285,0.001,2.830,0.000
24307,2,"  4.068","  0.725",15/28,/core/www/modules//sdig/index.php?run_id=110202&search_id=114132&scans_id=110198&peptide_id=15896&scanf=24307&charge=2&value=15/28,sp|P51531|SMCA2_HUMAN,/core/www/modules//consensus/?run_id=110202&search_id=114132&scans_id=110198&peptide_id=15896&scanf=24307&charge=2&value=sp|P51531|SMCA2_HUMAN,13,/core/www/modules/match_peptides/blast_html4.php?run_id=110202&search_id=114132&scans_id=110198&peptide_id=15896&scanf=24307&charge=2&value=13,R.AIEDGNLEEMEEEVR.L,/core/www/modules/show_out/show_out_wrapper.php?run_id=110202&search_id=114132&scans_id=110198&peptide_id=15896&scanf=24307&charge=2&value=R.AIEDGNLEEMEEEVR.L,SMARCA2,6.298e+6,4.053,0.000,3.967,0.000
24308,3,"  3.649","  0.435",11/56,/core/www/modules//sdig/index.php?run_id=110202&search_id=114132&scans_id=110198&peptide_id=15897&scanf=24308&charge=3&value=11/56,sp|O75369|FLNB_HUMAN,/core/www/modules//consensus/?run_id=110202&search_id=114132&scans_id=110198&peptide_id=15897&scanf=24308&charge=3&value=sp|O75369|FLNB_HUMAN,3,/core/www/modules/match_peptides/blast_html4.php?run_id=110202&search_id=114132&scans_id=110198&peptide_id=15897&scanf=24308&charge=3&value=3,K.EAFTNKPNVFTVVTR.G,/core/www/modules/show_out/show_out_wrapper.php?run_id=110202&search_id=114132&scans_id=110198&peptide_id=15897&scanf=24308&charge=3&value=K.EAFTNKPNVFTVVTR.G,FLNB,5.764e+6,2.927,0.005,2.301,0.000
24313,2,"  2.862","  0.269",13/22,/core/www/modules//sdig/index.php?run_id=110202&search_id=114132&scans_id=110198&peptide_id=15903&scanf=24313&charge=2&value=13/22,sp|P17987|TCPA_HUMAN,/core/www/modules//consensus/?run_id=110202&search_id=114132&scans_id=110198&peptide_id=15903&scanf=24313&charge=2&value=sp|P17987|TCPA_HUMAN,4,/core/www/modules/match_peptides/blast_html4.php?run_id=110202&search_id=114132&scans_id=110198&peptide_id=15903&scanf=24313&charge=2&value=4,K.LGVQVVITDPEK.L,/core/www/modules/show_out/show_out_wrapper.php?run_id=110202&search_id=114132&scans_id=110198&peptide_id=15903&scanf=24313&charge=2&value=K.LGVQVVITDPEK.L,TCP1,2.406e+7,2.449,0.025,1.600,0.001
24315,2,"  1.796","  0.228",7/12,/core/www/modules//sdig/index.php?run_id=110202&search_id=114132&scans_id=110198&peptide_id=15905&scanf=24315&charge=2&value=7/12,sp|Q8IWR0|Z3H7A_HUMAN,/core/www/modules//consensus/?run_id=110202&search_id=114132&scans_id=110198&peptide_id=15905&scanf=24315&charge=2&value=sp|Q8IWR0|Z3H7A_HUMAN,2,/core/www/modules/match_peptides/blast_html4.php?run_id=110202&search_id=114132&scans_id=110198&peptide_id=15905&scanf=24315&charge=2&value=2,K.INLTVFK.L,/core/www/modules/show_out/show_out_wrapper.php?run_id=110202&search_id=114132&scans_id=110198&peptide_id=15905&scanf=24315&charge=2&value=K.INLTVFK.L,ZC3H7A,2.809e+6,2.372,0.032,1.489,0.001
24317,2,"  4.462","  0.570",19/32,/core/www/modules//sdig/index.php?run_id=110202&search_id=114132&scans_id=110198&peptide_id=15907&scanf=24317&charge=2&value=19/32,sp|O60341|KDM1A_HUMAN,/core/www/modules//consensus/?run_id=110202&search_id=114132&scans_id=110198&peptide_id=15907&scanf=24317&charge=2&value=sp|O60341|KDM1A_HUMAN,12,/core/www/modules/match_peptides/blast_html4.php?run_id=110202&search_id=114132&scans_id=110198&peptide_id=15907&scanf=24317&charge=2&value=12,K.LQELEANPPSDVYLSSR.D,/core/www/modules/show_out/show_out_wrapper.php?run_id=110202&search_id=114132&scans_id=110198&peptide_id=15907&scanf=24317&charge=2&value=K.LQELEANPPSDVYLSSR.D,KDM1A,5.321e+6,3.363,0.001,2.946,0.000
24318,2,"  1.613","  0.115",7/14,/core/www/modules//sdig/index.php?run_id=110202&search_id=114132&scans_id=110198&peptide_id=15908&scanf=24318&charge=2&value=7/14,sp|O60244|MED14_HUMAN,/core/www/modules//consensus/?run_id=110202&search_id=114132&scans_id=110198&peptide_id=15908&scanf=24318&charge=2&value=sp|O60244|MED14_HUMAN,1,/core/www/modules/match_peptides/blast_html4.php?run_id=110202&search_id=114132&scans_id=110198&peptide_id=15908&scanf=24318&charge=2&value=1,R.FLGSVIMR.R,/core/www/modules/show_out/show_out_wrapper.php?run_id=110202&search_id=114132&scans_id=110198&peptide_id=15908&scanf=24318&charge=2&value=R.FLGSVIMR.R,MED14,2.192e+6,1.863,0.160,0.796,0.008
24321,2,"  2.066","  0.176",10/14,/core/www/modules//sdig/index.php?run_id=110202&search_id=114132&scans_id=110198&peptide_id=15912&scanf=24321&charge=2&value=10/14,sp|Q68CP9|ARID2_HUMAN,/core/www/modules//consensus/?run_id=110202&search_id=114132&scans_id=110198&peptide_id=15912&scanf=24321&charge=2&value=sp|Q68CP9|ARID2_HUMAN,3,/core/www/modules/match_peptides/blast_html4.php?run_id=110202&search_id=114132&scans_id=110198&peptide_id=15912&scanf=24321&charge=2&value=3,R.LTAALILK.N,/core/www/modules/show_out/show_out_wrapper.php?run_id=110202&search_id=114132&scans_id=110198&peptide_id=15912&scanf=24321&charge=2&value=R.LTAALILK.N,ARID2,4.794e+6,2.449,0.025,1.600,0.001
24323,2,"  2.065","  0.484",8/16,/core/www/modules//sdig/index.php?run_id=110202&search_id=114132&scans_id=110198&peptide_id=15913&scanf=24323&charge=2&value=8/16,sp|Q8TAQ2|SMRC2_HUMAN,/core/www/modules//consensus/?run_id=110202&search_id=114132&scans_id=110198&peptide_id=15913&scanf=24323&charge=2&value=sp|Q8TAQ2|SMRC2_HUMAN,2,/core/www/modules/match_peptides/blast_html4.php?run_id=110202&search_id=114132&scans_id=110198&peptide_id=15913&scanf=24323&charge=2&value=2,R.ALPEFFNGK.N,/core/www/modules/show_out/show_out_wrapper.php?run_id=110202&search_id=114132&scans_id=110198&peptide_id=15913&scanf=24323&charge=2&value=R.ALPEFFNGK.N,SMARCC2,1.527e+7,3.259,0.002,2.791,0.000
24324,2,"  2.853","  0.646",14/22,/core/www/modules//sdig/index.php?run_id=110202&search_id=114132&scans_id=110198&peptide_id=15914&scanf=24324&charge=2&value=14/22,sp|Q8NAV1|PR38A_HUMAN,/core/www/modules//consensus/?run_id=110202&search_id=114132&scans_id=110198&peptide_id=15914&scanf=24324&charge=2&value=sp|Q8NAV1|PR38A_HUMAN,0,/core/www/modules/match_peptides/blast_html4.php?run_id=110202&search_id=114132&scans_id=110198&peptide_id=15914&scanf=24324&charge=2&value=0,R.YVLEEAEQLEPR.V,/core/www/modules/show_out/show_out_wrapper.php?run_id=110202&search_id=114132&scans_id=110198&peptide_id=15914&scanf=24324&charge=2&value=R.YVLEEAEQLEPR.V,PRPF38A,1.180e+7,3.745,0.000,3.512,0.000
24325,3,"  4.249","  0.368",18/72,/core/www/modules//sdig/index.php?run_id=110202&search_id=114132&scans_id=110198&peptide_id=15915&scanf=24325&charge=3&value=18/72,sp|P00558|PGK1_HUMAN,/core/www/modules//consensus/?run_id=110202&search_id=114132&scans_id=110198&peptide_id=15915&scanf=24325&charge=3&value=sp|P00558|PGK1_HUMAN,0,/core/www/modules/match_peptides/blast_html4.php?run_id=110202&search_id=114132&scans_id=110198&peptide_id=15915&scanf=24325&charge=3&value=0,K.SVVLMSHLGRPDGVPMPDK.Y,/core/www/modules/show_out/show_out_wrapper.php?run_id=110202&search_id=114132&scans_id=110198&peptide_id=15915&scanf=24325&charge=3&value=K.SVVLMSHLGRPDGVPMPDK.Y,PGK1,7.260e+6,2.472,0.023,1.634,0.001
24328,2,"  3.162","  0.553",14/24,/core/www/modules//sdig/index.php?run_id=110202&search_id=114132&scans_id=110198&peptide_id=15918&scanf=24328&charge=2&value=14/24,sp|P38159|RBMX_HUMAN,/core/www/modules//consensus/?run_id=110202&search_id=114132&scans_id=110198&peptide_id=15918&scanf=24328&charge=2&value=sp|P38159|RBMX_HUMAN,6,/core/www/modules/match_peptides/blast_html4.php?run_id=110202&search_id=114132&scans_id=110198&peptide_id=15918&scanf=24328&charge=2&value=6,K.LFIGGLNTETNEK.A,/core/www/modules/show_out/show_out_wrapper.php?run_id=110202&search_id=114132&scans_id=110198&peptide_id=15918&scanf=24328&charge=2&value=K.LFIGGLNTETNEK.A,RBMX,3.464e+8,3.570,0.001,3.251,0.000
24337,2,"  1.622","  0.413",7/14,/core/www/modules//sdig/index.php?run_id=110202&search_id=114132&scans_id=110198&peptide_id=15928&scanf=24337&charge=2&value=7/14,sp|Q86W50|MET16_HUMAN,/core/www/modules//consensus/?run_id=110202&search_id=114132&scans_id=110198&peptide_id=15928&scanf=24337&charge=2&value=sp|Q86W50|MET16_HUMAN,4,/core/www/modules/match_peptides/blast_html4.php?run_id=110202&search_id=114132&scans_id=110198&peptide_id=15928&scanf=24337&charge=2&value=4,R.LIPTVPLR.L,/core/www/modules/show_out/show_out_wrapper.php?run_id=110202&search_id=114132&scans_id=110198&peptide_id=15928&scanf=24337&charge=2&value=R.LIPTVPLR.L,METTL16,5.019e+6,2.821,0.007,2.144,0.000
24341,3,"  3.502","  0.390",16/52,/core/www/modules//sdig/index.php?run_id=110202&search_id=114132&scans_id=110198&peptide_id=15933&scanf=24341&charge=3&value=16/52,sp|Q02880|TOP2B_HUMAN,/core/www/modules//consensus/?run_id=110202&search_id=114132&scans_id=110198&peptide_id=15933&scanf=24341&charge=3&value=sp|Q02880|TOP2B_HUMAN,4,/core/www/modules/match_peptides/blast_html4.php?run_id=110202&search_id=114132&scans_id=110198&peptide_id=15933&scanf=24341&charge=3&value=4,R.SIPSLVDGFKPGQR.K,/core/www/modules/show_out/show_out_wrapper.php?run_id=110202&search_id=114132&scans_id=110198&peptide_id=15933&scanf=24341&charge=3&value=R.SIPSLVDGFKPGQR.K,TOP2B,3.022e+7,2.915,0.005,2.282,0.000
24342,2,"  1.476","  0.197",8/14,/core/www/modules//sdig/index.php?run_id=110202&search_id=114132&scans_id=110198&peptide_id=15934&scanf=24342&charge=2&value=8/14,sp|P27707|DCK_HUMAN,/core/www/modules//consensus/?run_id=110202&search_id=114132&scans_id=110198&peptide_id=15934&scanf=24342&charge=2&value=sp|P27707|DCK_HUMAN,2,/core/www/modules/match_peptides/blast_html4.php?run_id=110202&search_id=114132&scans_id=110198&peptide_id=15934&scanf=24342&charge=2&value=2,K.STFVNILK.Q,/core/www/modules/show_out/show_out_wrapper.php?run_id=110202&search_id=114132&scans_id=110198&peptide_id=15934&scanf=24342&charge=2&value=K.STFVNILK.Q,DCK,1.685e+6,2.188,0.059,1.228,0.002
24345,2,"  2.187","  0.000",11/20,/core/www/modules//sdig/index.php?run_id=110202&search_id=114132&scans_id=110198&peptide_id=15936&scanf=24345&charge=2&value=11/20,sp|P51153|RAB13_HUMAN,/core/www/modules//consensus/?run_id=110202&search_id=114132&scans_id=110198&peptide_id=15936&scanf=24345&charge=2&value=sp|P51153|RAB13_HUMAN,1,/core/www/modules/match_peptides/blast_html4.php?run_id=110202&search_id=114132&scans_id=110198&peptide_id=15936&scanf=24345&charge=2&value=1,K.LLLIGDSGVGK.T,/core/www/modules/show_out/show_out_wrapper.php?run_id=110202&search_id=114132&scans_id=110198&peptide_id=15936&scanf=24345&charge=2&value=K.LLLIGDSGVGK.T,RAB13,7.498e+6,2.671,0.012,1.924,0.000
24347,2,"  2.640","  0.507",12/22,/core/www/modules//sdig/index.php?run_id=110202&search_id=114132&scans_id=110198&peptide_id=15938&scanf=24347&charge=2&value=12/22,sp|Q9Y3B7|RM11_HUMAN,/core/www/modules//consensus/?run_id=110202&search_id=114132&scans_id=110198&peptide_id=15938&scanf=24347&charge=2&value=sp|Q9Y3B7|RM11_HUMAN,0,/core/www/modules/match_peptides/blast_html4.php?run_id=110202&search_id=114132&scans_id=110198&peptide_id=15938&scanf=24347&charge=2&value=0,K.DLSSEELAAFQK.E,/core/www/modules/show_out/show_out_wrapper.php?run_id=110202&search_id=114132&scans_id=110198&peptide_id=15938&scanf=24347&charge=2&value=K.DLSSEELAAFQK.E,MRPL11,5.153e+6,3.131,0.003,2.602,0.000
24350,2,"  3.200","  0.588",15/28,/core/www/modules//sdig/index.php?run_id=110202&search_id=114132&scans_id=110198&peptide_id=15942&scanf=24350&charge=2&value=15/28,sp|Q15149|PLEC_HUMAN,/core/www/modules//consensus/?run_id=110202&search_id=114132&scans_id=110198&peptide_id=15942&scanf=24350&charge=2&value=sp|Q15149|PLEC_HUMAN,5,/core/www/modules/match_peptides/blast_html4.php?run_id=110202&search_id=114132&scans_id=110198&peptide_id=15942&scanf=24350&charge=2&value=5,R.LLDPEDVDVPQPDEK.S,/core/www/modules/show_out/show_out_wrapper.php?run_id=110202&search_id=114132&scans_id=110198&peptide_id=15942&scanf=24350&charge=2&value=R.LLDPEDVDVPQPDEK.S,PLEC,1.260e+7,3.858,0.000,3.679,0.000
24351,3,"  3.111","  0.536",14/44,/core/www/modules//sdig/index.php?run_id=110202&search_id=114132&scans_id=110198&peptide_id=15943&scanf=24351&charge=3&value=14/44,sp|A6NHR9|SMHD1_HUMAN,/core/www/modules//consensus/?run_id=110202&search_id=114132&scans_id=110198&peptide_id=15943&scanf=24351&charge=3&value=sp|A6NHR9|SMHD1_HUMAN,4,/core/www/modules/match_peptides/blast_html4.php?run_id=110202&search_id=114132&scans_id=110198&peptide_id=15943&scanf=24351&charge=3&value=4,K.LMILPDPEKPVR.L,/core/www/modules/show_out/show_out_wrapper.php?run_id=110202&search_id=114132&scans_id=110198&peptide_id=15943&scanf=24351&charge=3&value=K.LMILPDPEKPVR.L,SMCHD1,1.010e+8,3.620,0.000,3.326,0.000
24352,2,"  3.890","  0.662",16/28,/core/www/modules//sdig/index.php?run_id=110202&search_id=114132&scans_id=110198&peptide_id=15944&scanf=24352&charge=2&value=16/28,sp|P84085|ARF5_HUMAN,/core/www/modules//consensus/?run_id=110202&search_id=114132&scans_id=110198&peptide_id=15944&scanf=24352&charge=2&value=sp|P84085|ARF5_HUMAN,1,/core/www/modules/match_peptides/blast_html4.php?run_id=110202&search_id=114132&scans_id=110198&peptide_id=15944&scanf=24352&charge=2&value=1,K.QDMPNAMPVSELTDK.L,/core/www/modules/show_out/show_out_wrapper.php?run_id=110202&search_id=114132&scans_id=110198&peptide_id=15944&scanf=24352&charge=2&value=K.QDMPNAMPVSELTDK.L,ARF5,7.233e+6,3.586,0.001,3.275,0.000
24355,3,"  2.655","  0.468",14/40,/core/www/modules//sdig/index.php?run_id=110202&search_id=114132&scans_id=110198&peptide_id=15947&scanf=24355&charge=3&value=14/40,sp|P30876|RPB2_HUMAN,/core/www/modules//consensus/?run_id=110202&search_id=114132&scans_id=110198&peptide_id=15947&scanf=24355&charge=3&value=sp|P30876|RPB2_HUMAN,2,/core/www/modules/match_peptides/blast_html4.php?run_id=110202&search_id=114132&scans_id=110198&peptide_id=15947&scanf=24355&charge=3&value=2,R.LTFASTLSHLR.R,/core/www/modules/show_out/show_out_wrapper.php?run_id=110202&search_id=114132&scans_id=110198&peptide_id=15947&scanf=24355&charge=3&value=R.LTFASTLSHLR.R,POLR2B,4.799e+6,3.235,0.002,2.756,0.000
24356,2,"  2.646","  0.000",11/24,/core/www/modules//sdig/index.php?run_id=110202&search_id=114132&scans_id=110198&peptide_id=15948&scanf=24356&charge=2&value=11/24,sp|P07900|HS90A_HUMAN,/core/www/modules//consensus/?run_id=110202&search_id=114132&scans_id=110198&peptide_id=15948&scanf=24356&charge=2&value=sp|P07900|HS90A_HUMAN,0,/core/www/modules/match_peptides/blast_html4.php?run_id=110202&search_id=114132&scans_id=110198&peptide_id=15948&scanf=24356&charge=2&value=0,R.TLTIVDTGIGM*TK.A,/core/www/modules/show_out/show_out_wrapper.php?run_id=110202&search_id=114132&scans_id=110198&peptide_id=15948&scanf=24356&charge=2&value=R.TLTIVDTGIGM*TK.A,HSP90AA1,6.271e+6,2.071,0.086,1.067,0.003
24359,2,"  1.859","  0.110",9/14,/core/www/modules//sdig/index.php?run_id=110202&search_id=114132&scans_id=110198&peptide_id=15951&scanf=24359&charge=2&value=9/14,sp|Q92797|SYMPK_HUMAN,/core/www/modules//consensus/?run_id=110202&search_id=114132&scans_id=110198&peptide_id=15951&scanf=24359&charge=2&value=sp|Q92797|SYMPK_HUMAN,2,/core/www/modules/match_peptides/blast_html4.php?run_id=110202&search_id=114132&scans_id=110198&peptide_id=15951&scanf=24359&charge=2&value=2,K.LHLLSVLK.H,/core/www/modules/show_out/show_out_wrapper.php?run_id=110202&search_id=114132&scans_id=110198&peptide_id=15951&scanf=24359&charge=2&value=K.LHLLSVLK.H,SYMPK,5.358e+6,2.176,0.061,1.211,0.002
24366,3,"  5.148","  0.647",24/64,/core/www/modules//sdig/index.php?run_id=110202&search_id=114132&scans_id=110198&peptide_id=15958&scanf=24366&charge=3&value=24/64,sp|Q13200|PSMD2_HUMAN,/core/www/modules//consensus/?run_id=110202&search_id=114132&scans_id=110198&peptide_id=15958&scanf=24366&charge=3&value=sp|Q13200|PSMD2_HUMAN,1,/core/www/modules/match_peptides/blast_html4.php?run_id=110202&search_id=114132&scans_id=110198&peptide_id=15958&scanf=24366&charge=3&value=1,R.LVGSQEELASWGHEYVR.H,/core/www/modules/show_out/show_out_wrapper.php?run_id=110202&search_id=114132&scans_id=110198&peptide_id=15958&scanf=24366&charge=3&value=R.LVGSQEELASWGHEYVR.H,PSMD2,1.797e+7,3.835,0.000,3.646,0.000
24368,3,"  3.720","  0.448",9/48,/core/www/modules//sdig/index.php?run_id=110202&search_id=114132&scans_id=110198&peptide_id=15960&scanf=24368&charge=3&value=9/48,sp|Q99729|ROAA_HUMAN,/core/www/modules//consensus/?run_id=110202&search_id=114132&scans_id=110198&peptide_id=15960&scanf=24368&charge=3&value=sp|Q99729|ROAA_HUMAN,3,/core/www/modules/match_peptides/blast_html4.php?run_id=110202&search_id=114132&scans_id=110198&peptide_id=15960&scanf=24368&charge=3&value=3,K.MFVGGLSWDTSKK.D,/core/www/modules/show_out/show_out_wrapper.php?run_id=110202&search_id=114132&scans_id=110198&peptide_id=15960&scanf=24368&charge=3&value=K.MFVGGLSWDTSKK.D,HNRNPAB,2.329e+7,2.672,0.012,1.926,0.000
24369,2,"  2.933","  0.579",13/24,/core/www/modules//sdig/index.php?run_id=110202&search_id=114132&scans_id=110198&peptide_id=15961&scanf=24369&charge=2&value=13/24,sp|Q9Y2X3|NOP58_HUMAN,/core/www/modules//consensus/?run_id=110202&search_id=114132&scans_id=110198&peptide_id=15961&scanf=24369&charge=2&value=sp|Q9Y2X3|NOP58_HUMAN,0,/core/www/modules/match_peptides/blast_html4.php?run_id=110202&search_id=114132&scans_id=110198&peptide_id=15961&scanf=24369&charge=2&value=0,R.SQMDGLIPGVEPR.E,/core/www/modules/show_out/show_out_wrapper.php?run_id=110202&search_id=114132&scans_id=110198&peptide_id=15961&scanf=24369&charge=2&value=R.SQMDGLIPGVEPR.E,NOP58,4.338e+6,3.419,0.001,3.028,0.000
24370,2,"  2.162","  0.453",9/14,/core/www/modules//sdig/index.php?run_id=110202&search_id=114132&scans_id=110198&peptide_id=15963&scanf=24370&charge=2&value=9/14,sp|P55072|TERA_HUMAN,/core/www/modules//consensus/?run_id=110202&search_id=114132&scans_id=110198&peptide_id=15963&scanf=24370&charge=2&value=sp|P55072|TERA_HUMAN,12,/core/www/modules/match_peptides/blast_html4.php?run_id=110202&search_id=114132&scans_id=110198&peptide_id=15963&scanf=24370&charge=2&value=12,K.M*DELQLFR.G,/core/www/modules/show_out/show_out_wrapper.php?run_id=110202&search_id=114132&scans_id=110198&peptide_id=15963&scanf=24370&charge=2&value=K.M*DELQLFR.G,VCP,3.565e+6,3.272,0.002,2.810,0.000
24371,2,"  5.309","  0.730",20/32,/core/www/modules//sdig/index.php?run_id=110202&search_id=114132&scans_id=110198&peptide_id=15964&scanf=24371&charge=2&value=20/32,sp|Q14498|RBM39_HUMAN,/core/www/modules//consensus/?run_id=110202&search_id=114132&scans_id=110198&peptide_id=15964&scanf=24371&charge=2&value=sp|Q14498|RBM39_HUMAN,4,/core/www/modules/match_peptides/blast_html4.php?run_id=110202&search_id=114132&scans_id=110198&peptide_id=15964&scanf=24371&charge=2&value=4,R.TDASSASSFLDSDELER.T,/core/www/modules/show_out/show_out_wrapper.php?run_id=110202&search_id=114132&scans_id=110198&peptide_id=15964&scanf=24371&charge=2&value=R.TDASSASSFLDSDELER.T,RBM39,3.214e+7,3.997,0.000,3.885,0.000
24372,3,"  5.656","  0.768",29/104,/core/www/modules//sdig/index.php?run_id=110202&search_id=114132&scans_id=110198&peptide_id=15965&scanf=24372&charge=3&value=29/104,sp|Q14684|RRP1B_HUMAN,/core/www/modules//consensus/?run_id=110202&search_id=114132&scans_id=110198&peptide_id=15965&scanf=24372&charge=3&value=sp|Q14684|RRP1B_HUMAN,0,/core/www/modules/match_peptides/blast_html4.php?run_id=110202&search_id=114132&scans_id=110198&peptide_id=15965&scanf=24372&charge=3&value=0,R.EMLESAVLPPEDMSQSGPSGSHPQGPR.G,/core/www/modules/show_out/show_out_wrapper.php?run_id=110202&search_id=114132&scans_id=110198&peptide_id=15965&scanf=24372&charge=3&value=R.EMLESAVLPPEDMSQSGPSGSHPQGPR.G,RRP1B,3.198e+6,3.731,0.000,3.490,0.000
24373,2,"  1.611","  0.198",8/16,/core/www/modules//sdig/index.php?run_id=110202&search_id=114132&scans_id=110198&peptide_id=15966&scanf=24373&charge=2&value=8/16,sp|O75643|U520_HUMAN,/core/www/modules//consensus/?run_id=110202&search_id=114132&scans_id=110198&peptide_id=15966&scanf=24373&charge=2&value=sp|O75643|U520_HUMAN,1,/core/www/modules/match_peptides/blast_html4.php?run_id=110202&search_id=114132&scans_id=110198&peptide_id=15966&scanf=24373&charge=2&value=1,R.VFSLSSEFK.N,/core/www/modules/show_out/show_out_wrapper.php?run_id=110202&search_id=114132&scans_id=110198&peptide_id=15966&scanf=24373&charge=2&value=R.VFSLSSEFK.N,SNRNP200,3.963e+7,2.332,0.037,1.431,0.001
24375,2,"  3.155","  0.395",12/18,/core/www/modules//sdig/index.php?run_id=110202&search_id=114132&scans_id=110198&peptide_id=15968&scanf=24375&charge=2&value=12/18,sp|P30876|RPB2_HUMAN,/core/www/modules//consensus/?run_id=110202&search_id=114132&scans_id=110198&peptide_id=15968&scanf=24375&charge=2&value=sp|P30876|RPB2_HUMAN,2,/core/www/modules/match_peptides/blast_html4.php?run_id=110202&search_id=114132&scans_id=110198&peptide_id=15968&scanf=24375&charge=2&value=2,K.DPEQLMNTLR.K,/core/www/modules/show_out/show_out_wrapper.php?run_id=110202&search_id=114132&scans_id=110198&peptide_id=15968&scanf=24375&charge=2&value=K.DPEQLMNTLR.K,POLR2B,3.681e+6,3.064,0.003,2.503,0.000
24383,3,"  2.582","  0.354",9/44,/core/www/modules//sdig/index.php?run_id=110202&search_id=114132&scans_id=110198&peptide_id=15977&scanf=24383&charge=3&value=9/44,sp|Q8NAV1|PR38A_HUMAN,/core/www/modules//consensus/?run_id=110202&search_id=114132&scans_id=110198&peptide_id=15977&scanf=24383&charge=3&value=sp|Q8NAV1|PR38A_HUMAN,0,/core/www/modules/match_peptides/blast_html4.php?run_id=110202&search_id=114132&scans_id=110198&peptide_id=15977&scanf=24383&charge=3&value=0,R.YVLEEAEQLEPR.V,/core/www/modules/show_out/show_out_wrapper.php?run_id=110202&search_id=114132&scans_id=110198&peptide_id=15977&scanf=24383&charge=3&value=R.YVLEEAEQLEPR.V,PRPF38A,3.492e+6,2.612,0.015,1.838,0.000
24384,3,"  1.967","  0.398",12/40,/core/www/modules//sdig/index.php?run_id=110202&search_id=114132&scans_id=110198&peptide_id=15978&scanf=24384&charge=3&value=12/40,sp|P50454|SERPH_HUMAN,/core/www/modules//consensus/?run_id=110202&search_id=114132&scans_id=110198&peptide_id=15978&scanf=24384&charge=3&value=sp|P50454|SERPH_HUMAN,4,/core/www/modules/match_peptides/blast_html4.php?run_id=110202&search_id=114132&scans_id=110198&peptide_id=15978&scanf=24384&charge=3&value=4,K.LQIVEMPLAHK.L,/core/www/modules/show_out/show_out_wrapper.php?run_id=110202&search_id=114132&scans_id=110198&peptide_id=15978&scanf=24384&charge=3&value=K.LQIVEMPLAHK.L,SERPINH1,1.153e+8,2.921,0.005,2.291,0.000
24386,2,"  3.410","  0.693",14/26,/core/www/modules//sdig/index.php?run_id=110202&search_id=114132&scans_id=110198&peptide_id=15979&scanf=24386&charge=2&value=14/26,sp|Q96KR1|ZFR_HUMAN,/core/www/modules//consensus/?run_id=110202&search_id=114132&scans_id=110198&peptide_id=15979&scanf=24386&charge=2&value=sp|Q96KR1|ZFR_HUMAN,0,/core/www/modules/match_peptides/blast_html4.php?run_id=110202&search_id=114132&scans_id=110198&peptide_id=15979&scanf=24386&charge=2&value=0,K.STPVTSAVQIPEVK.Q,/core/www/modules/show_out/show_out_wrapper.php?run_id=110202&search_id=114132&scans_id=110198&peptide_id=15979&scanf=24386&charge=2&value=K.STPVTSAVQIPEVK.Q,ZFR,5.116e+7,3.737,0.000,3.500,0.000
24387,2,"  3.006","  0.389",12/18,/core/www/modules//sdig/index.php?run_id=110202&search_id=114132&scans_id=110198&peptide_id=15980&scanf=24387&charge=2&value=12/18,sp|Q9UNM6|PSD13_HUMAN,/core/www/modules//consensus/?run_id=110202&search_id=114132&scans_id=110198&peptide_id=15980&scanf=24387&charge=2&value=sp|Q9UNM6|PSD13_HUMAN,3,/core/www/modules/match_peptides/blast_html4.php?run_id=110202&search_id=114132&scans_id=110198&peptide_id=15980&scanf=24387&charge=2&value=3,K.LNIGDLQVTK.E,/core/www/modules/show_out/show_out_wrapper.php?run_id=110202&search_id=114132&scans_id=110198&peptide_id=15980&scanf=24387&charge=2&value=K.LNIGDLQVTK.E,PSMD13,2.775e+7,2.998,0.004,2.406,0.000
24388,3,"  3.208","  0.485",12/48,/core/www/modules//sdig/index.php?run_id=110202&search_id=114132&scans_id=110198&peptide_id=15981&scanf=24388&charge=3&value=12/48,sp|P09012|SNRPA_HUMAN,/core/www/modules//consensus/?run_id=110202&search_id=114132&scans_id=110198&peptide_id=15981&scanf=24388&charge=3&value=sp|P09012|SNRPA_HUMAN,3,/core/www/modules/match_peptides/blast_html4.php?run_id=110202&search_id=114132&scans_id=110198&peptide_id=15981&scanf=24388&charge=3&value=3,R.SMQGFPFYDKPMR.I,/core/www/modules/show_out/show_out_wrapper.php?run_id=110202&search_id=114132&scans_id=110198&peptide_id=15981&scanf=24388&charge=3&value=R.SMQGFPFYDKPMR.I,SNRPA,1.732e+7,3.040,0.003,2.468,0.000
24390,3,"  3.713","  0.589",17/64,/core/www/modules//sdig/index.php?run_id=110202&search_id=114132&scans_id=110198&peptide_id=15984&scanf=24390&charge=3&value=17/64,sp|Q7Z333|SETX_HUMAN,/core/www/modules//consensus/?run_id=110202&search_id=114132&scans_id=110198&peptide_id=15984&scanf=24390&charge=3&value=sp|Q7Z333|SETX_HUMAN,0,/core/www/modules/match_peptides/blast_html4.php?run_id=110202&search_id=114132&scans_id=110198&peptide_id=15984&scanf=24390&charge=3&value=0,K.VPQPVPLIAQKPVGEMK.N,/core/www/modules/show_out/show_out_wrapper.php?run_id=110202&search_id=114132&scans_id=110198&peptide_id=15984&scanf=24390&charge=3&value=K.VPQPVPLIAQKPVGEMK.N,SETX,2.568e+6,3.331,0.001,2.897,0.000
24394,2,"  1.167","  0.190",6/16,/core/www/modules//sdig/index.php?run_id=110202&search_id=114132&scans_id=110198&peptide_id=15988&scanf=24394&charge=2&value=6/16,sp|Q15287|RNPS1_HUMAN,/core/www/modules//consensus/?run_id=110202&search_id=114132&scans_id=110198&peptide_id=15988&scanf=24394&charge=2&value=sp|Q15287|RNPS1_HUMAN,4,/core/www/modules/match_peptides/blast_html4.php?run_id=110202&search_id=114132&scans_id=110198&peptide_id=15988&scanf=24394&charge=2&value=4,R.M*LPPPPMWR.R,/core/www/modules/show_out/show_out_wrapper.php?run_id=110202&search_id=114132&scans_id=110198&peptide_id=15988&scanf=24394&charge=2&value=R.M*LPPPPMWR.R,RNPS1,8.820e+7,1.865,0.159,0.798,0.008
24395,2,"  3.753","  0.521",15/28,/core/www/modules//sdig/index.php?run_id=110202&search_id=114132&scans_id=110198&peptide_id=15989&scanf=24395&charge=2&value=15/28,sp|O43707|ACTN4_HUMAN,/core/www/modules//consensus/?run_id=110202&search_id=114132&scans_id=110198&peptide_id=15989&scanf=24395&charge=2&value=sp|O43707|ACTN4_HUMAN,3,/core/www/modules/match_peptides/blast_html4.php?run_id=110202&search_id=114132&scans_id=110198&peptide_id=15989&scanf=24395&charge=2&value=3,K.LVSIGAEEIVDGNAK.M,/core/www/modules/show_out/show_out_wrapper.php?run_id=110202&search_id=114132&scans_id=110198&peptide_id=15989&scanf=24395&charge=2&value=K.LVSIGAEEIVDGNAK.M,ACTN4,1.698e+8,3.516,0.001,3.172,0.000
24396,3,"  2.826","  0.285",12/52,/core/www/modules//sdig/index.php?run_id=110202&search_id=114132&scans_id=110198&peptide_id=15990&scanf=24396&charge=3&value=12/52,sp|P08670|VIME_HUMAN,/core/www/modules//consensus/?run_id=110202&search_id=114132&scans_id=110198&peptide_id=15990&scanf=24396&charge=3&value=sp|P08670|VIME_HUMAN,2,/core/www/modules/match_peptides/blast_html4.php?run_id=110202&search_id=114132&scans_id=110198&peptide_id=15990&scanf=24396&charge=3&value=2,R.KVESLQEEIAFLKK.L,/core/www/modules/show_out/show_out_wrapper.php?run_id=110202&search_id=114132&scans_id=110198&peptide_id=15990&scanf=24396&charge=3&value=R.KVESLQEEIAFLKK.L,VIM,2.031e+8,2.272,0.045,1.346,0.002
24397,2,"  2.873","  0.470",11/20,/core/www/modules//sdig/index.php?run_id=110202&search_id=114132&scans_id=110198&peptide_id=15991&scanf=24397&charge=2&value=11/20,sp|Q9NTX5|ECHD1_HUMAN,/core/www/modules//consensus/?run_id=110202&search_id=114132&scans_id=110198&peptide_id=15991&scanf=24397&charge=2&value=sp|Q9NTX5|ECHD1_HUMAN,1,/core/www/modules/match_peptides/blast_html4.php?run_id=110202&search_id=114132&scans_id=110198&peptide_id=15991&scanf=24397&charge=2&value=1,K.QFIQGPPEVIR.A,/core/www/modules/show_out/show_out_wrapper.php?run_id=110202&search_id=114132&scans_id=110198&peptide_id=15991&scanf=24397&charge=2&value=K.QFIQGPPEVIR.A,ECHDC1,6.784e+6,3.036,0.003,2.461,0.000
24399,2,"  5.227","  0.749",18/32,/core/www/modules//sdig/index.php?run_id=110202&search_id=114132&scans_id=110198&peptide_id=15993&scanf=24399&charge=2&value=18/32,sp|P50991|TCPD_HUMAN,/core/www/modules//consensus/?run_id=110202&search_id=114132&scans_id=110198&peptide_id=15993&scanf=24399&charge=2&value=sp|P50991|TCPD_HUMAN,0,/core/www/modules/match_peptides/blast_html4.php?run_id=110202&search_id=114132&scans_id=110198&peptide_id=15993&scanf=24399&charge=2&value=0,K.TDMDNQIVVSDYAQMDR.V,/core/www/modules/show_out/show_out_wrapper.php?run_id=110202&search_id=114132&scans_id=110198&peptide_id=15993&scanf=24399&charge=2&value=K.TDMDNQIVVSDYAQMDR.V,CCT4,3.368e+6,3.944,0.000,3.806,0.000
24405,2,"  2.371","  0.477",8/24,/core/www/modules//sdig/index.php?run_id=110202&search_id=114132&scans_id=110198&peptide_id=15999&scanf=24405&charge=2&value=8/24,sp|Q15029|U5S1_HUMAN,/core/www/modules//consensus/?run_id=110202&search_id=114132&scans_id=110198&peptide_id=15999&scanf=24405&charge=2&value=sp|Q15029|U5S1_HUMAN,0,/core/www/modules/match_peptides/blast_html4.php?run_id=110202&search_id=114132&scans_id=110198&peptide_id=15999&scanf=24405&charge=2&value=0,K.IAVEPVNPSELPK.M,/core/www/modules/show_out/show_out_wrapper.php?run_id=110202&search_id=114132&scans_id=110198&peptide_id=15999&scanf=24405&charge=2&value=K.IAVEPVNPSELPK.M,EFTUD2,5.435e+7,2.760,0.009,2.055,0.000
24407,2,"  1.713","  0.461",10/16,/core/www/modules//sdig/index.php?run_id=110202&search_id=114132&scans_id=110198&peptide_id=16000&scanf=24407&charge=2&value=10/16,sp|P13010|XRCC5_HUMAN,/core/www/modules//consensus/?run_id=110202&search_id=114132&scans_id=110198&peptide_id=16000&scanf=24407&charge=2&value=sp|P13010|XRCC5_HUMAN,0,/core/www/modules/match_peptides/blast_html4.php?run_id=110202&search_id=114132&scans_id=110198&peptide_id=16000&scanf=24407&charge=2&value=0,R.FFMGNQVLK.V,/core/www/modules/show_out/show_out_wrapper.php?run_id=110202&search_id=114132&scans_id=110198&peptide_id=16000&scanf=24407&charge=2&value=R.FFMGNQVLK.V,XRCC5,6.214e+7,3.295,0.001,2.844,0.000
24408,3,"  4.454","  0.582",18/72,/core/www/modules//sdig/index.php?run_id=110202&search_id=114132&scans_id=110198&peptide_id=16001&scanf=24408&charge=3&value=18/72,sp|P78527|PRKDC_HUMAN,/core/www/modules//consensus/?run_id=110202&search_id=114132&scans_id=110198&peptide_id=16001&scanf=24408&charge=3&value=sp|P78527|PRKDC_HUMAN,0,/core/www/modules/match_peptides/blast_html4.php?run_id=110202&search_id=114132&scans_id=110198&peptide_id=16001&scanf=24408&charge=3&value=0,K.ATQMPEGGQGAPPMYQLYK.R,/core/www/modules/show_out/show_out_wrapper.php?run_id=110202&search_id=114132&scans_id=110198&peptide_id=16001&scanf=24408&charge=3&value=K.ATQMPEGGQGAPPMYQLYK.R,PRKDC,2.731e+7,4.101,0.000,4.039,0.000
24411,2,"  3.423","  0.500",12/18,/core/www/modules//sdig/index.php?run_id=110202&search_id=114132&scans_id=110198&peptide_id=16005&scanf=24411&charge=2&value=12/18,sp|P22626|ROA2_HUMAN,/core/www/modules//consensus/?run_id=110202&search_id=114132&scans_id=110198&peptide_id=16005&scanf=24411&charge=2&value=sp|P22626|ROA2_HUMAN,10,/core/www/modules/match_peptides/blast_html4.php?run_id=110202&search_id=114132&scans_id=110198&peptide_id=16005&scanf=24411&charge=2&value=10,K.IDTIEIITDR.Q,/core/www/modules/show_out/show_out_wrapper.php?run_id=110202&search_id=114132&scans_id=110198&peptide_id=16005&scanf=24411&charge=2&value=K.IDTIEIITDR.Q,HNRNPA2B1,4.598e+8,3.505,0.001,3.156,0.000
24413,2,"  2.067","  0.429",11/16,/core/www/modules//sdig/index.php?run_id=110202&search_id=114132&scans_id=110198&peptide_id=16007&scanf=24413&charge=2&value=11/16,sp|P21127|CD11B_HUMAN,/core/www/modules//consensus/?run_id=110202&search_id=114132&scans_id=110198&peptide_id=16007&scanf=24413&charge=2&value=sp|P21127|CD11B_HUMAN,6,/core/www/modules/match_peptides/blast_html4.php?run_id=110202&search_id=114132&scans_id=110198&peptide_id=16007&scanf=24413&charge=2&value=6,K.EGFPITSLR.E,/core/www/modules/show_out/show_out_wrapper.php?run_id=110202&search_id=114132&scans_id=110198&peptide_id=16007&scanf=24413&charge=2&value=K.EGFPITSLR.E,CDK11B,2.947e+7,3.175,0.002,2.667,0.000
24416,2,"  3.914","  0.671",17/28,/core/www/modules//sdig/index.php?run_id=110202&search_id=114132&scans_id=110198&peptide_id=16010&scanf=24416&charge=2&value=17/28,sp|Q8N163|CCAR2_HUMAN,/core/www/modules//consensus/?run_id=110202&search_id=114132&scans_id=110198&peptide_id=16010&scanf=24416&charge=2&value=sp|Q8N163|CCAR2_HUMAN,4,/core/www/modules/match_peptides/blast_html4.php?run_id=110202&search_id=114132&scans_id=110198&peptide_id=16010&scanf=24416&charge=2&value=4,K.AAYNPGQAVPWNAVK.V,/core/www/modules/show_out/show_out_wrapper.php?run_id=110202&search_id=114132&scans_id=110198&peptide_id=16010&scanf=24416&charge=2&value=K.AAYNPGQAVPWNAVK.V,CCAR2,8.871e+6,3.820,0.000,3.622,0.000
24417,2,"  2.400","  0.238",7/18,/core/www/modules//sdig/index.php?run_id=110202&search_id=114132&scans_id=110198&peptide_id=16011&scanf=24417&charge=2&value=7/18,sp|P48643|TCPE_HUMAN,/core/www/modules//consensus/?run_id=110202&search_id=114132&scans_id=110198&peptide_id=16011&scanf=24417&charge=2&value=sp|P48643|TCPE_HUMAN,3,/core/www/modules/match_peptides/blast_html4.php?run_id=110202&search_id=114132&scans_id=110198&peptide_id=16011&scanf=24417&charge=2&value=3,K.ISDSVLVDIK.D,/core/www/modules/show_out/show_out_wrapper.php?run_id=110202&search_id=114132&scans_id=110198&peptide_id=16011&scanf=24417&charge=2&value=K.ISDSVLVDIK.D,CCT5,1.502e+7,2.050,0.091,1.039,0.004
24418,3,"  3.597","  0.529",16/56,/core/www/modules//sdig/index.php?run_id=110202&search_id=114132&scans_id=110198&peptide_id=16012&scanf=24418&charge=3&value=16/56,sp|Q9H981|ARP8_HUMAN,/core/www/modules//consensus/?run_id=110202&search_id=114132&scans_id=110198&peptide_id=16012&scanf=24418&charge=3&value=sp|Q9H981|ARP8_HUMAN,0,/core/www/modules/match_peptides/blast_html4.php?run_id=110202&search_id=114132&scans_id=110198&peptide_id=16012&scanf=24418&charge=3&value=0,R.ATDTLPASIPHVIAR.R,/core/www/modules/show_out/show_out_wrapper.php?run_id=110202&search_id=114132&scans_id=110198&peptide_id=16012&scanf=24418&charge=3&value=R.ATDTLPASIPHVIAR.R,ACTR8,5.533e+6,3.226,0.002,2.743,0.000
24419,3,"  2.087","  0.360",14/80,/core/www/modules//sdig/index.php?run_id=110202&search_id=114132&scans_id=110198&peptide_id=16013&scanf=24419&charge=3&value=14/80,sp|Q8IXT5|RB12B_HUMAN,/core/www/modules//consensus/?run_id=110202&search_id=114132&scans_id=110198&peptide_id=16013&scanf=24419&charge=3&value=sp|Q8IXT5|RB12B_HUMAN,1,/core/www/modules/match_peptides/blast_html4.php?run_id=110202&search_id=114132&scans_id=110198&peptide_id=16013&scanf=24419&charge=3&value=1,R.EAPEEDPRLPDNFRPPGEDFR.S,/core/www/modules/show_out/show_out_wrapper.php?run_id=110202&search_id=114132&scans_id=110198&peptide_id=16013&scanf=24419&charge=3&value=R.EAPEEDPRLPDNFRPPGEDFR.S,RBM12B,3.202e+6,1.997,0.108,0.968,0.005
24421,3,"  2.234","  0.247",8/44,/core/www/modules//sdig/index.php?run_id=110202&search_id=114132&scans_id=110198&peptide_id=16016&scanf=24421&charge=3&value=8/44,sp|Q05655|KPCD_HUMAN,/core/www/modules//consensus/?run_id=110202&search_id=114132&scans_id=110198&peptide_id=16016&scanf=24421&charge=3&value=sp|Q05655|KPCD_HUMAN,1,/core/www/modules/match_peptides/blast_html4.php?run_id=110202&search_id=114132&scans_id=110198&peptide_id=16016&scanf=24421&charge=3&value=1,K.LLAEALNQVTQR.A,/core/www/modules/show_out/show_out_wrapper.php?run_id=110202&search_id=114132&scans_id=110198&peptide_id=16016&scanf=24421&charge=3&value=K.LLAEALNQVTQR.A,PRKCD,2.495e+6,2.086,0.082,1.087,0.003
24422,2,"  2.743","  0.676",12/22,/core/www/modules//sdig/index.php?run_id=110202&search_id=114132&scans_id=110198&peptide_id=16017&scanf=24422&charge=2&value=12/22,sp|A6NHR9|SMHD1_HUMAN,/core/www/modules//consensus/?run_id=110202&search_id=114132&scans_id=110198&peptide_id=16017&scanf=24422&charge=2&value=sp|A6NHR9|SMHD1_HUMAN,4,/core/www/modules/match_peptides/blast_html4.php?run_id=110202&search_id=114132&scans_id=110198&peptide_id=16017&scanf=24422&charge=2&value=4,K.LMILPDPEKPVR.L,/core/www/modules/show_out/show_out_wrapper.php?run_id=110202&search_id=114132&scans_id=110198&peptide_id=16017&scanf=24422&charge=2&value=K.LMILPDPEKPVR.L,SMCHD1,1.624e+7,3.933,0.000,3.790,0.000
24428,2,"  2.351","  0.288",10/14,/core/www/modules//sdig/index.php?run_id=110202&search_id=114132&scans_id=110198&peptide_id=16022&scanf=24428&charge=2&value=10/14,sp|P78527|PRKDC_HUMAN,/core/www/modules//consensus/?run_id=110202&search_id=114132&scans_id=110198&peptide_id=16022&scanf=24428&charge=2&value=sp|P78527|PRKDC_HUMAN,1,/core/www/modules/match_peptides/blast_html4.php?run_id=110202&search_id=114132&scans_id=110198&peptide_id=16022&scanf=24428&charge=2&value=1,R.LLEEALLR.L,/core/www/modules/show_out/show_out_wrapper.php?run_id=110202&search_id=114132&scans_id=110198&peptide_id=16022&scanf=24428&charge=2&value=R.LLEEALLR.L,PRKDC,1.915e+8,3.635,0.000,3.348,0.000
24429,2,"  2.539","  0.314",12/22,/core/www/modules//sdig/index.php?run_id=110202&search_id=114132&scans_id=110198&peptide_id=16023&scanf=24429&charge=2&value=12/22,sp|Q6P2Q9|PRP8_HUMAN,/core/www/modules//consensus/?run_id=110202&search_id=114132&scans_id=110198&peptide_id=16023&scanf=24429&charge=2&value=sp|Q6P2Q9|PRP8_HUMAN,0,/core/www/modules/match_peptides/blast_html4.php?run_id=110202&search_id=114132&scans_id=110198&peptide_id=16023&scanf=24429&charge=2&value=0,K.DGVWNLQNEVTK.E,/core/www/modules/show_out/show_out_wrapper.php?run_id=110202&search_id=114132&scans_id=110198&peptide_id=16023&scanf=24429&charge=2&value=K.DGVWNLQNEVTK.E,PRPF8,2.244e+7,2.822,0.007,2.146,0.000
24430,3,"  2.260","  0.545",14/44,/core/www/modules//sdig/index.php?run_id=110202&search_id=114132&scans_id=110198&peptide_id=16025&scanf=24430&charge=3&value=14/44,sp|P63279|UBC9_HUMAN,/core/www/modules//consensus/?run_id=110202&search_id=114132&scans_id=110198&peptide_id=16025&scanf=24430&charge=3&value=sp|P63279|UBC9_HUMAN,3,/core/www/modules/match_peptides/blast_html4.php?run_id=110202&search_id=114132&scans_id=110198&peptide_id=16025&scanf=24430&charge=3&value=3,K.DHPFGFVAVPTK.N,/core/www/modules/show_out/show_out_wrapper.php?run_id=110202&search_id=114132&scans_id=110198&peptide_id=16025&scanf=24430&charge=3&value=K.DHPFGFVAVPTK.N,UBE2I,2.132e+7,3.369,0.001,2.954,0.000
24431,3,"  5.968","  0.665",27/92,/core/www/modules//sdig/index.php?run_id=110202&search_id=114132&scans_id=110198&peptide_id=16026&scanf=24431&charge=3&value=27/92,sp|Q96ST3|SIN3A_HUMAN,/core/www/modules//consensus/?run_id=110202&search_id=114132&scans_id=110198&peptide_id=16026&scanf=24431&charge=3&value=sp|Q96ST3|SIN3A_HUMAN,0,/core/www/modules/match_peptides/blast_html4.php?run_id=110202&search_id=114132&scans_id=110198&peptide_id=16026&scanf=24431&charge=3&value=0,R.QEQATEENAGVPVGPHLSLAYEDK.Q,/core/www/modules/show_out/show_out_wrapper.php?run_id=110202&search_id=114132&scans_id=110198&peptide_id=16026&scanf=24431&charge=3&value=R.QEQATEENAGVPVGPHLSLAYEDK.Q,SIN3A,5.512e+6,3.540,0.001,3.208,0.000
24432,2,"  4.825","  0.770",19/30,/core/www/modules//sdig/index.php?run_id=110202&search_id=114132&scans_id=110198&peptide_id=16027&scanf=24432&charge=2&value=19/30,sp|P12814|ACTN1_HUMAN,/core/www/modules//consensus/?run_id=110202&search_id=114132&scans_id=110198&peptide_id=16027&scanf=24432&charge=2&value=sp|P12814|ACTN1_HUMAN,11,/core/www/modules/match_peptides/blast_html4.php?run_id=110202&search_id=114132&scans_id=110198&peptide_id=16027&scanf=24432&charge=2&value=11,R.ETADTDTADQVMASFK.I,/core/www/modules/show_out/show_out_wrapper.php?run_id=110202&search_id=114132&scans_id=110198&peptide_id=16027&scanf=24432&charge=2&value=R.ETADTDTADQVMASFK.I,ACTN1,1.971e+7,4.263,0.000,4.279,0.000
24433,2,"  6.424","  0.739",19/34,/core/www/modules//sdig/index.php?run_id=110202&search_id=114132&scans_id=110198&peptide_id=16028&scanf=24433&charge=2&value=19/34,sp|O43707|ACTN4_HUMAN,/core/www/modules//consensus/?run_id=110202&search_id=114132&scans_id=110198&peptide_id=16028&scanf=24433&charge=2&value=sp|O43707|ACTN4_HUMAN,3,/core/www/modules/match_peptides/blast_html4.php?run_id=110202&search_id=114132&scans_id=110198&peptide_id=16028&scanf=24433&charge=2&value=3,K.LSGSNPYTTVTPQIINSK.W,/core/www/modules/show_out/show_out_wrapper.php?run_id=110202&search_id=114132&scans_id=110198&peptide_id=16028&scanf=24433&charge=2&value=K.LSGSNPYTTVTPQIINSK.W,ACTN4,5.566e+7,4.312,0.000,4.352,0.000
24434,2,"  3.375","  0.583",12/22,/core/www/modules//sdig/index.php?run_id=110202&search_id=114132&scans_id=110198&peptide_id=16029&scanf=24434&charge=2&value=12/22,sp|P78527|PRKDC_HUMAN,/core/www/modules//consensus/?run_id=110202&search_id=114132&scans_id=110198&peptide_id=16029&scanf=24434&charge=2&value=sp|P78527|PRKDC_HUMAN,1,/core/www/modules/match_peptides/blast_html4.php?run_id=110202&search_id=114132&scans_id=110198&peptide_id=16029&scanf=24434&charge=2&value=1,K.DLLLNTMSQEEK.A,/core/www/modules/show_out/show_out_wrapper.php?run_id=110202&search_id=114132&scans_id=110198&peptide_id=16029&scanf=24434&charge=2&value=K.DLLLNTMSQEEK.A,PRKDC,1.461e+8,4.258,0.000,4.273,0.000
24436,3,"  2.643","  0.538",12/52,/core/www/modules//sdig/index.php?run_id=110202&search_id=114132&scans_id=110198&peptide_id=16031&scanf=24436&charge=3&value=12/52,sp|O00487|PSDE_HUMAN,/core/www/modules//consensus/?run_id=110202&search_id=114132&scans_id=110198&peptide_id=16031&scanf=24436&charge=3&value=sp|O00487|PSDE_HUMAN,0,/core/www/modules/match_peptides/blast_html4.php?run_id=110202&search_id=114132&scans_id=110198&peptide_id=16031&scanf=24436&charge=3&value=0,R.LINANMMVLGHEPR.Q,/core/www/modules/show_out/show_out_wrapper.php?run_id=110202&search_id=114132&scans_id=110198&peptide_id=16031&scanf=24436&charge=3&value=R.LINANMMVLGHEPR.Q,PSMD14,5.214e+6,3.156,0.002,2.639,0.000
24437,2,"  4.864","  0.722",23/38,/core/www/modules//sdig/index.php?run_id=110202&search_id=114132&scans_id=110198&peptide_id=16032&scanf=24437&charge=2&value=23/38,sp|O75533|SF3B1_HUMAN,/core/www/modules//consensus/?run_id=110202&search_id=114132&scans_id=110198&peptide_id=16032&scanf=24437&charge=2&value=sp|O75533|SF3B1_HUMAN,0,/core/www/modules/match_peptides/blast_html4.php?run_id=110202&search_id=114132&scans_id=110198&peptide_id=16032&scanf=24437&charge=2&value=0,R.WDETPASQMGGSTPVLTPGK.T,/core/www/modules/show_out/show_out_wrapper.php?run_id=110202&search_id=114132&scans_id=110198&peptide_id=16032&scanf=24437&charge=2&value=R.WDETPASQMGGSTPVLTPGK.T,SF3B1,5.917e+6,4.014,0.000,3.910,0.000
24439,3,"  3.676","  0.639",22/88,/core/www/modules//sdig/index.php?run_id=110202&search_id=114132&scans_id=110198&peptide_id=16034&scanf=24439&charge=3&value=22/88,sp|Q9P2J5|SYLC_HUMAN,/core/www/modules//consensus/?run_id=110202&search_id=114132&scans_id=110198&peptide_id=16034&scanf=24439&charge=3&value=sp|Q9P2J5|SYLC_HUMAN,11,/core/www/modules/match_peptides/blast_html4.php?run_id=110202&search_id=114132&scans_id=110198&peptide_id=16034&scanf=24439&charge=3&value=11,K.EDKGTGVVTSVPSDSPDDIAALR.D,/core/www/modules/show_out/show_out_wrapper.php?run_id=110202&search_id=114132&scans_id=110198&peptide_id=16034&scanf=24439&charge=3&value=K.EDKGTGVVTSVPSDSPDDIAALR.D,LARS1,3.146e+6,3.071,0.003,2.513,0.000
24442,3,"  2.853","  0.317",14/44,/core/www/modules//sdig/index.php?run_id=110202&search_id=114132&scans_id=110198&peptide_id=16038&scanf=24442&charge=3&value=14/44,sp|O43290|SNUT1_HUMAN,/core/www/modules//consensus/?run_id=110202&search_id=114132&scans_id=110198&peptide_id=16038&scanf=24442&charge=3&value=sp|O43290|SNUT1_HUMAN,1,/core/www/modules/match_peptides/blast_html4.php?run_id=110202&search_id=114132&scans_id=110198&peptide_id=16038&scanf=24442&charge=3&value=1,K.LGLKPLEVNAIK.K,/core/www/modules/show_out/show_out_wrapper.php?run_id=110202&search_id=114132&scans_id=110198&peptide_id=16038&scanf=24442&charge=3&value=K.LGLKPLEVNAIK.K,SART1,8.131e+6,2.630,0.014,1.864,0.000
24446,3,"  4.689","  0.188",14/68,/core/www/modules//sdig/index.php?run_id=110202&search_id=114132&scans_id=110198&peptide_id=16042&scanf=24446&charge=3&value=14/68,sp|P60709|ACTB_HUMAN,/core/www/modules//consensus/?run_id=110202&search_id=114132&scans_id=110198&peptide_id=16042&scanf=24446&charge=3&value=sp|P60709|ACTB_HUMAN,14,/core/www/modules/match_peptides/blast_html4.php?run_id=110202&search_id=114132&scans_id=110198&peptide_id=16042&scanf=24446&charge=3&value=14,R.VAPEEHPVLLTEAPLNPK.A,/core/www/modules/show_out/show_out_wrapper.php?run_id=110202&search_id=114132&scans_id=110198&peptide_id=16042&scanf=24446&charge=3&value=R.VAPEEHPVLLTEAPLNPK.A,ACTB,2.485e+9,2.512,0.020,1.692,0.000
24447,2,"  3.989","  0.575",17/26,/core/www/modules//sdig/index.php?run_id=110202&search_id=114132&scans_id=110198&peptide_id=16043&scanf=24447&charge=2&value=17/26,sp|Q9NVU7|SDA1_HUMAN,/core/www/modules//consensus/?run_id=110202&search_id=114132&scans_id=110198&peptide_id=16043&scanf=24447&charge=2&value=sp|Q9NVU7|SDA1_HUMAN,1,/core/www/modules/match_peptides/blast_html4.php?run_id=110202&search_id=114132&scans_id=110198&peptide_id=16043&scanf=24447&charge=2&value=1,K.NSGEVMTVGINAIK.E,/core/www/modules/show_out/show_out_wrapper.php?run_id=110202&search_id=114132&scans_id=110198&peptide_id=16043&scanf=24447&charge=2&value=K.NSGEVMTVGINAIK.E,SDAD1,8.471e+6,3.529,0.001,3.190,0.000
24449,2,"  2.809","  0.530",12/22,/core/www/modules//sdig/index.php?run_id=110202&search_id=114132&scans_id=110198&peptide_id=16044&scanf=24449&charge=2&value=12/22,sp|Q9NU22|MDN1_HUMAN,/core/www/modules//consensus/?run_id=110202&search_id=114132&scans_id=110198&peptide_id=16044&scanf=24449&charge=2&value=sp|Q9NU22|MDN1_HUMAN,0,/core/www/modules/match_peptides/blast_html4.php?run_id=110202&search_id=114132&scans_id=110198&peptide_id=16044&scanf=24449&charge=2&value=0,R.LLEEAQLQDLEK.A,/core/www/modules/show_out/show_out_wrapper.php?run_id=110202&search_id=114132&scans_id=110198&peptide_id=16044&scanf=24449&charge=2&value=R.LLEEAQLQDLEK.A,MDN1,8.936e+6,3.360,0.001,2.941,0.000
24451,3,"  5.843","  0.647",21/60,/core/www/modules//sdig/index.php?run_id=110202&search_id=114132&scans_id=110198&peptide_id=16047&scanf=24451&charge=3&value=21/60,sp|Q8WYA6|CTBL1_HUMAN,/core/www/modules//consensus/?run_id=110202&search_id=114132&scans_id=110198&peptide_id=16047&scanf=24451&charge=3&value=sp|Q8WYA6|CTBL1_HUMAN,1,/core/www/modules/match_peptides/blast_html4.php?run_id=110202&search_id=114132&scans_id=110198&peptide_id=16047&scanf=24451&charge=3&value=1,R.RGEIIDNDTEEEFYLR.R,/core/www/modules/show_out/show_out_wrapper.php?run_id=110202&search_id=114132&scans_id=110198&peptide_id=16047&scanf=24451&charge=3&value=R.RGEIIDNDTEEEFYLR.R,CTNNBL1,6.864e+6,3.549,0.001,3.220,0.000
24454,4,"  3.898","  0.407",20/84,/core/www/modules//sdig/index.php?run_id=110202&search_id=114132&scans_id=110198&peptide_id=16050&scanf=24454&charge=4&value=20/84,sp|O43242|PSMD3_HUMAN,/core/www/modules//consensus/?run_id=110202&search_id=114132&scans_id=110198&peptide_id=16050&scanf=24454&charge=4&value=sp|O43242|PSMD3_HUMAN,0,/core/www/modules/match_peptides/blast_html4.php?run_id=110202&search_id=114132&scans_id=110198&peptide_id=16050&scanf=24454&charge=4&value=0,R.ELDTVTLEDIKEHVK.Q,/core/www/modules/show_out/show_out_wrapper.php?run_id=110202&search_id=114132&scans_id=110198&peptide_id=16050&scanf=24454&charge=4&value=R.ELDTVTLEDIKEHVK.Q,PSMD3,5.294e+6,3.011,0.004,2.424,0.000
24455,2,"  2.467","  0.468",11/24,/core/www/modules//sdig/index.php?run_id=110202&search_id=114132&scans_id=110198&peptide_id=16051&scanf=24455&charge=2&value=11/24,sp|Q14694|UBP10_HUMAN,/core/www/modules//consensus/?run_id=110202&search_id=114132&scans_id=110198&peptide_id=16051&scanf=24455&charge=2&value=sp|Q14694|UBP10_HUMAN,0,/core/www/modules/match_peptides/blast_html4.php?run_id=110202&search_id=114132&scans_id=110198&peptide_id=16051&scanf=24455&charge=2&value=0,K.YSPPAISPLVSEK.Q,/core/www/modules/show_out/show_out_wrapper.php?run_id=110202&search_id=114132&scans_id=110198&peptide_id=16051&scanf=24455&charge=2&value=K.YSPPAISPLVSEK.Q,USP10,7.773e+6,2.851,0.006,2.188,0.000
24457,3,"  4.226","  0.327",15/72,/core/www/modules//sdig/index.php?run_id=110202&search_id=114132&scans_id=110198&peptide_id=16053&scanf=24457&charge=3&value=15/72,sp|P00558|PGK1_HUMAN,/core/www/modules//consensus/?run_id=110202&search_id=114132&scans_id=110198&peptide_id=16053&scanf=24457&charge=3&value=sp|P00558|PGK1_HUMAN,0,/core/www/modules/match_peptides/blast_html4.php?run_id=110202&search_id=114132&scans_id=110198&peptide_id=16053&scanf=24457&charge=3&value=0,K.SVVLMSHLGRPDGVPMPDK.Y,/core/www/modules/show_out/show_out_wrapper.php?run_id=110202&search_id=114132&scans_id=110198&peptide_id=16053&scanf=24457&charge=3&value=K.SVVLMSHLGRPDGVPMPDK.Y,PGK1,7.260e+6,2.333,0.037,1.434,0.001
24458,2,"  3.370","  0.529",13/26,/core/www/modules//sdig/index.php?run_id=110202&search_id=114132&scans_id=110198&peptide_id=16054&scanf=24458&charge=2&value=13/26,sp|Q7Z2W4|ZCCHV_HUMAN,/core/www/modules//consensus/?run_id=110202&search_id=114132&scans_id=110198&peptide_id=16054&scanf=24458&charge=2&value=sp|Q7Z2W4|ZCCHV_HUMAN,1,/core/www/modules/match_peptides/blast_html4.php?run_id=110202&search_id=114132&scans_id=110198&peptide_id=16054&scanf=24458&charge=2&value=1,R.FVVLETGGEAGITR.S,/core/www/modules/show_out/show_out_wrapper.php?run_id=110202&search_id=114132&scans_id=110198&peptide_id=16054&scanf=24458&charge=2&value=R.FVVLETGGEAGITR.S,ZC3HAV1,1.044e+7,3.057,0.003,2.493,0.000
24460,2,"  2.230","  0.223",7/22,/core/www/modules//sdig/index.php?run_id=110202&search_id=114132&scans_id=110198&peptide_id=16057&scanf=24460&charge=2&value=7/22,sp|Q14151|SAFB2_HUMAN,/core/www/modules//consensus/?run_id=110202&search_id=114132&scans_id=110198&peptide_id=16057&scanf=24460&charge=2&value=sp|Q14151|SAFB2_HUMAN,0,/core/www/modules/match_peptides/blast_html4.php?run_id=110202&search_id=114132&scans_id=110198&peptide_id=16057&scanf=24460&charge=2&value=0,R.NLWVSGLSSTTR.A,/core/www/modules/show_out/show_out_wrapper.php?run_id=110202&search_id=114132&scans_id=110198&peptide_id=16057&scanf=24460&charge=2&value=R.NLWVSGLSSTTR.A,SAFB2,1.137e+7,1.822,0.180,0.746,0.010
24462,3,"  3.235","  0.459",12/44,/core/www/modules//sdig/index.php?run_id=110202&search_id=114132&scans_id=110198&peptide_id=16059&scanf=24462&charge=3&value=12/44,sp|Q9Y3U8|RL36_HUMAN,/core/www/modules//consensus/?run_id=110202&search_id=114132&scans_id=110198&peptide_id=16059&scanf=24462&charge=3&value=sp|Q9Y3U8|RL36_HUMAN,0,/core/www/modules/match_peptides/blast_html4.php?run_id=110202&search_id=114132&scans_id=110198&peptide_id=16059&scanf=24462&charge=3&value=0,K.REELSNVLAAMR.K,/core/www/modules/show_out/show_out_wrapper.php?run_id=110202&search_id=114132&scans_id=110198&peptide_id=16059&scanf=24462&charge=3&value=K.REELSNVLAAMR.K,RPL36,6.884e+6,2.804,0.008,2.120,0.000
24464,3,"  3.304","  0.466",12/48,/core/www/modules//sdig/index.php?run_id=110202&search_id=114132&scans_id=110198&peptide_id=16061&scanf=24464&charge=3&value=12/48,sp|Q14146|URB2_HUMAN,/core/www/modules//consensus/?run_id=110202&search_id=114132&scans_id=110198&peptide_id=16061&scanf=24464&charge=3&value=sp|Q14146|URB2_HUMAN,1,/core/www/modules/match_peptides/blast_html4.php?run_id=110202&search_id=114132&scans_id=110198&peptide_id=16061&scanf=24464&charge=3&value=1,K.DKGSIDDLPTVLK.C,/core/www/modules/show_out/show_out_wrapper.php?run_id=110202&search_id=114132&scans_id=110198&peptide_id=16061&scanf=24464&charge=3&value=K.DKGSIDDLPTVLK.C,URB2,4.286e+6,2.767,0.009,2.065,0.000
24466,2,"  2.339","  0.295",9/20,/core/www/modules//sdig/index.php?run_id=110202&search_id=114132&scans_id=110198&peptide_id=16063&scanf=24466&charge=2&value=9/20,sp|P62330|ARF6_HUMAN,/core/www/modules//consensus/?run_id=110202&search_id=114132&scans_id=110198&peptide_id=16063&scanf=24466&charge=2&value=sp|P62330|ARF6_HUMAN,0,/core/www/modules/match_peptides/blast_html4.php?run_id=110202&search_id=114132&scans_id=110198&peptide_id=16063&scanf=24466&charge=2&value=0,K.FNVWDVGGQDK.I,/core/www/modules/show_out/show_out_wrapper.php?run_id=110202&search_id=114132&scans_id=110198&peptide_id=16063&scanf=24466&charge=2&value=K.FNVWDVGGQDK.I,ARF6,6.284e+6,2.245,0.049,1.308,0.002
24468,2,"  3.529","  0.566",18/28,/core/www/modules//sdig/index.php?run_id=110202&search_id=114132&scans_id=110198&peptide_id=16065&scanf=24468&charge=2&value=18/28,sp|Q00839|HNRPU_HUMAN,/core/www/modules//consensus/?run_id=110202&search_id=114132&scans_id=110198&peptide_id=16065&scanf=24468&charge=2&value=sp|Q00839|HNRPU_HUMAN,11,/core/www/modules/match_peptides/blast_html4.php?run_id=110202&search_id=114132&scans_id=110198&peptide_id=16065&scanf=24468&charge=2&value=11,R.NFILDQTNVSAAAQR.R,/core/www/modules/show_out/show_out_wrapper.php?run_id=110202&search_id=114132&scans_id=110198&peptide_id=16065&scanf=24468&charge=2&value=R.NFILDQTNVSAAAQR.R,HNRNPU,2.656e+8,3.428,0.001,3.042,0.000
24470,2,"  2.981","  0.431",12/22,/core/www/modules//sdig/index.php?run_id=110202&search_id=114132&scans_id=110198&peptide_id=16067&scanf=24470&charge=2&value=12/22,sp|Q9UIG0|BAZ1B_HUMAN,/core/www/modules//consensus/?run_id=110202&search_id=114132&scans_id=110198&peptide_id=16067&scanf=24470&charge=2&value=sp|Q9UIG0|BAZ1B_HUMAN,0,/core/www/modules/match_peptides/blast_html4.php?run_id=110202&search_id=114132&scans_id=110198&peptide_id=16067&scanf=24470&charge=2&value=0,K.IISNVPADSLIR.T,/core/www/modules/show_out/show_out_wrapper.php?run_id=110202&search_id=114132&scans_id=110198&peptide_id=16067&scanf=24470&charge=2&value=K.IISNVPADSLIR.T,BAZ1B,4.784e+8,3.005,0.004,2.416,0.000
24472,2,"  1.836","  0.404",12/16,/core/www/modules//sdig/index.php?run_id=110202&search_id=114132&scans_id=110198&peptide_id=16069&scanf=24472&charge=2&value=12/16,sp|P21127|CD11B_HUMAN,/core/www/modules//consensus/?run_id=110202&search_id=114132&scans_id=110198&peptide_id=16069&scanf=24472&charge=2&value=sp|P21127|CD11B_HUMAN,6,/core/www/modules/match_peptides/blast_html4.php?run_id=110202&search_id=114132&scans_id=110198&peptide_id=16069&scanf=24472&charge=2&value=6,K.EGFPITSLR.E,/core/www/modules/show_out/show_out_wrapper.php?run_id=110202&search_id=114132&scans_id=110198&peptide_id=16069&scanf=24472&charge=2&value=K.EGFPITSLR.E,CDK11B,2.947e+7,3.149,0.002,2.629,0.000
24473,3,"  5.813","  0.526",16/56,/core/www/modules//sdig/index.php?run_id=110202&search_id=114132&scans_id=110198&peptide_id=16070&scanf=24473&charge=3&value=16/56,sp|P68400|CSK21_HUMAN,/core/www/modules//consensus/?run_id=110202&search_id=114132&scans_id=110198&peptide_id=16070&scanf=24473&charge=3&value=sp|P68400|CSK21_HUMAN,10,/core/www/modules/match_peptides/blast_html4.php?run_id=110202&search_id=114132&scans_id=110198&peptide_id=16070&scanf=24473&charge=3&value=10,R.TPALVFEHVNNTDFK.Q,/core/www/modules/show_out/show_out_wrapper.php?run_id=110202&search_id=114132&scans_id=110198&peptide_id=16070&scanf=24473&charge=3&value=R.TPALVFEHVNNTDFK.Q,CSNK2A1,1.398e+7,3.363,0.001,2.946,0.000
24474,2,"  2.442","  0.412",8/22,/core/www/modules//sdig/index.php?run_id=110202&search_id=114132&scans_id=110198&peptide_id=16071&scanf=24474&charge=2&value=8/22,sp|P48444|COPD_HUMAN,/core/www/modules//consensus/?run_id=110202&search_id=114132&scans_id=110198&peptide_id=16071&scanf=24474&charge=2&value=sp|P48444|COPD_HUMAN,1,/core/www/modules/match_peptides/blast_html4.php?run_id=110202&search_id=114132&scans_id=110198&peptide_id=16071&scanf=24474&charge=2&value=1,K.SFPVNSDVGVLK.W,/core/www/modules/show_out/show_out_wrapper.php?run_id=110202&search_id=114132&scans_id=110198&peptide_id=16071&scanf=24474&charge=2&value=K.SFPVNSDVGVLK.W,ARCN1,3.248e+7,2.542,0.018,1.735,0.000
24475,2,"  1.714","  0.163",10/16,/core/www/modules//sdig/index.php?run_id=110202&search_id=114132&scans_id=110198&peptide_id=16072&scanf=24475&charge=2&value=10/16,sp|Q96J01|THOC3_HUMAN,/core/www/modules//consensus/?run_id=110202&search_id=114132&scans_id=110198&peptide_id=16072&scanf=24475&charge=2&value=sp|Q96J01|THOC3_HUMAN,1,/core/www/modules/match_peptides/blast_html4.php?run_id=110202&search_id=114132&scans_id=110198&peptide_id=16072&scanf=24475&charge=2&value=1,K.TASVFLLEK.D,/core/www/modules/show_out/show_out_wrapper.php?run_id=110202&search_id=114132&scans_id=110198&peptide_id=16072&scanf=24475&charge=2&value=K.TASVFLLEK.D,THOC3,8.057e+6,2.122,0.073,1.137,0.002
24476,2,"  1.670","  0.392",9/16,/core/www/modules//sdig/index.php?run_id=110202&search_id=114132&scans_id=110198&peptide_id=16073&scanf=24476&charge=2&value=9/16,sp|Q8WWQ0|PHIP_HUMAN,/core/www/modules//consensus/?run_id=110202&search_id=114132&scans_id=110198&peptide_id=16073&scanf=24476&charge=2&value=sp|Q8WWQ0|PHIP_HUMAN,4,/core/www/modules/match_peptides/blast_html4.php?run_id=110202&search_id=114132&scans_id=110198&peptide_id=16073&scanf=24476&charge=2&value=4,R.VSSLMWEVR.Y,/core/www/modules/show_out/show_out_wrapper.php?run_id=110202&search_id=114132&scans_id=110198&peptide_id=16073&scanf=24476&charge=2&value=R.VSSLMWEVR.Y,PHIP,1.601e+7,2.847,0.007,2.182,0.000
24480,3,"  3.396","  0.486",15/72,/core/www/modules//sdig/index.php?run_id=110202&search_id=114132&scans_id=110198&peptide_id=16078&scanf=24480&charge=3&value=15/72,sp|Q9NVZ3|NECP2_HUMAN,/core/www/modules//consensus/?run_id=110202&search_id=114132&scans_id=110198&peptide_id=16078&scanf=24480&charge=3&value=sp|Q9NVZ3|NECP2_HUMAN,1,/core/www/modules/match_peptides/blast_html4.php?run_id=110202&search_id=114132&scans_id=110198&peptide_id=16078&scanf=24480&charge=3&value=1,R.VRPASTGGLSLLPPPPGGK.T,/core/www/modules/show_out/show_out_wrapper.php?run_id=110202&search_id=114132&scans_id=110198&peptide_id=16078&scanf=24480&charge=3&value=R.VRPASTGGLSLLPPPPGGK.T,NECAP2,3.573e+6,2.793,0.008,2.102,0.000
24481,3,"  3.458","  0.563",15/40,/core/www/modules//sdig/index.php?run_id=110202&search_id=114132&scans_id=110198&peptide_id=16079&scanf=24481&charge=3&value=15/40,sp|Q7L2J0|MEPCE_HUMAN,/core/www/modules//consensus/?run_id=110202&search_id=114132&scans_id=110198&peptide_id=16079&scanf=24481&charge=3&value=sp|Q7L2J0|MEPCE_HUMAN,0,/core/www/modules/match_peptides/blast_html4.php?run_id=110202&search_id=114132&scans_id=110198&peptide_id=16079&scanf=24481&charge=3&value=0,K.GRDPVEILIPK.D,/core/www/modules/show_out/show_out_wrapper.php?run_id=110202&search_id=114132&scans_id=110198&peptide_id=16079&scanf=24481&charge=3&value=K.GRDPVEILIPK.D,MEPCE,1.729e+7,3.354,0.001,2.932,0.000
24483,2,"  4.434","  0.619",16/26,/core/www/modules//sdig/index.php?run_id=110202&search_id=114132&scans_id=110198&peptide_id=16081&scanf=24483&charge=2&value=16/26,sp|Q9Y3C1|NOP16_HUMAN,/core/www/modules//consensus/?run_id=110202&search_id=114132&scans_id=110198&peptide_id=16081&scanf=24483&charge=2&value=sp|Q9Y3C1|NOP16_HUMAN,3,/core/www/modules/match_peptides/blast_html4.php?run_id=110202&search_id=114132&scans_id=110198&peptide_id=16081&scanf=24483&charge=2&value=3,R.QNLAEMGLAVDPNR.A,/core/www/modules/show_out/show_out_wrapper.php?run_id=110202&search_id=114132&scans_id=110198&peptide_id=16081&scanf=24483&charge=2&value=R.QNLAEMGLAVDPNR.A,NOP16,1.739e+7,3.639,0.000,3.354,0.000
24484,3,"  5.888","  0.586",23/64,/core/www/modules//sdig/index.php?run_id=110202&search_id=114132&scans_id=110198&peptide_id=16082&scanf=24484&charge=3&value=23/64,sp|P46940|IQGA1_HUMAN,/core/www/modules//consensus/?run_id=110202&search_id=114132&scans_id=110198&peptide_id=16082&scanf=24484&charge=3&value=sp|P46940|IQGA1_HUMAN,2,/core/www/modules/match_peptides/blast_html4.php?run_id=110202&search_id=114132&scans_id=110198&peptide_id=16082&scanf=24484&charge=3&value=2,K.LPYDVTPEQALAHEEVK.T,/core/www/modules/show_out/show_out_wrapper.php?run_id=110202&search_id=114132&scans_id=110198&peptide_id=16082&scanf=24484&charge=3&value=K.LPYDVTPEQALAHEEVK.T,IQGAP1,1.926e+7,3.614,0.000,3.318,0.000
24488,2,"  2.757","  0.460",10/20,/core/www/modules//sdig/index.php?run_id=110202&search_id=114132&scans_id=110198&peptide_id=16086&scanf=24488&charge=2&value=10/20,sp|Q9HAN9|NMNA1_HUMAN,/core/www/modules//consensus/?run_id=110202&search_id=114132&scans_id=110198&peptide_id=16086&scanf=24488&charge=2&value=sp|Q9HAN9|NMNA1_HUMAN,0,/core/www/modules/match_peptides/blast_html4.php?run_id=110202&search_id=114132&scans_id=110198&peptide_id=16086&scanf=24488&charge=2&value=0,R.NAGVILAPLQR.N,/core/www/modules/show_out/show_out_wrapper.php?run_id=110202&search_id=114132&scans_id=110198&peptide_id=16086&scanf=24488&charge=2&value=R.NAGVILAPLQR.N,NMNAT1,4.675e+6,2.886,0.006,2.240,0.000
24491,2,"  2.510","  0.490",10/14,/core/www/modules//sdig/index.php?run_id=110202&search_id=114132&scans_id=110198&peptide_id=16089&scanf=24491&charge=2&value=10/14,sp|A6NMY6|AXA2L_HUMAN,/core/www/modules//consensus/?run_id=110202&search_id=114132&scans_id=110198&peptide_id=16089&scanf=24491&charge=2&value=sp|A6NMY6|AXA2L_HUMAN,9,/core/www/modules/match_peptides/blast_html4.php?run_id=110202&search_id=114132&scans_id=110198&peptide_id=16089&scanf=24491&charge=2&value=9,K.WISIMTER.S,/core/www/modules/show_out/show_out_wrapper.php?run_id=110202&search_id=114132&scans_id=110198&peptide_id=16089&scanf=24491&charge=2&value=K.WISIMTER.S,ANXA2P2,2.335e+7,3.481,0.001,3.121,0.000
24497,3,"  2.014","  0.282",11/36,/core/www/modules//sdig/index.php?run_id=110202&search_id=114132&scans_id=110198&peptide_id=16095&scanf=24497&charge=3&value=11/36,sp|O43837|IDH3B_HUMAN,/core/www/modules//consensus/?run_id=110202&search_id=114132&scans_id=110198&peptide_id=16095&scanf=24497&charge=3&value=sp|O43837|IDH3B_HUMAN,2,/core/www/modules/match_peptides/blast_html4.php?run_id=110202&search_id=114132&scans_id=110198&peptide_id=16095&scanf=24497&charge=3&value=2,R.HNNLDLVIIR.E,/core/www/modules/show_out/show_out_wrapper.php?run_id=110202&search_id=114132&scans_id=110198&peptide_id=16095&scanf=24497&charge=3&value=R.HNNLDLVIIR.E,IDH3B,1.559e+7,2.445,0.025,1.595,0.001
24503,2,"  2.688","  0.311",13/22,/core/www/modules//sdig/index.php?run_id=110202&search_id=114132&scans_id=110198&peptide_id=16102&scanf=24503&charge=2&value=13/22,sp|Q13619|CUL4A_HUMAN,/core/www/modules//consensus/?run_id=110202&search_id=114132&scans_id=110198&peptide_id=16102&scanf=24503&charge=2&value=sp|Q13619|CUL4A_HUMAN,1,/core/www/modules/match_peptides/blast_html4.php?run_id=110202&search_id=114132&scans_id=110198&peptide_id=16102&scanf=24503&charge=2&value=1,K.TFGTAIVINPEK.D,/core/www/modules/show_out/show_out_wrapper.php?run_id=110202&search_id=114132&scans_id=110198&peptide_id=16102&scanf=24503&charge=2&value=K.TFGTAIVINPEK.D,CUL4A,4.439e+6,2.507,0.021,1.685,0.000
24504,2,"  2.380","  0.406",11/24,/core/www/modules//sdig/index.php?run_id=110202&search_id=114132&scans_id=110198&peptide_id=16103&scanf=24504&charge=2&value=11/24,sp|Q8N3C0|ASCC3_HUMAN,/core/www/modules//consensus/?run_id=110202&search_id=114132&scans_id=110198&peptide_id=16103&scanf=24504&charge=2&value=sp|Q8N3C0|ASCC3_HUMAN,0,/core/www/modules/match_peptides/blast_html4.php?run_id=110202&search_id=114132&scans_id=110198&peptide_id=16103&scanf=24504&charge=2&value=0,K.VIELTGDVTPDMK.S,/core/www/modules/show_out/show_out_wrapper.php?run_id=110202&search_id=114132&scans_id=110198&peptide_id=16103&scanf=24504&charge=2&value=K.VIELTGDVTPDMK.S,ASCC3,3.252e+6,2.605,0.015,1.827,0.000
24505,2,"  2.671","  0.490",10/20,/core/www/modules//sdig/index.php?run_id=110202&search_id=114132&scans_id=110198&peptide_id=16104&scanf=24505&charge=2&value=10/20,sp|Q8N5C6|SRBD1_HUMAN,/core/www/modules//consensus/?run_id=110202&search_id=114132&scans_id=110198&peptide_id=16104&scanf=24505&charge=2&value=sp|Q8N5C6|SRBD1_HUMAN,0,/core/www/modules/match_peptides/blast_html4.php?run_id=110202&search_id=114132&scans_id=110198&peptide_id=16104&scanf=24505&charge=2&value=0,R.QLLLTSPVPGR.T,/core/www/modules/show_out/show_out_wrapper.php?run_id=110202&search_id=114132&scans_id=110198&peptide_id=16104&scanf=24505&charge=2&value=R.QLLLTSPVPGR.T,SRBD1,7.421e+6,3.032,0.004,2.455,0.000
24506,3,"  4.750","  0.619",16/80,/core/www/modules//sdig/index.php?run_id=110202&search_id=114132&scans_id=110198&peptide_id=16105&scanf=24506&charge=3&value=16/80,sp|Q9NTJ3|SMC4_HUMAN,/core/www/modules//consensus/?run_id=110202&search_id=114132&scans_id=110198&peptide_id=16105&scanf=24506&charge=3&value=sp|Q9NTJ3|SMC4_HUMAN,1,/core/www/modules/match_peptides/blast_html4.php?run_id=110202&search_id=114132&scans_id=110198&peptide_id=16105&scanf=24506&charge=3&value=1,R.VVTLQGQIIEQSGTMTGGGSK.V,/core/www/modules/show_out/show_out_wrapper.php?run_id=110202&search_id=114132&scans_id=110198&peptide_id=16105&scanf=24506&charge=3&value=R.VVTLQGQIIEQSGTMTGGGSK.V,SMC4,3.300e+6,3.303,0.001,2.856,0.000
24507,2,"  2.179","  0.325",9/14,/core/www/modules//sdig/index.php?run_id=110202&search_id=114132&scans_id=110198&peptide_id=16106&scanf=24507&charge=2&value=9/14,sp|Q9BQ75|CMS1_HUMAN,/core/www/modules//consensus/?run_id=110202&search_id=114132&scans_id=110198&peptide_id=16106&scanf=24507&charge=2&value=sp|Q9BQ75|CMS1_HUMAN,1,/core/www/modules/match_peptides/blast_html4.php?run_id=110202&search_id=114132&scans_id=110198&peptide_id=16106&scanf=24507&charge=2&value=1,R.MMDIPEIR.K,/core/www/modules/show_out/show_out_wrapper.php?run_id=110202&search_id=114132&scans_id=110198&peptide_id=16106&scanf=24507&charge=2&value=R.MMDIPEIR.K,CMSS1,3.197e+7,2.804,0.008,2.119,0.000
24508,2,"  1.966","  0.356",5/22,/core/www/modules//sdig/index.php?run_id=110202&search_id=114132&scans_id=110198&peptide_id=16107&scanf=24508&charge=2&value=5/22,sp|Q9H8H2|DDX31_HUMAN,/core/www/modules//consensus/?run_id=110202&search_id=114132&scans_id=110198&peptide_id=16107&scanf=24508&charge=2&value=sp|Q9H8H2|DDX31_HUMAN,0,/core/www/modules/match_peptides/blast_html4.php?run_id=110202&search_id=114132&scans_id=110198&peptide_id=16107&scanf=24508&charge=2&value=0,R.ELALQSFDTVQK.L,/core/www/modules/show_out/show_out_wrapper.php?run_id=110202&search_id=114132&scans_id=110198&peptide_id=16107&scanf=24508&charge=2&value=R.ELALQSFDTVQK.L,DDX31,2.459e+7,2.140,0.069,1.162,0.002
24510,2,"  1.352","  0.376",6/12,/core/www/modules//sdig/index.php?run_id=110202&search_id=114132&scans_id=110198&peptide_id=16110&scanf=24510&charge=2&value=6/12,sp|Q9NY12|GAR1_HUMAN,/core/www/modules//consensus/?run_id=110202&search_id=114132&scans_id=110198&peptide_id=16110&scanf=24510&charge=2&value=sp|Q9NY12|GAR1_HUMAN,0,/core/www/modules/match_peptides/blast_html4.php?run_id=110202&search_id=114132&scans_id=110198&peptide_id=16110&scanf=24510&charge=2&value=0,R.DFYFSVK.L,/core/www/modules/show_out/show_out_wrapper.php?run_id=110202&search_id=114132&scans_id=110198&peptide_id=16110&scanf=24510&charge=2&value=R.DFYFSVK.L,GAR1,2.494e+7,2.726,0.010,2.005,0.000
24512,3,"  2.719","  0.376",17/48,/core/www/modules//sdig/index.php?run_id=110202&search_id=114132&scans_id=110198&peptide_id=16111&scanf=24512&charge=3&value=17/48,sp|Q96T88|UHRF1_HUMAN,/core/www/modules//consensus/?run_id=110202&search_id=114132&scans_id=110198&peptide_id=16111&scanf=24512&charge=3&value=sp|Q96T88|UHRF1_HUMAN,2,/core/www/modules/match_peptides/blast_html4.php?run_id=110202&search_id=114132&scans_id=110198&peptide_id=16111&scanf=24512&charge=3&value=2,K.IQELFHVEPGLQR.L,/core/www/modules/show_out/show_out_wrapper.php?run_id=110202&search_id=114132&scans_id=110198&peptide_id=16111&scanf=24512&charge=3&value=K.IQELFHVEPGLQR.L,UHRF1,1.423e+7,2.801,0.008,2.115,0.000
24513,2,"  2.957","  0.662",14/24,/core/www/modules//sdig/index.php?run_id=110202&search_id=114132&scans_id=110198&peptide_id=16112&scanf=24513&charge=2&value=14/24,sp|Q9BZZ5|API5_HUMAN,/core/www/modules//consensus/?run_id=110202&search_id=114132&scans_id=110198&peptide_id=16112&scanf=24513&charge=2&value=sp|Q9BZZ5|API5_HUMAN,0,/core/www/modules/match_peptides/blast_html4.php?run_id=110202&search_id=114132&scans_id=110198&peptide_id=16112&scanf=24513&charge=2&value=0,K.ELPQFATGENLPR.V,/core/www/modules/show_out/show_out_wrapper.php?run_id=110202&search_id=114132&scans_id=110198&peptide_id=16112&scanf=24513&charge=2&value=K.ELPQFATGENLPR.V,API5,6.359e+7,3.736,0.000,3.498,0.000
24514,2,"  3.032","  0.433",11/18,/core/www/modules//sdig/index.php?run_id=110202&search_id=114132&scans_id=110198&peptide_id=16113&scanf=24514&charge=2&value=11/18,sp|P07199|CENPB_HUMAN,/core/www/modules//consensus/?run_id=110202&search_id=114132&scans_id=110198&peptide_id=16113&scanf=24514&charge=2&value=sp|P07199|CENPB_HUMAN,0,/core/www/modules/match_peptides/blast_html4.php?run_id=110202&search_id=114132&scans_id=110198&peptide_id=16113&scanf=24514&charge=2&value=0,R.YLTSFPIDDR.V,/core/www/modules/show_out/show_out_wrapper.php?run_id=110202&search_id=114132&scans_id=110198&peptide_id=16113&scanf=24514&charge=2&value=R.YLTSFPIDDR.V,CENPB,1.456e+7,3.056,0.003,2.491,0.000
24515,2,"  3.844","  0.507",17/24,/core/www/modules//sdig/index.php?run_id=110202&search_id=114132&scans_id=110198&peptide_id=16114&scanf=24515&charge=2&value=17/24,sp|Q9Y2X3|NOP58_HUMAN,/core/www/modules//consensus/?run_id=110202&search_id=114132&scans_id=110198&peptide_id=16114&scanf=24515&charge=2&value=sp|Q9Y2X3|NOP58_HUMAN,0,/core/www/modules/match_peptides/blast_html4.php?run_id=110202&search_id=114132&scans_id=110198&peptide_id=16114&scanf=24515&charge=2&value=0,R.LIAHAGSLLNLAK.H,/core/www/modules/show_out/show_out_wrapper.php?run_id=110202&search_id=114132&scans_id=110198&peptide_id=16114&scanf=24515&charge=2&value=R.LIAHAGSLLNLAK.H,NOP58,4.608e+7,3.487,0.001,3.129,0.000
24516,2,"  3.393","  0.213",18/30,/core/www/modules//sdig/index.php?run_id=110202&search_id=114132&scans_id=110198&peptide_id=16115&scanf=24516&charge=2&value=18/30,sp|P21333|FLNA_HUMAN,/core/www/modules//consensus/?run_id=110202&search_id=114132&scans_id=110198&peptide_id=16115&scanf=24516&charge=2&value=sp|P21333|FLNA_HUMAN,1,/core/www/modules/match_peptides/blast_html4.php?run_id=110202&search_id=114132&scans_id=110198&peptide_id=16115&scanf=24516&charge=2&value=1,K.DAGEGGLSLAIEGPSK.A,/core/www/modules/show_out/show_out_wrapper.php?run_id=110202&search_id=114132&scans_id=110198&peptide_id=16115&scanf=24516&charge=2&value=K.DAGEGGLSLAIEGPSK.A,FLNA,1.524e+7,2.200,0.057,1.245,0.002
24517,2,"  2.820","  0.123",9/20,/core/www/modules//sdig/index.php?run_id=110202&search_id=114132&scans_id=110198&peptide_id=16116&scanf=24517&charge=2&value=9/20,sp|O60506|HNRPQ_HUMAN,/core/www/modules//consensus/?run_id=110202&search_id=114132&scans_id=110198&peptide_id=16116&scanf=24517&charge=2&value=sp|O60506|HNRPQ_HUMAN,7,/core/www/modules/match_peptides/blast_html4.php?run_id=110202&search_id=114132&scans_id=110198&peptide_id=16116&scanf=24517&charge=2&value=7,R.LMM*DPLTGLNR.G,/core/www/modules/show_out/show_out_wrapper.php?run_id=110202&search_id=114132&scans_id=110198&peptide_id=16116&scanf=24517&charge=2&value=R.LMM*DPLTGLNR.G,SYNCRIP,9.363e+6,3.299,0.001,2.850,0.000
24520,2,"  4.821","  0.730",18/28,/core/www/modules//sdig/index.php?run_id=110202&search_id=114132&scans_id=110198&peptide_id=16120&scanf=24520&charge=2&value=18/28,sp|Q12931|TRAP1_HUMAN,/core/www/modules//consensus/?run_id=110202&search_id=114132&scans_id=110198&peptide_id=16120&scanf=24520&charge=2&value=sp|Q12931|TRAP1_HUMAN,0,/core/www/modules/match_peptides/blast_html4.php?run_id=110202&search_id=114132&scans_id=110198&peptide_id=16120&scanf=24520&charge=2&value=0,K.AFLDALQNQAEASSK.I,/core/www/modules/show_out/show_out_wrapper.php?run_id=110202&search_id=114132&scans_id=110198&peptide_id=16120&scanf=24520&charge=2&value=K.AFLDALQNQAEASSK.I,TRAP1,9.655e+6,4.062,0.000,3.981,0.000
24521,2,"  2.840","  0.452",11/16,/core/www/modules//sdig/index.php?run_id=110202&search_id=114132&scans_id=110198&peptide_id=16121&scanf=24521&charge=2&value=11/16,sp|P25205|MCM3_HUMAN,/core/www/modules//consensus/?run_id=110202&search_id=114132&scans_id=110198&peptide_id=16121&scanf=24521&charge=2&value=sp|P25205|MCM3_HUMAN,0,/core/www/modules/match_peptides/blast_html4.php?run_id=110202&search_id=114132&scans_id=110198&peptide_id=16121&scanf=24521&charge=2&value=0,R.LIVNVNDLR.R,/core/www/modules/show_out/show_out_wrapper.php?run_id=110202&search_id=114132&scans_id=110198&peptide_id=16121&scanf=24521&charge=2&value=R.LIVNVNDLR.R,MCM3,2.672e+7,3.183,0.002,2.678,0.000
24522,3,"  2.592","  0.488",10/40,/core/www/modules//sdig/index.php?run_id=110202&search_id=114132&scans_id=110198&peptide_id=16122&scanf=24522&charge=3&value=10/40,sp|Q7KZF4|SND1_HUMAN,/core/www/modules//consensus/?run_id=110202&search_id=114132&scans_id=110198&peptide_id=16122&scanf=24522&charge=3&value=sp|Q7KZF4|SND1_HUMAN,0,/core/www/modules/match_peptides/blast_html4.php?run_id=110202&search_id=114132&scans_id=110198&peptide_id=16122&scanf=24522&charge=3&value=0,K.IHVFYIDYGNR.E,/core/www/modules/show_out/show_out_wrapper.php?run_id=110202&search_id=114132&scans_id=110198&peptide_id=16122&scanf=24522&charge=3&value=K.IHVFYIDYGNR.E,SND1,2.536e+7,3.262,0.002,2.795,0.000
24524,4,"  8.069","  0.709",25/216,/core/www/modules//sdig/index.php?run_id=110202&search_id=114132&scans_id=110198&peptide_id=16124&scanf=24524&charge=4&value=25/216,sp|Q8N163|CCAR2_HUMAN,/core/www/modules//consensus/?run_id=110202&search_id=114132&scans_id=110198&peptide_id=16124&scanf=24524&charge=4&value=sp|Q8N163|CCAR2_HUMAN,2,/core/www/modules/match_peptides/blast_html4.php?run_id=110202&search_id=114132&scans_id=110198&peptide_id=16124&scanf=24524&charge=4&value=2,K.DEAQNEGPATESEAPLKEDGLLPKPLSSGGEEEEKPR.G,/core/www/modules/show_out/show_out_wrapper.php?run_id=110202&search_id=114132&scans_id=110198&peptide_id=16124&scanf=24524&charge=4&value=K.DEAQNEGPATESEAPLKEDGLLPKPLSSGGEEEEKPR.G,CCAR2,1.458e+6,3.336,0.001,2.905,0.000
24525,3,"  4.860","  0.617",20/72,/core/www/modules//sdig/index.php?run_id=110202&search_id=114132&scans_id=110198&peptide_id=16125&scanf=24525&charge=3&value=20/72,sp|O75909|CCNK_HUMAN,/core/www/modules//consensus/?run_id=110202&search_id=114132&scans_id=110198&peptide_id=16125&scanf=24525&charge=3&value=sp|O75909|CCNK_HUMAN,3,/core/www/modules/match_peptides/blast_html4.php?run_id=110202&search_id=114132&scans_id=110198&peptide_id=16125&scanf=24525&charge=3&value=3,K.DLAHTPSQLEGLDPATEAR.Y,/core/www/modules/show_out/show_out_wrapper.php?run_id=110202&search_id=114132&scans_id=110198&peptide_id=16125&scanf=24525&charge=3&value=K.DLAHTPSQLEGLDPATEAR.Y,CCNK,8.024e+6,3.438,0.001,3.056,0.000
24526,4,"  2.606","  0.367",16/126,/core/www/modules//sdig/index.php?run_id=110202&search_id=114132&scans_id=110198&peptide_id=16126&scanf=24526&charge=4&value=16/126,sp|O75369|FLNB_HUMAN,/core/www/modules//consensus/?run_id=110202&search_id=114132&scans_id=110198&peptide_id=16126&scanf=24526&charge=4&value=sp|O75369|FLNB_HUMAN,3,/core/www/modules/match_peptides/blast_html4.php?run_id=110202&search_id=114132&scans_id=110198&peptide_id=16126&scanf=24526&charge=4&value=3,K.AHGPGLEGGLVGKPAEFTIDTK.G,/core/www/modules/show_out/show_out_wrapper.php?run_id=110202&search_id=114132&scans_id=110198&peptide_id=16126&scanf=24526&charge=4&value=K.AHGPGLEGGLVGKPAEFTIDTK.G,FLNB,1.108e+7,2.792,0.008,2.102,0.000
24527,2,"  1.654","  0.322",6/22,/core/www/modules//sdig/index.php?run_id=110202&search_id=114132&scans_id=110198&peptide_id=16127&scanf=24527&charge=2&value=6/22,sp|Q9Y530|OARD1_HUMAN,/core/www/modules//consensus/?run_id=110202&search_id=114132&scans_id=110198&peptide_id=16127&scanf=24527&charge=2&value=sp|Q9Y530|OARD1_HUMAN,4,/core/www/modules/match_peptides/blast_html4.php?run_id=110202&search_id=114132&scans_id=110198&peptide_id=16127&scanf=24527&charge=2&value=4,K.FGGVQELLNQQK.K,/core/www/modules/show_out/show_out_wrapper.php?run_id=110202&search_id=114132&scans_id=110198&peptide_id=16127&scanf=24527&charge=2&value=K.FGGVQELLNQQK.K,OARD1,4.279e+6,1.938,0.128,0.891,0.006
24530,2,"  1.756","  0.080",7/12,/core/www/modules//sdig/index.php?run_id=110202&search_id=114132&scans_id=110198&peptide_id=16131&scanf=24530&charge=2&value=7/12,sp|Q9BTD8|RBM42_HUMAN,/core/www/modules//consensus/?run_id=110202&search_id=114132&scans_id=110198&peptide_id=16131&scanf=24530&charge=2&value=sp|Q9BTD8|RBM42_HUMAN,3,/core/www/modules/match_peptides/blast_html4.php?run_id=110202&search_id=114132&scans_id=110198&peptide_id=16131&scanf=24530&charge=2&value=3,R.GLLPPLR.I,/core/www/modules/show_out/show_out_wrapper.php?run_id=110202&search_id=114132&scans_id=110198&peptide_id=16131&scanf=24530&charge=2&value=R.GLLPPLR.I,RBM42,3.286e+6,1.920,0.136,0.868,0.007
24533,4,"  5.417","  0.671",23/90,/core/www/modules//sdig/index.php?run_id=110202&search_id=114132&scans_id=110198&peptide_id=16133&scanf=24533&charge=4&value=23/90,sp|Q96EY7|PTCD3_HUMAN,/core/www/modules//consensus/?run_id=110202&search_id=114132&scans_id=110198&peptide_id=16133&scanf=24533&charge=4&value=sp|Q96EY7|PTCD3_HUMAN,0,/core/www/modules/match_peptides/blast_html4.php?run_id=110202&search_id=114132&scans_id=110198&peptide_id=16133&scanf=24533&charge=4&value=0,K.AIGIEPSLATYHHIIR.L,/core/www/modules/show_out/show_out_wrapper.php?run_id=110202&search_id=114132&scans_id=110198&peptide_id=16133&scanf=24533&charge=4&value=K.AIGIEPSLATYHHIIR.L,PTCD3,8.220e+6,4.187,0.000,4.167,0.000
24536,2,"  2.206","  0.279",11/12,/core/www/modules//sdig/index.php?run_id=110202&search_id=114132&scans_id=110198&peptide_id=16136&scanf=24536&charge=2&value=11/12,sp|P04908|H2A1B_HUMAN,/core/www/modules//consensus/?run_id=110202&search_id=114132&scans_id=110198&peptide_id=16136&scanf=24536&charge=2&value=sp|P04908|H2A1B_HUMAN,20,/core/www/modules/match_peptides/blast_html4.php?run_id=110202&search_id=114132&scans_id=110198&peptide_id=16136&scanf=24536&charge=2&value=20,R.HLQLAIR.N,/core/www/modules/show_out/show_out_wrapper.php?run_id=110202&search_id=114132&scans_id=110198&peptide_id=16136&scanf=24536&charge=2&value=R.HLQLAIR.N,H2AC8,1.680e+7,3.281,0.002,2.824,0.000
24538,2,"  3.198","  0.409",12/18,/core/www/modules//sdig/index.php?run_id=110202&search_id=114132&scans_id=110198&peptide_id=16138&scanf=24538&charge=2&value=12/18,sp|Q13242|SRSF9_HUMAN,/core/www/modules//consensus/?run_id=110202&search_id=114132&scans_id=110198&peptide_id=16138&scanf=24538&charge=2&value=sp|Q13242|SRSF9_HUMAN,1,/core/www/modules/match_peptides/blast_html4.php?run_id=110202&search_id=114132&scans_id=110198&peptide_id=16138&scanf=24538&charge=2&value=1,K.DGVGMVEYLR.K,/core/www/modules/show_out/show_out_wrapper.php?run_id=110202&search_id=114132&scans_id=110198&peptide_id=16138&scanf=24538&charge=2&value=K.DGVGMVEYLR.K,SRSF9,3.515e+8,3.168,0.002,2.657,0.000
24539,3,"  2.698","  0.568",14/40,/core/www/modules//sdig/index.php?run_id=110202&search_id=114132&scans_id=110198&peptide_id=16139&scanf=24539&charge=3&value=14/40,sp|P53621|COPA_HUMAN,/core/www/modules//consensus/?run_id=110202&search_id=114132&scans_id=110198&peptide_id=16139&scanf=24539&charge=3&value=sp|P53621|COPA_HUMAN,3,/core/www/modules/match_peptides/blast_html4.php?run_id=110202&search_id=114132&scans_id=110198&peptide_id=16139&scanf=24539&charge=3&value=3,K.GYPEVALHFVK.D,/core/www/modules/show_out/show_out_wrapper.php?run_id=110202&search_id=114132&scans_id=110198&peptide_id=16139&scanf=24539&charge=3&value=K.GYPEVALHFVK.D,COPA,2.262e+7,3.686,0.000,3.424,0.000
24540,2,"  2.821","  0.574",12/20,/core/www/modules//sdig/index.php?run_id=110202&search_id=114132&scans_id=110198&peptide_id=16141&scanf=24540&charge=2&value=12/20,sp|P55084|ECHB_HUMAN,/core/www/modules//consensus/?run_id=110202&search_id=114132&scans_id=110198&peptide_id=16141&scanf=24540&charge=2&value=sp|P55084|ECHB_HUMAN,4,/core/www/modules/match_peptides/blast_html4.php?run_id=110202&search_id=114132&scans_id=110198&peptide_id=16141&scanf=24540&charge=2&value=4,R.TPFLLSGTSYK.D,/core/www/modules/show_out/show_out_wrapper.php?run_id=110202&search_id=114132&scans_id=110198&peptide_id=16141&scanf=24540&charge=2&value=R.TPFLLSGTSYK.D,HADHB,2.739e+7,3.477,0.001,3.114,0.000
24541,2,"  3.308","  0.658",14/22,/core/www/modules//sdig/index.php?run_id=110202&search_id=114132&scans_id=110198&peptide_id=16142&scanf=24541&charge=2&value=14/22,sp|P68104|EF1A1_HUMAN,/core/www/modules//consensus/?run_id=110202&search_id=114132&scans_id=110198&peptide_id=16142&scanf=24541&charge=2&value=sp|P68104|EF1A1_HUMAN,10,/core/www/modules/match_peptides/blast_html4.php?run_id=110202&search_id=114132&scans_id=110198&peptide_id=16142&scanf=24541&charge=2&value=10,R.EHALLAYTLGVK.Q,/core/www/modules/show_out/show_out_wrapper.php?run_id=110202&search_id=114132&scans_id=110198&peptide_id=16142&scanf=24541&charge=2&value=R.EHALLAYTLGVK.Q,EEF1A1,1.062e+8,3.857,0.000,3.678,0.000
24542,2,"  3.074","  0.610",14/24,/core/www/modules//sdig/index.php?run_id=110202&search_id=114132&scans_id=110198&peptide_id=16143&scanf=24542&charge=2&value=14/24,sp|Q7KZF4|SND1_HUMAN,/core/www/modules//consensus/?run_id=110202&search_id=114132&scans_id=110198&peptide_id=16143&scanf=24542&charge=2&value=sp|Q7KZF4|SND1_HUMAN,0,/core/www/modules/match_peptides/blast_html4.php?run_id=110202&search_id=114132&scans_id=110198&peptide_id=16143&scanf=24542&charge=2&value=0,K.VM*QVLNADAIVVK.L,/core/www/modules/show_out/show_out_wrapper.php?run_id=110202&search_id=114132&scans_id=110198&peptide_id=16143&scanf=24542&charge=2&value=K.VM*QVLNADAIVVK.L,SND1,4.149e+6,3.496,0.001,3.143,0.000
24543,2,"  2.192","  0.427",11/20,/core/www/modules//sdig/index.php?run_id=110202&search_id=114132&scans_id=110198&peptide_id=16144&scanf=24543&charge=2&value=11/20,sp|Q8NBS9|TXND5_HUMAN,/core/www/modules//consensus/?run_id=110202&search_id=114132&scans_id=110198&peptide_id=16144&scanf=24543&charge=2&value=sp|Q8NBS9|TXND5_HUMAN,0,/core/www/modules/match_peptides/blast_html4.php?run_id=110202&search_id=114132&scans_id=110198&peptide_id=16144&scanf=24543&charge=2&value=0,K.TLAPTWEELSK.K,/core/www/modules/show_out/show_out_wrapper.php?run_id=110202&search_id=114132&scans_id=110198&peptide_id=16144&scanf=24543&charge=2&value=K.TLAPTWEELSK.K,TXNDC5,1.137e+7,2.900,0.005,2.260,0.000
24544,2,"  1.793","  0.356",7/14,/core/www/modules//sdig/index.php?run_id=110202&search_id=114132&scans_id=110198&peptide_id=16145&scanf=24544&charge=2&value=7/14,sp|P12814|ACTN1_HUMAN,/core/www/modules//consensus/?run_id=110202&search_id=114132&scans_id=110198&peptide_id=16145&scanf=24544&charge=2&value=sp|P12814|ACTN1_HUMAN,14,/core/www/modules/match_peptides/blast_html4.php?run_id=110202&search_id=114132&scans_id=110198&peptide_id=16145&scanf=24544&charge=2&value=14,R.TIPWLENR.V,/core/www/modules/show_out/show_out_wrapper.php?run_id=110202&search_id=114132&scans_id=110198&peptide_id=16145&scanf=24544&charge=2&value=R.TIPWLENR.V,ACTN1,3.342e+7,2.782,0.008,2.086,0.000
24546,4,"  2.316","  0.551",13/78,/core/www/modules//sdig/index.php?run_id=110202&search_id=114132&scans_id=110198&peptide_id=16147&scanf=24546&charge=4&value=13/78,sp|P62906|RL10A_HUMAN,/core/www/modules//consensus/?run_id=110202&search_id=114132&scans_id=110198&peptide_id=16147&scanf=24546&charge=4&value=sp|P62906|RL10A_HUMAN,0,/core/www/modules/match_peptides/blast_html4.php?run_id=110202&search_id=114132&scans_id=110198&peptide_id=16147&scanf=24546&charge=4&value=0,K.AVDIPHMDIEALKK.L,/core/www/modules/show_out/show_out_wrapper.php?run_id=110202&search_id=114132&scans_id=110198&peptide_id=16147&scanf=24546&charge=4&value=K.AVDIPHMDIEALKK.L,RPL10A,4.024e+8,3.320,0.001,2.882,0.000
24548,3,"  2.921","  0.487",15/56,/core/www/modules//sdig/index.php?run_id=110202&search_id=114132&scans_id=110198&peptide_id=16149&scanf=24548&charge=3&value=15/56,sp|P11498|PYC_HUMAN,/core/www/modules//consensus/?run_id=110202&search_id=114132&scans_id=110198&peptide_id=16149&scanf=24548&charge=3&value=sp|P11498|PYC_HUMAN,4,/core/www/modules/match_peptides/blast_html4.php?run_id=110202&search_id=114132&scans_id=110198&peptide_id=16149&scanf=24548&charge=3&value=4,K.VVEIAPAAHLDPQLR.T,/core/www/modules/show_out/show_out_wrapper.php?run_id=110202&search_id=114132&scans_id=110198&peptide_id=16149&scanf=24548&charge=3&value=K.VVEIAPAAHLDPQLR.T,PC,4.556e+6,3.040,0.003,2.467,0.000
24551,3,"  3.792","  0.400",16/68,/core/www/modules//sdig/index.php?run_id=110202&search_id=114132&scans_id=110198&peptide_id=16153&scanf=24551&charge=3&value=16/68,sp|P07355|ANXA2_HUMAN,/core/www/modules//consensus/?run_id=110202&search_id=114132&scans_id=110198&peptide_id=16153&scanf=24551&charge=3&value=sp|P07355|ANXA2_HUMAN,9,/core/www/modules/match_peptides/blast_html4.php?run_id=110202&search_id=114132&scans_id=110198&peptide_id=16153&scanf=24551&charge=3&value=9,R.RAEDGSVIDYELIDQDAR.D,/core/www/modules/show_out/show_out_wrapper.php?run_id=110202&search_id=114132&scans_id=110198&peptide_id=16153&scanf=24551&charge=3&value=R.RAEDGSVIDYELIDQDAR.D,ANXA2,3.693e+7,2.357,0.034,1.468,0.001
24554,3,"  7.652","  0.359",28/80,/core/www/modules//sdig/index.php?run_id=110202&search_id=114132&scans_id=110198&peptide_id=16155&scanf=24554&charge=3&value=28/80,sp|P31942|HNRH3_HUMAN,/core/www/modules//consensus/?run_id=110202&search_id=114132&scans_id=110198&peptide_id=16155&scanf=24554&charge=3&value=sp|P31942|HNRH3_HUMAN,0,/core/www/modules/match_peptides/blast_html4.php?run_id=110202&search_id=114132&scans_id=110198&peptide_id=16155&scanf=24554&charge=3&value=0,R.ATGEADVEFVTHEDAVAAMSK.D,/core/www/modules/show_out/show_out_wrapper.php?run_id=110202&search_id=114132&scans_id=110198&peptide_id=16155&scanf=24554&charge=3&value=R.ATGEADVEFVTHEDAVAAMSK.D,HNRNPH3,1.869e+7,2.828,0.007,2.155,0.000
24555,2,"  1.930","  0.643",10/18,/core/www/modules//sdig/index.php?run_id=110202&search_id=114132&scans_id=110198&peptide_id=16156&scanf=24555&charge=2&value=10/18,sp|P18583|SON_HUMAN,/core/www/modules//consensus/?run_id=110202&search_id=114132&scans_id=110198&peptide_id=16156&scanf=24555&charge=2&value=sp|P18583|SON_HUMAN,0,/core/www/modules/match_peptides/blast_html4.php?run_id=110202&search_id=114132&scans_id=110198&peptide_id=16156&scanf=24555&charge=2&value=0,K.IMLVEPPVAK.V,/core/www/modules/show_out/show_out_wrapper.php?run_id=110202&search_id=114132&scans_id=110198&peptide_id=16156&scanf=24555&charge=2&value=K.IMLVEPPVAK.V,SON,5.033e+7,3.753,0.000,3.523,0.000
24558,3,"  3.311","  0.528",16/52,/core/www/modules//sdig/index.php?run_id=110202&search_id=114132&scans_id=110198&peptide_id=16159&scanf=24558&charge=3&value=16/52,sp|Q9NR30|DDX21_HUMAN,/core/www/modules//consensus/?run_id=110202&search_id=114132&scans_id=110198&peptide_id=16159&scanf=24558&charge=3&value=sp|Q9NR30|DDX21_HUMAN,4,/core/www/modules/match_peptides/blast_html4.php?run_id=110202&search_id=114132&scans_id=110198&peptide_id=16159&scanf=24558&charge=3&value=4,R.LLDSVPPTAISHFK.Q,/core/www/modules/show_out/show_out_wrapper.php?run_id=110202&search_id=114132&scans_id=110198&peptide_id=16159&scanf=24558&charge=3&value=R.LLDSVPPTAISHFK.Q,DDX21,8.313e+7,3.435,0.001,3.052,0.000
24559,3,"  3.865","  0.600",16/40,/core/www/modules//sdig/index.php?run_id=110202&search_id=114132&scans_id=110198&peptide_id=16160&scanf=24559&charge=3&value=16/40,sp|Q9Y6M1|IF2B2_HUMAN,/core/www/modules//consensus/?run_id=110202&search_id=114132&scans_id=110198&peptide_id=16160&scanf=24559&charge=3&value=sp|Q9Y6M1|IF2B2_HUMAN,1,/core/www/modules/match_peptides/blast_html4.php?run_id=110202&search_id=114132&scans_id=110198&peptide_id=16160&scanf=24559&charge=3&value=1,R.KLPLAGQVLLK.S,/core/www/modules/show_out/show_out_wrapper.php?run_id=110202&search_id=114132&scans_id=110198&peptide_id=16160&scanf=24559&charge=3&value=R.KLPLAGQVLLK.S,IGF2BP2,2.270e+7,3.576,0.001,3.260,0.000
24562,2,"  3.394","  0.614",13/20,/core/www/modules//sdig/index.php?run_id=110202&search_id=114132&scans_id=110198&peptide_id=16164&scanf=24562&charge=2&value=13/20,sp|P83876|TXN4A_HUMAN,/core/www/modules//consensus/?run_id=110202&search_id=114132&scans_id=110198&peptide_id=16164&scanf=24562&charge=2&value=sp|P83876|TXN4A_HUMAN,5,/core/www/modules/match_peptides/blast_html4.php?run_id=110202&search_id=114132&scans_id=110198&peptide_id=16164&scanf=24562&charge=2&value=5,K.MDEVLYSIAEK.V,/core/www/modules/show_out/show_out_wrapper.php?run_id=110202&search_id=114132&scans_id=110198&peptide_id=16164&scanf=24562&charge=2&value=K.MDEVLYSIAEK.V,TXNL4A,2.100e+7,3.524,0.001,3.183,0.000
24564,3,"  3.288","  0.459",17/40,/core/www/modules//sdig/index.php?run_id=110202&search_id=114132&scans_id=110198&peptide_id=16166&scanf=24564&charge=3&value=17/40,sp|P02545|LMNA_HUMAN,/core/www/modules//consensus/?run_id=110202&search_id=114132&scans_id=110198&peptide_id=16166&scanf=24564&charge=3&value=sp|P02545|LMNA_HUMAN,7,/core/www/modules/match_peptides/blast_html4.php?run_id=110202&search_id=114132&scans_id=110198&peptide_id=16166&scanf=24564&charge=3&value=7,R.LKDLEALLNSK.E,/core/www/modules/show_out/show_out_wrapper.php?run_id=110202&search_id=114132&scans_id=110198&peptide_id=16166&scanf=24564&charge=3&value=R.LKDLEALLNSK.E,LMNA,1.020e+8,3.188,0.002,2.686,0.000
24565,2,"  3.019","  0.450",12/22,/core/www/modules//sdig/index.php?run_id=110202&search_id=114132&scans_id=110198&peptide_id=16167&scanf=24565&charge=2&value=12/22,sp|Q9H8H2|DDX31_HUMAN,/core/www/modules//consensus/?run_id=110202&search_id=114132&scans_id=110198&peptide_id=16167&scanf=24565&charge=2&value=sp|Q9H8H2|DDX31_HUMAN,0,/core/www/modules/match_peptides/blast_html4.php?run_id=110202&search_id=114132&scans_id=110198&peptide_id=16167&scanf=24565&charge=2&value=0,R.ELALQSFDTVQK.L,/core/www/modules/show_out/show_out_wrapper.php?run_id=110202&search_id=114132&scans_id=110198&peptide_id=16167&scanf=24565&charge=2&value=R.ELALQSFDTVQK.L,DDX31,2.459e+7,2.994,0.004,2.400,0.000
24566,3,"  9.816","  0.779",36/136,/core/www/modules//sdig/index.php?run_id=110202&search_id=114132&scans_id=110198&peptide_id=16168&scanf=24566&charge=3&value=36/136,sp|Q13263|TIF1B_HUMAN,/core/www/modules//consensus/?run_id=110202&search_id=114132&scans_id=110198&peptide_id=16168&scanf=24566&charge=3&value=sp|Q13263|TIF1B_HUMAN,0,/core/www/modules/match_peptides/blast_html4.php?run_id=110202&search_id=114132&scans_id=110198&peptide_id=16168&scanf=24566&charge=3&value=0,K.QGSGSSQPMEVQEGYGFGSGDDPYSSAEPHVSGVK.R,/core/www/modules/show_out/show_out_wrapper.php?run_id=110202&search_id=114132&scans_id=110198&peptide_id=16168&scanf=24566&charge=3&value=K.QGSGSSQPMEVQEGYGFGSGDDPYSSAEPHVSGVK.R,TRIM28,2.271e+6,3.722,0.000,3.478,0.000
24568,3,"  3.082","  0.355",11/60,/core/www/modules//sdig/index.php?run_id=110202&search_id=114132&scans_id=110198&peptide_id=16170&scanf=24568&charge=3&value=11/60,sp|O60942|MCE1_HUMAN,/core/www/modules//consensus/?run_id=110202&search_id=114132&scans_id=110198&peptide_id=16170&scanf=24568&charge=3&value=sp|O60942|MCE1_HUMAN,0,/core/www/modules/match_peptides/blast_html4.php?run_id=110202&search_id=114132&scans_id=110198&peptide_id=16170&scanf=24568&charge=3&value=0,K.EVSHEMDGLIFQPTGK.Y,/core/www/modules/show_out/show_out_wrapper.php?run_id=110202&search_id=114132&scans_id=110198&peptide_id=16170&scanf=24568&charge=3&value=K.EVSHEMDGLIFQPTGK.Y,RNGTT,6.132e+6,2.407,0.029,1.540,0.001
24569,3,"  2.721","  0.456",12/52,/core/www/modules//sdig/index.php?run_id=110202&search_id=114132&scans_id=110198&peptide_id=16171&scanf=24569&charge=3&value=12/52,sp|P21589|5NTD_HUMAN,/core/www/modules//consensus/?run_id=110202&search_id=114132&scans_id=110198&peptide_id=16171&scanf=24569&charge=3&value=sp|P21589|5NTD_HUMAN,1,/core/www/modules/match_peptides/blast_html4.php?run_id=110202&search_id=114132&scans_id=110198&peptide_id=16171&scanf=24569&charge=3&value=1,R.VPSYDPLKMDEVYK.V,/core/www/modules/show_out/show_out_wrapper.php?run_id=110202&search_id=114132&scans_id=110198&peptide_id=16171&scanf=24569&charge=3&value=R.VPSYDPLKMDEVYK.V,NT5E,4.253e+6,2.596,0.015,1.814,0.000
24571,3,"  7.255","  0.740",27/124,/core/www/modules//sdig/index.php?run_id=110202&search_id=114132&scans_id=110198&peptide_id=16174&scanf=24571&charge=3&value=27/124,sp|Q00839|HNRPU_HUMAN,/core/www/modules//consensus/?run_id=110202&search_id=114132&scans_id=110198&peptide_id=16174&scanf=24571&charge=3&value=sp|Q00839|HNRPU_HUMAN,2,/core/www/modules/match_peptides/blast_html4.php?run_id=110202&search_id=114132&scans_id=110198&peptide_id=16174&scanf=24571&charge=3&value=2,R.LQAALDDEEAGGRPAMEPGNGSLDLGGDSAGR.S,/core/www/modules/show_out/show_out_wrapper.php?run_id=110202&search_id=114132&scans_id=110198&peptide_id=16174&scanf=24571&charge=3&value=R.LQAALDDEEAGGRPAMEPGNGSLDLGGDSAGR.S,HNRNPU,8.324e+6,3.536,0.001,3.201,0.000
24572,2,"  4.093","  0.605",16/30,/core/www/modules//sdig/index.php?run_id=110202&search_id=114132&scans_id=110198&peptide_id=16175&scanf=24572&charge=2&value=16/30,sp|P30038|AL4A1_HUMAN,/core/www/modules//consensus/?run_id=110202&search_id=114132&scans_id=110198&peptide_id=16175&scanf=24572&charge=2&value=sp|P30038|AL4A1_HUMAN,1,/core/www/modules/match_peptides/blast_html4.php?run_id=110202&search_id=114132&scans_id=110198&peptide_id=16175&scanf=24572&charge=2&value=1,K.VANEPVLAFTQGSPER.D,/core/www/modules/show_out/show_out_wrapper.php?run_id=110202&search_id=114132&scans_id=110198&peptide_id=16175&scanf=24572&charge=2&value=K.VANEPVLAFTQGSPER.D,ALDH4A1,4.491e+6,3.363,0.001,2.945,0.000
24573,2,"  2.553","  0.466",12/28,/core/www/modules//sdig/index.php?run_id=110202&search_id=114132&scans_id=110198&peptide_id=16176&scanf=24573&charge=2&value=12/28,sp|P50897|PPT1_HUMAN,/core/www/modules//consensus/?run_id=110202&search_id=114132&scans_id=110198&peptide_id=16176&scanf=24573&charge=2&value=sp|P50897|PPT1_HUMAN,4,/core/www/modules/match_peptides/blast_html4.php?run_id=110202&search_id=114132&scans_id=110198&peptide_id=16176&scanf=24573&charge=2&value=4,K.ETIPLQETSLYTQDR.L,/core/www/modules/show_out/show_out_wrapper.php?run_id=110202&search_id=114132&scans_id=110198&peptide_id=16176&scanf=24573&charge=2&value=K.ETIPLQETSLYTQDR.L,PPT1,4.561e+6,2.573,0.017,1.780,0.000
24575,2,"  1.367","  0.341",8/22,/core/www/modules//sdig/index.php?run_id=110202&search_id=114132&scans_id=110198&peptide_id=16177&scanf=24575&charge=2&value=8/22,sp|P11388|TOP2A_HUMAN,/core/www/modules//consensus/?run_id=110202&search_id=114132&scans_id=110198&peptide_id=16177&scanf=24575&charge=2&value=sp|P11388|TOP2A_HUMAN,0,/core/www/modules/match_peptides/blast_html4.php?run_id=110202&search_id=114132&scans_id=110198&peptide_id=16177&scanf=24575&charge=2&value=0,K.TLAVSGLGVVGR.D,/core/www/modules/show_out/show_out_wrapper.php?run_id=110202&search_id=114132&scans_id=110198&peptide_id=16177&scanf=24575&charge=2&value=K.TLAVSGLGVVGR.D,TOP2A,5.372e+7,2.455,0.025,1.609,0.001
24576,2,"  3.005","  0.430",12/18,/core/www/modules//sdig/index.php?run_id=110202&search_id=114132&scans_id=110198&peptide_id=16178&scanf=24576&charge=2&value=12/18,sp|Q13242|SRSF9_HUMAN,/core/www/modules//consensus/?run_id=110202&search_id=114132&scans_id=110198&peptide_id=16178&scanf=24576&charge=2&value=sp|Q13242|SRSF9_HUMAN,1,/core/www/modules/match_peptides/blast_html4.php?run_id=110202&search_id=114132&scans_id=110198&peptide_id=16178&scanf=24576&charge=2&value=1,K.DGVGMVEYLR.K,/core/www/modules/show_out/show_out_wrapper.php?run_id=110202&search_id=114132&scans_id=110198&peptide_id=16178&scanf=24576&charge=2&value=K.DGVGMVEYLR.K,SRSF9,3.515e+8,3.222,0.002,2.736,0.000
24578,2,"  1.990","  0.424",9/14,/core/www/modules//sdig/index.php?run_id=110202&search_id=114132&scans_id=110198&peptide_id=16180&scanf=24578&charge=2&value=9/14,sp|P62829|RL23_HUMAN,/core/www/modules//consensus/?run_id=110202&search_id=114132&scans_id=110198&peptide_id=16180&scanf=24578&charge=2&value=sp|P62829|RL23_HUMAN,3,/core/www/modules/match_peptides/blast_html4.php?run_id=110202&search_id=114132&scans_id=110198&peptide_id=16180&scanf=24578&charge=2&value=3,K.NLYIISVK.G,/core/www/modules/show_out/show_out_wrapper.php?run_id=110202&search_id=114132&scans_id=110198&peptide_id=16180&scanf=24578&charge=2&value=K.NLYIISVK.G,RPL23,2.687e+8,3.130,0.003,2.600,0.000
24580,4,"  2.793","  0.608",15/78,/core/www/modules//sdig/index.php?run_id=110202&search_id=114132&scans_id=110198&peptide_id=16183&scanf=24580&charge=4&value=15/78,sp|P62906|RL10A_HUMAN,/core/www/modules//consensus/?run_id=110202&search_id=114132&scans_id=110198&peptide_id=16183&scanf=24580&charge=4&value=sp|P62906|RL10A_HUMAN,0,/core/www/modules/match_peptides/blast_html4.php?run_id=110202&search_id=114132&scans_id=110198&peptide_id=16183&scanf=24580&charge=4&value=0,K.AVDIPHMDIEALKK.L,/core/www/modules/show_out/show_out_wrapper.php?run_id=110202&search_id=114132&scans_id=110198&peptide_id=16183&scanf=24580&charge=4&value=K.AVDIPHMDIEALKK.L,RPL10A,4.024e+8,3.434,0.001,3.051,0.000
24581,3,"  4.386","  0.552",20/56,/core/www/modules//sdig/index.php?run_id=110202&search_id=114132&scans_id=110198&peptide_id=16184&scanf=24581&charge=3&value=20/56,sp|Q96SI9|STRBP_HUMAN,/core/www/modules//consensus/?run_id=110202&search_id=114132&scans_id=110198&peptide_id=16184&scanf=24581&charge=3&value=sp|Q96SI9|STRBP_HUMAN,0,/core/www/modules/match_peptides/blast_html4.php?run_id=110202&search_id=114132&scans_id=110198&peptide_id=16184&scanf=24581&charge=3&value=0,K.VLEMDPLPSSKPFQK.Y,/core/www/modules/show_out/show_out_wrapper.php?run_id=110202&search_id=114132&scans_id=110198&peptide_id=16184&scanf=24581&charge=3&value=K.VLEMDPLPSSKPFQK.Y,STRBP,2.457e+7,3.444,0.001,3.065,0.000
24582,2,"  3.034","  0.614",12/18,/core/www/modules//sdig/index.php?run_id=110202&search_id=114132&scans_id=110198&peptide_id=16185&scanf=24582&charge=2&value=12/18,sp|P50990|TCPQ_HUMAN,/core/www/modules//consensus/?run_id=110202&search_id=114132&scans_id=110198&peptide_id=16185&scanf=24582&charge=2&value=sp|P50990|TCPQ_HUMAN,0,/core/www/modules/match_peptides/blast_html4.php?run_id=110202&search_id=114132&scans_id=110198&peptide_id=16185&scanf=24582&charge=2&value=0,K.FAEAFEAIPR.A,/core/www/modules/show_out/show_out_wrapper.php?run_id=110202&search_id=114132&scans_id=110198&peptide_id=16185&scanf=24582&charge=2&value=K.FAEAFEAIPR.A,CCT8,6.120e+7,3.844,0.000,3.658,0.000
24583,4,"  3.533","  0.409",15/78,/core/www/modules//sdig/index.php?run_id=110202&search_id=114132&scans_id=110198&peptide_id=16186&scanf=24583&charge=4&value=15/78,sp|P08670|VIME_HUMAN,/core/www/modules//consensus/?run_id=110202&search_id=114132&scans_id=110198&peptide_id=16186&scanf=24583&charge=4&value=sp|P08670|VIME_HUMAN,2,/core/www/modules/match_peptides/blast_html4.php?run_id=110202&search_id=114132&scans_id=110198&peptide_id=16186&scanf=24583&charge=4&value=2,R.KVESLQEEIAFLKK.L,/core/www/modules/show_out/show_out_wrapper.php?run_id=110202&search_id=114132&scans_id=110198&peptide_id=16186&scanf=24583&charge=4&value=R.KVESLQEEIAFLKK.L,VIM,4.987e+7,3.108,0.003,2.567,0.000
24584,2,"  1.823","  0.209",8/12,/core/www/modules//sdig/index.php?run_id=110202&search_id=114132&scans_id=110198&peptide_id=16187&scanf=24584&charge=2&value=8/12,sp|Q15149|PLEC_HUMAN,/core/www/modules//consensus/?run_id=110202&search_id=114132&scans_id=110198&peptide_id=16187&scanf=24584&charge=2&value=sp|Q15149|PLEC_HUMAN,5,/core/www/modules/match_peptides/blast_html4.php?run_id=110202&search_id=114132&scans_id=110198&peptide_id=16187&scanf=24584&charge=2&value=5,K.LLLWSQR.M,/core/www/modules/show_out/show_out_wrapper.php?run_id=110202&search_id=114132&scans_id=110198&peptide_id=16187&scanf=24584&charge=2&value=K.LLLWSQR.M,PLEC,1.501e+7,3.008,0.004,2.420,0.000
24586,2,"  2.462","  0.342",11/20,/core/www/modules//sdig/index.php?run_id=110202&search_id=114132&scans_id=110198&peptide_id=16189&scanf=24586&charge=2&value=11/20,sp|P47897|SYQ_HUMAN,/core/www/modules//consensus/?run_id=110202&search_id=114132&scans_id=110198&peptide_id=16189&scanf=24586&charge=2&value=sp|P47897|SYQ_HUMAN,5,/core/www/modules/match_peptides/blast_html4.php?run_id=110202&search_id=114132&scans_id=110198&peptide_id=16189&scanf=24586&charge=2&value=5,K.ILQLVATGAVR.D,/core/www/modules/show_out/show_out_wrapper.php?run_id=110202&search_id=114132&scans_id=110198&peptide_id=16189&scanf=24586&charge=2&value=K.ILQLVATGAVR.D,QARS1,1.571e+7,2.659,0.012,1.906,0.000
24588,2,"  2.562","  0.461",11/16,/core/www/modules//sdig/index.php?run_id=110202&search_id=114132&scans_id=110198&peptide_id=16191&scanf=24588&charge=2&value=11/16,sp|P62937|PPIA_HUMAN,/core/www/modules//consensus/?run_id=110202&search_id=114132&scans_id=110198&peptide_id=16191&scanf=24588&charge=2&value=sp|P62937|PPIA_HUMAN,3,/core/www/modules/match_peptides/blast_html4.php?run_id=110202&search_id=114132&scans_id=110198&peptide_id=16191&scanf=24588&charge=2&value=3,K.FEDENFILK.H,/core/www/modules/show_out/show_out_wrapper.php?run_id=110202&search_id=114132&scans_id=110198&peptide_id=16191&scanf=24588&charge=2&value=K.FEDENFILK.H,PPIA,7.946e+7,3.307,0.001,2.863,0.000
24589,2,"  2.037","  0.330",13/26,/core/www/modules//sdig/index.php?run_id=110202&search_id=114132&scans_id=110198&peptide_id=16192&scanf=24589&charge=2&value=13/26,sp|O15020|SPTN2_HUMAN,/core/www/modules//consensus/?run_id=110202&search_id=114132&scans_id=110198&peptide_id=16192&scanf=24589&charge=2&value=sp|O15020|SPTN2_HUMAN,5,/core/www/modules/match_peptides/blast_html4.php?run_id=110202&search_id=114132&scans_id=110198&peptide_id=16192&scanf=24589&charge=2&value=5,R.FQIQDISVETEDNK.E,/core/www/modules/show_out/show_out_wrapper.php?run_id=110202&search_id=114132&scans_id=110198&peptide_id=16192&scanf=24589&charge=2&value=R.FQIQDISVETEDNK.E,SPTBN2,5.792e+6,2.203,0.056,1.249,0.002
24590,2,"  1.559","  0.256",7/14,/core/www/modules//sdig/index.php?run_id=110202&search_id=114132&scans_id=110198&peptide_id=16194&scanf=24590&charge=2&value=7/14,sp|Q8N163|CCAR2_HUMAN,/core/www/modules//consensus/?run_id=110202&search_id=114132&scans_id=110198&peptide_id=16194&scanf=24590&charge=2&value=sp|Q8N163|CCAR2_HUMAN,2,/core/www/modules/match_peptides/blast_html4.php?run_id=110202&search_id=114132&scans_id=110198&peptide_id=16194&scanf=24590&charge=2&value=2,K.MLLSLPEK.V,/core/www/modules/show_out/show_out_wrapper.php?run_id=110202&search_id=114132&scans_id=110198&peptide_id=16194&scanf=24590&charge=2&value=K.MLLSLPEK.V,CCAR2,4.505e+7,2.417,0.028,1.554,0.001
24591,3,"  1.908","  0.152",12/52,/core/www/modules//sdig/index.php?run_id=110202&search_id=114132&scans_id=110198&peptide_id=16195&scanf=24591&charge=3&value=12/52,sp|Q9NQC1|JADE2_HUMAN,/core/www/modules//consensus/?run_id=110202&search_id=114132&scans_id=110198&peptide_id=16195&scanf=24591&charge=3&value=sp|Q9NQC1|JADE2_HUMAN,6,/core/www/modules/match_peptides/blast_html4.php?run_id=110202&search_id=114132&scans_id=110198&peptide_id=16195&scanf=24591&charge=3&value=6,K.EMERPELDELTLER.V,/core/www/modules/show_out/show_out_wrapper.php?run_id=110202&search_id=114132&scans_id=110198&peptide_id=16195&scanf=24591&charge=3&value=K.EMERPELDELTLER.V,JADE2,7.324e+6,1.840,0.171,0.767,0.009
24598,3,"  3.391","  0.035",11/48,/core/www/modules//sdig/index.php?run_id=110202&search_id=114132&scans_id=110198&peptide_id=16201&scanf=24598&charge=3&value=11/48,sp|P14625|ENPL_HUMAN,/core/www/modules//consensus/?run_id=110202&search_id=114132&scans_id=110198&peptide_id=16201&scanf=24598&charge=3&value=sp|P14625|ENPL_HUMAN,8,/core/www/modules/match_peptides/blast_html4.php?run_id=110202&search_id=114132&scans_id=110198&peptide_id=16201&scanf=24598&charge=3&value=8,R.VFITDDFHDMM*PK.Y,/core/www/modules/show_out/show_out_wrapper.php?run_id=110202&search_id=114132&scans_id=110198&peptide_id=16201&scanf=24598&charge=3&value=R.VFITDDFHDMM*PK.Y,HSP90B1,6.276e+6,2.559,0.017,1.759,0.000
24600,3,"  2.701","  0.359",10/40,/core/www/modules//sdig/index.php?run_id=110202&search_id=114132&scans_id=110198&peptide_id=16204&scanf=24600&charge=3&value=10/40,sp|Q9NQC1|JADE2_HUMAN,/core/www/modules//consensus/?run_id=110202&search_id=114132&scans_id=110198&peptide_id=16204&scanf=24600&charge=3&value=sp|Q9NQC1|JADE2_HUMAN,4,/core/www/modules/match_peptides/blast_html4.php?run_id=110202&search_id=114132&scans_id=110198&peptide_id=16204&scanf=24600&charge=3&value=4,K.LQEQIFHLQMK.L,/core/www/modules/show_out/show_out_wrapper.php?run_id=110202&search_id=114132&scans_id=110198&peptide_id=16204&scanf=24600&charge=3&value=K.LQEQIFHLQMK.L,JADE2,6.642e+6,2.706,0.011,1.976,0.000
24603,2,"  3.180","  0.578",14/26,/core/www/modules//sdig/index.php?run_id=110202&search_id=114132&scans_id=110198&peptide_id=16207&scanf=24603&charge=2&value=14/26,sp|O60684|IMA7_HUMAN,/core/www/modules//consensus/?run_id=110202&search_id=114132&scans_id=110198&peptide_id=16207&scanf=24603&charge=2&value=sp|O60684|IMA7_HUMAN,2,/core/www/modules/match_peptides/blast_html4.php?run_id=110202&search_id=114132&scans_id=110198&peptide_id=16207&scanf=24603&charge=2&value=2,K.EPSPPIDEVINTPR.V,/core/www/modules/show_out/show_out_wrapper.php?run_id=110202&search_id=114132&scans_id=110198&peptide_id=16207&scanf=24603&charge=2&value=K.EPSPPIDEVINTPR.V,KPNA6,7.240e+6,3.298,0.001,2.850,0.000
24605,2,"  2.001","  0.203",8/12,/core/www/modules//sdig/index.php?run_id=110202&search_id=114132&scans_id=110198&peptide_id=16209&scanf=24605&charge=2&value=8/12,sp|P82930|RT34_HUMAN,/core/www/modules//consensus/?run_id=110202&search_id=114132&scans_id=110198&peptide_id=16209&scanf=24605&charge=2&value=sp|P82930|RT34_HUMAN,1,/core/www/modules/match_peptides/blast_html4.php?run_id=110202&search_id=114132&scans_id=110198&peptide_id=16209&scanf=24605&charge=2&value=1,R.LLQLLGR.L,/core/www/modules/show_out/show_out_wrapper.php?run_id=110202&search_id=114132&scans_id=110198&peptide_id=16209&scanf=24605&charge=2&value=R.LLQLLGR.L,MRPS34,6.162e+6,2.450,0.025,1.602,0.001
24612,2,"  3.295","  0.634",13/24,/core/www/modules//sdig/index.php?run_id=110202&search_id=114132&scans_id=110198&peptide_id=16216&scanf=24612&charge=2&value=13/24,sp|Q14152|EIF3A_HUMAN,/core/www/modules//consensus/?run_id=110202&search_id=114132&scans_id=110198&peptide_id=16216&scanf=24612&charge=2&value=sp|Q14152|EIF3A_HUMAN,0,/core/www/modules/match_peptides/blast_html4.php?run_id=110202&search_id=114132&scans_id=110198&peptide_id=16216&scanf=24612&charge=2&value=0,R.TLSFGSDLNYATR.E,/core/www/modules/show_out/show_out_wrapper.php?run_id=110202&search_id=114132&scans_id=110198&peptide_id=16216&scanf=24612&charge=2&value=R.TLSFGSDLNYATR.E,EIF3A,1.570e+7,3.651,0.000,3.371,0.000
24617,3,"  2.864","  0.332",7/60,/core/www/modules//sdig/index.php?run_id=110202&search_id=114132&scans_id=110198&peptide_id=16220&scanf=24617&charge=3&value=7/60,sp|P62736|ACTA_HUMAN,/core/www/modules//consensus/?run_id=110202&search_id=114132&scans_id=110198&peptide_id=16220&scanf=24617&charge=3&value=sp|P62736|ACTA_HUMAN,8,/core/www/modules/match_peptides/blast_html4.php?run_id=110202&search_id=114132&scans_id=110198&peptide_id=16220&scanf=24617&charge=3&value=8,K.YPIEHGIITNWDDM*EK.I,/core/www/modules/show_out/show_out_wrapper.php?run_id=110202&search_id=114132&scans_id=110198&peptide_id=16220&scanf=24617&charge=3&value=K.YPIEHGIITNWDDM*EK.I,ACTA2,2.732e+8,2.337,0.036,1.440,0.001
24618,2,"  3.801","  0.532",16/24,/core/www/modules//sdig/index.php?run_id=110202&search_id=114132&scans_id=110198&peptide_id=16221&scanf=24618&charge=2&value=16/24,sp|Q8WVV9|HNRLL_HUMAN,/core/www/modules//consensus/?run_id=110202&search_id=114132&scans_id=110198&peptide_id=16221&scanf=24618&charge=2&value=sp|Q8WVV9|HNRLL_HUMAN,5,/core/www/modules/match_peptides/blast_html4.php?run_id=110202&search_id=114132&scans_id=110198&peptide_id=16221&scanf=24618&charge=2&value=5,R.QALVEFENIDSAK.E,/core/www/modules/show_out/show_out_wrapper.php?run_id=110202&search_id=114132&scans_id=110198&peptide_id=16221&scanf=24618&charge=2&value=R.QALVEFENIDSAK.E,HNRNPLL,1.354e+7,3.446,0.001,3.068,0.000
24619,2,"  2.339","  0.310",10/16,/core/www/modules//sdig/index.php?run_id=110202&search_id=114132&scans_id=110198&peptide_id=16222&scanf=24619&charge=2&value=10/16,sp|P60228|EIF3E_HUMAN,/core/www/modules//consensus/?run_id=110202&search_id=114132&scans_id=110198&peptide_id=16222&scanf=24619&charge=2&value=sp|P60228|EIF3E_HUMAN,13,/core/www/modules/match_peptides/blast_html4.php?run_id=110202&search_id=114132&scans_id=110198&peptide_id=16222&scanf=24619&charge=2&value=13,R.NALSSLWGK.L,/core/www/modules/show_out/show_out_wrapper.php?run_id=110202&search_id=114132&scans_id=110198&peptide_id=16222&scanf=24619&charge=2&value=R.NALSSLWGK.L,EIF3E,9.814e+7,2.636,0.013,1.872,0.000
24620,2,"  2.629","  0.494",11/20,/core/www/modules//sdig/index.php?run_id=110202&search_id=114132&scans_id=110198&peptide_id=16224&scanf=24620&charge=2&value=11/20,sp|P10155|RO60_HUMAN,/core/www/modules//consensus/?run_id=110202&search_id=114132&scans_id=110198&peptide_id=16224&scanf=24620&charge=2&value=sp|P10155|RO60_HUMAN,1,/core/www/modules/match_peptides/blast_html4.php?run_id=110202&search_id=114132&scans_id=110198&peptide_id=16224&scanf=24620&charge=2&value=1,K.GGMALALAVTK.Y,/core/www/modules/show_out/show_out_wrapper.php?run_id=110202&search_id=114132&scans_id=110198&peptide_id=16224&scanf=24620&charge=2&value=K.GGMALALAVTK.Y,RO60,1.681e+7,3.143,0.002,2.619,0.000
24621,2,"  2.619","  0.565",11/18,/core/www/modules//sdig/index.php?run_id=110202&search_id=114132&scans_id=110198&peptide_id=16225&scanf=24621&charge=2&value=11/18,sp|Q8N6T7|SIR6_HUMAN,/core/www/modules//consensus/?run_id=110202&search_id=114132&scans_id=110198&peptide_id=16225&scanf=24621&charge=2&value=sp|Q8N6T7|SIR6_HUMAN,2,/core/www/modules/match_peptides/blast_html4.php?run_id=110202&search_id=114132&scans_id=110198&peptide_id=16225&scanf=24621&charge=2&value=2,R.LVIVNLQPTK.H,/core/www/modules/show_out/show_out_wrapper.php?run_id=110202&search_id=114132&scans_id=110198&peptide_id=16225&scanf=24621&charge=2&value=R.LVIVNLQPTK.H,SIRT6,1.165e+7,3.451,0.001,3.075,0.000
24623,3,"  3.615","  0.386",9/56,/core/www/modules//sdig/index.php?run_id=110202&search_id=114132&scans_id=110198&peptide_id=16227&scanf=24623&charge=3&value=9/56,sp|P45954|ACDSB_HUMAN,/core/www/modules//consensus/?run_id=110202&search_id=114132&scans_id=110198&peptide_id=16227&scanf=24623&charge=3&value=sp|P45954|ACDSB_HUMAN,0,/core/www/modules/match_peptides/blast_html4.php?run_id=110202&search_id=114132&scans_id=110198&peptide_id=16227&scanf=24623&charge=3&value=0,K.VPEANILGQIGHGYK.Y,/core/www/modules/show_out/show_out_wrapper.php?run_id=110202&search_id=114132&scans_id=110198&peptide_id=16227&scanf=24623&charge=3&value=K.VPEANILGQIGHGYK.Y,ACADSB,8.989e+6,2.518,0.020,1.700,0.000
24625,4,"  3.591","  0.551",19/114,/core/www/modules//sdig/index.php?run_id=110202&search_id=114132&scans_id=110198&peptide_id=16229&scanf=24625&charge=4&value=19/114,sp|Q9H6W3|RIOX1_HUMAN,/core/www/modules//consensus/?run_id=110202&search_id=114132&scans_id=110198&peptide_id=16229&scanf=24625&charge=4&value=sp|Q9H6W3|RIOX1_HUMAN,0,/core/www/modules/match_peptides/blast_html4.php?run_id=110202&search_id=114132&scans_id=110198&peptide_id=16229&scanf=24625&charge=4&value=0,R.REPYGHLGPAELLEASPAAR.S,/core/www/modules/show_out/show_out_wrapper.php?run_id=110202&search_id=114132&scans_id=110198&peptide_id=16229&scanf=24625&charge=4&value=R.REPYGHLGPAELLEASPAAR.S,RIOX1,4.156e+6,3.165,0.002,2.652,0.000
24632,2,"  1.600","  0.191",9/18,/core/www/modules//sdig/index.php?run_id=110202&search_id=114132&scans_id=110198&peptide_id=16237&scanf=24632&charge=2&value=9/18,sp|Q9P275|UBP36_HUMAN,/core/www/modules//consensus/?run_id=110202&search_id=114132&scans_id=110198&peptide_id=16237&scanf=24632&charge=2&value=sp|Q9P275|UBP36_HUMAN,9,/core/www/modules/match_peptides/blast_html4.php?run_id=110202&search_id=114132&scans_id=110198&peptide_id=16237&scanf=24632&charge=2&value=9,K.SFSYQLEALK.S,/core/www/modules/show_out/show_out_wrapper.php?run_id=110202&search_id=114132&scans_id=110198&peptide_id=16237&scanf=24632&charge=2&value=K.SFSYQLEALK.S,USP36,6.559e+6,1.947,0.125,0.903,0.006
24633,2,"  5.059","  0.748",21/32,/core/www/modules//sdig/index.php?run_id=110202&search_id=114132&scans_id=110198&peptide_id=16238&scanf=24633&charge=2&value=21/32,sp|P14866|HNRPL_HUMAN,/core/www/modules//consensus/?run_id=110202&search_id=114132&scans_id=110198&peptide_id=16238&scanf=24633&charge=2&value=sp|P14866|HNRPL_HUMAN,5,/core/www/modules/match_peptides/blast_html4.php?run_id=110202&search_id=114132&scans_id=110198&peptide_id=16238&scanf=24633&charge=2&value=5,K.NGVQAMVEFDSVQSAQR.A,/core/www/modules/show_out/show_out_wrapper.php?run_id=110202&search_id=114132&scans_id=110198&peptide_id=16238&scanf=24633&charge=2&value=K.NGVQAMVEFDSVQSAQR.A,HNRNPL,1.726e+7,4.216,0.000,4.209,0.000
24634,2,"  3.393","  0.589",13/20,/core/www/modules//sdig/index.php?run_id=110202&search_id=114132&scans_id=110198&peptide_id=16239&scanf=24634&charge=2&value=13/20,sp|P49368|TCPG_HUMAN,/core/www/modules//consensus/?run_id=110202&search_id=114132&scans_id=110198&peptide_id=16239&scanf=24634&charge=2&value=sp|P49368|TCPG_HUMAN,1,/core/www/modules/match_peptides/blast_html4.php?run_id=110202&search_id=114132&scans_id=110198&peptide_id=16239&scanf=24634&charge=2&value=1,R.AVAQALEVIPR.T,/core/www/modules/show_out/show_out_wrapper.php?run_id=110202&search_id=114132&scans_id=110198&peptide_id=16239&scanf=24634&charge=2&value=R.AVAQALEVIPR.T,CCT3,1.101e+8,3.678,0.000,3.413,0.000
24635,2,"  3.685","  0.686",14/24,/core/www/modules//sdig/index.php?run_id=110202&search_id=114132&scans_id=110198&peptide_id=16240&scanf=24635&charge=2&value=14/24,sp|O60216|RAD21_HUMAN,/core/www/modules//consensus/?run_id=110202&search_id=114132&scans_id=110198&peptide_id=16240&scanf=24635&charge=2&value=sp|O60216|RAD21_HUMAN,1,/core/www/modules/match_peptides/blast_html4.php?run_id=110202&search_id=114132&scans_id=110198&peptide_id=16240&scanf=24635&charge=2&value=1,R.DVIDEPIIEEPSR.L,/core/www/modules/show_out/show_out_wrapper.php?run_id=110202&search_id=114132&scans_id=110198&peptide_id=16240&scanf=24635&charge=2&value=R.DVIDEPIIEEPSR.L,RAD21,1.314e+7,3.804,0.000,3.599,0.000
24638,2,"  4.509","  0.584",16/28,/core/www/modules//sdig/index.php?run_id=110202&search_id=114132&scans_id=110198&peptide_id=16242&scanf=24638&charge=2&value=16/28,sp|O43707|ACTN4_HUMAN,/core/www/modules//consensus/?run_id=110202&search_id=114132&scans_id=110198&peptide_id=16242&scanf=24638&charge=2&value=sp|O43707|ACTN4_HUMAN,3,/core/www/modules/match_peptides/blast_html4.php?run_id=110202&search_id=114132&scans_id=110198&peptide_id=16242&scanf=24638&charge=2&value=3,K.LVSIGAEEIVDGNAK.M,/core/www/modules/show_out/show_out_wrapper.php?run_id=110202&search_id=114132&scans_id=110198&peptide_id=16242&scanf=24638&charge=2&value=K.LVSIGAEEIVDGNAK.M,ACTN4,1.698e+8,3.814,0.000,3.613,0.000
24639,2,"  3.193","  0.599",14/20,/core/www/modules//sdig/index.php?run_id=110202&search_id=114132&scans_id=110198&peptide_id=16243&scanf=24639&charge=2&value=14/20,sp|P78316|NOP14_HUMAN,/core/www/modules//consensus/?run_id=110202&search_id=114132&scans_id=110198&peptide_id=16243&scanf=24639&charge=2&value=sp|P78316|NOP14_HUMAN,1,/core/www/modules/match_peptides/blast_html4.php?run_id=110202&search_id=114132&scans_id=110198&peptide_id=16243&scanf=24639&charge=2&value=1,R.SMEEQLLVVER.I,/core/www/modules/show_out/show_out_wrapper.php?run_id=110202&search_id=114132&scans_id=110198&peptide_id=16243&scanf=24639&charge=2&value=R.SMEEQLLVVER.I,NOP14,1.635e+7,3.704,0.000,3.451,0.000
24640,2,"  2.133","  0.312",9/16,/core/www/modules//sdig/index.php?run_id=110202&search_id=114132&scans_id=110198&peptide_id=16245&scanf=24640&charge=2&value=9/16,sp|O75439|MPPB_HUMAN,/core/www/modules//consensus/?run_id=110202&search_id=114132&scans_id=110198&peptide_id=16245&scanf=24640&charge=2&value=sp|O75439|MPPB_HUMAN,1,/core/www/modules/match_peptides/blast_html4.php?run_id=110202&search_id=114132&scans_id=110198&peptide_id=16245&scanf=24640&charge=2&value=1,R.IPIPELEAR.I,/core/www/modules/show_out/show_out_wrapper.php?run_id=110202&search_id=114132&scans_id=110198&peptide_id=16245&scanf=24640&charge=2&value=R.IPIPELEAR.I,PMPCB,1.069e+7,2.617,0.014,1.845,0.000
24641,2,"  3.886","  0.727",17/28,/core/www/modules//sdig/index.php?run_id=110202&search_id=114132&scans_id=110198&peptide_id=16246&scanf=24641&charge=2&value=17/28,sp|Q96FV9|THOC1_HUMAN,/core/www/modules//consensus/?run_id=110202&search_id=114132&scans_id=110198&peptide_id=16246&scanf=24641&charge=2&value=sp|Q96FV9|THOC1_HUMAN,1,/core/www/modules/match_peptides/blast_html4.php?run_id=110202&search_id=114132&scans_id=110198&peptide_id=16246&scanf=24641&charge=2&value=1,K.SVYQLLSENPPDGER.F,/core/www/modules/show_out/show_out_wrapper.php?run_id=110202&search_id=114132&scans_id=110198&peptide_id=16246&scanf=24641&charge=2&value=K.SVYQLLSENPPDGER.F,THOC1,8.699e+6,3.944,0.000,3.807,0.000
24643,2,"  3.979","  0.621",14/22,/core/www/modules//sdig/index.php?run_id=110202&search_id=114132&scans_id=110198&peptide_id=16248&scanf=24643&charge=2&value=14/22,sp|Q9UBF2|COPG2_HUMAN,/core/www/modules//consensus/?run_id=110202&search_id=114132&scans_id=110198&peptide_id=16248&scanf=24643&charge=2&value=sp|Q9UBF2|COPG2_HUMAN,0,/core/www/modules/match_peptides/blast_html4.php?run_id=110202&search_id=114132&scans_id=110198&peptide_id=16248&scanf=24643&charge=2&value=0,R.ITDGTMLQAIER.Y,/core/www/modules/show_out/show_out_wrapper.php?run_id=110202&search_id=114132&scans_id=110198&peptide_id=16248&scanf=24643&charge=2&value=R.ITDGTMLQAIER.Y,COPG2,9.499e+6,3.593,0.001,3.287,0.000
24644,2,"  4.197","  0.666",18/26,/core/www/modules//sdig/index.php?run_id=110202&search_id=114132&scans_id=110198&peptide_id=16249&scanf=24644&charge=2&value=18/26,sp|Q14690|RRP5_HUMAN,/core/www/modules//consensus/?run_id=110202&search_id=114132&scans_id=110198&peptide_id=16249&scanf=24644&charge=2&value=sp|Q14690|RRP5_HUMAN,1,/core/www/modules/match_peptides/blast_html4.php?run_id=110202&search_id=114132&scans_id=110198&peptide_id=16249&scanf=24644&charge=2&value=1,K.HTLSIGDMVTGTVK.S,/core/www/modules/show_out/show_out_wrapper.php?run_id=110202&search_id=114132&scans_id=110198&peptide_id=16249&scanf=24644&charge=2&value=K.HTLSIGDMVTGTVK.S,PDCD11,8.404e+6,4.033,0.000,3.938,0.000
24645,2,"  1.272","  0.089",7/12,/core/www/modules//sdig/index.php?run_id=110202&search_id=114132&scans_id=110198&peptide_id=16250&scanf=24645&charge=2&value=7/12,sp|P10301|RRAS_HUMAN,/core/www/modules//consensus/?run_id=110202&search_id=114132&scans_id=110198&peptide_id=16250&scanf=24645&charge=2&value=sp|P10301|RRAS_HUMAN,0,/core/www/modules/match_peptides/blast_html4.php?run_id=110202&search_id=114132&scans_id=110198&peptide_id=16250&scanf=24645&charge=2&value=0,K.LFTQILR.V,/core/www/modules/show_out/show_out_wrapper.php?run_id=110202&search_id=114132&scans_id=110198&peptide_id=16250&scanf=24645&charge=2&value=K.LFTQILR.V,RRAS,1.121e+7,1.905,0.142,0.849,0.007
24646,3,"  2.368","  0.387",9/52,/core/www/modules//sdig/index.php?run_id=110202&search_id=114132&scans_id=110198&peptide_id=16251&scanf=24646&charge=3&value=9/52,sp|P46939|UTRN_HUMAN,/core/www/modules//consensus/?run_id=110202&search_id=114132&scans_id=110198&peptide_id=16251&scanf=24646&charge=3&value=sp|P46939|UTRN_HUMAN,2,/core/www/modules/match_peptides/blast_html4.php?run_id=110202&search_id=114132&scans_id=110198&peptide_id=16251&scanf=24646&charge=3&value=2,K.SGKPPINDMFTDLK.D,/core/www/modules/show_out/show_out_wrapper.php?run_id=110202&search_id=114132&scans_id=110198&peptide_id=16251&scanf=24646&charge=3&value=K.SGKPPINDMFTDLK.D,UTRN,4.504e+6,2.671,0.012,1.924,0.000
24649,2,"  1.469","  0.315",8/16,/core/www/modules//sdig/index.php?run_id=110202&search_id=114132&scans_id=110198&peptide_id=16254&scanf=24649&charge=2&value=8/16,sp|P04908|H2A1B_HUMAN,/core/www/modules//consensus/?run_id=110202&search_id=114132&scans_id=110198&peptide_id=16254&scanf=24649&charge=2&value=sp|P04908|H2A1B_HUMAN,19,/core/www/modules/match_peptides/blast_html4.php?run_id=110202&search_id=114132&scans_id=110198&peptide_id=16254&scanf=24649&charge=2&value=19,R.AGLQFPVGR.V,/core/www/modules/show_out/show_out_wrapper.php?run_id=110202&search_id=114132&scans_id=110198&peptide_id=16254&scanf=24649&charge=2&value=R.AGLQFPVGR.V,H2AC8,2.741e+9,2.672,0.012,1.925,0.000
24650,2,"  2.294","  0.309",8/12,/core/www/modules//sdig/index.php?run_id=110202&search_id=114132&scans_id=110198&peptide_id=16256&scanf=24650&charge=2&value=8/12,sp|Q86U86|PB1_HUMAN,/core/www/modules//consensus/?run_id=110202&search_id=114132&scans_id=110198&peptide_id=16256&scanf=24650&charge=2&value=sp|Q86U86|PB1_HUMAN,2,/core/www/modules/match_peptides/blast_html4.php?run_id=110202&search_id=114132&scans_id=110198&peptide_id=16256&scanf=24650&charge=2&value=2,R.LSAIFLR.L,/core/www/modules/show_out/show_out_wrapper.php?run_id=110202&search_id=114132&scans_id=110198&peptide_id=16256&scanf=24650&charge=2&value=R.LSAIFLR.L,PBRM1,1.344e+7,2.869,0.006,2.215,0.000
24651,3,"  3.407","  0.390",13/72,/core/www/modules//sdig/index.php?run_id=110202&search_id=114132&scans_id=110198&peptide_id=16257&scanf=24651&charge=3&value=13/72,sp|Q9BRZ2|TRI56_HUMAN,/core/www/modules//consensus/?run_id=110202&search_id=114132&scans_id=110198&peptide_id=16257&scanf=24651&charge=3&value=sp|Q9BRZ2|TRI56_HUMAN,0,/core/www/modules/match_peptides/blast_html4.php?run_id=110202&search_id=114132&scans_id=110198&peptide_id=16257&scanf=24651&charge=3&value=0,R.ALSLSQASHAVAALPSGDR.V,/core/www/modules/show_out/show_out_wrapper.php?run_id=110202&search_id=114132&scans_id=110198&peptide_id=16257&scanf=24651&charge=3&value=R.ALSLSQASHAVAALPSGDR.V,TRIM56,4.216e+6,2.488,0.022,1.657,0.001
24656,3,"  3.420","  0.572",19/68,/core/www/modules//sdig/index.php?run_id=110202&search_id=114132&scans_id=110198&peptide_id=16262&scanf=24656&charge=3&value=19/68,sp|O60341|KDM1A_HUMAN,/core/www/modules//consensus/?run_id=110202&search_id=114132&scans_id=110198&peptide_id=16262&scanf=24656&charge=3&value=sp|O60341|KDM1A_HUMAN,12,/core/www/modules/match_peptides/blast_html4.php?run_id=110202&search_id=114132&scans_id=110198&peptide_id=16262&scanf=24656&charge=3&value=12,K.HWDQDDDFEFTGSHLTVR.N,/core/www/modules/show_out/show_out_wrapper.php?run_id=110202&search_id=114132&scans_id=110198&peptide_id=16262&scanf=24656&charge=3&value=K.HWDQDDDFEFTGSHLTVR.N,KDM1A,2.901e+6,3.226,0.002,2.743,0.000
24660,2,"  2.466","  0.421",11/18,/core/www/modules//sdig/index.php?run_id=110202&search_id=114132&scans_id=110198&peptide_id=16266&scanf=24660&charge=2&value=11/18,sp|Q9BV38|WDR18_HUMAN,/core/www/modules//consensus/?run_id=110202&search_id=114132&scans_id=110198&peptide_id=16266&scanf=24660&charge=2&value=sp|Q9BV38|WDR18_HUMAN,6,/core/www/modules/match_peptides/blast_html4.php?run_id=110202&search_id=114132&scans_id=110198&peptide_id=16266&scanf=24660&charge=2&value=6,K.NYISAWELQR.K,/core/www/modules/show_out/show_out_wrapper.php?run_id=110202&search_id=114132&scans_id=110198&peptide_id=16266&scanf=24660&charge=2&value=K.NYISAWELQR.K,WDR18,1.362e+7,2.969,0.004,2.362,0.000
24661,2,"  2.570","  0.537",10/18,/core/www/modules//sdig/index.php?run_id=110202&search_id=114132&scans_id=110198&peptide_id=16267&scanf=24661&charge=2&value=10/18,sp|P40926|MDHM_HUMAN,/core/www/modules//consensus/?run_id=110202&search_id=114132&scans_id=110198&peptide_id=16267&scanf=24661&charge=2&value=sp|P40926|MDHM_HUMAN,1,/core/www/modules/match_peptides/blast_html4.php?run_id=110202&search_id=114132&scans_id=110198&peptide_id=16267&scanf=24661&charge=2&value=1,K.MISDAIPELK.A,/core/www/modules/show_out/show_out_wrapper.php?run_id=110202&search_id=114132&scans_id=110198&peptide_id=16267&scanf=24661&charge=2&value=K.MISDAIPELK.A,MDH2,1.440e+8,3.380,0.001,2.971,0.000
24662,2,"  2.027","  0.347",9/14,/core/www/modules//sdig/index.php?run_id=110202&search_id=114132&scans_id=110198&peptide_id=16268&scanf=24662&charge=2&value=9/14,sp|P21127|CD11B_HUMAN,/core/www/modules//consensus/?run_id=110202&search_id=114132&scans_id=110198&peptide_id=16268&scanf=24662&charge=2&value=sp|P21127|CD11B_HUMAN,6,/core/www/modules/match_peptides/blast_html4.php?run_id=110202&search_id=114132&scans_id=110198&peptide_id=16268&scanf=24662&charge=2&value=6,K.FLTYFPGR.R,/core/www/modules/show_out/show_out_wrapper.php?run_id=110202&search_id=114132&scans_id=110198&peptide_id=16268&scanf=24662&charge=2&value=K.FLTYFPGR.R,CDK11B,2.196e+7,2.869,0.006,2.214,0.000
24663,2,"  3.294","  0.418",12/22,/core/www/modules//sdig/index.php?run_id=110202&search_id=114132&scans_id=110198&peptide_id=16269&scanf=24663&charge=2&value=12/22,sp|P49748|ACADV_HUMAN,/core/www/modules//consensus/?run_id=110202&search_id=114132&scans_id=110198&peptide_id=16269&scanf=24663&charge=2&value=sp|P49748|ACADV_HUMAN,3,/core/www/modules/match_peptides/blast_html4.php?run_id=110202&search_id=114132&scans_id=110198&peptide_id=16269&scanf=24663&charge=2&value=3,R.ALEQFATVVEAK.L,/core/www/modules/show_out/show_out_wrapper.php?run_id=110202&search_id=114132&scans_id=110198&peptide_id=16269&scanf=24663&charge=2&value=R.ALEQFATVVEAK.L,ACADVL,2.379e+8,2.788,0.008,2.096,0.000
24664,3,"  4.866","  0.644",21/76,/core/www/modules//sdig/index.php?run_id=110202&search_id=114132&scans_id=110198&peptide_id=16270&scanf=24664&charge=3&value=21/76,sp|P46459|NSF_HUMAN,/core/www/modules//consensus/?run_id=110202&search_id=114132&scans_id=110198&peptide_id=16270&scanf=24664&charge=3&value=sp|P46459|NSF_HUMAN,1,/core/www/modules/match_peptides/blast_html4.php?run_id=110202&search_id=114132&scans_id=110198&peptide_id=16270&scanf=24664&charge=3&value=1,R.GSMAGSTGVHDTVVNQLLSK.I,/core/www/modules/show_out/show_out_wrapper.php?run_id=110202&search_id=114132&scans_id=110198&peptide_id=16270&scanf=24664&charge=3&value=R.GSMAGSTGVHDTVVNQLLSK.I,NSF,2.010e+7,3.523,0.001,3.182,0.000
24665,2,"  2.934","  0.497",13/20,/core/www/modules//sdig/index.php?run_id=110202&search_id=114132&scans_id=110198&peptide_id=16271&scanf=24665&charge=2&value=13/20,sp|O00303|EIF3F_HUMAN,/core/www/modules//consensus/?run_id=110202&search_id=114132&scans_id=110198&peptide_id=16271&scanf=24665&charge=2&value=sp|O00303|EIF3F_HUMAN,3,/core/www/modules/match_peptides/blast_html4.php?run_id=110202&search_id=114132&scans_id=110198&peptide_id=16271&scanf=24665&charge=2&value=3,R.VIGTLLGTVDK.H,/core/www/modules/show_out/show_out_wrapper.php?run_id=110202&search_id=114132&scans_id=110198&peptide_id=16271&scanf=24665&charge=2&value=R.VIGTLLGTVDK.H,EIF3F,3.645e+7,3.325,0.001,2.890,0.000
24666,3,"  6.404","  0.655",28/60,/core/www/modules//sdig/index.php?run_id=110202&search_id=114132&scans_id=110198&peptide_id=16272&scanf=24666&charge=3&value=28/60,sp|P22626|ROA2_HUMAN,/core/www/modules//consensus/?run_id=110202&search_id=114132&scans_id=110198&peptide_id=16272&scanf=24666&charge=3&value=sp|P22626|ROA2_HUMAN,9,/core/www/modules/match_peptides/blast_html4.php?run_id=110202&search_id=114132&scans_id=110198&peptide_id=16272&scanf=24666&charge=3&value=9,K.RGFGFVTFDDHDPVDK.I,/core/www/modules/show_out/show_out_wrapper.php?run_id=110202&search_id=114132&scans_id=110198&peptide_id=16272&scanf=24666&charge=3&value=K.RGFGFVTFDDHDPVDK.I,HNRNPA2B1,4.193e+7,3.898,0.000,3.738,0.000
24667,3,"  2.186","  0.422",15/72,/core/www/modules//sdig/index.php?run_id=110202&search_id=114132&scans_id=110198&peptide_id=16273&scanf=24667&charge=3&value=15/72,sp|O75369|FLNB_HUMAN,/core/www/modules//consensus/?run_id=110202&search_id=114132&scans_id=110198&peptide_id=16273&scanf=24667&charge=3&value=sp|O75369|FLNB_HUMAN,3,/core/www/modules/match_peptides/blast_html4.php?run_id=110202&search_id=114132&scans_id=110198&peptide_id=16273&scanf=24667&charge=3&value=3,R.DAGEGLLAVQITDQEGKPK.R,/core/www/modules/show_out/show_out_wrapper.php?run_id=110202&search_id=114132&scans_id=110198&peptide_id=16273&scanf=24667&charge=3&value=R.DAGEGLLAVQITDQEGKPK.R,FLNB,5.759e+6,2.391,0.030,1.516,0.001
24669,2,"  2.627","  0.618",11/16,/core/www/modules//sdig/index.php?run_id=110202&search_id=114132&scans_id=110198&peptide_id=16275&scanf=24669&charge=2&value=11/16,sp|O60488|ACSL4_HUMAN,/core/www/modules//consensus/?run_id=110202&search_id=114132&scans_id=110198&peptide_id=16275&scanf=24669&charge=2&value=sp|O60488|ACSL4_HUMAN,2,/core/www/modules/match_peptides/blast_html4.php?run_id=110202&search_id=114132&scans_id=110198&peptide_id=16275&scanf=24669&charge=2&value=2,K.WMNYLEVNR.R,/core/www/modules/show_out/show_out_wrapper.php?run_id=110202&search_id=114132&scans_id=110198&peptide_id=16275&scanf=24669&charge=2&value=K.WMNYLEVNR.R,ACSL4,6.209e+6,3.762,0.000,3.537,0.000
24672,2,"  2.412","  0.417",9/14,/core/www/modules//sdig/index.php?run_id=110202&search_id=114132&scans_id=110198&peptide_id=16279&scanf=24672&charge=2&value=9/14,sp|Q14683|SMC1A_HUMAN,/core/www/modules//consensus/?run_id=110202&search_id=114132&scans_id=110198&peptide_id=16279&scanf=24672&charge=2&value=sp|Q14683|SMC1A_HUMAN,2,/core/www/modules/match_peptides/blast_html4.php?run_id=110202&search_id=114132&scans_id=110198&peptide_id=16279&scanf=24672&charge=2&value=2,K.VLTFDLTK.Y,/core/www/modules/show_out/show_out_wrapper.php?run_id=110202&search_id=114132&scans_id=110198&peptide_id=16279&scanf=24672&charge=2&value=K.VLTFDLTK.Y,SMC1A,4.425e+7,3.208,0.002,2.715,0.000
24674,3,"  2.404","  0.338",9/64,/core/www/modules//sdig/index.php?run_id=110202&search_id=114132&scans_id=110198&peptide_id=16281&scanf=24674&charge=3&value=9/64,sp|O43707|ACTN4_HUMAN,/core/www/modules//consensus/?run_id=110202&search_id=114132&scans_id=110198&peptide_id=16281&scanf=24674&charge=3&value=sp|O43707|ACTN4_HUMAN,3,/core/www/modules/match_peptides/blast_html4.php?run_id=110202&search_id=114132&scans_id=110198&peptide_id=16281&scanf=24674&charge=3&value=3,R.MAPYQGPDAVPGALDYK.S,/core/www/modules/show_out/show_out_wrapper.php?run_id=110202&search_id=114132&scans_id=110198&peptide_id=16281&scanf=24674&charge=3&value=R.MAPYQGPDAVPGALDYK.S,ACTN4,1.168e+7,2.644,0.013,1.884,0.000
24675,2,"  1.752","  0.191",8/14,/core/www/modules//sdig/index.php?run_id=110202&search_id=114132&scans_id=110198&peptide_id=16282&scanf=24675&charge=2&value=8/14,sp|Q99986|VRK1_HUMAN,/core/www/modules//consensus/?run_id=110202&search_id=114132&scans_id=110198&peptide_id=16282&scanf=24675&charge=2&value=sp|Q99986|VRK1_HUMAN,30,/core/www/modules/match_peptides/blast_html4.php?run_id=110202&search_id=114132&scans_id=110198&peptide_id=16282&scanf=24675&charge=2&value=30,K.TVLQLSLR.I,/core/www/modules/show_out/show_out_wrapper.php?run_id=110202&search_id=114132&scans_id=110198&peptide_id=16282&scanf=24675&charge=2&value=K.TVLQLSLR.I,VRK1,1.264e+7,2.214,0.054,1.265,0.002
24676,3,"  2.689","  0.298",11/52,/core/www/modules//sdig/index.php?run_id=110202&search_id=114132&scans_id=110198&peptide_id=16283&scanf=24676&charge=3&value=11/52,sp|Q9BTT0|AN32E_HUMAN,/core/www/modules//consensus/?run_id=110202&search_id=114132&scans_id=110198&peptide_id=16283&scanf=24676&charge=3&value=sp|Q9BTT0|AN32E_HUMAN,1,/core/www/modules/match_peptides/blast_html4.php?run_id=110202&search_id=114132&scans_id=110198&peptide_id=16283&scanf=24676&charge=3&value=1,K.IKDLSTVEALQNLK.N,/core/www/modules/show_out/show_out_wrapper.php?run_id=110202&search_id=114132&scans_id=110198&peptide_id=16283&scanf=24676&charge=3&value=K.IKDLSTVEALQNLK.N,ANP32E,4.945e+6,2.065,0.087,1.060,0.004
24680,3,"  3.313","  0.582",16/52,/core/www/modules//sdig/index.php?run_id=110202&search_id=114132&scans_id=110198&peptide_id=16287&scanf=24680&charge=3&value=16/52,sp|Q07666|KHDR1_HUMAN,/core/www/modules//consensus/?run_id=110202&search_id=114132&scans_id=110198&peptide_id=16287&scanf=24680&charge=3&value=sp|Q07666|KHDR1_HUMAN,0,/core/www/modules/match_peptides/blast_html4.php?run_id=110202&search_id=114132&scans_id=110198&peptide_id=16287&scanf=24680&charge=3&value=0,K.KDDEENYLDLFSHK.N,/core/www/modules/show_out/show_out_wrapper.php?run_id=110202&search_id=114132&scans_id=110198&peptide_id=16287&scanf=24680&charge=3&value=K.KDDEENYLDLFSHK.N,KHDRBS1,1.331e+8,3.191,0.002,2.690,0.000
24681,2,"  1.762","  0.417",10/18,/core/www/modules//sdig/index.php?run_id=110202&search_id=114132&scans_id=110198&peptide_id=16288&scanf=24681&charge=2&value=10/18,sp|P40926|MDHM_HUMAN,/core/www/modules//consensus/?run_id=110202&search_id=114132&scans_id=110198&peptide_id=16288&scanf=24681&charge=2&value=sp|P40926|MDHM_HUMAN,1,/core/www/modules/match_peptides/blast_html4.php?run_id=110202&search_id=114132&scans_id=110198&peptide_id=16288&scanf=24681&charge=2&value=1,K.MISDAIPELK.A,/core/www/modules/show_out/show_out_wrapper.php?run_id=110202&search_id=114132&scans_id=110198&peptide_id=16288&scanf=24681&charge=2&value=K.MISDAIPELK.A,MDH2,1.440e+8,2.945,0.005,2.328,0.000
24682,2,"  4.522","  0.682",19/30,/core/www/modules//sdig/index.php?run_id=110202&search_id=114132&scans_id=110198&peptide_id=16289&scanf=24682&charge=2&value=19/30,sp|P21333|FLNA_HUMAN,/core/www/modules//consensus/?run_id=110202&search_id=114132&scans_id=110198&peptide_id=16289&scanf=24682&charge=2&value=sp|P21333|FLNA_HUMAN,1,/core/www/modules/match_peptides/blast_html4.php?run_id=110202&search_id=114132&scans_id=110198&peptide_id=16289&scanf=24682&charge=2&value=1,K.DAGEGGLSLAIEGPSK.A,/core/www/modules/show_out/show_out_wrapper.php?run_id=110202&search_id=114132&scans_id=110198&peptide_id=16289&scanf=24682&charge=2&value=K.DAGEGGLSLAIEGPSK.A,FLNA,1.524e+7,3.939,0.000,3.798,0.000
24684,2,"  2.389","  0.489",10/16,/core/www/modules//sdig/index.php?run_id=110202&search_id=114132&scans_id=110198&peptide_id=16291&scanf=24684&charge=2&value=10/16,sp|Q13200|PSMD2_HUMAN,/core/www/modules//consensus/?run_id=110202&search_id=114132&scans_id=110198&peptide_id=16291&scanf=24684&charge=2&value=sp|Q13200|PSMD2_HUMAN,1,/core/www/modules/match_peptides/blast_html4.php?run_id=110202&search_id=114132&scans_id=110198&peptide_id=16291&scanf=24684&charge=2&value=1,K.DPNNLFMVR.L,/core/www/modules/show_out/show_out_wrapper.php?run_id=110202&search_id=114132&scans_id=110198&peptide_id=16291&scanf=24684&charge=2&value=K.DPNNLFMVR.L,PSMD2,2.598e+7,3.139,0.002,2.614,0.000
24686,3,"  3.037","  0.514",15/40,/core/www/modules//sdig/index.php?run_id=110202&search_id=114132&scans_id=110198&peptide_id=16293&scanf=24686&charge=3&value=15/40,sp|Q7Z2E3|APTX_HUMAN,/core/www/modules//consensus/?run_id=110202&search_id=114132&scans_id=110198&peptide_id=16293&scanf=24686&charge=3&value=sp|Q7Z2E3|APTX_HUMAN,8,/core/www/modules/match_peptides/blast_html4.php?run_id=110202&search_id=114132&scans_id=110198&peptide_id=16293&scanf=24686&charge=3&value=8,R.LPHLEAVVIGR.G,/core/www/modules/show_out/show_out_wrapper.php?run_id=110202&search_id=114132&scans_id=110198&peptide_id=16293&scanf=24686&charge=3&value=R.LPHLEAVVIGR.G,APTX,7.055e+6,3.418,0.001,3.026,0.000
24688,2,"  2.551","  0.409",12/22,/core/www/modules//sdig/index.php?run_id=110202&search_id=114132&scans_id=110198&peptide_id=16295&scanf=24688&charge=2&value=12/22,sp|P53621|COPA_HUMAN,/core/www/modules//consensus/?run_id=110202&search_id=114132&scans_id=110198&peptide_id=16295&scanf=24688&charge=2&value=sp|P53621|COPA_HUMAN,4,/core/www/modules/match_peptides/blast_html4.php?run_id=110202&search_id=114132&scans_id=110198&peptide_id=16295&scanf=24688&charge=2&value=4,R.EYIVGLSVETER.K,/core/www/modules/show_out/show_out_wrapper.php?run_id=110202&search_id=114132&scans_id=110198&peptide_id=16295&scanf=24688&charge=2&value=R.EYIVGLSVETER.K,COPA,5.901e+6,2.920,0.005,2.290,0.000
24689,2,"  2.574","  0.525",10/16,/core/www/modules//sdig/index.php?run_id=110202&search_id=114132&scans_id=110198&peptide_id=16296&scanf=24689&charge=2&value=10/16,sp|P42696|RBM34_HUMAN,/core/www/modules//consensus/?run_id=110202&search_id=114132&scans_id=110198&peptide_id=16296&scanf=24689&charge=2&value=sp|P42696|RBM34_HUMAN,1,/core/www/modules/match_peptides/blast_html4.php?run_id=110202&search_id=114132&scans_id=110198&peptide_id=16296&scanf=24689&charge=2&value=1,K.NINAYVVFK.E,/core/www/modules/show_out/show_out_wrapper.php?run_id=110202&search_id=114132&scans_id=110198&peptide_id=16296&scanf=24689&charge=2&value=K.NINAYVVFK.E,RBM34,8.034e+6,3.348,0.001,2.923,0.000
24690,3,"  7.409","  0.692",28/72,/core/www/modules//sdig/index.php?run_id=110202&search_id=114132&scans_id=110198&peptide_id=16298&scanf=24690&charge=3&value=28/72,sp|Q15717|ELAV1_HUMAN,/core/www/modules//consensus/?run_id=110202&search_id=114132&scans_id=110198&peptide_id=16298&scanf=24690&charge=3&value=sp|Q15717|ELAV1_HUMAN,1,/core/www/modules/match_peptides/blast_html4.php?run_id=110202&search_id=114132&scans_id=110198&peptide_id=16298&scanf=24690&charge=3&value=1,R.DKVAGHSLGYGFVNYVTAK.D,/core/www/modules/show_out/show_out_wrapper.php?run_id=110202&search_id=114132&scans_id=110198&peptide_id=16298&scanf=24690&charge=3&value=R.DKVAGHSLGYGFVNYVTAK.D,ELAVL1,1.006e+7,3.811,0.000,3.609,0.000
24691,3,"  4.078","  0.524",15/52,/core/www/modules//sdig/index.php?run_id=110202&search_id=114132&scans_id=110198&peptide_id=16299&scanf=24691&charge=3&value=15/52,sp|Q9Y2A7|NCKP1_HUMAN,/core/www/modules//consensus/?run_id=110202&search_id=114132&scans_id=110198&peptide_id=16299&scanf=24691&charge=3&value=sp|Q9Y2A7|NCKP1_HUMAN,0,/core/www/modules/match_peptides/blast_html4.php?run_id=110202&search_id=114132&scans_id=110198&peptide_id=16299&scanf=24691&charge=3&value=0,R.LGQMIVDYENPLKK.M,/core/www/modules/show_out/show_out_wrapper.php?run_id=110202&search_id=114132&scans_id=110198&peptide_id=16299&scanf=24691&charge=3&value=R.LGQMIVDYENPLKK.M,NCKAP1,4.172e+6,2.960,0.004,2.348,0.000
24697,3,"  4.709","  0.586",19/48,/core/www/modules//sdig/index.php?run_id=110202&search_id=114132&scans_id=110198&peptide_id=16305&scanf=24697&charge=3&value=19/48,sp|Q96GD4|AURKB_HUMAN,/core/www/modules//consensus/?run_id=110202&search_id=114132&scans_id=110198&peptide_id=16305&scanf=24697&charge=3&value=sp|Q96GD4|AURKB_HUMAN,1,/core/www/modules/match_peptides/blast_html4.php?run_id=110202&search_id=114132&scans_id=110198&peptide_id=16305&scanf=24697&charge=3&value=1,R.LPLAQVSAHPWVR.A,/core/www/modules/show_out/show_out_wrapper.php?run_id=110202&search_id=114132&scans_id=110198&peptide_id=16305&scanf=24697&charge=3&value=R.LPLAQVSAHPWVR.A,AURKB,1.326e+7,3.692,0.000,3.433,0.000
24698,2,"  3.320","  0.578",14/20,/core/www/modules//sdig/index.php?run_id=110202&search_id=114132&scans_id=110198&peptide_id=16306&scanf=24698&charge=2&value=14/20,sp|P61160|ARP2_HUMAN,/core/www/modules//consensus/?run_id=110202&search_id=114132&scans_id=110198&peptide_id=16306&scanf=24698&charge=2&value=sp|P61160|ARP2_HUMAN,0,/core/www/modules/match_peptides/blast_html4.php?run_id=110202&search_id=114132&scans_id=110198&peptide_id=16306&scanf=24698&charge=2&value=0,K.HLWDYTFGPEK.L,/core/www/modules/show_out/show_out_wrapper.php?run_id=110202&search_id=114132&scans_id=110198&peptide_id=16306&scanf=24698&charge=2&value=K.HLWDYTFGPEK.L,ACTR2,9.455e+6,3.652,0.000,3.374,0.000
24699,2,"  1.823","  0.000",9/12,/core/www/modules//sdig/index.php?run_id=110202&search_id=114132&scans_id=110198&peptide_id=16307&scanf=24699&charge=2&value=9/12,sp|Q12866|MERTK_HUMAN,/core/www/modules//consensus/?run_id=110202&search_id=114132&scans_id=110198&peptide_id=16307&scanf=24699&charge=2&value=sp|Q12866|MERTK_HUMAN,3,/core/www/modules/match_peptides/blast_html4.php?run_id=110202&search_id=114132&scans_id=110198&peptide_id=16307&scanf=24699&charge=2&value=3,R.NLLILGK.I,/core/www/modules/show_out/show_out_wrapper.php?run_id=110202&search_id=114132&scans_id=110198&peptide_id=16307&scanf=24699&charge=2&value=R.NLLILGK.I,MERTK,6.769e+6,2.234,0.051,1.293,0.002
24701,2,"  1.727","  0.451",8/14,/core/www/modules//sdig/index.php?run_id=110202&search_id=114132&scans_id=110198&peptide_id=16309&scanf=24701&charge=2&value=8/14,sp|P09382|LEG1_HUMAN,/core/www/modules//consensus/?run_id=110202&search_id=114132&scans_id=110198&peptide_id=16309&scanf=24701&charge=2&value=sp|P09382|LEG1_HUMAN,0,/core/www/modules/match_peptides/blast_html4.php?run_id=110202&search_id=114132&scans_id=110198&peptide_id=16309&scanf=24701&charge=2&value=0,K.SFVLNLGK.D,/core/www/modules/show_out/show_out_wrapper.php?run_id=110202&search_id=114132&scans_id=110198&peptide_id=16309&scanf=24701&charge=2&value=K.SFVLNLGK.D,LGALS1,2.727e+8,3.111,0.003,2.572,0.000
24703,2,"  2.664","  0.581",10/16,/core/www/modules//sdig/index.php?run_id=110202&search_id=114132&scans_id=110198&peptide_id=16311&scanf=24703&charge=2&value=10/16,sp|P52701|MSH6_HUMAN,/core/www/modules//consensus/?run_id=110202&search_id=114132&scans_id=110198&peptide_id=16311&scanf=24703&charge=2&value=sp|P52701|MSH6_HUMAN,3,/core/www/modules/match_peptides/blast_html4.php?run_id=110202&search_id=114132&scans_id=110198&peptide_id=16311&scanf=24703&charge=2&value=3,R.TLLEEEYFR.E,/core/www/modules/show_out/show_out_wrapper.php?run_id=110202&search_id=114132&scans_id=110198&peptide_id=16311&scanf=24703&charge=2&value=R.TLLEEEYFR.E,MSH6,1.150e+7,3.628,0.000,3.338,0.000
24704,2,"  2.369","  0.278",10/16,/core/www/modules//sdig/index.php?run_id=110202&search_id=114132&scans_id=110198&peptide_id=16312&scanf=24704&charge=2&value=10/16,sp|P08240|SRPRA_HUMAN,/core/www/modules//consensus/?run_id=110202&search_id=114132&scans_id=110198&peptide_id=16312&scanf=24704&charge=2&value=sp|P08240|SRPRA_HUMAN,0,/core/www/modules/match_peptides/blast_html4.php?run_id=110202&search_id=114132&scans_id=110198&peptide_id=16312&scanf=24704&charge=2&value=0,R.LIDGIVLTK.F,/core/www/modules/show_out/show_out_wrapper.php?run_id=110202&search_id=114132&scans_id=110198&peptide_id=16312&scanf=24704&charge=2&value=R.LIDGIVLTK.F,SRPRA,3.691e+7,2.595,0.015,1.813,0.000
24705,2,"  4.310","  0.574",20/28,/core/www/modules//sdig/index.php?run_id=110202&search_id=114132&scans_id=110198&peptide_id=16313&scanf=24705&charge=2&value=20/28,sp|P60842|IF4A1_HUMAN,/core/www/modules//consensus/?run_id=110202&search_id=114132&scans_id=110198&peptide_id=16313&scanf=24705&charge=2&value=sp|P60842|IF4A1_HUMAN,9,/core/www/modules/match_peptides/blast_html4.php?run_id=110202&search_id=114132&scans_id=110198&peptide_id=16313&scanf=24705&charge=2&value=9,K.LQMEAPHIIVGTPGR.V,/core/www/modules/show_out/show_out_wrapper.php?run_id=110202&search_id=114132&scans_id=110198&peptide_id=16313&scanf=24705&charge=2&value=K.LQMEAPHIIVGTPGR.V,EIF4A1,1.126e+7,3.597,0.001,3.292,0.000
24706,2,"  3.292","  0.489",13/22,/core/www/modules//sdig/index.php?run_id=110202&search_id=114132&scans_id=110198&peptide_id=16314&scanf=24706&charge=2&value=13/22,sp|Q14562|DHX8_HUMAN,/core/www/modules//consensus/?run_id=110202&search_id=114132&scans_id=110198&peptide_id=16314&scanf=24706&charge=2&value=sp|Q14562|DHX8_HUMAN,1,/core/www/modules/match_peptides/blast_html4.php?run_id=110202&search_id=114132&scans_id=110198&peptide_id=16314&scanf=24706&charge=2&value=1,K.LIVTSATLDAVK.F,/core/www/modules/show_out/show_out_wrapper.php?run_id=110202&search_id=114132&scans_id=110198&peptide_id=16314&scanf=24706&charge=2&value=K.LIVTSATLDAVK.F,DHX8,1.199e+7,3.193,0.002,2.693,0.000
24707,2,"  2.719","  0.504",11/16,/core/www/modules//sdig/index.php?run_id=110202&search_id=114132&scans_id=110198&peptide_id=16315&scanf=24707&charge=2&value=11/16,sp|Q8N201|INT1_HUMAN,/core/www/modules//consensus/?run_id=110202&search_id=114132&scans_id=110198&peptide_id=16315&scanf=24707&charge=2&value=sp|Q8N201|INT1_HUMAN,0,/core/www/modules/match_peptides/blast_html4.php?run_id=110202&search_id=114132&scans_id=110198&peptide_id=16315&scanf=24707&charge=2&value=0,K.VLQGLIEVR.S,/core/www/modules/show_out/show_out_wrapper.php?run_id=110202&search_id=114132&scans_id=110198&peptide_id=16315&scanf=24707&charge=2&value=K.VLQGLIEVR.S,INTS1,1.161e+7,3.466,0.001,3.097,0.000
24711,2,"  1.936","  0.200",7/22,/core/www/modules//sdig/index.php?run_id=110202&search_id=114132&scans_id=110198&peptide_id=16320&scanf=24711&charge=2&value=7/22,sp|Q14315|FLNC_HUMAN,/core/www/modules//consensus/?run_id=110202&search_id=114132&scans_id=110198&peptide_id=16320&scanf=24711&charge=2&value=sp|Q14315|FLNC_HUMAN,0,/core/www/modules/match_peptides/blast_html4.php?run_id=110202&search_id=114132&scans_id=110198&peptide_id=16320&scanf=24711&charge=2&value=0,K.VTVLFAGQNIER.S,/core/www/modules/show_out/show_out_wrapper.php?run_id=110202&search_id=114132&scans_id=110198&peptide_id=16320&scanf=24711&charge=2&value=K.VTVLFAGQNIER.S,FLNC,5.333e+6,1.861,0.161,0.793,0.008
24713,2,"  3.651","  0.554",14/26,/core/www/modules//sdig/index.php?run_id=110202&search_id=114132&scans_id=110198&peptide_id=16322&scanf=24713&charge=2&value=14/26,sp|P53396|ACLY_HUMAN,/core/www/modules//consensus/?run_id=110202&search_id=114132&scans_id=110198&peptide_id=16322&scanf=24713&charge=2&value=sp|P53396|ACLY_HUMAN,0,/core/www/modules/match_peptides/blast_html4.php?run_id=110202&search_id=114132&scans_id=110198&peptide_id=16322&scanf=24713&charge=2&value=0,R.SGGMSNELNNIISR.T,/core/www/modules/show_out/show_out_wrapper.php?run_id=110202&search_id=114132&scans_id=110198&peptide_id=16322&scanf=24713&charge=2&value=R.SGGMSNELNNIISR.T,ACLY,6.124e+6,3.258,0.002,2.790,0.000
24714,2,"  1.905","  0.440",7/14,/core/www/modules//sdig/index.php?run_id=110202&search_id=114132&scans_id=110198&peptide_id=16323&scanf=24714&charge=2&value=7/14,sp|P04792|HSPB1_HUMAN,/core/www/modules//consensus/?run_id=110202&search_id=114132&scans_id=110198&peptide_id=16323&scanf=24714&charge=2&value=sp|P04792|HSPB1_HUMAN,8,/core/www/modules/match_peptides/blast_html4.php?run_id=110202&search_id=114132&scans_id=110198&peptide_id=16323&scanf=24714&charge=2&value=8,R.GPSWDPFR.D,/core/www/modules/show_out/show_out_wrapper.php?run_id=110202&search_id=114132&scans_id=110198&peptide_id=16323&scanf=24714&charge=2&value=R.GPSWDPFR.D,HSPB1,4.798e+6,2.960,0.004,2.349,0.000
24717,3,"  3.497","  0.451",16/32,/core/www/modules//sdig/index.php?run_id=110202&search_id=114132&scans_id=110198&peptide_id=16326&scanf=24717&charge=3&value=16/32,sp|Q16531|DDB1_HUMAN,/core/www/modules//consensus/?run_id=110202&search_id=114132&scans_id=110198&peptide_id=16326&scanf=24717&charge=3&value=sp|Q16531|DDB1_HUMAN,7,/core/www/modules/match_peptides/blast_html4.php?run_id=110202&search_id=114132&scans_id=110198&peptide_id=16326&scanf=24717&charge=3&value=7,K.LPSFELLHK.E,/core/www/modules/show_out/show_out_wrapper.php?run_id=110202&search_id=114132&scans_id=110198&peptide_id=16326&scanf=24717&charge=3&value=K.LPSFELLHK.E,DDB1,4.489e+7,3.536,0.001,3.202,0.000
24722,2,"  4.434","  0.679",21/32,/core/www/modules//sdig/index.php?run_id=110202&search_id=114132&scans_id=110198&peptide_id=16331&scanf=24722&charge=2&value=21/32,sp|O43707|ACTN4_HUMAN,/core/www/modules//consensus/?run_id=110202&search_id=114132&scans_id=110198&peptide_id=16331&scanf=24722&charge=2&value=sp|O43707|ACTN4_HUMAN,3,/core/www/modules/match_peptides/blast_html4.php?run_id=110202&search_id=114132&scans_id=110198&peptide_id=16331&scanf=24722&charge=2&value=3,R.MAPYQGPDAVPGALDYK.S,/core/www/modules/show_out/show_out_wrapper.php?run_id=110202&search_id=114132&scans_id=110198&peptide_id=16331&scanf=24722&charge=2&value=R.MAPYQGPDAVPGALDYK.S,ACTN4,5.504e+7,4.169,0.000,4.140,0.000
24724,2,"  2.074","  0.472",9/16,/core/www/modules//sdig/index.php?run_id=110202&search_id=114132&scans_id=110198&peptide_id=16333&scanf=24724&charge=2&value=9/16,sp|Q92769|HDAC2_HUMAN,/core/www/modules//consensus/?run_id=110202&search_id=114132&scans_id=110198&peptide_id=16333&scanf=24724&charge=2&value=sp|Q92769|HDAC2_HUMAN,0,/core/www/modules/match_peptides/blast_html4.php?run_id=110202&search_id=114132&scans_id=110198&peptide_id=16333&scanf=24724&charge=2&value=0,K.YYAVNFPMR.D,/core/www/modules/show_out/show_out_wrapper.php?run_id=110202&search_id=114132&scans_id=110198&peptide_id=16333&scanf=24724&charge=2&value=K.YYAVNFPMR.D,HDAC2,2.214e+7,3.022,0.004,2.440,0.000
24727,2,"  3.728","  0.397",17/26,/core/www/modules//sdig/index.php?run_id=110202&search_id=114132&scans_id=110198&peptide_id=16336&scanf=24727&charge=2&value=17/26,sp|P62195|PRS8_HUMAN,/core/www/modules//consensus/?run_id=110202&search_id=114132&scans_id=110198&peptide_id=16336&scanf=24727&charge=2&value=sp|P62195|PRS8_HUMAN,6,/core/www/modules/match_peptides/blast_html4.php?run_id=110202&search_id=114132&scans_id=110198&peptide_id=16336&scanf=24727&charge=2&value=6,K.VPDSTYEMIGGLDK.Q,/core/www/modules/show_out/show_out_wrapper.php?run_id=110202&search_id=114132&scans_id=110198&peptide_id=16336&scanf=24727&charge=2&value=K.VPDSTYEMIGGLDK.Q,PSMC5,2.258e+7,2.999,0.004,2.406,0.000
24728,2,"  3.213","  0.550",14/24,/core/www/modules//sdig/index.php?run_id=110202&search_id=114132&scans_id=110198&peptide_id=16337&scanf=24728&charge=2&value=14/24,sp|P78527|PRKDC_HUMAN,/core/www/modules//consensus/?run_id=110202&search_id=114132&scans_id=110198&peptide_id=16337&scanf=24728&charge=2&value=sp|P78527|PRKDC_HUMAN,0,/core/www/modules/match_peptides/blast_html4.php?run_id=110202&search_id=114132&scans_id=110198&peptide_id=16337&scanf=24728&charge=2&value=0,K.NLLTVTSSDEMMK.S,/core/www/modules/show_out/show_out_wrapper.php?run_id=110202&search_id=114132&scans_id=110198&peptide_id=16337&scanf=24728&charge=2&value=K.NLLTVTSSDEMMK.S,PRKDC,1.530e+8,4.152,0.000,4.115,0.000
24731,3,"  4.644","  0.602",16/52,/core/www/modules//sdig/index.php?run_id=110202&search_id=114132&scans_id=110198&peptide_id=16341&scanf=24731&charge=3&value=16/52,sp|P67870|CSK2B_HUMAN,/core/www/modules//consensus/?run_id=110202&search_id=114132&scans_id=110198&peptide_id=16341&scanf=24731&charge=3&value=sp|P67870|CSK2B_HUMAN,9,/core/www/modules/match_peptides/blast_html4.php?run_id=110202&search_id=114132&scans_id=110198&peptide_id=16341&scanf=24731&charge=3&value=9,K.FNLTGLNEQVPHYR.Q,/core/www/modules/show_out/show_out_wrapper.php?run_id=110202&search_id=114132&scans_id=110198&peptide_id=16341&scanf=24731&charge=3&value=K.FNLTGLNEQVPHYR.Q,CSNK2B,2.022e+7,3.588,0.001,3.279,0.000
24737,2,"  2.830","  0.564",11/18,/core/www/modules//sdig/index.php?run_id=110202&search_id=114132&scans_id=110198&peptide_id=16347&scanf=24737&charge=2&value=11/18,sp|A6NHR9|SMHD1_HUMAN,/core/www/modules//consensus/?run_id=110202&search_id=114132&scans_id=110198&peptide_id=16347&scanf=24737&charge=2&value=sp|A6NHR9|SMHD1_HUMAN,2,/core/www/modules/match_peptides/blast_html4.php?run_id=110202&search_id=114132&scans_id=110198&peptide_id=16347&scanf=24737&charge=2&value=2,K.DLNSQLEYLR.T,/core/www/modules/show_out/show_out_wrapper.php?run_id=110202&search_id=114132&scans_id=110198&peptide_id=16347&scanf=24737&charge=2&value=K.DLNSQLEYLR.T,SMCHD1,3.295e+7,3.724,0.000,3.481,0.000
24740,2,"  2.215","  0.239",8/14,/core/www/modules//sdig/index.php?run_id=110202&search_id=114132&scans_id=110198&peptide_id=16351&scanf=24740&charge=2&value=8/14,sp|P00367|DHE3_HUMAN,/core/www/modules//consensus/?run_id=110202&search_id=114132&scans_id=110198&peptide_id=16351&scanf=24740&charge=2&value=sp|P00367|DHE3_HUMAN,2,/core/www/modules/match_peptides/blast_html4.php?run_id=110202&search_id=114132&scans_id=110198&peptide_id=16351&scanf=24740&charge=2&value=2,K.YNLGLDLR.T,/core/www/modules/show_out/show_out_wrapper.php?run_id=110202&search_id=114132&scans_id=110198&peptide_id=16351&scanf=24740&charge=2&value=K.YNLGLDLR.T,GLUD1,6.717e+6,2.355,0.034,1.464,0.001
24741,2,"  2.547","  0.471",9/22,/core/www/modules//sdig/index.php?run_id=110202&search_id=114132&scans_id=110198&peptide_id=16352&scanf=24741&charge=2&value=9/22,sp|Q01082|SPTB2_HUMAN,/core/www/modules//consensus/?run_id=110202&search_id=114132&scans_id=110198&peptide_id=16352&scanf=24741&charge=2&value=sp|Q01082|SPTB2_HUMAN,1,/core/www/modules/match_peptides/blast_html4.php?run_id=110202&search_id=114132&scans_id=110198&peptide_id=16352&scanf=24741&charge=2&value=1,K.MWEVLESTTQTK.A,/core/www/modules/show_out/show_out_wrapper.php?run_id=110202&search_id=114132&scans_id=110198&peptide_id=16352&scanf=24741&charge=2&value=K.MWEVLESTTQTK.A,SPTBN1,6.469e+6,2.983,0.004,2.382,0.000
24743,3,"  4.007","  0.582",22/56,/core/www/modules//sdig/index.php?run_id=110202&search_id=114132&scans_id=110198&peptide_id=16353&scanf=24743&charge=3&value=22/56,sp|Q9BUJ2|HNRL1_HUMAN,/core/www/modules//consensus/?run_id=110202&search_id=114132&scans_id=110198&peptide_id=16353&scanf=24743&charge=3&value=sp|Q9BUJ2|HNRL1_HUMAN,4,/core/www/modules/match_peptides/blast_html4.php?run_id=110202&search_id=114132&scans_id=110198&peptide_id=16353&scanf=24743&charge=3&value=4,K.EALGGQALYPHVLVK.N,/core/www/modules/show_out/show_out_wrapper.php?run_id=110202&search_id=114132&scans_id=110198&peptide_id=16353&scanf=24743&charge=3&value=K.EALGGQALYPHVLVK.N,HNRNPUL1,9.188e+7,3.661,0.000,3.386,0.000
24745,2,"  3.464","  0.669",14/24,/core/www/modules//sdig/index.php?run_id=110202&search_id=114132&scans_id=110198&peptide_id=16355&scanf=24745&charge=2&value=14/24,sp|Q9Y230|RUVB2_HUMAN,/core/www/modules//consensus/?run_id=110202&search_id=114132&scans_id=110198&peptide_id=16355&scanf=24745&charge=2&value=sp|Q9Y230|RUVB2_HUMAN,2,/core/www/modules/match_peptides/blast_html4.php?run_id=110202&search_id=114132&scans_id=110198&peptide_id=16355&scanf=24745&charge=2&value=2,K.TTEMETIYDLGTK.M,/core/www/modules/show_out/show_out_wrapper.php?run_id=110202&search_id=114132&scans_id=110198&peptide_id=16355&scanf=24745&charge=2&value=K.TTEMETIYDLGTK.M,RUVBL2,1.898e+7,3.749,0.000,3.518,0.000
24746,3,"  2.233","  0.356",12/44,/core/www/modules//sdig/index.php?run_id=110202&search_id=114132&scans_id=110198&peptide_id=16356&scanf=24746&charge=3&value=12/44,sp|O14646|CHD1_HUMAN,/core/www/modules//consensus/?run_id=110202&search_id=114132&scans_id=110198&peptide_id=16356&scanf=24746&charge=3&value=sp|O14646|CHD1_HUMAN,3,/core/www/modules/match_peptides/blast_html4.php?run_id=110202&search_id=114132&scans_id=110198&peptide_id=16356&scanf=24746&charge=3&value=3,R.QKELEEIYMLPR.M,/core/www/modules/show_out/show_out_wrapper.php?run_id=110202&search_id=114132&scans_id=110198&peptide_id=16356&scanf=24746&charge=3&value=R.QKELEEIYMLPR.M,CHD1,9.233e+6,2.441,0.026,1.588,0.001
24747,2,"  1.411","  0.000",8/16,/core/www/modules//sdig/index.php?run_id=110202&search_id=114132&scans_id=110198&peptide_id=16357&scanf=24747&charge=2&value=8/16,sp|P50750|CDK9_HUMAN,/core/www/modules//consensus/?run_id=110202&search_id=114132&scans_id=110198&peptide_id=16357&scanf=24747&charge=2&value=sp|P50750|CDK9_HUMAN,8,/core/www/modules/match_peptides/blast_html4.php?run_id=110202&search_id=114132&scans_id=110198&peptide_id=16357&scanf=24747&charge=2&value=8,K.EGFPITALR.E,/core/www/modules/show_out/show_out_wrapper.php?run_id=110202&search_id=114132&scans_id=110198&peptide_id=16357&scanf=24747&charge=2&value=K.EGFPITALR.E,CDK9,1.748e+7,1.953,0.123,0.911,0.006
24748,3,"  4.120","  0.666",17/44,/core/www/modules//sdig/index.php?run_id=110202&search_id=114132&scans_id=110198&peptide_id=16358&scanf=24748&charge=3&value=17/44,sp|P16070|CD44_HUMAN,/core/www/modules//consensus/?run_id=110202&search_id=114132&scans_id=110198&peptide_id=16358&scanf=24748&charge=3&value=sp|P16070|CD44_HUMAN,7,/core/www/modules/match_peptides/blast_html4.php?run_id=110202&search_id=114132&scans_id=110198&peptide_id=16358&scanf=24748&charge=3&value=7,R.YGFIEGHVVIPR.I,/core/www/modules/show_out/show_out_wrapper.php?run_id=110202&search_id=114132&scans_id=110198&peptide_id=16358&scanf=24748&charge=3&value=R.YGFIEGHVVIPR.I,CD44,1.276e+7,3.951,0.000,3.816,0.000
24752,2,"  3.495","  0.592",13/22,/core/www/modules//sdig/index.php?run_id=110202&search_id=114132&scans_id=110198&peptide_id=16363&scanf=24752&charge=2&value=13/22,sp|Q9UHA3|RLP24_HUMAN,/core/www/modules//consensus/?run_id=110202&search_id=114132&scans_id=110198&peptide_id=16363&scanf=24752&charge=2&value=sp|Q9UHA3|RLP24_HUMAN,2,/core/www/modules/match_peptides/blast_html4.php?run_id=110202&search_id=114132&scans_id=110198&peptide_id=16363&scanf=24752&charge=2&value=2,K.ELTVDNSFEFEK.R,/core/www/modules/show_out/show_out_wrapper.php?run_id=110202&search_id=114132&scans_id=110198&peptide_id=16363&scanf=24752&charge=2&value=K.ELTVDNSFEFEK.R,RSL24D1,1.842e+7,3.458,0.001,3.086,0.000
24753,2,"  1.850","  0.441",9/18,/core/www/modules//sdig/index.php?run_id=110202&search_id=114132&scans_id=110198&peptide_id=16364&scanf=24753&charge=2&value=9/18,sp|P78346|RPP30_HUMAN,/core/www/modules//consensus/?run_id=110202&search_id=114132&scans_id=110198&peptide_id=16364&scanf=24753&charge=2&value=sp|P78346|RPP30_HUMAN,1,/core/www/modules/match_peptides/blast_html4.php?run_id=110202&search_id=114132&scans_id=110198&peptide_id=16364&scanf=24753&charge=2&value=1,K.TAFGIISTVK.K,/core/www/modules/show_out/show_out_wrapper.php?run_id=110202&search_id=114132&scans_id=110198&peptide_id=16364&scanf=24753&charge=2&value=K.TAFGIISTVK.K,RPP30,8.165e+6,2.831,0.007,2.158,0.000
24754,2,"  2.136","  0.228",10/16,/core/www/modules//sdig/index.php?run_id=110202&search_id=114132&scans_id=110198&peptide_id=16365&scanf=24754&charge=2&value=10/16,sp|O95239|KIF4A_HUMAN,/core/www/modules//consensus/?run_id=110202&search_id=114132&scans_id=110198&peptide_id=16365&scanf=24754&charge=2&value=sp|O95239|KIF4A_HUMAN,0,/core/www/modules/match_peptides/blast_html4.php?run_id=110202&search_id=114132&scans_id=110198&peptide_id=16365&scanf=24754&charge=2&value=0,K.LTLLQVASR.Q,/core/www/modules/show_out/show_out_wrapper.php?run_id=110202&search_id=114132&scans_id=110198&peptide_id=16365&scanf=24754&charge=2&value=K.LTLLQVASR.Q,KIF4A,9.753e+6,2.438,0.026,1.584,0.001
24756,3,"  3.116","  0.356",14/48,/core/www/modules//sdig/index.php?run_id=110202&search_id=114132&scans_id=110198&peptide_id=16367&scanf=24756&charge=3&value=14/48,sp|O14656|TOR1A_HUMAN,/core/www/modules//consensus/?run_id=110202&search_id=114132&scans_id=110198&peptide_id=16367&scanf=24756&charge=3&value=sp|O14656|TOR1A_HUMAN,1,/core/www/modules/match_peptides/blast_html4.php?run_id=110202&search_id=114132&scans_id=110198&peptide_id=16367&scanf=24756&charge=3&value=1,K.DLDDNLFGQHLAK.K,/core/www/modules/show_out/show_out_wrapper.php?run_id=110202&search_id=114132&scans_id=110198&peptide_id=16367&scanf=24756&charge=3&value=K.DLDDNLFGQHLAK.K,TOR1A,6.702e+6,2.690,0.011,1.952,0.000
24757,2,"  3.239","  0.621",14/20,/core/www/modules//sdig/index.php?run_id=110202&search_id=114132&scans_id=110198&peptide_id=16368&scanf=24757&charge=2&value=14/20,sp|P27635|RL10_HUMAN,/core/www/modules//consensus/?run_id=110202&search_id=114132&scans_id=110198&peptide_id=16368&scanf=24757&charge=2&value=sp|P27635|RL10_HUMAN,5,/core/www/modules/match_peptides/blast_html4.php?run_id=110202&search_id=114132&scans_id=110198&peptide_id=16368&scanf=24757&charge=2&value=5,R.VHIGQVIMSIR.T,/core/www/modules/show_out/show_out_wrapper.php?run_id=110202&search_id=114132&scans_id=110198&peptide_id=16368&scanf=24757&charge=2&value=R.VHIGQVIMSIR.T,RPL10,1.444e+8,3.844,0.000,3.659,0.000
24758,2,"  3.601","  0.497",13/22,/core/www/modules//sdig/index.php?run_id=110202&search_id=114132&scans_id=110198&peptide_id=16369&scanf=24758&charge=2&value=13/22,sp|P11021|BIP_HUMAN,/core/www/modules//consensus/?run_id=110202&search_id=114132&scans_id=110198&peptide_id=16369&scanf=24758&charge=2&value=sp|P11021|BIP_HUMAN,2,/core/www/modules/match_peptides/blast_html4.php?run_id=110202&search_id=114132&scans_id=110198&peptide_id=16369&scanf=24758&charge=2&value=2,K.DAGTIAGLNVMR.I,/core/www/modules/show_out/show_out_wrapper.php?run_id=110202&search_id=114132&scans_id=110198&peptide_id=16369&scanf=24758&charge=2&value=K.DAGTIAGLNVMR.I,HSPA5,2.060e+7,3.294,0.001,2.844,0.000
24759,2,"  2.863","  0.491",10/20,/core/www/modules//sdig/index.php?run_id=110202&search_id=114132&scans_id=110198&peptide_id=16370&scanf=24759&charge=2&value=10/20,sp|O43795|MYO1B_HUMAN,/core/www/modules//consensus/?run_id=110202&search_id=114132&scans_id=110198&peptide_id=16370&scanf=24759&charge=2&value=sp|O43795|MYO1B_HUMAN,2,/core/www/modules/match_peptides/blast_html4.php?run_id=110202&search_id=114132&scans_id=110198&peptide_id=16370&scanf=24759&charge=2&value=2,K.VLYQVEGFVDK.N,/core/www/modules/show_out/show_out_wrapper.php?run_id=110202&search_id=114132&scans_id=110198&peptide_id=16370&scanf=24759&charge=2&value=K.VLYQVEGFVDK.N,MYO1B,6.018e+6,3.088,0.003,2.539,0.000
24760,2,"  1.868","  0.509",9/16,/core/www/modules//sdig/index.php?run_id=110202&search_id=114132&scans_id=110198&peptide_id=16372&scanf=24760&charge=2&value=9/16,sp|P35250|RFC2_HUMAN,/core/www/modules//consensus/?run_id=110202&search_id=114132&scans_id=110198&peptide_id=16372&scanf=24760&charge=2&value=sp|P35250|RFC2_HUMAN,2,/core/www/modules/match_peptides/blast_html4.php?run_id=110202&search_id=114132&scans_id=110198&peptide_id=16372&scanf=24760&charge=2&value=2,K.TFQMAEYLK.L,/core/www/modules/show_out/show_out_wrapper.php?run_id=110202&search_id=114132&scans_id=110198&peptide_id=16372&scanf=24760&charge=2&value=K.TFQMAEYLK.L,RFC2,1.362e+7,3.276,0.002,2.817,0.000
24762,2,"  3.973","  0.601",16/26,/core/www/modules//sdig/index.php?run_id=110202&search_id=114132&scans_id=110198&peptide_id=16374&scanf=24762&charge=2&value=16/26,sp|P78527|PRKDC_HUMAN,/core/www/modules//consensus/?run_id=110202&search_id=114132&scans_id=110198&peptide_id=16374&scanf=24762&charge=2&value=sp|P78527|PRKDC_HUMAN,0,/core/www/modules/match_peptides/blast_html4.php?run_id=110202&search_id=114132&scans_id=110198&peptide_id=16374&scanf=24762&charge=2&value=0,K.NLSSNEAISLEEIR.I,/core/www/modules/show_out/show_out_wrapper.php?run_id=110202&search_id=114132&scans_id=110198&peptide_id=16374&scanf=24762&charge=2&value=K.NLSSNEAISLEEIR.I,PRKDC,1.213e+8,4.371,0.000,4.439,0.000
24764,3,"  3.555","  0.584",18/52,/core/www/modules//sdig/index.php?run_id=110202&search_id=114132&scans_id=110198&peptide_id=16375&scanf=24764&charge=3&value=18/52,sp|P62906|RL10A_HUMAN,/core/www/modules//consensus/?run_id=110202&search_id=114132&scans_id=110198&peptide_id=16375&scanf=24764&charge=3&value=sp|P62906|RL10A_HUMAN,0,/core/www/modules/match_peptides/blast_html4.php?run_id=110202&search_id=114132&scans_id=110198&peptide_id=16375&scanf=24764&charge=3&value=0,K.AVDIPHMDIEALKK.L,/core/www/modules/show_out/show_out_wrapper.php?run_id=110202&search_id=114132&scans_id=110198&peptide_id=16375&scanf=24764&charge=3&value=K.AVDIPHMDIEALKK.L,RPL10A,1.729e+8,3.296,0.001,2.847,0.000
24765,2,"  4.137","  0.691",17/28,/core/www/modules//sdig/index.php?run_id=110202&search_id=114132&scans_id=110198&peptide_id=16376&scanf=24765&charge=2&value=17/28,sp|Q8WTT2|NOC3L_HUMAN,/core/www/modules//consensus/?run_id=110202&search_id=114132&scans_id=110198&peptide_id=16376&scanf=24765&charge=2&value=sp|Q8WTT2|NOC3L_HUMAN,0,/core/www/modules/match_peptides/blast_html4.php?run_id=110202&search_id=114132&scans_id=110198&peptide_id=16376&scanf=24765&charge=2&value=0,R.YSSEVATESPLDFTK.Y,/core/www/modules/show_out/show_out_wrapper.php?run_id=110202&search_id=114132&scans_id=110198&peptide_id=16376&scanf=24765&charge=2&value=R.YSSEVATESPLDFTK.Y,NOC3L,2.527e+7,3.889,0.000,3.725,0.000
24766,2,"  3.052","  0.471",13/22,/core/www/modules//sdig/index.php?run_id=110202&search_id=114132&scans_id=110198&peptide_id=16377&scanf=24766&charge=2&value=13/22,sp|P11021|BIP_HUMAN,/core/www/modules//consensus/?run_id=110202&search_id=114132&scans_id=110198&peptide_id=16377&scanf=24766&charge=2&value=sp|P11021|BIP_HUMAN,2,/core/www/modules/match_peptides/blast_html4.php?run_id=110202&search_id=114132&scans_id=110198&peptide_id=16377&scanf=24766&charge=2&value=2,K.DAGTIAGLNVMR.I,/core/www/modules/show_out/show_out_wrapper.php?run_id=110202&search_id=114132&scans_id=110198&peptide_id=16377&scanf=24766&charge=2&value=K.DAGTIAGLNVMR.I,HSPA5,2.060e+7,3.179,0.002,2.672,0.000
24767,2,"  1.766","  0.309",9/14,/core/www/modules//sdig/index.php?run_id=110202&search_id=114132&scans_id=110198&peptide_id=16378&scanf=24767&charge=2&value=9/14,sp|O76021|RL1D1_HUMAN,/core/www/modules//consensus/?run_id=110202&search_id=114132&scans_id=110198&peptide_id=16378&scanf=24767&charge=2&value=sp|O76021|RL1D1_HUMAN,3,/core/www/modules/match_peptides/blast_html4.php?run_id=110202&search_id=114132&scans_id=110198&peptide_id=16378&scanf=24767&charge=2&value=3,R.LLPSLIGR.H,/core/www/modules/show_out/show_out_wrapper.php?run_id=110202&search_id=114132&scans_id=110198&peptide_id=16378&scanf=24767&charge=2&value=R.LLPSLIGR.H,RSL1D1,3.951e+8,2.797,0.008,2.108,0.000
24769,2,"  3.918","  0.149",14/22,/core/www/modules//sdig/index.php?run_id=110202&search_id=114132&scans_id=110198&peptide_id=16380&scanf=24769&charge=2&value=14/22,sp|P21333|FLNA_HUMAN,/core/www/modules//consensus/?run_id=110202&search_id=114132&scans_id=110198&peptide_id=16380&scanf=24769&charge=2&value=sp|P21333|FLNA_HUMAN,1,/core/www/modules/match_peptides/blast_html4.php?run_id=110202&search_id=114132&scans_id=110198&peptide_id=16380&scanf=24769&charge=2&value=1,K.YGGDEIPFSPYR.V,/core/www/modules/show_out/show_out_wrapper.php?run_id=110202&search_id=114132&scans_id=110198&peptide_id=16380&scanf=24769&charge=2&value=K.YGGDEIPFSPYR.V,FLNA,2.186e+7,2.339,0.036,1.442,0.001
24770,2,"  1.792","  0.308",9/16,/core/www/modules//sdig/index.php?run_id=110202&search_id=114132&scans_id=110198&peptide_id=16382&scanf=24770&charge=2&value=9/16,sp|Q9H5Z1|DHX35_HUMAN,/core/www/modules//consensus/?run_id=110202&search_id=114132&scans_id=110198&peptide_id=16382&scanf=24770&charge=2&value=sp|Q9H5Z1|DHX35_HUMAN,1,/core/www/modules/match_peptides/blast_html4.php?run_id=110202&search_id=114132&scans_id=110198&peptide_id=16382&scanf=24770&charge=2&value=1,K.ALGIDNVLR.F,/core/www/modules/show_out/show_out_wrapper.php?run_id=110202&search_id=114132&scans_id=110198&peptide_id=16382&scanf=24770&charge=2&value=K.ALGIDNVLR.F,DHX35,1.052e+7,2.577,0.016,1.786,0.000
24772,4,"  3.025","  0.432",13/78,/core/www/modules//sdig/index.php?run_id=110202&search_id=114132&scans_id=110198&peptide_id=16384&scanf=24772&charge=4&value=13/78,sp|P62906|RL10A_HUMAN,/core/www/modules//consensus/?run_id=110202&search_id=114132&scans_id=110198&peptide_id=16384&scanf=24772&charge=4&value=sp|P62906|RL10A_HUMAN,0,/core/www/modules/match_peptides/blast_html4.php?run_id=110202&search_id=114132&scans_id=110198&peptide_id=16384&scanf=24772&charge=4&value=0,K.AVDIPHM*DIEALKK.L,/core/www/modules/show_out/show_out_wrapper.php?run_id=110202&search_id=114132&scans_id=110198&peptide_id=16384&scanf=24772&charge=4&value=K.AVDIPHM*DIEALKK.L,RPL10A,2.118e+7,2.967,0.004,2.359,0.000
24774,2,"  3.059","  0.619",11/18,/core/www/modules//sdig/index.php?run_id=110202&search_id=114132&scans_id=110198&peptide_id=16386&scanf=24774&charge=2&value=11/18,sp|P11310|ACADM_HUMAN,/core/www/modules//consensus/?run_id=110202&search_id=114132&scans_id=110198&peptide_id=16386&scanf=24774&charge=2&value=sp|P11310|ACADM_HUMAN,10,/core/www/modules/match_peptides/blast_html4.php?run_id=110202&search_id=114132&scans_id=110198&peptide_id=16386&scanf=24774&charge=2&value=10,K.TGEYPVPLIR.R,/core/www/modules/show_out/show_out_wrapper.php?run_id=110202&search_id=114132&scans_id=110198&peptide_id=16386&scanf=24774&charge=2&value=K.TGEYPVPLIR.R,ACADM,1.543e+7,3.684,0.000,3.421,0.000
24776,2,"  2.417","  0.232",10/12,/core/www/modules//sdig/index.php?run_id=110202&search_id=114132&scans_id=110198&peptide_id=16388&scanf=24776&charge=2&value=10/12,sp|P42704|LPPRC_HUMAN,/core/www/modules//consensus/?run_id=110202&search_id=114132&scans_id=110198&peptide_id=16388&scanf=24776&charge=2&value=sp|P42704|LPPRC_HUMAN,11,/core/www/modules/match_peptides/blast_html4.php?run_id=110202&search_id=114132&scans_id=110198&peptide_id=16388&scanf=24776&charge=2&value=11,K.LDDLFLK.R,/core/www/modules/show_out/show_out_wrapper.php?run_id=110202&search_id=114132&scans_id=110198&peptide_id=16388&scanf=24776&charge=2&value=K.LDDLFLK.R,LRPPRC,2.649e+7,2.897,0.006,2.256,0.000
24779,2,"  1.612","  0.163",9/14,/core/www/modules//sdig/index.php?run_id=110202&search_id=114132&scans_id=110198&peptide_id=16391&scanf=24779&charge=2&value=9/14,sp|P63010|AP2B1_HUMAN,/core/www/modules//consensus/?run_id=110202&search_id=114132&scans_id=110198&peptide_id=16391&scanf=24779&charge=2&value=sp|P63010|AP2B1_HUMAN,1,/core/www/modules/match_peptides/blast_html4.php?run_id=110202&search_id=114132&scans_id=110198&peptide_id=16391&scanf=24779&charge=2&value=1,K.AVWLPAVK.A,/core/www/modules/show_out/show_out_wrapper.php?run_id=110202&search_id=114132&scans_id=110198&peptide_id=16391&scanf=24779&charge=2&value=K.AVWLPAVK.A,AP2B1,1.135e+7,2.254,0.048,1.321,0.002
24782,2,"  1.800","  0.395",9/18,/core/www/modules//sdig/index.php?run_id=110202&search_id=114132&scans_id=110198&peptide_id=16395&scanf=24782&charge=2&value=9/18,sp|Q00403|TF2B_HUMAN,/core/www/modules//consensus/?run_id=110202&search_id=114132&scans_id=110198&peptide_id=16395&scanf=24782&charge=2&value=sp|Q00403|TF2B_HUMAN,0,/core/www/modules/match_peptides/blast_html4.php?run_id=110202&search_id=114132&scans_id=110198&peptide_id=16395&scanf=24782&charge=2&value=0,K.AVELDLVPGR.S,/core/www/modules/show_out/show_out_wrapper.php?run_id=110202&search_id=114132&scans_id=110198&peptide_id=16395&scanf=24782&charge=2&value=K.AVELDLVPGR.S,GTF2B,7.020e+6,2.681,0.012,1.938,0.000
24783,2,"  2.012","  0.217",8/16,/core/www/modules//sdig/index.php?run_id=110202&search_id=114132&scans_id=110198&peptide_id=16396&scanf=24783&charge=2&value=8/16,sp|Q15008|PSMD6_HUMAN,/core/www/modules//consensus/?run_id=110202&search_id=114132&scans_id=110198&peptide_id=16396&scanf=24783&charge=2&value=sp|Q15008|PSMD6_HUMAN,1,/core/www/modules/match_peptides/blast_html4.php?run_id=110202&search_id=114132&scans_id=110198&peptide_id=16396&scanf=24783&charge=2&value=1,R.FLLSLPEHR.G,/core/www/modules/show_out/show_out_wrapper.php?run_id=110202&search_id=114132&scans_id=110198&peptide_id=16396&scanf=24783&charge=2&value=R.FLLSLPEHR.G,PSMD6,1.671e+7,2.091,0.080,1.095,0.003
24785,2,"  3.894","  0.624",16/24,/core/www/modules//sdig/index.php?run_id=110202&search_id=114132&scans_id=110198&peptide_id=16397&scanf=24785&charge=2&value=16/24,sp|P21333|FLNA_HUMAN,/core/www/modules//consensus/?run_id=110202&search_id=114132&scans_id=110198&peptide_id=16397&scanf=24785&charge=2&value=sp|P21333|FLNA_HUMAN,5,/core/www/modules/match_peptides/blast_html4.php?run_id=110202&search_id=114132&scans_id=110198&peptide_id=16397&scanf=24785&charge=2&value=5,R.IANLQTDLSDGLR.L,/core/www/modules/show_out/show_out_wrapper.php?run_id=110202&search_id=114132&scans_id=110198&peptide_id=16397&scanf=24785&charge=2&value=R.IANLQTDLSDGLR.L,FLNA,5.648e+7,3.939,0.000,3.799,0.000
24788,3,"  3.453","  0.504",18/48,/core/www/modules//sdig/index.php?run_id=110202&search_id=114132&scans_id=110198&peptide_id=16400&scanf=24788&charge=3&value=18/48,sp|P21127|CD11B_HUMAN,/core/www/modules//consensus/?run_id=110202&search_id=114132&scans_id=110198&peptide_id=16400&scanf=24788&charge=3&value=sp|P21127|CD11B_HUMAN,6,/core/www/modules/match_peptides/blast_html4.php?run_id=110202&search_id=114132&scans_id=110198&peptide_id=16400&scanf=24788&charge=3&value=6,K.TSNLLLSHAGILK.V,/core/www/modules/show_out/show_out_wrapper.php?run_id=110202&search_id=114132&scans_id=110198&peptide_id=16400&scanf=24788&charge=3&value=K.TSNLLLSHAGILK.V,CDK11B,6.667e+7,3.378,0.001,2.967,0.000
24789,3,"  3.441","  0.592",13/40,/core/www/modules//sdig/index.php?run_id=110202&search_id=114132&scans_id=110198&peptide_id=16401&scanf=24789&charge=3&value=13/40,sp|P27635|RL10_HUMAN,/core/www/modules//consensus/?run_id=110202&search_id=114132&scans_id=110198&peptide_id=16401&scanf=24789&charge=3&value=sp|P27635|RL10_HUMAN,5,/core/www/modules/match_peptides/blast_html4.php?run_id=110202&search_id=114132&scans_id=110198&peptide_id=16401&scanf=24789&charge=3&value=5,R.VHIGQVIM*SIR.T,/core/www/modules/show_out/show_out_wrapper.php?run_id=110202&search_id=114132&scans_id=110198&peptide_id=16401&scanf=24789&charge=3&value=R.VHIGQVIM*SIR.T,RPL10,2.684e+7,3.656,0.000,3.379,0.000
24791,2,"  3.196","  0.600",14/22,/core/www/modules//sdig/index.php?run_id=110202&search_id=114132&scans_id=110198&peptide_id=16404&scanf=24791&charge=2&value=14/22,sp|Q8IXT5|RB12B_HUMAN,/core/www/modules//consensus/?run_id=110202&search_id=114132&scans_id=110198&peptide_id=16404&scanf=24791&charge=2&value=sp|Q8IXT5|RB12B_HUMAN,1,/core/www/modules/match_peptides/blast_html4.php?run_id=110202&search_id=114132&scans_id=110198&peptide_id=16404&scanf=24791&charge=2&value=1,R.GLPYLVNEDDVR.V,/core/www/modules/show_out/show_out_wrapper.php?run_id=110202&search_id=114132&scans_id=110198&peptide_id=16404&scanf=24791&charge=2&value=R.GLPYLVNEDDVR.V,RBM12B,2.107e+7,3.758,0.000,3.530,0.000
24792,3,"  3.140","  0.407",13/52,/core/www/modules//sdig/index.php?run_id=110202&search_id=114132&scans_id=110198&peptide_id=16405&scanf=24792&charge=3&value=13/52,sp|P43897|EFTS_HUMAN,/core/www/modules//consensus/?run_id=110202&search_id=114132&scans_id=110198&peptide_id=16405&scanf=24792&charge=3&value=sp|P43897|EFTS_HUMAN,1,/core/www/modules/match_peptides/blast_html4.php?run_id=110202&search_id=114132&scans_id=110198&peptide_id=16405&scanf=24792&charge=3&value=1,R.EGSLKDQLALAIGK.L,/core/www/modules/show_out/show_out_wrapper.php?run_id=110202&search_id=114132&scans_id=110198&peptide_id=16405&scanf=24792&charge=3&value=R.EGSLKDQLALAIGK.L,TSFM,9.032e+6,2.506,0.021,1.683,0.000
24793,2,"  1.641","  0.117",7/12,/core/www/modules//sdig/index.php?run_id=110202&search_id=114132&scans_id=110198&peptide_id=16406&scanf=24793&charge=2&value=7/12,sp|O60287|NPA1P_HUMAN,/core/www/modules//consensus/?run_id=110202&search_id=114132&scans_id=110198&peptide_id=16406&scanf=24793&charge=2&value=sp|O60287|NPA1P_HUMAN,0,/core/www/modules/match_peptides/blast_html4.php?run_id=110202&search_id=114132&scans_id=110198&peptide_id=16406&scanf=24793&charge=2&value=0,R.EFIPLPR.L,/core/www/modules/show_out/show_out_wrapper.php?run_id=110202&search_id=114132&scans_id=110198&peptide_id=16406&scanf=24793&charge=2&value=R.EFIPLPR.L,URB1,1.111e+7,2.061,0.088,1.053,0.004
24797,2,"  3.353","  0.570",12/18,/core/www/modules//sdig/index.php?run_id=110202&search_id=114132&scans_id=110198&peptide_id=16410&scanf=24797&charge=2&value=12/18,sp|O00159|MYO1C_HUMAN,/core/www/modules//consensus/?run_id=110202&search_id=114132&scans_id=110198&peptide_id=16410&scanf=24797&charge=2&value=sp|O00159|MYO1C_HUMAN,1,/core/www/modules/match_peptides/blast_html4.php?run_id=110202&search_id=114132&scans_id=110198&peptide_id=16410&scanf=24797&charge=2&value=1,R.NPQSYLYLVK.G,/core/www/modules/show_out/show_out_wrapper.php?run_id=110202&search_id=114132&scans_id=110198&peptide_id=16410&scanf=24797&charge=2&value=R.NPQSYLYLVK.G,MYO1C,3.000e+7,3.732,0.000,3.493,0.000
24800,2,"  2.300","  0.506",12/20,/core/www/modules//sdig/index.php?run_id=110202&search_id=114132&scans_id=110198&peptide_id=16414&scanf=24800&charge=2&value=12/20,sp|P48729|KC1A_HUMAN,/core/www/modules//consensus/?run_id=110202&search_id=114132&scans_id=110198&peptide_id=16414&scanf=24800&charge=2&value=sp|P48729|KC1A_HUMAN,7,/core/www/modules/match_peptides/blast_html4.php?run_id=110202&search_id=114132&scans_id=110198&peptide_id=16414&scanf=24800&charge=2&value=7,R.FEEAPDYMYLR.Q,/core/www/modules/show_out/show_out_wrapper.php?run_id=110202&search_id=114132&scans_id=110198&peptide_id=16414&scanf=24800&charge=2&value=R.FEEAPDYMYLR.Q,CSNK1A1,7.054e+6,3.163,0.002,2.649,0.000
24801,3,"  4.165","  0.604",17/60,/core/www/modules//sdig/index.php?run_id=110202&search_id=114132&scans_id=110198&peptide_id=16415&scanf=24801&charge=3&value=17/60,sp|Q8WWQ0|PHIP_HUMAN,/core/www/modules//consensus/?run_id=110202&search_id=114132&scans_id=110198&peptide_id=16415&scanf=24801&charge=3&value=sp|Q8WWQ0|PHIP_HUMAN,4,/core/www/modules/match_peptides/blast_html4.php?run_id=110202&search_id=114132&scans_id=110198&peptide_id=16415&scanf=24801&charge=3&value=4,R.SLIYKPLDGEWGTNPR.D,/core/www/modules/show_out/show_out_wrapper.php?run_id=110202&search_id=114132&scans_id=110198&peptide_id=16415&scanf=24801&charge=3&value=R.SLIYKPLDGEWGTNPR.D,PHIP,1.085e+7,3.439,0.001,3.057,0.000
24806,2,"  2.843","  0.545",14/20,/core/www/modules//sdig/index.php?run_id=110202&search_id=114132&scans_id=110198&peptide_id=16419&scanf=24806&charge=2&value=14/20,sp|Q07955|SRSF1_HUMAN,/core/www/modules//consensus/?run_id=110202&search_id=114132&scans_id=110198&peptide_id=16419&scanf=24806&charge=2&value=sp|Q07955|SRSF1_HUMAN,3,/core/www/modules/match_peptides/blast_html4.php?run_id=110202&search_id=114132&scans_id=110198&peptide_id=16419&scanf=24806&charge=2&value=3,R.IYVGNLPPDIR.T,/core/www/modules/show_out/show_out_wrapper.php?run_id=110202&search_id=114132&scans_id=110198&peptide_id=16419&scanf=24806&charge=2&value=R.IYVGNLPPDIR.T,SRSF1,1.110e+8,3.628,0.000,3.338,0.000
24807,3,"  5.591","  0.653",24/56,/core/www/modules//sdig/index.php?run_id=110202&search_id=114132&scans_id=110198&peptide_id=16420&scanf=24807&charge=3&value=24/56,sp|P07900|HS90A_HUMAN,/core/www/modules//consensus/?run_id=110202&search_id=114132&scans_id=110198&peptide_id=16420&scanf=24807&charge=3&value=sp|P07900|HS90A_HUMAN,0,/core/www/modules/match_peptides/blast_html4.php?run_id=110202&search_id=114132&scans_id=110198&peptide_id=16420&scanf=24807&charge=3&value=0,K.HLEINPDHSIIETLR.Q,/core/www/modules/show_out/show_out_wrapper.php?run_id=110202&search_id=114132&scans_id=110198&peptide_id=16420&scanf=24807&charge=3&value=K.HLEINPDHSIIETLR.Q,HSP90AA1,9.586e+7,4.216,0.000,4.210,0.000
24809,3,"  2.635","  0.093",8/60,/core/www/modules//sdig/index.php?run_id=110202&search_id=114132&scans_id=110198&peptide_id=16422&scanf=24809&charge=3&value=8/60,sp|Q6P2Q9|PRP8_HUMAN,/core/www/modules//consensus/?run_id=110202&search_id=114132&scans_id=110198&peptide_id=16422&scanf=24809&charge=3&value=sp|Q6P2Q9|PRP8_HUMAN,0,/core/www/modules/match_peptides/blast_html4.php?run_id=110202&search_id=114132&scans_id=110198&peptide_id=16422&scanf=24809&charge=3&value=0,R.SGMSHEEDQLIPNLYR.Y,/core/www/modules/show_out/show_out_wrapper.php?run_id=110202&search_id=114132&scans_id=110198&peptide_id=16422&scanf=24809&charge=3&value=R.SGMSHEEDQLIPNLYR.Y,PRPF8,2.805e+7,1.813,0.184,0.735,0.010
24810,2,"  3.167","  0.675",16/26,/core/www/modules//sdig/index.php?run_id=110202&search_id=114132&scans_id=110198&peptide_id=16424&scanf=24810&charge=2&value=16/26,sp|P18583|SON_HUMAN,/core/www/modules//consensus/?run_id=110202&search_id=114132&scans_id=110198&peptide_id=16424&scanf=24810&charge=2&value=sp|P18583|SON_HUMAN,2,/core/www/modules/match_peptides/blast_html4.php?run_id=110202&search_id=114132&scans_id=110198&peptide_id=16424&scanf=24810&charge=2&value=2,R.AAPVTGGMGAVLMR.K,/core/www/modules/show_out/show_out_wrapper.php?run_id=110202&search_id=114132&scans_id=110198&peptide_id=16424&scanf=24810&charge=2&value=R.AAPVTGGMGAVLMR.K,SON,2.298e+7,3.879,0.000,3.710,0.000
24811,2,"  2.285","  0.318",7/20,/core/www/modules//sdig/index.php?run_id=110202&search_id=114132&scans_id=110198&peptide_id=16425&scanf=24811&charge=2&value=7/20,sp|P39019|RS19_HUMAN,/core/www/modules//consensus/?run_id=110202&search_id=114132&scans_id=110198&peptide_id=16425&scanf=24811&charge=2&value=sp|P39019|RS19_HUMAN,3,/core/www/modules/match_peptides/blast_html4.php?run_id=110202&search_id=114132&scans_id=110198&peptide_id=16425&scanf=24811&charge=2&value=3,K.LKVPEWVDTVK.L,/core/www/modules/show_out/show_out_wrapper.php?run_id=110202&search_id=114132&scans_id=110198&peptide_id=16425&scanf=24811&charge=2&value=K.LKVPEWVDTVK.L,RPS19,9.488e+6,1.937,0.129,0.889,0.006
24815,3,"  5.663","  0.639",17/72,/core/www/modules//sdig/index.php?run_id=110202&search_id=114132&scans_id=110198&peptide_id=16429&scanf=24815&charge=3&value=17/72,sp|P08670|VIME_HUMAN,/core/www/modules//consensus/?run_id=110202&search_id=114132&scans_id=110198&peptide_id=16429&scanf=24815&charge=3&value=sp|P08670|VIME_HUMAN,2,/core/www/modules/match_peptides/blast_html4.php?run_id=110202&search_id=114132&scans_id=110198&peptide_id=16429&scanf=24815&charge=3&value=2,K.LQEEMLQREEAENTLQSFR.Q,/core/www/modules/show_out/show_out_wrapper.php?run_id=110202&search_id=114132&scans_id=110198&peptide_id=16429&scanf=24815&charge=3&value=K.LQEEMLQREEAENTLQSFR.Q,VIM,6.235e+6,3.684,0.000,3.421,0.000
24816,3,"  4.759","  0.576",18/68,/core/www/modules//sdig/index.php?run_id=110202&search_id=114132&scans_id=110198&peptide_id=16430&scanf=24816&charge=3&value=18/68,sp|P27694|RFA1_HUMAN,/core/www/modules//consensus/?run_id=110202&search_id=114132&scans_id=110198&peptide_id=16430&scanf=24816&charge=3&value=sp|P27694|RFA1_HUMAN,1,/core/www/modules/match_peptides/blast_html4.php?run_id=110202&search_id=114132&scans_id=110198&peptide_id=16430&scanf=24816&charge=3&value=1,K.VVTATLWGEDADKFDGSR.Q,/core/www/modules/show_out/show_out_wrapper.php?run_id=110202&search_id=114132&scans_id=110198&peptide_id=16430&scanf=24816&charge=3&value=K.VVTATLWGEDADKFDGSR.Q,RPA1,9.799e+6,3.008,0.004,2.420,0.000
24817,2,"  3.449","  0.513",14/30,/core/www/modules//sdig/index.php?run_id=110202&search_id=114132&scans_id=110198&peptide_id=16431&scanf=24817&charge=2&value=14/30,sp|Q14315|FLNC_HUMAN,/core/www/modules//consensus/?run_id=110202&search_id=114132&scans_id=110198&peptide_id=16431&scanf=24817&charge=2&value=sp|Q14315|FLNC_HUMAN,0,/core/www/modules/match_peptides/blast_html4.php?run_id=110202&search_id=114132&scans_id=110198&peptide_id=16431&scanf=24817&charge=2&value=0,R.NAGYGGLGLSIEGPSK.V,/core/www/modules/show_out/show_out_wrapper.php?run_id=110202&search_id=114132&scans_id=110198&peptide_id=16431&scanf=24817&charge=2&value=R.NAGYGGLGLSIEGPSK.V,FLNC,6.372e+6,3.028,0.004,2.450,0.000
24819,2,"  1.939","  0.272",11/20,/core/www/modules//sdig/index.php?run_id=110202&search_id=114132&scans_id=110198&peptide_id=16433&scanf=24819&charge=2&value=11/20,sp|P46940|IQGA1_HUMAN,/core/www/modules//consensus/?run_id=110202&search_id=114132&scans_id=110198&peptide_id=16433&scanf=24819&charge=2&value=sp|P46940|IQGA1_HUMAN,2,/core/www/modules/match_peptides/blast_html4.php?run_id=110202&search_id=114132&scans_id=110198&peptide_id=16433&scanf=24819&charge=2&value=2,K.EQLSDMMMINK.Q,/core/www/modules/show_out/show_out_wrapper.php?run_id=110202&search_id=114132&scans_id=110198&peptide_id=16433&scanf=24819&charge=2&value=K.EQLSDMMMINK.Q,IQGAP1,6.303e+6,2.269,0.045,1.343,0.002
24822,2,"  4.360","  0.646",19/24,/core/www/modules//sdig/index.php?run_id=110202&search_id=114132&scans_id=110198&peptide_id=16436&scanf=24822&charge=2&value=19/24,sp|Q9NXF1|TEX10_HUMAN,/core/www/modules//consensus/?run_id=110202&search_id=114132&scans_id=110198&peptide_id=16436&scanf=24822&charge=2&value=sp|Q9NXF1|TEX10_HUMAN,0,/core/www/modules/match_peptides/blast_html4.php?run_id=110202&search_id=114132&scans_id=110198&peptide_id=16436&scanf=24822&charge=2&value=0,K.NFVELISHQQLSK.G,/core/www/modules/show_out/show_out_wrapper.php?run_id=110202&search_id=114132&scans_id=110198&peptide_id=16436&scanf=24822&charge=2&value=K.NFVELISHQQLSK.G,TEX10,1.480e+7,4.113,0.000,4.056,0.000
24823,3,"  3.878","  0.601",20/44,/core/www/modules//sdig/index.php?run_id=110202&search_id=114132&scans_id=110198&peptide_id=16437&scanf=24823&charge=3&value=20/44,sp|P22670|RFX1_HUMAN,/core/www/modules//consensus/?run_id=110202&search_id=114132&scans_id=110198&peptide_id=16437&scanf=24823&charge=3&value=sp|P22670|RFX1_HUMAN,3,/core/www/modules/match_peptides/blast_html4.php?run_id=110202&search_id=114132&scans_id=110198&peptide_id=16437&scanf=24823&charge=3&value=3,R.SAASFGSFHLIR.L,/core/www/modules/show_out/show_out_wrapper.php?run_id=110202&search_id=114132&scans_id=110198&peptide_id=16437&scanf=24823&charge=3&value=R.SAASFGSFHLIR.L,RFX1,9.354e+6,3.816,0.000,3.616,0.000
24824,2,"  1.056","  0.053",9/12,/core/www/modules//sdig/index.php?run_id=110202&search_id=114132&scans_id=110198&peptide_id=16438&scanf=24824&charge=2&value=9/12,sp|Q68CQ4|UTP25_HUMAN,/core/www/modules//consensus/?run_id=110202&search_id=114132&scans_id=110198&peptide_id=16438&scanf=24824&charge=2&value=sp|Q68CQ4|UTP25_HUMAN,0,/core/www/modules/match_peptides/blast_html4.php?run_id=110202&search_id=114132&scans_id=110198&peptide_id=16438&scanf=24824&charge=2&value=0,R.FNFFVNK.I,/core/www/modules/show_out/show_out_wrapper.php?run_id=110202&search_id=114132&scans_id=110198&peptide_id=16438&scanf=24824&charge=2&value=R.FNFFVNK.I,UTP25,8.507e+6,2.055,0.090,1.046,0.004
24827,2,"  3.240","  0.391",16/18,/core/www/modules//sdig/index.php?run_id=110202&search_id=114132&scans_id=110198&peptide_id=16440&scanf=24827&charge=2&value=16/18,sp|P08238|HS90B_HUMAN,/core/www/modules//consensus/?run_id=110202&search_id=114132&scans_id=110198&peptide_id=16440&scanf=24827&charge=2&value=sp|P08238|HS90B_HUMAN,1,/core/www/modules/match_peptides/blast_html4.php?run_id=110202&search_id=114132&scans_id=110198&peptide_id=16440&scanf=24827&charge=2&value=1,R.RAPFDLFENK.K,/core/www/modules/show_out/show_out_wrapper.php?run_id=110202&search_id=114132&scans_id=110198&peptide_id=16440&scanf=24827&charge=2&value=R.RAPFDLFENK.K,HSP90AB1,7.272e+7,3.161,0.002,2.646,0.000
24828,2,"  2.725","  0.549",14/26,/core/www/modules//sdig/index.php?run_id=110202&search_id=114132&scans_id=110198&peptide_id=16441&scanf=24828&charge=2&value=14/26,sp|P18583|SON_HUMAN,/core/www/modules//consensus/?run_id=110202&search_id=114132&scans_id=110198&peptide_id=16441&scanf=24828&charge=2&value=sp|P18583|SON_HUMAN,1,/core/www/modules/match_peptides/blast_html4.php?run_id=110202&search_id=114132&scans_id=110198&peptide_id=16441&scanf=24828&charge=2&value=1,R.AGIEGPLLASDVGR.D,/core/www/modules/show_out/show_out_wrapper.php?run_id=110202&search_id=114132&scans_id=110198&peptide_id=16441&scanf=24828&charge=2&value=R.AGIEGPLLASDVGR.D,SON,3.857e+7,3.345,0.001,2.919,0.000
24829,3,"  3.431","  0.491",20/48,/core/www/modules//sdig/index.php?run_id=110202&search_id=114132&scans_id=110198&peptide_id=16442&scanf=24829&charge=3&value=20/48,sp|Q9NXF1|TEX10_HUMAN,/core/www/modules//consensus/?run_id=110202&search_id=114132&scans_id=110198&peptide_id=16442&scanf=24829&charge=3&value=sp|Q9NXF1|TEX10_HUMAN,0,/core/www/modules/match_peptides/blast_html4.php?run_id=110202&search_id=114132&scans_id=110198&peptide_id=16442&scanf=24829&charge=3&value=0,K.NFVELISHQQLSK.G,/core/www/modules/show_out/show_out_wrapper.php?run_id=110202&search_id=114132&scans_id=110198&peptide_id=16442&scanf=24829&charge=3&value=K.NFVELISHQQLSK.G,TEX10,3.077e+7,3.445,0.001,3.067,0.000
24830,2,"  2.108","  0.605",10/18,/core/www/modules//sdig/index.php?run_id=110202&search_id=114132&scans_id=110198&peptide_id=16444&scanf=24830&charge=2&value=10/18,sp|Q6KC79|NIPBL_HUMAN,/core/www/modules//consensus/?run_id=110202&search_id=114132&scans_id=110198&peptide_id=16444&scanf=24830&charge=2&value=sp|Q6KC79|NIPBL_HUMAN,1,/core/www/modules/match_peptides/blast_html4.php?run_id=110202&search_id=114132&scans_id=110198&peptide_id=16444&scanf=24830&charge=2&value=1,K.AVYIEDVIER.V,/core/www/modules/show_out/show_out_wrapper.php?run_id=110202&search_id=114132&scans_id=110198&peptide_id=16444&scanf=24830&charge=2&value=K.AVYIEDVIER.V,NIPBL,1.912e+7,3.592,0.001,3.285,0.000
24831,2,"  1.859","  0.434",11/20,/core/www/modules//sdig/index.php?run_id=110202&search_id=114132&scans_id=110198&peptide_id=16445&scanf=24831&charge=2&value=11/20,sp|Q9NR30|DDX21_HUMAN,/core/www/modules//consensus/?run_id=110202&search_id=114132&scans_id=110198&peptide_id=16445&scanf=24831&charge=2&value=sp|Q9NR30|DDX21_HUMAN,4,/core/www/modules/match_peptides/blast_html4.php?run_id=110202&search_id=114132&scans_id=110198&peptide_id=16445&scanf=24831&charge=2&value=4,R.IGVPSATEIIK.A,/core/www/modules/show_out/show_out_wrapper.php?run_id=110202&search_id=114132&scans_id=110198&peptide_id=16445&scanf=24831&charge=2&value=R.IGVPSATEIIK.A,DDX21,8.291e+7,2.931,0.005,2.307,0.000
24832,2,"  2.151","  0.544",10/18,/core/www/modules//sdig/index.php?run_id=110202&search_id=114132&scans_id=110198&peptide_id=16446&scanf=24832&charge=2&value=10/18,sp|O95793|STAU1_HUMAN,/core/www/modules//consensus/?run_id=110202&search_id=114132&scans_id=110198&peptide_id=16446&scanf=24832&charge=2&value=sp|O95793|STAU1_HUMAN,1,/core/www/modules/match_peptides/blast_html4.php?run_id=110202&search_id=114132&scans_id=110198&peptide_id=16446&scanf=24832&charge=2&value=1,R.NLPVNFEVAR.E,/core/www/modules/show_out/show_out_wrapper.php?run_id=110202&search_id=114132&scans_id=110198&peptide_id=16446&scanf=24832&charge=2&value=R.NLPVNFEVAR.E,STAU1,4.200e+7,3.417,0.001,3.025,0.000
24833,3,"  4.587","  0.547",16/56,/core/www/modules//sdig/index.php?run_id=110202&search_id=114132&scans_id=110198&peptide_id=16447&scanf=24833&charge=3&value=16/56,sp|Q9UIF9|BAZ2A_HUMAN,/core/www/modules//consensus/?run_id=110202&search_id=114132&scans_id=110198&peptide_id=16447&scanf=24833&charge=3&value=sp|Q9UIF9|BAZ2A_HUMAN,3,/core/www/modules/match_peptides/blast_html4.php?run_id=110202&search_id=114132&scans_id=110198&peptide_id=16447&scanf=24833&charge=3&value=3,K.VAAHASLNPALFSMK.M,/core/www/modules/show_out/show_out_wrapper.php?run_id=110202&search_id=114132&scans_id=110198&peptide_id=16447&scanf=24833&charge=3&value=K.VAAHASLNPALFSMK.M,BAZ2A,1.248e+7,3.384,0.001,2.976,0.000
24834,3,"  7.082","  0.658",21/68,/core/www/modules//sdig/index.php?run_id=110202&search_id=114132&scans_id=110198&peptide_id=16448&scanf=24834&charge=3&value=21/68,sp|Q08211|DHX9_HUMAN,/core/www/modules//consensus/?run_id=110202&search_id=114132&scans_id=110198&peptide_id=16448&scanf=24834&charge=3&value=sp|Q08211|DHX9_HUMAN,0,/core/www/modules/match_peptides/blast_html4.php?run_id=110202&search_id=114132&scans_id=110198&peptide_id=16448&scanf=24834&charge=3&value=0,R.QISRPSAAGINLMIGSTR.Y,/core/www/modules/show_out/show_out_wrapper.php?run_id=110202&search_id=114132&scans_id=110198&peptide_id=16448&scanf=24834&charge=3&value=R.QISRPSAAGINLMIGSTR.Y,DHX9,1.888e+7,4.109,0.000,4.052,0.000
24840,2,"  1.756","  0.087",10/14,/core/www/modules//sdig/index.php?run_id=110202&search_id=114132&scans_id=110198&peptide_id=16455&scanf=24840&charge=2&value=10/14,sp|O43913|ORC5_HUMAN,/core/www/modules//consensus/?run_id=110202&search_id=114132&scans_id=110198&peptide_id=16455&scanf=24840&charge=2&value=sp|O43913|ORC5_HUMAN,0,/core/www/modules/match_peptides/blast_html4.php?run_id=110202&search_id=114132&scans_id=110198&peptide_id=16455&scanf=24840&charge=2&value=0,R.TVNFDIIK.Y,/core/www/modules/show_out/show_out_wrapper.php?run_id=110202&search_id=114132&scans_id=110198&peptide_id=16455&scanf=24840&charge=2&value=R.TVNFDIIK.Y,ORC5,1.667e+7,2.052,0.091,1.042,0.004
24843,2,"  4.489","  0.608",16/24,/core/www/modules//sdig/index.php?run_id=110202&search_id=114132&scans_id=110198&peptide_id=16458&scanf=24843&charge=2&value=16/24,sp|P02545|LMNA_HUMAN,/core/www/modules//consensus/?run_id=110202&search_id=114132&scans_id=110198&peptide_id=16458&scanf=24843&charge=2&value=sp|P02545|LMNA_HUMAN,6,/core/www/modules/match_peptides/blast_html4.php?run_id=110202&search_id=114132&scans_id=110198&peptide_id=16458&scanf=24843&charge=2&value=6,R.IDSLSAQLSQLQK.Q,/core/www/modules/show_out/show_out_wrapper.php?run_id=110202&search_id=114132&scans_id=110198&peptide_id=16458&scanf=24843&charge=2&value=R.IDSLSAQLSQLQK.Q,LMNA,1.155e+8,3.837,0.000,3.648,0.000
24844,2,"  1.983","  0.436",9/14,/core/www/modules//sdig/index.php?run_id=110202&search_id=114132&scans_id=110198&peptide_id=16459&scanf=24844&charge=2&value=9/14,sp|O43660|PLRG1_HUMAN,/core/www/modules//consensus/?run_id=110202&search_id=114132&scans_id=110198&peptide_id=16459&scanf=24844&charge=2&value=sp|O43660|PLRG1_HUMAN,1,/core/www/modules/match_peptides/blast_html4.php?run_id=110202&search_id=114132&scans_id=110198&peptide_id=16459&scanf=24844&charge=2&value=1,R.LWDLVAGK.T,/core/www/modules/show_out/show_out_wrapper.php?run_id=110202&search_id=114132&scans_id=110198&peptide_id=16459&scanf=24844&charge=2&value=R.LWDLVAGK.T,PLRG1,7.243e+6,3.146,0.002,2.624,0.000
24850,2,"  3.554","  0.577",12/20,/core/www/modules//sdig/index.php?run_id=110202&search_id=114132&scans_id=110198&peptide_id=16465&scanf=24850&charge=2&value=12/20,sp|Q15149|PLEC_HUMAN,/core/www/modules//consensus/?run_id=110202&search_id=114132&scans_id=110198&peptide_id=16465&scanf=24850&charge=2&value=sp|Q15149|PLEC_HUMAN,4,/core/www/modules/match_peptides/blast_html4.php?run_id=110202&search_id=114132&scans_id=110198&peptide_id=16465&scanf=24850&charge=2&value=4,R.SQVEEELFSVR.V,/core/www/modules/show_out/show_out_wrapper.php?run_id=110202&search_id=114132&scans_id=110198&peptide_id=16465&scanf=24850&charge=2&value=R.SQVEEELFSVR.V,PLEC,2.654e+7,4.040,0.000,3.948,0.000
24852,3,"  2.692","  0.585",15/48,/core/www/modules//sdig/index.php?run_id=110202&search_id=114132&scans_id=110198&peptide_id=16467&scanf=24852&charge=3&value=15/48,sp|P50454|SERPH_HUMAN,/core/www/modules//consensus/?run_id=110202&search_id=114132&scans_id=110198&peptide_id=16467&scanf=24852&charge=3&value=sp|P50454|SERPH_HUMAN,9,/core/www/modules/match_peptides/blast_html4.php?run_id=110202&search_id=114132&scans_id=110198&peptide_id=16467&scanf=24852&charge=3&value=9,R.DEEVHAGLGELLR.S,/core/www/modules/show_out/show_out_wrapper.php?run_id=110202&search_id=114132&scans_id=110198&peptide_id=16467&scanf=24852&charge=3&value=R.DEEVHAGLGELLR.S,SERPINH1,3.122e+7,3.502,0.001,3.152,0.000
24853,3,"  1.537","  0.168",14/44,/core/www/modules//sdig/index.php?run_id=110202&search_id=114132&scans_id=110198&peptide_id=16468&scanf=24853&charge=3&value=14/44,sp|P61289|PSME3_HUMAN,/core/www/modules//consensus/?run_id=110202&search_id=114132&scans_id=110198&peptide_id=16468&scanf=24853&charge=3&value=sp|P61289|PSME3_HUMAN,3,/core/www/modules/match_peptides/blast_html4.php?run_id=110202&search_id=114132&scans_id=110198&peptide_id=16468&scanf=24853&charge=3&value=3,R.NQYVTLHDMILK.N,/core/www/modules/show_out/show_out_wrapper.php?run_id=110202&search_id=114132&scans_id=110198&peptide_id=16468&scanf=24853&charge=3&value=R.NQYVTLHDMILK.N,PSME3,1.082e+7,2.071,0.086,1.068,0.003
24854,3,"  5.205","  0.634",22/64,/core/www/modules//sdig/index.php?run_id=110202&search_id=114132&scans_id=110198&peptide_id=16469&scanf=24854&charge=3&value=22/64,sp|P0DP23|CALM1_HUMAN,/core/www/modules//consensus/?run_id=110202&search_id=114132&scans_id=110198&peptide_id=16469&scanf=24854&charge=3&value=sp|P0DP23|CALM1_HUMAN,6,/core/www/modules/match_peptides/blast_html4.php?run_id=110202&search_id=114132&scans_id=110198&peptide_id=16469&scanf=24854&charge=3&value=6,K.EAFSLFDKDGDGTITTK.E,/core/www/modules/show_out/show_out_wrapper.php?run_id=110202&search_id=114132&scans_id=110198&peptide_id=16469&scanf=24854&charge=3&value=K.EAFSLFDKDGDGTITTK.E,CALM1,3.343e+7,3.429,0.001,3.043,0.000
24855,2,"  3.299","  0.621",14/20,/core/www/modules//sdig/index.php?run_id=110202&search_id=114132&scans_id=110198&peptide_id=16470&scanf=24855&charge=2&value=14/20,sp|Q5SY16|NOL9_HUMAN,/core/www/modules//consensus/?run_id=110202&search_id=114132&scans_id=110198&peptide_id=16470&scanf=24855&charge=2&value=sp|Q5SY16|NOL9_HUMAN,0,/core/www/modules/match_peptides/blast_html4.php?run_id=110202&search_id=114132&scans_id=110198&peptide_id=16470&scanf=24855&charge=2&value=0,K.NNYENYIDIVK.Y,/core/www/modules/show_out/show_out_wrapper.php?run_id=110202&search_id=114132&scans_id=110198&peptide_id=16470&scanf=24855&charge=2&value=K.NNYENYIDIVK.Y,NOL9,1.882e+7,3.808,0.000,3.605,0.000
24856,3,"  2.928","  0.570",16/40,/core/www/modules//sdig/index.php?run_id=110202&search_id=114132&scans_id=110198&peptide_id=16471&scanf=24856&charge=3&value=16/40,sp|Q9Y2L1|RRP44_HUMAN,/core/www/modules//consensus/?run_id=110202&search_id=114132&scans_id=110198&peptide_id=16471&scanf=24856&charge=3&value=sp|Q9Y2L1|RRP44_HUMAN,2,/core/www/modules/match_peptides/blast_html4.php?run_id=110202&search_id=114132&scans_id=110198&peptide_id=16471&scanf=24856&charge=3&value=2,K.IIFSEHLPLSK.L,/core/www/modules/show_out/show_out_wrapper.php?run_id=110202&search_id=114132&scans_id=110198&peptide_id=16471&scanf=24856&charge=3&value=K.IIFSEHLPLSK.L,DIS3,1.101e+7,3.646,0.000,3.365,0.000
24857,2,"  2.079","  0.318",9/16,/core/www/modules//sdig/index.php?run_id=110202&search_id=114132&scans_id=110198&peptide_id=16472&scanf=24857&charge=2&value=9/16,sp|P17612|KAPCA_HUMAN,/core/www/modules//consensus/?run_id=110202&search_id=114132&scans_id=110198&peptide_id=16472&scanf=24857&charge=2&value=sp|P17612|KAPCA_HUMAN,4,/core/www/modules/match_peptides/blast_html4.php?run_id=110202&search_id=114132&scans_id=110198&peptide_id=16472&scanf=24857&charge=2&value=4,R.NLLQVDLTK.R,/core/www/modules/show_out/show_out_wrapper.php?run_id=110202&search_id=114132&scans_id=110198&peptide_id=16472&scanf=24857&charge=2&value=R.NLLQVDLTK.R,PRKACA,2.608e+7,2.597,0.015,1.816,0.000
24858,3,"  3.370","  0.589",20/60,/core/www/modules//sdig/index.php?run_id=110202&search_id=114132&scans_id=110198&peptide_id=16473&scanf=24858&charge=3&value=20/60,sp|Q9UNS2|CSN3_HUMAN,/core/www/modules//consensus/?run_id=110202&search_id=114132&scans_id=110198&peptide_id=16473&scanf=24858&charge=3&value=sp|Q9UNS2|CSN3_HUMAN,1,/core/www/modules/match_peptides/blast_html4.php?run_id=110202&search_id=114132&scans_id=110198&peptide_id=16473&scanf=24858&charge=3&value=1,K.YNNPAMLHNIDQEMLK.C,/core/www/modules/show_out/show_out_wrapper.php?run_id=110202&search_id=114132&scans_id=110198&peptide_id=16473&scanf=24858&charge=3&value=K.YNNPAMLHNIDQEMLK.C,COPS3,7.072e+6,3.464,0.001,3.096,0.000
24859,3,"  1.785","  0.273",11/48,/core/www/modules//sdig/index.php?run_id=110202&search_id=114132&scans_id=110198&peptide_id=16474&scanf=24859&charge=3&value=11/48,sp|P62241|RS8_HUMAN,/core/www/modules//consensus/?run_id=110202&search_id=114132&scans_id=110198&peptide_id=16474&scanf=24859&charge=3&value=sp|P62241|RS8_HUMAN,1,/core/www/modules/match_peptides/blast_html4.php?run_id=110202&search_id=114132&scans_id=110198&peptide_id=16474&scanf=24859&charge=3&value=1,R.QWYESHYALPLGR.K,/core/www/modules/show_out/show_out_wrapper.php?run_id=110202&search_id=114132&scans_id=110198&peptide_id=16474&scanf=24859&charge=3&value=R.QWYESHYALPLGR.K,RPS8,9.336e+7,2.286,0.043,1.367,0.001
24860,2,"  1.984","  0.270",8/14,/core/www/modules//sdig/index.php?run_id=110202&search_id=114132&scans_id=110198&peptide_id=16476&scanf=24860&charge=2&value=8/14,sp|O95347|SMC2_HUMAN,/core/www/modules//consensus/?run_id=110202&search_id=114132&scans_id=110198&peptide_id=16476&scanf=24860&charge=2&value=sp|O95347|SMC2_HUMAN,0,/core/www/modules/match_peptides/blast_html4.php?run_id=110202&search_id=114132&scans_id=110198&peptide_id=16476&scanf=24860&charge=2&value=0,K.SIILEGFK.S,/core/www/modules/show_out/show_out_wrapper.php?run_id=110202&search_id=114132&scans_id=110198&peptide_id=16476&scanf=24860&charge=2&value=K.SIILEGFK.S,SMC2,7.922e+6,2.494,0.022,1.665,0.001
24861,2,"  1.454","  0.441",6/12,/core/www/modules//sdig/index.php?run_id=110202&search_id=114132&scans_id=110198&peptide_id=16477&scanf=24861&charge=2&value=6/12,sp|Q7Z739|YTHD3_HUMAN,/core/www/modules//consensus/?run_id=110202&search_id=114132&scans_id=110198&peptide_id=16477&scanf=24861&charge=2&value=sp|Q7Z739|YTHD3_HUMAN,4,/core/www/modules/match_peptides/blast_html4.php?run_id=110202&search_id=114132&scans_id=110198&peptide_id=16477&scanf=24861&charge=2&value=4,K.DFDWNLK.N,/core/www/modules/show_out/show_out_wrapper.php?run_id=110202&search_id=114132&scans_id=110198&peptide_id=16477&scanf=24861&charge=2&value=K.DFDWNLK.N,YTHDF3,9.800e+6,2.938,0.005,2.316,0.000
24863,3,"  2.371","  0.357",9/44,/core/www/modules//sdig/index.php?run_id=110202&search_id=114132&scans_id=110198&peptide_id=16479&scanf=24863&charge=3&value=9/44,sp|Q12830|BPTF_HUMAN,/core/www/modules//consensus/?run_id=110202&search_id=114132&scans_id=110198&peptide_id=16479&scanf=24863&charge=3&value=sp|Q12830|BPTF_HUMAN,4,/core/www/modules/match_peptides/blast_html4.php?run_id=110202&search_id=114132&scans_id=110198&peptide_id=16479&scanf=24863&charge=3&value=4,K.SIFVLPNDDLKK.L,/core/www/modules/show_out/show_out_wrapper.php?run_id=110202&search_id=114132&scans_id=110198&peptide_id=16479&scanf=24863&charge=3&value=K.SIFVLPNDDLKK.L,BPTF,6.341e+6,2.282,0.044,1.361,0.001
24866,3,"  2.145","  0.485",9/36,/core/www/modules//sdig/index.php?run_id=110202&search_id=114132&scans_id=110198&peptide_id=16482&scanf=24866&charge=3&value=9/36,sp|P46781|RS9_HUMAN,/core/www/modules//consensus/?run_id=110202&search_id=114132&scans_id=110198&peptide_id=16482&scanf=24866&charge=3&value=sp|P46781|RS9_HUMAN,2,/core/www/modules/match_peptides/blast_html4.php?run_id=110202&search_id=114132&scans_id=110198&peptide_id=16482&scanf=24866&charge=3&value=2,K.M*KLDYILGLK.I,/core/www/modules/show_out/show_out_wrapper.php?run_id=110202&search_id=114132&scans_id=110198&peptide_id=16482&scanf=24866&charge=3&value=K.M*KLDYILGLK.I,RPS9,6.192e+6,2.874,0.006,2.222,0.000
24870,2,"  3.324","  0.396",12/22,/core/www/modules//sdig/index.php?run_id=110202&search_id=114132&scans_id=110198&peptide_id=16486&scanf=24870&charge=2&value=12/22,sp|Q99832|TCPH_HUMAN,/core/www/modules//consensus/?run_id=110202&search_id=114132&scans_id=110198&peptide_id=16486&scanf=24870&charge=2&value=sp|Q99832|TCPH_HUMAN,0,/core/www/modules/match_peptides/blast_html4.php?run_id=110202&search_id=114132&scans_id=110198&peptide_id=16486&scanf=24870&charge=2&value=0,K.TFSYAGFEMQPK.K,/core/www/modules/show_out/show_out_wrapper.php?run_id=110202&search_id=114132&scans_id=110198&peptide_id=16486&scanf=24870&charge=2&value=K.TFSYAGFEMQPK.K,CCT7,4.195e+7,2.851,0.006,2.188,0.000
24871,2,"  2.317","  0.518",10/18,/core/www/modules//sdig/index.php?run_id=110202&search_id=114132&scans_id=110198&peptide_id=16487&scanf=24871&charge=2&value=10/18,sp|O14950|ML12B_HUMAN,/core/www/modules//consensus/?run_id=110202&search_id=114132&scans_id=110198&peptide_id=16487&scanf=24871&charge=2&value=sp|O14950|ML12B_HUMAN,2,/core/www/modules/match_peptides/blast_html4.php?run_id=110202&search_id=114132&scans_id=110198&peptide_id=16487&scanf=24871&charge=2&value=2,K.GNFNYIEFTR.I,/core/www/modules/show_out/show_out_wrapper.php?run_id=110202&search_id=114132&scans_id=110198&peptide_id=16487&scanf=24871&charge=2&value=K.GNFNYIEFTR.I,MYL12B,2.208e+7,3.248,0.002,2.775,0.000
24872,2,"  2.976","  0.505",14/20,/core/www/modules//sdig/index.php?run_id=110202&search_id=114132&scans_id=110198&peptide_id=16488&scanf=24872&charge=2&value=14/20,sp|O43242|PSMD3_HUMAN,/core/www/modules//consensus/?run_id=110202&search_id=114132&scans_id=110198&peptide_id=16488&scanf=24872&charge=2&value=sp|O43242|PSMD3_HUMAN,0,/core/www/modules/match_peptides/blast_html4.php?run_id=110202&search_id=114132&scans_id=110198&peptide_id=16488&scanf=24872&charge=2&value=0,R.ELDTVTLEDIK.E,/core/www/modules/show_out/show_out_wrapper.php?run_id=110202&search_id=114132&scans_id=110198&peptide_id=16488&scanf=24872&charge=2&value=R.ELDTVTLEDIK.E,PSMD3,2.097e+7,3.402,0.001,3.003,0.000
24876,2,"  7.613","  0.707",31/32,/core/www/modules//sdig/index.php?run_id=110202&search_id=114132&scans_id=110198&peptide_id=16492&scanf=24876&charge=2&value=31/32,sp|O43707|ACTN4_HUMAN,/core/www/modules//consensus/?run_id=110202&search_id=114132&scans_id=110198&peptide_id=16492&scanf=24876&charge=2&value=sp|O43707|ACTN4_HUMAN,3,/core/www/modules/match_peptides/blast_html4.php?run_id=110202&search_id=114132&scans_id=110198&peptide_id=16492&scanf=24876&charge=2&value=3,R.KDDPVTNLNNAFEVAEK.Y,/core/www/modules/show_out/show_out_wrapper.php?run_id=110202&search_id=114132&scans_id=110198&peptide_id=16492&scanf=24876&charge=2&value=R.KDDPVTNLNNAFEVAEK.Y,ACTN4,2.365e+7,4.605,0.000,4.786,0.000
24879,2,"  2.210","  0.395",9/16,/core/www/modules//sdig/index.php?run_id=110202&search_id=114132&scans_id=110198&peptide_id=16495&scanf=24879&charge=2&value=9/16,sp|Q92616|GCN1_HUMAN,/core/www/modules//consensus/?run_id=110202&search_id=114132&scans_id=110198&peptide_id=16495&scanf=24879&charge=2&value=sp|Q92616|GCN1_HUMAN,0,/core/www/modules/match_peptides/blast_html4.php?run_id=110202&search_id=114132&scans_id=110198&peptide_id=16495&scanf=24879&charge=2&value=0,K.IDPEAFITR.H,/core/www/modules/show_out/show_out_wrapper.php?run_id=110202&search_id=114132&scans_id=110198&peptide_id=16495&scanf=24879&charge=2&value=K.IDPEAFITR.H,GCN1,1.694e+8,3.068,0.003,2.508,0.000
24885,2,"  3.784","  0.618",15/22,/core/www/modules//sdig/index.php?run_id=110202&search_id=114132&scans_id=110198&peptide_id=16502&scanf=24885&charge=2&value=15/22,sp|O00232|PSD12_HUMAN,/core/www/modules//consensus/?run_id=110202&search_id=114132&scans_id=110198&peptide_id=16502&scanf=24885&charge=2&value=sp|O00232|PSD12_HUMAN,0,/core/www/modules/match_peptides/blast_html4.php?run_id=110202&search_id=114132&scans_id=110198&peptide_id=16502&scanf=24885&charge=2&value=0,K.DPNNLLNDWSQK.L,/core/www/modules/show_out/show_out_wrapper.php?run_id=110202&search_id=114132&scans_id=110198&peptide_id=16502&scanf=24885&charge=2&value=K.DPNNLLNDWSQK.L,PSMD12,1.085e+7,3.722,0.000,3.477,0.000
24887,2,"  2.026","  0.401",9/20,/core/www/modules//sdig/index.php?run_id=110202&search_id=114132&scans_id=110198&peptide_id=16504&scanf=24887&charge=2&value=9/20,sp|Q9UQ35|SRRM2_HUMAN,/core/www/modules//consensus/?run_id=110202&search_id=114132&scans_id=110198&peptide_id=16504&scanf=24887&charge=2&value=sp|Q9UQ35|SRRM2_HUMAN,0,/core/www/modules/match_peptides/blast_html4.php?run_id=110202&search_id=114132&scans_id=110198&peptide_id=16504&scanf=24887&charge=2&value=0,R.ENSFGSPLEFR.N,/core/www/modules/show_out/show_out_wrapper.php?run_id=110202&search_id=114132&scans_id=110198&peptide_id=16504&scanf=24887&charge=2&value=R.ENSFGSPLEFR.N,SRRM2,7.541e+6,2.766,0.009,2.064,0.000
24888,2,"  1.956","  0.507",9/14,/core/www/modules//sdig/index.php?run_id=110202&search_id=114132&scans_id=110198&peptide_id=16505&scanf=24888&charge=2&value=9/14,sp|P62487|RPB7_HUMAN,/core/www/modules//consensus/?run_id=110202&search_id=114132&scans_id=110198&peptide_id=16505&scanf=24888&charge=2&value=sp|P62487|RPB7_HUMAN,0,/core/www/modules/match_peptides/blast_html4.php?run_id=110202&search_id=114132&scans_id=110198&peptide_id=16505&scanf=24888&charge=2&value=0,R.GFVLYPVK.Y,/core/www/modules/show_out/show_out_wrapper.php?run_id=110202&search_id=114132&scans_id=110198&peptide_id=16505&scanf=24888&charge=2&value=R.GFVLYPVK.Y,POLR2G,9.798e+6,3.346,0.001,2.920,0.000
24891,4,"  3.640","  0.615",22/84,/core/www/modules//sdig/index.php?run_id=110202&search_id=114132&scans_id=110198&peptide_id=16508&scanf=24891&charge=4&value=22/84,sp|Q92922|SMRC1_HUMAN,/core/www/modules//consensus/?run_id=110202&search_id=114132&scans_id=110198&peptide_id=16508&scanf=24891&charge=4&value=sp|Q92922|SMRC1_HUMAN,0,/core/www/modules/match_peptides/blast_html4.php?run_id=110202&search_id=114132&scans_id=110198&peptide_id=16508&scanf=24891&charge=4&value=0,R.VREEVPLELVEAHVK.K,/core/www/modules/show_out/show_out_wrapper.php?run_id=110202&search_id=114132&scans_id=110198&peptide_id=16508&scanf=24891&charge=4&value=R.VREEVPLELVEAHVK.K,SMARCC1,6.462e+7,3.726,0.000,3.484,0.000
24892,2,"  2.526","  0.545",12/18,/core/www/modules//sdig/index.php?run_id=110202&search_id=114132&scans_id=110198&peptide_id=16509&scanf=24892&charge=2&value=12/18,sp|O60763|USO1_HUMAN,/core/www/modules//consensus/?run_id=110202&search_id=114132&scans_id=110198&peptide_id=16509&scanf=24892&charge=2&value=sp|O60763|USO1_HUMAN,0,/core/www/modules/match_peptides/blast_html4.php?run_id=110202&search_id=114132&scans_id=110198&peptide_id=16509&scanf=24892&charge=2&value=0,K.IVAFENAFER.L,/core/www/modules/show_out/show_out_wrapper.php?run_id=110202&search_id=114132&scans_id=110198&peptide_id=16509&scanf=24892&charge=2&value=K.IVAFENAFER.L,USO1,1.672e+7,3.481,0.001,3.120,0.000
24893,3,"  4.192","  0.640",19/64,/core/www/modules//sdig/index.php?run_id=110202&search_id=114132&scans_id=110198&peptide_id=16510&scanf=24893&charge=3&value=19/64,sp|P41252|SYIC_HUMAN,/core/www/modules//consensus/?run_id=110202&search_id=114132&scans_id=110198&peptide_id=16510&scanf=24893&charge=3&value=sp|P41252|SYIC_HUMAN,9,/core/www/modules/match_peptides/blast_html4.php?run_id=110202&search_id=114132&scans_id=110198&peptide_id=16510&scanf=24893&charge=3&value=9,R.LQKEEEIEFLYNENTVR.E,/core/www/modules/show_out/show_out_wrapper.php?run_id=110202&search_id=114132&scans_id=110198&peptide_id=16510&scanf=24893&charge=3&value=R.LQKEEEIEFLYNENTVR.E,IARS1,1.333e+7,3.411,0.001,3.016,0.000
24895,2,"  1.418","  0.172",9/12,/core/www/modules//sdig/index.php?run_id=110202&search_id=114132&scans_id=110198&peptide_id=16512&scanf=24895&charge=2&value=9/12,sp|O14980|XPO1_HUMAN,/core/www/modules//consensus/?run_id=110202&search_id=114132&scans_id=110198&peptide_id=16512&scanf=24895&charge=2&value=sp|O14980|XPO1_HUMAN,12,/core/www/modules/match_peptides/blast_html4.php?run_id=110202&search_id=114132&scans_id=110198&peptide_id=16512&scanf=24895&charge=2&value=12,R.FLVTVIK.D,/core/www/modules/show_out/show_out_wrapper.php?run_id=110202&search_id=114132&scans_id=110198&peptide_id=16512&scanf=24895&charge=2&value=R.FLVTVIK.D,XPO1,2.716e+7,2.522,0.020,1.706,0.000
24896,2,"  3.756","  0.651",18/30,/core/www/modules//sdig/index.php?run_id=110202&search_id=114132&scans_id=110198&peptide_id=16513&scanf=24896&charge=2&value=18/30,sp|P61221|ABCE1_HUMAN,/core/www/modules//consensus/?run_id=110202&search_id=114132&scans_id=110198&peptide_id=16513&scanf=24896&charge=2&value=sp|P61221|ABCE1_HUMAN,0,/core/www/modules/match_peptides/blast_html4.php?run_id=110202&search_id=114132&scans_id=110198&peptide_id=16513&scanf=24896&charge=2&value=0,K.NTVANSPQTLLAGMNK.F,/core/www/modules/show_out/show_out_wrapper.php?run_id=110202&search_id=114132&scans_id=110198&peptide_id=16513&scanf=24896&charge=2&value=K.NTVANSPQTLLAGMNK.F,ABCE1,6.672e+6,3.636,0.000,3.350,0.000
24898,2,"  2.175","  0.386",9/14,/core/www/modules//sdig/index.php?run_id=110202&search_id=114132&scans_id=110198&peptide_id=16515&scanf=24898&charge=2&value=9/14,sp|P55072|TERA_HUMAN,/core/www/modules//consensus/?run_id=110202&search_id=114132&scans_id=110198&peptide_id=16515&scanf=24898&charge=2&value=sp|P55072|TERA_HUMAN,9,/core/www/modules/match_peptides/blast_html4.php?run_id=110202&search_id=114132&scans_id=110198&peptide_id=16515&scanf=24898&charge=2&value=9,K.EMVELPLR.H,/core/www/modules/show_out/show_out_wrapper.php?run_id=110202&search_id=114132&scans_id=110198&peptide_id=16515&scanf=24898&charge=2&value=K.EMVELPLR.H,VCP,1.274e+8,3.129,0.003,2.599,0.000
24899,3,"  3.774","  0.339",15/52,/core/www/modules//sdig/index.php?run_id=110202&search_id=114132&scans_id=110198&peptide_id=16516&scanf=24899&charge=3&value=15/52,sp|Q14008|CKAP5_HUMAN,/core/www/modules//consensus/?run_id=110202&search_id=114132&scans_id=110198&peptide_id=16516&scanf=24899&charge=3&value=sp|Q14008|CKAP5_HUMAN,0,/core/www/modules/match_peptides/blast_html4.php?run_id=110202&search_id=114132&scans_id=110198&peptide_id=16516&scanf=24899&charge=3&value=0,K.EWLEGEDLSEELKK.E,/core/www/modules/show_out/show_out_wrapper.php?run_id=110202&search_id=114132&scans_id=110198&peptide_id=16516&scanf=24899&charge=3&value=K.EWLEGEDLSEELKK.E,CKAP5,6.935e+6,2.428,0.027,1.570,0.001
24901,3,"  3.056","  0.280",10/52,/core/www/modules//sdig/index.php?run_id=110202&search_id=114132&scans_id=110198&peptide_id=16519&scanf=24901&charge=3&value=10/52,sp|Q99986|VRK1_HUMAN,/core/www/modules//consensus/?run_id=110202&search_id=114132&scans_id=110198&peptide_id=16519&scanf=24901&charge=3&value=sp|Q99986|VRK1_HUMAN,22,/core/www/modules/match_peptides/blast_html4.php?run_id=110202&search_id=114132&scans_id=110198&peptide_id=16519&scanf=24901&charge=3&value=22,K.LLDYTEKPLYENLR.D,/core/www/modules/show_out/show_out_wrapper.php?run_id=110202&search_id=114132&scans_id=110198&peptide_id=16519&scanf=24901&charge=3&value=K.LLDYTEKPLYENLR.D,VRK1,1.465e+7,2.311,0.040,1.402,0.001
24902,2,"  1.586","  0.213",7/14,/core/www/modules//sdig/index.php?run_id=110202&search_id=114132&scans_id=110198&peptide_id=16520&scanf=24902&charge=2&value=7/14,sp|Q9H2M9|RBGPR_HUMAN,/core/www/modules//consensus/?run_id=110202&search_id=114132&scans_id=110198&peptide_id=16520&scanf=24902&charge=2&value=sp|Q9H2M9|RBGPR_HUMAN,9,/core/www/modules/match_peptides/blast_html4.php?run_id=110202&search_id=114132&scans_id=110198&peptide_id=16520&scanf=24902&charge=2&value=9,R.VILLDVAR.G,/core/www/modules/show_out/show_out_wrapper.php?run_id=110202&search_id=114132&scans_id=110198&peptide_id=16520&scanf=24902&charge=2&value=R.VILLDVAR.G,RAB3GAP2,5.585e+6,2.163,0.064,1.193,0.002
24906,2,"  2.715","  0.594",13/20,/core/www/modules//sdig/index.php?run_id=110202&search_id=114132&scans_id=110198&peptide_id=16524&scanf=24906&charge=2&value=13/20,sp|Q9Y383|LC7L2_HUMAN,/core/www/modules//consensus/?run_id=110202&search_id=114132&scans_id=110198&peptide_id=16524&scanf=24906&charge=2&value=sp|Q9Y383|LC7L2_HUMAN,2,/core/www/modules/match_peptides/blast_html4.php?run_id=110202&search_id=114132&scans_id=110198&peptide_id=16524&scanf=24906&charge=2&value=2,R.AMLDQLMGTSR.D,/core/www/modules/show_out/show_out_wrapper.php?run_id=110202&search_id=114132&scans_id=110198&peptide_id=16524&scanf=24906&charge=2&value=R.AMLDQLMGTSR.D,LUC7L2,4.227e+7,3.640,0.000,3.355,0.000
24909,3,"  3.660","  0.534",17/72,/core/www/modules//sdig/index.php?run_id=110202&search_id=114132&scans_id=110198&peptide_id=16527&scanf=24909&charge=3&value=17/72,sp|O00567|NOP56_HUMAN,/core/www/modules//consensus/?run_id=110202&search_id=114132&scans_id=110198&peptide_id=16527&scanf=24909&charge=3&value=sp|O00567|NOP56_HUMAN,0,/core/www/modules/match_peptides/blast_html4.php?run_id=110202&search_id=114132&scans_id=110198&peptide_id=16527&scanf=24909&charge=3&value=0,K.EELMSSDLEETAGSTSIPK.R,/core/www/modules/show_out/show_out_wrapper.php?run_id=110202&search_id=114132&scans_id=110198&peptide_id=16527&scanf=24909&charge=3&value=K.EELMSSDLEETAGSTSIPK.R,NOP56,4.804e+6,3.140,0.002,2.614,0.000
24913,2,"  1.885","  0.338",8/12,/core/www/modules//sdig/index.php?run_id=110202&search_id=114132&scans_id=110198&peptide_id=16531&scanf=24913&charge=2&value=8/12,tr|A0A2R8Y5K3|A0A2R8Y5K3_HUMAN,/core/www/modules//consensus/?run_id=110202&search_id=114132&scans_id=110198&peptide_id=16531&scanf=24913&charge=2&value=tr|A0A2R8Y5K3|A0A2R8Y5K3_HUMAN,0,/core/www/modules/match_peptides/blast_html4.php?run_id=110202&search_id=114132&scans_id=110198&peptide_id=16531&scanf=24913&charge=2&value=0,-.XFLLSTR.A,/core/www/modules/show_out/show_out_wrapper.php?run_id=110202&search_id=114132&scans_id=110198&peptide_id=16531&scanf=24913&charge=2&value=-.XFLLSTR.A,SMARCA4,2.382e+7,2.693,0.011,1.956,0.000
24914,4,"  4.288","  0.447",16/96,/core/www/modules//sdig/index.php?run_id=110202&search_id=114132&scans_id=110198&peptide_id=16532&scanf=24914&charge=4&value=16/96,sp|P27144|KAD4_HUMAN,/core/www/modules//consensus/?run_id=110202&search_id=114132&scans_id=110198&peptide_id=16532&scanf=24914&charge=4&value=sp|P27144|KAD4_HUMAN,1,/core/www/modules/match_peptides/blast_html4.php?run_id=110202&search_id=114132&scans_id=110198&peptide_id=16532&scanf=24914&charge=4&value=1,R.IAQNFGLQHLSSGHFLR.E,/core/www/modules/show_out/show_out_wrapper.php?run_id=110202&search_id=114132&scans_id=110198&peptide_id=16532&scanf=24914&charge=4&value=R.IAQNFGLQHLSSGHFLR.E,AK4,1.328e+7,3.226,0.002,2.742,0.000
24915,3,"  5.656","  0.668",24/80,/core/www/modules//sdig/index.php?run_id=110202&search_id=114132&scans_id=110198&peptide_id=16533&scanf=24915&charge=3&value=24/80,sp|P62263|RS14_HUMAN,/core/www/modules//consensus/?run_id=110202&search_id=114132&scans_id=110198&peptide_id=16533&scanf=24915&charge=3&value=sp|P62263|RS14_HUMAN,2,/core/www/modules/match_peptides/blast_html4.php?run_id=110202&search_id=114132&scans_id=110198&peptide_id=16533&scanf=24915&charge=3&value=2,K.ADRDESSPYAAMLAAQDVAQR.C,/core/www/modules/show_out/show_out_wrapper.php?run_id=110202&search_id=114132&scans_id=110198&peptide_id=16533&scanf=24915&charge=3&value=K.ADRDESSPYAAMLAAQDVAQR.C,RPS14,3.101e+7,3.343,0.001,2.915,0.000
24916,2,"  3.799","  0.586",16/26,/core/www/modules//sdig/index.php?run_id=110202&search_id=114132&scans_id=110198&peptide_id=16534&scanf=24916&charge=2&value=16/26,sp|P14625|ENPL_HUMAN,/core/www/modules//consensus/?run_id=110202&search_id=114132&scans_id=110198&peptide_id=16534&scanf=24916&charge=2&value=sp|P14625|ENPL_HUMAN,8,/core/www/modules/match_peptides/blast_html4.php?run_id=110202&search_id=114132&scans_id=110198&peptide_id=16534&scanf=24916&charge=2&value=8,K.GVVDSDDLPLNVSR.E,/core/www/modules/show_out/show_out_wrapper.php?run_id=110202&search_id=114132&scans_id=110198&peptide_id=16534&scanf=24916&charge=2&value=K.GVVDSDDLPLNVSR.E,HSP90B1,5.465e+7,3.617,0.000,3.322,0.000
24922,3,"  3.924","  0.483",14/48,/core/www/modules//sdig/index.php?run_id=110202&search_id=114132&scans_id=110198&peptide_id=16541&scanf=24922&charge=3&value=14/48,sp|P30101|PDIA3_HUMAN,/core/www/modules//consensus/?run_id=110202&search_id=114132&scans_id=110198&peptide_id=16541&scanf=24922&charge=3&value=sp|P30101|PDIA3_HUMAN,4,/core/www/modules/match_peptides/blast_html4.php?run_id=110202&search_id=114132&scans_id=110198&peptide_id=16541&scanf=24922&charge=3&value=4,R.GFPTIYFSPANKK.L,/core/www/modules/show_out/show_out_wrapper.php?run_id=110202&search_id=114132&scans_id=110198&peptide_id=16541&scanf=24922&charge=3&value=R.GFPTIYFSPANKK.L,PDIA3,8.023e+6,2.972,0.004,2.367,0.000
24923,2,"  2.049","  0.239",8/14,/core/www/modules//sdig/index.php?run_id=110202&search_id=114132&scans_id=110198&peptide_id=16542&scanf=24923&charge=2&value=8/14,sp|Q9BQ04|RBM4B_HUMAN,/core/www/modules//consensus/?run_id=110202&search_id=114132&scans_id=110198&peptide_id=16542&scanf=24923&charge=2&value=sp|Q9BQ04|RBM4B_HUMAN,7,/core/www/modules/match_peptides/blast_html4.php?run_id=110202&search_id=114132&scans_id=110198&peptide_id=16542&scanf=24923&charge=2&value=7,K.LFIGNLPR.E,/core/www/modules/show_out/show_out_wrapper.php?run_id=110202&search_id=114132&scans_id=110198&peptide_id=16542&scanf=24923&charge=2&value=K.LFIGNLPR.E,RBM4B,1.577e+8,2.391,0.030,1.516,0.001
24926,3,"  2.113","  0.306",9/40,/core/www/modules//sdig/index.php?run_id=110202&search_id=114132&scans_id=110198&peptide_id=16545&scanf=24926&charge=3&value=9/40,tr|A0A0U1RQF0|A0A0U1RQF0_HUMAN,/core/www/modules//consensus/?run_id=110202&search_id=114132&scans_id=110198&peptide_id=16545&scanf=24926&charge=3&value=tr|A0A0U1RQF0|A0A0U1RQF0_HUMAN,2,/core/www/modules/match_peptides/blast_html4.php?run_id=110202&search_id=114132&scans_id=110198&peptide_id=16545&scanf=24926&charge=3&value=2,R.FDASFFGVHPK.Q,/core/www/modules/show_out/show_out_wrapper.php?run_id=110202&search_id=114132&scans_id=110198&peptide_id=16545&scanf=24926&charge=3&value=R.FDASFFGVHPK.Q,FASN,6.715e+6,2.493,0.022,1.664,0.001
24929,3,"  3.539","  0.607",20/84,/core/www/modules//sdig/index.php?run_id=110202&search_id=114132&scans_id=110198&peptide_id=16548&scanf=24929&charge=3&value=20/84,sp|P60709|ACTB_HUMAN,/core/www/modules//consensus/?run_id=110202&search_id=114132&scans_id=110198&peptide_id=16548&scanf=24929&charge=3&value=sp|P60709|ACTB_HUMAN,6,/core/www/modules/match_peptides/blast_html4.php?run_id=110202&search_id=114132&scans_id=110198&peptide_id=16548&scanf=24929&charge=3&value=6,R.KDLYANTVLSGGTTM*YPGIADR.M,/core/www/modules/show_out/show_out_wrapper.php?run_id=110202&search_id=114132&scans_id=110198&peptide_id=16548&scanf=24929&charge=3&value=R.KDLYANTVLSGGTTM*YPGIADR.M,ACTB,1.210e+7,3.461,0.001,3.091,0.000
24933,2,"  1.980","  0.481",10/14,/core/www/modules//sdig/index.php?run_id=110202&search_id=114132&scans_id=110198&peptide_id=16552&scanf=24933&charge=2&value=10/14,sp|P55060|XPO2_HUMAN,/core/www/modules//consensus/?run_id=110202&search_id=114132&scans_id=110198&peptide_id=16552&scanf=24933&charge=2&value=sp|P55060|XPO2_HUMAN,0,/core/www/modules/match_peptides/blast_html4.php?run_id=110202&search_id=114132&scans_id=110198&peptide_id=16552&scanf=24933&charge=2&value=0,K.MFGMVLEK.I,/core/www/modules/show_out/show_out_wrapper.php?run_id=110202&search_id=114132&scans_id=110198&peptide_id=16552&scanf=24933&charge=2&value=K.MFGMVLEK.I,CSE1L,2.006e+7,3.463,0.001,3.093,0.000
24934,2,"  1.196","  0.360",7/14,/core/www/modules//sdig/index.php?run_id=110202&search_id=114132&scans_id=110198&peptide_id=16553&scanf=24934&charge=2&value=7/14,sp|O15042|SR140_HUMAN,/core/www/modules//consensus/?run_id=110202&search_id=114132&scans_id=110198&peptide_id=16553&scanf=24934&charge=2&value=sp|O15042|SR140_HUMAN,3,/core/www/modules/match_peptides/blast_html4.php?run_id=110202&search_id=114132&scans_id=110198&peptide_id=16553&scanf=24934&charge=2&value=3,K.MIMSFEMK.L,/core/www/modules/show_out/show_out_wrapper.php?run_id=110202&search_id=114132&scans_id=110198&peptide_id=16553&scanf=24934&charge=2&value=K.MIMSFEMK.L,U2SURP,1.385e+7,2.633,0.014,1.868,0.000
24939,3,"  2.576","  0.468",17/32,/core/www/modules//sdig/index.php?run_id=110202&search_id=114132&scans_id=110198&peptide_id=16558&scanf=24939&charge=3&value=17/32,sp|O75534|CSDE1_HUMAN,/core/www/modules//consensus/?run_id=110202&search_id=114132&scans_id=110198&peptide_id=16558&scanf=24939&charge=3&value=sp|O75534|CSDE1_HUMAN,16,/core/www/modules/match_peptides/blast_html4.php?run_id=110202&search_id=114132&scans_id=110198&peptide_id=16558&scanf=24939&charge=3&value=16,R.IKVDFVIPK.E,/core/www/modules/show_out/show_out_wrapper.php?run_id=110202&search_id=114132&scans_id=110198&peptide_id=16558&scanf=24939&charge=3&value=R.IKVDFVIPK.E,CSDE1,7.113e+6,3.260,0.002,2.793,0.000
24941,2,"  3.038","  0.319",11/18,/core/www/modules//sdig/index.php?run_id=110202&search_id=114132&scans_id=110198&peptide_id=16561&scanf=24941&charge=2&value=11/18,sp|Q01085|TIAR_HUMAN,/core/www/modules//consensus/?run_id=110202&search_id=114132&scans_id=110198&peptide_id=16561&scanf=24941&charge=2&value=sp|Q01085|TIAR_HUMAN,1,/core/www/modules/match_peptides/blast_html4.php?run_id=110202&search_id=114132&scans_id=110198&peptide_id=16561&scanf=24941&charge=2&value=1,K.GYGFVSFYNK.L,/core/www/modules/show_out/show_out_wrapper.php?run_id=110202&search_id=114132&scans_id=110198&peptide_id=16561&scanf=24941&charge=2&value=K.GYGFVSFYNK.L,TIAL1,6.648e+6,2.705,0.011,1.974,0.000
24946,3,"  4.744","  0.561",12/56,/core/www/modules//sdig/index.php?run_id=110202&search_id=114132&scans_id=110198&peptide_id=16566&scanf=24946&charge=3&value=12/56,sp|Q6PD62|CTR9_HUMAN,/core/www/modules//consensus/?run_id=110202&search_id=114132&scans_id=110198&peptide_id=16566&scanf=24946&charge=3&value=sp|Q6PD62|CTR9_HUMAN,0,/core/www/modules/match_peptides/blast_html4.php?run_id=110202&search_id=114132&scans_id=110198&peptide_id=16566&scanf=24946&charge=3&value=0,K.NLYAANGIGAVLAHK.G,/core/www/modules/show_out/show_out_wrapper.php?run_id=110202&search_id=114132&scans_id=110198&peptide_id=16566&scanf=24946&charge=3&value=K.NLYAANGIGAVLAHK.G,CTR9,3.954e+6,3.317,0.001,2.877,0.000
24953,2,"  2.478","  0.405",10/16,/core/www/modules//sdig/index.php?run_id=110202&search_id=114132&scans_id=110198&peptide_id=16573&scanf=24953&charge=2&value=10/16,sp|Q8N8A6|DDX51_HUMAN,/core/www/modules//consensus/?run_id=110202&search_id=114132&scans_id=110198&peptide_id=16573&scanf=24953&charge=2&value=sp|Q8N8A6|DDX51_HUMAN,0,/core/www/modules/match_peptides/blast_html4.php?run_id=110202&search_id=114132&scans_id=110198&peptide_id=16573&scanf=24953&charge=2&value=0,R.FLIIDEADR.M,/core/www/modules/show_out/show_out_wrapper.php?run_id=110202&search_id=114132&scans_id=110198&peptide_id=16573&scanf=24953&charge=2&value=R.FLIIDEADR.M,DDX51,1.420e+7,3.052,0.003,2.485,0.000
24955,2,"  1.831","  0.117",10/14,/core/www/modules//sdig/index.php?run_id=110202&search_id=114132&scans_id=110198&peptide_id=16575&scanf=24955&charge=2&value=10/14,sp|Q02040|AK17A_HUMAN,/core/www/modules//consensus/?run_id=110202&search_id=114132&scans_id=110198&peptide_id=16575&scanf=24955&charge=2&value=sp|Q02040|AK17A_HUMAN,1,/core/www/modules/match_peptides/blast_html4.php?run_id=110202&search_id=114132&scans_id=110198&peptide_id=16575&scanf=24955&charge=2&value=1,R.LIAELLSR.A,/core/www/modules/show_out/show_out_wrapper.php?run_id=110202&search_id=114132&scans_id=110198&peptide_id=16575&scanf=24955&charge=2&value=R.LIAELLSR.A,AKAP17A,3.963e+7,2.208,0.055,1.257,0.002
24958,2,"  3.340","  0.554",11/24,/core/www/modules//sdig/index.php?run_id=110202&search_id=114132&scans_id=110198&peptide_id=16578&scanf=24958&charge=2&value=11/24,sp|P34932|HSP74_HUMAN,/core/www/modules//consensus/?run_id=110202&search_id=114132&scans_id=110198&peptide_id=16578&scanf=24958&charge=2&value=sp|P34932|HSP74_HUMAN,0,/core/www/modules/match_peptides/blast_html4.php?run_id=110202&search_id=114132&scans_id=110198&peptide_id=16578&scanf=24958&charge=2&value=0,K.VLATAFDTTLGGR.K,/core/www/modules/show_out/show_out_wrapper.php?run_id=110202&search_id=114132&scans_id=110198&peptide_id=16578&scanf=24958&charge=2&value=K.VLATAFDTTLGGR.K,HSPA4,1.156e+7,3.180,0.002,2.674,0.000
24959,4,"  3.695","  0.378",13/108,/core/www/modules//sdig/index.php?run_id=110202&search_id=114132&scans_id=110198&peptide_id=16579&scanf=24959&charge=4&value=13/108,sp|Q9P2R7|SUCB1_HUMAN,/core/www/modules//consensus/?run_id=110202&search_id=114132&scans_id=110198&peptide_id=16579&scanf=24959&charge=4&value=sp|Q9P2R7|SUCB1_HUMAN,3,/core/www/modules/match_peptides/blast_html4.php?run_id=110202&search_id=114132&scans_id=110198&peptide_id=16579&scanf=24959&charge=4&value=3,K.IFDLQDWTQEDERDKDAAK.A,/core/www/modules/show_out/show_out_wrapper.php?run_id=110202&search_id=114132&scans_id=110198&peptide_id=16579&scanf=24959&charge=4&value=K.IFDLQDWTQEDERDKDAAK.A,SUCLA2,7.329e+6,2.270,0.045,1.343,0.002
24960,3,"  3.890","  0.637",15/60,/core/www/modules//sdig/index.php?run_id=110202&search_id=114132&scans_id=110198&peptide_id=16581&scanf=24960&charge=3&value=15/60,sp|P46100|ATRX_HUMAN,/core/www/modules//consensus/?run_id=110202&search_id=114132&scans_id=110198&peptide_id=16581&scanf=24960&charge=3&value=sp|P46100|ATRX_HUMAN,1,/core/www/modules/match_peptides/blast_html4.php?run_id=110202&search_id=114132&scans_id=110198&peptide_id=16581&scanf=24960&charge=3&value=1,K.DFVTDADAEVLEHSGK.M,/core/www/modules/show_out/show_out_wrapper.php?run_id=110202&search_id=114132&scans_id=110198&peptide_id=16581&scanf=24960&charge=3&value=K.DFVTDADAEVLEHSGK.M,ATRX,5.614e+6,3.489,0.001,3.131,0.000
24962,2,"  4.893","  0.741",25/36,/core/www/modules//sdig/index.php?run_id=110202&search_id=114132&scans_id=110198&peptide_id=16583&scanf=24962&charge=2&value=25/36,sp|O00567|NOP56_HUMAN,/core/www/modules//consensus/?run_id=110202&search_id=114132&scans_id=110198&peptide_id=16583&scanf=24962&charge=2&value=sp|O00567|NOP56_HUMAN,0,/core/www/modules/match_peptides/blast_html4.php?run_id=110202&search_id=114132&scans_id=110198&peptide_id=16583&scanf=24962&charge=2&value=0,K.EELMSSDLEETAGSTSIPK.R,/core/www/modules/show_out/show_out_wrapper.php?run_id=110202&search_id=114132&scans_id=110198&peptide_id=16583&scanf=24962&charge=2&value=K.EELMSSDLEETAGSTSIPK.R,NOP56,5.055e+6,4.119,0.000,4.065,0.000
24963,3,"  3.066","  0.439",15/40,/core/www/modules//sdig/index.php?run_id=110202&search_id=114132&scans_id=110198&peptide_id=16584&scanf=24963&charge=3&value=15/40,sp|P46939|UTRN_HUMAN,/core/www/modules//consensus/?run_id=110202&search_id=114132&scans_id=110198&peptide_id=16584&scanf=24963&charge=3&value=sp|P46939|UTRN_HUMAN,0,/core/www/modules/match_peptides/blast_html4.php?run_id=110202&search_id=114132&scans_id=110198&peptide_id=16584&scanf=24963&charge=3&value=0,R.ELTNLLGLHPK.I,/core/www/modules/show_out/show_out_wrapper.php?run_id=110202&search_id=114132&scans_id=110198&peptide_id=16584&scanf=24963&charge=3&value=R.ELTNLLGLHPK.I,UTRN,7.235e+6,3.266,0.002,2.801,0.000
24966,3,"  1.571","  0.214",10/48,/core/www/modules//sdig/index.php?run_id=110202&search_id=114132&scans_id=110198&peptide_id=16587&scanf=24966&charge=3&value=10/48,sp|P24928|RPB1_HUMAN,/core/www/modules//consensus/?run_id=110202&search_id=114132&scans_id=110198&peptide_id=16587&scanf=24966&charge=3&value=sp|P24928|RPB1_HUMAN,1,/core/www/modules/match_peptides/blast_html4.php?run_id=110202&search_id=114132&scans_id=110198&peptide_id=16587&scanf=24966&charge=3&value=1,R.VQFGVLSPDELKR.M,/core/www/modules/show_out/show_out_wrapper.php?run_id=110202&search_id=114132&scans_id=110198&peptide_id=16587&scanf=24966&charge=3&value=R.VQFGVLSPDELKR.M,POLR2A,3.083e+6,1.812,0.185,0.734,0.010
24967,2,"  1.457","  0.253",8/18,/core/www/modules//sdig/index.php?run_id=110202&search_id=114132&scans_id=110198&peptide_id=16588&scanf=24967&charge=2&value=8/18,sp|Q8N3C0|ASCC3_HUMAN,/core/www/modules//consensus/?run_id=110202&search_id=114132&scans_id=110198&peptide_id=16588&scanf=24967&charge=2&value=sp|Q8N3C0|ASCC3_HUMAN,0,/core/www/modules/match_peptides/blast_html4.php?run_id=110202&search_id=114132&scans_id=110198&peptide_id=16588&scanf=24967&charge=2&value=0,R.RLEPLGIIVK.E,/core/www/modules/show_out/show_out_wrapper.php?run_id=110202&search_id=114132&scans_id=110198&peptide_id=16588&scanf=24967&charge=2&value=R.RLEPLGIIVK.E,ASCC3,5.864e+6,1.883,0.151,0.821,0.008
24974,2,"  2.521","  0.592",12/18,/core/www/modules//sdig/index.php?run_id=110202&search_id=114132&scans_id=110198&peptide_id=16595&scanf=24974&charge=2&value=12/18,sp|Q5SSJ5|HP1B3_HUMAN,/core/www/modules//consensus/?run_id=110202&search_id=114132&scans_id=110198&peptide_id=16595&scanf=24974&charge=2&value=sp|Q5SSJ5|HP1B3_HUMAN,2,/core/www/modules/match_peptides/blast_html4.php?run_id=110202&search_id=114132&scans_id=110198&peptide_id=16595&scanf=24974&charge=2&value=2,K.MDAILTEAIK.A,/core/www/modules/show_out/show_out_wrapper.php?run_id=110202&search_id=114132&scans_id=110198&peptide_id=16595&scanf=24974&charge=2&value=K.MDAILTEAIK.A,HP1BP3,1.744e+8,3.682,0.000,3.418,0.000
24975,3,"  2.983","  0.438",15/44,/core/www/modules//sdig/index.php?run_id=110202&search_id=114132&scans_id=110198&peptide_id=16596&scanf=24975&charge=3&value=15/44,sp|Q5UIP0|RIF1_HUMAN,/core/www/modules//consensus/?run_id=110202&search_id=114132&scans_id=110198&peptide_id=16596&scanf=24975&charge=3&value=sp|Q5UIP0|RIF1_HUMAN,1,/core/www/modules/match_peptides/blast_html4.php?run_id=110202&search_id=114132&scans_id=110198&peptide_id=16596&scanf=24975&charge=3&value=1,K.LVIPLVVHSAQK.V,/core/www/modules/show_out/show_out_wrapper.php?run_id=110202&search_id=114132&scans_id=110198&peptide_id=16596&scanf=24975&charge=3&value=K.LVIPLVVHSAQK.V,RIF1,7.810e+7,3.055,0.003,2.490,0.000
24977,2,"  2.218","  0.532",10/18,/core/www/modules//sdig/index.php?run_id=110202&search_id=114132&scans_id=110198&peptide_id=16598&scanf=24977&charge=2&value=10/18,sp|O60763|USO1_HUMAN,/core/www/modules//consensus/?run_id=110202&search_id=114132&scans_id=110198&peptide_id=16598&scanf=24977&charge=2&value=sp|O60763|USO1_HUMAN,0,/core/www/modules/match_peptides/blast_html4.php?run_id=110202&search_id=114132&scans_id=110198&peptide_id=16598&scanf=24977&charge=2&value=0,K.IVAFENAFER.L,/core/www/modules/show_out/show_out_wrapper.php?run_id=110202&search_id=114132&scans_id=110198&peptide_id=16598&scanf=24977&charge=2&value=K.IVAFENAFER.L,USO1,1.672e+7,3.274,0.002,2.813,0.000
24978,3,"  2.507","  0.428",13/40,/core/www/modules//sdig/index.php?run_id=110202&search_id=114132&scans_id=110198&peptide_id=16599&scanf=24978&charge=3&value=13/40,sp|P46939|UTRN_HUMAN,/core/www/modules//consensus/?run_id=110202&search_id=114132&scans_id=110198&peptide_id=16599&scanf=24978&charge=3&value=sp|P46939|UTRN_HUMAN,0,/core/www/modules/match_peptides/blast_html4.php?run_id=110202&search_id=114132&scans_id=110198&peptide_id=16599&scanf=24978&charge=3&value=0,R.ELTNLLGLHPK.I,/core/www/modules/show_out/show_out_wrapper.php?run_id=110202&search_id=114132&scans_id=110198&peptide_id=16599&scanf=24978&charge=3&value=R.ELTNLLGLHPK.I,UTRN,7.235e+6,3.124,0.003,2.592,0.000
24979,3,"  2.685","  0.478",14/52,/core/www/modules//sdig/index.php?run_id=110202&search_id=114132&scans_id=110198&peptide_id=16600&scanf=24979&charge=3&value=14/52,sp|Q15149|PLEC_HUMAN,/core/www/modules//consensus/?run_id=110202&search_id=114132&scans_id=110198&peptide_id=16600&scanf=24979&charge=3&value=sp|Q15149|PLEC_HUMAN,5,/core/www/modules/match_peptides/blast_html4.php?run_id=110202&search_id=114132&scans_id=110198&peptide_id=16600&scanf=24979&charge=3&value=5,R.SLESLHSFVAAATK.E,/core/www/modules/show_out/show_out_wrapper.php?run_id=110202&search_id=114132&scans_id=110198&peptide_id=16600&scanf=24979&charge=3&value=R.SLESLHSFVAAATK.E,PLEC,2.813e+7,3.575,0.001,3.260,0.000
24980,2,"  1.801","  0.236",10/16,/core/www/modules//sdig/index.php?run_id=110202&search_id=114132&scans_id=110198&peptide_id=16602&scanf=24980&charge=2&value=10/16,sp|Q14152|EIF3A_HUMAN,/core/www/modules//consensus/?run_id=110202&search_id=114132&scans_id=110198&peptide_id=16602&scanf=24980&charge=2&value=sp|Q14152|EIF3A_HUMAN,0,/core/www/modules/match_peptides/blast_html4.php?run_id=110202&search_id=114132&scans_id=110198&peptide_id=16602&scanf=24980&charge=2&value=0,R.IGLINDMVR.F,/core/www/modules/show_out/show_out_wrapper.php?run_id=110202&search_id=114132&scans_id=110198&peptide_id=16602&scanf=24980&charge=2&value=R.IGLINDMVR.F,EIF3A,5.308e+7,2.501,0.021,1.676,0.001
24986,2,"  2.277","  0.323",10/16,/core/www/modules//sdig/index.php?run_id=110202&search_id=114132&scans_id=110198&peptide_id=16608&scanf=24986&charge=2&value=10/16,sp|P82914|RT15_HUMAN,/core/www/modules//consensus/?run_id=110202&search_id=114132&scans_id=110198&peptide_id=16608&scanf=24986&charge=2&value=sp|P82914|RT15_HUMAN,0,/core/www/modules/match_peptides/blast_html4.php?run_id=110202&search_id=114132&scans_id=110198&peptide_id=16608&scanf=24986&charge=2&value=0,R.YLLMSIDQR.K,/core/www/modules/show_out/show_out_wrapper.php?run_id=110202&search_id=114132&scans_id=110198&peptide_id=16608&scanf=24986&charge=2&value=R.YLLMSIDQR.K,MRPS15,9.032e+6,2.736,0.010,2.019,0.000
24987,2,"  1.221","  0.053",8/12,/core/www/modules//sdig/index.php?run_id=110202&search_id=114132&scans_id=110198&peptide_id=16609&scanf=24987&charge=2&value=8/12,sp|Q9NV31|IMP3_HUMAN,/core/www/modules//consensus/?run_id=110202&search_id=114132&scans_id=110198&peptide_id=16609&scanf=24987&charge=2&value=sp|Q9NV31|IMP3_HUMAN,0,/core/www/modules/match_peptides/blast_html4.php?run_id=110202&search_id=114132&scans_id=110198&peptide_id=16609&scanf=24987&charge=2&value=0,R.LPTVLLK.L,/core/www/modules/show_out/show_out_wrapper.php?run_id=110202&search_id=114132&scans_id=110198&peptide_id=16609&scanf=24987&charge=2&value=R.LPTVLLK.L,IMP3,4.210e+6,1.913,0.138,0.860,0.007
24989,3,"  4.760","  0.647",18/64,/core/www/modules//sdig/index.php?run_id=110202&search_id=114132&scans_id=110198&peptide_id=16611&scanf=24989&charge=3&value=18/64,sp|P46063|RECQ1_HUMAN,/core/www/modules//consensus/?run_id=110202&search_id=114132&scans_id=110198&peptide_id=16611&scanf=24989&charge=3&value=sp|P46063|RECQ1_HUMAN,0,/core/www/modules/match_peptides/blast_html4.php?run_id=110202&search_id=114132&scans_id=110198&peptide_id=16611&scanf=24989&charge=3&value=0,K.ANLLNNEAHAITMQVTK.S,/core/www/modules/show_out/show_out_wrapper.php?run_id=110202&search_id=114132&scans_id=110198&peptide_id=16611&scanf=24989&charge=3&value=K.ANLLNNEAHAITMQVTK.S,RECQL,6.491e+7,3.659,0.000,3.384,0.000
24992,3,"  3.112","  0.536",15/36,/core/www/modules//sdig/index.php?run_id=110202&search_id=114132&scans_id=110198&peptide_id=16615&scanf=24992&charge=3&value=15/36,sp|P51114|FXR1_HUMAN,/core/www/modules//consensus/?run_id=110202&search_id=114132&scans_id=110198&peptide_id=16615&scanf=24992&charge=3&value=sp|P51114|FXR1_HUMAN,7,/core/www/modules/match_peptides/blast_html4.php?run_id=110202&search_id=114132&scans_id=110198&peptide_id=16615&scanf=24992&charge=3&value=7,R.VNILSDMHLR.S,/core/www/modules/show_out/show_out_wrapper.php?run_id=110202&search_id=114132&scans_id=110198&peptide_id=16615&scanf=24992&charge=3&value=R.VNILSDMHLR.S,FXR1,8.782e+7,3.651,0.000,3.372,0.000
24995,2,"  1.618","  0.149",7/12,/core/www/modules//sdig/index.php?run_id=110202&search_id=114132&scans_id=110198&peptide_id=16617&scanf=24995&charge=2&value=7/12,sp|P09874|PARP1_HUMAN,/core/www/modules//consensus/?run_id=110202&search_id=114132&scans_id=110198&peptide_id=16617&scanf=24995&charge=2&value=sp|P09874|PARP1_HUMAN,3,/core/www/modules/match_peptides/blast_html4.php?run_id=110202&search_id=114132&scans_id=110198&peptide_id=16617&scanf=24995&charge=2&value=3,K.ELLIFNK.Q,/core/www/modules/show_out/show_out_wrapper.php?run_id=110202&search_id=114132&scans_id=110198&peptide_id=16617&scanf=24995&charge=2&value=K.ELLIFNK.Q,PARP1,4.714e+7,2.270,0.045,1.343,0.002
24996,2,"  2.417","  0.436",10/20,/core/www/modules//sdig/index.php?run_id=110202&search_id=114132&scans_id=110198&peptide_id=16618&scanf=24996&charge=2&value=10/20,sp|Q08945|SSRP1_HUMAN,/core/www/modules//consensus/?run_id=110202&search_id=114132&scans_id=110198&peptide_id=16618&scanf=24996&charge=2&value=sp|Q08945|SSRP1_HUMAN,0,/core/www/modules/match_peptides/blast_html4.php?run_id=110202&search_id=114132&scans_id=110198&peptide_id=16618&scanf=24996&charge=2&value=0,K.ASSGLLYPLER.G,/core/www/modules/show_out/show_out_wrapper.php?run_id=110202&search_id=114132&scans_id=110198&peptide_id=16618&scanf=24996&charge=2&value=K.ASSGLLYPLER.G,SSRP1,2.015e+8,2.884,0.006,2.236,0.000
24997,4,"  3.111","  0.496",16/102,/core/www/modules//sdig/index.php?run_id=110202&search_id=114132&scans_id=110198&peptide_id=16619&scanf=24997&charge=4&value=16/102,sp|Q8IWX8|CHERP_HUMAN,/core/www/modules//consensus/?run_id=110202&search_id=114132&scans_id=110198&peptide_id=16619&scanf=24997&charge=4&value=sp|Q8IWX8|CHERP_HUMAN,1,/core/www/modules/match_peptides/blast_html4.php?run_id=110202&search_id=114132&scans_id=110198&peptide_id=16619&scanf=24997&charge=4&value=1,R.LLAAVEAFYSPPSHDRPR.N,/core/www/modules/show_out/show_out_wrapper.php?run_id=110202&search_id=114132&scans_id=110198&peptide_id=16619&scanf=24997&charge=4&value=R.LLAAVEAFYSPPSHDRPR.N,CHERP,1.313e+7,3.253,0.002,2.783,0.000
24998,3,"  3.456","  0.481",16/48,/core/www/modules//sdig/index.php?run_id=110202&search_id=114132&scans_id=110198&peptide_id=16620&scanf=24998&charge=3&value=16/48,sp|Q9UIF9|BAZ2A_HUMAN,/core/www/modules//consensus/?run_id=110202&search_id=114132&scans_id=110198&peptide_id=16620&scanf=24998&charge=3&value=sp|Q9UIF9|BAZ2A_HUMAN,3,/core/www/modules/match_peptides/blast_html4.php?run_id=110202&search_id=114132&scans_id=110198&peptide_id=16620&scanf=24998&charge=3&value=3,R.EPLWPTHEVVLEK.A,/core/www/modules/show_out/show_out_wrapper.php?run_id=110202&search_id=114132&scans_id=110198&peptide_id=16620&scanf=24998&charge=3&value=R.EPLWPTHEVVLEK.A,BAZ2A,1.136e+7,3.272,0.002,2.811,0.000
25000,2,"  3.303","  0.635",15/26,/core/www/modules//sdig/index.php?run_id=110202&search_id=114132&scans_id=110198&peptide_id=16623&scanf=25000&charge=2&value=15/26,sp|O43707|ACTN4_HUMAN,/core/www/modules//consensus/?run_id=110202&search_id=114132&scans_id=110198&peptide_id=16623&scanf=25000&charge=2&value=sp|O43707|ACTN4_HUMAN,29,/core/www/modules/match_peptides/blast_html4.php?run_id=110202&search_id=114132&scans_id=110198&peptide_id=16623&scanf=25000&charge=2&value=29,R.FAIQDISVEETSAK.E,/core/www/modules/show_out/show_out_wrapper.php?run_id=110202&search_id=114132&scans_id=110198&peptide_id=16623&scanf=25000&charge=2&value=R.FAIQDISVEETSAK.E,ACTN4,6.628e+7,3.929,0.000,3.784,0.000
25001,2,"  1.502","  0.407",8/14,/core/www/modules//sdig/index.php?run_id=110202&search_id=114132&scans_id=110198&peptide_id=16624&scanf=25001&charge=2&value=8/14,sp|Q96JB5|CK5P3_HUMAN,/core/www/modules//consensus/?run_id=110202&search_id=114132&scans_id=110198&peptide_id=16624&scanf=25001&charge=2&value=sp|Q96JB5|CK5P3_HUMAN,2,/core/www/modules/match_peptides/blast_html4.php?run_id=110202&search_id=114132&scans_id=110198&peptide_id=16624&scanf=25001&charge=2&value=2,R.GELLALVK.D,/core/www/modules/show_out/show_out_wrapper.php?run_id=110202&search_id=114132&scans_id=110198&peptide_id=16624&scanf=25001&charge=2&value=R.GELLALVK.D,CDK5RAP3,1.425e+7,2.924,0.005,2.296,0.000
25002,2,"  2.358","  0.294",12/18,/core/www/modules//sdig/index.php?run_id=110202&search_id=114132&scans_id=110198&peptide_id=16625&scanf=25002&charge=2&value=12/18,sp|Q8NFD5|ARI1B_HUMAN,/core/www/modules//consensus/?run_id=110202&search_id=114132&scans_id=110198&peptide_id=16625&scanf=25002&charge=2&value=sp|Q8NFD5|ARI1B_HUMAN,10,/core/www/modules/match_peptides/blast_html4.php?run_id=110202&search_id=114132&scans_id=110198&peptide_id=16625&scanf=25002&charge=2&value=10,K.HPGLVLILGK.L,/core/www/modules/show_out/show_out_wrapper.php?run_id=110202&search_id=114132&scans_id=110198&peptide_id=16625&scanf=25002&charge=2&value=K.HPGLVLILGK.L,ARID1B,8.943e+6,2.625,0.014,1.856,0.000
25003,3,"  3.548","  0.574",13/56,/core/www/modules//sdig/index.php?run_id=110202&search_id=114132&scans_id=110198&peptide_id=16626&scanf=25003&charge=3&value=13/56,sp|Q9H2P0|ADNP_HUMAN,/core/www/modules//consensus/?run_id=110202&search_id=114132&scans_id=110198&peptide_id=16626&scanf=25003&charge=3&value=sp|Q9H2P0|ADNP_HUMAN,2,/core/www/modules/match_peptides/blast_html4.php?run_id=110202&search_id=114132&scans_id=110198&peptide_id=16626&scanf=25003&charge=3&value=2,K.SYEALVQHVIEDHER.I,/core/www/modules/show_out/show_out_wrapper.php?run_id=110202&search_id=114132&scans_id=110198&peptide_id=16626&scanf=25003&charge=3&value=K.SYEALVQHVIEDHER.I,ADNP,9.256e+6,3.297,0.001,2.848,0.000
25004,2,"  1.790","  0.296",6/20,/core/www/modules//sdig/index.php?run_id=110202&search_id=114132&scans_id=110198&peptide_id=16627&scanf=25004&charge=2&value=6/20,sp|P55010|IF5_HUMAN,/core/www/modules//consensus/?run_id=110202&search_id=114132&scans_id=110198&peptide_id=16627&scanf=25004&charge=2&value=sp|P55010|IF5_HUMAN,6,/core/www/modules/match_peptides/blast_html4.php?run_id=110202&search_id=114132&scans_id=110198&peptide_id=16627&scanf=25004&charge=2&value=6,K.TVIVNMVDVAK.A,/core/www/modules/show_out/show_out_wrapper.php?run_id=110202&search_id=114132&scans_id=110198&peptide_id=16627&scanf=25004&charge=2&value=K.TVIVNMVDVAK.A,EIF5,5.340e+6,2.010,0.104,0.985,0.005
25005,2,"  3.347","  0.608",13/20,/core/www/modules//sdig/index.php?run_id=110202&search_id=114132&scans_id=110198&peptide_id=16628&scanf=25005&charge=2&value=13/20,sp|P62937|PPIA_HUMAN,/core/www/modules//consensus/?run_id=110202&search_id=114132&scans_id=110198&peptide_id=16628&scanf=25005&charge=2&value=sp|P62937|PPIA_HUMAN,0,/core/www/modules/match_peptides/blast_html4.php?run_id=110202&search_id=114132&scans_id=110198&peptide_id=16628&scanf=25005&charge=2&value=0,K.EGMNIVEAMER.F,/core/www/modules/show_out/show_out_wrapper.php?run_id=110202&search_id=114132&scans_id=110198&peptide_id=16628&scanf=25005&charge=2&value=K.EGMNIVEAMER.F,PPIA,6.665e+7,3.712,0.000,3.462,0.000
25010,3,"  2.956","  0.266",10/40,/core/www/modules//sdig/index.php?run_id=110202&search_id=114132&scans_id=110198&peptide_id=16634&scanf=25010&charge=3&value=10/40,sp|Q9Y3A2|UTP11_HUMAN,/core/www/modules//consensus/?run_id=110202&search_id=114132&scans_id=110198&peptide_id=16634&scanf=25010&charge=3&value=sp|Q9Y3A2|UTP11_HUMAN,0,/core/www/modules/match_peptides/blast_html4.php?run_id=110202&search_id=114132&scans_id=110198&peptide_id=16634&scanf=25010&charge=3&value=0,K.SELHLLDFQGK.Q,/core/www/modules/show_out/show_out_wrapper.php?run_id=110202&search_id=114132&scans_id=110198&peptide_id=16634&scanf=25010&charge=3&value=K.SELHLLDFQGK.Q,UTP11,5.340e+6,2.370,0.033,1.487,0.001
25019,3,"  2.232","  0.501",14/40,/core/www/modules//sdig/index.php?run_id=110202&search_id=114132&scans_id=110198&peptide_id=16642&scanf=25019&charge=3&value=14/40,sp|Q02880|TOP2B_HUMAN,/core/www/modules//consensus/?run_id=110202&search_id=114132&scans_id=110198&peptide_id=16642&scanf=25019&charge=3&value=sp|Q02880|TOP2B_HUMAN,4,/core/www/modules/match_peptides/blast_html4.php?run_id=110202&search_id=114132&scans_id=110198&peptide_id=16642&scanf=25019&charge=3&value=4,K.LDKDIVALMTR.R,/core/www/modules/show_out/show_out_wrapper.php?run_id=110202&search_id=114132&scans_id=110198&peptide_id=16642&scanf=25019&charge=3&value=K.LDKDIVALMTR.R,TOP2B,3.274e+7,3.161,0.002,2.646,0.000
25022,3,"  1.938","  0.180",11/40,/core/www/modules//sdig/index.php?run_id=110202&search_id=114132&scans_id=110198&peptide_id=16646&scanf=25022&charge=3&value=11/40,sp|P49736|MCM2_HUMAN,/core/www/modules//consensus/?run_id=110202&search_id=114132&scans_id=110198&peptide_id=16646&scanf=25022&charge=3&value=sp|P49736|MCM2_HUMAN,1,/core/www/modules/match_peptides/blast_html4.php?run_id=110202&search_id=114132&scans_id=110198&peptide_id=16646&scanf=25022&charge=3&value=1,R.ISHLPLVEELR.S,/core/www/modules/show_out/show_out_wrapper.php?run_id=110202&search_id=114132&scans_id=110198&peptide_id=16646&scanf=25022&charge=3&value=R.ISHLPLVEELR.S,MCM2,1.422e+7,2.176,0.061,1.211,0.002
25023,2,"  1.853","  0.288",8/16,/core/www/modules//sdig/index.php?run_id=110202&search_id=114132&scans_id=110198&peptide_id=16647&scanf=25023&charge=2&value=8/16,sp|Q9BSC4|NOL10_HUMAN,/core/www/modules//consensus/?run_id=110202&search_id=114132&scans_id=110198&peptide_id=16647&scanf=25023&charge=2&value=sp|Q9BSC4|NOL10_HUMAN,8,/core/www/modules/match_peptides/blast_html4.php?run_id=110202&search_id=114132&scans_id=110198&peptide_id=16647&scanf=25023&charge=2&value=8,K.SLPEWLSDR.K,/core/www/modules/show_out/show_out_wrapper.php?run_id=110202&search_id=114132&scans_id=110198&peptide_id=16647&scanf=25023&charge=2&value=K.SLPEWLSDR.K,NOL10,1.227e+7,2.255,0.048,1.323,0.002
25029,2,"  3.545","  0.560",13/26,/core/www/modules//sdig/index.php?run_id=110202&search_id=114132&scans_id=110198&peptide_id=16653&scanf=25029&charge=2&value=13/26,sp|Q14669|TRIPC_HUMAN,/core/www/modules//consensus/?run_id=110202&search_id=114132&scans_id=110198&peptide_id=16653&scanf=25029&charge=2&value=sp|Q14669|TRIPC_HUMAN,2,/core/www/modules/match_peptides/blast_html4.php?run_id=110202&search_id=114132&scans_id=110198&peptide_id=16653&scanf=25029&charge=2&value=2,K.GNAQNTDGAIWQWR.D,/core/www/modules/show_out/show_out_wrapper.php?run_id=110202&search_id=114132&scans_id=110198&peptide_id=16653&scanf=25029&charge=2&value=K.GNAQNTDGAIWQWR.D,TRIP12,3.826e+6,3.190,0.002,2.688,0.000
25030,2,"  3.557","  0.598",13/20,/core/www/modules//sdig/index.php?run_id=110202&search_id=114132&scans_id=110198&peptide_id=16654&scanf=25030&charge=2&value=13/20,sp|P54819|KAD2_HUMAN,/core/www/modules//consensus/?run_id=110202&search_id=114132&scans_id=110198&peptide_id=16654&scanf=25030&charge=2&value=sp|P54819|KAD2_HUMAN,5,/core/www/modules/match_peptides/blast_html4.php?run_id=110202&search_id=114132&scans_id=110198&peptide_id=16654&scanf=25030&charge=2&value=5,R.QAEMLDDLMEK.R,/core/www/modules/show_out/show_out_wrapper.php?run_id=110202&search_id=114132&scans_id=110198&peptide_id=16654&scanf=25030&charge=2&value=R.QAEMLDDLMEK.R,AK2,8.624e+6,3.678,0.000,3.413,0.000
25033,2,"  4.110","  0.499",17/30,/core/www/modules//sdig/index.php?run_id=110202&search_id=114132&scans_id=110198&peptide_id=16657&scanf=25033&charge=2&value=17/30,sp|Q8WXA9|SREK1_HUMAN,/core/www/modules//consensus/?run_id=110202&search_id=114132&scans_id=110198&peptide_id=16657&scanf=25033&charge=2&value=sp|Q8WXA9|SREK1_HUMAN,0,/core/www/modules/match_peptides/blast_html4.php?run_id=110202&search_id=114132&scans_id=110198&peptide_id=16657&scanf=25033&charge=2&value=0,R.EAQSFISAAIEPESGK.S,/core/www/modules/show_out/show_out_wrapper.php?run_id=110202&search_id=114132&scans_id=110198&peptide_id=16657&scanf=25033&charge=2&value=R.EAQSFISAAIEPESGK.S,SREK1,3.547e+6,3.084,0.003,2.533,0.000
25040,2,"  2.878","  0.515",13/20,/core/www/modules//sdig/index.php?run_id=110202&search_id=114132&scans_id=110198&peptide_id=16664&scanf=25040&charge=2&value=13/20,sp|Q14204|DYHC1_HUMAN,/core/www/modules//consensus/?run_id=110202&search_id=114132&scans_id=110198&peptide_id=16664&scanf=25040&charge=2&value=sp|Q14204|DYHC1_HUMAN,29,/core/www/modules/match_peptides/blast_html4.php?run_id=110202&search_id=114132&scans_id=110198&peptide_id=16664&scanf=25040&charge=2&value=29,R.LAETVFNFQEK.V,/core/www/modules/show_out/show_out_wrapper.php?run_id=110202&search_id=114132&scans_id=110198&peptide_id=16664&scanf=25040&charge=2&value=R.LAETVFNFQEK.V,DYNC1H1,8.214e+6,3.546,0.001,3.217,0.000
25044,3,"  3.473","  0.457",18/68,/core/www/modules//sdig/index.php?run_id=110202&search_id=114132&scans_id=110198&peptide_id=16668&scanf=25044&charge=3&value=18/68,sp|O43390|HNRPR_HUMAN,/core/www/modules//consensus/?run_id=110202&search_id=114132&scans_id=110198&peptide_id=16668&scanf=25044&charge=3&value=sp|O43390|HNRPR_HUMAN,3,/core/www/modules/match_peptides/blast_html4.php?run_id=110202&search_id=114132&scans_id=110198&peptide_id=16668&scanf=25044&charge=3&value=3,K.EIEGEEIEIVLAKPPDKK.R,/core/www/modules/show_out/show_out_wrapper.php?run_id=110202&search_id=114132&scans_id=110198&peptide_id=16668&scanf=25044&charge=3&value=K.EIEGEEIEIVLAKPPDKK.R,HNRNPR,7.658e+6,2.663,0.012,1.912,0.000
25046,2,"  2.077","  0.259",7/18,/core/www/modules//sdig/index.php?run_id=110202&search_id=114132&scans_id=110198&peptide_id=16670&scanf=25046&charge=2&value=7/18,sp|Q13769|THOC5_HUMAN,/core/www/modules//consensus/?run_id=110202&search_id=114132&scans_id=110198&peptide_id=16670&scanf=25046&charge=2&value=sp|Q13769|THOC5_HUMAN,1,/core/www/modules/match_peptides/blast_html4.php?run_id=110202&search_id=114132&scans_id=110198&peptide_id=16670&scanf=25046&charge=2&value=1,R.HPLSVMLDLK.C,/core/www/modules/show_out/show_out_wrapper.php?run_id=110202&search_id=114132&scans_id=110198&peptide_id=16670&scanf=25046&charge=2&value=R.HPLSVMLDLK.C,THOC5,6.066e+6,2.130,0.071,1.149,0.002
25047,3,"  2.596","  0.404",17/68,/core/www/modules//sdig/index.php?run_id=110202&search_id=114132&scans_id=110198&peptide_id=16671&scanf=25047&charge=3&value=17/68,sp|Q14204|DYHC1_HUMAN,/core/www/modules//consensus/?run_id=110202&search_id=114132&scans_id=110198&peptide_id=16671&scanf=25047&charge=3&value=sp|Q14204|DYHC1_HUMAN,29,/core/www/modules/match_peptides/blast_html4.php?run_id=110202&search_id=114132&scans_id=110198&peptide_id=16671&scanf=25047&charge=3&value=29,K.FGQMLGSNMTEFHSQISK.S,/core/www/modules/show_out/show_out_wrapper.php?run_id=110202&search_id=114132&scans_id=110198&peptide_id=16671&scanf=25047&charge=3&value=K.FGQMLGSNMTEFHSQISK.S,DYNC1H1,5.912e+6,2.748,0.009,2.036,0.000
25052,3,"  3.062","  0.441",14/48,/core/www/modules//sdig/index.php?run_id=110202&search_id=114132&scans_id=110198&peptide_id=16677&scanf=25052&charge=3&value=14/48,sp|O43172|PRP4_HUMAN,/core/www/modules//consensus/?run_id=110202&search_id=114132&scans_id=110198&peptide_id=16677&scanf=25052&charge=3&value=sp|O43172|PRP4_HUMAN,0,/core/www/modules/match_peptides/blast_html4.php?run_id=110202&search_id=114132&scans_id=110198&peptide_id=16677&scanf=25052&charge=3&value=0,R.NILSVVGTDALKK.T,/core/www/modules/show_out/show_out_wrapper.php?run_id=110202&search_id=114132&scans_id=110198&peptide_id=16677&scanf=25052&charge=3&value=R.NILSVVGTDALKK.T,PRPF4,1.435e+7,2.730,0.010,2.010,0.000
25058,2,"  2.193","  0.237",9/14,/core/www/modules//sdig/index.php?run_id=110202&search_id=114132&scans_id=110198&peptide_id=16682&scanf=25058&charge=2&value=9/14,sp|P17844|DDX5_HUMAN,/core/www/modules//consensus/?run_id=110202&search_id=114132&scans_id=110198&peptide_id=16682&scanf=25058&charge=2&value=sp|P17844|DDX5_HUMAN,7,/core/www/modules/match_peptides/blast_html4.php?run_id=110202&search_id=114132&scans_id=110198&peptide_id=16682&scanf=25058&charge=2&value=7,K.WNLDELPK.F,/core/www/modules/show_out/show_out_wrapper.php?run_id=110202&search_id=114132&scans_id=110198&peptide_id=16682&scanf=25058&charge=2&value=K.WNLDELPK.F,DDX5,1.314e+8,2.613,0.014,1.839,0.000
25059,2,"  1.833","  0.351",11/18,/core/www/modules//sdig/index.php?run_id=110202&search_id=114132&scans_id=110198&peptide_id=16683&scanf=25059&charge=2&value=11/18,sp|O60812|HNRC1_HUMAN,/core/www/modules//consensus/?run_id=110202&search_id=114132&scans_id=110198&peptide_id=16683&scanf=25059&charge=2&value=sp|O60812|HNRC1_HUMAN,13,/core/www/modules/match_peptides/blast_html4.php?run_id=110202&search_id=114132&scans_id=110198&peptide_id=16683&scanf=25059&charge=2&value=13,K.VDSLLENLEK.I,/core/www/modules/show_out/show_out_wrapper.php?run_id=110202&search_id=114132&scans_id=110198&peptide_id=16683&scanf=25059&charge=2&value=K.VDSLLENLEK.I,HNRNPCL1,1.317e+8,2.750,0.009,2.040,0.000
25060,2,"  2.010","  0.372",9/12,/core/www/modules//sdig/index.php?run_id=110202&search_id=114132&scans_id=110198&peptide_id=16685&scanf=25060&charge=2&value=9/12,sp|Q8IXT5|RB12B_HUMAN,/core/www/modules//consensus/?run_id=110202&search_id=114132&scans_id=110198&peptide_id=16685&scanf=25060&charge=2&value=sp|Q8IXT5|RB12B_HUMAN,1,/core/www/modules/match_peptides/blast_html4.php?run_id=110202&search_id=114132&scans_id=110198&peptide_id=16685&scanf=25060&charge=2&value=1,K.IMNLPFK.A,/core/www/modules/show_out/show_out_wrapper.php?run_id=110202&search_id=114132&scans_id=110198&peptide_id=16685&scanf=25060&charge=2&value=K.IMNLPFK.A,RBM12B,5.292e+7,3.269,0.002,2.806,0.000
25061,2,"  1.654","  0.000",8/12,/core/www/modules//sdig/index.php?run_id=110202&search_id=114132&scans_id=110198&peptide_id=16686&scanf=25061&charge=2&value=8/12,sp|P07900|HS90A_HUMAN,/core/www/modules//consensus/?run_id=110202&search_id=114132&scans_id=110198&peptide_id=16686&scanf=25061&charge=2&value=sp|P07900|HS90A_HUMAN,0,/core/www/modules/match_peptides/blast_html4.php?run_id=110202&search_id=114132&scans_id=110198&peptide_id=16686&scanf=25061&charge=2&value=0,R.ALLFVPR.R,/core/www/modules/show_out/show_out_wrapper.php?run_id=110202&search_id=114132&scans_id=110198&peptide_id=16686&scanf=25061&charge=2&value=R.ALLFVPR.R,HSP90AA1,3.219e+8,2.748,0.009,2.036,0.000
25068,2,"  3.739","  0.695",15/24,/core/www/modules//sdig/index.php?run_id=110202&search_id=114132&scans_id=110198&peptide_id=16693&scanf=25068&charge=2&value=15/24,sp|P08240|SRPRA_HUMAN,/core/www/modules//consensus/?run_id=110202&search_id=114132&scans_id=110198&peptide_id=16693&scanf=25068&charge=2&value=sp|P08240|SRPRA_HUMAN,0,/core/www/modules/match_peptides/blast_html4.php?run_id=110202&search_id=114132&scans_id=110198&peptide_id=16693&scanf=25068&charge=2&value=0,R.MQDNAPLMTALAK.L,/core/www/modules/show_out/show_out_wrapper.php?run_id=110202&search_id=114132&scans_id=110198&peptide_id=16693&scanf=25068&charge=2&value=R.MQDNAPLMTALAK.L,SRPRA,1.270e+7,3.917,0.000,3.766,0.000
25071,2,"  1.608","  0.308",8/12,/core/www/modules//sdig/index.php?run_id=110202&search_id=114132&scans_id=110198&peptide_id=16697&scanf=25071&charge=2&value=8/12,sp|Q8N1G2|CMTR1_HUMAN,/core/www/modules//consensus/?run_id=110202&search_id=114132&scans_id=110198&peptide_id=16697&scanf=25071&charge=2&value=sp|Q8N1G2|CMTR1_HUMAN,1,/core/www/modules/match_peptides/blast_html4.php?run_id=110202&search_id=114132&scans_id=110198&peptide_id=16697&scanf=25071&charge=2&value=1,K.FLIGLGK.S,/core/www/modules/show_out/show_out_wrapper.php?run_id=110202&search_id=114132&scans_id=110198&peptide_id=16697&scanf=25071&charge=2&value=K.FLIGLGK.S,CMTR1,6.629e+6,2.712,0.010,1.983,0.000
25074,2,"  1.779","  0.110",8/14,/core/www/modules//sdig/index.php?run_id=110202&search_id=114132&scans_id=110198&peptide_id=16700&scanf=25074&charge=2&value=8/14,sp|O43189|PHF1_HUMAN,/core/www/modules//consensus/?run_id=110202&search_id=114132&scans_id=110198&peptide_id=16700&scanf=25074&charge=2&value=sp|O43189|PHF1_HUMAN,4,/core/www/modules/match_peptides/blast_html4.php?run_id=110202&search_id=114132&scans_id=110198&peptide_id=16700&scanf=25074&charge=2&value=4,K.LSLPYGLK.G,/core/www/modules/show_out/show_out_wrapper.php?run_id=110202&search_id=114132&scans_id=110198&peptide_id=16700&scanf=25074&charge=2&value=K.LSLPYGLK.G,PHF1,6.033e+6,1.948,0.125,0.904,0.006
25076,2,"  1.699","  0.206",6/14,/core/www/modules//sdig/index.php?run_id=110202&search_id=114132&scans_id=110198&peptide_id=16702&scanf=25076&charge=2&value=6/14,sp|P06400|RB_HUMAN,/core/www/modules//consensus/?run_id=110202&search_id=114132&scans_id=110198&peptide_id=16702&scanf=25076&charge=2&value=sp|P06400|RB_HUMAN,1,/core/www/modules/match_peptides/blast_html4.php?run_id=110202&search_id=114132&scans_id=110198&peptide_id=16702&scanf=25076&charge=2&value=1,K.LSPPMLLK.E,/core/www/modules/show_out/show_out_wrapper.php?run_id=110202&search_id=114132&scans_id=110198&peptide_id=16702&scanf=25076&charge=2&value=K.LSPPMLLK.E,RB1,5.768e+6,2.009,0.104,0.984,0.005
25077,2,"  2.066","  0.313",8/12,/core/www/modules//sdig/index.php?run_id=110202&search_id=114132&scans_id=110198&peptide_id=16703&scanf=25077&charge=2&value=8/12,sp|P33992|MCM5_HUMAN,/core/www/modules//consensus/?run_id=110202&search_id=114132&scans_id=110198&peptide_id=16703&scanf=25077&charge=2&value=sp|P33992|MCM5_HUMAN,1,/core/www/modules/match_peptides/blast_html4.php?run_id=110202&search_id=114132&scans_id=110198&peptide_id=16703&scanf=25077&charge=2&value=1,K.VLQLMLR.R,/core/www/modules/show_out/show_out_wrapper.php?run_id=110202&search_id=114132&scans_id=110198&peptide_id=16703&scanf=25077&charge=2&value=K.VLQLMLR.R,MCM5,2.228e+7,2.883,0.006,2.236,0.000
25079,2,"  2.638","  0.607",11/14,/core/www/modules//sdig/index.php?run_id=110202&search_id=114132&scans_id=110198&peptide_id=16704&scanf=25079&charge=2&value=11/14,sp|O15042|SR140_HUMAN,/core/www/modules//consensus/?run_id=110202&search_id=114132&scans_id=110198&peptide_id=16704&scanf=25079&charge=2&value=sp|O15042|SR140_HUMAN,1,/core/www/modules/match_peptides/blast_html4.php?run_id=110202&search_id=114132&scans_id=110198&peptide_id=16704&scanf=25079&charge=2&value=1,R.NLLALIHR.M,/core/www/modules/show_out/show_out_wrapper.php?run_id=110202&search_id=114132&scans_id=110198&peptide_id=16704&scanf=25079&charge=2&value=R.NLLALIHR.M,U2SURP,3.039e+7,4.032,0.000,3.936,0.000
25082,2,"  2.604","  0.514",9/16,/core/www/modules//sdig/index.php?run_id=110202&search_id=114132&scans_id=110198&peptide_id=16708&scanf=25082&charge=2&value=9/16,sp|P08670|VIME_HUMAN,/core/www/modules//consensus/?run_id=110202&search_id=114132&scans_id=110198&peptide_id=16708&scanf=25082&charge=2&value=sp|P08670|VIME_HUMAN,1,/core/www/modules/match_peptides/blast_html4.php?run_id=110202&search_id=114132&scans_id=110198&peptide_id=16708&scanf=25082&charge=2&value=1,R.DNLAEDIMR.L,/core/www/modules/show_out/show_out_wrapper.php?run_id=110202&search_id=114132&scans_id=110198&peptide_id=16708&scanf=25082&charge=2&value=R.DNLAEDIMR.L,VIM,1.278e+7,3.743,0.000,3.508,0.000
25083,3,"  3.775","  0.698",21/52,/core/www/modules//sdig/index.php?run_id=110202&search_id=114132&scans_id=110198&peptide_id=16709&scanf=25083&charge=3&value=21/52,sp|P42704|LPPRC_HUMAN,/core/www/modules//consensus/?run_id=110202&search_id=114132&scans_id=110198&peptide_id=16709&scanf=25083&charge=3&value=sp|P42704|LPPRC_HUMAN,17,/core/www/modules/match_peptides/blast_html4.php?run_id=110202&search_id=114132&scans_id=110198&peptide_id=16709&scanf=25083&charge=3&value=17,R.SGGLGGSHALLLLR.S,/core/www/modules/show_out/show_out_wrapper.php?run_id=110202&search_id=114132&scans_id=110198&peptide_id=16709&scanf=25083&charge=3&value=R.SGGLGGSHALLLLR.S,LRPPRC,3.322e+7,4.112,0.000,4.055,0.000
25086,3,"  7.709","  0.717",32/84,/core/www/modules//sdig/index.php?run_id=110202&search_id=114132&scans_id=110198&peptide_id=16712&scanf=25086&charge=3&value=32/84,sp|P60709|ACTB_HUMAN,/core/www/modules//consensus/?run_id=110202&search_id=114132&scans_id=110198&peptide_id=16712&scanf=25086&charge=3&value=sp|P60709|ACTB_HUMAN,6,/core/www/modules/match_peptides/blast_html4.php?run_id=110202&search_id=114132&scans_id=110198&peptide_id=16712&scanf=25086&charge=3&value=6,R.KDLYANTVLSGGTTM*YPGIADR.M,/core/www/modules/show_out/show_out_wrapper.php?run_id=110202&search_id=114132&scans_id=110198&peptide_id=16712&scanf=25086&charge=3&value=R.KDLYANTVLSGGTTM*YPGIADR.M,ACTB,1.210e+7,4.288,0.000,4.316,0.000
25087,3,"  2.704","  0.466",9/44,/core/www/modules//sdig/index.php?run_id=110202&search_id=114132&scans_id=110198&peptide_id=16713&scanf=25087&charge=3&value=9/44,sp|Q96RP9|EFGM_HUMAN,/core/www/modules//consensus/?run_id=110202&search_id=114132&scans_id=110198&peptide_id=16713&scanf=25087&charge=3&value=sp|Q96RP9|EFGM_HUMAN,2,/core/www/modules/match_peptides/blast_html4.php?run_id=110202&search_id=114132&scans_id=110198&peptide_id=16713&scanf=25087&charge=3&value=2,R.DNSHPFVGLAFK.L,/core/www/modules/show_out/show_out_wrapper.php?run_id=110202&search_id=114132&scans_id=110198&peptide_id=16713&scanf=25087&charge=3&value=R.DNSHPFVGLAFK.L,GFM1,5.555e+6,2.957,0.005,2.345,0.000
25090,2,"  2.174","  0.340",12/26,/core/www/modules//sdig/index.php?run_id=110202&search_id=114132&scans_id=110198&peptide_id=16717&scanf=25090&charge=2&value=12/26,sp|P78527|PRKDC_HUMAN,/core/www/modules//consensus/?run_id=110202&search_id=114132&scans_id=110198&peptide_id=16717&scanf=25090&charge=2&value=sp|P78527|PRKDC_HUMAN,0,/core/www/modules/match_peptides/blast_html4.php?run_id=110202&search_id=114132&scans_id=110198&peptide_id=16717&scanf=25090&charge=2&value=0,R.VVQMLGSLGGQINK.N,/core/www/modules/show_out/show_out_wrapper.php?run_id=110202&search_id=114132&scans_id=110198&peptide_id=16717&scanf=25090&charge=2&value=R.VVQMLGSLGGQINK.N,PRKDC,4.878e+6,3.157,0.002,2.640,0.000
25091,2,"  2.035","  0.346",9/18,/core/www/modules//sdig/index.php?run_id=110202&search_id=114132&scans_id=110198&peptide_id=16718&scanf=25091&charge=2&value=9/18,sp|O43290|SNUT1_HUMAN,/core/www/modules//consensus/?run_id=110202&search_id=114132&scans_id=110198&peptide_id=16718&scanf=25091&charge=2&value=sp|O43290|SNUT1_HUMAN,0,/core/www/modules/match_peptides/blast_html4.php?run_id=110202&search_id=114132&scans_id=110198&peptide_id=16718&scanf=25091&charge=2&value=0,R.EGETMILTLK.D,/core/www/modules/show_out/show_out_wrapper.php?run_id=110202&search_id=114132&scans_id=110198&peptide_id=16718&scanf=25091&charge=2&value=R.EGETMILTLK.D,SART1,4.819e+6,2.504,0.021,1.680,0.000
25092,2,"  3.444","  0.275",13/26,/core/www/modules//sdig/index.php?run_id=110202&search_id=114132&scans_id=110198&peptide_id=16719&scanf=25092&charge=2&value=13/26,sp|Q15084|PDIA6_HUMAN,/core/www/modules//consensus/?run_id=110202&search_id=114132&scans_id=110198&peptide_id=16719&scanf=25092&charge=2&value=sp|Q15084|PDIA6_HUMAN,0,/core/www/modules/match_peptides/blast_html4.php?run_id=110202&search_id=114132&scans_id=110198&peptide_id=16719&scanf=25092&charge=2&value=0,K.NLEPEWAAAASEVK.E,/core/www/modules/show_out/show_out_wrapper.php?run_id=110202&search_id=114132&scans_id=110198&peptide_id=16719&scanf=25092&charge=2&value=K.NLEPEWAAAASEVK.E,PDIA6,1.217e+7,2.254,0.048,1.321,0.002
25093,3,"  5.362","  0.693",21/96,/core/www/modules//sdig/index.php?run_id=110202&search_id=114132&scans_id=110198&peptide_id=16720&scanf=25093&charge=3&value=21/96,sp|Q13155|AIMP2_HUMAN,/core/www/modules//consensus/?run_id=110202&search_id=114132&scans_id=110198&peptide_id=16720&scanf=25093&charge=3&value=sp|Q13155|AIMP2_HUMAN,0,/core/www/modules/match_peptides/blast_html4.php?run_id=110202&search_id=114132&scans_id=110198&peptide_id=16720&scanf=25093&charge=3&value=0,R.SYGPAPGAGHVQEESNLSLQALESR.Q,/core/www/modules/show_out/show_out_wrapper.php?run_id=110202&search_id=114132&scans_id=110198&peptide_id=16720&scanf=25093&charge=3&value=R.SYGPAPGAGHVQEESNLSLQALESR.Q,AIMP2,3.625e+6,3.435,0.001,3.052,0.000
25095,2,"  1.599","  0.072",8/12,/core/www/modules//sdig/index.php?run_id=110202&search_id=114132&scans_id=110198&peptide_id=16722&scanf=25095&charge=2&value=8/12,sp|Q9H2W6|RM46_HUMAN,/core/www/modules//consensus/?run_id=110202&search_id=114132&scans_id=110198&peptide_id=16722&scanf=25095&charge=2&value=sp|Q9H2W6|RM46_HUMAN,0,/core/www/modules/match_peptides/blast_html4.php?run_id=110202&search_id=114132&scans_id=110198&peptide_id=16722&scanf=25095&charge=2&value=0,R.NLVLLVR.E,/core/www/modules/show_out/show_out_wrapper.php?run_id=110202&search_id=114132&scans_id=110198&peptide_id=16722&scanf=25095&charge=2&value=R.NLVLLVR.E,MRPL46,4.313e+6,1.989,0.110,0.957,0.005
25097,3,"  4.442","  0.558",15/68,/core/www/modules//sdig/index.php?run_id=110202&search_id=114132&scans_id=110198&peptide_id=16724&scanf=25097&charge=3&value=15/68,sp|Q15149|PLEC_HUMAN,/core/www/modules//consensus/?run_id=110202&search_id=114132&scans_id=110198&peptide_id=16724&scanf=25097&charge=3&value=sp|Q15149|PLEC_HUMAN,5,/core/www/modules/match_peptides/blast_html4.php?run_id=110202&search_id=114132&scans_id=110198&peptide_id=16724&scanf=25097&charge=3&value=5,R.AQAEAQQPTFDALRDELR.G,/core/www/modules/show_out/show_out_wrapper.php?run_id=110202&search_id=114132&scans_id=110198&peptide_id=16724&scanf=25097&charge=3&value=R.AQAEAQQPTFDALRDELR.G,PLEC,6.472e+6,3.450,0.001,3.074,0.000
25100,2,"  2.072","  0.275",8/12,/core/www/modules//sdig/index.php?run_id=110202&search_id=114132&scans_id=110198&peptide_id=16727&scanf=25100&charge=2&value=8/12,sp|Q8IWX8|CHERP_HUMAN,/core/www/modules//consensus/?run_id=110202&search_id=114132&scans_id=110198&peptide_id=16727&scanf=25100&charge=2&value=sp|Q8IWX8|CHERP_HUMAN,1,/core/www/modules/match_peptides/blast_html4.php?run_id=110202&search_id=114132&scans_id=110198&peptide_id=16727&scanf=25100&charge=2&value=1,R.LLQLWEK.N,/core/www/modules/show_out/show_out_wrapper.php?run_id=110202&search_id=114132&scans_id=110198&peptide_id=16727&scanf=25100&charge=2&value=R.LLQLWEK.N,CHERP,1.577e+8,2.665,0.012,1.915,0.000
25101,2,"  2.486","  0.598",13/20,/core/www/modules//sdig/index.php?run_id=110202&search_id=114132&scans_id=110198&peptide_id=16728&scanf=25101&charge=2&value=13/20,sp|Q13838|DX39B_HUMAN,/core/www/modules//consensus/?run_id=110202&search_id=114132&scans_id=110198&peptide_id=16728&scanf=25101&charge=2&value=sp|Q13838|DX39B_HUMAN,13,/core/www/modules/match_peptides/blast_html4.php?run_id=110202&search_id=114132&scans_id=110198&peptide_id=16728&scanf=25101&charge=2&value=13,K.QVMMFSATLSK.E,/core/www/modules/show_out/show_out_wrapper.php?run_id=110202&search_id=114132&scans_id=110198&peptide_id=16728&scanf=25101&charge=2&value=K.QVMMFSATLSK.E,DDX39B,1.537e+7,3.657,0.000,3.381,0.000
25102,3,"  4.035","  0.530",16/56,/core/www/modules//sdig/index.php?run_id=110202&search_id=114132&scans_id=110198&peptide_id=16729&scanf=25102&charge=3&value=16/56,sp|Q08170|SRSF4_HUMAN,/core/www/modules//consensus/?run_id=110202&search_id=114132&scans_id=110198&peptide_id=16729&scanf=25102&charge=3&value=sp|Q08170|SRSF4_HUMAN,1,/core/www/modules/match_peptides/blast_html4.php?run_id=110202&search_id=114132&scans_id=110198&peptide_id=16729&scanf=25102&charge=3&value=1,R.KNEGVIEFVSYSDMK.R,/core/www/modules/show_out/show_out_wrapper.php?run_id=110202&search_id=114132&scans_id=110198&peptide_id=16729&scanf=25102&charge=3&value=R.KNEGVIEFVSYSDMK.R,SRSF4,8.845e+6,3.033,0.003,2.457,0.000
25105,2,"  2.449","  0.597",13/14,/core/www/modules//sdig/index.php?run_id=110202&search_id=114132&scans_id=110198&peptide_id=16732&scanf=25105&charge=2&value=13/14,sp|Q8WWY3|PRP31_HUMAN,/core/www/modules//consensus/?run_id=110202&search_id=114132&scans_id=110198&peptide_id=16732&scanf=25105&charge=2&value=sp|Q8WWY3|PRP31_HUMAN,4,/core/www/modules/match_peptides/blast_html4.php?run_id=110202&search_id=114132&scans_id=110198&peptide_id=16732&scanf=25105&charge=2&value=4,K.MFAEIMMK.I,/core/www/modules/show_out/show_out_wrapper.php?run_id=110202&search_id=114132&scans_id=110198&peptide_id=16732&scanf=25105&charge=2&value=K.MFAEIMMK.I,PRPF31,1.134e+7,4.117,0.000,4.063,0.000
25106,4,"  4.089","  0.534",15/108,/core/www/modules//sdig/index.php?run_id=110202&search_id=114132&scans_id=110198&peptide_id=16733&scanf=25106&charge=4&value=15/108,sp|Q68CP9|ARID2_HUMAN,/core/www/modules//consensus/?run_id=110202&search_id=114132&scans_id=110198&peptide_id=16733&scanf=25106&charge=4&value=sp|Q68CP9|ARID2_HUMAN,3,/core/www/modules/match_peptides/blast_html4.php?run_id=110202&search_id=114132&scans_id=110198&peptide_id=16733&scanf=25106&charge=4&value=3,K.WFQTPSQVFYHAATEHGGK.D,/core/www/modules/show_out/show_out_wrapper.php?run_id=110202&search_id=114132&scans_id=110198&peptide_id=16733&scanf=25106&charge=4&value=K.WFQTPSQVFYHAATEHGGK.D,ARID2,4.450e+6,3.412,0.001,3.018,0.000
25107,2,"  2.034","  0.140",9/14,/core/www/modules//sdig/index.php?run_id=110202&search_id=114132&scans_id=110198&peptide_id=16734&scanf=25107&charge=2&value=9/14,sp|Q9H8H2|DDX31_HUMAN,/core/www/modules//consensus/?run_id=110202&search_id=114132&scans_id=110198&peptide_id=16734&scanf=25107&charge=2&value=sp|Q9H8H2|DDX31_HUMAN,0,/core/www/modules/match_peptides/blast_html4.php?run_id=110202&search_id=114132&scans_id=110198&peptide_id=16734&scanf=25107&charge=2&value=0,R.ILDLGFEK.D,/core/www/modules/show_out/show_out_wrapper.php?run_id=110202&search_id=114132&scans_id=110198&peptide_id=16734&scanf=25107&charge=2&value=R.ILDLGFEK.D,DDX31,1.116e+7,2.180,0.061,1.218,0.002
25108,2,"  3.532","  0.593",14/22,/core/www/modules//sdig/index.php?run_id=110202&search_id=114132&scans_id=110198&peptide_id=16735&scanf=25108&charge=2&value=14/22,sp|P11388|TOP2A_HUMAN,/core/www/modules//consensus/?run_id=110202&search_id=114132&scans_id=110198&peptide_id=16735&scanf=25108&charge=2&value=sp|P11388|TOP2A_HUMAN,5,/core/www/modules/match_peptides/blast_html4.php?run_id=110202&search_id=114132&scans_id=110198&peptide_id=16735&scanf=25108&charge=2&value=5,K.ELILFSNSDNER.S,/core/www/modules/show_out/show_out_wrapper.php?run_id=110202&search_id=114132&scans_id=110198&peptide_id=16735&scanf=25108&charge=2&value=K.ELILFSNSDNER.S,TOP2A,3.741e+7,3.773,0.000,3.553,0.000
25109,3,"  5.759","  0.692",24/72,/core/www/modules//sdig/index.php?run_id=110202&search_id=114132&scans_id=110198&peptide_id=16736&scanf=25109&charge=3&value=24/72,sp|P08670|VIME_HUMAN,/core/www/modules//consensus/?run_id=110202&search_id=114132&scans_id=110198&peptide_id=16736&scanf=25109&charge=3&value=sp|P08670|VIME_HUMAN,2,/core/www/modules/match_peptides/blast_html4.php?run_id=110202&search_id=114132&scans_id=110198&peptide_id=16736&scanf=25109&charge=3&value=2,R.EM*EENFAVEAANYQDTIGR.L,/core/www/modules/show_out/show_out_wrapper.php?run_id=110202&search_id=114132&scans_id=110198&peptide_id=16736&scanf=25109&charge=3&value=R.EM*EENFAVEAANYQDTIGR.L,VIM,1.363e+7,4.302,0.000,4.338,0.000
25110,3,"  5.321","  0.570",20/64,/core/www/modules//sdig/index.php?run_id=110202&search_id=114132&scans_id=110198&peptide_id=16738&scanf=25110&charge=3&value=20/64,sp|O43707|ACTN4_HUMAN,/core/www/modules//consensus/?run_id=110202&search_id=114132&scans_id=110198&peptide_id=16738&scanf=25110&charge=3&value=sp|O43707|ACTN4_HUMAN,4,/core/www/modules/match_peptides/blast_html4.php?run_id=110202&search_id=114132&scans_id=110198&peptide_id=16738&scanf=25110&charge=3&value=4,K.AGTQIENIDEDFRDGLK.L,/core/www/modules/show_out/show_out_wrapper.php?run_id=110202&search_id=114132&scans_id=110198&peptide_id=16738&scanf=25110&charge=3&value=K.AGTQIENIDEDFRDGLK.L,ACTN4,5.645e+7,3.526,0.001,3.187,0.000
25111,2,"  2.982","  0.489",13/22,/core/www/modules//sdig/index.php?run_id=110202&search_id=114132&scans_id=110198&peptide_id=16739&scanf=25111&charge=2&value=13/22,sp|P61626|LYSC_HUMAN,/core/www/modules//consensus/?run_id=110202&search_id=114132&scans_id=110198&peptide_id=16739&scanf=25111&charge=2&value=sp|P61626|LYSC_HUMAN,2,/core/www/modules/match_peptides/blast_html4.php?run_id=110202&search_id=114132&scans_id=110198&peptide_id=16739&scanf=25111&charge=2&value=2,R.STDYGIFQINSR.Y,/core/www/modules/show_out/show_out_wrapper.php?run_id=110202&search_id=114132&scans_id=110198&peptide_id=16739&scanf=25111&charge=2&value=R.STDYGIFQINSR.Y,LYZ,1.059e+7,3.162,0.002,2.647,0.000
25113,2,"  1.628","  0.229",7/12,/core/www/modules//sdig/index.php?run_id=110202&search_id=114132&scans_id=110198&peptide_id=16741&scanf=25113&charge=2&value=7/12,sp|Q9P0U3|SENP1_HUMAN,/core/www/modules//consensus/?run_id=110202&search_id=114132&scans_id=110198&peptide_id=16741&scanf=25113&charge=2&value=sp|Q9P0U3|SENP1_HUMAN,0,/core/www/modules/match_peptides/blast_html4.php?run_id=110202&search_id=114132&scans_id=110198&peptide_id=16741&scanf=25113&charge=2&value=0,R.ILLQYLK.Q,/core/www/modules/show_out/show_out_wrapper.php?run_id=110202&search_id=114132&scans_id=110198&peptide_id=16741&scanf=25113&charge=2&value=R.ILLQYLK.Q,SENP1,4.304e+6,2.389,0.031,1.513,0.001
25114,2,"  2.846","  0.392",11/18,/core/www/modules//sdig/index.php?run_id=110202&search_id=114132&scans_id=110198&peptide_id=16742&scanf=25114&charge=2&value=11/18,sp|Q9UIG0|BAZ1B_HUMAN,/core/www/modules//consensus/?run_id=110202&search_id=114132&scans_id=110198&peptide_id=16742&scanf=25114&charge=2&value=sp|Q9UIG0|BAZ1B_HUMAN,0,/core/www/modules/match_peptides/blast_html4.php?run_id=110202&search_id=114132&scans_id=110198&peptide_id=16742&scanf=25114&charge=2&value=0,R.SVQEFLTDMK.Q,/core/www/modules/show_out/show_out_wrapper.php?run_id=110202&search_id=114132&scans_id=110198&peptide_id=16742&scanf=25114&charge=2&value=R.SVQEFLTDMK.Q,BAZ1B,3.873e+7,3.035,0.003,2.459,0.000
25115,2,"  1.516","  0.202",7/16,/core/www/modules//sdig/index.php?run_id=110202&search_id=114132&scans_id=110198&peptide_id=16743&scanf=25115&charge=2&value=7/16,sp|Q9UNX4|WDR3_HUMAN,/core/www/modules//consensus/?run_id=110202&search_id=114132&scans_id=110198&peptide_id=16743&scanf=25115&charge=2&value=sp|Q9UNX4|WDR3_HUMAN,0,/core/www/modules/match_peptides/blast_html4.php?run_id=110202&search_id=114132&scans_id=110198&peptide_id=16743&scanf=25115&charge=2&value=0,R.IMEAIELYR.E,/core/www/modules/show_out/show_out_wrapper.php?run_id=110202&search_id=114132&scans_id=110198&peptide_id=16743&scanf=25115&charge=2&value=R.IMEAIELYR.E,WDR3,5.298e+6,1.989,0.110,0.957,0.005
25116,2,"  4.390","  0.671",20/26,/core/www/modules//sdig/index.php?run_id=110202&search_id=114132&scans_id=110198&peptide_id=16744&scanf=25116&charge=2&value=20/26,sp|Q13595|TRA2A_HUMAN,/core/www/modules//consensus/?run_id=110202&search_id=114132&scans_id=110198&peptide_id=16744&scanf=25116&charge=2&value=sp|Q13595|TRA2A_HUMAN,0,/core/www/modules/match_peptides/blast_html4.php?run_id=110202&search_id=114132&scans_id=110198&peptide_id=16744&scanf=25116&charge=2&value=0,R.YGPLSGVNVVYDQR.T,/core/www/modules/show_out/show_out_wrapper.php?run_id=110202&search_id=114132&scans_id=110198&peptide_id=16744&scanf=25116&charge=2&value=R.YGPLSGVNVVYDQR.T,TRA2A,6.190e+7,4.063,0.000,3.983,0.000
25119,3,"  3.401","  0.431",15/56,/core/www/modules//sdig/index.php?run_id=110202&search_id=114132&scans_id=110198&peptide_id=16747&scanf=25119&charge=3&value=15/56,sp|Q01082|SPTB2_HUMAN,/core/www/modules//consensus/?run_id=110202&search_id=114132&scans_id=110198&peptide_id=16747&scanf=25119&charge=3&value=sp|Q01082|SPTB2_HUMAN,1,/core/www/modules/match_peptides/blast_html4.php?run_id=110202&search_id=114132&scans_id=110198&peptide_id=16747&scanf=25119&charge=3&value=1,R.QNLLSQSHAYQQFLR.D,/core/www/modules/show_out/show_out_wrapper.php?run_id=110202&search_id=114132&scans_id=110198&peptide_id=16747&scanf=25119&charge=3&value=R.QNLLSQSHAYQQFLR.D,SPTBN1,5.113e+6,3.062,0.003,2.500,0.000
25122,2,"  2.167","  0.400",9/14,/core/www/modules//sdig/index.php?run_id=110202&search_id=114132&scans_id=110198&peptide_id=16750&scanf=25122&charge=2&value=9/14,sp|Q09028|RBBP4_HUMAN,/core/www/modules//consensus/?run_id=110202&search_id=114132&scans_id=110198&peptide_id=16750&scanf=25122&charge=2&value=sp|Q09028|RBBP4_HUMAN,8,/core/www/modules/match_peptides/blast_html4.php?run_id=110202&search_id=114132&scans_id=110198&peptide_id=16750&scanf=25122&charge=2&value=8,R.LNVWDLSK.I,/core/www/modules/show_out/show_out_wrapper.php?run_id=110202&search_id=114132&scans_id=110198&peptide_id=16750&scanf=25122&charge=2&value=R.LNVWDLSK.I,RBBP4,5.130e+7,3.014,0.004,2.428,0.000
25125,2,"  3.379","  0.496",12/20,/core/www/modules//sdig/index.php?run_id=110202&search_id=114132&scans_id=110198&peptide_id=16753&scanf=25125&charge=2&value=12/20,sp|Q2NL82|TSR1_HUMAN,/core/www/modules//consensus/?run_id=110202&search_id=114132&scans_id=110198&peptide_id=16753&scanf=25125&charge=2&value=sp|Q2NL82|TSR1_HUMAN,0,/core/www/modules/match_peptides/blast_html4.php?run_id=110202&search_id=114132&scans_id=110198&peptide_id=16753&scanf=25125&charge=2&value=0,K.SQDTVLMNLYK.R,/core/www/modules/show_out/show_out_wrapper.php?run_id=110202&search_id=114132&scans_id=110198&peptide_id=16753&scanf=25125&charge=2&value=K.SQDTVLMNLYK.R,TSR1,5.582e+6,3.276,0.002,2.816,0.000
25128,2,"  3.710","  0.587",15/22,/core/www/modules//sdig/index.php?run_id=110202&search_id=114132&scans_id=110198&peptide_id=16756&scanf=25128&charge=2&value=15/22,sp|Q13813|SPTN1_HUMAN,/core/www/modules//consensus/?run_id=110202&search_id=114132&scans_id=110198&peptide_id=16756&scanf=25128&charge=2&value=sp|Q13813|SPTN1_HUMAN,2,/core/www/modules/match_peptides/blast_html4.php?run_id=110202&search_id=114132&scans_id=110198&peptide_id=16756&scanf=25128&charge=2&value=2,R.EANELQQWINEK.E,/core/www/modules/show_out/show_out_wrapper.php?run_id=110202&search_id=114132&scans_id=110198&peptide_id=16756&scanf=25128&charge=2&value=R.EANELQQWINEK.E,SPTAN1,7.599e+6,3.813,0.000,3.613,0.000
25137,2,"  2.801","  0.497",11/22,/core/www/modules//sdig/index.php?run_id=110202&search_id=114132&scans_id=110198&peptide_id=16766&scanf=25137&charge=2&value=11/22,sp|P04350|TBB4A_HUMAN,/core/www/modules//consensus/?run_id=110202&search_id=114132&scans_id=110198&peptide_id=16766&scanf=25137&charge=2&value=sp|P04350|TBB4A_HUMAN,10,/core/www/modules/match_peptides/blast_html4.php?run_id=110202&search_id=114132&scans_id=110198&peptide_id=16766&scanf=25137&charge=2&value=10,R.IMNTFSVVPSPK.V,/core/www/modules/show_out/show_out_wrapper.php?run_id=110202&search_id=114132&scans_id=110198&peptide_id=16766&scanf=25137&charge=2&value=R.IMNTFSVVPSPK.V,TUBB4A,5.276e+7,3.073,0.003,2.517,0.000
25139,2,"  2.896","  0.453",10/20,/core/www/modules//sdig/index.php?run_id=110202&search_id=114132&scans_id=110198&peptide_id=16768&scanf=25139&charge=2&value=10/20,sp|P55735|SEC13_HUMAN,/core/www/modules//consensus/?run_id=110202&search_id=114132&scans_id=110198&peptide_id=16768&scanf=25139&charge=2&value=sp|P55735|SEC13_HUMAN,2,/core/www/modules/match_peptides/blast_html4.php?run_id=110202&search_id=114132&scans_id=110198&peptide_id=16768&scanf=25139&charge=2&value=2,R.NGGQILIADLR.G,/core/www/modules/show_out/show_out_wrapper.php?run_id=110202&search_id=114132&scans_id=110198&peptide_id=16768&scanf=25139&charge=2&value=R.NGGQILIADLR.G,SEC13,2.952e+6,2.857,0.006,2.197,0.000
25140,3,"  5.148","  0.733",24/80,/core/www/modules//sdig/index.php?run_id=110202&search_id=114132&scans_id=110198&peptide_id=16770&scanf=25140&charge=3&value=24/80,sp|O60264|SMCA5_HUMAN,/core/www/modules//consensus/?run_id=110202&search_id=114132&scans_id=110198&peptide_id=16770&scanf=25140&charge=3&value=sp|O60264|SMCA5_HUMAN,0,/core/www/modules/match_peptides/blast_html4.php?run_id=110202&search_id=114132&scans_id=110198&peptide_id=16770&scanf=25140&charge=3&value=0,R.NFTMDTESSVYNFEGEDYREK.Q,/core/www/modules/show_out/show_out_wrapper.php?run_id=110202&search_id=114132&scans_id=110198&peptide_id=16770&scanf=25140&charge=3&value=R.NFTMDTESSVYNFEGEDYREK.Q,SMARCA5,3.014e+6,3.690,0.000,3.431,0.000
25142,2,"  2.436","  0.477",11/16,/core/www/modules//sdig/index.php?run_id=110202&search_id=114132&scans_id=110198&peptide_id=16771&scanf=25142&charge=2&value=11/16,sp|P23396|RS3_HUMAN,/core/www/modules//consensus/?run_id=110202&search_id=114132&scans_id=110198&peptide_id=16771&scanf=25142&charge=2&value=sp|P23396|RS3_HUMAN,9,/core/www/modules/match_peptides/blast_html4.php?run_id=110202&search_id=114132&scans_id=110198&peptide_id=16771&scanf=25142&charge=2&value=9,R.TEIIILATR.T,/core/www/modules/show_out/show_out_wrapper.php?run_id=110202&search_id=114132&scans_id=110198&peptide_id=16771&scanf=25142&charge=2&value=R.TEIIILATR.T,RPS3,6.731e+7,3.347,0.001,2.921,0.000
25145,3,"  4.061","  0.571",16/68,/core/www/modules//sdig/index.php?run_id=110202&search_id=114132&scans_id=110198&peptide_id=16774&scanf=25145&charge=3&value=16/68,sp|Q15149|PLEC_HUMAN,/core/www/modules//consensus/?run_id=110202&search_id=114132&scans_id=110198&peptide_id=16774&scanf=25145&charge=3&value=sp|Q15149|PLEC_HUMAN,5,/core/www/modules/match_peptides/blast_html4.php?run_id=110202&search_id=114132&scans_id=110198&peptide_id=16774&scanf=25145&charge=3&value=5,R.AQAEAQQPTFDALRDELR.G,/core/www/modules/show_out/show_out_wrapper.php?run_id=110202&search_id=114132&scans_id=110198&peptide_id=16774&scanf=25145&charge=3&value=R.AQAEAQQPTFDALRDELR.G,PLEC,6.472e+6,3.491,0.001,3.135,0.000
25146,2,"  2.410","  0.347",9/14,/core/www/modules//sdig/index.php?run_id=110202&search_id=114132&scans_id=110198&peptide_id=16775&scanf=25146&charge=2&value=9/14,sp|P55060|XPO2_HUMAN,/core/www/modules//consensus/?run_id=110202&search_id=114132&scans_id=110198&peptide_id=16775&scanf=25146&charge=2&value=sp|P55060|XPO2_HUMAN,0,/core/www/modules/match_peptides/blast_html4.php?run_id=110202&search_id=114132&scans_id=110198&peptide_id=16775&scanf=25146&charge=2&value=0,R.LLQAFLER.G,/core/www/modules/show_out/show_out_wrapper.php?run_id=110202&search_id=114132&scans_id=110198&peptide_id=16775&scanf=25146&charge=2&value=R.LLQAFLER.G,CSE1L,2.882e+7,2.913,0.005,2.279,0.000
25148,2,"  1.439","  0.139",7/12,/core/www/modules//sdig/index.php?run_id=110202&search_id=114132&scans_id=110198&peptide_id=16777&scanf=25148&charge=2&value=7/12,sp|Q5JTZ9|SYAM_HUMAN,/core/www/modules//consensus/?run_id=110202&search_id=114132&scans_id=110198&peptide_id=16777&scanf=25148&charge=2&value=sp|Q5JTZ9|SYAM_HUMAN,0,/core/www/modules/match_peptides/blast_html4.php?run_id=110202&search_id=114132&scans_id=110198&peptide_id=16777&scanf=25148&charge=2&value=0,R.FSMEILK.A,/core/www/modules/show_out/show_out_wrapper.php?run_id=110202&search_id=114132&scans_id=110198&peptide_id=16777&scanf=25148&charge=2&value=R.FSMEILK.A,AARS2,3.416e+6,2.079,0.083,1.079,0.003
25151,4,"  2.988","  0.581",13/66,/core/www/modules//sdig/index.php?run_id=110202&search_id=114132&scans_id=110198&peptide_id=16781&scanf=25151&charge=4&value=13/66,sp|Q93009|UBP7_HUMAN,/core/www/modules//consensus/?run_id=110202&search_id=114132&scans_id=110198&peptide_id=16781&scanf=25151&charge=4&value=sp|Q93009|UBP7_HUMAN,2,/core/www/modules/match_peptides/blast_html4.php?run_id=110202&search_id=114132&scans_id=110198&peptide_id=16781&scanf=25151&charge=4&value=2,K.FDKDHDVMLFLK.M,/core/www/modules/show_out/show_out_wrapper.php?run_id=110202&search_id=114132&scans_id=110198&peptide_id=16781&scanf=25151&charge=4&value=K.FDKDHDVMLFLK.M,USP7,3.262e+6,3.555,0.001,3.230,0.000
25154,2,"  2.784","  0.485",9/26,/core/www/modules//sdig/index.php?run_id=110202&search_id=114132&scans_id=110198&peptide_id=16784&scanf=25154&charge=2&value=9/26,sp|P51398|RT29_HUMAN,/core/www/modules//consensus/?run_id=110202&search_id=114132&scans_id=110198&peptide_id=16784&scanf=25154&charge=2&value=sp|P51398|RT29_HUMAN,2,/core/www/modules/match_peptides/blast_html4.php?run_id=110202&search_id=114132&scans_id=110198&peptide_id=16784&scanf=25154&charge=2&value=2,K.GSPLGEVVEQGITR.V,/core/www/modules/show_out/show_out_wrapper.php?run_id=110202&search_id=114132&scans_id=110198&peptide_id=16784&scanf=25154&charge=2&value=K.GSPLGEVVEQGITR.V,DAP3,5.020e+6,2.686,0.011,1.945,0.000
25159,3,"  5.632","  0.629",21/96,/core/www/modules//sdig/index.php?run_id=110202&search_id=114132&scans_id=110198&peptide_id=16789&scanf=25159&charge=3&value=21/96,sp|Q13155|AIMP2_HUMAN,/core/www/modules//consensus/?run_id=110202&search_id=114132&scans_id=110198&peptide_id=16789&scanf=25159&charge=3&value=sp|Q13155|AIMP2_HUMAN,0,/core/www/modules/match_peptides/blast_html4.php?run_id=110202&search_id=114132&scans_id=110198&peptide_id=16789&scanf=25159&charge=3&value=0,R.SYGPAPGAGHVQEESNLSLQALESR.Q,/core/www/modules/show_out/show_out_wrapper.php?run_id=110202&search_id=114132&scans_id=110198&peptide_id=16789&scanf=25159&charge=3&value=R.SYGPAPGAGHVQEESNLSLQALESR.Q,AIMP2,3.625e+6,3.177,0.002,2.670,0.000
25164,2,"  2.299","  0.469",11/16,/core/www/modules//sdig/index.php?run_id=110202&search_id=114132&scans_id=110198&peptide_id=16794&scanf=25164&charge=2&value=11/16,sp|Q9UIG0|BAZ1B_HUMAN,/core/www/modules//consensus/?run_id=110202&search_id=114132&scans_id=110198&peptide_id=16794&scanf=25164&charge=2&value=sp|Q9UIG0|BAZ1B_HUMAN,0,/core/www/modules/match_peptides/blast_html4.php?run_id=110202&search_id=114132&scans_id=110198&peptide_id=16794&scanf=25164&charge=2&value=0,K.QMTLLDMAK.G,/core/www/modules/show_out/show_out_wrapper.php?run_id=110202&search_id=114132&scans_id=110198&peptide_id=16794&scanf=25164&charge=2&value=K.QMTLLDMAK.G,BAZ1B,2.157e+7,3.434,0.001,3.050,0.000
25165,2,"  2.376","  0.000",12/20,/core/www/modules//sdig/index.php?run_id=110202&search_id=114132&scans_id=110198&peptide_id=16795&scanf=25165&charge=2&value=12/20,sp|P51153|RAB13_HUMAN,/core/www/modules//consensus/?run_id=110202&search_id=114132&scans_id=110198&peptide_id=16795&scanf=25165&charge=2&value=sp|P51153|RAB13_HUMAN,1,/core/www/modules/match_peptides/blast_html4.php?run_id=110202&search_id=114132&scans_id=110198&peptide_id=16795&scanf=25165&charge=2&value=1,K.LLLIGDSGVGK.T,/core/www/modules/show_out/show_out_wrapper.php?run_id=110202&search_id=114132&scans_id=110198&peptide_id=16795&scanf=25165&charge=2&value=K.LLLIGDSGVGK.T,RAB13,5.755e+7,3.163,0.002,2.650,0.000
25168,2,"  1.411","  0.233",7/12,/core/www/modules//sdig/index.php?run_id=110202&search_id=114132&scans_id=110198&peptide_id=16798&scanf=25168&charge=2&value=7/12,sp|Q9UBB9|TFP11_HUMAN,/core/www/modules//consensus/?run_id=110202&search_id=114132&scans_id=110198&peptide_id=16798&scanf=25168&charge=2&value=sp|Q9UBB9|TFP11_HUMAN,0,/core/www/modules/match_peptides/blast_html4.php?run_id=110202&search_id=114132&scans_id=110198&peptide_id=16798&scanf=25168&charge=2&value=0,K.LILQPWK.D,/core/www/modules/show_out/show_out_wrapper.php?run_id=110202&search_id=114132&scans_id=110198&peptide_id=16798&scanf=25168&charge=2&value=K.LILQPWK.D,TFIP11,5.996e+6,2.405,0.029,1.537,0.001
25169,2,"  2.452","  0.453",10/16,/core/www/modules//sdig/index.php?run_id=110202&search_id=114132&scans_id=110198&peptide_id=16799&scanf=25169&charge=2&value=10/16,sp|Q12873|CHD3_HUMAN,/core/www/modules//consensus/?run_id=110202&search_id=114132&scans_id=110198&peptide_id=16799&scanf=25169&charge=2&value=sp|Q12873|CHD3_HUMAN,25,/core/www/modules/match_peptides/blast_html4.php?run_id=110202&search_id=114132&scans_id=110198&peptide_id=16799&scanf=25169&charge=2&value=25,R.VLIFSQMTK.M,/core/www/modules/show_out/show_out_wrapper.php?run_id=110202&search_id=114132&scans_id=110198&peptide_id=16799&scanf=25169&charge=2&value=R.VLIFSQMTK.M,CHD3,2.999e+7,3.202,0.002,2.707,0.000
25176,3,"  4.533","  0.599",21/56,/core/www/modules//sdig/index.php?run_id=110202&search_id=114132&scans_id=110198&peptide_id=16806&scanf=25176&charge=3&value=21/56,sp|Q13151|ROA0_HUMAN,/core/www/modules//consensus/?run_id=110202&search_id=114132&scans_id=110198&peptide_id=16806&scanf=25176&charge=3&value=sp|Q13151|ROA0_HUMAN,0,/core/www/modules/match_peptides/blast_html4.php?run_id=110202&search_id=114132&scans_id=110198&peptide_id=16806&scanf=25176&charge=3&value=0,R.GFGFVYFQNHDAADK.A,/core/www/modules/show_out/show_out_wrapper.php?run_id=110202&search_id=114132&scans_id=110198&peptide_id=16806&scanf=25176&charge=3&value=R.GFGFVYFQNHDAADK.A,HNRNPA0,3.869e+7,3.694,0.000,3.435,0.000
25180,3,"  1.959","  0.281",11/52,/core/www/modules//sdig/index.php?run_id=110202&search_id=114132&scans_id=110198&peptide_id=16811&scanf=25180&charge=3&value=11/52,sp|Q99805|TM9S2_HUMAN,/core/www/modules//consensus/?run_id=110202&search_id=114132&scans_id=110198&peptide_id=16811&scanf=25180&charge=3&value=sp|Q99805|TM9S2_HUMAN,0,/core/www/modules/match_peptides/blast_html4.php?run_id=110202&search_id=114132&scans_id=110198&peptide_id=16811&scanf=25180&charge=3&value=0,K.RPSENLGQVLFGER.I,/core/www/modules/show_out/show_out_wrapper.php?run_id=110202&search_id=114132&scans_id=110198&peptide_id=16811&scanf=25180&charge=3&value=K.RPSENLGQVLFGER.I,TM9SF2,2.597e+6,2.120,0.073,1.135,0.002
25192,3,"  2.523","  0.392",10/40,/core/www/modules//sdig/index.php?run_id=110202&search_id=114132&scans_id=110198&peptide_id=16823&scanf=25192&charge=3&value=10/40,sp|P62851|RS25_HUMAN,/core/www/modules//consensus/?run_id=110202&search_id=114132&scans_id=110198&peptide_id=16823&scanf=25192&charge=3&value=sp|P62851|RS25_HUMAN,0,/core/www/modules/match_peptides/blast_html4.php?run_id=110202&search_id=114132&scans_id=110198&peptide_id=16823&scanf=25192&charge=3&value=0,R.DKLNNLVLFDK.A,/core/www/modules/show_out/show_out_wrapper.php?run_id=110202&search_id=114132&scans_id=110198&peptide_id=16823&scanf=25192&charge=3&value=R.DKLNNLVLFDK.A,RPS25,5.627e+6,2.555,0.018,1.754,0.000
25194,3,"  3.258","  0.435",10/60,/core/www/modules//sdig/index.php?run_id=110202&search_id=114132&scans_id=110198&peptide_id=16825&scanf=25194&charge=3&value=10/60,sp|P62736|ACTA_HUMAN,/core/www/modules//consensus/?run_id=110202&search_id=114132&scans_id=110198&peptide_id=16825&scanf=25194&charge=3&value=sp|P62736|ACTA_HUMAN,8,/core/www/modules/match_peptides/blast_html4.php?run_id=110202&search_id=114132&scans_id=110198&peptide_id=16825&scanf=25194&charge=3&value=8,K.YPIEHGIITNWDDMEK.I,/core/www/modules/show_out/show_out_wrapper.php?run_id=110202&search_id=114132&scans_id=110198&peptide_id=16825&scanf=25194&charge=3&value=K.YPIEHGIITNWDDMEK.I,ACTA2,1.790e+9,2.686,0.011,1.946,0.000
25195,2,"  2.010","  0.052",9/12,/core/www/modules//sdig/index.php?run_id=110202&search_id=114132&scans_id=110198&peptide_id=16826&scanf=25195&charge=2&value=9/12,sp|Q12996|CSTF3_HUMAN,/core/www/modules//consensus/?run_id=110202&search_id=114132&scans_id=110198&peptide_id=16826&scanf=25195&charge=2&value=sp|Q12996|CSTF3_HUMAN,1,/core/www/modules/match_peptides/blast_html4.php?run_id=110202&search_id=114132&scans_id=110198&peptide_id=16826&scanf=25195&charge=2&value=1,K.IFELGLK.K,/core/www/modules/show_out/show_out_wrapper.php?run_id=110202&search_id=114132&scans_id=110198&peptide_id=16826&scanf=25195&charge=2&value=K.IFELGLK.K,CSTF3,2.158e+7,2.077,0.084,1.076,0.003
25197,3,"  4.872","  0.420",11/64,/core/www/modules//sdig/index.php?run_id=110202&search_id=114132&scans_id=110198&peptide_id=16828&scanf=25197&charge=3&value=11/64,sp|O43707|ACTN4_HUMAN,/core/www/modules//consensus/?run_id=110202&search_id=114132&scans_id=110198&peptide_id=16828&scanf=25197&charge=3&value=sp|O43707|ACTN4_HUMAN,4,/core/www/modules/match_peptides/blast_html4.php?run_id=110202&search_id=114132&scans_id=110198&peptide_id=16828&scanf=25197&charge=3&value=4,K.AGTQIENIDEDFRDGLK.L,/core/www/modules/show_out/show_out_wrapper.php?run_id=110202&search_id=114132&scans_id=110198&peptide_id=16828&scanf=25197&charge=3&value=K.AGTQIENIDEDFRDGLK.L,ACTN4,5.645e+7,2.798,0.008,2.110,0.000
25201,2,"  2.144","  0.425",7/24,/core/www/modules//sdig/index.php?run_id=110202&search_id=114132&scans_id=110198&peptide_id=16833&scanf=25201&charge=2&value=7/24,sp|P42677|RS27_HUMAN,/core/www/modules//consensus/?run_id=110202&search_id=114132&scans_id=110198&peptide_id=16833&scanf=25201&charge=2&value=sp|P42677|RS27_HUMAN,3,/core/www/modules/match_peptides/blast_html4.php?run_id=110202&search_id=114132&scans_id=110198&peptide_id=16833&scanf=25201&charge=2&value=3,R.LVQSPNSYFMDVK.C,/core/www/modules/show_out/show_out_wrapper.php?run_id=110202&search_id=114132&scans_id=110198&peptide_id=16833&scanf=25201&charge=2&value=R.LVQSPNSYFMDVK.C,RPS27,5.939e+7,2.417,0.028,1.554,0.001
25203,2,"  1.847","  0.275",9/22,/core/www/modules//sdig/index.php?run_id=110202&search_id=114132&scans_id=110198&peptide_id=16835&scanf=25203&charge=2&value=9/22,sp|Q9UHV7|MED13_HUMAN,/core/www/modules//consensus/?run_id=110202&search_id=114132&scans_id=110198&peptide_id=16835&scanf=25203&charge=2&value=sp|Q9UHV7|MED13_HUMAN,1,/core/www/modules/match_peptides/blast_html4.php?run_id=110202&search_id=114132&scans_id=110198&peptide_id=16835&scanf=25203&charge=2&value=1,K.VASWDFVEATQR.T,/core/www/modules/show_out/show_out_wrapper.php?run_id=110202&search_id=114132&scans_id=110198&peptide_id=16835&scanf=25203&charge=2&value=K.VASWDFVEATQR.T,MED13,2.199e+6,2.085,0.082,1.086,0.003
25205,3,"  5.779","  0.699",21/64,/core/www/modules//sdig/index.php?run_id=110202&search_id=114132&scans_id=110198&peptide_id=16836&scanf=25205&charge=3&value=21/64,sp|O43707|ACTN4_HUMAN,/core/www/modules//consensus/?run_id=110202&search_id=114132&scans_id=110198&peptide_id=16836&scanf=25205&charge=3&value=sp|O43707|ACTN4_HUMAN,4,/core/www/modules/match_peptides/blast_html4.php?run_id=110202&search_id=114132&scans_id=110198&peptide_id=16836&scanf=25205&charge=3&value=4,K.AGTQIENIDEDFRDGLK.L,/core/www/modules/show_out/show_out_wrapper.php?run_id=110202&search_id=114132&scans_id=110198&peptide_id=16836&scanf=25205&charge=3&value=K.AGTQIENIDEDFRDGLK.L,ACTN4,5.645e+7,4.008,0.000,3.902,0.000
25206,3,"  3.405","  0.545",13/60,/core/www/modules//sdig/index.php?run_id=110202&search_id=114132&scans_id=110198&peptide_id=16837&scanf=25206&charge=3&value=13/60,sp|P62736|ACTA_HUMAN,/core/www/modules//consensus/?run_id=110202&search_id=114132&scans_id=110198&peptide_id=16837&scanf=25206&charge=3&value=sp|P62736|ACTA_HUMAN,8,/core/www/modules/match_peptides/blast_html4.php?run_id=110202&search_id=114132&scans_id=110198&peptide_id=16837&scanf=25206&charge=3&value=8,K.YPIEHGIITNWDDMEK.I,/core/www/modules/show_out/show_out_wrapper.php?run_id=110202&search_id=114132&scans_id=110198&peptide_id=16837&scanf=25206&charge=3&value=K.YPIEHGIITNWDDMEK.I,ACTA2,1.790e+9,3.169,0.002,2.657,0.000
25208,3,"  4.708","  0.575",16/56,/core/www/modules//sdig/index.php?run_id=110202&search_id=114132&scans_id=110198&peptide_id=16839&scanf=25208&charge=3&value=16/56,sp|Q9H7N4|SFR19_HUMAN,/core/www/modules//consensus/?run_id=110202&search_id=114132&scans_id=110198&peptide_id=16839&scanf=25208&charge=3&value=sp|Q9H7N4|SFR19_HUMAN,0,/core/www/modules/match_peptides/blast_html4.php?run_id=110202&search_id=114132&scans_id=110198&peptide_id=16839&scanf=25208&charge=3&value=0,K.AQELIQATNQILSHR.K,/core/www/modules/show_out/show_out_wrapper.php?run_id=110202&search_id=114132&scans_id=110198&peptide_id=16839&scanf=25208&charge=3&value=K.AQELIQATNQILSHR.K,SCAF1,7.326e+6,3.462,0.001,3.092,0.000
25209,2,"  2.733","  0.524",10/16,/core/www/modules//sdig/index.php?run_id=110202&search_id=114132&scans_id=110198&peptide_id=16840&scanf=25209&charge=2&value=10/16,sp|O75521|ECI2_HUMAN,/core/www/modules//consensus/?run_id=110202&search_id=114132&scans_id=110198&peptide_id=16840&scanf=25209&charge=2&value=sp|O75521|ECI2_HUMAN,1,/core/www/modules/match_peptides/blast_html4.php?run_id=110202&search_id=114132&scans_id=110198&peptide_id=16840&scanf=25209&charge=2&value=1,K.ATEMLIFGK.K,/core/www/modules/show_out/show_out_wrapper.php?run_id=110202&search_id=114132&scans_id=110198&peptide_id=16840&scanf=25209&charge=2&value=K.ATEMLIFGK.K,ECI2,6.063e+6,3.294,0.001,2.842,0.000
25211,2,"  2.354","  0.442",13/14,/core/www/modules//sdig/index.php?run_id=110202&search_id=114132&scans_id=110198&peptide_id=16843&scanf=25211&charge=2&value=13/14,sp|O14647|CHD2_HUMAN,/core/www/modules//consensus/?run_id=110202&search_id=114132&scans_id=110198&peptide_id=16843&scanf=25211&charge=2&value=sp|O14647|CHD2_HUMAN,2,/core/www/modules/match_peptides/blast_html4.php?run_id=110202&search_id=114132&scans_id=110198&peptide_id=16843&scanf=25211&charge=2&value=2,K.FGAEDLFK.E,/core/www/modules/show_out/show_out_wrapper.php?run_id=110202&search_id=114132&scans_id=110198&peptide_id=16843&scanf=25211&charge=2&value=K.FGAEDLFK.E,CHD2,1.001e+7,3.625,0.000,3.334,0.000
25218,3,"  4.052","  0.417",13/40,/core/www/modules//sdig/index.php?run_id=110202&search_id=114132&scans_id=110198&peptide_id=16850&scanf=25218&charge=3&value=13/40,sp|P49736|MCM2_HUMAN,/core/www/modules//consensus/?run_id=110202&search_id=114132&scans_id=110198&peptide_id=16850&scanf=25218&charge=3&value=sp|P49736|MCM2_HUMAN,1,/core/www/modules/match_peptides/blast_html4.php?run_id=110202&search_id=114132&scans_id=110198&peptide_id=16850&scanf=25218&charge=3&value=1,R.ISHLPLVEELR.S,/core/www/modules/show_out/show_out_wrapper.php?run_id=110202&search_id=114132&scans_id=110198&peptide_id=16850&scanf=25218&charge=3&value=R.ISHLPLVEELR.S,MCM2,1.422e+7,3.149,0.002,2.629,0.000
25223,2,"  3.068","  0.289",10/26,/core/www/modules//sdig/index.php?run_id=110202&search_id=114132&scans_id=110198&peptide_id=16856&scanf=25223&charge=2&value=10/26,sp|Q15084|PDIA6_HUMAN,/core/www/modules//consensus/?run_id=110202&search_id=114132&scans_id=110198&peptide_id=16856&scanf=25223&charge=2&value=sp|Q15084|PDIA6_HUMAN,0,/core/www/modules/match_peptides/blast_html4.php?run_id=110202&search_id=114132&scans_id=110198&peptide_id=16856&scanf=25223&charge=2&value=0,K.NLEPEWAAAASEVK.E,/core/www/modules/show_out/show_out_wrapper.php?run_id=110202&search_id=114132&scans_id=110198&peptide_id=16856&scanf=25223&charge=2&value=K.NLEPEWAAAASEVK.E,PDIA6,1.217e+7,1.886,0.150,0.825,0.008
25226,2,"  1.837","  0.248",8/12,/core/www/modules//sdig/index.php?run_id=110202&search_id=114132&scans_id=110198&peptide_id=16858&scanf=25226&charge=2&value=8/12,sp|P62241|RS8_HUMAN,/core/www/modules//consensus/?run_id=110202&search_id=114132&scans_id=110198&peptide_id=16858&scanf=25226&charge=2&value=sp|P62241|RS8_HUMAN,1,/core/www/modules/match_peptides/blast_html4.php?run_id=110202&search_id=114132&scans_id=110198&peptide_id=16858&scanf=25226&charge=2&value=1,K.ELEFYLR.K,/core/www/modules/show_out/show_out_wrapper.php?run_id=110202&search_id=114132&scans_id=110198&peptide_id=16858&scanf=25226&charge=2&value=K.ELEFYLR.K,RPS8,4.807e+7,2.604,0.015,1.825,0.000
25229,3,"  2.334","  0.501",12/52,/core/www/modules//sdig/index.php?run_id=110202&search_id=114132&scans_id=110198&peptide_id=16861&scanf=25229&charge=3&value=12/52,sp|P12956|XRCC6_HUMAN,/core/www/modules//consensus/?run_id=110202&search_id=114132&scans_id=110198&peptide_id=16861&scanf=25229&charge=3&value=sp|P12956|XRCC6_HUMAN,1,/core/www/modules/match_peptides/blast_html4.php?run_id=110202&search_id=114132&scans_id=110198&peptide_id=16861&scanf=25229&charge=3&value=1,R.VHFEESSKLEDLLR.K,/core/www/modules/show_out/show_out_wrapper.php?run_id=110202&search_id=114132&scans_id=110198&peptide_id=16861&scanf=25229&charge=3&value=R.VHFEESSKLEDLLR.K,XRCC6,3.957e+6,2.928,0.005,2.301,0.000
25243,3,"  3.288","  0.585",15/52,/core/www/modules//sdig/index.php?run_id=110202&search_id=114132&scans_id=110198&peptide_id=16877&scanf=25243&charge=3&value=15/52,sp|P42704|LPPRC_HUMAN,/core/www/modules//consensus/?run_id=110202&search_id=114132&scans_id=110198&peptide_id=16877&scanf=25243&charge=3&value=sp|P42704|LPPRC_HUMAN,17,/core/www/modules/match_peptides/blast_html4.php?run_id=110202&search_id=114132&scans_id=110198&peptide_id=16877&scanf=25243&charge=3&value=17,R.SGGLGGSHALLLLR.S,/core/www/modules/show_out/show_out_wrapper.php?run_id=110202&search_id=114132&scans_id=110198&peptide_id=16877&scanf=25243&charge=3&value=R.SGGLGGSHALLLLR.S,LRPPRC,3.322e+7,3.541,0.001,3.210,0.000
25244,2,"  3.001","  0.355",7/18,/core/www/modules//sdig/index.php?run_id=110202&search_id=114132&scans_id=110198&peptide_id=16878&scanf=25244&charge=2&value=7/18,sp|O75369|FLNB_HUMAN,/core/www/modules//consensus/?run_id=110202&search_id=114132&scans_id=110198&peptide_id=16878&scanf=25244&charge=2&value=sp|O75369|FLNB_HUMAN,3,/core/www/modules/match_peptides/blast_html4.php?run_id=110202&search_id=114132&scans_id=110198&peptide_id=16878&scanf=25244&charge=2&value=3,K.LDVTILSPSR.K,/core/www/modules/show_out/show_out_wrapper.php?run_id=110202&search_id=114132&scans_id=110198&peptide_id=16878&scanf=25244&charge=2&value=K.LDVTILSPSR.K,FLNB,3.820e+6,2.666,0.012,1.916,0.000
25248,2,"  3.015","  0.573",11/20,/core/www/modules//sdig/index.php?run_id=110202&search_id=114132&scans_id=110198&peptide_id=16881&scanf=25248&charge=2&value=11/20,sp|P43246|MSH2_HUMAN,/core/www/modules//consensus/?run_id=110202&search_id=114132&scans_id=110198&peptide_id=16881&scanf=25248&charge=2&value=sp|P43246|MSH2_HUMAN,0,/core/www/modules/match_peptides/blast_html4.php?run_id=110202&search_id=114132&scans_id=110198&peptide_id=16881&scanf=25248&charge=2&value=0,K.NNSFVNEIISR.I,/core/www/modules/show_out/show_out_wrapper.php?run_id=110202&search_id=114132&scans_id=110198&peptide_id=16881&scanf=25248&charge=2&value=K.NNSFVNEIISR.I,MSH2,6.279e+6,3.440,0.001,3.059,0.000
25249,3,"  8.588","  0.772",30/124,/core/www/modules//sdig/index.php?run_id=110202&search_id=114132&scans_id=110198&peptide_id=16882&scanf=25249&charge=3&value=30/124,sp|P51531|SMCA2_HUMAN,/core/www/modules//consensus/?run_id=110202&search_id=114132&scans_id=110198&peptide_id=16882&scanf=25249&charge=3&value=sp|P51531|SMCA2_HUMAN,2,/core/www/modules/match_peptides/blast_html4.php?run_id=110202&search_id=114132&scans_id=110198&peptide_id=16882&scanf=25249&charge=3&value=2,K.KAEENAEGGESALGPDGEPIDESSQMSDLPVK.V,/core/www/modules/show_out/show_out_wrapper.php?run_id=110202&search_id=114132&scans_id=110198&peptide_id=16882&scanf=25249&charge=3&value=K.KAEENAEGGESALGPDGEPIDESSQMSDLPVK.V,SMARCA2,8.432e+6,3.637,0.000,3.351,0.000
25252,3,"  4.409","  0.467",16/48,/core/www/modules//sdig/index.php?run_id=110202&search_id=114132&scans_id=110198&peptide_id=16886&scanf=25252&charge=3&value=16/48,sp|Q9UQE7|SMC3_HUMAN,/core/www/modules//consensus/?run_id=110202&search_id=114132&scans_id=110198&peptide_id=16886&scanf=25252&charge=3&value=sp|Q9UQE7|SMC3_HUMAN,0,/core/www/modules/match_peptides/blast_html4.php?run_id=110202&search_id=114132&scans_id=110198&peptide_id=16886&scanf=25252&charge=3&value=0,K.RLDQVEQELNELR.E,/core/www/modules/show_out/show_out_wrapper.php?run_id=110202&search_id=114132&scans_id=110198&peptide_id=16886&scanf=25252&charge=3&value=K.RLDQVEQELNELR.E,SMC3,5.770e+6,3.133,0.002,2.605,0.000
25253,3,"  5.174","  0.621",20/88,/core/www/modules//sdig/index.php?run_id=110202&search_id=114132&scans_id=110198&peptide_id=16887&scanf=25253&charge=3&value=20/88,sp|P10809|CH60_HUMAN,/core/www/modules//consensus/?run_id=110202&search_id=114132&scans_id=110198&peptide_id=16887&scanf=25253&charge=3&value=sp|P10809|CH60_HUMAN,7,/core/www/modules/match_peptides/blast_html4.php?run_id=110202&search_id=114132&scans_id=110198&peptide_id=16887&scanf=25253&charge=3&value=7,K.QSKPVTTPEEIAQVATISANGDK.E,/core/www/modules/show_out/show_out_wrapper.php?run_id=110202&search_id=114132&scans_id=110198&peptide_id=16887&scanf=25253&charge=3&value=K.QSKPVTTPEEIAQVATISANGDK.E,HSPD1,2.263e+6,3.133,0.002,2.604,0.000
25255,2,"  1.815","  0.307",8/14,/core/www/modules//sdig/index.php?run_id=110202&search_id=114132&scans_id=110198&peptide_id=16889&scanf=25255&charge=2&value=8/14,sp|Q9Y305|ACOT9_HUMAN,/core/www/modules//consensus/?run_id=110202&search_id=114132&scans_id=110198&peptide_id=16889&scanf=25255&charge=2&value=sp|Q9Y305|ACOT9_HUMAN,0,/core/www/modules/match_peptides/blast_html4.php?run_id=110202&search_id=114132&scans_id=110198&peptide_id=16889&scanf=25255&charge=2&value=0,K.EVPLVFPK.T,/core/www/modules/show_out/show_out_wrapper.php?run_id=110202&search_id=114132&scans_id=110198&peptide_id=16889&scanf=25255&charge=2&value=K.EVPLVFPK.T,ACOT9,3.428e+6,2.614,0.014,1.841,0.000
25256,3,"  2.202","  0.358",11/32,/core/www/modules//sdig/index.php?run_id=110202&search_id=114132&scans_id=110198&peptide_id=16890&scanf=25256&charge=3&value=11/32,sp|P58317|ZN121_HUMAN,/core/www/modules//consensus/?run_id=110202&search_id=114132&scans_id=110198&peptide_id=16890&scanf=25256&charge=3&value=sp|P58317|ZN121_HUMAN,0,/core/www/modules/match_peptides/blast_html4.php?run_id=110202&search_id=114132&scans_id=110198&peptide_id=16890&scanf=25256&charge=3&value=0,R.FYLLTEHFK.T,/core/www/modules/show_out/show_out_wrapper.php?run_id=110202&search_id=114132&scans_id=110198&peptide_id=16890&scanf=25256&charge=3&value=R.FYLLTEHFK.T,ZNF121,5.856e+6,2.877,0.006,2.226,0.000
25257,3,"  3.088","  0.447",13/52,/core/www/modules//sdig/index.php?run_id=110202&search_id=114132&scans_id=110198&peptide_id=16891&scanf=25257&charge=3&value=13/52,sp|Q13595|TRA2A_HUMAN,/core/www/modules//consensus/?run_id=110202&search_id=114132&scans_id=110198&peptide_id=16891&scanf=25257&charge=3&value=sp|Q13595|TRA2A_HUMAN,0,/core/www/modules/match_peptides/blast_html4.php?run_id=110202&search_id=114132&scans_id=110198&peptide_id=16891&scanf=25257&charge=3&value=0,R.YGPLSGVNVVYDQR.T,/core/www/modules/show_out/show_out_wrapper.php?run_id=110202&search_id=114132&scans_id=110198&peptide_id=16891&scanf=25257&charge=3&value=R.YGPLSGVNVVYDQR.T,TRA2A,1.600e+7,2.909,0.005,2.274,0.000
25261,2,"  2.082","  0.382",10/16,/core/www/modules//sdig/index.php?run_id=110202&search_id=114132&scans_id=110198&peptide_id=16896&scanf=25261&charge=2&value=10/16,sp|Q7Z5J4|RAI1_HUMAN,/core/www/modules//consensus/?run_id=110202&search_id=114132&scans_id=110198&peptide_id=16896&scanf=25261&charge=2&value=sp|Q7Z5J4|RAI1_HUMAN,1,/core/www/modules/match_peptides/blast_html4.php?run_id=110202&search_id=114132&scans_id=110198&peptide_id=16896&scanf=25261&charge=2&value=1,K.LFGLQEAMK.V,/core/www/modules/show_out/show_out_wrapper.php?run_id=110202&search_id=114132&scans_id=110198&peptide_id=16896&scanf=25261&charge=2&value=K.LFGLQEAMK.V,RAI1,1.129e+7,2.882,0.006,2.233,0.000
25262,3,"  3.694","  0.550",13/48,/core/www/modules//sdig/index.php?run_id=110202&search_id=114132&scans_id=110198&peptide_id=16897&scanf=25262&charge=3&value=13/48,sp|P78527|PRKDC_HUMAN,/core/www/modules//consensus/?run_id=110202&search_id=114132&scans_id=110198&peptide_id=16897&scanf=25262&charge=3&value=sp|P78527|PRKDC_HUMAN,0,/core/www/modules/match_peptides/blast_html4.php?run_id=110202&search_id=114132&scans_id=110198&peptide_id=16897&scanf=25262&charge=3&value=0,K.FYQGFLFSEKPEK.N,/core/www/modules/show_out/show_out_wrapper.php?run_id=110202&search_id=114132&scans_id=110198&peptide_id=16897&scanf=25262&charge=3&value=K.FYQGFLFSEKPEK.N,PRKDC,3.666e+7,4.142,0.000,4.100,0.000
25263,2,"  3.490","  0.500",13/26,/core/www/modules//sdig/index.php?run_id=110202&search_id=114132&scans_id=110198&peptide_id=16898&scanf=25263&charge=2&value=13/26,sp|O43707|ACTN4_HUMAN,/core/www/modules//consensus/?run_id=110202&search_id=114132&scans_id=110198&peptide_id=16898&scanf=25263&charge=2&value=sp|O43707|ACTN4_HUMAN,29,/core/www/modules/match_peptides/blast_html4.php?run_id=110202&search_id=114132&scans_id=110198&peptide_id=16898&scanf=25263&charge=2&value=29,R.FAIQDISVEETSAK.E,/core/www/modules/show_out/show_out_wrapper.php?run_id=110202&search_id=114132&scans_id=110198&peptide_id=16898&scanf=25263&charge=2&value=R.FAIQDISVEETSAK.E,ACTN4,6.628e+7,3.391,0.001,2.987,0.000
25264,2,"  2.797","  0.377",9/22,/core/www/modules//sdig/index.php?run_id=110202&search_id=114132&scans_id=110198&peptide_id=16899&scanf=25264&charge=2&value=9/22,sp|P11388|TOP2A_HUMAN,/core/www/modules//consensus/?run_id=110202&search_id=114132&scans_id=110198&peptide_id=16899&scanf=25264&charge=2&value=sp|P11388|TOP2A_HUMAN,5,/core/www/modules/match_peptides/blast_html4.php?run_id=110202&search_id=114132&scans_id=110198&peptide_id=16899&scanf=25264&charge=2&value=5,K.ELILFSNSDNER.S,/core/www/modules/show_out/show_out_wrapper.php?run_id=110202&search_id=114132&scans_id=110198&peptide_id=16899&scanf=25264&charge=2&value=K.ELILFSNSDNER.S,TOP2A,3.741e+7,2.681,0.012,1.938,0.000
25265,2,"  2.354","  0.293",8/14,/core/www/modules//sdig/index.php?run_id=110202&search_id=114132&scans_id=110198&peptide_id=16900&scanf=25265&charge=2&value=8/14,sp|O15498|YKT6_HUMAN,/core/www/modules//consensus/?run_id=110202&search_id=114132&scans_id=110198&peptide_id=16900&scanf=25265&charge=2&value=sp|O15498|YKT6_HUMAN,3,/core/www/modules/match_peptides/blast_html4.php?run_id=110202&search_id=114132&scans_id=110198&peptide_id=16900&scanf=25265&charge=2&value=3,R.VAFTLLEK.V,/core/www/modules/show_out/show_out_wrapper.php?run_id=110202&search_id=114132&scans_id=110198&peptide_id=16900&scanf=25265&charge=2&value=R.VAFTLLEK.V,YKT6,1.054e+7,2.587,0.016,1.801,0.000
25266,2,"  1.947","  0.326",6/18,/core/www/modules//sdig/index.php?run_id=110202&search_id=114132&scans_id=110198&peptide_id=16901&scanf=25266&charge=2&value=6/18,sp|P07900|HS90A_HUMAN,/core/www/modules//consensus/?run_id=110202&search_id=114132&scans_id=110198&peptide_id=16901&scanf=25266&charge=2&value=sp|P07900|HS90A_HUMAN,0,/core/www/modules/match_peptides/blast_html4.php?run_id=110202&search_id=114132&scans_id=110198&peptide_id=16901&scanf=25266&charge=2&value=0,R.RAPFDLFENR.K,/core/www/modules/show_out/show_out_wrapper.php?run_id=110202&search_id=114132&scans_id=110198&peptide_id=16901&scanf=25266&charge=2&value=R.RAPFDLFENR.K,HSP90AA1,1.726e+8,2.210,0.055,1.259,0.002
25268,3,"  4.594","  0.218",23/68,/core/www/modules//sdig/index.php?run_id=110202&search_id=114132&scans_id=110198&peptide_id=16902&scanf=25268&charge=3&value=23/68,sp|P60709|ACTB_HUMAN,/core/www/modules//consensus/?run_id=110202&search_id=114132&scans_id=110198&peptide_id=16902&scanf=25268&charge=3&value=sp|P60709|ACTB_HUMAN,14,/core/www/modules/match_peptides/blast_html4.php?run_id=110202&search_id=114132&scans_id=110198&peptide_id=16902&scanf=25268&charge=3&value=14,R.VAPEEHPVLLTEAPLNPK.A,/core/www/modules/show_out/show_out_wrapper.php?run_id=110202&search_id=114132&scans_id=110198&peptide_id=16902&scanf=25268&charge=3&value=R.VAPEEHPVLLTEAPLNPK.A,ACTB,2.485e+9,2.775,0.008,2.076,0.000
25270,2,"  1.980","  0.000",8/12,/core/www/modules//sdig/index.php?run_id=110202&search_id=114132&scans_id=110198&peptide_id=16905&scanf=25270&charge=2&value=8/12,sp|Q8IWJ2|GCC2_HUMAN,/core/www/modules//consensus/?run_id=110202&search_id=114132&scans_id=110198&peptide_id=16905&scanf=25270&charge=2&value=sp|Q8IWJ2|GCC2_HUMAN,0,/core/www/modules/match_peptides/blast_html4.php?run_id=110202&search_id=114132&scans_id=110198&peptide_id=16905&scanf=25270&charge=2&value=0,R.AELILLK.D,/core/www/modules/show_out/show_out_wrapper.php?run_id=110202&search_id=114132&scans_id=110198&peptide_id=16905&scanf=25270&charge=2&value=R.AELILLK.D,GCC2,4.311e+6,2.928,0.005,2.302,0.000
25277,2,"  3.348","  0.201",11/26,/core/www/modules//sdig/index.php?run_id=110202&search_id=114132&scans_id=110198&peptide_id=16912&scanf=25277&charge=2&value=11/26,sp|Q15084|PDIA6_HUMAN,/core/www/modules//consensus/?run_id=110202&search_id=114132&scans_id=110198&peptide_id=16912&scanf=25277&charge=2&value=sp|Q15084|PDIA6_HUMAN,0,/core/www/modules/match_peptides/blast_html4.php?run_id=110202&search_id=114132&scans_id=110198&peptide_id=16912&scanf=25277&charge=2&value=0,K.NLEPEWAAAASEVK.E,/core/www/modules/show_out/show_out_wrapper.php?run_id=110202&search_id=114132&scans_id=110198&peptide_id=16912&scanf=25277&charge=2&value=K.NLEPEWAAAASEVK.E,PDIA6,1.217e+7,1.869,0.158,0.803,0.008
25291,3,"  3.392","  0.456",16/48,/core/www/modules//sdig/index.php?run_id=110202&search_id=114132&scans_id=110198&peptide_id=16927&scanf=25291&charge=3&value=16/48,sp|Q13813|SPTN1_HUMAN,/core/www/modules//consensus/?run_id=110202&search_id=114132&scans_id=110198&peptide_id=16927&scanf=25291&charge=3&value=sp|Q13813|SPTN1_HUMAN,2,/core/www/modules/match_peptides/blast_html4.php?run_id=110202&search_id=114132&scans_id=110198&peptide_id=16927&scanf=25291&charge=3&value=2,K.KGDILTLLNSTNK.D,/core/www/modules/show_out/show_out_wrapper.php?run_id=110202&search_id=114132&scans_id=110198&peptide_id=16927&scanf=25291&charge=3&value=K.KGDILTLLNSTNK.D,SPTAN1,6.004e+6,3.039,0.003,2.465,0.000
25293,3,"  3.159","  0.355",12/40,/core/www/modules//sdig/index.php?run_id=110202&search_id=114132&scans_id=110198&peptide_id=16929&scanf=25293&charge=3&value=12/40,sp|Q07955|SRSF1_HUMAN,/core/www/modules//consensus/?run_id=110202&search_id=114132&scans_id=110198&peptide_id=16929&scanf=25293&charge=3&value=sp|Q07955|SRSF1_HUMAN,3,/core/www/modules/match_peptides/blast_html4.php?run_id=110202&search_id=114132&scans_id=110198&peptide_id=16929&scanf=25293&charge=3&value=3,R.IYVGNLPPDIR.T,/core/www/modules/show_out/show_out_wrapper.php?run_id=110202&search_id=114132&scans_id=110198&peptide_id=16929&scanf=25293&charge=3&value=R.IYVGNLPPDIR.T,SRSF1,7.635e+6,2.918,0.005,2.288,0.000
25295,2,"  3.538","  0.527",16/26,/core/www/modules//sdig/index.php?run_id=110202&search_id=114132&scans_id=110198&peptide_id=16931&scanf=25295&charge=2&value=16/26,sp|Q9NR30|DDX21_HUMAN,/core/www/modules//consensus/?run_id=110202&search_id=114132&scans_id=110198&peptide_id=16931&scanf=25295&charge=2&value=sp|Q9NR30|DDX21_HUMAN,4,/core/www/modules/match_peptides/blast_html4.php?run_id=110202&search_id=114132&scans_id=110198&peptide_id=16931&scanf=25295&charge=2&value=4,R.LLDSVPPTAISHFK.Q,/core/www/modules/show_out/show_out_wrapper.php?run_id=110202&search_id=114132&scans_id=110198&peptide_id=16931&scanf=25295&charge=2&value=R.LLDSVPPTAISHFK.Q,DDX21,1.571e+7,3.386,0.001,2.980,0.000
25296,2,"  3.373","  0.417",11/18,/core/www/modules//sdig/index.php?run_id=110202&search_id=114132&scans_id=110198&peptide_id=16932&scanf=25296&charge=2&value=11/18,sp|O75369|FLNB_HUMAN,/core/www/modules//consensus/?run_id=110202&search_id=114132&scans_id=110198&peptide_id=16932&scanf=25296&charge=2&value=sp|O75369|FLNB_HUMAN,3,/core/www/modules/match_peptides/blast_html4.php?run_id=110202&search_id=114132&scans_id=110198&peptide_id=16932&scanf=25296&charge=2&value=3,K.LDVTILSPSR.K,/core/www/modules/show_out/show_out_wrapper.php?run_id=110202&search_id=114132&scans_id=110198&peptide_id=16932&scanf=25296&charge=2&value=K.LDVTILSPSR.K,FLNB,3.820e+6,3.146,0.002,2.624,0.000
25299,2,"  2.022","  0.213",7/12,/core/www/modules//sdig/index.php?run_id=110202&search_id=114132&scans_id=110198&peptide_id=16935&scanf=25299&charge=2&value=7/12,sp|Q15020|SART3_HUMAN,/core/www/modules//consensus/?run_id=110202&search_id=114132&scans_id=110198&peptide_id=16935&scanf=25299&charge=2&value=sp|Q15020|SART3_HUMAN,1,/core/www/modules/match_peptides/blast_html4.php?run_id=110202&search_id=114132&scans_id=110198&peptide_id=16935&scanf=25299&charge=2&value=1,R.IQLIFER.A,/core/www/modules/show_out/show_out_wrapper.php?run_id=110202&search_id=114132&scans_id=110198&peptide_id=16935&scanf=25299&charge=2&value=R.IQLIFER.A,SART3,4.418e+7,2.390,0.030,1.516,0.001
25300,3,"  3.104","  0.308",12/56,/core/www/modules//sdig/index.php?run_id=110202&search_id=114132&scans_id=110198&peptide_id=16937&scanf=25300&charge=3&value=12/56,sp|Q13151|ROA0_HUMAN,/core/www/modules//consensus/?run_id=110202&search_id=114132&scans_id=110198&peptide_id=16937&scanf=25300&charge=3&value=sp|Q13151|ROA0_HUMAN,0,/core/www/modules/match_peptides/blast_html4.php?run_id=110202&search_id=114132&scans_id=110198&peptide_id=16937&scanf=25300&charge=3&value=0,R.GFGFVYFQNHDAADK.A,/core/www/modules/show_out/show_out_wrapper.php?run_id=110202&search_id=114132&scans_id=110198&peptide_id=16937&scanf=25300&charge=3&value=R.GFGFVYFQNHDAADK.A,HNRNPA0,3.869e+7,2.426,0.027,1.567,0.001
25304,3,"  2.486","  0.330",7/48,/core/www/modules//sdig/index.php?run_id=110202&search_id=114132&scans_id=110198&peptide_id=16941&scanf=25304&charge=3&value=7/48,sp|P78527|PRKDC_HUMAN,/core/www/modules//consensus/?run_id=110202&search_id=114132&scans_id=110198&peptide_id=16941&scanf=25304&charge=3&value=sp|P78527|PRKDC_HUMAN,0,/core/www/modules/match_peptides/blast_html4.php?run_id=110202&search_id=114132&scans_id=110198&peptide_id=16941&scanf=25304&charge=3&value=0,K.FYQGFLFSEKPEK.N,/core/www/modules/show_out/show_out_wrapper.php?run_id=110202&search_id=114132&scans_id=110198&peptide_id=16941&scanf=25304&charge=3&value=K.FYQGFLFSEKPEK.N,PRKDC,3.666e+7,3.179,0.002,2.673,0.000
25310,2,"  3.276","  0.555",16/24,/core/www/modules//sdig/index.php?run_id=110202&search_id=114132&scans_id=110198&peptide_id=16947&scanf=25310&charge=2&value=16/24,sp|P42677|RS27_HUMAN,/core/www/modules//consensus/?run_id=110202&search_id=114132&scans_id=110198&peptide_id=16947&scanf=25310&charge=2&value=sp|P42677|RS27_HUMAN,3,/core/www/modules/match_peptides/blast_html4.php?run_id=110202&search_id=114132&scans_id=110198&peptide_id=16947&scanf=25310&charge=2&value=3,R.LVQSPNSYFMDVK.C,/core/www/modules/show_out/show_out_wrapper.php?run_id=110202&search_id=114132&scans_id=110198&peptide_id=16947&scanf=25310&charge=2&value=R.LVQSPNSYFMDVK.C,RPS27,5.939e+7,3.450,0.001,3.074,0.000
25311,3,"  2.916","  0.503",15/52,/core/www/modules//sdig/index.php?run_id=110202&search_id=114132&scans_id=110198&peptide_id=16948&scanf=25311&charge=3&value=15/52,sp|Q6P2Q9|PRP8_HUMAN,/core/www/modules//consensus/?run_id=110202&search_id=114132&scans_id=110198&peptide_id=16948&scanf=25311&charge=3&value=sp|Q6P2Q9|PRP8_HUMAN,1,/core/www/modules/match_peptides/blast_html4.php?run_id=110202&search_id=114132&scans_id=110198&peptide_id=16948&scanf=25311&charge=3&value=1,R.LIVDHNIADYMTAK.N,/core/www/modules/show_out/show_out_wrapper.php?run_id=110202&search_id=114132&scans_id=110198&peptide_id=16948&scanf=25311&charge=3&value=R.LIVDHNIADYMTAK.N,PRPF8,1.813e+7,3.430,0.001,3.044,0.000
25317,2,"  1.221","  0.154",5/12,/core/www/modules//sdig/index.php?run_id=110202&search_id=114132&scans_id=110198&peptide_id=16954&scanf=25317&charge=2&value=5/12,sp|Q15404|RSU1_HUMAN,/core/www/modules//consensus/?run_id=110202&search_id=114132&scans_id=110198&peptide_id=16954&scanf=25317&charge=2&value=sp|Q15404|RSU1_HUMAN,0,/core/www/modules/match_peptides/blast_html4.php?run_id=110202&search_id=114132&scans_id=110198&peptide_id=16954&scanf=25317&charge=2&value=0,K.LQILSLR.D,/core/www/modules/show_out/show_out_wrapper.php?run_id=110202&search_id=114132&scans_id=110198&peptide_id=16954&scanf=25317&charge=2&value=K.LQILSLR.D,RSU1,2.821e+6,1.872,0.156,0.807,0.008
25319,3,"  6.379","  0.668",19/80,/core/www/modules//sdig/index.php?run_id=110202&search_id=114132&scans_id=110198&peptide_id=16956&scanf=25319&charge=3&value=19/80,sp|P62263|RS14_HUMAN,/core/www/modules//consensus/?run_id=110202&search_id=114132&scans_id=110198&peptide_id=16956&scanf=25319&charge=3&value=sp|P62263|RS14_HUMAN,2,/core/www/modules/match_peptides/blast_html4.php?run_id=110202&search_id=114132&scans_id=110198&peptide_id=16956&scanf=25319&charge=3&value=2,K.ADRDESSPYAAMLAAQDVAQR.C,/core/www/modules/show_out/show_out_wrapper.php?run_id=110202&search_id=114132&scans_id=110198&peptide_id=16956&scanf=25319&charge=3&value=K.ADRDESSPYAAMLAAQDVAQR.C,RPS14,3.101e+7,3.276,0.002,2.817,0.000
25326,3,"  2.953","  0.448",12/48,/core/www/modules//sdig/index.php?run_id=110202&search_id=114132&scans_id=110198&peptide_id=16964&scanf=25326&charge=3&value=12/48,sp|Q9UQE7|SMC3_HUMAN,/core/www/modules//consensus/?run_id=110202&search_id=114132&scans_id=110198&peptide_id=16964&scanf=25326&charge=3&value=sp|Q9UQE7|SMC3_HUMAN,0,/core/www/modules/match_peptides/blast_html4.php?run_id=110202&search_id=114132&scans_id=110198&peptide_id=16964&scanf=25326&charge=3&value=0,K.RLDQVEQELNELR.E,/core/www/modules/show_out/show_out_wrapper.php?run_id=110202&search_id=114132&scans_id=110198&peptide_id=16964&scanf=25326&charge=3&value=K.RLDQVEQELNELR.E,SMC3,5.770e+6,2.868,0.006,2.213,0.000
25327,2,"  3.908","  0.587",13/26,/core/www/modules//sdig/index.php?run_id=110202&search_id=114132&scans_id=110198&peptide_id=16965&scanf=25327&charge=2&value=13/26,sp|Q13595|TRA2A_HUMAN,/core/www/modules//consensus/?run_id=110202&search_id=114132&scans_id=110198&peptide_id=16965&scanf=25327&charge=2&value=sp|Q13595|TRA2A_HUMAN,0,/core/www/modules/match_peptides/blast_html4.php?run_id=110202&search_id=114132&scans_id=110198&peptide_id=16965&scanf=25327&charge=2&value=0,R.YGPLSGVNVVYDQR.T,/core/www/modules/show_out/show_out_wrapper.php?run_id=110202&search_id=114132&scans_id=110198&peptide_id=16965&scanf=25327&charge=2&value=R.YGPLSGVNVVYDQR.T,TRA2A,6.190e+7,3.336,0.001,2.905,0.000
25332,2,"  1.167","  0.149",7/12,/core/www/modules//sdig/index.php?run_id=110202&search_id=114132&scans_id=110198&peptide_id=16969&scanf=25332&charge=2&value=7/12,sp|Q8TDD1|DDX54_HUMAN,/core/www/modules//consensus/?run_id=110202&search_id=114132&scans_id=110198&peptide_id=16969&scanf=25332&charge=2&value=sp|Q8TDD1|DDX54_HUMAN,0,/core/www/modules/match_peptides/blast_html4.php?run_id=110202&search_id=114132&scans_id=110198&peptide_id=16969&scanf=25332&charge=2&value=0,K.TSFFLVR.E,/core/www/modules/show_out/show_out_wrapper.php?run_id=110202&search_id=114132&scans_id=110198&peptide_id=16969&scanf=25332&charge=2&value=K.TSFFLVR.E,DDX54,1.456e+7,2.171,0.062,1.204,0.002
25333,3,"  4.874","  0.512",21/72,/core/www/modules//sdig/index.php?run_id=110202&search_id=114132&scans_id=110198&peptide_id=16970&scanf=25333&charge=3&value=21/72,sp|Q9BSJ8|ESYT1_HUMAN,/core/www/modules//consensus/?run_id=110202&search_id=114132&scans_id=110198&peptide_id=16970&scanf=25333&charge=3&value=sp|Q9BSJ8|ESYT1_HUMAN,0,/core/www/modules/match_peptides/blast_html4.php?run_id=110202&search_id=114132&scans_id=110198&peptide_id=16970&scanf=25333&charge=3&value=0,R.LTHVDSPLEAPAGPLGQVK.L,/core/www/modules/show_out/show_out_wrapper.php?run_id=110202&search_id=114132&scans_id=110198&peptide_id=16970&scanf=25333&charge=3&value=R.LTHVDSPLEAPAGPLGQVK.L,ESYT1,5.824e+6,3.142,0.002,2.618,0.000
25334,3,"  1.919","  0.217",7/36,/core/www/modules//sdig/index.php?run_id=110202&search_id=114132&scans_id=110198&peptide_id=16971&scanf=25334&charge=3&value=7/36,sp|P35998|PRS7_HUMAN,/core/www/modules//consensus/?run_id=110202&search_id=114132&scans_id=110198&peptide_id=16971&scanf=25334&charge=3&value=sp|P35998|PRS7_HUMAN,1,/core/www/modules/match_peptides/blast_html4.php?run_id=110202&search_id=114132&scans_id=110198&peptide_id=16971&scanf=25334&charge=3&value=1,K.YQIHIPLPPK.I,/core/www/modules/show_out/show_out_wrapper.php?run_id=110202&search_id=114132&scans_id=110198&peptide_id=16971&scanf=25334&charge=3&value=K.YQIHIPLPPK.I,PSMC2,3.925e+6,2.227,0.052,1.284,0.002
25335,2,"  3.111","  0.491",15/26,/core/www/modules//sdig/index.php?run_id=110202&search_id=114132&scans_id=110198&peptide_id=16972&scanf=25335&charge=2&value=15/26,sp|P62910|RL32_HUMAN,/core/www/modules//consensus/?run_id=110202&search_id=114132&scans_id=110198&peptide_id=16972&scanf=25335&charge=2&value=sp|P62910|RL32_HUMAN,2,/core/www/modules/match_peptides/blast_html4.php?run_id=110202&search_id=114132&scans_id=110198&peptide_id=16972&scanf=25335&charge=2&value=2,K.GQILMPNIGYGSNK.K,/core/www/modules/show_out/show_out_wrapper.php?run_id=110202&search_id=114132&scans_id=110198&peptide_id=16972&scanf=25335&charge=2&value=K.GQILMPNIGYGSNK.K,RPL32,2.877e+7,3.104,0.003,2.562,0.000
25336,3,"  6.062","  0.624",20/72,/core/www/modules//sdig/index.php?run_id=110202&search_id=114132&scans_id=110198&peptide_id=16973&scanf=25336&charge=3&value=20/72,sp|P63104|1433Z_HUMAN,/core/www/modules//consensus/?run_id=110202&search_id=114132&scans_id=110198&peptide_id=16973&scanf=25336&charge=3&value=sp|P63104|1433Z_HUMAN,3,/core/www/modules/match_peptides/blast_html4.php?run_id=110202&search_id=114132&scans_id=110198&peptide_id=16973&scanf=25336&charge=3&value=3,K.KGIVDQSQQAYQEAFEISK.K,/core/www/modules/show_out/show_out_wrapper.php?run_id=110202&search_id=114132&scans_id=110198&peptide_id=16973&scanf=25336&charge=3&value=K.KGIVDQSQQAYQEAFEISK.K,YWHAZ,2.774e+6,3.223,0.002,2.738,0.000
25340,2,"  1.809","  0.162",8/16,/core/www/modules//sdig/index.php?run_id=110202&search_id=114132&scans_id=110198&peptide_id=16978&scanf=25340&charge=2&value=8/16,sp|P55786|PSA_HUMAN,/core/www/modules//consensus/?run_id=110202&search_id=114132&scans_id=110198&peptide_id=16978&scanf=25340&charge=2&value=sp|P55786|PSA_HUMAN,3,/core/www/modules/match_peptides/blast_html4.php?run_id=110202&search_id=114132&scans_id=110198&peptide_id=16978&scanf=25340&charge=2&value=3,R.SPVYLTVLK.H,/core/www/modules/show_out/show_out_wrapper.php?run_id=110202&search_id=114132&scans_id=110198&peptide_id=16978&scanf=25340&charge=2&value=R.SPVYLTVLK.H,NPEPPS,3.770e+6,2.045,0.093,1.033,0.004
25341,2,"  1.962","  0.363",9/14,/core/www/modules//sdig/index.php?run_id=110202&search_id=114132&scans_id=110198&peptide_id=16979&scanf=25341&charge=2&value=9/14,sp|Q9BVI4|NOC4L_HUMAN,/core/www/modules//consensus/?run_id=110202&search_id=114132&scans_id=110198&peptide_id=16979&scanf=25341&charge=2&value=sp|Q9BVI4|NOC4L_HUMAN,1,/core/www/modules/match_peptides/blast_html4.php?run_id=110202&search_id=114132&scans_id=110198&peptide_id=16979&scanf=25341&charge=2&value=1,R.AELWDTWK.V,/core/www/modules/show_out/show_out_wrapper.php?run_id=110202&search_id=114132&scans_id=110198&peptide_id=16979&scanf=25341&charge=2&value=R.AELWDTWK.V,NOC4L,3.394e+6,2.943,0.005,2.324,0.000
25343,2,"  1.419","  0.135",7/14,/core/www/modules//sdig/index.php?run_id=110202&search_id=114132&scans_id=110198&peptide_id=16981&scanf=25343&charge=2&value=7/14,sp|Q6P587|FAHD1_HUMAN,/core/www/modules//consensus/?run_id=110202&search_id=114132&scans_id=110198&peptide_id=16981&scanf=25343&charge=2&value=sp|Q6P587|FAHD1_HUMAN,0,/core/www/modules/match_peptides/blast_html4.php?run_id=110202&search_id=114132&scans_id=110198&peptide_id=16981&scanf=25343&charge=2&value=0,K.GLPWTLAK.S,/core/www/modules/show_out/show_out_wrapper.php?run_id=110202&search_id=114132&scans_id=110198&peptide_id=16981&scanf=25343&charge=2&value=K.GLPWTLAK.S,FAHD1,2.310e+6,1.894,0.146,0.835,0.007
25345,3,"  8.700","  0.733",26/124,/core/www/modules//sdig/index.php?run_id=110202&search_id=114132&scans_id=110198&peptide_id=16983&scanf=25345&charge=3&value=26/124,sp|P51531|SMCA2_HUMAN,/core/www/modules//consensus/?run_id=110202&search_id=114132&scans_id=110198&peptide_id=16983&scanf=25345&charge=3&value=sp|P51531|SMCA2_HUMAN,2,/core/www/modules/match_peptides/blast_html4.php?run_id=110202&search_id=114132&scans_id=110198&peptide_id=16983&scanf=25345&charge=3&value=2,K.KAEENAEGGESALGPDGEPIDESSQMSDLPVK.V,/core/www/modules/show_out/show_out_wrapper.php?run_id=110202&search_id=114132&scans_id=110198&peptide_id=16983&scanf=25345&charge=3&value=K.KAEENAEGGESALGPDGEPIDESSQMSDLPVK.V,SMARCA2,8.432e+6,3.477,0.001,3.114,0.000
25353,2,"  2.671","  0.338",12/32,/core/www/modules//sdig/index.php?run_id=110202&search_id=114132&scans_id=110198&peptide_id=16991&scanf=25353&charge=2&value=12/32,sp|P35606|COPB2_HUMAN,/core/www/modules//consensus/?run_id=110202&search_id=114132&scans_id=110198&peptide_id=16991&scanf=25353&charge=2&value=sp|P35606|COPB2_HUMAN,3,/core/www/modules/match_peptides/blast_html4.php?run_id=110202&search_id=114132&scans_id=110198&peptide_id=16991&scanf=25353&charge=2&value=3,R.GSNNVALGYDEGSIIVK.L,/core/www/modules/show_out/show_out_wrapper.php?run_id=110202&search_id=114132&scans_id=110198&peptide_id=16991&scanf=25353&charge=2&value=R.GSNNVALGYDEGSIIVK.L,COPB2,3.147e+6,2.197,0.057,1.242,0.002
25354,2,"  2.247","  0.501",11/26,/core/www/modules//sdig/index.php?run_id=110202&search_id=114132&scans_id=110198&peptide_id=16992&scanf=25354&charge=2&value=11/26,sp|Q15233|NONO_HUMAN,/core/www/modules//consensus/?run_id=110202&search_id=114132&scans_id=110198&peptide_id=16992&scanf=25354&charge=2&value=sp|Q15233|NONO_HUMAN,9,/core/www/modules/match_peptides/blast_html4.php?run_id=110202&search_id=114132&scans_id=110198&peptide_id=16992&scanf=25354&charge=2&value=9,R.FAQPGSFEYEYAMR.W,/core/www/modules/show_out/show_out_wrapper.php?run_id=110202&search_id=114132&scans_id=110198&peptide_id=16992&scanf=25354&charge=2&value=R.FAQPGSFEYEYAMR.W,NONO,2.377e+7,2.923,0.005,2.294,0.000
25355,2,"  2.094","  0.400",9/14,/core/www/modules//sdig/index.php?run_id=110202&search_id=114132&scans_id=110198&peptide_id=16993&scanf=25355&charge=2&value=9/14,sp|P25398|RS12_HUMAN,/core/www/modules//consensus/?run_id=110202&search_id=114132&scans_id=110198&peptide_id=16993&scanf=25355&charge=2&value=sp|P25398|RS12_HUMAN,0,/core/www/modules/match_peptides/blast_html4.php?run_id=110202&search_id=114132&scans_id=110198&peptide_id=16993&scanf=25355&charge=2&value=0,K.DVIEEYFK.C,/core/www/modules/show_out/show_out_wrapper.php?run_id=110202&search_id=114132&scans_id=110198&peptide_id=16993&scanf=25355&charge=2&value=K.DVIEEYFK.C,RPS12,1.217e+7,2.941,0.005,2.321,0.000
25357,2,"  3.129","  0.514",11/26,/core/www/modules//sdig/index.php?run_id=110202&search_id=114132&scans_id=110198&peptide_id=16995&scanf=25357&charge=2&value=11/26,sp|O43707|ACTN4_HUMAN,/core/www/modules//consensus/?run_id=110202&search_id=114132&scans_id=110198&peptide_id=16995&scanf=25357&charge=2&value=sp|O43707|ACTN4_HUMAN,29,/core/www/modules/match_peptides/blast_html4.php?run_id=110202&search_id=114132&scans_id=110198&peptide_id=16995&scanf=25357&charge=2&value=29,R.FAIQDISVEETSAK.E,/core/www/modules/show_out/show_out_wrapper.php?run_id=110202&search_id=114132&scans_id=110198&peptide_id=16995&scanf=25357&charge=2&value=R.FAIQDISVEETSAK.E,ACTN4,6.628e+7,3.298,0.001,2.849,0.000
25360,3,"  2.199","  0.198",8/40,/core/www/modules//sdig/index.php?run_id=110202&search_id=114132&scans_id=110198&peptide_id=16999&scanf=25360&charge=3&value=8/40,sp|P60709|ACTB_HUMAN,/core/www/modules//consensus/?run_id=110202&search_id=114132&scans_id=110198&peptide_id=16999&scanf=25360&charge=3&value=sp|P60709|ACTB_HUMAN,25,/core/www/modules/match_peptides/blast_html4.php?run_id=110202&search_id=114132&scans_id=110198&peptide_id=16999&scanf=25360&charge=3&value=25,K.IWHHTFYNELR.V,/core/www/modules/show_out/show_out_wrapper.php?run_id=110202&search_id=114132&scans_id=110198&peptide_id=16999&scanf=25360&charge=3&value=K.IWHHTFYNELR.V,ACTB,7.957e+6,2.663,0.012,1.911,0.000
25367,3,"  6.270","  0.746",25/80,/core/www/modules//sdig/index.php?run_id=110202&search_id=114132&scans_id=110198&peptide_id=17006&scanf=25367&charge=3&value=25/80,sp|P62263|RS14_HUMAN,/core/www/modules//consensus/?run_id=110202&search_id=114132&scans_id=110198&peptide_id=17006&scanf=25367&charge=3&value=sp|P62263|RS14_HUMAN,2,/core/www/modules/match_peptides/blast_html4.php?run_id=110202&search_id=114132&scans_id=110198&peptide_id=17006&scanf=25367&charge=3&value=2,K.ADRDESSPYAAMLAAQDVAQR.C,/core/www/modules/show_out/show_out_wrapper.php?run_id=110202&search_id=114132&scans_id=110198&peptide_id=17006&scanf=25367&charge=3&value=K.ADRDESSPYAAMLAAQDVAQR.C,RPS14,3.101e+7,3.639,0.000,3.354,0.000
25368,4,"  4.597","  0.593",18/84,/core/www/modules//sdig/index.php?run_id=110202&search_id=114132&scans_id=110198&peptide_id=17007&scanf=25368&charge=4&value=18/84,sp|P07900|HS90A_HUMAN,/core/www/modules//consensus/?run_id=110202&search_id=114132&scans_id=110198&peptide_id=17007&scanf=25368&charge=4&value=sp|P07900|HS90A_HUMAN,0,/core/www/modules/match_peptides/blast_html4.php?run_id=110202&search_id=114132&scans_id=110198&peptide_id=17007&scanf=25368&charge=4&value=0,K.HLEINPDHSIIETLR.Q,/core/www/modules/show_out/show_out_wrapper.php?run_id=110202&search_id=114132&scans_id=110198&peptide_id=17007&scanf=25368&charge=4&value=K.HLEINPDHSIIETLR.Q,HSP90AA1,2.189e+7,4.110,0.000,4.052,0.000
25372,2,"  2.578","  0.518",12/20,/core/www/modules//sdig/index.php?run_id=110202&search_id=114132&scans_id=110198&peptide_id=17011&scanf=25372&charge=2&value=12/20,sp|P18085|ARF4_HUMAN,/core/www/modules//consensus/?run_id=110202&search_id=114132&scans_id=110198&peptide_id=17011&scanf=25372&charge=2&value=sp|P18085|ARF4_HUMAN,16,/core/www/modules/match_peptides/blast_html4.php?run_id=110202&search_id=114132&scans_id=110198&peptide_id=17011&scanf=25372&charge=2&value=16,R.ILMVGLDAAGK.T,/core/www/modules/show_out/show_out_wrapper.php?run_id=110202&search_id=114132&scans_id=110198&peptide_id=17011&scanf=25372&charge=2&value=R.ILMVGLDAAGK.T,ARF4,2.094e+8,3.287,0.001,2.833,0.000
25376,2,"  2.089","  0.309",7/18,/core/www/modules//sdig/index.php?run_id=110202&search_id=114132&scans_id=110198&peptide_id=17015&scanf=25376&charge=2&value=7/18,sp|P35580|MYH10_HUMAN,/core/www/modules//consensus/?run_id=110202&search_id=114132&scans_id=110198&peptide_id=17015&scanf=25376&charge=2&value=sp|P35580|MYH10_HUMAN,2,/core/www/modules/match_peptides/blast_html4.php?run_id=110202&search_id=114132&scans_id=110198&peptide_id=17015&scanf=25376&charge=2&value=2,R.ALELDPNLYR.I,/core/www/modules/show_out/show_out_wrapper.php?run_id=110202&search_id=114132&scans_id=110198&peptide_id=17015&scanf=25376&charge=2&value=R.ALELDPNLYR.I,MYH10,2.682e+6,2.403,0.029,1.534,0.001
25378,2,"  4.489","  0.669",18/24,/core/www/modules//sdig/index.php?run_id=110202&search_id=114132&scans_id=110198&peptide_id=17017&scanf=25378&charge=2&value=18/24,sp|Q13813|SPTN1_HUMAN,/core/www/modules//consensus/?run_id=110202&search_id=114132&scans_id=110198&peptide_id=17017&scanf=25378&charge=2&value=sp|Q13813|SPTN1_HUMAN,2,/core/www/modules/match_peptides/blast_html4.php?run_id=110202&search_id=114132&scans_id=110198&peptide_id=17017&scanf=25378&charge=2&value=2,K.KGDILTLLNSTNK.D,/core/www/modules/show_out/show_out_wrapper.php?run_id=110202&search_id=114132&scans_id=110198&peptide_id=17017&scanf=25378&charge=2&value=K.KGDILTLLNSTNK.D,SPTAN1,2.980e+6,3.926,0.000,3.779,0.000
25379,2,"  3.705","  0.513",14/32,/core/www/modules//sdig/index.php?run_id=110202&search_id=114132&scans_id=110198&peptide_id=17018&scanf=25379&charge=2&value=14/32,sp|P52272|HNRPM_HUMAN,/core/www/modules//consensus/?run_id=110202&search_id=114132&scans_id=110198&peptide_id=17018&scanf=25379&charge=2&value=sp|P52272|HNRPM_HUMAN,3,/core/www/modules/match_peptides/blast_html4.php?run_id=110202&search_id=114132&scans_id=110198&peptide_id=17018&scanf=25379&charge=2&value=3,K.MGGMEGPFGGGMENMGR.F,/core/www/modules/show_out/show_out_wrapper.php?run_id=110202&search_id=114132&scans_id=110198&peptide_id=17018&scanf=25379&charge=2&value=K.MGGMEGPFGGGMENMGR.F,HNRNPM,3.350e+7,3.106,0.003,2.565,0.000
25383,2,"  2.771","  0.381",11/22,/core/www/modules//sdig/index.php?run_id=110202&search_id=114132&scans_id=110198&peptide_id=17023&scanf=25383&charge=2&value=11/22,sp|P11388|TOP2A_HUMAN,/core/www/modules//consensus/?run_id=110202&search_id=114132&scans_id=110198&peptide_id=17023&scanf=25383&charge=2&value=sp|P11388|TOP2A_HUMAN,5,/core/www/modules/match_peptides/blast_html4.php?run_id=110202&search_id=114132&scans_id=110198&peptide_id=17023&scanf=25383&charge=2&value=5,K.ELILFSNSDNER.S,/core/www/modules/show_out/show_out_wrapper.php?run_id=110202&search_id=114132&scans_id=110198&peptide_id=17023&scanf=25383&charge=2&value=K.ELILFSNSDNER.S,TOP2A,3.741e+7,2.775,0.008,2.076,0.000
25389,2,"  1.268","  0.258",6/12,/core/www/modules//sdig/index.php?run_id=110202&search_id=114132&scans_id=110198&peptide_id=17029&scanf=25389&charge=2&value=6/12,sp|P04908|H2A1B_HUMAN,/core/www/modules//consensus/?run_id=110202&search_id=114132&scans_id=110198&peptide_id=17029&scanf=25389&charge=2&value=sp|P04908|H2A1B_HUMAN,20,/core/www/modules/match_peptides/blast_html4.php?run_id=110202&search_id=114132&scans_id=110198&peptide_id=17029&scanf=25389&charge=2&value=20,R.HLQLAIR.N,/core/www/modules/show_out/show_out_wrapper.php?run_id=110202&search_id=114132&scans_id=110198&peptide_id=17029&scanf=25389&charge=2&value=R.HLQLAIR.N,H2AC8,7.534e+6,2.534,0.019,1.724,0.000
25392,3,"  2.560","  0.497",16/52,/core/www/modules//sdig/index.php?run_id=110202&search_id=114132&scans_id=110198&peptide_id=17032&scanf=25392&charge=3&value=16/52,sp|Q9NR30|DDX21_HUMAN,/core/www/modules//consensus/?run_id=110202&search_id=114132&scans_id=110198&peptide_id=17032&scanf=25392&charge=3&value=sp|Q9NR30|DDX21_HUMAN,4,/core/www/modules/match_peptides/blast_html4.php?run_id=110202&search_id=114132&scans_id=110198&peptide_id=17032&scanf=25392&charge=3&value=4,R.LLDSVPPTAISHFK.Q,/core/www/modules/show_out/show_out_wrapper.php?run_id=110202&search_id=114132&scans_id=110198&peptide_id=17032&scanf=25392&charge=3&value=R.LLDSVPPTAISHFK.Q,DDX21,8.313e+7,3.295,0.001,2.845,0.000
25394,2,"  3.047","  0.491",11/24,/core/www/modules//sdig/index.php?run_id=110202&search_id=114132&scans_id=110198&peptide_id=17034&scanf=25394&charge=2&value=11/24,sp|P78527|PRKDC_HUMAN,/core/www/modules//consensus/?run_id=110202&search_id=114132&scans_id=110198&peptide_id=17034&scanf=25394&charge=2&value=sp|P78527|PRKDC_HUMAN,0,/core/www/modules/match_peptides/blast_html4.php?run_id=110202&search_id=114132&scans_id=110198&peptide_id=17034&scanf=25394&charge=2&value=0,K.FYQGFLFSEKPEK.N,/core/www/modules/show_out/show_out_wrapper.php?run_id=110202&search_id=114132&scans_id=110198&peptide_id=17034&scanf=25394&charge=2&value=K.FYQGFLFSEKPEK.N,PRKDC,6.226e+6,3.736,0.000,3.498,0.000
25405,2,"  1.265","  0.340",12/24,/core/www/modules//sdig/index.php?run_id=110202&search_id=114132&scans_id=110198&peptide_id=17046&scanf=25405&charge=2&value=12/24,sp|O75400|PR40A_HUMAN,/core/www/modules//consensus/?run_id=110202&search_id=114132&scans_id=110198&peptide_id=17046&scanf=25405&charge=2&value=sp|O75400|PR40A_HUMAN,5,/core/www/modules/match_peptides/blast_html4.php?run_id=110202&search_id=114132&scans_id=110198&peptide_id=17046&scanf=25405&charge=2&value=5,K.EPAFEDITLESER.K,/core/www/modules/show_out/show_out_wrapper.php?run_id=110202&search_id=114132&scans_id=110198&peptide_id=17046&scanf=25405&charge=2&value=K.EPAFEDITLESER.K,PRPF40A,4.642e+6,2.446,0.025,1.596,0.001
25407,3,"  7.013","  0.669",21/124,/core/www/modules//sdig/index.php?run_id=110202&search_id=114132&scans_id=110198&peptide_id=17048&scanf=25407&charge=3&value=21/124,sp|P51531|SMCA2_HUMAN,/core/www/modules//consensus/?run_id=110202&search_id=114132&scans_id=110198&peptide_id=17048&scanf=25407&charge=3&value=sp|P51531|SMCA2_HUMAN,2,/core/www/modules/match_peptides/blast_html4.php?run_id=110202&search_id=114132&scans_id=110198&peptide_id=17048&scanf=25407&charge=3&value=2,K.KAEENAEGGESALGPDGEPIDESSQMSDLPVK.V,/core/www/modules/show_out/show_out_wrapper.php?run_id=110202&search_id=114132&scans_id=110198&peptide_id=17048&scanf=25407&charge=3&value=K.KAEENAEGGESALGPDGEPIDESSQMSDLPVK.V,SMARCA2,8.432e+6,3.116,0.003,2.579,0.000
25409,2,"  2.418","  0.196",9/16,/core/www/modules//sdig/index.php?run_id=110202&search_id=114132&scans_id=110198&peptide_id=17050&scanf=25409&charge=2&value=9/16,sp|P61966|AP1S1_HUMAN,/core/www/modules//consensus/?run_id=110202&search_id=114132&scans_id=110198&peptide_id=17050&scanf=25409&charge=2&value=sp|P61966|AP1S1_HUMAN,2,/core/www/modules/match_peptides/blast_html4.php?run_id=110202&search_id=114132&scans_id=110198&peptide_id=17050&scanf=25409&charge=2&value=2,R.ELMQVVLAR.K,/core/www/modules/show_out/show_out_wrapper.php?run_id=110202&search_id=114132&scans_id=110198&peptide_id=17050&scanf=25409&charge=2&value=R.ELMQVVLAR.K,AP1S1,3.380e+6,1.936,0.129,0.888,0.006
25410,3,"  3.621","  0.580",18/56,/core/www/modules//sdig/index.php?run_id=110202&search_id=114132&scans_id=110198&peptide_id=17052&scanf=25410&charge=3&value=18/56,sp|P60842|IF4A1_HUMAN,/core/www/modules//consensus/?run_id=110202&search_id=114132&scans_id=110198&peptide_id=17052&scanf=25410&charge=3&value=sp|P60842|IF4A1_HUMAN,9,/core/www/modules/match_peptides/blast_html4.php?run_id=110202&search_id=114132&scans_id=110198&peptide_id=17052&scanf=25410&charge=3&value=9,K.LQMEAPHIIVGTPGR.V,/core/www/modules/show_out/show_out_wrapper.php?run_id=110202&search_id=114132&scans_id=110198&peptide_id=17052&scanf=25410&charge=3&value=K.LQMEAPHIIVGTPGR.V,EIF4A1,1.017e+8,3.534,0.001,3.198,0.000
25412,2,"  2.098","  0.479",8/14,/core/www/modules//sdig/index.php?run_id=110202&search_id=114132&scans_id=110198&peptide_id=17053&scanf=25412&charge=2&value=8/14,sp|Q92797|SYMPK_HUMAN,/core/www/modules//consensus/?run_id=110202&search_id=114132&scans_id=110198&peptide_id=17053&scanf=25412&charge=2&value=sp|Q92797|SYMPK_HUMAN,1,/core/www/modules/match_peptides/blast_html4.php?run_id=110202&search_id=114132&scans_id=110198&peptide_id=17053&scanf=25412&charge=2&value=1,R.SQALLFIK.R,/core/www/modules/show_out/show_out_wrapper.php?run_id=110202&search_id=114132&scans_id=110198&peptide_id=17053&scanf=25412&charge=2&value=R.SQALLFIK.R,SYMPK,1.073e+7,3.303,0.001,2.857,0.000
25413,2,"  3.753","  0.124",18/28,/core/www/modules//sdig/index.php?run_id=110202&search_id=114132&scans_id=110198&peptide_id=17054&scanf=25413&charge=2&value=18/28,sp|P62829|RL23_HUMAN,/core/www/modules//consensus/?run_id=110202&search_id=114132&scans_id=110198&peptide_id=17054&scanf=25413&charge=2&value=sp|P62829|RL23_HUMAN,3,/core/www/modules/match_peptides/blast_html4.php?run_id=110202&search_id=114132&scans_id=110198&peptide_id=17054&scanf=25413&charge=2&value=3,R.LPAAGVGDMVM*ATVK.K,/core/www/modules/show_out/show_out_wrapper.php?run_id=110202&search_id=114132&scans_id=110198&peptide_id=17054&scanf=25413&charge=2&value=R.LPAAGVGDMVM*ATVK.K,RPL23,8.218e+6,3.801,0.000,3.594,0.000
25414,3,"  2.661","  0.357",12/40,/core/www/modules//sdig/index.php?run_id=110202&search_id=114132&scans_id=110198&peptide_id=17055&scanf=25414&charge=3&value=12/40,sp|P62851|RS25_HUMAN,/core/www/modules//consensus/?run_id=110202&search_id=114132&scans_id=110198&peptide_id=17055&scanf=25414&charge=3&value=sp|P62851|RS25_HUMAN,0,/core/www/modules/match_peptides/blast_html4.php?run_id=110202&search_id=114132&scans_id=110198&peptide_id=17055&scanf=25414&charge=3&value=0,R.DKLNNLVLFDK.A,/core/www/modules/show_out/show_out_wrapper.php?run_id=110202&search_id=114132&scans_id=110198&peptide_id=17055&scanf=25414&charge=3&value=R.DKLNNLVLFDK.A,RPS25,1.159e+7,2.522,0.020,1.706,0.000
25416,3,"  3.192","  0.573",15/72,/core/www/modules//sdig/index.php?run_id=110202&search_id=114132&scans_id=110198&peptide_id=17057&scanf=25416&charge=3&value=15/72,sp|P55072|TERA_HUMAN,/core/www/modules//consensus/?run_id=110202&search_id=114132&scans_id=110198&peptide_id=17057&scanf=25416&charge=3&value=sp|P55072|TERA_HUMAN,3,/core/www/modules/match_peptides/blast_html4.php?run_id=110202&search_id=114132&scans_id=110198&peptide_id=17057&scanf=25416&charge=3&value=3,R.QTNPSAMEVEEDDPVPEIR.R,/core/www/modules/show_out/show_out_wrapper.php?run_id=110202&search_id=114132&scans_id=110198&peptide_id=17057&scanf=25416&charge=3&value=R.QTNPSAMEVEEDDPVPEIR.R,VCP,9.960e+6,3.190,0.002,2.689,0.000
25417,2,"  4.673","  0.652",14/28,/core/www/modules//sdig/index.php?run_id=110202&search_id=114132&scans_id=110198&peptide_id=17058&scanf=25417&charge=2&value=14/28,sp|Q13151|ROA0_HUMAN,/core/www/modules//consensus/?run_id=110202&search_id=114132&scans_id=110198&peptide_id=17058&scanf=25417&charge=2&value=sp|Q13151|ROA0_HUMAN,0,/core/www/modules/match_peptides/blast_html4.php?run_id=110202&search_id=114132&scans_id=110198&peptide_id=17058&scanf=25417&charge=2&value=0,R.GFGFVYFQNHDAADK.A,/core/www/modules/show_out/show_out_wrapper.php?run_id=110202&search_id=114132&scans_id=110198&peptide_id=17058&scanf=25417&charge=2&value=R.GFGFVYFQNHDAADK.A,HNRNPA0,9.569e+6,3.574,0.001,3.258,0.000
25419,2,"  2.974","  0.527",14/28,/core/www/modules//sdig/index.php?run_id=110202&search_id=114132&scans_id=110198&peptide_id=17060&scanf=25419&charge=2&value=14/28,sp|Q5UIP0|RIF1_HUMAN,/core/www/modules//consensus/?run_id=110202&search_id=114132&scans_id=110198&peptide_id=17060&scanf=25419&charge=2&value=sp|Q5UIP0|RIF1_HUMAN,1,/core/www/modules/match_peptides/blast_html4.php?run_id=110202&search_id=114132&scans_id=110198&peptide_id=17060&scanf=25419&charge=2&value=1,R.LIEQAPIQMGEEAVR.W,/core/www/modules/show_out/show_out_wrapper.php?run_id=110202&search_id=114132&scans_id=110198&peptide_id=17060&scanf=25419&charge=2&value=R.LIEQAPIQMGEEAVR.W,RIF1,4.888e+6,3.116,0.003,2.579,0.000
25421,3,"  6.537","  0.640",19/68,/core/www/modules//sdig/index.php?run_id=110202&search_id=114132&scans_id=110198&peptide_id=17063&scanf=25421&charge=3&value=19/68,sp|Q8IWX8|CHERP_HUMAN,/core/www/modules//consensus/?run_id=110202&search_id=114132&scans_id=110198&peptide_id=17063&scanf=25421&charge=3&value=sp|Q8IWX8|CHERP_HUMAN,1,/core/www/modules/match_peptides/blast_html4.php?run_id=110202&search_id=114132&scans_id=110198&peptide_id=17063&scanf=25421&charge=3&value=1,R.QEQVTAAVAHAVEQQMQK.L,/core/www/modules/show_out/show_out_wrapper.php?run_id=110202&search_id=114132&scans_id=110198&peptide_id=17063&scanf=25421&charge=3&value=R.QEQVTAAVAHAVEQQMQK.L,CHERP,8.607e+6,3.686,0.000,3.423,0.000
25422,2,"  3.919","  0.639",15/26,/core/www/modules//sdig/index.php?run_id=110202&search_id=114132&scans_id=110198&peptide_id=17064&scanf=25422&charge=2&value=15/26,sp|Q6P2Q9|PRP8_HUMAN,/core/www/modules//consensus/?run_id=110202&search_id=114132&scans_id=110198&peptide_id=17064&scanf=25422&charge=2&value=sp|Q6P2Q9|PRP8_HUMAN,1,/core/www/modules/match_peptides/blast_html4.php?run_id=110202&search_id=114132&scans_id=110198&peptide_id=17064&scanf=25422&charge=2&value=1,R.LIVDHNIADYMTAK.N,/core/www/modules/show_out/show_out_wrapper.php?run_id=110202&search_id=114132&scans_id=110198&peptide_id=17064&scanf=25422&charge=2&value=R.LIVDHNIADYMTAK.N,PRPF8,7.712e+6,3.908,0.000,3.753,0.000
25423,2,"  1.567","  0.282",7/12,/core/www/modules//sdig/index.php?run_id=110202&search_id=114132&scans_id=110198&peptide_id=17065&scanf=25423&charge=2&value=7/12,sp|O14980|XPO1_HUMAN,/core/www/modules//consensus/?run_id=110202&search_id=114132&scans_id=110198&peptide_id=17065&scanf=25423&charge=2&value=sp|O14980|XPO1_HUMAN,7,/core/www/modules/match_peptides/blast_html4.php?run_id=110202&search_id=114132&scans_id=110198&peptide_id=17065&scanf=25423&charge=2&value=7,R.DFLVQIK.E,/core/www/modules/show_out/show_out_wrapper.php?run_id=110202&search_id=114132&scans_id=110198&peptide_id=17065&scanf=25423&charge=2&value=R.DFLVQIK.E,XPO1,5.547e+6,2.679,0.012,1.935,0.000
25424,2,"  4.217","  0.682",17/28,/core/www/modules//sdig/index.php?run_id=110202&search_id=114132&scans_id=110198&peptide_id=17066&scanf=25424&charge=2&value=17/28,sp|Q8WX92|NELFB_HUMAN,/core/www/modules//consensus/?run_id=110202&search_id=114132&scans_id=110198&peptide_id=17066&scanf=25424&charge=2&value=sp|Q8WX92|NELFB_HUMAN,1,/core/www/modules/match_peptides/blast_html4.php?run_id=110202&search_id=114132&scans_id=110198&peptide_id=17066&scanf=25424&charge=2&value=1,K.APVSYPNTLPESFTK.F,/core/www/modules/show_out/show_out_wrapper.php?run_id=110202&search_id=114132&scans_id=110198&peptide_id=17066&scanf=25424&charge=2&value=K.APVSYPNTLPESFTK.F,NELFB,4.385e+6,3.787,0.000,3.573,0.000
25426,2,"  5.197","  0.617",18/32,/core/www/modules//sdig/index.php?run_id=110202&search_id=114132&scans_id=110198&peptide_id=17068&scanf=25426&charge=2&value=18/32,sp|O43707|ACTN4_HUMAN,/core/www/modules//consensus/?run_id=110202&search_id=114132&scans_id=110198&peptide_id=17068&scanf=25426&charge=2&value=sp|O43707|ACTN4_HUMAN,4,/core/www/modules/match_peptides/blast_html4.php?run_id=110202&search_id=114132&scans_id=110198&peptide_id=17068&scanf=25426&charge=2&value=4,K.AGTQIENIDEDFRDGLK.L,/core/www/modules/show_out/show_out_wrapper.php?run_id=110202&search_id=114132&scans_id=110198&peptide_id=17068&scanf=25426&charge=2&value=K.AGTQIENIDEDFRDGLK.L,ACTN4,7.262e+6,3.566,0.001,3.246,0.000
25428,2,"  1.531","  0.120",7/12,/core/www/modules//sdig/index.php?run_id=110202&search_id=114132&scans_id=110198&peptide_id=17070&scanf=25428&charge=2&value=7/12,sp|Q86U86|PB1_HUMAN,/core/www/modules//consensus/?run_id=110202&search_id=114132&scans_id=110198&peptide_id=17070&scanf=25428&charge=2&value=sp|Q86U86|PB1_HUMAN,2,/core/www/modules/match_peptides/blast_html4.php?run_id=110202&search_id=114132&scans_id=110198&peptide_id=17070&scanf=25428&charge=2&value=2,K.IIEHNIR.N,/core/www/modules/show_out/show_out_wrapper.php?run_id=110202&search_id=114132&scans_id=110198&peptide_id=17070&scanf=25428&charge=2&value=K.IIEHNIR.N,PBRM1,5.886e+6,1.951,0.124,0.908,0.006
25429,3,"  3.622","  0.429",14/56,/core/www/modules//sdig/index.php?run_id=110202&search_id=114132&scans_id=110198&peptide_id=17071&scanf=25429&charge=3&value=14/56,sp|Q13151|ROA0_HUMAN,/core/www/modules//consensus/?run_id=110202&search_id=114132&scans_id=110198&peptide_id=17071&scanf=25429&charge=3&value=sp|Q13151|ROA0_HUMAN,0,/core/www/modules/match_peptides/blast_html4.php?run_id=110202&search_id=114132&scans_id=110198&peptide_id=17071&scanf=25429&charge=3&value=0,R.GFGFVYFQNHDAADK.A,/core/www/modules/show_out/show_out_wrapper.php?run_id=110202&search_id=114132&scans_id=110198&peptide_id=17071&scanf=25429&charge=3&value=R.GFGFVYFQNHDAADK.A,HNRNPA0,3.869e+7,2.911,0.005,2.276,0.000
25430,2,"  1.945","  0.398",8/26,/core/www/modules//sdig/index.php?run_id=110202&search_id=114132&scans_id=110198&peptide_id=17073&scanf=25430&charge=2&value=8/26,sp|Q15233|NONO_HUMAN,/core/www/modules//consensus/?run_id=110202&search_id=114132&scans_id=110198&peptide_id=17073&scanf=25430&charge=2&value=sp|Q15233|NONO_HUMAN,9,/core/www/modules/match_peptides/blast_html4.php?run_id=110202&search_id=114132&scans_id=110198&peptide_id=17073&scanf=25430&charge=2&value=9,R.FAQPGSFEYEYAMR.W,/core/www/modules/show_out/show_out_wrapper.php?run_id=110202&search_id=114132&scans_id=110198&peptide_id=17073&scanf=25430&charge=2&value=R.FAQPGSFEYEYAMR.W,NONO,2.377e+7,2.351,0.035,1.460,0.001
25433,3,"  2.515","  0.218",11/60,/core/www/modules//sdig/index.php?run_id=110202&search_id=114132&scans_id=110198&peptide_id=17075&scanf=25433&charge=3&value=11/60,sp|P62736|ACTA_HUMAN,/core/www/modules//consensus/?run_id=110202&search_id=114132&scans_id=110198&peptide_id=17075&scanf=25433&charge=3&value=sp|P62736|ACTA_HUMAN,8,/core/www/modules/match_peptides/blast_html4.php?run_id=110202&search_id=114132&scans_id=110198&peptide_id=17075&scanf=25433&charge=3&value=8,K.YPIEHGIITNWDDM*EK.I,/core/www/modules/show_out/show_out_wrapper.php?run_id=110202&search_id=114132&scans_id=110198&peptide_id=17075&scanf=25433&charge=3&value=K.YPIEHGIITNWDDM*EK.I,ACTA2,2.732e+8,1.904,0.142,0.848,0.007
25438,2,"  2.186","  0.367",9/16,/core/www/modules//sdig/index.php?run_id=110202&search_id=114132&scans_id=110198&peptide_id=17080&scanf=25438&charge=2&value=9/16,sp|P15311|EZRI_HUMAN,/core/www/modules//consensus/?run_id=110202&search_id=114132&scans_id=110198&peptide_id=17080&scanf=25438&charge=2&value=sp|P15311|EZRI_HUMAN,0,/core/www/modules/match_peptides/blast_html4.php?run_id=110202&search_id=114132&scans_id=110198&peptide_id=17080&scanf=25438&charge=2&value=0,K.DNAMLEYLK.I,/core/www/modules/show_out/show_out_wrapper.php?run_id=110202&search_id=114132&scans_id=110198&peptide_id=17080&scanf=25438&charge=2&value=K.DNAMLEYLK.I,EZR,8.098e+6,2.813,0.007,2.133,0.000
25439,3,"  3.829","  0.524",13/56,/core/www/modules//sdig/index.php?run_id=110202&search_id=114132&scans_id=110198&peptide_id=17081&scanf=25439&charge=3&value=13/56,sp|P08670|VIME_HUMAN,/core/www/modules//consensus/?run_id=110202&search_id=114132&scans_id=110198&peptide_id=17081&scanf=25439&charge=3&value=sp|P08670|VIME_HUMAN,0,/core/www/modules/match_peptides/blast_html4.php?run_id=110202&search_id=114132&scans_id=110198&peptide_id=17081&scanf=25439&charge=3&value=0,R.ETNLDSLPLVDTHSK.R,/core/www/modules/show_out/show_out_wrapper.php?run_id=110202&search_id=114132&scans_id=110198&peptide_id=17081&scanf=25439&charge=3&value=R.ETNLDSLPLVDTHSK.R,VIM,2.647e+6,3.637,0.000,3.351,0.000
25443,2,"  1.861","  0.259",8/14,/core/www/modules//sdig/index.php?run_id=110202&search_id=114132&scans_id=110198&peptide_id=17086&scanf=25443&charge=2&value=8/14,sp|Q13200|PSMD2_HUMAN,/core/www/modules//consensus/?run_id=110202&search_id=114132&scans_id=110198&peptide_id=17086&scanf=25443&charge=2&value=sp|Q13200|PSMD2_HUMAN,0,/core/www/modules/match_peptides/blast_html4.php?run_id=110202&search_id=114132&scans_id=110198&peptide_id=17086&scanf=25443&charge=2&value=0,R.EPLLTLVK.E,/core/www/modules/show_out/show_out_wrapper.php?run_id=110202&search_id=114132&scans_id=110198&peptide_id=17086&scanf=25443&charge=2&value=R.EPLLTLVK.E,PSMD2,1.617e+7,2.507,0.021,1.684,0.000
25451,3,"  2.483","  0.237",10/36,/core/www/modules//sdig/index.php?run_id=110202&search_id=114132&scans_id=110198&peptide_id=17095&scanf=25451&charge=3&value=10/36,sp|P35998|PRS7_HUMAN,/core/www/modules//consensus/?run_id=110202&search_id=114132&scans_id=110198&peptide_id=17095&scanf=25451&charge=3&value=sp|P35998|PRS7_HUMAN,1,/core/www/modules/match_peptides/blast_html4.php?run_id=110202&search_id=114132&scans_id=110198&peptide_id=17095&scanf=25451&charge=3&value=1,K.YQIHIPLPPK.I,/core/www/modules/show_out/show_out_wrapper.php?run_id=110202&search_id=114132&scans_id=110198&peptide_id=17095&scanf=25451&charge=3&value=K.YQIHIPLPPK.I,PSMC2,3.630e+6,2.455,0.025,1.608,0.001
25456,2,"  2.497","  0.356",9/14,/core/www/modules//sdig/index.php?run_id=110202&search_id=114132&scans_id=110198&peptide_id=17099&scanf=25456&charge=2&value=9/14,sp|P38432|COIL_HUMAN,/core/www/modules//consensus/?run_id=110202&search_id=114132&scans_id=110198&peptide_id=17099&scanf=25456&charge=2&value=sp|P38432|COIL_HUMAN,0,/core/www/modules/match_peptides/blast_html4.php?run_id=110202&search_id=114132&scans_id=110198&peptide_id=17099&scanf=25456&charge=2&value=0,R.EENLFSWK.G,/core/www/modules/show_out/show_out_wrapper.php?run_id=110202&search_id=114132&scans_id=110198&peptide_id=17099&scanf=25456&charge=2&value=R.EENLFSWK.G,COIL,3.792e+6,2.875,0.006,2.223,0.000
25469,3,"  5.650","  0.606",13/68,/core/www/modules//sdig/index.php?run_id=110202&search_id=114132&scans_id=110198&peptide_id=17112&scanf=25469&charge=3&value=13/68,sp|Q8IWX8|CHERP_HUMAN,/core/www/modules//consensus/?run_id=110202&search_id=114132&scans_id=110198&peptide_id=17112&scanf=25469&charge=3&value=sp|Q8IWX8|CHERP_HUMAN,1,/core/www/modules/match_peptides/blast_html4.php?run_id=110202&search_id=114132&scans_id=110198&peptide_id=17112&scanf=25469&charge=3&value=1,R.QEQVTAAVAHAVEQQMQK.L,/core/www/modules/show_out/show_out_wrapper.php?run_id=110202&search_id=114132&scans_id=110198&peptide_id=17112&scanf=25469&charge=3&value=R.QEQVTAAVAHAVEQQMQK.L,CHERP,8.607e+6,3.390,0.001,2.985,0.000
25471,2,"  1.825","  0.412",7/14,/core/www/modules//sdig/index.php?run_id=110202&search_id=114132&scans_id=110198&peptide_id=17115&scanf=25471&charge=2&value=7/14,sp|O14647|CHD2_HUMAN,/core/www/modules//consensus/?run_id=110202&search_id=114132&scans_id=110198&peptide_id=17115&scanf=25471&charge=2&value=sp|O14647|CHD2_HUMAN,2,/core/www/modules/match_peptides/blast_html4.php?run_id=110202&search_id=114132&scans_id=110198&peptide_id=17115&scanf=25471&charge=2&value=2,K.FGAEDLFK.E,/core/www/modules/show_out/show_out_wrapper.php?run_id=110202&search_id=114132&scans_id=110198&peptide_id=17115&scanf=25471&charge=2&value=K.FGAEDLFK.E,CHD2,1.001e+7,2.848,0.007,2.184,0.000
25473,2,"  1.408","  0.370",8/18,/core/www/modules//sdig/index.php?run_id=110202&search_id=114132&scans_id=110198&peptide_id=17116&scanf=25473&charge=2&value=8/18,sp|O75643|U520_HUMAN,/core/www/modules//consensus/?run_id=110202&search_id=114132&scans_id=110198&peptide_id=17116&scanf=25473&charge=2&value=sp|O75643|U520_HUMAN,1,/core/www/modules/match_peptides/blast_html4.php?run_id=110202&search_id=114132&scans_id=110198&peptide_id=17116&scanf=25473&charge=2&value=1,R.GPVLEALVAR.A,/core/www/modules/show_out/show_out_wrapper.php?run_id=110202&search_id=114132&scans_id=110198&peptide_id=17116&scanf=25473&charge=2&value=R.GPVLEALVAR.A,SNRNP200,1.225e+7,2.800,0.008,2.113,0.000
25476,2,"  4.718","  0.724",16/36,/core/www/modules//sdig/index.php?run_id=110202&search_id=114132&scans_id=110198&peptide_id=17119&scanf=25476&charge=2&value=16/36,sp|P55072|TERA_HUMAN,/core/www/modules//consensus/?run_id=110202&search_id=114132&scans_id=110198&peptide_id=17119&scanf=25476&charge=2&value=sp|P55072|TERA_HUMAN,3,/core/www/modules/match_peptides/blast_html4.php?run_id=110202&search_id=114132&scans_id=110198&peptide_id=17119&scanf=25476&charge=2&value=3,R.QTNPSAMEVEEDDPVPEIR.R,/core/www/modules/show_out/show_out_wrapper.php?run_id=110202&search_id=114132&scans_id=110198&peptide_id=17119&scanf=25476&charge=2&value=R.QTNPSAMEVEEDDPVPEIR.R,VCP,7.093e+6,3.723,0.000,3.479,0.000
25477,3,"  4.249","  0.610",15/56,/core/www/modules//sdig/index.php?run_id=110202&search_id=114132&scans_id=110198&peptide_id=17120&scanf=25477&charge=3&value=15/56,sp|Q5UIP0|RIF1_HUMAN,/core/www/modules//consensus/?run_id=110202&search_id=114132&scans_id=110198&peptide_id=17120&scanf=25477&charge=3&value=sp|Q5UIP0|RIF1_HUMAN,1,/core/www/modules/match_peptides/blast_html4.php?run_id=110202&search_id=114132&scans_id=110198&peptide_id=17120&scanf=25477&charge=3&value=1,R.LIEQAPIQMGEEAVR.W,/core/www/modules/show_out/show_out_wrapper.php?run_id=110202&search_id=114132&scans_id=110198&peptide_id=17120&scanf=25477&charge=3&value=R.LIEQAPIQMGEEAVR.W,RIF1,3.319e+6,3.594,0.001,3.287,0.000
25480,3,"  1.768","  0.213",10/44,/core/www/modules//sdig/index.php?run_id=110202&search_id=114132&scans_id=110198&peptide_id=17124&scanf=25480&charge=3&value=10/44,sp|Q96I25|SPF45_HUMAN,/core/www/modules//consensus/?run_id=110202&search_id=114132&scans_id=110198&peptide_id=17124&scanf=25480&charge=3&value=sp|Q96I25|SPF45_HUMAN,0,/core/www/modules/match_peptides/blast_html4.php?run_id=110202&search_id=114132&scans_id=110198&peptide_id=17124&scanf=25480&charge=3&value=0,K.KSDSNPLTEILK.C,/core/www/modules/show_out/show_out_wrapper.php?run_id=110202&search_id=114132&scans_id=110198&peptide_id=17124&scanf=25480&charge=3&value=K.KSDSNPLTEILK.C,RBM17,3.267e+6,1.817,0.182,0.739,0.010
25481,3,"  3.045","  0.335",13/40,/core/www/modules//sdig/index.php?run_id=110202&search_id=114132&scans_id=110198&peptide_id=17125&scanf=25481&charge=3&value=13/40,sp|P54136|SYRC_HUMAN,/core/www/modules//consensus/?run_id=110202&search_id=114132&scans_id=110198&peptide_id=17125&scanf=25481&charge=3&value=sp|P54136|SYRC_HUMAN,0,/core/www/modules/match_peptides/blast_html4.php?run_id=110202&search_id=114132&scans_id=110198&peptide_id=17125&scanf=25481&charge=3&value=0,R.LMDLLGEGLKR.S,/core/www/modules/show_out/show_out_wrapper.php?run_id=110202&search_id=114132&scans_id=110198&peptide_id=17125&scanf=25481&charge=3&value=R.LMDLLGEGLKR.S,RARS1,1.271e+7,2.414,0.028,1.549,0.001
25483,2,"  1.412","  0.082",7/12,/core/www/modules//sdig/index.php?run_id=110202&search_id=114132&scans_id=110198&peptide_id=17127&scanf=25483&charge=2&value=7/12,sp|P60709|ACTB_HUMAN,/core/www/modules//consensus/?run_id=110202&search_id=114132&scans_id=110198&peptide_id=17127&scanf=25483&charge=2&value=sp|P60709|ACTB_HUMAN,11,/core/www/modules/match_peptides/blast_html4.php?run_id=110202&search_id=114132&scans_id=110198&peptide_id=17127&scanf=25483&charge=2&value=11,K.IIAPPER.K,/core/www/modules/show_out/show_out_wrapper.php?run_id=110202&search_id=114132&scans_id=110198&peptide_id=17127&scanf=25483&charge=2&value=K.IIAPPER.K,ACTB,1.869e+6,2.417,0.028,1.554,0.001
25485,3,"  1.833","  0.275",13/36,/core/www/modules//sdig/index.php?run_id=110202&search_id=114132&scans_id=110198&peptide_id=17129&scanf=25485&charge=3&value=13/36,sp|Q9BZZ5|API5_HUMAN,/core/www/modules//consensus/?run_id=110202&search_id=114132&scans_id=110198&peptide_id=17129&scanf=25485&charge=3&value=sp|Q9BZZ5|API5_HUMAN,1,/core/www/modules/match_peptides/blast_html4.php?run_id=110202&search_id=114132&scans_id=110198&peptide_id=17129&scanf=25485&charge=3&value=1,K.DLFHIPPSYK.S,/core/www/modules/show_out/show_out_wrapper.php?run_id=110202&search_id=114132&scans_id=110198&peptide_id=17129&scanf=25485&charge=3&value=K.DLFHIPPSYK.S,API5,8.659e+6,2.628,0.014,1.860,0.000
25486,2,"  2.566","  0.326",9/22,/core/www/modules//sdig/index.php?run_id=110202&search_id=114132&scans_id=110198&peptide_id=17130&scanf=25486&charge=2&value=9/22,sp|Q9BUQ8|DDX23_HUMAN,/core/www/modules//consensus/?run_id=110202&search_id=114132&scans_id=110198&peptide_id=17130&scanf=25486&charge=2&value=sp|Q9BUQ8|DDX23_HUMAN,3,/core/www/modules/match_peptides/blast_html4.php?run_id=110202&search_id=114132&scans_id=110198&peptide_id=17130&scanf=25486&charge=2&value=3,R.MIDMGFEPDVQK.I,/core/www/modules/show_out/show_out_wrapper.php?run_id=110202&search_id=114132&scans_id=110198&peptide_id=17130&scanf=25486&charge=2&value=R.MIDMGFEPDVQK.I,DDX23,1.564e+7,2.403,0.029,1.534,0.001
25488,2,"  4.118","  0.538",12/24,/core/www/modules//sdig/index.php?run_id=110202&search_id=114132&scans_id=110198&peptide_id=17132&scanf=25488&charge=2&value=12/24,sp|Q9GZR7|DDX24_HUMAN,/core/www/modules//consensus/?run_id=110202&search_id=114132&scans_id=110198&peptide_id=17132&scanf=25488&charge=2&value=sp|Q9GZR7|DDX24_HUMAN,4,/core/www/modules/match_peptides/blast_html4.php?run_id=110202&search_id=114132&scans_id=110198&peptide_id=17132&scanf=25488&charge=2&value=4,K.KDEDIPLFPVQTK.Y,/core/www/modules/show_out/show_out_wrapper.php?run_id=110202&search_id=114132&scans_id=110198&peptide_id=17132&scanf=25488&charge=2&value=K.KDEDIPLFPVQTK.Y,DDX24,8.413e+6,2.964,0.004,2.355,0.000
25489,2,"  3.793","  0.485",14/26,/core/www/modules//sdig/index.php?run_id=110202&search_id=114132&scans_id=110198&peptide_id=17133&scanf=25489&charge=2&value=14/26,sp|P78527|PRKDC_HUMAN,/core/www/modules//consensus/?run_id=110202&search_id=114132&scans_id=110198&peptide_id=17133&scanf=25489&charge=2&value=sp|P78527|PRKDC_HUMAN,0,/core/www/modules/match_peptides/blast_html4.php?run_id=110202&search_id=114132&scans_id=110198&peptide_id=17133&scanf=25489&charge=2&value=0,R.VVQMLGSLGGQINK.N,/core/www/modules/show_out/show_out_wrapper.php?run_id=110202&search_id=114132&scans_id=110198&peptide_id=17133&scanf=25489&charge=2&value=R.VVQMLGSLGGQINK.N,PRKDC,4.860e+7,3.880,0.000,3.712,0.000
25490,2,"  3.352","  0.594",13/32,/core/www/modules//sdig/index.php?run_id=110202&search_id=114132&scans_id=110198&peptide_id=17135&scanf=25490&charge=2&value=13/32,sp|P52272|HNRPM_HUMAN,/core/www/modules//consensus/?run_id=110202&search_id=114132&scans_id=110198&peptide_id=17135&scanf=25490&charge=2&value=sp|P52272|HNRPM_HUMAN,3,/core/www/modules/match_peptides/blast_html4.php?run_id=110202&search_id=114132&scans_id=110198&peptide_id=17135&scanf=25490&charge=2&value=3,K.MGGMEGPFGGGMENMGR.F,/core/www/modules/show_out/show_out_wrapper.php?run_id=110202&search_id=114132&scans_id=110198&peptide_id=17135&scanf=25490&charge=2&value=K.MGGMEGPFGGGMENMGR.F,HNRNPM,3.350e+7,3.319,0.001,2.880,0.000
25492,3,"  4.240","  0.386",13/52,/core/www/modules//sdig/index.php?run_id=110202&search_id=114132&scans_id=110198&peptide_id=17137&scanf=25492&charge=3&value=13/52,sp|Q99986|VRK1_HUMAN,/core/www/modules//consensus/?run_id=110202&search_id=114132&scans_id=110198&peptide_id=17137&scanf=25492&charge=3&value=sp|Q99986|VRK1_HUMAN,22,/core/www/modules/match_peptides/blast_html4.php?run_id=110202&search_id=114132&scans_id=110198&peptide_id=17137&scanf=25492&charge=3&value=22,K.LLDYTEKPLYENLR.D,/core/www/modules/show_out/show_out_wrapper.php?run_id=110202&search_id=114132&scans_id=110198&peptide_id=17137&scanf=25492&charge=3&value=K.LLDYTEKPLYENLR.D,VRK1,1.465e+7,2.785,0.008,2.091,0.000
25494,2,"  2.499","  0.460",10/20,/core/www/modules//sdig/index.php?run_id=110202&search_id=114132&scans_id=110198&peptide_id=17138&scanf=25494&charge=2&value=10/20,sp|Q14683|SMC1A_HUMAN,/core/www/modules//consensus/?run_id=110202&search_id=114132&scans_id=110198&peptide_id=17138&scanf=25494&charge=2&value=sp|Q14683|SMC1A_HUMAN,2,/core/www/modules/match_peptides/blast_html4.php?run_id=110202&search_id=114132&scans_id=110198&peptide_id=17138&scanf=25494&charge=2&value=2,K.TVALDGTLFQK.S,/core/www/modules/show_out/show_out_wrapper.php?run_id=110202&search_id=114132&scans_id=110198&peptide_id=17138&scanf=25494&charge=2&value=K.TVALDGTLFQK.S,SMC1A,1.021e+7,3.052,0.003,2.485,0.000
25495,2,"  2.282","  0.541",13/24,/core/www/modules//sdig/index.php?run_id=110202&search_id=114132&scans_id=110198&peptide_id=17139&scanf=25495&charge=2&value=13/24,sp|O75400|PR40A_HUMAN,/core/www/modules//consensus/?run_id=110202&search_id=114132&scans_id=110198&peptide_id=17139&scanf=25495&charge=2&value=sp|O75400|PR40A_HUMAN,5,/core/www/modules/match_peptides/blast_html4.php?run_id=110202&search_id=114132&scans_id=110198&peptide_id=17139&scanf=25495&charge=2&value=5,K.EPAFEDITLESER.K,/core/www/modules/show_out/show_out_wrapper.php?run_id=110202&search_id=114132&scans_id=110198&peptide_id=17139&scanf=25495&charge=2&value=K.EPAFEDITLESER.K,PRPF40A,4.642e+6,3.185,0.002,2.682,0.000
25497,3,"  4.233","  0.565",13/52,/core/www/modules//sdig/index.php?run_id=110202&search_id=114132&scans_id=110198&peptide_id=17141&scanf=25497&charge=3&value=13/52,sp|P78527|PRKDC_HUMAN,/core/www/modules//consensus/?run_id=110202&search_id=114132&scans_id=110198&peptide_id=17141&scanf=25497&charge=3&value=sp|P78527|PRKDC_HUMAN,0,/core/www/modules/match_peptides/blast_html4.php?run_id=110202&search_id=114132&scans_id=110198&peptide_id=17141&scanf=25497&charge=3&value=0,R.VVQMLGSLGGQINK.N,/core/www/modules/show_out/show_out_wrapper.php?run_id=110202&search_id=114132&scans_id=110198&peptide_id=17141&scanf=25497&charge=3&value=R.VVQMLGSLGGQINK.N,PRKDC,7.661e+6,4.187,0.000,4.166,0.000
25504,3,"  5.190","  0.627",18/72,/core/www/modules//sdig/index.php?run_id=110202&search_id=114132&scans_id=110198&peptide_id=17149&scanf=25504&charge=3&value=18/72,sp|Q9BSJ8|ESYT1_HUMAN,/core/www/modules//consensus/?run_id=110202&search_id=114132&scans_id=110198&peptide_id=17149&scanf=25504&charge=3&value=sp|Q9BSJ8|ESYT1_HUMAN,0,/core/www/modules/match_peptides/blast_html4.php?run_id=110202&search_id=114132&scans_id=110198&peptide_id=17149&scanf=25504&charge=3&value=0,R.LTHVDSPLEAPAGPLGQVK.L,/core/www/modules/show_out/show_out_wrapper.php?run_id=110202&search_id=114132&scans_id=110198&peptide_id=17149&scanf=25504&charge=3&value=R.LTHVDSPLEAPAGPLGQVK.L,ESYT1,5.824e+6,3.467,0.001,3.099,0.000
25511,2,"  2.040","  0.202",8/14,/core/www/modules//sdig/index.php?run_id=110202&search_id=114132&scans_id=110198&peptide_id=17157&scanf=25511&charge=2&value=8/14,sp|P36957|ODO2_HUMAN,/core/www/modules//consensus/?run_id=110202&search_id=114132&scans_id=110198&peptide_id=17157&scanf=25511&charge=2&value=sp|P36957|ODO2_HUMAN,0,/core/www/modules/match_peptides/blast_html4.php?run_id=110202&search_id=114132&scans_id=110198&peptide_id=17157&scanf=25511&charge=2&value=0,R.GLVVPVIR.N,/core/www/modules/show_out/show_out_wrapper.php?run_id=110202&search_id=114132&scans_id=110198&peptide_id=17157&scanf=25511&charge=2&value=R.GLVVPVIR.N,DLST,3.638e+6,2.273,0.045,1.348,0.002
25518,2,"  2.655","  0.434",11/24,/core/www/modules//sdig/index.php?run_id=110202&search_id=114132&scans_id=110198&peptide_id=17163&scanf=25518&charge=2&value=11/24,sp|P27694|RFA1_HUMAN,/core/www/modules//consensus/?run_id=110202&search_id=114132&scans_id=110198&peptide_id=17163&scanf=25518&charge=2&value=sp|P27694|RFA1_HUMAN,0,/core/www/modules/match_peptides/blast_html4.php?run_id=110202&search_id=114132&scans_id=110198&peptide_id=17163&scanf=25518&charge=2&value=0,K.VVPIASLTPYQSK.W,/core/www/modules/show_out/show_out_wrapper.php?run_id=110202&search_id=114132&scans_id=110198&peptide_id=17163&scanf=25518&charge=2&value=K.VVPIASLTPYQSK.W,RPA1,4.671e+6,2.603,0.015,1.825,0.000
25522,3,"  2.606","  0.383",11/52,/core/www/modules//sdig/index.php?run_id=110202&search_id=114132&scans_id=110198&peptide_id=17168&scanf=25522&charge=3&value=11/52,sp|O43707|ACTN4_HUMAN,/core/www/modules//consensus/?run_id=110202&search_id=114132&scans_id=110198&peptide_id=17168&scanf=25522&charge=3&value=sp|O43707|ACTN4_HUMAN,29,/core/www/modules/match_peptides/blast_html4.php?run_id=110202&search_id=114132&scans_id=110198&peptide_id=17168&scanf=25522&charge=3&value=29,R.FAIQDISVEETSAK.E,/core/www/modules/show_out/show_out_wrapper.php?run_id=110202&search_id=114132&scans_id=110198&peptide_id=17168&scanf=25522&charge=3&value=R.FAIQDISVEETSAK.E,ACTN4,6.370e+7,2.970,0.004,2.363,0.000
25533,2,"  2.373","  0.000",9/14,/core/www/modules//sdig/index.php?run_id=110202&search_id=114132&scans_id=110198&peptide_id=17180&scanf=25533&charge=2&value=9/14,sp|O95758|PTBP3_HUMAN,/core/www/modules//consensus/?run_id=110202&search_id=114132&scans_id=110198&peptide_id=17180&scanf=25533&charge=2&value=sp|O95758|PTBP3_HUMAN,6,/core/www/modules/match_peptides/blast_html4.php?run_id=110202&search_id=114132&scans_id=110198&peptide_id=17180&scanf=25533&charge=2&value=6,K.VTNLLMLK.G,/core/www/modules/show_out/show_out_wrapper.php?run_id=110202&search_id=114132&scans_id=110198&peptide_id=17180&scanf=25533&charge=2&value=K.VTNLLMLK.G,PTBP3,2.635e+7,2.945,0.005,2.326,0.000
25539,2,"  2.124","  0.418",8/20,/core/www/modules//sdig/index.php?run_id=110202&search_id=114132&scans_id=110198&peptide_id=17185&scanf=25539&charge=2&value=8/20,sp|P23284|PPIB_HUMAN,/core/www/modules//consensus/?run_id=110202&search_id=114132&scans_id=110198&peptide_id=17185&scanf=25539&charge=2&value=sp|P23284|PPIB_HUMAN,3,/core/www/modules/match_peptides/blast_html4.php?run_id=110202&search_id=114132&scans_id=110198&peptide_id=17185&scanf=25539&charge=2&value=3,K.DFMIQGGDFTR.G,/core/www/modules/show_out/show_out_wrapper.php?run_id=110202&search_id=114132&scans_id=110198&peptide_id=17185&scanf=25539&charge=2&value=K.DFMIQGGDFTR.G,PPIB,5.479e+6,2.637,0.013,1.873,0.000
25540,3,"  3.235","  0.467",14/64,/core/www/modules//sdig/index.php?run_id=110202&search_id=114132&scans_id=110198&peptide_id=17187&scanf=25540&charge=3&value=14/64,sp|O43707|ACTN4_HUMAN,/core/www/modules//consensus/?run_id=110202&search_id=114132&scans_id=110198&peptide_id=17187&scanf=25540&charge=3&value=sp|O43707|ACTN4_HUMAN,3,/core/www/modules/match_peptides/blast_html4.php?run_id=110202&search_id=114132&scans_id=110198&peptide_id=17187&scanf=25540&charge=3&value=3,R.KDDPVTNLNNAFEVAEK.Y,/core/www/modules/show_out/show_out_wrapper.php?run_id=110202&search_id=114132&scans_id=110198&peptide_id=17187&scanf=25540&charge=3&value=R.KDDPVTNLNNAFEVAEK.Y,ACTN4,2.789e+6,2.795,0.008,2.106,0.000
25543,2,"  2.049","  0.292",8/14,/core/www/modules//sdig/index.php?run_id=110202&search_id=114132&scans_id=110198&peptide_id=17190&scanf=25543&charge=2&value=8/14,sp|Q7L2E3|DHX30_HUMAN,/core/www/modules//consensus/?run_id=110202&search_id=114132&scans_id=110198&peptide_id=17190&scanf=25543&charge=2&value=sp|Q7L2E3|DHX30_HUMAN,1,/core/www/modules/match_peptides/blast_html4.php?run_id=110202&search_id=114132&scans_id=110198&peptide_id=17190&scanf=25543&charge=2&value=1,R.IPQLLLER.Y,/core/www/modules/show_out/show_out_wrapper.php?run_id=110202&search_id=114132&scans_id=110198&peptide_id=17190&scanf=25543&charge=2&value=R.IPQLLLER.Y,DHX30,4.098e+6,2.582,0.016,1.794,0.000
25548,2,"  1.875","  0.208",8/18,/core/www/modules//sdig/index.php?run_id=110202&search_id=114132&scans_id=110198&peptide_id=17195&scanf=25548&charge=2&value=8/18,sp|Q02878|RL6_HUMAN,/core/www/modules//consensus/?run_id=110202&search_id=114132&scans_id=110198&peptide_id=17195&scanf=25548&charge=2&value=sp|Q02878|RL6_HUMAN,0,/core/www/modules/match_peptides/blast_html4.php?run_id=110202&search_id=114132&scans_id=110198&peptide_id=17195&scanf=25548&charge=2&value=0,K.AIPQLQGYLR.S,/core/www/modules/show_out/show_out_wrapper.php?run_id=110202&search_id=114132&scans_id=110198&peptide_id=17195&scanf=25548&charge=2&value=K.AIPQLQGYLR.S,RPL6,2.227e+8,2.101,0.078,1.108,0.003
25549,2,"  1.994","  0.096",9/14,/core/www/modules//sdig/index.php?run_id=110202&search_id=114132&scans_id=110198&peptide_id=17196&scanf=25549&charge=2&value=9/14,sp|P12956|XRCC6_HUMAN,/core/www/modules//consensus/?run_id=110202&search_id=114132&scans_id=110198&peptide_id=17196&scanf=25549&charge=2&value=sp|P12956|XRCC6_HUMAN,1,/core/www/modules/match_peptides/blast_html4.php?run_id=110202&search_id=114132&scans_id=110198&peptide_id=17196&scanf=25549&charge=2&value=1,R.ILELDQFK.G,/core/www/modules/show_out/show_out_wrapper.php?run_id=110202&search_id=114132&scans_id=110198&peptide_id=17196&scanf=25549&charge=2&value=R.ILELDQFK.G,XRCC6,8.929e+6,1.947,0.125,0.903,0.006
25552,2,"  2.337","  0.516",8/18,/core/www/modules//sdig/index.php?run_id=110202&search_id=114132&scans_id=110198&peptide_id=17200&scanf=25552&charge=2&value=8/18,sp|P49959|MRE11_HUMAN,/core/www/modules//consensus/?run_id=110202&search_id=114132&scans_id=110198&peptide_id=17200&scanf=25552&charge=2&value=sp|P49959|MRE11_HUMAN,1,/core/www/modules/match_peptides/blast_html4.php?run_id=110202&search_id=114132&scans_id=110198&peptide_id=17200&scanf=25552&charge=2&value=1,K.NVQLSLLTER.G,/core/www/modules/show_out/show_out_wrapper.php?run_id=110202&search_id=114132&scans_id=110198&peptide_id=17200&scanf=25552&charge=2&value=K.NVQLSLLTER.G,MRE11,8.665e+6,2.937,0.005,2.314,0.000
25553,2,"  2.142","  0.263",8/16,/core/www/modules//sdig/index.php?run_id=110202&search_id=114132&scans_id=110198&peptide_id=17201&scanf=25553&charge=2&value=8/16,sp|P15311|EZRI_HUMAN,/core/www/modules//consensus/?run_id=110202&search_id=114132&scans_id=110198&peptide_id=17201&scanf=25553&charge=2&value=sp|P15311|EZRI_HUMAN,0,/core/www/modules/match_peptides/blast_html4.php?run_id=110202&search_id=114132&scans_id=110198&peptide_id=17201&scanf=25553&charge=2&value=0,K.DNAMLEYLK.I,/core/www/modules/show_out/show_out_wrapper.php?run_id=110202&search_id=114132&scans_id=110198&peptide_id=17201&scanf=25553&charge=2&value=K.DNAMLEYLK.I,EZR,8.098e+6,2.353,0.034,1.462,0.001
25561,3,"  2.740","  0.274",11/48,/core/www/modules//sdig/index.php?run_id=110202&search_id=114132&scans_id=110198&peptide_id=17209&scanf=25561&charge=3&value=11/48,sp|Q9C0E2|XPO4_HUMAN,/core/www/modules//consensus/?run_id=110202&search_id=114132&scans_id=110198&peptide_id=17209&scanf=25561&charge=3&value=sp|Q9C0E2|XPO4_HUMAN,0,/core/www/modules/match_peptides/blast_html4.php?run_id=110202&search_id=114132&scans_id=110198&peptide_id=17209&scanf=25561&charge=3&value=0,R.ADLTHLLSPQMGK.D,/core/www/modules/show_out/show_out_wrapper.php?run_id=110202&search_id=114132&scans_id=110198&peptide_id=17209&scanf=25561&charge=3&value=R.ADLTHLLSPQMGK.D,XPO4,2.517e+6,2.249,0.049,1.314,0.002
25562,3,"  3.424","  0.518",19/88,/core/www/modules//sdig/index.php?run_id=110202&search_id=114132&scans_id=110198&peptide_id=17210&scanf=25562&charge=3&value=19/88,sp|O00567|NOP56_HUMAN,/core/www/modules//consensus/?run_id=110202&search_id=114132&scans_id=110198&peptide_id=17210&scanf=25562&charge=3&value=sp|O00567|NOP56_HUMAN,0,/core/www/modules/match_peptides/blast_html4.php?run_id=110202&search_id=114132&scans_id=110198&peptide_id=17210&scanf=25562&charge=3&value=0,K.SFSKEELMSSDLEETAGSTSIPK.R,/core/www/modules/show_out/show_out_wrapper.php?run_id=110202&search_id=114132&scans_id=110198&peptide_id=17210&scanf=25562&charge=3&value=K.SFSKEELMSSDLEETAGSTSIPK.R,NOP56,3.778e+6,2.609,0.015,1.833,0.000
25563,2,"  1.613","  0.261",7/14,/core/www/modules//sdig/index.php?run_id=110202&search_id=114132&scans_id=110198&peptide_id=17211&scanf=25563&charge=2&value=7/14,sp|P62829|RL23_HUMAN,/core/www/modules//consensus/?run_id=110202&search_id=114132&scans_id=110198&peptide_id=17211&scanf=25563&charge=2&value=sp|P62829|RL23_HUMAN,3,/core/www/modules/match_peptides/blast_html4.php?run_id=110202&search_id=114132&scans_id=110198&peptide_id=17211&scanf=25563&charge=2&value=3,K.NLYIISVK.G,/core/www/modules/show_out/show_out_wrapper.php?run_id=110202&search_id=114132&scans_id=110198&peptide_id=17211&scanf=25563&charge=2&value=K.NLYIISVK.G,RPL23,2.399e+6,2.324,0.038,1.421,0.001
25566,2,"  2.608","  0.513",10/18,/core/www/modules//sdig/index.php?run_id=110202&search_id=114132&scans_id=110198&peptide_id=17214&scanf=25566&charge=2&value=10/18,sp|O75643|U520_HUMAN,/core/www/modules//consensus/?run_id=110202&search_id=114132&scans_id=110198&peptide_id=17214&scanf=25566&charge=2&value=sp|O75643|U520_HUMAN,1,/core/www/modules/match_peptides/blast_html4.php?run_id=110202&search_id=114132&scans_id=110198&peptide_id=17214&scanf=25566&charge=2&value=1,R.GPVLEALVAR.A,/core/www/modules/show_out/show_out_wrapper.php?run_id=110202&search_id=114132&scans_id=110198&peptide_id=17214&scanf=25566&charge=2&value=R.GPVLEALVAR.A,SNRNP200,1.225e+7,3.496,0.001,3.143,0.000
25567,2,"  3.697","  0.568",15/32,/core/www/modules//sdig/index.php?run_id=110202&search_id=114132&scans_id=110198&peptide_id=17215&scanf=25567&charge=2&value=15/32,sp|P52272|HNRPM_HUMAN,/core/www/modules//consensus/?run_id=110202&search_id=114132&scans_id=110198&peptide_id=17215&scanf=25567&charge=2&value=sp|P52272|HNRPM_HUMAN,3,/core/www/modules/match_peptides/blast_html4.php?run_id=110202&search_id=114132&scans_id=110198&peptide_id=17215&scanf=25567&charge=2&value=3,K.MGGMEGPFGGGMENMGR.F,/core/www/modules/show_out/show_out_wrapper.php?run_id=110202&search_id=114132&scans_id=110198&peptide_id=17215&scanf=25567&charge=2&value=K.MGGMEGPFGGGMENMGR.F,HNRNPM,3.350e+7,3.360,0.001,2.941,0.000
25570,3,"  2.574","  0.279",11/56,/core/www/modules//sdig/index.php?run_id=110202&search_id=114132&scans_id=110198&peptide_id=17219&scanf=25570&charge=3&value=11/56,sp|P52272|HNRPM_HUMAN,/core/www/modules//consensus/?run_id=110202&search_id=114132&scans_id=110198&peptide_id=17219&scanf=25570&charge=3&value=sp|P52272|HNRPM_HUMAN,2,/core/www/modules/match_peptides/blast_html4.php?run_id=110202&search_id=114132&scans_id=110198&peptide_id=17219&scanf=25570&charge=3&value=2,R.MGPLGLDHMASSIER.M,/core/www/modules/show_out/show_out_wrapper.php?run_id=110202&search_id=114132&scans_id=110198&peptide_id=17219&scanf=25570&charge=3&value=R.MGPLGLDHMASSIER.M,HNRNPM,2.457e+8,2.454,0.025,1.608,0.001
25573,3,"  3.341","  0.426",11/40,/core/www/modules//sdig/index.php?run_id=110202&search_id=114132&scans_id=110198&peptide_id=17222&scanf=25573&charge=3&value=11/40,sp|P62851|RS25_HUMAN,/core/www/modules//consensus/?run_id=110202&search_id=114132&scans_id=110198&peptide_id=17222&scanf=25573&charge=3&value=sp|P62851|RS25_HUMAN,0,/core/www/modules/match_peptides/blast_html4.php?run_id=110202&search_id=114132&scans_id=110198&peptide_id=17222&scanf=25573&charge=3&value=0,R.DKLNNLVLFDK.A,/core/www/modules/show_out/show_out_wrapper.php?run_id=110202&search_id=114132&scans_id=110198&peptide_id=17222&scanf=25573&charge=3&value=R.DKLNNLVLFDK.A,RPS25,1.159e+7,2.746,0.009,2.034,0.000
25580,3,"  2.346","  0.242",7/52,/core/www/modules//sdig/index.php?run_id=110202&search_id=114132&scans_id=110198&peptide_id=17228&scanf=25580&charge=3&value=7/52,sp|Q13595|TRA2A_HUMAN,/core/www/modules//consensus/?run_id=110202&search_id=114132&scans_id=110198&peptide_id=17228&scanf=25580&charge=3&value=sp|Q13595|TRA2A_HUMAN,0,/core/www/modules/match_peptides/blast_html4.php?run_id=110202&search_id=114132&scans_id=110198&peptide_id=17228&scanf=25580&charge=3&value=0,R.YGPLSGVNVVYDQR.T,/core/www/modules/show_out/show_out_wrapper.php?run_id=110202&search_id=114132&scans_id=110198&peptide_id=17228&scanf=25580&charge=3&value=R.YGPLSGVNVVYDQR.T,TRA2A,1.600e+7,2.064,0.087,1.059,0.004
25581,3,"  5.041","  0.612",20/72,/core/www/modules//sdig/index.php?run_id=110202&search_id=114132&scans_id=110198&peptide_id=17229&scanf=25581&charge=3&value=20/72,sp|Q9BUJ2|HNRL1_HUMAN,/core/www/modules//consensus/?run_id=110202&search_id=114132&scans_id=110198&peptide_id=17229&scanf=25581&charge=3&value=sp|Q9BUJ2|HNRL1_HUMAN,7,/core/www/modules/match_peptides/blast_html4.php?run_id=110202&search_id=114132&scans_id=110198&peptide_id=17229&scanf=25581&charge=3&value=7,K.QGAPTSFLPPEASQLKPDR.Q,/core/www/modules/show_out/show_out_wrapper.php?run_id=110202&search_id=114132&scans_id=110198&peptide_id=17229&scanf=25581&charge=3&value=K.QGAPTSFLPPEASQLKPDR.Q,HNRNPUL1,4.102e+7,3.514,0.001,3.169,0.000
25583,2,"  1.179","  0.276",6/12,/core/www/modules//sdig/index.php?run_id=110202&search_id=114132&scans_id=110198&peptide_id=17231&scanf=25583&charge=2&value=6/12,sp|P15311|EZRI_HUMAN,/core/www/modules//consensus/?run_id=110202&search_id=114132&scans_id=110198&peptide_id=17231&scanf=25583&charge=2&value=sp|P15311|EZRI_HUMAN,0,/core/www/modules/match_peptides/blast_html4.php?run_id=110202&search_id=114132&scans_id=110198&peptide_id=17231&scanf=25583&charge=2&value=0,K.GFPTWLK.L,/core/www/modules/show_out/show_out_wrapper.php?run_id=110202&search_id=114132&scans_id=110198&peptide_id=17231&scanf=25583&charge=2&value=K.GFPTWLK.L,EZR,7.176e+6,2.500,0.021,1.675,0.001
25587,3,"  5.752","  0.636",19/72,/core/www/modules//sdig/index.php?run_id=110202&search_id=114132&scans_id=110198&peptide_id=17235&scanf=25587&charge=3&value=19/72,sp|P08670|VIME_HUMAN,/core/www/modules//consensus/?run_id=110202&search_id=114132&scans_id=110198&peptide_id=17235&scanf=25587&charge=3&value=sp|P08670|VIME_HUMAN,2,/core/www/modules/match_peptides/blast_html4.php?run_id=110202&search_id=114132&scans_id=110198&peptide_id=17235&scanf=25587&charge=3&value=2,R.EM*EENFAVEAANYQDTIGR.L,/core/www/modules/show_out/show_out_wrapper.php?run_id=110202&search_id=114132&scans_id=110198&peptide_id=17235&scanf=25587&charge=3&value=R.EM*EENFAVEAANYQDTIGR.L,VIM,1.363e+7,4.013,0.000,3.909,0.000
25589,2,"  1.679","  0.178",8/20,/core/www/modules//sdig/index.php?run_id=110202&search_id=114132&scans_id=110198&peptide_id=17237&scanf=25589&charge=2&value=8/20,sp|Q14683|SMC1A_HUMAN,/core/www/modules//consensus/?run_id=110202&search_id=114132&scans_id=110198&peptide_id=17237&scanf=25589&charge=2&value=sp|Q14683|SMC1A_HUMAN,2,/core/www/modules/match_peptides/blast_html4.php?run_id=110202&search_id=114132&scans_id=110198&peptide_id=17237&scanf=25589&charge=2&value=2,K.TVALDGTLFQK.S,/core/www/modules/show_out/show_out_wrapper.php?run_id=110202&search_id=114132&scans_id=110198&peptide_id=17237&scanf=25589&charge=2&value=K.TVALDGTLFQK.S,SMC1A,1.021e+7,1.920,0.135,0.868,0.007
25590,3,"  3.004","  0.423",13/60,/core/www/modules//sdig/index.php?run_id=110202&search_id=114132&scans_id=110198&peptide_id=17239&scanf=25590&charge=3&value=13/60,sp|P33991|MCM4_HUMAN,/core/www/modules//consensus/?run_id=110202&search_id=114132&scans_id=110198&peptide_id=17239&scanf=25590&charge=3&value=sp|P33991|MCM4_HUMAN,6,/core/www/modules/match_peptides/blast_html4.php?run_id=110202&search_id=114132&scans_id=110198&peptide_id=17239&scanf=25590&charge=3&value=6,R.SVLHEVMEQQTLSIAK.A,/core/www/modules/show_out/show_out_wrapper.php?run_id=110202&search_id=114132&scans_id=110198&peptide_id=17239&scanf=25590&charge=3&value=R.SVLHEVMEQQTLSIAK.A,MCM4,3.404e+6,2.774,0.008,2.074,0.000
25593,3,"  7.345","  0.700",22/124,/core/www/modules//sdig/index.php?run_id=110202&search_id=114132&scans_id=110198&peptide_id=17242&scanf=25593&charge=3&value=22/124,sp|P51531|SMCA2_HUMAN,/core/www/modules//consensus/?run_id=110202&search_id=114132&scans_id=110198&peptide_id=17242&scanf=25593&charge=3&value=sp|P51531|SMCA2_HUMAN,2,/core/www/modules/match_peptides/blast_html4.php?run_id=110202&search_id=114132&scans_id=110198&peptide_id=17242&scanf=25593&charge=3&value=2,K.KAEENAEGGESALGPDGEPIDESSQMSDLPVK.V,/core/www/modules/show_out/show_out_wrapper.php?run_id=110202&search_id=114132&scans_id=110198&peptide_id=17242&scanf=25593&charge=3&value=K.KAEENAEGGESALGPDGEPIDESSQMSDLPVK.V,SMARCA2,8.432e+6,3.212,0.002,2.721,0.000
25596,2,"  2.617","  0.406",10/18,/core/www/modules//sdig/index.php?run_id=110202&search_id=114132&scans_id=110198&peptide_id=17245&scanf=25596&charge=2&value=10/18,sp|Q86U42|PABP2_HUMAN,/core/www/modules//consensus/?run_id=110202&search_id=114132&scans_id=110198&peptide_id=17245&scanf=25596&charge=2&value=sp|Q86U42|PABP2_HUMAN,4,/core/www/modules/match_peptides/blast_html4.php?run_id=110202&search_id=114132&scans_id=110198&peptide_id=17245&scanf=25596&charge=2&value=4,K.GFAYIEFSDK.E,/core/www/modules/show_out/show_out_wrapper.php?run_id=110202&search_id=114132&scans_id=110198&peptide_id=17245&scanf=25596&charge=2&value=K.GFAYIEFSDK.E,PABPN1,9.766e+6,2.795,0.008,2.106,0.000
25603,2,"  2.623","  0.451",11/20,/core/www/modules//sdig/index.php?run_id=110202&search_id=114132&scans_id=110198&peptide_id=17252&scanf=25603&charge=2&value=11/20,sp|P35249|RFC4_HUMAN,/core/www/modules//consensus/?run_id=110202&search_id=114132&scans_id=110198&peptide_id=17252&scanf=25603&charge=2&value=sp|P35249|RFC4_HUMAN,1,/core/www/modules/match_peptides/blast_html4.php?run_id=110202&search_id=114132&scans_id=110198&peptide_id=17252&scanf=25603&charge=2&value=1,K.ISDEGIAYLVK.V,/core/www/modules/show_out/show_out_wrapper.php?run_id=110202&search_id=114132&scans_id=110198&peptide_id=17252&scanf=25603&charge=2&value=K.ISDEGIAYLVK.V,RFC4,4.324e+6,2.904,0.005,2.266,0.000
25604,3,"  2.377","  0.281",9/52,/core/www/modules//sdig/index.php?run_id=110202&search_id=114132&scans_id=110198&peptide_id=17253&scanf=25604&charge=3&value=9/52,sp|P47897|SYQ_HUMAN,/core/www/modules//consensus/?run_id=110202&search_id=114132&scans_id=110198&peptide_id=17253&scanf=25604&charge=3&value=sp|P47897|SYQ_HUMAN,8,/core/www/modules/match_peptides/blast_html4.php?run_id=110202&search_id=114132&scans_id=110198&peptide_id=17253&scanf=25604&charge=3&value=8,R.SHPLDPIDTVDFER.E,/core/www/modules/show_out/show_out_wrapper.php?run_id=110202&search_id=114132&scans_id=110198&peptide_id=17253&scanf=25604&charge=3&value=R.SHPLDPIDTVDFER.E,QARS1,1.848e+6,2.073,0.085,1.070,0.003
25620,2,"  3.204","  0.580",15/20,/core/www/modules//sdig/index.php?run_id=110202&search_id=114132&scans_id=110198&peptide_id=17270&scanf=25620&charge=2&value=15/20,sp|Q07955|SRSF1_HUMAN,/core/www/modules//consensus/?run_id=110202&search_id=114132&scans_id=110198&peptide_id=17270&scanf=25620&charge=2&value=sp|Q07955|SRSF1_HUMAN,3,/core/www/modules/match_peptides/blast_html4.php?run_id=110202&search_id=114132&scans_id=110198&peptide_id=17270&scanf=25620&charge=2&value=3,R.IYVGNLPPDIR.T,/core/www/modules/show_out/show_out_wrapper.php?run_id=110202&search_id=114132&scans_id=110198&peptide_id=17270&scanf=25620&charge=2&value=R.IYVGNLPPDIR.T,SRSF1,1.110e+8,3.878,0.000,3.709,0.000
25621,2,"  2.022","  0.202",8/14,/core/www/modules//sdig/index.php?run_id=110202&search_id=114132&scans_id=110198&peptide_id=17271&scanf=25621&charge=2&value=8/14,sp|Q14498|RBM39_HUMAN,/core/www/modules//consensus/?run_id=110202&search_id=114132&scans_id=110198&peptide_id=17271&scanf=25621&charge=2&value=sp|Q14498|RBM39_HUMAN,4,/core/www/modules/match_peptides/blast_html4.php?run_id=110202&search_id=114132&scans_id=110198&peptide_id=17271&scanf=25621&charge=2&value=4,R.GIFEPFGR.I,/core/www/modules/show_out/show_out_wrapper.php?run_id=110202&search_id=114132&scans_id=110198&peptide_id=17271&scanf=25621&charge=2&value=R.GIFEPFGR.I,RBM39,2.687e+7,2.315,0.039,1.407,0.001
25623,3,"  6.860","  0.709",16/88,/core/www/modules//sdig/index.php?run_id=110202&search_id=114132&scans_id=110198&peptide_id=17273&scanf=25623&charge=3&value=16/88,sp|Q8IY81|SPB1_HUMAN,/core/www/modules//consensus/?run_id=110202&search_id=114132&scans_id=110198&peptide_id=17273&scanf=25623&charge=3&value=sp|Q8IY81|SPB1_HUMAN,0,/core/www/modules/match_peptides/blast_html4.php?run_id=110202&search_id=114132&scans_id=110198&peptide_id=17273&scanf=25623&charge=3&value=0,K.QPSKEEEEEEEEEQLNQTLAEMK.A,/core/www/modules/show_out/show_out_wrapper.php?run_id=110202&search_id=114132&scans_id=110198&peptide_id=17273&scanf=25623&charge=3&value=K.QPSKEEEEEEEEEQLNQTLAEMK.A,FTSJ3,4.833e+6,3.324,0.001,2.887,0.000
25625,2,"  2.908","  0.515",12/20,/core/www/modules//sdig/index.php?run_id=110202&search_id=114132&scans_id=110198&peptide_id=17275&scanf=25625&charge=2&value=12/20,sp|Q86XP3|DDX42_HUMAN,/core/www/modules//consensus/?run_id=110202&search_id=114132&scans_id=110198&peptide_id=17275&scanf=25625&charge=2&value=sp|Q86XP3|DDX42_HUMAN,0,/core/www/modules/match_peptides/blast_html4.php?run_id=110202&search_id=114132&scans_id=110198&peptide_id=17275&scanf=25625&charge=2&value=0,R.VSYLVFDEADR.M,/core/www/modules/show_out/show_out_wrapper.php?run_id=110202&search_id=114132&scans_id=110198&peptide_id=17275&scanf=25625&charge=2&value=R.VSYLVFDEADR.M,DDX42,5.760e+6,3.330,0.001,2.897,0.000
25628,3,"  2.404","  0.191",13/36,/core/www/modules//sdig/index.php?run_id=110202&search_id=114132&scans_id=110198&peptide_id=17278&scanf=25628&charge=3&value=13/36,sp|Q8WVM8|SCFD1_HUMAN,/core/www/modules//consensus/?run_id=110202&search_id=114132&scans_id=110198&peptide_id=17278&scanf=25628&charge=3&value=sp|Q8WVM8|SCFD1_HUMAN,24,/core/www/modules/match_peptides/blast_html4.php?run_id=110202&search_id=114132&scans_id=110198&peptide_id=17278&scanf=25628&charge=3&value=24,R.MLNFNVPHIK.N,/core/www/modules/show_out/show_out_wrapper.php?run_id=110202&search_id=114132&scans_id=110198&peptide_id=17278&scanf=25628&charge=3&value=R.MLNFNVPHIK.N,SCFD1,6.793e+6,2.319,0.039,1.414,0.001
25636,2,"  2.999","  0.505",10/26,/core/www/modules//sdig/index.php?run_id=110202&search_id=114132&scans_id=110198&peptide_id=17287&scanf=25636&charge=2&value=10/26,sp|P62910|RL32_HUMAN,/core/www/modules//consensus/?run_id=110202&search_id=114132&scans_id=110198&peptide_id=17287&scanf=25636&charge=2&value=sp|P62910|RL32_HUMAN,2,/core/www/modules/match_peptides/blast_html4.php?run_id=110202&search_id=114132&scans_id=110198&peptide_id=17287&scanf=25636&charge=2&value=2,K.GQILMPNIGYGSNK.K,/core/www/modules/show_out/show_out_wrapper.php?run_id=110202&search_id=114132&scans_id=110198&peptide_id=17287&scanf=25636&charge=2&value=K.GQILMPNIGYGSNK.K,RPL32,2.877e+7,2.745,0.009,2.032,0.000
25637,2,"  1.809","  0.466",11/18,/core/www/modules//sdig/index.php?run_id=110202&search_id=114132&scans_id=110198&peptide_id=17288&scanf=25637&charge=2&value=11/18,sp|O75530|EED_HUMAN,/core/www/modules//consensus/?run_id=110202&search_id=114132&scans_id=110198&peptide_id=17288&scanf=25637&charge=2&value=sp|O75530|EED_HUMAN,2,/core/www/modules/match_peptides/blast_html4.php?run_id=110202&search_id=114132&scans_id=110198&peptide_id=17288&scanf=25637&charge=2&value=2,R.DPNLLLSVSK.D,/core/www/modules/show_out/show_out_wrapper.php?run_id=110202&search_id=114132&scans_id=110198&peptide_id=17288&scanf=25637&charge=2&value=R.DPNLLLSVSK.D,EED,2.724e+6,3.116,0.003,2.579,0.000
25642,2,"  3.102","  0.491",10/30,/core/www/modules//sdig/index.php?run_id=110202&search_id=114132&scans_id=110198&peptide_id=17293&scanf=25642&charge=2&value=10/30,sp|Q96I25|SPF45_HUMAN,/core/www/modules//consensus/?run_id=110202&search_id=114132&scans_id=110198&peptide_id=17293&scanf=25642&charge=2&value=sp|Q96I25|SPF45_HUMAN,4,/core/www/modules/match_peptides/blast_html4.php?run_id=110202&search_id=114132&scans_id=110198&peptide_id=17293&scanf=25642&charge=2&value=4,R.SMGGAAIAPPTSLVEK.D,/core/www/modules/show_out/show_out_wrapper.php?run_id=110202&search_id=114132&scans_id=110198&peptide_id=17293&scanf=25642&charge=2&value=R.SMGGAAIAPPTSLVEK.D,RBM17,7.845e+6,2.617,0.014,1.845,0.000
25645,3,"  2.636","  0.335",7/72,/core/www/modules//sdig/index.php?run_id=110202&search_id=114132&scans_id=110198&peptide_id=17296&scanf=25645&charge=3&value=7/72,sp|Q9BSJ8|ESYT1_HUMAN,/core/www/modules//consensus/?run_id=110202&search_id=114132&scans_id=110198&peptide_id=17296&scanf=25645&charge=3&value=sp|Q9BSJ8|ESYT1_HUMAN,0,/core/www/modules/match_peptides/blast_html4.php?run_id=110202&search_id=114132&scans_id=110198&peptide_id=17296&scanf=25645&charge=3&value=0,R.LTHVDSPLEAPAGPLGQVK.L,/core/www/modules/show_out/show_out_wrapper.php?run_id=110202&search_id=114132&scans_id=110198&peptide_id=17296&scanf=25645&charge=3&value=R.LTHVDSPLEAPAGPLGQVK.L,ESYT1,5.824e+6,1.957,0.121,0.916,0.006
25647,2,"  3.173","  0.587",10/22,/core/www/modules//sdig/index.php?run_id=110202&search_id=114132&scans_id=110198&peptide_id=17298&scanf=25647&charge=2&value=10/22,sp|Q14146|URB2_HUMAN,/core/www/modules//consensus/?run_id=110202&search_id=114132&scans_id=110198&peptide_id=17298&scanf=25647&charge=2&value=sp|Q14146|URB2_HUMAN,0,/core/www/modules/match_peptides/blast_html4.php?run_id=110202&search_id=114132&scans_id=110198&peptide_id=17298&scanf=25647&charge=2&value=0,R.SLDSSTPLPIVR.R,/core/www/modules/show_out/show_out_wrapper.php?run_id=110202&search_id=114132&scans_id=110198&peptide_id=17298&scanf=25647&charge=2&value=R.SLDSSTPLPIVR.R,URB2,5.549e+6,3.317,0.001,2.876,0.000
25651,2,"  2.128","  0.142",7/12,/core/www/modules//sdig/index.php?run_id=110202&search_id=114132&scans_id=110198&peptide_id=17303&scanf=25651&charge=2&value=7/12,sp|Q96FV9|THOC1_HUMAN,/core/www/modules//consensus/?run_id=110202&search_id=114132&scans_id=110198&peptide_id=17303&scanf=25651&charge=2&value=sp|Q96FV9|THOC1_HUMAN,1,/core/www/modules/match_peptides/blast_html4.php?run_id=110202&search_id=114132&scans_id=110198&peptide_id=17303&scanf=25651&charge=2&value=1,R.IQLFLAR.L,/core/www/modules/show_out/show_out_wrapper.php?run_id=110202&search_id=114132&scans_id=110198&peptide_id=17303&scanf=25651&charge=2&value=R.IQLFLAR.L,THOC1,6.259e+6,2.117,0.074,1.130,0.002
25652,2,"  2.345","  0.282",8/16,/core/www/modules//sdig/index.php?run_id=110202&search_id=114132&scans_id=110198&peptide_id=17304&scanf=25652&charge=2&value=8/16,sp|Q15459|SF3A1_HUMAN,/core/www/modules//consensus/?run_id=110202&search_id=114132&scans_id=110198&peptide_id=17304&scanf=25652&charge=2&value=sp|Q15459|SF3A1_HUMAN,0,/core/www/modules/match_peptides/blast_html4.php?run_id=110202&search_id=114132&scans_id=110198&peptide_id=17304&scanf=25652&charge=2&value=0,R.QFLTQLMQK.E,/core/www/modules/show_out/show_out_wrapper.php?run_id=110202&search_id=114132&scans_id=110198&peptide_id=17304&scanf=25652&charge=2&value=R.QFLTQLMQK.E,SF3A1,7.465e+6,2.451,0.025,1.603,0.001
25653,2,"  3.432","  0.516",15/26,/core/www/modules//sdig/index.php?run_id=110202&search_id=114132&scans_id=110198&peptide_id=17305&scanf=25653&charge=2&value=15/26,sp|Q9UK61|TASOR_HUMAN,/core/www/modules//consensus/?run_id=110202&search_id=114132&scans_id=110198&peptide_id=17305&scanf=25653&charge=2&value=sp|Q9UK61|TASOR_HUMAN,1,/core/www/modules/match_peptides/blast_html4.php?run_id=110202&search_id=114132&scans_id=110198&peptide_id=17305&scanf=25653&charge=2&value=1,K.ALGLSTDDAYEELR.Q,/core/www/modules/show_out/show_out_wrapper.php?run_id=110202&search_id=114132&scans_id=110198&peptide_id=17305&scanf=25653&charge=2&value=K.ALGLSTDDAYEELR.Q,TASOR,2.893e+6,3.216,0.002,2.727,0.000
25655,3,"  2.607","  0.381",13/56,/core/www/modules//sdig/index.php?run_id=110202&search_id=114132&scans_id=110198&peptide_id=17307&scanf=25655&charge=3&value=13/56,sp|Q9BTC0|DIDO1_HUMAN,/core/www/modules//consensus/?run_id=110202&search_id=114132&scans_id=110198&peptide_id=17307&scanf=25655&charge=3&value=sp|Q9BTC0|DIDO1_HUMAN,0,/core/www/modules/match_peptides/blast_html4.php?run_id=110202&search_id=114132&scans_id=110198&peptide_id=17307&scanf=25655&charge=3&value=0,R.QDVPKPVLTSVMVPK.S,/core/www/modules/show_out/show_out_wrapper.php?run_id=110202&search_id=114132&scans_id=110198&peptide_id=17307&scanf=25655&charge=3&value=R.QDVPKPVLTSVMVPK.S,DIDO1,3.430e+6,2.556,0.018,1.755,0.000
25658,3,"  2.752","  0.478",12/36,/core/www/modules//sdig/index.php?run_id=110202&search_id=114132&scans_id=110198&peptide_id=17310&scanf=25658&charge=3&value=12/36,sp|O60506|HNRPQ_HUMAN,/core/www/modules//consensus/?run_id=110202&search_id=114132&scans_id=110198&peptide_id=17310&scanf=25658&charge=3&value=sp|O60506|HNRPQ_HUMAN,7,/core/www/modules/match_peptides/blast_html4.php?run_id=110202&search_id=114132&scans_id=110198&peptide_id=17310&scanf=25658&charge=3&value=7,K.DYAFIHFDER.D,/core/www/modules/show_out/show_out_wrapper.php?run_id=110202&search_id=114132&scans_id=110198&peptide_id=17310&scanf=25658&charge=3&value=K.DYAFIHFDER.D,SYNCRIP,2.119e+7,3.344,0.001,2.918,0.000
25659,2,"  2.660","  0.219",7/26,/core/www/modules//sdig/index.php?run_id=110202&search_id=114132&scans_id=110198&peptide_id=17311&scanf=25659&charge=2&value=7/26,sp|P14625|ENPL_HUMAN,/core/www/modules//consensus/?run_id=110202&search_id=114132&scans_id=110198&peptide_id=17311&scanf=25659&charge=2&value=sp|P14625|ENPL_HUMAN,8,/core/www/modules/match_peptides/blast_html4.php?run_id=110202&search_id=114132&scans_id=110198&peptide_id=17311&scanf=25659&charge=2&value=8,K.GVVDSDDLPLNVSR.E,/core/www/modules/show_out/show_out_wrapper.php?run_id=110202&search_id=114132&scans_id=110198&peptide_id=17311&scanf=25659&charge=2&value=K.GVVDSDDLPLNVSR.E,HSP90B1,5.465e+7,1.819,0.181,0.741,0.010
25662,2,"  2.274","  0.502",11/20,/core/www/modules//sdig/index.php?run_id=110202&search_id=114132&scans_id=110198&peptide_id=17314&scanf=25662&charge=2&value=11/20,sp|Q9NR30|DDX21_HUMAN,/core/www/modules//consensus/?run_id=110202&search_id=114132&scans_id=110198&peptide_id=17314&scanf=25662&charge=2&value=sp|Q9NR30|DDX21_HUMAN,4,/core/www/modules/match_peptides/blast_html4.php?run_id=110202&search_id=114132&scans_id=110198&peptide_id=17314&scanf=25662&charge=2&value=4,R.IGVPSATEIIK.A,/core/www/modules/show_out/show_out_wrapper.php?run_id=110202&search_id=114132&scans_id=110198&peptide_id=17314&scanf=25662&charge=2&value=R.IGVPSATEIIK.A,DDX21,8.291e+7,3.263,0.002,2.797,0.000
25663,2,"  2.892","  0.515",12/18,/core/www/modules//sdig/index.php?run_id=110202&search_id=114132&scans_id=110198&peptide_id=17315&scanf=25663&charge=2&value=12/18,sp|P22626|ROA2_HUMAN,/core/www/modules//consensus/?run_id=110202&search_id=114132&scans_id=110198&peptide_id=17315&scanf=25663&charge=2&value=sp|P22626|ROA2_HUMAN,10,/core/www/modules/match_peptides/blast_html4.php?run_id=110202&search_id=114132&scans_id=110198&peptide_id=17315&scanf=25663&charge=2&value=10,K.IDTIEIITDR.Q,/core/www/modules/show_out/show_out_wrapper.php?run_id=110202&search_id=114132&scans_id=110198&peptide_id=17315&scanf=25663&charge=2&value=K.IDTIEIITDR.Q,HNRNPA2B1,4.598e+8,3.574,0.001,3.258,0.000
25664,3,"  2.568","  0.497",14/64,/core/www/modules//sdig/index.php?run_id=110202&search_id=114132&scans_id=110198&peptide_id=17316&scanf=25664&charge=3&value=14/64,sp|Q9NU22|MDN1_HUMAN,/core/www/modules//consensus/?run_id=110202&search_id=114132&scans_id=110198&peptide_id=17316&scanf=25664&charge=3&value=sp|Q9NU22|MDN1_HUMAN,0,/core/www/modules/match_peptides/blast_html4.php?run_id=110202&search_id=114132&scans_id=110198&peptide_id=17316&scanf=25664&charge=3&value=0,K.ELQYLQGHLVSSDLSPR.V,/core/www/modules/show_out/show_out_wrapper.php?run_id=110202&search_id=114132&scans_id=110198&peptide_id=17316&scanf=25664&charge=3&value=K.ELQYLQGHLVSSDLSPR.V,MDN1,7.274e+6,3.152,0.002,2.632,0.000
25665,2,"  1.507","  0.113",8/14,/core/www/modules//sdig/index.php?run_id=110202&search_id=114132&scans_id=110198&peptide_id=17317&scanf=25665&charge=2&value=8/14,sp|Q9Y6M1|IF2B2_HUMAN,/core/www/modules//consensus/?run_id=110202&search_id=114132&scans_id=110198&peptide_id=17317&scanf=25665&charge=2&value=sp|Q9Y6M1|IF2B2_HUMAN,1,/core/www/modules/match_peptides/blast_html4.php?run_id=110202&search_id=114132&scans_id=110198&peptide_id=17317&scanf=25665&charge=2&value=1,R.MILEIMQK.E,/core/www/modules/show_out/show_out_wrapper.php?run_id=110202&search_id=114132&scans_id=110198&peptide_id=17317&scanf=25665&charge=2&value=R.MILEIMQK.E,IGF2BP2,8.929e+6,1.837,0.172,0.764,0.009
25667,2,"  3.397","  0.533",14/28,/core/www/modules//sdig/index.php?run_id=110202&search_id=114132&scans_id=110198&peptide_id=17319&scanf=25667&charge=2&value=14/28,sp|O60664|PLIN3_HUMAN,/core/www/modules//consensus/?run_id=110202&search_id=114132&scans_id=110198&peptide_id=17319&scanf=25667&charge=2&value=sp|O60664|PLIN3_HUMAN,2,/core/www/modules/match_peptides/blast_html4.php?run_id=110202&search_id=114132&scans_id=110198&peptide_id=17319&scanf=25667&charge=2&value=2,K.DTVATQLSEAVDATR.G,/core/www/modules/show_out/show_out_wrapper.php?run_id=110202&search_id=114132&scans_id=110198&peptide_id=17319&scanf=25667&charge=2&value=K.DTVATQLSEAVDATR.G,PLIN3,5.582e+6,2.988,0.004,2.391,0.000
25669,2,"  3.393","  0.518",14/24,/core/www/modules//sdig/index.php?run_id=110202&search_id=114132&scans_id=110198&peptide_id=17321&scanf=25669&charge=2&value=14/24,sp|P55084|ECHB_HUMAN,/core/www/modules//consensus/?run_id=110202&search_id=114132&scans_id=110198&peptide_id=17321&scanf=25669&charge=2&value=sp|P55084|ECHB_HUMAN,2,/core/www/modules/match_peptides/blast_html4.php?run_id=110202&search_id=114132&scans_id=110198&peptide_id=17321&scanf=25669&charge=2&value=2,K.DQLLLGPTYATPK.V,/core/www/modules/show_out/show_out_wrapper.php?run_id=110202&search_id=114132&scans_id=110198&peptide_id=17321&scanf=25669&charge=2&value=K.DQLLLGPTYATPK.V,HADHB,1.994e+7,3.300,0.001,2.851,0.000
25670,2,"  2.552","  0.349",10/22,/core/www/modules//sdig/index.php?run_id=110202&search_id=114132&scans_id=110198&peptide_id=17323&scanf=25670&charge=2&value=10/22,sp|Q1KMD3|HNRL2_HUMAN,/core/www/modules//consensus/?run_id=110202&search_id=114132&scans_id=110198&peptide_id=17323&scanf=25670&charge=2&value=sp|Q1KMD3|HNRL2_HUMAN,1,/core/www/modules/match_peptides/blast_html4.php?run_id=110202&search_id=114132&scans_id=110198&peptide_id=17323&scanf=25670&charge=2&value=1,K.VVVVVPNEEDWK.K,/core/www/modules/show_out/show_out_wrapper.php?run_id=110202&search_id=114132&scans_id=110198&peptide_id=17323&scanf=25670&charge=2&value=K.VVVVVPNEEDWK.K,HNRNPUL2,4.420e+6,2.535,0.019,1.725,0.000
25671,3,"  2.207","  0.305",10/36,/core/www/modules//sdig/index.php?run_id=110202&search_id=114132&scans_id=110198&peptide_id=17324&scanf=25671&charge=3&value=10/36,sp|P51531|SMCA2_HUMAN,/core/www/modules//consensus/?run_id=110202&search_id=114132&scans_id=110198&peptide_id=17324&scanf=25671&charge=3&value=sp|P51531|SMCA2_HUMAN,3,/core/www/modules/match_peptides/blast_html4.php?run_id=110202&search_id=114132&scans_id=110198&peptide_id=17324&scanf=25671&charge=3&value=3,R.REEEFDLFMR.M,/core/www/modules/show_out/show_out_wrapper.php?run_id=110202&search_id=114132&scans_id=110198&peptide_id=17324&scanf=25671&charge=3&value=R.REEEFDLFMR.M,SMARCA2,2.939e+7,2.578,0.016,1.788,0.000
25672,2,"  2.015","  0.321",7/18,/core/www/modules//sdig/index.php?run_id=110202&search_id=114132&scans_id=110198&peptide_id=17325&scanf=25672&charge=2&value=7/18,sp|Q9Y4L1|HYOU1_HUMAN,/core/www/modules//consensus/?run_id=110202&search_id=114132&scans_id=110198&peptide_id=17325&scanf=25672&charge=2&value=sp|Q9Y4L1|HYOU1_HUMAN,9,/core/www/modules/match_peptides/blast_html4.php?run_id=110202&search_id=114132&scans_id=110198&peptide_id=17325&scanf=25672&charge=2&value=9,R.TLGGLEMELR.L,/core/www/modules/show_out/show_out_wrapper.php?run_id=110202&search_id=114132&scans_id=110198&peptide_id=17325&scanf=25672&charge=2&value=R.TLGGLEMELR.L,HYOU1,4.770e+6,2.379,0.032,1.500,0.001
25673,2,"  2.325","  0.491",10/18,/core/www/modules//sdig/index.php?run_id=110202&search_id=114132&scans_id=110198&peptide_id=17326&scanf=25673&charge=2&value=10/18,sp|O14981|BTAF1_HUMAN,/core/www/modules//consensus/?run_id=110202&search_id=114132&scans_id=110198&peptide_id=17326&scanf=25673&charge=2&value=sp|O14981|BTAF1_HUMAN,0,/core/www/modules/match_peptides/blast_html4.php?run_id=110202&search_id=114132&scans_id=110198&peptide_id=17326&scanf=25673&charge=2&value=0,K.IPVPINAELR.K,/core/www/modules/show_out/show_out_wrapper.php?run_id=110202&search_id=114132&scans_id=110198&peptide_id=17326&scanf=25673&charge=2&value=K.IPVPINAELR.K,BTAF1,2.174e+6,3.106,0.003,2.564,0.000
25675,2,"  4.164","  0.557",14/32,/core/www/modules//sdig/index.php?run_id=110202&search_id=114132&scans_id=110198&peptide_id=17328&scanf=25675&charge=2&value=14/32,sp|P52209|6PGD_HUMAN,/core/www/modules//consensus/?run_id=110202&search_id=114132&scans_id=110198&peptide_id=17328&scanf=25675&charge=2&value=sp|P52209|6PGD_HUMAN,3,/core/www/modules/match_peptides/blast_html4.php?run_id=110202&search_id=114132&scans_id=110198&peptide_id=17328&scanf=25675&charge=2&value=3,K.GILFVGSGVSGGEEGAR.Y,/core/www/modules/show_out/show_out_wrapper.php?run_id=110202&search_id=114132&scans_id=110198&peptide_id=17328&scanf=25675&charge=2&value=K.GILFVGSGVSGGEEGAR.Y,PGD,5.162e+6,3.071,0.003,2.514,0.000
25679,2,"  2.446","  0.000",9/16,/core/www/modules//sdig/index.php?run_id=110202&search_id=114132&scans_id=110198&peptide_id=17332&scanf=25679&charge=2&value=9/16,sp|P50750|CDK9_HUMAN,/core/www/modules//consensus/?run_id=110202&search_id=114132&scans_id=110198&peptide_id=17332&scanf=25679&charge=2&value=sp|P50750|CDK9_HUMAN,8,/core/www/modules/match_peptides/blast_html4.php?run_id=110202&search_id=114132&scans_id=110198&peptide_id=17332&scanf=25679&charge=2&value=8,K.EGFPITALR.E,/core/www/modules/show_out/show_out_wrapper.php?run_id=110202&search_id=114132&scans_id=110198&peptide_id=17332&scanf=25679&charge=2&value=K.EGFPITALR.E,CDK9,1.215e+7,2.079,0.083,1.078,0.003
25684,2,"  2.803","  0.649",14/22,/core/www/modules//sdig/index.php?run_id=110202&search_id=114132&scans_id=110198&peptide_id=17337&scanf=25684&charge=2&value=14/22,sp|Q9BUQ8|DDX23_HUMAN,/core/www/modules//consensus/?run_id=110202&search_id=114132&scans_id=110198&peptide_id=17337&scanf=25684&charge=2&value=sp|Q9BUQ8|DDX23_HUMAN,3,/core/www/modules/match_peptides/blast_html4.php?run_id=110202&search_id=114132&scans_id=110198&peptide_id=17337&scanf=25684&charge=2&value=3,R.MIDMGFEPDVQK.I,/core/www/modules/show_out/show_out_wrapper.php?run_id=110202&search_id=114132&scans_id=110198&peptide_id=17337&scanf=25684&charge=2&value=R.MIDMGFEPDVQK.I,DDX23,1.564e+7,3.839,0.000,3.651,0.000
25685,3,"  3.404","  0.530",15/48,/core/www/modules//sdig/index.php?run_id=110202&search_id=114132&scans_id=110198&peptide_id=17338&scanf=25685&charge=3&value=15/48,sp|P78527|PRKDC_HUMAN,/core/www/modules//consensus/?run_id=110202&search_id=114132&scans_id=110198&peptide_id=17338&scanf=25685&charge=3&value=sp|P78527|PRKDC_HUMAN,0,/core/www/modules/match_peptides/blast_html4.php?run_id=110202&search_id=114132&scans_id=110198&peptide_id=17338&scanf=25685&charge=3&value=0,K.FYQGFLFSEKPEK.N,/core/www/modules/show_out/show_out_wrapper.php?run_id=110202&search_id=114132&scans_id=110198&peptide_id=17338&scanf=25685&charge=3&value=K.FYQGFLFSEKPEK.N,PRKDC,3.666e+7,4.132,0.000,4.085,0.000
25688,3,"  2.857","  0.322",10/56,/core/www/modules//sdig/index.php?run_id=110202&search_id=114132&scans_id=110198&peptide_id=17341&scanf=25688&charge=3&value=10/56,sp|Q9BTC0|DIDO1_HUMAN,/core/www/modules//consensus/?run_id=110202&search_id=114132&scans_id=110198&peptide_id=17341&scanf=25688&charge=3&value=sp|Q9BTC0|DIDO1_HUMAN,0,/core/www/modules/match_peptides/blast_html4.php?run_id=110202&search_id=114132&scans_id=110198&peptide_id=17341&scanf=25688&charge=3&value=0,R.QDVPKPVLTSVMVPK.S,/core/www/modules/show_out/show_out_wrapper.php?run_id=110202&search_id=114132&scans_id=110198&peptide_id=17341&scanf=25688&charge=3&value=R.QDVPKPVLTSVMVPK.S,DIDO1,3.430e+6,2.296,0.042,1.380,0.001
25690,3,"  1.941","  0.364",10/56,/core/www/modules//sdig/index.php?run_id=110202&search_id=114132&scans_id=110198&peptide_id=17344&scanf=25690&charge=3&value=10/56,sp|Q8N163|CCAR2_HUMAN,/core/www/modules//consensus/?run_id=110202&search_id=114132&scans_id=110198&peptide_id=17344&scanf=25690&charge=3&value=sp|Q8N163|CCAR2_HUMAN,4,/core/www/modules/match_peptides/blast_html4.php?run_id=110202&search_id=114132&scans_id=110198&peptide_id=17344&scanf=25690&charge=3&value=4,K.SPAPPLLHVAALGQK.Q,/core/www/modules/show_out/show_out_wrapper.php?run_id=110202&search_id=114132&scans_id=110198&peptide_id=17344&scanf=25690&charge=3&value=K.SPAPPLLHVAALGQK.Q,CCAR2,1.527e+7,2.525,0.019,1.711,0.000
25692,2,"  2.974","  0.427",9/18,/core/www/modules//sdig/index.php?run_id=110202&search_id=114132&scans_id=110198&peptide_id=17346&scanf=25692&charge=2&value=9/18,sp|Q9BZZ5|API5_HUMAN,/core/www/modules//consensus/?run_id=110202&search_id=114132&scans_id=110198&peptide_id=17346&scanf=25692&charge=2&value=sp|Q9BZZ5|API5_HUMAN,1,/core/www/modules/match_peptides/blast_html4.php?run_id=110202&search_id=114132&scans_id=110198&peptide_id=17346&scanf=25692&charge=2&value=1,K.DLFHIPPSYK.S,/core/www/modules/show_out/show_out_wrapper.php?run_id=110202&search_id=114132&scans_id=110198&peptide_id=17346&scanf=25692&charge=2&value=K.DLFHIPPSYK.S,API5,1.756e+6,2.881,0.006,2.232,0.000
25693,2,"  1.447","  0.096",8/12,/core/www/modules//sdig/index.php?run_id=110202&search_id=114132&scans_id=110198&peptide_id=17347&scanf=25693&charge=2&value=8/12,sp|Q96HW7|INT4_HUMAN,/core/www/modules//consensus/?run_id=110202&search_id=114132&scans_id=110198&peptide_id=17347&scanf=25693&charge=2&value=sp|Q96HW7|INT4_HUMAN,9,/core/www/modules/match_peptides/blast_html4.php?run_id=110202&search_id=114132&scans_id=110198&peptide_id=17347&scanf=25693&charge=2&value=9,K.LLDLMPR.L,/core/www/modules/show_out/show_out_wrapper.php?run_id=110202&search_id=114132&scans_id=110198&peptide_id=17347&scanf=25693&charge=2&value=K.LLDLMPR.L,INTS4,3.240e+6,2.108,0.076,1.118,0.002
25697,2,"  2.671","  0.483",11/22,/core/www/modules//sdig/index.php?run_id=110202&search_id=114132&scans_id=110198&peptide_id=17351&scanf=25697&charge=2&value=11/22,sp|O60216|RAD21_HUMAN,/core/www/modules//consensus/?run_id=110202&search_id=114132&scans_id=110198&peptide_id=17351&scanf=25697&charge=2&value=sp|O60216|RAD21_HUMAN,1,/core/www/modules/match_peptides/blast_html4.php?run_id=110202&search_id=114132&scans_id=110198&peptide_id=17351&scanf=25697&charge=2&value=1,K.GGEADNLDEFLK.E,/core/www/modules/show_out/show_out_wrapper.php?run_id=110202&search_id=114132&scans_id=110198&peptide_id=17351&scanf=25697&charge=2&value=K.GGEADNLDEFLK.E,RAD21,1.790e+9,2.986,0.004,2.388,0.000
25698,3,"  2.188","  0.286",6/60,/core/www/modules//sdig/index.php?run_id=110202&search_id=114132&scans_id=110198&peptide_id=17352&scanf=25698&charge=3&value=6/60,sp|Q9UHQ9|NB5R1_HUMAN,/core/www/modules//consensus/?run_id=110202&search_id=114132&scans_id=110198&peptide_id=17352&scanf=25698&charge=3&value=sp|Q9UHQ9|NB5R1_HUMAN,0,/core/www/modules/match_peptides/blast_html4.php?run_id=110202&search_id=114132&scans_id=110198&peptide_id=17352&scanf=25698&charge=3&value=0,R.FALPTAHHTLGLPVGK.H,/core/www/modules/show_out/show_out_wrapper.php?run_id=110202&search_id=114132&scans_id=110198&peptide_id=17352&scanf=25698&charge=3&value=R.FALPTAHHTLGLPVGK.H,CYB5R1,1.742e+6,1.956,0.122,0.914,0.006
25702,3,"  3.511","  0.381",10/60,/core/www/modules//sdig/index.php?run_id=110202&search_id=114132&scans_id=110198&peptide_id=17357&scanf=25702&charge=3&value=10/60,sp|P06493|CDK1_HUMAN,/core/www/modules//consensus/?run_id=110202&search_id=114132&scans_id=110198&peptide_id=17357&scanf=25702&charge=3&value=sp|P06493|CDK1_HUMAN,1,/core/www/modules/match_peptides/blast_html4.php?run_id=110202&search_id=114132&scans_id=110198&peptide_id=17357&scanf=25702&charge=3&value=1,K.MALNHPYFNDLDNQIK.K,/core/www/modules/show_out/show_out_wrapper.php?run_id=110202&search_id=114132&scans_id=110198&peptide_id=17357&scanf=25702&charge=3&value=K.MALNHPYFNDLDNQIK.K,CDK1,7.096e+6,2.536,0.019,1.726,0.000
25706,3,"  4.460","  0.726",18/64,/core/www/modules//sdig/index.php?run_id=110202&search_id=114132&scans_id=110198&peptide_id=17360&scanf=25706&charge=3&value=18/64,sp|P17844|DDX5_HUMAN,/core/www/modules//consensus/?run_id=110202&search_id=114132&scans_id=110198&peptide_id=17360&scanf=25706&charge=3&value=sp|P17844|DDX5_HUMAN,2,/core/www/modules/match_peptides/blast_html4.php?run_id=110202&search_id=114132&scans_id=110198&peptide_id=17360&scanf=25706&charge=3&value=2,K.FVINYDYPNSSEDYIHR.I,/core/www/modules/show_out/show_out_wrapper.php?run_id=110202&search_id=114132&scans_id=110198&peptide_id=17360&scanf=25706&charge=3&value=K.FVINYDYPNSSEDYIHR.I,DDX5,4.129e+7,3.963,0.000,3.834,0.000
25711,2,"  1.115","  0.189",7/14,/core/www/modules//sdig/index.php?run_id=110202&search_id=114132&scans_id=110198&peptide_id=17366&scanf=25711&charge=2&value=7/14,sp|P61158|ARP3_HUMAN,/core/www/modules//consensus/?run_id=110202&search_id=114132&scans_id=110198&peptide_id=17366&scanf=25711&charge=2&value=sp|P61158|ARP3_HUMAN,2,/core/www/modules/match_peptides/blast_html4.php?run_id=110202&search_id=114132&scans_id=110198&peptide_id=17366&scanf=25711&charge=2&value=2,R.FMEQVIFK.Y,/core/www/modules/show_out/show_out_wrapper.php?run_id=110202&search_id=114132&scans_id=110198&peptide_id=17366&scanf=25711&charge=2&value=R.FMEQVIFK.Y,ACTR3,7.753e+6,2.032,0.097,1.015,0.005
25714,2,"  3.071","  0.493",11/20,/core/www/modules//sdig/index.php?run_id=110202&search_id=114132&scans_id=110198&peptide_id=17369&scanf=25714&charge=2&value=11/20,sp|O60934|NBN_HUMAN,/core/www/modules//consensus/?run_id=110202&search_id=114132&scans_id=110198&peptide_id=17369&scanf=25714&charge=2&value=sp|O60934|NBN_HUMAN,14,/core/www/modules/match_peptides/blast_html4.php?run_id=110202&search_id=114132&scans_id=110198&peptide_id=17369&scanf=25714&charge=2&value=14,R.LLTGVEYVVGR.K,/core/www/modules/show_out/show_out_wrapper.php?run_id=110202&search_id=114132&scans_id=110198&peptide_id=17369&scanf=25714&charge=2&value=R.LLTGVEYVVGR.K,NBN,7.844e+6,3.107,0.003,2.566,0.000
25718,2,"  2.972","  0.410",10/22,/core/www/modules//sdig/index.php?run_id=110202&search_id=114132&scans_id=110198&peptide_id=17373&scanf=25718&charge=2&value=10/22,sp|Q9UNF1|MAGD2_HUMAN,/core/www/modules//consensus/?run_id=110202&search_id=114132&scans_id=110198&peptide_id=17373&scanf=25718&charge=2&value=sp|Q9UNF1|MAGD2_HUMAN,3,/core/www/modules/match_peptides/blast_html4.php?run_id=110202&search_id=114132&scans_id=110198&peptide_id=17373&scanf=25718&charge=2&value=3,K.EYTDVYPEIIER.A,/core/www/modules/show_out/show_out_wrapper.php?run_id=110202&search_id=114132&scans_id=110198&peptide_id=17373&scanf=25718&charge=2&value=K.EYTDVYPEIIER.A,MAGED2,1.245e+7,2.709,0.011,1.979,0.000
25719,3,"  3.843","  0.425",11/64,/core/www/modules//sdig/index.php?run_id=110202&search_id=114132&scans_id=110198&peptide_id=17374&scanf=25719&charge=3&value=11/64,sp|Q9NU22|MDN1_HUMAN,/core/www/modules//consensus/?run_id=110202&search_id=114132&scans_id=110198&peptide_id=17374&scanf=25719&charge=3&value=sp|Q9NU22|MDN1_HUMAN,0,/core/www/modules/match_peptides/blast_html4.php?run_id=110202&search_id=114132&scans_id=110198&peptide_id=17374&scanf=25719&charge=3&value=0,K.ELQYLQGHLVSSDLSPR.V,/core/www/modules/show_out/show_out_wrapper.php?run_id=110202&search_id=114132&scans_id=110198&peptide_id=17374&scanf=25719&charge=3&value=K.ELQYLQGHLVSSDLSPR.V,MDN1,7.274e+6,2.908,0.005,2.272,0.000
25723,2,"  1.909","  0.106",8/14,/core/www/modules//sdig/index.php?run_id=110202&search_id=114132&scans_id=110198&peptide_id=17379&scanf=25723&charge=2&value=8/14,sp|P36957|ODO2_HUMAN,/core/www/modules//consensus/?run_id=110202&search_id=114132&scans_id=110198&peptide_id=17379&scanf=25723&charge=2&value=sp|P36957|ODO2_HUMAN,0,/core/www/modules/match_peptides/blast_html4.php?run_id=110202&search_id=114132&scans_id=110198&peptide_id=17379&scanf=25723&charge=2&value=0,R.GLVVPVIR.N,/core/www/modules/show_out/show_out_wrapper.php?run_id=110202&search_id=114132&scans_id=110198&peptide_id=17379&scanf=25723&charge=2&value=R.GLVVPVIR.N,DLST,3.638e+6,1.953,0.123,0.911,0.006
25725,3,"  3.709","  0.554",20/56,/core/www/modules//sdig/index.php?run_id=110202&search_id=114132&scans_id=110198&peptide_id=17380&scanf=25725&charge=3&value=20/56,sp|P07900|HS90A_HUMAN,/core/www/modules//consensus/?run_id=110202&search_id=114132&scans_id=110198&peptide_id=17380&scanf=25725&charge=3&value=sp|P07900|HS90A_HUMAN,0,/core/www/modules/match_peptides/blast_html4.php?run_id=110202&search_id=114132&scans_id=110198&peptide_id=17380&scanf=25725&charge=3&value=0,K.HLEINPDHSIIETLR.Q,/core/www/modules/show_out/show_out_wrapper.php?run_id=110202&search_id=114132&scans_id=110198&peptide_id=17380&scanf=25725&charge=3&value=K.HLEINPDHSIIETLR.Q,HSP90AA1,9.586e+7,3.658,0.000,3.383,0.000
25727,3,"  4.602","  0.581",21/72,/core/www/modules//sdig/index.php?run_id=110202&search_id=114132&scans_id=110198&peptide_id=17382&scanf=25727&charge=3&value=21/72,sp|P51114|FXR1_HUMAN,/core/www/modules//consensus/?run_id=110202&search_id=114132&scans_id=110198&peptide_id=17382&scanf=25727&charge=3&value=sp|P51114|FXR1_HUMAN,5,/core/www/modules/match_peptides/blast_html4.php?run_id=110202&search_id=114132&scans_id=110198&peptide_id=17382&scanf=25727&charge=3&value=5,R.EDLMGLAIGTHGSNIQQAR.K,/core/www/modules/show_out/show_out_wrapper.php?run_id=110202&search_id=114132&scans_id=110198&peptide_id=17382&scanf=25727&charge=3&value=R.EDLMGLAIGTHGSNIQQAR.K,FXR1,3.995e+7,3.393,0.001,2.989,0.000
25728,3,"  3.089","  0.457",12/60,/core/www/modules//sdig/index.php?run_id=110202&search_id=114132&scans_id=110198&peptide_id=17383&scanf=25728&charge=3&value=12/60,sp|P06493|CDK1_HUMAN,/core/www/modules//consensus/?run_id=110202&search_id=114132&scans_id=110198&peptide_id=17383&scanf=25728&charge=3&value=sp|P06493|CDK1_HUMAN,1,/core/www/modules/match_peptides/blast_html4.php?run_id=110202&search_id=114132&scans_id=110198&peptide_id=17383&scanf=25728&charge=3&value=1,K.MALNHPYFNDLDNQIK.K,/core/www/modules/show_out/show_out_wrapper.php?run_id=110202&search_id=114132&scans_id=110198&peptide_id=17383&scanf=25728&charge=3&value=K.MALNHPYFNDLDNQIK.K,CDK1,7.096e+6,2.814,0.007,2.133,0.000
25729,2,"  2.091","  0.317",11/12,/core/www/modules//sdig/index.php?run_id=110202&search_id=114132&scans_id=110198&peptide_id=17384&scanf=25729&charge=2&value=11/12,sp|P04908|H2A1B_HUMAN,/core/www/modules//consensus/?run_id=110202&search_id=114132&scans_id=110198&peptide_id=17384&scanf=25729&charge=2&value=sp|P04908|H2A1B_HUMAN,20,/core/www/modules/match_peptides/blast_html4.php?run_id=110202&search_id=114132&scans_id=110198&peptide_id=17384&scanf=25729&charge=2&value=20,R.HLQLAIR.N,/core/www/modules/show_out/show_out_wrapper.php?run_id=110202&search_id=114132&scans_id=110198&peptide_id=17384&scanf=25729&charge=2&value=R.HLQLAIR.N,H2AC8,7.534e+6,3.366,0.001,2.950,0.000
25731,3,"  3.873","  0.437",16/60,/core/www/modules//sdig/index.php?run_id=110202&search_id=114132&scans_id=110198&peptide_id=17387&scanf=25731&charge=3&value=16/60,sp|P62910|RL32_HUMAN,/core/www/modules//consensus/?run_id=110202&search_id=114132&scans_id=110198&peptide_id=17387&scanf=25731&charge=3&value=sp|P62910|RL32_HUMAN,2,/core/www/modules/match_peptides/blast_html4.php?run_id=110202&search_id=114132&scans_id=110198&peptide_id=17387&scanf=25731&charge=3&value=2,R.FKGQILMPNIGYGSNK.K,/core/www/modules/show_out/show_out_wrapper.php?run_id=110202&search_id=114132&scans_id=110198&peptide_id=17387&scanf=25731&charge=3&value=R.FKGQILMPNIGYGSNK.K,RPL32,4.558e+6,2.610,0.015,1.835,0.000
25732,2,"  4.477","  0.746",18/32,/core/www/modules//sdig/index.php?run_id=110202&search_id=114132&scans_id=110198&peptide_id=17388&scanf=25732&charge=2&value=18/32,sp|Q99832|TCPH_HUMAN,/core/www/modules//consensus/?run_id=110202&search_id=114132&scans_id=110198&peptide_id=17388&scanf=25732&charge=2&value=sp|Q99832|TCPH_HUMAN,0,/core/www/modules/match_peptides/blast_html4.php?run_id=110202&search_id=114132&scans_id=110198&peptide_id=17388&scanf=25732&charge=2&value=0,K.NDSVVAGGGAIEMELSK.Y,/core/www/modules/show_out/show_out_wrapper.php?run_id=110202&search_id=114132&scans_id=110198&peptide_id=17388&scanf=25732&charge=2&value=K.NDSVVAGGGAIEMELSK.Y,CCT7,4.464e+6,3.947,0.000,3.811,0.000
25733,2,"  2.723","  0.283",9/16,/core/www/modules//sdig/index.php?run_id=110202&search_id=114132&scans_id=110198&peptide_id=17389&scanf=25733&charge=2&value=9/16,sp|P09661|RU2A_HUMAN,/core/www/modules//consensus/?run_id=110202&search_id=114132&scans_id=110198&peptide_id=17389&scanf=25733&charge=2&value=sp|P09661|RU2A_HUMAN,1,/core/www/modules/match_peptides/blast_html4.php?run_id=110202&search_id=114132&scans_id=110198&peptide_id=17389&scanf=25733&charge=2&value=1,R.KLDGFPLLR.R,/core/www/modules/show_out/show_out_wrapper.php?run_id=110202&search_id=114132&scans_id=110198&peptide_id=17389&scanf=25733&charge=2&value=R.KLDGFPLLR.R,SNRPA1,7.630e+6,2.103,0.078,1.110,0.003
25735,2,"  5.277","  0.686",20/34,/core/www/modules//sdig/index.php?run_id=110202&search_id=114132&scans_id=110198&peptide_id=17391&scanf=25735&charge=2&value=20/34,sp|Q13428|TCOF_HUMAN,/core/www/modules//consensus/?run_id=110202&search_id=114132&scans_id=110198&peptide_id=17391&scanf=25735&charge=2&value=sp|Q13428|TCOF_HUMAN,5,/core/www/modules/match_peptides/blast_html4.php?run_id=110202&search_id=114132&scans_id=110198&peptide_id=17391&scanf=25735&charge=2&value=5,R.LASTNSSVLGADLPSSMK.E,/core/www/modules/show_out/show_out_wrapper.php?run_id=110202&search_id=114132&scans_id=110198&peptide_id=17391&scanf=25735&charge=2&value=R.LASTNSSVLGADLPSSMK.E,TCOF1,3.050e+6,3.704,0.000,3.450,0.000
25736,3,"  2.857","  0.311",7/60,/core/www/modules//sdig/index.php?run_id=110202&search_id=114132&scans_id=110198&peptide_id=17392&scanf=25736&charge=3&value=7/60,sp|P60709|ACTB_HUMAN,/core/www/modules//consensus/?run_id=110202&search_id=114132&scans_id=110198&peptide_id=17392&scanf=25736&charge=3&value=sp|P60709|ACTB_HUMAN,16,/core/www/modules/match_peptides/blast_html4.php?run_id=110202&search_id=114132&scans_id=110198&peptide_id=17392&scanf=25736&charge=3&value=16,K.YPIEHGIVTNWDDMEK.I,/core/www/modules/show_out/show_out_wrapper.php?run_id=110202&search_id=114132&scans_id=110198&peptide_id=17392&scanf=25736&charge=3&value=K.YPIEHGIVTNWDDMEK.I,ACTB,1.414e+7,2.744,0.009,2.031,0.000
25739,3,"  4.114","  0.447",9/60,/core/www/modules//sdig/index.php?run_id=110202&search_id=114132&scans_id=110198&peptide_id=17395&scanf=25739&charge=3&value=9/60,sp|Q9NTI5|PDS5B_HUMAN,/core/www/modules//consensus/?run_id=110202&search_id=114132&scans_id=110198&peptide_id=17395&scanf=25739&charge=3&value=sp|Q9NTI5|PDS5B_HUMAN,0,/core/www/modules/match_peptides/blast_html4.php?run_id=110202&search_id=114132&scans_id=110198&peptide_id=17395&scanf=25739&charge=3&value=0,R.IFAQYMVPHNLETTER.M,/core/www/modules/show_out/show_out_wrapper.php?run_id=110202&search_id=114132&scans_id=110198&peptide_id=17395&scanf=25739&charge=3&value=R.IFAQYMVPHNLETTER.M,PDS5B,4.551e+6,2.755,0.009,2.047,0.000
25747,2,"  1.684","  0.432",8/14,/core/www/modules//sdig/index.php?run_id=110202&search_id=114132&scans_id=110198&peptide_id=17403&scanf=25747&charge=2&value=8/14,sp|P60709|ACTB_HUMAN,/core/www/modules//consensus/?run_id=110202&search_id=114132&scans_id=110198&peptide_id=17403&scanf=25747&charge=2&value=sp|P60709|ACTB_HUMAN,16,/core/www/modules/match_peptides/blast_html4.php?run_id=110202&search_id=114132&scans_id=110198&peptide_id=17403&scanf=25747&charge=2&value=16,R.DLTDYLM*K.I,/core/www/modules/show_out/show_out_wrapper.php?run_id=110202&search_id=114132&scans_id=110198&peptide_id=17403&scanf=25747&charge=2&value=R.DLTDYLM*K.I,ACTB,2.406e+8,3.584,0.001,3.272,0.000
25749,2,"  1.879","  0.446",11/20,/core/www/modules//sdig/index.php?run_id=110202&search_id=114132&scans_id=110198&peptide_id=17405&scanf=25749&charge=2&value=11/20,sp|P41252|SYIC_HUMAN,/core/www/modules//consensus/?run_id=110202&search_id=114132&scans_id=110198&peptide_id=17405&scanf=25749&charge=2&value=sp|P41252|SYIC_HUMAN,9,/core/www/modules/match_peptides/blast_html4.php?run_id=110202&search_id=114132&scans_id=110198&peptide_id=17405&scanf=25749&charge=2&value=9,K.NYPDPVSIIQK.Y,/core/www/modules/show_out/show_out_wrapper.php?run_id=110202&search_id=114132&scans_id=110198&peptide_id=17405&scanf=25749&charge=2&value=K.NYPDPVSIIQK.Y,IARS1,7.771e+6,3.040,0.003,2.467,0.000
25750,2,"  3.092","  0.538",14/24,/core/www/modules//sdig/index.php?run_id=110202&search_id=114132&scans_id=110198&peptide_id=17407&scanf=25750&charge=2&value=14/24,tr|A0A494BXY3|A0A494BXY3_HUMAN,/core/www/modules//consensus/?run_id=110202&search_id=114132&scans_id=110198&peptide_id=17407&scanf=25750&charge=2&value=tr|A0A494BXY3|A0A494BXY3_HUMAN,2,/core/www/modules/match_peptides/blast_html4.php?run_id=110202&search_id=114132&scans_id=110198&peptide_id=17407&scanf=25750&charge=2&value=2,R.VVGAVIDQGLITR.H,/core/www/modules/show_out/show_out_wrapper.php?run_id=110202&search_id=114132&scans_id=110198&peptide_id=17407&scanf=25750&charge=2&value=R.VVGAVIDQGLITR.H,C11orf98,1.051e+7,3.275,0.002,2.815,0.000
25751,3,"  2.213","  0.518",13/48,/core/www/modules//sdig/index.php?run_id=110202&search_id=114132&scans_id=110198&peptide_id=17408&scanf=25751&charge=3&value=13/48,sp|P62277|RS13_HUMAN,/core/www/modules//consensus/?run_id=110202&search_id=114132&scans_id=110198&peptide_id=17408&scanf=25751&charge=3&value=sp|P62277|RS13_HUMAN,1,/core/www/modules/match_peptides/blast_html4.php?run_id=110202&search_id=114132&scans_id=110198&peptide_id=17408&scanf=25751&charge=3&value=1,K.KGLTPSQIGVILR.D,/core/www/modules/show_out/show_out_wrapper.php?run_id=110202&search_id=114132&scans_id=110198&peptide_id=17408&scanf=25751&charge=3&value=K.KGLTPSQIGVILR.D,RPS13,9.823e+7,2.914,0.005,2.280,0.000
25752,3,"  5.075","  0.620",22/96,/core/www/modules//sdig/index.php?run_id=110202&search_id=114132&scans_id=110198&peptide_id=17409&scanf=25752&charge=3&value=22/96,sp|Q96KQ7|EHMT2_HUMAN,/core/www/modules//consensus/?run_id=110202&search_id=114132&scans_id=110198&peptide_id=17409&scanf=25752&charge=3&value=sp|Q96KQ7|EHMT2_HUMAN,7,/core/www/modules/match_peptides/blast_html4.php?run_id=110202&search_id=114132&scans_id=110198&peptide_id=17409&scanf=25752&charge=3&value=7,R.GDGVTPPAGTAAPAPPPLSQDVPGR.A,/core/www/modules/show_out/show_out_wrapper.php?run_id=110202&search_id=114132&scans_id=110198&peptide_id=17409&scanf=25752&charge=3&value=R.GDGVTPPAGTAAPAPPPLSQDVPGR.A,EHMT2,3.509e+6,3.174,0.002,2.665,0.000
25754,3,"  5.364","  0.624",20/72,/core/www/modules//sdig/index.php?run_id=110202&search_id=114132&scans_id=110198&peptide_id=17411&scanf=25754&charge=3&value=20/72,sp|P08195|4F2_HUMAN,/core/www/modules//consensus/?run_id=110202&search_id=114132&scans_id=110198&peptide_id=17411&scanf=25754&charge=3&value=sp|P08195|4F2_HUMAN,11,/core/www/modules/match_peptides/blast_html4.php?run_id=110202&search_id=114132&scans_id=110198&peptide_id=17411&scanf=25754&charge=3&value=11,R.IGDLQAFQGHGAGNLAGLK.G,/core/www/modules/show_out/show_out_wrapper.php?run_id=110202&search_id=114132&scans_id=110198&peptide_id=17411&scanf=25754&charge=3&value=R.IGDLQAFQGHGAGNLAGLK.G,SLC3A2,4.987e+6,3.488,0.001,3.130,0.000
25755,2,"  3.727","  0.589",13/22,/core/www/modules//sdig/index.php?run_id=110202&search_id=114132&scans_id=110198&peptide_id=17412&scanf=25755&charge=2&value=13/22,sp|P50395|GDIB_HUMAN,/core/www/modules//consensus/?run_id=110202&search_id=114132&scans_id=110198&peptide_id=17412&scanf=25755&charge=2&value=sp|P50395|GDIB_HUMAN,0,/core/www/modules/match_peptides/blast_html4.php?run_id=110202&search_id=114132&scans_id=110198&peptide_id=17412&scanf=25755&charge=2&value=0,K.DLGTESQIFISR.T,/core/www/modules/show_out/show_out_wrapper.php?run_id=110202&search_id=114132&scans_id=110198&peptide_id=17412&scanf=25755&charge=2&value=K.DLGTESQIFISR.T,GDI2,5.712e+6,3.526,0.001,3.187,0.000
25756,2,"  2.237","  0.458",10/18,/core/www/modules//sdig/index.php?run_id=110202&search_id=114132&scans_id=110198&peptide_id=17413&scanf=25756&charge=2&value=10/18,sp|P09874|PARP1_HUMAN,/core/www/modules//consensus/?run_id=110202&search_id=114132&scans_id=110198&peptide_id=17413&scanf=25756&charge=2&value=sp|P09874|PARP1_HUMAN,1,/core/www/modules/match_peptides/blast_html4.php?run_id=110202&search_id=114132&scans_id=110198&peptide_id=17413&scanf=25756&charge=2&value=1,K.GIYFADMVSK.S,/core/www/modules/show_out/show_out_wrapper.php?run_id=110202&search_id=114132&scans_id=110198&peptide_id=17413&scanf=25756&charge=2&value=K.GIYFADMVSK.S,PARP1,2.161e+7,3.188,0.002,2.687,0.000
25758,2,"  3.014","  0.485",11/18,/core/www/modules//sdig/index.php?run_id=110202&search_id=114132&scans_id=110198&peptide_id=17415&scanf=25758&charge=2&value=11/18,sp|O75530|EED_HUMAN,/core/www/modules//consensus/?run_id=110202&search_id=114132&scans_id=110198&peptide_id=17415&scanf=25758&charge=2&value=sp|O75530|EED_HUMAN,2,/core/www/modules/match_peptides/blast_html4.php?run_id=110202&search_id=114132&scans_id=110198&peptide_id=17415&scanf=25758&charge=2&value=2,R.DPNLLLSVSK.D,/core/www/modules/show_out/show_out_wrapper.php?run_id=110202&search_id=114132&scans_id=110198&peptide_id=17415&scanf=25758&charge=2&value=R.DPNLLLSVSK.D,EED,2.724e+6,3.238,0.002,2.760,0.000
25760,3,"  2.308","  0.322",8/76,/core/www/modules//sdig/index.php?run_id=110202&search_id=114132&scans_id=110198&peptide_id=17418&scanf=25760&charge=3&value=8/76,sp|Q7Z5K2|WAPL_HUMAN,/core/www/modules//consensus/?run_id=110202&search_id=114132&scans_id=110198&peptide_id=17418&scanf=25760&charge=3&value=sp|Q7Z5K2|WAPL_HUMAN,1,/core/www/modules/match_peptides/blast_html4.php?run_id=110202&search_id=114132&scans_id=110198&peptide_id=17418&scanf=25760&charge=3&value=1,R.VLESVTVHNPENQSYLIAYK.D,/core/www/modules/show_out/show_out_wrapper.php?run_id=110202&search_id=114132&scans_id=110198&peptide_id=17418&scanf=25760&charge=3&value=R.VLESVTVHNPENQSYLIAYK.D,WAPL,2.629e+6,2.028,0.098,1.010,0.005
25761,2,"  2.413","  0.547",9/18,/core/www/modules//sdig/index.php?run_id=110202&search_id=114132&scans_id=110198&peptide_id=17419&scanf=25761&charge=2&value=9/18,sp|Q14669|TRIPC_HUMAN,/core/www/modules//consensus/?run_id=110202&search_id=114132&scans_id=110198&peptide_id=17419&scanf=25761&charge=2&value=sp|Q14669|TRIPC_HUMAN,2,/core/www/modules/match_peptides/blast_html4.php?run_id=110202&search_id=114132&scans_id=110198&peptide_id=17419&scanf=25761&charge=2&value=2,R.SLNPPLTIVR.K,/core/www/modules/show_out/show_out_wrapper.php?run_id=110202&search_id=114132&scans_id=110198&peptide_id=17419&scanf=25761&charge=2&value=R.SLNPPLTIVR.K,TRIP12,1.325e+7,3.358,0.001,2.937,0.000
25763,2,"  1.405","  0.107",5/16,/core/www/modules//sdig/index.php?run_id=110202&search_id=114132&scans_id=110198&peptide_id=17421&scanf=25763&charge=2&value=5/16,sp|P78527|PRKDC_HUMAN,/core/www/modules//consensus/?run_id=110202&search_id=114132&scans_id=110198&peptide_id=17421&scanf=25763&charge=2&value=sp|P78527|PRKDC_HUMAN,0,/core/www/modules/match_peptides/blast_html4.php?run_id=110202&search_id=114132&scans_id=110198&peptide_id=17421&scanf=25763&charge=2&value=0,K.FVPLLPGNR.S,/core/www/modules/show_out/show_out_wrapper.php?run_id=110202&search_id=114132&scans_id=110198&peptide_id=17421&scanf=25763&charge=2&value=K.FVPLLPGNR.S,PRKDC,3.032e+6,2.308,0.040,1.398,0.001
25764,3,"  4.444","  0.680",22/84,/core/www/modules//sdig/index.php?run_id=110202&search_id=114132&scans_id=110198&peptide_id=17422&scanf=25764&charge=3&value=22/84,sp|Q96T23|RSF1_HUMAN,/core/www/modules//consensus/?run_id=110202&search_id=114132&scans_id=110198&peptide_id=17422&scanf=25764&charge=3&value=sp|Q96T23|RSF1_HUMAN,2,/core/www/modules/match_peptides/blast_html4.php?run_id=110202&search_id=114132&scans_id=110198&peptide_id=17422&scanf=25764&charge=3&value=2,K.AQIEEPDPPEMETSLDSSEMAK.D,/core/www/modules/show_out/show_out_wrapper.php?run_id=110202&search_id=114132&scans_id=110198&peptide_id=17422&scanf=25764&charge=3&value=K.AQIEEPDPPEMETSLDSSEMAK.D,RSF1,2.334e+6,3.583,0.001,3.271,0.000
25768,3,"  4.564","  0.544",16/60,/core/www/modules//sdig/index.php?run_id=110202&search_id=114132&scans_id=110198&peptide_id=17425&scanf=25768&charge=3&value=16/60,sp|P60709|ACTB_HUMAN,/core/www/modules//consensus/?run_id=110202&search_id=114132&scans_id=110198&peptide_id=17425&scanf=25768&charge=3&value=sp|P60709|ACTB_HUMAN,16,/core/www/modules/match_peptides/blast_html4.php?run_id=110202&search_id=114132&scans_id=110198&peptide_id=17425&scanf=25768&charge=3&value=16,K.YPIEHGIVTNWDDMEK.I,/core/www/modules/show_out/show_out_wrapper.php?run_id=110202&search_id=114132&scans_id=110198&peptide_id=17425&scanf=25768&charge=3&value=K.YPIEHGIVTNWDDMEK.I,ACTB,1.414e+7,3.859,0.000,3.681,0.000
25771,2,"  3.498","  0.628",14/24,/core/www/modules//sdig/index.php?run_id=110202&search_id=114132&scans_id=110198&peptide_id=17428&scanf=25771&charge=2&value=14/24,sp|Q03252|LMNB2_HUMAN,/core/www/modules//consensus/?run_id=110202&search_id=114132&scans_id=110198&peptide_id=17428&scanf=25771&charge=2&value=sp|Q03252|LMNB2_HUMAN,0,/core/www/modules/match_peptides/blast_html4.php?run_id=110202&search_id=114132&scans_id=110198&peptide_id=17428&scanf=25771&charge=2&value=0,R.LESLSYQLSGLQK.Q,/core/www/modules/show_out/show_out_wrapper.php?run_id=110202&search_id=114132&scans_id=110198&peptide_id=17428&scanf=25771&charge=2&value=R.LESLSYQLSGLQK.Q,LMNB2,4.712e+6,3.625,0.000,3.333,0.000
25772,2,"  1.275","  0.277",10/22,/core/www/modules//sdig/index.php?run_id=110202&search_id=114132&scans_id=110198&peptide_id=17429&scanf=25772&charge=2&value=10/22,sp|P63010|AP2B1_HUMAN,/core/www/modules//consensus/?run_id=110202&search_id=114132&scans_id=110198&peptide_id=17429&scanf=25772&charge=2&value=sp|P63010|AP2B1_HUMAN,8,/core/www/modules/match_peptides/blast_html4.php?run_id=110202&search_id=114132&scans_id=110198&peptide_id=17429&scanf=25772&charge=2&value=8,K.EYATEVDVDFVR.K,/core/www/modules/show_out/show_out_wrapper.php?run_id=110202&search_id=114132&scans_id=110198&peptide_id=17429&scanf=25772&charge=2&value=K.EYATEVDVDFVR.K,AP2B1,5.118e+6,2.187,0.059,1.227,0.002
25773,3,"  4.205","  0.519",18/80,/core/www/modules//sdig/index.php?run_id=110202&search_id=114132&scans_id=110198&peptide_id=17430&scanf=25773&charge=3&value=18/80,sp|P52597|HNRPF_HUMAN,/core/www/modules//consensus/?run_id=110202&search_id=114132&scans_id=110198&peptide_id=17430&scanf=25773&charge=3&value=sp|P52597|HNRPF_HUMAN,0,/core/www/modules/match_peptides/blast_html4.php?run_id=110202&search_id=114132&scans_id=110198&peptide_id=17430&scanf=25773&charge=3&value=0,R.VTGEADVEFATHEEAVAAMSK.D,/core/www/modules/show_out/show_out_wrapper.php?run_id=110202&search_id=114132&scans_id=110198&peptide_id=17430&scanf=25773&charge=3&value=R.VTGEADVEFATHEEAVAAMSK.D,HNRNPF,2.178e+6,2.955,0.005,2.342,0.000
25774,2,"  4.679","  0.614",18/30,/core/www/modules//sdig/index.php?run_id=110202&search_id=114132&scans_id=110198&peptide_id=17431&scanf=25774&charge=2&value=18/30,sp|P61019|RAB2A_HUMAN,/core/www/modules//consensus/?run_id=110202&search_id=114132&scans_id=110198&peptide_id=17431&scanf=25774&charge=2&value=sp|P61019|RAB2A_HUMAN,0,/core/www/modules/match_peptides/blast_html4.php?run_id=110202&search_id=114132&scans_id=110198&peptide_id=17431&scanf=25774&charge=2&value=0,K.IQEGVFDINNEANGIK.I,/core/www/modules/show_out/show_out_wrapper.php?run_id=110202&search_id=114132&scans_id=110198&peptide_id=17431&scanf=25774&charge=2&value=K.IQEGVFDINNEANGIK.I,RAB2A,4.676e+6,3.564,0.001,3.243,0.000
25777,2,"  2.768","  0.551",12/24,/core/www/modules//sdig/index.php?run_id=110202&search_id=114132&scans_id=110198&peptide_id=17434&scanf=25777&charge=2&value=12/24,sp|Q9NYU2|UGGG1_HUMAN,/core/www/modules//consensus/?run_id=110202&search_id=114132&scans_id=110198&peptide_id=17434&scanf=25777&charge=2&value=sp|Q9NYU2|UGGG1_HUMAN,1,/core/www/modules/match_peptides/blast_html4.php?run_id=110202&search_id=114132&scans_id=110198&peptide_id=17434&scanf=25777&charge=2&value=1,R.IVPEWQDYDQEIK.Q,/core/www/modules/show_out/show_out_wrapper.php?run_id=110202&search_id=114132&scans_id=110198&peptide_id=17434&scanf=25777&charge=2&value=R.IVPEWQDYDQEIK.Q,UGGT1,2.267e+6,3.211,0.002,2.720,0.000
25779,3,"  2.873","  0.458",13/52,/core/www/modules//sdig/index.php?run_id=110202&search_id=114132&scans_id=110198&peptide_id=17436&scanf=25779&charge=3&value=13/52,sp|Q01831|XPC_HUMAN,/core/www/modules//consensus/?run_id=110202&search_id=114132&scans_id=110198&peptide_id=17436&scanf=25779&charge=3&value=sp|Q01831|XPC_HUMAN,0,/core/www/modules/match_peptides/blast_html4.php?run_id=110202&search_id=114132&scans_id=110198&peptide_id=17436&scanf=25779&charge=3&value=0,K.HMDQPLPTAIGLYK.N,/core/www/modules/show_out/show_out_wrapper.php?run_id=110202&search_id=114132&scans_id=110198&peptide_id=17436&scanf=25779&charge=3&value=K.HMDQPLPTAIGLYK.N,XPC,4.807e+6,2.929,0.005,2.303,0.000
25783,3,"  2.303","  0.251",9/48,/core/www/modules//sdig/index.php?run_id=110202&search_id=114132&scans_id=110198&peptide_id=17441&scanf=25783&charge=3&value=9/48,sp|P10301|RRAS_HUMAN,/core/www/modules//consensus/?run_id=110202&search_id=114132&scans_id=110198&peptide_id=17441&scanf=25783&charge=3&value=sp|P10301|RRAS_HUMAN,0,/core/www/modules/match_peptides/blast_html4.php?run_id=110202&search_id=114132&scans_id=110198&peptide_id=17441&scanf=25783&charge=3&value=0,K.DRDDFPVVLVGNK.A,/core/www/modules/show_out/show_out_wrapper.php?run_id=110202&search_id=114132&scans_id=110198&peptide_id=17441&scanf=25783&charge=3&value=K.DRDDFPVVLVGNK.A,RRAS,2.150e+6,1.901,0.143,0.844,0.007
25786,3,"  2.580","  0.224",11/44,/core/www/modules//sdig/index.php?run_id=110202&search_id=114132&scans_id=110198&peptide_id=17444&scanf=25786&charge=3&value=11/44,sp|P11387|TOP1_HUMAN,/core/www/modules//consensus/?run_id=110202&search_id=114132&scans_id=110198&peptide_id=17444&scanf=25786&charge=3&value=sp|P11387|TOP1_HUMAN,1,/core/www/modules/match_peptides/blast_html4.php?run_id=110202&search_id=114132&scans_id=110198&peptide_id=17444&scanf=25786&charge=3&value=1,K.HLQDLMEGLTAK.V,/core/www/modules/show_out/show_out_wrapper.php?run_id=110202&search_id=114132&scans_id=110198&peptide_id=17444&scanf=25786&charge=3&value=K.HLQDLMEGLTAK.V,TOP1,1.730e+6,2.312,0.039,1.404,0.001
25788,2,"  3.040","  0.455",15/26,/core/www/modules//sdig/index.php?run_id=110202&search_id=114132&scans_id=110198&peptide_id=17445&scanf=25788&charge=2&value=15/26,sp|O43707|ACTN4_HUMAN,/core/www/modules//consensus/?run_id=110202&search_id=114132&scans_id=110198&peptide_id=17445&scanf=25788&charge=2&value=sp|O43707|ACTN4_HUMAN,29,/core/www/modules/match_peptides/blast_html4.php?run_id=110202&search_id=114132&scans_id=110198&peptide_id=17445&scanf=25788&charge=2&value=29,R.FAIQDISVEETSAK.E,/core/www/modules/show_out/show_out_wrapper.php?run_id=110202&search_id=114132&scans_id=110198&peptide_id=17445&scanf=25788&charge=2&value=R.FAIQDISVEETSAK.E,ACTN4,6.628e+7,3.048,0.003,2.479,0.000
25789,2,"  2.038","  0.157",10/18,/core/www/modules//sdig/index.php?run_id=110202&search_id=114132&scans_id=110198&peptide_id=17446&scanf=25789&charge=2&value=10/18,sp|Q5SSJ5|HP1B3_HUMAN,/core/www/modules//consensus/?run_id=110202&search_id=114132&scans_id=110198&peptide_id=17446&scanf=25789&charge=2&value=sp|Q5SSJ5|HP1B3_HUMAN,2,/core/www/modules/match_peptides/blast_html4.php?run_id=110202&search_id=114132&scans_id=110198&peptide_id=17446&scanf=25789&charge=2&value=2,K.MDAILTEAIK.A,/core/www/modules/show_out/show_out_wrapper.php?run_id=110202&search_id=114132&scans_id=110198&peptide_id=17446&scanf=25789&charge=2&value=K.MDAILTEAIK.A,HP1BP3,1.744e+8,2.023,0.099,1.003,0.005
25791,2,"  2.233","  0.522",8/18,/core/www/modules//sdig/index.php?run_id=110202&search_id=114132&scans_id=110198&peptide_id=17449&scanf=25791&charge=2&value=8/18,sp|Q14669|TRIPC_HUMAN,/core/www/modules//consensus/?run_id=110202&search_id=114132&scans_id=110198&peptide_id=17449&scanf=25791&charge=2&value=sp|Q14669|TRIPC_HUMAN,2,/core/www/modules/match_peptides/blast_html4.php?run_id=110202&search_id=114132&scans_id=110198&peptide_id=17449&scanf=25791&charge=2&value=2,R.SLNPPLTIVR.K,/core/www/modules/show_out/show_out_wrapper.php?run_id=110202&search_id=114132&scans_id=110198&peptide_id=17449&scanf=25791&charge=2&value=R.SLNPPLTIVR.K,TRIP12,1.325e+7,3.175,0.002,2.667,0.000
25792,4,"  4.958","  0.563",23/114,/core/www/modules//sdig/index.php?run_id=110202&search_id=114132&scans_id=110198&peptide_id=17450&scanf=25792&charge=4&value=23/114,sp|P39023|RL3_HUMAN,/core/www/modules//consensus/?run_id=110202&search_id=114132&scans_id=110198&peptide_id=17450&scanf=25792&charge=4&value=sp|P39023|RL3_HUMAN,3,/core/www/modules/match_peptides/blast_html4.php?run_id=110202&search_id=114132&scans_id=110198&peptide_id=17450&scanf=25792&charge=4&value=3,K.SFPKDDPSKPVHLTAFLGYK.A,/core/www/modules/show_out/show_out_wrapper.php?run_id=110202&search_id=114132&scans_id=110198&peptide_id=17450&scanf=25792&charge=4&value=K.SFPKDDPSKPVHLTAFLGYK.A,RPL3,3.442e+6,3.418,0.001,3.027,0.000
25794,3,"  5.051","  0.656",15/68,/core/www/modules//sdig/index.php?run_id=110202&search_id=114132&scans_id=110198&peptide_id=17452&scanf=25794&charge=3&value=15/68,sp|P18669|PGAM1_HUMAN,/core/www/modules//consensus/?run_id=110202&search_id=114132&scans_id=110198&peptide_id=17452&scanf=25794&charge=3&value=sp|P18669|PGAM1_HUMAN,0,/core/www/modules/match_peptides/blast_html4.php?run_id=110202&search_id=114132&scans_id=110198&peptide_id=17452&scanf=25794&charge=3&value=0,K.NLKPIKPMQFLGDEETVR.K,/core/www/modules/show_out/show_out_wrapper.php?run_id=110202&search_id=114132&scans_id=110198&peptide_id=17452&scanf=25794&charge=3&value=K.NLKPIKPMQFLGDEETVR.K,PGAM1,4.736e+6,3.534,0.001,3.199,0.000
25799,2,"  4.681","  0.711",20/32,/core/www/modules//sdig/index.php?run_id=110202&search_id=114132&scans_id=110198&peptide_id=17457&scanf=25799&charge=2&value=20/32,sp|P11940|PABP1_HUMAN,/core/www/modules//consensus/?run_id=110202&search_id=114132&scans_id=110198&peptide_id=17457&scanf=25799&charge=2&value=sp|P11940|PABP1_HUMAN,16,/core/www/modules/match_peptides/blast_html4.php?run_id=110202&search_id=114132&scans_id=110198&peptide_id=17457&scanf=25799&charge=2&value=16,R.SLGYAYVNFQQPADAER.A,/core/www/modules/show_out/show_out_wrapper.php?run_id=110202&search_id=114132&scans_id=110198&peptide_id=17457&scanf=25799&charge=2&value=R.SLGYAYVNFQQPADAER.A,PABPC1,3.678e+6,3.895,0.000,3.733,0.000
25801,2,"  3.122","  0.558",12/24,/core/www/modules//sdig/index.php?run_id=110202&search_id=114132&scans_id=110198&peptide_id=17460&scanf=25801&charge=2&value=12/24,sp|Q99541|PLIN2_HUMAN,/core/www/modules//consensus/?run_id=110202&search_id=114132&scans_id=110198&peptide_id=17460&scanf=25801&charge=2&value=sp|Q99541|PLIN2_HUMAN,0,/core/www/modules/match_peptides/blast_html4.php?run_id=110202&search_id=114132&scans_id=110198&peptide_id=17460&scanf=25801&charge=2&value=0,K.DSVASTITGVMDK.T,/core/www/modules/show_out/show_out_wrapper.php?run_id=110202&search_id=114132&scans_id=110198&peptide_id=17460&scanf=25801&charge=2&value=K.DSVASTITGVMDK.T,PLIN2,3.086e+6,2.990,0.004,2.394,0.000
25809,2,"  3.132","  0.545",12/20,/core/www/modules//sdig/index.php?run_id=110202&search_id=114132&scans_id=110198&peptide_id=17467&scanf=25809&charge=2&value=12/20,sp|O60934|NBN_HUMAN,/core/www/modules//consensus/?run_id=110202&search_id=114132&scans_id=110198&peptide_id=17467&scanf=25809&charge=2&value=sp|O60934|NBN_HUMAN,14,/core/www/modules/match_peptides/blast_html4.php?run_id=110202&search_id=114132&scans_id=110198&peptide_id=17467&scanf=25809&charge=2&value=14,R.LLTGVEYVVGR.K,/core/www/modules/show_out/show_out_wrapper.php?run_id=110202&search_id=114132&scans_id=110198&peptide_id=17467&scanf=25809&charge=2&value=R.LLTGVEYVVGR.K,NBN,7.844e+6,3.355,0.001,2.933,0.000
25811,3,"  3.178","  0.654",19/64,/core/www/modules//sdig/index.php?run_id=110202&search_id=114132&scans_id=110198&peptide_id=17470&scanf=25811&charge=3&value=19/64,sp|Q7Z6Z7|HUWE1_HUMAN,/core/www/modules//consensus/?run_id=110202&search_id=114132&scans_id=110198&peptide_id=17470&scanf=25811&charge=3&value=sp|Q7Z6Z7|HUWE1_HUMAN,0,/core/www/modules/match_peptides/blast_html4.php?run_id=110202&search_id=114132&scans_id=110198&peptide_id=17470&scanf=25811&charge=3&value=0,K.MVNPTTVLESPHSLPAK.L,/core/www/modules/show_out/show_out_wrapper.php?run_id=110202&search_id=114132&scans_id=110198&peptide_id=17470&scanf=25811&charge=3&value=K.MVNPTTVLESPHSLPAK.L,HUWE1,5.496e+6,3.625,0.000,3.333,0.000
25812,2,"  4.719","  0.677",23/28,/core/www/modules//sdig/index.php?run_id=110202&search_id=114132&scans_id=110198&peptide_id=17471&scanf=25812&charge=2&value=23/28,sp|P52272|HNRPM_HUMAN,/core/www/modules//consensus/?run_id=110202&search_id=114132&scans_id=110198&peptide_id=17471&scanf=25812&charge=2&value=sp|P52272|HNRPM_HUMAN,2,/core/www/modules/match_peptides/blast_html4.php?run_id=110202&search_id=114132&scans_id=110198&peptide_id=17471&scanf=25812&charge=2&value=2,R.MGPLGLDHMASSIER.M,/core/www/modules/show_out/show_out_wrapper.php?run_id=110202&search_id=114132&scans_id=110198&peptide_id=17471&scanf=25812&charge=2&value=R.MGPLGLDHMASSIER.M,HNRNPM,3.049e+7,4.376,0.000,4.448,0.000
25815,3,"  4.578","  0.626",18/64,/core/www/modules//sdig/index.php?run_id=110202&search_id=114132&scans_id=110198&peptide_id=17474&scanf=25815&charge=3&value=18/64,sp|Q14966|ZN638_HUMAN,/core/www/modules//consensus/?run_id=110202&search_id=114132&scans_id=110198&peptide_id=17474&scanf=25815&charge=3&value=sp|Q14966|ZN638_HUMAN,0,/core/www/modules/match_peptides/blast_html4.php?run_id=110202&search_id=114132&scans_id=110198&peptide_id=17474&scanf=25815&charge=3&value=0,K.MSGLHISGGQSVLEPIK.S,/core/www/modules/show_out/show_out_wrapper.php?run_id=110202&search_id=114132&scans_id=110198&peptide_id=17474&scanf=25815&charge=3&value=K.MSGLHISGGQSVLEPIK.S,ZNF638,5.095e+6,3.563,0.001,3.241,0.000
25818,3,"  5.320","  0.569",15/68,/core/www/modules//sdig/index.php?run_id=110202&search_id=114132&scans_id=110198&peptide_id=17477&scanf=25818&charge=3&value=15/68,sp|Q6P2C8|MED27_HUMAN,/core/www/modules//consensus/?run_id=110202&search_id=114132&scans_id=110198&peptide_id=17477&scanf=25818&charge=3&value=sp|Q6P2C8|MED27_HUMAN,2,/core/www/modules/match_peptides/blast_html4.php?run_id=110202&search_id=114132&scans_id=110198&peptide_id=17477&scanf=25818&charge=3&value=2,K.LQYHAGLASGLLNQQSLK.R,/core/www/modules/show_out/show_out_wrapper.php?run_id=110202&search_id=114132&scans_id=110198&peptide_id=17477&scanf=25818&charge=3&value=K.LQYHAGLASGLLNQQSLK.R,MED27,5.343e+6,3.236,0.002,2.757,0.000
25820,3,"  3.044","  0.301",14/64,/core/www/modules//sdig/index.php?run_id=110202&search_id=114132&scans_id=110198&peptide_id=17480&scanf=25820&charge=3&value=14/64,tr|A0A0D9SF54|A0A0D9SF54_HUMAN,/core/www/modules//consensus/?run_id=110202&search_id=114132&scans_id=110198&peptide_id=17480&scanf=25820&charge=3&value=tr|A0A0D9SF54|A0A0D9SF54_HUMAN,0,/core/www/modules/match_peptides/blast_html4.php?run_id=110202&search_id=114132&scans_id=110198&peptide_id=17480&scanf=25820&charge=3&value=0,R.QEQIDNQYHSLLELGEK.R,/core/www/modules/show_out/show_out_wrapper.php?run_id=110202&search_id=114132&scans_id=110198&peptide_id=17480&scanf=25820&charge=3&value=R.QEQIDNQYHSLLELGEK.R,SPTAN1,4.030e+6,2.119,0.074,1.133,0.002
25823,2,"  2.661","  0.496",11/20,/core/www/modules//sdig/index.php?run_id=110202&search_id=114132&scans_id=110198&peptide_id=17483&scanf=25823&charge=2&value=11/20,sp|O75369|FLNB_HUMAN,/core/www/modules//consensus/?run_id=110202&search_id=114132&scans_id=110198&peptide_id=17483&scanf=25823&charge=2&value=sp|O75369|FLNB_HUMAN,3,/core/www/modules/match_peptides/blast_html4.php?run_id=110202&search_id=114132&scans_id=110198&peptide_id=17483&scanf=25823&charge=2&value=3,K.ADIEMPFDPSK.V,/core/www/modules/show_out/show_out_wrapper.php?run_id=110202&search_id=114132&scans_id=110198&peptide_id=17483&scanf=25823&charge=2&value=K.ADIEMPFDPSK.V,FLNB,6.521e+6,3.310,0.001,2.867,0.000
25825,2,"  2.403","  0.299",7/30,/core/www/modules//sdig/index.php?run_id=110202&search_id=114132&scans_id=110198&peptide_id=17485&scanf=25825&charge=2&value=7/30,sp|Q01082|SPTB2_HUMAN,/core/www/modules//consensus/?run_id=110202&search_id=114132&scans_id=110198&peptide_id=17485&scanf=25825&charge=2&value=sp|Q01082|SPTB2_HUMAN,1,/core/www/modules/match_peptides/blast_html4.php?run_id=110202&search_id=114132&scans_id=110198&peptide_id=17485&scanf=25825&charge=2&value=1,R.DVSSVELLMNNHQGIK.A,/core/www/modules/show_out/show_out_wrapper.php?run_id=110202&search_id=114132&scans_id=110198&peptide_id=17485&scanf=25825&charge=2&value=R.DVSSVELLMNNHQGIK.A,SPTBN1,2.690e+6,2.014,0.102,0.990,0.005
25826,4,"  5.057","  0.561",16/84,/core/www/modules//sdig/index.php?run_id=110202&search_id=114132&scans_id=110198&peptide_id=17486&scanf=25826&charge=4&value=16/84,sp|Q9HAZ1|CLK4_HUMAN,/core/www/modules//consensus/?run_id=110202&search_id=114132&scans_id=110198&peptide_id=17486&scanf=25826&charge=4&value=sp|Q9HAZ1|CLK4_HUMAN,0,/core/www/modules/match_peptides/blast_html4.php?run_id=110202&search_id=114132&scans_id=110198&peptide_id=17486&scanf=25826&charge=4&value=0,K.LTHTDLKPENILFVK.S,/core/www/modules/show_out/show_out_wrapper.php?run_id=110202&search_id=114132&scans_id=110198&peptide_id=17486&scanf=25826&charge=4&value=K.LTHTDLKPENILFVK.S,CLK4,4.200e+6,3.762,0.000,3.537,0.000
25828,3,"  5.439","  0.548",19/100,/core/www/modules//sdig/index.php?run_id=110202&search_id=114132&scans_id=110198&peptide_id=17488&scanf=25828&charge=3&value=19/100,sp|Q12888|TP53B_HUMAN,/core/www/modules//consensus/?run_id=110202&search_id=114132&scans_id=110198&peptide_id=17488&scanf=25828&charge=3&value=sp|Q12888|TP53B_HUMAN,2,/core/www/modules/match_peptides/blast_html4.php?run_id=110202&search_id=114132&scans_id=110198&peptide_id=17488&scanf=25828&charge=3&value=2,R.TSSVLGMSVESAPAVEEEKGEELEQK.E,/core/www/modules/show_out/show_out_wrapper.php?run_id=110202&search_id=114132&scans_id=110198&peptide_id=17488&scanf=25828&charge=3&value=R.TSSVLGMSVESAPAVEEEKGEELEQK.E,TP53BP1,1.663e+6,2.597,0.015,1.816,0.000
25830,2,"  1.818","  0.135",8/16,/core/www/modules//sdig/index.php?run_id=110202&search_id=114132&scans_id=110198&peptide_id=17490&scanf=25830&charge=2&value=8/16,sp|O60814|H2B1K_HUMAN,/core/www/modules//consensus/?run_id=110202&search_id=114132&scans_id=110198&peptide_id=17490&scanf=25830&charge=2&value=sp|O60814|H2B1K_HUMAN,16,/core/www/modules/match_peptides/blast_html4.php?run_id=110202&search_id=114132&scans_id=110198&peptide_id=17490&scanf=25830&charge=2&value=16,R.LLLPGELAK.H,/core/www/modules/show_out/show_out_wrapper.php?run_id=110202&search_id=114132&scans_id=110198&peptide_id=17490&scanf=25830&charge=2&value=R.LLLPGELAK.H,H2BC12,4.487e+9,2.001,0.106,0.973,0.005
25834,3,"  6.080","  0.676",25/76,/core/www/modules//sdig/index.php?run_id=110202&search_id=114132&scans_id=110198&peptide_id=17494&scanf=25834&charge=3&value=25/76,sp|P31943|HNRH1_HUMAN,/core/www/modules//consensus/?run_id=110202&search_id=114132&scans_id=110198&peptide_id=17494&scanf=25834&charge=3&value=sp|P31943|HNRH1_HUMAN,2,/core/www/modules/match_peptides/blast_html4.php?run_id=110202&search_id=114132&scans_id=110198&peptide_id=17494&scanf=25834&charge=3&value=2,R.YVELFLNSTAGASGGAYEHR.Y,/core/www/modules/show_out/show_out_wrapper.php?run_id=110202&search_id=114132&scans_id=110198&peptide_id=17494&scanf=25834&charge=3&value=R.YVELFLNSTAGASGGAYEHR.Y,HNRNPH1,4.249e+7,3.821,0.000,3.624,0.000
25835,2,"  3.528","  0.561",14/26,/core/www/modules//sdig/index.php?run_id=110202&search_id=114132&scans_id=110198&peptide_id=17495&scanf=25835&charge=2&value=14/26,sp|P49419|AL7A1_HUMAN,/core/www/modules//consensus/?run_id=110202&search_id=114132&scans_id=110198&peptide_id=17495&scanf=25835&charge=2&value=sp|P49419|AL7A1_HUMAN,11,/core/www/modules/match_peptides/blast_html4.php?run_id=110202&search_id=114132&scans_id=110198&peptide_id=17495&scanf=25835&charge=2&value=11,K.GAPTTSLISVAVTK.I,/core/www/modules/show_out/show_out_wrapper.php?run_id=110202&search_id=114132&scans_id=110198&peptide_id=17495&scanf=25835&charge=2&value=K.GAPTTSLISVAVTK.I,ALDH7A1,4.354e+6,3.198,0.002,2.701,0.000
25838,2,"  6.281","  0.686",22/36,/core/www/modules//sdig/index.php?run_id=110202&search_id=114132&scans_id=110198&peptide_id=17498&scanf=25838&charge=2&value=22/36,sp|Q14684|RRP1B_HUMAN,/core/www/modules//consensus/?run_id=110202&search_id=114132&scans_id=110198&peptide_id=17498&scanf=25838&charge=2&value=sp|Q14684|RRP1B_HUMAN,0,/core/www/modules/match_peptides/blast_html4.php?run_id=110202&search_id=114132&scans_id=110198&peptide_id=17498&scanf=25838&charge=2&value=0,K.VGDGDLSAEEIPENEVSLR.R,/core/www/modules/show_out/show_out_wrapper.php?run_id=110202&search_id=114132&scans_id=110198&peptide_id=17498&scanf=25838&charge=2&value=K.VGDGDLSAEEIPENEVSLR.R,RRP1B,2.753e+6,3.811,0.000,3.609,0.000
25839,2,"  4.025","  0.563",16/26,/core/www/modules//sdig/index.php?run_id=110202&search_id=114132&scans_id=110198&peptide_id=17499&scanf=25839&charge=2&value=16/26,sp|O00148|DX39A_HUMAN,/core/www/modules//consensus/?run_id=110202&search_id=114132&scans_id=110198&peptide_id=17499&scanf=25839&charge=2&value=sp|O00148|DX39A_HUMAN,3,/core/www/modules/match_peptides/blast_html4.php?run_id=110202&search_id=114132&scans_id=110198&peptide_id=17499&scanf=25839&charge=2&value=3,K.GLAITFVSDENDAK.I,/core/www/modules/show_out/show_out_wrapper.php?run_id=110202&search_id=114132&scans_id=110198&peptide_id=17499&scanf=25839&charge=2&value=K.GLAITFVSDENDAK.I,DDX39A,1.876e+8,3.520,0.001,3.178,0.000
25843,4,"  2.118","  0.293",11/90,/core/www/modules//sdig/index.php?run_id=110202&search_id=114132&scans_id=110198&peptide_id=17504&scanf=25843&charge=4&value=11/90,sp|Q9NP81|SYSM_HUMAN,/core/www/modules//consensus/?run_id=110202&search_id=114132&scans_id=110198&peptide_id=17504&scanf=25843&charge=4&value=sp|Q9NP81|SYSM_HUMAN,2,/core/www/modules/match_peptides/blast_html4.php?run_id=110202&search_id=114132&scans_id=110198&peptide_id=17504&scanf=25843&charge=4&value=2,R.VLHMVGDKPVFSFQPR.G,/core/www/modules/show_out/show_out_wrapper.php?run_id=110202&search_id=114132&scans_id=110198&peptide_id=17504&scanf=25843&charge=4&value=R.VLHMVGDKPVFSFQPR.G,SARS2,2.394e+6,2.563,0.017,1.766,0.000
25845,3,"  2.579","  0.294",8/40,/core/www/modules//sdig/index.php?run_id=110202&search_id=114132&scans_id=110198&peptide_id=17506&scanf=25845&charge=3&value=8/40,sp|P11388|TOP2A_HUMAN,/core/www/modules//consensus/?run_id=110202&search_id=114132&scans_id=110198&peptide_id=17506&scanf=25845&charge=3&value=sp|P11388|TOP2A_HUMAN,5,/core/www/modules/match_peptides/blast_html4.php?run_id=110202&search_id=114132&scans_id=110198&peptide_id=17506&scanf=25845&charge=3&value=5,R.KEWLTNFMEDR.R,/core/www/modules/show_out/show_out_wrapper.php?run_id=110202&search_id=114132&scans_id=110198&peptide_id=17506&scanf=25845&charge=3&value=R.KEWLTNFMEDR.R,TOP2A,1.237e+7,2.266,0.046,1.338,0.002
25846,3,"  2.782","  0.365",14/32,/core/www/modules//sdig/index.php?run_id=110202&search_id=114132&scans_id=110198&peptide_id=17507&scanf=25846&charge=3&value=14/32,sp|Q9H223|EHD4_HUMAN,/core/www/modules//consensus/?run_id=110202&search_id=114132&scans_id=110198&peptide_id=17507&scanf=25846&charge=3&value=sp|Q9H223|EHD4_HUMAN,6,/core/www/modules/match_peptides/blast_html4.php?run_id=110202&search_id=114132&scans_id=110198&peptide_id=17507&scanf=25846&charge=3&value=6,R.IILLFDAHK.L,/core/www/modules/show_out/show_out_wrapper.php?run_id=110202&search_id=114132&scans_id=110198&peptide_id=17507&scanf=25846&charge=3&value=R.IILLFDAHK.L,EHD4,5.274e+6,3.036,0.003,2.462,0.000
25849,2,"  4.219","  0.668",15/24,/core/www/modules//sdig/index.php?run_id=110202&search_id=114132&scans_id=110198&peptide_id=17510&scanf=25849&charge=2&value=15/24,sp|Q5JRX3|PREP_HUMAN,/core/www/modules//consensus/?run_id=110202&search_id=114132&scans_id=110198&peptide_id=17510&scanf=25849&charge=2&value=sp|Q5JRX3|PREP_HUMAN,8,/core/www/modules/match_peptides/blast_html4.php?run_id=110202&search_id=114132&scans_id=110198&peptide_id=17510&scanf=25849&charge=2&value=8,R.DPNTIETLQSFGK.A,/core/www/modules/show_out/show_out_wrapper.php?run_id=110202&search_id=114132&scans_id=110198&peptide_id=17510&scanf=25849&charge=2&value=R.DPNTIETLQSFGK.A,PITRM1,2.468e+6,3.805,0.000,3.600,0.000
25852,2,"  1.779","  0.204",8/14,/core/www/modules//sdig/index.php?run_id=110202&search_id=114132&scans_id=110198&peptide_id=17513&scanf=25852&charge=2&value=8/14,sp|Q99986|VRK1_HUMAN,/core/www/modules//consensus/?run_id=110202&search_id=114132&scans_id=110198&peptide_id=17513&scanf=25852&charge=2&value=sp|Q99986|VRK1_HUMAN,22,/core/www/modules/match_peptides/blast_html4.php?run_id=110202&search_id=114132&scans_id=110198&peptide_id=17513&scanf=25852&charge=2&value=22,R.DILLQGLK.A,/core/www/modules/show_out/show_out_wrapper.php?run_id=110202&search_id=114132&scans_id=110198&peptide_id=17513&scanf=25852&charge=2&value=R.DILLQGLK.A,VRK1,1.855e+7,2.253,0.048,1.320,0.002
25853,3,"  2.580","  0.304",11/40,/core/www/modules//sdig/index.php?run_id=110202&search_id=114132&scans_id=110198&peptide_id=17514&scanf=25853&charge=3&value=11/40,sp|P49736|MCM2_HUMAN,/core/www/modules//consensus/?run_id=110202&search_id=114132&scans_id=110198&peptide_id=17514&scanf=25853&charge=3&value=sp|P49736|MCM2_HUMAN,1,/core/www/modules/match_peptides/blast_html4.php?run_id=110202&search_id=114132&scans_id=110198&peptide_id=17514&scanf=25853&charge=3&value=1,R.ISHLPLVEELR.S,/core/www/modules/show_out/show_out_wrapper.php?run_id=110202&search_id=114132&scans_id=110198&peptide_id=17514&scanf=25853&charge=3&value=R.ISHLPLVEELR.S,MCM2,1.422e+7,2.567,0.017,1.772,0.000
25854,3,"  2.496","  0.274",10/56,/core/www/modules//sdig/index.php?run_id=110202&search_id=114132&scans_id=110198&peptide_id=17515&scanf=25854&charge=3&value=10/56,sp|P52272|HNRPM_HUMAN,/core/www/modules//consensus/?run_id=110202&search_id=114132&scans_id=110198&peptide_id=17515&scanf=25854&charge=3&value=sp|P52272|HNRPM_HUMAN,2,/core/www/modules/match_peptides/blast_html4.php?run_id=110202&search_id=114132&scans_id=110198&peptide_id=17515&scanf=25854&charge=3&value=2,R.MGPLGLDHM*ASSIER.M,/core/www/modules/show_out/show_out_wrapper.php?run_id=110202&search_id=114132&scans_id=110198&peptide_id=17515&scanf=25854&charge=3&value=R.MGPLGLDHM*ASSIER.M,HNRNPM,5.747e+6,2.401,0.029,1.531,0.001
25857,4,"  4.110","  0.534",15/84,/core/www/modules//sdig/index.php?run_id=110202&search_id=114132&scans_id=110198&peptide_id=17518&scanf=25857&charge=4&value=15/84,sp|Q9HAZ1|CLK4_HUMAN,/core/www/modules//consensus/?run_id=110202&search_id=114132&scans_id=110198&peptide_id=17518&scanf=25857&charge=4&value=sp|Q9HAZ1|CLK4_HUMAN,0,/core/www/modules/match_peptides/blast_html4.php?run_id=110202&search_id=114132&scans_id=110198&peptide_id=17518&scanf=25857&charge=4&value=0,K.LTHTDLKPENILFVK.S,/core/www/modules/show_out/show_out_wrapper.php?run_id=110202&search_id=114132&scans_id=110198&peptide_id=17518&scanf=25857&charge=4&value=K.LTHTDLKPENILFVK.S,CLK4,4.200e+6,3.601,0.001,3.299,0.000
25859,2,"  2.841","  0.547",12/24,/core/www/modules//sdig/index.php?run_id=110202&search_id=114132&scans_id=110198&peptide_id=17520&scanf=25859&charge=2&value=12/24,sp|O96013|PAK4_HUMAN,/core/www/modules//consensus/?run_id=110202&search_id=114132&scans_id=110198&peptide_id=17520&scanf=25859&charge=2&value=sp|O96013|PAK4_HUMAN,0,/core/www/modules/match_peptides/blast_html4.php?run_id=110202&search_id=114132&scans_id=110198&peptide_id=17520&scanf=25859&charge=2&value=0,R.AALQLVVDPGDPR.S,/core/www/modules/show_out/show_out_wrapper.php?run_id=110202&search_id=114132&scans_id=110198&peptide_id=17520&scanf=25859&charge=2&value=R.AALQLVVDPGDPR.S,PAK4,3.338e+6,3.168,0.002,2.656,0.000
25860,2,"  1.625","  0.349",9/18,/core/www/modules//sdig/index.php?run_id=110202&search_id=114132&scans_id=110198&peptide_id=17522&scanf=25860&charge=2&value=9/18,sp|O95239|KIF4A_HUMAN,/core/www/modules//consensus/?run_id=110202&search_id=114132&scans_id=110198&peptide_id=17522&scanf=25860&charge=2&value=sp|O95239|KIF4A_HUMAN,1,/core/www/modules/match_peptides/blast_html4.php?run_id=110202&search_id=114132&scans_id=110198&peptide_id=17522&scanf=25860&charge=2&value=1,K.YLIGELVSSK.I,/core/www/modules/show_out/show_out_wrapper.php?run_id=110202&search_id=114132&scans_id=110198&peptide_id=17522&scanf=25860&charge=2&value=K.YLIGELVSSK.I,KIF4A,3.813e+6,2.601,0.015,1.822,0.000
25864,2,"  2.777","  0.638",13/20,/core/www/modules//sdig/index.php?run_id=110202&search_id=114132&scans_id=110198&peptide_id=17526&scanf=25864&charge=2&value=13/20,sp|Q96GQ7|DDX27_HUMAN,/core/www/modules//consensus/?run_id=110202&search_id=114132&scans_id=110198&peptide_id=17526&scanf=25864&charge=2&value=sp|Q96GQ7|DDX27_HUMAN,2,/core/www/modules/match_peptides/blast_html4.php?run_id=110202&search_id=114132&scans_id=110198&peptide_id=17526&scanf=25864&charge=2&value=2,R.MLDEYFEEQMK.E,/core/www/modules/show_out/show_out_wrapper.php?run_id=110202&search_id=114132&scans_id=110198&peptide_id=17526&scanf=25864&charge=2&value=R.MLDEYFEEQMK.E,DDX27,1.608e+7,3.824,0.000,3.629,0.000
25866,2,"  4.977","  0.767",21/32,/core/www/modules//sdig/index.php?run_id=110202&search_id=114132&scans_id=110198&peptide_id=17528&scanf=25866&charge=2&value=21/32,sp|P17844|DDX5_HUMAN,/core/www/modules//consensus/?run_id=110202&search_id=114132&scans_id=110198&peptide_id=17528&scanf=25866&charge=2&value=sp|P17844|DDX5_HUMAN,2,/core/www/modules/match_peptides/blast_html4.php?run_id=110202&search_id=114132&scans_id=110198&peptide_id=17528&scanf=25866&charge=2&value=2,K.FVINYDYPNSSEDYIHR.I,/core/www/modules/show_out/show_out_wrapper.php?run_id=110202&search_id=114132&scans_id=110198&peptide_id=17528&scanf=25866&charge=2&value=K.FVINYDYPNSSEDYIHR.I,DDX5,3.117e+6,4.237,0.000,4.240,0.000
25872,3,"  4.028","  0.593",15/48,/core/www/modules//sdig/index.php?run_id=110202&search_id=114132&scans_id=110198&peptide_id=17534&scanf=25872&charge=3&value=15/48,sp|Q96GQ7|DDX27_HUMAN,/core/www/modules//consensus/?run_id=110202&search_id=114132&scans_id=110198&peptide_id=17534&scanf=25872&charge=3&value=sp|Q96GQ7|DDX27_HUMAN,1,/core/www/modules/match_peptides/blast_html4.php?run_id=110202&search_id=114132&scans_id=110198&peptide_id=17534&scanf=25872&charge=3&value=1,R.TFTDHVMLFTQTK.K,/core/www/modules/show_out/show_out_wrapper.php?run_id=110202&search_id=114132&scans_id=110198&peptide_id=17534&scanf=25872&charge=3&value=R.TFTDHVMLFTQTK.K,DDX27,1.066e+7,3.670,0.000,3.400,0.000
25874,2,"  2.917","  0.499",12/22,/core/www/modules//sdig/index.php?run_id=110202&search_id=114132&scans_id=110198&peptide_id=17536&scanf=25874&charge=2&value=12/22,sp|P10809|CH60_HUMAN,/core/www/modules//consensus/?run_id=110202&search_id=114132&scans_id=110198&peptide_id=17536&scanf=25874&charge=2&value=sp|P10809|CH60_HUMAN,7,/core/www/modules/match_peptides/blast_html4.php?run_id=110202&search_id=114132&scans_id=110198&peptide_id=17536&scanf=25874&charge=2&value=7,R.GYISPYFINTSK.G,/core/www/modules/show_out/show_out_wrapper.php?run_id=110202&search_id=114132&scans_id=110198&peptide_id=17536&scanf=25874&charge=2&value=R.GYISPYFINTSK.G,HSPD1,1.231e+7,3.204,0.002,2.710,0.000
25875,3,"  4.774","  0.661",20/56,/core/www/modules//sdig/index.php?run_id=110202&search_id=114132&scans_id=110198&peptide_id=17537&scanf=25875&charge=3&value=20/56,sp|Q8NFW8|NEUA_HUMAN,/core/www/modules//consensus/?run_id=110202&search_id=114132&scans_id=110198&peptide_id=17537&scanf=25875&charge=3&value=sp|Q8NFW8|NEUA_HUMAN,1,/core/www/modules/match_peptides/blast_html4.php?run_id=110202&search_id=114132&scans_id=110198&peptide_id=17537&scanf=25875&charge=3&value=1,R.GVEKPPHLAALILAR.G,/core/www/modules/show_out/show_out_wrapper.php?run_id=110202&search_id=114132&scans_id=110198&peptide_id=17537&scanf=25875&charge=3&value=R.GVEKPPHLAALILAR.G,CMAS,1.558e+7,3.879,0.000,3.710,0.000
25876,3,"  3.734","  0.488",14/48,/core/www/modules//sdig/index.php?run_id=110202&search_id=114132&scans_id=110198&peptide_id=17538&scanf=25876&charge=3&value=14/48,sp|Q9GZR7|DDX24_HUMAN,/core/www/modules//consensus/?run_id=110202&search_id=114132&scans_id=110198&peptide_id=17538&scanf=25876&charge=3&value=sp|Q9GZR7|DDX24_HUMAN,4,/core/www/modules/match_peptides/blast_html4.php?run_id=110202&search_id=114132&scans_id=110198&peptide_id=17538&scanf=25876&charge=3&value=4,K.KDEDIPLFPVQTK.Y,/core/www/modules/show_out/show_out_wrapper.php?run_id=110202&search_id=114132&scans_id=110198&peptide_id=17538&scanf=25876&charge=3&value=K.KDEDIPLFPVQTK.Y,DDX24,1.790e+7,2.980,0.004,2.379,0.000
25878,2,"  3.388","  0.683",14/30,/core/www/modules//sdig/index.php?run_id=110202&search_id=114132&scans_id=110198&peptide_id=17540&scanf=25878&charge=2&value=14/30,sp|Q9UQE7|SMC3_HUMAN,/core/www/modules//consensus/?run_id=110202&search_id=114132&scans_id=110198&peptide_id=17540&scanf=25878&charge=2&value=sp|Q9UQE7|SMC3_HUMAN,0,/core/www/modules/match_peptides/blast_html4.php?run_id=110202&search_id=114132&scans_id=110198&peptide_id=17540&scanf=25878&charge=2&value=0,R.DTAYPETNDAIPMISK.L,/core/www/modules/show_out/show_out_wrapper.php?run_id=110202&search_id=114132&scans_id=110198&peptide_id=17540&scanf=25878&charge=2&value=R.DTAYPETNDAIPMISK.L,SMC3,7.875e+6,3.682,0.000,3.418,0.000
25880,3,"  3.472","  0.294",6/60,/core/www/modules//sdig/index.php?run_id=110202&search_id=114132&scans_id=110198&peptide_id=17543&scanf=25880&charge=3&value=6/60,sp|Q9NTI5|PDS5B_HUMAN,/core/www/modules//consensus/?run_id=110202&search_id=114132&scans_id=110198&peptide_id=17543&scanf=25880&charge=3&value=sp|Q9NTI5|PDS5B_HUMAN,0,/core/www/modules/match_peptides/blast_html4.php?run_id=110202&search_id=114132&scans_id=110198&peptide_id=17543&scanf=25880&charge=3&value=0,R.IFAQYMVPHNLETTER.M,/core/www/modules/show_out/show_out_wrapper.php?run_id=110202&search_id=114132&scans_id=110198&peptide_id=17543&scanf=25880&charge=3&value=R.IFAQYMVPHNLETTER.M,PDS5B,4.551e+6,2.125,0.072,1.142,0.002
25881,2,"  1.632","  0.000",7/12,/core/www/modules//sdig/index.php?run_id=110202&search_id=114132&scans_id=110198&peptide_id=17544&scanf=25881&charge=2&value=7/12,sp|P07900|HS90A_HUMAN,/core/www/modules//consensus/?run_id=110202&search_id=114132&scans_id=110198&peptide_id=17544&scanf=25881&charge=2&value=sp|P07900|HS90A_HUMAN,0,/core/www/modules/match_peptides/blast_html4.php?run_id=110202&search_id=114132&scans_id=110198&peptide_id=17544&scanf=25881&charge=2&value=0,R.ALLFVPR.R,/core/www/modules/show_out/show_out_wrapper.php?run_id=110202&search_id=114132&scans_id=110198&peptide_id=17544&scanf=25881&charge=2&value=R.ALLFVPR.R,HSP90AA1,3.219e+8,2.594,0.015,1.811,0.000
25882,2,"  1.636","  0.090",8/14,/core/www/modules//sdig/index.php?run_id=110202&search_id=114132&scans_id=110198&peptide_id=17545&scanf=25882&charge=2&value=8/14,sp|Q9GZY0|NXF2_HUMAN,/core/www/modules//consensus/?run_id=110202&search_id=114132&scans_id=110198&peptide_id=17545&scanf=25882&charge=2&value=sp|Q9GZY0|NXF2_HUMAN,1,/core/www/modules/match_peptides/blast_html4.php?run_id=110202&search_id=114132&scans_id=110198&peptide_id=17545&scanf=25882&charge=2&value=1,R.DIDIILNR.R,/core/www/modules/show_out/show_out_wrapper.php?run_id=110202&search_id=114132&scans_id=110198&peptide_id=17545&scanf=25882&charge=2&value=R.DIDIILNR.R,NXF2B,3.068e+6,1.858,0.162,0.790,0.008
25889,3,"  2.712","  0.407",13/72,/core/www/modules//sdig/index.php?run_id=110202&search_id=114132&scans_id=110198&peptide_id=17552&scanf=25889&charge=3&value=13/72,sp|Q13283|G3BP1_HUMAN,/core/www/modules//consensus/?run_id=110202&search_id=114132&scans_id=110198&peptide_id=17552&scanf=25889&charge=3&value=sp|Q13283|G3BP1_HUMAN,8,/core/www/modules/match_peptides/blast_html4.php?run_id=110202&search_id=114132&scans_id=110198&peptide_id=17552&scanf=25889&charge=3&value=8,K.NLPPSGAVPVTGIPPHVVK.V,/core/www/modules/show_out/show_out_wrapper.php?run_id=110202&search_id=114132&scans_id=110198&peptide_id=17552&scanf=25889&charge=3&value=K.NLPPSGAVPVTGIPPHVVK.V,G3BP1,6.989e+6,2.538,0.019,1.730,0.000
25893,2,"  3.754","  0.611",13/24,/core/www/modules//sdig/index.php?run_id=110202&search_id=114132&scans_id=110198&peptide_id=17556&scanf=25893&charge=2&value=13/24,sp|Q9Y3A4|RRP7A_HUMAN,/core/www/modules//consensus/?run_id=110202&search_id=114132&scans_id=110198&peptide_id=17556&scanf=25893&charge=2&value=sp|Q9Y3A4|RRP7A_HUMAN,0,/core/www/modules/match_peptides/blast_html4.php?run_id=110202&search_id=114132&scans_id=110198&peptide_id=17556&scanf=25893&charge=2&value=0,R.VEVDTFMEAYDQK.I,/core/www/modules/show_out/show_out_wrapper.php?run_id=110202&search_id=114132&scans_id=110198&peptide_id=17556&scanf=25893&charge=2&value=R.VEVDTFMEAYDQK.I,RRP7A,6.216e+6,3.489,0.001,3.132,0.000
25896,2,"  1.528","  0.295",8/16,/core/www/modules//sdig/index.php?run_id=110202&search_id=114132&scans_id=110198&peptide_id=17559&scanf=25896&charge=2&value=8/16,sp|Q14008|CKAP5_HUMAN,/core/www/modules//consensus/?run_id=110202&search_id=114132&scans_id=110198&peptide_id=17559&scanf=25896&charge=2&value=sp|Q14008|CKAP5_HUMAN,0,/core/www/modules/match_peptides/blast_html4.php?run_id=110202&search_id=114132&scans_id=110198&peptide_id=17559&scanf=25896&charge=2&value=0,K.DQVLAMLEK.A,/core/www/modules/show_out/show_out_wrapper.php?run_id=110202&search_id=114132&scans_id=110198&peptide_id=17559&scanf=25896&charge=2&value=K.DQVLAMLEK.A,CKAP5,5.191e+6,2.347,0.035,1.454,0.001
25897,3,"  2.599","  0.313",10/68,/core/www/modules//sdig/index.php?run_id=110202&search_id=114132&scans_id=110198&peptide_id=17560&scanf=25897&charge=3&value=10/68,sp|P18669|PGAM1_HUMAN,/core/www/modules//consensus/?run_id=110202&search_id=114132&scans_id=110198&peptide_id=17560&scanf=25897&charge=3&value=sp|P18669|PGAM1_HUMAN,0,/core/www/modules/match_peptides/blast_html4.php?run_id=110202&search_id=114132&scans_id=110198&peptide_id=17560&scanf=25897&charge=3&value=0,K.NLKPIKPMQFLGDEETVR.K,/core/www/modules/show_out/show_out_wrapper.php?run_id=110202&search_id=114132&scans_id=110198&peptide_id=17560&scanf=25897&charge=3&value=K.NLKPIKPMQFLGDEETVR.K,PGAM1,4.736e+6,2.153,0.066,1.180,0.002
25908,3,"  2.328","  0.318",9/60,/core/www/modules//sdig/index.php?run_id=110202&search_id=114132&scans_id=110198&peptide_id=17571&scanf=25908&charge=3&value=9/60,sp|Q9BXS5|AP1M1_HUMAN,/core/www/modules//consensus/?run_id=110202&search_id=114132&scans_id=110198&peptide_id=17571&scanf=25908&charge=3&value=sp|Q9BXS5|AP1M1_HUMAN,5,/core/www/modules/match_peptides/blast_html4.php?run_id=110202&search_id=114132&scans_id=110198&peptide_id=17571&scanf=25908&charge=3&value=5,K.EEEGMLSPILAHGGVR.F,/core/www/modules/show_out/show_out_wrapper.php?run_id=110202&search_id=114132&scans_id=110198&peptide_id=17571&scanf=25908&charge=3&value=K.EEEGMLSPILAHGGVR.F,AP1M1,4.080e+6,2.254,0.048,1.322,0.002
25909,2,"  2.733","  0.461",12/22,/core/www/modules//sdig/index.php?run_id=110202&search_id=114132&scans_id=110198&peptide_id=17572&scanf=25909&charge=2&value=12/22,sp|O95292|VAPB_HUMAN,/core/www/modules//consensus/?run_id=110202&search_id=114132&scans_id=110198&peptide_id=17572&scanf=25909&charge=2&value=sp|O95292|VAPB_HUMAN,2,/core/www/modules/match_peptides/blast_html4.php?run_id=110202&search_id=114132&scans_id=110198&peptide_id=17572&scanf=25909&charge=2&value=2,R.GPFTDVVTTNLK.L,/core/www/modules/show_out/show_out_wrapper.php?run_id=110202&search_id=114132&scans_id=110198&peptide_id=17572&scanf=25909&charge=2&value=R.GPFTDVVTTNLK.L,VAPB,1.026e+7,2.982,0.004,2.381,0.000
25910,3,"  3.231","  0.479",11/36,/core/www/modules//sdig/index.php?run_id=110202&search_id=114132&scans_id=110198&peptide_id=17574&scanf=25910&charge=3&value=11/36,sp|Q13601|KRR1_HUMAN,/core/www/modules//consensus/?run_id=110202&search_id=114132&scans_id=110198&peptide_id=17574&scanf=25910&charge=3&value=sp|Q13601|KRR1_HUMAN,0,/core/www/modules/match_peptides/blast_html4.php?run_id=110202&search_id=114132&scans_id=110198&peptide_id=17574&scanf=25910&charge=3&value=0,K.KTFDPYIIIR.A,/core/www/modules/show_out/show_out_wrapper.php?run_id=110202&search_id=114132&scans_id=110198&peptide_id=17574&scanf=25910&charge=3&value=K.KTFDPYIIIR.A,KRR1,3.129e+6,2.987,0.004,2.388,0.000
25914,2,"  3.741","  0.600",15/26,/core/www/modules//sdig/index.php?run_id=110202&search_id=114132&scans_id=110198&peptide_id=17577&scanf=25914&charge=2&value=15/26,sp|P78527|PRKDC_HUMAN,/core/www/modules//consensus/?run_id=110202&search_id=114132&scans_id=110198&peptide_id=17577&scanf=25914&charge=2&value=sp|P78527|PRKDC_HUMAN,0,/core/www/modules/match_peptides/blast_html4.php?run_id=110202&search_id=114132&scans_id=110198&peptide_id=17577&scanf=25914&charge=2&value=0,R.VVQMLGSLGGQINK.N,/core/www/modules/show_out/show_out_wrapper.php?run_id=110202&search_id=114132&scans_id=110198&peptide_id=17577&scanf=25914&charge=2&value=R.VVQMLGSLGGQINK.N,PRKDC,4.860e+7,4.318,0.000,4.361,0.000
25916,3,"  2.971","  0.558",17/76,/core/www/modules//sdig/index.php?run_id=110202&search_id=114132&scans_id=110198&peptide_id=17579&scanf=25916&charge=3&value=17/76,sp|Q16643|DREB_HUMAN,/core/www/modules//consensus/?run_id=110202&search_id=114132&scans_id=110198&peptide_id=17579&scanf=25916&charge=3&value=sp|Q16643|DREB_HUMAN,2,/core/www/modules/match_peptides/blast_html4.php?run_id=110202&search_id=114132&scans_id=110198&peptide_id=17579&scanf=25916&charge=3&value=2,K.SESEVEEAAAIIAQRPDNPR.E,/core/www/modules/show_out/show_out_wrapper.php?run_id=110202&search_id=114132&scans_id=110198&peptide_id=17579&scanf=25916&charge=3&value=K.SESEVEEAAAIIAQRPDNPR.E,DBN1,3.987e+7,3.168,0.002,2.656,0.000
25917,3,"  4.654","  0.627",17/68,/core/www/modules//sdig/index.php?run_id=110202&search_id=114132&scans_id=110198&peptide_id=17580&scanf=25917&charge=3&value=17/68,sp|Q96I24|FUBP3_HUMAN,/core/www/modules//consensus/?run_id=110202&search_id=114132&scans_id=110198&peptide_id=17580&scanf=25917&charge=3&value=sp|Q96I24|FUBP3_HUMAN,0,/core/www/modules/match_peptides/blast_html4.php?run_id=110202&search_id=114132&scans_id=110198&peptide_id=17580&scanf=25917&charge=3&value=0,K.MVMIQDGPLPTGADKPLR.I,/core/www/modules/show_out/show_out_wrapper.php?run_id=110202&search_id=114132&scans_id=110198&peptide_id=17580&scanf=25917&charge=3&value=K.MVMIQDGPLPTGADKPLR.I,FUBP3,6.314e+6,3.447,0.001,3.070,0.000
25918,2,"  4.124","  0.669",16/28,/core/www/modules//sdig/index.php?run_id=110202&search_id=114132&scans_id=110198&peptide_id=17581&scanf=25918&charge=2&value=16/28,sp|P26640|SYVC_HUMAN,/core/www/modules//consensus/?run_id=110202&search_id=114132&scans_id=110198&peptide_id=17581&scanf=25918&charge=2&value=sp|P26640|SYVC_HUMAN,5,/core/www/modules/match_peptides/blast_html4.php?run_id=110202&search_id=114132&scans_id=110198&peptide_id=17581&scanf=25918&charge=2&value=5,R.SSAQDPQAVLGALGR.A,/core/www/modules/show_out/show_out_wrapper.php?run_id=110202&search_id=114132&scans_id=110198&peptide_id=17581&scanf=25918&charge=2&value=R.SSAQDPQAVLGALGR.A,VARS1,7.092e+6,3.442,0.001,3.062,0.000
25919,3,"  3.340","  0.450",11/52,/core/www/modules//sdig/index.php?run_id=110202&search_id=114132&scans_id=110198&peptide_id=17582&scanf=25919&charge=3&value=11/52,sp|Q15459|SF3A1_HUMAN,/core/www/modules//consensus/?run_id=110202&search_id=114132&scans_id=110198&peptide_id=17582&scanf=25919&charge=3&value=sp|Q15459|SF3A1_HUMAN,0,/core/www/modules/match_peptides/blast_html4.php?run_id=110202&search_id=114132&scans_id=110198&peptide_id=17582&scanf=25919&charge=3&value=0,K.TEDSLMPEEEFLRR.N,/core/www/modules/show_out/show_out_wrapper.php?run_id=110202&search_id=114132&scans_id=110198&peptide_id=17582&scanf=25919&charge=3&value=K.TEDSLMPEEEFLRR.N,SF3A1,4.154e+6,2.585,0.016,1.798,0.000
25924,3,"  2.711","  0.367",9/40,/core/www/modules//sdig/index.php?run_id=110202&search_id=114132&scans_id=110198&peptide_id=17588&scanf=25924&charge=3&value=9/40,sp|P11388|TOP2A_HUMAN,/core/www/modules//consensus/?run_id=110202&search_id=114132&scans_id=110198&peptide_id=17588&scanf=25924&charge=3&value=sp|P11388|TOP2A_HUMAN,5,/core/www/modules/match_peptides/blast_html4.php?run_id=110202&search_id=114132&scans_id=110198&peptide_id=17588&scanf=25924&charge=3&value=5,R.KEWLTNFMEDR.R,/core/www/modules/show_out/show_out_wrapper.php?run_id=110202&search_id=114132&scans_id=110198&peptide_id=17588&scanf=25924&charge=3&value=R.KEWLTNFMEDR.R,TOP2A,1.237e+7,2.550,0.018,1.746,0.000
25929,2,"  3.888","  0.388",14/24,/core/www/modules//sdig/index.php?run_id=110202&search_id=114132&scans_id=110198&peptide_id=17593&scanf=25929&charge=2&value=14/24,sp|Q99615|DNJC7_HUMAN,/core/www/modules//consensus/?run_id=110202&search_id=114132&scans_id=110198&peptide_id=17593&scanf=25929&charge=2&value=sp|Q99615|DNJC7_HUMAN,13,/core/www/modules/match_peptides/blast_html4.php?run_id=110202&search_id=114132&scans_id=110198&peptide_id=17593&scanf=25929&charge=2&value=13,R.YPEAQSVASDILR.M,/core/www/modules/show_out/show_out_wrapper.php?run_id=110202&search_id=114132&scans_id=110198&peptide_id=17593&scanf=25929&charge=2&value=R.YPEAQSVASDILR.M,DNAJC7,1.323e+6,2.757,0.009,2.050,0.000
25932,2,"  1.867","  0.343",9/28,/core/www/modules//sdig/index.php?run_id=110202&search_id=114132&scans_id=110198&peptide_id=17597&scanf=25932&charge=2&value=9/28,sp|Q9UBU9|NXF1_HUMAN,/core/www/modules//consensus/?run_id=110202&search_id=114132&scans_id=110198&peptide_id=17597&scanf=25932&charge=2&value=sp|Q9UBU9|NXF1_HUMAN,3,/core/www/modules/match_peptides/blast_html4.php?run_id=110202&search_id=114132&scans_id=110198&peptide_id=17597&scanf=25932&charge=2&value=3,R.AQFFVEDASTASALK.A,/core/www/modules/show_out/show_out_wrapper.php?run_id=110202&search_id=114132&scans_id=110198&peptide_id=17597&scanf=25932&charge=2&value=R.AQFFVEDASTASALK.A,NXF1,1.020e+7,2.137,0.069,1.158,0.002
25933,2,"  2.024","  0.349",11/22,/core/www/modules//sdig/index.php?run_id=110202&search_id=114132&scans_id=110198&peptide_id=17598&scanf=25933&charge=2&value=11/22,sp|P20337|RAB3B_HUMAN,/core/www/modules//consensus/?run_id=110202&search_id=114132&scans_id=110198&peptide_id=17598&scanf=25933&charge=2&value=sp|P20337|RAB3B_HUMAN,0,/core/www/modules/match_peptides/blast_html4.php?run_id=110202&search_id=114132&scans_id=110198&peptide_id=17598&scanf=25933&charge=2&value=0,K.DASDQNFDYMFK.L,/core/www/modules/show_out/show_out_wrapper.php?run_id=110202&search_id=114132&scans_id=110198&peptide_id=17598&scanf=25933&charge=2&value=K.DASDQNFDYMFK.L,RAB3B,1.573e+6,2.513,0.020,1.693,0.000
25936,2,"  1.680","  0.203",7/12,/core/www/modules//sdig/index.php?run_id=110202&search_id=114132&scans_id=110198&peptide_id=17600&scanf=25936&charge=2&value=7/12,sp|Q6P2Q9|PRP8_HUMAN,/core/www/modules//consensus/?run_id=110202&search_id=114132&scans_id=110198&peptide_id=17600&scanf=25936&charge=2&value=sp|Q6P2Q9|PRP8_HUMAN,0,/core/www/modules/match_peptides/blast_html4.php?run_id=110202&search_id=114132&scans_id=110198&peptide_id=17600&scanf=25936&charge=2&value=0,R.AVFWDIK.N,/core/www/modules/show_out/show_out_wrapper.php?run_id=110202&search_id=114132&scans_id=110198&peptide_id=17600&scanf=25936&charge=2&value=R.AVFWDIK.N,PRPF8,1.015e+7,2.604,0.015,1.826,0.000
25942,2,"  2.062","  0.315",7/16,/core/www/modules//sdig/index.php?run_id=110202&search_id=114132&scans_id=110198&peptide_id=17607&scanf=25942&charge=2&value=7/16,sp|Q96GQ7|DDX27_HUMAN,/core/www/modules//consensus/?run_id=110202&search_id=114132&scans_id=110198&peptide_id=17607&scanf=25942&charge=2&value=sp|Q96GQ7|DDX27_HUMAN,1,/core/www/modules/match_peptides/blast_html4.php?run_id=110202&search_id=114132&scans_id=110198&peptide_id=17607&scanf=25942&charge=2&value=1,R.ILPQDVILK.F,/core/www/modules/show_out/show_out_wrapper.php?run_id=110202&search_id=114132&scans_id=110198&peptide_id=17607&scanf=25942&charge=2&value=R.ILPQDVILK.F,DDX27,2.556e+7,2.466,0.024,1.625,0.001
25944,2,"  4.787","  0.608",17/28,/core/www/modules//sdig/index.php?run_id=110202&search_id=114132&scans_id=110198&peptide_id=17609&scanf=25944&charge=2&value=17/28,sp|P78527|PRKDC_HUMAN,/core/www/modules//consensus/?run_id=110202&search_id=114132&scans_id=110198&peptide_id=17609&scanf=25944&charge=2&value=sp|P78527|PRKDC_HUMAN,1,/core/www/modules/match_peptides/blast_html4.php?run_id=110202&search_id=114132&scans_id=110198&peptide_id=17609&scanf=25944&charge=2&value=1,R.M*EVQEQEEDISSLIR.S,/core/www/modules/show_out/show_out_wrapper.php?run_id=110202&search_id=114132&scans_id=110198&peptide_id=17609&scanf=25944&charge=2&value=R.M*EVQEQEEDISSLIR.S,PRKDC,1.623e+6,4.395,0.000,4.475,0.000
25947,3,"  2.734","  0.375",11/44,/core/www/modules//sdig/index.php?run_id=110202&search_id=114132&scans_id=110198&peptide_id=17612&scanf=25947&charge=3&value=11/44,sp|Q8WXX5|DNJC9_HUMAN,/core/www/modules//consensus/?run_id=110202&search_id=114132&scans_id=110198&peptide_id=17612&scanf=25947&charge=3&value=sp|Q8WXX5|DNJC9_HUMAN,0,/core/www/modules/match_peptides/blast_html4.php?run_id=110202&search_id=114132&scans_id=110198&peptide_id=17612&scanf=25947&charge=3&value=0,K.KISLEDIQAFEK.T,/core/www/modules/show_out/show_out_wrapper.php?run_id=110202&search_id=114132&scans_id=110198&peptide_id=17612&scanf=25947&charge=3&value=K.KISLEDIQAFEK.T,DNAJC9,2.594e+6,2.386,0.031,1.510,0.001
25949,2,"  2.562","  0.473",14/24,/core/www/modules//sdig/index.php?run_id=110202&search_id=114132&scans_id=110198&peptide_id=17614&scanf=25949&charge=2&value=14/24,sp|Q6KC79|NIPBL_HUMAN,/core/www/modules//consensus/?run_id=110202&search_id=114132&scans_id=110198&peptide_id=17614&scanf=25949&charge=2&value=sp|Q6KC79|NIPBL_HUMAN,1,/core/www/modules/match_peptides/blast_html4.php?run_id=110202&search_id=114132&scans_id=110198&peptide_id=17614&scanf=25949&charge=2&value=1,R.VASLDYLGTVAAR.L,/core/www/modules/show_out/show_out_wrapper.php?run_id=110202&search_id=114132&scans_id=110198&peptide_id=17614&scanf=25949&charge=2&value=R.VASLDYLGTVAAR.L,NIPBL,5.383e+6,3.078,0.003,2.523,0.000
25953,2,"  1.925","  0.537",8/14,/core/www/modules//sdig/index.php?run_id=110202&search_id=114132&scans_id=110198&peptide_id=17619&scanf=25953&charge=2&value=8/14,sp|Q8WVM0|TFB1M_HUMAN,/core/www/modules//consensus/?run_id=110202&search_id=114132&scans_id=110198&peptide_id=17619&scanf=25953&charge=2&value=sp|Q8WVM0|TFB1M_HUMAN,0,/core/www/modules/match_peptides/blast_html4.php?run_id=110202&search_id=114132&scans_id=110198&peptide_id=17619&scanf=25953&charge=2&value=0,R.LPPLPTIR.E,/core/www/modules/show_out/show_out_wrapper.php?run_id=110202&search_id=114132&scans_id=110198&peptide_id=17619&scanf=25953&charge=2&value=R.LPPLPTIR.E,TFB1M,2.712e+6,3.345,0.001,2.918,0.000
25958,3,"  2.721","  0.356",15/72,/core/www/modules//sdig/index.php?run_id=110202&search_id=114132&scans_id=110198&peptide_id=17623&scanf=25958&charge=3&value=15/72,sp|P52907|CAZA1_HUMAN,/core/www/modules//consensus/?run_id=110202&search_id=114132&scans_id=110198&peptide_id=17623&scanf=25958&charge=3&value=sp|P52907|CAZA1_HUMAN,0,/core/www/modules/match_peptides/blast_html4.php?run_id=110202&search_id=114132&scans_id=110198&peptide_id=17623&scanf=25958&charge=3&value=0,R.EGAAHAFAQYNMDQFTPVK.I,/core/www/modules/show_out/show_out_wrapper.php?run_id=110202&search_id=114132&scans_id=110198&peptide_id=17623&scanf=25958&charge=3&value=R.EGAAHAFAQYNMDQFTPVK.I,CAPZA1,7.278e+6,2.361,0.034,1.473,0.001
25959,2,"  4.061","  0.674",16/28,/core/www/modules//sdig/index.php?run_id=110202&search_id=114132&scans_id=110198&peptide_id=17624&scanf=25959&charge=2&value=16/28,sp|P26640|SYVC_HUMAN,/core/www/modules//consensus/?run_id=110202&search_id=114132&scans_id=110198&peptide_id=17624&scanf=25959&charge=2&value=sp|P26640|SYVC_HUMAN,5,/core/www/modules/match_peptides/blast_html4.php?run_id=110202&search_id=114132&scans_id=110198&peptide_id=17624&scanf=25959&charge=2&value=5,R.SSAQDPQAVLGALGR.A,/core/www/modules/show_out/show_out_wrapper.php?run_id=110202&search_id=114132&scans_id=110198&peptide_id=17624&scanf=25959&charge=2&value=R.SSAQDPQAVLGALGR.A,VARS1,7.092e+6,3.720,0.000,3.474,0.000
25963,3,"  2.981","  0.442",11/52,/core/www/modules//sdig/index.php?run_id=110202&search_id=114132&scans_id=110198&peptide_id=17629&scanf=25963&charge=3&value=11/52,sp|Q15459|SF3A1_HUMAN,/core/www/modules//consensus/?run_id=110202&search_id=114132&scans_id=110198&peptide_id=17629&scanf=25963&charge=3&value=sp|Q15459|SF3A1_HUMAN,0,/core/www/modules/match_peptides/blast_html4.php?run_id=110202&search_id=114132&scans_id=110198&peptide_id=17629&scanf=25963&charge=3&value=0,K.TEDSLMPEEEFLRR.N,/core/www/modules/show_out/show_out_wrapper.php?run_id=110202&search_id=114132&scans_id=110198&peptide_id=17629&scanf=25963&charge=3&value=K.TEDSLMPEEEFLRR.N,SF3A1,4.154e+6,2.617,0.014,1.845,0.000
25972,2,"  3.621","  0.484",17/30,/core/www/modules//sdig/index.php?run_id=110202&search_id=114132&scans_id=110198&peptide_id=17639&scanf=25972&charge=2&value=17/30,sp|P62736|ACTA_HUMAN,/core/www/modules//consensus/?run_id=110202&search_id=114132&scans_id=110198&peptide_id=17639&scanf=25972&charge=2&value=sp|P62736|ACTA_HUMAN,8,/core/www/modules/match_peptides/blast_html4.php?run_id=110202&search_id=114132&scans_id=110198&peptide_id=17639&scanf=25972&charge=2&value=8,K.YPIEHGIITNWDDM*EK.I,/core/www/modules/show_out/show_out_wrapper.php?run_id=110202&search_id=114132&scans_id=110198&peptide_id=17639&scanf=25972&charge=2&value=K.YPIEHGIITNWDDM*EK.I,ACTA2,2.824e+6,3.035,0.003,2.459,0.000
25973,3,"  2.878","  0.389",12/52,/core/www/modules//sdig/index.php?run_id=110202&search_id=114132&scans_id=110198&peptide_id=17640&scanf=25973&charge=3&value=12/52,sp|Q06587|RING1_HUMAN,/core/www/modules//consensus/?run_id=110202&search_id=114132&scans_id=110198&peptide_id=17640&scanf=25973&charge=3&value=sp|Q06587|RING1_HUMAN,2,/core/www/modules/match_peptides/blast_html4.php?run_id=110202&search_id=114132&scans_id=110198&peptide_id=17640&scanf=25973&charge=3&value=2,R.SLRPDPNFDALISK.I,/core/www/modules/show_out/show_out_wrapper.php?run_id=110202&search_id=114132&scans_id=110198&peptide_id=17640&scanf=25973&charge=3&value=R.SLRPDPNFDALISK.I,RING1,8.263e+6,2.697,0.011,1.962,0.000
25978,2,"  2.202","  0.546",10/20,/core/www/modules//sdig/index.php?run_id=110202&search_id=114132&scans_id=110198&peptide_id=17644&scanf=25978&charge=2&value=10/20,sp|Q14204|DYHC1_HUMAN,/core/www/modules//consensus/?run_id=110202&search_id=114132&scans_id=110198&peptide_id=17644&scanf=25978&charge=2&value=sp|Q14204|DYHC1_HUMAN,29,/core/www/modules/match_peptides/blast_html4.php?run_id=110202&search_id=114132&scans_id=110198&peptide_id=17644&scanf=25978&charge=2&value=29,K.EFGPVVIDYGK.V,/core/www/modules/show_out/show_out_wrapper.php?run_id=110202&search_id=114132&scans_id=110198&peptide_id=17644&scanf=25978&charge=2&value=K.EFGPVVIDYGK.V,DYNC1H1,3.561e+6,3.469,0.001,3.103,0.000
25982,3,"  2.918","  0.340",11/40,/core/www/modules//sdig/index.php?run_id=110202&search_id=114132&scans_id=110198&peptide_id=17649&scanf=25982&charge=3&value=11/40,sp|Q6P2Q9|PRP8_HUMAN,/core/www/modules//consensus/?run_id=110202&search_id=114132&scans_id=110198&peptide_id=17649&scanf=25982&charge=3&value=sp|Q6P2Q9|PRP8_HUMAN,1,/core/www/modules/match_peptides/blast_html4.php?run_id=110202&search_id=114132&scans_id=110198&peptide_id=17649&scanf=25982&charge=3&value=1,R.TILQHLSEAWR.C,/core/www/modules/show_out/show_out_wrapper.php?run_id=110202&search_id=114132&scans_id=110198&peptide_id=17649&scanf=25982&charge=3&value=R.TILQHLSEAWR.C,PRPF8,4.684e+6,2.974,0.004,2.369,0.000
25985,3,"  4.127","  0.547",15/56,/core/www/modules//sdig/index.php?run_id=110202&search_id=114132&scans_id=110198&peptide_id=17652&scanf=25985&charge=3&value=15/56,sp|P06576|ATPB_HUMAN,/core/www/modules//consensus/?run_id=110202&search_id=114132&scans_id=110198&peptide_id=17652&scanf=25985&charge=3&value=sp|P06576|ATPB_HUMAN,0,/core/www/modules/match_peptides/blast_html4.php?run_id=110202&search_id=114132&scans_id=110198&peptide_id=17652&scanf=25985&charge=3&value=0,R.LVLEVAQHLGESTVR.T,/core/www/modules/show_out/show_out_wrapper.php?run_id=110202&search_id=114132&scans_id=110198&peptide_id=17652&scanf=25985&charge=3&value=R.LVLEVAQHLGESTVR.T,ATP5F1B,1.936e+7,3.354,0.001,2.932,0.000
25986,2,"  1.917","  0.270",7/20,/core/www/modules//sdig/index.php?run_id=110202&search_id=114132&scans_id=110198&peptide_id=17653&scanf=25986&charge=2&value=7/20,sp|P78527|PRKDC_HUMAN,/core/www/modules//consensus/?run_id=110202&search_id=114132&scans_id=110198&peptide_id=17653&scanf=25986&charge=2&value=sp|P78527|PRKDC_HUMAN,0,/core/www/modules/match_peptides/blast_html4.php?run_id=110202&search_id=114132&scans_id=110198&peptide_id=17653&scanf=25986&charge=2&value=0,R.AYVPALQM*AFK.L,/core/www/modules/show_out/show_out_wrapper.php?run_id=110202&search_id=114132&scans_id=110198&peptide_id=17653&scanf=25986&charge=2&value=R.AYVPALQM*AFK.L,PRKDC,3.703e+6,2.904,0.005,2.266,0.000
25988,2,"  2.457","  0.532",9/22,/core/www/modules//sdig/index.php?run_id=110202&search_id=114132&scans_id=110198&peptide_id=17655&scanf=25988&charge=2&value=9/22,sp|Q16851|UGPA_HUMAN,/core/www/modules//consensus/?run_id=110202&search_id=114132&scans_id=110198&peptide_id=17655&scanf=25988&charge=2&value=sp|Q16851|UGPA_HUMAN,3,/core/www/modules/match_peptides/blast_html4.php?run_id=110202&search_id=114132&scans_id=110198&peptide_id=17655&scanf=25988&charge=2&value=3,K.SFENSLGINVPR.S,/core/www/modules/show_out/show_out_wrapper.php?run_id=110202&search_id=114132&scans_id=110198&peptide_id=17655&scanf=25988&charge=2&value=K.SFENSLGINVPR.S,UGP2,1.890e+6,2.787,0.008,2.095,0.000
25990,2,"  2.934","  0.472",11/16,/core/www/modules//sdig/index.php?run_id=110202&search_id=114132&scans_id=110198&peptide_id=17658&scanf=25990&charge=2&value=11/16,sp|P08048|ZFY_HUMAN,/core/www/modules//consensus/?run_id=110202&search_id=114132&scans_id=110198&peptide_id=17658&scanf=25990&charge=2&value=sp|P08048|ZFY_HUMAN,2,/core/www/modules/match_peptides/blast_html4.php?run_id=110202&search_id=114132&scans_id=110198&peptide_id=17658&scanf=25990&charge=2&value=2,K.IADPFVLSR.H,/core/www/modules/show_out/show_out_wrapper.php?run_id=110202&search_id=114132&scans_id=110198&peptide_id=17658&scanf=25990&charge=2&value=K.IADPFVLSR.H,ZFY,7.671e+6,3.307,0.001,2.862,0.000
25991,2,"  5.035","  0.735",18/30,/core/www/modules//sdig/index.php?run_id=110202&search_id=114132&scans_id=110198&peptide_id=17659&scanf=25991&charge=2&value=18/30,sp|O60506|HNRPQ_HUMAN,/core/www/modules//consensus/?run_id=110202&search_id=114132&scans_id=110198&peptide_id=17659&scanf=25991&charge=2&value=sp|O60506|HNRPQ_HUMAN,2,/core/www/modules/match_peptides/blast_html4.php?run_id=110202&search_id=114132&scans_id=110198&peptide_id=17659&scanf=25991&charge=2&value=2,K.SENQEFYQDTFGQQWK.-,/core/www/modules/show_out/show_out_wrapper.php?run_id=110202&search_id=114132&scans_id=110198&peptide_id=17659&scanf=25991&charge=2&value=K.SENQEFYQDTFGQQWK.-,SYNCRIP,1.025e+7,4.048,0.000,3.961,0.000
25993,2,"  1.909","  0.326",9/14,/core/www/modules//sdig/index.php?run_id=110202&search_id=114132&scans_id=110198&peptide_id=17661&scanf=25993&charge=2&value=9/14,sp|P38159|RBMX_HUMAN,/core/www/modules//consensus/?run_id=110202&search_id=114132&scans_id=110198&peptide_id=17661&scanf=25993&charge=2&value=sp|P38159|RBMX_HUMAN,4,/core/www/modules/match_peptides/blast_html4.php?run_id=110202&search_id=114132&scans_id=110198&peptide_id=17661&scanf=25993&charge=2&value=4,R.IVEVLLM*K.D,/core/www/modules/show_out/show_out_wrapper.php?run_id=110202&search_id=114132&scans_id=110198&peptide_id=17661&scanf=25993&charge=2&value=R.IVEVLLM*K.D,RBMX,1.710e+6,2.977,0.004,2.375,0.000
25994,2,"  1.564","  0.273",8/14,/core/www/modules//sdig/index.php?run_id=110202&search_id=114132&scans_id=110198&peptide_id=17662&scanf=25994&charge=2&value=8/14,sp|P19338|NUCL_HUMAN,/core/www/modules//consensus/?run_id=110202&search_id=114132&scans_id=110198&peptide_id=17662&scanf=25994&charge=2&value=sp|P19338|NUCL_HUMAN,8,/core/www/modules/match_peptides/blast_html4.php?run_id=110202&search_id=114132&scans_id=110198&peptide_id=17662&scanf=25994&charge=2&value=8,K.GIAYIEFK.T,/core/www/modules/show_out/show_out_wrapper.php?run_id=110202&search_id=114132&scans_id=110198&peptide_id=17662&scanf=25994&charge=2&value=K.GIAYIEFK.T,NCL,1.531e+7,2.550,0.018,1.747,0.000
25996,3,"  4.302","  0.430",14/72,/core/www/modules//sdig/index.php?run_id=110202&search_id=114132&scans_id=110198&peptide_id=17664&scanf=25996&charge=3&value=14/72,sp|Q9BUJ2|HNRL1_HUMAN,/core/www/modules//consensus/?run_id=110202&search_id=114132&scans_id=110198&peptide_id=17664&scanf=25996&charge=3&value=sp|Q9BUJ2|HNRL1_HUMAN,7,/core/www/modules/match_peptides/blast_html4.php?run_id=110202&search_id=114132&scans_id=110198&peptide_id=17664&scanf=25996&charge=3&value=7,K.QGAPTSFLPPEASQLKPDR.Q,/core/www/modules/show_out/show_out_wrapper.php?run_id=110202&search_id=114132&scans_id=110198&peptide_id=17664&scanf=25996&charge=3&value=K.QGAPTSFLPPEASQLKPDR.Q,HNRNPUL1,4.102e+7,2.739,0.009,2.024,0.000
25998,2,"  2.064","  0.185",8/18,/core/www/modules//sdig/index.php?run_id=110202&search_id=114132&scans_id=110198&peptide_id=17665&scanf=25998&charge=2&value=8/18,sp|P51531|SMCA2_HUMAN,/core/www/modules//consensus/?run_id=110202&search_id=114132&scans_id=110198&peptide_id=17665&scanf=25998&charge=2&value=sp|P51531|SMCA2_HUMAN,23,/core/www/modules/match_peptides/blast_html4.php?run_id=110202&search_id=114132&scans_id=110198&peptide_id=17665&scanf=25998&charge=2&value=23,K.TLMNTIM*QLR.K,/core/www/modules/show_out/show_out_wrapper.php?run_id=110202&search_id=114132&scans_id=110198&peptide_id=17665&scanf=25998&charge=2&value=K.TLMNTIM*QLR.K,SMARCA2,7.416e+6,2.219,0.054,1.272,0.002
25999,3,"  3.238","  0.337",13/56,/core/www/modules//sdig/index.php?run_id=110202&search_id=114132&scans_id=110198&peptide_id=17666&scanf=25999&charge=3&value=13/56,sp|Q13151|ROA0_HUMAN,/core/www/modules//consensus/?run_id=110202&search_id=114132&scans_id=110198&peptide_id=17666&scanf=25999&charge=3&value=sp|Q13151|ROA0_HUMAN,0,/core/www/modules/match_peptides/blast_html4.php?run_id=110202&search_id=114132&scans_id=110198&peptide_id=17666&scanf=25999&charge=3&value=0,R.GFGFVYFQNHDAADK.A,/core/www/modules/show_out/show_out_wrapper.php?run_id=110202&search_id=114132&scans_id=110198&peptide_id=17666&scanf=25999&charge=3&value=R.GFGFVYFQNHDAADK.A,HNRNPA0,3.869e+7,2.565,0.017,1.769,0.000
26000,2,"  1.980","  0.315",8/14,/core/www/modules//sdig/index.php?run_id=110202&search_id=114132&scans_id=110198&peptide_id=17668&scanf=26000&charge=2&value=8/14,sp|Q14839|CHD4_HUMAN,/core/www/modules//consensus/?run_id=110202&search_id=114132&scans_id=110198&peptide_id=17668&scanf=26000&charge=2&value=sp|Q14839|CHD4_HUMAN,22,/core/www/modules/match_peptides/blast_html4.php?run_id=110202&search_id=114132&scans_id=110198&peptide_id=17668&scanf=26000&charge=2&value=22,K.AFLNAIMR.Y,/core/www/modules/show_out/show_out_wrapper.php?run_id=110202&search_id=114132&scans_id=110198&peptide_id=17668&scanf=26000&charge=2&value=K.AFLNAIMR.Y,CHD4,1.180e+7,2.801,0.008,2.115,0.000
26002,2,"  3.811","  0.416",14/30,/core/www/modules//sdig/index.php?run_id=110202&search_id=114132&scans_id=110198&peptide_id=17670&scanf=26002&charge=2&value=14/30,sp|P39023|RL3_HUMAN,/core/www/modules//consensus/?run_id=110202&search_id=114132&scans_id=110198&peptide_id=17670&scanf=26002&charge=2&value=sp|P39023|RL3_HUMAN,3,/core/www/modules/match_peptides/blast_html4.php?run_id=110202&search_id=114132&scans_id=110198&peptide_id=17670&scanf=26002&charge=2&value=3,K.DDPSKPVHLTAFLGYK.A,/core/www/modules/show_out/show_out_wrapper.php?run_id=110202&search_id=114132&scans_id=110198&peptide_id=17670&scanf=26002&charge=2&value=K.DDPSKPVHLTAFLGYK.A,RPL3,4.956e+6,2.650,0.013,1.893,0.000
26004,2,"  3.127","  0.580",14/22,/core/www/modules//sdig/index.php?run_id=110202&search_id=114132&scans_id=110198&peptide_id=17672&scanf=26004&charge=2&value=14/22,sp|Q13885|TBB2A_HUMAN,/core/www/modules//consensus/?run_id=110202&search_id=114132&scans_id=110198&peptide_id=17672&scanf=26004&charge=2&value=sp|Q13885|TBB2A_HUMAN,4,/core/www/modules/match_peptides/blast_html4.php?run_id=110202&search_id=114132&scans_id=110198&peptide_id=17672&scanf=26004&charge=2&value=4,R.IMNTFSVMPSPK.V,/core/www/modules/show_out/show_out_wrapper.php?run_id=110202&search_id=114132&scans_id=110198&peptide_id=17672&scanf=26004&charge=2&value=R.IMNTFSVMPSPK.V,TUBB2A,6.297e+6,3.506,0.001,3.156,0.000
26006,3,"  3.660","  0.510",12/72,/core/www/modules//sdig/index.php?run_id=110202&search_id=114132&scans_id=110198&peptide_id=17674&scanf=26006&charge=3&value=12/72,sp|Q13283|G3BP1_HUMAN,/core/www/modules//consensus/?run_id=110202&search_id=114132&scans_id=110198&peptide_id=17674&scanf=26006&charge=3&value=sp|Q13283|G3BP1_HUMAN,8,/core/www/modules/match_peptides/blast_html4.php?run_id=110202&search_id=114132&scans_id=110198&peptide_id=17674&scanf=26006&charge=3&value=8,K.NLPPSGAVPVTGIPPHVVK.V,/core/www/modules/show_out/show_out_wrapper.php?run_id=110202&search_id=114132&scans_id=110198&peptide_id=17674&scanf=26006&charge=3&value=K.NLPPSGAVPVTGIPPHVVK.V,G3BP1,6.989e+6,2.907,0.005,2.271,0.000
26007,2,"  3.359","  0.393",15/26,/core/www/modules//sdig/index.php?run_id=110202&search_id=114132&scans_id=110198&peptide_id=17675&scanf=26007&charge=2&value=15/26,sp|Q9BWS9|CHID1_HUMAN,/core/www/modules//consensus/?run_id=110202&search_id=114132&scans_id=110198&peptide_id=17675&scanf=26007&charge=2&value=sp|Q9BWS9|CHID1_HUMAN,0,/core/www/modules/match_peptides/blast_html4.php?run_id=110202&search_id=114132&scans_id=110198&peptide_id=17675&scanf=26007&charge=2&value=0,R.NVLDSEDEIEELSK.T,/core/www/modules/show_out/show_out_wrapper.php?run_id=110202&search_id=114132&scans_id=110198&peptide_id=17675&scanf=26007&charge=2&value=R.NVLDSEDEIEELSK.T,CHID1,5.030e+6,2.791,0.008,2.100,0.000
26012,3,"  3.505","  0.406",12/60,/core/www/modules//sdig/index.php?run_id=110202&search_id=114132&scans_id=110198&peptide_id=17681&scanf=26012&charge=3&value=12/60,sp|Q9Y4B6|DCAF1_HUMAN,/core/www/modules//consensus/?run_id=110202&search_id=114132&scans_id=110198&peptide_id=17681&scanf=26012&charge=3&value=sp|Q9Y4B6|DCAF1_HUMAN,0,/core/www/modules/match_peptides/blast_html4.php?run_id=110202&search_id=114132&scans_id=110198&peptide_id=17681&scanf=26012&charge=3&value=0,R.VSGKPLLIGTDVSLAR.L,/core/www/modules/show_out/show_out_wrapper.php?run_id=110202&search_id=114132&scans_id=110198&peptide_id=17681&scanf=26012&charge=3&value=R.VSGKPLLIGTDVSLAR.L,DCAF1,1.872e+6,2.646,0.013,1.887,0.000
26013,2,"  2.055","  0.362",8/14,/core/www/modules//sdig/index.php?run_id=110202&search_id=114132&scans_id=110198&peptide_id=17682&scanf=26013&charge=2&value=8/14,sp|Q15907|RB11B_HUMAN,/core/www/modules//consensus/?run_id=110202&search_id=114132&scans_id=110198&peptide_id=17682&scanf=26013&charge=2&value=sp|Q15907|RB11B_HUMAN,0,/core/www/modules/match_peptides/blast_html4.php?run_id=110202&search_id=114132&scans_id=110198&peptide_id=17682&scanf=26013&charge=2&value=0,K.NILTEIYR.I,/core/www/modules/show_out/show_out_wrapper.php?run_id=110202&search_id=114132&scans_id=110198&peptide_id=17682&scanf=26013&charge=2&value=K.NILTEIYR.I,RAB11B,9.359e+7,2.803,0.008,2.118,0.000
26017,2,"  2.046","  0.272",12/26,/core/www/modules//sdig/index.php?run_id=110202&search_id=114132&scans_id=110198&peptide_id=17686&scanf=26017&charge=2&value=12/26,sp|P62910|RL32_HUMAN,/core/www/modules//consensus/?run_id=110202&search_id=114132&scans_id=110198&peptide_id=17686&scanf=26017&charge=2&value=sp|P62910|RL32_HUMAN,2,/core/www/modules/match_peptides/blast_html4.php?run_id=110202&search_id=114132&scans_id=110198&peptide_id=17686&scanf=26017&charge=2&value=2,K.GQILMPNIGYGSNK.K,/core/www/modules/show_out/show_out_wrapper.php?run_id=110202&search_id=114132&scans_id=110198&peptide_id=17686&scanf=26017&charge=2&value=K.GQILMPNIGYGSNK.K,RPL32,2.877e+7,2.168,0.063,1.201,0.002
26019,3,"  3.145","  0.602",13/60,/core/www/modules//sdig/index.php?run_id=110202&search_id=114132&scans_id=110198&peptide_id=17687&scanf=26019&charge=3&value=13/60,sp|P62736|ACTA_HUMAN,/core/www/modules//consensus/?run_id=110202&search_id=114132&scans_id=110198&peptide_id=17687&scanf=26019&charge=3&value=sp|P62736|ACTA_HUMAN,8,/core/www/modules/match_peptides/blast_html4.php?run_id=110202&search_id=114132&scans_id=110198&peptide_id=17687&scanf=26019&charge=3&value=8,K.YPIEHGIITNWDDMEK.I,/core/www/modules/show_out/show_out_wrapper.php?run_id=110202&search_id=114132&scans_id=110198&peptide_id=17687&scanf=26019&charge=3&value=K.YPIEHGIITNWDDMEK.I,ACTA2,1.790e+9,3.311,0.001,2.868,0.000
26020,2,"  1.271","  0.146",7/14,/core/www/modules//sdig/index.php?run_id=110202&search_id=114132&scans_id=110198&peptide_id=17689&scanf=26020&charge=2&value=7/14,sp|P60709|ACTB_HUMAN,/core/www/modules//consensus/?run_id=110202&search_id=114132&scans_id=110198&peptide_id=17689&scanf=26020&charge=2&value=sp|P60709|ACTB_HUMAN,16,/core/www/modules/match_peptides/blast_html4.php?run_id=110202&search_id=114132&scans_id=110198&peptide_id=17689&scanf=26020&charge=2&value=16,R.DLTDYLMK.I,/core/www/modules/show_out/show_out_wrapper.php?run_id=110202&search_id=114132&scans_id=110198&peptide_id=17689&scanf=26020&charge=2&value=R.DLTDYLMK.I,ACTB,1.982e+7,2.520,0.020,1.704,0.000
26021,3,"  3.043","  0.408",12/68,/core/www/modules//sdig/index.php?run_id=110202&search_id=114132&scans_id=110198&peptide_id=17690&scanf=26021&charge=3&value=12/68,sp|Q4G0J3|LARP7_HUMAN,/core/www/modules//consensus/?run_id=110202&search_id=114132&scans_id=110198&peptide_id=17690&scanf=26021&charge=3&value=sp|Q4G0J3|LARP7_HUMAN,7,/core/www/modules/match_peptides/blast_html4.php?run_id=110202&search_id=114132&scans_id=110198&peptide_id=17690&scanf=26021&charge=3&value=7,K.TPEDAQAVINAYTEINKK.H,/core/www/modules/show_out/show_out_wrapper.php?run_id=110202&search_id=114132&scans_id=110198&peptide_id=17690&scanf=26021&charge=3&value=K.TPEDAQAVINAYTEINKK.H,LARP7,3.543e+6,2.246,0.049,1.310,0.002
26025,2,"  6.046","  0.800",23/36,/core/www/modules//sdig/index.php?run_id=110202&search_id=114132&scans_id=110198&peptide_id=17694&scanf=26025&charge=2&value=23/36,sp|P08670|VIME_HUMAN,/core/www/modules//consensus/?run_id=110202&search_id=114132&scans_id=110198&peptide_id=17694&scanf=26025&charge=2&value=sp|P08670|VIME_HUMAN,2,/core/www/modules/match_peptides/blast_html4.php?run_id=110202&search_id=114132&scans_id=110198&peptide_id=17694&scanf=26025&charge=2&value=2,R.EM*EENFAVEAANYQDTIGR.L,/core/www/modules/show_out/show_out_wrapper.php?run_id=110202&search_id=114132&scans_id=110198&peptide_id=17694&scanf=26025&charge=2&value=R.EM*EENFAVEAANYQDTIGR.L,VIM,1.227e+6,4.669,0.000,4.881,0.000
26030,2,"  3.107","  0.573",15/28,/core/www/modules//sdig/index.php?run_id=110202&search_id=114132&scans_id=110198&peptide_id=17700&scanf=26030&charge=2&value=15/28,sp|P07814|SYEP_HUMAN,/core/www/modules//consensus/?run_id=110202&search_id=114132&scans_id=110198&peptide_id=17700&scanf=26030&charge=2&value=sp|P07814|SYEP_HUMAN,1,/core/www/modules/match_peptides/blast_html4.php?run_id=110202&search_id=114132&scans_id=110198&peptide_id=17700&scanf=26030&charge=2&value=1,K.EVIPVNVPEAQEEMK.E,/core/www/modules/show_out/show_out_wrapper.php?run_id=110202&search_id=114132&scans_id=110198&peptide_id=17700&scanf=26030&charge=2&value=K.EVIPVNVPEAQEEMK.E,EPRS1,1.128e+7,3.335,0.001,2.903,0.000
26031,2,"  1.600","  0.000",8/12,/core/www/modules//sdig/index.php?run_id=110202&search_id=114132&scans_id=110198&peptide_id=17701&scanf=26031&charge=2&value=8/12,sp|P09651|ROA1_HUMAN,/core/www/modules//consensus/?run_id=110202&search_id=114132&scans_id=110198&peptide_id=17701&scanf=26031&charge=2&value=sp|P09651|ROA1_HUMAN,0,/core/www/modules/match_peptides/blast_html4.php?run_id=110202&search_id=114132&scans_id=110198&peptide_id=17701&scanf=26031&charge=2&value=0,K.IFVGGIK.E,/core/www/modules/show_out/show_out_wrapper.php?run_id=110202&search_id=114132&scans_id=110198&peptide_id=17701&scanf=26031&charge=2&value=K.IFVGGIK.E,HNRNPA1,1.885e+6,2.478,0.023,1.643,0.001
26032,2,"  2.205","  0.501",9/20,/core/www/modules//sdig/index.php?run_id=110202&search_id=114132&scans_id=110198&peptide_id=17702&scanf=26032&charge=2&value=9/20,sp|Q13310|PABP4_HUMAN,/core/www/modules//consensus/?run_id=110202&search_id=114132&scans_id=110198&peptide_id=17702&scanf=26032&charge=2&value=sp|Q13310|PABP4_HUMAN,3,/core/www/modules/match_peptides/blast_html4.php?run_id=110202&search_id=114132&scans_id=110198&peptide_id=17702&scanf=26032&charge=2&value=3,K.FSPAGPVLSIR.V,/core/www/modules/show_out/show_out_wrapper.php?run_id=110202&search_id=114132&scans_id=110198&peptide_id=17702&scanf=26032&charge=2&value=K.FSPAGPVLSIR.V,PABPC4,9.046e+6,2.953,0.005,2.339,0.000
26040,2,"  2.099","  0.220",9/12,/core/www/modules//sdig/index.php?run_id=110202&search_id=114132&scans_id=110198&peptide_id=17710&scanf=26040&charge=2&value=9/12,sp|P62241|RS8_HUMAN,/core/www/modules//consensus/?run_id=110202&search_id=114132&scans_id=110198&peptide_id=17710&scanf=26040&charge=2&value=sp|P62241|RS8_HUMAN,1,/core/www/modules/match_peptides/blast_html4.php?run_id=110202&search_id=114132&scans_id=110198&peptide_id=17710&scanf=26040&charge=2&value=1,K.ELEFYLR.K,/core/www/modules/show_out/show_out_wrapper.php?run_id=110202&search_id=114132&scans_id=110198&peptide_id=17710&scanf=26040&charge=2&value=K.ELEFYLR.K,RPS8,4.807e+7,2.604,0.015,1.826,0.000
26044,2,"  3.188","  0.509",13/22,/core/www/modules//sdig/index.php?run_id=110202&search_id=114132&scans_id=110198&peptide_id=17714&scanf=26044&charge=2&value=13/22,sp|Q9BQ39|DDX50_HUMAN,/core/www/modules//consensus/?run_id=110202&search_id=114132&scans_id=110198&peptide_id=17714&scanf=26044&charge=2&value=sp|Q9BQ39|DDX50_HUMAN,5,/core/www/modules/match_peptides/blast_html4.php?run_id=110202&search_id=114132&scans_id=110198&peptide_id=17714&scanf=26044&charge=2&value=5,R.NGIDILVGTPGR.I,/core/www/modules/show_out/show_out_wrapper.php?run_id=110202&search_id=114132&scans_id=110198&peptide_id=17714&scanf=26044&charge=2&value=R.NGIDILVGTPGR.I,DDX50,2.986e+7,3.242,0.002,2.767,0.000
26050,2,"  4.645","  0.725",18/32,/core/www/modules//sdig/index.php?run_id=110202&search_id=114132&scans_id=110198&peptide_id=17721&scanf=26050&charge=2&value=18/32,sp|P17844|DDX5_HUMAN,/core/www/modules//consensus/?run_id=110202&search_id=114132&scans_id=110198&peptide_id=17721&scanf=26050&charge=2&value=sp|P17844|DDX5_HUMAN,2,/core/www/modules/match_peptides/blast_html4.php?run_id=110202&search_id=114132&scans_id=110198&peptide_id=17721&scanf=26050&charge=2&value=2,K.FVINYDYPNSSEDYIHR.I,/core/www/modules/show_out/show_out_wrapper.php?run_id=110202&search_id=114132&scans_id=110198&peptide_id=17721&scanf=26050&charge=2&value=K.FVINYDYPNSSEDYIHR.I,DDX5,3.117e+6,3.896,0.000,3.735,0.000
26055,2,"  2.864","  0.570",10/20,/core/www/modules//sdig/index.php?run_id=110202&search_id=114132&scans_id=110198&peptide_id=17726&scanf=26055&charge=2&value=10/20,sp|Q96GQ7|DDX27_HUMAN,/core/www/modules//consensus/?run_id=110202&search_id=114132&scans_id=110198&peptide_id=17726&scanf=26055&charge=2&value=sp|Q96GQ7|DDX27_HUMAN,2,/core/www/modules/match_peptides/blast_html4.php?run_id=110202&search_id=114132&scans_id=110198&peptide_id=17726&scanf=26055&charge=2&value=2,R.MLDEYFEEQMK.E,/core/www/modules/show_out/show_out_wrapper.php?run_id=110202&search_id=114132&scans_id=110198&peptide_id=17726&scanf=26055&charge=2&value=R.MLDEYFEEQMK.E,DDX27,1.608e+7,3.361,0.001,2.942,0.000
26056,2,"  2.809","  0.590",10/30,/core/www/modules//sdig/index.php?run_id=110202&search_id=114132&scans_id=110198&peptide_id=17727&scanf=26056&charge=2&value=10/30,sp|Q9UQE7|SMC3_HUMAN,/core/www/modules//consensus/?run_id=110202&search_id=114132&scans_id=110198&peptide_id=17727&scanf=26056&charge=2&value=sp|Q9UQE7|SMC3_HUMAN,0,/core/www/modules/match_peptides/blast_html4.php?run_id=110202&search_id=114132&scans_id=110198&peptide_id=17727&scanf=26056&charge=2&value=0,R.DTAYPETNDAIPMISK.L,/core/www/modules/show_out/show_out_wrapper.php?run_id=110202&search_id=114132&scans_id=110198&peptide_id=17727&scanf=26056&charge=2&value=R.DTAYPETNDAIPMISK.L,SMC3,7.875e+6,3.168,0.002,2.657,0.000
26057,2,"  3.256","  0.422",8/24,/core/www/modules//sdig/index.php?run_id=110202&search_id=114132&scans_id=110198&peptide_id=17728&scanf=26057&charge=2&value=8/24,sp|P26373|RL13_HUMAN,/core/www/modules//consensus/?run_id=110202&search_id=114132&scans_id=110198&peptide_id=17728&scanf=26057&charge=2&value=sp|P26373|RL13_HUMAN,0,/core/www/modules/match_peptides/blast_html4.php?run_id=110202&search_id=114132&scans_id=110198&peptide_id=17728&scanf=26057&charge=2&value=0,K.LATQLTGPVMPVR.N,/core/www/modules/show_out/show_out_wrapper.php?run_id=110202&search_id=114132&scans_id=110198&peptide_id=17728&scanf=26057&charge=2&value=K.LATQLTGPVMPVR.N,RPL13,6.294e+7,2.531,0.019,1.719,0.000
26059,3,"  2.048","  0.377",8/68,/core/www/modules//sdig/index.php?run_id=110202&search_id=114132&scans_id=110198&peptide_id=17730&scanf=26059&charge=3&value=8/68,sp|Q8NE71|ABCF1_HUMAN,/core/www/modules//consensus/?run_id=110202&search_id=114132&scans_id=110198&peptide_id=17730&scanf=26059&charge=3&value=sp|Q8NE71|ABCF1_HUMAN,2,/core/www/modules/match_peptides/blast_html4.php?run_id=110202&search_id=114132&scans_id=110198&peptide_id=17730&scanf=26059&charge=3&value=2,R.ILAGLGFDPEMQNRPTQK.F,/core/www/modules/show_out/show_out_wrapper.php?run_id=110202&search_id=114132&scans_id=110198&peptide_id=17730&scanf=26059&charge=3&value=R.ILAGLGFDPEMQNRPTQK.F,ABCF1,9.734e+6,2.225,0.052,1.280,0.002
26061,3,"  4.488","  0.603",16/56,/core/www/modules//sdig/index.php?run_id=110202&search_id=114132&scans_id=110198&peptide_id=17732&scanf=26061&charge=3&value=16/56,sp|P06576|ATPB_HUMAN,/core/www/modules//consensus/?run_id=110202&search_id=114132&scans_id=110198&peptide_id=17732&scanf=26061&charge=3&value=sp|P06576|ATPB_HUMAN,0,/core/www/modules/match_peptides/blast_html4.php?run_id=110202&search_id=114132&scans_id=110198&peptide_id=17732&scanf=26061&charge=3&value=0,R.LVLEVAQHLGESTVR.T,/core/www/modules/show_out/show_out_wrapper.php?run_id=110202&search_id=114132&scans_id=110198&peptide_id=17732&scanf=26061&charge=3&value=R.LVLEVAQHLGESTVR.T,ATP5F1B,1.936e+7,3.584,0.001,3.273,0.000
26062,2,"  3.242","  0.600",12/22,/core/www/modules//sdig/index.php?run_id=110202&search_id=114132&scans_id=110198&peptide_id=17733&scanf=26062&charge=2&value=12/22,sp|P62805|H4_HUMAN,/core/www/modules//consensus/?run_id=110202&search_id=114132&scans_id=110198&peptide_id=17733&scanf=26062&charge=2&value=sp|P62805|H4_HUMAN,0,/core/www/modules/match_peptides/blast_html4.php?run_id=110202&search_id=114132&scans_id=110198&peptide_id=17733&scanf=26062&charge=2&value=0,K.TVTAM*DVVYALK.R,/core/www/modules/show_out/show_out_wrapper.php?run_id=110202&search_id=114132&scans_id=110198&peptide_id=17733&scanf=26062&charge=2&value=K.TVTAM*DVVYALK.R,H4C16,5.917e+7,3.601,0.001,3.297,0.000
26063,3,"  3.447","  0.511",17/84,/core/www/modules//sdig/index.php?run_id=110202&search_id=114132&scans_id=110198&peptide_id=17734&scanf=26063&charge=3&value=17/84,sp|Q16698|DECR_HUMAN,/core/www/modules//consensus/?run_id=110202&search_id=114132&scans_id=110198&peptide_id=17734&scanf=26063&charge=3&value=sp|Q16698|DECR_HUMAN,3,/core/www/modules/match_peptides/blast_html4.php?run_id=110202&search_id=114132&scans_id=110198&peptide_id=17734&scanf=26063&charge=3&value=3,K.VAGHPNIVINNAAGNFISPTER.L,/core/www/modules/show_out/show_out_wrapper.php?run_id=110202&search_id=114132&scans_id=110198&peptide_id=17734&scanf=26063&charge=3&value=K.VAGHPNIVINNAAGNFISPTER.L,DECR1,2.819e+7,2.683,0.011,1.941,0.000
26067,3,"  2.459","  0.273",9/64,/core/www/modules//sdig/index.php?run_id=110202&search_id=114132&scans_id=110198&peptide_id=17738&scanf=26067&charge=3&value=9/64,sp|P11940|PABP1_HUMAN,/core/www/modules//consensus/?run_id=110202&search_id=114132&scans_id=110198&peptide_id=17738&scanf=26067&charge=3&value=sp|P11940|PABP1_HUMAN,16,/core/www/modules/match_peptides/blast_html4.php?run_id=110202&search_id=114132&scans_id=110198&peptide_id=17738&scanf=26067&charge=3&value=16,R.SLGYAYVNFQQPADAER.A,/core/www/modules/show_out/show_out_wrapper.php?run_id=110202&search_id=114132&scans_id=110198&peptide_id=17738&scanf=26067&charge=3&value=R.SLGYAYVNFQQPADAER.A,PABPC1,2.807e+6,2.062,0.088,1.055,0.004
26068,3,"  2.899","  0.005",13/80,/core/www/modules//sdig/index.php?run_id=110202&search_id=114132&scans_id=110198&peptide_id=17739&scanf=26068&charge=3&value=13/80,sp|P06576|ATPB_HUMAN,/core/www/modules//consensus/?run_id=110202&search_id=114132&scans_id=110198&peptide_id=17739&scanf=26068&charge=3&value=sp|P06576|ATPB_HUMAN,4,/core/www/modules/match_peptides/blast_html4.php?run_id=110202&search_id=114132&scans_id=110198&peptide_id=17739&scanf=26068&charge=3&value=4,R.IPSAVGYQPTLATDMGTM*QER.I,/core/www/modules/show_out/show_out_wrapper.php?run_id=110202&search_id=114132&scans_id=110198&peptide_id=17739&scanf=26068&charge=3&value=R.IPSAVGYQPTLATDMGTM*QER.I,ATP5F1B,2.213e+6,1.937,0.129,0.889,0.006
26071,2,"  1.806","  0.199",7/14,/core/www/modules//sdig/index.php?run_id=110202&search_id=114132&scans_id=110198&peptide_id=17743&scanf=26071&charge=2&value=7/14,sp|P43686|PRS6B_HUMAN,/core/www/modules//consensus/?run_id=110202&search_id=114132&scans_id=110198&peptide_id=17743&scanf=26071&charge=2&value=sp|P43686|PRS6B_HUMAN,0,/core/www/modules/match_peptides/blast_html4.php?run_id=110202&search_id=114132&scans_id=110198&peptide_id=17743&scanf=26071&charge=2&value=0,K.IEFPLPDR.R,/core/www/modules/show_out/show_out_wrapper.php?run_id=110202&search_id=114132&scans_id=110198&peptide_id=17743&scanf=26071&charge=2&value=K.IEFPLPDR.R,PSMC4,1.872e+6,2.217,0.054,1.269,0.002
26080,2,"  2.383","  0.370",8/16,/core/www/modules//sdig/index.php?run_id=110202&search_id=114132&scans_id=110198&peptide_id=17753&scanf=26080&charge=2&value=8/16,sp|O00231|PSD11_HUMAN,/core/www/modules//consensus/?run_id=110202&search_id=114132&scans_id=110198&peptide_id=17753&scanf=26080&charge=2&value=sp|O00231|PSD11_HUMAN,2,/core/www/modules/match_peptides/blast_html4.php?run_id=110202&search_id=114132&scans_id=110198&peptide_id=17753&scanf=26080&charge=2&value=2,R.LVSLYFDTK.R,/core/www/modules/show_out/show_out_wrapper.php?run_id=110202&search_id=114132&scans_id=110198&peptide_id=17753&scanf=26080&charge=2&value=R.LVSLYFDTK.R,PSMD11,1.503e+6,2.719,0.010,1.994,0.000
26082,3,"  4.995","  0.205",20/68,/core/www/modules//sdig/index.php?run_id=110202&search_id=114132&scans_id=110198&peptide_id=17754&scanf=26082&charge=3&value=20/68,sp|P60709|ACTB_HUMAN,/core/www/modules//consensus/?run_id=110202&search_id=114132&scans_id=110198&peptide_id=17754&scanf=26082&charge=3&value=sp|P60709|ACTB_HUMAN,14,/core/www/modules/match_peptides/blast_html4.php?run_id=110202&search_id=114132&scans_id=110198&peptide_id=17754&scanf=26082&charge=3&value=14,R.VAPEEHPVLLTEAPLNPK.A,/core/www/modules/show_out/show_out_wrapper.php?run_id=110202&search_id=114132&scans_id=110198&peptide_id=17754&scanf=26082&charge=3&value=R.VAPEEHPVLLTEAPLNPK.A,ACTB,2.485e+9,2.705,0.011,1.973,0.000
26088,2,"  3.321","  0.397",12/20,/core/www/modules//sdig/index.php?run_id=110202&search_id=114132&scans_id=110198&peptide_id=17760&scanf=26088&charge=2&value=12/20,sp|P11388|TOP2A_HUMAN,/core/www/modules//consensus/?run_id=110202&search_id=114132&scans_id=110198&peptide_id=17760&scanf=26088&charge=2&value=sp|P11388|TOP2A_HUMAN,5,/core/www/modules/match_peptides/blast_html4.php?run_id=110202&search_id=114132&scans_id=110198&peptide_id=17760&scanf=26088&charge=2&value=5,R.KEWLTNFMEDR.R,/core/www/modules/show_out/show_out_wrapper.php?run_id=110202&search_id=114132&scans_id=110198&peptide_id=17760&scanf=26088&charge=2&value=R.KEWLTNFMEDR.R,TOP2A,4.759e+6,2.810,0.007,2.127,0.000
26094,2,"  1.940","  0.172",9/16,/core/www/modules//sdig/index.php?run_id=110202&search_id=114132&scans_id=110198&peptide_id=17767&scanf=26094&charge=2&value=9/16,sp|O60264|SMCA5_HUMAN,/core/www/modules//consensus/?run_id=110202&search_id=114132&scans_id=110198&peptide_id=17767&scanf=26094&charge=2&value=sp|O60264|SMCA5_HUMAN,3,/core/www/modules/match_peptides/blast_html4.php?run_id=110202&search_id=114132&scans_id=110198&peptide_id=17767&scanf=26094&charge=2&value=3,R.VLIFSQMTR.V,/core/www/modules/show_out/show_out_wrapper.php?run_id=110202&search_id=114132&scans_id=110198&peptide_id=17767&scanf=26094&charge=2&value=R.VLIFSQMTR.V,SMARCA5,1.615e+6,2.296,0.042,1.381,0.001
26099,2,"  3.732","  0.634",11/24,/core/www/modules//sdig/index.php?run_id=110202&search_id=114132&scans_id=110198&peptide_id=17772&scanf=26099&charge=2&value=11/24,sp|Q9Y2X3|NOP58_HUMAN,/core/www/modules//consensus/?run_id=110202&search_id=114132&scans_id=110198&peptide_id=17772&scanf=26099&charge=2&value=sp|Q9Y2X3|NOP58_HUMAN,0,/core/www/modules/match_peptides/blast_html4.php?run_id=110202&search_id=114132&scans_id=110198&peptide_id=17772&scanf=26099&charge=2&value=0,R.SQMDGLIPGVEPR.E,/core/www/modules/show_out/show_out_wrapper.php?run_id=110202&search_id=114132&scans_id=110198&peptide_id=17772&scanf=26099&charge=2&value=R.SQMDGLIPGVEPR.E,NOP58,5.391e+7,3.499,0.001,3.147,0.000
26101,2,"  3.385","  0.458",12/26,/core/www/modules//sdig/index.php?run_id=110202&search_id=114132&scans_id=110198&peptide_id=17775&scanf=26101&charge=2&value=12/26,sp|O00148|DX39A_HUMAN,/core/www/modules//consensus/?run_id=110202&search_id=114132&scans_id=110198&peptide_id=17775&scanf=26101&charge=2&value=sp|O00148|DX39A_HUMAN,3,/core/www/modules/match_peptides/blast_html4.php?run_id=110202&search_id=114132&scans_id=110198&peptide_id=17775&scanf=26101&charge=2&value=3,K.GLAITFVSDENDAK.I,/core/www/modules/show_out/show_out_wrapper.php?run_id=110202&search_id=114132&scans_id=110198&peptide_id=17775&scanf=26101&charge=2&value=K.GLAITFVSDENDAK.I,DDX39A,1.876e+8,2.909,0.005,2.274,0.000
26105,2,"  2.309","  0.537",10/22,/core/www/modules//sdig/index.php?run_id=110202&search_id=114132&scans_id=110198&peptide_id=17778&scanf=26105&charge=2&value=10/22,sp|P50213|IDH3A_HUMAN,/core/www/modules//consensus/?run_id=110202&search_id=114132&scans_id=110198&peptide_id=17778&scanf=26105&charge=2&value=sp|P50213|IDH3A_HUMAN,4,/core/www/modules/match_peptides/blast_html4.php?run_id=110202&search_id=114132&scans_id=110198&peptide_id=17778&scanf=26105&charge=2&value=4,K.TPYTDVNIVTIR.E,/core/www/modules/show_out/show_out_wrapper.php?run_id=110202&search_id=114132&scans_id=110198&peptide_id=17778&scanf=26105&charge=2&value=K.TPYTDVNIVTIR.E,IDH3A,3.163e+6,3.082,0.003,2.529,0.000
26108,2,"  2.109","  0.351",7/16,/core/www/modules//sdig/index.php?run_id=110202&search_id=114132&scans_id=110198&peptide_id=17781&scanf=26108&charge=2&value=7/16,sp|Q9HCG8|CWC22_HUMAN,/core/www/modules//consensus/?run_id=110202&search_id=114132&scans_id=110198&peptide_id=17781&scanf=26108&charge=2&value=sp|Q9HCG8|CWC22_HUMAN,1,/core/www/modules/match_peptides/blast_html4.php?run_id=110202&search_id=114132&scans_id=110198&peptide_id=17781&scanf=26108&charge=2&value=1,K.TEINLVSFR.R,/core/www/modules/show_out/show_out_wrapper.php?run_id=110202&search_id=114132&scans_id=110198&peptide_id=17781&scanf=26108&charge=2&value=K.TEINLVSFR.R,CWC22,6.454e+6,2.545,0.018,1.739,0.000
26109,2,"  1.884","  0.461",9/16,/core/www/modules//sdig/index.php?run_id=110202&search_id=114132&scans_id=110198&peptide_id=17782&scanf=26109&charge=2&value=9/16,sp|P62491|RB11A_HUMAN,/core/www/modules//consensus/?run_id=110202&search_id=114132&scans_id=110198&peptide_id=17782&scanf=26109&charge=2&value=sp|P62491|RB11A_HUMAN,4,/core/www/modules/match_peptides/blast_html4.php?run_id=110202&search_id=114132&scans_id=110198&peptide_id=17782&scanf=26109&charge=2&value=4,R.DDEYDYLFK.V,/core/www/modules/show_out/show_out_wrapper.php?run_id=110202&search_id=114132&scans_id=110198&peptide_id=17782&scanf=26109&charge=2&value=R.DDEYDYLFK.V,RAB11A,3.663e+6,3.002,0.004,2.411,0.000
26110,2,"  1.445","  0.166",7/16,/core/www/modules//sdig/index.php?run_id=110202&search_id=114132&scans_id=110198&peptide_id=17783&scanf=26110&charge=2&value=7/16,sp|P30041|PRDX6_HUMAN,/core/www/modules//consensus/?run_id=110202&search_id=114132&scans_id=110198&peptide_id=17783&scanf=26110&charge=2&value=sp|P30041|PRDX6_HUMAN,0,/core/www/modules/match_peptides/blast_html4.php?run_id=110202&search_id=114132&scans_id=110198&peptide_id=17783&scanf=26110&charge=2&value=0,R.VVFVFGPDK.K,/core/www/modules/show_out/show_out_wrapper.php?run_id=110202&search_id=114132&scans_id=110198&peptide_id=17783&scanf=26110&charge=2&value=R.VVFVFGPDK.K,PRDX6,8.288e+6,1.861,0.161,0.793,0.008
26112,2,"  3.425","  0.551",12/22,/core/www/modules//sdig/index.php?run_id=110202&search_id=114132&scans_id=110198&peptide_id=17785&scanf=26112&charge=2&value=12/22,sp|O94805|ACL6B_HUMAN,/core/www/modules//consensus/?run_id=110202&search_id=114132&scans_id=110198&peptide_id=17785&scanf=26112&charge=2&value=sp|O94805|ACL6B_HUMAN,1,/core/www/modules/match_peptides/blast_html4.php?run_id=110202&search_id=114132&scans_id=110198&peptide_id=17785&scanf=26112&charge=2&value=1,R.IPEGLFDPSNVK.G,/core/www/modules/show_out/show_out_wrapper.php?run_id=110202&search_id=114132&scans_id=110198&peptide_id=17785&scanf=26112&charge=2&value=R.IPEGLFDPSNVK.G,ACTL6B,4.508e+7,3.283,0.001,2.826,0.000
26114,2,"  1.953","  0.376",8/16,/core/www/modules//sdig/index.php?run_id=110202&search_id=114132&scans_id=110198&peptide_id=17787&scanf=26114&charge=2&value=8/16,sp|Q14683|SMC1A_HUMAN,/core/www/modules//consensus/?run_id=110202&search_id=114132&scans_id=110198&peptide_id=17787&scanf=26114&charge=2&value=sp|Q14683|SMC1A_HUMAN,1,/core/www/modules/match_peptides/blast_html4.php?run_id=110202&search_id=114132&scans_id=110198&peptide_id=17787&scanf=26114&charge=2&value=1,R.AQVQLQLFK.L,/core/www/modules/show_out/show_out_wrapper.php?run_id=110202&search_id=114132&scans_id=110198&peptide_id=17787&scanf=26114&charge=2&value=R.AQVQLQLFK.L,SMC1A,2.895e+6,2.789,0.008,2.096,0.000
26120,2,"  1.756","  0.160",7/12,/core/www/modules//sdig/index.php?run_id=110202&search_id=114132&scans_id=110198&peptide_id=17794&scanf=26120&charge=2&value=7/12,sp|Q9Y5B6|PAXB1_HUMAN,/core/www/modules//consensus/?run_id=110202&search_id=114132&scans_id=110198&peptide_id=17794&scanf=26120&charge=2&value=sp|Q9Y5B6|PAXB1_HUMAN,0,/core/www/modules/match_peptides/blast_html4.php?run_id=110202&search_id=114132&scans_id=110198&peptide_id=17794&scanf=26120&charge=2&value=0,K.LFNPLIR.L,/core/www/modules/show_out/show_out_wrapper.php?run_id=110202&search_id=114132&scans_id=110198&peptide_id=17794&scanf=26120&charge=2&value=K.LFNPLIR.L,PAXBP1,2.725e+6,2.089,0.081,1.091,0.003
26121,2,"  4.161","  0.548",16/28,/core/www/modules//sdig/index.php?run_id=110202&search_id=114132&scans_id=110198&peptide_id=17795&scanf=26121&charge=2&value=16/28,sp|Q9UBU9|NXF1_HUMAN,/core/www/modules//consensus/?run_id=110202&search_id=114132&scans_id=110198&peptide_id=17795&scanf=26121&charge=2&value=sp|Q9UBU9|NXF1_HUMAN,3,/core/www/modules/match_peptides/blast_html4.php?run_id=110202&search_id=114132&scans_id=110198&peptide_id=17795&scanf=26121&charge=2&value=3,R.AQFFVEDASTASALK.A,/core/www/modules/show_out/show_out_wrapper.php?run_id=110202&search_id=114132&scans_id=110198&peptide_id=17795&scanf=26121&charge=2&value=R.AQFFVEDASTASALK.A,NXF1,1.020e+7,3.334,0.001,2.902,0.000
26124,2,"  2.174","  0.254",10/16,/core/www/modules//sdig/index.php?run_id=110202&search_id=114132&scans_id=110198&peptide_id=17797&scanf=26124&charge=2&value=10/16,sp|P02545|LMNA_HUMAN,/core/www/modules//consensus/?run_id=110202&search_id=114132&scans_id=110198&peptide_id=17797&scanf=26124&charge=2&value=sp|P02545|LMNA_HUMAN,7,/core/www/modules/match_peptides/blast_html4.php?run_id=110202&search_id=114132&scans_id=110198&peptide_id=17797&scanf=26124&charge=2&value=7,K.DLEALLNSK.E,/core/www/modules/show_out/show_out_wrapper.php?run_id=110202&search_id=114132&scans_id=110198&peptide_id=17797&scanf=26124&charge=2&value=K.DLEALLNSK.E,LMNA,1.867e+7,2.620,0.014,1.849,0.000
26125,3,"  2.258","  0.480",18/72,/core/www/modules//sdig/index.php?run_id=110202&search_id=114132&scans_id=110198&peptide_id=17798&scanf=26125&charge=3&value=18/72,sp|Q13838|DX39B_HUMAN,/core/www/modules//consensus/?run_id=110202&search_id=114132&scans_id=110198&peptide_id=17798&scanf=26125&charge=3&value=sp|Q13838|DX39B_HUMAN,4,/core/www/modules/match_peptides/blast_html4.php?run_id=110202&search_id=114132&scans_id=110198&peptide_id=17798&scanf=26125&charge=3&value=4,R.VNIAFNYDM*PEDSDTYLHR.V,/core/www/modules/show_out/show_out_wrapper.php?run_id=110202&search_id=114132&scans_id=110198&peptide_id=17798&scanf=26125&charge=3&value=R.VNIAFNYDM*PEDSDTYLHR.V,DDX39B,7.359e+6,2.854,0.006,2.192,0.000
26129,3,"  2.888","  0.375",15/36,/core/www/modules//sdig/index.php?run_id=110202&search_id=114132&scans_id=110198&peptide_id=17802&scanf=26129&charge=3&value=15/36,sp|Q9BZZ5|API5_HUMAN,/core/www/modules//consensus/?run_id=110202&search_id=114132&scans_id=110198&peptide_id=17802&scanf=26129&charge=3&value=sp|Q9BZZ5|API5_HUMAN,1,/core/www/modules/match_peptides/blast_html4.php?run_id=110202&search_id=114132&scans_id=110198&peptide_id=17802&scanf=26129&charge=3&value=1,K.DLFHIPPSYK.S,/core/www/modules/show_out/show_out_wrapper.php?run_id=110202&search_id=114132&scans_id=110198&peptide_id=17802&scanf=26129&charge=3&value=K.DLFHIPPSYK.S,API5,8.659e+6,3.086,0.003,2.536,0.000
26130,2,"  2.368","  0.503",10/18,/core/www/modules//sdig/index.php?run_id=110202&search_id=114132&scans_id=110198&peptide_id=17804&scanf=26130&charge=2&value=10/18,sp|P50570|DYN2_HUMAN,/core/www/modules//consensus/?run_id=110202&search_id=114132&scans_id=110198&peptide_id=17804&scanf=26130&charge=2&value=sp|P50570|DYN2_HUMAN,6,/core/www/modules/match_peptides/blast_html4.php?run_id=110202&search_id=114132&scans_id=110198&peptide_id=17804&scanf=26130&charge=2&value=6,K.GISPVPINLR.V,/core/www/modules/show_out/show_out_wrapper.php?run_id=110202&search_id=114132&scans_id=110198&peptide_id=17804&scanf=26130&charge=2&value=K.GISPVPINLR.V,DNM2,8.710e+6,3.247,0.002,2.774,0.000
26131,2,"  3.745","  0.492",13/24,/core/www/modules//sdig/index.php?run_id=110202&search_id=114132&scans_id=110198&peptide_id=17805&scanf=26131&charge=2&value=13/24,sp|P35659|DEK_HUMAN,/core/www/modules//consensus/?run_id=110202&search_id=114132&scans_id=110198&peptide_id=17805&scanf=26131&charge=2&value=sp|P35659|DEK_HUMAN,4,/core/www/modules/match_peptides/blast_html4.php?run_id=110202&search_id=114132&scans_id=110198&peptide_id=17805&scanf=26131&charge=2&value=4,K.LLASANLEEVTMK.Q,/core/www/modules/show_out/show_out_wrapper.php?run_id=110202&search_id=114132&scans_id=110198&peptide_id=17805&scanf=26131&charge=2&value=K.LLASANLEEVTMK.Q,DEK,6.949e+6,3.092,0.003,2.545,0.000
26133,2,"  3.069","  0.591",11/28,/core/www/modules//sdig/index.php?run_id=110202&search_id=114132&scans_id=110198&peptide_id=17807&scanf=26133&charge=2&value=11/28,sp|Q9UHA3|RLP24_HUMAN,/core/www/modules//consensus/?run_id=110202&search_id=114132&scans_id=110198&peptide_id=17807&scanf=26133&charge=2&value=sp|Q9UHA3|RLP24_HUMAN,3,/core/www/modules/match_peptides/blast_html4.php?run_id=110202&search_id=114132&scans_id=110198&peptide_id=17807&scanf=26133&charge=2&value=3,K.MVQQLQEDVDMEDAP.-,/core/www/modules/show_out/show_out_wrapper.php?run_id=110202&search_id=114132&scans_id=110198&peptide_id=17807&scanf=26133&charge=2&value=K.MVQQLQEDVDMEDAP.-,RSL24D1,2.895e+6,3.019,0.004,2.436,0.000
26139,3,"  3.288","  0.553",12/52,/core/www/modules//sdig/index.php?run_id=110202&search_id=114132&scans_id=110198&peptide_id=17813&scanf=26139&charge=3&value=12/52,sp|P27635|RL10_HUMAN,/core/www/modules//consensus/?run_id=110202&search_id=114132&scans_id=110198&peptide_id=17813&scanf=26139&charge=3&value=sp|P27635|RL10_HUMAN,2,/core/www/modules/match_peptides/blast_html4.php?run_id=110202&search_id=114132&scans_id=110198&peptide_id=17813&scanf=26139&charge=3&value=2,K.FNADEFEDMVAEKR.L,/core/www/modules/show_out/show_out_wrapper.php?run_id=110202&search_id=114132&scans_id=110198&peptide_id=17813&scanf=26139&charge=3&value=K.FNADEFEDMVAEKR.L,RPL10,1.410e+7,2.999,0.004,2.406,0.000
26142,3,"  1.689","  0.317",9/36,/core/www/modules//sdig/index.php?run_id=110202&search_id=114132&scans_id=110198&peptide_id=17817&scanf=26142&charge=3&value=9/36,sp|Q92900|RENT1_HUMAN,/core/www/modules//consensus/?run_id=110202&search_id=114132&scans_id=110198&peptide_id=17817&scanf=26142&charge=3&value=sp|Q92900|RENT1_HUMAN,0,/core/www/modules/match_peptides/blast_html4.php?run_id=110202&search_id=114132&scans_id=110198&peptide_id=17817&scanf=26142&charge=3&value=0,R.LVVLGIRPIR.L,/core/www/modules/show_out/show_out_wrapper.php?run_id=110202&search_id=114132&scans_id=110198&peptide_id=17817&scanf=26142&charge=3&value=R.LVVLGIRPIR.L,UPF1,2.492e+6,2.554,0.018,1.752,0.000
26143,3,"  2.135","  0.301",11/36,/core/www/modules//sdig/index.php?run_id=110202&search_id=114132&scans_id=110198&peptide_id=17818&scanf=26143&charge=3&value=11/36,sp|Q9ULK4|MED23_HUMAN,/core/www/modules//consensus/?run_id=110202&search_id=114132&scans_id=110198&peptide_id=17818&scanf=26143&charge=3&value=sp|Q9ULK4|MED23_HUMAN,1,/core/www/modules/match_peptides/blast_html4.php?run_id=110202&search_id=114132&scans_id=110198&peptide_id=17818&scanf=26143&charge=3&value=1,K.LQIPIPHSLR.L,/core/www/modules/show_out/show_out_wrapper.php?run_id=110202&search_id=114132&scans_id=110198&peptide_id=17818&scanf=26143&charge=3&value=K.LQIPIPHSLR.L,MED23,1.490e+6,2.612,0.015,1.837,0.000
26145,3,"  3.636","  0.602",15/68,/core/www/modules//sdig/index.php?run_id=110202&search_id=114132&scans_id=110198&peptide_id=17819&scanf=26145&charge=3&value=15/68,sp|Q8NE71|ABCF1_HUMAN,/core/www/modules//consensus/?run_id=110202&search_id=114132&scans_id=110198&peptide_id=17819&scanf=26145&charge=3&value=sp|Q8NE71|ABCF1_HUMAN,2,/core/www/modules/match_peptides/blast_html4.php?run_id=110202&search_id=114132&scans_id=110198&peptide_id=17819&scanf=26145&charge=3&value=2,R.ILAGLGFDPEMQNRPTQK.F,/core/www/modules/show_out/show_out_wrapper.php?run_id=110202&search_id=114132&scans_id=110198&peptide_id=17819&scanf=26145&charge=3&value=R.ILAGLGFDPEMQNRPTQK.F,ABCF1,9.734e+6,3.241,0.002,2.764,0.000
26150,2,"  2.382","  0.327",9/22,/core/www/modules//sdig/index.php?run_id=110202&search_id=114132&scans_id=110198&peptide_id=17825&scanf=26150&charge=2&value=9/22,sp|Q14690|RRP5_HUMAN,/core/www/modules//consensus/?run_id=110202&search_id=114132&scans_id=110198&peptide_id=17825&scanf=26150&charge=2&value=sp|Q14690|RRP5_HUMAN,1,/core/www/modules/match_peptides/blast_html4.php?run_id=110202&search_id=114132&scans_id=110198&peptide_id=17825&scanf=26150&charge=2&value=1,K.LQVGQGVSLTLK.T,/core/www/modules/show_out/show_out_wrapper.php?run_id=110202&search_id=114132&scans_id=110198&peptide_id=17825&scanf=26150&charge=2&value=K.LQVGQGVSLTLK.T,PDCD11,4.374e+6,2.421,0.028,1.560,0.001
26151,2,"  3.137","  0.412",10/24,/core/www/modules//sdig/index.php?run_id=110202&search_id=114132&scans_id=110198&peptide_id=17826&scanf=26151&charge=2&value=10/24,sp|Q92620|PRP16_HUMAN,/core/www/modules//consensus/?run_id=110202&search_id=114132&scans_id=110198&peptide_id=17826&scanf=26151&charge=2&value=sp|Q92620|PRP16_HUMAN,0,/core/www/modules/match_peptides/blast_html4.php?run_id=110202&search_id=114132&scans_id=110198&peptide_id=17826&scanf=26151&charge=2&value=0,K.NELLTTTVPEIQR.T,/core/www/modules/show_out/show_out_wrapper.php?run_id=110202&search_id=114132&scans_id=110198&peptide_id=17826&scanf=26151&charge=2&value=K.NELLTTTVPEIQR.T,DHX38,6.488e+6,2.627,0.014,1.860,0.000
26152,2,"  2.393","  0.369",8/20,/core/www/modules//sdig/index.php?run_id=110202&search_id=114132&scans_id=110198&peptide_id=17827&scanf=26152&charge=2&value=8/20,sp|O00203|AP3B1_HUMAN,/core/www/modules//consensus/?run_id=110202&search_id=114132&scans_id=110198&peptide_id=17827&scanf=26152&charge=2&value=sp|O00203|AP3B1_HUMAN,17,/core/www/modules/match_peptides/blast_html4.php?run_id=110202&search_id=114132&scans_id=110198&peptide_id=17827&scanf=26152&charge=2&value=17,K.NASELFPAVVK.N,/core/www/modules/show_out/show_out_wrapper.php?run_id=110202&search_id=114132&scans_id=110198&peptide_id=17827&scanf=26152&charge=2&value=K.NASELFPAVVK.N,AP3B1,3.695e+6,2.422,0.027,1.561,0.001
26153,2,"  2.842","  0.537",11/22,/core/www/modules//sdig/index.php?run_id=110202&search_id=114132&scans_id=110198&peptide_id=17828&scanf=26153&charge=2&value=11/22,sp|Q7KZF4|SND1_HUMAN,/core/www/modules//consensus/?run_id=110202&search_id=114132&scans_id=110198&peptide_id=17828&scanf=26153&charge=2&value=sp|Q7KZF4|SND1_HUMAN,0,/core/www/modules/match_peptides/blast_html4.php?run_id=110202&search_id=114132&scans_id=110198&peptide_id=17828&scanf=26153&charge=2&value=0,K.DTPDEPWAFPAR.E,/core/www/modules/show_out/show_out_wrapper.php?run_id=110202&search_id=114132&scans_id=110198&peptide_id=17828&scanf=26153&charge=2&value=K.DTPDEPWAFPAR.E,SND1,2.325e+7,3.254,0.002,2.784,0.000
26154,2,"  2.188","  0.362",8/20,/core/www/modules//sdig/index.php?run_id=110202&search_id=114132&scans_id=110198&peptide_id=17829&scanf=26154&charge=2&value=8/20,sp|P13489|RINI_HUMAN,/core/www/modules//consensus/?run_id=110202&search_id=114132&scans_id=110198&peptide_id=17829&scanf=26154&charge=2&value=sp|P13489|RINI_HUMAN,5,/core/www/modules/match_peptides/blast_html4.php?run_id=110202&search_id=114132&scans_id=110198&peptide_id=17829&scanf=26154&charge=2&value=5,R.VNPALAELNLR.S,/core/www/modules/show_out/show_out_wrapper.php?run_id=110202&search_id=114132&scans_id=110198&peptide_id=17829&scanf=26154&charge=2&value=R.VNPALAELNLR.S,RNH1,4.834e+6,2.396,0.030,1.524,0.001
26156,2,"  3.272","  0.557",15/30,/core/www/modules//sdig/index.php?run_id=110202&search_id=114132&scans_id=110198&peptide_id=17831&scanf=26156&charge=2&value=15/30,sp|Q15149|PLEC_HUMAN,/core/www/modules//consensus/?run_id=110202&search_id=114132&scans_id=110198&peptide_id=17831&scanf=26156&charge=2&value=sp|Q15149|PLEC_HUMAN,5,/core/www/modules/match_peptides/blast_html4.php?run_id=110202&search_id=114132&scans_id=110198&peptide_id=17831&scanf=26156&charge=2&value=5,K.EAQAVPATLPELEATK.A,/core/www/modules/show_out/show_out_wrapper.php?run_id=110202&search_id=114132&scans_id=110198&peptide_id=17831&scanf=26156&charge=2&value=K.EAQAVPATLPELEATK.A,PLEC,1.455e+7,3.582,0.001,3.270,0.000
26157,3,"  3.524","  0.530",15/52,/core/www/modules//sdig/index.php?run_id=110202&search_id=114132&scans_id=110198&peptide_id=17832&scanf=26157&charge=3&value=15/52,sp|P42285|MTREX_HUMAN,/core/www/modules//consensus/?run_id=110202&search_id=114132&scans_id=110198&peptide_id=17832&scanf=26157&charge=3&value=sp|P42285|MTREX_HUMAN,0,/core/www/modules/match_peptides/blast_html4.php?run_id=110202&search_id=114132&scans_id=110198&peptide_id=17832&scanf=26157&charge=3&value=0,R.GIGIHHGGLLPILK.E,/core/www/modules/show_out/show_out_wrapper.php?run_id=110202&search_id=114132&scans_id=110198&peptide_id=17832&scanf=26157&charge=3&value=R.GIGIHHGGLLPILK.E,MTREX,2.729e+7,3.398,0.001,2.997,0.000
26158,2,"  2.241","  0.409",8/14,/core/www/modules//sdig/index.php?run_id=110202&search_id=114132&scans_id=110198&peptide_id=17833&scanf=26158&charge=2&value=8/14,sp|P62805|H4_HUMAN,/core/www/modules//consensus/?run_id=110202&search_id=114132&scans_id=110198&peptide_id=17833&scanf=26158&charge=2&value=sp|P62805|H4_HUMAN,0,/core/www/modules/match_peptides/blast_html4.php?run_id=110202&search_id=114132&scans_id=110198&peptide_id=17833&scanf=26158&charge=2&value=0,K.VFLENVIR.D,/core/www/modules/show_out/show_out_wrapper.php?run_id=110202&search_id=114132&scans_id=110198&peptide_id=17833&scanf=26158&charge=2&value=K.VFLENVIR.D,H4C16,1.606e+9,3.105,0.003,2.563,0.000
26162,2,"  1.099","  0.273",7/18,/core/www/modules//sdig/index.php?run_id=110202&search_id=114132&scans_id=110198&peptide_id=17838&scanf=26162&charge=2&value=7/18,sp|Q7L2E3|DHX30_HUMAN,/core/www/modules//consensus/?run_id=110202&search_id=114132&scans_id=110198&peptide_id=17838&scanf=26162&charge=2&value=sp|Q7L2E3|DHX30_HUMAN,1,/core/www/modules/match_peptides/blast_html4.php?run_id=110202&search_id=114132&scans_id=110198&peptide_id=17838&scanf=26162&charge=2&value=1,R.AVAGWEEVLR.W,/core/www/modules/show_out/show_out_wrapper.php?run_id=110202&search_id=114132&scans_id=110198&peptide_id=17838&scanf=26162&charge=2&value=R.AVAGWEEVLR.W,DHX30,7.230e+6,1.966,0.118,0.928,0.005
26164,2,"  1.506","  0.283",6/16,/core/www/modules//sdig/index.php?run_id=110202&search_id=114132&scans_id=110198&peptide_id=17840&scanf=26164&charge=2&value=6/16,sp|Q96K58|ZN668_HUMAN,/core/www/modules//consensus/?run_id=110202&search_id=114132&scans_id=110198&peptide_id=17840&scanf=26164&charge=2&value=sp|Q96K58|ZN668_HUMAN,0,/core/www/modules/match_peptides/blast_html4.php?run_id=110202&search_id=114132&scans_id=110198&peptide_id=17840&scanf=26164&charge=2&value=0,K.TFVASWDLK.R,/core/www/modules/show_out/show_out_wrapper.php?run_id=110202&search_id=114132&scans_id=110198&peptide_id=17840&scanf=26164&charge=2&value=K.TFVASWDLK.R,ZNF668,2.030e+6,2.156,0.065,1.184,0.002
26166,3,"  3.234","  0.434",11/56,/core/www/modules//sdig/index.php?run_id=110202&search_id=114132&scans_id=110198&peptide_id=17841&scanf=26166&charge=3&value=11/56,sp|Q14315|FLNC_HUMAN,/core/www/modules//consensus/?run_id=110202&search_id=114132&scans_id=110198&peptide_id=17841&scanf=26166&charge=3&value=sp|Q14315|FLNC_HUMAN,0,/core/www/modules/match_peptides/blast_html4.php?run_id=110202&search_id=114132&scans_id=110198&peptide_id=17841&scanf=26166&charge=3&value=0,R.DFEIIDNHDYSYTVK.Y,/core/www/modules/show_out/show_out_wrapper.php?run_id=110202&search_id=114132&scans_id=110198&peptide_id=17841&scanf=26166&charge=3&value=R.DFEIIDNHDYSYTVK.Y,FLNC,3.714e+6,2.868,0.006,2.213,0.000
26167,2,"  1.928","  0.228",10/20,/core/www/modules//sdig/index.php?run_id=110202&search_id=114132&scans_id=110198&peptide_id=17842&scanf=26167&charge=2&value=10/20,sp|Q9Y3I0|RTCB_HUMAN,/core/www/modules//consensus/?run_id=110202&search_id=114132&scans_id=110198&peptide_id=17842&scanf=26167&charge=2&value=sp|Q9Y3I0|RTCB_HUMAN,0,/core/www/modules/match_peptides/blast_html4.php?run_id=110202&search_id=114132&scans_id=110198&peptide_id=17842&scanf=26167&charge=2&value=0,R.SYNDELQFLEK.I,/core/www/modules/show_out/show_out_wrapper.php?run_id=110202&search_id=114132&scans_id=110198&peptide_id=17842&scanf=26167&charge=2&value=R.SYNDELQFLEK.I,RTCB,7.875e+6,2.137,0.070,1.158,0.002
26168,2,"  5.600","  0.715",20/32,/core/www/modules//sdig/index.php?run_id=110202&search_id=114132&scans_id=110198&peptide_id=17843&scanf=26168&charge=2&value=20/32,sp|Q9H0S4|DDX47_HUMAN,/core/www/modules//consensus/?run_id=110202&search_id=114132&scans_id=110198&peptide_id=17843&scanf=26168&charge=2&value=sp|Q9H0S4|DDX47_HUMAN,0,/core/www/modules/match_peptides/blast_html4.php?run_id=110202&search_id=114132&scans_id=110198&peptide_id=17843&scanf=26168&charge=2&value=0,R.NLGFTAIPLHGQMSQSK.R,/core/www/modules/show_out/show_out_wrapper.php?run_id=110202&search_id=114132&scans_id=110198&peptide_id=17843&scanf=26168&charge=2&value=R.NLGFTAIPLHGQMSQSK.R,DDX47,2.617e+6,3.897,0.000,3.737,0.000
26170,2,"  4.778","  0.632",20/30,/core/www/modules//sdig/index.php?run_id=110202&search_id=114132&scans_id=110198&peptide_id=17846&scanf=26170&charge=2&value=20/30,sp|P20700|LMNB1_HUMAN,/core/www/modules//consensus/?run_id=110202&search_id=114132&scans_id=110198&peptide_id=17846&scanf=26170&charge=2&value=sp|P20700|LMNB1_HUMAN,0,/core/www/modules/match_peptides/blast_html4.php?run_id=110202&search_id=114132&scans_id=110198&peptide_id=17846&scanf=26170&charge=2&value=0,K.NTSEQDQPMGGWEMIR.K,/core/www/modules/show_out/show_out_wrapper.php?run_id=110202&search_id=114132&scans_id=110198&peptide_id=17846&scanf=26170&charge=2&value=K.NTSEQDQPMGGWEMIR.K,LMNB1,5.197e+6,3.757,0.000,3.528,0.000
26177,2,"  2.104","  0.477",18/38,/core/www/modules//sdig/index.php?run_id=110202&search_id=114132&scans_id=110198&peptide_id=17853&scanf=26177&charge=2&value=18/38,sp|Q16643|DREB_HUMAN,/core/www/modules//consensus/?run_id=110202&search_id=114132&scans_id=110198&peptide_id=17853&scanf=26177&charge=2&value=sp|Q16643|DREB_HUMAN,2,/core/www/modules/match_peptides/blast_html4.php?run_id=110202&search_id=114132&scans_id=110198&peptide_id=17853&scanf=26177&charge=2&value=2,K.SESEVEEAAAIIAQRPDNPR.E,/core/www/modules/show_out/show_out_wrapper.php?run_id=110202&search_id=114132&scans_id=110198&peptide_id=17853&scanf=26177&charge=2&value=K.SESEVEEAAAIIAQRPDNPR.E,DBN1,1.570e+6,2.759,0.009,2.053,0.000
26178,2,"  2.665","  0.510",13/22,/core/www/modules//sdig/index.php?run_id=110202&search_id=114132&scans_id=110198&peptide_id=17854&scanf=26178&charge=2&value=13/22,sp|P42285|MTREX_HUMAN,/core/www/modules//consensus/?run_id=110202&search_id=114132&scans_id=110198&peptide_id=17854&scanf=26178&charge=2&value=sp|P42285|MTREX_HUMAN,0,/core/www/modules/match_peptides/blast_html4.php?run_id=110202&search_id=114132&scans_id=110198&peptide_id=17854&scanf=26178&charge=2&value=0,R.EDNFNTAMQVLR.D,/core/www/modules/show_out/show_out_wrapper.php?run_id=110202&search_id=114132&scans_id=110198&peptide_id=17854&scanf=26178&charge=2&value=R.EDNFNTAMQVLR.D,MTREX,4.427e+6,3.313,0.001,2.872,0.000
26180,2,"  1.876","  0.299",8/14,/core/www/modules//sdig/index.php?run_id=110202&search_id=114132&scans_id=110198&peptide_id=17857&scanf=26180&charge=2&value=8/14,sp|P78344|IF4G2_HUMAN,/core/www/modules//consensus/?run_id=110202&search_id=114132&scans_id=110198&peptide_id=17857&scanf=26180&charge=2&value=sp|P78344|IF4G2_HUMAN,3,/core/www/modules/match_peptides/blast_html4.php?run_id=110202&search_id=114132&scans_id=110198&peptide_id=17857&scanf=26180&charge=2&value=3,K.VIILSLDR.S,/core/www/modules/show_out/show_out_wrapper.php?run_id=110202&search_id=114132&scans_id=110198&peptide_id=17857&scanf=26180&charge=2&value=K.VIILSLDR.S,EIF4G2,4.189e+6,2.581,0.016,1.792,0.000
26187,2,"  1.150","  0.207",6/14,/core/www/modules//sdig/index.php?run_id=110202&search_id=114132&scans_id=110198&peptide_id=17863&scanf=26187&charge=2&value=6/14,sp|P55265|DSRAD_HUMAN,/core/www/modules//consensus/?run_id=110202&search_id=114132&scans_id=110198&peptide_id=17863&scanf=26187&charge=2&value=sp|P55265|DSRAD_HUMAN,4,/core/www/modules/match_peptides/blast_html4.php?run_id=110202&search_id=114132&scans_id=110198&peptide_id=17863&scanf=26187&charge=2&value=4,R.FLYSELMK.Y,/core/www/modules/show_out/show_out_wrapper.php?run_id=110202&search_id=114132&scans_id=110198&peptide_id=17863&scanf=26187&charge=2&value=R.FLYSELMK.Y,ADAR,4.159e+7,2.052,0.091,1.041,0.004
26188,3,"  2.251","  0.420",12/52,/core/www/modules//sdig/index.php?run_id=110202&search_id=114132&scans_id=110198&peptide_id=17864&scanf=26188&charge=3&value=12/52,sp|Q12906|ILF3_HUMAN,/core/www/modules//consensus/?run_id=110202&search_id=114132&scans_id=110198&peptide_id=17864&scanf=26188&charge=3&value=sp|Q12906|ILF3_HUMAN,0,/core/www/modules/match_peptides/blast_html4.php?run_id=110202&search_id=114132&scans_id=110198&peptide_id=17864&scanf=26188&charge=3&value=0,K.LFPDTPLALDANKK.K,/core/www/modules/show_out/show_out_wrapper.php?run_id=110202&search_id=114132&scans_id=110198&peptide_id=17864&scanf=26188&charge=3&value=K.LFPDTPLALDANKK.K,ILF3,9.141e+7,2.632,0.014,1.867,0.000
26191,2,"  2.488","  0.497",8/22,/core/www/modules//sdig/index.php?run_id=110202&search_id=114132&scans_id=110198&peptide_id=17868&scanf=26191&charge=2&value=8/22,sp|Q15424|SAFB1_HUMAN,/core/www/modules//consensus/?run_id=110202&search_id=114132&scans_id=110198&peptide_id=17868&scanf=26191&charge=2&value=sp|Q15424|SAFB1_HUMAN,0,/core/www/modules/match_peptides/blast_html4.php?run_id=110202&search_id=114132&scans_id=110198&peptide_id=17868&scanf=26191&charge=2&value=0,R.NFWVSGLSSTTR.A,/core/www/modules/show_out/show_out_wrapper.php?run_id=110202&search_id=114132&scans_id=110198&peptide_id=17868&scanf=26191&charge=2&value=R.NFWVSGLSSTTR.A,SAFB,6.303e+6,2.832,0.007,2.160,0.000
26193,2,"  3.869","  0.548",12/22,/core/www/modules//sdig/index.php?run_id=110202&search_id=114132&scans_id=110198&peptide_id=17870&scanf=26193&charge=2&value=12/22,sp|Q9H0D6|XRN2_HUMAN,/core/www/modules//consensus/?run_id=110202&search_id=114132&scans_id=110198&peptide_id=17870&scanf=26193&charge=2&value=sp|Q9H0D6|XRN2_HUMAN,0,/core/www/modules/match_peptides/blast_html4.php?run_id=110202&search_id=114132&scans_id=110198&peptide_id=17870&scanf=26193&charge=2&value=0,R.NSLGGDVLFVGK.H,/core/www/modules/show_out/show_out_wrapper.php?run_id=110202&search_id=114132&scans_id=110198&peptide_id=17870&scanf=26193&charge=2&value=R.NSLGGDVLFVGK.H,XRN2,1.291e+7,3.350,0.001,2.926,0.000
26194,2,"  1.520","  0.045",11/18,/core/www/modules//sdig/index.php?run_id=110202&search_id=114132&scans_id=110198&peptide_id=17871&scanf=26194&charge=2&value=11/18,sp|Q08211|DHX9_HUMAN,/core/www/modules//consensus/?run_id=110202&search_id=114132&scans_id=110198&peptide_id=17871&scanf=26194&charge=2&value=sp|Q08211|DHX9_HUMAN,0,/core/www/modules/match_peptides/blast_html4.php?run_id=110202&search_id=114132&scans_id=110198&peptide_id=17871&scanf=26194&charge=2&value=0,R.LGGIGQFLAK.A,/core/www/modules/show_out/show_out_wrapper.php?run_id=110202&search_id=114132&scans_id=110198&peptide_id=17871&scanf=26194&charge=2&value=R.LGGIGQFLAK.A,DHX9,3.182e+8,2.053,0.091,1.042,0.004
26195,2,"  2.006","  0.268",8/24,/core/www/modules//sdig/index.php?run_id=110202&search_id=114132&scans_id=110198&peptide_id=17872&scanf=26195&charge=2&value=8/24,sp|P38159|RBMX_HUMAN,/core/www/modules//consensus/?run_id=110202&search_id=114132&scans_id=110198&peptide_id=17872&scanf=26195&charge=2&value=sp|P38159|RBMX_HUMAN,6,/core/www/modules/match_peptides/blast_html4.php?run_id=110202&search_id=114132&scans_id=110198&peptide_id=17872&scanf=26195&charge=2&value=6,K.LFIGGLNTETNEK.A,/core/www/modules/show_out/show_out_wrapper.php?run_id=110202&search_id=114132&scans_id=110198&peptide_id=17872&scanf=26195&charge=2&value=K.LFIGGLNTETNEK.A,RBMX,3.007e+6,2.037,0.095,1.022,0.004
26196,2,"  2.012","  0.280",9/16,/core/www/modules//sdig/index.php?run_id=110202&search_id=114132&scans_id=110198&peptide_id=17873&scanf=26196&charge=2&value=9/16,sp|Q8IX12|CCAR1_HUMAN,/core/www/modules//consensus/?run_id=110202&search_id=114132&scans_id=110198&peptide_id=17873&scanf=26196&charge=2&value=sp|Q8IX12|CCAR1_HUMAN,1,/core/www/modules/match_peptides/blast_html4.php?run_id=110202&search_id=114132&scans_id=110198&peptide_id=17873&scanf=26196&charge=2&value=1,R.LLLPTPTVK.Q,/core/www/modules/show_out/show_out_wrapper.php?run_id=110202&search_id=114132&scans_id=110198&peptide_id=17873&scanf=26196&charge=2&value=R.LLLPTPTVK.Q,CCAR1,1.822e+7,2.519,0.020,1.702,0.000
26197,4,"  3.085","  0.453",22/78,/core/www/modules//sdig/index.php?run_id=110202&search_id=114132&scans_id=110198&peptide_id=17874&scanf=26197&charge=4&value=22/78,sp|P42285|MTREX_HUMAN,/core/www/modules//consensus/?run_id=110202&search_id=114132&scans_id=110198&peptide_id=17874&scanf=26197&charge=4&value=sp|P42285|MTREX_HUMAN,0,/core/www/modules/match_peptides/blast_html4.php?run_id=110202&search_id=114132&scans_id=110198&peptide_id=17874&scanf=26197&charge=4&value=0,R.GIGIHHGGLLPILK.E,/core/www/modules/show_out/show_out_wrapper.php?run_id=110202&search_id=114132&scans_id=110198&peptide_id=17874&scanf=26197&charge=4&value=R.GIGIHHGGLLPILK.E,MTREX,2.156e+7,3.569,0.001,3.251,0.000
26201,2,"  3.667","  0.642",14/24,/core/www/modules//sdig/index.php?run_id=110202&search_id=114132&scans_id=110198&peptide_id=17879&scanf=26201&charge=2&value=14/24,sp|Q9ULX6|AKP8L_HUMAN,/core/www/modules//consensus/?run_id=110202&search_id=114132&scans_id=110198&peptide_id=17879&scanf=26201&charge=2&value=sp|Q9ULX6|AKP8L_HUMAN,2,/core/www/modules/match_peptides/blast_html4.php?run_id=110202&search_id=114132&scans_id=110198&peptide_id=17879&scanf=26201&charge=2&value=2,K.QTADFLQEYVTNK.T,/core/www/modules/show_out/show_out_wrapper.php?run_id=110202&search_id=114132&scans_id=110198&peptide_id=17879&scanf=26201&charge=2&value=K.QTADFLQEYVTNK.T,AKAP8L,5.673e+6,3.638,0.000,3.353,0.000
26203,3,"  3.850","  0.456",11/60,/core/www/modules//sdig/index.php?run_id=110202&search_id=114132&scans_id=110198&peptide_id=17881&scanf=26203&charge=3&value=11/60,sp|P12270|TPR_HUMAN,/core/www/modules//consensus/?run_id=110202&search_id=114132&scans_id=110198&peptide_id=17881&scanf=26203&charge=3&value=sp|P12270|TPR_HUMAN,0,/core/www/modules/match_peptides/blast_html4.php?run_id=110202&search_id=114132&scans_id=110198&peptide_id=17881&scanf=26203&charge=3&value=0,R.ELMLHAADVEALQAAK.E,/core/www/modules/show_out/show_out_wrapper.php?run_id=110202&search_id=114132&scans_id=110198&peptide_id=17881&scanf=26203&charge=3&value=R.ELMLHAADVEALQAAK.E,TPR,2.605e+6,2.830,0.007,2.157,0.000
26209,2,"  2.704","  0.467",10/16,/core/www/modules//sdig/index.php?run_id=110202&search_id=114132&scans_id=110198&peptide_id=17886&scanf=26209&charge=2&value=10/16,sp|P08048|ZFY_HUMAN,/core/www/modules//consensus/?run_id=110202&search_id=114132&scans_id=110198&peptide_id=17886&scanf=26209&charge=2&value=sp|P08048|ZFY_HUMAN,2,/core/www/modules/match_peptides/blast_html4.php?run_id=110202&search_id=114132&scans_id=110198&peptide_id=17886&scanf=26209&charge=2&value=2,K.IADPFVLSR.H,/core/www/modules/show_out/show_out_wrapper.php?run_id=110202&search_id=114132&scans_id=110198&peptide_id=17886&scanf=26209&charge=2&value=K.IADPFVLSR.H,ZFY,7.671e+6,3.123,0.003,2.590,0.000
26214,3,"  3.137","  0.493",15/52,/core/www/modules//sdig/index.php?run_id=110202&search_id=114132&scans_id=110198&peptide_id=17892&scanf=26214&charge=3&value=15/52,sp|Q8WXI9|P66B_HUMAN,/core/www/modules//consensus/?run_id=110202&search_id=114132&scans_id=110198&peptide_id=17892&scanf=26214&charge=3&value=sp|Q8WXI9|P66B_HUMAN,3,/core/www/modules/match_peptides/blast_html4.php?run_id=110202&search_id=114132&scans_id=110198&peptide_id=17892&scanf=26214&charge=3&value=3,K.DLANLEVPHELPTK.Q,/core/www/modules/show_out/show_out_wrapper.php?run_id=110202&search_id=114132&scans_id=110198&peptide_id=17892&scanf=26214&charge=3&value=K.DLANLEVPHELPTK.Q,GATAD2B,9.979e+6,3.122,0.003,2.588,0.000
26219,2,"  3.914","  0.615",15/26,/core/www/modules//sdig/index.php?run_id=110202&search_id=114132&scans_id=110198&peptide_id=17897&scanf=26219&charge=2&value=15/26,sp|Q8TAT6|NPL4_HUMAN,/core/www/modules//consensus/?run_id=110202&search_id=114132&scans_id=110198&peptide_id=17897&scanf=26219&charge=2&value=sp|Q8TAT6|NPL4_HUMAN,0,/core/www/modules/match_peptides/blast_html4.php?run_id=110202&search_id=114132&scans_id=110198&peptide_id=17897&scanf=26219&charge=2&value=0,K.ESSSEQYVPDVFYK.D,/core/www/modules/show_out/show_out_wrapper.php?run_id=110202&search_id=114132&scans_id=110198&peptide_id=17897&scanf=26219&charge=2&value=K.ESSSEQYVPDVFYK.D,NPLOC4,3.023e+6,3.475,0.001,3.111,0.000
26220,2,"  1.598","  0.110",7/14,/core/www/modules//sdig/index.php?run_id=110202&search_id=114132&scans_id=110198&peptide_id=17899&scanf=26220&charge=2&value=7/14,sp|Q13614|MTMR2_HUMAN,/core/www/modules//consensus/?run_id=110202&search_id=114132&scans_id=110198&peptide_id=17899&scanf=26220&charge=2&value=sp|Q13614|MTMR2_HUMAN,4,/core/www/modules/match_peptides/blast_html4.php?run_id=110202&search_id=114132&scans_id=110198&peptide_id=17899&scanf=26220&charge=2&value=4,K.LILAGALR.I,/core/www/modules/show_out/show_out_wrapper.php?run_id=110202&search_id=114132&scans_id=110198&peptide_id=17899&scanf=26220&charge=2&value=K.LILAGALR.I,MTMR2,5.450e+6,1.822,0.180,0.745,0.010
26221,3,"  2.649","  0.449",10/40,/core/www/modules//sdig/index.php?run_id=110202&search_id=114132&scans_id=110198&peptide_id=17900&scanf=26221&charge=3&value=10/40,sp|P27635|RL10_HUMAN,/core/www/modules//consensus/?run_id=110202&search_id=114132&scans_id=110198&peptide_id=17900&scanf=26221&charge=3&value=sp|P27635|RL10_HUMAN,5,/core/www/modules/match_peptides/blast_html4.php?run_id=110202&search_id=114132&scans_id=110198&peptide_id=17900&scanf=26221&charge=3&value=5,R.VHIGQVIMSIR.T,/core/www/modules/show_out/show_out_wrapper.php?run_id=110202&search_id=114132&scans_id=110198&peptide_id=17900&scanf=26221&charge=3&value=R.VHIGQVIMSIR.T,RPL10,7.671e+7,3.012,0.004,2.426,0.000
26224,2,"  2.101","  0.404",11/18,/core/www/modules//sdig/index.php?run_id=110202&search_id=114132&scans_id=110198&peptide_id=17903&scanf=26224&charge=2&value=11/18,sp|Q96DH6|MSI2H_HUMAN,/core/www/modules//consensus/?run_id=110202&search_id=114132&scans_id=110198&peptide_id=17903&scanf=26224&charge=2&value=sp|Q96DH6|MSI2H_HUMAN,4,/core/www/modules/match_peptides/blast_html4.php?run_id=110202&search_id=114132&scans_id=110198&peptide_id=17903&scanf=26224&charge=2&value=4,K.VEDAMLMFDK.T,/core/www/modules/show_out/show_out_wrapper.php?run_id=110202&search_id=114132&scans_id=110198&peptide_id=17903&scanf=26224&charge=2&value=K.VEDAMLMFDK.T,MSI2,7.294e+6,2.947,0.005,2.330,0.000
26225,3,"  2.968","  0.330",11/40,/core/www/modules//sdig/index.php?run_id=110202&search_id=114132&scans_id=110198&peptide_id=17904&scanf=26225&charge=3&value=11/40,sp|P60709|ACTB_HUMAN,/core/www/modules//consensus/?run_id=110202&search_id=114132&scans_id=110198&peptide_id=17904&scanf=26225&charge=3&value=sp|P60709|ACTB_HUMAN,25,/core/www/modules/match_peptides/blast_html4.php?run_id=110202&search_id=114132&scans_id=110198&peptide_id=17904&scanf=26225&charge=3&value=25,K.IWHHTFYNELR.V,/core/www/modules/show_out/show_out_wrapper.php?run_id=110202&search_id=114132&scans_id=110198&peptide_id=17904&scanf=26225&charge=3&value=K.IWHHTFYNELR.V,ACTB,2.685e+6,3.102,0.003,2.559,0.000
26227,2,"  1.907","  0.302",9/14,/core/www/modules//sdig/index.php?run_id=110202&search_id=114132&scans_id=110198&peptide_id=17906&scanf=26227&charge=2&value=9/14,sp|Q92878|RAD50_HUMAN,/core/www/modules//consensus/?run_id=110202&search_id=114132&scans_id=110198&peptide_id=17906&scanf=26227&charge=2&value=sp|Q92878|RAD50_HUMAN,3,/core/www/modules/match_peptides/blast_html4.php?run_id=110202&search_id=114132&scans_id=110198&peptide_id=17906&scanf=26227&charge=2&value=3,K.VLASLIIR.L,/core/www/modules/show_out/show_out_wrapper.php?run_id=110202&search_id=114132&scans_id=110198&peptide_id=17906&scanf=26227&charge=2&value=K.VLASLIIR.L,RAD50,1.063e+7,2.823,0.007,2.147,0.000
26229,3,"  2.646","  0.593",13/52,/core/www/modules//sdig/index.php?run_id=110202&search_id=114132&scans_id=110198&peptide_id=17907&scanf=26229&charge=3&value=13/52,sp|Q14839|CHD4_HUMAN,/core/www/modules//consensus/?run_id=110202&search_id=114132&scans_id=110198&peptide_id=17907&scanf=26229&charge=3&value=sp|Q14839|CHD4_HUMAN,20,/core/www/modules/match_peptides/blast_html4.php?run_id=110202&search_id=114132&scans_id=110198&peptide_id=17907&scanf=26229&charge=3&value=20,R.WSMPELAEVEENKK.M,/core/www/modules/show_out/show_out_wrapper.php?run_id=110202&search_id=114132&scans_id=110198&peptide_id=17907&scanf=26229&charge=3&value=R.WSMPELAEVEENKK.M,CHD4,1.631e+7,3.258,0.002,2.790,0.000
26231,3,"  4.581","  0.611",17/72,/core/www/modules//sdig/index.php?run_id=110202&search_id=114132&scans_id=110198&peptide_id=17910&scanf=26231&charge=3&value=17/72,sp|Q6IBS0|TWF2_HUMAN,/core/www/modules//consensus/?run_id=110202&search_id=114132&scans_id=110198&peptide_id=17910&scanf=26231&charge=3&value=sp|Q6IBS0|TWF2_HUMAN,5,/core/www/modules/match_peptides/blast_html4.php?run_id=110202&search_id=114132&scans_id=110198&peptide_id=17910&scanf=26231&charge=3&value=5,R.ETIELVHTEPTDVAQLPSR.V,/core/www/modules/show_out/show_out_wrapper.php?run_id=110202&search_id=114132&scans_id=110198&peptide_id=17910&scanf=26231&charge=3&value=R.ETIELVHTEPTDVAQLPSR.V,TWF2,3.394e+6,3.332,0.001,2.900,0.000
26234,2,"  3.417","  0.372",12/20,/core/www/modules//sdig/index.php?run_id=110202&search_id=114132&scans_id=110198&peptide_id=17913&scanf=26234&charge=2&value=12/20,sp|P11388|TOP2A_HUMAN,/core/www/modules//consensus/?run_id=110202&search_id=114132&scans_id=110198&peptide_id=17913&scanf=26234&charge=2&value=sp|P11388|TOP2A_HUMAN,5,/core/www/modules/match_peptides/blast_html4.php?run_id=110202&search_id=114132&scans_id=110198&peptide_id=17913&scanf=26234&charge=2&value=5,R.KEWLTNFMEDR.R,/core/www/modules/show_out/show_out_wrapper.php?run_id=110202&search_id=114132&scans_id=110198&peptide_id=17913&scanf=26234&charge=2&value=R.KEWLTNFMEDR.R,TOP2A,4.759e+6,2.365,0.033,1.480,0.001
26236,2,"  3.276","  0.418",13/20,/core/www/modules//sdig/index.php?run_id=110202&search_id=114132&scans_id=110198&peptide_id=17915&scanf=26236&charge=2&value=13/20,sp|Q6PD62|CTR9_HUMAN,/core/www/modules//consensus/?run_id=110202&search_id=114132&scans_id=110198&peptide_id=17915&scanf=26236&charge=2&value=sp|Q6PD62|CTR9_HUMAN,0,/core/www/modules/match_peptides/blast_html4.php?run_id=110202&search_id=114132&scans_id=110198&peptide_id=17915&scanf=26236&charge=2&value=0,R.FDLALAATEAR.Q,/core/www/modules/show_out/show_out_wrapper.php?run_id=110202&search_id=114132&scans_id=110198&peptide_id=17915&scanf=26236&charge=2&value=R.FDLALAATEAR.Q,CTR9,7.101e+6,3.066,0.003,2.506,0.000
26242,2,"  2.063","  0.438",9/22,/core/www/modules//sdig/index.php?run_id=110202&search_id=114132&scans_id=110198&peptide_id=17922&scanf=26242&charge=2&value=9/22,sp|P34932|HSP74_HUMAN,/core/www/modules//consensus/?run_id=110202&search_id=114132&scans_id=110198&peptide_id=17922&scanf=26242&charge=2&value=sp|P34932|HSP74_HUMAN,0,/core/www/modules/match_peptides/blast_html4.php?run_id=110202&search_id=114132&scans_id=110198&peptide_id=17922&scanf=26242&charge=2&value=0,R.EMLNLYIENEGK.M,/core/www/modules/show_out/show_out_wrapper.php?run_id=110202&search_id=114132&scans_id=110198&peptide_id=17922&scanf=26242&charge=2&value=R.EMLNLYIENEGK.M,HSPA4,2.209e+6,2.708,0.011,1.978,0.000
26244,3,"  2.644","  0.329",8/44,/core/www/modules//sdig/index.php?run_id=110202&search_id=114132&scans_id=110198&peptide_id=17924&scanf=26244&charge=3&value=8/44,sp|Q00610|CLH1_HUMAN,/core/www/modules//consensus/?run_id=110202&search_id=114132&scans_id=110198&peptide_id=17924&scanf=26244&charge=3&value=sp|Q00610|CLH1_HUMAN,9,/core/www/modules/match_peptides/blast_html4.php?run_id=110202&search_id=114132&scans_id=110198&peptide_id=17924&scanf=26244&charge=3&value=9,R.ALEHFTDLYDIK.R,/core/www/modules/show_out/show_out_wrapper.php?run_id=110202&search_id=114132&scans_id=110198&peptide_id=17924&scanf=26244&charge=3&value=R.ALEHFTDLYDIK.R,CLTC,8.039e+6,2.541,0.018,1.734,0.000
26246,2,"  1.234","  0.104",7/12,/core/www/modules//sdig/index.php?run_id=110202&search_id=114132&scans_id=110198&peptide_id=17926&scanf=26246&charge=2&value=7/12,sp|Q8IUH3|RBM45_HUMAN,/core/www/modules//consensus/?run_id=110202&search_id=114132&scans_id=110198&peptide_id=17926&scanf=26246&charge=2&value=sp|Q8IUH3|RBM45_HUMAN,0,/core/www/modules/match_peptides/blast_html4.php?run_id=110202&search_id=114132&scans_id=110198&peptide_id=17926&scanf=26246&charge=2&value=0,R.IFVMIPK.S,/core/www/modules/show_out/show_out_wrapper.php?run_id=110202&search_id=114132&scans_id=110198&peptide_id=17926&scanf=26246&charge=2&value=R.IFVMIPK.S,RBM45,3.222e+6,1.920,0.135,0.868,0.007
26248,3,"  3.433","  0.587",13/40,/core/www/modules//sdig/index.php?run_id=110202&search_id=114132&scans_id=110198&peptide_id=17928&scanf=26248&charge=3&value=13/40,sp|O00148|DX39A_HUMAN,/core/www/modules//consensus/?run_id=110202&search_id=114132&scans_id=110198&peptide_id=17928&scanf=26248&charge=3&value=sp|O00148|DX39A_HUMAN,5,/core/www/modules/match_peptides/blast_html4.php?run_id=110202&search_id=114132&scans_id=110198&peptide_id=17928&scanf=26248&charge=3&value=5,R.RILVATNLFGR.G,/core/www/modules/show_out/show_out_wrapper.php?run_id=110202&search_id=114132&scans_id=110198&peptide_id=17928&scanf=26248&charge=3&value=R.RILVATNLFGR.G,DDX39A,3.491e+6,3.454,0.001,3.080,0.000
26250,2,"  1.592","  0.495",8/18,/core/www/modules//sdig/index.php?run_id=110202&search_id=114132&scans_id=110198&peptide_id=17930&scanf=26250&charge=2&value=8/18,sp|Q02878|RL6_HUMAN,/core/www/modules//consensus/?run_id=110202&search_id=114132&scans_id=110198&peptide_id=17930&scanf=26250&charge=2&value=sp|Q02878|RL6_HUMAN,0,/core/www/modules/match_peptides/blast_html4.php?run_id=110202&search_id=114132&scans_id=110198&peptide_id=17930&scanf=26250&charge=2&value=0,K.AIPQLQGYLR.S,/core/www/modules/show_out/show_out_wrapper.php?run_id=110202&search_id=114132&scans_id=110198&peptide_id=17930&scanf=26250&charge=2&value=K.AIPQLQGYLR.S,RPL6,2.227e+8,3.042,0.003,2.470,0.000
26252,2,"  2.017","  0.301",9/14,/core/www/modules//sdig/index.php?run_id=110202&search_id=114132&scans_id=110198&peptide_id=17932&scanf=26252&charge=2&value=9/14,sp|Q15907|RB11B_HUMAN,/core/www/modules//consensus/?run_id=110202&search_id=114132&scans_id=110198&peptide_id=17932&scanf=26252&charge=2&value=sp|Q15907|RB11B_HUMAN,0,/core/www/modules/match_peptides/blast_html4.php?run_id=110202&search_id=114132&scans_id=110198&peptide_id=17932&scanf=26252&charge=2&value=0,K.NILTEIYR.I,/core/www/modules/show_out/show_out_wrapper.php?run_id=110202&search_id=114132&scans_id=110198&peptide_id=17932&scanf=26252&charge=2&value=K.NILTEIYR.I,RAB11B,9.359e+7,2.714,0.010,1.986,0.000
26255,2,"  5.837","  0.682",28/28,/core/www/modules//sdig/index.php?run_id=110202&search_id=114132&scans_id=110198&peptide_id=17935&scanf=26255&charge=2&value=28/28,sp|P19338|NUCL_HUMAN,/core/www/modules//consensus/?run_id=110202&search_id=114132&scans_id=110198&peptide_id=17935&scanf=26255&charge=2&value=sp|P19338|NUCL_HUMAN,10,/core/www/modules/match_peptides/blast_html4.php?run_id=110202&search_id=114132&scans_id=110198&peptide_id=17935&scanf=26255&charge=2&value=10,R.KFGYVDFESAEDLEK.A,/core/www/modules/show_out/show_out_wrapper.php?run_id=110202&search_id=114132&scans_id=110198&peptide_id=17935&scanf=26255&charge=2&value=R.KFGYVDFESAEDLEK.A,NCL,5.309e+7,4.423,0.000,4.517,0.000
26256,2,"  3.501","  0.613",12/22,/core/www/modules//sdig/index.php?run_id=110202&search_id=114132&scans_id=110198&peptide_id=17936&scanf=26256&charge=2&value=12/22,sp|Q9Y5Q9|TF3C3_HUMAN,/core/www/modules//consensus/?run_id=110202&search_id=114132&scans_id=110198&peptide_id=17936&scanf=26256&charge=2&value=sp|Q9Y5Q9|TF3C3_HUMAN,1,/core/www/modules/match_peptides/blast_html4.php?run_id=110202&search_id=114132&scans_id=110198&peptide_id=17936&scanf=26256&charge=2&value=1,R.ILNLLSPSDGER.F,/core/www/modules/show_out/show_out_wrapper.php?run_id=110202&search_id=114132&scans_id=110198&peptide_id=17936&scanf=26256&charge=2&value=R.ILNLLSPSDGER.F,GTF3C3,7.253e+6,3.538,0.001,3.205,0.000
26258,2,"  2.706","  0.370",11/18,/core/www/modules//sdig/index.php?run_id=110202&search_id=114132&scans_id=110198&peptide_id=17938&scanf=26258&charge=2&value=11/18,sp|Q29RF7|PDS5A_HUMAN,/core/www/modules//consensus/?run_id=110202&search_id=114132&scans_id=110198&peptide_id=17938&scanf=26258&charge=2&value=sp|Q29RF7|PDS5A_HUMAN,0,/core/www/modules/match_peptides/blast_html4.php?run_id=110202&search_id=114132&scans_id=110198&peptide_id=17938&scanf=26258&charge=2&value=0,K.VAEAAIQIFR.N,/core/www/modules/show_out/show_out_wrapper.php?run_id=110202&search_id=114132&scans_id=110198&peptide_id=17938&scanf=26258&charge=2&value=K.VAEAAIQIFR.N,PDS5A,2.954e+6,2.962,0.004,2.353,0.000
26260,2,"  2.187","  0.000",7/20,/core/www/modules//sdig/index.php?run_id=110202&search_id=114132&scans_id=110198&peptide_id=17940&scanf=26260&charge=2&value=7/20,sp|P22087|FBRL_HUMAN,/core/www/modules//consensus/?run_id=110202&search_id=114132&scans_id=110198&peptide_id=17940&scanf=26260&charge=2&value=sp|P22087|FBRL_HUMAN,0,/core/www/modules/match_peptides/blast_html4.php?run_id=110202&search_id=114132&scans_id=110198&peptide_id=17940&scanf=26260&charge=2&value=0,R.TNIIPVIEDAR.H,/core/www/modules/show_out/show_out_wrapper.php?run_id=110202&search_id=114132&scans_id=110198&peptide_id=17940&scanf=26260&charge=2&value=R.TNIIPVIEDAR.H,FBL,3.926e+6,2.288,0.043,1.370,0.001
26265,2,"  1.256","  0.273",6/14,/core/www/modules//sdig/index.php?run_id=110202&search_id=114132&scans_id=110198&peptide_id=17945&scanf=26265&charge=2&value=6/14,sp|O96013|PAK4_HUMAN,/core/www/modules//consensus/?run_id=110202&search_id=114132&scans_id=110198&peptide_id=17945&scanf=26265&charge=2&value=sp|O96013|PAK4_HUMAN,0,/core/www/modules/match_peptides/blast_html4.php?run_id=110202&search_id=114132&scans_id=110198&peptide_id=17945&scanf=26265&charge=2&value=0,R.SYLDNFIK.I,/core/www/modules/show_out/show_out_wrapper.php?run_id=110202&search_id=114132&scans_id=110198&peptide_id=17945&scanf=26265&charge=2&value=R.SYLDNFIK.I,PAK4,3.532e+6,2.228,0.052,1.285,0.002
26271,3,"  3.066","  0.240",11/60,/core/www/modules//sdig/index.php?run_id=110202&search_id=114132&scans_id=110198&peptide_id=17951&scanf=26271&charge=3&value=11/60,sp|P62736|ACTA_HUMAN,/core/www/modules//consensus/?run_id=110202&search_id=114132&scans_id=110198&peptide_id=17951&scanf=26271&charge=3&value=sp|P62736|ACTA_HUMAN,8,/core/www/modules/match_peptides/blast_html4.php?run_id=110202&search_id=114132&scans_id=110198&peptide_id=17951&scanf=26271&charge=3&value=8,K.YPIEHGIITNWDDM*EK.I,/core/www/modules/show_out/show_out_wrapper.php?run_id=110202&search_id=114132&scans_id=110198&peptide_id=17951&scanf=26271&charge=3&value=K.YPIEHGIITNWDDM*EK.I,ACTA2,2.732e+8,2.068,0.086,1.064,0.004
26273,2,"  1.921","  0.218",8/14,/core/www/modules//sdig/index.php?run_id=110202&search_id=114132&scans_id=110198&peptide_id=17953&scanf=26273&charge=2&value=8/14,sp|Q13200|PSMD2_HUMAN,/core/www/modules//consensus/?run_id=110202&search_id=114132&scans_id=110198&peptide_id=17953&scanf=26273&charge=2&value=sp|Q13200|PSMD2_HUMAN,0,/core/www/modules/match_peptides/blast_html4.php?run_id=110202&search_id=114132&scans_id=110198&peptide_id=17953&scanf=26273&charge=2&value=0,R.EPLLTLVK.E,/core/www/modules/show_out/show_out_wrapper.php?run_id=110202&search_id=114132&scans_id=110198&peptide_id=17953&scanf=26273&charge=2&value=R.EPLLTLVK.E,PSMD2,1.617e+7,2.389,0.031,1.514,0.001
26274,2,"  3.817","  0.387",14/20,/core/www/modules//sdig/index.php?run_id=110202&search_id=114132&scans_id=110198&peptide_id=17954&scanf=26274&charge=2&value=14/20,sp|P11388|TOP2A_HUMAN,/core/www/modules//consensus/?run_id=110202&search_id=114132&scans_id=110198&peptide_id=17954&scanf=26274&charge=2&value=sp|P11388|TOP2A_HUMAN,5,/core/www/modules/match_peptides/blast_html4.php?run_id=110202&search_id=114132&scans_id=110198&peptide_id=17954&scanf=26274&charge=2&value=5,R.KEWLTNFMEDR.R,/core/www/modules/show_out/show_out_wrapper.php?run_id=110202&search_id=114132&scans_id=110198&peptide_id=17954&scanf=26274&charge=2&value=R.KEWLTNFMEDR.R,TOP2A,4.759e+6,2.586,0.016,1.799,0.000
26277,2,"  4.237","  0.584",15/26,/core/www/modules//sdig/index.php?run_id=110202&search_id=114132&scans_id=110198&peptide_id=17957&scanf=26277&charge=2&value=15/26,sp|P62913|RL11_HUMAN,/core/www/modules//consensus/?run_id=110202&search_id=114132&scans_id=110198&peptide_id=17957&scanf=26277&charge=2&value=sp|P62913|RL11_HUMAN,1,/core/www/modules/match_peptides/blast_html4.php?run_id=110202&search_id=114132&scans_id=110198&peptide_id=17957&scanf=26277&charge=2&value=1,K.VLEQLTGQTPVFSK.A,/core/www/modules/show_out/show_out_wrapper.php?run_id=110202&search_id=114132&scans_id=110198&peptide_id=17957&scanf=26277&charge=2&value=K.VLEQLTGQTPVFSK.A,RPL11,1.840e+8,3.451,0.001,3.076,0.000
26280,3,"  2.207","  0.158",11/32,/core/www/modules//sdig/index.php?run_id=110202&search_id=114132&scans_id=110198&peptide_id=17961&scanf=26280&charge=3&value=11/32,sp|P09661|RU2A_HUMAN,/core/www/modules//consensus/?run_id=110202&search_id=114132&scans_id=110198&peptide_id=17961&scanf=26280&charge=3&value=sp|P09661|RU2A_HUMAN,1,/core/www/modules/match_peptides/blast_html4.php?run_id=110202&search_id=114132&scans_id=110198&peptide_id=17961&scanf=26280&charge=3&value=1,R.KLDGFPLLR.R,/core/www/modules/show_out/show_out_wrapper.php?run_id=110202&search_id=114132&scans_id=110198&peptide_id=17961&scanf=26280&charge=3&value=R.KLDGFPLLR.R,SNRPA1,9.860e+6,1.967,0.118,0.929,0.005
26284,2,"  4.228","  0.636",17/30,/core/www/modules//sdig/index.php?run_id=110202&search_id=114132&scans_id=110198&peptide_id=17965&scanf=26284&charge=2&value=17/30,sp|O75533|SF3B1_HUMAN,/core/www/modules//consensus/?run_id=110202&search_id=114132&scans_id=110198&peptide_id=17965&scanf=26284&charge=2&value=sp|O75533|SF3B1_HUMAN,0,/core/www/modules/match_peptides/blast_html4.php?run_id=110202&search_id=114132&scans_id=110198&peptide_id=17965&scanf=26284&charge=2&value=0,K.LLVDVDESTLSPEEQK.E,/core/www/modules/show_out/show_out_wrapper.php?run_id=110202&search_id=114132&scans_id=110198&peptide_id=17965&scanf=26284&charge=2&value=K.LLVDVDESTLSPEEQK.E,SF3B1,2.498e+7,3.776,0.000,3.558,0.000
26287,3,"  3.843","  0.483",13/48,/core/www/modules//sdig/index.php?run_id=110202&search_id=114132&scans_id=110198&peptide_id=17968&scanf=26287&charge=3&value=13/48,sp|P30876|RPB2_HUMAN,/core/www/modules//consensus/?run_id=110202&search_id=114132&scans_id=110198&peptide_id=17968&scanf=26287&charge=3&value=sp|P30876|RPB2_HUMAN,2,/core/www/modules/match_peptides/blast_html4.php?run_id=110202&search_id=114132&scans_id=110198&peptide_id=17968&scanf=26287&charge=3&value=2,K.ISNLLSDYGYHLR.G,/core/www/modules/show_out/show_out_wrapper.php?run_id=110202&search_id=114132&scans_id=110198&peptide_id=17968&scanf=26287&charge=3&value=K.ISNLLSDYGYHLR.G,POLR2B,4.883e+6,3.166,0.002,2.654,0.000
26289,2,"  1.895","  0.000",8/20,/core/www/modules//sdig/index.php?run_id=110202&search_id=114132&scans_id=110198&peptide_id=17970&scanf=26289&charge=2&value=8/20,sp|P51153|RAB13_HUMAN,/core/www/modules//consensus/?run_id=110202&search_id=114132&scans_id=110198&peptide_id=17970&scanf=26289&charge=2&value=sp|P51153|RAB13_HUMAN,1,/core/www/modules/match_peptides/blast_html4.php?run_id=110202&search_id=114132&scans_id=110198&peptide_id=17970&scanf=26289&charge=2&value=1,K.LLLIGDSGVGK.T,/core/www/modules/show_out/show_out_wrapper.php?run_id=110202&search_id=114132&scans_id=110198&peptide_id=17970&scanf=26289&charge=2&value=K.LLLIGDSGVGK.T,RAB13,2.441e+6,2.406,0.029,1.539,0.001
26290,3,"  2.414","  0.333",6/40,/core/www/modules//sdig/index.php?run_id=110202&search_id=114132&scans_id=110198&peptide_id=17972&scanf=26290&charge=3&value=6/40,sp|P60709|ACTB_HUMAN,/core/www/modules//consensus/?run_id=110202&search_id=114132&scans_id=110198&peptide_id=17972&scanf=26290&charge=3&value=sp|P60709|ACTB_HUMAN,25,/core/www/modules/match_peptides/blast_html4.php?run_id=110202&search_id=114132&scans_id=110198&peptide_id=17972&scanf=26290&charge=3&value=25,K.IWHHTFYNELR.V,/core/www/modules/show_out/show_out_wrapper.php?run_id=110202&search_id=114132&scans_id=110198&peptide_id=17972&scanf=26290&charge=3&value=K.IWHHTFYNELR.V,ACTB,2.685e+6,3.030,0.004,2.452,0.000
26292,2,"  3.147","  0.537",14/24,/core/www/modules//sdig/index.php?run_id=110202&search_id=114132&scans_id=110198&peptide_id=17973&scanf=26292&charge=2&value=14/24,sp|P12004|PCNA_HUMAN,/core/www/modules//consensus/?run_id=110202&search_id=114132&scans_id=110198&peptide_id=17973&scanf=26292&charge=2&value=sp|P12004|PCNA_HUMAN,0,/core/www/modules/match_peptides/blast_html4.php?run_id=110202&search_id=114132&scans_id=110198&peptide_id=17973&scanf=26292&charge=2&value=0,R.NLAMGVNLTSMSK.I,/core/www/modules/show_out/show_out_wrapper.php?run_id=110202&search_id=114132&scans_id=110198&peptide_id=17973&scanf=26292&charge=2&value=R.NLAMGVNLTSMSK.I,PCNA,6.508e+6,3.274,0.002,2.813,0.000
26294,2,"  1.652","  0.339",8/18,/core/www/modules//sdig/index.php?run_id=110202&search_id=114132&scans_id=110198&peptide_id=17975&scanf=26294&charge=2&value=8/18,sp|O75643|U520_HUMAN,/core/www/modules//consensus/?run_id=110202&search_id=114132&scans_id=110198&peptide_id=17975&scanf=26294&charge=2&value=sp|O75643|U520_HUMAN,1,/core/www/modules/match_peptides/blast_html4.php?run_id=110202&search_id=114132&scans_id=110198&peptide_id=17975&scanf=26294&charge=2&value=1,R.GPVLEALVAR.A,/core/www/modules/show_out/show_out_wrapper.php?run_id=110202&search_id=114132&scans_id=110198&peptide_id=17975&scanf=26294&charge=2&value=R.GPVLEALVAR.A,SNRNP200,1.225e+7,2.731,0.010,2.012,0.000
26295,3,"  2.352","  0.439",8/60,/core/www/modules//sdig/index.php?run_id=110202&search_id=114132&scans_id=110198&peptide_id=17976&scanf=26295&charge=3&value=8/60,sp|P20700|LMNB1_HUMAN,/core/www/modules//consensus/?run_id=110202&search_id=114132&scans_id=110198&peptide_id=17976&scanf=26295&charge=3&value=sp|P20700|LMNB1_HUMAN,0,/core/www/modules/match_peptides/blast_html4.php?run_id=110202&search_id=114132&scans_id=110198&peptide_id=17976&scanf=26295&charge=3&value=0,K.NTSEQDQPMGGWEMIR.K,/core/www/modules/show_out/show_out_wrapper.php?run_id=110202&search_id=114132&scans_id=110198&peptide_id=17976&scanf=26295&charge=3&value=K.NTSEQDQPMGGWEMIR.K,LMNB1,4.497e+6,2.702,0.011,1.969,0.000
26297,3,"  3.235","  0.307",7/56,/core/www/modules//sdig/index.php?run_id=110202&search_id=114132&scans_id=110198&peptide_id=17978&scanf=26297&charge=3&value=7/56,sp|P28370|SMCA1_HUMAN,/core/www/modules//consensus/?run_id=110202&search_id=114132&scans_id=110198&peptide_id=17978&scanf=26297&charge=3&value=sp|P28370|SMCA1_HUMAN,2,/core/www/modules/match_peptides/blast_html4.php?run_id=110202&search_id=114132&scans_id=110198&peptide_id=17978&scanf=26297&charge=3&value=2,K.QTELFAHFIQPSAQK.S,/core/www/modules/show_out/show_out_wrapper.php?run_id=110202&search_id=114132&scans_id=110198&peptide_id=17978&scanf=26297&charge=3&value=K.QTELFAHFIQPSAQK.S,SMARCA1,8.643e+6,2.291,0.042,1.374,0.001
26299,3,"  1.708","  0.149",9/52,/core/www/modules//sdig/index.php?run_id=110202&search_id=114132&scans_id=110198&peptide_id=17980&scanf=26299&charge=3&value=9/52,sp|Q9NR30|DDX21_HUMAN,/core/www/modules//consensus/?run_id=110202&search_id=114132&scans_id=110198&peptide_id=17980&scanf=26299&charge=3&value=sp|Q9NR30|DDX21_HUMAN,4,/core/www/modules/match_peptides/blast_html4.php?run_id=110202&search_id=114132&scans_id=110198&peptide_id=17980&scanf=26299&charge=3&value=4,R.LLDSVPPTAISHFK.Q,/core/www/modules/show_out/show_out_wrapper.php?run_id=110202&search_id=114132&scans_id=110198&peptide_id=17980&scanf=26299&charge=3&value=R.LLDSVPPTAISHFK.Q,DDX21,8.313e+7,1.889,0.148,0.828,0.007
26300,2,"  3.264","  0.417",15/24,/core/www/modules//sdig/index.php?run_id=110202&search_id=114132&scans_id=110198&peptide_id=17982&scanf=26300&charge=2&value=15/24,sp|P46060|RAGP1_HUMAN,/core/www/modules//consensus/?run_id=110202&search_id=114132&scans_id=110198&peptide_id=17982&scanf=26300&charge=2&value=sp|P46060|RAGP1_HUMAN,1,/core/www/modules/match_peptides/blast_html4.php?run_id=110202&search_id=114132&scans_id=110198&peptide_id=17982&scanf=26300&charge=2&value=1,R.DAALAVAEAMADK.A,/core/www/modules/show_out/show_out_wrapper.php?run_id=110202&search_id=114132&scans_id=110198&peptide_id=17982&scanf=26300&charge=2&value=R.DAALAVAEAMADK.A,RANGAP1,9.435e+6,2.895,0.006,2.254,0.000
26307,3,"  4.227","  0.494",21/52,/core/www/modules//sdig/index.php?run_id=110202&search_id=114132&scans_id=110198&peptide_id=17989&scanf=26307&charge=3&value=21/52,sp|Q15717|ELAV1_HUMAN,/core/www/modules//consensus/?run_id=110202&search_id=114132&scans_id=110198&peptide_id=17989&scanf=26307&charge=3&value=sp|Q15717|ELAV1_HUMAN,0,/core/www/modules/match_peptides/blast_html4.php?run_id=110202&search_id=114132&scans_id=110198&peptide_id=17989&scanf=26307&charge=3&value=0,K.NVALLSQLYHSPAR.R,/core/www/modules/show_out/show_out_wrapper.php?run_id=110202&search_id=114132&scans_id=110198&peptide_id=17989&scanf=26307&charge=3&value=K.NVALLSQLYHSPAR.R,ELAVL1,4.582e+7,3.452,0.001,3.077,0.000
26309,3,"  3.253","  0.560",16/40,/core/www/modules//sdig/index.php?run_id=110202&search_id=114132&scans_id=110198&peptide_id=17991&scanf=26309&charge=3&value=16/40,sp|Q96HW7|INT4_HUMAN,/core/www/modules//consensus/?run_id=110202&search_id=114132&scans_id=110198&peptide_id=17991&scanf=26309&charge=3&value=sp|Q96HW7|INT4_HUMAN,12,/core/www/modules/match_peptides/blast_html4.php?run_id=110202&search_id=114132&scans_id=110198&peptide_id=17991&scanf=26309&charge=3&value=12,R.DSLSHLVPALR.L,/core/www/modules/show_out/show_out_wrapper.php?run_id=110202&search_id=114132&scans_id=110198&peptide_id=17991&scanf=26309&charge=3&value=R.DSLSHLVPALR.L,INTS4,4.112e+6,3.639,0.000,3.354,0.000
26313,3,"  2.425","  0.364",13/36,/core/www/modules//sdig/index.php?run_id=110202&search_id=114132&scans_id=110198&peptide_id=17995&scanf=26313&charge=3&value=13/36,sp|Q9BZZ5|API5_HUMAN,/core/www/modules//consensus/?run_id=110202&search_id=114132&scans_id=110198&peptide_id=17995&scanf=26313&charge=3&value=sp|Q9BZZ5|API5_HUMAN,1,/core/www/modules/match_peptides/blast_html4.php?run_id=110202&search_id=114132&scans_id=110198&peptide_id=17995&scanf=26313&charge=3&value=1,K.DLFHIPPSYK.S,/core/www/modules/show_out/show_out_wrapper.php?run_id=110202&search_id=114132&scans_id=110198&peptide_id=17995&scanf=26313&charge=3&value=K.DLFHIPPSYK.S,API5,8.659e+6,2.933,0.005,2.309,0.000
26315,3,"  1.974","  0.127",6/52,/core/www/modules//sdig/index.php?run_id=110202&search_id=114132&scans_id=110198&peptide_id=17997&scanf=26315&charge=3&value=6/52,sp|Q14204|DYHC1_HUMAN,/core/www/modules//consensus/?run_id=110202&search_id=114132&scans_id=110198&peptide_id=17997&scanf=26315&charge=3&value=sp|Q14204|DYHC1_HUMAN,27,/core/www/modules/match_peptides/blast_html4.php?run_id=110202&search_id=114132&scans_id=110198&peptide_id=17997&scanf=26315&charge=3&value=27,R.LEGVEGVAHIIDPK.A,/core/www/modules/show_out/show_out_wrapper.php?run_id=110202&search_id=114132&scans_id=110198&peptide_id=17997&scanf=26315&charge=3&value=R.LEGVEGVAHIIDPK.A,DYNC1H1,6.244e+6,1.902,0.143,0.845,0.007
26316,3,"  3.009","  0.429",11/56,/core/www/modules//sdig/index.php?run_id=110202&search_id=114132&scans_id=110198&peptide_id=17998&scanf=26316&charge=3&value=11/56,sp|P13861|KAP2_HUMAN,/core/www/modules//consensus/?run_id=110202&search_id=114132&scans_id=110198&peptide_id=17998&scanf=26316&charge=3&value=sp|P13861|KAP2_HUMAN,2,/core/www/modules/match_peptides/blast_html4.php?run_id=110202&search_id=114132&scans_id=110198&peptide_id=17998&scanf=26316&charge=3&value=2,K.GQYFGELALVTNKPR.A,/core/www/modules/show_out/show_out_wrapper.php?run_id=110202&search_id=114132&scans_id=110198&peptide_id=17998&scanf=26316&charge=3&value=K.GQYFGELALVTNKPR.A,PRKAR2A,5.966e+6,2.763,0.009,2.059,0.000
26319,2,"  1.931","  0.348",8/14,/core/www/modules//sdig/index.php?run_id=110202&search_id=114132&scans_id=110198&peptide_id=18001&scanf=26319&charge=2&value=8/14,sp|Q8N3U4|STAG2_HUMAN,/core/www/modules//consensus/?run_id=110202&search_id=114132&scans_id=110198&peptide_id=18001&scanf=26319&charge=2&value=sp|Q8N3U4|STAG2_HUMAN,3,/core/www/modules/match_peptides/blast_html4.php?run_id=110202&search_id=114132&scans_id=110198&peptide_id=18001&scanf=26319&charge=2&value=3,K.DGIEFAFK.E,/core/www/modules/show_out/show_out_wrapper.php?run_id=110202&search_id=114132&scans_id=110198&peptide_id=18001&scanf=26319&charge=2&value=K.DGIEFAFK.E,STAG2,1.581e+7,2.791,0.008,2.100,0.000
26320,2,"  2.401","  0.496",11/18,/core/www/modules//sdig/index.php?run_id=110202&search_id=114132&scans_id=110198&peptide_id=18003&scanf=26320&charge=2&value=11/18,sp|P42704|LPPRC_HUMAN,/core/www/modules//consensus/?run_id=110202&search_id=114132&scans_id=110198&peptide_id=18003&scanf=26320&charge=2&value=sp|P42704|LPPRC_HUMAN,13,/core/www/modules/match_peptides/blast_html4.php?run_id=110202&search_id=114132&scans_id=110198&peptide_id=18003&scanf=26320&charge=2&value=13,K.GAYDIFLNAK.E,/core/www/modules/show_out/show_out_wrapper.php?run_id=110202&search_id=114132&scans_id=110198&peptide_id=18003&scanf=26320&charge=2&value=K.GAYDIFLNAK.E,LRPPRC,5.364e+6,3.345,0.001,2.918,0.000
26322,2,"  2.427","  0.394",7/26,/core/www/modules//sdig/index.php?run_id=110202&search_id=114132&scans_id=110198&peptide_id=18005&scanf=26322&charge=2&value=7/26,sp|Q9H2W6|RM46_HUMAN,/core/www/modules//consensus/?run_id=110202&search_id=114132&scans_id=110198&peptide_id=18005&scanf=26322&charge=2&value=sp|Q9H2W6|RM46_HUMAN,0,/core/www/modules/match_peptides/blast_html4.php?run_id=110202&search_id=114132&scans_id=110198&peptide_id=18005&scanf=26322&charge=2&value=0,K.ALLLTGDFSQAGNK.G,/core/www/modules/show_out/show_out_wrapper.php?run_id=110202&search_id=114132&scans_id=110198&peptide_id=18005&scanf=26322&charge=2&value=K.ALLLTGDFSQAGNK.G,MRPL46,2.959e+6,2.146,0.068,1.170,0.002
26324,2,"  3.376","  0.637",13/22,/core/www/modules//sdig/index.php?run_id=110202&search_id=114132&scans_id=110198&peptide_id=18007&scanf=26324&charge=2&value=13/22,sp|P29590|PML_HUMAN,/core/www/modules//consensus/?run_id=110202&search_id=114132&scans_id=110198&peptide_id=18007&scanf=26324&charge=2&value=sp|P29590|PML_HUMAN,1,/core/www/modules/match_peptides/blast_html4.php?run_id=110202&search_id=114132&scans_id=110198&peptide_id=18007&scanf=26324&charge=2&value=1,R.APASEEEFQFLR.C,/core/www/modules/show_out/show_out_wrapper.php?run_id=110202&search_id=114132&scans_id=110198&peptide_id=18007&scanf=26324&charge=2&value=R.APASEEEFQFLR.C,PML,9.624e+6,3.673,0.000,3.404,0.000
26325,2,"  2.522","  0.436",8/20,/core/www/modules//sdig/index.php?run_id=110202&search_id=114132&scans_id=110198&peptide_id=18008&scanf=26325&charge=2&value=8/20,sp|P46940|IQGA1_HUMAN,/core/www/modules//consensus/?run_id=110202&search_id=114132&scans_id=110198&peptide_id=18008&scanf=26325&charge=2&value=sp|P46940|IQGA1_HUMAN,2,/core/www/modules/match_peptides/blast_html4.php?run_id=110202&search_id=114132&scans_id=110198&peptide_id=18008&scanf=26325&charge=2&value=2,K.FLSAIVSSVDK.I,/core/www/modules/show_out/show_out_wrapper.php?run_id=110202&search_id=114132&scans_id=110198&peptide_id=18008&scanf=26325&charge=2&value=K.FLSAIVSSVDK.I,IQGAP1,3.362e+6,2.782,0.008,2.087,0.000
26326,3,"  2.642","  0.394",11/44,/core/www/modules//sdig/index.php?run_id=110202&search_id=114132&scans_id=110198&peptide_id=18009&scanf=26326&charge=3&value=11/44,sp|Q96ST3|SIN3A_HUMAN,/core/www/modules//consensus/?run_id=110202&search_id=114132&scans_id=110198&peptide_id=18009&scanf=26326&charge=3&value=sp|Q96ST3|SIN3A_HUMAN,0,/core/www/modules/match_peptides/blast_html4.php?run_id=110202&search_id=114132&scans_id=110198&peptide_id=18009&scanf=26326&charge=3&value=0,R.KNPSIAVPIVLK.R,/core/www/modules/show_out/show_out_wrapper.php?run_id=110202&search_id=114132&scans_id=110198&peptide_id=18009&scanf=26326&charge=3&value=R.KNPSIAVPIVLK.R,SIN3A,7.495e+6,2.544,0.018,1.738,0.000
26329,3,"  3.843","  0.517",19/68,/core/www/modules//sdig/index.php?run_id=110202&search_id=114132&scans_id=110198&peptide_id=18012&scanf=26329&charge=3&value=19/68,sp|Q8IY37|DHX37_HUMAN,/core/www/modules//consensus/?run_id=110202&search_id=114132&scans_id=110198&peptide_id=18012&scanf=26329&charge=3&value=sp|Q8IY37|DHX37_HUMAN,1,/core/www/modules/match_peptides/blast_html4.php?run_id=110202&search_id=114132&scans_id=110198&peptide_id=18012&scanf=26329&charge=3&value=1,R.ELFEELDRPAASDEELTR.L,/core/www/modules/show_out/show_out_wrapper.php?run_id=110202&search_id=114132&scans_id=110198&peptide_id=18012&scanf=26329&charge=3&value=R.ELFEELDRPAASDEELTR.L,DHX37,4.452e+6,3.019,0.004,2.437,0.000
26331,3,"  2.825","  0.497",7/68,/core/www/modules//sdig/index.php?run_id=110202&search_id=114132&scans_id=110198&peptide_id=18015&scanf=26331&charge=3&value=7/68,sp|Q9UIG0|BAZ1B_HUMAN,/core/www/modules//consensus/?run_id=110202&search_id=114132&scans_id=110198&peptide_id=18015&scanf=26331&charge=3&value=sp|Q9UIG0|BAZ1B_HUMAN,0,/core/www/modules/match_peptides/blast_html4.php?run_id=110202&search_id=114132&scans_id=110198&peptide_id=18015&scanf=26331&charge=3&value=0,R.AGTGENAPWVVEDELVKK.Y,/core/www/modules/show_out/show_out_wrapper.php?run_id=110202&search_id=114132&scans_id=110198&peptide_id=18015&scanf=26331&charge=3&value=R.AGTGENAPWVVEDELVKK.Y,BAZ1B,3.438e+6,2.574,0.017,1.781,0.000
26334,2,"  4.011","  0.269",16/26,/core/www/modules//sdig/index.php?run_id=110202&search_id=114132&scans_id=110198&peptide_id=18017&scanf=26334&charge=2&value=16/26,sp|A6NHR9|SMHD1_HUMAN,/core/www/modules//consensus/?run_id=110202&search_id=114132&scans_id=110198&peptide_id=18017&scanf=26334&charge=2&value=sp|A6NHR9|SMHD1_HUMAN,1,/core/www/modules/match_peptides/blast_html4.php?run_id=110202&search_id=114132&scans_id=110198&peptide_id=18017&scanf=26334&charge=2&value=1,R.SLNSDISYFGVGGK.Q,/core/www/modules/show_out/show_out_wrapper.php?run_id=110202&search_id=114132&scans_id=110198&peptide_id=18017&scanf=26334&charge=2&value=R.SLNSDISYFGVGGK.Q,SMCHD1,1.351e+7,2.706,0.011,1.975,0.000
26335,2,"  3.174","  0.384",13/24,/core/www/modules//sdig/index.php?run_id=110202&search_id=114132&scans_id=110198&peptide_id=18018&scanf=26335&charge=2&value=13/24,sp|O75691|UTP20_HUMAN,/core/www/modules//consensus/?run_id=110202&search_id=114132&scans_id=110198&peptide_id=18018&scanf=26335&charge=2&value=sp|O75691|UTP20_HUMAN,0,/core/www/modules/match_peptides/blast_html4.php?run_id=110202&search_id=114132&scans_id=110198&peptide_id=18018&scanf=26335&charge=2&value=0,K.ALEFVTNPDIAAK.K,/core/www/modules/show_out/show_out_wrapper.php?run_id=110202&search_id=114132&scans_id=110198&peptide_id=18018&scanf=26335&charge=2&value=K.ALEFVTNPDIAAK.K,UTP20,3.682e+6,2.789,0.008,2.097,0.000
26341,2,"  2.757","  0.541",8/18,/core/www/modules//sdig/index.php?run_id=110202&search_id=114132&scans_id=110198&peptide_id=18025&scanf=26341&charge=2&value=8/18,sp|P46940|IQGA1_HUMAN,/core/www/modules//consensus/?run_id=110202&search_id=114132&scans_id=110198&peptide_id=18025&scanf=26341&charge=2&value=sp|P46940|IQGA1_HUMAN,1,/core/www/modules/match_peptides/blast_html4.php?run_id=110202&search_id=114132&scans_id=110198&peptide_id=18025&scanf=26341&charge=2&value=1,K.YGIQMPAFSK.I,/core/www/modules/show_out/show_out_wrapper.php?run_id=110202&search_id=114132&scans_id=110198&peptide_id=18025&scanf=26341&charge=2&value=K.YGIQMPAFSK.I,IQGAP1,6.097e+6,3.227,0.002,2.744,0.000
26344,3,"  3.603","  0.436",11/56,/core/www/modules//sdig/index.php?run_id=110202&search_id=114132&scans_id=110198&peptide_id=18028&scanf=26344&charge=3&value=11/56,sp|Q9BTV4|TMM43_HUMAN,/core/www/modules//consensus/?run_id=110202&search_id=114132&scans_id=110198&peptide_id=18028&scanf=26344&charge=3&value=sp|Q9BTV4|TMM43_HUMAN,0,/core/www/modules/match_peptides/blast_html4.php?run_id=110202&search_id=114132&scans_id=110198&peptide_id=18028&scanf=26344&charge=3&value=0,K.LLSDPNYGVHLPAVK.L,/core/www/modules/show_out/show_out_wrapper.php?run_id=110202&search_id=114132&scans_id=110198&peptide_id=18028&scanf=26344&charge=3&value=K.LLSDPNYGVHLPAVK.L,TMEM43,2.902e+6,2.757,0.009,2.050,0.000
26345,2,"  2.853","  0.616",13/26,/core/www/modules//sdig/index.php?run_id=110202&search_id=114132&scans_id=110198&peptide_id=18029&scanf=26345&charge=2&value=13/26,sp|P18583|SON_HUMAN,/core/www/modules//consensus/?run_id=110202&search_id=114132&scans_id=110198&peptide_id=18029&scanf=26345&charge=2&value=sp|P18583|SON_HUMAN,4,/core/www/modules/match_peptides/blast_html4.php?run_id=110202&search_id=114132&scans_id=110198&peptide_id=18029&scanf=26345&charge=2&value=4,K.EADSVYGEWVPVEK.N,/core/www/modules/show_out/show_out_wrapper.php?run_id=110202&search_id=114132&scans_id=110198&peptide_id=18029&scanf=26345&charge=2&value=K.EADSVYGEWVPVEK.N,SON,4.707e+6,3.491,0.001,3.135,0.000
26346,2,"  2.467","  0.346",9/16,/core/www/modules//sdig/index.php?run_id=110202&search_id=114132&scans_id=110198&peptide_id=18030&scanf=26346&charge=2&value=9/16,sp|Q9Y4W2|LAS1L_HUMAN,/core/www/modules//consensus/?run_id=110202&search_id=114132&scans_id=110198&peptide_id=18030&scanf=26346&charge=2&value=sp|Q9Y4W2|LAS1L_HUMAN,6,/core/www/modules/match_peptides/blast_html4.php?run_id=110202&search_id=114132&scans_id=110198&peptide_id=18030&scanf=26346&charge=2&value=6,R.ETWELEEFR.E,/core/www/modules/show_out/show_out_wrapper.php?run_id=110202&search_id=114132&scans_id=110198&peptide_id=18030&scanf=26346&charge=2&value=R.ETWELEEFR.E,LAS1L,3.644e+6,2.754,0.009,2.045,0.000
26348,2,"  2.730","  0.421",14/28,/core/www/modules//sdig/index.php?run_id=110202&search_id=114132&scans_id=110198&peptide_id=18032&scanf=26348&charge=2&value=14/28,sp|Q07021|C1QBP_HUMAN,/core/www/modules//consensus/?run_id=110202&search_id=114132&scans_id=110198&peptide_id=18032&scanf=26348&charge=2&value=sp|Q07021|C1QBP_HUMAN,2,/core/www/modules/match_peptides/blast_html4.php?run_id=110202&search_id=114132&scans_id=110198&peptide_id=18032&scanf=26348&charge=2&value=2,K.MSGGWELELNGTEAK.L,/core/www/modules/show_out/show_out_wrapper.php?run_id=110202&search_id=114132&scans_id=110198&peptide_id=18032&scanf=26348&charge=2&value=K.MSGGWELELNGTEAK.L,C1QBP,2.826e+6,2.472,0.023,1.633,0.001
26350,2,"  3.478","  0.530",13/26,/core/www/modules//sdig/index.php?run_id=110202&search_id=114132&scans_id=110198&peptide_id=18035&scanf=26350&charge=2&value=13/26,sp|P27635|RL10_HUMAN,/core/www/modules//consensus/?run_id=110202&search_id=114132&scans_id=110198&peptide_id=18035&scanf=26350&charge=2&value=sp|P27635|RL10_HUMAN,2,/core/www/modules/match_peptides/blast_html4.php?run_id=110202&search_id=114132&scans_id=110198&peptide_id=18035&scanf=26350&charge=2&value=2,K.FNADEFEDMVAEKR.L,/core/www/modules/show_out/show_out_wrapper.php?run_id=110202&search_id=114132&scans_id=110198&peptide_id=18035&scanf=26350&charge=2&value=K.FNADEFEDMVAEKR.L,RPL10,2.424e+6,2.854,0.006,2.193,0.000
26355,2,"  3.998","  0.638",18/28,/core/www/modules//sdig/index.php?run_id=110202&search_id=114132&scans_id=110198&peptide_id=18039&scanf=26355&charge=2&value=18/28,sp|Q8WTT2|NOC3L_HUMAN,/core/www/modules//consensus/?run_id=110202&search_id=114132&scans_id=110198&peptide_id=18039&scanf=26355&charge=2&value=sp|Q8WTT2|NOC3L_HUMAN,0,/core/www/modules/match_peptides/blast_html4.php?run_id=110202&search_id=114132&scans_id=110198&peptide_id=18039&scanf=26355&charge=2&value=0,R.SMLMEQDPDVAVTVR.K,/core/www/modules/show_out/show_out_wrapper.php?run_id=110202&search_id=114132&scans_id=110198&peptide_id=18039&scanf=26355&charge=2&value=R.SMLMEQDPDVAVTVR.K,NOC3L,1.609e+7,3.766,0.000,3.543,0.000
26356,3,"  3.623","  0.488",19/68,/core/www/modules//sdig/index.php?run_id=110202&search_id=114132&scans_id=110198&peptide_id=18040&scanf=26356&charge=3&value=19/68,sp|Q8IY37|DHX37_HUMAN,/core/www/modules//consensus/?run_id=110202&search_id=114132&scans_id=110198&peptide_id=18040&scanf=26356&charge=3&value=sp|Q8IY37|DHX37_HUMAN,1,/core/www/modules/match_peptides/blast_html4.php?run_id=110202&search_id=114132&scans_id=110198&peptide_id=18040&scanf=26356&charge=3&value=1,R.ELFEELDRPAASDEELTR.L,/core/www/modules/show_out/show_out_wrapper.php?run_id=110202&search_id=114132&scans_id=110198&peptide_id=18040&scanf=26356&charge=3&value=R.ELFEELDRPAASDEELTR.L,DHX37,4.452e+6,2.996,0.004,2.402,0.000
26357,2,"  1.655","  0.502",10/18,/core/www/modules//sdig/index.php?run_id=110202&search_id=114132&scans_id=110198&peptide_id=18041&scanf=26357&charge=2&value=10/18,sp|P50213|IDH3A_HUMAN,/core/www/modules//consensus/?run_id=110202&search_id=114132&scans_id=110198&peptide_id=18041&scanf=26357&charge=2&value=sp|P50213|IDH3A_HUMAN,2,/core/www/modules/match_peptides/blast_html4.php?run_id=110202&search_id=114132&scans_id=110198&peptide_id=18041&scanf=26357&charge=2&value=2,R.IAEFAFEYAR.N,/core/www/modules/show_out/show_out_wrapper.php?run_id=110202&search_id=114132&scans_id=110198&peptide_id=18041&scanf=26357&charge=2&value=R.IAEFAFEYAR.N,IDH3A,6.987e+6,3.163,0.002,2.649,0.000
26359,2,"  3.003","  0.421",13/22,/core/www/modules//sdig/index.php?run_id=110202&search_id=114132&scans_id=110198&peptide_id=18043&scanf=26359&charge=2&value=13/22,sp|Q15084|PDIA6_HUMAN,/core/www/modules//consensus/?run_id=110202&search_id=114132&scans_id=110198&peptide_id=18043&scanf=26359&charge=2&value=sp|Q15084|PDIA6_HUMAN,0,/core/www/modules/match_peptides/blast_html4.php?run_id=110202&search_id=114132&scans_id=110198&peptide_id=18043&scanf=26359&charge=2&value=0,K.DVIELTDDSFDK.N,/core/www/modules/show_out/show_out_wrapper.php?run_id=110202&search_id=114132&scans_id=110198&peptide_id=18043&scanf=26359&charge=2&value=K.DVIELTDDSFDK.N,PDIA6,7.128e+6,2.965,0.004,2.356,0.000
26361,3,"  6.398","  0.780",27/124,/core/www/modules//sdig/index.php?run_id=110202&search_id=114132&scans_id=110198&peptide_id=18046&scanf=26361&charge=3&value=27/124,sp|Q8TAQ2|SMRC2_HUMAN,/core/www/modules//consensus/?run_id=110202&search_id=114132&scans_id=110198&peptide_id=18046&scanf=26361&charge=3&value=sp|Q8TAQ2|SMRC2_HUMAN,1,/core/www/modules/match_peptides/blast_html4.php?run_id=110202&search_id=114132&scans_id=110198&peptide_id=18046&scanf=26361&charge=3&value=1,K.ADPAFGLESSGIAGTTSDEPERIEESGNDEAR.V,/core/www/modules/show_out/show_out_wrapper.php?run_id=110202&search_id=114132&scans_id=110198&peptide_id=18046&scanf=26361&charge=3&value=K.ADPAFGLESSGIAGTTSDEPERIEESGNDEAR.V,SMARCC2,1.104e+7,3.422,0.001,3.032,0.000
26362,2,"  2.332","  0.465",7/28,/core/www/modules//sdig/index.php?run_id=110202&search_id=114132&scans_id=110198&peptide_id=18047&scanf=26362&charge=2&value=7/28,sp|P21980|TGM2_HUMAN,/core/www/modules//consensus/?run_id=110202&search_id=114132&scans_id=110198&peptide_id=18047&scanf=26362&charge=2&value=sp|P21980|TGM2_HUMAN,0,/core/www/modules/match_peptides/blast_html4.php?run_id=110202&search_id=114132&scans_id=110198&peptide_id=18047&scanf=26362&charge=2&value=0,K.TVEIPDPVEAGEEVK.V,/core/www/modules/show_out/show_out_wrapper.php?run_id=110202&search_id=114132&scans_id=110198&peptide_id=18047&scanf=26362&charge=2&value=K.TVEIPDPVEAGEEVK.V,TGM2,2.671e+6,2.148,0.067,1.173,0.002
26363,2,"  3.072","  0.602",17/32,/core/www/modules//sdig/index.php?run_id=110202&search_id=114132&scans_id=110198&peptide_id=18048&scanf=26363&charge=2&value=17/32,sp|Q13263|TIF1B_HUMAN,/core/www/modules//consensus/?run_id=110202&search_id=114132&scans_id=110198&peptide_id=18048&scanf=26363&charge=2&value=sp|Q13263|TIF1B_HUMAN,1,/core/www/modules/match_peptides/blast_html4.php?run_id=110202&search_id=114132&scans_id=110198&peptide_id=18048&scanf=26363&charge=2&value=1,K.LSPPYSSPQEFAQDVGR.M,/core/www/modules/show_out/show_out_wrapper.php?run_id=110202&search_id=114132&scans_id=110198&peptide_id=18048&scanf=26363&charge=2&value=K.LSPPYSSPQEFAQDVGR.M,TRIM28,1.842e+7,3.360,0.001,2.941,0.000
26364,2,"  3.382","  0.577",14/26,/core/www/modules//sdig/index.php?run_id=110202&search_id=114132&scans_id=110198&peptide_id=18049&scanf=26364&charge=2&value=14/26,sp|O75530|EED_HUMAN,/core/www/modules//consensus/?run_id=110202&search_id=114132&scans_id=110198&peptide_id=18049&scanf=26364&charge=2&value=sp|O75530|EED_HUMAN,2,/core/www/modules/match_peptides/blast_html4.php?run_id=110202&search_id=114132&scans_id=110198&peptide_id=18049&scanf=26364&charge=2&value=2,K.EGDPLVFATVGSNR.V,/core/www/modules/show_out/show_out_wrapper.php?run_id=110202&search_id=114132&scans_id=110198&peptide_id=18049&scanf=26364&charge=2&value=K.EGDPLVFATVGSNR.V,EED,1.933e+6,3.335,0.001,2.904,0.000
26365,3,"  2.913","  0.445",12/56,/core/www/modules//sdig/index.php?run_id=110202&search_id=114132&scans_id=110198&peptide_id=18050&scanf=26365&charge=3&value=12/56,sp|P51610|HCFC1_HUMAN,/core/www/modules//consensus/?run_id=110202&search_id=114132&scans_id=110198&peptide_id=18050&scanf=26365&charge=3&value=sp|P51610|HCFC1_HUMAN,1,/core/www/modules/match_peptides/blast_html4.php?run_id=110202&search_id=114132&scans_id=110198&peptide_id=18050&scanf=26365&charge=3&value=1,K.DLWYLETEKPPPPAR.V,/core/www/modules/show_out/show_out_wrapper.php?run_id=110202&search_id=114132&scans_id=110198&peptide_id=18050&scanf=26365&charge=3&value=K.DLWYLETEKPPPPAR.V,HCFC1,2.112e+6,2.821,0.007,2.143,0.000
26370,2,"  2.524","  0.439",11/30,/core/www/modules//sdig/index.php?run_id=110202&search_id=114132&scans_id=110198&peptide_id=18056&scanf=26370&charge=2&value=11/30,sp|Q9NZM1|MYOF_HUMAN,/core/www/modules//consensus/?run_id=110202&search_id=114132&scans_id=110198&peptide_id=18056&scanf=26370&charge=2&value=sp|Q9NZM1|MYOF_HUMAN,0,/core/www/modules/match_peptides/blast_html4.php?run_id=110202&search_id=114132&scans_id=110198&peptide_id=18056&scanf=26370&charge=2&value=0,R.AEDIPQMDDAFSQTVK.E,/core/www/modules/show_out/show_out_wrapper.php?run_id=110202&search_id=114132&scans_id=110198&peptide_id=18056&scanf=26370&charge=2&value=R.AEDIPQMDDAFSQTVK.E,MYOF,2.314e+6,2.457,0.024,1.611,0.001
26371,3,"  2.561","  0.264",8/48,/core/www/modules//sdig/index.php?run_id=110202&search_id=114132&scans_id=110198&peptide_id=18057&scanf=26371&charge=3&value=8/48,sp|Q8NBL1|PGLT1_HUMAN,/core/www/modules//consensus/?run_id=110202&search_id=114132&scans_id=110198&peptide_id=18057&scanf=26371&charge=3&value=sp|Q8NBL1|PGLT1_HUMAN,0,/core/www/modules/match_peptides/blast_html4.php?run_id=110202&search_id=114132&scans_id=110198&peptide_id=18057&scanf=26371&charge=3&value=0,R.TSPERDPLILLSR.K,/core/www/modules/show_out/show_out_wrapper.php?run_id=110202&search_id=114132&scans_id=110198&peptide_id=18057&scanf=26371&charge=3&value=R.TSPERDPLILLSR.K,POGLUT1,2.206e+6,1.891,0.148,0.830,0.007
26374,2,"  4.117","  0.632",13/24,/core/www/modules//sdig/index.php?run_id=110202&search_id=114132&scans_id=110198&peptide_id=18060&scanf=26374&charge=2&value=13/24,sp|Q13616|CUL1_HUMAN,/core/www/modules//consensus/?run_id=110202&search_id=114132&scans_id=110198&peptide_id=18060&scanf=26374&charge=2&value=sp|Q13616|CUL1_HUMAN,5,/core/www/modules/match_peptides/blast_html4.php?run_id=110202&search_id=114132&scans_id=110198&peptide_id=18060&scanf=26374&charge=2&value=5,K.ESFESQFLADTER.F,/core/www/modules/show_out/show_out_wrapper.php?run_id=110202&search_id=114132&scans_id=110198&peptide_id=18060&scanf=26374&charge=2&value=K.ESFESQFLADTER.F,CUL1,2.383e+6,3.448,0.001,3.071,0.000
26378,2,"  3.396","  0.420",15/24,/core/www/modules//sdig/index.php?run_id=110202&search_id=114132&scans_id=110198&peptide_id=18063&scanf=26378&charge=2&value=15/24,sp|P46060|RAGP1_HUMAN,/core/www/modules//consensus/?run_id=110202&search_id=114132&scans_id=110198&peptide_id=18063&scanf=26378&charge=2&value=sp|P46060|RAGP1_HUMAN,1,/core/www/modules/match_peptides/blast_html4.php?run_id=110202&search_id=114132&scans_id=110198&peptide_id=18063&scanf=26378&charge=2&value=1,R.DAALAVAEAMADK.A,/core/www/modules/show_out/show_out_wrapper.php?run_id=110202&search_id=114132&scans_id=110198&peptide_id=18063&scanf=26378&charge=2&value=R.DAALAVAEAMADK.A,RANGAP1,9.435e+6,2.893,0.006,2.250,0.000
26380,2,"  4.704","  0.676",16/26,/core/www/modules//sdig/index.php?run_id=110202&search_id=114132&scans_id=110198&peptide_id=18066&scanf=26380&charge=2&value=16/26,sp|Q15717|ELAV1_HUMAN,/core/www/modules//consensus/?run_id=110202&search_id=114132&scans_id=110198&peptide_id=18066&scanf=26380&charge=2&value=sp|Q15717|ELAV1_HUMAN,0,/core/www/modules/match_peptides/blast_html4.php?run_id=110202&search_id=114132&scans_id=110198&peptide_id=18066&scanf=26380&charge=2&value=0,K.NVALLSQLYHSPAR.R,/core/www/modules/show_out/show_out_wrapper.php?run_id=110202&search_id=114132&scans_id=110198&peptide_id=18066&scanf=26380&charge=2&value=K.NVALLSQLYHSPAR.R,ELAVL1,1.479e+7,3.866,0.000,3.691,0.000
26383,2,"  4.193","  0.689",16/32,/core/www/modules//sdig/index.php?run_id=110202&search_id=114132&scans_id=110198&peptide_id=18069&scanf=26383&charge=2&value=16/32,sp|Q6P1J9|CDC73_HUMAN,/core/www/modules//consensus/?run_id=110202&search_id=114132&scans_id=110198&peptide_id=18069&scanf=26383&charge=2&value=sp|Q6P1J9|CDC73_HUMAN,2,/core/www/modules/match_peptides/blast_html4.php?run_id=110202&search_id=114132&scans_id=110198&peptide_id=18069&scanf=26383&charge=2&value=2,K.DQMQPGGTAISVTVPYR.V,/core/www/modules/show_out/show_out_wrapper.php?run_id=110202&search_id=114132&scans_id=110198&peptide_id=18069&scanf=26383&charge=2&value=K.DQMQPGGTAISVTVPYR.V,CDC73,3.024e+6,3.582,0.001,3.270,0.000
26389,3,"  4.268","  0.509",20/44,/core/www/modules//sdig/index.php?run_id=110202&search_id=114132&scans_id=110198&peptide_id=18075&scanf=26389&charge=3&value=20/44,sp|P35251|RFC1_HUMAN,/core/www/modules//consensus/?run_id=110202&search_id=114132&scans_id=110198&peptide_id=18075&scanf=26389&charge=3&value=sp|P35251|RFC1_HUMAN,0,/core/www/modules/match_peptides/blast_html4.php?run_id=110202&search_id=114132&scans_id=110198&peptide_id=18075&scanf=26389&charge=3&value=0,R.IVQDLALHMSLR.T,/core/www/modules/show_out/show_out_wrapper.php?run_id=110202&search_id=114132&scans_id=110198&peptide_id=18075&scanf=26389&charge=3&value=R.IVQDLALHMSLR.T,RFC1,5.223e+6,3.620,0.000,3.326,0.000
26391,2,"  2.054","  0.336",9/20,/core/www/modules//sdig/index.php?run_id=110202&search_id=114132&scans_id=110198&peptide_id=18078&scanf=26391&charge=2&value=9/20,sp|P08195|4F2_HUMAN,/core/www/modules//consensus/?run_id=110202&search_id=114132&scans_id=110198&peptide_id=18078&scanf=26391&charge=2&value=sp|P08195|4F2_HUMAN,14,/core/www/modules/match_peptides/blast_html4.php?run_id=110202&search_id=114132&scans_id=110198&peptide_id=18078&scanf=26391&charge=2&value=14,K.EDFDSLLQSAK.K,/core/www/modules/show_out/show_out_wrapper.php?run_id=110202&search_id=114132&scans_id=110198&peptide_id=18078&scanf=26391&charge=2&value=K.EDFDSLLQSAK.K,SLC3A2,1.746e+6,2.387,0.031,1.511,0.001
26393,3,"  3.615","  0.488",17/52,/core/www/modules//sdig/index.php?run_id=110202&search_id=114132&scans_id=110198&peptide_id=18080&scanf=26393&charge=3&value=17/52,sp|O95155|UBE4B_HUMAN,/core/www/modules//consensus/?run_id=110202&search_id=114132&scans_id=110198&peptide_id=18080&scanf=26393&charge=3&value=sp|O95155|UBE4B_HUMAN,1,/core/www/modules/match_peptides/blast_html4.php?run_id=110202&search_id=114132&scans_id=110198&peptide_id=18080&scanf=26393&charge=3&value=1,R.VVSQSLQHYLELGR.Q,/core/www/modules/show_out/show_out_wrapper.php?run_id=110202&search_id=114132&scans_id=110198&peptide_id=18080&scanf=26393&charge=3&value=R.VVSQSLQHYLELGR.Q,UBE4B,1.903e+6,3.167,0.002,2.656,0.000
26397,2,"  2.975","  0.495",11/20,/core/www/modules//sdig/index.php?run_id=110202&search_id=114132&scans_id=110198&peptide_id=18083&scanf=26397&charge=2&value=11/20,sp|P62888|RL30_HUMAN,/core/www/modules//consensus/?run_id=110202&search_id=114132&scans_id=110198&peptide_id=18083&scanf=26397&charge=2&value=sp|P62888|RL30_HUMAN,1,/core/www/modules/match_peptides/blast_html4.php?run_id=110202&search_id=114132&scans_id=110198&peptide_id=18083&scanf=26397&charge=2&value=1,K.SEIEYYAMLAK.T,/core/www/modules/show_out/show_out_wrapper.php?run_id=110202&search_id=114132&scans_id=110198&peptide_id=18083&scanf=26397&charge=2&value=K.SEIEYYAMLAK.T,RPL30,1.992e+7,3.104,0.003,2.562,0.000
26398,4,"  8.611","  0.675",29/198,/core/www/modules//sdig/index.php?run_id=110202&search_id=114132&scans_id=110198&peptide_id=18084&scanf=26398&charge=4&value=29/198,sp|Q13347|EIF3I_HUMAN,/core/www/modules//consensus/?run_id=110202&search_id=114132&scans_id=110198&peptide_id=18084&scanf=26398&charge=4&value=sp|Q13347|EIF3I_HUMAN,17,/core/www/modules/match_peptides/blast_html4.php?run_id=110202&search_id=114132&scans_id=110198&peptide_id=18084&scanf=26398&charge=4&value=17,R.TERPVNSAALSPNYDHVVLGGGQEAMDVTTTSTR.I,/core/www/modules/show_out/show_out_wrapper.php?run_id=110202&search_id=114132&scans_id=110198&peptide_id=18084&scanf=26398&charge=4&value=R.TERPVNSAALSPNYDHVVLGGGQEAMDVTTTSTR.I,EIF3I,3.981e+6,3.522,0.001,3.180,0.000
26399,2,"  4.129","  0.650",15/26,/core/www/modules//sdig/index.php?run_id=110202&search_id=114132&scans_id=110198&peptide_id=18085&scanf=26399&charge=2&value=15/26,sp|Q14204|DYHC1_HUMAN,/core/www/modules//consensus/?run_id=110202&search_id=114132&scans_id=110198&peptide_id=18085&scanf=26399&charge=2&value=sp|Q14204|DYHC1_HUMAN,12,/core/www/modules/match_peptides/blast_html4.php?run_id=110202&search_id=114132&scans_id=110198&peptide_id=18085&scanf=26399&charge=2&value=12,R.IQGLTVEQAEAVVR.L,/core/www/modules/show_out/show_out_wrapper.php?run_id=110202&search_id=114132&scans_id=110198&peptide_id=18085&scanf=26399&charge=2&value=R.IQGLTVEQAEAVVR.L,DYNC1H1,6.123e+6,3.935,0.000,3.793,0.000
26401,2,"  2.833","  0.545",13/24,/core/www/modules//sdig/index.php?run_id=110202&search_id=114132&scans_id=110198&peptide_id=18088&scanf=26401&charge=2&value=13/24,sp|Q9C0J8|WDR33_HUMAN,/core/www/modules//consensus/?run_id=110202&search_id=114132&scans_id=110198&peptide_id=18088&scanf=26401&charge=2&value=sp|Q9C0J8|WDR33_HUMAN,0,/core/www/modules/match_peptides/blast_html4.php?run_id=110202&search_id=114132&scans_id=110198&peptide_id=18088&scanf=26401&charge=2&value=0,K.VPIPAPNEVLNDR.K,/core/www/modules/show_out/show_out_wrapper.php?run_id=110202&search_id=114132&scans_id=110198&peptide_id=18088&scanf=26401&charge=2&value=K.VPIPAPNEVLNDR.K,WDR33,1.043e+7,3.275,0.002,2.815,0.000
26406,2,"  4.720","  0.711",22/36,/core/www/modules//sdig/index.php?run_id=110202&search_id=114132&scans_id=110198&peptide_id=18093&scanf=26406&charge=2&value=22/36,sp|Q9NXF1|TEX10_HUMAN,/core/www/modules//consensus/?run_id=110202&search_id=114132&scans_id=110198&peptide_id=18093&scanf=26406&charge=2&value=sp|Q9NXF1|TEX10_HUMAN,0,/core/www/modules/match_peptides/blast_html4.php?run_id=110202&search_id=114132&scans_id=110198&peptide_id=18093&scanf=26406&charge=2&value=0,R.IYDPQEGAVVVLPADSQQR.L,/core/www/modules/show_out/show_out_wrapper.php?run_id=110202&search_id=114132&scans_id=110198&peptide_id=18093&scanf=26406&charge=2&value=R.IYDPQEGAVVVLPADSQQR.L,TEX10,5.285e+6,3.879,0.000,3.710,0.000
26408,3,"  3.071","  0.316",14/44,/core/www/modules//sdig/index.php?run_id=110202&search_id=114132&scans_id=110198&peptide_id=18095&scanf=26408&charge=3&value=14/44,sp|Q96GC5|RM48_HUMAN,/core/www/modules//consensus/?run_id=110202&search_id=114132&scans_id=110198&peptide_id=18095&scanf=26408&charge=3&value=sp|Q96GC5|RM48_HUMAN,1,/core/www/modules/match_peptides/blast_html4.php?run_id=110202&search_id=114132&scans_id=110198&peptide_id=18095&scanf=26408&charge=3&value=1,K.MLLDSVLTTHER.V,/core/www/modules/show_out/show_out_wrapper.php?run_id=110202&search_id=114132&scans_id=110198&peptide_id=18095&scanf=26408&charge=3&value=K.MLLDSVLTTHER.V,MRPL48,2.420e+6,2.659,0.012,1.905,0.000
26413,2,"  2.063","  0.545",9/16,/core/www/modules//sdig/index.php?run_id=110202&search_id=114132&scans_id=110198&peptide_id=18101&scanf=26413&charge=2&value=9/16,sp|P30876|RPB2_HUMAN,/core/www/modules//consensus/?run_id=110202&search_id=114132&scans_id=110198&peptide_id=18101&scanf=26413&charge=2&value=sp|P30876|RPB2_HUMAN,2,/core/www/modules/match_peptides/blast_html4.php?run_id=110202&search_id=114132&scans_id=110198&peptide_id=18101&scanf=26413&charge=2&value=2,R.IVATLPYIK.Q,/core/www/modules/show_out/show_out_wrapper.php?run_id=110202&search_id=114132&scans_id=110198&peptide_id=18101&scanf=26413&charge=2&value=R.IVATLPYIK.Q,POLR2B,5.032e+6,3.364,0.001,2.947,0.000
26414,2,"  1.828","  0.237",7/14,/core/www/modules//sdig/index.php?run_id=110202&search_id=114132&scans_id=110198&peptide_id=18102&scanf=26414&charge=2&value=7/14,sp|Q9NRG0|CHRC1_HUMAN,/core/www/modules//consensus/?run_id=110202&search_id=114132&scans_id=110198&peptide_id=18102&scanf=26414&charge=2&value=sp|Q9NRG0|CHRC1_HUMAN,1,/core/www/modules/match_peptides/blast_html4.php?run_id=110202&search_id=114132&scans_id=110198&peptide_id=18102&scanf=26414&charge=2&value=1,R.LISLPLSR.I,/core/www/modules/show_out/show_out_wrapper.php?run_id=110202&search_id=114132&scans_id=110198&peptide_id=18102&scanf=26414&charge=2&value=R.LISLPLSR.I,CHRAC1,2.924e+6,2.251,0.048,1.317,0.002
26418,2,"  2.266","  0.363",11/20,/core/www/modules//sdig/index.php?run_id=110202&search_id=114132&scans_id=110198&peptide_id=18105&scanf=26418&charge=2&value=11/20,sp|P62888|RL30_HUMAN,/core/www/modules//consensus/?run_id=110202&search_id=114132&scans_id=110198&peptide_id=18105&scanf=26418&charge=2&value=sp|P62888|RL30_HUMAN,1,/core/www/modules/match_peptides/blast_html4.php?run_id=110202&search_id=114132&scans_id=110198&peptide_id=18105&scanf=26418&charge=2&value=1,K.SEIEYYAMLAK.T,/core/www/modules/show_out/show_out_wrapper.php?run_id=110202&search_id=114132&scans_id=110198&peptide_id=18105&scanf=26418&charge=2&value=K.SEIEYYAMLAK.T,RPL30,1.992e+7,2.679,0.012,1.935,0.000
26424,2,"  3.040","  0.383",10/18,/core/www/modules//sdig/index.php?run_id=110202&search_id=114132&scans_id=110198&peptide_id=18112&scanf=26424&charge=2&value=10/18,sp|Q9Y2K7|KDM2A_HUMAN,/core/www/modules//consensus/?run_id=110202&search_id=114132&scans_id=110198&peptide_id=18112&scanf=26424&charge=2&value=sp|Q9Y2K7|KDM2A_HUMAN,1,/core/www/modules/match_peptides/blast_html4.php?run_id=110202&search_id=114132&scans_id=110198&peptide_id=18112&scanf=26424&charge=2&value=1,K.LTDQTLIYLR.R,/core/www/modules/show_out/show_out_wrapper.php?run_id=110202&search_id=114132&scans_id=110198&peptide_id=18112&scanf=26424&charge=2&value=K.LTDQTLIYLR.R,KDM2A,2.597e+6,2.843,0.007,2.177,0.000
26425,2,"  2.672","  0.535",11/20,/core/www/modules//sdig/index.php?run_id=110202&search_id=114132&scans_id=110198&peptide_id=18113&scanf=26425&charge=2&value=11/20,sp|P46940|IQGA1_HUMAN,/core/www/modules//consensus/?run_id=110202&search_id=114132&scans_id=110198&peptide_id=18113&scanf=26425&charge=2&value=sp|P46940|IQGA1_HUMAN,2,/core/www/modules/match_peptides/blast_html4.php?run_id=110202&search_id=114132&scans_id=110198&peptide_id=18113&scanf=26425&charge=2&value=2,K.FLSAIVSSVDK.I,/core/www/modules/show_out/show_out_wrapper.php?run_id=110202&search_id=114132&scans_id=110198&peptide_id=18113&scanf=26425&charge=2&value=K.FLSAIVSSVDK.I,IQGAP1,3.362e+6,3.374,0.001,2.961,0.000
26426,2,"  2.531","  0.374",10/20,/core/www/modules//sdig/index.php?run_id=110202&search_id=114132&scans_id=110198&peptide_id=18114&scanf=26426&charge=2&value=10/20,sp|P08195|4F2_HUMAN,/core/www/modules//consensus/?run_id=110202&search_id=114132&scans_id=110198&peptide_id=18114&scanf=26426&charge=2&value=sp|P08195|4F2_HUMAN,14,/core/www/modules/match_peptides/blast_html4.php?run_id=110202&search_id=114132&scans_id=110198&peptide_id=18114&scanf=26426&charge=2&value=14,K.EDFDSLLQSAK.K,/core/www/modules/show_out/show_out_wrapper.php?run_id=110202&search_id=114132&scans_id=110198&peptide_id=18114&scanf=26426&charge=2&value=K.EDFDSLLQSAK.K,SLC3A2,1.746e+6,2.567,0.017,1.772,0.000
26428,3,"  3.388","  0.470",14/52,/core/www/modules//sdig/index.php?run_id=110202&search_id=114132&scans_id=110198&peptide_id=18116&scanf=26428&charge=3&value=14/52,sp|O95155|UBE4B_HUMAN,/core/www/modules//consensus/?run_id=110202&search_id=114132&scans_id=110198&peptide_id=18116&scanf=26428&charge=3&value=sp|O95155|UBE4B_HUMAN,1,/core/www/modules/match_peptides/blast_html4.php?run_id=110202&search_id=114132&scans_id=110198&peptide_id=18116&scanf=26428&charge=3&value=1,R.VVSQSLQHYLELGR.Q,/core/www/modules/show_out/show_out_wrapper.php?run_id=110202&search_id=114132&scans_id=110198&peptide_id=18116&scanf=26428&charge=3&value=R.VVSQSLQHYLELGR.Q,UBE4B,1.903e+6,2.926,0.005,2.299,0.000
26437,2,"  2.210","  0.533",8/22,/core/www/modules//sdig/index.php?run_id=110202&search_id=114132&scans_id=110198&peptide_id=18126&scanf=26437&charge=2&value=8/22,sp|P11717|MPRI_HUMAN,/core/www/modules//consensus/?run_id=110202&search_id=114132&scans_id=110198&peptide_id=18126&scanf=26437&charge=2&value=sp|P11717|MPRI_HUMAN,0,/core/www/modules/match_peptides/blast_html4.php?run_id=110202&search_id=114132&scans_id=110198&peptide_id=18126&scanf=26437&charge=2&value=0,K.VPIDGPPIDIGR.V,/core/www/modules/show_out/show_out_wrapper.php?run_id=110202&search_id=114132&scans_id=110198&peptide_id=18126&scanf=26437&charge=2&value=K.VPIDGPPIDIGR.V,IGF2R,3.089e+6,2.716,0.010,1.990,0.000
26439,2,"  2.844","  0.563",12/20,/core/www/modules//sdig/index.php?run_id=110202&search_id=114132&scans_id=110198&peptide_id=18127&scanf=26439&charge=2&value=12/20,sp|Q07955|SRSF1_HUMAN,/core/www/modules//consensus/?run_id=110202&search_id=114132&scans_id=110198&peptide_id=18127&scanf=26439&charge=2&value=sp|Q07955|SRSF1_HUMAN,3,/core/www/modules/match_peptides/blast_html4.php?run_id=110202&search_id=114132&scans_id=110198&peptide_id=18127&scanf=26439&charge=2&value=3,R.IYVGNLPPDIR.T,/core/www/modules/show_out/show_out_wrapper.php?run_id=110202&search_id=114132&scans_id=110198&peptide_id=18127&scanf=26439&charge=2&value=R.IYVGNLPPDIR.T,SRSF1,1.110e+8,3.532,0.001,3.195,0.000
26440,2,"  2.952","  0.278",11/16,/core/www/modules//sdig/index.php?run_id=110202&search_id=114132&scans_id=110198&peptide_id=18129&scanf=26440&charge=2&value=11/16,sp|O94906|PRP6_HUMAN,/core/www/modules//consensus/?run_id=110202&search_id=114132&scans_id=110198&peptide_id=18129&scanf=26440&charge=2&value=sp|O94906|PRP6_HUMAN,0,/core/www/modules/match_peptides/blast_html4.php?run_id=110202&search_id=114132&scans_id=110198&peptide_id=18129&scanf=26440&charge=2&value=0,R.ESLEALLQR.A,/core/www/modules/show_out/show_out_wrapper.php?run_id=110202&search_id=114132&scans_id=110198&peptide_id=18129&scanf=26440&charge=2&value=R.ESLEALLQR.A,PRPF6,2.279e+7,2.842,0.007,2.175,0.000
26441,2,"  2.004","  0.280",9/16,/core/www/modules//sdig/index.php?run_id=110202&search_id=114132&scans_id=110198&peptide_id=18130&scanf=26441&charge=2&value=9/16,sp|Q1KMD3|HNRL2_HUMAN,/core/www/modules//consensus/?run_id=110202&search_id=114132&scans_id=110198&peptide_id=18130&scanf=26441&charge=2&value=sp|Q1KMD3|HNRL2_HUMAN,1,/core/www/modules/match_peptides/blast_html4.php?run_id=110202&search_id=114132&scans_id=110198&peptide_id=18130&scanf=26441&charge=2&value=1,K.FPTLWSGAR.S,/core/www/modules/show_out/show_out_wrapper.php?run_id=110202&search_id=114132&scans_id=110198&peptide_id=18130&scanf=26441&charge=2&value=K.FPTLWSGAR.S,HNRNPUL2,1.946e+7,2.423,0.027,1.563,0.001
26442,3,"  2.911","  0.434",15/44,/core/www/modules//sdig/index.php?run_id=110202&search_id=114132&scans_id=110198&peptide_id=18131&scanf=26442&charge=3&value=15/44,sp|Q9Y5Q9|TF3C3_HUMAN,/core/www/modules//consensus/?run_id=110202&search_id=114132&scans_id=110198&peptide_id=18131&scanf=26442&charge=3&value=sp|Q9Y5Q9|TF3C3_HUMAN,2,/core/www/modules/match_peptides/blast_html4.php?run_id=110202&search_id=114132&scans_id=110198&peptide_id=18131&scanf=26442&charge=3&value=2,K.VVDLAPLHLDAR.I,/core/www/modules/show_out/show_out_wrapper.php?run_id=110202&search_id=114132&scans_id=110198&peptide_id=18131&scanf=26442&charge=3&value=K.VVDLAPLHLDAR.I,GTF3C3,1.775e+7,2.999,0.004,2.407,0.000
26448,2,"  3.045","  0.646",13/24,/core/www/modules//sdig/index.php?run_id=110202&search_id=114132&scans_id=110198&peptide_id=18137&scanf=26448&charge=2&value=13/24,sp|Q96MU7|YTDC1_HUMAN,/core/www/modules//consensus/?run_id=110202&search_id=114132&scans_id=110198&peptide_id=18137&scanf=26448&charge=2&value=sp|Q96MU7|YTDC1_HUMAN,2,/core/www/modules/match_peptides/blast_html4.php?run_id=110202&search_id=114132&scans_id=110198&peptide_id=18137&scanf=26448&charge=2&value=2,R.DVFLNGSYNDYVR.E,/core/www/modules/show_out/show_out_wrapper.php?run_id=110202&search_id=114132&scans_id=110198&peptide_id=18137&scanf=26448&charge=2&value=R.DVFLNGSYNDYVR.E,YTHDC1,3.776e+6,3.627,0.000,3.337,0.000
26452,2,"  1.278","  0.228",6/14,/core/www/modules//sdig/index.php?run_id=110202&search_id=114132&scans_id=110198&peptide_id=18142&scanf=26452&charge=2&value=6/14,sp|P82650|RT22_HUMAN,/core/www/modules//consensus/?run_id=110202&search_id=114132&scans_id=110198&peptide_id=18142&scanf=26452&charge=2&value=sp|P82650|RT22_HUMAN,7,/core/www/modules/match_peptides/blast_html4.php?run_id=110202&search_id=114132&scans_id=110198&peptide_id=18142&scanf=26452&charge=2&value=7,R.MIQVYFPK.E,/core/www/modules/show_out/show_out_wrapper.php?run_id=110202&search_id=114132&scans_id=110198&peptide_id=18142&scanf=26452&charge=2&value=R.MIQVYFPK.E,MRPS22,2.782e+6,2.008,0.104,0.983,0.005
26456,3,"  2.924","  0.272",12/52,/core/www/modules//sdig/index.php?run_id=110202&search_id=114132&scans_id=110198&peptide_id=18146&scanf=26456&charge=3&value=12/52,sp|Q06587|RING1_HUMAN,/core/www/modules//consensus/?run_id=110202&search_id=114132&scans_id=110198&peptide_id=18146&scanf=26456&charge=3&value=sp|Q06587|RING1_HUMAN,2,/core/www/modules/match_peptides/blast_html4.php?run_id=110202&search_id=114132&scans_id=110198&peptide_id=18146&scanf=26456&charge=3&value=2,R.SLRPDPNFDALISK.I,/core/www/modules/show_out/show_out_wrapper.php?run_id=110202&search_id=114132&scans_id=110198&peptide_id=18146&scanf=26456&charge=3&value=R.SLRPDPNFDALISK.I,RING1,8.263e+6,2.237,0.050,1.297,0.002
26457,2,"  2.503","  0.262",9/20,/core/www/modules//sdig/index.php?run_id=110202&search_id=114132&scans_id=110198&peptide_id=18147&scanf=26457&charge=2&value=9/20,sp|P18124|RL7_HUMAN,/core/www/modules//consensus/?run_id=110202&search_id=114132&scans_id=110198&peptide_id=18147&scanf=26457&charge=2&value=sp|P18124|RL7_HUMAN,1,/core/www/modules/match_peptides/blast_html4.php?run_id=110202&search_id=114132&scans_id=110198&peptide_id=18147&scanf=26457&charge=2&value=1,R.IALTDNALIAR.S,/core/www/modules/show_out/show_out_wrapper.php?run_id=110202&search_id=114132&scans_id=110198&peptide_id=18147&scanf=26457&charge=2&value=R.IALTDNALIAR.S,RPL7,2.780e+6,2.222,0.053,1.277,0.002
26458,3,"  5.498","  0.571",20/72,/core/www/modules//sdig/index.php?run_id=110202&search_id=114132&scans_id=110198&peptide_id=18148&scanf=26458&charge=3&value=20/72,sp|O60231|DHX16_HUMAN,/core/www/modules//consensus/?run_id=110202&search_id=114132&scans_id=110198&peptide_id=18148&scanf=26458&charge=3&value=sp|O60231|DHX16_HUMAN,2,/core/www/modules/match_peptides/blast_html4.php?run_id=110202&search_id=114132&scans_id=110198&peptide_id=18148&scanf=26458&charge=3&value=2,K.QQQTVFIHPNSSLFEQQPR.W,/core/www/modules/show_out/show_out_wrapper.php?run_id=110202&search_id=114132&scans_id=110198&peptide_id=18148&scanf=26458&charge=3&value=K.QQQTVFIHPNSSLFEQQPR.W,DHX16,2.339e+6,3.354,0.001,2.932,0.000
26460,2,"  2.214","  0.491",10/16,/core/www/modules//sdig/index.php?run_id=110202&search_id=114132&scans_id=110198&peptide_id=18149&scanf=26460&charge=2&value=10/16,sp|Q92841|DDX17_HUMAN,/core/www/modules//consensus/?run_id=110202&search_id=114132&scans_id=110198&peptide_id=18149&scanf=26460&charge=2&value=sp|Q92841|DDX17_HUMAN,2,/core/www/modules/match_peptides/blast_html4.php?run_id=110202&search_id=114132&scans_id=110198&peptide_id=18149&scanf=26460&charge=2&value=2,R.LIDFLESGK.T,/core/www/modules/show_out/show_out_wrapper.php?run_id=110202&search_id=114132&scans_id=110198&peptide_id=18149&scanf=26460&charge=2&value=R.LIDFLESGK.T,DDX17,9.359e+7,3.373,0.001,2.959,0.000
26461,3,"  2.720","  0.367",17/44,/core/www/modules//sdig/index.php?run_id=110202&search_id=114132&scans_id=110198&peptide_id=18150&scanf=26461&charge=3&value=17/44,sp|Q9Y5Q9|TF3C3_HUMAN,/core/www/modules//consensus/?run_id=110202&search_id=114132&scans_id=110198&peptide_id=18150&scanf=26461&charge=3&value=sp|Q9Y5Q9|TF3C3_HUMAN,2,/core/www/modules/match_peptides/blast_html4.php?run_id=110202&search_id=114132&scans_id=110198&peptide_id=18150&scanf=26461&charge=3&value=2,K.VVDLAPLHLDAR.I,/core/www/modules/show_out/show_out_wrapper.php?run_id=110202&search_id=114132&scans_id=110198&peptide_id=18150&scanf=26461&charge=3&value=K.VVDLAPLHLDAR.I,GTF3C3,1.775e+7,2.758,0.009,2.052,0.000
26464,3,"  4.348","  0.510",15/60,/core/www/modules//sdig/index.php?run_id=110202&search_id=114132&scans_id=110198&peptide_id=18153&scanf=26464&charge=3&value=15/60,sp|P42166|LAP2A_HUMAN,/core/www/modules//consensus/?run_id=110202&search_id=114132&scans_id=110198&peptide_id=18153&scanf=26464&charge=3&value=sp|P42166|LAP2A_HUMAN,0,/core/www/modules/match_peptides/blast_html4.php?run_id=110202&search_id=114132&scans_id=110198&peptide_id=18153&scanf=26464&charge=3&value=0,K.TVVSHSLTTLGLEVAK.Q,/core/www/modules/show_out/show_out_wrapper.php?run_id=110202&search_id=114132&scans_id=110198&peptide_id=18153&scanf=26464&charge=3&value=K.TVVSHSLTTLGLEVAK.Q,TMPO,1.260e+7,3.184,0.002,2.680,0.000
26467,3,"  2.580","  0.292",12/44,/core/www/modules//sdig/index.php?run_id=110202&search_id=114132&scans_id=110198&peptide_id=18156&scanf=26467&charge=3&value=12/44,sp|O43837|IDH3B_HUMAN,/core/www/modules//consensus/?run_id=110202&search_id=114132&scans_id=110198&peptide_id=18156&scanf=26467&charge=3&value=sp|O43837|IDH3B_HUMAN,2,/core/www/modules/match_peptides/blast_html4.php?run_id=110202&search_id=114132&scans_id=110198&peptide_id=18156&scanf=26467&charge=3&value=2,R.KLDLFANVVHVK.S,/core/www/modules/show_out/show_out_wrapper.php?run_id=110202&search_id=114132&scans_id=110198&peptide_id=18156&scanf=26467&charge=3&value=R.KLDLFANVVHVK.S,IDH3B,2.964e+6,2.131,0.071,1.150,0.002
26468,2,"  2.884","  0.536",12/24,/core/www/modules//sdig/index.php?run_id=110202&search_id=114132&scans_id=110198&peptide_id=18157&scanf=26468&charge=2&value=12/24,sp|P35606|COPB2_HUMAN,/core/www/modules//consensus/?run_id=110202&search_id=114132&scans_id=110198&peptide_id=18157&scanf=26468&charge=2&value=sp|P35606|COPB2_HUMAN,9,/core/www/modules/match_peptides/blast_html4.php?run_id=110202&search_id=114132&scans_id=110198&peptide_id=18157&scanf=26468&charge=2&value=9,K.NWVVTGADDMQIR.V,/core/www/modules/show_out/show_out_wrapper.php?run_id=110202&search_id=114132&scans_id=110198&peptide_id=18157&scanf=26468&charge=2&value=K.NWVVTGADDMQIR.V,COPB2,2.772e+6,3.200,0.002,2.705,0.000
26470,3,"  3.793","  0.394",14/44,/core/www/modules//sdig/index.php?run_id=110202&search_id=114132&scans_id=110198&peptide_id=18160&scanf=26470&charge=3&value=14/44,sp|Q13813|SPTN1_HUMAN,/core/www/modules//consensus/?run_id=110202&search_id=114132&scans_id=110198&peptide_id=18160&scanf=26470&charge=3&value=sp|Q13813|SPTN1_HUMAN,2,/core/www/modules/match_peptides/blast_html4.php?run_id=110202&search_id=114132&scans_id=110198&peptide_id=18160&scanf=26470&charge=3&value=2,R.GKDLIGVQNLLK.K,/core/www/modules/show_out/show_out_wrapper.php?run_id=110202&search_id=114132&scans_id=110198&peptide_id=18160&scanf=26470&charge=3&value=R.GKDLIGVQNLLK.K,SPTAN1,3.042e+6,2.860,0.006,2.201,0.000
26472,2,"  3.064","  0.493",11/30,/core/www/modules//sdig/index.php?run_id=110202&search_id=114132&scans_id=110198&peptide_id=18162&scanf=26472&charge=2&value=11/30,sp|P20700|LMNB1_HUMAN,/core/www/modules//consensus/?run_id=110202&search_id=114132&scans_id=110198&peptide_id=18162&scanf=26472&charge=2&value=sp|P20700|LMNB1_HUMAN,0,/core/www/modules/match_peptides/blast_html4.php?run_id=110202&search_id=114132&scans_id=110198&peptide_id=18162&scanf=26472&charge=2&value=0,K.NTSEQDQPMGGWEMIR.K,/core/www/modules/show_out/show_out_wrapper.php?run_id=110202&search_id=114132&scans_id=110198&peptide_id=18162&scanf=26472&charge=2&value=K.NTSEQDQPMGGWEMIR.K,LMNB1,5.197e+6,2.719,0.010,1.995,0.000
26477,2,"  1.618","  0.213",8/14,/core/www/modules//sdig/index.php?run_id=110202&search_id=114132&scans_id=110198&peptide_id=18167&scanf=26477&charge=2&value=8/14,sp|Q9NS56|TOPRS_HUMAN,/core/www/modules//consensus/?run_id=110202&search_id=114132&scans_id=110198&peptide_id=18167&scanf=26477&charge=2&value=sp|Q9NS56|TOPRS_HUMAN,0,/core/www/modules/match_peptides/blast_html4.php?run_id=110202&search_id=114132&scans_id=110198&peptide_id=18167&scanf=26477&charge=2&value=0,R.DISAEFFR.R,/core/www/modules/show_out/show_out_wrapper.php?run_id=110202&search_id=114132&scans_id=110198&peptide_id=18167&scanf=26477&charge=2&value=R.DISAEFFR.R,TOPORS,1.714e+6,2.279,0.044,1.356,0.001
26481,3,"  2.171","  0.360",13/36,/core/www/modules//sdig/index.php?run_id=110202&search_id=114132&scans_id=110198&peptide_id=18171&scanf=26481&charge=3&value=13/36,sp|P51531|SMCA2_HUMAN,/core/www/modules//consensus/?run_id=110202&search_id=114132&scans_id=110198&peptide_id=18171&scanf=26481&charge=3&value=sp|P51531|SMCA2_HUMAN,3,/core/www/modules/match_peptides/blast_html4.php?run_id=110202&search_id=114132&scans_id=110198&peptide_id=18171&scanf=26481&charge=3&value=3,R.REEEFDLFMR.M,/core/www/modules/show_out/show_out_wrapper.php?run_id=110202&search_id=114132&scans_id=110198&peptide_id=18171&scanf=26481&charge=3&value=R.REEEFDLFMR.M,SMARCA2,2.939e+7,2.878,0.006,2.228,0.000
26483,3,"  3.722","  0.422",14/52,/core/www/modules//sdig/index.php?run_id=110202&search_id=114132&scans_id=110198&peptide_id=18173&scanf=26483&charge=3&value=14/52,sp|Q14839|CHD4_HUMAN,/core/www/modules//consensus/?run_id=110202&search_id=114132&scans_id=110198&peptide_id=18173&scanf=26483&charge=3&value=sp|Q14839|CHD4_HUMAN,20,/core/www/modules/match_peptides/blast_html4.php?run_id=110202&search_id=114132&scans_id=110198&peptide_id=18173&scanf=26483&charge=3&value=20,R.WSMPELAEVEENKK.M,/core/www/modules/show_out/show_out_wrapper.php?run_id=110202&search_id=114132&scans_id=110198&peptide_id=18173&scanf=26483&charge=3&value=R.WSMPELAEVEENKK.M,CHD4,1.631e+7,2.779,0.008,2.082,0.000
26485,2,"  2.037","  0.415",10/18,/core/www/modules//sdig/index.php?run_id=110202&search_id=114132&scans_id=110198&peptide_id=18175&scanf=26485&charge=2&value=10/18,sp|P09874|PARP1_HUMAN,/core/www/modules//consensus/?run_id=110202&search_id=114132&scans_id=110198&peptide_id=18175&scanf=26485&charge=2&value=sp|P09874|PARP1_HUMAN,3,/core/www/modules/match_peptides/blast_html4.php?run_id=110202&search_id=114132&scans_id=110198&peptide_id=18175&scanf=26485&charge=2&value=3,K.AQNDLIWNIK.D,/core/www/modules/show_out/show_out_wrapper.php?run_id=110202&search_id=114132&scans_id=110198&peptide_id=18175&scanf=26485&charge=2&value=K.AQNDLIWNIK.D,PARP1,1.201e+7,2.992,0.004,2.396,0.000
26487,2,"  2.439","  0.388",11/18,/core/www/modules//sdig/index.php?run_id=110202&search_id=114132&scans_id=110198&peptide_id=18177&scanf=26487&charge=2&value=11/18,sp|Q9UHX1|PUF60_HUMAN,/core/www/modules//consensus/?run_id=110202&search_id=114132&scans_id=110198&peptide_id=18177&scanf=26487&charge=2&value=sp|Q9UHX1|PUF60_HUMAN,12,/core/www/modules/match_peptides/blast_html4.php?run_id=110202&search_id=114132&scans_id=110198&peptide_id=18177&scanf=26487&charge=2&value=12,R.QAFAPFGPIK.S,/core/www/modules/show_out/show_out_wrapper.php?run_id=110202&search_id=114132&scans_id=110198&peptide_id=18177&scanf=26487&charge=2&value=R.QAFAPFGPIK.S,PUF60,1.433e+7,2.685,0.011,1.944,0.000
26490,2,"  3.069","  0.508",14/26,/core/www/modules//sdig/index.php?run_id=110202&search_id=114132&scans_id=110198&peptide_id=18181&scanf=26490&charge=2&value=14/26,sp|O75427|LRCH4_HUMAN,/core/www/modules//consensus/?run_id=110202&search_id=114132&scans_id=110198&peptide_id=18181&scanf=26490&charge=2&value=sp|O75427|LRCH4_HUMAN,0,/core/www/modules/match_peptides/blast_html4.php?run_id=110202&search_id=114132&scans_id=110198&peptide_id=18181&scanf=26490&charge=2&value=0,R.SYDLSDITQADLSR.N,/core/www/modules/show_out/show_out_wrapper.php?run_id=110202&search_id=114132&scans_id=110198&peptide_id=18181&scanf=26490&charge=2&value=R.SYDLSDITQADLSR.N,LRCH4,4.219e+6,3.096,0.003,2.549,0.000
26493,3,"  3.660","  0.450",12/56,/core/www/modules//sdig/index.php?run_id=110202&search_id=114132&scans_id=110198&peptide_id=18184&scanf=26493&charge=3&value=12/56,sp|P50213|IDH3A_HUMAN,/core/www/modules//consensus/?run_id=110202&search_id=114132&scans_id=110198&peptide_id=18184&scanf=26493&charge=3&value=sp|P50213|IDH3A_HUMAN,3,/core/www/modules/match_peptides/blast_html4.php?run_id=110202&search_id=114132&scans_id=110198&peptide_id=18184&scanf=26493&charge=3&value=3,K.TPIAAGHPSMNLLLR.K,/core/www/modules/show_out/show_out_wrapper.php?run_id=110202&search_id=114132&scans_id=110198&peptide_id=18184&scanf=26493&charge=3&value=K.TPIAAGHPSMNLLLR.K,IDH3A,1.638e+7,2.875,0.006,2.224,0.000
26494,3,"  3.877","  0.517",15/56,/core/www/modules//sdig/index.php?run_id=110202&search_id=114132&scans_id=110198&peptide_id=18185&scanf=26494&charge=3&value=15/56,sp|Q02880|TOP2B_HUMAN,/core/www/modules//consensus/?run_id=110202&search_id=114132&scans_id=110198&peptide_id=18185&scanf=26494&charge=3&value=sp|Q02880|TOP2B_HUMAN,4,/core/www/modules/match_peptides/blast_html4.php?run_id=110202&search_id=114132&scans_id=110198&peptide_id=18185&scanf=26494&charge=3&value=4,R.LHGLPEQFLYGTATK.H,/core/www/modules/show_out/show_out_wrapper.php?run_id=110202&search_id=114132&scans_id=110198&peptide_id=18185&scanf=26494&charge=3&value=R.LHGLPEQFLYGTATK.H,TOP2B,2.397e+7,3.303,0.001,2.856,0.000
26502,2,"  2.602","  0.553",10/18,/core/www/modules//sdig/index.php?run_id=110202&search_id=114132&scans_id=110198&peptide_id=18193&scanf=26502&charge=2&value=10/18,sp|P22626|ROA2_HUMAN,/core/www/modules//consensus/?run_id=110202&search_id=114132&scans_id=110198&peptide_id=18193&scanf=26502&charge=2&value=sp|P22626|ROA2_HUMAN,10,/core/www/modules/match_peptides/blast_html4.php?run_id=110202&search_id=114132&scans_id=110198&peptide_id=18193&scanf=26502&charge=2&value=10,K.IDTIEIITDR.Q,/core/www/modules/show_out/show_out_wrapper.php?run_id=110202&search_id=114132&scans_id=110198&peptide_id=18193&scanf=26502&charge=2&value=K.IDTIEIITDR.Q,HNRNPA2B1,4.598e+8,3.507,0.001,3.158,0.000
26503,3,"  4.371","  0.563",19/68,/core/www/modules//sdig/index.php?run_id=110202&search_id=114132&scans_id=110198&peptide_id=18194&scanf=26503&charge=3&value=19/68,sp|Q8NE71|ABCF1_HUMAN,/core/www/modules//consensus/?run_id=110202&search_id=114132&scans_id=110198&peptide_id=18194&scanf=26503&charge=3&value=sp|Q8NE71|ABCF1_HUMAN,2,/core/www/modules/match_peptides/blast_html4.php?run_id=110202&search_id=114132&scans_id=110198&peptide_id=18194&scanf=26503&charge=3&value=2,R.ILAGLGFDPEMQNRPTQK.F,/core/www/modules/show_out/show_out_wrapper.php?run_id=110202&search_id=114132&scans_id=110198&peptide_id=18194&scanf=26503&charge=3&value=R.ILAGLGFDPEMQNRPTQK.F,ABCF1,9.734e+6,3.213,0.002,2.722,0.000
26504,2,"  3.093","  0.232",11/26,/core/www/modules//sdig/index.php?run_id=110202&search_id=114132&scans_id=110198&peptide_id=18195&scanf=26504&charge=2&value=11/26,sp|Q9UBB9|TFP11_HUMAN,/core/www/modules//consensus/?run_id=110202&search_id=114132&scans_id=110198&peptide_id=18195&scanf=26504&charge=2&value=sp|Q9UBB9|TFP11_HUMAN,0,/core/www/modules/match_peptides/blast_html4.php?run_id=110202&search_id=114132&scans_id=110198&peptide_id=18195&scanf=26504&charge=2&value=0,R.GIGVAASSVPMNFK.D,/core/www/modules/show_out/show_out_wrapper.php?run_id=110202&search_id=114132&scans_id=110198&peptide_id=18195&scanf=26504&charge=2&value=R.GIGVAASSVPMNFK.D,TFIP11,1.931e+7,2.026,0.098,1.007,0.005
26505,3,"  2.663","  0.090",14/48,/core/www/modules//sdig/index.php?run_id=110202&search_id=114132&scans_id=110198&peptide_id=18196&scanf=26505&charge=3&value=14/48,sp|Q5JTH9|RRP12_HUMAN,/core/www/modules//consensus/?run_id=110202&search_id=114132&scans_id=110198&peptide_id=18196&scanf=26505&charge=3&value=sp|Q5JTH9|RRP12_HUMAN,0,/core/www/modules/match_peptides/blast_html4.php?run_id=110202&search_id=114132&scans_id=110198&peptide_id=18196&scanf=26505&charge=3&value=0,K.VAVTVMDVAHLAK.H,/core/www/modules/show_out/show_out_wrapper.php?run_id=110202&search_id=114132&scans_id=110198&peptide_id=18196&scanf=26505&charge=3&value=K.VAVTVMDVAHLAK.H,RRP12,9.609e+6,1.878,0.153,0.814,0.008
26506,2,"  3.213","  0.568",15/26,/core/www/modules//sdig/index.php?run_id=110202&search_id=114132&scans_id=110198&peptide_id=18197&scanf=26506&charge=2&value=15/26,tr|K7EJE8|K7EJE8_HUMAN,/core/www/modules//consensus/?run_id=110202&search_id=114132&scans_id=110198&peptide_id=18197&scanf=26506&charge=2&value=tr|K7EJE8|K7EJE8_HUMAN,2,/core/www/modules/match_peptides/blast_html4.php?run_id=110202&search_id=114132&scans_id=110198&peptide_id=18197&scanf=26506&charge=2&value=2,R.MEMINVSGYVAQEK.L,/core/www/modules/show_out/show_out_wrapper.php?run_id=110202&search_id=114132&scans_id=110198&peptide_id=18197&scanf=26506&charge=2&value=R.MEMINVSGYVAQEK.L,LONP1,1.903e+6,3.369,0.001,2.954,0.000
26507,2,"  3.450","  0.488",13/20,/core/www/modules//sdig/index.php?run_id=110202&search_id=114132&scans_id=110198&peptide_id=18198&scanf=26507&charge=2&value=13/20,sp|P35998|PRS7_HUMAN,/core/www/modules//consensus/?run_id=110202&search_id=114132&scans_id=110198&peptide_id=18198&scanf=26507&charge=2&value=sp|P35998|PRS7_HUMAN,2,/core/www/modules/match_peptides/blast_html4.php?run_id=110202&search_id=114132&scans_id=110198&peptide_id=18198&scanf=26507&charge=2&value=2,R.ALDEGDIALLK.T,/core/www/modules/show_out/show_out_wrapper.php?run_id=110202&search_id=114132&scans_id=110198&peptide_id=18198&scanf=26507&charge=2&value=R.ALDEGDIALLK.T,PSMC2,3.238e+7,3.292,0.001,2.841,0.000
26508,3,"  4.327","  0.460",16/68,/core/www/modules//sdig/index.php?run_id=110202&search_id=114132&scans_id=110198&peptide_id=18199&scanf=26508&charge=3&value=16/68,sp|Q08945|SSRP1_HUMAN,/core/www/modules//consensus/?run_id=110202&search_id=114132&scans_id=110198&peptide_id=18199&scanf=26508&charge=3&value=sp|Q08945|SSRP1_HUMAN,0,/core/www/modules/match_peptides/blast_html4.php?run_id=110202&search_id=114132&scans_id=110198&peptide_id=18199&scanf=26508&charge=3&value=0,K.DEDISLTLNMNEEEVEKR.F,/core/www/modules/show_out/show_out_wrapper.php?run_id=110202&search_id=114132&scans_id=110198&peptide_id=18199&scanf=26508&charge=3&value=K.DEDISLTLNMNEEEVEKR.F,SSRP1,3.631e+6,2.527,0.019,1.713,0.000
26509,3,"  3.582","  0.412",12/56,/core/www/modules//sdig/index.php?run_id=110202&search_id=114132&scans_id=110198&peptide_id=18200&scanf=26509&charge=3&value=12/56,sp|Q14980|NUMA1_HUMAN,/core/www/modules//consensus/?run_id=110202&search_id=114132&scans_id=110198&peptide_id=18200&scanf=26509&charge=3&value=sp|Q14980|NUMA1_HUMAN,2,/core/www/modules/match_peptides/blast_html4.php?run_id=110202&search_id=114132&scans_id=110198&peptide_id=18200&scanf=26509&charge=3&value=2,R.LQAQLNELQAQLSQK.E,/core/www/modules/show_out/show_out_wrapper.php?run_id=110202&search_id=114132&scans_id=110198&peptide_id=18200&scanf=26509&charge=3&value=R.LQAQLNELQAQLSQK.E,NUMA1,1.332e+7,2.934,0.005,2.310,0.000
26511,2,"  2.903","  0.528",10/20,/core/www/modules//sdig/index.php?run_id=110202&search_id=114132&scans_id=110198&peptide_id=18203&scanf=26511&charge=2&value=10/20,sp|Q9BVP2|GNL3_HUMAN,/core/www/modules//consensus/?run_id=110202&search_id=114132&scans_id=110198&peptide_id=18203&scanf=26511&charge=2&value=sp|Q9BVP2|GNL3_HUMAN,0,/core/www/modules/match_peptides/blast_html4.php?run_id=110202&search_id=114132&scans_id=110198&peptide_id=18203&scanf=26511&charge=2&value=0,R.VGVIGFPNVGK.S,/core/www/modules/show_out/show_out_wrapper.php?run_id=110202&search_id=114132&scans_id=110198&peptide_id=18203&scanf=26511&charge=2&value=R.VGVIGFPNVGK.S,GNL3,1.117e+8,3.239,0.002,2.761,0.000
26512,2,"  1.730","  0.252",7/12,/core/www/modules//sdig/index.php?run_id=110202&search_id=114132&scans_id=110198&peptide_id=18204&scanf=26512&charge=2&value=7/12,sp|Q9ULW3|ABT1_HUMAN,/core/www/modules//consensus/?run_id=110202&search_id=114132&scans_id=110198&peptide_id=18204&scanf=26512&charge=2&value=sp|Q9ULW3|ABT1_HUMAN,0,/core/www/modules/match_peptides/blast_html4.php?run_id=110202&search_id=114132&scans_id=110198&peptide_id=18204&scanf=26512&charge=2&value=0,R.YDLWNLK.Y,/core/www/modules/show_out/show_out_wrapper.php?run_id=110202&search_id=114132&scans_id=110198&peptide_id=18204&scanf=26512&charge=2&value=R.YDLWNLK.Y,ABT1,5.831e+6,2.479,0.023,1.644,0.001
26521,2,"  3.127","  0.500",11/26,/core/www/modules//sdig/index.php?run_id=110202&search_id=114132&scans_id=110198&peptide_id=18214&scanf=26521&charge=2&value=11/26,sp|Q9Y295|DRG1_HUMAN,/core/www/modules//consensus/?run_id=110202&search_id=114132&scans_id=110198&peptide_id=18214&scanf=26521&charge=2&value=sp|Q9Y295|DRG1_HUMAN,0,/core/www/modules/match_peptides/blast_html4.php?run_id=110202&search_id=114132&scans_id=110198&peptide_id=18214&scanf=26521&charge=2&value=0,K.DHTLEDEDVIQIVK.K,/core/www/modules/show_out/show_out_wrapper.php?run_id=110202&search_id=114132&scans_id=110198&peptide_id=18214&scanf=26521&charge=2&value=K.DHTLEDEDVIQIVK.K,DRG1,1.736e+6,2.843,0.007,2.177,0.000
26523,2,"  3.202","  0.469",12/20,/core/www/modules//sdig/index.php?run_id=110202&search_id=114132&scans_id=110198&peptide_id=18215&scanf=26523&charge=2&value=12/20,sp|P10809|CH60_HUMAN,/core/www/modules//consensus/?run_id=110202&search_id=114132&scans_id=110198&peptide_id=18215&scanf=26523&charge=2&value=sp|P10809|CH60_HUMAN,7,/core/www/modules/match_peptides/blast_html4.php?run_id=110202&search_id=114132&scans_id=110198&peptide_id=18215&scanf=26523&charge=2&value=7,K.EIGNIISDAMK.K,/core/www/modules/show_out/show_out_wrapper.php?run_id=110202&search_id=114132&scans_id=110198&peptide_id=18215&scanf=26523&charge=2&value=K.EIGNIISDAMK.K,HSPD1,1.639e+7,3.217,0.002,2.728,0.000
26524,2,"  3.279","  0.582",12/24,/core/www/modules//sdig/index.php?run_id=110202&search_id=114132&scans_id=110198&peptide_id=18216&scanf=26524&charge=2&value=12/24,sp|Q9Y2X3|NOP58_HUMAN,/core/www/modules//consensus/?run_id=110202&search_id=114132&scans_id=110198&peptide_id=18216&scanf=26524&charge=2&value=sp|Q9Y2X3|NOP58_HUMAN,0,/core/www/modules/match_peptides/blast_html4.php?run_id=110202&search_id=114132&scans_id=110198&peptide_id=18216&scanf=26524&charge=2&value=0,R.SQMDGLIPGVEPR.E,/core/www/modules/show_out/show_out_wrapper.php?run_id=110202&search_id=114132&scans_id=110198&peptide_id=18216&scanf=26524&charge=2&value=R.SQMDGLIPGVEPR.E,NOP58,5.391e+7,3.374,0.001,2.961,0.000
26525,2,"  2.555","  0.418",9/16,/core/www/modules//sdig/index.php?run_id=110202&search_id=114132&scans_id=110198&peptide_id=18217&scanf=26525&charge=2&value=9/16,sp|Q8IXT5|RB12B_HUMAN,/core/www/modules//consensus/?run_id=110202&search_id=114132&scans_id=110198&peptide_id=18217&scanf=26525&charge=2&value=sp|Q8IXT5|RB12B_HUMAN,1,/core/www/modules/match_peptides/blast_html4.php?run_id=110202&search_id=114132&scans_id=110198&peptide_id=18217&scanf=26525&charge=2&value=1,K.AENPYLFLR.G,/core/www/modules/show_out/show_out_wrapper.php?run_id=110202&search_id=114132&scans_id=110198&peptide_id=18217&scanf=26525&charge=2&value=K.AENPYLFLR.G,RBM12B,1.263e+7,3.124,0.003,2.591,0.000
26527,4,"  6.200","  0.607",22/126,/core/www/modules//sdig/index.php?run_id=110202&search_id=114132&scans_id=110198&peptide_id=18219&scanf=26527&charge=4&value=22/126,sp|P43897|EFTS_HUMAN,/core/www/modules//consensus/?run_id=110202&search_id=114132&scans_id=110198&peptide_id=18219&scanf=26527&charge=4&value=sp|P43897|EFTS_HUMAN,0,/core/www/modules/match_peptides/blast_html4.php?run_id=110202&search_id=114132&scans_id=110198&peptide_id=18219&scanf=26527&charge=4&value=0,K.VPSGFYVGSYVHGAMQSPSLHK.L,/core/www/modules/show_out/show_out_wrapper.php?run_id=110202&search_id=114132&scans_id=110198&peptide_id=18219&scanf=26527&charge=4&value=K.VPSGFYVGSYVHGAMQSPSLHK.L,TSFM,6.857e+6,3.685,0.000,3.422,0.000
26530,2,"  3.820","  0.649",16/32,/core/www/modules//sdig/index.php?run_id=110202&search_id=114132&scans_id=110198&peptide_id=18223&scanf=26530&charge=2&value=16/32,sp|Q9NU22|MDN1_HUMAN,/core/www/modules//consensus/?run_id=110202&search_id=114132&scans_id=110198&peptide_id=18223&scanf=26530&charge=2&value=sp|Q9NU22|MDN1_HUMAN,0,/core/www/modules/match_peptides/blast_html4.php?run_id=110202&search_id=114132&scans_id=110198&peptide_id=18223&scanf=26530&charge=2&value=0,R.GMIDGSTPTITPNPNFR.L,/core/www/modules/show_out/show_out_wrapper.php?run_id=110202&search_id=114132&scans_id=110198&peptide_id=18223&scanf=26530&charge=2&value=R.GMIDGSTPTITPNPNFR.L,MDN1,4.362e+6,3.685,0.000,3.422,0.000
26531,3,"  4.814","  0.461",18/76,/core/www/modules//sdig/index.php?run_id=110202&search_id=114132&scans_id=110198&peptide_id=18224&scanf=26531&charge=3&value=18/76,sp|O95071|UBR5_HUMAN,/core/www/modules//consensus/?run_id=110202&search_id=114132&scans_id=110198&peptide_id=18224&scanf=26531&charge=3&value=sp|O95071|UBR5_HUMAN,1,/core/www/modules/match_peptides/blast_html4.php?run_id=110202&search_id=114132&scans_id=110198&peptide_id=18224&scanf=26531&charge=3&value=1,R.IGHLLPEEQVYLNQQSGTIR.L,/core/www/modules/show_out/show_out_wrapper.php?run_id=110202&search_id=114132&scans_id=110198&peptide_id=18224&scanf=26531&charge=3&value=R.IGHLLPEEQVYLNQQSGTIR.L,UBR5,3.107e+6,2.786,0.008,2.092,0.000
26532,2,"  1.939","  0.013",8/12,/core/www/modules//sdig/index.php?run_id=110202&search_id=114132&scans_id=110198&peptide_id=18225&scanf=26532&charge=2&value=8/12,sp|Q9UQR1|ZN148_HUMAN,/core/www/modules//consensus/?run_id=110202&search_id=114132&scans_id=110198&peptide_id=18225&scanf=26532&charge=2&value=sp|Q9UQR1|ZN148_HUMAN,3,/core/www/modules/match_peptides/blast_html4.php?run_id=110202&search_id=114132&scans_id=110198&peptide_id=18225&scanf=26532&charge=2&value=3,K.LEGLFLK.C,/core/www/modules/show_out/show_out_wrapper.php?run_id=110202&search_id=114132&scans_id=110198&peptide_id=18225&scanf=26532&charge=2&value=K.LEGLFLK.C,ZNF148,1.441e+7,1.832,0.175,0.757,0.010
26533,3,"  3.945","  0.524",16/60,/core/www/modules//sdig/index.php?run_id=110202&search_id=114132&scans_id=110198&peptide_id=18226&scanf=26533&charge=3&value=16/60,sp|Q9NQ55|SSF1_HUMAN,/core/www/modules//consensus/?run_id=110202&search_id=114132&scans_id=110198&peptide_id=18226&scanf=26533&charge=3&value=sp|Q9NQ55|SSF1_HUMAN,2,/core/www/modules/match_peptides/blast_html4.php?run_id=110202&search_id=114132&scans_id=110198&peptide_id=18226&scanf=26533&charge=3&value=2,R.NLEAYAANPHSFVFTR.G,/core/www/modules/show_out/show_out_wrapper.php?run_id=110202&search_id=114132&scans_id=110198&peptide_id=18226&scanf=26533&charge=3&value=R.NLEAYAANPHSFVFTR.G,PPAN,6.056e+6,3.193,0.002,2.693,0.000
26538,2,"  2.448","  0.374",9/18,/core/www/modules//sdig/index.php?run_id=110202&search_id=114132&scans_id=110198&peptide_id=18231&scanf=26538&charge=2&value=9/18,sp|P35998|PRS7_HUMAN,/core/www/modules//consensus/?run_id=110202&search_id=114132&scans_id=110198&peptide_id=18231&scanf=26538&charge=2&value=sp|P35998|PRS7_HUMAN,1,/core/www/modules/match_peptides/blast_html4.php?run_id=110202&search_id=114132&scans_id=110198&peptide_id=18231&scanf=26538&charge=2&value=1,R.FVNLGIEPPK.G,/core/www/modules/show_out/show_out_wrapper.php?run_id=110202&search_id=114132&scans_id=110198&peptide_id=18231&scanf=26538&charge=2&value=R.FVNLGIEPPK.G,PSMC2,1.769e+7,2.707,0.011,1.977,0.000
26539,3,"  3.695","  0.457",16/48,/core/www/modules//sdig/index.php?run_id=110202&search_id=114132&scans_id=110198&peptide_id=18232&scanf=26539&charge=3&value=16/48,sp|Q6IN85|P4R3A_HUMAN,/core/www/modules//consensus/?run_id=110202&search_id=114132&scans_id=110198&peptide_id=18232&scanf=26539&charge=3&value=sp|Q6IN85|P4R3A_HUMAN,3,/core/www/modules/match_peptides/blast_html4.php?run_id=110202&search_id=114132&scans_id=110198&peptide_id=18232&scanf=26539&charge=3&value=3,K.FKEVIPISDPELK.Q,/core/www/modules/show_out/show_out_wrapper.php?run_id=110202&search_id=114132&scans_id=110198&peptide_id=18232&scanf=26539&charge=3&value=K.FKEVIPISDPELK.Q,PPP4R3A,1.061e+7,2.853,0.006,2.191,0.000
26544,3,"  4.717","  0.611",17/68,/core/www/modules//sdig/index.php?run_id=110202&search_id=114132&scans_id=110198&peptide_id=18237&scanf=26544&charge=3&value=17/68,sp|Q08211|DHX9_HUMAN,/core/www/modules//consensus/?run_id=110202&search_id=114132&scans_id=110198&peptide_id=18237&scanf=26544&charge=3&value=sp|Q08211|DHX9_HUMAN,0,/core/www/modules/match_peptides/blast_html4.php?run_id=110202&search_id=114132&scans_id=110198&peptide_id=18237&scanf=26544&charge=3&value=0,K.LFTAHNNMTNYATVWASK.T,/core/www/modules/show_out/show_out_wrapper.php?run_id=110202&search_id=114132&scans_id=110198&peptide_id=18237&scanf=26544&charge=3&value=K.LFTAHNNMTNYATVWASK.T,DHX9,6.156e+7,3.742,0.000,3.507,0.000
26545,2,"  2.276","  0.256",12/12,/core/www/modules//sdig/index.php?run_id=110202&search_id=114132&scans_id=110198&peptide_id=18238&scanf=26545&charge=2&value=12/12,sp|P04908|H2A1B_HUMAN,/core/www/modules//consensus/?run_id=110202&search_id=114132&scans_id=110198&peptide_id=18238&scanf=26545&charge=2&value=sp|P04908|H2A1B_HUMAN,20,/core/www/modules/match_peptides/blast_html4.php?run_id=110202&search_id=114132&scans_id=110198&peptide_id=18238&scanf=26545&charge=2&value=20,R.HLQLAIR.N,/core/www/modules/show_out/show_out_wrapper.php?run_id=110202&search_id=114132&scans_id=110198&peptide_id=18238&scanf=26545&charge=2&value=R.HLQLAIR.N,H2AC8,7.534e+6,3.304,0.001,2.858,0.000
26546,2,"  3.703","  0.499",14/20,/core/www/modules//sdig/index.php?run_id=110202&search_id=114132&scans_id=110198&peptide_id=18239&scanf=26546&charge=2&value=14/20,sp|P35998|PRS7_HUMAN,/core/www/modules//consensus/?run_id=110202&search_id=114132&scans_id=110198&peptide_id=18239&scanf=26546&charge=2&value=sp|P35998|PRS7_HUMAN,2,/core/www/modules/match_peptides/blast_html4.php?run_id=110202&search_id=114132&scans_id=110198&peptide_id=18239&scanf=26546&charge=2&value=2,R.ALDEGDIALLK.T,/core/www/modules/show_out/show_out_wrapper.php?run_id=110202&search_id=114132&scans_id=110198&peptide_id=18239&scanf=26546&charge=2&value=R.ALDEGDIALLK.T,PSMC2,3.238e+7,3.417,0.001,3.025,0.000
26547,2,"  2.341","  0.428",12/24,/core/www/modules//sdig/index.php?run_id=110202&search_id=114132&scans_id=110198&peptide_id=18240&scanf=26547&charge=2&value=12/24,sp|Q9HCD5|NCOA5_HUMAN,/core/www/modules//consensus/?run_id=110202&search_id=114132&scans_id=110198&peptide_id=18240&scanf=26547&charge=2&value=sp|Q9HCD5|NCOA5_HUMAN,0,/core/www/modules/match_peptides/blast_html4.php?run_id=110202&search_id=114132&scans_id=110198&peptide_id=18240&scanf=26547&charge=2&value=0,R.NMPQADAMVLVAR.N,/core/www/modules/show_out/show_out_wrapper.php?run_id=110202&search_id=114132&scans_id=110198&peptide_id=18240&scanf=26547&charge=2&value=R.NMPQADAMVLVAR.N,NCOA5,2.040e+7,2.704,0.011,1.972,0.000
26548,3,"  3.382","  0.536",16/64,/core/www/modules//sdig/index.php?run_id=110202&search_id=114132&scans_id=110198&peptide_id=18241&scanf=26548&charge=3&value=16/64,sp|P11021|BIP_HUMAN,/core/www/modules//consensus/?run_id=110202&search_id=114132&scans_id=110198&peptide_id=18241&scanf=26548&charge=3&value=sp|P11021|BIP_HUMAN,2,/core/www/modules/match_peptides/blast_html4.php?run_id=110202&search_id=114132&scans_id=110198&peptide_id=18241&scanf=26548&charge=3&value=2,R.IINEPTAAAIAYGLDKR.E,/core/www/modules/show_out/show_out_wrapper.php?run_id=110202&search_id=114132&scans_id=110198&peptide_id=18241&scanf=26548&charge=3&value=R.IINEPTAAAIAYGLDKR.E,HSPA5,1.029e+7,2.852,0.006,2.190,0.000
26552,2,"  1.548","  0.402",12/18,/core/www/modules//sdig/index.php?run_id=110202&search_id=114132&scans_id=110198&peptide_id=18246&scanf=26552&charge=2&value=12/18,sp|Q9Y230|RUVB2_HUMAN,/core/www/modules//consensus/?run_id=110202&search_id=114132&scans_id=110198&peptide_id=18246&scanf=26552&charge=2&value=sp|Q9Y230|RUVB2_HUMAN,0,/core/www/modules/match_peptides/blast_html4.php?run_id=110202&search_id=114132&scans_id=110198&peptide_id=18246&scanf=26552&charge=2&value=0,R.VYSLFLDESR.S,/core/www/modules/show_out/show_out_wrapper.php?run_id=110202&search_id=114132&scans_id=110198&peptide_id=18246&scanf=26552&charge=2&value=R.VYSLFLDESR.S,RUVBL2,9.698e+6,3.018,0.004,2.435,0.000
26554,4,"  5.122","  0.449",18/120,/core/www/modules//sdig/index.php?run_id=110202&search_id=114132&scans_id=110198&peptide_id=18248&scanf=26554&charge=4&value=18/120,sp|P13667|PDIA4_HUMAN,/core/www/modules//consensus/?run_id=110202&search_id=114132&scans_id=110198&peptide_id=18248&scanf=26554&charge=4&value=sp|P13667|PDIA4_HUMAN,0,/core/www/modules/match_peptides/blast_html4.php?run_id=110202&search_id=114132&scans_id=110198&peptide_id=18248&scanf=26554&charge=4&value=0,R.SHMMDVQGSTQDSAIKDFVLK.Y,/core/www/modules/show_out/show_out_wrapper.php?run_id=110202&search_id=114132&scans_id=110198&peptide_id=18248&scanf=26554&charge=4&value=R.SHMMDVQGSTQDSAIKDFVLK.Y,PDIA4,4.339e+6,2.929,0.005,2.303,0.000
26556,3,"  2.144","  0.397",13/44,/core/www/modules//sdig/index.php?run_id=110202&search_id=114132&scans_id=110198&peptide_id=18250&scanf=26556&charge=3&value=13/44,sp|Q9UKF6|CPSF3_HUMAN,/core/www/modules//consensus/?run_id=110202&search_id=114132&scans_id=110198&peptide_id=18250&scanf=26556&charge=3&value=sp|Q9UKF6|CPSF3_HUMAN,1,/core/www/modules/match_peptides/blast_html4.php?run_id=110202&search_id=114132&scans_id=110198&peptide_id=18250&scanf=26556&charge=3&value=1,R.KQININNPFVFK.H,/core/www/modules/show_out/show_out_wrapper.php?run_id=110202&search_id=114132&scans_id=110198&peptide_id=18250&scanf=26556&charge=3&value=R.KQININNPFVFK.H,CPSF3,2.448e+6,2.557,0.018,1.757,0.000
26558,2,"  3.704","  0.690",16/30,/core/www/modules//sdig/index.php?run_id=110202&search_id=114132&scans_id=110198&peptide_id=18252&scanf=26558&charge=2&value=16/30,sp|Q9UKN8|TF3C4_HUMAN,/core/www/modules//consensus/?run_id=110202&search_id=114132&scans_id=110198&peptide_id=18252&scanf=26558&charge=2&value=sp|Q9UKN8|TF3C4_HUMAN,0,/core/www/modules/match_peptides/blast_html4.php?run_id=110202&search_id=114132&scans_id=110198&peptide_id=18252&scanf=26558&charge=2&value=0,K.NEAPEGNLGDFAEFQR.R,/core/www/modules/show_out/show_out_wrapper.php?run_id=110202&search_id=114132&scans_id=110198&peptide_id=18252&scanf=26558&charge=2&value=K.NEAPEGNLGDFAEFQR.R,GTF3C4,2.955e+6,3.680,0.000,3.415,0.000
26563,2,"  2.012","  0.294",9/26,/core/www/modules//sdig/index.php?run_id=110202&search_id=114132&scans_id=110198&peptide_id=18258&scanf=26563&charge=2&value=9/26,sp|Q96ST2|IWS1_HUMAN,/core/www/modules//consensus/?run_id=110202&search_id=114132&scans_id=110198&peptide_id=18258&scanf=26563&charge=2&value=sp|Q96ST2|IWS1_HUMAN,1,/core/www/modules/match_peptides/blast_html4.php?run_id=110202&search_id=114132&scans_id=110198&peptide_id=18258&scanf=26563&charge=2&value=1,K.ILQELPSVSQETLK.H,/core/www/modules/show_out/show_out_wrapper.php?run_id=110202&search_id=114132&scans_id=110198&peptide_id=18258&scanf=26563&charge=2&value=K.ILQELPSVSQETLK.H,IWS1,3.394e+6,2.029,0.097,1.011,0.005
26565,2,"  1.467","  0.352",7/14,/core/www/modules//sdig/index.php?run_id=110202&search_id=114132&scans_id=110198&peptide_id=18259&scanf=26565&charge=2&value=7/14,sp|P60709|ACTB_HUMAN,/core/www/modules//consensus/?run_id=110202&search_id=114132&scans_id=110198&peptide_id=18259&scanf=26565&charge=2&value=sp|P60709|ACTB_HUMAN,16,/core/www/modules/match_peptides/blast_html4.php?run_id=110202&search_id=114132&scans_id=110198&peptide_id=18259&scanf=26565&charge=2&value=16,R.DLTDYLM*K.I,/core/www/modules/show_out/show_out_wrapper.php?run_id=110202&search_id=114132&scans_id=110198&peptide_id=18259&scanf=26565&charge=2&value=R.DLTDYLM*K.I,ACTB,2.406e+8,3.214,0.002,2.724,0.000
26567,2,"  2.711","  0.571",9/18,/core/www/modules//sdig/index.php?run_id=110202&search_id=114132&scans_id=110198&peptide_id=18261&scanf=26567&charge=2&value=9/18,sp|O95373|IPO7_HUMAN,/core/www/modules//consensus/?run_id=110202&search_id=114132&scans_id=110198&peptide_id=18261&scanf=26567&charge=2&value=sp|O95373|IPO7_HUMAN,0,/core/www/modules/match_peptides/blast_html4.php?run_id=110202&search_id=114132&scans_id=110198&peptide_id=18261&scanf=26567&charge=2&value=0,K.NMITQYWPDR.E,/core/www/modules/show_out/show_out_wrapper.php?run_id=110202&search_id=114132&scans_id=110198&peptide_id=18261&scanf=26567&charge=2&value=K.NMITQYWPDR.E,IPO7,6.626e+6,3.299,0.001,2.851,0.000
26568,2,"  2.048","  0.467",8/16,/core/www/modules//sdig/index.php?run_id=110202&search_id=114132&scans_id=110198&peptide_id=18262&scanf=26568&charge=2&value=8/16,sp|Q14204|DYHC1_HUMAN,/core/www/modules//consensus/?run_id=110202&search_id=114132&scans_id=110198&peptide_id=18262&scanf=26568&charge=2&value=sp|Q14204|DYHC1_HUMAN,17,/core/www/modules/match_peptides/blast_html4.php?run_id=110202&search_id=114132&scans_id=110198&peptide_id=18262&scanf=26568&charge=2&value=17,R.TSFLDDAFR.K,/core/www/modules/show_out/show_out_wrapper.php?run_id=110202&search_id=114132&scans_id=110198&peptide_id=18262&scanf=26568&charge=2&value=R.TSFLDDAFR.K,DYNC1H1,4.084e+6,3.274,0.002,2.813,0.000
26569,2,"  2.787","  0.469",11/18,/core/www/modules//sdig/index.php?run_id=110202&search_id=114132&scans_id=110198&peptide_id=18263&scanf=26569&charge=2&value=11/18,sp|O75691|UTP20_HUMAN,/core/www/modules//consensus/?run_id=110202&search_id=114132&scans_id=110198&peptide_id=18263&scanf=26569&charge=2&value=sp|O75691|UTP20_HUMAN,0,/core/www/modules/match_peptides/blast_html4.php?run_id=110202&search_id=114132&scans_id=110198&peptide_id=18263&scanf=26569&charge=2&value=0,R.LGTVLPVIEK.E,/core/www/modules/show_out/show_out_wrapper.php?run_id=110202&search_id=114132&scans_id=110198&peptide_id=18263&scanf=26569&charge=2&value=R.LGTVLPVIEK.E,UTP20,1.235e+7,3.302,0.001,2.855,0.000
26572,3,"  3.153","  0.418",12/52,/core/www/modules//sdig/index.php?run_id=110202&search_id=114132&scans_id=110198&peptide_id=18267&scanf=26572&charge=3&value=12/52,sp|Q6IEG0|SNR48_HUMAN,/core/www/modules//consensus/?run_id=110202&search_id=114132&scans_id=110198&peptide_id=18267&scanf=26572&charge=3&value=sp|Q6IEG0|SNR48_HUMAN,0,/core/www/modules/match_peptides/blast_html4.php?run_id=110202&search_id=114132&scans_id=110198&peptide_id=18267&scanf=26572&charge=3&value=0,R.IYSSLPVEVPLNHK.R,/core/www/modules/show_out/show_out_wrapper.php?run_id=110202&search_id=114132&scans_id=110198&peptide_id=18267&scanf=26572&charge=3&value=R.IYSSLPVEVPLNHK.R,SNRNP48,5.304e+6,2.738,0.010,2.022,0.000
26574,2,"  2.137","  0.361",9/14,/core/www/modules//sdig/index.php?run_id=110202&search_id=114132&scans_id=110198&peptide_id=18269&scanf=26574&charge=2&value=9/14,sp|Q8N684|CPSF7_HUMAN,/core/www/modules//consensus/?run_id=110202&search_id=114132&scans_id=110198&peptide_id=18269&scanf=26574&charge=2&value=sp|Q8N684|CPSF7_HUMAN,4,/core/www/modules/match_peptides/blast_html4.php?run_id=110202&search_id=114132&scans_id=110198&peptide_id=18269&scanf=26574&charge=2&value=4,K.LLELLPGK.V,/core/www/modules/show_out/show_out_wrapper.php?run_id=110202&search_id=114132&scans_id=110198&peptide_id=18269&scanf=26574&charge=2&value=K.LLELLPGK.V,CPSF7,5.532e+6,2.911,0.005,2.277,0.000
26576,3,"  3.684","  0.281",16/56,/core/www/modules//sdig/index.php?run_id=110202&search_id=114132&scans_id=110198&peptide_id=18271&scanf=26576&charge=3&value=16/56,sp|P54577|SYYC_HUMAN,/core/www/modules//consensus/?run_id=110202&search_id=114132&scans_id=110198&peptide_id=18271&scanf=26576&charge=3&value=sp|P54577|SYYC_HUMAN,1,/core/www/modules/match_peptides/blast_html4.php?run_id=110202&search_id=114132&scans_id=110198&peptide_id=18271&scanf=26576&charge=3&value=1,R.VHLMNPMVPGLTGSK.M,/core/www/modules/show_out/show_out_wrapper.php?run_id=110202&search_id=114132&scans_id=110198&peptide_id=18271&scanf=26576&charge=3&value=R.VHLMNPMVPGLTGSK.M,YARS1,4.996e+6,2.376,0.032,1.495,0.001
26578,3,"  2.674","  0.389",11/44,/core/www/modules//sdig/index.php?run_id=110202&search_id=114132&scans_id=110198&peptide_id=18273&scanf=26578&charge=3&value=11/44,sp|Q13243|SRSF5_HUMAN,/core/www/modules//consensus/?run_id=110202&search_id=114132&scans_id=110198&peptide_id=18273&scanf=26578&charge=3&value=sp|Q13243|SRSF5_HUMAN,3,/core/www/modules/match_peptides/blast_html4.php?run_id=110202&search_id=114132&scans_id=110198&peptide_id=18273&scanf=26578&charge=3&value=3,K.RGFGFVEFEDPR.D,/core/www/modules/show_out/show_out_wrapper.php?run_id=110202&search_id=114132&scans_id=110198&peptide_id=18273&scanf=26578&charge=3&value=K.RGFGFVEFEDPR.D,SRSF5,6.989e+6,2.505,0.021,1.681,0.000
26579,2,"  4.768","  0.725",18/30,/core/www/modules//sdig/index.php?run_id=110202&search_id=114132&scans_id=110198&peptide_id=18274&scanf=26579&charge=2&value=18/30,sp|O43707|ACTN4_HUMAN,/core/www/modules//consensus/?run_id=110202&search_id=114132&scans_id=110198&peptide_id=18274&scanf=26579&charge=2&value=sp|O43707|ACTN4_HUMAN,3,/core/www/modules/match_peptides/blast_html4.php?run_id=110202&search_id=114132&scans_id=110198&peptide_id=18274&scanf=26579&charge=2&value=3,R.ETTDTDTADQVIASFK.V,/core/www/modules/show_out/show_out_wrapper.php?run_id=110202&search_id=114132&scans_id=110198&peptide_id=18274&scanf=26579&charge=2&value=R.ETTDTDTADQVIASFK.V,ACTN4,1.045e+8,4.298,0.000,4.331,0.000
26580,4,"  4.148","  0.345",16/102,/core/www/modules//sdig/index.php?run_id=110202&search_id=114132&scans_id=110198&peptide_id=18276&scanf=26580&charge=4&value=16/102,sp|Q92620|PRP16_HUMAN,/core/www/modules//consensus/?run_id=110202&search_id=114132&scans_id=110198&peptide_id=18276&scanf=26580&charge=4&value=sp|Q92620|PRP16_HUMAN,0,/core/www/modules/match_peptides/blast_html4.php?run_id=110202&search_id=114132&scans_id=110198&peptide_id=18276&scanf=26580&charge=4&value=0,R.EADLDHYSAIIMDEAHER.S,/core/www/modules/show_out/show_out_wrapper.php?run_id=110202&search_id=114132&scans_id=110198&peptide_id=18276&scanf=26580&charge=4&value=R.EADLDHYSAIIMDEAHER.S,DHX38,7.082e+6,2.878,0.006,2.228,0.000
26581,2,"  2.003","  0.276",9/14,/core/www/modules//sdig/index.php?run_id=110202&search_id=114132&scans_id=110198&peptide_id=18277&scanf=26581&charge=2&value=9/14,sp|P07737|PROF1_HUMAN,/core/www/modules//consensus/?run_id=110202&search_id=114132&scans_id=110198&peptide_id=18277&scanf=26581&charge=2&value=sp|P07737|PROF1_HUMAN,1,/core/www/modules/match_peptides/blast_html4.php?run_id=110202&search_id=114132&scans_id=110198&peptide_id=18277&scanf=26581&charge=2&value=1,K.TLVLLMGK.E,/core/www/modules/show_out/show_out_wrapper.php?run_id=110202&search_id=114132&scans_id=110198&peptide_id=18277&scanf=26581&charge=2&value=K.TLVLLMGK.E,PFN1,1.048e+7,2.576,0.016,1.785,0.000
26583,2,"  5.428","  0.704",23/36,/core/www/modules//sdig/index.php?run_id=110202&search_id=114132&scans_id=110198&peptide_id=18279&scanf=26583&charge=2&value=23/36,sp|O00159|MYO1C_HUMAN,/core/www/modules//consensus/?run_id=110202&search_id=114132&scans_id=110198&peptide_id=18279&scanf=26583&charge=2&value=sp|O00159|MYO1C_HUMAN,1,/core/www/modules/match_peptides/blast_html4.php?run_id=110202&search_id=114132&scans_id=110198&peptide_id=18279&scanf=26583&charge=2&value=1,R.VNSININQGSITFAGGPGR.D,/core/www/modules/show_out/show_out_wrapper.php?run_id=110202&search_id=114132&scans_id=110198&peptide_id=18279&scanf=26583&charge=2&value=R.VNSININQGSITFAGGPGR.D,MYO1C,7.771e+6,3.923,0.000,3.775,0.000
26584,2,"  3.332","  0.644",16/26,/core/www/modules//sdig/index.php?run_id=110202&search_id=114132&scans_id=110198&peptide_id=18280&scanf=26584&charge=2&value=16/26,sp|Q9GZY0|NXF2_HUMAN,/core/www/modules//consensus/?run_id=110202&search_id=114132&scans_id=110198&peptide_id=18280&scanf=26584&charge=2&value=sp|Q9GZY0|NXF2_HUMAN,1,/core/www/modules/match_peptides/blast_html4.php?run_id=110202&search_id=114132&scans_id=110198&peptide_id=18280&scanf=26584&charge=2&value=1,R.YNVSQQALDLQNLR.F,/core/www/modules/show_out/show_out_wrapper.php?run_id=110202&search_id=114132&scans_id=110198&peptide_id=18280&scanf=26584&charge=2&value=R.YNVSQQALDLQNLR.F,NXF2B,2.469e+6,3.623,0.000,3.331,0.000
26591,2,"  1.521","  0.143",7/14,/core/www/modules//sdig/index.php?run_id=110202&search_id=114132&scans_id=110198&peptide_id=18286&scanf=26591&charge=2&value=7/14,sp|P25205|MCM3_HUMAN,/core/www/modules//consensus/?run_id=110202&search_id=114132&scans_id=110198&peptide_id=18286&scanf=26591&charge=2&value=sp|P25205|MCM3_HUMAN,2,/core/www/modules/match_peptides/blast_html4.php?run_id=110202&search_id=114132&scans_id=110198&peptide_id=18286&scanf=26591&charge=2&value=2,K.DIFDQLAK.S,/core/www/modules/show_out/show_out_wrapper.php?run_id=110202&search_id=114132&scans_id=110198&peptide_id=18286&scanf=26591&charge=2&value=K.DIFDQLAK.S,MCM3,3.088e+6,1.965,0.118,0.927,0.005
26593,3,"  3.594","  0.406",11/56,/core/www/modules//sdig/index.php?run_id=110202&search_id=114132&scans_id=110198&peptide_id=18288&scanf=26593&charge=3&value=11/56,sp|P53675|CLH2_HUMAN,/core/www/modules//consensus/?run_id=110202&search_id=114132&scans_id=110198&peptide_id=18288&scanf=26593&charge=3&value=sp|P53675|CLH2_HUMAN,11,/core/www/modules/match_peptides/blast_html4.php?run_id=110202&search_id=114132&scans_id=110198&peptide_id=18288&scanf=26593&charge=3&value=11,R.GQFSTDELVAEVEKR.N,/core/www/modules/show_out/show_out_wrapper.php?run_id=110202&search_id=114132&scans_id=110198&peptide_id=18288&scanf=26593&charge=3&value=R.GQFSTDELVAEVEKR.N,CLTCL1,7.033e+6,2.396,0.030,1.523,0.001
26594,3,"  2.329","  0.394",10/44,/core/www/modules//sdig/index.php?run_id=110202&search_id=114132&scans_id=110198&peptide_id=18289&scanf=26594&charge=3&value=10/44,IgG2a_bovine,/core/www/modules//consensus/?run_id=110202&search_id=114132&scans_id=110198&peptide_id=18289&scanf=26594&charge=3&value=IgG2a_bovine,0,/core/www/modules/match_peptides/blast_html4.php?run_id=110202&search_id=114132&scans_id=110198&peptide_id=18289&scanf=26594&charge=3&value=0,R.EPSVFIFPPKPK.D,/core/www/modules/show_out/show_out_wrapper.php?run_id=110202&search_id=114132&scans_id=110198&peptide_id=18289&scanf=26594&charge=3&value=R.EPSVFIFPPKPK.D,,5.596e+6,2.698,0.011,1.963,0.000
26596,2,"  5.612","  0.713",19/36,/core/www/modules//sdig/index.php?run_id=110202&search_id=114132&scans_id=110198&peptide_id=18291&scanf=26596&charge=2&value=19/36,sp|O00159|MYO1C_HUMAN,/core/www/modules//consensus/?run_id=110202&search_id=114132&scans_id=110198&peptide_id=18291&scanf=26596&charge=2&value=sp|O00159|MYO1C_HUMAN,1,/core/www/modules/match_peptides/blast_html4.php?run_id=110202&search_id=114132&scans_id=110198&peptide_id=18291&scanf=26596&charge=2&value=1,R.VNSININQGSITFAGGPGR.D,/core/www/modules/show_out/show_out_wrapper.php?run_id=110202&search_id=114132&scans_id=110198&peptide_id=18291&scanf=26596&charge=2&value=R.VNSININQGSITFAGGPGR.D,MYO1C,7.771e+6,3.804,0.000,3.598,0.000
26598,3,"  2.460","  0.353",7/64,/core/www/modules//sdig/index.php?run_id=110202&search_id=114132&scans_id=110198&peptide_id=18293&scanf=26598&charge=3&value=7/64,sp|Q9UPN3|MACF1_HUMAN,/core/www/modules//consensus/?run_id=110202&search_id=114132&scans_id=110198&peptide_id=18293&scanf=26598&charge=3&value=sp|Q9UPN3|MACF1_HUMAN,9,/core/www/modules/match_peptides/blast_html4.php?run_id=110202&search_id=114132&scans_id=110198&peptide_id=18293&scanf=26598&charge=3&value=9,R.SLQDTAELLSLENHPAK.Q,/core/www/modules/show_out/show_out_wrapper.php?run_id=110202&search_id=114132&scans_id=110198&peptide_id=18293&scanf=26598&charge=3&value=R.SLQDTAELLSLENHPAK.Q,MACF1,3.426e+6,2.281,0.044,1.359,0.001
26600,3,"  7.829","  0.775",27/80,/core/www/modules//sdig/index.php?run_id=110202&search_id=114132&scans_id=110198&peptide_id=18296&scanf=26600&charge=3&value=27/80,sp|P13667|PDIA4_HUMAN,/core/www/modules//consensus/?run_id=110202&search_id=114132&scans_id=110198&peptide_id=18296&scanf=26600&charge=3&value=sp|P13667|PDIA4_HUMAN,0,/core/www/modules/match_peptides/blast_html4.php?run_id=110202&search_id=114132&scans_id=110198&peptide_id=18296&scanf=26600&charge=3&value=0,R.SHMMDVQGSTQDSAIKDFVLK.Y,/core/www/modules/show_out/show_out_wrapper.php?run_id=110202&search_id=114132&scans_id=110198&peptide_id=18296&scanf=26600&charge=3&value=R.SHMMDVQGSTQDSAIKDFVLK.Y,PDIA4,2.663e+6,3.966,0.000,3.839,0.000
26605,3,"  2.348","  0.317",10/60,/core/www/modules//sdig/index.php?run_id=110202&search_id=114132&scans_id=110198&peptide_id=18301&scanf=26605&charge=3&value=10/60,sp|O75533|SF3B1_HUMAN,/core/www/modules//consensus/?run_id=110202&search_id=114132&scans_id=110198&peptide_id=18301&scanf=26605&charge=3&value=sp|O75533|SF3B1_HUMAN,0,/core/www/modules/match_peptides/blast_html4.php?run_id=110202&search_id=114132&scans_id=110198&peptide_id=18301&scanf=26605&charge=3&value=0,K.LLVDVDESTLSPEEQK.E,/core/www/modules/show_out/show_out_wrapper.php?run_id=110202&search_id=114132&scans_id=110198&peptide_id=18301&scanf=26605&charge=3&value=K.LLVDVDESTLSPEEQK.E,SF3B1,4.727e+6,2.403,0.029,1.534,0.001
26610,2,"  2.628","  0.194",10/18,/core/www/modules//sdig/index.php?run_id=110202&search_id=114132&scans_id=110198&peptide_id=18306&scanf=26610&charge=2&value=10/18,sp|Q8WVM7|STAG1_HUMAN,/core/www/modules//consensus/?run_id=110202&search_id=114132&scans_id=110198&peptide_id=18306&scanf=26610&charge=2&value=sp|Q8WVM7|STAG1_HUMAN,1,/core/www/modules/match_peptides/blast_html4.php?run_id=110202&search_id=114132&scans_id=110198&peptide_id=18306&scanf=26610&charge=2&value=1,R.SQLIDEFVDR.F,/core/www/modules/show_out/show_out_wrapper.php?run_id=110202&search_id=114132&scans_id=110198&peptide_id=18306&scanf=26610&charge=2&value=R.SQLIDEFVDR.F,STAG1,1.044e+7,2.039,0.095,1.024,0.004
26611,2,"  3.153","  0.643",12/22,/core/www/modules//sdig/index.php?run_id=110202&search_id=114132&scans_id=110198&peptide_id=18307&scanf=26611&charge=2&value=12/22,sp|P29590|PML_HUMAN,/core/www/modules//consensus/?run_id=110202&search_id=114132&scans_id=110198&peptide_id=18307&scanf=26611&charge=2&value=sp|P29590|PML_HUMAN,1,/core/www/modules/match_peptides/blast_html4.php?run_id=110202&search_id=114132&scans_id=110198&peptide_id=18307&scanf=26611&charge=2&value=1,R.APASEEEFQFLR.C,/core/www/modules/show_out/show_out_wrapper.php?run_id=110202&search_id=114132&scans_id=110198&peptide_id=18307&scanf=26611&charge=2&value=R.APASEEEFQFLR.C,PML,9.624e+6,3.477,0.001,3.115,0.000
26612,2,"  3.105","  0.484",12/22,/core/www/modules//sdig/index.php?run_id=110202&search_id=114132&scans_id=110198&peptide_id=18308&scanf=26612&charge=2&value=12/22,sp|O00154|BACH_HUMAN,/core/www/modules//consensus/?run_id=110202&search_id=114132&scans_id=110198&peptide_id=18308&scanf=26612&charge=2&value=sp|O00154|BACH_HUMAN,1,/core/www/modules/match_peptides/blast_html4.php?run_id=110202&search_id=114132&scans_id=110198&peptide_id=18308&scanf=26612&charge=2&value=1,K.LMDEVAGIVAAR.H,/core/www/modules/show_out/show_out_wrapper.php?run_id=110202&search_id=114132&scans_id=110198&peptide_id=18308&scanf=26612&charge=2&value=K.LMDEVAGIVAAR.H,ACOT7,2.231e+7,3.105,0.003,2.564,0.000
26613,3,"  5.049","  0.582",20/96,/core/www/modules//sdig/index.php?run_id=110202&search_id=114132&scans_id=110198&peptide_id=18309&scanf=26613&charge=3&value=20/96,sp|Q8IZL8|PELP1_HUMAN,/core/www/modules//consensus/?run_id=110202&search_id=114132&scans_id=110198&peptide_id=18309&scanf=26613&charge=3&value=sp|Q8IZL8|PELP1_HUMAN,2,/core/www/modules/match_peptides/blast_html4.php?run_id=110202&search_id=114132&scans_id=110198&peptide_id=18309&scanf=26613&charge=3&value=2,K.VQPPPETPAEEEMETETEAEALQEK.E,/core/www/modules/show_out/show_out_wrapper.php?run_id=110202&search_id=114132&scans_id=110198&peptide_id=18309&scanf=26613&charge=3&value=K.VQPPPETPAEEEMETETEAEALQEK.E,PELP1,2.130e+6,3.091,0.003,2.543,0.000
26614,2,"  1.882","  0.318",7/16,/core/www/modules//sdig/index.php?run_id=110202&search_id=114132&scans_id=110198&peptide_id=18310&scanf=26614&charge=2&value=7/16,sp|Q9UII4|HERC5_HUMAN,/core/www/modules//consensus/?run_id=110202&search_id=114132&scans_id=110198&peptide_id=18310&scanf=26614&charge=2&value=sp|Q9UII4|HERC5_HUMAN,0,/core/www/modules/match_peptides/blast_html4.php?run_id=110202&search_id=114132&scans_id=110198&peptide_id=18310&scanf=26614&charge=2&value=0,R.DQLMPLPVK.V,/core/www/modules/show_out/show_out_wrapper.php?run_id=110202&search_id=114132&scans_id=110198&peptide_id=18310&scanf=26614&charge=2&value=R.DQLMPLPVK.V,HERC5,6.024e+6,2.362,0.034,1.474,0.001
26616,3,"  2.804","  0.000",12/60,/core/www/modules//sdig/index.php?run_id=110202&search_id=114132&scans_id=110198&peptide_id=18312&scanf=26616&charge=3&value=12/60,sp|O15391|TYY2_HUMAN,/core/www/modules//consensus/?run_id=110202&search_id=114132&scans_id=110198&peptide_id=18312&scanf=26616&charge=3&value=sp|O15391|TYY2_HUMAN,4,/core/www/modules/match_peptides/blast_html4.php?run_id=110202&search_id=114132&scans_id=110198&peptide_id=18312&scanf=26616&charge=3&value=4,K.KLPPGGLPGIDLSDPK.Q,/core/www/modules/show_out/show_out_wrapper.php?run_id=110202&search_id=114132&scans_id=110198&peptide_id=18312&scanf=26616&charge=3&value=K.KLPPGGLPGIDLSDPK.Q,YY2,4.104e+6,2.209,0.055,1.258,0.002
26621,2,"  2.336","  0.106",10/20,/core/www/modules//sdig/index.php?run_id=110202&search_id=114132&scans_id=110198&peptide_id=18318&scanf=26621&charge=2&value=10/20,sp|O00571|DDX3X_HUMAN,/core/www/modules//consensus/?run_id=110202&search_id=114132&scans_id=110198&peptide_id=18318&scanf=26621&charge=2&value=sp|O00571|DDX3X_HUMAN,27,/core/www/modules/match_peptides/blast_html4.php?run_id=110202&search_id=114132&scans_id=110198&peptide_id=18318&scanf=26621&charge=2&value=27,R.M*LDMGFEPQIR.R,/core/www/modules/show_out/show_out_wrapper.php?run_id=110202&search_id=114132&scans_id=110198&peptide_id=18318&scanf=26621&charge=2&value=R.M*LDMGFEPQIR.R,DDX3X,3.139e+7,1.821,0.180,0.744,0.010
26622,2,"  4.871","  0.639",17/30,/core/www/modules//sdig/index.php?run_id=110202&search_id=114132&scans_id=110198&peptide_id=18319&scanf=26622&charge=2&value=17/30,sp|P53621|COPA_HUMAN,/core/www/modules//consensus/?run_id=110202&search_id=114132&scans_id=110198&peptide_id=18319&scanf=26622&charge=2&value=sp|P53621|COPA_HUMAN,6,/core/www/modules/match_peptides/blast_html4.php?run_id=110202&search_id=114132&scans_id=110198&peptide_id=18319&scanf=26622&charge=2&value=6,R.ASNLENSTYDLYTIPK.D,/core/www/modules/show_out/show_out_wrapper.php?run_id=110202&search_id=114132&scans_id=110198&peptide_id=18319&scanf=26622&charge=2&value=R.ASNLENSTYDLYTIPK.D,COPA,9.434e+6,3.677,0.000,3.410,0.000
26625,2,"  2.243","  0.380",8/16,/core/www/modules//sdig/index.php?run_id=110202&search_id=114132&scans_id=110198&peptide_id=18322&scanf=26625&charge=2&value=8/16,sp|Q9BVI4|NOC4L_HUMAN,/core/www/modules//consensus/?run_id=110202&search_id=114132&scans_id=110198&peptide_id=18322&scanf=26625&charge=2&value=sp|Q9BVI4|NOC4L_HUMAN,1,/core/www/modules/match_peptides/blast_html4.php?run_id=110202&search_id=114132&scans_id=110198&peptide_id=18322&scanf=26625&charge=2&value=1,K.WEGNYLFPR.E,/core/www/modules/show_out/show_out_wrapper.php?run_id=110202&search_id=114132&scans_id=110198&peptide_id=18322&scanf=26625&charge=2&value=K.WEGNYLFPR.E,NOC4L,2.377e+6,2.508,0.021,1.686,0.000
26628,3,"  5.200","  0.629",20/56,/core/www/modules//sdig/index.php?run_id=110202&search_id=114132&scans_id=110198&peptide_id=18324&scanf=26628&charge=3&value=20/56,sp|Q02880|TOP2B_HUMAN,/core/www/modules//consensus/?run_id=110202&search_id=114132&scans_id=110198&peptide_id=18324&scanf=26628&charge=3&value=sp|Q02880|TOP2B_HUMAN,4,/core/www/modules/match_peptides/blast_html4.php?run_id=110202&search_id=114132&scans_id=110198&peptide_id=18324&scanf=26628&charge=3&value=4,R.LHGLPEQFLYGTATK.H,/core/www/modules/show_out/show_out_wrapper.php?run_id=110202&search_id=114132&scans_id=110198&peptide_id=18324&scanf=26628&charge=3&value=R.LHGLPEQFLYGTATK.H,TOP2B,2.397e+7,3.867,0.000,3.693,0.000
26629,2,"  2.788","  0.484",15/26,/core/www/modules//sdig/index.php?run_id=110202&search_id=114132&scans_id=110198&peptide_id=18325&scanf=26629&charge=2&value=15/26,sp|Q7Z3K3|POGZ_HUMAN,/core/www/modules//consensus/?run_id=110202&search_id=114132&scans_id=110198&peptide_id=18325&scanf=26629&charge=2&value=sp|Q7Z3K3|POGZ_HUMAN,1,/core/www/modules/match_peptides/blast_html4.php?run_id=110202&search_id=114132&scans_id=110198&peptide_id=18325&scanf=26629&charge=2&value=1,R.EQQLPVNEETLFQK.A,/core/www/modules/show_out/show_out_wrapper.php?run_id=110202&search_id=114132&scans_id=110198&peptide_id=18325&scanf=26629&charge=2&value=R.EQQLPVNEETLFQK.A,POGZ,7.763e+6,2.890,0.006,2.246,0.000
26632,4,"  5.945","  0.528",23/132,/core/www/modules//sdig/index.php?run_id=110202&search_id=114132&scans_id=110198&peptide_id=18329&scanf=26632&charge=4&value=23/132,sp|P49368|TCPG_HUMAN,/core/www/modules//consensus/?run_id=110202&search_id=114132&scans_id=110198&peptide_id=18329&scanf=26632&charge=4&value=sp|P49368|TCPG_HUMAN,1,/core/www/modules/match_peptides/blast_html4.php?run_id=110202&search_id=114132&scans_id=110198&peptide_id=18329&scanf=26632&charge=4&value=1,R.IVSRPEELREDDVGTGAGLLEIK.K,/core/www/modules/show_out/show_out_wrapper.php?run_id=110202&search_id=114132&scans_id=110198&peptide_id=18329&scanf=26632&charge=4&value=R.IVSRPEELREDDVGTGAGLLEIK.K,CCT3,3.660e+7,3.163,0.002,2.649,0.000
26634,2,"  1.758","  0.299",8/14,/core/www/modules//sdig/index.php?run_id=110202&search_id=114132&scans_id=110198&peptide_id=18331&scanf=26634&charge=2&value=8/14,sp|P45974|UBP5_HUMAN,/core/www/modules//consensus/?run_id=110202&search_id=114132&scans_id=110198&peptide_id=18331&scanf=26634&charge=2&value=sp|P45974|UBP5_HUMAN,0,/core/www/modules/match_peptides/blast_html4.php?run_id=110202&search_id=114132&scans_id=110198&peptide_id=18331&scanf=26634&charge=2&value=0,K.MALPELVR.A,/core/www/modules/show_out/show_out_wrapper.php?run_id=110202&search_id=114132&scans_id=110198&peptide_id=18331&scanf=26634&charge=2&value=K.MALPELVR.A,USP5,6.381e+6,2.580,0.016,1.791,0.000
26635,2,"  2.597","  0.440",12/24,/core/www/modules//sdig/index.php?run_id=110202&search_id=114132&scans_id=110198&peptide_id=18332&scanf=26635&charge=2&value=12/24,sp|Q12788|TBL3_HUMAN,/core/www/modules//consensus/?run_id=110202&search_id=114132&scans_id=110198&peptide_id=18332&scanf=26635&charge=2&value=sp|Q12788|TBL3_HUMAN,1,/core/www/modules/match_peptides/blast_html4.php?run_id=110202&search_id=114132&scans_id=110198&peptide_id=18332&scanf=26635&charge=2&value=1,R.EAPEELLAYEGVR.A,/core/www/modules/show_out/show_out_wrapper.php?run_id=110202&search_id=114132&scans_id=110198&peptide_id=18332&scanf=26635&charge=2&value=R.EAPEELLAYEGVR.A,TBL3,1.185e+7,2.695,0.011,1.958,0.000
26638,3,"  5.107","  0.582",19/84,/core/www/modules//sdig/index.php?run_id=110202&search_id=114132&scans_id=110198&peptide_id=18335&scanf=26638&charge=3&value=19/84,sp|P60709|ACTB_HUMAN,/core/www/modules//consensus/?run_id=110202&search_id=114132&scans_id=110198&peptide_id=18335&scanf=26638&charge=3&value=sp|P60709|ACTB_HUMAN,6,/core/www/modules/match_peptides/blast_html4.php?run_id=110202&search_id=114132&scans_id=110198&peptide_id=18335&scanf=26638&charge=3&value=6,R.KDLYANTVLSGGTTM*YPGIADR.M,/core/www/modules/show_out/show_out_wrapper.php?run_id=110202&search_id=114132&scans_id=110198&peptide_id=18335&scanf=26638&charge=3&value=R.KDLYANTVLSGGTTM*YPGIADR.M,ACTB,1.850e+6,3.460,0.001,3.089,0.000
26640,3,"  3.730","  0.470",13/56,/core/www/modules//sdig/index.php?run_id=110202&search_id=114132&scans_id=110198&peptide_id=18338&scanf=26640&charge=3&value=13/56,sp|Q15631|TSN_HUMAN,/core/www/modules//consensus/?run_id=110202&search_id=114132&scans_id=110198&peptide_id=18338&scanf=26640&charge=3&value=sp|Q15631|TSN_HUMAN,2,/core/www/modules/match_peptides/blast_html4.php?run_id=110202&search_id=114132&scans_id=110198&peptide_id=18338&scanf=26640&charge=3&value=2,R.EAVTEILGIEPDREK.G,/core/www/modules/show_out/show_out_wrapper.php?run_id=110202&search_id=114132&scans_id=110198&peptide_id=18338&scanf=26640&charge=3&value=R.EAVTEILGIEPDREK.G,TSN,2.861e+6,2.653,0.013,1.898,0.000
26642,3,"  2.920","  0.395",11/48,/core/www/modules//sdig/index.php?run_id=110202&search_id=114132&scans_id=110198&peptide_id=18340&scanf=26642&charge=3&value=11/48,sp|Q9HCD5|NCOA5_HUMAN,/core/www/modules//consensus/?run_id=110202&search_id=114132&scans_id=110198&peptide_id=18340&scanf=26642&charge=3&value=sp|Q9HCD5|NCOA5_HUMAN,0,/core/www/modules/match_peptides/blast_html4.php?run_id=110202&search_id=114132&scans_id=110198&peptide_id=18340&scanf=26642&charge=3&value=0,R.NMPQADAMVLVAR.N,/core/www/modules/show_out/show_out_wrapper.php?run_id=110202&search_id=114132&scans_id=110198&peptide_id=18340&scanf=26642&charge=3&value=R.NMPQADAMVLVAR.N,NCOA5,3.919e+6,2.753,0.009,2.044,0.000
26643,3,"  2.967","  0.355",9/52,/core/www/modules//sdig/index.php?run_id=110202&search_id=114132&scans_id=110198&peptide_id=18341&scanf=26643&charge=3&value=9/52,sp|Q9GZY0|NXF2_HUMAN,/core/www/modules//consensus/?run_id=110202&search_id=114132&scans_id=110198&peptide_id=18341&scanf=26643&charge=3&value=sp|Q9GZY0|NXF2_HUMAN,1,/core/www/modules/match_peptides/blast_html4.php?run_id=110202&search_id=114132&scans_id=110198&peptide_id=18341&scanf=26643&charge=3&value=1,R.YNVSQQALDLQNLR.F,/core/www/modules/show_out/show_out_wrapper.php?run_id=110202&search_id=114132&scans_id=110198&peptide_id=18341&scanf=26643&charge=3&value=R.YNVSQQALDLQNLR.F,NXF2B,2.345e+6,2.511,0.020,1.690,0.000
26645,2,"  1.601","  0.311",8/14,/core/www/modules//sdig/index.php?run_id=110202&search_id=114132&scans_id=110198&peptide_id=18343&scanf=26645&charge=2&value=8/14,sp|P45880|VDAC2_HUMAN,/core/www/modules//consensus/?run_id=110202&search_id=114132&scans_id=110198&peptide_id=18343&scanf=26645&charge=2&value=sp|P45880|VDAC2_HUMAN,4,/core/www/modules/match_peptides/blast_html4.php?run_id=110202&search_id=114132&scans_id=110198&peptide_id=18343&scanf=26645&charge=2&value=4,K.GFGFGLVK.L,/core/www/modules/show_out/show_out_wrapper.php?run_id=110202&search_id=114132&scans_id=110198&peptide_id=18343&scanf=26645&charge=2&value=K.GFGFGLVK.L,VDAC2,2.375e+6,2.595,0.015,1.812,0.000
26649,2,"  1.743","  0.172",10/16,/core/www/modules//sdig/index.php?run_id=110202&search_id=114132&scans_id=110198&peptide_id=18346&scanf=26649&charge=2&value=10/16,sp|O60814|H2B1K_HUMAN,/core/www/modules//consensus/?run_id=110202&search_id=114132&scans_id=110198&peptide_id=18346&scanf=26649&charge=2&value=sp|O60814|H2B1K_HUMAN,16,/core/www/modules/match_peptides/blast_html4.php?run_id=110202&search_id=114132&scans_id=110198&peptide_id=18346&scanf=26649&charge=2&value=16,R.LLLPGELAK.H,/core/www/modules/show_out/show_out_wrapper.php?run_id=110202&search_id=114132&scans_id=110198&peptide_id=18346&scanf=26649&charge=2&value=R.LLLPGELAK.H,H2BC12,4.487e+9,2.422,0.027,1.562,0.001
26650,2,"  4.168","  0.607",16/26,/core/www/modules//sdig/index.php?run_id=110202&search_id=114132&scans_id=110198&peptide_id=18348&scanf=26650&charge=2&value=16/26,sp|O00148|DX39A_HUMAN,/core/www/modules//consensus/?run_id=110202&search_id=114132&scans_id=110198&peptide_id=18348&scanf=26650&charge=2&value=sp|O00148|DX39A_HUMAN,3,/core/www/modules/match_peptides/blast_html4.php?run_id=110202&search_id=114132&scans_id=110198&peptide_id=18348&scanf=26650&charge=2&value=3,K.GLAITFVSDENDAK.I,/core/www/modules/show_out/show_out_wrapper.php?run_id=110202&search_id=114132&scans_id=110198&peptide_id=18348&scanf=26650&charge=2&value=K.GLAITFVSDENDAK.I,DDX39A,1.876e+8,3.687,0.000,3.426,0.000
26651,3,"  4.387","  0.649",24/76,/core/www/modules//sdig/index.php?run_id=110202&search_id=114132&scans_id=110198&peptide_id=18349&scanf=26651&charge=3&value=24/76,sp|P31943|HNRH1_HUMAN,/core/www/modules//consensus/?run_id=110202&search_id=114132&scans_id=110198&peptide_id=18349&scanf=26651&charge=3&value=sp|P31943|HNRH1_HUMAN,2,/core/www/modules/match_peptides/blast_html4.php?run_id=110202&search_id=114132&scans_id=110198&peptide_id=18349&scanf=26651&charge=3&value=2,R.YVELFLNSTAGASGGAYEHR.Y,/core/www/modules/show_out/show_out_wrapper.php?run_id=110202&search_id=114132&scans_id=110198&peptide_id=18349&scanf=26651&charge=3&value=R.YVELFLNSTAGASGGAYEHR.Y,HNRNPH1,4.249e+7,3.637,0.000,3.351,0.000
26652,2,"  2.550","  0.537",9/22,/core/www/modules//sdig/index.php?run_id=110202&search_id=114132&scans_id=110198&peptide_id=18350&scanf=26652&charge=2&value=9/22,sp|P26885|FKBP2_HUMAN,/core/www/modules//consensus/?run_id=110202&search_id=114132&scans_id=110198&peptide_id=18350&scanf=26652&charge=2&value=sp|P26885|FKBP2_HUMAN,1,/core/www/modules/match_peptides/blast_html4.php?run_id=110202&search_id=114132&scans_id=110198&peptide_id=18350&scanf=26652&charge=2&value=1,K.LVIPSELGYGER.G,/core/www/modules/show_out/show_out_wrapper.php?run_id=110202&search_id=114132&scans_id=110198&peptide_id=18350&scanf=26652&charge=2&value=K.LVIPSELGYGER.G,FKBP2,7.269e+6,2.997,0.004,2.404,0.000
26655,2,"  1.987","  0.462",9/16,/core/www/modules//sdig/index.php?run_id=110202&search_id=114132&scans_id=110198&peptide_id=18353&scanf=26655&charge=2&value=9/16,sp|P09874|PARP1_HUMAN,/core/www/modules//consensus/?run_id=110202&search_id=114132&scans_id=110198&peptide_id=18353&scanf=26655&charge=2&value=sp|P09874|PARP1_HUMAN,0,/core/www/modules/match_peptides/blast_html4.php?run_id=110202&search_id=114132&scans_id=110198&peptide_id=18353&scanf=26655&charge=2&value=0,K.MIFDVESMK.K,/core/www/modules/show_out/show_out_wrapper.php?run_id=110202&search_id=114132&scans_id=110198&peptide_id=18353&scanf=26655&charge=2&value=K.MIFDVESMK.K,PARP1,3.505e+7,3.075,0.003,2.520,0.000
26656,3,"  7.928","  0.617",28/100,/core/www/modules//sdig/index.php?run_id=110202&search_id=114132&scans_id=110198&peptide_id=18354&scanf=26656&charge=3&value=28/100,sp|O60506|HNRPQ_HUMAN,/core/www/modules//consensus/?run_id=110202&search_id=114132&scans_id=110198&peptide_id=18354&scanf=26656&charge=3&value=sp|O60506|HNRPQ_HUMAN,7,/core/www/modules/match_peptides/blast_html4.php?run_id=110202&search_id=114132&scans_id=110198&peptide_id=18354&scanf=26656&charge=3&value=7,R.KYGGPPPDSVYSGQQPSVGTEIFVGK.I,/core/www/modules/show_out/show_out_wrapper.php?run_id=110202&search_id=114132&scans_id=110198&peptide_id=18354&scanf=26656&charge=3&value=R.KYGGPPPDSVYSGQQPSVGTEIFVGK.I,SYNCRIP,1.438e+7,3.145,0.002,2.622,0.000
26657,2,"  3.116","  0.544",13/20,/core/www/modules//sdig/index.php?run_id=110202&search_id=114132&scans_id=110198&peptide_id=18355&scanf=26657&charge=2&value=13/20,sp|P05556|ITB1_HUMAN,/core/www/modules//consensus/?run_id=110202&search_id=114132&scans_id=110198&peptide_id=18355&scanf=26657&charge=2&value=sp|P05556|ITB1_HUMAN,7,/core/www/modules/match_peptides/blast_html4.php?run_id=110202&search_id=114132&scans_id=110198&peptide_id=18355&scanf=26657&charge=2&value=7,K.SLGTDLMNEMR.R,/core/www/modules/show_out/show_out_wrapper.php?run_id=110202&search_id=114132&scans_id=110198&peptide_id=18355&scanf=26657&charge=2&value=K.SLGTDLMNEMR.R,ITGB1,9.590e+6,3.415,0.001,3.022,0.000
26658,3,"  3.887","  0.509",16/56,/core/www/modules//sdig/index.php?run_id=110202&search_id=114132&scans_id=110198&peptide_id=18356&scanf=26658&charge=3&value=16/56,sp|Q9NYU2|UGGG1_HUMAN,/core/www/modules//consensus/?run_id=110202&search_id=114132&scans_id=110198&peptide_id=18356&scanf=26658&charge=3&value=sp|Q9NYU2|UGGG1_HUMAN,0,/core/www/modules/match_peptides/blast_html4.php?run_id=110202&search_id=114132&scans_id=110198&peptide_id=18356&scanf=26658&charge=3&value=0,R.EQLDPDELETITMHK.I,/core/www/modules/show_out/show_out_wrapper.php?run_id=110202&search_id=114132&scans_id=110198&peptide_id=18356&scanf=26658&charge=3&value=R.EQLDPDELETITMHK.I,UGGT1,8.060e+6,3.196,0.002,2.698,0.000
26659,2,"  2.329","  0.516",10/18,/core/www/modules//sdig/index.php?run_id=110202&search_id=114132&scans_id=110198&peptide_id=18357&scanf=26659&charge=2&value=10/18,sp|O94874|UFL1_HUMAN,/core/www/modules//consensus/?run_id=110202&search_id=114132&scans_id=110198&peptide_id=18357&scanf=26659&charge=2&value=sp|O94874|UFL1_HUMAN,0,/core/www/modules/match_peptides/blast_html4.php?run_id=110202&search_id=114132&scans_id=110198&peptide_id=18357&scanf=26659&charge=2&value=0,K.AVFVPDIYSR.T,/core/www/modules/show_out/show_out_wrapper.php?run_id=110202&search_id=114132&scans_id=110198&peptide_id=18357&scanf=26659&charge=2&value=K.AVFVPDIYSR.T,UFL1,6.964e+6,3.257,0.002,2.788,0.000
26661,3,"  2.543","  0.381",11/72,/core/www/modules//sdig/index.php?run_id=110202&search_id=114132&scans_id=110198&peptide_id=18360&scanf=26661&charge=3&value=11/72,sp|Q8IY37|DHX37_HUMAN,/core/www/modules//consensus/?run_id=110202&search_id=114132&scans_id=110198&peptide_id=18360&scanf=26661&charge=3&value=sp|Q8IY37|DHX37_HUMAN,0,/core/www/modules/match_peptides/blast_html4.php?run_id=110202&search_id=114132&scans_id=110198&peptide_id=18360&scanf=26661&charge=3&value=0,K.GPPEPPPVQLELEDKDTLK.G,/core/www/modules/show_out/show_out_wrapper.php?run_id=110202&search_id=114132&scans_id=110198&peptide_id=18360&scanf=26661&charge=3&value=K.GPPEPPPVQLELEDKDTLK.G,DHX37,2.733e+6,2.063,0.088,1.056,0.004
26665,2,"  2.253","  0.283",9/18,/core/www/modules//sdig/index.php?run_id=110202&search_id=114132&scans_id=110198&peptide_id=18364&scanf=26665&charge=2&value=9/18,sp|Q13242|SRSF9_HUMAN,/core/www/modules//consensus/?run_id=110202&search_id=114132&scans_id=110198&peptide_id=18364&scanf=26665&charge=2&value=sp|Q13242|SRSF9_HUMAN,1,/core/www/modules/match_peptides/blast_html4.php?run_id=110202&search_id=114132&scans_id=110198&peptide_id=18364&scanf=26665&charge=2&value=1,K.DGVGMVEYLR.K,/core/www/modules/show_out/show_out_wrapper.php?run_id=110202&search_id=114132&scans_id=110198&peptide_id=18364&scanf=26665&charge=2&value=K.DGVGMVEYLR.K,SRSF9,1.581e+7,2.391,0.030,1.517,0.001
26666,2,"  2.935","  0.081",12/20,/core/www/modules//sdig/index.php?run_id=110202&search_id=114132&scans_id=110198&peptide_id=18365&scanf=26666&charge=2&value=12/20,sp|Q14980|NUMA1_HUMAN,/core/www/modules//consensus/?run_id=110202&search_id=114132&scans_id=110198&peptide_id=18365&scanf=26666&charge=2&value=sp|Q14980|NUMA1_HUMAN,2,/core/www/modules/match_peptides/blast_html4.php?run_id=110202&search_id=114132&scans_id=110198&peptide_id=18365&scanf=26666&charge=2&value=2,R.QFLEVELDQAR.E,/core/www/modules/show_out/show_out_wrapper.php?run_id=110202&search_id=114132&scans_id=110198&peptide_id=18365&scanf=26666&charge=2&value=R.QFLEVELDQAR.E,NUMA1,9.406e+6,1.942,0.127,0.896,0.006
26667,3,"  3.654","  0.307",15/56,/core/www/modules//sdig/index.php?run_id=110202&search_id=114132&scans_id=110198&peptide_id=18366&scanf=26667&charge=3&value=15/56,sp|O00505|IMA4_HUMAN,/core/www/modules//consensus/?run_id=110202&search_id=114132&scans_id=110198&peptide_id=18366&scanf=26667&charge=3&value=sp|O00505|IMA4_HUMAN,5,/core/www/modules/match_peptides/blast_html4.php?run_id=110202&search_id=114132&scans_id=110198&peptide_id=18366&scanf=26667&charge=3&value=5,K.LLSSDRNPPIDDLIK.S,/core/www/modules/show_out/show_out_wrapper.php?run_id=110202&search_id=114132&scans_id=110198&peptide_id=18366&scanf=26667&charge=3&value=K.LLSSDRNPPIDDLIK.S,KPNA3,1.426e+7,2.198,0.057,1.243,0.002
26668,2,"  5.951","  0.696",22/30,/core/www/modules//sdig/index.php?run_id=110202&search_id=114132&scans_id=110198&peptide_id=18367&scanf=26668&charge=2&value=22/30,sp|P42166|LAP2A_HUMAN,/core/www/modules//consensus/?run_id=110202&search_id=114132&scans_id=110198&peptide_id=18367&scanf=26668&charge=2&value=sp|P42166|LAP2A_HUMAN,0,/core/www/modules/match_peptides/blast_html4.php?run_id=110202&search_id=114132&scans_id=110198&peptide_id=18367&scanf=26668&charge=2&value=0,K.TVVSHSLTTLGLEVAK.Q,/core/www/modules/show_out/show_out_wrapper.php?run_id=110202&search_id=114132&scans_id=110198&peptide_id=18367&scanf=26668&charge=2&value=K.TVVSHSLTTLGLEVAK.Q,TMPO,3.383e+6,4.135,0.000,4.089,0.000
26670,2,"  1.624","  0.333",6/12,/core/www/modules//sdig/index.php?run_id=110202&search_id=114132&scans_id=110198&peptide_id=18369&scanf=26670&charge=2&value=6/12,sp|P78527|PRKDC_HUMAN,/core/www/modules//consensus/?run_id=110202&search_id=114132&scans_id=110198&peptide_id=18369&scanf=26670&charge=2&value=sp|P78527|PRKDC_HUMAN,0,/core/www/modules/match_peptides/blast_html4.php?run_id=110202&search_id=114132&scans_id=110198&peptide_id=18369&scanf=26670&charge=2&value=0,K.DYVDLFR.H,/core/www/modules/show_out/show_out_wrapper.php?run_id=110202&search_id=114132&scans_id=110198&peptide_id=18369&scanf=26670&charge=2&value=K.DYVDLFR.H,PRKDC,8.840e+7,3.454,0.001,3.080,0.000
26671,3,"  4.382","  0.644",21/76,/core/www/modules//sdig/index.php?run_id=110202&search_id=114132&scans_id=110198&peptide_id=18370&scanf=26671&charge=3&value=21/76,sp|O43491|E41L2_HUMAN,/core/www/modules//consensus/?run_id=110202&search_id=114132&scans_id=110198&peptide_id=18370&scanf=26671&charge=3&value=sp|O43491|E41L2_HUMAN,6,/core/www/modules/match_peptides/blast_html4.php?run_id=110202&search_id=114132&scans_id=110198&peptide_id=18370&scanf=26671&charge=3&value=6,R.IVITGDGDIDHDQALAQAIR.E,/core/www/modules/show_out/show_out_wrapper.php?run_id=110202&search_id=114132&scans_id=110198&peptide_id=18370&scanf=26671&charge=3&value=R.IVITGDGDIDHDQALAQAIR.E,EPB41L2,6.067e+6,3.508,0.001,3.160,0.000
26673,3,"  3.699","  0.168",12/52,/core/www/modules//sdig/index.php?run_id=110202&search_id=114132&scans_id=110198&peptide_id=18372&scanf=26673&charge=3&value=12/52,sp|O43707|ACTN4_HUMAN,/core/www/modules//consensus/?run_id=110202&search_id=114132&scans_id=110198&peptide_id=18372&scanf=26673&charge=3&value=sp|O43707|ACTN4_HUMAN,3,/core/www/modules/match_peptides/blast_html4.php?run_id=110202&search_id=114132&scans_id=110198&peptide_id=18372&scanf=26673&charge=3&value=3,K.QLEAIDQLHLEYAK.R,/core/www/modules/show_out/show_out_wrapper.php?run_id=110202&search_id=114132&scans_id=110198&peptide_id=18372&scanf=26673&charge=3&value=K.QLEAIDQLHLEYAK.R,ACTN4,1.416e+8,2.385,0.031,1.508,0.001
26677,2,"  3.237","  0.564",14/26,/core/www/modules//sdig/index.php?run_id=110202&search_id=114132&scans_id=110198&peptide_id=18376&scanf=26677&charge=2&value=14/26,sp|P02786|TFR1_HUMAN,/core/www/modules//consensus/?run_id=110202&search_id=114132&scans_id=110198&peptide_id=18376&scanf=26677&charge=2&value=sp|P02786|TFR1_HUMAN,7,/core/www/modules/match_peptides/blast_html4.php?run_id=110202&search_id=114132&scans_id=110198&peptide_id=18376&scanf=26677&charge=2&value=7,R.SSGLPNIPVQTISR.A,/core/www/modules/show_out/show_out_wrapper.php?run_id=110202&search_id=114132&scans_id=110198&peptide_id=18376&scanf=26677&charge=2&value=R.SSGLPNIPVQTISR.A,TFRC,5.257e+6,3.275,0.002,2.814,0.000
26682,3,"  3.008","  0.433",14/48,/core/www/modules//sdig/index.php?run_id=110202&search_id=114132&scans_id=110198&peptide_id=18382&scanf=26682&charge=3&value=14/48,sp|P62277|RS13_HUMAN,/core/www/modules//consensus/?run_id=110202&search_id=114132&scans_id=110198&peptide_id=18382&scanf=26682&charge=3&value=sp|P62277|RS13_HUMAN,1,/core/www/modules/match_peptides/blast_html4.php?run_id=110202&search_id=114132&scans_id=110198&peptide_id=18382&scanf=26682&charge=3&value=1,K.KGLTPSQIGVILR.D,/core/www/modules/show_out/show_out_wrapper.php?run_id=110202&search_id=114132&scans_id=110198&peptide_id=18382&scanf=26682&charge=3&value=K.KGLTPSQIGVILR.D,RPS13,9.823e+7,2.724,0.010,2.002,0.000
26684,2,"  1.963","  0.362",9/20,/core/www/modules//sdig/index.php?run_id=110202&search_id=114132&scans_id=110198&peptide_id=18384&scanf=26684&charge=2&value=9/20,sp|O43166|SI1L1_HUMAN,/core/www/modules//consensus/?run_id=110202&search_id=114132&scans_id=110198&peptide_id=18384&scanf=26684&charge=2&value=sp|O43166|SI1L1_HUMAN,1,/core/www/modules/match_peptides/blast_html4.php?run_id=110202&search_id=114132&scans_id=110198&peptide_id=18384&scanf=26684&charge=2&value=1,R.DVPSFGPPIPK.G,/core/www/modules/show_out/show_out_wrapper.php?run_id=110202&search_id=114132&scans_id=110198&peptide_id=18384&scanf=26684&charge=2&value=R.DVPSFGPPIPK.G,SIPA1L1,3.330e+6,2.505,0.021,1.682,0.000
26689,2,"  4.861","  0.640",19/34,/core/www/modules//sdig/index.php?run_id=110202&search_id=114132&scans_id=110198&peptide_id=18389&scanf=26689&charge=2&value=19/34,sp|O75369|FLNB_HUMAN,/core/www/modules//consensus/?run_id=110202&search_id=114132&scans_id=110198&peptide_id=18389&scanf=26689&charge=2&value=sp|O75369|FLNB_HUMAN,3,/core/www/modules/match_peptides/blast_html4.php?run_id=110202&search_id=114132&scans_id=110198&peptide_id=18389&scanf=26689&charge=2&value=3,R.GAGIGGLGITVEGPSESK.I,/core/www/modules/show_out/show_out_wrapper.php?run_id=110202&search_id=114132&scans_id=110198&peptide_id=18389&scanf=26689&charge=2&value=R.GAGIGGLGITVEGPSESK.I,FLNB,8.919e+6,3.615,0.000,3.318,0.000
26691,2,"  4.561","  0.653",15/28,/core/www/modules//sdig/index.php?run_id=110202&search_id=114132&scans_id=110198&peptide_id=18391&scanf=26691&charge=2&value=15/28,sp|Q4G0J3|LARP7_HUMAN,/core/www/modules//consensus/?run_id=110202&search_id=114132&scans_id=110198&peptide_id=18391&scanf=26691&charge=2&value=sp|Q4G0J3|LARP7_HUMAN,9,/core/www/modules/match_peptides/blast_html4.php?run_id=110202&search_id=114132&scans_id=110198&peptide_id=18391&scanf=26691&charge=2&value=9,K.VNATGPQFVSGVIVK.I,/core/www/modules/show_out/show_out_wrapper.php?run_id=110202&search_id=114132&scans_id=110198&peptide_id=18391&scanf=26691&charge=2&value=K.VNATGPQFVSGVIVK.I,LARP7,2.270e+7,3.652,0.000,3.373,0.000
26692,3,"  3.036","  0.272",9/60,/core/www/modules//sdig/index.php?run_id=110202&search_id=114132&scans_id=110198&peptide_id=18392&scanf=26692&charge=3&value=9/60,sp|Q7L2E3|DHX30_HUMAN,/core/www/modules//consensus/?run_id=110202&search_id=114132&scans_id=110198&peptide_id=18392&scanf=26692&charge=3&value=sp|Q7L2E3|DHX30_HUMAN,1,/core/www/modules/match_peptides/blast_html4.php?run_id=110202&search_id=114132&scans_id=110198&peptide_id=18392&scanf=26692&charge=3&value=1,R.GPVWQEAPQLPVDPHR.D,/core/www/modules/show_out/show_out_wrapper.php?run_id=110202&search_id=114132&scans_id=110198&peptide_id=18392&scanf=26692&charge=3&value=R.GPVWQEAPQLPVDPHR.D,DHX30,6.428e+6,2.150,0.067,1.175,0.002
26693,2,"  3.507","  0.673",13/24,/core/www/modules//sdig/index.php?run_id=110202&search_id=114132&scans_id=110198&peptide_id=18393&scanf=26693&charge=2&value=13/24,sp|O00487|PSDE_HUMAN,/core/www/modules//consensus/?run_id=110202&search_id=114132&scans_id=110198&peptide_id=18393&scanf=26693&charge=2&value=sp|O00487|PSDE_HUMAN,0,/core/www/modules/match_peptides/blast_html4.php?run_id=110202&search_id=114132&scans_id=110198&peptide_id=18393&scanf=26693&charge=2&value=0,R.AVAVVVDPIQSVK.G,/core/www/modules/show_out/show_out_wrapper.php?run_id=110202&search_id=114132&scans_id=110198&peptide_id=18393&scanf=26693&charge=2&value=R.AVAVVVDPIQSVK.G,PSMD14,3.220e+7,3.688,0.000,3.427,0.000
26696,3,"  4.523","  0.470",17/56,/core/www/modules//sdig/index.php?run_id=110202&search_id=114132&scans_id=110198&peptide_id=18396&scanf=26696&charge=3&value=17/56,sp|O00505|IMA4_HUMAN,/core/www/modules//consensus/?run_id=110202&search_id=114132&scans_id=110198&peptide_id=18396&scanf=26696&charge=3&value=sp|O00505|IMA4_HUMAN,5,/core/www/modules/match_peptides/blast_html4.php?run_id=110202&search_id=114132&scans_id=110198&peptide_id=18396&scanf=26696&charge=3&value=5,K.LLSSDRNPPIDDLIK.S,/core/www/modules/show_out/show_out_wrapper.php?run_id=110202&search_id=114132&scans_id=110198&peptide_id=18396&scanf=26696&charge=3&value=K.LLSSDRNPPIDDLIK.S,KPNA3,1.426e+7,2.833,0.007,2.162,0.000
26697,3,"  3.441","  0.428",15/48,/core/www/modules//sdig/index.php?run_id=110202&search_id=114132&scans_id=110198&peptide_id=18397&scanf=26697&charge=3&value=15/48,sp|Q02218|ODO1_HUMAN,/core/www/modules//consensus/?run_id=110202&search_id=114132&scans_id=110198&peptide_id=18397&scanf=26697&charge=3&value=sp|Q02218|ODO1_HUMAN,4,/core/www/modules/match_peptides/blast_html4.php?run_id=110202&search_id=114132&scans_id=110198&peptide_id=18397&scanf=26697&charge=3&value=4,K.LVEDHLAVQSLIR.A,/core/www/modules/show_out/show_out_wrapper.php?run_id=110202&search_id=114132&scans_id=110198&peptide_id=18397&scanf=26697&charge=3&value=K.LVEDHLAVQSLIR.A,OGDH,4.350e+6,3.006,0.004,2.417,0.000
26698,2,"  2.263","  0.262",8/18,/core/www/modules//sdig/index.php?run_id=110202&search_id=114132&scans_id=110198&peptide_id=18398&scanf=26698&charge=2&value=8/18,sp|P63279|UBC9_HUMAN,/core/www/modules//consensus/?run_id=110202&search_id=114132&scans_id=110198&peptide_id=18398&scanf=26698&charge=2&value=sp|P63279|UBC9_HUMAN,3,/core/www/modules/match_peptides/blast_html4.php?run_id=110202&search_id=114132&scans_id=110198&peptide_id=18398&scanf=26698&charge=2&value=3,K.GTPWEGGLFK.L,/core/www/modules/show_out/show_out_wrapper.php?run_id=110202&search_id=114132&scans_id=110198&peptide_id=18398&scanf=26698&charge=2&value=K.GTPWEGGLFK.L,UBE2I,1.359e+7,2.206,0.056,1.254,0.002
26699,3,"  5.747","  0.614",20/68,/core/www/modules//sdig/index.php?run_id=110202&search_id=114132&scans_id=110198&peptide_id=18399&scanf=26699&charge=3&value=20/68,sp|P14618|KPYM_HUMAN,/core/www/modules//consensus/?run_id=110202&search_id=114132&scans_id=110198&peptide_id=18399&scanf=26699&charge=3&value=sp|P14618|KPYM_HUMAN,7,/core/www/modules/match_peptides/blast_html4.php?run_id=110202&search_id=114132&scans_id=110198&peptide_id=18399&scanf=26699&charge=3&value=7,K.KGVNLPGAAVDLPAVSEK.D,/core/www/modules/show_out/show_out_wrapper.php?run_id=110202&search_id=114132&scans_id=110198&peptide_id=18399&scanf=26699&charge=3&value=K.KGVNLPGAAVDLPAVSEK.D,PKM,1.619e+7,3.270,0.002,2.807,0.000
26701,2,"  2.120","  0.203",7/16,/core/www/modules//sdig/index.php?run_id=110202&search_id=114132&scans_id=110198&peptide_id=18402&scanf=26701&charge=2&value=7/16,sp|P04908|H2A1B_HUMAN,/core/www/modules//consensus/?run_id=110202&search_id=114132&scans_id=110198&peptide_id=18402&scanf=26701&charge=2&value=sp|P04908|H2A1B_HUMAN,19,/core/www/modules/match_peptides/blast_html4.php?run_id=110202&search_id=114132&scans_id=110198&peptide_id=18402&scanf=26701&charge=2&value=19,R.AGLQFPVGR.V,/core/www/modules/show_out/show_out_wrapper.php?run_id=110202&search_id=114132&scans_id=110198&peptide_id=18402&scanf=26701&charge=2&value=R.AGLQFPVGR.V,H2AC8,2.741e+9,2.254,0.048,1.321,0.002
26710,3,"  2.735","  0.164",10/56,/core/www/modules//sdig/index.php?run_id=110202&search_id=114132&scans_id=110198&peptide_id=18412&scanf=26710&charge=3&value=10/56,sp|Q7L014|DDX46_HUMAN,/core/www/modules//consensus/?run_id=110202&search_id=114132&scans_id=110198&peptide_id=18412&scanf=26710&charge=3&value=sp|Q7L014|DDX46_HUMAN,1,/core/www/modules/match_peptides/blast_html4.php?run_id=110202&search_id=114132&scans_id=110198&peptide_id=18412&scanf=26710&charge=3&value=1,K.ALELSGTAVPPDLEK.L,/core/www/modules/show_out/show_out_wrapper.php?run_id=110202&search_id=114132&scans_id=110198&peptide_id=18412&scanf=26710&charge=3&value=K.ALELSGTAVPPDLEK.L,DDX46,2.587e+6,1.931,0.131,0.882,0.006
26712,3,"  3.574","  0.479",12/64,/core/www/modules//sdig/index.php?run_id=110202&search_id=114132&scans_id=110198&peptide_id=18413&scanf=26712&charge=3&value=12/64,sp|Q9H307|PININ_HUMAN,/core/www/modules//consensus/?run_id=110202&search_id=114132&scans_id=110198&peptide_id=18413&scanf=26712&charge=3&value=sp|Q9H307|PININ_HUMAN,0,/core/www/modules/match_peptides/blast_html4.php?run_id=110202&search_id=114132&scans_id=110198&peptide_id=18413&scanf=26712&charge=3&value=0,K.LTEVPVEPVLTVHPESK.S,/core/www/modules/show_out/show_out_wrapper.php?run_id=110202&search_id=114132&scans_id=110198&peptide_id=18413&scanf=26712&charge=3&value=K.LTEVPVEPVLTVHPESK.S,PNN,5.255e+7,2.900,0.005,2.260,0.000
26713,2,"  2.806","  0.368",12/22,/core/www/modules//sdig/index.php?run_id=110202&search_id=114132&scans_id=110198&peptide_id=18414&scanf=26713&charge=2&value=12/22,sp|Q14669|TRIPC_HUMAN,/core/www/modules//consensus/?run_id=110202&search_id=114132&scans_id=110198&peptide_id=18414&scanf=26713&charge=2&value=sp|Q14669|TRIPC_HUMAN,2,/core/www/modules/match_peptides/blast_html4.php?run_id=110202&search_id=114132&scans_id=110198&peptide_id=18414&scanf=26713&charge=2&value=2,K.EIIPTSEFINSK.L,/core/www/modules/show_out/show_out_wrapper.php?run_id=110202&search_id=114132&scans_id=110198&peptide_id=18414&scanf=26713&charge=2&value=K.EIIPTSEFINSK.L,TRIP12,1.931e+7,2.695,0.011,1.958,0.000
26715,2,"  4.101","  0.606",15/24,/core/www/modules//sdig/index.php?run_id=110202&search_id=114132&scans_id=110198&peptide_id=18416&scanf=26715&charge=2&value=15/24,sp|Q9BXY0|MAK16_HUMAN,/core/www/modules//consensus/?run_id=110202&search_id=114132&scans_id=110198&peptide_id=18416&scanf=26715&charge=2&value=sp|Q9BXY0|MAK16_HUMAN,0,/core/www/modules/match_peptides/blast_html4.php?run_id=110202&search_id=114132&scans_id=110198&peptide_id=18416&scanf=26715&charge=2&value=0,K.ALIAAQLDNAIEK.E,/core/www/modules/show_out/show_out_wrapper.php?run_id=110202&search_id=114132&scans_id=110198&peptide_id=18416&scanf=26715&charge=2&value=K.ALIAAQLDNAIEK.E,MAK16,2.372e+7,3.626,0.000,3.336,0.000
26717,2,"  1.875","  0.223",9/22,/core/www/modules//sdig/index.php?run_id=110202&search_id=114132&scans_id=110198&peptide_id=18418&scanf=26717&charge=2&value=9/22,sp|O75533|SF3B1_HUMAN,/core/www/modules//consensus/?run_id=110202&search_id=114132&scans_id=110198&peptide_id=18418&scanf=26717&charge=2&value=sp|O75533|SF3B1_HUMAN,0,/core/www/modules/match_peptides/blast_html4.php?run_id=110202&search_id=114132&scans_id=110198&peptide_id=18418&scanf=26717&charge=2&value=0,K.VLPPPAGYVPIR.T,/core/www/modules/show_out/show_out_wrapper.php?run_id=110202&search_id=114132&scans_id=110198&peptide_id=18418&scanf=26717&charge=2&value=K.VLPPPAGYVPIR.T,SF3B1,2.371e+7,2.180,0.061,1.218,0.002
26719,2,"  3.753","  0.555",15/24,/core/www/modules//sdig/index.php?run_id=110202&search_id=114132&scans_id=110198&peptide_id=18420&scanf=26719&charge=2&value=15/24,sp|P14625|ENPL_HUMAN,/core/www/modules//consensus/?run_id=110202&search_id=114132&scans_id=110198&peptide_id=18420&scanf=26719&charge=2&value=sp|P14625|ENPL_HUMAN,8,/core/www/modules/match_peptides/blast_html4.php?run_id=110202&search_id=114132&scans_id=110198&peptide_id=18420&scanf=26719&charge=2&value=8,K.EEASDYLELDTIK.N,/core/www/modules/show_out/show_out_wrapper.php?run_id=110202&search_id=114132&scans_id=110198&peptide_id=18420&scanf=26719&charge=2&value=K.EEASDYLELDTIK.N,HSP90B1,6.469e+7,3.550,0.001,3.223,0.000
26722,2,"  4.085","  0.556",16/28,/core/www/modules//sdig/index.php?run_id=110202&search_id=114132&scans_id=110198&peptide_id=18424&scanf=26722&charge=2&value=16/28,sp|Q9Y266|NUDC_HUMAN,/core/www/modules//consensus/?run_id=110202&search_id=114132&scans_id=110198&peptide_id=18424&scanf=26722&charge=2&value=sp|Q9Y266|NUDC_HUMAN,0,/core/www/modules/match_peptides/blast_html4.php?run_id=110202&search_id=114132&scans_id=110198&peptide_id=18424&scanf=26722&charge=2&value=0,K.GQPAIIDGELYNEVK.V,/core/www/modules/show_out/show_out_wrapper.php?run_id=110202&search_id=114132&scans_id=110198&peptide_id=18424&scanf=26722&charge=2&value=K.GQPAIIDGELYNEVK.V,NUDC,4.834e+6,3.307,0.001,2.863,0.000
26723,2,"  1.823","  0.486",8/18,/core/www/modules//sdig/index.php?run_id=110202&search_id=114132&scans_id=110198&peptide_id=18425&scanf=26723&charge=2&value=8/18,sp|Q8TED0|UTP15_HUMAN,/core/www/modules//consensus/?run_id=110202&search_id=114132&scans_id=110198&peptide_id=18425&scanf=26723&charge=2&value=sp|Q8TED0|UTP15_HUMAN,1,/core/www/modules/match_peptides/blast_html4.php?run_id=110202&search_id=114132&scans_id=110198&peptide_id=18425&scanf=26723&charge=2&value=1,K.TPEITVSIIK.E,/core/www/modules/show_out/show_out_wrapper.php?run_id=110202&search_id=114132&scans_id=110198&peptide_id=18425&scanf=26723&charge=2&value=K.TPEITVSIIK.E,UTP15,5.494e+6,2.923,0.005,2.294,0.000
26725,2,"  3.073","  0.562",12/20,/core/www/modules//sdig/index.php?run_id=110202&search_id=114132&scans_id=110198&peptide_id=18427&scanf=26725&charge=2&value=12/20,sp|Q96QK1|VPS35_HUMAN,/core/www/modules//consensus/?run_id=110202&search_id=114132&scans_id=110198&peptide_id=18427&scanf=26725&charge=2&value=sp|Q96QK1|VPS35_HUMAN,0,/core/www/modules/match_peptides/blast_html4.php?run_id=110202&search_id=114132&scans_id=110198&peptide_id=18427&scanf=26725&charge=2&value=0,K.VLETTVEIFNK.L,/core/www/modules/show_out/show_out_wrapper.php?run_id=110202&search_id=114132&scans_id=110198&peptide_id=18427&scanf=26725&charge=2&value=K.VLETTVEIFNK.L,VPS35,3.803e+6,3.465,0.001,3.096,0.000
26728,2,"  2.935","  0.510",11/26,/core/www/modules//sdig/index.php?run_id=110202&search_id=114132&scans_id=110198&peptide_id=18430&scanf=26728&charge=2&value=11/26,sp|Q9BU76|MMTA2_HUMAN,/core/www/modules//consensus/?run_id=110202&search_id=114132&scans_id=110198&peptide_id=18430&scanf=26728&charge=2&value=sp|Q9BU76|MMTA2_HUMAN,0,/core/www/modules/match_peptides/blast_html4.php?run_id=110202&search_id=114132&scans_id=110198&peptide_id=18430&scanf=26728&charge=2&value=0,R.ENYLGNSLMAPVGR.W,/core/www/modules/show_out/show_out_wrapper.php?run_id=110202&search_id=114132&scans_id=110198&peptide_id=18430&scanf=26728&charge=2&value=R.ENYLGNSLMAPVGR.W,MMTAG2,2.563e+6,2.921,0.005,2.291,0.000
26730,3,"  4.988","  0.665",20/64,/core/www/modules//sdig/index.php?run_id=110202&search_id=114132&scans_id=110198&peptide_id=18433&scanf=26730&charge=3&value=20/64,sp|Q8NFH3|NUP43_HUMAN,/core/www/modules//consensus/?run_id=110202&search_id=114132&scans_id=110198&peptide_id=18433&scanf=26730&charge=3&value=sp|Q8NFH3|NUP43_HUMAN,0,/core/www/modules/match_peptides/blast_html4.php?run_id=110202&search_id=114132&scans_id=110198&peptide_id=18433&scanf=26730&charge=3&value=0,R.TIDNADSSTLHAVTFLR.T,/core/www/modules/show_out/show_out_wrapper.php?run_id=110202&search_id=114132&scans_id=110198&peptide_id=18433&scanf=26730&charge=3&value=R.TIDNADSSTLHAVTFLR.T,NUP43,3.237e+6,3.737,0.000,3.499,0.000
26733,2,"  2.004","  0.486",10/18,/core/www/modules//sdig/index.php?run_id=110202&search_id=114132&scans_id=110198&peptide_id=18435&scanf=26733&charge=2&value=10/18,sp|Q9NX24|NHP2_HUMAN,/core/www/modules//consensus/?run_id=110202&search_id=114132&scans_id=110198&peptide_id=18435&scanf=26733&charge=2&value=sp|Q9NX24|NHP2_HUMAN,2,/core/www/modules/match_peptides/blast_html4.php?run_id=110202&search_id=114132&scans_id=110198&peptide_id=18435&scanf=26733&charge=2&value=2,R.NLPYVYIPSK.T,/core/www/modules/show_out/show_out_wrapper.php?run_id=110202&search_id=114132&scans_id=110198&peptide_id=18435&scanf=26733&charge=2&value=R.NLPYVYIPSK.T,NHP2,4.023e+7,3.099,0.003,2.554,0.000
26734,3,"  4.403","  0.602",13/72,/core/www/modules//sdig/index.php?run_id=110202&search_id=114132&scans_id=110198&peptide_id=18436&scanf=26734&charge=3&value=13/72,sp|Q15149|PLEC_HUMAN,/core/www/modules//consensus/?run_id=110202&search_id=114132&scans_id=110198&peptide_id=18436&scanf=26734&charge=3&value=sp|Q15149|PLEC_HUMAN,5,/core/www/modules/match_peptides/blast_html4.php?run_id=110202&search_id=114132&scans_id=110198&peptide_id=18436&scanf=26734&charge=3&value=5,R.VVIVDPETGKEMSVYEAYR.K,/core/www/modules/show_out/show_out_wrapper.php?run_id=110202&search_id=114132&scans_id=110198&peptide_id=18436&scanf=26734&charge=3&value=R.VVIVDPETGKEMSVYEAYR.K,PLEC,3.952e+6,3.392,0.001,2.987,0.000
26736,3,"  2.992","  0.380",13/40,/core/www/modules//sdig/index.php?run_id=110202&search_id=114132&scans_id=110198&peptide_id=18438&scanf=26736&charge=3&value=13/40,sp|Q9Y2L1|RRP44_HUMAN,/core/www/modules//consensus/?run_id=110202&search_id=114132&scans_id=110198&peptide_id=18438&scanf=26736&charge=3&value=sp|Q9Y2L1|RRP44_HUMAN,1,/core/www/modules/match_peptides/blast_html4.php?run_id=110202&search_id=114132&scans_id=110198&peptide_id=18438&scanf=26736&charge=3&value=1,K.IEDTVFHVFDK.V,/core/www/modules/show_out/show_out_wrapper.php?run_id=110202&search_id=114132&scans_id=110198&peptide_id=18438&scanf=26736&charge=3&value=K.IEDTVFHVFDK.V,DIS3,1.216e+7,2.909,0.005,2.274,0.000
26738,3,"  1.611","  0.173",10/32,/core/www/modules//sdig/index.php?run_id=110202&search_id=114132&scans_id=110198&peptide_id=18440&scanf=26738&charge=3&value=10/32,sp|Q9H6R0|DHX33_HUMAN,/core/www/modules//consensus/?run_id=110202&search_id=114132&scans_id=110198&peptide_id=18440&scanf=26738&charge=3&value=sp|Q9H6R0|DHX33_HUMAN,1,/core/www/modules/match_peptides/blast_html4.php?run_id=110202&search_id=114132&scans_id=110198&peptide_id=18440&scanf=26738&charge=3&value=1,K.FLTDGM*LLR.E,/core/www/modules/show_out/show_out_wrapper.php?run_id=110202&search_id=114132&scans_id=110198&peptide_id=18440&scanf=26738&charge=3&value=K.FLTDGM*LLR.E,DHX33,1.584e+7,1.999,0.107,0.971,0.005
26741,2,"  4.452","  0.449",16/38,/core/www/modules//sdig/index.php?run_id=110202&search_id=114132&scans_id=110198&peptide_id=18444&scanf=26741&charge=2&value=16/38,sp|Q9P2J5|SYLC_HUMAN,/core/www/modules//consensus/?run_id=110202&search_id=114132&scans_id=110198&peptide_id=18444&scanf=26741&charge=2&value=sp|Q9P2J5|SYLC_HUMAN,11,/core/www/modules/match_peptides/blast_html4.php?run_id=110202&search_id=114132&scans_id=110198&peptide_id=18444&scanf=26741&charge=2&value=11,K.GTGVVTSVPSDSPDDIAALR.D,/core/www/modules/show_out/show_out_wrapper.php?run_id=110202&search_id=114132&scans_id=110198&peptide_id=18444&scanf=26741&charge=2&value=K.GTGVVTSVPSDSPDDIAALR.D,LARS1,4.002e+6,2.567,0.017,1.772,0.000
26743,3,"  5.434","  0.663",19/68,/core/www/modules//sdig/index.php?run_id=110202&search_id=114132&scans_id=110198&peptide_id=18446&scanf=26743&charge=3&value=19/68,sp|P35606|COPB2_HUMAN,/core/www/modules//consensus/?run_id=110202&search_id=114132&scans_id=110198&peptide_id=18446&scanf=26743&charge=3&value=sp|P35606|COPB2_HUMAN,5,/core/www/modules/match_peptides/blast_html4.php?run_id=110202&search_id=114132&scans_id=110198&peptide_id=18446&scanf=26743&charge=3&value=5,K.VWQLGSSSPNFTLEGHEK.G,/core/www/modules/show_out/show_out_wrapper.php?run_id=110202&search_id=114132&scans_id=110198&peptide_id=18446&scanf=26743&charge=3&value=K.VWQLGSSSPNFTLEGHEK.G,COPB2,1.570e+7,3.719,0.000,3.473,0.000
26744,2,"  4.804","  0.760",21/32,/core/www/modules//sdig/index.php?run_id=110202&search_id=114132&scans_id=110198&peptide_id=18447&scanf=26744&charge=2&value=21/32,sp|Q01130|SRSF2_HUMAN,/core/www/modules//consensus/?run_id=110202&search_id=114132&scans_id=110198&peptide_id=18447&scanf=26744&charge=2&value=sp|Q01130|SRSF2_HUMAN,2,/core/www/modules/match_peptides/blast_html4.php?run_id=110202&search_id=114132&scans_id=110198&peptide_id=18447&scanf=26744&charge=2&value=2,R.DAEDAMDAMDGAVLDGR.E,/core/www/modules/show_out/show_out_wrapper.php?run_id=110202&search_id=114132&scans_id=110198&peptide_id=18447&scanf=26744&charge=2&value=R.DAEDAMDAMDGAVLDGR.E,SRSF2,2.888e+6,4.097,0.000,4.033,0.000
26746,3,"  4.627","  0.594",21/60,/core/www/modules//sdig/index.php?run_id=110202&search_id=114132&scans_id=110198&peptide_id=18449&scanf=26746&charge=3&value=21/60,sp|Q8TDD1|DDX54_HUMAN,/core/www/modules//consensus/?run_id=110202&search_id=114132&scans_id=110198&peptide_id=18449&scanf=26746&charge=3&value=sp|Q8TDD1|DDX54_HUMAN,1,/core/www/modules/match_peptides/blast_html4.php?run_id=110202&search_id=114132&scans_id=110198&peptide_id=18449&scanf=26746&charge=3&value=1,R.LPGGHQTVLFSATLPK.L,/core/www/modules/show_out/show_out_wrapper.php?run_id=110202&search_id=114132&scans_id=110198&peptide_id=18449&scanf=26746&charge=3&value=R.LPGGHQTVLFSATLPK.L,DDX54,3.475e+7,3.646,0.000,3.365,0.000
26748,2,"  4.111","  0.701",19/32,/core/www/modules//sdig/index.php?run_id=110202&search_id=114132&scans_id=110198&peptide_id=18451&scanf=26748&charge=2&value=19/32,sp|Q9H307|PININ_HUMAN,/core/www/modules//consensus/?run_id=110202&search_id=114132&scans_id=110198&peptide_id=18451&scanf=26748&charge=2&value=sp|Q9H307|PININ_HUMAN,0,/core/www/modules/match_peptides/blast_html4.php?run_id=110202&search_id=114132&scans_id=110198&peptide_id=18451&scanf=26748&charge=2&value=0,K.LTEVPVEPVLTVHPESK.S,/core/www/modules/show_out/show_out_wrapper.php?run_id=110202&search_id=114132&scans_id=110198&peptide_id=18451&scanf=26748&charge=2&value=K.LTEVPVEPVLTVHPESK.S,PNN,3.366e+6,3.824,0.000,3.629,0.000
26754,3,"  3.248","  0.562",17/52,/core/www/modules//sdig/index.php?run_id=110202&search_id=114132&scans_id=110198&peptide_id=18456&scanf=26754&charge=3&value=17/52,sp|P53618|COPB_HUMAN,/core/www/modules//consensus/?run_id=110202&search_id=114132&scans_id=110198&peptide_id=18456&scanf=26754&charge=3&value=sp|P53618|COPB_HUMAN,0,/core/www/modules/match_peptides/blast_html4.php?run_id=110202&search_id=114132&scans_id=110198&peptide_id=18456&scanf=26754&charge=3&value=0,R.SLGEIPIVESEIKK.E,/core/www/modules/show_out/show_out_wrapper.php?run_id=110202&search_id=114132&scans_id=110198&peptide_id=18456&scanf=26754&charge=3&value=R.SLGEIPIVESEIKK.E,COPB1,3.964e+7,3.247,0.002,2.773,0.000
26755,2,"  4.798","  0.413",19/30,/core/www/modules//sdig/index.php?run_id=110202&search_id=114132&scans_id=110198&peptide_id=18457&scanf=26755&charge=2&value=19/30,sp|P30101|PDIA3_HUMAN,/core/www/modules//consensus/?run_id=110202&search_id=114132&scans_id=110198&peptide_id=18457&scanf=26755&charge=2&value=sp|P30101|PDIA3_HUMAN,5,/core/www/modules/match_peptides/blast_html4.php?run_id=110202&search_id=114132&scans_id=110198&peptide_id=18457&scanf=26755&charge=2&value=5,K.VVVAENFDEIVNNENK.D,/core/www/modules/show_out/show_out_wrapper.php?run_id=110202&search_id=114132&scans_id=110198&peptide_id=18457&scanf=26755&charge=2&value=K.VVVAENFDEIVNNENK.D,PDIA3,1.952e+7,2.921,0.005,2.292,0.000
26756,2,"  2.327","  0.419",9/18,/core/www/modules//sdig/index.php?run_id=110202&search_id=114132&scans_id=110198&peptide_id=18458&scanf=26756&charge=2&value=9/18,sp|Q8N163|CCAR2_HUMAN,/core/www/modules//consensus/?run_id=110202&search_id=114132&scans_id=110198&peptide_id=18458&scanf=26756&charge=2&value=sp|Q8N163|CCAR2_HUMAN,2,/core/www/modules/match_peptides/blast_html4.php?run_id=110202&search_id=114132&scans_id=110198&peptide_id=18458&scanf=26756&charge=2&value=2,R.LTPLQLEIQR.V,/core/www/modules/show_out/show_out_wrapper.php?run_id=110202&search_id=114132&scans_id=110198&peptide_id=18458&scanf=26756&charge=2&value=R.LTPLQLEIQR.V,CCAR2,4.230e+7,2.899,0.006,2.259,0.000
26757,3,"  2.806","  0.413",13/72,/core/www/modules//sdig/index.php?run_id=110202&search_id=114132&scans_id=110198&peptide_id=18459&scanf=26757&charge=3&value=13/72,sp|O60244|MED14_HUMAN,/core/www/modules//consensus/?run_id=110202&search_id=114132&scans_id=110198&peptide_id=18459&scanf=26757&charge=3&value=sp|O60244|MED14_HUMAN,1,/core/www/modules/match_peptides/blast_html4.php?run_id=110202&search_id=114132&scans_id=110198&peptide_id=18459&scanf=26757&charge=3&value=1,K.VTPENAGQWKPDELQVLEK.F,/core/www/modules/show_out/show_out_wrapper.php?run_id=110202&search_id=114132&scans_id=110198&peptide_id=18459&scanf=26757&charge=3&value=K.VTPENAGQWKPDELQVLEK.F,MED14,6.376e+6,2.548,0.018,1.743,0.000
26758,3,"  4.133","  0.569",14/60,/core/www/modules//sdig/index.php?run_id=110202&search_id=114132&scans_id=110198&peptide_id=18460&scanf=26758&charge=3&value=14/60,sp|O75400|PR40A_HUMAN,/core/www/modules//consensus/?run_id=110202&search_id=114132&scans_id=110198&peptide_id=18460&scanf=26758&charge=3&value=sp|O75400|PR40A_HUMAN,5,/core/www/modules/match_peptides/blast_html4.php?run_id=110202&search_id=114132&scans_id=110198&peptide_id=18460&scanf=26758&charge=3&value=5,R.FVKEPAFEDITLESER.K,/core/www/modules/show_out/show_out_wrapper.php?run_id=110202&search_id=114132&scans_id=110198&peptide_id=18460&scanf=26758&charge=3&value=R.FVKEPAFEDITLESER.K,PRPF40A,1.107e+7,3.019,0.004,2.436,0.000
26761,2,"  1.647","  0.166",8/12,/core/www/modules//sdig/index.php?run_id=110202&search_id=114132&scans_id=110198&peptide_id=18464&scanf=26761&charge=2&value=8/12,sp|Q15397|PUM3_HUMAN,/core/www/modules//consensus/?run_id=110202&search_id=114132&scans_id=110198&peptide_id=18464&scanf=26761&charge=2&value=sp|Q15397|PUM3_HUMAN,0,/core/www/modules/match_peptides/blast_html4.php?run_id=110202&search_id=114132&scans_id=110198&peptide_id=18464&scanf=26761&charge=2&value=0,K.QMWEILR.R,/core/www/modules/show_out/show_out_wrapper.php?run_id=110202&search_id=114132&scans_id=110198&peptide_id=18464&scanf=26761&charge=2&value=K.QMWEILR.R,PUM3,1.837e+7,2.391,0.030,1.517,0.001
26763,3,"  2.858","  0.530",15/88,/core/www/modules//sdig/index.php?run_id=110202&search_id=114132&scans_id=110198&peptide_id=18466&scanf=26763&charge=3&value=15/88,sp|Q9BQ70|TCF25_HUMAN,/core/www/modules//consensus/?run_id=110202&search_id=114132&scans_id=110198&peptide_id=18466&scanf=26763&charge=3&value=sp|Q9BQ70|TCF25_HUMAN,0,/core/www/modules/match_peptides/blast_html4.php?run_id=110202&search_id=114132&scans_id=110198&peptide_id=18466&scanf=26763&charge=3&value=0,R.SLLPNYTMEGERPEEGVAGGLNR.N,/core/www/modules/show_out/show_out_wrapper.php?run_id=110202&search_id=114132&scans_id=110198&peptide_id=18466&scanf=26763&charge=3&value=R.SLLPNYTMEGERPEEGVAGGLNR.N,TCF25,6.496e+6,2.768,0.009,2.066,0.000
26765,2,"  2.603","  0.276",10/18,/core/www/modules//sdig/index.php?run_id=110202&search_id=114132&scans_id=110198&peptide_id=18468&scanf=26765&charge=2&value=10/18,sp|P09874|PARP1_HUMAN,/core/www/modules//consensus/?run_id=110202&search_id=114132&scans_id=110198&peptide_id=18468&scanf=26765&charge=2&value=sp|P09874|PARP1_HUMAN,3,/core/www/modules/match_peptides/blast_html4.php?run_id=110202&search_id=114132&scans_id=110198&peptide_id=18468&scanf=26765&charge=2&value=3,K.AQNDLIWNIK.D,/core/www/modules/show_out/show_out_wrapper.php?run_id=110202&search_id=114132&scans_id=110198&peptide_id=18468&scanf=26765&charge=2&value=K.AQNDLIWNIK.D,PARP1,1.201e+7,2.548,0.018,1.744,0.000
26768,2,"  3.840","  0.685",15/32,/core/www/modules//sdig/index.php?run_id=110202&search_id=114132&scans_id=110198&peptide_id=18471&scanf=26768&charge=2&value=15/32,sp|Q14980|NUMA1_HUMAN,/core/www/modules//consensus/?run_id=110202&search_id=114132&scans_id=110198&peptide_id=18471&scanf=26768&charge=2&value=sp|Q14980|NUMA1_HUMAN,1,/core/www/modules/match_peptides/blast_html4.php?run_id=110202&search_id=114132&scans_id=110198&peptide_id=18471&scanf=26768&charge=2&value=1,R.ASMQPIQIAEGTGITTR.Q,/core/www/modules/show_out/show_out_wrapper.php?run_id=110202&search_id=114132&scans_id=110198&peptide_id=18471&scanf=26768&charge=2&value=R.ASMQPIQIAEGTGITTR.Q,NUMA1,3.146e+6,3.629,0.000,3.340,0.000
26770,2,"  2.596","  0.427",12/24,/core/www/modules//sdig/index.php?run_id=110202&search_id=114132&scans_id=110198&peptide_id=18474&scanf=26770&charge=2&value=12/24,sp|Q13362|2A5G_HUMAN,/core/www/modules//consensus/?run_id=110202&search_id=114132&scans_id=110198&peptide_id=18474&scanf=26770&charge=2&value=sp|Q13362|2A5G_HUMAN,6,/core/www/modules/match_peptides/blast_html4.php?run_id=110202&search_id=114132&scans_id=110198&peptide_id=18474&scanf=26770&charge=2&value=6,R.FLESPDFQPNIAK.K,/core/www/modules/show_out/show_out_wrapper.php?run_id=110202&search_id=114132&scans_id=110198&peptide_id=18474&scanf=26770&charge=2&value=R.FLESPDFQPNIAK.K,PPP2R5C,3.899e+6,2.699,0.011,1.965,0.000
26771,2,"  2.166","  0.435",9/26,/core/www/modules//sdig/index.php?run_id=110202&search_id=114132&scans_id=110198&peptide_id=18475&scanf=26771&charge=2&value=9/26,sp|O14647|CHD2_HUMAN,/core/www/modules//consensus/?run_id=110202&search_id=114132&scans_id=110198&peptide_id=18475&scanf=26771&charge=2&value=sp|O14647|CHD2_HUMAN,5,/core/www/modules/match_peptides/blast_html4.php?run_id=110202&search_id=114132&scans_id=110198&peptide_id=18475&scanf=26771&charge=2&value=5,K.NNSVILADEMGLGK.T,/core/www/modules/show_out/show_out_wrapper.php?run_id=110202&search_id=114132&scans_id=110198&peptide_id=18475&scanf=26771&charge=2&value=K.NNSVILADEMGLGK.T,CHD2,9.195e+6,2.560,0.017,1.761,0.000
26775,3,"  3.863","  0.681",19/68,/core/www/modules//sdig/index.php?run_id=110202&search_id=114132&scans_id=110198&peptide_id=18478&scanf=26775&charge=3&value=19/68,sp|P51114|FXR1_HUMAN,/core/www/modules//consensus/?run_id=110202&search_id=114132&scans_id=110198&peptide_id=18478&scanf=26775&charge=3&value=sp|P51114|FXR1_HUMAN,5,/core/www/modules/match_peptides/blast_html4.php?run_id=110202&search_id=114132&scans_id=110198&peptide_id=18478&scanf=26775&charge=3&value=5,R.KVPGVTAIELDEDTGTFR.I,/core/www/modules/show_out/show_out_wrapper.php?run_id=110202&search_id=114132&scans_id=110198&peptide_id=18478&scanf=26775&charge=3&value=R.KVPGVTAIELDEDTGTFR.I,FXR1,5.182e+7,3.418,0.001,3.027,0.000
26777,2,"  2.603","  0.083",12/18,/core/www/modules//sdig/index.php?run_id=110202&search_id=114132&scans_id=110198&peptide_id=18480&scanf=26777&charge=2&value=12/18,sp|Q9UHX1|PUF60_HUMAN,/core/www/modules//consensus/?run_id=110202&search_id=114132&scans_id=110198&peptide_id=18480&scanf=26777&charge=2&value=sp|Q9UHX1|PUF60_HUMAN,12,/core/www/modules/match_peptides/blast_html4.php?run_id=110202&search_id=114132&scans_id=110198&peptide_id=18480&scanf=26777&charge=2&value=12,R.QAFAPFGPIK.S,/core/www/modules/show_out/show_out_wrapper.php?run_id=110202&search_id=114132&scans_id=110198&peptide_id=18480&scanf=26777&charge=2&value=R.QAFAPFGPIK.S,PUF60,1.665e+7,1.926,0.133,0.876,0.007
26778,2,"  3.425","  0.534",13/20,/core/www/modules//sdig/index.php?run_id=110202&search_id=114132&scans_id=110198&peptide_id=18481&scanf=26778&charge=2&value=13/20,sp|P08670|VIME_HUMAN,/core/www/modules//consensus/?run_id=110202&search_id=114132&scans_id=110198&peptide_id=18481&scanf=26778&charge=2&value=sp|P08670|VIME_HUMAN,4,/core/www/modules/match_peptides/blast_html4.php?run_id=110202&search_id=114132&scans_id=110198&peptide_id=18481&scanf=26778&charge=2&value=4,K.M*ALDIEIATYR.K,/core/www/modules/show_out/show_out_wrapper.php?run_id=110202&search_id=114132&scans_id=110198&peptide_id=18481&scanf=26778&charge=2&value=K.M*ALDIEIATYR.K,VIM,2.566e+7,3.937,0.000,3.796,0.000
26779,2,"  3.133","  0.572",12/26,/core/www/modules//sdig/index.php?run_id=110202&search_id=114132&scans_id=110198&peptide_id=18482&scanf=26779&charge=2&value=12/26,sp|P53618|COPB_HUMAN,/core/www/modules//consensus/?run_id=110202&search_id=114132&scans_id=110198&peptide_id=18482&scanf=26779&charge=2&value=sp|P53618|COPB_HUMAN,0,/core/www/modules/match_peptides/blast_html4.php?run_id=110202&search_id=114132&scans_id=110198&peptide_id=18482&scanf=26779&charge=2&value=0,R.SLGEIPIVESEIKK.E,/core/www/modules/show_out/show_out_wrapper.php?run_id=110202&search_id=114132&scans_id=110198&peptide_id=18482&scanf=26779&charge=2&value=R.SLGEIPIVESEIKK.E,COPB1,7.601e+6,2.790,0.008,2.098,0.000
26781,4,"  2.424","  0.261",11/156,/core/www/modules//sdig/index.php?run_id=110202&search_id=114132&scans_id=110198&peptide_id=18485&scanf=26781&charge=4&value=11/156,sp|Q9ULW3|ABT1_HUMAN,/core/www/modules//consensus/?run_id=110202&search_id=114132&scans_id=110198&peptide_id=18485&scanf=26781&charge=4&value=sp|Q9ULW3|ABT1_HUMAN,0,/core/www/modules/match_peptides/blast_html4.php?run_id=110202&search_id=114132&scans_id=110198&peptide_id=18485&scanf=26781&charge=4&value=0,R.FLAADGDPARPDGSWTFAQRPTEQELR.A,/core/www/modules/show_out/show_out_wrapper.php?run_id=110202&search_id=114132&scans_id=110198&peptide_id=18485&scanf=26781&charge=4&value=R.FLAADGDPARPDGSWTFAQRPTEQELR.A,ABT1,3.355e+6,2.040,0.094,1.025,0.004
26787,2,"  2.035","  0.365",8/20,/core/www/modules//sdig/index.php?run_id=110202&search_id=114132&scans_id=110198&peptide_id=18491&scanf=26787&charge=2&value=8/20,sp|Q86W42|THOC6_HUMAN,/core/www/modules//consensus/?run_id=110202&search_id=114132&scans_id=110198&peptide_id=18491&scanf=26787&charge=2&value=sp|Q86W42|THOC6_HUMAN,0,/core/www/modules/match_peptides/blast_html4.php?run_id=110202&search_id=114132&scans_id=110198&peptide_id=18491&scanf=26787&charge=2&value=0,R.SSTPTTIFPIR.A,/core/www/modules/show_out/show_out_wrapper.php?run_id=110202&search_id=114132&scans_id=110198&peptide_id=18491&scanf=26787&charge=2&value=R.SSTPTTIFPIR.A,THOC6,6.513e+6,2.403,0.029,1.534,0.001
26789,3,"  4.951","  0.553",17/60,/core/www/modules//sdig/index.php?run_id=110202&search_id=114132&scans_id=110198&peptide_id=18493&scanf=26789&charge=3&value=17/60,sp|P35580|MYH10_HUMAN,/core/www/modules//consensus/?run_id=110202&search_id=114132&scans_id=110198&peptide_id=18493&scanf=26789&charge=3&value=sp|P35580|MYH10_HUMAN,1,/core/www/modules/match_peptides/blast_html4.php?run_id=110202&search_id=114132&scans_id=110198&peptide_id=18493&scanf=26789&charge=3&value=1,R.LQQELDDLTVDLDHQR.Q,/core/www/modules/show_out/show_out_wrapper.php?run_id=110202&search_id=114132&scans_id=110198&peptide_id=18493&scanf=26789&charge=3&value=R.LQQELDDLTVDLDHQR.Q,MYH10,9.039e+6,3.468,0.001,3.100,0.000
26792,2,"  3.047","  0.481",12/26,/core/www/modules//sdig/index.php?run_id=110202&search_id=114132&scans_id=110198&peptide_id=18497&scanf=26792&charge=2&value=12/26,sp|Q99986|VRK1_HUMAN,/core/www/modules//consensus/?run_id=110202&search_id=114132&scans_id=110198&peptide_id=18497&scanf=26792&charge=2&value=sp|Q99986|VRK1_HUMAN,29,/core/www/modules/match_peptides/blast_html4.php?run_id=110202&search_id=114132&scans_id=110198&peptide_id=18497&scanf=26792&charge=2&value=29,K.VEPSDNGPLFTELK.F,/core/www/modules/show_out/show_out_wrapper.php?run_id=110202&search_id=114132&scans_id=110198&peptide_id=18497&scanf=26792&charge=2&value=K.VEPSDNGPLFTELK.F,VRK1,1.512e+7,2.868,0.006,2.213,0.000
26793,2,"  1.903","  0.368",8/24,/core/www/modules//sdig/index.php?run_id=110202&search_id=114132&scans_id=110198&peptide_id=18498&scanf=26793&charge=2&value=8/24,sp|Q9BRQ8|FSP1_HUMAN,/core/www/modules//consensus/?run_id=110202&search_id=114132&scans_id=110198&peptide_id=18498&scanf=26793&charge=2&value=sp|Q9BRQ8|FSP1_HUMAN,0,/core/www/modules/match_peptides/blast_html4.php?run_id=110202&search_id=114132&scans_id=110198&peptide_id=18498&scanf=26793&charge=2&value=0,R.VSNLEELPLNEYR.E,/core/www/modules/show_out/show_out_wrapper.php?run_id=110202&search_id=114132&scans_id=110198&peptide_id=18498&scanf=26793&charge=2&value=R.VSNLEELPLNEYR.E,AIFM2,3.215e+6,2.280,0.044,1.357,0.001
26796,4,"  3.098","  0.485",15/108,/core/www/modules//sdig/index.php?run_id=110202&search_id=114132&scans_id=110198&peptide_id=18500&scanf=26796&charge=4&value=15/108,sp|Q9NU22|MDN1_HUMAN,/core/www/modules//consensus/?run_id=110202&search_id=114132&scans_id=110198&peptide_id=18500&scanf=26796&charge=4&value=sp|Q9NU22|MDN1_HUMAN,0,/core/www/modules/match_peptides/blast_html4.php?run_id=110202&search_id=114132&scans_id=110198&peptide_id=18500&scanf=26796&charge=4&value=0,K.LLHPFHEQFSDYSGSQILR.L,/core/www/modules/show_out/show_out_wrapper.php?run_id=110202&search_id=114132&scans_id=110198&peptide_id=18500&scanf=26796&charge=4&value=K.LLHPFHEQFSDYSGSQILR.L,MDN1,9.648e+6,3.447,0.001,3.070,0.000
26799,2,"  2.734","  0.419",11/18,/core/www/modules//sdig/index.php?run_id=110202&search_id=114132&scans_id=110198&peptide_id=18503&scanf=26799&charge=2&value=11/18,sp|Q15149|PLEC_HUMAN,/core/www/modules//consensus/?run_id=110202&search_id=114132&scans_id=110198&peptide_id=18503&scanf=26799&charge=2&value=sp|Q15149|PLEC_HUMAN,5,/core/www/modules/match_peptides/blast_html4.php?run_id=110202&search_id=114132&scans_id=110198&peptide_id=18503&scanf=26799&charge=2&value=5,R.LTAEDLFEAR.I,/core/www/modules/show_out/show_out_wrapper.php?run_id=110202&search_id=114132&scans_id=110198&peptide_id=18503&scanf=26799&charge=2&value=R.LTAEDLFEAR.I,PLEC,2.197e+7,3.548,0.001,3.220,0.000
26801,2,"  1.459","  0.131",8/14,/core/www/modules//sdig/index.php?run_id=110202&search_id=114132&scans_id=110198&peptide_id=18506&scanf=26801&charge=2&value=8/14,sp|Q96JH7|VCIP1_HUMAN,/core/www/modules//consensus/?run_id=110202&search_id=114132&scans_id=110198&peptide_id=18506&scanf=26801&charge=2&value=sp|Q96JH7|VCIP1_HUMAN,0,/core/www/modules/match_peptides/blast_html4.php?run_id=110202&search_id=114132&scans_id=110198&peptide_id=18506&scanf=26801&charge=2&value=0,K.LPMNLLPK.A,/core/www/modules/show_out/show_out_wrapper.php?run_id=110202&search_id=114132&scans_id=110198&peptide_id=18506&scanf=26801&charge=2&value=K.LPMNLLPK.A,VCPIP1,1.822e+7,1.928,0.132,0.878,0.007
26804,2,"  2.079","  0.320",8/14,/core/www/modules//sdig/index.php?run_id=110202&search_id=114132&scans_id=110198&peptide_id=18509&scanf=26804&charge=2&value=8/14,sp|Q9ULK4|MED23_HUMAN,/core/www/modules//consensus/?run_id=110202&search_id=114132&scans_id=110198&peptide_id=18509&scanf=26804&charge=2&value=sp|Q9ULK4|MED23_HUMAN,1,/core/www/modules/match_peptides/blast_html4.php?run_id=110202&search_id=114132&scans_id=110198&peptide_id=18509&scanf=26804&charge=2&value=1,R.ALILTLAR.A,/core/www/modules/show_out/show_out_wrapper.php?run_id=110202&search_id=114132&scans_id=110198&peptide_id=18509&scanf=26804&charge=2&value=R.ALILTLAR.A,MED23,3.435e+6,2.689,0.011,1.949,0.000
26807,2,"  2.433","  0.367",9/14,/core/www/modules//sdig/index.php?run_id=110202&search_id=114132&scans_id=110198&peptide_id=18512&scanf=26807&charge=2&value=9/14,sp|Q9Y5Q8|TF3C5_HUMAN,/core/www/modules//consensus/?run_id=110202&search_id=114132&scans_id=110198&peptide_id=18512&scanf=26807&charge=2&value=sp|Q9Y5Q8|TF3C5_HUMAN,3,/core/www/modules/match_peptides/blast_html4.php?run_id=110202&search_id=114132&scans_id=110198&peptide_id=18512&scanf=26807&charge=2&value=3,K.IYQVLDFR.I,/core/www/modules/show_out/show_out_wrapper.php?run_id=110202&search_id=114132&scans_id=110198&peptide_id=18512&scanf=26807&charge=2&value=K.IYQVLDFR.I,GTF3C5,3.450e+7,2.946,0.005,2.328,0.000
26812,2,"  3.817","  0.481",15/32,/core/www/modules//sdig/index.php?run_id=110202&search_id=114132&scans_id=110198&peptide_id=18518&scanf=26812&charge=2&value=15/32,sp|Q6NZI2|CAVN1_HUMAN,/core/www/modules//consensus/?run_id=110202&search_id=114132&scans_id=110198&peptide_id=18518&scanf=26812&charge=2&value=sp|Q6NZI2|CAVN1_HUMAN,0,/core/www/modules/match_peptides/blast_html4.php?run_id=110202&search_id=114132&scans_id=110198&peptide_id=18518&scanf=26812&charge=2&value=0,R.QAEMEGAVQSIQGELSK.L,/core/www/modules/show_out/show_out_wrapper.php?run_id=110202&search_id=114132&scans_id=110198&peptide_id=18518&scanf=26812&charge=2&value=R.QAEMEGAVQSIQGELSK.L,CAVIN1,2.777e+6,2.620,0.014,1.849,0.000
26813,3,"  1.536","  0.289",11/40,/core/www/modules//sdig/index.php?run_id=110202&search_id=114132&scans_id=110198&peptide_id=18519&scanf=26813&charge=3&value=11/40,sp|Q96DV4|RM38_HUMAN,/core/www/modules//consensus/?run_id=110202&search_id=114132&scans_id=110198&peptide_id=18519&scanf=26813&charge=3&value=sp|Q96DV4|RM38_HUMAN,0,/core/www/modules/match_peptides/blast_html4.php?run_id=110202&search_id=114132&scans_id=110198&peptide_id=18519&scanf=26813&charge=3&value=0,R.DLFHGATFVPR.V,/core/www/modules/show_out/show_out_wrapper.php?run_id=110202&search_id=114132&scans_id=110198&peptide_id=18519&scanf=26813&charge=3&value=R.DLFHGATFVPR.V,MRPL38,2.771e+6,2.447,0.025,1.597,0.001
26815,2,"  3.478","  0.670",15/26,/core/www/modules//sdig/index.php?run_id=110202&search_id=114132&scans_id=110198&peptide_id=18521&scanf=26815&charge=2&value=15/26,sp|Q15020|SART3_HUMAN,/core/www/modules//consensus/?run_id=110202&search_id=114132&scans_id=110198&peptide_id=18521&scanf=26815&charge=2&value=sp|Q15020|SART3_HUMAN,1,/core/www/modules/match_peptides/blast_html4.php?run_id=110202&search_id=114132&scans_id=110198&peptide_id=18521&scanf=26815&charge=2&value=1,R.TEGSLEDWDIAVQK.T,/core/www/modules/show_out/show_out_wrapper.php?run_id=110202&search_id=114132&scans_id=110198&peptide_id=18521&scanf=26815&charge=2&value=R.TEGSLEDWDIAVQK.T,SART3,1.813e+7,3.738,0.000,3.501,0.000
26817,2,"  1.287","  0.257",11/18,/core/www/modules//sdig/index.php?run_id=110202&search_id=114132&scans_id=110198&peptide_id=18522&scanf=26817&charge=2&value=11/18,sp|O00139|KIF2A_HUMAN,/core/www/modules//consensus/?run_id=110202&search_id=114132&scans_id=110198&peptide_id=18522&scanf=26817&charge=2&value=sp|O00139|KIF2A_HUMAN,6,/core/www/modules/match_peptides/blast_html4.php?run_id=110202&search_id=114132&scans_id=110198&peptide_id=18522&scanf=26817&charge=2&value=6,K.DLDVITIPSK.D,/core/www/modules/show_out/show_out_wrapper.php?run_id=110202&search_id=114132&scans_id=110198&peptide_id=18522&scanf=26817&charge=2&value=K.DLDVITIPSK.D,KIF2A,8.126e+6,2.149,0.067,1.174,0.002
26818,2,"  3.821","  0.591",17/26,/core/www/modules//sdig/index.php?run_id=110202&search_id=114132&scans_id=110198&peptide_id=18523&scanf=26818&charge=2&value=17/26,sp|Q5C9Z4|NOM1_HUMAN,/core/www/modules//consensus/?run_id=110202&search_id=114132&scans_id=110198&peptide_id=18523&scanf=26818&charge=2&value=sp|Q5C9Z4|NOM1_HUMAN,0,/core/www/modules/match_peptides/blast_html4.php?run_id=110202&search_id=114132&scans_id=110198&peptide_id=18523&scanf=26818&charge=2&value=0,R.VSWDSVLSAEQTGR.W,/core/www/modules/show_out/show_out_wrapper.php?run_id=110202&search_id=114132&scans_id=110198&peptide_id=18523&scanf=26818&charge=2&value=R.VSWDSVLSAEQTGR.W,NOM1,6.240e+6,3.606,0.000,3.306,0.000
26820,2,"  1.793","  0.388",10/12,/core/www/modules//sdig/index.php?run_id=110202&search_id=114132&scans_id=110198&peptide_id=18526&scanf=26820&charge=2&value=10/12,sp|Q5JTH9|RRP12_HUMAN,/core/www/modules//consensus/?run_id=110202&search_id=114132&scans_id=110198&peptide_id=18526&scanf=26820&charge=2&value=sp|Q5JTH9|RRP12_HUMAN,0,/core/www/modules/match_peptides/blast_html4.php?run_id=110202&search_id=114132&scans_id=110198&peptide_id=18526&scanf=26820&charge=2&value=0,K.FGFELVK.R,/core/www/modules/show_out/show_out_wrapper.php?run_id=110202&search_id=114132&scans_id=110198&peptide_id=18526&scanf=26820&charge=2&value=K.FGFELVK.R,RRP12,8.992e+6,3.342,0.001,2.914,0.000
26821,2,"  2.849","  0.208",11/20,/core/www/modules//sdig/index.php?run_id=110202&search_id=114132&scans_id=110198&peptide_id=18527&scanf=26821&charge=2&value=11/20,sp|O60506|HNRPQ_HUMAN,/core/www/modules//consensus/?run_id=110202&search_id=114132&scans_id=110198&peptide_id=18527&scanf=26821&charge=2&value=sp|O60506|HNRPQ_HUMAN,7,/core/www/modules/match_peptides/blast_html4.php?run_id=110202&search_id=114132&scans_id=110198&peptide_id=18527&scanf=26821&charge=2&value=7,R.LM*MDPLTGLNR.G,/core/www/modules/show_out/show_out_wrapper.php?run_id=110202&search_id=114132&scans_id=110198&peptide_id=18527&scanf=26821&charge=2&value=R.LM*MDPLTGLNR.G,SYNCRIP,2.251e+7,3.868,0.000,3.694,0.000
26824,3,"  5.559","  0.529",24/92,/core/www/modules//sdig/index.php?run_id=110202&search_id=114132&scans_id=110198&peptide_id=18530&scanf=26824&charge=3&value=24/92,sp|O15446|RPA34_HUMAN,/core/www/modules//consensus/?run_id=110202&search_id=114132&scans_id=110198&peptide_id=18530&scanf=26824&charge=3&value=sp|O15446|RPA34_HUMAN,0,/core/www/modules/match_peptides/blast_html4.php?run_id=110202&search_id=114132&scans_id=110198&peptide_id=18530&scanf=26824&charge=3&value=0,R.GHTVTEPIQPLEPELPGEGQPEAR.A,/core/www/modules/show_out/show_out_wrapper.php?run_id=110202&search_id=114132&scans_id=110198&peptide_id=18530&scanf=26824&charge=3&value=R.GHTVTEPIQPLEPELPGEGQPEAR.A,POLR1G,2.523e+6,2.933,0.005,2.310,0.000
26825,2,"  2.208","  0.232",8/16,/core/www/modules//sdig/index.php?run_id=110202&search_id=114132&scans_id=110198&peptide_id=18531&scanf=26825&charge=2&value=8/16,sp|P23258|TBG1_HUMAN,/core/www/modules//consensus/?run_id=110202&search_id=114132&scans_id=110198&peptide_id=18531&scanf=26825&charge=2&value=sp|P23258|TBG1_HUMAN,4,/core/www/modules/match_peptides/blast_html4.php?run_id=110202&search_id=114132&scans_id=110198&peptide_id=18531&scanf=26825&charge=2&value=4,R.AVLLDLEPR.V,/core/www/modules/show_out/show_out_wrapper.php?run_id=110202&search_id=114132&scans_id=110198&peptide_id=18531&scanf=26825&charge=2&value=R.AVLLDLEPR.V,TUBG1,7.999e+6,2.211,0.055,1.261,0.002
26826,3,"  2.618","  0.354",14/88,/core/www/modules//sdig/index.php?run_id=110202&search_id=114132&scans_id=110198&peptide_id=18532&scanf=26826&charge=3&value=14/88,sp|P49368|TCPG_HUMAN,/core/www/modules//consensus/?run_id=110202&search_id=114132&scans_id=110198&peptide_id=18532&scanf=26826&charge=3&value=sp|P49368|TCPG_HUMAN,1,/core/www/modules/match_peptides/blast_html4.php?run_id=110202&search_id=114132&scans_id=110198&peptide_id=18532&scanf=26826&charge=3&value=1,R.IVSRPEELREDDVGTGAGLLEIK.K,/core/www/modules/show_out/show_out_wrapper.php?run_id=110202&search_id=114132&scans_id=110198&peptide_id=18532&scanf=26826&charge=3&value=R.IVSRPEELREDDVGTGAGLLEIK.K,CCT3,1.352e+7,1.917,0.137,0.864,0.007
26827,3,"  2.924","  0.448",13/40,/core/www/modules//sdig/index.php?run_id=110202&search_id=114132&scans_id=110198&peptide_id=18533&scanf=26827&charge=3&value=13/40,sp|Q6P2Q9|PRP8_HUMAN,/core/www/modules//consensus/?run_id=110202&search_id=114132&scans_id=110198&peptide_id=18533&scanf=26827&charge=3&value=sp|Q6P2Q9|PRP8_HUMAN,1,/core/www/modules/match_peptides/blast_html4.php?run_id=110202&search_id=114132&scans_id=110198&peptide_id=18533&scanf=26827&charge=3&value=1,R.TILQHLSEAWR.C,/core/www/modules/show_out/show_out_wrapper.php?run_id=110202&search_id=114132&scans_id=110198&peptide_id=18533&scanf=26827&charge=3&value=R.TILQHLSEAWR.C,PRPF8,5.864e+6,3.465,0.001,3.096,0.000
26832,2,"  1.750","  0.151",7/12,/core/www/modules//sdig/index.php?run_id=110202&search_id=114132&scans_id=110198&peptide_id=18539&scanf=26832&charge=2&value=7/12,sp|Q9UJV9|DDX41_HUMAN,/core/www/modules//consensus/?run_id=110202&search_id=114132&scans_id=110198&peptide_id=18539&scanf=26832&charge=2&value=sp|Q9UJV9|DDX41_HUMAN,0,/core/www/modules/match_peptides/blast_html4.php?run_id=110202&search_id=114132&scans_id=110198&peptide_id=18539&scanf=26832&charge=2&value=0,R.TIFSYFK.G,/core/www/modules/show_out/show_out_wrapper.php?run_id=110202&search_id=114132&scans_id=110198&peptide_id=18539&scanf=26832&charge=2&value=R.TIFSYFK.G,DDX41,4.126e+6,2.207,0.056,1.255,0.002
26833,3,"  4.660","  0.673",21/88,/core/www/modules//sdig/index.php?run_id=110202&search_id=114132&scans_id=110198&peptide_id=18540&scanf=26833&charge=3&value=21/88,sp|Q9NV88|INT9_HUMAN,/core/www/modules//consensus/?run_id=110202&search_id=114132&scans_id=110198&peptide_id=18540&scanf=26833&charge=3&value=sp|Q9NV88|INT9_HUMAN,2,/core/www/modules/match_peptides/blast_html4.php?run_id=110202&search_id=114132&scans_id=110198&peptide_id=18540&scanf=26833&charge=3&value=2,K.VSYVSGSSLLTTHPQPMDQASLK.N,/core/www/modules/show_out/show_out_wrapper.php?run_id=110202&search_id=114132&scans_id=110198&peptide_id=18540&scanf=26833&charge=3&value=K.VSYVSGSSLLTTHPQPMDQASLK.N,INTS9,2.261e+6,3.453,0.001,3.079,0.000
26835,3,"  2.495","  0.258",10/72,/core/www/modules//sdig/index.php?run_id=110202&search_id=114132&scans_id=110198&peptide_id=18542&scanf=26835&charge=3&value=10/72,sp|Q13283|G3BP1_HUMAN,/core/www/modules//consensus/?run_id=110202&search_id=114132&scans_id=110198&peptide_id=18542&scanf=26835&charge=3&value=sp|Q13283|G3BP1_HUMAN,8,/core/www/modules/match_peptides/blast_html4.php?run_id=110202&search_id=114132&scans_id=110198&peptide_id=18542&scanf=26835&charge=3&value=8,K.NLPPSGAVPVTGIPPHVVK.V,/core/www/modules/show_out/show_out_wrapper.php?run_id=110202&search_id=114132&scans_id=110198&peptide_id=18542&scanf=26835&charge=3&value=K.NLPPSGAVPVTGIPPHVVK.V,G3BP1,6.989e+6,1.924,0.134,0.872,0.007
26836,3,"  4.029","  0.516",18/48,/core/www/modules//sdig/index.php?run_id=110202&search_id=114132&scans_id=110198&peptide_id=18543&scanf=26836&charge=3&value=18/48,sp|Q14149|MORC3_HUMAN,/core/www/modules//consensus/?run_id=110202&search_id=114132&scans_id=110198&peptide_id=18543&scanf=26836&charge=3&value=sp|Q14149|MORC3_HUMAN,0,/core/www/modules/match_peptides/blast_html4.php?run_id=110202&search_id=114132&scans_id=110198&peptide_id=18543&scanf=26836&charge=3&value=0,K.AEHVVVPIVAFNK.H,/core/www/modules/show_out/show_out_wrapper.php?run_id=110202&search_id=114132&scans_id=110198&peptide_id=18543&scanf=26836&charge=3&value=K.AEHVVVPIVAFNK.H,MORC3,2.452e+6,3.383,0.001,2.975,0.000
26838,3,"  3.705","  0.631",14/60,/core/www/modules//sdig/index.php?run_id=110202&search_id=114132&scans_id=110198&peptide_id=18544&scanf=26838&charge=3&value=14/60,sp|P62736|ACTA_HUMAN,/core/www/modules//consensus/?run_id=110202&search_id=114132&scans_id=110198&peptide_id=18544&scanf=26838&charge=3&value=sp|P62736|ACTA_HUMAN,8,/core/www/modules/match_peptides/blast_html4.php?run_id=110202&search_id=114132&scans_id=110198&peptide_id=18544&scanf=26838&charge=3&value=8,K.YPIEHGIITNWDDMEK.I,/core/www/modules/show_out/show_out_wrapper.php?run_id=110202&search_id=114132&scans_id=110198&peptide_id=18544&scanf=26838&charge=3&value=K.YPIEHGIITNWDDMEK.I,ACTA2,1.790e+9,3.521,0.001,3.179,0.000
26842,3,"  5.154","  0.597",21/64,/core/www/modules//sdig/index.php?run_id=110202&search_id=114132&scans_id=110198&peptide_id=18549&scanf=26842&charge=3&value=21/64,sp|P12814|ACTN1_HUMAN,/core/www/modules//consensus/?run_id=110202&search_id=114132&scans_id=110198&peptide_id=18549&scanf=26842&charge=3&value=sp|P12814|ACTN1_HUMAN,12,/core/www/modules/match_peptides/blast_html4.php?run_id=110202&search_id=114132&scans_id=110198&peptide_id=18549&scanf=26842&charge=3&value=12,R.KQFGAQANVIGPWIQTK.M,/core/www/modules/show_out/show_out_wrapper.php?run_id=110202&search_id=114132&scans_id=110198&peptide_id=18549&scanf=26842&charge=3&value=R.KQFGAQANVIGPWIQTK.M,ACTN1,7.434e+6,3.400,0.001,3.000,0.000
26848,2,"  3.844","  0.634",18/26,/core/www/modules//sdig/index.php?run_id=110202&search_id=114132&scans_id=110198&peptide_id=18555&scanf=26848&charge=2&value=18/26,sp|Q96QC0|PP1RA_HUMAN,/core/www/modules//consensus/?run_id=110202&search_id=114132&scans_id=110198&peptide_id=18555&scanf=26848&charge=2&value=sp|Q96QC0|PP1RA_HUMAN,0,/core/www/modules/match_peptides/blast_html4.php?run_id=110202&search_id=114132&scans_id=110198&peptide_id=18555&scanf=26848&charge=2&value=0,R.GGDPFWDGPGDPMR.G,/core/www/modules/show_out/show_out_wrapper.php?run_id=110202&search_id=114132&scans_id=110198&peptide_id=18555&scanf=26848&charge=2&value=R.GGDPFWDGPGDPMR.G,PPP1R10,4.816e+7,3.791,0.000,3.580,0.000
26849,3,"  3.042","  0.500",13/40,/core/www/modules//sdig/index.php?run_id=110202&search_id=114132&scans_id=110198&peptide_id=18556&scanf=26849&charge=3&value=13/40,sp|P00492|HPRT_HUMAN,/core/www/modules//consensus/?run_id=110202&search_id=114132&scans_id=110198&peptide_id=18556&scanf=26849&charge=3&value=sp|P00492|HPRT_HUMAN,0,/core/www/modules/match_peptides/blast_html4.php?run_id=110202&search_id=114132&scans_id=110198&peptide_id=18556&scanf=26849&charge=3&value=0,R.VFIPHGLIMDR.T,/core/www/modules/show_out/show_out_wrapper.php?run_id=110202&search_id=114132&scans_id=110198&peptide_id=18556&scanf=26849&charge=3&value=R.VFIPHGLIMDR.T,HPRT1,1.270e+7,3.319,0.001,2.880,0.000
26850,2,"  2.270","  0.356",10/18,/core/www/modules//sdig/index.php?run_id=110202&search_id=114132&scans_id=110198&peptide_id=18558&scanf=26850&charge=2&value=10/18,sp|Q9UIF9|BAZ2A_HUMAN,/core/www/modules//consensus/?run_id=110202&search_id=114132&scans_id=110198&peptide_id=18558&scanf=26850&charge=2&value=sp|Q9UIF9|BAZ2A_HUMAN,3,/core/www/modules/match_peptides/blast_html4.php?run_id=110202&search_id=114132&scans_id=110198&peptide_id=18558&scanf=26850&charge=2&value=3,R.MPVGDFFEER.D,/core/www/modules/show_out/show_out_wrapper.php?run_id=110202&search_id=114132&scans_id=110198&peptide_id=18558&scanf=26850&charge=2&value=R.MPVGDFFEER.D,BAZ2A,6.217e+6,2.682,0.011,1.940,0.000
26853,2,"  2.733","  0.294",11/22,/core/www/modules//sdig/index.php?run_id=110202&search_id=114132&scans_id=110198&peptide_id=18561&scanf=26853&charge=2&value=11/22,sp|Q8N884|CGAS_HUMAN,/core/www/modules//consensus/?run_id=110202&search_id=114132&scans_id=110198&peptide_id=18561&scanf=26853&charge=2&value=sp|Q8N884|CGAS_HUMAN,1,/core/www/modules/match_peptides/blast_html4.php?run_id=110202&search_id=114132&scans_id=110198&peptide_id=18561&scanf=26853&charge=2&value=1,K.ISAPNEFDVM*FK.L,/core/www/modules/show_out/show_out_wrapper.php?run_id=110202&search_id=114132&scans_id=110198&peptide_id=18561&scanf=26853&charge=2&value=K.ISAPNEFDVM*FK.L,CGAS,5.287e+6,2.368,0.033,1.483,0.001
26856,3,"  1.938","  0.245",10/64,/core/www/modules//sdig/index.php?run_id=110202&search_id=114132&scans_id=110198&peptide_id=18564&scanf=26856&charge=3&value=10/64,sp|Q9Y678|COPG1_HUMAN,/core/www/modules//consensus/?run_id=110202&search_id=114132&scans_id=110198&peptide_id=18564&scanf=26856&charge=3&value=sp|Q9Y678|COPG1_HUMAN,0,/core/www/modules/match_peptides/blast_html4.php?run_id=110202&search_id=114132&scans_id=110198&peptide_id=18564&scanf=26856&charge=3&value=0,R.ALQQYTLEPSEKPFDLK.S,/core/www/modules/show_out/show_out_wrapper.php?run_id=110202&search_id=114132&scans_id=110198&peptide_id=18564&scanf=26856&charge=3&value=R.ALQQYTLEPSEKPFDLK.S,COPG1,1.150e+7,1.998,0.107,0.970,0.005
26859,2,"  2.517","  0.288",10/18,/core/www/modules//sdig/index.php?run_id=110202&search_id=114132&scans_id=110198&peptide_id=18566&scanf=26859&charge=2&value=10/18,sp|Q15149|PLEC_HUMAN,/core/www/modules//consensus/?run_id=110202&search_id=114132&scans_id=110198&peptide_id=18566&scanf=26859&charge=2&value=sp|Q15149|PLEC_HUMAN,5,/core/www/modules/match_peptides/blast_html4.php?run_id=110202&search_id=114132&scans_id=110198&peptide_id=18566&scanf=26859&charge=2&value=5,K.DYELQLVTYK.A,/core/www/modules/show_out/show_out_wrapper.php?run_id=110202&search_id=114132&scans_id=110198&peptide_id=18566&scanf=26859&charge=2&value=K.DYELQLVTYK.A,PLEC,1.800e+7,2.863,0.006,2.206,0.000
26860,2,"  2.962","  0.367",11/16,/core/www/modules//sdig/index.php?run_id=110202&search_id=114132&scans_id=110198&peptide_id=18568&scanf=26860&charge=2&value=11/16,sp|P62851|RS25_HUMAN,/core/www/modules//consensus/?run_id=110202&search_id=114132&scans_id=110198&peptide_id=18568&scanf=26860&charge=2&value=sp|P62851|RS25_HUMAN,0,/core/www/modules/match_peptides/blast_html4.php?run_id=110202&search_id=114132&scans_id=110198&peptide_id=18568&scanf=26860&charge=2&value=0,K.LNNLVLFDK.A,/core/www/modules/show_out/show_out_wrapper.php?run_id=110202&search_id=114132&scans_id=110198&peptide_id=18568&scanf=26860&charge=2&value=K.LNNLVLFDK.A,RPS25,1.665e+7,2.906,0.005,2.269,0.000
26864,2,"  1.894","  0.319",9/16,/core/www/modules//sdig/index.php?run_id=110202&search_id=114132&scans_id=110198&peptide_id=18572&scanf=26864&charge=2&value=9/16,sp|Q4G0J3|LARP7_HUMAN,/core/www/modules//consensus/?run_id=110202&search_id=114132&scans_id=110198&peptide_id=18572&scanf=26864&charge=2&value=sp|Q4G0J3|LARP7_HUMAN,12,/core/www/modules/match_peptides/blast_html4.php?run_id=110202&search_id=114132&scans_id=110198&peptide_id=18572&scanf=26864&charge=2&value=12,R.TVYVELLPK.N,/core/www/modules/show_out/show_out_wrapper.php?run_id=110202&search_id=114132&scans_id=110198&peptide_id=18572&scanf=26864&charge=2&value=R.TVYVELLPK.N,LARP7,1.216e+7,2.596,0.015,1.814,0.000
26868,3,"  6.470","  0.650",24/84,/core/www/modules//sdig/index.php?run_id=110202&search_id=114132&scans_id=110198&peptide_id=18576&scanf=26868&charge=3&value=24/84,sp|O95602|RPA1_HUMAN,/core/www/modules//consensus/?run_id=110202&search_id=114132&scans_id=110198&peptide_id=18576&scanf=26868&charge=3&value=sp|O95602|RPA1_HUMAN,1,/core/www/modules/match_peptides/blast_html4.php?run_id=110202&search_id=114132&scans_id=110198&peptide_id=18576&scanf=26868&charge=3&value=1,K.LPEEVATPTTDEEKDSLIAIDR.S,/core/www/modules/show_out/show_out_wrapper.php?run_id=110202&search_id=114132&scans_id=110198&peptide_id=18576&scanf=26868&charge=3&value=K.LPEEVATPTTDEEKDSLIAIDR.S,POLR1A,3.955e+6,3.290,0.001,2.837,0.000
26876,2,"  3.952","  0.593",14/28,/core/www/modules//sdig/index.php?run_id=110202&search_id=114132&scans_id=110198&peptide_id=18584&scanf=26876&charge=2&value=14/28,sp|P18583|SON_HUMAN,/core/www/modules//consensus/?run_id=110202&search_id=114132&scans_id=110198&peptide_id=18584&scanf=26876&charge=2&value=sp|P18583|SON_HUMAN,1,/core/www/modules/match_peptides/blast_html4.php?run_id=110202&search_id=114132&scans_id=110198&peptide_id=18584&scanf=26876&charge=2&value=1,K.DIHLDLPSNNNLVSK.D,/core/www/modules/show_out/show_out_wrapper.php?run_id=110202&search_id=114132&scans_id=110198&peptide_id=18584&scanf=26876&charge=2&value=K.DIHLDLPSNNNLVSK.D,SON,3.066e+6,3.478,0.001,3.115,0.000
26877,2,"  2.832","  0.485",11/20,/core/www/modules//sdig/index.php?run_id=110202&search_id=114132&scans_id=110198&peptide_id=18585&scanf=26877&charge=2&value=11/20,sp|Q5SRE5|NU188_HUMAN,/core/www/modules//consensus/?run_id=110202&search_id=114132&scans_id=110198&peptide_id=18585&scanf=26877&charge=2&value=sp|Q5SRE5|NU188_HUMAN,0,/core/www/modules/match_peptides/blast_html4.php?run_id=110202&search_id=114132&scans_id=110198&peptide_id=18585&scanf=26877&charge=2&value=0,K.LAFSVTNNVIR.L,/core/www/modules/show_out/show_out_wrapper.php?run_id=110202&search_id=114132&scans_id=110198&peptide_id=18585&scanf=26877&charge=2&value=K.LAFSVTNNVIR.L,NUP188,4.227e+6,3.115,0.003,2.578,0.000
26878,3,"  2.432","  0.344",11/48,/core/www/modules//sdig/index.php?run_id=110202&search_id=114132&scans_id=110198&peptide_id=18586&scanf=26878&charge=3&value=11/48,sp|Q96JB2|COG3_HUMAN,/core/www/modules//consensus/?run_id=110202&search_id=114132&scans_id=110198&peptide_id=18586&scanf=26878&charge=3&value=sp|Q96JB2|COG3_HUMAN,1,/core/www/modules/match_peptides/blast_html4.php?run_id=110202&search_id=114132&scans_id=110198&peptide_id=18586&scanf=26878&charge=3&value=1,R.EQIAPFHTEFTIK.E,/core/www/modules/show_out/show_out_wrapper.php?run_id=110202&search_id=114132&scans_id=110198&peptide_id=18586&scanf=26878&charge=3&value=R.EQIAPFHTEFTIK.E,COG3,2.925e+6,2.515,0.020,1.696,0.000
26880,2,"  2.670","  0.695",12/22,/core/www/modules//sdig/index.php?run_id=110202&search_id=114132&scans_id=110198&peptide_id=18588&scanf=26880&charge=2&value=12/22,sp|P62805|H4_HUMAN,/core/www/modules//consensus/?run_id=110202&search_id=114132&scans_id=110198&peptide_id=18588&scanf=26880&charge=2&value=sp|P62805|H4_HUMAN,0,/core/www/modules/match_peptides/blast_html4.php?run_id=110202&search_id=114132&scans_id=110198&peptide_id=18588&scanf=26880&charge=2&value=0,K.TVTAM*DVVYALK.R,/core/www/modules/show_out/show_out_wrapper.php?run_id=110202&search_id=114132&scans_id=110198&peptide_id=18588&scanf=26880&charge=2&value=K.TVTAM*DVVYALK.R,H4C16,5.917e+7,3.901,0.000,3.742,0.000
26881,2,"  1.912","  0.387",11/18,/core/www/modules//sdig/index.php?run_id=110202&search_id=114132&scans_id=110198&peptide_id=18589&scanf=26881&charge=2&value=11/18,sp|P49368|TCPG_HUMAN,/core/www/modules//consensus/?run_id=110202&search_id=114132&scans_id=110198&peptide_id=18589&scanf=26881&charge=2&value=sp|P49368|TCPG_HUMAN,7,/core/www/modules/match_peptides/blast_html4.php?run_id=110202&search_id=114132&scans_id=110198&peptide_id=18589&scanf=26881&charge=2&value=7,K.ALDDMISTLK.K,/core/www/modules/show_out/show_out_wrapper.php?run_id=110202&search_id=114132&scans_id=110198&peptide_id=18589&scanf=26881&charge=2&value=K.ALDDMISTLK.K,CCT3,4.993e+7,2.905,0.005,2.269,0.000
26884,2,"  2.350","  0.272",9/18,/core/www/modules//sdig/index.php?run_id=110202&search_id=114132&scans_id=110198&peptide_id=18592&scanf=26884&charge=2&value=9/18,sp|P30260|CDC27_HUMAN,/core/www/modules//consensus/?run_id=110202&search_id=114132&scans_id=110198&peptide_id=18592&scanf=26884&charge=2&value=sp|P30260|CDC27_HUMAN,2,/core/www/modules/match_peptides/blast_html4.php?run_id=110202&search_id=114132&scans_id=110198&peptide_id=18592&scanf=26884&charge=2&value=2,K.SALQELEELK.Q,/core/www/modules/show_out/show_out_wrapper.php?run_id=110202&search_id=114132&scans_id=110198&peptide_id=18592&scanf=26884&charge=2&value=K.SALQELEELK.Q,CDC27,5.914e+6,2.226,0.052,1.282,0.002
26885,2,"  2.625","  0.635",11/20,/core/www/modules//sdig/index.php?run_id=110202&search_id=114132&scans_id=110198&peptide_id=18593&scanf=26885&charge=2&value=11/20,sp|Q9UJV9|DDX41_HUMAN,/core/www/modules//consensus/?run_id=110202&search_id=114132&scans_id=110198&peptide_id=18593&scanf=26885&charge=2&value=sp|Q9UJV9|DDX41_HUMAN,0,/core/www/modules/match_peptides/blast_html4.php?run_id=110202&search_id=114132&scans_id=110198&peptide_id=18593&scanf=26885&charge=2&value=0,R.MIDMGFEGDIR.T,/core/www/modules/show_out/show_out_wrapper.php?run_id=110202&search_id=114132&scans_id=110198&peptide_id=18593&scanf=26885&charge=2&value=R.MIDMGFEGDIR.T,DDX41,1.222e+7,3.660,0.000,3.385,0.000
26886,3,"  2.741","  0.410",14/48,/core/www/modules//sdig/index.php?run_id=110202&search_id=114132&scans_id=110198&peptide_id=18594&scanf=26886&charge=3&value=14/48,sp|Q9Y4E5|ZN451_HUMAN,/core/www/modules//consensus/?run_id=110202&search_id=114132&scans_id=110198&peptide_id=18594&scanf=26886&charge=3&value=sp|Q9Y4E5|ZN451_HUMAN,1,/core/www/modules/match_peptides/blast_html4.php?run_id=110202&search_id=114132&scans_id=110198&peptide_id=18594&scanf=26886&charge=3&value=1,K.GIAHPISFPSFAK.K,/core/www/modules/show_out/show_out_wrapper.php?run_id=110202&search_id=114132&scans_id=110198&peptide_id=18594&scanf=26886&charge=3&value=K.GIAHPISFPSFAK.K,ZNF451,5.785e+6,2.805,0.008,2.120,0.000
26889,3,"  9.397","  0.754",34/104,/core/www/modules//sdig/index.php?run_id=110202&search_id=114132&scans_id=110198&peptide_id=18597&scanf=26889&charge=3&value=34/104,sp|Q16576|RBBP7_HUMAN,/core/www/modules//consensus/?run_id=110202&search_id=114132&scans_id=110198&peptide_id=18597&scanf=26889&charge=3&value=sp|Q16576|RBBP7_HUMAN,2,/core/www/modules/match_peptides/blast_html4.php?run_id=110202&search_id=114132&scans_id=110198&peptide_id=18597&scanf=26889&charge=3&value=2,K.IGEEQSAEDAEDGPPELLFIHGGHTAK.I,/core/www/modules/show_out/show_out_wrapper.php?run_id=110202&search_id=114132&scans_id=110198&peptide_id=18597&scanf=26889&charge=3&value=K.IGEEQSAEDAEDGPPELLFIHGGHTAK.I,RBBP7,8.421e+6,3.951,0.000,3.817,0.000
26890,2,"  2.715","  0.487",12/20,/core/www/modules//sdig/index.php?run_id=110202&search_id=114132&scans_id=110198&peptide_id=18599&scanf=26890&charge=2&value=12/20,sp|Q9H8H2|DDX31_HUMAN,/core/www/modules//consensus/?run_id=110202&search_id=114132&scans_id=110198&peptide_id=18599&scanf=26890&charge=2&value=sp|Q9H8H2|DDX31_HUMAN,0,/core/www/modules/match_peptides/blast_html4.php?run_id=110202&search_id=114132&scans_id=110198&peptide_id=18599&scanf=26890&charge=2&value=0,K.GINILISTPGR.L,/core/www/modules/show_out/show_out_wrapper.php?run_id=110202&search_id=114132&scans_id=110198&peptide_id=18599&scanf=26890&charge=2&value=K.GINILISTPGR.L,DDX31,7.766e+6,3.218,0.002,2.731,0.000
26891,4,"  3.716","  0.492",21/90,/core/www/modules//sdig/index.php?run_id=110202&search_id=114132&scans_id=110198&peptide_id=18600&scanf=26891&charge=4&value=21/90,sp|Q92616|GCN1_HUMAN,/core/www/modules//consensus/?run_id=110202&search_id=114132&scans_id=110198&peptide_id=18600&scanf=26891&charge=4&value=sp|Q92616|GCN1_HUMAN,0,/core/www/modules/match_peptides/blast_html4.php?run_id=110202&search_id=114132&scans_id=110198&peptide_id=18600&scanf=26891&charge=4&value=0,K.KLDAGNQLALIEELHK.E,/core/www/modules/show_out/show_out_wrapper.php?run_id=110202&search_id=114132&scans_id=110198&peptide_id=18600&scanf=26891&charge=4&value=K.KLDAGNQLALIEELHK.E,GCN1,6.569e+6,3.365,0.001,2.948,0.000
26892,2,"  3.440","  0.573",12/26,/core/www/modules//sdig/index.php?run_id=110202&search_id=114132&scans_id=110198&peptide_id=18601&scanf=26892&charge=2&value=12/26,sp|Q96BP3|PPWD1_HUMAN,/core/www/modules//consensus/?run_id=110202&search_id=114132&scans_id=110198&peptide_id=18601&scanf=26892&charge=2&value=sp|Q96BP3|PPWD1_HUMAN,3,/core/www/modules/match_peptides/blast_html4.php?run_id=110202&search_id=114132&scans_id=110198&peptide_id=18601&scanf=26892&charge=2&value=3,R.VYLDNLPSASMYER.S,/core/www/modules/show_out/show_out_wrapper.php?run_id=110202&search_id=114132&scans_id=110198&peptide_id=18601&scanf=26892&charge=2&value=R.VYLDNLPSASMYER.S,PPWD1,3.671e+6,3.191,0.002,2.690,0.000
26898,3,"  3.333","  0.571",15/52,/core/www/modules//sdig/index.php?run_id=110202&search_id=114132&scans_id=110198&peptide_id=18607&scanf=26898&charge=3&value=15/52,sp|Q9P2J5|SYLC_HUMAN,/core/www/modules//consensus/?run_id=110202&search_id=114132&scans_id=110198&peptide_id=18607&scanf=26898&charge=3&value=sp|Q9P2J5|SYLC_HUMAN,8,/core/www/modules/match_peptides/blast_html4.php?run_id=110202&search_id=114132&scans_id=110198&peptide_id=18607&scanf=26898&charge=3&value=8,K.NYPPWQHTTLSVLR.K,/core/www/modules/show_out/show_out_wrapper.php?run_id=110202&search_id=114132&scans_id=110198&peptide_id=18607&scanf=26898&charge=3&value=K.NYPPWQHTTLSVLR.K,LARS1,9.286e+6,3.439,0.001,3.058,0.000
26903,2,"  2.982","  0.566",9/22,/core/www/modules//sdig/index.php?run_id=110202&search_id=114132&scans_id=110198&peptide_id=18612&scanf=26903&charge=2&value=9/22,sp|O60244|MED14_HUMAN,/core/www/modules//consensus/?run_id=110202&search_id=114132&scans_id=110198&peptide_id=18612&scanf=26903&charge=2&value=sp|O60244|MED14_HUMAN,0,/core/www/modules/match_peptides/blast_html4.php?run_id=110202&search_id=114132&scans_id=110198&peptide_id=18612&scanf=26903&charge=2&value=0,K.LVEGFYPAPGLK.T,/core/www/modules/show_out/show_out_wrapper.php?run_id=110202&search_id=114132&scans_id=110198&peptide_id=18612&scanf=26903&charge=2&value=K.LVEGFYPAPGLK.T,MED14,7.018e+6,3.118,0.003,2.582,0.000
26904,3,"  3.383","  0.260",7/64,/core/www/modules//sdig/index.php?run_id=110202&search_id=114132&scans_id=110198&peptide_id=18613&scanf=26904&charge=3&value=7/64,sp|P43243|MATR3_HUMAN,/core/www/modules//consensus/?run_id=110202&search_id=114132&scans_id=110198&peptide_id=18613&scanf=26904&charge=3&value=sp|P43243|MATR3_HUMAN,5,/core/www/modules/match_peptides/blast_html4.php?run_id=110202&search_id=114132&scans_id=110198&peptide_id=18613&scanf=26904&charge=3&value=5,R.GAPPSSNIEDFHGLLPK.G,/core/www/modules/show_out/show_out_wrapper.php?run_id=110202&search_id=114132&scans_id=110198&peptide_id=18613&scanf=26904&charge=3&value=R.GAPPSSNIEDFHGLLPK.G,MATR3,5.826e+7,2.128,0.072,1.145,0.002
26905,3,"  4.809","  0.595",17/56,/core/www/modules//sdig/index.php?run_id=110202&search_id=114132&scans_id=110198&peptide_id=18614&scanf=26905&charge=3&value=17/56,sp|P23396|RS3_HUMAN,/core/www/modules//consensus/?run_id=110202&search_id=114132&scans_id=110198&peptide_id=18614&scanf=26905&charge=3&value=sp|P23396|RS3_HUMAN,4,/core/www/modules/match_peptides/blast_html4.php?run_id=110202&search_id=114132&scans_id=110198&peptide_id=18614&scanf=26905&charge=3&value=4,K.RFGFPEGSVELYAEK.V,/core/www/modules/show_out/show_out_wrapper.php?run_id=110202&search_id=114132&scans_id=110198&peptide_id=18614&scanf=26905&charge=3&value=K.RFGFPEGSVELYAEK.V,RPS3,4.564e+6,3.300,0.001,2.851,0.000
26907,3,"  2.664","  0.386",13/52,/core/www/modules//sdig/index.php?run_id=110202&search_id=114132&scans_id=110198&peptide_id=18616&scanf=26907&charge=3&value=13/52,sp|P63010|AP2B1_HUMAN,/core/www/modules//consensus/?run_id=110202&search_id=114132&scans_id=110198&peptide_id=18616&scanf=26907&charge=3&value=sp|P63010|AP2B1_HUMAN,1,/core/www/modules/match_peptides/blast_html4.php?run_id=110202&search_id=114132&scans_id=110198&peptide_id=18616&scanf=26907&charge=3&value=1,K.ALQHMTDFAIQFNK.N,/core/www/modules/show_out/show_out_wrapper.php?run_id=110202&search_id=114132&scans_id=110198&peptide_id=18616&scanf=26907&charge=3&value=K.ALQHMTDFAIQFNK.N,AP2B1,3.404e+7,2.707,0.011,1.977,0.000
26909,2,"  3.455","  0.524",14/24,/core/www/modules//sdig/index.php?run_id=110202&search_id=114132&scans_id=110198&peptide_id=18618&scanf=26909&charge=2&value=14/24,sp|Q14204|DYHC1_HUMAN,/core/www/modules//consensus/?run_id=110202&search_id=114132&scans_id=110198&peptide_id=18618&scanf=26909&charge=2&value=sp|Q14204|DYHC1_HUMAN,7,/core/www/modules/match_peptides/blast_html4.php?run_id=110202&search_id=114132&scans_id=110198&peptide_id=18618&scanf=26909&charge=2&value=7,R.VLLTTQGVDMISK.M,/core/www/modules/show_out/show_out_wrapper.php?run_id=110202&search_id=114132&scans_id=110198&peptide_id=18618&scanf=26909&charge=2&value=R.VLLTTQGVDMISK.M,DYNC1H1,6.434e+6,3.518,0.001,3.174,0.000
26911,4,"  3.745","  0.547",24/168,/core/www/modules//sdig/index.php?run_id=110202&search_id=114132&scans_id=110198&peptide_id=18621&scanf=26911&charge=4&value=24/168,sp|Q00341|VIGLN_HUMAN,/core/www/modules//consensus/?run_id=110202&search_id=114132&scans_id=110198&peptide_id=18621&scanf=26911&charge=4&value=sp|Q00341|VIGLN_HUMAN,1,/core/www/modules/match_peptides/blast_html4.php?run_id=110202&search_id=114132&scans_id=110198&peptide_id=18621&scanf=26911&charge=4&value=1,R.LEHDVNIQFPDKDDGNQPQDQITITGYEK.N,/core/www/modules/show_out/show_out_wrapper.php?run_id=110202&search_id=114132&scans_id=110198&peptide_id=18621&scanf=26911&charge=4&value=R.LEHDVNIQFPDKDDGNQPQDQITITGYEK.N,HDLBP,2.092e+6,2.837,0.007,2.168,0.000
26912,2,"  5.988","  0.723",24/34,/core/www/modules//sdig/index.php?run_id=110202&search_id=114132&scans_id=110198&peptide_id=18622&scanf=26912&charge=2&value=24/34,sp|P06396|GELS_HUMAN,/core/www/modules//consensus/?run_id=110202&search_id=114132&scans_id=110198&peptide_id=18622&scanf=26912&charge=2&value=sp|P06396|GELS_HUMAN,3,/core/www/modules/match_peptides/blast_html4.php?run_id=110202&search_id=114132&scans_id=110198&peptide_id=18622&scanf=26912&charge=2&value=3,K.TPSAAYLWVGTGASEAEK.T,/core/www/modules/show_out/show_out_wrapper.php?run_id=110202&search_id=114132&scans_id=110198&peptide_id=18622&scanf=26912&charge=2&value=K.TPSAAYLWVGTGASEAEK.T,GSN,6.054e+6,4.119,0.000,4.065,0.000
26914,2,"  1.294","  0.243",7/16,/core/www/modules//sdig/index.php?run_id=110202&search_id=114132&scans_id=110198&peptide_id=18624&scanf=26914&charge=2&value=7/16,sp|Q13616|CUL1_HUMAN,/core/www/modules//consensus/?run_id=110202&search_id=114132&scans_id=110198&peptide_id=18624&scanf=26914&charge=2&value=sp|Q13616|CUL1_HUMAN,5,/core/www/modules/match_peptides/blast_html4.php?run_id=110202&search_id=114132&scans_id=110198&peptide_id=18624&scanf=26914&charge=2&value=5,K.LLIQAAIVR.I,/core/www/modules/show_out/show_out_wrapper.php?run_id=110202&search_id=114132&scans_id=110198&peptide_id=18624&scanf=26914&charge=2&value=K.LLIQAAIVR.I,CUL1,3.081e+6,2.100,0.078,1.107,0.003
26915,2,"  5.314","  0.757",21/34,/core/www/modules//sdig/index.php?run_id=110202&search_id=114132&scans_id=110198&peptide_id=18625&scanf=26915&charge=2&value=21/34,sp|O15042|SR140_HUMAN,/core/www/modules//consensus/?run_id=110202&search_id=114132&scans_id=110198&peptide_id=18625&scanf=26915&charge=2&value=sp|O15042|SR140_HUMAN,2,/core/www/modules/match_peptides/blast_html4.php?run_id=110202&search_id=114132&scans_id=110198&peptide_id=18625&scanf=26915&charge=2&value=2,K.SLDDDLDGVPLDATEDSK.K,/core/www/modules/show_out/show_out_wrapper.php?run_id=110202&search_id=114132&scans_id=110198&peptide_id=18625&scanf=26915&charge=2&value=K.SLDDDLDGVPLDATEDSK.K,U2SURP,3.982e+6,4.080,0.000,4.007,0.000
26917,3,"  4.654","  0.598",16/72,/core/www/modules//sdig/index.php?run_id=110202&search_id=114132&scans_id=110198&peptide_id=18627&scanf=26917&charge=3&value=16/72,sp|P26196|DDX6_HUMAN,/core/www/modules//consensus/?run_id=110202&search_id=114132&scans_id=110198&peptide_id=18627&scanf=26917&charge=3&value=sp|P26196|DDX6_HUMAN,0,/core/www/modules/match_peptides/blast_html4.php?run_id=110202&search_id=114132&scans_id=110198&peptide_id=18627&scanf=26917&charge=3&value=0,K.SIEEQLGTEIKPIPSNIDK.S,/core/www/modules/show_out/show_out_wrapper.php?run_id=110202&search_id=114132&scans_id=110198&peptide_id=18627&scanf=26917&charge=3&value=K.SIEEQLGTEIKPIPSNIDK.S,DDX6,1.105e+7,3.309,0.001,2.865,0.000
26918,2,"  3.030","  0.111",13/22,/core/www/modules//sdig/index.php?run_id=110202&search_id=114132&scans_id=110198&peptide_id=18628&scanf=26918&charge=2&value=13/22,sp|P42285|MTREX_HUMAN,/core/www/modules//consensus/?run_id=110202&search_id=114132&scans_id=110198&peptide_id=18628&scanf=26918&charge=2&value=sp|P42285|MTREX_HUMAN,0,/core/www/modules/match_peptides/blast_html4.php?run_id=110202&search_id=114132&scans_id=110198&peptide_id=18628&scanf=26918&charge=2&value=0,R.VEEINPEYMLEK.S,/core/www/modules/show_out/show_out_wrapper.php?run_id=110202&search_id=114132&scans_id=110198&peptide_id=18628&scanf=26918&charge=2&value=R.VEEINPEYMLEK.S,MTREX,4.829e+7,1.981,0.113,0.947,0.005
26922,2,"  2.716","  0.371",13/22,/core/www/modules//sdig/index.php?run_id=110202&search_id=114132&scans_id=110198&peptide_id=18632&scanf=26922&charge=2&value=13/22,sp|Q13601|KRR1_HUMAN,/core/www/modules//consensus/?run_id=110202&search_id=114132&scans_id=110198&peptide_id=18632&scanf=26922&charge=2&value=sp|Q13601|KRR1_HUMAN,0,/core/www/modules/match_peptides/blast_html4.php?run_id=110202&search_id=114132&scans_id=110198&peptide_id=18632&scanf=26922&charge=2&value=0,K.LGALTAEEIALK.M,/core/www/modules/show_out/show_out_wrapper.php?run_id=110202&search_id=114132&scans_id=110198&peptide_id=18632&scanf=26922&charge=2&value=K.LGALTAEEIALK.M,KRR1,2.753e+7,2.759,0.009,2.053,0.000
26924,3,"  5.179","  0.726",20/60,/core/www/modules//sdig/index.php?run_id=110202&search_id=114132&scans_id=110198&peptide_id=18634&scanf=26924&charge=3&value=20/60,sp|O60488|ACSL4_HUMAN,/core/www/modules//consensus/?run_id=110202&search_id=114132&scans_id=110198&peptide_id=18634&scanf=26924&charge=3&value=sp|O60488|ACSL4_HUMAN,2,/core/www/modules/match_peptides/blast_html4.php?run_id=110202&search_id=114132&scans_id=110198&peptide_id=18634&scanf=26924&charge=3&value=2,R.VNNFGSGLTALGLKPK.N,/core/www/modules/show_out/show_out_wrapper.php?run_id=110202&search_id=114132&scans_id=110198&peptide_id=18634&scanf=26924&charge=3&value=R.VNNFGSGLTALGLKPK.N,ACSL4,4.438e+7,3.981,0.000,3.862,0.000
26925,3,"  1.921","  0.221",11/60,/core/www/modules//sdig/index.php?run_id=110202&search_id=114132&scans_id=110198&peptide_id=18635&scanf=26925&charge=3&value=11/60,sp|P30101|PDIA3_HUMAN,/core/www/modules//consensus/?run_id=110202&search_id=114132&scans_id=110198&peptide_id=18635&scanf=26925&charge=3&value=sp|P30101|PDIA3_HUMAN,5,/core/www/modules/match_peptides/blast_html4.php?run_id=110202&search_id=114132&scans_id=110198&peptide_id=18635&scanf=26925&charge=3&value=5,K.VVVAENFDEIVNNENK.D,/core/www/modules/show_out/show_out_wrapper.php?run_id=110202&search_id=114132&scans_id=110198&peptide_id=18635&scanf=26925&charge=3&value=K.VVVAENFDEIVNNENK.D,PDIA3,1.225e+7,1.986,0.111,0.954,0.005
26928,3,"  4.994","  0.608",15/60,/core/www/modules//sdig/index.php?run_id=110202&search_id=114132&scans_id=110198&peptide_id=18638&scanf=26928&charge=3&value=15/60,sp|Q8IWB7|WDFY1_HUMAN,/core/www/modules//consensus/?run_id=110202&search_id=114132&scans_id=110198&peptide_id=18638&scanf=26928&charge=3&value=sp|Q8IWB7|WDFY1_HUMAN,2,/core/www/modules/match_peptides/blast_html4.php?run_id=110202&search_id=114132&scans_id=110198&peptide_id=18638&scanf=26928&charge=3&value=2,K.IEGHQDAVTAALLIPK.E,/core/www/modules/show_out/show_out_wrapper.php?run_id=110202&search_id=114132&scans_id=110198&peptide_id=18638&scanf=26928&charge=3&value=K.IEGHQDAVTAALLIPK.E,WDFY1,7.347e+6,3.443,0.001,3.064,0.000
26932,3,"  2.950","  0.459",15/40,/core/www/modules//sdig/index.php?run_id=110202&search_id=114132&scans_id=110198&peptide_id=18643&scanf=26932&charge=3&value=15/40,sp|O75533|SF3B1_HUMAN,/core/www/modules//consensus/?run_id=110202&search_id=114132&scans_id=110198&peptide_id=18643&scanf=26932&charge=3&value=sp|O75533|SF3B1_HUMAN,1,/core/www/modules/match_peptides/blast_html4.php?run_id=110202&search_id=114132&scans_id=110198&peptide_id=18643&scanf=26932&charge=3&value=1,K.MTPPIKDLLPR.L,/core/www/modules/show_out/show_out_wrapper.php?run_id=110202&search_id=114132&scans_id=110198&peptide_id=18643&scanf=26932&charge=3&value=K.MTPPIKDLLPR.L,SF3B1,1.001e+7,3.147,0.002,2.625,0.000
26934,2,"  2.797","  0.577",14/26,/core/www/modules//sdig/index.php?run_id=110202&search_id=114132&scans_id=110198&peptide_id=18645&scanf=26934&charge=2&value=14/26,sp|Q9NXX6|NSE4A_HUMAN,/core/www/modules//consensus/?run_id=110202&search_id=114132&scans_id=110198&peptide_id=18645&scanf=26934&charge=2&value=sp|Q9NXX6|NSE4A_HUMAN,0,/core/www/modules/match_peptides/blast_html4.php?run_id=110202&search_id=114132&scans_id=110198&peptide_id=18645&scanf=26934&charge=2&value=0,K.TFEISEPVITPSQR.Q,/core/www/modules/show_out/show_out_wrapper.php?run_id=110202&search_id=114132&scans_id=110198&peptide_id=18645&scanf=26934&charge=2&value=K.TFEISEPVITPSQR.Q,NSMCE4A,2.770e+6,3.289,0.001,2.836,0.000
26937,2,"  2.127","  0.474",9/12,/core/www/modules//sdig/index.php?run_id=110202&search_id=114132&scans_id=110198&peptide_id=18648&scanf=26937&charge=2&value=9/12,sp|P09543|CN37_HUMAN,/core/www/modules//consensus/?run_id=110202&search_id=114132&scans_id=110198&peptide_id=18648&scanf=26937&charge=2&value=sp|P09543|CN37_HUMAN,0,/core/www/modules/match_peptides/blast_html4.php?run_id=110202&search_id=114132&scans_id=110198&peptide_id=18648&scanf=26937&charge=2&value=0,R.WMLTLAK.N,/core/www/modules/show_out/show_out_wrapper.php?run_id=110202&search_id=114132&scans_id=110198&peptide_id=18648&scanf=26937&charge=2&value=R.WMLTLAK.N,CNP,5.485e+6,3.478,0.001,3.116,0.000
26940,2,"  1.471","  0.449",9/16,/core/www/modules//sdig/index.php?run_id=110202&search_id=114132&scans_id=110198&peptide_id=18652&scanf=26940&charge=2&value=9/16,sp|Q00577|PURA_HUMAN,/core/www/modules//consensus/?run_id=110202&search_id=114132&scans_id=110198&peptide_id=18652&scanf=26940&charge=2&value=sp|Q00577|PURA_HUMAN,0,/core/www/modules/match_peptides/blast_html4.php?run_id=110202&search_id=114132&scans_id=110198&peptide_id=18652&scanf=26940&charge=2&value=0,R.FFFDVGSNK.Y,/core/www/modules/show_out/show_out_wrapper.php?run_id=110202&search_id=114132&scans_id=110198&peptide_id=18652&scanf=26940&charge=2&value=R.FFFDVGSNK.Y,PURA,1.436e+7,2.976,0.004,2.372,0.000
26941,3,"  2.837","  0.487",11/48,/core/www/modules//sdig/index.php?run_id=110202&search_id=114132&scans_id=110198&peptide_id=18653&scanf=26941&charge=3&value=11/48,sp|Q9NPJ3|ACO13_HUMAN,/core/www/modules//consensus/?run_id=110202&search_id=114132&scans_id=110198&peptide_id=18653&scanf=26941&charge=3&value=sp|Q9NPJ3|ACO13_HUMAN,0,/core/www/modules/match_peptides/blast_html4.php?run_id=110202&search_id=114132&scans_id=110198&peptide_id=18653&scanf=26941&charge=3&value=0,K.LGEDIVITAHVLK.Q,/core/www/modules/show_out/show_out_wrapper.php?run_id=110202&search_id=114132&scans_id=110198&peptide_id=18653&scanf=26941&charge=3&value=K.LGEDIVITAHVLK.Q,ACOT13,3.546e+6,3.038,0.003,2.464,0.000
26944,2,"  2.823","  0.650",13/22,/core/www/modules//sdig/index.php?run_id=110202&search_id=114132&scans_id=110198&peptide_id=18655&scanf=26944&charge=2&value=13/22,sp|Q9P2J5|SYLC_HUMAN,/core/www/modules//consensus/?run_id=110202&search_id=114132&scans_id=110198&peptide_id=18655&scanf=26944&charge=2&value=sp|Q9P2J5|SYLC_HUMAN,8,/core/www/modules/match_peptides/blast_html4.php?run_id=110202&search_id=114132&scans_id=110198&peptide_id=18655&scanf=26944&charge=2&value=8,R.VFASELNAGIIK.T,/core/www/modules/show_out/show_out_wrapper.php?run_id=110202&search_id=114132&scans_id=110198&peptide_id=18655&scanf=26944&charge=2&value=R.VFASELNAGIIK.T,LARS1,2.406e+7,3.709,0.000,3.457,0.000
26945,2,"  4.104","  0.612",16/22,/core/www/modules//sdig/index.php?run_id=110202&search_id=114132&scans_id=110198&peptide_id=18656&scanf=26945&charge=2&value=16/22,sp|P25705|ATPA_HUMAN,/core/www/modules//consensus/?run_id=110202&search_id=114132&scans_id=110198&peptide_id=18656&scanf=26945&charge=2&value=sp|P25705|ATPA_HUMAN,2,/core/www/modules/match_peptides/blast_html4.php?run_id=110202&search_id=114132&scans_id=110198&peptide_id=18656&scanf=26945&charge=2&value=2,K.TSIAIDTIINQK.R,/core/www/modules/show_out/show_out_wrapper.php?run_id=110202&search_id=114132&scans_id=110198&peptide_id=18656&scanf=26945&charge=2&value=K.TSIAIDTIINQK.R,ATP5F1A,5.862e+7,3.891,0.000,3.727,0.000
26947,3,"  3.113","  0.577",18/64,/core/www/modules//sdig/index.php?run_id=110202&search_id=114132&scans_id=110198&peptide_id=18658&scanf=26947&charge=3&value=18/64,sp|Q9Y678|COPG1_HUMAN,/core/www/modules//consensus/?run_id=110202&search_id=114132&scans_id=110198&peptide_id=18658&scanf=26947&charge=3&value=sp|Q9Y678|COPG1_HUMAN,0,/core/www/modules/match_peptides/blast_html4.php?run_id=110202&search_id=114132&scans_id=110198&peptide_id=18658&scanf=26947&charge=3&value=0,R.ALQQYTLEPSEKPFDLK.S,/core/www/modules/show_out/show_out_wrapper.php?run_id=110202&search_id=114132&scans_id=110198&peptide_id=18658&scanf=26947&charge=3&value=R.ALQQYTLEPSEKPFDLK.S,COPG1,1.150e+7,3.335,0.001,2.904,0.000
26948,3,"  3.072","  0.274",10/56,/core/www/modules//sdig/index.php?run_id=110202&search_id=114132&scans_id=110198&peptide_id=18659&scanf=26948&charge=3&value=10/56,sp|O43143|DHX15_HUMAN,/core/www/modules//consensus/?run_id=110202&search_id=114132&scans_id=110198&peptide_id=18659&scanf=26948&charge=3&value=sp|O43143|DHX15_HUMAN,0,/core/www/modules/match_peptides/blast_html4.php?run_id=110202&search_id=114132&scans_id=110198&peptide_id=18659&scanf=26948&charge=3&value=0,K.IIPLYSTLPPQQQQR.I,/core/www/modules/show_out/show_out_wrapper.php?run_id=110202&search_id=114132&scans_id=110198&peptide_id=18659&scanf=26948&charge=3&value=K.IIPLYSTLPPQQQQR.I,DHX15,1.856e+7,2.346,0.035,1.452,0.001
26949,3,"  4.308","  0.398",14/52,/core/www/modules//sdig/index.php?run_id=110202&search_id=114132&scans_id=110198&peptide_id=18660&scanf=26949&charge=3&value=14/52,sp|O60313|OPA1_HUMAN,/core/www/modules//consensus/?run_id=110202&search_id=114132&scans_id=110198&peptide_id=18660&scanf=26949&charge=3&value=sp|O60313|OPA1_HUMAN,9,/core/www/modules/match_peptides/blast_html4.php?run_id=110202&search_id=114132&scans_id=110198&peptide_id=18660&scanf=26949&charge=3&value=9,K.IDQLQEELLHTQLK.Y,/core/www/modules/show_out/show_out_wrapper.php?run_id=110202&search_id=114132&scans_id=110198&peptide_id=18660&scanf=26949&charge=3&value=K.IDQLQEELLHTQLK.Y,OPA1,6.789e+6,2.882,0.006,2.234,0.000
26951,3,"  3.007","  0.403",10/64,/core/www/modules//sdig/index.php?run_id=110202&search_id=114132&scans_id=110198&peptide_id=18663&scanf=26951&charge=3&value=10/64,sp|Q8IX12|CCAR1_HUMAN,/core/www/modules//consensus/?run_id=110202&search_id=114132&scans_id=110198&peptide_id=18663&scanf=26951&charge=3&value=sp|Q8IX12|CCAR1_HUMAN,4,/core/www/modules/match_peptides/blast_html4.php?run_id=110202&search_id=114132&scans_id=110198&peptide_id=18663&scanf=26951&charge=3&value=4,K.NMAILDPPDADHLYSAK.V,/core/www/modules/show_out/show_out_wrapper.php?run_id=110202&search_id=114132&scans_id=110198&peptide_id=18663&scanf=26951&charge=3&value=K.NMAILDPPDADHLYSAK.V,CCAR1,6.296e+6,2.536,0.019,1.726,0.000
26952,2,"  3.479","  0.664",16/26,/core/www/modules//sdig/index.php?run_id=110202&search_id=114132&scans_id=110198&peptide_id=18664&scanf=26952&charge=2&value=16/26,sp|Q08211|DHX9_HUMAN,/core/www/modules//consensus/?run_id=110202&search_id=114132&scans_id=110198&peptide_id=18664&scanf=26952&charge=2&value=sp|Q08211|DHX9_HUMAN,0,/core/www/modules/match_peptides/blast_html4.php?run_id=110202&search_id=114132&scans_id=110198&peptide_id=18664&scanf=26952&charge=2&value=0,K.QPAIISQLDPVNER.M,/core/www/modules/show_out/show_out_wrapper.php?run_id=110202&search_id=114132&scans_id=110198&peptide_id=18664&scanf=26952&charge=2&value=K.QPAIISQLDPVNER.M,DHX9,6.189e+7,4.030,0.000,3.934,0.000
26959,2,"  1.532","  0.191",7/14,/core/www/modules//sdig/index.php?run_id=110202&search_id=114132&scans_id=110198&peptide_id=18671&scanf=26959&charge=2&value=7/14,sp|Q92879|CELF1_HUMAN,/core/www/modules//consensus/?run_id=110202&search_id=114132&scans_id=110198&peptide_id=18671&scanf=26959&charge=2&value=sp|Q92879|CELF1_HUMAN,1,/core/www/modules/match_peptides/blast_html4.php?run_id=110202&search_id=114132&scans_id=110198&peptide_id=18671&scanf=26959&charge=2&value=1,K.LFIGMISK.K,/core/www/modules/show_out/show_out_wrapper.php?run_id=110202&search_id=114132&scans_id=110198&peptide_id=18671&scanf=26959&charge=2&value=K.LFIGMISK.K,CELF1,4.072e+6,2.090,0.081,1.093,0.003
26964,2,"  2.485","  0.607",12/22,/core/www/modules//sdig/index.php?run_id=110202&search_id=114132&scans_id=110198&peptide_id=18676&scanf=26964&charge=2&value=12/22,sp|Q9BUJ2|HNRL1_HUMAN,/core/www/modules//consensus/?run_id=110202&search_id=114132&scans_id=110198&peptide_id=18676&scanf=26964&charge=2&value=sp|Q9BUJ2|HNRL1_HUMAN,4,/core/www/modules/match_peptides/blast_html4.php?run_id=110202&search_id=114132&scans_id=110198&peptide_id=18676&scanf=26964&charge=2&value=4,K.YNILGTNAIMDK.M,/core/www/modules/show_out/show_out_wrapper.php?run_id=110202&search_id=114132&scans_id=110198&peptide_id=18676&scanf=26964&charge=2&value=K.YNILGTNAIMDK.M,HNRNPUL1,9.721e+7,3.550,0.001,3.222,0.000
26965,2,"  2.313","  0.449",10/14,/core/www/modules//sdig/index.php?run_id=110202&search_id=114132&scans_id=110198&peptide_id=18677&scanf=26965&charge=2&value=10/14,sp|Q14204|DYHC1_HUMAN,/core/www/modules//consensus/?run_id=110202&search_id=114132&scans_id=110198&peptide_id=18677&scanf=26965&charge=2&value=sp|Q14204|DYHC1_HUMAN,29,/core/www/modules/match_peptides/blast_html4.php?run_id=110202&search_id=114132&scans_id=110198&peptide_id=18677&scanf=26965&charge=2&value=29,K.MVVLSLPR.I,/core/www/modules/show_out/show_out_wrapper.php?run_id=110202&search_id=114132&scans_id=110198&peptide_id=18677&scanf=26965&charge=2&value=K.MVVLSLPR.I,DYNC1H1,3.744e+7,3.619,0.000,3.324,0.000
26966,2,"  3.276","  0.432",10/18,/core/www/modules//sdig/index.php?run_id=110202&search_id=114132&scans_id=110198&peptide_id=18678&scanf=26966&charge=2&value=10/18,sp|O00425|IF2B3_HUMAN,/core/www/modules//consensus/?run_id=110202&search_id=114132&scans_id=110198&peptide_id=18678&scanf=26966&charge=2&value=sp|O00425|IF2B3_HUMAN,1,/core/www/modules/match_peptides/blast_html4.php?run_id=110202&search_id=114132&scans_id=110198&peptide_id=18678&scanf=26966&charge=2&value=1,K.IPVSGPFLVK.T,/core/www/modules/show_out/show_out_wrapper.php?run_id=110202&search_id=114132&scans_id=110198&peptide_id=18678&scanf=26966&charge=2&value=K.IPVSGPFLVK.T,IGF2BP3,1.860e+7,3.041,0.003,2.469,0.000
26967,3,"  2.325","  0.319",14/52,/core/www/modules//sdig/index.php?run_id=110202&search_id=114132&scans_id=110198&peptide_id=18679&scanf=26967&charge=3&value=14/52,sp|P63010|AP2B1_HUMAN,/core/www/modules//consensus/?run_id=110202&search_id=114132&scans_id=110198&peptide_id=18679&scanf=26967&charge=3&value=sp|P63010|AP2B1_HUMAN,1,/core/www/modules/match_peptides/blast_html4.php?run_id=110202&search_id=114132&scans_id=110198&peptide_id=18679&scanf=26967&charge=3&value=1,K.ALQHMTDFAIQFNK.N,/core/www/modules/show_out/show_out_wrapper.php?run_id=110202&search_id=114132&scans_id=110198&peptide_id=18679&scanf=26967&charge=3&value=K.ALQHMTDFAIQFNK.N,AP2B1,3.404e+7,2.523,0.020,1.707,0.000
26970,2,"  2.882","  0.459",11/20,/core/www/modules//sdig/index.php?run_id=110202&search_id=114132&scans_id=110198&peptide_id=18683&scanf=26970&charge=2&value=11/20,sp|O00267|SPT5H_HUMAN,/core/www/modules//consensus/?run_id=110202&search_id=114132&scans_id=110198&peptide_id=18683&scanf=26970&charge=2&value=sp|O00267|SPT5H_HUMAN,0,/core/www/modules/match_peptides/blast_html4.php?run_id=110202&search_id=114132&scans_id=110198&peptide_id=18683&scanf=26970&charge=2&value=0,R.ETFQVLNMYGK.V,/core/www/modules/show_out/show_out_wrapper.php?run_id=110202&search_id=114132&scans_id=110198&peptide_id=18683&scanf=26970&charge=2&value=R.ETFQVLNMYGK.V,SUPT5H,1.644e+7,2.912,0.005,2.279,0.000
26971,3,"  2.257","  0.475",10/36,/core/www/modules//sdig/index.php?run_id=110202&search_id=114132&scans_id=110198&peptide_id=18684&scanf=26971&charge=3&value=10/36,sp|Q9GZR7|DDX24_HUMAN,/core/www/modules//consensus/?run_id=110202&search_id=114132&scans_id=110198&peptide_id=18684&scanf=26971&charge=3&value=sp|Q9GZR7|DDX24_HUMAN,1,/core/www/modules/match_peptides/blast_html4.php?run_id=110202&search_id=114132&scans_id=110198&peptide_id=18684&scanf=26971&charge=3&value=1,K.DLFVPRPVLR.A,/core/www/modules/show_out/show_out_wrapper.php?run_id=110202&search_id=114132&scans_id=110198&peptide_id=18684&scanf=26971&charge=3&value=K.DLFVPRPVLR.A,DDX24,5.343e+6,3.228,0.002,2.745,0.000
26972,3,"  2.557","  0.343",11/60,/core/www/modules//sdig/index.php?run_id=110202&search_id=114132&scans_id=110198&peptide_id=18685&scanf=26972&charge=3&value=11/60,sp|Q69YN4|VIR_HUMAN,/core/www/modules//consensus/?run_id=110202&search_id=114132&scans_id=110198&peptide_id=18685&scanf=26972&charge=3&value=sp|Q69YN4|VIR_HUMAN,1,/core/www/modules/match_peptides/blast_html4.php?run_id=110202&search_id=114132&scans_id=110198&peptide_id=18685&scanf=26972&charge=3&value=1,R.ITGPPERDDPYPVLFR.Y,/core/www/modules/show_out/show_out_wrapper.php?run_id=110202&search_id=114132&scans_id=110198&peptide_id=18685&scanf=26972&charge=3&value=R.ITGPPERDDPYPVLFR.Y,VIRMA,5.329e+6,1.887,0.149,0.826,0.007
26975,2,"  1.918","  0.123",9/14,/core/www/modules//sdig/index.php?run_id=110202&search_id=114132&scans_id=110198&peptide_id=18688&scanf=26975&charge=2&value=9/14,sp|P78347|GTF2I_HUMAN,/core/www/modules//consensus/?run_id=110202&search_id=114132&scans_id=110198&peptide_id=18688&scanf=26975&charge=2&value=sp|P78347|GTF2I_HUMAN,2,/core/www/modules/match_peptides/blast_html4.php?run_id=110202&search_id=114132&scans_id=110198&peptide_id=18688&scanf=26975&charge=2&value=2,K.AGISFIIK.R,/core/www/modules/show_out/show_out_wrapper.php?run_id=110202&search_id=114132&scans_id=110198&peptide_id=18688&scanf=26975&charge=2&value=K.AGISFIIK.R,GTF2I,1.034e+7,2.185,0.060,1.224,0.002
26977,2,"  1.998","  0.477",9/16,/core/www/modules//sdig/index.php?run_id=110202&search_id=114132&scans_id=110198&peptide_id=18690&scanf=26977&charge=2&value=9/16,sp|Q5VYK3|ECM29_HUMAN,/core/www/modules//consensus/?run_id=110202&search_id=114132&scans_id=110198&peptide_id=18690&scanf=26977&charge=2&value=sp|Q5VYK3|ECM29_HUMAN,3,/core/www/modules/match_peptides/blast_html4.php?run_id=110202&search_id=114132&scans_id=110198&peptide_id=18690&scanf=26977&charge=2&value=3,K.VYLGDIPLK.T,/core/www/modules/show_out/show_out_wrapper.php?run_id=110202&search_id=114132&scans_id=110198&peptide_id=18690&scanf=26977&charge=2&value=K.VYLGDIPLK.T,ECPAS,7.968e+6,3.159,0.002,2.643,0.000
26979,3,"  7.813","  0.666",26/68,/core/www/modules//sdig/index.php?run_id=110202&search_id=114132&scans_id=110198&peptide_id=18692&scanf=26979&charge=3&value=26/68,sp|P12814|ACTN1_HUMAN,/core/www/modules//consensus/?run_id=110202&search_id=114132&scans_id=110198&peptide_id=18692&scanf=26979&charge=3&value=sp|P12814|ACTN1_HUMAN,13,/core/www/modules/match_peptides/blast_html4.php?run_id=110202&search_id=114132&scans_id=110198&peptide_id=18692&scanf=26979&charge=3&value=13,R.KAGTQIENIEEDFRDGLK.L,/core/www/modules/show_out/show_out_wrapper.php?run_id=110202&search_id=114132&scans_id=110198&peptide_id=18692&scanf=26979&charge=3&value=R.KAGTQIENIEEDFRDGLK.L,ACTN1,9.765e+6,3.517,0.001,3.173,0.000
26982,2,"  2.394","  0.482",10/18,/core/www/modules//sdig/index.php?run_id=110202&search_id=114132&scans_id=110198&peptide_id=18696&scanf=26982&charge=2&value=10/18,sp|Q9UHB9|SRP68_HUMAN,/core/www/modules//consensus/?run_id=110202&search_id=114132&scans_id=110198&peptide_id=18696&scanf=26982&charge=2&value=sp|Q9UHB9|SRP68_HUMAN,0,/core/www/modules/match_peptides/blast_html4.php?run_id=110202&search_id=114132&scans_id=110198&peptide_id=18696&scanf=26982&charge=2&value=0,K.WSEALVLYDR.V,/core/www/modules/show_out/show_out_wrapper.php?run_id=110202&search_id=114132&scans_id=110198&peptide_id=18696&scanf=26982&charge=2&value=K.WSEALVLYDR.V,SRP68,6.278e+6,3.148,0.002,2.628,0.000
26983,4,"  3.581","  0.489",15/108,/core/www/modules//sdig/index.php?run_id=110202&search_id=114132&scans_id=110198&peptide_id=18697&scanf=26983&charge=4&value=15/108,sp|Q6PI48|SYDM_HUMAN,/core/www/modules//consensus/?run_id=110202&search_id=114132&scans_id=110198&peptide_id=18697&scanf=26983&charge=4&value=sp|Q6PI48|SYDM_HUMAN,6,/core/www/modules/match_peptides/blast_html4.php?run_id=110202&search_id=114132&scans_id=110198&peptide_id=18697&scanf=26983&charge=4&value=6,R.NTEIGFLQDALSKPHGTVK.A,/core/www/modules/show_out/show_out_wrapper.php?run_id=110202&search_id=114132&scans_id=110198&peptide_id=18697&scanf=26983&charge=4&value=R.NTEIGFLQDALSKPHGTVK.A,DARS2,3.937e+6,3.190,0.002,2.689,0.000
26985,2,"  1.863","  0.463",8/14,/core/www/modules//sdig/index.php?run_id=110202&search_id=114132&scans_id=110198&peptide_id=18698&scanf=26985&charge=2&value=8/14,sp|P62805|H4_HUMAN,/core/www/modules//consensus/?run_id=110202&search_id=114132&scans_id=110198&peptide_id=18698&scanf=26985&charge=2&value=sp|P62805|H4_HUMAN,0,/core/www/modules/match_peptides/blast_html4.php?run_id=110202&search_id=114132&scans_id=110198&peptide_id=18698&scanf=26985&charge=2&value=0,K.VFLENVIR.D,/core/www/modules/show_out/show_out_wrapper.php?run_id=110202&search_id=114132&scans_id=110198&peptide_id=18698&scanf=26985&charge=2&value=K.VFLENVIR.D,H4C16,1.606e+9,3.240,0.002,2.764,0.000
26987,3,"  3.001","  0.558",11/44,/core/www/modules//sdig/index.php?run_id=110202&search_id=114132&scans_id=110198&peptide_id=18700&scanf=26987&charge=3&value=11/44,sp|P11142|HSP7C_HUMAN,/core/www/modules//consensus/?run_id=110202&search_id=114132&scans_id=110198&peptide_id=18700&scanf=26987&charge=3&value=sp|P11142|HSP7C_HUMAN,5,/core/www/modules/match_peptides/blast_html4.php?run_id=110202&search_id=114132&scans_id=110198&peptide_id=18700&scanf=26987&charge=3&value=5,R.ARFEELNADLFR.G,/core/www/modules/show_out/show_out_wrapper.php?run_id=110202&search_id=114132&scans_id=110198&peptide_id=18700&scanf=26987&charge=3&value=R.ARFEELNADLFR.G,HSPA8,7.683e+7,3.148,0.002,2.627,0.000
26988,2,"  2.119","  0.365",11/18,/core/www/modules//sdig/index.php?run_id=110202&search_id=114132&scans_id=110198&peptide_id=18701&scanf=26988&charge=2&value=11/18,sp|Q13347|EIF3I_HUMAN,/core/www/modules//consensus/?run_id=110202&search_id=114132&scans_id=110198&peptide_id=18701&scanf=26988&charge=2&value=sp|Q13347|EIF3I_HUMAN,23,/core/www/modules/match_peptides/blast_html4.php?run_id=110202&search_id=114132&scans_id=110198&peptide_id=18701&scanf=26988&charge=2&value=23,R.EGDLLFTVAK.D,/core/www/modules/show_out/show_out_wrapper.php?run_id=110202&search_id=114132&scans_id=110198&peptide_id=18701&scanf=26988&charge=2&value=R.EGDLLFTVAK.D,EIF3I,1.553e+7,2.739,0.009,2.023,0.000
26989,2,"  2.355","  0.471",11/18,/core/www/modules//sdig/index.php?run_id=110202&search_id=114132&scans_id=110198&peptide_id=18702&scanf=26989&charge=2&value=11/18,sp|Q15776|ZKSC8_HUMAN,/core/www/modules//consensus/?run_id=110202&search_id=114132&scans_id=110198&peptide_id=18702&scanf=26989&charge=2&value=sp|Q15776|ZKSC8_HUMAN,0,/core/www/modules/match_peptides/blast_html4.php?run_id=110202&search_id=114132&scans_id=110198&peptide_id=18702&scanf=26989&charge=2&value=0,K.IEDMAVSLIR.E,/core/www/modules/show_out/show_out_wrapper.php?run_id=110202&search_id=114132&scans_id=110198&peptide_id=18702&scanf=26989&charge=2&value=K.IEDMAVSLIR.E,ZKSCAN8,6.786e+6,3.154,0.002,2.636,0.000
26990,2,"  2.477","  0.537",12/18,/core/www/modules//sdig/index.php?run_id=110202&search_id=114132&scans_id=110198&peptide_id=18704&scanf=26990&charge=2&value=12/18,sp|P11388|TOP2A_HUMAN,/core/www/modules//consensus/?run_id=110202&search_id=114132&scans_id=110198&peptide_id=18704&scanf=26990&charge=2&value=sp|P11388|TOP2A_HUMAN,6,/core/www/modules/match_peptides/blast_html4.php?run_id=110202&search_id=114132&scans_id=110198&peptide_id=18704&scanf=26990&charge=2&value=6,R.EVTFVPGLYK.I,/core/www/modules/show_out/show_out_wrapper.php?run_id=110202&search_id=114132&scans_id=110198&peptide_id=18704&scanf=26990&charge=2&value=R.EVTFVPGLYK.I,TOP2A,4.709e+7,3.657,0.000,3.381,0.000
26991,4,"  2.192","  0.335",17/96,/core/www/modules//sdig/index.php?run_id=110202&search_id=114132&scans_id=110198&peptide_id=18705&scanf=26991&charge=4&value=17/96,sp|O00571|DDX3X_HUMAN,/core/www/modules//consensus/?run_id=110202&search_id=114132&scans_id=110198&peptide_id=18705&scanf=26991&charge=4&value=sp|O00571|DDX3X_HUMAN,17,/core/www/modules/match_peptides/blast_html4.php?run_id=110202&search_id=114132&scans_id=110198&peptide_id=18705&scanf=26991&charge=4&value=17,K.QEVPSWLENMAYEHHYK.G,/core/www/modules/show_out/show_out_wrapper.php?run_id=110202&search_id=114132&scans_id=110198&peptide_id=18705&scanf=26991&charge=4&value=K.QEVPSWLENMAYEHHYK.G,DDX3X,2.569e+7,2.835,0.007,2.164,0.000
26993,3,"  4.108","  0.564",20/64,/core/www/modules//sdig/index.php?run_id=110202&search_id=114132&scans_id=110198&peptide_id=18707&scanf=26993&charge=3&value=20/64,sp|P09874|PARP1_HUMAN,/core/www/modules//consensus/?run_id=110202&search_id=114132&scans_id=110198&peptide_id=18707&scanf=26993&charge=3&value=sp|P09874|PARP1_HUMAN,0,/core/www/modules/match_peptides/blast_html4.php?run_id=110202&search_id=114132&scans_id=110198&peptide_id=18707&scanf=26993&charge=3&value=0,K.FYPLEIDYGQDEEAVKK.L,/core/www/modules/show_out/show_out_wrapper.php?run_id=110202&search_id=114132&scans_id=110198&peptide_id=18707&scanf=26993&charge=3&value=K.FYPLEIDYGQDEEAVKK.L,PARP1,7.073e+6,3.211,0.002,2.720,0.000
26994,3,"  3.275","  0.609",13/52,/core/www/modules//sdig/index.php?run_id=110202&search_id=114132&scans_id=110198&peptide_id=18708&scanf=26994&charge=3&value=13/52,sp|P55060|XPO2_HUMAN,/core/www/modules//consensus/?run_id=110202&search_id=114132&scans_id=110198&peptide_id=18708&scanf=26994&charge=3&value=sp|P55060|XPO2_HUMAN,0,/core/www/modules/match_peptides/blast_html4.php?run_id=110202&search_id=114132&scans_id=110198&peptide_id=18708&scanf=26994&charge=3&value=0,R.FQSGDFHVINGVLR.T,/core/www/modules/show_out/show_out_wrapper.php?run_id=110202&search_id=114132&scans_id=110198&peptide_id=18708&scanf=26994&charge=3&value=R.FQSGDFHVINGVLR.T,CSE1L,6.128e+6,3.459,0.001,3.087,0.000
26998,3,"  2.456","  0.527",9/56,/core/www/modules//sdig/index.php?run_id=110202&search_id=114132&scans_id=110198&peptide_id=18712&scanf=26998&charge=3&value=9/56,tr|J3QR07|J3QR07_HUMAN,/core/www/modules//consensus/?run_id=110202&search_id=114132&scans_id=110198&peptide_id=18712&scanf=26998&charge=3&value=tr|J3QR07|J3QR07_HUMAN,0,/core/www/modules/match_peptides/blast_html4.php?run_id=110202&search_id=114132&scans_id=110198&peptide_id=18712&scanf=26998&charge=3&value=0,R.YQEVDSFTNLIPNRR.F,/core/www/modules/show_out/show_out_wrapper.php?run_id=110202&search_id=114132&scans_id=110198&peptide_id=18712&scanf=26998&charge=3&value=R.YQEVDSFTNLIPNRR.F,YTHDC1,2.751e+6,2.631,0.014,1.865,0.000
27000,2,"  3.385","  0.391",14/32,/core/www/modules//sdig/index.php?run_id=110202&search_id=114132&scans_id=110198&peptide_id=18715&scanf=27000&charge=2&value=14/32,sp|P35250|RFC2_HUMAN,/core/www/modules//consensus/?run_id=110202&search_id=114132&scans_id=110198&peptide_id=18715&scanf=27000&charge=2&value=sp|P35250|RFC2_HUMAN,0,/core/www/modules/match_peptides/blast_html4.php?run_id=110202&search_id=114132&scans_id=110198&peptide_id=18715&scanf=27000&charge=2&value=0,R.EGNVPNIIIAGPPGTGK.T,/core/www/modules/show_out/show_out_wrapper.php?run_id=110202&search_id=114132&scans_id=110198&peptide_id=18715&scanf=27000&charge=2&value=R.EGNVPNIIIAGPPGTGK.T,RFC2,1.314e+7,2.501,0.021,1.676,0.001
27002,4,"  5.458","  0.484",21/84,/core/www/modules//sdig/index.php?run_id=110202&search_id=114132&scans_id=110198&peptide_id=18717&scanf=27002&charge=4&value=21/84,sp|P10155|RO60_HUMAN,/core/www/modules//consensus/?run_id=110202&search_id=114132&scans_id=110198&peptide_id=18717&scanf=27002&charge=4&value=sp|P10155|RO60_HUMAN,0,/core/www/modules/match_peptides/blast_html4.php?run_id=110202&search_id=114132&scans_id=110198&peptide_id=18717&scanf=27002&charge=4&value=0,R.TRDELEVIHLIEEHR.L,/core/www/modules/show_out/show_out_wrapper.php?run_id=110202&search_id=114132&scans_id=110198&peptide_id=18717&scanf=27002&charge=4&value=R.TRDELEVIHLIEEHR.L,RO60,9.915e+6,3.342,0.001,2.914,0.000
27004,2,"  1.479","  0.302",6/12,/core/www/modules//sdig/index.php?run_id=110202&search_id=114132&scans_id=110198&peptide_id=18719&scanf=27004&charge=2&value=6/12,sp|P78527|PRKDC_HUMAN,/core/www/modules//consensus/?run_id=110202&search_id=114132&scans_id=110198&peptide_id=18719&scanf=27004&charge=2&value=sp|P78527|PRKDC_HUMAN,0,/core/www/modules/match_peptides/blast_html4.php?run_id=110202&search_id=114132&scans_id=110198&peptide_id=18719&scanf=27004&charge=2&value=0,R.TFPVLLR.L,/core/www/modules/show_out/show_out_wrapper.php?run_id=110202&search_id=114132&scans_id=110198&peptide_id=18719&scanf=27004&charge=2&value=R.TFPVLLR.L,PRKDC,8.696e+7,3.322,0.001,2.885,0.000
27006,3,"  1.716","  0.274",12/40,/core/www/modules//sdig/index.php?run_id=110202&search_id=114132&scans_id=110198&peptide_id=18720&scanf=27006&charge=3&value=12/40,sp|P62875|RPAB5_HUMAN,/core/www/modules//consensus/?run_id=110202&search_id=114132&scans_id=110198&peptide_id=18720&scanf=27006&charge=3&value=sp|P62875|RPAB5_HUMAN,0,/core/www/modules/match_peptides/blast_html4.php?run_id=110202&search_id=114132&scans_id=110198&peptide_id=18720&scanf=27006&charge=3&value=0,R.MLLAHVDLIEK.L,/core/www/modules/show_out/show_out_wrapper.php?run_id=110202&search_id=114132&scans_id=110198&peptide_id=18720&scanf=27006&charge=3&value=R.MLLAHVDLIEK.L,POLR2L,1.204e+7,2.368,0.033,1.484,0.001
27007,2,"  4.599","  0.548",17/28,/core/www/modules//sdig/index.php?run_id=110202&search_id=114132&scans_id=110198&peptide_id=18721&scanf=27007&charge=2&value=17/28,sp|P18085|ARF4_HUMAN,/core/www/modules//consensus/?run_id=110202&search_id=114132&scans_id=110198&peptide_id=18721&scanf=27007&charge=2&value=sp|P18085|ARF4_HUMAN,2,/core/www/modules/match_peptides/blast_html4.php?run_id=110202&search_id=114132&scans_id=110198&peptide_id=18721&scanf=27007&charge=2&value=2,K.QDLPNAMAISEMTDK.L,/core/www/modules/show_out/show_out_wrapper.php?run_id=110202&search_id=114132&scans_id=110198&peptide_id=18721&scanf=27007&charge=2&value=K.QDLPNAMAISEMTDK.L,ARF4,2.074e+7,3.353,0.001,2.930,0.000
27008,2,"  2.260","  0.185",11/18,/core/www/modules//sdig/index.php?run_id=110202&search_id=114132&scans_id=110198&peptide_id=18722&scanf=27008&charge=2&value=11/18,sp|P38919|IF4A3_HUMAN,/core/www/modules//consensus/?run_id=110202&search_id=114132&scans_id=110198&peptide_id=18722&scanf=27008&charge=2&value=sp|P38919|IF4A3_HUMAN,1,/core/www/modules/match_peptides/blast_html4.php?run_id=110202&search_id=114132&scans_id=110198&peptide_id=18722&scanf=27008&charge=2&value=1,R.VLISTDVWAR.G,/core/www/modules/show_out/show_out_wrapper.php?run_id=110202&search_id=114132&scans_id=110198&peptide_id=18722&scanf=27008&charge=2&value=R.VLISTDVWAR.G,EIF4A3,4.720e+7,2.248,0.049,1.313,0.002
27009,2,"  2.852","  0.538",13/24,/core/www/modules//sdig/index.php?run_id=110202&search_id=114132&scans_id=110198&peptide_id=18723&scanf=27009&charge=2&value=13/24,sp|P33992|MCM5_HUMAN,/core/www/modules//consensus/?run_id=110202&search_id=114132&scans_id=110198&peptide_id=18723&scanf=27009&charge=2&value=sp|P33992|MCM5_HUMAN,1,/core/www/modules/match_peptides/blast_html4.php?run_id=110202&search_id=114132&scans_id=110198&peptide_id=18723&scanf=27009&charge=2&value=1,K.SIAPSIFGGTDMK.K,/core/www/modules/show_out/show_out_wrapper.php?run_id=110202&search_id=114132&scans_id=110198&peptide_id=18723&scanf=27009&charge=2&value=K.SIAPSIFGGTDMK.K,MCM5,1.442e+7,3.266,0.002,2.802,0.000
27010,3,"  3.567","  0.682",17/76,/core/www/modules//sdig/index.php?run_id=110202&search_id=114132&scans_id=110198&peptide_id=18724&scanf=27010&charge=3&value=17/76,tr|A0A6Q8PHK0|A0A6Q8PHK0_HUMAN,/core/www/modules//consensus/?run_id=110202&search_id=114132&scans_id=110198&peptide_id=18724&scanf=27010&charge=3&value=tr|A0A6Q8PHK0|A0A6Q8PHK0_HUMAN,0,/core/www/modules/match_peptides/blast_html4.php?run_id=110202&search_id=114132&scans_id=110198&peptide_id=18724&scanf=27010&charge=3&value=0,R.IIEAAHQVGEDEISLSTLGR.V,/core/www/modules/show_out/show_out_wrapper.php?run_id=110202&search_id=114132&scans_id=110198&peptide_id=18724&scanf=27010&charge=3&value=R.IIEAAHQVGEDEISLSTLGR.V,TRIP12,5.222e+6,3.328,0.001,2.894,0.000
27011,3,"  4.001","  0.510",17/48,/core/www/modules//sdig/index.php?run_id=110202&search_id=114132&scans_id=110198&peptide_id=18725&scanf=27011&charge=3&value=17/48,sp|Q68E01|INT3_HUMAN,/core/www/modules//consensus/?run_id=110202&search_id=114132&scans_id=110198&peptide_id=18725&scanf=27011&charge=3&value=sp|Q68E01|INT3_HUMAN,0,/core/www/modules/match_peptides/blast_html4.php?run_id=110202&search_id=114132&scans_id=110198&peptide_id=18725&scanf=27011&charge=3&value=0,R.VLAHLAPLFDNPK.L,/core/www/modules/show_out/show_out_wrapper.php?run_id=110202&search_id=114132&scans_id=110198&peptide_id=18725&scanf=27011&charge=3&value=R.VLAHLAPLFDNPK.L,INTS3,9.940e+6,3.403,0.001,3.004,0.000
27012,4,"  4.490","  0.577",23/138,/core/www/modules//sdig/index.php?run_id=110202&search_id=114132&scans_id=110198&peptide_id=18726&scanf=27012&charge=4&value=23/138,sp|Q9HB71|CYBP_HUMAN,/core/www/modules//consensus/?run_id=110202&search_id=114132&scans_id=110198&peptide_id=18726&scanf=27012&charge=4&value=sp|Q9HB71|CYBP_HUMAN,0,/core/www/modules/match_peptides/blast_html4.php?run_id=110202&search_id=114132&scans_id=110198&peptide_id=18726&scanf=27012&charge=4&value=0,K.KAELLDNEKPAAVVAPITTGYTVK.I,/core/www/modules/show_out/show_out_wrapper.php?run_id=110202&search_id=114132&scans_id=110198&peptide_id=18726&scanf=27012&charge=4&value=K.KAELLDNEKPAAVVAPITTGYTVK.I,CACYBP,9.710e+6,3.160,0.002,2.644,0.000
27013,2,"  1.598","  0.061",7/12,/core/www/modules//sdig/index.php?run_id=110202&search_id=114132&scans_id=110198&peptide_id=18727&scanf=27013&charge=2&value=7/12,sp|P12956|XRCC6_HUMAN,/core/www/modules//consensus/?run_id=110202&search_id=114132&scans_id=110198&peptide_id=18727&scanf=27013&charge=2&value=sp|P12956|XRCC6_HUMAN,1,/core/www/modules/match_peptides/blast_html4.php?run_id=110202&search_id=114132&scans_id=110198&peptide_id=18727&scanf=27013&charge=2&value=1,K.FTVPMLK.E,/core/www/modules/show_out/show_out_wrapper.php?run_id=110202&search_id=114132&scans_id=110198&peptide_id=18727&scanf=27013&charge=2&value=K.FTVPMLK.E,XRCC6,7.671e+7,1.989,0.110,0.958,0.005
27015,2,"  2.104","  0.360",8/20,/core/www/modules//sdig/index.php?run_id=110202&search_id=114132&scans_id=110198&peptide_id=18729&scanf=27015&charge=2&value=8/20,sp|Q9NU22|MDN1_HUMAN,/core/www/modules//consensus/?run_id=110202&search_id=114132&scans_id=110198&peptide_id=18729&scanf=27015&charge=2&value=sp|Q9NU22|MDN1_HUMAN,0,/core/www/modules/match_peptides/blast_html4.php?run_id=110202&search_id=114132&scans_id=110198&peptide_id=18729&scanf=27015&charge=2&value=0,R.LQVVASQWTLK.K,/core/www/modules/show_out/show_out_wrapper.php?run_id=110202&search_id=114132&scans_id=110198&peptide_id=18729&scanf=27015&charge=2&value=R.LQVVASQWTLK.K,MDN1,2.581e+7,2.589,0.016,1.803,0.000
27017,2,"  1.001","  0.234",9/16,/core/www/modules//sdig/index.php?run_id=110202&search_id=114132&scans_id=110198&peptide_id=18731&scanf=27017&charge=2&value=9/16,sp|P16435|NCPR_HUMAN,/core/www/modules//consensus/?run_id=110202&search_id=114132&scans_id=110198&peptide_id=18731&scanf=27017&charge=2&value=sp|P16435|NCPR_HUMAN,3,/core/www/modules/match_peptides/blast_html4.php?run_id=110202&search_id=114132&scans_id=110198&peptide_id=18731&scanf=27017&charge=2&value=3,K.FAVFGLGNK.T,/core/www/modules/show_out/show_out_wrapper.php?run_id=110202&search_id=114132&scans_id=110198&peptide_id=18731&scanf=27017&charge=2&value=K.FAVFGLGNK.T,POR,4.039e+6,2.273,0.045,1.349,0.002
27018,2,"  2.630","  0.352",12/16,/core/www/modules//sdig/index.php?run_id=110202&search_id=114132&scans_id=110198&peptide_id=18732&scanf=27018&charge=2&value=12/16,sp|Q02040|AK17A_HUMAN,/core/www/modules//consensus/?run_id=110202&search_id=114132&scans_id=110198&peptide_id=18732&scanf=27018&charge=2&value=sp|Q02040|AK17A_HUMAN,1,/core/www/modules/match_peptides/blast_html4.php?run_id=110202&search_id=114132&scans_id=110198&peptide_id=18732&scanf=27018&charge=2&value=1,K.LSGFSDILK.V,/core/www/modules/show_out/show_out_wrapper.php?run_id=110202&search_id=114132&scans_id=110198&peptide_id=18732&scanf=27018&charge=2&value=K.LSGFSDILK.V,AKAP17A,3.158e+7,3.052,0.003,2.484,0.000
27019,2,"  3.273","  0.307",12/26,/core/www/modules//sdig/index.php?run_id=110202&search_id=114132&scans_id=110198&peptide_id=18733&scanf=27019&charge=2&value=12/26,sp|O15381|NVL_HUMAN,/core/www/modules//consensus/?run_id=110202&search_id=114132&scans_id=110198&peptide_id=18733&scanf=27019&charge=2&value=sp|O15381|NVL_HUMAN,0,/core/www/modules/match_peptides/blast_html4.php?run_id=110202&search_id=114132&scans_id=110198&peptide_id=18733&scanf=27019&charge=2&value=0,K.AVANESGLNFISVK.G,/core/www/modules/show_out/show_out_wrapper.php?run_id=110202&search_id=114132&scans_id=110198&peptide_id=18733&scanf=27019&charge=2&value=K.AVANESGLNFISVK.G,NVL,3.784e+7,2.327,0.038,1.424,0.001
27022,2,"  2.486","  0.466",9/14,/core/www/modules//sdig/index.php?run_id=110202&search_id=114132&scans_id=110198&peptide_id=18737&scanf=27022&charge=2&value=9/14,sp|Q8IZL8|PELP1_HUMAN,/core/www/modules//consensus/?run_id=110202&search_id=114132&scans_id=110198&peptide_id=18737&scanf=27022&charge=2&value=sp|Q8IZL8|PELP1_HUMAN,4,/core/www/modules/match_peptides/blast_html4.php?run_id=110202&search_id=114132&scans_id=110198&peptide_id=18737&scanf=27022&charge=2&value=4,K.LASFFLSR.V,/core/www/modules/show_out/show_out_wrapper.php?run_id=110202&search_id=114132&scans_id=110198&peptide_id=18737&scanf=27022&charge=2&value=K.LASFFLSR.V,PELP1,3.056e+6,3.328,0.001,2.894,0.000
27027,2,"  2.527","  0.511",11/20,/core/www/modules//sdig/index.php?run_id=110202&search_id=114132&scans_id=110198&peptide_id=18741&scanf=27027&charge=2&value=11/20,sp|Q8IXT5|RB12B_HUMAN,/core/www/modules//consensus/?run_id=110202&search_id=114132&scans_id=110198&peptide_id=18741&scanf=27027&charge=2&value=sp|Q8IXT5|RB12B_HUMAN,4,/core/www/modules/match_peptides/blast_html4.php?run_id=110202&search_id=114132&scans_id=110198&peptide_id=18741&scanf=27027&charge=2&value=4,K.DSSVELFLSSK.A,/core/www/modules/show_out/show_out_wrapper.php?run_id=110202&search_id=114132&scans_id=110198&peptide_id=18741&scanf=27027&charge=2&value=K.DSSVELFLSSK.A,RBM12B,1.094e+7,3.292,0.001,2.840,0.000
27028,2,"  2.076","  0.431",10/16,/core/www/modules//sdig/index.php?run_id=110202&search_id=114132&scans_id=110198&peptide_id=18742&scanf=27028&charge=2&value=10/16,sp|Q9H0A0|NAT10_HUMAN,/core/www/modules//consensus/?run_id=110202&search_id=114132&scans_id=110198&peptide_id=18742&scanf=27028&charge=2&value=sp|Q9H0A0|NAT10_HUMAN,0,/core/www/modules/match_peptides/blast_html4.php?run_id=110202&search_id=114132&scans_id=110198&peptide_id=18742&scanf=27028&charge=2&value=0,R.AGFVPVYLR.Q,/core/www/modules/show_out/show_out_wrapper.php?run_id=110202&search_id=114132&scans_id=110198&peptide_id=18742&scanf=27028&charge=2&value=R.AGFVPVYLR.Q,NAT10,3.689e+7,3.185,0.002,2.682,0.000
27031,2,"  2.561","  0.341",10/18,/core/www/modules//sdig/index.php?run_id=110202&search_id=114132&scans_id=110198&peptide_id=18746&scanf=27031&charge=2&value=10/18,sp|P52701|MSH6_HUMAN,/core/www/modules//consensus/?run_id=110202&search_id=114132&scans_id=110198&peptide_id=18746&scanf=27031&charge=2&value=sp|P52701|MSH6_HUMAN,3,/core/www/modules/match_peptides/blast_html4.php?run_id=110202&search_id=114132&scans_id=110198&peptide_id=18746&scanf=27031&charge=2&value=3,K.FFIGQFSDDR.H,/core/www/modules/show_out/show_out_wrapper.php?run_id=110202&search_id=114132&scans_id=110198&peptide_id=18746&scanf=27031&charge=2&value=K.FFIGQFSDDR.H,MSH6,7.992e+6,2.714,0.010,1.987,0.000
27033,2,"  3.832","  0.612",13/24,/core/www/modules//sdig/index.php?run_id=110202&search_id=114132&scans_id=110198&peptide_id=18748&scanf=27033&charge=2&value=13/24,sp|P11388|TOP2A_HUMAN,/core/www/modules//consensus/?run_id=110202&search_id=114132&scans_id=110198&peptide_id=18748&scanf=27033&charge=2&value=sp|P11388|TOP2A_HUMAN,5,/core/www/modules/match_peptides/blast_html4.php?run_id=110202&search_id=114132&scans_id=110198&peptide_id=18748&scanf=27033&charge=2&value=5,K.QIMENAEINNIIK.I,/core/www/modules/show_out/show_out_wrapper.php?run_id=110202&search_id=114132&scans_id=110198&peptide_id=18748&scanf=27033&charge=2&value=K.QIMENAEINNIIK.I,TOP2A,1.098e+7,3.634,0.000,3.346,0.000
27034,2,"  2.084","  0.442",8/18,/core/www/modules//sdig/index.php?run_id=110202&search_id=114132&scans_id=110198&peptide_id=18749&scanf=27034&charge=2&value=8/18,sp|Q13617|CUL2_HUMAN,/core/www/modules//consensus/?run_id=110202&search_id=114132&scans_id=110198&peptide_id=18749&scanf=27034&charge=2&value=sp|Q13617|CUL2_HUMAN,25,/core/www/modules/match_peptides/blast_html4.php?run_id=110202&search_id=114132&scans_id=110198&peptide_id=18749&scanf=27034&charge=2&value=25,K.AVVMLEYVER.A,/core/www/modules/show_out/show_out_wrapper.php?run_id=110202&search_id=114132&scans_id=110198&peptide_id=18749&scanf=27034&charge=2&value=K.AVVMLEYVER.A,CUL2,5.201e+6,2.814,0.007,2.134,0.000
27036,3,"  4.665","  0.582",17/68,/core/www/modules//sdig/index.php?run_id=110202&search_id=114132&scans_id=110198&peptide_id=18751&scanf=27036&charge=3&value=17/68,sp|Q86V81|THOC4_HUMAN,/core/www/modules//consensus/?run_id=110202&search_id=114132&scans_id=110198&peptide_id=18751&scanf=27036&charge=3&value=sp|Q86V81|THOC4_HUMAN,1,/core/www/modules/match_peptides/blast_html4.php?run_id=110202&search_id=114132&scans_id=110198&peptide_id=18751&scanf=27036&charge=3&value=1,K.QQLSAEELDAQLDAYNAR.M,/core/www/modules/show_out/show_out_wrapper.php?run_id=110202&search_id=114132&scans_id=110198&peptide_id=18751&scanf=27036&charge=3&value=K.QQLSAEELDAQLDAYNAR.M,ALYREF,2.011e+7,3.339,0.001,2.910,0.000
27037,2,"  3.961","  0.625",16/24,/core/www/modules//sdig/index.php?run_id=110202&search_id=114132&scans_id=110198&peptide_id=18752&scanf=27037&charge=2&value=16/24,sp|Q68CQ4|UTP25_HUMAN,/core/www/modules//consensus/?run_id=110202&search_id=114132&scans_id=110198&peptide_id=18752&scanf=27037&charge=2&value=sp|Q68CQ4|UTP25_HUMAN,0,/core/www/modules/match_peptides/blast_html4.php?run_id=110202&search_id=114132&scans_id=110198&peptide_id=18752&scanf=27037&charge=2&value=0,R.MEAENLASVIDAR.F,/core/www/modules/show_out/show_out_wrapper.php?run_id=110202&search_id=114132&scans_id=110198&peptide_id=18752&scanf=27037&charge=2&value=R.MEAENLASVIDAR.F,UTP25,8.896e+6,3.597,0.001,3.292,0.000
27039,2,"  2.355","  0.505",9/16,/core/www/modules//sdig/index.php?run_id=110202&search_id=114132&scans_id=110198&peptide_id=18754&scanf=27039&charge=2&value=9/16,sp|Q96SI9|STRBP_HUMAN,/core/www/modules//consensus/?run_id=110202&search_id=114132&scans_id=110198&peptide_id=18754&scanf=27039&charge=2&value=sp|Q96SI9|STRBP_HUMAN,0,/core/www/modules/match_peptides/blast_html4.php?run_id=110202&search_id=114132&scans_id=110198&peptide_id=18754&scanf=27039&charge=2&value=0,K.VILTSPLIR.D,/core/www/modules/show_out/show_out_wrapper.php?run_id=110202&search_id=114132&scans_id=110198&peptide_id=18754&scanf=27039&charge=2&value=K.VILTSPLIR.D,STRBP,1.174e+7,3.281,0.001,2.824,0.000
27040,2,"  2.276","  0.469",10/16,/core/www/modules//sdig/index.php?run_id=110202&search_id=114132&scans_id=110198&peptide_id=18756&scanf=27040&charge=2&value=10/16,sp|O43148|MCES_HUMAN,/core/www/modules//consensus/?run_id=110202&search_id=114132&scans_id=110198&peptide_id=18756&scanf=27040&charge=2&value=sp|O43148|MCES_HUMAN,1,/core/www/modules/match_peptides/blast_html4.php?run_id=110202&search_id=114132&scans_id=110198&peptide_id=18756&scanf=27040&charge=2&value=1,K.TFLEFYEEK.I,/core/www/modules/show_out/show_out_wrapper.php?run_id=110202&search_id=114132&scans_id=110198&peptide_id=18756&scanf=27040&charge=2&value=K.TFLEFYEEK.I,RNMT,8.703e+6,3.160,0.002,2.645,0.000
27043,4,"  4.145","  0.548",18/150,/core/www/modules//sdig/index.php?run_id=110202&search_id=114132&scans_id=110198&peptide_id=18759&scanf=27043&charge=4&value=18/150,sp|Q15393|SF3B3_HUMAN,/core/www/modules//consensus/?run_id=110202&search_id=114132&scans_id=110198&peptide_id=18759&scanf=27043&charge=4&value=sp|Q15393|SF3B3_HUMAN,0,/core/www/modules/match_peptides/blast_html4.php?run_id=110202&search_id=114132&scans_id=110198&peptide_id=18759&scanf=27043&charge=4&value=0,R.KFVIHPESNNLIIIETDHNAYTEATK.A,/core/www/modules/show_out/show_out_wrapper.php?run_id=110202&search_id=114132&scans_id=110198&peptide_id=18759&scanf=27043&charge=4&value=R.KFVIHPESNNLIIIETDHNAYTEATK.A,SF3B3,3.012e+6,2.967,0.004,2.359,0.000
27046,3,"  3.154","  0.542",13/40,/core/www/modules//sdig/index.php?run_id=110202&search_id=114132&scans_id=110198&peptide_id=18762&scanf=27046&charge=3&value=13/40,sp|Q9P035|HACD3_HUMAN,/core/www/modules//consensus/?run_id=110202&search_id=114132&scans_id=110198&peptide_id=18762&scanf=27046&charge=3&value=sp|Q9P035|HACD3_HUMAN,2,/core/www/modules/match_peptides/blast_html4.php?run_id=110202&search_id=114132&scans_id=110198&peptide_id=18762&scanf=27046&charge=3&value=2,K.RPLFLAPDFDR.W,/core/www/modules/show_out/show_out_wrapper.php?run_id=110202&search_id=114132&scans_id=110198&peptide_id=18762&scanf=27046&charge=3&value=K.RPLFLAPDFDR.W,HACD3,8.295e+6,3.431,0.001,3.046,0.000
27049,2,"  3.189","  0.281",12/18,/core/www/modules//sdig/index.php?run_id=110202&search_id=114132&scans_id=110198&peptide_id=18764&scanf=27049&charge=2&value=12/18,sp|Q9NV88|INT9_HUMAN,/core/www/modules//consensus/?run_id=110202&search_id=114132&scans_id=110198&peptide_id=18764&scanf=27049&charge=2&value=sp|Q9NV88|INT9_HUMAN,5,/core/www/modules/match_peptides/blast_html4.php?run_id=110202&search_id=114132&scans_id=110198&peptide_id=18764&scanf=27049&charge=2&value=5,R.LSNLPGWSLK.D,/core/www/modules/show_out/show_out_wrapper.php?run_id=110202&search_id=114132&scans_id=110198&peptide_id=18764&scanf=27049&charge=2&value=R.LSNLPGWSLK.D,INTS9,7.670e+6,2.670,0.012,1.922,0.000
27050,3,"  3.281","  0.392",12/44,/core/www/modules//sdig/index.php?run_id=110202&search_id=114132&scans_id=110198&peptide_id=18766&scanf=27050&charge=3&value=12/44,sp|P55209|NP1L1_HUMAN,/core/www/modules//consensus/?run_id=110202&search_id=114132&scans_id=110198&peptide_id=18766&scanf=27050&charge=3&value=sp|P55209|NP1L1_HUMAN,13,/core/www/modules/match_peptides/blast_html4.php?run_id=110202&search_id=114132&scans_id=110198&peptide_id=18766&scanf=27050&charge=3&value=13,K.YAVLYQPLFDKR.F,/core/www/modules/show_out/show_out_wrapper.php?run_id=110202&search_id=114132&scans_id=110198&peptide_id=18766&scanf=27050&charge=3&value=K.YAVLYQPLFDKR.F,NAP1L1,9.006e+6,2.514,0.020,1.695,0.000
27051,3,"  2.760","  0.406",14/36,/core/www/modules//sdig/index.php?run_id=110202&search_id=114132&scans_id=110198&peptide_id=18767&scanf=27051&charge=3&value=14/36,sp|O43143|DHX15_HUMAN,/core/www/modules//consensus/?run_id=110202&search_id=114132&scans_id=110198&peptide_id=18767&scanf=27051&charge=3&value=sp|O43143|DHX15_HUMAN,0,/core/www/modules/match_peptides/blast_html4.php?run_id=110202&search_id=114132&scans_id=110198&peptide_id=18767&scanf=27051&charge=3&value=0,K.RLQLPVWEYK.D,/core/www/modules/show_out/show_out_wrapper.php?run_id=110202&search_id=114132&scans_id=110198&peptide_id=18767&scanf=27051&charge=3&value=K.RLQLPVWEYK.D,DHX15,1.255e+7,2.935,0.005,2.312,0.000
27054,2,"  2.435","  0.371",11/16,/core/www/modules//sdig/index.php?run_id=110202&search_id=114132&scans_id=110198&peptide_id=18770&scanf=27054&charge=2&value=11/16,sp|P36873|PP1G_HUMAN,/core/www/modules//consensus/?run_id=110202&search_id=114132&scans_id=110198&peptide_id=18770&scanf=27054&charge=2&value=sp|P36873|PP1G_HUMAN,3,/core/www/modules/match_peptides/blast_html4.php?run_id=110202&search_id=114132&scans_id=110198&peptide_id=18770&scanf=27054&charge=2&value=3,K.LNIDSIIQR.L,/core/www/modules/show_out/show_out_wrapper.php?run_id=110202&search_id=114132&scans_id=110198&peptide_id=18770&scanf=27054&charge=2&value=K.LNIDSIIQR.L,PPP1CC,2.430e+7,2.987,0.004,2.389,0.000
27055,2,"  3.451","  0.538",16/26,/core/www/modules//sdig/index.php?run_id=110202&search_id=114132&scans_id=110198&peptide_id=18771&scanf=27055&charge=2&value=16/26,sp|Q14980|NUMA1_HUMAN,/core/www/modules//consensus/?run_id=110202&search_id=114132&scans_id=110198&peptide_id=18771&scanf=27055&charge=2&value=sp|Q14980|NUMA1_HUMAN,1,/core/www/modules/match_peptides/blast_html4.php?run_id=110202&search_id=114132&scans_id=110198&peptide_id=18771&scanf=27055&charge=2&value=1,R.DSALETLQGQLEEK.A,/core/www/modules/show_out/show_out_wrapper.php?run_id=110202&search_id=114132&scans_id=110198&peptide_id=18771&scanf=27055&charge=2&value=R.DSALETLQGQLEEK.A,NUMA1,2.118e+7,3.521,0.001,3.180,0.000
27056,3,"  2.897","  0.388",14/52,/core/www/modules//sdig/index.php?run_id=110202&search_id=114132&scans_id=110198&peptide_id=18772&scanf=27056&charge=3&value=14/52,sp|Q9Y2A7|NCKP1_HUMAN,/core/www/modules//consensus/?run_id=110202&search_id=114132&scans_id=110198&peptide_id=18772&scanf=27056&charge=3&value=sp|Q9Y2A7|NCKP1_HUMAN,0,/core/www/modules/match_peptides/blast_html4.php?run_id=110202&search_id=114132&scans_id=110198&peptide_id=18772&scanf=27056&charge=3&value=0,R.TSFDKPDQMAALFK.R,/core/www/modules/show_out/show_out_wrapper.php?run_id=110202&search_id=114132&scans_id=110198&peptide_id=18772&scanf=27056&charge=3&value=R.TSFDKPDQMAALFK.R,NCKAP1,6.340e+6,2.736,0.010,2.018,0.000
27060,2,"  2.255","  0.569",11/18,/core/www/modules//sdig/index.php?run_id=110202&search_id=114132&scans_id=110198&peptide_id=18777&scanf=27060&charge=2&value=11/18,sp|Q14008|CKAP5_HUMAN,/core/www/modules//consensus/?run_id=110202&search_id=114132&scans_id=110198&peptide_id=18777&scanf=27060&charge=2&value=sp|Q14008|CKAP5_HUMAN,0,/core/www/modules/match_peptides/blast_html4.php?run_id=110202&search_id=114132&scans_id=110198&peptide_id=18777&scanf=27060&charge=2&value=0,K.EFGFSGLNVK.A,/core/www/modules/show_out/show_out_wrapper.php?run_id=110202&search_id=114132&scans_id=110198&peptide_id=18777&scanf=27060&charge=2&value=K.EFGFSGLNVK.A,CKAP5,1.522e+7,3.523,0.001,3.183,0.000
27064,2,"  1.383","  0.111",8/14,/core/www/modules//sdig/index.php?run_id=110202&search_id=114132&scans_id=110198&peptide_id=18781&scanf=27064&charge=2&value=8/14,sp|P15559|NQO1_HUMAN,/core/www/modules//consensus/?run_id=110202&search_id=114132&scans_id=110198&peptide_id=18781&scanf=27064&charge=2&value=sp|P15559|NQO1_HUMAN,3,/core/www/modules/match_peptides/blast_html4.php?run_id=110202&search_id=114132&scans_id=110198&peptide_id=18781&scanf=27064&charge=2&value=3,R.IQILEGWK.K,/core/www/modules/show_out/show_out_wrapper.php?run_id=110202&search_id=114132&scans_id=110198&peptide_id=18781&scanf=27064&charge=2&value=R.IQILEGWK.K,NQO1,3.257e+6,1.894,0.146,0.835,0.007
27066,2,"  1.526","  0.038",8/12,/core/www/modules//sdig/index.php?run_id=110202&search_id=114132&scans_id=110198&peptide_id=18783&scanf=27066&charge=2&value=8/12,sp|O43432|IF4G3_HUMAN,/core/www/modules//consensus/?run_id=110202&search_id=114132&scans_id=110198&peptide_id=18783&scanf=27066&charge=2&value=sp|O43432|IF4G3_HUMAN,14,/core/www/modules/match_peptides/blast_html4.php?run_id=110202&search_id=114132&scans_id=110198&peptide_id=18783&scanf=27066&charge=2&value=14,K.FIGELFK.L,/core/www/modules/show_out/show_out_wrapper.php?run_id=110202&search_id=114132&scans_id=110198&peptide_id=18783&scanf=27066&charge=2&value=K.FIGELFK.L,EIF4G3,6.336e+6,1.864,0.159,0.798,0.008
27069,2,"  2.165","  0.493",11/16,/core/www/modules//sdig/index.php?run_id=110202&search_id=114132&scans_id=110198&peptide_id=18785&scanf=27069&charge=2&value=11/16,sp|P21589|5NTD_HUMAN,/core/www/modules//consensus/?run_id=110202&search_id=114132&scans_id=110198&peptide_id=18785&scanf=27069&charge=2&value=sp|P21589|5NTD_HUMAN,1,/core/www/modules/match_peptides/blast_html4.php?run_id=110202&search_id=114132&scans_id=110198&peptide_id=18785&scanf=27069&charge=2&value=1,K.FPILSANIK.A,/core/www/modules/show_out/show_out_wrapper.php?run_id=110202&search_id=114132&scans_id=110198&peptide_id=18785&scanf=27069&charge=2&value=K.FPILSANIK.A,NT5E,1.264e+7,3.360,0.001,2.940,0.000
27071,2,"  1.676","  0.306",9/18,/core/www/modules//sdig/index.php?run_id=110202&search_id=114132&scans_id=110198&peptide_id=18787&scanf=27071&charge=2&value=9/18,sp|Q9UBU9|NXF1_HUMAN,/core/www/modules//consensus/?run_id=110202&search_id=114132&scans_id=110198&peptide_id=18787&scanf=27071&charge=2&value=sp|Q9UBU9|NXF1_HUMAN,1,/core/www/modules/match_peptides/blast_html4.php?run_id=110202&search_id=114132&scans_id=110198&peptide_id=18787&scanf=27071&charge=2&value=1,K.GEIPEVAFMK.-,/core/www/modules/show_out/show_out_wrapper.php?run_id=110202&search_id=114132&scans_id=110198&peptide_id=18787&scanf=27071&charge=2&value=K.GEIPEVAFMK.-,NXF1,1.015e+7,2.469,0.023,1.629,0.001
27073,2,"  1.659","  0.298",9/18,/core/www/modules//sdig/index.php?run_id=110202&search_id=114132&scans_id=110198&peptide_id=18789&scanf=27073&charge=2&value=9/18,sp|P34897|GLYM_HUMAN,/core/www/modules//consensus/?run_id=110202&search_id=114132&scans_id=110198&peptide_id=18789&scanf=27073&charge=2&value=sp|P34897|GLYM_HUMAN,0,/core/www/modules/match_peptides/blast_html4.php?run_id=110202&search_id=114132&scans_id=110198&peptide_id=18789&scanf=27073&charge=2&value=0,R.AFPMPGFDEH.-,/core/www/modules/show_out/show_out_wrapper.php?run_id=110202&search_id=114132&scans_id=110198&peptide_id=18789&scanf=27073&charge=2&value=R.AFPMPGFDEH.-,SHMT2,8.834e+6,2.383,0.031,1.506,0.001
27076,3,"  6.420","  0.770",22/84,/core/www/modules//sdig/index.php?run_id=110202&search_id=114132&scans_id=110198&peptide_id=18792&scanf=27076&charge=3&value=22/84,sp|P13667|PDIA4_HUMAN,/core/www/modules//consensus/?run_id=110202&search_id=114132&scans_id=110198&peptide_id=18792&scanf=27076&charge=3&value=sp|P13667|PDIA4_HUMAN,2,/core/www/modules/match_peptides/blast_html4.php?run_id=110202&search_id=114132&scans_id=110198&peptide_id=18792&scanf=27076&charge=3&value=2,K.DLGLSESGEDVNAAILDESGKK.F,/core/www/modules/show_out/show_out_wrapper.php?run_id=110202&search_id=114132&scans_id=110198&peptide_id=18792&scanf=27076&charge=3&value=K.DLGLSESGEDVNAAILDESGKK.F,PDIA4,1.155e+7,3.713,0.000,3.464,0.000
27079,2,"  3.384","  0.614",18/32,/core/www/modules//sdig/index.php?run_id=110202&search_id=114132&scans_id=110198&peptide_id=18795&scanf=27079&charge=2&value=18/32,sp|P43243|MATR3_HUMAN,/core/www/modules//consensus/?run_id=110202&search_id=114132&scans_id=110198&peptide_id=18795&scanf=27079&charge=2&value=sp|P43243|MATR3_HUMAN,5,/core/www/modules/match_peptides/blast_html4.php?run_id=110202&search_id=114132&scans_id=110198&peptide_id=18795&scanf=27079&charge=2&value=5,R.GAPPSSNIEDFHGLLPK.G,/core/www/modules/show_out/show_out_wrapper.php?run_id=110202&search_id=114132&scans_id=110198&peptide_id=18795&scanf=27079&charge=2&value=R.GAPPSSNIEDFHGLLPK.G,MATR3,5.384e+6,3.390,0.001,2.985,0.000
27082,4,"  3.286","  0.407",12/144,/core/www/modules//sdig/index.php?run_id=110202&search_id=114132&scans_id=110198&peptide_id=18799&scanf=27082&charge=4&value=12/144,sp|Q7KZF4|SND1_HUMAN,/core/www/modules//consensus/?run_id=110202&search_id=114132&scans_id=110198&peptide_id=18799&scanf=27082&charge=4&value=sp|Q7KZF4|SND1_HUMAN,0,/core/www/modules/match_peptides/blast_html4.php?run_id=110202&search_id=114132&scans_id=110198&peptide_id=18799&scanf=27082&charge=4&value=0,K.KVNVTVDYIRPASPATETVPAFSER.T,/core/www/modules/show_out/show_out_wrapper.php?run_id=110202&search_id=114132&scans_id=110198&peptide_id=18799&scanf=27082&charge=4&value=K.KVNVTVDYIRPASPATETVPAFSER.T,SND1,7.251e+6,2.449,0.025,1.601,0.001
27083,4,"  2.114","  0.349",12/102,/core/www/modules//sdig/index.php?run_id=110202&search_id=114132&scans_id=110198&peptide_id=18800&scanf=27083&charge=4&value=12/102,sp|P12814|ACTN1_HUMAN,/core/www/modules//consensus/?run_id=110202&search_id=114132&scans_id=110198&peptide_id=18800&scanf=27083&charge=4&value=sp|P12814|ACTN1_HUMAN,13,/core/www/modules/match_peptides/blast_html4.php?run_id=110202&search_id=114132&scans_id=110198&peptide_id=18800&scanf=27083&charge=4&value=13,R.KAGTQIENIEEDFRDGLK.L,/core/www/modules/show_out/show_out_wrapper.php?run_id=110202&search_id=114132&scans_id=110198&peptide_id=18800&scanf=27083&charge=4&value=R.KAGTQIENIEEDFRDGLK.L,ACTN1,4.844e+6,2.236,0.051,1.296,0.002
27087,2,"  2.821","  0.247",10/18,/core/www/modules//sdig/index.php?run_id=110202&search_id=114132&scans_id=110198&peptide_id=18804&scanf=27087&charge=2&value=10/18,sp|O15061|SYNEM_HUMAN,/core/www/modules//consensus/?run_id=110202&search_id=114132&scans_id=110198&peptide_id=18804&scanf=27087&charge=2&value=sp|O15061|SYNEM_HUMAN,2,/core/www/modules/match_peptides/blast_html4.php?run_id=110202&search_id=114132&scans_id=110198&peptide_id=18804&scanf=27087&charge=2&value=2,R.ENLLLEEELR.G,/core/www/modules/show_out/show_out_wrapper.php?run_id=110202&search_id=114132&scans_id=110198&peptide_id=18804&scanf=27087&charge=2&value=R.ENLLLEEELR.G,SYNM,4.994e+6,2.328,0.037,1.426,0.001
27090,2,"  2.496","  0.000",12/20,/core/www/modules//sdig/index.php?run_id=110202&search_id=114132&scans_id=110198&peptide_id=18807&scanf=27090&charge=2&value=12/20,sp|P22087|FBRL_HUMAN,/core/www/modules//consensus/?run_id=110202&search_id=114132&scans_id=110198&peptide_id=18807&scanf=27090&charge=2&value=sp|P22087|FBRL_HUMAN,0,/core/www/modules/match_peptides/blast_html4.php?run_id=110202&search_id=114132&scans_id=110198&peptide_id=18807&scanf=27090&charge=2&value=0,R.TNIIPVIEDAR.H,/core/www/modules/show_out/show_out_wrapper.php?run_id=110202&search_id=114132&scans_id=110198&peptide_id=18807&scanf=27090&charge=2&value=R.TNIIPVIEDAR.H,FBL,3.096e+8,3.358,0.001,2.938,0.000
27091,2,"  1.869","  0.443",8/14,/core/www/modules//sdig/index.php?run_id=110202&search_id=114132&scans_id=110198&peptide_id=18808&scanf=27091&charge=2&value=8/14,sp|P60709|ACTB_HUMAN,/core/www/modules//consensus/?run_id=110202&search_id=114132&scans_id=110198&peptide_id=18808&scanf=27091&charge=2&value=sp|P60709|ACTB_HUMAN,16,/core/www/modules/match_peptides/blast_html4.php?run_id=110202&search_id=114132&scans_id=110198&peptide_id=18808&scanf=27091&charge=2&value=16,R.DLTDYLMK.I,/core/www/modules/show_out/show_out_wrapper.php?run_id=110202&search_id=114132&scans_id=110198&peptide_id=18808&scanf=27091&charge=2&value=R.DLTDYLMK.I,ACTB,2.020e+9,3.565,0.001,3.244,0.000
27092,2,"  3.514","  0.626",19/28,/core/www/modules//sdig/index.php?run_id=110202&search_id=114132&scans_id=110198&peptide_id=18809&scanf=27092&charge=2&value=19/28,sp|P53597|SUCA_HUMAN,/core/www/modules//consensus/?run_id=110202&search_id=114132&scans_id=110198&peptide_id=18809&scanf=27092&charge=2&value=sp|P53597|SUCA_HUMAN,1,/core/www/modules/match_peptides/blast_html4.php?run_id=110202&search_id=114132&scans_id=110198&peptide_id=18809&scanf=27092&charge=2&value=1,K.GGQTHLGLPVFNTVK.E,/core/www/modules/show_out/show_out_wrapper.php?run_id=110202&search_id=114132&scans_id=110198&peptide_id=18809&scanf=27092&charge=2&value=K.GGQTHLGLPVFNTVK.E,SUCLG1,9.138e+6,3.618,0.000,3.322,0.000
27093,2,"  3.293","  0.374",13/20,/core/www/modules//sdig/index.php?run_id=110202&search_id=114132&scans_id=110198&peptide_id=18810&scanf=27093&charge=2&value=13/20,sp|Q9H089|LSG1_HUMAN,/core/www/modules//consensus/?run_id=110202&search_id=114132&scans_id=110198&peptide_id=18810&scanf=27093&charge=2&value=sp|Q9H089|LSG1_HUMAN,0,/core/www/modules/match_peptides/blast_html4.php?run_id=110202&search_id=114132&scans_id=110198&peptide_id=18810&scanf=27093&charge=2&value=0,R.SDIVVQIVDAR.N,/core/www/modules/show_out/show_out_wrapper.php?run_id=110202&search_id=114132&scans_id=110198&peptide_id=18810&scanf=27093&charge=2&value=R.SDIVVQIVDAR.N,LSG1,1.339e+7,2.914,0.005,2.281,0.000
27096,2,"  2.574","  0.632",11/18,/core/www/modules//sdig/index.php?run_id=110202&search_id=114132&scans_id=110198&peptide_id=18813&scanf=27096&charge=2&value=11/18,sp|P05198|IF2A_HUMAN,/core/www/modules//consensus/?run_id=110202&search_id=114132&scans_id=110198&peptide_id=18813&scanf=27096&charge=2&value=sp|P05198|IF2A_HUMAN,2,/core/www/modules/match_peptides/blast_html4.php?run_id=110202&search_id=114132&scans_id=110198&peptide_id=18813&scanf=27096&charge=2&value=2,K.DEQLESLFQR.T,/core/www/modules/show_out/show_out_wrapper.php?run_id=110202&search_id=114132&scans_id=110198&peptide_id=18813&scanf=27096&charge=2&value=K.DEQLESLFQR.T,EIF2S1,2.105e+7,3.686,0.000,3.424,0.000
27097,4,"  2.390","  0.192",12/132,/core/www/modules//sdig/index.php?run_id=110202&search_id=114132&scans_id=110198&peptide_id=18814&scanf=27097&charge=4&value=12/132,sp|O75369|FLNB_HUMAN,/core/www/modules//consensus/?run_id=110202&search_id=114132&scans_id=110198&peptide_id=18814&scanf=27097&charge=4&value=sp|O75369|FLNB_HUMAN,4,/core/www/modules/match_peptides/blast_html4.php?run_id=110202&search_id=114132&scans_id=110198&peptide_id=18814&scanf=27097&charge=4&value=4,R.GQHVTGSPFQFTVGPLGEGGAHK.V,/core/www/modules/show_out/show_out_wrapper.php?run_id=110202&search_id=114132&scans_id=110198&peptide_id=18814&scanf=27097&charge=4&value=R.GQHVTGSPFQFTVGPLGEGGAHK.V,FLNB,3.999e+6,2.130,0.071,1.148,0.002
27100,2,"  2.588","  0.473",11/20,/core/www/modules//sdig/index.php?run_id=110202&search_id=114132&scans_id=110198&peptide_id=18818&scanf=27100&charge=2&value=11/20,sp|P60983|GMFB_HUMAN,/core/www/modules//consensus/?run_id=110202&search_id=114132&scans_id=110198&peptide_id=18818&scanf=27100&charge=2&value=sp|P60983|GMFB_HUMAN,1,/core/www/modules/match_peptides/blast_html4.php?run_id=110202&search_id=114132&scans_id=110198&peptide_id=18818&scanf=27100&charge=2&value=1,R.NTEDLTEEWLR.E,/core/www/modules/show_out/show_out_wrapper.php?run_id=110202&search_id=114132&scans_id=110198&peptide_id=18818&scanf=27100&charge=2&value=R.NTEDLTEEWLR.E,GMFB,4.236e+6,3.060,0.003,2.497,0.000
27102,3,"  6.346","  0.744",24/96,/core/www/modules//sdig/index.php?run_id=110202&search_id=114132&scans_id=110198&peptide_id=18820&scanf=27102&charge=3&value=24/96,sp|Q7KZF4|SND1_HUMAN,/core/www/modules//consensus/?run_id=110202&search_id=114132&scans_id=110198&peptide_id=18820&scanf=27102&charge=3&value=sp|Q7KZF4|SND1_HUMAN,0,/core/www/modules/match_peptides/blast_html4.php?run_id=110202&search_id=114132&scans_id=110198&peptide_id=18820&scanf=27102&charge=3&value=0,K.KVNVTVDYIRPASPATETVPAFSER.T,/core/www/modules/show_out/show_out_wrapper.php?run_id=110202&search_id=114132&scans_id=110198&peptide_id=18820&scanf=27102&charge=3&value=K.KVNVTVDYIRPASPATETVPAFSER.T,SND1,4.414e+6,3.516,0.001,3.172,0.000
27103,3,"  2.349","  0.309",11/44,/core/www/modules//sdig/index.php?run_id=110202&search_id=114132&scans_id=110198&peptide_id=18821&scanf=27103&charge=3&value=11/44,sp|O00178|GTPB1_HUMAN,/core/www/modules//consensus/?run_id=110202&search_id=114132&scans_id=110198&peptide_id=18821&scanf=27103&charge=3&value=sp|O00178|GTPB1_HUMAN,0,/core/www/modules/match_peptides/blast_html4.php?run_id=110202&search_id=114132&scans_id=110198&peptide_id=18821&scanf=27103&charge=3&value=0,K.VITFIDLAGHEK.Y,/core/www/modules/show_out/show_out_wrapper.php?run_id=110202&search_id=114132&scans_id=110198&peptide_id=18821&scanf=27103&charge=3&value=K.VITFIDLAGHEK.Y,GTPBP1,4.036e+6,2.455,0.025,1.609,0.001
27105,2,"  2.316","  0.399",10/16,/core/www/modules//sdig/index.php?run_id=110202&search_id=114132&scans_id=110198&peptide_id=18823&scanf=27105&charge=2&value=10/16,sp|Q8WVM8|SCFD1_HUMAN,/core/www/modules//consensus/?run_id=110202&search_id=114132&scans_id=110198&peptide_id=18823&scanf=27105&charge=2&value=sp|Q8WVM8|SCFD1_HUMAN,12,/core/www/modules/match_peptides/blast_html4.php?run_id=110202&search_id=114132&scans_id=110198&peptide_id=18823&scanf=27105&charge=2&value=12,R.ILDNLMEMK.S,/core/www/modules/show_out/show_out_wrapper.php?run_id=110202&search_id=114132&scans_id=110198&peptide_id=18823&scanf=27105&charge=2&value=R.ILDNLMEMK.S,SCFD1,1.229e+7,2.947,0.005,2.330,0.000
27114,2,"  2.437","  0.389",11/18,/core/www/modules//sdig/index.php?run_id=110202&search_id=114132&scans_id=110198&peptide_id=18832&scanf=27114&charge=2&value=11/18,sp|O00232|PSD12_HUMAN,/core/www/modules//consensus/?run_id=110202&search_id=114132&scans_id=110198&peptide_id=18832&scanf=27114&charge=2&value=sp|O00232|PSD12_HUMAN,0,/core/www/modules/match_peptides/blast_html4.php?run_id=110202&search_id=114132&scans_id=110198&peptide_id=18832&scanf=27114&charge=2&value=0,K.LNSLMSLVNK.T,/core/www/modules/show_out/show_out_wrapper.php?run_id=110202&search_id=114132&scans_id=110198&peptide_id=18832&scanf=27114&charge=2&value=K.LNSLMSLVNK.T,PSMD12,2.048e+7,2.941,0.005,2.321,0.000
27117,2,"  2.969","  0.525",12/18,/core/www/modules//sdig/index.php?run_id=110202&search_id=114132&scans_id=110198&peptide_id=18835&scanf=27117&charge=2&value=12/18,sp|Q15269|PWP2_HUMAN,/core/www/modules//consensus/?run_id=110202&search_id=114132&scans_id=110198&peptide_id=18835&scanf=27117&charge=2&value=sp|Q15269|PWP2_HUMAN,1,/core/www/modules/match_peptides/blast_html4.php?run_id=110202&search_id=114132&scans_id=110198&peptide_id=18835&scanf=27117&charge=2&value=1,R.FSNLLGTVYR.R,/core/www/modules/show_out/show_out_wrapper.php?run_id=110202&search_id=114132&scans_id=110198&peptide_id=18835&scanf=27117&charge=2&value=R.FSNLLGTVYR.R,PWP2,6.777e+6,3.437,0.001,3.055,0.000
27119,3,"  3.125","  0.532",14/36,/core/www/modules//sdig/index.php?run_id=110202&search_id=114132&scans_id=110198&peptide_id=18837&scanf=27119&charge=3&value=14/36,sp|Q6PL18|ATAD2_HUMAN,/core/www/modules//consensus/?run_id=110202&search_id=114132&scans_id=110198&peptide_id=18837&scanf=27119&charge=3&value=sp|Q6PL18|ATAD2_HUMAN,1,/core/www/modules/match_peptides/blast_html4.php?run_id=110202&search_id=114132&scans_id=110198&peptide_id=18837&scanf=27119&charge=3&value=1,K.DNFNFLHLNR.N,/core/www/modules/show_out/show_out_wrapper.php?run_id=110202&search_id=114132&scans_id=110198&peptide_id=18837&scanf=27119&charge=3&value=K.DNFNFLHLNR.N,ATAD2,1.435e+7,3.580,0.001,3.268,0.000
27120,2,"  2.211","  0.316",9/16,/core/www/modules//sdig/index.php?run_id=110202&search_id=114132&scans_id=110198&peptide_id=18839&scanf=27120&charge=2&value=9/16,sp|P40616|ARL1_HUMAN,/core/www/modules//consensus/?run_id=110202&search_id=114132&scans_id=110198&peptide_id=18839&scanf=27120&charge=2&value=sp|P40616|ARL1_HUMAN,2,/core/www/modules/match_peptides/blast_html4.php?run_id=110202&search_id=114132&scans_id=110198&peptide_id=18839&scanf=27120&charge=2&value=2,K.AILVVFANK.Q,/core/www/modules/show_out/show_out_wrapper.php?run_id=110202&search_id=114132&scans_id=110198&peptide_id=18839&scanf=27120&charge=2&value=K.AILVVFANK.Q,ARL1,1.326e+7,2.623,0.014,1.854,0.000
27121,2,"  3.946","  0.693",14/24,/core/www/modules//sdig/index.php?run_id=110202&search_id=114132&scans_id=110198&peptide_id=18840&scanf=27121&charge=2&value=14/24,sp|P61019|RAB2A_HUMAN,/core/www/modules//consensus/?run_id=110202&search_id=114132&scans_id=110198&peptide_id=18840&scanf=27121&charge=2&value=sp|P61019|RAB2A_HUMAN,3,/core/www/modules/match_peptides/blast_html4.php?run_id=110202&search_id=114132&scans_id=110198&peptide_id=18840&scanf=27121&charge=2&value=3,K.LQIWDTAGQESFR.S,/core/www/modules/show_out/show_out_wrapper.php?run_id=110202&search_id=114132&scans_id=110198&peptide_id=18840&scanf=27121&charge=2&value=K.LQIWDTAGQESFR.S,RAB2A,8.530e+6,3.878,0.000,3.708,0.000
27122,2,"  3.015","  0.445",12/22,/core/www/modules//sdig/index.php?run_id=110202&search_id=114132&scans_id=110198&peptide_id=18841&scanf=27122&charge=2&value=12/22,sp|P49748|ACADV_HUMAN,/core/www/modules//consensus/?run_id=110202&search_id=114132&scans_id=110198&peptide_id=18841&scanf=27122&charge=2&value=sp|P49748|ACADV_HUMAN,1,/core/www/modules/match_peptides/blast_html4.php?run_id=110202&search_id=114132&scans_id=110198&peptide_id=18841&scanf=27122&charge=2&value=1,R.FGMAAALAGTMR.G,/core/www/modules/show_out/show_out_wrapper.php?run_id=110202&search_id=114132&scans_id=110198&peptide_id=18841&scanf=27122&charge=2&value=R.FGMAAALAGTMR.G,ACADVL,7.340e+6,2.979,0.004,2.378,0.000
27123,2,"  2.047","  0.213",10/14,/core/www/modules//sdig/index.php?run_id=110202&search_id=114132&scans_id=110198&peptide_id=18842&scanf=27123&charge=2&value=10/14,sp|Q8IX01|SUGP2_HUMAN,/core/www/modules//consensus/?run_id=110202&search_id=114132&scans_id=110198&peptide_id=18842&scanf=27123&charge=2&value=sp|Q8IX01|SUGP2_HUMAN,2,/core/www/modules/match_peptides/blast_html4.php?run_id=110202&search_id=114132&scans_id=110198&peptide_id=18842&scanf=27123&charge=2&value=2,K.IPLGLDLK.N,/core/www/modules/show_out/show_out_wrapper.php?run_id=110202&search_id=114132&scans_id=110198&peptide_id=18842&scanf=27123&charge=2&value=K.IPLGLDLK.N,SUGP2,6.534e+7,2.539,0.019,1.730,0.000
27124,2,"  2.738","  0.582",13/30,/core/www/modules//sdig/index.php?run_id=110202&search_id=114132&scans_id=110198&peptide_id=18843&scanf=27124&charge=2&value=13/30,sp|P12956|XRCC6_HUMAN,/core/www/modules//consensus/?run_id=110202&search_id=114132&scans_id=110198&peptide_id=18843&scanf=27124&charge=2&value=sp|P12956|XRCC6_HUMAN,1,/core/www/modules/match_peptides/blast_html4.php?run_id=110202&search_id=114132&scans_id=110198&peptide_id=18843&scanf=27124&charge=2&value=1,R.TFNTSTGGLLLPSDTK.R,/core/www/modules/show_out/show_out_wrapper.php?run_id=110202&search_id=114132&scans_id=110198&peptide_id=18843&scanf=27124&charge=2&value=R.TFNTSTGGLLLPSDTK.R,XRCC6,6.538e+7,3.277,0.002,2.818,0.000
27125,2,"  4.290","  0.641",16/24,/core/www/modules//sdig/index.php?run_id=110202&search_id=114132&scans_id=110198&peptide_id=18844&scanf=27125&charge=2&value=16/24,sp|Q14839|CHD4_HUMAN,/core/www/modules//consensus/?run_id=110202&search_id=114132&scans_id=110198&peptide_id=18844&scanf=27125&charge=2&value=sp|Q14839|CHD4_HUMAN,22,/core/www/modules/match_peptides/blast_html4.php?run_id=110202&search_id=114132&scans_id=110198&peptide_id=18844&scanf=27125&charge=2&value=22,R.VGGNIEVLGFNAR.Q,/core/www/modules/show_out/show_out_wrapper.php?run_id=110202&search_id=114132&scans_id=110198&peptide_id=18844&scanf=27125&charge=2&value=R.VGGNIEVLGFNAR.Q,CHD4,1.901e+7,3.948,0.000,3.812,0.000
27127,2,"  4.621","  0.703",22/32,/core/www/modules//sdig/index.php?run_id=110202&search_id=114132&scans_id=110198&peptide_id=18846&scanf=27127&charge=2&value=22/32,sp|Q9Y6X4|F169A_HUMAN,/core/www/modules//consensus/?run_id=110202&search_id=114132&scans_id=110198&peptide_id=18846&scanf=27127&charge=2&value=sp|Q9Y6X4|F169A_HUMAN,1,/core/www/modules/match_peptides/blast_html4.php?run_id=110202&search_id=114132&scans_id=110198&peptide_id=18846&scanf=27127&charge=2&value=1,R.TEDNQSSEMQLTIDSLK.D,/core/www/modules/show_out/show_out_wrapper.php?run_id=110202&search_id=114132&scans_id=110198&peptide_id=18846&scanf=27127&charge=2&value=R.TEDNQSSEMQLTIDSLK.D,FAM169A,3.199e+6,3.874,0.000,3.703,0.000
27128,2,"  2.091","  0.230",10/20,/core/www/modules//sdig/index.php?run_id=110202&search_id=114132&scans_id=110198&peptide_id=18847&scanf=27128&charge=2&value=10/20,sp|Q7Z3J2|VP35L_HUMAN,/core/www/modules//consensus/?run_id=110202&search_id=114132&scans_id=110198&peptide_id=18847&scanf=27128&charge=2&value=sp|Q7Z3J2|VP35L_HUMAN,3,/core/www/modules/match_peptides/blast_html4.php?run_id=110202&search_id=114132&scans_id=110198&peptide_id=18847&scanf=27128&charge=2&value=3,K.AAISLVPEVPK.M,/core/www/modules/show_out/show_out_wrapper.php?run_id=110202&search_id=114132&scans_id=110198&peptide_id=18847&scanf=27128&charge=2&value=K.AAISLVPEVPK.M,VPS35L,4.416e+6,2.127,0.072,1.144,0.002
27129,2,"  1.884","  0.000",8/12,/core/www/modules//sdig/index.php?run_id=110202&search_id=114132&scans_id=110198&peptide_id=18848&scanf=27129&charge=2&value=8/12,sp|Q96P16|RPR1A_HUMAN,/core/www/modules//consensus/?run_id=110202&search_id=114132&scans_id=110198&peptide_id=18848&scanf=27129&charge=2&value=sp|Q96P16|RPR1A_HUMAN,0,/core/www/modules/match_peptides/blast_html4.php?run_id=110202&search_id=114132&scans_id=110198&peptide_id=18848&scanf=27129&charge=2&value=0,R.MLADFLR.C,/core/www/modules/show_out/show_out_wrapper.php?run_id=110202&search_id=114132&scans_id=110198&peptide_id=18848&scanf=27129&charge=2&value=R.MLADFLR.C,RPRD1A,3.279e+6,2.775,0.008,2.076,0.000
27132,2,"  2.773","  0.550",12/24,/core/www/modules//sdig/index.php?run_id=110202&search_id=114132&scans_id=110198&peptide_id=18851&scanf=27132&charge=2&value=12/24,sp|P78527|PRKDC_HUMAN,/core/www/modules//consensus/?run_id=110202&search_id=114132&scans_id=110198&peptide_id=18851&scanf=27132&charge=2&value=sp|P78527|PRKDC_HUMAN,1,/core/www/modules/match_peptides/blast_html4.php?run_id=110202&search_id=114132&scans_id=110198&peptide_id=18851&scanf=27132&charge=2&value=1,K.GGSWIQEINVAEK.N,/core/www/modules/show_out/show_out_wrapper.php?run_id=110202&search_id=114132&scans_id=110198&peptide_id=18851&scanf=27132&charge=2&value=K.GGSWIQEINVAEK.N,PRKDC,6.162e+7,4.013,0.000,3.908,0.000
27133,2,"  1.405","  0.380",8/16,/core/www/modules//sdig/index.php?run_id=110202&search_id=114132&scans_id=110198&peptide_id=18852&scanf=27133&charge=2&value=8/16,sp|P11142|HSP7C_HUMAN,/core/www/modules//consensus/?run_id=110202&search_id=114132&scans_id=110198&peptide_id=18852&scanf=27133&charge=2&value=sp|P11142|HSP7C_HUMAN,6,/core/www/modules/match_peptides/blast_html4.php?run_id=110202&search_id=114132&scans_id=110198&peptide_id=18852&scanf=27133&charge=2&value=6,K.LLQDFFNGK.E,/core/www/modules/show_out/show_out_wrapper.php?run_id=110202&search_id=114132&scans_id=110198&peptide_id=18852&scanf=27133&charge=2&value=K.LLQDFFNGK.E,HSPA8,3.097e+7,2.762,0.009,2.057,0.000
27134,2,"  2.275","  0.555",11/18,/core/www/modules//sdig/index.php?run_id=110202&search_id=114132&scans_id=110198&peptide_id=18853&scanf=27134&charge=2&value=11/18,sp|P78347|GTF2I_HUMAN,/core/www/modules//consensus/?run_id=110202&search_id=114132&scans_id=110198&peptide_id=18853&scanf=27134&charge=2&value=sp|P78347|GTF2I_HUMAN,2,/core/www/modules/match_peptides/blast_html4.php?run_id=110202&search_id=114132&scans_id=110198&peptide_id=18853&scanf=27134&charge=2&value=2,R.EFSFEAWNAK.I,/core/www/modules/show_out/show_out_wrapper.php?run_id=110202&search_id=114132&scans_id=110198&peptide_id=18853&scanf=27134&charge=2&value=R.EFSFEAWNAK.I,GTF2I,1.912e+7,3.523,0.001,3.182,0.000
27136,3,"  5.541","  0.722",23/64,/core/www/modules//sdig/index.php?run_id=110202&search_id=114132&scans_id=110198&peptide_id=18855&scanf=27136&charge=3&value=23/64,sp|Q8TDN6|BRX1_HUMAN,/core/www/modules//consensus/?run_id=110202&search_id=114132&scans_id=110198&peptide_id=18855&scanf=27136&charge=3&value=sp|Q8TDN6|BRX1_HUMAN,0,/core/www/modules/match_peptides/blast_html4.php?run_id=110202&search_id=114132&scans_id=110198&peptide_id=18855&scanf=27136&charge=3&value=0,K.QDLYMWLSNSPHGPSAK.F,/core/www/modules/show_out/show_out_wrapper.php?run_id=110202&search_id=114132&scans_id=110198&peptide_id=18855&scanf=27136&charge=3&value=K.QDLYMWLSNSPHGPSAK.F,BRIX1,3.100e+7,4.029,0.000,3.932,0.000
27137,2,"  2.771","  0.435",12/18,/core/www/modules//sdig/index.php?run_id=110202&search_id=114132&scans_id=110198&peptide_id=18856&scanf=27137&charge=2&value=12/18,sp|Q14839|CHD4_HUMAN,/core/www/modules//consensus/?run_id=110202&search_id=114132&scans_id=110198&peptide_id=18856&scanf=27137&charge=2&value=sp|Q14839|CHD4_HUMAN,15,/core/www/modules/match_peptides/blast_html4.php?run_id=110202&search_id=114132&scans_id=110198&peptide_id=18856&scanf=27137&charge=2&value=15,K.QLEELLSDMK.A,/core/www/modules/show_out/show_out_wrapper.php?run_id=110202&search_id=114132&scans_id=110198&peptide_id=18856&scanf=27137&charge=2&value=K.QLEELLSDMK.A,CHD4,1.417e+7,3.185,0.002,2.682,0.000
27138,3,"  2.465","  0.585",14/40,/core/www/modules//sdig/index.php?run_id=110202&search_id=114132&scans_id=110198&peptide_id=18857&scanf=27138&charge=3&value=14/40,sp|O95251|KAT7_HUMAN,/core/www/modules//consensus/?run_id=110202&search_id=114132&scans_id=110198&peptide_id=18857&scanf=27138&charge=3&value=sp|O95251|KAT7_HUMAN,1,/core/www/modules/match_peptides/blast_html4.php?run_id=110202&search_id=114132&scans_id=110198&peptide_id=18857&scanf=27138&charge=3&value=1,K.RQDLIDEWIAK.E,/core/www/modules/show_out/show_out_wrapper.php?run_id=110202&search_id=114132&scans_id=110198&peptide_id=18857&scanf=27138&charge=3&value=K.RQDLIDEWIAK.E,KAT7,1.235e+7,3.301,0.001,2.854,0.000
27140,2,"  2.595","  0.427",10/14,/core/www/modules//sdig/index.php?run_id=110202&search_id=114132&scans_id=110198&peptide_id=18860&scanf=27140&charge=2&value=10/14,sp|P38117|ETFB_HUMAN,/core/www/modules//consensus/?run_id=110202&search_id=114132&scans_id=110198&peptide_id=18860&scanf=27140&charge=2&value=sp|P38117|ETFB_HUMAN,0,/core/www/modules/match_peptides/blast_html4.php?run_id=110202&search_id=114132&scans_id=110198&peptide_id=18860&scanf=27140&charge=2&value=0,K.VDLVLLGK.Q,/core/www/modules/show_out/show_out_wrapper.php?run_id=110202&search_id=114132&scans_id=110198&peptide_id=18860&scanf=27140&charge=2&value=K.VDLVLLGK.Q,ETFB,5.588e+6,3.261,0.002,2.794,0.000
27141,3,"  6.252","  0.613",21/80,/core/www/modules//sdig/index.php?run_id=110202&search_id=114132&scans_id=110198&peptide_id=18861&scanf=27141&charge=3&value=21/80,sp|P50453|SPB9_HUMAN,/core/www/modules//consensus/?run_id=110202&search_id=114132&scans_id=110198&peptide_id=18861&scanf=27141&charge=3&value=sp|P50453|SPB9_HUMAN,0,/core/www/modules/match_peptides/blast_html4.php?run_id=110202&search_id=114132&scans_id=110198&peptide_id=18861&scanf=27141&charge=3&value=0,K.GNTATQMAQALSLNTEEDIHR.A,/core/www/modules/show_out/show_out_wrapper.php?run_id=110202&search_id=114132&scans_id=110198&peptide_id=18861&scanf=27141&charge=3&value=K.GNTATQMAQALSLNTEEDIHR.A,SERPINB9,3.479e+6,3.418,0.001,3.027,0.000
27143,2,"  2.169","  0.479",8/14,/core/www/modules//sdig/index.php?run_id=110202&search_id=114132&scans_id=110198&peptide_id=18863&scanf=27143&charge=2&value=8/14,sp|Q12873|CHD3_HUMAN,/core/www/modules//consensus/?run_id=110202&search_id=114132&scans_id=110198&peptide_id=18863&scanf=27143&charge=2&value=sp|Q12873|CHD3_HUMAN,24,/core/www/modules/match_peptides/blast_html4.php?run_id=110202&search_id=114132&scans_id=110198&peptide_id=18863&scanf=27143&charge=2&value=24,K.AYVSLFMR.H,/core/www/modules/show_out/show_out_wrapper.php?run_id=110202&search_id=114132&scans_id=110198&peptide_id=18863&scanf=27143&charge=2&value=K.AYVSLFMR.H,CHD3,6.216e+6,3.242,0.002,2.765,0.000
27146,2,"  1.399","  0.221",7/12,/core/www/modules//sdig/index.php?run_id=110202&search_id=114132&scans_id=110198&peptide_id=18866&scanf=27146&charge=2&value=7/12,sp|P24928|RPB1_HUMAN,/core/www/modules//consensus/?run_id=110202&search_id=114132&scans_id=110198&peptide_id=18866&scanf=27146&charge=2&value=sp|P24928|RPB1_HUMAN,1,/core/www/modules/match_peptides/blast_html4.php?run_id=110202&search_id=114132&scans_id=110198&peptide_id=18866&scanf=27146&charge=2&value=1,R.ISPWLLR.V,/core/www/modules/show_out/show_out_wrapper.php?run_id=110202&search_id=114132&scans_id=110198&peptide_id=18866&scanf=27146&charge=2&value=R.ISPWLLR.V,POLR2A,6.043e+6,2.372,0.032,1.489,0.001
27147,3,"  2.207","  0.176",10/40,/core/www/modules//sdig/index.php?run_id=110202&search_id=114132&scans_id=110198&peptide_id=18867&scanf=27147&charge=3&value=10/40,sp|O00541|PESC_HUMAN,/core/www/modules//consensus/?run_id=110202&search_id=114132&scans_id=110198&peptide_id=18867&scanf=27147&charge=3&value=sp|O00541|PESC_HUMAN,1,/core/www/modules/match_peptides/blast_html4.php?run_id=110202&search_id=114132&scans_id=110198&peptide_id=18867&scanf=27147&charge=3&value=1,K.ERYPTFIDALR.D,/core/www/modules/show_out/show_out_wrapper.php?run_id=110202&search_id=114132&scans_id=110198&peptide_id=18867&scanf=27147&charge=3&value=K.ERYPTFIDALR.D,PES1,5.731e+6,1.855,0.164,0.786,0.009
27149,3,"  2.934","  0.265",7/64,/core/www/modules//sdig/index.php?run_id=110202&search_id=114132&scans_id=110198&peptide_id=18869&scanf=27149&charge=3&value=7/64,sp|O95251|KAT7_HUMAN,/core/www/modules//consensus/?run_id=110202&search_id=114132&scans_id=110198&peptide_id=18869&scanf=27149&charge=3&value=sp|O95251|KAT7_HUMAN,2,/core/www/modules/match_peptides/blast_html4.php?run_id=110202&search_id=114132&scans_id=110198&peptide_id=18869&scanf=27149&charge=3&value=2,R.YELDTWYHSPYPEEYAR.L,/core/www/modules/show_out/show_out_wrapper.php?run_id=110202&search_id=114132&scans_id=110198&peptide_id=18869&scanf=27149&charge=3&value=R.YELDTWYHSPYPEEYAR.L,KAT7,2.936e+6,1.903,0.143,0.846,0.007
27151,2,"  1.605","  0.259",8/20,/core/www/modules//sdig/index.php?run_id=110202&search_id=114132&scans_id=110198&peptide_id=18871&scanf=27151&charge=2&value=8/20,sp|Q10713|MPPA_HUMAN,/core/www/modules//consensus/?run_id=110202&search_id=114132&scans_id=110198&peptide_id=18871&scanf=27151&charge=2&value=sp|Q10713|MPPA_HUMAN,0,/core/www/modules/match_peptides/blast_html4.php?run_id=110202&search_id=114132&scans_id=110198&peptide_id=18871&scanf=27151&charge=2&value=0,K.YLSGIAHFLEK.L,/core/www/modules/show_out/show_out_wrapper.php?run_id=110202&search_id=114132&scans_id=110198&peptide_id=18871&scanf=27151&charge=2&value=K.YLSGIAHFLEK.L,PMPCA,4.180e+6,1.898,0.145,0.839,0.007
27153,3,"  1.562","  0.268",13/56,/core/www/modules//sdig/index.php?run_id=110202&search_id=114132&scans_id=110198&peptide_id=18872&scanf=27153&charge=3&value=13/56,sp|O60264|SMCA5_HUMAN,/core/www/modules//consensus/?run_id=110202&search_id=114132&scans_id=110198&peptide_id=18872&scanf=27153&charge=3&value=sp|O60264|SMCA5_HUMAN,0,/core/www/modules/match_peptides/blast_html4.php?run_id=110202&search_id=114132&scans_id=110198&peptide_id=18872&scanf=27153&charge=3&value=0,K.QTELFAHFIQPAAQK.T,/core/www/modules/show_out/show_out_wrapper.php?run_id=110202&search_id=114132&scans_id=110198&peptide_id=18872&scanf=27153&charge=3&value=K.QTELFAHFIQPAAQK.T,SMARCA5,2.276e+7,2.431,0.027,1.575,0.001
27155,2,"  2.078","  0.417",11/18,/core/www/modules//sdig/index.php?run_id=110202&search_id=114132&scans_id=110198&peptide_id=18874&scanf=27155&charge=2&value=11/18,sp|O43399|TPD54_HUMAN,/core/www/modules//consensus/?run_id=110202&search_id=114132&scans_id=110198&peptide_id=18874&scanf=27155&charge=2&value=sp|O43399|TPD54_HUMAN,2,/core/www/modules/match_peptides/blast_html4.php?run_id=110202&search_id=114132&scans_id=110198&peptide_id=18874&scanf=27155&charge=2&value=2,R.LGLSTLGELK.Q,/core/www/modules/show_out/show_out_wrapper.php?run_id=110202&search_id=114132&scans_id=110198&peptide_id=18874&scanf=27155&charge=2&value=R.LGLSTLGELK.Q,TPD52L2,1.024e+7,2.977,0.004,2.374,0.000
27156,2,"  1.855","  0.373",9/14,/core/www/modules//sdig/index.php?run_id=110202&search_id=114132&scans_id=110198&peptide_id=18875&scanf=27156&charge=2&value=9/14,sp|Q05D32|CTSL2_HUMAN,/core/www/modules//consensus/?run_id=110202&search_id=114132&scans_id=110198&peptide_id=18875&scanf=27156&charge=2&value=sp|Q05D32|CTSL2_HUMAN,0,/core/www/modules/match_peptides/blast_html4.php?run_id=110202&search_id=114132&scans_id=110198&peptide_id=18875&scanf=27156&charge=2&value=0,K.LLNILDPK.K,/core/www/modules/show_out/show_out_wrapper.php?run_id=110202&search_id=114132&scans_id=110198&peptide_id=18875&scanf=27156&charge=2&value=K.LLNILDPK.K,CTDSPL2,1.175e+7,2.803,0.008,2.117,0.000
27158,3,"  3.232","  0.623",16/48,/core/www/modules//sdig/index.php?run_id=110202&search_id=114132&scans_id=110198&peptide_id=18877&scanf=27158&charge=3&value=16/48,sp|Q9Y262|EIF3L_HUMAN,/core/www/modules//consensus/?run_id=110202&search_id=114132&scans_id=110198&peptide_id=18877&scanf=27158&charge=3&value=sp|Q9Y262|EIF3L_HUMAN,2,/core/www/modules/match_peptides/blast_html4.php?run_id=110202&search_id=114132&scans_id=110198&peptide_id=18877&scanf=27158&charge=3&value=2,R.LHSLLGDYYQAIK.V,/core/www/modules/show_out/show_out_wrapper.php?run_id=110202&search_id=114132&scans_id=110198&peptide_id=18877&scanf=27158&charge=3&value=R.LHSLLGDYYQAIK.V,EIF3L,1.554e+7,3.681,0.000,3.417,0.000
27159,2,"  2.036","  0.318",8/16,/core/www/modules//sdig/index.php?run_id=110202&search_id=114132&scans_id=110198&peptide_id=18878&scanf=27159&charge=2&value=8/16,sp|P52756|RBM5_HUMAN,/core/www/modules//consensus/?run_id=110202&search_id=114132&scans_id=110198&peptide_id=18878&scanf=27159&charge=2&value=sp|P52756|RBM5_HUMAN,0,/core/www/modules/match_peptides/blast_html4.php?run_id=110202&search_id=114132&scans_id=110198&peptide_id=18878&scanf=27159&charge=2&value=0,R.QQLIPELVR.N,/core/www/modules/show_out/show_out_wrapper.php?run_id=110202&search_id=114132&scans_id=110198&peptide_id=18878&scanf=27159&charge=2&value=R.QQLIPELVR.N,RBM5,5.478e+6,2.495,0.022,1.667,0.001
27160,4,"  9.071","  0.727",34/186,/core/www/modules//sdig/index.php?run_id=110202&search_id=114132&scans_id=110198&peptide_id=18880&scanf=27160&charge=4&value=34/186,sp|Q14151|SAFB2_HUMAN,/core/www/modules//consensus/?run_id=110202&search_id=114132&scans_id=110198&peptide_id=18880&scanf=27160&charge=4&value=sp|Q14151|SAFB2_HUMAN,1,/core/www/modules/match_peptides/blast_html4.php?run_id=110202&search_id=114132&scans_id=110198&peptide_id=18880&scanf=27160&charge=4&value=1,K.LAEEEDLFDSAHPEEGDLDLASESTAHAQSSK.A,/core/www/modules/show_out/show_out_wrapper.php?run_id=110202&search_id=114132&scans_id=110198&peptide_id=18880&scanf=27160&charge=4&value=K.LAEEEDLFDSAHPEEGDLDLASESTAHAQSSK.A,SAFB2,7.488e+6,4.011,0.000,3.906,0.000
27161,3,"  3.273","  0.410",15/56,/core/www/modules//sdig/index.php?run_id=110202&search_id=114132&scans_id=110198&peptide_id=18881&scanf=27161&charge=3&value=15/56,sp|Q99729|ROAA_HUMAN,/core/www/modules//consensus/?run_id=110202&search_id=114132&scans_id=110198&peptide_id=18881&scanf=27161&charge=3&value=sp|Q99729|ROAA_HUMAN,3,/core/www/modules/match_peptides/blast_html4.php?run_id=110202&search_id=114132&scans_id=110198&peptide_id=18881&scanf=27161&charge=3&value=3,R.GFVFITFKEEEPVKK.V,/core/www/modules/show_out/show_out_wrapper.php?run_id=110202&search_id=114132&scans_id=110198&peptide_id=18881&scanf=27161&charge=3&value=R.GFVFITFKEEEPVKK.V,HNRNPAB,4.584e+6,2.279,0.044,1.356,0.001
27162,2,"  2.597","  0.627",17/30,/core/www/modules//sdig/index.php?run_id=110202&search_id=114132&scans_id=110198&peptide_id=18882&scanf=27162&charge=2&value=17/30,sp|Q15149|PLEC_HUMAN,/core/www/modules//consensus/?run_id=110202&search_id=114132&scans_id=110198&peptide_id=18882&scanf=27162&charge=2&value=sp|Q15149|PLEC_HUMAN,5,/core/www/modules/match_peptides/blast_html4.php?run_id=110202&search_id=114132&scans_id=110198&peptide_id=18882&scanf=27162&charge=2&value=5,R.LLDAQLSTGGIVDPSK.S,/core/www/modules/show_out/show_out_wrapper.php?run_id=110202&search_id=114132&scans_id=110198&peptide_id=18882&scanf=27162&charge=2&value=R.LLDAQLSTGGIVDPSK.S,PLEC,1.228e+7,3.959,0.000,3.829,0.000
27163,2,"  2.002","  0.155",8/12,/core/www/modules//sdig/index.php?run_id=110202&search_id=114132&scans_id=110198&peptide_id=18883&scanf=27163&charge=2&value=8/12,sp|Q9H583|HEAT1_HUMAN,/core/www/modules//consensus/?run_id=110202&search_id=114132&scans_id=110198&peptide_id=18883&scanf=27163&charge=2&value=sp|Q9H583|HEAT1_HUMAN,0,/core/www/modules/match_peptides/blast_html4.php?run_id=110202&search_id=114132&scans_id=110198&peptide_id=18883&scanf=27163&charge=2&value=0,K.SLDIFIK.A,/core/www/modules/show_out/show_out_wrapper.php?run_id=110202&search_id=114132&scans_id=110198&peptide_id=18883&scanf=27163&charge=2&value=K.SLDIFIK.A,HEATR1,4.112e+6,2.219,0.053,1.272,0.002
27164,3,"  3.498","  0.443",15/44,/core/www/modules//sdig/index.php?run_id=110202&search_id=114132&scans_id=110198&peptide_id=18884&scanf=27164&charge=3&value=15/44,sp|Q7L2J0|MEPCE_HUMAN,/core/www/modules//consensus/?run_id=110202&search_id=114132&scans_id=110198&peptide_id=18884&scanf=27164&charge=3&value=sp|Q7L2J0|MEPCE_HUMAN,1,/core/www/modules/match_peptides/blast_html4.php?run_id=110202&search_id=114132&scans_id=110198&peptide_id=18884&scanf=27164&charge=3&value=1,K.WVHLNWGDEGLK.R,/core/www/modules/show_out/show_out_wrapper.php?run_id=110202&search_id=114132&scans_id=110198&peptide_id=18884&scanf=27164&charge=3&value=K.WVHLNWGDEGLK.R,MEPCE,6.572e+6,3.014,0.004,2.429,0.000
27167,2,"  3.202","  0.531",13/18,/core/www/modules//sdig/index.php?run_id=110202&search_id=114132&scans_id=110198&peptide_id=18887&scanf=27167&charge=2&value=13/18,sp|Q96SY0|INT14_HUMAN,/core/www/modules//consensus/?run_id=110202&search_id=114132&scans_id=110198&peptide_id=18887&scanf=27167&charge=2&value=sp|Q96SY0|INT14_HUMAN,3,/core/www/modules/match_peptides/blast_html4.php?run_id=110202&search_id=114132&scans_id=110198&peptide_id=18887&scanf=27167&charge=2&value=3,R.HLVLPIALNK.E,/core/www/modules/show_out/show_out_wrapper.php?run_id=110202&search_id=114132&scans_id=110198&peptide_id=18887&scanf=27167&charge=2&value=R.HLVLPIALNK.E,INTS14,3.276e+6,3.574,0.001,3.258,0.000
27168,3,"  7.197","  0.704",27/100,/core/www/modules//sdig/index.php?run_id=110202&search_id=114132&scans_id=110198&peptide_id=18888&scanf=27168&charge=3&value=27/100,sp|P12814|ACTN1_HUMAN,/core/www/modules//consensus/?run_id=110202&search_id=114132&scans_id=110198&peptide_id=18888&scanf=27168&charge=3&value=sp|P12814|ACTN1_HUMAN,10,/core/www/modules/match_peptides/blast_html4.php?run_id=110202&search_id=114132&scans_id=110198&peptide_id=18888&scanf=27168&charge=3&value=10,K.IVQTYHVNMAGTNPYTTITPQEINGK.W,/core/www/modules/show_out/show_out_wrapper.php?run_id=110202&search_id=114132&scans_id=110198&peptide_id=18888&scanf=27168&charge=3&value=K.IVQTYHVNMAGTNPYTTITPQEINGK.W,ACTN1,3.415e+6,3.740,0.000,3.505,0.000
27177,2,"  3.388","  0.440",11/18,/core/www/modules//sdig/index.php?run_id=110202&search_id=114132&scans_id=110198&peptide_id=18897&scanf=27177&charge=2&value=11/18,sp|Q9NTI5|PDS5B_HUMAN,/core/www/modules//consensus/?run_id=110202&search_id=114132&scans_id=110198&peptide_id=18897&scanf=27177&charge=2&value=sp|Q9NTI5|PDS5B_HUMAN,0,/core/www/modules/match_peptides/blast_html4.php?run_id=110202&search_id=114132&scans_id=110198&peptide_id=18897&scanf=27177&charge=2&value=0,K.VAEAALQIFK.N,/core/www/modules/show_out/show_out_wrapper.php?run_id=110202&search_id=114132&scans_id=110198&peptide_id=18897&scanf=27177&charge=2&value=K.VAEAALQIFK.N,PDS5B,1.976e+7,3.225,0.002,2.741,0.000
27178,3,"  2.529","  0.409",10/52,/core/www/modules//sdig/index.php?run_id=110202&search_id=114132&scans_id=110198&peptide_id=18898&scanf=27178&charge=3&value=10/52,sp|Q14980|NUMA1_HUMAN,/core/www/modules//consensus/?run_id=110202&search_id=114132&scans_id=110198&peptide_id=18898&scanf=27178&charge=3&value=sp|Q14980|NUMA1_HUMAN,1,/core/www/modules/match_peptides/blast_html4.php?run_id=110202&search_id=114132&scans_id=110198&peptide_id=18898&scanf=27178&charge=3&value=1,R.DSALETLQGQLEEK.A,/core/www/modules/show_out/show_out_wrapper.php?run_id=110202&search_id=114132&scans_id=110198&peptide_id=18898&scanf=27178&charge=3&value=R.DSALETLQGQLEEK.A,NUMA1,2.326e+6,2.868,0.006,2.213,0.000
27180,3,"  4.070","  0.561",11/56,/core/www/modules//sdig/index.php?run_id=110202&search_id=114132&scans_id=110198&peptide_id=18901&scanf=27180&charge=3&value=11/56,sp|P61019|RAB2A_HUMAN,/core/www/modules//consensus/?run_id=110202&search_id=114132&scans_id=110198&peptide_id=18901&scanf=27180&charge=3&value=sp|P61019|RAB2A_HUMAN,2,/core/www/modules/match_peptides/blast_html4.php?run_id=110202&search_id=114132&scans_id=110198&peptide_id=18901&scanf=27180&charge=3&value=2,R.QHSNSNMVIMLIGNK.S,/core/www/modules/show_out/show_out_wrapper.php?run_id=110202&search_id=114132&scans_id=110198&peptide_id=18901&scanf=27180&charge=3&value=R.QHSNSNMVIMLIGNK.S,RAB2A,3.619e+6,3.203,0.002,2.709,0.000
27181,2,"  1.722","  0.264",8/18,/core/www/modules//sdig/index.php?run_id=110202&search_id=114132&scans_id=110198&peptide_id=18902&scanf=27181&charge=2&value=8/18,sp|Q9UHD8|SEPT9_HUMAN,/core/www/modules//consensus/?run_id=110202&search_id=114132&scans_id=110198&peptide_id=18902&scanf=27181&charge=2&value=sp|Q9UHD8|SEPT9_HUMAN,3,/core/www/modules/match_peptides/blast_html4.php?run_id=110202&search_id=114132&scans_id=110198&peptide_id=18902&scanf=27181&charge=2&value=3,K.VVNIVPVIAK.A,/core/www/modules/show_out/show_out_wrapper.php?run_id=110202&search_id=114132&scans_id=110198&peptide_id=18902&scanf=27181&charge=2&value=K.VVNIVPVIAK.A,SEPTIN9,6.487e+6,2.186,0.059,1.226,0.002
27182,3,"  2.567","  0.353",13/36,/core/www/modules//sdig/index.php?run_id=110202&search_id=114132&scans_id=110198&peptide_id=18903&scanf=27182&charge=3&value=13/36,sp|Q9BZZ5|API5_HUMAN,/core/www/modules//consensus/?run_id=110202&search_id=114132&scans_id=110198&peptide_id=18903&scanf=27182&charge=3&value=sp|Q9BZZ5|API5_HUMAN,1,/core/www/modules/match_peptides/blast_html4.php?run_id=110202&search_id=114132&scans_id=110198&peptide_id=18903&scanf=27182&charge=3&value=1,K.DLFHIPPSYK.S,/core/www/modules/show_out/show_out_wrapper.php?run_id=110202&search_id=114132&scans_id=110198&peptide_id=18903&scanf=27182&charge=3&value=K.DLFHIPPSYK.S,API5,8.659e+6,2.921,0.005,2.292,0.000
27183,3,"  5.234","  0.657",25/72,/core/www/modules//sdig/index.php?run_id=110202&search_id=114132&scans_id=110198&peptide_id=18904&scanf=27183&charge=3&value=25/72,sp|Q6P2Q9|PRP8_HUMAN,/core/www/modules//consensus/?run_id=110202&search_id=114132&scans_id=110198&peptide_id=18904&scanf=27183&charge=3&value=sp|Q6P2Q9|PRP8_HUMAN,1,/core/www/modules/match_peptides/blast_html4.php?run_id=110202&search_id=114132&scans_id=110198&peptide_id=18904&scanf=27183&charge=3&value=1,R.EELGLIEQAYDNPHEALSR.I,/core/www/modules/show_out/show_out_wrapper.php?run_id=110202&search_id=114132&scans_id=110198&peptide_id=18904&scanf=27183&charge=3&value=R.EELGLIEQAYDNPHEALSR.I,PRPF8,2.589e+7,4.016,0.000,3.913,0.000
27192,2,"  2.192","  0.266",9/14,/core/www/modules//sdig/index.php?run_id=110202&search_id=114132&scans_id=110198&peptide_id=18914&scanf=27192&charge=2&value=9/14,sp|P38159|RBMX_HUMAN,/core/www/modules//consensus/?run_id=110202&search_id=114132&scans_id=110198&peptide_id=18914&scanf=27192&charge=2&value=sp|P38159|RBMX_HUMAN,4,/core/www/modules/match_peptides/blast_html4.php?run_id=110202&search_id=114132&scans_id=110198&peptide_id=18914&scanf=27192&charge=2&value=4,R.IVEVLLM*K.D,/core/www/modules/show_out/show_out_wrapper.php?run_id=110202&search_id=114132&scans_id=110198&peptide_id=18914&scanf=27192&charge=2&value=R.IVEVLLM*K.D,RBMX,3.440e+6,2.836,0.007,2.166,0.000
27195,2,"  1.758","  0.312",9/18,/core/www/modules//sdig/index.php?run_id=110202&search_id=114132&scans_id=110198&peptide_id=18916&scanf=27195&charge=2&value=9/18,sp|P53621|COPA_HUMAN,/core/www/modules//consensus/?run_id=110202&search_id=114132&scans_id=110198&peptide_id=18916&scanf=27195&charge=2&value=sp|P53621|COPA_HUMAN,4,/core/www/modules/match_peptides/blast_html4.php?run_id=110202&search_id=114132&scans_id=110198&peptide_id=18916&scanf=27195&charge=2&value=4,R.VLTIDPTEFK.F,/core/www/modules/show_out/show_out_wrapper.php?run_id=110202&search_id=114132&scans_id=110198&peptide_id=18916&scanf=27195&charge=2&value=R.VLTIDPTEFK.F,COPA,2.209e+7,2.577,0.016,1.786,0.000
27196,2,"  3.411","  0.471",13/18,/core/www/modules//sdig/index.php?run_id=110202&search_id=114132&scans_id=110198&peptide_id=18917&scanf=27196&charge=2&value=13/18,sp|Q9NTI5|PDS5B_HUMAN,/core/www/modules//consensus/?run_id=110202&search_id=114132&scans_id=110198&peptide_id=18917&scanf=27196&charge=2&value=sp|Q9NTI5|PDS5B_HUMAN,0,/core/www/modules/match_peptides/blast_html4.php?run_id=110202&search_id=114132&scans_id=110198&peptide_id=18917&scanf=27196&charge=2&value=0,K.VAEAALQIFK.N,/core/www/modules/show_out/show_out_wrapper.php?run_id=110202&search_id=114132&scans_id=110198&peptide_id=18917&scanf=27196&charge=2&value=K.VAEAALQIFK.N,PDS5B,1.976e+7,3.482,0.001,3.122,0.000
27198,2,"  1.333","  0.473",7/14,/core/www/modules//sdig/index.php?run_id=110202&search_id=114132&scans_id=110198&peptide_id=18919&scanf=27198&charge=2&value=7/14,sp|P22314|UBA1_HUMAN,/core/www/modules//consensus/?run_id=110202&search_id=114132&scans_id=110198&peptide_id=18919&scanf=27198&charge=2&value=sp|P22314|UBA1_HUMAN,1,/core/www/modules/match_peptides/blast_html4.php?run_id=110202&search_id=114132&scans_id=110198&peptide_id=18919&scanf=27198&charge=2&value=1,R.DEFEGLFK.Q,/core/www/modules/show_out/show_out_wrapper.php?run_id=110202&search_id=114132&scans_id=110198&peptide_id=18919&scanf=27198&charge=2&value=R.DEFEGLFK.Q,UBA1,1.007e+7,3.040,0.003,2.467,0.000
27200,2,"  2.754","  0.306",10/14,/core/www/modules//sdig/index.php?run_id=110202&search_id=114132&scans_id=110198&peptide_id=18922&scanf=27200&charge=2&value=10/14,sp|Q6P2Q9|PRP8_HUMAN,/core/www/modules//consensus/?run_id=110202&search_id=114132&scans_id=110198&peptide_id=18922&scanf=27200&charge=2&value=sp|Q6P2Q9|PRP8_HUMAN,1,/core/www/modules/match_peptides/blast_html4.php?run_id=110202&search_id=114132&scans_id=110198&peptide_id=18922&scanf=27200&charge=2&value=1,K.IDLTLLNR.L,/core/www/modules/show_out/show_out_wrapper.php?run_id=110202&search_id=114132&scans_id=110198&peptide_id=18922&scanf=27200&charge=2&value=K.IDLTLLNR.L,PRPF8,3.590e+7,3.184,0.002,2.680,0.000
27203,2,"  2.447","  0.320",9/14,/core/www/modules//sdig/index.php?run_id=110202&search_id=114132&scans_id=110198&peptide_id=18925&scanf=27203&charge=2&value=9/14,sp|Q07157|ZO1_HUMAN,/core/www/modules//consensus/?run_id=110202&search_id=114132&scans_id=110198&peptide_id=18925&scanf=27203&charge=2&value=sp|Q07157|ZO1_HUMAN,5,/core/www/modules/match_peptides/blast_html4.php?run_id=110202&search_id=114132&scans_id=110198&peptide_id=18925&scanf=27203&charge=2&value=5,K.LGSWLAIR.I,/core/www/modules/show_out/show_out_wrapper.php?run_id=110202&search_id=114132&scans_id=110198&peptide_id=18925&scanf=27203&charge=2&value=K.LGSWLAIR.I,TJP1,4.405e+6,2.781,0.008,2.085,0.000
27211,2,"  3.129","  0.531",11/22,/core/www/modules//sdig/index.php?run_id=110202&search_id=114132&scans_id=110198&peptide_id=18934&scanf=27211&charge=2&value=11/22,sp|Q02880|TOP2B_HUMAN,/core/www/modules//consensus/?run_id=110202&search_id=114132&scans_id=110198&peptide_id=18934&scanf=27211&charge=2&value=sp|Q02880|TOP2B_HUMAN,4,/core/www/modules/match_peptides/blast_html4.php?run_id=110202&search_id=114132&scans_id=110198&peptide_id=18934&scanf=27211&charge=2&value=4,K.SLAVSGLGVIGR.D,/core/www/modules/show_out/show_out_wrapper.php?run_id=110202&search_id=114132&scans_id=110198&peptide_id=18934&scanf=27211&charge=2&value=K.SLAVSGLGVIGR.D,TOP2B,4.642e+7,3.258,0.002,2.790,0.000
27212,3,"  3.053","  0.391",16/76,/core/www/modules//sdig/index.php?run_id=110202&search_id=114132&scans_id=110198&peptide_id=18935&scanf=27212&charge=3&value=16/76,sp|Q6PKG0|LARP1_HUMAN,/core/www/modules//consensus/?run_id=110202&search_id=114132&scans_id=110198&peptide_id=18935&scanf=27212&charge=3&value=sp|Q6PKG0|LARP1_HUMAN,2,/core/www/modules/match_peptides/blast_html4.php?run_id=110202&search_id=114132&scans_id=110198&peptide_id=18935&scanf=27212&charge=3&value=2,K.DFQEETVKDYEAGQLYGLEK.F,/core/www/modules/show_out/show_out_wrapper.php?run_id=110202&search_id=114132&scans_id=110198&peptide_id=18935&scanf=27212&charge=3&value=K.DFQEETVKDYEAGQLYGLEK.F,LARP1,1.853e+6,2.162,0.064,1.192,0.002
27213,3,"  3.631","  0.531",19/44,/core/www/modules//sdig/index.php?run_id=110202&search_id=114132&scans_id=110198&peptide_id=18936&scanf=27213&charge=3&value=19/44,sp|O95793|STAU1_HUMAN,/core/www/modules//consensus/?run_id=110202&search_id=114132&scans_id=110198&peptide_id=18936&scanf=27213&charge=3&value=sp|O95793|STAU1_HUMAN,2,/core/www/modules/match_peptides/blast_html4.php?run_id=110202&search_id=114132&scans_id=110198&peptide_id=18936&scanf=27213&charge=3&value=2,K.NAAIAVLEELKK.L,/core/www/modules/show_out/show_out_wrapper.php?run_id=110202&search_id=114132&scans_id=110198&peptide_id=18936&scanf=27213&charge=3&value=K.NAAIAVLEELKK.L,STAU1,2.762e+7,3.378,0.001,2.967,0.000
27216,2,"  2.794","  0.318",10/14,/core/www/modules//sdig/index.php?run_id=110202&search_id=114132&scans_id=110198&peptide_id=18938&scanf=27216&charge=2&value=10/14,sp|Q6P2Q9|PRP8_HUMAN,/core/www/modules//consensus/?run_id=110202&search_id=114132&scans_id=110198&peptide_id=18938&scanf=27216&charge=2&value=sp|Q6P2Q9|PRP8_HUMAN,1,/core/www/modules/match_peptides/blast_html4.php?run_id=110202&search_id=114132&scans_id=110198&peptide_id=18938&scanf=27216&charge=2&value=1,K.IDLTLLNR.L,/core/www/modules/show_out/show_out_wrapper.php?run_id=110202&search_id=114132&scans_id=110198&peptide_id=18938&scanf=27216&charge=2&value=K.IDLTLLNR.L,PRPF8,3.590e+7,3.144,0.002,2.621,0.000
27217,2,"  2.584","  0.388",11/18,/core/www/modules//sdig/index.php?run_id=110202&search_id=114132&scans_id=110198&peptide_id=18939&scanf=27217&charge=2&value=11/18,sp|P00558|PGK1_HUMAN,/core/www/modules//consensus/?run_id=110202&search_id=114132&scans_id=110198&peptide_id=18939&scanf=27217&charge=2&value=sp|P00558|PGK1_HUMAN,0,/core/www/modules/match_peptides/blast_html4.php?run_id=110202&search_id=114132&scans_id=110198&peptide_id=18939&scanf=27217&charge=2&value=0,K.IQLINNMLDK.V,/core/www/modules/show_out/show_out_wrapper.php?run_id=110202&search_id=114132&scans_id=110198&peptide_id=18939&scanf=27217&charge=2&value=K.IQLINNMLDK.V,PGK1,1.732e+7,2.916,0.005,2.284,0.000
27220,3,"  4.787","  0.562",21/72,/core/www/modules//sdig/index.php?run_id=110202&search_id=114132&scans_id=110198&peptide_id=18943&scanf=27220&charge=3&value=21/72,sp|Q15149|PLEC_HUMAN,/core/www/modules//consensus/?run_id=110202&search_id=114132&scans_id=110198&peptide_id=18943&scanf=27220&charge=3&value=sp|Q15149|PLEC_HUMAN,5,/core/www/modules/match_peptides/blast_html4.php?run_id=110202&search_id=114132&scans_id=110198&peptide_id=18943&scanf=27220&charge=3&value=5,R.LEDLLQDAQDEKEQLNEYK.G,/core/www/modules/show_out/show_out_wrapper.php?run_id=110202&search_id=114132&scans_id=110198&peptide_id=18943&scanf=27220&charge=3&value=R.LEDLLQDAQDEKEQLNEYK.G,PLEC,1.004e+7,3.408,0.001,3.011,0.000
27221,3,"  3.245","  0.344",11/56,/core/www/modules//sdig/index.php?run_id=110202&search_id=114132&scans_id=110198&peptide_id=18944&scanf=27221&charge=3&value=11/56,sp|Q9H9Y6|RPA2_HUMAN,/core/www/modules//consensus/?run_id=110202&search_id=114132&scans_id=110198&peptide_id=18944&scanf=27221&charge=3&value=sp|Q9H9Y6|RPA2_HUMAN,0,/core/www/modules/match_peptides/blast_html4.php?run_id=110202&search_id=114132&scans_id=110198&peptide_id=18944&scanf=27221&charge=3&value=0,R.DALLAHGTSFLLHDR.L,/core/www/modules/show_out/show_out_wrapper.php?run_id=110202&search_id=114132&scans_id=110198&peptide_id=18944&scanf=27221&charge=3&value=R.DALLAHGTSFLLHDR.L,POLR1B,7.275e+6,2.449,0.025,1.601,0.001
27222,2,"  2.349","  0.525",12/22,/core/www/modules//sdig/index.php?run_id=110202&search_id=114132&scans_id=110198&peptide_id=18945&scanf=27222&charge=2&value=12/22,sp|P26196|DDX6_HUMAN,/core/www/modules//consensus/?run_id=110202&search_id=114132&scans_id=110198&peptide_id=18945&scanf=27222&charge=2&value=sp|P26196|DDX6_HUMAN,0,/core/www/modules/match_peptides/blast_html4.php?run_id=110202&search_id=114132&scans_id=110198&peptide_id=18945&scanf=27222&charge=2&value=0,K.DNIQAMVIVPTR.E,/core/www/modules/show_out/show_out_wrapper.php?run_id=110202&search_id=114132&scans_id=110198&peptide_id=18945&scanf=27222&charge=2&value=K.DNIQAMVIVPTR.E,DDX6,6.226e+6,3.036,0.003,2.461,0.000
27223,2,"  2.691","  0.532",15/30,/core/www/modules//sdig/index.php?run_id=110202&search_id=114132&scans_id=110198&peptide_id=18946&scanf=27223&charge=2&value=15/30,sp|P60709|ACTB_HUMAN,/core/www/modules//consensus/?run_id=110202&search_id=114132&scans_id=110198&peptide_id=18946&scanf=27223&charge=2&value=sp|P60709|ACTB_HUMAN,17,/core/www/modules/match_peptides/blast_html4.php?run_id=110202&search_id=114132&scans_id=110198&peptide_id=18946&scanf=27223&charge=2&value=17,K.SYELPDGQVITIGNER.F,/core/www/modules/show_out/show_out_wrapper.php?run_id=110202&search_id=114132&scans_id=110198&peptide_id=18946&scanf=27223&charge=2&value=K.SYELPDGQVITIGNER.F,ACTB,4.987e+7,3.574,0.001,3.258,0.000
27226,3,"  8.260","  0.666",31/92,/core/www/modules//sdig/index.php?run_id=110202&search_id=114132&scans_id=110198&peptide_id=18949&scanf=27226&charge=3&value=31/92,sp|P04083|ANXA1_HUMAN,/core/www/modules//consensus/?run_id=110202&search_id=114132&scans_id=110198&peptide_id=18949&scanf=27226&charge=3&value=sp|P04083|ANXA1_HUMAN,2,/core/www/modules/match_peptides/blast_html4.php?run_id=110202&search_id=114132&scans_id=110198&peptide_id=18949&scanf=27226&charge=3&value=2,K.GGPGSAVSPYPTFNPSSDVAALHK.A,/core/www/modules/show_out/show_out_wrapper.php?run_id=110202&search_id=114132&scans_id=110198&peptide_id=18949&scanf=27226&charge=3&value=K.GGPGSAVSPYPTFNPSSDVAALHK.A,ANXA1,8.871e+6,3.511,0.001,3.164,0.000
27227,2,"  4.865","  0.533",18/30,/core/www/modules//sdig/index.php?run_id=110202&search_id=114132&scans_id=110198&peptide_id=18950&scanf=27227&charge=2&value=18/30,sp|P14625|ENPL_HUMAN,/core/www/modules//consensus/?run_id=110202&search_id=114132&scans_id=110198&peptide_id=18950&scanf=27227&charge=2&value=sp|P14625|ENPL_HUMAN,10,/core/www/modules/match_peptides/blast_html4.php?run_id=110202&search_id=114132&scans_id=110198&peptide_id=18950&scanf=27227&charge=2&value=10,R.EEEAIQLDGLNASQIR.E,/core/www/modules/show_out/show_out_wrapper.php?run_id=110202&search_id=114132&scans_id=110198&peptide_id=18950&scanf=27227&charge=2&value=R.EEEAIQLDGLNASQIR.E,HSP90B1,1.204e+7,3.384,0.001,2.976,0.000
27231,4,"  3.099","  0.435",22/78,/core/www/modules//sdig/index.php?run_id=110202&search_id=114132&scans_id=110198&peptide_id=18955&scanf=27231&charge=4&value=22/78,sp|Q9ULW3|ABT1_HUMAN,/core/www/modules//consensus/?run_id=110202&search_id=114132&scans_id=110198&peptide_id=18955&scanf=27231&charge=4&value=sp|Q9ULW3|ABT1_HUMAN,0,/core/www/modules/match_peptides/blast_html4.php?run_id=110202&search_id=114132&scans_id=110198&peptide_id=18955&scanf=27231&charge=4&value=0,R.FTWSHLSEHLAFER.Q,/core/www/modules/show_out/show_out_wrapper.php?run_id=110202&search_id=114132&scans_id=110198&peptide_id=18955&scanf=27231&charge=4&value=R.FTWSHLSEHLAFER.Q,ABT1,3.326e+6,3.377,0.001,2.965,0.000
27233,2,"  6.145","  0.658",22/28,/core/www/modules//sdig/index.php?run_id=110202&search_id=114132&scans_id=110198&peptide_id=18957&scanf=27233&charge=2&value=22/28,sp|O60264|SMCA5_HUMAN,/core/www/modules//consensus/?run_id=110202&search_id=114132&scans_id=110198&peptide_id=18957&scanf=27233&charge=2&value=sp|O60264|SMCA5_HUMAN,0,/core/www/modules/match_peptides/blast_html4.php?run_id=110202&search_id=114132&scans_id=110198&peptide_id=18957&scanf=27233&charge=2&value=0,K.QTELFAHFIQPAAQK.T,/core/www/modules/show_out/show_out_wrapper.php?run_id=110202&search_id=114132&scans_id=110198&peptide_id=18957&scanf=27233&charge=2&value=K.QTELFAHFIQPAAQK.T,SMARCA5,4.305e+6,4.246,0.000,4.255,0.000
27234,2,"  2.470","  0.410",10/14,/core/www/modules//sdig/index.php?run_id=110202&search_id=114132&scans_id=110198&peptide_id=18958&scanf=27234&charge=2&value=10/14,sp|Q9P0V9|SEP10_HUMAN,/core/www/modules//consensus/?run_id=110202&search_id=114132&scans_id=110198&peptide_id=18958&scanf=27234&charge=2&value=sp|Q9P0V9|SEP10_HUMAN,3,/core/www/modules/match_peptides/blast_html4.php?run_id=110202&search_id=114132&scans_id=110198&peptide_id=18958&scanf=27234&charge=2&value=3,K.TLDLLTMK.N,/core/www/modules/show_out/show_out_wrapper.php?run_id=110202&search_id=114132&scans_id=110198&peptide_id=18958&scanf=27234&charge=2&value=K.TLDLLTMK.N,SEPTIN10,4.332e+6,3.140,0.002,2.615,0.000
27235,2,"  1.835","  0.307",8/20,/core/www/modules//sdig/index.php?run_id=110202&search_id=114132&scans_id=110198&peptide_id=18959&scanf=27235&charge=2&value=8/20,sp|Q16563|SYPL1_HUMAN,/core/www/modules//consensus/?run_id=110202&search_id=114132&scans_id=110198&peptide_id=18959&scanf=27235&charge=2&value=sp|Q16563|SYPL1_HUMAN,2,/core/www/modules/match_peptides/blast_html4.php?run_id=110202&search_id=114132&scans_id=110198&peptide_id=18959&scanf=27235&charge=2&value=2,K.TVTATFGYPFR.L,/core/www/modules/show_out/show_out_wrapper.php?run_id=110202&search_id=114132&scans_id=110198&peptide_id=18959&scanf=27235&charge=2&value=K.TVTATFGYPFR.L,SYPL1,3.983e+6,2.162,0.064,1.192,0.002
27237,4,"  6.801","  0.743",28/156,/core/www/modules//sdig/index.php?run_id=110202&search_id=114132&scans_id=110198&peptide_id=18960&scanf=27237&charge=4&value=28/156,sp|Q09028|RBBP4_HUMAN,/core/www/modules//consensus/?run_id=110202&search_id=114132&scans_id=110198&peptide_id=18960&scanf=27237&charge=4&value=sp|Q09028|RBBP4_HUMAN,4,/core/www/modules/match_peptides/blast_html4.php?run_id=110202&search_id=114132&scans_id=110198&peptide_id=18960&scanf=27237&charge=4&value=4,K.IGEEQSPEDAEDGPPELLFIHGGHTAK.I,/core/www/modules/show_out/show_out_wrapper.php?run_id=110202&search_id=114132&scans_id=110198&peptide_id=18960&scanf=27237&charge=4&value=K.IGEEQSPEDAEDGPPELLFIHGGHTAK.I,RBBP4,1.764e+7,4.015,0.000,3.912,0.000
27240,2,"  3.267","  0.465",13/24,/core/www/modules//sdig/index.php?run_id=110202&search_id=114132&scans_id=110198&peptide_id=18964&scanf=27240&charge=2&value=13/24,sp|Q9H583|HEAT1_HUMAN,/core/www/modules//consensus/?run_id=110202&search_id=114132&scans_id=110198&peptide_id=18964&scanf=27240&charge=2&value=sp|Q9H583|HEAT1_HUMAN,2,/core/www/modules/match_peptides/blast_html4.php?run_id=110202&search_id=114132&scans_id=110198&peptide_id=18964&scanf=27240&charge=2&value=2,R.LALPQSDASLLSR.D,/core/www/modules/show_out/show_out_wrapper.php?run_id=110202&search_id=114132&scans_id=110198&peptide_id=18964&scanf=27240&charge=2&value=R.LALPQSDASLLSR.D,HEATR1,5.483e+6,3.021,0.004,2.439,0.000
27241,4,"  7.142","  0.691",26/180,/core/www/modules//sdig/index.php?run_id=110202&search_id=114132&scans_id=110198&peptide_id=18965&scanf=27241&charge=4&value=26/180,sp|O60841|IF2P_HUMAN,/core/www/modules//consensus/?run_id=110202&search_id=114132&scans_id=110198&peptide_id=18965&scanf=27241&charge=4&value=sp|O60841|IF2P_HUMAN,1,/core/www/modules/match_peptides/blast_html4.php?run_id=110202&search_id=114132&scans_id=110198&peptide_id=18965&scanf=27241&charge=4&value=1,R.HTHVQDGEAGGITQQIGATNVPLEAINEQTK.M,/core/www/modules/show_out/show_out_wrapper.php?run_id=110202&search_id=114132&scans_id=110198&peptide_id=18965&scanf=27241&charge=4&value=R.HTHVQDGEAGGITQQIGATNVPLEAINEQTK.M,EIF5B,3.922e+6,3.709,0.000,3.458,0.000
27243,2,"  3.451","  0.693",16/32,/core/www/modules//sdig/index.php?run_id=110202&search_id=114132&scans_id=110198&peptide_id=18967&scanf=27243&charge=2&value=16/32,sp|Q9NQC1|JADE2_HUMAN,/core/www/modules//consensus/?run_id=110202&search_id=114132&scans_id=110198&peptide_id=18967&scanf=27243&charge=2&value=sp|Q9NQC1|JADE2_HUMAN,7,/core/www/modules/match_peptides/blast_html4.php?run_id=110202&search_id=114132&scans_id=110198&peptide_id=18967&scanf=27243&charge=2&value=7,K.GVQVPAGAEAIPEPVVR.I,/core/www/modules/show_out/show_out_wrapper.php?run_id=110202&search_id=114132&scans_id=110198&peptide_id=18967&scanf=27243&charge=2&value=K.GVQVPAGAEAIPEPVVR.I,JADE2,6.458e+6,3.551,0.001,3.224,0.000
27244,3,"  2.954","  0.540",13/48,/core/www/modules//sdig/index.php?run_id=110202&search_id=114132&scans_id=110198&peptide_id=18968&scanf=27244&charge=3&value=13/48,sp|Q01780|EXOSX_HUMAN,/core/www/modules//consensus/?run_id=110202&search_id=114132&scans_id=110198&peptide_id=18968&scanf=27244&charge=3&value=sp|Q01780|EXOSX_HUMAN,0,/core/www/modules/match_peptides/blast_html4.php?run_id=110202&search_id=114132&scans_id=110198&peptide_id=18968&scanf=27244&charge=3&value=0,R.IRPLPEEMLSYAR.D,/core/www/modules/show_out/show_out_wrapper.php?run_id=110202&search_id=114132&scans_id=110198&peptide_id=18968&scanf=27244&charge=3&value=R.IRPLPEEMLSYAR.D,EXOSC10,1.264e+7,3.319,0.001,2.880,0.000
27246,2,"  2.423","  0.469",11/24,/core/www/modules//sdig/index.php?run_id=110202&search_id=114132&scans_id=110198&peptide_id=18970&scanf=27246&charge=2&value=11/24,sp|Q8N8A6|DDX51_HUMAN,/core/www/modules//consensus/?run_id=110202&search_id=114132&scans_id=110198&peptide_id=18970&scanf=27246&charge=2&value=sp|Q8N8A6|DDX51_HUMAN,0,/core/www/modules/match_peptides/blast_html4.php?run_id=110202&search_id=114132&scans_id=110198&peptide_id=18970&scanf=27246&charge=2&value=0,K.LLFSATLTQNPEK.L,/core/www/modules/show_out/show_out_wrapper.php?run_id=110202&search_id=114132&scans_id=110198&peptide_id=18970&scanf=27246&charge=2&value=K.LLFSATLTQNPEK.L,DDX51,3.278e+6,2.796,0.008,2.108,0.000
27249,3,"  2.999","  0.516",12/56,/core/www/modules//sdig/index.php?run_id=110202&search_id=114132&scans_id=110198&peptide_id=18973&scanf=27249&charge=3&value=12/56,sp|Q9UJV9|DDX41_HUMAN,/core/www/modules//consensus/?run_id=110202&search_id=114132&scans_id=110198&peptide_id=18973&scanf=27249&charge=3&value=sp|Q9UJV9|DDX41_HUMAN,3,/core/www/modules/match_peptides/blast_html4.php?run_id=110202&search_id=114132&scans_id=110198&peptide_id=18973&scanf=27249&charge=3&value=3,K.YHILVEGDGIPPPIK.S,/core/www/modules/show_out/show_out_wrapper.php?run_id=110202&search_id=114132&scans_id=110198&peptide_id=18973&scanf=27249&charge=3&value=K.YHILVEGDGIPPPIK.S,DDX41,4.600e+6,3.086,0.003,2.535,0.000
27250,3,"  3.299","  0.168",16/32,/core/www/modules//sdig/index.php?run_id=110202&search_id=114132&scans_id=110198&peptide_id=18975&scanf=27250&charge=3&value=16/32,sp|Q14008|CKAP5_HUMAN,/core/www/modules//consensus/?run_id=110202&search_id=114132&scans_id=110198&peptide_id=18975&scanf=27250&charge=3&value=sp|Q14008|CKAP5_HUMAN,0,/core/www/modules/match_peptides/blast_html4.php?run_id=110202&search_id=114132&scans_id=110198&peptide_id=18975&scanf=27250&charge=3&value=0,K.IILLKPIIK.V,/core/www/modules/show_out/show_out_wrapper.php?run_id=110202&search_id=114132&scans_id=110198&peptide_id=18975&scanf=27250&charge=3&value=K.IILLKPIIK.V,CKAP5,9.030e+6,2.607,0.015,1.830,0.000
27251,2,"  4.243","  0.647",19/36,/core/www/modules//sdig/index.php?run_id=110202&search_id=114132&scans_id=110198&peptide_id=18976&scanf=27251&charge=2&value=19/36,sp|Q9NU22|MDN1_HUMAN,/core/www/modules//consensus/?run_id=110202&search_id=114132&scans_id=110198&peptide_id=18976&scanf=27251&charge=2&value=sp|Q9NU22|MDN1_HUMAN,0,/core/www/modules/match_peptides/blast_html4.php?run_id=110202&search_id=114132&scans_id=110198&peptide_id=18976&scanf=27251&charge=2&value=0,R.VVSAGTYPVLIQGETSVGK.T,/core/www/modules/show_out/show_out_wrapper.php?run_id=110202&search_id=114132&scans_id=110198&peptide_id=18976&scanf=27251&charge=2&value=R.VVSAGTYPVLIQGETSVGK.T,MDN1,2.849e+6,3.655,0.000,3.378,0.000
27254,3,"  3.162","  0.420",15/72,/core/www/modules//sdig/index.php?run_id=110202&search_id=114132&scans_id=110198&peptide_id=18979&scanf=27254&charge=3&value=15/72,sp|P21333|FLNA_HUMAN,/core/www/modules//consensus/?run_id=110202&search_id=114132&scans_id=110198&peptide_id=18979&scanf=27254&charge=3&value=sp|P21333|FLNA_HUMAN,1,/core/www/modules/match_peptides/blast_html4.php?run_id=110202&search_id=114132&scans_id=110198&peptide_id=18979&scanf=27254&charge=3&value=1,K.DAGEGLLAVQITDPEGKPK.K,/core/www/modules/show_out/show_out_wrapper.php?run_id=110202&search_id=114132&scans_id=110198&peptide_id=18979&scanf=27254&charge=3&value=K.DAGEGLLAVQITDPEGKPK.K,FLNA,1.595e+7,2.805,0.008,2.121,0.000
27260,3,"  4.087","  0.506",11/64,/core/www/modules//sdig/index.php?run_id=110202&search_id=114132&scans_id=110198&peptide_id=18985&scanf=27260&charge=3&value=11/64,sp|O60506|HNRPQ_HUMAN,/core/www/modules//consensus/?run_id=110202&search_id=114132&scans_id=110198&peptide_id=18985&scanf=27260&charge=3&value=sp|O60506|HNRPQ_HUMAN,8,/core/www/modules/match_peptides/blast_html4.php?run_id=110202&search_id=114132&scans_id=110198&peptide_id=18985&scanf=27260&charge=3&value=8,K.VTEGLTDVILYHQPDDK.K,/core/www/modules/show_out/show_out_wrapper.php?run_id=110202&search_id=114132&scans_id=110198&peptide_id=18985&scanf=27260&charge=3&value=K.VTEGLTDVILYHQPDDK.K,SYNCRIP,2.219e+8,3.031,0.004,2.454,0.000
27261,3,"  6.381","  0.747",33/100,/core/www/modules//sdig/index.php?run_id=110202&search_id=114132&scans_id=110198&peptide_id=18986&scanf=27261&charge=3&value=33/100,sp|P30876|RPB2_HUMAN,/core/www/modules//consensus/?run_id=110202&search_id=114132&scans_id=110198&peptide_id=18986&scanf=27261&charge=3&value=sp|P30876|RPB2_HUMAN,1,/core/www/modules/match_peptides/blast_html4.php?run_id=110202&search_id=114132&scans_id=110198&peptide_id=18986&scanf=27261&charge=3&value=1,R.IVEDAPPIDLQAEAQHASGEVEEPPR.Y,/core/www/modules/show_out/show_out_wrapper.php?run_id=110202&search_id=114132&scans_id=110198&peptide_id=18986&scanf=27261&charge=3&value=R.IVEDAPPIDLQAEAQHASGEVEEPPR.Y,POLR2B,5.005e+6,3.810,0.000,3.608,0.000
27262,2,"  1.758","  0.347",9/16,/core/www/modules//sdig/index.php?run_id=110202&search_id=114132&scans_id=110198&peptide_id=18987&scanf=27262&charge=2&value=9/16,sp|Q8WVM8|SCFD1_HUMAN,/core/www/modules//consensus/?run_id=110202&search_id=114132&scans_id=110198&peptide_id=18987&scanf=27262&charge=2&value=sp|Q8WVM8|SCFD1_HUMAN,12,/core/www/modules/match_peptides/blast_html4.php?run_id=110202&search_id=114132&scans_id=110198&peptide_id=18987&scanf=27262&charge=2&value=12,R.ILDNLMEMK.S,/core/www/modules/show_out/show_out_wrapper.php?run_id=110202&search_id=114132&scans_id=110198&peptide_id=18987&scanf=27262&charge=2&value=R.ILDNLMEMK.S,SCFD1,5.906e+6,2.569,0.017,1.775,0.000
27263,2,"  3.495","  0.498",13/22,/core/www/modules//sdig/index.php?run_id=110202&search_id=114132&scans_id=110198&peptide_id=18988&scanf=27263&charge=2&value=13/22,sp|Q9Y3T9|NOC2L_HUMAN,/core/www/modules//consensus/?run_id=110202&search_id=114132&scans_id=110198&peptide_id=18988&scanf=27263&charge=2&value=sp|Q9Y3T9|NOC2L_HUMAN,0,/core/www/modules/match_peptides/blast_html4.php?run_id=110202&search_id=114132&scans_id=110198&peptide_id=18988&scanf=27263&charge=2&value=0,K.ERLEDLNFPEIK.R,/core/www/modules/show_out/show_out_wrapper.php?run_id=110202&search_id=114132&scans_id=110198&peptide_id=18988&scanf=27263&charge=2&value=K.ERLEDLNFPEIK.R,NOC2L,6.070e+6,2.950,0.005,2.334,0.000
27264,3,"  3.146","  0.466",13/48,/core/www/modules//sdig/index.php?run_id=110202&search_id=114132&scans_id=110198&peptide_id=18989&scanf=27264&charge=3&value=13/48,sp|P63173|RL38_HUMAN,/core/www/modules//consensus/?run_id=110202&search_id=114132&scans_id=110198&peptide_id=18989&scanf=27264&charge=3&value=sp|P63173|RL38_HUMAN,3,/core/www/modules/match_peptides/blast_html4.php?run_id=110202&search_id=114132&scans_id=110198&peptide_id=18989&scanf=27264&charge=3&value=3,R.KIEEIKDFLLTAR.R,/core/www/modules/show_out/show_out_wrapper.php?run_id=110202&search_id=114132&scans_id=110198&peptide_id=18989&scanf=27264&charge=3&value=R.KIEEIKDFLLTAR.R,RPL38,8.452e+6,2.498,0.021,1.672,0.001
27265,2,"  1.913","  0.495",10/18,/core/www/modules//sdig/index.php?run_id=110202&search_id=114132&scans_id=110198&peptide_id=18990&scanf=27265&charge=2&value=10/18,sp|Q86XZ4|SPAS2_HUMAN,/core/www/modules//consensus/?run_id=110202&search_id=114132&scans_id=110198&peptide_id=18990&scanf=27265&charge=2&value=sp|Q86XZ4|SPAS2_HUMAN,0,/core/www/modules/match_peptides/blast_html4.php?run_id=110202&search_id=114132&scans_id=110198&peptide_id=18990&scanf=27265&charge=2&value=0,K.AEAMEILLSR.Q,/core/www/modules/show_out/show_out_wrapper.php?run_id=110202&search_id=114132&scans_id=110198&peptide_id=18990&scanf=27265&charge=2&value=K.AEAMEILLSR.Q,SPATS2,3.423e+6,3.124,0.003,2.591,0.000
27268,2,"  1.625","  0.400",7/16,/core/www/modules//sdig/index.php?run_id=110202&search_id=114132&scans_id=110198&peptide_id=18993&scanf=27268&charge=2&value=7/16,sp|P07099|HYEP_HUMAN,/core/www/modules//consensus/?run_id=110202&search_id=114132&scans_id=110198&peptide_id=18993&scanf=27268&charge=2&value=sp|P07099|HYEP_HUMAN,0,/core/www/modules/match_peptides/blast_html4.php?run_id=110202&search_id=114132&scans_id=110198&peptide_id=18993&scanf=27268&charge=2&value=0,K.IIPLLTDPK.N,/core/www/modules/show_out/show_out_wrapper.php?run_id=110202&search_id=114132&scans_id=110198&peptide_id=18993&scanf=27268&charge=2&value=K.IIPLLTDPK.N,EPHX1,2.333e+6,2.634,0.013,1.870,0.000
27273,3,"  2.485","  0.399",11/48,/core/www/modules//sdig/index.php?run_id=110202&search_id=114132&scans_id=110198&peptide_id=18999&scanf=27273&charge=3&value=11/48,sp|Q9NZB2|F120A_HUMAN,/core/www/modules//consensus/?run_id=110202&search_id=114132&scans_id=110198&peptide_id=18999&scanf=27273&charge=3&value=sp|Q9NZB2|F120A_HUMAN,2,/core/www/modules/match_peptides/blast_html4.php?run_id=110202&search_id=114132&scans_id=110198&peptide_id=18999&scanf=27273&charge=3&value=2,K.NRLPPEFSPVIIK.E,/core/www/modules/show_out/show_out_wrapper.php?run_id=110202&search_id=114132&scans_id=110198&peptide_id=18999&scanf=27273&charge=3&value=K.NRLPPEFSPVIIK.E,FAM120A,1.479e+6,2.431,0.027,1.575,0.001
27275,3,"  1.898","  0.215",9/28,/core/www/modules//sdig/index.php?run_id=110202&search_id=114132&scans_id=110198&peptide_id=19001&scanf=27275&charge=3&value=9/28,sp|P35558|PCKGC_HUMAN,/core/www/modules//consensus/?run_id=110202&search_id=114132&scans_id=110198&peptide_id=19001&scanf=27275&charge=3&value=sp|P35558|PCKGC_HUMAN,2,/core/www/modules/match_peptides/blast_html4.php?run_id=110202&search_id=114132&scans_id=110198&peptide_id=19001&scanf=27275&charge=3&value=2,K.IFHVNWFR.K,/core/www/modules/show_out/show_out_wrapper.php?run_id=110202&search_id=114132&scans_id=110198&peptide_id=19001&scanf=27275&charge=3&value=K.IFHVNWFR.K,PCK1,4.109e+6,2.387,0.031,1.510,0.001
27276,3,"  1.930","  0.197",10/52,/core/www/modules//sdig/index.php?run_id=110202&search_id=114132&scans_id=110198&peptide_id=19002&scanf=27276&charge=3&value=10/52,sp|Q05519|SRS11_HUMAN,/core/www/modules//consensus/?run_id=110202&search_id=114132&scans_id=110198&peptide_id=19002&scanf=27276&charge=3&value=sp|Q05519|SRS11_HUMAN,3,/core/www/modules/match_peptides/blast_html4.php?run_id=110202&search_id=114132&scans_id=110198&peptide_id=19002&scanf=27276&charge=3&value=3,R.LFPPDDSPLPVSSR.V,/core/www/modules/show_out/show_out_wrapper.php?run_id=110202&search_id=114132&scans_id=110198&peptide_id=19002&scanf=27276&charge=3&value=R.LFPPDDSPLPVSSR.V,SRSF11,2.412e+6,1.888,0.149,0.828,0.007
27279,3,"  2.700","  0.319",13/56,/core/www/modules//sdig/index.php?run_id=110202&search_id=114132&scans_id=110198&peptide_id=19004&scanf=27279&charge=3&value=13/56,sp|P15311|EZRI_HUMAN,/core/www/modules//consensus/?run_id=110202&search_id=114132&scans_id=110198&peptide_id=19004&scanf=27279&charge=3&value=sp|P15311|EZRI_HUMAN,0,/core/www/modules/match_peptides/blast_html4.php?run_id=110202&search_id=114132&scans_id=110198&peptide_id=19004&scanf=27279&charge=3&value=0,K.SQEQLAAELAEYTAK.I,/core/www/modules/show_out/show_out_wrapper.php?run_id=110202&search_id=114132&scans_id=110198&peptide_id=19004&scanf=27279&charge=3&value=K.SQEQLAAELAEYTAK.I,EZR,7.605e+6,2.498,0.021,1.672,0.001
27280,3,"  2.438","  0.218",9/52,/core/www/modules//sdig/index.php?run_id=110202&search_id=114132&scans_id=110198&peptide_id=19006&scanf=27280&charge=3&value=9/52,sp|Q9NZM1|MYOF_HUMAN,/core/www/modules//consensus/?run_id=110202&search_id=114132&scans_id=110198&peptide_id=19006&scanf=27280&charge=3&value=sp|Q9NZM1|MYOF_HUMAN,1,/core/www/modules/match_peptides/blast_html4.php?run_id=110202&search_id=114132&scans_id=110198&peptide_id=19006&scanf=27280&charge=3&value=1,R.DHYIPNTLNPVFGR.M,/core/www/modules/show_out/show_out_wrapper.php?run_id=110202&search_id=114132&scans_id=110198&peptide_id=19006&scanf=27280&charge=3&value=R.DHYIPNTLNPVFGR.M,MYOF,3.218e+6,1.955,0.122,0.914,0.006
27281,3,"  2.948","  0.416",13/80,/core/www/modules//sdig/index.php?run_id=110202&search_id=114132&scans_id=110198&peptide_id=19007&scanf=27281&charge=3&value=13/80,sp|Q02790|FKBP4_HUMAN,/core/www/modules//consensus/?run_id=110202&search_id=114132&scans_id=110198&peptide_id=19007&scanf=27281&charge=3&value=sp|Q02790|FKBP4_HUMAN,1,/core/www/modules/match_peptides/blast_html4.php?run_id=110202&search_id=114132&scans_id=110198&peptide_id=19007&scanf=27281&charge=3&value=1,K.ATESGAQSAPLPMEGVDISPK.Q,/core/www/modules/show_out/show_out_wrapper.php?run_id=110202&search_id=114132&scans_id=110198&peptide_id=19007&scanf=27281&charge=3&value=K.ATESGAQSAPLPMEGVDISPK.Q,FKBP4,3.154e+6,2.421,0.028,1.560,0.001
27282,2,"  4.614","  0.647",18/30,/core/www/modules//sdig/index.php?run_id=110202&search_id=114132&scans_id=110198&peptide_id=19008&scanf=27282&charge=2&value=18/30,sp|Q9ULK4|MED23_HUMAN,/core/www/modules//consensus/?run_id=110202&search_id=114132&scans_id=110198&peptide_id=19008&scanf=27282&charge=2&value=sp|Q9ULK4|MED23_HUMAN,1,/core/www/modules/match_peptides/blast_html4.php?run_id=110202&search_id=114132&scans_id=110198&peptide_id=19008&scanf=27282&charge=2&value=1,R.LITALGSSEVQPQFTR.F,/core/www/modules/show_out/show_out_wrapper.php?run_id=110202&search_id=114132&scans_id=110198&peptide_id=19008&scanf=27282&charge=2&value=R.LITALGSSEVQPQFTR.F,MED23,4.347e+6,3.646,0.000,3.365,0.000
27285,2,"  2.340","  0.326",10/20,/core/www/modules//sdig/index.php?run_id=110202&search_id=114132&scans_id=110198&peptide_id=19011&scanf=27285&charge=2&value=10/20,sp|O95433|AHSA1_HUMAN,/core/www/modules//consensus/?run_id=110202&search_id=114132&scans_id=110198&peptide_id=19011&scanf=27285&charge=2&value=sp|O95433|AHSA1_HUMAN,3,/core/www/modules/match_peptides/blast_html4.php?run_id=110202&search_id=114132&scans_id=110198&peptide_id=19011&scanf=27285&charge=2&value=3,R.EAMGIYISTLK.T,/core/www/modules/show_out/show_out_wrapper.php?run_id=110202&search_id=114132&scans_id=110198&peptide_id=19011&scanf=27285&charge=2&value=R.EAMGIYISTLK.T,AHSA1,2.982e+7,2.492,0.022,1.662,0.001
27292,3,"  3.808","  0.164",11/56,/core/www/modules//sdig/index.php?run_id=110202&search_id=114132&scans_id=110198&peptide_id=19019&scanf=27292&charge=3&value=11/56,sp|Q8NI27|THOC2_HUMAN,/core/www/modules//consensus/?run_id=110202&search_id=114132&scans_id=110198&peptide_id=19019&scanf=27292&charge=3&value=sp|Q8NI27|THOC2_HUMAN,1,/core/www/modules/match_peptides/blast_html4.php?run_id=110202&search_id=114132&scans_id=110198&peptide_id=19019&scanf=27292&charge=3&value=1,K.HEQASNVLSDISEFR.E,/core/www/modules/show_out/show_out_wrapper.php?run_id=110202&search_id=114132&scans_id=110198&peptide_id=19019&scanf=27292&charge=3&value=K.HEQASNVLSDISEFR.E,THOC2,3.189e+6,1.965,0.119,0.926,0.005
27294,3,"  3.406","  0.488",17/48,/core/www/modules//sdig/index.php?run_id=110202&search_id=114132&scans_id=110198&peptide_id=19021&scanf=27294&charge=3&value=17/48,sp|Q8N1G4|LRC47_HUMAN,/core/www/modules//consensus/?run_id=110202&search_id=114132&scans_id=110198&peptide_id=19021&scanf=27294&charge=3&value=sp|Q8N1G4|LRC47_HUMAN,0,/core/www/modules/match_peptides/blast_html4.php?run_id=110202&search_id=114132&scans_id=110198&peptide_id=19021&scanf=27294&charge=3&value=0,R.ELSPDIAHLASLK.T,/core/www/modules/show_out/show_out_wrapper.php?run_id=110202&search_id=114132&scans_id=110198&peptide_id=19021&scanf=27294&charge=3&value=R.ELSPDIAHLASLK.T,LRRC47,1.171e+7,3.270,0.002,2.807,0.000
27296,3,"  2.014","  0.150",11/44,/core/www/modules//sdig/index.php?run_id=110202&search_id=114132&scans_id=110198&peptide_id=19023&scanf=27296&charge=3&value=11/44,sp|Q9H6R0|DHX33_HUMAN,/core/www/modules//consensus/?run_id=110202&search_id=114132&scans_id=110198&peptide_id=19023&scanf=27296&charge=3&value=sp|Q9H6R0|DHX33_HUMAN,1,/core/www/modules/match_peptides/blast_html4.php?run_id=110202&search_id=114132&scans_id=110198&peptide_id=19023&scanf=27296&charge=3&value=1,R.TIHTDVLFGVVK.A,/core/www/modules/show_out/show_out_wrapper.php?run_id=110202&search_id=114132&scans_id=110198&peptide_id=19023&scanf=27296&charge=3&value=R.TIHTDVLFGVVK.A,DHX33,3.105e+6,1.956,0.122,0.914,0.006
27301,4,"  9.166","  0.749",42/186,/core/www/modules//sdig/index.php?run_id=110202&search_id=114132&scans_id=110198&peptide_id=19028&scanf=27301&charge=4&value=42/186,sp|Q96DI7|SNR40_HUMAN,/core/www/modules//consensus/?run_id=110202&search_id=114132&scans_id=110198&peptide_id=19028&scanf=27301&charge=4&value=sp|Q96DI7|SNR40_HUMAN,0,/core/www/modules/match_peptides/blast_html4.php?run_id=110202&search_id=114132&scans_id=110198&peptide_id=19028&scanf=27301&charge=4&value=0,R.QRHELLLGAGSGPGAGQQQATPGALLQAGPPR.C,/core/www/modules/show_out/show_out_wrapper.php?run_id=110202&search_id=114132&scans_id=110198&peptide_id=19028&scanf=27301&charge=4&value=R.QRHELLLGAGSGPGAGQQQATPGALLQAGPPR.C,SNRNP40,3.297e+6,3.784,0.000,3.569,0.000
27302,3,"  3.226","  0.369",9/64,/core/www/modules//sdig/index.php?run_id=110202&search_id=114132&scans_id=110198&peptide_id=19029&scanf=27302&charge=3&value=9/64,sp|Q9NQC1|JADE2_HUMAN,/core/www/modules//consensus/?run_id=110202&search_id=114132&scans_id=110198&peptide_id=19029&scanf=27302&charge=3&value=sp|Q9NQC1|JADE2_HUMAN,7,/core/www/modules/match_peptides/blast_html4.php?run_id=110202&search_id=114132&scans_id=110198&peptide_id=19029&scanf=27302&charge=3&value=7,K.GVQVPAGAEAIPEPVVR.I,/core/www/modules/show_out/show_out_wrapper.php?run_id=110202&search_id=114132&scans_id=110198&peptide_id=19029&scanf=27302&charge=3&value=K.GVQVPAGAEAIPEPVVR.I,JADE2,3.411e+6,2.376,0.032,1.495,0.001
27303,2,"  2.531","  0.517",13/24,/core/www/modules//sdig/index.php?run_id=110202&search_id=114132&scans_id=110198&peptide_id=19030&scanf=27303&charge=2&value=13/24,sp|Q49A26|GLYR1_HUMAN,/core/www/modules//consensus/?run_id=110202&search_id=114132&scans_id=110198&peptide_id=19030&scanf=27303&charge=2&value=sp|Q49A26|GLYR1_HUMAN,1,/core/www/modules/match_peptides/blast_html4.php?run_id=110202&search_id=114132&scans_id=110198&peptide_id=19030&scanf=27303&charge=2&value=1,K.TSFFLGEVGNAAK.M,/core/www/modules/show_out/show_out_wrapper.php?run_id=110202&search_id=114132&scans_id=110198&peptide_id=19030&scanf=27303&charge=2&value=K.TSFFLGEVGNAAK.M,GLYR1,8.899e+6,3.156,0.002,2.639,0.000
27304,2,"  4.058","  0.280",17/28,/core/www/modules//sdig/index.php?run_id=110202&search_id=114132&scans_id=110198&peptide_id=19031&scanf=27304&charge=2&value=17/28,sp|P15311|EZRI_HUMAN,/core/www/modules//consensus/?run_id=110202&search_id=114132&scans_id=110198&peptide_id=19031&scanf=27304&charge=2&value=sp|P15311|EZRI_HUMAN,0,/core/www/modules/match_peptides/blast_html4.php?run_id=110202&search_id=114132&scans_id=110198&peptide_id=19031&scanf=27304&charge=2&value=0,K.SQEQLAAELAEYTAK.I,/core/www/modules/show_out/show_out_wrapper.php?run_id=110202&search_id=114132&scans_id=110198&peptide_id=19031&scanf=27304&charge=2&value=K.SQEQLAAELAEYTAK.I,EZR,6.028e+6,2.393,0.030,1.519,0.001
27307,2,"  4.177","  0.626",16/26,/core/www/modules//sdig/index.php?run_id=110202&search_id=114132&scans_id=110198&peptide_id=19034&scanf=27307&charge=2&value=16/26,sp|Q6UN15|FIP1_HUMAN,/core/www/modules//consensus/?run_id=110202&search_id=114132&scans_id=110198&peptide_id=19034&scanf=27307&charge=2&value=sp|Q6UN15|FIP1_HUMAN,1,/core/www/modules/match_peptides/blast_html4.php?run_id=110202&search_id=114132&scans_id=110198&peptide_id=19034&scanf=27307&charge=2&value=1,R.MGLEVIPVTSTTNK.I,/core/www/modules/show_out/show_out_wrapper.php?run_id=110202&search_id=114132&scans_id=110198&peptide_id=19034&scanf=27307&charge=2&value=R.MGLEVIPVTSTTNK.I,FIP1L1,1.142e+7,3.591,0.001,3.284,0.000
27310,3,"  2.451","  0.482",15/72,/core/www/modules//sdig/index.php?run_id=110202&search_id=114132&scans_id=110198&peptide_id=19038&scanf=27310&charge=3&value=15/72,sp|P51116|FXR2_HUMAN,/core/www/modules//consensus/?run_id=110202&search_id=114132&scans_id=110198&peptide_id=19038&scanf=27310&charge=3&value=sp|P51116|FXR2_HUMAN,15,/core/www/modules/match_peptides/blast_html4.php?run_id=110202&search_id=114132&scans_id=110198&peptide_id=19038&scanf=27310&charge=3&value=15,R.EDLMGLAIGTHGANIQQAR.K,/core/www/modules/show_out/show_out_wrapper.php?run_id=110202&search_id=114132&scans_id=110198&peptide_id=19038&scanf=27310&charge=3&value=R.EDLMGLAIGTHGANIQQAR.K,FXR2,2.564e+7,2.785,0.008,2.091,0.000
27315,3,"  5.568","  0.707",18/80,/core/www/modules//sdig/index.php?run_id=110202&search_id=114132&scans_id=110198&peptide_id=19043&scanf=27315&charge=3&value=18/80,sp|P18669|PGAM1_HUMAN,/core/www/modules//consensus/?run_id=110202&search_id=114132&scans_id=110198&peptide_id=19043&scanf=27315&charge=3&value=sp|P18669|PGAM1_HUMAN,1,/core/www/modules/match_peptides/blast_html4.php?run_id=110202&search_id=114132&scans_id=110198&peptide_id=19043&scanf=27315&charge=3&value=1,R.SYDVPPPPMEPDHPFYSNISK.D,/core/www/modules/show_out/show_out_wrapper.php?run_id=110202&search_id=114132&scans_id=110198&peptide_id=19043&scanf=27315&charge=3&value=R.SYDVPPPPMEPDHPFYSNISK.D,PGAM1,1.741e+7,3.587,0.001,3.276,0.000
27317,3,"  2.352","  0.264",11/48,/core/www/modules//sdig/index.php?run_id=110202&search_id=114132&scans_id=110198&peptide_id=19045&scanf=27317&charge=3&value=11/48,sp|O60293|ZC3H1_HUMAN,/core/www/modules//consensus/?run_id=110202&search_id=114132&scans_id=110198&peptide_id=19045&scanf=27317&charge=3&value=sp|O60293|ZC3H1_HUMAN,0,/core/www/modules/match_peptides/blast_html4.php?run_id=110202&search_id=114132&scans_id=110198&peptide_id=19045&scanf=27317&charge=3&value=0,K.NTVEKPELFLGLK.I,/core/www/modules/show_out/show_out_wrapper.php?run_id=110202&search_id=114132&scans_id=110198&peptide_id=19045&scanf=27317&charge=3&value=K.NTVEKPELFLGLK.I,ZFC3H1,2.699e+6,2.296,0.042,1.381,0.001
27319,2,"  2.238","  0.396",9/18,/core/www/modules//sdig/index.php?run_id=110202&search_id=114132&scans_id=110198&peptide_id=19047&scanf=27319&charge=2&value=9/18,sp|P28702|RXRB_HUMAN,/core/www/modules//consensus/?run_id=110202&search_id=114132&scans_id=110198&peptide_id=19047&scanf=27319&charge=2&value=sp|P28702|RXRB_HUMAN,1,/core/www/modules/match_peptides/blast_html4.php?run_id=110202&search_id=114132&scans_id=110198&peptide_id=19047&scanf=27319&charge=2&value=1,R.AIILFNPDAK.G,/core/www/modules/show_out/show_out_wrapper.php?run_id=110202&search_id=114132&scans_id=110198&peptide_id=19047&scanf=27319&charge=2&value=R.AIILFNPDAK.G,RXRB,7.829e+6,2.587,0.016,1.801,0.000
27321,3,"  3.852","  0.632",16/68,/core/www/modules//sdig/index.php?run_id=110202&search_id=114132&scans_id=110198&peptide_id=19049&scanf=27321&charge=3&value=16/68,sp|Q00610|CLH1_HUMAN,/core/www/modules//consensus/?run_id=110202&search_id=114132&scans_id=110198&peptide_id=19049&scanf=27321&charge=3&value=sp|Q00610|CLH1_HUMAN,8,/core/www/modules/match_peptides/blast_html4.php?run_id=110202&search_id=114132&scans_id=110198&peptide_id=19049&scanf=27321&charge=3&value=8,K.LHIIEVGTPPTGNQPFPK.K,/core/www/modules/show_out/show_out_wrapper.php?run_id=110202&search_id=114132&scans_id=110198&peptide_id=19049&scanf=27321&charge=3&value=K.LHIIEVGTPPTGNQPFPK.K,CLTC,1.532e+7,3.436,0.001,3.053,0.000
27322,3,"  3.159","  0.523",16/36,/core/www/modules//sdig/index.php?run_id=110202&search_id=114132&scans_id=110198&peptide_id=19050&scanf=27322&charge=3&value=16/36,sp|Q2TAY7|SMU1_HUMAN,/core/www/modules//consensus/?run_id=110202&search_id=114132&scans_id=110198&peptide_id=19050&scanf=27322&charge=3&value=sp|Q2TAY7|SMU1_HUMAN,0,/core/www/modules/match_peptides/blast_html4.php?run_id=110202&search_id=114132&scans_id=110198&peptide_id=19050&scanf=27322&charge=3&value=0,R.YIHLENLLAR.S,/core/www/modules/show_out/show_out_wrapper.php?run_id=110202&search_id=114132&scans_id=110198&peptide_id=19050&scanf=27322&charge=3&value=R.YIHLENLLAR.S,SMU1,1.455e+7,3.596,0.001,3.291,0.000
27323,3,"  4.794","  0.626",20/68,/core/www/modules//sdig/index.php?run_id=110202&search_id=114132&scans_id=110198&peptide_id=19051&scanf=27323&charge=3&value=20/68,sp|Q86VP6|CAND1_HUMAN,/core/www/modules//consensus/?run_id=110202&search_id=114132&scans_id=110198&peptide_id=19051&scanf=27323&charge=3&value=sp|Q86VP6|CAND1_HUMAN,0,/core/www/modules/match_peptides/blast_html4.php?run_id=110202&search_id=114132&scans_id=110198&peptide_id=19051&scanf=27323&charge=3&value=0,K.VIRPLDQPSSFDATPYIK.D,/core/www/modules/show_out/show_out_wrapper.php?run_id=110202&search_id=114132&scans_id=110198&peptide_id=19051&scanf=27323&charge=3&value=K.VIRPLDQPSSFDATPYIK.D,CAND1,8.819e+6,3.497,0.001,3.143,0.000
27325,2,"  3.408","  0.617",13/24,/core/www/modules//sdig/index.php?run_id=110202&search_id=114132&scans_id=110198&peptide_id=19053&scanf=27325&charge=2&value=13/24,sp|Q9P2J5|SYLC_HUMAN,/core/www/modules//consensus/?run_id=110202&search_id=114132&scans_id=110198&peptide_id=19053&scanf=27325&charge=2&value=sp|Q9P2J5|SYLC_HUMAN,8,/core/www/modules/match_peptides/blast_html4.php?run_id=110202&search_id=114132&scans_id=110198&peptide_id=19053&scanf=27325&charge=2&value=8,K.VIASELGSMPELK.K,/core/www/modules/show_out/show_out_wrapper.php?run_id=110202&search_id=114132&scans_id=110198&peptide_id=19053&scanf=27325&charge=2&value=K.VIASELGSMPELK.K,LARS1,1.709e+7,3.558,0.001,3.234,0.000
27327,2,"  2.987","  0.467",13/20,/core/www/modules//sdig/index.php?run_id=110202&search_id=114132&scans_id=110198&peptide_id=19055&scanf=27327&charge=2&value=13/20,sp|Q9P2K5|MYEF2_HUMAN,/core/www/modules//consensus/?run_id=110202&search_id=114132&scans_id=110198&peptide_id=19055&scanf=27327&charge=2&value=sp|Q9P2K5|MYEF2_HUMAN,6,/core/www/modules/match_peptides/blast_html4.php?run_id=110202&search_id=114132&scans_id=110198&peptide_id=19055&scanf=27327&charge=2&value=6,R.MGPGIGAILER.S,/core/www/modules/show_out/show_out_wrapper.php?run_id=110202&search_id=114132&scans_id=110198&peptide_id=19055&scanf=27327&charge=2&value=R.MGPGIGAILER.S,MYEF2,5.162e+7,3.258,0.002,2.789,0.000
27328,2,"  4.633","  0.679",16/28,/core/www/modules//sdig/index.php?run_id=110202&search_id=114132&scans_id=110198&peptide_id=19056&scanf=27328&charge=2&value=16/28,sp|P09874|PARP1_HUMAN,/core/www/modules//consensus/?run_id=110202&search_id=114132&scans_id=110198&peptide_id=19056&scanf=27328&charge=2&value=sp|P09874|PARP1_HUMAN,1,/core/www/modules/match_peptides/blast_html4.php?run_id=110202&search_id=114132&scans_id=110198&peptide_id=19056&scanf=27328&charge=2&value=1,R.VVSEDFLQDVSASTK.S,/core/www/modules/show_out/show_out_wrapper.php?run_id=110202&search_id=114132&scans_id=110198&peptide_id=19056&scanf=27328&charge=2&value=R.VVSEDFLQDVSASTK.S,PARP1,2.975e+7,3.836,0.000,3.646,0.000
27331,2,"  2.402","  0.380",9/18,/core/www/modules//sdig/index.php?run_id=110202&search_id=114132&scans_id=110198&peptide_id=19060&scanf=27331&charge=2&value=9/18,sp|Q13813|SPTN1_HUMAN,/core/www/modules//consensus/?run_id=110202&search_id=114132&scans_id=110198&peptide_id=19060&scanf=27331&charge=2&value=sp|Q13813|SPTN1_HUMAN,2,/core/www/modules/match_peptides/blast_html4.php?run_id=110202&search_id=114132&scans_id=110198&peptide_id=19060&scanf=27331&charge=2&value=2,K.DLASVNNLLK.K,/core/www/modules/show_out/show_out_wrapper.php?run_id=110202&search_id=114132&scans_id=110198&peptide_id=19060&scanf=27331&charge=2&value=K.DLASVNNLLK.K,SPTAN1,5.842e+6,2.899,0.006,2.259,0.000
27334,4,"  3.929","  0.488",12/90,/core/www/modules//sdig/index.php?run_id=110202&search_id=114132&scans_id=110198&peptide_id=19063&scanf=27334&charge=4&value=12/90,sp|Q9H6W3|RIOX1_HUMAN,/core/www/modules//consensus/?run_id=110202&search_id=114132&scans_id=110198&peptide_id=19063&scanf=27334&charge=4&value=sp|Q9H6W3|RIOX1_HUMAN,0,/core/www/modules/match_peptides/blast_html4.php?run_id=110202&search_id=114132&scans_id=110198&peptide_id=19063&scanf=27334&charge=4&value=0,R.AKDFIHDSLPPVLTDR.E,/core/www/modules/show_out/show_out_wrapper.php?run_id=110202&search_id=114132&scans_id=110198&peptide_id=19063&scanf=27334&charge=4&value=R.AKDFIHDSLPPVLTDR.E,RIOX1,6.220e+6,3.081,0.003,2.528,0.000
27337,3,"  2.103","  0.269",12/68,/core/www/modules//sdig/index.php?run_id=110202&search_id=114132&scans_id=110198&peptide_id=19066&scanf=27337&charge=3&value=12/68,sp|P09012|SNRPA_HUMAN,/core/www/modules//consensus/?run_id=110202&search_id=114132&scans_id=110198&peptide_id=19066&scanf=27337&charge=3&value=sp|P09012|SNRPA_HUMAN,1,/core/www/modules/match_peptides/blast_html4.php?run_id=110202&search_id=114132&scans_id=110198&peptide_id=19066&scanf=27337&charge=3&value=1,R.HDIAFVEFDNEVQAGAAR.D,/core/www/modules/show_out/show_out_wrapper.php?run_id=110202&search_id=114132&scans_id=110198&peptide_id=19066&scanf=27337&charge=3&value=R.HDIAFVEFDNEVQAGAAR.D,SNRPA,4.204e+6,2.031,0.097,1.013,0.005
27340,2,"  3.306","  0.552",13/24,/core/www/modules//sdig/index.php?run_id=110202&search_id=114132&scans_id=110198&peptide_id=19070&scanf=27340&charge=2&value=13/24,sp|Q9UQ13|SHOC2_HUMAN,/core/www/modules//consensus/?run_id=110202&search_id=114132&scans_id=110198&peptide_id=19070&scanf=27340&charge=2&value=sp|Q9UQ13|SHOC2_HUMAN,2,/core/www/modules/match_peptides/blast_html4.php?run_id=110202&search_id=114132&scans_id=110198&peptide_id=19070&scanf=27340&charge=2&value=2,K.LVLTNNQLTTLPR.G,/core/www/modules/show_out/show_out_wrapper.php?run_id=110202&search_id=114132&scans_id=110198&peptide_id=19070&scanf=27340&charge=2&value=K.LVLTNNQLTTLPR.G,SHOC2,2.609e+6,3.281,0.001,2.824,0.000
27342,2,"  3.073","  0.462",10/20,/core/www/modules//sdig/index.php?run_id=110202&search_id=114132&scans_id=110198&peptide_id=19071&scanf=27342&charge=2&value=10/20,sp|Q03701|CEBPZ_HUMAN,/core/www/modules//consensus/?run_id=110202&search_id=114132&scans_id=110198&peptide_id=19071&scanf=27342&charge=2&value=sp|Q03701|CEBPZ_HUMAN,0,/core/www/modules/match_peptides/blast_html4.php?run_id=110202&search_id=114132&scans_id=110198&peptide_id=19071&scanf=27342&charge=2&value=0,K.MLSALLTGVNR.A,/core/www/modules/show_out/show_out_wrapper.php?run_id=110202&search_id=114132&scans_id=110198&peptide_id=19071&scanf=27342&charge=2&value=K.MLSALLTGVNR.A,CEBPZ,1.402e+7,3.023,0.004,2.441,0.000
27343,4,"  3.132","  0.650",20/108,/core/www/modules//sdig/index.php?run_id=110202&search_id=114132&scans_id=110198&peptide_id=19072&scanf=27343&charge=4&value=20/108,sp|P22087|FBRL_HUMAN,/core/www/modules//consensus/?run_id=110202&search_id=114132&scans_id=110198&peptide_id=19072&scanf=27343&charge=4&value=sp|P22087|FBRL_HUMAN,7,/core/www/modules/match_peptides/blast_html4.php?run_id=110202&search_id=114132&scans_id=110198&peptide_id=19072&scanf=27343&charge=4&value=7,K.LAAAILGGVDQIHIKPGAK.V,/core/www/modules/show_out/show_out_wrapper.php?run_id=110202&search_id=114132&scans_id=110198&peptide_id=19072&scanf=27343&charge=4&value=K.LAAAILGGVDQIHIKPGAK.V,FBL,5.487e+8,3.855,0.000,3.675,0.000
27344,2,"  2.373","  0.292",9/16,/core/www/modules//sdig/index.php?run_id=110202&search_id=114132&scans_id=110198&peptide_id=19073&scanf=27344&charge=2&value=9/16,sp|Q14204|DYHC1_HUMAN,/core/www/modules//consensus/?run_id=110202&search_id=114132&scans_id=110198&peptide_id=19073&scanf=27344&charge=2&value=sp|Q14204|DYHC1_HUMAN,25,/core/www/modules/match_peptides/blast_html4.php?run_id=110202&search_id=114132&scans_id=110198&peptide_id=19073&scanf=27344&charge=2&value=25,R.IMFEVQDLK.Y,/core/www/modules/show_out/show_out_wrapper.php?run_id=110202&search_id=114132&scans_id=110198&peptide_id=19073&scanf=27344&charge=2&value=R.IMFEVQDLK.Y,DYNC1H1,6.614e+6,2.865,0.006,2.209,0.000
27345,3,"  3.538","  0.389",12/60,/core/www/modules//sdig/index.php?run_id=110202&search_id=114132&scans_id=110198&peptide_id=19074&scanf=27345&charge=3&value=12/60,sp|Q96T76|MMS19_HUMAN,/core/www/modules//consensus/?run_id=110202&search_id=114132&scans_id=110198&peptide_id=19074&scanf=27345&charge=3&value=sp|Q96T76|MMS19_HUMAN,3,/core/www/modules/match_peptides/blast_html4.php?run_id=110202&search_id=114132&scans_id=110198&peptide_id=19074&scanf=27345&charge=3&value=3,K.AIFQEVHVQSLPQVDR.H,/core/www/modules/show_out/show_out_wrapper.php?run_id=110202&search_id=114132&scans_id=110198&peptide_id=19074&scanf=27345&charge=3&value=K.AIFQEVHVQSLPQVDR.H,MMS19,5.037e+6,2.580,0.016,1.791,0.000
27346,2,"  2.011","  0.198",8/12,/core/www/modules//sdig/index.php?run_id=110202&search_id=114132&scans_id=110198&peptide_id=19075&scanf=27346&charge=2&value=8/12,sp|Q8N5C6|SRBD1_HUMAN,/core/www/modules//consensus/?run_id=110202&search_id=114132&scans_id=110198&peptide_id=19075&scanf=27346&charge=2&value=sp|Q8N5C6|SRBD1_HUMAN,0,/core/www/modules/match_peptides/blast_html4.php?run_id=110202&search_id=114132&scans_id=110198&peptide_id=19075&scanf=27346&charge=2&value=0,R.ITLDLIR.V,/core/www/modules/show_out/show_out_wrapper.php?run_id=110202&search_id=114132&scans_id=110198&peptide_id=19075&scanf=27346&charge=2&value=R.ITLDLIR.V,SRBD1,5.462e+6,2.400,0.030,1.530,0.001
27349,2,"  3.678","  0.540",12/20,/core/www/modules//sdig/index.php?run_id=110202&search_id=114132&scans_id=110198&peptide_id=19078&scanf=27349&charge=2&value=12/20,sp|Q92616|GCN1_HUMAN,/core/www/modules//consensus/?run_id=110202&search_id=114132&scans_id=110198&peptide_id=19078&scanf=27349&charge=2&value=sp|Q92616|GCN1_HUMAN,0,/core/www/modules/match_peptides/blast_html4.php?run_id=110202&search_id=114132&scans_id=110198&peptide_id=19078&scanf=27349&charge=2&value=0,K.KGVTSILPVLR.E,/core/www/modules/show_out/show_out_wrapper.php?run_id=110202&search_id=114132&scans_id=110198&peptide_id=19078&scanf=27349&charge=2&value=K.KGVTSILPVLR.E,GCN1,5.460e+6,3.324,0.001,2.888,0.000
27351,2,"  3.626","  0.542",13/24,/core/www/modules//sdig/index.php?run_id=110202&search_id=114132&scans_id=110198&peptide_id=19080&scanf=27351&charge=2&value=13/24,sp|P15311|EZRI_HUMAN,/core/www/modules//consensus/?run_id=110202&search_id=114132&scans_id=110198&peptide_id=19080&scanf=27351&charge=2&value=sp|P15311|EZRI_HUMAN,0,/core/www/modules/match_peptides/blast_html4.php?run_id=110202&search_id=114132&scans_id=110198&peptide_id=19080&scanf=27351&charge=2&value=0,R.QLLTLSSELSQAR.D,/core/www/modules/show_out/show_out_wrapper.php?run_id=110202&search_id=114132&scans_id=110198&peptide_id=19080&scanf=27351&charge=2&value=R.QLLTLSSELSQAR.D,EZR,5.423e+6,3.361,0.001,2.942,0.000
27354,3,"  5.078","  0.514",18/60,/core/www/modules//sdig/index.php?run_id=110202&search_id=114132&scans_id=110198&peptide_id=19083&scanf=27354&charge=3&value=18/60,sp|O75319|DUS11_HUMAN,/core/www/modules//consensus/?run_id=110202&search_id=114132&scans_id=110198&peptide_id=19083&scanf=27354&charge=3&value=sp|O75319|DUS11_HUMAN,8,/core/www/modules/match_peptides/blast_html4.php?run_id=110202&search_id=114132&scans_id=110198&peptide_id=19083&scanf=27354&charge=3&value=8,K.IFTVGHQVPDDETIFK.F,/core/www/modules/show_out/show_out_wrapper.php?run_id=110202&search_id=114132&scans_id=110198&peptide_id=19083&scanf=27354&charge=3&value=K.IFTVGHQVPDDETIFK.F,DUSP11,1.222e+7,3.259,0.002,2.792,0.000
27363,3,"  4.357","  0.598",22/60,/core/www/modules//sdig/index.php?run_id=110202&search_id=114132&scans_id=110198&peptide_id=19092&scanf=27363&charge=3&value=22/60,sp|Q14008|CKAP5_HUMAN,/core/www/modules//consensus/?run_id=110202&search_id=114132&scans_id=110198&peptide_id=19092&scanf=27363&charge=3&value=sp|Q14008|CKAP5_HUMAN,0,/core/www/modules/match_peptides/blast_html4.php?run_id=110202&search_id=114132&scans_id=110198&peptide_id=19092&scanf=27363&charge=3&value=0,R.DALRPPLQNINSVQLK.E,/core/www/modules/show_out/show_out_wrapper.php?run_id=110202&search_id=114132&scans_id=110198&peptide_id=19092&scanf=27363&charge=3&value=R.DALRPPLQNINSVQLK.E,CKAP5,9.863e+6,3.639,0.000,3.354,0.000
27365,3,"  4.264","  0.414",15/60,/core/www/modules//sdig/index.php?run_id=110202&search_id=114132&scans_id=110198&peptide_id=19094&scanf=27365&charge=3&value=15/60,sp|O75319|DUS11_HUMAN,/core/www/modules//consensus/?run_id=110202&search_id=114132&scans_id=110198&peptide_id=19094&scanf=27365&charge=3&value=sp|O75319|DUS11_HUMAN,8,/core/www/modules/match_peptides/blast_html4.php?run_id=110202&search_id=114132&scans_id=110198&peptide_id=19094&scanf=27365&charge=3&value=8,K.IFTVGHQVPDDETIFK.F,/core/www/modules/show_out/show_out_wrapper.php?run_id=110202&search_id=114132&scans_id=110198&peptide_id=19094&scanf=27365&charge=3&value=K.IFTVGHQVPDDETIFK.F,DUSP11,1.222e+7,2.798,0.008,2.111,0.000
27366,2,"  2.037","  0.236",7/20,/core/www/modules//sdig/index.php?run_id=110202&search_id=114132&scans_id=110198&peptide_id=19095&scanf=27366&charge=2&value=7/20,sp|P11142|HSP7C_HUMAN,/core/www/modules//consensus/?run_id=110202&search_id=114132&scans_id=110198&peptide_id=19095&scanf=27366&charge=2&value=sp|P11142|HSP7C_HUMAN,5,/core/www/modules/match_peptides/blast_html4.php?run_id=110202&search_id=114132&scans_id=110198&peptide_id=19095&scanf=27366&charge=2&value=5,K.FELTGIPPAPR.G,/core/www/modules/show_out/show_out_wrapper.php?run_id=110202&search_id=114132&scans_id=110198&peptide_id=19095&scanf=27366&charge=2&value=K.FELTGIPPAPR.G,HSPA8,1.185e+7,1.978,0.114,0.943,0.005
27369,2,"  1.904","  0.301",7/12,/core/www/modules//sdig/index.php?run_id=110202&search_id=114132&scans_id=110198&peptide_id=19098&scanf=27369&charge=2&value=7/12,sp|Q7L0Y3|TM10C_HUMAN,/core/www/modules//consensus/?run_id=110202&search_id=114132&scans_id=110198&peptide_id=19098&scanf=27369&charge=2&value=sp|Q7L0Y3|TM10C_HUMAN,1,/core/www/modules/match_peptides/blast_html4.php?run_id=110202&search_id=114132&scans_id=110198&peptide_id=19098&scanf=27369&charge=2&value=1,R.EFIEMWR.L,/core/www/modules/show_out/show_out_wrapper.php?run_id=110202&search_id=114132&scans_id=110198&peptide_id=19098&scanf=27369&charge=2&value=R.EFIEMWR.L,TRMT10C,4.707e+6,2.621,0.014,1.851,0.000
27370,2,"  2.320","  0.356",11/12,/core/www/modules//sdig/index.php?run_id=110202&search_id=114132&scans_id=110198&peptide_id=19100&scanf=27370&charge=2&value=11/12,sp|P04908|H2A1B_HUMAN,/core/www/modules//consensus/?run_id=110202&search_id=114132&scans_id=110198&peptide_id=19100&scanf=27370&charge=2&value=sp|P04908|H2A1B_HUMAN,20,/core/www/modules/match_peptides/blast_html4.php?run_id=110202&search_id=114132&scans_id=110198&peptide_id=19100&scanf=27370&charge=2&value=20,R.HLQLAIR.N,/core/www/modules/show_out/show_out_wrapper.php?run_id=110202&search_id=114132&scans_id=110198&peptide_id=19100&scanf=27370&charge=2&value=R.HLQLAIR.N,H2AC8,7.534e+6,3.525,0.001,3.185,0.000
27371,2,"  2.886","  0.423",11/20,/core/www/modules//sdig/index.php?run_id=110202&search_id=114132&scans_id=110198&peptide_id=19101&scanf=27371&charge=2&value=11/20,sp|Q13895|BYST_HUMAN,/core/www/modules//consensus/?run_id=110202&search_id=114132&scans_id=110198&peptide_id=19101&scanf=27371&charge=2&value=sp|Q13895|BYST_HUMAN,0,/core/www/modules/match_peptides/blast_html4.php?run_id=110202&search_id=114132&scans_id=110198&peptide_id=19101&scanf=27371&charge=2&value=0,R.EAIIVGSIITK.C,/core/www/modules/show_out/show_out_wrapper.php?run_id=110202&search_id=114132&scans_id=110198&peptide_id=19101&scanf=27371&charge=2&value=R.EAIIVGSIITK.C,BYSL,1.116e+7,2.956,0.005,2.344,0.000
27378,3,"  3.957","  0.452",15/44,/core/www/modules//sdig/index.php?run_id=110202&search_id=114132&scans_id=110198&peptide_id=19108&scanf=27378&charge=3&value=15/44,sp|P28370|SMCA1_HUMAN,/core/www/modules//consensus/?run_id=110202&search_id=114132&scans_id=110198&peptide_id=19108&scanf=27378&charge=3&value=sp|P28370|SMCA1_HUMAN,2,/core/www/modules/match_peptides/blast_html4.php?run_id=110202&search_id=114132&scans_id=110198&peptide_id=19108&scanf=27378&charge=3&value=2,K.LGMVEWIEPPKR.E,/core/www/modules/show_out/show_out_wrapper.php?run_id=110202&search_id=114132&scans_id=110198&peptide_id=19108&scanf=27378&charge=3&value=K.LGMVEWIEPPKR.E,SMARCA1,4.550e+7,2.976,0.004,2.373,0.000
27379,4,"  2.137","  0.291",7/78,/core/www/modules//sdig/index.php?run_id=110202&search_id=114132&scans_id=110198&peptide_id=19109&scanf=27379&charge=4&value=7/78,sp|Q9HB58|SP110_HUMAN,/core/www/modules//consensus/?run_id=110202&search_id=114132&scans_id=110198&peptide_id=19109&scanf=27379&charge=4&value=sp|Q9HB58|SP110_HUMAN,5,/core/www/modules/match_peptides/blast_html4.php?run_id=110202&search_id=114132&scans_id=110198&peptide_id=19109&scanf=27379&charge=4&value=5,R.AMEEALFQHFMHQK.L,/core/www/modules/show_out/show_out_wrapper.php?run_id=110202&search_id=114132&scans_id=110198&peptide_id=19109&scanf=27379&charge=4&value=R.AMEEALFQHFMHQK.L,SP110,2.447e+6,2.558,0.017,1.759,0.000
27384,2,"  2.018","  0.407",9/14,/core/www/modules//sdig/index.php?run_id=110202&search_id=114132&scans_id=110198&peptide_id=19114&scanf=27384&charge=2&value=9/14,sp|P60709|ACTB_HUMAN,/core/www/modules//consensus/?run_id=110202&search_id=114132&scans_id=110198&peptide_id=19114&scanf=27384&charge=2&value=sp|P60709|ACTB_HUMAN,16,/core/www/modules/match_peptides/blast_html4.php?run_id=110202&search_id=114132&scans_id=110198&peptide_id=19114&scanf=27384&charge=2&value=16,R.DLTDYLM*K.I,/core/www/modules/show_out/show_out_wrapper.php?run_id=110202&search_id=114132&scans_id=110198&peptide_id=19114&scanf=27384&charge=2&value=R.DLTDYLM*K.I,ACTB,2.406e+8,3.615,0.000,3.318,0.000
27387,2,"  2.176","  0.140",9/12,/core/www/modules//sdig/index.php?run_id=110202&search_id=114132&scans_id=110198&peptide_id=19117&scanf=27387&charge=2&value=9/12,sp|O60264|SMCA5_HUMAN,/core/www/modules//consensus/?run_id=110202&search_id=114132&scans_id=110198&peptide_id=19117&scanf=27387&charge=2&value=sp|O60264|SMCA5_HUMAN,3,/core/www/modules/match_peptides/blast_html4.php?run_id=110202&search_id=114132&scans_id=110198&peptide_id=19117&scanf=27387&charge=2&value=3,R.LFELLEK.E,/core/www/modules/show_out/show_out_wrapper.php?run_id=110202&search_id=114132&scans_id=110198&peptide_id=19117&scanf=27387&charge=2&value=R.LFELLEK.E,SMARCA5,1.015e+8,2.607,0.015,1.830,0.000
27388,3,"  3.929","  0.621",16/64,/core/www/modules//sdig/index.php?run_id=110202&search_id=114132&scans_id=110198&peptide_id=19118&scanf=27388&charge=3&value=16/64,sp|Q12904|AIMP1_HUMAN,/core/www/modules//consensus/?run_id=110202&search_id=114132&scans_id=110198&peptide_id=19118&scanf=27388&charge=3&value=sp|Q12904|AIMP1_HUMAN,2,/core/www/modules/match_peptides/blast_html4.php?run_id=110202&search_id=114132&scans_id=110198&peptide_id=19118&scanf=27388&charge=3&value=2,R.ITFDAFPGEPDKELNPK.K,/core/www/modules/show_out/show_out_wrapper.php?run_id=110202&search_id=114132&scans_id=110198&peptide_id=19118&scanf=27388&charge=3&value=R.ITFDAFPGEPDKELNPK.K,AIMP1,2.251e+7,3.155,0.002,2.637,0.000
27389,2,"  1.502","  0.321",8/18,/core/www/modules//sdig/index.php?run_id=110202&search_id=114132&scans_id=110198&peptide_id=19119&scanf=27389&charge=2&value=8/18,sp|O94776|MTA2_HUMAN,/core/www/modules//consensus/?run_id=110202&search_id=114132&scans_id=110198&peptide_id=19119&scanf=27389&charge=2&value=sp|O94776|MTA2_HUMAN,8,/core/www/modules/match_peptides/blast_html4.php?run_id=110202&search_id=114132&scans_id=110198&peptide_id=19119&scanf=27389&charge=2&value=8,R.QIDQFLVVAR.A,/core/www/modules/show_out/show_out_wrapper.php?run_id=110202&search_id=114132&scans_id=110198&peptide_id=19119&scanf=27389&charge=2&value=R.QIDQFLVVAR.A,MTA2,5.249e+7,2.403,0.029,1.534,0.001
27390,2,"  3.527","  0.550",14/22,/core/www/modules//sdig/index.php?run_id=110202&search_id=114132&scans_id=110198&peptide_id=19121&scanf=27390&charge=2&value=14/22,sp|P46063|RECQ1_HUMAN,/core/www/modules//consensus/?run_id=110202&search_id=114132&scans_id=110198&peptide_id=19121&scanf=27390&charge=2&value=sp|P46063|RECQ1_HUMAN,3,/core/www/modules/match_peptides/blast_html4.php?run_id=110202&search_id=114132&scans_id=110198&peptide_id=19121&scanf=27390&charge=2&value=3,K.EVFLVMPTGGGK.S,/core/www/modules/show_out/show_out_wrapper.php?run_id=110202&search_id=114132&scans_id=110198&peptide_id=19121&scanf=27390&charge=2&value=K.EVFLVMPTGGGK.S,RECQL,5.087e+7,3.515,0.001,3.170,0.000
27392,2,"  2.368","  0.277",9/16,/core/www/modules//sdig/index.php?run_id=110202&search_id=114132&scans_id=110198&peptide_id=19123&scanf=27392&charge=2&value=9/16,sp|P52701|MSH6_HUMAN,/core/www/modules//consensus/?run_id=110202&search_id=114132&scans_id=110198&peptide_id=19123&scanf=27392&charge=2&value=sp|P52701|MSH6_HUMAN,3,/core/www/modules/match_peptides/blast_html4.php?run_id=110202&search_id=114132&scans_id=110198&peptide_id=19123&scanf=27392&charge=2&value=3,K.ISEVVELLK.K,/core/www/modules/show_out/show_out_wrapper.php?run_id=110202&search_id=114132&scans_id=110198&peptide_id=19123&scanf=27392&charge=2&value=K.ISEVVELLK.K,MSH6,6.427e+6,2.564,0.017,1.768,0.000
27393,3,"  2.648","  0.286",11/56,/core/www/modules//sdig/index.php?run_id=110202&search_id=114132&scans_id=110198&peptide_id=19124&scanf=27393&charge=3&value=11/56,sp|O60264|SMCA5_HUMAN,/core/www/modules//consensus/?run_id=110202&search_id=114132&scans_id=110198&peptide_id=19124&scanf=27393&charge=3&value=sp|O60264|SMCA5_HUMAN,0,/core/www/modules/match_peptides/blast_html4.php?run_id=110202&search_id=114132&scans_id=110198&peptide_id=19124&scanf=27393&charge=3&value=0,K.QTELFAHFIQPAAQK.T,/core/www/modules/show_out/show_out_wrapper.php?run_id=110202&search_id=114132&scans_id=110198&peptide_id=19124&scanf=27393&charge=3&value=K.QTELFAHFIQPAAQK.T,SMARCA5,2.276e+7,2.505,0.021,1.681,0.000
27397,3,"  2.374","  0.453",10/52,/core/www/modules//sdig/index.php?run_id=110202&search_id=114132&scans_id=110198&peptide_id=19128&scanf=27397&charge=3&value=10/52,sp|P55060|XPO2_HUMAN,/core/www/modules//consensus/?run_id=110202&search_id=114132&scans_id=110198&peptide_id=19128&scanf=27397&charge=3&value=sp|P55060|XPO2_HUMAN,0,/core/www/modules/match_peptides/blast_html4.php?run_id=110202&search_id=114132&scans_id=110198&peptide_id=19128&scanf=27397&charge=3&value=0,R.FQSGDFHVINGVLR.T,/core/www/modules/show_out/show_out_wrapper.php?run_id=110202&search_id=114132&scans_id=110198&peptide_id=19128&scanf=27397&charge=3&value=R.FQSGDFHVINGVLR.T,CSE1L,6.128e+6,2.734,0.010,2.017,0.000
27398,3,"  3.793","  0.470",18/72,/core/www/modules//sdig/index.php?run_id=110202&search_id=114132&scans_id=110198&peptide_id=19129&scanf=27398&charge=3&value=18/72,sp|O43776|SYNC_HUMAN,/core/www/modules//consensus/?run_id=110202&search_id=114132&scans_id=110198&peptide_id=19129&scanf=27398&charge=3&value=sp|O43776|SYNC_HUMAN,0,/core/www/modules/match_peptides/blast_html4.php?run_id=110202&search_id=114132&scans_id=110198&peptide_id=19129&scanf=27398&charge=3&value=0,K.KEDGTFYEFGEDIPEAPER.L,/core/www/modules/show_out/show_out_wrapper.php?run_id=110202&search_id=114132&scans_id=110198&peptide_id=19129&scanf=27398&charge=3&value=K.KEDGTFYEFGEDIPEAPER.L,NARS1,1.717e+6,2.561,0.017,1.763,0.000
27399,2,"  4.073","  0.590",15/34,/core/www/modules//sdig/index.php?run_id=110202&search_id=114132&scans_id=110198&peptide_id=19130&scanf=27399&charge=2&value=15/34,sp|Q00610|CLH1_HUMAN,/core/www/modules//consensus/?run_id=110202&search_id=114132&scans_id=110198&peptide_id=19130&scanf=27399&charge=2&value=sp|Q00610|CLH1_HUMAN,8,/core/www/modules/match_peptides/blast_html4.php?run_id=110202&search_id=114132&scans_id=110198&peptide_id=19130&scanf=27399&charge=2&value=8,K.LHIIEVGTPPTGNQPFPK.K,/core/www/modules/show_out/show_out_wrapper.php?run_id=110202&search_id=114132&scans_id=110198&peptide_id=19130&scanf=27399&charge=2&value=K.LHIIEVGTPPTGNQPFPK.K,CLTC,2.198e+6,3.104,0.003,2.562,0.000
27403,2,"  1.839","  0.424",9/14,/core/www/modules//sdig/index.php?run_id=110202&search_id=114132&scans_id=110198&peptide_id=19135&scanf=27403&charge=2&value=9/14,sp|P50991|TCPD_HUMAN,/core/www/modules//consensus/?run_id=110202&search_id=114132&scans_id=110198&peptide_id=19135&scanf=27403&charge=2&value=sp|P50991|TCPD_HUMAN,0,/core/www/modules/match_peptides/blast_html4.php?run_id=110202&search_id=114132&scans_id=110198&peptide_id=19135&scanf=27403&charge=2&value=0,R.AYILNLVK.Q,/core/www/modules/show_out/show_out_wrapper.php?run_id=110202&search_id=114132&scans_id=110198&peptide_id=19135&scanf=27403&charge=2&value=R.AYILNLVK.Q,CCT4,4.359e+7,3.151,0.002,2.632,0.000
27405,3,"  6.425","  0.764",25/68,/core/www/modules//sdig/index.php?run_id=110202&search_id=114132&scans_id=110198&peptide_id=19136&scanf=27405&charge=3&value=25/68,sp|Q05048|CSTF1_HUMAN,/core/www/modules//consensus/?run_id=110202&search_id=114132&scans_id=110198&peptide_id=19136&scanf=27405&charge=3&value=sp|Q05048|CSTF1_HUMAN,0,/core/www/modules/match_peptides/blast_html4.php?run_id=110202&search_id=114132&scans_id=110198&peptide_id=19136&scanf=27405&charge=3&value=0,R.TQAVFNHTEDYVLLPDER.T,/core/www/modules/show_out/show_out_wrapper.php?run_id=110202&search_id=114132&scans_id=110198&peptide_id=19136&scanf=27405&charge=3&value=R.TQAVFNHTEDYVLLPDER.T,CSTF1,1.140e+7,4.154,0.000,4.118,0.000
27408,2,"  3.919","  0.436",15/20,/core/www/modules//sdig/index.php?run_id=110202&search_id=114132&scans_id=110198&peptide_id=19139&scanf=27408&charge=2&value=15/20,sp|P62195|PRS8_HUMAN,/core/www/modules//consensus/?run_id=110202&search_id=114132&scans_id=110198&peptide_id=19139&scanf=27408&charge=2&value=sp|P62195|PRS8_HUMAN,5,/core/www/modules/match_peptides/blast_html4.php?run_id=110202&search_id=114132&scans_id=110198&peptide_id=19139&scanf=27408&charge=2&value=5,K.IEELQLIVNDK.S,/core/www/modules/show_out/show_out_wrapper.php?run_id=110202&search_id=114132&scans_id=110198&peptide_id=19139&scanf=27408&charge=2&value=K.IEELQLIVNDK.S,PSMC5,2.259e+7,3.254,0.002,2.783,0.000
27410,2,"  3.356","  0.666",15/28,/core/www/modules//sdig/index.php?run_id=110202&search_id=114132&scans_id=110198&peptide_id=19142&scanf=27410&charge=2&value=15/28,sp|P25705|ATPA_HUMAN,/core/www/modules//consensus/?run_id=110202&search_id=114132&scans_id=110198&peptide_id=19142&scanf=27410&charge=2&value=sp|P25705|ATPA_HUMAN,4,/core/www/modules/match_peptides/blast_html4.php?run_id=110202&search_id=114132&scans_id=110198&peptide_id=19142&scanf=27410&charge=2&value=4,R.NVQAEEMVEFSSGLK.G,/core/www/modules/show_out/show_out_wrapper.php?run_id=110202&search_id=114132&scans_id=110198&peptide_id=19142&scanf=27410&charge=2&value=R.NVQAEEMVEFSSGLK.G,ATP5F1A,1.192e+7,3.610,0.000,3.311,0.000
27412,2,"  2.417","  0.379",11/16,/core/www/modules//sdig/index.php?run_id=110202&search_id=114132&scans_id=110198&peptide_id=19144&scanf=27412&charge=2&value=11/16,sp|P78527|PRKDC_HUMAN,/core/www/modules//consensus/?run_id=110202&search_id=114132&scans_id=110198&peptide_id=19144&scanf=27412&charge=2&value=sp|P78527|PRKDC_HUMAN,0,/core/www/modules/match_peptides/blast_html4.php?run_id=110202&search_id=114132&scans_id=110198&peptide_id=19144&scanf=27412&charge=2&value=0,K.M*AVLALLAK.I,/core/www/modules/show_out/show_out_wrapper.php?run_id=110202&search_id=114132&scans_id=110198&peptide_id=19144&scanf=27412&charge=2&value=K.M*AVLALLAK.I,PRKDC,2.001e+8,3.780,0.000,3.564,0.000
27414,3,"  4.382","  0.555",16/72,/core/www/modules//sdig/index.php?run_id=110202&search_id=114132&scans_id=110198&peptide_id=19146&scanf=27414&charge=3&value=16/72,sp|O00425|IF2B3_HUMAN,/core/www/modules//consensus/?run_id=110202&search_id=114132&scans_id=110198&peptide_id=19146&scanf=27414&charge=3&value=sp|O00425|IF2B3_HUMAN,0,/core/www/modules/match_peptides/blast_html4.php?run_id=110202&search_id=114132&scans_id=110198&peptide_id=19146&scanf=27414&charge=3&value=0,K.VAYIPDEMAAQQNPLQQPR.G,/core/www/modules/show_out/show_out_wrapper.php?run_id=110202&search_id=114132&scans_id=110198&peptide_id=19146&scanf=27414&charge=3&value=K.VAYIPDEMAAQQNPLQQPR.G,IGF2BP3,6.535e+6,3.179,0.002,2.673,0.000
27417,2,"  3.383","  0.531",14/28,/core/www/modules//sdig/index.php?run_id=110202&search_id=114132&scans_id=110198&peptide_id=19149&scanf=27417&charge=2&value=14/28,sp|O14983|AT2A1_HUMAN,/core/www/modules//consensus/?run_id=110202&search_id=114132&scans_id=110198&peptide_id=19149&scanf=27417&charge=2&value=sp|O14983|AT2A1_HUMAN,1,/core/www/modules/match_peptides/blast_html4.php?run_id=110202&search_id=114132&scans_id=110198&peptide_id=19149&scanf=27417&charge=2&value=1,R.VDQSILTGESVSVIK.H,/core/www/modules/show_out/show_out_wrapper.php?run_id=110202&search_id=114132&scans_id=110198&peptide_id=19149&scanf=27417&charge=2&value=R.VDQSILTGESVSVIK.H,ATP2A1,4.480e+6,2.859,0.006,2.200,0.000
27420,3,"  5.884","  0.589",20/68,/core/www/modules//sdig/index.php?run_id=110202&search_id=114132&scans_id=110198&peptide_id=19153&scanf=27420&charge=3&value=20/68,sp|O14617|AP3D1_HUMAN,/core/www/modules//consensus/?run_id=110202&search_id=114132&scans_id=110198&peptide_id=19153&scanf=27420&charge=3&value=sp|O14617|AP3D1_HUMAN,1,/core/www/modules/match_peptides/blast_html4.php?run_id=110202&search_id=114132&scans_id=110198&peptide_id=19153&scanf=27420&charge=3&value=1,R.VTTLPGHIQAVYVQNVVK.L,/core/www/modules/show_out/show_out_wrapper.php?run_id=110202&search_id=114132&scans_id=110198&peptide_id=19153&scanf=27420&charge=3&value=R.VTTLPGHIQAVYVQNVVK.L,AP3D1,9.522e+6,3.498,0.001,3.145,0.000
27426,2,"  4.325","  0.725",19/28,/core/www/modules//sdig/index.php?run_id=110202&search_id=114132&scans_id=110198&peptide_id=19158&scanf=27426&charge=2&value=19/28,sp|P62241|RS8_HUMAN,/core/www/modules//consensus/?run_id=110202&search_id=114132&scans_id=110198&peptide_id=19158&scanf=27426&charge=2&value=sp|P62241|RS8_HUMAN,1,/core/www/modules/match_peptides/blast_html4.php?run_id=110202&search_id=114132&scans_id=110198&peptide_id=19158&scanf=27426&charge=2&value=1,R.IIDVVYNASNNELVR.T,/core/www/modules/show_out/show_out_wrapper.php?run_id=110202&search_id=114132&scans_id=110198&peptide_id=19158&scanf=27426&charge=2&value=R.IIDVVYNASNNELVR.T,RPS8,9.895e+7,4.059,0.000,3.977,0.000
27430,4,"  2.710","  0.186",14/102,/core/www/modules//sdig/index.php?run_id=110202&search_id=114132&scans_id=110198&peptide_id=19163&scanf=27430&charge=4&value=14/102,sp|Q709C8|VP13C_HUMAN,/core/www/modules//consensus/?run_id=110202&search_id=114132&scans_id=110198&peptide_id=19163&scanf=27430&charge=4&value=sp|Q709C8|VP13C_HUMAN,1,/core/www/modules/match_peptides/blast_html4.php?run_id=110202&search_id=114132&scans_id=110198&peptide_id=19163&scanf=27430&charge=4&value=1,R.IGIARPEEEFHVPLDSYR.C,/core/www/modules/show_out/show_out_wrapper.php?run_id=110202&search_id=114132&scans_id=110198&peptide_id=19163&scanf=27430&charge=4&value=R.IGIARPEEEFHVPLDSYR.C,VPS13C,3.453e+6,2.195,0.058,1.238,0.002
27431,3,"  3.072","  0.546",15/56,/core/www/modules//sdig/index.php?run_id=110202&search_id=114132&scans_id=110198&peptide_id=19164&scanf=27431&charge=3&value=15/56,sp|Q9NVP1|DDX18_HUMAN,/core/www/modules//consensus/?run_id=110202&search_id=114132&scans_id=110198&peptide_id=19164&scanf=27431&charge=3&value=sp|Q9NVP1|DDX18_HUMAN,0,/core/www/modules/match_peptides/blast_html4.php?run_id=110202&search_id=114132&scans_id=110198&peptide_id=19164&scanf=27431&charge=3&value=0,K.VPPFVDLNVNSNEGK.Q,/core/www/modules/show_out/show_out_wrapper.php?run_id=110202&search_id=114132&scans_id=110198&peptide_id=19164&scanf=27431&charge=3&value=K.VPPFVDLNVNSNEGK.Q,DDX18,1.201e+7,3.262,0.002,2.795,0.000
27434,3,"  2.352","  0.242",10/60,/core/www/modules//sdig/index.php?run_id=110202&search_id=114132&scans_id=110198&peptide_id=19167&scanf=27434&charge=3&value=10/60,sp|P49736|MCM2_HUMAN,/core/www/modules//consensus/?run_id=110202&search_id=114132&scans_id=110198&peptide_id=19167&scanf=27434&charge=3&value=sp|P49736|MCM2_HUMAN,0,/core/www/modules/match_peptides/blast_html4.php?run_id=110202&search_id=114132&scans_id=110198&peptide_id=19167&scanf=27434&charge=3&value=0,K.IFASIAPSIYGHEDIK.R,/core/www/modules/show_out/show_out_wrapper.php?run_id=110202&search_id=114132&scans_id=110198&peptide_id=19167&scanf=27434&charge=3&value=K.IFASIAPSIYGHEDIK.R,MCM2,5.430e+6,2.070,0.086,1.066,0.004
27435,2,"  1.694","  0.232",8/12,/core/www/modules//sdig/index.php?run_id=110202&search_id=114132&scans_id=110198&peptide_id=19168&scanf=27435&charge=2&value=8/12,sp|Q7L1Q6|5MP2_HUMAN,/core/www/modules//consensus/?run_id=110202&search_id=114132&scans_id=110198&peptide_id=19168&scanf=27435&charge=2&value=sp|Q7L1Q6|5MP2_HUMAN,4,/core/www/modules/match_peptides/blast_html4.php?run_id=110202&search_id=114132&scans_id=110198&peptide_id=19168&scanf=27435&charge=2&value=4,K.IVVLFYK.A,/core/www/modules/show_out/show_out_wrapper.php?run_id=110202&search_id=114132&scans_id=110198&peptide_id=19168&scanf=27435&charge=2&value=K.IVVLFYK.A,BZW1,1.060e+7,2.496,0.021,1.669,0.001
27436,2,"  2.566","  0.334",10/16,/core/www/modules//sdig/index.php?run_id=110202&search_id=114132&scans_id=110198&peptide_id=19169&scanf=27436&charge=2&value=10/16,sp|Q14204|DYHC1_HUMAN,/core/www/modules//consensus/?run_id=110202&search_id=114132&scans_id=110198&peptide_id=19169&scanf=27436&charge=2&value=sp|Q14204|DYHC1_HUMAN,25,/core/www/modules/match_peptides/blast_html4.php?run_id=110202&search_id=114132&scans_id=110198&peptide_id=19169&scanf=27436&charge=2&value=25,R.IMFEVQDLK.Y,/core/www/modules/show_out/show_out_wrapper.php?run_id=110202&search_id=114132&scans_id=110198&peptide_id=19169&scanf=27436&charge=2&value=R.IMFEVQDLK.Y,DYNC1H1,6.614e+6,3.071,0.003,2.513,0.000
27439,2,"  4.885","  0.739",19/38,/core/www/modules//sdig/index.php?run_id=110202&search_id=114132&scans_id=110198&peptide_id=19172&scanf=27439&charge=2&value=19/38,sp|Q9UQE7|SMC3_HUMAN,/core/www/modules//consensus/?run_id=110202&search_id=114132&scans_id=110198&peptide_id=19172&scanf=27439&charge=2&value=sp|Q9UQE7|SMC3_HUMAN,0,/core/www/modules/match_peptides/blast_html4.php?run_id=110202&search_id=114132&scans_id=110198&peptide_id=19172&scanf=27439&charge=2&value=0,R.GSGSQSSVPSVDQFTGVGIR.V,/core/www/modules/show_out/show_out_wrapper.php?run_id=110202&search_id=114132&scans_id=110198&peptide_id=19172&scanf=27439&charge=2&value=R.GSGSQSSVPSVDQFTGVGIR.V,SMC3,1.270e+7,3.883,0.000,3.716,0.000
27441,4,"  4.638","  0.480",17/108,/core/www/modules//sdig/index.php?run_id=110202&search_id=114132&scans_id=110198&peptide_id=19174&scanf=27441&charge=4&value=17/108,sp|Q99848|EBP2_HUMAN,/core/www/modules//consensus/?run_id=110202&search_id=114132&scans_id=110198&peptide_id=19174&scanf=27441&charge=4&value=sp|Q99848|EBP2_HUMAN,1,/core/www/modules/match_peptides/blast_html4.php?run_id=110202&search_id=114132&scans_id=110198&peptide_id=19174&scanf=27441&charge=4&value=1,K.GFSDKLDFLEGDQKPLAQR.K,/core/www/modules/show_out/show_out_wrapper.php?run_id=110202&search_id=114132&scans_id=110198&peptide_id=19174&scanf=27441&charge=4&value=K.GFSDKLDFLEGDQKPLAQR.K,EBNA1BP2,4.498e+7,3.004,0.004,2.415,0.000
27442,3,"  2.167","  0.447",9/48,/core/www/modules//sdig/index.php?run_id=110202&search_id=114132&scans_id=110198&peptide_id=19175&scanf=27442&charge=3&value=9/48,sp|Q6PD62|CTR9_HUMAN,/core/www/modules//consensus/?run_id=110202&search_id=114132&scans_id=110198&peptide_id=19175&scanf=27442&charge=3&value=sp|Q6PD62|CTR9_HUMAN,0,/core/www/modules/match_peptides/blast_html4.php?run_id=110202&search_id=114132&scans_id=110198&peptide_id=19175&scanf=27442&charge=3&value=0,R.DKGNFYEASDWFK.E,/core/www/modules/show_out/show_out_wrapper.php?run_id=110202&search_id=114132&scans_id=110198&peptide_id=19175&scanf=27442&charge=3&value=R.DKGNFYEASDWFK.E,CTR9,4.055e+6,2.490,0.022,1.660,0.001
27443,2,"  2.660","  0.493",9/22,/core/www/modules//sdig/index.php?run_id=110202&search_id=114132&scans_id=110198&peptide_id=19176&scanf=27443&charge=2&value=9/22,sp|Q9Y3B2|EXOS1_HUMAN,/core/www/modules//consensus/?run_id=110202&search_id=114132&scans_id=110198&peptide_id=19176&scanf=27443&charge=2&value=sp|Q9Y3B2|EXOS1_HUMAN,4,/core/www/modules/match_peptides/blast_html4.php?run_id=110202&search_id=114132&scans_id=110198&peptide_id=19176&scanf=27443&charge=2&value=4,K.VHILYVGSMPLK.N,/core/www/modules/show_out/show_out_wrapper.php?run_id=110202&search_id=114132&scans_id=110198&peptide_id=19176&scanf=27443&charge=2&value=K.VHILYVGSMPLK.N,EXOSC1,4.286e+6,2.888,0.006,2.243,0.000
27447,2,"  3.241","  0.478",12/18,/core/www/modules//sdig/index.php?run_id=110202&search_id=114132&scans_id=110198&peptide_id=19179&scanf=27447&charge=2&value=12/18,sp|O94776|MTA2_HUMAN,/core/www/modules//consensus/?run_id=110202&search_id=114132&scans_id=110198&peptide_id=19179&scanf=27447&charge=2&value=sp|O94776|MTA2_HUMAN,8,/core/www/modules/match_peptides/blast_html4.php?run_id=110202&search_id=114132&scans_id=110198&peptide_id=19179&scanf=27447&charge=2&value=8,R.QIDQFLVVAR.A,/core/www/modules/show_out/show_out_wrapper.php?run_id=110202&search_id=114132&scans_id=110198&peptide_id=19179&scanf=27447&charge=2&value=R.QIDQFLVVAR.A,MTA2,5.249e+7,3.382,0.001,2.974,0.000
27448,4,"  5.065","  0.671",24/108,/core/www/modules//sdig/index.php?run_id=110202&search_id=114132&scans_id=110198&peptide_id=19180&scanf=27448&charge=4&value=24/108,sp|P53618|COPB_HUMAN,/core/www/modules//consensus/?run_id=110202&search_id=114132&scans_id=110198&peptide_id=19180&scanf=27448&charge=4&value=sp|P53618|COPB_HUMAN,0,/core/www/modules/match_peptides/blast_html4.php?run_id=110202&search_id=114132&scans_id=110198&peptide_id=19180&scanf=27448&charge=4&value=0,K.LVEKPSPLTLAPHDFANIK.A,/core/www/modules/show_out/show_out_wrapper.php?run_id=110202&search_id=114132&scans_id=110198&peptide_id=19180&scanf=27448&charge=4&value=K.LVEKPSPLTLAPHDFANIK.A,COPB1,5.805e+7,4.127,0.000,4.078,0.000
27450,3,"  3.931","  0.451",18/68,/core/www/modules//sdig/index.php?run_id=110202&search_id=114132&scans_id=110198&peptide_id=19183&scanf=27450&charge=3&value=18/68,sp|Q12904|AIMP1_HUMAN,/core/www/modules//consensus/?run_id=110202&search_id=114132&scans_id=110198&peptide_id=19183&scanf=27450&charge=3&value=sp|Q12904|AIMP1_HUMAN,4,/core/www/modules/match_peptides/blast_html4.php?run_id=110202&search_id=114132&scans_id=110198&peptide_id=19183&scanf=27450&charge=3&value=4,R.TVVSGLVNHVPLEQMQNR.M,/core/www/modules/show_out/show_out_wrapper.php?run_id=110202&search_id=114132&scans_id=110198&peptide_id=19183&scanf=27450&charge=3&value=R.TVVSGLVNHVPLEQMQNR.M,AIMP1,3.127e+7,2.885,0.006,2.238,0.000
27452,2,"  2.116","  0.411",8/14,/core/www/modules//sdig/index.php?run_id=110202&search_id=114132&scans_id=110198&peptide_id=19185&scanf=27452&charge=2&value=8/14,sp|Q9UBW7|ZMYM2_HUMAN,/core/www/modules//consensus/?run_id=110202&search_id=114132&scans_id=110198&peptide_id=19185&scanf=27452&charge=2&value=sp|Q9UBW7|ZMYM2_HUMAN,0,/core/www/modules/match_peptides/blast_html4.php?run_id=110202&search_id=114132&scans_id=110198&peptide_id=19185&scanf=27452&charge=2&value=0,R.LSFGTVFR.H,/core/www/modules/show_out/show_out_wrapper.php?run_id=110202&search_id=114132&scans_id=110198&peptide_id=19185&scanf=27452&charge=2&value=R.LSFGTVFR.H,ZMYM2,2.546e+6,2.923,0.005,2.294,0.000
27456,2,"  1.527","  0.119",5/18,/core/www/modules//sdig/index.php?run_id=110202&search_id=114132&scans_id=110198&peptide_id=19189&scanf=27456&charge=2&value=5/18,sp|P08670|VIME_HUMAN,/core/www/modules//consensus/?run_id=110202&search_id=114132&scans_id=110198&peptide_id=19189&scanf=27456&charge=2&value=sp|P08670|VIME_HUMAN,2,/core/www/modules/match_peptides/blast_html4.php?run_id=110202&search_id=114132&scans_id=110198&peptide_id=19189&scanf=27456&charge=2&value=2,K.FADLSEAANR.N,/core/www/modules/show_out/show_out_wrapper.php?run_id=110202&search_id=114132&scans_id=110198&peptide_id=19189&scanf=27456&charge=2&value=K.FADLSEAANR.N,VIM,2.921e+6,1.838,0.172,0.765,0.009
27457,3,"  3.734","  0.602",13/76,/core/www/modules//sdig/index.php?run_id=110202&search_id=114132&scans_id=110198&peptide_id=19190&scanf=27457&charge=3&value=13/76,sp|Q9BY44|EIF2A_HUMAN,/core/www/modules//consensus/?run_id=110202&search_id=114132&scans_id=110198&peptide_id=19190&scanf=27457&charge=3&value=sp|Q9BY44|EIF2A_HUMAN,1,/core/www/modules/match_peptides/blast_html4.php?run_id=110202&search_id=114132&scans_id=110198&peptide_id=19190&scanf=27457&charge=3&value=1,R.NVNNEVHFFENNNFNTIANK.L,/core/www/modules/show_out/show_out_wrapper.php?run_id=110202&search_id=114132&scans_id=110198&peptide_id=19190&scanf=27457&charge=3&value=R.NVNNEVHFFENNNFNTIANK.L,EIF2A,2.238e+6,3.054,0.003,2.488,0.000
27459,3,"  5.245","  0.666",18/52,/core/www/modules//sdig/index.php?run_id=110202&search_id=114132&scans_id=110198&peptide_id=19192&scanf=27459&charge=3&value=18/52,sp|P14625|ENPL_HUMAN,/core/www/modules//consensus/?run_id=110202&search_id=114132&scans_id=110198&peptide_id=19192&scanf=27459&charge=3&value=sp|P14625|ENPL_HUMAN,8,/core/www/modules/match_peptides/blast_html4.php?run_id=110202&search_id=114132&scans_id=110198&peptide_id=19192&scanf=27459&charge=3&value=8,R.RVFITDDFHDMMPK.Y,/core/www/modules/show_out/show_out_wrapper.php?run_id=110202&search_id=114132&scans_id=110198&peptide_id=19192&scanf=27459&charge=3&value=R.RVFITDDFHDMMPK.Y,HSP90B1,3.140e+7,3.739,0.000,3.502,0.000
27461,2,"  5.153","  0.676",23/32,/core/www/modules//sdig/index.php?run_id=110202&search_id=114132&scans_id=110198&peptide_id=19195&scanf=27461&charge=2&value=23/32,sp|O60664|PLIN3_HUMAN,/core/www/modules//consensus/?run_id=110202&search_id=114132&scans_id=110198&peptide_id=19195&scanf=27461&charge=2&value=sp|O60664|PLIN3_HUMAN,1,/core/www/modules/match_peptides/blast_html4.php?run_id=110202&search_id=114132&scans_id=110198&peptide_id=19195&scanf=27461&charge=2&value=1,R.IATSLDGFDVASVQQQR.Q,/core/www/modules/show_out/show_out_wrapper.php?run_id=110202&search_id=114132&scans_id=110198&peptide_id=19195&scanf=27461&charge=2&value=R.IATSLDGFDVASVQQQR.Q,PLIN3,4.907e+6,3.892,0.000,3.729,0.000
27468,2,"  1.833","  0.176",11/16,/core/www/modules//sdig/index.php?run_id=110202&search_id=114132&scans_id=110198&peptide_id=19201&scanf=27468&charge=2&value=11/16,sp|O60814|H2B1K_HUMAN,/core/www/modules//consensus/?run_id=110202&search_id=114132&scans_id=110198&peptide_id=19201&scanf=27468&charge=2&value=sp|O60814|H2B1K_HUMAN,16,/core/www/modules/match_peptides/blast_html4.php?run_id=110202&search_id=114132&scans_id=110198&peptide_id=19201&scanf=27468&charge=2&value=16,R.LLLPGELAK.H,/core/www/modules/show_out/show_out_wrapper.php?run_id=110202&search_id=114132&scans_id=110198&peptide_id=19201&scanf=27468&charge=2&value=R.LLLPGELAK.H,H2BC12,4.487e+9,2.532,0.019,1.720,0.000
27469,3,"  3.368","  0.473",15/68,/core/www/modules//sdig/index.php?run_id=110202&search_id=114132&scans_id=110198&peptide_id=19202&scanf=27469&charge=3&value=15/68,sp|Q12904|AIMP1_HUMAN,/core/www/modules//consensus/?run_id=110202&search_id=114132&scans_id=110198&peptide_id=19202&scanf=27469&charge=3&value=sp|Q12904|AIMP1_HUMAN,4,/core/www/modules/match_peptides/blast_html4.php?run_id=110202&search_id=114132&scans_id=110198&peptide_id=19202&scanf=27469&charge=3&value=4,R.TVVSGLVNHVPLEQMQNR.M,/core/www/modules/show_out/show_out_wrapper.php?run_id=110202&search_id=114132&scans_id=110198&peptide_id=19202&scanf=27469&charge=3&value=R.TVVSGLVNHVPLEQMQNR.M,AIMP1,3.127e+7,2.862,0.006,2.205,0.000
27472,2,"  2.996","  0.499",14/28,/core/www/modules//sdig/index.php?run_id=110202&search_id=114132&scans_id=110198&peptide_id=19206&scanf=27472&charge=2&value=14/28,sp|O14983|AT2A1_HUMAN,/core/www/modules//consensus/?run_id=110202&search_id=114132&scans_id=110198&peptide_id=19206&scanf=27472&charge=2&value=sp|O14983|AT2A1_HUMAN,1,/core/www/modules/match_peptides/blast_html4.php?run_id=110202&search_id=114132&scans_id=110198&peptide_id=19206&scanf=27472&charge=2&value=1,R.VDQSILTGESVSVIK.H,/core/www/modules/show_out/show_out_wrapper.php?run_id=110202&search_id=114132&scans_id=110198&peptide_id=19206&scanf=27472&charge=2&value=R.VDQSILTGESVSVIK.H,ATP2A1,4.480e+6,2.883,0.006,2.235,0.000
27473,2,"  2.701","  0.492",12/20,/core/www/modules//sdig/index.php?run_id=110202&search_id=114132&scans_id=110198&peptide_id=19207&scanf=27473&charge=2&value=12/20,sp|P46459|NSF_HUMAN,/core/www/modules//consensus/?run_id=110202&search_id=114132&scans_id=110198&peptide_id=19207&scanf=27473&charge=2&value=sp|P46459|NSF_HUMAN,2,/core/www/modules/match_peptides/blast_html4.php?run_id=110202&search_id=114132&scans_id=110198&peptide_id=19207&scanf=27473&charge=2&value=2,K.DIEAMDPSILK.G,/core/www/modules/show_out/show_out_wrapper.php?run_id=110202&search_id=114132&scans_id=110198&peptide_id=19207&scanf=27473&charge=2&value=K.DIEAMDPSILK.G,NSF,1.431e+7,3.230,0.002,2.748,0.000
27475,2,"  3.719","  0.675",16/22,/core/www/modules//sdig/index.php?run_id=110202&search_id=114132&scans_id=110198&peptide_id=19209&scanf=27475&charge=2&value=16/22,sp|Q15287|RNPS1_HUMAN,/core/www/modules//consensus/?run_id=110202&search_id=114132&scans_id=110198&peptide_id=19209&scanf=27475&charge=2&value=sp|Q15287|RNPS1_HUMAN,4,/core/www/modules/match_peptides/blast_html4.php?run_id=110202&search_id=114132&scans_id=110198&peptide_id=19209&scanf=27475&charge=2&value=4,K.DHIMEIFSTYGK.I,/core/www/modules/show_out/show_out_wrapper.php?run_id=110202&search_id=114132&scans_id=110198&peptide_id=19209&scanf=27475&charge=2&value=K.DHIMEIFSTYGK.I,RNPS1,4.320e+7,4.024,0.000,3.925,0.000
27482,2,"  4.786","  0.715",20/30,/core/www/modules//sdig/index.php?run_id=110202&search_id=114132&scans_id=110198&peptide_id=19217&scanf=27482&charge=2&value=20/30,sp|Q99541|PLIN2_HUMAN,/core/www/modules//consensus/?run_id=110202&search_id=114132&scans_id=110198&peptide_id=19217&scanf=27482&charge=2&value=sp|Q99541|PLIN2_HUMAN,1,/core/www/modules/match_peptides/blast_html4.php?run_id=110202&search_id=114132&scans_id=110198&peptide_id=19217&scanf=27482&charge=2&value=1,R.LPILNQPSTQIVANAK.G,/core/www/modules/show_out/show_out_wrapper.php?run_id=110202&search_id=114132&scans_id=110198&peptide_id=19217&scanf=27482&charge=2&value=R.LPILNQPSTQIVANAK.G,PLIN2,3.491e+6,3.958,0.000,3.828,0.000
27484,2,"  3.256","  0.617",15/26,/core/www/modules//sdig/index.php?run_id=110202&search_id=114132&scans_id=110198&peptide_id=19219&scanf=27484&charge=2&value=15/26,sp|Q14498|RBM39_HUMAN,/core/www/modules//consensus/?run_id=110202&search_id=114132&scans_id=110198&peptide_id=19219&scanf=27484&charge=2&value=sp|Q14498|RBM39_HUMAN,3,/core/www/modules/match_peptides/blast_html4.php?run_id=110202&search_id=114132&scans_id=110198&peptide_id=19219&scanf=27484&charge=2&value=3,R.IESIQLMMDSETGR.S,/core/www/modules/show_out/show_out_wrapper.php?run_id=110202&search_id=114132&scans_id=110198&peptide_id=19219&scanf=27484&charge=2&value=R.IESIQLMMDSETGR.S,RBM39,3.214e+7,3.552,0.001,3.226,0.000
27489,2,"  2.132","  0.377",13/16,/core/www/modules//sdig/index.php?run_id=110202&search_id=114132&scans_id=110198&peptide_id=19223&scanf=27489&charge=2&value=13/16,sp|P62701|RS4X_HUMAN,/core/www/modules//consensus/?run_id=110202&search_id=114132&scans_id=110198&peptide_id=19223&scanf=27489&charge=2&value=sp|P62701|RS4X_HUMAN,0,/core/www/modules/match_peptides/blast_html4.php?run_id=110202&search_id=114132&scans_id=110198&peptide_id=19223&scanf=27489&charge=2&value=0,R.LSNIFVIGK.G,/core/www/modules/show_out/show_out_wrapper.php?run_id=110202&search_id=114132&scans_id=110198&peptide_id=19223&scanf=27489&charge=2&value=R.LSNIFVIGK.G,RPS4X,2.369e+8,3.234,0.002,2.754,0.000
27491,3,"  2.949","  0.590",16/48,/core/www/modules//sdig/index.php?run_id=110202&search_id=114132&scans_id=110198&peptide_id=19226&scanf=27491&charge=3&value=16/48,sp|Q92616|GCN1_HUMAN,/core/www/modules//consensus/?run_id=110202&search_id=114132&scans_id=110198&peptide_id=19226&scanf=27491&charge=3&value=sp|Q92616|GCN1_HUMAN,0,/core/www/modules/match_peptides/blast_html4.php?run_id=110202&search_id=114132&scans_id=110198&peptide_id=19226&scanf=27491&charge=3&value=0,K.LYRPPPVLDALGR.V,/core/www/modules/show_out/show_out_wrapper.php?run_id=110202&search_id=114132&scans_id=110198&peptide_id=19226&scanf=27491&charge=3&value=K.LYRPPPVLDALGR.V,GCN1,1.936e+7,3.735,0.000,3.497,0.000
27494,3,"  2.319","  0.623",11/32,/core/www/modules//sdig/index.php?run_id=110202&search_id=114132&scans_id=110198&peptide_id=19229&scanf=27494&charge=3&value=11/32,sp|Q13315|ATM_HUMAN,/core/www/modules//consensus/?run_id=110202&search_id=114132&scans_id=110198&peptide_id=19229&scanf=27494&charge=3&value=sp|Q13315|ATM_HUMAN,2,/core/www/modules/match_peptides/blast_html4.php?run_id=110202&search_id=114132&scans_id=110198&peptide_id=19229&scanf=27494&charge=3&value=2,K.VLIPHLVIR.S,/core/www/modules/show_out/show_out_wrapper.php?run_id=110202&search_id=114132&scans_id=110198&peptide_id=19229&scanf=27494&charge=3&value=K.VLIPHLVIR.S,ATM,7.948e+6,3.846,0.000,3.661,0.000
27495,3,"  5.654","  0.353",15/76,/core/www/modules//sdig/index.php?run_id=110202&search_id=114132&scans_id=110198&peptide_id=19230&scanf=27495&charge=3&value=15/76,sp|Q9UKZ1|CNO11_HUMAN,/core/www/modules//consensus/?run_id=110202&search_id=114132&scans_id=110198&peptide_id=19230&scanf=27495&charge=3&value=sp|Q9UKZ1|CNO11_HUMAN,1,/core/www/modules/match_peptides/blast_html4.php?run_id=110202&search_id=114132&scans_id=110198&peptide_id=19230&scanf=27495&charge=3&value=1,K.SPLSSPQQTQLLGELEKDPK.L,/core/www/modules/show_out/show_out_wrapper.php?run_id=110202&search_id=114132&scans_id=110198&peptide_id=19230&scanf=27495&charge=3&value=K.SPLSSPQQTQLLGELEKDPK.L,CNOT11,4.783e+6,2.160,0.065,1.190,0.002
27496,2,"  4.784","  0.687",21/32,/core/www/modules//sdig/index.php?run_id=110202&search_id=114132&scans_id=110198&peptide_id=19231&scanf=27496&charge=2&value=21/32,sp|Q96ST3|SIN3A_HUMAN,/core/www/modules//consensus/?run_id=110202&search_id=114132&scans_id=110198&peptide_id=19231&scanf=27496&charge=2&value=sp|Q96ST3|SIN3A_HUMAN,0,/core/www/modules/match_peptides/blast_html4.php?run_id=110202&search_id=114132&scans_id=110198&peptide_id=19231&scanf=27496&charge=2&value=0,R.SLLDGNIDSSQYEDSLR.E,/core/www/modules/show_out/show_out_wrapper.php?run_id=110202&search_id=114132&scans_id=110198&peptide_id=19231&scanf=27496&charge=2&value=R.SLLDGNIDSSQYEDSLR.E,SIN3A,3.738e+6,3.884,0.000,3.718,0.000
27499,4,"  3.226","  0.291",9/96,/core/www/modules//sdig/index.php?run_id=110202&search_id=114132&scans_id=110198&peptide_id=19234&scanf=27499&charge=4&value=9/96,sp|Q14692|BMS1_HUMAN,/core/www/modules//consensus/?run_id=110202&search_id=114132&scans_id=110198&peptide_id=19234&scanf=27499&charge=4&value=sp|Q14692|BMS1_HUMAN,0,/core/www/modules/match_peptides/blast_html4.php?run_id=110202&search_id=114132&scans_id=110198&peptide_id=19234&scanf=27499&charge=4&value=0,K.FRPLTWQTSHPYILADR.M,/core/www/modules/show_out/show_out_wrapper.php?run_id=110202&search_id=114132&scans_id=110198&peptide_id=19234&scanf=27499&charge=4&value=K.FRPLTWQTSHPYILADR.M,BMS1,4.955e+6,2.584,0.016,1.796,0.000
27501,2,"  2.004","  0.081",8/12,/core/www/modules//sdig/index.php?run_id=110202&search_id=114132&scans_id=110198&peptide_id=19237&scanf=27501&charge=2&value=8/12,sp|P06730|IF4E_HUMAN,/core/www/modules//consensus/?run_id=110202&search_id=114132&scans_id=110198&peptide_id=19237&scanf=27501&charge=2&value=sp|P06730|IF4E_HUMAN,2,/core/www/modules/match_peptides/blast_html4.php?run_id=110202&search_id=114132&scans_id=110198&peptide_id=19237&scanf=27501&charge=2&value=2,R.WLITLNK.Q,/core/www/modules/show_out/show_out_wrapper.php?run_id=110202&search_id=114132&scans_id=110198&peptide_id=19237&scanf=27501&charge=2&value=R.WLITLNK.Q,EIF4E,9.239e+6,2.040,0.094,1.026,0.004
27503,3,"  3.003","  0.483",12/40,/core/www/modules//sdig/index.php?run_id=110202&search_id=114132&scans_id=110198&peptide_id=19239&scanf=27503&charge=3&value=12/40,sp|Q9NSD9|SYFB_HUMAN,/core/www/modules//consensus/?run_id=110202&search_id=114132&scans_id=110198&peptide_id=19239&scanf=27503&charge=3&value=sp|Q9NSD9|SYFB_HUMAN,0,/core/www/modules/match_peptides/blast_html4.php?run_id=110202&search_id=114132&scans_id=110198&peptide_id=19239&scanf=27503&charge=3&value=0,K.IRPFAVAAVLR.N,/core/www/modules/show_out/show_out_wrapper.php?run_id=110202&search_id=114132&scans_id=110198&peptide_id=19239&scanf=27503&charge=3&value=K.IRPFAVAAVLR.N,FARSB,2.831e+6,3.217,0.002,2.729,0.000
27504,2,"  4.281","  0.604",19/36,/core/www/modules//sdig/index.php?run_id=110202&search_id=114132&scans_id=110198&peptide_id=19240&scanf=27504&charge=2&value=19/36,sp|Q9NPF5|DMAP1_HUMAN,/core/www/modules//consensus/?run_id=110202&search_id=114132&scans_id=110198&peptide_id=19240&scanf=27504&charge=2&value=sp|Q9NPF5|DMAP1_HUMAN,4,/core/www/modules/match_peptides/blast_html4.php?run_id=110202&search_id=114132&scans_id=110198&peptide_id=19240&scanf=27504&charge=2&value=4,R.DILELGGPEGDAASGTISK.K,/core/www/modules/show_out/show_out_wrapper.php?run_id=110202&search_id=114132&scans_id=110198&peptide_id=19240&scanf=27504&charge=2&value=R.DILELGGPEGDAASGTISK.K,DMAP1,2.672e+6,3.135,0.002,2.608,0.000
27505,2,"  1.285","  0.406",8/14,/core/www/modules//sdig/index.php?run_id=110202&search_id=114132&scans_id=110198&peptide_id=19241&scanf=27505&charge=2&value=8/14,sp|O14980|XPO1_HUMAN,/core/www/modules//consensus/?run_id=110202&search_id=114132&scans_id=110198&peptide_id=19241&scanf=27505&charge=2&value=sp|O14980|XPO1_HUMAN,12,/core/www/modules/match_peptides/blast_html4.php?run_id=110202&search_id=114132&scans_id=110198&peptide_id=19241&scanf=27505&charge=2&value=12,K.YVVGLIIK.T,/core/www/modules/show_out/show_out_wrapper.php?run_id=110202&search_id=114132&scans_id=110198&peptide_id=19241&scanf=27505&charge=2&value=K.YVVGLIIK.T,XPO1,5.211e+6,3.018,0.004,2.435,0.000
27510,2,"  3.559","  0.434",15/20,/core/www/modules//sdig/index.php?run_id=110202&search_id=114132&scans_id=110198&peptide_id=19245&scanf=27510&charge=2&value=15/20,sp|P62195|PRS8_HUMAN,/core/www/modules//consensus/?run_id=110202&search_id=114132&scans_id=110198&peptide_id=19245&scanf=27510&charge=2&value=sp|P62195|PRS8_HUMAN,5,/core/www/modules/match_peptides/blast_html4.php?run_id=110202&search_id=114132&scans_id=110198&peptide_id=19245&scanf=27510&charge=2&value=5,K.IEELQLIVNDK.S,/core/www/modules/show_out/show_out_wrapper.php?run_id=110202&search_id=114132&scans_id=110198&peptide_id=19245&scanf=27510&charge=2&value=K.IEELQLIVNDK.S,PSMC5,2.259e+7,3.036,0.003,2.461,0.000
27511,3,"  7.604","  0.721",24/64,/core/www/modules//sdig/index.php?run_id=110202&search_id=114132&scans_id=110198&peptide_id=19246&scanf=27511&charge=3&value=24/64,sp|Q15436|SC23A_HUMAN,/core/www/modules//consensus/?run_id=110202&search_id=114132&scans_id=110198&peptide_id=19246&scanf=27511&charge=3&value=sp|Q15436|SC23A_HUMAN,1,/core/www/modules/match_peptides/blast_html4.php?run_id=110202&search_id=114132&scans_id=110198&peptide_id=19246&scanf=27511&charge=3&value=1,R.HLLQAPVDDAQEILHSR.F,/core/www/modules/show_out/show_out_wrapper.php?run_id=110202&search_id=114132&scans_id=110198&peptide_id=19246&scanf=27511&charge=3&value=R.HLLQAPVDDAQEILHSR.F,SEC23A,7.338e+6,4.141,0.000,4.099,0.000
27512,3,"  6.621","  0.752",28/96,/core/www/modules//sdig/index.php?run_id=110202&search_id=114132&scans_id=110198&peptide_id=19247&scanf=27512&charge=3&value=28/96,sp|Q12888|TP53B_HUMAN,/core/www/modules//consensus/?run_id=110202&search_id=114132&scans_id=110198&peptide_id=19247&scanf=27512&charge=3&value=sp|Q12888|TP53B_HUMAN,2,/core/www/modules/match_peptides/blast_html4.php?run_id=110202&search_id=114132&scans_id=110198&peptide_id=19247&scanf=27512&charge=3&value=2,K.LVSPETEASEESLQFNLEKPATGER.K,/core/www/modules/show_out/show_out_wrapper.php?run_id=110202&search_id=114132&scans_id=110198&peptide_id=19247&scanf=27512&charge=3&value=K.LVSPETEASEESLQFNLEKPATGER.K,TP53BP1,4.715e+6,3.807,0.000,3.604,0.000
27513,2,"  3.398","  0.547",15/22,/core/www/modules//sdig/index.php?run_id=110202&search_id=114132&scans_id=110198&peptide_id=19248&scanf=27513&charge=2&value=15/22,sp|P78347|GTF2I_HUMAN,/core/www/modules//consensus/?run_id=110202&search_id=114132&scans_id=110198&peptide_id=19248&scanf=27513&charge=2&value=sp|P78347|GTF2I_HUMAN,2,/core/www/modules/match_peptides/blast_html4.php?run_id=110202&search_id=114132&scans_id=110198&peptide_id=19248&scanf=27513&charge=2&value=2,R.MSVDAVEIETLR.K,/core/www/modules/show_out/show_out_wrapper.php?run_id=110202&search_id=114132&scans_id=110198&peptide_id=19248&scanf=27513&charge=2&value=R.MSVDAVEIETLR.K,GTF2I,1.402e+7,3.611,0.000,3.312,0.000
27514,2,"  3.308","  0.487",11/22,/core/www/modules//sdig/index.php?run_id=110202&search_id=114132&scans_id=110198&peptide_id=19249&scanf=27514&charge=2&value=11/22,sp|Q5TA45|INT11_HUMAN,/core/www/modules//consensus/?run_id=110202&search_id=114132&scans_id=110198&peptide_id=19249&scanf=27514&charge=2&value=sp|Q5TA45|INT11_HUMAN,4,/core/www/modules/match_peptides/blast_html4.php?run_id=110202&search_id=114132&scans_id=110198&peptide_id=19249&scanf=27514&charge=2&value=4,K.VPIYFSTGLTEK.A,/core/www/modules/show_out/show_out_wrapper.php?run_id=110202&search_id=114132&scans_id=110198&peptide_id=19249&scanf=27514&charge=2&value=K.VPIYFSTGLTEK.A,INTS11,5.432e+6,3.004,0.004,2.415,0.000
27515,3,"  2.749","  0.497",13/60,/core/www/modules//sdig/index.php?run_id=110202&search_id=114132&scans_id=110198&peptide_id=19250&scanf=27515&charge=3&value=13/60,sp|P35244|RFA3_HUMAN,/core/www/modules//consensus/?run_id=110202&search_id=114132&scans_id=110198&peptide_id=19250&scanf=27515&charge=3&value=sp|P35244|RFA3_HUMAN,1,/core/www/modules/match_peptides/blast_html4.php?run_id=110202&search_id=114132&scans_id=110198&peptide_id=19250&scanf=27515&charge=3&value=1,K.EDSHPFDLGLYNEAVK.I,/core/www/modules/show_out/show_out_wrapper.php?run_id=110202&search_id=114132&scans_id=110198&peptide_id=19250&scanf=27515&charge=3&value=K.EDSHPFDLGLYNEAVK.I,RPA3,9.164e+6,2.951,0.005,2.335,0.000
27517,2,"  4.279","  0.620",15/26,/core/www/modules//sdig/index.php?run_id=110202&search_id=114132&scans_id=110198&peptide_id=19252&scanf=27517&charge=2&value=15/26,sp|P06576|ATPB_HUMAN,/core/www/modules//consensus/?run_id=110202&search_id=114132&scans_id=110198&peptide_id=19252&scanf=27517&charge=2&value=sp|P06576|ATPB_HUMAN,2,/core/www/modules/match_peptides/blast_html4.php?run_id=110202&search_id=114132&scans_id=110198&peptide_id=19252&scanf=27517&charge=2&value=2,R.FTQAGSEVSALLGR.I,/core/www/modules/show_out/show_out_wrapper.php?run_id=110202&search_id=114132&scans_id=110198&peptide_id=19252&scanf=27517&charge=2&value=R.FTQAGSEVSALLGR.I,ATP5F1B,4.841e+7,3.648,0.000,3.368,0.000
27520,2,"  2.506","  0.337",10/18,/core/www/modules//sdig/index.php?run_id=110202&search_id=114132&scans_id=110198&peptide_id=19256&scanf=27520&charge=2&value=10/18,sp|P63010|AP2B1_HUMAN,/core/www/modules//consensus/?run_id=110202&search_id=114132&scans_id=110198&peptide_id=19256&scanf=27520&charge=2&value=sp|P63010|AP2B1_HUMAN,4,/core/www/modules/match_peptides/blast_html4.php?run_id=110202&search_id=114132&scans_id=110198&peptide_id=19256&scanf=27520&charge=2&value=4,K.DSDYYNMLLK.K,/core/www/modules/show_out/show_out_wrapper.php?run_id=110202&search_id=114132&scans_id=110198&peptide_id=19256&scanf=27520&charge=2&value=K.DSDYYNMLLK.K,AP2B1,4.466e+6,2.526,0.019,1.713,0.000
27522,2,"  3.499","  0.477",13/28,/core/www/modules//sdig/index.php?run_id=110202&search_id=114132&scans_id=110198&peptide_id=19258&scanf=27522&charge=2&value=13/28,sp|P55072|TERA_HUMAN,/core/www/modules//consensus/?run_id=110202&search_id=114132&scans_id=110198&peptide_id=19258&scanf=27522&charge=2&value=sp|P55072|TERA_HUMAN,7,/core/www/modules/match_peptides/blast_html4.php?run_id=110202&search_id=114132&scans_id=110198&peptide_id=19258&scanf=27522&charge=2&value=7,R.VINQILTEMDGMSTK.K,/core/www/modules/show_out/show_out_wrapper.php?run_id=110202&search_id=114132&scans_id=110198&peptide_id=19258&scanf=27522&charge=2&value=R.VINQILTEMDGMSTK.K,VCP,3.529e+6,2.924,0.005,2.295,0.000
27523,2,"  1.595","  0.218",6/12,/core/www/modules//sdig/index.php?run_id=110202&search_id=114132&scans_id=110198&peptide_id=19259&scanf=27523&charge=2&value=6/12,sp|O60762|DPM1_HUMAN,/core/www/modules//consensus/?run_id=110202&search_id=114132&scans_id=110198&peptide_id=19259&scanf=27523&charge=2&value=sp|O60762|DPM1_HUMAN,4,/core/www/modules/match_peptides/blast_html4.php?run_id=110202&search_id=114132&scans_id=110198&peptide_id=19259&scanf=27523&charge=2&value=4,K.FIPEFIR.K,/core/www/modules/show_out/show_out_wrapper.php?run_id=110202&search_id=114132&scans_id=110198&peptide_id=19259&scanf=27523&charge=2&value=K.FIPEFIR.K,DPM1,4.106e+6,2.232,0.051,1.290,0.002
27526,2,"  3.295","  0.442",13/18,/core/www/modules//sdig/index.php?run_id=110202&search_id=114132&scans_id=110198&peptide_id=19262&scanf=27526&charge=2&value=13/18,sp|Q9Y230|RUVB2_HUMAN,/core/www/modules//consensus/?run_id=110202&search_id=114132&scans_id=110198&peptide_id=19262&scanf=27526&charge=2&value=sp|Q9Y230|RUVB2_HUMAN,3,/core/www/modules/match_peptides/blast_html4.php?run_id=110202&search_id=114132&scans_id=110198&peptide_id=19262&scanf=27526&charge=2&value=3,R.AAGVVLEMIR.E,/core/www/modules/show_out/show_out_wrapper.php?run_id=110202&search_id=114132&scans_id=110198&peptide_id=19262&scanf=27526&charge=2&value=R.AAGVVLEMIR.E,RUVBL2,3.102e+7,3.314,0.001,2.873,0.000
27527,2,"  2.182","  0.348",8/12,/core/www/modules//sdig/index.php?run_id=110202&search_id=114132&scans_id=110198&peptide_id=19263&scanf=27527&charge=2&value=8/12,sp|Q96T88|UHRF1_HUMAN,/core/www/modules//consensus/?run_id=110202&search_id=114132&scans_id=110198&peptide_id=19263&scanf=27527&charge=2&value=sp|Q96T88|UHRF1_HUMAN,3,/core/www/modules/match_peptides/blast_html4.php?run_id=110202&search_id=114132&scans_id=110198&peptide_id=19263&scanf=27527&charge=2&value=3,K.SGFLVWR.Y,/core/www/modules/show_out/show_out_wrapper.php?run_id=110202&search_id=114132&scans_id=110198&peptide_id=19263&scanf=27527&charge=2&value=K.SGFLVWR.Y,UHRF1,3.304e+6,2.973,0.004,2.368,0.000
27531,2,"  2.644","  0.310",9/18,/core/www/modules//sdig/index.php?run_id=110202&search_id=114132&scans_id=110198&peptide_id=19267&scanf=27531&charge=2&value=9/18,sp|P41252|SYIC_HUMAN,/core/www/modules//consensus/?run_id=110202&search_id=114132&scans_id=110198&peptide_id=19267&scanf=27531&charge=2&value=sp|P41252|SYIC_HUMAN,9,/core/www/modules/match_peptides/blast_html4.php?run_id=110202&search_id=114132&scans_id=110198&peptide_id=19267&scanf=27531&charge=2&value=9,R.LYLINSPVVR.A,/core/www/modules/show_out/show_out_wrapper.php?run_id=110202&search_id=114132&scans_id=110198&peptide_id=19267&scanf=27531&charge=2&value=R.LYLINSPVVR.A,IARS1,2.541e+7,2.598,0.015,1.817,0.000
27532,3,"  4.924","  0.715",19/76,/core/www/modules//sdig/index.php?run_id=110202&search_id=114132&scans_id=110198&peptide_id=19268&scanf=27532&charge=3&value=19/76,sp|Q15459|SF3A1_HUMAN,/core/www/modules//consensus/?run_id=110202&search_id=114132&scans_id=110198&peptide_id=19268&scanf=27532&charge=3&value=sp|Q15459|SF3A1_HUMAN,0,/core/www/modules/match_peptides/blast_html4.php?run_id=110202&search_id=114132&scans_id=110198&peptide_id=19268&scanf=27532&charge=3&value=0,R.EKQSDDEVYAPGLDIESSLK.Q,/core/www/modules/show_out/show_out_wrapper.php?run_id=110202&search_id=114132&scans_id=110198&peptide_id=19268&scanf=27532&charge=3&value=R.EKQSDDEVYAPGLDIESSLK.Q,SF3A1,5.950e+6,3.475,0.001,3.112,0.000
27533,3,"  3.648","  0.000",13/48,/core/www/modules//sdig/index.php?run_id=110202&search_id=114132&scans_id=110198&peptide_id=19269&scanf=27533&charge=3&value=13/48,sp|P07900|HS90A_HUMAN,/core/www/modules//consensus/?run_id=110202&search_id=114132&scans_id=110198&peptide_id=19269&scanf=27533&charge=3&value=sp|P07900|HS90A_HUMAN,0,/core/www/modules/match_peptides/blast_html4.php?run_id=110202&search_id=114132&scans_id=110198&peptide_id=19269&scanf=27533&charge=3&value=0,R.TLTIVDTGIGMTK.A,/core/www/modules/show_out/show_out_wrapper.php?run_id=110202&search_id=114132&scans_id=110198&peptide_id=19269&scanf=27533&charge=3&value=R.TLTIVDTGIGMTK.A,HSP90AA1,9.555e+6,3.543,0.001,3.212,0.000
27534,2,"  4.308","  0.650",17/28,/core/www/modules//sdig/index.php?run_id=110202&search_id=114132&scans_id=110198&peptide_id=19270&scanf=27534&charge=2&value=17/28,sp|P15311|EZRI_HUMAN,/core/www/modules//consensus/?run_id=110202&search_id=114132&scans_id=110198&peptide_id=19270&scanf=27534&charge=2&value=sp|P15311|EZRI_HUMAN,0,/core/www/modules/match_peptides/blast_html4.php?run_id=110202&search_id=114132&scans_id=110198&peptide_id=19270&scanf=27534&charge=2&value=0,K.SQEQLAAELAEYTAK.I,/core/www/modules/show_out/show_out_wrapper.php?run_id=110202&search_id=114132&scans_id=110198&peptide_id=19270&scanf=27534&charge=2&value=K.SQEQLAAELAEYTAK.I,EZR,6.028e+6,3.783,0.000,3.567,0.000
27536,2,"  2.228","  0.519",9/14,/core/www/modules//sdig/index.php?run_id=110202&search_id=114132&scans_id=110198&peptide_id=19272&scanf=27536&charge=2&value=9/14,sp|Q9H967|WDR76_HUMAN,/core/www/modules//consensus/?run_id=110202&search_id=114132&scans_id=110198&peptide_id=19272&scanf=27536&charge=2&value=sp|Q9H967|WDR76_HUMAN,1,/core/www/modules/match_peptides/blast_html4.php?run_id=110202&search_id=114132&scans_id=110198&peptide_id=19272&scanf=27536&charge=2&value=1,K.IPLLTTIR.H,/core/www/modules/show_out/show_out_wrapper.php?run_id=110202&search_id=114132&scans_id=110198&peptide_id=19272&scanf=27536&charge=2&value=K.IPLLTTIR.H,WDR76,9.574e+6,3.442,0.001,3.062,0.000
27539,2,"  4.561","  0.583",17/22,/core/www/modules//sdig/index.php?run_id=110202&search_id=114132&scans_id=110198&peptide_id=19275&scanf=27539&charge=2&value=17/22,sp|Q29RF7|PDS5A_HUMAN,/core/www/modules//consensus/?run_id=110202&search_id=114132&scans_id=110198&peptide_id=19275&scanf=27539&charge=2&value=sp|Q29RF7|PDS5A_HUMAN,0,/core/www/modules/match_peptides/blast_html4.php?run_id=110202&search_id=114132&scans_id=110198&peptide_id=19275&scanf=27539&charge=2&value=0,R.HDVIVTIITAAK.R,/core/www/modules/show_out/show_out_wrapper.php?run_id=110202&search_id=114132&scans_id=110198&peptide_id=19275&scanf=27539&charge=2&value=R.HDVIVTIITAAK.R,PDS5A,8.654e+6,3.930,0.000,3.785,0.000
27543,3,"  3.788","  0.494",11/48,/core/www/modules//sdig/index.php?run_id=110202&search_id=114132&scans_id=110198&peptide_id=19280&scanf=27543&charge=3&value=11/48,sp|Q9P2K8|E2AK4_HUMAN,/core/www/modules//consensus/?run_id=110202&search_id=114132&scans_id=110198&peptide_id=19280&scanf=27543&charge=3&value=sp|Q9P2K8|E2AK4_HUMAN,1,/core/www/modules/match_peptides/blast_html4.php?run_id=110202&search_id=114132&scans_id=110198&peptide_id=19280&scanf=27543&charge=3&value=1,R.VLETELVDHVLQK.L,/core/www/modules/show_out/show_out_wrapper.php?run_id=110202&search_id=114132&scans_id=110198&peptide_id=19280&scanf=27543&charge=3&value=R.VLETELVDHVLQK.L,EIF2AK4,4.416e+6,3.083,0.003,2.531,0.000
27546,2,"  2.426","  0.430",11/16,/core/www/modules//sdig/index.php?run_id=110202&search_id=114132&scans_id=110198&peptide_id=19283&scanf=27546&charge=2&value=11/16,sp|Q9Y2L1|RRP44_HUMAN,/core/www/modules//consensus/?run_id=110202&search_id=114132&scans_id=110198&peptide_id=19283&scanf=27546&charge=2&value=sp|Q9Y2L1|RRP44_HUMAN,1,/core/www/modules/match_peptides/blast_html4.php?run_id=110202&search_id=114132&scans_id=110198&peptide_id=19283&scanf=27546&charge=2&value=1,K.NAIVVLIPK.Y,/core/www/modules/show_out/show_out_wrapper.php?run_id=110202&search_id=114132&scans_id=110198&peptide_id=19283&scanf=27546&charge=2&value=K.NAIVVLIPK.Y,DIS3,1.026e+7,3.199,0.002,2.702,0.000
27548,2,"  3.805","  0.657",19/30,/core/www/modules//sdig/index.php?run_id=110202&search_id=114132&scans_id=110198&peptide_id=19285&scanf=27548&charge=2&value=19/30,sp|O00442|RTCA_HUMAN,/core/www/modules//consensus/?run_id=110202&search_id=114132&scans_id=110198&peptide_id=19285&scanf=27548&charge=2&value=sp|O00442|RTCA_HUMAN,1,/core/www/modules/match_peptides/blast_html4.php?run_id=110202&search_id=114132&scans_id=110198&peptide_id=19285&scanf=27548&charge=2&value=1,R.VEVDGSIMEGGGQILR.V,/core/www/modules/show_out/show_out_wrapper.php?run_id=110202&search_id=114132&scans_id=110198&peptide_id=19285&scanf=27548&charge=2&value=R.VEVDGSIMEGGGQILR.V,RTCA,3.386e+6,3.689,0.000,3.428,0.000
27549,2,"  2.771","  0.448",10/24,/core/www/modules//sdig/index.php?run_id=110202&search_id=114132&scans_id=110198&peptide_id=19286&scanf=27549&charge=2&value=10/24,sp|Q99666|RGPD5_HUMAN,/core/www/modules//consensus/?run_id=110202&search_id=114132&scans_id=110198&peptide_id=19286&scanf=27549&charge=2&value=sp|Q99666|RGPD5_HUMAN,6,/core/www/modules/match_peptides/blast_html4.php?run_id=110202&search_id=114132&scans_id=110198&peptide_id=19286&scanf=27549&charge=2&value=6,K.IDVQEPELEDLAR.Y,/core/www/modules/show_out/show_out_wrapper.php?run_id=110202&search_id=114132&scans_id=110198&peptide_id=19286&scanf=27549&charge=2&value=K.IDVQEPELEDLAR.Y,RGPD6,6.189e+6,2.725,0.010,2.003,0.000
27552,2,"  2.366","  0.387",11/26,/core/www/modules//sdig/index.php?run_id=110202&search_id=114132&scans_id=110198&peptide_id=19289&scanf=27552&charge=2&value=11/26,sp|P34932|HSP74_HUMAN,/core/www/modules//consensus/?run_id=110202&search_id=114132&scans_id=110198&peptide_id=19289&scanf=27552&charge=2&value=sp|P34932|HSP74_HUMAN,0,/core/www/modules/match_peptides/blast_html4.php?run_id=110202&search_id=114132&scans_id=110198&peptide_id=19289&scanf=27552&charge=2&value=0,K.EDIYAVEIVGGATR.I,/core/www/modules/show_out/show_out_wrapper.php?run_id=110202&search_id=114132&scans_id=110198&peptide_id=19289&scanf=27552&charge=2&value=K.EDIYAVEIVGGATR.I,HSPA4,1.408e+7,2.196,0.058,1.240,0.002
27554,3,"  4.056","  0.521",18/68,/core/www/modules//sdig/index.php?run_id=110202&search_id=114132&scans_id=110198&peptide_id=19291&scanf=27554&charge=3&value=18/68,sp|O60664|PLIN3_HUMAN,/core/www/modules//consensus/?run_id=110202&search_id=114132&scans_id=110198&peptide_id=19291&scanf=27554&charge=3&value=sp|O60664|PLIN3_HUMAN,1,/core/www/modules/match_peptides/blast_html4.php?run_id=110202&search_id=114132&scans_id=110198&peptide_id=19291&scanf=27554&charge=3&value=1,K.SEEWADNHLPLTDAELAR.I,/core/www/modules/show_out/show_out_wrapper.php?run_id=110202&search_id=114132&scans_id=110198&peptide_id=19291&scanf=27554&charge=3&value=K.SEEWADNHLPLTDAELAR.I,PLIN3,1.022e+7,3.134,0.002,2.606,0.000
27555,2,"  1.959","  0.447",10/14,/core/www/modules//sdig/index.php?run_id=110202&search_id=114132&scans_id=110198&peptide_id=19292&scanf=27555&charge=2&value=10/14,sp|Q99798|ACON_HUMAN,/core/www/modules//consensus/?run_id=110202&search_id=114132&scans_id=110198&peptide_id=19292&scanf=27555&charge=2&value=sp|Q99798|ACON_HUMAN,9,/core/www/modules/match_peptides/blast_html4.php?run_id=110202&search_id=114132&scans_id=110198&peptide_id=19292&scanf=27555&charge=2&value=9,K.EGWPLDIR.V,/core/www/modules/show_out/show_out_wrapper.php?run_id=110202&search_id=114132&scans_id=110198&peptide_id=19292&scanf=27555&charge=2&value=K.EGWPLDIR.V,ACO2,1.135e+7,3.352,0.001,2.929,0.000
27556,2,"  4.579","  0.705",17/32,/core/www/modules//sdig/index.php?run_id=110202&search_id=114132&scans_id=110198&peptide_id=19293&scanf=27556&charge=2&value=17/32,sp|P15880|RS2_HUMAN,/core/www/modules//consensus/?run_id=110202&search_id=114132&scans_id=110198&peptide_id=19293&scanf=27556&charge=2&value=sp|P15880|RS2_HUMAN,5,/core/www/modules/match_peptides/blast_html4.php?run_id=110202&search_id=114132&scans_id=110198&peptide_id=19293&scanf=27556&charge=2&value=5,K.AFVAIGDYNGHVGLGVK.C,/core/www/modules/show_out/show_out_wrapper.php?run_id=110202&search_id=114132&scans_id=110198&peptide_id=19293&scanf=27556&charge=2&value=K.AFVAIGDYNGHVGLGVK.C,RPS2,7.570e+6,3.703,0.000,3.448,0.000
27559,2,"  2.903","  0.258",13/24,/core/www/modules//sdig/index.php?run_id=110202&search_id=114132&scans_id=110198&peptide_id=19296&scanf=27559&charge=2&value=13/24,sp|P30419|NMT1_HUMAN,/core/www/modules//consensus/?run_id=110202&search_id=114132&scans_id=110198&peptide_id=19296&scanf=27559&charge=2&value=sp|P30419|NMT1_HUMAN,6,/core/www/modules/match_peptides/blast_html4.php?run_id=110202&search_id=114132&scans_id=110198&peptide_id=19296&scanf=27559&charge=2&value=6,K.AIELFSVGQGPAK.T,/core/www/modules/show_out/show_out_wrapper.php?run_id=110202&search_id=114132&scans_id=110198&peptide_id=19296&scanf=27559&charge=2&value=K.AIELFSVGQGPAK.T,NMT1,5.638e+6,2.264,0.046,1.335,0.002
27560,3,"  5.403","  0.596",19/64,/core/www/modules//sdig/index.php?run_id=110202&search_id=114132&scans_id=110198&peptide_id=19298&scanf=27560&charge=3&value=19/64,sp|Q9UL40|ZN346_HUMAN,/core/www/modules//consensus/?run_id=110202&search_id=114132&scans_id=110198&peptide_id=19298&scanf=27560&charge=3&value=sp|Q9UL40|ZN346_HUMAN,3,/core/www/modules/match_peptides/blast_html4.php?run_id=110202&search_id=114132&scans_id=110198&peptide_id=19298&scanf=27560&charge=3&value=3,K.IVLNSIEQYQAHVSGFK.H,/core/www/modules/show_out/show_out_wrapper.php?run_id=110202&search_id=114132&scans_id=110198&peptide_id=19298&scanf=27560&charge=3&value=K.IVLNSIEQYQAHVSGFK.H,ZNF346,6.720e+6,3.483,0.001,3.122,0.000
27561,2,"  1.952","  0.317",9/20,/core/www/modules//sdig/index.php?run_id=110202&search_id=114132&scans_id=110198&peptide_id=19299&scanf=27561&charge=2&value=9/20,sp|O75390|CISY_HUMAN,/core/www/modules//consensus/?run_id=110202&search_id=114132&scans_id=110198&peptide_id=19299&scanf=27561&charge=2&value=sp|O75390|CISY_HUMAN,3,/core/www/modules/match_peptides/blast_html4.php?run_id=110202&search_id=114132&scans_id=110198&peptide_id=19299&scanf=27561&charge=2&value=3,R.DYIWNTLNSGR.V,/core/www/modules/show_out/show_out_wrapper.php?run_id=110202&search_id=114132&scans_id=110198&peptide_id=19299&scanf=27561&charge=2&value=R.DYIWNTLNSGR.V,CS,7.592e+6,2.289,0.043,1.370,0.001
27562,2,"  4.085","  0.635",15/28,/core/www/modules//sdig/index.php?run_id=110202&search_id=114132&scans_id=110198&peptide_id=19300&scanf=27562&charge=2&value=15/28,sp|P09651|ROA1_HUMAN,/core/www/modules//consensus/?run_id=110202&search_id=114132&scans_id=110198&peptide_id=19300&scanf=27562&charge=2&value=sp|P09651|ROA1_HUMAN,11,/core/www/modules/match_peptides/blast_html4.php?run_id=110202&search_id=114132&scans_id=110198&peptide_id=19300&scanf=27562&charge=2&value=11,R.GFAFVTFDDHDSVDK.I,/core/www/modules/show_out/show_out_wrapper.php?run_id=110202&search_id=114132&scans_id=110198&peptide_id=19300&scanf=27562&charge=2&value=R.GFAFVTFDDHDSVDK.I,HNRNPA1,1.246e+8,3.647,0.000,3.366,0.000
27564,2,"  2.258","  0.269",7/12,/core/www/modules//sdig/index.php?run_id=110202&search_id=114132&scans_id=110198&peptide_id=19302&scanf=27564&charge=2&value=7/12,sp|O60287|NPA1P_HUMAN,/core/www/modules//consensus/?run_id=110202&search_id=114132&scans_id=110198&peptide_id=19302&scanf=27564&charge=2&value=sp|O60287|NPA1P_HUMAN,0,/core/www/modules/match_peptides/blast_html4.php?run_id=110202&search_id=114132&scans_id=110198&peptide_id=19302&scanf=27564&charge=2&value=0,K.LSLINFR.V,/core/www/modules/show_out/show_out_wrapper.php?run_id=110202&search_id=114132&scans_id=110198&peptide_id=19302&scanf=27564&charge=2&value=K.LSLINFR.V,URB1,8.647e+6,2.548,0.018,1.745,0.000
27567,2,"  3.567","  0.308",15/36,/core/www/modules//sdig/index.php?run_id=110202&search_id=114132&scans_id=110198&peptide_id=19305&scanf=27567&charge=2&value=15/36,sp|Q96B26|EXOS8_HUMAN,/core/www/modules//consensus/?run_id=110202&search_id=114132&scans_id=110198&peptide_id=19305&scanf=27567&charge=2&value=sp|Q96B26|EXOS8_HUMAN,4,/core/www/modules/match_peptides/blast_html4.php?run_id=110202&search_id=114132&scans_id=110198&peptide_id=19305&scanf=27567&charge=2&value=4,R.TTTVNIGSISTADGSALVK.L,/core/www/modules/show_out/show_out_wrapper.php?run_id=110202&search_id=114132&scans_id=110198&peptide_id=19305&scanf=27567&charge=2&value=R.TTTVNIGSISTADGSALVK.L,EXOSC8,3.094e+6,1.820,0.181,0.743,0.010
27570,3,"  1.892","  0.402",11/44,/core/www/modules//sdig/index.php?run_id=110202&search_id=114132&scans_id=110198&peptide_id=19309&scanf=27570&charge=3&value=11/44,sp|P49368|TCPG_HUMAN,/core/www/modules//consensus/?run_id=110202&search_id=114132&scans_id=110198&peptide_id=19309&scanf=27570&charge=3&value=sp|P49368|TCPG_HUMAN,1,/core/www/modules/match_peptides/blast_html4.php?run_id=110202&search_id=114132&scans_id=110198&peptide_id=19309&scanf=27570&charge=3&value=1,K.GISDLAQHYLMR.A,/core/www/modules/show_out/show_out_wrapper.php?run_id=110202&search_id=114132&scans_id=110198&peptide_id=19309&scanf=27570&charge=3&value=K.GISDLAQHYLMR.A,CCT3,5.906e+7,2.808,0.008,2.124,0.000
27573,2,"  1.712","  0.229",8/18,/core/www/modules//sdig/index.php?run_id=110202&search_id=114132&scans_id=110198&peptide_id=19311&scanf=27573&charge=2&value=8/18,sp|P47755|CAZA2_HUMAN,/core/www/modules//consensus/?run_id=110202&search_id=114132&scans_id=110198&peptide_id=19311&scanf=27573&charge=2&value=sp|P47755|CAZA2_HUMAN,3,/core/www/modules/match_peptides/blast_html4.php?run_id=110202&search_id=114132&scans_id=110198&peptide_id=19311&scanf=27573&charge=2&value=3,R.LLLNNDNLLR.E,/core/www/modules/show_out/show_out_wrapper.php?run_id=110202&search_id=114132&scans_id=110198&peptide_id=19311&scanf=27573&charge=2&value=R.LLLNNDNLLR.E,CAPZA2,2.993e+7,2.071,0.086,1.067,0.003
27575,2,"  3.343","  0.520",13/22,/core/www/modules//sdig/index.php?run_id=110202&search_id=114132&scans_id=110198&peptide_id=19313&scanf=27575&charge=2&value=13/22,sp|Q9H0S4|DDX47_HUMAN,/core/www/modules//consensus/?run_id=110202&search_id=114132&scans_id=110198&peptide_id=19313&scanf=27575&charge=2&value=sp|Q9H0S4|DDX47_HUMAN,1,/core/www/modules/match_peptides/blast_html4.php?run_id=110202&search_id=114132&scans_id=110198&peptide_id=19313&scanf=27575&charge=2&value=1,R.ILNMDFETEVDK.I,/core/www/modules/show_out/show_out_wrapper.php?run_id=110202&search_id=114132&scans_id=110198&peptide_id=19313&scanf=27575&charge=2&value=R.ILNMDFETEVDK.I,DDX47,2.597e+7,3.286,0.001,2.832,0.000
27576,3,"  4.025","  0.627",20/56,/core/www/modules//sdig/index.php?run_id=110202&search_id=114132&scans_id=110198&peptide_id=19314&scanf=27576&charge=3&value=20/56,sp|P42704|LPPRC_HUMAN,/core/www/modules//consensus/?run_id=110202&search_id=114132&scans_id=110198&peptide_id=19314&scanf=27576&charge=3&value=sp|P42704|LPPRC_HUMAN,21,/core/www/modules/match_peptides/blast_html4.php?run_id=110202&search_id=114132&scans_id=110198&peptide_id=19314&scanf=27576&charge=3&value=21,K.LGAVYDVSHYNALLK.V,/core/www/modules/show_out/show_out_wrapper.php?run_id=110202&search_id=114132&scans_id=110198&peptide_id=19314&scanf=27576&charge=3&value=K.LGAVYDVSHYNALLK.V,LRPPRC,2.357e+7,3.798,0.000,3.590,0.000
27578,2,"  2.642","  0.513",13/18,/core/www/modules//sdig/index.php?run_id=110202&search_id=114132&scans_id=110198&peptide_id=19316&scanf=27578&charge=2&value=13/18,sp|Q14204|DYHC1_HUMAN,/core/www/modules//consensus/?run_id=110202&search_id=114132&scans_id=110198&peptide_id=19316&scanf=27578&charge=2&value=sp|Q14204|DYHC1_HUMAN,29,/core/www/modules/match_peptides/blast_html4.php?run_id=110202&search_id=114132&scans_id=110198&peptide_id=19316&scanf=27578&charge=2&value=29,K.VDDLLIIEEK.I,/core/www/modules/show_out/show_out_wrapper.php?run_id=110202&search_id=114132&scans_id=110198&peptide_id=19316&scanf=27578&charge=2&value=K.VDDLLIIEEK.I,DYNC1H1,7.936e+6,3.699,0.000,3.444,0.000
27581,3,"  3.927","  0.647",17/44,/core/www/modules//sdig/index.php?run_id=110202&search_id=114132&scans_id=110198&peptide_id=19319&scanf=27581&charge=3&value=17/44,sp|Q8WX92|NELFB_HUMAN,/core/www/modules//consensus/?run_id=110202&search_id=114132&scans_id=110198&peptide_id=19319&scanf=27581&charge=3&value=sp|Q8WX92|NELFB_HUMAN,1,/core/www/modules/match_peptides/blast_html4.php?run_id=110202&search_id=114132&scans_id=110198&peptide_id=19319&scanf=27581&charge=3&value=1,R.LEFHQSVFDELR.D,/core/www/modules/show_out/show_out_wrapper.php?run_id=110202&search_id=114132&scans_id=110198&peptide_id=19319&scanf=27581&charge=3&value=R.LEFHQSVFDELR.D,NELFB,1.309e+7,3.873,0.000,3.701,0.000
27582,2,"  2.845","  0.580",11/20,/core/www/modules//sdig/index.php?run_id=110202&search_id=114132&scans_id=110198&peptide_id=19320&scanf=27582&charge=2&value=11/20,sp|Q8NE71|ABCF1_HUMAN,/core/www/modules//consensus/?run_id=110202&search_id=114132&scans_id=110198&peptide_id=19320&scanf=27582&charge=2&value=sp|Q8NE71|ABCF1_HUMAN,2,/core/www/modules/match_peptides/blast_html4.php?run_id=110202&search_id=114132&scans_id=110198&peptide_id=19320&scanf=27582&charge=2&value=2,K.NLDFGIDMDSR.I,/core/www/modules/show_out/show_out_wrapper.php?run_id=110202&search_id=114132&scans_id=110198&peptide_id=19320&scanf=27582&charge=2&value=K.NLDFGIDMDSR.I,ABCF1,1.274e+7,3.473,0.001,3.108,0.000
27583,2,"  1.966","  0.339",9/16,/core/www/modules//sdig/index.php?run_id=110202&search_id=114132&scans_id=110198&peptide_id=19321&scanf=27583&charge=2&value=9/16,sp|Q9NTK5|OLA1_HUMAN,/core/www/modules//consensus/?run_id=110202&search_id=114132&scans_id=110198&peptide_id=19321&scanf=27583&charge=2&value=sp|Q9NTK5|OLA1_HUMAN,1,/core/www/modules/match_peptides/blast_html4.php?run_id=110202&search_id=114132&scans_id=110198&peptide_id=19321&scanf=27583&charge=2&value=1,K.GFIMAEVMK.Y,/core/www/modules/show_out/show_out_wrapper.php?run_id=110202&search_id=114132&scans_id=110198&peptide_id=19321&scanf=27583&charge=2&value=K.GFIMAEVMK.Y,OLA1,7.589e+6,2.673,0.012,1.927,0.000
27588,3,"  4.315","  0.594",17/52,/core/www/modules//sdig/index.php?run_id=110202&search_id=114132&scans_id=110198&peptide_id=19326&scanf=27588&charge=3&value=17/52,sp|P08670|VIME_HUMAN,/core/www/modules//consensus/?run_id=110202&search_id=114132&scans_id=110198&peptide_id=19326&scanf=27588&charge=3&value=sp|P08670|VIME_HUMAN,2,/core/www/modules/match_peptides/blast_html4.php?run_id=110202&search_id=114132&scans_id=110198&peptide_id=19326&scanf=27588&charge=3&value=2,K.ILLAELEQLKGQGK.S,/core/www/modules/show_out/show_out_wrapper.php?run_id=110202&search_id=114132&scans_id=110198&peptide_id=19326&scanf=27588&charge=3&value=K.ILLAELEQLKGQGK.S,VIM,4.505e+7,3.788,0.000,3.576,0.000
27590,3,"  2.772","  0.314",8/84,/core/www/modules//sdig/index.php?run_id=110202&search_id=114132&scans_id=110198&peptide_id=19329&scanf=27590&charge=3&value=8/84,sp|P60709|ACTB_HUMAN,/core/www/modules//consensus/?run_id=110202&search_id=114132&scans_id=110198&peptide_id=19329&scanf=27590&charge=3&value=sp|P60709|ACTB_HUMAN,6,/core/www/modules/match_peptides/blast_html4.php?run_id=110202&search_id=114132&scans_id=110198&peptide_id=19329&scanf=27590&charge=3&value=6,R.KDLYANTVLSGGTTM*YPGIADR.M,/core/www/modules/show_out/show_out_wrapper.php?run_id=110202&search_id=114132&scans_id=110198&peptide_id=19329&scanf=27590&charge=3&value=R.KDLYANTVLSGGTTM*YPGIADR.M,ACTB,3.401e+6,2.191,0.058,1.233,0.002
27591,3,"  3.031","  0.538",15/44,/core/www/modules//sdig/index.php?run_id=110202&search_id=114132&scans_id=110198&peptide_id=19330&scanf=27591&charge=3&value=15/44,sp|Q5UIP0|RIF1_HUMAN,/core/www/modules//consensus/?run_id=110202&search_id=114132&scans_id=110198&peptide_id=19330&scanf=27591&charge=3&value=sp|Q5UIP0|RIF1_HUMAN,1,/core/www/modules/match_peptides/blast_html4.php?run_id=110202&search_id=114132&scans_id=110198&peptide_id=19330&scanf=27591&charge=3&value=1,K.LLMQPLSSIHVR.T,/core/www/modules/show_out/show_out_wrapper.php?run_id=110202&search_id=114132&scans_id=110198&peptide_id=19330&scanf=27591&charge=3&value=K.LLMQPLSSIHVR.T,RIF1,2.101e+7,3.498,0.001,3.145,0.000
27592,3,"  3.678","  0.420",13/44,/core/www/modules//sdig/index.php?run_id=110202&search_id=114132&scans_id=110198&peptide_id=19331&scanf=27592&charge=3&value=13/44,sp|P13797|PLST_HUMAN,/core/www/modules//consensus/?run_id=110202&search_id=114132&scans_id=110198&peptide_id=19331&scanf=27592&charge=3&value=sp|P13797|PLST_HUMAN,3,/core/www/modules/match_peptides/blast_html4.php?run_id=110202&search_id=114132&scans_id=110198&peptide_id=19331&scanf=27592&charge=3&value=3,K.AYFHLLNQIAPK.G,/core/www/modules/show_out/show_out_wrapper.php?run_id=110202&search_id=114132&scans_id=110198&peptide_id=19331&scanf=27592&charge=3&value=K.AYFHLLNQIAPK.G,PLS3,6.516e+6,3.018,0.004,2.435,0.000
27596,2,"  4.875","  0.743",19/32,/core/www/modules//sdig/index.php?run_id=110202&search_id=114132&scans_id=110198&peptide_id=19334&scanf=27596&charge=2&value=19/32,sp|P15880|RS2_HUMAN,/core/www/modules//consensus/?run_id=110202&search_id=114132&scans_id=110198&peptide_id=19334&scanf=27596&charge=2&value=sp|P15880|RS2_HUMAN,5,/core/www/modules/match_peptides/blast_html4.php?run_id=110202&search_id=114132&scans_id=110198&peptide_id=19334&scanf=27596&charge=2&value=5,K.AFVAIGDYNGHVGLGVK.C,/core/www/modules/show_out/show_out_wrapper.php?run_id=110202&search_id=114132&scans_id=110198&peptide_id=19334&scanf=27596&charge=2&value=K.AFVAIGDYNGHVGLGVK.C,RPS2,7.570e+6,3.940,0.000,3.800,0.000
27599,4,"  4.543","  0.391",14/102,/core/www/modules//sdig/index.php?run_id=110202&search_id=114132&scans_id=110198&peptide_id=19337&scanf=27599&charge=4&value=14/102,sp|P62805|H4_HUMAN,/core/www/modules//consensus/?run_id=110202&search_id=114132&scans_id=110198&peptide_id=19337&scanf=27599&charge=4&value=sp|P62805|H4_HUMAN,0,/core/www/modules/match_peptides/blast_html4.php?run_id=110202&search_id=114132&scans_id=110198&peptide_id=19337&scanf=27599&charge=4&value=0,K.VFLENVIRDAVTYTEHAK.R,/core/www/modules/show_out/show_out_wrapper.php?run_id=110202&search_id=114132&scans_id=110198&peptide_id=19337&scanf=27599&charge=4&value=K.VFLENVIRDAVTYTEHAK.R,H4C16,4.710e+6,2.797,0.008,2.109,0.000
27602,3,"  5.316","  0.678",22/60,/core/www/modules//sdig/index.php?run_id=110202&search_id=114132&scans_id=110198&peptide_id=19341&scanf=27602&charge=3&value=22/60,sp|P11021|BIP_HUMAN,/core/www/modules//consensus/?run_id=110202&search_id=114132&scans_id=110198&peptide_id=19341&scanf=27602&charge=3&value=sp|P11021|BIP_HUMAN,2,/core/www/modules/match_peptides/blast_html4.php?run_id=110202&search_id=114132&scans_id=110198&peptide_id=19341&scanf=27602&charge=3&value=2,K.IEWLESHQDADIEDFK.A,/core/www/modules/show_out/show_out_wrapper.php?run_id=110202&search_id=114132&scans_id=110198&peptide_id=19341&scanf=27602&charge=3&value=K.IEWLESHQDADIEDFK.A,HSPA5,2.098e+7,3.978,0.000,3.856,0.000
27603,2,"  3.157","  0.472",14/24,/core/www/modules//sdig/index.php?run_id=110202&search_id=114132&scans_id=110198&peptide_id=19342&scanf=27603&charge=2&value=14/24,sp|P33993|MCM7_HUMAN,/core/www/modules//consensus/?run_id=110202&search_id=114132&scans_id=110198&peptide_id=19342&scanf=27603&charge=2&value=sp|P33993|MCM7_HUMAN,0,/core/www/modules/match_peptides/blast_html4.php?run_id=110202&search_id=114132&scans_id=110198&peptide_id=19342&scanf=27603&charge=2&value=0,K.FLQEFYQDDELGK.K,/core/www/modules/show_out/show_out_wrapper.php?run_id=110202&search_id=114132&scans_id=110198&peptide_id=19342&scanf=27603&charge=2&value=K.FLQEFYQDDELGK.K,MCM7,4.176e+6,3.162,0.002,2.647,0.000
27605,3,"  2.926","  0.534",13/48,/core/www/modules//sdig/index.php?run_id=110202&search_id=114132&scans_id=110198&peptide_id=19344&scanf=27605&charge=3&value=13/48,sp|Q13547|HDAC1_HUMAN,/core/www/modules//consensus/?run_id=110202&search_id=114132&scans_id=110198&peptide_id=19344&scanf=27605&charge=3&value=sp|Q13547|HDAC1_HUMAN,11,/core/www/modules/match_peptides/blast_html4.php?run_id=110202&search_id=114132&scans_id=110198&peptide_id=19344&scanf=27605&charge=3&value=11,R.MTHNLLLNYGLYR.K,/core/www/modules/show_out/show_out_wrapper.php?run_id=110202&search_id=114132&scans_id=110198&peptide_id=19344&scanf=27605&charge=3&value=R.MTHNLLLNYGLYR.K,HDAC1,3.663e+7,3.299,0.001,2.850,0.000
27606,3,"  4.101","  0.482",14/48,/core/www/modules//sdig/index.php?run_id=110202&search_id=114132&scans_id=110198&peptide_id=19345&scanf=27606&charge=3&value=14/48,sp|O75828|CBR3_HUMAN,/core/www/modules//consensus/?run_id=110202&search_id=114132&scans_id=110198&peptide_id=19345&scanf=27606&charge=3&value=sp|O75828|CBR3_HUMAN,3,/core/www/modules/match_peptides/blast_html4.php?run_id=110202&search_id=114132&scans_id=110198&peptide_id=19345&scanf=27606&charge=3&value=3,R.FHQLDIDDLQSIR.A,/core/www/modules/show_out/show_out_wrapper.php?run_id=110202&search_id=114132&scans_id=110198&peptide_id=19345&scanf=27606&charge=3&value=R.FHQLDIDDLQSIR.A,CBR3,9.856e+6,3.082,0.003,2.530,0.000
27607,3,"  3.201","  0.358",13/56,/core/www/modules//sdig/index.php?run_id=110202&search_id=114132&scans_id=110198&peptide_id=19346&scanf=27607&charge=3&value=13/56,sp|P51991|ROA3_HUMAN,/core/www/modules//consensus/?run_id=110202&search_id=114132&scans_id=110198&peptide_id=19346&scanf=27607&charge=3&value=sp|P51991|ROA3_HUMAN,5,/core/www/modules/match_peptides/blast_html4.php?run_id=110202&search_id=114132&scans_id=110198&peptide_id=19346&scanf=27607&charge=3&value=5,R.GFAFVTFDDHDTVDK.I,/core/www/modules/show_out/show_out_wrapper.php?run_id=110202&search_id=114132&scans_id=110198&peptide_id=19346&scanf=27607&charge=3&value=R.GFAFVTFDDHDTVDK.I,HNRNPA3,5.711e+6,2.632,0.014,1.866,0.000
27609,4,"  2.606","  0.522",17/72,/core/www/modules//sdig/index.php?run_id=110202&search_id=114132&scans_id=110198&peptide_id=19348&scanf=27609&charge=4&value=17/72,sp|Q03111|ENL_HUMAN,/core/www/modules//consensus/?run_id=110202&search_id=114132&scans_id=110198&peptide_id=19348&scanf=27609&charge=4&value=sp|Q03111|ENL_HUMAN,0,/core/www/modules/match_peptides/blast_html4.php?run_id=110202&search_id=114132&scans_id=110198&peptide_id=19348&scanf=27609&charge=4&value=0,K.VVFWLHDSFPKPR.R,/core/www/modules/show_out/show_out_wrapper.php?run_id=110202&search_id=114132&scans_id=110198&peptide_id=19348&scanf=27609&charge=4&value=K.VVFWLHDSFPKPR.R,MLLT1,3.269e+6,3.621,0.000,3.328,0.000
27610,2,"  2.438","  0.476",11/24,/core/www/modules//sdig/index.php?run_id=110202&search_id=114132&scans_id=110198&peptide_id=19349&scanf=27610&charge=2&value=11/24,sp|P31689|DNJA1_HUMAN,/core/www/modules//consensus/?run_id=110202&search_id=114132&scans_id=110198&peptide_id=19349&scanf=27610&charge=2&value=sp|P31689|DNJA1_HUMAN,0,/core/www/modules/match_peptides/blast_html4.php?run_id=110202&search_id=114132&scans_id=110198&peptide_id=19349&scanf=27610&charge=2&value=0,K.VNFPENGFLSPDK.L,/core/www/modules/show_out/show_out_wrapper.php?run_id=110202&search_id=114132&scans_id=110198&peptide_id=19349&scanf=27610&charge=2&value=K.VNFPENGFLSPDK.L,DNAJA1,4.830e+6,2.692,0.011,1.954,0.000
27611,2,"  4.196","  0.606",18/36,/core/www/modules//sdig/index.php?run_id=110202&search_id=114132&scans_id=110198&peptide_id=19350&scanf=27611&charge=2&value=18/36,sp|Q96B26|EXOS8_HUMAN,/core/www/modules//consensus/?run_id=110202&search_id=114132&scans_id=110198&peptide_id=19350&scanf=27611&charge=2&value=sp|Q96B26|EXOS8_HUMAN,4,/core/www/modules/match_peptides/blast_html4.php?run_id=110202&search_id=114132&scans_id=110198&peptide_id=19350&scanf=27611&charge=2&value=4,R.TTTVNIGSISTADGSALVK.L,/core/www/modules/show_out/show_out_wrapper.php?run_id=110202&search_id=114132&scans_id=110198&peptide_id=19350&scanf=27611&charge=2&value=R.TTTVNIGSISTADGSALVK.L,EXOSC8,3.094e+6,3.192,0.002,2.691,0.000
27612,3,"  4.608","  0.533",15/64,/core/www/modules//sdig/index.php?run_id=110202&search_id=114132&scans_id=110198&peptide_id=19351&scanf=27612&charge=3&value=15/64,sp|Q29RF7|PDS5A_HUMAN,/core/www/modules//consensus/?run_id=110202&search_id=114132&scans_id=110198&peptide_id=19351&scanf=27612&charge=3&value=sp|Q29RF7|PDS5A_HUMAN,0,/core/www/modules/match_peptides/blast_html4.php?run_id=110202&search_id=114132&scans_id=110198&peptide_id=19351&scanf=27612&charge=3&value=0,R.LLSAMLVSEGDLTEQKR.I,/core/www/modules/show_out/show_out_wrapper.php?run_id=110202&search_id=114132&scans_id=110198&peptide_id=19351&scanf=27612&charge=3&value=R.LLSAMLVSEGDLTEQKR.I,PDS5A,5.906e+6,2.938,0.005,2.316,0.000
27615,4,"  3.890","  0.530",16/114,/core/www/modules//sdig/index.php?run_id=110202&search_id=114132&scans_id=110198&peptide_id=19353&scanf=27615&charge=4&value=16/114,sp|Q86VM9|ZCH18_HUMAN,/core/www/modules//consensus/?run_id=110202&search_id=114132&scans_id=110198&peptide_id=19353&scanf=27615&charge=4&value=sp|Q86VM9|ZCH18_HUMAN,2,/core/www/modules/match_peptides/blast_html4.php?run_id=110202&search_id=114132&scans_id=110198&peptide_id=19353&scanf=27615&charge=4&value=2,R.FTVTIGEDEREFDKENEVFR.D,/core/www/modules/show_out/show_out_wrapper.php?run_id=110202&search_id=114132&scans_id=110198&peptide_id=19353&scanf=27615&charge=4&value=R.FTVTIGEDEREFDKENEVFR.D,ZC3H18,4.817e+7,2.767,0.009,2.064,0.000
27616,3,"  2.151","  0.370",12/68,/core/www/modules//sdig/index.php?run_id=110202&search_id=114132&scans_id=110198&peptide_id=19354&scanf=27616&charge=3&value=12/68,sp|P13639|EF2_HUMAN,/core/www/modules//consensus/?run_id=110202&search_id=114132&scans_id=110198&peptide_id=19354&scanf=27616&charge=3&value=sp|P13639|EF2_HUMAN,0,/core/www/modules/match_peptides/blast_html4.php?run_id=110202&search_id=114132&scans_id=110198&peptide_id=19354&scanf=27616&charge=3&value=0,R.GHVFEESQVAGTPMFVVK.A,/core/www/modules/show_out/show_out_wrapper.php?run_id=110202&search_id=114132&scans_id=110198&peptide_id=19354&scanf=27616&charge=3&value=R.GHVFEESQVAGTPMFVVK.A,EEF2,1.876e+7,2.252,0.048,1.318,0.002
27617,4,"  6.981","  0.621",23/120,/core/www/modules//sdig/index.php?run_id=110202&search_id=114132&scans_id=110198&peptide_id=19355&scanf=27617&charge=4&value=23/120,sp|Q05519|SRS11_HUMAN,/core/www/modules//consensus/?run_id=110202&search_id=114132&scans_id=110198&peptide_id=19355&scanf=27617&charge=4&value=sp|Q05519|SRS11_HUMAN,4,/core/www/modules/match_peptides/blast_html4.php?run_id=110202&search_id=114132&scans_id=110198&peptide_id=19355&scanf=27617&charge=4&value=4,K.FHDPDSAVVAQHLTNTVFVDR.A,/core/www/modules/show_out/show_out_wrapper.php?run_id=110202&search_id=114132&scans_id=110198&peptide_id=19355&scanf=27617&charge=4&value=K.FHDPDSAVVAQHLTNTVFVDR.A,SRSF11,7.493e+6,3.836,0.000,3.647,0.000
27621,3,"  2.344","  0.557",15/72,/core/www/modules//sdig/index.php?run_id=110202&search_id=114132&scans_id=110198&peptide_id=19360&scanf=27621&charge=3&value=15/72,sp|Q96FV9|THOC1_HUMAN,/core/www/modules//consensus/?run_id=110202&search_id=114132&scans_id=110198&peptide_id=19360&scanf=27621&charge=3&value=sp|Q96FV9|THOC1_HUMAN,3,/core/www/modules/match_peptides/blast_html4.php?run_id=110202&search_id=114132&scans_id=110198&peptide_id=19360&scanf=27621&charge=3&value=3,K.NIKPLLSTFSQVPGSENEK.K,/core/www/modules/show_out/show_out_wrapper.php?run_id=110202&search_id=114132&scans_id=110198&peptide_id=19360&scanf=27621&charge=3&value=K.NIKPLLSTFSQVPGSENEK.K,THOC1,6.079e+6,2.979,0.004,2.377,0.000
27622,2,"  1.567","  0.465",9/18,/core/www/modules//sdig/index.php?run_id=110202&search_id=114132&scans_id=110198&peptide_id=19361&scanf=27622&charge=2&value=9/18,sp|Q9H0S4|DDX47_HUMAN,/core/www/modules//consensus/?run_id=110202&search_id=114132&scans_id=110198&peptide_id=19361&scanf=27622&charge=2&value=sp|Q9H0S4|DDX47_HUMAN,1,/core/www/modules/match_peptides/blast_html4.php?run_id=110202&search_id=114132&scans_id=110198&peptide_id=19361&scanf=27622&charge=2&value=1,K.TFLFSATMTK.K,/core/www/modules/show_out/show_out_wrapper.php?run_id=110202&search_id=114132&scans_id=110198&peptide_id=19361&scanf=27622&charge=2&value=K.TFLFSATMTK.K,DDX47,1.304e+7,2.946,0.005,2.328,0.000
27626,3,"  3.185","  0.553",15/48,/core/www/modules//sdig/index.php?run_id=110202&search_id=114132&scans_id=110198&peptide_id=19365&scanf=27626&charge=3&value=15/48,sp|Q9BSC4|NOL10_HUMAN,/core/www/modules//consensus/?run_id=110202&search_id=114132&scans_id=110198&peptide_id=19365&scanf=27626&charge=3&value=sp|Q9BSC4|NOL10_HUMAN,5,/core/www/modules/match_peptides/blast_html4.php?run_id=110202&search_id=114132&scans_id=110198&peptide_id=19365&scanf=27626&charge=3&value=5,K.LMVNPFAYEEYRK.D,/core/www/modules/show_out/show_out_wrapper.php?run_id=110202&search_id=114132&scans_id=110198&peptide_id=19365&scanf=27626&charge=3&value=K.LMVNPFAYEEYRK.D,NOL10,4.550e+6,3.124,0.003,2.592,0.000
27627,3,"  2.212","  0.144",11/44,/core/www/modules//sdig/index.php?run_id=110202&search_id=114132&scans_id=110198&peptide_id=19366&scanf=27627&charge=3&value=11/44,sp|O75643|U520_HUMAN,/core/www/modules//consensus/?run_id=110202&search_id=114132&scans_id=110198&peptide_id=19366&scanf=27627&charge=3&value=sp|O75643|U520_HUMAN,1,/core/www/modules/match_peptides/blast_html4.php?run_id=110202&search_id=114132&scans_id=110198&peptide_id=19366&scanf=27627&charge=3&value=1,K.LELSVHLQPITR.S,/core/www/modules/show_out/show_out_wrapper.php?run_id=110202&search_id=114132&scans_id=110198&peptide_id=19366&scanf=27627&charge=3&value=K.LELSVHLQPITR.S,SNRNP200,2.698e+8,2.182,0.060,1.221,0.002
27628,2,"  1.723","  0.303",10/20,/core/www/modules//sdig/index.php?run_id=110202&search_id=114132&scans_id=110198&peptide_id=19367&scanf=27628&charge=2&value=10/20,sp|Q9Y3B7|RM11_HUMAN,/core/www/modules//consensus/?run_id=110202&search_id=114132&scans_id=110198&peptide_id=19367&scanf=27628&charge=2&value=sp|Q9Y3B7|RM11_HUMAN,0,/core/www/modules/match_peptides/blast_html4.php?run_id=110202&search_id=114132&scans_id=110198&peptide_id=19367&scanf=27628&charge=2&value=0,K.IGQPTVSYFLK.A,/core/www/modules/show_out/show_out_wrapper.php?run_id=110202&search_id=114132&scans_id=110198&peptide_id=19367&scanf=27628&charge=2&value=K.IGQPTVSYFLK.A,MRPL11,4.458e+6,2.400,0.030,1.530,0.001
27631,3,"  4.188","  0.603",18/60,/core/www/modules//sdig/index.php?run_id=110202&search_id=114132&scans_id=110198&peptide_id=19371&scanf=27631&charge=3&value=18/60,sp|P51948|MAT1_HUMAN,/core/www/modules//consensus/?run_id=110202&search_id=114132&scans_id=110198&peptide_id=19371&scanf=27631&charge=3&value=sp|P51948|MAT1_HUMAN,0,/core/www/modules/match_peptides/blast_html4.php?run_id=110202&search_id=114132&scans_id=110198&peptide_id=19371&scanf=27631&charge=3&value=0,R.VQLFEDPTVDKEVEIR.K,/core/www/modules/show_out/show_out_wrapper.php?run_id=110202&search_id=114132&scans_id=110198&peptide_id=19371&scanf=27631&charge=3&value=R.VQLFEDPTVDKEVEIR.K,MNAT1,3.158e+6,2.965,0.004,2.357,0.000
27636,3,"  5.721","  0.742",26/72,/core/www/modules//sdig/index.php?run_id=110202&search_id=114132&scans_id=110198&peptide_id=19375&scanf=27636&charge=3&value=26/72,sp|P08670|VIME_HUMAN,/core/www/modules//consensus/?run_id=110202&search_id=114132&scans_id=110198&peptide_id=19375&scanf=27636&charge=3&value=sp|P08670|VIME_HUMAN,2,/core/www/modules/match_peptides/blast_html4.php?run_id=110202&search_id=114132&scans_id=110198&peptide_id=19375&scanf=27636&charge=3&value=2,R.EMEENFAVEAANYQDTIGR.L,/core/www/modules/show_out/show_out_wrapper.php?run_id=110202&search_id=114132&scans_id=110198&peptide_id=19375&scanf=27636&charge=3&value=R.EMEENFAVEAANYQDTIGR.L,VIM,2.053e+8,4.507,0.000,4.642,0.000
27637,2,"  2.297","  0.106",9/16,/core/www/modules//sdig/index.php?run_id=110202&search_id=114132&scans_id=110198&peptide_id=19376&scanf=27637&charge=2&value=9/16,sp|P60842|IF4A1_HUMAN,/core/www/modules//consensus/?run_id=110202&search_id=114132&scans_id=110198&peptide_id=19376&scanf=27637&charge=2&value=sp|P60842|IF4A1_HUMAN,7,/core/www/modules/match_peptides/blast_html4.php?run_id=110202&search_id=114132&scans_id=110198&peptide_id=19376&scanf=27637&charge=2&value=7,K.DQIYDIFQK.L,/core/www/modules/show_out/show_out_wrapper.php?run_id=110202&search_id=114132&scans_id=110198&peptide_id=19376&scanf=27637&charge=2&value=K.DQIYDIFQK.L,EIF4A1,5.299e+7,1.973,0.116,0.937,0.005
27638,3,"  4.063","  0.536",14/64,/core/www/modules//sdig/index.php?run_id=110202&search_id=114132&scans_id=110198&peptide_id=19377&scanf=27638&charge=3&value=14/64,sp|Q9UBF2|COPG2_HUMAN,/core/www/modules//consensus/?run_id=110202&search_id=114132&scans_id=110198&peptide_id=19377&scanf=27638&charge=3&value=sp|Q9UBF2|COPG2_HUMAN,0,/core/www/modules/match_peptides/blast_html4.php?run_id=110202&search_id=114132&scans_id=110198&peptide_id=19377&scanf=27638&charge=3&value=0,K.VSSVSSSALVSSLHMMK.I,/core/www/modules/show_out/show_out_wrapper.php?run_id=110202&search_id=114132&scans_id=110198&peptide_id=19377&scanf=27638&charge=3&value=K.VSSVSSSALVSSLHMMK.I,COPG2,9.523e+6,3.135,0.002,2.608,0.000
27639,2,"  2.657","  0.446",11/14,/core/www/modules//sdig/index.php?run_id=110202&search_id=114132&scans_id=110198&peptide_id=19378&scanf=27639&charge=2&value=11/14,sp|P38159|RBMX_HUMAN,/core/www/modules//consensus/?run_id=110202&search_id=114132&scans_id=110198&peptide_id=19378&scanf=27639&charge=2&value=sp|P38159|RBMX_HUMAN,4,/core/www/modules/match_peptides/blast_html4.php?run_id=110202&search_id=114132&scans_id=110198&peptide_id=19378&scanf=27639&charge=2&value=4,R.IVEVLLMK.D,/core/www/modules/show_out/show_out_wrapper.php?run_id=110202&search_id=114132&scans_id=110198&peptide_id=19378&scanf=27639&charge=2&value=R.IVEVLLMK.D,RBMX,3.788e+8,3.637,0.000,3.352,0.000
27640,2,"  2.013","  0.529",9/16,/core/www/modules//sdig/index.php?run_id=110202&search_id=114132&scans_id=110198&peptide_id=19380&scanf=27640&charge=2&value=9/16,sp|O95707|RPP29_HUMAN,/core/www/modules//consensus/?run_id=110202&search_id=114132&scans_id=110198&peptide_id=19380&scanf=27640&charge=2&value=sp|O95707|RPP29_HUMAN,2,/core/www/modules/match_peptides/blast_html4.php?run_id=110202&search_id=114132&scans_id=110198&peptide_id=19380&scanf=27640&charge=2&value=2,K.AVVLEYFTR.H,/core/www/modules/show_out/show_out_wrapper.php?run_id=110202&search_id=114132&scans_id=110198&peptide_id=19380&scanf=27640&charge=2&value=K.AVVLEYFTR.H,POP4,1.192e+7,3.310,0.001,2.867,0.000
27644,3,"  3.627","  0.368",13/52,/core/www/modules//sdig/index.php?run_id=110202&search_id=114132&scans_id=110198&peptide_id=19384&scanf=27644&charge=3&value=13/52,sp|O60508|PRP17_HUMAN,/core/www/modules//consensus/?run_id=110202&search_id=114132&scans_id=110198&peptide_id=19384&scanf=27644&charge=3&value=sp|O60508|PRP17_HUMAN,1,/core/www/modules/match_peptides/blast_html4.php?run_id=110202&search_id=114132&scans_id=110198&peptide_id=19384&scanf=27644&charge=3&value=1,R.SYLHIPQDVGVNLR.S,/core/www/modules/show_out/show_out_wrapper.php?run_id=110202&search_id=114132&scans_id=110198&peptide_id=19384&scanf=27644&charge=3&value=R.SYLHIPQDVGVNLR.S,CDC40,8.087e+6,2.622,0.014,1.852,0.000
27647,3,"  4.222","  0.557",13/60,/core/www/modules//sdig/index.php?run_id=110202&search_id=114132&scans_id=110198&peptide_id=19387&scanf=27647&charge=3&value=13/60,sp|Q9H2U1|DHX36_HUMAN,/core/www/modules//consensus/?run_id=110202&search_id=114132&scans_id=110198&peptide_id=19387&scanf=27647&charge=3&value=sp|Q9H2U1|DHX36_HUMAN,3,/core/www/modules/match_peptides/blast_html4.php?run_id=110202&search_id=114132&scans_id=110198&peptide_id=19387&scanf=27647&charge=3&value=3,K.GQFAEHLLGAGFVSSR.N,/core/www/modules/show_out/show_out_wrapper.php?run_id=110202&search_id=114132&scans_id=110198&peptide_id=19387&scanf=27647&charge=3&value=K.GQFAEHLLGAGFVSSR.N,DHX36,6.898e+6,3.201,0.002,2.705,0.000
27649,4,"  8.595","  0.655",32/228,/core/www/modules//sdig/index.php?run_id=110202&search_id=114132&scans_id=110198&peptide_id=19389&scanf=27649&charge=4&value=32/228,sp|P09874|PARP1_HUMAN,/core/www/modules//consensus/?run_id=110202&search_id=114132&scans_id=110198&peptide_id=19389&scanf=27649&charge=4&value=sp|P09874|PARP1_HUMAN,1,/core/www/modules/match_peptides/blast_html4.php?run_id=110202&search_id=114132&scans_id=110198&peptide_id=19389&scanf=27649&charge=4&value=1,R.IFPPETSASVAATPPPSTASAPAAVNSSASADKPLSNMK.I,/core/www/modules/show_out/show_out_wrapper.php?run_id=110202&search_id=114132&scans_id=110198&peptide_id=19389&scanf=27649&charge=4&value=R.IFPPETSASVAATPPPSTASAPAAVNSSASADKPLSNMK.I,PARP1,2.067e+6,3.464,0.001,3.095,0.000
27650,2,"  1.604","  0.525",8/12,/core/www/modules//sdig/index.php?run_id=110202&search_id=114132&scans_id=110198&peptide_id=19391&scanf=27650&charge=2&value=8/12,sp|Q8IXT5|RB12B_HUMAN,/core/www/modules//consensus/?run_id=110202&search_id=114132&scans_id=110198&peptide_id=19391&scanf=27650&charge=2&value=sp|Q8IXT5|RB12B_HUMAN,1,/core/www/modules/match_peptides/blast_html4.php?run_id=110202&search_id=114132&scans_id=110198&peptide_id=19391&scanf=27650&charge=2&value=1,R.YAFVMFK.T,/core/www/modules/show_out/show_out_wrapper.php?run_id=110202&search_id=114132&scans_id=110198&peptide_id=19391&scanf=27650&charge=2&value=R.YAFVMFK.T,RBM12B,1.015e+7,3.593,0.001,3.286,0.000
27655,2,"  3.346","  0.483",15/26,/core/www/modules//sdig/index.php?run_id=110202&search_id=114132&scans_id=110198&peptide_id=19396&scanf=27655&charge=2&value=15/26,sp|P11021|BIP_HUMAN,/core/www/modules//consensus/?run_id=110202&search_id=114132&scans_id=110198&peptide_id=19396&scanf=27655&charge=2&value=sp|P11021|BIP_HUMAN,1,/core/www/modules/match_peptides/blast_html4.php?run_id=110202&search_id=114132&scans_id=110198&peptide_id=19396&scanf=27655&charge=2&value=1,K.SDIDEIVLVGGSTR.I,/core/www/modules/show_out/show_out_wrapper.php?run_id=110202&search_id=114132&scans_id=110198&peptide_id=19396&scanf=27655&charge=2&value=K.SDIDEIVLVGGSTR.I,HSPA5,2.383e+6,3.115,0.003,2.578,0.000
27657,2,"  2.224","  0.110",9/16,/core/www/modules//sdig/index.php?run_id=110202&search_id=114132&scans_id=110198&peptide_id=19397&scanf=27657&charge=2&value=9/16,sp|P60842|IF4A1_HUMAN,/core/www/modules//consensus/?run_id=110202&search_id=114132&scans_id=110198&peptide_id=19397&scanf=27657&charge=2&value=sp|P60842|IF4A1_HUMAN,7,/core/www/modules/match_peptides/blast_html4.php?run_id=110202&search_id=114132&scans_id=110198&peptide_id=19397&scanf=27657&charge=2&value=7,K.DQIYDIFQK.L,/core/www/modules/show_out/show_out_wrapper.php?run_id=110202&search_id=114132&scans_id=110198&peptide_id=19397&scanf=27657&charge=2&value=K.DQIYDIFQK.L,EIF4A1,5.299e+7,1.893,0.147,0.833,0.007
27658,2,"  2.216","  0.516",10/16,/core/www/modules//sdig/index.php?run_id=110202&search_id=114132&scans_id=110198&peptide_id=19398&scanf=27658&charge=2&value=10/16,sp|P26641|EF1G_HUMAN,/core/www/modules//consensus/?run_id=110202&search_id=114132&scans_id=110198&peptide_id=19398&scanf=27658&charge=2&value=sp|P26641|EF1G_HUMAN,0,/core/www/modules/match_peptides/blast_html4.php?run_id=110202&search_id=114132&scans_id=110198&peptide_id=19398&scanf=27658&charge=2&value=0,K.STFVLDEFK.R,/core/www/modules/show_out/show_out_wrapper.php?run_id=110202&search_id=114132&scans_id=110198&peptide_id=19398&scanf=27658&charge=2&value=K.STFVLDEFK.R,EEF1G,2.460e+7,3.353,0.001,2.930,0.000
27659,2,"  2.719","  0.481",10/18,/core/www/modules//sdig/index.php?run_id=110202&search_id=114132&scans_id=110198&peptide_id=19399&scanf=27659&charge=2&value=10/18,sp|P04350|TBB4A_HUMAN,/core/www/modules//consensus/?run_id=110202&search_id=114132&scans_id=110198&peptide_id=19399&scanf=27659&charge=2&value=sp|P04350|TBB4A_HUMAN,8,/core/www/modules/match_peptides/blast_html4.php?run_id=110202&search_id=114132&scans_id=110198&peptide_id=19399&scanf=27659&charge=2&value=8,R.ISEQFTAMFR.R,/core/www/modules/show_out/show_out_wrapper.php?run_id=110202&search_id=114132&scans_id=110198&peptide_id=19399&scanf=27659&charge=2&value=R.ISEQFTAMFR.R,TUBB4A,6.716e+7,3.172,0.002,2.663,0.000
27660,3,"  3.135","  0.618",17/48,/core/www/modules//sdig/index.php?run_id=110202&search_id=114132&scans_id=110198&peptide_id=19401&scanf=27660&charge=3&value=17/48,sp|Q16531|DDB1_HUMAN,/core/www/modules//consensus/?run_id=110202&search_id=114132&scans_id=110198&peptide_id=19401&scanf=27660&charge=3&value=sp|Q16531|DDB1_HUMAN,6,/core/www/modules/match_peptides/blast_html4.php?run_id=110202&search_id=114132&scans_id=110198&peptide_id=19401&scanf=27660&charge=3&value=6,R.ALYYLQIHPQELR.Q,/core/www/modules/show_out/show_out_wrapper.php?run_id=110202&search_id=114132&scans_id=110198&peptide_id=19401&scanf=27660&charge=3&value=R.ALYYLQIHPQELR.Q,DDB1,1.255e+7,3.728,0.000,3.486,0.000
27663,2,"  1.660","  0.474",8/14,/core/www/modules//sdig/index.php?run_id=110202&search_id=114132&scans_id=110198&peptide_id=19404&scanf=27663&charge=2&value=8/14,sp|Q9NW13|RBM28_HUMAN,/core/www/modules//consensus/?run_id=110202&search_id=114132&scans_id=110198&peptide_id=19404&scanf=27663&charge=2&value=sp|Q9NW13|RBM28_HUMAN,1,/core/www/modules/match_peptides/blast_html4.php?run_id=110202&search_id=114132&scans_id=110198&peptide_id=19404&scanf=27663&charge=2&value=1,R.GFGFVQFK.N,/core/www/modules/show_out/show_out_wrapper.php?run_id=110202&search_id=114132&scans_id=110198&peptide_id=19404&scanf=27663&charge=2&value=R.GFGFVQFK.N,RBM28,1.942e+7,3.178,0.002,2.671,0.000
27664,4,"  3.304","  0.564",17/108,/core/www/modules//sdig/index.php?run_id=110202&search_id=114132&scans_id=110198&peptide_id=19405&scanf=27664&charge=4&value=17/108,sp|Q9Y221|NIP7_HUMAN,/core/www/modules//consensus/?run_id=110202&search_id=114132&scans_id=110198&peptide_id=19405&scanf=27664&charge=4&value=sp|Q9Y221|NIP7_HUMAN,2,/core/www/modules/match_peptides/blast_html4.php?run_id=110202&search_id=114132&scans_id=110198&peptide_id=19405&scanf=27664&charge=4&value=2,K.VWIKPGAEQSFLYGNHVLK.S,/core/www/modules/show_out/show_out_wrapper.php?run_id=110202&search_id=114132&scans_id=110198&peptide_id=19405&scanf=27664&charge=4&value=K.VWIKPGAEQSFLYGNHVLK.S,NIP7,1.953e+7,3.461,0.001,3.091,0.000
27665,2,"  2.040","  0.134",9/14,/core/www/modules//sdig/index.php?run_id=110202&search_id=114132&scans_id=110198&peptide_id=19406&scanf=27665&charge=2&value=9/14,sp|Q92616|GCN1_HUMAN,/core/www/modules//consensus/?run_id=110202&search_id=114132&scans_id=110198&peptide_id=19406&scanf=27665&charge=2&value=sp|Q92616|GCN1_HUMAN,0,/core/www/modules/match_peptides/blast_html4.php?run_id=110202&search_id=114132&scans_id=110198&peptide_id=19406&scanf=27665&charge=2&value=0,K.GLGILSLK.Q,/core/www/modules/show_out/show_out_wrapper.php?run_id=110202&search_id=114132&scans_id=110198&peptide_id=19406&scanf=27665&charge=2&value=K.GLGILSLK.Q,GCN1,1.145e+7,2.339,0.036,1.443,0.001
27666,2,"  2.199","  0.448",9/18,/core/www/modules//sdig/index.php?run_id=110202&search_id=114132&scans_id=110198&peptide_id=19407&scanf=27666&charge=2&value=9/18,sp|Q9ULW3|ABT1_HUMAN,/core/www/modules//consensus/?run_id=110202&search_id=114132&scans_id=110198&peptide_id=19407&scanf=27666&charge=2&value=sp|Q9ULW3|ABT1_HUMAN,0,/core/www/modules/match_peptides/blast_html4.php?run_id=110202&search_id=114132&scans_id=110198&peptide_id=19407&scanf=27666&charge=2&value=0,K.DYTEGWVEFR.D,/core/www/modules/show_out/show_out_wrapper.php?run_id=110202&search_id=114132&scans_id=110198&peptide_id=19407&scanf=27666&charge=2&value=K.DYTEGWVEFR.D,ABT1,6.622e+6,2.882,0.006,2.234,0.000
27668,2,"  1.261","  0.253",8/14,/core/www/modules//sdig/index.php?run_id=110202&search_id=114132&scans_id=110198&peptide_id=19409&scanf=27668&charge=2&value=8/14,sp|P08133|ANXA6_HUMAN,/core/www/modules//consensus/?run_id=110202&search_id=114132&scans_id=110198&peptide_id=19409&scanf=27668&charge=2&value=sp|P08133|ANXA6_HUMAN,1,/core/www/modules/match_peptides/blast_html4.php?run_id=110202&search_id=114132&scans_id=110198&peptide_id=19409&scanf=27668&charge=2&value=1,R.LVFDEYLK.T,/core/www/modules/show_out/show_out_wrapper.php?run_id=110202&search_id=114132&scans_id=110198&peptide_id=19409&scanf=27668&charge=2&value=R.LVFDEYLK.T,ANXA6,1.017e+8,2.280,0.044,1.358,0.001
27669,2,"  2.026","  0.394",10/16,/core/www/modules//sdig/index.php?run_id=110202&search_id=114132&scans_id=110198&peptide_id=19410&scanf=27669&charge=2&value=10/16,sp|Q13263|TIF1B_HUMAN,/core/www/modules//consensus/?run_id=110202&search_id=114132&scans_id=110198&peptide_id=19410&scanf=27669&charge=2&value=sp|Q13263|TIF1B_HUMAN,1,/core/www/modules/match_peptides/blast_html4.php?run_id=110202&search_id=114132&scans_id=110198&peptide_id=19410&scanf=27669&charge=2&value=1,K.DIVENYFMR.D,/core/www/modules/show_out/show_out_wrapper.php?run_id=110202&search_id=114132&scans_id=110198&peptide_id=19410&scanf=27669&charge=2&value=K.DIVENYFMR.D,TRIM28,3.361e+7,3.019,0.004,2.436,0.000
27672,3,"  6.013","  0.707",26/92,/core/www/modules//sdig/index.php?run_id=110202&search_id=114132&scans_id=110198&peptide_id=19414&scanf=27672&charge=3&value=26/92,sp|Q14554|PDIA5_HUMAN,/core/www/modules//consensus/?run_id=110202&search_id=114132&scans_id=110198&peptide_id=19414&scanf=27672&charge=3&value=sp|Q14554|PDIA5_HUMAN,0,/core/www/modules/match_peptides/blast_html4.php?run_id=110202&search_id=114132&scans_id=110198&peptide_id=19414&scanf=27672&charge=3&value=0,K.AAEALHGEADSSGVLAAVDATVNK.A,/core/www/modules/show_out/show_out_wrapper.php?run_id=110202&search_id=114132&scans_id=110198&peptide_id=19414&scanf=27672&charge=3&value=K.AAEALHGEADSSGVLAAVDATVNK.A,PDIA5,2.522e+6,3.610,0.000,3.311,0.000
27674,2,"  1.484","  0.313",7/14,/core/www/modules//sdig/index.php?run_id=110202&search_id=114132&scans_id=110198&peptide_id=19416&scanf=27674&charge=2&value=7/14,sp|Q13619|CUL4A_HUMAN,/core/www/modules//consensus/?run_id=110202&search_id=114132&scans_id=110198&peptide_id=19416&scanf=27674&charge=2&value=sp|Q13619|CUL4A_HUMAN,14,/core/www/modules/match_peptides/blast_html4.php?run_id=110202&search_id=114132&scans_id=110198&peptide_id=19416&scanf=27674&charge=2&value=14,K.DVFEAFYK.K,/core/www/modules/show_out/show_out_wrapper.php?run_id=110202&search_id=114132&scans_id=110198&peptide_id=19416&scanf=27674&charge=2&value=K.DVFEAFYK.K,CUL4A,7.003e+6,2.512,0.020,1.692,0.000
27676,2,"  1.090","  0.368",6/14,/core/www/modules//sdig/index.php?run_id=110202&search_id=114132&scans_id=110198&peptide_id=19418&scanf=27676&charge=2&value=6/14,sp|Q9H3G5|CPVL_HUMAN,/core/www/modules//consensus/?run_id=110202&search_id=114132&scans_id=110198&peptide_id=19418&scanf=27676&charge=2&value=sp|Q9H3G5|CPVL_HUMAN,1,/core/www/modules/match_peptides/blast_html4.php?run_id=110202&search_id=114132&scans_id=110198&peptide_id=19418&scanf=27676&charge=2&value=1,K.FLSLPEVR.Q,/core/www/modules/show_out/show_out_wrapper.php?run_id=110202&search_id=114132&scans_id=110198&peptide_id=19418&scanf=27676&charge=2&value=K.FLSLPEVR.Q,CPVL,5.819e+6,2.345,0.035,1.450,0.001
27679,2,"  2.500","  0.505",11/20,/core/www/modules//sdig/index.php?run_id=110202&search_id=114132&scans_id=110198&peptide_id=19420&scanf=27679&charge=2&value=11/20,sp|P14625|ENPL_HUMAN,/core/www/modules//consensus/?run_id=110202&search_id=114132&scans_id=110198&peptide_id=19420&scanf=27679&charge=2&value=sp|P14625|ENPL_HUMAN,8,/core/www/modules/match_peptides/blast_html4.php?run_id=110202&search_id=114132&scans_id=110198&peptide_id=19420&scanf=27679&charge=2&value=8,K.SILFVPTSAPR.G,/core/www/modules/show_out/show_out_wrapper.php?run_id=110202&search_id=114132&scans_id=110198&peptide_id=19420&scanf=27679&charge=2&value=K.SILFVPTSAPR.G,HSP90B1,7.038e+7,3.293,0.001,2.841,0.000
27680,3,"  4.045","  0.487",16/64,/core/www/modules//sdig/index.php?run_id=110202&search_id=114132&scans_id=110198&peptide_id=19422&scanf=27680&charge=3&value=16/64,sp|P15880|RS2_HUMAN,/core/www/modules//consensus/?run_id=110202&search_id=114132&scans_id=110198&peptide_id=19422&scanf=27680&charge=3&value=sp|P15880|RS2_HUMAN,5,/core/www/modules/match_peptides/blast_html4.php?run_id=110202&search_id=114132&scans_id=110198&peptide_id=19422&scanf=27680&charge=3&value=5,K.AFVAIGDYNGHVGLGVK.C,/core/www/modules/show_out/show_out_wrapper.php?run_id=110202&search_id=114132&scans_id=110198&peptide_id=19422&scanf=27680&charge=3&value=K.AFVAIGDYNGHVGLGVK.C,RPS2,3.974e+7,3.048,0.003,2.479,0.000
27685,2,"  3.754","  0.592",14/24,/core/www/modules//sdig/index.php?run_id=110202&search_id=114132&scans_id=110198&peptide_id=19427&scanf=27685&charge=2&value=14/24,sp|Q09028|RBBP4_HUMAN,/core/www/modules//consensus/?run_id=110202&search_id=114132&scans_id=110198&peptide_id=19427&scanf=27685&charge=2&value=sp|Q09028|RBBP4_HUMAN,4,/core/www/modules/match_peptides/blast_html4.php?run_id=110202&search_id=114132&scans_id=110198&peptide_id=19427&scanf=27685&charge=2&value=4,K.TPSSDVLVFDYTK.H,/core/www/modules/show_out/show_out_wrapper.php?run_id=110202&search_id=114132&scans_id=110198&peptide_id=19427&scanf=27685&charge=2&value=K.TPSSDVLVFDYTK.H,RBBP4,6.501e+7,3.472,0.001,3.107,0.000
27687,3,"  4.527","  0.565",16/60,/core/www/modules//sdig/index.php?run_id=110202&search_id=114132&scans_id=110198&peptide_id=19429&scanf=27687&charge=3&value=16/60,sp|P08133|ANXA6_HUMAN,/core/www/modules//consensus/?run_id=110202&search_id=114132&scans_id=110198&peptide_id=19429&scanf=27687&charge=3&value=sp|P08133|ANXA6_HUMAN,3,/core/www/modules/match_peptides/blast_html4.php?run_id=110202&search_id=114132&scans_id=110198&peptide_id=19429&scanf=27687&charge=3&value=3,R.DLEADIIGDTSGHFQK.M,/core/www/modules/show_out/show_out_wrapper.php?run_id=110202&search_id=114132&scans_id=110198&peptide_id=19429&scanf=27687&charge=3&value=R.DLEADIIGDTSGHFQK.M,ANXA6,1.914e+7,3.426,0.001,3.038,0.000
27689,4,"  5.200","  0.490",17/120,/core/www/modules//sdig/index.php?run_id=110202&search_id=114132&scans_id=110198&peptide_id=19431&scanf=27689&charge=4&value=17/120,tr|A0A087WY03|A0A087WY03_HUMAN,/core/www/modules//consensus/?run_id=110202&search_id=114132&scans_id=110198&peptide_id=19431&scanf=27689&charge=4&value=tr|A0A087WY03|A0A087WY03_HUMAN,1,/core/www/modules/match_peptides/blast_html4.php?run_id=110202&search_id=114132&scans_id=110198&peptide_id=19431&scanf=27689&charge=4&value=1,K.FRDPSSVGVAQHLTNTVFIDR.A,/core/www/modules/show_out/show_out_wrapper.php?run_id=110202&search_id=114132&scans_id=110198&peptide_id=19431&scanf=27689&charge=4&value=K.FRDPSSVGVAQHLTNTVFIDR.A,SREK1,2.268e+6,2.892,0.006,2.248,0.000
27690,3,"  1.855","  0.356",13/44,/core/www/modules//sdig/index.php?run_id=110202&search_id=114132&scans_id=110198&peptide_id=19432&scanf=27690&charge=3&value=13/44,sp|P40938|RFC3_HUMAN,/core/www/modules//consensus/?run_id=110202&search_id=114132&scans_id=110198&peptide_id=19432&scanf=27690&charge=3&value=sp|P40938|RFC3_HUMAN,0,/core/www/modules/match_peptides/blast_html4.php?run_id=110202&search_id=114132&scans_id=110198&peptide_id=19432&scanf=27690&charge=3&value=0,K.VVLLTEVDKLTK.D,/core/www/modules/show_out/show_out_wrapper.php?run_id=110202&search_id=114132&scans_id=110198&peptide_id=19432&scanf=27690&charge=3&value=K.VVLLTEVDKLTK.D,RFC3,7.250e+6,2.451,0.025,1.602,0.001
27692,2,"  2.230","  0.153",8/16,/core/www/modules//sdig/index.php?run_id=110202&search_id=114132&scans_id=110198&peptide_id=19434&scanf=27692&charge=2&value=8/16,sp|P63092|GNAS2_HUMAN,/core/www/modules//consensus/?run_id=110202&search_id=114132&scans_id=110198&peptide_id=19434&scanf=27692&charge=2&value=sp|P63092|GNAS2_HUMAN,11,/core/www/modules/match_peptides/blast_html4.php?run_id=110202&search_id=114132&scans_id=110198&peptide_id=19434&scanf=27692&charge=2&value=11,R.LQEALNLFK.S,/core/www/modules/show_out/show_out_wrapper.php?run_id=110202&search_id=114132&scans_id=110198&peptide_id=19434&scanf=27692&charge=2&value=R.LQEALNLFK.S,GNAS,1.451e+7,2.010,0.103,0.986,0.005
27693,2,"  1.939","  0.337",8/20,/core/www/modules//sdig/index.php?run_id=110202&search_id=114132&scans_id=110198&peptide_id=19435&scanf=27693&charge=2&value=8/20,sp|Q14315|FLNC_HUMAN,/core/www/modules//consensus/?run_id=110202&search_id=114132&scans_id=110198&peptide_id=19435&scanf=27693&charge=2&value=sp|Q14315|FLNC_HUMAN,0,/core/www/modules/match_peptides/blast_html4.php?run_id=110202&search_id=114132&scans_id=110198&peptide_id=19435&scanf=27693&charge=2&value=0,K.VPQLPITNFNR.D,/core/www/modules/show_out/show_out_wrapper.php?run_id=110202&search_id=114132&scans_id=110198&peptide_id=19435&scanf=27693&charge=2&value=K.VPQLPITNFNR.D,FLNC,1.551e+7,2.457,0.024,1.612,0.001
27696,2,"  2.330","  0.416",9/16,/core/www/modules//sdig/index.php?run_id=110202&search_id=114132&scans_id=110198&peptide_id=19438&scanf=27696&charge=2&value=9/16,sp|Q3B726|RPA43_HUMAN,/core/www/modules//consensus/?run_id=110202&search_id=114132&scans_id=110198&peptide_id=19438&scanf=27696&charge=2&value=sp|Q3B726|RPA43_HUMAN,0,/core/www/modules/match_peptides/blast_html4.php?run_id=110202&search_id=114132&scans_id=110198&peptide_id=19438&scanf=27696&charge=2&value=0,K.LNITSLQFK.R,/core/www/modules/show_out/show_out_wrapper.php?run_id=110202&search_id=114132&scans_id=110198&peptide_id=19438&scanf=27696&charge=2&value=K.LNITSLQFK.R,POLR1F,1.187e+7,2.914,0.005,2.282,0.000
27699,2,"  1.903","  0.281",9/18,/core/www/modules//sdig/index.php?run_id=110202&search_id=114132&scans_id=110198&peptide_id=19440&scanf=27699&charge=2&value=9/18,sp|P13804|ETFA_HUMAN,/core/www/modules//consensus/?run_id=110202&search_id=114132&scans_id=110198&peptide_id=19440&scanf=27699&charge=2&value=sp|P13804|ETFA_HUMAN,9,/core/www/modules/match_peptides/blast_html4.php?run_id=110202&search_id=114132&scans_id=110198&peptide_id=19440&scanf=27699&charge=2&value=9,K.VVPEMTEILK.K,/core/www/modules/show_out/show_out_wrapper.php?run_id=110202&search_id=114132&scans_id=110198&peptide_id=19440&scanf=27699&charge=2&value=K.VVPEMTEILK.K,ETFA,1.996e+7,2.327,0.038,1.425,0.001
27700,2,"  2.500","  0.422",10/16,/core/www/modules//sdig/index.php?run_id=110202&search_id=114132&scans_id=110198&peptide_id=19442&scanf=27700&charge=2&value=10/16,sp|Q15397|PUM3_HUMAN,/core/www/modules//consensus/?run_id=110202&search_id=114132&scans_id=110198&peptide_id=19442&scanf=27700&charge=2&value=sp|Q15397|PUM3_HUMAN,0,/core/www/modules/match_peptides/blast_html4.php?run_id=110202&search_id=114132&scans_id=110198&peptide_id=19442&scanf=27700&charge=2&value=0,K.LELIMDEMK.Q,/core/www/modules/show_out/show_out_wrapper.php?run_id=110202&search_id=114132&scans_id=110198&peptide_id=19442&scanf=27700&charge=2&value=K.LELIMDEMK.Q,PUM3,2.682e+7,3.016,0.004,2.432,0.000
27702,2,"  1.112","  0.117",7/14,/core/www/modules//sdig/index.php?run_id=110202&search_id=114132&scans_id=110198&peptide_id=19444&scanf=27702&charge=2&value=7/14,sp|Q9GZR2|REXO4_HUMAN,/core/www/modules//consensus/?run_id=110202&search_id=114132&scans_id=110198&peptide_id=19444&scanf=27702&charge=2&value=sp|Q9GZR2|REXO4_HUMAN,0,/core/www/modules/match_peptides/blast_html4.php?run_id=110202&search_id=114132&scans_id=110198&peptide_id=19444&scanf=27702&charge=2&value=0,K.ALQEWLLK.Q,/core/www/modules/show_out/show_out_wrapper.php?run_id=110202&search_id=114132&scans_id=110198&peptide_id=19444&scanf=27702&charge=2&value=K.ALQEWLLK.Q,REXO4,9.821e+6,1.837,0.172,0.764,0.009
27703,3,"  4.390","  0.664",15/68,/core/www/modules//sdig/index.php?run_id=110202&search_id=114132&scans_id=110198&peptide_id=19445&scanf=27703&charge=3&value=15/68,sp|O60763|USO1_HUMAN,/core/www/modules//consensus/?run_id=110202&search_id=114132&scans_id=110198&peptide_id=19445&scanf=27703&charge=3&value=sp|O60763|USO1_HUMAN,0,/core/www/modules/match_peptides/blast_html4.php?run_id=110202&search_id=114132&scans_id=110198&peptide_id=19445&scanf=27703&charge=3&value=0,R.MKPWFEVGDENSGWSAQK.V,/core/www/modules/show_out/show_out_wrapper.php?run_id=110202&search_id=114132&scans_id=110198&peptide_id=19445&scanf=27703&charge=3&value=R.MKPWFEVGDENSGWSAQK.V,USO1,4.832e+6,3.494,0.001,3.139,0.000
27704,2,"  2.626","  0.465",9/16,/core/www/modules//sdig/index.php?run_id=110202&search_id=114132&scans_id=110198&peptide_id=19446&scanf=27704&charge=2&value=9/16,sp|P08133|ANXA6_HUMAN,/core/www/modules//consensus/?run_id=110202&search_id=114132&scans_id=110198&peptide_id=19446&scanf=27704&charge=2&value=sp|P08133|ANXA6_HUMAN,1,/core/www/modules/match_peptides/blast_html4.php?run_id=110202&search_id=114132&scans_id=110198&peptide_id=19446&scanf=27704&charge=2&value=1,R.SELDMLDIR.E,/core/www/modules/show_out/show_out_wrapper.php?run_id=110202&search_id=114132&scans_id=110198&peptide_id=19446&scanf=27704&charge=2&value=R.SELDMLDIR.E,ANXA6,1.675e+7,3.144,0.002,2.622,0.000
27705,2,"  2.389","  0.288",10/16,/core/www/modules//sdig/index.php?run_id=110202&search_id=114132&scans_id=110198&peptide_id=19447&scanf=27705&charge=2&value=10/16,sp|P14678|RSMB_HUMAN,/core/www/modules//consensus/?run_id=110202&search_id=114132&scans_id=110198&peptide_id=19447&scanf=27705&charge=2&value=sp|P14678|RSMB_HUMAN,2,/core/www/modules/match_peptides/blast_html4.php?run_id=110202&search_id=114132&scans_id=110198&peptide_id=19447&scanf=27705&charge=2&value=2,K.RVLGLVLLR.G,/core/www/modules/show_out/show_out_wrapper.php?run_id=110202&search_id=114132&scans_id=110198&peptide_id=19447&scanf=27705&charge=2&value=K.RVLGLVLLR.G,SNRPB,7.393e+6,2.350,0.035,1.457,0.001
27710,2,"  3.607","  0.554",17/24,/core/www/modules//sdig/index.php?run_id=110202&search_id=114132&scans_id=110198&peptide_id=19453&scanf=27710&charge=2&value=17/24,sp|Q15050|RRS1_HUMAN,/core/www/modules//consensus/?run_id=110202&search_id=114132&scans_id=110198&peptide_id=19453&scanf=27710&charge=2&value=sp|Q15050|RRS1_HUMAN,0,/core/www/modules/match_peptides/blast_html4.php?run_id=110202&search_id=114132&scans_id=110198&peptide_id=19453&scanf=27710&charge=2&value=0,R.KFQPLFGDFAAEK.K,/core/www/modules/show_out/show_out_wrapper.php?run_id=110202&search_id=114132&scans_id=110198&peptide_id=19453&scanf=27710&charge=2&value=R.KFQPLFGDFAAEK.K,RRS1,5.113e+6,3.225,0.002,2.741,0.000
27711,2,"  1.934","  0.161",8/12,/core/www/modules//sdig/index.php?run_id=110202&search_id=114132&scans_id=110198&peptide_id=19454&scanf=27711&charge=2&value=8/12,sp|Q9BWU1|CDK19_HUMAN,/core/www/modules//consensus/?run_id=110202&search_id=114132&scans_id=110198&peptide_id=19454&scanf=27711&charge=2&value=sp|Q9BWU1|CDK19_HUMAN,1,/core/www/modules/match_peptides/blast_html4.php?run_id=110202&search_id=114132&scans_id=110198&peptide_id=19454&scanf=27711&charge=2&value=1,K.VFLLLQK.L,/core/www/modules/show_out/show_out_wrapper.php?run_id=110202&search_id=114132&scans_id=110198&peptide_id=19454&scanf=27711&charge=2&value=K.VFLLLQK.L,CDK19,7.788e+6,2.271,0.045,1.346,0.002
27713,2,"  2.376","  0.538",9/14,/core/www/modules//sdig/index.php?run_id=110202&search_id=114132&scans_id=110198&peptide_id=19456&scanf=27713&charge=2&value=9/14,sp|P04843|RPN1_HUMAN,/core/www/modules//consensus/?run_id=110202&search_id=114132&scans_id=110198&peptide_id=19456&scanf=27713&charge=2&value=sp|P04843|RPN1_HUMAN,1,/core/www/modules/match_peptides/blast_html4.php?run_id=110202&search_id=114132&scans_id=110198&peptide_id=19456&scanf=27713&charge=2&value=1,K.IDHILDAL.-,/core/www/modules/show_out/show_out_wrapper.php?run_id=110202&search_id=114132&scans_id=110198&peptide_id=19456&scanf=27713&charge=2&value=K.IDHILDAL.-,RPN1,4.102e+6,3.463,0.001,3.093,0.000
27715,2,"  3.475","  0.607",15/24,/core/www/modules//sdig/index.php?run_id=110202&search_id=114132&scans_id=110198&peptide_id=19458&scanf=27715&charge=2&value=15/24,sp|O75151|PHF2_HUMAN,/core/www/modules//consensus/?run_id=110202&search_id=114132&scans_id=110198&peptide_id=19458&scanf=27715&charge=2&value=sp|O75151|PHF2_HUMAN,0,/core/www/modules/match_peptides/blast_html4.php?run_id=110202&search_id=114132&scans_id=110198&peptide_id=19458&scanf=27715&charge=2&value=0,R.VLNVTNLEFSDTR.M,/core/www/modules/show_out/show_out_wrapper.php?run_id=110202&search_id=114132&scans_id=110198&peptide_id=19458&scanf=27715&charge=2&value=R.VLNVTNLEFSDTR.M,PHF2,5.505e+6,3.609,0.000,3.309,0.000
27721,3,"  4.348","  0.652",15/60,/core/www/modules//sdig/index.php?run_id=110202&search_id=114132&scans_id=110198&peptide_id=19464&scanf=27721&charge=3&value=15/60,sp|Q08211|DHX9_HUMAN,/core/www/modules//consensus/?run_id=110202&search_id=114132&scans_id=110198&peptide_id=19464&scanf=27721&charge=3&value=sp|Q08211|DHX9_HUMAN,0,/core/www/modules/match_peptides/blast_html4.php?run_id=110202&search_id=114132&scans_id=110198&peptide_id=19464&scanf=27721&charge=3&value=0,R.QLYHLGVVEAYSGLTK.K,/core/www/modules/show_out/show_out_wrapper.php?run_id=110202&search_id=114132&scans_id=110198&peptide_id=19464&scanf=27721&charge=3&value=R.QLYHLGVVEAYSGLTK.K,DHX9,8.936e+7,3.906,0.000,3.750,0.000
27722,2,"  1.347","  0.232",9/20,/core/www/modules//sdig/index.php?run_id=110202&search_id=114132&scans_id=110198&peptide_id=19465&scanf=27722&charge=2&value=9/20,sp|Q7L2E3|DHX30_HUMAN,/core/www/modules//consensus/?run_id=110202&search_id=114132&scans_id=110198&peptide_id=19465&scanf=27722&charge=2&value=sp|Q7L2E3|DHX30_HUMAN,1,/core/www/modules/match_peptides/blast_html4.php?run_id=110202&search_id=114132&scans_id=110198&peptide_id=19465&scanf=27722&charge=2&value=1,R.TPLENLVLQAK.I,/core/www/modules/show_out/show_out_wrapper.php?run_id=110202&search_id=114132&scans_id=110198&peptide_id=19465&scanf=27722&charge=2&value=R.TPLENLVLQAK.I,DHX30,7.772e+6,2.029,0.098,1.010,0.005
27725,3,"  2.329","  0.427",11/60,/core/www/modules//sdig/index.php?run_id=110202&search_id=114132&scans_id=110198&peptide_id=19468&scanf=27725&charge=3&value=11/60,sp|Q9UFC0|LRWD1_HUMAN,/core/www/modules//consensus/?run_id=110202&search_id=114132&scans_id=110198&peptide_id=19468&scanf=27725&charge=3&value=sp|Q9UFC0|LRWD1_HUMAN,1,/core/www/modules/match_peptides/blast_html4.php?run_id=110202&search_id=114132&scans_id=110198&peptide_id=19468&scanf=27725&charge=3&value=1,R.RVDGLAFVNEDIVASK.G,/core/www/modules/show_out/show_out_wrapper.php?run_id=110202&search_id=114132&scans_id=110198&peptide_id=19468&scanf=27725&charge=3&value=R.RVDGLAFVNEDIVASK.G,LRWD1,6.108e+6,2.096,0.079,1.102,0.003
27726,2,"  1.946","  0.435",10/16,/core/www/modules//sdig/index.php?run_id=110202&search_id=114132&scans_id=110198&peptide_id=19469&scanf=27726&charge=2&value=10/16,sp|P08238|HS90B_HUMAN,/core/www/modules//consensus/?run_id=110202&search_id=114132&scans_id=110198&peptide_id=19469&scanf=27726&charge=2&value=sp|P08238|HS90B_HUMAN,1,/core/www/modules/match_peptides/blast_html4.php?run_id=110202&search_id=114132&scans_id=110198&peptide_id=19469&scanf=27726&charge=2&value=1,R.APFDLFENK.K,/core/www/modules/show_out/show_out_wrapper.php?run_id=110202&search_id=114132&scans_id=110198&peptide_id=19469&scanf=27726&charge=2&value=R.APFDLFENK.K,HSP90AB1,1.807e+7,3.071,0.003,2.514,0.000
27729,2,"  4.009","  0.702",15/26,/core/www/modules//sdig/index.php?run_id=110202&search_id=114132&scans_id=110198&peptide_id=19472&scanf=27729&charge=2&value=15/26,sp|P51116|FXR2_HUMAN,/core/www/modules//consensus/?run_id=110202&search_id=114132&scans_id=110198&peptide_id=19472&scanf=27729&charge=2&value=sp|P51116|FXR2_HUMAN,0,/core/www/modules/match_peptides/blast_html4.php?run_id=110202&search_id=114132&scans_id=110198&peptide_id=19472&scanf=27729&charge=2&value=0,R.SYLEFSEDSVQVPR.N,/core/www/modules/show_out/show_out_wrapper.php?run_id=110202&search_id=114132&scans_id=110198&peptide_id=19472&scanf=27729&charge=2&value=R.SYLEFSEDSVQVPR.N,FXR2,3.795e+6,3.834,0.000,3.643,0.000
27730,2,"  1.408","  0.350",8/14,/core/www/modules//sdig/index.php?run_id=110202&search_id=114132&scans_id=110198&peptide_id=19474&scanf=27730&charge=2&value=8/14,sp|O00159|MYO1C_HUMAN,/core/www/modules//consensus/?run_id=110202&search_id=114132&scans_id=110198&peptide_id=19474&scanf=27730&charge=2&value=sp|O00159|MYO1C_HUMAN,1,/core/www/modules/match_peptides/blast_html4.php?run_id=110202&search_id=114132&scans_id=110198&peptide_id=19474&scanf=27730&charge=2&value=1,R.TFTWLVGK.I,/core/www/modules/show_out/show_out_wrapper.php?run_id=110202&search_id=114132&scans_id=110198&peptide_id=19474&scanf=27730&charge=2&value=R.TFTWLVGK.I,MYO1C,9.544e+6,2.790,0.008,2.098,0.000
27732,2,"  4.611","  0.681",15/26,/core/www/modules//sdig/index.php?run_id=110202&search_id=114132&scans_id=110198&peptide_id=19476&scanf=27732&charge=2&value=15/26,sp|P51148|RAB5C_HUMAN,/core/www/modules//consensus/?run_id=110202&search_id=114132&scans_id=110198&peptide_id=19476&scanf=27732&charge=2&value=sp|P51148|RAB5C_HUMAN,3,/core/www/modules/match_peptides/blast_html4.php?run_id=110202&search_id=114132&scans_id=110198&peptide_id=19476&scanf=27732&charge=2&value=3,R.QASPNIVIALAGNK.A,/core/www/modules/show_out/show_out_wrapper.php?run_id=110202&search_id=114132&scans_id=110198&peptide_id=19476&scanf=27732&charge=2&value=R.QASPNIVIALAGNK.A,RAB5C,5.523e+6,3.797,0.000,3.588,0.000
27735,2,"  1.745","  0.460",8/14,/core/www/modules//sdig/index.php?run_id=110202&search_id=114132&scans_id=110198&peptide_id=19479&scanf=27735&charge=2&value=8/14,sp|O95602|RPA1_HUMAN,/core/www/modules//consensus/?run_id=110202&search_id=114132&scans_id=110198&peptide_id=19479&scanf=27735&charge=2&value=sp|O95602|RPA1_HUMAN,1,/core/www/modules/match_peptides/blast_html4.php?run_id=110202&search_id=114132&scans_id=110198&peptide_id=19479&scanf=27735&charge=2&value=1,R.DFNMIDLK.F,/core/www/modules/show_out/show_out_wrapper.php?run_id=110202&search_id=114132&scans_id=110198&peptide_id=19479&scanf=27735&charge=2&value=R.DFNMIDLK.F,POLR1A,4.165e+6,3.161,0.002,2.646,0.000
27738,3,"  2.358","  0.393",11/40,/core/www/modules//sdig/index.php?run_id=110202&search_id=114132&scans_id=110198&peptide_id=19482&scanf=27738&charge=3&value=11/40,sp|O60701|UGDH_HUMAN,/core/www/modules//consensus/?run_id=110202&search_id=114132&scans_id=110198&peptide_id=19482&scanf=27738&charge=3&value=sp|O60701|UGDH_HUMAN,0,/core/www/modules/match_peptides/blast_html4.php?run_id=110202&search_id=114132&scans_id=110198&peptide_id=19482&scanf=27738&charge=3&value=0,K.MLKPAFIFDGR.R,/core/www/modules/show_out/show_out_wrapper.php?run_id=110202&search_id=114132&scans_id=110198&peptide_id=19482&scanf=27738&charge=3&value=K.MLKPAFIFDGR.R,UGDH,3.602e+6,2.847,0.007,2.182,0.000
27743,3,"  3.606","  0.612",23/72,/core/www/modules//sdig/index.php?run_id=110202&search_id=114132&scans_id=110198&peptide_id=19487&scanf=27743&charge=3&value=23/72,sp|Q9NW13|RBM28_HUMAN,/core/www/modules//consensus/?run_id=110202&search_id=114132&scans_id=110198&peptide_id=19487&scanf=27743&charge=3&value=sp|Q9NW13|RBM28_HUMAN,0,/core/www/modules/match_peptides/blast_html4.php?run_id=110202&search_id=114132&scans_id=110198&peptide_id=19487&scanf=27743&charge=3&value=0,K.GQSLGYAFAEFQEHEHALK.A,/core/www/modules/show_out/show_out_wrapper.php?run_id=110202&search_id=114132&scans_id=110198&peptide_id=19487&scanf=27743&charge=3&value=K.GQSLGYAFAEFQEHEHALK.A,RBM28,3.176e+7,3.412,0.001,3.018,0.000
27744,2,"  4.233","  0.000",17/26,/core/www/modules//sdig/index.php?run_id=110202&search_id=114132&scans_id=110198&peptide_id=19488&scanf=27744&charge=2&value=17/26,sp|P07900|HS90A_HUMAN,/core/www/modules//consensus/?run_id=110202&search_id=114132&scans_id=110198&peptide_id=19488&scanf=27744&charge=2&value=sp|P07900|HS90A_HUMAN,2,/core/www/modules/match_peptides/blast_html4.php?run_id=110202&search_id=114132&scans_id=110198&peptide_id=19488&scanf=27744&charge=2&value=2,R.GVVDSEDLPLNISR.E,/core/www/modules/show_out/show_out_wrapper.php?run_id=110202&search_id=114132&scans_id=110198&peptide_id=19488&scanf=27744&charge=2&value=R.GVVDSEDLPLNISR.E,HSP90AA1,2.104e+8,4.229,0.000,4.230,0.000
27747,3,"  3.582","  0.456",12/56,/core/www/modules//sdig/index.php?run_id=110202&search_id=114132&scans_id=110198&peptide_id=19491&scanf=27747&charge=3&value=12/56,sp|Q15149|PLEC_HUMAN,/core/www/modules//consensus/?run_id=110202&search_id=114132&scans_id=110198&peptide_id=19491&scanf=27747&charge=3&value=sp|Q15149|PLEC_HUMAN,5,/core/www/modules/match_peptides/blast_html4.php?run_id=110202&search_id=114132&scans_id=110198&peptide_id=19491&scanf=27747&charge=3&value=5,R.EQLRQEQALLEEIER.H,/core/www/modules/show_out/show_out_wrapper.php?run_id=110202&search_id=114132&scans_id=110198&peptide_id=19491&scanf=27747&charge=3&value=R.EQLRQEQALLEEIER.H,PLEC,3.858e+6,3.173,0.002,2.663,0.000
27749,3,"  3.292","  0.383",14/52,/core/www/modules//sdig/index.php?run_id=110202&search_id=114132&scans_id=110198&peptide_id=19493&scanf=27749&charge=3&value=14/52,sp|P13797|PLST_HUMAN,/core/www/modules//consensus/?run_id=110202&search_id=114132&scans_id=110198&peptide_id=19493&scanf=27749&charge=3&value=sp|P13797|PLST_HUMAN,0,/core/www/modules/match_peptides/blast_html4.php?run_id=110202&search_id=114132&scans_id=110198&peptide_id=19493&scanf=27749&charge=3&value=0,R.VYALPEDLVEVKPK.M,/core/www/modules/show_out/show_out_wrapper.php?run_id=110202&search_id=114132&scans_id=110198&peptide_id=19493&scanf=27749&charge=3&value=R.VYALPEDLVEVKPK.M,PLS3,5.911e+6,2.746,0.009,2.034,0.000
27751,2,"  4.093","  0.741",20/38,/core/www/modules//sdig/index.php?run_id=110202&search_id=114132&scans_id=110198&peptide_id=19496&scanf=27751&charge=2&value=20/38,sp|Q9Y3Y2|CHTOP_HUMAN,/core/www/modules//consensus/?run_id=110202&search_id=114132&scans_id=110198&peptide_id=19496&scanf=27751&charge=2&value=sp|Q9Y3Y2|CHTOP_HUMAN,1,/core/www/modules/match_peptides/blast_html4.php?run_id=110202&search_id=114132&scans_id=110198&peptide_id=19496&scanf=27751&charge=2&value=1,K.GHLDAELDAYMAQTDPETND.-,/core/www/modules/show_out/show_out_wrapper.php?run_id=110202&search_id=114132&scans_id=110198&peptide_id=19496&scanf=27751&charge=2&value=K.GHLDAELDAYMAQTDPETND.-,CHTOP,3.528e+6,3.681,0.000,3.417,0.000
27752,2,"  3.214","  0.597",13/22,/core/www/modules//sdig/index.php?run_id=110202&search_id=114132&scans_id=110198&peptide_id=19497&scanf=27752&charge=2&value=13/22,sp|Q99848|EBP2_HUMAN,/core/www/modules//consensus/?run_id=110202&search_id=114132&scans_id=110198&peptide_id=19497&scanf=27752&charge=2&value=sp|Q99848|EBP2_HUMAN,1,/core/www/modules/match_peptides/blast_html4.php?run_id=110202&search_id=114132&scans_id=110198&peptide_id=19497&scanf=27752&charge=2&value=1,R.QAQAAVLAVLPR.L,/core/www/modules/show_out/show_out_wrapper.php?run_id=110202&search_id=114132&scans_id=110198&peptide_id=19497&scanf=27752&charge=2&value=R.QAQAAVLAVLPR.L,EBNA1BP2,4.759e+7,3.467,0.001,3.100,0.000
27754,3,"  6.460","  0.633",22/68,/core/www/modules//sdig/index.php?run_id=110202&search_id=114132&scans_id=110198&peptide_id=19499&scanf=27754&charge=3&value=22/68,sp|P14868|SYDC_HUMAN,/core/www/modules//consensus/?run_id=110202&search_id=114132&scans_id=110198&peptide_id=19499&scanf=27754&charge=3&value=sp|P14868|SYDC_HUMAN,3,/core/www/modules/match_peptides/blast_html4.php?run_id=110202&search_id=114132&scans_id=110198&peptide_id=19499&scanf=27754&charge=3&value=3,R.QQQFNVQALVAVGDHASK.Q,/core/www/modules/show_out/show_out_wrapper.php?run_id=110202&search_id=114132&scans_id=110198&peptide_id=19499&scanf=27754&charge=3&value=R.QQQFNVQALVAVGDHASK.Q,DARS1,9.443e+6,3.743,0.000,3.508,0.000
27755,3,"  3.359","  0.475",14/60,/core/www/modules//sdig/index.php?run_id=110202&search_id=114132&scans_id=110198&peptide_id=19500&scanf=27755&charge=3&value=14/60,sp|Q9BRT6|LLPH_HUMAN,/core/www/modules//consensus/?run_id=110202&search_id=114132&scans_id=110198&peptide_id=19500&scanf=27755&charge=3&value=sp|Q9BRT6|LLPH_HUMAN,0,/core/www/modules/match_peptides/blast_html4.php?run_id=110202&search_id=114132&scans_id=110198&peptide_id=19500&scanf=27755&charge=3&value=0,K.TLLDQHGQYPIWMNQR.Q,/core/www/modules/show_out/show_out_wrapper.php?run_id=110202&search_id=114132&scans_id=110198&peptide_id=19500&scanf=27755&charge=3&value=K.TLLDQHGQYPIWMNQR.Q,LLPH,8.825e+6,2.930,0.005,2.305,0.000
27757,3,"  5.591","  0.673",23/76,/core/www/modules//sdig/index.php?run_id=110202&search_id=114132&scans_id=110198&peptide_id=19502&scanf=27757&charge=3&value=23/76,sp|Q13813|SPTN1_HUMAN,/core/www/modules//consensus/?run_id=110202&search_id=114132&scans_id=110198&peptide_id=19502&scanf=27757&charge=3&value=sp|Q13813|SPTN1_HUMAN,4,/core/www/modules/match_peptides/blast_html4.php?run_id=110202&search_id=114132&scans_id=110198&peptide_id=19502&scanf=27757&charge=3&value=4,K.LDETGNLMISEGHFASETIR.T,/core/www/modules/show_out/show_out_wrapper.php?run_id=110202&search_id=114132&scans_id=110198&peptide_id=19502&scanf=27757&charge=3&value=K.LDETGNLMISEGHFASETIR.T,SPTAN1,4.032e+6,3.866,0.000,3.691,0.000
27759,3,"  2.314","  0.429",9/44,/core/www/modules//sdig/index.php?run_id=110202&search_id=114132&scans_id=110198&peptide_id=19504&scanf=27759&charge=3&value=9/44,sp|P56182|RRP1_HUMAN,/core/www/modules//consensus/?run_id=110202&search_id=114132&scans_id=110198&peptide_id=19504&scanf=27759&charge=3&value=sp|P56182|RRP1_HUMAN,1,/core/www/modules/match_peptides/blast_html4.php?run_id=110202&search_id=114132&scans_id=110198&peptide_id=19504&scanf=27759&charge=3&value=1,R.VQLPPEIQLAQR.L,/core/www/modules/show_out/show_out_wrapper.php?run_id=110202&search_id=114132&scans_id=110198&peptide_id=19504&scanf=27759&charge=3&value=R.VQLPPEIQLAQR.L,RRP1,3.970e+6,2.811,0.007,2.129,0.000
27762,2,"  2.384","  0.623",10/16,/core/www/modules//sdig/index.php?run_id=110202&search_id=114132&scans_id=110198&peptide_id=19507&scanf=27762&charge=2&value=10/16,sp|P36578|RL4_HUMAN,/core/www/modules//consensus/?run_id=110202&search_id=114132&scans_id=110198&peptide_id=19507&scanf=27762&charge=2&value=sp|P36578|RL4_HUMAN,2,/core/www/modules/match_peptides/blast_html4.php?run_id=110202&search_id=114132&scans_id=110198&peptide_id=19507&scanf=27762&charge=2&value=2,K.NVTLPAVFK.A,/core/www/modules/show_out/show_out_wrapper.php?run_id=110202&search_id=114132&scans_id=110198&peptide_id=19507&scanf=27762&charge=2&value=K.NVTLPAVFK.A,RPL4,1.935e+8,3.749,0.000,3.517,0.000
27766,2,"  1.661","  0.374",9/18,/core/www/modules//sdig/index.php?run_id=110202&search_id=114132&scans_id=110198&peptide_id=19511&scanf=27766&charge=2&value=9/18,sp|Q9ULV4|COR1C_HUMAN,/core/www/modules//consensus/?run_id=110202&search_id=114132&scans_id=110198&peptide_id=19511&scanf=27766&charge=2&value=sp|Q9ULV4|COR1C_HUMAN,2,/core/www/modules/match_peptides/blast_html4.php?run_id=110202&search_id=114132&scans_id=110198&peptide_id=19511&scanf=27766&charge=2&value=2,K.NADPILISLK.H,/core/www/modules/show_out/show_out_wrapper.php?run_id=110202&search_id=114132&scans_id=110198&peptide_id=19511&scanf=27766&charge=2&value=K.NADPILISLK.H,CORO1C,7.171e+7,2.655,0.013,1.901,0.000
27768,2,"  2.094","  0.424",8/14,/core/www/modules//sdig/index.php?run_id=110202&search_id=114132&scans_id=110198&peptide_id=19513&scanf=27768&charge=2&value=8/14,sp|O00566|MPP10_HUMAN,/core/www/modules//consensus/?run_id=110202&search_id=114132&scans_id=110198&peptide_id=19513&scanf=27768&charge=2&value=sp|O00566|MPP10_HUMAN,1,/core/www/modules/match_peptides/blast_html4.php?run_id=110202&search_id=114132&scans_id=110198&peptide_id=19513&scanf=27768&charge=2&value=1,K.MMDSLFLK.L,/core/www/modules/show_out/show_out_wrapper.php?run_id=110202&search_id=114132&scans_id=110198&peptide_id=19513&scanf=27768&charge=2&value=K.MMDSLFLK.L,MPHOSPH10,5.776e+6,2.990,0.004,2.393,0.000
27769,2,"  2.397","  0.411",11/24,/core/www/modules//sdig/index.php?run_id=110202&search_id=114132&scans_id=110198&peptide_id=19514&scanf=27769&charge=2&value=11/24,sp|Q8N7H5|PAF1_HUMAN,/core/www/modules//consensus/?run_id=110202&search_id=114132&scans_id=110198&peptide_id=19514&scanf=27769&charge=2&value=sp|Q8N7H5|PAF1_HUMAN,0,/core/www/modules/match_peptides/blast_html4.php?run_id=110202&search_id=114132&scans_id=110198&peptide_id=19514&scanf=27769&charge=2&value=0,R.IDPNVLLDPADEK.L,/core/www/modules/show_out/show_out_wrapper.php?run_id=110202&search_id=114132&scans_id=110198&peptide_id=19514&scanf=27769&charge=2&value=R.IDPNVLLDPADEK.L,PAF1,8.066e+6,2.668,0.012,1.919,0.000
27770,2,"  2.364","  0.173",10/16,/core/www/modules//sdig/index.php?run_id=110202&search_id=114132&scans_id=110198&peptide_id=19515&scanf=27770&charge=2&value=10/16,sp|Q9NVH2|INT7_HUMAN,/core/www/modules//consensus/?run_id=110202&search_id=114132&scans_id=110198&peptide_id=19515&scanf=27770&charge=2&value=sp|Q9NVH2|INT7_HUMAN,0,/core/www/modules/match_peptides/blast_html4.php?run_id=110202&search_id=114132&scans_id=110198&peptide_id=19515&scanf=27770&charge=2&value=0,K.ILNVDEFVK.R,/core/www/modules/show_out/show_out_wrapper.php?run_id=110202&search_id=114132&scans_id=110198&peptide_id=19515&scanf=27770&charge=2&value=K.ILNVDEFVK.R,INTS7,5.009e+6,2.217,0.054,1.270,0.002
27773,3,"  4.134","  0.598",16/60,/core/www/modules//sdig/index.php?run_id=110202&search_id=114132&scans_id=110198&peptide_id=19518&scanf=27773&charge=3&value=16/60,sp|P48556|PSMD8_HUMAN,/core/www/modules//consensus/?run_id=110202&search_id=114132&scans_id=110198&peptide_id=19518&scanf=27773&charge=3&value=sp|P48556|PSMD8_HUMAN,6,/core/www/modules/match_peptides/blast_html4.php?run_id=110202&search_id=114132&scans_id=110198&peptide_id=19518&scanf=27773&charge=3&value=6,K.HPVSLEQYLMEGSYNK.V,/core/www/modules/show_out/show_out_wrapper.php?run_id=110202&search_id=114132&scans_id=110198&peptide_id=19518&scanf=27773&charge=3&value=K.HPVSLEQYLMEGSYNK.V,PSMD8,6.962e+6,3.355,0.001,2.934,0.000
27774,3,"  1.794","  0.488",11/40,/core/www/modules//sdig/index.php?run_id=110202&search_id=114132&scans_id=110198&peptide_id=19519&scanf=27774&charge=3&value=11/40,sp|Q09666|AHNK_HUMAN,/core/www/modules//consensus/?run_id=110202&search_id=114132&scans_id=110198&peptide_id=19519&scanf=27774&charge=3&value=sp|Q09666|AHNK_HUMAN,1,/core/www/modules/match_peptides/blast_html4.php?run_id=110202&search_id=114132&scans_id=110198&peptide_id=19519&scanf=27774&charge=3&value=1,K.ISMPDVDLHLK.G,/core/www/modules/show_out/show_out_wrapper.php?run_id=110202&search_id=114132&scans_id=110198&peptide_id=19519&scanf=27774&charge=3&value=K.ISMPDVDLHLK.G,AHNAK,7.889e+6,3.113,0.003,2.576,0.000
27775,3,"  6.423","  0.613",22/68,/core/www/modules//sdig/index.php?run_id=110202&search_id=114132&scans_id=110198&peptide_id=19520&scanf=27775&charge=3&value=22/68,sp|Q5UIP0|RIF1_HUMAN,/core/www/modules//consensus/?run_id=110202&search_id=114132&scans_id=110198&peptide_id=19520&scanf=27775&charge=3&value=sp|Q5UIP0|RIF1_HUMAN,1,/core/www/modules/match_peptides/blast_html4.php?run_id=110202&search_id=114132&scans_id=110198&peptide_id=19520&scanf=27775&charge=3&value=1,K.HANTLITAVHDSFVAVGK.D,/core/www/modules/show_out/show_out_wrapper.php?run_id=110202&search_id=114132&scans_id=110198&peptide_id=19520&scanf=27775&charge=3&value=K.HANTLITAVHDSFVAVGK.D,RIF1,3.625e+6,3.636,0.000,3.350,0.000
27776,2,"  1.907","  0.753",10/24,/core/www/modules//sdig/index.php?run_id=110202&search_id=114132&scans_id=110198&peptide_id=19521&scanf=27776&charge=2&value=10/24,sp|Q8IZL8|PELP1_HUMAN,/core/www/modules//consensus/?run_id=110202&search_id=114132&scans_id=110198&peptide_id=19521&scanf=27776&charge=2&value=sp|Q8IZL8|PELP1_HUMAN,2,/core/www/modules/match_peptides/blast_html4.php?run_id=110202&search_id=114132&scans_id=110198&peptide_id=19521&scanf=27776&charge=2&value=2,R.LPSLGAGFSQGLK.H,/core/www/modules/show_out/show_out_wrapper.php?run_id=110202&search_id=114132&scans_id=110198&peptide_id=19521&scanf=27776&charge=2&value=R.LPSLGAGFSQGLK.H,PELP1,2.774e+7,3.678,0.000,3.413,0.000
27783,2,"  3.718","  0.662",13/20,/core/www/modules//sdig/index.php?run_id=110202&search_id=114132&scans_id=110198&peptide_id=19528&scanf=27783&charge=2&value=13/20,sp|P07910|HNRPC_HUMAN,/core/www/modules//consensus/?run_id=110202&search_id=114132&scans_id=110198&peptide_id=19528&scanf=27783&charge=2&value=sp|P07910|HNRPC_HUMAN,12,/core/www/modules/match_peptides/blast_html4.php?run_id=110202&search_id=114132&scans_id=110198&peptide_id=19528&scanf=27783&charge=2&value=12,K.GFAFVQYVNER.N,/core/www/modules/show_out/show_out_wrapper.php?run_id=110202&search_id=114132&scans_id=110198&peptide_id=19528&scanf=27783&charge=2&value=K.GFAFVQYVNER.N,HNRNPC,1.344e+8,3.906,0.000,3.750,0.000
27786,2,"  2.855","  0.536",11/22,/core/www/modules//sdig/index.php?run_id=110202&search_id=114132&scans_id=110198&peptide_id=19531&scanf=27786&charge=2&value=11/22,sp|P46459|NSF_HUMAN,/core/www/modules//consensus/?run_id=110202&search_id=114132&scans_id=110198&peptide_id=19531&scanf=27786&charge=2&value=sp|P46459|NSF_HUMAN,1,/core/www/modules/match_peptides/blast_html4.php?run_id=110202&search_id=114132&scans_id=110198&peptide_id=19531&scanf=27786&charge=2&value=1,K.NFSGAELEGLVR.A,/core/www/modules/show_out/show_out_wrapper.php?run_id=110202&search_id=114132&scans_id=110198&peptide_id=19531&scanf=27786&charge=2&value=K.NFSGAELEGLVR.A,NSF,1.130e+7,3.166,0.002,2.653,0.000
27787,2,"  2.577","  0.603",11/20,/core/www/modules//sdig/index.php?run_id=110202&search_id=114132&scans_id=110198&peptide_id=19532&scanf=27787&charge=2&value=11/20,sp|P42285|MTREX_HUMAN,/core/www/modules//consensus/?run_id=110202&search_id=114132&scans_id=110198&peptide_id=19532&scanf=27787&charge=2&value=sp|P42285|MTREX_HUMAN,1,/core/www/modules/match_peptides/blast_html4.php?run_id=110202&search_id=114132&scans_id=110198&peptide_id=19532&scanf=27787&charge=2&value=1,K.MTDVFEGSIIR.C,/core/www/modules/show_out/show_out_wrapper.php?run_id=110202&search_id=114132&scans_id=110198&peptide_id=19532&scanf=27787&charge=2&value=K.MTDVFEGSIIR.C,MTREX,1.939e+7,3.468,0.001,3.101,0.000
27789,2,"  3.224","  0.604",14/28,/core/www/modules//sdig/index.php?run_id=110202&search_id=114132&scans_id=110198&peptide_id=19534&scanf=27789&charge=2&value=14/28,sp|P52292|IMA1_HUMAN,/core/www/modules//consensus/?run_id=110202&search_id=114132&scans_id=110198&peptide_id=19534&scanf=27789&charge=2&value=sp|P52292|IMA1_HUMAN,6,/core/www/modules/match_peptides/blast_html4.php?run_id=110202&search_id=114132&scans_id=110198&peptide_id=19534&scanf=27789&charge=2&value=6,R.NNQGTVNWSVDDIVK.G,/core/www/modules/show_out/show_out_wrapper.php?run_id=110202&search_id=114132&scans_id=110198&peptide_id=19534&scanf=27789&charge=2&value=R.NNQGTVNWSVDDIVK.G,KPNA2,6.961e+6,3.306,0.001,2.861,0.000
27795,3,"  3.543","  0.437",11/44,/core/www/modules//sdig/index.php?run_id=110202&search_id=114132&scans_id=110198&peptide_id=19541&scanf=27795&charge=3&value=11/44,sp|Q9P2K3|RCOR3_HUMAN,/core/www/modules//consensus/?run_id=110202&search_id=114132&scans_id=110198&peptide_id=19541&scanf=27795&charge=3&value=sp|Q9P2K3|RCOR3_HUMAN,3,/core/www/modules/match_peptides/blast_html4.php?run_id=110202&search_id=114132&scans_id=110198&peptide_id=19541&scanf=27795&charge=3&value=3,K.VLFEQAFSFHGK.S,/core/www/modules/show_out/show_out_wrapper.php?run_id=110202&search_id=114132&scans_id=110198&peptide_id=19541&scanf=27795&charge=3&value=K.VLFEQAFSFHGK.S,RCOR3,4.494e+6,2.917,0.005,2.286,0.000
27804,2,"  3.232","  0.483",12/22,/core/www/modules//sdig/index.php?run_id=110202&search_id=114132&scans_id=110198&peptide_id=19550&scanf=27804&charge=2&value=12/22,sp|Q13206|DDX10_HUMAN,/core/www/modules//consensus/?run_id=110202&search_id=114132&scans_id=110198&peptide_id=19550&scanf=27804&charge=2&value=sp|Q13206|DDX10_HUMAN,7,/core/www/modules/match_peptides/blast_html4.php?run_id=110202&search_id=114132&scans_id=110198&peptide_id=19550&scanf=27804&charge=2&value=7,R.AAVLFATDIAAR.G,/core/www/modules/show_out/show_out_wrapper.php?run_id=110202&search_id=114132&scans_id=110198&peptide_id=19550&scanf=27804&charge=2&value=R.AAVLFATDIAAR.G,DDX10,8.625e+6,3.068,0.003,2.509,0.000
27805,2,"  3.441","  0.541",14/24,/core/www/modules//sdig/index.php?run_id=110202&search_id=114132&scans_id=110198&peptide_id=19551&scanf=27805&charge=2&value=14/24,sp|Q8N163|CCAR2_HUMAN,/core/www/modules//consensus/?run_id=110202&search_id=114132&scans_id=110198&peptide_id=19551&scanf=27805&charge=2&value=sp|Q8N163|CCAR2_HUMAN,3,/core/www/modules/match_peptides/blast_html4.php?run_id=110202&search_id=114132&scans_id=110198&peptide_id=19551&scanf=27805&charge=2&value=3,R.FAEFQYLQPGPPR.R,/core/www/modules/show_out/show_out_wrapper.php?run_id=110202&search_id=114132&scans_id=110198&peptide_id=19551&scanf=27805&charge=2&value=R.FAEFQYLQPGPPR.R,CCAR2,8.542e+6,3.353,0.001,2.930,0.000
27806,4,"  7.607","  0.663",24/168,/core/www/modules//sdig/index.php?run_id=110202&search_id=114132&scans_id=110198&peptide_id=19552&scanf=27806&charge=4&value=24/168,sp|Q00839|HNRPU_HUMAN,/core/www/modules//consensus/?run_id=110202&search_id=114132&scans_id=110198&peptide_id=19552&scanf=27806&charge=4&value=sp|Q00839|HNRPU_HUMAN,5,/core/www/modules/match_peptides/blast_html4.php?run_id=110202&search_id=114132&scans_id=110198&peptide_id=19552&scanf=27806&charge=4&value=5,K.NQSQGYNQWQQGQFWGQKPWSQHYHQGYY.-,/core/www/modules/show_out/show_out_wrapper.php?run_id=110202&search_id=114132&scans_id=110198&peptide_id=19552&scanf=27806&charge=4&value=K.NQSQGYNQWQQGQFWGQKPWSQHYHQGYY.-,HNRNPU,1.722e+6,3.643,0.000,3.360,0.000
27809,2,"  1.773","  0.367",9/16,/core/www/modules//sdig/index.php?run_id=110202&search_id=114132&scans_id=110198&peptide_id=19555&scanf=27809&charge=2&value=9/16,sp|P11387|TOP1_HUMAN,/core/www/modules//consensus/?run_id=110202&search_id=114132&scans_id=110198&peptide_id=19555&scanf=27809&charge=2&value=sp|P11387|TOP1_HUMAN,3,/core/www/modules/match_peptides/blast_html4.php?run_id=110202&search_id=114132&scans_id=110198&peptide_id=19555&scanf=27809&charge=2&value=3,R.AVALYFIDK.L,/core/www/modules/show_out/show_out_wrapper.php?run_id=110202&search_id=114132&scans_id=110198&peptide_id=19555&scanf=27809&charge=2&value=R.AVALYFIDK.L,TOP1,7.824e+7,2.875,0.006,2.223,0.000
27816,3,"  2.650","  0.444",13/52,/core/www/modules//sdig/index.php?run_id=110202&search_id=114132&scans_id=110198&peptide_id=19563&scanf=27816&charge=3&value=13/52,sp|Q02880|TOP2B_HUMAN,/core/www/modules//consensus/?run_id=110202&search_id=114132&scans_id=110198&peptide_id=19563&scanf=27816&charge=3&value=sp|Q02880|TOP2B_HUMAN,5,/core/www/modules/match_peptides/blast_html4.php?run_id=110202&search_id=114132&scans_id=110198&peptide_id=19563&scanf=27816&charge=3&value=5,R.KEWLVGMLGAESTK.L,/core/www/modules/show_out/show_out_wrapper.php?run_id=110202&search_id=114132&scans_id=110198&peptide_id=19563&scanf=27816&charge=3&value=R.KEWLVGMLGAESTK.L,TOP2B,7.394e+6,2.707,0.011,1.976,0.000
27817,2,"  1.642","  0.254",8/14,/core/www/modules//sdig/index.php?run_id=110202&search_id=114132&scans_id=110198&peptide_id=19564&scanf=27817&charge=2&value=8/14,sp|P48643|TCPE_HUMAN,/core/www/modules//consensus/?run_id=110202&search_id=114132&scans_id=110198&peptide_id=19564&scanf=27817&charge=2&value=sp|P48643|TCPE_HUMAN,3,/core/www/modules/match_peptides/blast_html4.php?run_id=110202&search_id=114132&scans_id=110198&peptide_id=19564&scanf=27817&charge=2&value=3,R.DVDFELIK.V,/core/www/modules/show_out/show_out_wrapper.php?run_id=110202&search_id=114132&scans_id=110198&peptide_id=19564&scanf=27817&charge=2&value=R.DVDFELIK.V,CCT5,2.717e+7,2.438,0.026,1.584,0.001
27818,2,"  2.973","  0.424",10/26,/core/www/modules//sdig/index.php?run_id=110202&search_id=114132&scans_id=110198&peptide_id=19565&scanf=27818&charge=2&value=10/26,sp|P61020|RAB5B_HUMAN,/core/www/modules//consensus/?run_id=110202&search_id=114132&scans_id=110198&peptide_id=19565&scanf=27818&charge=2&value=sp|P61020|RAB5B_HUMAN,0,/core/www/modules/match_peptides/blast_html4.php?run_id=110202&search_id=114132&scans_id=110198&peptide_id=19565&scanf=27818&charge=2&value=0,R.QASPSIVIALAGNK.A,/core/www/modules/show_out/show_out_wrapper.php?run_id=110202&search_id=114132&scans_id=110198&peptide_id=19565&scanf=27818&charge=2&value=R.QASPSIVIALAGNK.A,RAB5B,2.334e+6,2.539,0.019,1.730,0.000
27819,3,"  2.437","  0.225",5/60,/core/www/modules//sdig/index.php?run_id=110202&search_id=114132&scans_id=110198&peptide_id=19566&scanf=27819&charge=3&value=5/60,sp|P46063|RECQ1_HUMAN,/core/www/modules//consensus/?run_id=110202&search_id=114132&scans_id=110198&peptide_id=19566&scanf=27819&charge=3&value=sp|P46063|RECQ1_HUMAN,3,/core/www/modules/match_peptides/blast_html4.php?run_id=110202&search_id=114132&scans_id=110198&peptide_id=19566&scanf=27819&charge=3&value=3,K.FRPLQLETINVTM*AGK.E,/core/www/modules/show_out/show_out_wrapper.php?run_id=110202&search_id=114132&scans_id=110198&peptide_id=19566&scanf=27819&charge=3&value=K.FRPLQLETINVTM*AGK.E,RECQL,3.132e+6,1.839,0.171,0.766,0.009
27825,2,"  3.444","  0.681",13/22,/core/www/modules//sdig/index.php?run_id=110202&search_id=114132&scans_id=110198&peptide_id=19572&scanf=27825&charge=2&value=13/22,sp|Q8NFW8|NEUA_HUMAN,/core/www/modules//consensus/?run_id=110202&search_id=114132&scans_id=110198&peptide_id=19572&scanf=27825&charge=2&value=sp|Q8NFW8|NEUA_HUMAN,1,/core/www/modules/match_peptides/blast_html4.php?run_id=110202&search_id=114132&scans_id=110198&peptide_id=19572&scanf=27825&charge=2&value=1,R.EEGYDSVFSVVR.R,/core/www/modules/show_out/show_out_wrapper.php?run_id=110202&search_id=114132&scans_id=110198&peptide_id=19572&scanf=27825&charge=2&value=R.EEGYDSVFSVVR.R,CMAS,1.750e+7,3.878,0.000,3.709,0.000
27827,2,"  1.194","  0.337",6/12,/core/www/modules//sdig/index.php?run_id=110202&search_id=114132&scans_id=110198&peptide_id=19574&scanf=27827&charge=2&value=6/12,sp|P78527|PRKDC_HUMAN,/core/www/modules//consensus/?run_id=110202&search_id=114132&scans_id=110198&peptide_id=19574&scanf=27827&charge=2&value=sp|P78527|PRKDC_HUMAN,0,/core/www/modules/match_peptides/blast_html4.php?run_id=110202&search_id=114132&scans_id=110198&peptide_id=19574&scanf=27827&charge=2&value=0,R.TFPVLLR.L,/core/www/modules/show_out/show_out_wrapper.php?run_id=110202&search_id=114132&scans_id=110198&peptide_id=19574&scanf=27827&charge=2&value=R.TFPVLLR.L,PRKDC,8.696e+7,3.435,0.001,3.051,0.000
27829,3,"  2.895","  0.498",14/60,/core/www/modules//sdig/index.php?run_id=110202&search_id=114132&scans_id=110198&peptide_id=19576&scanf=27829&charge=3&value=14/60,sp|O75643|U520_HUMAN,/core/www/modules//consensus/?run_id=110202&search_id=114132&scans_id=110198&peptide_id=19576&scanf=27829&charge=3&value=sp|O75643|U520_HUMAN,1,/core/www/modules/match_peptides/blast_html4.php?run_id=110202&search_id=114132&scans_id=110198&peptide_id=19576&scanf=27829&charge=3&value=1,K.DLLPYGFAIHHAGMTR.V,/core/www/modules/show_out/show_out_wrapper.php?run_id=110202&search_id=114132&scans_id=110198&peptide_id=19576&scanf=27829&charge=3&value=K.DLLPYGFAIHHAGMTR.V,SNRNP200,9.358e+6,3.242,0.002,2.766,0.000
27830,2,"  2.532","  0.084",11/18,/core/www/modules//sdig/index.php?run_id=110202&search_id=114132&scans_id=110198&peptide_id=19578&scanf=27830&charge=2&value=11/18,sp|P08651|NFIC_HUMAN,/core/www/modules//consensus/?run_id=110202&search_id=114132&scans_id=110198&peptide_id=19578&scanf=27830&charge=2&value=sp|P08651|NFIC_HUMAN,1,/core/www/modules/match_peptides/blast_html4.php?run_id=110202&search_id=114132&scans_id=110198&peptide_id=19578&scanf=27830&charge=2&value=1,R.EDFVLSITGK.K,/core/www/modules/show_out/show_out_wrapper.php?run_id=110202&search_id=114132&scans_id=110198&peptide_id=19578&scanf=27830&charge=2&value=R.EDFVLSITGK.K,NFIC,6.313e+6,1.883,0.151,0.821,0.008
27833,2,"  2.193","  0.302",8/14,/core/www/modules//sdig/index.php?run_id=110202&search_id=114132&scans_id=110198&peptide_id=19581&scanf=27833&charge=2&value=8/14,sp|P49748|ACADV_HUMAN,/core/www/modules//consensus/?run_id=110202&search_id=114132&scans_id=110198&peptide_id=19581&scanf=27833&charge=2&value=sp|P49748|ACADV_HUMAN,2,/core/www/modules/match_peptides/blast_html4.php?run_id=110202&search_id=114132&scans_id=110198&peptide_id=19581&scanf=27833&charge=2&value=2,K.GILLFGTK.A,/core/www/modules/show_out/show_out_wrapper.php?run_id=110202&search_id=114132&scans_id=110198&peptide_id=19581&scanf=27833&charge=2&value=K.GILLFGTK.A,ACADVL,5.634e+6,2.614,0.014,1.840,0.000
27838,2,"  1.829","  0.346",8/14,/core/www/modules//sdig/index.php?run_id=110202&search_id=114132&scans_id=110198&peptide_id=19586&scanf=27838&charge=2&value=8/14,sp|O00566|MPP10_HUMAN,/core/www/modules//consensus/?run_id=110202&search_id=114132&scans_id=110198&peptide_id=19586&scanf=27838&charge=2&value=sp|O00566|MPP10_HUMAN,1,/core/www/modules/match_peptides/blast_html4.php?run_id=110202&search_id=114132&scans_id=110198&peptide_id=19586&scanf=27838&charge=2&value=1,K.MMDSLFLK.L,/core/www/modules/show_out/show_out_wrapper.php?run_id=110202&search_id=114132&scans_id=110198&peptide_id=19586&scanf=27838&charge=2&value=K.MMDSLFLK.L,MPHOSPH10,5.776e+6,2.716,0.010,1.989,0.000
27839,2,"  2.317","  0.348",8/26,/core/www/modules//sdig/index.php?run_id=110202&search_id=114132&scans_id=110198&peptide_id=19587&scanf=27839&charge=2&value=8/26,sp|Q9BT78|CSN4_HUMAN,/core/www/modules//consensus/?run_id=110202&search_id=114132&scans_id=110198&peptide_id=19587&scanf=27839&charge=2&value=sp|Q9BT78|CSN4_HUMAN,2,/core/www/modules/match_peptides/blast_html4.php?run_id=110202&search_id=114132&scans_id=110198&peptide_id=19587&scanf=27839&charge=2&value=2,K.AIQLSGAEQLEALK.A,/core/www/modules/show_out/show_out_wrapper.php?run_id=110202&search_id=114132&scans_id=110198&peptide_id=19587&scanf=27839&charge=2&value=K.AIQLSGAEQLEALK.A,COPS4,2.463e+6,2.124,0.073,1.139,0.002
27843,3,"  1.667","  0.415",13/36,/core/www/modules//sdig/index.php?run_id=110202&search_id=114132&scans_id=110198&peptide_id=19592&scanf=27843&charge=3&value=13/36,sp|P46087|NOP2_HUMAN,/core/www/modules//consensus/?run_id=110202&search_id=114132&scans_id=110198&peptide_id=19592&scanf=27843&charge=3&value=sp|P46087|NOP2_HUMAN,2,/core/www/modules/match_peptides/blast_html4.php?run_id=110202&search_id=114132&scans_id=110198&peptide_id=19592&scanf=27843&charge=3&value=2,K.RIQDIVGILR.D,/core/www/modules/show_out/show_out_wrapper.php?run_id=110202&search_id=114132&scans_id=110198&peptide_id=19592&scanf=27843&charge=3&value=K.RIQDIVGILR.D,NOP2,1.438e+6,2.844,0.007,2.178,0.000
27846,2,"  3.875","  0.627",15/26,/core/www/modules//sdig/index.php?run_id=110202&search_id=114132&scans_id=110198&peptide_id=19594&scanf=27846&charge=2&value=15/26,sp|P13667|PDIA4_HUMAN,/core/www/modules//consensus/?run_id=110202&search_id=114132&scans_id=110198&peptide_id=19594&scanf=27846&charge=2&value=sp|P13667|PDIA4_HUMAN,2,/core/www/modules/match_peptides/blast_html4.php?run_id=110202&search_id=114132&scans_id=110198&peptide_id=19594&scanf=27846&charge=2&value=2,K.FAMEPEEFDSDTLR.E,/core/www/modules/show_out/show_out_wrapper.php?run_id=110202&search_id=114132&scans_id=110198&peptide_id=19594&scanf=27846&charge=2&value=K.FAMEPEEFDSDTLR.E,PDIA4,7.929e+6,3.654,0.000,3.377,0.000
27847,2,"  2.398","  0.001",10/14,/core/www/modules//sdig/index.php?run_id=110202&search_id=114132&scans_id=110198&peptide_id=19595&scanf=27847&charge=2&value=10/14,sp|Q5C9Z4|NOM1_HUMAN,/core/www/modules//consensus/?run_id=110202&search_id=114132&scans_id=110198&peptide_id=19595&scanf=27847&charge=2&value=sp|Q5C9Z4|NOM1_HUMAN,0,/core/www/modules/match_peptides/blast_html4.php?run_id=110202&search_id=114132&scans_id=110198&peptide_id=19595&scanf=27847&charge=2&value=0,K.SLSLSILK.V,/core/www/modules/show_out/show_out_wrapper.php?run_id=110202&search_id=114132&scans_id=110198&peptide_id=19595&scanf=27847&charge=2&value=K.SLSLSILK.V,NOM1,7.788e+6,1.863,0.160,0.796,0.008
27850,2,"  4.302","  0.658",15/28,/core/www/modules//sdig/index.php?run_id=110202&search_id=114132&scans_id=110198&peptide_id=19599&scanf=27850&charge=2&value=15/28,sp|P55265|DSRAD_HUMAN,/core/www/modules//consensus/?run_id=110202&search_id=114132&scans_id=110198&peptide_id=19599&scanf=27850&charge=2&value=sp|P55265|DSRAD_HUMAN,3,/core/www/modules/match_peptides/blast_html4.php?run_id=110202&search_id=114132&scans_id=110198&peptide_id=19599&scanf=27850&charge=2&value=3,R.MGFTEVTPVTGASLR.R,/core/www/modules/show_out/show_out_wrapper.php?run_id=110202&search_id=114132&scans_id=110198&peptide_id=19599&scanf=27850&charge=2&value=R.MGFTEVTPVTGASLR.R,ADAR,1.024e+7,3.646,0.000,3.364,0.000
27851,2,"  3.972","  0.711",16/28,/core/www/modules//sdig/index.php?run_id=110202&search_id=114132&scans_id=110198&peptide_id=19600&scanf=27851&charge=2&value=16/28,sp|P41252|SYIC_HUMAN,/core/www/modules//consensus/?run_id=110202&search_id=114132&scans_id=110198&peptide_id=19600&scanf=27851&charge=2&value=sp|P41252|SYIC_HUMAN,9,/core/www/modules/match_peptides/blast_html4.php?run_id=110202&search_id=114132&scans_id=110198&peptide_id=19600&scanf=27851&charge=2&value=9,K.NVIVNGLVLASDGQK.M,/core/www/modules/show_out/show_out_wrapper.php?run_id=110202&search_id=114132&scans_id=110198&peptide_id=19600&scanf=27851&charge=2&value=K.NVIVNGLVLASDGQK.M,IARS1,3.168e+6,3.894,0.000,3.732,0.000
27853,4,"  3.434","  0.363",12/78,/core/www/modules//sdig/index.php?run_id=110202&search_id=114132&scans_id=110198&peptide_id=19602&scanf=27853&charge=4&value=12/78,sp|O00567|NOP56_HUMAN,/core/www/modules//consensus/?run_id=110202&search_id=114132&scans_id=110198&peptide_id=19602&scanf=27853&charge=4&value=sp|O00567|NOP56_HUMAN,1,/core/www/modules/match_peptides/blast_html4.php?run_id=110202&search_id=114132&scans_id=110198&peptide_id=19602&scanf=27853&charge=4&value=1,R.VREWYGYHFPELVK.I,/core/www/modules/show_out/show_out_wrapper.php?run_id=110202&search_id=114132&scans_id=110198&peptide_id=19602&scanf=27853&charge=4&value=R.VREWYGYHFPELVK.I,NOP56,2.806e+6,2.804,0.008,2.119,0.000
27854,2,"  2.467","  0.570",8/24,/core/www/modules//sdig/index.php?run_id=110202&search_id=114132&scans_id=110198&peptide_id=19603&scanf=27854&charge=2&value=8/24,sp|P49848|TAF6_HUMAN,/core/www/modules//consensus/?run_id=110202&search_id=114132&scans_id=110198&peptide_id=19603&scanf=27854&charge=2&value=sp|P49848|TAF6_HUMAN,6,/core/www/modules/match_peptides/blast_html4.php?run_id=110202&search_id=114132&scans_id=110198&peptide_id=19603&scanf=27854&charge=2&value=6,R.SVLDGPVLSNIDR.I,/core/www/modules/show_out/show_out_wrapper.php?run_id=110202&search_id=114132&scans_id=110198&peptide_id=19603&scanf=27854&charge=2&value=R.SVLDGPVLSNIDR.I,TAF6,2.998e+6,2.905,0.005,2.268,0.000
27856,3,"  3.327","  0.443",10/76,/core/www/modules//sdig/index.php?run_id=110202&search_id=114132&scans_id=110198&peptide_id=19605&scanf=27856&charge=3&value=10/76,sp|Q9Y3Y2|CHTOP_HUMAN,/core/www/modules//consensus/?run_id=110202&search_id=114132&scans_id=110198&peptide_id=19605&scanf=27856&charge=3&value=sp|Q9Y3Y2|CHTOP_HUMAN,1,/core/www/modules/match_peptides/blast_html4.php?run_id=110202&search_id=114132&scans_id=110198&peptide_id=19605&scanf=27856&charge=3&value=1,K.GHLDAELDAYMAQTDPETND.-,/core/www/modules/show_out/show_out_wrapper.php?run_id=110202&search_id=114132&scans_id=110198&peptide_id=19605&scanf=27856&charge=3&value=K.GHLDAELDAYMAQTDPETND.-,CHTOP,3.425e+6,2.486,0.022,1.654,0.001
27859,4,"  2.517","  0.229",11/84,/core/www/modules//sdig/index.php?run_id=110202&search_id=114132&scans_id=110198&peptide_id=19608&scanf=27859&charge=4&value=11/84,sp|P06493|CDK1_HUMAN,/core/www/modules//consensus/?run_id=110202&search_id=114132&scans_id=110198&peptide_id=19608&scanf=27859&charge=4&value=sp|P06493|CDK1_HUMAN,1,/core/www/modules/match_peptides/blast_html4.php?run_id=110202&search_id=114132&scans_id=110198&peptide_id=19608&scanf=27859&charge=4&value=1,K.KPLFHGDSEIDQLFR.I,/core/www/modules/show_out/show_out_wrapper.php?run_id=110202&search_id=114132&scans_id=110198&peptide_id=19608&scanf=27859&charge=4&value=K.KPLFHGDSEIDQLFR.I,CDK1,6.206e+6,2.394,0.030,1.521,0.001
27865,2,"  1.536","  0.328",6/12,/core/www/modules//sdig/index.php?run_id=110202&search_id=114132&scans_id=110198&peptide_id=19615&scanf=27865&charge=2&value=6/12,sp|Q6DD88|ATLA3_HUMAN,/core/www/modules//consensus/?run_id=110202&search_id=114132&scans_id=110198&peptide_id=19615&scanf=27865&charge=2&value=sp|Q6DD88|ATLA3_HUMAN,1,/core/www/modules/match_peptides/blast_html4.php?run_id=110202&search_id=114132&scans_id=110198&peptide_id=19615&scanf=27865&charge=2&value=1,R.GLLEYFK.A,/core/www/modules/show_out/show_out_wrapper.php?run_id=110202&search_id=114132&scans_id=110198&peptide_id=19615&scanf=27865&charge=2&value=R.GLLEYFK.A,ATL3,4.694e+6,2.532,0.019,1.720,0.000
27868,3,"  4.250","  0.633",15/52,/core/www/modules//sdig/index.php?run_id=110202&search_id=114132&scans_id=110198&peptide_id=19617&scanf=27868&charge=3&value=15/52,sp|P40937|RFC5_HUMAN,/core/www/modules//consensus/?run_id=110202&search_id=114132&scans_id=110198&peptide_id=19617&scanf=27868&charge=3&value=sp|P40937|RFC5_HUMAN,3,/core/www/modules/match_peptides/blast_html4.php?run_id=110202&search_id=114132&scans_id=110198&peptide_id=19617&scanf=27868&charge=3&value=3,R.LPHLLLYGPPGTGK.T,/core/www/modules/show_out/show_out_wrapper.php?run_id=110202&search_id=114132&scans_id=110198&peptide_id=19617&scanf=27868&charge=3&value=R.LPHLLLYGPPGTGK.T,RFC5,1.540e+7,3.675,0.000,3.408,0.000
27869,3,"  2.897","  0.422",13/48,/core/www/modules//sdig/index.php?run_id=110202&search_id=114132&scans_id=110198&peptide_id=19618&scanf=27869&charge=3&value=13/48,sp|Q15046|SYK_HUMAN,/core/www/modules//consensus/?run_id=110202&search_id=114132&scans_id=110198&peptide_id=19618&scanf=27869&charge=3&value=sp|Q15046|SYK_HUMAN,0,/core/www/modules/match_peptides/blast_html4.php?run_id=110202&search_id=114132&scans_id=110198&peptide_id=19618&scanf=27869&charge=3&value=0,K.EVLLFPAMKPEDK.K,/core/www/modules/show_out/show_out_wrapper.php?run_id=110202&search_id=114132&scans_id=110198&peptide_id=19618&scanf=27869&charge=3&value=K.EVLLFPAMKPEDK.K,KARS1,1.459e+7,2.919,0.005,2.288,0.000
27870,3,"  4.611","  0.648",21/76,/core/www/modules//sdig/index.php?run_id=110202&search_id=114132&scans_id=110198&peptide_id=19620&scanf=27870&charge=3&value=21/76,sp|Q14257|RCN2_HUMAN,/core/www/modules//consensus/?run_id=110202&search_id=114132&scans_id=110198&peptide_id=19620&scanf=27870&charge=3&value=sp|Q14257|RCN2_HUMAN,1,/core/www/modules/match_peptides/blast_html4.php?run_id=110202&search_id=114132&scans_id=110198&peptide_id=19620&scanf=27870&charge=3&value=1,R.VIDFDENTALDDAEEESFRK.L,/core/www/modules/show_out/show_out_wrapper.php?run_id=110202&search_id=114132&scans_id=110198&peptide_id=19620&scanf=27870&charge=3&value=R.VIDFDENTALDDAEEESFRK.L,RCN2,2.725e+6,3.212,0.002,2.722,0.000
27871,2,"  5.023","  0.695",19/32,/core/www/modules//sdig/index.php?run_id=110202&search_id=114132&scans_id=110198&peptide_id=19621&scanf=27871&charge=2&value=19/32,sp|P50454|SERPH_HUMAN,/core/www/modules//consensus/?run_id=110202&search_id=114132&scans_id=110198&peptide_id=19621&scanf=27871&charge=2&value=sp|P50454|SERPH_HUMAN,7,/core/www/modules/match_peptides/blast_html4.php?run_id=110202&search_id=114132&scans_id=110198&peptide_id=19621&scanf=27871&charge=2&value=7,R.SALQSINEWAAQTTDGK.L,/core/www/modules/show_out/show_out_wrapper.php?run_id=110202&search_id=114132&scans_id=110198&peptide_id=19621&scanf=27871&charge=2&value=R.SALQSINEWAAQTTDGK.L,SERPINH1,7.053e+6,3.776,0.000,3.558,0.000
27873,3,"  2.188","  0.436",12/32,/core/www/modules//sdig/index.php?run_id=110202&search_id=114132&scans_id=110198&peptide_id=19623&scanf=27873&charge=3&value=12/32,sp|Q5T5X7|BEND3_HUMAN,/core/www/modules//consensus/?run_id=110202&search_id=114132&scans_id=110198&peptide_id=19623&scanf=27873&charge=3&value=sp|Q5T5X7|BEND3_HUMAN,0,/core/www/modules/match_peptides/blast_html4.php?run_id=110202&search_id=114132&scans_id=110198&peptide_id=19623&scanf=27873&charge=3&value=0,R.LFPELFDHR.K,/core/www/modules/show_out/show_out_wrapper.php?run_id=110202&search_id=114132&scans_id=110198&peptide_id=19623&scanf=27873&charge=3&value=R.LFPELFDHR.K,BEND3,3.000e+6,3.193,0.002,2.694,0.000
27874,2,"  3.180","  0.616",14/22,/core/www/modules//sdig/index.php?run_id=110202&search_id=114132&scans_id=110198&peptide_id=19624&scanf=27874&charge=2&value=14/22,sp|Q96H22|CENPN_HUMAN,/core/www/modules//consensus/?run_id=110202&search_id=114132&scans_id=110198&peptide_id=19624&scanf=27874&charge=2&value=sp|Q96H22|CENPN_HUMAN,1,/core/www/modules/match_peptides/blast_html4.php?run_id=110202&search_id=114132&scans_id=110198&peptide_id=19624&scanf=27874&charge=2&value=1,K.GPGEDVDLFDMK.Q,/core/www/modules/show_out/show_out_wrapper.php?run_id=110202&search_id=114132&scans_id=110198&peptide_id=19624&scanf=27874&charge=2&value=K.GPGEDVDLFDMK.Q,CENPN,5.184e+6,3.592,0.001,3.285,0.000
27880,2,"  4.131","  0.653",17/30,/core/www/modules//sdig/index.php?run_id=110202&search_id=114132&scans_id=110198&peptide_id=19631&scanf=27880&charge=2&value=17/30,sp|Q9Y285|SYFA_HUMAN,/core/www/modules//consensus/?run_id=110202&search_id=114132&scans_id=110198&peptide_id=19631&scanf=27880&charge=2&value=sp|Q9Y285|SYFA_HUMAN,3,/core/www/modules/match_peptides/blast_html4.php?run_id=110202&search_id=114132&scans_id=110198&peptide_id=19631&scanf=27880&charge=2&value=3,K.QETELSPEMISSGSWR.D,/core/www/modules/show_out/show_out_wrapper.php?run_id=110202&search_id=114132&scans_id=110198&peptide_id=19631&scanf=27880&charge=2&value=K.QETELSPEMISSGSWR.D,FARSA,2.426e+6,3.577,0.001,3.263,0.000
27883,3,"  3.078","  0.404",11/40,/core/www/modules//sdig/index.php?run_id=110202&search_id=114132&scans_id=110198&peptide_id=19634&scanf=27883&charge=3&value=11/40,sp|Q9NU22|MDN1_HUMAN,/core/www/modules//consensus/?run_id=110202&search_id=114132&scans_id=110198&peptide_id=19634&scanf=27883&charge=3&value=sp|Q9NU22|MDN1_HUMAN,0,/core/www/modules/match_peptides/blast_html4.php?run_id=110202&search_id=114132&scans_id=110198&peptide_id=19634&scanf=27883&charge=3&value=0,K.IFNSDELIHFR.L,/core/www/modules/show_out/show_out_wrapper.php?run_id=110202&search_id=114132&scans_id=110198&peptide_id=19634&scanf=27883&charge=3&value=K.IFNSDELIHFR.L,MDN1,1.442e+7,3.126,0.003,2.594,0.000
27886,2,"  2.912","  0.373",11/22,/core/www/modules//sdig/index.php?run_id=110202&search_id=114132&scans_id=110198&peptide_id=19637&scanf=27886&charge=2&value=11/22,sp|Q9H6R4|NOL6_HUMAN,/core/www/modules//consensus/?run_id=110202&search_id=114132&scans_id=110198&peptide_id=19637&scanf=27886&charge=2&value=sp|Q9H6R4|NOL6_HUMAN,1,/core/www/modules/match_peptides/blast_html4.php?run_id=110202&search_id=114132&scans_id=110198&peptide_id=19637&scanf=27886&charge=2&value=1,R.ETEILFHSSLLR.L,/core/www/modules/show_out/show_out_wrapper.php?run_id=110202&search_id=114132&scans_id=110198&peptide_id=19637&scanf=27886&charge=2&value=R.ETEILFHSSLLR.L,NOL6,1.966e+6,2.608,0.015,1.832,0.000
27889,2,"  4.009","  0.428",13/22,/core/www/modules//sdig/index.php?run_id=110202&search_id=114132&scans_id=110198&peptide_id=19639&scanf=27889&charge=2&value=13/22,sp|P78527|PRKDC_HUMAN,/core/www/modules//consensus/?run_id=110202&search_id=114132&scans_id=110198&peptide_id=19639&scanf=27889&charge=2&value=sp|P78527|PRKDC_HUMAN,0,/core/www/modules/match_peptides/blast_html4.php?run_id=110202&search_id=114132&scans_id=110198&peptide_id=19639&scanf=27889&charge=2&value=0,R.LGASLAFNNIYR.E,/core/www/modules/show_out/show_out_wrapper.php?run_id=110202&search_id=114132&scans_id=110198&peptide_id=19639&scanf=27889&charge=2&value=R.LGASLAFNNIYR.E,PRKDC,5.438e+7,3.849,0.000,3.665,0.000
27893,2,"  2.350","  0.377",10/16,/core/www/modules//sdig/index.php?run_id=110202&search_id=114132&scans_id=110198&peptide_id=19644&scanf=27893&charge=2&value=10/16,sp|Q14146|URB2_HUMAN,/core/www/modules//consensus/?run_id=110202&search_id=114132&scans_id=110198&peptide_id=19644&scanf=27893&charge=2&value=sp|Q14146|URB2_HUMAN,0,/core/www/modules/match_peptides/blast_html4.php?run_id=110202&search_id=114132&scans_id=110198&peptide_id=19644&scanf=27893&charge=2&value=0,K.EQVLLDWAR.Q,/core/www/modules/show_out/show_out_wrapper.php?run_id=110202&search_id=114132&scans_id=110198&peptide_id=19644&scanf=27893&charge=2&value=K.EQVLLDWAR.Q,URB2,4.455e+6,2.940,0.005,2.319,0.000
27894,3,"  3.296","  0.415",12/44,/core/www/modules//sdig/index.php?run_id=110202&search_id=114132&scans_id=110198&peptide_id=19645&scanf=27894&charge=3&value=12/44,sp|Q9P2K3|RCOR3_HUMAN,/core/www/modules//consensus/?run_id=110202&search_id=114132&scans_id=110198&peptide_id=19645&scanf=27894&charge=3&value=sp|Q9P2K3|RCOR3_HUMAN,3,/core/www/modules/match_peptides/blast_html4.php?run_id=110202&search_id=114132&scans_id=110198&peptide_id=19645&scanf=27894&charge=3&value=3,K.VLFEQAFSFHGK.S,/core/www/modules/show_out/show_out_wrapper.php?run_id=110202&search_id=114132&scans_id=110198&peptide_id=19645&scanf=27894&charge=3&value=K.VLFEQAFSFHGK.S,RCOR3,4.494e+6,2.865,0.006,2.209,0.000
27896,3,"  2.655","  0.428",14/60,/core/www/modules//sdig/index.php?run_id=110202&search_id=114132&scans_id=110198&peptide_id=19647&scanf=27896&charge=3&value=14/60,sp|Q6KC79|NIPBL_HUMAN,/core/www/modules//consensus/?run_id=110202&search_id=114132&scans_id=110198&peptide_id=19647&scanf=27896&charge=3&value=sp|Q6KC79|NIPBL_HUMAN,1,/core/www/modules/match_peptides/blast_html4.php?run_id=110202&search_id=114132&scans_id=110198&peptide_id=19647&scanf=27896&charge=3&value=1,K.FHLQNTLYPQYDPVYR.L,/core/www/modules/show_out/show_out_wrapper.php?run_id=110202&search_id=114132&scans_id=110198&peptide_id=19647&scanf=27896&charge=3&value=K.FHLQNTLYPQYDPVYR.L,NIPBL,3.747e+6,2.770,0.009,2.069,0.000
27897,3,"  6.477","  0.631",24/68,/core/www/modules//sdig/index.php?run_id=110202&search_id=114132&scans_id=110198&peptide_id=19648&scanf=27897&charge=3&value=24/68,sp|Q96T23|RSF1_HUMAN,/core/www/modules//consensus/?run_id=110202&search_id=114132&scans_id=110198&peptide_id=19648&scanf=27897&charge=3&value=sp|Q96T23|RSF1_HUMAN,2,/core/www/modules/match_peptides/blast_html4.php?run_id=110202&search_id=114132&scans_id=110198&peptide_id=19648&scanf=27897&charge=3&value=2,R.DKDGLMYWYQLDQDHNVR.M,/core/www/modules/show_out/show_out_wrapper.php?run_id=110202&search_id=114132&scans_id=110198&peptide_id=19648&scanf=27897&charge=3&value=R.DKDGLMYWYQLDQDHNVR.M,RSF1,2.833e+6,3.512,0.001,3.167,0.000
27904,3,"  2.294","  0.303",8/52,/core/www/modules//sdig/index.php?run_id=110202&search_id=114132&scans_id=110198&peptide_id=19656&scanf=27904&charge=3&value=8/52,sp|P47985|UCRI_HUMAN,/core/www/modules//consensus/?run_id=110202&search_id=114132&scans_id=110198&peptide_id=19656&scanf=27904&charge=3&value=sp|P47985|UCRI_HUMAN,0,/core/www/modules/match_peptides/blast_html4.php?run_id=110202&search_id=114132&scans_id=110198&peptide_id=19656&scanf=27904&charge=3&value=0,K.EIEQEAAVELSQLR.D,/core/www/modules/show_out/show_out_wrapper.php?run_id=110202&search_id=114132&scans_id=110198&peptide_id=19656&scanf=27904&charge=3&value=K.EIEQEAAVELSQLR.D,UQCRFS1,4.848e+6,2.265,0.046,1.336,0.002
27907,2,"  2.821","  0.244",10/22,/core/www/modules//sdig/index.php?run_id=110202&search_id=114132&scans_id=110198&peptide_id=19659&scanf=27907&charge=2&value=10/22,sp|Q86W50|MET16_HUMAN,/core/www/modules//consensus/?run_id=110202&search_id=114132&scans_id=110198&peptide_id=19659&scanf=27907&charge=2&value=sp|Q86W50|MET16_HUMAN,0,/core/www/modules/match_peptides/blast_html4.php?run_id=110202&search_id=114132&scans_id=110198&peptide_id=19659&scanf=27907&charge=2&value=0,R.APEDVIQALEEK.K,/core/www/modules/show_out/show_out_wrapper.php?run_id=110202&search_id=114132&scans_id=110198&peptide_id=19659&scanf=27907&charge=2&value=R.APEDVIQALEEK.K,METTL16,6.480e+6,2.124,0.072,1.140,0.002
27909,2,"  1.360","  0.210",6/16,/core/www/modules//sdig/index.php?run_id=110202&search_id=114132&scans_id=110198&peptide_id=19660&scanf=27909&charge=2&value=6/16,sp|Q15287|RNPS1_HUMAN,/core/www/modules//consensus/?run_id=110202&search_id=114132&scans_id=110198&peptide_id=19660&scanf=27909&charge=2&value=sp|Q15287|RNPS1_HUMAN,4,/core/www/modules/match_peptides/blast_html4.php?run_id=110202&search_id=114132&scans_id=110198&peptide_id=19660&scanf=27909&charge=2&value=4,R.MLPPPPMWR.R,/core/www/modules/show_out/show_out_wrapper.php?run_id=110202&search_id=114132&scans_id=110198&peptide_id=19660&scanf=27909&charge=2&value=R.MLPPPPMWR.R,RNPS1,3.260e+7,1.939,0.128,0.892,0.006
27910,2,"  1.781","  0.472",8/14,/core/www/modules//sdig/index.php?run_id=110202&search_id=114132&scans_id=110198&peptide_id=19662&scanf=27910&charge=2&value=8/14,sp|P60709|ACTB_HUMAN,/core/www/modules//consensus/?run_id=110202&search_id=114132&scans_id=110198&peptide_id=19662&scanf=27910&charge=2&value=sp|P60709|ACTB_HUMAN,16,/core/www/modules/match_peptides/blast_html4.php?run_id=110202&search_id=114132&scans_id=110198&peptide_id=19662&scanf=27910&charge=2&value=16,R.DLTDYLMK.I,/core/www/modules/show_out/show_out_wrapper.php?run_id=110202&search_id=114132&scans_id=110198&peptide_id=19662&scanf=27910&charge=2&value=R.DLTDYLMK.I,ACTB,2.020e+9,3.709,0.000,3.458,0.000
27911,2,"  2.925","  0.492",12/20,/core/www/modules//sdig/index.php?run_id=110202&search_id=114132&scans_id=110198&peptide_id=19663&scanf=27911&charge=2&value=12/20,sp|P31943|HNRH1_HUMAN,/core/www/modules//consensus/?run_id=110202&search_id=114132&scans_id=110198&peptide_id=19663&scanf=27911&charge=2&value=sp|P31943|HNRH1_HUMAN,15,/core/www/modules/match_peptides/blast_html4.php?run_id=110202&search_id=114132&scans_id=110198&peptide_id=19663&scanf=27911&charge=2&value=15,K.SNNVEMDWVLK.H,/core/www/modules/show_out/show_out_wrapper.php?run_id=110202&search_id=114132&scans_id=110198&peptide_id=19663&scanf=27911&charge=2&value=K.SNNVEMDWVLK.H,HNRNPH1,7.644e+7,3.292,0.001,2.841,0.000
27912,2,"  1.872","  0.359",8/14,/core/www/modules//sdig/index.php?run_id=110202&search_id=114132&scans_id=110198&peptide_id=19664&scanf=27912&charge=2&value=8/14,sp|Q08211|DHX9_HUMAN,/core/www/modules//consensus/?run_id=110202&search_id=114132&scans_id=110198&peptide_id=19664&scanf=27912&charge=2&value=sp|Q08211|DHX9_HUMAN,0,/core/www/modules/match_peptides/blast_html4.php?run_id=110202&search_id=114132&scans_id=110198&peptide_id=19664&scanf=27912&charge=2&value=0,R.DFVNYLVR.I,/core/www/modules/show_out/show_out_wrapper.php?run_id=110202&search_id=114132&scans_id=110198&peptide_id=19664&scanf=27912&charge=2&value=R.DFVNYLVR.I,DHX9,1.844e+8,3.110,0.003,2.571,0.000
27913,2,"  2.858","  0.606",12/20,/core/www/modules//sdig/index.php?run_id=110202&search_id=114132&scans_id=110198&peptide_id=19665&scanf=27913&charge=2&value=12/20,sp|Q14669|TRIPC_HUMAN,/core/www/modules//consensus/?run_id=110202&search_id=114132&scans_id=110198&peptide_id=19665&scanf=27913&charge=2&value=sp|Q14669|TRIPC_HUMAN,2,/core/www/modules/match_peptides/blast_html4.php?run_id=110202&search_id=114132&scans_id=110198&peptide_id=19665&scanf=27913&charge=2&value=2,K.LPDYSSIEIMR.E,/core/www/modules/show_out/show_out_wrapper.php?run_id=110202&search_id=114132&scans_id=110198&peptide_id=19665&scanf=27913&charge=2&value=K.LPDYSSIEIMR.E,TRIP12,1.101e+7,3.691,0.000,3.432,0.000
27914,3,"  3.209","  0.404",8/52,/core/www/modules//sdig/index.php?run_id=110202&search_id=114132&scans_id=110198&peptide_id=19666&scanf=27914&charge=3&value=8/52,sp|P47985|UCRI_HUMAN,/core/www/modules//consensus/?run_id=110202&search_id=114132&scans_id=110198&peptide_id=19666&scanf=27914&charge=3&value=sp|P47985|UCRI_HUMAN,0,/core/www/modules/match_peptides/blast_html4.php?run_id=110202&search_id=114132&scans_id=110198&peptide_id=19666&scanf=27914&charge=3&value=0,K.EIEQEAAVELSQLR.D,/core/www/modules/show_out/show_out_wrapper.php?run_id=110202&search_id=114132&scans_id=110198&peptide_id=19666&scanf=27914&charge=3&value=K.EIEQEAAVELSQLR.D,UQCRFS1,4.848e+6,2.652,0.013,1.896,0.000
27918,2,"  2.015","  0.288",9/20,/core/www/modules//sdig/index.php?run_id=110202&search_id=114132&scans_id=110198&peptide_id=19670&scanf=27918&charge=2&value=9/20,sp|Q9HCS7|SYF1_HUMAN,/core/www/modules//consensus/?run_id=110202&search_id=114132&scans_id=110198&peptide_id=19670&scanf=27918&charge=2&value=sp|Q9HCS7|SYF1_HUMAN,0,/core/www/modules/match_peptides/blast_html4.php?run_id=110202&search_id=114132&scans_id=110198&peptide_id=19670&scanf=27918&charge=2&value=0,K.VQSLNVDAIIR.G,/core/www/modules/show_out/show_out_wrapper.php?run_id=110202&search_id=114132&scans_id=110198&peptide_id=19670&scanf=27918&charge=2&value=K.VQSLNVDAIIR.G,XAB2,4.076e+6,2.074,0.085,1.072,0.003
27923,2,"  1.378","  0.267",7/12,/core/www/modules//sdig/index.php?run_id=110202&search_id=114132&scans_id=110198&peptide_id=19676&scanf=27923&charge=2&value=7/12,sp|O43684|BUB3_HUMAN,/core/www/modules//consensus/?run_id=110202&search_id=114132&scans_id=110198&peptide_id=19676&scanf=27923&charge=2&value=sp|O43684|BUB3_HUMAN,1,/core/www/modules/match_peptides/blast_html4.php?run_id=110202&search_id=114132&scans_id=110198&peptide_id=19676&scanf=27923&charge=2&value=1,R.VLVWDLR.N,/core/www/modules/show_out/show_out_wrapper.php?run_id=110202&search_id=114132&scans_id=110198&peptide_id=19676&scanf=27923&charge=2&value=R.VLVWDLR.N,BUB3,9.288e+6,2.463,0.024,1.620,0.001
27924,2,"  5.211","  0.757",22/32,/core/www/modules//sdig/index.php?run_id=110202&search_id=114132&scans_id=110198&peptide_id=19677&scanf=27924&charge=2&value=22/32,sp|P07355|ANXA2_HUMAN,/core/www/modules//consensus/?run_id=110202&search_id=114132&scans_id=110198&peptide_id=19677&scanf=27924&charge=2&value=sp|P07355|ANXA2_HUMAN,9,/core/www/modules/match_peptides/blast_html4.php?run_id=110202&search_id=114132&scans_id=110198&peptide_id=19677&scanf=27924&charge=2&value=9,R.AEDGSVIDYELIDQDAR.D,/core/www/modules/show_out/show_out_wrapper.php?run_id=110202&search_id=114132&scans_id=110198&peptide_id=19677&scanf=27924&charge=2&value=R.AEDGSVIDYELIDQDAR.D,ANXA2,4.652e+6,4.071,0.000,3.994,0.000
27926,3,"  3.552","  0.548",17/68,/core/www/modules//sdig/index.php?run_id=110202&search_id=114132&scans_id=110198&peptide_id=19679&scanf=27926&charge=3&value=17/68,sp|Q92900|RENT1_HUMAN,/core/www/modules//consensus/?run_id=110202&search_id=114132&scans_id=110198&peptide_id=19679&scanf=27926&charge=3&value=sp|Q92900|RENT1_HUMAN,0,/core/www/modules/match_peptides/blast_html4.php?run_id=110202&search_id=114132&scans_id=110198&peptide_id=19679&scanf=27926&charge=3&value=0,K.TVLQRPLSLIQGPPGTGK.T,/core/www/modules/show_out/show_out_wrapper.php?run_id=110202&search_id=114132&scans_id=110198&peptide_id=19679&scanf=27926&charge=3&value=K.TVLQRPLSLIQGPPGTGK.T,UPF1,2.449e+6,3.162,0.002,2.647,0.000
27927,2,"  2.936","  0.645",11/34,/core/www/modules//sdig/index.php?run_id=110202&search_id=114132&scans_id=110198&peptide_id=19680&scanf=27927&charge=2&value=11/34,sp|Q9ULX6|AKP8L_HUMAN,/core/www/modules//consensus/?run_id=110202&search_id=114132&scans_id=110198&peptide_id=19680&scanf=27927&charge=2&value=sp|Q9ULX6|AKP8L_HUMAN,1,/core/www/modules/match_peptides/blast_html4.php?run_id=110202&search_id=114132&scans_id=110198&peptide_id=19680&scanf=27927&charge=2&value=1,R.GIPGLDVEDDEEGGGGAP.-,/core/www/modules/show_out/show_out_wrapper.php?run_id=110202&search_id=114132&scans_id=110198&peptide_id=19680&scanf=27927&charge=2&value=R.GIPGLDVEDDEEGGGGAP.-,AKAP8L,1.918e+6,3.088,0.003,2.537,0.000
27928,2,"  2.897","  0.523",10/20,/core/www/modules//sdig/index.php?run_id=110202&search_id=114132&scans_id=110198&peptide_id=19681&scanf=27928&charge=2&value=10/20,sp|Q9NTK5|OLA1_HUMAN,/core/www/modules//consensus/?run_id=110202&search_id=114132&scans_id=110198&peptide_id=19681&scanf=27928&charge=2&value=sp|Q9NTK5|OLA1_HUMAN,2,/core/www/modules/match_peptides/blast_html4.php?run_id=110202&search_id=114132&scans_id=110198&peptide_id=19681&scanf=27928&charge=2&value=2,K.IGIVGLPNVGK.S,/core/www/modules/show_out/show_out_wrapper.php?run_id=110202&search_id=114132&scans_id=110198&peptide_id=19681&scanf=27928&charge=2&value=K.IGIVGLPNVGK.S,OLA1,1.079e+7,3.135,0.002,2.608,0.000
27932,2,"  3.170","  0.569",14/24,/core/www/modules//sdig/index.php?run_id=110202&search_id=114132&scans_id=110198&peptide_id=19684&scanf=27932&charge=2&value=14/24,sp|P07305|H10_HUMAN,/core/www/modules//consensus/?run_id=110202&search_id=114132&scans_id=110198&peptide_id=19684&scanf=27932&charge=2&value=sp|P07305|H10_HUMAN,0,/core/www/modules/match_peptides/blast_html4.php?run_id=110202&search_id=114132&scans_id=110198&peptide_id=19684&scanf=27932&charge=2&value=0,K.YSDMIVAAIQAEK.N,/core/www/modules/show_out/show_out_wrapper.php?run_id=110202&search_id=114132&scans_id=110198&peptide_id=19684&scanf=27932&charge=2&value=K.YSDMIVAAIQAEK.N,H1-0,5.487e+6,3.320,0.001,2.881,0.000
27933,2,"  3.321","  0.501",14/26,/core/www/modules//sdig/index.php?run_id=110202&search_id=114132&scans_id=110198&peptide_id=19685&scanf=27933&charge=2&value=14/26,sp|P47985|UCRI_HUMAN,/core/www/modules//consensus/?run_id=110202&search_id=114132&scans_id=110198&peptide_id=19685&scanf=27933&charge=2&value=sp|P47985|UCRI_HUMAN,0,/core/www/modules/match_peptides/blast_html4.php?run_id=110202&search_id=114132&scans_id=110198&peptide_id=19685&scanf=27933&charge=2&value=0,K.EIEQEAAVELSQLR.D,/core/www/modules/show_out/show_out_wrapper.php?run_id=110202&search_id=114132&scans_id=110198&peptide_id=19685&scanf=27933&charge=2&value=K.EIEQEAAVELSQLR.D,UQCRFS1,2.848e+6,3.035,0.003,2.460,0.000
27937,3,"  2.551","  0.434",11/48,/core/www/modules//sdig/index.php?run_id=110202&search_id=114132&scans_id=110198&peptide_id=19689&scanf=27937&charge=3&value=11/48,sp|P52272|HNRPM_HUMAN,/core/www/modules//consensus/?run_id=110202&search_id=114132&scans_id=110198&peptide_id=19689&scanf=27937&charge=3&value=sp|P52272|HNRPM_HUMAN,6,/core/www/modules/match_peptides/blast_html4.php?run_id=110202&search_id=114132&scans_id=110198&peptide_id=19689&scanf=27937&charge=3&value=6,K.LKEVFSMAGVVVR.A,/core/www/modules/show_out/show_out_wrapper.php?run_id=110202&search_id=114132&scans_id=110198&peptide_id=19689&scanf=27937&charge=3&value=K.LKEVFSMAGVVVR.A,HNRNPM,4.579e+6,2.841,0.007,2.173,0.000
27938,2,"  3.310","  0.537",13/26,/core/www/modules//sdig/index.php?run_id=110202&search_id=114132&scans_id=110198&peptide_id=19690&scanf=27938&charge=2&value=13/26,sp|P41252|SYIC_HUMAN,/core/www/modules//consensus/?run_id=110202&search_id=114132&scans_id=110198&peptide_id=19690&scanf=27938&charge=2&value=sp|P41252|SYIC_HUMAN,9,/core/www/modules/match_peptides/blast_html4.php?run_id=110202&search_id=114132&scans_id=110198&peptide_id=19690&scanf=27938&charge=2&value=9,K.EEEIEFLYNENTVR.E,/core/www/modules/show_out/show_out_wrapper.php?run_id=110202&search_id=114132&scans_id=110198&peptide_id=19690&scanf=27938&charge=2&value=K.EEEIEFLYNENTVR.E,IARS1,2.167e+6,3.129,0.003,2.599,0.000
27941,3,"  4.225","  0.299",13/56,/core/www/modules//sdig/index.php?run_id=110202&search_id=114132&scans_id=110198&peptide_id=19694&scanf=27941&charge=3&value=13/56,sp|Q9Y676|RT18B_HUMAN,/core/www/modules//consensus/?run_id=110202&search_id=114132&scans_id=110198&peptide_id=19694&scanf=27941&charge=3&value=sp|Q9Y676|RT18B_HUMAN,0,/core/www/modules/match_peptides/blast_html4.php?run_id=110202&search_id=114132&scans_id=110198&peptide_id=19694&scanf=27941&charge=3&value=0,R.DHGLLIYHIPQVEPR.D,/core/www/modules/show_out/show_out_wrapper.php?run_id=110202&search_id=114132&scans_id=110198&peptide_id=19694&scanf=27941&charge=3&value=R.DHGLLIYHIPQVEPR.D,MRPS18B,2.583e+6,2.328,0.037,1.426,0.001
27944,2,"  1.780","  0.355",8/14,/core/www/modules//sdig/index.php?run_id=110202&search_id=114132&scans_id=110198&peptide_id=19697&scanf=27944&charge=2&value=8/14,sp|Q15326|ZMY11_HUMAN,/core/www/modules//consensus/?run_id=110202&search_id=114132&scans_id=110198&peptide_id=19697&scanf=27944&charge=2&value=sp|Q15326|ZMY11_HUMAN,6,/core/www/modules/match_peptides/blast_html4.php?run_id=110202&search_id=114132&scans_id=110198&peptide_id=19697&scanf=27944&charge=2&value=6,K.GFGFWPAK.V,/core/www/modules/show_out/show_out_wrapper.php?run_id=110202&search_id=114132&scans_id=110198&peptide_id=19697&scanf=27944&charge=2&value=K.GFGFWPAK.V,ZMYND11,2.173e+6,2.767,0.009,2.064,0.000
27951,2,"  2.037","  0.546",12/22,/core/www/modules//sdig/index.php?run_id=110202&search_id=114132&scans_id=110198&peptide_id=19704&scanf=27951&charge=2&value=12/22,sp|P13639|EF2_HUMAN,/core/www/modules//consensus/?run_id=110202&search_id=114132&scans_id=110198&peptide_id=19704&scanf=27951&charge=2&value=sp|P13639|EF2_HUMAN,0,/core/www/modules/match_peptides/blast_html4.php?run_id=110202&search_id=114132&scans_id=110198&peptide_id=19704&scanf=27951&charge=2&value=0,K.DSVVAGFQWATK.E,/core/www/modules/show_out/show_out_wrapper.php?run_id=110202&search_id=114132&scans_id=110198&peptide_id=19704&scanf=27951&charge=2&value=K.DSVVAGFQWATK.E,EEF2,1.829e+7,3.307,0.001,2.862,0.000
27952,3,"  3.050","  0.444",16/68,/core/www/modules//sdig/index.php?run_id=110202&search_id=114132&scans_id=110198&peptide_id=19705&scanf=27952&charge=3&value=16/68,sp|P55036|PSMD4_HUMAN,/core/www/modules//consensus/?run_id=110202&search_id=114132&scans_id=110198&peptide_id=19705&scanf=27952&charge=3&value=sp|P55036|PSMD4_HUMAN,2,/core/www/modules/match_peptides/blast_html4.php?run_id=110202&search_id=114132&scans_id=110198&peptide_id=19705&scanf=27952&charge=3&value=2,R.IIAFVGSPVEDNEKDLVK.L,/core/www/modules/show_out/show_out_wrapper.php?run_id=110202&search_id=114132&scans_id=110198&peptide_id=19705&scanf=27952&charge=3&value=R.IIAFVGSPVEDNEKDLVK.L,PSMD4,5.988e+6,2.428,0.027,1.570,0.001
27953,2,"  1.916","  0.182",10/18,/core/www/modules//sdig/index.php?run_id=110202&search_id=114132&scans_id=110198&peptide_id=19706&scanf=27953&charge=2&value=10/18,sp|Q13813|SPTN1_HUMAN,/core/www/modules//consensus/?run_id=110202&search_id=114132&scans_id=110198&peptide_id=19706&scanf=27953&charge=2&value=sp|Q13813|SPTN1_HUMAN,2,/core/www/modules/match_peptides/blast_html4.php?run_id=110202&search_id=114132&scans_id=110198&peptide_id=19706&scanf=27953&charge=2&value=2,R.DVDETISWIK.E,/core/www/modules/show_out/show_out_wrapper.php?run_id=110202&search_id=114132&scans_id=110198&peptide_id=19706&scanf=27953&charge=2&value=R.DVDETISWIK.E,SPTAN1,5.231e+6,2.193,0.058,1.235,0.002
27954,2,"  1.263","  0.347",10/18,/core/www/modules//sdig/index.php?run_id=110202&search_id=114132&scans_id=110198&peptide_id=19707&scanf=27954&charge=2&value=10/18,sp|P46459|NSF_HUMAN,/core/www/modules//consensus/?run_id=110202&search_id=114132&scans_id=110198&peptide_id=19707&scanf=27954&charge=2&value=sp|P46459|NSF_HUMAN,3,/core/www/modules/match_peptides/blast_html4.php?run_id=110202&search_id=114132&scans_id=110198&peptide_id=19707&scanf=27954&charge=2&value=3,R.LLDYVPIGPR.F,/core/www/modules/show_out/show_out_wrapper.php?run_id=110202&search_id=114132&scans_id=110198&peptide_id=19707&scanf=27954&charge=2&value=R.LLDYVPIGPR.F,NSF,3.660e+7,2.321,0.038,1.416,0.001
27955,3,"  5.158","  0.611",21/76,/core/www/modules//sdig/index.php?run_id=110202&search_id=114132&scans_id=110198&peptide_id=19708&scanf=27955&charge=3&value=21/76,sp|P35606|COPB2_HUMAN,/core/www/modules//consensus/?run_id=110202&search_id=114132&scans_id=110198&peptide_id=19708&scanf=27955&charge=3&value=sp|P35606|COPB2_HUMAN,3,/core/www/modules/match_peptides/blast_html4.php?run_id=110202&search_id=114132&scans_id=110198&peptide_id=19708&scanf=27955&charge=3&value=3,K.SFGSAQEFAWAHDSSEYAIR.E,/core/www/modules/show_out/show_out_wrapper.php?run_id=110202&search_id=114132&scans_id=110198&peptide_id=19708&scanf=27955&charge=3&value=K.SFGSAQEFAWAHDSSEYAIR.E,COPB2,3.305e+6,3.436,0.001,3.053,0.000
27958,2,"  2.865","  0.489",11/22,/core/www/modules//sdig/index.php?run_id=110202&search_id=114132&scans_id=110198&peptide_id=19711&scanf=27958&charge=2&value=11/22,sp|Q8WWQ0|PHIP_HUMAN,/core/www/modules//consensus/?run_id=110202&search_id=114132&scans_id=110198&peptide_id=19711&scanf=27958&charge=2&value=sp|Q8WWQ0|PHIP_HUMAN,4,/core/www/modules/match_peptides/blast_html4.php?run_id=110202&search_id=114132&scans_id=110198&peptide_id=19711&scanf=27958&charge=2&value=4,R.QPVDLLEYPDYR.D,/core/www/modules/show_out/show_out_wrapper.php?run_id=110202&search_id=114132&scans_id=110198&peptide_id=19711&scanf=27958&charge=2&value=R.QPVDLLEYPDYR.D,PHIP,2.469e+6,2.974,0.004,2.369,0.000
27959,2,"  3.301","  0.568",12/20,/core/www/modules//sdig/index.php?run_id=110202&search_id=114132&scans_id=110198&peptide_id=19712&scanf=27959&charge=2&value=12/20,sp|O43143|DHX15_HUMAN,/core/www/modules//consensus/?run_id=110202&search_id=114132&scans_id=110198&peptide_id=19712&scanf=27959&charge=2&value=sp|O43143|DHX15_HUMAN,0,/core/www/modules/match_peptides/blast_html4.php?run_id=110202&search_id=114132&scans_id=110198&peptide_id=19712&scanf=27959&charge=2&value=0,R.SNLGSVVLQLK.K,/core/www/modules/show_out/show_out_wrapper.php?run_id=110202&search_id=114132&scans_id=110198&peptide_id=19712&scanf=27959&charge=2&value=R.SNLGSVVLQLK.K,DHX15,5.153e+7,3.625,0.000,3.333,0.000
27960,2,"  4.290","  0.656",14/32,/core/www/modules//sdig/index.php?run_id=110202&search_id=114132&scans_id=110198&peptide_id=19714&scanf=27960&charge=2&value=14/32,sp|Q16543|CDC37_HUMAN,/core/www/modules//consensus/?run_id=110202&search_id=114132&scans_id=110198&peptide_id=19714&scanf=27960&charge=2&value=sp|Q16543|CDC37_HUMAN,1,/core/www/modules/match_peptides/blast_html4.php?run_id=110202&search_id=114132&scans_id=110198&peptide_id=19714&scanf=27960&charge=2&value=1,K.EGEEAGPGDPLLEAVPK.T,/core/www/modules/show_out/show_out_wrapper.php?run_id=110202&search_id=114132&scans_id=110198&peptide_id=19714&scanf=27960&charge=2&value=K.EGEEAGPGDPLLEAVPK.T,CDC37,5.630e+6,3.038,0.003,2.464,0.000
27961,2,"  4.826","  0.733",21/32,/core/www/modules//sdig/index.php?run_id=110202&search_id=114132&scans_id=110198&peptide_id=19715&scanf=27961&charge=2&value=21/32,sp|P07355|ANXA2_HUMAN,/core/www/modules//consensus/?run_id=110202&search_id=114132&scans_id=110198&peptide_id=19715&scanf=27961&charge=2&value=sp|P07355|ANXA2_HUMAN,9,/core/www/modules/match_peptides/blast_html4.php?run_id=110202&search_id=114132&scans_id=110198&peptide_id=19715&scanf=27961&charge=2&value=9,R.AEDGSVIDYELIDQDAR.D,/core/www/modules/show_out/show_out_wrapper.php?run_id=110202&search_id=114132&scans_id=110198&peptide_id=19715&scanf=27961&charge=2&value=R.AEDGSVIDYELIDQDAR.D,ANXA2,4.652e+6,3.929,0.000,3.785,0.000
27962,3,"  6.194","  0.704",27/92,/core/www/modules//sdig/index.php?run_id=110202&search_id=114132&scans_id=110198&peptide_id=19716&scanf=27962&charge=3&value=27/92,sp|Q9BQE9|BCL7B_HUMAN,/core/www/modules//consensus/?run_id=110202&search_id=114132&scans_id=110198&peptide_id=19716&scanf=27962&charge=3&value=sp|Q9BQE9|BCL7B_HUMAN,1,/core/www/modules/match_peptides/blast_html4.php?run_id=110202&search_id=114132&scans_id=110198&peptide_id=19716&scanf=27962&charge=3&value=1,K.EEPVPLETQVVEEEEDSGAPPLKR.F,/core/www/modules/show_out/show_out_wrapper.php?run_id=110202&search_id=114132&scans_id=110198&peptide_id=19716&scanf=27962&charge=3&value=K.EEPVPLETQVVEEEEDSGAPPLKR.F,BCL7B,7.187e+6,3.344,0.001,2.916,0.000
27964,2,"  2.292","  0.487",11/18,/core/www/modules//sdig/index.php?run_id=110202&search_id=114132&scans_id=110198&peptide_id=19718&scanf=27964&charge=2&value=11/18,sp|Q9BYT8|NEUL_HUMAN,/core/www/modules//consensus/?run_id=110202&search_id=114132&scans_id=110198&peptide_id=19718&scanf=27964&charge=2&value=sp|Q9BYT8|NEUL_HUMAN,3,/core/www/modules/match_peptides/blast_html4.php?run_id=110202&search_id=114132&scans_id=110198&peptide_id=19718&scanf=27964&charge=2&value=3,R.LVNTGLLTLR.Q,/core/www/modules/show_out/show_out_wrapper.php?run_id=110202&search_id=114132&scans_id=110198&peptide_id=19718&scanf=27964&charge=2&value=R.LVNTGLLTLR.Q,NLN,2.656e+6,3.159,0.002,2.644,0.000
27966,2,"  2.720","  0.567",11/18,/core/www/modules//sdig/index.php?run_id=110202&search_id=114132&scans_id=110198&peptide_id=19720&scanf=27966&charge=2&value=11/18,sp|P14868|SYDC_HUMAN,/core/www/modules//consensus/?run_id=110202&search_id=114132&scans_id=110198&peptide_id=19720&scanf=27966&charge=2&value=sp|P14868|SYDC_HUMAN,3,/core/www/modules/match_peptides/blast_html4.php?run_id=110202&search_id=114132&scans_id=110198&peptide_id=19720&scanf=27966&charge=2&value=3,K.IYVISLAEPR.L,/core/www/modules/show_out/show_out_wrapper.php?run_id=110202&search_id=114132&scans_id=110198&peptide_id=19720&scanf=27966&charge=2&value=K.IYVISLAEPR.L,DARS1,2.035e+7,3.510,0.001,3.163,0.000
27969,2,"  1.658","  0.226",6/12,/core/www/modules//sdig/index.php?run_id=110202&search_id=114132&scans_id=110198&peptide_id=19723&scanf=27969&charge=2&value=6/12,sp|P60709|ACTB_HUMAN,/core/www/modules//consensus/?run_id=110202&search_id=114132&scans_id=110198&peptide_id=19723&scanf=27969&charge=2&value=sp|P60709|ACTB_HUMAN,11,/core/www/modules/match_peptides/blast_html4.php?run_id=110202&search_id=114132&scans_id=110198&peptide_id=19723&scanf=27969&charge=2&value=11,K.IIAPPER.K,/core/www/modules/show_out/show_out_wrapper.php?run_id=110202&search_id=114132&scans_id=110198&peptide_id=19723&scanf=27969&charge=2&value=K.IIAPPER.K,ACTB,1.443e+6,2.820,0.007,2.142,0.000
27972,2,"  3.513","  0.544",13/22,/core/www/modules//sdig/index.php?run_id=110202&search_id=114132&scans_id=110198&peptide_id=19726&scanf=27972&charge=2&value=13/22,sp|O00159|MYO1C_HUMAN,/core/www/modules//consensus/?run_id=110202&search_id=114132&scans_id=110198&peptide_id=19726&scanf=27972&charge=2&value=sp|O00159|MYO1C_HUMAN,1,/core/www/modules/match_peptides/blast_html4.php?run_id=110202&search_id=114132&scans_id=110198&peptide_id=19726&scanf=27972&charge=2&value=1,K.TLFATEDALEVR.R,/core/www/modules/show_out/show_out_wrapper.php?run_id=110202&search_id=114132&scans_id=110198&peptide_id=19726&scanf=27972&charge=2&value=K.TLFATEDALEVR.R,MYO1C,1.693e+7,3.436,0.001,3.053,0.000
27973,2,"  2.009","  0.371",8/14,/core/www/modules//sdig/index.php?run_id=110202&search_id=114132&scans_id=110198&peptide_id=19727&scanf=27973&charge=2&value=8/14,sp|P19367|HXK1_HUMAN,/core/www/modules//consensus/?run_id=110202&search_id=114132&scans_id=110198&peptide_id=19727&scanf=27973&charge=2&value=sp|P19367|HXK1_HUMAN,2,/core/www/modules/match_peptides/blast_html4.php?run_id=110202&search_id=114132&scans_id=110198&peptide_id=19727&scanf=27973&charge=2&value=2,R.NILIDFTK.K,/core/www/modules/show_out/show_out_wrapper.php?run_id=110202&search_id=114132&scans_id=110198&peptide_id=19727&scanf=27973&charge=2&value=R.NILIDFTK.K,HK1,1.376e+7,2.874,0.006,2.223,0.000
27974,2,"  3.757","  0.505",14/24,/core/www/modules//sdig/index.php?run_id=110202&search_id=114132&scans_id=110198&peptide_id=19728&scanf=27974&charge=2&value=14/24,sp|Q14008|CKAP5_HUMAN,/core/www/modules//consensus/?run_id=110202&search_id=114132&scans_id=110198&peptide_id=19728&scanf=27974&charge=2&value=sp|Q14008|CKAP5_HUMAN,0,/core/www/modules/match_peptides/blast_html4.php?run_id=110202&search_id=114132&scans_id=110198&peptide_id=19728&scanf=27974&charge=2&value=0,K.TSAQVVLDGLVDK.I,/core/www/modules/show_out/show_out_wrapper.php?run_id=110202&search_id=114132&scans_id=110198&peptide_id=19728&scanf=27974&charge=2&value=K.TSAQVVLDGLVDK.I,CKAP5,5.410e+6,3.278,0.002,2.819,0.000
27975,2,"  2.595","  0.395",12/18,/core/www/modules//sdig/index.php?run_id=110202&search_id=114132&scans_id=110198&peptide_id=19729&scanf=27975&charge=2&value=12/18,sp|P27824|CALX_HUMAN,/core/www/modules//consensus/?run_id=110202&search_id=114132&scans_id=110198&peptide_id=19729&scanf=27975&charge=2&value=sp|P27824|CALX_HUMAN,14,/core/www/modules/match_peptides/blast_html4.php?run_id=110202&search_id=114132&scans_id=110198&peptide_id=19729&scanf=27975&charge=2&value=14,R.GTLSGWILSK.A,/core/www/modules/show_out/show_out_wrapper.php?run_id=110202&search_id=114132&scans_id=110198&peptide_id=19729&scanf=27975&charge=2&value=R.GTLSGWILSK.A,CANX,8.606e+6,3.037,0.003,2.463,0.000
27976,3,"  2.462","  0.302",14/44,/core/www/modules//sdig/index.php?run_id=110202&search_id=114132&scans_id=110198&peptide_id=19730&scanf=27976&charge=3&value=14/44,sp|P29375|KDM5A_HUMAN,/core/www/modules//consensus/?run_id=110202&search_id=114132&scans_id=110198&peptide_id=19730&scanf=27976&charge=3&value=sp|P29375|KDM5A_HUMAN,1,/core/www/modules/match_peptides/blast_html4.php?run_id=110202&search_id=114132&scans_id=110198&peptide_id=19730&scanf=27976&charge=3&value=1,K.NLLDDVEEFHER.A,/core/www/modules/show_out/show_out_wrapper.php?run_id=110202&search_id=114132&scans_id=110198&peptide_id=19730&scanf=27976&charge=3&value=K.NLLDDVEEFHER.A,KDM5A,5.001e+6,2.563,0.017,1.765,0.000
27977,3,"  2.894","  0.397",10/52,/core/www/modules//sdig/index.php?run_id=110202&search_id=114132&scans_id=110198&peptide_id=19731&scanf=27977&charge=3&value=10/52,sp|P78527|PRKDC_HUMAN,/core/www/modules//consensus/?run_id=110202&search_id=114132&scans_id=110198&peptide_id=19731&scanf=27977&charge=3&value=sp|P78527|PRKDC_HUMAN,0,/core/www/modules/match_peptides/blast_html4.php?run_id=110202&search_id=114132&scans_id=110198&peptide_id=19731&scanf=27977&charge=3&value=0,K.LVINTEEVFRPYAK.H,/core/www/modules/show_out/show_out_wrapper.php?run_id=110202&search_id=114132&scans_id=110198&peptide_id=19731&scanf=27977&charge=3&value=K.LVINTEEVFRPYAK.H,PRKDC,5.866e+7,3.487,0.001,3.128,0.000
27980,2,"  2.299","  0.345",9/18,/core/www/modules//sdig/index.php?run_id=110202&search_id=114132&scans_id=110198&peptide_id=19735&scanf=27980&charge=2&value=9/18,sp|Q6YP21|KAT3_HUMAN,/core/www/modules//consensus/?run_id=110202&search_id=114132&scans_id=110198&peptide_id=19735&scanf=27980&charge=2&value=sp|Q6YP21|KAT3_HUMAN,0,/core/www/modules/match_peptides/blast_html4.php?run_id=110202&search_id=114132&scans_id=110198&peptide_id=19735&scanf=27980&charge=2&value=0,K.IATFPGMWER.T,/core/www/modules/show_out/show_out_wrapper.php?run_id=110202&search_id=114132&scans_id=110198&peptide_id=19735&scanf=27980&charge=2&value=K.IATFPGMWER.T,KYAT3,2.943e+6,2.364,0.033,1.478,0.001
27988,3,"  2.997","  0.341",9/52,/core/www/modules//sdig/index.php?run_id=110202&search_id=114132&scans_id=110198&peptide_id=19743&scanf=27988&charge=3&value=9/52,sp|Q8IWJ2|GCC2_HUMAN,/core/www/modules//consensus/?run_id=110202&search_id=114132&scans_id=110198&peptide_id=19743&scanf=27988&charge=3&value=sp|Q8IWJ2|GCC2_HUMAN,5,/core/www/modules/match_peptides/blast_html4.php?run_id=110202&search_id=114132&scans_id=110198&peptide_id=19743&scanf=27988&charge=3&value=5,K.IRPGFEEQILYLQK.Q,/core/www/modules/show_out/show_out_wrapper.php?run_id=110202&search_id=114132&scans_id=110198&peptide_id=19743&scanf=27988&charge=3&value=K.IRPGFEEQILYLQK.Q,GCC2,2.126e+6,2.329,0.037,1.428,0.001
27993,2,"  3.182","  0.634",13/24,/core/www/modules//sdig/index.php?run_id=110202&search_id=114132&scans_id=110198&peptide_id=19748&scanf=27993&charge=2&value=13/24,sp|Q15717|ELAV1_HUMAN,/core/www/modules//consensus/?run_id=110202&search_id=114132&scans_id=110198&peptide_id=19748&scanf=27993&charge=2&value=sp|Q15717|ELAV1_HUMAN,1,/core/www/modules/match_peptides/blast_html4.php?run_id=110202&search_id=114132&scans_id=110198&peptide_id=19748&scanf=27993&charge=2&value=1,R.SLFSSIGEVESAK.L,/core/www/modules/show_out/show_out_wrapper.php?run_id=110202&search_id=114132&scans_id=110198&peptide_id=19748&scanf=27993&charge=2&value=R.SLFSSIGEVESAK.L,ELAVL1,1.257e+8,3.637,0.000,3.351,0.000
27994,2,"  2.623","  0.454",11/16,/core/www/modules//sdig/index.php?run_id=110202&search_id=114132&scans_id=110198&peptide_id=19749&scanf=27994&charge=2&value=11/16,sp|Q15020|SART3_HUMAN,/core/www/modules//consensus/?run_id=110202&search_id=114132&scans_id=110198&peptide_id=19749&scanf=27994&charge=2&value=sp|Q15020|SART3_HUMAN,5,/core/www/modules/match_peptides/blast_html4.php?run_id=110202&search_id=114132&scans_id=110198&peptide_id=19749&scanf=27994&charge=2&value=5,K.GLALWEAYR.E,/core/www/modules/show_out/show_out_wrapper.php?run_id=110202&search_id=114132&scans_id=110198&peptide_id=19749&scanf=27994&charge=2&value=K.GLALWEAYR.E,SART3,1.068e+7,3.273,0.002,2.812,0.000
27996,2,"  2.008","  0.128",10/16,/core/www/modules//sdig/index.php?run_id=110202&search_id=114132&scans_id=110198&peptide_id=19751&scanf=27996&charge=2&value=10/16,sp|Q9Y5B9|SP16H_HUMAN,/core/www/modules//consensus/?run_id=110202&search_id=114132&scans_id=110198&peptide_id=19751&scanf=27996&charge=2&value=sp|Q9Y5B9|SP16H_HUMAN,0,/core/www/modules/match_peptides/blast_html4.php?run_id=110202&search_id=114132&scans_id=110198&peptide_id=19751&scanf=27996&charge=2&value=0,K.NFDMVIVYK.D,/core/www/modules/show_out/show_out_wrapper.php?run_id=110202&search_id=114132&scans_id=110198&peptide_id=19751&scanf=27996&charge=2&value=K.NFDMVIVYK.D,SUPT16H,7.509e+7,2.199,0.057,1.244,0.002
27997,4,"  4.406","  0.485",20/96,/core/www/modules//sdig/index.php?run_id=110202&search_id=114132&scans_id=110198&peptide_id=19752&scanf=27997&charge=4&value=20/96,sp|P55786|PSA_HUMAN,/core/www/modules//consensus/?run_id=110202&search_id=114132&scans_id=110198&peptide_id=19752&scanf=27997&charge=4&value=sp|P55786|PSA_HUMAN,3,/core/www/modules/match_peptides/blast_html4.php?run_id=110202&search_id=114132&scans_id=110198&peptide_id=19752&scanf=27997&charge=4&value=3,R.LGWDPKPGEGHLDALLR.G,/core/www/modules/show_out/show_out_wrapper.php?run_id=110202&search_id=114132&scans_id=110198&peptide_id=19752&scanf=27997&charge=4&value=R.LGWDPKPGEGHLDALLR.G,NPEPPS,7.355e+6,3.486,0.001,3.127,0.000
28002,3,"  5.115","  0.695",26/92,/core/www/modules//sdig/index.php?run_id=110202&search_id=114132&scans_id=110198&peptide_id=19758&scanf=28002&charge=3&value=26/92,sp|Q9BQE9|BCL7B_HUMAN,/core/www/modules//consensus/?run_id=110202&search_id=114132&scans_id=110198&peptide_id=19758&scanf=28002&charge=3&value=sp|Q9BQE9|BCL7B_HUMAN,1,/core/www/modules/match_peptides/blast_html4.php?run_id=110202&search_id=114132&scans_id=110198&peptide_id=19758&scanf=28002&charge=3&value=1,K.EEPVPLETQVVEEEEDSGAPPLKR.F,/core/www/modules/show_out/show_out_wrapper.php?run_id=110202&search_id=114132&scans_id=110198&peptide_id=19758&scanf=28002&charge=3&value=K.EEPVPLETQVVEEEEDSGAPPLKR.F,BCL7B,7.187e+6,3.219,0.002,2.731,0.000
28003,2,"  2.028","  0.579",12/26,/core/www/modules//sdig/index.php?run_id=110202&search_id=114132&scans_id=110198&peptide_id=19759&scanf=28003&charge=2&value=12/26,sp|Q16822|PCKGM_HUMAN,/core/www/modules//consensus/?run_id=110202&search_id=114132&scans_id=110198&peptide_id=19759&scanf=28003&charge=2&value=sp|Q16822|PCKGM_HUMAN,1,/core/www/modules/match_peptides/blast_html4.php?run_id=110202&search_id=114132&scans_id=110198&peptide_id=19759&scanf=28003&charge=2&value=1,R.VLSGDLGQLPTGIR.D,/core/www/modules/show_out/show_out_wrapper.php?run_id=110202&search_id=114132&scans_id=110198&peptide_id=19759&scanf=28003&charge=2&value=R.VLSGDLGQLPTGIR.D,PCK2,1.108e+7,3.151,0.002,2.631,0.000
28004,3,"  1.695","  0.158",10/36,/core/www/modules//sdig/index.php?run_id=110202&search_id=114132&scans_id=110198&peptide_id=19760&scanf=28004&charge=3&value=10/36,sp|Q9BZZ5|API5_HUMAN,/core/www/modules//consensus/?run_id=110202&search_id=114132&scans_id=110198&peptide_id=19760&scanf=28004&charge=3&value=sp|Q9BZZ5|API5_HUMAN,1,/core/www/modules/match_peptides/blast_html4.php?run_id=110202&search_id=114132&scans_id=110198&peptide_id=19760&scanf=28004&charge=3&value=1,K.DLFHIPPSYK.S,/core/www/modules/show_out/show_out_wrapper.php?run_id=110202&search_id=114132&scans_id=110198&peptide_id=19760&scanf=28004&charge=3&value=K.DLFHIPPSYK.S,API5,8.659e+6,2.106,0.077,1.115,0.003
28005,2,"  2.164","  0.383",11/20,/core/www/modules//sdig/index.php?run_id=110202&search_id=114132&scans_id=110198&peptide_id=19761&scanf=28005&charge=2&value=11/20,sp|Q9NU22|MDN1_HUMAN,/core/www/modules//consensus/?run_id=110202&search_id=114132&scans_id=110198&peptide_id=19761&scanf=28005&charge=2&value=sp|Q9NU22|MDN1_HUMAN,0,/core/www/modules/match_peptides/blast_html4.php?run_id=110202&search_id=114132&scans_id=110198&peptide_id=19761&scanf=28005&charge=2&value=0,K.IFNSDELIHFR.L,/core/www/modules/show_out/show_out_wrapper.php?run_id=110202&search_id=114132&scans_id=110198&peptide_id=19761&scanf=28005&charge=2&value=K.IFNSDELIHFR.L,MDN1,3.123e+6,3.015,0.004,2.431,0.000
28006,2,"  1.691","  0.276",9/22,/core/www/modules//sdig/index.php?run_id=110202&search_id=114132&scans_id=110198&peptide_id=19762&scanf=28006&charge=2&value=9/22,sp|O14979|HNRDL_HUMAN,/core/www/modules//consensus/?run_id=110202&search_id=114132&scans_id=110198&peptide_id=19762&scanf=28006&charge=2&value=sp|O14979|HNRDL_HUMAN,1,/core/www/modules/match_peptides/blast_html4.php?run_id=110202&search_id=114132&scans_id=110198&peptide_id=19762&scanf=28006&charge=2&value=1,K.M*FIGGLSWDTSK.K,/core/www/modules/show_out/show_out_wrapper.php?run_id=110202&search_id=114132&scans_id=110198&peptide_id=19762&scanf=28006&charge=2&value=K.M*FIGGLSWDTSK.K,HNRNPDL,3.063e+6,2.140,0.069,1.162,0.002
28008,3,"  5.706","  0.777",30/120,/core/www/modules//sdig/index.php?run_id=110202&search_id=114132&scans_id=110198&peptide_id=19764&scanf=28008&charge=3&value=30/120,sp|P51531|SMCA2_HUMAN,/core/www/modules//consensus/?run_id=110202&search_id=114132&scans_id=110198&peptide_id=19764&scanf=28008&charge=3&value=sp|P51531|SMCA2_HUMAN,2,/core/www/modules/match_peptides/blast_html4.php?run_id=110202&search_id=114132&scans_id=110198&peptide_id=19764&scanf=28008&charge=3&value=2,K.AEENAEGGESALGPDGEPIDESSQMSDLPVK.V,/core/www/modules/show_out/show_out_wrapper.php?run_id=110202&search_id=114132&scans_id=110198&peptide_id=19764&scanf=28008&charge=3&value=K.AEENAEGGESALGPDGEPIDESSQMSDLPVK.V,SMARCA2,4.965e+6,3.850,0.000,3.668,0.000
28012,2,"  1.971","  0.348",6/18,/core/www/modules//sdig/index.php?run_id=110202&search_id=114132&scans_id=110198&peptide_id=19769&scanf=28012&charge=2&value=6/18,sp|Q96DI7|SNR40_HUMAN,/core/www/modules//consensus/?run_id=110202&search_id=114132&scans_id=110198&peptide_id=19769&scanf=28012&charge=2&value=sp|Q96DI7|SNR40_HUMAN,0,/core/www/modules/match_peptides/blast_html4.php?run_id=110202&search_id=114132&scans_id=110198&peptide_id=19769&scanf=28012&charge=2&value=0,K.GPELPLVPVK.R,/core/www/modules/show_out/show_out_wrapper.php?run_id=110202&search_id=114132&scans_id=110198&peptide_id=19769&scanf=28012&charge=2&value=K.GPELPLVPVK.R,SNRNP40,1.860e+6,2.317,0.039,1.411,0.001
28014,3,"  4.872","  0.652",22/56,/core/www/modules//sdig/index.php?run_id=110202&search_id=114132&scans_id=110198&peptide_id=19770&scanf=28014&charge=3&value=22/56,sp|Q9ULX6|AKP8L_HUMAN,/core/www/modules//consensus/?run_id=110202&search_id=114132&scans_id=110198&peptide_id=19770&scanf=28014&charge=3&value=sp|Q9ULX6|AKP8L_HUMAN,1,/core/www/modules/match_peptides/blast_html4.php?run_id=110202&search_id=114132&scans_id=110198&peptide_id=19770&scanf=28014&charge=3&value=1,R.DQDLTQEIAMEHFVK.K,/core/www/modules/show_out/show_out_wrapper.php?run_id=110202&search_id=114132&scans_id=110198&peptide_id=19770&scanf=28014&charge=3&value=R.DQDLTQEIAMEHFVK.K,AKAP8L,1.875e+7,3.875,0.000,3.705,0.000
28015,2,"  2.887","  0.568",13/24,/core/www/modules//sdig/index.php?run_id=110202&search_id=114132&scans_id=110198&peptide_id=19771&scanf=28015&charge=2&value=13/24,sp|Q14331|FRG1_HUMAN,/core/www/modules//consensus/?run_id=110202&search_id=114132&scans_id=110198&peptide_id=19771&scanf=28015&charge=2&value=sp|Q14331|FRG1_HUMAN,1,/core/www/modules/match_peptides/blast_html4.php?run_id=110202&search_id=114132&scans_id=110198&peptide_id=19771&scanf=28015&charge=2&value=1,K.YLGINSDGLVVGR.S,/core/www/modules/show_out/show_out_wrapper.php?run_id=110202&search_id=114132&scans_id=110198&peptide_id=19771&scanf=28015&charge=2&value=K.YLGINSDGLVVGR.S,FRG1,5.072e+6,3.236,0.002,2.757,0.000
28016,2,"  2.910","  0.489",7/20,/core/www/modules//sdig/index.php?run_id=110202&search_id=114132&scans_id=110198&peptide_id=19772&scanf=28016&charge=2&value=7/20,sp|Q07955|SRSF1_HUMAN,/core/www/modules//consensus/?run_id=110202&search_id=114132&scans_id=110198&peptide_id=19772&scanf=28016&charge=2&value=sp|Q07955|SRSF1_HUMAN,3,/core/www/modules/match_peptides/blast_html4.php?run_id=110202&search_id=114132&scans_id=110198&peptide_id=19772&scanf=28016&charge=2&value=3,R.IYVGNLPPDIR.T,/core/www/modules/show_out/show_out_wrapper.php?run_id=110202&search_id=114132&scans_id=110198&peptide_id=19772&scanf=28016&charge=2&value=R.IYVGNLPPDIR.T,SRSF1,3.074e+8,2.830,0.007,2.158,0.000
28019,2,"  4.390","  0.174",19/24,/core/www/modules//sdig/index.php?run_id=110202&search_id=114132&scans_id=110198&peptide_id=19775&scanf=28019&charge=2&value=19/24,sp|P62805|H4_HUMAN,/core/www/modules//consensus/?run_id=110202&search_id=114132&scans_id=110198&peptide_id=19775&scanf=28019&charge=2&value=sp|P62805|H4_HUMAN,0,/core/www/modules/match_peptides/blast_html4.php?run_id=110202&search_id=114132&scans_id=110198&peptide_id=19775&scanf=28019&charge=2&value=0,R.KTVTAMDVVYALK.R,/core/www/modules/show_out/show_out_wrapper.php?run_id=110202&search_id=114132&scans_id=110198&peptide_id=19775&scanf=28019&charge=2&value=R.KTVTAMDVVYALK.R,H4C16,2.900e+7,2.327,0.038,1.424,0.001
28022,2,"  1.629","  0.298",8/18,/core/www/modules//sdig/index.php?run_id=110202&search_id=114132&scans_id=110198&peptide_id=19779&scanf=28022&charge=2&value=8/18,sp|Q8TAE8|G45IP_HUMAN,/core/www/modules//consensus/?run_id=110202&search_id=114132&scans_id=110198&peptide_id=19779&scanf=28022&charge=2&value=sp|Q8TAE8|G45IP_HUMAN,0,/core/www/modules/match_peptides/blast_html4.php?run_id=110202&search_id=114132&scans_id=110198&peptide_id=19779&scanf=28022&charge=2&value=0,R.FQELLQDLEK.K,/core/www/modules/show_out/show_out_wrapper.php?run_id=110202&search_id=114132&scans_id=110198&peptide_id=19779&scanf=28022&charge=2&value=R.FQELLQDLEK.K,GADD45GIP1,7.691e+6,2.309,0.040,1.400,0.001
28024,2,"  1.939","  0.141",8/12,/core/www/modules//sdig/index.php?run_id=110202&search_id=114132&scans_id=110198&peptide_id=19781&scanf=28024&charge=2&value=8/12,sp|O60716|CTND1_HUMAN,/core/www/modules//consensus/?run_id=110202&search_id=114132&scans_id=110198&peptide_id=19781&scanf=28024&charge=2&value=sp|O60716|CTND1_HUMAN,7,/core/www/modules/match_peptides/blast_html4.php?run_id=110202&search_id=114132&scans_id=110198&peptide_id=19781&scanf=28024&charge=2&value=7,R.IYISLLK.E,/core/www/modules/show_out/show_out_wrapper.php?run_id=110202&search_id=114132&scans_id=110198&peptide_id=19781&scanf=28024&charge=2&value=R.IYISLLK.E,CTNND1,4.646e+6,2.276,0.044,1.352,0.002
28027,3,"  5.095","  0.616",22/80,/core/www/modules//sdig/index.php?run_id=110202&search_id=114132&scans_id=110198&peptide_id=19784&scanf=28027&charge=3&value=22/80,sp|O14497|ARI1A_HUMAN,/core/www/modules//consensus/?run_id=110202&search_id=114132&scans_id=110198&peptide_id=19784&scanf=28027&charge=3&value=sp|O14497|ARI1A_HUMAN,3,/core/www/modules/match_peptides/blast_html4.php?run_id=110202&search_id=114132&scans_id=110198&peptide_id=19784&scanf=28027&charge=3&value=3,K.AGPPVPASHIAPAPVQPPMIR.R,/core/www/modules/show_out/show_out_wrapper.php?run_id=110202&search_id=114132&scans_id=110198&peptide_id=19784&scanf=28027&charge=3&value=K.AGPPVPASHIAPAPVQPPMIR.R,ARID1A,3.615e+7,3.425,0.001,3.036,0.000
28028,3,"  2.112","  0.252",10/32,/core/www/modules//sdig/index.php?run_id=110202&search_id=114132&scans_id=110198&peptide_id=19785&scanf=28028&charge=3&value=10/32,sp|P46939|UTRN_HUMAN,/core/www/modules//consensus/?run_id=110202&search_id=114132&scans_id=110198&peptide_id=19785&scanf=28028&charge=3&value=sp|P46939|UTRN_HUMAN,0,/core/www/modules/match_peptides/blast_html4.php?run_id=110202&search_id=114132&scans_id=110198&peptide_id=19785&scanf=28028&charge=3&value=0,R.LQLLLLHTR.Y,/core/www/modules/show_out/show_out_wrapper.php?run_id=110202&search_id=114132&scans_id=110198&peptide_id=19785&scanf=28028&charge=3&value=R.LQLLLLHTR.Y,UTRN,2.120e+6,2.580,0.016,1.790,0.000
28030,3,"  4.180","  0.458",13/56,/core/www/modules//sdig/index.php?run_id=110202&search_id=114132&scans_id=110198&peptide_id=19788&scanf=28030&charge=3&value=13/56,sp|P26640|SYVC_HUMAN,/core/www/modules//consensus/?run_id=110202&search_id=114132&scans_id=110198&peptide_id=19788&scanf=28030&charge=3&value=sp|P26640|SYVC_HUMAN,1,/core/www/modules/match_peptides/blast_html4.php?run_id=110202&search_id=114132&scans_id=110198&peptide_id=19788&scanf=28030&charge=3&value=1,R.IETMLGDVAVAVHPK.D,/core/www/modules/show_out/show_out_wrapper.php?run_id=110202&search_id=114132&scans_id=110198&peptide_id=19788&scanf=28030&charge=3&value=R.IETMLGDVAVAVHPK.D,VARS1,8.099e+6,2.959,0.004,2.348,0.000
28035,2,"  3.995","  0.768",20/30,/core/www/modules//sdig/index.php?run_id=110202&search_id=114132&scans_id=110198&peptide_id=19792&scanf=28035&charge=2&value=20/30,sp|P60709|ACTB_HUMAN,/core/www/modules//consensus/?run_id=110202&search_id=114132&scans_id=110198&peptide_id=19792&scanf=28035&charge=2&value=sp|P60709|ACTB_HUMAN,17,/core/www/modules/match_peptides/blast_html4.php?run_id=110202&search_id=114132&scans_id=110198&peptide_id=19792&scanf=28035&charge=2&value=17,K.SYELPDGQVITIGNER.F,/core/www/modules/show_out/show_out_wrapper.php?run_id=110202&search_id=114132&scans_id=110198&peptide_id=19792&scanf=28035&charge=2&value=K.SYELPDGQVITIGNER.F,ACTB,4.987e+7,4.672,0.000,4.886,0.000
28040,2,"  1.784","  0.176",7/14,/core/www/modules//sdig/index.php?run_id=110202&search_id=114132&scans_id=110198&peptide_id=19797&scanf=28040&charge=2&value=7/14,sp|Q9Y580|RBM7_HUMAN,/core/www/modules//consensus/?run_id=110202&search_id=114132&scans_id=110198&peptide_id=19797&scanf=28040&charge=2&value=sp|Q9Y580|RBM7_HUMAN,5,/core/www/modules/match_peptides/blast_html4.php?run_id=110202&search_id=114132&scans_id=110198&peptide_id=19797&scanf=28040&charge=2&value=5,K.QFAFVNFK.H,/core/www/modules/show_out/show_out_wrapper.php?run_id=110202&search_id=114132&scans_id=110198&peptide_id=19797&scanf=28040&charge=2&value=K.QFAFVNFK.H,RBM7,4.619e+6,2.036,0.095,1.021,0.005
28043,3,"  2.837","  0.540",15/72,/core/www/modules//sdig/index.php?run_id=110202&search_id=114132&scans_id=110198&peptide_id=19800&scanf=28043&charge=3&value=15/72,sp|A6NHR9|SMHD1_HUMAN,/core/www/modules//consensus/?run_id=110202&search_id=114132&scans_id=110198&peptide_id=19800&scanf=28043&charge=3&value=sp|A6NHR9|SMHD1_HUMAN,1,/core/www/modules/match_peptides/blast_html4.php?run_id=110202&search_id=114132&scans_id=110198&peptide_id=19800&scanf=28043&charge=3&value=1,K.LLFDETQGKPAVAVIDNGR.G,/core/www/modules/show_out/show_out_wrapper.php?run_id=110202&search_id=114132&scans_id=110198&peptide_id=19800&scanf=28043&charge=3&value=K.LLFDETQGKPAVAVIDNGR.G,SMCHD1,8.863e+6,3.224,0.002,2.740,0.000
28045,2,"  3.262","  0.561",12/20,/core/www/modules//sdig/index.php?run_id=110202&search_id=114132&scans_id=110198&peptide_id=19802&scanf=28045&charge=2&value=12/20,sp|Q99798|ACON_HUMAN,/core/www/modules//consensus/?run_id=110202&search_id=114132&scans_id=110198&peptide_id=19802&scanf=28045&charge=2&value=sp|Q99798|ACON_HUMAN,8,/core/www/modules/match_peptides/blast_html4.php?run_id=110202&search_id=114132&scans_id=110198&peptide_id=19802&scanf=28045&charge=2&value=8,R.EDIANLADEFK.D,/core/www/modules/show_out/show_out_wrapper.php?run_id=110202&search_id=114132&scans_id=110198&peptide_id=19802&scanf=28045&charge=2&value=R.EDIANLADEFK.D,ACO2,4.345e+6,3.496,0.001,3.142,0.000
28050,2,"  2.404","  0.501",14/26,/core/www/modules//sdig/index.php?run_id=110202&search_id=114132&scans_id=110198&peptide_id=19808&scanf=28050&charge=2&value=14/26,sp|Q14694|UBP10_HUMAN,/core/www/modules//consensus/?run_id=110202&search_id=114132&scans_id=110198&peptide_id=19808&scanf=28050&charge=2&value=sp|Q14694|UBP10_HUMAN,1,/core/www/modules/match_peptides/blast_html4.php?run_id=110202&search_id=114132&scans_id=110198&peptide_id=19808&scanf=28050&charge=2&value=1,K.EGLVPVSEDPVAIK.I,/core/www/modules/show_out/show_out_wrapper.php?run_id=110202&search_id=114132&scans_id=110198&peptide_id=19808&scanf=28050&charge=2&value=K.EGLVPVSEDPVAIK.I,USP10,5.719e+6,3.045,0.003,2.474,0.000
28054,2,"  1.478","  0.233",6/16,/core/www/modules//sdig/index.php?run_id=110202&search_id=114132&scans_id=110198&peptide_id=19812&scanf=28054&charge=2&value=6/16,sp|Q14566|MCM6_HUMAN,/core/www/modules//consensus/?run_id=110202&search_id=114132&scans_id=110198&peptide_id=19812&scanf=28054&charge=2&value=sp|Q14566|MCM6_HUMAN,0,/core/www/modules/match_peptides/blast_html4.php?run_id=110202&search_id=114132&scans_id=110198&peptide_id=19812&scanf=28054&charge=2&value=0,R.SELVNWYLK.E,/core/www/modules/show_out/show_out_wrapper.php?run_id=110202&search_id=114132&scans_id=110198&peptide_id=19812&scanf=28054&charge=2&value=R.SELVNWYLK.E,MCM6,5.026e+6,1.996,0.108,0.967,0.005
28056,2,"  2.003","  0.282",9/16,/core/www/modules//sdig/index.php?run_id=110202&search_id=114132&scans_id=110198&peptide_id=19813&scanf=28056&charge=2&value=9/16,sp|Q9BUQ8|DDX23_HUMAN,/core/www/modules//consensus/?run_id=110202&search_id=114132&scans_id=110198&peptide_id=19813&scanf=28056&charge=2&value=sp|Q9BUQ8|DDX23_HUMAN,3,/core/www/modules/match_peptides/blast_html4.php?run_id=110202&search_id=114132&scans_id=110198&peptide_id=19813&scanf=28056&charge=2&value=3,R.GFIAGIDLK.Q,/core/www/modules/show_out/show_out_wrapper.php?run_id=110202&search_id=114132&scans_id=110198&peptide_id=19813&scanf=28056&charge=2&value=R.GFIAGIDLK.Q,DDX23,2.408e+7,2.565,0.017,1.768,0.000
28058,2,"  2.140","  0.375",9/24,/core/www/modules//sdig/index.php?run_id=110202&search_id=114132&scans_id=110198&peptide_id=19815&scanf=28058&charge=2&value=9/24,sp|P35249|RFC4_HUMAN,/core/www/modules//consensus/?run_id=110202&search_id=114132&scans_id=110198&peptide_id=19815&scanf=28058&charge=2&value=sp|P35249|RFC4_HUMAN,1,/core/www/modules/match_peptides/blast_html4.php?run_id=110202&search_id=114132&scans_id=110198&peptide_id=19815&scanf=28058&charge=2&value=1,K.VITDIAGVIPAEK.I,/core/www/modules/show_out/show_out_wrapper.php?run_id=110202&search_id=114132&scans_id=110198&peptide_id=19815&scanf=28058&charge=2&value=K.VITDIAGVIPAEK.I,RFC4,1.311e+7,2.392,0.030,1.518,0.001
28059,3,"  4.676","  0.638",25/80,/core/www/modules//sdig/index.php?run_id=110202&search_id=114132&scans_id=110198&peptide_id=19816&scanf=28059&charge=3&value=25/80,sp|O14497|ARI1A_HUMAN,/core/www/modules//consensus/?run_id=110202&search_id=114132&scans_id=110198&peptide_id=19816&scanf=28059&charge=3&value=sp|O14497|ARI1A_HUMAN,3,/core/www/modules/match_peptides/blast_html4.php?run_id=110202&search_id=114132&scans_id=110198&peptide_id=19816&scanf=28059&charge=3&value=3,K.AGPPVPASHIAPAPVQPPMIR.R,/core/www/modules/show_out/show_out_wrapper.php?run_id=110202&search_id=114132&scans_id=110198&peptide_id=19816&scanf=28059&charge=3&value=K.AGPPVPASHIAPAPVQPPMIR.R,ARID1A,3.615e+7,3.551,0.001,3.223,0.000
28060,2,"  2.123","  0.498",10/16,/core/www/modules//sdig/index.php?run_id=110202&search_id=114132&scans_id=110198&peptide_id=19818&scanf=28060&charge=2&value=10/16,sp|P55884|EIF3B_HUMAN,/core/www/modules//consensus/?run_id=110202&search_id=114132&scans_id=110198&peptide_id=19818&scanf=28060&charge=2&value=sp|P55884|EIF3B_HUMAN,1,/core/www/modules/match_peptides/blast_html4.php?run_id=110202&search_id=114132&scans_id=110198&peptide_id=19818&scanf=28060&charge=2&value=1,R.VNLFTDFDK.Y,/core/www/modules/show_out/show_out_wrapper.php?run_id=110202&search_id=114132&scans_id=110198&peptide_id=19818&scanf=28060&charge=2&value=R.VNLFTDFDK.Y,EIF3B,1.377e+7,3.309,0.001,2.866,0.000
28068,3,"  3.203","  0.469",16/36,/core/www/modules//sdig/index.php?run_id=110202&search_id=114132&scans_id=110198&peptide_id=19826&scanf=28068&charge=3&value=16/36,sp|Q14566|MCM6_HUMAN,/core/www/modules//consensus/?run_id=110202&search_id=114132&scans_id=110198&peptide_id=19826&scanf=28068&charge=3&value=sp|Q14566|MCM6_HUMAN,0,/core/www/modules/match_peptides/blast_html4.php?run_id=110202&search_id=114132&scans_id=110198&peptide_id=19826&scanf=28068&charge=3&value=0,R.ISNLIVLHLR.K,/core/www/modules/show_out/show_out_wrapper.php?run_id=110202&search_id=114132&scans_id=110198&peptide_id=19826&scanf=28068&charge=3&value=R.ISNLIVLHLR.K,MCM6,4.020e+6,3.463,0.001,3.094,0.000
28070,2,"  3.855","  0.609",16/28,/core/www/modules//sdig/index.php?run_id=110202&search_id=114132&scans_id=110198&peptide_id=19829&scanf=28070&charge=2&value=16/28,sp|Q14980|NUMA1_HUMAN,/core/www/modules//consensus/?run_id=110202&search_id=114132&scans_id=110198&peptide_id=19829&scanf=28070&charge=2&value=sp|Q14980|NUMA1_HUMAN,2,/core/www/modules/match_peptides/blast_html4.php?run_id=110202&search_id=114132&scans_id=110198&peptide_id=19829&scanf=28070&charge=2&value=2,K.LEILQQQLQVANEAR.D,/core/www/modules/show_out/show_out_wrapper.php?run_id=110202&search_id=114132&scans_id=110198&peptide_id=19829&scanf=28070&charge=2&value=K.LEILQQQLQVANEAR.D,NUMA1,4.291e+6,3.659,0.000,3.384,0.000
28072,3,"  3.092","  0.399",11/72,/core/www/modules//sdig/index.php?run_id=110202&search_id=114132&scans_id=110198&peptide_id=19831&scanf=28072&charge=3&value=11/72,sp|Q15021|CND1_HUMAN,/core/www/modules//consensus/?run_id=110202&search_id=114132&scans_id=110198&peptide_id=19831&scanf=28072&charge=3&value=sp|Q15021|CND1_HUMAN,1,/core/www/modules/match_peptides/blast_html4.php?run_id=110202&search_id=114132&scans_id=110198&peptide_id=19831&scanf=28072&charge=3&value=1,R.HSQELPAILDDTTLSGSDR.N,/core/www/modules/show_out/show_out_wrapper.php?run_id=110202&search_id=114132&scans_id=110198&peptide_id=19831&scanf=28072&charge=3&value=R.HSQELPAILDDTTLSGSDR.N,NCAPD2,2.716e+6,2.266,0.046,1.338,0.002
28073,3,"  2.609","  0.435",12/88,/core/www/modules//sdig/index.php?run_id=110202&search_id=114132&scans_id=110198&peptide_id=19832&scanf=28073&charge=3&value=12/88,sp|P63104|1433Z_HUMAN,/core/www/modules//consensus/?run_id=110202&search_id=114132&scans_id=110198&peptide_id=19832&scanf=28073&charge=3&value=sp|P63104|1433Z_HUMAN,3,/core/www/modules/match_peptides/blast_html4.php?run_id=110202&search_id=114132&scans_id=110198&peptide_id=19832&scanf=28073&charge=3&value=3,R.DNLTLWTSDTQGDEAEAGEGGEN.-,/core/www/modules/show_out/show_out_wrapper.php?run_id=110202&search_id=114132&scans_id=110198&peptide_id=19832&scanf=28073&charge=3&value=R.DNLTLWTSDTQGDEAEAGEGGEN.-,YWHAZ,1.768e+6,2.348,0.035,1.455,0.001
28077,2,"  2.401","  0.524",11/18,/core/www/modules//sdig/index.php?run_id=110202&search_id=114132&scans_id=110198&peptide_id=19835&scanf=28077&charge=2&value=11/18,sp|P14868|SYDC_HUMAN,/core/www/modules//consensus/?run_id=110202&search_id=114132&scans_id=110198&peptide_id=19835&scanf=28077&charge=2&value=sp|P14868|SYDC_HUMAN,3,/core/www/modules/match_peptides/blast_html4.php?run_id=110202&search_id=114132&scans_id=110198&peptide_id=19835&scanf=28077&charge=2&value=3,K.IYVISLAEPR.L,/core/www/modules/show_out/show_out_wrapper.php?run_id=110202&search_id=114132&scans_id=110198&peptide_id=19835&scanf=28077&charge=2&value=K.IYVISLAEPR.L,DARS1,2.035e+7,3.356,0.001,2.934,0.000
28080,2,"  3.971","  0.647",19/30,/core/www/modules//sdig/index.php?run_id=110202&search_id=114132&scans_id=110198&peptide_id=19839&scanf=28080&charge=2&value=19/30,IgG1_bovine,/core/www/modules//consensus/?run_id=110202&search_id=114132&scans_id=110198&peptide_id=19839&scanf=28080&charge=2&value=IgG1_bovine,5,/core/www/modules/match_peptides/blast_html4.php?run_id=110202&search_id=114132&scans_id=110198&peptide_id=19839&scanf=28080&charge=2&value=5,R.EPQVYVLAPPQEELSK.S,/core/www/modules/show_out/show_out_wrapper.php?run_id=110202&search_id=114132&scans_id=110198&peptide_id=19839&scanf=28080&charge=2&value=R.EPQVYVLAPPQEELSK.S,,3.850e+7,3.592,0.001,3.284,0.000
28081,2,"  2.119","  0.270",7/14,/core/www/modules//sdig/index.php?run_id=110202&search_id=114132&scans_id=110198&peptide_id=19840&scanf=28081&charge=2&value=7/14,sp|Q13889|TF2H3_HUMAN,/core/www/modules//consensus/?run_id=110202&search_id=114132&scans_id=110198&peptide_id=19840&scanf=28081&charge=2&value=sp|Q13889|TF2H3_HUMAN,3,/core/www/modules/match_peptides/blast_html4.php?run_id=110202&search_id=114132&scans_id=110198&peptide_id=19840&scanf=28081&charge=2&value=3,K.ISLPPVLK.A,/core/www/modules/show_out/show_out_wrapper.php?run_id=110202&search_id=114132&scans_id=110198&peptide_id=19840&scanf=28081&charge=2&value=K.ISLPPVLK.A,GTF2H3,4.568e+6,2.389,0.031,1.514,0.001
28083,2,"  2.621","  0.167",12/24,/core/www/modules//sdig/index.php?run_id=110202&search_id=114132&scans_id=110198&peptide_id=19842&scanf=28083&charge=2&value=12/24,sp|P63010|AP2B1_HUMAN,/core/www/modules//consensus/?run_id=110202&search_id=114132&scans_id=110198&peptide_id=19842&scanf=28083&charge=2&value=sp|P63010|AP2B1_HUMAN,1,/core/www/modules/match_peptides/blast_html4.php?run_id=110202&search_id=114132&scans_id=110198&peptide_id=19842&scanf=28083&charge=2&value=1,K.DIPNENELQFQIK.E,/core/www/modules/show_out/show_out_wrapper.php?run_id=110202&search_id=114132&scans_id=110198&peptide_id=19842&scanf=28083&charge=2&value=K.DIPNENELQFQIK.E,AP2B1,4.335e+6,1.861,0.161,0.793,0.008
28086,2,"  2.907","  0.592",12/24,/core/www/modules//sdig/index.php?run_id=110202&search_id=114132&scans_id=110198&peptide_id=19845&scanf=28086&charge=2&value=12/24,sp|O00425|IF2B3_HUMAN,/core/www/modules//consensus/?run_id=110202&search_id=114132&scans_id=110198&peptide_id=19845&scanf=28086&charge=2&value=sp|O00425|IF2B3_HUMAN,3,/core/www/modules/match_peptides/blast_html4.php?run_id=110202&search_id=114132&scans_id=110198&peptide_id=19845&scanf=28086&charge=2&value=3,R.MVIITGPPEAQFK.A,/core/www/modules/show_out/show_out_wrapper.php?run_id=110202&search_id=114132&scans_id=110198&peptide_id=19845&scanf=28086&charge=2&value=R.MVIITGPPEAQFK.A,IGF2BP3,7.923e+7,3.395,0.001,2.992,0.000
28089,2,"  3.178","  0.567",12/28,/core/www/modules//sdig/index.php?run_id=110202&search_id=114132&scans_id=110198&peptide_id=19848&scanf=28089&charge=2&value=12/28,sp|Q9UNM6|PSD13_HUMAN,/core/www/modules//consensus/?run_id=110202&search_id=114132&scans_id=110198&peptide_id=19848&scanf=28089&charge=2&value=sp|Q9UNM6|PSD13_HUMAN,2,/core/www/modules/match_peptides/blast_html4.php?run_id=110202&search_id=114132&scans_id=110198&peptide_id=19848&scanf=28089&charge=2&value=2,K.SMEMLVEHQAHDILT.-,/core/www/modules/show_out/show_out_wrapper.php?run_id=110202&search_id=114132&scans_id=110198&peptide_id=19848&scanf=28089&charge=2&value=K.SMEMLVEHQAHDILT.-,PSMD13,4.282e+6,3.068,0.003,2.509,0.000
28090,2,"  1.475","  0.346",9/18,/core/www/modules//sdig/index.php?run_id=110202&search_id=114132&scans_id=110198&peptide_id=19850&scanf=28090&charge=2&value=9/18,sp|O60934|NBN_HUMAN,/core/www/modules//consensus/?run_id=110202&search_id=114132&scans_id=110198&peptide_id=19850&scanf=28090&charge=2&value=sp|O60934|NBN_HUMAN,6,/core/www/modules/match_peptides/blast_html4.php?run_id=110202&search_id=114132&scans_id=110198&peptide_id=19850&scanf=28090&charge=2&value=6,K.EESLADDLFR.Y,/core/www/modules/show_out/show_out_wrapper.php?run_id=110202&search_id=114132&scans_id=110198&peptide_id=19850&scanf=28090&charge=2&value=K.EESLADDLFR.Y,NBN,3.301e+6,2.510,0.020,1.689,0.000
28093,2,"  1.802","  0.205",7/12,/core/www/modules//sdig/index.php?run_id=110202&search_id=114132&scans_id=110198&peptide_id=19853&scanf=28093&charge=2&value=7/12,sp|O75691|UTP20_HUMAN,/core/www/modules//consensus/?run_id=110202&search_id=114132&scans_id=110198&peptide_id=19853&scanf=28093&charge=2&value=sp|O75691|UTP20_HUMAN,0,/core/www/modules/match_peptides/blast_html4.php?run_id=110202&search_id=114132&scans_id=110198&peptide_id=19853&scanf=28093&charge=2&value=0,K.HLFLLLK.D,/core/www/modules/show_out/show_out_wrapper.php?run_id=110202&search_id=114132&scans_id=110198&peptide_id=19853&scanf=28093&charge=2&value=K.HLFLLLK.D,UTP20,2.421e+6,2.433,0.027,1.576,0.001
28096,2,"  2.587","  0.501",12/22,/core/www/modules//sdig/index.php?run_id=110202&search_id=114132&scans_id=110198&peptide_id=19856&scanf=28096&charge=2&value=12/22,sp|Q9ULG1|INO80_HUMAN,/core/www/modules//consensus/?run_id=110202&search_id=114132&scans_id=110198&peptide_id=19856&scanf=28096&charge=2&value=sp|Q9ULG1|INO80_HUMAN,1,/core/www/modules/match_peptides/blast_html4.php?run_id=110202&search_id=114132&scans_id=110198&peptide_id=19856&scanf=28096&charge=2&value=1,R.VLSPFAPDYIQR.S,/core/www/modules/show_out/show_out_wrapper.php?run_id=110202&search_id=114132&scans_id=110198&peptide_id=19856&scanf=28096&charge=2&value=R.VLSPFAPDYIQR.S,INO80,2.176e+6,3.018,0.004,2.435,0.000
28098,3,"  3.117","  0.498",20/60,/core/www/modules//sdig/index.php?run_id=110202&search_id=114132&scans_id=110198&peptide_id=19857&scanf=28098&charge=3&value=20/60,sp|P33993|MCM7_HUMAN,/core/www/modules//consensus/?run_id=110202&search_id=114132&scans_id=110198&peptide_id=19857&scanf=28098&charge=3&value=sp|P33993|MCM7_HUMAN,0,/core/www/modules/match_peptides/blast_html4.php?run_id=110202&search_id=114132&scans_id=110198&peptide_id=19857&scanf=28098&charge=3&value=0,R.QVVQGLLSETYLEAHR.I,/core/www/modules/show_out/show_out_wrapper.php?run_id=110202&search_id=114132&scans_id=110198&peptide_id=19857&scanf=28098&charge=3&value=R.QVVQGLLSETYLEAHR.I,MCM7,1.235e+7,3.230,0.002,2.748,0.000
28099,2,"  3.506","  0.548",15/24,/core/www/modules//sdig/index.php?run_id=110202&search_id=114132&scans_id=110198&peptide_id=19858&scanf=28099&charge=2&value=15/24,sp|Q99459|CDC5L_HUMAN,/core/www/modules//consensus/?run_id=110202&search_id=114132&scans_id=110198&peptide_id=19858&scanf=28099&charge=2&value=sp|Q99459|CDC5L_HUMAN,0,/core/www/modules/match_peptides/blast_html4.php?run_id=110202&search_id=114132&scans_id=110198&peptide_id=19858&scanf=28099&charge=2&value=0,K.AQDVLVQEMEVVK.Q,/core/www/modules/show_out/show_out_wrapper.php?run_id=110202&search_id=114132&scans_id=110198&peptide_id=19858&scanf=28099&charge=2&value=K.AQDVLVQEMEVVK.Q,CDC5L,1.218e+7,3.464,0.001,3.095,0.000
28101,2,"  3.340","  0.538",11/20,/core/www/modules//sdig/index.php?run_id=110202&search_id=114132&scans_id=110198&peptide_id=19861&scanf=28101&charge=2&value=11/20,sp|P46459|NSF_HUMAN,/core/www/modules//consensus/?run_id=110202&search_id=114132&scans_id=110198&peptide_id=19861&scanf=28101&charge=2&value=sp|P46459|NSF_HUMAN,1,/core/www/modules/match_peptides/blast_html4.php?run_id=110202&search_id=114132&scans_id=110198&peptide_id=19861&scanf=28101&charge=2&value=1,K.IAEESNFPFIK.I,/core/www/modules/show_out/show_out_wrapper.php?run_id=110202&search_id=114132&scans_id=110198&peptide_id=19861&scanf=28101&charge=2&value=K.IAEESNFPFIK.I,NSF,1.303e+7,3.221,0.002,2.734,0.000
28104,2,"  5.975","  0.619",23/30,/core/www/modules//sdig/index.php?run_id=110202&search_id=114132&scans_id=110198&peptide_id=19864&scanf=28104&charge=2&value=23/30,sp|Q08211|DHX9_HUMAN,/core/www/modules//consensus/?run_id=110202&search_id=114132&scans_id=110198&peptide_id=19864&scanf=28104&charge=2&value=sp|Q08211|DHX9_HUMAN,0,/core/www/modules/match_peptides/blast_html4.php?run_id=110202&search_id=114132&scans_id=110198&peptide_id=19864&scanf=28104&charge=2&value=0,R.QLYHLGVVEAYSGLTK.K,/core/www/modules/show_out/show_out_wrapper.php?run_id=110202&search_id=114132&scans_id=110198&peptide_id=19864&scanf=28104&charge=2&value=R.QLYHLGVVEAYSGLTK.K,DHX9,4.394e+6,4.186,0.000,4.165,0.000
28107,3,"  2.997","  0.458",14/44,/core/www/modules//sdig/index.php?run_id=110202&search_id=114132&scans_id=110198&peptide_id=19867&scanf=28107&charge=3&value=14/44,sp|O95793|STAU1_HUMAN,/core/www/modules//consensus/?run_id=110202&search_id=114132&scans_id=110198&peptide_id=19867&scanf=28107&charge=3&value=sp|O95793|STAU1_HUMAN,2,/core/www/modules/match_peptides/blast_html4.php?run_id=110202&search_id=114132&scans_id=110198&peptide_id=19867&scanf=28107&charge=3&value=2,K.KNAAIAVLEELK.K,/core/www/modules/show_out/show_out_wrapper.php?run_id=110202&search_id=114132&scans_id=110198&peptide_id=19867&scanf=28107&charge=3&value=K.KNAAIAVLEELK.K,STAU1,3.721e+6,2.942,0.005,2.323,0.000
28108,3,"  3.702","  0.464",12/56,/core/www/modules//sdig/index.php?run_id=110202&search_id=114132&scans_id=110198&peptide_id=19868&scanf=28108&charge=3&value=12/56,sp|Q9Y676|RT18B_HUMAN,/core/www/modules//consensus/?run_id=110202&search_id=114132&scans_id=110198&peptide_id=19868&scanf=28108&charge=3&value=sp|Q9Y676|RT18B_HUMAN,0,/core/www/modules/match_peptides/blast_html4.php?run_id=110202&search_id=114132&scans_id=110198&peptide_id=19868&scanf=28108&charge=3&value=0,R.DHGLLIYHIPQVEPR.D,/core/www/modules/show_out/show_out_wrapper.php?run_id=110202&search_id=114132&scans_id=110198&peptide_id=19868&scanf=28108&charge=3&value=R.DHGLLIYHIPQVEPR.D,MRPS18B,2.583e+6,2.904,0.005,2.266,0.000
28110,2,"  2.295","  0.297",9/16,/core/www/modules//sdig/index.php?run_id=110202&search_id=114132&scans_id=110198&peptide_id=19871&scanf=28110&charge=2&value=9/16,sp|Q9Y606|PUS1_HUMAN,/core/www/modules//consensus/?run_id=110202&search_id=114132&scans_id=110198&peptide_id=19871&scanf=28110&charge=2&value=sp|Q9Y606|PUS1_HUMAN,2,/core/www/modules/match_peptides/blast_html4.php?run_id=110202&search_id=114132&scans_id=110198&peptide_id=19871&scanf=28110&charge=2&value=2,R.EGLEFAVIR.V,/core/www/modules/show_out/show_out_wrapper.php?run_id=110202&search_id=114132&scans_id=110198&peptide_id=19871&scanf=28110&charge=2&value=R.EGLEFAVIR.V,PUS1,2.092e+6,2.565,0.017,1.769,0.000
28113,2,"  1.755","  0.312",7/12,/core/www/modules//sdig/index.php?run_id=110202&search_id=114132&scans_id=110198&peptide_id=19874&scanf=28113&charge=2&value=7/12,sp|Q9BZH6|WDR11_HUMAN,/core/www/modules//consensus/?run_id=110202&search_id=114132&scans_id=110198&peptide_id=19874&scanf=28113&charge=2&value=sp|Q9BZH6|WDR11_HUMAN,2,/core/www/modules/match_peptides/blast_html4.php?run_id=110202&search_id=114132&scans_id=110198&peptide_id=19874&scanf=28113&charge=2&value=2,R.VMIWELK.S,/core/www/modules/show_out/show_out_wrapper.php?run_id=110202&search_id=114132&scans_id=110198&peptide_id=19874&scanf=28113&charge=2&value=R.VMIWELK.S,WDR11,3.171e+6,2.642,0.013,1.881,0.000
28119,4,"  2.270","  0.352",16/90,/core/www/modules//sdig/index.php?run_id=110202&search_id=114132&scans_id=110198&peptide_id=19879&scanf=28119&charge=4&value=16/90,sp|O75643|U520_HUMAN,/core/www/modules//consensus/?run_id=110202&search_id=114132&scans_id=110198&peptide_id=19879&scanf=28119&charge=4&value=sp|O75643|U520_HUMAN,1,/core/www/modules/match_peptides/blast_html4.php?run_id=110202&search_id=114132&scans_id=110198&peptide_id=19879&scanf=28119&charge=4&value=1,K.DLLPYGFAIHHAGMTR.V,/core/www/modules/show_out/show_out_wrapper.php?run_id=110202&search_id=114132&scans_id=110198&peptide_id=19879&scanf=28119&charge=4&value=K.DLLPYGFAIHHAGMTR.V,SNRNP200,1.448e+7,3.126,0.003,2.594,0.000
28120,3,"  3.156","  0.495",13/88,/core/www/modules//sdig/index.php?run_id=110202&search_id=114132&scans_id=110198&peptide_id=19881&scanf=28120&charge=3&value=13/88,sp|P63104|1433Z_HUMAN,/core/www/modules//consensus/?run_id=110202&search_id=114132&scans_id=110198&peptide_id=19881&scanf=28120&charge=3&value=sp|P63104|1433Z_HUMAN,3,/core/www/modules/match_peptides/blast_html4.php?run_id=110202&search_id=114132&scans_id=110198&peptide_id=19881&scanf=28120&charge=3&value=3,R.DNLTLWTSDTQGDEAEAGEGGEN.-,/core/www/modules/show_out/show_out_wrapper.php?run_id=110202&search_id=114132&scans_id=110198&peptide_id=19881&scanf=28120&charge=3&value=R.DNLTLWTSDTQGDEAEAGEGGEN.-,YWHAZ,1.768e+6,2.591,0.016,1.807,0.000
28121,2,"  4.420","  0.637",19/28,/core/www/modules//sdig/index.php?run_id=110202&search_id=114132&scans_id=110198&peptide_id=19882&scanf=28121&charge=2&value=19/28,sp|Q14980|NUMA1_HUMAN,/core/www/modules//consensus/?run_id=110202&search_id=114132&scans_id=110198&peptide_id=19882&scanf=28121&charge=2&value=sp|Q14980|NUMA1_HUMAN,2,/core/www/modules/match_peptides/blast_html4.php?run_id=110202&search_id=114132&scans_id=110198&peptide_id=19882&scanf=28121&charge=2&value=2,K.LEILQQQLQVANEAR.D,/core/www/modules/show_out/show_out_wrapper.php?run_id=110202&search_id=114132&scans_id=110198&peptide_id=19882&scanf=28121&charge=2&value=K.LEILQQQLQVANEAR.D,NUMA1,4.291e+6,3.949,0.000,3.814,0.000
28125,2,"  3.457","  0.481",11/18,/core/www/modules//sdig/index.php?run_id=110202&search_id=114132&scans_id=110198&peptide_id=19886&scanf=28125&charge=2&value=11/18,sp|P15311|EZRI_HUMAN,/core/www/modules//consensus/?run_id=110202&search_id=114132&scans_id=110198&peptide_id=19886&scanf=28125&charge=2&value=sp|P15311|EZRI_HUMAN,5,/core/www/modules/match_peptides/blast_html4.php?run_id=110202&search_id=114132&scans_id=110198&peptide_id=19886&scanf=28125&charge=2&value=5,K.APDFVFYAPR.L,/core/www/modules/show_out/show_out_wrapper.php?run_id=110202&search_id=114132&scans_id=110198&peptide_id=19886&scanf=28125&charge=2&value=K.APDFVFYAPR.L,EZR,1.842e+7,3.364,0.001,2.947,0.000
28126,2,"  3.833","  0.655",11/26,/core/www/modules//sdig/index.php?run_id=110202&search_id=114132&scans_id=110198&peptide_id=19887&scanf=28126&charge=2&value=11/26,sp|O14980|XPO1_HUMAN,/core/www/modules//consensus/?run_id=110202&search_id=114132&scans_id=110198&peptide_id=19887&scanf=28126&charge=2&value=sp|O14980|XPO1_HUMAN,16,/core/www/modules/match_peptides/blast_html4.php?run_id=110202&search_id=114132&scans_id=110198&peptide_id=19887&scanf=28126&charge=2&value=16,R.VDTILEFSQNMNTK.Y,/core/www/modules/show_out/show_out_wrapper.php?run_id=110202&search_id=114132&scans_id=110198&peptide_id=19887&scanf=28126&charge=2&value=R.VDTILEFSQNMNTK.Y,XPO1,6.011e+6,3.541,0.001,3.209,0.000
28127,2,"  3.337","  0.618",13/26,/core/www/modules//sdig/index.php?run_id=110202&search_id=114132&scans_id=110198&peptide_id=19888&scanf=28127&charge=2&value=13/26,sp|O15381|NVL_HUMAN,/core/www/modules//consensus/?run_id=110202&search_id=114132&scans_id=110198&peptide_id=19888&scanf=28127&charge=2&value=sp|O15381|NVL_HUMAN,0,/core/www/modules/match_peptides/blast_html4.php?run_id=110202&search_id=114132&scans_id=110198&peptide_id=19888&scanf=28127&charge=2&value=0,K.GPELLNMYVGESER.A,/core/www/modules/show_out/show_out_wrapper.php?run_id=110202&search_id=114132&scans_id=110198&peptide_id=19888&scanf=28127&charge=2&value=K.GPELLNMYVGESER.A,NVL,2.474e+6,3.392,0.001,2.988,0.000
28128,3,"  3.481","  0.467",11/52,/core/www/modules//sdig/index.php?run_id=110202&search_id=114132&scans_id=110198&peptide_id=19889&scanf=28128&charge=3&value=11/52,sp|Q7Z2W4|ZCCHV_HUMAN,/core/www/modules//consensus/?run_id=110202&search_id=114132&scans_id=110198&peptide_id=19889&scanf=28128&charge=3&value=sp|Q7Z2W4|ZCCHV_HUMAN,3,/core/www/modules/match_peptides/blast_html4.php?run_id=110202&search_id=114132&scans_id=110198&peptide_id=19889&scanf=28128&charge=3&value=3,R.RPTFVPQWYVQQMK.R,/core/www/modules/show_out/show_out_wrapper.php?run_id=110202&search_id=114132&scans_id=110198&peptide_id=19889&scanf=28128&charge=3&value=R.RPTFVPQWYVQQMK.R,ZC3HAV1,1.747e+6,2.882,0.006,2.234,0.000
28129,2,"  1.788","  0.000",8/12,/core/www/modules//sdig/index.php?run_id=110202&search_id=114132&scans_id=110198&peptide_id=19890&scanf=28129&charge=2&value=8/12,sp|Q96RL7|VP13A_HUMAN,/core/www/modules//consensus/?run_id=110202&search_id=114132&scans_id=110198&peptide_id=19890&scanf=28129&charge=2&value=sp|Q96RL7|VP13A_HUMAN,0,/core/www/modules/match_peptides/blast_html4.php?run_id=110202&search_id=114132&scans_id=110198&peptide_id=19890&scanf=28129&charge=2&value=0,K.LPLISLR.I,/core/www/modules/show_out/show_out_wrapper.php?run_id=110202&search_id=114132&scans_id=110198&peptide_id=19890&scanf=28129&charge=2&value=K.LPLISLR.I,VPS13A,2.279e+6,2.000,0.107,0.972,0.005
28131,3,"  3.905","  0.422",13/52,/core/www/modules//sdig/index.php?run_id=110202&search_id=114132&scans_id=110198&peptide_id=19893&scanf=28131&charge=3&value=13/52,sp|A6NHR9|SMHD1_HUMAN,/core/www/modules//consensus/?run_id=110202&search_id=114132&scans_id=110198&peptide_id=19893&scanf=28131&charge=3&value=sp|A6NHR9|SMHD1_HUMAN,1,/core/www/modules/match_peptides/blast_html4.php?run_id=110202&search_id=114132&scans_id=110198&peptide_id=19893&scanf=28131&charge=3&value=1,K.ERIDFLPHYDTLVK.S,/core/www/modules/show_out/show_out_wrapper.php?run_id=110202&search_id=114132&scans_id=110198&peptide_id=19893&scanf=28131&charge=3&value=K.ERIDFLPHYDTLVK.S,SMCHD1,2.456e+6,2.826,0.007,2.152,0.000
28138,3,"  2.536","  0.482",12/36,/core/www/modules//sdig/index.php?run_id=110202&search_id=114132&scans_id=110198&peptide_id=19900&scanf=28138&charge=3&value=12/36,sp|Q9UK61|TASOR_HUMAN,/core/www/modules//consensus/?run_id=110202&search_id=114132&scans_id=110198&peptide_id=19900&scanf=28138&charge=3&value=sp|Q9UK61|TASOR_HUMAN,0,/core/www/modules/match_peptides/blast_html4.php?run_id=110202&search_id=114132&scans_id=110198&peptide_id=19900&scanf=28138&charge=3&value=0,R.AFLPIKLPEK.L,/core/www/modules/show_out/show_out_wrapper.php?run_id=110202&search_id=114132&scans_id=110198&peptide_id=19900&scanf=28138&charge=3&value=R.AFLPIKLPEK.L,TASOR,2.466e+6,3.030,0.004,2.452,0.000
28141,2,"  2.558","  0.653",12/22,/core/www/modules//sdig/index.php?run_id=110202&search_id=114132&scans_id=110198&peptide_id=19903&scanf=28141&charge=2&value=12/22,sp|Q9UHX1|PUF60_HUMAN,/core/www/modules//consensus/?run_id=110202&search_id=114132&scans_id=110198&peptide_id=19903&scanf=28141&charge=2&value=sp|Q9UHX1|PUF60_HUMAN,12,/core/www/modules/match_peptides/blast_html4.php?run_id=110202&search_id=114132&scans_id=110198&peptide_id=19903&scanf=28141&charge=2&value=12,K.SIDMSWDSVTMK.H,/core/www/modules/show_out/show_out_wrapper.php?run_id=110202&search_id=114132&scans_id=110198&peptide_id=19903&scanf=28141&charge=2&value=K.SIDMSWDSVTMK.H,PUF60,1.166e+7,3.600,0.001,3.296,0.000
28146,3,"  2.816","  0.337",9/72,/core/www/modules//sdig/index.php?run_id=110202&search_id=114132&scans_id=110198&peptide_id=19908&scanf=28146&charge=3&value=9/72,sp|Q6P2Q9|PRP8_HUMAN,/core/www/modules//consensus/?run_id=110202&search_id=114132&scans_id=110198&peptide_id=19908&scanf=28146&charge=3&value=sp|Q6P2Q9|PRP8_HUMAN,0,/core/www/modules/match_peptides/blast_html4.php?run_id=110202&search_id=114132&scans_id=110198&peptide_id=19908&scanf=28146&charge=3&value=0,R.AQIAGYLYGVSPPDNPQVK.E,/core/www/modules/show_out/show_out_wrapper.php?run_id=110202&search_id=114132&scans_id=110198&peptide_id=19908&scanf=28146&charge=3&value=R.AQIAGYLYGVSPPDNPQVK.E,PRPF8,8.607e+6,2.514,0.020,1.694,0.000
28147,2,"  3.796","  0.635",16/30,/core/www/modules//sdig/index.php?run_id=110202&search_id=114132&scans_id=110198&peptide_id=19909&scanf=28147&charge=2&value=16/30,sp|Q14151|SAFB2_HUMAN,/core/www/modules//consensus/?run_id=110202&search_id=114132&scans_id=110198&peptide_id=19909&scanf=28147&charge=2&value=sp|Q14151|SAFB2_HUMAN,0,/core/www/modules/match_peptides/blast_html4.php?run_id=110202&search_id=114132&scans_id=110198&peptide_id=19909&scanf=28147&charge=2&value=0,K.VTPDIEESLLEPENEK.I,/core/www/modules/show_out/show_out_wrapper.php?run_id=110202&search_id=114132&scans_id=110198&peptide_id=19909&scanf=28147&charge=2&value=K.VTPDIEESLLEPENEK.I,SAFB2,4.820e+6,3.552,0.001,3.225,0.000
28151,2,"  2.092","  0.246",8/16,/core/www/modules//sdig/index.php?run_id=110202&search_id=114132&scans_id=110198&peptide_id=19914&scanf=28151&charge=2&value=8/16,sp|Q15149|PLEC_HUMAN,/core/www/modules//consensus/?run_id=110202&search_id=114132&scans_id=110198&peptide_id=19914&scanf=28151&charge=2&value=sp|Q15149|PLEC_HUMAN,5,/core/www/modules/match_peptides/blast_html4.php?run_id=110202&search_id=114132&scans_id=110198&peptide_id=19914&scanf=28151&charge=2&value=5,R.SSIAGLLLK.A,/core/www/modules/show_out/show_out_wrapper.php?run_id=110202&search_id=114132&scans_id=110198&peptide_id=19914&scanf=28151&charge=2&value=R.SSIAGLLLK.A,PLEC,2.395e+7,2.815,0.007,2.135,0.000
28163,2,"  2.116","  0.459",9/14,/core/www/modules//sdig/index.php?run_id=110202&search_id=114132&scans_id=110198&peptide_id=19926&scanf=28163&charge=2&value=9/14,sp|P46781|RS9_HUMAN,/core/www/modules//consensus/?run_id=110202&search_id=114132&scans_id=110198&peptide_id=19926&scanf=28163&charge=2&value=sp|P46781|RS9_HUMAN,2,/core/www/modules/match_peptides/blast_html4.php?run_id=110202&search_id=114132&scans_id=110198&peptide_id=19926&scanf=28163&charge=2&value=2,K.LDYILGLK.I,/core/www/modules/show_out/show_out_wrapper.php?run_id=110202&search_id=114132&scans_id=110198&peptide_id=19926&scanf=28163&charge=2&value=K.LDYILGLK.I,RPS9,1.317e+8,3.269,0.002,2.806,0.000
28166,3,"  2.849","  0.286",11/56,/core/www/modules//sdig/index.php?run_id=110202&search_id=114132&scans_id=110198&peptide_id=19929&scanf=28166&charge=3&value=11/56,sp|Q15459|SF3A1_HUMAN,/core/www/modules//consensus/?run_id=110202&search_id=114132&scans_id=110198&peptide_id=19929&scanf=28166&charge=3&value=sp|Q15459|SF3A1_HUMAN,0,/core/www/modules/match_peptides/blast_html4.php?run_id=110202&search_id=114132&scans_id=110198&peptide_id=19929&scanf=28166&charge=3&value=0,K.LKTEDSLMPEEEFLR.R,/core/www/modules/show_out/show_out_wrapper.php?run_id=110202&search_id=114132&scans_id=110198&peptide_id=19929&scanf=28166&charge=3&value=K.LKTEDSLMPEEEFLR.R,SF3A1,2.696e+6,2.046,0.093,1.033,0.004
28172,2,"  2.665","  0.536",12/26,/core/www/modules//sdig/index.php?run_id=110202&search_id=114132&scans_id=110198&peptide_id=19936&scanf=28172&charge=2&value=12/26,sp|P49760|CLK2_HUMAN,/core/www/modules//consensus/?run_id=110202&search_id=114132&scans_id=110198&peptide_id=19936&scanf=28172&charge=2&value=sp|P49760|CLK2_HUMAN,1,/core/www/modules/match_peptides/blast_html4.php?run_id=110202&search_id=114132&scans_id=110198&peptide_id=19936&scanf=28172&charge=2&value=1,R.YEIVSTLGEGTFGR.V,/core/www/modules/show_out/show_out_wrapper.php?run_id=110202&search_id=114132&scans_id=110198&peptide_id=19936&scanf=28172&charge=2&value=R.YEIVSTLGEGTFGR.V,CLK2,2.957e+6,3.044,0.003,2.472,0.000
28183,4,"  2.650","  0.218",17/108,/core/www/modules//sdig/index.php?run_id=110202&search_id=114132&scans_id=110198&peptide_id=19947&scanf=28183&charge=4&value=17/108,sp|P22087|FBRL_HUMAN,/core/www/modules//consensus/?run_id=110202&search_id=114132&scans_id=110198&peptide_id=19947&scanf=28183&charge=4&value=sp|P22087|FBRL_HUMAN,7,/core/www/modules/match_peptides/blast_html4.php?run_id=110202&search_id=114132&scans_id=110198&peptide_id=19947&scanf=28183&charge=4&value=7,K.LAAAILGGVDQIHIKPGAK.V,/core/www/modules/show_out/show_out_wrapper.php?run_id=110202&search_id=114132&scans_id=110198&peptide_id=19947&scanf=28183&charge=4&value=K.LAAAILGGVDQIHIKPGAK.V,FBL,5.487e+8,2.344,0.036,1.450,0.001
28190,3,"  3.395","  0.549",16/76,/core/www/modules//sdig/index.php?run_id=110202&search_id=114132&scans_id=110198&peptide_id=19955&scanf=28190&charge=3&value=16/76,sp|P18583|SON_HUMAN,/core/www/modules//consensus/?run_id=110202&search_id=114132&scans_id=110198&peptide_id=19955&scanf=28190&charge=3&value=sp|P18583|SON_HUMAN,4,/core/www/modules/match_peptides/blast_html4.php?run_id=110202&search_id=114132&scans_id=110198&peptide_id=19955&scanf=28190&charge=3&value=4,K.AGVPLPPNLKPAPPPTIEEK.V,/core/www/modules/show_out/show_out_wrapper.php?run_id=110202&search_id=114132&scans_id=110198&peptide_id=19955&scanf=28190&charge=3&value=K.AGVPLPPNLKPAPPPTIEEK.V,SON,2.269e+7,3.157,0.002,2.640,0.000
28191,2,"  3.003","  0.493",12/24,/core/www/modules//sdig/index.php?run_id=110202&search_id=114132&scans_id=110198&peptide_id=19956&scanf=28191&charge=2&value=12/24,sp|Q15648|MED1_HUMAN,/core/www/modules//consensus/?run_id=110202&search_id=114132&scans_id=110198&peptide_id=19956&scanf=28191&charge=2&value=sp|Q15648|MED1_HUMAN,0,/core/www/modules/match_peptides/blast_html4.php?run_id=110202&search_id=114132&scans_id=110198&peptide_id=19956&scanf=28191&charge=2&value=0,K.GLVNLYNLPGDNK.L,/core/www/modules/show_out/show_out_wrapper.php?run_id=110202&search_id=114132&scans_id=110198&peptide_id=19956&scanf=28191&charge=2&value=K.GLVNLYNLPGDNK.L,MED1,2.416e+6,3.008,0.004,2.420,0.000
28192,3,"  1.986","  0.282",11/44,/core/www/modules//sdig/index.php?run_id=110202&search_id=114132&scans_id=110198&peptide_id=19957&scanf=28192&charge=3&value=11/44,sp|P63092|GNAS2_HUMAN,/core/www/modules//consensus/?run_id=110202&search_id=114132&scans_id=110198&peptide_id=19957&scanf=28192&charge=3&value=sp|P63092|GNAS2_HUMAN,11,/core/www/modules/match_peptides/blast_html4.php?run_id=110202&search_id=114132&scans_id=110198&peptide_id=19957&scanf=28192&charge=3&value=11,K.SKIEDYFPEFAR.Y,/core/www/modules/show_out/show_out_wrapper.php?run_id=110202&search_id=114132&scans_id=110198&peptide_id=19957&scanf=28192&charge=3&value=K.SKIEDYFPEFAR.Y,GNAS,3.993e+6,2.115,0.075,1.128,0.002
28193,3,"  3.754","  0.516",15/44,/core/www/modules//sdig/index.php?run_id=110202&search_id=114132&scans_id=110198&peptide_id=19958&scanf=28193&charge=3&value=15/44,sp|P60900|PSA6_HUMAN,/core/www/modules//consensus/?run_id=110202&search_id=114132&scans_id=110198&peptide_id=19958&scanf=28193&charge=3&value=sp|P60900|PSA6_HUMAN,4,/core/www/modules/match_peptides/blast_html4.php?run_id=110202&search_id=114132&scans_id=110198&peptide_id=19958&scanf=28193&charge=3&value=4,K.LLDSSTVTHLFK.I,/core/www/modules/show_out/show_out_wrapper.php?run_id=110202&search_id=114132&scans_id=110198&peptide_id=19958&scanf=28193&charge=3&value=K.LLDSSTVTHLFK.I,PSMA6,3.427e+6,3.349,0.001,2.924,0.000
28195,2,"  2.168","  0.234",9/16,/core/www/modules//sdig/index.php?run_id=110202&search_id=114132&scans_id=110198&peptide_id=19960&scanf=28195&charge=2&value=9/16,sp|Q9Y606|PUS1_HUMAN,/core/www/modules//consensus/?run_id=110202&search_id=114132&scans_id=110198&peptide_id=19960&scanf=28195&charge=2&value=sp|Q9Y606|PUS1_HUMAN,2,/core/www/modules/match_peptides/blast_html4.php?run_id=110202&search_id=114132&scans_id=110198&peptide_id=19960&scanf=28195&charge=2&value=2,R.EGLEFAVIR.V,/core/www/modules/show_out/show_out_wrapper.php?run_id=110202&search_id=114132&scans_id=110198&peptide_id=19960&scanf=28195&charge=2&value=R.EGLEFAVIR.V,PUS1,2.092e+6,2.332,0.037,1.432,0.001
28196,2,"  5.673","  0.788",23/40,/core/www/modules//sdig/index.php?run_id=110202&search_id=114132&scans_id=110198&peptide_id=19961&scanf=28196&charge=2&value=23/40,sp|Q14690|RRP5_HUMAN,/core/www/modules//consensus/?run_id=110202&search_id=114132&scans_id=110198&peptide_id=19961&scanf=28196&charge=2&value=sp|Q14690|RRP5_HUMAN,1,/core/www/modules/match_peptides/blast_html4.php?run_id=110202&search_id=114132&scans_id=110198&peptide_id=19961&scanf=28196&charge=2&value=1,K.DSETVDEDEEVDPALTVGTIK.K,/core/www/modules/show_out/show_out_wrapper.php?run_id=110202&search_id=114132&scans_id=110198&peptide_id=19961&scanf=28196&charge=2&value=K.DSETVDEDEEVDPALTVGTIK.K,PDCD11,2.697e+6,4.112,0.000,4.055,0.000
28199,2,"  7.155","  0.728",28/32,/core/www/modules//sdig/index.php?run_id=110202&search_id=114132&scans_id=110198&peptide_id=19964&scanf=28199&charge=2&value=28/32,sp|Q1KMD3|HNRL2_HUMAN,/core/www/modules//consensus/?run_id=110202&search_id=114132&scans_id=110198&peptide_id=19964&scanf=28199&charge=2&value=sp|Q1KMD3|HNRL2_HUMAN,1,/core/www/modules/match_peptides/blast_html4.php?run_id=110202&search_id=114132&scans_id=110198&peptide_id=19964&scanf=28199&charge=2&value=1,R.KEVEGDDVPESIMLEMK.A,/core/www/modules/show_out/show_out_wrapper.php?run_id=110202&search_id=114132&scans_id=110198&peptide_id=19964&scanf=28199&charge=2&value=R.KEVEGDDVPESIMLEMK.A,HNRNPUL2,2.428e+6,4.159,0.000,4.125,0.000
28201,2,"  2.048","  0.382",6/16,/core/www/modules//sdig/index.php?run_id=110202&search_id=114132&scans_id=110198&peptide_id=19967&scanf=28201&charge=2&value=6/16,sp|P23526|SAHH_HUMAN,/core/www/modules//consensus/?run_id=110202&search_id=114132&scans_id=110198&peptide_id=19967&scanf=28201&charge=2&value=sp|P23526|SAHH_HUMAN,0,/core/www/modules/match_peptides/blast_html4.php?run_id=110202&search_id=114132&scans_id=110198&peptide_id=19967&scanf=28201&charge=2&value=0,K.YPQLLPGIR.G,/core/www/modules/show_out/show_out_wrapper.php?run_id=110202&search_id=114132&scans_id=110198&peptide_id=19967&scanf=28201&charge=2&value=K.YPQLLPGIR.G,AHCY,1.635e+6,2.505,0.021,1.682,0.000
28204,2,"  3.868","  0.549",13/22,/core/www/modules//sdig/index.php?run_id=110202&search_id=114132&scans_id=110198&peptide_id=19969&scanf=28204&charge=2&value=13/22,sp|Q9NQ55|SSF1_HUMAN,/core/www/modules//consensus/?run_id=110202&search_id=114132&scans_id=110198&peptide_id=19969&scanf=28204&charge=2&value=sp|Q9NQ55|SSF1_HUMAN,4,/core/www/modules/match_peptides/blast_html4.php?run_id=110202&search_id=114132&scans_id=110198&peptide_id=19969&scanf=28204&charge=2&value=4,K.TEEELQAILEAK.E,/core/www/modules/show_out/show_out_wrapper.php?run_id=110202&search_id=114132&scans_id=110198&peptide_id=19969&scanf=28204&charge=2&value=K.TEEELQAILEAK.E,PPAN,6.979e+6,3.401,0.001,3.001,0.000
28205,2,"  4.628","  0.695",16/32,/core/www/modules//sdig/index.php?run_id=110202&search_id=114132&scans_id=110198&peptide_id=19970&scanf=28205&charge=2&value=16/32,sp|Q16543|CDC37_HUMAN,/core/www/modules//consensus/?run_id=110202&search_id=114132&scans_id=110198&peptide_id=19970&scanf=28205&charge=2&value=sp|Q16543|CDC37_HUMAN,1,/core/www/modules/match_peptides/blast_html4.php?run_id=110202&search_id=114132&scans_id=110198&peptide_id=19970&scanf=28205&charge=2&value=1,K.EGEEAGPGDPLLEAVPK.T,/core/www/modules/show_out/show_out_wrapper.php?run_id=110202&search_id=114132&scans_id=110198&peptide_id=19970&scanf=28205&charge=2&value=K.EGEEAGPGDPLLEAVPK.T,CDC37,5.630e+6,3.563,0.001,3.242,0.000
28210,4,"  3.120","  0.358",14/102,/core/www/modules//sdig/index.php?run_id=110202&search_id=114132&scans_id=110198&peptide_id=19975&scanf=28210&charge=4&value=14/102,sp|Q12905|ILF2_HUMAN,/core/www/modules//consensus/?run_id=110202&search_id=114132&scans_id=110198&peptide_id=19975&scanf=28210&charge=4&value=sp|Q12905|ILF2_HUMAN,3,/core/www/modules/match_peptides/blast_html4.php?run_id=110202&search_id=114132&scans_id=110198&peptide_id=19975&scanf=28210&charge=4&value=3,K.KGTMTTGHNVADLVVILK.I,/core/www/modules/show_out/show_out_wrapper.php?run_id=110202&search_id=114132&scans_id=110198&peptide_id=19975&scanf=28210&charge=4&value=K.KGTMTTGHNVADLVVILK.I,ILF2,4.847e+6,2.639,0.013,1.876,0.000
28211,2,"  3.201","  0.602",12/22,/core/www/modules//sdig/index.php?run_id=110202&search_id=114132&scans_id=110198&peptide_id=19976&scanf=28211&charge=2&value=12/22,sp|Q9NP77|SSU72_HUMAN,/core/www/modules//consensus/?run_id=110202&search_id=114132&scans_id=110198&peptide_id=19976&scanf=28211&charge=2&value=sp|Q9NP77|SSU72_HUMAN,0,/core/www/modules/match_peptides/blast_html4.php?run_id=110202&search_id=114132&scans_id=110198&peptide_id=19976&scanf=28211&charge=2&value=0,K.TTYDQMYNDLLR.K,/core/www/modules/show_out/show_out_wrapper.php?run_id=110202&search_id=114132&scans_id=110198&peptide_id=19976&scanf=28211&charge=2&value=K.TTYDQMYNDLLR.K,SSU72,1.022e+7,3.410,0.001,3.015,0.000
28214,3,"  1.533","  0.142",10/44,/core/www/modules//sdig/index.php?run_id=110202&search_id=114132&scans_id=110198&peptide_id=19979&scanf=28214&charge=3&value=10/44,sp|P28482|MK01_HUMAN,/core/www/modules//consensus/?run_id=110202&search_id=114132&scans_id=110198&peptide_id=19979&scanf=28214&charge=3&value=sp|P28482|MK01_HUMAN,0,/core/www/modules/match_peptides/blast_html4.php?run_id=110202&search_id=114132&scans_id=110198&peptide_id=19979&scanf=28214&charge=3&value=0,R.HENIIGINDIIR.A,/core/www/modules/show_out/show_out_wrapper.php?run_id=110202&search_id=114132&scans_id=110198&peptide_id=19979&scanf=28214&charge=3&value=R.HENIIGINDIIR.A,MAPK1,2.736e+6,1.869,0.157,0.804,0.008
28216,3,"  3.193","  0.503",15/48,/core/www/modules//sdig/index.php?run_id=110202&search_id=114132&scans_id=110198&peptide_id=19981&scanf=28216&charge=3&value=15/48,sp|Q92922|SMRC1_HUMAN,/core/www/modules//consensus/?run_id=110202&search_id=114132&scans_id=110198&peptide_id=19981&scanf=28216&charge=3&value=sp|Q92922|SMRC1_HUMAN,0,/core/www/modules/match_peptides/blast_html4.php?run_id=110202&search_id=114132&scans_id=110198&peptide_id=19981&scanf=28216&charge=3&value=0,R.EEVPLELVEAHVK.K,/core/www/modules/show_out/show_out_wrapper.php?run_id=110202&search_id=114132&scans_id=110198&peptide_id=19981&scanf=28216&charge=3&value=R.EEVPLELVEAHVK.K,SMARCC1,7.492e+6,3.269,0.002,2.805,0.000
28219,3,"  4.812","  0.616",18/68,/core/www/modules//sdig/index.php?run_id=110202&search_id=114132&scans_id=110198&peptide_id=19984&scanf=28219&charge=3&value=18/68,sp|Q12905|ILF2_HUMAN,/core/www/modules//consensus/?run_id=110202&search_id=114132&scans_id=110198&peptide_id=19984&scanf=28219&charge=3&value=sp|Q12905|ILF2_HUMAN,3,/core/www/modules/match_peptides/blast_html4.php?run_id=110202&search_id=114132&scans_id=110198&peptide_id=19984&scanf=28219&charge=3&value=3,K.KGTMTTGHNVADLVVILK.I,/core/www/modules/show_out/show_out_wrapper.php?run_id=110202&search_id=114132&scans_id=110198&peptide_id=19984&scanf=28219&charge=3&value=K.KGTMTTGHNVADLVVILK.I,ILF2,2.908e+6,3.206,0.002,2.713,0.000
28228,2,"  1.850","  0.323",9/22,/core/www/modules//sdig/index.php?run_id=110202&search_id=114132&scans_id=110198&peptide_id=19993&scanf=28228&charge=2&value=9/22,sp|P62310|LSM3_HUMAN,/core/www/modules//consensus/?run_id=110202&search_id=114132&scans_id=110198&peptide_id=19993&scanf=28228&charge=2&value=sp|P62310|LSM3_HUMAN,0,/core/www/modules/match_peptides/blast_html4.php?run_id=110202&search_id=114132&scans_id=110198&peptide_id=19993&scanf=28228&charge=2&value=0,R.GDGVVLVAPPLR.V,/core/www/modules/show_out/show_out_wrapper.php?run_id=110202&search_id=114132&scans_id=110198&peptide_id=19993&scanf=28228&charge=2&value=R.GDGVVLVAPPLR.V,LSM3,9.117e+6,2.215,0.054,1.266,0.002
28233,2,"  5.174","  0.717",24/36,/core/www/modules//sdig/index.php?run_id=110202&search_id=114132&scans_id=110198&peptide_id=19999&scanf=28233&charge=2&value=24/36,sp|Q6P2Q9|PRP8_HUMAN,/core/www/modules//consensus/?run_id=110202&search_id=114132&scans_id=110198&peptide_id=19999&scanf=28233&charge=2&value=sp|Q6P2Q9|PRP8_HUMAN,0,/core/www/modules/match_peptides/blast_html4.php?run_id=110202&search_id=114132&scans_id=110198&peptide_id=19999&scanf=28233&charge=2&value=0,R.AQIAGYLYGVSPPDNPQVK.E,/core/www/modules/show_out/show_out_wrapper.php?run_id=110202&search_id=114132&scans_id=110198&peptide_id=19999&scanf=28233&charge=2&value=R.AQIAGYLYGVSPPDNPQVK.E,PRPF8,4.081e+6,4.220,0.000,4.216,0.000
28234,2,"  3.203","  0.602",14/26,/core/www/modules//sdig/index.php?run_id=110202&search_id=114132&scans_id=110198&peptide_id=20000&scanf=28234&charge=2&value=14/26,sp|Q9NVR2|INT10_HUMAN,/core/www/modules//consensus/?run_id=110202&search_id=114132&scans_id=110198&peptide_id=20000&scanf=28234&charge=2&value=sp|Q9NVR2|INT10_HUMAN,1,/core/www/modules/match_peptides/blast_html4.php?run_id=110202&search_id=114132&scans_id=110198&peptide_id=20000&scanf=28234&charge=2&value=1,K.AELANSTEVLESFK.L,/core/www/modules/show_out/show_out_wrapper.php?run_id=110202&search_id=114132&scans_id=110198&peptide_id=20000&scanf=28234&charge=2&value=K.AELANSTEVLESFK.L,INTS10,2.917e+6,3.208,0.002,2.715,0.000
28246,2,"  2.868","  0.516",12/16,/core/www/modules//sdig/index.php?run_id=110202&search_id=114132&scans_id=110198&peptide_id=20012&scanf=28246&charge=2&value=12/16,sp|Q9H6R4|NOL6_HUMAN,/core/www/modules//consensus/?run_id=110202&search_id=114132&scans_id=110198&peptide_id=20012&scanf=28246&charge=2&value=sp|Q9H6R4|NOL6_HUMAN,1,/core/www/modules/match_peptides/blast_html4.php?run_id=110202&search_id=114132&scans_id=110198&peptide_id=20012&scanf=28246&charge=2&value=1,R.LSMMLLDSR.A,/core/www/modules/show_out/show_out_wrapper.php?run_id=110202&search_id=114132&scans_id=110198&peptide_id=20012&scanf=28246&charge=2&value=R.LSMMLLDSR.A,NOL6,9.520e+6,3.610,0.000,3.311,0.000
28252,2,"  2.490","  0.540",9/16,/core/www/modules//sdig/index.php?run_id=110202&search_id=114132&scans_id=110198&peptide_id=20019&scanf=28252&charge=2&value=9/16,sp|Q14566|MCM6_HUMAN,/core/www/modules//consensus/?run_id=110202&search_id=114132&scans_id=110198&peptide_id=20019&scanf=28252&charge=2&value=sp|Q14566|MCM6_HUMAN,0,/core/www/modules/match_peptides/blast_html4.php?run_id=110202&search_id=114132&scans_id=110198&peptide_id=20019&scanf=28252&charge=2&value=0,R.SELVNWYLK.E,/core/www/modules/show_out/show_out_wrapper.php?run_id=110202&search_id=114132&scans_id=110198&peptide_id=20019&scanf=28252&charge=2&value=R.SELVNWYLK.E,MCM6,5.026e+6,3.394,0.001,2.991,0.000
28254,3,"  3.387","  0.370",16/56,/core/www/modules//sdig/index.php?run_id=110202&search_id=114132&scans_id=110198&peptide_id=20021&scanf=28254&charge=3&value=16/56,sp|Q15459|SF3A1_HUMAN,/core/www/modules//consensus/?run_id=110202&search_id=114132&scans_id=110198&peptide_id=20021&scanf=28254&charge=3&value=sp|Q15459|SF3A1_HUMAN,0,/core/www/modules/match_peptides/blast_html4.php?run_id=110202&search_id=114132&scans_id=110198&peptide_id=20021&scanf=28254&charge=3&value=0,K.FNFLNPNDPYHAYYR.H,/core/www/modules/show_out/show_out_wrapper.php?run_id=110202&search_id=114132&scans_id=110198&peptide_id=20021&scanf=28254&charge=3&value=K.FNFLNPNDPYHAYYR.H,SF3A1,2.694e+6,2.760,0.009,2.054,0.000
28255,2,"  3.630","  0.665",16/26,/core/www/modules//sdig/index.php?run_id=110202&search_id=114132&scans_id=110198&peptide_id=20022&scanf=28255&charge=2&value=16/26,sp|O00231|PSD11_HUMAN,/core/www/modules//consensus/?run_id=110202&search_id=114132&scans_id=110198&peptide_id=20022&scanf=28255&charge=2&value=sp|O00231|PSD11_HUMAN,0,/core/www/modules/match_peptides/blast_html4.php?run_id=110202&search_id=114132&scans_id=110198&peptide_id=20022&scanf=28255&charge=2&value=0,K.TYEAALETIQNMSK.V,/core/www/modules/show_out/show_out_wrapper.php?run_id=110202&search_id=114132&scans_id=110198&peptide_id=20022&scanf=28255&charge=2&value=K.TYEAALETIQNMSK.V,PSMD11,2.153e+6,3.691,0.000,3.432,0.000
28257,3,"  4.295","  0.574",17/96,/core/www/modules//sdig/index.php?run_id=110202&search_id=114132&scans_id=110198&peptide_id=20024&scanf=28257&charge=3&value=17/96,sp|Q86XZ4|SPAS2_HUMAN,/core/www/modules//consensus/?run_id=110202&search_id=114132&scans_id=110198&peptide_id=20024&scanf=28257&charge=3&value=sp|Q86XZ4|SPAS2_HUMAN,1,/core/www/modules/match_peptides/blast_html4.php?run_id=110202&search_id=114132&scans_id=110198&peptide_id=20024&scanf=28257&charge=3&value=1,K.SLSRPTTETQFSNMGMEDVPLATSK.K,/core/www/modules/show_out/show_out_wrapper.php?run_id=110202&search_id=114132&scans_id=110198&peptide_id=20024&scanf=28257&charge=3&value=K.SLSRPTTETQFSNMGMEDVPLATSK.K,SPATS2,1.316e+6,2.842,0.007,2.175,0.000
28262,2,"  1.957","  0.166",6/16,/core/www/modules//sdig/index.php?run_id=110202&search_id=114132&scans_id=110198&peptide_id=20030&scanf=28262&charge=2&value=6/16,sp|O94826|TOM70_HUMAN,/core/www/modules//consensus/?run_id=110202&search_id=114132&scans_id=110198&peptide_id=20030&scanf=28262&charge=2&value=sp|O94826|TOM70_HUMAN,0,/core/www/modules/match_peptides/blast_html4.php?run_id=110202&search_id=114132&scans_id=110198&peptide_id=20030&scanf=28262&charge=2&value=0,K.YMAEALLLR.A,/core/www/modules/show_out/show_out_wrapper.php?run_id=110202&search_id=114132&scans_id=110198&peptide_id=20030&scanf=28262&charge=2&value=K.YMAEALLLR.A,TOMM70,2.043e+6,1.836,0.173,0.763,0.009
28266,3,"  2.599","  0.669",15/56,/core/www/modules//sdig/index.php?run_id=110202&search_id=114132&scans_id=110198&peptide_id=20033&scanf=28266&charge=3&value=15/56,sp|P09651|ROA1_HUMAN,/core/www/modules//consensus/?run_id=110202&search_id=114132&scans_id=110198&peptide_id=20033&scanf=28266&charge=3&value=sp|P09651|ROA1_HUMAN,11,/core/www/modules/match_peptides/blast_html4.php?run_id=110202&search_id=114132&scans_id=110198&peptide_id=20033&scanf=28266&charge=3&value=11,R.GFAFVTFDDHDSVDK.I,/core/www/modules/show_out/show_out_wrapper.php?run_id=110202&search_id=114132&scans_id=110198&peptide_id=20033&scanf=28266&charge=3&value=R.GFAFVTFDDHDSVDK.I,HNRNPA1,5.015e+8,3.699,0.000,3.443,0.000
28268,2,"  2.790","  0.398",11/24,/core/www/modules//sdig/index.php?run_id=110202&search_id=114132&scans_id=110198&peptide_id=20035&scanf=28268&charge=2&value=11/24,sp|Q99459|CDC5L_HUMAN,/core/www/modules//consensus/?run_id=110202&search_id=114132&scans_id=110198&peptide_id=20035&scanf=28268&charge=2&value=sp|Q99459|CDC5L_HUMAN,0,/core/www/modules/match_peptides/blast_html4.php?run_id=110202&search_id=114132&scans_id=110198&peptide_id=20035&scanf=28268&charge=2&value=0,K.NDFEIVLPENAEK.E,/core/www/modules/show_out/show_out_wrapper.php?run_id=110202&search_id=114132&scans_id=110198&peptide_id=20035&scanf=28268&charge=2&value=K.NDFEIVLPENAEK.E,CDC5L,5.674e+6,2.562,0.017,1.764,0.000
28270,2,"  4.953","  0.658",20/32,/core/www/modules//sdig/index.php?run_id=110202&search_id=114132&scans_id=110198&peptide_id=20038&scanf=28270&charge=2&value=20/32,sp|Q01130|SRSF2_HUMAN,/core/www/modules//consensus/?run_id=110202&search_id=114132&scans_id=110198&peptide_id=20038&scanf=28270&charge=2&value=sp|Q01130|SRSF2_HUMAN,2,/core/www/modules/match_peptides/blast_html4.php?run_id=110202&search_id=114132&scans_id=110198&peptide_id=20038&scanf=28270&charge=2&value=2,R.DAEDAMDAMDGAVLDGR.E,/core/www/modules/show_out/show_out_wrapper.php?run_id=110202&search_id=114132&scans_id=110198&peptide_id=20038&scanf=28270&charge=2&value=R.DAEDAMDAMDGAVLDGR.E,SRSF2,2.865e+7,3.670,0.000,3.401,0.000
28271,2,"  3.255","  0.469",13/28,/core/www/modules//sdig/index.php?run_id=110202&search_id=114132&scans_id=110198&peptide_id=20039&scanf=28271&charge=2&value=13/28,sp|P78371|TCPB_HUMAN,/core/www/modules//consensus/?run_id=110202&search_id=114132&scans_id=110198&peptide_id=20039&scanf=28271&charge=2&value=sp|P78371|TCPB_HUMAN,2,/core/www/modules/match_peptides/blast_html4.php?run_id=110202&search_id=114132&scans_id=110198&peptide_id=20039&scanf=28271&charge=2&value=2,R.DASLMVTNDGATILK.N,/core/www/modules/show_out/show_out_wrapper.php?run_id=110202&search_id=114132&scans_id=110198&peptide_id=20039&scanf=28271&charge=2&value=R.DASLMVTNDGATILK.N,CCT2,8.839e+6,2.924,0.005,2.296,0.000
28273,2,"  3.413","  0.213",13/26,/core/www/modules//sdig/index.php?run_id=110202&search_id=114132&scans_id=110198&peptide_id=20041&scanf=28273&charge=2&value=13/26,sp|P19338|NUCL_HUMAN,/core/www/modules//consensus/?run_id=110202&search_id=114132&scans_id=110198&peptide_id=20041&scanf=28273&charge=2&value=sp|P19338|NUCL_HUMAN,6,/core/www/modules/match_peptides/blast_html4.php?run_id=110202&search_id=114132&scans_id=110198&peptide_id=20041&scanf=28273&charge=2&value=6,K.GFGFVDFNSEEDAK.A,/core/www/modules/show_out/show_out_wrapper.php?run_id=110202&search_id=114132&scans_id=110198&peptide_id=20041&scanf=28273&charge=2&value=K.GFGFVDFNSEEDAK.A,NCL,2.931e+6,2.321,0.038,1.417,0.001
28274,2,"  2.566","  0.491",8/18,/core/www/modules//sdig/index.php?run_id=110202&search_id=114132&scans_id=110198&peptide_id=20042&scanf=28274&charge=2&value=8/18,sp|Q9BSJ8|ESYT1_HUMAN,/core/www/modules//consensus/?run_id=110202&search_id=114132&scans_id=110198&peptide_id=20042&scanf=28274&charge=2&value=sp|Q9BSJ8|ESYT1_HUMAN,0,/core/www/modules/match_peptides/blast_html4.php?run_id=110202&search_id=114132&scans_id=110198&peptide_id=20042&scanf=28274&charge=2&value=0,K.LTLWYYSEER.K,/core/www/modules/show_out/show_out_wrapper.php?run_id=110202&search_id=114132&scans_id=110198&peptide_id=20042&scanf=28274&charge=2&value=K.LTLWYYSEER.K,ESYT1,2.613e+6,2.982,0.004,2.381,0.000
28276,2,"  2.232","  0.499",12/26,/core/www/modules//sdig/index.php?run_id=110202&search_id=114132&scans_id=110198&peptide_id=20044&scanf=28276&charge=2&value=12/26,sp|Q9HAV4|XPO5_HUMAN,/core/www/modules//consensus/?run_id=110202&search_id=114132&scans_id=110198&peptide_id=20044&scanf=28276&charge=2&value=sp|Q9HAV4|XPO5_HUMAN,0,/core/www/modules/match_peptides/blast_html4.php?run_id=110202&search_id=114132&scans_id=110198&peptide_id=20044&scanf=28276&charge=2&value=0,K.LFSSVTFETVEESK.A,/core/www/modules/show_out/show_out_wrapper.php?run_id=110202&search_id=114132&scans_id=110198&peptide_id=20044&scanf=28276&charge=2&value=K.LFSSVTFETVEESK.A,XPO5,2.365e+6,2.851,0.006,2.188,0.000
28277,2,"  2.535","  0.230",9/20,/core/www/modules//sdig/index.php?run_id=110202&search_id=114132&scans_id=110198&peptide_id=20045&scanf=28277&charge=2&value=9/20,sp|O00571|DDX3X_HUMAN,/core/www/modules//consensus/?run_id=110202&search_id=114132&scans_id=110198&peptide_id=20045&scanf=28277&charge=2&value=sp|O00571|DDX3X_HUMAN,27,/core/www/modules/match_peptides/blast_html4.php?run_id=110202&search_id=114132&scans_id=110198&peptide_id=20045&scanf=28277&charge=2&value=27,R.M*LDMGFEPQIR.R,/core/www/modules/show_out/show_out_wrapper.php?run_id=110202&search_id=114132&scans_id=110198&peptide_id=20045&scanf=28277&charge=2&value=R.M*LDMGFEPQIR.R,DDX3X,1.776e+6,2.721,0.010,1.997,0.000
28281,2,"  1.687","  0.332",10/16,/core/www/modules//sdig/index.php?run_id=110202&search_id=114132&scans_id=110198&peptide_id=20050&scanf=28281&charge=2&value=10/16,sp|Q86U86|PB1_HUMAN,/core/www/modules//consensus/?run_id=110202&search_id=114132&scans_id=110198&peptide_id=20050&scanf=28281&charge=2&value=sp|Q86U86|PB1_HUMAN,2,/core/www/modules/match_peptides/blast_html4.php?run_id=110202&search_id=114132&scans_id=110198&peptide_id=20050&scanf=28281&charge=2&value=2,K.IILEPMDLK.I,/core/www/modules/show_out/show_out_wrapper.php?run_id=110202&search_id=114132&scans_id=110198&peptide_id=20050&scanf=28281&charge=2&value=K.IILEPMDLK.I,PBRM1,1.068e+7,2.792,0.008,2.101,0.000
28282,2,"  2.829","  0.541",10/26,/core/www/modules//sdig/index.php?run_id=110202&search_id=114132&scans_id=110198&peptide_id=20051&scanf=28282&charge=2&value=10/26,sp|Q53GQ0|DHB12_HUMAN,/core/www/modules//consensus/?run_id=110202&search_id=114132&scans_id=110198&peptide_id=20051&scanf=28282&charge=2&value=sp|Q53GQ0|DHB12_HUMAN,2,/core/www/modules/match_peptides/blast_html4.php?run_id=110202&search_id=114132&scans_id=110198&peptide_id=20051&scanf=28282&charge=2&value=2,R.TIAVDFASEDIYDK.I,/core/www/modules/show_out/show_out_wrapper.php?run_id=110202&search_id=114132&scans_id=110198&peptide_id=20051&scanf=28282&charge=2&value=R.TIAVDFASEDIYDK.I,HSD17B12,1.525e+6,2.948,0.005,2.332,0.000
28284,2,"  1.596","  0.000",8/12,/core/www/modules//sdig/index.php?run_id=110202&search_id=114132&scans_id=110198&peptide_id=20053&scanf=28284&charge=2&value=8/12,sp|P09651|ROA1_HUMAN,/core/www/modules//consensus/?run_id=110202&search_id=114132&scans_id=110198&peptide_id=20053&scanf=28284&charge=2&value=sp|P09651|ROA1_HUMAN,0,/core/www/modules/match_peptides/blast_html4.php?run_id=110202&search_id=114132&scans_id=110198&peptide_id=20053&scanf=28284&charge=2&value=0,K.IFVGGIK.E,/core/www/modules/show_out/show_out_wrapper.php?run_id=110202&search_id=114132&scans_id=110198&peptide_id=20053&scanf=28284&charge=2&value=K.IFVGGIK.E,HNRNPA1,1.564e+6,2.486,0.022,1.654,0.001
28287,2,"  1.770","  0.179",10/16,/core/www/modules//sdig/index.php?run_id=110202&search_id=114132&scans_id=110198&peptide_id=20055&scanf=28287&charge=2&value=10/16,sp|O60814|H2B1K_HUMAN,/core/www/modules//consensus/?run_id=110202&search_id=114132&scans_id=110198&peptide_id=20055&scanf=28287&charge=2&value=sp|O60814|H2B1K_HUMAN,16,/core/www/modules/match_peptides/blast_html4.php?run_id=110202&search_id=114132&scans_id=110198&peptide_id=20055&scanf=28287&charge=2&value=16,R.LLLPGELAK.H,/core/www/modules/show_out/show_out_wrapper.php?run_id=110202&search_id=114132&scans_id=110198&peptide_id=20055&scanf=28287&charge=2&value=R.LLLPGELAK.H,H2BC12,4.487e+9,2.441,0.026,1.589,0.001
28288,2,"  2.936","  0.505",13/18,/core/www/modules//sdig/index.php?run_id=110202&search_id=114132&scans_id=110198&peptide_id=20056&scanf=28288&charge=2&value=13/18,sp|P05388|RLA0_HUMAN,/core/www/modules//consensus/?run_id=110202&search_id=114132&scans_id=110198&peptide_id=20056&scanf=28288&charge=2&value=sp|P05388|RLA0_HUMAN,8,/core/www/modules/match_peptides/blast_html4.php?run_id=110202&search_id=114132&scans_id=110198&peptide_id=20056&scanf=28288&charge=2&value=8,K.IIQLLDDYPK.C,/core/www/modules/show_out/show_out_wrapper.php?run_id=110202&search_id=114132&scans_id=110198&peptide_id=20056&scanf=28288&charge=2&value=K.IIQLLDDYPK.C,RPLP0,1.704e+8,3.517,0.001,3.173,0.000
28289,3,"  3.540","  0.397",10/76,/core/www/modules//sdig/index.php?run_id=110202&search_id=114132&scans_id=110198&peptide_id=20057&scanf=28289&charge=3&value=10/76,sp|P07477|TRY1_HUMAN,/core/www/modules//consensus/?run_id=110202&search_id=114132&scans_id=110198&peptide_id=20057&scanf=28289&charge=3&value=sp|P07477|TRY1_HUMAN,6,/core/www/modules/match_peptides/blast_html4.php?run_id=110202&search_id=114132&scans_id=110198&peptide_id=20057&scanf=28289&charge=3&value=6,R.LGEHNIEVLEGNEQFINAAK.I,/core/www/modules/show_out/show_out_wrapper.php?run_id=110202&search_id=114132&scans_id=110198&peptide_id=20057&scanf=28289&charge=3&value=R.LGEHNIEVLEGNEQFINAAK.I,PRSS1,2.645e+8,2.279,0.044,1.357,0.001
28291,3,"  3.149","  0.547",14/56,/core/www/modules//sdig/index.php?run_id=110202&search_id=114132&scans_id=110198&peptide_id=20060&scanf=28291&charge=3&value=14/56,sp|Q14697|GANAB_HUMAN,/core/www/modules//consensus/?run_id=110202&search_id=114132&scans_id=110198&peptide_id=20060&scanf=28291&charge=3&value=sp|Q14697|GANAB_HUMAN,2,/core/www/modules/match_peptides/blast_html4.php?run_id=110202&search_id=114132&scans_id=110198&peptide_id=20060&scanf=28291&charge=3&value=2,R.LSFQHDPETSVLVLR.K,/core/www/modules/show_out/show_out_wrapper.php?run_id=110202&search_id=114132&scans_id=110198&peptide_id=20060&scanf=28291&charge=3&value=R.LSFQHDPETSVLVLR.K,GANAB,1.114e+7,3.261,0.002,2.794,0.000
28292,3,"  2.429","  0.275",11/48,/core/www/modules//sdig/index.php?run_id=110202&search_id=114132&scans_id=110198&peptide_id=20061&scanf=28292&charge=3&value=11/48,sp|O76031|CLPX_HUMAN,/core/www/modules//consensus/?run_id=110202&search_id=114132&scans_id=110198&peptide_id=20061&scanf=28292&charge=3&value=sp|O76031|CLPX_HUMAN,0,/core/www/modules/match_peptides/blast_html4.php?run_id=110202&search_id=114132&scans_id=110198&peptide_id=20061&scanf=28292&charge=3&value=0,R.LPVVVPLHSLDEK.T,/core/www/modules/show_out/show_out_wrapper.php?run_id=110202&search_id=114132&scans_id=110198&peptide_id=20061&scanf=28292&charge=3&value=R.LPVVVPLHSLDEK.T,CLPX,4.793e+6,2.318,0.039,1.412,0.001
28302,3,"  2.538","  0.314",11/44,/core/www/modules//sdig/index.php?run_id=110202&search_id=114132&scans_id=110198&peptide_id=20072&scanf=28302&charge=3&value=11/44,sp|P05387|RLA2_HUMAN,/core/www/modules//consensus/?run_id=110202&search_id=114132&scans_id=110198&peptide_id=20072&scanf=28302&charge=3&value=sp|P05387|RLA2_HUMAN,1,/core/www/modules/match_peptides/blast_html4.php?run_id=110202&search_id=114132&scans_id=110198&peptide_id=20072&scanf=28302&charge=3&value=1,K.NIEDVIAQGIGK.L,/core/www/modules/show_out/show_out_wrapper.php?run_id=110202&search_id=114132&scans_id=110198&peptide_id=20072&scanf=28302&charge=3&value=K.NIEDVIAQGIGK.L,RPLP2,1.398e+7,2.540,0.019,1.733,0.000
28303,2,"  2.158","  0.491",8/12,/core/www/modules//sdig/index.php?run_id=110202&search_id=114132&scans_id=110198&peptide_id=20073&scanf=28303&charge=2&value=8/12,sp|Q69YN2|C19L1_HUMAN,/core/www/modules//consensus/?run_id=110202&search_id=114132&scans_id=110198&peptide_id=20073&scanf=28303&charge=2&value=sp|Q69YN2|C19L1_HUMAN,3,/core/www/modules/match_peptides/blast_html4.php?run_id=110202&search_id=114132&scans_id=110198&peptide_id=20073&scanf=28303&charge=2&value=3,K.FDILFNR.V,/core/www/modules/show_out/show_out_wrapper.php?run_id=110202&search_id=114132&scans_id=110198&peptide_id=20073&scanf=28303&charge=2&value=K.FDILFNR.V,CWF19L1,2.343e+6,3.386,0.001,2.979,0.000
28309,3,"  4.617","  0.321",16/48,/core/www/modules//sdig/index.php?run_id=110202&search_id=114132&scans_id=110198&peptide_id=20078&scanf=28309&charge=3&value=16/48,sp|P08670|VIME_HUMAN,/core/www/modules//consensus/?run_id=110202&search_id=114132&scans_id=110198&peptide_id=20078&scanf=28309&charge=3&value=sp|P08670|VIME_HUMAN,2,/core/www/modules/match_peptides/blast_html4.php?run_id=110202&search_id=114132&scans_id=110198&peptide_id=20078&scanf=28309&charge=3&value=2,K.VESLQEEIAFLKK.L,/core/www/modules/show_out/show_out_wrapper.php?run_id=110202&search_id=114132&scans_id=110198&peptide_id=20078&scanf=28309&charge=3&value=K.VESLQEEIAFLKK.L,VIM,1.014e+9,2.966,0.004,2.358,0.000
28315,3,"  3.969","  0.367",10/72,/core/www/modules//sdig/index.php?run_id=110202&search_id=114132&scans_id=110198&peptide_id=20085&scanf=28315&charge=3&value=10/72,sp|Q6PKG0|LARP1_HUMAN,/core/www/modules//consensus/?run_id=110202&search_id=114132&scans_id=110198&peptide_id=20085&scanf=28315&charge=3&value=sp|Q6PKG0|LARP1_HUMAN,5,/core/www/modules/match_peptides/blast_html4.php?run_id=110202&search_id=114132&scans_id=110198&peptide_id=20085&scanf=28315&charge=3&value=5,R.FSHLTSLPQQLPSQQLMSK.D,/core/www/modules/show_out/show_out_wrapper.php?run_id=110202&search_id=114132&scans_id=110198&peptide_id=20085&scanf=28315&charge=3&value=R.FSHLTSLPQQLPSQQLMSK.D,LARP1,2.442e+6,2.391,0.030,1.517,0.001
28317,3,"  3.222","  0.243",11/80,/core/www/modules//sdig/index.php?run_id=110202&search_id=114132&scans_id=110198&peptide_id=20087&scanf=28317&charge=3&value=11/80,sp|Q8NFD5|ARI1B_HUMAN,/core/www/modules//consensus/?run_id=110202&search_id=114132&scans_id=110198&peptide_id=20087&scanf=28317&charge=3&value=sp|Q8NFD5|ARI1B_HUMAN,9,/core/www/modules/match_peptides/blast_html4.php?run_id=110202&search_id=114132&scans_id=110198&peptide_id=20087&scanf=28317&charge=3&value=9,K.VMPTVPTSQVTGPPPQPPPIR.R,/core/www/modules/show_out/show_out_wrapper.php?run_id=110202&search_id=114132&scans_id=110198&peptide_id=20087&scanf=28317&charge=3&value=K.VMPTVPTSQVTGPPPQPPPIR.R,ARID1B,4.441e+6,1.872,0.156,0.807,0.008
28320,3,"  3.907","  0.634",20/128,/core/www/modules//sdig/index.php?run_id=110202&search_id=114132&scans_id=110198&peptide_id=20091&scanf=28320&charge=3&value=20/128,sp|Q92841|DDX17_HUMAN,/core/www/modules//consensus/?run_id=110202&search_id=114132&scans_id=110198&peptide_id=20091&scanf=28320&charge=3&value=sp|Q92841|DDX17_HUMAN,2,/core/www/modules/match_peptides/blast_html4.php?run_id=110202&search_id=114132&scans_id=110198&peptide_id=20091&scanf=28320&charge=3&value=2,R.ESAAPAAAPTAEAPPPSVVTRPEPQALPSPAIR.A,/core/www/modules/show_out/show_out_wrapper.php?run_id=110202&search_id=114132&scans_id=110198&peptide_id=20091&scanf=28320&charge=3&value=R.ESAAPAAAPTAEAPPPSVVTRPEPQALPSPAIR.A,DDX17,7.205e+6,2.899,0.006,2.259,0.000
28322,2,"  2.751","  0.343",10/14,/core/www/modules//sdig/index.php?run_id=110202&search_id=114132&scans_id=110198&peptide_id=20093&scanf=28322&charge=2&value=10/14,sp|Q92905|CSN5_HUMAN,/core/www/modules//consensus/?run_id=110202&search_id=114132&scans_id=110198&peptide_id=20093&scanf=28322&charge=2&value=sp|Q92905|CSN5_HUMAN,0,/core/www/modules/match_peptides/blast_html4.php?run_id=110202&search_id=114132&scans_id=110198&peptide_id=20093&scanf=28322&charge=2&value=0,K.ISALALLK.M,/core/www/modules/show_out/show_out_wrapper.php?run_id=110202&search_id=114132&scans_id=110198&peptide_id=20093&scanf=28322&charge=2&value=K.ISALALLK.M,COPS5,3.191e+6,2.980,0.004,2.379,0.000
28330,2,"  2.921","  0.594",11/22,/core/www/modules//sdig/index.php?run_id=110202&search_id=114132&scans_id=110198&peptide_id=20101&scanf=28330&charge=2&value=11/22,sp|P52756|RBM5_HUMAN,/core/www/modules//consensus/?run_id=110202&search_id=114132&scans_id=110198&peptide_id=20101&scanf=28330&charge=2&value=sp|P52756|RBM5_HUMAN,2,/core/www/modules/match_peptides/blast_html4.php?run_id=110202&search_id=114132&scans_id=110198&peptide_id=20101&scanf=28330&charge=2&value=2,R.GLPITITESDIR.E,/core/www/modules/show_out/show_out_wrapper.php?run_id=110202&search_id=114132&scans_id=110198&peptide_id=20101&scanf=28330&charge=2&value=R.GLPITITESDIR.E,RBM5,8.805e+6,3.338,0.001,2.909,0.000
28332,3,"  1.907","  0.200",9/40,/core/www/modules//sdig/index.php?run_id=110202&search_id=114132&scans_id=110198&peptide_id=20103&scanf=28332&charge=3&value=9/40,sp|Q14690|RRP5_HUMAN,/core/www/modules//consensus/?run_id=110202&search_id=114132&scans_id=110198&peptide_id=20103&scanf=28332&charge=3&value=sp|Q14690|RRP5_HUMAN,1,/core/www/modules/match_peptides/blast_html4.php?run_id=110202&search_id=114132&scans_id=110198&peptide_id=20103&scanf=28332&charge=3&value=1,K.VFLHLADIYAK.S,/core/www/modules/show_out/show_out_wrapper.php?run_id=110202&search_id=114132&scans_id=110198&peptide_id=20103&scanf=28332&charge=3&value=K.VFLHLADIYAK.S,PDCD11,1.159e+7,2.257,0.047,1.326,0.002
28333,4,"  4.810","  0.463",13/138,/core/www/modules//sdig/index.php?run_id=110202&search_id=114132&scans_id=110198&peptide_id=20104&scanf=28333&charge=4&value=13/138,sp|P46100|ATRX_HUMAN,/core/www/modules//consensus/?run_id=110202&search_id=114132&scans_id=110198&peptide_id=20104&scanf=28333&charge=4&value=sp|P46100|ATRX_HUMAN,4,/core/www/modules/match_peptides/blast_html4.php?run_id=110202&search_id=114132&scans_id=110198&peptide_id=20104&scanf=28333&charge=4&value=4,K.GTVIVQPEPVLNEDKDDFKGPEFR.S,/core/www/modules/show_out/show_out_wrapper.php?run_id=110202&search_id=114132&scans_id=110198&peptide_id=20104&scanf=28333&charge=4&value=K.GTVIVQPEPVLNEDKDDFKGPEFR.S,ATRX,3.407e+6,2.399,0.030,1.528,0.001
28339,2,"  2.921","  0.305",11/32,/core/www/modules//sdig/index.php?run_id=110202&search_id=114132&scans_id=110198&peptide_id=20110&scanf=28339&charge=2&value=11/32,sp|Q9H8G2|CAAP1_HUMAN,/core/www/modules//consensus/?run_id=110202&search_id=114132&scans_id=110198&peptide_id=20110&scanf=28339&charge=2&value=sp|Q9H8G2|CAAP1_HUMAN,0,/core/www/modules/match_peptides/blast_html4.php?run_id=110202&search_id=114132&scans_id=110198&peptide_id=20110&scanf=28339&charge=2&value=0,K.SVNEILGLAESSPNEPK.A,/core/www/modules/show_out/show_out_wrapper.php?run_id=110202&search_id=114132&scans_id=110198&peptide_id=20110&scanf=28339&charge=2&value=K.SVNEILGLAESSPNEPK.A,CAAP1,2.848e+6,1.996,0.108,0.967,0.005
28342,2,"  6.742","  0.701",20/32,/core/www/modules//sdig/index.php?run_id=110202&search_id=114132&scans_id=110198&peptide_id=20114&scanf=28342&charge=2&value=20/32,sp|Q1KMD3|HNRL2_HUMAN,/core/www/modules//consensus/?run_id=110202&search_id=114132&scans_id=110198&peptide_id=20114&scanf=28342&charge=2&value=sp|Q1KMD3|HNRL2_HUMAN,1,/core/www/modules/match_peptides/blast_html4.php?run_id=110202&search_id=114132&scans_id=110198&peptide_id=20114&scanf=28342&charge=2&value=1,R.KEVEGDDVPESIMLEMK.A,/core/www/modules/show_out/show_out_wrapper.php?run_id=110202&search_id=114132&scans_id=110198&peptide_id=20114&scanf=28342&charge=2&value=R.KEVEGDDVPESIMLEMK.A,HNRNPUL2,2.428e+6,3.684,0.000,3.421,0.000
28343,2,"  2.784","  0.422",10/20,/core/www/modules//sdig/index.php?run_id=110202&search_id=114132&scans_id=110198&peptide_id=20115&scanf=28343&charge=2&value=10/20,sp|Q13554|KCC2B_HUMAN,/core/www/modules//consensus/?run_id=110202&search_id=114132&scans_id=110198&peptide_id=20115&scanf=28343&charge=2&value=sp|Q13554|KCC2B_HUMAN,42,/core/www/modules/match_peptides/blast_html4.php?run_id=110202&search_id=114132&scans_id=110198&peptide_id=20115&scanf=28343&charge=2&value=42,K.GAILTTMLATR.N,/core/www/modules/show_out/show_out_wrapper.php?run_id=110202&search_id=114132&scans_id=110198&peptide_id=20115&scanf=28343&charge=2&value=K.GAILTTMLATR.N,CAMK2B,2.518e+6,2.781,0.008,2.085,0.000
28346,3,"  2.969","  0.315",6/52,/core/www/modules//sdig/index.php?run_id=110202&search_id=114132&scans_id=110198&peptide_id=20118&scanf=28346&charge=3&value=6/52,sp|O14980|XPO1_HUMAN,/core/www/modules//consensus/?run_id=110202&search_id=114132&scans_id=110198&peptide_id=20118&scanf=28346&charge=3&value=sp|O14980|XPO1_HUMAN,16,/core/www/modules/match_peptides/blast_html4.php?run_id=110202&search_id=114132&scans_id=110198&peptide_id=20118&scanf=28346&charge=3&value=16,R.VDTILEFSQNMNTK.Y,/core/www/modules/show_out/show_out_wrapper.php?run_id=110202&search_id=114132&scans_id=110198&peptide_id=20118&scanf=28346&charge=3&value=R.VDTILEFSQNMNTK.Y,XPO1,3.808e+6,2.392,0.030,1.518,0.001
28350,2,"  3.203","  0.000",14/24,/core/www/modules//sdig/index.php?run_id=110202&search_id=114132&scans_id=110198&peptide_id=20122&scanf=28350&charge=2&value=14/24,sp|P07900|HS90A_HUMAN,/core/www/modules//consensus/?run_id=110202&search_id=114132&scans_id=110198&peptide_id=20122&scanf=28350&charge=2&value=sp|P07900|HS90A_HUMAN,0,/core/www/modules/match_peptides/blast_html4.php?run_id=110202&search_id=114132&scans_id=110198&peptide_id=20122&scanf=28350&charge=2&value=0,R.TLTIVDTGIGMTK.A,/core/www/modules/show_out/show_out_wrapper.php?run_id=110202&search_id=114132&scans_id=110198&peptide_id=20122&scanf=28350&charge=2&value=R.TLTIVDTGIGMTK.A,HSP90AA1,9.591e+7,4.080,0.000,4.008,0.000
28352,2,"  2.811","  0.446",13/24,/core/www/modules//sdig/index.php?run_id=110202&search_id=114132&scans_id=110198&peptide_id=20124&scanf=28352&charge=2&value=13/24,sp|O75643|U520_HUMAN,/core/www/modules//consensus/?run_id=110202&search_id=114132&scans_id=110198&peptide_id=20124&scanf=28352&charge=2&value=sp|O75643|U520_HUMAN,1,/core/www/modules/match_peptides/blast_html4.php?run_id=110202&search_id=114132&scans_id=110198&peptide_id=20124&scanf=28352&charge=2&value=1,K.EIDLLLGQTDDTR.Y,/core/www/modules/show_out/show_out_wrapper.php?run_id=110202&search_id=114132&scans_id=110198&peptide_id=20124&scanf=28352&charge=2&value=K.EIDLLLGQTDDTR.Y,SNRNP200,1.441e+7,3.151,0.002,2.631,0.000
28355,3,"  2.363","  0.203",11/68,/core/www/modules//sdig/index.php?run_id=110202&search_id=114132&scans_id=110198&peptide_id=20127&scanf=28355&charge=3&value=11/68,sp|Q8IY67|RAVR1_HUMAN,/core/www/modules//consensus/?run_id=110202&search_id=114132&scans_id=110198&peptide_id=20127&scanf=28355&charge=3&value=sp|Q8IY67|RAVR1_HUMAN,2,/core/www/modules/match_peptides/blast_html4.php?run_id=110202&search_id=114132&scans_id=110198&peptide_id=20127&scanf=28355&charge=3&value=2,R.GKPPPLLPSVLGPAGGDR.E,/core/www/modules/show_out/show_out_wrapper.php?run_id=110202&search_id=114132&scans_id=110198&peptide_id=20127&scanf=28355&charge=3&value=R.GKPPPLLPSVLGPAGGDR.E,RAVER1,5.258e+6,1.813,0.184,0.734,0.010
28356,3,"  3.859","  0.591",16/84,/core/www/modules//sdig/index.php?run_id=110202&search_id=114132&scans_id=110198&peptide_id=20128&scanf=28356&charge=3&value=16/84,sp|Q9Y676|RT18B_HUMAN,/core/www/modules//consensus/?run_id=110202&search_id=114132&scans_id=110198&peptide_id=20128&scanf=28356&charge=3&value=sp|Q9Y676|RT18B_HUMAN,1,/core/www/modules/match_peptides/blast_html4.php?run_id=110202&search_id=114132&scans_id=110198&peptide_id=20128&scanf=28356&charge=3&value=1,K.APSEEDSLSSVPISPYKDEPWK.Y,/core/www/modules/show_out/show_out_wrapper.php?run_id=110202&search_id=114132&scans_id=110198&peptide_id=20128&scanf=28356&charge=3&value=K.APSEEDSLSSVPISPYKDEPWK.Y,MRPS18B,2.563e+6,2.790,0.008,2.098,0.000
28359,2,"  1.419","  0.210",8/18,/core/www/modules//sdig/index.php?run_id=110202&search_id=114132&scans_id=110198&peptide_id=20131&scanf=28359&charge=2&value=8/18,sp|Q66K74|MAP1S_HUMAN,/core/www/modules//consensus/?run_id=110202&search_id=114132&scans_id=110198&peptide_id=20131&scanf=28359&charge=2&value=sp|Q66K74|MAP1S_HUMAN,1,/core/www/modules/match_peptides/blast_html4.php?run_id=110202&search_id=114132&scans_id=110198&peptide_id=20131&scanf=28359&charge=2&value=1,R.AVLDALLASK.Q,/core/www/modules/show_out/show_out_wrapper.php?run_id=110202&search_id=114132&scans_id=110198&peptide_id=20131&scanf=28359&charge=2&value=R.AVLDALLASK.Q,MAP1S,3.889e+6,2.014,0.102,0.991,0.005
28364,2,"  2.309","  0.457",10/20,/core/www/modules//sdig/index.php?run_id=110202&search_id=114132&scans_id=110198&peptide_id=20137&scanf=28364&charge=2&value=10/20,sp|Q15022|SUZ12_HUMAN,/core/www/modules//consensus/?run_id=110202&search_id=114132&scans_id=110198&peptide_id=20137&scanf=28364&charge=2&value=sp|Q15022|SUZ12_HUMAN,1,/core/www/modules/match_peptides/blast_html4.php?run_id=110202&search_id=114132&scans_id=110198&peptide_id=20137&scanf=28364&charge=2&value=1,K.TFVAQMTVFDK.N,/core/www/modules/show_out/show_out_wrapper.php?run_id=110202&search_id=114132&scans_id=110198&peptide_id=20137&scanf=28364&charge=2&value=K.TFVAQMTVFDK.N,SUZ12,1.851e+6,2.783,0.008,2.088,0.000
28373,3,"  8.203","  0.610",26/100,/core/www/modules//sdig/index.php?run_id=110202&search_id=114132&scans_id=110198&peptide_id=20146&scanf=28373&charge=3&value=26/100,sp|O60563|CCNT1_HUMAN,/core/www/modules//consensus/?run_id=110202&search_id=114132&scans_id=110198&peptide_id=20146&scanf=28373&charge=3&value=sp|O60563|CCNT1_HUMAN,0,/core/www/modules/match_peptides/blast_html4.php?run_id=110202&search_id=114132&scans_id=110198&peptide_id=20146&scanf=28373&charge=3&value=0,R.TSENLALTGVDHSLPQDGSNAFISQK.Q,/core/www/modules/show_out/show_out_wrapper.php?run_id=110202&search_id=114132&scans_id=110198&peptide_id=20146&scanf=28373&charge=3&value=R.TSENLALTGVDHSLPQDGSNAFISQK.Q,CCNT1,4.540e+6,3.339,0.001,2.910,0.000
28374,2,"  2.468","  0.421",11/14,/core/www/modules//sdig/index.php?run_id=110202&search_id=114132&scans_id=110198&peptide_id=20147&scanf=28374&charge=2&value=11/14,sp|Q14839|CHD4_HUMAN,/core/www/modules//consensus/?run_id=110202&search_id=114132&scans_id=110198&peptide_id=20147&scanf=28374&charge=2&value=sp|Q14839|CHD4_HUMAN,20,/core/www/modules/match_peptides/blast_html4.php?run_id=110202&search_id=114132&scans_id=110198&peptide_id=20147&scanf=28374&charge=2&value=20,R.IGVMSLIR.K,/core/www/modules/show_out/show_out_wrapper.php?run_id=110202&search_id=114132&scans_id=110198&peptide_id=20147&scanf=28374&charge=2&value=R.IGVMSLIR.K,CHD4,4.105e+7,3.488,0.001,3.131,0.000
28375,2,"  2.608","  0.545",12/22,/core/www/modules//sdig/index.php?run_id=110202&search_id=114132&scans_id=110198&peptide_id=20148&scanf=28375&charge=2&value=12/22,sp|Q15393|SF3B3_HUMAN,/core/www/modules//consensus/?run_id=110202&search_id=114132&scans_id=110198&peptide_id=20148&scanf=28375&charge=2&value=sp|Q15393|SF3B3_HUMAN,0,/core/www/modules/match_peptides/blast_html4.php?run_id=110202&search_id=114132&scans_id=110198&peptide_id=20148&scanf=28375&charge=2&value=0,R.IVPGQFLAVDPK.G,/core/www/modules/show_out/show_out_wrapper.php?run_id=110202&search_id=114132&scans_id=110198&peptide_id=20148&scanf=28375&charge=2&value=R.IVPGQFLAVDPK.G,SF3B3,3.468e+7,3.339,0.001,2.909,0.000
28378,2,"  3.036","  0.554",14/26,/core/www/modules//sdig/index.php?run_id=110202&search_id=114132&scans_id=110198&peptide_id=20151&scanf=28378&charge=2&value=14/26,sp|Q9NVR2|INT10_HUMAN,/core/www/modules//consensus/?run_id=110202&search_id=114132&scans_id=110198&peptide_id=20151&scanf=28378&charge=2&value=sp|Q9NVR2|INT10_HUMAN,1,/core/www/modules/match_peptides/blast_html4.php?run_id=110202&search_id=114132&scans_id=110198&peptide_id=20151&scanf=28378&charge=2&value=1,K.AELANSTEVLESFK.L,/core/www/modules/show_out/show_out_wrapper.php?run_id=110202&search_id=114132&scans_id=110198&peptide_id=20151&scanf=28378&charge=2&value=K.AELANSTEVLESFK.L,INTS10,2.917e+6,3.137,0.002,2.610,0.000
28382,3,"  3.765","  0.424",12/76,/core/www/modules//sdig/index.php?run_id=110202&search_id=114132&scans_id=110198&peptide_id=20155&scanf=28382&charge=3&value=12/76,sp|Q00341|VIGLN_HUMAN,/core/www/modules//consensus/?run_id=110202&search_id=114132&scans_id=110198&peptide_id=20155&scanf=28382&charge=3&value=sp|Q00341|VIGLN_HUMAN,2,/core/www/modules/match_peptides/blast_html4.php?run_id=110202&search_id=114132&scans_id=110198&peptide_id=20155&scanf=28382&charge=3&value=2,K.APDMSSSEEFPSFGAQVAPK.T,/core/www/modules/show_out/show_out_wrapper.php?run_id=110202&search_id=114132&scans_id=110198&peptide_id=20155&scanf=28382&charge=3&value=K.APDMSSSEEFPSFGAQVAPK.T,HDLBP,4.496e+6,2.558,0.017,1.758,0.000
28383,2,"  3.539","  0.609",11/26,/core/www/modules//sdig/index.php?run_id=110202&search_id=114132&scans_id=110198&peptide_id=20156&scanf=28383&charge=2&value=11/26,sp|Q96GQ7|DDX27_HUMAN,/core/www/modules//consensus/?run_id=110202&search_id=114132&scans_id=110198&peptide_id=20156&scanf=28383&charge=2&value=sp|Q96GQ7|DDX27_HUMAN,2,/core/www/modules/match_peptides/blast_html4.php?run_id=110202&search_id=114132&scans_id=110198&peptide_id=20156&scanf=28383&charge=2&value=2,R.QTMLFSATMTDEVK.D,/core/www/modules/show_out/show_out_wrapper.php?run_id=110202&search_id=114132&scans_id=110198&peptide_id=20156&scanf=28383&charge=2&value=R.QTMLFSATMTDEVK.D,DDX27,2.058e+7,3.094,0.003,2.548,0.000
28385,2,"  1.509","  0.246",6/14,/core/www/modules//sdig/index.php?run_id=110202&search_id=114132&scans_id=110198&peptide_id=20158&scanf=28385&charge=2&value=6/14,sp|O75340|PDCD6_HUMAN,/core/www/modules//consensus/?run_id=110202&search_id=114132&scans_id=110198&peptide_id=20158&scanf=28385&charge=2&value=sp|O75340|PDCD6_HUMAN,0,/core/www/modules/match_peptides/blast_html4.php?run_id=110202&search_id=114132&scans_id=110198&peptide_id=20158&scanf=28385&charge=2&value=0,R.SIISMFDR.E,/core/www/modules/show_out/show_out_wrapper.php?run_id=110202&search_id=114132&scans_id=110198&peptide_id=20158&scanf=28385&charge=2&value=R.SIISMFDR.E,PDCD6,2.713e+6,2.158,0.065,1.187,0.002
28386,3,"  3.968","  0.433",15/80,/core/www/modules//sdig/index.php?run_id=110202&search_id=114132&scans_id=110198&peptide_id=20159&scanf=28386&charge=3&value=15/80,sp|Q01082|SPTB2_HUMAN,/core/www/modules//consensus/?run_id=110202&search_id=114132&scans_id=110198&peptide_id=20159&scanf=28386&charge=3&value=sp|Q01082|SPTB2_HUMAN,1,/core/www/modules/match_peptides/blast_html4.php?run_id=110202&search_id=114132&scans_id=110198&peptide_id=20159&scanf=28386&charge=3&value=1,R.MPLATSTDHGHNLQTVQLLIK.K,/core/www/modules/show_out/show_out_wrapper.php?run_id=110202&search_id=114132&scans_id=110198&peptide_id=20159&scanf=28386&charge=3&value=R.MPLATSTDHGHNLQTVQLLIK.K,SPTBN1,1.333e+6,2.759,0.009,2.052,0.000
28387,3,"  2.814","  0.298",10/60,/core/www/modules//sdig/index.php?run_id=110202&search_id=114132&scans_id=110198&peptide_id=20160&scanf=28387&charge=3&value=10/60,sp|O94760|DDAH1_HUMAN,/core/www/modules//consensus/?run_id=110202&search_id=114132&scans_id=110198&peptide_id=20160&scanf=28387&charge=3&value=sp|O94760|DDAH1_HUMAN,1,/core/www/modules/match_peptides/blast_html4.php?run_id=110202&search_id=114132&scans_id=110198&peptide_id=20160&scanf=28387&charge=3&value=1,K.DYAVSTVPVADGLHLK.S,/core/www/modules/show_out/show_out_wrapper.php?run_id=110202&search_id=114132&scans_id=110198&peptide_id=20160&scanf=28387&charge=3&value=K.DYAVSTVPVADGLHLK.S,DDAH1,2.141e+6,2.191,0.059,1.232,0.002
28390,3,"  2.033","  0.372",11/40,/core/www/modules//sdig/index.php?run_id=110202&search_id=114132&scans_id=110198&peptide_id=20164&scanf=28390&charge=3&value=11/40,sp|O43707|ACTN4_HUMAN,/core/www/modules//consensus/?run_id=110202&search_id=114132&scans_id=110198&peptide_id=20164&scanf=28390&charge=3&value=sp|O43707|ACTN4_HUMAN,5,/core/www/modules/match_peptides/blast_html4.php?run_id=110202&search_id=114132&scans_id=110198&peptide_id=20164&scanf=28390&charge=3&value=5,K.DGLAFNALIHR.H,/core/www/modules/show_out/show_out_wrapper.php?run_id=110202&search_id=114132&scans_id=110198&peptide_id=20164&scanf=28390&charge=3&value=K.DGLAFNALIHR.H,ACTN4,2.409e+8,3.145,0.002,2.623,0.000
28393,2,"  2.446","  0.423",11/16,/core/www/modules//sdig/index.php?run_id=110202&search_id=114132&scans_id=110198&peptide_id=20166&scanf=28393&charge=2&value=11/16,sp|P07900|HS90A_HUMAN,/core/www/modules//consensus/?run_id=110202&search_id=114132&scans_id=110198&peptide_id=20166&scanf=28393&charge=2&value=sp|P07900|HS90A_HUMAN,0,/core/www/modules/match_peptides/blast_html4.php?run_id=110202&search_id=114132&scans_id=110198&peptide_id=20166&scanf=28393&charge=2&value=0,R.APFDLFENR.K,/core/www/modules/show_out/show_out_wrapper.php?run_id=110202&search_id=114132&scans_id=110198&peptide_id=20166&scanf=28393&charge=2&value=R.APFDLFENR.K,HSP90AA1,3.751e+7,3.396,0.001,2.994,0.000
28395,2,"  3.135","  0.239",11/18,/core/www/modules//sdig/index.php?run_id=110202&search_id=114132&scans_id=110198&peptide_id=20168&scanf=28395&charge=2&value=11/18,sp|P20700|LMNB1_HUMAN,/core/www/modules//consensus/?run_id=110202&search_id=114132&scans_id=110198&peptide_id=20168&scanf=28395&charge=2&value=sp|P20700|LMNB1_HUMAN,1,/core/www/modules/match_peptides/blast_html4.php?run_id=110202&search_id=114132&scans_id=110198&peptide_id=20168&scanf=28395&charge=2&value=1,R.IQELEDLLAK.E,/core/www/modules/show_out/show_out_wrapper.php?run_id=110202&search_id=114132&scans_id=110198&peptide_id=20168&scanf=28395&charge=2&value=R.IQELEDLLAK.E,LMNB1,3.003e+7,2.536,0.019,1.726,0.000
28397,3,"  2.872","  0.384",11/64,/core/www/modules//sdig/index.php?run_id=110202&search_id=114132&scans_id=110198&peptide_id=20170&scanf=28397&charge=3&value=11/64,sp|Q9H8G2|CAAP1_HUMAN,/core/www/modules//consensus/?run_id=110202&search_id=114132&scans_id=110198&peptide_id=20170&scanf=28397&charge=3&value=sp|Q9H8G2|CAAP1_HUMAN,0,/core/www/modules/match_peptides/blast_html4.php?run_id=110202&search_id=114132&scans_id=110198&peptide_id=20170&scanf=28397&charge=3&value=0,K.SVNEILGLAESSPNEPK.A,/core/www/modules/show_out/show_out_wrapper.php?run_id=110202&search_id=114132&scans_id=110198&peptide_id=20170&scanf=28397&charge=3&value=K.SVNEILGLAESSPNEPK.A,CAAP1,1.295e+7,2.409,0.029,1.543,0.001
28398,3,"  4.289","  0.644",21/76,/core/www/modules//sdig/index.php?run_id=110202&search_id=114132&scans_id=110198&peptide_id=20171&scanf=28398&charge=3&value=21/76,sp|Q9H5Z1|DHX35_HUMAN,/core/www/modules//consensus/?run_id=110202&search_id=114132&scans_id=110198&peptide_id=20171&scanf=28398&charge=3&value=sp|Q9H5Z1|DHX35_HUMAN,1,/core/www/modules/match_peptides/blast_html4.php?run_id=110202&search_id=114132&scans_id=110198&peptide_id=20171&scanf=28398&charge=3&value=1,R.LYTEEAFDKLPQSTVPEMQR.S,/core/www/modules/show_out/show_out_wrapper.php?run_id=110202&search_id=114132&scans_id=110198&peptide_id=20171&scanf=28398&charge=3&value=R.LYTEEAFDKLPQSTVPEMQR.S,DHX35,3.206e+6,3.122,0.003,2.588,0.000
28402,2,"  1.358","  0.202",7/12,/core/www/modules//sdig/index.php?run_id=110202&search_id=114132&scans_id=110198&peptide_id=20176&scanf=28402&charge=2&value=7/12,sp|Q96EY1|DNJA3_HUMAN,/core/www/modules//consensus/?run_id=110202&search_id=114132&scans_id=110198&peptide_id=20176&scanf=28402&charge=2&value=sp|Q96EY1|DNJA3_HUMAN,0,/core/www/modules/match_peptides/blast_html4.php?run_id=110202&search_id=114132&scans_id=110198&peptide_id=20176&scanf=28402&charge=2&value=0,R.EIFITFR.V,/core/www/modules/show_out/show_out_wrapper.php?run_id=110202&search_id=114132&scans_id=110198&peptide_id=20176&scanf=28402&charge=2&value=R.EIFITFR.V,DNAJA3,2.875e+6,2.240,0.050,1.301,0.002
28404,4,"  5.056","  0.526",17/132,/core/www/modules//sdig/index.php?run_id=110202&search_id=114132&scans_id=110198&peptide_id=20178&scanf=28404&charge=4&value=17/132,sp|P21333|FLNA_HUMAN,/core/www/modules//consensus/?run_id=110202&search_id=114132&scans_id=110198&peptide_id=20178&scanf=28404&charge=4&value=sp|P21333|FLNA_HUMAN,4,/core/www/modules/match_peptides/blast_html4.php?run_id=110202&search_id=114132&scans_id=110198&peptide_id=20178&scanf=28404&charge=4&value=4,K.GQHVPGSPFQFTVGPLGEGGAHK.V,/core/www/modules/show_out/show_out_wrapper.php?run_id=110202&search_id=114132&scans_id=110198&peptide_id=20178&scanf=28404&charge=4&value=K.GQHVPGSPFQFTVGPLGEGGAHK.V,FLNA,1.234e+7,3.402,0.001,3.003,0.000
28406,2,"  1.936","  0.426",8/18,/core/www/modules//sdig/index.php?run_id=110202&search_id=114132&scans_id=110198&peptide_id=20180&scanf=28406&charge=2&value=8/18,tr|A0A0U1RQF0|A0A0U1RQF0_HUMAN,/core/www/modules//consensus/?run_id=110202&search_id=114132&scans_id=110198&peptide_id=20180&scanf=28406&charge=2&value=tr|A0A0U1RQF0|A0A0U1RQF0_HUMAN,1,/core/www/modules/match_peptides/blast_html4.php?run_id=110202&search_id=114132&scans_id=110198&peptide_id=20180&scanf=28406&charge=2&value=1,R.GTPLISPLIK.W,/core/www/modules/show_out/show_out_wrapper.php?run_id=110202&search_id=114132&scans_id=110198&peptide_id=20180&scanf=28406&charge=2&value=R.GTPLISPLIK.W,FASN,3.741e+6,2.782,0.008,2.087,0.000
28408,2,"  3.768","  0.685",19/42,/core/www/modules//sdig/index.php?run_id=110202&search_id=114132&scans_id=110198&peptide_id=20182&scanf=28408&charge=2&value=19/42,sp|P21333|FLNA_HUMAN,/core/www/modules//consensus/?run_id=110202&search_id=114132&scans_id=110198&peptide_id=20182&scanf=28408&charge=2&value=sp|P21333|FLNA_HUMAN,2,/core/www/modules/match_peptides/blast_html4.php?run_id=110202&search_id=114132&scans_id=110198&peptide_id=20182&scanf=28408&charge=2&value=2,K.YTPVQQGPVGVNVTYGGDPIPK.S,/core/www/modules/show_out/show_out_wrapper.php?run_id=110202&search_id=114132&scans_id=110198&peptide_id=20182&scanf=28408&charge=2&value=K.YTPVQQGPVGVNVTYGGDPIPK.S,FLNA,2.617e+6,3.506,0.001,3.156,0.000
28410,3,"  4.458","  0.370",17/84,/core/www/modules//sdig/index.php?run_id=110202&search_id=114132&scans_id=110198&peptide_id=20185&scanf=28410&charge=3&value=17/84,sp|P60709|ACTB_HUMAN,/core/www/modules//consensus/?run_id=110202&search_id=114132&scans_id=110198&peptide_id=20185&scanf=28410&charge=3&value=sp|P60709|ACTB_HUMAN,6,/core/www/modules/match_peptides/blast_html4.php?run_id=110202&search_id=114132&scans_id=110198&peptide_id=20185&scanf=28410&charge=3&value=6,R.KDLYANTVLSGGTTMYPGIADR.M,/core/www/modules/show_out/show_out_wrapper.php?run_id=110202&search_id=114132&scans_id=110198&peptide_id=20185&scanf=28410&charge=3&value=R.KDLYANTVLSGGTTMYPGIADR.M,ACTB,2.638e+8,2.683,0.011,1.941,0.000
28413,2,"  2.496","  0.430",11/18,/core/www/modules//sdig/index.php?run_id=110202&search_id=114132&scans_id=110198&peptide_id=20187&scanf=28413&charge=2&value=11/18,sp|Q92616|GCN1_HUMAN,/core/www/modules//consensus/?run_id=110202&search_id=114132&scans_id=110198&peptide_id=20187&scanf=28413&charge=2&value=sp|Q92616|GCN1_HUMAN,0,/core/www/modules/match_peptides/blast_html4.php?run_id=110202&search_id=114132&scans_id=110198&peptide_id=20187&scanf=28413&charge=2&value=0,R.LMDEAVLALR.N,/core/www/modules/show_out/show_out_wrapper.php?run_id=110202&search_id=114132&scans_id=110198&peptide_id=20187&scanf=28413&charge=2&value=R.LMDEAVLALR.N,GCN1,8.618e+6,3.159,0.002,2.642,0.000
28414,2,"  1.987","  0.299",8/18,/core/www/modules//sdig/index.php?run_id=110202&search_id=114132&scans_id=110198&peptide_id=20188&scanf=28414&charge=2&value=8/18,sp|O43464|HTRA2_HUMAN,/core/www/modules//consensus/?run_id=110202&search_id=114132&scans_id=110198&peptide_id=20188&scanf=28414&charge=2&value=sp|O43464|HTRA2_HUMAN,3,/core/www/modules/match_peptides/blast_html4.php?run_id=110202&search_id=114132&scans_id=110198&peptide_id=20188&scanf=28414&charge=2&value=3,K.EPLPTLPLGR.S,/core/www/modules/show_out/show_out_wrapper.php?run_id=110202&search_id=114132&scans_id=110198&peptide_id=20188&scanf=28414&charge=2&value=K.EPLPTLPLGR.S,HTRA2,6.422e+6,2.336,0.037,1.437,0.001
28417,2,"  2.954","  0.529",13/22,/core/www/modules//sdig/index.php?run_id=110202&search_id=114132&scans_id=110198&peptide_id=20191&scanf=28417&charge=2&value=13/22,sp|Q9UKL0|RCOR1_HUMAN,/core/www/modules//consensus/?run_id=110202&search_id=114132&scans_id=110198&peptide_id=20191&scanf=28417&charge=2&value=sp|Q9UKL0|RCOR1_HUMAN,0,/core/www/modules/match_peptides/blast_html4.php?run_id=110202&search_id=114132&scans_id=110198&peptide_id=20191&scanf=28417&charge=2&value=0,R.DFQAISDVIGNK.S,/core/www/modules/show_out/show_out_wrapper.php?run_id=110202&search_id=114132&scans_id=110198&peptide_id=20191&scanf=28417&charge=2&value=R.DFQAISDVIGNK.S,RCOR1,5.628e+6,3.290,0.001,2.837,0.000
28422,3,"  2.288","  0.360",10/72,/core/www/modules//sdig/index.php?run_id=110202&search_id=114132&scans_id=110198&peptide_id=20197&scanf=28422&charge=3&value=10/72,sp|Q9H583|HEAT1_HUMAN,/core/www/modules//consensus/?run_id=110202&search_id=114132&scans_id=110198&peptide_id=20197&scanf=28422&charge=3&value=sp|Q9H583|HEAT1_HUMAN,1,/core/www/modules/match_peptides/blast_html4.php?run_id=110202&search_id=114132&scans_id=110198&peptide_id=20197&scanf=28422&charge=3&value=1,K.SESQEEMLQVFNVETHTSK.Q,/core/www/modules/show_out/show_out_wrapper.php?run_id=110202&search_id=114132&scans_id=110198&peptide_id=20197&scanf=28422&charge=3&value=K.SESQEEMLQVFNVETHTSK.Q,HEATR1,1.970e+6,2.273,0.045,1.348,0.002
28425,2,"  3.459","  0.640",16/30,/core/www/modules//sdig/index.php?run_id=110202&search_id=114132&scans_id=110198&peptide_id=20200&scanf=28425&charge=2&value=16/30,sp|O00154|BACH_HUMAN,/core/www/modules//consensus/?run_id=110202&search_id=114132&scans_id=110198&peptide_id=20200&scanf=28425&charge=2&value=sp|O00154|BACH_HUMAN,1,/core/www/modules/match_peptides/blast_html4.php?run_id=110202&search_id=114132&scans_id=110198&peptide_id=20200&scanf=28425&charge=2&value=1,K.TNIVTASVDAINFHDK.I,/core/www/modules/show_out/show_out_wrapper.php?run_id=110202&search_id=114132&scans_id=110198&peptide_id=20200&scanf=28425&charge=2&value=K.TNIVTASVDAINFHDK.I,ACOT7,2.189e+6,3.427,0.001,3.041,0.000
28427,3,"  4.152","  0.449",19/68,/core/www/modules//sdig/index.php?run_id=110202&search_id=114132&scans_id=110198&peptide_id=20202&scanf=28427&charge=3&value=19/68,sp|Q96HE7|ERO1A_HUMAN,/core/www/modules//consensus/?run_id=110202&search_id=114132&scans_id=110198&peptide_id=20202&scanf=28427&charge=3&value=sp|Q96HE7|ERO1A_HUMAN,0,/core/www/modules/match_peptides/blast_html4.php?run_id=110202&search_id=114132&scans_id=110198&peptide_id=20202&scanf=28427&charge=3&value=0,K.LIANMPESGPSYEFHLTR.Q,/core/www/modules/show_out/show_out_wrapper.php?run_id=110202&search_id=114132&scans_id=110198&peptide_id=20202&scanf=28427&charge=3&value=K.LIANMPESGPSYEFHLTR.Q,ERO1A,6.164e+6,2.882,0.006,2.234,0.000
28430,2,"  2.160","  0.413",8/12,/core/www/modules//sdig/index.php?run_id=110202&search_id=114132&scans_id=110198&peptide_id=20206&scanf=28430&charge=2&value=8/12,sp|Q96I99|SUCB2_HUMAN,/core/www/modules//consensus/?run_id=110202&search_id=114132&scans_id=110198&peptide_id=20206&scanf=28430&charge=2&value=sp|Q96I99|SUCB2_HUMAN,1,/core/www/modules/match_peptides/blast_html4.php?run_id=110202&search_id=114132&scans_id=110198&peptide_id=20206&scanf=28430&charge=2&value=1,K.LYNLFLK.I,/core/www/modules/show_out/show_out_wrapper.php?run_id=110202&search_id=114132&scans_id=110198&peptide_id=20206&scanf=28430&charge=2&value=K.LYNLFLK.I,SUCLG2,4.149e+6,3.172,0.002,2.663,0.000
28434,3,"  3.470","  0.637",19/56,/core/www/modules//sdig/index.php?run_id=110202&search_id=114132&scans_id=110198&peptide_id=20209&scanf=28434&charge=3&value=19/56,sp|P51991|ROA3_HUMAN,/core/www/modules//consensus/?run_id=110202&search_id=114132&scans_id=110198&peptide_id=20209&scanf=28434&charge=3&value=sp|P51991|ROA3_HUMAN,5,/core/www/modules/match_peptides/blast_html4.php?run_id=110202&search_id=114132&scans_id=110198&peptide_id=20209&scanf=28434&charge=3&value=5,R.GFAFVTFDDHDTVDK.I,/core/www/modules/show_out/show_out_wrapper.php?run_id=110202&search_id=114132&scans_id=110198&peptide_id=20209&scanf=28434&charge=3&value=R.GFAFVTFDDHDTVDK.I,HNRNPA3,2.525e+8,3.724,0.000,3.480,0.000
28435,3,"  2.347","  0.281",11/76,/core/www/modules//sdig/index.php?run_id=110202&search_id=114132&scans_id=110198&peptide_id=20210&scanf=28435&charge=3&value=11/76,sp|P07477|TRY1_HUMAN,/core/www/modules//consensus/?run_id=110202&search_id=114132&scans_id=110198&peptide_id=20210&scanf=28435&charge=3&value=sp|P07477|TRY1_HUMAN,6,/core/www/modules/match_peptides/blast_html4.php?run_id=110202&search_id=114132&scans_id=110198&peptide_id=20210&scanf=28435&charge=3&value=6,R.LGEHNIEVLEGNEQFINAAK.I,/core/www/modules/show_out/show_out_wrapper.php?run_id=110202&search_id=114132&scans_id=110198&peptide_id=20210&scanf=28435&charge=3&value=R.LGEHNIEVLEGNEQFINAAK.I,PRSS1,2.645e+8,1.964,0.119,0.924,0.005
28437,2,"  2.270","  0.228",7/18,/core/www/modules//sdig/index.php?run_id=110202&search_id=114132&scans_id=110198&peptide_id=20212&scanf=28437&charge=2&value=7/18,sp|Q08211|DHX9_HUMAN,/core/www/modules//consensus/?run_id=110202&search_id=114132&scans_id=110198&peptide_id=20212&scanf=28437&charge=2&value=sp|Q08211|DHX9_HUMAN,0,/core/www/modules/match_peptides/blast_html4.php?run_id=110202&search_id=114132&scans_id=110198&peptide_id=20212&scanf=28437&charge=2&value=0,R.LGGIGQFLAK.A,/core/www/modules/show_out/show_out_wrapper.php?run_id=110202&search_id=114132&scans_id=110198&peptide_id=20212&scanf=28437&charge=2&value=R.LGGIGQFLAK.A,DHX9,2.054e+6,2.341,0.036,1.445,0.001
28438,3,"  3.453","  0.595",10/64,/core/www/modules//sdig/index.php?run_id=110202&search_id=114132&scans_id=110198&peptide_id=20213&scanf=28438&charge=3&value=10/64,sp|Q01082|SPTB2_HUMAN,/core/www/modules//consensus/?run_id=110202&search_id=114132&scans_id=110198&peptide_id=20213&scanf=28438&charge=3&value=sp|Q01082|SPTB2_HUMAN,2,/core/www/modules/match_peptides/blast_html4.php?run_id=110202&search_id=114132&scans_id=110198&peptide_id=20213&scanf=28438&charge=3&value=2,K.TAGYPNVNIHNFTTSWR.D,/core/www/modules/show_out/show_out_wrapper.php?run_id=110202&search_id=114132&scans_id=110198&peptide_id=20213&scanf=28438&charge=3&value=K.TAGYPNVNIHNFTTSWR.D,SPTBN1,2.780e+6,3.368,0.001,2.953,0.000
28439,3,"  3.323","  0.439",13/60,/core/www/modules//sdig/index.php?run_id=110202&search_id=114132&scans_id=110198&peptide_id=20214&scanf=28439&charge=3&value=13/60,sp|Q8TED0|UTP15_HUMAN,/core/www/modules//consensus/?run_id=110202&search_id=114132&scans_id=110198&peptide_id=20214&scanf=28439&charge=3&value=sp|Q8TED0|UTP15_HUMAN,1,/core/www/modules/match_peptides/blast_html4.php?run_id=110202&search_id=114132&scans_id=110198&peptide_id=20214&scanf=28439&charge=3&value=1,K.LNPDLFITGSYDHTVK.M,/core/www/modules/show_out/show_out_wrapper.php?run_id=110202&search_id=114132&scans_id=110198&peptide_id=20214&scanf=28439&charge=3&value=K.LNPDLFITGSYDHTVK.M,UTP15,2.112e+6,2.678,0.012,1.934,0.000
28441,2,"  4.537","  0.705",20/30,/core/www/modules//sdig/index.php?run_id=110202&search_id=114132&scans_id=110198&peptide_id=20217&scanf=28441&charge=2&value=20/30,sp|P62995|TRA2B_HUMAN,/core/www/modules//consensus/?run_id=110202&search_id=114132&scans_id=110198&peptide_id=20217&scanf=28441&charge=2&value=sp|P62995|TRA2B_HUMAN,0,/core/www/modules/match_peptides/blast_html4.php?run_id=110202&search_id=114132&scans_id=110198&peptide_id=20217&scanf=28441&charge=2&value=0,K.YGPIADVSIVYDQQSR.R,/core/www/modules/show_out/show_out_wrapper.php?run_id=110202&search_id=114132&scans_id=110198&peptide_id=20217&scanf=28441&charge=2&value=K.YGPIADVSIVYDQQSR.R,TRA2B,9.009e+7,3.896,0.000,3.735,0.000
28443,2,"  2.026","  0.364",8/14,/core/www/modules//sdig/index.php?run_id=110202&search_id=114132&scans_id=110198&peptide_id=20219&scanf=28443&charge=2&value=8/14,sp|Q09028|RBBP4_HUMAN,/core/www/modules//consensus/?run_id=110202&search_id=114132&scans_id=110198&peptide_id=20219&scanf=28443&charge=2&value=sp|Q09028|RBBP4_HUMAN,7,/core/www/modules/match_peptides/blast_html4.php?run_id=110202&search_id=114132&scans_id=110198&peptide_id=20219&scanf=28443&charge=2&value=7,K.TVALWDLR.N,/core/www/modules/show_out/show_out_wrapper.php?run_id=110202&search_id=114132&scans_id=110198&peptide_id=20219&scanf=28443&charge=2&value=K.TVALWDLR.N,RBBP4,4.063e+7,2.831,0.007,2.159,0.000
28455,2,"  2.656","  0.543",11/14,/core/www/modules//sdig/index.php?run_id=110202&search_id=114132&scans_id=110198&peptide_id=20231&scanf=28455&charge=2&value=11/14,sp|P38159|RBMX_HUMAN,/core/www/modules//consensus/?run_id=110202&search_id=114132&scans_id=110198&peptide_id=20231&scanf=28455&charge=2&value=sp|P38159|RBMX_HUMAN,4,/core/www/modules/match_peptides/blast_html4.php?run_id=110202&search_id=114132&scans_id=110198&peptide_id=20231&scanf=28455&charge=2&value=4,R.IVEVLLMK.D,/core/www/modules/show_out/show_out_wrapper.php?run_id=110202&search_id=114132&scans_id=110198&peptide_id=20231&scanf=28455&charge=2&value=R.IVEVLLMK.D,RBMX,3.788e+8,3.972,0.000,3.849,0.000
28456,3,"  5.428","  0.691",24/72,/core/www/modules//sdig/index.php?run_id=110202&search_id=114132&scans_id=110198&peptide_id=20232&scanf=28456&charge=3&value=24/72,sp|P08670|VIME_HUMAN,/core/www/modules//consensus/?run_id=110202&search_id=114132&scans_id=110198&peptide_id=20232&scanf=28456&charge=3&value=sp|P08670|VIME_HUMAN,2,/core/www/modules/match_peptides/blast_html4.php?run_id=110202&search_id=114132&scans_id=110198&peptide_id=20232&scanf=28456&charge=3&value=2,R.EMEENFAVEAANYQDTIGR.L,/core/www/modules/show_out/show_out_wrapper.php?run_id=110202&search_id=114132&scans_id=110198&peptide_id=20232&scanf=28456&charge=3&value=R.EMEENFAVEAANYQDTIGR.L,VIM,2.053e+8,4.301,0.000,4.335,0.000
28458,2,"  2.028","  0.366",10/20,/core/www/modules//sdig/index.php?run_id=110202&search_id=114132&scans_id=110198&peptide_id=20234&scanf=28458&charge=2&value=10/20,sp|Q9P2K5|MYEF2_HUMAN,/core/www/modules//consensus/?run_id=110202&search_id=114132&scans_id=110198&peptide_id=20234&scanf=28458&charge=2&value=sp|Q9P2K5|MYEF2_HUMAN,3,/core/www/modules/match_peptides/blast_html4.php?run_id=110202&search_id=114132&scans_id=110198&peptide_id=20234&scanf=28458&charge=2&value=3,R.VFISNIPYDMK.W,/core/www/modules/show_out/show_out_wrapper.php?run_id=110202&search_id=114132&scans_id=110198&peptide_id=20234&scanf=28458&charge=2&value=R.VFISNIPYDMK.W,MYEF2,1.599e+7,2.615,0.014,1.842,0.000
28459,3,"  6.004","  0.656",22/68,/core/www/modules//sdig/index.php?run_id=110202&search_id=114132&scans_id=110198&peptide_id=20235&scanf=28459&charge=3&value=22/68,sp|Q96HE7|ERO1A_HUMAN,/core/www/modules//consensus/?run_id=110202&search_id=114132&scans_id=110198&peptide_id=20235&scanf=28459&charge=3&value=sp|Q96HE7|ERO1A_HUMAN,0,/core/www/modules/match_peptides/blast_html4.php?run_id=110202&search_id=114132&scans_id=110198&peptide_id=20235&scanf=28459&charge=3&value=0,K.LIANMPESGPSYEFHLTR.Q,/core/www/modules/show_out/show_out_wrapper.php?run_id=110202&search_id=114132&scans_id=110198&peptide_id=20235&scanf=28459&charge=3&value=K.LIANMPESGPSYEFHLTR.Q,ERO1A,6.164e+6,3.638,0.000,3.352,0.000
28460,3,"  3.729","  0.362",13/76,/core/www/modules//sdig/index.php?run_id=110202&search_id=114132&scans_id=110198&peptide_id=20237&scanf=28460&charge=3&value=13/76,sp|Q00341|VIGLN_HUMAN,/core/www/modules//consensus/?run_id=110202&search_id=114132&scans_id=110198&peptide_id=20237&scanf=28460&charge=3&value=sp|Q00341|VIGLN_HUMAN,2,/core/www/modules/match_peptides/blast_html4.php?run_id=110202&search_id=114132&scans_id=110198&peptide_id=20237&scanf=28460&charge=3&value=2,K.APDMSSSEEFPSFGAQVAPK.T,/core/www/modules/show_out/show_out_wrapper.php?run_id=110202&search_id=114132&scans_id=110198&peptide_id=20237&scanf=28460&charge=3&value=K.APDMSSSEEFPSFGAQVAPK.T,HDLBP,4.496e+6,2.387,0.031,1.511,0.001
28462,3,"  3.518","  0.481",10/80,/core/www/modules//sdig/index.php?run_id=110202&search_id=114132&scans_id=110198&peptide_id=20239&scanf=28462&charge=3&value=10/80,sp|Q12931|TRAP1_HUMAN,/core/www/modules//consensus/?run_id=110202&search_id=114132&scans_id=110198&peptide_id=20239&scanf=28462&charge=3&value=sp|Q12931|TRAP1_HUMAN,0,/core/www/modules/match_peptides/blast_html4.php?run_id=110202&search_id=114132&scans_id=110198&peptide_id=20239&scanf=28462&charge=3&value=0,K.LVSDGQALPEMEIHLQTNAEK.G,/core/www/modules/show_out/show_out_wrapper.php?run_id=110202&search_id=114132&scans_id=110198&peptide_id=20239&scanf=28462&charge=3&value=K.LVSDGQALPEMEIHLQTNAEK.G,TRAP1,3.163e+6,2.678,0.012,1.933,0.000
28464,2,"  3.785","  0.595",16/26,/core/www/modules//sdig/index.php?run_id=110202&search_id=114132&scans_id=110198&peptide_id=20241&scanf=28464&charge=2&value=16/26,sp|Q15393|SF3B3_HUMAN,/core/www/modules//consensus/?run_id=110202&search_id=114132&scans_id=110198&peptide_id=20241&scanf=28464&charge=2&value=sp|Q15393|SF3B3_HUMAN,0,/core/www/modules/match_peptides/blast_html4.php?run_id=110202&search_id=114132&scans_id=110198&peptide_id=20241&scanf=28464&charge=2&value=0,K.ITLETDEDMVTEIR.L,/core/www/modules/show_out/show_out_wrapper.php?run_id=110202&search_id=114132&scans_id=110198&peptide_id=20241&scanf=28464&charge=2&value=K.ITLETDEDMVTEIR.L,SF3B3,5.806e+6,3.601,0.001,3.298,0.000
28467,3,"  1.765","  0.171",8/44,/core/www/modules//sdig/index.php?run_id=110202&search_id=114132&scans_id=110198&peptide_id=20244&scanf=28467&charge=3&value=8/44,sp|Q9UBF2|COPG2_HUMAN,/core/www/modules//consensus/?run_id=110202&search_id=114132&scans_id=110198&peptide_id=20244&scanf=28467&charge=3&value=sp|Q9UBF2|COPG2_HUMAN,0,/core/www/modules/match_peptides/blast_html4.php?run_id=110202&search_id=114132&scans_id=110198&peptide_id=20244&scanf=28467&charge=3&value=0,K.NSHSLYLAGIFR.G,/core/www/modules/show_out/show_out_wrapper.php?run_id=110202&search_id=114132&scans_id=110198&peptide_id=20244&scanf=28467&charge=3&value=K.NSHSLYLAGIFR.G,COPG2,2.777e+6,1.885,0.150,0.824,0.008
28468,2,"  3.997","  0.645",13/26,/core/www/modules//sdig/index.php?run_id=110202&search_id=114132&scans_id=110198&peptide_id=20245&scanf=28468&charge=2&value=13/26,sp|Q96GQ7|DDX27_HUMAN,/core/www/modules//consensus/?run_id=110202&search_id=114132&scans_id=110198&peptide_id=20245&scanf=28468&charge=2&value=sp|Q96GQ7|DDX27_HUMAN,2,/core/www/modules/match_peptides/blast_html4.php?run_id=110202&search_id=114132&scans_id=110198&peptide_id=20245&scanf=28468&charge=2&value=2,R.QTMLFSATMTDEVK.D,/core/www/modules/show_out/show_out_wrapper.php?run_id=110202&search_id=114132&scans_id=110198&peptide_id=20245&scanf=28468&charge=2&value=R.QTMLFSATMTDEVK.D,DDX27,2.058e+7,3.356,0.001,2.935,0.000
28478,3,"  3.315","  0.439",16/52,/core/www/modules//sdig/index.php?run_id=110202&search_id=114132&scans_id=110198&peptide_id=20255&scanf=28478&charge=3&value=16/52,sp|Q9P0L0|VAPA_HUMAN,/core/www/modules//consensus/?run_id=110202&search_id=114132&scans_id=110198&peptide_id=20255&scanf=28478&charge=3&value=sp|Q9P0L0|VAPA_HUMAN,1,/core/www/modules/match_peptides/blast_html4.php?run_id=110202&search_id=114132&scans_id=110198&peptide_id=20255&scanf=28478&charge=3&value=1,K.HEQILVLDPPTDLK.F,/core/www/modules/show_out/show_out_wrapper.php?run_id=110202&search_id=114132&scans_id=110198&peptide_id=20255&scanf=28478&charge=3&value=K.HEQILVLDPPTDLK.F,VAPA,1.092e+7,3.005,0.004,2.415,0.000
28481,2,"  2.713","  0.435",10/26,/core/www/modules//sdig/index.php?run_id=110202&search_id=114132&scans_id=110198&peptide_id=20259&scanf=28481&charge=2&value=10/26,sp|P42285|MTREX_HUMAN,/core/www/modules//consensus/?run_id=110202&search_id=114132&scans_id=110198&peptide_id=20259&scanf=28481&charge=2&value=sp|P42285|MTREX_HUMAN,1,/core/www/modules/match_peptides/blast_html4.php?run_id=110202&search_id=114132&scans_id=110198&peptide_id=20259&scanf=28481&charge=2&value=1,R.DVDFEGTDEPIFGK.K,/core/www/modules/show_out/show_out_wrapper.php?run_id=110202&search_id=114132&scans_id=110198&peptide_id=20259&scanf=28481&charge=2&value=R.DVDFEGTDEPIFGK.K,MTREX,1.842e+7,2.717,0.010,1.991,0.000
28483,3,"  6.067","  0.728",25/108,/core/www/modules//sdig/index.php?run_id=110202&search_id=114132&scans_id=110198&peptide_id=20261&scanf=28483&charge=3&value=25/108,sp|O00541|PESC_HUMAN,/core/www/modules//consensus/?run_id=110202&search_id=114132&scans_id=110198&peptide_id=20261&scanf=28483&charge=3&value=sp|O00541|PESC_HUMAN,2,/core/www/modules/match_peptides/blast_html4.php?run_id=110202&search_id=114132&scans_id=110198&peptide_id=20261&scanf=28483&charge=3&value=2,R.VVVPATEEEAEVDEFPTDGEMSAQEEDR.R,/core/www/modules/show_out/show_out_wrapper.php?run_id=110202&search_id=114132&scans_id=110198&peptide_id=20261&scanf=28483&charge=3&value=R.VVVPATEEEAEVDEFPTDGEMSAQEEDR.R,PES1,2.922e+6,3.569,0.001,3.250,0.000
28484,2,"  1.565","  0.342",7/16,/core/www/modules//sdig/index.php?run_id=110202&search_id=114132&scans_id=110198&peptide_id=20262&scanf=28484&charge=2&value=7/16,sp|Q9NTI5|PDS5B_HUMAN,/core/www/modules//consensus/?run_id=110202&search_id=114132&scans_id=110198&peptide_id=20262&scanf=28484&charge=2&value=sp|Q9NTI5|PDS5B_HUMAN,0,/core/www/modules/match_peptides/blast_html4.php?run_id=110202&search_id=114132&scans_id=110198&peptide_id=20262&scanf=28484&charge=2&value=0,K.SLVATFIVK.D,/core/www/modules/show_out/show_out_wrapper.php?run_id=110202&search_id=114132&scans_id=110198&peptide_id=20262&scanf=28484&charge=2&value=K.SLVATFIVK.D,PDS5B,1.809e+7,2.521,0.020,1.705,0.000
28485,2,"  4.693","  0.673",18/30,/core/www/modules//sdig/index.php?run_id=110202&search_id=114132&scans_id=110198&peptide_id=20263&scanf=28485&charge=2&value=18/30,sp|P0CG47|UBB_HUMAN,/core/www/modules//consensus/?run_id=110202&search_id=114132&scans_id=110198&peptide_id=20263&scanf=28485&charge=2&value=sp|P0CG47|UBB_HUMAN,19,/core/www/modules/match_peptides/blast_html4.php?run_id=110202&search_id=114132&scans_id=110198&peptide_id=20263&scanf=28485&charge=2&value=19,K.TITLEVEPSDTIENVK.A,/core/www/modules/show_out/show_out_wrapper.php?run_id=110202&search_id=114132&scans_id=110198&peptide_id=20263&scanf=28485&charge=2&value=K.TITLEVEPSDTIENVK.A,UBB,9.473e+6,3.739,0.000,3.502,0.000
28486,2,"  1.430","  0.157",7/16,/core/www/modules//sdig/index.php?run_id=110202&search_id=114132&scans_id=110198&peptide_id=20264&scanf=28486&charge=2&value=7/16,sp|P31152|MK04_HUMAN,/core/www/modules//consensus/?run_id=110202&search_id=114132&scans_id=110198&peptide_id=20264&scanf=28486&charge=2&value=sp|P31152|MK04_HUMAN,1,/core/www/modules/match_peptides/blast_html4.php?run_id=110202&search_id=114132&scans_id=110198&peptide_id=20264&scanf=28486&charge=2&value=1,K.LILDLSHWK.Q,/core/www/modules/show_out/show_out_wrapper.php?run_id=110202&search_id=114132&scans_id=110198&peptide_id=20264&scanf=28486&charge=2&value=K.LILDLSHWK.Q,MAPK4,3.296e+6,1.827,0.177,0.751,0.010
28488,2,"  1.084","  0.256",7/12,/core/www/modules//sdig/index.php?run_id=110202&search_id=114132&scans_id=110198&peptide_id=20266&scanf=28488&charge=2&value=7/12,sp|Q7L3T8|SYPM_HUMAN,/core/www/modules//consensus/?run_id=110202&search_id=114132&scans_id=110198&peptide_id=20266&scanf=28488&charge=2&value=sp|Q7L3T8|SYPM_HUMAN,0,/core/www/modules/match_peptides/blast_html4.php?run_id=110202&search_id=114132&scans_id=110198&peptide_id=20266&scanf=28488&charge=2&value=0,K.LGLPFVK.V,/core/www/modules/show_out/show_out_wrapper.php?run_id=110202&search_id=114132&scans_id=110198&peptide_id=20266&scanf=28488&charge=2&value=K.LGLPFVK.V,PARS2,1.839e+6,2.447,0.025,1.598,0.001
28494,2,"  1.381","  0.172",6/12,/core/www/modules//sdig/index.php?run_id=110202&search_id=114132&scans_id=110198&peptide_id=20273&scanf=28494&charge=2&value=6/12,sp|Q9BUJ2|HNRL1_HUMAN,/core/www/modules//consensus/?run_id=110202&search_id=114132&scans_id=110198&peptide_id=20273&scanf=28494&charge=2&value=sp|Q9BUJ2|HNRL1_HUMAN,4,/core/www/modules/match_peptides/blast_html4.php?run_id=110202&search_id=114132&scans_id=110198&peptide_id=20273&scanf=28494&charge=2&value=4,K.WMGIAFR.I,/core/www/modules/show_out/show_out_wrapper.php?run_id=110202&search_id=114132&scans_id=110198&peptide_id=20273&scanf=28494&charge=2&value=K.WMGIAFR.I,HNRNPUL1,4.488e+7,2.128,0.071,1.146,0.002
28495,2,"  2.681","  0.511",10/20,/core/www/modules//sdig/index.php?run_id=110202&search_id=114132&scans_id=110198&peptide_id=20274&scanf=28495&charge=2&value=10/20,sp|Q15022|SUZ12_HUMAN,/core/www/modules//consensus/?run_id=110202&search_id=114132&scans_id=110198&peptide_id=20274&scanf=28495&charge=2&value=sp|Q15022|SUZ12_HUMAN,1,/core/www/modules/match_peptides/blast_html4.php?run_id=110202&search_id=114132&scans_id=110198&peptide_id=20274&scanf=28495&charge=2&value=1,K.TFVAQMTVFDK.N,/core/www/modules/show_out/show_out_wrapper.php?run_id=110202&search_id=114132&scans_id=110198&peptide_id=20274&scanf=28495&charge=2&value=K.TFVAQMTVFDK.N,SUZ12,1.851e+6,3.104,0.003,2.562,0.000
28499,2,"  3.341","  0.371",14/22,/core/www/modules//sdig/index.php?run_id=110202&search_id=114132&scans_id=110198&peptide_id=20277&scanf=28499&charge=2&value=14/22,sp|Q96I99|SUCB2_HUMAN,/core/www/modules//consensus/?run_id=110202&search_id=114132&scans_id=110198&peptide_id=20277&scanf=28499&charge=2&value=sp|Q96I99|SUCB2_HUMAN,2,/core/www/modules/match_peptides/blast_html4.php?run_id=110202&search_id=114132&scans_id=110198&peptide_id=20277&scanf=28499&charge=2&value=2,R.MAENLGFVGPLK.S,/core/www/modules/show_out/show_out_wrapper.php?run_id=110202&search_id=114132&scans_id=110198&peptide_id=20277&scanf=28499&charge=2&value=R.MAENLGFVGPLK.S,SUCLG2,6.648e+6,2.823,0.007,2.148,0.000
28502,2,"  2.227","  0.184",9/14,/core/www/modules//sdig/index.php?run_id=110202&search_id=114132&scans_id=110198&peptide_id=20281&scanf=28502&charge=2&value=9/14,sp|Q5VTL8|PR38B_HUMAN,/core/www/modules//consensus/?run_id=110202&search_id=114132&scans_id=110198&peptide_id=20281&scanf=28502&charge=2&value=sp|Q5VTL8|PR38B_HUMAN,1,/core/www/modules/match_peptides/blast_html4.php?run_id=110202&search_id=114132&scans_id=110198&peptide_id=20281&scanf=28502&charge=2&value=1,R.ALGFMYIR.Y,/core/www/modules/show_out/show_out_wrapper.php?run_id=110202&search_id=114132&scans_id=110198&peptide_id=20281&scanf=28502&charge=2&value=R.ALGFMYIR.Y,PRPF38B,6.400e+6,2.356,0.034,1.466,0.001
28508,3,"  2.245","  0.262",10/56,/core/www/modules//sdig/index.php?run_id=110202&search_id=114132&scans_id=110198&peptide_id=20287&scanf=28508&charge=3&value=10/56,sp|P23258|TBG1_HUMAN,/core/www/modules//consensus/?run_id=110202&search_id=114132&scans_id=110198&peptide_id=20287&scanf=28508&charge=3&value=sp|P23258|TBG1_HUMAN,4,/core/www/modules/match_peptides/blast_html4.php?run_id=110202&search_id=114132&scans_id=110198&peptide_id=20287&scanf=28508&charge=3&value=4,K.DVFFYQADDEHYIPR.A,/core/www/modules/show_out/show_out_wrapper.php?run_id=110202&search_id=114132&scans_id=110198&peptide_id=20287&scanf=28508&charge=3&value=K.DVFFYQADDEHYIPR.A,TUBG1,2.333e+6,2.052,0.091,1.041,0.004
28509,2,"  2.437","  0.290",7/22,/core/www/modules//sdig/index.php?run_id=110202&search_id=114132&scans_id=110198&peptide_id=20288&scanf=28509&charge=2&value=7/22,sp|P78527|PRKDC_HUMAN,/core/www/modules//consensus/?run_id=110202&search_id=114132&scans_id=110198&peptide_id=20288&scanf=28509&charge=2&value=sp|P78527|PRKDC_HUMAN,1,/core/www/modules/match_peptides/blast_html4.php?run_id=110202&search_id=114132&scans_id=110198&peptide_id=20288&scanf=28509&charge=2&value=1,R.M*STSPEAFLALR.S,/core/www/modules/show_out/show_out_wrapper.php?run_id=110202&search_id=114132&scans_id=110198&peptide_id=20288&scanf=28509&charge=2&value=R.M*STSPEAFLALR.S,PRKDC,5.699e+6,2.820,0.007,2.143,0.000
28510,2,"  2.680","  0.458",10/16,/core/www/modules//sdig/index.php?run_id=110202&search_id=114132&scans_id=110198&peptide_id=20290&scanf=28510&charge=2&value=10/16,sp|Q12874|SF3A3_HUMAN,/core/www/modules//consensus/?run_id=110202&search_id=114132&scans_id=110198&peptide_id=20290&scanf=28510&charge=2&value=sp|Q12874|SF3A3_HUMAN,0,/core/www/modules/match_peptides/blast_html4.php?run_id=110202&search_id=114132&scans_id=110198&peptide_id=20290&scanf=28510&charge=2&value=0,K.SALLALGLK.C,/core/www/modules/show_out/show_out_wrapper.php?run_id=110202&search_id=114132&scans_id=110198&peptide_id=20290&scanf=28510&charge=2&value=K.SALLALGLK.C,SF3A3,1.193e+7,3.187,0.002,2.685,0.000
28515,2,"  2.688","  0.392",10/18,/core/www/modules//sdig/index.php?run_id=110202&search_id=114132&scans_id=110198&peptide_id=20295&scanf=28515&charge=2&value=10/18,sp|Q9NVR2|INT10_HUMAN,/core/www/modules//consensus/?run_id=110202&search_id=114132&scans_id=110198&peptide_id=20295&scanf=28515&charge=2&value=sp|Q9NVR2|INT10_HUMAN,0,/core/www/modules/match_peptides/blast_html4.php?run_id=110202&search_id=114132&scans_id=110198&peptide_id=20295&scanf=28515&charge=2&value=0,R.EISIITSALR.N,/core/www/modules/show_out/show_out_wrapper.php?run_id=110202&search_id=114132&scans_id=110198&peptide_id=20295&scanf=28515&charge=2&value=R.EISIITSALR.N,INTS10,3.553e+6,2.826,0.007,2.151,0.000
28520,3,"  6.297","  0.741",29/108,/core/www/modules//sdig/index.php?run_id=110202&search_id=114132&scans_id=110198&peptide_id=20300&scanf=28520&charge=3&value=29/108,IgG1b_bovine,/core/www/modules//consensus/?run_id=110202&search_id=114132&scans_id=110198&peptide_id=20300&scanf=28520&charge=3&value=IgG1b_bovine,1,/core/www/modules/match_peptides/blast_html4.php?run_id=110202&search_id=114132&scans_id=110198&peptide_id=20300&scanf=28520&charge=3&value=1,R.NGQPESEDKYGTTPPQLDADSSYFLYSK.L,/core/www/modules/show_out/show_out_wrapper.php?run_id=110202&search_id=114132&scans_id=110198&peptide_id=20300&scanf=28520&charge=3&value=R.NGQPESEDKYGTTPPQLDADSSYFLYSK.L,,4.277e+6,3.319,0.001,2.879,0.000
28523,2,"  2.250","  0.299",11/18,/core/www/modules//sdig/index.php?run_id=110202&search_id=114132&scans_id=110198&peptide_id=20303&scanf=28523&charge=2&value=11/18,sp|Q86V81|THOC4_HUMAN,/core/www/modules//consensus/?run_id=110202&search_id=114132&scans_id=110198&peptide_id=20303&scanf=28523&charge=2&value=sp|Q86V81|THOC4_HUMAN,1,/core/www/modules/match_peptides/blast_html4.php?run_id=110202&search_id=114132&scans_id=110198&peptide_id=20303&scanf=28523&charge=2&value=1,K.M*DMSLDDIIK.L,/core/www/modules/show_out/show_out_wrapper.php?run_id=110202&search_id=114132&scans_id=110198&peptide_id=20303&scanf=28523&charge=2&value=K.M*DMSLDDIIK.L,ALYREF,3.640e+6,2.812,0.007,2.131,0.000
28525,2,"  2.723","  0.500",13/22,/core/www/modules//sdig/index.php?run_id=110202&search_id=114132&scans_id=110198&peptide_id=20305&scanf=28525&charge=2&value=13/22,sp|P78527|PRKDC_HUMAN,/core/www/modules//consensus/?run_id=110202&search_id=114132&scans_id=110198&peptide_id=20305&scanf=28525&charge=2&value=sp|P78527|PRKDC_HUMAN,1,/core/www/modules/match_peptides/blast_html4.php?run_id=110202&search_id=114132&scans_id=110198&peptide_id=20305&scanf=28525&charge=2&value=1,R.M*STSPEAFLALR.S,/core/www/modules/show_out/show_out_wrapper.php?run_id=110202&search_id=114132&scans_id=110198&peptide_id=20305&scanf=28525&charge=2&value=R.M*STSPEAFLALR.S,PRKDC,5.699e+6,3.945,0.000,3.809,0.000
28530,2,"  4.998","  0.663",17/28,/core/www/modules//sdig/index.php?run_id=110202&search_id=114132&scans_id=110198&peptide_id=20311&scanf=28530&charge=2&value=17/28,sp|P22626|ROA2_HUMAN,/core/www/modules//consensus/?run_id=110202&search_id=114132&scans_id=110198&peptide_id=20311&scanf=28530&charge=2&value=sp|P22626|ROA2_HUMAN,9,/core/www/modules/match_peptides/blast_html4.php?run_id=110202&search_id=114132&scans_id=110198&peptide_id=20311&scanf=28530&charge=2&value=9,R.GFGFVTFDDHDPVDK.I,/core/www/modules/show_out/show_out_wrapper.php?run_id=110202&search_id=114132&scans_id=110198&peptide_id=20311&scanf=28530&charge=2&value=R.GFGFVTFDDHDPVDK.I,HNRNPA2B1,8.601e+7,3.881,0.000,3.713,0.000
28532,3,"  6.318","  0.698",24/108,/core/www/modules//sdig/index.php?run_id=110202&search_id=114132&scans_id=110198&peptide_id=20313&scanf=28532&charge=3&value=24/108,sp|O00541|PESC_HUMAN,/core/www/modules//consensus/?run_id=110202&search_id=114132&scans_id=110198&peptide_id=20313&scanf=28532&charge=3&value=sp|O00541|PESC_HUMAN,2,/core/www/modules/match_peptides/blast_html4.php?run_id=110202&search_id=114132&scans_id=110198&peptide_id=20313&scanf=28532&charge=3&value=2,R.VVVPATEEEAEVDEFPTDGEMSAQEEDR.R,/core/www/modules/show_out/show_out_wrapper.php?run_id=110202&search_id=114132&scans_id=110198&peptide_id=20313&scanf=28532&charge=3&value=R.VVVPATEEEAEVDEFPTDGEMSAQEEDR.R,PES1,2.922e+6,3.461,0.001,3.090,0.000
28537,2,"  1.500","  0.186",8/16,/core/www/modules//sdig/index.php?run_id=110202&search_id=114132&scans_id=110198&peptide_id=20318&scanf=28537&charge=2&value=8/16,sp|Q15029|U5S1_HUMAN,/core/www/modules//consensus/?run_id=110202&search_id=114132&scans_id=110198&peptide_id=20318&scanf=28537&charge=2&value=sp|Q15029|U5S1_HUMAN,1,/core/www/modules/match_peptides/blast_html4.php?run_id=110202&search_id=114132&scans_id=110198&peptide_id=20318&scanf=28537&charge=2&value=1,K.QDVVLNYPM.-,/core/www/modules/show_out/show_out_wrapper.php?run_id=110202&search_id=114132&scans_id=110198&peptide_id=20318&scanf=28537&charge=2&value=K.QDVVLNYPM.-,EFTUD2,4.578e+6,2.111,0.075,1.122,0.002
28540,2,"  1.859","  0.270",10/16,/core/www/modules//sdig/index.php?run_id=110202&search_id=114132&scans_id=110198&peptide_id=20321&scanf=28540&charge=2&value=10/16,sp|P42704|LPPRC_HUMAN,/core/www/modules//consensus/?run_id=110202&search_id=114132&scans_id=110198&peptide_id=20321&scanf=28540&charge=2&value=sp|P42704|LPPRC_HUMAN,21,/core/www/modules/match_peptides/blast_html4.php?run_id=110202&search_id=114132&scans_id=110198&peptide_id=20321&scanf=28540&charge=2&value=21,K.FSPTDFLAK.M,/core/www/modules/show_out/show_out_wrapper.php?run_id=110202&search_id=114132&scans_id=110198&peptide_id=20321&scanf=28540&charge=2&value=K.FSPTDFLAK.M,LRPPRC,1.698e+8,2.563,0.017,1.765,0.000
28542,3,"  2.439","  0.573",15/60,/core/www/modules//sdig/index.php?run_id=110202&search_id=114132&scans_id=110198&peptide_id=20323&scanf=28542&charge=3&value=15/60,sp|P62995|TRA2B_HUMAN,/core/www/modules//consensus/?run_id=110202&search_id=114132&scans_id=110198&peptide_id=20323&scanf=28542&charge=3&value=sp|P62995|TRA2B_HUMAN,0,/core/www/modules/match_peptides/blast_html4.php?run_id=110202&search_id=114132&scans_id=110198&peptide_id=20323&scanf=28542&charge=3&value=0,K.YGPIADVSIVYDQQSR.R,/core/www/modules/show_out/show_out_wrapper.php?run_id=110202&search_id=114132&scans_id=110198&peptide_id=20323&scanf=28542&charge=3&value=K.YGPIADVSIVYDQQSR.R,TRA2B,4.547e+7,3.120,0.003,2.586,0.000
28543,3,"  2.855","  0.365",14/60,/core/www/modules//sdig/index.php?run_id=110202&search_id=114132&scans_id=110198&peptide_id=20324&scanf=28543&charge=3&value=14/60,sp|P62736|ACTA_HUMAN,/core/www/modules//consensus/?run_id=110202&search_id=114132&scans_id=110198&peptide_id=20324&scanf=28543&charge=3&value=sp|P62736|ACTA_HUMAN,8,/core/www/modules/match_peptides/blast_html4.php?run_id=110202&search_id=114132&scans_id=110198&peptide_id=20324&scanf=28543&charge=3&value=8,K.YPIEHGIITNWDDMEK.I,/core/www/modules/show_out/show_out_wrapper.php?run_id=110202&search_id=114132&scans_id=110198&peptide_id=20324&scanf=28543&charge=3&value=K.YPIEHGIITNWDDMEK.I,ACTA2,1.790e+9,2.581,0.016,1.793,0.000
28545,2,"  2.581","  0.275",11/22,/core/www/modules//sdig/index.php?run_id=110202&search_id=114132&scans_id=110198&peptide_id=20326&scanf=28545&charge=2&value=11/22,sp|Q9Y5B6|PAXB1_HUMAN,/core/www/modules//consensus/?run_id=110202&search_id=114132&scans_id=110198&peptide_id=20326&scanf=28545&charge=2&value=sp|Q9Y5B6|PAXB1_HUMAN,0,/core/www/modules/match_peptides/blast_html4.php?run_id=110202&search_id=114132&scans_id=110198&peptide_id=20326&scanf=28545&charge=2&value=0,K.ALMAPNLDSFGR.D,/core/www/modules/show_out/show_out_wrapper.php?run_id=110202&search_id=114132&scans_id=110198&peptide_id=20326&scanf=28545&charge=2&value=K.ALMAPNLDSFGR.D,PAXBP1,4.892e+6,2.274,0.045,1.349,0.002
28546,3,"  4.420","  0.544",14/60,/core/www/modules//sdig/index.php?run_id=110202&search_id=114132&scans_id=110198&peptide_id=20327&scanf=28546&charge=3&value=14/60,sp|Q08211|DHX9_HUMAN,/core/www/modules//consensus/?run_id=110202&search_id=114132&scans_id=110198&peptide_id=20327&scanf=28546&charge=3&value=sp|Q08211|DHX9_HUMAN,0,/core/www/modules/match_peptides/blast_html4.php?run_id=110202&search_id=114132&scans_id=110198&peptide_id=20327&scanf=28546&charge=3&value=0,R.QLYHLGVVEAYSGLTK.K,/core/www/modules/show_out/show_out_wrapper.php?run_id=110202&search_id=114132&scans_id=110198&peptide_id=20327&scanf=28546&charge=3&value=R.QLYHLGVVEAYSGLTK.K,DHX9,8.936e+7,3.484,0.001,3.124,0.000
28547,2,"  2.396","  0.518",10/20,/core/www/modules//sdig/index.php?run_id=110202&search_id=114132&scans_id=110198&peptide_id=20328&scanf=28547&charge=2&value=10/20,sp|Q5RKV6|EXOS6_HUMAN,/core/www/modules//consensus/?run_id=110202&search_id=114132&scans_id=110198&peptide_id=20328&scanf=28547&charge=2&value=sp|Q5RKV6|EXOS6_HUMAN,0,/core/www/modules/match_peptides/blast_html4.php?run_id=110202&search_id=114132&scans_id=110198&peptide_id=20328&scanf=28547&charge=2&value=0,R.LYPVLQQSLVR.A,/core/www/modules/show_out/show_out_wrapper.php?run_id=110202&search_id=114132&scans_id=110198&peptide_id=20328&scanf=28547&charge=2&value=R.LYPVLQQSLVR.A,EXOSC6,5.225e+6,2.841,0.007,2.173,0.000
28549,2,"  2.029","  0.286",8/20,/core/www/modules//sdig/index.php?run_id=110202&search_id=114132&scans_id=110198&peptide_id=20330&scanf=28549&charge=2&value=8/20,sp|P52948|NUP98_HUMAN,/core/www/modules//consensus/?run_id=110202&search_id=114132&scans_id=110198&peptide_id=20330&scanf=28549&charge=2&value=sp|P52948|NUP98_HUMAN,8,/core/www/modules/match_peptides/blast_html4.php?run_id=110202&search_id=114132&scans_id=110198&peptide_id=20330&scanf=28549&charge=2&value=8,K.GFLEDLAPPER.S,/core/www/modules/show_out/show_out_wrapper.php?run_id=110202&search_id=114132&scans_id=110198&peptide_id=20330&scanf=28549&charge=2&value=K.GFLEDLAPPER.S,NUP98,2.855e+6,2.176,0.061,1.212,0.002
28554,2,"  1.658","  0.309",8/12,/core/www/modules//sdig/index.php?run_id=110202&search_id=114132&scans_id=110198&peptide_id=20335&scanf=28554&charge=2&value=8/12,sp|Q9P2R7|SUCB1_HUMAN,/core/www/modules//consensus/?run_id=110202&search_id=114132&scans_id=110198&peptide_id=20335&scanf=28554&charge=2&value=sp|Q9P2R7|SUCB1_HUMAN,5,/core/www/modules/match_peptides/blast_html4.php?run_id=110202&search_id=114132&scans_id=110198&peptide_id=20335&scanf=28554&charge=2&value=5,K.LYSLFLK.Y,/core/www/modules/show_out/show_out_wrapper.php?run_id=110202&search_id=114132&scans_id=110198&peptide_id=20335&scanf=28554&charge=2&value=K.LYSLFLK.Y,SUCLA2,4.377e+6,2.779,0.008,2.082,0.000
28560,2,"  3.531","  0.000",15/26,/core/www/modules//sdig/index.php?run_id=110202&search_id=114132&scans_id=110198&peptide_id=20341&scanf=28560&charge=2&value=15/26,sp|P07900|HS90A_HUMAN,/core/www/modules//consensus/?run_id=110202&search_id=114132&scans_id=110198&peptide_id=20341&scanf=28560&charge=2&value=sp|P07900|HS90A_HUMAN,2,/core/www/modules/match_peptides/blast_html4.php?run_id=110202&search_id=114132&scans_id=110198&peptide_id=20341&scanf=28560&charge=2&value=2,R.GVVDSEDLPLNISR.E,/core/www/modules/show_out/show_out_wrapper.php?run_id=110202&search_id=114132&scans_id=110198&peptide_id=20341&scanf=28560&charge=2&value=R.GVVDSEDLPLNISR.E,HSP90AA1,2.104e+8,3.641,0.000,3.357,0.000
28561,3,"  3.905","  0.431",12/48,/core/www/modules//sdig/index.php?run_id=110202&search_id=114132&scans_id=110198&peptide_id=20342&scanf=28561&charge=3&value=12/48,sp|P42766|RL35_HUMAN,/core/www/modules//consensus/?run_id=110202&search_id=114132&scans_id=110198&peptide_id=20342&scanf=28561&charge=3&value=sp|P42766|RL35_HUMAN,1,/core/www/modules/match_peptides/blast_html4.php?run_id=110202&search_id=114132&scans_id=110198&peptide_id=20342&scanf=28561&charge=3&value=1,K.QLDDLKVELSQLR.V,/core/www/modules/show_out/show_out_wrapper.php?run_id=110202&search_id=114132&scans_id=110198&peptide_id=20342&scanf=28561&charge=3&value=K.QLDDLKVELSQLR.V,RPL35,1.376e+7,2.669,0.012,1.920,0.000
28565,2,"  2.316","  0.348",8/18,/core/www/modules//sdig/index.php?run_id=110202&search_id=114132&scans_id=110198&peptide_id=20346&scanf=28565&charge=2&value=8/18,sp|O76031|CLPX_HUMAN,/core/www/modules//consensus/?run_id=110202&search_id=114132&scans_id=110198&peptide_id=20346&scanf=28565&charge=2&value=sp|O76031|CLPX_HUMAN,0,/core/www/modules/match_peptides/blast_html4.php?run_id=110202&search_id=114132&scans_id=110198&peptide_id=20346&scanf=28565&charge=2&value=0,K.TLVQILTEPR.N,/core/www/modules/show_out/show_out_wrapper.php?run_id=110202&search_id=114132&scans_id=110198&peptide_id=20346&scanf=28565&charge=2&value=K.TLVQILTEPR.N,CLPX,2.912e+6,2.494,0.022,1.666,0.001
28566,3,"  5.431","  0.685",25/84,/core/www/modules//sdig/index.php?run_id=110202&search_id=114132&scans_id=110198&peptide_id=20347&scanf=28566&charge=3&value=25/84,sp|P21333|FLNA_HUMAN,/core/www/modules//consensus/?run_id=110202&search_id=114132&scans_id=110198&peptide_id=20347&scanf=28566&charge=3&value=sp|P21333|FLNA_HUMAN,2,/core/www/modules/match_peptides/blast_html4.php?run_id=110202&search_id=114132&scans_id=110198&peptide_id=20347&scanf=28566&charge=3&value=2,R.VSGQGLHEGHTFEPAEFIIDTR.D,/core/www/modules/show_out/show_out_wrapper.php?run_id=110202&search_id=114132&scans_id=110198&peptide_id=20347&scanf=28566&charge=3&value=R.VSGQGLHEGHTFEPAEFIIDTR.D,FLNA,3.661e+6,3.787,0.000,3.574,0.000
28567,2,"  4.327","  0.621",20/26,/core/www/modules//sdig/index.php?run_id=110202&search_id=114132&scans_id=110198&peptide_id=20348&scanf=28567&charge=2&value=20/26,sp|Q9P0L0|VAPA_HUMAN,/core/www/modules//consensus/?run_id=110202&search_id=114132&scans_id=110198&peptide_id=20348&scanf=28567&charge=2&value=sp|Q9P0L0|VAPA_HUMAN,1,/core/www/modules/match_peptides/blast_html4.php?run_id=110202&search_id=114132&scans_id=110198&peptide_id=20348&scanf=28567&charge=2&value=1,K.HEQILVLDPPTDLK.F,/core/www/modules/show_out/show_out_wrapper.php?run_id=110202&search_id=114132&scans_id=110198&peptide_id=20348&scanf=28567&charge=2&value=K.HEQILVLDPPTDLK.F,VAPA,4.767e+6,3.881,0.000,3.712,0.000
28571,2,"  4.260","  0.419",12/30,/core/www/modules//sdig/index.php?run_id=110202&search_id=114132&scans_id=110198&peptide_id=20353&scanf=28571&charge=2&value=12/30,sp|Q9NRR5|UBQL4_HUMAN,/core/www/modules//consensus/?run_id=110202&search_id=114132&scans_id=110198&peptide_id=20353&scanf=28571&charge=2&value=sp|Q9NRR5|UBQL4_HUMAN,2,/core/www/modules/match_peptides/blast_html4.php?run_id=110202&search_id=114132&scans_id=110198&peptide_id=20353&scanf=28571&charge=2&value=2,R.ALSNLESIPGGYNALR.R,/core/www/modules/show_out/show_out_wrapper.php?run_id=110202&search_id=114132&scans_id=110198&peptide_id=20353&scanf=28571&charge=2&value=R.ALSNLESIPGGYNALR.R,UBQLN4,3.784e+6,2.537,0.019,1.728,0.000
28572,2,"  2.881","  0.544",12/22,/core/www/modules//sdig/index.php?run_id=110202&search_id=114132&scans_id=110198&peptide_id=20354&scanf=28572&charge=2&value=12/22,sp|O75934|SPF27_HUMAN,/core/www/modules//consensus/?run_id=110202&search_id=114132&scans_id=110198&peptide_id=20354&scanf=28572&charge=2&value=sp|O75934|SPF27_HUMAN,0,/core/www/modules/match_peptides/blast_html4.php?run_id=110202&search_id=114132&scans_id=110198&peptide_id=20354&scanf=28572&charge=2&value=0,R.EMESNWVSLVSK.N,/core/www/modules/show_out/show_out_wrapper.php?run_id=110202&search_id=114132&scans_id=110198&peptide_id=20354&scanf=28572&charge=2&value=R.EMESNWVSLVSK.N,BCAS2,1.194e+7,3.238,0.002,2.761,0.000
28573,2,"  3.667","  0.626",18/30,/core/www/modules//sdig/index.php?run_id=110202&search_id=114132&scans_id=110198&peptide_id=20355&scanf=28573&charge=2&value=18/30,sp|P22314|UBA1_HUMAN,/core/www/modules//consensus/?run_id=110202&search_id=114132&scans_id=110198&peptide_id=20355&scanf=28573&charge=2&value=sp|P22314|UBA1_HUMAN,0,/core/www/modules/match_peptides/blast_html4.php?run_id=110202&search_id=114132&scans_id=110198&peptide_id=20355&scanf=28573&charge=2&value=0,R.ALPAVQQNNLDEDLIR.K,/core/www/modules/show_out/show_out_wrapper.php?run_id=110202&search_id=114132&scans_id=110198&peptide_id=20355&scanf=28573&charge=2&value=R.ALPAVQQNNLDEDLIR.K,UBA1,2.791e+6,3.581,0.001,3.268,0.000
28575,2,"  3.202","  0.601",14/30,/core/www/modules//sdig/index.php?run_id=110202&search_id=114132&scans_id=110198&peptide_id=20357&scanf=28575&charge=2&value=14/30,sp|Q8N1F7|NUP93_HUMAN,/core/www/modules//consensus/?run_id=110202&search_id=114132&scans_id=110198&peptide_id=20357&scanf=28575&charge=2&value=sp|Q8N1F7|NUP93_HUMAN,3,/core/www/modules/match_peptides/blast_html4.php?run_id=110202&search_id=114132&scans_id=110198&peptide_id=20357&scanf=28575&charge=2&value=3,K.LLSPVVPQISAPQSNK.E,/core/www/modules/show_out/show_out_wrapper.php?run_id=110202&search_id=114132&scans_id=110198&peptide_id=20357&scanf=28575&charge=2&value=K.LLSPVVPQISAPQSNK.E,NUP93,3.552e+6,3.237,0.002,2.758,0.000
28576,3,"  3.607","  0.405",10/60,/core/www/modules//sdig/index.php?run_id=110202&search_id=114132&scans_id=110198&peptide_id=20358&scanf=28576&charge=3&value=10/60,sp|P22314|UBA1_HUMAN,/core/www/modules//consensus/?run_id=110202&search_id=114132&scans_id=110198&peptide_id=20358&scanf=28576&charge=3&value=sp|P22314|UBA1_HUMAN,0,/core/www/modules/match_peptides/blast_html4.php?run_id=110202&search_id=114132&scans_id=110198&peptide_id=20358&scanf=28576&charge=3&value=0,R.ALPAVQQNNLDEDLIR.K,/core/www/modules/show_out/show_out_wrapper.php?run_id=110202&search_id=114132&scans_id=110198&peptide_id=20358&scanf=28576&charge=3&value=R.ALPAVQQNNLDEDLIR.K,UBA1,7.862e+6,2.499,0.021,1.672,0.001
28578,4,"  3.273","  0.245",8/108,/core/www/modules//sdig/index.php?run_id=110202&search_id=114132&scans_id=110198&peptide_id=20360&scanf=28578&charge=4&value=8/108,sp|Q15021|CND1_HUMAN,/core/www/modules//consensus/?run_id=110202&search_id=114132&scans_id=110198&peptide_id=20360&scanf=28578&charge=4&value=sp|Q15021|CND1_HUMAN,1,/core/www/modules/match_peptides/blast_html4.php?run_id=110202&search_id=114132&scans_id=110198&peptide_id=20360&scanf=28578&charge=4&value=1,R.DQFLDTLQAHGHDVNSFVR.S,/core/www/modules/show_out/show_out_wrapper.php?run_id=110202&search_id=114132&scans_id=110198&peptide_id=20360&scanf=28578&charge=4&value=R.DQFLDTLQAHGHDVNSFVR.S,NCAPD2,1.979e+6,2.236,0.051,1.296,0.002
28579,2,"  4.358","  0.574",16/24,/core/www/modules//sdig/index.php?run_id=110202&search_id=114132&scans_id=110198&peptide_id=20361&scanf=28579&charge=2&value=16/24,sp|P52272|HNRPM_HUMAN,/core/www/modules//consensus/?run_id=110202&search_id=114132&scans_id=110198&peptide_id=20361&scanf=28579&charge=2&value=sp|P52272|HNRPM_HUMAN,4,/core/www/modules/match_peptides/blast_html4.php?run_id=110202&search_id=114132&scans_id=110198&peptide_id=20361&scanf=28579&charge=2&value=4,R.LGSTVFVANLDYK.V,/core/www/modules/show_out/show_out_wrapper.php?run_id=110202&search_id=114132&scans_id=110198&peptide_id=20361&scanf=28579&charge=2&value=R.LGSTVFVANLDYK.V,HNRNPM,4.831e+7,3.853,0.000,3.671,0.000
28581,2,"  3.351","  0.645",15/22,/core/www/modules//sdig/index.php?run_id=110202&search_id=114132&scans_id=110198&peptide_id=20363&scanf=28581&charge=2&value=15/22,sp|Q08211|DHX9_HUMAN,/core/www/modules//consensus/?run_id=110202&search_id=114132&scans_id=110198&peptide_id=20363&scanf=28581&charge=2&value=sp|Q08211|DHX9_HUMAN,0,/core/www/modules/match_peptides/blast_html4.php?run_id=110202&search_id=114132&scans_id=110198&peptide_id=20363&scanf=28581&charge=2&value=0,R.AAMEALVVEVTK.Q,/core/www/modules/show_out/show_out_wrapper.php?run_id=110202&search_id=114132&scans_id=110198&peptide_id=20363&scanf=28581&charge=2&value=R.AAMEALVVEVTK.Q,DHX9,1.607e+8,4.169,0.000,4.140,0.000
28583,2,"  4.041","  0.670",16/24,/core/www/modules//sdig/index.php?run_id=110202&search_id=114132&scans_id=110198&peptide_id=20365&scanf=28583&charge=2&value=16/24,sp|O75643|U520_HUMAN,/core/www/modules//consensus/?run_id=110202&search_id=114132&scans_id=110198&peptide_id=20365&scanf=28583&charge=2&value=sp|O75643|U520_HUMAN,1,/core/www/modules/match_peptides/blast_html4.php?run_id=110202&search_id=114132&scans_id=110198&peptide_id=20365&scanf=28583&charge=2&value=1,K.EIDLLLGQTDDTR.Y,/core/www/modules/show_out/show_out_wrapper.php?run_id=110202&search_id=114132&scans_id=110198&peptide_id=20365&scanf=28583&charge=2&value=K.EIDLLLGQTDDTR.Y,SNRNP200,1.441e+7,4.165,0.000,4.134,0.000
28585,3,"  3.676","  0.536",16/96,/core/www/modules//sdig/index.php?run_id=110202&search_id=114132&scans_id=110198&peptide_id=20367&scanf=28585&charge=3&value=16/96,sp|Q9Y657|SPIN1_HUMAN,/core/www/modules//consensus/?run_id=110202&search_id=114132&scans_id=110198&peptide_id=20367&scanf=28585&charge=3&value=sp|Q9Y657|SPIN1_HUMAN,0,/core/www/modules/match_peptides/blast_html4.php?run_id=110202&search_id=114132&scans_id=110198&peptide_id=20367&scanf=28585&charge=3&value=0,R.IMPDSNDSPPAEREPGEVVDSLVGK.Q,/core/www/modules/show_out/show_out_wrapper.php?run_id=110202&search_id=114132&scans_id=110198&peptide_id=20367&scanf=28585&charge=3&value=R.IMPDSNDSPPAEREPGEVVDSLVGK.Q,SPIN1,4.801e+6,2.447,0.025,1.597,0.001
28589,2,"  1.913","  0.400",8/14,/core/www/modules//sdig/index.php?run_id=110202&search_id=114132&scans_id=110198&peptide_id=20371&scanf=28589&charge=2&value=8/14,sp|O60832|DKC1_HUMAN,/core/www/modules//consensus/?run_id=110202&search_id=114132&scans_id=110198&peptide_id=20371&scanf=28589&charge=2&value=sp|O60832|DKC1_HUMAN,9,/core/www/modules/match_peptides/blast_html4.php?run_id=110202&search_id=114132&scans_id=110198&peptide_id=20371&scanf=28589&charge=2&value=9,K.IMLPGVLR.Y,/core/www/modules/show_out/show_out_wrapper.php?run_id=110202&search_id=114132&scans_id=110198&peptide_id=20371&scanf=28589&charge=2&value=K.IMLPGVLR.Y,DKC1,3.105e+7,2.939,0.005,2.318,0.000
28590,3,"  4.881","  0.646",17/52,/core/www/modules//sdig/index.php?run_id=110202&search_id=114132&scans_id=110198&peptide_id=20373&scanf=28590&charge=3&value=17/52,sp|Q9Y265|RUVB1_HUMAN,/core/www/modules//consensus/?run_id=110202&search_id=114132&scans_id=110198&peptide_id=20373&scanf=28590&charge=3&value=sp|Q9Y265|RUVB1_HUMAN,1,/core/www/modules/match_peptides/blast_html4.php?run_id=110202&search_id=114132&scans_id=110198&peptide_id=20373&scanf=28590&charge=3&value=1,K.EHVEEISELFYDAK.S,/core/www/modules/show_out/show_out_wrapper.php?run_id=110202&search_id=114132&scans_id=110198&peptide_id=20373&scanf=28590&charge=3&value=K.EHVEEISELFYDAK.S,RUVBL1,6.496e+6,3.798,0.000,3.590,0.000
28591,2,"  2.671","  0.371",9/24,/core/www/modules//sdig/index.php?run_id=110202&search_id=114132&scans_id=110198&peptide_id=20374&scanf=28591&charge=2&value=9/24,sp|Q15459|SF3A1_HUMAN,/core/www/modules//consensus/?run_id=110202&search_id=114132&scans_id=110198&peptide_id=20374&scanf=28591&charge=2&value=sp|Q15459|SF3A1_HUMAN,0,/core/www/modules/match_peptides/blast_html4.php?run_id=110202&search_id=114132&scans_id=110198&peptide_id=20374&scanf=28591&charge=2&value=0,R.TDIFGVEETAIGK.K,/core/www/modules/show_out/show_out_wrapper.php?run_id=110202&search_id=114132&scans_id=110198&peptide_id=20374&scanf=28591&charge=2&value=R.TDIFGVEETAIGK.K,SF3A1,3.749e+6,2.444,0.026,1.593,0.001
28592,2,"  2.298","  0.323",8/14,/core/www/modules//sdig/index.php?run_id=110202&search_id=114132&scans_id=110198&peptide_id=20375&scanf=28592&charge=2&value=8/14,sp|Q9Y6X3|SCC4_HUMAN,/core/www/modules//consensus/?run_id=110202&search_id=114132&scans_id=110198&peptide_id=20375&scanf=28592&charge=2&value=sp|Q9Y6X3|SCC4_HUMAN,2,/core/www/modules/match_peptides/blast_html4.php?run_id=110202&search_id=114132&scans_id=110198&peptide_id=20375&scanf=28592&charge=2&value=2,K.GMLLLMER.K,/core/www/modules/show_out/show_out_wrapper.php?run_id=110202&search_id=114132&scans_id=110198&peptide_id=20375&scanf=28592&charge=2&value=K.GMLLLMER.K,MAU2,3.386e+6,2.660,0.012,1.908,0.000
28596,2,"  2.593","  0.397",12/22,/core/www/modules//sdig/index.php?run_id=110202&search_id=114132&scans_id=110198&peptide_id=20379&scanf=28596&charge=2&value=12/22,sp|Q14694|UBP10_HUMAN,/core/www/modules//consensus/?run_id=110202&search_id=114132&scans_id=110198&peptide_id=20379&scanf=28596&charge=2&value=sp|Q14694|UBP10_HUMAN,1,/core/www/modules/match_peptides/blast_html4.php?run_id=110202&search_id=114132&scans_id=110198&peptide_id=20379&scanf=28596&charge=2&value=1,K.NIEYPVDLEISK.E,/core/www/modules/show_out/show_out_wrapper.php?run_id=110202&search_id=114132&scans_id=110198&peptide_id=20379&scanf=28596&charge=2&value=K.NIEYPVDLEISK.E,USP10,4.620e+6,2.806,0.008,2.121,0.000
28599,3,"  7.108","  0.702",24/84,/core/www/modules//sdig/index.php?run_id=110202&search_id=114132&scans_id=110198&peptide_id=20382&scanf=28599&charge=3&value=24/84,sp|P21333|FLNA_HUMAN,/core/www/modules//consensus/?run_id=110202&search_id=114132&scans_id=110198&peptide_id=20382&scanf=28599&charge=3&value=sp|P21333|FLNA_HUMAN,2,/core/www/modules/match_peptides/blast_html4.php?run_id=110202&search_id=114132&scans_id=110198&peptide_id=20382&scanf=28599&charge=3&value=2,R.VSGQGLHEGHTFEPAEFIIDTR.D,/core/www/modules/show_out/show_out_wrapper.php?run_id=110202&search_id=114132&scans_id=110198&peptide_id=20382&scanf=28599&charge=3&value=R.VSGQGLHEGHTFEPAEFIIDTR.D,FLNA,3.661e+6,3.911,0.000,3.758,0.000
28604,2,"  1.466","  0.306",7/12,/core/www/modules//sdig/index.php?run_id=110202&search_id=114132&scans_id=110198&peptide_id=20387&scanf=28604&charge=2&value=7/12,sp|Q9BYG3|MK67I_HUMAN,/core/www/modules//consensus/?run_id=110202&search_id=114132&scans_id=110198&peptide_id=20387&scanf=28604&charge=2&value=sp|Q9BYG3|MK67I_HUMAN,2,/core/www/modules/match_peptides/blast_html4.php?run_id=110202&search_id=114132&scans_id=110198&peptide_id=20387&scanf=28604&charge=2&value=2,K.DWNIPFK.Q,/core/www/modules/show_out/show_out_wrapper.php?run_id=110202&search_id=114132&scans_id=110198&peptide_id=20387&scanf=28604&charge=2&value=K.DWNIPFK.Q,NIFK,1.134e+7,2.425,0.027,1.565,0.001
28605,2,"  3.286","  0.525",12/22,/core/www/modules//sdig/index.php?run_id=110202&search_id=114132&scans_id=110198&peptide_id=20388&scanf=28605&charge=2&value=12/22,sp|P11142|HSP7C_HUMAN,/core/www/modules//consensus/?run_id=110202&search_id=114132&scans_id=110198&peptide_id=20388&scanf=28605&charge=2&value=sp|P11142|HSP7C_HUMAN,7,/core/www/modules/match_peptides/blast_html4.php?run_id=110202&search_id=114132&scans_id=110198&peptide_id=20388&scanf=28605&charge=2&value=7,K.DAGTIAGLNVLR.I,/core/www/modules/show_out/show_out_wrapper.php?run_id=110202&search_id=114132&scans_id=110198&peptide_id=20388&scanf=28605&charge=2&value=K.DAGTIAGLNVLR.I,HSPA8,4.081e+7,3.311,0.001,2.868,0.000
28606,2,"  1.502","  0.255",6/12,/core/www/modules//sdig/index.php?run_id=110202&search_id=114132&scans_id=110198&peptide_id=20389&scanf=28606&charge=2&value=6/12,sp|P11177|ODPB_HUMAN,/core/www/modules//consensus/?run_id=110202&search_id=114132&scans_id=110198&peptide_id=20389&scanf=28606&charge=2&value=sp|P11177|ODPB_HUMAN,0,/core/www/modules/match_peptides/blast_html4.php?run_id=110202&search_id=114132&scans_id=110198&peptide_id=20389&scanf=28606&charge=2&value=0,K.DIIFAIK.K,/core/www/modules/show_out/show_out_wrapper.php?run_id=110202&search_id=114132&scans_id=110198&peptide_id=20389&scanf=28606&charge=2&value=K.DIIFAIK.K,PDHB,4.905e+6,2.365,0.033,1.480,0.001
28607,2,"  4.186","  0.694",18/34,/core/www/modules//sdig/index.php?run_id=110202&search_id=114132&scans_id=110198&peptide_id=20390&scanf=28607&charge=2&value=18/34,sp|Q00341|VIGLN_HUMAN,/core/www/modules//consensus/?run_id=110202&search_id=114132&scans_id=110198&peptide_id=20390&scanf=28607&charge=2&value=sp|Q00341|VIGLN_HUMAN,4,/core/www/modules/match_peptides/blast_html4.php?run_id=110202&search_id=114132&scans_id=110198&peptide_id=20390&scanf=28607&charge=2&value=4,K.IDLPAENSNSETIIITGK.R,/core/www/modules/show_out/show_out_wrapper.php?run_id=110202&search_id=114132&scans_id=110198&peptide_id=20390&scanf=28607&charge=2&value=K.IDLPAENSNSETIIITGK.R,HDLBP,2.535e+6,3.649,0.000,3.369,0.000
28609,3,"  1.855","  0.160",11/48,/core/www/modules//sdig/index.php?run_id=110202&search_id=114132&scans_id=110198&peptide_id=20392&scanf=28609&charge=3&value=11/48,sp|Q13619|CUL4A_HUMAN,/core/www/modules//consensus/?run_id=110202&search_id=114132&scans_id=110198&peptide_id=20392&scanf=28609&charge=3&value=sp|Q13619|CUL4A_HUMAN,14,/core/www/modules/match_peptides/blast_html4.php?run_id=110202&search_id=114132&scans_id=110198&peptide_id=20392&scanf=28609&charge=3&value=14,K.QLLGEHLTAILQK.G,/core/www/modules/show_out/show_out_wrapper.php?run_id=110202&search_id=114132&scans_id=110198&peptide_id=20392&scanf=28609&charge=3&value=K.QLLGEHLTAILQK.G,CUL4A,5.642e+6,1.935,0.130,0.888,0.006
28617,2,"  1.902","  0.249",8/12,/core/www/modules//sdig/index.php?run_id=110202&search_id=114132&scans_id=110198&peptide_id=20401&scanf=28617&charge=2&value=8/12,sp|P08238|HS90B_HUMAN,/core/www/modules//consensus/?run_id=110202&search_id=114132&scans_id=110198&peptide_id=20401&scanf=28617&charge=2&value=sp|P08238|HS90B_HUMAN,0,/core/www/modules/match_peptides/blast_html4.php?run_id=110202&search_id=114132&scans_id=110198&peptide_id=20401&scanf=28617&charge=2&value=0,R.ALLFIPR.R,/core/www/modules/show_out/show_out_wrapper.php?run_id=110202&search_id=114132&scans_id=110198&peptide_id=20401&scanf=28617&charge=2&value=R.ALLFIPR.R,HSP90AB1,1.312e+8,2.661,0.012,1.909,0.000
28618,2,"  2.371","  0.407",8/20,/core/www/modules//sdig/index.php?run_id=110202&search_id=114132&scans_id=110198&peptide_id=20402&scanf=28618&charge=2&value=8/20,sp|P49915|GUAA_HUMAN,/core/www/modules//consensus/?run_id=110202&search_id=114132&scans_id=110198&peptide_id=20402&scanf=28618&charge=2&value=sp|P49915|GUAA_HUMAN,0,/core/www/modules/match_peptides/blast_html4.php?run_id=110202&search_id=114132&scans_id=110198&peptide_id=20402&scanf=28618&charge=2&value=0,R.ELGLPEELVSR.H,/core/www/modules/show_out/show_out_wrapper.php?run_id=110202&search_id=114132&scans_id=110198&peptide_id=20402&scanf=28618&charge=2&value=R.ELGLPEELVSR.H,GMPS,2.219e+8,2.568,0.017,1.774,0.000
28623,3,"  4.045","  0.558",18/84,/core/www/modules//sdig/index.php?run_id=110202&search_id=114132&scans_id=110198&peptide_id=20407&scanf=28623&charge=3&value=18/84,sp|Q562R1|ACTBL_HUMAN,/core/www/modules//consensus/?run_id=110202&search_id=114132&scans_id=110198&peptide_id=20407&scanf=28623&charge=3&value=sp|Q562R1|ACTBL_HUMAN,0,/core/www/modules/match_peptides/blast_html4.php?run_id=110202&search_id=114132&scans_id=110198&peptide_id=20407&scanf=28623&charge=3&value=0,R.KDLYANTVLSGGSTM*YPGIADR.M,/core/www/modules/show_out/show_out_wrapper.php?run_id=110202&search_id=114132&scans_id=110198&peptide_id=20407&scanf=28623&charge=3&value=R.KDLYANTVLSGGSTM*YPGIADR.M,ACTBL2,2.476e+8,2.621,0.014,1.850,0.000
28625,2,"  3.757","  0.594",14/24,/core/www/modules//sdig/index.php?run_id=110202&search_id=114132&scans_id=110198&peptide_id=20409&scanf=28625&charge=2&value=14/24,sp|P53621|COPA_HUMAN,/core/www/modules//consensus/?run_id=110202&search_id=114132&scans_id=110198&peptide_id=20409&scanf=28625&charge=2&value=sp|P53621|COPA_HUMAN,5,/core/www/modules/match_peptides/blast_html4.php?run_id=110202&search_id=114132&scans_id=110198&peptide_id=20409&scanf=28625&charge=2&value=5,R.DADSITLFDVQQK.R,/core/www/modules/show_out/show_out_wrapper.php?run_id=110202&search_id=114132&scans_id=110198&peptide_id=20409&scanf=28625&charge=2&value=R.DADSITLFDVQQK.R,COPA,1.017e+7,3.584,0.001,3.272,0.000
28631,2,"  1.721","  0.432",7/28,/core/www/modules//sdig/index.php?run_id=110202&search_id=114132&scans_id=110198&peptide_id=20416&scanf=28631&charge=2&value=7/28,sp|P38646|GRP75_HUMAN,/core/www/modules//consensus/?run_id=110202&search_id=114132&scans_id=110198&peptide_id=20416&scanf=28631&charge=2&value=sp|P38646|GRP75_HUMAN,6,/core/www/modules/match_peptides/blast_html4.php?run_id=110202&search_id=114132&scans_id=110198&peptide_id=20416&scanf=28631&charge=2&value=6,K.NAVITVPAYFNDSQR.Q,/core/www/modules/show_out/show_out_wrapper.php?run_id=110202&search_id=114132&scans_id=110198&peptide_id=20416&scanf=28631&charge=2&value=K.NAVITVPAYFNDSQR.Q,HSPA9,5.031e+6,2.323,0.038,1.419,0.001
28635,2,"  1.878","  0.271",10/18,/core/www/modules//sdig/index.php?run_id=110202&search_id=114132&scans_id=110198&peptide_id=20420&scanf=28635&charge=2&value=10/18,sp|O75694|NU155_HUMAN,/core/www/modules//consensus/?run_id=110202&search_id=114132&scans_id=110198&peptide_id=20420&scanf=28635&charge=2&value=sp|O75694|NU155_HUMAN,1,/core/www/modules/match_peptides/blast_html4.php?run_id=110202&search_id=114132&scans_id=110198&peptide_id=20420&scanf=28635&charge=2&value=1,K.LYGEFADPFK.L,/core/www/modules/show_out/show_out_wrapper.php?run_id=110202&search_id=114132&scans_id=110198&peptide_id=20420&scanf=28635&charge=2&value=K.LYGEFADPFK.L,NUP155,2.686e+6,2.345,0.035,1.451,0.001
28636,3,"  2.276","  0.204",6/44,/core/www/modules//sdig/index.php?run_id=110202&search_id=114132&scans_id=110198&peptide_id=20421&scanf=28636&charge=3&value=6/44,sp|P12814|ACTN1_HUMAN,/core/www/modules//consensus/?run_id=110202&search_id=114132&scans_id=110198&peptide_id=20421&scanf=28636&charge=3&value=sp|P12814|ACTN1_HUMAN,15,/core/www/modules/match_peptides/blast_html4.php?run_id=110202&search_id=114132&scans_id=110198&peptide_id=20421&scanf=28636&charge=3&value=15,K.NVNIQNFHISWK.D,/core/www/modules/show_out/show_out_wrapper.php?run_id=110202&search_id=114132&scans_id=110198&peptide_id=20421&scanf=28636&charge=3&value=K.NVNIQNFHISWK.D,ACTN1,2.010e+7,2.102,0.078,1.109,0.003
28639,2,"  1.674","  0.252",8/14,/core/www/modules//sdig/index.php?run_id=110202&search_id=114132&scans_id=110198&peptide_id=20424&scanf=28639&charge=2&value=8/14,sp|P00338|LDHA_HUMAN,/core/www/modules//consensus/?run_id=110202&search_id=114132&scans_id=110198&peptide_id=20424&scanf=28639&charge=2&value=sp|P00338|LDHA_HUMAN,2,/core/www/modules/match_peptides/blast_html4.php?run_id=110202&search_id=114132&scans_id=110198&peptide_id=20424&scanf=28639&charge=2&value=2,K.FIIPNVVK.Y,/core/www/modules/show_out/show_out_wrapper.php?run_id=110202&search_id=114132&scans_id=110198&peptide_id=20424&scanf=28639&charge=2&value=K.FIIPNVVK.Y,LDHA,1.005e+7,2.420,0.028,1.558,0.001
28645,3,"  4.106","  0.525",17/76,/core/www/modules//sdig/index.php?run_id=110202&search_id=114132&scans_id=110198&peptide_id=20430&scanf=28645&charge=3&value=17/76,sp|Q14669|TRIPC_HUMAN,/core/www/modules//consensus/?run_id=110202&search_id=114132&scans_id=110198&peptide_id=20430&scanf=28645&charge=3&value=sp|Q14669|TRIPC_HUMAN,2,/core/www/modules/match_peptides/blast_html4.php?run_id=110202&search_id=114132&scans_id=110198&peptide_id=20430&scanf=28645&charge=3&value=2,R.SIVSESDVSSFEIQHSGFVK.Q,/core/www/modules/show_out/show_out_wrapper.php?run_id=110202&search_id=114132&scans_id=110198&peptide_id=20430&scanf=28645&charge=3&value=R.SIVSESDVSSFEIQHSGFVK.Q,TRIP12,9.185e+6,3.128,0.003,2.598,0.000
28646,2,"  2.648","  0.520",13/22,/core/www/modules//sdig/index.php?run_id=110202&search_id=114132&scans_id=110198&peptide_id=20431&scanf=28646&charge=2&value=13/22,sp|Q14103|HNRPD_HUMAN,/core/www/modules//consensus/?run_id=110202&search_id=114132&scans_id=110198&peptide_id=20431&scanf=28646&charge=2&value=sp|Q14103|HNRPD_HUMAN,6,/core/www/modules/match_peptides/blast_html4.php?run_id=110202&search_id=114132&scans_id=110198&peptide_id=20431&scanf=28646&charge=2&value=6,K.M*FIGGLSWDTTK.K,/core/www/modules/show_out/show_out_wrapper.php?run_id=110202&search_id=114132&scans_id=110198&peptide_id=20431&scanf=28646&charge=2&value=K.M*FIGGLSWDTTK.K,HNRNPD,4.683e+6,3.179,0.002,2.672,0.000
28648,4,"  6.361","  0.541",25/138,/core/www/modules//sdig/index.php?run_id=110202&search_id=114132&scans_id=110198&peptide_id=20433&scanf=28648&charge=4&value=25/138,sp|Q2TAY7|SMU1_HUMAN,/core/www/modules//consensus/?run_id=110202&search_id=114132&scans_id=110198&peptide_id=20433&scanf=28648&charge=4&value=sp|Q2TAY7|SMU1_HUMAN,0,/core/www/modules/match_peptides/blast_html4.php?run_id=110202&search_id=114132&scans_id=110198&peptide_id=20433&scanf=28648&charge=4&value=0,K.DVIGIAHHPHQNLIATYSEDGLLK.L,/core/www/modules/show_out/show_out_wrapper.php?run_id=110202&search_id=114132&scans_id=110198&peptide_id=20433&scanf=28648&charge=4&value=K.DVIGIAHHPHQNLIATYSEDGLLK.L,SMU1,4.709e+6,3.459,0.001,3.088,0.000
28650,3,"  2.674","  0.419",9/56,/core/www/modules//sdig/index.php?run_id=110202&search_id=114132&scans_id=110198&peptide_id=20436&scanf=28650&charge=3&value=9/56,sp|P46063|RECQ1_HUMAN,/core/www/modules//consensus/?run_id=110202&search_id=114132&scans_id=110198&peptide_id=20436&scanf=28650&charge=3&value=sp|P46063|RECQ1_HUMAN,0,/core/www/modules/match_peptides/blast_html4.php?run_id=110202&search_id=114132&scans_id=110198&peptide_id=20436&scanf=28650&charge=3&value=0,R.QKPSNTEDFIEDIVK.L,/core/www/modules/show_out/show_out_wrapper.php?run_id=110202&search_id=114132&scans_id=110198&peptide_id=20436&scanf=28650&charge=3&value=R.QKPSNTEDFIEDIVK.L,RECQL,2.432e+7,2.678,0.012,1.935,0.000
28652,3,"  3.542","  0.673",21/128,/core/www/modules//sdig/index.php?run_id=110202&search_id=114132&scans_id=110198&peptide_id=20438&scanf=28652&charge=3&value=21/128,sp|Q92841|DDX17_HUMAN,/core/www/modules//consensus/?run_id=110202&search_id=114132&scans_id=110198&peptide_id=20438&scanf=28652&charge=3&value=sp|Q92841|DDX17_HUMAN,2,/core/www/modules/match_peptides/blast_html4.php?run_id=110202&search_id=114132&scans_id=110198&peptide_id=20438&scanf=28652&charge=3&value=2,R.ESAAPAAAPTAEAPPPSVVTRPEPQALPSPAIR.A,/core/www/modules/show_out/show_out_wrapper.php?run_id=110202&search_id=114132&scans_id=110198&peptide_id=20438&scanf=28652&charge=3&value=R.ESAAPAAAPTAEAPPPSVVTRPEPQALPSPAIR.A,DDX17,7.205e+6,3.001,0.004,2.410,0.000
28657,2,"  2.186","  0.353",10/12,/core/www/modules//sdig/index.php?run_id=110202&search_id=114132&scans_id=110198&peptide_id=20443&scanf=28657&charge=2&value=10/12,sp|P04908|H2A1B_HUMAN,/core/www/modules//consensus/?run_id=110202&search_id=114132&scans_id=110198&peptide_id=20443&scanf=28657&charge=2&value=sp|P04908|H2A1B_HUMAN,20,/core/www/modules/match_peptides/blast_html4.php?run_id=110202&search_id=114132&scans_id=110198&peptide_id=20443&scanf=28657&charge=2&value=20,R.HLQLAIR.N,/core/www/modules/show_out/show_out_wrapper.php?run_id=110202&search_id=114132&scans_id=110198&peptide_id=20443&scanf=28657&charge=2&value=R.HLQLAIR.N,H2AC8,7.534e+6,3.380,0.001,2.971,0.000
28667,2,"  3.799","  0.611",13/22,/core/www/modules//sdig/index.php?run_id=110202&search_id=114132&scans_id=110198&peptide_id=20453&scanf=28667&charge=2&value=13/22,sp|P50454|SERPH_HUMAN,/core/www/modules//consensus/?run_id=110202&search_id=114132&scans_id=110198&peptide_id=20453&scanf=28667&charge=2&value=sp|P50454|SERPH_HUMAN,2,/core/www/modules/match_peptides/blast_html4.php?run_id=110202&search_id=114132&scans_id=110198&peptide_id=20453&scanf=28667&charge=2&value=2,R.DTQSGSLLFIGR.L,/core/www/modules/show_out/show_out_wrapper.php?run_id=110202&search_id=114132&scans_id=110198&peptide_id=20453&scanf=28667&charge=2&value=R.DTQSGSLLFIGR.L,SERPINH1,2.132e+7,3.661,0.000,3.388,0.000
28670,3,"  4.101","  0.569",13/60,/core/www/modules//sdig/index.php?run_id=110202&search_id=114132&scans_id=110198&peptide_id=20457&scanf=28670&charge=3&value=13/60,sp|P55060|XPO2_HUMAN,/core/www/modules//consensus/?run_id=110202&search_id=114132&scans_id=110198&peptide_id=20457&scanf=28670&charge=3&value=sp|P55060|XPO2_HUMAN,0,/core/www/modules/match_peptides/blast_html4.php?run_id=110202&search_id=114132&scans_id=110198&peptide_id=20457&scanf=28670&charge=3&value=0,K.ANIVHLMLSSPEQIQK.Q,/core/www/modules/show_out/show_out_wrapper.php?run_id=110202&search_id=114132&scans_id=110198&peptide_id=20457&scanf=28670&charge=3&value=K.ANIVHLMLSSPEQIQK.Q,CSE1L,9.093e+6,3.271,0.002,2.809,0.000
28671,2,"  2.239","  0.570",10/16,/core/www/modules//sdig/index.php?run_id=110202&search_id=114132&scans_id=110198&peptide_id=20458&scanf=28671&charge=2&value=10/16,sp|P11940|PABP1_HUMAN,/core/www/modules//consensus/?run_id=110202&search_id=114132&scans_id=110198&peptide_id=20458&scanf=28671&charge=2&value=sp|P11940|PABP1_HUMAN,11,/core/www/modules/match_peptides/blast_html4.php?run_id=110202&search_id=114132&scans_id=110198&peptide_id=20458&scanf=28671&charge=2&value=11,K.GFGFVSFER.H,/core/www/modules/show_out/show_out_wrapper.php?run_id=110202&search_id=114132&scans_id=110198&peptide_id=20458&scanf=28671&charge=2&value=K.GFGFVSFER.H,PABPC1,1.667e+7,3.567,0.001,3.247,0.000
28672,3,"  1.914","  0.259",8/52,/core/www/modules//sdig/index.php?run_id=110202&search_id=114132&scans_id=110198&peptide_id=20459&scanf=28672&charge=3&value=8/52,sp|P28838|AMPL_HUMAN,/core/www/modules//consensus/?run_id=110202&search_id=114132&scans_id=110198&peptide_id=20459&scanf=28672&charge=3&value=sp|P28838|AMPL_HUMAN,1,/core/www/modules/match_peptides/blast_html4.php?run_id=110202&search_id=114132&scans_id=110198&peptide_id=20459&scanf=28672&charge=3&value=1,K.GSDEPPVFLEIHYK.G,/core/www/modules/show_out/show_out_wrapper.php?run_id=110202&search_id=114132&scans_id=110198&peptide_id=20459&scanf=28672&charge=3&value=K.GSDEPPVFLEIHYK.G,LAP3,4.501e+6,2.109,0.076,1.119,0.002
28677,2,"  1.883","  0.330",8/16,/core/www/modules//sdig/index.php?run_id=110202&search_id=114132&scans_id=110198&peptide_id=20464&scanf=28677&charge=2&value=8/16,sp|O00299|CLIC1_HUMAN,/core/www/modules//consensus/?run_id=110202&search_id=114132&scans_id=110198&peptide_id=20464&scanf=28677&charge=2&value=sp|O00299|CLIC1_HUMAN,0,/core/www/modules/match_peptides/blast_html4.php?run_id=110202&search_id=114132&scans_id=110198&peptide_id=20464&scanf=28677&charge=2&value=0,R.GFTIPEAFR.G,/core/www/modules/show_out/show_out_wrapper.php?run_id=110202&search_id=114132&scans_id=110198&peptide_id=20464&scanf=28677&charge=2&value=R.GFTIPEAFR.G,CLIC1,3.672e+7,2.528,0.019,1.715,0.000
28679,3,"  4.182","  0.261",12/72,/core/www/modules//sdig/index.php?run_id=110202&search_id=114132&scans_id=110198&peptide_id=20466&scanf=28679&charge=3&value=12/72,sp|Q9H6W3|RIOX1_HUMAN,/core/www/modules//consensus/?run_id=110202&search_id=114132&scans_id=110198&peptide_id=20466&scanf=28679&charge=3&value=sp|Q9H6W3|RIOX1_HUMAN,0,/core/www/modules/match_peptides/blast_html4.php?run_id=110202&search_id=114132&scans_id=110198&peptide_id=20466&scanf=28679&charge=3&value=0,R.EPYGHLGPAELLEASPAAR.S,/core/www/modules/show_out/show_out_wrapper.php?run_id=110202&search_id=114132&scans_id=110198&peptide_id=20466&scanf=28679&charge=3&value=R.EPYGHLGPAELLEASPAAR.S,RIOX1,4.509e+6,2.056,0.090,1.048,0.004
28682,2,"  2.151","  0.603",7/16,/core/www/modules//sdig/index.php?run_id=110202&search_id=114132&scans_id=110198&peptide_id=20470&scanf=28682&charge=2&value=7/16,sp|P12081|HARS1_HUMAN,/core/www/modules//consensus/?run_id=110202&search_id=114132&scans_id=110198&peptide_id=20470&scanf=28682&charge=2&value=sp|P12081|HARS1_HUMAN,14,/core/www/modules/match_peptides/blast_html4.php?run_id=110202&search_id=114132&scans_id=110198&peptide_id=20470&scanf=28682&charge=2&value=14,R.YDLTVPFAR.Y,/core/www/modules/show_out/show_out_wrapper.php?run_id=110202&search_id=114132&scans_id=110198&peptide_id=20470&scanf=28682&charge=2&value=R.YDLTVPFAR.Y,HARS1,3.701e+6,3.178,0.002,2.672,0.000
28686,2,"  2.772","  0.540",11/20,/core/www/modules//sdig/index.php?run_id=110202&search_id=114132&scans_id=110198&peptide_id=20473&scanf=28686&charge=2&value=11/20,sp|P55795|HNRH2_HUMAN,/core/www/modules//consensus/?run_id=110202&search_id=114132&scans_id=110198&peptide_id=20473&scanf=28686&charge=2&value=sp|P55795|HNRH2_HUMAN,0,/core/www/modules/match_peptides/blast_html4.php?run_id=110202&search_id=114132&scans_id=110198&peptide_id=20473&scanf=28686&charge=2&value=0,K.SNSVEMDWVLK.H,/core/www/modules/show_out/show_out_wrapper.php?run_id=110202&search_id=114132&scans_id=110198&peptide_id=20473&scanf=28686&charge=2&value=K.SNSVEMDWVLK.H,HNRNPH2,1.627e+7,3.198,0.002,2.701,0.000
28690,2,"  2.275","  0.309",9/16,/core/www/modules//sdig/index.php?run_id=110202&search_id=114132&scans_id=110198&peptide_id=20478&scanf=28690&charge=2&value=9/16,sp|Q9H8H2|DDX31_HUMAN,/core/www/modules//consensus/?run_id=110202&search_id=114132&scans_id=110198&peptide_id=20478&scanf=28690&charge=2&value=sp|Q9H8H2|DDX31_HUMAN,0,/core/www/modules/match_peptides/blast_html4.php?run_id=110202&search_id=114132&scans_id=110198&peptide_id=20478&scanf=28690&charge=2&value=0,R.WLVFDEADR.I,/core/www/modules/show_out/show_out_wrapper.php?run_id=110202&search_id=114132&scans_id=110198&peptide_id=20478&scanf=28690&charge=2&value=R.WLVFDEADR.I,DDX31,6.953e+6,2.528,0.019,1.714,0.000
28691,3,"  4.089","  0.466",15/56,/core/www/modules//sdig/index.php?run_id=110202&search_id=114132&scans_id=110198&peptide_id=20479&scanf=28691&charge=3&value=15/56,sp|Q02880|TOP2B_HUMAN,/core/www/modules//consensus/?run_id=110202&search_id=114132&scans_id=110198&peptide_id=20479&scanf=28691&charge=3&value=sp|Q02880|TOP2B_HUMAN,4,/core/www/modules/match_peptides/blast_html4.php?run_id=110202&search_id=114132&scans_id=110198&peptide_id=20479&scanf=28691&charge=3&value=4,R.MLDGLDPHPMLPNYK.N,/core/www/modules/show_out/show_out_wrapper.php?run_id=110202&search_id=114132&scans_id=110198&peptide_id=20479&scanf=28691&charge=3&value=R.MLDGLDPHPMLPNYK.N,TOP2B,1.701e+7,3.148,0.002,2.627,0.000
28693,3,"  4.027","  0.517",10/64,/core/www/modules//sdig/index.php?run_id=110202&search_id=114132&scans_id=110198&peptide_id=20481&scanf=28693&charge=3&value=10/64,sp|Q01130|SRSF2_HUMAN,/core/www/modules//consensus/?run_id=110202&search_id=114132&scans_id=110198&peptide_id=20481&scanf=28693&charge=3&value=sp|Q01130|SRSF2_HUMAN,2,/core/www/modules/match_peptides/blast_html4.php?run_id=110202&search_id=114132&scans_id=110198&peptide_id=20481&scanf=28693&charge=3&value=2,R.DAEDAMDAMDGAVLDGR.E,/core/www/modules/show_out/show_out_wrapper.php?run_id=110202&search_id=114132&scans_id=110198&peptide_id=20481&scanf=28693&charge=3&value=R.DAEDAMDAMDGAVLDGR.E,SRSF2,7.499e+6,2.951,0.005,2.336,0.000
28695,2,"  1.689","  0.090",9/18,/core/www/modules//sdig/index.php?run_id=110202&search_id=114132&scans_id=110198&peptide_id=20483&scanf=28695&charge=2&value=9/18,sp|Q14204|DYHC1_HUMAN,/core/www/modules//consensus/?run_id=110202&search_id=114132&scans_id=110198&peptide_id=20483&scanf=28695&charge=2&value=sp|Q14204|DYHC1_HUMAN,14,/core/www/modules/match_peptides/blast_html4.php?run_id=110202&search_id=114132&scans_id=110198&peptide_id=20483&scanf=28695&charge=2&value=14,K.SLLQALNEVK.G,/core/www/modules/show_out/show_out_wrapper.php?run_id=110202&search_id=114132&scans_id=110198&peptide_id=20483&scanf=28695&charge=2&value=K.SLLQALNEVK.G,DYNC1H1,8.419e+6,2.018,0.101,0.996,0.005
28710,3,"  4.838","  0.603",15/60,/core/www/modules//sdig/index.php?run_id=110202&search_id=114132&scans_id=110198&peptide_id=20498&scanf=28710&charge=3&value=15/60,sp|P55060|XPO2_HUMAN,/core/www/modules//consensus/?run_id=110202&search_id=114132&scans_id=110198&peptide_id=20498&scanf=28710&charge=3&value=sp|P55060|XPO2_HUMAN,0,/core/www/modules/match_peptides/blast_html4.php?run_id=110202&search_id=114132&scans_id=110198&peptide_id=20498&scanf=28710&charge=3&value=0,K.ANIVHLMLSSPEQIQK.Q,/core/www/modules/show_out/show_out_wrapper.php?run_id=110202&search_id=114132&scans_id=110198&peptide_id=20498&scanf=28710&charge=3&value=K.ANIVHLMLSSPEQIQK.Q,CSE1L,9.093e+6,3.479,0.001,3.118,0.000
28711,2,"  1.925","  0.412",8/20,/core/www/modules//sdig/index.php?run_id=110202&search_id=114132&scans_id=110198&peptide_id=20499&scanf=28711&charge=2&value=8/20,sp|Q5RKV6|EXOS6_HUMAN,/core/www/modules//consensus/?run_id=110202&search_id=114132&scans_id=110198&peptide_id=20499&scanf=28711&charge=2&value=sp|Q5RKV6|EXOS6_HUMAN,0,/core/www/modules/match_peptides/blast_html4.php?run_id=110202&search_id=114132&scans_id=110198&peptide_id=20499&scanf=28711&charge=2&value=0,R.LYPVLQQSLVR.A,/core/www/modules/show_out/show_out_wrapper.php?run_id=110202&search_id=114132&scans_id=110198&peptide_id=20499&scanf=28711&charge=2&value=R.LYPVLQQSLVR.A,EXOSC6,5.225e+6,2.587,0.016,1.801,0.000
28713,3,"  4.518","  0.371",15/60,/core/www/modules//sdig/index.php?run_id=110202&search_id=114132&scans_id=110198&peptide_id=20501&scanf=28713&charge=3&value=15/60,sp|Q7L5N1|CSN6_HUMAN,/core/www/modules//consensus/?run_id=110202&search_id=114132&scans_id=110198&peptide_id=20501&scanf=28713&charge=3&value=sp|Q7L5N1|CSN6_HUMAN,1,/core/www/modules/match_peptides/blast_html4.php?run_id=110202&search_id=114132&scans_id=110198&peptide_id=20501&scanf=28713&charge=3&value=1,R.SQEGRPVQVIGALIGK.Q,/core/www/modules/show_out/show_out_wrapper.php?run_id=110202&search_id=114132&scans_id=110198&peptide_id=20501&scanf=28713&charge=3&value=R.SQEGRPVQVIGALIGK.Q,COPS6,5.545e+6,2.691,0.011,1.953,0.000
28714,2,"  2.128","  0.413",8/12,/core/www/modules//sdig/index.php?run_id=110202&search_id=114132&scans_id=110198&peptide_id=20502&scanf=28714&charge=2&value=8/12,sp|Q7Z3K3|POGZ_HUMAN,/core/www/modules//consensus/?run_id=110202&search_id=114132&scans_id=110198&peptide_id=20502&scanf=28714&charge=2&value=sp|Q7Z3K3|POGZ_HUMAN,2,/core/www/modules/match_peptides/blast_html4.php?run_id=110202&search_id=114132&scans_id=110198&peptide_id=20502&scanf=28714&charge=2&value=2,R.LQFLFAK.D,/core/www/modules/show_out/show_out_wrapper.php?run_id=110202&search_id=114132&scans_id=110198&peptide_id=20502&scanf=28714&charge=2&value=R.LQFLFAK.D,POGZ,4.605e+6,3.140,0.002,2.615,0.000
28715,3,"  3.919","  0.537",13/56,/core/www/modules//sdig/index.php?run_id=110202&search_id=114132&scans_id=110198&peptide_id=20503&scanf=28715&charge=3&value=13/56,sp|P61978|HNRPK_HUMAN,/core/www/modules//consensus/?run_id=110202&search_id=114132&scans_id=110198&peptide_id=20503&scanf=28715&charge=3&value=sp|P61978|HNRPK_HUMAN,1,/core/www/modules/match_peptides/blast_html4.php?run_id=110202&search_id=114132&scans_id=110198&peptide_id=20503&scanf=28715&charge=3&value=1,R.LLIHQSLAGGIIGVK.G,/core/www/modules/show_out/show_out_wrapper.php?run_id=110202&search_id=114132&scans_id=110198&peptide_id=20503&scanf=28715&charge=3&value=R.LLIHQSLAGGIIGVK.G,HNRNPK,3.544e+8,3.408,0.001,3.012,0.000
28717,2,"  1.901","  0.366",8/18,/core/www/modules//sdig/index.php?run_id=110202&search_id=114132&scans_id=110198&peptide_id=20505&scanf=28717&charge=2&value=8/18,sp|Q96FV9|THOC1_HUMAN,/core/www/modules//consensus/?run_id=110202&search_id=114132&scans_id=110198&peptide_id=20505&scanf=28717&charge=2&value=sp|Q96FV9|THOC1_HUMAN,1,/core/www/modules/match_peptides/blast_html4.php?run_id=110202&search_id=114132&scans_id=110198&peptide_id=20505&scanf=28717&charge=2&value=1,K.YSEEVLAVFK.S,/core/www/modules/show_out/show_out_wrapper.php?run_id=110202&search_id=114132&scans_id=110198&peptide_id=20505&scanf=28717&charge=2&value=K.YSEEVLAVFK.S,THOC1,6.260e+6,2.564,0.017,1.767,0.000
28721,4,"  3.218","  0.415",14/90,/core/www/modules//sdig/index.php?run_id=110202&search_id=114132&scans_id=110198&peptide_id=20510&scanf=28721&charge=4&value=14/90,sp|Q8WWQ0|PHIP_HUMAN,/core/www/modules//consensus/?run_id=110202&search_id=114132&scans_id=110198&peptide_id=20510&scanf=28721&charge=4&value=sp|Q8WWQ0|PHIP_HUMAN,4,/core/www/modules/match_peptides/blast_html4.php?run_id=110202&search_id=114132&scans_id=110198&peptide_id=20510&scanf=28721&charge=4&value=4,K.IADQMFFHSDYRPLIR.D,/core/www/modules/show_out/show_out_wrapper.php?run_id=110202&search_id=114132&scans_id=110198&peptide_id=20510&scanf=28721&charge=4&value=K.IADQMFFHSDYRPLIR.D,PHIP,4.144e+6,3.078,0.003,2.524,0.000
28728,2,"  2.052","  0.345",8/14,/core/www/modules//sdig/index.php?run_id=110202&search_id=114132&scans_id=110198&peptide_id=20516&scanf=28728&charge=2&value=8/14,sp|P62805|H4_HUMAN,/core/www/modules//consensus/?run_id=110202&search_id=114132&scans_id=110198&peptide_id=20516&scanf=28728&charge=2&value=sp|P62805|H4_HUMAN,0,/core/www/modules/match_peptides/blast_html4.php?run_id=110202&search_id=114132&scans_id=110198&peptide_id=20516&scanf=28728&charge=2&value=0,K.VFLENVIR.D,/core/www/modules/show_out/show_out_wrapper.php?run_id=110202&search_id=114132&scans_id=110198&peptide_id=20516&scanf=28728&charge=2&value=K.VFLENVIR.D,H4C16,1.606e+9,2.881,0.006,2.233,0.000
28729,2,"  1.315","  0.367",7/14,/core/www/modules//sdig/index.php?run_id=110202&search_id=114132&scans_id=110198&peptide_id=20517&scanf=28729&charge=2&value=7/14,sp|P60709|ACTB_HUMAN,/core/www/modules//consensus/?run_id=110202&search_id=114132&scans_id=110198&peptide_id=20517&scanf=28729&charge=2&value=sp|P60709|ACTB_HUMAN,16,/core/www/modules/match_peptides/blast_html4.php?run_id=110202&search_id=114132&scans_id=110198&peptide_id=20517&scanf=28729&charge=2&value=16,R.DLTDYLMK.I,/core/www/modules/show_out/show_out_wrapper.php?run_id=110202&search_id=114132&scans_id=110198&peptide_id=20517&scanf=28729&charge=2&value=R.DLTDYLMK.I,ACTB,2.020e+9,3.236,0.002,2.757,0.000
28730,3,"  3.202","  0.495",15/44,/core/www/modules//sdig/index.php?run_id=110202&search_id=114132&scans_id=110198&peptide_id=20519&scanf=28730&charge=3&value=15/44,sp|P46781|RS9_HUMAN,/core/www/modules//consensus/?run_id=110202&search_id=114132&scans_id=110198&peptide_id=20519&scanf=28730&charge=3&value=sp|P46781|RS9_HUMAN,0,/core/www/modules/match_peptides/blast_html4.php?run_id=110202&search_id=114132&scans_id=110198&peptide_id=20519&scanf=28730&charge=3&value=0,R.KQVVNIPSFIVR.L,/core/www/modules/show_out/show_out_wrapper.php?run_id=110202&search_id=114132&scans_id=110198&peptide_id=20519&scanf=28730&charge=3&value=R.KQVVNIPSFIVR.L,RPS9,5.867e+7,3.018,0.004,2.435,0.000
28731,2,"  2.480","  0.419",9/16,/core/www/modules//sdig/index.php?run_id=110202&search_id=114132&scans_id=110198&peptide_id=20520&scanf=28731&charge=2&value=9/16,sp|P46087|NOP2_HUMAN,/core/www/modules//consensus/?run_id=110202&search_id=114132&scans_id=110198&peptide_id=20520&scanf=28731&charge=2&value=sp|P46087|NOP2_HUMAN,2,/core/www/modules/match_peptides/blast_html4.php?run_id=110202&search_id=114132&scans_id=110198&peptide_id=20520&scanf=28731&charge=2&value=2,R.IQDIVGILR.D,/core/www/modules/show_out/show_out_wrapper.php?run_id=110202&search_id=114132&scans_id=110198&peptide_id=20520&scanf=28731&charge=2&value=R.IQDIVGILR.D,NOP2,7.429e+7,3.035,0.003,2.459,0.000
28733,2,"  2.639","  0.247",12/18,/core/www/modules//sdig/index.php?run_id=110202&search_id=114132&scans_id=110198&peptide_id=20522&scanf=28733&charge=2&value=12/18,sp|Q10570|CPSF1_HUMAN,/core/www/modules//consensus/?run_id=110202&search_id=114132&scans_id=110198&peptide_id=20522&scanf=28733&charge=2&value=sp|Q10570|CPSF1_HUMAN,0,/core/www/modules/match_peptides/blast_html4.php?run_id=110202&search_id=114132&scans_id=110198&peptide_id=20522&scanf=28733&charge=2&value=0,K.EVLLVALGSR.Q,/core/www/modules/show_out/show_out_wrapper.php?run_id=110202&search_id=114132&scans_id=110198&peptide_id=20522&scanf=28733&charge=2&value=K.EVLLVALGSR.Q,CPSF1,9.816e+6,2.589,0.016,1.804,0.000
28734,3,"  4.937","  0.632",20/100,/core/www/modules//sdig/index.php?run_id=110202&search_id=114132&scans_id=110198&peptide_id=20523&scanf=28734&charge=3&value=20/100,sp|P11388|TOP2A_HUMAN,/core/www/modules//consensus/?run_id=110202&search_id=114132&scans_id=110198&peptide_id=20523&scanf=28734&charge=3&value=sp|P11388|TOP2A_HUMAN,0,/core/www/modules/match_peptides/blast_html4.php?run_id=110202&search_id=114132&scans_id=110198&peptide_id=20523&scanf=28734&charge=3&value=0,K.GSVPLSSSPPATHFPDETEITNPVPK.K,/core/www/modules/show_out/show_out_wrapper.php?run_id=110202&search_id=114132&scans_id=110198&peptide_id=20523&scanf=28734&charge=3&value=K.GSVPLSSSPPATHFPDETEITNPVPK.K,TOP2A,3.078e+6,3.350,0.001,2.925,0.000
28735,2,"  2.947","  0.554",11/24,/core/www/modules//sdig/index.php?run_id=110202&search_id=114132&scans_id=110198&peptide_id=20524&scanf=28735&charge=2&value=11/24,sp|O60934|NBN_HUMAN,/core/www/modules//consensus/?run_id=110202&search_id=114132&scans_id=110198&peptide_id=20524&scanf=28735&charge=2&value=sp|O60934|NBN_HUMAN,16,/core/www/modules/match_peptides/blast_html4.php?run_id=110202&search_id=114132&scans_id=110198&peptide_id=20524&scanf=28735&charge=2&value=16,K.SGDGITFGVFGSK.F,/core/www/modules/show_out/show_out_wrapper.php?run_id=110202&search_id=114132&scans_id=110198&peptide_id=20524&scanf=28735&charge=2&value=K.SGDGITFGVFGSK.F,NBN,4.505e+6,3.135,0.002,2.608,0.000
28736,2,"  5.679","  0.688",17/30,/core/www/modules//sdig/index.php?run_id=110202&search_id=114132&scans_id=110198&peptide_id=20525&scanf=28736&charge=2&value=17/30,sp|O43707|ACTN4_HUMAN,/core/www/modules//consensus/?run_id=110202&search_id=114132&scans_id=110198&peptide_id=20525&scanf=28736&charge=2&value=sp|O43707|ACTN4_HUMAN,3,/core/www/modules/match_peptides/blast_html4.php?run_id=110202&search_id=114132&scans_id=110198&peptide_id=20525&scanf=28736&charge=2&value=3,R.QFASQANVVGPWIQTK.M,/core/www/modules/show_out/show_out_wrapper.php?run_id=110202&search_id=114132&scans_id=110198&peptide_id=20525&scanf=28736&charge=2&value=R.QFASQANVVGPWIQTK.M,ACTN4,4.105e+7,4.146,0.000,4.106,0.000
28738,2,"  4.028","  0.746",18/28,/core/www/modules//sdig/index.php?run_id=110202&search_id=114132&scans_id=110198&peptide_id=20527&scanf=28738&charge=2&value=18/28,sp|P52701|MSH6_HUMAN,/core/www/modules//consensus/?run_id=110202&search_id=114132&scans_id=110198&peptide_id=20527&scanf=28738&charge=2&value=sp|P52701|MSH6_HUMAN,3,/core/www/modules/match_peptides/blast_html4.php?run_id=110202&search_id=114132&scans_id=110198&peptide_id=20527&scanf=28738&charge=2&value=3,K.AGFDSDYDQALADIR.E,/core/www/modules/show_out/show_out_wrapper.php?run_id=110202&search_id=114132&scans_id=110198&peptide_id=20527&scanf=28738&charge=2&value=K.AGFDSDYDQALADIR.E,MSH6,4.590e+6,4.104,0.000,4.044,0.000
28739,2,"  3.684","  0.529",12/28,/core/www/modules//sdig/index.php?run_id=110202&search_id=114132&scans_id=110198&peptide_id=20528&scanf=28739&charge=2&value=12/28,sp|Q9Y5Q9|TF3C3_HUMAN,/core/www/modules//consensus/?run_id=110202&search_id=114132&scans_id=110198&peptide_id=20528&scanf=28739&charge=2&value=sp|Q9Y5Q9|TF3C3_HUMAN,2,/core/www/modules/match_peptides/blast_html4.php?run_id=110202&search_id=114132&scans_id=110198&peptide_id=20528&scanf=28739&charge=2&value=2,R.ISLSTLQQQLGQPEK.A,/core/www/modules/show_out/show_out_wrapper.php?run_id=110202&search_id=114132&scans_id=110198&peptide_id=20528&scanf=28739&charge=2&value=R.ISLSTLQQQLGQPEK.A,GTF3C3,3.272e+6,3.011,0.004,2.424,0.000
28743,3,"  3.180","  0.582",12/44,/core/www/modules//sdig/index.php?run_id=110202&search_id=114132&scans_id=110198&peptide_id=20533&scanf=28743&charge=3&value=12/44,sp|P38117|ETFB_HUMAN,/core/www/modules//consensus/?run_id=110202&search_id=114132&scans_id=110198&peptide_id=20533&scanf=28743&charge=3&value=sp|P38117|ETFB_HUMAN,1,/core/www/modules/match_peptides/blast_html4.php?run_id=110202&search_id=114132&scans_id=110198&peptide_id=20533&scanf=28743&charge=3&value=1,R.LKLPAVVTADLR.L,/core/www/modules/show_out/show_out_wrapper.php?run_id=110202&search_id=114132&scans_id=110198&peptide_id=20533&scanf=28743&charge=3&value=R.LKLPAVVTADLR.L,ETFB,4.194e+6,3.163,0.002,2.650,0.000
28746,3,"  3.164","  0.403",13/52,/core/www/modules//sdig/index.php?run_id=110202&search_id=114132&scans_id=110198&peptide_id=20536&scanf=28746&charge=3&value=13/52,sp|O60313|OPA1_HUMAN,/core/www/modules//consensus/?run_id=110202&search_id=114132&scans_id=110198&peptide_id=20536&scanf=28746&charge=3&value=sp|O60313|OPA1_HUMAN,10,/core/www/modules/match_peptides/blast_html4.php?run_id=110202&search_id=114132&scans_id=110198&peptide_id=20536&scanf=28746&charge=3&value=10,R.EFDLTKEEDLAALR.H,/core/www/modules/show_out/show_out_wrapper.php?run_id=110202&search_id=114132&scans_id=110198&peptide_id=20536&scanf=28746&charge=3&value=R.EFDLTKEEDLAALR.H,OPA1,2.029e+6,2.510,0.020,1.689,0.000
28750,2,"  3.924","  0.665",15/28,/core/www/modules//sdig/index.php?run_id=110202&search_id=114132&scans_id=110198&peptide_id=20540&scanf=28750&charge=2&value=15/28,sp|Q92922|SMRC1_HUMAN,/core/www/modules//consensus/?run_id=110202&search_id=114132&scans_id=110198&peptide_id=20540&scanf=28750&charge=2&value=sp|Q92922|SMRC1_HUMAN,1,/core/www/modules/match_peptides/blast_html4.php?run_id=110202&search_id=114132&scans_id=110198&peptide_id=20540&scanf=28750&charge=2&value=1,K.FWESPETVSQLDSVR.V,/core/www/modules/show_out/show_out_wrapper.php?run_id=110202&search_id=114132&scans_id=110198&peptide_id=20540&scanf=28750&charge=2&value=K.FWESPETVSQLDSVR.V,SMARCC1,7.341e+6,3.655,0.000,3.378,0.000
28756,2,"  2.076","  0.234",8/14,/core/www/modules//sdig/index.php?run_id=110202&search_id=114132&scans_id=110198&peptide_id=20546&scanf=28756&charge=2&value=8/14,sp|Q9Y2P8|RCL1_HUMAN,/core/www/modules//consensus/?run_id=110202&search_id=114132&scans_id=110198&peptide_id=20546&scanf=28756&charge=2&value=sp|Q9Y2P8|RCL1_HUMAN,2,/core/www/modules/match_peptides/blast_html4.php?run_id=110202&search_id=114132&scans_id=110198&peptide_id=20546&scanf=28756&charge=2&value=2,R.LLLEEIYR.G,/core/www/modules/show_out/show_out_wrapper.php?run_id=110202&search_id=114132&scans_id=110198&peptide_id=20546&scanf=28756&charge=2&value=R.LLLEEIYR.G,RCL1,7.074e+6,2.394,0.030,1.520,0.001
28757,2,"  1.761","  0.219",9/18,/core/www/modules//sdig/index.php?run_id=110202&search_id=114132&scans_id=110198&peptide_id=20547&scanf=28757&charge=2&value=9/18,sp|Q8N0S6|CENPL_HUMAN,/core/www/modules//consensus/?run_id=110202&search_id=114132&scans_id=110198&peptide_id=20547&scanf=28757&charge=2&value=sp|Q8N0S6|CENPL_HUMAN,0,/core/www/modules/match_peptides/blast_html4.php?run_id=110202&search_id=114132&scans_id=110198&peptide_id=20547&scanf=28757&charge=2&value=0,R.LLNAFIVAEK.Q,/core/www/modules/show_out/show_out_wrapper.php?run_id=110202&search_id=114132&scans_id=110198&peptide_id=20547&scanf=28757&charge=2&value=R.LLNAFIVAEK.Q,CENPL,2.264e+6,2.067,0.087,1.062,0.004
28759,3,"  3.168","  0.525",14/48,/core/www/modules//sdig/index.php?run_id=110202&search_id=114132&scans_id=110198&peptide_id=20549&scanf=28759&charge=3&value=14/48,sp|Q14669|TRIPC_HUMAN,/core/www/modules//consensus/?run_id=110202&search_id=114132&scans_id=110198&peptide_id=20549&scanf=28759&charge=3&value=sp|Q14669|TRIPC_HUMAN,2,/core/www/modules/match_peptides/blast_html4.php?run_id=110202&search_id=114132&scans_id=110198&peptide_id=20549&scanf=28759&charge=3&value=2,R.GLPPHLFGPLGPR.M,/core/www/modules/show_out/show_out_wrapper.php?run_id=110202&search_id=114132&scans_id=110198&peptide_id=20549&scanf=28759&charge=3&value=R.GLPPHLFGPLGPR.M,TRIP12,8.738e+6,3.388,0.001,2.983,0.000
28764,2,"  1.849","  0.365",8/14,/core/www/modules//sdig/index.php?run_id=110202&search_id=114132&scans_id=110198&peptide_id=20555&scanf=28764&charge=2&value=8/14,sp|P22670|RFX1_HUMAN,/core/www/modules//consensus/?run_id=110202&search_id=114132&scans_id=110198&peptide_id=20555&scanf=28764&charge=2&value=sp|P22670|RFX1_HUMAN,0,/core/www/modules/match_peptides/blast_html4.php?run_id=110202&search_id=114132&scans_id=110198&peptide_id=20555&scanf=28764&charge=2&value=0,K.AILVLLSK.F,/core/www/modules/show_out/show_out_wrapper.php?run_id=110202&search_id=114132&scans_id=110198&peptide_id=20555&scanf=28764&charge=2&value=K.AILVLLSK.F,RFX1,2.162e+6,2.800,0.008,2.114,0.000
28770,3,"  6.109","  0.657",22/72,/core/www/modules//sdig/index.php?run_id=110202&search_id=114132&scans_id=110198&peptide_id=20561&scanf=28770&charge=3&value=22/72,sp|Q92616|GCN1_HUMAN,/core/www/modules//consensus/?run_id=110202&search_id=114132&scans_id=110198&peptide_id=20561&scanf=28770&charge=3&value=sp|Q92616|GCN1_HUMAN,0,/core/www/modules/match_peptides/blast_html4.php?run_id=110202&search_id=114132&scans_id=110198&peptide_id=20561&scanf=28770&charge=3&value=0,R.ALQAAIQQLAEAQPEATAK.N,/core/www/modules/show_out/show_out_wrapper.php?run_id=110202&search_id=114132&scans_id=110198&peptide_id=20561&scanf=28770&charge=3&value=R.ALQAAIQQLAEAQPEATAK.N,GCN1,6.160e+6,3.857,0.000,3.678,0.000
28772,3,"  4.816","  0.623",17/64,/core/www/modules//sdig/index.php?run_id=110202&search_id=114132&scans_id=110198&peptide_id=20563&scanf=28772&charge=3&value=17/64,sp|Q06830|PRDX1_HUMAN,/core/www/modules//consensus/?run_id=110202&search_id=114132&scans_id=110198&peptide_id=20563&scanf=28772&charge=3&value=sp|Q06830|PRDX1_HUMAN,1,/core/www/modules/match_peptides/blast_html4.php?run_id=110202&search_id=114132&scans_id=110198&peptide_id=20563&scanf=28772&charge=3&value=1,K.KQGGLGPMNIPLVSDPK.R,/core/www/modules/show_out/show_out_wrapper.php?run_id=110202&search_id=114132&scans_id=110198&peptide_id=20563&scanf=28772&charge=3&value=K.KQGGLGPMNIPLVSDPK.R,PRDX1,1.416e+7,3.248,0.002,2.775,0.000
28774,2,"  2.905","  0.626",15/30,/core/www/modules//sdig/index.php?run_id=110202&search_id=114132&scans_id=110198&peptide_id=20565&scanf=28774&charge=2&value=15/30,sp|Q92922|SMRC1_HUMAN,/core/www/modules//consensus/?run_id=110202&search_id=114132&scans_id=110198&peptide_id=20565&scanf=28774&charge=2&value=sp|Q92922|SMRC1_HUMAN,0,/core/www/modules/match_peptides/blast_html4.php?run_id=110202&search_id=114132&scans_id=110198&peptide_id=20565&scanf=28774&charge=2&value=0,R.SPQVPAAQQMLNFPEK.N,/core/www/modules/show_out/show_out_wrapper.php?run_id=110202&search_id=114132&scans_id=110198&peptide_id=20565&scanf=28774&charge=2&value=R.SPQVPAAQQMLNFPEK.N,SMARCC1,1.471e+7,3.389,0.001,2.984,0.000
28777,3,"  1.817","  0.218",11/36,/core/www/modules//sdig/index.php?run_id=110202&search_id=114132&scans_id=110198&peptide_id=20568&scanf=28777&charge=3&value=11/36,sp|Q96S55|WRIP1_HUMAN,/core/www/modules//consensus/?run_id=110202&search_id=114132&scans_id=110198&peptide_id=20568&scanf=28777&charge=3&value=sp|Q96S55|WRIP1_HUMAN,0,/core/www/modules/match_peptides/blast_html4.php?run_id=110202&search_id=114132&scans_id=110198&peptide_id=20568&scanf=28777&charge=3&value=0,K.TILFIDEIHR.F,/core/www/modules/show_out/show_out_wrapper.php?run_id=110202&search_id=114132&scans_id=110198&peptide_id=20568&scanf=28777&charge=3&value=K.TILFIDEIHR.F,WRNIP1,1.155e+7,2.200,0.057,1.246,0.002
28779,2,"  2.423","  0.438",10/18,/core/www/modules//sdig/index.php?run_id=110202&search_id=114132&scans_id=110198&peptide_id=20570&scanf=28779&charge=2&value=10/18,sp|O43324|MCA3_HUMAN,/core/www/modules//consensus/?run_id=110202&search_id=114132&scans_id=110198&peptide_id=20570&scanf=28779&charge=2&value=sp|O43324|MCA3_HUMAN,4,/core/www/modules/match_peptides/blast_html4.php?run_id=110202&search_id=114132&scans_id=110198&peptide_id=20570&scanf=28779&charge=2&value=4,K.AIVQQWLEYR.V,/core/www/modules/show_out/show_out_wrapper.php?run_id=110202&search_id=114132&scans_id=110198&peptide_id=20570&scanf=28779&charge=2&value=K.AIVQQWLEYR.V,EEF1E1,8.005e+6,2.970,0.004,2.364,0.000
28783,3,"  4.171","  0.603",15/64,/core/www/modules//sdig/index.php?run_id=110202&search_id=114132&scans_id=110198&peptide_id=20575&scanf=28783&charge=3&value=15/64,sp|Q14697|GANAB_HUMAN,/core/www/modules//consensus/?run_id=110202&search_id=114132&scans_id=110198&peptide_id=20575&scanf=28783&charge=3&value=sp|Q14697|GANAB_HUMAN,2,/core/www/modules/match_peptides/blast_html4.php?run_id=110202&search_id=114132&scans_id=110198&peptide_id=20575&scanf=28783&charge=3&value=2,R.FGAVWTGDNTAEWDHLK.I,/core/www/modules/show_out/show_out_wrapper.php?run_id=110202&search_id=114132&scans_id=110198&peptide_id=20575&scanf=28783&charge=3&value=R.FGAVWTGDNTAEWDHLK.I,GANAB,4.426e+6,3.368,0.001,2.953,0.000
28791,2,"  2.264","  0.431",12/20,/core/www/modules//sdig/index.php?run_id=110202&search_id=114132&scans_id=110198&peptide_id=20583&scanf=28791&charge=2&value=12/20,sp|Q9BZZ5|API5_HUMAN,/core/www/modules//consensus/?run_id=110202&search_id=114132&scans_id=110198&peptide_id=20583&scanf=28791&charge=2&value=sp|Q9BZZ5|API5_HUMAN,1,/core/www/modules/match_peptides/blast_html4.php?run_id=110202&search_id=114132&scans_id=110198&peptide_id=20583&scanf=28791&charge=2&value=1,K.DAYQVILDGVK.G,/core/www/modules/show_out/show_out_wrapper.php?run_id=110202&search_id=114132&scans_id=110198&peptide_id=20583&scanf=28791&charge=2&value=K.DAYQVILDGVK.G,API5,1.930e+8,2.914,0.005,2.281,0.000
28798,2,"  3.271","  0.552",16/30,/core/www/modules//sdig/index.php?run_id=110202&search_id=114132&scans_id=110198&peptide_id=20590&scanf=28798&charge=2&value=16/30,sp|P38646|GRP75_HUMAN,/core/www/modules//consensus/?run_id=110202&search_id=114132&scans_id=110198&peptide_id=20590&scanf=28798&charge=2&value=sp|P38646|GRP75_HUMAN,6,/core/www/modules/match_peptides/blast_html4.php?run_id=110202&search_id=114132&scans_id=110198&peptide_id=20590&scanf=28798&charge=2&value=6,R.VINEPTAAALAYGLDK.S,/core/www/modules/show_out/show_out_wrapper.php?run_id=110202&search_id=114132&scans_id=110198&peptide_id=20590&scanf=28798&charge=2&value=R.VINEPTAAALAYGLDK.S,HSPA9,9.866e+6,3.207,0.002,2.714,0.000
28799,2,"  3.515","  0.518",12/22,/core/www/modules//sdig/index.php?run_id=110202&search_id=114132&scans_id=110198&peptide_id=20591&scanf=28799&charge=2&value=12/22,sp|Q9NTX5|ECHD1_HUMAN,/core/www/modules//consensus/?run_id=110202&search_id=114132&scans_id=110198&peptide_id=20591&scanf=28799&charge=2&value=sp|Q9NTX5|ECHD1_HUMAN,1,/core/www/modules/match_peptides/blast_html4.php?run_id=110202&search_id=114132&scans_id=110198&peptide_id=20591&scanf=28799&charge=2&value=1,R.ELYLEEALQNER.D,/core/www/modules/show_out/show_out_wrapper.php?run_id=110202&search_id=114132&scans_id=110198&peptide_id=20591&scanf=28799&charge=2&value=R.ELYLEEALQNER.D,ECHDC1,1.664e+6,2.997,0.004,2.404,0.000
28800,2,"  2.610","  0.411",9/18,/core/www/modules//sdig/index.php?run_id=110202&search_id=114132&scans_id=110198&peptide_id=20593&scanf=28800&charge=2&value=9/18,sp|P63092|GNAS2_HUMAN,/core/www/modules//consensus/?run_id=110202&search_id=114132&scans_id=110198&peptide_id=20593&scanf=28800&charge=2&value=sp|P63092|GNAS2_HUMAN,11,/core/www/modules/match_peptides/blast_html4.php?run_id=110202&search_id=114132&scans_id=110198&peptide_id=20593&scanf=28800&charge=2&value=11,K.IEDYFPEFAR.Y,/core/www/modules/show_out/show_out_wrapper.php?run_id=110202&search_id=114132&scans_id=110198&peptide_id=20593&scanf=28800&charge=2&value=K.IEDYFPEFAR.Y,GNAS,2.624e+6,2.817,0.007,2.138,0.000
28801,3,"  4.222","  0.476",13/76,/core/www/modules//sdig/index.php?run_id=110202&search_id=114132&scans_id=110198&peptide_id=20594&scanf=28801&charge=3&value=13/76,sp|Q16352|AINX_HUMAN,/core/www/modules//consensus/?run_id=110202&search_id=114132&scans_id=110198&peptide_id=20594&scanf=28801&charge=3&value=sp|Q16352|AINX_HUMAN,0,/core/www/modules/match_peptides/blast_html4.php?run_id=110202&search_id=114132&scans_id=110198&peptide_id=20594&scanf=28801&charge=3&value=0,R.HSAEVAGYQDSIGQLENDLR.N,/core/www/modules/show_out/show_out_wrapper.php?run_id=110202&search_id=114132&scans_id=110198&peptide_id=20594&scanf=28801&charge=3&value=R.HSAEVAGYQDSIGQLENDLR.N,INA,4.109e+6,2.797,0.008,2.108,0.000
28802,2,"  4.094","  0.580",16/28,/core/www/modules//sdig/index.php?run_id=110202&search_id=114132&scans_id=110198&peptide_id=20595&scanf=28802&charge=2&value=16/28,sp|P51991|ROA3_HUMAN,/core/www/modules//consensus/?run_id=110202&search_id=114132&scans_id=110198&peptide_id=20595&scanf=28802&charge=2&value=sp|P51991|ROA3_HUMAN,5,/core/www/modules/match_peptides/blast_html4.php?run_id=110202&search_id=114132&scans_id=110198&peptide_id=20595&scanf=28802&charge=2&value=5,R.GFAFVTFDDHDTVDK.I,/core/www/modules/show_out/show_out_wrapper.php?run_id=110202&search_id=114132&scans_id=110198&peptide_id=20595&scanf=28802&charge=2&value=R.GFAFVTFDDHDTVDK.I,HNRNPA3,5.130e+7,3.459,0.001,3.087,0.000
28803,2,"  1.915","  0.393",10/16,/core/www/modules//sdig/index.php?run_id=110202&search_id=114132&scans_id=110198&peptide_id=20596&scanf=28803&charge=2&value=10/16,sp|O75448|MED24_HUMAN,/core/www/modules//consensus/?run_id=110202&search_id=114132&scans_id=110198&peptide_id=20596&scanf=28803&charge=2&value=sp|O75448|MED24_HUMAN,3,/core/www/modules/match_peptides/blast_html4.php?run_id=110202&search_id=114132&scans_id=110198&peptide_id=20596&scanf=28803&charge=2&value=3,K.EVLTDIFAK.V,/core/www/modules/show_out/show_out_wrapper.php?run_id=110202&search_id=114132&scans_id=110198&peptide_id=20596&scanf=28803&charge=2&value=K.EVLTDIFAK.V,MED24,5.906e+6,2.902,0.005,2.264,0.000
28805,2,"  1.652","  0.308",10/18,/core/www/modules//sdig/index.php?run_id=110202&search_id=114132&scans_id=110198&peptide_id=20598&scanf=28805&charge=2&value=10/18,sp|O15371|EIF3D_HUMAN,/core/www/modules//consensus/?run_id=110202&search_id=114132&scans_id=110198&peptide_id=20598&scanf=28805&charge=2&value=sp|O15371|EIF3D_HUMAN,1,/core/www/modules/match_peptides/blast_html4.php?run_id=110202&search_id=114132&scans_id=110198&peptide_id=20598&scanf=28805&charge=2&value=1,K.EEMDFPQLMK.M,/core/www/modules/show_out/show_out_wrapper.php?run_id=110202&search_id=114132&scans_id=110198&peptide_id=20598&scanf=28805&charge=2&value=K.EEMDFPQLMK.M,EIF3D,3.820e+6,2.499,0.021,1.673,0.001
28806,2,"  3.836","  0.363",15/28,/core/www/modules//sdig/index.php?run_id=110202&search_id=114132&scans_id=110198&peptide_id=20599&scanf=28806&charge=2&value=15/28,sp|Q13838|DX39B_HUMAN,/core/www/modules//consensus/?run_id=110202&search_id=114132&scans_id=110198&peptide_id=20599&scanf=28806&charge=2&value=sp|Q13838|DX39B_HUMAN,9,/core/www/modules/match_peptides/blast_html4.php?run_id=110202&search_id=114132&scans_id=110198&peptide_id=20599&scanf=28806&charge=2&value=9,K.FMQDPM*EIFVDDETK.L,/core/www/modules/show_out/show_out_wrapper.php?run_id=110202&search_id=114132&scans_id=110198&peptide_id=20599&scanf=28806&charge=2&value=K.FMQDPM*EIFVDDETK.L,DDX39B,1.892e+6,3.730,0.000,3.489,0.000
28810,2,"  1.855","  0.226",6/12,/core/www/modules//sdig/index.php?run_id=110202&search_id=114132&scans_id=110198&peptide_id=20604&scanf=28810&charge=2&value=6/12,sp|P60709|ACTB_HUMAN,/core/www/modules//consensus/?run_id=110202&search_id=114132&scans_id=110198&peptide_id=20604&scanf=28810&charge=2&value=sp|P60709|ACTB_HUMAN,11,/core/www/modules/match_peptides/blast_html4.php?run_id=110202&search_id=114132&scans_id=110198&peptide_id=20604&scanf=28810&charge=2&value=11,K.IIAPPER.K,/core/www/modules/show_out/show_out_wrapper.php?run_id=110202&search_id=114132&scans_id=110198&peptide_id=20604&scanf=28810&charge=2&value=K.IIAPPER.K,ACTB,2.828e+6,2.837,0.007,2.167,0.000
28812,2,"  3.316","  0.572",13/22,/core/www/modules//sdig/index.php?run_id=110202&search_id=114132&scans_id=110198&peptide_id=20605&scanf=28812&charge=2&value=13/22,sp|O75934|SPF27_HUMAN,/core/www/modules//consensus/?run_id=110202&search_id=114132&scans_id=110198&peptide_id=20605&scanf=28812&charge=2&value=sp|O75934|SPF27_HUMAN,0,/core/www/modules/match_peptides/blast_html4.php?run_id=110202&search_id=114132&scans_id=110198&peptide_id=20605&scanf=28812&charge=2&value=0,R.EMESNWVSLVSK.N,/core/www/modules/show_out/show_out_wrapper.php?run_id=110202&search_id=114132&scans_id=110198&peptide_id=20605&scanf=28812&charge=2&value=R.EMESNWVSLVSK.N,BCAS2,1.194e+7,3.410,0.001,3.015,0.000
28813,2,"  2.779","  0.352",10/16,/core/www/modules//sdig/index.php?run_id=110202&search_id=114132&scans_id=110198&peptide_id=20606&scanf=28813&charge=2&value=10/16,sp|O75448|MED24_HUMAN,/core/www/modules//consensus/?run_id=110202&search_id=114132&scans_id=110198&peptide_id=20606&scanf=28813&charge=2&value=sp|O75448|MED24_HUMAN,3,/core/www/modules/match_peptides/blast_html4.php?run_id=110202&search_id=114132&scans_id=110198&peptide_id=20606&scanf=28813&charge=2&value=3,K.EVLTDIFAK.V,/core/www/modules/show_out/show_out_wrapper.php?run_id=110202&search_id=114132&scans_id=110198&peptide_id=20606&scanf=28813&charge=2&value=K.EVLTDIFAK.V,MED24,5.906e+6,2.767,0.009,2.065,0.000
28816,3,"  2.930","  0.399",10/60,/core/www/modules//sdig/index.php?run_id=110202&search_id=114132&scans_id=110198&peptide_id=20609&scanf=28816&charge=3&value=10/60,sp|Q29RF7|PDS5A_HUMAN,/core/www/modules//consensus/?run_id=110202&search_id=114132&scans_id=110198&peptide_id=20609&scanf=28816&charge=3&value=sp|Q29RF7|PDS5A_HUMAN,1,/core/www/modules/match_peptides/blast_html4.php?run_id=110202&search_id=114132&scans_id=110198&peptide_id=20609&scanf=28816&charge=3&value=1,K.IFAQYLVPHNLETEER.M,/core/www/modules/show_out/show_out_wrapper.php?run_id=110202&search_id=114132&scans_id=110198&peptide_id=20609&scanf=28816&charge=3&value=K.IFAQYLVPHNLETEER.M,PDS5A,1.145e+7,2.655,0.013,1.900,0.000
28828,2,"  2.236","  0.286",8/16,/core/www/modules//sdig/index.php?run_id=110202&search_id=114132&scans_id=110198&peptide_id=20622&scanf=28828&charge=2&value=8/16,sp|Q02218|ODO1_HUMAN,/core/www/modules//consensus/?run_id=110202&search_id=114132&scans_id=110198&peptide_id=20622&scanf=28828&charge=2&value=sp|Q02218|ODO1_HUMAN,4,/core/www/modules/match_peptides/blast_html4.php?run_id=110202&search_id=114132&scans_id=110198&peptide_id=20622&scanf=28828&charge=2&value=4,R.LNVLANVIR.K,/core/www/modules/show_out/show_out_wrapper.php?run_id=110202&search_id=114132&scans_id=110198&peptide_id=20622&scanf=28828&charge=2&value=R.LNVLANVIR.K,OGDH,2.135e+6,2.426,0.027,1.567,0.001
28833,2,"  3.648","  0.378",14/26,/core/www/modules//sdig/index.php?run_id=110202&search_id=114132&scans_id=110198&peptide_id=20627&scanf=28833&charge=2&value=14/26,sp|P51153|RAB13_HUMAN,/core/www/modules//consensus/?run_id=110202&search_id=114132&scans_id=110198&peptide_id=20627&scanf=28833&charge=2&value=sp|P51153|RAB13_HUMAN,1,/core/www/modules/match_peptides/blast_html4.php?run_id=110202&search_id=114132&scans_id=110198&peptide_id=20627&scanf=28833&charge=2&value=1,K.SSMNVDEAFSSLAR.D,/core/www/modules/show_out/show_out_wrapper.php?run_id=110202&search_id=114132&scans_id=110198&peptide_id=20627&scanf=28833&charge=2&value=K.SSMNVDEAFSSLAR.D,RAB13,6.429e+6,2.658,0.012,1.904,0.000
28838,2,"  4.051","  0.476",14/26,/core/www/modules//sdig/index.php?run_id=110202&search_id=114132&scans_id=110198&peptide_id=20632&scanf=28838&charge=2&value=14/26,sp|P04899|GNAI2_HUMAN,/core/www/modules//consensus/?run_id=110202&search_id=114132&scans_id=110198&peptide_id=20632&scanf=28838&charge=2&value=sp|P04899|GNAI2_HUMAN,0,/core/www/modules/match_peptides/blast_html4.php?run_id=110202&search_id=114132&scans_id=110198&peptide_id=20632&scanf=28838&charge=2&value=0,K.AMGNLQIDFADPSR.A,/core/www/modules/show_out/show_out_wrapper.php?run_id=110202&search_id=114132&scans_id=110198&peptide_id=20632&scanf=28838&charge=2&value=K.AMGNLQIDFADPSR.A,GNAI2,4.011e+6,2.945,0.005,2.327,0.000
28840,3,"  3.813","  0.393",12/68,/core/www/modules//sdig/index.php?run_id=110202&search_id=114132&scans_id=110198&peptide_id=20635&scanf=28840&charge=3&value=12/68,sp|P46939|UTRN_HUMAN,/core/www/modules//consensus/?run_id=110202&search_id=114132&scans_id=110198&peptide_id=20635&scanf=28840&charge=3&value=sp|P46939|UTRN_HUMAN,0,/core/www/modules/match_peptides/blast_html4.php?run_id=110202&search_id=114132&scans_id=110198&peptide_id=20635&scanf=28840&charge=3&value=0,K.QQMQDIQAEIDAHNDIFK.S,/core/www/modules/show_out/show_out_wrapper.php?run_id=110202&search_id=114132&scans_id=110198&peptide_id=20635&scanf=28840&charge=3&value=K.QQMQDIQAEIDAHNDIFK.S,UTRN,2.834e+6,2.647,0.013,1.889,0.000
28845,2,"  3.210","  0.420",12/22,/core/www/modules//sdig/index.php?run_id=110202&search_id=114132&scans_id=110198&peptide_id=20640&scanf=28845&charge=2&value=12/22,sp|Q8N8A6|DDX51_HUMAN,/core/www/modules//consensus/?run_id=110202&search_id=114132&scans_id=110198&peptide_id=20640&scanf=28845&charge=2&value=sp|Q8N8A6|DDX51_HUMAN,0,/core/www/modules/match_peptides/blast_html4.php?run_id=110202&search_id=114132&scans_id=110198&peptide_id=20640&scanf=28845&charge=2&value=0,K.VFNIYTDATPLR.V,/core/www/modules/show_out/show_out_wrapper.php?run_id=110202&search_id=114132&scans_id=110198&peptide_id=20640&scanf=28845&charge=2&value=K.VFNIYTDATPLR.V,DDX51,4.776e+6,2.893,0.006,2.250,0.000
28850,2,"  3.219","  0.613",12/22,/core/www/modules//sdig/index.php?run_id=110202&search_id=114132&scans_id=110198&peptide_id=20646&scanf=28850&charge=2&value=12/22,sp|Q96FV9|THOC1_HUMAN,/core/www/modules//consensus/?run_id=110202&search_id=114132&scans_id=110198&peptide_id=20646&scanf=28850&charge=2&value=sp|Q96FV9|THOC1_HUMAN,1,/core/www/modules/match_peptides/blast_html4.php?run_id=110202&search_id=114132&scans_id=110198&peptide_id=20646&scanf=28850&charge=2&value=1,K.LMDLQLSDSNFR.R,/core/www/modules/show_out/show_out_wrapper.php?run_id=110202&search_id=114132&scans_id=110198&peptide_id=20646&scanf=28850&charge=2&value=K.LMDLQLSDSNFR.R,THOC1,5.044e+6,3.532,0.001,3.196,0.000
28851,3,"  4.319","  0.522",15/80,/core/www/modules//sdig/index.php?run_id=110202&search_id=114132&scans_id=110198&peptide_id=20647&scanf=28851&charge=3&value=15/80,sp|P78527|PRKDC_HUMAN,/core/www/modules//consensus/?run_id=110202&search_id=114132&scans_id=110198&peptide_id=20647&scanf=28851&charge=3&value=sp|P78527|PRKDC_HUMAN,1,/core/www/modules/match_peptides/blast_html4.php?run_id=110202&search_id=114132&scans_id=110198&peptide_id=20647&scanf=28851&charge=3&value=1,R.STVLTPM*FVETQASQGTLQTR.T,/core/www/modules/show_out/show_out_wrapper.php?run_id=110202&search_id=114132&scans_id=110198&peptide_id=20647&scanf=28851&charge=3&value=R.STVLTPM*FVETQASQGTLQTR.T,PRKDC,1.935e+6,3.694,0.000,3.436,0.000
28854,2,"  1.859","  0.419",6/14,/core/www/modules//sdig/index.php?run_id=110202&search_id=114132&scans_id=110198&peptide_id=20649&scanf=28854&charge=2&value=6/14,sp|Q9BV38|WDR18_HUMAN,/core/www/modules//consensus/?run_id=110202&search_id=114132&scans_id=110198&peptide_id=20649&scanf=28854&charge=2&value=sp|Q9BV38|WDR18_HUMAN,3,/core/www/modules/match_peptides/blast_html4.php?run_id=110202&search_id=114132&scans_id=110198&peptide_id=20649&scanf=28854&charge=2&value=3,R.DLFDFSTR.F,/core/www/modules/show_out/show_out_wrapper.php?run_id=110202&search_id=114132&scans_id=110198&peptide_id=20649&scanf=28854&charge=2&value=R.DLFDFSTR.F,WDR18,2.052e+7,2.751,0.009,2.041,0.000
28855,4,"  8.204","  0.583",27/198,/core/www/modules//sdig/index.php?run_id=110202&search_id=114132&scans_id=110198&peptide_id=20650&scanf=28855&charge=4&value=27/198,sp|Q8IWX8|CHERP_HUMAN,/core/www/modules//consensus/?run_id=110202&search_id=114132&scans_id=110198&peptide_id=20650&scanf=28855&charge=4&value=sp|Q8IWX8|CHERP_HUMAN,1,/core/www/modules/match_peptides/blast_html4.php?run_id=110202&search_id=114132&scans_id=110198&peptide_id=20650&scanf=28855&charge=4&value=1,K.TQHEEFVTSLAQQQQQQQQQQQQLQMPQMEAEVK.A,/core/www/modules/show_out/show_out_wrapper.php?run_id=110202&search_id=114132&scans_id=110198&peptide_id=20650&scanf=28855&charge=4&value=K.TQHEEFVTSLAQQQQQQQQQQQQLQMPQMEAEVK.A,CHERP,1.224e+6,3.187,0.002,2.685,0.000
28857,4,"  5.610","  0.592",15/102,/core/www/modules//sdig/index.php?run_id=110202&search_id=114132&scans_id=110198&peptide_id=20652&scanf=28857&charge=4&value=15/102,sp|Q9Y2W1|TR150_HUMAN,/core/www/modules//consensus/?run_id=110202&search_id=114132&scans_id=110198&peptide_id=20652&scanf=28857&charge=4&value=sp|Q9Y2W1|TR150_HUMAN,1,/core/www/modules/match_peptides/blast_html4.php?run_id=110202&search_id=114132&scans_id=110198&peptide_id=20652&scanf=28857&charge=4&value=1,R.SPSELFAQHIVTIVHHVK.E,/core/www/modules/show_out/show_out_wrapper.php?run_id=110202&search_id=114132&scans_id=110198&peptide_id=20652&scanf=28857&charge=4&value=R.SPSELFAQHIVTIVHHVK.E,THRAP3,6.733e+6,3.759,0.000,3.532,0.000
28861,3,"  3.831","  0.410",12/76,/core/www/modules//sdig/index.php?run_id=110202&search_id=114132&scans_id=110198&peptide_id=20657&scanf=28861&charge=3&value=12/76,sp|Q9HB71|CYBP_HUMAN,/core/www/modules//consensus/?run_id=110202&search_id=114132&scans_id=110198&peptide_id=20657&scanf=28861&charge=3&value=sp|Q9HB71|CYBP_HUMAN,0,/core/www/modules/match_peptides/blast_html4.php?run_id=110202&search_id=114132&scans_id=110198&peptide_id=20657&scanf=28861&charge=3&value=0,K.EKPSYDTETDPSEGLMNVLK.K,/core/www/modules/show_out/show_out_wrapper.php?run_id=110202&search_id=114132&scans_id=110198&peptide_id=20657&scanf=28861&charge=3&value=K.EKPSYDTETDPSEGLMNVLK.K,CACYBP,7.242e+6,2.488,0.022,1.657,0.001
28870,3,"  2.743","  0.426",13/52,/core/www/modules//sdig/index.php?run_id=110202&search_id=114132&scans_id=110198&peptide_id=20667&scanf=28870&charge=3&value=13/52,sp|O75427|LRCH4_HUMAN,/core/www/modules//consensus/?run_id=110202&search_id=114132&scans_id=110198&peptide_id=20667&scanf=28870&charge=3&value=sp|O75427|LRCH4_HUMAN,1,/core/www/modules/match_peptides/blast_html4.php?run_id=110202&search_id=114132&scans_id=110198&peptide_id=20667&scanf=28870&charge=3&value=1,R.SVPFIHVPSPAVPK.L,/core/www/modules/show_out/show_out_wrapper.php?run_id=110202&search_id=114132&scans_id=110198&peptide_id=20667&scanf=28870&charge=3&value=R.SVPFIHVPSPAVPK.L,LRCH4,2.614e+6,2.804,0.008,2.119,0.000
28871,2,"  1.696","  0.316",9/16,/core/www/modules//sdig/index.php?run_id=110202&search_id=114132&scans_id=110198&peptide_id=20668&scanf=28871&charge=2&value=9/16,sp|Q86U38|NOP9_HUMAN,/core/www/modules//consensus/?run_id=110202&search_id=114132&scans_id=110198&peptide_id=20668&scanf=28871&charge=2&value=sp|Q86U38|NOP9_HUMAN,1,/core/www/modules/match_peptides/blast_html4.php?run_id=110202&search_id=114132&scans_id=110198&peptide_id=20668&scanf=28871&charge=2&value=1,R.NVALTTFLK.R,/core/www/modules/show_out/show_out_wrapper.php?run_id=110202&search_id=114132&scans_id=110198&peptide_id=20668&scanf=28871&charge=2&value=R.NVALTTFLK.R,NOP9,7.593e+6,2.607,0.015,1.830,0.000
28872,3,"  6.501","  0.691",26/88,/core/www/modules//sdig/index.php?run_id=110202&search_id=114132&scans_id=110198&peptide_id=20669&scanf=28872&charge=3&value=26/88,sp|Q9UBB9|TFP11_HUMAN,/core/www/modules//consensus/?run_id=110202&search_id=114132&scans_id=110198&peptide_id=20669&scanf=28872&charge=3&value=sp|Q9UBB9|TFP11_HUMAN,0,/core/www/modules/match_peptides/blast_html4.php?run_id=110202&search_id=114132&scans_id=110198&peptide_id=20669&scanf=28872&charge=3&value=0,K.SLLENDQLLSHGGQDLSADAFHR.L,/core/www/modules/show_out/show_out_wrapper.php?run_id=110202&search_id=114132&scans_id=110198&peptide_id=20669&scanf=28872&charge=3&value=K.SLLENDQLLSHGGQDLSADAFHR.L,TFIP11,1.385e+6,3.692,0.000,3.433,0.000
28875,2,"  1.592","  0.000",6/18,/core/www/modules//sdig/index.php?run_id=110202&search_id=114132&scans_id=110198&peptide_id=20671&scanf=28875&charge=2&value=6/18,tr|E7EVK1|E7EVK1_HUMAN,/core/www/modules//consensus/?run_id=110202&search_id=114132&scans_id=110198&peptide_id=20671&scanf=28875&charge=2&value=tr|E7EVK1|E7EVK1_HUMAN,0,/core/www/modules/match_peptides/blast_html4.php?run_id=110202&search_id=114132&scans_id=110198&peptide_id=20671&scanf=28875&charge=2&value=0,-.XSVESIPSLR.G,/core/www/modules/show_out/show_out_wrapper.php?run_id=110202&search_id=114132&scans_id=110198&peptide_id=20671&scanf=28875&charge=2&value=-.XSVESIPSLR.G,NCOR1,5.393e+6,1.979,0.114,0.944,0.005
28881,2,"  3.011","  0.690",10/22,/core/www/modules//sdig/index.php?run_id=110202&search_id=114132&scans_id=110198&peptide_id=20678&scanf=28881&charge=2&value=10/22,sp|Q96FV9|THOC1_HUMAN,/core/www/modules//consensus/?run_id=110202&search_id=114132&scans_id=110198&peptide_id=20678&scanf=28881&charge=2&value=sp|Q96FV9|THOC1_HUMAN,1,/core/www/modules/match_peptides/blast_html4.php?run_id=110202&search_id=114132&scans_id=110198&peptide_id=20678&scanf=28881&charge=2&value=1,K.LMDLQLSDSNFR.R,/core/www/modules/show_out/show_out_wrapper.php?run_id=110202&search_id=114132&scans_id=110198&peptide_id=20678&scanf=28881&charge=2&value=K.LMDLQLSDSNFR.R,THOC1,5.044e+6,3.656,0.000,3.379,0.000
28884,3,"  1.720","  0.222",8/48,/core/www/modules//sdig/index.php?run_id=110202&search_id=114132&scans_id=110198&peptide_id=20681&scanf=28884&charge=3&value=8/48,sp|Q13330|MTA1_HUMAN,/core/www/modules//consensus/?run_id=110202&search_id=114132&scans_id=110198&peptide_id=20681&scanf=28884&charge=3&value=sp|Q13330|MTA1_HUMAN,2,/core/www/modules/match_peptides/blast_html4.php?run_id=110202&search_id=114132&scans_id=110198&peptide_id=20681&scanf=28884&charge=3&value=2,R.DITLFHAMDTLHK.N,/core/www/modules/show_out/show_out_wrapper.php?run_id=110202&search_id=114132&scans_id=110198&peptide_id=20681&scanf=28884&charge=3&value=R.DITLFHAMDTLHK.N,MTA1,2.288e+7,2.062,0.088,1.056,0.004
28885,2,"  4.110","  0.628",16/28,/core/www/modules//sdig/index.php?run_id=110202&search_id=114132&scans_id=110198&peptide_id=20682&scanf=28885&charge=2&value=16/28,sp|Q9BUQ8|DDX23_HUMAN,/core/www/modules//consensus/?run_id=110202&search_id=114132&scans_id=110198&peptide_id=20682&scanf=28885&charge=2&value=sp|Q9BUQ8|DDX23_HUMAN,1,/core/www/modules/match_peptides/blast_html4.php?run_id=110202&search_id=114132&scans_id=110198&peptide_id=20682&scanf=28885&charge=2&value=1,R.QTVMFTATMPPAVER.L,/core/www/modules/show_out/show_out_wrapper.php?run_id=110202&search_id=114132&scans_id=110198&peptide_id=20682&scanf=28885&charge=2&value=R.QTVMFTATMPPAVER.L,DDX23,6.073e+6,3.597,0.001,3.292,0.000
28896,2,"  3.748","  0.502",14/26,/core/www/modules//sdig/index.php?run_id=110202&search_id=114132&scans_id=110198&peptide_id=20693&scanf=28896&charge=2&value=14/26,sp|P04899|GNAI2_HUMAN,/core/www/modules//consensus/?run_id=110202&search_id=114132&scans_id=110198&peptide_id=20693&scanf=28896&charge=2&value=sp|P04899|GNAI2_HUMAN,0,/core/www/modules/match_peptides/blast_html4.php?run_id=110202&search_id=114132&scans_id=110198&peptide_id=20693&scanf=28896&charge=2&value=0,K.AMGNLQIDFADPSR.A,/core/www/modules/show_out/show_out_wrapper.php?run_id=110202&search_id=114132&scans_id=110198&peptide_id=20693&scanf=28896&charge=2&value=K.AMGNLQIDFADPSR.A,GNAI2,4.011e+6,3.093,0.003,2.546,0.000
28897,2,"  2.139","  0.301",8/12,/core/www/modules//sdig/index.php?run_id=110202&search_id=114132&scans_id=110198&peptide_id=20694&scanf=28897&charge=2&value=8/12,sp|Q5UIP0|RIF1_HUMAN,/core/www/modules//consensus/?run_id=110202&search_id=114132&scans_id=110198&peptide_id=20694&scanf=28897&charge=2&value=sp|Q5UIP0|RIF1_HUMAN,1,/core/www/modules/match_peptides/blast_html4.php?run_id=110202&search_id=114132&scans_id=110198&peptide_id=20694&scanf=28897&charge=2&value=1,K.IAFIAWK.S,/core/www/modules/show_out/show_out_wrapper.php?run_id=110202&search_id=114132&scans_id=110198&peptide_id=20694&scanf=28897&charge=2&value=K.IAFIAWK.S,RIF1,4.434e+6,2.845,0.007,2.179,0.000
28900,3,"  4.639","  0.654",16/76,/core/www/modules//sdig/index.php?run_id=110202&search_id=114132&scans_id=110198&peptide_id=20698&scanf=28900&charge=3&value=16/76,sp|Q9HB71|CYBP_HUMAN,/core/www/modules//consensus/?run_id=110202&search_id=114132&scans_id=110198&peptide_id=20698&scanf=28900&charge=3&value=sp|Q9HB71|CYBP_HUMAN,0,/core/www/modules/match_peptides/blast_html4.php?run_id=110202&search_id=114132&scans_id=110198&peptide_id=20698&scanf=28900&charge=3&value=0,K.EKPSYDTETDPSEGLMNVLK.K,/core/www/modules/show_out/show_out_wrapper.php?run_id=110202&search_id=114132&scans_id=110198&peptide_id=20698&scanf=28900&charge=3&value=K.EKPSYDTETDPSEGLMNVLK.K,CACYBP,7.242e+6,3.378,0.001,2.967,0.000
28901,2,"  2.001","  0.256",8/16,/core/www/modules//sdig/index.php?run_id=110202&search_id=114132&scans_id=110198&peptide_id=20699&scanf=28901&charge=2&value=8/16,sp|Q969H8|MYDGF_HUMAN,/core/www/modules//consensus/?run_id=110202&search_id=114132&scans_id=110198&peptide_id=20699&scanf=28901&charge=2&value=sp|Q969H8|MYDGF_HUMAN,2,/core/www/modules/match_peptides/blast_html4.php?run_id=110202&search_id=114132&scans_id=110198&peptide_id=20699&scanf=28901&charge=2&value=2,K.SYLYFTQFK.A,/core/www/modules/show_out/show_out_wrapper.php?run_id=110202&search_id=114132&scans_id=110198&peptide_id=20699&scanf=28901&charge=2&value=K.SYLYFTQFK.A,MYDGF,4.102e+6,2.282,0.044,1.360,0.001
28904,2,"  4.897","  0.747",22/34,/core/www/modules//sdig/index.php?run_id=110202&search_id=114132&scans_id=110198&peptide_id=20702&scanf=28904&charge=2&value=22/34,sp|O96019|ACL6A_HUMAN,/core/www/modules//consensus/?run_id=110202&search_id=114132&scans_id=110198&peptide_id=20702&scanf=28904&charge=2&value=sp|O96019|ACL6A_HUMAN,1,/core/www/modules/match_peptides/blast_html4.php?run_id=110202&search_id=114132&scans_id=110198&peptide_id=20702&scanf=28904&charge=2&value=1,K.SEASLHPVLMSEAPWNTR.A,/core/www/modules/show_out/show_out_wrapper.php?run_id=110202&search_id=114132&scans_id=110198&peptide_id=20702&scanf=28904&charge=2&value=K.SEASLHPVLMSEAPWNTR.A,ACTL6A,1.204e+7,4.041,0.000,3.951,0.000
28906,2,"  3.600","  0.653",14/34,/core/www/modules//sdig/index.php?run_id=110202&search_id=114132&scans_id=110198&peptide_id=20704&scanf=28906&charge=2&value=14/34,sp|P0DPH7|TBA3C_HUMAN,/core/www/modules//consensus/?run_id=110202&search_id=114132&scans_id=110198&peptide_id=20704&scanf=28906&charge=2&value=sp|P0DPH7|TBA3C_HUMAN,11,/core/www/modules/match_peptides/blast_html4.php?run_id=110202&search_id=114132&scans_id=110198&peptide_id=20704&scanf=28906&charge=2&value=11,K.VGINYQPPTVVPGGDLAK.V,/core/www/modules/show_out/show_out_wrapper.php?run_id=110202&search_id=114132&scans_id=110198&peptide_id=20704&scanf=28906&charge=2&value=K.VGINYQPPTVVPGGDLAK.V,TUBA3C,3.786e+7,3.300,0.001,2.852,0.000
28907,3,"  3.437","  0.473",13/52,/core/www/modules//sdig/index.php?run_id=110202&search_id=114132&scans_id=110198&peptide_id=20705&scanf=28907&charge=3&value=13/52,sp|Q15910|EZH2_HUMAN,/core/www/modules//consensus/?run_id=110202&search_id=114132&scans_id=110198&peptide_id=20705&scanf=28907&charge=3&value=sp|Q15910|EZH2_HUMAN,3,/core/www/modules/match_peptides/blast_html4.php?run_id=110202&search_id=114132&scans_id=110198&peptide_id=20705&scanf=28907&charge=3&value=3,R.IQPVHILTSVSSLR.G,/core/www/modules/show_out/show_out_wrapper.php?run_id=110202&search_id=114132&scans_id=110198&peptide_id=20705&scanf=28907&charge=3&value=R.IQPVHILTSVSSLR.G,EZH2,3.486e+6,3.027,0.004,2.448,0.000
28911,3,"  2.675","  0.460",10/40,/core/www/modules//sdig/index.php?run_id=110202&search_id=114132&scans_id=110198&peptide_id=20709&scanf=28911&charge=3&value=10/40,sp|Q96DE0|NUD16_HUMAN,/core/www/modules//consensus/?run_id=110202&search_id=114132&scans_id=110198&peptide_id=20709&scanf=28911&charge=3&value=sp|Q96DE0|NUD16_HUMAN,2,/core/www/modules/match_peptides/blast_html4.php?run_id=110202&search_id=114132&scans_id=110198&peptide_id=20709&scanf=28911&charge=3&value=2,K.DHGLEVLGLVR.V,/core/www/modules/show_out/show_out_wrapper.php?run_id=110202&search_id=114132&scans_id=110198&peptide_id=20709&scanf=28911&charge=3&value=K.DHGLEVLGLVR.V,NUDT16,3.258e+6,3.035,0.003,2.460,0.000
28912,2,"  3.519","  0.721",12/20,/core/www/modules//sdig/index.php?run_id=110202&search_id=114132&scans_id=110198&peptide_id=20710&scanf=28912&charge=2&value=12/20,sp|Q8N9T8|KRI1_HUMAN,/core/www/modules//consensus/?run_id=110202&search_id=114132&scans_id=110198&peptide_id=20710&scanf=28912&charge=2&value=sp|Q8N9T8|KRI1_HUMAN,2,/core/www/modules/match_peptides/blast_html4.php?run_id=110202&search_id=114132&scans_id=110198&peptide_id=20710&scanf=28912&charge=2&value=2,K.TFEEYLDEYYR.L,/core/www/modules/show_out/show_out_wrapper.php?run_id=110202&search_id=114132&scans_id=110198&peptide_id=20710&scanf=28912&charge=2&value=K.TFEEYLDEYYR.L,KRI1,2.138e+6,4.022,0.000,3.922,0.000
28913,3,"  3.400","  0.446",13/68,/core/www/modules//sdig/index.php?run_id=110202&search_id=114132&scans_id=110198&peptide_id=20711&scanf=28913&charge=3&value=13/68,sp|Q9UER7|DAXX_HUMAN,/core/www/modules//consensus/?run_id=110202&search_id=114132&scans_id=110198&peptide_id=20711&scanf=28913&charge=3&value=sp|Q9UER7|DAXX_HUMAN,0,/core/www/modules/match_peptides/blast_html4.php?run_id=110202&search_id=114132&scans_id=110198&peptide_id=20711&scanf=28913&charge=3&value=0,R.LINKPGPDTFPDYGDVLR.A,/core/www/modules/show_out/show_out_wrapper.php?run_id=110202&search_id=114132&scans_id=110198&peptide_id=20711&scanf=28913&charge=3&value=R.LINKPGPDTFPDYGDVLR.A,DAXX,5.419e+6,2.703,0.011,1.970,0.000
28914,2,"  4.259","  0.464",15/28,/core/www/modules//sdig/index.php?run_id=110202&search_id=114132&scans_id=110198&peptide_id=20712&scanf=28914&charge=2&value=15/28,sp|P52565|GDIR1_HUMAN,/core/www/modules//consensus/?run_id=110202&search_id=114132&scans_id=110198&peptide_id=20712&scanf=28914&charge=2&value=sp|P52565|GDIR1_HUMAN,3,/core/www/modules/match_peptides/blast_html4.php?run_id=110202&search_id=114132&scans_id=110198&peptide_id=20712&scanf=28914&charge=2&value=3,R.AEEYEFLTPVEEAPK.G,/core/www/modules/show_out/show_out_wrapper.php?run_id=110202&search_id=114132&scans_id=110198&peptide_id=20712&scanf=28914&charge=2&value=R.AEEYEFLTPVEEAPK.G,ARHGDIA,4.388e+6,2.935,0.005,2.312,0.000
28915,3,"  2.537","  0.593",13/36,/core/www/modules//sdig/index.php?run_id=110202&search_id=114132&scans_id=110198&peptide_id=20713&scanf=28915&charge=3&value=13/36,sp|O15143|ARC1B_HUMAN,/core/www/modules//consensus/?run_id=110202&search_id=114132&scans_id=110198&peptide_id=20713&scanf=28915&charge=3&value=sp|O15143|ARC1B_HUMAN,5,/core/www/modules/match_peptides/blast_html4.php?run_id=110202&search_id=114132&scans_id=110198&peptide_id=20713&scanf=28915&charge=3&value=5,R.TWKPTLVILR.I,/core/www/modules/show_out/show_out_wrapper.php?run_id=110202&search_id=114132&scans_id=110198&peptide_id=20713&scanf=28915&charge=3&value=R.TWKPTLVILR.I,ARPC1B,1.782e+7,3.666,0.000,3.394,0.000
28917,2,"  2.662","  0.502",12/20,/core/www/modules//sdig/index.php?run_id=110202&search_id=114132&scans_id=110198&peptide_id=20714&scanf=28917&charge=2&value=12/20,sp|P49368|TCPG_HUMAN,/core/www/modules//consensus/?run_id=110202&search_id=114132&scans_id=110198&peptide_id=20714&scanf=28917&charge=2&value=sp|P49368|TCPG_HUMAN,2,/core/www/modules/match_peptides/blast_html4.php?run_id=110202&search_id=114132&scans_id=110198&peptide_id=20714&scanf=28917&charge=2&value=2,R.IVLLDSSLEYK.K,/core/www/modules/show_out/show_out_wrapper.php?run_id=110202&search_id=114132&scans_id=110198&peptide_id=20714&scanf=28917&charge=2&value=R.IVLLDSSLEYK.K,CCT3,2.977e+7,3.223,0.002,2.737,0.000
28921,2,"  2.695","  0.429",11/18,/core/www/modules//sdig/index.php?run_id=110202&search_id=114132&scans_id=110198&peptide_id=20719&scanf=28921&charge=2&value=11/18,sp|P50750|CDK9_HUMAN,/core/www/modules//consensus/?run_id=110202&search_id=114132&scans_id=110198&peptide_id=20719&scanf=28921&charge=2&value=sp|P50750|CDK9_HUMAN,0,/core/www/modules/match_peptides/blast_html4.php?run_id=110202&search_id=114132&scans_id=110198&peptide_id=20719&scanf=28921&charge=2&value=0,R.DPYALDLIDK.L,/core/www/modules/show_out/show_out_wrapper.php?run_id=110202&search_id=114132&scans_id=110198&peptide_id=20719&scanf=28921&charge=2&value=R.DPYALDLIDK.L,CDK9,1.457e+7,3.050,0.003,2.482,0.000
28922,2,"  1.796","  0.239",10/16,/core/www/modules//sdig/index.php?run_id=110202&search_id=114132&scans_id=110198&peptide_id=20720&scanf=28922&charge=2&value=10/16,sp|Q14683|SMC1A_HUMAN,/core/www/modules//consensus/?run_id=110202&search_id=114132&scans_id=110198&peptide_id=20720&scanf=28922&charge=2&value=sp|Q14683|SMC1A_HUMAN,2,/core/www/modules/match_peptides/blast_html4.php?run_id=110202&search_id=114132&scans_id=110198&peptide_id=20720&scanf=28922&charge=2&value=2,R.LGIQLDFEK.N,/core/www/modules/show_out/show_out_wrapper.php?run_id=110202&search_id=114132&scans_id=110198&peptide_id=20720&scanf=28922&charge=2&value=R.LGIQLDFEK.N,SMC1A,1.590e+7,2.521,0.020,1.705,0.000
28929,2,"  4.096","  0.566",14/28,/core/www/modules//sdig/index.php?run_id=110202&search_id=114132&scans_id=110198&peptide_id=20727&scanf=28929&charge=2&value=14/28,sp|Q7Z5J4|RAI1_HUMAN,/core/www/modules//consensus/?run_id=110202&search_id=114132&scans_id=110198&peptide_id=20727&scanf=28929&charge=2&value=sp|Q7Z5J4|RAI1_HUMAN,0,/core/www/modules/match_peptides/blast_html4.php?run_id=110202&search_id=114132&scans_id=110198&peptide_id=20727&scanf=28929&charge=2&value=0,R.QQQVLPLDPAEPEIR.L,/core/www/modules/show_out/show_out_wrapper.php?run_id=110202&search_id=114132&scans_id=110198&peptide_id=20727&scanf=28929&charge=2&value=R.QQQVLPLDPAEPEIR.L,RAI1,2.578e+6,3.052,0.003,2.486,0.000
28930,2,"  2.142","  0.258",9/14,/core/www/modules//sdig/index.php?run_id=110202&search_id=114132&scans_id=110198&peptide_id=20729&scanf=28930&charge=2&value=9/14,sp|Q8NI27|THOC2_HUMAN,/core/www/modules//consensus/?run_id=110202&search_id=114132&scans_id=110198&peptide_id=20729&scanf=28930&charge=2&value=sp|Q8NI27|THOC2_HUMAN,2,/core/www/modules/match_peptides/blast_html4.php?run_id=110202&search_id=114132&scans_id=110198&peptide_id=20729&scanf=28930&charge=2&value=2,R.NILIVLTK.I,/core/www/modules/show_out/show_out_wrapper.php?run_id=110202&search_id=114132&scans_id=110198&peptide_id=20729&scanf=28930&charge=2&value=R.NILIVLTK.I,THOC2,1.447e+7,2.621,0.014,1.850,0.000
28931,2,"  3.897","  0.646",15/28,/core/www/modules//sdig/index.php?run_id=110202&search_id=114132&scans_id=110198&peptide_id=20730&scanf=28931&charge=2&value=15/28,sp|Q99459|CDC5L_HUMAN,/core/www/modules//consensus/?run_id=110202&search_id=114132&scans_id=110198&peptide_id=20730&scanf=28931&charge=2&value=sp|Q99459|CDC5L_HUMAN,0,/core/www/modules/match_peptides/blast_html4.php?run_id=110202&search_id=114132&scans_id=110198&peptide_id=20730&scanf=28931&charge=2&value=0,R.QVVQTPNTVLSTPFR.T,/core/www/modules/show_out/show_out_wrapper.php?run_id=110202&search_id=114132&scans_id=110198&peptide_id=20730&scanf=28931&charge=2&value=R.QVVQTPNTVLSTPFR.T,CDC5L,2.307e+6,3.588,0.001,3.279,0.000
28938,3,"  3.353","  0.500",14/44,/core/www/modules//sdig/index.php?run_id=110202&search_id=114132&scans_id=110198&peptide_id=20736&scanf=28938&charge=3&value=14/44,sp|Q08211|DHX9_HUMAN,/core/www/modules//consensus/?run_id=110202&search_id=114132&scans_id=110198&peptide_id=20736&scanf=28938&charge=3&value=sp|Q08211|DHX9_HUMAN,0,/core/www/modules/match_peptides/blast_html4.php?run_id=110202&search_id=114132&scans_id=110198&peptide_id=20736&scanf=28938&charge=3&value=0,R.AAMEALVVEVTK.Q,/core/www/modules/show_out/show_out_wrapper.php?run_id=110202&search_id=114132&scans_id=110198&peptide_id=20736&scanf=28938&charge=3&value=R.AAMEALVVEVTK.Q,DHX9,2.880e+7,3.602,0.001,3.299,0.000
28939,2,"  1.305","  0.220",6/12,/core/www/modules//sdig/index.php?run_id=110202&search_id=114132&scans_id=110198&peptide_id=20737&scanf=28939&charge=2&value=6/12,sp|Q05D32|CTSL2_HUMAN,/core/www/modules//consensus/?run_id=110202&search_id=114132&scans_id=110198&peptide_id=20737&scanf=28939&charge=2&value=sp|Q05D32|CTSL2_HUMAN,0,/core/www/modules/match_peptides/blast_html4.php?run_id=110202&search_id=114132&scans_id=110198&peptide_id=20737&scanf=28939&charge=2&value=0,K.LIPFLEK.L,/core/www/modules/show_out/show_out_wrapper.php?run_id=110202&search_id=114132&scans_id=110198&peptide_id=20737&scanf=28939&charge=2&value=K.LIPFLEK.L,CTDSPL2,1.355e+7,2.203,0.056,1.250,0.002
28940,3,"  5.962","  0.673",21/68,/core/www/modules//sdig/index.php?run_id=110202&search_id=114132&scans_id=110198&peptide_id=20739&scanf=28940&charge=3&value=21/68,sp|O75533|SF3B1_HUMAN,/core/www/modules//consensus/?run_id=110202&search_id=114132&scans_id=110198&peptide_id=20739&scanf=28940&charge=3&value=sp|O75533|SF3B1_HUMAN,0,/core/www/modules/match_peptides/blast_html4.php?run_id=110202&search_id=114132&scans_id=110198&peptide_id=20739&scanf=28940&charge=3&value=0,R.NRPLSDEELDAMFPEGYK.V,/core/www/modules/show_out/show_out_wrapper.php?run_id=110202&search_id=114132&scans_id=110198&peptide_id=20739&scanf=28940&charge=3&value=R.NRPLSDEELDAMFPEGYK.V,SF3B1,2.391e+7,3.997,0.000,3.885,0.000
28942,3,"  3.577","  0.348",13/68,/core/www/modules//sdig/index.php?run_id=110202&search_id=114132&scans_id=110198&peptide_id=20741&scanf=28942&charge=3&value=13/68,sp|P43363|MAGAA_HUMAN,/core/www/modules//consensus/?run_id=110202&search_id=114132&scans_id=110198&peptide_id=20741&scanf=28942&charge=3&value=sp|P43363|MAGAA_HUMAN,2,/core/www/modules/match_peptides/blast_html4.php?run_id=110202&search_id=114132&scans_id=110198&peptide_id=20741&scanf=28942&charge=3&value=2,K.EESPSTLQVLPDSESLPR.S,/core/www/modules/show_out/show_out_wrapper.php?run_id=110202&search_id=114132&scans_id=110198&peptide_id=20741&scanf=28942&charge=3&value=K.EESPSTLQVLPDSESLPR.S,MAGEA10,3.827e+6,2.380,0.032,1.501,0.001
28944,3,"  5.869","  0.597",12/76,/core/www/modules//sdig/index.php?run_id=110202&search_id=114132&scans_id=110198&peptide_id=20743&scanf=28944&charge=3&value=12/76,sp|P61326|MGN_HUMAN,/core/www/modules//consensus/?run_id=110202&search_id=114132&scans_id=110198&peptide_id=20743&scanf=28944&charge=3&value=sp|P61326|MGN_HUMAN,4,/core/www/modules/match_peptides/blast_html4.php?run_id=110202&search_id=114132&scans_id=110198&peptide_id=20743&scanf=28944&charge=3&value=4,R.IIDDSEITKEDDALWPPPDR.V,/core/www/modules/show_out/show_out_wrapper.php?run_id=110202&search_id=114132&scans_id=110198&peptide_id=20743&scanf=28944&charge=3&value=R.IIDDSEITKEDDALWPPPDR.V,MAGOH,1.117e+8,2.679,0.012,1.936,0.000
28945,2,"  4.273","  0.692",15/30,/core/www/modules//sdig/index.php?run_id=110202&search_id=114132&scans_id=110198&peptide_id=20744&scanf=28945&charge=2&value=15/30,sp|P54578|UBP14_HUMAN,/core/www/modules//consensus/?run_id=110202&search_id=114132&scans_id=110198&peptide_id=20744&scanf=28945&charge=2&value=sp|P54578|UBP14_HUMAN,1,/core/www/modules/match_peptides/blast_html4.php?run_id=110202&search_id=114132&scans_id=110198&peptide_id=20744&scanf=28945&charge=2&value=1,R.ASGEMASAQYITAALR.D,/core/www/modules/show_out/show_out_wrapper.php?run_id=110202&search_id=114132&scans_id=110198&peptide_id=20744&scanf=28945&charge=2&value=R.ASGEMASAQYITAALR.D,USP14,4.639e+6,3.607,0.000,3.307,0.000
28947,2,"  2.551","  0.399",9/26,/core/www/modules//sdig/index.php?run_id=110202&search_id=114132&scans_id=110198&peptide_id=20746&scanf=28947&charge=2&value=9/26,sp|P63000|RAC1_HUMAN,/core/www/modules//consensus/?run_id=110202&search_id=114132&scans_id=110198&peptide_id=20746&scanf=28947&charge=2&value=sp|P63000|RAC1_HUMAN,0,/core/www/modules/match_peptides/blast_html4.php?run_id=110202&search_id=114132&scans_id=110198&peptide_id=20746&scanf=28947&charge=2&value=0,K.LTPITYPQGLAMAK.E,/core/www/modules/show_out/show_out_wrapper.php?run_id=110202&search_id=114132&scans_id=110198&peptide_id=20746&scanf=28947&charge=2&value=K.LTPITYPQGLAMAK.E,RAC1,2.758e+6,2.408,0.029,1.540,0.001
28948,2,"  3.844","  0.461",14/24,/core/www/modules//sdig/index.php?run_id=110202&search_id=114132&scans_id=110198&peptide_id=20747&scanf=28948&charge=2&value=14/24,sp|P54578|UBP14_HUMAN,/core/www/modules//consensus/?run_id=110202&search_id=114132&scans_id=110198&peptide_id=20747&scanf=28948&charge=2&value=sp|P54578|UBP14_HUMAN,3,/core/www/modules/match_peptides/blast_html4.php?run_id=110202&search_id=114132&scans_id=110198&peptide_id=20747&scanf=28948&charge=2&value=3,K.AQLFALTGVQPAR.Q,/core/www/modules/show_out/show_out_wrapper.php?run_id=110202&search_id=114132&scans_id=110198&peptide_id=20747&scanf=28948&charge=2&value=K.AQLFALTGVQPAR.Q,USP14,1.490e+7,3.115,0.003,2.578,0.000
28950,2,"  2.817","  0.677",12/20,/core/www/modules//sdig/index.php?run_id=110202&search_id=114132&scans_id=110198&peptide_id=20750&scanf=28950&charge=2&value=12/20,sp|Q8N9T8|KRI1_HUMAN,/core/www/modules//consensus/?run_id=110202&search_id=114132&scans_id=110198&peptide_id=20750&scanf=28950&charge=2&value=sp|Q8N9T8|KRI1_HUMAN,2,/core/www/modules/match_peptides/blast_html4.php?run_id=110202&search_id=114132&scans_id=110198&peptide_id=20750&scanf=28950&charge=2&value=2,K.TFEEYLDEYYR.L,/core/www/modules/show_out/show_out_wrapper.php?run_id=110202&search_id=114132&scans_id=110198&peptide_id=20750&scanf=28950&charge=2&value=K.TFEEYLDEYYR.L,KRI1,2.138e+6,3.771,0.000,3.550,0.000
28951,2,"  1.193","  0.254",8/14,/core/www/modules//sdig/index.php?run_id=110202&search_id=114132&scans_id=110198&peptide_id=20751&scanf=28951&charge=2&value=8/14,sp|Q8NBQ5|DHB11_HUMAN,/core/www/modules//consensus/?run_id=110202&search_id=114132&scans_id=110198&peptide_id=20751&scanf=28951&charge=2&value=sp|Q8NBQ5|DHB11_HUMAN,1,/core/www/modules/match_peptides/blast_html4.php?run_id=110202&search_id=114132&scans_id=110198&peptide_id=20751&scanf=28951&charge=2&value=1,K.LVLWDINK.H,/core/www/modules/show_out/show_out_wrapper.php?run_id=110202&search_id=114132&scans_id=110198&peptide_id=20751&scanf=28951&charge=2&value=K.LVLWDINK.H,HSD17B11,6.113e+6,2.396,0.030,1.524,0.001
28955,3,"  2.261","  0.272",11/52,/core/www/modules//sdig/index.php?run_id=110202&search_id=114132&scans_id=110198&peptide_id=20755&scanf=28955&charge=3&value=11/52,sp|Q5SY16|NOL9_HUMAN,/core/www/modules//consensus/?run_id=110202&search_id=114132&scans_id=110198&peptide_id=20755&scanf=28955&charge=3&value=sp|Q5SY16|NOL9_HUMAN,0,/core/www/modules/match_peptides/blast_html4.php?run_id=110202&search_id=114132&scans_id=110198&peptide_id=20755&scanf=28955&charge=3&value=0,R.LYHILTPVPPEELR.T,/core/www/modules/show_out/show_out_wrapper.php?run_id=110202&search_id=114132&scans_id=110198&peptide_id=20755&scanf=28955&charge=3&value=R.LYHILTPVPPEELR.T,NOL9,2.794e+7,2.243,0.050,1.305,0.002
28960,3,"  4.217","  0.530",12/56,/core/www/modules//sdig/index.php?run_id=110202&search_id=114132&scans_id=110198&peptide_id=20760&scanf=28960&charge=3&value=12/56,sp|O43615|TIM44_HUMAN,/core/www/modules//consensus/?run_id=110202&search_id=114132&scans_id=110198&peptide_id=20760&scanf=28960&charge=3&value=sp|O43615|TIM44_HUMAN,1,/core/www/modules/match_peptides/blast_html4.php?run_id=110202&search_id=114132&scans_id=110198&peptide_id=20760&scanf=28960&charge=3&value=1,K.VFEPNEEALGVVLHK.D,/core/www/modules/show_out/show_out_wrapper.php?run_id=110202&search_id=114132&scans_id=110198&peptide_id=20760&scanf=28960&charge=3&value=K.VFEPNEEALGVVLHK.D,TIMM44,1.436e+7,3.157,0.002,2.640,0.000
28961,4,"  2.869","  0.429",15/90,/core/www/modules//sdig/index.php?run_id=110202&search_id=114132&scans_id=110198&peptide_id=20761&scanf=28961&charge=4&value=15/90,sp|O43929|ORC4_HUMAN,/core/www/modules//consensus/?run_id=110202&search_id=114132&scans_id=110198&peptide_id=20761&scanf=28961&charge=4&value=sp|O43929|ORC4_HUMAN,0,/core/www/modules/match_peptides/blast_html4.php?run_id=110202&search_id=114132&scans_id=110198&peptide_id=20761&scanf=28961&charge=4&value=0,K.AFEHLQQLELIKPMER.T,/core/www/modules/show_out/show_out_wrapper.php?run_id=110202&search_id=114132&scans_id=110198&peptide_id=20761&scanf=28961&charge=4&value=K.AFEHLQQLELIKPMER.T,ORC4,7.384e+6,3.125,0.003,2.593,0.000
28962,2,"  2.447","  0.444",10/20,/core/www/modules//sdig/index.php?run_id=110202&search_id=114132&scans_id=110198&peptide_id=20762&scanf=28962&charge=2&value=10/20,sp|P52272|HNRPM_HUMAN,/core/www/modules//consensus/?run_id=110202&search_id=114132&scans_id=110198&peptide_id=20762&scanf=28962&charge=2&value=sp|P52272|HNRPM_HUMAN,6,/core/www/modules/match_peptides/blast_html4.php?run_id=110202&search_id=114132&scans_id=110198&peptide_id=20762&scanf=28962&charge=2&value=6,K.EVFSMAGVVVR.A,/core/www/modules/show_out/show_out_wrapper.php?run_id=110202&search_id=114132&scans_id=110198&peptide_id=20762&scanf=28962&charge=2&value=K.EVFSMAGVVVR.A,HNRNPM,2.858e+7,3.117,0.003,2.581,0.000
28963,2,"  3.905","  0.571",15/30,/core/www/modules//sdig/index.php?run_id=110202&search_id=114132&scans_id=110198&peptide_id=20763&scanf=28963&charge=2&value=15/30,sp|Q7Z2E3|APTX_HUMAN,/core/www/modules//consensus/?run_id=110202&search_id=114132&scans_id=110198&peptide_id=20763&scanf=28963&charge=2&value=sp|Q7Z2E3|APTX_HUMAN,2,/core/www/modules/match_peptides/blast_html4.php?run_id=110202&search_id=114132&scans_id=110198&peptide_id=20763&scanf=28963&charge=2&value=2,K.QVGVNPTSIDSVVIGK.D,/core/www/modules/show_out/show_out_wrapper.php?run_id=110202&search_id=114132&scans_id=110198&peptide_id=20763&scanf=28963&charge=2&value=K.QVGVNPTSIDSVVIGK.D,APTX,3.559e+6,3.227,0.002,2.743,0.000
28965,3,"  2.385","  0.382",10/52,/core/www/modules//sdig/index.php?run_id=110202&search_id=114132&scans_id=110198&peptide_id=20765&scanf=28965&charge=3&value=10/52,sp|Q14651|PLSI_HUMAN,/core/www/modules//consensus/?run_id=110202&search_id=114132&scans_id=110198&peptide_id=20765&scanf=28965&charge=3&value=sp|Q14651|PLSI_HUMAN,0,/core/www/modules/match_peptides/blast_html4.php?run_id=110202&search_id=114132&scans_id=110198&peptide_id=20765&scanf=28965&charge=3&value=0,R.IYALPDDLVEVKPK.M,/core/www/modules/show_out/show_out_wrapper.php?run_id=110202&search_id=114132&scans_id=110198&peptide_id=20765&scanf=28965&charge=3&value=R.IYALPDDLVEVKPK.M,PLS1,3.733e+6,2.500,0.021,1.675,0.001
28967,3,"  3.658","  0.406",12/56,/core/www/modules//sdig/index.php?run_id=110202&search_id=114132&scans_id=110198&peptide_id=20767&scanf=28967&charge=3&value=12/56,sp|Q7Z5J4|RAI1_HUMAN,/core/www/modules//consensus/?run_id=110202&search_id=114132&scans_id=110198&peptide_id=20767&scanf=28967&charge=3&value=sp|Q7Z5J4|RAI1_HUMAN,0,/core/www/modules/match_peptides/blast_html4.php?run_id=110202&search_id=114132&scans_id=110198&peptide_id=20767&scanf=28967&charge=3&value=0,R.QQQVLPLDPAEPEIR.L,/core/www/modules/show_out/show_out_wrapper.php?run_id=110202&search_id=114132&scans_id=110198&peptide_id=20767&scanf=28967&charge=3&value=R.QQQVLPLDPAEPEIR.L,RAI1,2.016e+6,2.679,0.012,1.936,0.000
28968,2,"  2.637","  0.460",12/20,/core/www/modules//sdig/index.php?run_id=110202&search_id=114132&scans_id=110198&peptide_id=20768&scanf=28968&charge=2&value=12/20,sp|P61011|SRP54_HUMAN,/core/www/modules//consensus/?run_id=110202&search_id=114132&scans_id=110198&peptide_id=20768&scanf=28968&charge=2&value=sp|P61011|SRP54_HUMAN,3,/core/www/modules/match_peptides/blast_html4.php?run_id=110202&search_id=114132&scans_id=110198&peptide_id=20768&scanf=28968&charge=2&value=3,R.DVQELLTQYTK.F,/core/www/modules/show_out/show_out_wrapper.php?run_id=110202&search_id=114132&scans_id=110198&peptide_id=20768&scanf=28968&charge=2&value=R.DVQELLTQYTK.F,SRP54,7.884e+6,3.122,0.003,2.588,0.000
28972,2,"  4.400","  0.735",16/28,/core/www/modules//sdig/index.php?run_id=110202&search_id=114132&scans_id=110198&peptide_id=20773&scanf=28972&charge=2&value=16/28,sp|O14980|XPO1_HUMAN,/core/www/modules//consensus/?run_id=110202&search_id=114132&scans_id=110198&peptide_id=20773&scanf=28972&charge=2&value=sp|O14980|XPO1_HUMAN,7,/core/www/modules/match_peptides/blast_html4.php?run_id=110202&search_id=114132&scans_id=110198&peptide_id=20773&scanf=28972&charge=2&value=7,K.EFAGEDTSDLFLEER.E,/core/www/modules/show_out/show_out_wrapper.php?run_id=110202&search_id=114132&scans_id=110198&peptide_id=20773&scanf=28972&charge=2&value=K.EFAGEDTSDLFLEER.E,XPO1,9.280e+6,3.983,0.000,3.865,0.000
28974,3,"  4.013","  0.505",11/80,/core/www/modules//sdig/index.php?run_id=110202&search_id=114132&scans_id=110198&peptide_id=20775&scanf=28974&charge=3&value=11/80,sp|P49756|RBM25_HUMAN,/core/www/modules//consensus/?run_id=110202&search_id=114132&scans_id=110198&peptide_id=20775&scanf=28974&charge=3&value=sp|P49756|RBM25_HUMAN,0,/core/www/modules/match_peptides/blast_html4.php?run_id=110202&search_id=114132&scans_id=110198&peptide_id=20775&scanf=28974&charge=3&value=0,K.KLPVDSVFNKFEDEDSDDVPR.K,/core/www/modules/show_out/show_out_wrapper.php?run_id=110202&search_id=114132&scans_id=110198&peptide_id=20775&scanf=28974&charge=3&value=K.KLPVDSVFNKFEDEDSDDVPR.K,RBM25,1.874e+6,2.239,0.050,1.300,0.002
28977,2,"  5.208","  0.598",15/34,/core/www/modules//sdig/index.php?run_id=110202&search_id=114132&scans_id=110198&peptide_id=20778&scanf=28977&charge=2&value=15/34,sp|P43363|MAGAA_HUMAN,/core/www/modules//consensus/?run_id=110202&search_id=114132&scans_id=110198&peptide_id=20778&scanf=28977&charge=2&value=sp|P43363|MAGAA_HUMAN,2,/core/www/modules/match_peptides/blast_html4.php?run_id=110202&search_id=114132&scans_id=110198&peptide_id=20778&scanf=28977&charge=2&value=2,K.EESPSTLQVLPDSESLPR.S,/core/www/modules/show_out/show_out_wrapper.php?run_id=110202&search_id=114132&scans_id=110198&peptide_id=20778&scanf=28977&charge=2&value=K.EESPSTLQVLPDSESLPR.S,MAGEA10,9.162e+6,3.176,0.002,2.668,0.000
28981,2,"  3.153","  0.478",12/22,/core/www/modules//sdig/index.php?run_id=110202&search_id=114132&scans_id=110198&peptide_id=20782&scanf=28981&charge=2&value=12/22,sp|P46459|NSF_HUMAN,/core/www/modules//consensus/?run_id=110202&search_id=114132&scans_id=110198&peptide_id=20782&scanf=28981&charge=2&value=sp|P46459|NSF_HUMAN,1,/core/www/modules/match_peptides/blast_html4.php?run_id=110202&search_id=114132&scans_id=110198&peptide_id=20782&scanf=28981&charge=2&value=1,R.QSIINPDWNFEK.M,/core/www/modules/show_out/show_out_wrapper.php?run_id=110202&search_id=114132&scans_id=110198&peptide_id=20782&scanf=28981&charge=2&value=R.QSIINPDWNFEK.M,NSF,7.143e+6,3.089,0.003,2.540,0.000
28982,2,"  2.118","  0.463",11/18,/core/www/modules//sdig/index.php?run_id=110202&search_id=114132&scans_id=110198&peptide_id=20783&scanf=28982&charge=2&value=11/18,sp|P63173|RL38_HUMAN,/core/www/modules//consensus/?run_id=110202&search_id=114132&scans_id=110198&peptide_id=20783&scanf=28982&charge=2&value=sp|P63173|RL38_HUMAN,2,/core/www/modules/match_peptides/blast_html4.php?run_id=110202&search_id=114132&scans_id=110198&peptide_id=20783&scanf=28982&charge=2&value=2,R.YLYTLVITDK.E,/core/www/modules/show_out/show_out_wrapper.php?run_id=110202&search_id=114132&scans_id=110198&peptide_id=20783&scanf=28982&charge=2&value=R.YLYTLVITDK.E,RPL38,1.015e+7,3.081,0.003,2.528,0.000
28983,3,"  5.641","  0.678",25/88,/core/www/modules//sdig/index.php?run_id=110202&search_id=114132&scans_id=110198&peptide_id=20784&scanf=28983&charge=3&value=25/88,sp|O60216|RAD21_HUMAN,/core/www/modules//consensus/?run_id=110202&search_id=114132&scans_id=110198&peptide_id=20784&scanf=28983&charge=3&value=sp|O60216|RAD21_HUMAN,1,/core/www/modules/match_peptides/blast_html4.php?run_id=110202&search_id=114132&scans_id=110198&peptide_id=20784&scanf=28983&charge=3&value=1,K.KQQAIELTQEEPYSDIIATPGPR.F,/core/www/modules/show_out/show_out_wrapper.php?run_id=110202&search_id=114132&scans_id=110198&peptide_id=20784&scanf=28983&charge=3&value=K.KQQAIELTQEEPYSDIIATPGPR.F,RAD21,3.271e+6,3.344,0.001,2.917,0.000
28986,3,"  3.626","  0.590",11/48,/core/www/modules//sdig/index.php?run_id=110202&search_id=114132&scans_id=110198&peptide_id=20787&scanf=28986&charge=3&value=11/48,sp|P19525|E2AK2_HUMAN,/core/www/modules//consensus/?run_id=110202&search_id=114132&scans_id=110198&peptide_id=20787&scanf=28986&charge=3&value=sp|P19525|E2AK2_HUMAN,2,/core/www/modules/match_peptides/blast_html4.php?run_id=110202&search_id=114132&scans_id=110198&peptide_id=20787&scanf=28986&charge=3&value=2,R.DLKPSNIFLVDTK.Q,/core/www/modules/show_out/show_out_wrapper.php?run_id=110202&search_id=114132&scans_id=110198&peptide_id=20787&scanf=28986&charge=3&value=R.DLKPSNIFLVDTK.Q,EIF2AK2,1.905e+7,3.461,0.001,3.091,0.000
28987,2,"  3.129","  0.623",13/30,/core/www/modules//sdig/index.php?run_id=110202&search_id=114132&scans_id=110198&peptide_id=20788&scanf=28987&charge=2&value=13/30,sp|P11586|C1TC_HUMAN,/core/www/modules//consensus/?run_id=110202&search_id=114132&scans_id=110198&peptide_id=20788&scanf=28987&charge=2&value=sp|P11586|C1TC_HUMAN,10,/core/www/modules/match_peptides/blast_html4.php?run_id=110202&search_id=114132&scans_id=110198&peptide_id=20788&scanf=28987&charge=2&value=10,K.YVVVTGITPTPLGEGK.S,/core/www/modules/show_out/show_out_wrapper.php?run_id=110202&search_id=114132&scans_id=110198&peptide_id=20788&scanf=28987&charge=2&value=K.YVVVTGITPTPLGEGK.S,MTHFD1,6.932e+6,3.277,0.002,2.818,0.000
28988,2,"  3.437","  0.533",12/22,/core/www/modules//sdig/index.php?run_id=110202&search_id=114132&scans_id=110198&peptide_id=20789&scanf=28988&charge=2&value=12/22,sp|Q07960|RHG01_HUMAN,/core/www/modules//consensus/?run_id=110202&search_id=114132&scans_id=110198&peptide_id=20789&scanf=28988&charge=2&value=sp|Q07960|RHG01_HUMAN,1,/core/www/modules/match_peptides/blast_html4.php?run_id=110202&search_id=114132&scans_id=110198&peptide_id=20789&scanf=28988&charge=2&value=1,K.NPEQEPIPIVLR.E,/core/www/modules/show_out/show_out_wrapper.php?run_id=110202&search_id=114132&scans_id=110198&peptide_id=20789&scanf=28988&charge=2&value=K.NPEQEPIPIVLR.E,ARHGAP1,2.311e+6,3.251,0.002,2.780,0.000
28990,4,"  2.434","  0.425",14/84,/core/www/modules//sdig/index.php?run_id=110202&search_id=114132&scans_id=110198&peptide_id=20792&scanf=28990&charge=4&value=14/84,sp|O60306|AQR_HUMAN,/core/www/modules//consensus/?run_id=110202&search_id=114132&scans_id=110198&peptide_id=20792&scanf=28990&charge=4&value=sp|O60306|AQR_HUMAN,0,/core/www/modules/match_peptides/blast_html4.php?run_id=110202&search_id=114132&scans_id=110198&peptide_id=20792&scanf=28990&charge=4&value=0,R.WIMIGDHHQLPPVIK.N,/core/www/modules/show_out/show_out_wrapper.php?run_id=110202&search_id=114132&scans_id=110198&peptide_id=20792&scanf=28990&charge=4&value=R.WIMIGDHHQLPPVIK.N,AQR,4.393e+6,3.144,0.002,2.620,0.000
28991,2,"  3.324","  0.528",12/20,/core/www/modules//sdig/index.php?run_id=110202&search_id=114132&scans_id=110198&peptide_id=20793&scanf=28991&charge=2&value=12/20,sp|P61011|SRP54_HUMAN,/core/www/modules//consensus/?run_id=110202&search_id=114132&scans_id=110198&peptide_id=20793&scanf=28991&charge=2&value=sp|P61011|SRP54_HUMAN,3,/core/www/modules/match_peptides/blast_html4.php?run_id=110202&search_id=114132&scans_id=110198&peptide_id=20793&scanf=28991&charge=2&value=3,R.DVQELLTQYTK.F,/core/www/modules/show_out/show_out_wrapper.php?run_id=110202&search_id=114132&scans_id=110198&peptide_id=20793&scanf=28991&charge=2&value=R.DVQELLTQYTK.F,SRP54,7.884e+6,3.356,0.001,2.935,0.000
28997,2,"  1.416","  0.240",8/20,/core/www/modules//sdig/index.php?run_id=110202&search_id=114132&scans_id=110198&peptide_id=20799&scanf=28997&charge=2&value=8/20,sp|P36404|ARL2_HUMAN,/core/www/modules//consensus/?run_id=110202&search_id=114132&scans_id=110198&peptide_id=20799&scanf=28997&charge=2&value=sp|P36404|ARL2_HUMAN,1,/core/www/modules/match_peptides/blast_html4.php?run_id=110202&search_id=114132&scans_id=110198&peptide_id=20799&scanf=28997&charge=2&value=1,R.LLMLGLDNAGK.T,/core/www/modules/show_out/show_out_wrapper.php?run_id=110202&search_id=114132&scans_id=110198&peptide_id=20799&scanf=28997&charge=2&value=R.LLMLGLDNAGK.T,ARL2,2.043e+6,1.986,0.111,0.953,0.005
29001,3,"  3.193","  0.524",16/52,/core/www/modules//sdig/index.php?run_id=110202&search_id=114132&scans_id=110198&peptide_id=20803&scanf=29001&charge=3&value=16/52,sp|Q5SY16|NOL9_HUMAN,/core/www/modules//consensus/?run_id=110202&search_id=114132&scans_id=110198&peptide_id=20803&scanf=29001&charge=3&value=sp|Q5SY16|NOL9_HUMAN,0,/core/www/modules/match_peptides/blast_html4.php?run_id=110202&search_id=114132&scans_id=110198&peptide_id=20803&scanf=29001&charge=3&value=0,R.LYHILTPVPPEELR.T,/core/www/modules/show_out/show_out_wrapper.php?run_id=110202&search_id=114132&scans_id=110198&peptide_id=20803&scanf=29001&charge=3&value=R.LYHILTPVPPEELR.T,NOL9,2.794e+7,3.286,0.001,2.831,0.000
29004,4,"  3.362","  0.431",17/108,/core/www/modules//sdig/index.php?run_id=110202&search_id=114132&scans_id=110198&peptide_id=20806&scanf=29004&charge=4&value=17/108,sp|P22087|FBRL_HUMAN,/core/www/modules//consensus/?run_id=110202&search_id=114132&scans_id=110198&peptide_id=20806&scanf=29004&charge=4&value=sp|P22087|FBRL_HUMAN,7,/core/www/modules/match_peptides/blast_html4.php?run_id=110202&search_id=114132&scans_id=110198&peptide_id=20806&scanf=29004&charge=4&value=7,K.LAAAILGGVDQIHIKPGAK.V,/core/www/modules/show_out/show_out_wrapper.php?run_id=110202&search_id=114132&scans_id=110198&peptide_id=20806&scanf=29004&charge=4&value=K.LAAAILGGVDQIHIKPGAK.V,FBL,5.487e+8,3.090,0.003,2.541,0.000
29007,2,"  3.894","  0.326",15/28,/core/www/modules//sdig/index.php?run_id=110202&search_id=114132&scans_id=110198&peptide_id=20809&scanf=29007&charge=2&value=15/28,sp|Q9BS26|ERP44_HUMAN,/core/www/modules//consensus/?run_id=110202&search_id=114132&scans_id=110198&peptide_id=20809&scanf=29007&charge=2&value=sp|Q9BS26|ERP44_HUMAN,3,/core/www/modules/match_peptides/blast_html4.php?run_id=110202&search_id=114132&scans_id=110198&peptide_id=20809&scanf=29007&charge=2&value=3,K.EDTESLEIFQNEVAR.Q,/core/www/modules/show_out/show_out_wrapper.php?run_id=110202&search_id=114132&scans_id=110198&peptide_id=20809&scanf=29007&charge=2&value=K.EDTESLEIFQNEVAR.Q,ERP44,5.140e+6,2.463,0.024,1.620,0.001
29008,3,"  4.486","  0.617",20/64,/core/www/modules//sdig/index.php?run_id=110202&search_id=114132&scans_id=110198&peptide_id=20810&scanf=29008&charge=3&value=20/64,sp|Q9UPN3|MACF1_HUMAN,/core/www/modules//consensus/?run_id=110202&search_id=114132&scans_id=110198&peptide_id=20810&scanf=29008&charge=3&value=sp|Q9UPN3|MACF1_HUMAN,7,/core/www/modules/match_peptides/blast_html4.php?run_id=110202&search_id=114132&scans_id=110198&peptide_id=20810&scanf=29008&charge=3&value=7,R.ALIAQLPSPAIDHEQLR.Q,/core/www/modules/show_out/show_out_wrapper.php?run_id=110202&search_id=114132&scans_id=110198&peptide_id=20810&scanf=29008&charge=3&value=R.ALIAQLPSPAIDHEQLR.Q,MACF1,9.830e+6,3.586,0.001,3.275,0.000
29012,2,"  2.087","  0.456",9/14,/core/www/modules//sdig/index.php?run_id=110202&search_id=114132&scans_id=110198&peptide_id=20815&scanf=29012&charge=2&value=9/14,sp|P43355|MAGA1_HUMAN,/core/www/modules//consensus/?run_id=110202&search_id=114132&scans_id=110198&peptide_id=20815&scanf=29012&charge=2&value=sp|P43355|MAGA1_HUMAN,10,/core/www/modules/match_peptides/blast_html4.php?run_id=110202&search_id=114132&scans_id=110198&peptide_id=20815&scanf=29012&charge=2&value=10,R.YEFLWGPR.A,/core/www/modules/show_out/show_out_wrapper.php?run_id=110202&search_id=114132&scans_id=110198&peptide_id=20815&scanf=29012&charge=2&value=R.YEFLWGPR.A,MAGEA1,1.610e+7,3.213,0.002,2.722,0.000
29013,2,"  2.332","  0.444",8/18,/core/www/modules//sdig/index.php?run_id=110202&search_id=114132&scans_id=110198&peptide_id=20816&scanf=29013&charge=2&value=8/18,sp|Q14671|PUM1_HUMAN,/core/www/modules//consensus/?run_id=110202&search_id=114132&scans_id=110198&peptide_id=20816&scanf=29013&charge=2&value=sp|Q14671|PUM1_HUMAN,7,/core/www/modules/match_peptides/blast_html4.php?run_id=110202&search_id=114132&scans_id=110198&peptide_id=20816&scanf=29013&charge=2&value=7,K.FFEFGSLEQK.L,/core/www/modules/show_out/show_out_wrapper.php?run_id=110202&search_id=114132&scans_id=110198&peptide_id=20816&scanf=29013&charge=2&value=K.FFEFGSLEQK.L,PUM1,4.057e+6,2.798,0.008,2.111,0.000
29014,3,"  3.230","  0.390",15/44,/core/www/modules//sdig/index.php?run_id=110202&search_id=114132&scans_id=110198&peptide_id=20817&scanf=29014&charge=3&value=15/44,sp|P62937|PPIA_HUMAN,/core/www/modules//consensus/?run_id=110202&search_id=114132&scans_id=110198&peptide_id=20817&scanf=29014&charge=3&value=sp|P62937|PPIA_HUMAN,3,/core/www/modules/match_peptides/blast_html4.php?run_id=110202&search_id=114132&scans_id=110198&peptide_id=20817&scanf=29014&charge=3&value=3,R.VSFELFADKVPK.T,/core/www/modules/show_out/show_out_wrapper.php?run_id=110202&search_id=114132&scans_id=110198&peptide_id=20817&scanf=29014&charge=3&value=R.VSFELFADKVPK.T,PPIA,1.359e+7,2.661,0.012,1.908,0.000
29019,3,"  2.835","  0.374",14/64,/core/www/modules//sdig/index.php?run_id=110202&search_id=114132&scans_id=110198&peptide_id=20822&scanf=29019&charge=3&value=14/64,sp|O43390|HNRPR_HUMAN,/core/www/modules//consensus/?run_id=110202&search_id=114132&scans_id=110198&peptide_id=20822&scanf=29019&charge=3&value=sp|O43390|HNRPR_HUMAN,3,/core/www/modules/match_peptides/blast_html4.php?run_id=110202&search_id=114132&scans_id=110198&peptide_id=20822&scanf=29019&charge=3&value=3,K.EIEGEEIEIVLAKPPDK.K,/core/www/modules/show_out/show_out_wrapper.php?run_id=110202&search_id=114132&scans_id=110198&peptide_id=20822&scanf=29019&charge=3&value=K.EIEGEEIEIVLAKPPDK.K,HNRNPR,1.831e+7,2.587,0.016,1.801,0.000
29020,3,"  2.823","  0.251",13/72,/core/www/modules//sdig/index.php?run_id=110202&search_id=114132&scans_id=110198&peptide_id=20824&scanf=29020&charge=3&value=13/72,sp|Q9Y2W1|TR150_HUMAN,/core/www/modules//consensus/?run_id=110202&search_id=114132&scans_id=110198&peptide_id=20824&scanf=29020&charge=3&value=sp|Q9Y2W1|TR150_HUMAN,1,/core/www/modules/match_peptides/blast_html4.php?run_id=110202&search_id=114132&scans_id=110198&peptide_id=20824&scanf=29020&charge=3&value=1,R.MDSFDEDLARPSGLLAQER.K,/core/www/modules/show_out/show_out_wrapper.php?run_id=110202&search_id=114132&scans_id=110198&peptide_id=20824&scanf=29020&charge=3&value=R.MDSFDEDLARPSGLLAQER.K,THRAP3,5.738e+6,1.925,0.133,0.875,0.007
29025,2,"  2.305","  0.361",10/24,/core/www/modules//sdig/index.php?run_id=110202&search_id=114132&scans_id=110198&peptide_id=20828&scanf=29025&charge=2&value=10/24,sp|P62140|PP1B_HUMAN,/core/www/modules//consensus/?run_id=110202&search_id=114132&scans_id=110198&peptide_id=20828&scanf=29025&charge=2&value=sp|P62140|PP1B_HUMAN,3,/core/www/modules/match_peptides/blast_html4.php?run_id=110202&search_id=114132&scans_id=110198&peptide_id=20828&scanf=29025&charge=2&value=3,R.GVSFTFGADVVSK.F,/core/www/modules/show_out/show_out_wrapper.php?run_id=110202&search_id=114132&scans_id=110198&peptide_id=20828&scanf=29025&charge=2&value=R.GVSFTFGADVVSK.F,PPP1CB,7.580e+6,2.348,0.035,1.456,0.001
29027,2,"  3.016","  0.455",13/22,/core/www/modules//sdig/index.php?run_id=110202&search_id=114132&scans_id=110198&peptide_id=20830&scanf=29027&charge=2&value=13/22,sp|Q8N1G4|LRC47_HUMAN,/core/www/modules//consensus/?run_id=110202&search_id=114132&scans_id=110198&peptide_id=20830&scanf=29027&charge=2&value=sp|Q8N1G4|LRC47_HUMAN,0,/core/www/modules/match_peptides/blast_html4.php?run_id=110202&search_id=114132&scans_id=110198&peptide_id=20830&scanf=29027&charge=2&value=0,K.DGPSLLVVEQVR.V,/core/www/modules/show_out/show_out_wrapper.php?run_id=110202&search_id=114132&scans_id=110198&peptide_id=20830&scanf=29027&charge=2&value=K.DGPSLLVVEQVR.V,LRRC47,3.224e+6,3.068,0.003,2.508,0.000
29032,2,"  2.101","  0.293",8/14,/core/www/modules//sdig/index.php?run_id=110202&search_id=114132&scans_id=110198&peptide_id=20836&scanf=29032&charge=2&value=8/14,sp|P11388|TOP2A_HUMAN,/core/www/modules//consensus/?run_id=110202&search_id=114132&scans_id=110198&peptide_id=20836&scanf=29032&charge=2&value=sp|P11388|TOP2A_HUMAN,0,/core/www/modules/match_peptides/blast_html4.php?run_id=110202&search_id=114132&scans_id=110198&peptide_id=20836&scanf=29032&charge=2&value=0,K.DIVALMVR.R,/core/www/modules/show_out/show_out_wrapper.php?run_id=110202&search_id=114132&scans_id=110198&peptide_id=20836&scanf=29032&charge=2&value=K.DIVALMVR.R,TOP2A,2.197e+6,2.772,0.008,2.072,0.000
29033,2,"  1.842","  0.165",9/12,/core/www/modules//sdig/index.php?run_id=110202&search_id=114132&scans_id=110198&peptide_id=20837&scanf=29033&charge=2&value=9/12,sp|O00410|IPO5_HUMAN,/core/www/modules//consensus/?run_id=110202&search_id=114132&scans_id=110198&peptide_id=20837&scanf=29033&charge=2&value=sp|O00410|IPO5_HUMAN,0,/core/www/modules/match_peptides/blast_html4.php?run_id=110202&search_id=114132&scans_id=110198&peptide_id=20837&scanf=29033&charge=2&value=0,K.LVLPMIK.E,/core/www/modules/show_out/show_out_wrapper.php?run_id=110202&search_id=114132&scans_id=110198&peptide_id=20837&scanf=29033&charge=2&value=K.LVLPMIK.E,IPO5,1.147e+7,2.477,0.023,1.641,0.001
29037,3,"  2.453","  0.493",9/40,/core/www/modules//sdig/index.php?run_id=110202&search_id=114132&scans_id=110198&peptide_id=20841&scanf=29037&charge=3&value=9/40,sp|Q9BSC4|NOL10_HUMAN,/core/www/modules//consensus/?run_id=110202&search_id=114132&scans_id=110198&peptide_id=20841&scanf=29037&charge=3&value=sp|Q9BSC4|NOL10_HUMAN,5,/core/www/modules/match_peptides/blast_html4.php?run_id=110202&search_id=114132&scans_id=110198&peptide_id=20841&scanf=29037&charge=3&value=5,R.AYMHGFFMDIR.L,/core/www/modules/show_out/show_out_wrapper.php?run_id=110202&search_id=114132&scans_id=110198&peptide_id=20841&scanf=29037&charge=3&value=R.AYMHGFFMDIR.L,NOL10,2.536e+6,3.141,0.002,2.617,0.000
29043,2,"  2.647","  0.521",12/20,/core/www/modules//sdig/index.php?run_id=110202&search_id=114132&scans_id=110198&peptide_id=20847&scanf=29043&charge=2&value=12/20,sp|Q12905|ILF2_HUMAN,/core/www/modules//consensus/?run_id=110202&search_id=114132&scans_id=110198&peptide_id=20847&scanf=29043&charge=2&value=sp|Q12905|ILF2_HUMAN,1,/core/www/modules/match_peptides/blast_html4.php?run_id=110202&search_id=114132&scans_id=110198&peptide_id=20847&scanf=29043&charge=2&value=1,K.ILITTVPPNLR.K,/core/www/modules/show_out/show_out_wrapper.php?run_id=110202&search_id=114132&scans_id=110198&peptide_id=20847&scanf=29043&charge=2&value=K.ILITTVPPNLR.K,ILF2,1.434e+8,3.433,0.001,3.049,0.000
29044,4,"  2.954","  0.601",19/90,/core/www/modules//sdig/index.php?run_id=110202&search_id=114132&scans_id=110198&peptide_id=20848&scanf=29044&charge=4&value=19/90,sp|P36578|RL4_HUMAN,/core/www/modules//consensus/?run_id=110202&search_id=114132&scans_id=110198&peptide_id=20848&scanf=29044&charge=4&value=sp|P36578|RL4_HUMAN,2,/core/www/modules/match_peptides/blast_html4.php?run_id=110202&search_id=114132&scans_id=110198&peptide_id=20848&scanf=29044&charge=4&value=2,K.APIRPDIVNFVHTNLR.K,/core/www/modules/show_out/show_out_wrapper.php?run_id=110202&search_id=114132&scans_id=110198&peptide_id=20848&scanf=29044&charge=4&value=K.APIRPDIVNFVHTNLR.K,RPL4,5.126e+8,3.799,0.000,3.591,0.000
29046,3,"  2.439","  0.421",13/56,/core/www/modules//sdig/index.php?run_id=110202&search_id=114132&scans_id=110198&peptide_id=20850&scanf=29046&charge=3&value=13/56,sp|P53621|COPA_HUMAN,/core/www/modules//consensus/?run_id=110202&search_id=114132&scans_id=110198&peptide_id=20850&scanf=29046&charge=3&value=sp|P53621|COPA_HUMAN,4,/core/www/modules/match_peptides/blast_html4.php?run_id=110202&search_id=114132&scans_id=110198&peptide_id=20850&scanf=29046&charge=3&value=4,R.VTTVTEIGKDVIGLR.I,/core/www/modules/show_out/show_out_wrapper.php?run_id=110202&search_id=114132&scans_id=110198&peptide_id=20850&scanf=29046&charge=3&value=R.VTTVTEIGKDVIGLR.I,COPA,7.957e+6,2.299,0.041,1.385,0.001
29047,2,"  2.970","  0.641",15/24,/core/www/modules//sdig/index.php?run_id=110202&search_id=114132&scans_id=110198&peptide_id=20851&scanf=29047&charge=2&value=15/24,sp|P42765|THIM_HUMAN,/core/www/modules//consensus/?run_id=110202&search_id=114132&scans_id=110198&peptide_id=20851&scanf=29047&charge=2&value=sp|P42765|THIM_HUMAN,1,/core/www/modules/match_peptides/blast_html4.php?run_id=110202&search_id=114132&scans_id=110198&peptide_id=20851&scanf=29047&charge=2&value=1,K.DFTATDLSEFAAK.A,/core/www/modules/show_out/show_out_wrapper.php?run_id=110202&search_id=114132&scans_id=110198&peptide_id=20851&scanf=29047&charge=2&value=K.DFTATDLSEFAAK.A,ACAA2,4.208e+6,3.650,0.000,3.370,0.000
29051,3,"  3.162","  0.464",14/68,/core/www/modules//sdig/index.php?run_id=110202&search_id=114132&scans_id=110198&peptide_id=20855&scanf=29051&charge=3&value=14/68,sp|Q9UPN6|SCAF8_HUMAN,/core/www/modules//consensus/?run_id=110202&search_id=114132&scans_id=110198&peptide_id=20855&scanf=29051&charge=3&value=sp|Q9UPN6|SCAF8_HUMAN,1,/core/www/modules/match_peptides/blast_html4.php?run_id=110202&search_id=114132&scans_id=110198&peptide_id=20855&scanf=29051&charge=3&value=1,K.TFNSELYSLNDYKPPISK.A,/core/www/modules/show_out/show_out_wrapper.php?run_id=110202&search_id=114132&scans_id=110198&peptide_id=20855&scanf=29051&charge=3&value=K.TFNSELYSLNDYKPPISK.A,SCAF8,2.569e+6,2.750,0.009,2.040,0.000
29053,2,"  3.119","  0.619",13/22,/core/www/modules//sdig/index.php?run_id=110202&search_id=114132&scans_id=110198&peptide_id=20857&scanf=29053&charge=2&value=13/22,sp|O43242|PSMD3_HUMAN,/core/www/modules//consensus/?run_id=110202&search_id=114132&scans_id=110198&peptide_id=20857&scanf=29053&charge=2&value=sp|O43242|PSMD3_HUMAN,0,/core/www/modules/match_peptides/blast_html4.php?run_id=110202&search_id=114132&scans_id=110198&peptide_id=20857&scanf=29053&charge=2&value=0,K.FQADGTYTLIIR.L,/core/www/modules/show_out/show_out_wrapper.php?run_id=110202&search_id=114132&scans_id=110198&peptide_id=20857&scanf=29053&charge=2&value=K.FQADGTYTLIIR.L,PSMD3,2.888e+6,3.635,0.000,3.348,0.000
29065,3,"  3.659","  0.454",12/76,/core/www/modules//sdig/index.php?run_id=110202&search_id=114132&scans_id=110198&peptide_id=20869&scanf=29065&charge=3&value=12/76,sp|Q9UIS9|MBD1_HUMAN,/core/www/modules//consensus/?run_id=110202&search_id=114132&scans_id=110198&peptide_id=20869&scanf=29065&charge=3&value=sp|Q9UIS9|MBD1_HUMAN,4,/core/www/modules/match_peptides/blast_html4.php?run_id=110202&search_id=114132&scans_id=110198&peptide_id=20869&scanf=29065&charge=3&value=4,R.LLPSVWSESEDGAGSPPPYR.R,/core/www/modules/show_out/show_out_wrapper.php?run_id=110202&search_id=114132&scans_id=110198&peptide_id=20869&scanf=29065&charge=3&value=R.LLPSVWSESEDGAGSPPPYR.R,MBD1,5.359e+6,2.628,0.014,1.860,0.000
29066,4,"  2.536","  0.289",13/84,/core/www/modules//sdig/index.php?run_id=110202&search_id=114132&scans_id=110198&peptide_id=20870&scanf=29066&charge=4&value=13/84,sp|Q96HW7|INT4_HUMAN,/core/www/modules//consensus/?run_id=110202&search_id=114132&scans_id=110198&peptide_id=20870&scanf=29066&charge=4&value=sp|Q96HW7|INT4_HUMAN,9,/core/www/modules/match_peptides/blast_html4.php?run_id=110202&search_id=114132&scans_id=110198&peptide_id=20870&scanf=29066&charge=4&value=9,R.QSAFLHLPLPEQIHK.A,/core/www/modules/show_out/show_out_wrapper.php?run_id=110202&search_id=114132&scans_id=110198&peptide_id=20870&scanf=29066&charge=4&value=R.QSAFLHLPLPEQIHK.A,INTS4,6.299e+6,2.675,0.012,1.929,0.000
29067,2,"  3.089","  0.482",11/20,/core/www/modules//sdig/index.php?run_id=110202&search_id=114132&scans_id=110198&peptide_id=20871&scanf=29067&charge=2&value=11/20,sp|P35998|PRS7_HUMAN,/core/www/modules//consensus/?run_id=110202&search_id=114132&scans_id=110198&peptide_id=20871&scanf=29067&charge=2&value=sp|P35998|PRS7_HUMAN,2,/core/www/modules/match_peptides/blast_html4.php?run_id=110202&search_id=114132&scans_id=110198&peptide_id=20871&scanf=29067&charge=2&value=2,K.QVEDDIQQLLK.K,/core/www/modules/show_out/show_out_wrapper.php?run_id=110202&search_id=114132&scans_id=110198&peptide_id=20871&scanf=29067&charge=2&value=K.QVEDDIQQLLK.K,PSMC2,9.465e+6,3.200,0.002,2.703,0.000
29068,3,"  4.988","  0.537",19/64,/core/www/modules//sdig/index.php?run_id=110202&search_id=114132&scans_id=110198&peptide_id=20872&scanf=29068&charge=3&value=19/64,sp|Q9Y2L1|RRP44_HUMAN,/core/www/modules//consensus/?run_id=110202&search_id=114132&scans_id=110198&peptide_id=20872&scanf=29068&charge=3&value=sp|Q9Y2L1|RRP44_HUMAN,1,/core/www/modules/match_peptides/blast_html4.php?run_id=110202&search_id=114132&scans_id=110198&peptide_id=20872&scanf=29068&charge=3&value=1,K.DKPNPQLIYDDEIPSLK.I,/core/www/modules/show_out/show_out_wrapper.php?run_id=110202&search_id=114132&scans_id=110198&peptide_id=20872&scanf=29068&charge=3&value=K.DKPNPQLIYDDEIPSLK.I,DIS3,9.108e+6,3.321,0.001,2.882,0.000
29074,2,"  6.376","  0.788",28/38,/core/www/modules//sdig/index.php?run_id=110202&search_id=114132&scans_id=110198&peptide_id=20879&scanf=29074&charge=2&value=28/38,sp|P61326|MGN_HUMAN,/core/www/modules//consensus/?run_id=110202&search_id=114132&scans_id=110198&peptide_id=20879&scanf=29074&charge=2&value=sp|P61326|MGN_HUMAN,4,/core/www/modules/match_peptides/blast_html4.php?run_id=110202&search_id=114132&scans_id=110198&peptide_id=20879&scanf=29074&charge=2&value=4,R.IIDDSEITKEDDALWPPPDR.V,/core/www/modules/show_out/show_out_wrapper.php?run_id=110202&search_id=114132&scans_id=110198&peptide_id=20879&scanf=29074&charge=2&value=R.IIDDSEITKEDDALWPPPDR.V,MAGOH,6.377e+6,4.009,0.000,3.903,0.000
29075,3,"  2.412","  0.351",14/60,/core/www/modules//sdig/index.php?run_id=110202&search_id=114132&scans_id=110198&peptide_id=20880&scanf=29075&charge=3&value=14/60,sp|P33992|MCM5_HUMAN,/core/www/modules//consensus/?run_id=110202&search_id=114132&scans_id=110198&peptide_id=20880&scanf=29075&charge=3&value=sp|P33992|MCM5_HUMAN,1,/core/www/modules/match_peptides/blast_html4.php?run_id=110202&search_id=114132&scans_id=110198&peptide_id=20880&scanf=29075&charge=3&value=1,R.RGDINLLMLGDPGTAK.S,/core/www/modules/show_out/show_out_wrapper.php?run_id=110202&search_id=114132&scans_id=110198&peptide_id=20880&scanf=29075&charge=3&value=R.RGDINLLMLGDPGTAK.S,MCM5,1.212e+7,2.265,0.046,1.336,0.002
29077,2,"  1.941","  0.351",8/28,/core/www/modules//sdig/index.php?run_id=110202&search_id=114132&scans_id=110198&peptide_id=20882&scanf=29077&charge=2&value=8/28,sp|P17987|TCPA_HUMAN,/core/www/modules//consensus/?run_id=110202&search_id=114132&scans_id=110198&peptide_id=20882&scanf=29077&charge=2&value=sp|P17987|TCPA_HUMAN,3,/core/www/modules/match_peptides/blast_html4.php?run_id=110202&search_id=114132&scans_id=110198&peptide_id=20882&scanf=29077&charge=2&value=3,R.YINENLIVNTDELGR.D,/core/www/modules/show_out/show_out_wrapper.php?run_id=110202&search_id=114132&scans_id=110198&peptide_id=20882&scanf=29077&charge=2&value=R.YINENLIVNTDELGR.D,TCP1,1.542e+7,2.150,0.067,1.176,0.002
29080,2,"  2.674","  0.300",9/16,/core/www/modules//sdig/index.php?run_id=110202&search_id=114132&scans_id=110198&peptide_id=20886&scanf=29080&charge=2&value=9/16,sp|Q9Y4W2|LAS1L_HUMAN,/core/www/modules//consensus/?run_id=110202&search_id=114132&scans_id=110198&peptide_id=20886&scanf=29080&charge=2&value=sp|Q9Y4W2|LAS1L_HUMAN,6,/core/www/modules/match_peptides/blast_html4.php?run_id=110202&search_id=114132&scans_id=110198&peptide_id=20886&scanf=29080&charge=2&value=6,R.LLYGMALVR.F,/core/www/modules/show_out/show_out_wrapper.php?run_id=110202&search_id=114132&scans_id=110198&peptide_id=20886&scanf=29080&charge=2&value=R.LLYGMALVR.F,LAS1L,1.384e+7,2.487,0.022,1.655,0.001
29081,2,"  3.725","  0.705",16/26,/core/www/modules//sdig/index.php?run_id=110202&search_id=114132&scans_id=110198&peptide_id=20887&scanf=29081&charge=2&value=16/26,sp|P14618|KPYM_HUMAN,/core/www/modules//consensus/?run_id=110202&search_id=114132&scans_id=110198&peptide_id=20887&scanf=29081&charge=2&value=sp|P14618|KPYM_HUMAN,4,/core/www/modules/match_peptides/blast_html4.php?run_id=110202&search_id=114132&scans_id=110198&peptide_id=20887&scanf=29081&charge=2&value=4,K.DPVQEAWAEDVDLR.V,/core/www/modules/show_out/show_out_wrapper.php?run_id=110202&search_id=114132&scans_id=110198&peptide_id=20887&scanf=29081&charge=2&value=K.DPVQEAWAEDVDLR.V,PKM,9.541e+6,3.908,0.000,3.752,0.000
29083,3,"  2.714","  0.444",10/52,/core/www/modules//sdig/index.php?run_id=110202&search_id=114132&scans_id=110198&peptide_id=20889&scanf=29083&charge=3&value=10/52,sp|Q92784|DPF3_HUMAN,/core/www/modules//consensus/?run_id=110202&search_id=114132&scans_id=110198&peptide_id=20889&scanf=29083&charge=3&value=sp|Q92784|DPF3_HUMAN,1,/core/www/modules/match_peptides/blast_html4.php?run_id=110202&search_id=114132&scans_id=110198&peptide_id=20889&scanf=29083&charge=3&value=1,R.LLEIKPEVELPLKK.D,/core/www/modules/show_out/show_out_wrapper.php?run_id=110202&search_id=114132&scans_id=110198&peptide_id=20889&scanf=29083&charge=3&value=R.LLEIKPEVELPLKK.D,DPF3,2.601e+6,2.527,0.019,1.713,0.000
29085,2,"  3.349","  0.774",15/26,/core/www/modules//sdig/index.php?run_id=110202&search_id=114132&scans_id=110198&peptide_id=20890&scanf=29085&charge=2&value=15/26,sp|P19338|NUCL_HUMAN,/core/www/modules//consensus/?run_id=110202&search_id=114132&scans_id=110198&peptide_id=20890&scanf=29085&charge=2&value=sp|P19338|NUCL_HUMAN,6,/core/www/modules/match_peptides/blast_html4.php?run_id=110202&search_id=114132&scans_id=110198&peptide_id=20890&scanf=29085&charge=2&value=6,K.GFGFVDFNSEEDAK.A,/core/www/modules/show_out/show_out_wrapper.php?run_id=110202&search_id=114132&scans_id=110198&peptide_id=20890&scanf=29085&charge=2&value=K.GFGFVDFNSEEDAK.A,NCL,2.464e+8,4.260,0.000,4.275,0.000
29089,2,"  3.751","  0.663",21/36,/core/www/modules//sdig/index.php?run_id=110202&search_id=114132&scans_id=110198&peptide_id=20894&scanf=29089&charge=2&value=21/36,sp|Q9UQ35|SRRM2_HUMAN,/core/www/modules//consensus/?run_id=110202&search_id=114132&scans_id=110198&peptide_id=20894&scanf=29089&charge=2&value=sp|Q9UQ35|SRRM2_HUMAN,5,/core/www/modules/match_peptides/blast_html4.php?run_id=110202&search_id=114132&scans_id=110198&peptide_id=20894&scanf=29089&charge=2&value=5,R.AAFGISDSYVDGSSFDPQR.R,/core/www/modules/show_out/show_out_wrapper.php?run_id=110202&search_id=114132&scans_id=110198&peptide_id=20894&scanf=29089&charge=2&value=R.AAFGISDSYVDGSSFDPQR.R,SRRM2,6.257e+6,3.603,0.000,3.301,0.000
29090,3,"  3.115","  0.340",13/56,/core/www/modules//sdig/index.php?run_id=110202&search_id=114132&scans_id=110198&peptide_id=20896&scanf=29090&charge=3&value=13/56,sp|Q8ND90|PNMA1_HUMAN,/core/www/modules//consensus/?run_id=110202&search_id=114132&scans_id=110198&peptide_id=20896&scanf=29090&charge=3&value=sp|Q8ND90|PNMA1_HUMAN,0,/core/www/modules/match_peptides/blast_html4.php?run_id=110202&search_id=114132&scans_id=110198&peptide_id=20896&scanf=29090&charge=3&value=0,K.VLFKPPTSDAEFLER.L,/core/www/modules/show_out/show_out_wrapper.php?run_id=110202&search_id=114132&scans_id=110198&peptide_id=20896&scanf=29090&charge=3&value=K.VLFKPPTSDAEFLER.L,PNMA1,2.463e+6,2.472,0.023,1.634,0.001
29097,2,"  4.224","  0.625",15/28,/core/www/modules//sdig/index.php?run_id=110202&search_id=114132&scans_id=110198&peptide_id=20903&scanf=29097&charge=2&value=15/28,sp|Q15149|PLEC_HUMAN,/core/www/modules//consensus/?run_id=110202&search_id=114132&scans_id=110198&peptide_id=20903&scanf=29097&charge=2&value=sp|Q15149|PLEC_HUMAN,5,/core/www/modules/match_peptides/blast_html4.php?run_id=110202&search_id=114132&scans_id=110198&peptide_id=20903&scanf=29097&charge=2&value=5,R.LLDAQLATGGIVDPR.L,/core/www/modules/show_out/show_out_wrapper.php?run_id=110202&search_id=114132&scans_id=110198&peptide_id=20903&scanf=29097&charge=2&value=R.LLDAQLATGGIVDPR.L,PLEC,1.232e+7,4.048,0.000,3.961,0.000
29098,2,"  1.881","  0.396",9/22,/core/www/modules//sdig/index.php?run_id=110202&search_id=114132&scans_id=110198&peptide_id=20904&scanf=29098&charge=2&value=9/22,sp|P54136|SYRC_HUMAN,/core/www/modules//consensus/?run_id=110202&search_id=114132&scans_id=110198&peptide_id=20904&scanf=29098&charge=2&value=sp|P54136|SYRC_HUMAN,0,/core/www/modules/match_peptides/blast_html4.php?run_id=110202&search_id=114132&scans_id=110198&peptide_id=20904&scanf=29098&charge=2&value=0,K.GFDILGIKPVQR.M,/core/www/modules/show_out/show_out_wrapper.php?run_id=110202&search_id=114132&scans_id=110198&peptide_id=20904&scanf=29098&charge=2&value=K.GFDILGIKPVQR.M,RARS1,8.476e+6,2.582,0.016,1.794,0.000
29099,2,"  3.701","  0.629",12/28,/core/www/modules//sdig/index.php?run_id=110202&search_id=114132&scans_id=110198&peptide_id=20905&scanf=29099&charge=2&value=12/28,sp|P51991|ROA3_HUMAN,/core/www/modules//consensus/?run_id=110202&search_id=114132&scans_id=110198&peptide_id=20905&scanf=29099&charge=2&value=sp|P51991|ROA3_HUMAN,5,/core/www/modules/match_peptides/blast_html4.php?run_id=110202&search_id=114132&scans_id=110198&peptide_id=20905&scanf=29099&charge=2&value=5,R.GFAFVTFDDHDTVDK.I,/core/www/modules/show_out/show_out_wrapper.php?run_id=110202&search_id=114132&scans_id=110198&peptide_id=20905&scanf=29099&charge=2&value=R.GFAFVTFDDHDTVDK.I,HNRNPA3,2.905e+6,3.307,0.001,2.862,0.000
29100,2,"  2.776","  0.613",12/22,/core/www/modules//sdig/index.php?run_id=110202&search_id=114132&scans_id=110198&peptide_id=20906&scanf=29100&charge=2&value=12/22,sp|O43242|PSMD3_HUMAN,/core/www/modules//consensus/?run_id=110202&search_id=114132&scans_id=110198&peptide_id=20906&scanf=29100&charge=2&value=sp|O43242|PSMD3_HUMAN,0,/core/www/modules/match_peptides/blast_html4.php?run_id=110202&search_id=114132&scans_id=110198&peptide_id=20906&scanf=29100&charge=2&value=0,K.FQADGTYTLIIR.L,/core/www/modules/show_out/show_out_wrapper.php?run_id=110202&search_id=114132&scans_id=110198&peptide_id=20906&scanf=29100&charge=2&value=K.FQADGTYTLIIR.L,PSMD3,2.888e+6,3.485,0.001,3.126,0.000
29102,3,"  4.310","  0.470",14/64,/core/www/modules//sdig/index.php?run_id=110202&search_id=114132&scans_id=110198&peptide_id=20908&scanf=29102&charge=3&value=14/64,sp|Q6P1X5|TAF2_HUMAN,/core/www/modules//consensus/?run_id=110202&search_id=114132&scans_id=110198&peptide_id=20908&scanf=29102&charge=3&value=sp|Q6P1X5|TAF2_HUMAN,14,/core/www/modules/match_peptides/blast_html4.php?run_id=110202&search_id=114132&scans_id=110198&peptide_id=20908&scanf=29102&charge=3&value=14,K.GGLHFVVPSVEGSMAER.G,/core/www/modules/show_out/show_out_wrapper.php?run_id=110202&search_id=114132&scans_id=110198&peptide_id=20908&scanf=29102&charge=3&value=K.GGLHFVVPSVEGSMAER.G,TAF2,4.301e+6,2.897,0.006,2.256,0.000
29103,3,"  4.156","  0.460",14/56,/core/www/modules//sdig/index.php?run_id=110202&search_id=114132&scans_id=110198&peptide_id=20909&scanf=29103&charge=3&value=14/56,sp|Q2TAY7|SMU1_HUMAN,/core/www/modules//consensus/?run_id=110202&search_id=114132&scans_id=110198&peptide_id=20909&scanf=29103&charge=3&value=sp|Q2TAY7|SMU1_HUMAN,0,/core/www/modules/match_peptides/blast_html4.php?run_id=110202&search_id=114132&scans_id=110198&peptide_id=20909&scanf=29103&charge=3&value=0,K.DSSQILSASFDQTIR.I,/core/www/modules/show_out/show_out_wrapper.php?run_id=110202&search_id=114132&scans_id=110198&peptide_id=20909&scanf=29103&charge=3&value=K.DSSQILSASFDQTIR.I,SMU1,2.219e+6,2.970,0.004,2.364,0.000
29107,2,"  1.770","  0.185",10/16,/core/www/modules//sdig/index.php?run_id=110202&search_id=114132&scans_id=110198&peptide_id=20912&scanf=29107&charge=2&value=10/16,sp|O60814|H2B1K_HUMAN,/core/www/modules//consensus/?run_id=110202&search_id=114132&scans_id=110198&peptide_id=20912&scanf=29107&charge=2&value=sp|O60814|H2B1K_HUMAN,16,/core/www/modules/match_peptides/blast_html4.php?run_id=110202&search_id=114132&scans_id=110198&peptide_id=20912&scanf=29107&charge=2&value=16,R.LLLPGELAK.H,/core/www/modules/show_out/show_out_wrapper.php?run_id=110202&search_id=114132&scans_id=110198&peptide_id=20912&scanf=29107&charge=2&value=R.LLLPGELAK.H,H2BC12,4.487e+9,2.466,0.024,1.624,0.001
29108,2,"  2.191","  0.306",10/16,/core/www/modules//sdig/index.php?run_id=110202&search_id=114132&scans_id=110198&peptide_id=20913&scanf=29108&charge=2&value=10/16,sp|Q15149|PLEC_HUMAN,/core/www/modules//consensus/?run_id=110202&search_id=114132&scans_id=110198&peptide_id=20913&scanf=29108&charge=2&value=sp|Q15149|PLEC_HUMAN,5,/core/www/modules/match_peptides/blast_html4.php?run_id=110202&search_id=114132&scans_id=110198&peptide_id=20913&scanf=29108&charge=2&value=5,K.SLLAWQSLR.R,/core/www/modules/show_out/show_out_wrapper.php?run_id=110202&search_id=114132&scans_id=110198&peptide_id=20913&scanf=29108&charge=2&value=K.SLLAWQSLR.R,PLEC,1.394e+7,3.206,0.002,2.713,0.000
29109,3,"  5.173","  0.647",15/56,/core/www/modules//sdig/index.php?run_id=110202&search_id=114132&scans_id=110198&peptide_id=20914&scanf=29109&charge=3&value=15/56,sp|Q99873|ANM1_HUMAN,/core/www/modules//consensus/?run_id=110202&search_id=114132&scans_id=110198&peptide_id=20914&scanf=29109&charge=3&value=sp|Q99873|ANM1_HUMAN,3,/core/www/modules/match_peptides/blast_html4.php?run_id=110202&search_id=114132&scans_id=110198&peptide_id=20914&scanf=29109&charge=3&value=3,K.DVAIKEPLVDVVDPK.Q,/core/www/modules/show_out/show_out_wrapper.php?run_id=110202&search_id=114132&scans_id=110198&peptide_id=20914&scanf=29109&charge=3&value=K.DVAIKEPLVDVVDPK.Q,PRMT1,8.036e+7,3.357,0.001,2.937,0.000
29112,4,"  2.403","  0.324",17/78,/core/www/modules//sdig/index.php?run_id=110202&search_id=114132&scans_id=110198&peptide_id=20918&scanf=29112&charge=4&value=17/78,sp|Q92784|DPF3_HUMAN,/core/www/modules//consensus/?run_id=110202&search_id=114132&scans_id=110198&peptide_id=20918&scanf=29112&charge=4&value=sp|Q92784|DPF3_HUMAN,1,/core/www/modules/match_peptides/blast_html4.php?run_id=110202&search_id=114132&scans_id=110198&peptide_id=20918&scanf=29112&charge=4&value=1,R.LLEIKPEVELPLKK.D,/core/www/modules/show_out/show_out_wrapper.php?run_id=110202&search_id=114132&scans_id=110198&peptide_id=20918&scanf=29112&charge=4&value=R.LLEIKPEVELPLKK.D,DPF3,3.948e+6,2.610,0.015,1.835,0.000
29113,3,"  2.550","  0.345",13/44,/core/www/modules//sdig/index.php?run_id=110202&search_id=114132&scans_id=110198&peptide_id=20919&scanf=29113&charge=3&value=13/44,sp|Q14692|BMS1_HUMAN,/core/www/modules//consensus/?run_id=110202&search_id=114132&scans_id=110198&peptide_id=20919&scanf=29113&charge=3&value=sp|Q14692|BMS1_HUMAN,0,/core/www/modules/match_peptides/blast_html4.php?run_id=110202&search_id=114132&scans_id=110198&peptide_id=20919&scanf=29113&charge=3&value=0,K.IMGVLTHLDSFK.H,/core/www/modules/show_out/show_out_wrapper.php?run_id=110202&search_id=114132&scans_id=110198&peptide_id=20919&scanf=29113&charge=3&value=K.IMGVLTHLDSFK.H,BMS1,1.234e+7,2.741,0.009,2.027,0.000
29116,2,"  2.347","  0.423",9/26,/core/www/modules//sdig/index.php?run_id=110202&search_id=114132&scans_id=110198&peptide_id=20922&scanf=29116&charge=2&value=9/26,sp|P61964|WDR5_HUMAN,/core/www/modules//consensus/?run_id=110202&search_id=114132&scans_id=110198&peptide_id=20922&scanf=29116&charge=2&value=sp|P61964|WDR5_HUMAN,0,/core/www/modules/match_peptides/blast_html4.php?run_id=110202&search_id=114132&scans_id=110198&peptide_id=20922&scanf=29116&charge=2&value=0,K.TLIDDDNPPVSFVK.F,/core/www/modules/show_out/show_out_wrapper.php?run_id=110202&search_id=114132&scans_id=110198&peptide_id=20922&scanf=29116&charge=2&value=K.TLIDDDNPPVSFVK.F,WDR5,6.672e+6,2.374,0.032,1.492,0.001
29117,3,"  4.346","  0.465",12/64,/core/www/modules//sdig/index.php?run_id=110202&search_id=114132&scans_id=110198&peptide_id=20923&scanf=29117&charge=3&value=12/64,sp|Q10567|AP1B1_HUMAN,/core/www/modules//consensus/?run_id=110202&search_id=114132&scans_id=110198&peptide_id=20923&scanf=29117&charge=3&value=sp|Q10567|AP1B1_HUMAN,0,/core/www/modules/match_peptides/blast_html4.php?run_id=110202&search_id=114132&scans_id=110198&peptide_id=20923&scanf=29117&charge=3&value=0,R.APEVSQHVYQAYETILK.N,/core/www/modules/show_out/show_out_wrapper.php?run_id=110202&search_id=114132&scans_id=110198&peptide_id=20923&scanf=29117&charge=3&value=R.APEVSQHVYQAYETILK.N,AP1B1,2.670e+6,2.675,0.012,1.929,0.000
29118,2,"  2.874","  0.451",11/30,/core/www/modules//sdig/index.php?run_id=110202&search_id=114132&scans_id=110198&peptide_id=20924&scanf=29118&charge=2&value=11/30,sp|Q9NZM1|MYOF_HUMAN,/core/www/modules//consensus/?run_id=110202&search_id=114132&scans_id=110198&peptide_id=20924&scanf=29118&charge=2&value=sp|Q9NZM1|MYOF_HUMAN,0,/core/www/modules/match_peptides/blast_html4.php?run_id=110202&search_id=114132&scans_id=110198&peptide_id=20924&scanf=29118&charge=2&value=0,K.VSMFVLGTGDEPPPER.R,/core/www/modules/show_out/show_out_wrapper.php?run_id=110202&search_id=114132&scans_id=110198&peptide_id=20924&scanf=29118&charge=2&value=K.VSMFVLGTGDEPPPER.R,MYOF,2.980e+6,2.242,0.050,1.304,0.002
29121,3,"  3.719","  0.580",13/44,/core/www/modules//sdig/index.php?run_id=110202&search_id=114132&scans_id=110198&peptide_id=20928&scanf=29121&charge=3&value=13/44,sp|Q9Y4A5|TRRAP_HUMAN,/core/www/modules//consensus/?run_id=110202&search_id=114132&scans_id=110198&peptide_id=20928&scanf=29121&charge=3&value=sp|Q9Y4A5|TRRAP_HUMAN,2,/core/www/modules/match_peptides/blast_html4.php?run_id=110202&search_id=114132&scans_id=110198&peptide_id=20928&scanf=29121&charge=3&value=2,R.LFTMDLNVVEHK.V,/core/www/modules/show_out/show_out_wrapper.php?run_id=110202&search_id=114132&scans_id=110198&peptide_id=20928&scanf=29121&charge=3&value=R.LFTMDLNVVEHK.V,TRRAP,3.677e+6,3.576,0.001,3.260,0.000
29125,2,"  1.559","  0.243",8/18,/core/www/modules//sdig/index.php?run_id=110202&search_id=114132&scans_id=110198&peptide_id=20932&scanf=29125&charge=2&value=8/18,sp|P29375|KDM5A_HUMAN,/core/www/modules//consensus/?run_id=110202&search_id=114132&scans_id=110198&peptide_id=20932&scanf=29125&charge=2&value=sp|P29375|KDM5A_HUMAN,0,/core/www/modules/match_peptides/blast_html4.php?run_id=110202&search_id=114132&scans_id=110198&peptide_id=20932&scanf=29125&charge=2&value=0,R.DTAMVVAVFK.E,/core/www/modules/show_out/show_out_wrapper.php?run_id=110202&search_id=114132&scans_id=110198&peptide_id=20932&scanf=29125&charge=2&value=R.DTAMVVAVFK.E,KDM5A,2.110e+6,2.136,0.070,1.156,0.002
29127,3,"  5.637","  0.678",14/76,/core/www/modules//sdig/index.php?run_id=110202&search_id=114132&scans_id=110198&peptide_id=20933&scanf=29127&charge=3&value=14/76,sp|P25205|MCM3_HUMAN,/core/www/modules//consensus/?run_id=110202&search_id=114132&scans_id=110198&peptide_id=20933&scanf=29127&charge=3&value=sp|P25205|MCM3_HUMAN,3,/core/www/modules/match_peptides/blast_html4.php?run_id=110202&search_id=114132&scans_id=110198&peptide_id=20933&scanf=29127&charge=3&value=3,K.IIKPVLTQESATYIAEEYSR.L,/core/www/modules/show_out/show_out_wrapper.php?run_id=110202&search_id=114132&scans_id=110198&peptide_id=20933&scanf=29127&charge=3&value=K.IIKPVLTQESATYIAEEYSR.L,MCM3,1.028e+7,3.458,0.001,3.087,0.000
29129,2,"  3.297","  0.481",13/24,/core/www/modules//sdig/index.php?run_id=110202&search_id=114132&scans_id=110198&peptide_id=20935&scanf=29129&charge=2&value=13/24,sp|P49750|YLPM1_HUMAN,/core/www/modules//consensus/?run_id=110202&search_id=114132&scans_id=110198&peptide_id=20935&scanf=29129&charge=2&value=sp|P49750|YLPM1_HUMAN,1,/core/www/modules/match_peptides/blast_html4.php?run_id=110202&search_id=114132&scans_id=110198&peptide_id=20935&scanf=29129&charge=2&value=1,R.AIGFVVGQTDWEK.I,/core/www/modules/show_out/show_out_wrapper.php?run_id=110202&search_id=114132&scans_id=110198&peptide_id=20935&scanf=29129&charge=2&value=R.AIGFVVGQTDWEK.I,YLPM1,6.412e+6,2.990,0.004,2.393,0.000
29130,2,"  4.137","  0.521",17/24,/core/www/modules//sdig/index.php?run_id=110202&search_id=114132&scans_id=110198&peptide_id=20937&scanf=29130&charge=2&value=17/24,sp|O75643|U520_HUMAN,/core/www/modules//consensus/?run_id=110202&search_id=114132&scans_id=110198&peptide_id=20937&scanf=29130&charge=2&value=sp|O75643|U520_HUMAN,0,/core/www/modules/match_peptides/blast_html4.php?run_id=110202&search_id=114132&scans_id=110198&peptide_id=20937&scanf=29130&charge=2&value=0,R.YPNIELSYEVVDK.D,/core/www/modules/show_out/show_out_wrapper.php?run_id=110202&search_id=114132&scans_id=110198&peptide_id=20937&scanf=29130&charge=2&value=R.YPNIELSYEVVDK.D,SNRNP200,2.710e+6,3.729,0.000,3.487,0.000
29132,4,"  3.377","  0.496",14/108,/core/www/modules//sdig/index.php?run_id=110202&search_id=114132&scans_id=110198&peptide_id=20939&scanf=29132&charge=4&value=14/108,sp|P07195|LDHB_HUMAN,/core/www/modules//consensus/?run_id=110202&search_id=114132&scans_id=110198&peptide_id=20939&scanf=29132&charge=4&value=sp|P07195|LDHB_HUMAN,5,/core/www/modules/match_peptides/blast_html4.php?run_id=110202&search_id=114132&scans_id=110198&peptide_id=20939&scanf=29132&charge=4&value=5,K.LKGEMMDLQHGSLFLQTPK.I,/core/www/modules/show_out/show_out_wrapper.php?run_id=110202&search_id=114132&scans_id=110198&peptide_id=20939&scanf=29132&charge=4&value=K.LKGEMMDLQHGSLFLQTPK.I,LDHB,6.190e+6,2.953,0.005,2.339,0.000
29137,3,"  5.033","  0.588",18/56,/core/www/modules//sdig/index.php?run_id=110202&search_id=114132&scans_id=110198&peptide_id=20944&scanf=29137&charge=3&value=18/56,sp|Q9BR76|COR1B_HUMAN,/core/www/modules//consensus/?run_id=110202&search_id=114132&scans_id=110198&peptide_id=20944&scanf=29137&charge=3&value=sp|Q9BR76|COR1B_HUMAN,0,/core/www/modules/match_peptides/blast_html4.php?run_id=110202&search_id=114132&scans_id=110198&peptide_id=20944&scanf=29137&charge=3&value=0,R.AGEAGKLEEVMQELR.A,/core/www/modules/show_out/show_out_wrapper.php?run_id=110202&search_id=114132&scans_id=110198&peptide_id=20944&scanf=29137&charge=3&value=R.AGEAGKLEEVMQELR.A,CORO1B,2.804e+7,3.325,0.001,2.888,0.000
29143,2,"  2.608","  0.460",9/18,/core/www/modules//sdig/index.php?run_id=110202&search_id=114132&scans_id=110198&peptide_id=20951&scanf=29143&charge=2&value=9/18,sp|Q9Y6M1|IF2B2_HUMAN,/core/www/modules//consensus/?run_id=110202&search_id=114132&scans_id=110198&peptide_id=20951&scanf=29143&charge=2&value=sp|Q9Y6M1|IF2B2_HUMAN,1,/core/www/modules/match_peptides/blast_html4.php?run_id=110202&search_id=114132&scans_id=110198&peptide_id=20951&scanf=29143&charge=2&value=1,K.LPLAGQVLLK.S,/core/www/modules/show_out/show_out_wrapper.php?run_id=110202&search_id=114132&scans_id=110198&peptide_id=20951&scanf=29143&charge=2&value=K.LPLAGQVLLK.S,IGF2BP2,2.678e+6,3.053,0.003,2.486,0.000
29145,2,"  3.132","  0.623",17/30,/core/www/modules//sdig/index.php?run_id=110202&search_id=114132&scans_id=110198&peptide_id=20953&scanf=29145&charge=2&value=17/30,sp|Q29RF7|PDS5A_HUMAN,/core/www/modules//consensus/?run_id=110202&search_id=114132&scans_id=110198&peptide_id=20953&scanf=29145&charge=2&value=sp|Q29RF7|PDS5A_HUMAN,1,/core/www/modules/match_peptides/blast_html4.php?run_id=110202&search_id=114132&scans_id=110198&peptide_id=20953&scanf=29145&charge=2&value=1,K.IFAQYLVPHNLETEER.M,/core/www/modules/show_out/show_out_wrapper.php?run_id=110202&search_id=114132&scans_id=110198&peptide_id=20953&scanf=29145&charge=2&value=K.IFAQYLVPHNLETEER.M,PDS5A,2.550e+6,3.555,0.001,3.229,0.000
29148,3,"  4.310","  0.568",20/64,/core/www/modules//sdig/index.php?run_id=110202&search_id=114132&scans_id=110198&peptide_id=20955&scanf=29148&charge=3&value=20/64,sp|Q8N8A6|DDX51_HUMAN,/core/www/modules//consensus/?run_id=110202&search_id=114132&scans_id=110198&peptide_id=20955&scanf=29148&charge=3&value=sp|Q8N8A6|DDX51_HUMAN,0,/core/www/modules/match_peptides/blast_html4.php?run_id=110202&search_id=114132&scans_id=110198&peptide_id=20955&scanf=29148&charge=3&value=0,R.LVDHIDQTPGFSLQQLR.F,/core/www/modules/show_out/show_out_wrapper.php?run_id=110202&search_id=114132&scans_id=110198&peptide_id=20955&scanf=29148&charge=3&value=R.LVDHIDQTPGFSLQQLR.F,DDX51,1.380e+7,3.270,0.002,2.807,0.000
29149,3,"  4.680","  0.661",16/68,/core/www/modules//sdig/index.php?run_id=110202&search_id=114132&scans_id=110198&peptide_id=20956&scanf=29149&charge=3&value=16/68,sp|P11142|HSP7C_HUMAN,/core/www/modules//consensus/?run_id=110202&search_id=114132&scans_id=110198&peptide_id=20956&scanf=29149&charge=3&value=sp|P11142|HSP7C_HUMAN,6,/core/www/modules/match_peptides/blast_html4.php?run_id=110202&search_id=114132&scans_id=110198&peptide_id=20956&scanf=29149&charge=3&value=6,K.TVTNAVVTVPAYFNDSQR.Q,/core/www/modules/show_out/show_out_wrapper.php?run_id=110202&search_id=114132&scans_id=110198&peptide_id=20956&scanf=29149&charge=3&value=K.TVTNAVVTVPAYFNDSQR.Q,HSPA8,2.223e+7,3.619,0.000,3.324,0.000
29150,3,"  3.302","  0.540",18/64,/core/www/modules//sdig/index.php?run_id=110202&search_id=114132&scans_id=110198&peptide_id=20958&scanf=29150&charge=3&value=18/64,sp|Q92797|SYMPK_HUMAN,/core/www/modules//consensus/?run_id=110202&search_id=114132&scans_id=110198&peptide_id=20958&scanf=29150&charge=3&value=sp|Q92797|SYMPK_HUMAN,2,/core/www/modules/match_peptides/blast_html4.php?run_id=110202&search_id=114132&scans_id=110198&peptide_id=20958&scanf=29150&charge=3&value=2,R.LSDVLKPLTDAQVEAMK.L,/core/www/modules/show_out/show_out_wrapper.php?run_id=110202&search_id=114132&scans_id=110198&peptide_id=20958&scanf=29150&charge=3&value=R.LSDVLKPLTDAQVEAMK.L,SYMPK,2.935e+7,3.294,0.001,2.843,0.000
29152,3,"  6.035","  0.549",22/60,/core/www/modules//sdig/index.php?run_id=110202&search_id=114132&scans_id=110198&peptide_id=20960&scanf=29152&charge=3&value=22/60,sp|Q9P2J5|SYLC_HUMAN,/core/www/modules//consensus/?run_id=110202&search_id=114132&scans_id=110198&peptide_id=20960&scanf=29152&charge=3&value=sp|Q9P2J5|SYLC_HUMAN,7,/core/www/modules/match_peptides/blast_html4.php?run_id=110202&search_id=114132&scans_id=110198&peptide_id=20960&scanf=29152&charge=3&value=7,K.TPISEHAVFNVDLMSK.K,/core/www/modules/show_out/show_out_wrapper.php?run_id=110202&search_id=114132&scans_id=110198&peptide_id=20960&scanf=29152&charge=3&value=K.TPISEHAVFNVDLMSK.K,LARS1,7.729e+6,3.587,0.001,3.277,0.000
29153,3,"  2.165","  0.283",18/56,/core/www/modules//sdig/index.php?run_id=110202&search_id=114132&scans_id=110198&peptide_id=20961&scanf=29153&charge=3&value=18/56,sp|P53621|COPA_HUMAN,/core/www/modules//consensus/?run_id=110202&search_id=114132&scans_id=110198&peptide_id=20961&scanf=29153&charge=3&value=sp|P53621|COPA_HUMAN,4,/core/www/modules/match_peptides/blast_html4.php?run_id=110202&search_id=114132&scans_id=110198&peptide_id=20961&scanf=29153&charge=3&value=4,R.VTTVTEIGKDVIGLR.I,/core/www/modules/show_out/show_out_wrapper.php?run_id=110202&search_id=114132&scans_id=110198&peptide_id=20961&scanf=29153&charge=3&value=R.VTTVTEIGKDVIGLR.I,COPA,7.957e+6,2.238,0.050,1.299,0.002
29156,2,"  3.803","  0.452",14/36,/core/www/modules//sdig/index.php?run_id=110202&search_id=114132&scans_id=110198&peptide_id=20964&scanf=29156&charge=2&value=14/36,sp|Q9Y6D9|MD1L1_HUMAN,/core/www/modules//consensus/?run_id=110202&search_id=114132&scans_id=110198&peptide_id=20964&scanf=29156&charge=2&value=sp|Q9Y6D9|MD1L1_HUMAN,1,/core/www/modules/match_peptides/blast_html4.php?run_id=110202&search_id=114132&scans_id=110198&peptide_id=20964&scanf=29156&charge=2&value=1,R.GGTVPADLEAAAASLPSSK.E,/core/www/modules/show_out/show_out_wrapper.php?run_id=110202&search_id=114132&scans_id=110198&peptide_id=20964&scanf=29156&charge=2&value=R.GGTVPADLEAAAASLPSSK.E,MAD1L1,3.782e+6,2.544,0.018,1.738,0.000
29157,3,"  3.011","  0.450",13/40,/core/www/modules//sdig/index.php?run_id=110202&search_id=114132&scans_id=110198&peptide_id=20965&scanf=29157&charge=3&value=13/40,sp|Q01082|SPTB2_HUMAN,/core/www/modules//consensus/?run_id=110202&search_id=114132&scans_id=110198&peptide_id=20965&scanf=29157&charge=3&value=sp|Q01082|SPTB2_HUMAN,2,/core/www/modules/match_peptides/blast_html4.php?run_id=110202&search_id=114132&scans_id=110198&peptide_id=20965&scanf=29157&charge=3&value=2,K.HLLGVEDLLQK.H,/core/www/modules/show_out/show_out_wrapper.php?run_id=110202&search_id=114132&scans_id=110198&peptide_id=20965&scanf=29157&charge=3&value=K.HLLGVEDLLQK.H,SPTBN1,5.813e+6,3.303,0.001,2.857,0.000
29161,2,"  2.329","  0.255",11/28,/core/www/modules//sdig/index.php?run_id=110202&search_id=114132&scans_id=110198&peptide_id=20970&scanf=29161&charge=2&value=11/28,sp|Q96I99|SUCB2_HUMAN,/core/www/modules//consensus/?run_id=110202&search_id=114132&scans_id=110198&peptide_id=20970&scanf=29161&charge=2&value=sp|Q96I99|SUCB2_HUMAN,1,/core/www/modules/match_peptides/blast_html4.php?run_id=110202&search_id=114132&scans_id=110198&peptide_id=20970&scanf=29161&charge=2&value=1,R.FFVADTANEALEAAK.R,/core/www/modules/show_out/show_out_wrapper.php?run_id=110202&search_id=114132&scans_id=110198&peptide_id=20970&scanf=29161&charge=2&value=R.FFVADTANEALEAAK.R,SUCLG2,7.022e+6,1.920,0.136,0.868,0.007
29162,3,"  3.059","  0.430",12/72,/core/www/modules//sdig/index.php?run_id=110202&search_id=114132&scans_id=110198&peptide_id=20971&scanf=29162&charge=3&value=12/72,sp|Q9Y2W1|TR150_HUMAN,/core/www/modules//consensus/?run_id=110202&search_id=114132&scans_id=110198&peptide_id=20971&scanf=29162&charge=3&value=sp|Q9Y2W1|TR150_HUMAN,1,/core/www/modules/match_peptides/blast_html4.php?run_id=110202&search_id=114132&scans_id=110198&peptide_id=20971&scanf=29162&charge=3&value=1,R.MDSFDEDLARPSGLLAQER.K,/core/www/modules/show_out/show_out_wrapper.php?run_id=110202&search_id=114132&scans_id=110198&peptide_id=20971&scanf=29162&charge=3&value=R.MDSFDEDLARPSGLLAQER.K,THRAP3,5.738e+6,2.592,0.016,1.808,0.000
29164,4,"  5.889","  0.611",21/108,/core/www/modules//sdig/index.php?run_id=110202&search_id=114132&scans_id=110198&peptide_id=20973&scanf=29164&charge=4&value=21/108,sp|P30876|RPB2_HUMAN,/core/www/modules//consensus/?run_id=110202&search_id=114132&scans_id=110198&peptide_id=20973&scanf=29164&charge=4&value=sp|P30876|RPB2_HUMAN,2,/core/www/modules/match_peptides/blast_html4.php?run_id=110202&search_id=114132&scans_id=110198&peptide_id=20973&scanf=29164&charge=4&value=2,R.MDTLAHVLYYPQKPLVTTR.S,/core/www/modules/show_out/show_out_wrapper.php?run_id=110202&search_id=114132&scans_id=110198&peptide_id=20973&scanf=29164&charge=4&value=R.MDTLAHVLYYPQKPLVTTR.S,POLR2B,7.001e+6,3.839,0.000,3.651,0.000
29165,2,"  5.165","  0.399",16/40,/core/www/modules//sdig/index.php?run_id=110202&search_id=114132&scans_id=110198&peptide_id=20974&scanf=29165&charge=2&value=16/40,tr|A0A0A0MQW0|A0A0A0MQW0_HUMAN,/core/www/modules//consensus/?run_id=110202&search_id=114132&scans_id=110198&peptide_id=20974&scanf=29165&charge=2&value=tr|A0A0A0MQW0|A0A0A0MQW0_HUMAN,2,/core/www/modules/match_peptides/blast_html4.php?run_id=110202&search_id=114132&scans_id=110198&peptide_id=20974&scanf=29165&charge=2&value=2,R.LGGGMGSMNSVTGGMGMGLDR.M,/core/www/modules/show_out/show_out_wrapper.php?run_id=110202&search_id=114132&scans_id=110198&peptide_id=20974&scanf=29165&charge=2&value=R.LGGGMGSMNSVTGGMGMGLDR.M,MYEF2,2.436e+6,2.358,0.034,1.469,0.001
29166,2,"  1.860","  0.316",9/14,/core/www/modules//sdig/index.php?run_id=110202&search_id=114132&scans_id=110198&peptide_id=20975&scanf=29166&charge=2&value=9/14,sp|P49916|DNLI3_HUMAN,/core/www/modules//consensus/?run_id=110202&search_id=114132&scans_id=110198&peptide_id=20975&scanf=29166&charge=2&value=sp|P49916|DNLI3_HUMAN,2,/core/www/modules/match_peptides/blast_html4.php?run_id=110202&search_id=114132&scans_id=110198&peptide_id=20975&scanf=29166&charge=2&value=2,K.LLLPGVIK.T,/core/www/modules/show_out/show_out_wrapper.php?run_id=110202&search_id=114132&scans_id=110198&peptide_id=20975&scanf=29166&charge=2&value=K.LLLPGVIK.T,LIG3,1.829e+7,2.799,0.008,2.112,0.000
29167,2,"  2.166","  0.229",10/18,/core/www/modules//sdig/index.php?run_id=110202&search_id=114132&scans_id=110198&peptide_id=20976&scanf=29167&charge=2&value=10/18,sp|P49959|MRE11_HUMAN,/core/www/modules//consensus/?run_id=110202&search_id=114132&scans_id=110198&peptide_id=20976&scanf=29167&charge=2&value=sp|P49959|MRE11_HUMAN,2,/core/www/modules/match_peptides/blast_html4.php?run_id=110202&search_id=114132&scans_id=110198&peptide_id=20976&scanf=29167&charge=2&value=2,K.IDISPVLLQK.G,/core/www/modules/show_out/show_out_wrapper.php?run_id=110202&search_id=114132&scans_id=110198&peptide_id=20976&scanf=29167&charge=2&value=K.IDISPVLLQK.G,MRE11,1.718e+7,2.318,0.039,1.412,0.001
29170,3,"  3.281","  0.463",12/56,/core/www/modules//sdig/index.php?run_id=110202&search_id=114132&scans_id=110198&peptide_id=20978&scanf=29170&charge=3&value=12/56,sp|P09651|ROA1_HUMAN,/core/www/modules//consensus/?run_id=110202&search_id=114132&scans_id=110198&peptide_id=20978&scanf=29170&charge=3&value=sp|P09651|ROA1_HUMAN,11,/core/www/modules/match_peptides/blast_html4.php?run_id=110202&search_id=114132&scans_id=110198&peptide_id=20978&scanf=29170&charge=3&value=11,R.GFAFVTFDDHDSVDK.I,/core/www/modules/show_out/show_out_wrapper.php?run_id=110202&search_id=114132&scans_id=110198&peptide_id=20978&scanf=29170&charge=3&value=R.GFAFVTFDDHDSVDK.I,HNRNPA1,5.015e+8,2.970,0.004,2.363,0.000
29171,4,"  2.192","  0.372",16/102,/core/www/modules//sdig/index.php?run_id=110202&search_id=114132&scans_id=110198&peptide_id=20979&scanf=29171&charge=4&value=16/102,sp|P62826|RAN_HUMAN,/core/www/modules//consensus/?run_id=110202&search_id=114132&scans_id=110198&peptide_id=20979&scanf=29171&charge=4&value=sp|P62826|RAN_HUMAN,4,/core/www/modules/match_peptides/blast_html4.php?run_id=110202&search_id=114132&scans_id=110198&peptide_id=20979&scanf=29171&charge=4&value=4,K.YVATLGVEVHPLVFHTNR.G,/core/www/modules/show_out/show_out_wrapper.php?run_id=110202&search_id=114132&scans_id=110198&peptide_id=20979&scanf=29171&charge=4&value=K.YVATLGVEVHPLVFHTNR.G,RAN,1.371e+7,2.805,0.008,2.120,0.000
29173,2,"  1.766","  0.322",9/20,/core/www/modules//sdig/index.php?run_id=110202&search_id=114132&scans_id=110198&peptide_id=20981&scanf=29173&charge=2&value=9/20,sp|Q86U86|PB1_HUMAN,/core/www/modules//consensus/?run_id=110202&search_id=114132&scans_id=110198&peptide_id=20981&scanf=29173&charge=2&value=sp|Q86U86|PB1_HUMAN,2,/core/www/modules/match_peptides/blast_html4.php?run_id=110202&search_id=114132&scans_id=110198&peptide_id=20981&scanf=29173&charge=2&value=2,R.SELPDYYLTIK.K,/core/www/modules/show_out/show_out_wrapper.php?run_id=110202&search_id=114132&scans_id=110198&peptide_id=20981&scanf=29173&charge=2&value=R.SELPDYYLTIK.K,PBRM1,7.828e+6,2.447,0.025,1.598,0.001
29175,2,"  2.608","  0.495",10/20,/core/www/modules//sdig/index.php?run_id=110202&search_id=114132&scans_id=110198&peptide_id=20983&scanf=29175&charge=2&value=10/20,sp|P11940|PABP1_HUMAN,/core/www/modules//consensus/?run_id=110202&search_id=114132&scans_id=110198&peptide_id=20983&scanf=29175&charge=2&value=sp|P11940|PABP1_HUMAN,18,/core/www/modules/match_peptides/blast_html4.php?run_id=110202&search_id=114132&scans_id=110198&peptide_id=20983&scanf=29175&charge=2&value=18,K.FSPAGPILSIR.V,/core/www/modules/show_out/show_out_wrapper.php?run_id=110202&search_id=114132&scans_id=110198&peptide_id=20983&scanf=29175&charge=2&value=K.FSPAGPILSIR.V,PABPC1,2.483e+7,3.119,0.003,2.585,0.000
29176,3,"  2.562","  0.290",11/52,/core/www/modules//sdig/index.php?run_id=110202&search_id=114132&scans_id=110198&peptide_id=20984&scanf=29176&charge=3&value=11/52,sp|O14773|TPP1_HUMAN,/core/www/modules//consensus/?run_id=110202&search_id=114132&scans_id=110198&peptide_id=20984&scanf=29176&charge=3&value=sp|O14773|TPP1_HUMAN,4,/core/www/modules/match_peptides/blast_html4.php?run_id=110202&search_id=114132&scans_id=110198&peptide_id=20984&scanf=29176&charge=3&value=4,R.ILSGRPPLGFLNPR.L,/core/www/modules/show_out/show_out_wrapper.php?run_id=110202&search_id=114132&scans_id=110198&peptide_id=20984&scanf=29176&charge=3&value=R.ILSGRPPLGFLNPR.L,TPP1,5.177e+6,2.288,0.043,1.370,0.001
29177,2,"  2.440","  0.320",10/16,/core/www/modules//sdig/index.php?run_id=110202&search_id=114132&scans_id=110198&peptide_id=20985&scanf=29177&charge=2&value=10/16,sp|P21333|FLNA_HUMAN,/core/www/modules//consensus/?run_id=110202&search_id=114132&scans_id=110198&peptide_id=20985&scanf=29177&charge=2&value=sp|P21333|FLNA_HUMAN,2,/core/www/modules/match_peptides/blast_html4.php?run_id=110202&search_id=114132&scans_id=110198&peptide_id=20985&scanf=29177&charge=2&value=2,R.LYSVSYLLK.D,/core/www/modules/show_out/show_out_wrapper.php?run_id=110202&search_id=114132&scans_id=110198&peptide_id=20985&scanf=29177&charge=2&value=R.LYSVSYLLK.D,FLNA,2.211e+7,2.854,0.006,2.192,0.000
29178,3,"  4.241","  0.527",22/80,/core/www/modules//sdig/index.php?run_id=110202&search_id=114132&scans_id=110198&peptide_id=20986&scanf=29178&charge=3&value=22/80,sp|Q15477|SKI2_HUMAN,/core/www/modules//consensus/?run_id=110202&search_id=114132&scans_id=110198&peptide_id=20986&scanf=29178&charge=3&value=sp|Q15477|SKI2_HUMAN,6,/core/www/modules/match_peptides/blast_html4.php?run_id=110202&search_id=114132&scans_id=110198&peptide_id=20986&scanf=29178&charge=3&value=6,R.LAQAHPAGPPTLDPVNDLQLK.D,/core/www/modules/show_out/show_out_wrapper.php?run_id=110202&search_id=114132&scans_id=110198&peptide_id=20986&scanf=29178&charge=3&value=R.LAQAHPAGPPTLDPVNDLQLK.D,SKIC2,2.455e+6,2.950,0.005,2.334,0.000
29184,2,"  4.426","  0.627",17/28,/core/www/modules//sdig/index.php?run_id=110202&search_id=114132&scans_id=110198&peptide_id=20993&scanf=29184&charge=2&value=17/28,sp|Q15084|PDIA6_HUMAN,/core/www/modules//consensus/?run_id=110202&search_id=114132&scans_id=110198&peptide_id=20993&scanf=29184&charge=2&value=sp|Q15084|PDIA6_HUMAN,0,/core/www/modules/match_peptides/blast_html4.php?run_id=110202&search_id=114132&scans_id=110198&peptide_id=20993&scanf=29184&charge=2&value=0,K.LAAVDATVNQVLASR.Y,/core/www/modules/show_out/show_out_wrapper.php?run_id=110202&search_id=114132&scans_id=110198&peptide_id=20993&scanf=29184&charge=2&value=K.LAAVDATVNQVLASR.Y,PDIA6,7.857e+7,3.629,0.000,3.339,0.000
29190,2,"  5.545","  0.752",22/34,/core/www/modules//sdig/index.php?run_id=110202&search_id=114132&scans_id=110198&peptide_id=20999&scanf=29190&charge=2&value=22/34,sp|P62263|RS14_HUMAN,/core/www/modules//consensus/?run_id=110202&search_id=114132&scans_id=110198&peptide_id=20999&scanf=29190&charge=2&value=sp|P62263|RS14_HUMAN,2,/core/www/modules/match_peptides/blast_html4.php?run_id=110202&search_id=114132&scans_id=110198&peptide_id=20999&scanf=29190&charge=2&value=2,R.DESSPYAAMLAAQDVAQR.C,/core/www/modules/show_out/show_out_wrapper.php?run_id=110202&search_id=114132&scans_id=110198&peptide_id=20999&scanf=29190&charge=2&value=R.DESSPYAAMLAAQDVAQR.C,RPS14,1.033e+7,4.059,0.000,3.976,0.000
29194,2,"  3.821","  0.582",17/30,/core/www/modules//sdig/index.php?run_id=110202&search_id=114132&scans_id=110198&peptide_id=21003&scanf=29194&charge=2&value=17/30,sp|Q9UHX1|PUF60_HUMAN,/core/www/modules//consensus/?run_id=110202&search_id=114132&scans_id=110198&peptide_id=21003&scanf=29194&charge=2&value=sp|Q9UHX1|PUF60_HUMAN,11,/core/www/modules/match_peptides/blast_html4.php?run_id=110202&search_id=114132&scans_id=110198&peptide_id=21003&scanf=29194&charge=2&value=11,K.LGLPPLTPEQQEALQK.A,/core/www/modules/show_out/show_out_wrapper.php?run_id=110202&search_id=114132&scans_id=110198&peptide_id=21003&scanf=29194&charge=2&value=K.LGLPPLTPEQQEALQK.A,PUF60,1.228e+7,3.389,0.001,2.984,0.000
29197,3,"  4.009","  0.241",12/76,/core/www/modules//sdig/index.php?run_id=110202&search_id=114132&scans_id=110198&peptide_id=21006&scanf=29197&charge=3&value=12/76,sp|Q8NFD5|ARI1B_HUMAN,/core/www/modules//consensus/?run_id=110202&search_id=114132&scans_id=110198&peptide_id=21006&scanf=29197&charge=3&value=sp|Q8NFD5|ARI1B_HUMAN,8,/core/www/modules/match_peptides/blast_html4.php?run_id=110202&search_id=114132&scans_id=110198&peptide_id=21006&scanf=29197&charge=3&value=8,R.SSTISVHDPFSDVSDSSFPK.R,/core/www/modules/show_out/show_out_wrapper.php?run_id=110202&search_id=114132&scans_id=110198&peptide_id=21006&scanf=29197&charge=3&value=R.SSTISVHDPFSDVSDSSFPK.R,ARID1B,4.632e+6,1.922,0.135,0.871,0.007
29198,2,"  1.970","  0.550",9/18,/core/www/modules//sdig/index.php?run_id=110202&search_id=114132&scans_id=110198&peptide_id=21007&scanf=29198&charge=2&value=9/18,sp|Q08J23|NSUN2_HUMAN,/core/www/modules//consensus/?run_id=110202&search_id=114132&scans_id=110198&peptide_id=21007&scanf=29198&charge=2&value=sp|Q08J23|NSUN2_HUMAN,0,/core/www/modules/match_peptides/blast_html4.php?run_id=110202&search_id=114132&scans_id=110198&peptide_id=21007&scanf=29198&charge=2&value=0,K.FYALDPSFPR.M,/core/www/modules/show_out/show_out_wrapper.php?run_id=110202&search_id=114132&scans_id=110198&peptide_id=21007&scanf=29198&charge=2&value=K.FYALDPSFPR.M,NSUN2,8.154e+6,3.275,0.002,2.815,0.000
29199,2,"  4.168","  0.501",19/30,/core/www/modules//sdig/index.php?run_id=110202&search_id=114132&scans_id=110198&peptide_id=21008&scanf=29199&charge=2&value=19/30,sp|P33992|MCM5_HUMAN,/core/www/modules//consensus/?run_id=110202&search_id=114132&scans_id=110198&peptide_id=21008&scanf=29199&charge=2&value=sp|P33992|MCM5_HUMAN,1,/core/www/modules/match_peptides/blast_html4.php?run_id=110202&search_id=114132&scans_id=110198&peptide_id=21008&scanf=29199&charge=2&value=1,R.RGDINLLMLGDPGTAK.S,/core/www/modules/show_out/show_out_wrapper.php?run_id=110202&search_id=114132&scans_id=110198&peptide_id=21008&scanf=29199&charge=2&value=R.RGDINLLMLGDPGTAK.S,MCM5,7.698e+7,2.774,0.008,2.075,0.000
29200,2,"  3.014","  0.539",17/26,/core/www/modules//sdig/index.php?run_id=110202&search_id=114132&scans_id=110198&peptide_id=21010&scanf=29200&charge=2&value=17/26,sp|Q9UBB9|TFP11_HUMAN,/core/www/modules//consensus/?run_id=110202&search_id=114132&scans_id=110198&peptide_id=21010&scanf=29200&charge=2&value=sp|Q9UBB9|TFP11_HUMAN,0,/core/www/modules/match_peptides/blast_html4.php?run_id=110202&search_id=114132&scans_id=110198&peptide_id=21010&scanf=29200&charge=2&value=0,K.AEEHNIVFMPVIGK.R,/core/www/modules/show_out/show_out_wrapper.php?run_id=110202&search_id=114132&scans_id=110198&peptide_id=21010&scanf=29200&charge=2&value=K.AEEHNIVFMPVIGK.R,TFIP11,3.396e+6,3.345,0.001,2.918,0.000
29201,3,"  3.255","  0.425",10/48,/core/www/modules//sdig/index.php?run_id=110202&search_id=114132&scans_id=110198&peptide_id=21011&scanf=29201&charge=3&value=10/48,sp|Q96EE3|SEH1_HUMAN,/core/www/modules//consensus/?run_id=110202&search_id=114132&scans_id=110198&peptide_id=21011&scanf=29201&charge=3&value=sp|Q96EE3|SEH1_HUMAN,3,/core/www/modules/match_peptides/blast_html4.php?run_id=110202&search_id=114132&scans_id=110198&peptide_id=21011&scanf=29201&charge=3&value=3,K.DLIHDVSFDFHGR.R,/core/www/modules/show_out/show_out_wrapper.php?run_id=110202&search_id=114132&scans_id=110198&peptide_id=21011&scanf=29201&charge=3&value=K.DLIHDVSFDFHGR.R,SEH1L,3.375e+6,2.790,0.008,2.099,0.000
29202,3,"  4.109","  0.443",9/80,/core/www/modules//sdig/index.php?run_id=110202&search_id=114132&scans_id=110198&peptide_id=21012&scanf=29202&charge=3&value=9/80,sp|P42166|LAP2A_HUMAN,/core/www/modules//consensus/?run_id=110202&search_id=114132&scans_id=110198&peptide_id=21012&scanf=29202&charge=3&value=sp|P42166|LAP2A_HUMAN,0,/core/www/modules/match_peptides/blast_html4.php?run_id=110202&search_id=114132&scans_id=110198&peptide_id=21012&scanf=29202&charge=3&value=0,R.KALEESESSQLISPPLAQAIR.D,/core/www/modules/show_out/show_out_wrapper.php?run_id=110202&search_id=114132&scans_id=110198&peptide_id=21012&scanf=29202&charge=3&value=R.KALEESESSQLISPPLAQAIR.D,TMPO,1.706e+6,2.312,0.040,1.403,0.001
29203,3,"  3.476","  0.466",12/40,/core/www/modules//sdig/index.php?run_id=110202&search_id=114132&scans_id=110198&peptide_id=21013&scanf=29203&charge=3&value=12/40,sp|Q12769|NU160_HUMAN,/core/www/modules//consensus/?run_id=110202&search_id=114132&scans_id=110198&peptide_id=21013&scanf=29203&charge=3&value=sp|Q12769|NU160_HUMAN,3,/core/www/modules/match_peptides/blast_html4.php?run_id=110202&search_id=114132&scans_id=110198&peptide_id=21013&scanf=29203&charge=3&value=3,R.NPIHAIGLLIR.E,/core/www/modules/show_out/show_out_wrapper.php?run_id=110202&search_id=114132&scans_id=110198&peptide_id=21013&scanf=29203&charge=3&value=R.NPIHAIGLLIR.E,NUP160,4.049e+6,3.205,0.002,2.711,0.000
29205,2,"  2.731","  0.000",8/26,/core/www/modules//sdig/index.php?run_id=110202&search_id=114132&scans_id=110198&peptide_id=21015&scanf=29205&charge=2&value=8/26,sp|P07900|HS90A_HUMAN,/core/www/modules//consensus/?run_id=110202&search_id=114132&scans_id=110198&peptide_id=21015&scanf=29205&charge=2&value=sp|P07900|HS90A_HUMAN,2,/core/www/modules/match_peptides/blast_html4.php?run_id=110202&search_id=114132&scans_id=110198&peptide_id=21015&scanf=29205&charge=2&value=2,R.GVVDSEDLPLNISR.E,/core/www/modules/show_out/show_out_wrapper.php?run_id=110202&search_id=114132&scans_id=110198&peptide_id=21015&scanf=29205&charge=2&value=R.GVVDSEDLPLNISR.E,HSP90AA1,1.412e+6,2.224,0.053,1.279,0.002
29206,2,"  2.323","  0.398",12/24,/core/www/modules//sdig/index.php?run_id=110202&search_id=114132&scans_id=110198&peptide_id=21016&scanf=29206&charge=2&value=12/24,sp|Q5TFE4|NT5D1_HUMAN,/core/www/modules//consensus/?run_id=110202&search_id=114132&scans_id=110198&peptide_id=21016&scanf=29206&charge=2&value=sp|Q5TFE4|NT5D1_HUMAN,1,/core/www/modules/match_peptides/blast_html4.php?run_id=110202&search_id=114132&scans_id=110198&peptide_id=21016&scanf=29206&charge=2&value=1,K.MMTPEVLAEAYGK.K,/core/www/modules/show_out/show_out_wrapper.php?run_id=110202&search_id=114132&scans_id=110198&peptide_id=21016&scanf=29206&charge=2&value=K.MMTPEVLAEAYGK.K,NT5DC1,4.087e+6,2.504,0.021,1.680,0.000
29209,2,"  2.656","  0.563",12/24,/core/www/modules//sdig/index.php?run_id=110202&search_id=114132&scans_id=110198&peptide_id=21019&scanf=29209&charge=2&value=12/24,sp|P60842|IF4A1_HUMAN,/core/www/modules//consensus/?run_id=110202&search_id=114132&scans_id=110198&peptide_id=21019&scanf=29209&charge=2&value=sp|P60842|IF4A1_HUMAN,10,/core/www/modules/match_peptides/blast_html4.php?run_id=110202&search_id=114132&scans_id=110198&peptide_id=21019&scanf=29209&charge=2&value=10,K.MFVLDEADEM*LSR.G,/core/www/modules/show_out/show_out_wrapper.php?run_id=110202&search_id=114132&scans_id=110198&peptide_id=21019&scanf=29209&charge=2&value=K.MFVLDEADEM*LSR.G,EIF4A1,4.501e+6,3.275,0.002,2.815,0.000
29213,2,"  3.105","  0.592",13/18,/core/www/modules//sdig/index.php?run_id=110202&search_id=114132&scans_id=110198&peptide_id=21023&scanf=29213&charge=2&value=13/18,sp|Q9NV31|IMP3_HUMAN,/core/www/modules//consensus/?run_id=110202&search_id=114132&scans_id=110198&peptide_id=21023&scanf=29213&charge=2&value=sp|Q9NV31|IMP3_HUMAN,0,/core/www/modules/match_peptides/blast_html4.php?run_id=110202&search_id=114132&scans_id=110198&peptide_id=21023&scanf=29213&charge=2&value=0,K.LYALGLVPTR.G,/core/www/modules/show_out/show_out_wrapper.php?run_id=110202&search_id=114132&scans_id=110198&peptide_id=21023&scanf=29213&charge=2&value=K.LYALGLVPTR.G,IMP3,1.011e+7,3.791,0.000,3.580,0.000
29214,2,"  3.558","  0.684",16/30,/core/www/modules//sdig/index.php?run_id=110202&search_id=114132&scans_id=110198&peptide_id=21024&scanf=29214&charge=2&value=16/30,sp|P60709|ACTB_HUMAN,/core/www/modules//consensus/?run_id=110202&search_id=114132&scans_id=110198&peptide_id=21024&scanf=29214&charge=2&value=sp|P60709|ACTB_HUMAN,17,/core/www/modules/match_peptides/blast_html4.php?run_id=110202&search_id=114132&scans_id=110198&peptide_id=21024&scanf=29214&charge=2&value=17,K.SYELPDGQVITIGNER.F,/core/www/modules/show_out/show_out_wrapper.php?run_id=110202&search_id=114132&scans_id=110198&peptide_id=21024&scanf=29214&charge=2&value=K.SYELPDGQVITIGNER.F,ACTB,8.951e+8,4.197,0.000,4.182,0.000
29215,2,"  6.215","  0.762",25/38,/core/www/modules//sdig/index.php?run_id=110202&search_id=114132&scans_id=110198&peptide_id=21025&scanf=29215&charge=2&value=25/38,sp|P61326|MGN_HUMAN,/core/www/modules//consensus/?run_id=110202&search_id=114132&scans_id=110198&peptide_id=21025&scanf=29215&charge=2&value=sp|P61326|MGN_HUMAN,4,/core/www/modules/match_peptides/blast_html4.php?run_id=110202&search_id=114132&scans_id=110198&peptide_id=21025&scanf=29215&charge=2&value=4,R.IIDDSEITKEDDALWPPPDR.V,/core/www/modules/show_out/show_out_wrapper.php?run_id=110202&search_id=114132&scans_id=110198&peptide_id=21025&scanf=29215&charge=2&value=R.IIDDSEITKEDDALWPPPDR.V,MAGOH,6.377e+6,3.791,0.000,3.579,0.000
29216,3,"  4.482","  0.641",15/68,/core/www/modules//sdig/index.php?run_id=110202&search_id=114132&scans_id=110198&peptide_id=21026&scanf=29216&charge=3&value=15/68,sp|Q92538|GBF1_HUMAN,/core/www/modules//consensus/?run_id=110202&search_id=114132&scans_id=110198&peptide_id=21026&scanf=29216&charge=3&value=sp|Q92538|GBF1_HUMAN,15,/core/www/modules/match_peptides/blast_html4.php?run_id=110202&search_id=114132&scans_id=110198&peptide_id=21026&scanf=29216&charge=3&value=15,K.AVGMASDIPGLHLPGGGR.L,/core/www/modules/show_out/show_out_wrapper.php?run_id=110202&search_id=114132&scans_id=110198&peptide_id=21026&scanf=29216&charge=3&value=K.AVGMASDIPGLHLPGGGR.L,GBF1,3.242e+6,3.437,0.001,3.054,0.000
29218,2,"  2.157","  0.075",11/18,/core/www/modules//sdig/index.php?run_id=110202&search_id=114132&scans_id=110198&peptide_id=21028&scanf=29218&charge=2&value=11/18,sp|P20700|LMNB1_HUMAN,/core/www/modules//consensus/?run_id=110202&search_id=114132&scans_id=110198&peptide_id=21028&scanf=29218&charge=2&value=sp|P20700|LMNB1_HUMAN,1,/core/www/modules/match_peptides/blast_html4.php?run_id=110202&search_id=114132&scans_id=110198&peptide_id=21028&scanf=29218&charge=2&value=1,R.IQELEDLLAK.E,/core/www/modules/show_out/show_out_wrapper.php?run_id=110202&search_id=114132&scans_id=110198&peptide_id=21028&scanf=29218&charge=2&value=R.IQELEDLLAK.E,LMNB1,3.003e+7,1.875,0.155,0.811,0.008
29220,2,"  2.822","  0.548",11/22,/core/www/modules//sdig/index.php?run_id=110202&search_id=114132&scans_id=110198&peptide_id=21031&scanf=29220&charge=2&value=11/22,sp|Q8N442|GUF1_HUMAN,/core/www/modules//consensus/?run_id=110202&search_id=114132&scans_id=110198&peptide_id=21031&scanf=29220&charge=2&value=sp|Q8N442|GUF1_HUMAN,0,/core/www/modules/match_peptides/blast_html4.php?run_id=110202&search_id=114132&scans_id=110198&peptide_id=21031&scanf=29220&charge=2&value=0,R.ALVFDSTFDQYR.G,/core/www/modules/show_out/show_out_wrapper.php?run_id=110202&search_id=114132&scans_id=110198&peptide_id=21031&scanf=29220&charge=2&value=R.ALVFDSTFDQYR.G,GUF1,3.917e+6,3.013,0.004,2.427,0.000
29223,2,"  3.288","  0.581",14/24,/core/www/modules//sdig/index.php?run_id=110202&search_id=114132&scans_id=110198&peptide_id=21034&scanf=29223&charge=2&value=14/24,sp|Q92841|DDX17_HUMAN,/core/www/modules//consensus/?run_id=110202&search_id=114132&scans_id=110198&peptide_id=21034&scanf=29223&charge=2&value=sp|Q92841|DDX17_HUMAN,2,/core/www/modules/match_peptides/blast_html4.php?run_id=110202&search_id=114132&scans_id=110198&peptide_id=21034&scanf=29223&charge=2&value=2,K.GTAYTFFTPGNLK.Q,/core/www/modules/show_out/show_out_wrapper.php?run_id=110202&search_id=114132&scans_id=110198&peptide_id=21034&scanf=29223&charge=2&value=K.GTAYTFFTPGNLK.Q,DDX17,9.552e+7,3.544,0.001,3.213,0.000
29225,2,"  3.904","  0.656",15/30,/core/www/modules//sdig/index.php?run_id=110202&search_id=114132&scans_id=110198&peptide_id=21036&scanf=29225&charge=2&value=15/30,sp|Q6VMQ6|MCAF1_HUMAN,/core/www/modules//consensus/?run_id=110202&search_id=114132&scans_id=110198&peptide_id=21036&scanf=29225&charge=2&value=sp|Q6VMQ6|MCAF1_HUMAN,1,/core/www/modules/match_peptides/blast_html4.php?run_id=110202&search_id=114132&scans_id=110198&peptide_id=21036&scanf=29225&charge=2&value=1,K.TSLLPIDETNPDLEEK.M,/core/www/modules/show_out/show_out_wrapper.php?run_id=110202&search_id=114132&scans_id=110198&peptide_id=21036&scanf=29225&charge=2&value=K.TSLLPIDETNPDLEEK.M,ATF7IP,4.174e+6,3.407,0.001,3.010,0.000
29233,2,"  4.147","  0.603",17/24,/core/www/modules//sdig/index.php?run_id=110202&search_id=114132&scans_id=110198&peptide_id=21044&scanf=29233&charge=2&value=17/24,sp|Q9NXF1|TEX10_HUMAN,/core/www/modules//consensus/?run_id=110202&search_id=114132&scans_id=110198&peptide_id=21044&scanf=29233&charge=2&value=sp|Q9NXF1|TEX10_HUMAN,0,/core/www/modules/match_peptides/blast_html4.php?run_id=110202&search_id=114132&scans_id=110198&peptide_id=21044&scanf=29233&charge=2&value=0,R.SQNFDILQSAISK.H,/core/www/modules/show_out/show_out_wrapper.php?run_id=110202&search_id=114132&scans_id=110198&peptide_id=21044&scanf=29233&charge=2&value=R.SQNFDILQSAISK.H,TEX10,1.796e+7,3.838,0.000,3.649,0.000
29234,2,"  1.810","  0.330",10/14,/core/www/modules//sdig/index.php?run_id=110202&search_id=114132&scans_id=110198&peptide_id=21045&scanf=29234&charge=2&value=10/14,sp|P43358|MAGA4_HUMAN,/core/www/modules//consensus/?run_id=110202&search_id=114132&scans_id=110198&peptide_id=21045&scanf=29234&charge=2&value=sp|P43358|MAGA4_HUMAN,6,/core/www/modules/match_peptides/blast_html4.php?run_id=110202&search_id=114132&scans_id=110198&peptide_id=21045&scanf=29234&charge=2&value=6,K.MIFGIDVK.E,/core/www/modules/show_out/show_out_wrapper.php?run_id=110202&search_id=114132&scans_id=110198&peptide_id=21045&scanf=29234&charge=2&value=K.MIFGIDVK.E,MAGEA4,3.910e+7,2.914,0.005,2.282,0.000
29235,2,"  1.982","  0.105",8/14,/core/www/modules//sdig/index.php?run_id=110202&search_id=114132&scans_id=110198&peptide_id=21046&scanf=29235&charge=2&value=8/14,sp|P48556|PSMD8_HUMAN,/core/www/modules//consensus/?run_id=110202&search_id=114132&scans_id=110198&peptide_id=21046&scanf=29235&charge=2&value=sp|P48556|PSMD8_HUMAN,6,/core/www/modules/match_peptides/blast_html4.php?run_id=110202&search_id=114132&scans_id=110198&peptide_id=21046&scanf=29235&charge=2&value=6,R.ILFFNTPK.K,/core/www/modules/show_out/show_out_wrapper.php?run_id=110202&search_id=114132&scans_id=110198&peptide_id=21046&scanf=29235&charge=2&value=R.ILFFNTPK.K,PSMD8,3.747e+7,1.964,0.119,0.925,0.005
29238,2,"  2.997","  0.430",11/18,/core/www/modules//sdig/index.php?run_id=110202&search_id=114132&scans_id=110198&peptide_id=21049&scanf=29238&charge=2&value=11/18,sp|Q96T88|UHRF1_HUMAN,/core/www/modules//consensus/?run_id=110202&search_id=114132&scans_id=110198&peptide_id=21049&scanf=29238&charge=2&value=sp|Q96T88|UHRF1_HUMAN,2,/core/www/modules/match_peptides/blast_html4.php?run_id=110202&search_id=114132&scans_id=110198&peptide_id=21049&scanf=29238&charge=2&value=2,R.LNDTIQLLVR.Q,/core/www/modules/show_out/show_out_wrapper.php?run_id=110202&search_id=114132&scans_id=110198&peptide_id=21049&scanf=29238&charge=2&value=R.LNDTIQLLVR.Q,UHRF1,5.769e+6,3.071,0.003,2.513,0.000
29241,2,"  4.137","  0.607",13/26,/core/www/modules//sdig/index.php?run_id=110202&search_id=114132&scans_id=110198&peptide_id=21053&scanf=29241&charge=2&value=13/26,sp|Q14966|ZN638_HUMAN,/core/www/modules//consensus/?run_id=110202&search_id=114132&scans_id=110198&peptide_id=21053&scanf=29241&charge=2&value=sp|Q14966|ZN638_HUMAN,0,/core/www/modules/match_peptides/blast_html4.php?run_id=110202&search_id=114132&scans_id=110198&peptide_id=21053&scanf=29241&charge=2&value=0,R.QQYPDWNPEILPSR.R,/core/www/modules/show_out/show_out_wrapper.php?run_id=110202&search_id=114132&scans_id=110198&peptide_id=21053&scanf=29241&charge=2&value=R.QQYPDWNPEILPSR.R,ZNF638,5.125e+6,3.453,0.001,3.078,0.000
29244,2,"  4.671","  0.697",17/28,/core/www/modules//sdig/index.php?run_id=110202&search_id=114132&scans_id=110198&peptide_id=21056&scanf=29244&charge=2&value=17/28,sp|O60264|SMCA5_HUMAN,/core/www/modules//consensus/?run_id=110202&search_id=114132&scans_id=110198&peptide_id=21056&scanf=29244&charge=2&value=sp|O60264|SMCA5_HUMAN,0,/core/www/modules/match_peptides/blast_html4.php?run_id=110202&search_id=114132&scans_id=110198&peptide_id=21056&scanf=29244&charge=2&value=0,K.ESEITDEDIDGILER.G,/core/www/modules/show_out/show_out_wrapper.php?run_id=110202&search_id=114132&scans_id=110198&peptide_id=21056&scanf=29244&charge=2&value=K.ESEITDEDIDGILER.G,SMARCA5,3.311e+7,4.108,0.000,4.049,0.000
29250,2,"  2.041","  0.211",12/20,/core/www/modules//sdig/index.php?run_id=110202&search_id=114132&scans_id=110198&peptide_id=21063&scanf=29250&charge=2&value=12/20,tr|A0A0U1RQF0|A0A0U1RQF0_HUMAN,/core/www/modules//consensus/?run_id=110202&search_id=114132&scans_id=110198&peptide_id=21063&scanf=29250&charge=2&value=tr|A0A0U1RQF0|A0A0U1RQF0_HUMAN,1,/core/www/modules/match_peptides/blast_html4.php?run_id=110202&search_id=114132&scans_id=110198&peptide_id=21063&scanf=29250&charge=2&value=1,R.SEGVVAVLLTK.K,/core/www/modules/show_out/show_out_wrapper.php?run_id=110202&search_id=114132&scans_id=110198&peptide_id=21063&scanf=29250&charge=2&value=R.SEGVVAVLLTK.K,FASN,4.302e+6,2.214,0.054,1.265,0.002
29253,2,"  2.361","  0.612",13/20,/core/www/modules//sdig/index.php?run_id=110202&search_id=114132&scans_id=110198&peptide_id=21065&scanf=29253&charge=2&value=13/20,sp|P11940|PABP1_HUMAN,/core/www/modules//consensus/?run_id=110202&search_id=114132&scans_id=110198&peptide_id=21065&scanf=29253&charge=2&value=sp|P11940|PABP1_HUMAN,18,/core/www/modules/match_peptides/blast_html4.php?run_id=110202&search_id=114132&scans_id=110198&peptide_id=21065&scanf=29253&charge=2&value=18,K.FSPAGPILSIR.V,/core/www/modules/show_out/show_out_wrapper.php?run_id=110202&search_id=114132&scans_id=110198&peptide_id=21065&scanf=29253&charge=2&value=K.FSPAGPILSIR.V,PABPC1,2.483e+7,3.705,0.000,3.452,0.000
29254,3,"  3.949","  0.638",19/56,/core/www/modules//sdig/index.php?run_id=110202&search_id=114132&scans_id=110198&peptide_id=21066&scanf=29254&charge=3&value=19/56,sp|P51991|ROA3_HUMAN,/core/www/modules//consensus/?run_id=110202&search_id=114132&scans_id=110198&peptide_id=21066&scanf=29254&charge=3&value=sp|P51991|ROA3_HUMAN,5,/core/www/modules/match_peptides/blast_html4.php?run_id=110202&search_id=114132&scans_id=110198&peptide_id=21066&scanf=29254&charge=3&value=5,R.GFAFVTFDDHDTVDK.I,/core/www/modules/show_out/show_out_wrapper.php?run_id=110202&search_id=114132&scans_id=110198&peptide_id=21066&scanf=29254&charge=3&value=R.GFAFVTFDDHDTVDK.I,HNRNPA3,2.525e+8,3.755,0.000,3.526,0.000
29255,2,"  5.487","  0.682",20/28,/core/www/modules//sdig/index.php?run_id=110202&search_id=114132&scans_id=110198&peptide_id=21067&scanf=29255&charge=2&value=20/28,sp|Q9UK58|CCNL1_HUMAN,/core/www/modules//consensus/?run_id=110202&search_id=114132&scans_id=110198&peptide_id=21067&scanf=29255&charge=2&value=sp|Q9UK58|CCNL1_HUMAN,0,/core/www/modules/match_peptides/blast_html4.php?run_id=110202&search_id=114132&scans_id=110198&peptide_id=21067&scanf=29255&charge=2&value=0,R.TPSPLILDQNYINTK.N,/core/www/modules/show_out/show_out_wrapper.php?run_id=110202&search_id=114132&scans_id=110198&peptide_id=21067&scanf=29255&charge=2&value=R.TPSPLILDQNYINTK.N,CCNL1,5.454e+6,3.909,0.000,3.755,0.000
29256,2,"  1.474","  0.329",8/16,/core/www/modules//sdig/index.php?run_id=110202&search_id=114132&scans_id=110198&peptide_id=21068&scanf=29256&charge=2&value=8/16,sp|Q6KC79|NIPBL_HUMAN,/core/www/modules//consensus/?run_id=110202&search_id=114132&scans_id=110198&peptide_id=21068&scanf=29256&charge=2&value=sp|Q6KC79|NIPBL_HUMAN,0,/core/www/modules/match_peptides/blast_html4.php?run_id=110202&search_id=114132&scans_id=110198&peptide_id=21068&scanf=29256&charge=2&value=0,K.LVPWVDTIK.E,/core/www/modules/show_out/show_out_wrapper.php?run_id=110202&search_id=114132&scans_id=110198&peptide_id=21068&scanf=29256&charge=2&value=K.LVPWVDTIK.E,NIPBL,7.127e+6,2.381,0.031,1.502,0.001
29259,2,"  5.265","  0.586",20/32,/core/www/modules//sdig/index.php?run_id=110202&search_id=114132&scans_id=110198&peptide_id=21071&scanf=29259&charge=2&value=20/32,sp|O00571|DDX3X_HUMAN,/core/www/modules//consensus/?run_id=110202&search_id=114132&scans_id=110198&peptide_id=21071&scanf=29259&charge=2&value=sp|O00571|DDX3X_HUMAN,18,/core/www/modules/match_peptides/blast_html4.php?run_id=110202&search_id=114132&scans_id=110198&peptide_id=21071&scanf=29259&charge=2&value=18,R.LEQELFSGGNTGINFEK.Y,/core/www/modules/show_out/show_out_wrapper.php?run_id=110202&search_id=114132&scans_id=110198&peptide_id=21071&scanf=29259&charge=2&value=R.LEQELFSGGNTGINFEK.Y,DDX3X,2.239e+7,3.590,0.001,3.282,0.000
29260,2,"  4.184","  0.730",26/36,/core/www/modules//sdig/index.php?run_id=110202&search_id=114132&scans_id=110198&peptide_id=21073&scanf=29260&charge=2&value=26/36,sp|Q9UQ35|SRRM2_HUMAN,/core/www/modules//consensus/?run_id=110202&search_id=114132&scans_id=110198&peptide_id=21073&scanf=29260&charge=2&value=sp|Q9UQ35|SRRM2_HUMAN,5,/core/www/modules/match_peptides/blast_html4.php?run_id=110202&search_id=114132&scans_id=110198&peptide_id=21073&scanf=29260&charge=2&value=5,R.AAFGISDSYVDGSSFDPQR.R,/core/www/modules/show_out/show_out_wrapper.php?run_id=110202&search_id=114132&scans_id=110198&peptide_id=21073&scanf=29260&charge=2&value=R.AAFGISDSYVDGSSFDPQR.R,SRRM2,6.257e+6,4.101,0.000,4.040,0.000
29261,2,"  2.056","  0.053",10/14,/core/www/modules//sdig/index.php?run_id=110202&search_id=114132&scans_id=110198&peptide_id=21074&scanf=29261&charge=2&value=10/14,sp|P30154|2AAB_HUMAN,/core/www/modules//consensus/?run_id=110202&search_id=114132&scans_id=110198&peptide_id=21074&scanf=29261&charge=2&value=sp|P30154|2AAB_HUMAN,1,/core/www/modules/match_peptides/blast_html4.php?run_id=110202&search_id=114132&scans_id=110198&peptide_id=21074&scanf=29261&charge=2&value=1,K.QMLPIVLK.M,/core/www/modules/show_out/show_out_wrapper.php?run_id=110202&search_id=114132&scans_id=110198&peptide_id=21074&scanf=29261&charge=2&value=K.QMLPIVLK.M,PPP2R1B,4.957e+6,1.955,0.122,0.913,0.006
29264,2,"  2.582","  0.520",11/24,/core/www/modules//sdig/index.php?run_id=110202&search_id=114132&scans_id=110198&peptide_id=21077&scanf=29264&charge=2&value=11/24,sp|P10809|CH60_HUMAN,/core/www/modules//consensus/?run_id=110202&search_id=114132&scans_id=110198&peptide_id=21077&scanf=29264&charge=2&value=sp|P10809|CH60_HUMAN,8,/core/www/modules/match_peptides/blast_html4.php?run_id=110202&search_id=114132&scans_id=110198&peptide_id=21077&scanf=29264&charge=2&value=8,K.TLNDELEIIEGM*K.F,/core/www/modules/show_out/show_out_wrapper.php?run_id=110202&search_id=114132&scans_id=110198&peptide_id=21077&scanf=29264&charge=2&value=K.TLNDELEIIEGM*K.F,HSPD1,4.433e+6,3.067,0.003,2.507,0.000
29267,3,"  2.398","  0.360",10/68,/core/www/modules//sdig/index.php?run_id=110202&search_id=114132&scans_id=110198&peptide_id=21080&scanf=29267&charge=3&value=10/68,sp|Q09666|AHNK_HUMAN,/core/www/modules//consensus/?run_id=110202&search_id=114132&scans_id=110198&peptide_id=21080&scanf=29267&charge=3&value=sp|Q09666|AHNK_HUMAN,0,/core/www/modules/match_peptides/blast_html4.php?run_id=110202&search_id=114132&scans_id=110198&peptide_id=21080&scanf=29267&charge=3&value=0,K.LKGPQITGPSLEGDLGLK.G,/core/www/modules/show_out/show_out_wrapper.php?run_id=110202&search_id=114132&scans_id=110198&peptide_id=21080&scanf=29267&charge=3&value=K.LKGPQITGPSLEGDLGLK.G,AHNAK,2.819e+6,1.955,0.122,0.914,0.006
29269,2,"  2.183","  0.465",9/12,/core/www/modules//sdig/index.php?run_id=110202&search_id=114132&scans_id=110198&peptide_id=21082&scanf=29269&charge=2&value=9/12,sp|Q16401|PSMD5_HUMAN,/core/www/modules//consensus/?run_id=110202&search_id=114132&scans_id=110198&peptide_id=21082&scanf=29269&charge=2&value=sp|Q16401|PSMD5_HUMAN,1,/core/www/modules/match_peptides/blast_html4.php?run_id=110202&search_id=114132&scans_id=110198&peptide_id=21082&scanf=29269&charge=2&value=1,R.DPLELFR.G,/core/www/modules/show_out/show_out_wrapper.php?run_id=110202&search_id=114132&scans_id=110198&peptide_id=21082&scanf=29269&charge=2&value=R.DPLELFR.G,PSMD5,3.946e+6,3.440,0.001,3.059,0.000
29270,3,"  4.193","  0.502",15/48,/core/www/modules//sdig/index.php?run_id=110202&search_id=114132&scans_id=110198&peptide_id=21084&scanf=29270&charge=3&value=15/48,sp|Q9NU22|MDN1_HUMAN,/core/www/modules//consensus/?run_id=110202&search_id=114132&scans_id=110198&peptide_id=21084&scanf=29270&charge=3&value=sp|Q9NU22|MDN1_HUMAN,0,/core/www/modules/match_peptides/blast_html4.php?run_id=110202&search_id=114132&scans_id=110198&peptide_id=21084&scanf=29270&charge=3&value=0,R.HLAGLAELLPESR.R,/core/www/modules/show_out/show_out_wrapper.php?run_id=110202&search_id=114132&scans_id=110198&peptide_id=21084&scanf=29270&charge=3&value=R.HLAGLAELLPESR.R,MDN1,7.715e+6,3.568,0.001,3.249,0.000
29274,2,"  2.486","  0.330",12/16,/core/www/modules//sdig/index.php?run_id=110202&search_id=114132&scans_id=110198&peptide_id=21087&scanf=29274&charge=2&value=12/16,sp|P62269|RS18_HUMAN,/core/www/modules//consensus/?run_id=110202&search_id=114132&scans_id=110198&peptide_id=21087&scanf=29274&charge=2&value=sp|P62269|RS18_HUMAN,2,/core/www/modules/match_peptides/blast_html4.php?run_id=110202&search_id=114132&scans_id=110198&peptide_id=21087&scanf=29274&charge=2&value=2,K.IAFAITAIK.G,/core/www/modules/show_out/show_out_wrapper.php?run_id=110202&search_id=114132&scans_id=110198&peptide_id=21087&scanf=29274&charge=2&value=K.IAFAITAIK.G,RPS18,3.178e+8,2.985,0.004,2.385,0.000
29275,2,"  1.767","  0.192",9/14,/core/www/modules//sdig/index.php?run_id=110202&search_id=114132&scans_id=110198&peptide_id=21088&scanf=29275&charge=2&value=9/14,sp|P48556|PSMD8_HUMAN,/core/www/modules//consensus/?run_id=110202&search_id=114132&scans_id=110198&peptide_id=21088&scanf=29275&charge=2&value=sp|P48556|PSMD8_HUMAN,6,/core/www/modules/match_peptides/blast_html4.php?run_id=110202&search_id=114132&scans_id=110198&peptide_id=21088&scanf=29275&charge=2&value=6,R.ILFFNTPK.K,/core/www/modules/show_out/show_out_wrapper.php?run_id=110202&search_id=114132&scans_id=110198&peptide_id=21088&scanf=29275&charge=2&value=R.ILFFNTPK.K,PSMD8,3.747e+7,2.348,0.035,1.456,0.001
29276,2,"  2.219","  0.433",10/14,/core/www/modules//sdig/index.php?run_id=110202&search_id=114132&scans_id=110198&peptide_id=21089&scanf=29276&charge=2&value=10/14,sp|P38159|RBMX_HUMAN,/core/www/modules//consensus/?run_id=110202&search_id=114132&scans_id=110198&peptide_id=21089&scanf=29276&charge=2&value=sp|P38159|RBMX_HUMAN,4,/core/www/modules/match_peptides/blast_html4.php?run_id=110202&search_id=114132&scans_id=110198&peptide_id=21089&scanf=29276&charge=2&value=4,R.IVEVLLMK.D,/core/www/modules/show_out/show_out_wrapper.php?run_id=110202&search_id=114132&scans_id=110198&peptide_id=21089&scanf=29276&charge=2&value=R.IVEVLLMK.D,RBMX,3.788e+8,3.480,0.001,3.119,0.000
29278,3,"  4.254","  0.536",18/56,/core/www/modules//sdig/index.php?run_id=110202&search_id=114132&scans_id=110198&peptide_id=21091&scanf=29278&charge=3&value=18/56,sp|P78527|PRKDC_HUMAN,/core/www/modules//consensus/?run_id=110202&search_id=114132&scans_id=110198&peptide_id=21091&scanf=29278&charge=3&value=sp|P78527|PRKDC_HUMAN,1,/core/www/modules/match_peptides/blast_html4.php?run_id=110202&search_id=114132&scans_id=110198&peptide_id=21091&scanf=29278&charge=3&value=1,R.MEVQEQEEDISSLIR.S,/core/www/modules/show_out/show_out_wrapper.php?run_id=110202&search_id=114132&scans_id=110198&peptide_id=21091&scanf=29278&charge=3&value=R.MEVQEQEEDISSLIR.S,PRKDC,7.971e+7,4.179,0.000,4.155,0.000
29280,2,"  2.159","  0.413",13/20,/core/www/modules//sdig/index.php?run_id=110202&search_id=114132&scans_id=110198&peptide_id=21094&scanf=29280&charge=2&value=13/20,sp|P78527|PRKDC_HUMAN,/core/www/modules//consensus/?run_id=110202&search_id=114132&scans_id=110198&peptide_id=21094&scanf=29280&charge=2&value=sp|P78527|PRKDC_HUMAN,1,/core/www/modules/match_peptides/blast_html4.php?run_id=110202&search_id=114132&scans_id=110198&peptide_id=21094&scanf=29280&charge=2&value=1,R.LLALNSLYSPK.I,/core/www/modules/show_out/show_out_wrapper.php?run_id=110202&search_id=114132&scans_id=110198&peptide_id=21094&scanf=29280&charge=2&value=R.LLALNSLYSPK.I,PRKDC,7.871e+7,3.820,0.000,3.622,0.000
29281,2,"  3.303","  0.528",12/22,/core/www/modules//sdig/index.php?run_id=110202&search_id=114132&scans_id=110198&peptide_id=21095&scanf=29281&charge=2&value=12/22,sp|Q14008|CKAP5_HUMAN,/core/www/modules//consensus/?run_id=110202&search_id=114132&scans_id=110198&peptide_id=21095&scanf=29281&charge=2&value=sp|Q14008|CKAP5_HUMAN,0,/core/www/modules/match_peptides/blast_html4.php?run_id=110202&search_id=114132&scans_id=110198&peptide_id=21095&scanf=29281&charge=2&value=0,R.DAAFEALGTALK.V,/core/www/modules/show_out/show_out_wrapper.php?run_id=110202&search_id=114132&scans_id=110198&peptide_id=21095&scanf=29281&charge=2&value=R.DAAFEALGTALK.V,CKAP5,1.211e+7,3.299,0.001,2.851,0.000
29284,2,"  3.250","  0.566",13/22,/core/www/modules//sdig/index.php?run_id=110202&search_id=114132&scans_id=110198&peptide_id=21098&scanf=29284&charge=2&value=13/22,sp|P49914|MTHFS_HUMAN,/core/www/modules//consensus/?run_id=110202&search_id=114132&scans_id=110198&peptide_id=21098&scanf=29284&charge=2&value=sp|P49914|MTHFS_HUMAN,3,/core/www/modules/match_peptides/blast_html4.php?run_id=110202&search_id=114132&scans_id=110198&peptide_id=21098&scanf=29284&charge=2&value=3,R.IESPEEISLLPK.T,/core/www/modules/show_out/show_out_wrapper.php?run_id=110202&search_id=114132&scans_id=110198&peptide_id=21098&scanf=29284&charge=2&value=R.IESPEEISLLPK.T,MTHFS,4.387e+6,3.351,0.001,2.927,0.000
29286,2,"  1.776","  0.315",10/14,/core/www/modules//sdig/index.php?run_id=110202&search_id=114132&scans_id=110198&peptide_id=21100&scanf=29286&charge=2&value=10/14,sp|Q6P2Q9|PRP8_HUMAN,/core/www/modules//consensus/?run_id=110202&search_id=114132&scans_id=110198&peptide_id=21100&scanf=29286&charge=2&value=sp|Q6P2Q9|PRP8_HUMAN,1,/core/www/modules/match_peptides/blast_html4.php?run_id=110202&search_id=114132&scans_id=110198&peptide_id=21100&scanf=29286&charge=2&value=1,R.WLGNLLAR.Q,/core/www/modules/show_out/show_out_wrapper.php?run_id=110202&search_id=114132&scans_id=110198&peptide_id=21100&scanf=29286&charge=2&value=R.WLGNLLAR.Q,PRPF8,7.258e+6,3.163,0.002,2.649,0.000
29287,2,"  3.228","  0.585",14/24,/core/www/modules//sdig/index.php?run_id=110202&search_id=114132&scans_id=110198&peptide_id=21101&scanf=29287&charge=2&value=14/24,sp|Q9NW13|RBM28_HUMAN,/core/www/modules//consensus/?run_id=110202&search_id=114132&scans_id=110198&peptide_id=21101&scanf=29287&charge=2&value=sp|Q9NW13|RBM28_HUMAN,0,/core/www/modules/match_peptides/blast_html4.php?run_id=110202&search_id=114132&scans_id=110198&peptide_id=21101&scanf=29287&charge=2&value=0,R.LINNNPEIFGPLK.R,/core/www/modules/show_out/show_out_wrapper.php?run_id=110202&search_id=114132&scans_id=110198&peptide_id=21101&scanf=29287&charge=2&value=R.LINNNPEIFGPLK.R,RBM28,2.014e+7,3.487,0.001,3.129,0.000
29289,3,"  2.559","  0.579",18/48,/core/www/modules//sdig/index.php?run_id=110202&search_id=114132&scans_id=110198&peptide_id=21103&scanf=29289&charge=3&value=18/48,sp|Q4G0J3|LARP7_HUMAN,/core/www/modules//consensus/?run_id=110202&search_id=114132&scans_id=110198&peptide_id=21103&scanf=29289&charge=3&value=sp|Q4G0J3|LARP7_HUMAN,13,/core/www/modules/match_peptides/blast_html4.php?run_id=110202&search_id=114132&scans_id=110198&peptide_id=21103&scanf=29289&charge=3&value=13,K.QVDFWFGDANLHK.D,/core/www/modules/show_out/show_out_wrapper.php?run_id=110202&search_id=114132&scans_id=110198&peptide_id=21103&scanf=29289&charge=3&value=K.QVDFWFGDANLHK.D,LARP7,1.575e+7,3.408,0.001,3.011,0.000
29297,3,"  5.812","  0.621",21/64,/core/www/modules//sdig/index.php?run_id=110202&search_id=114132&scans_id=110198&peptide_id=21111&scanf=29297&charge=3&value=21/64,sp|Q14204|DYHC1_HUMAN,/core/www/modules//consensus/?run_id=110202&search_id=114132&scans_id=110198&peptide_id=21111&scanf=29297&charge=3&value=sp|Q14204|DYHC1_HUMAN,12,/core/www/modules/match_peptides/blast_html4.php?run_id=110202&search_id=114132&scans_id=110198&peptide_id=21111&scanf=29297&charge=3&value=12,K.GTVGEPTYDAEFQHFLR.G,/core/www/modules/show_out/show_out_wrapper.php?run_id=110202&search_id=114132&scans_id=110198&peptide_id=21111&scanf=29297&charge=3&value=K.GTVGEPTYDAEFQHFLR.G,DYNC1H1,1.617e+7,3.973,0.000,3.849,0.000
29298,2,"  3.172","  0.542",13/22,/core/www/modules//sdig/index.php?run_id=110202&search_id=114132&scans_id=110198&peptide_id=21112&scanf=29298&charge=2&value=13/22,sp|P30084|ECHM_HUMAN,/core/www/modules//consensus/?run_id=110202&search_id=114132&scans_id=110198&peptide_id=21112&scanf=29298&charge=2&value=sp|P30084|ECHM_HUMAN,0,/core/www/modules/match_peptides/blast_html4.php?run_id=110202&search_id=114132&scans_id=110198&peptide_id=21112&scanf=29298&charge=2&value=0,K.SLAMEMVLTGDR.I,/core/www/modules/show_out/show_out_wrapper.php?run_id=110202&search_id=114132&scans_id=110198&peptide_id=21112&scanf=29298&charge=2&value=K.SLAMEMVLTGDR.I,ECHS1,1.407e+7,3.357,0.001,2.936,0.000
29299,2,"  2.404","  0.283",10/18,/core/www/modules//sdig/index.php?run_id=110202&search_id=114132&scans_id=110198&peptide_id=21113&scanf=29299&charge=2&value=10/18,sp|O75290|Z780A_HUMAN,/core/www/modules//consensus/?run_id=110202&search_id=114132&scans_id=110198&peptide_id=21113&scanf=29299&charge=2&value=sp|O75290|Z780A_HUMAN,3,/core/www/modules/match_peptides/blast_html4.php?run_id=110202&search_id=114132&scans_id=110198&peptide_id=21113&scanf=29299&charge=2&value=3,K.AFSLLNQLNR.H,/core/www/modules/show_out/show_out_wrapper.php?run_id=110202&search_id=114132&scans_id=110198&peptide_id=21113&scanf=29299&charge=2&value=K.AFSLLNQLNR.H,ZNF780A,1.989e+7,2.439,0.026,1.586,0.001
29301,2,"  1.678","  0.326",9/16,/core/www/modules//sdig/index.php?run_id=110202&search_id=114132&scans_id=110198&peptide_id=21115&scanf=29301&charge=2&value=9/16,sp|P08237|PFKAM_HUMAN,/core/www/modules//consensus/?run_id=110202&search_id=114132&scans_id=110198&peptide_id=21115&scanf=29301&charge=2&value=sp|P08237|PFKAM_HUMAN,7,/core/www/modules/match_peptides/blast_html4.php?run_id=110202&search_id=114132&scans_id=110198&peptide_id=21115&scanf=29301&charge=2&value=7,R.TFVLEVMGR.H,/core/www/modules/show_out/show_out_wrapper.php?run_id=110202&search_id=114132&scans_id=110198&peptide_id=21115&scanf=29301&charge=2&value=R.TFVLEVMGR.H,PFKM,4.333e+6,2.578,0.016,1.787,0.000
29302,2,"  3.282","  0.591",14/26,/core/www/modules//sdig/index.php?run_id=110202&search_id=114132&scans_id=110198&peptide_id=21116&scanf=29302&charge=2&value=14/26,sp|Q16822|PCKGM_HUMAN,/core/www/modules//consensus/?run_id=110202&search_id=114132&scans_id=110198&peptide_id=21116&scanf=29302&charge=2&value=sp|Q16822|PCKGM_HUMAN,1,/core/www/modules/match_peptides/blast_html4.php?run_id=110202&search_id=114132&scans_id=110198&peptide_id=21116&scanf=29302&charge=2&value=1,R.GQLGNWMSPADFQR.A,/core/www/modules/show_out/show_out_wrapper.php?run_id=110202&search_id=114132&scans_id=110198&peptide_id=21116&scanf=29302&charge=2&value=R.GQLGNWMSPADFQR.A,PCK2,1.049e+7,3.399,0.001,2.999,0.000
29303,2,"  2.756","  0.474",12/16,/core/www/modules//sdig/index.php?run_id=110202&search_id=114132&scans_id=110198&peptide_id=21117&scanf=29303&charge=2&value=12/16,sp|P07237|PDIA1_HUMAN,/core/www/modules//consensus/?run_id=110202&search_id=114132&scans_id=110198&peptide_id=21117&scanf=29303&charge=2&value=sp|P07237|PDIA1_HUMAN,14,/core/www/modules/match_peptides/blast_html4.php?run_id=110202&search_id=114132&scans_id=110198&peptide_id=21117&scanf=29303&charge=2&value=14,K.THILLFLPK.S,/core/www/modules/show_out/show_out_wrapper.php?run_id=110202&search_id=114132&scans_id=110198&peptide_id=21117&scanf=29303&charge=2&value=K.THILLFLPK.S,P4HB,1.199e+7,3.460,0.001,3.088,0.000
29304,2,"  4.151","  0.624",16/26,/core/www/modules//sdig/index.php?run_id=110202&search_id=114132&scans_id=110198&peptide_id=21118&scanf=29304&charge=2&value=16/26,sp|Q8NEJ9|NGDN_HUMAN,/core/www/modules//consensus/?run_id=110202&search_id=114132&scans_id=110198&peptide_id=21118&scanf=29304&charge=2&value=sp|Q8NEJ9|NGDN_HUMAN,3,/core/www/modules/match_peptides/blast_html4.php?run_id=110202&search_id=114132&scans_id=110198&peptide_id=21118&scanf=29304&charge=2&value=3,K.NLQEQVMAVTAQVK.S,/core/www/modules/show_out/show_out_wrapper.php?run_id=110202&search_id=114132&scans_id=110198&peptide_id=21118&scanf=29304&charge=2&value=K.NLQEQVMAVTAQVK.S,NGDN,3.790e+6,3.564,0.001,3.243,0.000
29308,2,"  2.313","  0.290",8/16,/core/www/modules//sdig/index.php?run_id=110202&search_id=114132&scans_id=110198&peptide_id=21122&scanf=29308&charge=2&value=8/16,sp|Q8IY18|SMC5_HUMAN,/core/www/modules//consensus/?run_id=110202&search_id=114132&scans_id=110198&peptide_id=21122&scanf=29308&charge=2&value=sp|Q8IY18|SMC5_HUMAN,0,/core/www/modules/match_peptides/blast_html4.php?run_id=110202&search_id=114132&scans_id=110198&peptide_id=21122&scanf=29308&charge=2&value=0,K.NQSFWFINK.K,/core/www/modules/show_out/show_out_wrapper.php?run_id=110202&search_id=114132&scans_id=110198&peptide_id=21122&scanf=29308&charge=2&value=K.NQSFWFINK.K,SMC5,3.767e+6,2.224,0.053,1.278,0.002
29310,3,"  2.794","  0.388",9/76,/core/www/modules//sdig/index.php?run_id=110202&search_id=114132&scans_id=110198&peptide_id=21125&scanf=29310&charge=3&value=9/76,sp|Q9UPN3|MACF1_HUMAN,/core/www/modules//consensus/?run_id=110202&search_id=114132&scans_id=110198&peptide_id=21125&scanf=29310&charge=3&value=sp|Q9UPN3|MACF1_HUMAN,4,/core/www/modules/match_peptides/blast_html4.php?run_id=110202&search_id=114132&scans_id=110198&peptide_id=21125&scanf=29310&charge=3&value=4,R.ALALDEAVSQSTQITEFHDK.I,/core/www/modules/show_out/show_out_wrapper.php?run_id=110202&search_id=114132&scans_id=110198&peptide_id=21125&scanf=29310&charge=3&value=R.ALALDEAVSQSTQITEFHDK.I,MACF1,6.666e+6,2.235,0.051,1.295,0.002
29316,3,"  3.493","  0.480",17/36,/core/www/modules//sdig/index.php?run_id=110202&search_id=114132&scans_id=110198&peptide_id=21130&scanf=29316&charge=3&value=17/36,sp|P36915|GNL1_HUMAN,/core/www/modules//consensus/?run_id=110202&search_id=114132&scans_id=110198&peptide_id=21130&scanf=29316&charge=3&value=sp|P36915|GNL1_HUMAN,1,/core/www/modules/match_peptides/blast_html4.php?run_id=110202&search_id=114132&scans_id=110198&peptide_id=21130&scanf=29316&charge=3&value=1,R.IPVQALLHLR.H,/core/www/modules/show_out/show_out_wrapper.php?run_id=110202&search_id=114132&scans_id=110198&peptide_id=21130&scanf=29316&charge=3&value=R.IPVQALLHLR.H,GNL1,7.207e+6,3.513,0.001,3.168,0.000
29320,2,"  2.608","  0.441",15/24,/core/www/modules//sdig/index.php?run_id=110202&search_id=114132&scans_id=110198&peptide_id=21135&scanf=29320&charge=2&value=15/24,sp|P38919|IF4A3_HUMAN,/core/www/modules//consensus/?run_id=110202&search_id=114132&scans_id=110198&peptide_id=21135&scanf=29320&charge=2&value=sp|P38919|IF4A3_HUMAN,1,/core/www/modules/match_peptides/blast_html4.php?run_id=110202&search_id=114132&scans_id=110198&peptide_id=21135&scanf=29320&charge=2&value=1,K.M*LVLDEADEMLNK.G,/core/www/modules/show_out/show_out_wrapper.php?run_id=110202&search_id=114132&scans_id=110198&peptide_id=21135&scanf=29320&charge=2&value=K.M*LVLDEADEMLNK.G,EIF4A3,1.126e+7,3.085,0.003,2.534,0.000
29323,3,"  2.399","  0.344",13/36,/core/www/modules//sdig/index.php?run_id=110202&search_id=114132&scans_id=110198&peptide_id=21138&scanf=29323&charge=3&value=13/36,sp|Q16531|DDB1_HUMAN,/core/www/modules//consensus/?run_id=110202&search_id=114132&scans_id=110198&peptide_id=21138&scanf=29323&charge=3&value=sp|Q16531|DDB1_HUMAN,13,/core/www/modules/match_peptides/blast_html4.php?run_id=110202&search_id=114132&scans_id=110198&peptide_id=21138&scanf=29323&charge=3&value=13,K.IAVMELFRPK.G,/core/www/modules/show_out/show_out_wrapper.php?run_id=110202&search_id=114132&scans_id=110198&peptide_id=21138&scanf=29323&charge=3&value=K.IAVMELFRPK.G,DDB1,1.474e+7,2.887,0.006,2.241,0.000
29324,2,"  2.447","  0.430",9/20,/core/www/modules//sdig/index.php?run_id=110202&search_id=114132&scans_id=110198&peptide_id=21139&scanf=29324&charge=2&value=9/20,sp|Q9HAV4|XPO5_HUMAN,/core/www/modules//consensus/?run_id=110202&search_id=114132&scans_id=110198&peptide_id=21139&scanf=29324&charge=2&value=sp|Q9HAV4|XPO5_HUMAN,0,/core/www/modules/match_peptides/blast_html4.php?run_id=110202&search_id=114132&scans_id=110198&peptide_id=21139&scanf=29324&charge=2&value=0,K.TSFQMAGEWLK.Y,/core/www/modules/show_out/show_out_wrapper.php?run_id=110202&search_id=114132&scans_id=110198&peptide_id=21139&scanf=29324&charge=2&value=K.TSFQMAGEWLK.Y,XPO5,6.158e+6,2.694,0.011,1.957,0.000
29325,2,"  1.477","  0.307",8/16,/core/www/modules//sdig/index.php?run_id=110202&search_id=114132&scans_id=110198&peptide_id=21140&scanf=29325&charge=2&value=8/16,sp|P50570|DYN2_HUMAN,/core/www/modules//consensus/?run_id=110202&search_id=114132&scans_id=110198&peptide_id=21140&scanf=29325&charge=2&value=sp|P50570|DYN2_HUMAN,4,/core/www/modules/match_peptides/blast_html4.php?run_id=110202&search_id=114132&scans_id=110198&peptide_id=21140&scanf=29325&charge=2&value=4,K.YMLPLDNLK.I,/core/www/modules/show_out/show_out_wrapper.php?run_id=110202&search_id=114132&scans_id=110198&peptide_id=21140&scanf=29325&charge=2&value=K.YMLPLDNLK.I,DNM2,6.819e+6,2.501,0.021,1.676,0.001
29326,2,"  2.250","  0.202",10/20,/core/www/modules//sdig/index.php?run_id=110202&search_id=114132&scans_id=110198&peptide_id=21141&scanf=29326&charge=2&value=10/20,sp|Q93074|MED12_HUMAN,/core/www/modules//consensus/?run_id=110202&search_id=114132&scans_id=110198&peptide_id=21141&scanf=29326&charge=2&value=sp|Q93074|MED12_HUMAN,9,/core/www/modules/match_peptides/blast_html4.php?run_id=110202&search_id=114132&scans_id=110198&peptide_id=21141&scanf=29326&charge=2&value=9,K.AVFVLGDAELK.G,/core/www/modules/show_out/show_out_wrapper.php?run_id=110202&search_id=114132&scans_id=110198&peptide_id=21141&scanf=29326&charge=2&value=K.AVFVLGDAELK.G,MED12,1.053e+7,1.830,0.176,0.755,0.010
29328,2,"  4.516","  0.675",21/26,/core/www/modules//sdig/index.php?run_id=110202&search_id=114132&scans_id=110198&peptide_id=21143&scanf=29328&charge=2&value=21/26,sp|O75643|U520_HUMAN,/core/www/modules//consensus/?run_id=110202&search_id=114132&scans_id=110198&peptide_id=21143&scanf=29328&charge=2&value=sp|O75643|U520_HUMAN,1,/core/www/modules/match_peptides/blast_html4.php?run_id=110202&search_id=114132&scans_id=110198&peptide_id=21143&scanf=29328&charge=2&value=1,R.LYDLNHNEIGELIR.M,/core/www/modules/show_out/show_out_wrapper.php?run_id=110202&search_id=114132&scans_id=110198&peptide_id=21143&scanf=29328&charge=2&value=R.LYDLNHNEIGELIR.M,SNRNP200,1.387e+7,4.381,0.000,4.454,0.000
29329,2,"  2.500","  0.438",12/22,/core/www/modules//sdig/index.php?run_id=110202&search_id=114132&scans_id=110198&peptide_id=21144&scanf=29329&charge=2&value=12/22,sp|Q8WWQ0|PHIP_HUMAN,/core/www/modules//consensus/?run_id=110202&search_id=114132&scans_id=110198&peptide_id=21144&scanf=29329&charge=2&value=sp|Q8WWQ0|PHIP_HUMAN,4,/core/www/modules/match_peptides/blast_html4.php?run_id=110202&search_id=114132&scans_id=110198&peptide_id=21144&scanf=29329&charge=2&value=4,K.LDADLLVPASVK.V,/core/www/modules/show_out/show_out_wrapper.php?run_id=110202&search_id=114132&scans_id=110198&peptide_id=21144&scanf=29329&charge=2&value=K.LDADLLVPASVK.V,PHIP,7.267e+6,2.951,0.005,2.336,0.000
29331,3,"  2.619","  0.390",11/36,/core/www/modules//sdig/index.php?run_id=110202&search_id=114132&scans_id=110198&peptide_id=21147&scanf=29331&charge=3&value=11/36,sp|Q15397|PUM3_HUMAN,/core/www/modules//consensus/?run_id=110202&search_id=114132&scans_id=110198&peptide_id=21147&scanf=29331&charge=3&value=sp|Q15397|PUM3_HUMAN,0,/core/www/modules/match_peptides/blast_html4.php?run_id=110202&search_id=114132&scans_id=110198&peptide_id=21147&scanf=29331&charge=3&value=0,R.KVLLYLLSPR.D,/core/www/modules/show_out/show_out_wrapper.php?run_id=110202&search_id=114132&scans_id=110198&peptide_id=21147&scanf=29331&charge=3&value=R.KVLLYLLSPR.D,PUM3,5.098e+6,2.748,0.009,2.036,0.000
29332,2,"  3.017","  0.665",13/24,/core/www/modules//sdig/index.php?run_id=110202&search_id=114132&scans_id=110198&peptide_id=21148&scanf=29332&charge=2&value=13/24,sp|P55884|EIF3B_HUMAN,/core/www/modules//consensus/?run_id=110202&search_id=114132&scans_id=110198&peptide_id=21148&scanf=29332&charge=2&value=sp|P55884|EIF3B_HUMAN,1,/core/www/modules/match_peptides/blast_html4.php?run_id=110202&search_id=114132&scans_id=110198&peptide_id=21148&scanf=29332&charge=2&value=1,K.YMTISDEWDIPEK.Q,/core/www/modules/show_out/show_out_wrapper.php?run_id=110202&search_id=114132&scans_id=110198&peptide_id=21148&scanf=29332&charge=2&value=K.YMTISDEWDIPEK.Q,EIF3B,5.252e+6,3.668,0.000,3.398,0.000
29337,3,"  3.463","  0.556",20/52,/core/www/modules//sdig/index.php?run_id=110202&search_id=114132&scans_id=110198&peptide_id=21152&scanf=29337&charge=3&value=20/52,sp|P40616|ARL1_HUMAN,/core/www/modules//consensus/?run_id=110202&search_id=114132&scans_id=110198&peptide_id=21152&scanf=29337&charge=3&value=sp|P40616|ARL1_HUMAN,2,/core/www/modules/match_peptides/blast_html4.php?run_id=110202&search_id=114132&scans_id=110198&peptide_id=21152&scanf=29337&charge=3&value=2,K.SELVAMLEEEELRK.A,/core/www/modules/show_out/show_out_wrapper.php?run_id=110202&search_id=114132&scans_id=110198&peptide_id=21152&scanf=29337&charge=3&value=K.SELVAMLEEEELRK.A,ARL1,4.854e+7,3.241,0.002,2.765,0.000
29339,2,"  1.975","  0.371",8/14,/core/www/modules//sdig/index.php?run_id=110202&search_id=114132&scans_id=110198&peptide_id=21154&scanf=29339&charge=2&value=8/14,sp|O75691|UTP20_HUMAN,/core/www/modules//consensus/?run_id=110202&search_id=114132&scans_id=110198&peptide_id=21154&scanf=29339&charge=2&value=sp|O75691|UTP20_HUMAN,0,/core/www/modules/match_peptides/blast_html4.php?run_id=110202&search_id=114132&scans_id=110198&peptide_id=21154&scanf=29339&charge=2&value=0,R.ELSPLFLR.F,/core/www/modules/show_out/show_out_wrapper.php?run_id=110202&search_id=114132&scans_id=110198&peptide_id=21154&scanf=29339&charge=2&value=R.ELSPLFLR.F,UTP20,9.362e+6,2.929,0.005,2.303,0.000
29342,2,"  2.463","  0.371",12/20,/core/www/modules//sdig/index.php?run_id=110202&search_id=114132&scans_id=110198&peptide_id=21158&scanf=29342&charge=2&value=12/20,sp|O75643|U520_HUMAN,/core/www/modules//consensus/?run_id=110202&search_id=114132&scans_id=110198&peptide_id=21158&scanf=29342&charge=2&value=sp|O75643|U520_HUMAN,1,/core/www/modules/match_peptides/blast_html4.php?run_id=110202&search_id=114132&scans_id=110198&peptide_id=21158&scanf=29342&charge=2&value=1,R.FQIMNEIVYEK.I,/core/www/modules/show_out/show_out_wrapper.php?run_id=110202&search_id=114132&scans_id=110198&peptide_id=21158&scanf=29342&charge=2&value=R.FQIMNEIVYEK.I,SNRNP200,1.600e+7,3.016,0.004,2.431,0.000
29349,2,"  1.978","  0.339",8/22,/core/www/modules//sdig/index.php?run_id=110202&search_id=114132&scans_id=110198&peptide_id=21165&scanf=29349&charge=2&value=8/22,sp|Q03001|DYST_HUMAN,/core/www/modules//consensus/?run_id=110202&search_id=114132&scans_id=110198&peptide_id=21165&scanf=29349&charge=2&value=sp|Q03001|DYST_HUMAN,7,/core/www/modules/match_peptides/blast_html4.php?run_id=110202&search_id=114132&scans_id=110198&peptide_id=21165&scanf=29349&charge=2&value=7,K.TSIPIKAICDYR.Q,/core/www/modules/show_out/show_out_wrapper.php?run_id=110202&search_id=114132&scans_id=110198&peptide_id=21165&scanf=29349&charge=2&value=K.TSIPIKAICDYR.Q,DST,3.947e+6,1.932,0.131,0.883,0.006
29350,3,"  2.382","  0.330",8/48,/core/www/modules//sdig/index.php?run_id=110202&search_id=114132&scans_id=110198&peptide_id=21167&scanf=29350&charge=3&value=8/48,sp|Q96G03|PGM2_HUMAN,/core/www/modules//consensus/?run_id=110202&search_id=114132&scans_id=110198&peptide_id=21167&scanf=29350&charge=3&value=sp|Q96G03|PGM2_HUMAN,1,/core/www/modules/match_peptides/blast_html4.php?run_id=110202&search_id=114132&scans_id=110198&peptide_id=21167&scanf=29350&charge=3&value=1,K.EGFHFEETLTGFK.W,/core/www/modules/show_out/show_out_wrapper.php?run_id=110202&search_id=114132&scans_id=110198&peptide_id=21167&scanf=29350&charge=3&value=K.EGFHFEETLTGFK.W,PGM2,6.608e+6,2.372,0.032,1.489,0.001
29351,3,"  3.369","  0.545",14/40,/core/www/modules//sdig/index.php?run_id=110202&search_id=114132&scans_id=110198&peptide_id=21168&scanf=29351&charge=3&value=14/40,sp|O75439|MPPB_HUMAN,/core/www/modules//consensus/?run_id=110202&search_id=114132&scans_id=110198&peptide_id=21168&scanf=29351&charge=3&value=sp|O75439|MPPB_HUMAN,2,/core/www/modules/match_peptides/blast_html4.php?run_id=110202&search_id=114132&scans_id=110198&peptide_id=21168&scanf=29351&charge=3&value=2,K.DLVDYITTHYK.G,/core/www/modules/show_out/show_out_wrapper.php?run_id=110202&search_id=114132&scans_id=110198&peptide_id=21168&scanf=29351&charge=3&value=K.DLVDYITTHYK.G,PMPCB,8.527e+6,3.520,0.001,3.178,0.000
29353,3,"  3.113","  0.634",17/44,/core/www/modules//sdig/index.php?run_id=110202&search_id=114132&scans_id=110198&peptide_id=21170&scanf=29353&charge=3&value=17/44,sp|Q9NX58|LYAR_HUMAN,/core/www/modules//consensus/?run_id=110202&search_id=114132&scans_id=110198&peptide_id=21170&scanf=29353&charge=3&value=sp|Q9NX58|LYAR_HUMAN,0,/core/www/modules/match_peptides/blast_html4.php?run_id=110202&search_id=114132&scans_id=110198&peptide_id=21170&scanf=29353&charge=3&value=0,R.SEEELLVIFNKK.I,/core/www/modules/show_out/show_out_wrapper.php?run_id=110202&search_id=114132&scans_id=110198&peptide_id=21170&scanf=29353&charge=3&value=R.SEEELLVIFNKK.I,LYAR,5.164e+6,3.572,0.001,3.255,0.000
29354,3,"  2.849","  0.480",11/40,/core/www/modules//sdig/index.php?run_id=110202&search_id=114132&scans_id=110198&peptide_id=21171&scanf=29354&charge=3&value=11/40,sp|P27144|KAD4_HUMAN,/core/www/modules//consensus/?run_id=110202&search_id=114132&scans_id=110198&peptide_id=21171&scanf=29354&charge=3&value=sp|P27144|KAD4_HUMAN,2,/core/www/modules/match_peptides/blast_html4.php?run_id=110202&search_id=114132&scans_id=110198&peptide_id=21171&scanf=29354&charge=3&value=2,R.GQHWLLDGFPR.T,/core/www/modules/show_out/show_out_wrapper.php?run_id=110202&search_id=114132&scans_id=110198&peptide_id=21171&scanf=29354&charge=3&value=R.GQHWLLDGFPR.T,AK4,3.557e+6,3.166,0.002,2.653,0.000
29358,2,"  1.603","  0.214",10/18,/core/www/modules//sdig/index.php?run_id=110202&search_id=114132&scans_id=110198&peptide_id=21174&scanf=29358&charge=2&value=10/18,sp|Q9Y3T9|NOC2L_HUMAN,/core/www/modules//consensus/?run_id=110202&search_id=114132&scans_id=110198&peptide_id=21174&scanf=29358&charge=2&value=sp|Q9Y3T9|NOC2L_HUMAN,0,/core/www/modules/match_peptides/blast_html4.php?run_id=110202&search_id=114132&scans_id=110198&peptide_id=21174&scanf=29358&charge=2&value=0,R.LEDLNFPEIK.R,/core/www/modules/show_out/show_out_wrapper.php?run_id=110202&search_id=114132&scans_id=110198&peptide_id=21174&scanf=29358&charge=2&value=R.LEDLNFPEIK.R,NOC2L,3.598e+7,2.172,0.062,1.206,0.002
29359,2,"  3.461","  0.286",13/22,/core/www/modules//sdig/index.php?run_id=110202&search_id=114132&scans_id=110198&peptide_id=21175&scanf=29359&charge=2&value=13/22,sp|Q9Y2K7|KDM2A_HUMAN,/core/www/modules//consensus/?run_id=110202&search_id=114132&scans_id=110198&peptide_id=21175&scanf=29359&charge=2&value=sp|Q9Y2K7|KDM2A_HUMAN,1,/core/www/modules/match_peptides/blast_html4.php?run_id=110202&search_id=114132&scans_id=110198&peptide_id=21175&scanf=29359&charge=2&value=1,R.LAGLDITDATLR.L,/core/www/modules/show_out/show_out_wrapper.php?run_id=110202&search_id=114132&scans_id=110198&peptide_id=21175&scanf=29359&charge=2&value=R.LAGLDITDATLR.L,KDM2A,1.205e+7,2.323,0.038,1.419,0.001
29362,2,"  2.196","  0.455",11/16,/core/www/modules//sdig/index.php?run_id=110202&search_id=114132&scans_id=110198&peptide_id=21179&scanf=29362&charge=2&value=11/16,sp|P49959|MRE11_HUMAN,/core/www/modules//consensus/?run_id=110202&search_id=114132&scans_id=110198&peptide_id=21179&scanf=29362&charge=2&value=sp|P49959|MRE11_HUMAN,1,/core/www/modules/match_peptides/blast_html4.php?run_id=110202&search_id=114132&scans_id=110198&peptide_id=21179&scanf=29362&charge=2&value=1,R.NMSIIDAFK.S,/core/www/modules/show_out/show_out_wrapper.php?run_id=110202&search_id=114132&scans_id=110198&peptide_id=21179&scanf=29362&charge=2&value=R.NMSIIDAFK.S,MRE11,7.710e+6,3.286,0.001,2.831,0.000
29364,3,"  3.725","  0.471",17/60,/core/www/modules//sdig/index.php?run_id=110202&search_id=114132&scans_id=110198&peptide_id=21181&scanf=29364&charge=3&value=17/60,sp|Q9H0A0|NAT10_HUMAN,/core/www/modules//consensus/?run_id=110202&search_id=114132&scans_id=110198&peptide_id=21181&scanf=29364&charge=3&value=sp|Q9H0A0|NAT10_HUMAN,0,/core/www/modules/match_peptides/blast_html4.php?run_id=110202&search_id=114132&scans_id=110198&peptide_id=21181&scanf=29364&charge=3&value=0,K.TLSDDLDEAAKEFQEK.H,/core/www/modules/show_out/show_out_wrapper.php?run_id=110202&search_id=114132&scans_id=110198&peptide_id=21181&scanf=29364&charge=3&value=K.TLSDDLDEAAKEFQEK.H,NAT10,6.633e+6,2.859,0.006,2.199,0.000
29366,3,"  3.858","  0.609",15/68,/core/www/modules//sdig/index.php?run_id=110202&search_id=114132&scans_id=110198&peptide_id=21183&scanf=29366&charge=3&value=15/68,sp|P63104|1433Z_HUMAN,/core/www/modules//consensus/?run_id=110202&search_id=114132&scans_id=110198&peptide_id=21183&scanf=29366&charge=3&value=sp|P63104|1433Z_HUMAN,3,/core/www/modules/match_peptides/blast_html4.php?run_id=110202&search_id=114132&scans_id=110198&peptide_id=21183&scanf=29366&charge=3&value=3,K.GIVDQSQQAYQEAFEISK.K,/core/www/modules/show_out/show_out_wrapper.php?run_id=110202&search_id=114132&scans_id=110198&peptide_id=21183&scanf=29366&charge=3&value=K.GIVDQSQQAYQEAFEISK.K,YWHAZ,1.940e+7,3.244,0.002,2.769,0.000
29370,3,"  3.063","  0.506",17/72,/core/www/modules//sdig/index.php?run_id=110202&search_id=114132&scans_id=110198&peptide_id=21187&scanf=29370&charge=3&value=17/72,sp|P06748|NPM_HUMAN,/core/www/modules//consensus/?run_id=110202&search_id=114132&scans_id=110198&peptide_id=21187&scanf=29370&charge=3&value=sp|P06748|NPM_HUMAN,8,/core/www/modules/match_peptides/blast_html4.php?run_id=110202&search_id=114132&scans_id=110198&peptide_id=21187&scanf=29370&charge=3&value=8,K.DELHIVEAEAM*NYEGSPIK.V,/core/www/modules/show_out/show_out_wrapper.php?run_id=110202&search_id=114132&scans_id=110198&peptide_id=21187&scanf=29370&charge=3&value=K.DELHIVEAEAM*NYEGSPIK.V,NPM1,4.604e+6,2.961,0.004,2.350,0.000
29371,2,"  3.254","  0.611",12/28,/core/www/modules//sdig/index.php?run_id=110202&search_id=114132&scans_id=110198&peptide_id=21188&scanf=29371&charge=2&value=12/28,sp|O60341|KDM1A_HUMAN,/core/www/modules//consensus/?run_id=110202&search_id=114132&scans_id=110198&peptide_id=21188&scanf=29371&charge=2&value=sp|O60341|KDM1A_HUMAN,16,/core/www/modules/match_peptides/blast_html4.php?run_id=110202&search_id=114132&scans_id=110198&peptide_id=21188&scanf=29371&charge=2&value=16,K.VIIIGSGVSGLAAAR.Q,/core/www/modules/show_out/show_out_wrapper.php?run_id=110202&search_id=114132&scans_id=110198&peptide_id=21188&scanf=29371&charge=2&value=K.VIIIGSGVSGLAAAR.Q,KDM1A,6.847e+6,2.940,0.005,2.320,0.000
29372,3,"  3.916","  0.589",17/56,/core/www/modules//sdig/index.php?run_id=110202&search_id=114132&scans_id=110198&peptide_id=21189&scanf=29372&charge=3&value=17/56,sp|P22626|ROA2_HUMAN,/core/www/modules//consensus/?run_id=110202&search_id=114132&scans_id=110198&peptide_id=21189&scanf=29372&charge=3&value=sp|P22626|ROA2_HUMAN,9,/core/www/modules/match_peptides/blast_html4.php?run_id=110202&search_id=114132&scans_id=110198&peptide_id=21189&scanf=29372&charge=3&value=9,R.GFGFVTFDDHDPVDK.I,/core/www/modules/show_out/show_out_wrapper.php?run_id=110202&search_id=114132&scans_id=110198&peptide_id=21189&scanf=29372&charge=3&value=R.GFGFVTFDDHDPVDK.I,HNRNPA2B1,3.464e+8,3.633,0.000,3.346,0.000
29375,2,"  2.985","  0.359",12/22,/core/www/modules//sdig/index.php?run_id=110202&search_id=114132&scans_id=110198&peptide_id=21192&scanf=29375&charge=2&value=12/22,sp|Q8WXX5|DNJC9_HUMAN,/core/www/modules//consensus/?run_id=110202&search_id=114132&scans_id=110198&peptide_id=21192&scanf=29375&charge=2&value=sp|Q8WXX5|DNJC9_HUMAN,0,/core/www/modules/match_peptides/blast_html4.php?run_id=110202&search_id=114132&scans_id=110198&peptide_id=21192&scanf=29375&charge=2&value=0,K.EMDNFLAQMEAK.Y,/core/www/modules/show_out/show_out_wrapper.php?run_id=110202&search_id=114132&scans_id=110198&peptide_id=21192&scanf=29375&charge=2&value=K.EMDNFLAQMEAK.Y,DNAJC9,4.813e+6,2.483,0.022,1.650,0.001
29377,2,"  5.919","  0.776",23/38,/core/www/modules//sdig/index.php?run_id=110202&search_id=114132&scans_id=110198&peptide_id=21194&scanf=29377&charge=2&value=23/38,sp|Q9NYF8|BCLF1_HUMAN,/core/www/modules//consensus/?run_id=110202&search_id=114132&scans_id=110198&peptide_id=21194&scanf=29377&charge=2&value=sp|Q9NYF8|BCLF1_HUMAN,6,/core/www/modules/match_peptides/blast_html4.php?run_id=110202&search_id=114132&scans_id=110198&peptide_id=21194&scanf=29377&charge=2&value=6,K.SSATSGDIWPGLSAYDNSPR.S,/core/www/modules/show_out/show_out_wrapper.php?run_id=110202&search_id=114132&scans_id=110198&peptide_id=21194&scanf=29377&charge=2&value=K.SSATSGDIWPGLSAYDNSPR.S,BCLAF1,3.070e+6,4.005,0.000,3.896,0.000
29381,2,"  3.249","  0.582",14/22,/core/www/modules//sdig/index.php?run_id=110202&search_id=114132&scans_id=110198&peptide_id=21198&scanf=29381&charge=2&value=14/22,sp|Q8WWQ0|PHIP_HUMAN,/core/www/modules//consensus/?run_id=110202&search_id=114132&scans_id=110198&peptide_id=21198&scanf=29381&charge=2&value=sp|Q8WWQ0|PHIP_HUMAN,4,/core/www/modules/match_peptides/blast_html4.php?run_id=110202&search_id=114132&scans_id=110198&peptide_id=21198&scanf=29381&charge=2&value=4,K.LDADLLVPASVK.V,/core/www/modules/show_out/show_out_wrapper.php?run_id=110202&search_id=114132&scans_id=110198&peptide_id=21198&scanf=29381&charge=2&value=K.LDADLLVPASVK.V,PHIP,7.267e+6,3.587,0.001,3.276,0.000
29387,2,"  4.019","  0.621",16/26,/core/www/modules//sdig/index.php?run_id=110202&search_id=114132&scans_id=110198&peptide_id=21204&scanf=29387&charge=2&value=16/26,sp|P51149|RAB7A_HUMAN,/core/www/modules//consensus/?run_id=110202&search_id=114132&scans_id=110198&peptide_id=21204&scanf=29387&charge=2&value=sp|P51149|RAB7A_HUMAN,6,/core/www/modules/match_peptides/blast_html4.php?run_id=110202&search_id=114132&scans_id=110198&peptide_id=21204&scanf=29387&charge=2&value=6,R.LVTMQIWDTAGQER.F,/core/www/modules/show_out/show_out_wrapper.php?run_id=110202&search_id=114132&scans_id=110198&peptide_id=21204&scanf=29387&charge=2&value=R.LVTMQIWDTAGQER.F,RAB7A,6.172e+6,3.610,0.000,3.312,0.000
29389,3,"  2.901","  0.415",13/44,/core/www/modules//sdig/index.php?run_id=110202&search_id=114132&scans_id=110198&peptide_id=21206&scanf=29389&charge=3&value=13/44,sp|Q9Y678|COPG1_HUMAN,/core/www/modules//consensus/?run_id=110202&search_id=114132&scans_id=110198&peptide_id=21206&scanf=29389&charge=3&value=sp|Q9Y678|COPG1_HUMAN,1,/core/www/modules/match_peptides/blast_html4.php?run_id=110202&search_id=114132&scans_id=110198&peptide_id=21206&scanf=29389&charge=3&value=1,K.NTHTLLLAGVFR.G,/core/www/modules/show_out/show_out_wrapper.php?run_id=110202&search_id=114132&scans_id=110198&peptide_id=21206&scanf=29389&charge=3&value=K.NTHTLLLAGVFR.G,COPG1,7.045e+6,2.955,0.005,2.342,0.000
29390,2,"  2.348","  0.534",9/14,/core/www/modules//sdig/index.php?run_id=110202&search_id=114132&scans_id=110198&peptide_id=21208&scanf=29390&charge=2&value=9/14,sp|P59998|ARPC4_HUMAN,/core/www/modules//consensus/?run_id=110202&search_id=114132&scans_id=110198&peptide_id=21208&scanf=29390&charge=2&value=sp|P59998|ARPC4_HUMAN,4,/core/www/modules/match_peptides/blast_html4.php?run_id=110202&search_id=114132&scans_id=110198&peptide_id=21208&scanf=29390&charge=2&value=4,R.AENFFILR.R,/core/www/modules/show_out/show_out_wrapper.php?run_id=110202&search_id=114132&scans_id=110198&peptide_id=21208&scanf=29390&charge=2&value=R.AENFFILR.R,ARPC4,1.214e+7,3.442,0.001,3.063,0.000
29391,2,"  2.513","  0.477",10/14,/core/www/modules//sdig/index.php?run_id=110202&search_id=114132&scans_id=110198&peptide_id=21209&scanf=29391&charge=2&value=10/14,sp|O00159|MYO1C_HUMAN,/core/www/modules//consensus/?run_id=110202&search_id=114132&scans_id=110198&peptide_id=21209&scanf=29391&charge=2&value=sp|O00159|MYO1C_HUMAN,1,/core/www/modules/match_peptides/blast_html4.php?run_id=110202&search_id=114132&scans_id=110198&peptide_id=21209&scanf=29391&charge=2&value=1,R.TSFLLNLR.R,/core/www/modules/show_out/show_out_wrapper.php?run_id=110202&search_id=114132&scans_id=110198&peptide_id=21209&scanf=29391&charge=2&value=R.TSFLLNLR.R,MYO1C,1.535e+7,3.483,0.001,3.123,0.000
29392,3,"  3.471","  0.480",14/40,/core/www/modules//sdig/index.php?run_id=110202&search_id=114132&scans_id=110198&peptide_id=21210&scanf=29392&charge=3&value=14/40,sp|O75475|PSIP1_HUMAN,/core/www/modules//consensus/?run_id=110202&search_id=114132&scans_id=110198&peptide_id=21210&scanf=29392&charge=3&value=sp|O75475|PSIP1_HUMAN,0,/core/www/modules/match_peptides/blast_html4.php?run_id=110202&search_id=114132&scans_id=110198&peptide_id=21210&scanf=29392&charge=3&value=0,R.DFKPGDLIFAK.M,/core/www/modules/show_out/show_out_wrapper.php?run_id=110202&search_id=114132&scans_id=110198&peptide_id=21210&scanf=29392&charge=3&value=R.DFKPGDLIFAK.M,PSIP1,6.116e+6,3.289,0.001,2.836,0.000
29394,3,"  3.278","  0.491",14/56,/core/www/modules//sdig/index.php?run_id=110202&search_id=114132&scans_id=110198&peptide_id=21212&scanf=29394&charge=3&value=14/56,sp|O60287|NPA1P_HUMAN,/core/www/modules//consensus/?run_id=110202&search_id=114132&scans_id=110198&peptide_id=21212&scanf=29394&charge=3&value=sp|O60287|NPA1P_HUMAN,0,/core/www/modules/match_peptides/blast_html4.php?run_id=110202&search_id=114132&scans_id=110198&peptide_id=21212&scanf=29394&charge=3&value=0,K.HGINFYDASLGTFGR.G,/core/www/modules/show_out/show_out_wrapper.php?run_id=110202&search_id=114132&scans_id=110198&peptide_id=21212&scanf=29394&charge=3&value=K.HGINFYDASLGTFGR.G,URB1,3.532e+6,3.043,0.003,2.471,0.000
29395,2,"  1.328","  0.207",8/20,/core/www/modules//sdig/index.php?run_id=110202&search_id=114132&scans_id=110198&peptide_id=21213&scanf=29395&charge=2&value=8/20,sp|Q9UIF9|BAZ2A_HUMAN,/core/www/modules//consensus/?run_id=110202&search_id=114132&scans_id=110198&peptide_id=21213&scanf=29395&charge=2&value=sp|Q9UIF9|BAZ2A_HUMAN,3,/core/www/modules/match_peptides/blast_html4.php?run_id=110202&search_id=114132&scans_id=110198&peptide_id=21213&scanf=29395&charge=2&value=3,K.TTNPLDLAVMR.L,/core/www/modules/show_out/show_out_wrapper.php?run_id=110202&search_id=114132&scans_id=110198&peptide_id=21213&scanf=29395&charge=2&value=K.TTNPLDLAVMR.L,BAZ2A,6.000e+6,1.947,0.125,0.902,0.006
29396,2,"  1.746","  0.000",10/12,/core/www/modules//sdig/index.php?run_id=110202&search_id=114132&scans_id=110198&peptide_id=21214&scanf=29396&charge=2&value=10/12,sp|P50570|DYN2_HUMAN,/core/www/modules//consensus/?run_id=110202&search_id=114132&scans_id=110198&peptide_id=21214&scanf=29396&charge=2&value=sp|P50570|DYN2_HUMAN,4,/core/www/modules/match_peptides/blast_html4.php?run_id=110202&search_id=114132&scans_id=110198&peptide_id=21214&scanf=29396&charge=2&value=4,R.FPFELVK.M,/core/www/modules/show_out/show_out_wrapper.php?run_id=110202&search_id=114132&scans_id=110198&peptide_id=21214&scanf=29396&charge=2&value=R.FPFELVK.M,DNM2,2.756e+7,3.342,0.001,2.915,0.000
29397,4,"  2.500","  0.381",15/120,/core/www/modules//sdig/index.php?run_id=110202&search_id=114132&scans_id=110198&peptide_id=21215&scanf=29397&charge=4&value=15/120,sp|P78527|PRKDC_HUMAN,/core/www/modules//consensus/?run_id=110202&search_id=114132&scans_id=110198&peptide_id=21215&scanf=29397&charge=4&value=sp|P78527|PRKDC_HUMAN,0,/core/www/modules/match_peptides/blast_html4.php?run_id=110202&search_id=114132&scans_id=110198&peptide_id=21215&scanf=29397&charge=4&value=0,R.EQRDPTVHDDVLELEMDELNR.H,/core/www/modules/show_out/show_out_wrapper.php?run_id=110202&search_id=114132&scans_id=110198&peptide_id=21215&scanf=29397&charge=4&value=R.EQRDPTVHDDVLELEMDELNR.H,PRKDC,2.617e+6,3.217,0.002,2.729,0.000
29400,2,"  2.539","  0.479",11/18,/core/www/modules//sdig/index.php?run_id=110202&search_id=114132&scans_id=110198&peptide_id=21218&scanf=29400&charge=2&value=11/18,sp|P50990|TCPQ_HUMAN,/core/www/modules//consensus/?run_id=110202&search_id=114132&scans_id=110198&peptide_id=21218&scanf=29400&charge=2&value=sp|P50990|TCPQ_HUMAN,1,/core/www/modules/match_peptides/blast_html4.php?run_id=110202&search_id=114132&scans_id=110198&peptide_id=21218&scanf=29400&charge=2&value=1,R.DIDEVSSLLR.T,/core/www/modules/show_out/show_out_wrapper.php?run_id=110202&search_id=114132&scans_id=110198&peptide_id=21218&scanf=29400&charge=2&value=R.DIDEVSSLLR.T,CCT8,3.745e+7,3.287,0.001,2.832,0.000
29401,2,"  3.063","  0.463",11/16,/core/www/modules//sdig/index.php?run_id=110202&search_id=114132&scans_id=110198&peptide_id=21219&scanf=29401&charge=2&value=11/16,sp|O00232|PSD12_HUMAN,/core/www/modules//consensus/?run_id=110202&search_id=114132&scans_id=110198&peptide_id=21219&scanf=29401&charge=2&value=sp|O00232|PSD12_HUMAN,0,/core/www/modules/match_peptides/blast_html4.php?run_id=110202&search_id=114132&scans_id=110198&peptide_id=21219&scanf=29401&charge=2&value=0,R.VEFILEQMR.L,/core/www/modules/show_out/show_out_wrapper.php?run_id=110202&search_id=114132&scans_id=110198&peptide_id=21219&scanf=29401&charge=2&value=R.VEFILEQMR.L,PSMD12,8.208e+6,3.320,0.001,2.882,0.000
29407,3,"  3.071","  0.530",9/48,/core/www/modules//sdig/index.php?run_id=110202&search_id=114132&scans_id=110198&peptide_id=21225&scanf=29407&charge=3&value=9/48,sp|Q07666|KHDR1_HUMAN,/core/www/modules//consensus/?run_id=110202&search_id=114132&scans_id=110198&peptide_id=21225&scanf=29407&charge=3&value=sp|Q07666|KHDR1_HUMAN,0,/core/www/modules/match_peptides/blast_html4.php?run_id=110202&search_id=114132&scans_id=110198&peptide_id=21225&scanf=29407&charge=3&value=0,K.DDEENYLDLFSHK.N,/core/www/modules/show_out/show_out_wrapper.php?run_id=110202&search_id=114132&scans_id=110198&peptide_id=21225&scanf=29407&charge=3&value=K.DDEENYLDLFSHK.N,KHDRBS1,5.795e+6,3.166,0.002,2.653,0.000
29408,2,"  3.578","  0.668",19/30,/core/www/modules//sdig/index.php?run_id=110202&search_id=114132&scans_id=110198&peptide_id=21226&scanf=29408&charge=2&value=19/30,sp|Q99536|VAT1_HUMAN,/core/www/modules//consensus/?run_id=110202&search_id=114132&scans_id=110198&peptide_id=21226&scanf=29408&charge=2&value=sp|Q99536|VAT1_HUMAN,3,/core/www/modules/match_peptides/blast_html4.php?run_id=110202&search_id=114132&scans_id=110198&peptide_id=21226&scanf=29408&charge=2&value=3,K.GVDIVMDPLGGSDTAK.G,/core/www/modules/show_out/show_out_wrapper.php?run_id=110202&search_id=114132&scans_id=110198&peptide_id=21226&scanf=29408&charge=2&value=K.GVDIVMDPLGGSDTAK.G,VAT1,6.975e+6,3.725,0.000,3.482,0.000
29409,2,"  2.741","  0.528",10/16,/core/www/modules//sdig/index.php?run_id=110202&search_id=114132&scans_id=110198&peptide_id=21227&scanf=29409&charge=2&value=10/16,sp|Q13813|SPTN1_HUMAN,/core/www/modules//consensus/?run_id=110202&search_id=114132&scans_id=110198&peptide_id=21227&scanf=29409&charge=2&value=sp|Q13813|SPTN1_HUMAN,2,/core/www/modules/match_peptides/blast_html4.php?run_id=110202&search_id=114132&scans_id=110198&peptide_id=21227&scanf=29409&charge=2&value=2,R.MNEVISLWK.K,/core/www/modules/show_out/show_out_wrapper.php?run_id=110202&search_id=114132&scans_id=110198&peptide_id=21227&scanf=29409&charge=2&value=R.MNEVISLWK.K,SPTAN1,7.288e+6,3.585,0.001,3.275,0.000
29410,3,"  3.167","  0.489",11/52,/core/www/modules//sdig/index.php?run_id=110202&search_id=114132&scans_id=110198&peptide_id=21229&scanf=29410&charge=3&value=11/52,sp|P51149|RAB7A_HUMAN,/core/www/modules//consensus/?run_id=110202&search_id=114132&scans_id=110198&peptide_id=21229&scanf=29410&charge=3&value=sp|P51149|RAB7A_HUMAN,6,/core/www/modules/match_peptides/blast_html4.php?run_id=110202&search_id=114132&scans_id=110198&peptide_id=21229&scanf=29410&charge=3&value=6,R.LVTMQIWDTAGQER.F,/core/www/modules/show_out/show_out_wrapper.php?run_id=110202&search_id=114132&scans_id=110198&peptide_id=21229&scanf=29410&charge=3&value=R.LVTMQIWDTAGQER.F,RAB7A,4.641e+6,2.984,0.004,2.385,0.000
29418,2,"  3.086","  0.627",15/24,/core/www/modules//sdig/index.php?run_id=110202&search_id=114132&scans_id=110198&peptide_id=21237&scanf=29418&charge=2&value=15/24,sp|Q8WVC0|LEO1_HUMAN,/core/www/modules//consensus/?run_id=110202&search_id=114132&scans_id=110198&peptide_id=21237&scanf=29418&charge=2&value=sp|Q8WVC0|LEO1_HUMAN,0,/core/www/modules/match_peptides/blast_html4.php?run_id=110202&search_id=114132&scans_id=110198&peptide_id=21237&scanf=29418&charge=2&value=0,K.VNTDLGNDLYFVK.L,/core/www/modules/show_out/show_out_wrapper.php?run_id=110202&search_id=114132&scans_id=110198&peptide_id=21237&scanf=29418&charge=2&value=K.VNTDLGNDLYFVK.L,LEO1,3.648e+6,3.465,0.001,3.096,0.000
29419,3,"  5.281","  0.713",22/104,/core/www/modules//sdig/index.php?run_id=110202&search_id=114132&scans_id=110198&peptide_id=21238&scanf=29419&charge=3&value=22/104,sp|Q4VC05|BCL7A_HUMAN,/core/www/modules//consensus/?run_id=110202&search_id=114132&scans_id=110198&peptide_id=21238&scanf=29419&charge=3&value=sp|Q4VC05|BCL7A_HUMAN,0,/core/www/modules/match_peptides/blast_html4.php?run_id=110202&search_id=114132&scans_id=110198&peptide_id=21238&scanf=29419&charge=3&value=0,R.QPSGDSGLAAETSAISQDLEGVPPSKK.M,/core/www/modules/show_out/show_out_wrapper.php?run_id=110202&search_id=114132&scans_id=110198&peptide_id=21238&scanf=29419&charge=3&value=R.QPSGDSGLAAETSAISQDLEGVPPSKK.M,BCL7A,3.116e+6,3.049,0.003,2.480,0.000
29421,3,"  3.318","  0.658",18/52,/core/www/modules//sdig/index.php?run_id=110202&search_id=114132&scans_id=110198&peptide_id=21239&scanf=29421&charge=3&value=18/52,sp|O75643|U520_HUMAN,/core/www/modules//consensus/?run_id=110202&search_id=114132&scans_id=110198&peptide_id=21239&scanf=29421&charge=3&value=sp|O75643|U520_HUMAN,1,/core/www/modules/match_peptides/blast_html4.php?run_id=110202&search_id=114132&scans_id=110198&peptide_id=21239&scanf=29421&charge=3&value=1,R.LYDLNHNEIGELIR.M,/core/www/modules/show_out/show_out_wrapper.php?run_id=110202&search_id=114132&scans_id=110198&peptide_id=21239&scanf=29421&charge=3&value=R.LYDLNHNEIGELIR.M,SNRNP200,7.479e+7,4.037,0.000,3.944,0.000
29422,3,"  2.929","  0.595",16/48,/core/www/modules//sdig/index.php?run_id=110202&search_id=114132&scans_id=110198&peptide_id=21240&scanf=29422&charge=3&value=16/48,sp|P62906|RL10A_HUMAN,/core/www/modules//consensus/?run_id=110202&search_id=114132&scans_id=110198&peptide_id=21240&scanf=29422&charge=3&value=sp|P62906|RL10A_HUMAN,0,/core/www/modules/match_peptides/blast_html4.php?run_id=110202&search_id=114132&scans_id=110198&peptide_id=21240&scanf=29422&charge=3&value=0,K.AVDIPHMDIEALK.K,/core/www/modules/show_out/show_out_wrapper.php?run_id=110202&search_id=114132&scans_id=110198&peptide_id=21240&scanf=29422&charge=3&value=K.AVDIPHMDIEALK.K,RPL10A,1.739e+8,3.584,0.001,3.273,0.000
29425,2,"  2.541","  0.490",12/20,/core/www/modules//sdig/index.php?run_id=110202&search_id=114132&scans_id=110198&peptide_id=21243&scanf=29425&charge=2&value=12/20,sp|Q9Y5L4|TIM13_HUMAN,/core/www/modules//consensus/?run_id=110202&search_id=114132&scans_id=110198&peptide_id=21243&scanf=29425&charge=2&value=sp|Q9Y5L4|TIM13_HUMAN,0,/core/www/modules/match_peptides/blast_html4.php?run_id=110202&search_id=114132&scans_id=110198&peptide_id=21243&scanf=29425&charge=2&value=0,K.LDPGLIMEQVK.V,/core/www/modules/show_out/show_out_wrapper.php?run_id=110202&search_id=114132&scans_id=110198&peptide_id=21243&scanf=29425&charge=2&value=K.LDPGLIMEQVK.V,TIMM13,2.137e+7,3.115,0.003,2.578,0.000
29427,2,"  3.276","  0.573",14/28,/core/www/modules//sdig/index.php?run_id=110202&search_id=114132&scans_id=110198&peptide_id=21245&scanf=29427&charge=2&value=14/28,sp|Q14315|FLNC_HUMAN,/core/www/modules//consensus/?run_id=110202&search_id=114132&scans_id=110198&peptide_id=21245&scanf=29427&charge=2&value=sp|Q14315|FLNC_HUMAN,0,/core/www/modules/match_peptides/blast_html4.php?run_id=110202&search_id=114132&scans_id=110198&peptide_id=21245&scanf=29427&charge=2&value=0,K.GGLVGTPAPFSIDTK.G,/core/www/modules/show_out/show_out_wrapper.php?run_id=110202&search_id=114132&scans_id=110198&peptide_id=21245&scanf=29427&charge=2&value=K.GGLVGTPAPFSIDTK.G,FLNC,1.161e+7,3.348,0.001,2.923,0.000
29430,2,"  3.751","  0.696",16/30,/core/www/modules//sdig/index.php?run_id=110202&search_id=114132&scans_id=110198&peptide_id=21249&scanf=29430&charge=2&value=16/30,sp|Q9NR30|DDX21_HUMAN,/core/www/modules//consensus/?run_id=110202&search_id=114132&scans_id=110198&peptide_id=21249&scanf=29430&charge=2&value=sp|Q9NR30|DDX21_HUMAN,4,/core/www/modules/match_peptides/blast_html4.php?run_id=110202&search_id=114132&scans_id=110198&peptide_id=21249&scanf=29430&charge=2&value=4,R.WQLSVATEQPELEGPR.E,/core/www/modules/show_out/show_out_wrapper.php?run_id=110202&search_id=114132&scans_id=110198&peptide_id=21249&scanf=29430&charge=2&value=R.WQLSVATEQPELEGPR.E,DDX21,1.839e+7,3.800,0.000,3.593,0.000
29431,2,"  2.796","  0.536",13/22,/core/www/modules//sdig/index.php?run_id=110202&search_id=114132&scans_id=110198&peptide_id=21250&scanf=29431&charge=2&value=13/22,sp|P12956|XRCC6_HUMAN,/core/www/modules//consensus/?run_id=110202&search_id=114132&scans_id=110198&peptide_id=21250&scanf=29431&charge=2&value=sp|P12956|XRCC6_HUMAN,1,/core/www/modules/match_peptides/blast_html4.php?run_id=110202&search_id=114132&scans_id=110198&peptide_id=21250&scanf=29431&charge=2&value=1,R.DIISIAEDEDLR.V,/core/www/modules/show_out/show_out_wrapper.php?run_id=110202&search_id=114132&scans_id=110198&peptide_id=21250&scanf=29431&charge=2&value=R.DIISIAEDEDLR.V,XRCC6,4.737e+7,3.424,0.001,3.036,0.000
29432,2,"  4.188","  0.566",16/24,/core/www/modules//sdig/index.php?run_id=110202&search_id=114132&scans_id=110198&peptide_id=21251&scanf=29432&charge=2&value=16/24,sp|Q8NE71|ABCF1_HUMAN,/core/www/modules//consensus/?run_id=110202&search_id=114132&scans_id=110198&peptide_id=21251&scanf=29432&charge=2&value=sp|Q8NE71|ABCF1_HUMAN,2,/core/www/modules/match_peptides/blast_html4.php?run_id=110202&search_id=114132&scans_id=110198&peptide_id=21251&scanf=29432&charge=2&value=2,K.IGFFNQQYAEQLR.M,/core/www/modules/show_out/show_out_wrapper.php?run_id=110202&search_id=114132&scans_id=110198&peptide_id=21251&scanf=29432&charge=2&value=K.IGFFNQQYAEQLR.M,ABCF1,1.170e+7,3.585,0.001,3.275,0.000
29435,2,"  3.579","  0.734",17/26,/core/www/modules//sdig/index.php?run_id=110202&search_id=114132&scans_id=110198&peptide_id=21254&scanf=29435&charge=2&value=17/26,sp|Q9BYG3|MK67I_HUMAN,/core/www/modules//consensus/?run_id=110202&search_id=114132&scans_id=110198&peptide_id=21254&scanf=29435&charge=2&value=sp|Q9BYG3|MK67I_HUMAN,1,/core/www/modules/match_peptides/blast_html4.php?run_id=110202&search_id=114132&scans_id=110198&peptide_id=21254&scanf=29435&charge=2&value=1,K.IVAETMNNYLFGER.L,/core/www/modules/show_out/show_out_wrapper.php?run_id=110202&search_id=114132&scans_id=110198&peptide_id=21254&scanf=29435&charge=2&value=K.IVAETMNNYLFGER.L,NIFK,9.091e+6,4.030,0.000,3.934,0.000
29436,2,"  2.401","  0.435",13/30,/core/www/modules//sdig/index.php?run_id=110202&search_id=114132&scans_id=110198&peptide_id=21255&scanf=29436&charge=2&value=13/30,sp|Q5SY16|NOL9_HUMAN,/core/www/modules//consensus/?run_id=110202&search_id=114132&scans_id=110198&peptide_id=21255&scanf=29436&charge=2&value=sp|Q5SY16|NOL9_HUMAN,0,/core/www/modules/match_peptides/blast_html4.php?run_id=110202&search_id=114132&scans_id=110198&peptide_id=21255&scanf=29436&charge=2&value=0,R.GIEGTVPYVTTDYNFK.L,/core/www/modules/show_out/show_out_wrapper.php?run_id=110202&search_id=114132&scans_id=110198&peptide_id=21255&scanf=29436&charge=2&value=R.GIEGTVPYVTTDYNFK.L,NOL9,5.073e+6,2.568,0.017,1.773,0.000
29438,2,"  2.940","  0.516",11/18,/core/www/modules//sdig/index.php?run_id=110202&search_id=114132&scans_id=110198&peptide_id=21257&scanf=29438&charge=2&value=11/18,sp|O60231|DHX16_HUMAN,/core/www/modules//consensus/?run_id=110202&search_id=114132&scans_id=110198&peptide_id=21257&scanf=29438&charge=2&value=sp|O60231|DHX16_HUMAN,4,/core/www/modules/match_peptides/blast_html4.php?run_id=110202&search_id=114132&scans_id=110198&peptide_id=21257&scanf=29438&charge=2&value=4,R.RFPVDIFYTK.A,/core/www/modules/show_out/show_out_wrapper.php?run_id=110202&search_id=114132&scans_id=110198&peptide_id=21257&scanf=29438&charge=2&value=R.RFPVDIFYTK.A,DHX16,3.538e+6,2.956,0.005,2.344,0.000
29440,2,"  2.429","  0.228",11/18,/core/www/modules//sdig/index.php?run_id=110202&search_id=114132&scans_id=110198&peptide_id=21260&scanf=29440&charge=2&value=11/18,sp|O95347|SMC2_HUMAN,/core/www/modules//consensus/?run_id=110202&search_id=114132&scans_id=110198&peptide_id=21260&scanf=29440&charge=2&value=sp|O95347|SMC2_HUMAN,0,/core/www/modules/match_peptides/blast_html4.php?run_id=110202&search_id=114132&scans_id=110198&peptide_id=21260&scanf=29440&charge=2&value=0,K.GLVASLISVK.D,/core/www/modules/show_out/show_out_wrapper.php?run_id=110202&search_id=114132&scans_id=110198&peptide_id=21260&scanf=29440&charge=2&value=K.GLVASLISVK.D,SMC2,4.763e+6,2.390,0.031,1.515,0.001
29443,3,"  4.431","  0.660",18/84,/core/www/modules//sdig/index.php?run_id=110202&search_id=114132&scans_id=110198&peptide_id=21262&scanf=29443&charge=3&value=18/84,sp|P60709|ACTB_HUMAN,/core/www/modules//consensus/?run_id=110202&search_id=114132&scans_id=110198&peptide_id=21262&scanf=29443&charge=3&value=sp|P60709|ACTB_HUMAN,6,/core/www/modules/match_peptides/blast_html4.php?run_id=110202&search_id=114132&scans_id=110198&peptide_id=21262&scanf=29443&charge=3&value=6,R.KDLYANTVLSGGTTMYPGIADR.M,/core/www/modules/show_out/show_out_wrapper.php?run_id=110202&search_id=114132&scans_id=110198&peptide_id=21262&scanf=29443&charge=3&value=R.KDLYANTVLSGGTTMYPGIADR.M,ACTB,2.638e+8,3.613,0.000,3.316,0.000
29447,2,"  2.394","  0.211",10/14,/core/www/modules//sdig/index.php?run_id=110202&search_id=114132&scans_id=110198&peptide_id=21266&scanf=29447&charge=2&value=10/14,sp|Q13263|TIF1B_HUMAN,/core/www/modules//consensus/?run_id=110202&search_id=114132&scans_id=110198&peptide_id=21266&scanf=29447&charge=2&value=sp|Q13263|TIF1B_HUMAN,1,/core/www/modules/match_peptides/blast_html4.php?run_id=110202&search_id=114132&scans_id=110198&peptide_id=21266&scanf=29447&charge=2&value=1,K.MAILQIMK.E,/core/www/modules/show_out/show_out_wrapper.php?run_id=110202&search_id=114132&scans_id=110198&peptide_id=21266&scanf=29447&charge=2&value=K.MAILQIMK.E,TRIM28,5.977e+7,2.573,0.017,1.780,0.000
29449,2,"  1.832","  0.117",8/12,/core/www/modules//sdig/index.php?run_id=110202&search_id=114132&scans_id=110198&peptide_id=21268&scanf=29449&charge=2&value=8/12,sp|Q8IZT6|ASPM_HUMAN,/core/www/modules//consensus/?run_id=110202&search_id=114132&scans_id=110198&peptide_id=21268&scanf=29449&charge=2&value=sp|Q8IZT6|ASPM_HUMAN,3,/core/www/modules/match_peptides/blast_html4.php?run_id=110202&search_id=114132&scans_id=110198&peptide_id=21268&scanf=29449&charge=2&value=3,K.EEIAFLK.H,/core/www/modules/show_out/show_out_wrapper.php?run_id=110202&search_id=114132&scans_id=110198&peptide_id=21268&scanf=29449&charge=2&value=K.EEIAFLK.H,ASPM,3.450e+6,2.104,0.077,1.112,0.003
29453,2,"  1.625","  0.000",9/16,/core/www/modules//sdig/index.php?run_id=110202&search_id=114132&scans_id=110198&peptide_id=21273&scanf=29453&charge=2&value=9/16,sp|P78316|NOP14_HUMAN,/core/www/modules//consensus/?run_id=110202&search_id=114132&scans_id=110198&peptide_id=21273&scanf=29453&charge=2&value=sp|P78316|NOP14_HUMAN,1,/core/www/modules/match_peptides/blast_html4.php?run_id=110202&search_id=114132&scans_id=110198&peptide_id=21273&scanf=29453&charge=2&value=1,K.ELIEELIAK.S,/core/www/modules/show_out/show_out_wrapper.php?run_id=110202&search_id=114132&scans_id=110198&peptide_id=21273&scanf=29453&charge=2&value=K.ELIEELIAK.S,NOP14,4.428e+6,2.172,0.062,1.206,0.002
29456,2,"  2.949","  0.164",11/20,/core/www/modules//sdig/index.php?run_id=110202&search_id=114132&scans_id=110198&peptide_id=21276&scanf=29456&charge=2&value=11/20,sp|O00571|DDX3X_HUMAN,/core/www/modules//consensus/?run_id=110202&search_id=114132&scans_id=110198&peptide_id=21276&scanf=29456&charge=2&value=sp|O00571|DDX3X_HUMAN,27,/core/www/modules/match_peptides/blast_html4.php?run_id=110202&search_id=114132&scans_id=110198&peptide_id=21276&scanf=29456&charge=2&value=27,R.M*LDMGFEPQIR.R,/core/www/modules/show_out/show_out_wrapper.php?run_id=110202&search_id=114132&scans_id=110198&peptide_id=21276&scanf=29456&charge=2&value=R.M*LDMGFEPQIR.R,DDX3X,3.045e+6,2.583,0.016,1.794,0.000
29457,3,"  8.159","  0.739",33/116,/core/www/modules//sdig/index.php?run_id=110202&search_id=114132&scans_id=110198&peptide_id=21277&scanf=29457&charge=3&value=33/116,sp|P09012|SNRPA_HUMAN,/core/www/modules//consensus/?run_id=110202&search_id=114132&scans_id=110198&peptide_id=21277&scanf=29457&charge=3&value=sp|P09012|SNRPA_HUMAN,2,/core/www/modules/match_peptides/blast_html4.php?run_id=110202&search_id=114132&scans_id=110198&peptide_id=21277&scanf=29457&charge=3&value=2,K.KAVQGGGATPVVGAVQGPVPGMPPMTQAPR.I,/core/www/modules/show_out/show_out_wrapper.php?run_id=110202&search_id=114132&scans_id=110198&peptide_id=21277&scanf=29457&charge=3&value=K.KAVQGGGATPVVGAVQGPVPGMPPMTQAPR.I,SNRPA,3.462e+6,3.373,0.001,2.959,0.000
29459,2,"  2.759","  0.333",9/18,/core/www/modules//sdig/index.php?run_id=110202&search_id=114132&scans_id=110198&peptide_id=21279&scanf=29459&charge=2&value=9/18,sp|P30530|UFO_HUMAN,/core/www/modules//consensus/?run_id=110202&search_id=114132&scans_id=110198&peptide_id=21279&scanf=29459&charge=2&value=sp|P30530|UFO_HUMAN,4,/core/www/modules/match_peptides/blast_html4.php?run_id=110202&search_id=114132&scans_id=110198&peptide_id=21279&scanf=29459&charge=2&value=4,K.WIAIESLADR.V,/core/www/modules/show_out/show_out_wrapper.php?run_id=110202&search_id=114132&scans_id=110198&peptide_id=21279&scanf=29459&charge=2&value=K.WIAIESLADR.V,AXL,3.471e+6,2.566,0.017,1.770,0.000
29461,2,"  5.302","  0.687",23/40,/core/www/modules//sdig/index.php?run_id=110202&search_id=114132&scans_id=110198&peptide_id=21282&scanf=29461&charge=2&value=23/40,sp|P06576|ATPB_HUMAN,/core/www/modules//consensus/?run_id=110202&search_id=114132&scans_id=110198&peptide_id=21282&scanf=29461&charge=2&value=sp|P06576|ATPB_HUMAN,4,/core/www/modules/match_peptides/blast_html4.php?run_id=110202&search_id=114132&scans_id=110198&peptide_id=21282&scanf=29461&charge=2&value=4,R.IPSAVGYQPTLATDMGTMQER.I,/core/www/modules/show_out/show_out_wrapper.php?run_id=110202&search_id=114132&scans_id=110198&peptide_id=21282&scanf=29461&charge=2&value=R.IPSAVGYQPTLATDMGTMQER.I,ATP5F1B,2.505e+6,3.634,0.000,3.347,0.000
29463,3,"  2.199","  0.341",11/56,/core/www/modules//sdig/index.php?run_id=110202&search_id=114132&scans_id=110198&peptide_id=21283&scanf=29463&charge=3&value=11/56,sp|Q13283|G3BP1_HUMAN,/core/www/modules//consensus/?run_id=110202&search_id=114132&scans_id=110198&peptide_id=21283&scanf=29463&charge=3&value=sp|Q13283|G3BP1_HUMAN,11,/core/www/modules/match_peptides/blast_html4.php?run_id=110202&search_id=114132&scans_id=110198&peptide_id=21283&scanf=29463&charge=3&value=11,R.QYYTLLNQAPDMLHR.F,/core/www/modules/show_out/show_out_wrapper.php?run_id=110202&search_id=114132&scans_id=110198&peptide_id=21283&scanf=29463&charge=3&value=R.QYYTLLNQAPDMLHR.F,G3BP1,6.775e+6,2.440,0.026,1.588,0.001
29464,2,"  2.052","  0.329",9/18,/core/www/modules//sdig/index.php?run_id=110202&search_id=114132&scans_id=110198&peptide_id=21284&scanf=29464&charge=2&value=9/18,sp|Q9UJ98|STAG3_HUMAN,/core/www/modules//consensus/?run_id=110202&search_id=114132&scans_id=110198&peptide_id=21284&scanf=29464&charge=2&value=sp|Q9UJ98|STAG3_HUMAN,1,/core/www/modules/match_peptides/blast_html4.php?run_id=110202&search_id=114132&scans_id=110198&peptide_id=21284&scanf=29464&charge=2&value=1,R.SQLVDLLTDR.F,/core/www/modules/show_out/show_out_wrapper.php?run_id=110202&search_id=114132&scans_id=110198&peptide_id=21284&scanf=29464&charge=2&value=R.SQLVDLLTDR.F,STAG3,4.569e+6,2.232,0.051,1.290,0.002
29465,2,"  4.158","  0.480",12/26,/core/www/modules//sdig/index.php?run_id=110202&search_id=114132&scans_id=110198&peptide_id=21285&scanf=29465&charge=2&value=12/26,sp|P23528|COF1_HUMAN,/core/www/modules//consensus/?run_id=110202&search_id=114132&scans_id=110198&peptide_id=21285&scanf=29465&charge=2&value=sp|P23528|COF1_HUMAN,2,/core/www/modules/match_peptides/blast_html4.php?run_id=110202&search_id=114132&scans_id=110198&peptide_id=21285&scanf=29465&charge=2&value=2,K.LGGSAVISLEGKPL.-,/core/www/modules/show_out/show_out_wrapper.php?run_id=110202&search_id=114132&scans_id=110198&peptide_id=21285&scanf=29465&charge=2&value=K.LGGSAVISLEGKPL.-,CFL1,1.806e+7,2.920,0.005,2.289,0.000
29476,2,"  2.486","  0.282",13/22,/core/www/modules//sdig/index.php?run_id=110202&search_id=114132&scans_id=110198&peptide_id=21297&scanf=29476&charge=2&value=13/22,sp|P05387|RLA2_HUMAN,/core/www/modules//consensus/?run_id=110202&search_id=114132&scans_id=110198&peptide_id=21297&scanf=29476&charge=2&value=sp|P05387|RLA2_HUMAN,1,/core/www/modules/match_peptides/blast_html4.php?run_id=110202&search_id=114132&scans_id=110198&peptide_id=21297&scanf=29476&charge=2&value=1,K.NIEDVIAQGIGK.L,/core/www/modules/show_out/show_out_wrapper.php?run_id=110202&search_id=114132&scans_id=110198&peptide_id=21297&scanf=29476&charge=2&value=K.NIEDVIAQGIGK.L,RPLP2,2.954e+6,2.474,0.023,1.636,0.001
29480,2,"  3.700","  0.547",12/30,/core/www/modules//sdig/index.php?run_id=110202&search_id=114132&scans_id=110198&peptide_id=21302&scanf=29480&charge=2&value=12/30,sp|Q9UHX1|PUF60_HUMAN,/core/www/modules//consensus/?run_id=110202&search_id=114132&scans_id=110198&peptide_id=21302&scanf=29480&charge=2&value=sp|Q9UHX1|PUF60_HUMAN,11,/core/www/modules/match_peptides/blast_html4.php?run_id=110202&search_id=114132&scans_id=110198&peptide_id=21302&scanf=29480&charge=2&value=11,K.LGLPPLTPEQQEALQK.A,/core/www/modules/show_out/show_out_wrapper.php?run_id=110202&search_id=114132&scans_id=110198&peptide_id=21302&scanf=29480&charge=2&value=K.LGLPPLTPEQQEALQK.A,PUF60,1.228e+7,2.986,0.004,2.387,0.000
29485,3,"  4.696","  0.586",13/56,/core/www/modules//sdig/index.php?run_id=110202&search_id=114132&scans_id=110198&peptide_id=21306&scanf=29485&charge=3&value=13/56,sp|P35579|MYH9_HUMAN,/core/www/modules//consensus/?run_id=110202&search_id=114132&scans_id=110198&peptide_id=21306&scanf=29485&charge=3&value=sp|P35579|MYH9_HUMAN,1,/core/www/modules/match_peptides/blast_html4.php?run_id=110202&search_id=114132&scans_id=110198&peptide_id=21306&scanf=29485&charge=3&value=1,R.LTEMETLQSQLMAEK.L,/core/www/modules/show_out/show_out_wrapper.php?run_id=110202&search_id=114132&scans_id=110198&peptide_id=21306&scanf=29485&charge=3&value=R.LTEMETLQSQLMAEK.L,MYH9,7.092e+6,3.591,0.001,3.283,0.000
29486,2,"  3.482","  0.650",15/28,/core/www/modules//sdig/index.php?run_id=110202&search_id=114132&scans_id=110198&peptide_id=21307&scanf=29486&charge=2&value=15/28,sp|P18583|SON_HUMAN,/core/www/modules//consensus/?run_id=110202&search_id=114132&scans_id=110198&peptide_id=21307&scanf=29486&charge=2&value=sp|P18583|SON_HUMAN,0,/core/www/modules/match_peptides/blast_html4.php?run_id=110202&search_id=114132&scans_id=110198&peptide_id=21307&scanf=29486&charge=2&value=0,K.FDSEPSAVALELPTR.A,/core/www/modules/show_out/show_out_wrapper.php?run_id=110202&search_id=114132&scans_id=110198&peptide_id=21307&scanf=29486&charge=2&value=K.FDSEPSAVALELPTR.A,SON,9.090e+6,3.650,0.000,3.371,0.000
29488,2,"  3.017","  0.529",15/30,/core/www/modules//sdig/index.php?run_id=110202&search_id=114132&scans_id=110198&peptide_id=21309&scanf=29488&charge=2&value=15/30,sp|Q5SY16|NOL9_HUMAN,/core/www/modules//consensus/?run_id=110202&search_id=114132&scans_id=110198&peptide_id=21309&scanf=29488&charge=2&value=sp|Q5SY16|NOL9_HUMAN,0,/core/www/modules/match_peptides/blast_html4.php?run_id=110202&search_id=114132&scans_id=110198&peptide_id=21309&scanf=29488&charge=2&value=0,R.GIEGTVPYVTTDYNFK.L,/core/www/modules/show_out/show_out_wrapper.php?run_id=110202&search_id=114132&scans_id=110198&peptide_id=21309&scanf=29488&charge=2&value=R.GIEGTVPYVTTDYNFK.L,NOL9,5.073e+6,2.940,0.005,2.320,0.000
29489,2,"  1.915","  0.292",8/12,/core/www/modules//sdig/index.php?run_id=110202&search_id=114132&scans_id=110198&peptide_id=21310&scanf=29489&charge=2&value=8/12,sp|P04908|H2A1B_HUMAN,/core/www/modules//consensus/?run_id=110202&search_id=114132&scans_id=110198&peptide_id=21310&scanf=29489&charge=2&value=sp|P04908|H2A1B_HUMAN,20,/core/www/modules/match_peptides/blast_html4.php?run_id=110202&search_id=114132&scans_id=110198&peptide_id=21310&scanf=29489&charge=2&value=20,R.HLQLAIR.N,/core/www/modules/show_out/show_out_wrapper.php?run_id=110202&search_id=114132&scans_id=110198&peptide_id=21310&scanf=29489&charge=2&value=R.HLQLAIR.N,H2AC8,4.440e+6,2.911,0.005,2.277,0.000
29494,2,"  3.483","  0.629",16/28,/core/www/modules//sdig/index.php?run_id=110202&search_id=114132&scans_id=110198&peptide_id=21316&scanf=29494&charge=2&value=16/28,sp|Q86VP6|CAND1_HUMAN,/core/www/modules//consensus/?run_id=110202&search_id=114132&scans_id=110198&peptide_id=21316&scanf=29494&charge=2&value=sp|Q86VP6|CAND1_HUMAN,1,/core/www/modules/match_peptides/blast_html4.php?run_id=110202&search_id=114132&scans_id=110198&peptide_id=21316&scanf=29494&charge=2&value=1,K.SVILEAFSSPSEEVK.S,/core/www/modules/show_out/show_out_wrapper.php?run_id=110202&search_id=114132&scans_id=110198&peptide_id=21316&scanf=29494&charge=2&value=K.SVILEAFSSPSEEVK.S,CAND1,4.686e+6,3.548,0.001,3.219,0.000
29499,2,"  1.680","  0.300",9/26,/core/www/modules//sdig/index.php?run_id=110202&search_id=114132&scans_id=110198&peptide_id=21321&scanf=29499&charge=2&value=9/26,sp|A6NHR9|SMHD1_HUMAN,/core/www/modules//consensus/?run_id=110202&search_id=114132&scans_id=110198&peptide_id=21321&scanf=29499&charge=2&value=sp|A6NHR9|SMHD1_HUMAN,3,/core/www/modules/match_peptides/blast_html4.php?run_id=110202&search_id=114132&scans_id=110198&peptide_id=21321&scanf=29499&charge=2&value=3,K.SLFEASQQLLNEM*K.C,/core/www/modules/show_out/show_out_wrapper.php?run_id=110202&search_id=114132&scans_id=110198&peptide_id=21321&scanf=29499&charge=2&value=K.SLFEASQQLLNEM*K.C,SMCHD1,3.581e+6,2.227,0.052,1.283,0.002
29500,3,"  3.449","  0.438",15/56,/core/www/modules//sdig/index.php?run_id=110202&search_id=114132&scans_id=110198&peptide_id=21323&scanf=29500&charge=3&value=15/56,sp|Q14697|GANAB_HUMAN,/core/www/modules//consensus/?run_id=110202&search_id=114132&scans_id=110198&peptide_id=21323&scanf=29500&charge=3&value=sp|Q14697|GANAB_HUMAN,1,/core/www/modules/match_peptides/blast_html4.php?run_id=110202&search_id=114132&scans_id=110198&peptide_id=21323&scanf=29500&charge=3&value=1,R.YRVPDVLVADPPIAR.L,/core/www/modules/show_out/show_out_wrapper.php?run_id=110202&search_id=114132&scans_id=110198&peptide_id=21323&scanf=29500&charge=3&value=R.YRVPDVLVADPPIAR.L,GANAB,5.757e+6,2.625,0.014,1.857,0.000
29505,2,"  1.822","  0.488",9/16,/core/www/modules//sdig/index.php?run_id=110202&search_id=114132&scans_id=110198&peptide_id=21327&scanf=29505&charge=2&value=9/16,sp|Q15020|SART3_HUMAN,/core/www/modules//consensus/?run_id=110202&search_id=114132&scans_id=110198&peptide_id=21327&scanf=29505&charge=2&value=sp|Q15020|SART3_HUMAN,1,/core/www/modules/match_peptides/blast_html4.php?run_id=110202&search_id=114132&scans_id=110198&peptide_id=21327&scanf=29505&charge=2&value=1,R.ELWDSIMTR.G,/core/www/modules/show_out/show_out_wrapper.php?run_id=110202&search_id=114132&scans_id=110198&peptide_id=21327&scanf=29505&charge=2&value=R.ELWDSIMTR.G,SART3,1.054e+7,3.188,0.002,2.687,0.000
29509,2,"  1.823","  0.280",10/16,/core/www/modules//sdig/index.php?run_id=110202&search_id=114132&scans_id=110198&peptide_id=21331&scanf=29509&charge=2&value=10/16,sp|P83731|RL24_HUMAN,/core/www/modules//consensus/?run_id=110202&search_id=114132&scans_id=110198&peptide_id=21331&scanf=29509&charge=2&value=sp|P83731|RL24_HUMAN,2,/core/www/modules/match_peptides/blast_html4.php?run_id=110202&search_id=114132&scans_id=110198&peptide_id=21331&scanf=29509&charge=2&value=2,R.QINWTVLYR.R,/core/www/modules/show_out/show_out_wrapper.php?run_id=110202&search_id=114132&scans_id=110198&peptide_id=21331&scanf=29509&charge=2&value=R.QINWTVLYR.R,RPL24,7.235e+7,2.557,0.017,1.757,0.000
29510,2,"  2.417","  0.510",9/14,/core/www/modules//sdig/index.php?run_id=110202&search_id=114132&scans_id=110198&peptide_id=21333&scanf=29510&charge=2&value=9/14,sp|O00541|PESC_HUMAN,/core/www/modules//consensus/?run_id=110202&search_id=114132&scans_id=110198&peptide_id=21333&scanf=29510&charge=2&value=sp|O00541|PESC_HUMAN,2,/core/www/modules/match_peptides/blast_html4.php?run_id=110202&search_id=114132&scans_id=110198&peptide_id=21333&scanf=29510&charge=2&value=2,R.EALAFIIR.S,/core/www/modules/show_out/show_out_wrapper.php?run_id=110202&search_id=114132&scans_id=110198&peptide_id=21333&scanf=29510&charge=2&value=R.EALAFIIR.S,PES1,1.129e+7,3.455,0.001,3.081,0.000
29513,3,"  2.687","  0.398",13/44,/core/www/modules//sdig/index.php?run_id=110202&search_id=114132&scans_id=110198&peptide_id=21336&scanf=29513&charge=3&value=13/44,sp|O60264|SMCA5_HUMAN,/core/www/modules//consensus/?run_id=110202&search_id=114132&scans_id=110198&peptide_id=21336&scanf=29513&charge=3&value=sp|O60264|SMCA5_HUMAN,0,/core/www/modules/match_peptides/blast_html4.php?run_id=110202&search_id=114132&scans_id=110198&peptide_id=21336&scanf=29513&charge=3&value=0,K.IAFTEWIEPPKR.E,/core/www/modules/show_out/show_out_wrapper.php?run_id=110202&search_id=114132&scans_id=110198&peptide_id=21336&scanf=29513&charge=3&value=K.IAFTEWIEPPKR.E,SMARCA5,4.106e+7,2.835,0.007,2.165,0.000
29514,2,"  3.175","  0.574",12/22,/core/www/modules//sdig/index.php?run_id=110202&search_id=114132&scans_id=110198&peptide_id=21337&scanf=29514&charge=2&value=12/22,sp|P29372|3MG_HUMAN,/core/www/modules//consensus/?run_id=110202&search_id=114132&scans_id=110198&peptide_id=21337&scanf=29514&charge=2&value=sp|P29372|3MG_HUMAN,1,/core/www/modules/match_peptides/blast_html4.php?run_id=110202&search_id=114132&scans_id=110198&peptide_id=21337&scanf=29514&charge=2&value=1,R.DLAQDEAVWLER.G,/core/www/modules/show_out/show_out_wrapper.php?run_id=110202&search_id=114132&scans_id=110198&peptide_id=21337&scanf=29514&charge=2&value=R.DLAQDEAVWLER.G,MPG,3.535e+6,3.398,0.001,2.997,0.000
29517,2,"  3.063","  0.674",13/22,/core/www/modules//sdig/index.php?run_id=110202&search_id=114132&scans_id=110198&peptide_id=21340&scanf=29517&charge=2&value=13/22,sp|P11021|BIP_HUMAN,/core/www/modules//consensus/?run_id=110202&search_id=114132&scans_id=110198&peptide_id=21340&scanf=29517&charge=2&value=sp|P11021|BIP_HUMAN,2,/core/www/modules/match_peptides/blast_html4.php?run_id=110202&search_id=114132&scans_id=110198&peptide_id=21340&scanf=29517&charge=2&value=2,K.ELEEIVQPIISK.L,/core/www/modules/show_out/show_out_wrapper.php?run_id=110202&search_id=114132&scans_id=110198&peptide_id=21340&scanf=29517&charge=2&value=K.ELEEIVQPIISK.L,HSPA5,7.837e+6,3.827,0.000,3.634,0.000
29518,3,"  3.470","  0.508",15/48,/core/www/modules//sdig/index.php?run_id=110202&search_id=114132&scans_id=110198&peptide_id=21341&scanf=29518&charge=3&value=15/48,sp|Q8N3U4|STAG2_HUMAN,/core/www/modules//consensus/?run_id=110202&search_id=114132&scans_id=110198&peptide_id=21341&scanf=29518&charge=3&value=sp|Q8N3U4|STAG2_HUMAN,1,/core/www/modules/match_peptides/blast_html4.php?run_id=110202&search_id=114132&scans_id=110198&peptide_id=21341&scanf=29518&charge=3&value=1,R.SQLIDELADKFNR.L,/core/www/modules/show_out/show_out_wrapper.php?run_id=110202&search_id=114132&scans_id=110198&peptide_id=21341&scanf=29518&charge=3&value=R.SQLIDELADKFNR.L,STAG2,4.619e+6,3.060,0.003,2.497,0.000
29519,4,"  3.815","  0.220",15/102,/core/www/modules//sdig/index.php?run_id=110202&search_id=114132&scans_id=110198&peptide_id=21342&scanf=29519&charge=4&value=15/102,sp|O43390|HNRPR_HUMAN,/core/www/modules//consensus/?run_id=110202&search_id=114132&scans_id=110198&peptide_id=21342&scanf=29519&charge=4&value=sp|O43390|HNRPR_HUMAN,4,/core/www/modules/match_peptides/blast_html4.php?run_id=110202&search_id=114132&scans_id=110198&peptide_id=21342&scanf=29519&charge=4&value=4,K.VTEGLVDVILYHQPDDKK.K,/core/www/modules/show_out/show_out_wrapper.php?run_id=110202&search_id=114132&scans_id=110198&peptide_id=21342&scanf=29519&charge=4&value=K.VTEGLVDVILYHQPDDKK.K,HNRNPR,1.493e+6,2.150,0.067,1.175,0.002
29520,3,"  2.915","  0.439",12/60,/core/www/modules//sdig/index.php?run_id=110202&search_id=114132&scans_id=110198&peptide_id=21344&scanf=29520&charge=3&value=12/60,sp|O14647|CHD2_HUMAN,/core/www/modules//consensus/?run_id=110202&search_id=114132&scans_id=110198&peptide_id=21344&scanf=29520&charge=3&value=sp|O14647|CHD2_HUMAN,2,/core/www/modules/match_peptides/blast_html4.php?run_id=110202&search_id=114132&scans_id=110198&peptide_id=21344&scanf=29520&charge=3&value=2,R.SNSNPFNKEELTAILK.F,/core/www/modules/show_out/show_out_wrapper.php?run_id=110202&search_id=114132&scans_id=110198&peptide_id=21344&scanf=29520&charge=3&value=R.SNSNPFNKEELTAILK.F,CHD2,3.094e+6,2.482,0.023,1.648,0.001
29522,3,"  3.203","  0.459",15/44,/core/www/modules//sdig/index.php?run_id=110202&search_id=114132&scans_id=110198&peptide_id=21346&scanf=29522&charge=3&value=15/44,sp|Q8IXB1|DJC10_HUMAN,/core/www/modules//consensus/?run_id=110202&search_id=114132&scans_id=110198&peptide_id=21346&scanf=29522&charge=3&value=sp|Q8IXB1|DJC10_HUMAN,10,/core/www/modules/match_peptides/blast_html4.php?run_id=110202&search_id=114132&scans_id=110198&peptide_id=21346&scanf=29522&charge=3&value=10,K.ESLVSFAMQHVR.S,/core/www/modules/show_out/show_out_wrapper.php?run_id=110202&search_id=114132&scans_id=110198&peptide_id=21346&scanf=29522&charge=3&value=K.ESLVSFAMQHVR.S,DNAJC10,3.034e+6,3.139,0.002,2.613,0.000
29523,3,"  2.337","  0.199",14/60,/core/www/modules//sdig/index.php?run_id=110202&search_id=114132&scans_id=110198&peptide_id=21347&scanf=29523&charge=3&value=14/60,sp|Q13838|DX39B_HUMAN,/core/www/modules//consensus/?run_id=110202&search_id=114132&scans_id=110198&peptide_id=21347&scanf=29523&charge=3&value=sp|Q13838|DX39B_HUMAN,9,/core/www/modules/match_peptides/blast_html4.php?run_id=110202&search_id=114132&scans_id=110198&peptide_id=21347&scanf=29523&charge=3&value=9,R.KFM*QDPMEIFVDDETK.L,/core/www/modules/show_out/show_out_wrapper.php?run_id=110202&search_id=114132&scans_id=110198&peptide_id=21347&scanf=29523&charge=3&value=R.KFM*QDPMEIFVDDETK.L,DDX39B,3.023e+6,2.216,0.054,1.268,0.002
29527,3,"  4.364","  0.501",14/56,/core/www/modules//sdig/index.php?run_id=110202&search_id=114132&scans_id=110198&peptide_id=21350&scanf=29527&charge=3&value=14/56,sp|P61978|HNRPK_HUMAN,/core/www/modules//consensus/?run_id=110202&search_id=114132&scans_id=110198&peptide_id=21350&scanf=29527&charge=3&value=sp|P61978|HNRPK_HUMAN,1,/core/www/modules/match_peptides/blast_html4.php?run_id=110202&search_id=114132&scans_id=110198&peptide_id=21350&scanf=29527&charge=3&value=1,R.LLIHQSLAGGIIGVK.G,/core/www/modules/show_out/show_out_wrapper.php?run_id=110202&search_id=114132&scans_id=110198&peptide_id=21350&scanf=29527&charge=3&value=R.LLIHQSLAGGIIGVK.G,HNRNPK,3.544e+8,3.353,0.001,2.930,0.000
29528,2,"  3.828","  0.602",19/24,/core/www/modules//sdig/index.php?run_id=110202&search_id=114132&scans_id=110198&peptide_id=21351&scanf=29528&charge=2&value=19/24,sp|P11388|TOP2A_HUMAN,/core/www/modules//consensus/?run_id=110202&search_id=114132&scans_id=110198&peptide_id=21351&scanf=29528&charge=2&value=sp|P11388|TOP2A_HUMAN,6,/core/www/modules/match_peptides/blast_html4.php?run_id=110202&search_id=114132&scans_id=110198&peptide_id=21351&scanf=29528&charge=2&value=6,K.IFDEILVNAADNK.Q,/core/www/modules/show_out/show_out_wrapper.php?run_id=110202&search_id=114132&scans_id=110198&peptide_id=21351&scanf=29528&charge=2&value=K.IFDEILVNAADNK.Q,TOP2A,2.206e+7,4.040,0.000,3.949,0.000
29529,2,"  2.739","  0.489",10/22,/core/www/modules//sdig/index.php?run_id=110202&search_id=114132&scans_id=110198&peptide_id=21352&scanf=29529&charge=2&value=10/22,sp|P52701|MSH6_HUMAN,/core/www/modules//consensus/?run_id=110202&search_id=114132&scans_id=110198&peptide_id=21352&scanf=29529&charge=2&value=sp|P52701|MSH6_HUMAN,3,/core/www/modules/match_peptides/blast_html4.php?run_id=110202&search_id=114132&scans_id=110198&peptide_id=21352&scanf=29529&charge=2&value=3,R.YQLEIPENFTTR.N,/core/www/modules/show_out/show_out_wrapper.php?run_id=110202&search_id=114132&scans_id=110198&peptide_id=21352&scanf=29529&charge=2&value=R.YQLEIPENFTTR.N,MSH6,5.822e+6,3.004,0.004,2.414,0.000
29532,2,"  4.043","  0.694",16/24,/core/www/modules//sdig/index.php?run_id=110202&search_id=114132&scans_id=110198&peptide_id=21356&scanf=29532&charge=2&value=16/24,sp|Q8N201|INT1_HUMAN,/core/www/modules//consensus/?run_id=110202&search_id=114132&scans_id=110198&peptide_id=21356&scanf=29532&charge=2&value=sp|Q8N201|INT1_HUMAN,0,/core/www/modules/match_peptides/blast_html4.php?run_id=110202&search_id=114132&scans_id=110198&peptide_id=21356&scanf=29532&charge=2&value=0,K.TFVDNIQTAFNTR.M,/core/www/modules/show_out/show_out_wrapper.php?run_id=110202&search_id=114132&scans_id=110198&peptide_id=21356&scanf=29532&charge=2&value=K.TFVDNIQTAFNTR.M,INTS1,2.527e+6,4.013,0.000,3.909,0.000
29534,2,"  2.063","  0.520",11/16,/core/www/modules//sdig/index.php?run_id=110202&search_id=114132&scans_id=110198&peptide_id=21358&scanf=29534&charge=2&value=11/16,sp|Q9Y4A5|TRRAP_HUMAN,/core/www/modules//consensus/?run_id=110202&search_id=114132&scans_id=110198&peptide_id=21358&scanf=29534&charge=2&value=sp|Q9Y4A5|TRRAP_HUMAN,2,/core/www/modules/match_peptides/blast_html4.php?run_id=110202&search_id=114132&scans_id=110198&peptide_id=21358&scanf=29534&charge=2&value=2,K.SLPSLVPLR.I,/core/www/modules/show_out/show_out_wrapper.php?run_id=110202&search_id=114132&scans_id=110198&peptide_id=21358&scanf=29534&charge=2&value=K.SLPSLVPLR.I,TRRAP,3.899e+6,3.444,0.001,3.065,0.000
29539,3,"  2.359","  0.448",10/40,/core/www/modules//sdig/index.php?run_id=110202&search_id=114132&scans_id=110198&peptide_id=21363&scanf=29539&charge=3&value=10/40,sp|Q9Y3U8|RL36_HUMAN,/core/www/modules//consensus/?run_id=110202&search_id=114132&scans_id=110198&peptide_id=21363&scanf=29539&charge=3&value=sp|Q9Y3U8|RL36_HUMAN,0,/core/www/modules/match_peptides/blast_html4.php?run_id=110202&search_id=114132&scans_id=110198&peptide_id=21363&scanf=29539&charge=3&value=0,R.EELSNVLAAMR.K,/core/www/modules/show_out/show_out_wrapper.php?run_id=110202&search_id=114132&scans_id=110198&peptide_id=21363&scanf=29539&charge=3&value=R.EELSNVLAAMR.K,RPL36,3.781e+6,2.974,0.004,2.370,0.000
29540,2,"  2.227","  0.247",7/20,/core/www/modules//sdig/index.php?run_id=110202&search_id=114132&scans_id=110198&peptide_id=21365&scanf=29540&charge=2&value=7/20,sp|Q01813|PFKAP_HUMAN,/core/www/modules//consensus/?run_id=110202&search_id=114132&scans_id=110198&peptide_id=21365&scanf=29540&charge=2&value=sp|Q01813|PFKAP_HUMAN,4,/core/www/modules/match_peptides/blast_html4.php?run_id=110202&search_id=114132&scans_id=110198&peptide_id=21365&scanf=29540&charge=2&value=4,R.NVIFQPVAELK.K,/core/www/modules/show_out/show_out_wrapper.php?run_id=110202&search_id=114132&scans_id=110198&peptide_id=21365&scanf=29540&charge=2&value=R.NVIFQPVAELK.K,PFKP,2.176e+6,1.965,0.119,0.926,0.005
29542,2,"  1.957","  0.320",7/16,/core/www/modules//sdig/index.php?run_id=110202&search_id=114132&scans_id=110198&peptide_id=21367&scanf=29542&charge=2&value=7/16,sp|Q14CX7|NAA25_HUMAN,/core/www/modules//consensus/?run_id=110202&search_id=114132&scans_id=110198&peptide_id=21367&scanf=29542&charge=2&value=sp|Q14CX7|NAA25_HUMAN,1,/core/www/modules/match_peptides/blast_html4.php?run_id=110202&search_id=114132&scans_id=110198&peptide_id=21367&scanf=29542&charge=2&value=1,K.TMFLPLAER.M,/core/www/modules/show_out/show_out_wrapper.php?run_id=110202&search_id=114132&scans_id=110198&peptide_id=21367&scanf=29542&charge=2&value=K.TMFLPLAER.M,NAA25,2.399e+6,2.381,0.031,1.502,0.001
29544,2,"  1.629","  0.212",7/12,/core/www/modules//sdig/index.php?run_id=110202&search_id=114132&scans_id=110198&peptide_id=21369&scanf=29544&charge=2&value=7/12,sp|Q10570|CPSF1_HUMAN,/core/www/modules//consensus/?run_id=110202&search_id=114132&scans_id=110198&peptide_id=21369&scanf=29544&charge=2&value=sp|Q10570|CPSF1_HUMAN,0,/core/www/modules/match_peptides/blast_html4.php?run_id=110202&search_id=114132&scans_id=110198&peptide_id=21369&scanf=29544&charge=2&value=0,R.LVVLPFR.R,/core/www/modules/show_out/show_out_wrapper.php?run_id=110202&search_id=114132&scans_id=110198&peptide_id=21369&scanf=29544&charge=2&value=R.LVVLPFR.R,CPSF1,9.378e+6,2.385,0.031,1.508,0.001
29548,2,"  2.479","  0.358",11/18,/core/www/modules//sdig/index.php?run_id=110202&search_id=114132&scans_id=110198&peptide_id=21372&scanf=29548&charge=2&value=11/18,sp|Q96GQ7|DDX27_HUMAN,/core/www/modules//consensus/?run_id=110202&search_id=114132&scans_id=110198&peptide_id=21372&scanf=29548&charge=2&value=sp|Q96GQ7|DDX27_HUMAN,1,/core/www/modules/match_peptides/blast_html4.php?run_id=110202&search_id=114132&scans_id=110198&peptide_id=21372&scanf=29548&charge=2&value=1,K.ALQEFDLALR.G,/core/www/modules/show_out/show_out_wrapper.php?run_id=110202&search_id=114132&scans_id=110198&peptide_id=21372&scanf=29548&charge=2&value=K.ALQEFDLALR.G,DDX27,1.989e+7,2.867,0.006,2.211,0.000
29549,2,"  2.203","  0.434",9/14,/core/www/modules//sdig/index.php?run_id=110202&search_id=114132&scans_id=110198&peptide_id=21373&scanf=29549&charge=2&value=9/14,sp|P62805|H4_HUMAN,/core/www/modules//consensus/?run_id=110202&search_id=114132&scans_id=110198&peptide_id=21373&scanf=29549&charge=2&value=sp|P62805|H4_HUMAN,0,/core/www/modules/match_peptides/blast_html4.php?run_id=110202&search_id=114132&scans_id=110198&peptide_id=21373&scanf=29549&charge=2&value=0,K.VFLENVIR.D,/core/www/modules/show_out/show_out_wrapper.php?run_id=110202&search_id=114132&scans_id=110198&peptide_id=21373&scanf=29549&charge=2&value=K.VFLENVIR.D,H4C16,1.606e+9,3.287,0.001,2.832,0.000
29552,2,"  1.826","  0.449",8/16,/core/www/modules//sdig/index.php?run_id=110202&search_id=114132&scans_id=110198&peptide_id=21377&scanf=29552&charge=2&value=8/16,sp|Q53GS9|SNUT2_HUMAN,/core/www/modules//consensus/?run_id=110202&search_id=114132&scans_id=110198&peptide_id=21377&scanf=29552&charge=2&value=sp|Q53GS9|SNUT2_HUMAN,4,/core/www/modules/match_peptides/blast_html4.php?run_id=110202&search_id=114132&scans_id=110198&peptide_id=21377&scanf=29552&charge=2&value=4,R.SVLDFDFEK.L,/core/www/modules/show_out/show_out_wrapper.php?run_id=110202&search_id=114132&scans_id=110198&peptide_id=21377&scanf=29552&charge=2&value=R.SVLDFDFEK.L,USP39,1.374e+7,2.783,0.008,2.088,0.000
29554,2,"  2.485","  0.352",13/20,/core/www/modules//sdig/index.php?run_id=110202&search_id=114132&scans_id=110198&peptide_id=21379&scanf=29554&charge=2&value=13/20,sp|Q92499|DDX1_HUMAN,/core/www/modules//consensus/?run_id=110202&search_id=114132&scans_id=110198&peptide_id=21379&scanf=29554&charge=2&value=sp|Q92499|DDX1_HUMAN,8,/core/www/modules/match_peptides/blast_html4.php?run_id=110202&search_id=114132&scans_id=110198&peptide_id=21379&scanf=29554&charge=2&value=8,R.ELLIIGGVAAR.D,/core/www/modules/show_out/show_out_wrapper.php?run_id=110202&search_id=114132&scans_id=110198&peptide_id=21379&scanf=29554&charge=2&value=R.ELLIIGGVAAR.D,DDX1,1.040e+7,2.856,0.006,2.195,0.000
29555,4,"  5.542","  0.589",18/144,/core/www/modules//sdig/index.php?run_id=110202&search_id=114132&scans_id=110198&peptide_id=21380&scanf=29555&charge=4&value=18/144,sp|Q92922|SMRC1_HUMAN,/core/www/modules//consensus/?run_id=110202&search_id=114132&scans_id=110198&peptide_id=21380&scanf=29555&charge=4&value=sp|Q92922|SMRC1_HUMAN,0,/core/www/modules/match_peptides/blast_html4.php?run_id=110202&search_id=114132&scans_id=110198&peptide_id=21380&scanf=29555&charge=4&value=0,K.KVEHEISEGNVATAAAAALASAATK.A,/core/www/modules/show_out/show_out_wrapper.php?run_id=110202&search_id=114132&scans_id=110198&peptide_id=21380&scanf=29555&charge=4&value=K.KVEHEISEGNVATAAAAALASAATK.A,SMARCC1,1.057e+7,3.181,0.002,2.675,0.000
29556,2,"  2.126","  0.295",10/18,/core/www/modules//sdig/index.php?run_id=110202&search_id=114132&scans_id=110198&peptide_id=21381&scanf=29556&charge=2&value=10/18,sp|P08865|RSSA_HUMAN,/core/www/modules//consensus/?run_id=110202&search_id=114132&scans_id=110198&peptide_id=21381&scanf=29556&charge=2&value=sp|P08865|RSSA_HUMAN,6,/core/www/modules/match_peptides/blast_html4.php?run_id=110202&search_id=114132&scans_id=110198&peptide_id=21381&scanf=29556&charge=2&value=6,K.SDGIYIINLK.R,/core/www/modules/show_out/show_out_wrapper.php?run_id=110202&search_id=114132&scans_id=110198&peptide_id=21381&scanf=29556&charge=2&value=K.SDGIYIINLK.R,RPSA,5.173e+6,2.446,0.025,1.596,0.001
29558,2,"  2.424","  0.510",12/18,/core/www/modules//sdig/index.php?run_id=110202&search_id=114132&scans_id=110198&peptide_id=21383&scanf=29558&charge=2&value=12/18,sp|P41252|SYIC_HUMAN,/core/www/modules//consensus/?run_id=110202&search_id=114132&scans_id=110198&peptide_id=21383&scanf=29558&charge=2&value=sp|P41252|SYIC_HUMAN,3,/core/www/modules/match_peptides/blast_html4.php?run_id=110202&search_id=114132&scans_id=110198&peptide_id=21383&scanf=29558&charge=2&value=3,K.SVVTSIFGVK.N,/core/www/modules/show_out/show_out_wrapper.php?run_id=110202&search_id=114132&scans_id=110198&peptide_id=21383&scanf=29558&charge=2&value=K.SVVTSIFGVK.N,IARS1,2.420e+7,3.467,0.001,3.100,0.000
29559,2,"  3.157","  0.593",12/24,/core/www/modules//sdig/index.php?run_id=110202&search_id=114132&scans_id=110198&peptide_id=21384&scanf=29559&charge=2&value=12/24,sp|P13796|PLSL_HUMAN,/core/www/modules//consensus/?run_id=110202&search_id=114132&scans_id=110198&peptide_id=21384&scanf=29559&charge=2&value=sp|P13796|PLSL_HUMAN,3,/core/www/modules/match_peptides/blast_html4.php?run_id=110202&search_id=114132&scans_id=110198&peptide_id=21384&scanf=29559&charge=2&value=3,K.MINLSVPDTIDER.T,/core/www/modules/show_out/show_out_wrapper.php?run_id=110202&search_id=114132&scans_id=110198&peptide_id=21384&scanf=29559&charge=2&value=K.MINLSVPDTIDER.T,LCP1,1.665e+6,3.283,0.001,2.827,0.000
29563,3,"  4.181","  0.540",15/72,/core/www/modules//sdig/index.php?run_id=110202&search_id=114132&scans_id=110198&peptide_id=21388&scanf=29563&charge=3&value=15/72,sp|P08670|VIME_HUMAN,/core/www/modules//consensus/?run_id=110202&search_id=114132&scans_id=110198&peptide_id=21388&scanf=29563&charge=3&value=sp|P08670|VIME_HUMAN,2,/core/www/modules/match_peptides/blast_html4.php?run_id=110202&search_id=114132&scans_id=110198&peptide_id=21388&scanf=29563&charge=3&value=2,R.EMEENFAVEAANYQDTIGR.L,/core/www/modules/show_out/show_out_wrapper.php?run_id=110202&search_id=114132&scans_id=110198&peptide_id=21388&scanf=29563&charge=3&value=R.EMEENFAVEAANYQDTIGR.L,VIM,2.053e+8,3.556,0.001,3.231,0.000
29564,3,"  2.757","  0.388",13/52,/core/www/modules//sdig/index.php?run_id=110202&search_id=114132&scans_id=110198&peptide_id=21389&scanf=29564&charge=3&value=13/52,sp|Q68E01|INT3_HUMAN,/core/www/modules//consensus/?run_id=110202&search_id=114132&scans_id=110198&peptide_id=21389&scanf=29564&charge=3&value=sp|Q68E01|INT3_HUMAN,1,/core/www/modules/match_peptides/blast_html4.php?run_id=110202&search_id=114132&scans_id=110198&peptide_id=21389&scanf=29564&charge=3&value=1,R.IIPNFYPPLEGHVR.Q,/core/www/modules/show_out/show_out_wrapper.php?run_id=110202&search_id=114132&scans_id=110198&peptide_id=21389&scanf=29564&charge=3&value=R.IIPNFYPPLEGHVR.Q,INTS3,2.987e+6,2.583,0.016,1.795,0.000
29565,2,"  2.820","  0.577",12/28,/core/www/modules//sdig/index.php?run_id=110202&search_id=114132&scans_id=110198&peptide_id=21390&scanf=29565&charge=2&value=12/28,sp|Q93009|UBP7_HUMAN,/core/www/modules//consensus/?run_id=110202&search_id=114132&scans_id=110198&peptide_id=21390&scanf=29565&charge=2&value=sp|Q93009|UBP7_HUMAN,2,/core/www/modules/match_peptides/blast_html4.php?run_id=110202&search_id=114132&scans_id=110198&peptide_id=21390&scanf=29565&charge=2&value=2,K.TIPNDPGFVVTLSNR.M,/core/www/modules/show_out/show_out_wrapper.php?run_id=110202&search_id=114132&scans_id=110198&peptide_id=21390&scanf=29565&charge=2&value=K.TIPNDPGFVVTLSNR.M,USP7,2.669e+6,3.031,0.004,2.454,0.000
29566,2,"  2.319","  0.409",8/16,/core/www/modules//sdig/index.php?run_id=110202&search_id=114132&scans_id=110198&peptide_id=21391&scanf=29566&charge=2&value=8/16,sp|O00232|PSD12_HUMAN,/core/www/modules//consensus/?run_id=110202&search_id=114132&scans_id=110198&peptide_id=21391&scanf=29566&charge=2&value=sp|O00232|PSD12_HUMAN,0,/core/www/modules/match_peptides/blast_html4.php?run_id=110202&search_id=114132&scans_id=110198&peptide_id=21391&scanf=29566&charge=2&value=0,K.LFTTMELMR.W,/core/www/modules/show_out/show_out_wrapper.php?run_id=110202&search_id=114132&scans_id=110198&peptide_id=21391&scanf=29566&charge=2&value=K.LFTTMELMR.W,PSMD12,9.638e+6,2.741,0.009,2.026,0.000
29568,2,"  3.950","  0.661",15/28,/core/www/modules//sdig/index.php?run_id=110202&search_id=114132&scans_id=110198&peptide_id=21392&scanf=29568&charge=2&value=15/28,sp|O60264|SMCA5_HUMAN,/core/www/modules//consensus/?run_id=110202&search_id=114132&scans_id=110198&peptide_id=21392&scanf=29568&charge=2&value=sp|O60264|SMCA5_HUMAN,0,/core/www/modules/match_peptides/blast_html4.php?run_id=110202&search_id=114132&scans_id=110198&peptide_id=21392&scanf=29568&charge=2&value=0,K.ESEITDEDIDGILER.G,/core/www/modules/show_out/show_out_wrapper.php?run_id=110202&search_id=114132&scans_id=110198&peptide_id=21392&scanf=29568&charge=2&value=K.ESEITDEDIDGILER.G,SMARCA5,3.311e+7,3.633,0.000,3.346,0.000
29571,3,"  2.689","  0.479",13/44,/core/www/modules//sdig/index.php?run_id=110202&search_id=114132&scans_id=110198&peptide_id=21396&scanf=29571&charge=3&value=13/44,sp|Q9BQG0|MBB1A_HUMAN,/core/www/modules//consensus/?run_id=110202&search_id=114132&scans_id=110198&peptide_id=21396&scanf=29571&charge=3&value=sp|Q9BQG0|MBB1A_HUMAN,1,/core/www/modules/match_peptides/blast_html4.php?run_id=110202&search_id=114132&scans_id=110198&peptide_id=21396&scanf=29571&charge=3&value=1,R.KALVDILSEVSK.A,/core/www/modules/show_out/show_out_wrapper.php?run_id=110202&search_id=114132&scans_id=110198&peptide_id=21396&scanf=29571&charge=3&value=R.KALVDILSEVSK.A,MYBBP1A,2.333e+7,3.019,0.004,2.436,0.000
29572,3,"  3.707","  0.604",19/44,/core/www/modules//sdig/index.php?run_id=110202&search_id=114132&scans_id=110198&peptide_id=21397&scanf=29572&charge=3&value=19/44,sp|O00567|NOP56_HUMAN,/core/www/modules//consensus/?run_id=110202&search_id=114132&scans_id=110198&peptide_id=21397&scanf=29572&charge=3&value=sp|O00567|NOP56_HUMAN,3,/core/www/modules/match_peptides/blast_html4.php?run_id=110202&search_id=114132&scans_id=110198&peptide_id=21397&scanf=29572&charge=3&value=3,K.YGLIFHSTFIGR.A,/core/www/modules/show_out/show_out_wrapper.php?run_id=110202&search_id=114132&scans_id=110198&peptide_id=21397&scanf=29572&charge=3&value=K.YGLIFHSTFIGR.A,NOP56,9.657e+6,3.912,0.000,3.759,0.000
29573,2,"  2.261","  0.369",7/20,/core/www/modules//sdig/index.php?run_id=110202&search_id=114132&scans_id=110198&peptide_id=21398&scanf=29573&charge=2&value=7/20,sp|P08559|ODPA_HUMAN,/core/www/modules//consensus/?run_id=110202&search_id=114132&scans_id=110198&peptide_id=21398&scanf=29573&charge=2&value=sp|P08559|ODPA_HUMAN,2,/core/www/modules/match_peptides/blast_html4.php?run_id=110202&search_id=114132&scans_id=110198&peptide_id=21398&scanf=29573&charge=2&value=2,K.GPILMELQTYR.Y,/core/www/modules/show_out/show_out_wrapper.php?run_id=110202&search_id=114132&scans_id=110198&peptide_id=21398&scanf=29573&charge=2&value=K.GPILMELQTYR.Y,PDHA1,8.294e+6,2.389,0.031,1.513,0.001
29574,3,"  4.240","  0.512",18/64,/core/www/modules//sdig/index.php?run_id=110202&search_id=114132&scans_id=110198&peptide_id=21399&scanf=29574&charge=3&value=18/64,sp|Q9Y230|RUVB2_HUMAN,/core/www/modules//consensus/?run_id=110202&search_id=114132&scans_id=110198&peptide_id=21399&scanf=29574&charge=3&value=sp|Q9Y230|RUVB2_HUMAN,1,/core/www/modules/match_peptides/blast_html4.php?run_id=110202&search_id=114132&scans_id=110198&peptide_id=21399&scanf=29574&charge=3&value=1,R.GTSYQSPHGIPIDLLDR.L,/core/www/modules/show_out/show_out_wrapper.php?run_id=110202&search_id=114132&scans_id=110198&peptide_id=21399&scanf=29574&charge=3&value=R.GTSYQSPHGIPIDLLDR.L,RUVBL2,1.284e+7,3.201,0.002,2.706,0.000
29575,3,"  1.690","  0.308",14/40,/core/www/modules//sdig/index.php?run_id=110202&search_id=114132&scans_id=110198&peptide_id=21400&scanf=29575&charge=3&value=14/40,sp|Q86Y07|VRK2_HUMAN,/core/www/modules//consensus/?run_id=110202&search_id=114132&scans_id=110198&peptide_id=21400&scanf=29575&charge=3&value=sp|Q86Y07|VRK2_HUMAN,2,/core/www/modules/match_peptides/blast_html4.php?run_id=110202&search_id=114132&scans_id=110198&peptide_id=21400&scanf=29575&charge=3&value=2,K.YKLPIPFPEGK.V,/core/www/modules/show_out/show_out_wrapper.php?run_id=110202&search_id=114132&scans_id=110198&peptide_id=21400&scanf=29575&charge=3&value=K.YKLPIPFPEGK.V,VRK2,1.938e+6,2.339,0.036,1.443,0.001
29576,2,"  2.455","  0.434",11/22,/core/www/modules//sdig/index.php?run_id=110202&search_id=114132&scans_id=110198&peptide_id=21401&scanf=29576&charge=2&value=11/22,sp|O95433|AHSA1_HUMAN,/core/www/modules//consensus/?run_id=110202&search_id=114132&scans_id=110198&peptide_id=21401&scanf=29576&charge=2&value=sp|O95433|AHSA1_HUMAN,2,/core/www/modules/match_peptides/blast_html4.php?run_id=110202&search_id=114132&scans_id=110198&peptide_id=21401&scanf=29576&charge=2&value=2,K.DEPDTNLVALMK.E,/core/www/modules/show_out/show_out_wrapper.php?run_id=110202&search_id=114132&scans_id=110198&peptide_id=21401&scanf=29576&charge=2&value=K.DEPDTNLVALMK.E,AHSA1,5.115e+6,2.759,0.009,2.053,0.000
29577,3,"  4.979","  0.746",25/116,/core/www/modules//sdig/index.php?run_id=110202&search_id=114132&scans_id=110198&peptide_id=21402&scanf=29577&charge=3&value=25/116,sp|P46087|NOP2_HUMAN,/core/www/modules//consensus/?run_id=110202&search_id=114132&scans_id=110198&peptide_id=21402&scanf=29577&charge=3&value=sp|P46087|NOP2_HUMAN,0,/core/www/modules/match_peptides/blast_html4.php?run_id=110202&search_id=114132&scans_id=110198&peptide_id=21402&scanf=29577&charge=3&value=0,K.KFSNSIPQSQTGNSETATPTNVDLPQVIPK.S,/core/www/modules/show_out/show_out_wrapper.php?run_id=110202&search_id=114132&scans_id=110198&peptide_id=21402&scanf=29577&charge=3&value=K.KFSNSIPQSQTGNSETATPTNVDLPQVIPK.S,NOP2,1.300e+6,3.183,0.002,2.678,0.000
29578,3,"  1.725","  0.314",8/56,/core/www/modules//sdig/index.php?run_id=110202&search_id=114132&scans_id=110198&peptide_id=21403&scanf=29578&charge=3&value=8/56,sp|Q13243|SRSF5_HUMAN,/core/www/modules//consensus/?run_id=110202&search_id=114132&scans_id=110198&peptide_id=21403&scanf=29578&charge=3&value=sp|Q13243|SRSF5_HUMAN,0,/core/www/modules/match_peptides/blast_html4.php?run_id=110202&search_id=114132&scans_id=110198&peptide_id=21403&scanf=29578&charge=3&value=0,K.LNEGVVEFASYGDLK.N,/core/www/modules/show_out/show_out_wrapper.php?run_id=110202&search_id=114132&scans_id=110198&peptide_id=21403&scanf=29578&charge=3&value=K.LNEGVVEFASYGDLK.N,SRSF5,3.232e+6,2.226,0.052,1.282,0.002
29579,2,"  2.089","  0.115",8/12,/core/www/modules//sdig/index.php?run_id=110202&search_id=114132&scans_id=110198&peptide_id=21404&scanf=29579&charge=2&value=8/12,sp|P33993|MCM7_HUMAN,/core/www/modules//consensus/?run_id=110202&search_id=114132&scans_id=110198&peptide_id=21404&scanf=29579&charge=2&value=sp|P33993|MCM7_HUMAN,0,/core/www/modules/match_peptides/blast_html4.php?run_id=110202&search_id=114132&scans_id=110198&peptide_id=21404&scanf=29579&charge=2&value=0,R.TLLAILR.L,/core/www/modules/show_out/show_out_wrapper.php?run_id=110202&search_id=114132&scans_id=110198&peptide_id=21404&scanf=29579&charge=2&value=R.TLLAILR.L,MCM7,2.014e+7,2.233,0.051,1.292,0.002
29589,3,"  4.712","  0.167",14/68,/core/www/modules//sdig/index.php?run_id=110202&search_id=114132&scans_id=110198&peptide_id=21414&scanf=29589&charge=3&value=14/68,sp|P60709|ACTB_HUMAN,/core/www/modules//consensus/?run_id=110202&search_id=114132&scans_id=110198&peptide_id=21414&scanf=29589&charge=3&value=sp|P60709|ACTB_HUMAN,14,/core/www/modules/match_peptides/blast_html4.php?run_id=110202&search_id=114132&scans_id=110198&peptide_id=21414&scanf=29589&charge=3&value=14,R.VAPEEHPVLLTEAPLNPK.A,/core/www/modules/show_out/show_out_wrapper.php?run_id=110202&search_id=114132&scans_id=110198&peptide_id=21414&scanf=29589&charge=3&value=R.VAPEEHPVLLTEAPLNPK.A,ACTB,2.485e+9,2.450,0.025,1.602,0.001
29591,2,"  3.313","  0.298",14/22,/core/www/modules//sdig/index.php?run_id=110202&search_id=114132&scans_id=110198&peptide_id=21417&scanf=29591&charge=2&value=14/22,sp|Q9Y2K7|KDM2A_HUMAN,/core/www/modules//consensus/?run_id=110202&search_id=114132&scans_id=110198&peptide_id=21417&scanf=29591&charge=2&value=sp|Q9Y2K7|KDM2A_HUMAN,1,/core/www/modules/match_peptides/blast_html4.php?run_id=110202&search_id=114132&scans_id=110198&peptide_id=21417&scanf=29591&charge=2&value=1,R.LAGLDITDATLR.L,/core/www/modules/show_out/show_out_wrapper.php?run_id=110202&search_id=114132&scans_id=110198&peptide_id=21417&scanf=29591&charge=2&value=R.LAGLDITDATLR.L,KDM2A,1.205e+7,2.543,0.018,1.736,0.000
29592,2,"  2.115","  0.292",8/18,/core/www/modules//sdig/index.php?run_id=110202&search_id=114132&scans_id=110198&peptide_id=21418&scanf=29592&charge=2&value=8/18,sp|Q86U86|PB1_HUMAN,/core/www/modules//consensus/?run_id=110202&search_id=114132&scans_id=110198&peptide_id=21418&scanf=29592&charge=2&value=sp|Q86U86|PB1_HUMAN,2,/core/www/modules/match_peptides/blast_html4.php?run_id=110202&search_id=114132&scans_id=110198&peptide_id=21418&scanf=29592&charge=2&value=2,K.LWTMPISSVR.F,/core/www/modules/show_out/show_out_wrapper.php?run_id=110202&search_id=114132&scans_id=110198&peptide_id=21418&scanf=29592&charge=2&value=K.LWTMPISSVR.F,PBRM1,8.501e+6,2.335,0.037,1.437,0.001
29593,2,"  2.743","  0.415",12/22,/core/www/modules//sdig/index.php?run_id=110202&search_id=114132&scans_id=110198&peptide_id=21419&scanf=29593&charge=2&value=12/22,sp|Q13952|NFYC_HUMAN,/core/www/modules//consensus/?run_id=110202&search_id=114132&scans_id=110198&peptide_id=21419&scanf=29593&charge=2&value=sp|Q13952|NFYC_HUMAN,4,/core/www/modules/match_peptides/blast_html4.php?run_id=110202&search_id=114132&scans_id=110198&peptide_id=21419&scanf=29593&charge=2&value=4,K.MISAEAPVLFAK.A,/core/www/modules/show_out/show_out_wrapper.php?run_id=110202&search_id=114132&scans_id=110198&peptide_id=21419&scanf=29593&charge=2&value=K.MISAEAPVLFAK.A,NFYC,4.213e+6,2.808,0.007,2.125,0.000
29597,2,"  1.931","  0.288",8/16,/core/www/modules//sdig/index.php?run_id=110202&search_id=114132&scans_id=110198&peptide_id=21423&scanf=29597&charge=2&value=8/16,sp|Q8NFW8|NEUA_HUMAN,/core/www/modules//consensus/?run_id=110202&search_id=114132&scans_id=110198&peptide_id=21423&scanf=29597&charge=2&value=sp|Q8NFW8|NEUA_HUMAN,0,/core/www/modules/match_peptides/blast_html4.php?run_id=110202&search_id=114132&scans_id=110198&peptide_id=21423&scanf=29597&charge=2&value=0,K.DAIGISLLK.K,/core/www/modules/show_out/show_out_wrapper.php?run_id=110202&search_id=114132&scans_id=110198&peptide_id=21423&scanf=29597&charge=2&value=K.DAIGISLLK.K,CMAS,2.700e+7,2.443,0.026,1.591,0.001
29598,2,"  3.237","  0.492",14/28,/core/www/modules//sdig/index.php?run_id=110202&search_id=114132&scans_id=110198&peptide_id=21424&scanf=29598&charge=2&value=14/28,sp|P51531|SMCA2_HUMAN,/core/www/modules//consensus/?run_id=110202&search_id=114132&scans_id=110198&peptide_id=21424&scanf=29598&charge=2&value=sp|P51531|SMCA2_HUMAN,5,/core/www/modules/match_peptides/blast_html4.php?run_id=110202&search_id=114132&scans_id=110198&peptide_id=21424&scanf=29598&charge=2&value=5,R.GQPLPETLQLAVQGK.R,/core/www/modules/show_out/show_out_wrapper.php?run_id=110202&search_id=114132&scans_id=110198&peptide_id=21424&scanf=29598&charge=2&value=R.GQPLPETLQLAVQGK.R,SMARCA2,3.291e+7,3.220,0.002,2.734,0.000
29600,2,"  2.507","  0.278",10/20,/core/www/modules//sdig/index.php?run_id=110202&search_id=114132&scans_id=110198&peptide_id=21427&scanf=29600&charge=2&value=10/20,sp|Q9H0D6|XRN2_HUMAN,/core/www/modules//consensus/?run_id=110202&search_id=114132&scans_id=110198&peptide_id=21427&scanf=29600&charge=2&value=sp|Q9H0D6|XRN2_HUMAN,0,/core/www/modules/match_peptides/blast_html4.php?run_id=110202&search_id=114132&scans_id=110198&peptide_id=21427&scanf=29600&charge=2&value=0,K.DPQFAEDYIFK.A,/core/www/modules/show_out/show_out_wrapper.php?run_id=110202&search_id=114132&scans_id=110198&peptide_id=21427&scanf=29600&charge=2&value=K.DPQFAEDYIFK.A,XRN2,7.574e+6,2.370,0.033,1.486,0.001
29603,2,"  1.998","  0.333",6/16,/core/www/modules//sdig/index.php?run_id=110202&search_id=114132&scans_id=110198&peptide_id=21430&scanf=29603&charge=2&value=6/16,sp|Q9H5U6|ZCHC4_HUMAN,/core/www/modules//consensus/?run_id=110202&search_id=114132&scans_id=110198&peptide_id=21430&scanf=29603&charge=2&value=sp|Q9H5U6|ZCHC4_HUMAN,0,/core/www/modules/match_peptides/blast_html4.php?run_id=110202&search_id=114132&scans_id=110198&peptide_id=21430&scanf=29603&charge=2&value=0,K.FIELPLTQR.K,/core/www/modules/show_out/show_out_wrapper.php?run_id=110202&search_id=114132&scans_id=110198&peptide_id=21430&scanf=29603&charge=2&value=K.FIELPLTQR.K,ZCCHC4,2.794e+6,2.367,0.033,1.482,0.001
29606,2,"  1.964","  0.249",9/16,/core/www/modules//sdig/index.php?run_id=110202&search_id=114132&scans_id=110198&peptide_id=21433&scanf=29606&charge=2&value=9/16,sp|Q96MG7|NSE3_HUMAN,/core/www/modules//consensus/?run_id=110202&search_id=114132&scans_id=110198&peptide_id=21433&scanf=29606&charge=2&value=sp|Q96MG7|NSE3_HUMAN,0,/core/www/modules/match_peptides/blast_html4.php?run_id=110202&search_id=114132&scans_id=110198&peptide_id=21433&scanf=29606&charge=2&value=0,K.ETEAWDFLR.R,/core/www/modules/show_out/show_out_wrapper.php?run_id=110202&search_id=114132&scans_id=110198&peptide_id=21433&scanf=29606&charge=2&value=K.ETEAWDFLR.R,NSMCE3,2.124e+6,2.378,0.032,1.498,0.001
29608,2,"  2.090","  0.380",8/18,/core/www/modules//sdig/index.php?run_id=110202&search_id=114132&scans_id=110198&peptide_id=21435&scanf=29608&charge=2&value=8/18,sp|Q13535|ATR_HUMAN,/core/www/modules//consensus/?run_id=110202&search_id=114132&scans_id=110198&peptide_id=21435&scanf=29608&charge=2&value=sp|Q13535|ATR_HUMAN,0,/core/www/modules/match_peptides/blast_html4.php?run_id=110202&search_id=114132&scans_id=110198&peptide_id=21435&scanf=29608&charge=2&value=0,K.SPAIFGVLTK.E,/core/www/modules/show_out/show_out_wrapper.php?run_id=110202&search_id=114132&scans_id=110198&peptide_id=21435&scanf=29608&charge=2&value=K.SPAIFGVLTK.E,ATR,2.024e+6,2.501,0.021,1.676,0.001
29612,2,"  3.498","  0.725",15/24,/core/www/modules//sdig/index.php?run_id=110202&search_id=114132&scans_id=110198&peptide_id=21438&scanf=29612&charge=2&value=15/24,sp|Q8N3U4|STAG2_HUMAN,/core/www/modules//consensus/?run_id=110202&search_id=114132&scans_id=110198&peptide_id=21438&scanf=29612&charge=2&value=sp|Q8N3U4|STAG2_HUMAN,5,/core/www/modules/match_peptides/blast_html4.php?run_id=110202&search_id=114132&scans_id=110198&peptide_id=21438&scanf=29612&charge=2&value=5,K.MYSDAFLNDSYLK.Y,/core/www/modules/show_out/show_out_wrapper.php?run_id=110202&search_id=114132&scans_id=110198&peptide_id=21438&scanf=29612&charge=2&value=K.MYSDAFLNDSYLK.Y,STAG2,6.297e+6,4.022,0.000,3.922,0.000
29613,3,"  3.058","  0.336",13/60,/core/www/modules//sdig/index.php?run_id=110202&search_id=114132&scans_id=110198&peptide_id=21439&scanf=29613&charge=3&value=13/60,sp|P62736|ACTA_HUMAN,/core/www/modules//consensus/?run_id=110202&search_id=114132&scans_id=110198&peptide_id=21439&scanf=29613&charge=3&value=sp|P62736|ACTA_HUMAN,8,/core/www/modules/match_peptides/blast_html4.php?run_id=110202&search_id=114132&scans_id=110198&peptide_id=21439&scanf=29613&charge=3&value=8,K.YPIEHGIITNWDDMEK.I,/core/www/modules/show_out/show_out_wrapper.php?run_id=110202&search_id=114132&scans_id=110198&peptide_id=21439&scanf=29613&charge=3&value=K.YPIEHGIITNWDDMEK.I,ACTA2,1.790e+9,2.453,0.025,1.606,0.001
29614,2,"  3.842","  0.667",18/30,/core/www/modules//sdig/index.php?run_id=110202&search_id=114132&scans_id=110198&peptide_id=21440&scanf=29614&charge=2&value=18/30,sp|Q99536|VAT1_HUMAN,/core/www/modules//consensus/?run_id=110202&search_id=114132&scans_id=110198&peptide_id=21440&scanf=29614&charge=2&value=sp|Q99536|VAT1_HUMAN,3,/core/www/modules/match_peptides/blast_html4.php?run_id=110202&search_id=114132&scans_id=110198&peptide_id=21440&scanf=29614&charge=2&value=3,K.GVDIVMDPLGGSDTAK.G,/core/www/modules/show_out/show_out_wrapper.php?run_id=110202&search_id=114132&scans_id=110198&peptide_id=21440&scanf=29614&charge=2&value=K.GVDIVMDPLGGSDTAK.G,VAT1,6.975e+6,3.666,0.000,3.394,0.000
29618,3,"  3.058","  0.670",12/56,/core/www/modules//sdig/index.php?run_id=110202&search_id=114132&scans_id=110198&peptide_id=21444&scanf=29618&charge=3&value=12/56,sp|Q13243|SRSF5_HUMAN,/core/www/modules//consensus/?run_id=110202&search_id=114132&scans_id=110198&peptide_id=21444&scanf=29618&charge=3&value=sp|Q13243|SRSF5_HUMAN,0,/core/www/modules/match_peptides/blast_html4.php?run_id=110202&search_id=114132&scans_id=110198&peptide_id=21444&scanf=29618&charge=3&value=0,K.LNEGVVEFASYGDLK.N,/core/www/modules/show_out/show_out_wrapper.php?run_id=110202&search_id=114132&scans_id=110198&peptide_id=21444&scanf=29618&charge=3&value=K.LNEGVVEFASYGDLK.N,SRSF5,3.232e+6,3.553,0.001,3.226,0.000
29622,3,"  3.100","  0.517",15/44,/core/www/modules//sdig/index.php?run_id=110202&search_id=114132&scans_id=110198&peptide_id=21449&scanf=29622&charge=3&value=15/44,sp|Q9GZR7|DDX24_HUMAN,/core/www/modules//consensus/?run_id=110202&search_id=114132&scans_id=110198&peptide_id=21449&scanf=29622&charge=3&value=sp|Q9GZR7|DDX24_HUMAN,4,/core/www/modules/match_peptides/blast_html4.php?run_id=110202&search_id=114132&scans_id=110198&peptide_id=21449&scanf=29622&charge=3&value=4,K.RPLLGLVLTPTR.E,/core/www/modules/show_out/show_out_wrapper.php?run_id=110202&search_id=114132&scans_id=110198&peptide_id=21449&scanf=29622&charge=3&value=K.RPLLGLVLTPTR.E,DDX24,1.082e+7,3.437,0.001,3.055,0.000
29624,2,"  2.736","  0.365",9/20,/core/www/modules//sdig/index.php?run_id=110202&search_id=114132&scans_id=110198&peptide_id=21451&scanf=29624&charge=2&value=9/20,sp|Q8IUR7|ARMC8_HUMAN,/core/www/modules//consensus/?run_id=110202&search_id=114132&scans_id=110198&peptide_id=21451&scanf=29624&charge=2&value=sp|Q8IUR7|ARMC8_HUMAN,6,/core/www/modules/match_peptides/blast_html4.php?run_id=110202&search_id=114132&scans_id=110198&peptide_id=21451&scanf=29624&charge=2&value=6,K.ANLIVLGAVPR.L,/core/www/modules/show_out/show_out_wrapper.php?run_id=110202&search_id=114132&scans_id=110198&peptide_id=21451&scanf=29624&charge=2&value=K.ANLIVLGAVPR.L,ARMC8,3.068e+6,2.523,0.020,1.708,0.000
29626,2,"  4.423","  0.679",15/28,/core/www/modules//sdig/index.php?run_id=110202&search_id=114132&scans_id=110198&peptide_id=21453&scanf=29626&charge=2&value=15/28,sp|P22626|ROA2_HUMAN,/core/www/modules//consensus/?run_id=110202&search_id=114132&scans_id=110198&peptide_id=21453&scanf=29626&charge=2&value=sp|P22626|ROA2_HUMAN,9,/core/www/modules/match_peptides/blast_html4.php?run_id=110202&search_id=114132&scans_id=110198&peptide_id=21453&scanf=29626&charge=2&value=9,R.GFGFVTFDDHDPVDK.I,/core/www/modules/show_out/show_out_wrapper.php?run_id=110202&search_id=114132&scans_id=110198&peptide_id=21453&scanf=29626&charge=2&value=R.GFGFVTFDDHDPVDK.I,HNRNPA2B1,2.908e+6,3.771,0.000,3.549,0.000
29627,3,"  1.704","  0.237",10/52,/core/www/modules//sdig/index.php?run_id=110202&search_id=114132&scans_id=110198&peptide_id=21454&scanf=29627&charge=3&value=10/52,sp|P40763|STAT3_HUMAN,/core/www/modules//consensus/?run_id=110202&search_id=114132&scans_id=110198&peptide_id=21454&scanf=29627&charge=3&value=sp|P40763|STAT3_HUMAN,13,/core/www/modules/match_peptides/blast_html4.php?run_id=110202&search_id=114132&scans_id=110198&peptide_id=21454&scanf=29627&charge=3&value=13,R.AILSTKPPGTFLLR.F,/core/www/modules/show_out/show_out_wrapper.php?run_id=110202&search_id=114132&scans_id=110198&peptide_id=21454&scanf=29627&charge=3&value=R.AILSTKPPGTFLLR.F,STAT3,1.892e+6,2.031,0.097,1.013,0.005
29632,2,"  3.776","  0.543",16/28,/core/www/modules//sdig/index.php?run_id=110202&search_id=114132&scans_id=110198&peptide_id=21459&scanf=29632&charge=2&value=16/28,sp|P78527|PRKDC_HUMAN,/core/www/modules//consensus/?run_id=110202&search_id=114132&scans_id=110198&peptide_id=21459&scanf=29632&charge=2&value=sp|P78527|PRKDC_HUMAN,1,/core/www/modules/match_peptides/blast_html4.php?run_id=110202&search_id=114132&scans_id=110198&peptide_id=21459&scanf=29632&charge=2&value=1,R.MEVQEQEEDISSLIR.S,/core/www/modules/show_out/show_out_wrapper.php?run_id=110202&search_id=114132&scans_id=110198&peptide_id=21459&scanf=29632&charge=2&value=R.MEVQEQEEDISSLIR.S,PRKDC,6.126e+6,3.893,0.000,3.731,0.000
29633,2,"  3.042","  0.515",12/20,/core/www/modules//sdig/index.php?run_id=110202&search_id=114132&scans_id=110198&peptide_id=21460&scanf=29633&charge=2&value=12/20,sp|Q9NVP1|DDX18_HUMAN,/core/www/modules//consensus/?run_id=110202&search_id=114132&scans_id=110198&peptide_id=21460&scanf=29633&charge=2&value=sp|Q9NVP1|DDX18_HUMAN,1,/core/www/modules/match_peptides/blast_html4.php?run_id=110202&search_id=114132&scans_id=110198&peptide_id=21460&scanf=29633&charge=2&value=1,R.ILDVGFEEELK.Q,/core/www/modules/show_out/show_out_wrapper.php?run_id=110202&search_id=114132&scans_id=110198&peptide_id=21460&scanf=29633&charge=2&value=R.ILDVGFEEELK.Q,DDX18,9.253e+6,3.327,0.001,2.892,0.000
29635,3,"  7.563","  0.723",32/116,/core/www/modules//sdig/index.php?run_id=110202&search_id=114132&scans_id=110198&peptide_id=21462&scanf=29635&charge=3&value=32/116,sp|P09012|SNRPA_HUMAN,/core/www/modules//consensus/?run_id=110202&search_id=114132&scans_id=110198&peptide_id=21462&scanf=29635&charge=3&value=sp|P09012|SNRPA_HUMAN,2,/core/www/modules/match_peptides/blast_html4.php?run_id=110202&search_id=114132&scans_id=110198&peptide_id=21462&scanf=29635&charge=3&value=2,K.KAVQGGGATPVVGAVQGPVPGMPPMTQAPR.I,/core/www/modules/show_out/show_out_wrapper.php?run_id=110202&search_id=114132&scans_id=110198&peptide_id=21462&scanf=29635&charge=3&value=K.KAVQGGGATPVVGAVQGPVPGMPPMTQAPR.I,SNRPA,3.462e+6,3.297,0.001,2.847,0.000
29637,2,"  2.434","  0.344",8/22,/core/www/modules//sdig/index.php?run_id=110202&search_id=114132&scans_id=110198&peptide_id=21464&scanf=29637&charge=2&value=8/22,sp|Q9Y2P8|RCL1_HUMAN,/core/www/modules//consensus/?run_id=110202&search_id=114132&scans_id=110198&peptide_id=21464&scanf=29637&charge=2&value=sp|Q9Y2P8|RCL1_HUMAN,0,/core/www/modules/match_peptides/blast_html4.php?run_id=110202&search_id=114132&scans_id=110198&peptide_id=21464&scanf=29637&charge=2&value=0,K.QFGIDGESFELK.I,/core/www/modules/show_out/show_out_wrapper.php?run_id=110202&search_id=114132&scans_id=110198&peptide_id=21464&scanf=29637&charge=2&value=K.QFGIDGESFELK.I,RCL1,5.302e+6,2.209,0.055,1.258,0.002
29638,2,"  2.042","  0.328",11/26,/core/www/modules//sdig/index.php?run_id=110202&search_id=114132&scans_id=110198&peptide_id=21465&scanf=29638&charge=2&value=11/26,sp|Q9NY61|AATF_HUMAN,/core/www/modules//consensus/?run_id=110202&search_id=114132&scans_id=110198&peptide_id=21465&scanf=29638&charge=2&value=sp|Q9NY61|AATF_HUMAN,6,/core/www/modules/match_peptides/blast_html4.php?run_id=110202&search_id=114132&scans_id=110198&peptide_id=21465&scanf=29638&charge=2&value=6,K.TPGFSVQSISDFEK.F,/core/www/modules/show_out/show_out_wrapper.php?run_id=110202&search_id=114132&scans_id=110198&peptide_id=21465&scanf=29638&charge=2&value=K.TPGFSVQSISDFEK.F,AATF,3.829e+6,2.128,0.072,1.145,0.002
29639,3,"  2.693","  0.646",19/72,/core/www/modules//sdig/index.php?run_id=110202&search_id=114132&scans_id=110198&peptide_id=21466&scanf=29639&charge=3&value=19/72,sp|P18074|ERCC2_HUMAN,/core/www/modules//consensus/?run_id=110202&search_id=114132&scans_id=110198&peptide_id=21466&scanf=29639&charge=3&value=sp|P18074|ERCC2_HUMAN,5,/core/www/modules/match_peptides/blast_html4.php?run_id=110202&search_id=114132&scans_id=110198&peptide_id=21466&scanf=29639&charge=3&value=5,R.VQHVVQESPPAFLSGLAQR.V,/core/www/modules/show_out/show_out_wrapper.php?run_id=110202&search_id=114132&scans_id=110198&peptide_id=21466&scanf=29639&charge=3&value=R.VQHVVQESPPAFLSGLAQR.V,ERCC2,4.077e+6,3.409,0.001,3.013,0.000
29640,2,"  4.532","  0.622",16/30,/core/www/modules//sdig/index.php?run_id=110202&search_id=114132&scans_id=110198&peptide_id=21468&scanf=29640&charge=2&value=16/30,sp|Q15393|SF3B3_HUMAN,/core/www/modules//consensus/?run_id=110202&search_id=114132&scans_id=110198&peptide_id=21468&scanf=29640&charge=2&value=sp|Q15393|SF3B3_HUMAN,0,/core/www/modules/match_peptides/blast_html4.php?run_id=110202&search_id=114132&scans_id=110198&peptide_id=21468&scanf=29640&charge=2&value=0,K.TPVEEVPAAIAPFQGR.V,/core/www/modules/show_out/show_out_wrapper.php?run_id=110202&search_id=114132&scans_id=110198&peptide_id=21468&scanf=29640&charge=2&value=K.TPVEEVPAAIAPFQGR.V,SF3B3,1.768e+7,3.562,0.001,3.240,0.000
29644,3,"  2.377","  0.230",7/56,/core/www/modules//sdig/index.php?run_id=110202&search_id=114132&scans_id=110198&peptide_id=21472&scanf=29644&charge=3&value=7/56,sp|Q9Y2Q3|GSTK1_HUMAN,/core/www/modules//consensus/?run_id=110202&search_id=114132&scans_id=110198&peptide_id=21472&scanf=29644&charge=3&value=sp|Q9Y2Q3|GSTK1_HUMAN,2,/core/www/modules/match_peptides/blast_html4.php?run_id=110202&search_id=114132&scans_id=110198&peptide_id=21472&scanf=29644&charge=3&value=2,R.FLTAVNLEHPEMLEK.A,/core/www/modules/show_out/show_out_wrapper.php?run_id=110202&search_id=114132&scans_id=110198&peptide_id=21472&scanf=29644&charge=3&value=R.FLTAVNLEHPEMLEK.A,GSTK1,6.893e+6,1.935,0.130,0.888,0.006
29646,2,"  2.971","  0.529",12/30,/core/www/modules//sdig/index.php?run_id=110202&search_id=114132&scans_id=110198&peptide_id=21474&scanf=29646&charge=2&value=12/30,sp|P45974|UBP5_HUMAN,/core/www/modules//consensus/?run_id=110202&search_id=114132&scans_id=110198&peptide_id=21474&scanf=29646&charge=2&value=sp|P45974|UBP5_HUMAN,0,/core/www/modules/match_peptides/blast_html4.php?run_id=110202&search_id=114132&scans_id=110198&peptide_id=21474&scanf=29646&charge=2&value=0,R.VTSAVEALLSADSASR.K,/core/www/modules/show_out/show_out_wrapper.php?run_id=110202&search_id=114132&scans_id=110198&peptide_id=21474&scanf=29646&charge=2&value=R.VTSAVEALLSADSASR.K,USP5,5.298e+6,2.766,0.009,2.063,0.000
29652,2,"  2.243","  0.112",9/14,/core/www/modules//sdig/index.php?run_id=110202&search_id=114132&scans_id=110198&peptide_id=21480&scanf=29652&charge=2&value=9/14,sp|Q13823|NOG2_HUMAN,/core/www/modules//consensus/?run_id=110202&search_id=114132&scans_id=110198&peptide_id=21480&scanf=29652&charge=2&value=sp|Q13823|NOG2_HUMAN,1,/core/www/modules/match_peptides/blast_html4.php?run_id=110202&search_id=114132&scans_id=110198&peptide_id=21480&scanf=29652&charge=2&value=1,K.GAFIQLLR.Q,/core/www/modules/show_out/show_out_wrapper.php?run_id=110202&search_id=114132&scans_id=110198&peptide_id=21480&scanf=29652&charge=2&value=K.GAFIQLLR.Q,GNL2,2.656e+7,2.055,0.090,1.046,0.004
29653,2,"  2.030","  0.537",8/12,/core/www/modules//sdig/index.php?run_id=110202&search_id=114132&scans_id=110198&peptide_id=21481&scanf=29653&charge=2&value=8/12,sp|Q02543|RL18A_HUMAN,/core/www/modules//consensus/?run_id=110202&search_id=114132&scans_id=110198&peptide_id=21481&scanf=29653&charge=2&value=sp|Q02543|RL18A_HUMAN,4,/core/www/modules/match_peptides/blast_html4.php?run_id=110202&search_id=114132&scans_id=110198&peptide_id=21481&scanf=29653&charge=2&value=4,K.NFGIWLR.Y,/core/www/modules/show_out/show_out_wrapper.php?run_id=110202&search_id=114132&scans_id=110198&peptide_id=21481&scanf=29653&charge=2&value=K.NFGIWLR.Y,RPL18A,6.528e+7,3.538,0.001,3.204,0.000
29660,2,"  2.982","  0.505",11/22,/core/www/modules//sdig/index.php?run_id=110202&search_id=114132&scans_id=110198&peptide_id=21489&scanf=29660&charge=2&value=11/22,sp|P13797|PLST_HUMAN,/core/www/modules//consensus/?run_id=110202&search_id=114132&scans_id=110198&peptide_id=21489&scanf=29660&charge=2&value=sp|P13797|PLST_HUMAN,0,/core/www/modules/match_peptides/blast_html4.php?run_id=110202&search_id=114132&scans_id=110198&peptide_id=21489&scanf=29660&charge=2&value=0,K.ANDDIIVNWVNR.T,/core/www/modules/show_out/show_out_wrapper.php?run_id=110202&search_id=114132&scans_id=110198&peptide_id=21489&scanf=29660&charge=2&value=K.ANDDIIVNWVNR.T,PLS3,1.891e+6,3.043,0.003,2.471,0.000
29661,3,"  3.889","  0.629",21/92,/core/www/modules//sdig/index.php?run_id=110202&search_id=114132&scans_id=110198&peptide_id=21490&scanf=29661&charge=3&value=21/92,sp|Q9UPT8|ZC3H4_HUMAN,/core/www/modules//consensus/?run_id=110202&search_id=114132&scans_id=110198&peptide_id=21490&scanf=29661&charge=3&value=sp|Q9UPT8|ZC3H4_HUMAN,1,/core/www/modules/match_peptides/blast_html4.php?run_id=110202&search_id=114132&scans_id=110198&peptide_id=21490&scanf=29661&charge=3&value=1,R.QRPGASTDSSTQGANLPDFELLSR.I,/core/www/modules/show_out/show_out_wrapper.php?run_id=110202&search_id=114132&scans_id=110198&peptide_id=21490&scanf=29661&charge=3&value=R.QRPGASTDSSTQGANLPDFELLSR.I,ZC3H4,2.077e+6,3.152,0.002,2.633,0.000
29662,3,"  2.432","  0.367",9/52,/core/www/modules//sdig/index.php?run_id=110202&search_id=114132&scans_id=110198&peptide_id=21491&scanf=29662&charge=3&value=9/52,sp|P40763|STAT3_HUMAN,/core/www/modules//consensus/?run_id=110202&search_id=114132&scans_id=110198&peptide_id=21491&scanf=29662&charge=3&value=sp|P40763|STAT3_HUMAN,13,/core/www/modules/match_peptides/blast_html4.php?run_id=110202&search_id=114132&scans_id=110198&peptide_id=21491&scanf=29662&charge=3&value=13,R.AILSTKPPGTFLLR.F,/core/www/modules/show_out/show_out_wrapper.php?run_id=110202&search_id=114132&scans_id=110198&peptide_id=21491&scanf=29662&charge=3&value=R.AILSTKPPGTFLLR.F,STAT3,1.892e+6,2.482,0.022,1.648,0.001
29665,2,"  3.130","  0.462",13/22,/core/www/modules//sdig/index.php?run_id=110202&search_id=114132&scans_id=110198&peptide_id=21494&scanf=29665&charge=2&value=13/22,sp|O60264|SMCA5_HUMAN,/core/www/modules//consensus/?run_id=110202&search_id=114132&scans_id=110198&peptide_id=21494&scanf=29665&charge=2&value=sp|O60264|SMCA5_HUMAN,0,/core/www/modules/match_peptides/blast_html4.php?run_id=110202&search_id=114132&scans_id=110198&peptide_id=21494&scanf=29665&charge=2&value=0,K.IAFTEWIEPPKR.E,/core/www/modules/show_out/show_out_wrapper.php?run_id=110202&search_id=114132&scans_id=110198&peptide_id=21494&scanf=29665&charge=2&value=K.IAFTEWIEPPKR.E,SMARCA5,6.818e+6,3.011,0.004,2.424,0.000
29666,2,"  1.957","  0.247",7/14,/core/www/modules//sdig/index.php?run_id=110202&search_id=114132&scans_id=110198&peptide_id=21495&scanf=29666&charge=2&value=7/14,sp|P62805|H4_HUMAN,/core/www/modules//consensus/?run_id=110202&search_id=114132&scans_id=110198&peptide_id=21495&scanf=29666&charge=2&value=sp|P62805|H4_HUMAN,0,/core/www/modules/match_peptides/blast_html4.php?run_id=110202&search_id=114132&scans_id=110198&peptide_id=21495&scanf=29666&charge=2&value=0,K.VFLENVIR.D,/core/www/modules/show_out/show_out_wrapper.php?run_id=110202&search_id=114132&scans_id=110198&peptide_id=21495&scanf=29666&charge=2&value=K.VFLENVIR.D,H4C16,1.606e+9,2.460,0.024,1.616,0.001
29669,3,"  2.642","  0.457",13/36,/core/www/modules//sdig/index.php?run_id=110202&search_id=114132&scans_id=110198&peptide_id=21498&scanf=29669&charge=3&value=13/36,sp|P43358|MAGA4_HUMAN,/core/www/modules//consensus/?run_id=110202&search_id=114132&scans_id=110198&peptide_id=21498&scanf=29669&charge=3&value=sp|P43358|MAGA4_HUMAN,6,/core/www/modules/match_peptides/blast_html4.php?run_id=110202&search_id=114132&scans_id=110198&peptide_id=21498&scanf=29669&charge=3&value=6,K.VDELAHFLLR.K,/core/www/modules/show_out/show_out_wrapper.php?run_id=110202&search_id=114132&scans_id=110198&peptide_id=21498&scanf=29669&charge=3&value=K.VDELAHFLLR.K,MAGEA4,3.326e+7,3.246,0.002,2.772,0.000
29671,2,"  2.550","  0.200",9/18,/core/www/modules//sdig/index.php?run_id=110202&search_id=114132&scans_id=110198&peptide_id=21500&scanf=29671&charge=2&value=9/18,sp|P11388|TOP2A_HUMAN,/core/www/modules//consensus/?run_id=110202&search_id=114132&scans_id=110198&peptide_id=21500&scanf=29671&charge=2&value=sp|P11388|TOP2A_HUMAN,0,/core/www/modules/match_peptides/blast_html4.php?run_id=110202&search_id=114132&scans_id=110198&peptide_id=21500&scanf=29671&charge=2&value=0,K.KYDTVLDILR.D,/core/www/modules/show_out/show_out_wrapper.php?run_id=110202&search_id=114132&scans_id=110198&peptide_id=21500&scanf=29671&charge=2&value=K.KYDTVLDILR.D,TOP2A,4.433e+6,2.031,0.097,1.014,0.005
29674,2,"  1.749","  0.426",7/14,/core/www/modules//sdig/index.php?run_id=110202&search_id=114132&scans_id=110198&peptide_id=21502&scanf=29674&charge=2&value=7/14,sp|P60709|ACTB_HUMAN,/core/www/modules//consensus/?run_id=110202&search_id=114132&scans_id=110198&peptide_id=21502&scanf=29674&charge=2&value=sp|P60709|ACTB_HUMAN,16,/core/www/modules/match_peptides/blast_html4.php?run_id=110202&search_id=114132&scans_id=110198&peptide_id=21502&scanf=29674&charge=2&value=16,R.DLTDYLMK.I,/core/www/modules/show_out/show_out_wrapper.php?run_id=110202&search_id=114132&scans_id=110198&peptide_id=21502&scanf=29674&charge=2&value=R.DLTDYLMK.I,ACTB,2.020e+9,3.419,0.001,3.029,0.000
29675,3,"  4.748","  0.557",16/52,/core/www/modules//sdig/index.php?run_id=110202&search_id=114132&scans_id=110198&peptide_id=21503&scanf=29675&charge=3&value=16/52,sp|Q03701|CEBPZ_HUMAN,/core/www/modules//consensus/?run_id=110202&search_id=114132&scans_id=110198&peptide_id=21503&scanf=29675&charge=3&value=sp|Q03701|CEBPZ_HUMAN,0,/core/www/modules/match_peptides/blast_html4.php?run_id=110202&search_id=114132&scans_id=110198&peptide_id=21503&scanf=29675&charge=3&value=0,K.EESQIPVDEVFFHR.Y,/core/www/modules/show_out/show_out_wrapper.php?run_id=110202&search_id=114132&scans_id=110198&peptide_id=21503&scanf=29675&charge=3&value=K.EESQIPVDEVFFHR.Y,CEBPZ,1.325e+7,3.532,0.001,3.195,0.000
29680,2,"  2.310","  0.214",10/20,/core/www/modules//sdig/index.php?run_id=110202&search_id=114132&scans_id=110198&peptide_id=21509&scanf=29680&charge=2&value=10/20,sp|Q9NR31|SAR1A_HUMAN,/core/www/modules//consensus/?run_id=110202&search_id=114132&scans_id=110198&peptide_id=21509&scanf=29680&charge=2&value=sp|Q9NR31|SAR1A_HUMAN,6,/core/www/modules/match_peptides/blast_html4.php?run_id=110202&search_id=114132&scans_id=110198&peptide_id=21509&scanf=29680&charge=2&value=6,K.LVFLGLDNAGK.T,/core/www/modules/show_out/show_out_wrapper.php?run_id=110202&search_id=114132&scans_id=110198&peptide_id=21509&scanf=29680&charge=2&value=K.LVFLGLDNAGK.T,SAR1A,1.407e+7,2.082,0.083,1.082,0.003
29682,2,"  2.915","  0.466",14/28,/core/www/modules//sdig/index.php?run_id=110202&search_id=114132&scans_id=110198&peptide_id=21511&scanf=29682&charge=2&value=14/28,sp|P78527|PRKDC_HUMAN,/core/www/modules//consensus/?run_id=110202&search_id=114132&scans_id=110198&peptide_id=21511&scanf=29682&charge=2&value=sp|P78527|PRKDC_HUMAN,2,/core/www/modules/match_peptides/blast_html4.php?run_id=110202&search_id=114132&scans_id=110198&peptide_id=21511&scanf=29682&charge=2&value=2,R.SDPGLLTNTM*DVFVK.E,/core/www/modules/show_out/show_out_wrapper.php?run_id=110202&search_id=114132&scans_id=110198&peptide_id=21511&scanf=29682&charge=2&value=R.SDPGLLTNTM*DVFVK.E,PRKDC,2.186e+6,3.666,0.000,3.394,0.000
29685,2,"  5.064","  0.612",21/38,/core/www/modules//sdig/index.php?run_id=110202&search_id=114132&scans_id=110198&peptide_id=21514&scanf=29685&charge=2&value=21/38,sp|Q12931|TRAP1_HUMAN,/core/www/modules//consensus/?run_id=110202&search_id=114132&scans_id=110198&peptide_id=21514&scanf=29685&charge=2&value=sp|Q12931|TRAP1_HUMAN,1,/core/www/modules/match_peptides/blast_html4.php?run_id=110202&search_id=114132&scans_id=110198&peptide_id=21514&scanf=29685&charge=2&value=1,R.YESSALPSGQLTSLSEYASR.M,/core/www/modules/show_out/show_out_wrapper.php?run_id=110202&search_id=114132&scans_id=110198&peptide_id=21514&scanf=29685&charge=2&value=R.YESSALPSGQLTSLSEYASR.M,TRAP1,1.158e+6,3.328,0.001,2.894,0.000
29691,3,"  2.800","  0.382",16/44,/core/www/modules//sdig/index.php?run_id=110202&search_id=114132&scans_id=110198&peptide_id=21521&scanf=29691&charge=3&value=16/44,sp|Q5T6V5|QSPP_HUMAN,/core/www/modules//consensus/?run_id=110202&search_id=114132&scans_id=110198&peptide_id=21521&scanf=29691&charge=3&value=sp|Q5T6V5|QSPP_HUMAN,1,/core/www/modules/match_peptides/blast_html4.php?run_id=110202&search_id=114132&scans_id=110198&peptide_id=21521&scanf=29691&charge=3&value=1,R.LPQVLAHLGALK.Y,/core/www/modules/show_out/show_out_wrapper.php?run_id=110202&search_id=114132&scans_id=110198&peptide_id=21521&scanf=29691&charge=3&value=R.LPQVLAHLGALK.Y,C9orf64,1.112e+6,2.923,0.005,2.294,0.000
29695,4,"  6.311","  0.633",26/144,/core/www/modules//sdig/index.php?run_id=110202&search_id=114132&scans_id=110198&peptide_id=21524&scanf=29695&charge=4&value=26/144,sp|Q92900|RENT1_HUMAN,/core/www/modules//consensus/?run_id=110202&search_id=114132&scans_id=110198&peptide_id=21524&scanf=29695&charge=4&value=sp|Q92900|RENT1_HUMAN,0,/core/www/modules/match_peptides/blast_html4.php?run_id=110202&search_id=114132&scans_id=110198&peptide_id=21524&scanf=29695&charge=4&value=0,K.ENPSATLEDLEKPGVDEEPQHVLLR.Y,/core/www/modules/show_out/show_out_wrapper.php?run_id=110202&search_id=114132&scans_id=110198&peptide_id=21524&scanf=29695&charge=4&value=K.ENPSATLEDLEKPGVDEEPQHVLLR.Y,UPF1,4.340e+6,3.710,0.000,3.459,0.000
29696,3,"  2.438","  0.386",14/72,/core/www/modules//sdig/index.php?run_id=110202&search_id=114132&scans_id=110198&peptide_id=21525&scanf=29696&charge=3&value=14/72,sp|O75691|UTP20_HUMAN,/core/www/modules//consensus/?run_id=110202&search_id=114132&scans_id=110198&peptide_id=21525&scanf=29696&charge=3&value=sp|O75691|UTP20_HUMAN,0,/core/www/modules/match_peptides/blast_html4.php?run_id=110202&search_id=114132&scans_id=110198&peptide_id=21525&scanf=29696&charge=3&value=0,R.HDVVQTAVPDGPLQEVPLR.Y,/core/www/modules/show_out/show_out_wrapper.php?run_id=110202&search_id=114132&scans_id=110198&peptide_id=21525&scanf=29696&charge=3&value=R.HDVVQTAVPDGPLQEVPLR.Y,UTP20,8.088e+6,2.544,0.018,1.737,0.000
29697,2,"  4.696","  0.731",19/28,/core/www/modules//sdig/index.php?run_id=110202&search_id=114132&scans_id=110198&peptide_id=21526&scanf=29697&charge=2&value=19/28,sp|P61978|HNRPK_HUMAN,/core/www/modules//consensus/?run_id=110202&search_id=114132&scans_id=110198&peptide_id=21526&scanf=29697&charge=2&value=sp|P61978|HNRPK_HUMAN,1,/core/www/modules/match_peptides/blast_html4.php?run_id=110202&search_id=114132&scans_id=110198&peptide_id=21526&scanf=29697&charge=2&value=1,R.LLIHQSLAGGIIGVK.G,/core/www/modules/show_out/show_out_wrapper.php?run_id=110202&search_id=114132&scans_id=110198&peptide_id=21526&scanf=29697&charge=2&value=R.LLIHQSLAGGIIGVK.G,HNRNPK,3.470e+6,4.293,0.000,4.324,0.000
29699,3,"  3.276","  0.561",13/48,/core/www/modules//sdig/index.php?run_id=110202&search_id=114132&scans_id=110198&peptide_id=21528&scanf=29699&charge=3&value=13/48,sp|P62805|H4_HUMAN,/core/www/modules//consensus/?run_id=110202&search_id=114132&scans_id=110198&peptide_id=21528&scanf=29699&charge=3&value=sp|P62805|H4_HUMAN,0,/core/www/modules/match_peptides/blast_html4.php?run_id=110202&search_id=114132&scans_id=110198&peptide_id=21528&scanf=29699&charge=3&value=0,K.TVTAMDVVYALKR.Q,/core/www/modules/show_out/show_out_wrapper.php?run_id=110202&search_id=114132&scans_id=110198&peptide_id=21528&scanf=29699&charge=3&value=K.TVTAMDVVYALKR.Q,H4C16,1.528e+7,3.228,0.002,2.745,0.000
29702,3,"  4.151","  0.491",14/60,/core/www/modules//sdig/index.php?run_id=110202&search_id=114132&scans_id=110198&peptide_id=21532&scanf=29702&charge=3&value=14/60,sp|P13667|PDIA4_HUMAN,/core/www/modules//consensus/?run_id=110202&search_id=114132&scans_id=110198&peptide_id=21532&scanf=29702&charge=3&value=sp|P13667|PDIA4_HUMAN,2,/core/www/modules/match_peptides/blast_html4.php?run_id=110202&search_id=114132&scans_id=110198&peptide_id=21532&scanf=29702&charge=3&value=2,K.VEGFPTIYFAPSGDKK.N,/core/www/modules/show_out/show_out_wrapper.php?run_id=110202&search_id=114132&scans_id=110198&peptide_id=21532&scanf=29702&charge=3&value=K.VEGFPTIYFAPSGDKK.N,PDIA4,2.653e+6,2.853,0.006,2.191,0.000
29703,3,"  2.632","  0.373",11/36,/core/www/modules//sdig/index.php?run_id=110202&search_id=114132&scans_id=110198&peptide_id=21533&scanf=29703&charge=3&value=11/36,sp|P11388|TOP2A_HUMAN,/core/www/modules//consensus/?run_id=110202&search_id=114132&scans_id=110198&peptide_id=21533&scanf=29703&charge=3&value=sp|P11388|TOP2A_HUMAN,0,/core/www/modules/match_peptides/blast_html4.php?run_id=110202&search_id=114132&scans_id=110198&peptide_id=21533&scanf=29703&charge=3&value=0,K.KYDTVLDILR.D,/core/www/modules/show_out/show_out_wrapper.php?run_id=110202&search_id=114132&scans_id=110198&peptide_id=21533&scanf=29703&charge=3&value=K.KYDTVLDILR.D,TOP2A,5.031e+6,2.759,0.009,2.053,0.000
29705,3,"  2.904","  0.349",13/72,/core/www/modules//sdig/index.php?run_id=110202&search_id=114132&scans_id=110198&peptide_id=21535&scanf=29705&charge=3&value=13/72,sp|P08670|VIME_HUMAN,/core/www/modules//consensus/?run_id=110202&search_id=114132&scans_id=110198&peptide_id=21535&scanf=29705&charge=3&value=sp|P08670|VIME_HUMAN,2,/core/www/modules/match_peptides/blast_html4.php?run_id=110202&search_id=114132&scans_id=110198&peptide_id=21535&scanf=29705&charge=3&value=2,R.EMEENFAVEAANYQDTIGR.L,/core/www/modules/show_out/show_out_wrapper.php?run_id=110202&search_id=114132&scans_id=110198&peptide_id=21535&scanf=29705&charge=3&value=R.EMEENFAVEAANYQDTIGR.L,VIM,2.053e+8,2.814,0.007,2.134,0.000
29707,2,"  1.224","  0.168",9/16,/core/www/modules//sdig/index.php?run_id=110202&search_id=114132&scans_id=110198&peptide_id=21537&scanf=29707&charge=2&value=9/16,sp|Q9UNQ2|DIM1_HUMAN,/core/www/modules//consensus/?run_id=110202&search_id=114132&scans_id=110198&peptide_id=21537&scanf=29707&charge=2&value=sp|Q9UNQ2|DIM1_HUMAN,4,/core/www/modules/match_peptides/blast_html4.php?run_id=110202&search_id=114132&scans_id=110198&peptide_id=21537&scanf=29707&charge=2&value=4,R.SMDIDDFIR.L,/core/www/modules/show_out/show_out_wrapper.php?run_id=110202&search_id=114132&scans_id=110198&peptide_id=21537&scanf=29707&charge=2&value=R.SMDIDDFIR.L,DIMT1,7.446e+6,2.061,0.088,1.054,0.004
29716,2,"  2.959","  0.000",12/24,/core/www/modules//sdig/index.php?run_id=110202&search_id=114132&scans_id=110198&peptide_id=21546&scanf=29716&charge=2&value=12/24,sp|P07900|HS90A_HUMAN,/core/www/modules//consensus/?run_id=110202&search_id=114132&scans_id=110198&peptide_id=21546&scanf=29716&charge=2&value=sp|P07900|HS90A_HUMAN,0,/core/www/modules/match_peptides/blast_html4.php?run_id=110202&search_id=114132&scans_id=110198&peptide_id=21546&scanf=29716&charge=2&value=0,R.TLTIVDTGIGMTK.A,/core/www/modules/show_out/show_out_wrapper.php?run_id=110202&search_id=114132&scans_id=110198&peptide_id=21546&scanf=29716&charge=2&value=R.TLTIVDTGIGMTK.A,HSP90AA1,5.669e+6,3.409,0.001,3.014,0.000
29719,2,"  1.712","  0.275",8/20,/core/www/modules//sdig/index.php?run_id=110202&search_id=114132&scans_id=110198&peptide_id=21549&scanf=29719&charge=2&value=8/20,sp|Q96MT3|PRIC1_HUMAN,/core/www/modules//consensus/?run_id=110202&search_id=114132&scans_id=110198&peptide_id=21549&scanf=29719&charge=2&value=sp|Q96MT3|PRIC1_HUMAN,0,/core/www/modules/match_peptides/blast_html4.php?run_id=110202&search_id=114132&scans_id=110198&peptide_id=21549&scanf=29719&charge=2&value=0,K.ASLLGCPFLPK.Q,/core/www/modules/show_out/show_out_wrapper.php?run_id=110202&search_id=114132&scans_id=110198&peptide_id=21549&scanf=29719&charge=2&value=K.ASLLGCPFLPK.Q,PRICKLE1,2.128e+7,1.945,0.126,0.901,0.006
29720,3,"  2.485","  0.253",11/52,/core/www/modules//sdig/index.php?run_id=110202&search_id=114132&scans_id=110198&peptide_id=21551&scanf=29720&charge=3&value=11/52,sp|P18754|RCC1_HUMAN,/core/www/modules//consensus/?run_id=110202&search_id=114132&scans_id=110198&peptide_id=21551&scanf=29720&charge=3&value=sp|P18754|RCC1_HUMAN,5,/core/www/modules/match_peptides/blast_html4.php?run_id=110202&search_id=114132&scans_id=110198&peptide_id=21551&scanf=29720&charge=3&value=5,R.DNNGVIGLLEPMKK.S,/core/www/modules/show_out/show_out_wrapper.php?run_id=110202&search_id=114132&scans_id=110198&peptide_id=21551&scanf=29720&charge=3&value=R.DNNGVIGLLEPMKK.S,RCC1,3.185e+6,1.933,0.130,0.885,0.006
29727,3,"  2.256","  0.421",12/56,/core/www/modules//sdig/index.php?run_id=110202&search_id=114132&scans_id=110198&peptide_id=21558&scanf=29727&charge=3&value=12/56,sp|P52701|MSH6_HUMAN,/core/www/modules//consensus/?run_id=110202&search_id=114132&scans_id=110198&peptide_id=21558&scanf=29727&charge=3&value=sp|P52701|MSH6_HUMAN,4,/core/www/modules/match_peptides/blast_html4.php?run_id=110202&search_id=114132&scans_id=110198&peptide_id=21558&scanf=29727&charge=3&value=4,K.GNWAHSGFPEIAFGR.Y,/core/www/modules/show_out/show_out_wrapper.php?run_id=110202&search_id=114132&scans_id=110198&peptide_id=21558&scanf=29727&charge=3&value=K.GNWAHSGFPEIAFGR.Y,MSH6,4.612e+6,2.773,0.008,2.073,0.000
29728,3,"  3.769","  0.411",12/60,/core/www/modules//sdig/index.php?run_id=110202&search_id=114132&scans_id=110198&peptide_id=21559&scanf=29728&charge=3&value=12/60,sp|O60318|GANP_HUMAN,/core/www/modules//consensus/?run_id=110202&search_id=114132&scans_id=110198&peptide_id=21559&scanf=29728&charge=3&value=sp|O60318|GANP_HUMAN,0,/core/www/modules/match_peptides/blast_html4.php?run_id=110202&search_id=114132&scans_id=110198&peptide_id=21559&scanf=29728&charge=3&value=0,R.QTQPVLQSQVENLLHR.T,/core/www/modules/show_out/show_out_wrapper.php?run_id=110202&search_id=114132&scans_id=110198&peptide_id=21559&scanf=29728&charge=3&value=R.QTQPVLQSQVENLLHR.T,MCM3AP,3.016e+6,2.710,0.010,1.981,0.000
29731,2,"  3.334","  0.528",14/22,/core/www/modules//sdig/index.php?run_id=110202&search_id=114132&scans_id=110198&peptide_id=21563&scanf=29731&charge=2&value=14/22,sp|Q92759|TF2H4_HUMAN,/core/www/modules//consensus/?run_id=110202&search_id=114132&scans_id=110198&peptide_id=21563&scanf=29731&charge=2&value=sp|Q92759|TF2H4_HUMAN,0,/core/www/modules/match_peptides/blast_html4.php?run_id=110202&search_id=114132&scans_id=110198&peptide_id=21563&scanf=29731&charge=2&value=0,R.ELGVLVFENSAK.R,/core/www/modules/show_out/show_out_wrapper.php?run_id=110202&search_id=114132&scans_id=110198&peptide_id=21563&scanf=29731&charge=2&value=R.ELGVLVFENSAK.R,GTF2H4,3.602e+6,3.392,0.001,2.988,0.000
29736,2,"  3.473","  0.604",14/22,/core/www/modules//sdig/index.php?run_id=110202&search_id=114132&scans_id=110198&peptide_id=21567&scanf=29736&charge=2&value=14/22,sp|O76021|RL1D1_HUMAN,/core/www/modules//consensus/?run_id=110202&search_id=114132&scans_id=110198&peptide_id=21567&scanf=29736&charge=2&value=sp|O76021|RL1D1_HUMAN,4,/core/www/modules/match_peptides/blast_html4.php?run_id=110202&search_id=114132&scans_id=110198&peptide_id=21567&scanf=29736&charge=2&value=4,K.TVSQIISLQTLK.K,/core/www/modules/show_out/show_out_wrapper.php?run_id=110202&search_id=114132&scans_id=110198&peptide_id=21567&scanf=29736&charge=2&value=K.TVSQIISLQTLK.K,RSL1D1,1.278e+8,3.743,0.000,3.509,0.000
29738,3,"  2.882","  0.134",14/52,/core/www/modules//sdig/index.php?run_id=110202&search_id=114132&scans_id=110198&peptide_id=21569&scanf=29738&charge=3&value=14/52,sp|P26641|EF1G_HUMAN,/core/www/modules//consensus/?run_id=110202&search_id=114132&scans_id=110198&peptide_id=21569&scanf=29738&charge=3&value=sp|P26641|EF1G_HUMAN,0,/core/www/modules/match_peptides/blast_html4.php?run_id=110202&search_id=114132&scans_id=110198&peptide_id=21569&scanf=29738&charge=3&value=0,R.EYFSWEGAFQHVGK.A,/core/www/modules/show_out/show_out_wrapper.php?run_id=110202&search_id=114132&scans_id=110198&peptide_id=21569&scanf=29738&charge=3&value=R.EYFSWEGAFQHVGK.A,EEF1G,2.683e+7,1.941,0.127,0.895,0.006
29739,3,"  3.397","  0.406",13/52,/core/www/modules//sdig/index.php?run_id=110202&search_id=114132&scans_id=110198&peptide_id=21570&scanf=29739&charge=3&value=13/52,sp|P00338|LDHA_HUMAN,/core/www/modules//consensus/?run_id=110202&search_id=114132&scans_id=110198&peptide_id=21570&scanf=29739&charge=3&value=sp|P00338|LDHA_HUMAN,5,/core/www/modules/match_peptides/blast_html4.php?run_id=110202&search_id=114132&scans_id=110198&peptide_id=21570&scanf=29739&charge=3&value=5,K.GEMMDLQHGSLFLR.T,/core/www/modules/show_out/show_out_wrapper.php?run_id=110202&search_id=114132&scans_id=110198&peptide_id=21570&scanf=29739&charge=3&value=K.GEMMDLQHGSLFLR.T,LDHA,5.309e+6,2.702,0.011,1.969,0.000
29741,2,"  2.777","  0.557",9/20,/core/www/modules//sdig/index.php?run_id=110202&search_id=114132&scans_id=110198&peptide_id=21573&scanf=29741&charge=2&value=9/20,sp|O75915|PRAF3_HUMAN,/core/www/modules//consensus/?run_id=110202&search_id=114132&scans_id=110198&peptide_id=21573&scanf=29741&charge=2&value=sp|O75915|PRAF3_HUMAN,3,/core/www/modules/match_peptides/blast_html4.php?run_id=110202&search_id=114132&scans_id=110198&peptide_id=21573&scanf=29741&charge=2&value=3,R.AWDDFFPGSDR.F,/core/www/modules/show_out/show_out_wrapper.php?run_id=110202&search_id=114132&scans_id=110198&peptide_id=21573&scanf=29741&charge=2&value=R.AWDDFFPGSDR.F,ARL6IP5,7.534e+6,3.177,0.002,2.670,0.000
29742,2,"  1.774","  0.342",10/16,/core/www/modules//sdig/index.php?run_id=110202&search_id=114132&scans_id=110198&peptide_id=21574&scanf=29742&charge=2&value=10/16,sp|Q2NL82|TSR1_HUMAN,/core/www/modules//consensus/?run_id=110202&search_id=114132&scans_id=110198&peptide_id=21574&scanf=29742&charge=2&value=sp|Q2NL82|TSR1_HUMAN,0,/core/www/modules/match_peptides/blast_html4.php?run_id=110202&search_id=114132&scans_id=110198&peptide_id=21574&scanf=29742&charge=2&value=0,K.MSVLNMVVR.R,/core/www/modules/show_out/show_out_wrapper.php?run_id=110202&search_id=114132&scans_id=110198&peptide_id=21574&scanf=29742&charge=2&value=K.MSVLNMVVR.R,TSR1,4.959e+6,2.791,0.008,2.100,0.000
29743,2,"  2.310","  0.530",13/26,/core/www/modules//sdig/index.php?run_id=110202&search_id=114132&scans_id=110198&peptide_id=21575&scanf=29743&charge=2&value=13/26,sp|P49759|CLK1_HUMAN,/core/www/modules//consensus/?run_id=110202&search_id=114132&scans_id=110198&peptide_id=21575&scanf=29743&charge=2&value=sp|P49759|CLK1_HUMAN,2,/core/www/modules/match_peptides/blast_html4.php?run_id=110202&search_id=114132&scans_id=110198&peptide_id=21575&scanf=29743&charge=2&value=2,R.YEIVDTLGEGAFGK.V,/core/www/modules/show_out/show_out_wrapper.php?run_id=110202&search_id=114132&scans_id=110198&peptide_id=21575&scanf=29743&charge=2&value=R.YEIVDTLGEGAFGK.V,CLK1,3.686e+6,2.978,0.004,2.375,0.000
29753,2,"  5.430","  0.785",23/36,/core/www/modules//sdig/index.php?run_id=110202&search_id=114132&scans_id=110198&peptide_id=21586&scanf=29753&charge=2&value=23/36,sp|P08670|VIME_HUMAN,/core/www/modules//consensus/?run_id=110202&search_id=114132&scans_id=110198&peptide_id=21586&scanf=29753&charge=2&value=sp|P08670|VIME_HUMAN,2,/core/www/modules/match_peptides/blast_html4.php?run_id=110202&search_id=114132&scans_id=110198&peptide_id=21586&scanf=29753&charge=2&value=2,R.EMEENFAVEAANYQDTIGR.L,/core/www/modules/show_out/show_out_wrapper.php?run_id=110202&search_id=114132&scans_id=110198&peptide_id=21586&scanf=29753&charge=2&value=R.EMEENFAVEAANYQDTIGR.L,VIM,1.157e+6,4.603,0.000,4.784,0.000
29754,2,"  3.301","  0.616",12/18,/core/www/modules//sdig/index.php?run_id=110202&search_id=114132&scans_id=110198&peptide_id=21587&scanf=29754&charge=2&value=12/18,sp|P43358|MAGA4_HUMAN,/core/www/modules//consensus/?run_id=110202&search_id=114132&scans_id=110198&peptide_id=21587&scanf=29754&charge=2&value=sp|P43358|MAGA4_HUMAN,6,/core/www/modules/match_peptides/blast_html4.php?run_id=110202&search_id=114132&scans_id=110198&peptide_id=21587&scanf=29754&charge=2&value=6,K.VDELAHFLLR.K,/core/www/modules/show_out/show_out_wrapper.php?run_id=110202&search_id=114132&scans_id=110198&peptide_id=21587&scanf=29754&charge=2&value=K.VDELAHFLLR.K,MAGEA4,4.252e+7,3.783,0.000,3.568,0.000
29757,3,"  4.598","  0.588",20/64,/core/www/modules//sdig/index.php?run_id=110202&search_id=114132&scans_id=110198&peptide_id=21589&scanf=29757&charge=3&value=20/64,sp|Q9Y230|RUVB2_HUMAN,/core/www/modules//consensus/?run_id=110202&search_id=114132&scans_id=110198&peptide_id=21589&scanf=29757&charge=3&value=sp|Q9Y230|RUVB2_HUMAN,1,/core/www/modules/match_peptides/blast_html4.php?run_id=110202&search_id=114132&scans_id=110198&peptide_id=21589&scanf=29757&charge=3&value=1,R.GTSYQSPHGIPIDLLDR.L,/core/www/modules/show_out/show_out_wrapper.php?run_id=110202&search_id=114132&scans_id=110198&peptide_id=21589&scanf=29757&charge=3&value=R.GTSYQSPHGIPIDLLDR.L,RUVBL2,1.284e+7,3.519,0.001,3.177,0.000
29758,2,"  2.185","  0.376",9/14,/core/www/modules//sdig/index.php?run_id=110202&search_id=114132&scans_id=110198&peptide_id=21590&scanf=29758&charge=2&value=9/14,sp|P47897|SYQ_HUMAN,/core/www/modules//consensus/?run_id=110202&search_id=114132&scans_id=110198&peptide_id=21590&scanf=29758&charge=2&value=sp|P47897|SYQ_HUMAN,5,/core/www/modules/match_peptides/blast_html4.php?run_id=110202&search_id=114132&scans_id=110198&peptide_id=21590&scanf=29758&charge=2&value=5,R.LFTLTALR.R,/core/www/modules/show_out/show_out_wrapper.php?run_id=110202&search_id=114132&scans_id=110198&peptide_id=21590&scanf=29758&charge=2&value=R.LFTLTALR.R,QARS1,1.406e+7,2.974,0.004,2.370,0.000
29759,2,"  3.652","  0.594",14/26,/core/www/modules//sdig/index.php?run_id=110202&search_id=114132&scans_id=110198&peptide_id=21591&scanf=29759&charge=2&value=14/26,sp|Q9Y4W2|LAS1L_HUMAN,/core/www/modules//consensus/?run_id=110202&search_id=114132&scans_id=110198&peptide_id=21591&scanf=29759&charge=2&value=sp|Q9Y4W2|LAS1L_HUMAN,6,/core/www/modules/match_peptides/blast_html4.php?run_id=110202&search_id=114132&scans_id=110198&peptide_id=21591&scanf=29759&charge=2&value=6,K.LLDVTGGLGTDELR.L,/core/www/modules/show_out/show_out_wrapper.php?run_id=110202&search_id=114132&scans_id=110198&peptide_id=21591&scanf=29759&charge=2&value=K.LLDVTGGLGTDELR.L,LAS1L,1.416e+7,3.463,0.001,3.093,0.000
29761,3,"  3.567","  0.482",13/60,/core/www/modules//sdig/index.php?run_id=110202&search_id=114132&scans_id=110198&peptide_id=21594&scanf=29761&charge=3&value=13/60,sp|P62736|ACTA_HUMAN,/core/www/modules//consensus/?run_id=110202&search_id=114132&scans_id=110198&peptide_id=21594&scanf=29761&charge=3&value=sp|P62736|ACTA_HUMAN,8,/core/www/modules/match_peptides/blast_html4.php?run_id=110202&search_id=114132&scans_id=110198&peptide_id=21594&scanf=29761&charge=3&value=8,K.YPIEHGIITNWDDMEK.I,/core/www/modules/show_out/show_out_wrapper.php?run_id=110202&search_id=114132&scans_id=110198&peptide_id=21594&scanf=29761&charge=3&value=K.YPIEHGIITNWDDMEK.I,ACTA2,1.790e+9,2.997,0.004,2.404,0.000
29764,3,"  2.437","  0.584",14/40,/core/www/modules//sdig/index.php?run_id=110202&search_id=114132&scans_id=110198&peptide_id=21597&scanf=29764&charge=3&value=14/40,sp|Q9Y3A4|RRP7A_HUMAN,/core/www/modules//consensus/?run_id=110202&search_id=114132&scans_id=110198&peptide_id=21597&scanf=29764&charge=3&value=sp|Q9Y3A4|RRP7A_HUMAN,0,/core/www/modules/match_peptides/blast_html4.php?run_id=110202&search_id=114132&scans_id=110198&peptide_id=21597&scanf=29764&charge=3&value=0,K.ELLNFYAWQHR.E,/core/www/modules/show_out/show_out_wrapper.php?run_id=110202&search_id=114132&scans_id=110198&peptide_id=21597&scanf=29764&charge=3&value=K.ELLNFYAWQHR.E,RRP7A,3.171e+6,3.556,0.001,3.231,0.000
29767,3,"  3.742","  0.212",16/60,/core/www/modules//sdig/index.php?run_id=110202&search_id=114132&scans_id=110198&peptide_id=21600&scanf=29767&charge=3&value=16/60,sp|P13667|PDIA4_HUMAN,/core/www/modules//consensus/?run_id=110202&search_id=114132&scans_id=110198&peptide_id=21600&scanf=29767&charge=3&value=sp|P13667|PDIA4_HUMAN,2,/core/www/modules/match_peptides/blast_html4.php?run_id=110202&search_id=114132&scans_id=110198&peptide_id=21600&scanf=29767&charge=3&value=2,K.VEGFPTIYFAPSGDKK.N,/core/www/modules/show_out/show_out_wrapper.php?run_id=110202&search_id=114132&scans_id=110198&peptide_id=21600&scanf=29767&charge=3&value=K.VEGFPTIYFAPSGDKK.N,PDIA4,2.653e+6,1.946,0.126,0.901,0.006
29770,2,"  2.520","  0.328",8/24,/core/www/modules//sdig/index.php?run_id=110202&search_id=114132&scans_id=110198&peptide_id=21604&scanf=29770&charge=2&value=8/24,sp|Q9BW27|NUP85_HUMAN,/core/www/modules//consensus/?run_id=110202&search_id=114132&scans_id=110198&peptide_id=21604&scanf=29770&charge=2&value=sp|Q9BW27|NUP85_HUMAN,4,/core/www/modules/match_peptides/blast_html4.php?run_id=110202&search_id=114132&scans_id=110198&peptide_id=21604&scanf=29770&charge=2&value=4,K.IMLGDEAALLEQK.E,/core/www/modules/show_out/show_out_wrapper.php?run_id=110202&search_id=114132&scans_id=110198&peptide_id=21604&scanf=29770&charge=2&value=K.IMLGDEAALLEQK.E,NUP85,1.594e+6,2.104,0.077,1.113,0.003
29773,3,"  2.582","  0.336",9/56,/core/www/modules//sdig/index.php?run_id=110202&search_id=114132&scans_id=110198&peptide_id=21607&scanf=29773&charge=3&value=9/56,sp|Q96GD4|AURKB_HUMAN,/core/www/modules//consensus/?run_id=110202&search_id=114132&scans_id=110198&peptide_id=21607&scanf=29773&charge=3&value=sp|Q96GD4|AURKB_HUMAN,6,/core/www/modules/match_peptides/blast_html4.php?run_id=110202&search_id=114132&scans_id=110198&peptide_id=21607&scanf=29773&charge=3&value=6,R.HFTIDDFEIGRPLGK.G,/core/www/modules/show_out/show_out_wrapper.php?run_id=110202&search_id=114132&scans_id=110198&peptide_id=21607&scanf=29773&charge=3&value=R.HFTIDDFEIGRPLGK.G,AURKB,1.939e+6,2.347,0.035,1.454,0.001
29774,4,"  4.732","  0.443",12/126,/core/www/modules//sdig/index.php?run_id=110202&search_id=114132&scans_id=110198&peptide_id=21608&scanf=29774&charge=4&value=12/126,sp|Q9UHB6|LIMA1_HUMAN,/core/www/modules//consensus/?run_id=110202&search_id=114132&scans_id=110198&peptide_id=21608&scanf=29774&charge=4&value=sp|Q9UHB6|LIMA1_HUMAN,2,/core/www/modules/match_peptides/blast_html4.php?run_id=110202&search_id=114132&scans_id=110198&peptide_id=21608&scanf=29774&charge=4&value=2,K.WPPEDEISKPEVPEDVDLDLKK.L,/core/www/modules/show_out/show_out_wrapper.php?run_id=110202&search_id=114132&scans_id=110198&peptide_id=21608&scanf=29774&charge=4&value=K.WPPEDEISKPEVPEDVDLDLKK.L,LIMA1,5.985e+6,2.678,0.012,1.934,0.000
29776,3,"  2.977","  0.297",8/64,/core/www/modules//sdig/index.php?run_id=110202&search_id=114132&scans_id=110198&peptide_id=21610&scanf=29776&charge=3&value=8/64,sp|Q8WUA2|PPIL4_HUMAN,/core/www/modules//consensus/?run_id=110202&search_id=114132&scans_id=110198&peptide_id=21610&scanf=29776&charge=3&value=sp|Q8WUA2|PPIL4_HUMAN,0,/core/www/modules/match_peptides/blast_html4.php?run_id=110202&search_id=114132&scans_id=110198&peptide_id=21610&scanf=29776&charge=3&value=0,K.INETFVDKDFVPYQDIR.I,/core/www/modules/show_out/show_out_wrapper.php?run_id=110202&search_id=114132&scans_id=110198&peptide_id=21610&scanf=29776&charge=3&value=K.INETFVDKDFVPYQDIR.I,PPIL4,2.623e+6,1.853,0.165,0.784,0.009
29778,2,"  2.577","  0.452",10/16,/core/www/modules//sdig/index.php?run_id=110202&search_id=114132&scans_id=110198&peptide_id=21611&scanf=29778&charge=2&value=10/16,sp|P62136|PP1A_HUMAN,/core/www/modules//consensus/?run_id=110202&search_id=114132&scans_id=110198&peptide_id=21611&scanf=29778&charge=2&value=sp|P62136|PP1A_HUMAN,1,/core/www/modules/match_peptides/blast_html4.php?run_id=110202&search_id=114132&scans_id=110198&peptide_id=21611&scanf=29778&charge=2&value=1,K.LNLDSIIGR.L,/core/www/modules/show_out/show_out_wrapper.php?run_id=110202&search_id=114132&scans_id=110198&peptide_id=21611&scanf=29778&charge=2&value=K.LNLDSIIGR.L,PPP1CA,3.601e+7,3.160,0.002,2.645,0.000
29779,2,"  2.357","  0.530",10/16,/core/www/modules//sdig/index.php?run_id=110202&search_id=114132&scans_id=110198&peptide_id=21612&scanf=29779&charge=2&value=10/16,sp|P04350|TBB4A_HUMAN,/core/www/modules//consensus/?run_id=110202&search_id=114132&scans_id=110198&peptide_id=21612&scanf=29779&charge=2&value=sp|P04350|TBB4A_HUMAN,4,/core/www/modules/match_peptides/blast_html4.php?run_id=110202&search_id=114132&scans_id=110198&peptide_id=21612&scanf=29779&charge=2&value=4,R.YLTVAAVFR.G,/core/www/modules/show_out/show_out_wrapper.php?run_id=110202&search_id=114132&scans_id=110198&peptide_id=21612&scanf=29779&charge=2&value=R.YLTVAAVFR.G,TUBB4A,2.107e+7,3.446,0.001,3.068,0.000
29780,3,"  5.815","  0.666",21/64,/core/www/modules//sdig/index.php?run_id=110202&search_id=114132&scans_id=110198&peptide_id=21614&scanf=29780&charge=3&value=21/64,sp|O75643|U520_HUMAN,/core/www/modules//consensus/?run_id=110202&search_id=114132&scans_id=110198&peptide_id=21614&scanf=29780&charge=3&value=sp|O75643|U520_HUMAN,0,/core/www/modules/match_peptides/blast_html4.php?run_id=110202&search_id=114132&scans_id=110198&peptide_id=21614&scanf=29780&charge=3&value=0,R.YPNIELSYEVVDKDSIR.S,/core/www/modules/show_out/show_out_wrapper.php?run_id=110202&search_id=114132&scans_id=110198&peptide_id=21614&scanf=29780&charge=3&value=R.YPNIELSYEVVDKDSIR.S,SNRNP200,3.612e+6,3.806,0.000,3.602,0.000
29783,3,"  6.215","  0.730",22/88,/core/www/modules//sdig/index.php?run_id=110202&search_id=114132&scans_id=110198&peptide_id=21617&scanf=29783&charge=3&value=22/88,sp|Q9NXX6|NSE4A_HUMAN,/core/www/modules//consensus/?run_id=110202&search_id=114132&scans_id=110198&peptide_id=21617&scanf=29783&charge=3&value=sp|Q9NXX6|NSE4A_HUMAN,0,/core/www/modules/match_peptides/blast_html4.php?run_id=110202&search_id=114132&scans_id=110198&peptide_id=21617&scanf=29783&charge=3&value=0,R.LPVIEPVSINEENEGFEHNTQVR.N,/core/www/modules/show_out/show_out_wrapper.php?run_id=110202&search_id=114132&scans_id=110198&peptide_id=21617&scanf=29783&charge=3&value=R.LPVIEPVSINEENEGFEHNTQVR.N,NSMCE4A,2.574e+6,3.634,0.000,3.346,0.000
29784,3,"  4.467","  0.526",17/68,/core/www/modules//sdig/index.php?run_id=110202&search_id=114132&scans_id=110198&peptide_id=21618&scanf=29784&charge=3&value=17/68,sp|Q9NPI1|BRD7_HUMAN,/core/www/modules//consensus/?run_id=110202&search_id=114132&scans_id=110198&peptide_id=21618&scanf=29784&charge=3&value=sp|Q9NPI1|BRD7_HUMAN,1,/core/www/modules/match_peptides/blast_html4.php?run_id=110202&search_id=114132&scans_id=110198&peptide_id=21618&scanf=29784&charge=3&value=1,K.ELAQQVTPGDIVSTYGVR.K,/core/www/modules/show_out/show_out_wrapper.php?run_id=110202&search_id=114132&scans_id=110198&peptide_id=21618&scanf=29784&charge=3&value=K.ELAQQVTPGDIVSTYGVR.K,BRD7,4.715e+6,3.007,0.004,2.418,0.000
29787,2,"  3.333","  0.595",14/26,/core/www/modules//sdig/index.php?run_id=110202&search_id=114132&scans_id=110198&peptide_id=21621&scanf=29787&charge=2&value=14/26,sp|Q03701|CEBPZ_HUMAN,/core/www/modules//consensus/?run_id=110202&search_id=114132&scans_id=110198&peptide_id=21621&scanf=29787&charge=2&value=sp|Q03701|CEBPZ_HUMAN,0,/core/www/modules/match_peptides/blast_html4.php?run_id=110202&search_id=114132&scans_id=110198&peptide_id=21621&scanf=29787&charge=2&value=0,K.EESQIPVDEVFFHR.Y,/core/www/modules/show_out/show_out_wrapper.php?run_id=110202&search_id=114132&scans_id=110198&peptide_id=21621&scanf=29787&charge=2&value=K.EESQIPVDEVFFHR.Y,CEBPZ,2.676e+6,3.186,0.002,2.683,0.000
29790,2,"  2.695","  0.589",11/20,/core/www/modules//sdig/index.php?run_id=110202&search_id=114132&scans_id=110198&peptide_id=21625&scanf=29790&charge=2&value=11/20,sp|P35579|MYH9_HUMAN,/core/www/modules//consensus/?run_id=110202&search_id=114132&scans_id=110198&peptide_id=21625&scanf=29790&charge=2&value=sp|P35579|MYH9_HUMAN,3,/core/www/modules/match_peptides/blast_html4.php?run_id=110202&search_id=114132&scans_id=110198&peptide_id=21625&scanf=29790&charge=2&value=3,K.LDPHLVLDQLR.C,/core/www/modules/show_out/show_out_wrapper.php?run_id=110202&search_id=114132&scans_id=110198&peptide_id=21625&scanf=29790&charge=2&value=K.LDPHLVLDQLR.C,MYH9,7.362e+6,3.619,0.000,3.324,0.000
29802,2,"  4.555","  0.669",19/34,/core/www/modules//sdig/index.php?run_id=110202&search_id=114132&scans_id=110198&peptide_id=21637&scanf=29802&charge=2&value=19/34,sp|P63104|1433Z_HUMAN,/core/www/modules//consensus/?run_id=110202&search_id=114132&scans_id=110198&peptide_id=21637&scanf=29802&charge=2&value=sp|P63104|1433Z_HUMAN,3,/core/www/modules/match_peptides/blast_html4.php?run_id=110202&search_id=114132&scans_id=110198&peptide_id=21637&scanf=29802&charge=2&value=3,K.GIVDQSQQAYQEAFEISK.K,/core/www/modules/show_out/show_out_wrapper.php?run_id=110202&search_id=114132&scans_id=110198&peptide_id=21637&scanf=29802&charge=2&value=K.GIVDQSQQAYQEAFEISK.K,YWHAZ,1.089e+7,3.221,0.002,2.735,0.000
29803,2,"  3.125","  0.479",13/26,/core/www/modules//sdig/index.php?run_id=110202&search_id=114132&scans_id=110198&peptide_id=21638&scanf=29803&charge=2&value=13/26,sp|P61011|SRP54_HUMAN,/core/www/modules//consensus/?run_id=110202&search_id=114132&scans_id=110198&peptide_id=21638&scanf=29803&charge=2&value=sp|P61011|SRP54_HUMAN,3,/core/www/modules/match_peptides/blast_html4.php?run_id=110202&search_id=114132&scans_id=110198&peptide_id=21638&scanf=29803&charge=2&value=3,K.SAIDLEEMASGLNK.R,/core/www/modules/show_out/show_out_wrapper.php?run_id=110202&search_id=114132&scans_id=110198&peptide_id=21638&scanf=29803&charge=2&value=K.SAIDLEEMASGLNK.R,SRP54,7.832e+6,2.776,0.008,2.078,0.000
29809,2,"  1.564","  0.234",6/16,/core/www/modules//sdig/index.php?run_id=110202&search_id=114132&scans_id=110198&peptide_id=21644&scanf=29809&charge=2&value=6/16,sp|Q9P015|RM15_HUMAN,/core/www/modules//consensus/?run_id=110202&search_id=114132&scans_id=110198&peptide_id=21644&scanf=29809&charge=2&value=sp|Q9P015|RM15_HUMAN,2,/core/www/modules/match_peptides/blast_html4.php?run_id=110202&search_id=114132&scans_id=110198&peptide_id=21644&scanf=29809&charge=2&value=2,R.LQYLIDLGR.V,/core/www/modules/show_out/show_out_wrapper.php?run_id=110202&search_id=114132&scans_id=110198&peptide_id=21644&scanf=29809&charge=2&value=R.LQYLIDLGR.V,MRPL15,2.547e+6,1.829,0.176,0.754,0.010
29814,2,"  3.892","  0.665",16/32,/core/www/modules//sdig/index.php?run_id=110202&search_id=114132&scans_id=110198&peptide_id=21650&scanf=29814&charge=2&value=16/32,sp|Q00610|CLH1_HUMAN,/core/www/modules//consensus/?run_id=110202&search_id=114132&scans_id=110198&peptide_id=21650&scanf=29814&charge=2&value=sp|Q00610|CLH1_HUMAN,11,/core/www/modules/match_peptides/blast_html4.php?run_id=110202&search_id=114132&scans_id=110198&peptide_id=21650&scanf=29814&charge=2&value=11,R.TSIDAYDNFDNISLAQR.L,/core/www/modules/show_out/show_out_wrapper.php?run_id=110202&search_id=114132&scans_id=110198&peptide_id=21650&scanf=29814&charge=2&value=R.TSIDAYDNFDNISLAQR.L,CLTC,2.014e+6,3.527,0.001,3.189,0.000
29822,2,"  2.354","  0.352",10/14,/core/www/modules//sdig/index.php?run_id=110202&search_id=114132&scans_id=110198&peptide_id=21658&scanf=29822&charge=2&value=10/14,sp|Q02040|AK17A_HUMAN,/core/www/modules//consensus/?run_id=110202&search_id=114132&scans_id=110198&peptide_id=21658&scanf=29822&charge=2&value=sp|Q02040|AK17A_HUMAN,0,/core/www/modules/match_peptides/blast_html4.php?run_id=110202&search_id=114132&scans_id=110198&peptide_id=21658&scanf=29822&charge=2&value=0,R.LLSILLSK.K,/core/www/modules/show_out/show_out_wrapper.php?run_id=110202&search_id=114132&scans_id=110198&peptide_id=21658&scanf=29822&charge=2&value=R.LLSILLSK.K,AKAP17A,7.005e+6,3.038,0.003,2.464,0.000
29824,3,"  4.318","  0.387",14/64,/core/www/modules//sdig/index.php?run_id=110202&search_id=114132&scans_id=110198&peptide_id=21660&scanf=29824&charge=3&value=14/64,sp|P12814|ACTN1_HUMAN,/core/www/modules//consensus/?run_id=110202&search_id=114132&scans_id=110198&peptide_id=21660&scanf=29824&charge=3&value=sp|P12814|ACTN1_HUMAN,14,/core/www/modules/match_peptides/blast_html4.php?run_id=110202&search_id=114132&scans_id=110198&peptide_id=21660&scanf=29824&charge=3&value=14,R.KDDPLTNLNTAFDVAEK.Y,/core/www/modules/show_out/show_out_wrapper.php?run_id=110202&search_id=114132&scans_id=110198&peptide_id=21660&scanf=29824&charge=3&value=R.KDDPLTNLNTAFDVAEK.Y,ACTN1,1.624e+7,2.478,0.023,1.643,0.001
29829,3,"  1.645","  0.297",12/48,/core/www/modules//sdig/index.php?run_id=110202&search_id=114132&scans_id=110198&peptide_id=21665&scanf=29829&charge=3&value=12/48,sp|P18887|XRCC1_HUMAN,/core/www/modules//consensus/?run_id=110202&search_id=114132&scans_id=110198&peptide_id=21665&scanf=29829&charge=3&value=sp|P18887|XRCC1_HUMAN,1,/core/www/modules/match_peptides/blast_html4.php?run_id=110202&search_id=114132&scans_id=110198&peptide_id=21665&scanf=29829&charge=3&value=1,K.HFFLYGEFPGDER.R,/core/www/modules/show_out/show_out_wrapper.php?run_id=110202&search_id=114132&scans_id=110198&peptide_id=21665&scanf=29829&charge=3&value=K.HFFLYGEFPGDER.R,XRCC1,1.614e+6,2.349,0.035,1.457,0.001
29836,2,"  1.596","  0.129",8/12,/core/www/modules//sdig/index.php?run_id=110202&search_id=114132&scans_id=110198&peptide_id=21673&scanf=29836&charge=2&value=8/12,sp|P60709|ACTB_HUMAN,/core/www/modules//consensus/?run_id=110202&search_id=114132&scans_id=110198&peptide_id=21673&scanf=29836&charge=2&value=sp|P60709|ACTB_HUMAN,11,/core/www/modules/match_peptides/blast_html4.php?run_id=110202&search_id=114132&scans_id=110198&peptide_id=21673&scanf=29836&charge=2&value=11,K.IIAPPER.K,/core/www/modules/show_out/show_out_wrapper.php?run_id=110202&search_id=114132&scans_id=110198&peptide_id=21673&scanf=29836&charge=2&value=K.IIAPPER.K,ACTB,2.828e+6,2.734,0.010,2.016,0.000
29841,2,"  1.536","  0.102",8/12,/core/www/modules//sdig/index.php?run_id=110202&search_id=114132&scans_id=110198&peptide_id=21677&scanf=29841&charge=2&value=8/12,sp|O00410|IPO5_HUMAN,/core/www/modules//consensus/?run_id=110202&search_id=114132&scans_id=110198&peptide_id=21677&scanf=29841&charge=2&value=sp|O00410|IPO5_HUMAN,2,/core/www/modules/match_peptides/blast_html4.php?run_id=110202&search_id=114132&scans_id=110198&peptide_id=21677&scanf=29841&charge=2&value=2,K.LMVPLLK.F,/core/www/modules/show_out/show_out_wrapper.php?run_id=110202&search_id=114132&scans_id=110198&peptide_id=21677&scanf=29841&charge=2&value=K.LMVPLLK.F,IPO5,1.049e+7,2.101,0.078,1.108,0.003
29842,2,"  3.059","  0.495",11/20,/core/www/modules//sdig/index.php?run_id=110202&search_id=114132&scans_id=110198&peptide_id=21678&scanf=29842&charge=2&value=11/20,sp|P08559|ODPA_HUMAN,/core/www/modules//consensus/?run_id=110202&search_id=114132&scans_id=110198&peptide_id=21678&scanf=29842&charge=2&value=sp|P08559|ODPA_HUMAN,2,/core/www/modules/match_peptides/blast_html4.php?run_id=110202&search_id=114132&scans_id=110198&peptide_id=21678&scanf=29842&charge=2&value=2,K.GPILMELQTYR.Y,/core/www/modules/show_out/show_out_wrapper.php?run_id=110202&search_id=114132&scans_id=110198&peptide_id=21678&scanf=29842&charge=2&value=K.GPILMELQTYR.Y,PDHA1,8.294e+6,2.869,0.006,2.214,0.000
29844,2,"  3.376","  0.536",13/26,/core/www/modules//sdig/index.php?run_id=110202&search_id=114132&scans_id=110198&peptide_id=21680&scanf=29844&charge=2&value=13/26,sp|P61011|SRP54_HUMAN,/core/www/modules//consensus/?run_id=110202&search_id=114132&scans_id=110198&peptide_id=21680&scanf=29844&charge=2&value=sp|P61011|SRP54_HUMAN,3,/core/www/modules/match_peptides/blast_html4.php?run_id=110202&search_id=114132&scans_id=110198&peptide_id=21680&scanf=29844&charge=2&value=3,K.SAIDLEEMASGLNK.R,/core/www/modules/show_out/show_out_wrapper.php?run_id=110202&search_id=114132&scans_id=110198&peptide_id=21680&scanf=29844&charge=2&value=K.SAIDLEEMASGLNK.R,SRP54,7.832e+6,2.932,0.005,2.308,0.000
29847,4,"  2.077","  0.115",12/84,/core/www/modules//sdig/index.php?run_id=110202&search_id=114132&scans_id=110198&peptide_id=21683&scanf=29847&charge=4&value=12/84,sp|P61326|MGN_HUMAN,/core/www/modules//consensus/?run_id=110202&search_id=114132&scans_id=110198&peptide_id=21683&scanf=29847&charge=4&value=sp|P61326|MGN_HUMAN,2,/core/www/modules/match_peptides/blast_html4.php?run_id=110202&search_id=114132&scans_id=110198&peptide_id=21683&scanf=29847&charge=4&value=2,K.FGHEFLEFEFRPDGK.L,/core/www/modules/show_out/show_out_wrapper.php?run_id=110202&search_id=114132&scans_id=110198&peptide_id=21683&scanf=29847&charge=4&value=K.FGHEFLEFEFRPDGK.L,MAGOH,6.055e+6,2.047,0.092,1.035,0.004
29849,4,"  3.902","  0.304",9/102,/core/www/modules//sdig/index.php?run_id=110202&search_id=114132&scans_id=110198&peptide_id=21685&scanf=29849&charge=4&value=9/102,sp|P27824|CALX_HUMAN,/core/www/modules//consensus/?run_id=110202&search_id=114132&scans_id=110198&peptide_id=21685&scanf=29849&charge=4&value=sp|P27824|CALX_HUMAN,8,/core/www/modules/match_peptides/blast_html4.php?run_id=110202&search_id=114132&scans_id=110198&peptide_id=21685&scanf=29849&charge=4&value=8,K.WKPPMIDNPSYQGIWKPR.K,/core/www/modules/show_out/show_out_wrapper.php?run_id=110202&search_id=114132&scans_id=110198&peptide_id=21685&scanf=29849&charge=4&value=K.WKPPMIDNPSYQGIWKPR.K,CANX,4.678e+6,2.539,0.019,1.731,0.000
29850,2,"  1.629","  0.351",7/22,/core/www/modules//sdig/index.php?run_id=110202&search_id=114132&scans_id=110198&peptide_id=21687&scanf=29850&charge=2&value=7/22,sp|Q99729|ROAA_HUMAN,/core/www/modules//consensus/?run_id=110202&search_id=114132&scans_id=110198&peptide_id=21687&scanf=29850&charge=2&value=sp|Q99729|ROAA_HUMAN,3,/core/www/modules/match_peptides/blast_html4.php?run_id=110202&search_id=114132&scans_id=110198&peptide_id=21687&scanf=29850&charge=2&value=3,K.MFVGGLSWDTSK.K,/core/www/modules/show_out/show_out_wrapper.php?run_id=110202&search_id=114132&scans_id=110198&peptide_id=21687&scanf=29850&charge=2&value=K.MFVGGLSWDTSK.K,HNRNPAB,7.139e+7,2.224,0.053,1.279,0.002
29853,3,"  2.991","  0.531",15/84,/core/www/modules//sdig/index.php?run_id=110202&search_id=114132&scans_id=110198&peptide_id=21690&scanf=29853&charge=3&value=15/84,sp|Q12873|CHD3_HUMAN,/core/www/modules//consensus/?run_id=110202&search_id=114132&scans_id=110198&peptide_id=21690&scanf=29853&charge=3&value=sp|Q12873|CHD3_HUMAN,1,/core/www/modules/match_peptides/blast_html4.php?run_id=110202&search_id=114132&scans_id=110198&peptide_id=21690&scanf=29853&charge=3&value=1,R.KIPLEDEVPGVPGEMEPEPGYR.G,/core/www/modules/show_out/show_out_wrapper.php?run_id=110202&search_id=114132&scans_id=110198&peptide_id=21690&scanf=29853&charge=3&value=R.KIPLEDEVPGVPGEMEPEPGYR.G,CHD3,3.481e+6,2.567,0.017,1.772,0.000
29859,2,"  2.678","  0.479",10/30,/core/www/modules//sdig/index.php?run_id=110202&search_id=114132&scans_id=110198&peptide_id=21696&scanf=29859&charge=2&value=10/30,sp|Q08211|DHX9_HUMAN,/core/www/modules//consensus/?run_id=110202&search_id=114132&scans_id=110198&peptide_id=21696&scanf=29859&charge=2&value=sp|Q08211|DHX9_HUMAN,0,/core/www/modules/match_peptides/blast_html4.php?run_id=110202&search_id=114132&scans_id=110198&peptide_id=21696&scanf=29859&charge=2&value=0,R.ELDALDANDELTPLGR.I,/core/www/modules/show_out/show_out_wrapper.php?run_id=110202&search_id=114132&scans_id=110198&peptide_id=21696&scanf=29859&charge=2&value=R.ELDALDANDELTPLGR.I,DHX9,1.916e+6,2.911,0.005,2.276,0.000
29864,2,"  2.828","  0.212",11/14,/core/www/modules//sdig/index.php?run_id=110202&search_id=114132&scans_id=110198&peptide_id=21701&scanf=29864&charge=2&value=11/14,sp|Q96E39|RMXL1_HUMAN,/core/www/modules//consensus/?run_id=110202&search_id=114132&scans_id=110198&peptide_id=21701&scanf=29864&charge=2&value=sp|Q96E39|RMXL1_HUMAN,1,/core/www/modules/match_peptides/blast_html4.php?run_id=110202&search_id=114132&scans_id=110198&peptide_id=21701&scanf=29864&charge=2&value=1,R.IVEVLLIK.D,/core/www/modules/show_out/show_out_wrapper.php?run_id=110202&search_id=114132&scans_id=110198&peptide_id=21701&scanf=29864&charge=2&value=R.IVEVLLIK.D,RBMXL1,9.998e+6,2.657,0.012,1.903,0.000
29866,4,"  2.707","  0.213",10/102,/core/www/modules//sdig/index.php?run_id=110202&search_id=114132&scans_id=110198&peptide_id=21703&scanf=29866&charge=4&value=10/102,sp|P27824|CALX_HUMAN,/core/www/modules//consensus/?run_id=110202&search_id=114132&scans_id=110198&peptide_id=21703&scanf=29866&charge=4&value=sp|P27824|CALX_HUMAN,8,/core/www/modules/match_peptides/blast_html4.php?run_id=110202&search_id=114132&scans_id=110198&peptide_id=21703&scanf=29866&charge=4&value=8,K.WKPPMIDNPSYQGIWKPR.K,/core/www/modules/show_out/show_out_wrapper.php?run_id=110202&search_id=114132&scans_id=110198&peptide_id=21703&scanf=29866&charge=4&value=K.WKPPMIDNPSYQGIWKPR.K,CANX,4.678e+6,2.144,0.068,1.168,0.002
29868,2,"  2.075","  0.166",9/16,/core/www/modules//sdig/index.php?run_id=110202&search_id=114132&scans_id=110198&peptide_id=21705&scanf=29868&charge=2&value=9/16,sp|P08133|ANXA6_HUMAN,/core/www/modules//consensus/?run_id=110202&search_id=114132&scans_id=110198&peptide_id=21705&scanf=29868&charge=2&value=sp|P08133|ANXA6_HUMAN,3,/core/www/modules/match_peptides/blast_html4.php?run_id=110202&search_id=114132&scans_id=110198&peptide_id=21705&scanf=29868&charge=2&value=3,K.ALIEILATR.T,/core/www/modules/show_out/show_out_wrapper.php?run_id=110202&search_id=114132&scans_id=110198&peptide_id=21705&scanf=29868&charge=2&value=K.ALIEILATR.T,ANXA6,6.837e+6,2.166,0.063,1.198,0.002
29874,2,"  1.937","  0.259",10/28,/core/www/modules//sdig/index.php?run_id=110202&search_id=114132&scans_id=110198&peptide_id=21712&scanf=29874&charge=2&value=10/28,sp|P78527|PRKDC_HUMAN,/core/www/modules//consensus/?run_id=110202&search_id=114132&scans_id=110198&peptide_id=21712&scanf=29874&charge=2&value=sp|P78527|PRKDC_HUMAN,1,/core/www/modules/match_peptides/blast_html4.php?run_id=110202&search_id=114132&scans_id=110198&peptide_id=21712&scanf=29874&charge=2&value=1,R.MEVQEQEEDISSLIR.S,/core/www/modules/show_out/show_out_wrapper.php?run_id=110202&search_id=114132&scans_id=110198&peptide_id=21712&scanf=29874&charge=2&value=R.MEVQEQEEDISSLIR.S,PRKDC,4.661e+6,2.672,0.012,1.925,0.000
29876,2,"  5.011","  0.703",23/36,/core/www/modules//sdig/index.php?run_id=110202&search_id=114132&scans_id=110198&peptide_id=21714&scanf=29876&charge=2&value=23/36,sp|O75691|UTP20_HUMAN,/core/www/modules//consensus/?run_id=110202&search_id=114132&scans_id=110198&peptide_id=21714&scanf=29876&charge=2&value=sp|O75691|UTP20_HUMAN,0,/core/www/modules/match_peptides/blast_html4.php?run_id=110202&search_id=114132&scans_id=110198&peptide_id=21714&scanf=29876&charge=2&value=0,R.HDVVQTAVPDGPLQEVPLR.Y,/core/www/modules/show_out/show_out_wrapper.php?run_id=110202&search_id=114132&scans_id=110198&peptide_id=21714&scanf=29876&charge=2&value=R.HDVVQTAVPDGPLQEVPLR.Y,UTP20,1.078e+6,3.837,0.000,3.647,0.000
29880,3,"  3.100","  0.463",15/40,/core/www/modules//sdig/index.php?run_id=110202&search_id=114132&scans_id=110198&peptide_id=21719&scanf=29880&charge=3&value=15/40,sp|P30419|NMT1_HUMAN,/core/www/modules//consensus/?run_id=110202&search_id=114132&scans_id=110198&peptide_id=21719&scanf=29880&charge=3&value=sp|P30419|NMT1_HUMAN,2,/core/www/modules/match_peptides/blast_html4.php?run_id=110202&search_id=114132&scans_id=110198&peptide_id=21719&scanf=29880&charge=3&value=2,K.DIPVVHQLLTR.Y,/core/www/modules/show_out/show_out_wrapper.php?run_id=110202&search_id=114132&scans_id=110198&peptide_id=21719&scanf=29880&charge=3&value=K.DIPVVHQLLTR.Y,NMT1,4.744e+6,3.188,0.002,2.686,0.000
29881,3,"  4.158","  0.562",13/68,/core/www/modules//sdig/index.php?run_id=110202&search_id=114132&scans_id=110198&peptide_id=21720&scanf=29881&charge=3&value=13/68,sp|P38159|RBMX_HUMAN,/core/www/modules//consensus/?run_id=110202&search_id=114132&scans_id=110198&peptide_id=21720&scanf=29881&charge=3&value=sp|P38159|RBMX_HUMAN,5,/core/www/modules/match_peptides/blast_html4.php?run_id=110202&search_id=114132&scans_id=110198&peptide_id=21720&scanf=29881&charge=3&value=5,R.GFAFVTFESPADAKDAAR.D,/core/www/modules/show_out/show_out_wrapper.php?run_id=110202&search_id=114132&scans_id=110198&peptide_id=21720&scanf=29881&charge=3&value=R.GFAFVTFESPADAKDAAR.D,RBMX,1.453e+6,3.093,0.003,2.545,0.000
29883,2,"  4.606","  0.658",17/28,/core/www/modules//sdig/index.php?run_id=110202&search_id=114132&scans_id=110198&peptide_id=21721&scanf=29883&charge=2&value=17/28,sp|Q13243|SRSF5_HUMAN,/core/www/modules//consensus/?run_id=110202&search_id=114132&scans_id=110198&peptide_id=21721&scanf=29883&charge=2&value=sp|Q13243|SRSF5_HUMAN,0,/core/www/modules/match_peptides/blast_html4.php?run_id=110202&search_id=114132&scans_id=110198&peptide_id=21721&scanf=29883&charge=2&value=0,K.LNEGVVEFASYGDLK.N,/core/www/modules/show_out/show_out_wrapper.php?run_id=110202&search_id=114132&scans_id=110198&peptide_id=21721&scanf=29883&charge=2&value=K.LNEGVVEFASYGDLK.N,SRSF5,1.143e+7,3.745,0.000,3.511,0.000
29886,2,"  3.131","  0.526",11/18,/core/www/modules//sdig/index.php?run_id=110202&search_id=114132&scans_id=110198&peptide_id=21724&scanf=29886&charge=2&value=11/18,sp|P11142|HSP7C_HUMAN,/core/www/modules//consensus/?run_id=110202&search_id=114132&scans_id=110198&peptide_id=21724&scanf=29886&charge=2&value=sp|P11142|HSP7C_HUMAN,5,/core/www/modules/match_peptides/blast_html4.php?run_id=110202&search_id=114132&scans_id=110198&peptide_id=21724&scanf=29886&charge=2&value=5,R.FEELNADLFR.G,/core/www/modules/show_out/show_out_wrapper.php?run_id=110202&search_id=114132&scans_id=110198&peptide_id=21724&scanf=29886&charge=2&value=R.FEELNADLFR.G,HSPA8,2.078e+7,3.487,0.001,3.129,0.000
29888,3,"  6.469","  0.635",20/64,/core/www/modules//sdig/index.php?run_id=110202&search_id=114132&scans_id=110198&peptide_id=21726&scanf=29888&charge=3&value=20/64,sp|O75643|U520_HUMAN,/core/www/modules//consensus/?run_id=110202&search_id=114132&scans_id=110198&peptide_id=21726&scanf=29888&charge=3&value=sp|O75643|U520_HUMAN,0,/core/www/modules/match_peptides/blast_html4.php?run_id=110202&search_id=114132&scans_id=110198&peptide_id=21726&scanf=29888&charge=3&value=0,R.YPNIELSYEVVDKDSIR.S,/core/www/modules/show_out/show_out_wrapper.php?run_id=110202&search_id=114132&scans_id=110198&peptide_id=21726&scanf=29888&charge=3&value=R.YPNIELSYEVVDKDSIR.S,SNRNP200,3.612e+6,3.719,0.000,3.473,0.000
29889,2,"  2.053","  0.321",8/14,/core/www/modules//sdig/index.php?run_id=110202&search_id=114132&scans_id=110198&peptide_id=21727&scanf=29889&charge=2&value=8/14,sp|P17844|DDX5_HUMAN,/core/www/modules//consensus/?run_id=110202&search_id=114132&scans_id=110198&peptide_id=21727&scanf=29889&charge=2&value=sp|P17844|DDX5_HUMAN,5,/core/www/modules/match_peptides/blast_html4.php?run_id=110202&search_id=114132&scans_id=110198&peptide_id=21727&scanf=29889&charge=2&value=5,R.DWVLNEFK.H,/core/www/modules/show_out/show_out_wrapper.php?run_id=110202&search_id=114132&scans_id=110198&peptide_id=21727&scanf=29889&charge=2&value=R.DWVLNEFK.H,DDX5,6.637e+7,2.787,0.008,2.094,0.000
29893,2,"  4.546","  0.701",19/32,/core/www/modules//sdig/index.php?run_id=110202&search_id=114132&scans_id=110198&peptide_id=21732&scanf=29893&charge=2&value=19/32,sp|Q08945|SSRP1_HUMAN,/core/www/modules//consensus/?run_id=110202&search_id=114132&scans_id=110198&peptide_id=21732&scanf=29893&charge=2&value=sp|Q08945|SSRP1_HUMAN,0,/core/www/modules/match_peptides/blast_html4.php?run_id=110202&search_id=114132&scans_id=110198&peptide_id=21732&scanf=29893&charge=2&value=0,K.DEDISLTLNMNEEEVEK.R,/core/www/modules/show_out/show_out_wrapper.php?run_id=110202&search_id=114132&scans_id=110198&peptide_id=21732&scanf=29893&charge=2&value=K.DEDISLTLNMNEEEVEK.R,SSRP1,2.725e+6,3.826,0.000,3.632,0.000
29895,2,"  2.550","  0.532",9/20,/core/www/modules//sdig/index.php?run_id=110202&search_id=114132&scans_id=110198&peptide_id=21734&scanf=29895&charge=2&value=9/20,sp|Q9H223|EHD4_HUMAN,/core/www/modules//consensus/?run_id=110202&search_id=114132&scans_id=110198&peptide_id=21734&scanf=29895&charge=2&value=sp|Q9H223|EHD4_HUMAN,1,/core/www/modules/match_peptides/blast_html4.php?run_id=110202&search_id=114132&scans_id=110198&peptide_id=21734&scanf=29895&charge=2&value=1,R.YLLEQDFPGMR.I,/core/www/modules/show_out/show_out_wrapper.php?run_id=110202&search_id=114132&scans_id=110198&peptide_id=21734&scanf=29895&charge=2&value=R.YLLEQDFPGMR.I,EHD4,1.999e+6,3.070,0.003,2.511,0.000
29898,2,"  2.727","  0.337",10/24,/core/www/modules//sdig/index.php?run_id=110202&search_id=114132&scans_id=110198&peptide_id=21737&scanf=29898&charge=2&value=10/24,sp|P62805|H4_HUMAN,/core/www/modules//consensus/?run_id=110202&search_id=114132&scans_id=110198&peptide_id=21737&scanf=29898&charge=2&value=sp|P62805|H4_HUMAN,0,/core/www/modules/match_peptides/blast_html4.php?run_id=110202&search_id=114132&scans_id=110198&peptide_id=21737&scanf=29898&charge=2&value=0,K.TVTAMDVVYALKR.Q,/core/www/modules/show_out/show_out_wrapper.php?run_id=110202&search_id=114132&scans_id=110198&peptide_id=21737&scanf=29898&charge=2&value=K.TVTAMDVVYALKR.Q,H4C16,1.800e+6,2.222,0.053,1.276,0.002
29904,3,"  6.976","  0.776",30/88,/core/www/modules//sdig/index.php?run_id=110202&search_id=114132&scans_id=110198&peptide_id=21743&scanf=29904&charge=3&value=30/88,sp|Q15459|SF3A1_HUMAN,/core/www/modules//consensus/?run_id=110202&search_id=114132&scans_id=110198&peptide_id=21743&scanf=29904&charge=3&value=sp|Q15459|SF3A1_HUMAN,1,/core/www/modules/match_peptides/blast_html4.php?run_id=110202&search_id=114132&scans_id=110198&peptide_id=21743&scanf=29904&charge=3&value=1,K.ASKPLPPAPAPDEYLVSPITGEK.I,/core/www/modules/show_out/show_out_wrapper.php?run_id=110202&search_id=114132&scans_id=110198&peptide_id=21743&scanf=29904&charge=3&value=K.ASKPLPPAPAPDEYLVSPITGEK.I,SF3A1,1.198e+7,4.103,0.000,4.042,0.000
29906,4,"  4.099","  0.487",19/150,/core/www/modules//sdig/index.php?run_id=110202&search_id=114132&scans_id=110198&peptide_id=21745&scanf=29906&charge=4&value=19/150,sp|Q86V81|THOC4_HUMAN,/core/www/modules//consensus/?run_id=110202&search_id=114132&scans_id=110198&peptide_id=21745&scanf=29906&charge=4&value=sp|Q86V81|THOC4_HUMAN,1,/core/www/modules/match_peptides/blast_html4.php?run_id=110202&search_id=114132&scans_id=110198&peptide_id=21745&scanf=29906&charge=4&value=1,K.QLPDKWQHDLFDSGFGGGAGVETGGK.L,/core/www/modules/show_out/show_out_wrapper.php?run_id=110202&search_id=114132&scans_id=110198&peptide_id=21745&scanf=29906&charge=4&value=K.QLPDKWQHDLFDSGFGGGAGVETGGK.L,ALYREF,1.010e+7,2.643,0.013,1.883,0.000
29907,2,"  3.811","  0.572",17/30,/core/www/modules//sdig/index.php?run_id=110202&search_id=114132&scans_id=110198&peptide_id=21746&scanf=29907&charge=2&value=17/30,sp|Q9H089|LSG1_HUMAN,/core/www/modules//consensus/?run_id=110202&search_id=114132&scans_id=110198&peptide_id=21746&scanf=29907&charge=2&value=sp|Q9H089|LSG1_HUMAN,1,/core/www/modules/match_peptides/blast_html4.php?run_id=110202&search_id=114132&scans_id=110198&peptide_id=21746&scanf=29907&charge=2&value=1,K.DGQLTVGLVGYPNVGK.S,/core/www/modules/show_out/show_out_wrapper.php?run_id=110202&search_id=114132&scans_id=110198&peptide_id=21746&scanf=29907&charge=2&value=K.DGQLTVGLVGYPNVGK.S,LSG1,3.234e+6,3.288,0.001,2.834,0.000
29911,2,"  3.186","  0.612",13/24,/core/www/modules//sdig/index.php?run_id=110202&search_id=114132&scans_id=110198&peptide_id=21751&scanf=29911&charge=2&value=13/24,sp|Q86VP6|CAND1_HUMAN,/core/www/modules//consensus/?run_id=110202&search_id=114132&scans_id=110198&peptide_id=21751&scanf=29911&charge=2&value=sp|Q86VP6|CAND1_HUMAN,1,/core/www/modules/match_peptides/blast_html4.php?run_id=110202&search_id=114132&scans_id=110198&peptide_id=21751&scanf=29911&charge=2&value=1,R.AVAALLTIPEAEK.S,/core/www/modules/show_out/show_out_wrapper.php?run_id=110202&search_id=114132&scans_id=110198&peptide_id=21751&scanf=29911&charge=2&value=R.AVAALLTIPEAEK.S,CAND1,6.169e+6,3.510,0.001,3.163,0.000
29912,2,"  1.785","  0.334",7/16,/core/www/modules//sdig/index.php?run_id=110202&search_id=114132&scans_id=110198&peptide_id=21752&scanf=29912&charge=2&value=7/16,sp|O94973|AP2A2_HUMAN,/core/www/modules//consensus/?run_id=110202&search_id=114132&scans_id=110198&peptide_id=21752&scanf=29912&charge=2&value=sp|O94973|AP2A2_HUMAN,4,/core/www/modules/match_peptides/blast_html4.php?run_id=110202&search_id=114132&scans_id=110198&peptide_id=21752&scanf=29912&charge=2&value=4,R.ALLLSTYIK.F,/core/www/modules/show_out/show_out_wrapper.php?run_id=110202&search_id=114132&scans_id=110198&peptide_id=21752&scanf=29912&charge=2&value=R.ALLLSTYIK.F,AP2A2,2.604e+6,2.461,0.024,1.617,0.001
29913,2,"  2.298","  0.189",9/14,/core/www/modules//sdig/index.php?run_id=110202&search_id=114132&scans_id=110198&peptide_id=21753&scanf=29913&charge=2&value=9/14,sp|O00139|KIF2A_HUMAN,/core/www/modules//consensus/?run_id=110202&search_id=114132&scans_id=110198&peptide_id=21753&scanf=29913&charge=2&value=sp|O00139|KIF2A_HUMAN,5,/core/www/modules/match_peptides/blast_html4.php?run_id=110202&search_id=114132&scans_id=110198&peptide_id=21753&scanf=29913&charge=2&value=5,K.IDILTELR.D,/core/www/modules/show_out/show_out_wrapper.php?run_id=110202&search_id=114132&scans_id=110198&peptide_id=21753&scanf=29913&charge=2&value=K.IDILTELR.D,KIF2A,5.611e+6,2.366,0.033,1.480,0.001
29914,2,"  4.356","  0.624",19/30,/core/www/modules//sdig/index.php?run_id=110202&search_id=114132&scans_id=110198&peptide_id=21754&scanf=29914&charge=2&value=19/30,sp|O00506|STK25_HUMAN,/core/www/modules//consensus/?run_id=110202&search_id=114132&scans_id=110198&peptide_id=21754&scanf=29914&charge=2&value=sp|O00506|STK25_HUMAN,12,/core/www/modules/match_peptides/blast_html4.php?run_id=110202&search_id=114132&scans_id=110198&peptide_id=21754&scanf=29914&charge=2&value=12,K.LADFGVAGQLTDTQIK.R,/core/www/modules/show_out/show_out_wrapper.php?run_id=110202&search_id=114132&scans_id=110198&peptide_id=21754&scanf=29914&charge=2&value=K.LADFGVAGQLTDTQIK.R,STK25,2.022e+6,3.524,0.001,3.184,0.000
29920,2,"  1.789","  0.319",10/20,/core/www/modules//sdig/index.php?run_id=110202&search_id=114132&scans_id=110198&peptide_id=21761&scanf=29920&charge=2&value=10/20,sp|Q9NVC6|MED17_HUMAN,/core/www/modules//consensus/?run_id=110202&search_id=114132&scans_id=110198&peptide_id=21761&scanf=29920&charge=2&value=sp|Q9NVC6|MED17_HUMAN,11,/core/www/modules/match_peptides/blast_html4.php?run_id=110202&search_id=114132&scans_id=110198&peptide_id=21761&scanf=29920&charge=2&value=11,K.SLAGAAQILLK.G,/core/www/modules/show_out/show_out_wrapper.php?run_id=110202&search_id=114132&scans_id=110198&peptide_id=21761&scanf=29920&charge=2&value=K.SLAGAAQILLK.G,MED17,2.566e+6,2.203,0.056,1.250,0.002
29922,3,"  2.012","  0.219",10/52,/core/www/modules//sdig/index.php?run_id=110202&search_id=114132&scans_id=110198&peptide_id=21763&scanf=29922&charge=3&value=10/52,sp|Q9ULW3|ABT1_HUMAN,/core/www/modules//consensus/?run_id=110202&search_id=114132&scans_id=110198&peptide_id=21763&scanf=29922&charge=3&value=sp|Q9ULW3|ABT1_HUMAN,0,/core/www/modules/match_peptides/blast_html4.php?run_id=110202&search_id=114132&scans_id=110198&peptide_id=21763&scanf=29922&charge=3&value=0,R.VVPGIVYLGHIPPR.F,/core/www/modules/show_out/show_out_wrapper.php?run_id=110202&search_id=114132&scans_id=110198&peptide_id=21763&scanf=29922&charge=3&value=R.VVPGIVYLGHIPPR.F,ABT1,4.511e+6,1.995,0.108,0.966,0.005
29923,3,"  3.193","  0.449",12/72,/core/www/modules//sdig/index.php?run_id=110202&search_id=114132&scans_id=110198&peptide_id=21764&scanf=29923&charge=3&value=12/72,sp|Q14669|TRIPC_HUMAN,/core/www/modules//consensus/?run_id=110202&search_id=114132&scans_id=110198&peptide_id=21764&scanf=29923&charge=3&value=sp|Q14669|TRIPC_HUMAN,2,/core/www/modules/match_peptides/blast_html4.php?run_id=110202&search_id=114132&scans_id=110198&peptide_id=21764&scanf=29923&charge=3&value=2,R.YFSSENMDGSNPALNVLQR.L,/core/www/modules/show_out/show_out_wrapper.php?run_id=110202&search_id=114132&scans_id=110198&peptide_id=21764&scanf=29923&charge=3&value=R.YFSSENMDGSNPALNVLQR.L,TRIP12,3.458e+6,2.740,0.009,2.026,0.000
29925,2,"  1.764","  0.159",10/16,/core/www/modules//sdig/index.php?run_id=110202&search_id=114132&scans_id=110198&peptide_id=21765&scanf=29925&charge=2&value=10/16,sp|O60814|H2B1K_HUMAN,/core/www/modules//consensus/?run_id=110202&search_id=114132&scans_id=110198&peptide_id=21765&scanf=29925&charge=2&value=sp|O60814|H2B1K_HUMAN,16,/core/www/modules/match_peptides/blast_html4.php?run_id=110202&search_id=114132&scans_id=110198&peptide_id=21765&scanf=29925&charge=2&value=16,R.LLLPGELAK.H,/core/www/modules/show_out/show_out_wrapper.php?run_id=110202&search_id=114132&scans_id=110198&peptide_id=21765&scanf=29925&charge=2&value=R.LLLPGELAK.H,H2BC12,4.487e+9,2.381,0.031,1.503,0.001
29926,2,"  2.343","  0.516",9/16,/core/www/modules//sdig/index.php?run_id=110202&search_id=114132&scans_id=110198&peptide_id=21766&scanf=29926&charge=2&value=9/16,sp|Q8IV08|PLD3_HUMAN,/core/www/modules//consensus/?run_id=110202&search_id=114132&scans_id=110198&peptide_id=21766&scanf=29926&charge=2&value=sp|Q8IV08|PLD3_HUMAN,3,/core/www/modules/match_peptides/blast_html4.php?run_id=110202&search_id=114132&scans_id=110198&peptide_id=21766&scanf=29926&charge=2&value=3,R.SQLEAIFLR.D,/core/www/modules/show_out/show_out_wrapper.php?run_id=110202&search_id=114132&scans_id=110198&peptide_id=21766&scanf=29926&charge=2&value=R.SQLEAIFLR.D,PLD3,1.116e+7,3.259,0.002,2.791,0.000
29929,3,"  1.947","  0.248",8/60,/core/www/modules//sdig/index.php?run_id=110202&search_id=114132&scans_id=110198&peptide_id=21769&scanf=29929&charge=3&value=8/60,sp|Q15836|VAMP3_HUMAN,/core/www/modules//consensus/?run_id=110202&search_id=114132&scans_id=110198&peptide_id=21769&scanf=29929&charge=3&value=sp|Q15836|VAMP3_HUMAN,0,/core/www/modules/match_peptides/blast_html4.php?run_id=110202&search_id=114132&scans_id=110198&peptide_id=21769&scanf=29929&charge=3&value=0,R.LQQTQNQVDEVVDIMR.V,/core/www/modules/show_out/show_out_wrapper.php?run_id=110202&search_id=114132&scans_id=110198&peptide_id=21769&scanf=29929&charge=3&value=R.LQQTQNQVDEVVDIMR.V,VAMP3,2.168e+6,1.862,0.161,0.794,0.008
29930,3,"  4.338","  0.588",20/60,/core/www/modules//sdig/index.php?run_id=110202&search_id=114132&scans_id=110198&peptide_id=21771&scanf=29930&charge=3&value=20/60,sp|P04792|HSPB1_HUMAN,/core/www/modules//consensus/?run_id=110202&search_id=114132&scans_id=110198&peptide_id=21771&scanf=29930&charge=3&value=sp|P04792|HSPB1_HUMAN,8,/core/www/modules/match_peptides/blast_html4.php?run_id=110202&search_id=114132&scans_id=110198&peptide_id=21771&scanf=29930&charge=3&value=8,R.VSLDVNHFAPDELTVK.T,/core/www/modules/show_out/show_out_wrapper.php?run_id=110202&search_id=114132&scans_id=110198&peptide_id=21771&scanf=29930&charge=3&value=R.VSLDVNHFAPDELTVK.T,HSPB1,1.438e+7,3.490,0.001,3.134,0.000
29935,4,"  3.466","  0.459",13/102,/core/www/modules//sdig/index.php?run_id=110202&search_id=114132&scans_id=110198&peptide_id=21776&scanf=29935&charge=4&value=13/102,sp|P27824|CALX_HUMAN,/core/www/modules//consensus/?run_id=110202&search_id=114132&scans_id=110198&peptide_id=21776&scanf=29935&charge=4&value=sp|P27824|CALX_HUMAN,8,/core/www/modules/match_peptides/blast_html4.php?run_id=110202&search_id=114132&scans_id=110198&peptide_id=21776&scanf=29935&charge=4&value=8,K.WKPPMIDNPSYQGIWKPR.K,/core/www/modules/show_out/show_out_wrapper.php?run_id=110202&search_id=114132&scans_id=110198&peptide_id=21776&scanf=29935&charge=4&value=K.WKPPMIDNPSYQGIWKPR.K,CANX,4.678e+6,3.042,0.003,2.471,0.000
29937,3,"  2.848","  0.324",12/52,/core/www/modules//sdig/index.php?run_id=110202&search_id=114132&scans_id=110198&peptide_id=21778&scanf=29937&charge=3&value=12/52,sp|Q9NUL3|STAU2_HUMAN,/core/www/modules//consensus/?run_id=110202&search_id=114132&scans_id=110198&peptide_id=21778&scanf=29937&charge=3&value=sp|Q9NUL3|STAU2_HUMAN,5,/core/www/modules/match_peptides/blast_html4.php?run_id=110202&search_id=114132&scans_id=110198&peptide_id=21778&scanf=29937&charge=3&value=5,K.KNAAEAMLLQLGYK.A,/core/www/modules/show_out/show_out_wrapper.php?run_id=110202&search_id=114132&scans_id=110198&peptide_id=21778&scanf=29937&charge=3&value=K.KNAAEAMLLQLGYK.A,STAU2,1.461e+6,2.153,0.066,1.180,0.002
29940,2,"  2.483","  0.416",10/16,/core/www/modules//sdig/index.php?run_id=110202&search_id=114132&scans_id=110198&peptide_id=21782&scanf=29940&charge=2&value=10/16,sp|Q92616|GCN1_HUMAN,/core/www/modules//consensus/?run_id=110202&search_id=114132&scans_id=110198&peptide_id=21782&scanf=29940&charge=2&value=sp|Q92616|GCN1_HUMAN,0,/core/www/modules/match_peptides/blast_html4.php?run_id=110202&search_id=114132&scans_id=110198&peptide_id=21782&scanf=29940&charge=2&value=0,R.ALVAVLLSR.T,/core/www/modules/show_out/show_out_wrapper.php?run_id=110202&search_id=114132&scans_id=110198&peptide_id=21782&scanf=29940&charge=2&value=R.ALVAVLLSR.T,GCN1,4.057e+6,3.196,0.002,2.699,0.000
29941,2,"  2.558","  0.415",13/20,/core/www/modules//sdig/index.php?run_id=110202&search_id=114132&scans_id=110198&peptide_id=21783&scanf=29941&charge=2&value=13/20,sp|P59998|ARPC4_HUMAN,/core/www/modules//consensus/?run_id=110202&search_id=114132&scans_id=110198&peptide_id=21783&scanf=29941&charge=2&value=sp|P59998|ARPC4_HUMAN,4,/core/www/modules/match_peptides/blast_html4.php?run_id=110202&search_id=114132&scans_id=110198&peptide_id=21783&scanf=29941&charge=2&value=4,K.ELLLQPVTISR.N,/core/www/modules/show_out/show_out_wrapper.php?run_id=110202&search_id=114132&scans_id=110198&peptide_id=21783&scanf=29941&charge=2&value=K.ELLLQPVTISR.N,ARPC4,8.870e+6,3.021,0.004,2.439,0.000
29946,3,"  3.488","  0.562",12/76,/core/www/modules//sdig/index.php?run_id=110202&search_id=114132&scans_id=110198&peptide_id=21787&scanf=29946&charge=3&value=12/76,sp|P61326|MGN_HUMAN,/core/www/modules//consensus/?run_id=110202&search_id=114132&scans_id=110198&peptide_id=21787&scanf=29946&charge=3&value=sp|P61326|MGN_HUMAN,4,/core/www/modules/match_peptides/blast_html4.php?run_id=110202&search_id=114132&scans_id=110198&peptide_id=21787&scanf=29946&charge=3&value=4,R.IIDDSEITKEDDALWPPPDR.V,/core/www/modules/show_out/show_out_wrapper.php?run_id=110202&search_id=114132&scans_id=110198&peptide_id=21787&scanf=29946&charge=3&value=R.IIDDSEITKEDDALWPPPDR.V,MAGOH,1.117e+8,2.400,0.030,1.530,0.001
29947,3,"  3.046","  0.385",13/40,/core/www/modules//sdig/index.php?run_id=110202&search_id=114132&scans_id=110198&peptide_id=21788&scanf=29947&charge=3&value=13/40,sp|P19525|E2AK2_HUMAN,/core/www/modules//consensus/?run_id=110202&search_id=114132&scans_id=110198&peptide_id=21788&scanf=29947&charge=3&value=sp|P19525|E2AK2_HUMAN,3,/core/www/modules/match_peptides/blast_html4.php?run_id=110202&search_id=114132&scans_id=110198&peptide_id=21788&scanf=29947&charge=3&value=3,R.DGIISDIFDKK.E,/core/www/modules/show_out/show_out_wrapper.php?run_id=110202&search_id=114132&scans_id=110198&peptide_id=21788&scanf=29947&charge=3&value=R.DGIISDIFDKK.E,EIF2AK2,6.116e+6,2.677,0.012,1.933,0.000
29952,2,"  3.183","  0.586",15/34,/core/www/modules//sdig/index.php?run_id=110202&search_id=114132&scans_id=110198&peptide_id=21794&scanf=29952&charge=2&value=15/34,sp|Q9Y5Q8|TF3C5_HUMAN,/core/www/modules//consensus/?run_id=110202&search_id=114132&scans_id=110198&peptide_id=21794&scanf=29952&charge=2&value=sp|Q9Y5Q8|TF3C5_HUMAN,3,/core/www/modules/match_peptides/blast_html4.php?run_id=110202&search_id=114132&scans_id=110198&peptide_id=21794&scanf=29952&charge=2&value=3,R.EGYNNPPISGENLIGLSR.A,/core/www/modules/show_out/show_out_wrapper.php?run_id=110202&search_id=114132&scans_id=110198&peptide_id=21794&scanf=29952&charge=2&value=R.EGYNNPPISGENLIGLSR.A,GTF3C5,3.394e+6,2.727,0.010,2.006,0.000
29953,3,"  2.487","  0.314",9/40,/core/www/modules//sdig/index.php?run_id=110202&search_id=114132&scans_id=110198&peptide_id=21795&scanf=29953&charge=3&value=9/40,sp|P60709|ACTB_HUMAN,/core/www/modules//consensus/?run_id=110202&search_id=114132&scans_id=110198&peptide_id=21795&scanf=29953&charge=3&value=sp|P60709|ACTB_HUMAN,25,/core/www/modules/match_peptides/blast_html4.php?run_id=110202&search_id=114132&scans_id=110198&peptide_id=21795&scanf=29953&charge=3&value=25,K.IWHHTFYNELR.V,/core/www/modules/show_out/show_out_wrapper.php?run_id=110202&search_id=114132&scans_id=110198&peptide_id=21795&scanf=29953&charge=3&value=K.IWHHTFYNELR.V,ACTB,1.802e+6,3.101,0.003,2.557,0.000
29957,3,"  2.701","  0.353",10/68,/core/www/modules//sdig/index.php?run_id=110202&search_id=114132&scans_id=110198&peptide_id=21799&scanf=29957&charge=3&value=10/68,sp|Q9NR45|SIAS_HUMAN,/core/www/modules//consensus/?run_id=110202&search_id=114132&scans_id=110198&peptide_id=21799&scanf=29957&charge=3&value=sp|Q9NR45|SIAS_HUMAN,2,/core/www/modules/match_peptides/blast_html4.php?run_id=110202&search_id=114132&scans_id=110198&peptide_id=21799&scanf=29957&charge=3&value=2,K.GSDHSASLEPGELAELVR.S,/core/www/modules/show_out/show_out_wrapper.php?run_id=110202&search_id=114132&scans_id=110198&peptide_id=21799&scanf=29957&charge=3&value=K.GSDHSASLEPGELAELVR.S,NANS,2.040e+6,2.298,0.041,1.383,0.001
29963,2,"  2.163","  0.317",8/18,/core/www/modules//sdig/index.php?run_id=110202&search_id=114132&scans_id=110198&peptide_id=21806&scanf=29963&charge=2&value=8/18,sp|P46821|MAP1B_HUMAN,/core/www/modules//consensus/?run_id=110202&search_id=114132&scans_id=110198&peptide_id=21806&scanf=29963&charge=2&value=sp|P46821|MAP1B_HUMAN,2,/core/www/modules/match_peptides/blast_html4.php?run_id=110202&search_id=114132&scans_id=110198&peptide_id=21806&scanf=29963&charge=2&value=2,R.AVLDALLEGK.A,/core/www/modules/show_out/show_out_wrapper.php?run_id=110202&search_id=114132&scans_id=110198&peptide_id=21806&scanf=29963&charge=2&value=R.AVLDALLEGK.A,MAP1B,1.759e+6,2.399,0.030,1.529,0.001
29967,2,"  2.277","  0.405",8/16,/core/www/modules//sdig/index.php?run_id=110202&search_id=114132&scans_id=110198&peptide_id=21809&scanf=29967&charge=2&value=8/16,sp|O00232|PSD12_HUMAN,/core/www/modules//consensus/?run_id=110202&search_id=114132&scans_id=110198&peptide_id=21809&scanf=29967&charge=2&value=sp|O00232|PSD12_HUMAN,0,/core/www/modules/match_peptides/blast_html4.php?run_id=110202&search_id=114132&scans_id=110198&peptide_id=21809&scanf=29967&charge=2&value=0,K.LFTTMELMR.W,/core/www/modules/show_out/show_out_wrapper.php?run_id=110202&search_id=114132&scans_id=110198&peptide_id=21809&scanf=29967&charge=2&value=K.LFTTMELMR.W,PSMD12,9.638e+6,2.685,0.011,1.944,0.000
29968,4,"  4.963","  0.526",13/174,/core/www/modules//sdig/index.php?run_id=110202&search_id=114132&scans_id=110198&peptide_id=21810&scanf=29968&charge=4&value=13/174,sp|Q8IX12|CCAR1_HUMAN,/core/www/modules//consensus/?run_id=110202&search_id=114132&scans_id=110198&peptide_id=21810&scanf=29968&charge=4&value=sp|Q8IX12|CCAR1_HUMAN,4,/core/www/modules/match_peptides/blast_html4.php?run_id=110202&search_id=114132&scans_id=110198&peptide_id=21810&scanf=29968&charge=4&value=4,K.GKDEAMAIGGHWSPSLDGPDPEKDPSVLIK.T,/core/www/modules/show_out/show_out_wrapper.php?run_id=110202&search_id=114132&scans_id=110198&peptide_id=21810&scanf=29968&charge=4&value=K.GKDEAMAIGGHWSPSLDGPDPEKDPSVLIK.T,CCAR1,5.357e+6,2.265,0.046,1.336,0.002
29970,3,"  3.413","  0.421",11/64,/core/www/modules//sdig/index.php?run_id=110202&search_id=114132&scans_id=110198&peptide_id=21813&scanf=29970&charge=3&value=11/64,sp|O95251|KAT7_HUMAN,/core/www/modules//consensus/?run_id=110202&search_id=114132&scans_id=110198&peptide_id=21813&scanf=29970&charge=3&value=sp|O95251|KAT7_HUMAN,1,/core/www/modules/match_peptides/blast_html4.php?run_id=110202&search_id=114132&scans_id=110198&peptide_id=21813&scanf=29970&charge=3&value=1,K.VGSPERPLSDLGLISYR.S,/core/www/modules/show_out/show_out_wrapper.php?run_id=110202&search_id=114132&scans_id=110198&peptide_id=21813&scanf=29970&charge=3&value=K.VGSPERPLSDLGLISYR.S,KAT7,1.468e+7,2.625,0.014,1.857,0.000
29971,3,"  4.007","  0.518",14/72,/core/www/modules//sdig/index.php?run_id=110202&search_id=114132&scans_id=110198&peptide_id=21814&scanf=29971&charge=3&value=14/72,sp|Q14669|TRIPC_HUMAN,/core/www/modules//consensus/?run_id=110202&search_id=114132&scans_id=110198&peptide_id=21814&scanf=29971&charge=3&value=sp|Q14669|TRIPC_HUMAN,2,/core/www/modules/match_peptides/blast_html4.php?run_id=110202&search_id=114132&scans_id=110198&peptide_id=21814&scanf=29971&charge=3&value=2,R.YFSSENMDGSNPALNVLQR.L,/core/www/modules/show_out/show_out_wrapper.php?run_id=110202&search_id=114132&scans_id=110198&peptide_id=21814&scanf=29971&charge=3&value=R.YFSSENMDGSNPALNVLQR.L,TRIP12,3.458e+6,2.977,0.004,2.373,0.000
29976,2,"  3.704","  0.555",15/28,/core/www/modules//sdig/index.php?run_id=110202&search_id=114132&scans_id=110198&peptide_id=21819&scanf=29976&charge=2&value=15/28,sp|Q9H8H2|DDX31_HUMAN,/core/www/modules//consensus/?run_id=110202&search_id=114132&scans_id=110198&peptide_id=21819&scanf=29976&charge=2&value=sp|Q9H8H2|DDX31_HUMAN,0,/core/www/modules/match_peptides/blast_html4.php?run_id=110202&search_id=114132&scans_id=110198&peptide_id=21819&scanf=29976&charge=2&value=0,R.QNVLLSATLTEGVTR.L,/core/www/modules/show_out/show_out_wrapper.php?run_id=110202&search_id=114132&scans_id=110198&peptide_id=21819&scanf=29976&charge=2&value=R.QNVLLSATLTEGVTR.L,DDX31,1.698e+6,3.200,0.002,2.704,0.000
29977,2,"  2.285","  0.379",9/30,/core/www/modules//sdig/index.php?run_id=110202&search_id=114132&scans_id=110198&peptide_id=21820&scanf=29977&charge=2&value=9/30,sp|Q15165|PON2_HUMAN,/core/www/modules//consensus/?run_id=110202&search_id=114132&scans_id=110198&peptide_id=21820&scanf=29977&charge=2&value=sp|Q15165|PON2_HUMAN,1,/core/www/modules/match_peptides/blast_html4.php?run_id=110202&search_id=114132&scans_id=110198&peptide_id=21820&scanf=29977&charge=2&value=1,K.LFVYDPNNPPSSEVLR.I,/core/www/modules/show_out/show_out_wrapper.php?run_id=110202&search_id=114132&scans_id=110198&peptide_id=21820&scanf=29977&charge=2&value=K.LFVYDPNNPPSSEVLR.I,PON2,2.197e+6,2.176,0.061,1.211,0.002
29988,2,"  2.705","  0.577",12/20,/core/www/modules//sdig/index.php?run_id=110202&search_id=114132&scans_id=110198&peptide_id=21831&scanf=29988&charge=2&value=12/20,sp|P17987|TCPA_HUMAN,/core/www/modules//consensus/?run_id=110202&search_id=114132&scans_id=110198&peptide_id=21831&scanf=29988&charge=2&value=sp|P17987|TCPA_HUMAN,2,/core/www/modules/match_peptides/blast_html4.php?run_id=110202&search_id=114132&scans_id=110198&peptide_id=21831&scanf=29988&charge=2&value=2,K.FATEAAITILR.I,/core/www/modules/show_out/show_out_wrapper.php?run_id=110202&search_id=114132&scans_id=110198&peptide_id=21831&scanf=29988&charge=2&value=K.FATEAAITILR.I,TCP1,1.574e+7,3.539,0.001,3.206,0.000
29989,2,"  2.283","  0.399",12/26,/core/www/modules//sdig/index.php?run_id=110202&search_id=114132&scans_id=110198&peptide_id=21832&scanf=29989&charge=2&value=12/26,sp|Q5JTH9|RRP12_HUMAN,/core/www/modules//consensus/?run_id=110202&search_id=114132&scans_id=110198&peptide_id=21832&scanf=29989&charge=2&value=sp|Q5JTH9|RRP12_HUMAN,1,/core/www/modules/match_peptides/blast_html4.php?run_id=110202&search_id=114132&scans_id=110198&peptide_id=21832&scanf=29989&charge=2&value=1,K.EGGGDEPLNFLDPK.V,/core/www/modules/show_out/show_out_wrapper.php?run_id=110202&search_id=114132&scans_id=110198&peptide_id=21832&scanf=29989&charge=2&value=K.EGGGDEPLNFLDPK.V,RRP12,9.529e+6,2.670,0.012,1.923,0.000
29990,2,"  2.702","  0.483",11/26,/core/www/modules//sdig/index.php?run_id=110202&search_id=114132&scans_id=110198&peptide_id=21834&scanf=29990&charge=2&value=11/26,sp|P49419|AL7A1_HUMAN,/core/www/modules//consensus/?run_id=110202&search_id=114132&scans_id=110198&peptide_id=21834&scanf=29990&charge=2&value=sp|P49419|AL7A1_HUMAN,9,/core/www/modules/match_peptides/blast_html4.php?run_id=110202&search_id=114132&scans_id=110198&peptide_id=21834&scanf=29990&charge=2&value=9,R.VNLLSFTGSTQVGK.Q,/core/www/modules/show_out/show_out_wrapper.php?run_id=110202&search_id=114132&scans_id=110198&peptide_id=21834&scanf=29990&charge=2&value=R.VNLLSFTGSTQVGK.Q,ALDH7A1,3.698e+6,2.681,0.012,1.939,0.000
29991,3,"  6.172","  0.596",22/80,/core/www/modules//sdig/index.php?run_id=110202&search_id=114132&scans_id=110198&peptide_id=21835&scanf=29991&charge=3&value=22/80,sp|P35579|MYH9_HUMAN,/core/www/modules//consensus/?run_id=110202&search_id=114132&scans_id=110198&peptide_id=21835&scanf=29991&charge=3&value=sp|P35579|MYH9_HUMAN,1,/core/www/modules/match_peptides/blast_html4.php?run_id=110202&search_id=114132&scans_id=110198&peptide_id=21835&scanf=29991&charge=3&value=1,R.IAQLEEELEEEQGNTELINDR.L,/core/www/modules/show_out/show_out_wrapper.php?run_id=110202&search_id=114132&scans_id=110198&peptide_id=21835&scanf=29991&charge=3&value=R.IAQLEEELEEEQGNTELINDR.L,MYH9,7.161e+6,3.565,0.001,3.245,0.000
29994,2,"  3.619","  0.666",19/34,/core/www/modules//sdig/index.php?run_id=110202&search_id=114132&scans_id=110198&peptide_id=21838&scanf=29994&charge=2&value=19/34,sp|Q9Y5Q8|TF3C5_HUMAN,/core/www/modules//consensus/?run_id=110202&search_id=114132&scans_id=110198&peptide_id=21838&scanf=29994&charge=2&value=sp|Q9Y5Q8|TF3C5_HUMAN,3,/core/www/modules/match_peptides/blast_html4.php?run_id=110202&search_id=114132&scans_id=110198&peptide_id=21838&scanf=29994&charge=2&value=3,R.EGYNNPPISGENLIGLSR.A,/core/www/modules/show_out/show_out_wrapper.php?run_id=110202&search_id=114132&scans_id=110198&peptide_id=21838&scanf=29994&charge=2&value=R.EGYNNPPISGENLIGLSR.A,GTF3C5,3.394e+6,3.538,0.001,3.205,0.000
29995,2,"  4.741","  0.730",18/34,/core/www/modules//sdig/index.php?run_id=110202&search_id=114132&scans_id=110198&peptide_id=21839&scanf=29995&charge=2&value=18/34,sp|O94776|MTA2_HUMAN,/core/www/modules//consensus/?run_id=110202&search_id=114132&scans_id=110198&peptide_id=21839&scanf=29995&charge=2&value=sp|O94776|MTA2_HUMAN,0,/core/www/modules/match_peptides/blast_html4.php?run_id=110202&search_id=114132&scans_id=110198&peptide_id=21839&scanf=29995&charge=2&value=0,R.VGDYVYFENSSSNPYLVR.R,/core/www/modules/show_out/show_out_wrapper.php?run_id=110202&search_id=114132&scans_id=110198&peptide_id=21839&scanf=29995&charge=2&value=R.VGDYVYFENSSSNPYLVR.R,MTA2,1.532e+6,3.711,0.000,3.461,0.000
29997,2,"  3.632","  0.555",13/30,/core/www/modules//sdig/index.php?run_id=110202&search_id=114132&scans_id=110198&peptide_id=21841&scanf=29997&charge=2&value=13/30,sp|Q08211|DHX9_HUMAN,/core/www/modules//consensus/?run_id=110202&search_id=114132&scans_id=110198&peptide_id=21841&scanf=29997&charge=2&value=sp|Q08211|DHX9_HUMAN,0,/core/www/modules/match_peptides/blast_html4.php?run_id=110202&search_id=114132&scans_id=110198&peptide_id=21841&scanf=29997&charge=2&value=0,R.ELDALDANDELTPLGR.I,/core/www/modules/show_out/show_out_wrapper.php?run_id=110202&search_id=114132&scans_id=110198&peptide_id=21841&scanf=29997&charge=2&value=R.ELDALDANDELTPLGR.I,DHX9,1.916e+6,3.306,0.001,2.861,0.000
29999,2,"  2.883","  0.545",8/26,/core/www/modules//sdig/index.php?run_id=110202&search_id=114132&scans_id=110198&peptide_id=21843&scanf=29999&charge=2&value=8/26,sp|O14497|ARI1A_HUMAN,/core/www/modules//consensus/?run_id=110202&search_id=114132&scans_id=110198&peptide_id=21843&scanf=29999&charge=2&value=sp|O14497|ARI1A_HUMAN,2,/core/www/modules/match_peptides/blast_html4.php?run_id=110202&search_id=114132&scans_id=110198&peptide_id=21843&scanf=29999&charge=2&value=2,R.SLSFVPGNDFEMSK.H,/core/www/modules/show_out/show_out_wrapper.php?run_id=110202&search_id=114132&scans_id=110198&peptide_id=21843&scanf=29999&charge=2&value=R.SLSFVPGNDFEMSK.H,ARID1A,8.830e+6,2.877,0.006,2.226,0.000
30001,2,"  2.756","  0.481",8/18,/core/www/modules//sdig/index.php?run_id=110202&search_id=114132&scans_id=110198&peptide_id=21846&scanf=30001&charge=2&value=8/18,sp|Q9H6W3|RIOX1_HUMAN,/core/www/modules//consensus/?run_id=110202&search_id=114132&scans_id=110198&peptide_id=21846&scanf=30001&charge=2&value=sp|Q9H6W3|RIOX1_HUMAN,0,/core/www/modules/match_peptides/blast_html4.php?run_id=110202&search_id=114132&scans_id=110198&peptide_id=21846&scanf=30001&charge=2&value=0,R.ALSVYGLPIR.W,/core/www/modules/show_out/show_out_wrapper.php?run_id=110202&search_id=114132&scans_id=110198&peptide_id=21846&scanf=30001&charge=2&value=R.ALSVYGLPIR.W,RIOX1,8.312e+6,3.040,0.003,2.466,0.000
30002,2,"  3.047","  0.586",15/30,/core/www/modules//sdig/index.php?run_id=110202&search_id=114132&scans_id=110198&peptide_id=21847&scanf=30002&charge=2&value=15/30,sp|O95793|STAU1_HUMAN,/core/www/modules//consensus/?run_id=110202&search_id=114132&scans_id=110198&peptide_id=21847&scanf=30002&charge=2&value=sp|O95793|STAU1_HUMAN,1,/core/www/modules/match_peptides/blast_html4.php?run_id=110202&search_id=114132&scans_id=110198&peptide_id=21847&scanf=30002&charge=2&value=1,R.ELLYGGTSPTAETILK.N,/core/www/modules/show_out/show_out_wrapper.php?run_id=110202&search_id=114132&scans_id=110198&peptide_id=21847&scanf=30002&charge=2&value=R.ELLYGGTSPTAETILK.N,STAU1,1.432e+7,3.325,0.001,2.889,0.000
30007,2,"  1.777","  0.175",9/16,/core/www/modules//sdig/index.php?run_id=110202&search_id=114132&scans_id=110198&peptide_id=21852&scanf=30007&charge=2&value=9/16,sp|P48444|COPD_HUMAN,/core/www/modules//consensus/?run_id=110202&search_id=114132&scans_id=110198&peptide_id=21852&scanf=30007&charge=2&value=sp|P48444|COPD_HUMAN,1,/core/www/modules/match_peptides/blast_html4.php?run_id=110202&search_id=114132&scans_id=110198&peptide_id=21852&scanf=30007&charge=2&value=1,K.LYMVLITTK.N,/core/www/modules/show_out/show_out_wrapper.php?run_id=110202&search_id=114132&scans_id=110198&peptide_id=21852&scanf=30007&charge=2&value=K.LYMVLITTK.N,ARCN1,2.296e+6,2.102,0.078,1.109,0.003
30010,4,"  2.420","  0.356",13/108,/core/www/modules//sdig/index.php?run_id=110202&search_id=114132&scans_id=110198&peptide_id=21855&scanf=30010&charge=4&value=13/108,sp|Q9UQ35|SRRM2_HUMAN,/core/www/modules//consensus/?run_id=110202&search_id=114132&scans_id=110198&peptide_id=21855&scanf=30010&charge=4&value=sp|Q9UQ35|SRRM2_HUMAN,0,/core/www/modules/match_peptides/blast_html4.php?run_id=110202&search_id=114132&scans_id=110198&peptide_id=21855&scanf=30010&charge=4&value=0,K.DKFSPFPVQDRPESSLVFK.D,/core/www/modules/show_out/show_out_wrapper.php?run_id=110202&search_id=114132&scans_id=110198&peptide_id=21855&scanf=30010&charge=4&value=K.DKFSPFPVQDRPESSLVFK.D,SRRM2,8.475e+6,2.512,0.020,1.691,0.000
30014,2,"  5.956","  0.744",23/34,/core/www/modules//sdig/index.php?run_id=110202&search_id=114132&scans_id=110198&peptide_id=21859&scanf=30014&charge=2&value=23/34,sp|Q12906|ILF3_HUMAN,/core/www/modules//consensus/?run_id=110202&search_id=114132&scans_id=110198&peptide_id=21859&scanf=30014&charge=2&value=sp|Q12906|ILF3_HUMAN,2,/core/www/modules/match_peptides/blast_html4.php?run_id=110202&search_id=114132&scans_id=110198&peptide_id=21859&scanf=30014&charge=2&value=2,K.VLAGETLSVNDPPDVLDR.Q,/core/www/modules/show_out/show_out_wrapper.php?run_id=110202&search_id=114132&scans_id=110198&peptide_id=21859&scanf=30014&charge=2&value=K.VLAGETLSVNDPPDVLDR.Q,ILF3,8.493e+7,4.265,0.000,4.282,0.000
30015,2,"  2.963","  0.581",10/26,/core/www/modules//sdig/index.php?run_id=110202&search_id=114132&scans_id=110198&peptide_id=21860&scanf=30015&charge=2&value=10/26,sp|O14497|ARI1A_HUMAN,/core/www/modules//consensus/?run_id=110202&search_id=114132&scans_id=110198&peptide_id=21860&scanf=30015&charge=2&value=sp|O14497|ARI1A_HUMAN,2,/core/www/modules/match_peptides/blast_html4.php?run_id=110202&search_id=114132&scans_id=110198&peptide_id=21860&scanf=30015&charge=2&value=2,R.SLSFVPGNDFEMSK.H,/core/www/modules/show_out/show_out_wrapper.php?run_id=110202&search_id=114132&scans_id=110198&peptide_id=21860&scanf=30015&charge=2&value=R.SLSFVPGNDFEMSK.H,ARID1A,8.830e+6,3.083,0.003,2.530,0.000
30020,3,"  3.221","  0.481",11/68,/core/www/modules//sdig/index.php?run_id=110202&search_id=114132&scans_id=110198&peptide_id=21866&scanf=30020&charge=3&value=11/68,sp|Q99570|PI3R4_HUMAN,/core/www/modules//consensus/?run_id=110202&search_id=114132&scans_id=110198&peptide_id=21866&scanf=30020&charge=3&value=sp|Q99570|PI3R4_HUMAN,1,/core/www/modules/match_peptides/blast_html4.php?run_id=110202&search_id=114132&scans_id=110198&peptide_id=21866&scanf=30020&charge=3&value=1,K.LLSQGMTEEEEDKLLALK.D,/core/www/modules/show_out/show_out_wrapper.php?run_id=110202&search_id=114132&scans_id=110198&peptide_id=21866&scanf=30020&charge=3&value=K.LLSQGMTEEEEDKLLALK.D,PIK3R4,1.699e+6,2.486,0.022,1.653,0.001
30030,2,"  3.372","  0.709",20/30,/core/www/modules//sdig/index.php?run_id=110202&search_id=114132&scans_id=110198&peptide_id=21876&scanf=30030&charge=2&value=20/30,sp|P60709|ACTB_HUMAN,/core/www/modules//consensus/?run_id=110202&search_id=114132&scans_id=110198&peptide_id=21876&scanf=30030&charge=2&value=sp|P60709|ACTB_HUMAN,17,/core/www/modules/match_peptides/blast_html4.php?run_id=110202&search_id=114132&scans_id=110198&peptide_id=21876&scanf=30030&charge=2&value=17,K.SYELPDGQVITIGNER.F,/core/www/modules/show_out/show_out_wrapper.php?run_id=110202&search_id=114132&scans_id=110198&peptide_id=21876&scanf=30030&charge=2&value=K.SYELPDGQVITIGNER.F,ACTB,8.951e+8,4.440,0.000,4.543,0.000
30032,3,"  4.325","  0.622",20/60,/core/www/modules//sdig/index.php?run_id=110202&search_id=114132&scans_id=110198&peptide_id=21878&scanf=30032&charge=3&value=20/60,sp|P04792|HSPB1_HUMAN,/core/www/modules//consensus/?run_id=110202&search_id=114132&scans_id=110198&peptide_id=21878&scanf=30032&charge=3&value=sp|P04792|HSPB1_HUMAN,8,/core/www/modules/match_peptides/blast_html4.php?run_id=110202&search_id=114132&scans_id=110198&peptide_id=21878&scanf=30032&charge=3&value=8,R.VSLDVNHFAPDELTVK.T,/core/www/modules/show_out/show_out_wrapper.php?run_id=110202&search_id=114132&scans_id=110198&peptide_id=21878&scanf=30032&charge=3&value=R.VSLDVNHFAPDELTVK.T,HSPB1,1.438e+7,3.583,0.001,3.272,0.000
30035,3,"  3.187","  0.587",16/48,/core/www/modules//sdig/index.php?run_id=110202&search_id=114132&scans_id=110198&peptide_id=21881&scanf=30035&charge=3&value=16/48,sp|Q8TDN6|BRX1_HUMAN,/core/www/modules//consensus/?run_id=110202&search_id=114132&scans_id=110198&peptide_id=21881&scanf=30035&charge=3&value=sp|Q8TDN6|BRX1_HUMAN,0,/core/www/modules/match_peptides/blast_html4.php?run_id=110202&search_id=114132&scans_id=110198&peptide_id=21881&scanf=30035&charge=3&value=0,K.FLVQNIHTLAELK.M,/core/www/modules/show_out/show_out_wrapper.php?run_id=110202&search_id=114132&scans_id=110198&peptide_id=21881&scanf=30035&charge=3&value=K.FLVQNIHTLAELK.M,BRIX1,9.549e+7,3.600,0.001,3.296,0.000
30038,2,"  5.194","  0.676",20/32,/core/www/modules//sdig/index.php?run_id=110202&search_id=114132&scans_id=110198&peptide_id=21884&scanf=30038&charge=2&value=20/32,sp|P33991|MCM4_HUMAN,/core/www/modules//consensus/?run_id=110202&search_id=114132&scans_id=110198&peptide_id=21884&scanf=30038&charge=2&value=sp|P33991|MCM4_HUMAN,5,/core/www/modules/match_peptides/blast_html4.php?run_id=110202&search_id=114132&scans_id=110198&peptide_id=21884&scanf=30038&charge=2&value=5,R.TSVLAAANPIESQWNPK.K,/core/www/modules/show_out/show_out_wrapper.php?run_id=110202&search_id=114132&scans_id=110198&peptide_id=21884&scanf=30038&charge=2&value=R.TSVLAAANPIESQWNPK.K,MCM4,6.548e+6,3.830,0.000,3.637,0.000
30039,2,"  3.031","  0.383",14/26,/core/www/modules//sdig/index.php?run_id=110202&search_id=114132&scans_id=110198&peptide_id=21885&scanf=30039&charge=2&value=14/26,sp|Q9Y5L4|TIM13_HUMAN,/core/www/modules//consensus/?run_id=110202&search_id=114132&scans_id=110198&peptide_id=21885&scanf=30039&charge=2&value=sp|Q9Y5L4|TIM13_HUMAN,0,/core/www/modules/match_peptides/blast_html4.php?run_id=110202&search_id=114132&scans_id=110198&peptide_id=21885&scanf=30039&charge=2&value=0,K.VQIAVANAQELLQR.M,/core/www/modules/show_out/show_out_wrapper.php?run_id=110202&search_id=114132&scans_id=110198&peptide_id=21885&scanf=30039&charge=2&value=K.VQIAVANAQELLQR.M,TIMM13,1.073e+7,2.628,0.014,1.861,0.000
30043,3,"  2.562","  0.385",14/56,/core/www/modules//sdig/index.php?run_id=110202&search_id=114132&scans_id=110198&peptide_id=21890&scanf=30043&charge=3&value=14/56,sp|P07814|SYEP_HUMAN,/core/www/modules//consensus/?run_id=110202&search_id=114132&scans_id=110198&peptide_id=21890&scanf=30043&charge=3&value=sp|P07814|SYEP_HUMAN,0,/core/www/modules/match_peptides/blast_html4.php?run_id=110202&search_id=114132&scans_id=110198&peptide_id=21890&scanf=30043&charge=3&value=0,K.KEENLADWYSQVITK.S,/core/www/modules/show_out/show_out_wrapper.php?run_id=110202&search_id=114132&scans_id=110198&peptide_id=21890&scanf=30043&charge=3&value=K.KEENLADWYSQVITK.S,EPRS1,4.581e+6,2.476,0.023,1.639,0.001
30044,2,"  2.314","  0.329",8/16,/core/www/modules//sdig/index.php?run_id=110202&search_id=114132&scans_id=110198&peptide_id=21891&scanf=30044&charge=2&value=8/16,sp|Q14204|DYHC1_HUMAN,/core/www/modules//consensus/?run_id=110202&search_id=114132&scans_id=110198&peptide_id=21891&scanf=30044&charge=2&value=sp|Q14204|DYHC1_HUMAN,27,/core/www/modules/match_peptides/blast_html4.php?run_id=110202&search_id=114132&scans_id=110198&peptide_id=21891&scanf=30044&charge=2&value=27,K.SFEWLSQMR.F,/core/www/modules/show_out/show_out_wrapper.php?run_id=110202&search_id=114132&scans_id=110198&peptide_id=21891&scanf=30044&charge=2&value=K.SFEWLSQMR.F,DYNC1H1,2.322e+6,2.891,0.006,2.246,0.000
30048,2,"  2.721","  0.377",11/20,/core/www/modules//sdig/index.php?run_id=110202&search_id=114132&scans_id=110198&peptide_id=21895&scanf=30048&charge=2&value=11/20,sp|P53396|ACLY_HUMAN,/core/www/modules//consensus/?run_id=110202&search_id=114132&scans_id=110198&peptide_id=21895&scanf=30048&charge=2&value=sp|P53396|ACLY_HUMAN,0,/core/www/modules/match_peptides/blast_html4.php?run_id=110202&search_id=114132&scans_id=110198&peptide_id=21895&scanf=30048&charge=2&value=0,K.DGVYVLDLAAK.V,/core/www/modules/show_out/show_out_wrapper.php?run_id=110202&search_id=114132&scans_id=110198&peptide_id=21895&scanf=30048&charge=2&value=K.DGVYVLDLAAK.V,ACLY,4.580e+6,2.718,0.010,1.992,0.000
30051,2,"  3.523","  0.589",14/28,/core/www/modules//sdig/index.php?run_id=110202&search_id=114132&scans_id=110198&peptide_id=21897&scanf=30051&charge=2&value=14/28,sp|P40939|ECHA_HUMAN,/core/www/modules//consensus/?run_id=110202&search_id=114132&scans_id=110198&peptide_id=21897&scanf=30051&charge=2&value=sp|P40939|ECHA_HUMAN,2,/core/www/modules/match_peptides/blast_html4.php?run_id=110202&search_id=114132&scans_id=110198&peptide_id=21897&scanf=30051&charge=2&value=2,R.FGGGNPELLTQMVSK.G,/core/www/modules/show_out/show_out_wrapper.php?run_id=110202&search_id=114132&scans_id=110198&peptide_id=21897&scanf=30051&charge=2&value=R.FGGGNPELLTQMVSK.G,HADHA,1.209e+7,3.309,0.001,2.865,0.000
30052,2,"  3.979","  0.695",16/24,/core/www/modules//sdig/index.php?run_id=110202&search_id=114132&scans_id=110198&peptide_id=21898&scanf=30052&charge=2&value=16/24,sp|P27635|RL10_HUMAN,/core/www/modules//consensus/?run_id=110202&search_id=114132&scans_id=110198&peptide_id=21898&scanf=30052&charge=2&value=sp|P27635|RL10_HUMAN,2,/core/www/modules/match_peptides/blast_html4.php?run_id=110202&search_id=114132&scans_id=110198&peptide_id=21898&scanf=30052&charge=2&value=2,K.FNADEFEDMVAEK.R,/core/www/modules/show_out/show_out_wrapper.php?run_id=110202&search_id=114132&scans_id=110198&peptide_id=21898&scanf=30052&charge=2&value=K.FNADEFEDMVAEK.R,RPL10,3.945e+8,4.010,0.000,3.904,0.000
30055,2,"  2.012","  0.477",11/16,/core/www/modules//sdig/index.php?run_id=110202&search_id=114132&scans_id=110198&peptide_id=21901&scanf=30055&charge=2&value=11/16,sp|P13639|EF2_HUMAN,/core/www/modules//consensus/?run_id=110202&search_id=114132&scans_id=110198&peptide_id=21901&scanf=30055&charge=2&value=sp|P13639|EF2_HUMAN,0,/core/www/modules/match_peptides/blast_html4.php?run_id=110202&search_id=114132&scans_id=110198&peptide_id=21901&scanf=30055&charge=2&value=0,K.VFDAIMNFK.K,/core/www/modules/show_out/show_out_wrapper.php?run_id=110202&search_id=114132&scans_id=110198&peptide_id=21901&scanf=30055&charge=2&value=K.VFDAIMNFK.K,EEF2,1.731e+7,3.347,0.001,2.922,0.000
30058,2,"  3.953","  0.607",15/26,/core/www/modules//sdig/index.php?run_id=110202&search_id=114132&scans_id=110198&peptide_id=21904&scanf=30058&charge=2&value=15/26,sp|Q8IY81|SPB1_HUMAN,/core/www/modules//consensus/?run_id=110202&search_id=114132&scans_id=110198&peptide_id=21904&scanf=30058&charge=2&value=sp|Q8IY81|SPB1_HUMAN,0,/core/www/modules/match_peptides/blast_html4.php?run_id=110202&search_id=114132&scans_id=110198&peptide_id=21904&scanf=30058&charge=2&value=0,K.AVLQEEQANLWFSK.G,/core/www/modules/show_out/show_out_wrapper.php?run_id=110202&search_id=114132&scans_id=110198&peptide_id=21904&scanf=30058&charge=2&value=K.AVLQEEQANLWFSK.G,FTSJ3,5.536e+6,3.585,0.001,3.275,0.000
30062,3,"  3.114","  0.381",14/48,/core/www/modules//sdig/index.php?run_id=110202&search_id=114132&scans_id=110198&peptide_id=21909&scanf=30062&charge=3&value=14/48,sp|O43293|DAPK3_HUMAN,/core/www/modules//consensus/?run_id=110202&search_id=114132&scans_id=110198&peptide_id=21909&scanf=30062&charge=3&value=sp|O43293|DAPK3_HUMAN,1,/core/www/modules/match_peptides/blast_html4.php?run_id=110202&search_id=114132&scans_id=110198&peptide_id=21909&scanf=30062&charge=3&value=1,R.MTIAQSLEHSWIK.A,/core/www/modules/show_out/show_out_wrapper.php?run_id=110202&search_id=114132&scans_id=110198&peptide_id=21909&scanf=30062&charge=3&value=R.MTIAQSLEHSWIK.A,DAPK3,3.533e+6,2.763,0.009,2.058,0.000
30065,2,"  3.402","  0.256",12/22,/core/www/modules//sdig/index.php?run_id=110202&search_id=114132&scans_id=110198&peptide_id=21912&scanf=30065&charge=2&value=12/22,sp|Q8N1B4|VPS52_HUMAN,/core/www/modules//consensus/?run_id=110202&search_id=114132&scans_id=110198&peptide_id=21912&scanf=30065&charge=2&value=sp|Q8N1B4|VPS52_HUMAN,0,/core/www/modules/match_peptides/blast_html4.php?run_id=110202&search_id=114132&scans_id=110198&peptide_id=21912&scanf=30065&charge=2&value=0,K.EVESFQQLLNAR.T,/core/www/modules/show_out/show_out_wrapper.php?run_id=110202&search_id=114132&scans_id=110198&peptide_id=21912&scanf=30065&charge=2&value=K.EVESFQQLLNAR.T,VPS52,2.147e+6,2.308,0.040,1.398,0.001
30072,2,"  2.844","  0.718",16/30,/core/www/modules//sdig/index.php?run_id=110202&search_id=114132&scans_id=110198&peptide_id=21919&scanf=30072&charge=2&value=16/30,sp|Q07955|SRSF1_HUMAN,/core/www/modules//consensus/?run_id=110202&search_id=114132&scans_id=110198&peptide_id=21919&scanf=30072&charge=2&value=sp|Q07955|SRSF1_HUMAN,2,/core/www/modules/match_peptides/blast_html4.php?run_id=110202&search_id=114132&scans_id=110198&peptide_id=21919&scanf=30072&charge=2&value=2,R.VVVSGLPPSGSWQDLK.D,/core/www/modules/show_out/show_out_wrapper.php?run_id=110202&search_id=114132&scans_id=110198&peptide_id=21919&scanf=30072&charge=2&value=R.VVVSGLPPSGSWQDLK.D,SRSF1,1.690e+8,3.807,0.000,3.603,0.000
30083,3,"  3.374","  0.423",11/68,/core/www/modules//sdig/index.php?run_id=110202&search_id=114132&scans_id=110198&peptide_id=21931&scanf=30083&charge=3&value=11/68,sp|Q12906|ILF3_HUMAN,/core/www/modules//consensus/?run_id=110202&search_id=114132&scans_id=110198&peptide_id=21931&scanf=30083&charge=3&value=sp|Q12906|ILF3_HUMAN,2,/core/www/modules/match_peptides/blast_html4.php?run_id=110202&search_id=114132&scans_id=110198&peptide_id=21931&scanf=30083&charge=3&value=2,K.VLAGETLSVNDPPDVLDR.Q,/core/www/modules/show_out/show_out_wrapper.php?run_id=110202&search_id=114132&scans_id=110198&peptide_id=21931&scanf=30083&charge=3&value=K.VLAGETLSVNDPPDVLDR.Q,ILF3,7.827e+7,2.763,0.009,2.059,0.000
30086,2,"  1.214","  0.187",6/12,/core/www/modules//sdig/index.php?run_id=110202&search_id=114132&scans_id=110198&peptide_id=21934&scanf=30086&charge=2&value=6/12,sp|Q8TCS8|PNPT1_HUMAN,/core/www/modules//consensus/?run_id=110202&search_id=114132&scans_id=110198&peptide_id=21934&scanf=30086&charge=2&value=sp|Q8TCS8|PNPT1_HUMAN,0,/core/www/modules/match_peptides/blast_html4.php?run_id=110202&search_id=114132&scans_id=110198&peptide_id=21934&scanf=30086&charge=2&value=0,R.DFPFTIR.V,/core/www/modules/show_out/show_out_wrapper.php?run_id=110202&search_id=114132&scans_id=110198&peptide_id=21934&scanf=30086&charge=2&value=R.DFPFTIR.V,PNPT1,1.401e+6,2.090,0.081,1.093,0.003
30090,2,"  3.160","  0.577",12/18,/core/www/modules//sdig/index.php?run_id=110202&search_id=114132&scans_id=110198&peptide_id=21939&scanf=30090&charge=2&value=12/18,sp|O14497|ARI1A_HUMAN,/core/www/modules//consensus/?run_id=110202&search_id=114132&scans_id=110198&peptide_id=21939&scanf=30090&charge=2&value=sp|O14497|ARI1A_HUMAN,2,/core/www/modules/match_peptides/blast_html4.php?run_id=110202&search_id=114132&scans_id=110198&peptide_id=21939&scanf=30090&charge=2&value=2,K.HPGLLLILGK.L,/core/www/modules/show_out/show_out_wrapper.php?run_id=110202&search_id=114132&scans_id=110198&peptide_id=21939&scanf=30090&charge=2&value=K.HPGLLLILGK.L,ARID1A,3.268e+6,3.698,0.000,3.441,0.000
30093,2,"  2.664","  0.646",12/18,/core/www/modules//sdig/index.php?run_id=110202&search_id=114132&scans_id=110198&peptide_id=21941&scanf=30093&charge=2&value=12/18,sp|P11142|HSP7C_HUMAN,/core/www/modules//consensus/?run_id=110202&search_id=114132&scans_id=110198&peptide_id=21941&scanf=30093&charge=2&value=sp|P11142|HSP7C_HUMAN,5,/core/www/modules/match_peptides/blast_html4.php?run_id=110202&search_id=114132&scans_id=110198&peptide_id=21941&scanf=30093&charge=2&value=5,R.FEELNADLFR.G,/core/www/modules/show_out/show_out_wrapper.php?run_id=110202&search_id=114132&scans_id=110198&peptide_id=21941&scanf=30093&charge=2&value=R.FEELNADLFR.G,HSPA8,2.078e+7,3.933,0.000,3.790,0.000
30094,3,"  5.818","  0.663",22/80,/core/www/modules//sdig/index.php?run_id=110202&search_id=114132&scans_id=110198&peptide_id=21942&scanf=30094&charge=3&value=22/80,sp|P35579|MYH9_HUMAN,/core/www/modules//consensus/?run_id=110202&search_id=114132&scans_id=110198&peptide_id=21942&scanf=30094&charge=3&value=sp|P35579|MYH9_HUMAN,1,/core/www/modules/match_peptides/blast_html4.php?run_id=110202&search_id=114132&scans_id=110198&peptide_id=21942&scanf=30094&charge=3&value=1,R.IAQLEEELEEEQGNTELINDR.L,/core/www/modules/show_out/show_out_wrapper.php?run_id=110202&search_id=114132&scans_id=110198&peptide_id=21942&scanf=30094&charge=3&value=R.IAQLEEELEEEQGNTELINDR.L,MYH9,7.161e+6,3.774,0.000,3.554,0.000
30095,2,"  2.331","  0.421",10/14,/core/www/modules//sdig/index.php?run_id=110202&search_id=114132&scans_id=110198&peptide_id=21943&scanf=30095&charge=2&value=10/14,sp|P38159|RBMX_HUMAN,/core/www/modules//consensus/?run_id=110202&search_id=114132&scans_id=110198&peptide_id=21943&scanf=30095&charge=2&value=sp|P38159|RBMX_HUMAN,4,/core/www/modules/match_peptides/blast_html4.php?run_id=110202&search_id=114132&scans_id=110198&peptide_id=21943&scanf=30095&charge=2&value=4,R.IVEVLLMK.D,/core/www/modules/show_out/show_out_wrapper.php?run_id=110202&search_id=114132&scans_id=110198&peptide_id=21943&scanf=30095&charge=2&value=R.IVEVLLMK.D,RBMX,3.788e+8,3.423,0.001,3.035,0.000
30096,4,"  3.024","  0.322",8/156,/core/www/modules//sdig/index.php?run_id=110202&search_id=114132&scans_id=110198&peptide_id=21944&scanf=30096&charge=4&value=8/156,sp|Q96DI7|SNR40_HUMAN,/core/www/modules//consensus/?run_id=110202&search_id=114132&scans_id=110198&peptide_id=21944&scanf=30096&charge=4&value=sp|Q96DI7|SNR40_HUMAN,1,/core/www/modules/match_peptides/blast_html4.php?run_id=110202&search_id=114132&scans_id=110198&peptide_id=21944&scanf=30096&charge=4&value=1,K.LPGHAGSINEVAFHPDEPIIISASSDK.R,/core/www/modules/show_out/show_out_wrapper.php?run_id=110202&search_id=114132&scans_id=110198&peptide_id=21944&scanf=30096&charge=4&value=K.LPGHAGSINEVAFHPDEPIIISASSDK.R,SNRNP40,5.100e+6,2.247,0.049,1.311,0.002
30097,3,"  4.561","  0.552",16/60,/core/www/modules//sdig/index.php?run_id=110202&search_id=114132&scans_id=110198&peptide_id=21945&scanf=30097&charge=3&value=16/60,sp|Q96ME7|ZN512_HUMAN,/core/www/modules//consensus/?run_id=110202&search_id=114132&scans_id=110198&peptide_id=21945&scanf=30097&charge=3&value=sp|Q96ME7|ZN512_HUMAN,1,/core/www/modules/match_peptides/blast_html4.php?run_id=110202&search_id=114132&scans_id=110198&peptide_id=21945&scanf=30097&charge=3&value=1,K.IAVYHLQELASAELAK.E,/core/www/modules/show_out/show_out_wrapper.php?run_id=110202&search_id=114132&scans_id=110198&peptide_id=21945&scanf=30097&charge=3&value=K.IAVYHLQELASAELAK.E,ZNF512,1.099e+7,3.169,0.002,2.658,0.000
30100,2,"  3.502","  0.340",13/26,/core/www/modules//sdig/index.php?run_id=110202&search_id=114132&scans_id=110198&peptide_id=21949&scanf=30100&charge=2&value=13/26,sp|Q9H4L4|SENP3_HUMAN,/core/www/modules//consensus/?run_id=110202&search_id=114132&scans_id=110198&peptide_id=21949&scanf=30100&charge=2&value=sp|Q9H4L4|SENP3_HUMAN,2,/core/www/modules/match_peptides/blast_html4.php?run_id=110202&search_id=114132&scans_id=110198&peptide_id=21949&scanf=30100&charge=2&value=2,K.LEDIFQQEFSTPSR.K,/core/www/modules/show_out/show_out_wrapper.php?run_id=110202&search_id=114132&scans_id=110198&peptide_id=21949&scanf=30100&charge=2&value=K.LEDIFQQEFSTPSR.K,SENP3,1.979e+6,2.209,0.055,1.257,0.002
30101,2,"  4.937","  0.730",20/32,/core/www/modules//sdig/index.php?run_id=110202&search_id=114132&scans_id=110198&peptide_id=21950&scanf=30101&charge=2&value=20/32,sp|Q9NWU2|GID8_HUMAN,/core/www/modules//consensus/?run_id=110202&search_id=114132&scans_id=110198&peptide_id=21950&scanf=30101&charge=2&value=sp|Q9NWU2|GID8_HUMAN,0,/core/www/modules/match_peptides/blast_html4.php?run_id=110202&search_id=114132&scans_id=110198&peptide_id=21950&scanf=30101&charge=2&value=0,R.MESGIEPSVDLETLDER.I,/core/www/modules/show_out/show_out_wrapper.php?run_id=110202&search_id=114132&scans_id=110198&peptide_id=21950&scanf=30101&charge=2&value=R.MESGIEPSVDLETLDER.I,GID8,1.438e+6,3.915,0.000,3.764,0.000
30107,3,"  3.298","  0.427",12/52,/core/www/modules//sdig/index.php?run_id=110202&search_id=114132&scans_id=110198&peptide_id=21956&scanf=30107&charge=3&value=12/52,sp|Q01780|EXOSX_HUMAN,/core/www/modules//consensus/?run_id=110202&search_id=114132&scans_id=110198&peptide_id=21956&scanf=30107&charge=3&value=sp|Q01780|EXOSX_HUMAN,0,/core/www/modules/match_peptides/blast_html4.php?run_id=110202&search_id=114132&scans_id=110198&peptide_id=21956&scanf=30107&charge=3&value=0,K.KAQNIMESFENPFR.M,/core/www/modules/show_out/show_out_wrapper.php?run_id=110202&search_id=114132&scans_id=110198&peptide_id=21956&scanf=30107&charge=3&value=K.KAQNIMESFENPFR.M,EXOSC10,1.962e+6,2.603,0.015,1.824,0.000
30108,2,"  2.608","  0.508",10/18,/core/www/modules//sdig/index.php?run_id=110202&search_id=114132&scans_id=110198&peptide_id=21957&scanf=30108&charge=2&value=10/18,sp|Q9UIF9|BAZ2A_HUMAN,/core/www/modules//consensus/?run_id=110202&search_id=114132&scans_id=110198&peptide_id=21957&scanf=30108&charge=2&value=sp|Q9UIF9|BAZ2A_HUMAN,4,/core/www/modules/match_peptides/blast_html4.php?run_id=110202&search_id=114132&scans_id=110198&peptide_id=21957&scanf=30108&charge=2&value=4,R.DPEMLDAMLK.A,/core/www/modules/show_out/show_out_wrapper.php?run_id=110202&search_id=114132&scans_id=110198&peptide_id=21957&scanf=30108&charge=2&value=R.DPEMLDAMLK.A,BAZ2A,2.654e+6,3.107,0.003,2.566,0.000
30114,3,"  4.133","  0.496",12/72,/core/www/modules//sdig/index.php?run_id=110202&search_id=114132&scans_id=110198&peptide_id=21963&scanf=30114&charge=3&value=12/72,sp|Q9UQ35|SRRM2_HUMAN,/core/www/modules//consensus/?run_id=110202&search_id=114132&scans_id=110198&peptide_id=21963&scanf=30114&charge=3&value=sp|Q9UQ35|SRRM2_HUMAN,0,/core/www/modules/match_peptides/blast_html4.php?run_id=110202&search_id=114132&scans_id=110198&peptide_id=21963&scanf=30114&charge=3&value=0,K.DKFSPFPVQDRPESSLVFK.D,/core/www/modules/show_out/show_out_wrapper.php?run_id=110202&search_id=114132&scans_id=110198&peptide_id=21963&scanf=30114&charge=3&value=K.DKFSPFPVQDRPESSLVFK.D,SRRM2,7.677e+6,2.672,0.012,1.925,0.000
30130,3,"  5.467","  0.564",18/64,/core/www/modules//sdig/index.php?run_id=110202&search_id=114132&scans_id=110198&peptide_id=21981&scanf=30130&charge=3&value=18/64,sp|P12814|ACTN1_HUMAN,/core/www/modules//consensus/?run_id=110202&search_id=114132&scans_id=110198&peptide_id=21981&scanf=30130&charge=3&value=sp|P12814|ACTN1_HUMAN,14,/core/www/modules/match_peptides/blast_html4.php?run_id=110202&search_id=114132&scans_id=110198&peptide_id=21981&scanf=30130&charge=3&value=14,R.KDDPLTNLNTAFDVAEK.Y,/core/www/modules/show_out/show_out_wrapper.php?run_id=110202&search_id=114132&scans_id=110198&peptide_id=21981&scanf=30130&charge=3&value=R.KDDPLTNLNTAFDVAEK.Y,ACTN1,1.624e+7,3.212,0.002,2.722,0.000
30131,2,"  2.864","  0.382",9/30,/core/www/modules//sdig/index.php?run_id=110202&search_id=114132&scans_id=110198&peptide_id=21982&scanf=30131&charge=2&value=9/30,sp|Q15393|SF3B3_HUMAN,/core/www/modules//consensus/?run_id=110202&search_id=114132&scans_id=110198&peptide_id=21982&scanf=30131&charge=2&value=sp|Q15393|SF3B3_HUMAN,0,/core/www/modules/match_peptides/blast_html4.php?run_id=110202&search_id=114132&scans_id=110198&peptide_id=21982&scanf=30131&charge=2&value=0,K.TPVEEVPAAIAPFQGR.V,/core/www/modules/show_out/show_out_wrapper.php?run_id=110202&search_id=114132&scans_id=110198&peptide_id=21982&scanf=30131&charge=2&value=K.TPVEEVPAAIAPFQGR.V,SF3B3,1.768e+7,2.227,0.052,1.283,0.002
30136,3,"  6.753","  0.645",20/76,/core/www/modules//sdig/index.php?run_id=110202&search_id=114132&scans_id=110198&peptide_id=21986&scanf=30136&charge=3&value=20/76,sp|P62191|PRS4_HUMAN,/core/www/modules//consensus/?run_id=110202&search_id=114132&scans_id=110198&peptide_id=21986&scanf=30136&charge=3&value=sp|P62191|PRS4_HUMAN,1,/core/www/modules/match_peptides/blast_html4.php?run_id=110202&search_id=114132&scans_id=110198&peptide_id=21986&scanf=30136&charge=3&value=1,K.APQETYADIGGLDNQIQEIK.E,/core/www/modules/show_out/show_out_wrapper.php?run_id=110202&search_id=114132&scans_id=110198&peptide_id=21986&scanf=30136&charge=3&value=K.APQETYADIGGLDNQIQEIK.E,PSMC1,1.109e+7,3.643,0.000,3.360,0.000
30138,2,"  3.215","  0.609",12/24,/core/www/modules//sdig/index.php?run_id=110202&search_id=114132&scans_id=110198&peptide_id=21988&scanf=30138&charge=2&value=12/24,sp|O75643|U520_HUMAN,/core/www/modules//consensus/?run_id=110202&search_id=114132&scans_id=110198&peptide_id=21988&scanf=30138&charge=2&value=sp|O75643|U520_HUMAN,1,/core/www/modules/match_peptides/blast_html4.php?run_id=110202&search_id=114132&scans_id=110198&peptide_id=21988&scanf=30138&charge=2&value=1,R.DEPTGEVLSLVGK.L,/core/www/modules/show_out/show_out_wrapper.php?run_id=110202&search_id=114132&scans_id=110198&peptide_id=21988&scanf=30138&charge=2&value=R.DEPTGEVLSLVGK.L,SNRNP200,1.379e+7,3.665,0.000,3.393,0.000
30143,3,"  4.051","  0.605",19/60,/core/www/modules//sdig/index.php?run_id=110202&search_id=114132&scans_id=110198&peptide_id=21994&scanf=30143&charge=3&value=19/60,sp|P18621|RL17_HUMAN,/core/www/modules//consensus/?run_id=110202&search_id=114132&scans_id=110198&peptide_id=21994&scanf=30143&charge=3&value=sp|P18621|RL17_HUMAN,9,/core/www/modules/match_peptides/blast_html4.php?run_id=110202&search_id=114132&scans_id=110198&peptide_id=21994&scanf=30143&charge=3&value=9,K.GLDVDSLVIEHIQVNK.A,/core/www/modules/show_out/show_out_wrapper.php?run_id=110202&search_id=114132&scans_id=110198&peptide_id=21994&scanf=30143&charge=3&value=K.GLDVDSLVIEHIQVNK.A,RPL17,2.372e+6,3.574,0.001,3.258,0.000
30147,3,"  5.947","  0.705",18/80,/core/www/modules//sdig/index.php?run_id=110202&search_id=114132&scans_id=110198&peptide_id=21998&scanf=30147&charge=3&value=18/80,sp|Q14204|DYHC1_HUMAN,/core/www/modules//consensus/?run_id=110202&search_id=114132&scans_id=110198&peptide_id=21998&scanf=30147&charge=3&value=sp|Q14204|DYHC1_HUMAN,25,/core/www/modules/match_peptides/blast_html4.php?run_id=110202&search_id=114132&scans_id=110198&peptide_id=21998&scanf=30147&charge=3&value=25,R.NVAQYNANHPDFPMQIEQLER.Y,/core/www/modules/show_out/show_out_wrapper.php?run_id=110202&search_id=114132&scans_id=110198&peptide_id=21998&scanf=30147&charge=3&value=R.NVAQYNANHPDFPMQIEQLER.Y,DYNC1H1,4.242e+6,3.976,0.000,3.854,0.000
30148,2,"  1.795","  0.421",7/20,/core/www/modules//sdig/index.php?run_id=110202&search_id=114132&scans_id=110198&peptide_id=21999&scanf=30148&charge=2&value=7/20,sp|P30419|NMT1_HUMAN,/core/www/modules//consensus/?run_id=110202&search_id=114132&scans_id=110198&peptide_id=21999&scanf=30148&charge=2&value=sp|P30419|NMT1_HUMAN,2,/core/www/modules/match_peptides/blast_html4.php?run_id=110202&search_id=114132&scans_id=110198&peptide_id=21999&scanf=30148&charge=2&value=2,K.DIPVVHQLLTR.Y,/core/www/modules/show_out/show_out_wrapper.php?run_id=110202&search_id=114132&scans_id=110198&peptide_id=21999&scanf=30148&charge=2&value=K.DIPVVHQLLTR.Y,NMT1,2.883e+6,2.546,0.018,1.740,0.000
30149,2,"  7.729","  0.699",30/32,/core/www/modules//sdig/index.php?run_id=110202&search_id=114132&scans_id=110198&peptide_id=22000&scanf=30149&charge=2&value=30/32,sp|P12814|ACTN1_HUMAN,/core/www/modules//consensus/?run_id=110202&search_id=114132&scans_id=110198&peptide_id=22000&scanf=30149&charge=2&value=sp|P12814|ACTN1_HUMAN,14,/core/www/modules/match_peptides/blast_html4.php?run_id=110202&search_id=114132&scans_id=110198&peptide_id=22000&scanf=30149&charge=2&value=14,R.KDDPLTNLNTAFDVAEK.Y,/core/www/modules/show_out/show_out_wrapper.php?run_id=110202&search_id=114132&scans_id=110198&peptide_id=22000&scanf=30149&charge=2&value=R.KDDPLTNLNTAFDVAEK.Y,ACTN1,3.977e+6,4.244,0.000,4.251,0.000
30151,2,"  3.032","  0.564",13/28,/core/www/modules//sdig/index.php?run_id=110202&search_id=114132&scans_id=110198&peptide_id=22003&scanf=30151&charge=2&value=13/28,sp|Q9BQG0|MBB1A_HUMAN,/core/www/modules//consensus/?run_id=110202&search_id=114132&scans_id=110198&peptide_id=22003&scanf=30151&charge=2&value=sp|Q9BQG0|MBB1A_HUMAN,1,/core/www/modules/match_peptides/blast_html4.php?run_id=110202&search_id=114132&scans_id=110198&peptide_id=22003&scanf=30151&charge=2&value=1,K.LVGSVNLFSDENVPR.L,/core/www/modules/show_out/show_out_wrapper.php?run_id=110202&search_id=114132&scans_id=110198&peptide_id=22003&scanf=30151&charge=2&value=K.LVGSVNLFSDENVPR.L,MYBBP1A,3.641e+7,3.308,0.001,2.864,0.000
30153,2,"  2.128","  0.382",9/14,/core/www/modules//sdig/index.php?run_id=110202&search_id=114132&scans_id=110198&peptide_id=22005&scanf=30153&charge=2&value=9/14,sp|Q9Y4A5|TRRAP_HUMAN,/core/www/modules//consensus/?run_id=110202&search_id=114132&scans_id=110198&peptide_id=22005&scanf=30153&charge=2&value=sp|Q9Y4A5|TRRAP_HUMAN,2,/core/www/modules/match_peptides/blast_html4.php?run_id=110202&search_id=114132&scans_id=110198&peptide_id=22005&scanf=30153&charge=2&value=2,K.NVLSVMFR.F,/core/www/modules/show_out/show_out_wrapper.php?run_id=110202&search_id=114132&scans_id=110198&peptide_id=22005&scanf=30153&charge=2&value=K.NVLSVMFR.F,TRRAP,1.934e+6,3.031,0.004,2.454,0.000
30156,2,"  4.372","  0.725",16/30,/core/www/modules//sdig/index.php?run_id=110202&search_id=114132&scans_id=110198&peptide_id=22007&scanf=30156&charge=2&value=16/30,sp|O95793|STAU1_HUMAN,/core/www/modules//consensus/?run_id=110202&search_id=114132&scans_id=110198&peptide_id=22007&scanf=30156&charge=2&value=sp|O95793|STAU1_HUMAN,1,/core/www/modules/match_peptides/blast_html4.php?run_id=110202&search_id=114132&scans_id=110198&peptide_id=22007&scanf=30156&charge=2&value=1,R.ELLYGGTSPTAETILK.N,/core/www/modules/show_out/show_out_wrapper.php?run_id=110202&search_id=114132&scans_id=110198&peptide_id=22007&scanf=30156&charge=2&value=R.ELLYGGTSPTAETILK.N,STAU1,1.432e+7,3.902,0.000,3.744,0.000
30157,3,"  2.629","  0.556",15/40,/core/www/modules//sdig/index.php?run_id=110202&search_id=114132&scans_id=110198&peptide_id=22008&scanf=30157&charge=3&value=15/40,sp|O95602|RPA1_HUMAN,/core/www/modules//consensus/?run_id=110202&search_id=114132&scans_id=110198&peptide_id=22008&scanf=30157&charge=3&value=sp|O95602|RPA1_HUMAN,1,/core/www/modules/match_peptides/blast_html4.php?run_id=110202&search_id=114132&scans_id=110198&peptide_id=22008&scanf=30157&charge=3&value=1,K.LTITFPAMVHR.T,/core/www/modules/show_out/show_out_wrapper.php?run_id=110202&search_id=114132&scans_id=110198&peptide_id=22008&scanf=30157&charge=3&value=K.LTITFPAMVHR.T,POLR1A,4.048e+6,3.572,0.001,3.255,0.000
30158,4,"  6.158","  0.603",20/144,/core/www/modules//sdig/index.php?run_id=110202&search_id=114132&scans_id=110198&peptide_id=22009&scanf=30158&charge=4&value=20/144,sp|O14646|CHD1_HUMAN,/core/www/modules//consensus/?run_id=110202&search_id=114132&scans_id=110198&peptide_id=22009&scanf=30158&charge=4&value=sp|O14646|CHD1_HUMAN,0,/core/www/modules/match_peptides/blast_html4.php?run_id=110202&search_id=114132&scans_id=110198&peptide_id=22009&scanf=30158&charge=4&value=0,K.TVLHTGSAPSSSTPFNKEELSAILK.F,/core/www/modules/show_out/show_out_wrapper.php?run_id=110202&search_id=114132&scans_id=110198&peptide_id=22009&scanf=30158&charge=4&value=K.TVLHTGSAPSSSTPFNKEELSAILK.F,CHD1,3.850e+6,3.312,0.001,2.870,0.000
30160,3,"  4.516","  0.527",15/52,/core/www/modules//sdig/index.php?run_id=110202&search_id=114132&scans_id=110198&peptide_id=22012&scanf=30160&charge=3&value=15/52,sp|P78527|PRKDC_HUMAN,/core/www/modules//consensus/?run_id=110202&search_id=114132&scans_id=110198&peptide_id=22012&scanf=30160&charge=3&value=sp|P78527|PRKDC_HUMAN,0,/core/www/modules/match_peptides/blast_html4.php?run_id=110202&search_id=114132&scans_id=110198&peptide_id=22012&scanf=30160&charge=3&value=0,R.RYNFPVEVEVPMER.K,/core/www/modules/show_out/show_out_wrapper.php?run_id=110202&search_id=114132&scans_id=110198&peptide_id=22012&scanf=30160&charge=3&value=R.RYNFPVEVEVPMER.K,PRKDC,5.833e+6,3.828,0.000,3.635,0.000
30162,2,"  5.326","  0.644",22/34,/core/www/modules//sdig/index.php?run_id=110202&search_id=114132&scans_id=110198&peptide_id=22014&scanf=30162&charge=2&value=22/34,sp|Q9Y678|COPG1_HUMAN,/core/www/modules//consensus/?run_id=110202&search_id=114132&scans_id=110198&peptide_id=22014&scanf=30162&charge=2&value=sp|Q9Y678|COPG1_HUMAN,0,/core/www/modules/match_peptides/blast_html4.php?run_id=110202&search_id=114132&scans_id=110198&peptide_id=22014&scanf=30162&charge=2&value=0,K.SSPEPVALTESETEYVIR.C,/core/www/modules/show_out/show_out_wrapper.php?run_id=110202&search_id=114132&scans_id=110198&peptide_id=22014&scanf=30162&charge=2&value=K.SSPEPVALTESETEYVIR.C,COPG1,5.859e+6,3.727,0.000,3.485,0.000
30165,2,"  3.704","  0.652",14/26,/core/www/modules//sdig/index.php?run_id=110202&search_id=114132&scans_id=110198&peptide_id=22017&scanf=30165&charge=2&value=14/26,sp|Q08170|SRSF4_HUMAN,/core/www/modules//consensus/?run_id=110202&search_id=114132&scans_id=110198&peptide_id=22017&scanf=30165&charge=2&value=sp|Q08170|SRSF4_HUMAN,1,/core/www/modules/match_peptides/blast_html4.php?run_id=110202&search_id=114132&scans_id=110198&peptide_id=22017&scanf=30165&charge=2&value=1,K.NEGVIEFVSYSDMK.R,/core/www/modules/show_out/show_out_wrapper.php?run_id=110202&search_id=114132&scans_id=110198&peptide_id=22017&scanf=30165&charge=2&value=K.NEGVIEFVSYSDMK.R,SRSF4,5.607e+6,3.626,0.000,3.336,0.000
30166,2,"  1.909","  0.284",9/28,/core/www/modules//sdig/index.php?run_id=110202&search_id=114132&scans_id=110198&peptide_id=22018&scanf=30166&charge=2&value=9/28,sp|Q9BQG0|MBB1A_HUMAN,/core/www/modules//consensus/?run_id=110202&search_id=114132&scans_id=110198&peptide_id=22018&scanf=30166&charge=2&value=sp|Q9BQG0|MBB1A_HUMAN,1,/core/www/modules/match_peptides/blast_html4.php?run_id=110202&search_id=114132&scans_id=110198&peptide_id=22018&scanf=30166&charge=2&value=1,K.LVGSVNLFSDENVPR.L,/core/www/modules/show_out/show_out_wrapper.php?run_id=110202&search_id=114132&scans_id=110198&peptide_id=22018&scanf=30166&charge=2&value=K.LVGSVNLFSDENVPR.L,MYBBP1A,3.641e+7,2.124,0.073,1.139,0.002
30167,2,"  2.425","  0.474",9/22,/core/www/modules//sdig/index.php?run_id=110202&search_id=114132&scans_id=110198&peptide_id=22019&scanf=30167&charge=2&value=9/22,sp|P01111|RASN_HUMAN,/core/www/modules//consensus/?run_id=110202&search_id=114132&scans_id=110198&peptide_id=22019&scanf=30167&charge=2&value=sp|P01111|RASN_HUMAN,4,/core/www/modules/match_peptides/blast_html4.php?run_id=110202&search_id=114132&scans_id=110198&peptide_id=22019&scanf=30167&charge=2&value=4,K.SYGIPFIETSAK.T,/core/www/modules/show_out/show_out_wrapper.php?run_id=110202&search_id=114132&scans_id=110198&peptide_id=22019&scanf=30167&charge=2&value=K.SYGIPFIETSAK.T,NRAS,1.049e+7,2.692,0.011,1.954,0.000
30172,2,"  1.817","  0.214",7/12,/core/www/modules//sdig/index.php?run_id=110202&search_id=114132&scans_id=110198&peptide_id=22025&scanf=30172&charge=2&value=7/12,sp|Q9NX20|RM16_HUMAN,/core/www/modules//consensus/?run_id=110202&search_id=114132&scans_id=110198&peptide_id=22025&scanf=30172&charge=2&value=sp|Q9NX20|RM16_HUMAN,1,/core/www/modules/match_peptides/blast_html4.php?run_id=110202&search_id=114132&scans_id=110198&peptide_id=22025&scanf=30172&charge=2&value=1,K.NMFAIWR.V,/core/www/modules/show_out/show_out_wrapper.php?run_id=110202&search_id=114132&scans_id=110198&peptide_id=22025&scanf=30172&charge=2&value=K.NMFAIWR.V,MRPL16,1.940e+6,2.319,0.039,1.414,0.001
30178,2,"  2.966","  0.600",14/28,/core/www/modules//sdig/index.php?run_id=110202&search_id=114132&scans_id=110198&peptide_id=22030&scanf=30178&charge=2&value=14/28,sp|O00154|BACH_HUMAN,/core/www/modules//consensus/?run_id=110202&search_id=114132&scans_id=110198&peptide_id=22030&scanf=30178&charge=2&value=sp|O00154|BACH_HUMAN,0,/core/www/modules/match_peptides/blast_html4.php?run_id=110202&search_id=114132&scans_id=110198&peptide_id=22030&scanf=30178&charge=2&value=0,R.SLPVPQLVPETEDEK.K,/core/www/modules/show_out/show_out_wrapper.php?run_id=110202&search_id=114132&scans_id=110198&peptide_id=22030&scanf=30178&charge=2&value=R.SLPVPQLVPETEDEK.K,ACOT7,4.821e+6,3.283,0.001,2.827,0.000
30179,2,"  3.083","  0.492",10/22,/core/www/modules//sdig/index.php?run_id=110202&search_id=114132&scans_id=110198&peptide_id=22031&scanf=30179&charge=2&value=10/22,sp|Q96EY1|DNJA3_HUMAN,/core/www/modules//consensus/?run_id=110202&search_id=114132&scans_id=110198&peptide_id=22031&scanf=30179&charge=2&value=sp|Q96EY1|DNJA3_HUMAN,0,/core/www/modules/match_peptides/blast_html4.php?run_id=110202&search_id=114132&scans_id=110198&peptide_id=22031&scanf=30179&charge=2&value=0,K.GGPTVDPEELFR.K,/core/www/modules/show_out/show_out_wrapper.php?run_id=110202&search_id=114132&scans_id=110198&peptide_id=22031&scanf=30179&charge=2&value=K.GGPTVDPEELFR.K,DNAJA3,3.802e+6,2.978,0.004,2.375,0.000
30181,2,"  3.700","  0.650",16/26,/core/www/modules//sdig/index.php?run_id=110202&search_id=114132&scans_id=110198&peptide_id=22033&scanf=30181&charge=2&value=16/26,sp|Q86SX6|GLRX5_HUMAN,/core/www/modules//consensus/?run_id=110202&search_id=114132&scans_id=110198&peptide_id=22033&scanf=30181&charge=2&value=sp|Q86SX6|GLRX5_HUMAN,0,/core/www/modules/match_peptides/blast_html4.php?run_id=110202&search_id=114132&scans_id=110198&peptide_id=22033&scanf=30181&charge=2&value=0,R.DYAAYNVLDDPELR.Q,/core/www/modules/show_out/show_out_wrapper.php?run_id=110202&search_id=114132&scans_id=110198&peptide_id=22033&scanf=30181&charge=2&value=R.DYAAYNVLDDPELR.Q,GLRX5,3.122e+6,3.561,0.001,3.239,0.000
30184,3,"  4.703","  0.592",20/68,/core/www/modules//sdig/index.php?run_id=110202&search_id=114132&scans_id=110198&peptide_id=22036&scanf=30184&charge=3&value=20/68,sp|Q14669|TRIPC_HUMAN,/core/www/modules//consensus/?run_id=110202&search_id=114132&scans_id=110198&peptide_id=22036&scanf=30184&charge=3&value=sp|Q14669|TRIPC_HUMAN,2,/core/www/modules/match_peptides/blast_html4.php?run_id=110202&search_id=114132&scans_id=110198&peptide_id=22036&scanf=30184&charge=3&value=2,R.LVDNFQHEENLLQQVASK.D,/core/www/modules/show_out/show_out_wrapper.php?run_id=110202&search_id=114132&scans_id=110198&peptide_id=22036&scanf=30184&charge=3&value=R.LVDNFQHEENLLQQVASK.D,TRIP12,1.339e+7,3.566,0.001,3.246,0.000
30186,3,"  2.466","  0.433",13/48,/core/www/modules//sdig/index.php?run_id=110202&search_id=114132&scans_id=110198&peptide_id=22038&scanf=30186&charge=3&value=13/48,sp|P61201|CSN2_HUMAN,/core/www/modules//consensus/?run_id=110202&search_id=114132&scans_id=110198&peptide_id=22038&scanf=30186&charge=3&value=sp|P61201|CSN2_HUMAN,3,/core/www/modules/match_peptides/blast_html4.php?run_id=110202&search_id=114132&scans_id=110198&peptide_id=22038&scanf=30186&charge=3&value=3,K.SAIPHPLIMGVIR.E,/core/www/modules/show_out/show_out_wrapper.php?run_id=110202&search_id=114132&scans_id=110198&peptide_id=22038&scanf=30186&charge=3&value=K.SAIPHPLIMGVIR.E,COPS2,3.709e+6,2.864,0.006,2.208,0.000
30187,2,"  4.056","  0.592",15/24,/core/www/modules//sdig/index.php?run_id=110202&search_id=114132&scans_id=110198&peptide_id=22039&scanf=30187&charge=2&value=15/24,sp|Q96T23|RSF1_HUMAN,/core/www/modules//consensus/?run_id=110202&search_id=114132&scans_id=110198&peptide_id=22039&scanf=30187&charge=2&value=sp|Q96T23|RSF1_HUMAN,2,/core/www/modules/match_peptides/blast_html4.php?run_id=110202&search_id=114132&scans_id=110198&peptide_id=22039&scanf=30187&charge=2&value=2,K.LEEQLQDLDVALK.K,/core/www/modules/show_out/show_out_wrapper.php?run_id=110202&search_id=114132&scans_id=110198&peptide_id=22039&scanf=30187&charge=2&value=K.LEEQLQDLDVALK.K,RSF1,1.656e+7,3.615,0.000,3.319,0.000
30189,3,"  3.455","  0.099",12/68,/core/www/modules//sdig/index.php?run_id=110202&search_id=114132&scans_id=110198&peptide_id=22041&scanf=30189&charge=3&value=12/68,sp|Q9H0S4|DDX47_HUMAN,/core/www/modules//consensus/?run_id=110202&search_id=114132&scans_id=110198&peptide_id=22041&scanf=30189&charge=3&value=sp|Q9H0S4|DDX47_HUMAN,0,/core/www/modules/match_peptides/blast_html4.php?run_id=110202&search_id=114132&scans_id=110198&peptide_id=22041&scanf=30189&charge=3&value=0,K.KLPGFPTQDDEVM*MLTER.V,/core/www/modules/show_out/show_out_wrapper.php?run_id=110202&search_id=114132&scans_id=110198&peptide_id=22041&scanf=30189&charge=3&value=K.KLPGFPTQDDEVM*MLTER.V,DDX47,2.797e+6,2.747,0.009,2.035,0.000
30191,2,"  2.337","  0.353",8/14,/core/www/modules//sdig/index.php?run_id=110202&search_id=114132&scans_id=110198&peptide_id=22044&scanf=30191&charge=2&value=8/14,sp|Q68E01|INT3_HUMAN,/core/www/modules//consensus/?run_id=110202&search_id=114132&scans_id=110198&peptide_id=22044&scanf=30191&charge=2&value=sp|Q68E01|INT3_HUMAN,0,/core/www/modules/match_peptides/blast_html4.php?run_id=110202&search_id=114132&scans_id=110198&peptide_id=22044&scanf=30191&charge=2&value=0,R.TQLVWLVR.E,/core/www/modules/show_out/show_out_wrapper.php?run_id=110202&search_id=114132&scans_id=110198&peptide_id=22044&scanf=30191&charge=2&value=R.TQLVWLVR.E,INTS3,2.137e+6,2.819,0.007,2.141,0.000
30192,2,"  2.857","  0.459",11/26,/core/www/modules//sdig/index.php?run_id=110202&search_id=114132&scans_id=110198&peptide_id=22045&scanf=30192&charge=2&value=11/26,sp|Q659C4|LAR1B_HUMAN,/core/www/modules//consensus/?run_id=110202&search_id=114132&scans_id=110198&peptide_id=22045&scanf=30192&charge=2&value=sp|Q659C4|LAR1B_HUMAN,4,/core/www/modules/match_peptides/blast_html4.php?run_id=110202&search_id=114132&scans_id=110198&peptide_id=22045&scanf=30192&charge=2&value=4,R.LGIGQSQEMNTLFR.F,/core/www/modules/show_out/show_out_wrapper.php?run_id=110202&search_id=114132&scans_id=110198&peptide_id=22045&scanf=30192&charge=2&value=R.LGIGQSQEMNTLFR.F,LARP1B,1.738e+6,2.636,0.013,1.873,0.000
30200,2,"  4.213","  0.707",17/26,/core/www/modules//sdig/index.php?run_id=110202&search_id=114132&scans_id=110198&peptide_id=22053&scanf=30200&charge=2&value=17/26,sp|P19338|NUCL_HUMAN,/core/www/modules//consensus/?run_id=110202&search_id=114132&scans_id=110198&peptide_id=22053&scanf=30200&charge=2&value=sp|P19338|NUCL_HUMAN,10,/core/www/modules/match_peptides/blast_html4.php?run_id=110202&search_id=114132&scans_id=110198&peptide_id=22053&scanf=30200&charge=2&value=10,K.FGYVDFESAEDLEK.A,/core/www/modules/show_out/show_out_wrapper.php?run_id=110202&search_id=114132&scans_id=110198&peptide_id=22053&scanf=30200&charge=2&value=K.FGYVDFESAEDLEK.A,NCL,2.143e+8,4.190,0.000,4.171,0.000
30202,4,"  3.638","  0.615",21/84,/core/www/modules//sdig/index.php?run_id=110202&search_id=114132&scans_id=110198&peptide_id=22055&scanf=30202&charge=4&value=21/84,sp|Q9UG63|ABCF2_HUMAN,/core/www/modules//consensus/?run_id=110202&search_id=114132&scans_id=110198&peptide_id=22055&scanf=30202&charge=4&value=sp|Q9UG63|ABCF2_HUMAN,2,/core/www/modules/match_peptides/blast_html4.php?run_id=110202&search_id=114132&scans_id=110198&peptide_id=22055&scanf=30202&charge=4&value=2,R.EVPIPEHIDIYHLTR.E,/core/www/modules/show_out/show_out_wrapper.php?run_id=110202&search_id=114132&scans_id=110198&peptide_id=22055&scanf=30202&charge=4&value=R.EVPIPEHIDIYHLTR.E,ABCF2,4.391e+6,3.939,0.000,3.800,0.000
30203,2,"  3.742","  0.510",14/26,/core/www/modules//sdig/index.php?run_id=110202&search_id=114132&scans_id=110198&peptide_id=22056&scanf=30203&charge=2&value=14/26,sp|Q9H4L4|SENP3_HUMAN,/core/www/modules//consensus/?run_id=110202&search_id=114132&scans_id=110198&peptide_id=22056&scanf=30203&charge=2&value=sp|Q9H4L4|SENP3_HUMAN,2,/core/www/modules/match_peptides/blast_html4.php?run_id=110202&search_id=114132&scans_id=110198&peptide_id=22056&scanf=30203&charge=2&value=2,K.LEDIFQQEFSTPSR.K,/core/www/modules/show_out/show_out_wrapper.php?run_id=110202&search_id=114132&scans_id=110198&peptide_id=22056&scanf=30203&charge=2&value=K.LEDIFQQEFSTPSR.K,SENP3,5.438e+6,3.155,0.002,2.638,0.000
30204,3,"  2.715","  0.549",16/80,/core/www/modules//sdig/index.php?run_id=110202&search_id=114132&scans_id=110198&peptide_id=22057&scanf=30204&charge=3&value=16/80,sp|O60934|NBN_HUMAN,/core/www/modules//consensus/?run_id=110202&search_id=114132&scans_id=110198&peptide_id=22057&scanf=30204&charge=3&value=sp|O60934|NBN_HUMAN,8,/core/www/modules/match_peptides/blast_html4.php?run_id=110202&search_id=114132&scans_id=110198&peptide_id=22057&scanf=30204&charge=3&value=8,K.KQPPQIESFYPPLDEPSIGSK.N,/core/www/modules/show_out/show_out_wrapper.php?run_id=110202&search_id=114132&scans_id=110198&peptide_id=22057&scanf=30204&charge=3&value=K.KQPPQIESFYPPLDEPSIGSK.N,NBN,4.782e+6,2.621,0.014,1.850,0.000
30205,3,"  3.303","  0.552",14/60,/core/www/modules//sdig/index.php?run_id=110202&search_id=114132&scans_id=110198&peptide_id=22058&scanf=30205&charge=3&value=14/60,sp|P18621|RL17_HUMAN,/core/www/modules//consensus/?run_id=110202&search_id=114132&scans_id=110198&peptide_id=22058&scanf=30205&charge=3&value=sp|P18621|RL17_HUMAN,9,/core/www/modules/match_peptides/blast_html4.php?run_id=110202&search_id=114132&scans_id=110198&peptide_id=22058&scanf=30205&charge=3&value=9,K.GLDVDSLVIEHIQVNK.A,/core/www/modules/show_out/show_out_wrapper.php?run_id=110202&search_id=114132&scans_id=110198&peptide_id=22058&scanf=30205&charge=3&value=K.GLDVDSLVIEHIQVNK.A,RPL17,2.372e+6,3.251,0.002,2.780,0.000
30209,3,"  3.650","  0.430",12/56,/core/www/modules//sdig/index.php?run_id=110202&search_id=114132&scans_id=110198&peptide_id=22062&scanf=30209&charge=3&value=12/56,sp|Q92973|TNPO1_HUMAN,/core/www/modules//consensus/?run_id=110202&search_id=114132&scans_id=110198&peptide_id=22062&scanf=30209&charge=3&value=sp|Q92973|TNPO1_HUMAN,5,/core/www/modules/match_peptides/blast_html4.php?run_id=110202&search_id=114132&scans_id=110198&peptide_id=22062&scanf=30209&charge=3&value=5,K.AHFQNFPNGVTDFIK.S,/core/www/modules/show_out/show_out_wrapper.php?run_id=110202&search_id=114132&scans_id=110198&peptide_id=22062&scanf=30209&charge=3&value=K.AHFQNFPNGVTDFIK.S,TNPO1,3.635e+6,2.717,0.010,1.992,0.000
30211,3,"  3.736","  0.594",18/56,/core/www/modules//sdig/index.php?run_id=110202&search_id=114132&scans_id=110198&peptide_id=22065&scanf=30211&charge=3&value=18/56,sp|P51398|RT29_HUMAN,/core/www/modules//consensus/?run_id=110202&search_id=114132&scans_id=110198&peptide_id=22065&scanf=30211&charge=3&value=sp|P51398|RT29_HUMAN,7,/core/www/modules/match_peptides/blast_html4.php?run_id=110202&search_id=114132&scans_id=110198&peptide_id=22065&scanf=30211&charge=3&value=7,K.SPIAPEELALVHNLR.K,/core/www/modules/show_out/show_out_wrapper.php?run_id=110202&search_id=114132&scans_id=110198&peptide_id=22065&scanf=30211&charge=3&value=K.SPIAPEELALVHNLR.K,DAP3,4.606e+6,3.490,0.001,3.134,0.000
30212,2,"  2.626","  0.566",9/20,/core/www/modules//sdig/index.php?run_id=110202&search_id=114132&scans_id=110198&peptide_id=22066&scanf=30212&charge=2&value=9/20,sp|Q10570|CPSF1_HUMAN,/core/www/modules//consensus/?run_id=110202&search_id=114132&scans_id=110198&peptide_id=22066&scanf=30212&charge=2&value=sp|Q10570|CPSF1_HUMAN,0,/core/www/modules/match_peptides/blast_html4.php?run_id=110202&search_id=114132&scans_id=110198&peptide_id=22066&scanf=30212&charge=2&value=0,R.YIVQVSPLGIR.L,/core/www/modules/show_out/show_out_wrapper.php?run_id=110202&search_id=114132&scans_id=110198&peptide_id=22066&scanf=30212&charge=2&value=R.YIVQVSPLGIR.L,CPSF1,6.253e+6,3.312,0.001,2.870,0.000
30214,2,"  5.477","  0.672",22/32,/core/www/modules//sdig/index.php?run_id=110202&search_id=114132&scans_id=110198&peptide_id=22068&scanf=30214&charge=2&value=22/32,sp|O00425|IF2B3_HUMAN,/core/www/modules//consensus/?run_id=110202&search_id=114132&scans_id=110198&peptide_id=22068&scanf=30214&charge=2&value=sp|O00425|IF2B3_HUMAN,0,/core/www/modules/match_peptides/blast_html4.php?run_id=110202&search_id=114132&scans_id=110198&peptide_id=22068&scanf=30214&charge=2&value=0,K.TVNELQNLSSAEVVVPR.D,/core/www/modules/show_out/show_out_wrapper.php?run_id=110202&search_id=114132&scans_id=110198&peptide_id=22068&scanf=30214&charge=2&value=K.TVNELQNLSSAEVVVPR.D,IGF2BP3,2.825e+6,3.930,0.000,3.786,0.000
30217,3,"  2.795","  0.339",8/56,/core/www/modules//sdig/index.php?run_id=110202&search_id=114132&scans_id=110198&peptide_id=22071&scanf=30217&charge=3&value=8/56,sp|O00410|IPO5_HUMAN,/core/www/modules//consensus/?run_id=110202&search_id=114132&scans_id=110198&peptide_id=22071&scanf=30217&charge=3&value=sp|O00410|IPO5_HUMAN,1,/core/www/modules/match_peptides/blast_html4.php?run_id=110202&search_id=114132&scans_id=110198&peptide_id=22071&scanf=30217&charge=3&value=1,K.IFSIIAEGEMHEAIK.H,/core/www/modules/show_out/show_out_wrapper.php?run_id=110202&search_id=114132&scans_id=110198&peptide_id=22071&scanf=30217&charge=3&value=K.IFSIIAEGEMHEAIK.H,IPO5,1.552e+6,2.261,0.047,1.332,0.002
30220,2,"  3.228","  0.640",13/28,/core/www/modules//sdig/index.php?run_id=110202&search_id=114132&scans_id=110198&peptide_id=22074&scanf=30220&charge=2&value=13/28,sp|O00154|BACH_HUMAN,/core/www/modules//consensus/?run_id=110202&search_id=114132&scans_id=110198&peptide_id=22074&scanf=30220&charge=2&value=sp|O00154|BACH_HUMAN,0,/core/www/modules/match_peptides/blast_html4.php?run_id=110202&search_id=114132&scans_id=110198&peptide_id=22074&scanf=30220&charge=2&value=0,R.SLPVPQLVPETEDEK.K,/core/www/modules/show_out/show_out_wrapper.php?run_id=110202&search_id=114132&scans_id=110198&peptide_id=22074&scanf=30220&charge=2&value=R.SLPVPQLVPETEDEK.K,ACOT7,4.821e+6,3.412,0.001,3.018,0.000
30225,3,"  4.085","  0.171",18/76,/core/www/modules//sdig/index.php?run_id=110202&search_id=114132&scans_id=110198&peptide_id=22079&scanf=30225&charge=3&value=18/76,sp|O75643|U520_HUMAN,/core/www/modules//consensus/?run_id=110202&search_id=114132&scans_id=110198&peptide_id=22079&scanf=30225&charge=3&value=sp|O75643|U520_HUMAN,1,/core/www/modules/match_peptides/blast_html4.php?run_id=110202&search_id=114132&scans_id=110198&peptide_id=22079&scanf=30225&charge=3&value=1,R.MDTDLETMDLDQGGEALAPR.Q,/core/www/modules/show_out/show_out_wrapper.php?run_id=110202&search_id=114132&scans_id=110198&peptide_id=22079&scanf=30225&charge=3&value=R.MDTDLETMDLDQGGEALAPR.Q,SNRNP200,9.113e+6,2.096,0.079,1.102,0.003
30226,2,"  3.611","  0.569",11/28,/core/www/modules//sdig/index.php?run_id=110202&search_id=114132&scans_id=110198&peptide_id=22080&scanf=30226&charge=2&value=11/28,sp|O43251|RFOX2_HUMAN,/core/www/modules//consensus/?run_id=110202&search_id=114132&scans_id=110198&peptide_id=22080&scanf=30226&charge=2&value=sp|O43251|RFOX2_HUMAN,27,/core/www/modules/match_peptides/blast_html4.php?run_id=110202&search_id=114132&scans_id=110198&peptide_id=22080&scanf=30226&charge=2&value=27,K.GFGFVTFENSADADR.A,/core/www/modules/show_out/show_out_wrapper.php?run_id=110202&search_id=114132&scans_id=110198&peptide_id=22080&scanf=30226&charge=2&value=K.GFGFVTFENSADADR.A,RBFOX2,2.427e+6,3.006,0.004,2.418,0.000
30230,3,"  3.478","  0.577",11/52,/core/www/modules//sdig/index.php?run_id=110202&search_id=114132&scans_id=110198&peptide_id=22085&scanf=30230&charge=3&value=11/52,sp|O94906|PRP6_HUMAN,/core/www/modules//consensus/?run_id=110202&search_id=114132&scans_id=110198&peptide_id=22085&scanf=30230&charge=3&value=sp|O94906|PRP6_HUMAN,0,/core/www/modules/match_peptides/blast_html4.php?run_id=110202&search_id=114132&scans_id=110198&peptide_id=22085&scanf=30230&charge=3&value=0,R.AIYAYALQVFPSKK.S,/core/www/modules/show_out/show_out_wrapper.php?run_id=110202&search_id=114132&scans_id=110198&peptide_id=22085&scanf=30230&charge=3&value=R.AIYAYALQVFPSKK.S,PRPF6,9.471e+5,3.135,0.002,2.608,0.000
30231,2,"  5.694","  0.725",24/38,/core/www/modules//sdig/index.php?run_id=110202&search_id=114132&scans_id=110198&peptide_id=22086&scanf=30231&charge=2&value=24/38,sp|Q15149|PLEC_HUMAN,/core/www/modules//consensus/?run_id=110202&search_id=114132&scans_id=110198&peptide_id=22086&scanf=30231&charge=2&value=sp|Q15149|PLEC_HUMAN,5,/core/www/modules/match_peptides/blast_html4.php?run_id=110202&search_id=114132&scans_id=110198&peptide_id=22086&scanf=30231&charge=2&value=5,K.AGVAAPATQVAQVTLQSVQR.R,/core/www/modules/show_out/show_out_wrapper.php?run_id=110202&search_id=114132&scans_id=110198&peptide_id=22086&scanf=30231&charge=2&value=K.AGVAAPATQVAQVTLQSVQR.R,PLEC,2.370e+6,4.421,0.000,4.514,0.000
30237,3,"  6.612","  0.617",17/64,/core/www/modules//sdig/index.php?run_id=110202&search_id=114132&scans_id=110198&peptide_id=22092&scanf=30237&charge=3&value=17/64,sp|P12814|ACTN1_HUMAN,/core/www/modules//consensus/?run_id=110202&search_id=114132&scans_id=110198&peptide_id=22092&scanf=30237&charge=3&value=sp|P12814|ACTN1_HUMAN,12,/core/www/modules/match_peptides/blast_html4.php?run_id=110202&search_id=114132&scans_id=110198&peptide_id=22092&scanf=30237&charge=3&value=12,R.ISIEMHGTLEDQLSHLR.Q,/core/www/modules/show_out/show_out_wrapper.php?run_id=110202&search_id=114132&scans_id=110198&peptide_id=22092&scanf=30237&charge=3&value=R.ISIEMHGTLEDQLSHLR.Q,ACTN1,4.529e+6,3.719,0.000,3.473,0.000
30240,2,"  2.824","  0.411",10/18,/core/www/modules//sdig/index.php?run_id=110202&search_id=114132&scans_id=110198&peptide_id=22095&scanf=30240&charge=2&value=10/18,sp|Q9BXS5|AP1M1_HUMAN,/core/www/modules//consensus/?run_id=110202&search_id=114132&scans_id=110198&peptide_id=22095&scanf=30240&charge=2&value=sp|Q9BXS5|AP1M1_HUMAN,6,/core/www/modules/match_peptides/blast_html4.php?run_id=110202&search_id=114132&scans_id=110198&peptide_id=22095&scanf=30240&charge=2&value=6,R.VFLSGMPELR.L,/core/www/modules/show_out/show_out_wrapper.php?run_id=110202&search_id=114132&scans_id=110198&peptide_id=22095&scanf=30240&charge=2&value=R.VFLSGMPELR.L,AP1M1,6.248e+6,2.916,0.005,2.285,0.000
30241,3,"  3.309","  0.530",16/80,/core/www/modules//sdig/index.php?run_id=110202&search_id=114132&scans_id=110198&peptide_id=22096&scanf=30241&charge=3&value=16/80,sp|O60934|NBN_HUMAN,/core/www/modules//consensus/?run_id=110202&search_id=114132&scans_id=110198&peptide_id=22096&scanf=30241&charge=3&value=sp|O60934|NBN_HUMAN,8,/core/www/modules/match_peptides/blast_html4.php?run_id=110202&search_id=114132&scans_id=110198&peptide_id=22096&scanf=30241&charge=3&value=8,K.KQPPQIESFYPPLDEPSIGSK.N,/core/www/modules/show_out/show_out_wrapper.php?run_id=110202&search_id=114132&scans_id=110198&peptide_id=22096&scanf=30241&charge=3&value=K.KQPPQIESFYPPLDEPSIGSK.N,NBN,4.782e+6,2.473,0.023,1.635,0.001
30242,2,"  2.658","  0.454",9/16,/core/www/modules//sdig/index.php?run_id=110202&search_id=114132&scans_id=110198&peptide_id=22097&scanf=30242&charge=2&value=9/16,sp|P49916|DNLI3_HUMAN,/core/www/modules//consensus/?run_id=110202&search_id=114132&scans_id=110198&peptide_id=22097&scanf=30242&charge=2&value=sp|P49916|DNLI3_HUMAN,3,/core/www/modules/match_peptides/blast_html4.php?run_id=110202&search_id=114132&scans_id=110198&peptide_id=22097&scanf=30242&charge=2&value=3,K.TQIIQDFLR.K,/core/www/modules/show_out/show_out_wrapper.php?run_id=110202&search_id=114132&scans_id=110198&peptide_id=22097&scanf=30242&charge=2&value=K.TQIIQDFLR.K,LIG3,4.250e+6,3.111,0.003,2.572,0.000
30244,3,"  4.728","  0.666",19/76,/core/www/modules//sdig/index.php?run_id=110202&search_id=114132&scans_id=110198&peptide_id=22099&scanf=30244&charge=3&value=19/76,sp|Q8WVV9|HNRLL_HUMAN,/core/www/modules//consensus/?run_id=110202&search_id=114132&scans_id=110198&peptide_id=22099&scanf=30244&charge=3&value=sp|Q8WVV9|HNRLL_HUMAN,4,/core/www/modules/match_peptides/blast_html4.php?run_id=110202&search_id=114132&scans_id=110198&peptide_id=22099&scanf=30244&charge=3&value=4,K.QHSVVPSQIFELEDGTSSYK.D,/core/www/modules/show_out/show_out_wrapper.php?run_id=110202&search_id=114132&scans_id=110198&peptide_id=22099&scanf=30244&charge=3&value=K.QHSVVPSQIFELEDGTSSYK.D,HNRNPLL,4.792e+6,3.551,0.001,3.224,0.000
30246,2,"  2.546","  0.396",12/22,/core/www/modules//sdig/index.php?run_id=110202&search_id=114132&scans_id=110198&peptide_id=22101&scanf=30246&charge=2&value=12/22,sp|P12956|XRCC6_HUMAN,/core/www/modules//consensus/?run_id=110202&search_id=114132&scans_id=110198&peptide_id=22101&scanf=30246&charge=2&value=sp|P12956|XRCC6_HUMAN,1,/core/www/modules/match_peptides/blast_html4.php?run_id=110202&search_id=114132&scans_id=110198&peptide_id=22101&scanf=30246&charge=2&value=1,R.DIISIAEDEDLR.V,/core/www/modules/show_out/show_out_wrapper.php?run_id=110202&search_id=114132&scans_id=110198&peptide_id=22101&scanf=30246&charge=2&value=R.DIISIAEDEDLR.V,XRCC6,4.737e+7,2.912,0.005,2.277,0.000
30247,2,"  5.059","  0.778",23/32,/core/www/modules//sdig/index.php?run_id=110202&search_id=114132&scans_id=110198&peptide_id=22102&scanf=30247&charge=2&value=23/32,sp|Q9NYF8|BCLF1_HUMAN,/core/www/modules//consensus/?run_id=110202&search_id=114132&scans_id=110198&peptide_id=22102&scanf=30247&charge=2&value=sp|Q9NYF8|BCLF1_HUMAN,5,/core/www/modules/match_peptides/blast_html4.php?run_id=110202&search_id=114132&scans_id=110198&peptide_id=22102&scanf=30247&charge=2&value=5,R.AEGEWEDQEALDYFSDK.E,/core/www/modules/show_out/show_out_wrapper.php?run_id=110202&search_id=114132&scans_id=110198&peptide_id=22102&scanf=30247&charge=2&value=R.AEGEWEDQEALDYFSDK.E,BCLAF1,2.174e+6,4.281,0.000,4.306,0.000
30248,2,"  2.789","  0.382",9/16,/core/www/modules//sdig/index.php?run_id=110202&search_id=114132&scans_id=110198&peptide_id=22103&scanf=30248&charge=2&value=9/16,sp|Q9Y4A5|TRRAP_HUMAN,/core/www/modules//consensus/?run_id=110202&search_id=114132&scans_id=110198&peptide_id=22103&scanf=30248&charge=2&value=sp|Q9Y4A5|TRRAP_HUMAN,2,/core/www/modules/match_peptides/blast_html4.php?run_id=110202&search_id=114132&scans_id=110198&peptide_id=22103&scanf=30248&charge=2&value=2,R.AELMQALWR.T,/core/www/modules/show_out/show_out_wrapper.php?run_id=110202&search_id=114132&scans_id=110198&peptide_id=22103&scanf=30248&charge=2&value=R.AELMQALWR.T,TRRAP,2.496e+6,2.720,0.010,1.996,0.000
30249,2,"  5.566","  0.800",24/36,/core/www/modules//sdig/index.php?run_id=110202&search_id=114132&scans_id=110198&peptide_id=22104&scanf=30249&charge=2&value=24/36,sp|Q13838|DX39B_HUMAN,/core/www/modules//consensus/?run_id=110202&search_id=114132&scans_id=110198&peptide_id=22104&scanf=30249&charge=2&value=sp|Q13838|DX39B_HUMAN,4,/core/www/modules/match_peptides/blast_html4.php?run_id=110202&search_id=114132&scans_id=110198&peptide_id=22104&scanf=30249&charge=2&value=4,R.VNIAFNYDMPEDSDTYLHR.V,/core/www/modules/show_out/show_out_wrapper.php?run_id=110202&search_id=114132&scans_id=110198&peptide_id=22104&scanf=30249&charge=2&value=R.VNIAFNYDMPEDSDTYLHR.V,DDX39B,6.354e+6,4.274,0.000,4.295,0.000
30251,3,"  1.903","  0.256",9/56,/core/www/modules//sdig/index.php?run_id=110202&search_id=114132&scans_id=110198&peptide_id=22107&scanf=30251&charge=3&value=9/56,sp|P22626|ROA2_HUMAN,/core/www/modules//consensus/?run_id=110202&search_id=114132&scans_id=110198&peptide_id=22107&scanf=30251&charge=3&value=sp|P22626|ROA2_HUMAN,9,/core/www/modules/match_peptides/blast_html4.php?run_id=110202&search_id=114132&scans_id=110198&peptide_id=22107&scanf=30251&charge=3&value=9,R.GFGFVTFDDHDPVDK.I,/core/www/modules/show_out/show_out_wrapper.php?run_id=110202&search_id=114132&scans_id=110198&peptide_id=22107&scanf=30251&charge=3&value=R.GFGFVTFDDHDPVDK.I,HNRNPA2B1,3.464e+8,2.185,0.060,1.224,0.002
30254,3,"  3.109","  0.500",15/48,/core/www/modules//sdig/index.php?run_id=110202&search_id=114132&scans_id=110198&peptide_id=22110&scanf=30254&charge=3&value=15/48,sp|P19784|CSK22_HUMAN,/core/www/modules//consensus/?run_id=110202&search_id=114132&scans_id=110198&peptide_id=22110&scanf=30254&charge=3&value=sp|P19784|CSK22_HUMAN,2,/core/www/modules/match_peptides/blast_html4.php?run_id=110202&search_id=114132&scans_id=110198&peptide_id=22110&scanf=30254&charge=3&value=2,R.HLVSPEALDLLDK.L,/core/www/modules/show_out/show_out_wrapper.php?run_id=110202&search_id=114132&scans_id=110198&peptide_id=22110&scanf=30254&charge=3&value=R.HLVSPEALDLLDK.L,CSNK2A2,2.034e+6,3.216,0.002,2.727,0.000
30257,2,"  1.657","  0.418",6/20,/core/www/modules//sdig/index.php?run_id=110202&search_id=114132&scans_id=110198&peptide_id=22113&scanf=30257&charge=2&value=6/20,sp|Q6DKI1|RL7L_HUMAN,/core/www/modules//consensus/?run_id=110202&search_id=114132&scans_id=110198&peptide_id=22113&scanf=30257&charge=2&value=sp|Q6DKI1|RL7L_HUMAN,0,/core/www/modules/match_peptides/blast_html4.php?run_id=110202&search_id=114132&scans_id=110198&peptide_id=22113&scanf=30257&charge=2&value=0,R.KIPLVPENLLK.K,/core/www/modules/show_out/show_out_wrapper.php?run_id=110202&search_id=114132&scans_id=110198&peptide_id=22113&scanf=30257&charge=2&value=R.KIPLVPENLLK.K,RPL7L1,5.296e+6,2.186,0.059,1.226,0.002
30258,2,"  1.947","  0.000",10/14,/core/www/modules//sdig/index.php?run_id=110202&search_id=114132&scans_id=110198&peptide_id=22114&scanf=30258&charge=2&value=10/14,sp|Q13315|ATM_HUMAN,/core/www/modules//consensus/?run_id=110202&search_id=114132&scans_id=110198&peptide_id=22114&scanf=30258&charge=2&value=sp|Q13315|ATM_HUMAN,3,/core/www/modules/match_peptides/blast_html4.php?run_id=110202&search_id=114132&scans_id=110198&peptide_id=22114&scanf=30258&charge=2&value=3,K.SILEILSK.S,/core/www/modules/show_out/show_out_wrapper.php?run_id=110202&search_id=114132&scans_id=110198&peptide_id=22114&scanf=30258&charge=2&value=K.SILEILSK.S,ATM,3.594e+6,2.589,0.016,1.803,0.000
30262,3,"  2.059","  0.405",9/84,/core/www/modules//sdig/index.php?run_id=110202&search_id=114132&scans_id=110198&peptide_id=22118&scanf=30262&charge=3&value=9/84,sp|Q562R1|ACTBL_HUMAN,/core/www/modules//consensus/?run_id=110202&search_id=114132&scans_id=110198&peptide_id=22118&scanf=30262&charge=3&value=sp|Q562R1|ACTBL_HUMAN,0,/core/www/modules/match_peptides/blast_html4.php?run_id=110202&search_id=114132&scans_id=110198&peptide_id=22118&scanf=30262&charge=3&value=0,R.KDLYANTVLSGGSTM*YPGIADR.M,/core/www/modules/show_out/show_out_wrapper.php?run_id=110202&search_id=114132&scans_id=110198&peptide_id=22118&scanf=30262&charge=3&value=R.KDLYANTVLSGGSTM*YPGIADR.M,ACTBL2,3.495e+7,1.919,0.136,0.867,0.007
30266,2,"  2.220","  0.531",10/24,/core/www/modules//sdig/index.php?run_id=110202&search_id=114132&scans_id=110198&peptide_id=22122&scanf=30266&charge=2&value=10/24,sp|P08670|VIME_HUMAN,/core/www/modules//consensus/?run_id=110202&search_id=114132&scans_id=110198&peptide_id=22122&scanf=30266&charge=2&value=sp|P08670|VIME_HUMAN,2,/core/www/modules/match_peptides/blast_html4.php?run_id=110202&search_id=114132&scans_id=110198&peptide_id=22122&scanf=30266&charge=2&value=2,R.KVESLQEEIAFLK.K,/core/www/modules/show_out/show_out_wrapper.php?run_id=110202&search_id=114132&scans_id=110198&peptide_id=22122&scanf=30266&charge=2&value=R.KVESLQEEIAFLK.K,VIM,5.283e+8,3.124,0.003,2.592,0.000
30267,3,"  2.897","  0.177",7/56,/core/www/modules//sdig/index.php?run_id=110202&search_id=114132&scans_id=110198&peptide_id=22123&scanf=30267&charge=3&value=7/56,sp|P78527|PRKDC_HUMAN,/core/www/modules//consensus/?run_id=110202&search_id=114132&scans_id=110198&peptide_id=22123&scanf=30267&charge=3&value=sp|P78527|PRKDC_HUMAN,0,/core/www/modules/match_peptides/blast_html4.php?run_id=110202&search_id=114132&scans_id=110198&peptide_id=22123&scanf=30267&charge=3&value=0,R.EQQHVMEELFQSSFR.R,/core/www/modules/show_out/show_out_wrapper.php?run_id=110202&search_id=114132&scans_id=110198&peptide_id=22123&scanf=30267&charge=3&value=R.EQQHVMEELFQSSFR.R,PRKDC,3.358e+7,2.619,0.014,1.848,0.000
30268,3,"  3.071","  0.278",9/56,/core/www/modules//sdig/index.php?run_id=110202&search_id=114132&scans_id=110198&peptide_id=22124&scanf=30268&charge=3&value=9/56,sp|P61599|NAA20_HUMAN,/core/www/modules//consensus/?run_id=110202&search_id=114132&scans_id=110198&peptide_id=22124&scanf=30268&charge=3&value=sp|P61599|NAA20_HUMAN,1,/core/www/modules/match_peptides/blast_html4.php?run_id=110202&search_id=114132&scans_id=110198&peptide_id=22124&scanf=30268&charge=3&value=1,K.SIIPLPHPVRPEDIE.-,/core/www/modules/show_out/show_out_wrapper.php?run_id=110202&search_id=114132&scans_id=110198&peptide_id=22124&scanf=30268&charge=3&value=K.SIIPLPHPVRPEDIE.-,NAA20,4.494e+6,2.201,0.057,1.246,0.002
30270,2,"  3.515","  0.521",12/30,/core/www/modules//sdig/index.php?run_id=110202&search_id=114132&scans_id=110198&peptide_id=22127&scanf=30270&charge=2&value=12/30,sp|Q15149|PLEC_HUMAN,/core/www/modules//consensus/?run_id=110202&search_id=114132&scans_id=110198&peptide_id=22127&scanf=30270&charge=2&value=sp|Q15149|PLEC_HUMAN,5,/core/www/modules/match_peptides/blast_html4.php?run_id=110202&search_id=114132&scans_id=110198&peptide_id=22127&scanf=30270&charge=2&value=5,K.VQSGSESVIQEYVDLR.T,/core/www/modules/show_out/show_out_wrapper.php?run_id=110202&search_id=114132&scans_id=110198&peptide_id=22127&scanf=30270&charge=2&value=K.VQSGSESVIQEYVDLR.T,PLEC,2.179e+6,3.380,0.001,2.970,0.000
30276,3,"  6.664","  0.592",21/100,/core/www/modules//sdig/index.php?run_id=110202&search_id=114132&scans_id=110198&peptide_id=22133&scanf=30276&charge=3&value=21/100,sp|O43390|HNRPR_HUMAN,/core/www/modules//consensus/?run_id=110202&search_id=114132&scans_id=110198&peptide_id=22133&scanf=30276&charge=3&value=sp|O43390|HNRPR_HUMAN,1,/core/www/modules/match_peptides/blast_html4.php?run_id=110202&search_id=114132&scans_id=110198&peptide_id=22133&scanf=30276&charge=3&value=1,R.KYGGPPPDSVYSGVQPGIGTEVFVGK.I,/core/www/modules/show_out/show_out_wrapper.php?run_id=110202&search_id=114132&scans_id=110198&peptide_id=22133&scanf=30276&charge=3&value=R.KYGGPPPDSVYSGVQPGIGTEVFVGK.I,HNRNPR,1.594e+7,2.916,0.005,2.284,0.000
30278,2,"  3.179","  0.489",10/20,/core/www/modules//sdig/index.php?run_id=110202&search_id=114132&scans_id=110198&peptide_id=22135&scanf=30278&charge=2&value=10/20,sp|P59998|ARPC4_HUMAN,/core/www/modules//consensus/?run_id=110202&search_id=114132&scans_id=110198&peptide_id=22135&scanf=30278&charge=2&value=sp|P59998|ARPC4_HUMAN,4,/core/www/modules/match_peptides/blast_html4.php?run_id=110202&search_id=114132&scans_id=110198&peptide_id=22135&scanf=30278&charge=2&value=4,K.ELLLQPVTISR.N,/core/www/modules/show_out/show_out_wrapper.php?run_id=110202&search_id=114132&scans_id=110198&peptide_id=22135&scanf=30278&charge=2&value=K.ELLLQPVTISR.N,ARPC4,8.870e+6,3.062,0.003,2.499,0.000
30284,2,"  4.244","  0.692",19/30,/core/www/modules//sdig/index.php?run_id=110202&search_id=114132&scans_id=110198&peptide_id=22141&scanf=30284&charge=2&value=19/30,sp|O75390|CISY_HUMAN,/core/www/modules//consensus/?run_id=110202&search_id=114132&scans_id=110198&peptide_id=22141&scanf=30284&charge=2&value=sp|O75390|CISY_HUMAN,13,/core/www/modules/match_peptides/blast_html4.php?run_id=110202&search_id=114132&scans_id=110198&peptide_id=22141&scanf=30284&charge=2&value=13,K.GLVYETSVLDPDEGIR.F,/core/www/modules/show_out/show_out_wrapper.php?run_id=110202&search_id=114132&scans_id=110198&peptide_id=22141&scanf=30284&charge=2&value=K.GLVYETSVLDPDEGIR.F,CS,9.901e+6,3.848,0.000,3.664,0.000
30287,3,"  4.056","  0.624",14/52,/core/www/modules//sdig/index.php?run_id=110202&search_id=114132&scans_id=110198&peptide_id=22144&scanf=30287&charge=3&value=14/52,sp|P13693|TCTP_HUMAN,/core/www/modules//consensus/?run_id=110202&search_id=114132&scans_id=110198&peptide_id=22144&scanf=30287&charge=3&value=sp|P13693|TCTP_HUMAN,2,/core/www/modules/match_peptides/blast_html4.php?run_id=110202&search_id=114132&scans_id=110198&peptide_id=22144&scanf=30287&charge=3&value=2,R.DLISHDEMFSDIYK.I,/core/www/modules/show_out/show_out_wrapper.php?run_id=110202&search_id=114132&scans_id=110198&peptide_id=22144&scanf=30287&charge=3&value=R.DLISHDEMFSDIYK.I,TPT1,1.300e+7,3.588,0.001,3.278,0.000
30288,3,"  5.726","  0.627",22/84,/core/www/modules//sdig/index.php?run_id=110202&search_id=114132&scans_id=110198&peptide_id=22145&scanf=30288&charge=3&value=22/84,sp|Q9UNQ2|DIM1_HUMAN,/core/www/modules//consensus/?run_id=110202&search_id=114132&scans_id=110198&peptide_id=22145&scanf=30288&charge=3&value=sp|Q9UNQ2|DIM1_HUMAN,7,/core/www/modules/match_peptides/blast_html4.php?run_id=110202&search_id=114132&scans_id=110198&peptide_id=22145&scanf=30288&charge=3&value=7,K.AALRPTDVVLEVGPGTGNMTVK.L,/core/www/modules/show_out/show_out_wrapper.php?run_id=110202&search_id=114132&scans_id=110198&peptide_id=22145&scanf=30288&charge=3&value=K.AALRPTDVVLEVGPGTGNMTVK.L,DIMT1,4.477e+6,3.432,0.001,3.047,0.000
30290,3,"  5.890","  0.626",18/60,/core/www/modules//sdig/index.php?run_id=110202&search_id=114132&scans_id=110198&peptide_id=22148&scanf=30290&charge=3&value=18/60,sp|P35580|MYH10_HUMAN,/core/www/modules//consensus/?run_id=110202&search_id=114132&scans_id=110198&peptide_id=22148&scanf=30290&charge=3&value=sp|P35580|MYH10_HUMAN,1,/core/www/modules/match_peptides/blast_html4.php?run_id=110202&search_id=114132&scans_id=110198&peptide_id=22148&scanf=30290&charge=3&value=1,R.HATALEELSEQLEQAK.R,/core/www/modules/show_out/show_out_wrapper.php?run_id=110202&search_id=114132&scans_id=110198&peptide_id=22148&scanf=30290&charge=3&value=R.HATALEELSEQLEQAK.R,MYH10,3.818e+6,3.776,0.000,3.557,0.000
30291,3,"  2.984","  0.309",11/48,/core/www/modules//sdig/index.php?run_id=110202&search_id=114132&scans_id=110198&peptide_id=22149&scanf=30291&charge=3&value=11/48,sp|P62906|RL10A_HUMAN,/core/www/modules//consensus/?run_id=110202&search_id=114132&scans_id=110198&peptide_id=22149&scanf=30291&charge=3&value=sp|P62906|RL10A_HUMAN,0,/core/www/modules/match_peptides/blast_html4.php?run_id=110202&search_id=114132&scans_id=110198&peptide_id=22149&scanf=30291&charge=3&value=0,K.AVDIPHMDIEALK.K,/core/www/modules/show_out/show_out_wrapper.php?run_id=110202&search_id=114132&scans_id=110198&peptide_id=22149&scanf=30291&charge=3&value=K.AVDIPHMDIEALK.K,RPL10A,1.739e+8,2.450,0.025,1.602,0.001
30292,2,"  3.025","  0.533",12/22,/core/www/modules//sdig/index.php?run_id=110202&search_id=114132&scans_id=110198&peptide_id=22150&scanf=30292&charge=2&value=12/22,sp|P46060|RAGP1_HUMAN,/core/www/modules//consensus/?run_id=110202&search_id=114132&scans_id=110198&peptide_id=22150&scanf=30292&charge=2&value=sp|P46060|RAGP1_HUMAN,2,/core/www/modules/match_peptides/blast_html4.php?run_id=110202&search_id=114132&scans_id=110198&peptide_id=22150&scanf=30292&charge=2&value=2,K.EIEDFDSLEALR.L,/core/www/modules/show_out/show_out_wrapper.php?run_id=110202&search_id=114132&scans_id=110198&peptide_id=22150&scanf=30292&charge=2&value=K.EIEDFDSLEALR.L,RANGAP1,6.148e+6,3.157,0.002,2.640,0.000
30295,2,"  2.607","  0.512",11/16,/core/www/modules//sdig/index.php?run_id=110202&search_id=114132&scans_id=110198&peptide_id=22153&scanf=30295&charge=2&value=11/16,sp|P48444|COPD_HUMAN,/core/www/modules//consensus/?run_id=110202&search_id=114132&scans_id=110198&peptide_id=22153&scanf=30295&charge=2&value=sp|P48444|COPD_HUMAN,1,/core/www/modules/match_peptides/blast_html4.php?run_id=110202&search_id=114132&scans_id=110198&peptide_id=22153&scanf=30295&charge=2&value=1,K.LYMVLITTK.N,/core/www/modules/show_out/show_out_wrapper.php?run_id=110202&search_id=114132&scans_id=110198&peptide_id=22153&scanf=30295&charge=2&value=K.LYMVLITTK.N,ARCN1,2.296e+6,3.429,0.001,3.043,0.000
30299,2,"  2.582","  0.349",12/20,/core/www/modules//sdig/index.php?run_id=110202&search_id=114132&scans_id=110198&peptide_id=22157&scanf=30299&charge=2&value=12/20,sp|P40616|ARL1_HUMAN,/core/www/modules//consensus/?run_id=110202&search_id=114132&scans_id=110198&peptide_id=22157&scanf=30299&charge=2&value=sp|P40616|ARL1_HUMAN,3,/core/www/modules/match_peptides/blast_html4.php?run_id=110202&search_id=114132&scans_id=110198&peptide_id=22157&scanf=30299&charge=2&value=3,R.ILILGLDGAGK.T,/core/www/modules/show_out/show_out_wrapper.php?run_id=110202&search_id=114132&scans_id=110198&peptide_id=22157&scanf=30299&charge=2&value=R.ILILGLDGAGK.T,ARL1,1.954e+7,2.737,0.010,2.021,0.000
30300,3,"  2.114","  0.372",12/52,/core/www/modules//sdig/index.php?run_id=110202&search_id=114132&scans_id=110198&peptide_id=22158&scanf=30300&charge=3&value=12/52,sp|Q96RP9|EFGM_HUMAN,/core/www/modules//consensus/?run_id=110202&search_id=114132&scans_id=110198&peptide_id=22158&scanf=30300&charge=3&value=sp|Q96RP9|EFGM_HUMAN,1,/core/www/modules/match_peptides/blast_html4.php?run_id=110202&search_id=114132&scans_id=110198&peptide_id=22158&scanf=30300&charge=3&value=1,R.ETITAPVPFDFTHK.K,/core/www/modules/show_out/show_out_wrapper.php?run_id=110202&search_id=114132&scans_id=110198&peptide_id=22158&scanf=30300&charge=3&value=R.ETITAPVPFDFTHK.K,GFM1,6.395e+6,2.605,0.015,1.828,0.000
30301,3,"  2.543","  0.322",9/48,/core/www/modules//sdig/index.php?run_id=110202&search_id=114132&scans_id=110198&peptide_id=22159&scanf=30301&charge=3&value=9/48,sp|Q92499|DDX1_HUMAN,/core/www/modules//consensus/?run_id=110202&search_id=114132&scans_id=110198&peptide_id=22159&scanf=30301&charge=3&value=sp|Q92499|DDX1_HUMAN,9,/core/www/modules/match_peptides/blast_html4.php?run_id=110202&search_id=114132&scans_id=110198&peptide_id=22159&scanf=30301&charge=3&value=9,K.FNFGEEEFKFPPK.D,/core/www/modules/show_out/show_out_wrapper.php?run_id=110202&search_id=114132&scans_id=110198&peptide_id=22159&scanf=30301&charge=3&value=K.FNFGEEEFKFPPK.D,DDX1,2.433e+6,2.083,0.083,1.083,0.003
30308,2,"  1.771","  0.210",9/14,/core/www/modules//sdig/index.php?run_id=110202&search_id=114132&scans_id=110198&peptide_id=22165&scanf=30308&charge=2&value=9/14,sp|P13473|LAMP2_HUMAN,/core/www/modules//consensus/?run_id=110202&search_id=114132&scans_id=110198&peptide_id=22165&scanf=30308&charge=2&value=sp|P13473|LAMP2_HUMAN,0,/core/www/modules/match_peptides/blast_html4.php?run_id=110202&search_id=114132&scans_id=110198&peptide_id=22165&scanf=30308&charge=2&value=0,R.IPLNDLFR.C,/core/www/modules/show_out/show_out_wrapper.php?run_id=110202&search_id=114132&scans_id=110198&peptide_id=22165&scanf=30308&charge=2&value=R.IPLNDLFR.C,LAMP2,3.506e+6,2.377,0.032,1.497,0.001
30309,2,"  3.412","  0.519",12/24,/core/www/modules//sdig/index.php?run_id=110202&search_id=114132&scans_id=110198&peptide_id=22166&scanf=30309&charge=2&value=12/24,sp|O14646|CHD1_HUMAN,/core/www/modules//consensus/?run_id=110202&search_id=114132&scans_id=110198&peptide_id=22166&scanf=30309&charge=2&value=sp|O14646|CHD1_HUMAN,5,/core/www/modules/match_peptides/blast_html4.php?run_id=110202&search_id=114132&scans_id=110198&peptide_id=22166&scanf=30309&charge=2&value=5,R.LLITGTPLQNSLK.E,/core/www/modules/show_out/show_out_wrapper.php?run_id=110202&search_id=114132&scans_id=110198&peptide_id=22166&scanf=30309&charge=2&value=R.LLITGTPLQNSLK.E,CHD1,1.947e+7,3.021,0.004,2.439,0.000
30312,2,"  2.340","  0.197",11/12,/core/www/modules//sdig/index.php?run_id=110202&search_id=114132&scans_id=110198&peptide_id=22170&scanf=30312&charge=2&value=11/12,sp|P04908|H2A1B_HUMAN,/core/www/modules//consensus/?run_id=110202&search_id=114132&scans_id=110198&peptide_id=22170&scanf=30312&charge=2&value=sp|P04908|H2A1B_HUMAN,20,/core/www/modules/match_peptides/blast_html4.php?run_id=110202&search_id=114132&scans_id=110198&peptide_id=22170&scanf=30312&charge=2&value=20,R.HLQLAIR.N,/core/www/modules/show_out/show_out_wrapper.php?run_id=110202&search_id=114132&scans_id=110198&peptide_id=22170&scanf=30312&charge=2&value=R.HLQLAIR.N,H2AC8,4.853e+6,3.024,0.004,2.443,0.000
30313,2,"  4.757","  0.620",19/26,/core/www/modules//sdig/index.php?run_id=110202&search_id=114132&scans_id=110198&peptide_id=22171&scanf=30313&charge=2&value=19/26,sp|P13693|TCTP_HUMAN,/core/www/modules//consensus/?run_id=110202&search_id=114132&scans_id=110198&peptide_id=22171&scanf=30313&charge=2&value=sp|P13693|TCTP_HUMAN,2,/core/www/modules/match_peptides/blast_html4.php?run_id=110202&search_id=114132&scans_id=110198&peptide_id=22171&scanf=30313&charge=2&value=2,R.DLISHDEMFSDIYK.I,/core/www/modules/show_out/show_out_wrapper.php?run_id=110202&search_id=114132&scans_id=110198&peptide_id=22171&scanf=30313&charge=2&value=R.DLISHDEMFSDIYK.I,TPT1,4.672e+6,3.667,0.000,3.396,0.000
30314,3,"  2.618","  0.397",15/68,/core/www/modules//sdig/index.php?run_id=110202&search_id=114132&scans_id=110198&peptide_id=22172&scanf=30314&charge=3&value=15/68,sp|Q9Y314|NOSIP_HUMAN,/core/www/modules//consensus/?run_id=110202&search_id=114132&scans_id=110198&peptide_id=22172&scanf=30314&charge=3&value=sp|Q9Y314|NOSIP_HUMAN,2,/core/www/modules/match_peptides/blast_html4.php?run_id=110202&search_id=114132&scans_id=110198&peptide_id=22172&scanf=30314&charge=3&value=2,R.MSDLTPVHFTPLDSSVDR.V,/core/www/modules/show_out/show_out_wrapper.php?run_id=110202&search_id=114132&scans_id=110198&peptide_id=22172&scanf=30314&charge=3&value=R.MSDLTPVHFTPLDSSVDR.V,NOSIP,1.476e+6,2.515,0.020,1.695,0.000
30315,2,"  2.173","  0.102",9/16,/core/www/modules//sdig/index.php?run_id=110202&search_id=114132&scans_id=110198&peptide_id=22173&scanf=30315&charge=2&value=9/16,sp|Q96P11|NSUN5_HUMAN,/core/www/modules//consensus/?run_id=110202&search_id=114132&scans_id=110198&peptide_id=22173&scanf=30315&charge=2&value=sp|Q96P11|NSUN5_HUMAN,0,/core/www/modules/match_peptides/blast_html4.php?run_id=110202&search_id=114132&scans_id=110198&peptide_id=22173&scanf=30315&charge=2&value=0,K.IFAFDLDAK.R,/core/www/modules/show_out/show_out_wrapper.php?run_id=110202&search_id=114132&scans_id=110198&peptide_id=22173&scanf=30315&charge=2&value=K.IFAFDLDAK.R,NSUN5,5.098e+6,1.893,0.147,0.834,0.007
30321,3,"  2.224","  0.157",11/48,/core/www/modules//sdig/index.php?run_id=110202&search_id=114132&scans_id=110198&peptide_id=22180&scanf=30321&charge=3&value=11/48,sp|Q96T23|RSF1_HUMAN,/core/www/modules//consensus/?run_id=110202&search_id=114132&scans_id=110198&peptide_id=22180&scanf=30321&charge=3&value=sp|Q96T23|RSF1_HUMAN,2,/core/www/modules/match_peptides/blast_html4.php?run_id=110202&search_id=114132&scans_id=110198&peptide_id=22180&scanf=30321&charge=3&value=2,K.LEEQLQDLDVALK.K,/core/www/modules/show_out/show_out_wrapper.php?run_id=110202&search_id=114132&scans_id=110198&peptide_id=22180&scanf=30321&charge=3&value=K.LEEQLQDLDVALK.K,RSF1,2.133e+6,1.992,0.109,0.961,0.005
30325,2,"  2.791","  0.441",10/18,/core/www/modules//sdig/index.php?run_id=110202&search_id=114132&scans_id=110198&peptide_id=22183&scanf=30325&charge=2&value=10/18,sp|P52701|MSH6_HUMAN,/core/www/modules//consensus/?run_id=110202&search_id=114132&scans_id=110198&peptide_id=22183&scanf=30325&charge=2&value=sp|P52701|MSH6_HUMAN,3,/core/www/modules/match_peptides/blast_html4.php?run_id=110202&search_id=114132&scans_id=110198&peptide_id=22183&scanf=30325&charge=2&value=3,R.FPDLTVELNR.W,/core/www/modules/show_out/show_out_wrapper.php?run_id=110202&search_id=114132&scans_id=110198&peptide_id=22183&scanf=30325&charge=2&value=R.FPDLTVELNR.W,MSH6,1.152e+7,3.036,0.003,2.461,0.000
30326,3,"  2.275","  0.200",12/44,/core/www/modules//sdig/index.php?run_id=110202&search_id=114132&scans_id=110198&peptide_id=22184&scanf=30326&charge=3&value=12/44,sp|O60264|SMCA5_HUMAN,/core/www/modules//consensus/?run_id=110202&search_id=114132&scans_id=110198&peptide_id=22184&scanf=30326&charge=3&value=sp|O60264|SMCA5_HUMAN,0,/core/www/modules/match_peptides/blast_html4.php?run_id=110202&search_id=114132&scans_id=110198&peptide_id=22184&scanf=30326&charge=3&value=0,K.IAFTEWIEPPKR.E,/core/www/modules/show_out/show_out_wrapper.php?run_id=110202&search_id=114132&scans_id=110198&peptide_id=22184&scanf=30326&charge=3&value=K.IAFTEWIEPPKR.E,SMARCA5,4.106e+7,2.004,0.105,0.978,0.005
30328,2,"  4.167","  0.666",17/30,/core/www/modules//sdig/index.php?run_id=110202&search_id=114132&scans_id=110198&peptide_id=22186&scanf=30328&charge=2&value=17/30,sp|P09382|LEG1_HUMAN,/core/www/modules//consensus/?run_id=110202&search_id=114132&scans_id=110198&peptide_id=22186&scanf=30328&charge=2&value=sp|P09382|LEG1_HUMAN,0,/core/www/modules/match_peptides/blast_html4.php?run_id=110202&search_id=114132&scans_id=110198&peptide_id=22186&scanf=30328&charge=2&value=0,R.LNLEAINYM*AADGDFK.I,/core/www/modules/show_out/show_out_wrapper.php?run_id=110202&search_id=114132&scans_id=110198&peptide_id=22186&scanf=30328&charge=2&value=R.LNLEAINYM*AADGDFK.I,LGALS1,3.654e+6,3.536,0.001,3.201,0.000
30330,3,"  2.932","  0.397",10/88,/core/www/modules//sdig/index.php?run_id=110202&search_id=114132&scans_id=110198&peptide_id=22189&scanf=30330&charge=3&value=10/88,sp|Q13435|SF3B2_HUMAN,/core/www/modules//consensus/?run_id=110202&search_id=114132&scans_id=110198&peptide_id=22189&scanf=30330&charge=3&value=sp|Q13435|SF3B2_HUMAN,2,/core/www/modules/match_peptides/blast_html4.php?run_id=110202&search_id=114132&scans_id=110198&peptide_id=22189&scanf=30330&charge=3&value=2,R.TATVGGAMMGSTHIYDMSTVMSR.K,/core/www/modules/show_out/show_out_wrapper.php?run_id=110202&search_id=114132&scans_id=110198&peptide_id=22189&scanf=30330&charge=3&value=R.TATVGGAMMGSTHIYDMSTVMSR.K,SF3B2,3.242e+6,2.187,0.059,1.227,0.002
30332,2,"  5.485","  0.604",21/26,/core/www/modules//sdig/index.php?run_id=110202&search_id=114132&scans_id=110198&peptide_id=22191&scanf=30332&charge=2&value=21/26,sp|P13693|TCTP_HUMAN,/core/www/modules//consensus/?run_id=110202&search_id=114132&scans_id=110198&peptide_id=22191&scanf=30332&charge=2&value=sp|P13693|TCTP_HUMAN,2,/core/www/modules/match_peptides/blast_html4.php?run_id=110202&search_id=114132&scans_id=110198&peptide_id=22191&scanf=30332&charge=2&value=2,R.DLISHDEMFSDIYK.I,/core/www/modules/show_out/show_out_wrapper.php?run_id=110202&search_id=114132&scans_id=110198&peptide_id=22191&scanf=30332&charge=2&value=R.DLISHDEMFSDIYK.I,TPT1,4.672e+6,3.923,0.000,3.775,0.000
30334,3,"  2.317","  0.324",7/52,/core/www/modules//sdig/index.php?run_id=110202&search_id=114132&scans_id=110198&peptide_id=22193&scanf=30334&charge=3&value=7/52,sp|Q9Y305|ACOT9_HUMAN,/core/www/modules//consensus/?run_id=110202&search_id=114132&scans_id=110198&peptide_id=22193&scanf=30334&charge=3&value=sp|Q9Y305|ACOT9_HUMAN,1,/core/www/modules/match_peptides/blast_html4.php?run_id=110202&search_id=114132&scans_id=110198&peptide_id=22193&scanf=30334&charge=3&value=1,R.TTIHEMFLSTLDPK.T,/core/www/modules/show_out/show_out_wrapper.php?run_id=110202&search_id=114132&scans_id=110198&peptide_id=22193&scanf=30334&charge=3&value=R.TTIHEMFLSTLDPK.T,ACOT9,2.469e+6,2.298,0.041,1.383,0.001
30335,3,"  3.873","  0.558",15/56,/core/www/modules//sdig/index.php?run_id=110202&search_id=114132&scans_id=110198&peptide_id=22194&scanf=30335&charge=3&value=15/56,sp|Q15149|PLEC_HUMAN,/core/www/modules//consensus/?run_id=110202&search_id=114132&scans_id=110198&peptide_id=22194&scanf=30335&charge=3&value=sp|Q15149|PLEC_HUMAN,5,/core/www/modules/match_peptides/blast_html4.php?run_id=110202&search_id=114132&scans_id=110198&peptide_id=22194&scanf=30335&charge=3&value=5,K.VLALPEPSPAAPTLR.S,/core/www/modules/show_out/show_out_wrapper.php?run_id=110202&search_id=114132&scans_id=110198&peptide_id=22194&scanf=30335&charge=3&value=K.VLALPEPSPAAPTLR.S,PLEC,3.352e+6,3.876,0.000,3.706,0.000
30346,3,"  3.710","  0.554",16/56,/core/www/modules//sdig/index.php?run_id=110202&search_id=114132&scans_id=110198&peptide_id=22205&scanf=30346&charge=3&value=16/56,sp|P61978|HNRPK_HUMAN,/core/www/modules//consensus/?run_id=110202&search_id=114132&scans_id=110198&peptide_id=22205&scanf=30346&charge=3&value=sp|P61978|HNRPK_HUMAN,1,/core/www/modules/match_peptides/blast_html4.php?run_id=110202&search_id=114132&scans_id=110198&peptide_id=22205&scanf=30346&charge=3&value=1,R.LLIHQSLAGGIIGVK.G,/core/www/modules/show_out/show_out_wrapper.php?run_id=110202&search_id=114132&scans_id=110198&peptide_id=22205&scanf=30346&charge=3&value=R.LLIHQSLAGGIIGVK.G,HNRNPK,3.544e+8,3.473,0.001,3.108,0.000
30349,2,"  1.550","  0.165",7/16,/core/www/modules//sdig/index.php?run_id=110202&search_id=114132&scans_id=110198&peptide_id=22208&scanf=30349&charge=2&value=7/16,sp|Q12830|BPTF_HUMAN,/core/www/modules//consensus/?run_id=110202&search_id=114132&scans_id=110198&peptide_id=22208&scanf=30349&charge=2&value=sp|Q12830|BPTF_HUMAN,4,/core/www/modules/match_peptides/blast_html4.php?run_id=110202&search_id=114132&scans_id=110198&peptide_id=22208&scanf=30349&charge=2&value=4,K.DIPPLEFPK.S,/core/www/modules/show_out/show_out_wrapper.php?run_id=110202&search_id=114132&scans_id=110198&peptide_id=22208&scanf=30349&charge=2&value=K.DIPPLEFPK.S,BPTF,2.876e+6,1.870,0.157,0.805,0.008
30350,2,"  3.740","  0.535",18/32,/core/www/modules//sdig/index.php?run_id=110202&search_id=114132&scans_id=110198&peptide_id=22210&scanf=30350&charge=2&value=18/32,sp|O76021|RL1D1_HUMAN,/core/www/modules//consensus/?run_id=110202&search_id=114132&scans_id=110198&peptide_id=22210&scanf=30350&charge=2&value=sp|O76021|RL1D1_HUMAN,1,/core/www/modules/match_peptides/blast_html4.php?run_id=110202&search_id=114132&scans_id=110198&peptide_id=22210&scanf=30350&charge=2&value=1,K.ATNESEDEIPQLVPIGK.K,/core/www/modules/show_out/show_out_wrapper.php?run_id=110202&search_id=114132&scans_id=110198&peptide_id=22210&scanf=30350&charge=2&value=K.ATNESEDEIPQLVPIGK.K,RSL1D1,4.212e+7,3.217,0.002,2.730,0.000
30352,2,"  3.099","  0.507",10/22,/core/www/modules//sdig/index.php?run_id=110202&search_id=114132&scans_id=110198&peptide_id=22212&scanf=30352&charge=2&value=10/22,sp|O00267|SPT5H_HUMAN,/core/www/modules//consensus/?run_id=110202&search_id=114132&scans_id=110198&peptide_id=22212&scanf=30352&charge=2&value=sp|O00267|SPT5H_HUMAN,0,/core/www/modules/match_peptides/blast_html4.php?run_id=110202&search_id=114132&scans_id=110198&peptide_id=22212&scanf=30352&charge=2&value=0,R.LGYWNQQMVPIK.E,/core/www/modules/show_out/show_out_wrapper.php?run_id=110202&search_id=114132&scans_id=110198&peptide_id=22212&scanf=30352&charge=2&value=R.LGYWNQQMVPIK.E,SUPT5H,5.615e+6,3.069,0.003,2.510,0.000
30361,3,"  2.938","  0.514",15/44,/core/www/modules//sdig/index.php?run_id=110202&search_id=114132&scans_id=110198&peptide_id=22222&scanf=30361&charge=3&value=15/44,sp|Q92621|NU205_HUMAN,/core/www/modules//consensus/?run_id=110202&search_id=114132&scans_id=110198&peptide_id=22222&scanf=30361&charge=3&value=sp|Q92621|NU205_HUMAN,0,/core/www/modules/match_peptides/blast_html4.php?run_id=110202&search_id=114132&scans_id=110198&peptide_id=22222&scanf=30361&charge=3&value=0,K.EDTLLLIGHLER.V,/core/www/modules/show_out/show_out_wrapper.php?run_id=110202&search_id=114132&scans_id=110198&peptide_id=22222&scanf=30361&charge=3&value=K.EDTLLLIGHLER.V,NUP205,1.863e+6,3.284,0.001,2.828,0.000
30362,2,"  4.312","  0.650",20/26,/core/www/modules//sdig/index.php?run_id=110202&search_id=114132&scans_id=110198&peptide_id=22223&scanf=30362&charge=2&value=20/26,sp|P13693|TCTP_HUMAN,/core/www/modules//consensus/?run_id=110202&search_id=114132&scans_id=110198&peptide_id=22223&scanf=30362&charge=2&value=sp|P13693|TCTP_HUMAN,2,/core/www/modules/match_peptides/blast_html4.php?run_id=110202&search_id=114132&scans_id=110198&peptide_id=22223&scanf=30362&charge=2&value=2,R.DLISHDEMFSDIYK.I,/core/www/modules/show_out/show_out_wrapper.php?run_id=110202&search_id=114132&scans_id=110198&peptide_id=22223&scanf=30362&charge=2&value=R.DLISHDEMFSDIYK.I,TPT1,4.672e+6,3.956,0.000,3.825,0.000
30366,3,"  3.252","  0.313",17/60,/core/www/modules//sdig/index.php?run_id=110202&search_id=114132&scans_id=110198&peptide_id=22226&scanf=30366&charge=3&value=17/60,sp|Q9UQE7|SMC3_HUMAN,/core/www/modules//consensus/?run_id=110202&search_id=114132&scans_id=110198&peptide_id=22226&scanf=30366&charge=3&value=sp|Q9UQE7|SMC3_HUMAN,0,/core/www/modules/match_peptides/blast_html4.php?run_id=110202&search_id=114132&scans_id=110198&peptide_id=22226&scanf=30366&charge=3&value=0,R.SLQSLEASLHAMESTR.E,/core/www/modules/show_out/show_out_wrapper.php?run_id=110202&search_id=114132&scans_id=110198&peptide_id=22226&scanf=30366&charge=3&value=R.SLQSLEASLHAMESTR.E,SMC3,1.173e+7,2.513,0.020,1.693,0.000
30367,2,"  2.132","  0.400",8/14,/core/www/modules//sdig/index.php?run_id=110202&search_id=114132&scans_id=110198&peptide_id=22227&scanf=30367&charge=2&value=8/14,sp|P62805|H4_HUMAN,/core/www/modules//consensus/?run_id=110202&search_id=114132&scans_id=110198&peptide_id=22227&scanf=30367&charge=2&value=sp|P62805|H4_HUMAN,0,/core/www/modules/match_peptides/blast_html4.php?run_id=110202&search_id=114132&scans_id=110198&peptide_id=22227&scanf=30367&charge=2&value=0,K.VFLENVIR.D,/core/www/modules/show_out/show_out_wrapper.php?run_id=110202&search_id=114132&scans_id=110198&peptide_id=22227&scanf=30367&charge=2&value=K.VFLENVIR.D,H4C16,1.606e+9,3.070,0.003,2.511,0.000
30368,2,"  4.226","  0.551",15/28,/core/www/modules//sdig/index.php?run_id=110202&search_id=114132&scans_id=110198&peptide_id=22228&scanf=30368&charge=2&value=15/28,sp|P04350|TBB4A_HUMAN,/core/www/modules//consensus/?run_id=110202&search_id=114132&scans_id=110198&peptide_id=22228&scanf=30368&charge=2&value=sp|P04350|TBB4A_HUMAN,9,/core/www/modules/match_peptides/blast_html4.php?run_id=110202&search_id=114132&scans_id=110198&peptide_id=22228&scanf=30368&charge=2&value=9,R.AVLVDLEPGTMDSVR.S,/core/www/modules/show_out/show_out_wrapper.php?run_id=110202&search_id=114132&scans_id=110198&peptide_id=22228&scanf=30368&charge=2&value=R.AVLVDLEPGTMDSVR.S,TUBB4A,2.859e+7,3.187,0.002,2.684,0.000
30369,3,"  2.545","  0.276",12/68,/core/www/modules//sdig/index.php?run_id=110202&search_id=114132&scans_id=110198&peptide_id=22229&scanf=30369&charge=3&value=12/68,sp|Q9H0H0|INT2_HUMAN,/core/www/modules//consensus/?run_id=110202&search_id=114132&scans_id=110198&peptide_id=22229&scanf=30369&charge=3&value=sp|Q9H0H0|INT2_HUMAN,1,/core/www/modules/match_peptides/blast_html4.php?run_id=110202&search_id=114132&scans_id=110198&peptide_id=22229&scanf=30369&charge=3&value=1,R.QAQGLQQELGGLHSALLR.L,/core/www/modules/show_out/show_out_wrapper.php?run_id=110202&search_id=114132&scans_id=110198&peptide_id=22229&scanf=30369&charge=3&value=R.QAQGLQQELGGLHSALLR.L,INTS2,1.420e+7,1.859,0.162,0.790,0.008
30370,4," 10.753","  0.569",33/204,/core/www/modules//sdig/index.php?run_id=110202&search_id=114132&scans_id=110198&peptide_id=22231&scanf=30370&charge=4&value=33/204,sp|P14866|HNRPL_HUMAN,/core/www/modules//consensus/?run_id=110202&search_id=114132&scans_id=110198&peptide_id=22231&scanf=30370&charge=4&value=sp|P14866|HNRPL_HUMAN,2,/core/www/modules/match_peptides/blast_html4.php?run_id=110202&search_id=114132&scans_id=110198&peptide_id=22231&scanf=30370&charge=4&value=2,R.YGPQYGHPPPPPPPPEYGPHADSPVLM*VYGLDQSK.M,/core/www/modules/show_out/show_out_wrapper.php?run_id=110202&search_id=114132&scans_id=110198&peptide_id=22231&scanf=30370&charge=4&value=R.YGPQYGHPPPPPPPPEYGPHADSPVLM*VYGLDQSK.M,HNRNPL,3.871e+6,3.498,0.001,3.145,0.000
30371,3,"  5.692","  0.719",16/76,/core/www/modules//sdig/index.php?run_id=110202&search_id=114132&scans_id=110198&peptide_id=22232&scanf=30371&charge=3&value=16/76,sp|O75369|FLNB_HUMAN,/core/www/modules//consensus/?run_id=110202&search_id=114132&scans_id=110198&peptide_id=22232&scanf=30371&charge=3&value=sp|O75369|FLNB_HUMAN,2,/core/www/modules/match_peptides/blast_html4.php?run_id=110202&search_id=114132&scans_id=110198&peptide_id=22232&scanf=30371&charge=3&value=2,R.LVSPGSANETSSILVESVTR.S,/core/www/modules/show_out/show_out_wrapper.php?run_id=110202&search_id=114132&scans_id=110198&peptide_id=22232&scanf=30371&charge=3&value=R.LVSPGSANETSSILVESVTR.S,FLNB,5.751e+6,3.869,0.000,3.695,0.000
30373,2,"  1.835","  0.254",8/14,/core/www/modules//sdig/index.php?run_id=110202&search_id=114132&scans_id=110198&peptide_id=22234&scanf=30373&charge=2&value=8/14,sp|O60264|SMCA5_HUMAN,/core/www/modules//consensus/?run_id=110202&search_id=114132&scans_id=110198&peptide_id=22234&scanf=30373&charge=2&value=sp|O60264|SMCA5_HUMAN,0,/core/www/modules/match_peptides/blast_html4.php?run_id=110202&search_id=114132&scans_id=110198&peptide_id=22234&scanf=30373&charge=2&value=0,K.FVFMLSTR.A,/core/www/modules/show_out/show_out_wrapper.php?run_id=110202&search_id=114132&scans_id=110198&peptide_id=22234&scanf=30373&charge=2&value=K.FVFMLSTR.A,SMARCA5,3.817e+6,2.656,0.013,1.901,0.000
30375,2,"  4.422","  0.711",17/34,/core/www/modules//sdig/index.php?run_id=110202&search_id=114132&scans_id=110198&peptide_id=22236&scanf=30375&charge=2&value=17/34,sp|P53618|COPB_HUMAN,/core/www/modules//consensus/?run_id=110202&search_id=114132&scans_id=110198&peptide_id=22236&scanf=30375&charge=2&value=sp|P53618|COPB_HUMAN,1,/core/www/modules/match_peptides/blast_html4.php?run_id=110202&search_id=114132&scans_id=110198&peptide_id=22236&scanf=30375&charge=2&value=1,K.YEAAGTLVTLSSAPTAIK.A,/core/www/modules/show_out/show_out_wrapper.php?run_id=110202&search_id=114132&scans_id=110198&peptide_id=22236&scanf=30375&charge=2&value=K.YEAAGTLVTLSSAPTAIK.A,COPB1,6.935e+6,3.489,0.001,3.131,0.000
30377,3,"  3.536","  0.494",13/44,/core/www/modules//sdig/index.php?run_id=110202&search_id=114132&scans_id=110198&peptide_id=22238&scanf=30377&charge=3&value=13/44,sp|Q99613|EIF3C_HUMAN,/core/www/modules//consensus/?run_id=110202&search_id=114132&scans_id=110198&peptide_id=22238&scanf=30377&charge=3&value=sp|Q99613|EIF3C_HUMAN,1,/core/www/modules/match_peptides/blast_html4.php?run_id=110202&search_id=114132&scans_id=110198&peptide_id=22238&scanf=30377&charge=3&value=1,K.VWDLFPEADKVR.T,/core/www/modules/show_out/show_out_wrapper.php?run_id=110202&search_id=114132&scans_id=110198&peptide_id=22238&scanf=30377&charge=3&value=K.VWDLFPEADKVR.T,EIF3C,4.203e+6,2.985,0.004,2.386,0.000
30379,2,"  1.969","  0.451",12/18,/core/www/modules//sdig/index.php?run_id=110202&search_id=114132&scans_id=110198&peptide_id=22240&scanf=30379&charge=2&value=12/18,sp|Q9BU76|MMTA2_HUMAN,/core/www/modules//consensus/?run_id=110202&search_id=114132&scans_id=110198&peptide_id=22240&scanf=30379&charge=2&value=sp|Q9BU76|MMTA2_HUMAN,0,/core/www/modules/match_peptides/blast_html4.php?run_id=110202&search_id=114132&scans_id=110198&peptide_id=22240&scanf=30379&charge=2&value=0,R.EALLAALGYK.N,/core/www/modules/show_out/show_out_wrapper.php?run_id=110202&search_id=114132&scans_id=110198&peptide_id=22240&scanf=30379&charge=2&value=R.EALLAALGYK.N,MMTAG2,9.966e+6,3.183,0.002,2.678,0.000
30385,3,"  2.849","  0.329",9/56,/core/www/modules//sdig/index.php?run_id=110202&search_id=114132&scans_id=110198&peptide_id=22247&scanf=30385&charge=3&value=9/56,sp|P49916|DNLI3_HUMAN,/core/www/modules//consensus/?run_id=110202&search_id=114132&scans_id=110198&peptide_id=22247&scanf=30385&charge=3&value=sp|P49916|DNLI3_HUMAN,2,/core/www/modules/match_peptides/blast_html4.php?run_id=110202&search_id=114132&scans_id=110198&peptide_id=22247&scanf=30385&charge=3&value=2,K.HVLDALDPNAYEAFK.A,/core/www/modules/show_out/show_out_wrapper.php?run_id=110202&search_id=114132&scans_id=110198&peptide_id=22247&scanf=30385&charge=3&value=K.HVLDALDPNAYEAFK.A,LIG3,3.352e+6,2.334,0.037,1.435,0.001
30387,2,"  2.921","  0.538",12/20,/core/www/modules//sdig/index.php?run_id=110202&search_id=114132&scans_id=110198&peptide_id=22248&scanf=30387&charge=2&value=12/20,sp|P11940|PABP1_HUMAN,/core/www/modules//consensus/?run_id=110202&search_id=114132&scans_id=110198&peptide_id=22248&scanf=30387&charge=2&value=sp|P11940|PABP1_HUMAN,18,/core/www/modules/match_peptides/blast_html4.php?run_id=110202&search_id=114132&scans_id=110198&peptide_id=22248&scanf=30387&charge=2&value=18,R.ALDTMNFDVIK.G,/core/www/modules/show_out/show_out_wrapper.php?run_id=110202&search_id=114132&scans_id=110198&peptide_id=22248&scanf=30387&charge=2&value=R.ALDTMNFDVIK.G,PABPC1,2.232e+7,3.409,0.001,3.014,0.000
30390,3,"  3.888","  0.474",13/68,/core/www/modules//sdig/index.php?run_id=110202&search_id=114132&scans_id=110198&peptide_id=22252&scanf=30390&charge=3&value=13/68,sp|P53618|COPB_HUMAN,/core/www/modules//consensus/?run_id=110202&search_id=114132&scans_id=110198&peptide_id=22252&scanf=30390&charge=3&value=sp|P53618|COPB_HUMAN,1,/core/www/modules/match_peptides/blast_html4.php?run_id=110202&search_id=114132&scans_id=110198&peptide_id=22252&scanf=30390&charge=3&value=1,K.YEAAGTLVTLSSAPTAIK.A,/core/www/modules/show_out/show_out_wrapper.php?run_id=110202&search_id=114132&scans_id=110198&peptide_id=22252&scanf=30390&charge=3&value=K.YEAAGTLVTLSSAPTAIK.A,COPB1,4.791e+6,2.943,0.005,2.324,0.000
30392,3,"  3.187","  0.445",13/64,/core/www/modules//sdig/index.php?run_id=110202&search_id=114132&scans_id=110198&peptide_id=22254&scanf=30392&charge=3&value=13/64,sp|O76021|RL1D1_HUMAN,/core/www/modules//consensus/?run_id=110202&search_id=114132&scans_id=110198&peptide_id=22254&scanf=30392&charge=3&value=sp|O76021|RL1D1_HUMAN,1,/core/www/modules/match_peptides/blast_html4.php?run_id=110202&search_id=114132&scans_id=110198&peptide_id=22254&scanf=30392&charge=3&value=1,K.ATNESEDEIPQLVPIGK.K,/core/www/modules/show_out/show_out_wrapper.php?run_id=110202&search_id=114132&scans_id=110198&peptide_id=22254&scanf=30392&charge=3&value=K.ATNESEDEIPQLVPIGK.K,RSL1D1,2.436e+7,2.838,0.007,2.169,0.000
30393,3,"  4.344","  0.301",15/72,/core/www/modules//sdig/index.php?run_id=110202&search_id=114132&scans_id=110198&peptide_id=22255&scanf=30393&charge=3&value=15/72,sp|Q01844|EWS_HUMAN,/core/www/modules//consensus/?run_id=110202&search_id=114132&scans_id=110198&peptide_id=22255&scanf=30393&charge=3&value=sp|Q01844|EWS_HUMAN,3,/core/www/modules/match_peptides/blast_html4.php?run_id=110202&search_id=114132&scans_id=110198&peptide_id=22255&scanf=30393&charge=3&value=3,K.APKPEGFLPPPFPPPGGDR.G,/core/www/modules/show_out/show_out_wrapper.php?run_id=110202&search_id=114132&scans_id=110198&peptide_id=22255&scanf=30393&charge=3&value=K.APKPEGFLPPPFPPPGGDR.G,EWSR1,4.831e+6,2.264,0.046,1.335,0.002
30394,2,"  1.373","  0.217",7/20,/core/www/modules//sdig/index.php?run_id=110202&search_id=114132&scans_id=110198&peptide_id=22256&scanf=30394&charge=2&value=7/20,sp|Q12905|ILF2_HUMAN,/core/www/modules//consensus/?run_id=110202&search_id=114132&scans_id=110198&peptide_id=22256&scanf=30394&charge=2&value=sp|Q12905|ILF2_HUMAN,1,/core/www/modules/match_peptides/blast_html4.php?run_id=110202&search_id=114132&scans_id=110198&peptide_id=22256&scanf=30394&charge=2&value=1,K.ILITTVPPNLR.K,/core/www/modules/show_out/show_out_wrapper.php?run_id=110202&search_id=114132&scans_id=110198&peptide_id=22256&scanf=30394&charge=2&value=K.ILITTVPPNLR.K,ILF2,1.434e+8,1.988,0.111,0.956,0.005
30395,2,"  3.300","  0.288",11/22,/core/www/modules//sdig/index.php?run_id=110202&search_id=114132&scans_id=110198&peptide_id=22257&scanf=30395&charge=2&value=11/22,sp|Q12904|AIMP1_HUMAN,/core/www/modules//consensus/?run_id=110202&search_id=114132&scans_id=110198&peptide_id=22257&scanf=30395&charge=2&value=sp|Q12904|AIMP1_HUMAN,4,/core/www/modules/match_peptides/blast_html4.php?run_id=110202&search_id=114132&scans_id=110198&peptide_id=22257&scanf=30395&charge=2&value=4,K.GAEADQIIEYLK.Q,/core/www/modules/show_out/show_out_wrapper.php?run_id=110202&search_id=114132&scans_id=110198&peptide_id=22257&scanf=30395&charge=2&value=K.GAEADQIIEYLK.Q,AIMP1,1.160e+7,2.359,0.034,1.471,0.001
30397,3,"  3.878","  0.484",11/60,/core/www/modules//sdig/index.php?run_id=110202&search_id=114132&scans_id=110198&peptide_id=22259&scanf=30397&charge=3&value=11/60,sp|Q15648|MED1_HUMAN,/core/www/modules//consensus/?run_id=110202&search_id=114132&scans_id=110198&peptide_id=22259&scanf=30397&charge=3&value=sp|Q15648|MED1_HUMAN,0,/core/www/modules/match_peptides/blast_html4.php?run_id=110202&search_id=114132&scans_id=110198&peptide_id=22259&scanf=30397&charge=3&value=0,K.LPIAPLIMGSHPVDNK.W,/core/www/modules/show_out/show_out_wrapper.php?run_id=110202&search_id=114132&scans_id=110198&peptide_id=22259&scanf=30397&charge=3&value=K.LPIAPLIMGSHPVDNK.W,MED1,4.177e+6,2.887,0.006,2.241,0.000
30398,2,"  4.800","  0.754",20/38,/core/www/modules//sdig/index.php?run_id=110202&search_id=114132&scans_id=110198&peptide_id=22260&scanf=30398&charge=2&value=20/38,sp|O75369|FLNB_HUMAN,/core/www/modules//consensus/?run_id=110202&search_id=114132&scans_id=110198&peptide_id=22260&scanf=30398&charge=2&value=sp|O75369|FLNB_HUMAN,2,/core/www/modules/match_peptides/blast_html4.php?run_id=110202&search_id=114132&scans_id=110198&peptide_id=22260&scanf=30398&charge=2&value=2,R.LVSPGSANETSSILVESVTR.S,/core/www/modules/show_out/show_out_wrapper.php?run_id=110202&search_id=114132&scans_id=110198&peptide_id=22260&scanf=30398&charge=2&value=R.LVSPGSANETSSILVESVTR.S,FLNB,1.840e+6,3.933,0.000,3.791,0.000
30400,3,"  2.710","  0.374",13/60,/core/www/modules//sdig/index.php?run_id=110202&search_id=114132&scans_id=110198&peptide_id=22263&scanf=30400&charge=3&value=13/60,sp|P60709|ACTB_HUMAN,/core/www/modules//consensus/?run_id=110202&search_id=114132&scans_id=110198&peptide_id=22263&scanf=30400&charge=3&value=sp|P60709|ACTB_HUMAN,17,/core/www/modules/match_peptides/blast_html4.php?run_id=110202&search_id=114132&scans_id=110198&peptide_id=22263&scanf=30400&charge=3&value=17,K.SYELPDGQVITIGNER.F,/core/www/modules/show_out/show_out_wrapper.php?run_id=110202&search_id=114132&scans_id=110198&peptide_id=22263&scanf=30400&charge=3&value=K.SYELPDGQVITIGNER.F,ACTB,1.921e+8,3.081,0.003,2.528,0.000
30402,3,"  6.891","  0.565",19/92,/core/www/modules//sdig/index.php?run_id=110202&search_id=114132&scans_id=110198&peptide_id=22265&scanf=30402&charge=3&value=19/92,sp|Q9NVC6|MED17_HUMAN,/core/www/modules//consensus/?run_id=110202&search_id=114132&scans_id=110198&peptide_id=22265&scanf=30402&charge=3&value=sp|Q9NVC6|MED17_HUMAN,6,/core/www/modules/match_peptides/blast_html4.php?run_id=110202&search_id=114132&scans_id=110198&peptide_id=22265&scanf=30402&charge=3&value=6,R.LSGPQAFDKNEINSLQSSEGLLEK.I,/core/www/modules/show_out/show_out_wrapper.php?run_id=110202&search_id=114132&scans_id=110198&peptide_id=22265&scanf=30402&charge=3&value=R.LSGPQAFDKNEINSLQSSEGLLEK.I,MED17,2.239e+6,2.841,0.007,2.174,0.000
30410,2,"  2.332","  0.241",10/24,/core/www/modules//sdig/index.php?run_id=110202&search_id=114132&scans_id=110198&peptide_id=22273&scanf=30410&charge=2&value=10/24,sp|Q14839|CHD4_HUMAN,/core/www/modules//consensus/?run_id=110202&search_id=114132&scans_id=110198&peptide_id=22273&scanf=30410&charge=2&value=sp|Q14839|CHD4_HUMAN,18,/core/www/modules/match_peptides/blast_html4.php?run_id=110202&search_id=114132&scans_id=110198&peptide_id=22273&scanf=30410&charge=2&value=18,K.SAIDLTPIVVEDK.E,/core/www/modules/show_out/show_out_wrapper.php?run_id=110202&search_id=114132&scans_id=110198&peptide_id=22273&scanf=30410&charge=2&value=K.SAIDLTPIVVEDK.E,CHD4,1.133e+7,2.129,0.071,1.147,0.002
30412,3,"  4.331","  0.645",16/68,/core/www/modules//sdig/index.php?run_id=110202&search_id=114132&scans_id=110198&peptide_id=22275&scanf=30412&charge=3&value=16/68,tr|F8W7C6|F8W7C6_HUMAN,/core/www/modules//consensus/?run_id=110202&search_id=114132&scans_id=110198&peptide_id=22275&scanf=30412&charge=3&value=tr|F8W7C6|F8W7C6_HUMAN,0,/core/www/modules/match_peptides/blast_html4.php?run_id=110202&search_id=114132&scans_id=110198&peptide_id=22275&scanf=30412&charge=3&value=0,-.MVSDEYEQLSSEALEAAR.I,/core/www/modules/show_out/show_out_wrapper.php?run_id=110202&search_id=114132&scans_id=110198&peptide_id=22275&scanf=30412&charge=3&value=-.MVSDEYEQLSSEALEAAR.I,RPL10,1.551e+7,3.476,0.001,3.113,0.000
30414,3,"  6.544","  0.606",21/92,/core/www/modules//sdig/index.php?run_id=110202&search_id=114132&scans_id=110198&peptide_id=22277&scanf=30414&charge=3&value=21/92,sp|Q9NVC6|MED17_HUMAN,/core/www/modules//consensus/?run_id=110202&search_id=114132&scans_id=110198&peptide_id=22277&scanf=30414&charge=3&value=sp|Q9NVC6|MED17_HUMAN,6,/core/www/modules/match_peptides/blast_html4.php?run_id=110202&search_id=114132&scans_id=110198&peptide_id=22277&scanf=30414&charge=3&value=6,R.LSGPQAFDKNEINSLQSSEGLLEK.I,/core/www/modules/show_out/show_out_wrapper.php?run_id=110202&search_id=114132&scans_id=110198&peptide_id=22277&scanf=30414&charge=3&value=R.LSGPQAFDKNEINSLQSSEGLLEK.I,MED17,2.239e+6,3.002,0.004,2.411,0.000
30415,3,"  3.278","  0.508",18/56,/core/www/modules//sdig/index.php?run_id=110202&search_id=114132&scans_id=110198&peptide_id=22278&scanf=30415&charge=3&value=18/56,sp|Q15149|PLEC_HUMAN,/core/www/modules//consensus/?run_id=110202&search_id=114132&scans_id=110198&peptide_id=22278&scanf=30415&charge=3&value=sp|Q15149|PLEC_HUMAN,5,/core/www/modules/match_peptides/blast_html4.php?run_id=110202&search_id=114132&scans_id=110198&peptide_id=22278&scanf=30415&charge=3&value=5,K.VLALPEPSPAAPTLR.S,/core/www/modules/show_out/show_out_wrapper.php?run_id=110202&search_id=114132&scans_id=110198&peptide_id=22278&scanf=30415&charge=3&value=K.VLALPEPSPAAPTLR.S,PLEC,3.352e+6,3.770,0.000,3.548,0.000
30417,3,"  2.192","  0.215",11/52,/core/www/modules//sdig/index.php?run_id=110202&search_id=114132&scans_id=110198&peptide_id=22280&scanf=30417&charge=3&value=11/52,sp|Q9Y305|ACOT9_HUMAN,/core/www/modules//consensus/?run_id=110202&search_id=114132&scans_id=110198&peptide_id=22280&scanf=30417&charge=3&value=sp|Q9Y305|ACOT9_HUMAN,1,/core/www/modules/match_peptides/blast_html4.php?run_id=110202&search_id=114132&scans_id=110198&peptide_id=22280&scanf=30417&charge=3&value=1,R.TTIHEMFLSTLDPK.T,/core/www/modules/show_out/show_out_wrapper.php?run_id=110202&search_id=114132&scans_id=110198&peptide_id=22280&scanf=30417&charge=3&value=R.TTIHEMFLSTLDPK.T,ACOT9,2.469e+6,2.083,0.083,1.083,0.003
30419,2,"  1.557","  0.351",8/18,/core/www/modules//sdig/index.php?run_id=110202&search_id=114132&scans_id=110198&peptide_id=22282&scanf=30419&charge=2&value=8/18,sp|Q13242|SRSF9_HUMAN,/core/www/modules//consensus/?run_id=110202&search_id=114132&scans_id=110198&peptide_id=22282&scanf=30419&charge=2&value=sp|Q13242|SRSF9_HUMAN,2,/core/www/modules/match_peptides/blast_html4.php?run_id=110202&search_id=114132&scans_id=110198&peptide_id=22282&scanf=30419&charge=2&value=2,R.HGLVPFAFVR.F,/core/www/modules/show_out/show_out_wrapper.php?run_id=110202&search_id=114132&scans_id=110198&peptide_id=22282&scanf=30419&charge=2&value=R.HGLVPFAFVR.F,SRSF9,3.678e+7,2.560,0.017,1.761,0.000
30421,2,"  3.478","  0.250",13/22,/core/www/modules//sdig/index.php?run_id=110202&search_id=114132&scans_id=110198&peptide_id=22284&scanf=30421&charge=2&value=13/22,sp|Q12904|AIMP1_HUMAN,/core/www/modules//consensus/?run_id=110202&search_id=114132&scans_id=110198&peptide_id=22284&scanf=30421&charge=2&value=sp|Q12904|AIMP1_HUMAN,4,/core/www/modules/match_peptides/blast_html4.php?run_id=110202&search_id=114132&scans_id=110198&peptide_id=22284&scanf=30421&charge=2&value=4,K.GAEADQIIEYLK.Q,/core/www/modules/show_out/show_out_wrapper.php?run_id=110202&search_id=114132&scans_id=110198&peptide_id=22284&scanf=30421&charge=2&value=K.GAEADQIIEYLK.Q,AIMP1,1.160e+7,2.351,0.035,1.460,0.001
30423,3,"  2.894","  0.369",12/68,/core/www/modules//sdig/index.php?run_id=110202&search_id=114132&scans_id=110198&peptide_id=22286&scanf=30423&charge=3&value=12/68,sp|Q8NBQ5|DHB11_HUMAN,/core/www/modules//consensus/?run_id=110202&search_id=114132&scans_id=110198&peptide_id=22286&scanf=30423&charge=3&value=sp|Q8NBQ5|DHB11_HUMAN,1,/core/www/modules/match_peptides/blast_html4.php?run_id=110202&search_id=114132&scans_id=110198&peptide_id=22286&scanf=30423&charge=3&value=1,K.SVTGEIVLITGAGHGIGR.L,/core/www/modules/show_out/show_out_wrapper.php?run_id=110202&search_id=114132&scans_id=110198&peptide_id=22286&scanf=30423&charge=3&value=K.SVTGEIVLITGAGHGIGR.L,HSD17B11,1.971e+6,2.418,0.028,1.556,0.001
30426,2,"  2.344","  0.427",8/22,/core/www/modules//sdig/index.php?run_id=110202&search_id=114132&scans_id=110198&peptide_id=22289&scanf=30426&charge=2&value=8/22,sp|P52789|HXK2_HUMAN,/core/www/modules//consensus/?run_id=110202&search_id=114132&scans_id=110198&peptide_id=22289&scanf=30426&charge=2&value=sp|P52789|HXK2_HUMAN,1,/core/www/modules/match_peptides/blast_html4.php?run_id=110202&search_id=114132&scans_id=110198&peptide_id=22289&scanf=30426&charge=2&value=1,K.MISGMYMGELVR.L,/core/www/modules/show_out/show_out_wrapper.php?run_id=110202&search_id=114132&scans_id=110198&peptide_id=22289&scanf=30426&charge=2&value=K.MISGMYMGELVR.L,HK2,1.568e+6,2.554,0.018,1.753,0.000
30430,2,"  2.241","  0.352",11/18,/core/www/modules//sdig/index.php?run_id=110202&search_id=114132&scans_id=110198&peptide_id=22293&scanf=30430&charge=2&value=11/18,sp|Q10570|CPSF1_HUMAN,/core/www/modules//consensus/?run_id=110202&search_id=114132&scans_id=110198&peptide_id=22293&scanf=30430&charge=2&value=sp|Q10570|CPSF1_HUMAN,1,/core/www/modules/match_peptides/blast_html4.php?run_id=110202&search_id=114132&scans_id=110198&peptide_id=22293&scanf=30430&charge=2&value=1,K.NFILAADVMK.S,/core/www/modules/show_out/show_out_wrapper.php?run_id=110202&search_id=114132&scans_id=110198&peptide_id=22293&scanf=30430&charge=2&value=K.NFILAADVMK.S,CPSF1,5.100e+6,2.837,0.007,2.168,0.000
30431,2,"  2.698","  0.478",11/24,/core/www/modules//sdig/index.php?run_id=110202&search_id=114132&scans_id=110198&peptide_id=22294&scanf=30431&charge=2&value=11/24,sp|Q96QD9|UIF_HUMAN,/core/www/modules//consensus/?run_id=110202&search_id=114132&scans_id=110198&peptide_id=22294&scanf=30431&charge=2&value=sp|Q96QD9|UIF_HUMAN,0,/core/www/modules/match_peptides/blast_html4.php?run_id=110202&search_id=114132&scans_id=110198&peptide_id=22294&scanf=30431&charge=2&value=0,K.GVPLQFDINSVGK.Q,/core/www/modules/show_out/show_out_wrapper.php?run_id=110202&search_id=114132&scans_id=110198&peptide_id=22294&scanf=30431&charge=2&value=K.GVPLQFDINSVGK.Q,FYTTD1,1.233e+7,2.868,0.006,2.213,0.000
30435,3,"  3.821","  0.387",10/68,/core/www/modules//sdig/index.php?run_id=110202&search_id=114132&scans_id=110198&peptide_id=22298&scanf=30435&charge=3&value=10/68,sp|P24928|RPB1_HUMAN,/core/www/modules//consensus/?run_id=110202&search_id=114132&scans_id=110198&peptide_id=22298&scanf=30435&charge=3&value=sp|P24928|RPB1_HUMAN,1,/core/www/modules/match_peptides/blast_html4.php?run_id=110202&search_id=114132&scans_id=110198&peptide_id=22298&scanf=30435&charge=3&value=1,K.MQEEEEVVDKMDDDVFLR.C,/core/www/modules/show_out/show_out_wrapper.php?run_id=110202&search_id=114132&scans_id=110198&peptide_id=22298&scanf=30435&charge=3&value=K.MQEEEEVVDKMDDDVFLR.C,POLR2A,2.305e+6,2.120,0.073,1.134,0.002
30437,3,"  3.116","  0.462",9/44,/core/www/modules//sdig/index.php?run_id=110202&search_id=114132&scans_id=110198&peptide_id=22300&scanf=30437&charge=3&value=9/44,sp|P60842|IF4A1_HUMAN,/core/www/modules//consensus/?run_id=110202&search_id=114132&scans_id=110198&peptide_id=22300&scanf=30437&charge=3&value=sp|P60842|IF4A1_HUMAN,7,/core/www/modules/match_peptides/blast_html4.php?run_id=110202&search_id=114132&scans_id=110198&peptide_id=22300&scanf=30437&charge=3&value=7,R.GFKDQIYDIFQK.L,/core/www/modules/show_out/show_out_wrapper.php?run_id=110202&search_id=114132&scans_id=110198&peptide_id=22300&scanf=30437&charge=3&value=R.GFKDQIYDIFQK.L,EIF4A1,1.996e+7,2.762,0.009,2.057,0.000
30439,2,"  4.389","  0.697",15/30,/core/www/modules//sdig/index.php?run_id=110202&search_id=114132&scans_id=110198&peptide_id=22302&scanf=30439&charge=2&value=15/30,sp|Q15149|PLEC_HUMAN,/core/www/modules//consensus/?run_id=110202&search_id=114132&scans_id=110198&peptide_id=22302&scanf=30439&charge=2&value=sp|Q15149|PLEC_HUMAN,5,/core/www/modules/match_peptides/blast_html4.php?run_id=110202&search_id=114132&scans_id=110198&peptide_id=22302&scanf=30439&charge=2&value=5,K.VQSGSESVIQEYVDLR.T,/core/www/modules/show_out/show_out_wrapper.php?run_id=110202&search_id=114132&scans_id=110198&peptide_id=22302&scanf=30439&charge=2&value=K.VQSGSESVIQEYVDLR.T,PLEC,3.832e+6,4.220,0.000,4.216,0.000
30442,3,"  4.962","  0.595",17/60,/core/www/modules//sdig/index.php?run_id=110202&search_id=114132&scans_id=110198&peptide_id=22306&scanf=30442&charge=3&value=17/60,sp|Q6PL18|ATAD2_HUMAN,/core/www/modules//consensus/?run_id=110202&search_id=114132&scans_id=110198&peptide_id=22306&scanf=30442&charge=3&value=sp|Q6PL18|ATAD2_HUMAN,1,/core/www/modules/match_peptides/blast_html4.php?run_id=110202&search_id=114132&scans_id=110198&peptide_id=22306&scanf=30442&charge=3&value=1,R.DYGEIFNVQLPDKEER.T,/core/www/modules/show_out/show_out_wrapper.php?run_id=110202&search_id=114132&scans_id=110198&peptide_id=22306&scanf=30442&charge=3&value=R.DYGEIFNVQLPDKEER.T,ATAD2,4.918e+6,3.239,0.002,2.762,0.000
30446,3,"  4.802","  0.603",22/84,/core/www/modules//sdig/index.php?run_id=110202&search_id=114132&scans_id=110198&peptide_id=22310&scanf=30446&charge=3&value=22/84,sp|Q00610|CLH1_HUMAN,/core/www/modules//consensus/?run_id=110202&search_id=114132&scans_id=110198&peptide_id=22310&scanf=30446&charge=3&value=sp|Q00610|CLH1_HUMAN,11,/core/www/modules/match_peptides/blast_html4.php?run_id=110202&search_id=114132&scans_id=110198&peptide_id=22310&scanf=30446&charge=3&value=11,R.LAELEEFINGPNNAHIQQVGDR.C,/core/www/modules/show_out/show_out_wrapper.php?run_id=110202&search_id=114132&scans_id=110198&peptide_id=22310&scanf=30446&charge=3&value=R.LAELEEFINGPNNAHIQQVGDR.C,CLTC,2.220e+6,3.292,0.001,2.840,0.000
30447,3,"  2.208","  0.198",7/52,/core/www/modules//sdig/index.php?run_id=110202&search_id=114132&scans_id=110198&peptide_id=22311&scanf=30447&charge=3&value=7/52,sp|Q5JRX3|PREP_HUMAN,/core/www/modules//consensus/?run_id=110202&search_id=114132&scans_id=110198&peptide_id=22311&scanf=30447&charge=3&value=sp|Q5JRX3|PREP_HUMAN,7,/core/www/modules/match_peptides/blast_html4.php?run_id=110202&search_id=114132&scans_id=110198&peptide_id=22311&scanf=30447&charge=3&value=7,K.GMDHFLYGLSDEMK.Q,/core/www/modules/show_out/show_out_wrapper.php?run_id=110202&search_id=114132&scans_id=110198&peptide_id=22311&scanf=30447&charge=3&value=K.GMDHFLYGLSDEMK.Q,PITRM1,1.532e+6,1.863,0.160,0.795,0.008
30448,3,"  5.495","  0.734",29/104,/core/www/modules//sdig/index.php?run_id=110202&search_id=114132&scans_id=110198&peptide_id=22312&scanf=30448&charge=3&value=29/104,sp|O75940|SPF30_HUMAN,/core/www/modules//consensus/?run_id=110202&search_id=114132&scans_id=110198&peptide_id=22312&scanf=30448&charge=3&value=sp|O75940|SPF30_HUMAN,0,/core/www/modules/match_peptides/blast_html4.php?run_id=110202&search_id=114132&scans_id=110198&peptide_id=22312&scanf=30448&charge=3&value=0,K.DLLSTQPSETLASSDSFASTQPTHSWK.V,/core/www/modules/show_out/show_out_wrapper.php?run_id=110202&search_id=114132&scans_id=110198&peptide_id=22312&scanf=30448&charge=3&value=K.DLLSTQPSETLASSDSFASTQPTHSWK.V,SMNDC1,1.318e+6,3.573,0.001,3.256,0.000
30451,3,"  6.261","  0.344",19/68,/core/www/modules//sdig/index.php?run_id=110202&search_id=114132&scans_id=110198&peptide_id=22315&scanf=30451&charge=3&value=19/68,sp|Q9Y2Z4|SYYM_HUMAN,/core/www/modules//consensus/?run_id=110202&search_id=114132&scans_id=110198&peptide_id=22315&scanf=30451&charge=3&value=sp|Q9Y2Z4|SYYM_HUMAN,1,/core/www/modules/match_peptides/blast_html4.php?run_id=110202&search_id=114132&scans_id=110198&peptide_id=22315&scanf=30451&charge=3&value=1,R.LGLEALAANHQQLFTDGR.S,/core/www/modules/show_out/show_out_wrapper.php?run_id=110202&search_id=114132&scans_id=110198&peptide_id=22315&scanf=30451&charge=3&value=R.LGLEALAANHQQLFTDGR.S,YARS2,2.624e+6,2.599,0.015,1.818,0.000
30452,2,"  3.116","  0.453",13/22,/core/www/modules//sdig/index.php?run_id=110202&search_id=114132&scans_id=110198&peptide_id=22316&scanf=30452&charge=2&value=13/22,sp|P29692|EF1D_HUMAN,/core/www/modules//consensus/?run_id=110202&search_id=114132&scans_id=110198&peptide_id=22316&scanf=30452&charge=2&value=sp|P29692|EF1D_HUMAN,12,/core/www/modules/match_peptides/blast_html4.php?run_id=110202&search_id=114132&scans_id=110198&peptide_id=22316&scanf=30452&charge=2&value=12,R.GVVQELQQAISK.L,/core/www/modules/show_out/show_out_wrapper.php?run_id=110202&search_id=114132&scans_id=110198&peptide_id=22316&scanf=30452&charge=2&value=R.GVVQELQQAISK.L,EEF1D,1.358e+7,3.071,0.003,2.513,0.000
30453,4,"  4.510","  0.532",17/114,/core/www/modules//sdig/index.php?run_id=110202&search_id=114132&scans_id=110198&peptide_id=22317&scanf=30453&charge=4&value=17/114,sp|Q5T280|CI114_HUMAN,/core/www/modules//consensus/?run_id=110202&search_id=114132&scans_id=110198&peptide_id=22317&scanf=30453&charge=4&value=sp|Q5T280|CI114_HUMAN,0,/core/www/modules/match_peptides/blast_html4.php?run_id=110202&search_id=114132&scans_id=110198&peptide_id=22317&scanf=30453&charge=4&value=0,K.HQDLQFAGLLNPLDSPHHMR.Q,/core/www/modules/show_out/show_out_wrapper.php?run_id=110202&search_id=114132&scans_id=110198&peptide_id=22317&scanf=30453&charge=4&value=K.HQDLQFAGLLNPLDSPHHMR.Q,SPOUT1,4.352e+6,3.392,0.001,2.988,0.000
30455,2,"  2.885","  0.375",10/18,/core/www/modules//sdig/index.php?run_id=110202&search_id=114132&scans_id=110198&peptide_id=22319&scanf=30455&charge=2&value=10/18,sp|P60842|IF4A1_HUMAN,/core/www/modules//consensus/?run_id=110202&search_id=114132&scans_id=110198&peptide_id=22319&scanf=30455&charge=2&value=sp|P60842|IF4A1_HUMAN,2,/core/www/modules/match_peptides/blast_html4.php?run_id=110202&search_id=114132&scans_id=110198&peptide_id=22319&scanf=30455&charge=2&value=2,R.VLITTDLLAR.G,/core/www/modules/show_out/show_out_wrapper.php?run_id=110202&search_id=114132&scans_id=110198&peptide_id=22319&scanf=30455&charge=2&value=R.VLITTDLLAR.G,EIF4A1,9.264e+7,2.858,0.006,2.199,0.000
30456,2,"  2.175","  0.362",8/14,/core/www/modules//sdig/index.php?run_id=110202&search_id=114132&scans_id=110198&peptide_id=22320&scanf=30456&charge=2&value=8/14,sp|P62269|RS18_HUMAN,/core/www/modules//consensus/?run_id=110202&search_id=114132&scans_id=110198&peptide_id=22320&scanf=30456&charge=2&value=sp|P62269|RS18_HUMAN,1,/core/www/modules/match_peptides/blast_html4.php?run_id=110202&search_id=114132&scans_id=110198&peptide_id=22320&scanf=30456&charge=2&value=1,K.IPDWFLNR.Q,/core/www/modules/show_out/show_out_wrapper.php?run_id=110202&search_id=114132&scans_id=110198&peptide_id=22320&scanf=30456&charge=2&value=K.IPDWFLNR.Q,RPS18,2.400e+8,2.847,0.007,2.182,0.000
30457,2,"  4.367","  0.581",20/32,/core/www/modules//sdig/index.php?run_id=110202&search_id=114132&scans_id=110198&peptide_id=22321&scanf=30457&charge=2&value=20/32,sp|Q14204|DYHC1_HUMAN,/core/www/modules//consensus/?run_id=110202&search_id=114132&scans_id=110198&peptide_id=22321&scanf=30457&charge=2&value=sp|Q14204|DYHC1_HUMAN,28,/core/www/modules/match_peptides/blast_html4.php?run_id=110202&search_id=114132&scans_id=110198&peptide_id=22321&scanf=30457&charge=2&value=28,K.EALELTDTGLLSGSEER.V,/core/www/modules/show_out/show_out_wrapper.php?run_id=110202&search_id=114132&scans_id=110198&peptide_id=22321&scanf=30457&charge=2&value=K.EALELTDTGLLSGSEER.V,DYNC1H1,2.290e+6,3.695,0.000,3.437,0.000
30459,3,"  1.942","  0.185",10/56,/core/www/modules//sdig/index.php?run_id=110202&search_id=114132&scans_id=110198&peptide_id=22323&scanf=30459&charge=3&value=10/56,sp|P49916|DNLI3_HUMAN,/core/www/modules//consensus/?run_id=110202&search_id=114132&scans_id=110198&peptide_id=22323&scanf=30459&charge=3&value=sp|P49916|DNLI3_HUMAN,2,/core/www/modules/match_peptides/blast_html4.php?run_id=110202&search_id=114132&scans_id=110198&peptide_id=22323&scanf=30459&charge=3&value=2,K.HVLDALDPNAYEAFK.A,/core/www/modules/show_out/show_out_wrapper.php?run_id=110202&search_id=114132&scans_id=110198&peptide_id=22323&scanf=30459&charge=3&value=K.HVLDALDPNAYEAFK.A,LIG3,3.352e+6,1.837,0.172,0.764,0.009
30460,2,"  4.676","  0.683",18/30,/core/www/modules//sdig/index.php?run_id=110202&search_id=114132&scans_id=110198&peptide_id=22325&scanf=30460&charge=2&value=18/30,sp|O43707|ACTN4_HUMAN,/core/www/modules//consensus/?run_id=110202&search_id=114132&scans_id=110198&peptide_id=22325&scanf=30460&charge=2&value=sp|O43707|ACTN4_HUMAN,3,/core/www/modules/match_peptides/blast_html4.php?run_id=110202&search_id=114132&scans_id=110198&peptide_id=22325&scanf=30460&charge=2&value=3,K.DDPVTNLNNAFEVAEK.Y,/core/www/modules/show_out/show_out_wrapper.php?run_id=110202&search_id=114132&scans_id=110198&peptide_id=22325&scanf=30460&charge=2&value=K.DDPVTNLNNAFEVAEK.Y,ACTN4,1.858e+7,4.142,0.000,4.100,0.000
30462,2,"  2.245","  0.439",10/20,/core/www/modules//sdig/index.php?run_id=110202&search_id=114132&scans_id=110198&peptide_id=22327&scanf=30462&charge=2&value=10/20,sp|O60220|TIM8A_HUMAN,/core/www/modules//consensus/?run_id=110202&search_id=114132&scans_id=110198&peptide_id=22327&scanf=30462&charge=2&value=sp|O60220|TIM8A_HUMAN,0,/core/www/modules/match_peptides/blast_html4.php?run_id=110202&search_id=114132&scans_id=110198&peptide_id=22327&scanf=30462&charge=2&value=0,R.FIDTSQFILNR.L,/core/www/modules/show_out/show_out_wrapper.php?run_id=110202&search_id=114132&scans_id=110198&peptide_id=22327&scanf=30462&charge=2&value=R.FIDTSQFILNR.L,TIMM8A,3.101e+6,2.818,0.007,2.140,0.000
30463,3,"  5.045","  0.596",20/84,/core/www/modules//sdig/index.php?run_id=110202&search_id=114132&scans_id=110198&peptide_id=22328&scanf=30463&charge=3&value=20/84,sp|Q15046|SYK_HUMAN,/core/www/modules//consensus/?run_id=110202&search_id=114132&scans_id=110198&peptide_id=22328&scanf=30463&charge=3&value=sp|Q15046|SYK_HUMAN,0,/core/www/modules/match_peptides/blast_html4.php?run_id=110202&search_id=114132&scans_id=110198&peptide_id=22328&scanf=30463&charge=3&value=0,K.VTYHPDGPEGQAYDVDFTPPFR.R,/core/www/modules/show_out/show_out_wrapper.php?run_id=110202&search_id=114132&scans_id=110198&peptide_id=22328&scanf=30463&charge=3&value=K.VTYHPDGPEGQAYDVDFTPPFR.R,KARS1,1.215e+7,3.209,0.002,2.717,0.000
30465,2,"  2.885","  0.592",14/30,/core/www/modules//sdig/index.php?run_id=110202&search_id=114132&scans_id=110198&peptide_id=22330&scanf=30465&charge=2&value=14/30,sp|O43143|DHX15_HUMAN,/core/www/modules//consensus/?run_id=110202&search_id=114132&scans_id=110198&peptide_id=22330&scanf=30465&charge=2&value=sp|O43143|DHX15_HUMAN,0,/core/www/modules/match_peptides/blast_html4.php?run_id=110202&search_id=114132&scans_id=110198&peptide_id=22330&scanf=30465&charge=2&value=0,R.ASTNAM*LISAGLPPLK.A,/core/www/modules/show_out/show_out_wrapper.php?run_id=110202&search_id=114132&scans_id=110198&peptide_id=22330&scanf=30465&charge=2&value=R.ASTNAM*LISAGLPPLK.A,DHX15,2.180e+6,3.264,0.002,2.798,0.000
30466,4,"  2.667","  0.366",11/96,/core/www/modules//sdig/index.php?run_id=110202&search_id=114132&scans_id=110198&peptide_id=22331&scanf=30466&charge=4&value=11/96,sp|P18583|SON_HUMAN,/core/www/modules//consensus/?run_id=110202&search_id=114132&scans_id=110198&peptide_id=22331&scanf=30466&charge=4&value=sp|P18583|SON_HUMAN,2,/core/www/modules/match_peptides/blast_html4.php?run_id=110202&search_id=114132&scans_id=110198&peptide_id=22331&scanf=30466&charge=4&value=2,R.WQPPEFLLVHDSGPDHR.K,/core/www/modules/show_out/show_out_wrapper.php?run_id=110202&search_id=114132&scans_id=110198&peptide_id=22331&scanf=30466&charge=4&value=R.WQPPEFLLVHDSGPDHR.K,SON,7.914e+6,2.945,0.005,2.327,0.000
30471,3,"  5.610","  0.488",19/68,/core/www/modules//sdig/index.php?run_id=110202&search_id=114132&scans_id=110198&peptide_id=22336&scanf=30471&charge=3&value=19/68,sp|Q9Y2Z4|SYYM_HUMAN,/core/www/modules//consensus/?run_id=110202&search_id=114132&scans_id=110198&peptide_id=22336&scanf=30471&charge=3&value=sp|Q9Y2Z4|SYYM_HUMAN,1,/core/www/modules/match_peptides/blast_html4.php?run_id=110202&search_id=114132&scans_id=110198&peptide_id=22336&scanf=30471&charge=3&value=1,R.LGLEALAANHQQLFTDGR.S,/core/www/modules/show_out/show_out_wrapper.php?run_id=110202&search_id=114132&scans_id=110198&peptide_id=22336&scanf=30471&charge=3&value=R.LGLEALAANHQQLFTDGR.S,YARS2,3.581e+6,2.901,0.005,2.262,0.000
30475,3,"  2.499","  0.418",15/36,/core/www/modules//sdig/index.php?run_id=110202&search_id=114132&scans_id=110198&peptide_id=22340&scanf=30475&charge=3&value=15/36,sp|Q9H3P2|NELFA_HUMAN,/core/www/modules//consensus/?run_id=110202&search_id=114132&scans_id=110198&peptide_id=22340&scanf=30475&charge=3&value=sp|Q9H3P2|NELFA_HUMAN,7,/core/www/modules/match_peptides/blast_html4.php?run_id=110202&search_id=114132&scans_id=110198&peptide_id=22340&scanf=30475&charge=3&value=7,K.LLLGTLHLPR.R,/core/www/modules/show_out/show_out_wrapper.php?run_id=110202&search_id=114132&scans_id=110198&peptide_id=22340&scanf=30475&charge=3&value=K.LLLGTLHLPR.R,NELFA,7.850e+6,3.164,0.002,2.651,0.000
30476,2,"  2.063","  0.434",9/12,/core/www/modules//sdig/index.php?run_id=110202&search_id=114132&scans_id=110198&peptide_id=22341&scanf=30476&charge=2&value=9/12,sp|Q02543|RL18A_HUMAN,/core/www/modules//consensus/?run_id=110202&search_id=114132&scans_id=110198&peptide_id=22341&scanf=30476&charge=2&value=sp|Q02543|RL18A_HUMAN,4,/core/www/modules/match_peptides/blast_html4.php?run_id=110202&search_id=114132&scans_id=110198&peptide_id=22341&scanf=30476&charge=2&value=4,K.NFGIWLR.Y,/core/www/modules/show_out/show_out_wrapper.php?run_id=110202&search_id=114132&scans_id=110198&peptide_id=22341&scanf=30476&charge=2&value=K.NFGIWLR.Y,RPL18A,6.528e+7,3.348,0.001,2.922,0.000
30477,2,"  4.382","  0.659",19/34,/core/www/modules//sdig/index.php?run_id=110202&search_id=114132&scans_id=110198&peptide_id=22342&scanf=30477&charge=2&value=19/34,sp|P14618|KPYM_HUMAN,/core/www/modules//consensus/?run_id=110202&search_id=114132&scans_id=110198&peptide_id=22342&scanf=30477&charge=2&value=sp|P14618|KPYM_HUMAN,7,/core/www/modules/match_peptides/blast_html4.php?run_id=110202&search_id=114132&scans_id=110198&peptide_id=22342&scanf=30477&charge=2&value=7,K.GADFLVTEVENGGSLGSK.K,/core/www/modules/show_out/show_out_wrapper.php?run_id=110202&search_id=114132&scans_id=110198&peptide_id=22342&scanf=30477&charge=2&value=K.GADFLVTEVENGGSLGSK.K,PKM,3.717e+6,3.525,0.001,3.185,0.000
30478,3,"  3.602","  0.421",12/80,/core/www/modules//sdig/index.php?run_id=110202&search_id=114132&scans_id=110198&peptide_id=22343&scanf=30478&charge=3&value=12/80,sp|O60934|NBN_HUMAN,/core/www/modules//consensus/?run_id=110202&search_id=114132&scans_id=110198&peptide_id=22343&scanf=30478&charge=3&value=sp|O60934|NBN_HUMAN,8,/core/www/modules/match_peptides/blast_html4.php?run_id=110202&search_id=114132&scans_id=110198&peptide_id=22343&scanf=30478&charge=3&value=8,K.KQPPQIESFYPPLDEPSIGSK.N,/core/www/modules/show_out/show_out_wrapper.php?run_id=110202&search_id=114132&scans_id=110198&peptide_id=22343&scanf=30478&charge=3&value=K.KQPPQIESFYPPLDEPSIGSK.N,NBN,4.782e+6,2.009,0.104,0.984,0.005
30480,3,"  2.986","  0.275",10/64,/core/www/modules//sdig/index.php?run_id=110202&search_id=114132&scans_id=110198&peptide_id=22346&scanf=30480&charge=3&value=10/64,sp|Q12905|ILF2_HUMAN,/core/www/modules//consensus/?run_id=110202&search_id=114132&scans_id=110198&peptide_id=22346&scanf=30480&charge=3&value=sp|Q12905|ILF2_HUMAN,3,/core/www/modules/match_peptides/blast_html4.php?run_id=110202&search_id=114132&scans_id=110198&peptide_id=22346&scanf=30480&charge=3&value=3,K.GTM*TTGHNVADLVVILK.I,/core/www/modules/show_out/show_out_wrapper.php?run_id=110202&search_id=114132&scans_id=110198&peptide_id=22346&scanf=30480&charge=3&value=K.GTM*TTGHNVADLVVILK.I,ILF2,1.236e+7,2.208,0.055,1.257,0.002
30481,2,"  2.746","  0.619",12/22,/core/www/modules//sdig/index.php?run_id=110202&search_id=114132&scans_id=110198&peptide_id=22347&scanf=30481&charge=2&value=12/22,sp|P06733|ENOA_HUMAN,/core/www/modules//consensus/?run_id=110202&search_id=114132&scans_id=110198&peptide_id=22347&scanf=30481&charge=2&value=sp|P06733|ENOA_HUMAN,1,/core/www/modules/match_peptides/blast_html4.php?run_id=110202&search_id=114132&scans_id=110198&peptide_id=22347&scanf=30481&charge=2&value=1,R.YISPDQLADLYK.S,/core/www/modules/show_out/show_out_wrapper.php?run_id=110202&search_id=114132&scans_id=110198&peptide_id=22347&scanf=30481&charge=2&value=R.YISPDQLADLYK.S,ENO1,1.911e+7,3.386,0.001,2.980,0.000
30482,3,"  4.250","  0.478",19/84,/core/www/modules//sdig/index.php?run_id=110202&search_id=114132&scans_id=110198&peptide_id=22348&scanf=30482&charge=3&value=19/84,sp|Q00610|CLH1_HUMAN,/core/www/modules//consensus/?run_id=110202&search_id=114132&scans_id=110198&peptide_id=22348&scanf=30482&charge=3&value=sp|Q00610|CLH1_HUMAN,11,/core/www/modules/match_peptides/blast_html4.php?run_id=110202&search_id=114132&scans_id=110198&peptide_id=22348&scanf=30482&charge=3&value=11,R.LAELEEFINGPNNAHIQQVGDR.C,/core/www/modules/show_out/show_out_wrapper.php?run_id=110202&search_id=114132&scans_id=110198&peptide_id=22348&scanf=30482&charge=3&value=R.LAELEEFINGPNNAHIQQVGDR.C,CLTC,2.220e+6,2.826,0.007,2.151,0.000
30483,2,"  3.024","  0.638",13/24,/core/www/modules//sdig/index.php?run_id=110202&search_id=114132&scans_id=110198&peptide_id=22349&scanf=30483&charge=2&value=13/24,sp|Q86VP6|CAND1_HUMAN,/core/www/modules//consensus/?run_id=110202&search_id=114132&scans_id=110198&peptide_id=22349&scanf=30483&charge=2&value=sp|Q86VP6|CAND1_HUMAN,0,/core/www/modules/match_peptides/blast_html4.php?run_id=110202&search_id=114132&scans_id=110198&peptide_id=22349&scanf=30483&charge=2&value=0,R.FMATNDLMTELQK.D,/core/www/modules/show_out/show_out_wrapper.php?run_id=110202&search_id=114132&scans_id=110198&peptide_id=22349&scanf=30483&charge=2&value=R.FMATNDLMTELQK.D,CAND1,4.349e+6,3.512,0.001,3.166,0.000
30484,3,"  3.280","  0.533",16/60,/core/www/modules//sdig/index.php?run_id=110202&search_id=114132&scans_id=110198&peptide_id=22350&scanf=30484&charge=3&value=16/60,sp|P78347|GTF2I_HUMAN,/core/www/modules//consensus/?run_id=110202&search_id=114132&scans_id=110198&peptide_id=22350&scanf=30484&charge=3&value=sp|P78347|GTF2I_HUMAN,2,/core/www/modules/match_peptides/blast_html4.php?run_id=110202&search_id=114132&scans_id=110198&peptide_id=22350&scanf=30484&charge=3&value=2,K.KPELVISYLPPGMASK.I,/core/www/modules/show_out/show_out_wrapper.php?run_id=110202&search_id=114132&scans_id=110198&peptide_id=22350&scanf=30484&charge=3&value=K.KPELVISYLPPGMASK.I,GTF2I,8.178e+6,3.274,0.002,2.813,0.000
30486,2,"  2.826","  0.638",13/24,/core/www/modules//sdig/index.php?run_id=110202&search_id=114132&scans_id=110198&peptide_id=22352&scanf=30486&charge=2&value=13/24,sp|Q14690|RRP5_HUMAN,/core/www/modules//consensus/?run_id=110202&search_id=114132&scans_id=110198&peptide_id=22352&scanf=30486&charge=2&value=sp|Q14690|RRP5_HUMAN,1,/core/www/modules/match_peptides/blast_html4.php?run_id=110202&search_id=114132&scans_id=110198&peptide_id=22352&scanf=30486&charge=2&value=1,K.FAQLEFQLGDAER.A,/core/www/modules/show_out/show_out_wrapper.php?run_id=110202&search_id=114132&scans_id=110198&peptide_id=22352&scanf=30486&charge=2&value=K.FAQLEFQLGDAER.A,PDCD11,2.908e+6,3.646,0.000,3.365,0.000
30487,3,"  6.346","  0.720",28/104,/core/www/modules//sdig/index.php?run_id=110202&search_id=114132&scans_id=110198&peptide_id=22353&scanf=30487&charge=3&value=28/104,sp|O75940|SPF30_HUMAN,/core/www/modules//consensus/?run_id=110202&search_id=114132&scans_id=110198&peptide_id=22353&scanf=30487&charge=3&value=sp|O75940|SPF30_HUMAN,0,/core/www/modules/match_peptides/blast_html4.php?run_id=110202&search_id=114132&scans_id=110198&peptide_id=22353&scanf=30487&charge=3&value=0,K.DLLSTQPSETLASSDSFASTQPTHSWK.V,/core/www/modules/show_out/show_out_wrapper.php?run_id=110202&search_id=114132&scans_id=110198&peptide_id=22353&scanf=30487&charge=3&value=K.DLLSTQPSETLASSDSFASTQPTHSWK.V,SMNDC1,1.318e+6,3.558,0.001,3.234,0.000
30492,2,"  2.084","  0.241",13/18,/core/www/modules//sdig/index.php?run_id=110202&search_id=114132&scans_id=110198&peptide_id=22358&scanf=30492&charge=2&value=13/18,sp|Q92878|RAD50_HUMAN,/core/www/modules//consensus/?run_id=110202&search_id=114132&scans_id=110198&peptide_id=22358&scanf=30492&charge=2&value=sp|Q92878|RAD50_HUMAN,7,/core/www/modules/match_peptides/blast_html4.php?run_id=110202&search_id=114132&scans_id=110198&peptide_id=22358&scanf=30492&charge=2&value=7,R.ILELDQELIK.A,/core/www/modules/show_out/show_out_wrapper.php?run_id=110202&search_id=114132&scans_id=110198&peptide_id=22358&scanf=30492&charge=2&value=R.ILELDQELIK.A,RAD50,1.445e+7,2.630,0.014,1.863,0.000
30494,3,"  5.725","  0.697",24/68,/core/www/modules//sdig/index.php?run_id=110202&search_id=114132&scans_id=110198&peptide_id=22360&scanf=30494&charge=3&value=24/68,sp|P43686|PRS6B_HUMAN,/core/www/modules//consensus/?run_id=110202&search_id=114132&scans_id=110198&peptide_id=22360&scanf=30494&charge=3&value=sp|P43686|PRS6B_HUMAN,0,/core/www/modules/match_peptides/blast_html4.php?run_id=110202&search_id=114132&scans_id=110198&peptide_id=22360&scanf=30494&charge=3&value=0,K.MNLSEEVDLEDYVARPDK.I,/core/www/modules/show_out/show_out_wrapper.php?run_id=110202&search_id=114132&scans_id=110198&peptide_id=22360&scanf=30494&charge=3&value=K.MNLSEEVDLEDYVARPDK.I,PSMC4,8.723e+6,3.946,0.000,3.810,0.000
30495,3,"  4.635","  0.595",12/60,/core/www/modules//sdig/index.php?run_id=110202&search_id=114132&scans_id=110198&peptide_id=22361&scanf=30495&charge=3&value=12/60,sp|Q15648|MED1_HUMAN,/core/www/modules//consensus/?run_id=110202&search_id=114132&scans_id=110198&peptide_id=22361&scanf=30495&charge=3&value=sp|Q15648|MED1_HUMAN,0,/core/www/modules/match_peptides/blast_html4.php?run_id=110202&search_id=114132&scans_id=110198&peptide_id=22361&scanf=30495&charge=3&value=0,K.LPIAPLIMGSHPVDNK.W,/core/www/modules/show_out/show_out_wrapper.php?run_id=110202&search_id=114132&scans_id=110198&peptide_id=22361&scanf=30495&charge=3&value=K.LPIAPLIMGSHPVDNK.W,MED1,4.177e+6,3.315,0.001,2.874,0.000
30496,2,"  1.743","  0.320",9/16,/core/www/modules//sdig/index.php?run_id=110202&search_id=114132&scans_id=110198&peptide_id=22362&scanf=30496&charge=2&value=9/16,sp|Q8IXT5|RB12B_HUMAN,/core/www/modules//consensus/?run_id=110202&search_id=114132&scans_id=110198&peptide_id=22362&scanf=30496&charge=2&value=sp|Q8IXT5|RB12B_HUMAN,1,/core/www/modules/match_peptides/blast_html4.php?run_id=110202&search_id=114132&scans_id=110198&peptide_id=22362&scanf=30496&charge=2&value=1,R.FLGTEVLLR.L,/core/www/modules/show_out/show_out_wrapper.php?run_id=110202&search_id=114132&scans_id=110198&peptide_id=22362&scanf=30496&charge=2&value=R.FLGTEVLLR.L,RBM12B,1.502e+7,2.758,0.009,2.052,0.000
30497,2,"  4.154","  0.168",14/26,/core/www/modules//sdig/index.php?run_id=110202&search_id=114132&scans_id=110198&peptide_id=22363&scanf=30497&charge=2&value=14/26,sp|Q14315|FLNC_HUMAN,/core/www/modules//consensus/?run_id=110202&search_id=114132&scans_id=110198&peptide_id=22363&scanf=30497&charge=2&value=sp|Q14315|FLNC_HUMAN,0,/core/www/modules/match_peptides/blast_html4.php?run_id=110202&search_id=114132&scans_id=110198&peptide_id=22363&scanf=30497&charge=2&value=0,K.ITESDLSQLTASIR.A,/core/www/modules/show_out/show_out_wrapper.php?run_id=110202&search_id=114132&scans_id=110198&peptide_id=22363&scanf=30497&charge=2&value=K.ITESDLSQLTASIR.A,FLNC,5.229e+6,2.102,0.078,1.110,0.003
30500,2,"  1.847","  0.508",7/14,/core/www/modules//sdig/index.php?run_id=110202&search_id=114132&scans_id=110198&peptide_id=22367&scanf=30500&charge=2&value=7/14,sp|P60709|ACTB_HUMAN,/core/www/modules//consensus/?run_id=110202&search_id=114132&scans_id=110198&peptide_id=22367&scanf=30500&charge=2&value=sp|P60709|ACTB_HUMAN,16,/core/www/modules/match_peptides/blast_html4.php?run_id=110202&search_id=114132&scans_id=110198&peptide_id=22367&scanf=30500&charge=2&value=16,R.DLTDYLMK.I,/core/www/modules/show_out/show_out_wrapper.php?run_id=110202&search_id=114132&scans_id=110198&peptide_id=22367&scanf=30500&charge=2&value=R.DLTDYLMK.I,ACTB,2.020e+9,3.740,0.000,3.504,0.000
30502,2,"  3.571","  0.550",14/34,/core/www/modules//sdig/index.php?run_id=110202&search_id=114132&scans_id=110198&peptide_id=22369&scanf=30502&charge=2&value=14/34,sp|Q71SY5|MED25_HUMAN,/core/www/modules//consensus/?run_id=110202&search_id=114132&scans_id=110198&peptide_id=22369&scanf=30502&charge=2&value=sp|Q71SY5|MED25_HUMAN,1,/core/www/modules/match_peptides/blast_html4.php?run_id=110202&search_id=114132&scans_id=110198&peptide_id=22369&scanf=30502&charge=2&value=1,R.GLVLPVGGGSAPGPLQSK.Q,/core/www/modules/show_out/show_out_wrapper.php?run_id=110202&search_id=114132&scans_id=110198&peptide_id=22369&scanf=30502&charge=2&value=R.GLVLPVGGGSAPGPLQSK.Q,MED25,3.232e+6,2.920,0.005,2.290,0.000
30503,2,"  2.205","  0.272",10/16,/core/www/modules//sdig/index.php?run_id=110202&search_id=114132&scans_id=110198&peptide_id=22370&scanf=30503&charge=2&value=10/16,sp|Q92616|GCN1_HUMAN,/core/www/modules//consensus/?run_id=110202&search_id=114132&scans_id=110198&peptide_id=22370&scanf=30503&charge=2&value=sp|Q92616|GCN1_HUMAN,0,/core/www/modules/match_peptides/blast_html4.php?run_id=110202&search_id=114132&scans_id=110198&peptide_id=22370&scanf=30503&charge=2&value=0,R.VVLPYLVPK.L,/core/www/modules/show_out/show_out_wrapper.php?run_id=110202&search_id=114132&scans_id=110198&peptide_id=22370&scanf=30503&charge=2&value=R.VVLPYLVPK.L,GCN1,6.646e+6,2.742,0.009,2.028,0.000
30504,2,"  2.833","  0.377",11/18,/core/www/modules//sdig/index.php?run_id=110202&search_id=114132&scans_id=110198&peptide_id=22371&scanf=30504&charge=2&value=11/18,sp|Q99567|NUP88_HUMAN,/core/www/modules//consensus/?run_id=110202&search_id=114132&scans_id=110198&peptide_id=22371&scanf=30504&charge=2&value=sp|Q99567|NUP88_HUMAN,11,/core/www/modules/match_peptides/blast_html4.php?run_id=110202&search_id=114132&scans_id=110198&peptide_id=22371&scanf=30504&charge=2&value=11,K.ELQLIPDQLR.H,/core/www/modules/show_out/show_out_wrapper.php?run_id=110202&search_id=114132&scans_id=110198&peptide_id=22371&scanf=30504&charge=2&value=K.ELQLIPDQLR.H,NUP88,2.116e+6,2.840,0.007,2.172,0.000
30505,3,"  2.675","  0.299",9/44,/core/www/modules//sdig/index.php?run_id=110202&search_id=114132&scans_id=110198&peptide_id=22372&scanf=30505&charge=3&value=9/44,sp|Q4G148|GXLT1_HUMAN,/core/www/modules//consensus/?run_id=110202&search_id=114132&scans_id=110198&peptide_id=22372&scanf=30505&charge=3&value=sp|Q4G148|GXLT1_HUMAN,0,/core/www/modules/match_peptides/blast_html4.php?run_id=110202&search_id=114132&scans_id=110198&peptide_id=22372&scanf=30505&charge=3&value=0,R.SLLKPLELELQK.T,/core/www/modules/show_out/show_out_wrapper.php?run_id=110202&search_id=114132&scans_id=110198&peptide_id=22372&scanf=30505&charge=3&value=R.SLLKPLELELQK.T,GXYLT1,1.794e+6,2.381,0.032,1.502,0.001
30506,3,"  5.816","  0.565",21/92,/core/www/modules//sdig/index.php?run_id=110202&search_id=114132&scans_id=110198&peptide_id=22373&scanf=30506&charge=3&value=21/92,sp|Q7KZF4|SND1_HUMAN,/core/www/modules//consensus/?run_id=110202&search_id=114132&scans_id=110198&peptide_id=22373&scanf=30506&charge=3&value=sp|Q7KZF4|SND1_HUMAN,0,/core/www/modules/match_peptides/blast_html4.php?run_id=110202&search_id=114132&scans_id=110198&peptide_id=22373&scanf=30506&charge=3&value=0,K.VNVTVDYIRPASPATETVPAFSER.T,/core/www/modules/show_out/show_out_wrapper.php?run_id=110202&search_id=114132&scans_id=110198&peptide_id=22373&scanf=30506&charge=3&value=K.VNVTVDYIRPASPATETVPAFSER.T,SND1,8.050e+6,3.192,0.002,2.692,0.000
30511,3,"  3.799","  0.452",15/72,/core/www/modules//sdig/index.php?run_id=110202&search_id=114132&scans_id=110198&peptide_id=22379&scanf=30511&charge=3&value=15/72,sp|Q13162|PRDX4_HUMAN,/core/www/modules//consensus/?run_id=110202&search_id=114132&scans_id=110198&peptide_id=22379&scanf=30511&charge=3&value=sp|Q13162|PRDX4_HUMAN,1,/core/www/modules/match_peptides/blast_html4.php?run_id=110202&search_id=114132&scans_id=110198&peptide_id=22379&scanf=30511&charge=3&value=1,K.ISKPAPYWEGTAVIDGEFK.E,/core/www/modules/show_out/show_out_wrapper.php?run_id=110202&search_id=114132&scans_id=110198&peptide_id=22379&scanf=30511&charge=3&value=K.ISKPAPYWEGTAVIDGEFK.E,PRDX4,2.059e+6,2.676,0.012,1.931,0.000
30515,2,"  3.022","  0.557",14/28,/core/www/modules//sdig/index.php?run_id=110202&search_id=114132&scans_id=110198&peptide_id=22382&scanf=30515&charge=2&value=14/28,sp|Q29RF7|PDS5A_HUMAN,/core/www/modules//consensus/?run_id=110202&search_id=114132&scans_id=110198&peptide_id=22382&scanf=30515&charge=2&value=sp|Q29RF7|PDS5A_HUMAN,1,/core/www/modules/match_peptides/blast_html4.php?run_id=110202&search_id=114132&scans_id=110198&peptide_id=22382&scanf=30515&charge=2&value=1,K.LWSPDEEVSPEVLAK.V,/core/www/modules/show_out/show_out_wrapper.php?run_id=110202&search_id=114132&scans_id=110198&peptide_id=22382&scanf=30515&charge=2&value=K.LWSPDEEVSPEVLAK.V,PDS5A,1.350e+7,3.224,0.002,2.739,0.000
30516,2,"  2.352","  0.485",11/18,/core/www/modules//sdig/index.php?run_id=110202&search_id=114132&scans_id=110198&peptide_id=22383&scanf=30516&charge=2&value=11/18,sp|P51531|SMCA2_HUMAN,/core/www/modules//consensus/?run_id=110202&search_id=114132&scans_id=110198&peptide_id=22383&scanf=30516&charge=2&value=sp|P51531|SMCA2_HUMAN,40,/core/www/modules/match_peptides/blast_html4.php?run_id=110202&search_id=114132&scans_id=110198&peptide_id=22383&scanf=30516&charge=2&value=40,K.ELPEYYELIR.K,/core/www/modules/show_out/show_out_wrapper.php?run_id=110202&search_id=114132&scans_id=110198&peptide_id=22383&scanf=30516&charge=2&value=K.ELPEYYELIR.K,SMARCA2,9.477e+7,3.447,0.001,3.070,0.000
30517,2,"  3.054","  0.184",14/26,/core/www/modules//sdig/index.php?run_id=110202&search_id=114132&scans_id=110198&peptide_id=22384&scanf=30517&charge=2&value=14/26,sp|Q14315|FLNC_HUMAN,/core/www/modules//consensus/?run_id=110202&search_id=114132&scans_id=110198&peptide_id=22384&scanf=30517&charge=2&value=sp|Q14315|FLNC_HUMAN,0,/core/www/modules/match_peptides/blast_html4.php?run_id=110202&search_id=114132&scans_id=110198&peptide_id=22384&scanf=30517&charge=2&value=0,K.ITESDLSQLTASIR.A,/core/www/modules/show_out/show_out_wrapper.php?run_id=110202&search_id=114132&scans_id=110198&peptide_id=22384&scanf=30517&charge=2&value=K.ITESDLSQLTASIR.A,FLNC,5.229e+6,2.116,0.074,1.129,0.002
30518,2,"  2.872","  0.555",12/22,/core/www/modules//sdig/index.php?run_id=110202&search_id=114132&scans_id=110198&peptide_id=22385&scanf=30518&charge=2&value=12/22,sp|P30101|PDIA3_HUMAN,/core/www/modules//consensus/?run_id=110202&search_id=114132&scans_id=110198&peptide_id=22385&scanf=30518&charge=2&value=sp|P30101|PDIA3_HUMAN,4,/core/www/modules/match_peptides/blast_html4.php?run_id=110202&search_id=114132&scans_id=110198&peptide_id=22385&scanf=30518&charge=2&value=4,R.GFPTIYFSPANK.K,/core/www/modules/show_out/show_out_wrapper.php?run_id=110202&search_id=114132&scans_id=110198&peptide_id=22385&scanf=30518&charge=2&value=R.GFPTIYFSPANK.K,PDIA3,1.968e+7,3.158,0.002,2.642,0.000
30519,3,"  3.205","  0.502",11/48,/core/www/modules//sdig/index.php?run_id=110202&search_id=114132&scans_id=110198&peptide_id=22386&scanf=30519&charge=3&value=11/48,sp|Q9NTI5|PDS5B_HUMAN,/core/www/modules//consensus/?run_id=110202&search_id=114132&scans_id=110198&peptide_id=22386&scanf=30519&charge=3&value=sp|Q9NTI5|PDS5B_HUMAN,0,/core/www/modules/match_peptides/blast_html4.php?run_id=110202&search_id=114132&scans_id=110198&peptide_id=22386&scanf=30519&charge=3&value=0,K.ETQFAQIFEPLHK.S,/core/www/modules/show_out/show_out_wrapper.php?run_id=110202&search_id=114132&scans_id=110198&peptide_id=22386&scanf=30519&charge=3&value=K.ETQFAQIFEPLHK.S,PDS5B,1.334e+7,3.195,0.002,2.696,0.000
30520,2,"  2.785","  0.263",10/20,/core/www/modules//sdig/index.php?run_id=110202&search_id=114132&scans_id=110198&peptide_id=22388&scanf=30520&charge=2&value=10/20,sp|Q14669|TRIPC_HUMAN,/core/www/modules//consensus/?run_id=110202&search_id=114132&scans_id=110198&peptide_id=22388&scanf=30520&charge=2&value=sp|Q14669|TRIPC_HUMAN,2,/core/www/modules/match_peptides/blast_html4.php?run_id=110202&search_id=114132&scans_id=110198&peptide_id=22388&scanf=30520&charge=2&value=2,R.ALTYMMEALPR.S,/core/www/modules/show_out/show_out_wrapper.php?run_id=110202&search_id=114132&scans_id=110198&peptide_id=22388&scanf=30520&charge=2&value=R.ALTYMMEALPR.S,TRIP12,1.745e+7,2.302,0.041,1.390,0.001
30522,2,"  1.988","  0.193",8/16,/core/www/modules//sdig/index.php?run_id=110202&search_id=114132&scans_id=110198&peptide_id=22390&scanf=30522&charge=2&value=8/16,sp|Q8N556|AFAP1_HUMAN,/core/www/modules//consensus/?run_id=110202&search_id=114132&scans_id=110198&peptide_id=22390&scanf=30522&charge=2&value=sp|Q8N556|AFAP1_HUMAN,0,/core/www/modules/match_peptides/blast_html4.php?run_id=110202&search_id=114132&scans_id=110198&peptide_id=22390&scanf=30522&charge=2&value=0,K.AVITNILLR.I,/core/www/modules/show_out/show_out_wrapper.php?run_id=110202&search_id=114132&scans_id=110198&peptide_id=22390&scanf=30522&charge=2&value=K.AVITNILLR.I,AFAP1,2.331e+6,2.095,0.079,1.100,0.003
30528,2,"  3.217","  0.393",12/24,/core/www/modules//sdig/index.php?run_id=110202&search_id=114132&scans_id=110198&peptide_id=22396&scanf=30528&charge=2&value=12/24,sp|Q14152|EIF3A_HUMAN,/core/www/modules//consensus/?run_id=110202&search_id=114132&scans_id=110198&peptide_id=22396&scanf=30528&charge=2&value=sp|Q14152|EIF3A_HUMAN,0,/core/www/modules/match_peptides/blast_html4.php?run_id=110202&search_id=114132&scans_id=110198&peptide_id=22396&scanf=30528&charge=2&value=0,R.LATLLGLQAPPTR.I,/core/www/modules/show_out/show_out_wrapper.php?run_id=110202&search_id=114132&scans_id=110198&peptide_id=22396&scanf=30528&charge=2&value=R.LATLLGLQAPPTR.I,EIF3A,6.613e+6,2.755,0.009,2.047,0.000
30530,2,"  1.887","  0.355",9/22,/core/www/modules//sdig/index.php?run_id=110202&search_id=114132&scans_id=110198&peptide_id=22399&scanf=30530&charge=2&value=9/22,sp|P17812|PYRG1_HUMAN,/core/www/modules//consensus/?run_id=110202&search_id=114132&scans_id=110198&peptide_id=22399&scanf=30530&charge=2&value=sp|P17812|PYRG1_HUMAN,9,/core/www/modules/match_peptides/blast_html4.php?run_id=110202&search_id=114132&scans_id=110198&peptide_id=22399&scanf=30530&charge=2&value=9,K.GIIASSVGTILK.S,/core/www/modules/show_out/show_out_wrapper.php?run_id=110202&search_id=114132&scans_id=110198&peptide_id=22399&scanf=30530&charge=2&value=K.GIIASSVGTILK.S,CTPS1,1.530e+6,2.376,0.032,1.495,0.001
30531,2,"  2.326","  0.394",10/18,/core/www/modules//sdig/index.php?run_id=110202&search_id=114132&scans_id=110198&peptide_id=22400&scanf=30531&charge=2&value=10/18,sp|P42285|MTREX_HUMAN,/core/www/modules//consensus/?run_id=110202&search_id=114132&scans_id=110198&peptide_id=22400&scanf=30531&charge=2&value=sp|P42285|MTREX_HUMAN,0,/core/www/modules/match_peptides/blast_html4.php?run_id=110202&search_id=114132&scans_id=110198&peptide_id=22400&scanf=30531&charge=2&value=0,R.GIVILMVDEK.M,/core/www/modules/show_out/show_out_wrapper.php?run_id=110202&search_id=114132&scans_id=110198&peptide_id=22400&scanf=30531&charge=2&value=R.GIVILMVDEK.M,MTREX,9.444e+6,2.960,0.004,2.349,0.000
30534,3,"  2.768","  0.541",11/44,/core/www/modules//sdig/index.php?run_id=110202&search_id=114132&scans_id=110198&peptide_id=22402&scanf=30534&charge=3&value=11/44,sp|P60842|IF4A1_HUMAN,/core/www/modules//consensus/?run_id=110202&search_id=114132&scans_id=110198&peptide_id=22402&scanf=30534&charge=3&value=sp|P60842|IF4A1_HUMAN,7,/core/www/modules/match_peptides/blast_html4.php?run_id=110202&search_id=114132&scans_id=110198&peptide_id=22402&scanf=30534&charge=3&value=7,R.GFKDQIYDIFQK.L,/core/www/modules/show_out/show_out_wrapper.php?run_id=110202&search_id=114132&scans_id=110198&peptide_id=22402&scanf=30534&charge=3&value=R.GFKDQIYDIFQK.L,EIF4A1,1.996e+7,3.066,0.003,2.506,0.000
30537,2,"  3.434","  0.435",11/24,/core/www/modules//sdig/index.php?run_id=110202&search_id=114132&scans_id=110198&peptide_id=22405&scanf=30537&charge=2&value=11/24,sp|Q14839|CHD4_HUMAN,/core/www/modules//consensus/?run_id=110202&search_id=114132&scans_id=110198&peptide_id=22405&scanf=30537&charge=2&value=sp|Q14839|CHD4_HUMAN,18,/core/www/modules/match_peptides/blast_html4.php?run_id=110202&search_id=114132&scans_id=110198&peptide_id=22405&scanf=30537&charge=2&value=18,K.SAIDLTPIVVEDK.E,/core/www/modules/show_out/show_out_wrapper.php?run_id=110202&search_id=114132&scans_id=110198&peptide_id=22405&scanf=30537&charge=2&value=K.SAIDLTPIVVEDK.E,CHD4,1.133e+7,2.943,0.005,2.323,0.000
30538,3,"  3.388","  0.596",13/60,/core/www/modules//sdig/index.php?run_id=110202&search_id=114132&scans_id=110198&peptide_id=22406&scanf=30538&charge=3&value=13/60,sp|P78347|GTF2I_HUMAN,/core/www/modules//consensus/?run_id=110202&search_id=114132&scans_id=110198&peptide_id=22406&scanf=30538&charge=3&value=sp|P78347|GTF2I_HUMAN,2,/core/www/modules/match_peptides/blast_html4.php?run_id=110202&search_id=114132&scans_id=110198&peptide_id=22406&scanf=30538&charge=3&value=2,K.KPELVISYLPPGMASK.I,/core/www/modules/show_out/show_out_wrapper.php?run_id=110202&search_id=114132&scans_id=110198&peptide_id=22406&scanf=30538&charge=3&value=K.KPELVISYLPPGMASK.I,GTF2I,8.178e+6,3.423,0.001,3.034,0.000
30539,2,"  3.889","  0.495",12/22,/core/www/modules//sdig/index.php?run_id=110202&search_id=114132&scans_id=110198&peptide_id=22407&scanf=30539&charge=2&value=12/22,sp|Q9H9Y6|RPA2_HUMAN,/core/www/modules//consensus/?run_id=110202&search_id=114132&scans_id=110198&peptide_id=22407&scanf=30539&charge=2&value=sp|Q9H9Y6|RPA2_HUMAN,1,/core/www/modules/match_peptides/blast_html4.php?run_id=110202&search_id=114132&scans_id=110198&peptide_id=22407&scanf=30539&charge=2&value=1,K.LDDDGLPFIGAK.L,/core/www/modules/show_out/show_out_wrapper.php?run_id=110202&search_id=114132&scans_id=110198&peptide_id=22407&scanf=30539&charge=2&value=K.LDDDGLPFIGAK.L,POLR1B,3.405e+6,2.962,0.004,2.352,0.000
30541,2,"  2.669","  0.271",10/18,/core/www/modules//sdig/index.php?run_id=110202&search_id=114132&scans_id=110198&peptide_id=22410&scanf=30541&charge=2&value=10/18,sp|P26368|U2AF2_HUMAN,/core/www/modules//consensus/?run_id=110202&search_id=114132&scans_id=110198&peptide_id=22410&scanf=30541&charge=2&value=sp|P26368|U2AF2_HUMAN,0,/core/www/modules/match_peptides/blast_html4.php?run_id=110202&search_id=114132&scans_id=110198&peptide_id=22410&scanf=30541&charge=2&value=0,K.ELLTSFGPLK.A,/core/www/modules/show_out/show_out_wrapper.php?run_id=110202&search_id=114132&scans_id=110198&peptide_id=22410&scanf=30541&charge=2&value=K.ELLTSFGPLK.A,U2AF2,7.136e+7,2.493,0.022,1.663,0.001
30542,4,"  4.455","  0.547",16/150,/core/www/modules//sdig/index.php?run_id=110202&search_id=114132&scans_id=110198&peptide_id=22411&scanf=30542&charge=4&value=16/150,sp|O75643|U520_HUMAN,/core/www/modules//consensus/?run_id=110202&search_id=114132&scans_id=110198&peptide_id=22411&scanf=30542&charge=4&value=sp|O75643|U520_HUMAN,1,/core/www/modules/match_peptides/blast_html4.php?run_id=110202&search_id=114132&scans_id=110198&peptide_id=22411&scanf=30542&charge=4&value=1,K.GYEEVHVPALKPKPFGSEEQLLPVEK.L,/core/www/modules/show_out/show_out_wrapper.php?run_id=110202&search_id=114132&scans_id=110198&peptide_id=22411&scanf=30542&charge=4&value=K.GYEEVHVPALKPKPFGSEEQLLPVEK.L,SNRNP200,1.589e+6,3.447,0.001,3.070,0.000
30543,2,"  1.630","  0.320",8/12,/core/www/modules//sdig/index.php?run_id=110202&search_id=114132&scans_id=110198&peptide_id=22412&scanf=30543&charge=2&value=8/12,sp|Q9UKV3|ACINU_HUMAN,/core/www/modules//consensus/?run_id=110202&search_id=114132&scans_id=110198&peptide_id=22412&scanf=30543&charge=2&value=sp|Q9UKV3|ACINU_HUMAN,3,/core/www/modules/match_peptides/blast_html4.php?run_id=110202&search_id=114132&scans_id=110198&peptide_id=22412&scanf=30543&charge=2&value=3,K.LLDDLFR.K,/core/www/modules/show_out/show_out_wrapper.php?run_id=110202&search_id=114132&scans_id=110198&peptide_id=22412&scanf=30543&charge=2&value=K.LLDDLFR.K,ACIN1,5.979e+7,2.860,0.006,2.202,0.000
30550,3,"  4.851","  0.375",14/68,/core/www/modules//sdig/index.php?run_id=110202&search_id=114132&scans_id=110198&peptide_id=22419&scanf=30550&charge=3&value=14/68,sp|Q9Y2Z4|SYYM_HUMAN,/core/www/modules//consensus/?run_id=110202&search_id=114132&scans_id=110198&peptide_id=22419&scanf=30550&charge=3&value=sp|Q9Y2Z4|SYYM_HUMAN,1,/core/www/modules/match_peptides/blast_html4.php?run_id=110202&search_id=114132&scans_id=110198&peptide_id=22419&scanf=30550&charge=3&value=1,R.LGLEALAANHQQLFTDGR.S,/core/www/modules/show_out/show_out_wrapper.php?run_id=110202&search_id=114132&scans_id=110198&peptide_id=22419&scanf=30550&charge=3&value=R.LGLEALAANHQQLFTDGR.S,YARS2,2.624e+6,2.535,0.019,1.724,0.000
30555,2,"  3.579","  0.576",14/22,/core/www/modules//sdig/index.php?run_id=110202&search_id=114132&scans_id=110198&peptide_id=22423&scanf=30555&charge=2&value=14/22,sp|O76021|RL1D1_HUMAN,/core/www/modules//consensus/?run_id=110202&search_id=114132&scans_id=110198&peptide_id=22423&scanf=30555&charge=2&value=sp|O76021|RL1D1_HUMAN,4,/core/www/modules/match_peptides/blast_html4.php?run_id=110202&search_id=114132&scans_id=110198&peptide_id=22423&scanf=30555&charge=2&value=4,K.TVSQIISLQTLK.K,/core/www/modules/show_out/show_out_wrapper.php?run_id=110202&search_id=114132&scans_id=110198&peptide_id=22423&scanf=30555&charge=2&value=K.TVSQIISLQTLK.K,RSL1D1,1.278e+8,3.640,0.000,3.356,0.000
30557,2,"  3.964","  0.664",15/24,/core/www/modules//sdig/index.php?run_id=110202&search_id=114132&scans_id=110198&peptide_id=22425&scanf=30557&charge=2&value=15/24,sp|Q15459|SF3A1_HUMAN,/core/www/modules//consensus/?run_id=110202&search_id=114132&scans_id=110198&peptide_id=22425&scanf=30557&charge=2&value=sp|Q15459|SF3A1_HUMAN,0,/core/www/modules/match_peptides/blast_html4.php?run_id=110202&search_id=114132&scans_id=110198&peptide_id=22425&scanf=30557&charge=2&value=0,K.TEDSLMPEEEFLR.R,/core/www/modules/show_out/show_out_wrapper.php?run_id=110202&search_id=114132&scans_id=110198&peptide_id=22425&scanf=30557&charge=2&value=K.TEDSLMPEEEFLR.R,SF3A1,6.582e+6,3.882,0.000,3.715,0.000
30558,3,"  2.030","  0.405",11/60,/core/www/modules//sdig/index.php?run_id=110202&search_id=114132&scans_id=110198&peptide_id=22426&scanf=30558&charge=3&value=11/60,sp|Q5JVF3|PCID2_HUMAN,/core/www/modules//consensus/?run_id=110202&search_id=114132&scans_id=110198&peptide_id=22426&scanf=30558&charge=3&value=sp|Q5JVF3|PCID2_HUMAN,0,/core/www/modules/match_peptides/blast_html4.php?run_id=110202&search_id=114132&scans_id=110198&peptide_id=22426&scanf=30558&charge=3&value=0,R.AVSEGNLLLLHEALAK.H,/core/www/modules/show_out/show_out_wrapper.php?run_id=110202&search_id=114132&scans_id=110198&peptide_id=22426&scanf=30558&charge=3&value=R.AVSEGNLLLLHEALAK.H,PCID2,8.280e+6,2.541,0.018,1.734,0.000
30561,2,"  2.156","  0.286",9/18,/core/www/modules//sdig/index.php?run_id=110202&search_id=114132&scans_id=110198&peptide_id=22430&scanf=30561&charge=2&value=9/18,sp|P08133|ANXA6_HUMAN,/core/www/modules//consensus/?run_id=110202&search_id=114132&scans_id=110198&peptide_id=22430&scanf=30561&charge=2&value=sp|P08133|ANXA6_HUMAN,2,/core/www/modules/match_peptides/blast_html4.php?run_id=110202&search_id=114132&scans_id=110198&peptide_id=22430&scanf=30561&charge=2&value=2,K.MLVVLLQGTR.E,/core/www/modules/show_out/show_out_wrapper.php?run_id=110202&search_id=114132&scans_id=110198&peptide_id=22430&scanf=30561&charge=2&value=K.MLVVLLQGTR.E,ANXA6,2.524e+6,2.328,0.037,1.426,0.001
30566,3,"  2.190","  0.387",11/48,/core/www/modules//sdig/index.php?run_id=110202&search_id=114132&scans_id=110198&peptide_id=22435&scanf=30566&charge=3&value=11/48,sp|A6NHR9|SMHD1_HUMAN,/core/www/modules//consensus/?run_id=110202&search_id=114132&scans_id=110198&peptide_id=22435&scanf=30566&charge=3&value=sp|A6NHR9|SMHD1_HUMAN,4,/core/www/modules/match_peptides/blast_html4.php?run_id=110202&search_id=114132&scans_id=110198&peptide_id=22435&scanf=30566&charge=3&value=4,K.LYFKPIGDPVFAR.D,/core/www/modules/show_out/show_out_wrapper.php?run_id=110202&search_id=114132&scans_id=110198&peptide_id=22435&scanf=30566&charge=3&value=K.LYFKPIGDPVFAR.D,SMCHD1,1.946e+7,2.920,0.005,2.290,0.000
30567,2,"  3.800","  0.482",13/22,/core/www/modules//sdig/index.php?run_id=110202&search_id=114132&scans_id=110198&peptide_id=22436&scanf=30567&charge=2&value=13/22,sp|Q14204|DYHC1_HUMAN,/core/www/modules//consensus/?run_id=110202&search_id=114132&scans_id=110198&peptide_id=22436&scanf=30567&charge=2&value=sp|Q14204|DYHC1_HUMAN,28,/core/www/modules/match_peptides/blast_html4.php?run_id=110202&search_id=114132&scans_id=110198&peptide_id=22436&scanf=30567&charge=2&value=28,R.VQVALEELQDLK.G,/core/www/modules/show_out/show_out_wrapper.php?run_id=110202&search_id=114132&scans_id=110198&peptide_id=22436&scanf=30567&charge=2&value=R.VQVALEELQDLK.G,DYNC1H1,5.770e+6,3.478,0.001,3.116,0.000
30569,3,"  3.442","  0.463",16/40,/core/www/modules//sdig/index.php?run_id=110202&search_id=114132&scans_id=110198&peptide_id=22438&scanf=30569&charge=3&value=16/40,sp|P13010|XRCC5_HUMAN,/core/www/modules//consensus/?run_id=110202&search_id=114132&scans_id=110198&peptide_id=22438&scanf=30569&charge=3&value=sp|P13010|XRCC5_HUMAN,0,/core/www/modules/match_peptides/blast_html4.php?run_id=110202&search_id=114132&scans_id=110198&peptide_id=22438&scanf=30569&charge=3&value=0,K.SQLDIIIHSLK.K,/core/www/modules/show_out/show_out_wrapper.php?run_id=110202&search_id=114132&scans_id=110198&peptide_id=22438&scanf=30569&charge=3&value=K.SQLDIIIHSLK.K,XRCC5,6.091e+7,3.467,0.001,3.099,0.000
30571,2,"  2.022","  0.426",8/14,/core/www/modules//sdig/index.php?run_id=110202&search_id=114132&scans_id=110198&peptide_id=22441&scanf=30571&charge=2&value=8/14,sp|Q92841|DDX17_HUMAN,/core/www/modules//consensus/?run_id=110202&search_id=114132&scans_id=110198&peptide_id=22441&scanf=30571&charge=2&value=sp|Q92841|DDX17_HUMAN,3,/core/www/modules/match_peptides/blast_html4.php?run_id=110202&search_id=114132&scans_id=110198&peptide_id=22441&scanf=30571&charge=2&value=3,R.DWVLNEFR.S,/core/www/modules/show_out/show_out_wrapper.php?run_id=110202&search_id=114132&scans_id=110198&peptide_id=22441&scanf=30571&charge=2&value=R.DWVLNEFR.S,DDX17,5.651e+7,3.114,0.003,2.577,0.000
30572,2,"  1.575","  0.161",7/16,/core/www/modules//sdig/index.php?run_id=110202&search_id=114132&scans_id=110198&peptide_id=22442&scanf=30572&charge=2&value=7/16,sp|Q9GZM5|YIPF3_HUMAN,/core/www/modules//consensus/?run_id=110202&search_id=114132&scans_id=110198&peptide_id=22442&scanf=30572&charge=2&value=sp|Q9GZM5|YIPF3_HUMAN,4,/core/www/modules/match_peptides/blast_html4.php?run_id=110202&search_id=114132&scans_id=110198&peptide_id=22442&scanf=30572&charge=2&value=4,R.LLESMIPIK.M,/core/www/modules/show_out/show_out_wrapper.php?run_id=110202&search_id=114132&scans_id=110198&peptide_id=22442&scanf=30572&charge=2&value=R.LLESMIPIK.M,YIPF3,1.876e+6,1.863,0.160,0.796,0.008
30576,3,"  3.271","  0.485",15/56,/core/www/modules//sdig/index.php?run_id=110202&search_id=114132&scans_id=110198&peptide_id=22445&scanf=30576&charge=3&value=15/56,sp|Q9BQG0|MBB1A_HUMAN,/core/www/modules//consensus/?run_id=110202&search_id=114132&scans_id=110198&peptide_id=22445&scanf=30576&charge=3&value=sp|Q9BQG0|MBB1A_HUMAN,1,/core/www/modules/match_peptides/blast_html4.php?run_id=110202&search_id=114132&scans_id=110198&peptide_id=22445&scanf=30576&charge=3&value=1,K.LVGSVNLFSDENVPR.L,/core/www/modules/show_out/show_out_wrapper.php?run_id=110202&search_id=114132&scans_id=110198&peptide_id=22445&scanf=30576&charge=3&value=K.LVGSVNLFSDENVPR.L,MYBBP1A,1.034e+7,3.223,0.002,2.738,0.000
30578,3,"  2.529","  0.379",11/56,/core/www/modules//sdig/index.php?run_id=110202&search_id=114132&scans_id=110198&peptide_id=22447&scanf=30578&charge=3&value=11/56,sp|P04350|TBB4A_HUMAN,/core/www/modules//consensus/?run_id=110202&search_id=114132&scans_id=110198&peptide_id=22447&scanf=30578&charge=3&value=sp|P04350|TBB4A_HUMAN,9,/core/www/modules/match_peptides/blast_html4.php?run_id=110202&search_id=114132&scans_id=110198&peptide_id=22447&scanf=30578&charge=3&value=9,R.AVLVDLEPGTMDSVR.S,/core/www/modules/show_out/show_out_wrapper.php?run_id=110202&search_id=114132&scans_id=110198&peptide_id=22447&scanf=30578&charge=3&value=R.AVLVDLEPGTMDSVR.S,TUBB4A,4.789e+6,2.601,0.015,1.822,0.000
30581,2,"  1.852","  0.323",8/22,/core/www/modules//sdig/index.php?run_id=110202&search_id=114132&scans_id=110198&peptide_id=22451&scanf=30581&charge=2&value=8/22,sp|Q8N9T8|KRI1_HUMAN,/core/www/modules//consensus/?run_id=110202&search_id=114132&scans_id=110198&peptide_id=22451&scanf=30581&charge=2&value=sp|Q8N9T8|KRI1_HUMAN,3,/core/www/modules/match_peptides/blast_html4.php?run_id=110202&search_id=114132&scans_id=110198&peptide_id=22451&scanf=30581&charge=2&value=3,K.AQEEADYIEWLK.G,/core/www/modules/show_out/show_out_wrapper.php?run_id=110202&search_id=114132&scans_id=110198&peptide_id=22451&scanf=30581&charge=2&value=K.AQEEADYIEWLK.G,KRI1,6.232e+6,2.247,0.049,1.311,0.002
30582,2,"  4.213","  0.659",18/30,/core/www/modules//sdig/index.php?run_id=110202&search_id=114132&scans_id=110198&peptide_id=22452&scanf=30582&charge=2&value=18/30,sp|Q13823|NOG2_HUMAN,/core/www/modules//consensus/?run_id=110202&search_id=114132&scans_id=110198&peptide_id=22452&scanf=30582&charge=2&value=sp|Q13823|NOG2_HUMAN,0,/core/www/modules/match_peptides/blast_html4.php?run_id=110202&search_id=114132&scans_id=110198&peptide_id=22452&scanf=30582&charge=2&value=0,K.VHILDTESFETTFGPK.S,/core/www/modules/show_out/show_out_wrapper.php?run_id=110202&search_id=114132&scans_id=110198&peptide_id=22452&scanf=30582&charge=2&value=K.VHILDTESFETTFGPK.S,GNL2,2.090e+6,3.629,0.000,3.339,0.000
30583,2,"  2.135","  0.292",8/18,/core/www/modules//sdig/index.php?run_id=110202&search_id=114132&scans_id=110198&peptide_id=22453&scanf=30583&charge=2&value=8/18,sp|Q9UNQ2|DIM1_HUMAN,/core/www/modules//consensus/?run_id=110202&search_id=114132&scans_id=110198&peptide_id=22453&scanf=30583&charge=2&value=sp|Q9UNQ2|DIM1_HUMAN,7,/core/www/modules/match_peptides/blast_html4.php?run_id=110202&search_id=114132&scans_id=110198&peptide_id=22453&scanf=30583&charge=2&value=7,K.LQVLVGDVLK.T,/core/www/modules/show_out/show_out_wrapper.php?run_id=110202&search_id=114132&scans_id=110198&peptide_id=22453&scanf=30583&charge=2&value=K.LQVLVGDVLK.T,DIMT1,6.150e+6,2.325,0.038,1.422,0.001
30584,2,"  1.851","  0.334",8/14,/core/www/modules//sdig/index.php?run_id=110202&search_id=114132&scans_id=110198&peptide_id=22454&scanf=30584&charge=2&value=8/14,sp|Q13242|SRSF9_HUMAN,/core/www/modules//consensus/?run_id=110202&search_id=114132&scans_id=110198&peptide_id=22454&scanf=30584&charge=2&value=sp|Q13242|SRSF9_HUMAN,2,/core/www/modules/match_peptides/blast_html4.php?run_id=110202&search_id=114132&scans_id=110198&peptide_id=22454&scanf=30584&charge=2&value=2,K.DLEDLFYK.Y,/core/www/modules/show_out/show_out_wrapper.php?run_id=110202&search_id=114132&scans_id=110198&peptide_id=22454&scanf=30584&charge=2&value=K.DLEDLFYK.Y,SRSF9,1.004e+7,2.777,0.008,2.079,0.000
30585,3,"  3.103","  0.595",14/40,/core/www/modules//sdig/index.php?run_id=110202&search_id=114132&scans_id=110198&peptide_id=22455&scanf=30585&charge=3&value=14/40,sp|Q8N201|INT1_HUMAN,/core/www/modules//consensus/?run_id=110202&search_id=114132&scans_id=110198&peptide_id=22455&scanf=30585&charge=3&value=sp|Q8N201|INT1_HUMAN,0,/core/www/modules/match_peptides/blast_html4.php?run_id=110202&search_id=114132&scans_id=110198&peptide_id=22455&scanf=30585&charge=3&value=0,K.LAVAHPLLLLR.H,/core/www/modules/show_out/show_out_wrapper.php?run_id=110202&search_id=114132&scans_id=110198&peptide_id=22455&scanf=30585&charge=3&value=K.LAVAHPLLLLR.H,INTS1,4.448e+6,3.717,0.000,3.470,0.000
30586,3,"  2.638","  0.490",15/88,/core/www/modules//sdig/index.php?run_id=110202&search_id=114132&scans_id=110198&peptide_id=22456&scanf=30586&charge=3&value=15/88,sp|Q9HB71|CYBP_HUMAN,/core/www/modules//consensus/?run_id=110202&search_id=114132&scans_id=110198&peptide_id=22456&scanf=30586&charge=3&value=sp|Q9HB71|CYBP_HUMAN,0,/core/www/modules/match_peptides/blast_html4.php?run_id=110202&search_id=114132&scans_id=110198&peptide_id=22456&scanf=30586&charge=3&value=0,K.AELLDNEKPAAVVAPITTGYTVK.I,/core/www/modules/show_out/show_out_wrapper.php?run_id=110202&search_id=114132&scans_id=110198&peptide_id=22456&scanf=30586&charge=3&value=K.AELLDNEKPAAVVAPITTGYTVK.I,CACYBP,2.058e+6,2.613,0.014,1.839,0.000
30589,3,"  2.893","  0.427",11/40,/core/www/modules//sdig/index.php?run_id=110202&search_id=114132&scans_id=110198&peptide_id=22459&scanf=30589&charge=3&value=11/40,sp|Q9H4L4|SENP3_HUMAN,/core/www/modules//consensus/?run_id=110202&search_id=114132&scans_id=110198&peptide_id=22459&scanf=30589&charge=3&value=sp|Q9H4L4|SENP3_HUMAN,1,/core/www/modules/match_peptides/blast_html4.php?run_id=110202&search_id=114132&scans_id=110198&peptide_id=22459&scanf=30589&charge=3&value=1,K.VHFFNSFFYDK.L,/core/www/modules/show_out/show_out_wrapper.php?run_id=110202&search_id=114132&scans_id=110198&peptide_id=22459&scanf=30589&charge=3&value=K.VHFFNSFFYDK.L,SENP3,3.314e+6,2.997,0.004,2.404,0.000
30590,2,"  2.474","  0.459",9/18,/core/www/modules//sdig/index.php?run_id=110202&search_id=114132&scans_id=110198&peptide_id=22461&scanf=30590&charge=2&value=9/18,sp|Q9Y4A5|TRRAP_HUMAN,/core/www/modules//consensus/?run_id=110202&search_id=114132&scans_id=110198&peptide_id=22461&scanf=30590&charge=2&value=sp|Q9Y4A5|TRRAP_HUMAN,2,/core/www/modules/match_peptides/blast_html4.php?run_id=110202&search_id=114132&scans_id=110198&peptide_id=22461&scanf=30590&charge=2&value=2,K.LEPAFLSGLR.C,/core/www/modules/show_out/show_out_wrapper.php?run_id=110202&search_id=114132&scans_id=110198&peptide_id=22461&scanf=30590&charge=2&value=K.LEPAFLSGLR.C,TRRAP,4.611e+6,2.970,0.004,2.364,0.000
30593,3,"  3.239","  0.232",8/60,/core/www/modules//sdig/index.php?run_id=110202&search_id=114132&scans_id=110198&peptide_id=22464&scanf=30593&charge=3&value=8/60,sp|P62736|ACTA_HUMAN,/core/www/modules//consensus/?run_id=110202&search_id=114132&scans_id=110198&peptide_id=22464&scanf=30593&charge=3&value=sp|P62736|ACTA_HUMAN,8,/core/www/modules/match_peptides/blast_html4.php?run_id=110202&search_id=114132&scans_id=110198&peptide_id=22464&scanf=30593&charge=3&value=8,K.YPIEHGIITNWDDMEK.I,/core/www/modules/show_out/show_out_wrapper.php?run_id=110202&search_id=114132&scans_id=110198&peptide_id=22464&scanf=30593&charge=3&value=K.YPIEHGIITNWDDMEK.I,ACTA2,4.286e+6,1.974,0.115,0.938,0.005
30594,3,"  1.992","  0.124",10/32,/core/www/modules//sdig/index.php?run_id=110202&search_id=114132&scans_id=110198&peptide_id=22465&scanf=30594&charge=3&value=10/32,sp|Q8WTT2|NOC3L_HUMAN,/core/www/modules//consensus/?run_id=110202&search_id=114132&scans_id=110198&peptide_id=22465&scanf=30594&charge=3&value=sp|Q8WTT2|NOC3L_HUMAN,0,/core/www/modules/match_peptides/blast_html4.php?run_id=110202&search_id=114132&scans_id=110198&peptide_id=22465&scanf=30594&charge=3&value=0,K.ELIHLLPIK.D,/core/www/modules/show_out/show_out_wrapper.php?run_id=110202&search_id=114132&scans_id=110198&peptide_id=22465&scanf=30594&charge=3&value=K.ELIHLLPIK.D,NOC3L,1.333e+7,2.135,0.070,1.155,0.002
30597,2,"  3.409","  0.649",13/22,/core/www/modules//sdig/index.php?run_id=110202&search_id=114132&scans_id=110198&peptide_id=22467&scanf=30597&charge=2&value=13/22,sp|Q9BQG0|MBB1A_HUMAN,/core/www/modules//consensus/?run_id=110202&search_id=114132&scans_id=110198&peptide_id=22467&scanf=30597&charge=2&value=sp|Q9BQG0|MBB1A_HUMAN,1,/core/www/modules/match_peptides/blast_html4.php?run_id=110202&search_id=114132&scans_id=110198&peptide_id=22467&scanf=30597&charge=2&value=1,R.VYSTALSSFLTK.R,/core/www/modules/show_out/show_out_wrapper.php?run_id=110202&search_id=114132&scans_id=110198&peptide_id=22467&scanf=30597&charge=2&value=R.VYSTALSSFLTK.R,MYBBP1A,4.116e+7,3.880,0.000,3.711,0.000
30598,2,"  4.649","  0.663",17/30,/core/www/modules//sdig/index.php?run_id=110202&search_id=114132&scans_id=110198&peptide_id=22468&scanf=30598&charge=2&value=17/30,sp|P40227|TCPZ_HUMAN,/core/www/modules//consensus/?run_id=110202&search_id=114132&scans_id=110198&peptide_id=22468&scanf=30598&charge=2&value=sp|P40227|TCPZ_HUMAN,0,/core/www/modules/match_peptides/blast_html4.php?run_id=110202&search_id=114132&scans_id=110198&peptide_id=22468&scanf=30598&charge=2&value=0,K.VLAQNSGFDLQETLVK.I,/core/www/modules/show_out/show_out_wrapper.php?run_id=110202&search_id=114132&scans_id=110198&peptide_id=22468&scanf=30598&charge=2&value=K.VLAQNSGFDLQETLVK.I,CCT6A,1.007e+7,3.505,0.001,3.156,0.000
30599,2,"  1.598","  0.231",8/20,/core/www/modules//sdig/index.php?run_id=110202&search_id=114132&scans_id=110198&peptide_id=22469&scanf=30599&charge=2&value=8/20,sp|O94874|UFL1_HUMAN,/core/www/modules//consensus/?run_id=110202&search_id=114132&scans_id=110198&peptide_id=22469&scanf=30599&charge=2&value=sp|O94874|UFL1_HUMAN,0,/core/www/modules/match_peptides/blast_html4.php?run_id=110202&search_id=114132&scans_id=110198&peptide_id=22469&scanf=30599&charge=2&value=0,R.LGIPDAVSYIK.K,/core/www/modules/show_out/show_out_wrapper.php?run_id=110202&search_id=114132&scans_id=110198&peptide_id=22469&scanf=30599&charge=2&value=R.LGIPDAVSYIK.K,UFL1,7.238e+6,1.871,0.156,0.806,0.008
30600,3,"  5.383","  0.668",24/80,/core/www/modules//sdig/index.php?run_id=110202&search_id=114132&scans_id=110198&peptide_id=22471&scanf=30600&charge=3&value=24/80,sp|Q12874|SF3A3_HUMAN,/core/www/modules//consensus/?run_id=110202&search_id=114132&scans_id=110198&peptide_id=22471&scanf=30600&charge=3&value=sp|Q12874|SF3A3_HUMAN,0,/core/www/modules/match_peptides/blast_html4.php?run_id=110202&search_id=114132&scans_id=110198&peptide_id=22471&scanf=30600&charge=3&value=0,R.ENPSEEAQNLVEFTDEEGYGR.Y,/core/www/modules/show_out/show_out_wrapper.php?run_id=110202&search_id=114132&scans_id=110198&peptide_id=22471&scanf=30600&charge=3&value=R.ENPSEEAQNLVEFTDEEGYGR.Y,SF3A3,2.680e+6,3.636,0.000,3.350,0.000
30601,2,"  1.442","  0.229",8/14,/core/www/modules//sdig/index.php?run_id=110202&search_id=114132&scans_id=110198&peptide_id=22472&scanf=30601&charge=2&value=8/14,sp|P41252|SYIC_HUMAN,/core/www/modules//consensus/?run_id=110202&search_id=114132&scans_id=110198&peptide_id=22472&scanf=30601&charge=2&value=sp|P41252|SYIC_HUMAN,9,/core/www/modules/match_peptides/blast_html4.php?run_id=110202&search_id=114132&scans_id=110198&peptide_id=22472&scanf=30601&charge=2&value=9,R.FLIQNVLR.L,/core/www/modules/show_out/show_out_wrapper.php?run_id=110202&search_id=114132&scans_id=110198&peptide_id=22472&scanf=30601&charge=2&value=R.FLIQNVLR.L,IARS1,1.894e+7,2.437,0.026,1.583,0.001
30604,2,"  2.805","  0.362",11/18,/core/www/modules//sdig/index.php?run_id=110202&search_id=114132&scans_id=110198&peptide_id=22475&scanf=30604&charge=2&value=11/18,sp|Q96I99|SUCB2_HUMAN,/core/www/modules//consensus/?run_id=110202&search_id=114132&scans_id=110198&peptide_id=22475&scanf=30604&charge=2&value=sp|Q96I99|SUCB2_HUMAN,2,/core/www/modules/match_peptides/blast_html4.php?run_id=110202&search_id=114132&scans_id=110198&peptide_id=22475&scanf=30604&charge=2&value=2,K.EQIDIFEGIK.D,/core/www/modules/show_out/show_out_wrapper.php?run_id=110202&search_id=114132&scans_id=110198&peptide_id=22475&scanf=30604&charge=2&value=K.EQIDIFEGIK.D,SUCLG2,7.743e+6,2.719,0.010,1.995,0.000
30606,2,"  2.923","  0.321",14/22,/core/www/modules//sdig/index.php?run_id=110202&search_id=114132&scans_id=110198&peptide_id=22477&scanf=30606&charge=2&value=14/22,sp|P54886|P5CS_HUMAN,/core/www/modules//consensus/?run_id=110202&search_id=114132&scans_id=110198&peptide_id=22477&scanf=30606&charge=2&value=sp|P54886|P5CS_HUMAN,0,/core/www/modules/match_peptides/blast_html4.php?run_id=110202&search_id=114132&scans_id=110198&peptide_id=22477&scanf=30606&charge=2&value=0,R.GPVGLEGLLTTK.W,/core/www/modules/show_out/show_out_wrapper.php?run_id=110202&search_id=114132&scans_id=110198&peptide_id=22477&scanf=30606&charge=2&value=R.GPVGLEGLLTTK.W,ALDH18A1,6.320e+6,2.656,0.013,1.902,0.000
30607,2,"  2.509","  0.435",10/16,/core/www/modules//sdig/index.php?run_id=110202&search_id=114132&scans_id=110198&peptide_id=22478&scanf=30607&charge=2&value=10/16,sp|P26640|SYVC_HUMAN,/core/www/modules//consensus/?run_id=110202&search_id=114132&scans_id=110198&peptide_id=22478&scanf=30607&charge=2&value=sp|P26640|SYVC_HUMAN,1,/core/www/modules/match_peptides/blast_html4.php?run_id=110202&search_id=114132&scans_id=110198&peptide_id=22478&scanf=30607&charge=2&value=1,R.EAFLQEVWK.W,/core/www/modules/show_out/show_out_wrapper.php?run_id=110202&search_id=114132&scans_id=110198&peptide_id=22478&scanf=30607&charge=2&value=R.EAFLQEVWK.W,VARS1,4.766e+6,3.106,0.003,2.565,0.000
30612,2,"  3.315","  0.461",10/32,/core/www/modules//sdig/index.php?run_id=110202&search_id=114132&scans_id=110198&peptide_id=22484&scanf=30612&charge=2&value=10/32,sp|Q12905|ILF2_HUMAN,/core/www/modules//consensus/?run_id=110202&search_id=114132&scans_id=110198&peptide_id=22484&scanf=30612&charge=2&value=sp|Q12905|ILF2_HUMAN,3,/core/www/modules/match_peptides/blast_html4.php?run_id=110202&search_id=114132&scans_id=110198&peptide_id=22484&scanf=30612&charge=2&value=3,K.GTM*TTGHNVADLVVILK.I,/core/www/modules/show_out/show_out_wrapper.php?run_id=110202&search_id=114132&scans_id=110198&peptide_id=22484&scanf=30612&charge=2&value=K.GTM*TTGHNVADLVVILK.I,ILF2,1.851e+6,2.490,0.022,1.660,0.001
30614,3,"  2.667","  0.307",10/44,/core/www/modules//sdig/index.php?run_id=110202&search_id=114132&scans_id=110198&peptide_id=22486&scanf=30614&charge=3&value=10/44,sp|P49591|SYSC_HUMAN,/core/www/modules//consensus/?run_id=110202&search_id=114132&scans_id=110198&peptide_id=22486&scanf=30614&charge=3&value=sp|P49591|SYSC_HUMAN,1,/core/www/modules/match_peptides/blast_html4.php?run_id=110202&search_id=114132&scans_id=110198&peptide_id=22486&scanf=30614&charge=3&value=1,R.DEWLRPEDLPIK.Y,/core/www/modules/show_out/show_out_wrapper.php?run_id=110202&search_id=114132&scans_id=110198&peptide_id=22486&scanf=30614&charge=3&value=R.DEWLRPEDLPIK.Y,SARS1,1.964e+6,2.412,0.028,1.546,0.001
30615,3,"  3.814","  0.311",12/56,/core/www/modules//sdig/index.php?run_id=110202&search_id=114132&scans_id=110198&peptide_id=22487&scanf=30615&charge=3&value=12/56,sp|Q13523|PRP4B_HUMAN,/core/www/modules//consensus/?run_id=110202&search_id=114132&scans_id=110198&peptide_id=22487&scanf=30615&charge=3&value=sp|Q13523|PRP4B_HUMAN,1,/core/www/modules/match_peptides/blast_html4.php?run_id=110202&search_id=114132&scans_id=110198&peptide_id=22487&scanf=30615&charge=3&value=1,R.ISINQALQHAFIQEK.I,/core/www/modules/show_out/show_out_wrapper.php?run_id=110202&search_id=114132&scans_id=110198&peptide_id=22487&scanf=30615&charge=3&value=R.ISINQALQHAFIQEK.I,PRPF4B,2.240e+7,2.438,0.026,1.584,0.001
30618,3,"  7.630","  0.716",26/92,/core/www/modules//sdig/index.php?run_id=110202&search_id=114132&scans_id=110198&peptide_id=22489&scanf=30618&charge=3&value=26/92,sp|Q7KZF4|SND1_HUMAN,/core/www/modules//consensus/?run_id=110202&search_id=114132&scans_id=110198&peptide_id=22489&scanf=30618&charge=3&value=sp|Q7KZF4|SND1_HUMAN,0,/core/www/modules/match_peptides/blast_html4.php?run_id=110202&search_id=114132&scans_id=110198&peptide_id=22489&scanf=30618&charge=3&value=0,K.VNVTVDYIRPASPATETVPAFSER.T,/core/www/modules/show_out/show_out_wrapper.php?run_id=110202&search_id=114132&scans_id=110198&peptide_id=22489&scanf=30618&charge=3&value=K.VNVTVDYIRPASPATETVPAFSER.T,SND1,8.050e+6,3.855,0.000,3.675,0.000
30622,3,"  4.369","  0.634",15/72,/core/www/modules//sdig/index.php?run_id=110202&search_id=114132&scans_id=110198&peptide_id=22494&scanf=30622&charge=3&value=15/72,sp|P35251|RFC1_HUMAN,/core/www/modules//consensus/?run_id=110202&search_id=114132&scans_id=110198&peptide_id=22494&scanf=30622&charge=3&value=sp|P35251|RFC1_HUMAN,0,/core/www/modules/match_peptides/blast_html4.php?run_id=110202&search_id=114132&scans_id=110198&peptide_id=22494&scanf=30622&charge=3&value=0,R.NLADDSSENKVENLLWVDK.Y,/core/www/modules/show_out/show_out_wrapper.php?run_id=110202&search_id=114132&scans_id=110198&peptide_id=22494&scanf=30622&charge=3&value=R.NLADDSSENKVENLLWVDK.Y,RFC1,5.901e+6,3.092,0.003,2.544,0.000
30623,3,"  2.980","  0.427",12/64,/core/www/modules//sdig/index.php?run_id=110202&search_id=114132&scans_id=110198&peptide_id=22495&scanf=30623&charge=3&value=12/64,sp|P18583|SON_HUMAN,/core/www/modules//consensus/?run_id=110202&search_id=114132&scans_id=110198&peptide_id=22495&scanf=30623&charge=3&value=sp|P18583|SON_HUMAN,2,/core/www/modules/match_peptides/blast_html4.php?run_id=110202&search_id=114132&scans_id=110198&peptide_id=22495&scanf=30623&charge=3&value=2,R.WQPPEFLLVHDSGPDHR.K,/core/www/modules/show_out/show_out_wrapper.php?run_id=110202&search_id=114132&scans_id=110198&peptide_id=22495&scanf=30623&charge=3&value=R.WQPPEFLLVHDSGPDHR.K,SON,3.568e+6,2.653,0.013,1.897,0.000
30624,2,"  5.700","  0.240",20/24,/core/www/modules//sdig/index.php?run_id=110202&search_id=114132&scans_id=110198&peptide_id=22496&scanf=30624&charge=2&value=20/24,sp|P08670|VIME_HUMAN,/core/www/modules//consensus/?run_id=110202&search_id=114132&scans_id=110198&peptide_id=22496&scanf=30624&charge=2&value=sp|P08670|VIME_HUMAN,2,/core/www/modules/match_peptides/blast_html4.php?run_id=110202&search_id=114132&scans_id=110198&peptide_id=22496&scanf=30624&charge=2&value=2,R.KVESLQEEIAFLK.K,/core/www/modules/show_out/show_out_wrapper.php?run_id=110202&search_id=114132&scans_id=110198&peptide_id=22496&scanf=30624&charge=2&value=R.KVESLQEEIAFLK.K,VIM,5.283e+8,2.704,0.011,1.972,0.000
30625,3,"  3.637","  0.401",16/56,/core/www/modules//sdig/index.php?run_id=110202&search_id=114132&scans_id=110198&peptide_id=22497&scanf=30625&charge=3&value=16/56,sp|Q13523|PRP4B_HUMAN,/core/www/modules//consensus/?run_id=110202&search_id=114132&scans_id=110198&peptide_id=22497&scanf=30625&charge=3&value=sp|Q13523|PRP4B_HUMAN,1,/core/www/modules/match_peptides/blast_html4.php?run_id=110202&search_id=114132&scans_id=110198&peptide_id=22497&scanf=30625&charge=3&value=1,R.ISINQALQHAFIQEK.I,/core/www/modules/show_out/show_out_wrapper.php?run_id=110202&search_id=114132&scans_id=110198&peptide_id=22497&scanf=30625&charge=3&value=R.ISINQALQHAFIQEK.I,PRPF4B,2.240e+7,2.831,0.007,2.159,0.000
30627,4,"  2.927","  0.498",14/120,/core/www/modules//sdig/index.php?run_id=110202&search_id=114132&scans_id=110198&peptide_id=22499&scanf=30627&charge=4&value=14/120,sp|P34897|GLYM_HUMAN,/core/www/modules//consensus/?run_id=110202&search_id=114132&scans_id=110198&peptide_id=22499&scanf=30627&charge=4&value=sp|P34897|GLYM_HUMAN,4,/core/www/modules/match_peptides/blast_html4.php?run_id=110202&search_id=114132&scans_id=110198&peptide_id=22499&scanf=30627&charge=4&value=4,R.IMGLDLPDGGHLTHGYMSDVK.R,/core/www/modules/show_out/show_out_wrapper.php?run_id=110202&search_id=114132&scans_id=110198&peptide_id=22499&scanf=30627&charge=4&value=R.IMGLDLPDGGHLTHGYMSDVK.R,SHMT2,6.296e+6,3.139,0.002,2.614,0.000
30629,3,"  3.344","  0.451",12/44,/core/www/modules//sdig/index.php?run_id=110202&search_id=114132&scans_id=110198&peptide_id=22501&scanf=30629&charge=3&value=12/44,sp|P63173|RL38_HUMAN,/core/www/modules//consensus/?run_id=110202&search_id=114132&scans_id=110198&peptide_id=22501&scanf=30629&charge=3&value=sp|P63173|RL38_HUMAN,3,/core/www/modules/match_peptides/blast_html4.php?run_id=110202&search_id=114132&scans_id=110198&peptide_id=22501&scanf=30629&charge=3&value=3,K.IEEIKDFLLTAR.R,/core/www/modules/show_out/show_out_wrapper.php?run_id=110202&search_id=114132&scans_id=110198&peptide_id=22501&scanf=30629&charge=3&value=K.IEEIKDFLLTAR.R,RPL38,1.901e+6,2.689,0.011,1.950,0.000
30631,2,"  4.040","  0.658",18/26,/core/www/modules//sdig/index.php?run_id=110202&search_id=114132&scans_id=110198&peptide_id=22504&scanf=30631&charge=2&value=18/26,sp|P55084|ECHB_HUMAN,/core/www/modules//consensus/?run_id=110202&search_id=114132&scans_id=110198&peptide_id=22504&scanf=30631&charge=2&value=sp|P55084|ECHB_HUMAN,2,/core/www/modules/match_peptides/blast_html4.php?run_id=110202&search_id=114132&scans_id=110198&peptide_id=22504&scanf=30631&charge=2&value=2,K.AMDSDWFAENYMGR.K,/core/www/modules/show_out/show_out_wrapper.php?run_id=110202&search_id=114132&scans_id=110198&peptide_id=22504&scanf=30631&charge=2&value=K.AMDSDWFAENYMGR.K,HADHB,5.147e+6,3.861,0.000,3.683,0.000
30639,3,"  2.927","  0.286",14/52,/core/www/modules//sdig/index.php?run_id=110202&search_id=114132&scans_id=110198&peptide_id=22511&scanf=30639&charge=3&value=14/52,sp|Q99575|POP1_HUMAN,/core/www/modules//consensus/?run_id=110202&search_id=114132&scans_id=110198&peptide_id=22511&scanf=30639&charge=3&value=sp|Q99575|POP1_HUMAN,0,/core/www/modules/match_peptides/blast_html4.php?run_id=110202&search_id=114132&scans_id=110198&peptide_id=22511&scanf=30639&charge=3&value=0,R.GLVLLRPPASLQYR.F,/core/www/modules/show_out/show_out_wrapper.php?run_id=110202&search_id=114132&scans_id=110198&peptide_id=22511&scanf=30639&charge=3&value=R.GLVLLRPPASLQYR.F,POP1,6.293e+6,2.435,0.026,1.580,0.001
30640,2,"  3.034","  0.586",13/22,/core/www/modules//sdig/index.php?run_id=110202&search_id=114132&scans_id=110198&peptide_id=22512&scanf=30640&charge=2&value=13/22,sp|P50990|TCPQ_HUMAN,/core/www/modules//consensus/?run_id=110202&search_id=114132&scans_id=110198&peptide_id=22512&scanf=30640&charge=2&value=sp|P50990|TCPQ_HUMAN,1,/core/www/modules/match_peptides/blast_html4.php?run_id=110202&search_id=114132&scans_id=110198&peptide_id=22512&scanf=30640&charge=2&value=1,K.LFVTNDAATILR.E,/core/www/modules/show_out/show_out_wrapper.php?run_id=110202&search_id=114132&scans_id=110198&peptide_id=22512&scanf=30640&charge=2&value=K.LFVTNDAATILR.E,CCT8,2.919e+7,3.538,0.001,3.205,0.000
30641,3,"  4.461","  0.569",16/80,/core/www/modules//sdig/index.php?run_id=110202&search_id=114132&scans_id=110198&peptide_id=22513&scanf=30641&charge=3&value=16/80,sp|Q8WWQ0|PHIP_HUMAN,/core/www/modules//consensus/?run_id=110202&search_id=114132&scans_id=110198&peptide_id=22513&scanf=30641&charge=3&value=sp|Q8WWQ0|PHIP_HUMAN,4,/core/www/modules/match_peptides/blast_html4.php?run_id=110202&search_id=114132&scans_id=110198&peptide_id=22513&scanf=30641&charge=3&value=4,K.SILLDMATRPAGQNLQGIEDK.I,/core/www/modules/show_out/show_out_wrapper.php?run_id=110202&search_id=114132&scans_id=110198&peptide_id=22513&scanf=30641&charge=3&value=K.SILLDMATRPAGQNLQGIEDK.I,PHIP,4.887e+6,3.093,0.003,2.545,0.000
30642,3,"  4.799","  0.339",16/80,/core/www/modules//sdig/index.php?run_id=110202&search_id=114132&scans_id=110198&peptide_id=22514&scanf=30642&charge=3&value=16/80,sp|Q96J01|THOC3_HUMAN,/core/www/modules//consensus/?run_id=110202&search_id=114132&scans_id=110198&peptide_id=22514&scanf=30642&charge=3&value=sp|Q96J01|THOC3_HUMAN,1,/core/www/modules/match_peptides/blast_html4.php?run_id=110202&search_id=114132&scans_id=110198&peptide_id=22514&scanf=30642&charge=3&value=1,K.MLASASEDHFIDIAEVETGDK.L,/core/www/modules/show_out/show_out_wrapper.php?run_id=110202&search_id=114132&scans_id=110198&peptide_id=22514&scanf=30642&charge=3&value=K.MLASASEDHFIDIAEVETGDK.L,THOC3,3.952e+6,2.291,0.042,1.373,0.001
30644,3,"  4.181","  0.581",21/100,/core/www/modules//sdig/index.php?run_id=110202&search_id=114132&scans_id=110198&peptide_id=22516&scanf=30644&charge=3&value=21/100,sp|O43251|RFOX2_HUMAN,/core/www/modules//consensus/?run_id=110202&search_id=114132&scans_id=110198&peptide_id=22516&scanf=30644&charge=3&value=sp|O43251|RFOX2_HUMAN,6,/core/www/modules/match_peptides/blast_html4.php?run_id=110202&search_id=114132&scans_id=110198&peptide_id=22516&scanf=30644&charge=3&value=6,R.YAQPATATAATAAAAAAAAYSDGYGR.V,/core/www/modules/show_out/show_out_wrapper.php?run_id=110202&search_id=114132&scans_id=110198&peptide_id=22516&scanf=30644&charge=3&value=R.YAQPATATAATAAAAAAAAYSDGYGR.V,RBFOX2,1.883e+6,2.955,0.005,2.342,0.000
30649,3,"  2.260","  0.361",10/48,/core/www/modules//sdig/index.php?run_id=110202&search_id=114132&scans_id=110198&peptide_id=22521&scanf=30649&charge=3&value=10/48,sp|O75530|EED_HUMAN,/core/www/modules//consensus/?run_id=110202&search_id=114132&scans_id=110198&peptide_id=22521&scanf=30649&charge=3&value=sp|O75530|EED_HUMAN,4,/core/www/modules/match_peptides/blast_html4.php?run_id=110202&search_id=114132&scans_id=110198&peptide_id=22521&scanf=30649&charge=3&value=4,K.LYVWDLEVEDPHK.A,/core/www/modules/show_out/show_out_wrapper.php?run_id=110202&search_id=114132&scans_id=110198&peptide_id=22521&scanf=30649&charge=3&value=K.LYVWDLEVEDPHK.A,EED,2.601e+6,2.570,0.017,1.776,0.000
30651,2,"  4.883","  0.595",18/32,/core/www/modules//sdig/index.php?run_id=110202&search_id=114132&scans_id=110198&peptide_id=22524&scanf=30651&charge=2&value=18/32,sp|Q14562|DHX8_HUMAN,/core/www/modules//consensus/?run_id=110202&search_id=114132&scans_id=110198&peptide_id=22524&scanf=30651&charge=2&value=sp|Q14562|DHX8_HUMAN,1,/core/www/modules/match_peptides/blast_html4.php?run_id=110202&search_id=114132&scans_id=110198&peptide_id=22524&scanf=30651&charge=2&value=1,K.TGIDQLVVTPISQAQAK.Q,/core/www/modules/show_out/show_out_wrapper.php?run_id=110202&search_id=114132&scans_id=110198&peptide_id=22524&scanf=30651&charge=2&value=K.TGIDQLVVTPISQAQAK.Q,DHX8,2.623e+6,3.346,0.001,2.920,0.000
30652,2,"  2.792","  0.371",9/18,/core/www/modules//sdig/index.php?run_id=110202&search_id=114132&scans_id=110198&peptide_id=22525&scanf=30652&charge=2&value=9/18,sp|O94762|RECQ5_HUMAN,/core/www/modules//consensus/?run_id=110202&search_id=114132&scans_id=110198&peptide_id=22525&scanf=30652&charge=2&value=sp|O94762|RECQ5_HUMAN,2,/core/www/modules/match_peptides/blast_html4.php?run_id=110202&search_id=114132&scans_id=110198&peptide_id=22525&scanf=30652&charge=2&value=2,R.ANLFYDVQFK.E,/core/www/modules/show_out/show_out_wrapper.php?run_id=110202&search_id=114132&scans_id=110198&peptide_id=22525&scanf=30652&charge=2&value=R.ANLFYDVQFK.E,RECQL5,2.201e+6,2.682,0.011,1.940,0.000
30660,2,"  3.149","  0.599",15/28,/core/www/modules//sdig/index.php?run_id=110202&search_id=114132&scans_id=110198&peptide_id=22533&scanf=30660&charge=2&value=15/28,sp|Q9H4A6|GOLP3_HUMAN,/core/www/modules//consensus/?run_id=110202&search_id=114132&scans_id=110198&peptide_id=22533&scanf=30660&charge=2&value=sp|Q9H4A6|GOLP3_HUMAN,0,/core/www/modules/match_peptides/blast_html4.php?run_id=110202&search_id=114132&scans_id=110198&peptide_id=22533&scanf=30660&charge=2&value=0,K.SDAPTGDVLLDEALK.H,/core/www/modules/show_out/show_out_wrapper.php?run_id=110202&search_id=114132&scans_id=110198&peptide_id=22533&scanf=30660&charge=2&value=K.SDAPTGDVLLDEALK.H,GOLPH3,3.434e+6,3.183,0.002,2.679,0.000
30661,2,"  3.352","  0.542",13/22,/core/www/modules//sdig/index.php?run_id=110202&search_id=114132&scans_id=110198&peptide_id=22534&scanf=30661&charge=2&value=13/22,sp|Q12874|SF3A3_HUMAN,/core/www/modules//consensus/?run_id=110202&search_id=114132&scans_id=110198&peptide_id=22534&scanf=30661&charge=2&value=sp|Q12874|SF3A3_HUMAN,0,/core/www/modules/match_peptides/blast_html4.php?run_id=110202&search_id=114132&scans_id=110198&peptide_id=22534&scanf=30661&charge=2&value=0,K.SLESLDTSLFAK.N,/core/www/modules/show_out/show_out_wrapper.php?run_id=110202&search_id=114132&scans_id=110198&peptide_id=22534&scanf=30661&charge=2&value=K.SLESLDTSLFAK.N,SF3A3,8.849e+6,3.363,0.001,2.945,0.000
30662,2,"  2.329","  0.471",9/14,/core/www/modules//sdig/index.php?run_id=110202&search_id=114132&scans_id=110198&peptide_id=22535&scanf=30662&charge=2&value=9/14,sp|Q68CQ4|UTP25_HUMAN,/core/www/modules//consensus/?run_id=110202&search_id=114132&scans_id=110198&peptide_id=22535&scanf=30662&charge=2&value=sp|Q68CQ4|UTP25_HUMAN,0,/core/www/modules/match_peptides/blast_html4.php?run_id=110202&search_id=114132&scans_id=110198&peptide_id=22535&scanf=30662&charge=2&value=0,K.QFLLFTER.F,/core/www/modules/show_out/show_out_wrapper.php?run_id=110202&search_id=114132&scans_id=110198&peptide_id=22535&scanf=30662&charge=2&value=K.QFLLFTER.F,UTP25,3.011e+6,3.054,0.003,2.488,0.000
30663,3,"  7.633","  0.718",23/96,/core/www/modules//sdig/index.php?run_id=110202&search_id=114132&scans_id=110198&peptide_id=22536&scanf=30663&charge=3&value=23/96,sp|Q15393|SF3B3_HUMAN,/core/www/modules//consensus/?run_id=110202&search_id=114132&scans_id=110198&peptide_id=22536&scanf=30663&charge=3&value=sp|Q15393|SF3B3_HUMAN,0,/core/www/modules/match_peptides/blast_html4.php?run_id=110202&search_id=114132&scans_id=110198&peptide_id=22536&scanf=30663&charge=3&value=0,K.FVIHPESNNLIIIETDHNAYTEATK.A,/core/www/modules/show_out/show_out_wrapper.php?run_id=110202&search_id=114132&scans_id=110198&peptide_id=22536&scanf=30663&charge=3&value=K.FVIHPESNNLIIIETDHNAYTEATK.A,SF3B3,9.193e+5,3.524,0.001,3.184,0.000
30664,3,"  8.322","  0.729",33/92,/core/www/modules//sdig/index.php?run_id=110202&search_id=114132&scans_id=110198&peptide_id=22537&scanf=30664&charge=3&value=33/92,sp|Q9UMS4|PRP19_HUMAN,/core/www/modules//consensus/?run_id=110202&search_id=114132&scans_id=110198&peptide_id=22537&scanf=30664&charge=3&value=sp|Q9UMS4|PRP19_HUMAN,0,/core/www/modules/match_peptides/blast_html4.php?run_id=110202&search_id=114132&scans_id=110198&peptide_id=22537&scanf=30664&charge=3&value=0,K.KVTSVVFHPSQDLVFSASPDATIR.I,/core/www/modules/show_out/show_out_wrapper.php?run_id=110202&search_id=114132&scans_id=110198&peptide_id=22537&scanf=30664&charge=3&value=K.KVTSVVFHPSQDLVFSASPDATIR.I,PRPF19,1.095e+7,3.671,0.000,3.402,0.000
30665,3,"  6.932","  0.635",23/72,/core/www/modules//sdig/index.php?run_id=110202&search_id=114132&scans_id=110198&peptide_id=22538&scanf=30665&charge=3&value=23/72,sp|P10809|CH60_HUMAN,/core/www/modules//consensus/?run_id=110202&search_id=114132&scans_id=110198&peptide_id=22538&scanf=30665&charge=3&value=sp|P10809|CH60_HUMAN,3,/core/www/modules/match_peptides/blast_html4.php?run_id=110202&search_id=114132&scans_id=110198&peptide_id=22538&scanf=30665&charge=3&value=3,R.IQEIIEQLDVTTSEYEKEK.L,/core/www/modules/show_out/show_out_wrapper.php?run_id=110202&search_id=114132&scans_id=110198&peptide_id=22538&scanf=30665&charge=3&value=R.IQEIIEQLDVTTSEYEKEK.L,HSPD1,2.654e+6,3.424,0.001,3.036,0.000
30669,2,"  2.500","  0.393",9/16,/core/www/modules//sdig/index.php?run_id=110202&search_id=114132&scans_id=110198&peptide_id=22542&scanf=30669&charge=2&value=9/16,sp|Q14980|NUMA1_HUMAN,/core/www/modules//consensus/?run_id=110202&search_id=114132&scans_id=110198&peptide_id=22542&scanf=30669&charge=2&value=sp|Q14980|NUMA1_HUMAN,2,/core/www/modules/match_peptides/blast_html4.php?run_id=110202&search_id=114132&scans_id=110198&peptide_id=22542&scanf=30669&charge=2&value=2,R.ELGELIPLR.Q,/core/www/modules/show_out/show_out_wrapper.php?run_id=110202&search_id=114132&scans_id=110198&peptide_id=22542&scanf=30669&charge=2&value=R.ELGELIPLR.Q,NUMA1,1.483e+7,2.892,0.006,2.248,0.000
30674,2,"  3.205","  0.560",10/28,/core/www/modules//sdig/index.php?run_id=110202&search_id=114132&scans_id=110198&peptide_id=22548&scanf=30674&charge=2&value=10/28,sp|O15514|RPB4_HUMAN,/core/www/modules//consensus/?run_id=110202&search_id=114132&scans_id=110198&peptide_id=22548&scanf=30674&charge=2&value=sp|O15514|RPB4_HUMAN,1,/core/www/modules/match_peptides/blast_html4.php?run_id=110202&search_id=114132&scans_id=110198&peptide_id=22548&scanf=30674&charge=2&value=1,R.AGDVEEDASQLIFPK.E,/core/www/modules/show_out/show_out_wrapper.php?run_id=110202&search_id=114132&scans_id=110198&peptide_id=22548&scanf=30674&charge=2&value=R.AGDVEEDASQLIFPK.E,POLR2D,2.058e+6,2.892,0.006,2.248,0.000
30676,3,"  2.844","  0.436",13/68,/core/www/modules//sdig/index.php?run_id=110202&search_id=114132&scans_id=110198&peptide_id=22550&scanf=30676&charge=3&value=13/68,sp|O15160|RPAC1_HUMAN,/core/www/modules//consensus/?run_id=110202&search_id=114132&scans_id=110198&peptide_id=22550&scanf=30676&charge=3&value=sp|O15160|RPAC1_HUMAN,7,/core/www/modules/match_peptides/blast_html4.php?run_id=110202&search_id=114132&scans_id=110198&peptide_id=22550&scanf=30676&charge=3&value=7,K.VLVYNNTSIVQDEILAHR.L,/core/www/modules/show_out/show_out_wrapper.php?run_id=110202&search_id=114132&scans_id=110198&peptide_id=22550&scanf=30676&charge=3&value=K.VLVYNNTSIVQDEILAHR.L,POLR1C,7.833e+6,2.572,0.017,1.779,0.000
30679,3,"  3.245","  0.476",10/72,/core/www/modules//sdig/index.php?run_id=110202&search_id=114132&scans_id=110198&peptide_id=22553&scanf=30679&charge=3&value=10/72,sp|Q13838|DX39B_HUMAN,/core/www/modules//consensus/?run_id=110202&search_id=114132&scans_id=110198&peptide_id=22553&scanf=30679&charge=3&value=sp|Q13838|DX39B_HUMAN,4,/core/www/modules/match_peptides/blast_html4.php?run_id=110202&search_id=114132&scans_id=110198&peptide_id=22553&scanf=30679&charge=3&value=4,R.VNIAFNYDMPEDSDTYLHR.V,/core/www/modules/show_out/show_out_wrapper.php?run_id=110202&search_id=114132&scans_id=110198&peptide_id=22553&scanf=30679&charge=3&value=R.VNIAFNYDMPEDSDTYLHR.V,DDX39B,9.368e+5,2.686,0.011,1.946,0.000
30682,3,"  3.657","  0.565",12/56,/core/www/modules//sdig/index.php?run_id=110202&search_id=114132&scans_id=110198&peptide_id=22556&scanf=30682&charge=3&value=12/56,sp|P09874|PARP1_HUMAN,/core/www/modules//consensus/?run_id=110202&search_id=114132&scans_id=110198&peptide_id=22556&scanf=30682&charge=3&value=sp|P09874|PARP1_HUMAN,1,/core/www/modules/match_peptides/blast_html4.php?run_id=110202&search_id=114132&scans_id=110198&peptide_id=22556&scanf=30682&charge=3&value=1,R.IAPPEAPVTGYMFGK.G,/core/www/modules/show_out/show_out_wrapper.php?run_id=110202&search_id=114132&scans_id=110198&peptide_id=22556&scanf=30682&charge=3&value=R.IAPPEAPVTGYMFGK.G,PARP1,6.631e+6,3.400,0.001,3.001,0.000
30684,2,"  2.636","  0.481",13/18,/core/www/modules//sdig/index.php?run_id=110202&search_id=114132&scans_id=110198&peptide_id=22558&scanf=30684&charge=2&value=13/18,sp|Q9Y4Z0|LSM4_HUMAN,/core/www/modules//consensus/?run_id=110202&search_id=114132&scans_id=110198&peptide_id=22558&scanf=30684&charge=2&value=sp|Q9Y4Z0|LSM4_HUMAN,2,/core/www/modules/match_peptides/blast_html4.php?run_id=110202&search_id=114132&scans_id=110198&peptide_id=22558&scanf=30684&charge=2&value=2,R.IPDEIIDMVK.E,/core/www/modules/show_out/show_out_wrapper.php?run_id=110202&search_id=114132&scans_id=110198&peptide_id=22558&scanf=30684&charge=2&value=R.IPDEIIDMVK.E,LSM4,2.076e+7,3.325,0.001,2.889,0.000
30686,2,"  1.203","  0.100",7/12,/core/www/modules//sdig/index.php?run_id=110202&search_id=114132&scans_id=110198&peptide_id=22560&scanf=30686&charge=2&value=7/12,sp|O43491|E41L2_HUMAN,/core/www/modules//consensus/?run_id=110202&search_id=114132&scans_id=110198&peptide_id=22560&scanf=30686&charge=2&value=sp|O43491|E41L2_HUMAN,9,/core/www/modules/match_peptides/blast_html4.php?run_id=110202&search_id=114132&scans_id=110198&peptide_id=22560&scanf=30686&charge=2&value=9,R.FIPPWLK.K,/core/www/modules/show_out/show_out_wrapper.php?run_id=110202&search_id=114132&scans_id=110198&peptide_id=22560&scanf=30686&charge=2&value=R.FIPPWLK.K,EPB41L2,2.787e+6,1.963,0.119,0.923,0.005
30687,2,"  2.780","  0.478",14/30,/core/www/modules//sdig/index.php?run_id=110202&search_id=114132&scans_id=110198&peptide_id=22561&scanf=30687&charge=2&value=14/30,sp|P27824|CALX_HUMAN,/core/www/modules//consensus/?run_id=110202&search_id=114132&scans_id=110198&peptide_id=22561&scanf=30687&charge=2&value=sp|P27824|CALX_HUMAN,15,/core/www/modules/match_peptides/blast_html4.php?run_id=110202&search_id=114132&scans_id=110198&peptide_id=22561&scanf=30687&charge=2&value=15,K.APVPTGEVYFADSFDR.G,/core/www/modules/show_out/show_out_wrapper.php?run_id=110202&search_id=114132&scans_id=110198&peptide_id=22561&scanf=30687&charge=2&value=K.APVPTGEVYFADSFDR.G,CANX,4.909e+6,2.825,0.007,2.150,0.000
30688,2,"  2.504","  0.439",9/16,/core/www/modules//sdig/index.php?run_id=110202&search_id=114132&scans_id=110198&peptide_id=22562&scanf=30688&charge=2&value=9/16,sp|Q9NU22|MDN1_HUMAN,/core/www/modules//consensus/?run_id=110202&search_id=114132&scans_id=110198&peptide_id=22562&scanf=30688&charge=2&value=sp|Q9NU22|MDN1_HUMAN,0,/core/www/modules/match_peptides/blast_html4.php?run_id=110202&search_id=114132&scans_id=110198&peptide_id=22562&scanf=30688&charge=2&value=0,K.GLSLGFLEK.K,/core/www/modules/show_out/show_out_wrapper.php?run_id=110202&search_id=114132&scans_id=110198&peptide_id=22562&scanf=30688&charge=2&value=K.GLSLGFLEK.K,MDN1,7.626e+6,3.298,0.001,2.849,0.000
30689,3,"  2.776","  0.472",16/44,/core/www/modules//sdig/index.php?run_id=110202&search_id=114132&scans_id=110198&peptide_id=22563&scanf=30689&charge=3&value=16/44,sp|O00231|PSD11_HUMAN,/core/www/modules//consensus/?run_id=110202&search_id=114132&scans_id=110198&peptide_id=22563&scanf=30689&charge=3&value=sp|O00231|PSD11_HUMAN,1,/core/www/modules/match_peptides/blast_html4.php?run_id=110202&search_id=114132&scans_id=110198&peptide_id=22563&scanf=30689&charge=3&value=1,R.EASIDILHSIVK.R,/core/www/modules/show_out/show_out_wrapper.php?run_id=110202&search_id=114132&scans_id=110198&peptide_id=22563&scanf=30689&charge=3&value=R.EASIDILHSIVK.R,PSMD11,1.193e+7,3.249,0.002,2.776,0.000
30691,2,"  2.450","  0.257",9/20,/core/www/modules//sdig/index.php?run_id=110202&search_id=114132&scans_id=110198&peptide_id=22566&scanf=30691&charge=2&value=9/20,sp|Q9C0J8|WDR33_HUMAN,/core/www/modules//consensus/?run_id=110202&search_id=114132&scans_id=110198&peptide_id=22566&scanf=30691&charge=2&value=sp|Q9C0J8|WDR33_HUMAN,0,/core/www/modules/match_peptides/blast_html4.php?run_id=110202&search_id=114132&scans_id=110198&peptide_id=22566&scanf=30691&charge=2&value=0,K.GLLPTPDEFPR.F,/core/www/modules/show_out/show_out_wrapper.php?run_id=110202&search_id=114132&scans_id=110198&peptide_id=22566&scanf=30691&charge=2&value=K.GLLPTPDEFPR.F,WDR33,6.470e+6,2.208,0.055,1.256,0.002
30694,2,"  1.591","  0.344",9/16,/core/www/modules//sdig/index.php?run_id=110202&search_id=114132&scans_id=110198&peptide_id=22569&scanf=30694&charge=2&value=9/16,sp|P78344|IF4G2_HUMAN,/core/www/modules//consensus/?run_id=110202&search_id=114132&scans_id=110198&peptide_id=22569&scanf=30694&charge=2&value=sp|P78344|IF4G2_HUMAN,3,/core/www/modules/match_peptides/blast_html4.php?run_id=110202&search_id=114132&scans_id=110198&peptide_id=22569&scanf=30694&charge=2&value=3,K.ASSLISLLK.Q,/core/www/modules/show_out/show_out_wrapper.php?run_id=110202&search_id=114132&scans_id=110198&peptide_id=22569&scanf=30694&charge=2&value=K.ASSLISLLK.Q,EIF4G2,3.081e+6,2.632,0.014,1.867,0.000
30698,2,"  1.977","  0.425",9/12,/core/www/modules//sdig/index.php?run_id=110202&search_id=114132&scans_id=110198&peptide_id=22573&scanf=30698&charge=2&value=9/12,sp|P46459|NSF_HUMAN,/core/www/modules//consensus/?run_id=110202&search_id=114132&scans_id=110198&peptide_id=22573&scanf=30698&charge=2&value=sp|P46459|NSF_HUMAN,2,/core/www/modules/match_peptides/blast_html4.php?run_id=110202&search_id=114132&scans_id=110198&peptide_id=22573&scanf=30698&charge=2&value=2,K.LFGLLVK.D,/core/www/modules/show_out/show_out_wrapper.php?run_id=110202&search_id=114132&scans_id=110198&peptide_id=22573&scanf=30698&charge=2&value=K.LFGLLVK.D,NSF,9.333e+6,3.350,0.001,2.926,0.000
30699,2,"  4.497","  0.699",17/36,/core/www/modules//sdig/index.php?run_id=110202&search_id=114132&scans_id=110198&peptide_id=22574&scanf=30699&charge=2&value=17/36,sp|P35251|RFC1_HUMAN,/core/www/modules//consensus/?run_id=110202&search_id=114132&scans_id=110198&peptide_id=22574&scanf=30699&charge=2&value=sp|P35251|RFC1_HUMAN,0,/core/www/modules/match_peptides/blast_html4.php?run_id=110202&search_id=114132&scans_id=110198&peptide_id=22574&scanf=30699&charge=2&value=0,R.NLADDSSENKVENLLWVDK.Y,/core/www/modules/show_out/show_out_wrapper.php?run_id=110202&search_id=114132&scans_id=110198&peptide_id=22574&scanf=30699&charge=2&value=R.NLADDSSENKVENLLWVDK.Y,RFC1,1.343e+6,3.230,0.002,2.748,0.000
30702,2,"  3.151","  0.443",13/20,/core/www/modules//sdig/index.php?run_id=110202&search_id=114132&scans_id=110198&peptide_id=22577&scanf=30702&charge=2&value=13/20,sp|P10155|RO60_HUMAN,/core/www/modules//consensus/?run_id=110202&search_id=114132&scans_id=110198&peptide_id=22577&scanf=30702&charge=2&value=sp|P10155|RO60_HUMAN,0,/core/www/modules/match_peptides/blast_html4.php?run_id=110202&search_id=114132&scans_id=110198&peptide_id=22577&scanf=30702&charge=2&value=0,K.LGLENAEALIR.L,/core/www/modules/show_out/show_out_wrapper.php?run_id=110202&search_id=114132&scans_id=110198&peptide_id=22577&scanf=30702&charge=2&value=K.LGLENAEALIR.L,RO60,1.620e+7,3.167,0.002,2.656,0.000
30706,2,"  3.493","  0.464",13/26,/core/www/modules//sdig/index.php?run_id=110202&search_id=114132&scans_id=110198&peptide_id=22581&scanf=30706&charge=2&value=13/26,sp|Q6P2Q9|PRP8_HUMAN,/core/www/modules//consensus/?run_id=110202&search_id=114132&scans_id=110198&peptide_id=22581&scanf=30706&charge=2&value=sp|Q6P2Q9|PRP8_HUMAN,0,/core/www/modules/match_peptides/blast_html4.php?run_id=110202&search_id=114132&scans_id=110198&peptide_id=22581&scanf=30706&charge=2&value=0,R.YIQPWESEFIDSQR.V,/core/www/modules/show_out/show_out_wrapper.php?run_id=110202&search_id=114132&scans_id=110198&peptide_id=22581&scanf=30706&charge=2&value=R.YIQPWESEFIDSQR.V,PRPF8,8.759e+6,3.238,0.002,2.760,0.000
30707,2,"  4.354","  0.600",13/28,/core/www/modules//sdig/index.php?run_id=110202&search_id=114132&scans_id=110198&peptide_id=22582&scanf=30707&charge=2&value=13/28,sp|P62847|RS24_HUMAN,/core/www/modules//consensus/?run_id=110202&search_id=114132&scans_id=110198&peptide_id=22582&scanf=30707&charge=2&value=sp|P62847|RS24_HUMAN,4,/core/www/modules/match_peptides/blast_html4.php?run_id=110202&search_id=114132&scans_id=110198&peptide_id=22582&scanf=30707&charge=2&value=4,K.TTGFGM*IYDSLDYAK.K,/core/www/modules/show_out/show_out_wrapper.php?run_id=110202&search_id=114132&scans_id=110198&peptide_id=22582&scanf=30707&charge=2&value=K.TTGFGM*IYDSLDYAK.K,RPS24,6.041e+6,3.253,0.002,2.782,0.000
30708,3,"  3.168","  0.380",7/68,/core/www/modules//sdig/index.php?run_id=110202&search_id=114132&scans_id=110198&peptide_id=22583&scanf=30708&charge=3&value=7/68,sp|Q16698|DECR_HUMAN,/core/www/modules//consensus/?run_id=110202&search_id=114132&scans_id=110198&peptide_id=22583&scanf=30708&charge=3&value=sp|Q16698|DECR_HUMAN,0,/core/www/modules/match_peptides/blast_html4.php?run_id=110202&search_id=114132&scans_id=110198&peptide_id=22583&scanf=30708&charge=3&value=0,K.FDGGEEVLISGEFNDLRK.V,/core/www/modules/show_out/show_out_wrapper.php?run_id=110202&search_id=114132&scans_id=110198&peptide_id=22583&scanf=30708&charge=3&value=K.FDGGEEVLISGEFNDLRK.V,DECR1,3.380e+6,2.099,0.078,1.106,0.003
30709,3,"  2.297","  0.292",11/40,/core/www/modules//sdig/index.php?run_id=110202&search_id=114132&scans_id=110198&peptide_id=22584&scanf=30709&charge=3&value=11/40,sp|Q06587|RING1_HUMAN,/core/www/modules//consensus/?run_id=110202&search_id=114132&scans_id=110198&peptide_id=22584&scanf=30709&charge=3&value=sp|Q06587|RING1_HUMAN,0,/core/www/modules/match_peptides/blast_html4.php?run_id=110202&search_id=114132&scans_id=110198&peptide_id=22584&scanf=30709&charge=3&value=0,K.TWELSLYELHR.T,/core/www/modules/show_out/show_out_wrapper.php?run_id=110202&search_id=114132&scans_id=110198&peptide_id=22584&scanf=30709&charge=3&value=K.TWELSLYELHR.T,RING1,2.356e+6,2.500,0.021,1.674,0.001
30711,2,"  1.431","  0.145",8/14,/core/www/modules//sdig/index.php?run_id=110202&search_id=114132&scans_id=110198&peptide_id=22587&scanf=30711&charge=2&value=8/14,sp|O94826|TOM70_HUMAN,/core/www/modules//consensus/?run_id=110202&search_id=114132&scans_id=110198&peptide_id=22587&scanf=30711&charge=2&value=sp|O94826|TOM70_HUMAN,0,/core/www/modules/match_peptides/blast_html4.php?run_id=110202&search_id=114132&scans_id=110198&peptide_id=22587&scanf=30711&charge=2&value=0,K.GLLQLQWK.Q,/core/www/modules/show_out/show_out_wrapper.php?run_id=110202&search_id=114132&scans_id=110198&peptide_id=22587&scanf=30711&charge=2&value=K.GLLQLQWK.Q,TOMM70,2.850e+6,2.059,0.089,1.051,0.004
30712,2,"  3.548","  0.282",13/22,/core/www/modules//sdig/index.php?run_id=110202&search_id=114132&scans_id=110198&peptide_id=22588&scanf=30712&charge=2&value=13/22,sp|Q9H223|EHD4_HUMAN,/core/www/modules//consensus/?run_id=110202&search_id=114132&scans_id=110198&peptide_id=22588&scanf=30712&charge=2&value=sp|Q9H223|EHD4_HUMAN,0,/core/www/modules/match_peptides/blast_html4.php?run_id=110202&search_id=114132&scans_id=110198&peptide_id=22588&scanf=30712&charge=2&value=0,K.LDISDEFSEAIK.A,/core/www/modules/show_out/show_out_wrapper.php?run_id=110202&search_id=114132&scans_id=110198&peptide_id=22588&scanf=30712&charge=2&value=K.LDISDEFSEAIK.A,EHD4,3.061e+6,2.501,0.021,1.675,0.001
30713,3,"  2.228","  0.284",14/72,/core/www/modules//sdig/index.php?run_id=110202&search_id=114132&scans_id=110198&peptide_id=22589&scanf=30713&charge=3&value=14/72,sp|Q9Y4A5|TRRAP_HUMAN,/core/www/modules//consensus/?run_id=110202&search_id=114132&scans_id=110198&peptide_id=22589&scanf=30713&charge=3&value=sp|Q9Y4A5|TRRAP_HUMAN,3,/core/www/modules/match_peptides/blast_html4.php?run_id=110202&search_id=114132&scans_id=110198&peptide_id=22589&scanf=30713&charge=3&value=3,R.FDINDATGDLDANRPVPFR.L,/core/www/modules/show_out/show_out_wrapper.php?run_id=110202&search_id=114132&scans_id=110198&peptide_id=22589&scanf=30713&charge=3&value=R.FDINDATGDLDANRPVPFR.L,TRRAP,3.405e+6,2.101,0.078,1.109,0.003
30716,2,"  2.287","  0.394",9/16,/core/www/modules//sdig/index.php?run_id=110202&search_id=114132&scans_id=110198&peptide_id=22592&scanf=30716&charge=2&value=9/16,sp|Q15029|U5S1_HUMAN,/core/www/modules//consensus/?run_id=110202&search_id=114132&scans_id=110198&peptide_id=22592&scanf=30716&charge=2&value=sp|Q15029|U5S1_HUMAN,2,/core/www/modules/match_peptides/blast_html4.php?run_id=110202&search_id=114132&scans_id=110198&peptide_id=22592&scanf=30716&charge=2&value=2,K.YDWDLLAAR.S,/core/www/modules/show_out/show_out_wrapper.php?run_id=110202&search_id=114132&scans_id=110198&peptide_id=22592&scanf=30716&charge=2&value=K.YDWDLLAAR.S,EFTUD2,1.108e+7,2.974,0.004,2.370,0.000
30720,2,"  2.345","  0.423",8/18,/core/www/modules//sdig/index.php?run_id=110202&search_id=114132&scans_id=110198&peptide_id=22597&scanf=30720&charge=2&value=8/18,sp|Q96Q11|TRNT1_HUMAN,/core/www/modules//consensus/?run_id=110202&search_id=114132&scans_id=110198&peptide_id=22597&scanf=30720&charge=2&value=sp|Q96Q11|TRNT1_HUMAN,1,/core/www/modules/match_peptides/blast_html4.php?run_id=110202&search_id=114132&scans_id=110198&peptide_id=22597&scanf=30720&charge=2&value=1,K.EIGALLQQLR.E,/core/www/modules/show_out/show_out_wrapper.php?run_id=110202&search_id=114132&scans_id=110198&peptide_id=22597&scanf=30720&charge=2&value=K.EIGALLQQLR.E,TRNT1,1.405e+6,2.747,0.009,2.036,0.000
30721,2,"  2.146","  0.403",10/22,/core/www/modules//sdig/index.php?run_id=110202&search_id=114132&scans_id=110198&peptide_id=22598&scanf=30721&charge=2&value=10/22,sp|P50914|RL14_HUMAN,/core/www/modules//consensus/?run_id=110202&search_id=114132&scans_id=110198&peptide_id=22598&scanf=30721&charge=2&value=sp|P50914|RL14_HUMAN,1,/core/www/modules/match_peptides/blast_html4.php?run_id=110202&search_id=114132&scans_id=110198&peptide_id=22598&scanf=30721&charge=2&value=1,K.LVAIVDVIDQNR.A,/core/www/modules/show_out/show_out_wrapper.php?run_id=110202&search_id=114132&scans_id=110198&peptide_id=22598&scanf=30721&charge=2&value=K.LVAIVDVIDQNR.A,RPL14,2.033e+6,2.617,0.014,1.845,0.000
30723,2,"  3.111","  0.609",13/18,/core/www/modules//sdig/index.php?run_id=110202&search_id=114132&scans_id=110198&peptide_id=22599&scanf=30723&charge=2&value=13/18,sp|P09651|ROA1_HUMAN,/core/www/modules//consensus/?run_id=110202&search_id=114132&scans_id=110198&peptide_id=22599&scanf=30723&charge=2&value=sp|P09651|ROA1_HUMAN,11,/core/www/modules/match_peptides/blast_html4.php?run_id=110202&search_id=114132&scans_id=110198&peptide_id=22599&scanf=30723&charge=2&value=11,K.IEVIEIMTDR.G,/core/www/modules/show_out/show_out_wrapper.php?run_id=110202&search_id=114132&scans_id=110198&peptide_id=22599&scanf=30723&charge=2&value=K.IEVIEIMTDR.G,HNRNPA1,4.592e+8,3.922,0.000,3.773,0.000
30726,3,"  5.496","  0.616",19/76,/core/www/modules//sdig/index.php?run_id=110202&search_id=114132&scans_id=110198&peptide_id=22602&scanf=30726&charge=3&value=19/76,sp|Q9UQ35|SRRM2_HUMAN,/core/www/modules//consensus/?run_id=110202&search_id=114132&scans_id=110198&peptide_id=22602&scanf=30726&charge=3&value=sp|Q9UQ35|SRRM2_HUMAN,0,/core/www/modules/match_peptides/blast_html4.php?run_id=110202&search_id=114132&scans_id=110198&peptide_id=22602&scanf=30726&charge=3&value=0,R.TPMSVLQQAGGSMMDGPGPR.I,/core/www/modules/show_out/show_out_wrapper.php?run_id=110202&search_id=114132&scans_id=110198&peptide_id=22602&scanf=30726&charge=3&value=R.TPMSVLQQAGGSMMDGPGPR.I,SRRM2,1.693e+7,3.495,0.001,3.141,0.000
30727,3,"  3.640","  0.452",14/44,/core/www/modules//sdig/index.php?run_id=110202&search_id=114132&scans_id=110198&peptide_id=22603&scanf=30727&charge=3&value=14/44,sp|Q14527|HLTF_HUMAN,/core/www/modules//consensus/?run_id=110202&search_id=114132&scans_id=110198&peptide_id=22603&scanf=30727&charge=3&value=sp|Q14527|HLTF_HUMAN,2,/core/www/modules/match_peptides/blast_html4.php?run_id=110202&search_id=114132&scans_id=110198&peptide_id=22603&scanf=30727&charge=3&value=2,K.INALMHALTDLR.K,/core/www/modules/show_out/show_out_wrapper.php?run_id=110202&search_id=114132&scans_id=110198&peptide_id=22603&scanf=30727&charge=3&value=K.INALMHALTDLR.K,HLTF,3.565e+6,3.146,0.002,2.624,0.000
30744,2,"  1.963","  0.141",10/16,/core/www/modules//sdig/index.php?run_id=110202&search_id=114132&scans_id=110198&peptide_id=22621&scanf=30744&charge=2&value=10/16,sp|O60814|H2B1K_HUMAN,/core/www/modules//consensus/?run_id=110202&search_id=114132&scans_id=110198&peptide_id=22621&scanf=30744&charge=2&value=sp|O60814|H2B1K_HUMAN,16,/core/www/modules/match_peptides/blast_html4.php?run_id=110202&search_id=114132&scans_id=110198&peptide_id=22621&scanf=30744&charge=2&value=16,R.LLLPGELAK.H,/core/www/modules/show_out/show_out_wrapper.php?run_id=110202&search_id=114132&scans_id=110198&peptide_id=22621&scanf=30744&charge=2&value=R.LLLPGELAK.H,H2BC12,4.487e+9,2.324,0.038,1.420,0.001
30748,3,"  4.676","  0.554",16/96,/core/www/modules//sdig/index.php?run_id=110202&search_id=114132&scans_id=110198&peptide_id=22625&scanf=30748&charge=3&value=16/96,sp|O60506|HNRPQ_HUMAN,/core/www/modules//consensus/?run_id=110202&search_id=114132&scans_id=110198&peptide_id=22625&scanf=30748&charge=3&value=sp|O60506|HNRPQ_HUMAN,7,/core/www/modules/match_peptides/blast_html4.php?run_id=110202&search_id=114132&scans_id=110198&peptide_id=22625&scanf=30748&charge=3&value=7,K.YGGPPPDSVYSGQQPSVGTEIFVGK.I,/core/www/modules/show_out/show_out_wrapper.php?run_id=110202&search_id=114132&scans_id=110198&peptide_id=22625&scanf=30748&charge=3&value=K.YGGPPPDSVYSGQQPSVGTEIFVGK.I,SYNCRIP,1.331e+7,2.959,0.004,2.348,0.000
30749,4,"  4.772","  0.484",22/156,/core/www/modules//sdig/index.php?run_id=110202&search_id=114132&scans_id=110198&peptide_id=22626&scanf=30749&charge=4&value=22/156,sp|Q86XP3|DDX42_HUMAN,/core/www/modules//consensus/?run_id=110202&search_id=114132&scans_id=110198&peptide_id=22626&scanf=30749&charge=4&value=sp|Q86XP3|DDX42_HUMAN,0,/core/www/modules/match_peptides/blast_html4.php?run_id=110202&search_id=114132&scans_id=110198&peptide_id=22626&scanf=30749&charge=4&value=0,R.VSGAAPPRPGSSFAHFGFDEQLMHQIR.K,/core/www/modules/show_out/show_out_wrapper.php?run_id=110202&search_id=114132&scans_id=110198&peptide_id=22626&scanf=30749&charge=4&value=R.VSGAAPPRPGSSFAHFGFDEQLMHQIR.K,DDX42,2.072e+6,2.965,0.004,2.357,0.000
30752,3,"  2.613","  0.340",12/60,/core/www/modules//sdig/index.php?run_id=110202&search_id=114132&scans_id=110198&peptide_id=22630&scanf=30752&charge=3&value=12/60,sp|Q9UQE7|SMC3_HUMAN,/core/www/modules//consensus/?run_id=110202&search_id=114132&scans_id=110198&peptide_id=22630&scanf=30752&charge=3&value=sp|Q9UQE7|SMC3_HUMAN,0,/core/www/modules/match_peptides/blast_html4.php?run_id=110202&search_id=114132&scans_id=110198&peptide_id=22630&scanf=30752&charge=3&value=0,R.SLQSLEASLHAMESTR.E,/core/www/modules/show_out/show_out_wrapper.php?run_id=110202&search_id=114132&scans_id=110198&peptide_id=22630&scanf=30752&charge=3&value=R.SLQSLEASLHAMESTR.E,SMC3,1.173e+7,2.465,0.024,1.623,0.001
30759,2,"  2.304","  0.497",9/16,/core/www/modules//sdig/index.php?run_id=110202&search_id=114132&scans_id=110198&peptide_id=22637&scanf=30759&charge=2&value=9/16,sp|O00541|PESC_HUMAN,/core/www/modules//consensus/?run_id=110202&search_id=114132&scans_id=110198&peptide_id=22637&scanf=30759&charge=2&value=sp|O00541|PESC_HUMAN,1,/core/www/modules/match_peptides/blast_html4.php?run_id=110202&search_id=114132&scans_id=110198&peptide_id=22637&scanf=30759&charge=2&value=1,R.YPTFIDALR.D,/core/www/modules/show_out/show_out_wrapper.php?run_id=110202&search_id=114132&scans_id=110198&peptide_id=22637&scanf=30759&charge=2&value=R.YPTFIDALR.D,PES1,6.806e+6,3.233,0.002,2.752,0.000
30766,3,"  3.769","  0.632",16/52,/core/www/modules//sdig/index.php?run_id=110202&search_id=114132&scans_id=110198&peptide_id=22643&scanf=30766&charge=3&value=16/52,sp|Q9ULW3|ABT1_HUMAN,/core/www/modules//consensus/?run_id=110202&search_id=114132&scans_id=110198&peptide_id=22643&scanf=30766&charge=3&value=sp|Q9ULW3|ABT1_HUMAN,0,/core/www/modules/match_peptides/blast_html4.php?run_id=110202&search_id=114132&scans_id=110198&peptide_id=22643&scanf=30766&charge=3&value=0,R.VVPGIVYLGHIPPR.F,/core/www/modules/show_out/show_out_wrapper.php?run_id=110202&search_id=114132&scans_id=110198&peptide_id=22643&scanf=30766&charge=3&value=R.VVPGIVYLGHIPPR.F,ABT1,4.511e+6,3.535,0.001,3.200,0.000
30767,3,"  3.351","  0.469",16/84,/core/www/modules//sdig/index.php?run_id=110202&search_id=114132&scans_id=110198&peptide_id=22644&scanf=30767&charge=3&value=16/84,sp|Q14980|NUMA1_HUMAN,/core/www/modules//consensus/?run_id=110202&search_id=114132&scans_id=110198&peptide_id=22644&scanf=30767&charge=3&value=sp|Q14980|NUMA1_HUMAN,1,/core/www/modules/match_peptides/blast_html4.php?run_id=110202&search_id=114132&scans_id=110198&peptide_id=22644&scanf=30767&charge=3&value=1,R.LGSPDYGNSALLSLPGYRPTTR.S,/core/www/modules/show_out/show_out_wrapper.php?run_id=110202&search_id=114132&scans_id=110198&peptide_id=22644&scanf=30767&charge=3&value=R.LGSPDYGNSALLSLPGYRPTTR.S,NUMA1,3.500e+6,2.723,0.010,2.000,0.000
30768,2,"  2.723","  0.306",12/26,/core/www/modules//sdig/index.php?run_id=110202&search_id=114132&scans_id=110198&peptide_id=22645&scanf=30768&charge=2&value=12/26,sp|P50990|TCPQ_HUMAN,/core/www/modules//consensus/?run_id=110202&search_id=114132&scans_id=110198&peptide_id=22645&scanf=30768&charge=2&value=sp|P50990|TCPQ_HUMAN,1,/core/www/modules/match_peptides/blast_html4.php?run_id=110202&search_id=114132&scans_id=110198&peptide_id=22645&scanf=30768&charge=2&value=1,K.NVGLDIEAEVPAVK.D,/core/www/modules/show_out/show_out_wrapper.php?run_id=110202&search_id=114132&scans_id=110198&peptide_id=22645&scanf=30768&charge=2&value=K.NVGLDIEAEVPAVK.D,CCT8,2.282e+7,2.291,0.042,1.373,0.001
30769,3,"  4.110","  0.584",15/68,/core/www/modules//sdig/index.php?run_id=110202&search_id=114132&scans_id=110198&peptide_id=22646&scanf=30769&charge=3&value=15/68,sp|O60506|HNRPQ_HUMAN,/core/www/modules//consensus/?run_id=110202&search_id=114132&scans_id=110198&peptide_id=22646&scanf=30769&charge=3&value=sp|O60506|HNRPQ_HUMAN,7,/core/www/modules/match_peptides/blast_html4.php?run_id=110202&search_id=114132&scans_id=110198&peptide_id=22646&scanf=30769&charge=3&value=7,K.DLEGENIEIVFAKPPDQK.R,/core/www/modules/show_out/show_out_wrapper.php?run_id=110202&search_id=114132&scans_id=110198&peptide_id=22646&scanf=30769&charge=3&value=K.DLEGENIEIVFAKPPDQK.R,SYNCRIP,3.173e+7,3.321,0.001,2.883,0.000
30770,2,"  2.243","  0.428",9/20,/core/www/modules//sdig/index.php?run_id=110202&search_id=114132&scans_id=110198&peptide_id=22648&scanf=30770&charge=2&value=9/20,sp|Q15269|PWP2_HUMAN,/core/www/modules//consensus/?run_id=110202&search_id=114132&scans_id=110198&peptide_id=22648&scanf=30770&charge=2&value=sp|Q15269|PWP2_HUMAN,0,/core/www/modules/match_peptides/blast_html4.php?run_id=110202&search_id=114132&scans_id=110198&peptide_id=22648&scanf=30770&charge=2&value=0,K.DMSTWVFGAER.W,/core/www/modules/show_out/show_out_wrapper.php?run_id=110202&search_id=114132&scans_id=110198&peptide_id=22648&scanf=30770&charge=2&value=K.DMSTWVFGAER.W,PWP2,2.284e+6,2.746,0.009,2.034,0.000
30776,3,"  3.122","  0.463",9/84,/core/www/modules//sdig/index.php?run_id=110202&search_id=114132&scans_id=110198&peptide_id=22654&scanf=30776&charge=3&value=9/84,sp|P60709|ACTB_HUMAN,/core/www/modules//consensus/?run_id=110202&search_id=114132&scans_id=110198&peptide_id=22654&scanf=30776&charge=3&value=sp|P60709|ACTB_HUMAN,6,/core/www/modules/match_peptides/blast_html4.php?run_id=110202&search_id=114132&scans_id=110198&peptide_id=22654&scanf=30776&charge=3&value=6,R.KDLYANTVLSGGTTMYPGIADR.M,/core/www/modules/show_out/show_out_wrapper.php?run_id=110202&search_id=114132&scans_id=110198&peptide_id=22654&scanf=30776&charge=3&value=R.KDLYANTVLSGGTTMYPGIADR.M,ACTB,4.981e+6,2.765,0.009,2.062,0.000
30778,2,"  1.656","  0.219",7/16,/core/www/modules//sdig/index.php?run_id=110202&search_id=114132&scans_id=110198&peptide_id=22656&scanf=30778&charge=2&value=7/16,sp|P30519|HMOX2_HUMAN,/core/www/modules//consensus/?run_id=110202&search_id=114132&scans_id=110198&peptide_id=22656&scanf=30778&charge=2&value=sp|P30519|HMOX2_HUMAN,7,/core/www/modules/match_peptides/blast_html4.php?run_id=110202&search_id=114132&scans_id=110198&peptide_id=22656&scanf=30778&charge=2&value=7,R.MADLSELLK.E,/core/www/modules/show_out/show_out_wrapper.php?run_id=110202&search_id=114132&scans_id=110198&peptide_id=22656&scanf=30778&charge=2&value=R.MADLSELLK.E,HMOX2,3.600e+6,2.048,0.092,1.036,0.004
30781,2,"  2.899","  0.406",11/22,/core/www/modules//sdig/index.php?run_id=110202&search_id=114132&scans_id=110198&peptide_id=22660&scanf=30781&charge=2&value=11/22,sp|Q6L8Q7|PDE12_HUMAN,/core/www/modules//consensus/?run_id=110202&search_id=114132&scans_id=110198&peptide_id=22660&scanf=30781&charge=2&value=sp|Q6L8Q7|PDE12_HUMAN,1,/core/www/modules/match_peptides/blast_html4.php?run_id=110202&search_id=114132&scans_id=110198&peptide_id=22660&scanf=30781&charge=2&value=1,R.NPPAFTELQLPR.Y,/core/www/modules/show_out/show_out_wrapper.php?run_id=110202&search_id=114132&scans_id=110198&peptide_id=22660&scanf=30781&charge=2&value=R.NPPAFTELQLPR.Y,PDE12,1.701e+6,2.715,0.010,1.988,0.000
30788,3,"  1.783","  0.380",10/48,/core/www/modules//sdig/index.php?run_id=110202&search_id=114132&scans_id=110198&peptide_id=22666&scanf=30788&charge=3&value=10/48,sp|O14647|CHD2_HUMAN,/core/www/modules//consensus/?run_id=110202&search_id=114132&scans_id=110198&peptide_id=22666&scanf=30788&charge=3&value=sp|O14647|CHD2_HUMAN,4,/core/www/modules/match_peptides/blast_html4.php?run_id=110202&search_id=114132&scans_id=110198&peptide_id=22666&scanf=30788&charge=3&value=4,K.FEFWEDFEEDHGK.G,/core/www/modules/show_out/show_out_wrapper.php?run_id=110202&search_id=114132&scans_id=110198&peptide_id=22666&scanf=30788&charge=3&value=K.FEFWEDFEEDHGK.G,CHD2,2.354e+6,2.527,0.019,1.713,0.000
30792,3,"  2.768","  0.318",12/60,/core/www/modules//sdig/index.php?run_id=110202&search_id=114132&scans_id=110198&peptide_id=22671&scanf=30792&charge=3&value=12/60,sp|P27824|CALX_HUMAN,/core/www/modules//consensus/?run_id=110202&search_id=114132&scans_id=110198&peptide_id=22671&scanf=30792&charge=3&value=sp|P27824|CALX_HUMAN,15,/core/www/modules/match_peptides/blast_html4.php?run_id=110202&search_id=114132&scans_id=110198&peptide_id=22671&scanf=30792&charge=3&value=15,K.APVPTGEVYFADSFDR.G,/core/www/modules/show_out/show_out_wrapper.php?run_id=110202&search_id=114132&scans_id=110198&peptide_id=22671&scanf=30792&charge=3&value=K.APVPTGEVYFADSFDR.G,CANX,1.917e+6,2.362,0.034,1.474,0.001
30794,3,"  2.904","  0.323",9/60,/core/www/modules//sdig/index.php?run_id=110202&search_id=114132&scans_id=110198&peptide_id=22673&scanf=30794&charge=3&value=9/60,sp|Q15149|PLEC_HUMAN,/core/www/modules//consensus/?run_id=110202&search_id=114132&scans_id=110198&peptide_id=22673&scanf=30794&charge=3&value=sp|Q15149|PLEC_HUMAN,5,/core/www/modules/match_peptides/blast_html4.php?run_id=110202&search_id=114132&scans_id=110198&peptide_id=22673&scanf=30794&charge=3&value=5,K.GIYQSLEGAVQAGQLK.V,/core/www/modules/show_out/show_out_wrapper.php?run_id=110202&search_id=114132&scans_id=110198&peptide_id=22673&scanf=30794&charge=3&value=K.GIYQSLEGAVQAGQLK.V,PLEC,6.515e+6,2.802,0.008,2.117,0.000
30796,4,"  5.073","  0.558",19/126,/core/www/modules//sdig/index.php?run_id=110202&search_id=114132&scans_id=110198&peptide_id=22675&scanf=30796&charge=4&value=19/126,sp|O94906|PRP6_HUMAN,/core/www/modules//consensus/?run_id=110202&search_id=114132&scans_id=110198&peptide_id=22675&scanf=30796&charge=4&value=sp|O94906|PRP6_HUMAN,0,/core/www/modules/match_peptides/blast_html4.php?run_id=110202&search_id=114132&scans_id=110198&peptide_id=22675&scanf=30796&charge=4&value=0,K.GYLTDLNSMIPTHGGDINDIKK.A,/core/www/modules/show_out/show_out_wrapper.php?run_id=110202&search_id=114132&scans_id=110198&peptide_id=22675&scanf=30796&charge=4&value=K.GYLTDLNSMIPTHGGDINDIKK.A,PRPF6,1.166e+7,3.232,0.002,2.751,0.000
30800,3,"  5.674","  0.540",19/64,/core/www/modules//sdig/index.php?run_id=110202&search_id=114132&scans_id=110198&peptide_id=22680&scanf=30800&charge=3&value=19/64,sp|P12814|ACTN1_HUMAN,/core/www/modules//consensus/?run_id=110202&search_id=114132&scans_id=110198&peptide_id=22680&scanf=30800&charge=3&value=sp|P12814|ACTN1_HUMAN,13,/core/www/modules/match_peptides/blast_html4.php?run_id=110202&search_id=114132&scans_id=110198&peptide_id=22680&scanf=30800&charge=3&value=13,K.AGTQIENIEEDFRDGLK.L,/core/www/modules/show_out/show_out_wrapper.php?run_id=110202&search_id=114132&scans_id=110198&peptide_id=22680&scanf=30800&charge=3&value=K.AGTQIENIEEDFRDGLK.L,ACTN1,2.945e+7,3.184,0.002,2.680,0.000
30801,2,"  3.653","  0.490",16/26,/core/www/modules//sdig/index.php?run_id=110202&search_id=114132&scans_id=110198&peptide_id=22681&scanf=30801&charge=2&value=16/26,sp|Q9Y262|EIF3L_HUMAN,/core/www/modules//consensus/?run_id=110202&search_id=114132&scans_id=110198&peptide_id=22681&scanf=30801&charge=2&value=sp|Q9Y262|EIF3L_HUMAN,3,/core/www/modules/match_peptides/blast_html4.php?run_id=110202&search_id=114132&scans_id=110198&peptide_id=22681&scanf=30801&charge=2&value=3,K.VYEIQDIYENSWTK.L,/core/www/modules/show_out/show_out_wrapper.php?run_id=110202&search_id=114132&scans_id=110198&peptide_id=22681&scanf=30801&charge=2&value=K.VYEIQDIYENSWTK.L,EIF3L,3.443e+6,3.164,0.002,2.650,0.000
30803,2,"  1.784","  0.365",8/14,/core/www/modules//sdig/index.php?run_id=110202&search_id=114132&scans_id=110198&peptide_id=22683&scanf=30803&charge=2&value=8/14,sp|Q15149|PLEC_HUMAN,/core/www/modules//consensus/?run_id=110202&search_id=114132&scans_id=110198&peptide_id=22683&scanf=30803&charge=2&value=sp|Q15149|PLEC_HUMAN,0,/core/www/modules/match_peptides/blast_html4.php?run_id=110202&search_id=114132&scans_id=110198&peptide_id=22683&scanf=30803&charge=2&value=0,R.AIYEVLFR.E,/core/www/modules/show_out/show_out_wrapper.php?run_id=110202&search_id=114132&scans_id=110198&peptide_id=22683&scanf=30803&charge=2&value=R.AIYEVLFR.E,PLEC,2.956e+6,3.309,0.001,2.865,0.000
30805,3,"  4.667","  0.543",13/68,/core/www/modules//sdig/index.php?run_id=110202&search_id=114132&scans_id=110198&peptide_id=22685&scanf=30805&charge=3&value=13/68,sp|Q9UNM6|PSD13_HUMAN,/core/www/modules//consensus/?run_id=110202&search_id=114132&scans_id=110198&peptide_id=22685&scanf=30805&charge=3&value=sp|Q9UNM6|PSD13_HUMAN,3,/core/www/modules/match_peptides/blast_html4.php?run_id=110202&search_id=114132&scans_id=110198&peptide_id=22685&scanf=30805&charge=3&value=3,K.TAWGQQPDLAANEAQLLR.K,/core/www/modules/show_out/show_out_wrapper.php?run_id=110202&search_id=114132&scans_id=110198&peptide_id=22685&scanf=30805&charge=3&value=K.TAWGQQPDLAANEAQLLR.K,PSMD13,4.914e+6,3.140,0.002,2.616,0.000
30807,2,"  4.797","  0.672",19/30,/core/www/modules//sdig/index.php?run_id=110202&search_id=114132&scans_id=110198&peptide_id=22686&scanf=30807&charge=2&value=19/30,sp|P40227|TCPZ_HUMAN,/core/www/modules//consensus/?run_id=110202&search_id=114132&scans_id=110198&peptide_id=22686&scanf=30807&charge=2&value=sp|P40227|TCPZ_HUMAN,0,/core/www/modules/match_peptides/blast_html4.php?run_id=110202&search_id=114132&scans_id=110198&peptide_id=22686&scanf=30807&charge=2&value=0,K.VLAQNSGFDLQETLVK.I,/core/www/modules/show_out/show_out_wrapper.php?run_id=110202&search_id=114132&scans_id=110198&peptide_id=22686&scanf=30807&charge=2&value=K.VLAQNSGFDLQETLVK.I,CCT6A,1.007e+7,3.787,0.000,3.574,0.000
30808,2,"  5.126","  0.662",18/30,/core/www/modules//sdig/index.php?run_id=110202&search_id=114132&scans_id=110198&peptide_id=22687&scanf=30808&charge=2&value=18/30,sp|Q08211|DHX9_HUMAN,/core/www/modules//consensus/?run_id=110202&search_id=114132&scans_id=110198&peptide_id=22687&scanf=30808&charge=2&value=sp|Q08211|DHX9_HUMAN,0,/core/www/modules/match_peptides/blast_html4.php?run_id=110202&search_id=114132&scans_id=110198&peptide_id=22687&scanf=30808&charge=2&value=0,R.ELDALDANDELTPLGR.I,/core/www/modules/show_out/show_out_wrapper.php?run_id=110202&search_id=114132&scans_id=110198&peptide_id=22687&scanf=30808&charge=2&value=R.ELDALDANDELTPLGR.I,DHX9,1.094e+8,4.044,0.000,3.955,0.000
30812,3,"  5.317","  0.679",21/68,/core/www/modules//sdig/index.php?run_id=110202&search_id=114132&scans_id=110198&peptide_id=22692&scanf=30812&charge=3&value=21/68,sp|P52907|CAZA1_HUMAN,/core/www/modules//consensus/?run_id=110202&search_id=114132&scans_id=110198&peptide_id=22692&scanf=30812&charge=3&value=sp|P52907|CAZA1_HUMAN,0,/core/www/modules/match_peptides/blast_html4.php?run_id=110202&search_id=114132&scans_id=110198&peptide_id=22692&scanf=30812&charge=3&value=0,K.FITHAPPGEFNEVFNDVR.L,/core/www/modules/show_out/show_out_wrapper.php?run_id=110202&search_id=114132&scans_id=110198&peptide_id=22692&scanf=30812&charge=3&value=K.FITHAPPGEFNEVFNDVR.L,CAPZA1,1.366e+7,3.736,0.000,3.498,0.000
30813,3,"  4.920","  0.537",17/80,/core/www/modules//sdig/index.php?run_id=110202&search_id=114132&scans_id=110198&peptide_id=22693&scanf=30813&charge=3&value=17/80,sp|Q15291|RBBP5_HUMAN,/core/www/modules//consensus/?run_id=110202&search_id=114132&scans_id=110198&peptide_id=22693&scanf=30813&charge=3&value=sp|Q15291|RBBP5_HUMAN,0,/core/www/modules/match_peptides/blast_html4.php?run_id=110202&search_id=114132&scans_id=110198&peptide_id=22693&scanf=30813&charge=3&value=0,K.TTNIELQGVPNDEVHPLLGVK.G,/core/www/modules/show_out/show_out_wrapper.php?run_id=110202&search_id=114132&scans_id=110198&peptide_id=22693&scanf=30813&charge=3&value=K.TTNIELQGVPNDEVHPLLGVK.G,RBBP5,3.112e+6,2.978,0.004,2.376,0.000
30819,2,"  2.320","  0.192",9/18,/core/www/modules//sdig/index.php?run_id=110202&search_id=114132&scans_id=110198&peptide_id=22699&scanf=30819&charge=2&value=9/18,sp|Q9UJX3|APC7_HUMAN,/core/www/modules//consensus/?run_id=110202&search_id=114132&scans_id=110198&peptide_id=22699&scanf=30819&charge=2&value=sp|Q9UJX3|APC7_HUMAN,0,/core/www/modules/match_peptides/blast_html4.php?run_id=110202&search_id=114132&scans_id=110198&peptide_id=22699&scanf=30819&charge=2&value=0,K.INMMLANLYK.K,/core/www/modules/show_out/show_out_wrapper.php?run_id=110202&search_id=114132&scans_id=110198&peptide_id=22699&scanf=30819&charge=2&value=K.INMMLANLYK.K,ANAPC7,1.457e+6,1.950,0.124,0.907,0.006
30820,2,"  3.597","  0.552",14/32,/core/www/modules//sdig/index.php?run_id=110202&search_id=114132&scans_id=110198&peptide_id=22701&scanf=30820&charge=2&value=14/32,sp|Q9UQR0|SCML2_HUMAN,/core/www/modules//consensus/?run_id=110202&search_id=114132&scans_id=110198&peptide_id=22701&scanf=30820&charge=2&value=sp|Q9UQR0|SCML2_HUMAN,0,/core/www/modules/match_peptides/blast_html4.php?run_id=110202&search_id=114132&scans_id=110198&peptide_id=22701&scanf=30820&charge=2&value=0,R.LTGDVLQPPGTSVPIVK.N,/core/www/modules/show_out/show_out_wrapper.php?run_id=110202&search_id=114132&scans_id=110198&peptide_id=22701&scanf=30820&charge=2&value=R.LTGDVLQPPGTSVPIVK.N,SCML2,1.898e+6,2.937,0.005,2.315,0.000
30821,3,"  2.830","  0.523",14/64,/core/www/modules//sdig/index.php?run_id=110202&search_id=114132&scans_id=110198&peptide_id=22702&scanf=30821&charge=3&value=14/64,sp|Q9H1B7|I2BPL_HUMAN,/core/www/modules//consensus/?run_id=110202&search_id=114132&scans_id=110198&peptide_id=22702&scanf=30821&charge=3&value=sp|Q9H1B7|I2BPL_HUMAN,0,/core/www/modules/match_peptides/blast_html4.php?run_id=110202&search_id=114132&scans_id=110198&peptide_id=22702&scanf=30821&charge=3&value=0,R.VFAFDAVSKPGMDYELK.L,/core/www/modules/show_out/show_out_wrapper.php?run_id=110202&search_id=114132&scans_id=110198&peptide_id=22702&scanf=30821&charge=3&value=R.VFAFDAVSKPGMDYELK.L,IRF2BPL,2.973e+6,2.989,0.004,2.391,0.000
30823,3,"  3.040","  0.412",13/76,/core/www/modules//sdig/index.php?run_id=110202&search_id=114132&scans_id=110198&peptide_id=22704&scanf=30823&charge=3&value=13/76,sp|Q13206|DDX10_HUMAN,/core/www/modules//consensus/?run_id=110202&search_id=114132&scans_id=110198&peptide_id=22704&scanf=30823&charge=3&value=sp|Q13206|DDX10_HUMAN,4,/core/www/modules/match_peptides/blast_html4.php?run_id=110202&search_id=114132&scans_id=110198&peptide_id=22704&scanf=30823&charge=3&value=4,K.EVPTQFLDRDEEEEDADFLK.V,/core/www/modules/show_out/show_out_wrapper.php?run_id=110202&search_id=114132&scans_id=110198&peptide_id=22704&scanf=30823&charge=3&value=K.EVPTQFLDRDEEEEDADFLK.V,DDX10,3.662e+6,2.256,0.047,1.323,0.002
30824,3,"  3.594","  0.601",13/40,/core/www/modules//sdig/index.php?run_id=110202&search_id=114132&scans_id=110198&peptide_id=22705&scanf=30824&charge=3&value=13/40,sp|Q9HCS7|SYF1_HUMAN,/core/www/modules//consensus/?run_id=110202&search_id=114132&scans_id=110198&peptide_id=22705&scanf=30824&charge=3&value=sp|Q9HCS7|SYF1_HUMAN,0,/core/www/modules/match_peptides/blast_html4.php?run_id=110202&search_id=114132&scans_id=110198&peptide_id=22705&scanf=30824&charge=3&value=0,R.RPLLLNSVLLR.Q,/core/www/modules/show_out/show_out_wrapper.php?run_id=110202&search_id=114132&scans_id=110198&peptide_id=22705&scanf=30824&charge=3&value=R.RPLLLNSVLLR.Q,XAB2,3.509e+6,3.675,0.000,3.408,0.000
30829,2,"  2.703","  0.539",12/20,/core/www/modules//sdig/index.php?run_id=110202&search_id=114132&scans_id=110198&peptide_id=22709&scanf=30829&charge=2&value=12/20,sp|P78527|PRKDC_HUMAN,/core/www/modules//consensus/?run_id=110202&search_id=114132&scans_id=110198&peptide_id=22709&scanf=30829&charge=2&value=sp|P78527|PRKDC_HUMAN,0,/core/www/modules/match_peptides/blast_html4.php?run_id=110202&search_id=114132&scans_id=110198&peptide_id=22709&scanf=30829&charge=2&value=0,K.LGNPIVPLNIR.L,/core/www/modules/show_out/show_out_wrapper.php?run_id=110202&search_id=114132&scans_id=110198&peptide_id=22709&scanf=30829&charge=2&value=K.LGNPIVPLNIR.L,PRKDC,1.391e+8,4.193,0.000,4.176,0.000
30831,3,"  2.056","  0.640",16/80,/core/www/modules//sdig/index.php?run_id=110202&search_id=114132&scans_id=110198&peptide_id=22712&scanf=30831&charge=3&value=16/80,sp|Q9UQE7|SMC3_HUMAN,/core/www/modules//consensus/?run_id=110202&search_id=114132&scans_id=110198&peptide_id=22712&scanf=30831&charge=3&value=sp|Q9UQE7|SMC3_HUMAN,0,/core/www/modules/match_peptides/blast_html4.php?run_id=110202&search_id=114132&scans_id=110198&peptide_id=22712&scanf=30831&charge=3&value=0,R.ETEGGTVLTATTSELEAINKR.V,/core/www/modules/show_out/show_out_wrapper.php?run_id=110202&search_id=114132&scans_id=110198&peptide_id=22712&scanf=30831&charge=3&value=R.ETEGGTVLTATTSELEAINKR.V,SMC3,1.285e+7,3.070,0.003,2.511,0.000
30832,3,"  4.827","  0.583",13/84,/core/www/modules//sdig/index.php?run_id=110202&search_id=114132&scans_id=110198&peptide_id=22713&scanf=30832&charge=3&value=13/84,sp|P60709|ACTB_HUMAN,/core/www/modules//consensus/?run_id=110202&search_id=114132&scans_id=110198&peptide_id=22713&scanf=30832&charge=3&value=sp|P60709|ACTB_HUMAN,6,/core/www/modules/match_peptides/blast_html4.php?run_id=110202&search_id=114132&scans_id=110198&peptide_id=22713&scanf=30832&charge=3&value=6,R.KDLYANTVLSGGTTMYPGIADR.M,/core/www/modules/show_out/show_out_wrapper.php?run_id=110202&search_id=114132&scans_id=110198&peptide_id=22713&scanf=30832&charge=3&value=R.KDLYANTVLSGGTTMYPGIADR.M,ACTB,4.981e+6,3.315,0.001,2.874,0.000
30833,3,"  2.720","  0.364",9/88,/core/www/modules//sdig/index.php?run_id=110202&search_id=114132&scans_id=110198&peptide_id=22714&scanf=30833&charge=3&value=9/88,sp|O43427|FIBP_HUMAN,/core/www/modules//consensus/?run_id=110202&search_id=114132&scans_id=110198&peptide_id=22714&scanf=30833&charge=3&value=sp|O43427|FIBP_HUMAN,2,/core/www/modules/match_peptides/blast_html4.php?run_id=110202&search_id=114132&scans_id=110198&peptide_id=22714&scanf=30833&charge=3&value=2,R.SGILEQTGATAAVLQSDTMDHYR.T,/core/www/modules/show_out/show_out_wrapper.php?run_id=110202&search_id=114132&scans_id=110198&peptide_id=22714&scanf=30833&charge=3&value=R.SGILEQTGATAAVLQSDTMDHYR.T,FIBP,1.377e+6,1.854,0.164,0.785,0.009
30837,2,"  2.111","  0.435",8/18,/core/www/modules//sdig/index.php?run_id=110202&search_id=114132&scans_id=110198&peptide_id=22718&scanf=30837&charge=2&value=8/18,sp|Q13451|FKBP5_HUMAN,/core/www/modules//consensus/?run_id=110202&search_id=114132&scans_id=110198&peptide_id=22718&scanf=30837&charge=2&value=sp|Q13451|FKBP5_HUMAN,0,/core/www/modules/match_peptides/blast_html4.php?run_id=110202&search_id=114132&scans_id=110198&peptide_id=22718&scanf=30837&charge=2&value=0,R.NEPFVFSLGK.G,/core/www/modules/show_out/show_out_wrapper.php?run_id=110202&search_id=114132&scans_id=110198&peptide_id=22718&scanf=30837&charge=2&value=R.NEPFVFSLGK.G,FKBP5,2.674e+6,2.797,0.008,2.109,0.000
30845,4,"  3.252","  0.536",18/84,/core/www/modules//sdig/index.php?run_id=110202&search_id=114132&scans_id=110198&peptide_id=22727&scanf=30845&charge=4&value=18/84,sp|O60287|NPA1P_HUMAN,/core/www/modules//consensus/?run_id=110202&search_id=114132&scans_id=110198&peptide_id=22727&scanf=30845&charge=4&value=sp|O60287|NPA1P_HUMAN,0,/core/www/modules/match_peptides/blast_html4.php?run_id=110202&search_id=114132&scans_id=110198&peptide_id=22727&scanf=30845&charge=4&value=0,K.SHILPHPVVVADLLK.D,/core/www/modules/show_out/show_out_wrapper.php?run_id=110202&search_id=114132&scans_id=110198&peptide_id=22727&scanf=30845&charge=4&value=K.SHILPHPVVVADLLK.D,URB1,2.045e+6,3.614,0.000,3.317,0.000
30851,3,"  8.676","  0.724",36/116,/core/www/modules//sdig/index.php?run_id=110202&search_id=114132&scans_id=110198&peptide_id=22733&scanf=30851&charge=3&value=36/116,sp|Q96DI7|SNR40_HUMAN,/core/www/modules//consensus/?run_id=110202&search_id=114132&scans_id=110198&peptide_id=22733&scanf=30851&charge=3&value=sp|Q96DI7|SNR40_HUMAN,0,/core/www/modules/match_peptides/blast_html4.php?run_id=110202&search_id=114132&scans_id=110198&peptide_id=22733&scanf=30851&charge=3&value=0,R.HELLLGAGSGPGAGQQQATPGALLQAGPPR.C,/core/www/modules/show_out/show_out_wrapper.php?run_id=110202&search_id=114132&scans_id=110198&peptide_id=22733&scanf=30851&charge=3&value=R.HELLLGAGSGPGAGQQQATPGALLQAGPPR.C,SNRNP40,3.543e+6,3.712,0.000,3.462,0.000
30852,2,"  1.942","  0.207",10/20,/core/www/modules//sdig/index.php?run_id=110202&search_id=114132&scans_id=110198&peptide_id=22734&scanf=30852&charge=2&value=10/20,sp|O00571|DDX3X_HUMAN,/core/www/modules//consensus/?run_id=110202&search_id=114132&scans_id=110198&peptide_id=22734&scanf=30852&charge=2&value=sp|O00571|DDX3X_HUMAN,27,/core/www/modules/match_peptides/blast_html4.php?run_id=110202&search_id=114132&scans_id=110198&peptide_id=22734&scanf=30852&charge=2&value=27,R.MLDMGFEPQIR.R,/core/www/modules/show_out/show_out_wrapper.php?run_id=110202&search_id=114132&scans_id=110198&peptide_id=22734&scanf=30852&charge=2&value=R.MLDMGFEPQIR.R,DDX3X,1.463e+8,2.141,0.069,1.164,0.002
30854,2,"  1.463","  0.207",8/20,/core/www/modules//sdig/index.php?run_id=110202&search_id=114132&scans_id=110198&peptide_id=22736&scanf=30854&charge=2&value=8/20,sp|Q9GZY0|NXF2_HUMAN,/core/www/modules//consensus/?run_id=110202&search_id=114132&scans_id=110198&peptide_id=22736&scanf=30854&charge=2&value=sp|Q9GZY0|NXF2_HUMAN,0,/core/www/modules/match_peptides/blast_html4.php?run_id=110202&search_id=114132&scans_id=110198&peptide_id=22736&scanf=30854&charge=2&value=0,R.DIVDSLSALPK.T,/core/www/modules/show_out/show_out_wrapper.php?run_id=110202&search_id=114132&scans_id=110198&peptide_id=22736&scanf=30854&charge=2&value=R.DIVDSLSALPK.T,NXF2B,5.219e+6,1.920,0.135,0.868,0.007
30855,2,"  3.447","  0.491",12/26,/core/www/modules//sdig/index.php?run_id=110202&search_id=114132&scans_id=110198&peptide_id=22737&scanf=30855&charge=2&value=12/26,sp|P40926|MDHM_HUMAN,/core/www/modules//consensus/?run_id=110202&search_id=114132&scans_id=110198&peptide_id=22737&scanf=30855&charge=2&value=sp|P40926|MDHM_HUMAN,1,/core/www/modules/match_peptides/blast_html4.php?run_id=110202&search_id=114132&scans_id=110198&peptide_id=22737&scanf=30855&charge=2&value=1,K.VDFPQDQLTALTGR.I,/core/www/modules/show_out/show_out_wrapper.php?run_id=110202&search_id=114132&scans_id=110198&peptide_id=22737&scanf=30855&charge=2&value=K.VDFPQDQLTALTGR.I,MDH2,3.518e+7,3.013,0.004,2.428,0.000
30856,3,"  7.167","  0.535",20/92,/core/www/modules//sdig/index.php?run_id=110202&search_id=114132&scans_id=110198&peptide_id=22738&scanf=30856&charge=3&value=20/92,sp|O95758|PTBP3_HUMAN,/core/www/modules//consensus/?run_id=110202&search_id=114132&scans_id=110198&peptide_id=22738&scanf=30856&charge=3&value=sp|O95758|PTBP3_HUMAN,0,/core/www/modules/match_peptides/blast_html4.php?run_id=110202&search_id=114132&scans_id=110198&peptide_id=22738&scanf=30856&charge=3&value=0,K.ENALVQMADANQAQLAMNHLSGQR.L,/core/www/modules/show_out/show_out_wrapper.php?run_id=110202&search_id=114132&scans_id=110198&peptide_id=22738&scanf=30856&charge=3&value=K.ENALVQMADANQAQLAMNHLSGQR.L,PTBP3,4.310e+6,3.072,0.003,2.514,0.000
30857,2,"  2.138","  0.220",12/28,/core/www/modules//sdig/index.php?run_id=110202&search_id=114132&scans_id=110198&peptide_id=22739&scanf=30857&charge=2&value=12/28,sp|Q9H7Z3|NRDE2_HUMAN,/core/www/modules//consensus/?run_id=110202&search_id=114132&scans_id=110198&peptide_id=22739&scanf=30857&charge=2&value=sp|Q9H7Z3|NRDE2_HUMAN,1,/core/www/modules/match_peptides/blast_html4.php?run_id=110202&search_id=114132&scans_id=110198&peptide_id=22739&scanf=30857&charge=2&value=1,K.SVGLMNIDGVAISSK.T,/core/www/modules/show_out/show_out_wrapper.php?run_id=110202&search_id=114132&scans_id=110198&peptide_id=22739&scanf=30857&charge=2&value=K.SVGLMNIDGVAISSK.T,NRDE2,2.437e+6,1.845,0.169,0.773,0.009
30858,2,"  4.937","  0.663",20/34,/core/www/modules//sdig/index.php?run_id=110202&search_id=114132&scans_id=110198&peptide_id=22740&scanf=30858&charge=2&value=20/34,sp|Q9UNM6|PSD13_HUMAN,/core/www/modules//consensus/?run_id=110202&search_id=114132&scans_id=110198&peptide_id=22740&scanf=30858&charge=2&value=sp|Q9UNM6|PSD13_HUMAN,3,/core/www/modules/match_peptides/blast_html4.php?run_id=110202&search_id=114132&scans_id=110198&peptide_id=22740&scanf=30858&charge=2&value=3,K.TAWGQQPDLAANEAQLLR.K,/core/www/modules/show_out/show_out_wrapper.php?run_id=110202&search_id=114132&scans_id=110198&peptide_id=22740&scanf=30858&charge=2&value=K.TAWGQQPDLAANEAQLLR.K,PSMD13,3.658e+6,3.631,0.000,3.342,0.000
30859,2,"  1.414","  0.223",8/18,/core/www/modules//sdig/index.php?run_id=110202&search_id=114132&scans_id=110198&peptide_id=22741&scanf=30859&charge=2&value=8/18,sp|Q9H0A0|NAT10_HUMAN,/core/www/modules//consensus/?run_id=110202&search_id=114132&scans_id=110198&peptide_id=22741&scanf=30859&charge=2&value=sp|Q9H0A0|NAT10_HUMAN,0,/core/www/modules/match_peptides/blast_html4.php?run_id=110202&search_id=114132&scans_id=110198&peptide_id=22741&scanf=30859&charge=2&value=0,K.SMDLSEYIIR.G,/core/www/modules/show_out/show_out_wrapper.php?run_id=110202&search_id=114132&scans_id=110198&peptide_id=22741&scanf=30859&charge=2&value=K.SMDLSEYIIR.G,NAT10,9.067e+6,2.150,0.067,1.176,0.002
30861,2,"  2.706","  0.567",12/28,/core/www/modules//sdig/index.php?run_id=110202&search_id=114132&scans_id=110198&peptide_id=22743&scanf=30861&charge=2&value=12/28,sp|Q9NVC6|MED17_HUMAN,/core/www/modules//consensus/?run_id=110202&search_id=114132&scans_id=110198&peptide_id=22743&scanf=30861&charge=2&value=sp|Q9NVC6|MED17_HUMAN,12,/core/www/modules/match_peptides/blast_html4.php?run_id=110202&search_id=114132&scans_id=110198&peptide_id=22743&scanf=30861&charge=2&value=12,K.FMTLDPVSQDALPPK.Q,/core/www/modules/show_out/show_out_wrapper.php?run_id=110202&search_id=114132&scans_id=110198&peptide_id=22743&scanf=30861&charge=2&value=K.FMTLDPVSQDALPPK.Q,MED17,1.371e+6,2.995,0.004,2.401,0.000
30865,3,"  3.356","  0.498",14/64,/core/www/modules//sdig/index.php?run_id=110202&search_id=114132&scans_id=110198&peptide_id=22747&scanf=30865&charge=3&value=14/64,sp|P07199|CENPB_HUMAN,/core/www/modules//consensus/?run_id=110202&search_id=114132&scans_id=110198&peptide_id=22747&scanf=30865&charge=3&value=sp|P07199|CENPB_HUMAN,0,/core/www/modules/match_peptides/blast_html4.php?run_id=110202&search_id=114132&scans_id=110198&peptide_id=22747&scanf=30865&charge=3&value=0,R.HVQLAFFPPGTVHPLER.G,/core/www/modules/show_out/show_out_wrapper.php?run_id=110202&search_id=114132&scans_id=110198&peptide_id=22747&scanf=30865&charge=3&value=R.HVQLAFFPPGTVHPLER.G,CENPB,3.487e+6,2.921,0.005,2.291,0.000
30870,2,"  1.471","  0.134",9/16,/core/www/modules//sdig/index.php?run_id=110202&search_id=114132&scans_id=110198&peptide_id=22752&scanf=30870&charge=2&value=9/16,sp|P55072|TERA_HUMAN,/core/www/modules//consensus/?run_id=110202&search_id=114132&scans_id=110198&peptide_id=22752&scanf=30870&charge=2&value=sp|P55072|TERA_HUMAN,5,/core/www/modules/match_peptides/blast_html4.php?run_id=110202&search_id=114132&scans_id=110198&peptide_id=22752&scanf=30870&charge=2&value=5,K.DVDLEFLAK.M,/core/www/modules/show_out/show_out_wrapper.php?run_id=110202&search_id=114132&scans_id=110198&peptide_id=22752&scanf=30870&charge=2&value=K.DVDLEFLAK.M,VCP,4.052e+7,2.120,0.073,1.134,0.002
30871,4,"  3.935","  0.619",18/120,/core/www/modules//sdig/index.php?run_id=110202&search_id=114132&scans_id=110198&peptide_id=22753&scanf=30871&charge=4&value=18/120,sp|P34897|GLYM_HUMAN,/core/www/modules//consensus/?run_id=110202&search_id=114132&scans_id=110198&peptide_id=22753&scanf=30871&charge=4&value=sp|P34897|GLYM_HUMAN,2,/core/www/modules/match_peptides/blast_html4.php?run_id=110202&search_id=114132&scans_id=110198&peptide_id=22753&scanf=30871&charge=4&value=2,R.GYSLVSGGTDNHLVLVDLRPK.G,/core/www/modules/show_out/show_out_wrapper.php?run_id=110202&search_id=114132&scans_id=110198&peptide_id=22753&scanf=30871&charge=4&value=R.GYSLVSGGTDNHLVLVDLRPK.G,SHMT2,5.831e+6,3.629,0.000,3.339,0.000
30872,2,"  2.295","  0.444",10/28,/core/www/modules//sdig/index.php?run_id=110202&search_id=114132&scans_id=110198&peptide_id=22754&scanf=30872&charge=2&value=10/28,sp|P09874|PARP1_HUMAN,/core/www/modules//consensus/?run_id=110202&search_id=114132&scans_id=110198&peptide_id=22754&scanf=30872&charge=2&value=sp|P09874|PARP1_HUMAN,1,/core/www/modules/match_peptides/blast_html4.php?run_id=110202&search_id=114132&scans_id=110198&peptide_id=22754&scanf=30872&charge=2&value=1,R.IAPPEAPVTGYMFGK.G,/core/www/modules/show_out/show_out_wrapper.php?run_id=110202&search_id=114132&scans_id=110198&peptide_id=22754&scanf=30872&charge=2&value=R.IAPPEAPVTGYMFGK.G,PARP1,2.673e+7,2.641,0.013,1.879,0.000
30874,2,"  2.407","  0.398",12/28,/core/www/modules//sdig/index.php?run_id=110202&search_id=114132&scans_id=110198&peptide_id=22756&scanf=30874&charge=2&value=12/28,sp|Q13895|BYST_HUMAN,/core/www/modules//consensus/?run_id=110202&search_id=114132&scans_id=110198&peptide_id=22756&scanf=30874&charge=2&value=sp|Q13895|BYST_HUMAN,0,/core/www/modules/match_peptides/blast_html4.php?run_id=110202&search_id=114132&scans_id=110198&peptide_id=22756&scanf=30874&charge=2&value=0,K.IAEMEYSGANSIFLR.L,/core/www/modules/show_out/show_out_wrapper.php?run_id=110202&search_id=114132&scans_id=110198&peptide_id=22756&scanf=30874&charge=2&value=K.IAEMEYSGANSIFLR.L,BYSL,3.005e+6,2.287,0.043,1.367,0.001
30878,3,"  1.888","  0.195",13/36,/core/www/modules//sdig/index.php?run_id=110202&search_id=114132&scans_id=110198&peptide_id=22760&scanf=30878&charge=3&value=13/36,sp|P43358|MAGA4_HUMAN,/core/www/modules//consensus/?run_id=110202&search_id=114132&scans_id=110198&peptide_id=22760&scanf=30878&charge=3&value=sp|P43358|MAGA4_HUMAN,6,/core/www/modules/match_peptides/blast_html4.php?run_id=110202&search_id=114132&scans_id=110198&peptide_id=22760&scanf=30878&charge=3&value=6,K.VDELAHFLLR.K,/core/www/modules/show_out/show_out_wrapper.php?run_id=110202&search_id=114132&scans_id=110198&peptide_id=22760&scanf=30878&charge=3&value=K.VDELAHFLLR.K,MAGEA4,3.326e+7,2.035,0.096,1.019,0.005
30882,3,"  4.134","  0.622",19/60,/core/www/modules//sdig/index.php?run_id=110202&search_id=114132&scans_id=110198&peptide_id=22765&scanf=30882&charge=3&value=19/60,sp|Q15149|PLEC_HUMAN,/core/www/modules//consensus/?run_id=110202&search_id=114132&scans_id=110198&peptide_id=22765&scanf=30882&charge=3&value=sp|Q15149|PLEC_HUMAN,5,/core/www/modules/match_peptides/blast_html4.php?run_id=110202&search_id=114132&scans_id=110198&peptide_id=22765&scanf=30882&charge=3&value=5,R.QTNLENLDQAFSVAER.D,/core/www/modules/show_out/show_out_wrapper.php?run_id=110202&search_id=114132&scans_id=110198&peptide_id=22765&scanf=30882&charge=3&value=R.QTNLENLDQAFSVAER.D,PLEC,6.041e+6,4.082,0.000,4.011,0.000
30885,2,"  2.301","  0.000",9/16,/core/www/modules//sdig/index.php?run_id=110202&search_id=114132&scans_id=110198&peptide_id=22768&scanf=30885&charge=2&value=9/16,sp|Q14141|SEPT6_HUMAN,/core/www/modules//consensus/?run_id=110202&search_id=114132&scans_id=110198&peptide_id=22768&scanf=30885&charge=2&value=sp|Q14141|SEPT6_HUMAN,7,/core/www/modules/match_peptides/blast_html4.php?run_id=110202&search_id=114132&scans_id=110198&peptide_id=22768&scanf=30885&charge=2&value=7,K.VNIIPIIAK.A,/core/www/modules/show_out/show_out_wrapper.php?run_id=110202&search_id=114132&scans_id=110198&peptide_id=22768&scanf=30885&charge=2&value=K.VNIIPIIAK.A,SEPTIN6,6.435e+6,3.030,0.004,2.452,0.000
30886,2,"  2.488","  0.245",11/20,/core/www/modules//sdig/index.php?run_id=110202&search_id=114132&scans_id=110198&peptide_id=22769&scanf=30886&charge=2&value=11/20,sp|P51571|SSRD_HUMAN,/core/www/modules//consensus/?run_id=110202&search_id=114132&scans_id=110198&peptide_id=22769&scanf=30886&charge=2&value=sp|P51571|SSRD_HUMAN,1,/core/www/modules/match_peptides/blast_html4.php?run_id=110202&search_id=114132&scans_id=110198&peptide_id=22769&scanf=30886&charge=2&value=1,R.FFDEESYSLLR.K,/core/www/modules/show_out/show_out_wrapper.php?run_id=110202&search_id=114132&scans_id=110198&peptide_id=22769&scanf=30886&charge=2&value=R.FFDEESYSLLR.K,SSR4,1.567e+6,2.284,0.043,1.364,0.001
30887,3,"  2.710","  0.333",13/44,/core/www/modules//sdig/index.php?run_id=110202&search_id=114132&scans_id=110198&peptide_id=22770&scanf=30887&charge=3&value=13/44,sp|P35998|PRS7_HUMAN,/core/www/modules//consensus/?run_id=110202&search_id=114132&scans_id=110198&peptide_id=22770&scanf=30887&charge=3&value=sp|P35998|PRS7_HUMAN,1,/core/www/modules/match_peptides/blast_html4.php?run_id=110202&search_id=114132&scans_id=110198&peptide_id=22770&scanf=30887&charge=3&value=1,R.KIEFSLPDLEGR.T,/core/www/modules/show_out/show_out_wrapper.php?run_id=110202&search_id=114132&scans_id=110198&peptide_id=22770&scanf=30887&charge=3&value=R.KIEFSLPDLEGR.T,PSMC2,1.991e+7,2.456,0.025,1.610,0.001
30889,3,"  2.917","  0.407",9/52,/core/www/modules//sdig/index.php?run_id=110202&search_id=114132&scans_id=110198&peptide_id=22772&scanf=30889&charge=3&value=9/52,sp|Q9H7Z3|NRDE2_HUMAN,/core/www/modules//consensus/?run_id=110202&search_id=114132&scans_id=110198&peptide_id=22772&scanf=30889&charge=3&value=sp|Q9H7Z3|NRDE2_HUMAN,0,/core/www/modules/match_peptides/blast_html4.php?run_id=110202&search_id=114132&scans_id=110198&peptide_id=22772&scanf=30889&charge=3&value=0,K.LIFLHPNNTALWQK.Y,/core/www/modules/show_out/show_out_wrapper.php?run_id=110202&search_id=114132&scans_id=110198&peptide_id=22772&scanf=30889&charge=3&value=K.LIFLHPNNTALWQK.Y,NRDE2,3.281e+6,2.703,0.011,1.970,0.000
30891,3,"  3.880","  0.681",21/64,/core/www/modules//sdig/index.php?run_id=110202&search_id=114132&scans_id=110198&peptide_id=22774&scanf=30891&charge=3&value=21/64,sp|Q9UIG0|BAZ1B_HUMAN,/core/www/modules//consensus/?run_id=110202&search_id=114132&scans_id=110198&peptide_id=22774&scanf=30891&charge=3&value=sp|Q9UIG0|BAZ1B_HUMAN,0,/core/www/modules/match_peptides/blast_html4.php?run_id=110202&search_id=114132&scans_id=110198&peptide_id=22774&scanf=30891&charge=3&value=0,K.APPVDDAEVDELVLQTK.R,/core/www/modules/show_out/show_out_wrapper.php?run_id=110202&search_id=114132&scans_id=110198&peptide_id=22774&scanf=30891&charge=3&value=K.APPVDDAEVDELVLQTK.R,BAZ1B,1.985e+7,3.848,0.000,3.664,0.000
30892,3,"  2.991","  0.476",17/64,/core/www/modules//sdig/index.php?run_id=110202&search_id=114132&scans_id=110198&peptide_id=22775&scanf=30892&charge=3&value=17/64,sp|Q9UNQ2|DIM1_HUMAN,/core/www/modules//consensus/?run_id=110202&search_id=114132&scans_id=110198&peptide_id=22775&scanf=30892&charge=3&value=sp|Q9UNQ2|DIM1_HUMAN,8,/core/www/modules/match_peptides/blast_html4.php?run_id=110202&search_id=114132&scans_id=110198&peptide_id=22775&scanf=30892&charge=3&value=8,K.SAGGLMFNTGIGQHILK.N,/core/www/modules/show_out/show_out_wrapper.php?run_id=110202&search_id=114132&scans_id=110198&peptide_id=22775&scanf=30892&charge=3&value=K.SAGGLMFNTGIGQHILK.N,DIMT1,5.792e+6,2.951,0.005,2.335,0.000
30895,2,"  2.200","  0.216",12/24,/core/www/modules//sdig/index.php?run_id=110202&search_id=114132&scans_id=110198&peptide_id=22778&scanf=30895&charge=2&value=12/24,sp|P42704|LPPRC_HUMAN,/core/www/modules//consensus/?run_id=110202&search_id=114132&scans_id=110198&peptide_id=22778&scanf=30895&charge=2&value=sp|P42704|LPPRC_HUMAN,21,/core/www/modules/match_peptides/blast_html4.php?run_id=110202&search_id=114132&scans_id=110198&peptide_id=22778&scanf=30895&charge=2&value=21,K.AGYPQYVSEILEK.V,/core/www/modules/show_out/show_out_wrapper.php?run_id=110202&search_id=114132&scans_id=110198&peptide_id=22778&scanf=30895&charge=2&value=K.AGYPQYVSEILEK.V,LRPPRC,5.571e+6,2.158,0.065,1.186,0.002
30896,2,"  5.943","  0.661",20/32,/core/www/modules//sdig/index.php?run_id=110202&search_id=114132&scans_id=110198&peptide_id=22779&scanf=30896&charge=2&value=20/32,sp|P12814|ACTN1_HUMAN,/core/www/modules//consensus/?run_id=110202&search_id=114132&scans_id=110198&peptide_id=22779&scanf=30896&charge=2&value=sp|P12814|ACTN1_HUMAN,13,/core/www/modules/match_peptides/blast_html4.php?run_id=110202&search_id=114132&scans_id=110198&peptide_id=22779&scanf=30896&charge=2&value=13,K.AGTQIENIEEDFRDGLK.L,/core/www/modules/show_out/show_out_wrapper.php?run_id=110202&search_id=114132&scans_id=110198&peptide_id=22779&scanf=30896&charge=2&value=K.AGTQIENIEEDFRDGLK.L,ACTN1,3.321e+6,3.615,0.000,3.319,0.000
30898,2,"  2.100","  0.167",9/16,/core/www/modules//sdig/index.php?run_id=110202&search_id=114132&scans_id=110198&peptide_id=22781&scanf=30898&charge=2&value=9/16,sp|Q99798|ACON_HUMAN,/core/www/modules//consensus/?run_id=110202&search_id=114132&scans_id=110198&peptide_id=22781&scanf=30898&charge=2&value=sp|Q99798|ACON_HUMAN,7,/core/www/modules/match_peptides/blast_html4.php?run_id=110202&search_id=114132&scans_id=110198&peptide_id=22781&scanf=30898&charge=2&value=7,R.LQLLEPFDK.W,/core/www/modules/show_out/show_out_wrapper.php?run_id=110202&search_id=114132&scans_id=110198&peptide_id=22781&scanf=30898&charge=2&value=R.LQLLEPFDK.W,ACO2,3.142e+6,2.109,0.076,1.119,0.002
30901,3,"  4.751","  0.682",19/76,/core/www/modules//sdig/index.php?run_id=110202&search_id=114132&scans_id=110198&peptide_id=22785&scanf=30901&charge=3&value=19/76,sp|Q9BUQ8|DDX23_HUMAN,/core/www/modules//consensus/?run_id=110202&search_id=114132&scans_id=110198&peptide_id=22785&scanf=30901&charge=3&value=sp|Q9BUQ8|DDX23_HUMAN,3,/core/www/modules/match_peptides/blast_html4.php?run_id=110202&search_id=114132&scans_id=110198&peptide_id=22785&scanf=30901&charge=3&value=3,K.IDRIEESDQGPYAIILAPTR.E,/core/www/modules/show_out/show_out_wrapper.php?run_id=110202&search_id=114132&scans_id=110198&peptide_id=22785&scanf=30901&charge=3&value=K.IDRIEESDQGPYAIILAPTR.E,DDX23,8.620e+6,3.369,0.001,2.954,0.000
30903,2,"  3.036","  0.000",14/22,/core/www/modules//sdig/index.php?run_id=110202&search_id=114132&scans_id=110198&peptide_id=22787&scanf=30903&charge=2&value=14/22,sp|Q86SE5|RALYL_HUMAN,/core/www/modules//consensus/?run_id=110202&search_id=114132&scans_id=110198&peptide_id=22787&scanf=30903&charge=2&value=sp|Q86SE5|RALYL_HUMAN,4,/core/www/modules/match_peptides/blast_html4.php?run_id=110202&search_id=114132&scans_id=110198&peptide_id=22787&scanf=30903&charge=2&value=4,R.VFIGNLNTAIVK.K,/core/www/modules/show_out/show_out_wrapper.php?run_id=110202&search_id=114132&scans_id=110198&peptide_id=22787&scanf=30903&charge=2&value=R.VFIGNLNTAIVK.K,RALYL,1.101e+8,3.510,0.001,3.163,0.000
30905,2,"  3.664","  0.550",13/26,/core/www/modules//sdig/index.php?run_id=110202&search_id=114132&scans_id=110198&peptide_id=22789&scanf=30905&charge=2&value=13/26,sp|P12956|XRCC6_HUMAN,/core/www/modules//consensus/?run_id=110202&search_id=114132&scans_id=110198&peptide_id=22789&scanf=30905&charge=2&value=sp|P12956|XRCC6_HUMAN,1,/core/www/modules/match_peptides/blast_html4.php?run_id=110202&search_id=114132&scans_id=110198&peptide_id=22789&scanf=30905&charge=2&value=1,K.NIYVLQELDNPGAK.R,/core/www/modules/show_out/show_out_wrapper.php?run_id=110202&search_id=114132&scans_id=110198&peptide_id=22789&scanf=30905&charge=2&value=K.NIYVLQELDNPGAK.R,XRCC6,1.982e+6,3.342,0.001,2.915,0.000
30907,3,"  2.183","  0.377",7/44,/core/www/modules//sdig/index.php?run_id=110202&search_id=114132&scans_id=110198&peptide_id=22791&scanf=30907&charge=3&value=7/44,sp|Q9UNM6|PSD13_HUMAN,/core/www/modules//consensus/?run_id=110202&search_id=114132&scans_id=110198&peptide_id=22791&scanf=30907&charge=3&value=sp|Q9UNM6|PSD13_HUMAN,3,/core/www/modules/match_peptides/blast_html4.php?run_id=110202&search_id=114132&scans_id=110198&peptide_id=22791&scanf=30907&charge=3&value=3,K.LYENFISEFEHR.V,/core/www/modules/show_out/show_out_wrapper.php?run_id=110202&search_id=114132&scans_id=110198&peptide_id=22791&scanf=30907&charge=3&value=K.LYENFISEFEHR.V,PSMD13,9.387e+6,2.574,0.017,1.782,0.000
30914,3,"  2.115","  0.245",13/64,/core/www/modules//sdig/index.php?run_id=110202&search_id=114132&scans_id=110198&peptide_id=22798&scanf=30914&charge=3&value=13/64,sp|Q12931|TRAP1_HUMAN,/core/www/modules//consensus/?run_id=110202&search_id=114132&scans_id=110198&peptide_id=22798&scanf=30914&charge=3&value=sp|Q12931|TRAP1_HUMAN,1,/core/www/modules/match_peptides/blast_html4.php?run_id=110202&search_id=114132&scans_id=110198&peptide_id=22798&scanf=30914&charge=3&value=1,R.LDTHPAMVTVLEMGAAR.H,/core/www/modules/show_out/show_out_wrapper.php?run_id=110202&search_id=114132&scans_id=110198&peptide_id=22798&scanf=30914&charge=3&value=R.LDTHPAMVTVLEMGAAR.H,TRAP1,1.223e+7,2.073,0.085,1.070,0.003
30916,2,"  2.105","  0.295",10/14,/core/www/modules//sdig/index.php?run_id=110202&search_id=114132&scans_id=110198&peptide_id=22800&scanf=30916&charge=2&value=10/14,sp|P38159|RBMX_HUMAN,/core/www/modules//consensus/?run_id=110202&search_id=114132&scans_id=110198&peptide_id=22800&scanf=30916&charge=2&value=sp|P38159|RBMX_HUMAN,4,/core/www/modules/match_peptides/blast_html4.php?run_id=110202&search_id=114132&scans_id=110198&peptide_id=22800&scanf=30916&charge=2&value=4,R.IVEVLLMK.D,/core/www/modules/show_out/show_out_wrapper.php?run_id=110202&search_id=114132&scans_id=110198&peptide_id=22800&scanf=30916&charge=2&value=R.IVEVLLMK.D,RBMX,3.788e+8,3.028,0.004,2.449,0.000
30918,3,"  5.525","  0.633",16/92,/core/www/modules//sdig/index.php?run_id=110202&search_id=114132&scans_id=110198&peptide_id=22802&scanf=30918&charge=3&value=16/92,sp|P21333|FLNA_HUMAN,/core/www/modules//consensus/?run_id=110202&search_id=114132&scans_id=110198&peptide_id=22802&scanf=30918&charge=3&value=sp|P21333|FLNA_HUMAN,1,/core/www/modules/match_peptides/blast_html4.php?run_id=110202&search_id=114132&scans_id=110198&peptide_id=22802&scanf=30918&charge=3&value=1,K.GLVEPVDVVDNADGTQTVNYVPSR.E,/core/www/modules/show_out/show_out_wrapper.php?run_id=110202&search_id=114132&scans_id=110198&peptide_id=22802&scanf=30918&charge=3&value=K.GLVEPVDVVDNADGTQTVNYVPSR.E,FLNA,1.066e+7,3.379,0.001,2.968,0.000
30920,2,"  4.471","  0.636",20/30,/core/www/modules//sdig/index.php?run_id=110202&search_id=114132&scans_id=110198&peptide_id=22805&scanf=30920&charge=2&value=20/30,sp|Q15149|PLEC_HUMAN,/core/www/modules//consensus/?run_id=110202&search_id=114132&scans_id=110198&peptide_id=22805&scanf=30920&charge=2&value=sp|Q15149|PLEC_HUMAN,5,/core/www/modules/match_peptides/blast_html4.php?run_id=110202&search_id=114132&scans_id=110198&peptide_id=22805&scanf=30920&charge=2&value=5,R.QTNLENLDQAFSVAER.D,/core/www/modules/show_out/show_out_wrapper.php?run_id=110202&search_id=114132&scans_id=110198&peptide_id=22805&scanf=30920&charge=2&value=R.QTNLENLDQAFSVAER.D,PLEC,4.280e+6,4.035,0.000,3.941,0.000
30921,3,"  5.517","  0.262",20/72,/core/www/modules//sdig/index.php?run_id=110202&search_id=114132&scans_id=110198&peptide_id=22806&scanf=30921&charge=3&value=20/72,sp|P55265|DSRAD_HUMAN,/core/www/modules//consensus/?run_id=110202&search_id=114132&scans_id=110198&peptide_id=22806&scanf=30921&charge=3&value=sp|P55265|DSRAD_HUMAN,3,/core/www/modules/match_peptides/blast_html4.php?run_id=110202&search_id=114132&scans_id=110198&peptide_id=22806&scanf=30921&charge=3&value=3,K.TLPLTGSTFHDQIAMLSHR.C,/core/www/modules/show_out/show_out_wrapper.php?run_id=110202&search_id=114132&scans_id=110198&peptide_id=22806&scanf=30921&charge=3&value=K.TLPLTGSTFHDQIAMLSHR.C,ADAR,5.182e+6,2.220,0.053,1.273,0.002
30922,2,"  2.654","  0.529",11/22,/core/www/modules//sdig/index.php?run_id=110202&search_id=114132&scans_id=110198&peptide_id=22807&scanf=30922&charge=2&value=11/22,sp|Q96GQ7|DDX27_HUMAN,/core/www/modules//consensus/?run_id=110202&search_id=114132&scans_id=110198&peptide_id=22807&scanf=30922&charge=2&value=sp|Q96GQ7|DDX27_HUMAN,1,/core/www/modules/match_peptides/blast_html4.php?run_id=110202&search_id=114132&scans_id=110198&peptide_id=22807&scanf=30922&charge=2&value=1,K.TVINFTMPNTIK.H,/core/www/modules/show_out/show_out_wrapper.php?run_id=110202&search_id=114132&scans_id=110198&peptide_id=22807&scanf=30922&charge=2&value=K.TVINFTMPNTIK.H,DDX27,1.546e+7,3.219,0.002,2.731,0.000
30923,2,"  3.143","  0.437",13/26,/core/www/modules//sdig/index.php?run_id=110202&search_id=114132&scans_id=110198&peptide_id=22808&scanf=30923&charge=2&value=13/26,sp|Q00403|TF2B_HUMAN,/core/www/modules//consensus/?run_id=110202&search_id=114132&scans_id=110198&peptide_id=22808&scanf=30923&charge=2&value=sp|Q00403|TF2B_HUMAN,0,/core/www/modules/match_peptides/blast_html4.php?run_id=110202&search_id=114132&scans_id=110198&peptide_id=22808&scanf=30923&charge=2&value=0,K.EIGDIAGVADVTIR.Q,/core/www/modules/show_out/show_out_wrapper.php?run_id=110202&search_id=114132&scans_id=110198&peptide_id=22808&scanf=30923&charge=2&value=K.EIGDIAGVADVTIR.Q,GTF2B,2.269e+6,2.744,0.009,2.031,0.000
30924,2,"  4.573","  0.709",16/26,/core/www/modules//sdig/index.php?run_id=110202&search_id=114132&scans_id=110198&peptide_id=22809&scanf=30924&charge=2&value=16/26,sp|O60493|SNX3_HUMAN,/core/www/modules//consensus/?run_id=110202&search_id=114132&scans_id=110198&peptide_id=22809&scanf=30924&charge=2&value=sp|O60493|SNX3_HUMAN,0,/core/www/modules/match_peptides/blast_html4.php?run_id=110202&search_id=114132&scans_id=110198&peptide_id=22809&scanf=30924&charge=2&value=0,R.GDDGIFDDNFIEER.K,/core/www/modules/show_out/show_out_wrapper.php?run_id=110202&search_id=114132&scans_id=110198&peptide_id=22809&scanf=30924&charge=2&value=R.GDDGIFDDNFIEER.K,SNX3,5.079e+6,3.937,0.000,3.796,0.000
30926,2,"  2.650","  0.323",12/22,/core/www/modules//sdig/index.php?run_id=110202&search_id=114132&scans_id=110198&peptide_id=22811&scanf=30926&charge=2&value=12/22,sp|P56192|SYMC_HUMAN,/core/www/modules//consensus/?run_id=110202&search_id=114132&scans_id=110198&peptide_id=22811&scanf=30926&charge=2&value=sp|P56192|SYMC_HUMAN,2,/core/www/modules/match_peptides/blast_html4.php?run_id=110202&search_id=114132&scans_id=110198&peptide_id=22811&scanf=30926&charge=2&value=2,R.GFVLQDTVEQLR.C,/core/www/modules/show_out/show_out_wrapper.php?run_id=110202&search_id=114132&scans_id=110198&peptide_id=22811&scanf=30926&charge=2&value=R.GFVLQDTVEQLR.C,MARS1,3.032e+7,2.593,0.016,1.809,0.000
30933,2,"  1.778","  0.261",8/14,/core/www/modules//sdig/index.php?run_id=110202&search_id=114132&scans_id=110198&peptide_id=22818&scanf=30933&charge=2&value=8/14,sp|P82930|RT34_HUMAN,/core/www/modules//consensus/?run_id=110202&search_id=114132&scans_id=110198&peptide_id=22818&scanf=30933&charge=2&value=sp|P82930|RT34_HUMAN,1,/core/www/modules/match_peptides/blast_html4.php?run_id=110202&search_id=114132&scans_id=110198&peptide_id=22818&scanf=30933&charge=2&value=1,R.LPLFGLGR.L,/core/www/modules/show_out/show_out_wrapper.php?run_id=110202&search_id=114132&scans_id=110198&peptide_id=22818&scanf=30933&charge=2&value=R.LPLFGLGR.L,MRPS34,5.332e+6,2.475,0.023,1.638,0.001
30935,3,"  3.400","  0.419",16/48,/core/www/modules//sdig/index.php?run_id=110202&search_id=114132&scans_id=110198&peptide_id=22820&scanf=30935&charge=3&value=16/48,sp|Q9UJV9|DDX41_HUMAN,/core/www/modules//consensus/?run_id=110202&search_id=114132&scans_id=110198&peptide_id=22820&scanf=30935&charge=3&value=sp|Q9UJV9|DDX41_HUMAN,0,/core/www/modules/match_peptides/blast_html4.php?run_id=110202&search_id=114132&scans_id=110198&peptide_id=22820&scanf=30935&charge=3&value=0,K.ADVDAIHEYLLLK.G,/core/www/modules/show_out/show_out_wrapper.php?run_id=110202&search_id=114132&scans_id=110198&peptide_id=22820&scanf=30935&charge=3&value=K.ADVDAIHEYLLLK.G,DDX41,1.661e+6,3.065,0.003,2.505,0.000
30938,2,"  1.708","  0.138",8/14,/core/www/modules//sdig/index.php?run_id=110202&search_id=114132&scans_id=110198&peptide_id=22823&scanf=30938&charge=2&value=8/14,sp|Q10570|CPSF1_HUMAN,/core/www/modules//consensus/?run_id=110202&search_id=114132&scans_id=110198&peptide_id=22823&scanf=30938&charge=2&value=sp|Q10570|CPSF1_HUMAN,1,/core/www/modules/match_peptides/blast_html4.php?run_id=110202&search_id=114132&scans_id=110198&peptide_id=22823&scanf=30938&charge=2&value=1,R.DALLLSFK.D,/core/www/modules/show_out/show_out_wrapper.php?run_id=110202&search_id=114132&scans_id=110198&peptide_id=22823&scanf=30938&charge=2&value=R.DALLLSFK.D,CPSF1,4.825e+6,2.127,0.072,1.143,0.002
30939,2,"  1.883","  0.397",8/22,/core/www/modules//sdig/index.php?run_id=110202&search_id=114132&scans_id=110198&peptide_id=22824&scanf=30939&charge=2&value=8/22,sp|P37802|TAGL2_HUMAN,/core/www/modules//consensus/?run_id=110202&search_id=114132&scans_id=110198&peptide_id=22824&scanf=30939&charge=2&value=sp|P37802|TAGL2_HUMAN,1,/core/www/modules/match_peptides/blast_html4.php?run_id=110202&search_id=114132&scans_id=110198&peptide_id=22824&scanf=30939&charge=2&value=1,R.TLMNLGGLAVAR.D,/core/www/modules/show_out/show_out_wrapper.php?run_id=110202&search_id=114132&scans_id=110198&peptide_id=22824&scanf=30939&charge=2&value=R.TLMNLGGLAVAR.D,TAGLN2,2.841e+6,2.332,0.037,1.431,0.001
30940,2,"  2.662","  0.546",12/22,/core/www/modules//sdig/index.php?run_id=110202&search_id=114132&scans_id=110198&peptide_id=22826&scanf=30940&charge=2&value=12/22,sp|P54920|SNAA_HUMAN,/core/www/modules//consensus/?run_id=110202&search_id=114132&scans_id=110198&peptide_id=22826&scanf=30940&charge=2&value=sp|P54920|SNAA_HUMAN,4,/core/www/modules/match_peptides/blast_html4.php?run_id=110202&search_id=114132&scans_id=110198&peptide_id=22826&scanf=30940&charge=2&value=4,K.YEELFPAFSDSR.E,/core/www/modules/show_out/show_out_wrapper.php?run_id=110202&search_id=114132&scans_id=110198&peptide_id=22826&scanf=30940&charge=2&value=K.YEELFPAFSDSR.E,NAPA,1.513e+6,3.264,0.002,2.798,0.000
30944,2,"  3.104","  0.534",12/18,/core/www/modules//sdig/index.php?run_id=110202&search_id=114132&scans_id=110198&peptide_id=22830&scanf=30944&charge=2&value=12/18,sp|O15164|TIF1A_HUMAN,/core/www/modules//consensus/?run_id=110202&search_id=114132&scans_id=110198&peptide_id=22830&scanf=30944&charge=2&value=sp|O15164|TIF1A_HUMAN,0,/core/www/modules/match_peptides/blast_html4.php?run_id=110202&search_id=114132&scans_id=110198&peptide_id=22830&scanf=30944&charge=2&value=0,K.VPVVMLEPIR.I,/core/www/modules/show_out/show_out_wrapper.php?run_id=110202&search_id=114132&scans_id=110198&peptide_id=22830&scanf=30944&charge=2&value=K.VPVVMLEPIR.I,TRIM24,1.666e+6,3.506,0.001,3.157,0.000
30949,3,"  1.536","  0.262",11/48,/core/www/modules//sdig/index.php?run_id=110202&search_id=114132&scans_id=110198&peptide_id=22835&scanf=30949&charge=3&value=11/48,sp|O94822|LTN1_HUMAN,/core/www/modules//consensus/?run_id=110202&search_id=114132&scans_id=110198&peptide_id=22835&scanf=30949&charge=3&value=sp|O94822|LTN1_HUMAN,0,/core/www/modules/match_peptides/blast_html4.php?run_id=110202&search_id=114132&scans_id=110198&peptide_id=22835&scanf=30949&charge=3&value=0,K.SIDDGELLHGILK.I,/core/www/modules/show_out/show_out_wrapper.php?run_id=110202&search_id=114132&scans_id=110198&peptide_id=22835&scanf=30949&charge=3&value=K.SIDDGELLHGILK.I,LTN1,1.778e+6,2.205,0.056,1.252,0.002
30950,2,"  3.603","  0.625",15/30,/core/www/modules//sdig/index.php?run_id=110202&search_id=114132&scans_id=110198&peptide_id=22837&scanf=30950&charge=2&value=15/30,sp|Q13043|STK4_HUMAN,/core/www/modules//consensus/?run_id=110202&search_id=114132&scans_id=110198&peptide_id=22837&scanf=30950&charge=2&value=sp|Q13043|STK4_HUMAN,3,/core/www/modules/match_peptides/blast_html4.php?run_id=110202&search_id=114132&scans_id=110198&peptide_id=22837&scanf=30950&charge=2&value=3,K.LADFGVAGQLTDTMAK.R,/core/www/modules/show_out/show_out_wrapper.php?run_id=110202&search_id=114132&scans_id=110198&peptide_id=22837&scanf=30950&charge=2&value=K.LADFGVAGQLTDTMAK.R,STK4,2.317e+6,3.285,0.001,2.829,0.000
30956,3,"  2.277","  0.394",14/56,/core/www/modules//sdig/index.php?run_id=110202&search_id=114132&scans_id=110198&peptide_id=22842&scanf=30956&charge=3&value=14/56,sp|P55265|DSRAD_HUMAN,/core/www/modules//consensus/?run_id=110202&search_id=114132&scans_id=110198&peptide_id=22842&scanf=30956&charge=3&value=sp|P55265|DSRAD_HUMAN,7,/core/www/modules/match_peptides/blast_html4.php?run_id=110202&search_id=114132&scans_id=110198&peptide_id=22842&scanf=30956&charge=3&value=7,R.AIMEMPSFYSHGLPR.C,/core/www/modules/show_out/show_out_wrapper.php?run_id=110202&search_id=114132&scans_id=110198&peptide_id=22842&scanf=30956&charge=3&value=R.AIMEMPSFYSHGLPR.C,ADAR,2.502e+6,2.706,0.011,1.976,0.000
30958,3,"  3.478","  0.588",15/48,/core/www/modules//sdig/index.php?run_id=110202&search_id=114132&scans_id=110198&peptide_id=22844&scanf=30958&charge=3&value=15/48,sp|P08670|VIME_HUMAN,/core/www/modules//consensus/?run_id=110202&search_id=114132&scans_id=110198&peptide_id=22844&scanf=30958&charge=3&value=sp|P08670|VIME_HUMAN,2,/core/www/modules/match_peptides/blast_html4.php?run_id=110202&search_id=114132&scans_id=110198&peptide_id=22844&scanf=30958&charge=3&value=2,R.KVESLQEEIAFLK.K,/core/www/modules/show_out/show_out_wrapper.php?run_id=110202&search_id=114132&scans_id=110198&peptide_id=22844&scanf=30958&charge=3&value=R.KVESLQEEIAFLK.K,VIM,5.375e+6,3.724,0.000,3.480,0.000
30959,2,"  3.919","  0.611",14/28,/core/www/modules//sdig/index.php?run_id=110202&search_id=114132&scans_id=110198&peptide_id=22845&scanf=30959&charge=2&value=14/28,sp|Q9Y5B9|SP16H_HUMAN,/core/www/modules//consensus/?run_id=110202&search_id=114132&scans_id=110198&peptide_id=22845&scanf=30959&charge=2&value=sp|Q9Y5B9|SP16H_HUMAN,0,/core/www/modules/match_peptides/blast_html4.php?run_id=110202&search_id=114132&scans_id=110198&peptide_id=22845&scanf=30959&charge=2&value=0,R.NEGNIFPNPEATFVK.E,/core/www/modules/show_out/show_out_wrapper.php?run_id=110202&search_id=114132&scans_id=110198&peptide_id=22845&scanf=30959&charge=2&value=R.NEGNIFPNPEATFVK.E,SUPT16H,6.381e+7,3.478,0.001,3.116,0.000
30960,2,"  2.206","  0.389",10/16,/core/www/modules//sdig/index.php?run_id=110202&search_id=114132&scans_id=110198&peptide_id=22846&scanf=30960&charge=2&value=10/16,sp|Q8IXT5|RB12B_HUMAN,/core/www/modules//consensus/?run_id=110202&search_id=114132&scans_id=110198&peptide_id=22846&scanf=30960&charge=2&value=sp|Q8IXT5|RB12B_HUMAN,1,/core/www/modules/match_peptides/blast_html4.php?run_id=110202&search_id=114132&scans_id=110198&peptide_id=22846&scanf=30960&charge=2&value=1,R.FLGTEVLLR.L,/core/www/modules/show_out/show_out_wrapper.php?run_id=110202&search_id=114132&scans_id=110198&peptide_id=22846&scanf=30960&charge=2&value=R.FLGTEVLLR.L,RBM12B,1.502e+7,3.104,0.003,2.561,0.000
30963,2,"  5.647","  0.751",19/34,/core/www/modules//sdig/index.php?run_id=110202&search_id=114132&scans_id=110198&peptide_id=22849&scanf=30963&charge=2&value=19/34,sp|Q15459|SF3A1_HUMAN,/core/www/modules//consensus/?run_id=110202&search_id=114132&scans_id=110198&peptide_id=22849&scanf=30963&charge=2&value=sp|Q15459|SF3A1_HUMAN,0,/core/www/modules/match_peptides/blast_html4.php?run_id=110202&search_id=114132&scans_id=110198&peptide_id=22849&scanf=30963&charge=2&value=0,K.QSDDEVYAPGLDIESSLK.Q,/core/www/modules/show_out/show_out_wrapper.php?run_id=110202&search_id=114132&scans_id=110198&peptide_id=22849&scanf=30963&charge=2&value=K.QSDDEVYAPGLDIESSLK.Q,SF3A1,2.160e+6,3.980,0.000,3.861,0.000
30967,3,"  4.334","  0.504",10/68,/core/www/modules//sdig/index.php?run_id=110202&search_id=114132&scans_id=110198&peptide_id=22853&scanf=30967&charge=3&value=10/68,sp|P62829|RL23_HUMAN,/core/www/modules//consensus/?run_id=110202&search_id=114132&scans_id=110198&peptide_id=22853&scanf=30967&charge=3&value=sp|P62829|RL23_HUMAN,3,/core/www/modules/match_peptides/blast_html4.php?run_id=110202&search_id=114132&scans_id=110198&peptide_id=22853&scanf=30967&charge=3&value=3,R.LNRLPAAGVGDMVMATVK.K,/core/www/modules/show_out/show_out_wrapper.php?run_id=110202&search_id=114132&scans_id=110198&peptide_id=22853&scanf=30967&charge=3&value=R.LNRLPAAGVGDMVMATVK.K,RPL23,1.162e+7,2.628,0.014,1.861,0.000
30968,2,"  4.943","  0.570",19/28,/core/www/modules//sdig/index.php?run_id=110202&search_id=114132&scans_id=110198&peptide_id=22854&scanf=30968&charge=2&value=19/28,sp|Q16740|CLPP_HUMAN,/core/www/modules//consensus/?run_id=110202&search_id=114132&scans_id=110198&peptide_id=22854&scanf=30968&charge=2&value=sp|Q16740|CLPP_HUMAN,1,/core/www/modules/match_peptides/blast_html4.php?run_id=110202&search_id=114132&scans_id=110198&peptide_id=22854&scanf=30968&charge=2&value=1,R.GQATDIAIQAEEIMK.L,/core/www/modules/show_out/show_out_wrapper.php?run_id=110202&search_id=114132&scans_id=110198&peptide_id=22854&scanf=30968&charge=2&value=R.GQATDIAIQAEEIMK.L,CLPP,2.082e+6,3.554,0.001,3.229,0.000
30971,4,"  2.589","  0.312",8/102,/core/www/modules//sdig/index.php?run_id=110202&search_id=114132&scans_id=110198&peptide_id=22858&scanf=30971&charge=4&value=8/102,sp|Q96EK5|KBP_HUMAN,/core/www/modules//consensus/?run_id=110202&search_id=114132&scans_id=110198&peptide_id=22858&scanf=30971&charge=4&value=sp|Q96EK5|KBP_HUMAN,4,/core/www/modules/match_peptides/blast_html4.php?run_id=110202&search_id=114132&scans_id=110198&peptide_id=22858&scanf=30971&charge=4&value=4,K.VFPEHIGEDVLRPAMLAK.F,/core/www/modules/show_out/show_out_wrapper.php?run_id=110202&search_id=114132&scans_id=110198&peptide_id=22858&scanf=30971&charge=4&value=K.VFPEHIGEDVLRPAMLAK.F,KIFBP,6.079e+6,2.483,0.022,1.649,0.001
30975,3,"  4.315","  0.599",24/72,/core/www/modules//sdig/index.php?run_id=110202&search_id=114132&scans_id=110198&peptide_id=22861&scanf=30975&charge=3&value=24/72,sp|P55265|DSRAD_HUMAN,/core/www/modules//consensus/?run_id=110202&search_id=114132&scans_id=110198&peptide_id=22861&scanf=30975&charge=3&value=sp|P55265|DSRAD_HUMAN,3,/core/www/modules/match_peptides/blast_html4.php?run_id=110202&search_id=114132&scans_id=110198&peptide_id=22861&scanf=30975&charge=3&value=3,K.TLPLTGSTFHDQIAMLSHR.C,/core/www/modules/show_out/show_out_wrapper.php?run_id=110202&search_id=114132&scans_id=110198&peptide_id=22861&scanf=30975&charge=3&value=K.TLPLTGSTFHDQIAMLSHR.C,ADAR,5.182e+6,3.361,0.001,2.943,0.000
30976,3,"  2.892","  0.478",13/44,/core/www/modules//sdig/index.php?run_id=110202&search_id=114132&scans_id=110198&peptide_id=22862&scanf=30976&charge=3&value=13/44,sp|P35998|PRS7_HUMAN,/core/www/modules//consensus/?run_id=110202&search_id=114132&scans_id=110198&peptide_id=22862&scanf=30976&charge=3&value=sp|P35998|PRS7_HUMAN,1,/core/www/modules/match_peptides/blast_html4.php?run_id=110202&search_id=114132&scans_id=110198&peptide_id=22862&scanf=30976&charge=3&value=1,R.KIEFSLPDLEGR.T,/core/www/modules/show_out/show_out_wrapper.php?run_id=110202&search_id=114132&scans_id=110198&peptide_id=22862&scanf=30976&charge=3&value=R.KIEFSLPDLEGR.T,PSMC2,1.991e+7,2.949,0.005,2.333,0.000
30977,2,"  3.966","  0.571",15/28,/core/www/modules//sdig/index.php?run_id=110202&search_id=114132&scans_id=110198&peptide_id=22863&scanf=30977&charge=2&value=15/28,sp|P17987|TCPA_HUMAN,/core/www/modules//consensus/?run_id=110202&search_id=114132&scans_id=110198&peptide_id=22863&scanf=30977&charge=2&value=sp|P17987|TCPA_HUMAN,3,/core/www/modules/match_peptides/blast_html4.php?run_id=110202&search_id=114132&scans_id=110198&peptide_id=22863&scanf=30977&charge=2&value=3,R.SQNVMAAASIANIVK.S,/core/www/modules/show_out/show_out_wrapper.php?run_id=110202&search_id=114132&scans_id=110198&peptide_id=22863&scanf=30977&charge=2&value=R.SQNVMAAASIANIVK.S,TCP1,1.954e+7,3.365,0.001,2.948,0.000
30980,2,"  3.437","  0.594",13/24,/core/www/modules//sdig/index.php?run_id=110202&search_id=114132&scans_id=110198&peptide_id=22867&scanf=30980&charge=2&value=13/24,sp|P18583|SON_HUMAN,/core/www/modules//consensus/?run_id=110202&search_id=114132&scans_id=110198&peptide_id=22867&scanf=30980&charge=2&value=sp|P18583|SON_HUMAN,1,/core/www/modules/match_peptides/blast_html4.php?run_id=110202&search_id=114132&scans_id=110198&peptide_id=22867&scanf=30980&charge=2&value=1,K.ESDQTLAALLSPK.E,/core/www/modules/show_out/show_out_wrapper.php?run_id=110202&search_id=114132&scans_id=110198&peptide_id=22867&scanf=30980&charge=2&value=K.ESDQTLAALLSPK.E,SON,5.804e+6,3.584,0.001,3.272,0.000
30984,3,"  5.093","  0.645",21/80,/core/www/modules//sdig/index.php?run_id=110202&search_id=114132&scans_id=110198&peptide_id=22871&scanf=30984&charge=3&value=21/80,sp|Q9BTC8|MTA3_HUMAN,/core/www/modules//consensus/?run_id=110202&search_id=114132&scans_id=110198&peptide_id=22871&scanf=30984&charge=3&value=sp|Q9BTC8|MTA3_HUMAN,4,/core/www/modules/match_peptides/blast_html4.php?run_id=110202&search_id=114132&scans_id=110198&peptide_id=22871&scanf=30984&charge=3&value=4,R.YQADIPEMLLEGESDEREQSK.L,/core/www/modules/show_out/show_out_wrapper.php?run_id=110202&search_id=114132&scans_id=110198&peptide_id=22871&scanf=30984&charge=3&value=R.YQADIPEMLLEGESDEREQSK.L,MTA3,2.908e+6,3.191,0.002,2.690,0.000
30988,2,"  3.273","  0.549",13/34,/core/www/modules//sdig/index.php?run_id=110202&search_id=114132&scans_id=110198&peptide_id=22875&scanf=30988&charge=2&value=13/34,sp|Q9Y4L1|HYOU1_HUMAN,/core/www/modules//consensus/?run_id=110202&search_id=114132&scans_id=110198&peptide_id=22875&scanf=30988&charge=2&value=sp|Q9Y4L1|HYOU1_HUMAN,9,/core/www/modules/match_peptides/blast_html4.php?run_id=110202&search_id=114132&scans_id=110198&peptide_id=22875&scanf=30988&charge=2&value=9,K.LGNTISSLFGGGTTPDAK.E,/core/www/modules/show_out/show_out_wrapper.php?run_id=110202&search_id=114132&scans_id=110198&peptide_id=22875&scanf=30988&charge=2&value=K.LGNTISSLFGGGTTPDAK.E,HYOU1,9.432e+6,2.773,0.008,2.073,0.000
30989,2,"  4.740","  0.611",17/28,/core/www/modules//sdig/index.php?run_id=110202&search_id=114132&scans_id=110198&peptide_id=22876&scanf=30989&charge=2&value=17/28,sp|P25205|MCM3_HUMAN,/core/www/modules//consensus/?run_id=110202&search_id=114132&scans_id=110198&peptide_id=22876&scanf=30989&charge=2&value=sp|P25205|MCM3_HUMAN,2,/core/www/modules/match_peptides/blast_html4.php?run_id=110202&search_id=114132&scans_id=110198&peptide_id=22876&scanf=30989&charge=2&value=2,K.TPMENIGLQDSLLSR.F,/core/www/modules/show_out/show_out_wrapper.php?run_id=110202&search_id=114132&scans_id=110198&peptide_id=22876&scanf=30989&charge=2&value=K.TPMENIGLQDSLLSR.F,MCM3,6.069e+6,3.634,0.000,3.347,0.000
30990,2,"  3.449","  0.515",13/24,/core/www/modules//sdig/index.php?run_id=110202&search_id=114132&scans_id=110198&peptide_id=22878&scanf=30990&charge=2&value=13/24,sp|P27635|RL10_HUMAN,/core/www/modules//consensus/?run_id=110202&search_id=114132&scans_id=110198&peptide_id=22878&scanf=30990&charge=2&value=sp|P27635|RL10_HUMAN,2,/core/www/modules/match_peptides/blast_html4.php?run_id=110202&search_id=114132&scans_id=110198&peptide_id=22878&scanf=30990&charge=2&value=2,K.FNADEFEDMVAEK.R,/core/www/modules/show_out/show_out_wrapper.php?run_id=110202&search_id=114132&scans_id=110198&peptide_id=22878&scanf=30990&charge=2&value=K.FNADEFEDMVAEK.R,RPL10,1.810e+6,3.190,0.002,2.688,0.000
30993,3,"  3.139","  0.288",15/56,/core/www/modules//sdig/index.php?run_id=110202&search_id=114132&scans_id=110198&peptide_id=22881&scanf=30993&charge=3&value=15/56,sp|Q08J23|NSUN2_HUMAN,/core/www/modules//consensus/?run_id=110202&search_id=114132&scans_id=110198&peptide_id=22881&scanf=30993&charge=3&value=sp|Q08J23|NSUN2_HUMAN,0,/core/www/modules/match_peptides/blast_html4.php?run_id=110202&search_id=114132&scans_id=110198&peptide_id=22881&scanf=30993&charge=3&value=0,K.DGQWFTDWDAVPHSR.H,/core/www/modules/show_out/show_out_wrapper.php?run_id=110202&search_id=114132&scans_id=110198&peptide_id=22881&scanf=30993&charge=3&value=K.DGQWFTDWDAVPHSR.H,NSUN2,4.379e+6,2.438,0.026,1.585,0.001
30996,2,"  2.809","  0.534",11/20,/core/www/modules//sdig/index.php?run_id=110202&search_id=114132&scans_id=110198&peptide_id=22883&scanf=30996&charge=2&value=11/20,sp|Q9NVP1|DDX18_HUMAN,/core/www/modules//consensus/?run_id=110202&search_id=114132&scans_id=110198&peptide_id=22883&scanf=30996&charge=2&value=sp|Q9NVP1|DDX18_HUMAN,0,/core/www/modules/match_peptides/blast_html4.php?run_id=110202&search_id=114132&scans_id=110198&peptide_id=22883&scanf=30996&charge=2&value=0,R.ELAMQTFGVLK.E,/core/www/modules/show_out/show_out_wrapper.php?run_id=110202&search_id=114132&scans_id=110198&peptide_id=22883&scanf=30996&charge=2&value=R.ELAMQTFGVLK.E,DDX18,1.861e+7,3.304,0.001,2.858,0.000
30997,2,"  4.552","  0.577",17/34,/core/www/modules//sdig/index.php?run_id=110202&search_id=114132&scans_id=110198&peptide_id=22884&scanf=30997&charge=2&value=17/34,sp|Q9UNM6|PSD13_HUMAN,/core/www/modules//consensus/?run_id=110202&search_id=114132&scans_id=110198&peptide_id=22884&scanf=30997&charge=2&value=sp|Q9UNM6|PSD13_HUMAN,3,/core/www/modules/match_peptides/blast_html4.php?run_id=110202&search_id=114132&scans_id=110198&peptide_id=22884&scanf=30997&charge=2&value=3,K.TAWGQQPDLAANEAQLLR.K,/core/www/modules/show_out/show_out_wrapper.php?run_id=110202&search_id=114132&scans_id=110198&peptide_id=22884&scanf=30997&charge=2&value=K.TAWGQQPDLAANEAQLLR.K,PSMD13,3.658e+6,3.188,0.002,2.687,0.000
31001,2,"  3.377","  0.489",13/22,/core/www/modules//sdig/index.php?run_id=110202&search_id=114132&scans_id=110198&peptide_id=22889&scanf=31001&charge=2&value=13/22,sp|P20340|RAB6A_HUMAN,/core/www/modules//consensus/?run_id=110202&search_id=114132&scans_id=110198&peptide_id=22889&scanf=31001&charge=2&value=sp|P20340|RAB6A_HUMAN,0,/core/www/modules/match_peptides/blast_html4.php?run_id=110202&search_id=114132&scans_id=110198&peptide_id=22889&scanf=31001&charge=2&value=0,K.ELNVMFIETSAK.A,/core/www/modules/show_out/show_out_wrapper.php?run_id=110202&search_id=114132&scans_id=110198&peptide_id=22889&scanf=31001&charge=2&value=K.ELNVMFIETSAK.A,RAB6A,6.428e+7,2.990,0.004,2.393,0.000
31003,3,"  2.608","  0.541",12/40,/core/www/modules//sdig/index.php?run_id=110202&search_id=114132&scans_id=110198&peptide_id=22891&scanf=31003&charge=3&value=12/40,sp|O43837|IDH3B_HUMAN,/core/www/modules//consensus/?run_id=110202&search_id=114132&scans_id=110198&peptide_id=22891&scanf=31003&charge=3&value=sp|O43837|IDH3B_HUMAN,2,/core/www/modules/match_peptides/blast_html4.php?run_id=110202&search_id=114132&scans_id=110198&peptide_id=22891&scanf=31003&charge=3&value=2,K.LDLFANVVHVK.S,/core/www/modules/show_out/show_out_wrapper.php?run_id=110202&search_id=114132&scans_id=110198&peptide_id=22891&scanf=31003&charge=3&value=K.LDLFANVVHVK.S,IDH3B,3.133e+6,3.402,0.001,3.004,0.000
31005,2,"  2.620","  0.343",11/28,/core/www/modules//sdig/index.php?run_id=110202&search_id=114132&scans_id=110198&peptide_id=22893&scanf=31005&charge=2&value=11/28,sp|Q9H7Z3|NRDE2_HUMAN,/core/www/modules//consensus/?run_id=110202&search_id=114132&scans_id=110198&peptide_id=22893&scanf=31005&charge=2&value=sp|Q9H7Z3|NRDE2_HUMAN,1,/core/www/modules/match_peptides/blast_html4.php?run_id=110202&search_id=114132&scans_id=110198&peptide_id=22893&scanf=31005&charge=2&value=1,K.TEPPSSEPISFIPVK.D,/core/www/modules/show_out/show_out_wrapper.php?run_id=110202&search_id=114132&scans_id=110198&peptide_id=22893&scanf=31005&charge=2&value=K.TEPPSSEPISFIPVK.D,NRDE2,8.526e+6,2.283,0.043,1.362,0.001
31006,3,"  7.750","  0.642",26/80,/core/www/modules//sdig/index.php?run_id=110202&search_id=114132&scans_id=110198&peptide_id=22894&scanf=31006&charge=3&value=26/80,sp|P40227|TCPZ_HUMAN,/core/www/modules//consensus/?run_id=110202&search_id=114132&scans_id=110198&peptide_id=22894&scanf=31006&charge=3&value=sp|P40227|TCPZ_HUMAN,0,/core/www/modules/match_peptides/blast_html4.php?run_id=110202&search_id=114132&scans_id=110198&peptide_id=22894&scanf=31006&charge=3&value=0,K.DGNVLLHEMQIQHPTASLIAK.V,/core/www/modules/show_out/show_out_wrapper.php?run_id=110202&search_id=114132&scans_id=110198&peptide_id=22894&scanf=31006&charge=3&value=K.DGNVLLHEMQIQHPTASLIAK.V,CCT6A,7.649e+6,3.753,0.000,3.523,0.000
31007,3,"  3.775","  0.456",14/60,/core/www/modules//sdig/index.php?run_id=110202&search_id=114132&scans_id=110198&peptide_id=22895&scanf=31007&charge=3&value=14/60,sp|Q96TA1|NIBA2_HUMAN,/core/www/modules//consensus/?run_id=110202&search_id=114132&scans_id=110198&peptide_id=22895&scanf=31007&charge=3&value=sp|Q96TA1|NIBA2_HUMAN,0,/core/www/modules/match_peptides/blast_html4.php?run_id=110202&search_id=114132&scans_id=110198&peptide_id=22895&scanf=31007&charge=3&value=0,R.HEIEGTGLPQAQLLWR.K,/core/www/modules/show_out/show_out_wrapper.php?run_id=110202&search_id=114132&scans_id=110198&peptide_id=22895&scanf=31007&charge=3&value=R.HEIEGTGLPQAQLLWR.K,NIBAN2,2.279e+6,2.859,0.006,2.201,0.000
31012,3,"  5.843","  0.628",22/84,/core/www/modules//sdig/index.php?run_id=110202&search_id=114132&scans_id=110198&peptide_id=22900&scanf=31012&charge=3&value=22/84,sp|O75448|MED24_HUMAN,/core/www/modules//consensus/?run_id=110202&search_id=114132&scans_id=110198&peptide_id=22900&scanf=31012&charge=3&value=sp|O75448|MED24_HUMAN,4,/core/www/modules/match_peptides/blast_html4.php?run_id=110202&search_id=114132&scans_id=110198&peptide_id=22900&scanf=31012&charge=3&value=4,K.FINLNEFTTYGSEESTKPASVR.A,/core/www/modules/show_out/show_out_wrapper.php?run_id=110202&search_id=114132&scans_id=110198&peptide_id=22900&scanf=31012&charge=3&value=K.FINLNEFTTYGSEESTKPASVR.A,MED24,1.591e+6,3.393,0.001,2.989,0.000
31017,2,"  4.837","  0.694",17/24,/core/www/modules//sdig/index.php?run_id=110202&search_id=114132&scans_id=110198&peptide_id=22904&scanf=31017&charge=2&value=17/24,sp|P56192|SYMC_HUMAN,/core/www/modules//consensus/?run_id=110202&search_id=114132&scans_id=110198&peptide_id=22904&scanf=31017&charge=2&value=sp|P56192|SYMC_HUMAN,0,/core/www/modules/match_peptides/blast_html4.php?run_id=110202&search_id=114132&scans_id=110198&peptide_id=22904&scanf=31017&charge=2&value=0,K.NPEQVDLYQFMAK.D,/core/www/modules/show_out/show_out_wrapper.php?run_id=110202&search_id=114132&scans_id=110198&peptide_id=22904&scanf=31017&charge=2&value=K.NPEQVDLYQFMAK.D,MARS1,8.529e+6,4.149,0.000,4.110,0.000
31018,2,"  4.028","  0.736",17/26,/core/www/modules//sdig/index.php?run_id=110202&search_id=114132&scans_id=110198&peptide_id=22905&scanf=31018&charge=2&value=17/26,sp|P19338|NUCL_HUMAN,/core/www/modules//consensus/?run_id=110202&search_id=114132&scans_id=110198&peptide_id=22905&scanf=31018&charge=2&value=sp|P19338|NUCL_HUMAN,10,/core/www/modules/match_peptides/blast_html4.php?run_id=110202&search_id=114132&scans_id=110198&peptide_id=22905&scanf=31018&charge=2&value=10,K.FGYVDFESAEDLEK.A,/core/www/modules/show_out/show_out_wrapper.php?run_id=110202&search_id=114132&scans_id=110198&peptide_id=22905&scanf=31018&charge=2&value=K.FGYVDFESAEDLEK.A,NCL,2.143e+8,4.297,0.000,4.330,0.000
31021,4,"  6.507","  0.543",23/162,/core/www/modules//sdig/index.php?run_id=110202&search_id=114132&scans_id=110198&peptide_id=22909&scanf=31021&charge=4&value=23/162,sp|Q6P2Q9|PRP8_HUMAN,/core/www/modules//consensus/?run_id=110202&search_id=114132&scans_id=110198&peptide_id=22909&scanf=31021&charge=4&value=sp|Q6P2Q9|PRP8_HUMAN,0,/core/www/modules/match_peptides/blast_html4.php?run_id=110202&search_id=114132&scans_id=110198&peptide_id=22909&scanf=31021&charge=4&value=0,K.EMEPLGWIHTQPNESPQLSPQDVTTHAK.I,/core/www/modules/show_out/show_out_wrapper.php?run_id=110202&search_id=114132&scans_id=110198&peptide_id=22909&scanf=31021&charge=4&value=K.EMEPLGWIHTQPNESPQLSPQDVTTHAK.I,PRPF8,1.132e+7,3.578,0.001,3.264,0.000
31022,2,"  3.065","  0.513",11/20,/core/www/modules//sdig/index.php?run_id=110202&search_id=114132&scans_id=110198&peptide_id=22910&scanf=31022&charge=2&value=11/20,sp|Q9Y265|RUVB1_HUMAN,/core/www/modules//consensus/?run_id=110202&search_id=114132&scans_id=110198&peptide_id=22910&scanf=31022&charge=2&value=sp|Q9Y265|RUVB1_HUMAN,1,/core/www/modules/match_peptides/blast_html4.php?run_id=110202&search_id=114132&scans_id=110198&peptide_id=22910&scanf=31022&charge=2&value=1,K.LDPSIFESLQK.E,/core/www/modules/show_out/show_out_wrapper.php?run_id=110202&search_id=114132&scans_id=110198&peptide_id=22910&scanf=31022&charge=2&value=K.LDPSIFESLQK.E,RUVBL1,2.703e+7,3.220,0.002,2.734,0.000
31023,3,"  7.450","  0.768",28/92,/core/www/modules//sdig/index.php?run_id=110202&search_id=114132&scans_id=110198&peptide_id=22911&scanf=31023&charge=3&value=28/92,sp|Q8IY81|SPB1_HUMAN,/core/www/modules//consensus/?run_id=110202&search_id=114132&scans_id=110198&peptide_id=22911&scanf=31023&charge=3&value=sp|Q8IY81|SPB1_HUMAN,0,/core/www/modules/match_peptides/blast_html4.php?run_id=110202&search_id=114132&scans_id=110198&peptide_id=22911&scanf=31023&charge=3&value=0,R.LTEVQDDKEEEEEENPLLVPLEEK.A,/core/www/modules/show_out/show_out_wrapper.php?run_id=110202&search_id=114132&scans_id=110198&peptide_id=22911&scanf=31023&charge=3&value=R.LTEVQDDKEEEEEENPLLVPLEEK.A,FTSJ3,8.770e+6,3.718,0.000,3.472,0.000
31025,2,"  4.410","  0.546",19/32,/core/www/modules//sdig/index.php?run_id=110202&search_id=114132&scans_id=110198&peptide_id=22913&scanf=31025&charge=2&value=19/32,sp|P21333|FLNA_HUMAN,/core/www/modules//consensus/?run_id=110202&search_id=114132&scans_id=110198&peptide_id=22913&scanf=31025&charge=2&value=sp|P21333|FLNA_HUMAN,1,/core/www/modules/match_peptides/blast_html4.php?run_id=110202&search_id=114132&scans_id=110198&peptide_id=22913&scanf=31025&charge=2&value=1,R.EGPYSISVLYGDEEVPR.S,/core/www/modules/show_out/show_out_wrapper.php?run_id=110202&search_id=114132&scans_id=110198&peptide_id=22913&scanf=31025&charge=2&value=R.EGPYSISVLYGDEEVPR.S,FLNA,5.347e+6,3.349,0.001,2.925,0.000
31026,3,"  2.014","  0.171",10/56,/core/www/modules//sdig/index.php?run_id=110202&search_id=114132&scans_id=110198&peptide_id=22914&scanf=31026&charge=3&value=10/56,sp|P25205|MCM3_HUMAN,/core/www/modules//consensus/?run_id=110202&search_id=114132&scans_id=110198&peptide_id=22914&scanf=31026&charge=3&value=sp|P25205|MCM3_HUMAN,2,/core/www/modules/match_peptides/blast_html4.php?run_id=110202&search_id=114132&scans_id=110198&peptide_id=22914&scanf=31026&charge=3&value=2,K.TPMENIGLQDSLLSR.F,/core/www/modules/show_out/show_out_wrapper.php?run_id=110202&search_id=114132&scans_id=110198&peptide_id=22914&scanf=31026&charge=3&value=K.TPMENIGLQDSLLSR.F,MCM3,3.182e+6,1.863,0.160,0.796,0.008
31027,3,"  3.585","  0.506",14/76,/core/www/modules//sdig/index.php?run_id=110202&search_id=114132&scans_id=110198&peptide_id=22915&scanf=31027&charge=3&value=14/76,sp|Q9HC62|SENP2_HUMAN,/core/www/modules//consensus/?run_id=110202&search_id=114132&scans_id=110198&peptide_id=22915&scanf=31027&charge=3&value=sp|Q9HC62|SENP2_HUMAN,0,/core/www/modules/match_peptides/blast_html4.php?run_id=110202&search_id=114132&scans_id=110198&peptide_id=22915&scanf=31027&charge=3&value=0,K.EISNALGHGPQDEILSSAFK.L,/core/www/modules/show_out/show_out_wrapper.php?run_id=110202&search_id=114132&scans_id=110198&peptide_id=22915&scanf=31027&charge=3&value=K.EISNALGHGPQDEILSSAFK.L,SENP2,2.371e+6,2.809,0.007,2.126,0.000
31028,2,"  3.308","  0.563",14/20,/core/www/modules//sdig/index.php?run_id=110202&search_id=114132&scans_id=110198&peptide_id=22916&scanf=31028&charge=2&value=14/20,sp|P19525|E2AK2_HUMAN,/core/www/modules//consensus/?run_id=110202&search_id=114132&scans_id=110198&peptide_id=22916&scanf=31028&charge=2&value=sp|P19525|E2AK2_HUMAN,2,/core/www/modules/match_peptides/blast_html4.php?run_id=110202&search_id=114132&scans_id=110198&peptide_id=22916&scanf=31028&charge=2&value=2,K.IGDFGLVTSLK.N,/core/www/modules/show_out/show_out_wrapper.php?run_id=110202&search_id=114132&scans_id=110198&peptide_id=22916&scanf=31028&charge=2&value=K.IGDFGLVTSLK.N,EIF2AK2,1.960e+7,3.637,0.000,3.351,0.000
31029,2,"  4.843","  0.678",18/28,/core/www/modules//sdig/index.php?run_id=110202&search_id=114132&scans_id=110198&peptide_id=22917&scanf=31029&charge=2&value=18/28,sp|Q14257|RCN2_HUMAN,/core/www/modules//consensus/?run_id=110202&search_id=114132&scans_id=110198&peptide_id=22917&scanf=31029&charge=2&value=sp|Q14257|RCN2_HUMAN,1,/core/www/modules/match_peptides/blast_html4.php?run_id=110202&search_id=114132&scans_id=110198&peptide_id=22917&scanf=31029&charge=2&value=1,R.EALLGVQEDVDEYVK.L,/core/www/modules/show_out/show_out_wrapper.php?run_id=110202&search_id=114132&scans_id=110198&peptide_id=22917&scanf=31029&charge=2&value=R.EALLGVQEDVDEYVK.L,RCN2,8.232e+6,3.885,0.000,3.719,0.000
31031,4,"  3.709","  0.338",11/144,/core/www/modules//sdig/index.php?run_id=110202&search_id=114132&scans_id=110198&peptide_id=22920&scanf=31031&charge=4&value=11/144,sp|O60244|MED14_HUMAN,/core/www/modules//consensus/?run_id=110202&search_id=114132&scans_id=110198&peptide_id=22920&scanf=31031&charge=4&value=sp|O60244|MED14_HUMAN,0,/core/www/modules/match_peptides/blast_html4.php?run_id=110202&search_id=114132&scans_id=110198&peptide_id=22920&scanf=31031&charge=4&value=0,K.HLPTISSETLQLSNYSTHPIGNLSK.N,/core/www/modules/show_out/show_out_wrapper.php?run_id=110202&search_id=114132&scans_id=110198&peptide_id=22920&scanf=31031&charge=4&value=K.HLPTISSETLQLSNYSTHPIGNLSK.N,MED14,1.702e+6,2.439,0.026,1.586,0.001
31032,3,"  3.855","  0.424",13/64,/core/www/modules//sdig/index.php?run_id=110202&search_id=114132&scans_id=110198&peptide_id=22921&scanf=31032&charge=3&value=13/64,sp|P60903|S10AA_HUMAN,/core/www/modules//consensus/?run_id=110202&search_id=114132&scans_id=110198&peptide_id=22921&scanf=31032&charge=3&value=sp|P60903|S10AA_HUMAN,0,/core/www/modules/match_peptides/blast_html4.php?run_id=110202&search_id=114132&scans_id=110198&peptide_id=22921&scanf=31032&charge=3&value=0,K.EFPGFLENQKDPLAVDK.I,/core/www/modules/show_out/show_out_wrapper.php?run_id=110202&search_id=114132&scans_id=110198&peptide_id=22921&scanf=31032&charge=3&value=K.EFPGFLENQKDPLAVDK.I,S100A10,3.768e+7,2.422,0.027,1.562,0.001
31036,2,"  1.790","  0.308",9/14,/core/www/modules//sdig/index.php?run_id=110202&search_id=114132&scans_id=110198&peptide_id=22925&scanf=31036&charge=2&value=9/14,sp|O95747|OXSR1_HUMAN,/core/www/modules//consensus/?run_id=110202&search_id=114132&scans_id=110198&peptide_id=22925&scanf=31036&charge=2&value=sp|O95747|OXSR1_HUMAN,1,/core/www/modules/match_peptides/blast_html4.php?run_id=110202&search_id=114132&scans_id=110198&peptide_id=22925&scanf=31036&charge=2&value=1,K.IPISLVLR.L,/core/www/modules/show_out/show_out_wrapper.php?run_id=110202&search_id=114132&scans_id=110198&peptide_id=22925&scanf=31036&charge=2&value=K.IPISLVLR.L,OXSR1,1.803e+6,2.704,0.011,1.972,0.000
31040,2,"  4.950","  0.631",19/32,/core/www/modules//sdig/index.php?run_id=110202&search_id=114132&scans_id=110198&peptide_id=22929&scanf=31040&charge=2&value=19/32,sp|Q13523|PRP4B_HUMAN,/core/www/modules//consensus/?run_id=110202&search_id=114132&scans_id=110198&peptide_id=22929&scanf=31040&charge=2&value=sp|Q13523|PRP4B_HUMAN,1,/core/www/modules/match_peptides/blast_html4.php?run_id=110202&search_id=114132&scans_id=110198&peptide_id=22929&scanf=31040&charge=2&value=1,R.YNVYGYTGQGVFSNVVR.A,/core/www/modules/show_out/show_out_wrapper.php?run_id=110202&search_id=114132&scans_id=110198&peptide_id=22929&scanf=31040&charge=2&value=R.YNVYGYTGQGVFSNVVR.A,PRPF4B,4.652e+6,3.569,0.001,3.251,0.000
31044,4,"  4.487","  0.455",18/126,/core/www/modules//sdig/index.php?run_id=110202&search_id=114132&scans_id=110198&peptide_id=22933&scanf=31044&charge=4&value=18/126,sp|Q7KZF4|SND1_HUMAN,/core/www/modules//consensus/?run_id=110202&search_id=114132&scans_id=110198&peptide_id=22933&scanf=31044&charge=4&value=sp|Q7KZF4|SND1_HUMAN,0,/core/www/modules/match_peptides/blast_html4.php?run_id=110202&search_id=114132&scans_id=110198&peptide_id=22933&scanf=31044&charge=4&value=0,K.EKVWAHYEEQPVEEVMPVLEEK.E,/core/www/modules/show_out/show_out_wrapper.php?run_id=110202&search_id=114132&scans_id=110198&peptide_id=22933&scanf=31044&charge=4&value=K.EKVWAHYEEQPVEEVMPVLEEK.E,SND1,3.720e+6,2.803,0.008,2.117,0.000
31045,3,"  7.395","  0.637",26/84,/core/www/modules//sdig/index.php?run_id=110202&search_id=114132&scans_id=110198&peptide_id=22934&scanf=31045&charge=3&value=26/84,sp|Q9UHX1|PUF60_HUMAN,/core/www/modules//consensus/?run_id=110202&search_id=114132&scans_id=110198&peptide_id=22934&scanf=31045&charge=3&value=sp|Q9UHX1|PUF60_HUMAN,10,/core/www/modules/match_peptides/blast_html4.php?run_id=110202&search_id=114132&scans_id=110198&peptide_id=22934&scanf=31045&charge=3&value=10,K.VGRPSNIGQAQPIIDQLAEEAR.A,/core/www/modules/show_out/show_out_wrapper.php?run_id=110202&search_id=114132&scans_id=110198&peptide_id=22934&scanf=31045&charge=3&value=K.VGRPSNIGQAQPIIDQLAEEAR.A,PUF60,1.952e+7,3.660,0.000,3.385,0.000
31048,2,"  4.134","  0.609",16/28,/core/www/modules//sdig/index.php?run_id=110202&search_id=114132&scans_id=110198&peptide_id=22937&scanf=31048&charge=2&value=16/28,sp|P62829|RL23_HUMAN,/core/www/modules//consensus/?run_id=110202&search_id=114132&scans_id=110198&peptide_id=22937&scanf=31048&charge=2&value=sp|P62829|RL23_HUMAN,3,/core/www/modules/match_peptides/blast_html4.php?run_id=110202&search_id=114132&scans_id=110198&peptide_id=22937&scanf=31048&charge=2&value=3,R.LPAAGVGDMVMATVK.K,/core/www/modules/show_out/show_out_wrapper.php?run_id=110202&search_id=114132&scans_id=110198&peptide_id=22937&scanf=31048&charge=2&value=R.LPAAGVGDMVMATVK.K,RPL23,2.301e+8,3.513,0.001,3.168,0.000
31056,2,"  2.437","  0.744",13/22,/core/www/modules//sdig/index.php?run_id=110202&search_id=114132&scans_id=110198&peptide_id=22946&scanf=31056&charge=2&value=13/22,sp|P33992|MCM5_HUMAN,/core/www/modules//consensus/?run_id=110202&search_id=114132&scans_id=110198&peptide_id=22946&scanf=31056&charge=2&value=sp|P33992|MCM5_HUMAN,3,/core/www/modules/match_peptides/blast_html4.php?run_id=110202&search_id=114132&scans_id=110198&peptide_id=22946&scanf=31056&charge=2&value=3,K.IPGIIIAASAVR.A,/core/www/modules/show_out/show_out_wrapper.php?run_id=110202&search_id=114132&scans_id=110198&peptide_id=22946&scanf=31056&charge=2&value=K.IPGIIIAASAVR.A,MCM5,1.110e+7,4.047,0.000,3.959,0.000
31061,3,"  2.261","  0.581",17/60,/core/www/modules//sdig/index.php?run_id=110202&search_id=114132&scans_id=110198&peptide_id=22951&scanf=31061&charge=3&value=17/60,sp|Q9Y3F4|STRAP_HUMAN,/core/www/modules//consensus/?run_id=110202&search_id=114132&scans_id=110198&peptide_id=22951&scanf=31061&charge=3&value=sp|Q9Y3F4|STRAP_HUMAN,0,/core/www/modules/match_peptides/blast_html4.php?run_id=110202&search_id=114132&scans_id=110198&peptide_id=22951&scanf=31061&charge=3&value=0,K.VWDAVSGDELMTLAHK.H,/core/www/modules/show_out/show_out_wrapper.php?run_id=110202&search_id=114132&scans_id=110198&peptide_id=22951&scanf=31061&charge=3&value=K.VWDAVSGDELMTLAHK.H,STRAP,5.947e+6,3.298,0.001,2.848,0.000
31062,3,"  3.830","  0.408",14/64,/core/www/modules//sdig/index.php?run_id=110202&search_id=114132&scans_id=110198&peptide_id=22952&scanf=31062&charge=3&value=14/64,sp|P60903|S10AA_HUMAN,/core/www/modules//consensus/?run_id=110202&search_id=114132&scans_id=110198&peptide_id=22952&scanf=31062&charge=3&value=sp|P60903|S10AA_HUMAN,0,/core/www/modules/match_peptides/blast_html4.php?run_id=110202&search_id=114132&scans_id=110198&peptide_id=22952&scanf=31062&charge=3&value=0,K.EFPGFLENQKDPLAVDK.I,/core/www/modules/show_out/show_out_wrapper.php?run_id=110202&search_id=114132&scans_id=110198&peptide_id=22952&scanf=31062&charge=3&value=K.EFPGFLENQKDPLAVDK.I,S100A10,3.768e+7,2.303,0.041,1.390,0.001
31063,3,"  1.836","  0.454",11/36,/core/www/modules//sdig/index.php?run_id=110202&search_id=114132&scans_id=110198&peptide_id=22953&scanf=31063&charge=3&value=11/36,sp|P46781|RS9_HUMAN,/core/www/modules//consensus/?run_id=110202&search_id=114132&scans_id=110198&peptide_id=22953&scanf=31063&charge=3&value=sp|P46781|RS9_HUMAN,2,/core/www/modules/match_peptides/blast_html4.php?run_id=110202&search_id=114132&scans_id=110198&peptide_id=22953&scanf=31063&charge=3&value=2,K.MKLDYILGLK.I,/core/www/modules/show_out/show_out_wrapper.php?run_id=110202&search_id=114132&scans_id=110198&peptide_id=22953&scanf=31063&charge=3&value=K.MKLDYILGLK.I,RPS9,2.417e+7,2.850,0.006,2.187,0.000
31066,3,"  3.676","  0.488",10/56,/core/www/modules//sdig/index.php?run_id=110202&search_id=114132&scans_id=110198&peptide_id=22956&scanf=31066&charge=3&value=10/56,sp|P61289|PSME3_HUMAN,/core/www/modules//consensus/?run_id=110202&search_id=114132&scans_id=110198&peptide_id=22956&scanf=31066&charge=3&value=sp|P61289|PSME3_HUMAN,4,/core/www/modules/match_peptides/blast_html4.php?run_id=110202&search_id=114132&scans_id=110198&peptide_id=22956&scanf=31066&charge=3&value=4,R.TVESEAASYLDQISR.Y,/core/www/modules/show_out/show_out_wrapper.php?run_id=110202&search_id=114132&scans_id=110198&peptide_id=22956&scanf=31066&charge=3&value=R.TVESEAASYLDQISR.Y,PSME3,4.361e+6,2.784,0.008,2.089,0.000
31068,3,"  5.172","  0.626",22/76,/core/www/modules//sdig/index.php?run_id=110202&search_id=114132&scans_id=110198&peptide_id=22958&scanf=31068&charge=3&value=22/76,sp|Q9UQR1|ZN148_HUMAN,/core/www/modules//consensus/?run_id=110202&search_id=114132&scans_id=110198&peptide_id=22958&scanf=31068&charge=3&value=sp|Q9UQR1|ZN148_HUMAN,2,/core/www/modules/match_peptides/blast_html4.php?run_id=110202&search_id=114132&scans_id=110198&peptide_id=22958&scanf=31068&charge=3&value=2,R.SMPHQEILAADEVLQESEMR.Q,/core/www/modules/show_out/show_out_wrapper.php?run_id=110202&search_id=114132&scans_id=110198&peptide_id=22958&scanf=31068&charge=3&value=R.SMPHQEILAADEVLQESEMR.Q,ZNF148,1.789e+6,3.492,0.001,3.136,0.000
31069,3,"  3.398","  0.394",13/64,/core/www/modules//sdig/index.php?run_id=110202&search_id=114132&scans_id=110198&peptide_id=22959&scanf=31069&charge=3&value=13/64,sp|O95373|IPO7_HUMAN,/core/www/modules//consensus/?run_id=110202&search_id=114132&scans_id=110198&peptide_id=22959&scanf=31069&charge=3&value=sp|O95373|IPO7_HUMAN,0,/core/www/modules/match_peptides/blast_html4.php?run_id=110202&search_id=114132&scans_id=110198&peptide_id=22959&scanf=31069&charge=3&value=0,R.NPVWYQALTHGLNEEQR.K,/core/www/modules/show_out/show_out_wrapper.php?run_id=110202&search_id=114132&scans_id=110198&peptide_id=22959&scanf=31069&charge=3&value=R.NPVWYQALTHGLNEEQR.K,IPO7,3.143e+6,2.515,0.020,1.695,0.000
31070,3,"  3.975","  0.582",13/60,/core/www/modules//sdig/index.php?run_id=110202&search_id=114132&scans_id=110198&peptide_id=22961&scanf=31070&charge=3&value=13/60,sp|Q9H6R0|DHX33_HUMAN,/core/www/modules//consensus/?run_id=110202&search_id=114132&scans_id=110198&peptide_id=22961&scanf=31070&charge=3&value=sp|Q9H6R0|DHX33_HUMAN,2,/core/www/modules/match_peptides/blast_html4.php?run_id=110202&search_id=114132&scans_id=110198&peptide_id=22961&scanf=31070&charge=3&value=2,K.FISSEGDHMTLLNIYR.T,/core/www/modules/show_out/show_out_wrapper.php?run_id=110202&search_id=114132&scans_id=110198&peptide_id=22961&scanf=31070&charge=3&value=K.FISSEGDHMTLLNIYR.T,DHX33,1.574e+6,3.293,0.001,2.842,0.000
31071,2,"  2.985","  0.620",13/18,/core/www/modules//sdig/index.php?run_id=110202&search_id=114132&scans_id=110198&peptide_id=22962&scanf=31071&charge=2&value=13/18,sp|P46781|RS9_HUMAN,/core/www/modules//consensus/?run_id=110202&search_id=114132&scans_id=110198&peptide_id=22962&scanf=31071&charge=2&value=sp|P46781|RS9_HUMAN,2,/core/www/modules/match_peptides/blast_html4.php?run_id=110202&search_id=114132&scans_id=110198&peptide_id=22962&scanf=31071&charge=2&value=2,K.MKLDYILGLK.I,/core/www/modules/show_out/show_out_wrapper.php?run_id=110202&search_id=114132&scans_id=110198&peptide_id=22962&scanf=31071&charge=2&value=K.MKLDYILGLK.I,RPS9,9.554e+6,3.603,0.001,3.301,0.000
31072,3,"  3.946","  0.439",17/72,/core/www/modules//sdig/index.php?run_id=110202&search_id=114132&scans_id=110198&peptide_id=22963&scanf=31072&charge=3&value=17/72,sp|O75533|SF3B1_HUMAN,/core/www/modules//consensus/?run_id=110202&search_id=114132&scans_id=110198&peptide_id=22963&scanf=31072&charge=3&value=sp|O75533|SF3B1_HUMAN,0,/core/www/modules/match_peptides/blast_html4.php?run_id=110202&search_id=114132&scans_id=110198&peptide_id=22963&scanf=31072&charge=3&value=0,K.IYNSIYIGSQDALIAHYPR.I,/core/www/modules/show_out/show_out_wrapper.php?run_id=110202&search_id=114132&scans_id=110198&peptide_id=22963&scanf=31072&charge=3&value=K.IYNSIYIGSQDALIAHYPR.I,SF3B1,6.282e+6,2.952,0.005,2.337,0.000
31078,2,"  1.491","  0.199",8/14,/core/www/modules//sdig/index.php?run_id=110202&search_id=114132&scans_id=110198&peptide_id=22969&scanf=31078&charge=2&value=8/14,sp|O75530|EED_HUMAN,/core/www/modules//consensus/?run_id=110202&search_id=114132&scans_id=110198&peptide_id=22969&scanf=31078&charge=2&value=sp|O75530|EED_HUMAN,4,/core/www/modules/match_peptides/blast_html4.php?run_id=110202&search_id=114132&scans_id=110198&peptide_id=22969&scanf=31078&charge=2&value=4,R.FSMDFWQK.M,/core/www/modules/show_out/show_out_wrapper.php?run_id=110202&search_id=114132&scans_id=110198&peptide_id=22969&scanf=31078&charge=2&value=R.FSMDFWQK.M,EED,1.323e+6,2.250,0.048,1.316,0.002
31080,2,"  2.809","  0.408",13/18,/core/www/modules//sdig/index.php?run_id=110202&search_id=114132&scans_id=110198&peptide_id=22971&scanf=31080&charge=2&value=13/18,sp|A6NNZ2|TBB8B_HUMAN,/core/www/modules//consensus/?run_id=110202&search_id=114132&scans_id=110198&peptide_id=22971&scanf=31080&charge=2&value=sp|A6NNZ2|TBB8B_HUMAN,15,/core/www/modules/match_peptides/blast_html4.php?run_id=110202&search_id=114132&scans_id=110198&peptide_id=22971&scanf=31080&charge=2&value=15,K.LAVNMVPFPR.L,/core/www/modules/show_out/show_out_wrapper.php?run_id=110202&search_id=114132&scans_id=110198&peptide_id=22971&scanf=31080&charge=2&value=K.LAVNMVPFPR.L,TUBB8B,9.722e+7,3.172,0.002,2.662,0.000
31081,2,"  2.576","  0.531",11/18,/core/www/modules//sdig/index.php?run_id=110202&search_id=114132&scans_id=110198&peptide_id=22972&scanf=31081&charge=2&value=11/18,sp|Q8WUB8|PHF10_HUMAN,/core/www/modules//consensus/?run_id=110202&search_id=114132&scans_id=110198&peptide_id=22972&scanf=31081&charge=2&value=sp|Q8WUB8|PHF10_HUMAN,1,/core/www/modules/match_peptides/blast_html4.php?run_id=110202&search_id=114132&scans_id=110198&peptide_id=22972&scanf=31081&charge=2&value=1,R.SDEVIDLMIK.E,/core/www/modules/show_out/show_out_wrapper.php?run_id=110202&search_id=114132&scans_id=110198&peptide_id=22972&scanf=31081&charge=2&value=R.SDEVIDLMIK.E,PHF10,4.659e+6,3.379,0.001,2.970,0.000
31082,2,"  3.922","  0.519",13/22,/core/www/modules//sdig/index.php?run_id=110202&search_id=114132&scans_id=110198&peptide_id=22973&scanf=31082&charge=2&value=13/22,sp|Q92616|GCN1_HUMAN,/core/www/modules//consensus/?run_id=110202&search_id=114132&scans_id=110198&peptide_id=22973&scanf=31082&charge=2&value=sp|Q92616|GCN1_HUMAN,0,/core/www/modules/match_peptides/blast_html4.php?run_id=110202&search_id=114132&scans_id=110198&peptide_id=22973&scanf=31082&charge=2&value=0,R.QSVVVLMGSLAK.H,/core/www/modules/show_out/show_out_wrapper.php?run_id=110202&search_id=114132&scans_id=110198&peptide_id=22973&scanf=31082&charge=2&value=R.QSVVVLMGSLAK.H,GCN1,4.929e+6,3.492,0.001,3.136,0.000
31085,2,"  3.395","  0.462",12/26,/core/www/modules//sdig/index.php?run_id=110202&search_id=114132&scans_id=110198&peptide_id=22976&scanf=31085&charge=2&value=12/26,sp|Q14008|CKAP5_HUMAN,/core/www/modules//consensus/?run_id=110202&search_id=114132&scans_id=110198&peptide_id=22976&scanf=31085&charge=2&value=sp|Q14008|CKAP5_HUMAN,0,/core/www/modules/match_peptides/blast_html4.php?run_id=110202&search_id=114132&scans_id=110198&peptide_id=22976&scanf=31085&charge=2&value=0,K.EGLDEVAGIINDAK.F,/core/www/modules/show_out/show_out_wrapper.php?run_id=110202&search_id=114132&scans_id=110198&peptide_id=22976&scanf=31085&charge=2&value=K.EGLDEVAGIINDAK.F,CKAP5,4.820e+6,2.876,0.006,2.225,0.000
31087,2,"  6.074","  0.787",23/40,/core/www/modules//sdig/index.php?run_id=110202&search_id=114132&scans_id=110198&peptide_id=22978&scanf=31087&charge=2&value=23/40,sp|P60709|ACTB_HUMAN,/core/www/modules//consensus/?run_id=110202&search_id=114132&scans_id=110198&peptide_id=22978&scanf=31087&charge=2&value=sp|P60709|ACTB_HUMAN,6,/core/www/modules/match_peptides/blast_html4.php?run_id=110202&search_id=114132&scans_id=110198&peptide_id=22978&scanf=31087&charge=2&value=6,K.DLYANTVLSGGTTM*YPGIADR.M,/core/www/modules/show_out/show_out_wrapper.php?run_id=110202&search_id=114132&scans_id=110198&peptide_id=22978&scanf=31087&charge=2&value=K.DLYANTVLSGGTTM*YPGIADR.M,ACTB,1.722e+7,4.535,0.000,4.683,0.000
31090,2,"  2.803","  0.481",8/22,/core/www/modules//sdig/index.php?run_id=110202&search_id=114132&scans_id=110198&peptide_id=22982&scanf=31090&charge=2&value=8/22,sp|P48047|ATPO_HUMAN,/core/www/modules//consensus/?run_id=110202&search_id=114132&scans_id=110198&peptide_id=22982&scanf=31090&charge=2&value=sp|P48047|ATPO_HUMAN,0,/core/www/modules/match_peptides/blast_html4.php?run_id=110202&search_id=114132&scans_id=110198&peptide_id=22982&scanf=31090&charge=2&value=0,K.TDPSILGGMIVR.I,/core/www/modules/show_out/show_out_wrapper.php?run_id=110202&search_id=114132&scans_id=110198&peptide_id=22982&scanf=31090&charge=2&value=K.TDPSILGGMIVR.I,ATP5PO,4.045e+6,2.743,0.009,2.030,0.000
31093,2,"  2.452","  0.531",13/24,/core/www/modules//sdig/index.php?run_id=110202&search_id=114132&scans_id=110198&peptide_id=22985&scanf=31093&charge=2&value=13/24,sp|P46940|IQGA1_HUMAN,/core/www/modules//consensus/?run_id=110202&search_id=114132&scans_id=110198&peptide_id=22985&scanf=31093&charge=2&value=sp|P46940|IQGA1_HUMAN,2,/core/www/modules/match_peptides/blast_html4.php?run_id=110202&search_id=114132&scans_id=110198&peptide_id=22985&scanf=31093&charge=2&value=2,K.LGLAPQIQDLYGK.V,/core/www/modules/show_out/show_out_wrapper.php?run_id=110202&search_id=114132&scans_id=110198&peptide_id=22985&scanf=31093&charge=2&value=K.LGLAPQIQDLYGK.V,IQGAP1,1.286e+8,3.229,0.002,2.746,0.000
31095,2,"  2.519","  0.502",10/22,/core/www/modules//sdig/index.php?run_id=110202&search_id=114132&scans_id=110198&peptide_id=22987&scanf=31095&charge=2&value=10/22,sp|P49916|DNLI3_HUMAN,/core/www/modules//consensus/?run_id=110202&search_id=114132&scans_id=110198&peptide_id=22987&scanf=31095&charge=2&value=sp|P49916|DNLI3_HUMAN,0,/core/www/modules/match_peptides/blast_html4.php?run_id=110202&search_id=114132&scans_id=110198&peptide_id=22987&scanf=31095&charge=2&value=0,R.VIQEGLEGLVLK.D,/core/www/modules/show_out/show_out_wrapper.php?run_id=110202&search_id=114132&scans_id=110198&peptide_id=22987&scanf=31095&charge=2&value=R.VIQEGLEGLVLK.D,LIG3,9.445e+6,3.007,0.004,2.418,0.000
31096,2,"  2.620","  0.235",13/26,/core/www/modules//sdig/index.php?run_id=110202&search_id=114132&scans_id=110198&peptide_id=22988&scanf=31096&charge=2&value=13/26,sp|P23396|RS3_HUMAN,/core/www/modules//consensus/?run_id=110202&search_id=114132&scans_id=110198&peptide_id=22988&scanf=31096&charge=2&value=sp|P23396|RS3_HUMAN,4,/core/www/modules/match_peptides/blast_html4.php?run_id=110202&search_id=114132&scans_id=110198&peptide_id=22988&scanf=31096&charge=2&value=4,R.FGFPEGSVELYAEK.V,/core/www/modules/show_out/show_out_wrapper.php?run_id=110202&search_id=114132&scans_id=110198&peptide_id=22988&scanf=31096&charge=2&value=R.FGFPEGSVELYAEK.V,RPS3,2.771e+7,2.070,0.086,1.066,0.004
31098,3,"  3.850","  0.518",16/112,/core/www/modules//sdig/index.php?run_id=110202&search_id=114132&scans_id=110198&peptide_id=22990&scanf=31098&charge=3&value=16/112,sp|P51610|HCFC1_HUMAN,/core/www/modules//consensus/?run_id=110202&search_id=114132&scans_id=110198&peptide_id=22990&scanf=31098&charge=3&value=sp|P51610|HCFC1_HUMAN,1,/core/www/modules/match_peptides/blast_html4.php?run_id=110202&search_id=114132&scans_id=110198&peptide_id=22990&scanf=31098&charge=3&value=1,R.AVTTVTQSTPVPGPSVPPPEELQVSPGPR.Q,/core/www/modules/show_out/show_out_wrapper.php?run_id=110202&search_id=114132&scans_id=110198&peptide_id=22990&scanf=31098&charge=3&value=R.AVTTVTQSTPVPGPSVPPPEELQVSPGPR.Q,HCFC1,2.681e+6,2.472,0.023,1.633,0.001
31101,2,"  2.694","  0.467",11/16,/core/www/modules//sdig/index.php?run_id=110202&search_id=114132&scans_id=110198&peptide_id=22993&scanf=31101&charge=2&value=11/16,sp|Q13123|RED_HUMAN,/core/www/modules//consensus/?run_id=110202&search_id=114132&scans_id=110198&peptide_id=22993&scanf=31101&charge=2&value=sp|Q13123|RED_HUMAN,0,/core/www/modules/match_peptides/blast_html4.php?run_id=110202&search_id=114132&scans_id=110198&peptide_id=22993&scanf=31101&charge=2&value=0,K.LTQILSYLR.Q,/core/www/modules/show_out/show_out_wrapper.php?run_id=110202&search_id=114132&scans_id=110198&peptide_id=22993&scanf=31101&charge=2&value=K.LTQILSYLR.Q,IK,2.136e+7,3.353,0.001,2.931,0.000
31103,2,"  3.852","  0.653",17/28,/core/www/modules//sdig/index.php?run_id=110202&search_id=114132&scans_id=110198&peptide_id=22995&scanf=31103&charge=2&value=17/28,sp|P25205|MCM3_HUMAN,/core/www/modules//consensus/?run_id=110202&search_id=114132&scans_id=110198&peptide_id=22995&scanf=31103&charge=2&value=sp|P25205|MCM3_HUMAN,2,/core/www/modules/match_peptides/blast_html4.php?run_id=110202&search_id=114132&scans_id=110198&peptide_id=22995&scanf=31103&charge=2&value=2,K.TPMENIGLQDSLLSR.F,/core/www/modules/show_out/show_out_wrapper.php?run_id=110202&search_id=114132&scans_id=110198&peptide_id=22995&scanf=31103&charge=2&value=K.TPMENIGLQDSLLSR.F,MCM3,6.069e+6,3.698,0.000,3.442,0.000
31104,3,"  3.186","  0.390",17/52,/core/www/modules//sdig/index.php?run_id=110202&search_id=114132&scans_id=110198&peptide_id=22996&scanf=31104&charge=3&value=17/52,sp|P54136|SYRC_HUMAN,/core/www/modules//consensus/?run_id=110202&search_id=114132&scans_id=110198&peptide_id=22996&scanf=31104&charge=3&value=sp|P54136|SYRC_HUMAN,0,/core/www/modules/match_peptides/blast_html4.php?run_id=110202&search_id=114132&scans_id=110198&peptide_id=22996&scanf=31104&charge=3&value=0,K.VEIAGPGFINVHLR.K,/core/www/modules/show_out/show_out_wrapper.php?run_id=110202&search_id=114132&scans_id=110198&peptide_id=22996&scanf=31104&charge=3&value=K.VEIAGPGFINVHLR.K,RARS1,1.751e+7,2.897,0.006,2.256,0.000
31105,3,"  4.074","  0.625",16/44,/core/www/modules//sdig/index.php?run_id=110202&search_id=114132&scans_id=110198&peptide_id=22997&scanf=31105&charge=3&value=16/44,sp|O75691|UTP20_HUMAN,/core/www/modules//consensus/?run_id=110202&search_id=114132&scans_id=110198&peptide_id=22997&scanf=31105&charge=3&value=sp|O75691|UTP20_HUMAN,0,/core/www/modules/match_peptides/blast_html4.php?run_id=110202&search_id=114132&scans_id=110198&peptide_id=22997&scanf=31105&charge=3&value=0,R.KLLVPEIDEVMR.K,/core/www/modules/show_out/show_out_wrapper.php?run_id=110202&search_id=114132&scans_id=110198&peptide_id=22997&scanf=31105&charge=3&value=R.KLLVPEIDEVMR.K,UTP20,4.277e+6,3.609,0.000,3.309,0.000
31106,2,"  2.850","  0.523",11/22,/core/www/modules//sdig/index.php?run_id=110202&search_id=114132&scans_id=110198&peptide_id=22998&scanf=31106&charge=2&value=11/22,sp|P29372|3MG_HUMAN,/core/www/modules//consensus/?run_id=110202&search_id=114132&scans_id=110198&peptide_id=22998&scanf=31106&charge=2&value=sp|P29372|3MG_HUMAN,1,/core/www/modules/match_peptides/blast_html4.php?run_id=110202&search_id=114132&scans_id=110198&peptide_id=22998&scanf=31106&charge=2&value=1,R.ALEPLEGLETMR.Q,/core/www/modules/show_out/show_out_wrapper.php?run_id=110202&search_id=114132&scans_id=110198&peptide_id=22998&scanf=31106&charge=2&value=R.ALEPLEGLETMR.Q,MPG,4.318e+6,3.098,0.003,2.554,0.000
31110,3,"  3.750","  0.630",13/48,/core/www/modules//sdig/index.php?run_id=110202&search_id=114132&scans_id=110198&peptide_id=23003&scanf=31110&charge=3&value=13/48,sp|Q6P2Q9|PRP8_HUMAN,/core/www/modules//consensus/?run_id=110202&search_id=114132&scans_id=110198&peptide_id=23003&scanf=31110&charge=3&value=sp|Q6P2Q9|PRP8_HUMAN,1,/core/www/modules/match_peptides/blast_html4.php?run_id=110202&search_id=114132&scans_id=110198&peptide_id=23003&scanf=31110&charge=3&value=1,R.RLTLEDLEDSWDR.G,/core/www/modules/show_out/show_out_wrapper.php?run_id=110202&search_id=114132&scans_id=110198&peptide_id=23003&scanf=31110&charge=3&value=R.RLTLEDLEDSWDR.G,PRPF8,9.361e+6,3.674,0.000,3.406,0.000
31111,4,"  2.826","  0.496",21/96,/core/www/modules//sdig/index.php?run_id=110202&search_id=114132&scans_id=110198&peptide_id=23004&scanf=31111&charge=4&value=21/96,sp|Q96HP0|DOCK6_HUMAN,/core/www/modules//consensus/?run_id=110202&search_id=114132&scans_id=110198&peptide_id=23004&scanf=31111&charge=4&value=sp|Q96HP0|DOCK6_HUMAN,2,/core/www/modules/match_peptides/blast_html4.php?run_id=110202&search_id=114132&scans_id=110198&peptide_id=23004&scanf=31111&charge=4&value=2,R.LASPEPLVAFSHHVLDK.L,/core/www/modules/show_out/show_out_wrapper.php?run_id=110202&search_id=114132&scans_id=110198&peptide_id=23004&scanf=31111&charge=4&value=R.LASPEPLVAFSHHVLDK.L,DOCK6,1.366e+6,3.364,0.001,2.947,0.000
31113,2,"  3.023","  0.489",11/28,/core/www/modules//sdig/index.php?run_id=110202&search_id=114132&scans_id=110198&peptide_id=23006&scanf=31113&charge=2&value=11/28,sp|Q86U86|PB1_HUMAN,/core/www/modules//consensus/?run_id=110202&search_id=114132&scans_id=110198&peptide_id=23006&scanf=31113&charge=2&value=sp|Q86U86|PB1_HUMAN,2,/core/www/modules/match_peptides/blast_html4.php?run_id=110202&search_id=114132&scans_id=110198&peptide_id=23006&scanf=31113&charge=2&value=2,K.NGEILLSPALSYTTK.H,/core/www/modules/show_out/show_out_wrapper.php?run_id=110202&search_id=114132&scans_id=110198&peptide_id=23006&scanf=31113&charge=2&value=K.NGEILLSPALSYTTK.H,PBRM1,2.195e+6,2.836,0.007,2.167,0.000
31115,3,"  5.133","  0.603",20/80,/core/www/modules//sdig/index.php?run_id=110202&search_id=114132&scans_id=110198&peptide_id=23008&scanf=31115&charge=3&value=20/80,sp|Q969S3|ZN622_HUMAN,/core/www/modules//consensus/?run_id=110202&search_id=114132&scans_id=110198&peptide_id=23008&scanf=31115&charge=3&value=sp|Q969S3|ZN622_HUMAN,0,/core/www/modules/match_peptides/blast_html4.php?run_id=110202&search_id=114132&scans_id=110198&peptide_id=23008&scanf=31115&charge=3&value=0,K.GLGVDSVDKDAMNAAIQQAIK.A,/core/www/modules/show_out/show_out_wrapper.php?run_id=110202&search_id=114132&scans_id=110198&peptide_id=23008&scanf=31115&charge=3&value=K.GLGVDSVDKDAMNAAIQQAIK.A,ZNF622,2.511e+6,2.933,0.005,2.309,0.000
31116,2,"  4.037","  0.638",15/32,/core/www/modules//sdig/index.php?run_id=110202&search_id=114132&scans_id=110198&peptide_id=23009&scanf=31116&charge=2&value=15/32,sp|Q9UIG0|BAZ1B_HUMAN,/core/www/modules//consensus/?run_id=110202&search_id=114132&scans_id=110198&peptide_id=23009&scanf=31116&charge=2&value=sp|Q9UIG0|BAZ1B_HUMAN,0,/core/www/modules/match_peptides/blast_html4.php?run_id=110202&search_id=114132&scans_id=110198&peptide_id=23009&scanf=31116&charge=2&value=0,R.AGTGENAPWVVEDELVK.K,/core/www/modules/show_out/show_out_wrapper.php?run_id=110202&search_id=114132&scans_id=110198&peptide_id=23009&scanf=31116&charge=2&value=R.AGTGENAPWVVEDELVK.K,BAZ1B,3.700e+6,3.397,0.001,2.996,0.000
31118,3,"  6.034","  0.654",22/72,/core/www/modules//sdig/index.php?run_id=110202&search_id=114132&scans_id=110198&peptide_id=23011&scanf=31118&charge=3&value=22/72,sp|P35580|MYH10_HUMAN,/core/www/modules//consensus/?run_id=110202&search_id=114132&scans_id=110198&peptide_id=23011&scanf=31118&charge=3&value=sp|P35580|MYH10_HUMAN,1,/core/www/modules/match_peptides/blast_html4.php?run_id=110202&search_id=114132&scans_id=110198&peptide_id=23011&scanf=31118&charge=3&value=1,K.NMDPLNDNVATLLHQSSDR.F,/core/www/modules/show_out/show_out_wrapper.php?run_id=110202&search_id=114132&scans_id=110198&peptide_id=23011&scanf=31118&charge=3&value=K.NMDPLNDNVATLLHQSSDR.F,MYH10,4.184e+6,3.796,0.000,3.587,0.000
31123,3,"  3.709","  0.422",16/52,/core/www/modules//sdig/index.php?run_id=110202&search_id=114132&scans_id=110198&peptide_id=23016&scanf=31123&charge=3&value=16/52,sp|P54136|SYRC_HUMAN,/core/www/modules//consensus/?run_id=110202&search_id=114132&scans_id=110198&peptide_id=23016&scanf=31123&charge=3&value=sp|P54136|SYRC_HUMAN,0,/core/www/modules/match_peptides/blast_html4.php?run_id=110202&search_id=114132&scans_id=110198&peptide_id=23016&scanf=31123&charge=3&value=0,K.VEIAGPGFINVHLR.K,/core/www/modules/show_out/show_out_wrapper.php?run_id=110202&search_id=114132&scans_id=110198&peptide_id=23016&scanf=31123&charge=3&value=K.VEIAGPGFINVHLR.K,RARS1,1.751e+7,3.013,0.004,2.428,0.000
31124,2,"  3.162","  0.450",11/20,/core/www/modules//sdig/index.php?run_id=110202&search_id=114132&scans_id=110198&peptide_id=23017&scanf=31124&charge=2&value=11/20,sp|Q8WXX5|DNJC9_HUMAN,/core/www/modules//consensus/?run_id=110202&search_id=114132&scans_id=110198&peptide_id=23017&scanf=31124&charge=2&value=sp|Q8WXX5|DNJC9_HUMAN,0,/core/www/modules/match_peptides/blast_html4.php?run_id=110202&search_id=114132&scans_id=110198&peptide_id=23017&scanf=31124&charge=2&value=0,K.ISLEDIQAFEK.T,/core/www/modules/show_out/show_out_wrapper.php?run_id=110202&search_id=114132&scans_id=110198&peptide_id=23017&scanf=31124&charge=2&value=K.ISLEDIQAFEK.T,DNAJC9,6.052e+6,3.006,0.004,2.417,0.000
31125,2,"  3.167","  0.531",13/20,/core/www/modules//sdig/index.php?run_id=110202&search_id=114132&scans_id=110198&peptide_id=23018&scanf=31125&charge=2&value=13/20,sp|Q13206|DDX10_HUMAN,/core/www/modules//consensus/?run_id=110202&search_id=114132&scans_id=110198&peptide_id=23018&scanf=31125&charge=2&value=sp|Q13206|DDX10_HUMAN,7,/core/www/modules/match_peptides/blast_html4.php?run_id=110202&search_id=114132&scans_id=110198&peptide_id=23018&scanf=31125&charge=2&value=7,R.ELAYQTFEVLR.K,/core/www/modules/show_out/show_out_wrapper.php?run_id=110202&search_id=114132&scans_id=110198&peptide_id=23018&scanf=31125&charge=2&value=R.ELAYQTFEVLR.K,DDX10,9.248e+6,3.461,0.001,3.090,0.000
31126,3,"  3.153","  0.484",13/56,/core/www/modules//sdig/index.php?run_id=110202&search_id=114132&scans_id=110198&peptide_id=23019&scanf=31126&charge=3&value=13/56,sp|Q15029|U5S1_HUMAN,/core/www/modules//consensus/?run_id=110202&search_id=114132&scans_id=110198&peptide_id=23019&scanf=31126&charge=3&value=sp|Q15029|U5S1_HUMAN,0,/core/www/modules/match_peptides/blast_html4.php?run_id=110202&search_id=114132&scans_id=110198&peptide_id=23019&scanf=31126&charge=3&value=0,K.ILAQVVGDVDTSLPR.T,/core/www/modules/show_out/show_out_wrapper.php?run_id=110202&search_id=114132&scans_id=110198&peptide_id=23019&scanf=31126&charge=3&value=K.ILAQVVGDVDTSLPR.T,EFTUD2,1.339e+7,3.073,0.003,2.516,0.000
31128,4,"  5.834","  0.561",20/192,/core/www/modules//sdig/index.php?run_id=110202&search_id=114132&scans_id=110198&peptide_id=23021&scanf=31128&charge=4&value=20/192,sp|Q9NY61|AATF_HUMAN,/core/www/modules//consensus/?run_id=110202&search_id=114132&scans_id=110198&peptide_id=23021&scanf=31128&charge=4&value=sp|Q9NY61|AATF_HUMAN,8,/core/www/modules/match_peptides/blast_html4.php?run_id=110202&search_id=114132&scans_id=110198&peptide_id=23021&scanf=31128&charge=4&value=8,R.VLGKPEPAAQPVPESLPGEPEILPQAPANAHLK.D,/core/www/modules/show_out/show_out_wrapper.php?run_id=110202&search_id=114132&scans_id=110198&peptide_id=23021&scanf=31128&charge=4&value=R.VLGKPEPAAQPVPESLPGEPEILPQAPANAHLK.D,AATF,4.512e+6,2.962,0.004,2.352,0.000
31130,3,"  3.294","  0.539",13/52,/core/www/modules//sdig/index.php?run_id=110202&search_id=114132&scans_id=110198&peptide_id=23024&scanf=31130&charge=3&value=13/52,sp|P62195|PRS8_HUMAN,/core/www/modules//consensus/?run_id=110202&search_id=114132&scans_id=110198&peptide_id=23024&scanf=31130&charge=3&value=sp|P62195|PRS8_HUMAN,7,/core/www/modules/match_peptides/blast_html4.php?run_id=110202&search_id=114132&scans_id=110198&peptide_id=23024&scanf=31130&charge=3&value=7,K.HPELFEALGIAQPK.G,/core/www/modules/show_out/show_out_wrapper.php?run_id=110202&search_id=114132&scans_id=110198&peptide_id=23024&scanf=31130&charge=3&value=K.HPELFEALGIAQPK.G,PSMC5,1.452e+7,3.333,0.001,2.901,0.000
31131,3,"  3.175","  0.394",11/80,/core/www/modules//sdig/index.php?run_id=110202&search_id=114132&scans_id=110198&peptide_id=23025&scanf=31131&charge=3&value=11/80,sp|Q9UPN3|MACF1_HUMAN,/core/www/modules//consensus/?run_id=110202&search_id=114132&scans_id=110198&peptide_id=23025&scanf=31131&charge=3&value=sp|Q9UPN3|MACF1_HUMAN,5,/core/www/modules/match_peptides/blast_html4.php?run_id=110202&search_id=114132&scans_id=110198&peptide_id=23025&scanf=31131&charge=3&value=5,K.LLSDTVASDPGVLQEQLATTK.Q,/core/www/modules/show_out/show_out_wrapper.php?run_id=110202&search_id=114132&scans_id=110198&peptide_id=23025&scanf=31131&charge=3&value=K.LLSDTVASDPGVLQEQLATTK.Q,MACF1,1.639e+6,2.369,0.033,1.485,0.001
31138,2,"  2.745","  0.457",9/18,/core/www/modules//sdig/index.php?run_id=110202&search_id=114132&scans_id=110198&peptide_id=23032&scanf=31138&charge=2&value=9/18,sp|P51784|UBP11_HUMAN,/core/www/modules//consensus/?run_id=110202&search_id=114132&scans_id=110198&peptide_id=23032&scanf=31138&charge=2&value=sp|P51784|UBP11_HUMAN,1,/core/www/modules/match_peptides/blast_html4.php?run_id=110202&search_id=114132&scans_id=110198&peptide_id=23032&scanf=31138&charge=2&value=1,R.EDIVVPVYLR.E,/core/www/modules/show_out/show_out_wrapper.php?run_id=110202&search_id=114132&scans_id=110198&peptide_id=23032&scanf=31138&charge=2&value=R.EDIVVPVYLR.E,USP11,2.126e+6,2.975,0.004,2.371,0.000
31139,3,"  2.751","  0.413",12/48,/core/www/modules//sdig/index.php?run_id=110202&search_id=114132&scans_id=110198&peptide_id=23033&scanf=31139&charge=3&value=12/48,sp|Q14566|MCM6_HUMAN,/core/www/modules//consensus/?run_id=110202&search_id=114132&scans_id=110198&peptide_id=23033&scanf=31139&charge=3&value=sp|Q14566|MCM6_HUMAN,0,/core/www/modules/match_peptides/blast_html4.php?run_id=110202&search_id=114132&scans_id=110198&peptide_id=23033&scanf=31139&charge=3&value=0,K.YLQLAEELIRPER.N,/core/www/modules/show_out/show_out_wrapper.php?run_id=110202&search_id=114132&scans_id=110198&peptide_id=23033&scanf=31139&charge=3&value=K.YLQLAEELIRPER.N,MCM6,1.127e+7,2.838,0.007,2.170,0.000
31140,3,"  1.817","  0.381",12/56,/core/www/modules//sdig/index.php?run_id=110202&search_id=114132&scans_id=110198&peptide_id=23035&scanf=31140&charge=3&value=12/56,sp|P82650|RT22_HUMAN,/core/www/modules//consensus/?run_id=110202&search_id=114132&scans_id=110198&peptide_id=23035&scanf=31140&charge=3&value=sp|P82650|RT22_HUMAN,6,/core/www/modules/match_peptides/blast_html4.php?run_id=110202&search_id=114132&scans_id=110198&peptide_id=23035&scanf=31140&charge=3&value=6,K.KPTFMDEEVQSILTK.M,/core/www/modules/show_out/show_out_wrapper.php?run_id=110202&search_id=114132&scans_id=110198&peptide_id=23035&scanf=31140&charge=3&value=K.KPTFMDEEVQSILTK.M,MRPS22,2.586e+6,2.552,0.018,1.750,0.000
31143,3,"  2.109","  0.322",13/44,/core/www/modules//sdig/index.php?run_id=110202&search_id=114132&scans_id=110198&peptide_id=23037&scanf=31143&charge=3&value=13/44,sp|A6NHR9|SMHD1_HUMAN,/core/www/modules//consensus/?run_id=110202&search_id=114132&scans_id=110198&peptide_id=23037&scanf=31143&charge=3&value=sp|A6NHR9|SMHD1_HUMAN,1,/core/www/modules/match_peptides/blast_html4.php?run_id=110202&search_id=114132&scans_id=110198&peptide_id=23037&scanf=31143&charge=3&value=1,R.IDFLPHYDTLVK.S,/core/www/modules/show_out/show_out_wrapper.php?run_id=110202&search_id=114132&scans_id=110198&peptide_id=23037&scanf=31143&charge=3&value=R.IDFLPHYDTLVK.S,SMCHD1,7.451e+7,2.705,0.011,1.973,0.000
31144,2,"  3.731","  0.539",12/22,/core/www/modules//sdig/index.php?run_id=110202&search_id=114132&scans_id=110198&peptide_id=23038&scanf=31144&charge=2&value=12/22,sp|P13010|XRCC5_HUMAN,/core/www/modules//consensus/?run_id=110202&search_id=114132&scans_id=110198&peptide_id=23038&scanf=31144&charge=2&value=sp|P13010|XRCC5_HUMAN,0,/core/www/modules/match_peptides/blast_html4.php?run_id=110202&search_id=114132&scans_id=110198&peptide_id=23038&scanf=31144&charge=2&value=0,K.TDTLEDLFPTTK.I,/core/www/modules/show_out/show_out_wrapper.php?run_id=110202&search_id=114132&scans_id=110198&peptide_id=23038&scanf=31144&charge=2&value=K.TDTLEDLFPTTK.I,XRCC5,8.655e+7,3.445,0.001,3.067,0.000
31145,2,"  3.349","  0.596",14/22,/core/www/modules//sdig/index.php?run_id=110202&search_id=114132&scans_id=110198&peptide_id=23039&scanf=31145&charge=2&value=14/22,sp|P78347|GTF2I_HUMAN,/core/www/modules//consensus/?run_id=110202&search_id=114132&scans_id=110198&peptide_id=23039&scanf=31145&charge=2&value=sp|P78347|GTF2I_HUMAN,2,/core/www/modules/match_peptides/blast_html4.php?run_id=110202&search_id=114132&scans_id=110198&peptide_id=23039&scanf=31145&charge=2&value=2,K.FGEAIGMGFPVK.V,/core/www/modules/show_out/show_out_wrapper.php?run_id=110202&search_id=114132&scans_id=110198&peptide_id=23039&scanf=31145&charge=2&value=K.FGEAIGMGFPVK.V,GTF2I,1.387e+7,3.712,0.000,3.462,0.000
31146,2,"  2.975","  0.591",11/16,/core/www/modules//sdig/index.php?run_id=110202&search_id=114132&scans_id=110198&peptide_id=23040&scanf=31146&charge=2&value=11/16,sp|O43447|PPIH_HUMAN,/core/www/modules//consensus/?run_id=110202&search_id=114132&scans_id=110198&peptide_id=23040&scanf=31146&charge=2&value=sp|O43447|PPIH_HUMAN,3,/core/www/modules/match_peptides/blast_html4.php?run_id=110202&search_id=114132&scans_id=110198&peptide_id=23040&scanf=31146&charge=2&value=3,K.IIDGLLVMR.K,/core/www/modules/show_out/show_out_wrapper.php?run_id=110202&search_id=114132&scans_id=110198&peptide_id=23040&scanf=31146&charge=2&value=K.IIDGLLVMR.K,PPIH,1.482e+7,3.741,0.000,3.506,0.000
31147,2,"  3.607","  0.658",17/30,/core/www/modules//sdig/index.php?run_id=110202&search_id=114132&scans_id=110198&peptide_id=23041&scanf=31147&charge=2&value=17/30,sp|P11387|TOP1_HUMAN,/core/www/modules//consensus/?run_id=110202&search_id=114132&scans_id=110198&peptide_id=23041&scanf=31147&charge=2&value=sp|P11387|TOP1_HUMAN,0,/core/www/modules/match_peptides/blast_html4.php?run_id=110202&search_id=114132&scans_id=110198&peptide_id=23041&scanf=31147&charge=2&value=0,K.GPVFAPPYEPLPENVK.F,/core/www/modules/show_out/show_out_wrapper.php?run_id=110202&search_id=114132&scans_id=110198&peptide_id=23041&scanf=31147&charge=2&value=K.GPVFAPPYEPLPENVK.F,TOP1,6.621e+7,3.701,0.000,3.447,0.000
31148,2,"  2.762","  0.343",13/22,/core/www/modules//sdig/index.php?run_id=110202&search_id=114132&scans_id=110198&peptide_id=23042&scanf=31148&charge=2&value=13/22,sp|Q15149|PLEC_HUMAN,/core/www/modules//consensus/?run_id=110202&search_id=114132&scans_id=110198&peptide_id=23042&scanf=31148&charge=2&value=sp|Q15149|PLEC_HUMAN,5,/core/www/modules/match_peptides/blast_html4.php?run_id=110202&search_id=114132&scans_id=110198&peptide_id=23042&scanf=31148&charge=2&value=5,R.SLVPAAELLESR.V,/core/www/modules/show_out/show_out_wrapper.php?run_id=110202&search_id=114132&scans_id=110198&peptide_id=23042&scanf=31148&charge=2&value=R.SLVPAAELLESR.V,PLEC,2.507e+7,3.229,0.002,2.747,0.000
31149,3,"  4.621","  0.517",11/56,/core/www/modules//sdig/index.php?run_id=110202&search_id=114132&scans_id=110198&peptide_id=23043&scanf=31149&charge=3&value=11/56,sp|Q29RF7|PDS5A_HUMAN,/core/www/modules//consensus/?run_id=110202&search_id=114132&scans_id=110198&peptide_id=23043&scanf=31149&charge=3&value=sp|Q29RF7|PDS5A_HUMAN,0,/core/www/modules/match_peptides/blast_html4.php?run_id=110202&search_id=114132&scans_id=110198&peptide_id=23043&scanf=31149&charge=3&value=0,R.M*EDDKVAEAAIQIFR.N,/core/www/modules/show_out/show_out_wrapper.php?run_id=110202&search_id=114132&scans_id=110198&peptide_id=23043&scanf=31149&charge=3&value=R.M*EDDKVAEAAIQIFR.N,PDS5A,2.863e+6,2.932,0.005,2.308,0.000
31150,2,"  4.144","  0.214",16/36,/core/www/modules//sdig/index.php?run_id=110202&search_id=114132&scans_id=110198&peptide_id=23044&scanf=31150&charge=2&value=16/36,IgG1b_bovine,/core/www/modules//consensus/?run_id=110202&search_id=114132&scans_id=110198&peptide_id=23044&scanf=31150&charge=2&value=IgG1b_bovine,1,/core/www/modules/match_peptides/blast_html4.php?run_id=110202&search_id=114132&scans_id=110198&peptide_id=23044&scanf=31150&charge=2&value=1,K.YGTTPPQLDADSSYFLYSK.L,/core/www/modules/show_out/show_out_wrapper.php?run_id=110202&search_id=114132&scans_id=110198&peptide_id=23044&scanf=31150&charge=2&value=K.YGTTPPQLDADSSYFLYSK.L,,3.871e+6,1.818,0.182,0.740,0.010
31153,2,"  2.101","  0.324",11/12,/core/www/modules//sdig/index.php?run_id=110202&search_id=114132&scans_id=110198&peptide_id=23047&scanf=31153&charge=2&value=11/12,sp|P04908|H2A1B_HUMAN,/core/www/modules//consensus/?run_id=110202&search_id=114132&scans_id=110198&peptide_id=23047&scanf=31153&charge=2&value=sp|P04908|H2A1B_HUMAN,20,/core/www/modules/match_peptides/blast_html4.php?run_id=110202&search_id=114132&scans_id=110198&peptide_id=23047&scanf=31153&charge=2&value=20,R.HLQLAIR.N,/core/www/modules/show_out/show_out_wrapper.php?run_id=110202&search_id=114132&scans_id=110198&peptide_id=23047&scanf=31153&charge=2&value=R.HLQLAIR.N,H2AC8,4.853e+6,3.425,0.001,3.037,0.000
31156,2,"  3.010","  0.445",10/24,/core/www/modules//sdig/index.php?run_id=110202&search_id=114132&scans_id=110198&peptide_id=23050&scanf=31156&charge=2&value=10/24,sp|P62495|ERF1_HUMAN,/core/www/modules//consensus/?run_id=110202&search_id=114132&scans_id=110198&peptide_id=23050&scanf=31156&charge=2&value=sp|P62495|ERF1_HUMAN,4,/core/www/modules/match_peptides/blast_html4.php?run_id=110202&search_id=114132&scans_id=110198&peptide_id=23050&scanf=31156&charge=2&value=4,R.LSVLGAITSVQQR.L,/core/www/modules/show_out/show_out_wrapper.php?run_id=110202&search_id=114132&scans_id=110198&peptide_id=23050&scanf=31156&charge=2&value=R.LSVLGAITSVQQR.L,ETF1,8.503e+6,2.736,0.010,2.019,0.000
31159,3,"  3.065","  0.331",11/64,/core/www/modules//sdig/index.php?run_id=110202&search_id=114132&scans_id=110198&peptide_id=23053&scanf=31159&charge=3&value=11/64,sp|Q7Z6Z7|HUWE1_HUMAN,/core/www/modules//consensus/?run_id=110202&search_id=114132&scans_id=110198&peptide_id=23053&scanf=31159&charge=3&value=sp|Q7Z6Z7|HUWE1_HUMAN,0,/core/www/modules/match_peptides/blast_html4.php?run_id=110202&search_id=114132&scans_id=110198&peptide_id=23053&scanf=31159&charge=3&value=0,K.TTPLKPSPLPVIPDTIK.E,/core/www/modules/show_out/show_out_wrapper.php?run_id=110202&search_id=114132&scans_id=110198&peptide_id=23053&scanf=31159&charge=3&value=K.TTPLKPSPLPVIPDTIK.E,HUWE1,4.669e+6,2.319,0.039,1.414,0.001
31160,3,"  3.334","  0.371",12/48,/core/www/modules//sdig/index.php?run_id=110202&search_id=114132&scans_id=110198&peptide_id=23055&scanf=31160&charge=3&value=12/48,sp|Q9UK61|TASOR_HUMAN,/core/www/modules//consensus/?run_id=110202&search_id=114132&scans_id=110198&peptide_id=23055&scanf=31160&charge=3&value=sp|Q9UK61|TASOR_HUMAN,0,/core/www/modules/match_peptides/blast_html4.php?run_id=110202&search_id=114132&scans_id=110198&peptide_id=23055&scanf=31160&charge=3&value=0,K.LDVETVMSIDHLK.Q,/core/www/modules/show_out/show_out_wrapper.php?run_id=110202&search_id=114132&scans_id=110198&peptide_id=23055&scanf=31160&charge=3&value=K.LDVETVMSIDHLK.Q,TASOR,4.086e+6,2.765,0.009,2.061,0.000
31161,2,"  4.378","  0.552",13/28,/core/www/modules//sdig/index.php?run_id=110202&search_id=114132&scans_id=110198&peptide_id=23056&scanf=31161&charge=2&value=13/28,sp|O75817|POP7_HUMAN,/core/www/modules//consensus/?run_id=110202&search_id=114132&scans_id=110198&peptide_id=23056&scanf=31161&charge=2&value=sp|O75817|POP7_HUMAN,1,/core/www/modules/match_peptides/blast_html4.php?run_id=110202&search_id=114132&scans_id=110198&peptide_id=23056&scanf=31161&charge=2&value=1,R.GAVEAELDPVEYTLR.K,/core/www/modules/show_out/show_out_wrapper.php?run_id=110202&search_id=114132&scans_id=110198&peptide_id=23056&scanf=31161&charge=2&value=R.GAVEAELDPVEYTLR.K,POP7,1.731e+6,3.123,0.003,2.590,0.000
31166,3,"  5.920","  0.682",22/72,/core/www/modules//sdig/index.php?run_id=110202&search_id=114132&scans_id=110198&peptide_id=23060&scanf=31166&charge=3&value=22/72,sp|P35580|MYH10_HUMAN,/core/www/modules//consensus/?run_id=110202&search_id=114132&scans_id=110198&peptide_id=23060&scanf=31166&charge=3&value=sp|P35580|MYH10_HUMAN,1,/core/www/modules/match_peptides/blast_html4.php?run_id=110202&search_id=114132&scans_id=110198&peptide_id=23060&scanf=31166&charge=3&value=1,K.NMDPLNDNVATLLHQSSDR.F,/core/www/modules/show_out/show_out_wrapper.php?run_id=110202&search_id=114132&scans_id=110198&peptide_id=23060&scanf=31166&charge=3&value=K.NMDPLNDNVATLLHQSSDR.F,MYH10,4.184e+6,3.879,0.000,3.711,0.000
31167,3,"  3.429","  0.507",15/80,/core/www/modules//sdig/index.php?run_id=110202&search_id=114132&scans_id=110198&peptide_id=23061&scanf=31167&charge=3&value=15/80,sp|P60709|ACTB_HUMAN,/core/www/modules//consensus/?run_id=110202&search_id=114132&scans_id=110198&peptide_id=23061&scanf=31167&charge=3&value=sp|P60709|ACTB_HUMAN,6,/core/www/modules/match_peptides/blast_html4.php?run_id=110202&search_id=114132&scans_id=110198&peptide_id=23061&scanf=31167&charge=3&value=6,K.DLYANTVLSGGTTM*YPGIADR.M,/core/www/modules/show_out/show_out_wrapper.php?run_id=110202&search_id=114132&scans_id=110198&peptide_id=23061&scanf=31167&charge=3&value=K.DLYANTVLSGGTTM*YPGIADR.M,ACTB,4.326e+7,3.330,0.001,2.896,0.000
31168,2,"  4.288","  0.646",18/30,/core/www/modules//sdig/index.php?run_id=110202&search_id=114132&scans_id=110198&peptide_id=23062&scanf=31168&charge=2&value=18/30,sp|P78527|PRKDC_HUMAN,/core/www/modules//consensus/?run_id=110202&search_id=114132&scans_id=110198&peptide_id=23062&scanf=31168&charge=2&value=sp|P78527|PRKDC_HUMAN,1,/core/www/modules/match_peptides/blast_html4.php?run_id=110202&search_id=114132&scans_id=110198&peptide_id=23062&scanf=31168&charge=2&value=1,K.TVSLLDENNVSSYLSK.N,/core/www/modules/show_out/show_out_wrapper.php?run_id=110202&search_id=114132&scans_id=110198&peptide_id=23062&scanf=31168&charge=2&value=K.TVSLLDENNVSSYLSK.N,PRKDC,3.907e+7,4.468,0.000,4.584,0.000
31173,2,"  2.792","  0.394",8/18,/core/www/modules//sdig/index.php?run_id=110202&search_id=114132&scans_id=110198&peptide_id=23068&scanf=31173&charge=2&value=8/18,sp|P51784|UBP11_HUMAN,/core/www/modules//consensus/?run_id=110202&search_id=114132&scans_id=110198&peptide_id=23068&scanf=31173&charge=2&value=sp|P51784|UBP11_HUMAN,1,/core/www/modules/match_peptides/blast_html4.php?run_id=110202&search_id=114132&scans_id=110198&peptide_id=23068&scanf=31173&charge=2&value=1,R.EDIVVPVYLR.E,/core/www/modules/show_out/show_out_wrapper.php?run_id=110202&search_id=114132&scans_id=110198&peptide_id=23068&scanf=31173&charge=2&value=R.EDIVVPVYLR.E,USP11,2.126e+6,2.698,0.011,1.963,0.000
31174,2,"  2.898","  0.603",11/18,/core/www/modules//sdig/index.php?run_id=110202&search_id=114132&scans_id=110198&peptide_id=23069&scanf=31174&charge=2&value=11/18,sp|Q9BR76|COR1B_HUMAN,/core/www/modules//consensus/?run_id=110202&search_id=114132&scans_id=110198&peptide_id=23069&scanf=31174&charge=2&value=sp|Q9BR76|COR1B_HUMAN,0,/core/www/modules/match_peptides/blast_html4.php?run_id=110202&search_id=114132&scans_id=110198&peptide_id=23069&scanf=31174&charge=2&value=0,R.DADPILISLR.E,/core/www/modules/show_out/show_out_wrapper.php?run_id=110202&search_id=114132&scans_id=110198&peptide_id=23069&scanf=31174&charge=2&value=R.DADPILISLR.E,CORO1B,3.750e+7,3.660,0.000,3.385,0.000
31180,2,"  4.082","  0.595",17/28,/core/www/modules//sdig/index.php?run_id=110202&search_id=114132&scans_id=110198&peptide_id=23076&scanf=31180&charge=2&value=17/28,sp|P53396|ACLY_HUMAN,/core/www/modules//consensus/?run_id=110202&search_id=114132&scans_id=110198&peptide_id=23076&scanf=31180&charge=2&value=sp|P53396|ACLY_HUMAN,0,/core/www/modules/match_peptides/blast_html4.php?run_id=110202&search_id=114132&scans_id=110198&peptide_id=23076&scanf=31180&charge=2&value=0,K.IGNTGGMLDNILASK.L,/core/www/modules/show_out/show_out_wrapper.php?run_id=110202&search_id=114132&scans_id=110198&peptide_id=23076&scanf=31180&charge=2&value=K.IGNTGGMLDNILASK.L,ACLY,7.676e+6,3.552,0.001,3.225,0.000
31194,2,"  1.054","  0.444",8/26,/core/www/modules//sdig/index.php?run_id=110202&search_id=114132&scans_id=110198&peptide_id=23090&scanf=31194&charge=2&value=8/26,sp|Q13823|NOG2_HUMAN,/core/www/modules//consensus/?run_id=110202&search_id=114132&scans_id=110198&peptide_id=23090&scanf=31194&charge=2&value=sp|Q13823|NOG2_HUMAN,1,/core/www/modules/match_peptides/blast_html4.php?run_id=110202&search_id=114132&scans_id=110198&peptide_id=23090&scanf=31194&charge=2&value=1,K.QISVGFIGYPNVGK.S,/core/www/modules/show_out/show_out_wrapper.php?run_id=110202&search_id=114132&scans_id=110198&peptide_id=23090&scanf=31194&charge=2&value=K.QISVGFIGYPNVGK.S,GNL2,5.048e+6,2.440,0.026,1.588,0.001
31200,3,"  3.704","  0.585",22/88,/core/www/modules//sdig/index.php?run_id=110202&search_id=114132&scans_id=110198&peptide_id=23097&scanf=31200&charge=3&value=22/88,sp|Q9Y2T2|AP3M1_HUMAN,/core/www/modules//consensus/?run_id=110202&search_id=114132&scans_id=110198&peptide_id=23097&scanf=31200&charge=3&value=sp|Q9Y2T2|AP3M1_HUMAN,0,/core/www/modules/match_peptides/blast_html4.php?run_id=110202&search_id=114132&scans_id=110198&peptide_id=23097&scanf=31200&charge=3&value=0,K.GLVNLQSGAPKPEENPSLNIQFK.I,/core/www/modules/show_out/show_out_wrapper.php?run_id=110202&search_id=114132&scans_id=110198&peptide_id=23097&scanf=31200&charge=3&value=K.GLVNLQSGAPKPEENPSLNIQFK.I,AP3M1,2.448e+6,3.053,0.003,2.486,0.000
31203,2,"  1.742","  0.236",7/14,/core/www/modules//sdig/index.php?run_id=110202&search_id=114132&scans_id=110198&peptide_id=23100&scanf=31203&charge=2&value=7/14,sp|P30085|KCY_HUMAN,/core/www/modules//consensus/?run_id=110202&search_id=114132&scans_id=110198&peptide_id=23100&scanf=31203&charge=2&value=sp|P30085|KCY_HUMAN,3,/core/www/modules/match_peptides/blast_html4.php?run_id=110202&search_id=114132&scans_id=110198&peptide_id=23100&scanf=31203&charge=2&value=3,K.FLIDGFPR.N,/core/www/modules/show_out/show_out_wrapper.php?run_id=110202&search_id=114132&scans_id=110198&peptide_id=23100&scanf=31203&charge=2&value=K.FLIDGFPR.N,CMPK1,1.672e+6,2.249,0.048,1.314,0.002
31208,4,"  5.996","  0.543",24/126,/core/www/modules//sdig/index.php?run_id=110202&search_id=114132&scans_id=110198&peptide_id=23104&scanf=31208&charge=4&value=24/126,sp|O60832|DKC1_HUMAN,/core/www/modules//consensus/?run_id=110202&search_id=114132&scans_id=110198&peptide_id=23104&scanf=31208&charge=4&value=sp|O60832|DKC1_HUMAN,11,/core/www/modules/match_peptides/blast_html4.php?run_id=110202&search_id=114132&scans_id=110198&peptide_id=23104&scanf=31208&charge=4&value=11,R.TGFINLDKPSNPSSHEVVAWIR.R,/core/www/modules/show_out/show_out_wrapper.php?run_id=110202&search_id=114132&scans_id=110198&peptide_id=23104&scanf=31208&charge=4&value=R.TGFINLDKPSNPSSHEVVAWIR.R,DKC1,1.482e+7,3.505,0.001,3.156,0.000
31209,3,"  5.756","  0.578",18/76,/core/www/modules//sdig/index.php?run_id=110202&search_id=114132&scans_id=110198&peptide_id=23105&scanf=31209&charge=3&value=18/76,sp|P56545|CTBP2_HUMAN,/core/www/modules//consensus/?run_id=110202&search_id=114132&scans_id=110198&peptide_id=23105&scanf=31209&charge=3&value=sp|P56545|CTBP2_HUMAN,0,/core/www/modules/match_peptides/blast_html4.php?run_id=110202&search_id=114132&scans_id=110198&peptide_id=23105&scanf=31209&charge=3&value=0,R.GAALDVHESEPFSFAQGPLK.D,/core/www/modules/show_out/show_out_wrapper.php?run_id=110202&search_id=114132&scans_id=110198&peptide_id=23105&scanf=31209&charge=3&value=R.GAALDVHESEPFSFAQGPLK.D,CTBP2,5.681e+6,3.254,0.002,2.783,0.000
31211,2,"  2.136","  0.354",8/14,/core/www/modules//sdig/index.php?run_id=110202&search_id=114132&scans_id=110198&peptide_id=23108&scanf=31211&charge=2&value=8/14,sp|P62805|H4_HUMAN,/core/www/modules//consensus/?run_id=110202&search_id=114132&scans_id=110198&peptide_id=23108&scanf=31211&charge=2&value=sp|P62805|H4_HUMAN,0,/core/www/modules/match_peptides/blast_html4.php?run_id=110202&search_id=114132&scans_id=110198&peptide_id=23108&scanf=31211&charge=2&value=0,K.VFLENVIR.D,/core/www/modules/show_out/show_out_wrapper.php?run_id=110202&search_id=114132&scans_id=110198&peptide_id=23108&scanf=31211&charge=2&value=K.VFLENVIR.D,H4C16,1.606e+9,2.924,0.005,2.296,0.000
31212,3,"  4.424","  0.541",19/76,/core/www/modules//sdig/index.php?run_id=110202&search_id=114132&scans_id=110198&peptide_id=23109&scanf=31212&charge=3&value=19/76,sp|P0DPH7|TBA3C_HUMAN,/core/www/modules//consensus/?run_id=110202&search_id=114132&scans_id=110198&peptide_id=23109&scanf=31212&charge=3&value=sp|P0DPH7|TBA3C_HUMAN,8,/core/www/modules/match_peptides/blast_html4.php?run_id=110202&search_id=114132&scans_id=110198&peptide_id=23109&scanf=31212&charge=3&value=8,R.AFVHWYVGEGMEEGEFSEAR.E,/core/www/modules/show_out/show_out_wrapper.php?run_id=110202&search_id=114132&scans_id=110198&peptide_id=23109&scanf=31212&charge=3&value=R.AFVHWYVGEGMEEGEFSEAR.E,TUBA3C,3.074e+7,3.122,0.003,2.588,0.000
31215,3,"  5.292","  0.639",20/92,/core/www/modules//sdig/index.php?run_id=110202&search_id=114132&scans_id=110198&peptide_id=23112&scanf=31215&charge=3&value=20/92,sp|O75909|CCNK_HUMAN,/core/www/modules//consensus/?run_id=110202&search_id=114132&scans_id=110198&peptide_id=23112&scanf=31215&charge=3&value=sp|O75909|CCNK_HUMAN,0,/core/www/modules/match_peptides/blast_html4.php?run_id=110202&search_id=114132&scans_id=110198&peptide_id=23112&scanf=31215&charge=3&value=0,R.KPPLAAALGEAEPPGPVDATDLPK.V,/core/www/modules/show_out/show_out_wrapper.php?run_id=110202&search_id=114132&scans_id=110198&peptide_id=23112&scanf=31215&charge=3&value=R.KPPLAAALGEAEPPGPVDATDLPK.V,CCNK,3.505e+6,3.279,0.002,2.820,0.000
31216,3,"  2.877","  0.361",11/56,/core/www/modules//sdig/index.php?run_id=110202&search_id=114132&scans_id=110198&peptide_id=23113&scanf=31216&charge=3&value=11/56,sp|O43143|DHX15_HUMAN,/core/www/modules//consensus/?run_id=110202&search_id=114132&scans_id=110198&peptide_id=23113&scanf=31216&charge=3&value=sp|O43143|DHX15_HUMAN,0,/core/www/modules/match_peptides/blast_html4.php?run_id=110202&search_id=114132&scans_id=110198&peptide_id=23113&scanf=31216&charge=3&value=0,K.ALVTGYFM*QVAHLER.T,/core/www/modules/show_out/show_out_wrapper.php?run_id=110202&search_id=114132&scans_id=110198&peptide_id=23113&scanf=31216&charge=3&value=K.ALVTGYFM*QVAHLER.T,DHX15,3.366e+6,2.477,0.023,1.641,0.001
31219,3,"  1.811","  0.314",10/40,/core/www/modules//sdig/index.php?run_id=110202&search_id=114132&scans_id=110198&peptide_id=23116&scanf=31219&charge=3&value=10/40,sp|P22314|UBA1_HUMAN,/core/www/modules//consensus/?run_id=110202&search_id=114132&scans_id=110198&peptide_id=23116&scanf=31219&charge=3&value=sp|P22314|UBA1_HUMAN,0,/core/www/modules/match_peptides/blast_html4.php?run_id=110202&search_id=114132&scans_id=110198&peptide_id=23116&scanf=31219&charge=3&value=0,R.QFLFRPWDVTK.L,/core/www/modules/show_out/show_out_wrapper.php?run_id=110202&search_id=114132&scans_id=110198&peptide_id=23116&scanf=31219&charge=3&value=R.QFLFRPWDVTK.L,UBA1,4.764e+6,2.566,0.017,1.770,0.000
31220,2,"  3.550","  0.645",17/32,/core/www/modules//sdig/index.php?run_id=110202&search_id=114132&scans_id=110198&peptide_id=23118&scanf=31220&charge=2&value=17/32,sp|P08865|RSSA_HUMAN,/core/www/modules//consensus/?run_id=110202&search_id=114132&scans_id=110198&peptide_id=23118&scanf=31220&charge=2&value=sp|P08865|RSSA_HUMAN,6,/core/www/modules/match_peptides/blast_html4.php?run_id=110202&search_id=114132&scans_id=110198&peptide_id=23118&scanf=31220&charge=2&value=6,R.AIVAIENPADVSVISSR.N,/core/www/modules/show_out/show_out_wrapper.php?run_id=110202&search_id=114132&scans_id=110198&peptide_id=23118&scanf=31220&charge=2&value=R.AIVAIENPADVSVISSR.N,RPSA,7.980e+6,3.369,0.001,2.954,0.000
31221,2,"  4.624","  0.558",15/32,/core/www/modules//sdig/index.php?run_id=110202&search_id=114132&scans_id=110198&peptide_id=23119&scanf=31221&charge=2&value=15/32,sp|O60287|NPA1P_HUMAN,/core/www/modules//consensus/?run_id=110202&search_id=114132&scans_id=110198&peptide_id=23119&scanf=31221&charge=2&value=sp|O60287|NPA1P_HUMAN,0,/core/www/modules/match_peptides/blast_html4.php?run_id=110202&search_id=114132&scans_id=110198&peptide_id=23119&scanf=31221&charge=2&value=0,K.DPQGPGPGLEAFVSAAK.K,/core/www/modules/show_out/show_out_wrapper.php?run_id=110202&search_id=114132&scans_id=110198&peptide_id=23119&scanf=31221&charge=2&value=K.DPQGPGPGLEAFVSAAK.K,URB1,2.193e+6,3.095,0.003,2.548,0.000
31222,3,"  2.898","  0.350",12/48,/core/www/modules//sdig/index.php?run_id=110202&search_id=114132&scans_id=110198&peptide_id=23120&scanf=31222&charge=3&value=12/48,sp|P78316|NOP14_HUMAN,/core/www/modules//consensus/?run_id=110202&search_id=114132&scans_id=110198&peptide_id=23120&scanf=31222&charge=3&value=sp|P78316|NOP14_HUMAN,1,/core/www/modules/match_peptides/blast_html4.php?run_id=110202&search_id=114132&scans_id=110198&peptide_id=23120&scanf=31222&charge=3&value=1,R.DAMHEMEEMIETK.G,/core/www/modules/show_out/show_out_wrapper.php?run_id=110202&search_id=114132&scans_id=110198&peptide_id=23120&scanf=31222&charge=3&value=R.DAMHEMEEMIETK.G,NOP14,7.661e+6,2.640,0.013,1.878,0.000
31224,2,"  5.233","  0.694",19/36,/core/www/modules//sdig/index.php?run_id=110202&search_id=114132&scans_id=110198&peptide_id=23122&scanf=31224&charge=2&value=19/36,sp|P78347|GTF2I_HUMAN,/core/www/modules//consensus/?run_id=110202&search_id=114132&scans_id=110198&peptide_id=23122&scanf=31224&charge=2&value=sp|P78347|GTF2I_HUMAN,2,/core/www/modules/match_peptides/blast_html4.php?run_id=110202&search_id=114132&scans_id=110198&peptide_id=23122&scanf=31224&charge=2&value=2,K.TEPTEDSGISLEMAAVTVK.E,/core/www/modules/show_out/show_out_wrapper.php?run_id=110202&search_id=114132&scans_id=110198&peptide_id=23122&scanf=31224&charge=2&value=K.TEPTEDSGISLEMAAVTVK.E,GTF2I,2.076e+6,3.746,0.000,3.512,0.000
31227,2,"  2.894","  0.626",13/20,/core/www/modules//sdig/index.php?run_id=110202&search_id=114132&scans_id=110198&peptide_id=23124&scanf=31227&charge=2&value=13/20,sp|P17844|DDX5_HUMAN,/core/www/modules//consensus/?run_id=110202&search_id=114132&scans_id=110198&peptide_id=23124&scanf=31227&charge=2&value=sp|P17844|DDX5_HUMAN,10,/core/www/modules/match_peptides/blast_html4.php?run_id=110202&search_id=114132&scans_id=110198&peptide_id=23124&scanf=31227&charge=2&value=10,R.QTLMWSATWPK.E,/core/www/modules/show_out/show_out_wrapper.php?run_id=110202&search_id=114132&scans_id=110198&peptide_id=23124&scanf=31227&charge=2&value=R.QTLMWSATWPK.E,DDX5,6.654e+7,3.844,0.000,3.659,0.000
31228,2,"  2.857","  0.393",12/18,/core/www/modules//sdig/index.php?run_id=110202&search_id=114132&scans_id=110198&peptide_id=23125&scanf=31228&charge=2&value=12/18,sp|O00148|DX39A_HUMAN,/core/www/modules//consensus/?run_id=110202&search_id=114132&scans_id=110198&peptide_id=23125&scanf=31228&charge=2&value=sp|O00148|DX39A_HUMAN,5,/core/www/modules/match_peptides/blast_html4.php?run_id=110202&search_id=114132&scans_id=110198&peptide_id=23125&scanf=31228&charge=2&value=5,R.ILVATNLFGR.G,/core/www/modules/show_out/show_out_wrapper.php?run_id=110202&search_id=114132&scans_id=110198&peptide_id=23125&scanf=31228&charge=2&value=R.ILVATNLFGR.G,DDX39A,3.837e+8,3.134,0.002,2.605,0.000
31233,4,"  4.619","  0.534",17/108,/core/www/modules//sdig/index.php?run_id=110202&search_id=114132&scans_id=110198&peptide_id=23131&scanf=31233&charge=4&value=17/108,sp|Q12906|ILF3_HUMAN,/core/www/modules//consensus/?run_id=110202&search_id=114132&scans_id=110198&peptide_id=23131&scanf=31233&charge=4&value=sp|Q12906|ILF3_HUMAN,4,/core/www/modules/match_peptides/blast_html4.php?run_id=110202&search_id=114132&scans_id=110198&peptide_id=23131&scanf=31233&charge=4&value=4,K.NTKEPPLSLTIHLTSPVVR.E,/core/www/modules/show_out/show_out_wrapper.php?run_id=110202&search_id=114132&scans_id=110198&peptide_id=23131&scanf=31233&charge=4&value=K.NTKEPPLSLTIHLTSPVVR.E,ILF3,3.888e+6,3.360,0.001,2.941,0.000
31234,2,"  3.586","  0.675",13/32,/core/www/modules//sdig/index.php?run_id=110202&search_id=114132&scans_id=110198&peptide_id=23132&scanf=31234&charge=2&value=13/32,sp|P14618|KPYM_HUMAN,/core/www/modules//consensus/?run_id=110202&search_id=114132&scans_id=110198&peptide_id=23132&scanf=31234&charge=2&value=sp|P14618|KPYM_HUMAN,7,/core/www/modules/match_peptides/blast_html4.php?run_id=110202&search_id=114132&scans_id=110198&peptide_id=23132&scanf=31234&charge=2&value=7,K.GVNLPGAAVDLPAVSEK.D,/core/www/modules/show_out/show_out_wrapper.php?run_id=110202&search_id=114132&scans_id=110198&peptide_id=23132&scanf=31234&charge=2&value=K.GVNLPGAAVDLPAVSEK.D,PKM,6.376e+6,3.327,0.001,2.891,0.000
31236,3,"  3.584","  0.543",15/48,/core/www/modules//sdig/index.php?run_id=110202&search_id=114132&scans_id=110198&peptide_id=23134&scanf=31236&charge=3&value=15/48,sp|Q7Z5J4|RAI1_HUMAN,/core/www/modules//consensus/?run_id=110202&search_id=114132&scans_id=110198&peptide_id=23134&scanf=31236&charge=3&value=sp|Q7Z5J4|RAI1_HUMAN,0,/core/www/modules/match_peptides/blast_html4.php?run_id=110202&search_id=114132&scans_id=110198&peptide_id=23134&scanf=31236&charge=3&value=0,K.RPYLGPALLLTPR.D,/core/www/modules/show_out/show_out_wrapper.php?run_id=110202&search_id=114132&scans_id=110198&peptide_id=23134&scanf=31236&charge=3&value=K.RPYLGPALLLTPR.D,RAI1,2.092e+6,3.391,0.001,2.986,0.000
31249,3,"  3.829","  0.347",14/52,/core/www/modules//sdig/index.php?run_id=110202&search_id=114132&scans_id=110198&peptide_id=23146&scanf=31249&charge=3&value=14/52,sp|P09874|PARP1_HUMAN,/core/www/modules//consensus/?run_id=110202&search_id=114132&scans_id=110198&peptide_id=23146&scanf=31249&charge=3&value=sp|P09874|PARP1_HUMAN,3,/core/www/modules/match_peptides/blast_html4.php?run_id=110202&search_id=114132&scans_id=110198&peptide_id=23146&scanf=31249&charge=3&value=3,K.AQNDLIWNIKDELK.K,/core/www/modules/show_out/show_out_wrapper.php?run_id=110202&search_id=114132&scans_id=110198&peptide_id=23146&scanf=31249&charge=3&value=K.AQNDLIWNIKDELK.K,PARP1,7.822e+6,2.478,0.023,1.642,0.001
31250,2,"  2.834","  0.646",15/26,/core/www/modules//sdig/index.php?run_id=110202&search_id=114132&scans_id=110198&peptide_id=23148&scanf=31250&charge=2&value=15/26,sp|Q13823|NOG2_HUMAN,/core/www/modules//consensus/?run_id=110202&search_id=114132&scans_id=110198&peptide_id=23148&scanf=31250&charge=2&value=sp|Q13823|NOG2_HUMAN,1,/core/www/modules/match_peptides/blast_html4.php?run_id=110202&search_id=114132&scans_id=110198&peptide_id=23148&scanf=31250&charge=2&value=1,K.QISVGFIGYPNVGK.S,/core/www/modules/show_out/show_out_wrapper.php?run_id=110202&search_id=114132&scans_id=110198&peptide_id=23148&scanf=31250&charge=2&value=K.QISVGFIGYPNVGK.S,GNL2,5.048e+6,3.624,0.000,3.332,0.000
31251,2,"  2.601","  0.488",11/18,/core/www/modules//sdig/index.php?run_id=110202&search_id=114132&scans_id=110198&peptide_id=23149&scanf=31251&charge=2&value=11/18,sp|P33992|MCM5_HUMAN,/core/www/modules//consensus/?run_id=110202&search_id=114132&scans_id=110198&peptide_id=23149&scanf=31251&charge=2&value=sp|P33992|MCM5_HUMAN,2,/core/www/modules/match_peptides/blast_html4.php?run_id=110202&search_id=114132&scans_id=110198&peptide_id=23149&scanf=31251&charge=2&value=2,R.VTIMGIYSIK.K,/core/www/modules/show_out/show_out_wrapper.php?run_id=110202&search_id=114132&scans_id=110198&peptide_id=23149&scanf=31251&charge=2&value=R.VTIMGIYSIK.K,MCM5,8.520e+6,3.298,0.001,2.849,0.000
31252,3,"  3.190","  0.478",13/52,/core/www/modules//sdig/index.php?run_id=110202&search_id=114132&scans_id=110198&peptide_id=23150&scanf=31252&charge=3&value=13/52,sp|P35579|MYH9_HUMAN,/core/www/modules//consensus/?run_id=110202&search_id=114132&scans_id=110198&peptide_id=23150&scanf=31252&charge=3&value=sp|P35579|MYH9_HUMAN,1,/core/www/modules/match_peptides/blast_html4.php?run_id=110202&search_id=114132&scans_id=110198&peptide_id=23150&scanf=31252&charge=3&value=1,K.VSHLLGINVTDFTR.G,/core/www/modules/show_out/show_out_wrapper.php?run_id=110202&search_id=114132&scans_id=110198&peptide_id=23150&scanf=31252&charge=3&value=K.VSHLLGINVTDFTR.G,MYH9,1.422e+7,3.214,0.002,2.724,0.000
31253,2,"  2.248","  0.498",10/16,/core/www/modules//sdig/index.php?run_id=110202&search_id=114132&scans_id=110198&peptide_id=23151&scanf=31253&charge=2&value=10/16,sp|Q93074|MED12_HUMAN,/core/www/modules//consensus/?run_id=110202&search_id=114132&scans_id=110198&peptide_id=23151&scanf=31253&charge=2&value=sp|Q93074|MED12_HUMAN,7,/core/www/modules/match_peptides/blast_html4.php?run_id=110202&search_id=114132&scans_id=110198&peptide_id=23151&scanf=31253&charge=2&value=7,K.IAGFDSIFK.K,/core/www/modules/show_out/show_out_wrapper.php?run_id=110202&search_id=114132&scans_id=110198&peptide_id=23151&scanf=31253&charge=2&value=K.IAGFDSIFK.K,MED12,5.986e+6,3.330,0.001,2.896,0.000
31254,4,"  3.577","  0.351",15/108,/core/www/modules//sdig/index.php?run_id=110202&search_id=114132&scans_id=110198&peptide_id=23152&scanf=31254&charge=4&value=15/108,sp|Q99798|ACON_HUMAN,/core/www/modules//consensus/?run_id=110202&search_id=114132&scans_id=110198&peptide_id=23152&scanf=31254&charge=4&value=sp|Q99798|ACON_HUMAN,12,/core/www/modules/match_peptides/blast_html4.php?run_id=110202&search_id=114132&scans_id=110198&peptide_id=23152&scanf=31254&charge=4&value=12,K.VAMSHFEPNEYIHYDLLEK.N,/core/www/modules/show_out/show_out_wrapper.php?run_id=110202&search_id=114132&scans_id=110198&peptide_id=23152&scanf=31254&charge=4&value=K.VAMSHFEPNEYIHYDLLEK.N,ACO2,6.275e+6,2.818,0.007,2.139,0.000
31255,3,"  3.484","  0.625",12/52,/core/www/modules//sdig/index.php?run_id=110202&search_id=114132&scans_id=110198&peptide_id=23153&scanf=31255&charge=3&value=12/52,sp|O96019|ACL6A_HUMAN,/core/www/modules//consensus/?run_id=110202&search_id=114132&scans_id=110198&peptide_id=23153&scanf=31255&charge=3&value=sp|O96019|ACL6A_HUMAN,0,/core/www/modules/match_peptides/blast_html4.php?run_id=110202&search_id=114132&scans_id=110198&peptide_id=23153&scanf=31255&charge=3&value=0,R.LKIPEGLFDPSNVK.G,/core/www/modules/show_out/show_out_wrapper.php?run_id=110202&search_id=114132&scans_id=110198&peptide_id=23153&scanf=31255&charge=3&value=R.LKIPEGLFDPSNVK.G,ACTL6A,5.819e+7,3.265,0.002,2.799,0.000
31256,2,"  3.013","  0.498",10/20,/core/www/modules//sdig/index.php?run_id=110202&search_id=114132&scans_id=110198&peptide_id=23154&scanf=31256&charge=2&value=10/20,sp|Q9NU22|MDN1_HUMAN,/core/www/modules//consensus/?run_id=110202&search_id=114132&scans_id=110198&peptide_id=23154&scanf=31256&charge=2&value=sp|Q9NU22|MDN1_HUMAN,0,/core/www/modules/match_peptides/blast_html4.php?run_id=110202&search_id=114132&scans_id=110198&peptide_id=23154&scanf=31256&charge=2&value=0,K.VAPGFQFFATR.R,/core/www/modules/show_out/show_out_wrapper.php?run_id=110202&search_id=114132&scans_id=110198&peptide_id=23154&scanf=31256&charge=2&value=K.VAPGFQFFATR.R,MDN1,5.763e+6,3.342,0.001,2.914,0.000
31261,2,"  3.997","  0.589",12/18,/core/www/modules//sdig/index.php?run_id=110202&search_id=114132&scans_id=110198&peptide_id=23160&scanf=31261&charge=2&value=12/18,sp|Q6KC79|NIPBL_HUMAN,/core/www/modules//consensus/?run_id=110202&search_id=114132&scans_id=110198&peptide_id=23160&scanf=31261&charge=2&value=sp|Q6KC79|NIPBL_HUMAN,1,/core/www/modules/match_peptides/blast_html4.php?run_id=110202&search_id=114132&scans_id=110198&peptide_id=23160&scanf=31261&charge=2&value=1,R.HFDFDLEDFK.G,/core/www/modules/show_out/show_out_wrapper.php?run_id=110202&search_id=114132&scans_id=110198&peptide_id=23160&scanf=31261&charge=2&value=R.HFDFDLEDFK.G,NIPBL,1.889e+6,3.722,0.000,3.477,0.000
31262,2,"  2.741","  0.533",13/26,/core/www/modules//sdig/index.php?run_id=110202&search_id=114132&scans_id=110198&peptide_id=23161&scanf=31262&charge=2&value=13/26,sp|P35658|NU214_HUMAN,/core/www/modules//consensus/?run_id=110202&search_id=114132&scans_id=110198&peptide_id=23161&scanf=31262&charge=2&value=sp|P35658|NU214_HUMAN,4,/core/www/modules/match_peptides/blast_html4.php?run_id=110202&search_id=114132&scans_id=110198&peptide_id=23161&scanf=31262&charge=2&value=4,K.TTLLEGFAGVEEAR.E,/core/www/modules/show_out/show_out_wrapper.php?run_id=110202&search_id=114132&scans_id=110198&peptide_id=23161&scanf=31262&charge=2&value=K.TTLLEGFAGVEEAR.E,NUP214,2.000e+6,3.104,0.003,2.562,0.000
31265,3,"  3.367","  0.561",14/72,/core/www/modules//sdig/index.php?run_id=110202&search_id=114132&scans_id=110198&peptide_id=23164&scanf=31265&charge=3&value=14/72,sp|O43399|TPD54_HUMAN,/core/www/modules//consensus/?run_id=110202&search_id=114132&scans_id=110198&peptide_id=23164&scanf=31265&charge=3&value=sp|O43399|TPD54_HUMAN,2,/core/www/modules/match_peptides/blast_html4.php?run_id=110202&search_id=114132&scans_id=110198&peptide_id=23164&scanf=31265&charge=3&value=2,K.GLLSDSMTDVPVDTGVAAR.T,/core/www/modules/show_out/show_out_wrapper.php?run_id=110202&search_id=114132&scans_id=110198&peptide_id=23164&scanf=31265&charge=3&value=K.GLLSDSMTDVPVDTGVAAR.T,TPD52L2,2.270e+6,3.049,0.003,2.481,0.000
31266,3,"  1.739","  0.432",10/40,/core/www/modules//sdig/index.php?run_id=110202&search_id=114132&scans_id=110198&peptide_id=23165&scanf=31266&charge=3&value=10/40,sp|P10619|PPGB_HUMAN,/core/www/modules//consensus/?run_id=110202&search_id=114132&scans_id=110198&peptide_id=23165&scanf=31266&charge=3&value=sp|P10619|PPGB_HUMAN,3,/core/www/modules/match_peptides/blast_html4.php?run_id=110202&search_id=114132&scans_id=110198&peptide_id=23165&scanf=31266&charge=3&value=3,K.EFSHIAFLTIK.G,/core/www/modules/show_out/show_out_wrapper.php?run_id=110202&search_id=114132&scans_id=110198&peptide_id=23165&scanf=31266&charge=3&value=K.EFSHIAFLTIK.G,CTSA,3.547e+6,2.880,0.006,2.231,0.000
31267,2,"  2.959","  0.356",9/30,/core/www/modules//sdig/index.php?run_id=110202&search_id=114132&scans_id=110198&peptide_id=23166&scanf=31267&charge=2&value=9/30,sp|Q01780|EXOSX_HUMAN,/core/www/modules//consensus/?run_id=110202&search_id=114132&scans_id=110198&peptide_id=23166&scanf=31267&charge=2&value=sp|Q01780|EXOSX_HUMAN,1,/core/www/modules/match_peptides/blast_html4.php?run_id=110202&search_id=114132&scans_id=110198&peptide_id=23166&scanf=31267&charge=2&value=1,K.ASGGLPQFGDEYDFYR.S,/core/www/modules/show_out/show_out_wrapper.php?run_id=110202&search_id=114132&scans_id=110198&peptide_id=23166&scanf=31267&charge=2&value=K.ASGGLPQFGDEYDFYR.S,EXOSC10,2.766e+6,2.212,0.055,1.263,0.002
31269,2,"  2.379","  0.605",13/24,/core/www/modules//sdig/index.php?run_id=110202&search_id=114132&scans_id=110198&peptide_id=23167&scanf=31269&charge=2&value=13/24,sp|Q12906|ILF3_HUMAN,/core/www/modules//consensus/?run_id=110202&search_id=114132&scans_id=110198&peptide_id=23167&scanf=31269&charge=2&value=sp|Q12906|ILF3_HUMAN,0,/core/www/modules/match_peptides/blast_html4.php?run_id=110202&search_id=114132&scans_id=110198&peptide_id=23167&scanf=31269&charge=2&value=0,K.LFPDTPLALDANK.K,/core/www/modules/show_out/show_out_wrapper.php?run_id=110202&search_id=114132&scans_id=110198&peptide_id=23167&scanf=31269&charge=2&value=K.LFPDTPLALDANK.K,ILF3,1.707e+8,3.578,0.001,3.263,0.000
31270,2,"  2.703","  0.469",12/22,/core/www/modules//sdig/index.php?run_id=110202&search_id=114132&scans_id=110198&peptide_id=23169&scanf=31270&charge=2&value=12/22,sp|O43172|PRP4_HUMAN,/core/www/modules//consensus/?run_id=110202&search_id=114132&scans_id=110198&peptide_id=23169&scanf=31270&charge=2&value=sp|O43172|PRP4_HUMAN,0,/core/www/modules/match_peptides/blast_html4.php?run_id=110202&search_id=114132&scans_id=110198&peptide_id=23169&scanf=31270&charge=2&value=0,R.NILSVVGTDALK.K,/core/www/modules/show_out/show_out_wrapper.php?run_id=110202&search_id=114132&scans_id=110198&peptide_id=23169&scanf=31270&charge=2&value=R.NILSVVGTDALK.K,PRPF4,1.344e+7,2.812,0.007,2.131,0.000
31271,3,"  2.140","  0.331",11/56,/core/www/modules//sdig/index.php?run_id=110202&search_id=114132&scans_id=110198&peptide_id=23170&scanf=31271&charge=3&value=11/56,sp|P11388|TOP2A_HUMAN,/core/www/modules//consensus/?run_id=110202&search_id=114132&scans_id=110198&peptide_id=23170&scanf=31271&charge=3&value=sp|P11388|TOP2A_HUMAN,0,/core/www/modules/match_peptides/blast_html4.php?run_id=110202&search_id=114132&scans_id=110198&peptide_id=23170&scanf=31271&charge=3&value=0,K.GFQQISFVNSIATSK.G,/core/www/modules/show_out/show_out_wrapper.php?run_id=110202&search_id=114132&scans_id=110198&peptide_id=23170&scanf=31271&charge=3&value=K.GFQQISFVNSIATSK.G,TOP2A,5.573e+6,2.568,0.017,1.774,0.000
31272,3,"  2.974","  0.553",10/44,/core/www/modules//sdig/index.php?run_id=110202&search_id=114132&scans_id=110198&peptide_id=23171&scanf=31272&charge=3&value=10/44,sp|Q14240|IF4A2_HUMAN,/core/www/modules//consensus/?run_id=110202&search_id=114132&scans_id=110198&peptide_id=23171&scanf=31272&charge=3&value=sp|Q14240|IF4A2_HUMAN,1,/core/www/modules/match_peptides/blast_html4.php?run_id=110202&search_id=114132&scans_id=110198&peptide_id=23171&scanf=31272&charge=3&value=1,R.GFKDQIYEIFQK.L,/core/www/modules/show_out/show_out_wrapper.php?run_id=110202&search_id=114132&scans_id=110198&peptide_id=23171&scanf=31272&charge=3&value=R.GFKDQIYEIFQK.L,EIF4A2,5.035e+6,2.971,0.004,2.366,0.000
31273,2,"  1.803","  0.301",9/14,/core/www/modules//sdig/index.php?run_id=110202&search_id=114132&scans_id=110198&peptide_id=23172&scanf=31273&charge=2&value=9/14,sp|P62269|RS18_HUMAN,/core/www/modules//consensus/?run_id=110202&search_id=114132&scans_id=110198&peptide_id=23172&scanf=31273&charge=2&value=sp|P62269|RS18_HUMAN,1,/core/www/modules/match_peptides/blast_html4.php?run_id=110202&search_id=114132&scans_id=110198&peptide_id=23172&scanf=31273&charge=2&value=1,K.IPDWFLNR.Q,/core/www/modules/show_out/show_out_wrapper.php?run_id=110202&search_id=114132&scans_id=110198&peptide_id=23172&scanf=31273&charge=2&value=K.IPDWFLNR.Q,RPS18,2.400e+8,2.735,0.010,2.017,0.000
31275,2,"  4.380","  0.611",14/28,/core/www/modules//sdig/index.php?run_id=110202&search_id=114132&scans_id=110198&peptide_id=23174&scanf=31275&charge=2&value=14/28,sp|Q08945|SSRP1_HUMAN,/core/www/modules//consensus/?run_id=110202&search_id=114132&scans_id=110198&peptide_id=23174&scanf=31275&charge=2&value=sp|Q08945|SSRP1_HUMAN,0,/core/www/modules/match_peptides/blast_html4.php?run_id=110202&search_id=114132&scans_id=110198&peptide_id=23174&scanf=31275&charge=2&value=0,K.VDNIQAGELTEGIWR.R,/core/www/modules/show_out/show_out_wrapper.php?run_id=110202&search_id=114132&scans_id=110198&peptide_id=23174&scanf=31275&charge=2&value=K.VDNIQAGELTEGIWR.R,SSRP1,4.506e+7,3.464,0.001,3.095,0.000
31279,3,"  2.327","  0.275",11/60,/core/www/modules//sdig/index.php?run_id=110202&search_id=114132&scans_id=110198&peptide_id=23178&scanf=31279&charge=3&value=11/60,sp|P13667|PDIA4_HUMAN,/core/www/modules//consensus/?run_id=110202&search_id=114132&scans_id=110198&peptide_id=23178&scanf=31279&charge=3&value=sp|P13667|PDIA4_HUMAN,2,/core/www/modules/match_peptides/blast_html4.php?run_id=110202&search_id=114132&scans_id=110198&peptide_id=23178&scanf=31279&charge=3&value=2,K.YGIVDYMIEQSGPPSK.E,/core/www/modules/show_out/show_out_wrapper.php?run_id=110202&search_id=114132&scans_id=110198&peptide_id=23178&scanf=31279&charge=3&value=K.YGIVDYMIEQSGPPSK.E,PDIA4,6.848e+6,2.202,0.057,1.248,0.002
31280,3,"  3.317","  0.425",14/100,/core/www/modules//sdig/index.php?run_id=110202&search_id=114132&scans_id=110198&peptide_id=23180&scanf=31280&charge=3&value=14/100,sp|Q9H6W3|RIOX1_HUMAN,/core/www/modules//consensus/?run_id=110202&search_id=114132&scans_id=110198&peptide_id=23180&scanf=31280&charge=3&value=sp|Q9H6W3|RIOX1_HUMAN,0,/core/www/modules/match_peptides/blast_html4.php?run_id=110202&search_id=114132&scans_id=110198&peptide_id=23180&scanf=31280&charge=3&value=0,R.VESTADDLGDALPGGAAVAAVPDAAR.R,/core/www/modules/show_out/show_out_wrapper.php?run_id=110202&search_id=114132&scans_id=110198&peptide_id=23180&scanf=31280&charge=3&value=R.VESTADDLGDALPGGAAVAAVPDAAR.R,RIOX1,2.656e+6,2.322,0.038,1.418,0.001
31281,2,"  2.725","  0.472",10/24,/core/www/modules//sdig/index.php?run_id=110202&search_id=114132&scans_id=110198&peptide_id=23181&scanf=31281&charge=2&value=10/24,sp|Q9H8H2|DDX31_HUMAN,/core/www/modules//consensus/?run_id=110202&search_id=114132&scans_id=110198&peptide_id=23181&scanf=31281&charge=2&value=sp|Q9H8H2|DDX31_HUMAN,0,/core/www/modules/match_peptides/blast_html4.php?run_id=110202&search_id=114132&scans_id=110198&peptide_id=23181&scanf=31281&charge=2&value=0,R.SDGPYALVLVPTR.E,/core/www/modules/show_out/show_out_wrapper.php?run_id=110202&search_id=114132&scans_id=110198&peptide_id=23181&scanf=31281&charge=2&value=R.SDGPYALVLVPTR.E,DDX31,8.287e+6,2.762,0.009,2.057,0.000
31282,3,"  2.247","  0.313",14/56,/core/www/modules//sdig/index.php?run_id=110202&search_id=114132&scans_id=110198&peptide_id=23182&scanf=31282&charge=3&value=14/56,sp|Q9Y5B9|SP16H_HUMAN,/core/www/modules//consensus/?run_id=110202&search_id=114132&scans_id=110198&peptide_id=23182&scanf=31282&charge=3&value=sp|Q9Y5B9|SP16H_HUMAN,0,/core/www/modules/match_peptides/blast_html4.php?run_id=110202&search_id=114132&scans_id=110198&peptide_id=23182&scanf=31282&charge=3&value=0,R.NEGNIFPNPEATFVK.E,/core/www/modules/show_out/show_out_wrapper.php?run_id=110202&search_id=114132&scans_id=110198&peptide_id=23182&scanf=31282&charge=3&value=R.NEGNIFPNPEATFVK.E,SUPT16H,1.821e+6,2.327,0.038,1.425,0.001
31287,2,"  2.966","  0.423",12/20,/core/www/modules//sdig/index.php?run_id=110202&search_id=114132&scans_id=110198&peptide_id=23187&scanf=31287&charge=2&value=12/20,sp|O15164|TIF1A_HUMAN,/core/www/modules//consensus/?run_id=110202&search_id=114132&scans_id=110198&peptide_id=23187&scanf=31287&charge=2&value=sp|O15164|TIF1A_HUMAN,0,/core/www/modules/match_peptides/blast_html4.php?run_id=110202&search_id=114132&scans_id=110198&peptide_id=23187&scanf=31287&charge=2&value=0,K.FPTQISLAQLR.L,/core/www/modules/show_out/show_out_wrapper.php?run_id=110202&search_id=114132&scans_id=110198&peptide_id=23187&scanf=31287&charge=2&value=K.FPTQISLAQLR.L,TRIM24,1.895e+6,2.987,0.004,2.389,0.000
31288,3,"  2.735","  0.352",10/32,/core/www/modules//sdig/index.php?run_id=110202&search_id=114132&scans_id=110198&peptide_id=23188&scanf=31288&charge=3&value=10/32,sp|Q9NQ29|LUC7L_HUMAN,/core/www/modules//consensus/?run_id=110202&search_id=114132&scans_id=110198&peptide_id=23188&scanf=31288&charge=3&value=sp|Q9NQ29|LUC7L_HUMAN,2,/core/www/modules/match_peptides/blast_html4.php?run_id=110202&search_id=114132&scans_id=110198&peptide_id=23188&scanf=31288&charge=3&value=2,K.LHLGFIQIR.E,/core/www/modules/show_out/show_out_wrapper.php?run_id=110202&search_id=114132&scans_id=110198&peptide_id=23188&scanf=31288&charge=3&value=K.LHLGFIQIR.E,LUC7L,6.760e+6,2.861,0.006,2.203,0.000
31292,2,"  1.815","  0.299",10/12,/core/www/modules//sdig/index.php?run_id=110202&search_id=114132&scans_id=110198&peptide_id=23192&scanf=31292&charge=2&value=10/12,sp|Q8TDN6|BRX1_HUMAN,/core/www/modules//consensus/?run_id=110202&search_id=114132&scans_id=110198&peptide_id=23192&scanf=31292&charge=2&value=sp|Q8TDN6|BRX1_HUMAN,0,/core/www/modules/match_peptides/blast_html4.php?run_id=110202&search_id=114132&scans_id=110198&peptide_id=23192&scanf=31292&charge=2&value=0,R.FVLNLIK.I,/core/www/modules/show_out/show_out_wrapper.php?run_id=110202&search_id=114132&scans_id=110198&peptide_id=23192&scanf=31292&charge=2&value=R.FVLNLIK.I,BRIX1,1.428e+8,3.085,0.003,2.534,0.000
31293,3,"  3.783","  0.517",17/56,/core/www/modules//sdig/index.php?run_id=110202&search_id=114132&scans_id=110198&peptide_id=23193&scanf=31293&charge=3&value=17/56,sp|Q9UPT8|ZC3H4_HUMAN,/core/www/modules//consensus/?run_id=110202&search_id=114132&scans_id=110198&peptide_id=23193&scanf=31293&charge=3&value=sp|Q9UPT8|ZC3H4_HUMAN,1,/core/www/modules/match_peptides/blast_html4.php?run_id=110202&search_id=114132&scans_id=110198&peptide_id=23193&scanf=31293&charge=3&value=1,K.AVNIPLDPLPGHPLR.D,/core/www/modules/show_out/show_out_wrapper.php?run_id=110202&search_id=114132&scans_id=110198&peptide_id=23193&scanf=31293&charge=3&value=K.AVNIPLDPLPGHPLR.D,ZC3H4,3.543e+6,3.245,0.002,2.770,0.000
31294,3,"  3.378","  0.532",14/68,/core/www/modules//sdig/index.php?run_id=110202&search_id=114132&scans_id=110198&peptide_id=23194&scanf=31294&charge=3&value=14/68,sp|P56182|RRP1_HUMAN,/core/www/modules//consensus/?run_id=110202&search_id=114132&scans_id=110198&peptide_id=23194&scanf=31294&charge=3&value=sp|P56182|RRP1_HUMAN,0,/core/www/modules/match_peptides/blast_html4.php?run_id=110202&search_id=114132&scans_id=110198&peptide_id=23194&scanf=31294&charge=3&value=0,R.KLQDLAGGIFPEDEIPEK.A,/core/www/modules/show_out/show_out_wrapper.php?run_id=110202&search_id=114132&scans_id=110198&peptide_id=23194&scanf=31294&charge=3&value=R.KLQDLAGGIFPEDEIPEK.A,RRP1,7.183e+6,2.720,0.010,1.996,0.000
31295,2,"  2.326","  0.274",10/16,/core/www/modules//sdig/index.php?run_id=110202&search_id=114132&scans_id=110198&peptide_id=23195&scanf=31295&charge=2&value=10/16,sp|O43747|AP1G1_HUMAN,/core/www/modules//consensus/?run_id=110202&search_id=114132&scans_id=110198&peptide_id=23195&scanf=31295&charge=2&value=sp|O43747|AP1G1_HUMAN,0,/core/www/modules/match_peptides/blast_html4.php?run_id=110202&search_id=114132&scans_id=110198&peptide_id=23195&scanf=31295&charge=2&value=0,R.VLAINILGR.F,/core/www/modules/show_out/show_out_wrapper.php?run_id=110202&search_id=114132&scans_id=110198&peptide_id=23195&scanf=31295&charge=2&value=R.VLAINILGR.F,AP1G1,4.568e+6,2.581,0.016,1.793,0.000
31296,2,"  1.704","  0.254",6/20,/core/www/modules//sdig/index.php?run_id=110202&search_id=114132&scans_id=110198&peptide_id=23196&scanf=31296&charge=2&value=6/20,sp|Q7Z3Z4|PIWL4_HUMAN,/core/www/modules//consensus/?run_id=110202&search_id=114132&scans_id=110198&peptide_id=23196&scanf=31296&charge=2&value=sp|Q7Z3Z4|PIWL4_HUMAN,0,/core/www/modules/match_peptides/blast_html4.php?run_id=110202&search_id=114132&scans_id=110198&peptide_id=23196&scanf=31296&charge=2&value=0,K.SLM*VVGIDVCK.D,/core/www/modules/show_out/show_out_wrapper.php?run_id=110202&search_id=114132&scans_id=110198&peptide_id=23196&scanf=31296&charge=2&value=K.SLM*VVGIDVCK.D,PIWIL4,6.694e+6,1.834,0.174,0.759,0.009
31297,2,"  3.539","  0.577",13/22,/core/www/modules//sdig/index.php?run_id=110202&search_id=114132&scans_id=110198&peptide_id=23197&scanf=31297&charge=2&value=13/22,sp|P35580|MYH10_HUMAN,/core/www/modules//consensus/?run_id=110202&search_id=114132&scans_id=110198&peptide_id=23197&scanf=31297&charge=2&value=sp|P35580|MYH10_HUMAN,1,/core/www/modules/match_peptides/blast_html4.php?run_id=110202&search_id=114132&scans_id=110198&peptide_id=23197&scanf=31297&charge=2&value=1,K.SDLLLEGFNNYR.F,/core/www/modules/show_out/show_out_wrapper.php?run_id=110202&search_id=114132&scans_id=110198&peptide_id=23197&scanf=31297&charge=2&value=K.SDLLLEGFNNYR.F,MYH10,4.750e+6,3.552,0.001,3.225,0.000
31299,2,"  3.943","  0.600",16/26,/core/www/modules//sdig/index.php?run_id=110202&search_id=114132&scans_id=110198&peptide_id=23199&scanf=31299&charge=2&value=16/26,sp|O00505|IMA4_HUMAN,/core/www/modules//consensus/?run_id=110202&search_id=114132&scans_id=110198&peptide_id=23199&scanf=31299&charge=2&value=sp|O00505|IMA4_HUMAN,3,/core/www/modules/match_peptides/blast_html4.php?run_id=110202&search_id=114132&scans_id=110198&peptide_id=23199&scanf=31299&charge=2&value=3,K.EAAWAISNLTISGR.K,/core/www/modules/show_out/show_out_wrapper.php?run_id=110202&search_id=114132&scans_id=110198&peptide_id=23199&scanf=31299&charge=2&value=K.EAAWAISNLTISGR.K,KPNA3,1.273e+7,3.536,0.001,3.201,0.000
31302,2,"  3.244","  0.566",14/26,/core/www/modules//sdig/index.php?run_id=110202&search_id=114132&scans_id=110198&peptide_id=23203&scanf=31302&charge=2&value=14/26,sp|P35658|NU214_HUMAN,/core/www/modules//consensus/?run_id=110202&search_id=114132&scans_id=110198&peptide_id=23203&scanf=31302&charge=2&value=sp|P35658|NU214_HUMAN,4,/core/www/modules/match_peptides/blast_html4.php?run_id=110202&search_id=114132&scans_id=110198&peptide_id=23203&scanf=31302&charge=2&value=4,K.TTLLEGFAGVEEAR.E,/core/www/modules/show_out/show_out_wrapper.php?run_id=110202&search_id=114132&scans_id=110198&peptide_id=23203&scanf=31302&charge=2&value=K.TTLLEGFAGVEEAR.E,NUP214,2.000e+6,3.273,0.002,2.812,0.000
31304,3,"  3.310","  0.402",13/56,/core/www/modules//sdig/index.php?run_id=110202&search_id=114132&scans_id=110198&peptide_id=23205&scanf=31304&charge=3&value=13/56,sp|Q8WXA9|SREK1_HUMAN,/core/www/modules//consensus/?run_id=110202&search_id=114132&scans_id=110198&peptide_id=23205&scanf=31304&charge=3&value=sp|Q8WXA9|SREK1_HUMAN,0,/core/www/modules/match_peptides/blast_html4.php?run_id=110202&search_id=114132&scans_id=110198&peptide_id=23205&scanf=31304&charge=3&value=0,R.ALAFNGVMFGDRPLK.I,/core/www/modules/show_out/show_out_wrapper.php?run_id=110202&search_id=114132&scans_id=110198&peptide_id=23205&scanf=31304&charge=3&value=R.ALAFNGVMFGDRPLK.I,SREK1,2.778e+6,2.719,0.010,1.994,0.000
31305,3,"  2.491","  0.523",11/48,/core/www/modules//sdig/index.php?run_id=110202&search_id=114132&scans_id=110198&peptide_id=23206&scanf=31305&charge=3&value=11/48,sp|Q15572|TAF1C_HUMAN,/core/www/modules//consensus/?run_id=110202&search_id=114132&scans_id=110198&peptide_id=23206&scanf=31305&charge=3&value=sp|Q15572|TAF1C_HUMAN,1,/core/www/modules/match_peptides/blast_html4.php?run_id=110202&search_id=114132&scans_id=110198&peptide_id=23206&scanf=31305&charge=3&value=1,K.WNHGLPSPLLLAR.L,/core/www/modules/show_out/show_out_wrapper.php?run_id=110202&search_id=114132&scans_id=110198&peptide_id=23206&scanf=31305&charge=3&value=K.WNHGLPSPLLLAR.L,TAF1C,2.268e+6,3.090,0.003,2.541,0.000
31307,3,"  4.023","  0.369",17/52,/core/www/modules//sdig/index.php?run_id=110202&search_id=114132&scans_id=110198&peptide_id=23208&scanf=31307&charge=3&value=17/52,sp|P22314|UBA1_HUMAN,/core/www/modules//consensus/?run_id=110202&search_id=114132&scans_id=110198&peptide_id=23208&scanf=31307&charge=3&value=sp|P22314|UBA1_HUMAN,0,/core/www/modules/match_peptides/blast_html4.php?run_id=110202&search_id=114132&scans_id=110198&peptide_id=23208&scanf=31307&charge=3&value=0,K.NFPNAIEHTLQWAR.D,/core/www/modules/show_out/show_out_wrapper.php?run_id=110202&search_id=114132&scans_id=110198&peptide_id=23208&scanf=31307&charge=3&value=K.NFPNAIEHTLQWAR.D,UBA1,6.102e+6,2.874,0.006,2.221,0.000
31312,3,"  5.161","  0.562",19/84,/core/www/modules//sdig/index.php?run_id=110202&search_id=114132&scans_id=110198&peptide_id=23213&scanf=31312&charge=3&value=19/84,sp|Q53GS9|SNUT2_HUMAN,/core/www/modules//consensus/?run_id=110202&search_id=114132&scans_id=110198&peptide_id=23213&scanf=31312&charge=3&value=sp|Q53GS9|SNUT2_HUMAN,2,/core/www/modules/match_peptides/blast_html4.php?run_id=110202&search_id=114132&scans_id=110198&peptide_id=23213&scanf=31312&charge=3&value=2,K.NTTYDLIANIVHDGKPSEGSYR.I,/core/www/modules/show_out/show_out_wrapper.php?run_id=110202&search_id=114132&scans_id=110198&peptide_id=23213&scanf=31312&charge=3&value=K.NTTYDLIANIVHDGKPSEGSYR.I,USP39,8.848e+6,2.860,0.006,2.202,0.000
31314,2,"  2.424","  0.515",12/18,/core/www/modules//sdig/index.php?run_id=110202&search_id=114132&scans_id=110198&peptide_id=23215&scanf=31314&charge=2&value=12/18,sp|P18621|RL17_HUMAN,/core/www/modules//consensus/?run_id=110202&search_id=114132&scans_id=110198&peptide_id=23215&scanf=31314&charge=2&value=sp|P18621|RL17_HUMAN,10,/core/www/modules/match_peptides/blast_html4.php?run_id=110202&search_id=114132&scans_id=110198&peptide_id=23215&scanf=31314&charge=2&value=10,K.SAEFLLHMLK.N,/core/www/modules/show_out/show_out_wrapper.php?run_id=110202&search_id=114132&scans_id=110198&peptide_id=23215&scanf=31314&charge=2&value=K.SAEFLLHMLK.N,RPL17,4.920e+7,3.450,0.001,3.074,0.000
31317,2,"  4.258","  0.735",18/34,/core/www/modules//sdig/index.php?run_id=110202&search_id=114132&scans_id=110198&peptide_id=23218&scanf=31317&charge=2&value=18/34,sp|P52294|IMA5_HUMAN,/core/www/modules//consensus/?run_id=110202&search_id=114132&scans_id=110198&peptide_id=23218&scanf=31317&charge=2&value=sp|P52294|IMA5_HUMAN,5,/core/www/modules/match_peptides/blast_html4.php?run_id=110202&search_id=114132&scans_id=110198&peptide_id=23218&scanf=31317&charge=2&value=5,K.EPNPPIDEVISTPGVVAR.F,/core/www/modules/show_out/show_out_wrapper.php?run_id=110202&search_id=114132&scans_id=110198&peptide_id=23218&scanf=31317&charge=2&value=K.EPNPPIDEVISTPGVVAR.F,KPNA1,3.816e+6,3.666,0.000,3.394,0.000
31318,2,"  4.113","  0.658",15/30,/core/www/modules//sdig/index.php?run_id=110202&search_id=114132&scans_id=110198&peptide_id=23219&scanf=31318&charge=2&value=15/30,sp|Q9Y3A4|RRP7A_HUMAN,/core/www/modules//consensus/?run_id=110202&search_id=114132&scans_id=110198&peptide_id=23219&scanf=31318&charge=2&value=sp|Q9Y3A4|RRP7A_HUMAN,0,/core/www/modules/match_peptides/blast_html4.php?run_id=110202&search_id=114132&scans_id=110198&peptide_id=23219&scanf=31318&charge=2&value=0,K.WISDYADSVPDPEALR.V,/core/www/modules/show_out/show_out_wrapper.php?run_id=110202&search_id=114132&scans_id=110198&peptide_id=23219&scanf=31318&charge=2&value=K.WISDYADSVPDPEALR.V,RRP7A,1.640e+7,3.452,0.001,3.078,0.000
31319,3,"  5.580","  0.680",20/76,/core/www/modules//sdig/index.php?run_id=110202&search_id=114132&scans_id=110198&peptide_id=23220&scanf=31319&charge=3&value=20/76,sp|P78406|RAE1L_HUMAN,/core/www/modules//consensus/?run_id=110202&search_id=114132&scans_id=110198&peptide_id=23220&scanf=31319&charge=3&value=sp|P78406|RAE1L_HUMAN,3,/core/www/modules/match_peptides/blast_html4.php?run_id=110202&search_id=114132&scans_id=110198&peptide_id=23220&scanf=31319&charge=3&value=3,K.MWDLSSNQAIQIAQHDAPVK.T,/core/www/modules/show_out/show_out_wrapper.php?run_id=110202&search_id=114132&scans_id=110198&peptide_id=23220&scanf=31319&charge=3&value=K.MWDLSSNQAIQIAQHDAPVK.T,RAE1,3.948e+6,3.625,0.000,3.333,0.000
31320,3,"  3.103","  0.399",13/60,/core/www/modules//sdig/index.php?run_id=110202&search_id=114132&scans_id=110198&peptide_id=23222&scanf=31320&charge=3&value=13/60,sp|Q8TCS8|PNPT1_HUMAN,/core/www/modules//consensus/?run_id=110202&search_id=114132&scans_id=110198&peptide_id=23222&scanf=31320&charge=3&value=sp|Q8TCS8|PNPT1_HUMAN,1,/core/www/modules/match_peptides/blast_html4.php?run_id=110202&search_id=114132&scans_id=110198&peptide_id=23222&scanf=31320&charge=3&value=1,K.TKPSPSQFMPLVVDYR.Q,/core/www/modules/show_out/show_out_wrapper.php?run_id=110202&search_id=114132&scans_id=110198&peptide_id=23222&scanf=31320&charge=3&value=K.TKPSPSQFMPLVVDYR.Q,PNPT1,2.673e+6,2.379,0.032,1.499,0.001
31322,2,"  4.234","  0.647",16/34,/core/www/modules//sdig/index.php?run_id=110202&search_id=114132&scans_id=110198&peptide_id=23224&scanf=31322&charge=2&value=16/34,sp|Q9UQ35|SRRM2_HUMAN,/core/www/modules//consensus/?run_id=110202&search_id=114132&scans_id=110198&peptide_id=23224&scanf=31322&charge=2&value=sp|Q9UQ35|SRRM2_HUMAN,0,/core/www/modules/match_peptides/blast_html4.php?run_id=110202&search_id=114132&scans_id=110198&peptide_id=23224&scanf=31322&charge=2&value=0,K.SSTPPGESYFGVSSLQLK.G,/core/www/modules/show_out/show_out_wrapper.php?run_id=110202&search_id=114132&scans_id=110198&peptide_id=23224&scanf=31322&charge=2&value=K.SSTPPGESYFGVSSLQLK.G,SRRM2,3.750e+6,3.413,0.001,3.020,0.000
31324,2,"  3.391","  0.533",13/28,/core/www/modules//sdig/index.php?run_id=110202&search_id=114132&scans_id=110198&peptide_id=23226&scanf=31324&charge=2&value=13/28,sp|Q15024|EXOS7_HUMAN,/core/www/modules//consensus/?run_id=110202&search_id=114132&scans_id=110198&peptide_id=23226&scanf=31324&charge=2&value=sp|Q15024|EXOS7_HUMAN,0,/core/www/modules/match_peptides/blast_html4.php?run_id=110202&search_id=114132&scans_id=110198&peptide_id=23226&scanf=31324&charge=2&value=0,R.GGDDLGTEIANTLYR.I,/core/www/modules/show_out/show_out_wrapper.php?run_id=110202&search_id=114132&scans_id=110198&peptide_id=23226&scanf=31324&charge=2&value=R.GGDDLGTEIANTLYR.I,EXOSC7,4.047e+6,2.884,0.006,2.237,0.000
31330,2,"  3.120","  0.343",9/30,/core/www/modules//sdig/index.php?run_id=110202&search_id=114132&scans_id=110198&peptide_id=23233&scanf=31330&charge=2&value=9/30,sp|Q15233|NONO_HUMAN,/core/www/modules//consensus/?run_id=110202&search_id=114132&scans_id=110198&peptide_id=23233&scanf=31330&charge=2&value=sp|Q15233|NONO_HUMAN,11,/core/www/modules/match_peptides/blast_html4.php?run_id=110202&search_id=114132&scans_id=110198&peptide_id=23233&scanf=31330&charge=2&value=11,R.LFVGNLPPDITEEEM*R.K,/core/www/modules/show_out/show_out_wrapper.php?run_id=110202&search_id=114132&scans_id=110198&peptide_id=23233&scanf=31330&charge=2&value=R.LFVGNLPPDITEEEM*R.K,NONO,5.366e+6,2.047,0.092,1.035,0.004
31332,3,"  2.685","  0.365",10/48,/core/www/modules//sdig/index.php?run_id=110202&search_id=114132&scans_id=110198&peptide_id=23234&scanf=31332&charge=3&value=10/48,sp|Q04637|IF4G1_HUMAN,/core/www/modules//consensus/?run_id=110202&search_id=114132&scans_id=110198&peptide_id=23234&scanf=31332&charge=3&value=sp|Q04637|IF4G1_HUMAN,4,/core/www/modules/match_peptides/blast_html4.php?run_id=110202&search_id=114132&scans_id=110198&peptide_id=23234&scanf=31332&charge=3&value=4,K.AIIEEYLHLNDMK.E,/core/www/modules/show_out/show_out_wrapper.php?run_id=110202&search_id=114132&scans_id=110198&peptide_id=23234&scanf=31332&charge=3&value=K.AIIEEYLHLNDMK.E,EIF4G1,4.716e+6,2.628,0.014,1.860,0.000
31333,2,"  3.593","  0.670",16/34,/core/www/modules//sdig/index.php?run_id=110202&search_id=114132&scans_id=110198&peptide_id=23235&scanf=31333&charge=2&value=16/34,sp|P52294|IMA5_HUMAN,/core/www/modules//consensus/?run_id=110202&search_id=114132&scans_id=110198&peptide_id=23235&scanf=31333&charge=2&value=sp|P52294|IMA5_HUMAN,5,/core/www/modules/match_peptides/blast_html4.php?run_id=110202&search_id=114132&scans_id=110198&peptide_id=23235&scanf=31333&charge=2&value=5,K.EPNPPIDEVISTPGVVAR.F,/core/www/modules/show_out/show_out_wrapper.php?run_id=110202&search_id=114132&scans_id=110198&peptide_id=23235&scanf=31333&charge=2&value=K.EPNPPIDEVISTPGVVAR.F,KPNA1,3.816e+6,3.316,0.001,2.876,0.000
31334,2,"  2.861","  0.459",12/20,/core/www/modules//sdig/index.php?run_id=110202&search_id=114132&scans_id=110198&peptide_id=23236&scanf=31334&charge=2&value=12/20,sp|P62266|RS23_HUMAN,/core/www/modules//consensus/?run_id=110202&search_id=114132&scans_id=110198&peptide_id=23236&scanf=31334&charge=2&value=sp|P62266|RS23_HUMAN,0,/core/www/modules/match_peptides/blast_html4.php?run_id=110202&search_id=114132&scans_id=110198&peptide_id=23236&scanf=31334&charge=2&value=0,K.VANVSLLALYK.G,/core/www/modules/show_out/show_out_wrapper.php?run_id=110202&search_id=114132&scans_id=110198&peptide_id=23236&scanf=31334&charge=2&value=K.VANVSLLALYK.G,RPS23,1.068e+8,3.118,0.003,2.582,0.000
31336,2,"  3.473","  0.589",14/30,/core/www/modules//sdig/index.php?run_id=110202&search_id=114132&scans_id=110198&peptide_id=23238&scanf=31336&charge=2&value=14/30,sp|Q92499|DDX1_HUMAN,/core/www/modules//consensus/?run_id=110202&search_id=114132&scans_id=110198&peptide_id=23238&scanf=31336&charge=2&value=sp|Q92499|DDX1_HUMAN,8,/core/www/modules/match_peptides/blast_html4.php?run_id=110202&search_id=114132&scans_id=110198&peptide_id=23238&scanf=31336&charge=2&value=8,R.VGWSTMQASLDLGTDK.F,/core/www/modules/show_out/show_out_wrapper.php?run_id=110202&search_id=114132&scans_id=110198&peptide_id=23238&scanf=31336&charge=2&value=R.VGWSTMQASLDLGTDK.F,DDX1,4.300e+6,3.237,0.002,2.759,0.000
31337,2,"  1.845","  0.256",8/20,/core/www/modules//sdig/index.php?run_id=110202&search_id=114132&scans_id=110198&peptide_id=23239&scanf=31337&charge=2&value=8/20,sp|P12081|HARS1_HUMAN,/core/www/modules//consensus/?run_id=110202&search_id=114132&scans_id=110198&peptide_id=23239&scanf=31337&charge=2&value=sp|P12081|HARS1_HUMAN,14,/core/www/modules/match_peptides/blast_html4.php?run_id=110202&search_id=114132&scans_id=110198&peptide_id=23239&scanf=31337&charge=2&value=14,R.YDGLVGMFDPK.G,/core/www/modules/show_out/show_out_wrapper.php?run_id=110202&search_id=114132&scans_id=110198&peptide_id=23239&scanf=31337&charge=2&value=R.YDGLVGMFDPK.G,HARS1,4.694e+6,2.010,0.103,0.986,0.005
31344,4,"  3.441","  0.443",16/96,/core/www/modules//sdig/index.php?run_id=110202&search_id=114132&scans_id=110198&peptide_id=23247&scanf=31344&charge=4&value=16/96,sp|O60287|NPA1P_HUMAN,/core/www/modules//consensus/?run_id=110202&search_id=114132&scans_id=110198&peptide_id=23247&scanf=31344&charge=4&value=sp|O60287|NPA1P_HUMAN,0,/core/www/modules/match_peptides/blast_html4.php?run_id=110202&search_id=114132&scans_id=110198&peptide_id=23247&scanf=31344&charge=4&value=0,K.DIWLGAQRPDTLLTHVR.M,/core/www/modules/show_out/show_out_wrapper.php?run_id=110202&search_id=114132&scans_id=110198&peptide_id=23247&scanf=31344&charge=4&value=K.DIWLGAQRPDTLLTHVR.M,URB1,4.633e+6,3.232,0.002,2.751,0.000
31345,3,"  4.138","  0.516",13/80,/core/www/modules//sdig/index.php?run_id=110202&search_id=114132&scans_id=110198&peptide_id=23248&scanf=31345&charge=3&value=13/80,sp|Q99661|KIF2C_HUMAN,/core/www/modules//consensus/?run_id=110202&search_id=114132&scans_id=110198&peptide_id=23248&scanf=31345&charge=3&value=sp|Q99661|KIF2C_HUMAN,0,/core/www/modules/match_peptides/blast_html4.php?run_id=110202&search_id=114132&scans_id=110198&peptide_id=23248&scanf=31345&charge=3&value=0,K.QQVQVVGLQEHLVNSADDVIK.M,/core/www/modules/show_out/show_out_wrapper.php?run_id=110202&search_id=114132&scans_id=110198&peptide_id=23248&scanf=31345&charge=3&value=K.QQVQVVGLQEHLVNSADDVIK.M,KIF2C,2.416e+6,2.831,0.007,2.159,0.000
31347,2,"  2.305","  0.259",10/18,/core/www/modules//sdig/index.php?run_id=110202&search_id=114132&scans_id=110198&peptide_id=23250&scanf=31347&charge=2&value=10/18,sp|P31146|COR1A_HUMAN,/core/www/modules//consensus/?run_id=110202&search_id=114132&scans_id=110198&peptide_id=23250&scanf=31347&charge=2&value=sp|P31146|COR1A_HUMAN,0,/core/www/modules/match_peptides/blast_html4.php?run_id=110202&search_id=114132&scans_id=110198&peptide_id=23250&scanf=31347&charge=2&value=0,R.DAGPLLISLK.D,/core/www/modules/show_out/show_out_wrapper.php?run_id=110202&search_id=114132&scans_id=110198&peptide_id=23250&scanf=31347&charge=2&value=R.DAGPLLISLK.D,CORO1A,2.719e+6,2.232,0.051,1.291,0.002
31348,3,"  3.156","  0.354",9/68,/core/www/modules//sdig/index.php?run_id=110202&search_id=114132&scans_id=110198&peptide_id=23251&scanf=31348&charge=3&value=9/68,sp|Q9UQ35|SRRM2_HUMAN,/core/www/modules//consensus/?run_id=110202&search_id=114132&scans_id=110198&peptide_id=23251&scanf=31348&charge=3&value=sp|Q9UQ35|SRRM2_HUMAN,0,/core/www/modules/match_peptides/blast_html4.php?run_id=110202&search_id=114132&scans_id=110198&peptide_id=23251&scanf=31348&charge=3&value=0,K.SSTPPGESYFGVSSLQLK.G,/core/www/modules/show_out/show_out_wrapper.php?run_id=110202&search_id=114132&scans_id=110198&peptide_id=23251&scanf=31348&charge=3&value=K.SSTPPGESYFGVSSLQLK.G,SRRM2,1.559e+7,2.392,0.030,1.518,0.001
31349,3,"  2.427","  0.346",11/60,/core/www/modules//sdig/index.php?run_id=110202&search_id=114132&scans_id=110198&peptide_id=23252&scanf=31349&charge=3&value=11/60,sp|P50613|CDK7_HUMAN,/core/www/modules//consensus/?run_id=110202&search_id=114132&scans_id=110198&peptide_id=23252&scanf=31349&charge=3&value=sp|P50613|CDK7_HUMAN,2,/core/www/modules/match_peptides/blast_html4.php?run_id=110202&search_id=114132&scans_id=110198&peptide_id=23252&scanf=31349&charge=3&value=2,R.DLKPNNLLLDENGVLK.L,/core/www/modules/show_out/show_out_wrapper.php?run_id=110202&search_id=114132&scans_id=110198&peptide_id=23252&scanf=31349&charge=3&value=R.DLKPNNLLLDENGVLK.L,CDK7,2.088e+6,2.390,0.031,1.516,0.001
31353,2,"  2.536","  0.676",13/20,/core/www/modules//sdig/index.php?run_id=110202&search_id=114132&scans_id=110198&peptide_id=23256&scanf=31353&charge=2&value=13/20,sp|O60506|HNRPQ_HUMAN,/core/www/modules//consensus/?run_id=110202&search_id=114132&scans_id=110198&peptide_id=23256&scanf=31353&charge=2&value=sp|O60506|HNRPQ_HUMAN,7,/core/www/modules/match_peptides/blast_html4.php?run_id=110202&search_id=114132&scans_id=110198&peptide_id=23256&scanf=31353&charge=2&value=7,R.LMMDPLTGLNR.G,/core/www/modules/show_out/show_out_wrapper.php?run_id=110202&search_id=114132&scans_id=110198&peptide_id=23256&scanf=31353&charge=2&value=R.LMMDPLTGLNR.G,SYNCRIP,1.389e+8,3.982,0.000,3.863,0.000
31355,2,"  1.798","  0.422",8/16,/core/www/modules//sdig/index.php?run_id=110202&search_id=114132&scans_id=110198&peptide_id=23258&scanf=31355&charge=2&value=8/16,sp|Q9H6R0|DHX33_HUMAN,/core/www/modules//consensus/?run_id=110202&search_id=114132&scans_id=110198&peptide_id=23258&scanf=31355&charge=2&value=sp|Q9H6R0|DHX33_HUMAN,1,/core/www/modules/match_peptides/blast_html4.php?run_id=110202&search_id=114132&scans_id=110198&peptide_id=23258&scanf=31355&charge=2&value=1,K.FLTDGMLLR.E,/core/www/modules/show_out/show_out_wrapper.php?run_id=110202&search_id=114132&scans_id=110198&peptide_id=23258&scanf=31355&charge=2&value=K.FLTDGMLLR.E,DHX33,3.936e+6,2.830,0.007,2.157,0.000
31356,4,"  4.929","  0.475",16/114,/core/www/modules//sdig/index.php?run_id=110202&search_id=114132&scans_id=110198&peptide_id=23259&scanf=31356&charge=4&value=16/114,sp|P68400|CSK21_HUMAN,/core/www/modules//consensus/?run_id=110202&search_id=114132&scans_id=110198&peptide_id=23259&scanf=31356&charge=4&value=sp|P68400|CSK21_HUMAN,8,/core/www/modules/match_peptides/blast_html4.php?run_id=110202&search_id=114132&scans_id=110198&peptide_id=23259&scanf=31356&charge=4&value=8,R.FVHSENQHLVSPEALDFLDK.L,/core/www/modules/show_out/show_out_wrapper.php?run_id=110202&search_id=114132&scans_id=110198&peptide_id=23259&scanf=31356&charge=4&value=R.FVHSENQHLVSPEALDFLDK.L,CSNK2A1,5.038e+6,3.236,0.002,2.757,0.000
31361,2,"  4.736","  0.683",19/30,/core/www/modules//sdig/index.php?run_id=110202&search_id=114132&scans_id=110198&peptide_id=23265&scanf=31361&charge=2&value=19/30,sp|P35579|MYH9_HUMAN,/core/www/modules//consensus/?run_id=110202&search_id=114132&scans_id=110198&peptide_id=23265&scanf=31361&charge=2&value=sp|P35579|MYH9_HUMAN,1,/core/www/modules/match_peptides/blast_html4.php?run_id=110202&search_id=114132&scans_id=110198&peptide_id=23265&scanf=31361&charge=2&value=1,K.ANLQIDQINTDLNLER.S,/core/www/modules/show_out/show_out_wrapper.php?run_id=110202&search_id=114132&scans_id=110198&peptide_id=23265&scanf=31361&charge=2&value=K.ANLQIDQINTDLNLER.S,MYH9,6.959e+6,4.013,0.000,3.909,0.000
31362,3,"  2.020","  0.445",13/44,/core/www/modules//sdig/index.php?run_id=110202&search_id=114132&scans_id=110198&peptide_id=23266&scanf=31362&charge=3&value=13/44,sp|O75695|XRP2_HUMAN,/core/www/modules//consensus/?run_id=110202&search_id=114132&scans_id=110198&peptide_id=23266&scanf=31362&charge=3&value=sp|O75695|XRP2_HUMAN,0,/core/www/modules/match_peptides/blast_html4.php?run_id=110202&search_id=114132&scans_id=110198&peptide_id=23266&scanf=31362&charge=3&value=0,R.EKAPDFLPLLNK.G,/core/www/modules/show_out/show_out_wrapper.php?run_id=110202&search_id=114132&scans_id=110198&peptide_id=23266&scanf=31362&charge=3&value=R.EKAPDFLPLLNK.G,RP2,2.588e+6,2.684,0.011,1.943,0.000
31364,2,"  1.959","  0.142",8/12,/core/www/modules//sdig/index.php?run_id=110202&search_id=114132&scans_id=110198&peptide_id=23268&scanf=31364&charge=2&value=8/12,sp|Q9UJ98|STAG3_HUMAN,/core/www/modules//consensus/?run_id=110202&search_id=114132&scans_id=110198&peptide_id=23268&scanf=31364&charge=2&value=sp|Q9UJ98|STAG3_HUMAN,1,/core/www/modules/match_peptides/blast_html4.php?run_id=110202&search_id=114132&scans_id=110198&peptide_id=23268&scanf=31364&charge=2&value=1,R.ILLLSLK.Q,/core/www/modules/show_out/show_out_wrapper.php?run_id=110202&search_id=114132&scans_id=110198&peptide_id=23268&scanf=31364&charge=2&value=R.ILLLSLK.Q,STAG3,4.452e+6,2.236,0.051,1.296,0.002
31370,2,"  1.874","  0.156",8/14,/core/www/modules//sdig/index.php?run_id=110202&search_id=114132&scans_id=110198&peptide_id=23275&scanf=31370&charge=2&value=8/14,sp|O95071|UBR5_HUMAN,/core/www/modules//consensus/?run_id=110202&search_id=114132&scans_id=110198&peptide_id=23275&scanf=31370&charge=2&value=sp|O95071|UBR5_HUMAN,2,/core/www/modules/match_peptides/blast_html4.php?run_id=110202&search_id=114132&scans_id=110198&peptide_id=23275&scanf=31370&charge=2&value=2,K.GLLDVLPK.N,/core/www/modules/show_out/show_out_wrapper.php?run_id=110202&search_id=114132&scans_id=110198&peptide_id=23275&scanf=31370&charge=2&value=K.GLLDVLPK.N,UBR5,3.374e+6,2.137,0.070,1.157,0.002
31374,3,"  3.754","  0.568",17/56,/core/www/modules//sdig/index.php?run_id=110202&search_id=114132&scans_id=110198&peptide_id=23278&scanf=31374&charge=3&value=17/56,sp|Q08945|SSRP1_HUMAN,/core/www/modules//consensus/?run_id=110202&search_id=114132&scans_id=110198&peptide_id=23278&scanf=31374&charge=3&value=sp|Q08945|SSRP1_HUMAN,0,/core/www/modules/match_peptides/blast_html4.php?run_id=110202&search_id=114132&scans_id=110198&peptide_id=23278&scanf=31374&charge=3&value=0,K.VDNIQAGELTEGIWR.R,/core/www/modules/show_out/show_out_wrapper.php?run_id=110202&search_id=114132&scans_id=110198&peptide_id=23278&scanf=31374&charge=3&value=K.VDNIQAGELTEGIWR.R,SSRP1,1.291e+7,3.404,0.001,3.005,0.000
31375,3,"  5.073","  0.599",18/68,/core/www/modules//sdig/index.php?run_id=110202&search_id=114132&scans_id=110198&peptide_id=23279&scanf=31375&charge=3&value=18/68,sp|Q15393|SF3B3_HUMAN,/core/www/modules//consensus/?run_id=110202&search_id=114132&scans_id=110198&peptide_id=23279&scanf=31375&charge=3&value=sp|Q15393|SF3B3_HUMAN,0,/core/www/modules/match_peptides/blast_html4.php?run_id=110202&search_id=114132&scans_id=110198&peptide_id=23279&scanf=31375&charge=3&value=0,K.AEVIMNYHVGETVLSLQK.T,/core/www/modules/show_out/show_out_wrapper.php?run_id=110202&search_id=114132&scans_id=110198&peptide_id=23279&scanf=31375&charge=3&value=K.AEVIMNYHVGETVLSLQK.T,SF3B3,9.062e+6,3.500,0.001,3.148,0.000
31376,2,"  4.857","  0.682",17/30,/core/www/modules//sdig/index.php?run_id=110202&search_id=114132&scans_id=110198&peptide_id=23280&scanf=31376&charge=2&value=17/30,sp|P13667|PDIA4_HUMAN,/core/www/modules//consensus/?run_id=110202&search_id=114132&scans_id=110198&peptide_id=23280&scanf=31376&charge=2&value=sp|P13667|PDIA4_HUMAN,2,/core/www/modules/match_peptides/blast_html4.php?run_id=110202&search_id=114132&scans_id=110198&peptide_id=23280&scanf=31376&charge=2&value=2,K.YGIVDYMIEQSGPPSK.E,/core/www/modules/show_out/show_out_wrapper.php?run_id=110202&search_id=114132&scans_id=110198&peptide_id=23280&scanf=31376&charge=2&value=K.YGIVDYMIEQSGPPSK.E,PDIA4,4.323e+6,3.849,0.000,3.666,0.000
31377,2,"  4.221","  0.729",17/30,/core/www/modules//sdig/index.php?run_id=110202&search_id=114132&scans_id=110198&peptide_id=23281&scanf=31377&charge=2&value=17/30,sp|P13667|PDIA4_HUMAN,/core/www/modules//consensus/?run_id=110202&search_id=114132&scans_id=110198&peptide_id=23281&scanf=31377&charge=2&value=sp|P13667|PDIA4_HUMAN,2,/core/www/modules/match_peptides/blast_html4.php?run_id=110202&search_id=114132&scans_id=110198&peptide_id=23281&scanf=31377&charge=2&value=2,K.YGIVDYMIEQSGPPSK.E,/core/www/modules/show_out/show_out_wrapper.php?run_id=110202&search_id=114132&scans_id=110198&peptide_id=23281&scanf=31377&charge=2&value=K.YGIVDYMIEQSGPPSK.E,PDIA4,4.323e+6,3.957,0.000,3.826,0.000
31381,3,"  3.906","  0.550",17/88,/core/www/modules//sdig/index.php?run_id=110202&search_id=114132&scans_id=110198&peptide_id=23286&scanf=31381&charge=3&value=17/88,sp|Q969G3|SMCE1_HUMAN,/core/www/modules//consensus/?run_id=110202&search_id=114132&scans_id=110198&peptide_id=23286&scanf=31381&charge=3&value=sp|Q969G3|SMCE1_HUMAN,10,/core/www/modules/match_peptides/blast_html4.php?run_id=110202&search_id=114132&scans_id=110198&peptide_id=23286&scanf=31381&charge=3&value=10,K.GEPYMSIQPAEDPDDYDDGFSMK.H,/core/www/modules/show_out/show_out_wrapper.php?run_id=110202&search_id=114132&scans_id=110198&peptide_id=23286&scanf=31381&charge=3&value=K.GEPYMSIQPAEDPDDYDDGFSMK.H,SMARCE1,1.415e+6,2.892,0.006,2.249,0.000
31382,3,"  3.290","  0.467",16/76,/core/www/modules//sdig/index.php?run_id=110202&search_id=114132&scans_id=110198&peptide_id=23287&scanf=31382&charge=3&value=16/76,sp|Q14676|MDC1_HUMAN,/core/www/modules//consensus/?run_id=110202&search_id=114132&scans_id=110198&peptide_id=23287&scanf=31382&charge=3&value=sp|Q14676|MDC1_HUMAN,0,/core/www/modules/match_peptides/blast_html4.php?run_id=110202&search_id=114132&scans_id=110198&peptide_id=23287&scanf=31382&charge=3&value=0,R.KAGFFLPPDEYVVTDPEQEK.N,/core/www/modules/show_out/show_out_wrapper.php?run_id=110202&search_id=114132&scans_id=110198&peptide_id=23287&scanf=31382&charge=3&value=R.KAGFFLPPDEYVVTDPEQEK.N,MDC1,2.960e+6,2.478,0.023,1.643,0.001
31383,3,"  4.050","  0.516",16/60,/core/www/modules//sdig/index.php?run_id=110202&search_id=114132&scans_id=110198&peptide_id=23288&scanf=31383&charge=3&value=16/60,sp|Q9P287|BCCIP_HUMAN,/core/www/modules//consensus/?run_id=110202&search_id=114132&scans_id=110198&peptide_id=23288&scanf=31383&charge=3&value=sp|Q9P287|BCCIP_HUMAN,0,/core/www/modules/match_peptides/blast_html4.php?run_id=110202&search_id=114132&scans_id=110198&peptide_id=23288&scanf=31383&charge=3&value=0,K.FLNDTTKPVGLLLSER.F,/core/www/modules/show_out/show_out_wrapper.php?run_id=110202&search_id=114132&scans_id=110198&peptide_id=23288&scanf=31383&charge=3&value=K.FLNDTTKPVGLLLSER.F,BCCIP,9.822e+6,3.119,0.003,2.583,0.000
31385,3,"  4.541","  0.587",17/68,/core/www/modules//sdig/index.php?run_id=110202&search_id=114132&scans_id=110198&peptide_id=23290&scanf=31385&charge=3&value=17/68,sp|Q9NY61|AATF_HUMAN,/core/www/modules//consensus/?run_id=110202&search_id=114132&scans_id=110198&peptide_id=23290&scanf=31385&charge=3&value=sp|Q9NY61|AATF_HUMAN,3,/core/www/modules/match_peptides/blast_html4.php?run_id=110202&search_id=114132&scans_id=110198&peptide_id=23290&scanf=31385&charge=3&value=3,K.LLSFMAPIDHTTMNDDAR.T,/core/www/modules/show_out/show_out_wrapper.php?run_id=110202&search_id=114132&scans_id=110198&peptide_id=23290&scanf=31385&charge=3&value=K.LLSFMAPIDHTTMNDDAR.T,AATF,3.497e+6,3.206,0.002,2.713,0.000
31387,3,"  2.026","  0.343",8/44,/core/www/modules//sdig/index.php?run_id=110202&search_id=114132&scans_id=110198&peptide_id=23292&scanf=31387&charge=3&value=8/44,sp|O00567|NOP56_HUMAN,/core/www/modules//consensus/?run_id=110202&search_id=114132&scans_id=110198&peptide_id=23292&scanf=31387&charge=3&value=sp|O00567|NOP56_HUMAN,2,/core/www/modules/match_peptides/blast_html4.php?run_id=110202&search_id=114132&scans_id=110198&peptide_id=23292&scanf=31387&charge=3&value=2,R.EWYGYHFPELVK.I,/core/www/modules/show_out/show_out_wrapper.php?run_id=110202&search_id=114132&scans_id=110198&peptide_id=23292&scanf=31387&charge=3&value=R.EWYGYHFPELVK.I,NOP56,3.248e+7,2.602,0.015,1.823,0.000
31391,2,"  2.906","  0.377",9/20,/core/www/modules//sdig/index.php?run_id=110202&search_id=114132&scans_id=110198&peptide_id=23297&scanf=31391&charge=2&value=9/20,sp|P55039|DRG2_HUMAN,/core/www/modules//consensus/?run_id=110202&search_id=114132&scans_id=110198&peptide_id=23297&scanf=31391&charge=2&value=sp|P55039|DRG2_HUMAN,6,/core/www/modules/match_peptides/blast_html4.php?run_id=110202&search_id=114132&scans_id=110198&peptide_id=23297&scanf=31391&charge=2&value=6,R.VALIGFPSVGK.S,/core/www/modules/show_out/show_out_wrapper.php?run_id=110202&search_id=114132&scans_id=110198&peptide_id=23297&scanf=31391&charge=2&value=R.VALIGFPSVGK.S,DRG2,2.504e+6,2.476,0.023,1.640,0.001
31395,2,"  3.270","  0.536",15/26,/core/www/modules//sdig/index.php?run_id=110202&search_id=114132&scans_id=110198&peptide_id=23300&scanf=31395&charge=2&value=15/26,sp|Q9Y2X3|NOP58_HUMAN,/core/www/modules//consensus/?run_id=110202&search_id=114132&scans_id=110198&peptide_id=23300&scanf=31395&charge=2&value=sp|Q9Y2X3|NOP58_HUMAN,1,/core/www/modules/match_peptides/blast_html4.php?run_id=110202&search_id=114132&scans_id=110198&peptide_id=23300&scanf=31395&charge=2&value=1,K.LSELLPEEVEAEVK.A,/core/www/modules/show_out/show_out_wrapper.php?run_id=110202&search_id=114132&scans_id=110198&peptide_id=23300&scanf=31395&charge=2&value=K.LSELLPEEVEAEVK.A,NOP58,5.321e+7,3.281,0.001,2.824,0.000
31396,3,"  6.546","  0.667",23/84,/core/www/modules//sdig/index.php?run_id=110202&search_id=114132&scans_id=110198&peptide_id=23301&scanf=31396&charge=3&value=23/84,sp|Q53GS9|SNUT2_HUMAN,/core/www/modules//consensus/?run_id=110202&search_id=114132&scans_id=110198&peptide_id=23301&scanf=31396&charge=3&value=sp|Q53GS9|SNUT2_HUMAN,2,/core/www/modules/match_peptides/blast_html4.php?run_id=110202&search_id=114132&scans_id=110198&peptide_id=23301&scanf=31396&charge=3&value=2,K.NTTYDLIANIVHDGKPSEGSYR.I,/core/www/modules/show_out/show_out_wrapper.php?run_id=110202&search_id=114132&scans_id=110198&peptide_id=23301&scanf=31396&charge=3&value=K.NTTYDLIANIVHDGKPSEGSYR.I,USP39,8.848e+6,3.644,0.000,3.362,0.000
31397,2,"  2.260","  0.457",9/16,/core/www/modules//sdig/index.php?run_id=110202&search_id=114132&scans_id=110198&peptide_id=23302&scanf=31397&charge=2&value=9/16,sp|P14868|SYDC_HUMAN,/core/www/modules//consensus/?run_id=110202&search_id=114132&scans_id=110198&peptide_id=23302&scanf=31397&charge=2&value=sp|P14868|SYDC_HUMAN,0,/core/www/modules/match_peptides/blast_html4.php?run_id=110202&search_id=114132&scans_id=110198&peptide_id=23302&scanf=31397&charge=2&value=0,K.VFSIGPVFR.A,/core/www/modules/show_out/show_out_wrapper.php?run_id=110202&search_id=114132&scans_id=110198&peptide_id=23302&scanf=31397&charge=2&value=K.VFSIGPVFR.A,DARS1,2.258e+7,3.155,0.002,2.637,0.000
31400,2,"  2.122","  0.407",11/20,/core/www/modules//sdig/index.php?run_id=110202&search_id=114132&scans_id=110198&peptide_id=23306&scanf=31400&charge=2&value=11/20,sp|Q14690|RRP5_HUMAN,/core/www/modules//consensus/?run_id=110202&search_id=114132&scans_id=110198&peptide_id=23306&scanf=31400&charge=2&value=sp|Q14690|RRP5_HUMAN,1,/core/www/modules/match_peptides/blast_html4.php?run_id=110202&search_id=114132&scans_id=110198&peptide_id=23306&scanf=31400&charge=2&value=1,K.AINIGQLVDVK.V,/core/www/modules/show_out/show_out_wrapper.php?run_id=110202&search_id=114132&scans_id=110198&peptide_id=23306&scanf=31400&charge=2&value=K.AINIGQLVDVK.V,PDCD11,1.742e+7,2.964,0.004,2.355,0.000
31403,2,"  2.336","  0.323",10/14,/core/www/modules//sdig/index.php?run_id=110202&search_id=114132&scans_id=110198&peptide_id=23309&scanf=31403&charge=2&value=10/14,sp|P78527|PRKDC_HUMAN,/core/www/modules//consensus/?run_id=110202&search_id=114132&scans_id=110198&peptide_id=23309&scanf=31403&charge=2&value=sp|P78527|PRKDC_HUMAN,0,/core/www/modules/match_peptides/blast_html4.php?run_id=110202&search_id=114132&scans_id=110198&peptide_id=23309&scanf=31403&charge=2&value=0,R.LSFAVPFR.E,/core/www/modules/show_out/show_out_wrapper.php?run_id=110202&search_id=114132&scans_id=110198&peptide_id=23309&scanf=31403&charge=2&value=R.LSFAVPFR.E,PRKDC,8.868e+7,3.742,0.000,3.506,0.000
31404,3,"  4.641","  0.499",18/68,/core/www/modules//sdig/index.php?run_id=110202&search_id=114132&scans_id=110198&peptide_id=23310&scanf=31404&charge=3&value=18/68,sp|Q2TAY7|SMU1_HUMAN,/core/www/modules//consensus/?run_id=110202&search_id=114132&scans_id=110198&peptide_id=23310&scanf=31404&charge=3&value=sp|Q2TAY7|SMU1_HUMAN,0,/core/www/modules/match_peptides/blast_html4.php?run_id=110202&search_id=114132&scans_id=110198&peptide_id=23310&scanf=31404&charge=3&value=0,R.AAIAQALAGEVSVVPPSR.L,/core/www/modules/show_out/show_out_wrapper.php?run_id=110202&search_id=114132&scans_id=110198&peptide_id=23310&scanf=31404&charge=3&value=R.AAIAQALAGEVSVVPPSR.L,SMU1,1.041e+7,3.035,0.003,2.460,0.000
31405,2,"  2.980","  0.565",11/18,/core/www/modules//sdig/index.php?run_id=110202&search_id=114132&scans_id=110198&peptide_id=23311&scanf=31405&charge=2&value=11/18,sp|P17844|DDX5_HUMAN,/core/www/modules//consensus/?run_id=110202&search_id=114132&scans_id=110198&peptide_id=23311&scanf=31405&charge=2&value=sp|P17844|DDX5_HUMAN,2,/core/www/modules/match_peptides/blast_html4.php?run_id=110202&search_id=114132&scans_id=110198&peptide_id=23311&scanf=31405&charge=2&value=2,K.QVSDLISVLR.E,/core/www/modules/show_out/show_out_wrapper.php?run_id=110202&search_id=114132&scans_id=110198&peptide_id=23311&scanf=31405&charge=2&value=K.QVSDLISVLR.E,DDX5,6.657e+7,3.585,0.001,3.274,0.000
31410,2,"  1.618","  0.215",11/18,/core/www/modules//sdig/index.php?run_id=110202&search_id=114132&scans_id=110198&peptide_id=23317&scanf=31410&charge=2&value=11/18,sp|A5YKK6|CNOT1_HUMAN,/core/www/modules//consensus/?run_id=110202&search_id=114132&scans_id=110198&peptide_id=23317&scanf=31410&charge=2&value=sp|A5YKK6|CNOT1_HUMAN,0,/core/www/modules/match_peptides/blast_html4.php?run_id=110202&search_id=114132&scans_id=110198&peptide_id=23317&scanf=31410&charge=2&value=0,R.SPVTFLSDLR.S,/core/www/modules/show_out/show_out_wrapper.php?run_id=110202&search_id=114132&scans_id=110198&peptide_id=23317&scanf=31410&charge=2&value=R.SPVTFLSDLR.S,CNOT1,5.230e+6,2.285,0.043,1.365,0.001
31414,3,"  3.651","  0.467",13/56,/core/www/modules//sdig/index.php?run_id=110202&search_id=114132&scans_id=110198&peptide_id=23321&scanf=31414&charge=3&value=13/56,sp|O43242|PSMD3_HUMAN,/core/www/modules//consensus/?run_id=110202&search_id=114132&scans_id=110198&peptide_id=23321&scanf=31414&charge=3&value=sp|O43242|PSMD3_HUMAN,0,/core/www/modules/match_peptides/blast_html4.php?run_id=110202&search_id=114132&scans_id=110198&peptide_id=23321&scanf=31414&charge=3&value=0,K.LQLDSPEDAEFIVAK.A,/core/www/modules/show_out/show_out_wrapper.php?run_id=110202&search_id=114132&scans_id=110198&peptide_id=23321&scanf=31414&charge=3&value=K.LQLDSPEDAEFIVAK.A,PSMD3,1.488e+6,2.998,0.004,2.406,0.000
31416,2,"  2.136","  0.614",11/18,/core/www/modules//sdig/index.php?run_id=110202&search_id=114132&scans_id=110198&peptide_id=23322&scanf=31416&charge=2&value=11/18,sp|O75643|U520_HUMAN,/core/www/modules//consensus/?run_id=110202&search_id=114132&scans_id=110198&peptide_id=23322&scanf=31416&charge=2&value=sp|O75643|U520_HUMAN,1,/core/www/modules/match_peptides/blast_html4.php?run_id=110202&search_id=114132&scans_id=110198&peptide_id=23322&scanf=31416&charge=2&value=1,R.TLVEDLFADK.H,/core/www/modules/show_out/show_out_wrapper.php?run_id=110202&search_id=114132&scans_id=110198&peptide_id=23322&scanf=31416&charge=2&value=R.TLVEDLFADK.H,SNRNP200,4.883e+7,3.899,0.000,3.740,0.000
31417,2,"  3.278","  0.495",12/20,/core/www/modules//sdig/index.php?run_id=110202&search_id=114132&scans_id=110198&peptide_id=23323&scanf=31417&charge=2&value=12/20,sp|Q9P2K5|MYEF2_HUMAN,/core/www/modules//consensus/?run_id=110202&search_id=114132&scans_id=110198&peptide_id=23323&scanf=31417&charge=2&value=sp|Q9P2K5|MYEF2_HUMAN,3,/core/www/modules/match_peptides/blast_html4.php?run_id=110202&search_id=114132&scans_id=110198&peptide_id=23323&scanf=31417&charge=2&value=3,K.VGEVTYVELFK.D,/core/www/modules/show_out/show_out_wrapper.php?run_id=110202&search_id=114132&scans_id=110198&peptide_id=23323&scanf=31417&charge=2&value=K.VGEVTYVELFK.D,MYEF2,1.775e+7,3.266,0.002,2.801,0.000
31418,3,"  5.481","  0.585",18/60,/core/www/modules//sdig/index.php?run_id=110202&search_id=114132&scans_id=110198&peptide_id=23324&scanf=31418&charge=3&value=18/60,sp|P14866|HNRPL_HUMAN,/core/www/modules//consensus/?run_id=110202&search_id=114132&scans_id=110198&peptide_id=23324&scanf=31418&charge=3&value=sp|P14866|HNRPL_HUMAN,4,/core/www/modules/match_peptides/blast_html4.php?run_id=110202&search_id=114132&scans_id=110198&peptide_id=23324&scanf=31418&charge=3&value=4,K.SDALETLGFLNHYQM*K.N,/core/www/modules/show_out/show_out_wrapper.php?run_id=110202&search_id=114132&scans_id=110198&peptide_id=23324&scanf=31418&charge=3&value=K.SDALETLGFLNHYQM*K.N,HNRNPL,1.830e+7,3.684,0.000,3.421,0.000
31419,4,"  7.319","  0.563",23/162,/core/www/modules//sdig/index.php?run_id=110202&search_id=114132&scans_id=110198&peptide_id=23325&scanf=31419&charge=4&value=23/162,sp|P46063|RECQ1_HUMAN,/core/www/modules//consensus/?run_id=110202&search_id=114132&scans_id=110198&peptide_id=23325&scanf=31419&charge=4&value=sp|P46063|RECQ1_HUMAN,0,/core/www/modules/match_peptides/blast_html4.php?run_id=110202&search_id=114132&scans_id=110198&peptide_id=23325&scanf=31419&charge=4&value=0,K.DSEQVTVSLQNLGIHAGAYHANLEPEDK.T,/core/www/modules/show_out/show_out_wrapper.php?run_id=110202&search_id=114132&scans_id=110198&peptide_id=23325&scanf=31419&charge=4&value=K.DSEQVTVSLQNLGIHAGAYHANLEPEDK.T,RECQL,6.841e+6,3.404,0.001,3.007,0.000
31420,3,"  4.209","  0.582",17/60,/core/www/modules//sdig/index.php?run_id=110202&search_id=114132&scans_id=110198&peptide_id=23327&scanf=31420&charge=3&value=17/60,sp|Q92878|RAD50_HUMAN,/core/www/modules//consensus/?run_id=110202&search_id=114132&scans_id=110198&peptide_id=23327&scanf=31420&charge=3&value=sp|Q92878|RAD50_HUMAN,7,/core/www/modules/match_peptides/blast_html4.php?run_id=110202&search_id=114132&scans_id=110198&peptide_id=23327&scanf=31420&charge=3&value=7,R.HSDELTSLLGYFPNKK.Q,/core/www/modules/show_out/show_out_wrapper.php?run_id=110202&search_id=114132&scans_id=110198&peptide_id=23327&scanf=31420&charge=3&value=R.HSDELTSLLGYFPNKK.Q,RAD50,8.862e+6,3.221,0.002,2.735,0.000
31421,2,"  3.775","  0.653",14/30,/core/www/modules//sdig/index.php?run_id=110202&search_id=114132&scans_id=110198&peptide_id=23328&scanf=31421&charge=2&value=14/30,sp|Q9Y3A4|RRP7A_HUMAN,/core/www/modules//consensus/?run_id=110202&search_id=114132&scans_id=110198&peptide_id=23328&scanf=31421&charge=2&value=sp|Q9Y3A4|RRP7A_HUMAN,0,/core/www/modules/match_peptides/blast_html4.php?run_id=110202&search_id=114132&scans_id=110198&peptide_id=23328&scanf=31421&charge=2&value=0,K.WISDYADSVPDPEALR.V,/core/www/modules/show_out/show_out_wrapper.php?run_id=110202&search_id=114132&scans_id=110198&peptide_id=23328&scanf=31421&charge=2&value=K.WISDYADSVPDPEALR.V,RRP7A,1.640e+7,3.370,0.001,2.956,0.000
31422,3,"  2.451","  0.407",14/52,/core/www/modules//sdig/index.php?run_id=110202&search_id=114132&scans_id=110198&peptide_id=23329&scanf=31422&charge=3&value=14/52,sp|P40926|MDHM_HUMAN,/core/www/modules//consensus/?run_id=110202&search_id=114132&scans_id=110198&peptide_id=23329&scanf=31422&charge=3&value=sp|P40926|MDHM_HUMAN,1,/core/www/modules/match_peptides/blast_html4.php?run_id=110202&search_id=114132&scans_id=110198&peptide_id=23329&scanf=31422&charge=3&value=1,K.VDFPQDQLTALTGR.I,/core/www/modules/show_out/show_out_wrapper.php?run_id=110202&search_id=114132&scans_id=110198&peptide_id=23329&scanf=31422&charge=3&value=K.VDFPQDQLTALTGR.I,MDH2,7.900e+6,2.752,0.009,2.043,0.000
31424,3,"  5.009","  0.495",18/68,/core/www/modules//sdig/index.php?run_id=110202&search_id=114132&scans_id=110198&peptide_id=23331&scanf=31424&charge=3&value=18/68,sp|Q2TAY7|SMU1_HUMAN,/core/www/modules//consensus/?run_id=110202&search_id=114132&scans_id=110198&peptide_id=23331&scanf=31424&charge=3&value=sp|Q2TAY7|SMU1_HUMAN,0,/core/www/modules/match_peptides/blast_html4.php?run_id=110202&search_id=114132&scans_id=110198&peptide_id=23331&scanf=31424&charge=3&value=0,R.AAIAQALAGEVSVVPPSR.L,/core/www/modules/show_out/show_out_wrapper.php?run_id=110202&search_id=114132&scans_id=110198&peptide_id=23331&scanf=31424&charge=3&value=R.AAIAQALAGEVSVVPPSR.L,SMU1,1.041e+7,3.038,0.003,2.465,0.000
31429,2,"  2.443","  0.409",10/20,/core/www/modules//sdig/index.php?run_id=110202&search_id=114132&scans_id=110198&peptide_id=23336&scanf=31429&charge=2&value=10/20,sp|O94874|UFL1_HUMAN,/core/www/modules//consensus/?run_id=110202&search_id=114132&scans_id=110198&peptide_id=23336&scanf=31429&charge=2&value=sp|O94874|UFL1_HUMAN,0,/core/www/modules/match_peptides/blast_html4.php?run_id=110202&search_id=114132&scans_id=110198&peptide_id=23336&scanf=31429&charge=2&value=0,R.GVIFTEAFVAR.H,/core/www/modules/show_out/show_out_wrapper.php?run_id=110202&search_id=114132&scans_id=110198&peptide_id=23336&scanf=31429&charge=2&value=R.GVIFTEAFVAR.H,UFL1,3.713e+6,2.749,0.009,2.038,0.000
31432,3,"  1.961","  0.415",12/52,/core/www/modules//sdig/index.php?run_id=110202&search_id=114132&scans_id=110198&peptide_id=23340&scanf=31432&charge=3&value=12/52,sp|P63208|SKP1_HUMAN,/core/www/modules//consensus/?run_id=110202&search_id=114132&scans_id=110198&peptide_id=23340&scanf=31432&charge=3&value=sp|P63208|SKP1_HUMAN,5,/core/www/modules/match_peptides/blast_html4.php?run_id=110202&search_id=114132&scans_id=110198&peptide_id=23340&scanf=31432&charge=3&value=5,K.RTDDIPVWDQEFLK.V,/core/www/modules/show_out/show_out_wrapper.php?run_id=110202&search_id=114132&scans_id=110198&peptide_id=23340&scanf=31432&charge=3&value=K.RTDDIPVWDQEFLK.V,SKP1,6.121e+6,2.449,0.025,1.600,0.001
31435,3,"  4.778","  0.559",21/96,/core/www/modules//sdig/index.php?run_id=110202&search_id=114132&scans_id=110198&peptide_id=23343&scanf=31435&charge=3&value=21/96,sp|Q00577|PURA_HUMAN,/core/www/modules//consensus/?run_id=110202&search_id=114132&scans_id=110198&peptide_id=23343&scanf=31435&charge=3&value=sp|Q00577|PURA_HUMAN,0,/core/www/modules/match_peptides/blast_html4.php?run_id=110202&search_id=114132&scans_id=110198&peptide_id=23343&scanf=31435&charge=3&value=0,K.LIDDYGVEEEPAELPEGTSLTVDNK.R,/core/www/modules/show_out/show_out_wrapper.php?run_id=110202&search_id=114132&scans_id=110198&peptide_id=23343&scanf=31435&charge=3&value=K.LIDDYGVEEEPAELPEGTSLTVDNK.R,PURA,2.388e+6,2.958,0.005,2.347,0.000
31437,3,"  3.611","  0.226",12/68,/core/www/modules//sdig/index.php?run_id=110202&search_id=114132&scans_id=110198&peptide_id=23344&scanf=31437&charge=3&value=12/68,sp|P60709|ACTB_HUMAN,/core/www/modules//consensus/?run_id=110202&search_id=114132&scans_id=110198&peptide_id=23344&scanf=31437&charge=3&value=sp|P60709|ACTB_HUMAN,14,/core/www/modules/match_peptides/blast_html4.php?run_id=110202&search_id=114132&scans_id=110198&peptide_id=23344&scanf=31437&charge=3&value=14,R.VAPEEHPVLLTEAPLNPK.A,/core/www/modules/show_out/show_out_wrapper.php?run_id=110202&search_id=114132&scans_id=110198&peptide_id=23344&scanf=31437&charge=3&value=R.VAPEEHPVLLTEAPLNPK.A,ACTB,3.490e+6,2.524,0.020,1.709,0.000
31439,2,"  3.381","  0.564",14/26,/core/www/modules//sdig/index.php?run_id=110202&search_id=114132&scans_id=110198&peptide_id=23346&scanf=31439&charge=2&value=14/26,sp|P34897|GLYM_HUMAN,/core/www/modules//consensus/?run_id=110202&search_id=114132&scans_id=110198&peptide_id=23346&scanf=31439&charge=2&value=sp|P34897|GLYM_HUMAN,2,/core/www/modules/match_peptides/blast_html4.php?run_id=110202&search_id=114132&scans_id=110198&peptide_id=23346&scanf=31439&charge=2&value=2,K.TGLIDYNQLALTAR.L,/core/www/modules/show_out/show_out_wrapper.php?run_id=110202&search_id=114132&scans_id=110198&peptide_id=23346&scanf=31439&charge=2&value=K.TGLIDYNQLALTAR.L,SHMT2,6.397e+6,3.285,0.001,2.829,0.000
31441,3,"  2.085","  0.298",10/64,/core/www/modules//sdig/index.php?run_id=110202&search_id=114132&scans_id=110198&peptide_id=23349&scanf=31441&charge=3&value=10/64,sp|Q9BQ67|GRWD1_HUMAN,/core/www/modules//consensus/?run_id=110202&search_id=114132&scans_id=110198&peptide_id=23349&scanf=31441&charge=3&value=sp|Q9BQ67|GRWD1_HUMAN,0,/core/www/modules/match_peptides/blast_html4.php?run_id=110202&search_id=114132&scans_id=110198&peptide_id=23349&scanf=31441&charge=3&value=0,R.EGEELVMDEEAYVLYHR.A,/core/www/modules/show_out/show_out_wrapper.php?run_id=110202&search_id=114132&scans_id=110198&peptide_id=23349&scanf=31441&charge=3&value=R.EGEELVMDEEAYVLYHR.A,GRWD1,2.835e+6,2.073,0.085,1.070,0.003
31444,2,"  1.463","  0.183",8/12,/core/www/modules//sdig/index.php?run_id=110202&search_id=114132&scans_id=110198&peptide_id=23352&scanf=31444&charge=2&value=8/12,sp|O14980|XPO1_HUMAN,/core/www/modules//consensus/?run_id=110202&search_id=114132&scans_id=110198&peptide_id=23352&scanf=31444&charge=2&value=sp|O14980|XPO1_HUMAN,12,/core/www/modules/match_peptides/blast_html4.php?run_id=110202&search_id=114132&scans_id=110198&peptide_id=23352&scanf=31444&charge=2&value=12,R.FLVTVIK.D,/core/www/modules/show_out/show_out_wrapper.php?run_id=110202&search_id=114132&scans_id=110198&peptide_id=23352&scanf=31444&charge=2&value=R.FLVTVIK.D,XPO1,3.414e+6,2.467,0.024,1.626,0.001
31448,3,"  3.442","  0.500",17/56,/core/www/modules//sdig/index.php?run_id=110202&search_id=114132&scans_id=110198&peptide_id=23356&scanf=31448&charge=3&value=17/56,sp|Q8NE71|ABCF1_HUMAN,/core/www/modules//consensus/?run_id=110202&search_id=114132&scans_id=110198&peptide_id=23356&scanf=31448&charge=3&value=sp|Q8NE71|ABCF1_HUMAN,3,/core/www/modules/match_peptides/blast_html4.php?run_id=110202&search_id=114132&scans_id=110198&peptide_id=23356&scanf=31448&charge=3&value=3,R.EVLEALGEVMVSRPR.E,/core/www/modules/show_out/show_out_wrapper.php?run_id=110202&search_id=114132&scans_id=110198&peptide_id=23356&scanf=31448&charge=3&value=R.EVLEALGEVMVSRPR.E,ABCF1,3.136e+6,3.221,0.002,2.735,0.000
31449,3,"  5.028","  0.577",19/72,/core/www/modules//sdig/index.php?run_id=110202&search_id=114132&scans_id=110198&peptide_id=23357&scanf=31449&charge=3&value=19/72,sp|Q99460|PSMD1_HUMAN,/core/www/modules//consensus/?run_id=110202&search_id=114132&scans_id=110198&peptide_id=23357&scanf=31449&charge=3&value=sp|Q99460|PSMD1_HUMAN,5,/core/www/modules/match_peptides/blast_html4.php?run_id=110202&search_id=114132&scans_id=110198&peptide_id=23357&scanf=31449&charge=3&value=5,K.DTSEDIEELVEPVAAHGPK.I,/core/www/modules/show_out/show_out_wrapper.php?run_id=110202&search_id=114132&scans_id=110198&peptide_id=23357&scanf=31449&charge=3&value=K.DTSEDIEELVEPVAAHGPK.I,PSMD1,2.191e+7,3.217,0.002,2.729,0.000
31450,3,"  2.363","  0.276",9/40,/core/www/modules//sdig/index.php?run_id=110202&search_id=114132&scans_id=110198&peptide_id=23358&scanf=31450&charge=3&value=9/40,sp|Q8NI27|THOC2_HUMAN,/core/www/modules//consensus/?run_id=110202&search_id=114132&scans_id=110198&peptide_id=23358&scanf=31450&charge=3&value=sp|Q8NI27|THOC2_HUMAN,1,/core/www/modules/match_peptides/blast_html4.php?run_id=110202&search_id=114132&scans_id=110198&peptide_id=23358&scanf=31450&charge=3&value=1,K.LIHITIEPLYR.R,/core/www/modules/show_out/show_out_wrapper.php?run_id=110202&search_id=114132&scans_id=110198&peptide_id=23358&scanf=31450&charge=3&value=K.LIHITIEPLYR.R,THOC2,1.956e+6,2.436,0.026,1.581,0.001
31454,2,"  2.797","  0.434",10/20,/core/www/modules//sdig/index.php?run_id=110202&search_id=114132&scans_id=110198&peptide_id=23362&scanf=31454&charge=2&value=10/20,sp|Q13243|SRSF5_HUMAN,/core/www/modules//consensus/?run_id=110202&search_id=114132&scans_id=110198&peptide_id=23362&scanf=31454&charge=2&value=sp|Q13243|SRSF5_HUMAN,3,/core/www/modules/match_peptides/blast_html4.php?run_id=110202&search_id=114132&scans_id=110198&peptide_id=23362&scanf=31454&charge=2&value=3,R.GFGFVEFEDPR.D,/core/www/modules/show_out/show_out_wrapper.php?run_id=110202&search_id=114132&scans_id=110198&peptide_id=23362&scanf=31454&charge=2&value=R.GFGFVEFEDPR.D,SRSF5,1.261e+7,2.895,0.006,2.253,0.000
31459,2,"  4.071","  0.579",17/28,/core/www/modules//sdig/index.php?run_id=110202&search_id=114132&scans_id=110198&peptide_id=23366&scanf=31459&charge=2&value=17/28,sp|Q9UIJ7|KAD3_HUMAN,/core/www/modules//consensus/?run_id=110202&search_id=114132&scans_id=110198&peptide_id=23366&scanf=31459&charge=2&value=sp|Q9UIJ7|KAD3_HUMAN,0,/core/www/modules/match_peptides/blast_html4.php?run_id=110202&search_id=114132&scans_id=110198&peptide_id=23366&scanf=31459&charge=2&value=0,K.TVGIDDLTGEPLIQR.E,/core/www/modules/show_out/show_out_wrapper.php?run_id=110202&search_id=114132&scans_id=110198&peptide_id=23366&scanf=31459&charge=2&value=K.TVGIDDLTGEPLIQR.E,AK3,8.077e+6,3.426,0.001,3.039,0.000
31461,3,"  5.793","  0.678",22/76,/core/www/modules//sdig/index.php?run_id=110202&search_id=114132&scans_id=110198&peptide_id=23369&scanf=31461&charge=3&value=22/76,sp|Q92620|PRP16_HUMAN,/core/www/modules//consensus/?run_id=110202&search_id=114132&scans_id=110198&peptide_id=23369&scanf=31461&charge=3&value=sp|Q92620|PRP16_HUMAN,1,/core/www/modules/match_peptides/blast_html4.php?run_id=110202&search_id=114132&scans_id=110198&peptide_id=23369&scanf=31461&charge=3&value=1,R.AKEEASAMEEEMALAEEQLR.A,/core/www/modules/show_out/show_out_wrapper.php?run_id=110202&search_id=114132&scans_id=110198&peptide_id=23369&scanf=31461&charge=3&value=R.AKEEASAMEEEMALAEEQLR.A,DHX38,4.499e+6,3.460,0.001,3.089,0.000
31462,3,"  5.843","  0.618",21/96,/core/www/modules//sdig/index.php?run_id=110202&search_id=114132&scans_id=110198&peptide_id=23370&scanf=31462&charge=3&value=21/96,sp|Q00577|PURA_HUMAN,/core/www/modules//consensus/?run_id=110202&search_id=114132&scans_id=110198&peptide_id=23370&scanf=31462&charge=3&value=sp|Q00577|PURA_HUMAN,0,/core/www/modules/match_peptides/blast_html4.php?run_id=110202&search_id=114132&scans_id=110198&peptide_id=23370&scanf=31462&charge=3&value=0,K.LIDDYGVEEEPAELPEGTSLTVDNK.R,/core/www/modules/show_out/show_out_wrapper.php?run_id=110202&search_id=114132&scans_id=110198&peptide_id=23370&scanf=31462&charge=3&value=K.LIDDYGVEEEPAELPEGTSLTVDNK.R,PURA,2.388e+6,3.116,0.003,2.579,0.000
31465,2,"  4.103","  0.530",17/34,/core/www/modules//sdig/index.php?run_id=110202&search_id=114132&scans_id=110198&peptide_id=23373&scanf=31465&charge=2&value=17/34,sp|Q2TAY7|SMU1_HUMAN,/core/www/modules//consensus/?run_id=110202&search_id=114132&scans_id=110198&peptide_id=23373&scanf=31465&charge=2&value=sp|Q2TAY7|SMU1_HUMAN,0,/core/www/modules/match_peptides/blast_html4.php?run_id=110202&search_id=114132&scans_id=110198&peptide_id=23373&scanf=31465&charge=2&value=0,R.AAIAQALAGEVSVVPPSR.L,/core/www/modules/show_out/show_out_wrapper.php?run_id=110202&search_id=114132&scans_id=110198&peptide_id=23373&scanf=31465&charge=2&value=R.AAIAQALAGEVSVVPPSR.L,SMU1,2.150e+6,2.947,0.005,2.329,0.000
31466,2,"  2.184","  0.283",9/22,/core/www/modules//sdig/index.php?run_id=110202&search_id=114132&scans_id=110198&peptide_id=23374&scanf=31466&charge=2&value=9/22,sp|P62805|H4_HUMAN,/core/www/modules//consensus/?run_id=110202&search_id=114132&scans_id=110198&peptide_id=23374&scanf=31466&charge=2&value=sp|P62805|H4_HUMAN,0,/core/www/modules/match_peptides/blast_html4.php?run_id=110202&search_id=114132&scans_id=110198&peptide_id=23374&scanf=31466&charge=2&value=0,K.TVTAM*DVVYALK.R,/core/www/modules/show_out/show_out_wrapper.php?run_id=110202&search_id=114132&scans_id=110198&peptide_id=23374&scanf=31466&charge=2&value=K.TVTAM*DVVYALK.R,H4C16,4.664e+6,2.310,0.040,1.401,0.001
31467,2,"  4.754","  0.703",19/30,/core/www/modules//sdig/index.php?run_id=110202&search_id=114132&scans_id=110198&peptide_id=23375&scanf=31467&charge=2&value=19/30,sp|Q9Y295|DRG1_HUMAN,/core/www/modules//consensus/?run_id=110202&search_id=114132&scans_id=110198&peptide_id=23375&scanf=31467&charge=2&value=sp|Q9Y295|DRG1_HUMAN,0,/core/www/modules/match_peptides/blast_html4.php?run_id=110202&search_id=114132&scans_id=110198&peptide_id=23375&scanf=31467&charge=2&value=0,R.SDATADDLIDVVEGNR.V,/core/www/modules/show_out/show_out_wrapper.php?run_id=110202&search_id=114132&scans_id=110198&peptide_id=23375&scanf=31467&charge=2&value=R.SDATADDLIDVVEGNR.V,DRG1,7.413e+6,3.754,0.000,3.525,0.000
31468,3,"  3.080","  0.557",11/52,/core/www/modules//sdig/index.php?run_id=110202&search_id=114132&scans_id=110198&peptide_id=23376&scanf=31468&charge=3&value=11/52,sp|A8MXV4|NUD19_HUMAN,/core/www/modules//consensus/?run_id=110202&search_id=114132&scans_id=110198&peptide_id=23376&scanf=31468&charge=3&value=sp|A8MXV4|NUD19_HUMAN,0,/core/www/modules/match_peptides/blast_html4.php?run_id=110202&search_id=114132&scans_id=110198&peptide_id=23376&scanf=31468&charge=3&value=0,R.EAFEEAGVLLLRPR.T,/core/www/modules/show_out/show_out_wrapper.php?run_id=110202&search_id=114132&scans_id=110198&peptide_id=23376&scanf=31468&charge=3&value=R.EAFEEAGVLLLRPR.T,NUDT19,3.039e+6,3.221,0.002,2.735,0.000
31472,2,"  2.054","  0.463",9/16,/core/www/modules//sdig/index.php?run_id=110202&search_id=114132&scans_id=110198&peptide_id=23381&scanf=31472&charge=2&value=9/16,sp|Q9NV88|INT9_HUMAN,/core/www/modules//consensus/?run_id=110202&search_id=114132&scans_id=110198&peptide_id=23381&scanf=31472&charge=2&value=sp|Q9NV88|INT9_HUMAN,1,/core/www/modules/match_peptides/blast_html4.php?run_id=110202&search_id=114132&scans_id=110198&peptide_id=23381&scanf=31472&charge=2&value=1,R.AEVLALPFK.R,/core/www/modules/show_out/show_out_wrapper.php?run_id=110202&search_id=114132&scans_id=110198&peptide_id=23381&scanf=31472&charge=2&value=R.AEVLALPFK.R,INTS9,1.892e+6,3.085,0.003,2.533,0.000
31480,3,"  3.168","  0.429",15/60,/core/www/modules//sdig/index.php?run_id=110202&search_id=114132&scans_id=110198&peptide_id=23389&scanf=31480&charge=3&value=15/60,sp|Q8WVV9|HNRLL_HUMAN,/core/www/modules//consensus/?run_id=110202&search_id=114132&scans_id=110198&peptide_id=23389&scanf=31480&charge=3&value=sp|Q8WVV9|HNRLL_HUMAN,4,/core/www/modules/match_peptides/blast_html4.php?run_id=110202&search_id=114132&scans_id=110198&peptide_id=23389&scanf=31480&charge=3&value=4,K.TDAVEALTALNHYQIR.V,/core/www/modules/show_out/show_out_wrapper.php?run_id=110202&search_id=114132&scans_id=110198&peptide_id=23389&scanf=31480&charge=3&value=K.TDAVEALTALNHYQIR.V,HNRNPLL,8.384e+6,2.842,0.007,2.176,0.000
31482,2,"  4.578","  0.636",16/30,/core/www/modules//sdig/index.php?run_id=110202&search_id=114132&scans_id=110198&peptide_id=23391&scanf=31482&charge=2&value=16/30,sp|Q13283|G3BP1_HUMAN,/core/www/modules//consensus/?run_id=110202&search_id=114132&scans_id=110198&peptide_id=23391&scanf=31482&charge=2&value=sp|Q13283|G3BP1_HUMAN,6,/core/www/modules/match_peptides/blast_html4.php?run_id=110202&search_id=114132&scans_id=110198&peptide_id=23391&scanf=31482&charge=2&value=6,R.FMQTFVLAPEGSVANK.F,/core/www/modules/show_out/show_out_wrapper.php?run_id=110202&search_id=114132&scans_id=110198&peptide_id=23391&scanf=31482&charge=2&value=R.FMQTFVLAPEGSVANK.F,G3BP1,3.079e+6,3.533,0.001,3.197,0.000
31483,3,"  5.566","  0.652",25/116,/core/www/modules//sdig/index.php?run_id=110202&search_id=114132&scans_id=110198&peptide_id=23392&scanf=31483&charge=3&value=25/116,sp|Q13263|TIF1B_HUMAN,/core/www/modules//consensus/?run_id=110202&search_id=114132&scans_id=110198&peptide_id=23392&scanf=31483&charge=3&value=sp|Q13263|TIF1B_HUMAN,1,/core/www/modules/match_peptides/blast_html4.php?run_id=110202&search_id=114132&scans_id=110198&peptide_id=23392&scanf=31483&charge=3&value=1,R.GAAAAATGQPGTAPAGTPGAPPLAGMAIVK.E,/core/www/modules/show_out/show_out_wrapper.php?run_id=110202&search_id=114132&scans_id=110198&peptide_id=23392&scanf=31483&charge=3&value=R.GAAAAATGQPGTAPAGTPGAPPLAGMAIVK.E,TRIM28,1.669e+7,3.194,0.002,2.695,0.000
31484,2,"  3.408","  0.446",11/20,/core/www/modules//sdig/index.php?run_id=110202&search_id=114132&scans_id=110198&peptide_id=23393&scanf=31484&charge=2&value=11/20,sp|Q9UNQ2|DIM1_HUMAN,/core/www/modules//consensus/?run_id=110202&search_id=114132&scans_id=110198&peptide_id=23393&scanf=31484&charge=2&value=sp|Q9UNQ2|DIM1_HUMAN,9,/core/www/modules/match_peptides/blast_html4.php?run_id=110202&search_id=114132&scans_id=110198&peptide_id=23393&scanf=31484&charge=2&value=9,K.NPLIINSIIDK.A,/core/www/modules/show_out/show_out_wrapper.php?run_id=110202&search_id=114132&scans_id=110198&peptide_id=23393&scanf=31484&charge=2&value=K.NPLIINSIIDK.A,DIMT1,6.630e+6,3.026,0.004,2.446,0.000
31487,2,"  2.098","  0.386",7/22,/core/www/modules//sdig/index.php?run_id=110202&search_id=114132&scans_id=110198&peptide_id=23396&scanf=31487&charge=2&value=7/22,sp|O15372|EIF3H_HUMAN,/core/www/modules//consensus/?run_id=110202&search_id=114132&scans_id=110198&peptide_id=23396&scanf=31487&charge=2&value=sp|O15372|EIF3H_HUMAN,1,/core/www/modules/match_peptides/blast_html4.php?run_id=110202&search_id=114132&scans_id=110198&peptide_id=23396&scanf=31487&charge=2&value=1,K.LFMAQALQEYNN.-,/core/www/modules/show_out/show_out_wrapper.php?run_id=110202&search_id=114132&scans_id=110198&peptide_id=23396&scanf=31487&charge=2&value=K.LFMAQALQEYNN.-,EIF3H,4.496e+6,2.174,0.062,1.209,0.002
31489,3,"  2.481","  0.430",11/64,/core/www/modules//sdig/index.php?run_id=110202&search_id=114132&scans_id=110198&peptide_id=23398&scanf=31489&charge=3&value=11/64,sp|Q9BXK5|B2L13_HUMAN,/core/www/modules//consensus/?run_id=110202&search_id=114132&scans_id=110198&peptide_id=23398&scanf=31489&charge=3&value=sp|Q9BXK5|B2L13_HUMAN,3,/core/www/modules/match_peptides/blast_html4.php?run_id=110202&search_id=114132&scans_id=110198&peptide_id=23398&scanf=31489&charge=3&value=3,K.SLDKEISEAFTSTGFDR.H,/core/www/modules/show_out/show_out_wrapper.php?run_id=110202&search_id=114132&scans_id=110198&peptide_id=23398&scanf=31489&charge=3&value=K.SLDKEISEAFTSTGFDR.H,BCL2L13,2.313e+6,2.344,0.036,1.449,0.001
31490,2,"  2.761","  0.416",11/22,/core/www/modules//sdig/index.php?run_id=110202&search_id=114132&scans_id=110198&peptide_id=23400&scanf=31490&charge=2&value=11/22,sp|Q9Y2L1|RRP44_HUMAN,/core/www/modules//consensus/?run_id=110202&search_id=114132&scans_id=110198&peptide_id=23400&scanf=31490&charge=2&value=sp|Q9Y2L1|RRP44_HUMAN,1,/core/www/modules/match_peptides/blast_html4.php?run_id=110202&search_id=114132&scans_id=110198&peptide_id=23400&scanf=31490&charge=2&value=1,K.YGLEGTVFFEEK.D,/core/www/modules/show_out/show_out_wrapper.php?run_id=110202&search_id=114132&scans_id=110198&peptide_id=23400&scanf=31490&charge=2&value=K.YGLEGTVFFEEK.D,DIS3,2.432e+6,2.717,0.010,1.991,0.000
31493,2,"  4.170","  0.660",15/28,/core/www/modules//sdig/index.php?run_id=110202&search_id=114132&scans_id=110198&peptide_id=23403&scanf=31493&charge=2&value=15/28,sp|Q13868|EXOS2_HUMAN,/core/www/modules//consensus/?run_id=110202&search_id=114132&scans_id=110198&peptide_id=23403&scanf=31493&charge=2&value=sp|Q13868|EXOS2_HUMAN,1,/core/www/modules/match_peptides/blast_html4.php?run_id=110202&search_id=114132&scans_id=110198&peptide_id=23403&scanf=31493&charge=2&value=1,K.LGQGVLVQVSPSLVK.R,/core/www/modules/show_out/show_out_wrapper.php?run_id=110202&search_id=114132&scans_id=110198&peptide_id=23403&scanf=31493&charge=2&value=K.LGQGVLVQVSPSLVK.R,EXOSC2,4.209e+6,3.617,0.000,3.322,0.000
31494,3,"  6.481","  0.674",24/100,/core/www/modules//sdig/index.php?run_id=110202&search_id=114132&scans_id=110198&peptide_id=23404&scanf=31494&charge=3&value=24/100,sp|P47755|CAZA2_HUMAN,/core/www/modules//consensus/?run_id=110202&search_id=114132&scans_id=110198&peptide_id=23404&scanf=31494&charge=3&value=sp|P47755|CAZA2_HUMAN,0,/core/www/modules/match_peptides/blast_html4.php?run_id=110202&search_id=114132&scans_id=110198&peptide_id=23404&scanf=31494&charge=3&value=0,K.IVEAAENEYQTAISENYQTMSDTTFK.A,/core/www/modules/show_out/show_out_wrapper.php?run_id=110202&search_id=114132&scans_id=110198&peptide_id=23404&scanf=31494&charge=3&value=K.IVEAAENEYQTAISENYQTMSDTTFK.A,CAPZA2,2.095e+6,3.431,0.001,3.046,0.000
31495,2,"  4.240","  0.640",19/32,/core/www/modules//sdig/index.php?run_id=110202&search_id=114132&scans_id=110198&peptide_id=23405&scanf=31495&charge=2&value=19/32,sp|Q9UBF2|COPG2_HUMAN,/core/www/modules//consensus/?run_id=110202&search_id=114132&scans_id=110198&peptide_id=23405&scanf=31495&charge=2&value=sp|Q9UBF2|COPG2_HUMAN,0,/core/www/modules/match_peptides/blast_html4.php?run_id=110202&search_id=114132&scans_id=110198&peptide_id=23405&scanf=31495&charge=2&value=0,K.SSEPVQLTEAETEYFVR.C,/core/www/modules/show_out/show_out_wrapper.php?run_id=110202&search_id=114132&scans_id=110198&peptide_id=23405&scanf=31495&charge=2&value=K.SSEPVQLTEAETEYFVR.C,COPG2,2.037e+6,3.581,0.001,3.268,0.000
31496,3,"  3.967","  0.597",17/44,/core/www/modules//sdig/index.php?run_id=110202&search_id=114132&scans_id=110198&peptide_id=23406&scanf=31496&charge=3&value=17/44,sp|Q8IYB3|SRRM1_HUMAN,/core/www/modules//consensus/?run_id=110202&search_id=114132&scans_id=110198&peptide_id=23406&scanf=31496&charge=3&value=sp|Q8IYB3|SRRM1_HUMAN,4,/core/www/modules/match_peptides/blast_html4.php?run_id=110202&search_id=114132&scans_id=110198&peptide_id=23406&scanf=31496&charge=3&value=4,K.VNLEVIKPWITK.R,/core/www/modules/show_out/show_out_wrapper.php?run_id=110202&search_id=114132&scans_id=110198&peptide_id=23406&scanf=31496&charge=3&value=K.VNLEVIKPWITK.R,SRRM1,2.687e+7,3.752,0.000,3.521,0.000
31498,3,"  2.917","  0.481",15/64,/core/www/modules//sdig/index.php?run_id=110202&search_id=114132&scans_id=110198&peptide_id=23408&scanf=31498&charge=3&value=15/64,sp|P17480|UBF1_HUMAN,/core/www/modules//consensus/?run_id=110202&search_id=114132&scans_id=110198&peptide_id=23408&scanf=31498&charge=3&value=sp|P17480|UBF1_HUMAN,2,/core/www/modules/match_peptides/blast_html4.php?run_id=110202&search_id=114132&scans_id=110198&peptide_id=23408&scanf=31498&charge=3&value=2,K.FSQELLSNGELNHLPLK.E,/core/www/modules/show_out/show_out_wrapper.php?run_id=110202&search_id=114132&scans_id=110198&peptide_id=23408&scanf=31498&charge=3&value=K.FSQELLSNGELNHLPLK.E,UBTF,1.091e+7,2.965,0.004,2.357,0.000
31502,2,"  2.056","  0.299",9/16,/core/www/modules//sdig/index.php?run_id=110202&search_id=114132&scans_id=110198&peptide_id=23412&scanf=31502&charge=2&value=9/16,sp|P13796|PLSL_HUMAN,/core/www/modules//consensus/?run_id=110202&search_id=114132&scans_id=110198&peptide_id=23412&scanf=31502&charge=2&value=sp|P13796|PLSL_HUMAN,3,/core/www/modules/match_peptides/blast_html4.php?run_id=110202&search_id=114132&scans_id=110198&peptide_id=23412&scanf=31502&charge=2&value=3,K.LSPEELLLR.W,/core/www/modules/show_out/show_out_wrapper.php?run_id=110202&search_id=114132&scans_id=110198&peptide_id=23412&scanf=31502&charge=2&value=K.LSPEELLLR.W,LCP1,4.481e+6,2.514,0.020,1.695,0.000
31504,4,"  5.508","  0.638",18/138,/core/www/modules//sdig/index.php?run_id=110202&search_id=114132&scans_id=110198&peptide_id=23414&scanf=31504&charge=4&value=18/138,sp|P19447|ERCC3_HUMAN,/core/www/modules//consensus/?run_id=110202&search_id=114132&scans_id=110198&peptide_id=23414&scanf=31504&charge=4&value=sp|P19447|ERCC3_HUMAN,4,/core/www/modules/match_peptides/blast_html4.php?run_id=110202&search_id=114132&scans_id=110198&peptide_id=23414&scanf=31504&charge=4&value=4,R.NDSVNPDINIDLKPTAVLRPYQEK.S,/core/www/modules/show_out/show_out_wrapper.php?run_id=110202&search_id=114132&scans_id=110198&peptide_id=23414&scanf=31504&charge=4&value=R.NDSVNPDINIDLKPTAVLRPYQEK.S,ERCC3,2.337e+6,3.659,0.000,3.384,0.000
31505,2,"  3.412","  0.593",11/20,/core/www/modules//sdig/index.php?run_id=110202&search_id=114132&scans_id=110198&peptide_id=23415&scanf=31505&charge=2&value=11/20,sp|Q86U42|PABP2_HUMAN,/core/www/modules//consensus/?run_id=110202&search_id=114132&scans_id=110198&peptide_id=23415&scanf=31505&charge=2&value=sp|Q86U42|PABP2_HUMAN,4,/core/www/modules/match_peptides/blast_html4.php?run_id=110202&search_id=114132&scans_id=110198&peptide_id=23415&scanf=31505&charge=2&value=4,R.TSLALDESLFR.G,/core/www/modules/show_out/show_out_wrapper.php?run_id=110202&search_id=114132&scans_id=110198&peptide_id=23415&scanf=31505&charge=2&value=R.TSLALDESLFR.G,PABPN1,2.275e+7,3.474,0.001,3.110,0.000
31509,2,"  1.978","  0.219",9/14,/core/www/modules//sdig/index.php?run_id=110202&search_id=114132&scans_id=110198&peptide_id=23419&scanf=31509&charge=2&value=9/14,sp|Q9NYU2|UGGG1_HUMAN,/core/www/modules//consensus/?run_id=110202&search_id=114132&scans_id=110198&peptide_id=23419&scanf=31509&charge=2&value=sp|Q9NYU2|UGGG1_HUMAN,0,/core/www/modules/match_peptides/blast_html4.php?run_id=110202&search_id=114132&scans_id=110198&peptide_id=23419&scanf=31509&charge=2&value=0,R.IMMLSVLK.N,/core/www/modules/show_out/show_out_wrapper.php?run_id=110202&search_id=114132&scans_id=110198&peptide_id=23419&scanf=31509&charge=2&value=R.IMMLSVLK.N,UGGT1,4.216e+6,2.431,0.027,1.574,0.001
31510,3,"  4.937","  0.621",20/60,/core/www/modules//sdig/index.php?run_id=110202&search_id=114132&scans_id=110198&peptide_id=23421&scanf=31510&charge=3&value=20/60,sp|Q8WVV9|HNRLL_HUMAN,/core/www/modules//consensus/?run_id=110202&search_id=114132&scans_id=110198&peptide_id=23421&scanf=31510&charge=3&value=sp|Q8WVV9|HNRLL_HUMAN,4,/core/www/modules/match_peptides/blast_html4.php?run_id=110202&search_id=114132&scans_id=110198&peptide_id=23421&scanf=31510&charge=3&value=4,K.TDAVEALTALNHYQIR.V,/core/www/modules/show_out/show_out_wrapper.php?run_id=110202&search_id=114132&scans_id=110198&peptide_id=23421&scanf=31510&charge=3&value=K.TDAVEALTALNHYQIR.V,HNRNPLL,8.384e+6,3.688,0.000,3.427,0.000
31511,3,"  5.949","  0.676",20/80,/core/www/modules//sdig/index.php?run_id=110202&search_id=114132&scans_id=110198&peptide_id=23422&scanf=31511&charge=3&value=20/80,sp|Q86U42|PABP2_HUMAN,/core/www/modules//consensus/?run_id=110202&search_id=114132&scans_id=110198&peptide_id=23422&scanf=31511&charge=3&value=sp|Q86U42|PABP2_HUMAN,3,/core/www/modules/match_peptides/blast_html4.php?run_id=110202&search_id=114132&scans_id=110198&peptide_id=23422&scanf=31511&charge=3&value=3,K.QMNMSPPPGNAGPVIMSIEEK.M,/core/www/modules/show_out/show_out_wrapper.php?run_id=110202&search_id=114132&scans_id=110198&peptide_id=23422&scanf=31511&charge=3&value=K.QMNMSPPPGNAGPVIMSIEEK.M,PABPN1,6.351e+6,3.593,0.001,3.287,0.000
31513,2,"  3.072","  0.536",12/22,/core/www/modules//sdig/index.php?run_id=110202&search_id=114132&scans_id=110198&peptide_id=23424&scanf=31513&charge=2&value=12/22,sp|Q9Y696|CLIC4_HUMAN,/core/www/modules//consensus/?run_id=110202&search_id=114132&scans_id=110198&peptide_id=23424&scanf=31513&charge=2&value=sp|Q9Y696|CLIC4_HUMAN,0,/core/www/modules/match_peptides/blast_html4.php?run_id=110202&search_id=114132&scans_id=110198&peptide_id=23424&scanf=31513&charge=2&value=0,K.GVVFSVTTVDLK.R,/core/www/modules/show_out/show_out_wrapper.php?run_id=110202&search_id=114132&scans_id=110198&peptide_id=23424&scanf=31513&charge=2&value=K.GVVFSVTTVDLK.R,CLIC4,1.764e+6,3.255,0.002,2.785,0.000
31514,2,"  1.853","  0.268",7/16,/core/www/modules//sdig/index.php?run_id=110202&search_id=114132&scans_id=110198&peptide_id=23425&scanf=31514&charge=2&value=7/16,sp|P10599|THIO_HUMAN,/core/www/modules//consensus/?run_id=110202&search_id=114132&scans_id=110198&peptide_id=23425&scanf=31514&charge=2&value=sp|P10599|THIO_HUMAN,0,/core/www/modules/match_peptides/blast_html4.php?run_id=110202&search_id=114132&scans_id=110198&peptide_id=23425&scanf=31514&charge=2&value=0,K.LEATINELV.-,/core/www/modules/show_out/show_out_wrapper.php?run_id=110202&search_id=114132&scans_id=110198&peptide_id=23425&scanf=31514&charge=2&value=K.LEATINELV.-,TXN,3.058e+6,2.244,0.049,1.307,0.002
31516,3,"  4.636","  0.513",17/76,/core/www/modules//sdig/index.php?run_id=110202&search_id=114132&scans_id=110198&peptide_id=23427&scanf=31516&charge=3&value=17/76,sp|Q14676|MDC1_HUMAN,/core/www/modules//consensus/?run_id=110202&search_id=114132&scans_id=110198&peptide_id=23427&scanf=31516&charge=3&value=sp|Q14676|MDC1_HUMAN,0,/core/www/modules/match_peptides/blast_html4.php?run_id=110202&search_id=114132&scans_id=110198&peptide_id=23427&scanf=31516&charge=3&value=0,R.KAGFFLPPDEYVVTDPEQEK.N,/core/www/modules/show_out/show_out_wrapper.php?run_id=110202&search_id=114132&scans_id=110198&peptide_id=23427&scanf=31516&charge=3&value=R.KAGFFLPPDEYVVTDPEQEK.N,MDC1,2.960e+6,2.719,0.010,1.994,0.000
31517,2,"  2.580","  0.533",9/24,/core/www/modules//sdig/index.php?run_id=110202&search_id=114132&scans_id=110198&peptide_id=23428&scanf=31517&charge=2&value=9/24,sp|Q96GQ7|DDX27_HUMAN,/core/www/modules//consensus/?run_id=110202&search_id=114132&scans_id=110198&peptide_id=23428&scanf=31517&charge=2&value=sp|Q96GQ7|DDX27_HUMAN,2,/core/www/modules/match_peptides/blast_html4.php?run_id=110202&search_id=114132&scans_id=110198&peptide_id=23428&scanf=31517&charge=2&value=2,R.SADFNPDFVFTEK.E,/core/www/modules/show_out/show_out_wrapper.php?run_id=110202&search_id=114132&scans_id=110198&peptide_id=23428&scanf=31517&charge=2&value=R.SADFNPDFVFTEK.E,DDX27,8.696e+6,2.999,0.004,2.407,0.000
31518,3,"  2.164","  0.400",11/52,/core/www/modules//sdig/index.php?run_id=110202&search_id=114132&scans_id=110198&peptide_id=23429&scanf=31518&charge=3&value=11/52,tr|M0R0I5|M0R0I5_HUMAN,/core/www/modules//consensus/?run_id=110202&search_id=114132&scans_id=110198&peptide_id=23429&scanf=31518&charge=3&value=tr|M0R0I5|M0R0I5_HUMAN,0,/core/www/modules/match_peptides/blast_html4.php?run_id=110202&search_id=114132&scans_id=110198&peptide_id=23429&scanf=31518&charge=3&value=0,-.XSQPPGGGGPGIRK.D,/core/www/modules/show_out/show_out_wrapper.php?run_id=110202&search_id=114132&scans_id=110198&peptide_id=23429&scanf=31518&charge=3&value=-.XSQPPGGGGPGIRK.D,KHSRP,1.799e+6,2.235,0.051,1.294,0.002
31521,2,"  3.494","  0.543",15/24,/core/www/modules//sdig/index.php?run_id=110202&search_id=114132&scans_id=110198&peptide_id=23432&scanf=31521&charge=2&value=15/24,sp|O60506|HNRPQ_HUMAN,/core/www/modules//consensus/?run_id=110202&search_id=114132&scans_id=110198&peptide_id=23432&scanf=31521&charge=2&value=sp|O60506|HNRPQ_HUMAN,7,/core/www/modules/match_peptides/blast_html4.php?run_id=110202&search_id=114132&scans_id=110198&peptide_id=23432&scanf=31521&charge=2&value=7,R.NLANTVTEEILEK.A,/core/www/modules/show_out/show_out_wrapper.php?run_id=110202&search_id=114132&scans_id=110198&peptide_id=23432&scanf=31521&charge=2&value=R.NLANTVTEEILEK.A,SYNCRIP,1.300e+8,3.508,0.001,3.161,0.000
31524,3,"  5.138","  0.592",19/84,/core/www/modules//sdig/index.php?run_id=110202&search_id=114132&scans_id=110198&peptide_id=23435&scanf=31524&charge=3&value=19/84,sp|Q53GS9|SNUT2_HUMAN,/core/www/modules//consensus/?run_id=110202&search_id=114132&scans_id=110198&peptide_id=23435&scanf=31524&charge=3&value=sp|Q53GS9|SNUT2_HUMAN,2,/core/www/modules/match_peptides/blast_html4.php?run_id=110202&search_id=114132&scans_id=110198&peptide_id=23435&scanf=31524&charge=3&value=2,K.NTTYDLIANIVHDGKPSEGSYR.I,/core/www/modules/show_out/show_out_wrapper.php?run_id=110202&search_id=114132&scans_id=110198&peptide_id=23435&scanf=31524&charge=3&value=K.NTTYDLIANIVHDGKPSEGSYR.I,USP39,8.848e+6,2.916,0.005,2.284,0.000
31525,3,"  4.056","  0.475",14/80,/core/www/modules//sdig/index.php?run_id=110202&search_id=114132&scans_id=110198&peptide_id=23436&scanf=31525&charge=3&value=14/80,sp|P60709|ACTB_HUMAN,/core/www/modules//consensus/?run_id=110202&search_id=114132&scans_id=110198&peptide_id=23436&scanf=31525&charge=3&value=sp|P60709|ACTB_HUMAN,6,/core/www/modules/match_peptides/blast_html4.php?run_id=110202&search_id=114132&scans_id=110198&peptide_id=23436&scanf=31525&charge=3&value=6,K.DLYANTVLSGGTTM*YPGIADR.M,/core/www/modules/show_out/show_out_wrapper.php?run_id=110202&search_id=114132&scans_id=110198&peptide_id=23436&scanf=31525&charge=3&value=K.DLYANTVLSGGTTM*YPGIADR.M,ACTB,4.326e+7,3.174,0.002,2.666,0.000
31532,3,"  4.161","  0.512",14/68,/core/www/modules//sdig/index.php?run_id=110202&search_id=114132&scans_id=110198&peptide_id=23444&scanf=31532&charge=3&value=14/68,sp|Q9NY61|AATF_HUMAN,/core/www/modules//consensus/?run_id=110202&search_id=114132&scans_id=110198&peptide_id=23444&scanf=31532&charge=3&value=sp|Q9NY61|AATF_HUMAN,3,/core/www/modules/match_peptides/blast_html4.php?run_id=110202&search_id=114132&scans_id=110198&peptide_id=23444&scanf=31532&charge=3&value=3,K.LLSFMAPIDHTTMNDDAR.T,/core/www/modules/show_out/show_out_wrapper.php?run_id=110202&search_id=114132&scans_id=110198&peptide_id=23444&scanf=31532&charge=3&value=K.LLSFMAPIDHTTMNDDAR.T,AATF,3.497e+6,2.744,0.009,2.031,0.000
31537,2,"  2.741","  0.511",11/20,/core/www/modules//sdig/index.php?run_id=110202&search_id=114132&scans_id=110198&peptide_id=23449&scanf=31537&charge=2&value=11/20,sp|P18074|ERCC2_HUMAN,/core/www/modules//consensus/?run_id=110202&search_id=114132&scans_id=110198&peptide_id=23449&scanf=31537&charge=2&value=sp|P18074|ERCC2_HUMAN,3,/core/www/modules/match_peptides/blast_html4.php?run_id=110202&search_id=114132&scans_id=110198&peptide_id=23449&scanf=31537&charge=2&value=3,R.ENDFLTFDAMR.H,/core/www/modules/show_out/show_out_wrapper.php?run_id=110202&search_id=114132&scans_id=110198&peptide_id=23449&scanf=31537&charge=2&value=R.ENDFLTFDAMR.H,ERCC2,2.655e+6,3.199,0.002,2.702,0.000
31538,2,"  3.701","  0.549",15/32,/core/www/modules//sdig/index.php?run_id=110202&search_id=114132&scans_id=110198&peptide_id=23450&scanf=31538&charge=2&value=15/32,sp|Q12888|TP53B_HUMAN,/core/www/modules//consensus/?run_id=110202&search_id=114132&scans_id=110198&peptide_id=23450&scanf=31538&charge=2&value=sp|Q12888|TP53B_HUMAN,2,/core/www/modules/match_peptides/blast_html4.php?run_id=110202&search_id=114132&scans_id=110198&peptide_id=23450&scanf=31538&charge=2&value=2,R.SEALSSVLDQEEAMEIK.E,/core/www/modules/show_out/show_out_wrapper.php?run_id=110202&search_id=114132&scans_id=110198&peptide_id=23450&scanf=31538&charge=2&value=R.SEALSSVLDQEEAMEIK.E,TP53BP1,1.751e+6,3.000,0.004,2.409,0.000
31543,3,"  2.303","  0.315",11/68,/core/www/modules//sdig/index.php?run_id=110202&search_id=114132&scans_id=110198&peptide_id=23455&scanf=31543&charge=3&value=11/68,sp|Q99832|TCPH_HUMAN,/core/www/modules//consensus/?run_id=110202&search_id=114132&scans_id=110198&peptide_id=23455&scanf=31543&charge=3&value=sp|Q99832|TCPH_HUMAN,0,/core/www/modules/match_peptides/blast_html4.php?run_id=110202&search_id=114132&scans_id=110198&peptide_id=23455&scanf=31543&charge=3&value=0,K.VQGGALEDSQLVAGVAFK.K,/core/www/modules/show_out/show_out_wrapper.php?run_id=110202&search_id=114132&scans_id=110198&peptide_id=23455&scanf=31543&charge=3&value=K.VQGGALEDSQLVAGVAFK.K,CCT7,4.671e+6,2.198,0.057,1.242,0.002
31545,3,"  6.108","  0.664",24/80,/core/www/modules//sdig/index.php?run_id=110202&search_id=114132&scans_id=110198&peptide_id=23457&scanf=31545&charge=3&value=24/80,sp|P26368|U2AF2_HUMAN,/core/www/modules//consensus/?run_id=110202&search_id=114132&scans_id=110198&peptide_id=23457&scanf=31545&charge=3&value=sp|P26368|U2AF2_HUMAN,0,/core/www/modules/match_peptides/blast_html4.php?run_id=110202&search_id=114132&scans_id=110198&peptide_id=23457&scanf=31545&charge=3&value=0,R.LGGLTQAPGNPVLAVQINQDK.N,/core/www/modules/show_out/show_out_wrapper.php?run_id=110202&search_id=114132&scans_id=110198&peptide_id=23457&scanf=31545&charge=3&value=R.LGGLTQAPGNPVLAVQINQDK.N,U2AF2,2.686e+7,3.685,0.000,3.422,0.000
31546,2,"  3.054","  0.275",13/30,/core/www/modules//sdig/index.php?run_id=110202&search_id=114132&scans_id=110198&peptide_id=23458&scanf=31546&charge=2&value=13/30,sp|O94776|MTA2_HUMAN,/core/www/modules//consensus/?run_id=110202&search_id=114132&scans_id=110198&peptide_id=23458&scanf=31546&charge=2&value=sp|O94776|MTA2_HUMAN,0,/core/www/modules/match_peptides/blast_html4.php?run_id=110202&search_id=114132&scans_id=110198&peptide_id=23458&scanf=31546&charge=2&value=0,K.LNPADAPNPVVFVATK.D,/core/www/modules/show_out/show_out_wrapper.php?run_id=110202&search_id=114132&scans_id=110198&peptide_id=23458&scanf=31546&charge=2&value=K.LNPADAPNPVVFVATK.D,MTA2,4.056e+6,2.124,0.073,1.139,0.002
31548,2,"  2.553","  0.451",10/20,/core/www/modules//sdig/index.php?run_id=110202&search_id=114132&scans_id=110198&peptide_id=23460&scanf=31548&charge=2&value=10/20,sp|Q13523|PRP4B_HUMAN,/core/www/modules//consensus/?run_id=110202&search_id=114132&scans_id=110198&peptide_id=23460&scanf=31548&charge=2&value=sp|Q13523|PRP4B_HUMAN,1,/core/www/modules/match_peptides/blast_html4.php?run_id=110202&search_id=114132&scans_id=110198&peptide_id=23460&scanf=31548&charge=2&value=1,R.SYSQQLFLALK.L,/core/www/modules/show_out/show_out_wrapper.php?run_id=110202&search_id=114132&scans_id=110198&peptide_id=23460&scanf=31548&charge=2&value=R.SYSQQLFLALK.L,PRPF4B,7.053e+6,2.840,0.007,2.172,0.000
31550,3,"  3.908","  0.470",13/72,/core/www/modules//sdig/index.php?run_id=110202&search_id=114132&scans_id=110198&peptide_id=23463&scanf=31550&charge=3&value=13/72,sp|Q13315|ATM_HUMAN,/core/www/modules//consensus/?run_id=110202&search_id=114132&scans_id=110198&peptide_id=23463&scanf=31550&charge=3&value=sp|Q13315|ATM_HUMAN,0,/core/www/modules/match_peptides/blast_html4.php?run_id=110202&search_id=114132&scans_id=110198&peptide_id=23463&scanf=31550&charge=3&value=0,K.EVEGTSYHESLYNALQSLR.D,/core/www/modules/show_out/show_out_wrapper.php?run_id=110202&search_id=114132&scans_id=110198&peptide_id=23463&scanf=31550&charge=3&value=K.EVEGTSYHESLYNALQSLR.D,ATM,2.421e+6,2.855,0.006,2.194,0.000
31552,2,"  1.442","  0.177",7/14,/core/www/modules//sdig/index.php?run_id=110202&search_id=114132&scans_id=110198&peptide_id=23465&scanf=31552&charge=2&value=7/14,sp|Q14CX7|NAA25_HUMAN,/core/www/modules//consensus/?run_id=110202&search_id=114132&scans_id=110198&peptide_id=23465&scanf=31552&charge=2&value=sp|Q14CX7|NAA25_HUMAN,0,/core/www/modules/match_peptides/blast_html4.php?run_id=110202&search_id=114132&scans_id=110198&peptide_id=23465&scanf=31552&charge=2&value=0,K.IPEFIAFR.N,/core/www/modules/show_out/show_out_wrapper.php?run_id=110202&search_id=114132&scans_id=110198&peptide_id=23465&scanf=31552&charge=2&value=K.IPEFIAFR.N,NAA25,3.389e+6,2.068,0.086,1.063,0.004
31553,2,"  2.096","  0.198",9/14,/core/www/modules//sdig/index.php?run_id=110202&search_id=114132&scans_id=110198&peptide_id=23466&scanf=31553&charge=2&value=9/14,sp|O94880|PHF14_HUMAN,/core/www/modules//consensus/?run_id=110202&search_id=114132&scans_id=110198&peptide_id=23466&scanf=31553&charge=2&value=sp|O94880|PHF14_HUMAN,1,/core/www/modules/match_peptides/blast_html4.php?run_id=110202&search_id=114132&scans_id=110198&peptide_id=23466&scanf=31553&charge=2&value=1,K.LNIPAILR.A,/core/www/modules/show_out/show_out_wrapper.php?run_id=110202&search_id=114132&scans_id=110198&peptide_id=23466&scanf=31553&charge=2&value=K.LNIPAILR.A,PHF14,7.015e+6,2.390,0.031,1.515,0.001
31555,2,"  3.181","  0.568",11/26,/core/www/modules//sdig/index.php?run_id=110202&search_id=114132&scans_id=110198&peptide_id=23468&scanf=31555&charge=2&value=11/26,sp|Q14527|HLTF_HUMAN,/core/www/modules//consensus/?run_id=110202&search_id=114132&scans_id=110198&peptide_id=23468&scanf=31555&charge=2&value=sp|Q14527|HLTF_HUMAN,1,/core/www/modules/match_peptides/blast_html4.php?run_id=110202&search_id=114132&scans_id=110198&peptide_id=23468&scanf=31555&charge=2&value=1,K.TLGFNLESGWGSGR.A,/core/www/modules/show_out/show_out_wrapper.php?run_id=110202&search_id=114132&scans_id=110198&peptide_id=23468&scanf=31555&charge=2&value=K.TLGFNLESGWGSGR.A,HLTF,1.906e+6,3.049,0.003,2.480,0.000
31557,3,"  6.348","  0.711",31/120,/core/www/modules//sdig/index.php?run_id=110202&search_id=114132&scans_id=110198&peptide_id=23470&scanf=31557&charge=3&value=31/120,sp|O60934|NBN_HUMAN,/core/www/modules//consensus/?run_id=110202&search_id=114132&scans_id=110198&peptide_id=23470&scanf=31557&charge=3&value=sp|O60934|NBN_HUMAN,8,/core/www/modules/match_peptides/blast_html4.php?run_id=110202&search_id=114132&scans_id=110198&peptide_id=23470&scanf=31557&charge=3&value=8,K.LMPSAPVNTTTYVADTESEQADTWDLSERPK.E,/core/www/modules/show_out/show_out_wrapper.php?run_id=110202&search_id=114132&scans_id=110198&peptide_id=23470&scanf=31557&charge=3&value=K.LMPSAPVNTTTYVADTESEQADTWDLSERPK.E,NBN,8.067e+5,3.387,0.001,2.980,0.000
31561,3,"  4.018","  0.507",22/92,/core/www/modules//sdig/index.php?run_id=110202&search_id=114132&scans_id=110198&peptide_id=23475&scanf=31561&charge=3&value=22/92,sp|P19447|ERCC3_HUMAN,/core/www/modules//consensus/?run_id=110202&search_id=114132&scans_id=110198&peptide_id=23475&scanf=31561&charge=3&value=sp|P19447|ERCC3_HUMAN,4,/core/www/modules/match_peptides/blast_html4.php?run_id=110202&search_id=114132&scans_id=110198&peptide_id=23475&scanf=31561&charge=3&value=4,R.NDSVNPDINIDLKPTAVLRPYQEK.S,/core/www/modules/show_out/show_out_wrapper.php?run_id=110202&search_id=114132&scans_id=110198&peptide_id=23475&scanf=31561&charge=3&value=R.NDSVNPDINIDLKPTAVLRPYQEK.S,ERCC3,1.597e+6,2.760,0.009,2.054,0.000
31563,2,"  1.966","  0.154",10/16,/core/www/modules//sdig/index.php?run_id=110202&search_id=114132&scans_id=110198&peptide_id=23476&scanf=31563&charge=2&value=10/16,sp|O60814|H2B1K_HUMAN,/core/www/modules//consensus/?run_id=110202&search_id=114132&scans_id=110198&peptide_id=23476&scanf=31563&charge=2&value=sp|O60814|H2B1K_HUMAN,16,/core/www/modules/match_peptides/blast_html4.php?run_id=110202&search_id=114132&scans_id=110198&peptide_id=23476&scanf=31563&charge=2&value=16,R.LLLPGELAK.H,/core/www/modules/show_out/show_out_wrapper.php?run_id=110202&search_id=114132&scans_id=110198&peptide_id=23476&scanf=31563&charge=2&value=R.LLLPGELAK.H,H2BC12,4.487e+9,2.327,0.038,1.425,0.001
31564,2,"  2.849","  0.478",10/18,/core/www/modules//sdig/index.php?run_id=110202&search_id=114132&scans_id=110198&peptide_id=23477&scanf=31564&charge=2&value=10/18,sp|P09651|ROA1_HUMAN,/core/www/modules//consensus/?run_id=110202&search_id=114132&scans_id=110198&peptide_id=23477&scanf=31564&charge=2&value=sp|P09651|ROA1_HUMAN,11,/core/www/modules/match_peptides/blast_html4.php?run_id=110202&search_id=114132&scans_id=110198&peptide_id=23477&scanf=31564&charge=2&value=11,K.IEVIEIMTDR.G,/core/www/modules/show_out/show_out_wrapper.php?run_id=110202&search_id=114132&scans_id=110198&peptide_id=23477&scanf=31564&charge=2&value=K.IEVIEIMTDR.G,HNRNPA1,4.592e+8,3.242,0.002,2.766,0.000
31567,3,"  7.736","  0.777",31/92,/core/www/modules//sdig/index.php?run_id=110202&search_id=114132&scans_id=110198&peptide_id=23480&scanf=31567&charge=3&value=31/92,sp|P24928|RPB1_HUMAN,/core/www/modules//consensus/?run_id=110202&search_id=114132&scans_id=110198&peptide_id=23480&scanf=31567&charge=3&value=sp|P24928|RPB1_HUMAN,1,/core/www/modules/match_peptides/blast_html4.php?run_id=110202&search_id=114132&scans_id=110198&peptide_id=23480&scanf=31567&charge=3&value=1,R.YGEDGLAGESVEFQNLATLKPSNK.A,/core/www/modules/show_out/show_out_wrapper.php?run_id=110202&search_id=114132&scans_id=110198&peptide_id=23480&scanf=31567&charge=3&value=R.YGEDGLAGESVEFQNLATLKPSNK.A,POLR2A,3.704e+6,4.073,0.000,3.998,0.000
31571,2,"  3.012","  0.478",14/30,/core/www/modules//sdig/index.php?run_id=110202&search_id=114132&scans_id=110198&peptide_id=23485&scanf=31571&charge=2&value=14/30,sp|Q15382|RHEB_HUMAN,/core/www/modules//consensus/?run_id=110202&search_id=114132&scans_id=110198&peptide_id=23485&scanf=31571&charge=2&value=sp|Q15382|RHEB_HUMAN,1,/core/www/modules/match_peptides/blast_html4.php?run_id=110202&search_id=114132&scans_id=110198&peptide_id=23485&scanf=31571&charge=2&value=1,K.ALAESWNAAFLESSAK.E,/core/www/modules/show_out/show_out_wrapper.php?run_id=110202&search_id=114132&scans_id=110198&peptide_id=23485&scanf=31571&charge=2&value=K.ALAESWNAAFLESSAK.E,RHEB,2.016e+6,2.778,0.008,2.080,0.000
31573,3,"  6.987","  0.702",23/88,/core/www/modules//sdig/index.php?run_id=110202&search_id=114132&scans_id=110198&peptide_id=23487&scanf=31573&charge=3&value=23/88,sp|P51553|IDH3G_HUMAN,/core/www/modules//consensus/?run_id=110202&search_id=114132&scans_id=110198&peptide_id=23487&scanf=31573&charge=3&value=sp|P51553|IDH3G_HUMAN,4,/core/www/modules/match_peptides/blast_html4.php?run_id=110202&search_id=114132&scans_id=110198&peptide_id=23487&scanf=31573&charge=3&value=4,R.ENTEGEYSSLEHESVAGVVESLK.I,/core/www/modules/show_out/show_out_wrapper.php?run_id=110202&search_id=114132&scans_id=110198&peptide_id=23487&scanf=31573&charge=3&value=R.ENTEGEYSSLEHESVAGVVESLK.I,IDH3G,2.711e+6,3.668,0.000,3.398,0.000
31574,3,"  3.136","  0.492",9/80,/core/www/modules//sdig/index.php?run_id=110202&search_id=114132&scans_id=110198&peptide_id=23488&scanf=31574&charge=3&value=9/80,sp|Q08945|SSRP1_HUMAN,/core/www/modules//consensus/?run_id=110202&search_id=114132&scans_id=110198&peptide_id=23488&scanf=31574&charge=3&value=sp|Q08945|SSRP1_HUMAN,2,/core/www/modules/match_peptides/blast_html4.php?run_id=110202&search_id=114132&scans_id=110198&peptide_id=23488&scanf=31574&charge=3&value=2,K.NEVTLEFHQNDDAEVSLMEVR.F,/core/www/modules/show_out/show_out_wrapper.php?run_id=110202&search_id=114132&scans_id=110198&peptide_id=23488&scanf=31574&charge=3&value=K.NEVTLEFHQNDDAEVSLMEVR.F,SSRP1,1.566e+6,2.654,0.013,1.898,0.000
31578,2,"  2.596","  0.523",14/26,/core/www/modules//sdig/index.php?run_id=110202&search_id=114132&scans_id=110198&peptide_id=23492&scanf=31578&charge=2&value=14/26,sp|Q6NZY4|ZCHC8_HUMAN,/core/www/modules//consensus/?run_id=110202&search_id=114132&scans_id=110198&peptide_id=23492&scanf=31578&charge=2&value=sp|Q6NZY4|ZCHC8_HUMAN,0,/core/www/modules/match_peptides/blast_html4.php?run_id=110202&search_id=114132&scans_id=110198&peptide_id=23492&scanf=31578&charge=2&value=0,K.QTLDEPEVPEIFTK.K,/core/www/modules/show_out/show_out_wrapper.php?run_id=110202&search_id=114132&scans_id=110198&peptide_id=23492&scanf=31578&charge=2&value=K.QTLDEPEVPEIFTK.K,ZCCHC8,3.811e+6,3.120,0.003,2.586,0.000
31580,3,"  3.705","  0.455",16/80,/core/www/modules//sdig/index.php?run_id=110202&search_id=114132&scans_id=110198&peptide_id=23495&scanf=31580&charge=3&value=16/80,sp|Q96PZ2|F111A_HUMAN,/core/www/modules//consensus/?run_id=110202&search_id=114132&scans_id=110198&peptide_id=23495&scanf=31580&charge=3&value=sp|Q96PZ2|F111A_HUMAN,2,/core/www/modules/match_peptides/blast_html4.php?run_id=110202&search_id=114132&scans_id=110198&peptide_id=23495&scanf=31580&charge=3&value=2,K.LIENNDTILESTQPVDELEGR.Y,/core/www/modules/show_out/show_out_wrapper.php?run_id=110202&search_id=114132&scans_id=110198&peptide_id=23495&scanf=31580&charge=3&value=K.LIENNDTILESTQPVDELEGR.Y,FAM111A,2.186e+6,2.671,0.012,1.924,0.000
31581,3,"  3.420","  0.474",13/48,/core/www/modules//sdig/index.php?run_id=110202&search_id=114132&scans_id=110198&peptide_id=23496&scanf=31581&charge=3&value=13/48,sp|P21127|CD11B_HUMAN,/core/www/modules//consensus/?run_id=110202&search_id=114132&scans_id=110198&peptide_id=23496&scanf=31581&charge=3&value=sp|P21127|CD11B_HUMAN,6,/core/www/modules/match_peptides/blast_html4.php?run_id=110202&search_id=114132&scans_id=110198&peptide_id=23496&scanf=31581&charge=3&value=6,K.IYIVMNYVEHDLK.S,/core/www/modules/show_out/show_out_wrapper.php?run_id=110202&search_id=114132&scans_id=110198&peptide_id=23496&scanf=31581&charge=3&value=K.IYIVMNYVEHDLK.S,CDK11B,1.422e+7,2.944,0.005,2.326,0.000
31585,3,"  3.715","  0.472",15/72,/core/www/modules//sdig/index.php?run_id=110202&search_id=114132&scans_id=110198&peptide_id=23499&scanf=31585&charge=3&value=15/72,sp|P33992|MCM5_HUMAN,/core/www/modules//consensus/?run_id=110202&search_id=114132&scans_id=110198&peptide_id=23499&scanf=31585&charge=3&value=sp|P33992|MCM5_HUMAN,3,/core/www/modules/match_peptides/blast_html4.php?run_id=110202&search_id=114132&scans_id=110198&peptide_id=23499&scanf=31585&charge=3&value=3,R.NTLTNIAMRPGLEGYALPR.K,/core/www/modules/show_out/show_out_wrapper.php?run_id=110202&search_id=114132&scans_id=110198&peptide_id=23499&scanf=31585&charge=3&value=R.NTLTNIAMRPGLEGYALPR.K,MCM5,7.495e+6,2.806,0.008,2.122,0.000
31586,2,"  2.310","  0.393",10/18,/core/www/modules//sdig/index.php?run_id=110202&search_id=114132&scans_id=110198&peptide_id=23500&scanf=31586&charge=2&value=10/18,sp|P16298|PP2BB_HUMAN,/core/www/modules//consensus/?run_id=110202&search_id=114132&scans_id=110198&peptide_id=23500&scanf=31586&charge=2&value=sp|P16298|PP2BB_HUMAN,8,/core/www/modules/match_peptides/blast_html4.php?run_id=110202&search_id=114132&scans_id=110198&peptide_id=23500&scanf=31586&charge=2&value=8,R.YLFLGDYVDR.G,/core/www/modules/show_out/show_out_wrapper.php?run_id=110202&search_id=114132&scans_id=110198&peptide_id=23500&scanf=31586&charge=2&value=R.YLFLGDYVDR.G,PPP3CB,1.252e+7,2.659,0.012,1.907,0.000
31588,3,"  3.530","  0.464",15/52,/core/www/modules//sdig/index.php?run_id=110202&search_id=114132&scans_id=110198&peptide_id=23502&scanf=31588&charge=3&value=15/52,sp|Q9BUQ8|DDX23_HUMAN,/core/www/modules//consensus/?run_id=110202&search_id=114132&scans_id=110198&peptide_id=23502&scanf=31588&charge=3&value=sp|Q9BUQ8|DDX23_HUMAN,4,/core/www/modules/match_peptides/blast_html4.php?run_id=110202&search_id=114132&scans_id=110198&peptide_id=23502&scanf=31588&charge=3&value=4,K.DSSLPPHILEVIDK.C,/core/www/modules/show_out/show_out_wrapper.php?run_id=110202&search_id=114132&scans_id=110198&peptide_id=23502&scanf=31588&charge=3&value=K.DSSLPPHILEVIDK.C,DDX23,1.639e+7,3.089,0.003,2.540,0.000
31589,2,"  1.911","  0.347",8/16,/core/www/modules//sdig/index.php?run_id=110202&search_id=114132&scans_id=110198&peptide_id=23503&scanf=31589&charge=2&value=8/16,sp|Q9BZE4|GTPB4_HUMAN,/core/www/modules//consensus/?run_id=110202&search_id=114132&scans_id=110198&peptide_id=23503&scanf=31589&charge=2&value=sp|Q9BZE4|GTPB4_HUMAN,0,/core/www/modules/match_peptides/blast_html4.php?run_id=110202&search_id=114132&scans_id=110198&peptide_id=23503&scanf=31589&charge=2&value=0,K.DFIDLTLSK.T,/core/www/modules/show_out/show_out_wrapper.php?run_id=110202&search_id=114132&scans_id=110198&peptide_id=23503&scanf=31589&charge=2&value=K.DFIDLTLSK.T,GTPBP4,1.380e+7,2.634,0.014,1.869,0.000
31590,2,"  4.688","  0.522",15/24,/core/www/modules//sdig/index.php?run_id=110202&search_id=114132&scans_id=110198&peptide_id=23505&scanf=31590&charge=2&value=15/24,sp|P61019|RAB2A_HUMAN,/core/www/modules//consensus/?run_id=110202&search_id=114132&scans_id=110198&peptide_id=23505&scanf=31590&charge=2&value=sp|P61019|RAB2A_HUMAN,4,/core/www/modules/match_peptides/blast_html4.php?run_id=110202&search_id=114132&scans_id=110198&peptide_id=23505&scanf=31590&charge=2&value=4,R.GAAGALLVYDITR.R,/core/www/modules/show_out/show_out_wrapper.php?run_id=110202&search_id=114132&scans_id=110198&peptide_id=23505&scanf=31590&charge=2&value=R.GAAGALLVYDITR.R,RAB2A,1.149e+7,3.287,0.001,2.833,0.000
31592,3,"  3.369","  0.453",15/52,/core/www/modules//sdig/index.php?run_id=110202&search_id=114132&scans_id=110198&peptide_id=23507&scanf=31592&charge=3&value=15/52,sp|Q9Y2R4|DDX52_HUMAN,/core/www/modules//consensus/?run_id=110202&search_id=114132&scans_id=110198&peptide_id=23507&scanf=31592&charge=3&value=sp|Q9Y2R4|DDX52_HUMAN,1,/core/www/modules/match_peptides/blast_html4.php?run_id=110202&search_id=114132&scans_id=110198&peptide_id=23507&scanf=31592&charge=3&value=1,K.AITFFTEDDKPLLR.S,/core/www/modules/show_out/show_out_wrapper.php?run_id=110202&search_id=114132&scans_id=110198&peptide_id=23507&scanf=31592&charge=3&value=K.AITFFTEDDKPLLR.S,DDX52,1.700e+7,3.032,0.004,2.455,0.000
31597,3,"  4.830","  0.566",18/88,/core/www/modules//sdig/index.php?run_id=110202&search_id=114132&scans_id=110198&peptide_id=23512&scanf=31597&charge=3&value=18/88,sp|Q9UBS4|DJB11_HUMAN,/core/www/modules//consensus/?run_id=110202&search_id=114132&scans_id=110198&peptide_id=23512&scanf=31597&charge=3&value=sp|Q9UBS4|DJB11_HUMAN,1,/core/www/modules/match_peptides/blast_html4.php?run_id=110202&search_id=114132&scans_id=110198&peptide_id=23512&scanf=31597&charge=3&value=1,R.DGMEYPFIGEGEPHVDGEPGDLR.F,/core/www/modules/show_out/show_out_wrapper.php?run_id=110202&search_id=114132&scans_id=110198&peptide_id=23512&scanf=31597&charge=3&value=R.DGMEYPFIGEGEPHVDGEPGDLR.F,DNAJB11,2.845e+6,3.034,0.003,2.458,0.000
31602,3,"  4.473","  0.597",21/88,/core/www/modules//sdig/index.php?run_id=110202&search_id=114132&scans_id=110198&peptide_id=23518&scanf=31602&charge=3&value=21/88,sp|Q9BQE9|BCL7B_HUMAN,/core/www/modules//consensus/?run_id=110202&search_id=114132&scans_id=110198&peptide_id=23518&scanf=31602&charge=3&value=sp|Q9BQE9|BCL7B_HUMAN,1,/core/www/modules/match_peptides/blast_html4.php?run_id=110202&search_id=114132&scans_id=110198&peptide_id=23518&scanf=31602&charge=3&value=1,K.EEPVPLETQVVEEEEDSGAPPLK.R,/core/www/modules/show_out/show_out_wrapper.php?run_id=110202&search_id=114132&scans_id=110198&peptide_id=23518&scanf=31602&charge=3&value=K.EEPVPLETQVVEEEEDSGAPPLK.R,BCL7B,5.330e+6,3.043,0.003,2.471,0.000
31607,2,"  4.231","  0.581",15/24,/core/www/modules//sdig/index.php?run_id=110202&search_id=114132&scans_id=110198&peptide_id=23522&scanf=31607&charge=2&value=15/24,sp|P61019|RAB2A_HUMAN,/core/www/modules//consensus/?run_id=110202&search_id=114132&scans_id=110198&peptide_id=23522&scanf=31607&charge=2&value=sp|P61019|RAB2A_HUMAN,4,/core/www/modules/match_peptides/blast_html4.php?run_id=110202&search_id=114132&scans_id=110198&peptide_id=23522&scanf=31607&charge=2&value=4,R.GAAGALLVYDITR.R,/core/www/modules/show_out/show_out_wrapper.php?run_id=110202&search_id=114132&scans_id=110198&peptide_id=23522&scanf=31607&charge=2&value=R.GAAGALLVYDITR.R,RAB2A,1.149e+7,3.560,0.001,3.238,0.000
31608,2,"  3.803","  0.701",16/30,/core/www/modules//sdig/index.php?run_id=110202&search_id=114132&scans_id=110198&peptide_id=23523&scanf=31608&charge=2&value=16/30,sp|P49792|RBP2_HUMAN,/core/www/modules//consensus/?run_id=110202&search_id=114132&scans_id=110198&peptide_id=23523&scanf=31608&charge=2&value=sp|P49792|RBP2_HUMAN,2,/core/www/modules/match_peptides/blast_html4.php?run_id=110202&search_id=114132&scans_id=110198&peptide_id=23523&scanf=31608&charge=2&value=2,K.DTSFLGSDDIGNIDVR.E,/core/www/modules/show_out/show_out_wrapper.php?run_id=110202&search_id=114132&scans_id=110198&peptide_id=23523&scanf=31608&charge=2&value=K.DTSFLGSDDIGNIDVR.E,RANBP2,8.317e+6,3.735,0.000,3.496,0.000
31610,2,"  1.996","  0.386",7/14,/core/www/modules//sdig/index.php?run_id=110202&search_id=114132&scans_id=110198&peptide_id=23526&scanf=31610&charge=2&value=7/14,sp|Q9Y305|ACOT9_HUMAN,/core/www/modules//consensus/?run_id=110202&search_id=114132&scans_id=110198&peptide_id=23526&scanf=31610&charge=2&value=sp|Q9Y305|ACOT9_HUMAN,1,/core/www/modules/match_peptides/blast_html4.php?run_id=110202&search_id=114132&scans_id=110198&peptide_id=23526&scanf=31610&charge=2&value=1,R.IFGGFLMR.K,/core/www/modules/show_out/show_out_wrapper.php?run_id=110202&search_id=114132&scans_id=110198&peptide_id=23526&scanf=31610&charge=2&value=R.IFGGFLMR.K,ACOT9,2.797e+6,2.780,0.008,2.084,0.000
31611,2,"  2.174","  0.295",11/14,/core/www/modules//sdig/index.php?run_id=110202&search_id=114132&scans_id=110198&peptide_id=23527&scanf=31611&charge=2&value=11/14,sp|Q96L91|EP400_HUMAN,/core/www/modules//consensus/?run_id=110202&search_id=114132&scans_id=110198&peptide_id=23527&scanf=31611&charge=2&value=sp|Q96L91|EP400_HUMAN,0,/core/www/modules/match_peptides/blast_html4.php?run_id=110202&search_id=114132&scans_id=110198&peptide_id=23527&scanf=31611&charge=2&value=0,K.IGLDWLAK.L,/core/www/modules/show_out/show_out_wrapper.php?run_id=110202&search_id=114132&scans_id=110198&peptide_id=23527&scanf=31611&charge=2&value=K.IGLDWLAK.L,EP400,2.366e+6,2.902,0.005,2.263,0.000
31612,2,"  3.762","  0.473",14/28,/core/www/modules//sdig/index.php?run_id=110202&search_id=114132&scans_id=110198&peptide_id=23528&scanf=31612&charge=2&value=14/28,sp|P61160|ARP2_HUMAN,/core/www/modules//consensus/?run_id=110202&search_id=114132&scans_id=110198&peptide_id=23528&scanf=31612&charge=2&value=sp|P61160|ARP2_HUMAN,0,/core/www/modules/match_peptides/blast_html4.php?run_id=110202&search_id=114132&scans_id=110198&peptide_id=23528&scanf=31612&charge=2&value=0,R.SMLEVNYPMENGIVR.N,/core/www/modules/show_out/show_out_wrapper.php?run_id=110202&search_id=114132&scans_id=110198&peptide_id=23528&scanf=31612&charge=2&value=R.SMLEVNYPMENGIVR.N,ACTR2,2.319e+6,2.718,0.010,1.992,0.000
31615,3,"  5.362","  0.676",22/88,/core/www/modules//sdig/index.php?run_id=110202&search_id=114132&scans_id=110198&peptide_id=23531&scanf=31615&charge=3&value=22/88,sp|P51553|IDH3G_HUMAN,/core/www/modules//consensus/?run_id=110202&search_id=114132&scans_id=110198&peptide_id=23531&scanf=31615&charge=3&value=sp|P51553|IDH3G_HUMAN,4,/core/www/modules/match_peptides/blast_html4.php?run_id=110202&search_id=114132&scans_id=110198&peptide_id=23531&scanf=31615&charge=3&value=4,R.ENTEGEYSSLEHESVAGVVESLK.I,/core/www/modules/show_out/show_out_wrapper.php?run_id=110202&search_id=114132&scans_id=110198&peptide_id=23531&scanf=31615&charge=3&value=R.ENTEGEYSSLEHESVAGVVESLK.I,IDH3G,2.711e+6,3.495,0.001,3.141,0.000
31626,3,"  2.721","  0.477",16/64,/core/www/modules//sdig/index.php?run_id=110202&search_id=114132&scans_id=110198&peptide_id=23542&scanf=31626&charge=3&value=16/64,sp|P55884|EIF3B_HUMAN,/core/www/modules//consensus/?run_id=110202&search_id=114132&scans_id=110198&peptide_id=23542&scanf=31626&charge=3&value=sp|P55884|EIF3B_HUMAN,2,/core/www/modules/match_peptides/blast_html4.php?run_id=110202&search_id=114132&scans_id=110198&peptide_id=23542&scanf=31626&charge=3&value=2,R.TSIFWNDVKDPVSIEER.A,/core/www/modules/show_out/show_out_wrapper.php?run_id=110202&search_id=114132&scans_id=110198&peptide_id=23542&scanf=31626&charge=3&value=R.TSIFWNDVKDPVSIEER.A,EIF3B,6.350e+6,2.608,0.015,1.832,0.000
31627,2,"  3.723","  0.524",16/24,/core/www/modules//sdig/index.php?run_id=110202&search_id=114132&scans_id=110198&peptide_id=23543&scanf=31627&charge=2&value=16/24,sp|P05455|LA_HUMAN,/core/www/modules//consensus/?run_id=110202&search_id=114132&scans_id=110198&peptide_id=23543&scanf=31627&charge=2&value=sp|P05455|LA_HUMAN,0,/core/www/modules/match_peptides/blast_html4.php?run_id=110202&search_id=114132&scans_id=110198&peptide_id=23543&scanf=31627&charge=2&value=0,K.EVTWEVLEGEVEK.E,/core/www/modules/show_out/show_out_wrapper.php?run_id=110202&search_id=114132&scans_id=110198&peptide_id=23543&scanf=31627&charge=2&value=K.EVTWEVLEGEVEK.E,SSB,9.087e+6,3.425,0.001,3.037,0.000
31628,2,"  2.009","  0.197",9/16,/core/www/modules//sdig/index.php?run_id=110202&search_id=114132&scans_id=110198&peptide_id=23544&scanf=31628&charge=2&value=9/16,sp|O95782|AP2A1_HUMAN,/core/www/modules//consensus/?run_id=110202&search_id=114132&scans_id=110198&peptide_id=23544&scanf=31628&charge=2&value=sp|O95782|AP2A1_HUMAN,0,/core/www/modules/match_peptides/blast_html4.php?run_id=110202&search_id=114132&scans_id=110198&peptide_id=23544&scanf=31628&charge=2&value=0,K.FINLFPETK.A,/core/www/modules/show_out/show_out_wrapper.php?run_id=110202&search_id=114132&scans_id=110198&peptide_id=23544&scanf=31628&charge=2&value=K.FINLFPETK.A,AP2A1,4.328e+6,2.152,0.066,1.179,0.002
31630,2,"  2.776","  0.359",12/24,/core/www/modules//sdig/index.php?run_id=110202&search_id=114132&scans_id=110198&peptide_id=23547&scanf=31630&charge=2&value=12/24,sp|Q86XP3|DDX42_HUMAN,/core/www/modules//consensus/?run_id=110202&search_id=114132&scans_id=110198&peptide_id=23547&scanf=31630&charge=2&value=sp|Q86XP3|DDX42_HUMAN,0,/core/www/modules/match_peptides/blast_html4.php?run_id=110202&search_id=114132&scans_id=110198&peptide_id=23547&scanf=31630&charge=2&value=0,K.DIPVLVATDVAAR.G,/core/www/modules/show_out/show_out_wrapper.php?run_id=110202&search_id=114132&scans_id=110198&peptide_id=23547&scanf=31630&charge=2&value=K.DIPVLVATDVAAR.G,DDX42,1.263e+7,2.575,0.016,1.784,0.000
31631,4,"  3.541","  0.467",15/102,/core/www/modules//sdig/index.php?run_id=110202&search_id=114132&scans_id=110198&peptide_id=23548&scanf=31631&charge=4&value=15/102,sp|Q969Z0|FAKD4_HUMAN,/core/www/modules//consensus/?run_id=110202&search_id=114132&scans_id=110198&peptide_id=23548&scanf=31631&charge=4&value=sp|Q969Z0|FAKD4_HUMAN,1,/core/www/modules/match_peptides/blast_html4.php?run_id=110202&search_id=114132&scans_id=110198&peptide_id=23548&scanf=31631&charge=4&value=1,R.LNFHPDQEDQFFSLVHEK.L,/core/www/modules/show_out/show_out_wrapper.php?run_id=110202&search_id=114132&scans_id=110198&peptide_id=23548&scanf=31631&charge=4&value=R.LNFHPDQEDQFFSLVHEK.L,TBRG4,2.302e+6,3.120,0.003,2.586,0.000
31633,2,"  4.132","  0.614",16/28,/core/www/modules//sdig/index.php?run_id=110202&search_id=114132&scans_id=110198&peptide_id=23550&scanf=31633&charge=2&value=16/28,sp|O75367|H2AY_HUMAN,/core/www/modules//consensus/?run_id=110202&search_id=114132&scans_id=110198&peptide_id=23550&scanf=31633&charge=2&value=sp|O75367|H2AY_HUMAN,1,/core/www/modules/match_peptides/blast_html4.php?run_id=110202&search_id=114132&scans_id=110198&peptide_id=23550&scanf=31633&charge=2&value=1,K.AISSYFVSTMSSSIK.T,/core/www/modules/show_out/show_out_wrapper.php?run_id=110202&search_id=114132&scans_id=110198&peptide_id=23550&scanf=31633&charge=2&value=K.AISSYFVSTMSSSIK.T,MACROH2A1,4.294e+6,3.508,0.001,3.160,0.000
31634,2,"  3.790","  0.492",9/26,/core/www/modules//sdig/index.php?run_id=110202&search_id=114132&scans_id=110198&peptide_id=23551&scanf=31634&charge=2&value=9/26,sp|Q9Y490|TLN1_HUMAN,/core/www/modules//consensus/?run_id=110202&search_id=114132&scans_id=110198&peptide_id=23551&scanf=31634&charge=2&value=sp|Q9Y490|TLN1_HUMAN,0,/core/www/modules/match_peptides/blast_html4.php?run_id=110202&search_id=114132&scans_id=110198&peptide_id=23551&scanf=31634&charge=2&value=0,R.ILAQATSDLVNAIK.A,/core/www/modules/show_out/show_out_wrapper.php?run_id=110202&search_id=114132&scans_id=110198&peptide_id=23551&scanf=31634&charge=2&value=R.ILAQATSDLVNAIK.A,TLN1,1.409e+6,2.719,0.010,1.993,0.000
31636,2,"  5.328","  0.671",20/32,/core/www/modules//sdig/index.php?run_id=110202&search_id=114132&scans_id=110198&peptide_id=23553&scanf=31636&charge=2&value=20/32,sp|O75369|FLNB_HUMAN,/core/www/modules//consensus/?run_id=110202&search_id=114132&scans_id=110198&peptide_id=23553&scanf=31636&charge=2&value=sp|O75369|FLNB_HUMAN,3,/core/www/modules/match_peptides/blast_html4.php?run_id=110202&search_id=114132&scans_id=110198&peptide_id=23553&scanf=31636&charge=2&value=3,K.APLNVQFNSPLPGDAVK.D,/core/www/modules/show_out/show_out_wrapper.php?run_id=110202&search_id=114132&scans_id=110198&peptide_id=23553&scanf=31636&charge=2&value=K.APLNVQFNSPLPGDAVK.D,FLNB,3.222e+6,3.913,0.000,3.761,0.000
31639,2,"  5.415","  0.751",21/36,/core/www/modules//sdig/index.php?run_id=110202&search_id=114132&scans_id=110198&peptide_id=23556&scanf=31639&charge=2&value=21/36,sp|Q99460|PSMD1_HUMAN,/core/www/modules//consensus/?run_id=110202&search_id=114132&scans_id=110198&peptide_id=23556&scanf=31639&charge=2&value=sp|Q99460|PSMD1_HUMAN,5,/core/www/modules/match_peptides/blast_html4.php?run_id=110202&search_id=114132&scans_id=110198&peptide_id=23556&scanf=31639&charge=2&value=5,K.DTSEDIEELVEPVAAHGPK.I,/core/www/modules/show_out/show_out_wrapper.php?run_id=110202&search_id=114132&scans_id=110198&peptide_id=23556&scanf=31639&charge=2&value=K.DTSEDIEELVEPVAAHGPK.I,PSMD1,2.016e+6,3.929,0.000,3.785,0.000
31642,2,"  5.115","  0.741",21/38,/core/www/modules//sdig/index.php?run_id=110202&search_id=114132&scans_id=110198&peptide_id=23560&scanf=31642&charge=2&value=21/38,sp|P0DPH7|TBA3C_HUMAN,/core/www/modules//consensus/?run_id=110202&search_id=114132&scans_id=110198&peptide_id=23560&scanf=31642&charge=2&value=sp|P0DPH7|TBA3C_HUMAN,15,/core/www/modules/match_peptides/blast_html4.php?run_id=110202&search_id=114132&scans_id=110198&peptide_id=23560&scanf=31642&charge=2&value=15,K.TIGGGDDSFNTFFSETGAGK.H,/core/www/modules/show_out/show_out_wrapper.php?run_id=110202&search_id=114132&scans_id=110198&peptide_id=23560&scanf=31642&charge=2&value=K.TIGGGDDSFNTFFSETGAGK.H,TUBA3C,3.151e+7,3.791,0.000,3.580,0.000
31643,2,"  5.158","  0.771",20/40,/core/www/modules//sdig/index.php?run_id=110202&search_id=114132&scans_id=110198&peptide_id=23561&scanf=31643&charge=2&value=20/40,sp|Q86U42|PABP2_HUMAN,/core/www/modules//consensus/?run_id=110202&search_id=114132&scans_id=110198&peptide_id=23561&scanf=31643&charge=2&value=sp|Q86U42|PABP2_HUMAN,3,/core/www/modules/match_peptides/blast_html4.php?run_id=110202&search_id=114132&scans_id=110198&peptide_id=23561&scanf=31643&charge=2&value=3,K.QMNMSPPPGNAGPVIMSIEEK.M,/core/www/modules/show_out/show_out_wrapper.php?run_id=110202&search_id=114132&scans_id=110198&peptide_id=23561&scanf=31643&charge=2&value=K.QMNMSPPPGNAGPVIMSIEEK.M,PABPN1,1.424e+6,3.790,0.000,3.578,0.000
31647,3,"  5.149","  0.698",24/76,/core/www/modules//sdig/index.php?run_id=110202&search_id=114132&scans_id=110198&peptide_id=23564&scanf=31647&charge=3&value=24/76,sp|P55072|TERA_HUMAN,/core/www/modules//consensus/?run_id=110202&search_id=114132&scans_id=110198&peptide_id=23564&scanf=31647&charge=3&value=sp|P55072|TERA_HUMAN,6,/core/www/modules/match_peptides/blast_html4.php?run_id=110202&search_id=114132&scans_id=110198&peptide_id=23564&scanf=31647&charge=3&value=6,R.LIVDEAINEDNSVVSLSQPK.M,/core/www/modules/show_out/show_out_wrapper.php?run_id=110202&search_id=114132&scans_id=110198&peptide_id=23564&scanf=31647&charge=3&value=R.LIVDEAINEDNSVVSLSQPK.M,VCP,3.414e+7,3.911,0.000,3.758,0.000
31648,2,"  2.297","  0.408",9/18,/core/www/modules//sdig/index.php?run_id=110202&search_id=114132&scans_id=110198&peptide_id=23565&scanf=31648&charge=2&value=9/18,sp|P54136|SYRC_HUMAN,/core/www/modules//consensus/?run_id=110202&search_id=114132&scans_id=110198&peptide_id=23565&scanf=31648&charge=2&value=sp|P54136|SYRC_HUMAN,0,/core/www/modules/match_peptides/blast_html4.php?run_id=110202&search_id=114132&scans_id=110198&peptide_id=23565&scanf=31648&charge=2&value=0,R.LMDLLGEGLK.R,/core/www/modules/show_out/show_out_wrapper.php?run_id=110202&search_id=114132&scans_id=110198&peptide_id=23565&scanf=31648&charge=2&value=R.LMDLLGEGLK.R,RARS1,4.791e+7,2.823,0.007,2.148,0.000
31649,2,"  2.343","  0.240",8/12,/core/www/modules//sdig/index.php?run_id=110202&search_id=114132&scans_id=110198&peptide_id=23566&scanf=31649&charge=2&value=8/12,sp|Q9Y262|EIF3L_HUMAN,/core/www/modules//consensus/?run_id=110202&search_id=114132&scans_id=110198&peptide_id=23566&scanf=31649&charge=2&value=sp|Q9Y262|EIF3L_HUMAN,2,/core/www/modules/match_peptides/blast_html4.php?run_id=110202&search_id=114132&scans_id=110198&peptide_id=23566&scanf=31649&charge=2&value=2,R.IQLLVFK.H,/core/www/modules/show_out/show_out_wrapper.php?run_id=110202&search_id=114132&scans_id=110198&peptide_id=23566&scanf=31649&charge=2&value=R.IQLLVFK.H,EIF3L,1.394e+7,2.621,0.014,1.850,0.000
31650,3,"  3.155","  0.361",12/64,/core/www/modules//sdig/index.php?run_id=110202&search_id=114132&scans_id=110198&peptide_id=23568&scanf=31650&charge=3&value=12/64,sp|P27694|RFA1_HUMAN,/core/www/modules//consensus/?run_id=110202&search_id=114132&scans_id=110198&peptide_id=23568&scanf=31650&charge=3&value=sp|P27694|RFA1_HUMAN,1,/core/www/modules/match_peptides/blast_html4.php?run_id=110202&search_id=114132&scans_id=110198&peptide_id=23568&scanf=31650&charge=3&value=1,K.DKNEQAFEEVFQNANFR.S,/core/www/modules/show_out/show_out_wrapper.php?run_id=110202&search_id=114132&scans_id=110198&peptide_id=23568&scanf=31650&charge=3&value=K.DKNEQAFEEVFQNANFR.S,RPA1,3.308e+6,2.197,0.057,1.242,0.002
31651,3,"  4.560","  0.564",18/68,/core/www/modules//sdig/index.php?run_id=110202&search_id=114132&scans_id=110198&peptide_id=23569&scanf=31651&charge=3&value=18/68,sp|Q08211|DHX9_HUMAN,/core/www/modules//consensus/?run_id=110202&search_id=114132&scans_id=110198&peptide_id=23569&scanf=31651&charge=3&value=sp|Q08211|DHX9_HUMAN,0,/core/www/modules/match_peptides/blast_html4.php?run_id=110202&search_id=114132&scans_id=110198&peptide_id=23569&scanf=31651&charge=3&value=0,K.AIEPPPLDAVIEAEHTLR.E,/core/www/modules/show_out/show_out_wrapper.php?run_id=110202&search_id=114132&scans_id=110198&peptide_id=23569&scanf=31651&charge=3&value=K.AIEPPPLDAVIEAEHTLR.E,DHX9,2.851e+6,3.509,0.001,3.162,0.000
31653,3,"  2.049","  0.354",17/64,/core/www/modules//sdig/index.php?run_id=110202&search_id=114132&scans_id=110198&peptide_id=23571&scanf=31653&charge=3&value=17/64,sp|Q9NZI8|IF2B1_HUMAN,/core/www/modules//consensus/?run_id=110202&search_id=114132&scans_id=110198&peptide_id=23571&scanf=31653&charge=3&value=sp|Q9NZI8|IF2B1_HUMAN,0,/core/www/modules/match_peptides/blast_html4.php?run_id=110202&search_id=114132&scans_id=110198&peptide_id=23571&scanf=31653&charge=3&value=0,K.LYIGNLNESVTPADLEK.V,/core/www/modules/show_out/show_out_wrapper.php?run_id=110202&search_id=114132&scans_id=110198&peptide_id=23571&scanf=31653&charge=3&value=K.LYIGNLNESVTPADLEK.V,IGF2BP1,5.721e+6,2.473,0.023,1.635,0.001
31655,2,"  6.406","  0.726",24/38,/core/www/modules//sdig/index.php?run_id=110202&search_id=114132&scans_id=110198&peptide_id=23573&scanf=31655&charge=2&value=24/38,sp|P06733|ENOA_HUMAN,/core/www/modules//consensus/?run_id=110202&search_id=114132&scans_id=110198&peptide_id=23573&scanf=31655&charge=2&value=sp|P06733|ENOA_HUMAN,1,/core/www/modules/match_peptides/blast_html4.php?run_id=110202&search_id=114132&scans_id=110198&peptide_id=23573&scanf=31655&charge=2&value=1,K.FTASAGIQVVGDDLTVTNPK.R,/core/www/modules/show_out/show_out_wrapper.php?run_id=110202&search_id=114132&scans_id=110198&peptide_id=23573&scanf=31655&charge=2&value=K.FTASAGIQVVGDDLTVTNPK.R,ENO1,1.992e+6,3.963,0.000,3.834,0.000
31656,2,"  3.010","  0.389",9/20,/core/www/modules//sdig/index.php?run_id=110202&search_id=114132&scans_id=110198&peptide_id=23574&scanf=31656&charge=2&value=9/20,sp|Q29RF7|PDS5A_HUMAN,/core/www/modules//consensus/?run_id=110202&search_id=114132&scans_id=110198&peptide_id=23574&scanf=31656&charge=2&value=sp|Q29RF7|PDS5A_HUMAN,0,/core/www/modules/match_peptides/blast_html4.php?run_id=110202&search_id=114132&scans_id=110198&peptide_id=23574&scanf=31656&charge=2&value=0,K.QPTNPFLEMVK.F,/core/www/modules/show_out/show_out_wrapper.php?run_id=110202&search_id=114132&scans_id=110198&peptide_id=23574&scanf=31656&charge=2&value=K.QPTNPFLEMVK.F,PDS5A,1.257e+7,2.655,0.013,1.900,0.000
31658,2,"  1.880","  0.391",8/16,/core/www/modules//sdig/index.php?run_id=110202&search_id=114132&scans_id=110198&peptide_id=23576&scanf=31658&charge=2&value=8/16,sp|P31150|GDIA_HUMAN,/core/www/modules//consensus/?run_id=110202&search_id=114132&scans_id=110198&peptide_id=23576&scanf=31658&charge=2&value=sp|P31150|GDIA_HUMAN,7,/core/www/modules/match_peptides/blast_html4.php?run_id=110202&search_id=114132&scans_id=110198&peptide_id=23576&scanf=31658&charge=2&value=7,R.DWNVDLIPK.F,/core/www/modules/show_out/show_out_wrapper.php?run_id=110202&search_id=114132&scans_id=110198&peptide_id=23576&scanf=31658&charge=2&value=R.DWNVDLIPK.F,GDI1,4.231e+6,2.718,0.010,1.992,0.000
31660,3,"  5.548","  0.550",17/108,/core/www/modules//sdig/index.php?run_id=110202&search_id=114132&scans_id=110198&peptide_id=23578&scanf=31660&charge=3&value=17/108,sp|P46063|RECQ1_HUMAN,/core/www/modules//consensus/?run_id=110202&search_id=114132&scans_id=110198&peptide_id=23578&scanf=31660&charge=3&value=sp|P46063|RECQ1_HUMAN,0,/core/www/modules/match_peptides/blast_html4.php?run_id=110202&search_id=114132&scans_id=110198&peptide_id=23578&scanf=31660&charge=3&value=0,K.DSEQVTVSLQNLGIHAGAYHANLEPEDK.T,/core/www/modules/show_out/show_out_wrapper.php?run_id=110202&search_id=114132&scans_id=110198&peptide_id=23578&scanf=31660&charge=3&value=K.DSEQVTVSLQNLGIHAGAYHANLEPEDK.T,RECQL,1.262e+6,2.785,0.008,2.091,0.000
31664,2,"  3.283","  0.524",12/22,/core/www/modules//sdig/index.php?run_id=110202&search_id=114132&scans_id=110198&peptide_id=23582&scanf=31664&charge=2&value=12/22,sp|Q8IYB3|SRRM1_HUMAN,/core/www/modules//consensus/?run_id=110202&search_id=114132&scans_id=110198&peptide_id=23582&scanf=31664&charge=2&value=sp|Q8IYB3|SRRM1_HUMAN,4,/core/www/modules/match_peptides/blast_html4.php?run_id=110202&search_id=114132&scans_id=110198&peptide_id=23582&scanf=31664&charge=2&value=4,K.VNLEVIKPWITK.R,/core/www/modules/show_out/show_out_wrapper.php?run_id=110202&search_id=114132&scans_id=110198&peptide_id=23582&scanf=31664&charge=2&value=K.VNLEVIKPWITK.R,SRRM1,4.173e+6,3.204,0.002,2.710,0.000
31668,2,"  5.222","  0.692",23/32,/core/www/modules//sdig/index.php?run_id=110202&search_id=114132&scans_id=110198&peptide_id=23585&scanf=31668&charge=2&value=23/32,sp|Q9NZI8|IF2B1_HUMAN,/core/www/modules//consensus/?run_id=110202&search_id=114132&scans_id=110198&peptide_id=23585&scanf=31668&charge=2&value=sp|Q9NZI8|IF2B1_HUMAN,0,/core/www/modules/match_peptides/blast_html4.php?run_id=110202&search_id=114132&scans_id=110198&peptide_id=23585&scanf=31668&charge=2&value=0,K.LYIGNLNESVTPADLEK.V,/core/www/modules/show_out/show_out_wrapper.php?run_id=110202&search_id=114132&scans_id=110198&peptide_id=23585&scanf=31668&charge=2&value=K.LYIGNLNESVTPADLEK.V,IGF2BP1,2.114e+7,4.030,0.000,3.934,0.000
31669,3,"  3.687","  0.571",15/60,/core/www/modules//sdig/index.php?run_id=110202&search_id=114132&scans_id=110198&peptide_id=23586&scanf=31669&charge=3&value=15/60,sp|P46459|NSF_HUMAN,/core/www/modules//consensus/?run_id=110202&search_id=114132&scans_id=110198&peptide_id=23586&scanf=31669&charge=3&value=sp|P46459|NSF_HUMAN,1,/core/www/modules/match_peptides/blast_html4.php?run_id=110202&search_id=114132&scans_id=110198&peptide_id=23586&scanf=31669&charge=3&value=1,R.TPLVSVLLEGPPHSGK.T,/core/www/modules/show_out/show_out_wrapper.php?run_id=110202&search_id=114132&scans_id=110198&peptide_id=23586&scanf=31669&charge=3&value=R.TPLVSVLLEGPPHSGK.T,NSF,9.300e+7,3.281,0.002,2.823,0.000
31672,3,"  4.691","  0.595",19/88,/core/www/modules//sdig/index.php?run_id=110202&search_id=114132&scans_id=110198&peptide_id=23590&scanf=31672&charge=3&value=19/88,sp|Q9UBS4|DJB11_HUMAN,/core/www/modules//consensus/?run_id=110202&search_id=114132&scans_id=110198&peptide_id=23590&scanf=31672&charge=3&value=sp|Q9UBS4|DJB11_HUMAN,1,/core/www/modules/match_peptides/blast_html4.php?run_id=110202&search_id=114132&scans_id=110198&peptide_id=23590&scanf=31672&charge=3&value=1,R.DGMEYPFIGEGEPHVDGEPGDLR.F,/core/www/modules/show_out/show_out_wrapper.php?run_id=110202&search_id=114132&scans_id=110198&peptide_id=23590&scanf=31672&charge=3&value=R.DGMEYPFIGEGEPHVDGEPGDLR.F,DNAJB11,2.845e+6,3.108,0.003,2.567,0.000
31674,2,"  3.033","  0.490",9/18,/core/www/modules//sdig/index.php?run_id=110202&search_id=114132&scans_id=110198&peptide_id=23592&scanf=31674&charge=2&value=9/18,sp|Q92878|RAD50_HUMAN,/core/www/modules//consensus/?run_id=110202&search_id=114132&scans_id=110198&peptide_id=23592&scanf=31674&charge=2&value=sp|Q92878|RAD50_HUMAN,2,/core/www/modules/match_peptides/blast_html4.php?run_id=110202&search_id=114132&scans_id=110198&peptide_id=23592&scanf=31674&charge=2&value=2,R.DEMLGLVPMR.Q,/core/www/modules/show_out/show_out_wrapper.php?run_id=110202&search_id=114132&scans_id=110198&peptide_id=23592&scanf=31674&charge=2&value=R.DEMLGLVPMR.Q,RAD50,4.680e+6,3.222,0.002,2.736,0.000
31678,3,"  4.408","  0.657",15/84,/core/www/modules//sdig/index.php?run_id=110202&search_id=114132&scans_id=110198&peptide_id=23596&scanf=31678&charge=3&value=15/84,sp|O95639|CPSF4_HUMAN,/core/www/modules//consensus/?run_id=110202&search_id=114132&scans_id=110198&peptide_id=23596&scanf=31678&charge=3&value=sp|O95639|CPSF4_HUMAN,3,/core/www/modules/match_peptides/blast_html4.php?run_id=110202&search_id=114132&scans_id=110198&peptide_id=23596&scanf=31678&charge=3&value=3,R.FELPMGTTEQPPLPQQTQPPAK.Q,/core/www/modules/show_out/show_out_wrapper.php?run_id=110202&search_id=114132&scans_id=110198&peptide_id=23596&scanf=31678&charge=3&value=R.FELPMGTTEQPPLPQQTQPPAK.Q,CPSF4,5.676e+6,3.257,0.002,2.788,0.000
31679,4,"  2.739","  0.299",8/102,/core/www/modules//sdig/index.php?run_id=110202&search_id=114132&scans_id=110198&peptide_id=23597&scanf=31679&charge=4&value=8/102,sp|Q969Z0|FAKD4_HUMAN,/core/www/modules//consensus/?run_id=110202&search_id=114132&scans_id=110198&peptide_id=23597&scanf=31679&charge=4&value=sp|Q969Z0|FAKD4_HUMAN,1,/core/www/modules/match_peptides/blast_html4.php?run_id=110202&search_id=114132&scans_id=110198&peptide_id=23597&scanf=31679&charge=4&value=1,R.LNFHPDQEDQFFSLVHEK.L,/core/www/modules/show_out/show_out_wrapper.php?run_id=110202&search_id=114132&scans_id=110198&peptide_id=23597&scanf=31679&charge=4&value=R.LNFHPDQEDQFFSLVHEK.L,TBRG4,2.302e+6,2.428,0.027,1.570,0.001
31682,2,"  5.972","  0.728",23/36,/core/www/modules//sdig/index.php?run_id=110202&search_id=114132&scans_id=110198&peptide_id=23601&scanf=31682&charge=2&value=23/36,sp|P14625|ENPL_HUMAN,/core/www/modules//consensus/?run_id=110202&search_id=114132&scans_id=110198&peptide_id=23601&scanf=31682&charge=2&value=sp|P14625|ENPL_HUMAN,11,/core/www/modules/match_peptides/blast_html4.php?run_id=110202&search_id=114132&scans_id=110198&peptide_id=23601&scanf=31682&charge=2&value=11,R.LISLTDENALSGNEELTVK.I,/core/www/modules/show_out/show_out_wrapper.php?run_id=110202&search_id=114132&scans_id=110198&peptide_id=23601&scanf=31682&charge=2&value=R.LISLTDENALSGNEELTVK.I,HSP90B1,8.873e+6,4.057,0.000,3.973,0.000
31684,2,"  3.555","  0.547",13/26,/core/www/modules//sdig/index.php?run_id=110202&search_id=114132&scans_id=110198&peptide_id=23603&scanf=31684&charge=2&value=13/26,sp|Q9UNL2|SSRG_HUMAN,/core/www/modules//consensus/?run_id=110202&search_id=114132&scans_id=110198&peptide_id=23603&scanf=31684&charge=2&value=sp|Q9UNL2|SSRG_HUMAN,1,/core/www/modules/match_peptides/blast_html4.php?run_id=110202&search_id=114132&scans_id=110198&peptide_id=23603&scanf=31684&charge=2&value=1,K.QQSEEDLLLQDFSR.N,/core/www/modules/show_out/show_out_wrapper.php?run_id=110202&search_id=114132&scans_id=110198&peptide_id=23603&scanf=31684&charge=2&value=K.QQSEEDLLLQDFSR.N,SSR3,3.220e+6,3.098,0.003,2.552,0.000
31685,3,"  3.303","  0.456",12/64,/core/www/modules//sdig/index.php?run_id=110202&search_id=114132&scans_id=110198&peptide_id=23604&scanf=31685&charge=3&value=12/64,sp|Q14CX7|NAA25_HUMAN,/core/www/modules//consensus/?run_id=110202&search_id=114132&scans_id=110198&peptide_id=23604&scanf=31685&charge=3&value=sp|Q14CX7|NAA25_HUMAN,0,/core/www/modules/match_peptides/blast_html4.php?run_id=110202&search_id=114132&scans_id=110198&peptide_id=23604&scanf=31685&charge=3&value=0,K.SMNLRPEEDDIPWEDLR.D,/core/www/modules/show_out/show_out_wrapper.php?run_id=110202&search_id=114132&scans_id=110198&peptide_id=23604&scanf=31685&charge=3&value=K.SMNLRPEEDDIPWEDLR.D,NAA25,1.190e+6,2.748,0.009,2.036,0.000
31686,3,"  2.666","  0.371",12/44,/core/www/modules//sdig/index.php?run_id=110202&search_id=114132&scans_id=110198&peptide_id=23605&scanf=31686&charge=3&value=12/44,sp|Q9UBD5|ORC3_HUMAN,/core/www/modules//consensus/?run_id=110202&search_id=114132&scans_id=110198&peptide_id=23605&scanf=31686&charge=3&value=sp|Q9UBD5|ORC3_HUMAN,0,/core/www/modules/match_peptides/blast_html4.php?run_id=110202&search_id=114132&scans_id=110198&peptide_id=23605&scanf=31686&charge=3&value=0,R.KISLPIEDYFNK.G,/core/www/modules/show_out/show_out_wrapper.php?run_id=110202&search_id=114132&scans_id=110198&peptide_id=23605&scanf=31686&charge=3&value=R.KISLPIEDYFNK.G,ORC3,1.661e+6,2.463,0.024,1.621,0.001
31690,2,"  2.152","  0.258",9/14,/core/www/modules//sdig/index.php?run_id=110202&search_id=114132&scans_id=110198&peptide_id=23609&scanf=31690&charge=2&value=9/14,sp|P55061|BI1_HUMAN,/core/www/modules//consensus/?run_id=110202&search_id=114132&scans_id=110198&peptide_id=23609&scanf=31690&charge=2&value=sp|P55061|BI1_HUMAN,10,/core/www/modules/match_peptides/blast_html4.php?run_id=110202&search_id=114132&scans_id=110198&peptide_id=23609&scanf=31690&charge=2&value=10,K.INFDALLK.F,/core/www/modules/show_out/show_out_wrapper.php?run_id=110202&search_id=114132&scans_id=110198&peptide_id=23609&scanf=31690&charge=2&value=K.INFDALLK.F,TMBIM6,4.132e+6,2.465,0.024,1.623,0.001
31691,3,"  4.623","  0.558",15/84,/core/www/modules//sdig/index.php?run_id=110202&search_id=114132&scans_id=110198&peptide_id=23610&scanf=31691&charge=3&value=15/84,sp|O95639|CPSF4_HUMAN,/core/www/modules//consensus/?run_id=110202&search_id=114132&scans_id=110198&peptide_id=23610&scanf=31691&charge=3&value=sp|O95639|CPSF4_HUMAN,3,/core/www/modules/match_peptides/blast_html4.php?run_id=110202&search_id=114132&scans_id=110198&peptide_id=23610&scanf=31691&charge=3&value=3,R.FELPMGTTEQPPLPQQTQPPAK.Q,/core/www/modules/show_out/show_out_wrapper.php?run_id=110202&search_id=114132&scans_id=110198&peptide_id=23610&scanf=31691&charge=3&value=R.FELPMGTTEQPPLPQQTQPPAK.Q,CPSF4,5.676e+6,2.942,0.005,2.322,0.000
31692,3,"  3.633","  0.584",12/72,/core/www/modules//sdig/index.php?run_id=110202&search_id=114132&scans_id=110198&peptide_id=23611&scanf=31692&charge=3&value=12/72,sp|Q6PL18|ATAD2_HUMAN,/core/www/modules//consensus/?run_id=110202&search_id=114132&scans_id=110198&peptide_id=23611&scanf=31692&charge=3&value=sp|Q6PL18|ATAD2_HUMAN,1,/core/www/modules/match_peptides/blast_html4.php?run_id=110202&search_id=114132&scans_id=110198&peptide_id=23611&scanf=31692&charge=3&value=1,R.VFTKPVDPDEVPDYVTVIK.Q,/core/www/modules/show_out/show_out_wrapper.php?run_id=110202&search_id=114132&scans_id=110198&peptide_id=23611&scanf=31692&charge=3&value=R.VFTKPVDPDEVPDYVTVIK.Q,ATAD2,6.375e+6,3.166,0.002,2.653,0.000
31699,3,"  4.618","  0.563",15/80,/core/www/modules//sdig/index.php?run_id=110202&search_id=114132&scans_id=110198&peptide_id=23618&scanf=31699&charge=3&value=15/80,sp|O75165|DJC13_HUMAN,/core/www/modules//consensus/?run_id=110202&search_id=114132&scans_id=110198&peptide_id=23618&scanf=31699&charge=3&value=sp|O75165|DJC13_HUMAN,1,/core/www/modules/match_peptides/blast_html4.php?run_id=110202&search_id=114132&scans_id=110198&peptide_id=23618&scanf=31699&charge=3&value=1,R.KPVILEVTPGGFDQINPATNR.V,/core/www/modules/show_out/show_out_wrapper.php?run_id=110202&search_id=114132&scans_id=110198&peptide_id=23618&scanf=31699&charge=3&value=R.KPVILEVTPGGFDQINPATNR.V,DNAJC13,1.795e+6,3.019,0.004,2.436,0.000
31700,2,"  3.753","  0.584",18/28,/core/www/modules//sdig/index.php?run_id=110202&search_id=114132&scans_id=110198&peptide_id=23620&scanf=31700&charge=2&value=18/28,sp|P61160|ARP2_HUMAN,/core/www/modules//consensus/?run_id=110202&search_id=114132&scans_id=110198&peptide_id=23620&scanf=31700&charge=2&value=sp|P61160|ARP2_HUMAN,0,/core/www/modules/match_peptides/blast_html4.php?run_id=110202&search_id=114132&scans_id=110198&peptide_id=23620&scanf=31700&charge=2&value=0,R.SMLEVNYPMENGIVR.N,/core/www/modules/show_out/show_out_wrapper.php?run_id=110202&search_id=114132&scans_id=110198&peptide_id=23620&scanf=31700&charge=2&value=R.SMLEVNYPMENGIVR.N,ACTR2,2.319e+6,3.507,0.001,3.158,0.000
31705,2,"  2.522","  0.499",12/20,/core/www/modules//sdig/index.php?run_id=110202&search_id=114132&scans_id=110198&peptide_id=23625&scanf=31705&charge=2&value=12/20,sp|Q9H223|EHD4_HUMAN,/core/www/modules//consensus/?run_id=110202&search_id=114132&scans_id=110198&peptide_id=23625&scanf=31705&charge=2&value=sp|Q9H223|EHD4_HUMAN,0,/core/www/modules/match_peptides/blast_html4.php?run_id=110202&search_id=114132&scans_id=110198&peptide_id=23625&scanf=31705&charge=2&value=0,R.LFEAEAQDLFR.D,/core/www/modules/show_out/show_out_wrapper.php?run_id=110202&search_id=114132&scans_id=110198&peptide_id=23625&scanf=31705&charge=2&value=R.LFEAEAQDLFR.D,EHD4,2.383e+6,3.194,0.002,2.694,0.000
31706,4,"  3.151","  0.407",11/90,/core/www/modules//sdig/index.php?run_id=110202&search_id=114132&scans_id=110198&peptide_id=23626&scanf=31706&charge=4&value=11/90,sp|Q9Y4E5|ZN451_HUMAN,/core/www/modules//consensus/?run_id=110202&search_id=114132&scans_id=110198&peptide_id=23626&scanf=31706&charge=4&value=sp|Q9Y4E5|ZN451_HUMAN,2,/core/www/modules/match_peptides/blast_html4.php?run_id=110202&search_id=114132&scans_id=110198&peptide_id=23626&scanf=31706&charge=4&value=2,K.IDFQHAHGLQELEFIR.G,/core/www/modules/show_out/show_out_wrapper.php?run_id=110202&search_id=114132&scans_id=110198&peptide_id=23626&scanf=31706&charge=4&value=K.IDFQHAHGLQELEFIR.G,ZNF451,1.262e+6,2.986,0.004,2.388,0.000
31714,2,"  2.679","  0.635",10/16,/core/www/modules//sdig/index.php?run_id=110202&search_id=114132&scans_id=110198&peptide_id=23634&scanf=31714&charge=2&value=10/16,sp|P51531|SMCA2_HUMAN,/core/www/modules//consensus/?run_id=110202&search_id=114132&scans_id=110198&peptide_id=23634&scanf=31714&charge=2&value=sp|P51531|SMCA2_HUMAN,3,/core/www/modules/match_peptides/blast_html4.php?run_id=110202&search_id=114132&scans_id=110198&peptide_id=23634&scanf=31714&charge=2&value=3,R.EEEFDLFMR.M,/core/www/modules/show_out/show_out_wrapper.php?run_id=110202&search_id=114132&scans_id=110198&peptide_id=23634&scanf=31714&charge=2&value=R.EEEFDLFMR.M,SMARCA2,5.029e+6,4.019,0.000,3.917,0.000
31715,2,"  2.442","  0.402",8/26,/core/www/modules//sdig/index.php?run_id=110202&search_id=114132&scans_id=110198&peptide_id=23635&scanf=31715&charge=2&value=8/26,sp|Q9BUQ8|DDX23_HUMAN,/core/www/modules//consensus/?run_id=110202&search_id=114132&scans_id=110198&peptide_id=23635&scanf=31715&charge=2&value=sp|Q9BUQ8|DDX23_HUMAN,4,/core/www/modules/match_peptides/blast_html4.php?run_id=110202&search_id=114132&scans_id=110198&peptide_id=23635&scanf=31715&charge=2&value=4,K.DSSLPPHILEVIDK.C,/core/www/modules/show_out/show_out_wrapper.php?run_id=110202&search_id=114132&scans_id=110198&peptide_id=23635&scanf=31715&charge=2&value=K.DSSLPPHILEVIDK.C,DDX23,1.167e+7,2.413,0.028,1.548,0.001
31716,2,"  2.928","  0.441",13/34,/core/www/modules//sdig/index.php?run_id=110202&search_id=114132&scans_id=110198&peptide_id=23636&scanf=31716&charge=2&value=13/34,sp|Q13283|G3BP1_HUMAN,/core/www/modules//consensus/?run_id=110202&search_id=114132&scans_id=110198&peptide_id=23636&scanf=31716&charge=2&value=sp|Q13283|G3BP1_HUMAN,6,/core/www/modules/match_peptides/blast_html4.php?run_id=110202&search_id=114132&scans_id=110198&peptide_id=23636&scanf=31716&charge=2&value=6,K.SSSPAPADIAQTVQEDLR.T,/core/www/modules/show_out/show_out_wrapper.php?run_id=110202&search_id=114132&scans_id=110198&peptide_id=23636&scanf=31716&charge=2&value=K.SSSPAPADIAQTVQEDLR.T,G3BP1,2.932e+6,2.392,0.030,1.519,0.001
31718,2,"  1.738","  0.471",8/16,/core/www/modules//sdig/index.php?run_id=110202&search_id=114132&scans_id=110198&peptide_id=23638&scanf=31718&charge=2&value=8/16,sp|Q6IN85|P4R3A_HUMAN,/core/www/modules//consensus/?run_id=110202&search_id=114132&scans_id=110198&peptide_id=23638&scanf=31718&charge=2&value=sp|Q6IN85|P4R3A_HUMAN,1,/core/www/modules/match_peptides/blast_html4.php?run_id=110202&search_id=114132&scans_id=110198&peptide_id=23638&scanf=31718&charge=2&value=1,K.SFLFEPVVK.A,/core/www/modules/show_out/show_out_wrapper.php?run_id=110202&search_id=114132&scans_id=110198&peptide_id=23638&scanf=31718&charge=2&value=K.SFLFEPVVK.A,PPP4R3A,8.408e+6,3.022,0.004,2.440,0.000
31719,4,"  3.516","  0.472",17/96,/core/www/modules//sdig/index.php?run_id=110202&search_id=114132&scans_id=110198&peptide_id=23639&scanf=31719&charge=4&value=17/96,sp|Q92804|RBP56_HUMAN,/core/www/modules//consensus/?run_id=110202&search_id=114132&scans_id=110198&peptide_id=23639&scanf=31719&charge=4&value=sp|Q92804|RBP56_HUMAN,1,/core/www/modules/match_peptides/blast_html4.php?run_id=110202&search_id=114132&scans_id=110198&peptide_id=23639&scanf=31719&charge=4&value=1,K.AAIDWFDGKEFHGNIIK.V,/core/www/modules/show_out/show_out_wrapper.php?run_id=110202&search_id=114132&scans_id=110198&peptide_id=23639&scanf=31719&charge=4&value=K.AAIDWFDGKEFHGNIIK.V,TAF15,4.500e+6,3.004,0.004,2.414,0.000
31723,2,"  4.286","  0.681",17/32,/core/www/modules//sdig/index.php?run_id=110202&search_id=114132&scans_id=110198&peptide_id=23644&scanf=31723&charge=2&value=17/32,sp|P19447|ERCC3_HUMAN,/core/www/modules//consensus/?run_id=110202&search_id=114132&scans_id=110198&peptide_id=23644&scanf=31723&charge=2&value=sp|P19447|ERCC3_HUMAN,5,/core/www/modules/match_peptides/blast_html4.php?run_id=110202&search_id=114132&scans_id=110198&peptide_id=23644&scanf=31723&charge=2&value=5,R.NSEGEATELITETFTSK.S,/core/www/modules/show_out/show_out_wrapper.php?run_id=110202&search_id=114132&scans_id=110198&peptide_id=23644&scanf=31723&charge=2&value=R.NSEGEATELITETFTSK.S,ERCC3,2.129e+6,3.627,0.000,3.337,0.000
31725,3,"  3.493","  0.370",15/56,/core/www/modules//sdig/index.php?run_id=110202&search_id=114132&scans_id=110198&peptide_id=23646&scanf=31725&charge=3&value=15/56,sp|O60716|CTND1_HUMAN,/core/www/modules//consensus/?run_id=110202&search_id=114132&scans_id=110198&peptide_id=23646&scanf=31725&charge=3&value=sp|O60716|CTND1_HUMAN,7,/core/www/modules/match_peptides/blast_html4.php?run_id=110202&search_id=114132&scans_id=110198&peptide_id=23646&scanf=31725&charge=3&value=7,K.ALSAIADLLTNEHER.V,/core/www/modules/show_out/show_out_wrapper.php?run_id=110202&search_id=114132&scans_id=110198&peptide_id=23646&scanf=31725&charge=3&value=K.ALSAIADLLTNEHER.V,CTNND1,6.527e+6,2.675,0.012,1.930,0.000
31726,2,"  3.087","  0.349",11/18,/core/www/modules//sdig/index.php?run_id=110202&search_id=114132&scans_id=110198&peptide_id=23647&scanf=31726&charge=2&value=11/18,sp|Q96GQ7|DDX27_HUMAN,/core/www/modules//consensus/?run_id=110202&search_id=114132&scans_id=110198&peptide_id=23647&scanf=31726&charge=2&value=sp|Q96GQ7|DDX27_HUMAN,1,/core/www/modules/match_peptides/blast_html4.php?run_id=110202&search_id=114132&scans_id=110198&peptide_id=23647&scanf=31726&charge=2&value=1,R.EAIVAALLTR.T,/core/www/modules/show_out/show_out_wrapper.php?run_id=110202&search_id=114132&scans_id=110198&peptide_id=23647&scanf=31726&charge=2&value=R.EAIVAALLTR.T,DDX27,3.181e+7,2.878,0.006,2.227,0.000
31728,4,"  2.711","  0.416",14/84,/core/www/modules//sdig/index.php?run_id=110202&search_id=114132&scans_id=110198&peptide_id=23649&scanf=31728&charge=4&value=14/84,sp|O95155|UBE4B_HUMAN,/core/www/modules//consensus/?run_id=110202&search_id=114132&scans_id=110198&peptide_id=23649&scanf=31728&charge=4&value=sp|O95155|UBE4B_HUMAN,1,/core/www/modules/match_peptides/blast_html4.php?run_id=110202&search_id=114132&scans_id=110198&peptide_id=23649&scanf=31728&charge=4&value=1,K.IKLETVDPTYIFHPR.C,/core/www/modules/show_out/show_out_wrapper.php?run_id=110202&search_id=114132&scans_id=110198&peptide_id=23649&scanf=31728&charge=4&value=K.IKLETVDPTYIFHPR.C,UBE4B,1.785e+6,2.815,0.007,2.134,0.000
31729,2,"  5.229","  0.651",18/40,/core/www/modules//sdig/index.php?run_id=110202&search_id=114132&scans_id=110198&peptide_id=23650&scanf=31729&charge=2&value=18/40,sp|P49755|TMEDA_HUMAN,/core/www/modules//consensus/?run_id=110202&search_id=114132&scans_id=110198&peptide_id=23650&scanf=31729&charge=2&value=sp|P49755|TMEDA_HUMAN,1,/core/www/modules/match_peptides/blast_html4.php?run_id=110202&search_id=114132&scans_id=110198&peptide_id=23650&scanf=31729&charge=2&value=1,K.DLLVTGAYEISDQSGGAGGLR.S,/core/www/modules/show_out/show_out_wrapper.php?run_id=110202&search_id=114132&scans_id=110198&peptide_id=23650&scanf=31729&charge=2&value=K.DLLVTGAYEISDQSGGAGGLR.S,TMED10,1.622e+6,3.280,0.002,2.822,0.000
31735,3,"  6.319","  0.678",20/72,/core/www/modules//sdig/index.php?run_id=110202&search_id=114132&scans_id=110198&peptide_id=23656&scanf=31735&charge=3&value=20/72,sp|O43172|PRP4_HUMAN,/core/www/modules//consensus/?run_id=110202&search_id=114132&scans_id=110198&peptide_id=23656&scanf=31735&charge=3&value=sp|O43172|PRP4_HUMAN,0,/core/www/modules/match_peptides/blast_html4.php?run_id=110202&search_id=114132&scans_id=110198&peptide_id=23656&scanf=31735&charge=3&value=0,K.LWSLDSDEPVADIEGHTVR.V,/core/www/modules/show_out/show_out_wrapper.php?run_id=110202&search_id=114132&scans_id=110198&peptide_id=23656&scanf=31735&charge=3&value=K.LWSLDSDEPVADIEGHTVR.V,PRPF4,1.057e+7,3.753,0.000,3.524,0.000
31736,3,"  2.113","  0.327",12/76,/core/www/modules//sdig/index.php?run_id=110202&search_id=114132&scans_id=110198&peptide_id=23657&scanf=31736&charge=3&value=12/76,sp|P0DPH7|TBA3C_HUMAN,/core/www/modules//consensus/?run_id=110202&search_id=114132&scans_id=110198&peptide_id=23657&scanf=31736&charge=3&value=sp|P0DPH7|TBA3C_HUMAN,15,/core/www/modules/match_peptides/blast_html4.php?run_id=110202&search_id=114132&scans_id=110198&peptide_id=23657&scanf=31736&charge=3&value=15,K.TIGGGDDSFNTFFSETGAGK.H,/core/www/modules/show_out/show_out_wrapper.php?run_id=110202&search_id=114132&scans_id=110198&peptide_id=23657&scanf=31736&charge=3&value=K.TIGGGDDSFNTFFSETGAGK.H,TUBA3C,8.662e+6,2.154,0.066,1.181,0.002
31740,2,"  1.350","  0.206",8/16,/core/www/modules//sdig/index.php?run_id=110202&search_id=114132&scans_id=110198&peptide_id=23662&scanf=31740&charge=2&value=8/16,sp|P78527|PRKDC_HUMAN,/core/www/modules//consensus/?run_id=110202&search_id=114132&scans_id=110198&peptide_id=23662&scanf=31740&charge=2&value=sp|P78527|PRKDC_HUMAN,0,/core/www/modules/match_peptides/blast_html4.php?run_id=110202&search_id=114132&scans_id=110198&peptide_id=23662&scanf=31740&charge=2&value=0,R.LPLISGFYK.L,/core/www/modules/show_out/show_out_wrapper.php?run_id=110202&search_id=114132&scans_id=110198&peptide_id=23662&scanf=31740&charge=2&value=R.LPLISGFYK.L,PRKDC,1.013e+8,2.930,0.005,2.305,0.000
31743,2,"  1.706","  0.136",9/14,/core/www/modules//sdig/index.php?run_id=110202&search_id=114132&scans_id=110198&peptide_id=23665&scanf=31743&charge=2&value=9/14,sp|P38159|RBMX_HUMAN,/core/www/modules//consensus/?run_id=110202&search_id=114132&scans_id=110198&peptide_id=23665&scanf=31743&charge=2&value=sp|P38159|RBMX_HUMAN,4,/core/www/modules/match_peptides/blast_html4.php?run_id=110202&search_id=114132&scans_id=110198&peptide_id=23665&scanf=31743&charge=2&value=4,R.IVEVLLMK.D,/core/www/modules/show_out/show_out_wrapper.php?run_id=110202&search_id=114132&scans_id=110198&peptide_id=23665&scanf=31743&charge=2&value=R.IVEVLLMK.D,RBMX,3.788e+8,2.340,0.036,1.443,0.001
31744,2,"  1.984","  0.448",8/14,/core/www/modules//sdig/index.php?run_id=110202&search_id=114132&scans_id=110198&peptide_id=23666&scanf=31744&charge=2&value=8/14,sp|Q8N163|CCAR2_HUMAN,/core/www/modules//consensus/?run_id=110202&search_id=114132&scans_id=110198&peptide_id=23666&scanf=31744&charge=2&value=sp|Q8N163|CCAR2_HUMAN,2,/core/www/modules/match_peptides/blast_html4.php?run_id=110202&search_id=114132&scans_id=110198&peptide_id=23666&scanf=31744&charge=2&value=2,R.ILLTLGIR.L,/core/www/modules/show_out/show_out_wrapper.php?run_id=110202&search_id=114132&scans_id=110198&peptide_id=23666&scanf=31744&charge=2&value=R.ILLTLGIR.L,CCAR2,3.607e+6,3.180,0.002,2.674,0.000
31745,3,"  3.159","  0.418",14/64,/core/www/modules//sdig/index.php?run_id=110202&search_id=114132&scans_id=110198&peptide_id=23667&scanf=31745&charge=3&value=14/64,sp|Q96GQ7|DDX27_HUMAN,/core/www/modules//consensus/?run_id=110202&search_id=114132&scans_id=110198&peptide_id=23667&scanf=31745&charge=3&value=sp|Q96GQ7|DDX27_HUMAN,1,/core/www/modules/match_peptides/blast_html4.php?run_id=110202&search_id=114132&scans_id=110198&peptide_id=23667&scanf=31745&charge=3&value=1,R.FKDEQIDILVATDVAAR.G,/core/www/modules/show_out/show_out_wrapper.php?run_id=110202&search_id=114132&scans_id=110198&peptide_id=23667&scanf=31745&charge=3&value=R.FKDEQIDILVATDVAAR.G,DDX27,2.161e+6,2.468,0.024,1.628,0.001
31752,2,"  2.381","  0.568",11/20,/core/www/modules//sdig/index.php?run_id=110202&search_id=114132&scans_id=110198&peptide_id=23674&scanf=31752&charge=2&value=11/20,sp|Q7L014|DDX46_HUMAN,/core/www/modules//consensus/?run_id=110202&search_id=114132&scans_id=110198&peptide_id=23674&scanf=31752&charge=2&value=sp|Q7L014|DDX46_HUMAN,2,/core/www/modules/match_peptides/blast_html4.php?run_id=110202&search_id=114132&scans_id=110198&peptide_id=23674&scanf=31752&charge=2&value=2,K.NFYVEVPELAK.M,/core/www/modules/show_out/show_out_wrapper.php?run_id=110202&search_id=114132&scans_id=110198&peptide_id=23674&scanf=31752&charge=2&value=K.NFYVEVPELAK.M,DDX46,1.949e+7,3.468,0.001,3.101,0.000
31755,2,"  3.835","  0.574",14/26,/core/www/modules//sdig/index.php?run_id=110202&search_id=114132&scans_id=110198&peptide_id=23677&scanf=31755&charge=2&value=14/26,sp|Q9UIG0|BAZ1B_HUMAN,/core/www/modules//consensus/?run_id=110202&search_id=114132&scans_id=110198&peptide_id=23677&scanf=31755&charge=2&value=sp|Q9UIG0|BAZ1B_HUMAN,0,/core/www/modules/match_peptides/blast_html4.php?run_id=110202&search_id=114132&scans_id=110198&peptide_id=23677&scanf=31755&charge=2&value=0,K.LETSEFFELTSEEK.L,/core/www/modules/show_out/show_out_wrapper.php?run_id=110202&search_id=114132&scans_id=110198&peptide_id=23677&scanf=31755&charge=2&value=K.LETSEFFELTSEEK.L,BAZ1B,8.316e+6,3.481,0.001,3.120,0.000
31757,2,"  2.291","  0.230",12/18,/core/www/modules//sdig/index.php?run_id=110202&search_id=114132&scans_id=110198&peptide_id=23679&scanf=31757&charge=2&value=12/18,sp|P07237|PDIA1_HUMAN,/core/www/modules//consensus/?run_id=110202&search_id=114132&scans_id=110198&peptide_id=23679&scanf=31757&charge=2&value=sp|P07237|PDIA1_HUMAN,16,/core/www/modules/match_peptides/blast_html4.php?run_id=110202&search_id=114132&scans_id=110198&peptide_id=23679&scanf=31757&charge=2&value=16,R.EADDIVNWLK.K,/core/www/modules/show_out/show_out_wrapper.php?run_id=110202&search_id=114132&scans_id=110198&peptide_id=23679&scanf=31757&charge=2&value=R.EADDIVNWLK.K,P4HB,3.287e+7,2.406,0.029,1.538,0.001
31759,3,"  3.045","  0.469",10/64,/core/www/modules//sdig/index.php?run_id=110202&search_id=114132&scans_id=110198&peptide_id=23681&scanf=31759&charge=3&value=10/64,sp|Q9BXW7|HDHD5_HUMAN,/core/www/modules//consensus/?run_id=110202&search_id=114132&scans_id=110198&peptide_id=23681&scanf=31759&charge=3&value=sp|Q9BXW7|HDHD5_HUMAN,0,/core/www/modules/match_peptides/blast_html4.php?run_id=110202&search_id=114132&scans_id=110198&peptide_id=23681&scanf=31759&charge=3&value=0,R.VPVVFVTNAGNILQHSK.A,/core/www/modules/show_out/show_out_wrapper.php?run_id=110202&search_id=114132&scans_id=110198&peptide_id=23681&scanf=31759&charge=3&value=R.VPVVFVTNAGNILQHSK.A,HDHD5,3.447e+6,2.543,0.018,1.736,0.000
31760,3,"  3.162","  0.490",13/44,/core/www/modules//sdig/index.php?run_id=110202&search_id=114132&scans_id=110198&peptide_id=23683&scanf=31760&charge=3&value=13/44,sp|P11021|BIP_HUMAN,/core/www/modules//consensus/?run_id=110202&search_id=114132&scans_id=110198&peptide_id=23683&scanf=31760&charge=3&value=sp|P11021|BIP_HUMAN,1,/core/www/modules/match_peptides/blast_html4.php?run_id=110202&search_id=114132&scans_id=110198&peptide_id=23683&scanf=31760&charge=3&value=1,R.AKFEELNMDLFR.S,/core/www/modules/show_out/show_out_wrapper.php?run_id=110202&search_id=114132&scans_id=110198&peptide_id=23683&scanf=31760&charge=3&value=R.AKFEELNMDLFR.S,HSPA5,8.015e+6,2.991,0.004,2.395,0.000
31761,3,"  1.738","  0.318",11/68,/core/www/modules//sdig/index.php?run_id=110202&search_id=114132&scans_id=110198&peptide_id=23684&scanf=31761&charge=3&value=11/68,sp|P51003|PAPOA_HUMAN,/core/www/modules//consensus/?run_id=110202&search_id=114132&scans_id=110198&peptide_id=23684&scanf=31761&charge=3&value=sp|P51003|PAPOA_HUMAN,2,/core/www/modules/match_peptides/blast_html4.php?run_id=110202&search_id=114132&scans_id=110198&peptide_id=23684&scanf=31761&charge=3&value=2,K.NEFITLAHVNPQSFPAPK.E,/core/www/modules/show_out/show_out_wrapper.php?run_id=110202&search_id=114132&scans_id=110198&peptide_id=23684&scanf=31761&charge=3&value=K.NEFITLAHVNPQSFPAPK.E,PAPOLA,2.545e+6,2.143,0.068,1.166,0.002
31763,2,"  1.723","  0.508",9/14,/core/www/modules//sdig/index.php?run_id=110202&search_id=114132&scans_id=110198&peptide_id=23686&scanf=31763&charge=2&value=9/14,sp|Q6ZRS2|SRCAP_HUMAN,/core/www/modules//consensus/?run_id=110202&search_id=114132&scans_id=110198&peptide_id=23686&scanf=31763&charge=2&value=sp|Q6ZRS2|SRCAP_HUMAN,3,/core/www/modules/match_peptides/blast_html4.php?run_id=110202&search_id=114132&scans_id=110198&peptide_id=23686&scanf=31763&charge=2&value=3,K.TPIPLLLR.G,/core/www/modules/show_out/show_out_wrapper.php?run_id=110202&search_id=114132&scans_id=110198&peptide_id=23686&scanf=31763&charge=2&value=K.TPIPLLLR.G,SRCAP,3.181e+6,3.349,0.001,2.924,0.000
31764,2,"  4.291","  0.578",15/28,/core/www/modules//sdig/index.php?run_id=110202&search_id=114132&scans_id=110198&peptide_id=23687&scanf=31764&charge=2&value=15/28,sp|Q02880|TOP2B_HUMAN,/core/www/modules//consensus/?run_id=110202&search_id=114132&scans_id=110198&peptide_id=23687&scanf=31764&charge=2&value=sp|Q02880|TOP2B_HUMAN,4,/core/www/modules/match_peptides/blast_html4.php?run_id=110202&search_id=114132&scans_id=110198&peptide_id=23687&scanf=31764&charge=2&value=4,K.GFQQISFVNSIATTK.G,/core/www/modules/show_out/show_out_wrapper.php?run_id=110202&search_id=114132&scans_id=110198&peptide_id=23687&scanf=31764&charge=2&value=K.GFQQISFVNSIATTK.G,TOP2B,8.568e+6,3.437,0.001,3.055,0.000
31765,2,"  2.852","  0.655",12/22,/core/www/modules//sdig/index.php?run_id=110202&search_id=114132&scans_id=110198&peptide_id=23688&scanf=31765&charge=2&value=12/22,sp|Q08170|SRSF4_HUMAN,/core/www/modules//consensus/?run_id=110202&search_id=114132&scans_id=110198&peptide_id=23688&scanf=31765&charge=2&value=sp|Q08170|SRSF4_HUMAN,1,/core/www/modules/match_peptides/blast_html4.php?run_id=110202&search_id=114132&scans_id=110198&peptide_id=23688&scanf=31765&charge=2&value=1,K.NGYGFVEFDDLR.D,/core/www/modules/show_out/show_out_wrapper.php?run_id=110202&search_id=114132&scans_id=110198&peptide_id=23688&scanf=31765&charge=2&value=K.NGYGFVEFDDLR.D,SRSF4,9.585e+6,3.680,0.000,3.414,0.000
31766,2,"  5.253","  0.710",19/36,/core/www/modules//sdig/index.php?run_id=110202&search_id=114132&scans_id=110198&peptide_id=23689&scanf=31766&charge=2&value=19/36,sp|Q13554|KCC2B_HUMAN,/core/www/modules//consensus/?run_id=110202&search_id=114132&scans_id=110198&peptide_id=23689&scanf=31766&charge=2&value=sp|Q13554|KCC2B_HUMAN,46,/core/www/modules/match_peptides/blast_html4.php?run_id=110202&search_id=114132&scans_id=110198&peptide_id=23689&scanf=31766&charge=2&value=46,K.AGAYDFPSPEWDTVTPEAK.N,/core/www/modules/show_out/show_out_wrapper.php?run_id=110202&search_id=114132&scans_id=110198&peptide_id=23689&scanf=31766&charge=2&value=K.AGAYDFPSPEWDTVTPEAK.N,CAMK2B,1.322e+6,3.611,0.000,3.313,0.000
31767,3,"  4.885","  0.702",22/84,/core/www/modules//sdig/index.php?run_id=110202&search_id=114132&scans_id=110198&peptide_id=23690&scanf=31767&charge=3&value=22/84,sp|Q99459|CDC5L_HUMAN,/core/www/modules//consensus/?run_id=110202&search_id=114132&scans_id=110198&peptide_id=23690&scanf=31767&charge=3&value=sp|Q99459|CDC5L_HUMAN,0,/core/www/modules/match_peptides/blast_html4.php?run_id=110202&search_id=114132&scans_id=110198&peptide_id=23690&scanf=31767&charge=3&value=0,K.KPALGFYDTSEENYQALDADFR.K,/core/www/modules/show_out/show_out_wrapper.php?run_id=110202&search_id=114132&scans_id=110198&peptide_id=23690&scanf=31767&charge=3&value=K.KPALGFYDTSEENYQALDADFR.K,CDC5L,2.467e+6,3.650,0.000,3.371,0.000
31769,3,"  2.874","  0.319",8/72,/core/www/modules//sdig/index.php?run_id=110202&search_id=114132&scans_id=110198&peptide_id=23692&scanf=31769&charge=3&value=8/72,sp|Q9Y450|HBS1L_HUMAN,/core/www/modules//consensus/?run_id=110202&search_id=114132&scans_id=110198&peptide_id=23692&scanf=31769&charge=3&value=sp|Q9Y450|HBS1L_HUMAN,5,/core/www/modules/match_peptides/blast_html4.php?run_id=110202&search_id=114132&scans_id=110198&peptide_id=23692&scanf=31769&charge=3&value=5,K.GPPIEDAIASSDVLETASK.S,/core/www/modules/show_out/show_out_wrapper.php?run_id=110202&search_id=114132&scans_id=110198&peptide_id=23692&scanf=31769&charge=3&value=K.GPPIEDAIASSDVLETASK.S,HBS1L,2.813e+6,2.090,0.081,1.093,0.003
31774,3,"  5.200","  0.523",18/76,/core/www/modules//sdig/index.php?run_id=110202&search_id=114132&scans_id=110198&peptide_id=23697&scanf=31774&charge=3&value=18/76,sp|P06733|ENOA_HUMAN,/core/www/modules//consensus/?run_id=110202&search_id=114132&scans_id=110198&peptide_id=23697&scanf=31774&charge=3&value=sp|P06733|ENOA_HUMAN,1,/core/www/modules/match_peptides/blast_html4.php?run_id=110202&search_id=114132&scans_id=110198&peptide_id=23697&scanf=31774&charge=3&value=1,K.FTASAGIQVVGDDLTVTNPK.R,/core/www/modules/show_out/show_out_wrapper.php?run_id=110202&search_id=114132&scans_id=110198&peptide_id=23697&scanf=31774&charge=3&value=K.FTASAGIQVVGDDLTVTNPK.R,ENO1,7.031e+6,3.093,0.003,2.545,0.000
31775,2,"  2.686","  0.532",13/20,/core/www/modules//sdig/index.php?run_id=110202&search_id=114132&scans_id=110198&peptide_id=23698&scanf=31775&charge=2&value=13/20,sp|P08670|VIME_HUMAN,/core/www/modules//consensus/?run_id=110202&search_id=114132&scans_id=110198&peptide_id=23698&scanf=31775&charge=2&value=sp|P08670|VIME_HUMAN,4,/core/www/modules/match_peptides/blast_html4.php?run_id=110202&search_id=114132&scans_id=110198&peptide_id=23698&scanf=31775&charge=2&value=4,K.MALDIEIATYR.K,/core/www/modules/show_out/show_out_wrapper.php?run_id=110202&search_id=114132&scans_id=110198&peptide_id=23698&scanf=31775&charge=2&value=K.MALDIEIATYR.K,VIM,1.139e+8,3.907,0.000,3.752,0.000
31778,2,"  6.468","  0.796",25/36,/core/www/modules//sdig/index.php?run_id=110202&search_id=114132&scans_id=110198&peptide_id=23701&scanf=31778&charge=2&value=25/36,sp|Q14257|RCN2_HUMAN,/core/www/modules//consensus/?run_id=110202&search_id=114132&scans_id=110198&peptide_id=23701&scanf=31778&charge=2&value=sp|Q14257|RCN2_HUMAN,1,/core/www/modules/match_peptides/blast_html4.php?run_id=110202&search_id=114132&scans_id=110198&peptide_id=23701&scanf=31778&charge=2&value=1,R.VIDFDENTALDDAEEESFR.K,/core/www/modules/show_out/show_out_wrapper.php?run_id=110202&search_id=114132&scans_id=110198&peptide_id=23701&scanf=31778&charge=2&value=R.VIDFDENTALDDAEEESFR.K,RCN2,2.402e+6,4.242,0.000,4.248,0.000
31780,3,"  2.881","  0.441",17/48,/core/www/modules//sdig/index.php?run_id=110202&search_id=114132&scans_id=110198&peptide_id=23704&scanf=31780&charge=3&value=17/48,sp|Q5JTH9|RRP12_HUMAN,/core/www/modules//consensus/?run_id=110202&search_id=114132&scans_id=110198&peptide_id=23704&scanf=31780&charge=3&value=sp|Q5JTH9|RRP12_HUMAN,0,/core/www/modules/match_peptides/blast_html4.php?run_id=110202&search_id=114132&scans_id=110198&peptide_id=23704&scanf=31780&charge=3&value=0,K.EATTTLHMLTLLK.D,/core/www/modules/show_out/show_out_wrapper.php?run_id=110202&search_id=114132&scans_id=110198&peptide_id=23704&scanf=31780&charge=3&value=K.EATTTLHMLTLLK.D,RRP12,8.093e+6,3.150,0.002,2.630,0.000
31781,2,"  4.924","  0.651",18/30,/core/www/modules//sdig/index.php?run_id=110202&search_id=114132&scans_id=110198&peptide_id=23705&scanf=31781&charge=2&value=18/30,sp|P23381|SYWC_HUMAN,/core/www/modules//consensus/?run_id=110202&search_id=114132&scans_id=110198&peptide_id=23705&scanf=31781&charge=2&value=sp|P23381|SYWC_HUMAN,2,/core/www/modules/match_peptides/blast_html4.php?run_id=110202&search_id=114132&scans_id=110198&peptide_id=23705&scanf=31781&charge=2&value=2,K.DLTLDQAYSYAVENAK.D,/core/www/modules/show_out/show_out_wrapper.php?run_id=110202&search_id=114132&scans_id=110198&peptide_id=23705&scanf=31781&charge=2&value=K.DLTLDQAYSYAVENAK.D,WARS1,3.390e+6,3.625,0.000,3.334,0.000
31784,3,"  7.369","  0.751",25/100,/core/www/modules//sdig/index.php?run_id=110202&search_id=114132&scans_id=110198&peptide_id=23708&scanf=31784&charge=3&value=25/100,sp|P52907|CAZA1_HUMAN,/core/www/modules//consensus/?run_id=110202&search_id=114132&scans_id=110198&peptide_id=23708&scanf=31784&charge=3&value=sp|P52907|CAZA1_HUMAN,0,/core/www/modules/match_peptides/blast_html4.php?run_id=110202&search_id=114132&scans_id=110198&peptide_id=23708&scanf=31784&charge=3&value=0,K.IIENAENEYQTAISENYQTMSDTTFK.A,/core/www/modules/show_out/show_out_wrapper.php?run_id=110202&search_id=114132&scans_id=110198&peptide_id=23708&scanf=31784&charge=3&value=K.IIENAENEYQTAISENYQTMSDTTFK.A,CAPZA1,2.634e+6,3.745,0.000,3.511,0.000
31786,2,"  1.542","  0.461",6/12,/core/www/modules//sdig/index.php?run_id=110202&search_id=114132&scans_id=110198&peptide_id=23710&scanf=31786&charge=2&value=6/12,sp|O00139|KIF2A_HUMAN,/core/www/modules//consensus/?run_id=110202&search_id=114132&scans_id=110198&peptide_id=23710&scanf=31786&charge=2&value=sp|O00139|KIF2A_HUMAN,6,/core/www/modules/match_peptides/blast_html4.php?run_id=110202&search_id=114132&scans_id=110198&peptide_id=23710&scanf=31786&charge=2&value=6,R.DVFLMLK.K,/core/www/modules/show_out/show_out_wrapper.php?run_id=110202&search_id=114132&scans_id=110198&peptide_id=23710&scanf=31786&charge=2&value=R.DVFLMLK.K,KIF2A,3.593e+6,3.037,0.003,2.462,0.000
31787,3,"  3.396","  0.292",13/40,/core/www/modules//sdig/index.php?run_id=110202&search_id=114132&scans_id=110198&peptide_id=23711&scanf=31787&charge=3&value=13/40,sp|Q8N1G2|CMTR1_HUMAN,/core/www/modules//consensus/?run_id=110202&search_id=114132&scans_id=110198&peptide_id=23711&scanf=31787&charge=3&value=sp|Q8N1G2|CMTR1_HUMAN,0,/core/www/modules/match_peptides/blast_html4.php?run_id=110202&search_id=114132&scans_id=110198&peptide_id=23711&scanf=31787&charge=3&value=0,K.EDVLSFIQMHR.A,/core/www/modules/show_out/show_out_wrapper.php?run_id=110202&search_id=114132&scans_id=110198&peptide_id=23711&scanf=31787&charge=3&value=K.EDVLSFIQMHR.A,CMTR1,1.900e+6,2.638,0.013,1.876,0.000
31792,2,"  1.486","  0.142",7/12,/core/www/modules//sdig/index.php?run_id=110202&search_id=114132&scans_id=110198&peptide_id=23717&scanf=31792&charge=2&value=7/12,sp|P78527|PRKDC_HUMAN,/core/www/modules//consensus/?run_id=110202&search_id=114132&scans_id=110198&peptide_id=23717&scanf=31792&charge=2&value=sp|P78527|PRKDC_HUMAN,0,/core/www/modules/match_peptides/blast_html4.php?run_id=110202&search_id=114132&scans_id=110198&peptide_id=23717&scanf=31792&charge=2&value=0,R.LLNFLMK.H,/core/www/modules/show_out/show_out_wrapper.php?run_id=110202&search_id=114132&scans_id=110198&peptide_id=23717&scanf=31792&charge=2&value=R.LLNFLMK.H,PRKDC,5.731e+7,2.924,0.005,2.296,0.000
31794,2,"  2.750","  0.652",11/20,/core/www/modules//sdig/index.php?run_id=110202&search_id=114132&scans_id=110198&peptide_id=23718&scanf=31794&charge=2&value=11/20,sp|Q7L014|DDX46_HUMAN,/core/www/modules//consensus/?run_id=110202&search_id=114132&scans_id=110198&peptide_id=23718&scanf=31794&charge=2&value=sp|Q7L014|DDX46_HUMAN,2,/core/www/modules/match_peptides/blast_html4.php?run_id=110202&search_id=114132&scans_id=110198&peptide_id=23718&scanf=31794&charge=2&value=2,K.NFYVEVPELAK.M,/core/www/modules/show_out/show_out_wrapper.php?run_id=110202&search_id=114132&scans_id=110198&peptide_id=23718&scanf=31794&charge=2&value=K.NFYVEVPELAK.M,DDX46,1.949e+7,3.765,0.000,3.541,0.000
31795,2,"  2.523","  0.347",10/22,/core/www/modules//sdig/index.php?run_id=110202&search_id=114132&scans_id=110198&peptide_id=23719&scanf=31795&charge=2&value=10/22,sp|P78362|SRPK2_HUMAN,/core/www/modules//consensus/?run_id=110202&search_id=114132&scans_id=110198&peptide_id=23719&scanf=31795&charge=2&value=sp|P78362|SRPK2_HUMAN,1,/core/www/modules/match_peptides/blast_html4.php?run_id=110202&search_id=114132&scans_id=110198&peptide_id=23719&scanf=31795&charge=2&value=1,R.AADLLVNPLDPR.N,/core/www/modules/show_out/show_out_wrapper.php?run_id=110202&search_id=114132&scans_id=110198&peptide_id=23719&scanf=31795&charge=2&value=R.AADLLVNPLDPR.N,SRPK2,6.547e+6,2.483,0.022,1.650,0.001
31796,2,"  1.678","  0.358",8/20,/core/www/modules//sdig/index.php?run_id=110202&search_id=114132&scans_id=110198&peptide_id=23720&scanf=31796&charge=2&value=8/20,sp|O00267|SPT5H_HUMAN,/core/www/modules//consensus/?run_id=110202&search_id=114132&scans_id=110198&peptide_id=23720&scanf=31796&charge=2&value=sp|O00267|SPT5H_HUMAN,0,/core/www/modules/match_peptides/blast_html4.php?run_id=110202&search_id=114132&scans_id=110198&peptide_id=23720&scanf=31796&charge=2&value=0,K.DMLEFPAQELR.K,/core/www/modules/show_out/show_out_wrapper.php?run_id=110202&search_id=114132&scans_id=110198&peptide_id=23720&scanf=31796&charge=2&value=K.DMLEFPAQELR.K,SUPT5H,3.950e+6,2.462,0.024,1.619,0.001
31798,2,"  2.783","  0.515",12/18,/core/www/modules//sdig/index.php?run_id=110202&search_id=114132&scans_id=110198&peptide_id=23722&scanf=31798&charge=2&value=12/18,sp|Q99459|CDC5L_HUMAN,/core/www/modules//consensus/?run_id=110202&search_id=114132&scans_id=110198&peptide_id=23722&scanf=31798&charge=2&value=sp|Q99459|CDC5L_HUMAN,0,/core/www/modules/match_peptides/blast_html4.php?run_id=110202&search_id=114132&scans_id=110198&peptide_id=23722&scanf=31798&charge=2&value=0,R.LGLLGLPAPK.N,/core/www/modules/show_out/show_out_wrapper.php?run_id=110202&search_id=114132&scans_id=110198&peptide_id=23722&scanf=31798&charge=2&value=R.LGLLGLPAPK.N,CDC5L,2.681e+7,3.476,0.001,3.113,0.000
31800,2,"  4.838","  0.639",16/28,/core/www/modules//sdig/index.php?run_id=110202&search_id=114132&scans_id=110198&peptide_id=23725&scanf=31800&charge=2&value=16/28,sp|Q02880|TOP2B_HUMAN,/core/www/modules//consensus/?run_id=110202&search_id=114132&scans_id=110198&peptide_id=23725&scanf=31800&charge=2&value=sp|Q02880|TOP2B_HUMAN,4,/core/www/modules/match_peptides/blast_html4.php?run_id=110202&search_id=114132&scans_id=110198&peptide_id=23725&scanf=31800&charge=2&value=4,K.GFQQISFVNSIATTK.G,/core/www/modules/show_out/show_out_wrapper.php?run_id=110202&search_id=114132&scans_id=110198&peptide_id=23725&scanf=31800&charge=2&value=K.GFQQISFVNSIATTK.G,TOP2B,8.568e+6,3.713,0.000,3.464,0.000
31804,3,"  5.221","  0.487",16/68,/core/www/modules//sdig/index.php?run_id=110202&search_id=114132&scans_id=110198&peptide_id=23729&scanf=31804&charge=3&value=16/68,IgG1b_bovine,/core/www/modules//consensus/?run_id=110202&search_id=114132&scans_id=110198&peptide_id=23729&scanf=31804&charge=3&value=IgG1b_bovine,0,/core/www/modules/match_peptides/blast_html4.php?run_id=110202&search_id=114132&scans_id=110198&peptide_id=23729&scanf=31804&charge=3&value=0,K.FSWFVDNVEVNTATTKPR.E,/core/www/modules/show_out/show_out_wrapper.php?run_id=110202&search_id=114132&scans_id=110198&peptide_id=23729&scanf=31804&charge=3&value=K.FSWFVDNVEVNTATTKPR.E,,1.141e+7,2.925,0.005,2.298,0.000
31807,3,"  3.208","  0.530",15/48,/core/www/modules//sdig/index.php?run_id=110202&search_id=114132&scans_id=110198&peptide_id=23732&scanf=31807&charge=3&value=15/48,sp|P08670|VIME_HUMAN,/core/www/modules//consensus/?run_id=110202&search_id=114132&scans_id=110198&peptide_id=23732&scanf=31807&charge=3&value=sp|P08670|VIME_HUMAN,2,/core/www/modules/match_peptides/blast_html4.php?run_id=110202&search_id=114132&scans_id=110198&peptide_id=23732&scanf=31807&charge=3&value=2,R.KVESLQEEIAFLK.K,/core/www/modules/show_out/show_out_wrapper.php?run_id=110202&search_id=114132&scans_id=110198&peptide_id=23732&scanf=31807&charge=3&value=R.KVESLQEEIAFLK.K,VIM,5.375e+6,3.535,0.001,3.200,0.000
31810,2,"  2.557","  0.553",9/20,/core/www/modules//sdig/index.php?run_id=110202&search_id=114132&scans_id=110198&peptide_id=23736&scanf=31810&charge=2&value=9/20,sp|P36551|HEM6_HUMAN,/core/www/modules//consensus/?run_id=110202&search_id=114132&scans_id=110198&peptide_id=23736&scanf=31810&charge=2&value=sp|P36551|HEM6_HUMAN,0,/core/www/modules/match_peptides/blast_html4.php?run_id=110202&search_id=114132&scans_id=110198&peptide_id=23736&scanf=31810&charge=2&value=0,R.AVVPSYIPLVK.K,/core/www/modules/show_out/show_out_wrapper.php?run_id=110202&search_id=114132&scans_id=110198&peptide_id=23736&scanf=31810&charge=2&value=R.AVVPSYIPLVK.K,CPOX,2.940e+6,3.147,0.002,2.626,0.000
31812,3,"  6.123","  0.692",25/100,/core/www/modules//sdig/index.php?run_id=110202&search_id=114132&scans_id=110198&peptide_id=23738&scanf=31812&charge=3&value=25/100,sp|P52907|CAZA1_HUMAN,/core/www/modules//consensus/?run_id=110202&search_id=114132&scans_id=110198&peptide_id=23738&scanf=31812&charge=3&value=sp|P52907|CAZA1_HUMAN,0,/core/www/modules/match_peptides/blast_html4.php?run_id=110202&search_id=114132&scans_id=110198&peptide_id=23738&scanf=31812&charge=3&value=0,K.IIENAENEYQTAISENYQTMSDTTFK.A,/core/www/modules/show_out/show_out_wrapper.php?run_id=110202&search_id=114132&scans_id=110198&peptide_id=23738&scanf=31812&charge=3&value=K.IIENAENEYQTAISENYQTMSDTTFK.A,CAPZA1,2.634e+6,3.500,0.001,3.148,0.000
31816,2,"  4.187","  0.676",19/26,/core/www/modules//sdig/index.php?run_id=110202&search_id=114132&scans_id=110198&peptide_id=23741&scanf=31816&charge=2&value=19/26,sp|Q99832|TCPH_HUMAN,/core/www/modules//consensus/?run_id=110202&search_id=114132&scans_id=110198&peptide_id=23741&scanf=31816&charge=2&value=sp|Q99832|TCPH_HUMAN,0,/core/www/modules/match_peptides/blast_html4.php?run_id=110202&search_id=114132&scans_id=110198&peptide_id=23741&scanf=31816&charge=2&value=0,K.LPIGDVATQYFADR.D,/core/www/modules/show_out/show_out_wrapper.php?run_id=110202&search_id=114132&scans_id=110198&peptide_id=23741&scanf=31816&charge=2&value=K.LPIGDVATQYFADR.D,CCT7,3.622e+7,4.057,0.000,3.974,0.000
31817,2,"  3.147","  0.560",11/22,/core/www/modules//sdig/index.php?run_id=110202&search_id=114132&scans_id=110198&peptide_id=23742&scanf=31817&charge=2&value=11/22,sp|P78527|PRKDC_HUMAN,/core/www/modules//consensus/?run_id=110202&search_id=114132&scans_id=110198&peptide_id=23742&scanf=31817&charge=2&value=sp|P78527|PRKDC_HUMAN,1,/core/www/modules/match_peptides/blast_html4.php?run_id=110202&search_id=114132&scans_id=110198&peptide_id=23742&scanf=31817&charge=2&value=1,R.MSTSPEAFLALR.S,/core/www/modules/show_out/show_out_wrapper.php?run_id=110202&search_id=114132&scans_id=110198&peptide_id=23742&scanf=31817&charge=2&value=R.MSTSPEAFLALR.S,PRKDC,8.504e+7,4.114,0.000,4.059,0.000
31819,2,"  3.984","  0.629",14/34,/core/www/modules//sdig/index.php?run_id=110202&search_id=114132&scans_id=110198&peptide_id=23744&scanf=31819&charge=2&value=14/34,sp|P30044|PRDX5_HUMAN,/core/www/modules//consensus/?run_id=110202&search_id=114132&scans_id=110198&peptide_id=23744&scanf=31819&charge=2&value=sp|P30044|PRDX5_HUMAN,0,/core/www/modules/match_peptides/blast_html4.php?run_id=110202&search_id=114132&scans_id=110198&peptide_id=23744&scanf=31819&charge=2&value=0,K.VGDAIPAVEVFEGEPGNK.V,/core/www/modules/show_out/show_out_wrapper.php?run_id=110202&search_id=114132&scans_id=110198&peptide_id=23744&scanf=31819&charge=2&value=K.VGDAIPAVEVFEGEPGNK.V,PRDX5,2.651e+6,3.199,0.002,2.703,0.000
31822,3,"  4.678","  0.489",13/68,/core/www/modules//sdig/index.php?run_id=110202&search_id=114132&scans_id=110198&peptide_id=23748&scanf=31822&charge=3&value=13/68,sp|P54578|UBP14_HUMAN,/core/www/modules//consensus/?run_id=110202&search_id=114132&scans_id=110198&peptide_id=23748&scanf=31822&charge=3&value=sp|P54578|UBP14_HUMAN,1,/core/www/modules/match_peptides/blast_html4.php?run_id=110202&search_id=114132&scans_id=110198&peptide_id=23748&scanf=31822&charge=3&value=1,K.EKFEGVELNTDEPPMVFK.A,/core/www/modules/show_out/show_out_wrapper.php?run_id=110202&search_id=114132&scans_id=110198&peptide_id=23748&scanf=31822&charge=3&value=K.EKFEGVELNTDEPPMVFK.A,USP14,8.667e+6,2.670,0.012,1.922,0.000
31824,2,"  1.953","  0.475",9/28,/core/www/modules//sdig/index.php?run_id=110202&search_id=114132&scans_id=110198&peptide_id=23750&scanf=31824&charge=2&value=9/28,sp|Q14204|DYHC1_HUMAN,/core/www/modules//consensus/?run_id=110202&search_id=114132&scans_id=110198&peptide_id=23750&scanf=31824&charge=2&value=sp|Q14204|DYHC1_HUMAN,25,/core/www/modules/match_peptides/blast_html4.php?run_id=110202&search_id=114132&scans_id=110198&peptide_id=23750&scanf=31824&charge=2&value=25,K.VAAPDVVVPTLDTVR.H,/core/www/modules/show_out/show_out_wrapper.php?run_id=110202&search_id=114132&scans_id=110198&peptide_id=23750&scanf=31824&charge=2&value=K.VAAPDVVVPTLDTVR.H,DYNC1H1,6.712e+6,2.883,0.006,2.235,0.000
31825,3,"  2.089","  0.204",12/60,/core/www/modules//sdig/index.php?run_id=110202&search_id=114132&scans_id=110198&peptide_id=23751&scanf=31825&charge=3&value=12/60,sp|O00410|IPO5_HUMAN,/core/www/modules//consensus/?run_id=110202&search_id=114132&scans_id=110198&peptide_id=23751&scanf=31825&charge=3&value=sp|O00410|IPO5_HUMAN,1,/core/www/modules/match_peptides/blast_html4.php?run_id=110202&search_id=114132&scans_id=110198&peptide_id=23751&scanf=31825&charge=3&value=1,K.VIAALLQTMEDQGNQR.V,/core/www/modules/show_out/show_out_wrapper.php?run_id=110202&search_id=114132&scans_id=110198&peptide_id=23751&scanf=31825&charge=3&value=K.VIAALLQTMEDQGNQR.V,IPO5,4.993e+6,1.950,0.124,0.906,0.006
31826,2,"  2.639","  0.632",13/24,/core/www/modules//sdig/index.php?run_id=110202&search_id=114132&scans_id=110198&peptide_id=23752&scanf=31826&charge=2&value=13/24,sp|P68400|CSK21_HUMAN,/core/www/modules//consensus/?run_id=110202&search_id=114132&scans_id=110198&peptide_id=23752&scanf=31826&charge=2&value=sp|P68400|CSK21_HUMAN,6,/core/www/modules/match_peptides/blast_html4.php?run_id=110202&search_id=114132&scans_id=110198&peptide_id=23752&scanf=31826&charge=2&value=6,K.VLGTEDLYDYIDK.Y,/core/www/modules/show_out/show_out_wrapper.php?run_id=110202&search_id=114132&scans_id=110198&peptide_id=23752&scanf=31826&charge=2&value=K.VLGTEDLYDYIDK.Y,CSNK2A1,3.090e+6,3.493,0.001,3.137,0.000
31829,3,"  3.071","  0.377",11/56,/core/www/modules//sdig/index.php?run_id=110202&search_id=114132&scans_id=110198&peptide_id=23755&scanf=31829&charge=3&value=11/56,sp|O60885|BRD4_HUMAN,/core/www/modules//consensus/?run_id=110202&search_id=114132&scans_id=110198&peptide_id=23755&scanf=31829&charge=3&value=sp|O60885|BRD4_HUMAN,3,/core/www/modules/match_peptides/blast_html4.php?run_id=110202&search_id=114132&scans_id=110198&peptide_id=23755&scanf=31829&charge=3&value=3,K.HQFAWPFQQPVDAVK.L,/core/www/modules/show_out/show_out_wrapper.php?run_id=110202&search_id=114132&scans_id=110198&peptide_id=23755&scanf=31829&charge=3&value=K.HQFAWPFQQPVDAVK.L,BRD4,1.502e+6,2.549,0.018,1.745,0.000
31834,3,"  3.513","  0.479",15/64,/core/www/modules//sdig/index.php?run_id=110202&search_id=114132&scans_id=110198&peptide_id=23761&scanf=31834&charge=3&value=15/64,sp|P61129|ZC3H6_HUMAN,/core/www/modules//consensus/?run_id=110202&search_id=114132&scans_id=110198&peptide_id=23761&scanf=31834&charge=3&value=sp|P61129|ZC3H6_HUMAN,0,/core/www/modules/match_peptides/blast_html4.php?run_id=110202&search_id=114132&scans_id=110198&peptide_id=23761&scanf=31834&charge=3&value=0,R.TGHGPLPVPGLLPAVQR.A,/core/www/modules/show_out/show_out_wrapper.php?run_id=110202&search_id=114132&scans_id=110198&peptide_id=23761&scanf=31834&charge=3&value=R.TGHGPLPVPGLLPAVQR.A,ZC3H6,1.648e+6,2.861,0.006,2.202,0.000
31842,2,"  2.642","  0.571",11/20,/core/www/modules//sdig/index.php?run_id=110202&search_id=114132&scans_id=110198&peptide_id=23769&scanf=31842&charge=2&value=11/20,sp|Q9UJV9|DDX41_HUMAN,/core/www/modules//consensus/?run_id=110202&search_id=114132&scans_id=110198&peptide_id=23769&scanf=31842&charge=2&value=sp|Q9UJV9|DDX41_HUMAN,0,/core/www/modules/match_peptides/blast_html4.php?run_id=110202&search_id=114132&scans_id=110198&peptide_id=23769&scanf=31842&charge=2&value=0,K.TPPPVLIFAEK.K,/core/www/modules/show_out/show_out_wrapper.php?run_id=110202&search_id=114132&scans_id=110198&peptide_id=23769&scanf=31842&charge=2&value=K.TPPPVLIFAEK.K,DDX41,1.835e+7,3.424,0.001,3.036,0.000
31843,4,"  3.844","  0.443",15/126,/core/www/modules//sdig/index.php?run_id=110202&search_id=114132&scans_id=110198&peptide_id=23770&scanf=31843&charge=4&value=15/126,sp|P62191|PRS4_HUMAN,/core/www/modules//consensus/?run_id=110202&search_id=114132&scans_id=110198&peptide_id=23770&scanf=31843&charge=4&value=sp|P62191|PRS4_HUMAN,1,/core/www/modules/match_peptides/blast_html4.php?run_id=110202&search_id=114132&scans_id=110198&peptide_id=23770&scanf=31843&charge=4&value=1,K.ESVELPLTHPEYYEEMGIKPPK.G,/core/www/modules/show_out/show_out_wrapper.php?run_id=110202&search_id=114132&scans_id=110198&peptide_id=23770&scanf=31843&charge=4&value=K.ESVELPLTHPEYYEEMGIKPPK.G,PSMC1,8.400e+6,3.014,0.004,2.428,0.000
31844,2,"  2.885","  0.526",12/26,/core/www/modules//sdig/index.php?run_id=110202&search_id=114132&scans_id=110198&peptide_id=23771&scanf=31844&charge=2&value=12/26,sp|Q9H5V9|STEEP_HUMAN,/core/www/modules//consensus/?run_id=110202&search_id=114132&scans_id=110198&peptide_id=23771&scanf=31844&charge=2&value=sp|Q9H5V9|STEEP_HUMAN,0,/core/www/modules/match_peptides/blast_html4.php?run_id=110202&search_id=114132&scans_id=110198&peptide_id=23771&scanf=31844&charge=2&value=0,K.NAPVTFIVDGAVVK.F,/core/www/modules/show_out/show_out_wrapper.php?run_id=110202&search_id=114132&scans_id=110198&peptide_id=23771&scanf=31844&charge=2&value=K.NAPVTFIVDGAVVK.F,STEEP1,3.587e+6,2.881,0.006,2.232,0.000
31845,2,"  4.335","  0.737",18/30,/core/www/modules//sdig/index.php?run_id=110202&search_id=114132&scans_id=110198&peptide_id=23772&scanf=31845&charge=2&value=18/30,sp|Q8IY81|SPB1_HUMAN,/core/www/modules//consensus/?run_id=110202&search_id=114132&scans_id=110198&peptide_id=23772&scanf=31845&charge=2&value=sp|Q8IY81|SPB1_HUMAN,0,/core/www/modules/match_peptides/blast_html4.php?run_id=110202&search_id=114132&scans_id=110198&peptide_id=23772&scanf=31845&charge=2&value=0,K.SDDDGFEIVPIEDPAK.H,/core/www/modules/show_out/show_out_wrapper.php?run_id=110202&search_id=114132&scans_id=110198&peptide_id=23772&scanf=31845&charge=2&value=K.SDDDGFEIVPIEDPAK.H,FTSJ3,7.877e+6,3.983,0.000,3.864,0.000
31846,2,"  3.754","  0.664",13/22,/core/www/modules//sdig/index.php?run_id=110202&search_id=114132&scans_id=110198&peptide_id=23773&scanf=31846&charge=2&value=13/22,tr|A0A8I5KQ21|A0A8I5KQ21_HUMAN,/core/www/modules//consensus/?run_id=110202&search_id=114132&scans_id=110198&peptide_id=23773&scanf=31846&charge=2&value=tr|A0A8I5KQ21|A0A8I5KQ21_HUMAN,1,/core/www/modules/match_peptides/blast_html4.php?run_id=110202&search_id=114132&scans_id=110198&peptide_id=23773&scanf=31846&charge=2&value=1,R.QGVDDAFYTLVR.E,/core/www/modules/show_out/show_out_wrapper.php?run_id=110202&search_id=114132&scans_id=110198&peptide_id=23773&scanf=31846&charge=2&value=R.QGVDDAFYTLVR.E,KRAS,3.506e+6,3.718,0.000,3.472,0.000
31847,2,"  2.721","  0.337",12/26,/core/www/modules//sdig/index.php?run_id=110202&search_id=114132&scans_id=110198&peptide_id=23774&scanf=31847&charge=2&value=12/26,sp|O96019|ACL6A_HUMAN,/core/www/modules//consensus/?run_id=110202&search_id=114132&scans_id=110198&peptide_id=23774&scanf=31847&charge=2&value=sp|O96019|ACL6A_HUMAN,0,/core/www/modules/match_peptides/blast_html4.php?run_id=110202&search_id=114132&scans_id=110198&peptide_id=23774&scanf=31847&charge=2&value=0,R.LKIPEGLFDPSNVK.G,/core/www/modules/show_out/show_out_wrapper.php?run_id=110202&search_id=114132&scans_id=110198&peptide_id=23774&scanf=31847&charge=2&value=R.LKIPEGLFDPSNVK.G,ACTL6A,1.036e+7,2.130,0.071,1.148,0.002
31849,2,"  3.301","  0.722",15/26,/core/www/modules//sdig/index.php?run_id=110202&search_id=114132&scans_id=110198&peptide_id=23776&scanf=31849&charge=2&value=15/26,sp|Q9Y4A5|TRRAP_HUMAN,/core/www/modules//consensus/?run_id=110202&search_id=114132&scans_id=110198&peptide_id=23776&scanf=31849&charge=2&value=sp|Q9Y4A5|TRRAP_HUMAN,2,/core/www/modules/match_peptides/blast_html4.php?run_id=110202&search_id=114132&scans_id=110198&peptide_id=23776&scanf=31849&charge=2&value=2,R.FVDFNDPNFGDELK.A,/core/www/modules/show_out/show_out_wrapper.php?run_id=110202&search_id=114132&scans_id=110198&peptide_id=23776&scanf=31849&charge=2&value=R.FVDFNDPNFGDELK.A,TRRAP,2.434e+6,3.910,0.000,3.755,0.000
31853,3,"  4.987","  0.616",21/72,/core/www/modules//sdig/index.php?run_id=110202&search_id=114132&scans_id=110198&peptide_id=23781&scanf=31853&charge=3&value=21/72,sp|P06576|ATPB_HUMAN,/core/www/modules//consensus/?run_id=110202&search_id=114132&scans_id=110198&peptide_id=23781&scanf=31853&charge=3&value=sp|P06576|ATPB_HUMAN,2,/core/www/modules/match_peptides/blast_html4.php?run_id=110202&search_id=114132&scans_id=110198&peptide_id=23781&scanf=31853&charge=3&value=2,K.VLDSGAPIKIPVGPETLGR.I,/core/www/modules/show_out/show_out_wrapper.php?run_id=110202&search_id=114132&scans_id=110198&peptide_id=23781&scanf=31853&charge=3&value=K.VLDSGAPIKIPVGPETLGR.I,ATP5F1B,2.253e+7,3.241,0.002,2.765,0.000
31857,2,"  2.160","  0.458",9/14,/core/www/modules//sdig/index.php?run_id=110202&search_id=114132&scans_id=110198&peptide_id=23784&scanf=31857&charge=2&value=9/14,sp|P09661|RU2A_HUMAN,/core/www/modules//consensus/?run_id=110202&search_id=114132&scans_id=110198&peptide_id=23784&scanf=31857&charge=2&value=sp|P09661|RU2A_HUMAN,1,/core/www/modules/match_peptides/blast_html4.php?run_id=110202&search_id=114132&scans_id=110198&peptide_id=23784&scanf=31857&charge=2&value=1,K.LDGFPLLR.R,/core/www/modules/show_out/show_out_wrapper.php?run_id=110202&search_id=114132&scans_id=110198&peptide_id=23784&scanf=31857&charge=2&value=K.LDGFPLLR.R,SNRPA1,1.922e+7,3.128,0.003,2.597,0.000
31858,2,"  3.067","  0.546",11/30,/core/www/modules//sdig/index.php?run_id=110202&search_id=114132&scans_id=110198&peptide_id=23785&scanf=31858&charge=2&value=11/30,sp|Q13242|SRSF9_HUMAN,/core/www/modules//consensus/?run_id=110202&search_id=114132&scans_id=110198&peptide_id=23785&scanf=31858&charge=2&value=sp|Q13242|SRSF9_HUMAN,0,/core/www/modules/match_peptides/blast_html4.php?run_id=110202&search_id=114132&scans_id=110198&peptide_id=23785&scanf=31858&charge=2&value=0,R.VLVSGLPPSGSWQDLK.D,/core/www/modules/show_out/show_out_wrapper.php?run_id=110202&search_id=114132&scans_id=110198&peptide_id=23785&scanf=31858&charge=2&value=R.VLVSGLPPSGSWQDLK.D,SRSF9,1.010e+8,2.844,0.007,2.177,0.000
31859,2,"  4.652","  0.643",18/28,/core/www/modules//sdig/index.php?run_id=110202&search_id=114132&scans_id=110198&peptide_id=23786&scanf=31859&charge=2&value=18/28,sp|P62829|RL23_HUMAN,/core/www/modules//consensus/?run_id=110202&search_id=114132&scans_id=110198&peptide_id=23786&scanf=31859&charge=2&value=sp|P62829|RL23_HUMAN,3,/core/www/modules/match_peptides/blast_html4.php?run_id=110202&search_id=114132&scans_id=110198&peptide_id=23786&scanf=31859&charge=2&value=3,R.LPAAGVGDMVMATVK.K,/core/www/modules/show_out/show_out_wrapper.php?run_id=110202&search_id=114132&scans_id=110198&peptide_id=23786&scanf=31859&charge=2&value=R.LPAAGVGDMVMATVK.K,RPL23,2.301e+8,3.760,0.000,3.533,0.000
31860,3,"  4.503","  0.684",19/60,/core/www/modules//sdig/index.php?run_id=110202&search_id=114132&scans_id=110198&peptide_id=23788&scanf=31860&charge=3&value=19/60,sp|P51149|RAB7A_HUMAN,/core/www/modules//consensus/?run_id=110202&search_id=114132&scans_id=110198&peptide_id=23788&scanf=31860&charge=3&value=sp|P51149|RAB7A_HUMAN,5,/core/www/modules/match_peptides/blast_html4.php?run_id=110202&search_id=114132&scans_id=110198&peptide_id=23788&scanf=31860&charge=3&value=5,K.TLDSWRDEFLIQASPR.D,/core/www/modules/show_out/show_out_wrapper.php?run_id=110202&search_id=114132&scans_id=110198&peptide_id=23788&scanf=31860&charge=3&value=K.TLDSWRDEFLIQASPR.D,RAB7A,5.428e+6,3.507,0.001,3.159,0.000
31861,3,"  4.568","  0.579",15/76,/core/www/modules//sdig/index.php?run_id=110202&search_id=114132&scans_id=110198&peptide_id=23789&scanf=31861&charge=3&value=15/76,sp|P55072|TERA_HUMAN,/core/www/modules//consensus/?run_id=110202&search_id=114132&scans_id=110198&peptide_id=23789&scanf=31861&charge=3&value=sp|P55072|TERA_HUMAN,6,/core/www/modules/match_peptides/blast_html4.php?run_id=110202&search_id=114132&scans_id=110198&peptide_id=23789&scanf=31861&charge=3&value=6,R.LIVDEAINEDNSVVSLSQPK.M,/core/www/modules/show_out/show_out_wrapper.php?run_id=110202&search_id=114132&scans_id=110198&peptide_id=23789&scanf=31861&charge=3&value=R.LIVDEAINEDNSVVSLSQPK.M,VCP,3.414e+7,3.212,0.002,2.721,0.000
31862,2,"  2.747","  0.491",10/18,/core/www/modules//sdig/index.php?run_id=110202&search_id=114132&scans_id=110198&peptide_id=23790&scanf=31862&charge=2&value=10/18,sp|Q8IZL8|PELP1_HUMAN,/core/www/modules//consensus/?run_id=110202&search_id=114132&scans_id=110198&peptide_id=23790&scanf=31862&charge=2&value=sp|Q8IZL8|PELP1_HUMAN,4,/core/www/modules/match_peptides/blast_html4.php?run_id=110202&search_id=114132&scans_id=110198&peptide_id=23790&scanf=31862&charge=2&value=4,R.YAAQLPALFR.D,/core/www/modules/show_out/show_out_wrapper.php?run_id=110202&search_id=114132&scans_id=110198&peptide_id=23790&scanf=31862&charge=2&value=R.YAAQLPALFR.D,PELP1,5.818e+6,3.201,0.002,2.705,0.000
31863,3,"  2.854","  0.467",12/48,/core/www/modules//sdig/index.php?run_id=110202&search_id=114132&scans_id=110198&peptide_id=23791&scanf=31863&charge=3&value=12/48,sp|P14625|ENPL_HUMAN,/core/www/modules//consensus/?run_id=110202&search_id=114132&scans_id=110198&peptide_id=23791&scanf=31863&charge=3&value=sp|P14625|ENPL_HUMAN,8,/core/www/modules/match_peptides/blast_html4.php?run_id=110202&search_id=114132&scans_id=110198&peptide_id=23791&scanf=31863&charge=3&value=8,R.VFITDDFHDMMPK.Y,/core/www/modules/show_out/show_out_wrapper.php?run_id=110202&search_id=114132&scans_id=110198&peptide_id=23791&scanf=31863&charge=3&value=R.VFITDDFHDMMPK.Y,HSP90B1,7.958e+7,3.135,0.002,2.608,0.000
31868,3,"  3.257","  0.201",17/36,/core/www/modules//sdig/index.php?run_id=110202&search_id=114132&scans_id=110198&peptide_id=23796&scanf=31868&charge=3&value=17/36,sp|Q14694|UBP10_HUMAN,/core/www/modules//consensus/?run_id=110202&search_id=114132&scans_id=110198&peptide_id=23796&scanf=31868&charge=3&value=sp|Q14694|UBP10_HUMAN,1,/core/www/modules/match_peptides/blast_html4.php?run_id=110202&search_id=114132&scans_id=110198&peptide_id=23796&scanf=31868&charge=3&value=1,K.LPPVLVLHLK.R,/core/www/modules/show_out/show_out_wrapper.php?run_id=110202&search_id=114132&scans_id=110198&peptide_id=23796&scanf=31868&charge=3&value=K.LPPVLVLHLK.R,USP10,8.178e+6,2.598,0.015,1.816,0.000
31870,3,"  2.899","  0.482",15/72,/core/www/modules//sdig/index.php?run_id=110202&search_id=114132&scans_id=110198&peptide_id=23798&scanf=31870&charge=3&value=15/72,sp|Q96DB5|RMD1_HUMAN,/core/www/modules//consensus/?run_id=110202&search_id=114132&scans_id=110198&peptide_id=23798&scanf=31870&charge=3&value=sp|Q96DB5|RMD1_HUMAN,3,/core/www/modules/match_peptides/blast_html4.php?run_id=110202&search_id=114132&scans_id=110198&peptide_id=23798&scanf=31870&charge=3&value=3,K.VEEILEQADYLYESGETEK.L,/core/www/modules/show_out/show_out_wrapper.php?run_id=110202&search_id=114132&scans_id=110198&peptide_id=23798&scanf=31870&charge=3&value=K.VEEILEQADYLYESGETEK.L,RMDN1,1.440e+6,2.712,0.010,1.983,0.000
31872,2,"  2.930","  0.521",12/20,/core/www/modules//sdig/index.php?run_id=110202&search_id=114132&scans_id=110198&peptide_id=23800&scanf=31872&charge=2&value=12/20,sp|Q9BZM5|ULBP2_HUMAN,/core/www/modules//consensus/?run_id=110202&search_id=114132&scans_id=110198&peptide_id=23800&scanf=31872&charge=2&value=sp|Q9BZM5|ULBP2_HUMAN,0,/core/www/modules/match_peptides/blast_html4.php?run_id=110202&search_id=114132&scans_id=110198&peptide_id=23800&scanf=31872&charge=2&value=0,R.EVVDILTEQLR.D,/core/www/modules/show_out/show_out_wrapper.php?run_id=110202&search_id=114132&scans_id=110198&peptide_id=23800&scanf=31872&charge=2&value=R.EVVDILTEQLR.D,ULBP2,2.099e+6,3.301,0.001,2.853,0.000
31875,2,"  5.083","  0.652",18/32,/core/www/modules//sdig/index.php?run_id=110202&search_id=114132&scans_id=110198&peptide_id=23803&scanf=31875&charge=2&value=18/32,sp|P04792|HSPB1_HUMAN,/core/www/modules//consensus/?run_id=110202&search_id=114132&scans_id=110198&peptide_id=23803&scanf=31875&charge=2&value=sp|P04792|HSPB1_HUMAN,3,/core/www/modules/match_peptides/blast_html4.php?run_id=110202&search_id=114132&scans_id=110198&peptide_id=23803&scanf=31875&charge=2&value=3,K.LATQSNEITIPVTFESR.A,/core/www/modules/show_out/show_out_wrapper.php?run_id=110202&search_id=114132&scans_id=110198&peptide_id=23803&scanf=31875&charge=2&value=K.LATQSNEITIPVTFESR.A,HSPB1,3.330e+6,3.531,0.001,3.193,0.000
31879,2,"  2.207","  0.555",10/20,/core/www/modules//sdig/index.php?run_id=110202&search_id=114132&scans_id=110198&peptide_id=23806&scanf=31879&charge=2&value=10/20,sp|Q9UJV9|DDX41_HUMAN,/core/www/modules//consensus/?run_id=110202&search_id=114132&scans_id=110198&peptide_id=23806&scanf=31879&charge=2&value=sp|Q9UJV9|DDX41_HUMAN,0,/core/www/modules/match_peptides/blast_html4.php?run_id=110202&search_id=114132&scans_id=110198&peptide_id=23806&scanf=31879&charge=2&value=0,K.TPPPVLIFAEK.K,/core/www/modules/show_out/show_out_wrapper.php?run_id=110202&search_id=114132&scans_id=110198&peptide_id=23806&scanf=31879&charge=2&value=K.TPPPVLIFAEK.K,DDX41,1.835e+7,3.276,0.002,2.817,0.000
31880,2,"  2.772","  0.619",12/22,/core/www/modules//sdig/index.php?run_id=110202&search_id=114132&scans_id=110198&peptide_id=23808&scanf=31880&charge=2&value=12/22,sp|P62906|RL10A_HUMAN,/core/www/modules//consensus/?run_id=110202&search_id=114132&scans_id=110198&peptide_id=23808&scanf=31880&charge=2&value=sp|P62906|RL10A_HUMAN,0,/core/www/modules/match_peptides/blast_html4.php?run_id=110202&search_id=114132&scans_id=110198&peptide_id=23808&scanf=31880&charge=2&value=0,K.YDAFLASESLIK.Q,/core/www/modules/show_out/show_out_wrapper.php?run_id=110202&search_id=114132&scans_id=110198&peptide_id=23808&scanf=31880&charge=2&value=K.YDAFLASESLIK.Q,RPL10A,2.778e+7,3.499,0.001,3.146,0.000
31881,4,"  6.580","  0.668",26/150,/core/www/modules//sdig/index.php?run_id=110202&search_id=114132&scans_id=110198&peptide_id=23809&scanf=31881&charge=4&value=26/150,sp|O75531|BAF_HUMAN,/core/www/modules//consensus/?run_id=110202&search_id=114132&scans_id=110198&peptide_id=23809&scanf=31881&charge=4&value=sp|O75531|BAF_HUMAN,0,/core/www/modules/match_peptides/blast_html4.php?run_id=110202&search_id=114132&scans_id=110198&peptide_id=23809&scanf=31881&charge=4&value=0,K.HRDFVAEPMGEKPVGSLAGIGEVLGK.K,/core/www/modules/show_out/show_out_wrapper.php?run_id=110202&search_id=114132&scans_id=110198&peptide_id=23809&scanf=31881&charge=4&value=K.HRDFVAEPMGEKPVGSLAGIGEVLGK.K,BANF1,2.823e+6,3.493,0.001,3.138,0.000
31882,3,"  3.512","  0.663",12/56,/core/www/modules//sdig/index.php?run_id=110202&search_id=114132&scans_id=110198&peptide_id=23810&scanf=31882&charge=3&value=12/56,sp|P55072|TERA_HUMAN,/core/www/modules//consensus/?run_id=110202&search_id=114132&scans_id=110198&peptide_id=23810&scanf=31882&charge=3&value=sp|P55072|TERA_HUMAN,7,/core/www/modules/match_peptides/blast_html4.php?run_id=110202&search_id=114132&scans_id=110198&peptide_id=23810&scanf=31882&charge=3&value=7,R.VINQILTEMDGMSTK.K,/core/www/modules/show_out/show_out_wrapper.php?run_id=110202&search_id=114132&scans_id=110198&peptide_id=23810&scanf=31882&charge=3&value=R.VINQILTEMDGMSTK.K,VCP,2.876e+7,3.721,0.000,3.476,0.000
31883,2,"  2.622","  0.293",10/18,/core/www/modules//sdig/index.php?run_id=110202&search_id=114132&scans_id=110198&peptide_id=23811&scanf=31883&charge=2&value=10/18,sp|Q3ZCT1|ZN260_HUMAN,/core/www/modules//consensus/?run_id=110202&search_id=114132&scans_id=110198&peptide_id=23811&scanf=31883&charge=2&value=sp|Q3ZCT1|ZN260_HUMAN,0,/core/www/modules/match_peptides/blast_html4.php?run_id=110202&search_id=114132&scans_id=110198&peptide_id=23811&scanf=31883&charge=2&value=0,K.VSIQMPTIIR.H,/core/www/modules/show_out/show_out_wrapper.php?run_id=110202&search_id=114132&scans_id=110198&peptide_id=23811&scanf=31883&charge=2&value=K.VSIQMPTIIR.H,ZNF260,3.615e+6,2.352,0.035,1.461,0.001
31884,2,"  1.741","  0.147",8/14,/core/www/modules//sdig/index.php?run_id=110202&search_id=114132&scans_id=110198&peptide_id=23812&scanf=31884&charge=2&value=8/14,sp|Q3L8U1|CHD9_HUMAN,/core/www/modules//consensus/?run_id=110202&search_id=114132&scans_id=110198&peptide_id=23812&scanf=31884&charge=2&value=sp|Q3L8U1|CHD9_HUMAN,9,/core/www/modules/match_peptides/blast_html4.php?run_id=110202&search_id=114132&scans_id=110198&peptide_id=23812&scanf=31884&charge=2&value=9,K.SLLIGVFK.H,/core/www/modules/show_out/show_out_wrapper.php?run_id=110202&search_id=114132&scans_id=110198&peptide_id=23812&scanf=31884&charge=2&value=K.SLLIGVFK.H,CHD9,6.023e+6,2.073,0.085,1.070,0.003
31886,2,"  3.021","  0.570",15/26,/core/www/modules//sdig/index.php?run_id=110202&search_id=114132&scans_id=110198&peptide_id=23814&scanf=31886&charge=2&value=15/26,sp|Q86VP6|CAND1_HUMAN,/core/www/modules//consensus/?run_id=110202&search_id=114132&scans_id=110198&peptide_id=23814&scanf=31886&charge=2&value=sp|Q86VP6|CAND1_HUMAN,1,/core/www/modules/match_peptides/blast_html4.php?run_id=110202&search_id=114132&scans_id=110198&peptide_id=23814&scanf=31886&charge=2&value=1,K.EGPAVVGQFIQDVK.N,/core/www/modules/show_out/show_out_wrapper.php?run_id=110202&search_id=114132&scans_id=110198&peptide_id=23814&scanf=31886&charge=2&value=K.EGPAVVGQFIQDVK.N,CAND1,9.331e+6,3.283,0.001,2.827,0.000
31890,3,"  5.741","  0.631",20/64,/core/www/modules//sdig/index.php?run_id=110202&search_id=114132&scans_id=110198&peptide_id=23819&scanf=31890&charge=3&value=20/64,sp|Q99623|PHB2_HUMAN,/core/www/modules//consensus/?run_id=110202&search_id=114132&scans_id=110198&peptide_id=23819&scanf=31890&charge=3&value=sp|Q99623|PHB2_HUMAN,6,/core/www/modules/match_peptides/blast_html4.php?run_id=110202&search_id=114132&scans_id=110198&peptide_id=23819&scanf=31890&charge=3&value=6,R.IGGVQQDTILAEGLHFR.I,/core/www/modules/show_out/show_out_wrapper.php?run_id=110202&search_id=114132&scans_id=110198&peptide_id=23819&scanf=31890&charge=3&value=R.IGGVQQDTILAEGLHFR.I,PHB2,1.517e+7,3.633,0.000,3.345,0.000
31892,3,"  3.075","  0.450",12/80,/core/www/modules//sdig/index.php?run_id=110202&search_id=114132&scans_id=110198&peptide_id=23821&scanf=31892&charge=3&value=12/80,sp|Q09161|NCBP1_HUMAN,/core/www/modules//consensus/?run_id=110202&search_id=114132&scans_id=110198&peptide_id=23821&scanf=31892&charge=3&value=sp|Q09161|NCBP1_HUMAN,0,/core/www/modules/match_peptides/blast_html4.php?run_id=110202&search_id=114132&scans_id=110198&peptide_id=23821&scanf=31892&charge=3&value=0,K.DVPNPNQDDDDDEGFSFNPLK.I,/core/www/modules/show_out/show_out_wrapper.php?run_id=110202&search_id=114132&scans_id=110198&peptide_id=23821&scanf=31892&charge=3&value=K.DVPNPNQDDDDDEGFSFNPLK.I,NCBP1,2.137e+6,2.561,0.017,1.763,0.000
31893,2,"  4.860","  0.648",16/28,/core/www/modules//sdig/index.php?run_id=110202&search_id=114132&scans_id=110198&peptide_id=23822&scanf=31893&charge=2&value=16/28,sp|P46940|IQGA1_HUMAN,/core/www/modules//consensus/?run_id=110202&search_id=114132&scans_id=110198&peptide_id=23822&scanf=31893&charge=2&value=sp|P46940|IQGA1_HUMAN,2,/core/www/modules/match_peptides/blast_html4.php?run_id=110202&search_id=114132&scans_id=110198&peptide_id=23822&scanf=31893&charge=2&value=2,R.SNQQLENDLNLMDIK.I,/core/www/modules/show_out/show_out_wrapper.php?run_id=110202&search_id=114132&scans_id=110198&peptide_id=23822&scanf=31893&charge=2&value=R.SNQQLENDLNLMDIK.I,IQGAP1,3.484e+6,3.706,0.000,3.453,0.000
31894,2,"  3.620","  0.417",12/24,/core/www/modules//sdig/index.php?run_id=110202&search_id=114132&scans_id=110198&peptide_id=23823&scanf=31894&charge=2&value=12/24,sp|P49792|RBP2_HUMAN,/core/www/modules//consensus/?run_id=110202&search_id=114132&scans_id=110198&peptide_id=23823&scanf=31894&charge=2&value=sp|P49792|RBP2_HUMAN,2,/core/www/modules/match_peptides/blast_html4.php?run_id=110202&search_id=114132&scans_id=110198&peptide_id=23823&scanf=31894&charge=2&value=2,R.FGESTTGFNFSFK.S,/core/www/modules/show_out/show_out_wrapper.php?run_id=110202&search_id=114132&scans_id=110198&peptide_id=23823&scanf=31894&charge=2&value=R.FGESTTGFNFSFK.S,RANBP2,1.274e+6,2.809,0.007,2.126,0.000
31896,3,"  2.748","  0.256",11/56,/core/www/modules//sdig/index.php?run_id=110202&search_id=114132&scans_id=110198&peptide_id=23825&scanf=31896&charge=3&value=11/56,sp|P23786|CPT2_HUMAN,/core/www/modules//consensus/?run_id=110202&search_id=114132&scans_id=110198&peptide_id=23825&scanf=31896&charge=3&value=sp|P23786|CPT2_HUMAN,4,/core/www/modules/match_peptides/blast_html4.php?run_id=110202&search_id=114132&scans_id=110198&peptide_id=23825&scanf=31896&charge=3&value=4,R.AGLLEPEVFHLNPAK.S,/core/www/modules/show_out/show_out_wrapper.php?run_id=110202&search_id=114132&scans_id=110198&peptide_id=23825&scanf=31896&charge=3&value=R.AGLLEPEVFHLNPAK.S,CPT2,8.065e+6,2.150,0.067,1.175,0.002
31897,2,"  1.945","  0.142",10/16,/core/www/modules//sdig/index.php?run_id=110202&search_id=114132&scans_id=110198&peptide_id=23826&scanf=31897&charge=2&value=10/16,sp|O43747|AP1G1_HUMAN,/core/www/modules//consensus/?run_id=110202&search_id=114132&scans_id=110198&peptide_id=23826&scanf=31897&charge=2&value=sp|O43747|AP1G1_HUMAN,0,/core/www/modules/match_peptides/blast_html4.php?run_id=110202&search_id=114132&scans_id=110198&peptide_id=23826&scanf=31897&charge=2&value=0,R.YVALTSLLK.T,/core/www/modules/show_out/show_out_wrapper.php?run_id=110202&search_id=114132&scans_id=110198&peptide_id=23826&scanf=31897&charge=2&value=R.YVALTSLLK.T,AP1G1,4.964e+6,2.098,0.079,1.105,0.003
31903,2,"  1.969","  0.414",7/20,/core/www/modules//sdig/index.php?run_id=110202&search_id=114132&scans_id=110198&peptide_id=23832&scanf=31903&charge=2&value=7/20,sp|O75955|FLOT1_HUMAN,/core/www/modules//consensus/?run_id=110202&search_id=114132&scans_id=110198&peptide_id=23832&scanf=31903&charge=2&value=sp|O75955|FLOT1_HUMAN,3,/core/www/modules/match_peptides/blast_html4.php?run_id=110202&search_id=114132&scans_id=110198&peptide_id=23832&scanf=31903&charge=2&value=3,K.VTGEVLDILTR.L,/core/www/modules/show_out/show_out_wrapper.php?run_id=110202&search_id=114132&scans_id=110198&peptide_id=23832&scanf=31903&charge=2&value=K.VTGEVLDILTR.L,FLOT1,3.108e+6,2.279,0.044,1.357,0.001
31904,3,"  4.565","  0.544",15/76,/core/www/modules//sdig/index.php?run_id=110202&search_id=114132&scans_id=110198&peptide_id=23833&scanf=31904&charge=3&value=15/76,sp|Q92576|PHF3_HUMAN,/core/www/modules//consensus/?run_id=110202&search_id=114132&scans_id=110198&peptide_id=23833&scanf=31904&charge=3&value=sp|Q92576|PHF3_HUMAN,1,/core/www/modules/match_peptides/blast_html4.php?run_id=110202&search_id=114132&scans_id=110198&peptide_id=23833&scanf=31904&charge=3&value=1,R.GKPPDVSTEAFLTNLSIQSK.Q,/core/www/modules/show_out/show_out_wrapper.php?run_id=110202&search_id=114132&scans_id=110198&peptide_id=23833&scanf=31904&charge=3&value=R.GKPPDVSTEAFLTNLSIQSK.Q,PHF3,2.703e+6,2.818,0.007,2.140,0.000
31907,3,"  4.024","  0.441",17/56,/core/www/modules//sdig/index.php?run_id=110202&search_id=114132&scans_id=110198&peptide_id=23836&scanf=31907&charge=3&value=17/56,sp|Q16401|PSMD5_HUMAN,/core/www/modules//consensus/?run_id=110202&search_id=114132&scans_id=110198&peptide_id=23836&scanf=31907&charge=3&value=sp|Q16401|PSMD5_HUMAN,1,/core/www/modules/match_peptides/blast_html4.php?run_id=110202&search_id=114132&scans_id=110198&peptide_id=23836&scanf=31907&charge=3&value=1,R.ALHSVLQAVPLNELR.Q,/core/www/modules/show_out/show_out_wrapper.php?run_id=110202&search_id=114132&scans_id=110198&peptide_id=23836&scanf=31907&charge=3&value=R.ALHSVLQAVPLNELR.Q,PSMD5,5.487e+6,2.958,0.005,2.346,0.000
31908,2,"  3.931","  0.604",15/26,/core/www/modules//sdig/index.php?run_id=110202&search_id=114132&scans_id=110198&peptide_id=23837&scanf=31908&charge=2&value=15/26,sp|Q12789|TF3C1_HUMAN,/core/www/modules//consensus/?run_id=110202&search_id=114132&scans_id=110198&peptide_id=23837&scanf=31908&charge=2&value=sp|Q12789|TF3C1_HUMAN,0,/core/www/modules/match_peptides/blast_html4.php?run_id=110202&search_id=114132&scans_id=110198&peptide_id=23837&scanf=31908&charge=2&value=0,R.YEEIDLETGILESR.R,/core/www/modules/show_out/show_out_wrapper.php?run_id=110202&search_id=114132&scans_id=110198&peptide_id=23837&scanf=31908&charge=2&value=R.YEEIDLETGILESR.R,GTF3C1,2.464e+6,3.558,0.001,3.234,0.000
31909,3,"  2.269","  0.200",9/44,/core/www/modules//sdig/index.php?run_id=110202&search_id=114132&scans_id=110198&peptide_id=23838&scanf=31909&charge=3&value=9/44,sp|Q2M389|WASC4_HUMAN,/core/www/modules//consensus/?run_id=110202&search_id=114132&scans_id=110198&peptide_id=23838&scanf=31909&charge=3&value=sp|Q2M389|WASC4_HUMAN,1,/core/www/modules/match_peptides/blast_html4.php?run_id=110202&search_id=114132&scans_id=110198&peptide_id=23838&scanf=31909&charge=3&value=1,R.EFDSLHWFQSVR.E,/core/www/modules/show_out/show_out_wrapper.php?run_id=110202&search_id=114132&scans_id=110198&peptide_id=23838&scanf=31909&charge=3&value=R.EFDSLHWFQSVR.E,WASHC4,2.244e+6,2.043,0.093,1.030,0.004
31910,3,"  4.675","  0.610",18/84,/core/www/modules//sdig/index.php?run_id=110202&search_id=114132&scans_id=110198&peptide_id=23840&scanf=31910&charge=3&value=18/84,sp|P62191|PRS4_HUMAN,/core/www/modules//consensus/?run_id=110202&search_id=114132&scans_id=110198&peptide_id=23840&scanf=31910&charge=3&value=sp|P62191|PRS4_HUMAN,1,/core/www/modules/match_peptides/blast_html4.php?run_id=110202&search_id=114132&scans_id=110198&peptide_id=23840&scanf=31910&charge=3&value=1,K.ESVELPLTHPEYYEEMGIKPPK.G,/core/www/modules/show_out/show_out_wrapper.php?run_id=110202&search_id=114132&scans_id=110198&peptide_id=23840&scanf=31910&charge=3&value=K.ESVELPLTHPEYYEEMGIKPPK.G,PSMC1,5.286e+6,3.289,0.001,2.835,0.000
31918,3,"  2.895","  0.455",19/60,/core/www/modules//sdig/index.php?run_id=110202&search_id=114132&scans_id=110198&peptide_id=23848&scanf=31918&charge=3&value=19/60,sp|P46063|RECQ1_HUMAN,/core/www/modules//consensus/?run_id=110202&search_id=114132&scans_id=110198&peptide_id=23848&scanf=31918&charge=3&value=sp|P46063|RECQ1_HUMAN,3,/core/www/modules/match_peptides/blast_html4.php?run_id=110202&search_id=114132&scans_id=110198&peptide_id=23848&scanf=31918&charge=3&value=3,K.FRPLQLETINVTMAGK.E,/core/www/modules/show_out/show_out_wrapper.php?run_id=110202&search_id=114132&scans_id=110198&peptide_id=23848&scanf=31918&charge=3&value=K.FRPLQLETINVTMAGK.E,RECQL,2.935e+7,3.003,0.004,2.413,0.000
31920,3,"  6.230","  0.591",24/92,/core/www/modules//sdig/index.php?run_id=110202&search_id=114132&scans_id=110198&peptide_id=23850&scanf=31920&charge=3&value=24/92,sp|Q49A26|GLYR1_HUMAN,/core/www/modules//consensus/?run_id=110202&search_id=114132&scans_id=110198&peptide_id=23850&scanf=31920&charge=3&value=sp|Q49A26|GLYR1_HUMAN,1,/core/www/modules/match_peptides/blast_html4.php?run_id=110202&search_id=114132&scans_id=110198&peptide_id=23850&scanf=31920&charge=3&value=1,R.LAIALGDAVNHPTPMAAAANEVYK.R,/core/www/modules/show_out/show_out_wrapper.php?run_id=110202&search_id=114132&scans_id=110198&peptide_id=23850&scanf=31920&charge=3&value=R.LAIALGDAVNHPTPMAAAANEVYK.R,GLYR1,6.278e+6,3.265,0.002,2.800,0.000
31921,3,"  4.295","  0.496",15/60,/core/www/modules//sdig/index.php?run_id=110202&search_id=114132&scans_id=110198&peptide_id=23851&scanf=31921&charge=3&value=15/60,sp|Q9H9B1|EHMT1_HUMAN,/core/www/modules//consensus/?run_id=110202&search_id=114132&scans_id=110198&peptide_id=23851&scanf=31921&charge=3&value=sp|Q9H9B1|EHMT1_HUMAN,4,/core/www/modules/match_peptides/blast_html4.php?run_id=110202&search_id=114132&scans_id=110198&peptide_id=23851&scanf=31921&charge=3&value=4,K.ETLESALIALDSEKPK.K,/core/www/modules/show_out/show_out_wrapper.php?run_id=110202&search_id=114132&scans_id=110198&peptide_id=23851&scanf=31921&charge=3&value=K.ETLESALIALDSEKPK.K,EHMT1,6.010e+6,3.026,0.004,2.447,0.000
31922,4,"  6.414","  0.596",25/144,/core/www/modules//sdig/index.php?run_id=110202&search_id=114132&scans_id=110198&peptide_id=23852&scanf=31922&charge=4&value=25/144,sp|Q8TAQ2|SMRC2_HUMAN,/core/www/modules//consensus/?run_id=110202&search_id=114132&scans_id=110198&peptide_id=23852&scanf=31922&charge=4&value=sp|Q8TAQ2|SMRC2_HUMAN,1,/core/www/modules/match_peptides/blast_html4.php?run_id=110202&search_id=114132&scans_id=110198&peptide_id=23852&scanf=31922&charge=4&value=1,K.NNASHVVYPVPGNLEEEEWVRPVMK.R,/core/www/modules/show_out/show_out_wrapper.php?run_id=110202&search_id=114132&scans_id=110198&peptide_id=23852&scanf=31922&charge=4&value=K.NNASHVVYPVPGNLEEEEWVRPVMK.R,SMARCC2,7.586e+6,3.746,0.000,3.514,0.000
31923,3,"  3.734","  0.642",18/52,/core/www/modules//sdig/index.php?run_id=110202&search_id=114132&scans_id=110198&peptide_id=23853&scanf=31923&charge=3&value=18/52,sp|Q8NI36|WDR36_HUMAN,/core/www/modules//consensus/?run_id=110202&search_id=114132&scans_id=110198&peptide_id=23853&scanf=31923&charge=3&value=sp|Q8NI36|WDR36_HUMAN,1,/core/www/modules/match_peptides/blast_html4.php?run_id=110202&search_id=114132&scans_id=110198&peptide_id=23853&scanf=31923&charge=3&value=1,R.ALGLFSNDIPHVVR.F,/core/www/modules/show_out/show_out_wrapper.php?run_id=110202&search_id=114132&scans_id=110198&peptide_id=23853&scanf=31923&charge=3&value=R.ALGLFSNDIPHVVR.F,WDR36,6.464e+6,3.739,0.000,3.503,0.000
31924,2,"  3.634","  0.644",13/28,/core/www/modules//sdig/index.php?run_id=110202&search_id=114132&scans_id=110198&peptide_id=23854&scanf=31924&charge=2&value=13/28,sp|P78406|RAE1L_HUMAN,/core/www/modules//consensus/?run_id=110202&search_id=114132&scans_id=110198&peptide_id=23854&scanf=31924&charge=2&value=sp|P78406|RAE1L_HUMAN,2,/core/www/modules/match_peptides/blast_html4.php?run_id=110202&search_id=114132&scans_id=110198&peptide_id=23854&scanf=31924&charge=2&value=2,R.GLIVYQLENQPSEFR.R,/core/www/modules/show_out/show_out_wrapper.php?run_id=110202&search_id=114132&scans_id=110198&peptide_id=23854&scanf=31924&charge=2&value=R.GLIVYQLENQPSEFR.R,RAE1,5.690e+6,3.379,0.001,2.969,0.000
31925,4,"  2.970","  0.377",8/96,/core/www/modules//sdig/index.php?run_id=110202&search_id=114132&scans_id=110198&peptide_id=23855&scanf=31925&charge=4&value=8/96,sp|Q96HE7|ERO1A_HUMAN,/core/www/modules//consensus/?run_id=110202&search_id=114132&scans_id=110198&peptide_id=23855&scanf=31925&charge=4&value=sp|Q96HE7|ERO1A_HUMAN,1,/core/www/modules/match_peptides/blast_html4.php?run_id=110202&search_id=114132&scans_id=110198&peptide_id=23855&scanf=31925&charge=4&value=1,K.SFPLHFDENSFFAGDKK.E,/core/www/modules/show_out/show_out_wrapper.php?run_id=110202&search_id=114132&scans_id=110198&peptide_id=23855&scanf=31925&charge=4&value=K.SFPLHFDENSFFAGDKK.E,ERO1A,3.206e+6,2.497,0.021,1.670,0.001
31928,3,"  2.378","  0.348",13/64,/core/www/modules//sdig/index.php?run_id=110202&search_id=114132&scans_id=110198&peptide_id=23858&scanf=31928&charge=3&value=13/64,sp|P53396|ACLY_HUMAN,/core/www/modules//consensus/?run_id=110202&search_id=114132&scans_id=110198&peptide_id=23858&scanf=31928&charge=3&value=sp|P53396|ACLY_HUMAN,0,/core/www/modules/match_peptides/blast_html4.php?run_id=110202&search_id=114132&scans_id=110198&peptide_id=23858&scanf=31928&charge=3&value=0,R.DEPSVAAMVYPFTGDHK.Q,/core/www/modules/show_out/show_out_wrapper.php?run_id=110202&search_id=114132&scans_id=110198&peptide_id=23858&scanf=31928&charge=3&value=R.DEPSVAAMVYPFTGDHK.Q,ACLY,3.326e+6,2.447,0.025,1.597,0.001
31929,3,"  3.112","  0.482",19/64,/core/www/modules//sdig/index.php?run_id=110202&search_id=114132&scans_id=110198&peptide_id=23859&scanf=31929&charge=3&value=19/64,sp|P25705|ATPA_HUMAN,/core/www/modules//consensus/?run_id=110202&search_id=114132&scans_id=110198&peptide_id=23859&scanf=31929&charge=3&value=sp|P25705|ATPA_HUMAN,4,/core/www/modules/match_peptides/blast_html4.php?run_id=110202&search_id=114132&scans_id=110198&peptide_id=23859&scanf=31929&charge=3&value=4,K.RTGAIVDVPVGEELLGR.V,/core/www/modules/show_out/show_out_wrapper.php?run_id=110202&search_id=114132&scans_id=110198&peptide_id=23859&scanf=31929&charge=3&value=K.RTGAIVDVPVGEELLGR.V,ATP5F1A,4.345e+6,2.708,0.011,1.978,0.000
31931,2,"  2.821","  0.464",11/28,/core/www/modules//sdig/index.php?run_id=110202&search_id=114132&scans_id=110198&peptide_id=23862&scanf=31931&charge=2&value=11/28,sp|Q9BY44|EIF2A_HUMAN,/core/www/modules//consensus/?run_id=110202&search_id=114132&scans_id=110198&peptide_id=23862&scanf=31931&charge=2&value=sp|Q9BY44|EIF2A_HUMAN,3,/core/www/modules/match_peptides/blast_html4.php?run_id=110202&search_id=114132&scans_id=110198&peptide_id=23862&scanf=31931&charge=2&value=3,K.DGTAGIPNLQLYDVK.T,/core/www/modules/show_out/show_out_wrapper.php?run_id=110202&search_id=114132&scans_id=110198&peptide_id=23862&scanf=31931&charge=2&value=K.DGTAGIPNLQLYDVK.T,EIF2A,4.361e+6,2.619,0.014,1.848,0.000
31933,2,"  2.232","  0.357",9/16,/core/www/modules//sdig/index.php?run_id=110202&search_id=114132&scans_id=110198&peptide_id=23864&scanf=31933&charge=2&value=9/16,sp|Q9UJX2|CDC23_HUMAN,/core/www/modules//consensus/?run_id=110202&search_id=114132&scans_id=110198&peptide_id=23864&scanf=31933&charge=2&value=sp|Q9UJX2|CDC23_HUMAN,0,/core/www/modules/match_peptides/blast_html4.php?run_id=110202&search_id=114132&scans_id=110198&peptide_id=23864&scanf=31933&charge=2&value=0,K.ALSIFNELR.K,/core/www/modules/show_out/show_out_wrapper.php?run_id=110202&search_id=114132&scans_id=110198&peptide_id=23864&scanf=31933&charge=2&value=K.ALSIFNELR.K,CDC23,1.916e+7,2.731,0.010,2.012,0.000
31934,3,"  3.809","  0.508",13/68,/core/www/modules//sdig/index.php?run_id=110202&search_id=114132&scans_id=110198&peptide_id=23865&scanf=31934&charge=3&value=13/68,sp|O60664|PLIN3_HUMAN,/core/www/modules//consensus/?run_id=110202&search_id=114132&scans_id=110198&peptide_id=23865&scanf=31934&charge=3&value=sp|O60664|PLIN3_HUMAN,2,/core/www/modules/match_peptides/blast_html4.php?run_id=110202&search_id=114132&scans_id=110198&peptide_id=23865&scanf=31934&charge=3&value=2,R.GLDKLEENLPILQQPTEK.V,/core/www/modules/show_out/show_out_wrapper.php?run_id=110202&search_id=114132&scans_id=110198&peptide_id=23865&scanf=31934&charge=3&value=R.GLDKLEENLPILQQPTEK.V,PLIN3,4.298e+6,2.660,0.012,1.907,0.000
31942,2,"  2.401","  0.307",7/24,/core/www/modules//sdig/index.php?run_id=110202&search_id=114132&scans_id=110198&peptide_id=23873&scanf=31942&charge=2&value=7/24,sp|O60506|HNRPQ_HUMAN,/core/www/modules//consensus/?run_id=110202&search_id=114132&scans_id=110198&peptide_id=23873&scanf=31942&charge=2&value=sp|O60506|HNRPQ_HUMAN,7,/core/www/modules/match_peptides/blast_html4.php?run_id=110202&search_id=114132&scans_id=110198&peptide_id=23873&scanf=31942&charge=2&value=7,R.NLANTVTEEILEK.A,/core/www/modules/show_out/show_out_wrapper.php?run_id=110202&search_id=114132&scans_id=110198&peptide_id=23873&scanf=31942&charge=2&value=R.NLANTVTEEILEK.A,SYNCRIP,1.300e+8,2.175,0.062,1.211,0.002
31945,2,"  2.905","  0.616",13/24,/core/www/modules//sdig/index.php?run_id=110202&search_id=114132&scans_id=110198&peptide_id=23876&scanf=31945&charge=2&value=13/24,sp|P39019|RS19_HUMAN,/core/www/modules//consensus/?run_id=110202&search_id=114132&scans_id=110198&peptide_id=23876&scanf=31945&charge=2&value=sp|P39019|RS19_HUMAN,3,/core/www/modules/match_peptides/blast_html4.php?run_id=110202&search_id=114132&scans_id=110198&peptide_id=23876&scanf=31945&charge=2&value=3,K.ELAPYDENWFYTR.A,/core/www/modules/show_out/show_out_wrapper.php?run_id=110202&search_id=114132&scans_id=110198&peptide_id=23876&scanf=31945&charge=2&value=K.ELAPYDENWFYTR.A,RPS19,5.077e+6,3.496,0.001,3.142,0.000
31948,2,"  2.202","  0.426",10/24,/core/www/modules//sdig/index.php?run_id=110202&search_id=114132&scans_id=110198&peptide_id=23879&scanf=31948&charge=2&value=10/24,sp|Q92890|UFD1_HUMAN,/core/www/modules//consensus/?run_id=110202&search_id=114132&scans_id=110198&peptide_id=23879&scanf=31948&charge=2&value=sp|Q92890|UFD1_HUMAN,1,/core/www/modules/match_peptides/blast_html4.php?run_id=110202&search_id=114132&scans_id=110198&peptide_id=23879&scanf=31948&charge=2&value=1,K.IIMPPSALDQLSR.L,/core/www/modules/show_out/show_out_wrapper.php?run_id=110202&search_id=114132&scans_id=110198&peptide_id=23879&scanf=31948&charge=2&value=K.IIMPPSALDQLSR.L,UFD1,3.370e+6,2.608,0.015,1.831,0.000
31949,2,"  2.574","  0.536",11/18,/core/www/modules//sdig/index.php?run_id=110202&search_id=114132&scans_id=110198&peptide_id=23880&scanf=31949&charge=2&value=11/18,sp|P49916|DNLI3_HUMAN,/core/www/modules//consensus/?run_id=110202&search_id=114132&scans_id=110198&peptide_id=23880&scanf=31949&charge=2&value=sp|P49916|DNLI3_HUMAN,0,/core/www/modules/match_peptides/blast_html4.php?run_id=110202&search_id=114132&scans_id=110198&peptide_id=23880&scanf=31949&charge=2&value=0,K.ALDLADMITR.V,/core/www/modules/show_out/show_out_wrapper.php?run_id=110202&search_id=114132&scans_id=110198&peptide_id=23880&scanf=31949&charge=2&value=K.ALDLADMITR.V,LIG3,1.046e+7,3.410,0.001,3.014,0.000
31951,2,"  4.435","  0.457",15/32,/core/www/modules//sdig/index.php?run_id=110202&search_id=114132&scans_id=110198&peptide_id=23883&scanf=31951&charge=2&value=15/32,sp|P78347|GTF2I_HUMAN,/core/www/modules//consensus/?run_id=110202&search_id=114132&scans_id=110198&peptide_id=23883&scanf=31951&charge=2&value=sp|P78347|GTF2I_HUMAN,2,/core/www/modules/match_peptides/blast_html4.php?run_id=110202&search_id=114132&scans_id=110198&peptide_id=23883&scanf=31951&charge=2&value=2,R.DQSAVVVQGLPEGVAFK.H,/core/www/modules/show_out/show_out_wrapper.php?run_id=110202&search_id=114132&scans_id=110198&peptide_id=23883&scanf=31951&charge=2&value=R.DQSAVVVQGLPEGVAFK.H,GTF2I,9.655e+6,2.795,0.008,2.106,0.000
31958,3,"  3.879","  0.577",15/84,/core/www/modules//sdig/index.php?run_id=110202&search_id=114132&scans_id=110198&peptide_id=23890&scanf=31958&charge=3&value=15/84,sp|O60318|GANP_HUMAN,/core/www/modules//consensus/?run_id=110202&search_id=114132&scans_id=110198&peptide_id=23890&scanf=31958&charge=3&value=sp|O60318|GANP_HUMAN,0,/core/www/modules/match_peptides/blast_html4.php?run_id=110202&search_id=114132&scans_id=110198&peptide_id=23890&scanf=31958&charge=3&value=0,R.SQLSVFEVVPGTDQVDHAAAVK.E,/core/www/modules/show_out/show_out_wrapper.php?run_id=110202&search_id=114132&scans_id=110198&peptide_id=23890&scanf=31958&charge=3&value=R.SQLSVFEVVPGTDQVDHAAAVK.E,MCM3AP,4.196e+6,2.845,0.007,2.180,0.000
31960,2,"  2.886","  0.317",9/34,/core/www/modules//sdig/index.php?run_id=110202&search_id=114132&scans_id=110198&peptide_id=23893&scanf=31960&charge=2&value=9/34,sp|Q96FV9|THOC1_HUMAN,/core/www/modules//consensus/?run_id=110202&search_id=114132&scans_id=110198&peptide_id=23893&scanf=31960&charge=2&value=sp|Q96FV9|THOC1_HUMAN,0,/core/www/modules/match_peptides/blast_html4.php?run_id=110202&search_id=114132&scans_id=110198&peptide_id=23893&scanf=31960&charge=2&value=0,K.SGLSDLAESLTNDNETNS.-,/core/www/modules/show_out/show_out_wrapper.php?run_id=110202&search_id=114132&scans_id=110198&peptide_id=23893&scanf=31960&charge=2&value=K.SGLSDLAESLTNDNETNS.-,THOC1,2.126e+6,1.877,0.154,0.814,0.008
31962,3,"  3.249","  0.643",18/52,/core/www/modules//sdig/index.php?run_id=110202&search_id=114132&scans_id=110198&peptide_id=23894&scanf=31962&charge=3&value=18/52,sp|Q9Y221|NIP7_HUMAN,/core/www/modules//consensus/?run_id=110202&search_id=114132&scans_id=110198&peptide_id=23894&scanf=31962&charge=3&value=sp|Q9Y221|NIP7_HUMAN,3,/core/www/modules/match_peptides/blast_html4.php?run_id=110202&search_id=114132&scans_id=110198&peptide_id=23894&scanf=31962&charge=3&value=3,R.LHVTALDYLAPYAK.Y,/core/www/modules/show_out/show_out_wrapper.php?run_id=110202&search_id=114132&scans_id=110198&peptide_id=23894&scanf=31962&charge=3&value=R.LHVTALDYLAPYAK.Y,NIP7,2.926e+7,3.724,0.000,3.480,0.000
31963,2,"  3.842","  0.722",20/34,/core/www/modules//sdig/index.php?run_id=110202&search_id=114132&scans_id=110198&peptide_id=23895&scanf=31963&charge=2&value=20/34,sp|Q8TAQ2|SMRC2_HUMAN,/core/www/modules//consensus/?run_id=110202&search_id=114132&scans_id=110198&peptide_id=23895&scanf=31963&charge=2&value=sp|Q8TAQ2|SMRC2_HUMAN,1,/core/www/modules/match_peptides/blast_html4.php?run_id=110202&search_id=114132&scans_id=110198&peptide_id=23895&scanf=31963&charge=2&value=1,K.DMDEPSPVPNVEEVTLPK.T,/core/www/modules/show_out/show_out_wrapper.php?run_id=110202&search_id=114132&scans_id=110198&peptide_id=23895&scanf=31963&charge=2&value=K.DMDEPSPVPNVEEVTLPK.T,SMARCC2,1.072e+7,3.922,0.000,3.774,0.000
31964,3,"  3.766","  0.540",15/60,/core/www/modules//sdig/index.php?run_id=110202&search_id=114132&scans_id=110198&peptide_id=23896&scanf=31964&charge=3&value=15/60,sp|Q9H488|OFUT1_HUMAN,/core/www/modules//consensus/?run_id=110202&search_id=114132&scans_id=110198&peptide_id=23896&scanf=31964&charge=3&value=sp|Q9H488|OFUT1_HUMAN,0,/core/www/modules/match_peptides/blast_html4.php?run_id=110202&search_id=114132&scans_id=110198&peptide_id=23896&scanf=31964&charge=3&value=0,R.FGNQADHFLGSLAFAK.L,/core/www/modules/show_out/show_out_wrapper.php?run_id=110202&search_id=114132&scans_id=110198&peptide_id=23896&scanf=31964&charge=3&value=R.FGNQADHFLGSLAFAK.L,POFUT1,1.184e+7,3.202,0.002,2.706,0.000
31965,2,"  4.832","  0.662",17/30,/core/www/modules//sdig/index.php?run_id=110202&search_id=114132&scans_id=110198&peptide_id=23897&scanf=31965&charge=2&value=17/30,sp|Q92616|GCN1_HUMAN,/core/www/modules//consensus/?run_id=110202&search_id=114132&scans_id=110198&peptide_id=23897&scanf=31965&charge=2&value=sp|Q92616|GCN1_HUMAN,0,/core/www/modules/match_peptides/blast_html4.php?run_id=110202&search_id=114132&scans_id=110198&peptide_id=23897&scanf=31965&charge=2&value=0,R.EEFAIMQTPAGELYDK.S,/core/www/modules/show_out/show_out_wrapper.php?run_id=110202&search_id=114132&scans_id=110198&peptide_id=23897&scanf=31965&charge=2&value=R.EEFAIMQTPAGELYDK.S,GCN1,4.343e+6,3.813,0.000,3.612,0.000
31969,2,"  2.498","  0.345",10/28,/core/www/modules//sdig/index.php?run_id=110202&search_id=114132&scans_id=110198&peptide_id=23901&scanf=31969&charge=2&value=10/28,sp|O95071|UBR5_HUMAN,/core/www/modules//consensus/?run_id=110202&search_id=114132&scans_id=110198&peptide_id=23901&scanf=31969&charge=2&value=sp|O95071|UBR5_HUMAN,1,/core/www/modules/match_peptides/blast_html4.php?run_id=110202&search_id=114132&scans_id=110198&peptide_id=23901&scanf=31969&charge=2&value=1,K.VATWVDETLSSVASK.L,/core/www/modules/show_out/show_out_wrapper.php?run_id=110202&search_id=114132&scans_id=110198&peptide_id=23901&scanf=31969&charge=2&value=K.VATWVDETLSSVASK.L,UBR5,3.719e+6,2.168,0.063,1.201,0.002
31972,2,"  1.595","  0.442",8/14,/core/www/modules//sdig/index.php?run_id=110202&search_id=114132&scans_id=110198&peptide_id=23905&scanf=31972&charge=2&value=8/14,sp|O95071|UBR5_HUMAN,/core/www/modules//consensus/?run_id=110202&search_id=114132&scans_id=110198&peptide_id=23905&scanf=31972&charge=2&value=sp|O95071|UBR5_HUMAN,0,/core/www/modules/match_peptides/blast_html4.php?run_id=110202&search_id=114132&scans_id=110198&peptide_id=23905&scanf=31972&charge=2&value=0,R.VLLLPLER.D,/core/www/modules/show_out/show_out_wrapper.php?run_id=110202&search_id=114132&scans_id=110198&peptide_id=23905&scanf=31972&charge=2&value=R.VLLLPLER.D,UBR5,2.276e+6,3.063,0.003,2.501,0.000
31974,2,"  3.703","  0.652",16/30,/core/www/modules//sdig/index.php?run_id=110202&search_id=114132&scans_id=110198&peptide_id=23907&scanf=31974&charge=2&value=16/30,sp|Q9Y5J1|UTP18_HUMAN,/core/www/modules//consensus/?run_id=110202&search_id=114132&scans_id=110198&peptide_id=23907&scanf=31974&charge=2&value=sp|Q9Y5J1|UTP18_HUMAN,4,/core/www/modules/match_peptides/blast_html4.php?run_id=110202&search_id=114132&scans_id=110198&peptide_id=23907&scanf=31974&charge=2&value=4,R.FVDEGSLYGLSIATSR.N,/core/www/modules/show_out/show_out_wrapper.php?run_id=110202&search_id=114132&scans_id=110198&peptide_id=23907&scanf=31974&charge=2&value=R.FVDEGSLYGLSIATSR.N,UTP18,2.251e+6,3.502,0.001,3.151,0.000
31976,2,"  3.678","  0.512",11/32,/core/www/modules//sdig/index.php?run_id=110202&search_id=114132&scans_id=110198&peptide_id=23909&scanf=31976&charge=2&value=11/32,tr|A0A0U1RQF0|A0A0U1RQF0_HUMAN,/core/www/modules//consensus/?run_id=110202&search_id=114132&scans_id=110198&peptide_id=23909&scanf=31976&charge=2&value=tr|A0A0U1RQF0|A0A0U1RQF0_HUMAN,1,/core/www/modules/match_peptides/blast_html4.php?run_id=110202&search_id=114132&scans_id=110198&peptide_id=23909&scanf=31976&charge=2&value=1,K.EQGVTFPSGDIQEQLIR.S,/core/www/modules/show_out/show_out_wrapper.php?run_id=110202&search_id=114132&scans_id=110198&peptide_id=23909&scanf=31976&charge=2&value=K.EQGVTFPSGDIQEQLIR.S,FASN,1.809e+6,2.764,0.009,2.059,0.000
31979,3,"  3.040","  0.435",11/44,/core/www/modules//sdig/index.php?run_id=110202&search_id=114132&scans_id=110198&peptide_id=23912&scanf=31979&charge=3&value=11/44,sp|Q12789|TF3C1_HUMAN,/core/www/modules//consensus/?run_id=110202&search_id=114132&scans_id=110198&peptide_id=23912&scanf=31979&charge=3&value=sp|Q12789|TF3C1_HUMAN,0,/core/www/modules/match_peptides/blast_html4.php?run_id=110202&search_id=114132&scans_id=110198&peptide_id=23912&scanf=31979&charge=3&value=0,K.FQDKDQVFIFLK.K,/core/www/modules/show_out/show_out_wrapper.php?run_id=110202&search_id=114132&scans_id=110198&peptide_id=23912&scanf=31979&charge=3&value=K.FQDKDQVFIFLK.K,GTF3C1,2.324e+6,2.751,0.009,2.041,0.000
31980,2,"  1.489","  0.399",8/12,/core/www/modules//sdig/index.php?run_id=110202&search_id=114132&scans_id=110198&peptide_id=23914&scanf=31980&charge=2&value=8/12,sp|Q14690|RRP5_HUMAN,/core/www/modules//consensus/?run_id=110202&search_id=114132&scans_id=110198&peptide_id=23914&scanf=31980&charge=2&value=sp|Q14690|RRP5_HUMAN,1,/core/www/modules/match_peptides/blast_html4.php?run_id=110202&search_id=114132&scans_id=110198&peptide_id=23914&scanf=31980&charge=2&value=1,R.AFLPLLK.A,/core/www/modules/show_out/show_out_wrapper.php?run_id=110202&search_id=114132&scans_id=110198&peptide_id=23914&scanf=31980&charge=2&value=R.AFLPLLK.A,PDCD11,3.264e+8,3.218,0.002,2.731,0.000
31981,2,"  2.859","  0.457",12/22,/core/www/modules//sdig/index.php?run_id=110202&search_id=114132&scans_id=110198&peptide_id=23915&scanf=31981&charge=2&value=12/22,sp|P62277|RS13_HUMAN,/core/www/modules//consensus/?run_id=110202&search_id=114132&scans_id=110198&peptide_id=23915&scanf=31981&charge=2&value=sp|P62277|RS13_HUMAN,1,/core/www/modules/match_peptides/blast_html4.php?run_id=110202&search_id=114132&scans_id=110198&peptide_id=23915&scanf=31981&charge=2&value=1,K.GLTPSQIGVILR.D,/core/www/modules/show_out/show_out_wrapper.php?run_id=110202&search_id=114132&scans_id=110198&peptide_id=23915&scanf=31981&charge=2&value=K.GLTPSQIGVILR.D,RPS13,1.518e+8,3.030,0.004,2.452,0.000
31983,3,"  4.213","  0.635",18/64,/core/www/modules//sdig/index.php?run_id=110202&search_id=114132&scans_id=110198&peptide_id=23916&scanf=31983&charge=3&value=18/64,sp|P49419|AL7A1_HUMAN,/core/www/modules//consensus/?run_id=110202&search_id=114132&scans_id=110198&peptide_id=23916&scanf=31983&charge=3&value=sp|P49419|AL7A1_HUMAN,6,/core/www/modules/match_peptides/blast_html4.php?run_id=110202&search_id=114132&scans_id=110198&peptide_id=23916&scanf=31983&charge=3&value=6,R.VGNPWDPNVLYGPLHTK.Q,/core/www/modules/show_out/show_out_wrapper.php?run_id=110202&search_id=114132&scans_id=110198&peptide_id=23916&scanf=31983&charge=3&value=R.VGNPWDPNVLYGPLHTK.Q,ALDH7A1,1.011e+7,3.475,0.001,3.111,0.000
31986,4,"  5.345","  0.482",19/126,/core/www/modules//sdig/index.php?run_id=110202&search_id=114132&scans_id=110198&peptide_id=23919&scanf=31986&charge=4&value=19/126,sp|A6NHR9|SMHD1_HUMAN,/core/www/modules//consensus/?run_id=110202&search_id=114132&scans_id=110198&peptide_id=23919&scanf=31986&charge=4&value=sp|A6NHR9|SMHD1_HUMAN,1,/core/www/modules/match_peptides/blast_html4.php?run_id=110202&search_id=114132&scans_id=110198&peptide_id=23919&scanf=31986&charge=4&value=1,K.EKDSFTAVVITGVQPEHIQYLK.N,/core/www/modules/show_out/show_out_wrapper.php?run_id=110202&search_id=114132&scans_id=110198&peptide_id=23919&scanf=31986&charge=4&value=K.EKDSFTAVVITGVQPEHIQYLK.N,SMCHD1,1.804e+7,3.135,0.002,2.607,0.000
31989,3,"  6.040","  0.563",20/72,/core/www/modules//sdig/index.php?run_id=110202&search_id=114132&scans_id=110198&peptide_id=23922&scanf=31989&charge=3&value=20/72,sp|P35579|MYH9_HUMAN,/core/www/modules//consensus/?run_id=110202&search_id=114132&scans_id=110198&peptide_id=23922&scanf=31989&charge=3&value=sp|P35579|MYH9_HUMAN,1,/core/www/modules/match_peptides/blast_html4.php?run_id=110202&search_id=114132&scans_id=110198&peptide_id=23922&scanf=31989&charge=3&value=1,K.MQQNIQELEEQLEEEESAR.Q,/core/www/modules/show_out/show_out_wrapper.php?run_id=110202&search_id=114132&scans_id=110198&peptide_id=23922&scanf=31989&charge=3&value=K.MQQNIQELEEQLEEEESAR.Q,MYH9,5.779e+6,3.535,0.001,3.200,0.000
31990,2,"  4.565","  0.495",19/32,/core/www/modules//sdig/index.php?run_id=110202&search_id=114132&scans_id=110198&peptide_id=23924&scanf=31990&charge=2&value=19/32,sp|P06396|GELS_HUMAN,/core/www/modules//consensus/?run_id=110202&search_id=114132&scans_id=110198&peptide_id=23924&scanf=31990&charge=2&value=sp|P06396|GELS_HUMAN,3,/core/www/modules/match_peptides/blast_html4.php?run_id=110202&search_id=114132&scans_id=110198&peptide_id=23924&scanf=31990&charge=2&value=3,K.QTQVSVLPEGGETPLFK.Q,/core/www/modules/show_out/show_out_wrapper.php?run_id=110202&search_id=114132&scans_id=110198&peptide_id=23924&scanf=31990&charge=2&value=K.QTQVSVLPEGGETPLFK.Q,GSN,8.110e+6,3.097,0.003,2.551,0.000
31991,2,"  4.963","  0.680",17/28,/core/www/modules//sdig/index.php?run_id=110202&search_id=114132&scans_id=110198&peptide_id=23925&scanf=31991&charge=2&value=17/28,sp|Q99986|VRK1_HUMAN,/core/www/modules//consensus/?run_id=110202&search_id=114132&scans_id=110198&peptide_id=23925&scanf=31991&charge=2&value=sp|Q99986|VRK1_HUMAN,27,/core/www/modules/match_peptides/blast_html4.php?run_id=110202&search_id=114132&scans_id=110198&peptide_id=23925&scanf=31991&charge=2&value=27,K.NPDQVYLVDYGLAYR.Y,/core/www/modules/show_out/show_out_wrapper.php?run_id=110202&search_id=114132&scans_id=110198&peptide_id=23925&scanf=31991&charge=2&value=K.NPDQVYLVDYGLAYR.Y,VRK1,6.127e+6,3.819,0.000,3.621,0.000
31993,3,"  4.936","  0.605",26/68,/core/www/modules//sdig/index.php?run_id=110202&search_id=114132&scans_id=110198&peptide_id=23927&scanf=31993&charge=3&value=26/68,sp|Q9BXP5|SRRT_HUMAN,/core/www/modules//consensus/?run_id=110202&search_id=114132&scans_id=110198&peptide_id=23927&scanf=31993&charge=3&value=sp|Q9BXP5|SRRT_HUMAN,2,/core/www/modules/match_peptides/blast_html4.php?run_id=110202&search_id=114132&scans_id=110198&peptide_id=23927&scanf=31993&charge=3&value=2,K.EFLLSLDDSVDETEAVKR.Y,/core/www/modules/show_out/show_out_wrapper.php?run_id=110202&search_id=114132&scans_id=110198&peptide_id=23927&scanf=31993&charge=3&value=K.EFLLSLDDSVDETEAVKR.Y,SRRT,1.114e+7,3.400,0.001,3.000,0.000
31994,3,"  1.886","  0.245",8/56,/core/www/modules//sdig/index.php?run_id=110202&search_id=114132&scans_id=110198&peptide_id=23928&scanf=31994&charge=3&value=8/56,sp|Q9BXJ9|NAA15_HUMAN,/core/www/modules//consensus/?run_id=110202&search_id=114132&scans_id=110198&peptide_id=23928&scanf=31994&charge=3&value=sp|Q9BXJ9|NAA15_HUMAN,4,/core/www/modules/match_peptides/blast_html4.php?run_id=110202&search_id=114132&scans_id=110198&peptide_id=23928&scanf=31994&charge=3&value=4,R.AIELATTLDESLTNR.N,/core/www/modules/show_out/show_out_wrapper.php?run_id=110202&search_id=114132&scans_id=110198&peptide_id=23928&scanf=31994&charge=3&value=R.AIELATTLDESLTNR.N,NAA15,2.573e+6,1.973,0.116,0.936,0.005
31995,2,"  2.165","  0.386",10/16,/core/www/modules//sdig/index.php?run_id=110202&search_id=114132&scans_id=110198&peptide_id=23929&scanf=31995&charge=2&value=10/16,sp|P78527|PRKDC_HUMAN,/core/www/modules//consensus/?run_id=110202&search_id=114132&scans_id=110198&peptide_id=23929&scanf=31995&charge=2&value=sp|P78527|PRKDC_HUMAN,0,/core/www/modules/match_peptides/blast_html4.php?run_id=110202&search_id=114132&scans_id=110198&peptide_id=23929&scanf=31995&charge=2&value=0,R.LPLISGFYK.L,/core/www/modules/show_out/show_out_wrapper.php?run_id=110202&search_id=114132&scans_id=110198&peptide_id=23929&scanf=31995&charge=2&value=R.LPLISGFYK.L,PRKDC,1.013e+8,3.770,0.000,3.548,0.000
31996,3,"  2.983","  0.389",8/48,/core/www/modules//sdig/index.php?run_id=110202&search_id=114132&scans_id=110198&peptide_id=23930&scanf=31996&charge=3&value=8/48,sp|P48729|KC1A_HUMAN,/core/www/modules//consensus/?run_id=110202&search_id=114132&scans_id=110198&peptide_id=23930&scanf=31996&charge=3&value=sp|P48729|KC1A_HUMAN,6,/core/www/modules/match_peptides/blast_html4.php?run_id=110202&search_id=114132&scans_id=110198&peptide_id=23930&scanf=31996&charge=3&value=6,R.DIKPDNFLMGIGR.H,/core/www/modules/show_out/show_out_wrapper.php?run_id=110202&search_id=114132&scans_id=110198&peptide_id=23930&scanf=31996&charge=3&value=R.DIKPDNFLMGIGR.H,CSNK1A1,7.791e+6,2.644,0.013,1.884,0.000
31997,2,"  2.187","  0.485",9/14,/core/www/modules//sdig/index.php?run_id=110202&search_id=114132&scans_id=110198&peptide_id=23931&scanf=31997&charge=2&value=9/14,sp|Q86XI2|CNDG2_HUMAN,/core/www/modules//consensus/?run_id=110202&search_id=114132&scans_id=110198&peptide_id=23931&scanf=31997&charge=2&value=sp|Q86XI2|CNDG2_HUMAN,1,/core/www/modules/match_peptides/blast_html4.php?run_id=110202&search_id=114132&scans_id=110198&peptide_id=23931&scanf=31997&charge=2&value=1,K.TAFVMLLR.R,/core/www/modules/show_out/show_out_wrapper.php?run_id=110202&search_id=114132&scans_id=110198&peptide_id=23931&scanf=31997&charge=2&value=K.TAFVMLLR.R,NCAPG2,1.430e+6,3.331,0.001,2.897,0.000
31999,2,"  3.285","  0.608",14/20,/core/www/modules//sdig/index.php?run_id=110202&search_id=114132&scans_id=110198&peptide_id=23933&scanf=31999&charge=2&value=14/20,sp|Q99575|POP1_HUMAN,/core/www/modules//consensus/?run_id=110202&search_id=114132&scans_id=110198&peptide_id=23933&scanf=31999&charge=2&value=sp|Q99575|POP1_HUMAN,0,/core/www/modules/match_peptides/blast_html4.php?run_id=110202&search_id=114132&scans_id=110198&peptide_id=23933&scanf=31999&charge=2&value=0,K.IPILLIQQPGK.V,/core/www/modules/show_out/show_out_wrapper.php?run_id=110202&search_id=114132&scans_id=110198&peptide_id=23933&scanf=31999&charge=2&value=K.IPILLIQQPGK.V,POP1,2.253e+7,3.778,0.000,3.561,0.000
32002,3,"  9.418","  0.741",35/120,/core/www/modules//sdig/index.php?run_id=110202&search_id=114132&scans_id=110198&peptide_id=23937&scanf=32002&charge=3&value=35/120,sp|Q68CP9|ARID2_HUMAN,/core/www/modules//consensus/?run_id=110202&search_id=114132&scans_id=110198&peptide_id=23937&scanf=32002&charge=3&value=sp|Q68CP9|ARID2_HUMAN,2,/core/www/modules/match_peptides/blast_html4.php?run_id=110202&search_id=114132&scans_id=110198&peptide_id=23937&scanf=32002&charge=3&value=2,R.TPVANQSSNLTATQMSFPVQGVHTVAQTVSR.I,/core/www/modules/show_out/show_out_wrapper.php?run_id=110202&search_id=114132&scans_id=110198&peptide_id=23937&scanf=32002&charge=3&value=R.TPVANQSSNLTATQMSFPVQGVHTVAQTVSR.I,ARID2,2.042e+6,3.685,0.000,3.423,0.000
32005,2,"  3.101","  0.629",14/26,/core/www/modules//sdig/index.php?run_id=110202&search_id=114132&scans_id=110198&peptide_id=23939&scanf=32005&charge=2&value=14/26,sp|P42285|MTREX_HUMAN,/core/www/modules//consensus/?run_id=110202&search_id=114132&scans_id=110198&peptide_id=23939&scanf=32005&charge=2&value=sp|P42285|MTREX_HUMAN,0,/core/www/modules/match_peptides/blast_html4.php?run_id=110202&search_id=114132&scans_id=110198&peptide_id=23939&scanf=32005&charge=2&value=0,K.IVIPNEESVVIYYK.I,/core/www/modules/show_out/show_out_wrapper.php?run_id=110202&search_id=114132&scans_id=110198&peptide_id=23939&scanf=32005&charge=2&value=K.IVIPNEESVVIYYK.I,MTREX,1.515e+7,3.586,0.001,3.276,0.000
32009,3,"  3.746","  0.624",19/44,/core/www/modules//sdig/index.php?run_id=110202&search_id=114132&scans_id=110198&peptide_id=23943&scanf=32009&charge=3&value=19/44,sp|P12956|XRCC6_HUMAN,/core/www/modules//consensus/?run_id=110202&search_id=114132&scans_id=110198&peptide_id=23943&scanf=32009&charge=3&value=sp|P12956|XRCC6_HUMAN,1,/core/www/modules/match_peptides/blast_html4.php?run_id=110202&search_id=114132&scans_id=110198&peptide_id=23943&scanf=32009&charge=3&value=1,K.KPGGFDISLFYR.D,/core/www/modules/show_out/show_out_wrapper.php?run_id=110202&search_id=114132&scans_id=110198&peptide_id=23943&scanf=32009&charge=3&value=K.KPGGFDISLFYR.D,XRCC6,1.175e+7,4.058,0.000,3.975,0.000
32010,2,"  2.254","  0.330",10/16,/core/www/modules//sdig/index.php?run_id=110202&search_id=114132&scans_id=110198&peptide_id=23945&scanf=32010&charge=2&value=10/16,sp|P49591|SYSC_HUMAN,/core/www/modules//consensus/?run_id=110202&search_id=114132&scans_id=110198&peptide_id=23945&scanf=32010&charge=2&value=sp|P49591|SYSC_HUMAN,1,/core/www/modules/match_peptides/blast_html4.php?run_id=110202&search_id=114132&scans_id=110198&peptide_id=23945&scanf=32010&charge=2&value=1,R.LLIDEAILK.C,/core/www/modules/show_out/show_out_wrapper.php?run_id=110202&search_id=114132&scans_id=110198&peptide_id=23945&scanf=32010&charge=2&value=R.LLIDEAILK.C,SARS1,5.038e+6,2.748,0.009,2.037,0.000
32011,2,"  2.139","  0.323",11/12,/core/www/modules//sdig/index.php?run_id=110202&search_id=114132&scans_id=110198&peptide_id=23946&scanf=32011&charge=2&value=11/12,sp|P04908|H2A1B_HUMAN,/core/www/modules//consensus/?run_id=110202&search_id=114132&scans_id=110198&peptide_id=23946&scanf=32011&charge=2&value=sp|P04908|H2A1B_HUMAN,20,/core/www/modules/match_peptides/blast_html4.php?run_id=110202&search_id=114132&scans_id=110198&peptide_id=23946&scanf=32011&charge=2&value=20,R.HLQLAIR.N,/core/www/modules/show_out/show_out_wrapper.php?run_id=110202&search_id=114132&scans_id=110198&peptide_id=23946&scanf=32011&charge=2&value=R.HLQLAIR.N,H2AC8,4.853e+6,3.415,0.001,3.022,0.000
32017,2,"  2.600","  0.646",10/28,/core/www/modules//sdig/index.php?run_id=110202&search_id=114132&scans_id=110198&peptide_id=23952&scanf=32017&charge=2&value=10/28,sp|Q9BVP2|GNL3_HUMAN,/core/www/modules//consensus/?run_id=110202&search_id=114132&scans_id=110198&peptide_id=23952&scanf=32017&charge=2&value=sp|Q9BVP2|GNL3_HUMAN,0,/core/www/modules/match_peptides/blast_html4.php?run_id=110202&search_id=114132&scans_id=110198&peptide_id=23952&scanf=32017&charge=2&value=0,K.IIEEDDAYDFSTDYV.-,/core/www/modules/show_out/show_out_wrapper.php?run_id=110202&search_id=114132&scans_id=110198&peptide_id=23952&scanf=32017&charge=2&value=K.IIEEDDAYDFSTDYV.-,GNL3,2.104e+6,3.185,0.002,2.681,0.000
32019,3,"  3.350","  0.268",13/56,/core/www/modules//sdig/index.php?run_id=110202&search_id=114132&scans_id=110198&peptide_id=23954&scanf=32019&charge=3&value=13/56,sp|P61978|HNRPK_HUMAN,/core/www/modules//consensus/?run_id=110202&search_id=114132&scans_id=110198&peptide_id=23954&scanf=32019&charge=3&value=sp|P61978|HNRPK_HUMAN,1,/core/www/modules/match_peptides/blast_html4.php?run_id=110202&search_id=114132&scans_id=110198&peptide_id=23954&scanf=32019&charge=3&value=1,R.LLIHQSLAGGIIGVK.G,/core/www/modules/show_out/show_out_wrapper.php?run_id=110202&search_id=114132&scans_id=110198&peptide_id=23954&scanf=32019&charge=3&value=R.LLIHQSLAGGIIGVK.G,HNRNPK,1.732e+6,2.505,0.021,1.682,0.000
32020,3,"  3.055","  0.334",10/48,/core/www/modules//sdig/index.php?run_id=110202&search_id=114132&scans_id=110198&peptide_id=23956&scanf=32020&charge=3&value=10/48,sp|O96019|ACL6A_HUMAN,/core/www/modules//consensus/?run_id=110202&search_id=114132&scans_id=110198&peptide_id=23956&scanf=32020&charge=3&value=sp|O96019|ACL6A_HUMAN,1,/core/www/modules/match_peptides/blast_html4.php?run_id=110202&search_id=114132&scans_id=110198&peptide_id=23956&scanf=32020&charge=3&value=1,K.VDFPTAIGM*VVER.D,/core/www/modules/show_out/show_out_wrapper.php?run_id=110202&search_id=114132&scans_id=110198&peptide_id=23956&scanf=32020&charge=3&value=K.VDFPTAIGM*VVER.D,ACTL6A,2.541e+6,2.566,0.017,1.770,0.000
32025,2,"  2.910","  0.501",13/20,/core/www/modules//sdig/index.php?run_id=110202&search_id=114132&scans_id=110198&peptide_id=23960&scanf=32025&charge=2&value=13/20,sp|P56537|IF6_HUMAN,/core/www/modules//consensus/?run_id=110202&search_id=114132&scans_id=110198&peptide_id=23960&scanf=32025&charge=2&value=sp|P56537|IF6_HUMAN,0,/core/www/modules/match_peptides/blast_html4.php?run_id=110202&search_id=114132&scans_id=110198&peptide_id=23960&scanf=32025&charge=2&value=0,R.ETEEILADVLK.V,/core/www/modules/show_out/show_out_wrapper.php?run_id=110202&search_id=114132&scans_id=110198&peptide_id=23960&scanf=32025&charge=2&value=R.ETEEILADVLK.V,EIF6,6.699e+6,3.255,0.002,2.785,0.000
32026,3,"  4.309","  0.564",13/56,/core/www/modules//sdig/index.php?run_id=110202&search_id=114132&scans_id=110198&peptide_id=23961&scanf=32026&charge=3&value=13/56,sp|Q9H3P7|GCP60_HUMAN,/core/www/modules//consensus/?run_id=110202&search_id=114132&scans_id=110198&peptide_id=23961&scanf=32026&charge=3&value=sp|Q9H3P7|GCP60_HUMAN,0,/core/www/modules/match_peptides/blast_html4.php?run_id=110202&search_id=114132&scans_id=110198&peptide_id=23961&scanf=32026&charge=3&value=0,K.NANKPLLDEIVPVYR.R,/core/www/modules/show_out/show_out_wrapper.php?run_id=110202&search_id=114132&scans_id=110198&peptide_id=23961&scanf=32026&charge=3&value=K.NANKPLLDEIVPVYR.R,ACBD3,5.175e+6,3.293,0.001,2.842,0.000
32029,2,"  3.528","  0.599",12/28,/core/www/modules//sdig/index.php?run_id=110202&search_id=114132&scans_id=110198&peptide_id=23964&scanf=32029&charge=2&value=12/28,sp|P47897|SYQ_HUMAN,/core/www/modules//consensus/?run_id=110202&search_id=114132&scans_id=110198&peptide_id=23964&scanf=32029&charge=2&value=sp|P47897|SYQ_HUMAN,5,/core/www/modules/match_peptides/blast_html4.php?run_id=110202&search_id=114132&scans_id=110198&peptide_id=23964&scanf=32029&charge=2&value=5,K.SLDIQVPNFPADETK.G,/core/www/modules/show_out/show_out_wrapper.php?run_id=110202&search_id=114132&scans_id=110198&peptide_id=23964&scanf=32029&charge=2&value=K.SLDIQVPNFPADETK.G,QARS1,1.054e+7,3.235,0.002,2.756,0.000
32031,2,"  2.204","  0.351",8/16,/core/www/modules//sdig/index.php?run_id=110202&search_id=114132&scans_id=110198&peptide_id=23967&scanf=32031&charge=2&value=8/16,sp|P08758|ANXA5_HUMAN,/core/www/modules//consensus/?run_id=110202&search_id=114132&scans_id=110198&peptide_id=23967&scanf=32031&charge=2&value=sp|P08758|ANXA5_HUMAN,2,/core/www/modules/match_peptides/blast_html4.php?run_id=110202&search_id=114132&scans_id=110198&peptide_id=23967&scanf=32031&charge=2&value=2,R.SEIDLFNIR.K,/core/www/modules/show_out/show_out_wrapper.php?run_id=110202&search_id=114132&scans_id=110198&peptide_id=23967&scanf=32031&charge=2&value=R.SEIDLFNIR.K,ANXA5,6.319e+6,2.500,0.021,1.674,0.001
32032,2,"  2.993","  0.427",11/24,/core/www/modules//sdig/index.php?run_id=110202&search_id=114132&scans_id=110198&peptide_id=23968&scanf=32032&charge=2&value=11/24,sp|O00429|DNM1L_HUMAN,/core/www/modules//consensus/?run_id=110202&search_id=114132&scans_id=110198&peptide_id=23968&scanf=32032&charge=2&value=sp|O00429|DNM1L_HUMAN,1,/core/www/modules/match_peptides/blast_html4.php?run_id=110202&search_id=114132&scans_id=110198&peptide_id=23968&scanf=32032&charge=2&value=1,K.DTLQSELVGQLYK.S,/core/www/modules/show_out/show_out_wrapper.php?run_id=110202&search_id=114132&scans_id=110198&peptide_id=23968&scanf=32032&charge=2&value=K.DTLQSELVGQLYK.S,DNM1L,2.544e+6,2.611,0.015,1.835,0.000
32033,2,"  2.820","  0.568",13/26,/core/www/modules//sdig/index.php?run_id=110202&search_id=114132&scans_id=110198&peptide_id=23969&scanf=32033&charge=2&value=13/26,sp|P51659|DHB4_HUMAN,/core/www/modules//consensus/?run_id=110202&search_id=114132&scans_id=110198&peptide_id=23969&scanf=32033&charge=2&value=sp|P51659|DHB4_HUMAN,7,/core/www/modules/match_peptides/blast_html4.php?run_id=110202&search_id=114132&scans_id=110198&peptide_id=23969&scanf=32033&charge=2&value=7,R.GALVVVNDLGGDFK.G,/core/www/modules/show_out/show_out_wrapper.php?run_id=110202&search_id=114132&scans_id=110198&peptide_id=23969&scanf=32033&charge=2&value=R.GALVVVNDLGGDFK.G,HSD17B4,2.042e+6,3.210,0.002,2.718,0.000
32034,3,"  2.811","  0.428",13/72,/core/www/modules//sdig/index.php?run_id=110202&search_id=114132&scans_id=110198&peptide_id=23970&scanf=32034&charge=3&value=13/72,sp|O95433|AHSA1_HUMAN,/core/www/modules//consensus/?run_id=110202&search_id=114132&scans_id=110198&peptide_id=23970&scanf=32034&charge=3&value=sp|O95433|AHSA1_HUMAN,2,/core/www/modules/match_peptides/blast_html4.php?run_id=110202&search_id=114132&scans_id=110198&peptide_id=23970&scanf=32034&charge=3&value=2,K.FHMVDGNVSGEFTDLVPEK.H,/core/www/modules/show_out/show_out_wrapper.php?run_id=110202&search_id=114132&scans_id=110198&peptide_id=23970&scanf=32034&charge=3&value=K.FHMVDGNVSGEFTDLVPEK.H,AHSA1,6.825e+6,2.540,0.019,1.732,0.000
32035,2,"  2.011","  0.352",9/18,/core/www/modules//sdig/index.php?run_id=110202&search_id=114132&scans_id=110198&peptide_id=23971&scanf=32035&charge=2&value=9/18,sp|Q8WWY3|PRP31_HUMAN,/core/www/modules//consensus/?run_id=110202&search_id=114132&scans_id=110198&peptide_id=23971&scanf=32035&charge=2&value=sp|Q8WWY3|PRP31_HUMAN,1,/core/www/modules/match_peptides/blast_html4.php?run_id=110202&search_id=114132&scans_id=110198&peptide_id=23971&scanf=32035&charge=2&value=1,K.YFSSMAEFLK.V,/core/www/modules/show_out/show_out_wrapper.php?run_id=110202&search_id=114132&scans_id=110198&peptide_id=23971&scanf=32035&charge=2&value=K.YFSSMAEFLK.V,PRPF31,3.304e+6,2.504,0.021,1.680,0.000
32039,2,"  3.955","  0.710",17/30,/core/www/modules//sdig/index.php?run_id=110202&search_id=114132&scans_id=110198&peptide_id=23975&scanf=32039&charge=2&value=17/30,sp|Q9BSJ8|ESYT1_HUMAN,/core/www/modules//consensus/?run_id=110202&search_id=114132&scans_id=110198&peptide_id=23975&scanf=32039&charge=2&value=sp|Q9BSJ8|ESYT1_HUMAN,0,/core/www/modules/match_peptides/blast_html4.php?run_id=110202&search_id=114132&scans_id=110198&peptide_id=23975&scanf=32039&charge=2&value=0,R.FFLQDPQSQELDVQVK.D,/core/www/modules/show_out/show_out_wrapper.php?run_id=110202&search_id=114132&scans_id=110198&peptide_id=23975&scanf=32039&charge=2&value=R.FFLQDPQSQELDVQVK.D,ESYT1,1.861e+6,3.804,0.000,3.599,0.000
32042,4,"  8.072","  0.629",28/132,/core/www/modules//sdig/index.php?run_id=110202&search_id=114132&scans_id=110198&peptide_id=23979&scanf=32042&charge=4&value=28/132,sp|Q12906|ILF3_HUMAN,/core/www/modules//consensus/?run_id=110202&search_id=114132&scans_id=110198&peptide_id=23979&scanf=32042&charge=4&value=sp|Q12906|ILF3_HUMAN,6,/core/www/modules/match_peptides/blast_html4.php?run_id=110202&search_id=114132&scans_id=110198&peptide_id=23979&scanf=32042&charge=4&value=6,K.HSSVYPTQEELEAVQNMVSHTER.A,/core/www/modules/show_out/show_out_wrapper.php?run_id=110202&search_id=114132&scans_id=110198&peptide_id=23979&scanf=32042&charge=4&value=K.HSSVYPTQEELEAVQNMVSHTER.A,ILF3,1.215e+8,4.027,0.000,3.930,0.000
32046,2,"  2.603","  0.461",11/18,/core/www/modules//sdig/index.php?run_id=110202&search_id=114132&scans_id=110198&peptide_id=23982&scanf=32046&charge=2&value=11/18,sp|O00148|DX39A_HUMAN,/core/www/modules//consensus/?run_id=110202&search_id=114132&scans_id=110198&peptide_id=23982&scanf=32046&charge=2&value=sp|O00148|DX39A_HUMAN,5,/core/www/modules/match_peptides/blast_html4.php?run_id=110202&search_id=114132&scans_id=110198&peptide_id=23982&scanf=32046&charge=2&value=5,R.ILVATNLFGR.G,/core/www/modules/show_out/show_out_wrapper.php?run_id=110202&search_id=114132&scans_id=110198&peptide_id=23982&scanf=32046&charge=2&value=R.ILVATNLFGR.G,DDX39A,3.837e+8,3.231,0.002,2.750,0.000
32047,2,"  3.587","  0.714",16/30,/core/www/modules//sdig/index.php?run_id=110202&search_id=114132&scans_id=110198&peptide_id=23983&scanf=32047&charge=2&value=16/30,sp|P60709|ACTB_HUMAN,/core/www/modules//consensus/?run_id=110202&search_id=114132&scans_id=110198&peptide_id=23983&scanf=32047&charge=2&value=sp|P60709|ACTB_HUMAN,17,/core/www/modules/match_peptides/blast_html4.php?run_id=110202&search_id=114132&scans_id=110198&peptide_id=23983&scanf=32047&charge=2&value=17,K.SYELPDGQVITIGNER.F,/core/www/modules/show_out/show_out_wrapper.php?run_id=110202&search_id=114132&scans_id=110198&peptide_id=23983&scanf=32047&charge=2&value=K.SYELPDGQVITIGNER.F,ACTB,1.047e+7,4.270,0.000,4.290,0.000
32048,3,"  7.147","  0.737",25/72,/core/www/modules//sdig/index.php?run_id=110202&search_id=114132&scans_id=110198&peptide_id=23984&scanf=32048&charge=3&value=25/72,sp|Q9BXY0|MAK16_HUMAN,/core/www/modules//consensus/?run_id=110202&search_id=114132&scans_id=110198&peptide_id=23984&scanf=32048&charge=3&value=sp|Q9BXY0|MAK16_HUMAN,0,/core/www/modules/match_peptides/blast_html4.php?run_id=110202&search_id=114132&scans_id=110198&peptide_id=23984&scanf=32048&charge=3&value=0,R.LKQDTYGDIYNFPIHAFDK.A,/core/www/modules/show_out/show_out_wrapper.php?run_id=110202&search_id=114132&scans_id=110198&peptide_id=23984&scanf=32048&charge=3&value=R.LKQDTYGDIYNFPIHAFDK.A,MAK16,3.870e+6,3.700,0.000,3.445,0.000
32049,2,"  2.122","  0.406",8/14,/core/www/modules//sdig/index.php?run_id=110202&search_id=114132&scans_id=110198&peptide_id=23985&scanf=32049&charge=2&value=8/14,sp|P62805|H4_HUMAN,/core/www/modules//consensus/?run_id=110202&search_id=114132&scans_id=110198&peptide_id=23985&scanf=32049&charge=2&value=sp|P62805|H4_HUMAN,0,/core/www/modules/match_peptides/blast_html4.php?run_id=110202&search_id=114132&scans_id=110198&peptide_id=23985&scanf=32049&charge=2&value=0,K.VFLENVIR.D,/core/www/modules/show_out/show_out_wrapper.php?run_id=110202&search_id=114132&scans_id=110198&peptide_id=23985&scanf=32049&charge=2&value=K.VFLENVIR.D,H4C16,1.606e+9,2.989,0.004,2.392,0.000
32054,3,"  4.327","  0.624",21/64,/core/www/modules//sdig/index.php?run_id=110202&search_id=114132&scans_id=110198&peptide_id=23991&scanf=32054&charge=3&value=21/64,sp|Q9BXP5|SRRT_HUMAN,/core/www/modules//consensus/?run_id=110202&search_id=114132&scans_id=110198&peptide_id=23991&scanf=32054&charge=3&value=sp|Q9BXP5|SRRT_HUMAN,0,/core/www/modules/match_peptides/blast_html4.php?run_id=110202&search_id=114132&scans_id=110198&peptide_id=23991&scanf=32054&charge=3&value=0,R.QQMQDFFLAHKDEEWFR.S,/core/www/modules/show_out/show_out_wrapper.php?run_id=110202&search_id=114132&scans_id=110198&peptide_id=23991&scanf=32054&charge=3&value=R.QQMQDFFLAHKDEEWFR.S,SRRT,2.638e+6,3.366,0.001,2.949,0.000
32055,3,"  3.016","  0.498",16/56,/core/www/modules//sdig/index.php?run_id=110202&search_id=114132&scans_id=110198&peptide_id=23992&scanf=32055&charge=3&value=16/56,sp|Q07955|SRSF1_HUMAN,/core/www/modules//consensus/?run_id=110202&search_id=114132&scans_id=110198&peptide_id=23992&scanf=32055&charge=3&value=sp|Q07955|SRSF1_HUMAN,3,/core/www/modules/match_peptides/blast_html4.php?run_id=110202&search_id=114132&scans_id=110198&peptide_id=23992&scanf=32055&charge=3&value=3,R.RGGPPFAFVEFEDPR.D,/core/www/modules/show_out/show_out_wrapper.php?run_id=110202&search_id=114132&scans_id=110198&peptide_id=23992&scanf=32055&charge=3&value=R.RGGPPFAFVEFEDPR.D,SRSF1,2.579e+7,2.930,0.005,2.304,0.000
32056,3,"  4.562","  0.535",16/56,/core/www/modules//sdig/index.php?run_id=110202&search_id=114132&scans_id=110198&peptide_id=23993&scanf=32056&charge=3&value=16/56,sp|Q16531|DDB1_HUMAN,/core/www/modules//consensus/?run_id=110202&search_id=114132&scans_id=110198&peptide_id=23993&scanf=32056&charge=3&value=sp|Q16531|DDB1_HUMAN,10,/core/www/modules/match_peptides/blast_html4.php?run_id=110202&search_id=114132&scans_id=110198&peptide_id=23993&scanf=32056&charge=3&value=10,R.LEIYVVTAEGLRPVK.E,/core/www/modules/show_out/show_out_wrapper.php?run_id=110202&search_id=114132&scans_id=110198&peptide_id=23993&scanf=32056&charge=3&value=R.LEIYVVTAEGLRPVK.E,DDB1,3.588e+6,3.300,0.001,2.852,0.000
32059,2,"  3.637","  0.388",13/26,/core/www/modules//sdig/index.php?run_id=110202&search_id=114132&scans_id=110198&peptide_id=23996&scanf=32059&charge=2&value=13/26,sp|P62424|RL7A_HUMAN,/core/www/modules//consensus/?run_id=110202&search_id=114132&scans_id=110198&peptide_id=23996&scanf=32059&charge=2&value=sp|P62424|RL7A_HUMAN,1,/core/www/modules/match_peptides/blast_html4.php?run_id=110202&search_id=114132&scans_id=110198&peptide_id=23996&scanf=32059&charge=2&value=1,K.VPPAINQFTQALDR.Q,/core/www/modules/show_out/show_out_wrapper.php?run_id=110202&search_id=114132&scans_id=110198&peptide_id=23996&scanf=32059&charge=2&value=K.VPPAINQFTQALDR.Q,RPL7A,5.951e+7,2.545,0.018,1.740,0.000
32060,2,"  2.019","  0.310",9/16,/core/www/modules//sdig/index.php?run_id=110202&search_id=114132&scans_id=110198&peptide_id=23998&scanf=32060&charge=2&value=9/16,sp|Q8N5L8|RP25L_HUMAN,/core/www/modules//consensus/?run_id=110202&search_id=114132&scans_id=110198&peptide_id=23998&scanf=32060&charge=2&value=sp|Q8N5L8|RP25L_HUMAN,0,/core/www/modules/match_peptides/blast_html4.php?run_id=110202&search_id=114132&scans_id=110198&peptide_id=23998&scanf=32060&charge=2&value=0,R.NLLGLALGR.L,/core/www/modules/show_out/show_out_wrapper.php?run_id=110202&search_id=114132&scans_id=110198&peptide_id=23998&scanf=32060&charge=2&value=R.NLLGLALGR.L,RPP25L,2.542e+6,2.564,0.017,1.767,0.000
32063,2,"  1.970","  0.337",11/16,/core/www/modules//sdig/index.php?run_id=110202&search_id=114132&scans_id=110198&peptide_id=24001&scanf=32063&charge=2&value=11/16,sp|P36957|ODO2_HUMAN,/core/www/modules//consensus/?run_id=110202&search_id=114132&scans_id=110198&peptide_id=24001&scanf=32063&charge=2&value=sp|P36957|ODO2_HUMAN,1,/core/www/modules/match_peptides/blast_html4.php?run_id=110202&search_id=114132&scans_id=110198&peptide_id=24001&scanf=32063&charge=2&value=1,K.LGFMSAFVK.A,/core/www/modules/show_out/show_out_wrapper.php?run_id=110202&search_id=114132&scans_id=110198&peptide_id=24001&scanf=32063&charge=2&value=K.LGFMSAFVK.A,DLST,3.095e+6,2.762,0.009,2.057,0.000
32067,2,"  3.058","  0.462",12/24,/core/www/modules//sdig/index.php?run_id=110202&search_id=114132&scans_id=110198&peptide_id=24004&scanf=32067&charge=2&value=12/24,sp|P56192|SYMC_HUMAN,/core/www/modules//consensus/?run_id=110202&search_id=114132&scans_id=110198&peptide_id=24004&scanf=32067&charge=2&value=sp|P56192|SYMC_HUMAN,0,/core/www/modules/match_peptides/blast_html4.php?run_id=110202&search_id=114132&scans_id=110198&peptide_id=24004&scanf=32067&charge=2&value=0,K.WGTPVPLEGFEDK.V,/core/www/modules/show_out/show_out_wrapper.php?run_id=110202&search_id=114132&scans_id=110198&peptide_id=24004&scanf=32067&charge=2&value=K.WGTPVPLEGFEDK.V,MARS1,1.156e+7,2.831,0.007,2.159,0.000
32069,2,"  4.452","  0.603",15/30,/core/www/modules//sdig/index.php?run_id=110202&search_id=114132&scans_id=110198&peptide_id=24006&scanf=32069&charge=2&value=15/30,sp|Q8IXH7|NELFD_HUMAN,/core/www/modules//consensus/?run_id=110202&search_id=114132&scans_id=110198&peptide_id=24006&scanf=32069&charge=2&value=sp|Q8IXH7|NELFD_HUMAN,2,/core/www/modules/match_peptides/blast_html4.php?run_id=110202&search_id=114132&scans_id=110198&peptide_id=24006&scanf=32069&charge=2&value=2,R.TSLATILDGGEENLEK.N,/core/www/modules/show_out/show_out_wrapper.php?run_id=110202&search_id=114132&scans_id=110198&peptide_id=24006&scanf=32069&charge=2&value=R.TSLATILDGGEENLEK.N,NELFCD,5.392e+6,3.183,0.002,2.678,0.000
32071,3,"  3.966","  0.662",21/60,/core/www/modules//sdig/index.php?run_id=110202&search_id=114132&scans_id=110198&peptide_id=24009&scanf=32071&charge=3&value=21/60,sp|P43363|MAGAA_HUMAN,/core/www/modules//consensus/?run_id=110202&search_id=114132&scans_id=110198&peptide_id=24009&scanf=32071&charge=3&value=sp|P43363|MAGAA_HUMAN,0,/core/www/modules/match_peptides/blast_html4.php?run_id=110202&search_id=114132&scans_id=110198&peptide_id=24009&scanf=32071&charge=3&value=0,R.SFPLWYEEALKDEEER.A,/core/www/modules/show_out/show_out_wrapper.php?run_id=110202&search_id=114132&scans_id=110198&peptide_id=24009&scanf=32071&charge=3&value=R.SFPLWYEEALKDEEER.A,MAGEA10,8.443e+6,3.428,0.001,3.042,0.000
32072,2,"  3.054","  0.521",13/24,/core/www/modules//sdig/index.php?run_id=110202&search_id=114132&scans_id=110198&peptide_id=24010&scanf=32072&charge=2&value=13/24,sp|P53618|COPB_HUMAN,/core/www/modules//consensus/?run_id=110202&search_id=114132&scans_id=110198&peptide_id=24010&scanf=32072&charge=2&value=sp|P53618|COPB_HUMAN,0,/core/www/modules/match_peptides/blast_html4.php?run_id=110202&search_id=114132&scans_id=110198&peptide_id=24010&scanf=32072&charge=2&value=0,R.SLGEIPIVESEIK.K,/core/www/modules/show_out/show_out_wrapper.php?run_id=110202&search_id=114132&scans_id=110198&peptide_id=24010&scanf=32072&charge=2&value=R.SLGEIPIVESEIK.K,COPB1,8.483e+6,3.221,0.002,2.735,0.000
32075,2,"  2.512","  0.405",8/22,/core/www/modules//sdig/index.php?run_id=110202&search_id=114132&scans_id=110198&peptide_id=24013&scanf=32075&charge=2&value=8/22,sp|O75351|VPS4B_HUMAN,/core/www/modules//consensus/?run_id=110202&search_id=114132&scans_id=110198&peptide_id=24013&scanf=32075&charge=2&value=sp|O75351|VPS4B_HUMAN,3,/core/www/modules/match_peptides/blast_html4.php?run_id=110202&search_id=114132&scans_id=110198&peptide_id=24013&scanf=32075&charge=2&value=3,R.GILLFGPPGTGK.S,/core/www/modules/show_out/show_out_wrapper.php?run_id=110202&search_id=114132&scans_id=110198&peptide_id=24013&scanf=32075&charge=2&value=R.GILLFGPPGTGK.S,VPS4B,2.710e+6,2.450,0.025,1.602,0.001
32077,3,"  4.190","  0.458",18/52,/core/www/modules//sdig/index.php?run_id=110202&search_id=114132&scans_id=110198&peptide_id=24015&scanf=32077&charge=3&value=18/52,sp|Q9NU22|MDN1_HUMAN,/core/www/modules//consensus/?run_id=110202&search_id=114132&scans_id=110198&peptide_id=24015&scanf=32077&charge=3&value=sp|Q9NU22|MDN1_HUMAN,0,/core/www/modules/match_peptides/blast_html4.php?run_id=110202&search_id=114132&scans_id=110198&peptide_id=24015&scanf=32077&charge=3&value=0,R.LFEWHDGPLVQAMK.E,/core/www/modules/show_out/show_out_wrapper.php?run_id=110202&search_id=114132&scans_id=110198&peptide_id=24015&scanf=32077&charge=3&value=R.LFEWHDGPLVQAMK.E,MDN1,7.790e+6,3.393,0.001,2.990,0.000
32078,2,"  4.897","  0.725",19/30,/core/www/modules//sdig/index.php?run_id=110202&search_id=114132&scans_id=110198&peptide_id=24016&scanf=32078&charge=2&value=19/30,sp|Q9BSJ8|ESYT1_HUMAN,/core/www/modules//consensus/?run_id=110202&search_id=114132&scans_id=110198&peptide_id=24016&scanf=32078&charge=2&value=sp|Q9BSJ8|ESYT1_HUMAN,0,/core/www/modules/match_peptides/blast_html4.php?run_id=110202&search_id=114132&scans_id=110198&peptide_id=24016&scanf=32078&charge=2&value=0,R.FFLQDPQSQELDVQVK.D,/core/www/modules/show_out/show_out_wrapper.php?run_id=110202&search_id=114132&scans_id=110198&peptide_id=24016&scanf=32078&charge=2&value=R.FFLQDPQSQELDVQVK.D,ESYT1,1.861e+6,4.013,0.000,3.909,0.000
32079,4,"  5.577","  0.596",23/108,/core/www/modules//sdig/index.php?run_id=110202&search_id=114132&scans_id=110198&peptide_id=24017&scanf=32079&charge=4&value=23/108,sp|P10809|CH60_HUMAN,/core/www/modules//consensus/?run_id=110202&search_id=114132&scans_id=110198&peptide_id=24017&scanf=32079&charge=4&value=sp|P10809|CH60_HUMAN,7,/core/www/modules/match_peptides/blast_html4.php?run_id=110202&search_id=114132&scans_id=110198&peptide_id=24017&scanf=32079&charge=4&value=7,K.KISSIQSIVPALEIANAHR.K,/core/www/modules/show_out/show_out_wrapper.php?run_id=110202&search_id=114132&scans_id=110198&peptide_id=24017&scanf=32079&charge=4&value=K.KISSIQSIVPALEIANAHR.K,HSPD1,1.308e+7,3.589,0.001,3.280,0.000
32081,2,"  2.131","  0.391",10/14,/core/www/modules//sdig/index.php?run_id=110202&search_id=114132&scans_id=110198&peptide_id=24019&scanf=32081&charge=2&value=10/14,sp|P54886|P5CS_HUMAN,/core/www/modules//consensus/?run_id=110202&search_id=114132&scans_id=110198&peptide_id=24019&scanf=32081&charge=2&value=sp|P54886|P5CS_HUMAN,0,/core/www/modules/match_peptides/blast_html4.php?run_id=110202&search_id=114132&scans_id=110198&peptide_id=24019&scanf=32081&charge=2&value=0,K.MIDLIIPR.G,/core/www/modules/show_out/show_out_wrapper.php?run_id=110202&search_id=114132&scans_id=110198&peptide_id=24019&scanf=32081&charge=2&value=K.MIDLIIPR.G,ALDH18A1,6.244e+6,3.089,0.003,2.540,0.000
32082,3,"  4.227","  0.531",25/104,/core/www/modules//sdig/index.php?run_id=110202&search_id=114132&scans_id=110198&peptide_id=24020&scanf=32082&charge=3&value=25/104,sp|Q9C0J8|WDR33_HUMAN,/core/www/modules//consensus/?run_id=110202&search_id=114132&scans_id=110198&peptide_id=24020&scanf=32082&charge=3&value=sp|Q9C0J8|WDR33_HUMAN,0,/core/www/modules/match_peptides/blast_html4.php?run_id=110202&search_id=114132&scans_id=110198&peptide_id=24020&scanf=32082&charge=3&value=0,R.APFNQEGQSTGPPPLIPGLGQQGAQGR.I,/core/www/modules/show_out/show_out_wrapper.php?run_id=110202&search_id=114132&scans_id=110198&peptide_id=24020&scanf=32082&charge=3&value=R.APFNQEGQSTGPPPLIPGLGQQGAQGR.I,WDR33,1.918e+6,2.774,0.008,2.075,0.000
32084,3,"  3.259","  0.373",9/72,/core/www/modules//sdig/index.php?run_id=110202&search_id=114132&scans_id=110198&peptide_id=24022&scanf=32084&charge=3&value=9/72,sp|P14625|ENPL_HUMAN,/core/www/modules//consensus/?run_id=110202&search_id=114132&scans_id=110198&peptide_id=24022&scanf=32084&charge=3&value=sp|P14625|ENPL_HUMAN,11,/core/www/modules/match_peptides/blast_html4.php?run_id=110202&search_id=114132&scans_id=110198&peptide_id=24022&scanf=32084&charge=3&value=11,R.LISLTDENALSGNEELTVK.I,/core/www/modules/show_out/show_out_wrapper.php?run_id=110202&search_id=114132&scans_id=110198&peptide_id=24022&scanf=32084&charge=3&value=R.LISLTDENALSGNEELTVK.I,HSP90B1,5.712e+6,2.419,0.028,1.557,0.001
32088,2,"  2.504","  0.486",10/18,/core/www/modules//sdig/index.php?run_id=110202&search_id=114132&scans_id=110198&peptide_id=24025&scanf=32088&charge=2&value=10/18,sp|P53621|COPA_HUMAN,/core/www/modules//consensus/?run_id=110202&search_id=114132&scans_id=110198&peptide_id=24025&scanf=32088&charge=2&value=sp|P53621|COPA_HUMAN,4,/core/www/modules/match_peptides/blast_html4.php?run_id=110202&search_id=114132&scans_id=110198&peptide_id=24025&scanf=32088&charge=2&value=4,R.TLDLPIYVTR.V,/core/www/modules/show_out/show_out_wrapper.php?run_id=110202&search_id=114132&scans_id=110198&peptide_id=24025&scanf=32088&charge=2&value=R.TLDLPIYVTR.V,COPA,2.657e+7,3.267,0.002,2.803,0.000
32090,2,"  3.483","  0.513",14/24,/core/www/modules//sdig/index.php?run_id=110202&search_id=114132&scans_id=110198&peptide_id=24028&scanf=32090&charge=2&value=14/24,sp|Q15050|RRS1_HUMAN,/core/www/modules//consensus/?run_id=110202&search_id=114132&scans_id=110198&peptide_id=24028&scanf=32090&charge=2&value=sp|Q15050|RRS1_HUMAN,0,/core/www/modules/match_peptides/blast_html4.php?run_id=110202&search_id=114132&scans_id=110198&peptide_id=24028&scanf=32090&charge=2&value=0,K.TNLVWDEVSGQWR.R,/core/www/modules/show_out/show_out_wrapper.php?run_id=110202&search_id=114132&scans_id=110198&peptide_id=24028&scanf=32090&charge=2&value=K.TNLVWDEVSGQWR.R,RRS1,3.790e+7,3.227,0.002,2.744,0.000
32092,3,"  3.335","  0.499",15/64,/core/www/modules//sdig/index.php?run_id=110202&search_id=114132&scans_id=110198&peptide_id=24030&scanf=32092&charge=3&value=15/64,sp|Q13131|AAPK1_HUMAN,/core/www/modules//consensus/?run_id=110202&search_id=114132&scans_id=110198&peptide_id=24030&scanf=32092&charge=3&value=sp|Q13131|AAPK1_HUMAN,1,/core/www/modules/match_peptides/blast_html4.php?run_id=110202&search_id=114132&scans_id=110198&peptide_id=24030&scanf=32092&charge=3&value=1,K.IGHYILGDTLGVGTFGK.V,/core/www/modules/show_out/show_out_wrapper.php?run_id=110202&search_id=114132&scans_id=110198&peptide_id=24030&scanf=32092&charge=3&value=K.IGHYILGDTLGVGTFGK.V,PRKAA1,3.333e+6,2.909,0.005,2.273,0.000
32093,2,"  2.685","  0.464",11/16,/core/www/modules//sdig/index.php?run_id=110202&search_id=114132&scans_id=110198&peptide_id=24031&scanf=32093&charge=2&value=11/16,sp|Q15084|PDIA6_HUMAN,/core/www/modules//consensus/?run_id=110202&search_id=114132&scans_id=110198&peptide_id=24031&scanf=32093&charge=2&value=sp|Q15084|PDIA6_HUMAN,0,/core/www/modules/match_peptides/blast_html4.php?run_id=110202&search_id=114132&scans_id=110198&peptide_id=24031&scanf=32093&charge=2&value=0,R.NSYLEVLLK.L,/core/www/modules/show_out/show_out_wrapper.php?run_id=110202&search_id=114132&scans_id=110198&peptide_id=24031&scanf=32093&charge=2&value=R.NSYLEVLLK.L,PDIA6,1.581e+7,3.179,0.002,2.673,0.000
32095,2,"  2.414","  0.406",9/14,/core/www/modules//sdig/index.php?run_id=110202&search_id=114132&scans_id=110198&peptide_id=24033&scanf=32095&charge=2&value=9/14,sp|Q7Z6Z7|HUWE1_HUMAN,/core/www/modules//consensus/?run_id=110202&search_id=114132&scans_id=110198&peptide_id=24033&scanf=32095&charge=2&value=sp|Q7Z6Z7|HUWE1_HUMAN,1,/core/www/modules/match_peptides/blast_html4.php?run_id=110202&search_id=114132&scans_id=110198&peptide_id=24033&scanf=32095&charge=2&value=1,R.SLLSILQR.S,/core/www/modules/show_out/show_out_wrapper.php?run_id=110202&search_id=114132&scans_id=110198&peptide_id=24033&scanf=32095&charge=2&value=R.SLLSILQR.S,HUWE1,5.325e+6,3.101,0.003,2.557,0.000
32096,4,"  5.468","  0.595",21/120,/core/www/modules//sdig/index.php?run_id=110202&search_id=114132&scans_id=110198&peptide_id=24034&scanf=32096&charge=4&value=21/120,sp|Q05048|CSTF1_HUMAN,/core/www/modules//consensus/?run_id=110202&search_id=114132&scans_id=110198&peptide_id=24034&scanf=32096&charge=4&value=sp|Q05048|CSTF1_HUMAN,1,/core/www/modules/match_peptides/blast_html4.php?run_id=110202&search_id=114132&scans_id=110198&peptide_id=24034&scanf=32096&charge=4&value=1,R.SISFHPSGDFILVGTQHPTLR.L,/core/www/modules/show_out/show_out_wrapper.php?run_id=110202&search_id=114132&scans_id=110198&peptide_id=24034&scanf=32096&charge=4&value=R.SISFHPSGDFILVGTQHPTLR.L,CSTF1,1.238e+7,3.611,0.000,3.313,0.000
32097,2,"  4.125","  0.572",15/30,/core/www/modules//sdig/index.php?run_id=110202&search_id=114132&scans_id=110198&peptide_id=24035&scanf=32097&charge=2&value=15/30,sp|P07910|HNRPC_HUMAN,/core/www/modules//consensus/?run_id=110202&search_id=114132&scans_id=110198&peptide_id=24035&scanf=32097&charge=2&value=sp|P07910|HNRPC_HUMAN,11,/core/www/modules/match_peptides/blast_html4.php?run_id=110202&search_id=114132&scans_id=110198&peptide_id=24035&scanf=32097&charge=2&value=11,R.M*IAGQVLDINLAAEPK.V,/core/www/modules/show_out/show_out_wrapper.php?run_id=110202&search_id=114132&scans_id=110198&peptide_id=24035&scanf=32097&charge=2&value=R.M*IAGQVLDINLAAEPK.V,HNRNPC,5.835e+6,3.155,0.002,2.637,0.000
32102,2,"  2.350","  0.330",9/18,/core/www/modules//sdig/index.php?run_id=110202&search_id=114132&scans_id=110198&peptide_id=24041&scanf=32102&charge=2&value=9/18,sp|Q96SB8|SMC6_HUMAN,/core/www/modules//consensus/?run_id=110202&search_id=114132&scans_id=110198&peptide_id=24041&scanf=32102&charge=2&value=sp|Q96SB8|SMC6_HUMAN,0,/core/www/modules/match_peptides/blast_html4.php?run_id=110202&search_id=114132&scans_id=110198&peptide_id=24041&scanf=32102&charge=2&value=0,K.LYFDNLLSQR.A,/core/www/modules/show_out/show_out_wrapper.php?run_id=110202&search_id=114132&scans_id=110198&peptide_id=24041&scanf=32102&charge=2&value=K.LYFDNLLSQR.A,SMC6,3.021e+6,2.164,0.064,1.196,0.002
32109,2,"  1.807","  0.288",9/12,/core/www/modules//sdig/index.php?run_id=110202&search_id=114132&scans_id=110198&peptide_id=24047&scanf=32109&charge=2&value=9/12,sp|Q8TDN6|BRX1_HUMAN,/core/www/modules//consensus/?run_id=110202&search_id=114132&scans_id=110198&peptide_id=24047&scanf=32109&charge=2&value=sp|Q8TDN6|BRX1_HUMAN,0,/core/www/modules/match_peptides/blast_html4.php?run_id=110202&search_id=114132&scans_id=110198&peptide_id=24047&scanf=32109&charge=2&value=0,R.FVLNLIK.I,/core/www/modules/show_out/show_out_wrapper.php?run_id=110202&search_id=114132&scans_id=110198&peptide_id=24047&scanf=32109&charge=2&value=R.FVLNLIK.I,BRIX1,1.428e+8,2.918,0.005,2.287,0.000
32110,2,"  2.616","  0.429",11/18,/core/www/modules//sdig/index.php?run_id=110202&search_id=114132&scans_id=110198&peptide_id=24049&scanf=32110&charge=2&value=11/18,sp|Q13315|ATM_HUMAN,/core/www/modules//consensus/?run_id=110202&search_id=114132&scans_id=110198&peptide_id=24049&scanf=32110&charge=2&value=sp|Q13315|ATM_HUMAN,0,/core/www/modules/match_peptides/blast_html4.php?run_id=110202&search_id=114132&scans_id=110198&peptide_id=24049&scanf=32110&charge=2&value=0,R.ELELDELALR.A,/core/www/modules/show_out/show_out_wrapper.php?run_id=110202&search_id=114132&scans_id=110198&peptide_id=24049&scanf=32110&charge=2&value=R.ELELDELALR.A,ATM,2.036e+7,3.059,0.003,2.495,0.000
32111,3,"  6.329","  0.604",19/88,/core/www/modules//sdig/index.php?run_id=110202&search_id=114132&scans_id=110198&peptide_id=24050&scanf=32111&charge=3&value=19/88,sp|Q99714|HCD2_HUMAN,/core/www/modules//consensus/?run_id=110202&search_id=114132&scans_id=110198&peptide_id=24050&scanf=32111&charge=3&value=sp|Q99714|HCD2_HUMAN,2,/core/www/modules/match_peptides/blast_html4.php?run_id=110202&search_id=114132&scans_id=110198&peptide_id=24050&scanf=32111&charge=3&value=2,R.LVGQGASAVLLDLPNSGGEAQAK.K,/core/www/modules/show_out/show_out_wrapper.php?run_id=110202&search_id=114132&scans_id=110198&peptide_id=24050&scanf=32111&charge=3&value=R.LVGQGASAVLLDLPNSGGEAQAK.K,HSD17B10,1.306e+7,3.136,0.002,2.609,0.000
32112,3,"  5.357","  0.562",27/88,/core/www/modules//sdig/index.php?run_id=110202&search_id=114132&scans_id=110198&peptide_id=24051&scanf=32112&charge=3&value=27/88,sp|Q9ULX6|AKP8L_HUMAN,/core/www/modules//consensus/?run_id=110202&search_id=114132&scans_id=110198&peptide_id=24051&scanf=32112&charge=3&value=sp|Q9ULX6|AKP8L_HUMAN,10,/core/www/modules/match_peptides/blast_html4.php?run_id=110202&search_id=114132&scans_id=110198&peptide_id=24051&scanf=32112&charge=3&value=10,R.LDMVPHLETDMMQGGVYGSGGER.Y,/core/www/modules/show_out/show_out_wrapper.php?run_id=110202&search_id=114132&scans_id=110198&peptide_id=24051&scanf=32112&charge=3&value=R.LDMVPHLETDMMQGGVYGSGGER.Y,AKAP8L,8.347e+6,3.219,0.002,2.732,0.000
32113,2,"  3.224","  0.525",11/22,/core/www/modules//sdig/index.php?run_id=110202&search_id=114132&scans_id=110198&peptide_id=24052&scanf=32113&charge=2&value=11/22,sp|Q96EY7|PTCD3_HUMAN,/core/www/modules//consensus/?run_id=110202&search_id=114132&scans_id=110198&peptide_id=24052&scanf=32113&charge=2&value=sp|Q96EY7|PTCD3_HUMAN,0,/core/www/modules/match_peptides/blast_html4.php?run_id=110202&search_id=114132&scans_id=110198&peptide_id=24052&scanf=32113&charge=2&value=0,R.SELLNELMDSAK.V,/core/www/modules/show_out/show_out_wrapper.php?run_id=110202&search_id=114132&scans_id=110198&peptide_id=24052&scanf=32113&charge=2&value=R.SELLNELMDSAK.V,PTCD3,3.022e+6,3.146,0.002,2.624,0.000
32114,2,"  2.817","  0.610",12/28,/core/www/modules//sdig/index.php?run_id=110202&search_id=114132&scans_id=110198&peptide_id=24053&scanf=32114&charge=2&value=12/28,sp|Q9NTI5|PDS5B_HUMAN,/core/www/modules//consensus/?run_id=110202&search_id=114132&scans_id=110198&peptide_id=24053&scanf=32114&charge=2&value=sp|Q9NTI5|PDS5B_HUMAN,0,/core/www/modules/match_peptides/blast_html4.php?run_id=110202&search_id=114132&scans_id=110198&peptide_id=24053&scanf=32114&charge=2&value=0,K.LWVPDEEVSPETMVK.I,/core/www/modules/show_out/show_out_wrapper.php?run_id=110202&search_id=114132&scans_id=110198&peptide_id=24053&scanf=32114&charge=2&value=K.LWVPDEEVSPETMVK.I,PDS5B,7.765e+6,3.254,0.002,2.784,0.000
32116,4,"  7.225","  0.657",22/126,/core/www/modules//sdig/index.php?run_id=110202&search_id=114132&scans_id=110198&peptide_id=24055&scanf=32116&charge=4&value=22/126,sp|Q8WUQ7|CATIN_HUMAN,/core/www/modules//consensus/?run_id=110202&search_id=114132&scans_id=110198&peptide_id=24055&scanf=32116&charge=4&value=sp|Q8WUQ7|CATIN_HUMAN,1,/core/www/modules/match_peptides/blast_html4.php?run_id=110202&search_id=114132&scans_id=110198&peptide_id=24055&scanf=32116&charge=4&value=1,R.LLTAHELPLDAHVLEPDEDLQR.L,/core/www/modules/show_out/show_out_wrapper.php?run_id=110202&search_id=114132&scans_id=110198&peptide_id=24055&scanf=32116&charge=4&value=R.LLTAHELPLDAHVLEPDEDLQR.L,CACTIN,3.745e+6,3.857,0.000,3.677,0.000
32117,3,"  2.123","  0.383",9/48,/core/www/modules//sdig/index.php?run_id=110202&search_id=114132&scans_id=110198&peptide_id=24056&scanf=32117&charge=3&value=9/48,sp|O75569|PRKRA_HUMAN,/core/www/modules//consensus/?run_id=110202&search_id=114132&scans_id=110198&peptide_id=24056&scanf=32117&charge=3&value=sp|O75569|PRKRA_HUMAN,9,/core/www/modules/match_peptides/blast_html4.php?run_id=110202&search_id=114132&scans_id=110198&peptide_id=24056&scanf=32117&charge=3&value=9,R.SDVQIHVPTFTFR.V,/core/www/modules/show_out/show_out_wrapper.php?run_id=110202&search_id=114132&scans_id=110198&peptide_id=24056&scanf=32117&charge=3&value=R.SDVQIHVPTFTFR.V,PRKRA,7.324e+6,2.587,0.016,1.801,0.000
32118,3,"  3.320","  0.463",10/44,/core/www/modules//sdig/index.php?run_id=110202&search_id=114132&scans_id=110198&peptide_id=24057&scanf=32118&charge=3&value=10/44,sp|Q6P1J9|CDC73_HUMAN,/core/www/modules//consensus/?run_id=110202&search_id=114132&scans_id=110198&peptide_id=24057&scanf=32118&charge=3&value=sp|Q6P1J9|CDC73_HUMAN,1,/core/www/modules/match_peptides/blast_html4.php?run_id=110202&search_id=114132&scans_id=110198&peptide_id=24057&scanf=32118&charge=3&value=1,K.WDVTVLELSYHK.R,/core/www/modules/show_out/show_out_wrapper.php?run_id=110202&search_id=114132&scans_id=110198&peptide_id=24057&scanf=32118&charge=3&value=K.WDVTVLELSYHK.R,CDC73,2.469e+6,3.057,0.003,2.492,0.000
32119,3,"  4.832","  0.525",24/88,/core/www/modules//sdig/index.php?run_id=110202&search_id=114132&scans_id=110198&peptide_id=24058&scanf=32119&charge=3&value=24/88,sp|O14980|XPO1_HUMAN,/core/www/modules//consensus/?run_id=110202&search_id=114132&scans_id=110198&peptide_id=24058&scanf=32119&charge=3&value=sp|O14980|XPO1_HUMAN,12,/core/www/modules/match_peptides/blast_html4.php?run_id=110202&search_id=114132&scans_id=110198&peptide_id=24058&scanf=32119&charge=3&value=12,R.ESPFSTSASPLLSGSQHFDVPPR.R,/core/www/modules/show_out/show_out_wrapper.php?run_id=110202&search_id=114132&scans_id=110198&peptide_id=24058&scanf=32119&charge=3&value=R.ESPFSTSASPLLSGSQHFDVPPR.R,XPO1,4.465e+6,3.058,0.003,2.494,0.000
32120,3,"  5.613","  0.675",23/72,/core/www/modules//sdig/index.php?run_id=110202&search_id=114132&scans_id=110198&peptide_id=24060&scanf=32120&charge=3&value=23/72,sp|P10809|CH60_HUMAN,/core/www/modules//consensus/?run_id=110202&search_id=114132&scans_id=110198&peptide_id=24060&scanf=32120&charge=3&value=sp|P10809|CH60_HUMAN,7,/core/www/modules/match_peptides/blast_html4.php?run_id=110202&search_id=114132&scans_id=110198&peptide_id=24060&scanf=32120&charge=3&value=7,K.KISSIQSIVPALEIANAHR.K,/core/www/modules/show_out/show_out_wrapper.php?run_id=110202&search_id=114132&scans_id=110198&peptide_id=24060&scanf=32120&charge=3&value=K.KISSIQSIVPALEIANAHR.K,HSPD1,8.994e+6,3.436,0.001,3.054,0.000
32123,2,"  2.136","  0.147",9/20,/core/www/modules//sdig/index.php?run_id=110202&search_id=114132&scans_id=110198&peptide_id=24063&scanf=32123&charge=2&value=9/20,sp|Q8N201|INT1_HUMAN,/core/www/modules//consensus/?run_id=110202&search_id=114132&scans_id=110198&peptide_id=24063&scanf=32123&charge=2&value=sp|Q8N201|INT1_HUMAN,1,/core/www/modules/match_peptides/blast_html4.php?run_id=110202&search_id=114132&scans_id=110198&peptide_id=24063&scanf=32123&charge=2&value=1,K.SLLAGLSLPSR.D,/core/www/modules/show_out/show_out_wrapper.php?run_id=110202&search_id=114132&scans_id=110198&peptide_id=24063&scanf=32123&charge=2&value=K.SLLAGLSLPSR.D,INTS1,8.159e+6,1.830,0.176,0.755,0.010
32124,2,"  3.312","  0.608",11/28,/core/www/modules//sdig/index.php?run_id=110202&search_id=114132&scans_id=110198&peptide_id=24064&scanf=32124&charge=2&value=11/28,sp|Q9NUQ6|SPS2L_HUMAN,/core/www/modules//consensus/?run_id=110202&search_id=114132&scans_id=110198&peptide_id=24064&scanf=32124&charge=2&value=sp|Q9NUQ6|SPS2L_HUMAN,9,/core/www/modules/match_peptides/blast_html4.php?run_id=110202&search_id=114132&scans_id=110198&peptide_id=24064&scanf=32124&charge=2&value=9,K.AVQAFVDGSAIQVLK.E,/core/www/modules/show_out/show_out_wrapper.php?run_id=110202&search_id=114132&scans_id=110198&peptide_id=24064&scanf=32124&charge=2&value=K.AVQAFVDGSAIQVLK.E,SPATS2L,2.217e+6,2.946,0.005,2.328,0.000
32125,3,"  3.196","  0.365",8/76,/core/www/modules//sdig/index.php?run_id=110202&search_id=114132&scans_id=110198&peptide_id=24065&scanf=32125&charge=3&value=8/76,sp|P51610|HCFC1_HUMAN,/core/www/modules//consensus/?run_id=110202&search_id=114132&scans_id=110198&peptide_id=24065&scanf=32125&charge=3&value=sp|P51610|HCFC1_HUMAN,1,/core/www/modules/match_peptides/blast_html4.php?run_id=110202&search_id=114132&scans_id=110198&peptide_id=24065&scanf=32125&charge=3&value=1,K.IPPSSAPTVLSVPAGTTIVK.T,/core/www/modules/show_out/show_out_wrapper.php?run_id=110202&search_id=114132&scans_id=110198&peptide_id=24065&scanf=32125&charge=3&value=K.IPPSSAPTVLSVPAGTTIVK.T,HCFC1,2.839e+6,2.176,0.061,1.211,0.002
32130,3,"  2.136","  0.364",12/36,/core/www/modules//sdig/index.php?run_id=110202&search_id=114132&scans_id=110198&peptide_id=24070&scanf=32130&charge=3&value=12/36,sp|P18621|RL17_HUMAN,/core/www/modules//consensus/?run_id=110202&search_id=114132&scans_id=110198&peptide_id=24070&scanf=32130&charge=3&value=sp|P18621|RL17_HUMAN,10,/core/www/modules/match_peptides/blast_html4.php?run_id=110202&search_id=114132&scans_id=110198&peptide_id=24070&scanf=32130&charge=3&value=10,K.SAEFLLHMLK.N,/core/www/modules/show_out/show_out_wrapper.php?run_id=110202&search_id=114132&scans_id=110198&peptide_id=24070&scanf=32130&charge=3&value=K.SAEFLLHMLK.N,RPL17,1.341e+8,2.902,0.005,2.264,0.000
32132,3,"  3.977","  0.327",19/56,/core/www/modules//sdig/index.php?run_id=110202&search_id=114132&scans_id=110198&peptide_id=24072&scanf=32132&charge=3&value=19/56,sp|Q07955|SRSF1_HUMAN,/core/www/modules//consensus/?run_id=110202&search_id=114132&scans_id=110198&peptide_id=24072&scanf=32132&charge=3&value=sp|Q07955|SRSF1_HUMAN,3,/core/www/modules/match_peptides/blast_html4.php?run_id=110202&search_id=114132&scans_id=110198&peptide_id=24072&scanf=32132&charge=3&value=3,R.RGGPPFAFVEFEDPR.D,/core/www/modules/show_out/show_out_wrapper.php?run_id=110202&search_id=114132&scans_id=110198&peptide_id=24072&scanf=32132&charge=3&value=R.RGGPPFAFVEFEDPR.D,SRSF1,2.579e+7,2.501,0.021,1.676,0.001
32133,3,"  3.320","  0.311",10/64,/core/www/modules//sdig/index.php?run_id=110202&search_id=114132&scans_id=110198&peptide_id=24073&scanf=32133&charge=3&value=10/64,sp|P08134|RHOC_HUMAN,/core/www/modules//consensus/?run_id=110202&search_id=114132&scans_id=110198&peptide_id=24073&scanf=32133&charge=3&value=sp|P08134|RHOC_HUMAN,13,/core/www/modules/match_peptides/blast_html4.php?run_id=110202&search_id=114132&scans_id=110198&peptide_id=24073&scanf=32133&charge=3&value=13,K.QVELALWDTAGQEDYDR.L,/core/www/modules/show_out/show_out_wrapper.php?run_id=110202&search_id=114132&scans_id=110198&peptide_id=24073&scanf=32133&charge=3&value=K.QVELALWDTAGQEDYDR.L,RHOC,1.058e+7,2.146,0.068,1.171,0.002
32134,3,"  2.457","  0.342",9/60,/core/www/modules//sdig/index.php?run_id=110202&search_id=114132&scans_id=110198&peptide_id=24074&scanf=32134&charge=3&value=9/60,sp|Q9P225|DYH2_HUMAN,/core/www/modules//consensus/?run_id=110202&search_id=114132&scans_id=110198&peptide_id=24074&scanf=32134&charge=3&value=sp|Q9P225|DYH2_HUMAN,0,/core/www/modules/match_peptides/blast_html4.php?run_id=110202&search_id=114132&scans_id=110198&peptide_id=24074&scanf=32134&charge=3&value=0,K.CLIGVDLGTQENIHRK.V,/core/www/modules/show_out/show_out_wrapper.php?run_id=110202&search_id=114132&scans_id=110198&peptide_id=24074&scanf=32134&charge=3&value=K.CLIGVDLGTQENIHRK.V,DNAH2,1.042e+7,1.897,0.145,0.838,0.007
32135,4,"  9.245","  0.636",35/198,/core/www/modules//sdig/index.php?run_id=110202&search_id=114132&scans_id=110198&peptide_id=24075&scanf=32135&charge=4&value=35/198,sp|Q01082|SPTB2_HUMAN,/core/www/modules//consensus/?run_id=110202&search_id=114132&scans_id=110198&peptide_id=24075&scanf=32135&charge=4&value=sp|Q01082|SPTB2_HUMAN,1,/core/www/modules/match_peptides/blast_html4.php?run_id=110202&search_id=114132&scans_id=110198&peptide_id=24075&scanf=32135&charge=4&value=1,K.DVAEEIANYRPTLDTLHEQASALPQEHAESPDVR.G,/core/www/modules/show_out/show_out_wrapper.php?run_id=110202&search_id=114132&scans_id=110198&peptide_id=24075&scanf=32135&charge=4&value=K.DVAEEIANYRPTLDTLHEQASALPQEHAESPDVR.G,SPTBN1,1.603e+6,3.698,0.000,3.441,0.000
32136,2,"  2.273","  0.377",10/18,/core/www/modules//sdig/index.php?run_id=110202&search_id=114132&scans_id=110198&peptide_id=24076&scanf=32136&charge=2&value=10/18,sp|Q96SB8|SMC6_HUMAN,/core/www/modules//consensus/?run_id=110202&search_id=114132&scans_id=110198&peptide_id=24076&scanf=32136&charge=2&value=sp|Q96SB8|SMC6_HUMAN,0,/core/www/modules/match_peptides/blast_html4.php?run_id=110202&search_id=114132&scans_id=110198&peptide_id=24076&scanf=32136&charge=2&value=0,K.LYFDNLLSQR.A,/core/www/modules/show_out/show_out_wrapper.php?run_id=110202&search_id=114132&scans_id=110198&peptide_id=24076&scanf=32136&charge=2&value=K.LYFDNLLSQR.A,SMC6,3.021e+6,2.735,0.010,2.018,0.000
32139,3,"  5.298","  0.670",19/56,/core/www/modules//sdig/index.php?run_id=110202&search_id=114132&scans_id=110198&peptide_id=24079&scanf=32139&charge=3&value=19/56,sp|P30050|RL12_HUMAN,/core/www/modules//consensus/?run_id=110202&search_id=114132&scans_id=110198&peptide_id=24079&scanf=32139&charge=3&value=sp|P30050|RL12_HUMAN,0,/core/www/modules/match_peptides/blast_html4.php?run_id=110202&search_id=114132&scans_id=110198&peptide_id=24079&scanf=32139&charge=3&value=0,K.HSGNITFDEIVNIAR.Q,/core/www/modules/show_out/show_out_wrapper.php?run_id=110202&search_id=114132&scans_id=110198&peptide_id=24079&scanf=32139&charge=3&value=K.HSGNITFDEIVNIAR.Q,RPL12,1.331e+8,3.888,0.000,3.724,0.000
32142,3,"  3.756","  0.474",18/60,/core/www/modules//sdig/index.php?run_id=110202&search_id=114132&scans_id=110198&peptide_id=24083&scanf=32142&charge=3&value=18/60,sp|P14618|KPYM_HUMAN,/core/www/modules//consensus/?run_id=110202&search_id=114132&scans_id=110198&peptide_id=24083&scanf=32142&charge=3&value=sp|P14618|KPYM_HUMAN,6,/core/www/modules/match_peptides/blast_html4.php?run_id=110202&search_id=114132&scans_id=110198&peptide_id=24083&scanf=32142&charge=3&value=6,R.RFDEILEASDGIMVAR.G,/core/www/modules/show_out/show_out_wrapper.php?run_id=110202&search_id=114132&scans_id=110198&peptide_id=24083&scanf=32142&charge=3&value=R.RFDEILEASDGIMVAR.G,PKM,7.144e+6,2.747,0.009,2.036,0.000
32144,2,"  1.891","  0.333",8/12,/core/www/modules//sdig/index.php?run_id=110202&search_id=114132&scans_id=110198&peptide_id=24085&scanf=32144&charge=2&value=8/12,sp|Q14232|EI2BA_HUMAN,/core/www/modules//consensus/?run_id=110202&search_id=114132&scans_id=110198&peptide_id=24085&scanf=32144&charge=2&value=sp|Q14232|EI2BA_HUMAN,2,/core/www/modules/match_peptides/blast_html4.php?run_id=110202&search_id=114132&scans_id=110198&peptide_id=24085&scanf=32144&charge=2&value=2,R.TLLEFLK.R,/core/www/modules/show_out/show_out_wrapper.php?run_id=110202&search_id=114132&scans_id=110198&peptide_id=24085&scanf=32144&charge=2&value=R.TLLEFLK.R,EIF2B1,5.607e+6,2.852,0.006,2.190,0.000
32149,3,"  4.170","  0.603",13/72,/core/www/modules//sdig/index.php?run_id=110202&search_id=114132&scans_id=110198&peptide_id=24090&scanf=32149&charge=3&value=13/72,sp|Q9NYL9|TMOD3_HUMAN,/core/www/modules//consensus/?run_id=110202&search_id=114132&scans_id=110198&peptide_id=24090&scanf=32149&charge=3&value=sp|Q9NYL9|TMOD3_HUMAN,1,/core/www/modules/match_peptides/blast_html4.php?run_id=110202&search_id=114132&scans_id=110198&peptide_id=24090&scanf=32149&charge=3&value=1,K.YKDLDEDELLGNLSETELK.Q,/core/www/modules/show_out/show_out_wrapper.php?run_id=110202&search_id=114132&scans_id=110198&peptide_id=24090&scanf=32149&charge=3&value=K.YKDLDEDELLGNLSETELK.Q,TMOD3,5.356e+6,2.875,0.006,2.223,0.000
32153,3,"  4.023","  0.570",15/64,/core/www/modules//sdig/index.php?run_id=110202&search_id=114132&scans_id=110198&peptide_id=24094&scanf=32153&charge=3&value=15/64,sp|Q9BUQ8|DDX23_HUMAN,/core/www/modules//consensus/?run_id=110202&search_id=114132&scans_id=110198&peptide_id=24094&scanf=32153&charge=3&value=sp|Q9BUQ8|DDX23_HUMAN,3,/core/www/modules/match_peptides/blast_html4.php?run_id=110202&search_id=114132&scans_id=110198&peptide_id=24094&scanf=32153&charge=3&value=3,R.IEESDQGPYAIILAPTR.E,/core/www/modules/show_out/show_out_wrapper.php?run_id=110202&search_id=114132&scans_id=110198&peptide_id=24094&scanf=32153&charge=3&value=R.IEESDQGPYAIILAPTR.E,DDX23,4.800e+6,3.144,0.002,2.621,0.000
32155,2,"  4.792","  0.761",19/30,/core/www/modules//sdig/index.php?run_id=110202&search_id=114132&scans_id=110198&peptide_id=24096&scanf=32155&charge=2&value=19/30,sp|P41252|SYIC_HUMAN,/core/www/modules//consensus/?run_id=110202&search_id=114132&scans_id=110198&peptide_id=24096&scanf=32155&charge=2&value=sp|P41252|SYIC_HUMAN,7,/core/www/modules/match_peptides/blast_html4.php?run_id=110202&search_id=114132&scans_id=110198&peptide_id=24096&scanf=32155&charge=2&value=7,K.TESAVSQMQSVIELGR.V,/core/www/modules/show_out/show_out_wrapper.php?run_id=110202&search_id=114132&scans_id=110198&peptide_id=24096&scanf=32155&charge=2&value=K.TESAVSQMQSVIELGR.V,IARS1,8.288e+6,4.118,0.000,4.065,0.000
32158,2,"  2.378","  0.355",9/16,/core/www/modules//sdig/index.php?run_id=110202&search_id=114132&scans_id=110198&peptide_id=24099&scanf=32158&charge=2&value=9/16,sp|Q14204|DYHC1_HUMAN,/core/www/modules//consensus/?run_id=110202&search_id=114132&scans_id=110198&peptide_id=24099&scanf=32158&charge=2&value=sp|Q14204|DYHC1_HUMAN,14,/core/www/modules/match_peptides/blast_html4.php?run_id=110202&search_id=114132&scans_id=110198&peptide_id=24099&scanf=32158&charge=2&value=14,K.DLFQVAFNR.V,/core/www/modules/show_out/show_out_wrapper.php?run_id=110202&search_id=114132&scans_id=110198&peptide_id=24099&scanf=32158&charge=2&value=K.DLFQVAFNR.V,DYNC1H1,3.202e+6,3.072,0.003,2.514,0.000
32162,2,"  2.269","  0.369",9/18,/core/www/modules//sdig/index.php?run_id=110202&search_id=114132&scans_id=110198&peptide_id=24104&scanf=32162&charge=2&value=9/18,sp|Q8NFH3|NUP43_HUMAN,/core/www/modules//consensus/?run_id=110202&search_id=114132&scans_id=110198&peptide_id=24104&scanf=32162&charge=2&value=sp|Q8NFH3|NUP43_HUMAN,0,/core/www/modules/match_peptides/blast_html4.php?run_id=110202&search_id=114132&scans_id=110198&peptide_id=24104&scanf=32162&charge=2&value=0,R.IEITSLLPSR.S,/core/www/modules/show_out/show_out_wrapper.php?run_id=110202&search_id=114132&scans_id=110198&peptide_id=24104&scanf=32162&charge=2&value=R.IEITSLLPSR.S,NUP43,3.078e+6,2.643,0.013,1.883,0.000
32165,3,"  2.059","  0.389",12/56,/core/www/modules//sdig/index.php?run_id=110202&search_id=114132&scans_id=110198&peptide_id=24107&scanf=32165&charge=3&value=12/56,sp|Q14669|TRIPC_HUMAN,/core/www/modules//consensus/?run_id=110202&search_id=114132&scans_id=110198&peptide_id=24107&scanf=32165&charge=3&value=sp|Q14669|TRIPC_HUMAN,2,/core/www/modules/match_peptides/blast_html4.php?run_id=110202&search_id=114132&scans_id=110198&peptide_id=24107&scanf=32165&charge=3&value=2,R.VEPVGNAPLLALVHK.M,/core/www/modules/show_out/show_out_wrapper.php?run_id=110202&search_id=114132&scans_id=110198&peptide_id=24107&scanf=32165&charge=3&value=R.VEPVGNAPLLALVHK.M,TRIP12,3.351e+7,2.667,0.012,1.918,0.000
32170,3,"  2.131","  0.308",12/48,/core/www/modules//sdig/index.php?run_id=110202&search_id=114132&scans_id=110198&peptide_id=24113&scanf=32170&charge=3&value=12/48,sp|O43143|DHX15_HUMAN,/core/www/modules//consensus/?run_id=110202&search_id=114132&scans_id=110198&peptide_id=24113&scanf=32170&charge=3&value=sp|O43143|DHX15_HUMAN,0,/core/www/modules/match_peptides/blast_html4.php?run_id=110202&search_id=114132&scans_id=110198&peptide_id=24113&scanf=32170&charge=3&value=0,R.IRVESLLVTAISK.A,/core/www/modules/show_out/show_out_wrapper.php?run_id=110202&search_id=114132&scans_id=110198&peptide_id=24113&scanf=32170&charge=3&value=R.IRVESLLVTAISK.A,DHX15,1.445e+7,2.266,0.046,1.338,0.002
32173,2,"  3.377","  0.569",11/20,/core/www/modules//sdig/index.php?run_id=110202&search_id=114132&scans_id=110198&peptide_id=24115&scanf=32173&charge=2&value=11/20,sp|O60762|DPM1_HUMAN,/core/www/modules//consensus/?run_id=110202&search_id=114132&scans_id=110198&peptide_id=24115&scanf=32173&charge=2&value=sp|O60762|DPM1_HUMAN,3,/core/www/modules/match_peptides/blast_html4.php?run_id=110202&search_id=114132&scans_id=110198&peptide_id=24115&scanf=32173&charge=2&value=3,K.LGGNEIVSFLK.G,/core/www/modules/show_out/show_out_wrapper.php?run_id=110202&search_id=114132&scans_id=110198&peptide_id=24115&scanf=32173&charge=2&value=K.LGGNEIVSFLK.G,DPM1,2.220e+7,3.408,0.001,3.012,0.000
32175,3,"  1.850","  0.217",10/48,/core/www/modules//sdig/index.php?run_id=110202&search_id=114132&scans_id=110198&peptide_id=24117&scanf=32175&charge=3&value=10/48,sp|Q9Y2P8|RCL1_HUMAN,/core/www/modules//consensus/?run_id=110202&search_id=114132&scans_id=110198&peptide_id=24117&scanf=32175&charge=3&value=sp|Q9Y2P8|RCL1_HUMAN,2,/core/www/modules/match_peptides/blast_html4.php?run_id=110202&search_id=114132&scans_id=110198&peptide_id=24117&scanf=32175&charge=3&value=2,K.FIPDIYIYTDHMK.G,/core/www/modules/show_out/show_out_wrapper.php?run_id=110202&search_id=114132&scans_id=110198&peptide_id=24117&scanf=32175&charge=3&value=K.FIPDIYIYTDHMK.G,RCL1,5.314e+6,2.061,0.088,1.054,0.004
32176,2,"  2.701","  0.469",9/18,/core/www/modules//sdig/index.php?run_id=110202&search_id=114132&scans_id=110198&peptide_id=24118&scanf=32176&charge=2&value=9/18,sp|P25685|DNJB1_HUMAN,/core/www/modules//consensus/?run_id=110202&search_id=114132&scans_id=110198&peptide_id=24118&scanf=32176&charge=2&value=sp|P25685|DNJB1_HUMAN,8,/core/www/modules/match_peptides/blast_html4.php?run_id=110202&search_id=114132&scans_id=110198&peptide_id=24118&scanf=32176&charge=2&value=8,R.NPFDTFFGQR.N,/core/www/modules/show_out/show_out_wrapper.php?run_id=110202&search_id=114132&scans_id=110198&peptide_id=24118&scanf=32176&charge=2&value=R.NPFDTFFGQR.N,DNAJB1,3.025e+6,2.973,0.004,2.369,0.000
32177,3,"  5.202","  0.554",14/60,/core/www/modules//sdig/index.php?run_id=110202&search_id=114132&scans_id=110198&peptide_id=24119&scanf=32177&charge=3&value=14/60,sp|O00148|DX39A_HUMAN,/core/www/modules//consensus/?run_id=110202&search_id=114132&scans_id=110198&peptide_id=24119&scanf=32177&charge=3&value=sp|O00148|DX39A_HUMAN,0,/core/www/modules/match_peptides/blast_html4.php?run_id=110202&search_id=114132&scans_id=110198&peptide_id=24119&scanf=32177&charge=3&value=0,R.KFMQDPMEVFVDDETK.L,/core/www/modules/show_out/show_out_wrapper.php?run_id=110202&search_id=114132&scans_id=110198&peptide_id=24119&scanf=32177&charge=3&value=R.KFMQDPMEVFVDDETK.L,DDX39A,9.338e+6,3.138,0.002,2.612,0.000
32178,2,"  3.712","  0.357",15/24,/core/www/modules//sdig/index.php?run_id=110202&search_id=114132&scans_id=110198&peptide_id=24120&scanf=32178&charge=2&value=15/24,sp|O43143|DHX15_HUMAN,/core/www/modules//consensus/?run_id=110202&search_id=114132&scans_id=110198&peptide_id=24120&scanf=32178&charge=2&value=sp|O43143|DHX15_HUMAN,0,/core/www/modules/match_peptides/blast_html4.php?run_id=110202&search_id=114132&scans_id=110198&peptide_id=24120&scanf=32178&charge=2&value=0,R.IRVESLLVTAISK.A,/core/www/modules/show_out/show_out_wrapper.php?run_id=110202&search_id=114132&scans_id=110198&peptide_id=24120&scanf=32178&charge=2&value=R.IRVESLLVTAISK.A,DHX15,6.340e+6,2.563,0.017,1.765,0.000
32182,2,"  2.957","  0.584",15/28,/core/www/modules//sdig/index.php?run_id=110202&search_id=114132&scans_id=110198&peptide_id=24125&scanf=32182&charge=2&value=15/28,sp|Q5UIP0|RIF1_HUMAN,/core/www/modules//consensus/?run_id=110202&search_id=114132&scans_id=110198&peptide_id=24125&scanf=32182&charge=2&value=sp|Q5UIP0|RIF1_HUMAN,1,/core/www/modules/match_peptides/blast_html4.php?run_id=110202&search_id=114132&scans_id=110198&peptide_id=24125&scanf=32182&charge=2&value=1,K.QQEIASITEQLMTTK.L,/core/www/modules/show_out/show_out_wrapper.php?run_id=110202&search_id=114132&scans_id=110198&peptide_id=24125&scanf=32182&charge=2&value=K.QQEIASITEQLMTTK.L,RIF1,4.074e+6,3.309,0.001,2.866,0.000
32183,2,"  1.797","  0.273",7/12,/core/www/modules//sdig/index.php?run_id=110202&search_id=114132&scans_id=110198&peptide_id=24126&scanf=32183&charge=2&value=7/12,sp|P11233|RALA_HUMAN,/core/www/modules//consensus/?run_id=110202&search_id=114132&scans_id=110198&peptide_id=24126&scanf=32183&charge=2&value=sp|P11233|RALA_HUMAN,1,/core/www/modules/match_peptides/blast_html4.php?run_id=110202&search_id=114132&scans_id=110198&peptide_id=24126&scanf=32183&charge=2&value=1,K.VFFDLMR.E,/core/www/modules/show_out/show_out_wrapper.php?run_id=110202&search_id=114132&scans_id=110198&peptide_id=24126&scanf=32183&charge=2&value=K.VFFDLMR.E,RALA,1.265e+7,2.525,0.020,1.710,0.000
32184,4,"  4.881","  0.520",23/114,/core/www/modules//sdig/index.php?run_id=110202&search_id=114132&scans_id=110198&peptide_id=24127&scanf=32184&charge=4&value=23/114,sp|Q9UJV9|DDX41_HUMAN,/core/www/modules//consensus/?run_id=110202&search_id=114132&scans_id=110198&peptide_id=24127&scanf=32184&charge=4&value=sp|Q9UJV9|DDX41_HUMAN,2,/core/www/modules/match_peptides/blast_html4.php?run_id=110202&search_id=114132&scans_id=110198&peptide_id=24127&scanf=32184&charge=4&value=2,K.GIHHPTPIQIQGIPTILSGR.D,/core/www/modules/show_out/show_out_wrapper.php?run_id=110202&search_id=114132&scans_id=110198&peptide_id=24127&scanf=32184&charge=4&value=K.GIHHPTPIQIQGIPTILSGR.D,DDX41,6.133e+6,3.482,0.001,3.122,0.000
32185,2,"  2.711","  0.436",11/22,/core/www/modules//sdig/index.php?run_id=110202&search_id=114132&scans_id=110198&peptide_id=24128&scanf=32185&charge=2&value=11/22,sp|O15355|PPM1G_HUMAN,/core/www/modules//consensus/?run_id=110202&search_id=114132&scans_id=110198&peptide_id=24128&scanf=32185&charge=2&value=sp|O15355|PPM1G_HUMAN,0,/core/www/modules/match_peptides/blast_html4.php?run_id=110202&search_id=114132&scans_id=110198&peptide_id=24128&scanf=32185&charge=2&value=0,K.ALEDAFLAIDAK.L,/core/www/modules/show_out/show_out_wrapper.php?run_id=110202&search_id=114132&scans_id=110198&peptide_id=24128&scanf=32185&charge=2&value=K.ALEDAFLAIDAK.L,PPM1G,3.661e+6,2.842,0.007,2.174,0.000
32186,3,"  4.843","  0.596",18/68,/core/www/modules//sdig/index.php?run_id=110202&search_id=114132&scans_id=110198&peptide_id=24129&scanf=32186&charge=3&value=18/68,sp|Q8N3U4|STAG2_HUMAN,/core/www/modules//consensus/?run_id=110202&search_id=114132&scans_id=110198&peptide_id=24129&scanf=32186&charge=3&value=sp|Q8N3U4|STAG2_HUMAN,2,/core/www/modules/match_peptides/blast_html4.php?run_id=110202&search_id=114132&scans_id=110198&peptide_id=24129&scanf=32186&charge=3&value=2,R.IVSMTLDKEYDVAVQAIK.L,/core/www/modules/show_out/show_out_wrapper.php?run_id=110202&search_id=114132&scans_id=110198&peptide_id=24129&scanf=32186&charge=3&value=R.IVSMTLDKEYDVAVQAIK.L,STAG2,7.114e+6,3.103,0.003,2.560,0.000
32189,3,"  4.992","  0.550",22/76,/core/www/modules//sdig/index.php?run_id=110202&search_id=114132&scans_id=110198&peptide_id=24132&scanf=32189&charge=3&value=22/76,sp|Q7L2J0|MEPCE_HUMAN,/core/www/modules//consensus/?run_id=110202&search_id=114132&scans_id=110198&peptide_id=24132&scanf=32189&charge=3&value=sp|Q7L2J0|MEPCE_HUMAN,1,/core/www/modules/match_peptides/blast_html4.php?run_id=110202&search_id=114132&scans_id=110198&peptide_id=24132&scanf=32189&charge=3&value=1,R.HLRPGGILVLEPQPWSSYGK.R,/core/www/modules/show_out/show_out_wrapper.php?run_id=110202&search_id=114132&scans_id=110198&peptide_id=24132&scanf=32189&charge=3&value=R.HLRPGGILVLEPQPWSSYGK.R,MEPCE,2.126e+6,3.118,0.003,2.583,0.000
32190,2,"  2.924","  0.441",11/26,/core/www/modules//sdig/index.php?run_id=110202&search_id=114132&scans_id=110198&peptide_id=24134&scanf=32190&charge=2&value=11/26,sp|Q9Y221|NIP7_HUMAN,/core/www/modules//consensus/?run_id=110202&search_id=114132&scans_id=110198&peptide_id=24134&scanf=32190&charge=2&value=sp|Q9Y221|NIP7_HUMAN,3,/core/www/modules/match_peptides/blast_html4.php?run_id=110202&search_id=114132&scans_id=110198&peptide_id=24134&scanf=32190&charge=2&value=3,R.LHVTALDYLAPYAK.Y,/core/www/modules/show_out/show_out_wrapper.php?run_id=110202&search_id=114132&scans_id=110198&peptide_id=24134&scanf=32190&charge=2&value=R.LHVTALDYLAPYAK.Y,NIP7,9.746e+6,2.583,0.016,1.795,0.000
32191,2,"  3.034","  0.516",11/22,/core/www/modules//sdig/index.php?run_id=110202&search_id=114132&scans_id=110198&peptide_id=24135&scanf=32191&charge=2&value=11/22,sp|P30153|2AAA_HUMAN,/core/www/modules//consensus/?run_id=110202&search_id=114132&scans_id=110198&peptide_id=24135&scanf=32191&charge=2&value=sp|P30153|2AAA_HUMAN,5,/core/www/modules/match_peptides/blast_html4.php?run_id=110202&search_id=114132&scans_id=110198&peptide_id=24135&scanf=32191&charge=2&value=5,K.LSTIALALGVER.T,/core/www/modules/show_out/show_out_wrapper.php?run_id=110202&search_id=114132&scans_id=110198&peptide_id=24135&scanf=32191&charge=2&value=K.LSTIALALGVER.T,PPP2R1A,5.897e+6,3.155,0.002,2.638,0.000
32193,3,"  4.479","  0.578",13/60,/core/www/modules//sdig/index.php?run_id=110202&search_id=114132&scans_id=110198&peptide_id=24136&scanf=32193&charge=3&value=13/60,sp|Q8N163|CCAR2_HUMAN,/core/www/modules//consensus/?run_id=110202&search_id=114132&scans_id=110198&peptide_id=24136&scanf=32193&charge=3&value=sp|Q8N163|CCAR2_HUMAN,3,/core/www/modules/match_peptides/blast_html4.php?run_id=110202&search_id=114132&scans_id=110198&peptide_id=24136&scanf=32193&charge=3&value=3,K.QGILGAQPQLIFQPHR.I,/core/www/modules/show_out/show_out_wrapper.php?run_id=110202&search_id=114132&scans_id=110198&peptide_id=24136&scanf=32193&charge=3&value=K.QGILGAQPQLIFQPHR.I,CCAR2,1.567e+7,3.360,0.001,2.941,0.000
32194,3,"  4.721","  0.692",23/64,/core/www/modules//sdig/index.php?run_id=110202&search_id=114132&scans_id=110198&peptide_id=24137&scanf=32194&charge=3&value=23/64,sp|P17987|TCPA_HUMAN,/core/www/modules//consensus/?run_id=110202&search_id=114132&scans_id=110198&peptide_id=24137&scanf=32194&charge=3&value=sp|P17987|TCPA_HUMAN,4,/core/www/modules/match_peptides/blast_html4.php?run_id=110202&search_id=114132&scans_id=110198&peptide_id=24137&scanf=32194&charge=3&value=4,K.LGVQVVITDPEKLDQIR.Q,/core/www/modules/show_out/show_out_wrapper.php?run_id=110202&search_id=114132&scans_id=110198&peptide_id=24137&scanf=32194&charge=3&value=K.LGVQVVITDPEKLDQIR.Q,TCP1,7.202e+6,3.600,0.001,3.296,0.000
32195,4,"  3.607","  0.516",18/90,/core/www/modules//sdig/index.php?run_id=110202&search_id=114132&scans_id=110198&peptide_id=24138&scanf=32195&charge=4&value=18/90,sp|Q15293|RCN1_HUMAN,/core/www/modules//consensus/?run_id=110202&search_id=114132&scans_id=110198&peptide_id=24138&scanf=32195&charge=4&value=sp|Q15293|RCN1_HUMAN,1,/core/www/modules/match_peptides/blast_html4.php?run_id=110202&search_id=114132&scans_id=110198&peptide_id=24138&scanf=32195&charge=4&value=1,R.EEFTAFLHPEEFEHMK.E,/core/www/modules/show_out/show_out_wrapper.php?run_id=110202&search_id=114132&scans_id=110198&peptide_id=24138&scanf=32195&charge=4&value=R.EEFTAFLHPEEFEHMK.E,RCN1,6.361e+6,3.467,0.001,3.099,0.000
32196,3,"  5.442","  0.696",22/88,/core/www/modules//sdig/index.php?run_id=110202&search_id=114132&scans_id=110198&peptide_id=24139&scanf=32196&charge=3&value=22/88,sp|P21333|FLNA_HUMAN,/core/www/modules//consensus/?run_id=110202&search_id=114132&scans_id=110198&peptide_id=24139&scanf=32196&charge=3&value=sp|P21333|FLNA_HUMAN,3,/core/www/modules/match_peptides/blast_html4.php?run_id=110202&search_id=114132&scans_id=110198&peptide_id=24139&scanf=32196&charge=3&value=3,K.FNEEHIPDSPFVVPVASPSGDAR.R,/core/www/modules/show_out/show_out_wrapper.php?run_id=110202&search_id=114132&scans_id=110198&peptide_id=24139&scanf=32196&charge=3&value=K.FNEEHIPDSPFVVPVASPSGDAR.R,FLNA,1.835e+7,3.741,0.000,3.506,0.000
32197,3,"  4.286","  0.575",15/52,/core/www/modules//sdig/index.php?run_id=110202&search_id=114132&scans_id=110198&peptide_id=24140&scanf=32197&charge=3&value=15/52,sp|P62424|RL7A_HUMAN,/core/www/modules//consensus/?run_id=110202&search_id=114132&scans_id=110198&peptide_id=24140&scanf=32197&charge=3&value=sp|P62424|RL7A_HUMAN,1,/core/www/modules/match_peptides/blast_html4.php?run_id=110202&search_id=114132&scans_id=110198&peptide_id=24140&scanf=32197&charge=3&value=1,K.VPPAINQFTQALDR.Q,/core/www/modules/show_out/show_out_wrapper.php?run_id=110202&search_id=114132&scans_id=110198&peptide_id=24140&scanf=32197&charge=3&value=K.VPPAINQFTQALDR.Q,RPL7A,7.379e+7,3.480,0.001,3.118,0.000
32198,2,"  1.847","  0.274",9/14,/core/www/modules//sdig/index.php?run_id=110202&search_id=114132&scans_id=110198&peptide_id=24141&scanf=32198&charge=2&value=9/14,sp|O14647|CHD2_HUMAN,/core/www/modules//consensus/?run_id=110202&search_id=114132&scans_id=110198&peptide_id=24141&scanf=32198&charge=2&value=sp|O14647|CHD2_HUMAN,4,/core/www/modules/match_peptides/blast_html4.php?run_id=110202&search_id=114132&scans_id=110198&peptide_id=24141&scanf=32198&charge=2&value=4,K.VLEPFLLR.R,/core/www/modules/show_out/show_out_wrapper.php?run_id=110202&search_id=114132&scans_id=110198&peptide_id=24141&scanf=32198&charge=2&value=K.VLEPFLLR.R,CHD2,9.340e+6,2.628,0.014,1.861,0.000
32199,3,"  2.328","  0.361",13/52,/core/www/modules//sdig/index.php?run_id=110202&search_id=114132&scans_id=110198&peptide_id=24142&scanf=32199&charge=3&value=13/52,sp|Q9H081|MIS12_HUMAN,/core/www/modules//consensus/?run_id=110202&search_id=114132&scans_id=110198&peptide_id=24142&scanf=32199&charge=3&value=sp|Q9H081|MIS12_HUMAN,0,/core/www/modules/match_peptides/blast_html4.php?run_id=110202&search_id=114132&scans_id=110198&peptide_id=24142&scanf=32199&charge=3&value=0,K.QTLTFFDELHNVGR.D,/core/www/modules/show_out/show_out_wrapper.php?run_id=110202&search_id=114132&scans_id=110198&peptide_id=24142&scanf=32199&charge=3&value=K.QTLTFFDELHNVGR.D,MIS12,2.593e+6,2.504,0.021,1.680,0.000
32202,2,"  1.479","  0.337",6/12,/core/www/modules//sdig/index.php?run_id=110202&search_id=114132&scans_id=110198&peptide_id=24146&scanf=32202&charge=2&value=6/12,sp|A6NHR9|SMHD1_HUMAN,/core/www/modules//consensus/?run_id=110202&search_id=114132&scans_id=110198&peptide_id=24146&scanf=32202&charge=2&value=sp|A6NHR9|SMHD1_HUMAN,2,/core/www/modules/match_peptides/blast_html4.php?run_id=110202&search_id=114132&scans_id=110198&peptide_id=24146&scanf=32202&charge=2&value=2,R.EFALWLK.D,/core/www/modules/show_out/show_out_wrapper.php?run_id=110202&search_id=114132&scans_id=110198&peptide_id=24146&scanf=32202&charge=2&value=R.EFALWLK.D,SMCHD1,1.280e+7,2.845,0.007,2.180,0.000
32205,2,"  5.460","  0.734",21/34,/core/www/modules//sdig/index.php?run_id=110202&search_id=114132&scans_id=110198&peptide_id=24149&scanf=32205&charge=2&value=21/34,sp|Q13813|SPTN1_HUMAN,/core/www/modules//consensus/?run_id=110202&search_id=114132&scans_id=110198&peptide_id=24149&scanf=32205&charge=2&value=sp|Q13813|SPTN1_HUMAN,2,/core/www/modules/match_peptides/blast_html4.php?run_id=110202&search_id=114132&scans_id=110198&peptide_id=24149&scanf=32205&charge=2&value=2,R.SSLSSAQADFNQLAELDR.Q,/core/www/modules/show_out/show_out_wrapper.php?run_id=110202&search_id=114132&scans_id=110198&peptide_id=24149&scanf=32205&charge=2&value=R.SSLSSAQADFNQLAELDR.Q,SPTAN1,3.099e+6,4.134,0.000,4.088,0.000
32211,3,"  4.861","  0.553",16/60,/core/www/modules//sdig/index.php?run_id=110202&search_id=114132&scans_id=110198&peptide_id=24156&scanf=32211&charge=3&value=16/60,sp|Q9Y4L1|HYOU1_HUMAN,/core/www/modules//consensus/?run_id=110202&search_id=114132&scans_id=110198&peptide_id=24156&scanf=32211&charge=3&value=sp|Q9Y4L1|HYOU1_HUMAN,17,/core/www/modules/match_peptides/blast_html4.php?run_id=110202&search_id=114132&scans_id=110198&peptide_id=24156&scanf=32211&charge=3&value=17,K.VAIVKPGVPMEIVLNK.E,/core/www/modules/show_out/show_out_wrapper.php?run_id=110202&search_id=114132&scans_id=110198&peptide_id=24156&scanf=32211&charge=3&value=K.VAIVKPGVPMEIVLNK.E,HYOU1,2.299e+7,3.338,0.001,2.908,0.000
32212,3,"  6.117","  0.712",24/88,/core/www/modules//sdig/index.php?run_id=110202&search_id=114132&scans_id=110198&peptide_id=24157&scanf=32212&charge=3&value=24/88,sp|Q86U86|PB1_HUMAN,/core/www/modules//consensus/?run_id=110202&search_id=114132&scans_id=110198&peptide_id=24157&scanf=32212&charge=3&value=sp|Q86U86|PB1_HUMAN,1,/core/www/modules/match_peptides/blast_html4.php?run_id=110202&search_id=114132&scans_id=110198&peptide_id=24157&scanf=32212&charge=3&value=1,R.DGAAYFYGPIFIHPEETEHEPTK.M,/core/www/modules/show_out/show_out_wrapper.php?run_id=110202&search_id=114132&scans_id=110198&peptide_id=24157&scanf=32212&charge=3&value=R.DGAAYFYGPIFIHPEETEHEPTK.M,PBRM1,2.762e+6,3.741,0.000,3.506,0.000
32214,2,"  1.822","  0.362",12/22,/core/www/modules//sdig/index.php?run_id=110202&search_id=114132&scans_id=110198&peptide_id=24158&scanf=32214&charge=2&value=12/22,sp|O95373|IPO7_HUMAN,/core/www/modules//consensus/?run_id=110202&search_id=114132&scans_id=110198&peptide_id=24158&scanf=32214&charge=2&value=sp|O95373|IPO7_HUMAN,0,/core/www/modules/match_peptides/blast_html4.php?run_id=110202&search_id=114132&scans_id=110198&peptide_id=24158&scanf=32214&charge=2&value=0,K.AFAVGVQQVLLK.V,/core/www/modules/show_out/show_out_wrapper.php?run_id=110202&search_id=114132&scans_id=110198&peptide_id=24158&scanf=32214&charge=2&value=K.AFAVGVQQVLLK.V,IPO7,2.191e+7,2.609,0.015,1.833,0.000
32215,2,"  3.388","  0.542",12/22,/core/www/modules//sdig/index.php?run_id=110202&search_id=114132&scans_id=110198&peptide_id=24159&scanf=32215&charge=2&value=12/22,sp|Q14694|UBP10_HUMAN,/core/www/modules//consensus/?run_id=110202&search_id=114132&scans_id=110198&peptide_id=24159&scanf=32215&charge=2&value=sp|Q14694|UBP10_HUMAN,2,/core/www/modules/match_peptides/blast_html4.php?run_id=110202&search_id=114132&scans_id=110198&peptide_id=24159&scanf=32215&charge=2&value=2,R.TVQDALESLVAR.E,/core/www/modules/show_out/show_out_wrapper.php?run_id=110202&search_id=114132&scans_id=110198&peptide_id=24159&scanf=32215&charge=2&value=R.TVQDALESLVAR.E,USP10,7.775e+6,3.225,0.002,2.741,0.000
32219,3,"  5.280","  0.619",18/112,/core/www/modules//sdig/index.php?run_id=110202&search_id=114132&scans_id=110198&peptide_id=24163&scanf=32219&charge=3&value=18/112,sp|P46087|NOP2_HUMAN,/core/www/modules//consensus/?run_id=110202&search_id=114132&scans_id=110198&peptide_id=24163&scanf=32219&charge=3&value=sp|P46087|NOP2_HUMAN,0,/core/www/modules/match_peptides/blast_html4.php?run_id=110202&search_id=114132&scans_id=110198&peptide_id=24163&scanf=32219&charge=3&value=0,K.FSNSIPQSQTGNSETATPTNVDLPQVIPK.S,/core/www/modules/show_out/show_out_wrapper.php?run_id=110202&search_id=114132&scans_id=110198&peptide_id=24163&scanf=32219&charge=3&value=K.FSNSIPQSQTGNSETATPTNVDLPQVIPK.S,NOP2,1.231e+7,3.029,0.004,2.450,0.000
32221,2,"  1.885","  0.235",7/12,/core/www/modules//sdig/index.php?run_id=110202&search_id=114132&scans_id=110198&peptide_id=24166&scanf=32221&charge=2&value=7/12,sp|Q96CW1|AP2M1_HUMAN,/core/www/modules//consensus/?run_id=110202&search_id=114132&scans_id=110198&peptide_id=24166&scanf=32221&charge=2&value=sp|Q96CW1|AP2M1_HUMAN,8,/core/www/modules/match_peptides/blast_html4.php?run_id=110202&search_id=114132&scans_id=110198&peptide_id=24166&scanf=32221&charge=2&value=8,K.DIILPFR.V,/core/www/modules/show_out/show_out_wrapper.php?run_id=110202&search_id=114132&scans_id=110198&peptide_id=24166&scanf=32221&charge=2&value=K.DIILPFR.V,AP2M1,8.269e+6,2.418,0.028,1.555,0.001
32222,3,"  4.134","  0.446",13/64,/core/www/modules//sdig/index.php?run_id=110202&search_id=114132&scans_id=110198&peptide_id=24167&scanf=32222&charge=3&value=13/64,sp|Q14008|CKAP5_HUMAN,/core/www/modules//consensus/?run_id=110202&search_id=114132&scans_id=110198&peptide_id=24167&scanf=32222&charge=3&value=sp|Q14008|CKAP5_HUMAN,1,/core/www/modules/match_peptides/blast_html4.php?run_id=110202&search_id=114132&scans_id=110198&peptide_id=24167&scanf=32222&charge=3&value=1,K.GLEAALVYVENAHVAGK.T,/core/www/modules/show_out/show_out_wrapper.php?run_id=110202&search_id=114132&scans_id=110198&peptide_id=24167&scanf=32222&charge=3&value=K.GLEAALVYVENAHVAGK.T,CKAP5,3.959e+6,2.618,0.014,1.846,0.000
32225,2,"  2.638","  0.378",7/26,/core/www/modules//sdig/index.php?run_id=110202&search_id=114132&scans_id=110198&peptide_id=24170&scanf=32225&charge=2&value=7/26,sp|Q9H0U9|TSYL1_HUMAN,/core/www/modules//consensus/?run_id=110202&search_id=114132&scans_id=110198&peptide_id=24170&scanf=32225&charge=2&value=sp|Q9H0U9|TSYL1_HUMAN,0,/core/www/modules/match_peptides/blast_html4.php?run_id=110202&search_id=114132&scans_id=110198&peptide_id=24170&scanf=32225&charge=2&value=0,R.EPVEIPRPFGFQSG.-,/core/www/modules/show_out/show_out_wrapper.php?run_id=110202&search_id=114132&scans_id=110198&peptide_id=24170&scanf=32225&charge=2&value=R.EPVEIPRPFGFQSG.-,TSPYL1,3.025e+7,2.069,0.086,1.064,0.004
32226,2,"  3.442","  0.493",13/22,/core/www/modules//sdig/index.php?run_id=110202&search_id=114132&scans_id=110198&peptide_id=24171&scanf=32226&charge=2&value=13/22,sp|P52701|MSH6_HUMAN,/core/www/modules//consensus/?run_id=110202&search_id=114132&scans_id=110198&peptide_id=24171&scanf=32226&charge=2&value=sp|P52701|MSH6_HUMAN,3,/core/www/modules/match_peptides/blast_html4.php?run_id=110202&search_id=114132&scans_id=110198&peptide_id=24171&scanf=32226&charge=2&value=3,R.ENEQSLLEYLEK.Q,/core/www/modules/show_out/show_out_wrapper.php?run_id=110202&search_id=114132&scans_id=110198&peptide_id=24171&scanf=32226&charge=2&value=R.ENEQSLLEYLEK.Q,MSH6,5.854e+6,3.263,0.002,2.798,0.000
32227,2,"  2.753","  0.471",11/20,/core/www/modules//sdig/index.php?run_id=110202&search_id=114132&scans_id=110198&peptide_id=24172&scanf=32227&charge=2&value=11/20,sp|P62714|PP2AB_HUMAN,/core/www/modules//consensus/?run_id=110202&search_id=114132&scans_id=110198&peptide_id=24172&scanf=32227&charge=2&value=sp|P62714|PP2AB_HUMAN,6,/core/www/modules/match_peptides/blast_html4.php?run_id=110202&search_id=114132&scans_id=110198&peptide_id=24172&scanf=32227&charge=2&value=6,K.YSFLQFDPAPR.R,/core/www/modules/show_out/show_out_wrapper.php?run_id=110202&search_id=114132&scans_id=110198&peptide_id=24172&scanf=32227&charge=2&value=K.YSFLQFDPAPR.R,PPP2CB,3.163e+6,2.902,0.005,2.264,0.000
32228,2,"  3.824","  0.494",15/30,/core/www/modules//sdig/index.php?run_id=110202&search_id=114132&scans_id=110198&peptide_id=24173&scanf=32228&charge=2&value=15/30,sp|Q96DH6|MSI2H_HUMAN,/core/www/modules//consensus/?run_id=110202&search_id=114132&scans_id=110198&peptide_id=24173&scanf=32228&charge=2&value=sp|Q96DH6|MSI2H_HUMAN,4,/core/www/modules/match_peptides/blast_html4.php?run_id=110202&search_id=114132&scans_id=110198&peptide_id=24173&scanf=32228&charge=2&value=4,K.IFVGGLSANTVVEDVK.Q,/core/www/modules/show_out/show_out_wrapper.php?run_id=110202&search_id=114132&scans_id=110198&peptide_id=24173&scanf=32228&charge=2&value=K.IFVGGLSANTVVEDVK.Q,MSI2,5.225e+6,2.690,0.011,1.952,0.000
32230,2,"  2.365","  0.383",8/20,/core/www/modules//sdig/index.php?run_id=110202&search_id=114132&scans_id=110198&peptide_id=24176&scanf=32230&charge=2&value=8/20,sp|P54198|HIRA_HUMAN,/core/www/modules//consensus/?run_id=110202&search_id=114132&scans_id=110198&peptide_id=24176&scanf=32230&charge=2&value=sp|P54198|HIRA_HUMAN,0,/core/www/modules/match_peptides/blast_html4.php?run_id=110202&search_id=114132&scans_id=110198&peptide_id=24176&scanf=32230&charge=2&value=0,K.ELLPVIGQNLR.F,/core/www/modules/show_out/show_out_wrapper.php?run_id=110202&search_id=114132&scans_id=110198&peptide_id=24176&scanf=32230&charge=2&value=K.ELLPVIGQNLR.F,HIRA,2.223e+6,2.449,0.025,1.600,0.001
32233,3,"  3.204","  0.391",11/56,/core/www/modules//sdig/index.php?run_id=110202&search_id=114132&scans_id=110198&peptide_id=24179&scanf=32233&charge=3&value=11/56,sp|Q14562|DHX8_HUMAN,/core/www/modules//consensus/?run_id=110202&search_id=114132&scans_id=110198&peptide_id=24179&scanf=32233&charge=3&value=sp|Q14562|DHX8_HUMAN,0,/core/www/modules/match_peptides/blast_html4.php?run_id=110202&search_id=114132&scans_id=110198&peptide_id=24179&scanf=32233&charge=3&value=0,R.QPEWVVYHELVLTTK.E,/core/www/modules/show_out/show_out_wrapper.php?run_id=110202&search_id=114132&scans_id=110198&peptide_id=24179&scanf=32233&charge=3&value=R.QPEWVVYHELVLTTK.E,DHX8,1.780e+6,2.602,0.015,1.823,0.000
32235,2,"  3.458","  0.570",14/22,/core/www/modules//sdig/index.php?run_id=110202&search_id=114132&scans_id=110198&peptide_id=24180&scanf=32235&charge=2&value=14/22,sp|Q01082|SPTB2_HUMAN,/core/www/modules//consensus/?run_id=110202&search_id=114132&scans_id=110198&peptide_id=24180&scanf=32235&charge=2&value=sp|Q01082|SPTB2_HUMAN,1,/core/www/modules/match_peptides/blast_html4.php?run_id=110202&search_id=114132&scans_id=110198&peptide_id=24180&scanf=32235&charge=2&value=1,R.EVDDLEQWIAER.E,/core/www/modules/show_out/show_out_wrapper.php?run_id=110202&search_id=114132&scans_id=110198&peptide_id=24180&scanf=32235&charge=2&value=R.EVDDLEQWIAER.E,SPTBN1,6.240e+6,3.625,0.000,3.334,0.000
32236,2,"  3.402","  0.501",14/24,/core/www/modules//sdig/index.php?run_id=110202&search_id=114132&scans_id=110198&peptide_id=24181&scanf=32236&charge=2&value=14/24,sp|P53618|COPB_HUMAN,/core/www/modules//consensus/?run_id=110202&search_id=114132&scans_id=110198&peptide_id=24181&scanf=32236&charge=2&value=sp|P53618|COPB_HUMAN,0,/core/www/modules/match_peptides/blast_html4.php?run_id=110202&search_id=114132&scans_id=110198&peptide_id=24181&scanf=32236&charge=2&value=0,R.SLGEIPIVESEIK.K,/core/www/modules/show_out/show_out_wrapper.php?run_id=110202&search_id=114132&scans_id=110198&peptide_id=24181&scanf=32236&charge=2&value=R.SLGEIPIVESEIK.K,COPB1,8.483e+6,3.240,0.002,2.763,0.000
32238,3,"  5.778","  0.641",16/108,/core/www/modules//sdig/index.php?run_id=110202&search_id=114132&scans_id=110198&peptide_id=24183&scanf=32238&charge=3&value=16/108,sp|P33240|CSTF2_HUMAN,/core/www/modules//consensus/?run_id=110202&search_id=114132&scans_id=110198&peptide_id=24183&scanf=32238&charge=3&value=sp|P33240|CSTF2_HUMAN,3,/core/www/modules/match_peptides/blast_html4.php?run_id=110202&search_id=114132&scans_id=110198&peptide_id=24183&scanf=32238&charge=3&value=3,K.SLGTGAPVIESPYGETISPEDAPESISK.A,/core/www/modules/show_out/show_out_wrapper.php?run_id=110202&search_id=114132&scans_id=110198&peptide_id=24183&scanf=32238&charge=3&value=K.SLGTGAPVIESPYGETISPEDAPESISK.A,CSTF2,4.413e+6,2.964,0.004,2.355,0.000
32239,3,"  5.003","  0.450",15/72,/core/www/modules//sdig/index.php?run_id=110202&search_id=114132&scans_id=110198&peptide_id=24184&scanf=32239&charge=3&value=15/72,sp|Q9GZL7|WDR12_HUMAN,/core/www/modules//consensus/?run_id=110202&search_id=114132&scans_id=110198&peptide_id=24184&scanf=32239&charge=3&value=sp|Q9GZL7|WDR12_HUMAN,0,/core/www/modules/match_peptides/blast_html4.php?run_id=110202&search_id=114132&scans_id=110198&peptide_id=24184&scanf=32239&charge=3&value=0,K.WSPTHEQQLISGSLDNIVK.L,/core/www/modules/show_out/show_out_wrapper.php?run_id=110202&search_id=114132&scans_id=110198&peptide_id=24184&scanf=32239&charge=3&value=K.WSPTHEQQLISGSLDNIVK.L,WDR12,2.306e+6,2.695,0.011,1.959,0.000
32240,2,"  3.326","  0.527",16/26,/core/www/modules//sdig/index.php?run_id=110202&search_id=114132&scans_id=110198&peptide_id=24186&scanf=32240&charge=2&value=16/26,sp|Q16630|CPSF6_HUMAN,/core/www/modules//consensus/?run_id=110202&search_id=114132&scans_id=110198&peptide_id=24186&scanf=32240&charge=2&value=sp|Q16630|CPSF6_HUMAN,1,/core/www/modules/match_peptides/blast_html4.php?run_id=110202&search_id=114132&scans_id=110198&peptide_id=24186&scanf=32240&charge=2&value=1,R.TPLSEAEFEEIMNR.N,/core/www/modules/show_out/show_out_wrapper.php?run_id=110202&search_id=114132&scans_id=110198&peptide_id=24186&scanf=32240&charge=2&value=R.TPLSEAEFEEIMNR.N,CPSF6,1.408e+7,3.233,0.002,2.753,0.000
32242,2,"  3.601","  0.428",15/26,/core/www/modules//sdig/index.php?run_id=110202&search_id=114132&scans_id=110198&peptide_id=24188&scanf=32242&charge=2&value=15/26,sp|P38646|GRP75_HUMAN,/core/www/modules//consensus/?run_id=110202&search_id=114132&scans_id=110198&peptide_id=24188&scanf=32242&charge=2&value=sp|P38646|GRP75_HUMAN,6,/core/www/modules/match_peptides/blast_html4.php?run_id=110202&search_id=114132&scans_id=110198&peptide_id=24188&scanf=32242&charge=2&value=6,K.SDIGEVILVGGMTR.M,/core/www/modules/show_out/show_out_wrapper.php?run_id=110202&search_id=114132&scans_id=110198&peptide_id=24188&scanf=32242&charge=2&value=K.SDIGEVILVGGMTR.M,HSPA9,9.389e+6,2.869,0.006,2.215,0.000
32243,2,"  3.638","  0.514",13/24,/core/www/modules//sdig/index.php?run_id=110202&search_id=114132&scans_id=110198&peptide_id=24189&scanf=32243&charge=2&value=13/24,sp|Q01082|SPTB2_HUMAN,/core/www/modules//consensus/?run_id=110202&search_id=114132&scans_id=110198&peptide_id=24189&scanf=32243&charge=2&value=sp|Q01082|SPTB2_HUMAN,1,/core/www/modules/match_peptides/blast_html4.php?run_id=110202&search_id=114132&scans_id=110198&peptide_id=24189&scanf=32243&charge=2&value=1,R.EQWANLEQLSAIR.K,/core/www/modules/show_out/show_out_wrapper.php?run_id=110202&search_id=114132&scans_id=110198&peptide_id=24189&scanf=32243&charge=2&value=R.EQWANLEQLSAIR.K,SPTBN1,6.250e+6,3.071,0.003,2.513,0.000
32245,3,"  4.344","  0.500",14/60,/core/www/modules//sdig/index.php?run_id=110202&search_id=114132&scans_id=110198&peptide_id=24191&scanf=32245&charge=3&value=14/60,sp|Q13769|THOC5_HUMAN,/core/www/modules//consensus/?run_id=110202&search_id=114132&scans_id=110198&peptide_id=24191&scanf=32245&charge=3&value=sp|Q13769|THOC5_HUMAN,4,/core/www/modules/match_peptides/blast_html4.php?run_id=110202&search_id=114132&scans_id=110198&peptide_id=24191&scanf=32245&charge=3&value=4,K.SKHEEIDLVSLEEFYK.E,/core/www/modules/show_out/show_out_wrapper.php?run_id=110202&search_id=114132&scans_id=110198&peptide_id=24191&scanf=32245&charge=3&value=K.SKHEEIDLVSLEEFYK.E,THOC5,2.049e+6,2.719,0.010,1.995,0.000
32246,2,"  2.716","  0.591",12/24,/core/www/modules//sdig/index.php?run_id=110202&search_id=114132&scans_id=110198&peptide_id=24192&scanf=32246&charge=2&value=12/24,sp|P50895|BCAM_HUMAN,/core/www/modules//consensus/?run_id=110202&search_id=114132&scans_id=110198&peptide_id=24192&scanf=32246&charge=2&value=sp|P50895|BCAM_HUMAN,1,/core/www/modules/match_peptides/blast_html4.php?run_id=110202&search_id=114132&scans_id=110198&peptide_id=24192&scanf=32246&charge=2&value=1,R.VAYLDPLELSEGK.V,/core/www/modules/show_out/show_out_wrapper.php?run_id=110202&search_id=114132&scans_id=110198&peptide_id=24192&scanf=32246&charge=2&value=R.VAYLDPLELSEGK.V,BCAM,2.710e+6,3.313,0.001,2.871,0.000
32249,2,"  2.149","  0.306",10/18,/core/www/modules//sdig/index.php?run_id=110202&search_id=114132&scans_id=110198&peptide_id=24195&scanf=32249&charge=2&value=10/18,sp|Q9BZE4|GTPB4_HUMAN,/core/www/modules//consensus/?run_id=110202&search_id=114132&scans_id=110198&peptide_id=24195&scanf=32249&charge=2&value=sp|Q9BZE4|GTPB4_HUMAN,0,/core/www/modules/match_peptides/blast_html4.php?run_id=110202&search_id=114132&scans_id=110198&peptide_id=24195&scanf=32249&charge=2&value=0,K.YWDLMNLSEK.H,/core/www/modules/show_out/show_out_wrapper.php?run_id=110202&search_id=114132&scans_id=110198&peptide_id=24195&scanf=32249&charge=2&value=K.YWDLMNLSEK.H,GTPBP4,6.811e+6,2.351,0.035,1.460,0.001
32250,3,"  2.892","  0.461",12/48,/core/www/modules//sdig/index.php?run_id=110202&search_id=114132&scans_id=110198&peptide_id=24197&scanf=32250&charge=3&value=12/48,sp|O94822|LTN1_HUMAN,/core/www/modules//consensus/?run_id=110202&search_id=114132&scans_id=110198&peptide_id=24197&scanf=32250&charge=3&value=sp|O94822|LTN1_HUMAN,2,/core/www/modules/match_peptides/blast_html4.php?run_id=110202&search_id=114132&scans_id=110198&peptide_id=24197&scanf=32250&charge=3&value=2,K.DEITSVLQDHLIK.E,/core/www/modules/show_out/show_out_wrapper.php?run_id=110202&search_id=114132&scans_id=110198&peptide_id=24197&scanf=32250&charge=3&value=K.DEITSVLQDHLIK.E,LTN1,2.201e+6,2.966,0.004,2.358,0.000
32251,2,"  2.828","  0.658",11/20,/core/www/modules//sdig/index.php?run_id=110202&search_id=114132&scans_id=110198&peptide_id=24198&scanf=32251&charge=2&value=11/20,sp|P15880|RS2_HUMAN,/core/www/modules//consensus/?run_id=110202&search_id=114132&scans_id=110198&peptide_id=24198&scanf=32251&charge=2&value=sp|P15880|RS2_HUMAN,2,/core/www/modules/match_peptides/blast_html4.php?run_id=110202&search_id=114132&scans_id=110198&peptide_id=24198&scanf=32251&charge=2&value=2,K.TYSYLTPDLWK.E,/core/www/modules/show_out/show_out_wrapper.php?run_id=110202&search_id=114132&scans_id=110198&peptide_id=24198&scanf=32251&charge=2&value=K.TYSYLTPDLWK.E,RPS2,6.508e+7,3.682,0.000,3.418,0.000
32252,3,"  7.019","  0.730",23/80,/core/www/modules//sdig/index.php?run_id=110202&search_id=114132&scans_id=110198&peptide_id=24199&scanf=32252&charge=3&value=23/80,sp|O60231|DHX16_HUMAN,/core/www/modules//consensus/?run_id=110202&search_id=114132&scans_id=110198&peptide_id=24199&scanf=32252&charge=3&value=sp|O60231|DHX16_HUMAN,2,/core/www/modules/match_peptides/blast_html4.php?run_id=110202&search_id=114132&scans_id=110198&peptide_id=24199&scanf=32252&charge=3&value=2,R.LYTAWAYQHELEETTVPEIQR.T,/core/www/modules/show_out/show_out_wrapper.php?run_id=110202&search_id=114132&scans_id=110198&peptide_id=24199&scanf=32252&charge=3&value=R.LYTAWAYQHELEETTVPEIQR.T,DHX16,2.949e+6,3.892,0.000,3.730,0.000
32254,3,"  3.255","  0.450",10/52,/core/www/modules//sdig/index.php?run_id=110202&search_id=114132&scans_id=110198&peptide_id=24201&scanf=32254&charge=3&value=10/52,sp|Q9NP77|SSU72_HUMAN,/core/www/modules//consensus/?run_id=110202&search_id=114132&scans_id=110198&peptide_id=24201&scanf=32254&charge=3&value=sp|Q9NP77|SSU72_HUMAN,0,/core/www/modules/match_peptides/blast_html4.php?run_id=110202&search_id=114132&scans_id=110198&peptide_id=24201&scanf=32254&charge=3&value=0,K.ELYTQNGILHMLDR.N,/core/www/modules/show_out/show_out_wrapper.php?run_id=110202&search_id=114132&scans_id=110198&peptide_id=24201&scanf=32254&charge=3&value=K.ELYTQNGILHMLDR.N,SSU72,2.082e+6,2.853,0.006,2.191,0.000
32258,2,"  1.817","  0.277",10/20,/core/www/modules//sdig/index.php?run_id=110202&search_id=114132&scans_id=110198&peptide_id=24204&scanf=32258&charge=2&value=10/20,sp|Q12789|TF3C1_HUMAN,/core/www/modules//consensus/?run_id=110202&search_id=114132&scans_id=110198&peptide_id=24204&scanf=32258&charge=2&value=sp|Q12789|TF3C1_HUMAN,0,/core/www/modules/match_peptides/blast_html4.php?run_id=110202&search_id=114132&scans_id=110198&peptide_id=24204&scanf=32258&charge=2&value=0,K.TVPPVDIVFER.D,/core/www/modules/show_out/show_out_wrapper.php?run_id=110202&search_id=114132&scans_id=110198&peptide_id=24204&scanf=32258&charge=2&value=K.TVPPVDIVFER.D,GTF3C1,1.802e+7,2.299,0.041,1.385,0.001
32259,3,"  5.017","  0.620",19/72,/core/www/modules//sdig/index.php?run_id=110202&search_id=114132&scans_id=110198&peptide_id=24205&scanf=32259&charge=3&value=19/72,sp|P06748|NPM_HUMAN,/core/www/modules//consensus/?run_id=110202&search_id=114132&scans_id=110198&peptide_id=24205&scanf=32259&charge=3&value=sp|P06748|NPM_HUMAN,8,/core/www/modules/match_peptides/blast_html4.php?run_id=110202&search_id=114132&scans_id=110198&peptide_id=24205&scanf=32259&charge=3&value=8,K.DELHIVEAEAMNYEGSPIK.V,/core/www/modules/show_out/show_out_wrapper.php?run_id=110202&search_id=114132&scans_id=110198&peptide_id=24205&scanf=32259&charge=3&value=K.DELHIVEAEAMNYEGSPIK.V,NPM1,7.603e+7,3.476,0.001,3.113,0.000
32261,2,"  4.617","  0.473",18/32,/core/www/modules//sdig/index.php?run_id=110202&search_id=114132&scans_id=110198&peptide_id=24208&scanf=32261&charge=2&value=18/32,sp|Q9BUQ8|DDX23_HUMAN,/core/www/modules//consensus/?run_id=110202&search_id=114132&scans_id=110198&peptide_id=24208&scanf=32261&charge=2&value=sp|Q9BUQ8|DDX23_HUMAN,3,/core/www/modules/match_peptides/blast_html4.php?run_id=110202&search_id=114132&scans_id=110198&peptide_id=24208&scanf=32261&charge=2&value=3,R.IEESDQGPYAIILAPTR.E,/core/www/modules/show_out/show_out_wrapper.php?run_id=110202&search_id=114132&scans_id=110198&peptide_id=24208&scanf=32261&charge=2&value=R.IEESDQGPYAIILAPTR.E,DDX23,5.736e+6,2.776,0.008,2.078,0.000
32263,2,"  1.666","  0.400",8/20,/core/www/modules//sdig/index.php?run_id=110202&search_id=114132&scans_id=110198&peptide_id=24210&scanf=32263&charge=2&value=8/20,sp|Q96EK5|KBP_HUMAN,/core/www/modules//consensus/?run_id=110202&search_id=114132&scans_id=110198&peptide_id=24210&scanf=32263&charge=2&value=sp|Q96EK5|KBP_HUMAN,4,/core/www/modules/match_peptides/blast_html4.php?run_id=110202&search_id=114132&scans_id=110198&peptide_id=24210&scanf=32263&charge=2&value=4,K.VLAFFETDMER.R,/core/www/modules/show_out/show_out_wrapper.php?run_id=110202&search_id=114132&scans_id=110198&peptide_id=24210&scanf=32263&charge=2&value=K.VLAFFETDMER.R,KIFBP,2.646e+6,2.485,0.022,1.652,0.001
32266,3,"  3.381","  0.454",15/88,/core/www/modules//sdig/index.php?run_id=110202&search_id=114132&scans_id=110198&peptide_id=24213&scanf=32266&charge=3&value=15/88,sp|Q12906|ILF3_HUMAN,/core/www/modules//consensus/?run_id=110202&search_id=114132&scans_id=110198&peptide_id=24213&scanf=32266&charge=3&value=sp|Q12906|ILF3_HUMAN,0,/core/www/modules/match_peptides/blast_html4.php?run_id=110202&search_id=114132&scans_id=110198&peptide_id=24213&scanf=32266&charge=3&value=0,K.NENPVDYTVQIPPSTTYAITPM*K.R,/core/www/modules/show_out/show_out_wrapper.php?run_id=110202&search_id=114132&scans_id=110198&peptide_id=24213&scanf=32266&charge=3&value=K.NENPVDYTVQIPPSTTYAITPM*K.R,ILF3,1.453e+6,2.648,0.013,1.890,0.000
32267,4,"  5.254","  0.562",19/108,/core/www/modules//sdig/index.php?run_id=110202&search_id=114132&scans_id=110198&peptide_id=24214&scanf=32267&charge=4&value=19/108,sp|Q9P253|VPS18_HUMAN,/core/www/modules//consensus/?run_id=110202&search_id=114132&scans_id=110198&peptide_id=24214&scanf=32267&charge=4&value=sp|Q9P253|VPS18_HUMAN,0,/core/www/modules/match_peptides/blast_html4.php?run_id=110202&search_id=114132&scans_id=110198&peptide_id=24214&scanf=32267&charge=4&value=0,R.GRPDSLLAYLEQAGASPHR.V,/core/www/modules/show_out/show_out_wrapper.php?run_id=110202&search_id=114132&scans_id=110198&peptide_id=24214&scanf=32267&charge=4&value=R.GRPDSLLAYLEQAGASPHR.V,VPS18,1.243e+6,3.551,0.001,3.223,0.000
32271,3,"  2.957","  0.534",18/48,/core/www/modules//sdig/index.php?run_id=110202&search_id=114132&scans_id=110198&peptide_id=24219&scanf=32271&charge=3&value=18/48,sp|Q96T23|RSF1_HUMAN,/core/www/modules//consensus/?run_id=110202&search_id=114132&scans_id=110198&peptide_id=24219&scanf=32271&charge=3&value=sp|Q96T23|RSF1_HUMAN,2,/core/www/modules/match_peptides/blast_html4.php?run_id=110202&search_id=114132&scans_id=110198&peptide_id=24219&scanf=32271&charge=3&value=2,R.NRNELAETLALLK.A,/core/www/modules/show_out/show_out_wrapper.php?run_id=110202&search_id=114132&scans_id=110198&peptide_id=24219&scanf=32271&charge=3&value=R.NRNELAETLALLK.A,RSF1,8.202e+6,3.183,0.002,2.679,0.000
32272,2,"  3.408","  0.605",12/22,/core/www/modules//sdig/index.php?run_id=110202&search_id=114132&scans_id=110198&peptide_id=24220&scanf=32272&charge=2&value=12/22,sp|Q06323|PSME1_HUMAN,/core/www/modules//consensus/?run_id=110202&search_id=114132&scans_id=110198&peptide_id=24220&scanf=32272&charge=2&value=sp|Q06323|PSME1_HUMAN,0,/core/www/modules/match_peptides/blast_html4.php?run_id=110202&search_id=114132&scans_id=110198&peptide_id=24220&scanf=32272&charge=2&value=0,K.APLDIPVPDPVK.E,/core/www/modules/show_out/show_out_wrapper.php?run_id=110202&search_id=114132&scans_id=110198&peptide_id=24220&scanf=32272&charge=2&value=K.APLDIPVPDPVK.E,PSME1,2.676e+6,3.273,0.002,2.812,0.000
32275,3,"  4.794","  0.614",19/56,/core/www/modules//sdig/index.php?run_id=110202&search_id=114132&scans_id=110198&peptide_id=24223&scanf=32275&charge=3&value=19/56,sp|Q15397|PUM3_HUMAN,/core/www/modules//consensus/?run_id=110202&search_id=114132&scans_id=110198&peptide_id=24223&scanf=32275&charge=3&value=sp|Q15397|PUM3_HUMAN,0,/core/www/modules/match_peptides/blast_html4.php?run_id=110202&search_id=114132&scans_id=110198&peptide_id=24223&scanf=32275&charge=3&value=0,K.FLMYGSKPQIAEIIR.S,/core/www/modules/show_out/show_out_wrapper.php?run_id=110202&search_id=114132&scans_id=110198&peptide_id=24223&scanf=32275&charge=3&value=K.FLMYGSKPQIAEIIR.S,PUM3,2.137e+7,3.728,0.000,3.486,0.000
32278,2,"  2.296","  0.401",12/18,/core/www/modules//sdig/index.php?run_id=110202&search_id=114132&scans_id=110198&peptide_id=24225&scanf=32278&charge=2&value=12/18,sp|Q12789|TF3C1_HUMAN,/core/www/modules//consensus/?run_id=110202&search_id=114132&scans_id=110198&peptide_id=24225&scanf=32278&charge=2&value=sp|Q12789|TF3C1_HUMAN,1,/core/www/modules/match_peptides/blast_html4.php?run_id=110202&search_id=114132&scans_id=110198&peptide_id=24225&scanf=32278&charge=2&value=1,R.LIESLFTIQK.M,/core/www/modules/show_out/show_out_wrapper.php?run_id=110202&search_id=114132&scans_id=110198&peptide_id=24225&scanf=32278&charge=2&value=R.LIESLFTIQK.M,GTF3C1,1.642e+7,2.991,0.004,2.395,0.000
32279,3,"  3.201","  0.480",13/60,/core/www/modules//sdig/index.php?run_id=110202&search_id=114132&scans_id=110198&peptide_id=24226&scanf=32279&charge=3&value=13/60,sp|Q13242|SRSF9_HUMAN,/core/www/modules//consensus/?run_id=110202&search_id=114132&scans_id=110198&peptide_id=24226&scanf=32279&charge=3&value=sp|Q13242|SRSF9_HUMAN,0,/core/www/modules/match_peptides/blast_html4.php?run_id=110202&search_id=114132&scans_id=110198&peptide_id=24226&scanf=32279&charge=3&value=0,R.VLVSGLPPSGSWQDLK.D,/core/www/modules/show_out/show_out_wrapper.php?run_id=110202&search_id=114132&scans_id=110198&peptide_id=24226&scanf=32279&charge=3&value=R.VLVSGLPPSGSWQDLK.D,SRSF9,7.268e+6,2.981,0.004,2.380,0.000
32281,2,"  2.568","  0.463",11/20,/core/www/modules//sdig/index.php?run_id=110202&search_id=114132&scans_id=110198&peptide_id=24229&scanf=32281&charge=2&value=11/20,sp|O14617|AP3D1_HUMAN,/core/www/modules//consensus/?run_id=110202&search_id=114132&scans_id=110198&peptide_id=24229&scanf=32281&charge=2&value=sp|O14617|AP3D1_HUMAN,3,/core/www/modules/match_peptides/blast_html4.php?run_id=110202&search_id=114132&scans_id=110198&peptide_id=24229&scanf=32281&charge=2&value=3,K.LFGALTPLEPR.L,/core/www/modules/show_out/show_out_wrapper.php?run_id=110202&search_id=114132&scans_id=110198&peptide_id=24229&scanf=32281&charge=2&value=K.LFGALTPLEPR.L,AP3D1,4.935e+6,2.974,0.004,2.370,0.000
32282,2,"  3.455","  0.610",12/22,/core/www/modules//sdig/index.php?run_id=110202&search_id=114132&scans_id=110198&peptide_id=24230&scanf=32282&charge=2&value=12/22,sp|O15042|SR140_HUMAN,/core/www/modules//consensus/?run_id=110202&search_id=114132&scans_id=110198&peptide_id=24230&scanf=32282&charge=2&value=sp|O15042|SR140_HUMAN,1,/core/www/modules/match_peptides/blast_html4.php?run_id=110202&search_id=114132&scans_id=110198&peptide_id=24230&scanf=32282&charge=2&value=1,R.EGPMFEAMIMNR.E,/core/www/modules/show_out/show_out_wrapper.php?run_id=110202&search_id=114132&scans_id=110198&peptide_id=24230&scanf=32282&charge=2&value=R.EGPMFEAMIMNR.E,U2SURP,6.017e+6,3.585,0.001,3.274,0.000
32283,3,"  6.742","  0.553",18/76,/core/www/modules//sdig/index.php?run_id=110202&search_id=114132&scans_id=110198&peptide_id=24231&scanf=32283&charge=3&value=18/76,sp|O76094|SRP72_HUMAN,/core/www/modules//consensus/?run_id=110202&search_id=114132&scans_id=110198&peptide_id=24231&scanf=32283&charge=3&value=sp|O76094|SRP72_HUMAN,1,/core/www/modules/match_peptides/blast_html4.php?run_id=110202&search_id=114132&scans_id=110198&peptide_id=24231&scanf=32283&charge=3&value=1,K.AIELLQEFSDQHPENAAEIK.L,/core/www/modules/show_out/show_out_wrapper.php?run_id=110202&search_id=114132&scans_id=110198&peptide_id=24231&scanf=32283&charge=3&value=K.AIELLQEFSDQHPENAAEIK.L,SRP72,1.324e+7,3.158,0.002,2.641,0.000
32284,2,"  2.139","  0.374",8/12,/core/www/modules//sdig/index.php?run_id=110202&search_id=114132&scans_id=110198&peptide_id=24232&scanf=32284&charge=2&value=8/12,sp|Q15046|SYK_HUMAN,/core/www/modules//consensus/?run_id=110202&search_id=114132&scans_id=110198&peptide_id=24232&scanf=32284&charge=2&value=sp|Q15046|SYK_HUMAN,0,/core/www/modules/match_peptides/blast_html4.php?run_id=110202&search_id=114132&scans_id=110198&peptide_id=24232&scanf=32284&charge=2&value=0,R.FELFVMK.K,/core/www/modules/show_out/show_out_wrapper.php?run_id=110202&search_id=114132&scans_id=110198&peptide_id=24232&scanf=32284&charge=2&value=R.FELFVMK.K,KARS1,1.877e+7,3.030,0.004,2.452,0.000
32286,3,"  1.975","  0.169",7/48,/core/www/modules//sdig/index.php?run_id=110202&search_id=114132&scans_id=110198&peptide_id=24234&scanf=32286&charge=3&value=7/48,sp|O60264|SMCA5_HUMAN,/core/www/modules//consensus/?run_id=110202&search_id=114132&scans_id=110198&peptide_id=24234&scanf=32286&charge=3&value=sp|O60264|SMCA5_HUMAN,3,/core/www/modules/match_peptides/blast_html4.php?run_id=110202&search_id=114132&scans_id=110198&peptide_id=24234&scanf=32286&charge=3&value=3,K.QPNVQDFQFFPPR.L,/core/www/modules/show_out/show_out_wrapper.php?run_id=110202&search_id=114132&scans_id=110198&peptide_id=24234&scanf=32286&charge=3&value=K.QPNVQDFQFFPPR.L,SMARCA5,8.991e+6,2.034,0.096,1.018,0.005
32288,2,"  2.409","  0.446",11/22,/core/www/modules//sdig/index.php?run_id=110202&search_id=114132&scans_id=110198&peptide_id=24236&scanf=32288&charge=2&value=11/22,sp|Q92616|GCN1_HUMAN,/core/www/modules//consensus/?run_id=110202&search_id=114132&scans_id=110198&peptide_id=24236&scanf=32288&charge=2&value=sp|Q92616|GCN1_HUMAN,0,/core/www/modules/match_peptides/blast_html4.php?run_id=110202&search_id=114132&scans_id=110198&peptide_id=24236&scanf=32288&charge=2&value=0,R.LLTWVIGTGSPR.L,/core/www/modules/show_out/show_out_wrapper.php?run_id=110202&search_id=114132&scans_id=110198&peptide_id=24236&scanf=32288&charge=2&value=R.LLTWVIGTGSPR.L,GCN1,4.817e+6,2.875,0.006,2.223,0.000
32289,2,"  1.482","  0.130",8/16,/core/www/modules//sdig/index.php?run_id=110202&search_id=114132&scans_id=110198&peptide_id=24237&scanf=32289&charge=2&value=8/16,sp|Q7Z3J2|VP35L_HUMAN,/core/www/modules//consensus/?run_id=110202&search_id=114132&scans_id=110198&peptide_id=24237&scanf=32289&charge=2&value=sp|Q7Z3J2|VP35L_HUMAN,3,/core/www/modules/match_peptides/blast_html4.php?run_id=110202&search_id=114132&scans_id=110198&peptide_id=24237&scanf=32289&charge=2&value=3,R.SMDFIGMIK.E,/core/www/modules/show_out/show_out_wrapper.php?run_id=110202&search_id=114132&scans_id=110198&peptide_id=24237&scanf=32289&charge=2&value=R.SMDFIGMIK.E,VPS35L,2.107e+6,1.841,0.170,0.768,0.009
32295,3,"  2.731","  0.579",14/44,/core/www/modules//sdig/index.php?run_id=110202&search_id=114132&scans_id=110198&peptide_id=24243&scanf=32295&charge=3&value=14/44,sp|P49792|RBP2_HUMAN,/core/www/modules//consensus/?run_id=110202&search_id=114132&scans_id=110198&peptide_id=24243&scanf=32295&charge=3&value=sp|P49792|RBP2_HUMAN,14,/core/www/modules/match_peptides/blast_html4.php?run_id=110202&search_id=114132&scans_id=110198&peptide_id=24243&scanf=32295&charge=3&value=14,R.LLLDIPLQTPHK.L,/core/www/modules/show_out/show_out_wrapper.php?run_id=110202&search_id=114132&scans_id=110198&peptide_id=24243&scanf=32295&charge=3&value=R.LLLDIPLQTPHK.L,RANBP2,1.903e+7,3.579,0.001,3.265,0.000
32299,2,"  2.765","  0.468",10/20,/core/www/modules//sdig/index.php?run_id=110202&search_id=114132&scans_id=110198&peptide_id=24246&scanf=32299&charge=2&value=10/20,sp|O00139|KIF2A_HUMAN,/core/www/modules//consensus/?run_id=110202&search_id=114132&scans_id=110198&peptide_id=24246&scanf=32299&charge=2&value=sp|O00139|KIF2A_HUMAN,5,/core/www/modules/match_peptides/blast_html4.php?run_id=110202&search_id=114132&scans_id=110198&peptide_id=24246&scanf=32299&charge=2&value=5,K.FSLIDLAGNER.G,/core/www/modules/show_out/show_out_wrapper.php?run_id=110202&search_id=114132&scans_id=110198&peptide_id=24246&scanf=32299&charge=2&value=K.FSLIDLAGNER.G,KIF2A,1.044e+7,2.914,0.005,2.281,0.000
32301,3,"  3.932","  0.587",14/52,/core/www/modules//sdig/index.php?run_id=110202&search_id=114132&scans_id=110198&peptide_id=24249&scanf=32301&charge=3&value=14/52,sp|Q16630|CPSF6_HUMAN,/core/www/modules//consensus/?run_id=110202&search_id=114132&scans_id=110198&peptide_id=24249&scanf=32301&charge=3&value=sp|Q16630|CPSF6_HUMAN,1,/core/www/modules/match_peptides/blast_html4.php?run_id=110202&search_id=114132&scans_id=110198&peptide_id=24249&scanf=32301&charge=3&value=1,R.TPLSEAEFEEIMNR.N,/core/www/modules/show_out/show_out_wrapper.php?run_id=110202&search_id=114132&scans_id=110198&peptide_id=24249&scanf=32301&charge=3&value=R.TPLSEAEFEEIMNR.N,CPSF6,6.624e+6,3.415,0.001,3.022,0.000
32302,3,"  3.545","  0.547",15/48,/core/www/modules//sdig/index.php?run_id=110202&search_id=114132&scans_id=110198&peptide_id=24250&scanf=32302&charge=3&value=15/48,sp|Q13765|NACA_HUMAN,/core/www/modules//consensus/?run_id=110202&search_id=114132&scans_id=110198&peptide_id=24250&scanf=32302&charge=3&value=sp|Q13765|NACA_HUMAN,9,/core/www/modules/match_peptides/blast_html4.php?run_id=110202&search_id=114132&scans_id=110198&peptide_id=24250&scanf=32302&charge=3&value=9,K.NILFVITKPDVYK.S,/core/www/modules/show_out/show_out_wrapper.php?run_id=110202&search_id=114132&scans_id=110198&peptide_id=24250&scanf=32302&charge=3&value=K.NILFVITKPDVYK.S,NACA,6.390e+6,3.358,0.001,2.938,0.000
32304,3,"  3.065","  0.506",15/88,/core/www/modules//sdig/index.php?run_id=110202&search_id=114132&scans_id=110198&peptide_id=24252&scanf=32304&charge=3&value=15/88,sp|Q86U86|PB1_HUMAN,/core/www/modules//consensus/?run_id=110202&search_id=114132&scans_id=110198&peptide_id=24252&scanf=32304&charge=3&value=sp|Q86U86|PB1_HUMAN,1,/core/www/modules/match_peptides/blast_html4.php?run_id=110202&search_id=114132&scans_id=110198&peptide_id=24252&scanf=32304&charge=3&value=1,R.DGAAYFYGPIFIHPEETEHEPTK.M,/core/www/modules/show_out/show_out_wrapper.php?run_id=110202&search_id=114132&scans_id=110198&peptide_id=24252&scanf=32304&charge=3&value=R.DGAAYFYGPIFIHPEETEHEPTK.M,PBRM1,2.762e+6,2.729,0.010,2.009,0.000
32306,2,"  3.126","  0.501",11/20,/core/www/modules//sdig/index.php?run_id=110202&search_id=114132&scans_id=110198&peptide_id=24254&scanf=32306&charge=2&value=11/20,sp|P62714|PP2AB_HUMAN,/core/www/modules//consensus/?run_id=110202&search_id=114132&scans_id=110198&peptide_id=24254&scanf=32306&charge=2&value=sp|P62714|PP2AB_HUMAN,6,/core/www/modules/match_peptides/blast_html4.php?run_id=110202&search_id=114132&scans_id=110198&peptide_id=24254&scanf=32306&charge=2&value=6,K.YSFLQFDPAPR.R,/core/www/modules/show_out/show_out_wrapper.php?run_id=110202&search_id=114132&scans_id=110198&peptide_id=24254&scanf=32306&charge=2&value=K.YSFLQFDPAPR.R,PPP2CB,3.163e+6,3.171,0.002,2.661,0.000
32308,2,"  3.389","  0.695",14/22,/core/www/modules//sdig/index.php?run_id=110202&search_id=114132&scans_id=110198&peptide_id=24256&scanf=32308&charge=2&value=14/22,sp|P50914|RL14_HUMAN,/core/www/modules//consensus/?run_id=110202&search_id=114132&scans_id=110198&peptide_id=24256&scanf=32308&charge=2&value=sp|P50914|RL14_HUMAN,1,/core/www/modules/match_peptides/blast_html4.php?run_id=110202&search_id=114132&scans_id=110198&peptide_id=24256&scanf=32308&charge=2&value=1,K.LVAIVDVIDQNR.A,/core/www/modules/show_out/show_out_wrapper.php?run_id=110202&search_id=114132&scans_id=110198&peptide_id=24256&scanf=32308&charge=2&value=K.LVAIVDVIDQNR.A,RPL14,2.301e+8,3.922,0.000,3.774,0.000
32310,2,"  5.333","  0.735",18/32,/core/www/modules//sdig/index.php?run_id=110202&search_id=114132&scans_id=110198&peptide_id=24259&scanf=32310&charge=2&value=18/32,sp|Q6P2Q9|PRP8_HUMAN,/core/www/modules//consensus/?run_id=110202&search_id=114132&scans_id=110198&peptide_id=24259&scanf=32310&charge=2&value=sp|Q6P2Q9|PRP8_HUMAN,1,/core/www/modules/match_peptides/blast_html4.php?run_id=110202&search_id=114132&scans_id=110198&peptide_id=24259&scanf=32310&charge=2&value=1,R.DINLQDEDWNEFNDINK.I,/core/www/modules/show_out/show_out_wrapper.php?run_id=110202&search_id=114132&scans_id=110198&peptide_id=24259&scanf=32310&charge=2&value=R.DINLQDEDWNEFNDINK.I,PRPF8,5.781e+6,4.179,0.000,4.156,0.000
32312,2,"  2.353","  0.322",8/24,/core/www/modules//sdig/index.php?run_id=110202&search_id=114132&scans_id=110198&peptide_id=24261&scanf=32312&charge=2&value=8/24,sp|P25208|NFYB_HUMAN,/core/www/modules//consensus/?run_id=110202&search_id=114132&scans_id=110198&peptide_id=24261&scanf=32312&charge=2&value=sp|P25208|NFYB_HUMAN,1,/core/www/modules/match_peptides/blast_html4.php?run_id=110202&search_id=114132&scans_id=110198&peptide_id=24261&scanf=32312&charge=2&value=1,R.EQDIYLPIANVAR.I,/core/www/modules/show_out/show_out_wrapper.php?run_id=110202&search_id=114132&scans_id=110198&peptide_id=24261&scanf=32312&charge=2&value=R.EQDIYLPIANVAR.I,NFYB,2.768e+6,2.074,0.085,1.071,0.003
32314,4,"  3.034","  0.448",20/96,/core/www/modules//sdig/index.php?run_id=110202&search_id=114132&scans_id=110198&peptide_id=24263&scanf=32314&charge=4&value=20/96,sp|Q14566|MCM6_HUMAN,/core/www/modules//consensus/?run_id=110202&search_id=114132&scans_id=110198&peptide_id=24263&scanf=32314&charge=4&value=sp|Q14566|MCM6_HUMAN,0,/core/www/modules/match_peptides/blast_html4.php?run_id=110202&search_id=114132&scans_id=110198&peptide_id=24263&scanf=32314&charge=4&value=0,R.LTHYDHVLIELTQAGLK.G,/core/www/modules/show_out/show_out_wrapper.php?run_id=110202&search_id=114132&scans_id=110198&peptide_id=24263&scanf=32314&charge=4&value=R.LTHYDHVLIELTQAGLK.G,MCM6,2.270e+6,3.255,0.002,2.785,0.000
32316,3,"  3.265","  0.279",10/56,/core/www/modules//sdig/index.php?run_id=110202&search_id=114132&scans_id=110198&peptide_id=24265&scanf=32316&charge=3&value=10/56,sp|P21333|FLNA_HUMAN,/core/www/modules//consensus/?run_id=110202&search_id=114132&scans_id=110198&peptide_id=24265&scanf=32316&charge=3&value=sp|P21333|FLNA_HUMAN,5,/core/www/modules/match_peptides/blast_html4.php?run_id=110202&search_id=114132&scans_id=110198&peptide_id=24265&scanf=32316&charge=3&value=5,R.TFSVWYVPEVTGTHK.V,/core/www/modules/show_out/show_out_wrapper.php?run_id=110202&search_id=114132&scans_id=110198&peptide_id=24265&scanf=32316&charge=3&value=R.TFSVWYVPEVTGTHK.V,FLNA,1.128e+7,2.399,0.030,1.528,0.001
32319,2,"  2.578","  0.411",10/18,/core/www/modules//sdig/index.php?run_id=110202&search_id=114132&scans_id=110198&peptide_id=24267&scanf=32319&charge=2&value=10/18,sp|O43707|ACTN4_HUMAN,/core/www/modules//consensus/?run_id=110202&search_id=114132&scans_id=110198&peptide_id=24267&scanf=32319&charge=2&value=sp|O43707|ACTN4_HUMAN,23,/core/www/modules/match_peptides/blast_html4.php?run_id=110202&search_id=114132&scans_id=110198&peptide_id=24267&scanf=32319&charge=2&value=23,R.DLLLDPAWEK.Q,/core/www/modules/show_out/show_out_wrapper.php?run_id=110202&search_id=114132&scans_id=110198&peptide_id=24267&scanf=32319&charge=2&value=R.DLLLDPAWEK.Q,ACTN4,2.847e+7,3.267,0.002,2.803,0.000
32320,3,"  5.131","  0.591",20/80,/core/www/modules//sdig/index.php?run_id=110202&search_id=114132&scans_id=110198&peptide_id=24269&scanf=32320&charge=3&value=20/80,sp|P61158|ARP3_HUMAN,/core/www/modules//consensus/?run_id=110202&search_id=114132&scans_id=110198&peptide_id=24269&scanf=32320&charge=3&value=sp|P61158|ARP3_HUMAN,2,/core/www/modules/match_peptides/blast_html4.php?run_id=110202&search_id=114132&scans_id=110198&peptide_id=24269&scanf=32320&charge=3&value=2,R.AEPEDHYFLLTEPPLNTPENR.E,/core/www/modules/show_out/show_out_wrapper.php?run_id=110202&search_id=114132&scans_id=110198&peptide_id=24269&scanf=32320&charge=3&value=R.AEPEDHYFLLTEPPLNTPENR.E,ACTR3,5.661e+6,3.118,0.003,2.583,0.000
32321,3,"  2.838","  0.302",13/48,/core/www/modules//sdig/index.php?run_id=110202&search_id=114132&scans_id=110198&peptide_id=24270&scanf=32321&charge=3&value=13/48,sp|P42704|LPPRC_HUMAN,/core/www/modules//consensus/?run_id=110202&search_id=114132&scans_id=110198&peptide_id=24270&scanf=32321&charge=3&value=sp|P42704|LPPRC_HUMAN,19,/core/www/modules/match_peptides/blast_html4.php?run_id=110202&search_id=114132&scans_id=110198&peptide_id=24270&scanf=32321&charge=3&value=19,R.NLLESYHVPELIK.D,/core/www/modules/show_out/show_out_wrapper.php?run_id=110202&search_id=114132&scans_id=110198&peptide_id=24270&scanf=32321&charge=3&value=R.NLLESYHVPELIK.D,LRPPRC,2.101e+7,2.569,0.017,1.774,0.000
32324,2,"  2.822","  0.431",10/22,/core/www/modules//sdig/index.php?run_id=110202&search_id=114132&scans_id=110198&peptide_id=24273&scanf=32324&charge=2&value=10/22,sp|Q99714|HCD2_HUMAN,/core/www/modules//consensus/?run_id=110202&search_id=114132&scans_id=110198&peptide_id=24273&scanf=32324&charge=2&value=sp|Q99714|HCD2_HUMAN,1,/core/www/modules/match_peptides/blast_html4.php?run_id=110202&search_id=114132&scans_id=110198&peptide_id=24273&scanf=32324&charge=2&value=1,K.GGIVGMTLPIAR.D,/core/www/modules/show_out/show_out_wrapper.php?run_id=110202&search_id=114132&scans_id=110198&peptide_id=24273&scanf=32324&charge=2&value=K.GGIVGMTLPIAR.D,HSD17B10,2.292e+7,2.757,0.009,2.050,0.000
32326,3,"  5.568","  0.678",20/76,/core/www/modules//sdig/index.php?run_id=110202&search_id=114132&scans_id=110198&peptide_id=24275&scanf=32326&charge=3&value=20/76,sp|Q9NP66|HM20A_HUMAN,/core/www/modules//consensus/?run_id=110202&search_id=114132&scans_id=110198&peptide_id=24275&scanf=32326&charge=3&value=sp|Q9NP66|HM20A_HUMAN,1,/core/www/modules/match_peptides/blast_html4.php?run_id=110202&search_id=114132&scans_id=110198&peptide_id=24275&scanf=32326&charge=3&value=1,R.LHSIILANPQDNENFIATVR.E,/core/www/modules/show_out/show_out_wrapper.php?run_id=110202&search_id=114132&scans_id=110198&peptide_id=24275&scanf=32326&charge=3&value=R.LHSIILANPQDNENFIATVR.E,HMG20A,3.894e+6,3.540,0.001,3.207,0.000
32327,3,"  4.183","  0.575",17/68,/core/www/modules//sdig/index.php?run_id=110202&search_id=114132&scans_id=110198&peptide_id=24276&scanf=32327&charge=3&value=17/68,sp|Q9BW27|NUP85_HUMAN,/core/www/modules//consensus/?run_id=110202&search_id=114132&scans_id=110198&peptide_id=24276&scanf=32327&charge=3&value=sp|Q9BW27|NUP85_HUMAN,5,/core/www/modules/match_peptides/blast_html4.php?run_id=110202&search_id=114132&scans_id=110198&peptide_id=24276&scanf=32327&charge=3&value=5,R.YLQDSTFATSPHLESLLK.I,/core/www/modules/show_out/show_out_wrapper.php?run_id=110202&search_id=114132&scans_id=110198&peptide_id=24276&scanf=32327&charge=3&value=R.YLQDSTFATSPHLESLLK.I,NUP85,2.643e+6,3.218,0.002,2.731,0.000
32328,2,"  5.261","  0.704",20/32,/core/www/modules//sdig/index.php?run_id=110202&search_id=114132&scans_id=110198&peptide_id=24277&scanf=32328&charge=2&value=20/32,sp|P31943|HNRH1_HUMAN,/core/www/modules//consensus/?run_id=110202&search_id=114132&scans_id=110198&peptide_id=24277&scanf=32328&charge=2&value=sp|P31943|HNRH1_HUMAN,9,/core/www/modules/match_peptides/blast_html4.php?run_id=110202&search_id=114132&scans_id=110198&peptide_id=24277&scanf=32328&charge=2&value=9,R.STGEAFVQFASQEIAEK.A,/core/www/modules/show_out/show_out_wrapper.php?run_id=110202&search_id=114132&scans_id=110198&peptide_id=24277&scanf=32328&charge=2&value=R.STGEAFVQFASQEIAEK.A,HNRNPH1,1.141e+8,3.958,0.000,3.828,0.000
32329,2,"  3.219","  0.527",13/26,/core/www/modules//sdig/index.php?run_id=110202&search_id=114132&scans_id=110198&peptide_id=24278&scanf=32329&charge=2&value=13/26,sp|Q7Z6Z7|HUWE1_HUMAN,/core/www/modules//consensus/?run_id=110202&search_id=114132&scans_id=110198&peptide_id=24278&scanf=32329&charge=2&value=sp|Q7Z6Z7|HUWE1_HUMAN,0,/core/www/modules/match_peptides/blast_html4.php?run_id=110202&search_id=114132&scans_id=110198&peptide_id=24278&scanf=32329&charge=2&value=0,K.ISESPSEIMESLTK.M,/core/www/modules/show_out/show_out_wrapper.php?run_id=110202&search_id=114132&scans_id=110198&peptide_id=24278&scanf=32329&charge=2&value=K.ISESPSEIMESLTK.M,HUWE1,3.230e+6,3.096,0.003,2.550,0.000
32331,2,"  4.881","  0.815",28/36,/core/www/modules//sdig/index.php?run_id=110202&search_id=114132&scans_id=110198&peptide_id=24281&scanf=32331&charge=2&value=28/36,sp|P06748|NPM_HUMAN,/core/www/modules//consensus/?run_id=110202&search_id=114132&scans_id=110198&peptide_id=24281&scanf=32331&charge=2&value=sp|P06748|NPM_HUMAN,8,/core/www/modules/match_peptides/blast_html4.php?run_id=110202&search_id=114132&scans_id=110198&peptide_id=24281&scanf=32331&charge=2&value=8,K.DELHIVEAEAMNYEGSPIK.V,/core/www/modules/show_out/show_out_wrapper.php?run_id=110202&search_id=114132&scans_id=110198&peptide_id=24281&scanf=32331&charge=2&value=K.DELHIVEAEAMNYEGSPIK.V,NPM1,1.095e+7,4.428,0.000,4.523,0.000
32335,2,"  2.777","  0.435",11/18,/core/www/modules//sdig/index.php?run_id=110202&search_id=114132&scans_id=110198&peptide_id=24285&scanf=32335&charge=2&value=11/18,sp|O43148|MCES_HUMAN,/core/www/modules//consensus/?run_id=110202&search_id=114132&scans_id=110198&peptide_id=24285&scanf=32335&charge=2&value=sp|O43148|MCES_HUMAN,1,/core/www/modules/match_peptides/blast_html4.php?run_id=110202&search_id=114132&scans_id=110198&peptide_id=24285&scanf=32335&charge=2&value=1,K.SVLIGEFLEK.V,/core/www/modules/show_out/show_out_wrapper.php?run_id=110202&search_id=114132&scans_id=110198&peptide_id=24285&scanf=32335&charge=2&value=K.SVLIGEFLEK.V,RNMT,2.303e+7,3.060,0.003,2.497,0.000
32340,2,"  2.867","  0.499",12/18,/core/www/modules//sdig/index.php?run_id=110202&search_id=114132&scans_id=110198&peptide_id=24290&scanf=32340&charge=2&value=12/18,sp|P61204|ARF3_HUMAN,/core/www/modules//consensus/?run_id=110202&search_id=114132&scans_id=110198&peptide_id=24290&scanf=32340&charge=2&value=sp|P61204|ARF3_HUMAN,8,/core/www/modules/match_peptides/blast_html4.php?run_id=110202&search_id=114132&scans_id=110198&peptide_id=24290&scanf=32340&charge=2&value=8,R.DAVLLVFANK.Q,/core/www/modules/show_out/show_out_wrapper.php?run_id=110202&search_id=114132&scans_id=110198&peptide_id=24290&scanf=32340&charge=2&value=R.DAVLLVFANK.Q,ARF3,4.481e+7,3.364,0.001,2.947,0.000
32341,2,"  2.445","  0.536",12/16,/core/www/modules//sdig/index.php?run_id=110202&search_id=114132&scans_id=110198&peptide_id=24291&scanf=32341&charge=2&value=12/16,sp|P30041|PRDX6_HUMAN,/core/www/modules//consensus/?run_id=110202&search_id=114132&scans_id=110198&peptide_id=24291&scanf=32341&charge=2&value=sp|P30041|PRDX6_HUMAN,0,/core/www/modules/match_peptides/blast_html4.php?run_id=110202&search_id=114132&scans_id=110198&peptide_id=24291&scanf=32341&charge=2&value=0,K.LPFPIIDDR.N,/core/www/modules/show_out/show_out_wrapper.php?run_id=110202&search_id=114132&scans_id=110198&peptide_id=24291&scanf=32341&charge=2&value=K.LPFPIIDDR.N,PRDX6,2.654e+7,3.607,0.000,3.307,0.000
32342,3,"  2.768","  0.490",15/60,/core/www/modules//sdig/index.php?run_id=110202&search_id=114132&scans_id=110198&peptide_id=24292&scanf=32342&charge=3&value=15/60,sp|P06493|CDK1_HUMAN,/core/www/modules//consensus/?run_id=110202&search_id=114132&scans_id=110198&peptide_id=24292&scanf=32342&charge=3&value=sp|P06493|CDK1_HUMAN,2,/core/www/modules/match_peptides/blast_html4.php?run_id=110202&search_id=114132&scans_id=110198&peptide_id=24292&scanf=32342&charge=3&value=2,R.HPNIVSLQDVLMQDSR.L,/core/www/modules/show_out/show_out_wrapper.php?run_id=110202&search_id=114132&scans_id=110198&peptide_id=24292&scanf=32342&charge=3&value=R.HPNIVSLQDVLMQDSR.L,CDK1,1.080e+7,2.769,0.009,2.067,0.000
32343,3,"  3.981","  0.454",19/52,/core/www/modules//sdig/index.php?run_id=110202&search_id=114132&scans_id=110198&peptide_id=24293&scanf=32343&charge=3&value=19/52,sp|Q9NU22|MDN1_HUMAN,/core/www/modules//consensus/?run_id=110202&search_id=114132&scans_id=110198&peptide_id=24293&scanf=32343&charge=3&value=sp|Q9NU22|MDN1_HUMAN,0,/core/www/modules/match_peptides/blast_html4.php?run_id=110202&search_id=114132&scans_id=110198&peptide_id=24293&scanf=32343&charge=3&value=0,R.KQEEIDVIQEVLEK.H,/core/www/modules/show_out/show_out_wrapper.php?run_id=110202&search_id=114132&scans_id=110198&peptide_id=24293&scanf=32343&charge=3&value=R.KQEEIDVIQEVLEK.H,MDN1,1.066e+7,3.109,0.003,2.569,0.000
32346,2,"  3.392","  0.492",14/22,/core/www/modules//sdig/index.php?run_id=110202&search_id=114132&scans_id=110198&peptide_id=24296&scanf=32346&charge=2&value=14/22,sp|P50570|DYN2_HUMAN,/core/www/modules//consensus/?run_id=110202&search_id=114132&scans_id=110198&peptide_id=24296&scanf=32346&charge=2&value=sp|P50570|DYN2_HUMAN,0,/core/www/modules/match_peptides/blast_html4.php?run_id=110202&search_id=114132&scans_id=110198&peptide_id=24296&scanf=32346&charge=2&value=0,R.NLVDSYVAIINK.S,/core/www/modules/show_out/show_out_wrapper.php?run_id=110202&search_id=114132&scans_id=110198&peptide_id=24296&scanf=32346&charge=2&value=R.NLVDSYVAIINK.S,DNM2,6.463e+6,3.223,0.002,2.738,0.000
32347,3,"  5.247","  0.599",13/80,/core/www/modules//sdig/index.php?run_id=110202&search_id=114132&scans_id=110198&peptide_id=24297&scanf=32347&charge=3&value=13/80,sp|P60709|ACTB_HUMAN,/core/www/modules//consensus/?run_id=110202&search_id=114132&scans_id=110198&peptide_id=24297&scanf=32347&charge=3&value=sp|P60709|ACTB_HUMAN,6,/core/www/modules/match_peptides/blast_html4.php?run_id=110202&search_id=114132&scans_id=110198&peptide_id=24297&scanf=32347&charge=3&value=6,K.DLYANTVLSGGTTM*YPGIADR.M,/core/www/modules/show_out/show_out_wrapper.php?run_id=110202&search_id=114132&scans_id=110198&peptide_id=24297&scanf=32347&charge=3&value=K.DLYANTVLSGGTTM*YPGIADR.M,ACTB,4.326e+7,3.653,0.000,3.375,0.000
32348,2,"  2.615","  0.382",11/20,/core/www/modules//sdig/index.php?run_id=110202&search_id=114132&scans_id=110198&peptide_id=24298&scanf=32348&charge=2&value=11/20,sp|P51610|HCFC1_HUMAN,/core/www/modules//consensus/?run_id=110202&search_id=114132&scans_id=110198&peptide_id=24298&scanf=32348&charge=2&value=sp|P51610|HCFC1_HUMAN,2,/core/www/modules/match_peptides/blast_html4.php?run_id=110202&search_id=114132&scans_id=110198&peptide_id=24298&scanf=32348&charge=2&value=2,K.ENQWFDVGVIK.G,/core/www/modules/show_out/show_out_wrapper.php?run_id=110202&search_id=114132&scans_id=110198&peptide_id=24298&scanf=32348&charge=2&value=K.ENQWFDVGVIK.G,HCFC1,1.034e+7,2.787,0.008,2.094,0.000
32349,4,"  4.670","  0.451",15/186,/core/www/modules//sdig/index.php?run_id=110202&search_id=114132&scans_id=110198&peptide_id=24299&scanf=32349&charge=4&value=15/186,sp|Q9UBT2|SAE2_HUMAN,/core/www/modules//consensus/?run_id=110202&search_id=114132&scans_id=110198&peptide_id=24299&scanf=32349&charge=4&value=sp|Q9UBT2|SAE2_HUMAN,1,/core/www/modules/match_peptides/blast_html4.php?run_id=110202&search_id=114132&scans_id=110198&peptide_id=24299&scanf=32349&charge=4&value=1,R.KPPVPLDWAEVQSQGEETNASDQQNEPQLGLK.D,/core/www/modules/show_out/show_out_wrapper.php?run_id=110202&search_id=114132&scans_id=110198&peptide_id=24299&scanf=32349&charge=4&value=R.KPPVPLDWAEVQSQGEETNASDQQNEPQLGLK.D,UBA2,1.691e+6,2.604,0.015,1.825,0.000
32350,3,"  2.825","  0.090",11/68,/core/www/modules//sdig/index.php?run_id=110202&search_id=114132&scans_id=110198&peptide_id=24301&scanf=32350&charge=3&value=11/68,sp|P60709|ACTB_HUMAN,/core/www/modules//consensus/?run_id=110202&search_id=114132&scans_id=110198&peptide_id=24301&scanf=32350&charge=3&value=sp|P60709|ACTB_HUMAN,14,/core/www/modules/match_peptides/blast_html4.php?run_id=110202&search_id=114132&scans_id=110198&peptide_id=24301&scanf=32350&charge=3&value=14,R.VAPEEHPVLLTEAPLNPK.A,/core/www/modules/show_out/show_out_wrapper.php?run_id=110202&search_id=114132&scans_id=110198&peptide_id=24301&scanf=32350&charge=3&value=R.VAPEEHPVLLTEAPLNPK.A,ACTB,2.905e+6,1.969,0.117,0.932,0.005
32352,3,"  2.806","  0.543",10/52,/core/www/modules//sdig/index.php?run_id=110202&search_id=114132&scans_id=110198&peptide_id=24303&scanf=32352&charge=3&value=10/52,sp|O95071|UBR5_HUMAN,/core/www/modules//consensus/?run_id=110202&search_id=114132&scans_id=110198&peptide_id=24303&scanf=32352&charge=3&value=sp|O95071|UBR5_HUMAN,1,/core/www/modules/match_peptides/blast_html4.php?run_id=110202&search_id=114132&scans_id=110198&peptide_id=24303&scanf=32352&charge=3&value=1,R.AYPAAITILETAQK.I,/core/www/modules/show_out/show_out_wrapper.php?run_id=110202&search_id=114132&scans_id=110198&peptide_id=24303&scanf=32352&charge=3&value=R.AYPAAITILETAQK.I,UBR5,2.399e+6,3.146,0.002,2.624,0.000
32353,2,"  5.072","  0.662",22/34,/core/www/modules//sdig/index.php?run_id=110202&search_id=114132&scans_id=110198&peptide_id=24304&scanf=32353&charge=2&value=22/34,sp|P49411|EFTU_HUMAN,/core/www/modules//consensus/?run_id=110202&search_id=114132&scans_id=110198&peptide_id=24304&scanf=32353&charge=2&value=sp|P49411|EFTU_HUMAN,0,/core/www/modules/match_peptides/blast_html4.php?run_id=110202&search_id=114132&scans_id=110198&peptide_id=24304&scanf=32353&charge=2&value=0,R.TIGTGLVTNTLAMTEEEK.N,/core/www/modules/show_out/show_out_wrapper.php?run_id=110202&search_id=114132&scans_id=110198&peptide_id=24304&scanf=32353&charge=2&value=R.TIGTGLVTNTLAMTEEEK.N,TUFM,2.204e+7,3.757,0.000,3.529,0.000
32354,2,"  4.545","  0.736",18/34,/core/www/modules//sdig/index.php?run_id=110202&search_id=114132&scans_id=110198&peptide_id=24305&scanf=32354&charge=2&value=18/34,sp|Q86VM9|ZCH18_HUMAN,/core/www/modules//consensus/?run_id=110202&search_id=114132&scans_id=110198&peptide_id=24305&scanf=32354&charge=2&value=sp|Q86VM9|ZCH18_HUMAN,1,/core/www/modules/match_peptides/blast_html4.php?run_id=110202&search_id=114132&scans_id=110198&peptide_id=24305&scanf=32354&charge=2&value=1,R.DTVLEPYADPYYDYEIER.F,/core/www/modules/show_out/show_out_wrapper.php?run_id=110202&search_id=114132&scans_id=110198&peptide_id=24305&scanf=32354&charge=2&value=R.DTVLEPYADPYYDYEIER.F,ZC3H18,5.128e+6,3.816,0.000,3.617,0.000
32355,3,"  5.692","  0.698",20/68,/core/www/modules//sdig/index.php?run_id=110202&search_id=114132&scans_id=110198&peptide_id=24306&scanf=32355&charge=3&value=20/68,sp|P24928|RPB1_HUMAN,/core/www/modules//consensus/?run_id=110202&search_id=114132&scans_id=110198&peptide_id=24306&scanf=32355&charge=3&value=sp|P24928|RPB1_HUMAN,1,/core/www/modules/match_peptides/blast_html4.php?run_id=110202&search_id=114132&scans_id=110198&peptide_id=24306&scanf=32355&charge=3&value=1,R.TVITPDPNLSIDQVGVPR.S,/core/www/modules/show_out/show_out_wrapper.php?run_id=110202&search_id=114132&scans_id=110198&peptide_id=24306&scanf=32355&charge=3&value=R.TVITPDPNLSIDQVGVPR.S,POLR2A,5.858e+6,3.796,0.000,3.588,0.000
32358,3,"  2.834","  0.456",8/52,/core/www/modules//sdig/index.php?run_id=110202&search_id=114132&scans_id=110198&peptide_id=24309&scanf=32358&charge=3&value=8/52,sp|Q9BZJ0|CRNL1_HUMAN,/core/www/modules//consensus/?run_id=110202&search_id=114132&scans_id=110198&peptide_id=24309&scanf=32358&charge=3&value=sp|Q9BZJ0|CRNL1_HUMAN,1,/core/www/modules/match_peptides/blast_html4.php?run_id=110202&search_id=114132&scans_id=110198&peptide_id=24309&scanf=32358&charge=3&value=1,K.ANPHNYDAWFDYLR.L,/core/www/modules/show_out/show_out_wrapper.php?run_id=110202&search_id=114132&scans_id=110198&peptide_id=24309&scanf=32358&charge=3&value=K.ANPHNYDAWFDYLR.L,CRNKL1,2.320e+6,2.793,0.008,2.103,0.000
32362,3,"  6.365","  0.739",23/80,/core/www/modules//sdig/index.php?run_id=110202&search_id=114132&scans_id=110198&peptide_id=24313&scanf=32362&charge=3&value=23/80,sp|Q8TDD1|DDX54_HUMAN,/core/www/modules//consensus/?run_id=110202&search_id=114132&scans_id=110198&peptide_id=24313&scanf=32362&charge=3&value=sp|Q8TDD1|DDX54_HUMAN,1,/core/www/modules/match_peptides/blast_html4.php?run_id=110202&search_id=114132&scans_id=110198&peptide_id=24313&scanf=32362&charge=3&value=1,R.MEDQFAALHENPDIIIATPGR.L,/core/www/modules/show_out/show_out_wrapper.php?run_id=110202&search_id=114132&scans_id=110198&peptide_id=24313&scanf=32362&charge=3&value=R.MEDQFAALHENPDIIIATPGR.L,DDX54,2.447e+7,3.796,0.000,3.587,0.000
32363,3,"  4.932","  0.607",20/60,/core/www/modules//sdig/index.php?run_id=110202&search_id=114132&scans_id=110198&peptide_id=24314&scanf=32363&charge=3&value=20/60,sp|Q08211|DHX9_HUMAN,/core/www/modules//consensus/?run_id=110202&search_id=114132&scans_id=110198&peptide_id=24314&scanf=32363&charge=3&value=sp|Q08211|DHX9_HUMAN,0,/core/www/modules/match_peptides/blast_html4.php?run_id=110202&search_id=114132&scans_id=110198&peptide_id=24314&scanf=32363&charge=3&value=0,K.KVQSDGQIVLVDDWIK.L,/core/www/modules/show_out/show_out_wrapper.php?run_id=110202&search_id=114132&scans_id=110198&peptide_id=24314&scanf=32363&charge=3&value=K.KVQSDGQIVLVDDWIK.L,DHX9,3.171e+7,3.633,0.000,3.345,0.000
32364,2,"  3.043","  0.474",11/28,/core/www/modules//sdig/index.php?run_id=110202&search_id=114132&scans_id=110198&peptide_id=24315&scanf=32364&charge=2&value=11/28,sp|Q14498|RBM39_HUMAN,/core/www/modules//consensus/?run_id=110202&search_id=114132&scans_id=110198&peptide_id=24315&scanf=32364&charge=2&value=sp|Q14498|RBM39_HUMAN,4,/core/www/modules/match_peptides/blast_html4.php?run_id=110202&search_id=114132&scans_id=110198&peptide_id=24315&scanf=32364&charge=2&value=4,R.VLGVPIIVQASQAEK.N,/core/www/modules/show_out/show_out_wrapper.php?run_id=110202&search_id=114132&scans_id=110198&peptide_id=24315&scanf=32364&charge=2&value=R.VLGVPIIVQASQAEK.N,RBM39,5.420e+7,2.765,0.009,2.061,0.000
32368,2,"  3.583","  0.261",12/20,/core/www/modules//sdig/index.php?run_id=110202&search_id=114132&scans_id=110198&peptide_id=24319&scanf=32368&charge=2&value=12/20,sp|P42704|LPPRC_HUMAN,/core/www/modules//consensus/?run_id=110202&search_id=114132&scans_id=110198&peptide_id=24319&scanf=32368&charge=2&value=sp|P42704|LPPRC_HUMAN,19,/core/www/modules/match_peptides/blast_html4.php?run_id=110202&search_id=114132&scans_id=110198&peptide_id=24319&scanf=32368&charge=2&value=19,K.ISNQFDWALMR.L,/core/www/modules/show_out/show_out_wrapper.php?run_id=110202&search_id=114132&scans_id=110198&peptide_id=24319&scanf=32368&charge=2&value=K.ISNQFDWALMR.L,LRPPRC,5.583e+6,2.464,0.024,1.622,0.001
32369,2,"  1.048","  0.099",8/12,/core/www/modules//sdig/index.php?run_id=110202&search_id=114132&scans_id=110198&peptide_id=24320&scanf=32369&charge=2&value=8/12,sp|Q13315|ATM_HUMAN,/core/www/modules//consensus/?run_id=110202&search_id=114132&scans_id=110198&peptide_id=24320&scanf=32369&charge=2&value=sp|Q13315|ATM_HUMAN,3,/core/www/modules/match_peptides/blast_html4.php?run_id=110202&search_id=114132&scans_id=110198&peptide_id=24320&scanf=32369&charge=2&value=3,K.FLDFFSK.A,/core/www/modules/show_out/show_out_wrapper.php?run_id=110202&search_id=114132&scans_id=110198&peptide_id=24320&scanf=32369&charge=2&value=K.FLDFFSK.A,ATM,2.914e+6,2.132,0.071,1.152,0.002
32371,2,"  3.989","  0.481",11/24,/core/www/modules//sdig/index.php?run_id=110202&search_id=114132&scans_id=110198&peptide_id=24323&scanf=32371&charge=2&value=11/24,sp|Q96T23|RSF1_HUMAN,/core/www/modules//consensus/?run_id=110202&search_id=114132&scans_id=110198&peptide_id=24323&scanf=32371&charge=2&value=sp|Q96T23|RSF1_HUMAN,2,/core/www/modules/match_peptides/blast_html4.php?run_id=110202&search_id=114132&scans_id=110198&peptide_id=24323&scanf=32371&charge=2&value=2,R.NRNELAETLALLK.A,/core/www/modules/show_out/show_out_wrapper.php?run_id=110202&search_id=114132&scans_id=110198&peptide_id=24323&scanf=32371&charge=2&value=R.NRNELAETLALLK.A,RSF1,3.246e+6,2.738,0.009,2.023,0.000
32373,2,"  2.212","  0.403",8/16,/core/www/modules//sdig/index.php?run_id=110202&search_id=114132&scans_id=110198&peptide_id=24325&scanf=32373&charge=2&value=8/16,sp|P78344|IF4G2_HUMAN,/core/www/modules//consensus/?run_id=110202&search_id=114132&scans_id=110198&peptide_id=24325&scanf=32373&charge=2&value=sp|P78344|IF4G2_HUMAN,4,/core/www/modules/match_peptides/blast_html4.php?run_id=110202&search_id=114132&scans_id=110198&peptide_id=24325&scanf=32373&charge=2&value=4,K.LEVDIPLVK.S,/core/www/modules/show_out/show_out_wrapper.php?run_id=110202&search_id=114132&scans_id=110198&peptide_id=24325&scanf=32373&charge=2&value=K.LEVDIPLVK.S,EIF4G2,6.240e+6,2.744,0.009,2.030,0.000
32375,3,"  4.735","  0.454",17/72,/core/www/modules//sdig/index.php?run_id=110202&search_id=114132&scans_id=110198&peptide_id=24327&scanf=32375&charge=3&value=17/72,sp|Q9HAZ1|CLK4_HUMAN,/core/www/modules//consensus/?run_id=110202&search_id=114132&scans_id=110198&peptide_id=24327&scanf=32375&charge=3&value=sp|Q9HAZ1|CLK4_HUMAN,0,/core/www/modules/match_peptides/blast_html4.php?run_id=110202&search_id=114132&scans_id=110198&peptide_id=24327&scanf=32375&charge=3&value=0,R.SEIQVLEHLNSTDPNSVFR.C,/core/www/modules/show_out/show_out_wrapper.php?run_id=110202&search_id=114132&scans_id=110198&peptide_id=24327&scanf=32375&charge=3&value=R.SEIQVLEHLNSTDPNSVFR.C,CLK4,2.761e+6,2.785,0.008,2.091,0.000
32376,2,"  2.968","  0.460",12/22,/core/www/modules//sdig/index.php?run_id=110202&search_id=114132&scans_id=110198&peptide_id=24328&scanf=32376&charge=2&value=12/22,sp|O15355|PPM1G_HUMAN,/core/www/modules//consensus/?run_id=110202&search_id=114132&scans_id=110198&peptide_id=24328&scanf=32376&charge=2&value=sp|O15355|PPM1G_HUMAN,0,/core/www/modules/match_peptides/blast_html4.php?run_id=110202&search_id=114132&scans_id=110198&peptide_id=24328&scanf=32376&charge=2&value=0,K.ALEDAFLAIDAK.L,/core/www/modules/show_out/show_out_wrapper.php?run_id=110202&search_id=114132&scans_id=110198&peptide_id=24328&scanf=32376&charge=2&value=K.ALEDAFLAIDAK.L,PPM1G,3.661e+6,3.005,0.004,2.415,0.000
32378,3,"  3.928","  0.653",17/56,/core/www/modules//sdig/index.php?run_id=110202&search_id=114132&scans_id=110198&peptide_id=24330&scanf=32378&charge=3&value=17/56,sp|P55084|ECHB_HUMAN,/core/www/modules//consensus/?run_id=110202&search_id=114132&scans_id=110198&peptide_id=24330&scanf=32378&charge=3&value=sp|P55084|ECHB_HUMAN,1,/core/www/modules/match_peptides/blast_html4.php?run_id=110202&search_id=114132&scans_id=110198&peptide_id=24330&scanf=32378&charge=3&value=1,K.KAQDEGLLSDVVPFK.V,/core/www/modules/show_out/show_out_wrapper.php?run_id=110202&search_id=114132&scans_id=110198&peptide_id=24330&scanf=32378&charge=3&value=K.KAQDEGLLSDVVPFK.V,HADHB,7.842e+6,3.417,0.001,3.025,0.000
32380,3,"  3.045","  0.554",14/52,/core/www/modules//sdig/index.php?run_id=110202&search_id=114132&scans_id=110198&peptide_id=24333&scanf=32380&charge=3&value=14/52,sp|P38646|GRP75_HUMAN,/core/www/modules//consensus/?run_id=110202&search_id=114132&scans_id=110198&peptide_id=24333&scanf=32380&charge=3&value=sp|P38646|GRP75_HUMAN,6,/core/www/modules/match_peptides/blast_html4.php?run_id=110202&search_id=114132&scans_id=110198&peptide_id=24333&scanf=32380&charge=3&value=6,K.SDIGEVILVGGMTR.M,/core/www/modules/show_out/show_out_wrapper.php?run_id=110202&search_id=114132&scans_id=110198&peptide_id=24333&scanf=32380&charge=3&value=K.SDIGEVILVGGMTR.M,HSPA9,2.121e+6,3.341,0.001,2.912,0.000
32383,2,"  2.130","  0.140",10/16,/core/www/modules//sdig/index.php?run_id=110202&search_id=114132&scans_id=110198&peptide_id=24335&scanf=32383&charge=2&value=10/16,sp|O60814|H2B1K_HUMAN,/core/www/modules//consensus/?run_id=110202&search_id=114132&scans_id=110198&peptide_id=24335&scanf=32383&charge=2&value=sp|O60814|H2B1K_HUMAN,16,/core/www/modules/match_peptides/blast_html4.php?run_id=110202&search_id=114132&scans_id=110198&peptide_id=24335&scanf=32383&charge=2&value=16,R.LLLPGELAK.H,/core/www/modules/show_out/show_out_wrapper.php?run_id=110202&search_id=114132&scans_id=110198&peptide_id=24335&scanf=32383&charge=2&value=R.LLLPGELAK.H,H2BC12,4.487e+9,2.321,0.038,1.417,0.001
32384,3,"  4.885","  0.645",21/72,/core/www/modules//sdig/index.php?run_id=110202&search_id=114132&scans_id=110198&peptide_id=24336&scanf=32384&charge=3&value=21/72,sp|Q9NX24|NHP2_HUMAN,/core/www/modules//consensus/?run_id=110202&search_id=114132&scans_id=110198&peptide_id=24336&scanf=32384&charge=3&value=sp|Q9NX24|NHP2_HUMAN,3,/core/www/modules/match_peptides/blast_html4.php?run_id=110202&search_id=114132&scans_id=110198&peptide_id=24336&scanf=32384&charge=3&value=3,R.TYQELLVNQNPIAQPLASR.R,/core/www/modules/show_out/show_out_wrapper.php?run_id=110202&search_id=114132&scans_id=110198&peptide_id=24336&scanf=32384&charge=3&value=R.TYQELLVNQNPIAQPLASR.R,NHP2,9.854e+6,3.537,0.001,3.203,0.000
32385,3,"  4.054","  0.652",18/84,/core/www/modules//sdig/index.php?run_id=110202&search_id=114132&scans_id=110198&peptide_id=24337&scanf=32385&charge=3&value=18/84,sp|P56192|SYMC_HUMAN,/core/www/modules//consensus/?run_id=110202&search_id=114132&scans_id=110198&peptide_id=24337&scanf=32385&charge=3&value=sp|P56192|SYMC_HUMAN,0,/core/www/modules/match_peptides/blast_html4.php?run_id=110202&search_id=114132&scans_id=110198&peptide_id=24337&scanf=32385&charge=3&value=0,K.GLESLPPLRPQQNPVLPVAGER.N,/core/www/modules/show_out/show_out_wrapper.php?run_id=110202&search_id=114132&scans_id=110198&peptide_id=24337&scanf=32385&charge=3&value=K.GLESLPPLRPQQNPVLPVAGER.N,MARS1,2.602e+7,3.390,0.001,2.985,0.000
32386,4,"  5.028","  0.178",19/156,/core/www/modules//sdig/index.php?run_id=110202&search_id=114132&scans_id=110198&peptide_id=24338&scanf=32386&charge=4&value=19/156,sp|P07437|TBB5_HUMAN,/core/www/modules//consensus/?run_id=110202&search_id=114132&scans_id=110198&peptide_id=24338&scanf=32386&charge=4&value=sp|P07437|TBB5_HUMAN,0,/core/www/modules/match_peptides/blast_html4.php?run_id=110202&search_id=114132&scans_id=110198&peptide_id=24338&scanf=32386&charge=4&value=0,K.FWEVISDEHGIDPTGTYHGDSDLQLDR.I,/core/www/modules/show_out/show_out_wrapper.php?run_id=110202&search_id=114132&scans_id=110198&peptide_id=24338&scanf=32386&charge=4&value=K.FWEVISDEHGIDPTGTYHGDSDLQLDR.I,TUBB,1.448e+7,2.000,0.107,0.972,0.005
32387,2,"  3.659","  0.720",16/26,/core/www/modules//sdig/index.php?run_id=110202&search_id=114132&scans_id=110198&peptide_id=24339&scanf=32387&charge=2&value=16/26,sp|Q8WXA9|SREK1_HUMAN,/core/www/modules//consensus/?run_id=110202&search_id=114132&scans_id=110198&peptide_id=24339&scanf=32387&charge=2&value=sp|Q8WXA9|SREK1_HUMAN,0,/core/www/modules/match_peptides/blast_html4.php?run_id=110202&search_id=114132&scans_id=110198&peptide_id=24339&scanf=32387&charge=2&value=0,R.FAFVEFADQNSVPR.A,/core/www/modules/show_out/show_out_wrapper.php?run_id=110202&search_id=114132&scans_id=110198&peptide_id=24339&scanf=32387&charge=2&value=R.FAFVEFADQNSVPR.A,SREK1,3.640e+6,3.917,0.000,3.767,0.000
32389,2,"  3.891","  0.524",12/24,/core/www/modules//sdig/index.php?run_id=110202&search_id=114132&scans_id=110198&peptide_id=24341&scanf=32389&charge=2&value=12/24,sp|P55884|EIF3B_HUMAN,/core/www/modules//consensus/?run_id=110202&search_id=114132&scans_id=110198&peptide_id=24341&scanf=32389&charge=2&value=sp|P55884|EIF3B_HUMAN,0,/core/www/modules/match_peptides/blast_html4.php?run_id=110202&search_id=114132&scans_id=110198&peptide_id=24341&scanf=32389&charge=2&value=0,K.GTQGVVTNFEIFR.M,/core/www/modules/show_out/show_out_wrapper.php?run_id=110202&search_id=114132&scans_id=110198&peptide_id=24341&scanf=32389&charge=2&value=K.GTQGVVTNFEIFR.M,EIF3B,9.615e+6,3.198,0.002,2.701,0.000
32393,3,"  4.100","  0.534",15/60,/core/www/modules//sdig/index.php?run_id=110202&search_id=114132&scans_id=110198&peptide_id=24346&scanf=32393&charge=3&value=15/60,sp|Q9NQC3|RTN4_HUMAN,/core/www/modules//consensus/?run_id=110202&search_id=114132&scans_id=110198&peptide_id=24346&scanf=32393&charge=3&value=sp|Q9NQC3|RTN4_HUMAN,2,/core/www/modules/match_peptides/blast_html4.php?run_id=110202&search_id=114132&scans_id=110198&peptide_id=24346&scanf=32393&charge=3&value=2,R.AYLESEVAISEELVQK.Y,/core/www/modules/show_out/show_out_wrapper.php?run_id=110202&search_id=114132&scans_id=110198&peptide_id=24346&scanf=32393&charge=3&value=R.AYLESEVAISEELVQK.Y,RTN4,7.147e+6,3.232,0.002,2.752,0.000
32396,2,"  4.208","  0.641",13/26,/core/www/modules//sdig/index.php?run_id=110202&search_id=114132&scans_id=110198&peptide_id=24349&scanf=32396&charge=2&value=13/26,sp|P49419|AL7A1_HUMAN,/core/www/modules//consensus/?run_id=110202&search_id=114132&scans_id=110198&peptide_id=24349&scanf=32396&charge=2&value=sp|P49419|AL7A1_HUMAN,7,/core/www/modules/match_peptides/blast_html4.php?run_id=110202&search_id=114132&scans_id=110198&peptide_id=24349&scanf=32396&charge=2&value=7,K.QAVSMFLGAVEEAK.K,/core/www/modules/show_out/show_out_wrapper.php?run_id=110202&search_id=114132&scans_id=110198&peptide_id=24349&scanf=32396&charge=2&value=K.QAVSMFLGAVEEAK.K,ALDH7A1,2.187e+6,3.431,0.001,3.046,0.000
32401,2,"  2.721","  0.499",10/30,/core/www/modules//sdig/index.php?run_id=110202&search_id=114132&scans_id=110198&peptide_id=24355&scanf=32401&charge=2&value=10/30,sp|P22830|HEMH_HUMAN,/core/www/modules//consensus/?run_id=110202&search_id=114132&scans_id=110198&peptide_id=24355&scanf=32401&charge=2&value=sp|P22830|HEMH_HUMAN,3,/core/www/modules/match_peptides/blast_html4.php?run_id=110202&search_id=114132&scans_id=110198&peptide_id=24355&scanf=32401&charge=2&value=3,K.VGPMPWLGPQTDESIK.G,/core/www/modules/show_out/show_out_wrapper.php?run_id=110202&search_id=114132&scans_id=110198&peptide_id=24355&scanf=32401&charge=2&value=K.VGPMPWLGPQTDESIK.G,FECH,4.446e+6,2.666,0.012,1.916,0.000
32406,2,"  3.027","  0.642",12/20,/core/www/modules//sdig/index.php?run_id=110202&search_id=114132&scans_id=110198&peptide_id=24359&scanf=32406&charge=2&value=12/20,sp|P18031|PTN1_HUMAN,/core/www/modules//consensus/?run_id=110202&search_id=114132&scans_id=110198&peptide_id=24359&scanf=32406&charge=2&value=sp|P18031|PTN1_HUMAN,1,/core/www/modules/match_peptides/blast_html4.php?run_id=110202&search_id=114132&scans_id=110198&peptide_id=24359&scanf=32406&charge=2&value=1,R.FSYLAVIEGAK.F,/core/www/modules/show_out/show_out_wrapper.php?run_id=110202&search_id=114132&scans_id=110198&peptide_id=24359&scanf=32406&charge=2&value=R.FSYLAVIEGAK.F,PTPN1,9.890e+6,3.683,0.000,3.419,0.000
32407,3,"  2.346","  0.425",12/52,/core/www/modules//sdig/index.php?run_id=110202&search_id=114132&scans_id=110198&peptide_id=24360&scanf=32407&charge=3&value=12/52,sp|Q9BUQ8|DDX23_HUMAN,/core/www/modules//consensus/?run_id=110202&search_id=114132&scans_id=110198&peptide_id=24360&scanf=32407&charge=3&value=sp|Q9BUQ8|DDX23_HUMAN,4,/core/www/modules/match_peptides/blast_html4.php?run_id=110202&search_id=114132&scans_id=110198&peptide_id=24360&scanf=32407&charge=3&value=4,K.DSSLPPHILEVIDK.C,/core/www/modules/show_out/show_out_wrapper.php?run_id=110202&search_id=114132&scans_id=110198&peptide_id=24360&scanf=32407&charge=3&value=K.DSSLPPHILEVIDK.C,DDX23,1.639e+7,2.857,0.006,2.197,0.000
32408,3,"  7.894","  0.767",26/104,/core/www/modules//sdig/index.php?run_id=110202&search_id=114132&scans_id=110198&peptide_id=24361&scanf=32408&charge=3&value=26/104,sp|P04350|TBB4A_HUMAN,/core/www/modules//consensus/?run_id=110202&search_id=114132&scans_id=110198&peptide_id=24361&scanf=32408&charge=3&value=sp|P04350|TBB4A_HUMAN,9,/core/www/modules/match_peptides/blast_html4.php?run_id=110202&search_id=114132&scans_id=110198&peptide_id=24361&scanf=32408&charge=3&value=9,K.FWEVISDEHGIDPTGTYHGDSDLQLER.I,/core/www/modules/show_out/show_out_wrapper.php?run_id=110202&search_id=114132&scans_id=110198&peptide_id=24361&scanf=32408&charge=3&value=K.FWEVISDEHGIDPTGTYHGDSDLQLER.I,TUBB4A,1.847e+6,3.836,0.000,3.646,0.000
32409,3,"  2.121","  0.125",14/48,/core/www/modules//sdig/index.php?run_id=110202&search_id=114132&scans_id=110198&peptide_id=24362&scanf=32409&charge=3&value=14/48,sp|P10155|RO60_HUMAN,/core/www/modules//consensus/?run_id=110202&search_id=114132&scans_id=110198&peptide_id=24362&scanf=32409&charge=3&value=sp|P10155|RO60_HUMAN,0,/core/www/modules/match_peptides/blast_html4.php?run_id=110202&search_id=114132&scans_id=110198&peptide_id=24362&scanf=32409&charge=3&value=0,R.DELEVIHLIEEHR.L,/core/www/modules/show_out/show_out_wrapper.php?run_id=110202&search_id=114132&scans_id=110198&peptide_id=24362&scanf=32409&charge=3&value=R.DELEVIHLIEEHR.L,RO60,4.177e+6,1.907,0.141,0.851,0.007
32413,2,"  2.665","  0.418",13/24,/core/www/modules//sdig/index.php?run_id=110202&search_id=114132&scans_id=110198&peptide_id=24367&scanf=32413&charge=2&value=13/24,sp|Q12906|ILF3_HUMAN,/core/www/modules//consensus/?run_id=110202&search_id=114132&scans_id=110198&peptide_id=24367&scanf=32413&charge=2&value=sp|Q12906|ILF3_HUMAN,0,/core/www/modules/match_peptides/blast_html4.php?run_id=110202&search_id=114132&scans_id=110198&peptide_id=24367&scanf=32413&charge=2&value=0,K.LFPDTPLALDANK.K,/core/www/modules/show_out/show_out_wrapper.php?run_id=110202&search_id=114132&scans_id=110198&peptide_id=24367&scanf=32413&charge=2&value=K.LFPDTPLALDANK.K,ILF3,1.707e+8,2.987,0.004,2.389,0.000
32414,4,"  2.200","  0.199",8/102,/core/www/modules//sdig/index.php?run_id=110202&search_id=114132&scans_id=110198&peptide_id=24368&scanf=32414&charge=4&value=8/102,sp|Q9P2D1|CHD7_HUMAN,/core/www/modules//consensus/?run_id=110202&search_id=114132&scans_id=110198&peptide_id=24368&scanf=32414&charge=4&value=sp|Q9P2D1|CHD7_HUMAN,1,/core/www/modules/match_peptides/blast_html4.php?run_id=110202&search_id=114132&scans_id=110198&peptide_id=24368&scanf=32414&charge=4&value=1,R.TDYHILNDPELSFLDAHK.N,/core/www/modules/show_out/show_out_wrapper.php?run_id=110202&search_id=114132&scans_id=110198&peptide_id=24368&scanf=32414&charge=4&value=R.TDYHILNDPELSFLDAHK.N,CHD7,2.525e+6,2.037,0.095,1.022,0.004
32417,2,"  1.390","  0.181",6/14,/core/www/modules//sdig/index.php?run_id=110202&search_id=114132&scans_id=110198&peptide_id=24371&scanf=32417&charge=2&value=6/14,sp|Q9H0A0|NAT10_HUMAN,/core/www/modules//consensus/?run_id=110202&search_id=114132&scans_id=110198&peptide_id=24371&scanf=32417&charge=2&value=sp|Q9H0A0|NAT10_HUMAN,0,/core/www/modules/match_peptides/blast_html4.php?run_id=110202&search_id=114132&scans_id=110198&peptide_id=24371&scanf=32417&charge=2&value=0,K.DLPPLLLK.L,/core/www/modules/show_out/show_out_wrapper.php?run_id=110202&search_id=114132&scans_id=110198&peptide_id=24371&scanf=32417&charge=2&value=K.DLPPLLLK.L,NAT10,4.989e+6,2.092,0.080,1.096,0.003
32421,2,"  1.102","  0.264",7/14,/core/www/modules//sdig/index.php?run_id=110202&search_id=114132&scans_id=110198&peptide_id=24376&scanf=32421&charge=2&value=7/14,sp|Q5VYK3|ECM29_HUMAN,/core/www/modules//consensus/?run_id=110202&search_id=114132&scans_id=110198&peptide_id=24376&scanf=32421&charge=2&value=sp|Q5VYK3|ECM29_HUMAN,4,/core/www/modules/match_peptides/blast_html4.php?run_id=110202&search_id=114132&scans_id=110198&peptide_id=24376&scanf=32421&charge=2&value=4,K.FLPPVLLK.L,/core/www/modules/show_out/show_out_wrapper.php?run_id=110202&search_id=114132&scans_id=110198&peptide_id=24376&scanf=32421&charge=2&value=K.FLPPVLLK.L,ECPAS,4.967e+6,2.366,0.033,1.480,0.001
32425,2,"  3.416","  0.561",12/22,/core/www/modules//sdig/index.php?run_id=110202&search_id=114132&scans_id=110198&peptide_id=24379&scanf=32425&charge=2&value=12/22,sp|P50570|DYN2_HUMAN,/core/www/modules//consensus/?run_id=110202&search_id=114132&scans_id=110198&peptide_id=24379&scanf=32425&charge=2&value=sp|P50570|DYN2_HUMAN,0,/core/www/modules/match_peptides/blast_html4.php?run_id=110202&search_id=114132&scans_id=110198&peptide_id=24379&scanf=32425&charge=2&value=0,R.NLVDSYVAIINK.S,/core/www/modules/show_out/show_out_wrapper.php?run_id=110202&search_id=114132&scans_id=110198&peptide_id=24379&scanf=32425&charge=2&value=R.NLVDSYVAIINK.S,DNM2,6.463e+6,3.339,0.001,2.910,0.000
32426,2,"  3.876","  0.580",16/28,/core/www/modules//sdig/index.php?run_id=110202&search_id=114132&scans_id=110198&peptide_id=24380&scanf=32426&charge=2&value=16/28,sp|P07437|TBB5_HUMAN,/core/www/modules//consensus/?run_id=110202&search_id=114132&scans_id=110198&peptide_id=24380&scanf=32426&charge=2&value=sp|P07437|TBB5_HUMAN,9,/core/www/modules/match_peptides/blast_html4.php?run_id=110202&search_id=114132&scans_id=110198&peptide_id=24380&scanf=32426&charge=2&value=9,R.AILVDLEPGTMDSVR.S,/core/www/modules/show_out/show_out_wrapper.php?run_id=110202&search_id=114132&scans_id=110198&peptide_id=24380&scanf=32426&charge=2&value=R.AILVDLEPGTMDSVR.S,TUBB,7.749e+7,3.403,0.001,3.005,0.000
32431,2,"  5.100","  0.798",20/34,/core/www/modules//sdig/index.php?run_id=110202&search_id=114132&scans_id=110198&peptide_id=24386&scanf=32431&charge=2&value=20/34,tr|B4DY08|B4DY08_HUMAN,/core/www/modules//consensus/?run_id=110202&search_id=114132&scans_id=110198&peptide_id=24386&scanf=32431&charge=2&value=tr|B4DY08|B4DY08_HUMAN,6,/core/www/modules/match_peptides/blast_html4.php?run_id=110202&search_id=114132&scans_id=110198&peptide_id=24386&scanf=32431&charge=2&value=6,R.SAAEMYGSSFDLDYDFQR.D,/core/www/modules/show_out/show_out_wrapper.php?run_id=110202&search_id=114132&scans_id=110198&peptide_id=24386&scanf=32431&charge=2&value=R.SAAEMYGSSFDLDYDFQR.D,HNRNPC,1.511e+7,4.083,0.000,4.013,0.000
32432,3,"  2.790","  0.330",11/52,/core/www/modules//sdig/index.php?run_id=110202&search_id=114132&scans_id=110198&peptide_id=24387&scanf=32432&charge=3&value=11/52,sp|Q12789|TF3C1_HUMAN,/core/www/modules//consensus/?run_id=110202&search_id=114132&scans_id=110198&peptide_id=24387&scanf=32432&charge=3&value=sp|Q12789|TF3C1_HUMAN,0,/core/www/modules/match_peptides/blast_html4.php?run_id=110202&search_id=114132&scans_id=110198&peptide_id=24387&scanf=32432&charge=3&value=0,K.VDNLEEFLNDPLKK.H,/core/www/modules/show_out/show_out_wrapper.php?run_id=110202&search_id=114132&scans_id=110198&peptide_id=24387&scanf=32432&charge=3&value=K.VDNLEEFLNDPLKK.H,GTF3C1,2.420e+6,2.226,0.052,1.281,0.002
32434,3,"  2.886","  0.312",6/60,/core/www/modules//sdig/index.php?run_id=110202&search_id=114132&scans_id=110198&peptide_id=24389&scanf=32434&charge=3&value=6/60,sp|P14866|HNRPL_HUMAN,/core/www/modules//consensus/?run_id=110202&search_id=114132&scans_id=110198&peptide_id=24389&scanf=32434&charge=3&value=sp|P14866|HNRPL_HUMAN,4,/core/www/modules/match_peptides/blast_html4.php?run_id=110202&search_id=114132&scans_id=110198&peptide_id=24389&scanf=32434&charge=3&value=4,K.SDALETLGFLNHYQM*K.N,/core/www/modules/show_out/show_out_wrapper.php?run_id=110202&search_id=114132&scans_id=110198&peptide_id=24389&scanf=32434&charge=3&value=K.SDALETLGFLNHYQM*K.N,HNRNPL,1.984e+6,2.312,0.040,1.403,0.001
32435,2,"  2.304","  0.469",12/20,/core/www/modules//sdig/index.php?run_id=110202&search_id=114132&scans_id=110198&peptide_id=24390&scanf=32435&charge=2&value=12/20,sp|Q15435|PP1R7_HUMAN,/core/www/modules//consensus/?run_id=110202&search_id=114132&scans_id=110198&peptide_id=24390&scanf=32435&charge=2&value=sp|Q15435|PP1R7_HUMAN,4,/core/www/modules/match_peptides/blast_html4.php?run_id=110202&search_id=114132&scans_id=110198&peptide_id=24390&scanf=32435&charge=2&value=4,K.IEGLQNLVNLR.E,/core/www/modules/show_out/show_out_wrapper.php?run_id=110202&search_id=114132&scans_id=110198&peptide_id=24390&scanf=32435&charge=2&value=K.IEGLQNLVNLR.E,PPP1R7,2.288e+6,3.042,0.003,2.470,0.000
32437,3,"  2.986","  0.511",13/48,/core/www/modules//sdig/index.php?run_id=110202&search_id=114132&scans_id=110198&peptide_id=24392&scanf=32437&charge=3&value=13/48,sp|Q9NYU2|UGGG1_HUMAN,/core/www/modules//consensus/?run_id=110202&search_id=114132&scans_id=110198&peptide_id=24392&scanf=32437&charge=3&value=sp|Q9NYU2|UGGG1_HUMAN,0,/core/www/modules/match_peptides/blast_html4.php?run_id=110202&search_id=114132&scans_id=110198&peptide_id=24392&scanf=32437&charge=3&value=0,R.LGIEGLSLHNVLK.L,/core/www/modules/show_out/show_out_wrapper.php?run_id=110202&search_id=114132&scans_id=110198&peptide_id=24392&scanf=32437&charge=3&value=R.LGIEGLSLHNVLK.L,UGGT1,8.987e+6,3.199,0.002,2.703,0.000
32441,2,"  2.605","  0.424",11/22,/core/www/modules//sdig/index.php?run_id=110202&search_id=114132&scans_id=110198&peptide_id=24397&scanf=32441&charge=2&value=11/22,sp|Q99653|CHP1_HUMAN,/core/www/modules//consensus/?run_id=110202&search_id=114132&scans_id=110198&peptide_id=24397&scanf=32441&charge=2&value=sp|Q99653|CHP1_HUMAN,4,/core/www/modules/match_peptides/blast_html4.php?run_id=110202&search_id=114132&scans_id=110198&peptide_id=24397&scanf=32441&charge=2&value=4,R.IPELAINPLGDR.I,/core/www/modules/show_out/show_out_wrapper.php?run_id=110202&search_id=114132&scans_id=110198&peptide_id=24397&scanf=32441&charge=2&value=R.IPELAINPLGDR.I,CHP1,1.685e+6,2.758,0.009,2.052,0.000
32443,3,"  2.768","  0.468",14/60,/core/www/modules//sdig/index.php?run_id=110202&search_id=114132&scans_id=110198&peptide_id=24399&scanf=32443&charge=3&value=14/60,sp|Q12789|TF3C1_HUMAN,/core/www/modules//consensus/?run_id=110202&search_id=114132&scans_id=110198&peptide_id=24399&scanf=32443&charge=3&value=sp|Q12789|TF3C1_HUMAN,0,/core/www/modules/match_peptides/blast_html4.php?run_id=110202&search_id=114132&scans_id=110198&peptide_id=24399&scanf=32443&charge=3&value=0,R.LPTGAQQHSILLLLNR.F,/core/www/modules/show_out/show_out_wrapper.php?run_id=110202&search_id=114132&scans_id=110198&peptide_id=24399&scanf=32443&charge=3&value=R.LPTGAQQHSILLLLNR.F,GTF3C1,3.288e+6,2.917,0.005,2.286,0.000
32448,2,"  3.345","  0.507",12/24,/core/www/modules//sdig/index.php?run_id=110202&search_id=114132&scans_id=110198&peptide_id=24403&scanf=32448&charge=2&value=12/24,sp|O60264|SMCA5_HUMAN,/core/www/modules//consensus/?run_id=110202&search_id=114132&scans_id=110198&peptide_id=24403&scanf=32448&charge=2&value=sp|O60264|SMCA5_HUMAN,3,/core/www/modules/match_peptides/blast_html4.php?run_id=110202&search_id=114132&scans_id=110198&peptide_id=24403&scanf=32448&charge=2&value=3,K.QPNVQDFQFFPPR.L,/core/www/modules/show_out/show_out_wrapper.php?run_id=110202&search_id=114132&scans_id=110198&peptide_id=24403&scanf=32448&charge=2&value=K.QPNVQDFQFFPPR.L,SMARCA5,1.168e+7,3.322,0.001,2.884,0.000
32449,3,"  4.020","  0.565",13/56,/core/www/modules//sdig/index.php?run_id=110202&search_id=114132&scans_id=110198&peptide_id=24404&scanf=32449&charge=3&value=13/56,sp|P46379|BAG6_HUMAN,/core/www/modules//consensus/?run_id=110202&search_id=114132&scans_id=110198&peptide_id=24404&scanf=32449&charge=3&value=sp|P46379|BAG6_HUMAN,5,/core/www/modules/match_peptides/blast_html4.php?run_id=110202&search_id=114132&scans_id=110198&peptide_id=24404&scanf=32449&charge=3&value=5,R.MATHTLITGLEEYVR.E,/core/www/modules/show_out/show_out_wrapper.php?run_id=110202&search_id=114132&scans_id=110198&peptide_id=24404&scanf=32449&charge=3&value=R.MATHTLITGLEEYVR.E,BAG6,4.569e+6,3.287,0.001,2.832,0.000
32451,2,"  2.252","  0.410",9/22,/core/www/modules//sdig/index.php?run_id=110202&search_id=114132&scans_id=110198&peptide_id=24407&scanf=32451&charge=2&value=9/22,sp|P30040|ERP29_HUMAN,/core/www/modules//consensus/?run_id=110202&search_id=114132&scans_id=110198&peptide_id=24407&scanf=32451&charge=2&value=sp|P30040|ERP29_HUMAN,0,/core/www/modules/match_peptides/blast_html4.php?run_id=110202&search_id=114132&scans_id=110198&peptide_id=24407&scanf=32451&charge=2&value=0,K.GALPLDTVTFYK.V,/core/www/modules/show_out/show_out_wrapper.php?run_id=110202&search_id=114132&scans_id=110198&peptide_id=24407&scanf=32451&charge=2&value=K.GALPLDTVTFYK.V,ERP29,6.615e+6,2.531,0.019,1.720,0.000
32454,2,"  3.458","  0.462",12/22,/core/www/modules//sdig/index.php?run_id=110202&search_id=114132&scans_id=110198&peptide_id=24410&scanf=32454&charge=2&value=12/22,sp|Q8N884|CGAS_HUMAN,/core/www/modules//consensus/?run_id=110202&search_id=114132&scans_id=110198&peptide_id=24410&scanf=32454&charge=2&value=sp|Q8N884|CGAS_HUMAN,1,/core/www/modules/match_peptides/blast_html4.php?run_id=110202&search_id=114132&scans_id=110198&peptide_id=24410&scanf=32454&charge=2&value=1,K.ISAPNEFDVMFK.L,/core/www/modules/show_out/show_out_wrapper.php?run_id=110202&search_id=114132&scans_id=110198&peptide_id=24410&scanf=32454&charge=2&value=K.ISAPNEFDVMFK.L,CGAS,3.653e+7,2.947,0.005,2.330,0.000
32457,3,"  2.858","  0.246",11/76,/core/www/modules//sdig/index.php?run_id=110202&search_id=114132&scans_id=110198&peptide_id=24413&scanf=32457&charge=3&value=11/76,sp|Q9NZM5|NOP53_HUMAN,/core/www/modules//consensus/?run_id=110202&search_id=114132&scans_id=110198&peptide_id=24413&scanf=32457&charge=3&value=sp|Q9NZM5|NOP53_HUMAN,0,/core/www/modules/match_peptides/blast_html4.php?run_id=110202&search_id=114132&scans_id=110198&peptide_id=24413&scanf=32457&charge=3&value=0,K.SDADSGFLGLRPTSVDPALR.R,/core/www/modules/show_out/show_out_wrapper.php?run_id=110202&search_id=114132&scans_id=110198&peptide_id=24413&scanf=32457&charge=3&value=K.SDADSGFLGLRPTSVDPALR.R,NOP53,2.794e+6,1.819,0.181,0.741,0.010
32459,3,"  2.774","  0.409",16/48,/core/www/modules//sdig/index.php?run_id=110202&search_id=114132&scans_id=110198&peptide_id=24415&scanf=32459&charge=3&value=16/48,sp|Q5JVF3|PCID2_HUMAN,/core/www/modules//consensus/?run_id=110202&search_id=114132&scans_id=110198&peptide_id=24415&scanf=32459&charge=3&value=sp|Q5JVF3|PCID2_HUMAN,0,/core/www/modules/match_peptides/blast_html4.php?run_id=110202&search_id=114132&scans_id=110198&peptide_id=24415&scanf=32459&charge=3&value=0,K.M*LLGHMPTVELLK.K,/core/www/modules/show_out/show_out_wrapper.php?run_id=110202&search_id=114132&scans_id=110198&peptide_id=24415&scanf=32459&charge=3&value=K.M*LLGHMPTVELLK.K,PCID2,4.886e+6,2.919,0.005,2.289,0.000
32460,2,"  4.750","  0.697",19/30,/core/www/modules//sdig/index.php?run_id=110202&search_id=114132&scans_id=110198&peptide_id=24417&scanf=32460&charge=2&value=19/30,sp|Q15029|U5S1_HUMAN,/core/www/modules//consensus/?run_id=110202&search_id=114132&scans_id=110198&peptide_id=24417&scanf=32460&charge=2&value=sp|Q15029|U5S1_HUMAN,0,/core/www/modules/match_peptides/blast_html4.php?run_id=110202&search_id=114132&scans_id=110198&peptide_id=24417&scanf=32460&charge=2&value=0,K.IYADTFGDINYQEFAK.R,/core/www/modules/show_out/show_out_wrapper.php?run_id=110202&search_id=114132&scans_id=110198&peptide_id=24417&scanf=32460&charge=2&value=K.IYADTFGDINYQEFAK.R,EFTUD2,6.444e+6,3.960,0.000,3.831,0.000
32464,2,"  4.631","  0.626",14/26,/core/www/modules//sdig/index.php?run_id=110202&search_id=114132&scans_id=110198&peptide_id=24421&scanf=32464&charge=2&value=14/26,sp|Q9P2J5|SYLC_HUMAN,/core/www/modules//consensus/?run_id=110202&search_id=114132&scans_id=110198&peptide_id=24421&scanf=32464&charge=2&value=sp|Q9P2J5|SYLC_HUMAN,9,/core/www/modules/match_peptides/blast_html4.php?run_id=110202&search_id=114132&scans_id=110198&peptide_id=24421&scanf=32464&charge=2&value=9,K.STGNFLTLTQAIDK.F,/core/www/modules/show_out/show_out_wrapper.php?run_id=110202&search_id=114132&scans_id=110198&peptide_id=24421&scanf=32464&charge=2&value=K.STGNFLTLTQAIDK.F,LARS1,9.202e+6,3.593,0.001,3.286,0.000
32466,3,"  4.596","  0.622",22/44,/core/www/modules//sdig/index.php?run_id=110202&search_id=114132&scans_id=110198&peptide_id=24422&scanf=32466&charge=3&value=22/44,sp|P42285|MTREX_HUMAN,/core/www/modules//consensus/?run_id=110202&search_id=114132&scans_id=110198&peptide_id=24422&scanf=32466&charge=3&value=sp|P42285|MTREX_HUMAN,0,/core/www/modules/match_peptides/blast_html4.php?run_id=110202&search_id=114132&scans_id=110198&peptide_id=24422&scanf=32466&charge=3&value=0,K.LPQVEHVLPLLK.R,/core/www/modules/show_out/show_out_wrapper.php?run_id=110202&search_id=114132&scans_id=110198&peptide_id=24422&scanf=32466&charge=3&value=K.LPQVEHVLPLLK.R,MTREX,6.478e+7,4.146,0.000,4.106,0.000
32467,3,"  4.549","  0.669",19/56,/core/www/modules//sdig/index.php?run_id=110202&search_id=114132&scans_id=110198&peptide_id=24423&scanf=32467&charge=3&value=19/56,sp|P98175|RBM10_HUMAN,/core/www/modules//consensus/?run_id=110202&search_id=114132&scans_id=110198&peptide_id=24423&scanf=32467&charge=3&value=sp|P98175|RBM10_HUMAN,0,/core/www/modules/match_peptides/blast_html4.php?run_id=110202&search_id=114132&scans_id=110198&peptide_id=24423&scanf=32467&charge=3&value=0,R.GFAFVEFSHLQDATR.W,/core/www/modules/show_out/show_out_wrapper.php?run_id=110202&search_id=114132&scans_id=110198&peptide_id=24423&scanf=32467&charge=3&value=R.GFAFVEFSHLQDATR.W,RBM10,6.796e+6,3.791,0.000,3.579,0.000
32468,2,"  4.660","  0.649",15/28,/core/www/modules//sdig/index.php?run_id=110202&search_id=114132&scans_id=110198&peptide_id=24424&scanf=32468&charge=2&value=15/28,sp|P49748|ACADV_HUMAN,/core/www/modules//consensus/?run_id=110202&search_id=114132&scans_id=110198&peptide_id=24424&scanf=32468&charge=2&value=sp|P49748|ACADV_HUMAN,1,/core/www/modules/match_peptides/blast_html4.php?run_id=110202&search_id=114132&scans_id=110198&peptide_id=24424&scanf=32468&charge=2&value=1,K.NPFGNAGLLLGEAGK.Q,/core/www/modules/show_out/show_out_wrapper.php?run_id=110202&search_id=114132&scans_id=110198&peptide_id=24424&scanf=32468&charge=2&value=K.NPFGNAGLLLGEAGK.Q,ACADVL,4.688e+6,3.599,0.001,3.295,0.000
32469,3,"  6.506","  0.684",24/84,/core/www/modules//sdig/index.php?run_id=110202&search_id=114132&scans_id=110198&peptide_id=24425&scanf=32469&charge=3&value=24/84,sp|Q9Y265|RUVB1_HUMAN,/core/www/modules//consensus/?run_id=110202&search_id=114132&scans_id=110198&peptide_id=24425&scanf=32469&charge=3&value=sp|Q9Y265|RUVB1_HUMAN,2,/core/www/modules/match_peptides/blast_html4.php?run_id=110202&search_id=114132&scans_id=110198&peptide_id=24425&scanf=32469&charge=3&value=2,R.AQTEGINISEEALNHLGEIGTK.T,/core/www/modules/show_out/show_out_wrapper.php?run_id=110202&search_id=114132&scans_id=110198&peptide_id=24425&scanf=32469&charge=3&value=R.AQTEGINISEEALNHLGEIGTK.T,RUVBL1,2.197e+7,3.694,0.000,3.435,0.000
32470,3,"  5.877","  0.627",22/84,/core/www/modules//sdig/index.php?run_id=110202&search_id=114132&scans_id=110198&peptide_id=24427&scanf=32470&charge=3&value=22/84,sp|O60216|RAD21_HUMAN,/core/www/modules//consensus/?run_id=110202&search_id=114132&scans_id=110198&peptide_id=24427&scanf=32470&charge=3&value=sp|O60216|RAD21_HUMAN,1,/core/www/modules/match_peptides/blast_html4.php?run_id=110202&search_id=114132&scans_id=110198&peptide_id=24427&scanf=32470&charge=3&value=1,K.QQAIELTQEEPYSDIIATPGPR.F,/core/www/modules/show_out/show_out_wrapper.php?run_id=110202&search_id=114132&scans_id=110198&peptide_id=24427&scanf=32470&charge=3&value=K.QQAIELTQEEPYSDIIATPGPR.F,RAD21,3.639e+6,3.459,0.001,3.087,0.000
32471,3,"  2.017","  0.196",10/52,/core/www/modules//sdig/index.php?run_id=110202&search_id=114132&scans_id=110198&peptide_id=24428&scanf=32471&charge=3&value=10/52,sp|Q9H492|MLP3A_HUMAN,/core/www/modules//consensus/?run_id=110202&search_id=114132&scans_id=110198&peptide_id=24428&scanf=32471&charge=3&value=sp|Q9H492|MLP3A_HUMAN,0,/core/www/modules/match_peptides/blast_html4.php?run_id=110202&search_id=114132&scans_id=110198&peptide_id=24428&scanf=32471&charge=3&value=0,K.FLVPDHVNMSELVK.I,/core/www/modules/show_out/show_out_wrapper.php?run_id=110202&search_id=114132&scans_id=110198&peptide_id=24428&scanf=32471&charge=3&value=K.FLVPDHVNMSELVK.I,MAP1LC3A,4.013e+6,1.916,0.137,0.862,0.007
32472,2,"  2.955","  0.571",14/26,/core/www/modules//sdig/index.php?run_id=110202&search_id=114132&scans_id=110198&peptide_id=24429&scanf=32472&charge=2&value=14/26,sp|Q96H22|CENPN_HUMAN,/core/www/modules//consensus/?run_id=110202&search_id=114132&scans_id=110198&peptide_id=24429&scanf=32472&charge=2&value=sp|Q96H22|CENPN_HUMAN,1,/core/www/modules/match_peptides/blast_html4.php?run_id=110202&search_id=114132&scans_id=110198&peptide_id=24429&scanf=32472&charge=2&value=1,R.NTPLLGQALTIASK.H,/core/www/modules/show_out/show_out_wrapper.php?run_id=110202&search_id=114132&scans_id=110198&peptide_id=24429&scanf=32472&charge=2&value=R.NTPLLGQALTIASK.H,CENPN,3.373e+6,3.226,0.002,2.742,0.000
32475,2,"  2.016","  0.248",8/14,/core/www/modules//sdig/index.php?run_id=110202&search_id=114132&scans_id=110198&peptide_id=24432&scanf=32475&charge=2&value=8/14,sp|O75643|U520_HUMAN,/core/www/modules//consensus/?run_id=110202&search_id=114132&scans_id=110198&peptide_id=24432&scanf=32475&charge=2&value=sp|O75643|U520_HUMAN,1,/core/www/modules/match_peptides/blast_html4.php?run_id=110202&search_id=114132&scans_id=110198&peptide_id=24432&scanf=32475&charge=2&value=1,K.DTLGLFLR.E,/core/www/modules/show_out/show_out_wrapper.php?run_id=110202&search_id=114132&scans_id=110198&peptide_id=24432&scanf=32475&charge=2&value=K.DTLGLFLR.E,SNRNP200,2.979e+7,2.703,0.011,1.970,0.000
32479,2,"  3.623","  0.507",14/30,/core/www/modules//sdig/index.php?run_id=110202&search_id=114132&scans_id=110198&peptide_id=24436&scanf=32479&charge=2&value=14/30,sp|P12814|ACTN1_HUMAN,/core/www/modules//consensus/?run_id=110202&search_id=114132&scans_id=110198&peptide_id=24436&scanf=32479&charge=2&value=sp|P12814|ACTN1_HUMAN,12,/core/www/modules/match_peptides/blast_html4.php?run_id=110202&search_id=114132&scans_id=110198&peptide_id=24436&scanf=32479&charge=2&value=12,K.QFGAQANVIGPWIQTK.M,/core/www/modules/show_out/show_out_wrapper.php?run_id=110202&search_id=114132&scans_id=110198&peptide_id=24436&scanf=32479&charge=2&value=K.QFGAQANVIGPWIQTK.M,ACTN1,9.984e+6,3.074,0.003,2.517,0.000
32481,3,"  2.080","  0.421",10/40,/core/www/modules//sdig/index.php?run_id=110202&search_id=114132&scans_id=110198&peptide_id=24439&scanf=32481&charge=3&value=10/40,sp|Q9NRN7|ADPPT_HUMAN,/core/www/modules//consensus/?run_id=110202&search_id=114132&scans_id=110198&peptide_id=24439&scanf=32481&charge=3&value=sp|Q9NRN7|ADPPT_HUMAN,2,/core/www/modules/match_peptides/blast_html4.php?run_id=110202&search_id=114132&scans_id=110198&peptide_id=24439&scanf=32481&charge=3&value=2,R.GSIPEFFHIMK.R,/core/www/modules/show_out/show_out_wrapper.php?run_id=110202&search_id=114132&scans_id=110198&peptide_id=24439&scanf=32481&charge=3&value=R.GSIPEFFHIMK.R,AASDHPPT,2.420e+6,2.879,0.006,2.229,0.000
32482,3,"  3.600","  0.427",12/60,/core/www/modules//sdig/index.php?run_id=110202&search_id=114132&scans_id=110198&peptide_id=24440&scanf=32482&charge=3&value=12/60,sp|O14965|AURKA_HUMAN,/core/www/modules//consensus/?run_id=110202&search_id=114132&scans_id=110198&peptide_id=24440&scanf=32482&charge=3&value=sp|O14965|AURKA_HUMAN,2,/core/www/modules/match_peptides/blast_html4.php?run_id=110202&search_id=114132&scans_id=110198&peptide_id=24440&scanf=32482&charge=3&value=2,R.DIKPENLLLGSAGELK.I,/core/www/modules/show_out/show_out_wrapper.php?run_id=110202&search_id=114132&scans_id=110198&peptide_id=24440&scanf=32482&charge=3&value=R.DIKPENLLLGSAGELK.I,AURKA,2.467e+6,2.685,0.011,1.944,0.000
32485,2,"  5.003","  0.642",23/40,/core/www/modules//sdig/index.php?run_id=110202&search_id=114132&scans_id=110198&peptide_id=24443&scanf=32485&charge=2&value=23/40,sp|Q9NQT5|EXOS3_HUMAN,/core/www/modules//consensus/?run_id=110202&search_id=114132&scans_id=110198&peptide_id=24443&scanf=32485&charge=2&value=sp|Q9NQT5|EXOS3_HUMAN,0,/core/www/modules/match_peptides/blast_html4.php?run_id=110202&search_id=114132&scans_id=110198&peptide_id=24443&scanf=32485&charge=2&value=0,K.VDVGGSEPASLSYLSFEGATK.R,/core/www/modules/show_out/show_out_wrapper.php?run_id=110202&search_id=114132&scans_id=110198&peptide_id=24443&scanf=32485&charge=2&value=K.VDVGGSEPASLSYLSFEGATK.R,EXOSC3,2.241e+6,3.456,0.001,3.083,0.000
32487,2,"  3.601","  0.581",13/28,/core/www/modules//sdig/index.php?run_id=110202&search_id=114132&scans_id=110198&peptide_id=24444&scanf=32487&charge=2&value=13/28,sp|P33992|MCM5_HUMAN,/core/www/modules//consensus/?run_id=110202&search_id=114132&scans_id=110198&peptide_id=24444&scanf=32487&charge=2&value=sp|P33992|MCM5_HUMAN,1,/core/www/modules/match_peptides/blast_html4.php?run_id=110202&search_id=114132&scans_id=110198&peptide_id=24444&scanf=32487&charge=2&value=1,K.LQPFATEADVEEALR.L,/core/www/modules/show_out/show_out_wrapper.php?run_id=110202&search_id=114132&scans_id=110198&peptide_id=24444&scanf=32487&charge=2&value=K.LQPFATEADVEEALR.L,MCM5,1.525e+7,3.222,0.002,2.736,0.000
32489,2,"  2.957","  0.141",10/22,/core/www/modules//sdig/index.php?run_id=110202&search_id=114132&scans_id=110198&peptide_id=24446&scanf=32489&charge=2&value=10/22,sp|Q92616|GCN1_HUMAN,/core/www/modules//consensus/?run_id=110202&search_id=114132&scans_id=110198&peptide_id=24446&scanf=32489&charge=2&value=sp|Q92616|GCN1_HUMAN,0,/core/www/modules/match_peptides/blast_html4.php?run_id=110202&search_id=114132&scans_id=110198&peptide_id=24446&scanf=32489&charge=2&value=0,R.AYSDQAIVNLLK.M,/core/www/modules/show_out/show_out_wrapper.php?run_id=110202&search_id=114132&scans_id=110198&peptide_id=24446&scanf=32489&charge=2&value=R.AYSDQAIVNLLK.M,GCN1,6.167e+6,1.851,0.166,0.781,0.009
32490,3,"  6.030","  0.611",25/80,/core/www/modules//sdig/index.php?run_id=110202&search_id=114132&scans_id=110198&peptide_id=24448&scanf=32490&charge=3&value=25/80,sp|Q8IXT5|RB12B_HUMAN,/core/www/modules//consensus/?run_id=110202&search_id=114132&scans_id=110198&peptide_id=24448&scanf=32490&charge=3&value=sp|Q8IXT5|RB12B_HUMAN,4,/core/www/modules/match_peptides/blast_html4.php?run_id=110202&search_id=114132&scans_id=110198&peptide_id=24448&scanf=32490&charge=3&value=4,R.GRPGSGTSGVDSLSNFIESVK.E,/core/www/modules/show_out/show_out_wrapper.php?run_id=110202&search_id=114132&scans_id=110198&peptide_id=24448&scanf=32490&charge=3&value=R.GRPGSGTSGVDSLSNFIESVK.E,RBM12B,1.014e+7,3.626,0.000,3.335,0.000
32498,3,"  6.008","  0.723",30/112,/core/www/modules//sdig/index.php?run_id=110202&search_id=114132&scans_id=110198&peptide_id=24456&scanf=32498&charge=3&value=30/112,sp|P09012|SNRPA_HUMAN,/core/www/modules//consensus/?run_id=110202&search_id=114132&scans_id=110198&peptide_id=24456&scanf=32498&charge=3&value=sp|P09012|SNRPA_HUMAN,2,/core/www/modules/match_peptides/blast_html4.php?run_id=110202&search_id=114132&scans_id=110198&peptide_id=24456&scanf=32498&charge=3&value=2,K.AVQGGGATPVVGAVQGPVPGMPPMTQAPR.I,/core/www/modules/show_out/show_out_wrapper.php?run_id=110202&search_id=114132&scans_id=110198&peptide_id=24456&scanf=32498&charge=3&value=K.AVQGGGATPVVGAVQGPVPGMPPMTQAPR.I,SNRPA,3.526e+6,3.516,0.001,3.172,0.000
32502,2,"  3.610","  0.533",15/24,/core/www/modules//sdig/index.php?run_id=110202&search_id=114132&scans_id=110198&peptide_id=24460&scanf=32502&charge=2&value=15/24,sp|Q9Y2A7|NCKP1_HUMAN,/core/www/modules//consensus/?run_id=110202&search_id=114132&scans_id=110198&peptide_id=24460&scanf=32502&charge=2&value=sp|Q9Y2A7|NCKP1_HUMAN,0,/core/www/modules/match_peptides/blast_html4.php?run_id=110202&search_id=114132&scans_id=110198&peptide_id=24460&scanf=32502&charge=2&value=0,K.LVVENVDVLTQMR.T,/core/www/modules/show_out/show_out_wrapper.php?run_id=110202&search_id=114132&scans_id=110198&peptide_id=24460&scanf=32502&charge=2&value=K.LVVENVDVLTQMR.T,NCKAP1,2.426e+6,3.352,0.001,2.929,0.000
32503,2,"  2.884","  0.345",10/18,/core/www/modules//sdig/index.php?run_id=110202&search_id=114132&scans_id=110198&peptide_id=24461&scanf=32503&charge=2&value=10/18,sp|P48444|COPD_HUMAN,/core/www/modules//consensus/?run_id=110202&search_id=114132&scans_id=110198&peptide_id=24461&scanf=32503&charge=2&value=sp|P48444|COPD_HUMAN,2,/core/www/modules/match_peptides/blast_html4.php?run_id=110202&search_id=114132&scans_id=110198&peptide_id=24461&scanf=32503&charge=2&value=2,R.IEGLLAAFPK.L,/core/www/modules/show_out/show_out_wrapper.php?run_id=110202&search_id=114132&scans_id=110198&peptide_id=24461&scanf=32503&charge=2&value=R.IEGLLAAFPK.L,ARCN1,1.774e+7,2.717,0.010,1.991,0.000
32504,2,"  1.628","  0.430",10/14,/core/www/modules//sdig/index.php?run_id=110202&search_id=114132&scans_id=110198&peptide_id=24462&scanf=32504&charge=2&value=10/14,sp|P62273|RS29_HUMAN,/core/www/modules//consensus/?run_id=110202&search_id=114132&scans_id=110198&peptide_id=24462&scanf=32504&charge=2&value=sp|P62273|RS29_HUMAN,1,/core/www/modules/match_peptides/blast_html4.php?run_id=110202&search_id=114132&scans_id=110198&peptide_id=24462&scanf=32504&charge=2&value=1,K.DIGFIKLD.-,/core/www/modules/show_out/show_out_wrapper.php?run_id=110202&search_id=114132&scans_id=110198&peptide_id=24462&scanf=32504&charge=2&value=K.DIGFIKLD.-,RPS29,2.302e+7,2.927,0.005,2.300,0.000
32505,3,"  5.022","  0.487",17/60,/core/www/modules//sdig/index.php?run_id=110202&search_id=114132&scans_id=110198&peptide_id=24463&scanf=32505&charge=3&value=17/60,sp|P12814|ACTN1_HUMAN,/core/www/modules//consensus/?run_id=110202&search_id=114132&scans_id=110198&peptide_id=24463&scanf=32505&charge=3&value=sp|P12814|ACTN1_HUMAN,12,/core/www/modules/match_peptides/blast_html4.php?run_id=110202&search_id=114132&scans_id=110198&peptide_id=24463&scanf=32505&charge=3&value=12,K.QFGAQANVIGPWIQTK.M,/core/www/modules/show_out/show_out_wrapper.php?run_id=110202&search_id=114132&scans_id=110198&peptide_id=24463&scanf=32505&charge=3&value=K.QFGAQANVIGPWIQTK.M,ACTN1,6.381e+6,3.262,0.002,2.796,0.000
32508,3,"  4.480","  0.606",17/56,/core/www/modules//sdig/index.php?run_id=110202&search_id=114132&scans_id=110198&peptide_id=24465&scanf=32508&charge=3&value=17/56,sp|P62491|RB11A_HUMAN,/core/www/modules//consensus/?run_id=110202&search_id=114132&scans_id=110198&peptide_id=24465&scanf=32508&charge=3&value=sp|P62491|RB11A_HUMAN,4,/core/www/modules/match_peptides/blast_html4.php?run_id=110202&search_id=114132&scans_id=110198&peptide_id=24465&scanf=32508&charge=3&value=4,R.DHADSNIVIMLVGNK.S,/core/www/modules/show_out/show_out_wrapper.php?run_id=110202&search_id=114132&scans_id=110198&peptide_id=24465&scanf=32508&charge=3&value=R.DHADSNIVIMLVGNK.S,RAB11A,7.401e+6,3.577,0.001,3.262,0.000
32509,3,"  7.043","  0.719",25/80,/core/www/modules//sdig/index.php?run_id=110202&search_id=114132&scans_id=110198&peptide_id=24466&scanf=32509&charge=3&value=25/80,sp|Q12905|ILF2_HUMAN,/core/www/modules//consensus/?run_id=110202&search_id=114132&scans_id=110198&peptide_id=24466&scanf=32509&charge=3&value=sp|Q12905|ILF2_HUMAN,3,/core/www/modules/match_peptides/blast_html4.php?run_id=110202&search_id=114132&scans_id=110198&peptide_id=24466&scanf=32509&charge=3&value=3,K.RNQDLAPNSAEQASILSLVTK.I,/core/www/modules/show_out/show_out_wrapper.php?run_id=110202&search_id=114132&scans_id=110198&peptide_id=24466&scanf=32509&charge=3&value=K.RNQDLAPNSAEQASILSLVTK.I,ILF2,1.828e+7,3.721,0.000,3.475,0.000
32511,3,"  6.404","  0.695",24/104,/core/www/modules//sdig/index.php?run_id=110202&search_id=114132&scans_id=110198&peptide_id=24469&scanf=32511&charge=3&value=24/104,sp|O00299|CLIC1_HUMAN,/core/www/modules//consensus/?run_id=110202&search_id=114132&scans_id=110198&peptide_id=24469&scanf=32511&charge=3&value=sp|O00299|CLIC1_HUMAN,0,/core/www/modules/match_peptides/blast_html4.php?run_id=110202&search_id=114132&scans_id=110198&peptide_id=24469&scanf=32511&charge=3&value=0,K.VLDNYLTSPLPEEVDETSAEDEGVSQR.K,/core/www/modules/show_out/show_out_wrapper.php?run_id=110202&search_id=114132&scans_id=110198&peptide_id=24469&scanf=32511&charge=3&value=K.VLDNYLTSPLPEEVDETSAEDEGVSQR.K,CLIC1,5.215e+6,3.412,0.001,3.018,0.000
32513,3,"  2.930","  0.570",14/40,/core/www/modules//sdig/index.php?run_id=110202&search_id=114132&scans_id=110198&peptide_id=24471&scanf=32513&charge=3&value=14/40,sp|Q13813|SPTN1_HUMAN,/core/www/modules//consensus/?run_id=110202&search_id=114132&scans_id=110198&peptide_id=24471&scanf=32513&charge=3&value=sp|Q13813|SPTN1_HUMAN,2,/core/www/modules/match_peptides/blast_html4.php?run_id=110202&search_id=114132&scans_id=110198&peptide_id=24471&scanf=32513&charge=3&value=2,R.KVEDLFLTFAK.K,/core/www/modules/show_out/show_out_wrapper.php?run_id=110202&search_id=114132&scans_id=110198&peptide_id=24471&scanf=32513&charge=3&value=R.KVEDLFLTFAK.K,SPTAN1,8.276e+6,3.481,0.001,3.120,0.000
32514,3,"  3.047","  0.464",12/52,/core/www/modules//sdig/index.php?run_id=110202&search_id=114132&scans_id=110198&peptide_id=24472&scanf=32514&charge=3&value=12/52,sp|Q9NU22|MDN1_HUMAN,/core/www/modules//consensus/?run_id=110202&search_id=114132&scans_id=110198&peptide_id=24472&scanf=32514&charge=3&value=sp|Q9NU22|MDN1_HUMAN,0,/core/www/modules/match_peptides/blast_html4.php?run_id=110202&search_id=114132&scans_id=110198&peptide_id=24472&scanf=32514&charge=3&value=0,K.LIGNHPDVLPFALR.Y,/core/www/modules/show_out/show_out_wrapper.php?run_id=110202&search_id=114132&scans_id=110198&peptide_id=24472&scanf=32514&charge=3&value=K.LIGNHPDVLPFALR.Y,MDN1,3.543e+6,3.211,0.002,2.720,0.000
32517,2,"  2.135","  0.337",10/18,/core/www/modules//sdig/index.php?run_id=110202&search_id=114132&scans_id=110198&peptide_id=24475&scanf=32517&charge=2&value=10/18,sp|Q13813|SPTN1_HUMAN,/core/www/modules//consensus/?run_id=110202&search_id=114132&scans_id=110198&peptide_id=24475&scanf=32517&charge=2&value=sp|Q13813|SPTN1_HUMAN,2,/core/www/modules/match_peptides/blast_html4.php?run_id=110202&search_id=114132&scans_id=110198&peptide_id=24475&scanf=32517&charge=2&value=2,R.DLASVQALLR.K,/core/www/modules/show_out/show_out_wrapper.php?run_id=110202&search_id=114132&scans_id=110198&peptide_id=24475&scanf=32517&charge=2&value=R.DLASVQALLR.K,SPTAN1,9.037e+6,2.823,0.007,2.147,0.000
32518,2,"  4.003","  0.631",17/30,/core/www/modules//sdig/index.php?run_id=110202&search_id=114132&scans_id=110198&peptide_id=24476&scanf=32518&charge=2&value=17/30,sp|O43491|E41L2_HUMAN,/core/www/modules//consensus/?run_id=110202&search_id=114132&scans_id=110198&peptide_id=24476&scanf=32518&charge=2&value=sp|O43491|E41L2_HUMAN,5,/core/www/modules/match_peptides/blast_html4.php?run_id=110202&search_id=114132&scans_id=110198&peptide_id=24476&scanf=32518&charge=2&value=5,R.SLDGAPIGVMDQSLMK.D,/core/www/modules/show_out/show_out_wrapper.php?run_id=110202&search_id=114132&scans_id=110198&peptide_id=24476&scanf=32518&charge=2&value=R.SLDGAPIGVMDQSLMK.D,EPB41L2,5.186e+6,3.559,0.001,3.236,0.000
32519,3,"  2.091","  0.221",9/64,/core/www/modules//sdig/index.php?run_id=110202&search_id=114132&scans_id=110198&peptide_id=24477&scanf=32519&charge=3&value=9/64,sp|P10809|CH60_HUMAN,/core/www/modules//consensus/?run_id=110202&search_id=114132&scans_id=110198&peptide_id=24477&scanf=32519&charge=3&value=sp|P10809|CH60_HUMAN,3,/core/www/modules/match_peptides/blast_html4.php?run_id=110202&search_id=114132&scans_id=110198&peptide_id=24477&scanf=32519&charge=3&value=3,R.IQEIIEQLDVTTSEYEK.E,/core/www/modules/show_out/show_out_wrapper.php?run_id=110202&search_id=114132&scans_id=110198&peptide_id=24477&scanf=32519&charge=3&value=R.IQEIIEQLDVTTSEYEK.E,HSPD1,9.368e+6,1.858,0.162,0.790,0.008
32520,2,"  1.446","  0.157",5/12,/core/www/modules//sdig/index.php?run_id=110202&search_id=114132&scans_id=110198&peptide_id=24479&scanf=32520&charge=2&value=5/12,sp|Q9HCS7|SYF1_HUMAN,/core/www/modules//consensus/?run_id=110202&search_id=114132&scans_id=110198&peptide_id=24479&scanf=32520&charge=2&value=sp|Q9HCS7|SYF1_HUMAN,0,/core/www/modules/match_peptides/blast_html4.php?run_id=110202&search_id=114132&scans_id=110198&peptide_id=24479&scanf=32520&charge=2&value=0,R.IWPLYLR.F,/core/www/modules/show_out/show_out_wrapper.php?run_id=110202&search_id=114132&scans_id=110198&peptide_id=24479&scanf=32520&charge=2&value=R.IWPLYLR.F,XAB2,2.173e+6,1.899,0.144,0.841,0.007
32524,2,"  2.001","  0.379",6/20,/core/www/modules//sdig/index.php?run_id=110202&search_id=114132&scans_id=110198&peptide_id=24483&scanf=32524&charge=2&value=6/20,sp|P37268|FDFT_HUMAN,/core/www/modules//consensus/?run_id=110202&search_id=114132&scans_id=110198&peptide_id=24483&scanf=32524&charge=2&value=sp|P37268|FDFT_HUMAN,3,/core/www/modules/match_peptides/blast_html4.php?run_id=110202&search_id=114132&scans_id=110198&peptide_id=24483&scanf=32524&charge=2&value=3,R.MGIGMAEFLDK.H,/core/www/modules/show_out/show_out_wrapper.php?run_id=110202&search_id=114132&scans_id=110198&peptide_id=24483&scanf=32524&charge=2&value=R.MGIGMAEFLDK.H,FDFT1,2.077e+6,2.323,0.038,1.419,0.001
32527,3,"  2.579","  0.426",11/64,/core/www/modules//sdig/index.php?run_id=110202&search_id=114132&scans_id=110198&peptide_id=24486&scanf=32527&charge=3&value=11/64,sp|P13667|PDIA4_HUMAN,/core/www/modules//consensus/?run_id=110202&search_id=114132&scans_id=110198&peptide_id=24486&scanf=32527&charge=3&value=sp|P13667|PDIA4_HUMAN,2,/core/www/modules/match_peptides/blast_html4.php?run_id=110202&search_id=114132&scans_id=110198&peptide_id=24486&scanf=32527&charge=3&value=2,R.YKVEGFPTIYFAPSGDK.K,/core/www/modules/show_out/show_out_wrapper.php?run_id=110202&search_id=114132&scans_id=110198&peptide_id=24486&scanf=32527&charge=3&value=R.YKVEGFPTIYFAPSGDK.K,PDIA4,2.391e+6,2.366,0.033,1.480,0.001
32529,2,"  2.842","  0.523",11/20,/core/www/modules//sdig/index.php?run_id=110202&search_id=114132&scans_id=110198&peptide_id=24487&scanf=32529&charge=2&value=11/20,sp|O00303|EIF3F_HUMAN,/core/www/modules//consensus/?run_id=110202&search_id=114132&scans_id=110198&peptide_id=24487&scanf=32529&charge=2&value=sp|O00303|EIF3F_HUMAN,1,/core/www/modules/match_peptides/blast_html4.php?run_id=110202&search_id=114132&scans_id=110198&peptide_id=24487&scanf=32529&charge=2&value=1,R.FLMSLVNQVPK.I,/core/www/modules/show_out/show_out_wrapper.php?run_id=110202&search_id=114132&scans_id=110198&peptide_id=24487&scanf=32529&charge=2&value=R.FLMSLVNQVPK.I,EIF3F,9.680e+6,3.189,0.002,2.688,0.000
32530,4,"  5.223","  0.647",25/114,/core/www/modules//sdig/index.php?run_id=110202&search_id=114132&scans_id=110198&peptide_id=24489&scanf=32530&charge=4&value=25/114,sp|P36578|RL4_HUMAN,/core/www/modules//consensus/?run_id=110202&search_id=114132&scans_id=110198&peptide_id=24489&scanf=32530&charge=4&value=sp|P36578|RL4_HUMAN,1,/core/www/modules/match_peptides/blast_html4.php?run_id=110202&search_id=114132&scans_id=110198&peptide_id=24489&scanf=32530&charge=4&value=1,R.IEEVPELPLVVEDKVEGYKK.T,/core/www/modules/show_out/show_out_wrapper.php?run_id=110202&search_id=114132&scans_id=110198&peptide_id=24489&scanf=32530&charge=4&value=R.IEEVPELPLVVEDKVEGYKK.T,RPL4,1.467e+7,3.374,0.001,2.961,0.000
32532,3,"  6.571","  0.593",27/84,/core/www/modules//sdig/index.php?run_id=110202&search_id=114132&scans_id=110198&peptide_id=24491&scanf=32532&charge=3&value=27/84,sp|Q15233|NONO_HUMAN,/core/www/modules//consensus/?run_id=110202&search_id=114132&scans_id=110198&peptide_id=24491&scanf=32532&charge=3&value=sp|Q15233|NONO_HUMAN,4,/core/www/modules/match_peptides/blast_html4.php?run_id=110202&search_id=114132&scans_id=110198&peptide_id=24491&scanf=32532&charge=3&value=4,R.FGQAATMEGIGAIGGTPPAFNR.A,/core/www/modules/show_out/show_out_wrapper.php?run_id=110202&search_id=114132&scans_id=110198&peptide_id=24491&scanf=32532&charge=3&value=R.FGQAATMEGIGAIGGTPPAFNR.A,NONO,3.062e+7,3.478,0.001,3.115,0.000
32534,3,"  2.507","  0.321",10/64,/core/www/modules//sdig/index.php?run_id=110202&search_id=114132&scans_id=110198&peptide_id=24493&scanf=32534&charge=3&value=10/64,sp|P10809|CH60_HUMAN,/core/www/modules//consensus/?run_id=110202&search_id=114132&scans_id=110198&peptide_id=24493&scanf=32534&charge=3&value=sp|P10809|CH60_HUMAN,3,/core/www/modules/match_peptides/blast_html4.php?run_id=110202&search_id=114132&scans_id=110198&peptide_id=24493&scanf=32534&charge=3&value=3,R.IQEIIEQLDVTTSEYEK.E,/core/www/modules/show_out/show_out_wrapper.php?run_id=110202&search_id=114132&scans_id=110198&peptide_id=24493&scanf=32534&charge=3&value=R.IQEIIEQLDVTTSEYEK.E,HSPD1,9.368e+6,2.136,0.070,1.156,0.002
32535,2,"  2.569","  0.455",10/22,/core/www/modules//sdig/index.php?run_id=110202&search_id=114132&scans_id=110198&peptide_id=24494&scanf=32535&charge=2&value=10/22,sp|P33121|ACSL1_HUMAN,/core/www/modules//consensus/?run_id=110202&search_id=114132&scans_id=110198&peptide_id=24494&scanf=32535&charge=2&value=sp|P33121|ACSL1_HUMAN,4,/core/www/modules/match_peptides/blast_html4.php?run_id=110202&search_id=114132&scans_id=110198&peptide_id=24494&scanf=32535&charge=2&value=4,K.VLQPTVFPVVPR.L,/core/www/modules/show_out/show_out_wrapper.php?run_id=110202&search_id=114132&scans_id=110198&peptide_id=24494&scanf=32535&charge=2&value=K.VLQPTVFPVVPR.L,ACSL1,5.285e+6,2.784,0.008,2.090,0.000
32539,3,"  6.491","  0.225",23/104,/core/www/modules//sdig/index.php?run_id=110202&search_id=114132&scans_id=110198&peptide_id=24498&scanf=32539&charge=3&value=23/104,sp|P07437|TBB5_HUMAN,/core/www/modules//consensus/?run_id=110202&search_id=114132&scans_id=110198&peptide_id=24498&scanf=32539&charge=3&value=sp|P07437|TBB5_HUMAN,0,/core/www/modules/match_peptides/blast_html4.php?run_id=110202&search_id=114132&scans_id=110198&peptide_id=24498&scanf=32539&charge=3&value=0,K.FWEVISDEHGIDPTGTYHGDSDLQLDR.I,/core/www/modules/show_out/show_out_wrapper.php?run_id=110202&search_id=114132&scans_id=110198&peptide_id=24498&scanf=32539&charge=3&value=K.FWEVISDEHGIDPTGTYHGDSDLQLDR.I,TUBB,2.751e+6,1.913,0.138,0.859,0.007
32544,2,"  4.187","  0.634",20/32,/core/www/modules//sdig/index.php?run_id=110202&search_id=114132&scans_id=110198&peptide_id=24504&scanf=32544&charge=2&value=20/32,sp|P10809|CH60_HUMAN,/core/www/modules//consensus/?run_id=110202&search_id=114132&scans_id=110198&peptide_id=24504&scanf=32544&charge=2&value=sp|P10809|CH60_HUMAN,3,/core/www/modules/match_peptides/blast_html4.php?run_id=110202&search_id=114132&scans_id=110198&peptide_id=24504&scanf=32544&charge=2&value=3,R.IQEIIEQLDVTTSEYEK.E,/core/www/modules/show_out/show_out_wrapper.php?run_id=110202&search_id=114132&scans_id=110198&peptide_id=24504&scanf=32544&charge=2&value=R.IQEIIEQLDVTTSEYEK.E,HSPD1,7.436e+6,3.622,0.000,3.329,0.000
32545,2,"  1.984","  0.290",9/18,/core/www/modules//sdig/index.php?run_id=110202&search_id=114132&scans_id=110198&peptide_id=24505&scanf=32545&charge=2&value=9/18,sp|P00492|HPRT_HUMAN,/core/www/modules//consensus/?run_id=110202&search_id=114132&scans_id=110198&peptide_id=24505&scanf=32545&charge=2&value=sp|P00492|HPRT_HUMAN,0,/core/www/modules/match_peptides/blast_html4.php?run_id=110202&search_id=114132&scans_id=110198&peptide_id=24505&scanf=32545&charge=2&value=0,R.SIPMTVDFIR.L,/core/www/modules/show_out/show_out_wrapper.php?run_id=110202&search_id=114132&scans_id=110198&peptide_id=24505&scanf=32545&charge=2&value=R.SIPMTVDFIR.L,HPRT1,5.812e+6,2.349,0.035,1.456,0.001
32546,2,"  2.347","  0.531",10/14,/core/www/modules//sdig/index.php?run_id=110202&search_id=114132&scans_id=110198&peptide_id=24506&scanf=32546&charge=2&value=10/14,sp|O95394|AGM1_HUMAN,/core/www/modules//consensus/?run_id=110202&search_id=114132&scans_id=110198&peptide_id=24506&scanf=32546&charge=2&value=sp|O95394|AGM1_HUMAN,17,/core/www/modules/match_peptides/blast_html4.php?run_id=110202&search_id=114132&scans_id=110198&peptide_id=24506&scanf=32546&charge=2&value=17,R.MGLLAVLR.S,/core/www/modules/show_out/show_out_wrapper.php?run_id=110202&search_id=114132&scans_id=110198&peptide_id=24506&scanf=32546&charge=2&value=R.MGLLAVLR.S,PGM3,2.509e+6,3.580,0.001,3.267,0.000
32548,3,"  2.427","  0.409",12/40,/core/www/modules//sdig/index.php?run_id=110202&search_id=114132&scans_id=110198&peptide_id=24508&scanf=32548&charge=3&value=12/40,sp|Q09666|AHNK_HUMAN,/core/www/modules//consensus/?run_id=110202&search_id=114132&scans_id=110198&peptide_id=24508&scanf=32548&charge=3&value=sp|Q09666|AHNK_HUMAN,1,/core/www/modules/match_peptides/blast_html4.php?run_id=110202&search_id=114132&scans_id=110198&peptide_id=24508&scanf=32548&charge=3&value=1,K.ISMPDFDLHLK.G,/core/www/modules/show_out/show_out_wrapper.php?run_id=110202&search_id=114132&scans_id=110198&peptide_id=24508&scanf=32548&charge=3&value=K.ISMPDFDLHLK.G,AHNAK,3.842e+6,2.968,0.004,2.360,0.000
32554,2,"  2.499","  0.424",13/22,/core/www/modules//sdig/index.php?run_id=110202&search_id=114132&scans_id=110198&peptide_id=24514&scanf=32554&charge=2&value=13/22,sp|P36542|ATPG_HUMAN,/core/www/modules//consensus/?run_id=110202&search_id=114132&scans_id=110198&peptide_id=24514&scanf=32554&charge=2&value=sp|P36542|ATPG_HUMAN,0,/core/www/modules/match_peptides/blast_html4.php?run_id=110202&search_id=114132&scans_id=110198&peptide_id=24514&scanf=32554&charge=2&value=0,R.IYGLGSLALYEK.A,/core/www/modules/show_out/show_out_wrapper.php?run_id=110202&search_id=114132&scans_id=110198&peptide_id=24514&scanf=32554&charge=2&value=R.IYGLGSLALYEK.A,ATP5F1C,1.361e+7,2.840,0.007,2.171,0.000
32556,3,"  2.743","  0.323",10/72,/core/www/modules//sdig/index.php?run_id=110202&search_id=114132&scans_id=110198&peptide_id=24516&scanf=32556&charge=3&value=10/72,sp|P46939|UTRN_HUMAN,/core/www/modules//consensus/?run_id=110202&search_id=114132&scans_id=110198&peptide_id=24516&scanf=32556&charge=3&value=sp|P46939|UTRN_HUMAN,1,/core/www/modules/match_peptides/blast_html4.php?run_id=110202&search_id=114132&scans_id=110198&peptide_id=24516&scanf=32556&charge=3&value=1,K.TVNDLSSQLSPLDLHPSLK.M,/core/www/modules/show_out/show_out_wrapper.php?run_id=110202&search_id=114132&scans_id=110198&peptide_id=24516&scanf=32556&charge=3&value=K.TVNDLSSQLSPLDLHPSLK.M,UTRN,5.186e+6,2.253,0.048,1.320,0.002
32561,3,"  8.657","  0.718",37/84,/core/www/modules//sdig/index.php?run_id=110202&search_id=114132&scans_id=110198&peptide_id=24522&scanf=32561&charge=3&value=37/84,sp|O60506|HNRPQ_HUMAN,/core/www/modules//consensus/?run_id=110202&search_id=114132&scans_id=110198&peptide_id=24522&scanf=32561&charge=3&value=sp|O60506|HNRPQ_HUMAN,7,/core/www/modules/match_peptides/blast_html4.php?run_id=110202&search_id=114132&scans_id=110198&peptide_id=24522&scanf=32561&charge=3&value=7,K.VAEKLDEIYVAGLVAHSDLDER.A,/core/www/modules/show_out/show_out_wrapper.php?run_id=110202&search_id=114132&scans_id=110198&peptide_id=24522&scanf=32561&charge=3&value=K.VAEKLDEIYVAGLVAHSDLDER.A,SYNCRIP,6.250e+6,3.795,0.000,3.586,0.000
32562,3,"  6.470","  0.726",28/112,/core/www/modules//sdig/index.php?run_id=110202&search_id=114132&scans_id=110198&peptide_id=24523&scanf=32562&charge=3&value=28/112,sp|P09012|SNRPA_HUMAN,/core/www/modules//consensus/?run_id=110202&search_id=114132&scans_id=110198&peptide_id=24523&scanf=32562&charge=3&value=sp|P09012|SNRPA_HUMAN,2,/core/www/modules/match_peptides/blast_html4.php?run_id=110202&search_id=114132&scans_id=110198&peptide_id=24523&scanf=32562&charge=3&value=2,K.AVQGGGATPVVGAVQGPVPGMPPMTQAPR.I,/core/www/modules/show_out/show_out_wrapper.php?run_id=110202&search_id=114132&scans_id=110198&peptide_id=24523&scanf=32562&charge=3&value=K.AVQGGGATPVVGAVQGPVPGMPPMTQAPR.I,SNRPA,3.526e+6,3.520,0.001,3.177,0.000
32563,2,"  3.445","  0.616",15/26,/core/www/modules//sdig/index.php?run_id=110202&search_id=114132&scans_id=110198&peptide_id=24524&scanf=32563&charge=2&value=15/26,sp|O95571|ETHE1_HUMAN,/core/www/modules//consensus/?run_id=110202&search_id=114132&scans_id=110198&peptide_id=24524&scanf=32563&charge=2&value=sp|O95571|ETHE1_HUMAN,2,/core/www/modules/match_peptides/blast_html4.php?run_id=110202&search_id=114132&scans_id=110198&peptide_id=24524&scanf=32563&charge=2&value=2,R.EAVLIDPVLETAPR.D,/core/www/modules/show_out/show_out_wrapper.php?run_id=110202&search_id=114132&scans_id=110198&peptide_id=24524&scanf=32563&charge=2&value=R.EAVLIDPVLETAPR.D,ETHE1,8.490e+6,3.504,0.001,3.154,0.000
32565,2,"  2.307","  0.347",9/18,/core/www/modules//sdig/index.php?run_id=110202&search_id=114132&scans_id=110198&peptide_id=24526&scanf=32565&charge=2&value=9/18,sp|P09960|LKHA4_HUMAN,/core/www/modules//consensus/?run_id=110202&search_id=114132&scans_id=110198&peptide_id=24526&scanf=32565&charge=2&value=sp|P09960|LKHA4_HUMAN,0,/core/www/modules/match_peptides/blast_html4.php?run_id=110202&search_id=114132&scans_id=110198&peptide_id=24526&scanf=32565&charge=2&value=0,K.WEDAIPLALK.M,/core/www/modules/show_out/show_out_wrapper.php?run_id=110202&search_id=114132&scans_id=110198&peptide_id=24526&scanf=32565&charge=2&value=K.WEDAIPLALK.M,LTA4H,2.247e+6,2.590,0.016,1.805,0.000
32566,2,"  2.216","  0.277",9/18,/core/www/modules//sdig/index.php?run_id=110202&search_id=114132&scans_id=110198&peptide_id=24527&scanf=32566&charge=2&value=9/18,sp|Q9UK61|TASOR_HUMAN,/core/www/modules//consensus/?run_id=110202&search_id=114132&scans_id=110198&peptide_id=24527&scanf=32566&charge=2&value=sp|Q9UK61|TASOR_HUMAN,0,/core/www/modules/match_peptides/blast_html4.php?run_id=110202&search_id=114132&scans_id=110198&peptide_id=24527&scanf=32566&charge=2&value=0,R.EFIMFPYDSR.L,/core/www/modules/show_out/show_out_wrapper.php?run_id=110202&search_id=114132&scans_id=110198&peptide_id=24527&scanf=32566&charge=2&value=R.EFIMFPYDSR.L,TASOR,2.579e+6,2.389,0.031,1.513,0.001
32573,2,"  4.469","  0.614",18/30,/core/www/modules//sdig/index.php?run_id=110202&search_id=114132&scans_id=110198&peptide_id=24534&scanf=32573&charge=2&value=18/30,sp|Q13151|ROA0_HUMAN,/core/www/modules//consensus/?run_id=110202&search_id=114132&scans_id=110198&peptide_id=24534&scanf=32573&charge=2&value=sp|Q13151|ROA0_HUMAN,0,/core/www/modules/match_peptides/blast_html4.php?run_id=110202&search_id=114132&scans_id=110198&peptide_id=24534&scanf=32573&charge=2&value=0,K.LFIGGLNVQTSESGLR.G,/core/www/modules/show_out/show_out_wrapper.php?run_id=110202&search_id=114132&scans_id=110198&peptide_id=24534&scanf=32573&charge=2&value=K.LFIGGLNVQTSESGLR.G,HNRNPA0,6.175e+7,3.399,0.001,2.998,0.000
32574,3,"  4.675","  0.725",21/68,/core/www/modules//sdig/index.php?run_id=110202&search_id=114132&scans_id=110198&peptide_id=24535&scanf=32574&charge=3&value=21/68,sp|P24534|EF1B_HUMAN,/core/www/modules//consensus/?run_id=110202&search_id=114132&scans_id=110198&peptide_id=24535&scanf=32574&charge=3&value=sp|P24534|EF1B_HUMAN,0,/core/www/modules/match_peptides/blast_html4.php?run_id=110202&search_id=114132&scans_id=110198&peptide_id=24535&scanf=32574&charge=3&value=0,K.SSILLDVKPWDDETDMAK.L,/core/www/modules/show_out/show_out_wrapper.php?run_id=110202&search_id=114132&scans_id=110198&peptide_id=24535&scanf=32574&charge=3&value=K.SSILLDVKPWDDETDMAK.L,EEF1B2,2.022e+7,3.873,0.000,3.701,0.000
32575,2,"  3.326","  0.563",16/32,/core/www/modules//sdig/index.php?run_id=110202&search_id=114132&scans_id=110198&peptide_id=24536&scanf=32575&charge=2&value=16/32,sp|Q9UIG0|BAZ1B_HUMAN,/core/www/modules//consensus/?run_id=110202&search_id=114132&scans_id=110198&peptide_id=24536&scanf=32575&charge=2&value=sp|Q9UIG0|BAZ1B_HUMAN,0,/core/www/modules/match_peptides/blast_html4.php?run_id=110202&search_id=114132&scans_id=110198&peptide_id=24536&scanf=32575&charge=2&value=0,K.FEPQVDTEAEDMISAVK.S,/core/www/modules/show_out/show_out_wrapper.php?run_id=110202&search_id=114132&scans_id=110198&peptide_id=24536&scanf=32575&charge=2&value=K.FEPQVDTEAEDMISAVK.S,BAZ1B,1.173e+7,3.052,0.003,2.485,0.000
32577,3,"  9.364","  0.676",30/84,/core/www/modules//sdig/index.php?run_id=110202&search_id=114132&scans_id=110198&peptide_id=24538&scanf=32577&charge=3&value=30/84,sp|O60506|HNRPQ_HUMAN,/core/www/modules//consensus/?run_id=110202&search_id=114132&scans_id=110198&peptide_id=24538&scanf=32577&charge=3&value=sp|O60506|HNRPQ_HUMAN,7,/core/www/modules/match_peptides/blast_html4.php?run_id=110202&search_id=114132&scans_id=110198&peptide_id=24538&scanf=32577&charge=3&value=7,K.VAEKLDEIYVAGLVAHSDLDER.A,/core/www/modules/show_out/show_out_wrapper.php?run_id=110202&search_id=114132&scans_id=110198&peptide_id=24538&scanf=32577&charge=3&value=K.VAEKLDEIYVAGLVAHSDLDER.A,SYNCRIP,6.250e+6,3.724,0.000,3.480,0.000
32578,2,"  3.043","  0.458",12/24,/core/www/modules//sdig/index.php?run_id=110202&search_id=114132&scans_id=110198&peptide_id=24539&scanf=32578&charge=2&value=12/24,sp|Q969X6|UTP4_HUMAN,/core/www/modules//consensus/?run_id=110202&search_id=114132&scans_id=110198&peptide_id=24539&scanf=32578&charge=2&value=sp|Q969X6|UTP4_HUMAN,4,/core/www/modules/match_peptides/blast_html4.php?run_id=110202&search_id=114132&scans_id=110198&peptide_id=24539&scanf=32578&charge=2&value=4,R.SALQILFSEDSTK.L,/core/www/modules/show_out/show_out_wrapper.php?run_id=110202&search_id=114132&scans_id=110198&peptide_id=24539&scanf=32578&charge=2&value=R.SALQILFSEDSTK.L,UTP4,6.780e+6,2.839,0.007,2.171,0.000
32580,2,"  2.002","  0.590",9/18,/core/www/modules//sdig/index.php?run_id=110202&search_id=114132&scans_id=110198&peptide_id=24542&scanf=32580&charge=2&value=9/18,sp|Q16531|DDB1_HUMAN,/core/www/modules//consensus/?run_id=110202&search_id=114132&scans_id=110198&peptide_id=24542&scanf=32580&charge=2&value=sp|Q16531|DDB1_HUMAN,7,/core/www/modules/match_peptides/blast_html4.php?run_id=110202&search_id=114132&scans_id=110198&peptide_id=24542&scanf=32580&charge=2&value=7,K.YLAIAPPIIK.Q,/core/www/modules/show_out/show_out_wrapper.php?run_id=110202&search_id=114132&scans_id=110198&peptide_id=24542&scanf=32580&charge=2&value=K.YLAIAPPIIK.Q,DDB1,1.736e+7,3.437,0.001,3.054,0.000
32582,3,"  5.115","  0.694",19/80,/core/www/modules//sdig/index.php?run_id=110202&search_id=114132&scans_id=110198&peptide_id=24544&scanf=32582&charge=3&value=19/80,sp|Q13435|SF3B2_HUMAN,/core/www/modules//consensus/?run_id=110202&search_id=114132&scans_id=110198&peptide_id=24544&scanf=32582&charge=3&value=sp|Q13435|SF3B2_HUMAN,1,/core/www/modules/match_peptides/blast_html4.php?run_id=110202&search_id=114132&scans_id=110198&peptide_id=24544&scanf=32582&charge=3&value=1,K.IEEAMDGSETPQLFTVLPEKR.T,/core/www/modules/show_out/show_out_wrapper.php?run_id=110202&search_id=114132&scans_id=110198&peptide_id=24544&scanf=32582&charge=3&value=K.IEEAMDGSETPQLFTVLPEKR.T,SF3B2,2.319e+6,3.365,0.001,2.949,0.000
32585,3,"  6.148","  0.740",26/92,/core/www/modules//sdig/index.php?run_id=110202&search_id=114132&scans_id=110198&peptide_id=24547&scanf=32585&charge=3&value=26/92,sp|P27797|CALR_HUMAN,/core/www/modules//consensus/?run_id=110202&search_id=114132&scans_id=110198&peptide_id=24547&scanf=32585&charge=3&value=sp|P27797|CALR_HUMAN,3,/core/www/modules/match_peptides/blast_html4.php?run_id=110202&search_id=114132&scans_id=110198&peptide_id=24547&scanf=32585&charge=3&value=3,K.KPEDWDEEMDGEWEPPVIQNPEYK.G,/core/www/modules/show_out/show_out_wrapper.php?run_id=110202&search_id=114132&scans_id=110198&peptide_id=24547&scanf=32585&charge=3&value=K.KPEDWDEEMDGEWEPPVIQNPEYK.G,CALR,6.950e+6,3.789,0.000,3.576,0.000
32586,3,"  4.878","  0.521",12/80,/core/www/modules//sdig/index.php?run_id=110202&search_id=114132&scans_id=110198&peptide_id=24548&scanf=32586&charge=3&value=12/80,sp|P60709|ACTB_HUMAN,/core/www/modules//consensus/?run_id=110202&search_id=114132&scans_id=110198&peptide_id=24548&scanf=32586&charge=3&value=sp|P60709|ACTB_HUMAN,6,/core/www/modules/match_peptides/blast_html4.php?run_id=110202&search_id=114132&scans_id=110198&peptide_id=24548&scanf=32586&charge=3&value=6,K.DLYANTVLSGGTTM*YPGIADR.M,/core/www/modules/show_out/show_out_wrapper.php?run_id=110202&search_id=114132&scans_id=110198&peptide_id=24548&scanf=32586&charge=3&value=K.DLYANTVLSGGTTM*YPGIADR.M,ACTB,3.031e+8,3.437,0.001,3.055,0.000
32588,2,"  3.288","  0.524",13/20,/core/www/modules//sdig/index.php?run_id=110202&search_id=114132&scans_id=110198&peptide_id=24550&scanf=32588&charge=2&value=13/20,sp|Q12899|TRI26_HUMAN,/core/www/modules//consensus/?run_id=110202&search_id=114132&scans_id=110198&peptide_id=24550&scanf=32588&charge=2&value=sp|Q12899|TRI26_HUMAN,1,/core/www/modules/match_peptides/blast_html4.php?run_id=110202&search_id=114132&scans_id=110198&peptide_id=24550&scanf=32588&charge=2&value=1,R.LALVISELEGK.A,/core/www/modules/show_out/show_out_wrapper.php?run_id=110202&search_id=114132&scans_id=110198&peptide_id=24550&scanf=32588&charge=2&value=R.LALVISELEGK.A,TRIM26,2.363e+6,3.420,0.001,3.029,0.000
32590,3,"  3.553","  0.483",14/68,/core/www/modules//sdig/index.php?run_id=110202&search_id=114132&scans_id=110198&peptide_id=24553&scanf=32590&charge=3&value=14/68,sp|P82664|RT10_HUMAN,/core/www/modules//consensus/?run_id=110202&search_id=114132&scans_id=110198&peptide_id=24553&scanf=32590&charge=3&value=sp|P82664|RT10_HUMAN,0,/core/www/modules/match_peptides/blast_html4.php?run_id=110202&search_id=114132&scans_id=110198&peptide_id=24553&scanf=32590&charge=3&value=0,K.DLTKPVVTISDEPDILYK.R,/core/www/modules/show_out/show_out_wrapper.php?run_id=110202&search_id=114132&scans_id=110198&peptide_id=24553&scanf=32590&charge=3&value=K.DLTKPVVTISDEPDILYK.R,MRPS10,2.818e+6,2.858,0.006,2.199,0.000
32593,2,"  3.218","  0.440",13/20,/core/www/modules//sdig/index.php?run_id=110202&search_id=114132&scans_id=110198&peptide_id=24555&scanf=32593&charge=2&value=13/20,sp|P08670|VIME_HUMAN,/core/www/modules//consensus/?run_id=110202&search_id=114132&scans_id=110198&peptide_id=24555&scanf=32593&charge=2&value=sp|P08670|VIME_HUMAN,4,/core/www/modules/match_peptides/blast_html4.php?run_id=110202&search_id=114132&scans_id=110198&peptide_id=24555&scanf=32593&charge=2&value=4,K.MALDIEIATYR.K,/core/www/modules/show_out/show_out_wrapper.php?run_id=110202&search_id=114132&scans_id=110198&peptide_id=24555&scanf=32593&charge=2&value=K.MALDIEIATYR.K,VIM,1.139e+8,3.574,0.001,3.258,0.000
32594,2,"  4.446","  0.691",19/30,/core/www/modules//sdig/index.php?run_id=110202&search_id=114132&scans_id=110198&peptide_id=24556&scanf=32594&charge=2&value=19/30,sp|P51531|SMCA2_HUMAN,/core/www/modules//consensus/?run_id=110202&search_id=114132&scans_id=110198&peptide_id=24556&scanf=32594&charge=2&value=sp|P51531|SMCA2_HUMAN,2,/core/www/modules/match_peptides/blast_html4.php?run_id=110202&search_id=114132&scans_id=110198&peptide_id=24556&scanf=32594&charge=2&value=2,R.IQELENLPGSLPPDLR.T,/core/www/modules/show_out/show_out_wrapper.php?run_id=110202&search_id=114132&scans_id=110198&peptide_id=24556&scanf=32594&charge=2&value=R.IQELENLPGSLPPDLR.T,SMARCA2,2.162e+7,4.085,0.000,4.016,0.000
32597,3,"  3.748","  0.465",14/56,/core/www/modules//sdig/index.php?run_id=110202&search_id=114132&scans_id=110198&peptide_id=24559&scanf=32597&charge=3&value=14/56,sp|O00267|SPT5H_HUMAN,/core/www/modules//consensus/?run_id=110202&search_id=114132&scans_id=110198&peptide_id=24559&scanf=32597&charge=3&value=sp|O00267|SPT5H_HUMAN,0,/core/www/modules/match_peptides/blast_html4.php?run_id=110202&search_id=114132&scans_id=110198&peptide_id=24559&scanf=32597&charge=3&value=0,R.KFIAYQFTDTPLQIK.S,/core/www/modules/show_out/show_out_wrapper.php?run_id=110202&search_id=114132&scans_id=110198&peptide_id=24559&scanf=32597&charge=3&value=R.KFIAYQFTDTPLQIK.S,SUPT5H,3.496e+6,2.746,0.009,2.034,0.000
32598,2,"  3.667","  0.618",13/28,/core/www/modules//sdig/index.php?run_id=110202&search_id=114132&scans_id=110198&peptide_id=24560&scanf=32598&charge=2&value=13/28,sp|Q96ME7|ZN512_HUMAN,/core/www/modules//consensus/?run_id=110202&search_id=114132&scans_id=110198&peptide_id=24560&scanf=32598&charge=2&value=sp|Q96ME7|ZN512_HUMAN,1,/core/www/modules/match_peptides/blast_html4.php?run_id=110202&search_id=114132&scans_id=110198&peptide_id=24560&scanf=32598&charge=2&value=1,R.QQPGIELPETELSLR.V,/core/www/modules/show_out/show_out_wrapper.php?run_id=110202&search_id=114132&scans_id=110198&peptide_id=24560&scanf=32598&charge=2&value=R.QQPGIELPETELSLR.V,ZNF512,5.475e+6,3.321,0.001,2.883,0.000
32600,2,"  2.122","  0.399",8/14,/core/www/modules//sdig/index.php?run_id=110202&search_id=114132&scans_id=110198&peptide_id=24563&scanf=32600&charge=2&value=8/14,sp|P07195|LDHB_HUMAN,/core/www/modules//consensus/?run_id=110202&search_id=114132&scans_id=110198&peptide_id=24563&scanf=32600&charge=2&value=sp|P07195|LDHB_HUMAN,4,/core/www/modules/match_peptides/blast_html4.php?run_id=110202&search_id=114132&scans_id=110198&peptide_id=24563&scanf=32600&charge=2&value=4,K.FIIPQIVK.Y,/core/www/modules/show_out/show_out_wrapper.php?run_id=110202&search_id=114132&scans_id=110198&peptide_id=24563&scanf=32600&charge=2&value=K.FIIPQIVK.Y,LDHB,3.015e+7,2.942,0.005,2.323,0.000
32602,2,"  1.673","  0.205",8/12,/core/www/modules//sdig/index.php?run_id=110202&search_id=114132&scans_id=110198&peptide_id=24565&scanf=32602&charge=2&value=8/12,sp|P15311|EZRI_HUMAN,/core/www/modules//consensus/?run_id=110202&search_id=114132&scans_id=110198&peptide_id=24565&scanf=32602&charge=2&value=sp|P15311|EZRI_HUMAN,9,/core/www/modules/match_peptides/blast_html4.php?run_id=110202&search_id=114132&scans_id=110198&peptide_id=24565&scanf=32602&charge=2&value=9,K.LFFLQVK.E,/core/www/modules/show_out/show_out_wrapper.php?run_id=110202&search_id=114132&scans_id=110198&peptide_id=24565&scanf=32602&charge=2&value=K.LFFLQVK.E,EZR,1.757e+7,2.526,0.019,1.712,0.000
32604,2,"  4.110","  0.669",18/32,/core/www/modules//sdig/index.php?run_id=110202&search_id=114132&scans_id=110198&peptide_id=24567&scanf=32604&charge=2&value=18/32,sp|P30041|PRDX6_HUMAN,/core/www/modules//consensus/?run_id=110202&search_id=114132&scans_id=110198&peptide_id=24567&scanf=32604&charge=2&value=sp|P30041|PRDX6_HUMAN,0,/core/www/modules/match_peptides/blast_html4.php?run_id=110202&search_id=114132&scans_id=110198&peptide_id=24567&scanf=32604&charge=2&value=0,K.DGDSVMVLPTIPEEEAK.K,/core/www/modules/show_out/show_out_wrapper.php?run_id=110202&search_id=114132&scans_id=110198&peptide_id=24567&scanf=32604&charge=2&value=K.DGDSVMVLPTIPEEEAK.K,PRDX6,5.692e+6,3.619,0.000,3.325,0.000
32605,3,"  4.685","  0.666",14/56,/core/www/modules//sdig/index.php?run_id=110202&search_id=114132&scans_id=110198&peptide_id=24568&scanf=32605&charge=3&value=14/56,sp|P30050|RL12_HUMAN,/core/www/modules//consensus/?run_id=110202&search_id=114132&scans_id=110198&peptide_id=24568&scanf=32605&charge=3&value=sp|P30050|RL12_HUMAN,0,/core/www/modules/match_peptides/blast_html4.php?run_id=110202&search_id=114132&scans_id=110198&peptide_id=24568&scanf=32605&charge=3&value=0,K.HSGNITFDEIVNIAR.Q,/core/www/modules/show_out/show_out_wrapper.php?run_id=110202&search_id=114132&scans_id=110198&peptide_id=24568&scanf=32605&charge=3&value=K.HSGNITFDEIVNIAR.Q,RPL12,1.331e+8,3.736,0.000,3.498,0.000
32606,2,"  2.059","  0.252",8/14,/core/www/modules//sdig/index.php?run_id=110202&search_id=114132&scans_id=110198&peptide_id=24569&scanf=32606&charge=2&value=8/14,sp|Q6P2Q9|PRP8_HUMAN,/core/www/modules//consensus/?run_id=110202&search_id=114132&scans_id=110198&peptide_id=24569&scanf=32606&charge=2&value=sp|Q6P2Q9|PRP8_HUMAN,1,/core/www/modules/match_peptides/blast_html4.php?run_id=110202&search_id=114132&scans_id=110198&peptide_id=24569&scanf=32606&charge=2&value=1,K.LLILALER.L,/core/www/modules/show_out/show_out_wrapper.php?run_id=110202&search_id=114132&scans_id=110198&peptide_id=24569&scanf=32606&charge=2&value=K.LLILALER.L,PRPF8,2.737e+7,2.766,0.009,2.063,0.000
32607,2,"  1.898","  0.242",9/16,/core/www/modules//sdig/index.php?run_id=110202&search_id=114132&scans_id=110198&peptide_id=24570&scanf=32607&charge=2&value=9/16,sp|Q6ZRS2|SRCAP_HUMAN,/core/www/modules//consensus/?run_id=110202&search_id=114132&scans_id=110198&peptide_id=24570&scanf=32607&charge=2&value=sp|Q6ZRS2|SRCAP_HUMAN,2,/core/www/modules/match_peptides/blast_html4.php?run_id=110202&search_id=114132&scans_id=110198&peptide_id=24570&scanf=32607&charge=2&value=2,K.LQTLAVLLR.Q,/core/www/modules/show_out/show_out_wrapper.php?run_id=110202&search_id=114132&scans_id=110198&peptide_id=24570&scanf=32607&charge=2&value=K.LQTLAVLLR.Q,SRCAP,2.564e+6,2.343,0.036,1.448,0.001
32608,2,"  3.738","  0.710",16/26,/core/www/modules//sdig/index.php?run_id=110202&search_id=114132&scans_id=110198&peptide_id=24571&scanf=32608&charge=2&value=16/26,sp|Q1KMD3|HNRL2_HUMAN,/core/www/modules//consensus/?run_id=110202&search_id=114132&scans_id=110198&peptide_id=24571&scanf=32608&charge=2&value=sp|Q1KMD3|HNRL2_HUMAN,1,/core/www/modules/match_peptides/blast_html4.php?run_id=110202&search_id=114132&scans_id=110198&peptide_id=24571&scanf=32608&charge=2&value=1,R.YNVLGAETVLNQMR.M,/core/www/modules/show_out/show_out_wrapper.php?run_id=110202&search_id=114132&scans_id=110198&peptide_id=24571&scanf=32608&charge=2&value=R.YNVLGAETVLNQMR.M,HNRNPUL2,2.435e+7,3.954,0.000,3.822,0.000
32610,2,"  2.509","  0.463",11/22,/core/www/modules//sdig/index.php?run_id=110202&search_id=114132&scans_id=110198&peptide_id=24574&scanf=32610&charge=2&value=11/22,sp|Q01831|XPC_HUMAN,/core/www/modules//consensus/?run_id=110202&search_id=114132&scans_id=110198&peptide_id=24574&scanf=32610&charge=2&value=sp|Q01831|XPC_HUMAN,0,/core/www/modules/match_peptides/blast_html4.php?run_id=110202&search_id=114132&scans_id=110198&peptide_id=24574&scanf=32610&charge=2&value=0,R.DVDTYYLSNLVK.W,/core/www/modules/show_out/show_out_wrapper.php?run_id=110202&search_id=114132&scans_id=110198&peptide_id=24574&scanf=32610&charge=2&value=R.DVDTYYLSNLVK.W,XPC,3.386e+6,2.925,0.005,2.297,0.000
32614,3," 10.137","  0.709",31/92,/core/www/modules//sdig/index.php?run_id=110202&search_id=114132&scans_id=110198&peptide_id=24577&scanf=32614&charge=3&value=31/92,sp|P78527|PRKDC_HUMAN,/core/www/modules//consensus/?run_id=110202&search_id=114132&scans_id=110198&peptide_id=24577&scanf=32614&charge=3&value=sp|P78527|PRKDC_HUMAN,1,/core/www/modules/match_peptides/blast_html4.php?run_id=110202&search_id=114132&scans_id=110198&peptide_id=24577&scanf=32614&charge=3&value=1,R.KEEENASVIDSAELQAYPALVVEK.M,/core/www/modules/show_out/show_out_wrapper.php?run_id=110202&search_id=114132&scans_id=110198&peptide_id=24577&scanf=32614&charge=3&value=R.KEEENASVIDSAELQAYPALVVEK.M,PRKDC,3.661e+7,4.510,0.000,4.646,0.000
32615,3,"  3.367","  0.469",13/68,/core/www/modules//sdig/index.php?run_id=110202&search_id=114132&scans_id=110198&peptide_id=24578&scanf=32615&charge=3&value=13/68,IgG1_bovine,/core/www/modules//consensus/?run_id=110202&search_id=114132&scans_id=110198&peptide_id=24578&scanf=32615&charge=3&value=IgG1_bovine,1,/core/www/modules/match_peptides/blast_html4.php?run_id=110202&search_id=114132&scans_id=110198&peptide_id=24578&scanf=32615&charge=3&value=1,K.FSWFVDDVEVNTATTKPR.E,/core/www/modules/show_out/show_out_wrapper.php?run_id=110202&search_id=114132&scans_id=110198&peptide_id=24578&scanf=32615&charge=3&value=K.FSWFVDDVEVNTATTKPR.E,,1.071e+7,2.736,0.010,2.019,0.000
32617,2,"  2.226","  0.343",9/22,/core/www/modules//sdig/index.php?run_id=110202&search_id=114132&scans_id=110198&peptide_id=24580&scanf=32617&charge=2&value=9/22,sp|P78358|CTG1B_HUMAN,/core/www/modules//consensus/?run_id=110202&search_id=114132&scans_id=110198&peptide_id=24580&scanf=32617&charge=2&value=sp|P78358|CTG1B_HUMAN,0,/core/www/modules/match_peptides/blast_html4.php?run_id=110202&search_id=114132&scans_id=110198&peptide_id=24580&scanf=32617&charge=2&value=0,K.EFTVSGNILTIR.L,/core/www/modules/show_out/show_out_wrapper.php?run_id=110202&search_id=114132&scans_id=110198&peptide_id=24580&scanf=32617&charge=2&value=K.EFTVSGNILTIR.L,CTAG1B,3.613e+6,2.273,0.045,1.349,0.002
32619,3,"  4.494","  0.529",19/56,/core/www/modules//sdig/index.php?run_id=110202&search_id=114132&scans_id=110198&peptide_id=24582&scanf=32619&charge=3&value=19/56,sp|Q9UM54|MYO6_HUMAN,/core/www/modules//consensus/?run_id=110202&search_id=114132&scans_id=110198&peptide_id=24582&scanf=32619&charge=3&value=sp|Q9UM54|MYO6_HUMAN,11,/core/www/modules/match_peptides/blast_html4.php?run_id=110202&search_id=114132&scans_id=110198&peptide_id=24582&scanf=32619&charge=3&value=11,K.SSVVGGFVSHYLLEK.S,/core/www/modules/show_out/show_out_wrapper.php?run_id=110202&search_id=114132&scans_id=110198&peptide_id=24582&scanf=32619&charge=3&value=K.SSVVGGFVSHYLLEK.S,MYO6,3.672e+6,3.243,0.002,2.768,0.000
32620,4,"  2.826","  0.450",18/90,/core/www/modules//sdig/index.php?run_id=110202&search_id=114132&scans_id=110198&peptide_id=24584&scanf=32620&charge=4&value=18/90,sp|P58557|YBEY_HUMAN,/core/www/modules//consensus/?run_id=110202&search_id=114132&scans_id=110198&peptide_id=24584&scanf=32620&charge=4&value=sp|P58557|YBEY_HUMAN,0,/core/www/modules/match_peptides/blast_html4.php?run_id=110202&search_id=114132&scans_id=110198&peptide_id=24584&scanf=32620&charge=4&value=0,R.NVPTDVLSFPFHEHLK.A,/core/www/modules/show_out/show_out_wrapper.php?run_id=110202&search_id=114132&scans_id=110198&peptide_id=24584&scanf=32620&charge=4&value=R.NVPTDVLSFPFHEHLK.A,YBEY,6.992e+6,3.234,0.002,2.754,0.000
32621,2,"  2.182","  0.292",11/28,/core/www/modules//sdig/index.php?run_id=110202&search_id=114132&scans_id=110198&peptide_id=24585&scanf=32621&charge=2&value=11/28,sp|P18583|SON_HUMAN,/core/www/modules//consensus/?run_id=110202&search_id=114132&scans_id=110198&peptide_id=24585&scanf=32621&charge=2&value=sp|P18583|SON_HUMAN,1,/core/www/modules/match_peptides/blast_html4.php?run_id=110202&search_id=114132&scans_id=110198&peptide_id=24585&scanf=32621&charge=2&value=1,K.GIEFTTASTLSLVNK.Y,/core/www/modules/show_out/show_out_wrapper.php?run_id=110202&search_id=114132&scans_id=110198&peptide_id=24585&scanf=32621&charge=2&value=K.GIEFTTASTLSLVNK.Y,SON,3.130e+6,2.218,0.054,1.271,0.002
32623,2,"  2.721","  0.564",11/24,/core/www/modules//sdig/index.php?run_id=110202&search_id=114132&scans_id=110198&peptide_id=24587&scanf=32623&charge=2&value=11/24,sp|P78406|RAE1L_HUMAN,/core/www/modules//consensus/?run_id=110202&search_id=114132&scans_id=110198&peptide_id=24587&scanf=32623&charge=2&value=sp|P78406|RAE1L_HUMAN,2,/core/www/modules/match_peptides/blast_html4.php?run_id=110202&search_id=114132&scans_id=110198&peptide_id=24587&scanf=32623&charge=2&value=2,R.SSNPMMVLQLPER.C,/core/www/modules/show_out/show_out_wrapper.php?run_id=110202&search_id=114132&scans_id=110198&peptide_id=24587&scanf=32623&charge=2&value=R.SSNPMMVLQLPER.C,RAE1,4.677e+6,3.170,0.002,2.659,0.000
32624,4,"  6.922","  0.551",21/174,/core/www/modules//sdig/index.php?run_id=110202&search_id=114132&scans_id=110198&peptide_id=24588&scanf=32624&charge=4&value=21/174,sp|O96019|ACL6A_HUMAN,/core/www/modules//consensus/?run_id=110202&search_id=114132&scans_id=110198&peptide_id=24588&scanf=32624&charge=4&value=sp|O96019|ACL6A_HUMAN,0,/core/www/modules/match_peptides/blast_html4.php?run_id=110202&search_id=114132&scans_id=110198&peptide_id=24588&scanf=32624&charge=4&value=0,R.STGLILDSGATHTTAIPVHDGYVLQQGIVK.S,/core/www/modules/show_out/show_out_wrapper.php?run_id=110202&search_id=114132&scans_id=110198&peptide_id=24588&scanf=32624&charge=4&value=R.STGLILDSGATHTTAIPVHDGYVLQQGIVK.S,ACTL6A,3.985e+7,3.224,0.002,2.739,0.000
32625,3,"  6.415","  0.629",28/88,/core/www/modules//sdig/index.php?run_id=110202&search_id=114132&scans_id=110198&peptide_id=24589&scanf=32625&charge=3&value=28/88,sp|Q12906|ILF3_HUMAN,/core/www/modules//consensus/?run_id=110202&search_id=114132&scans_id=110198&peptide_id=24589&scanf=32625&charge=3&value=sp|Q12906|ILF3_HUMAN,6,/core/www/modules/match_peptides/blast_html4.php?run_id=110202&search_id=114132&scans_id=110198&peptide_id=24589&scanf=32625&charge=3&value=6,K.HSSVYPTQEELEAVQNMVSHTER.A,/core/www/modules/show_out/show_out_wrapper.php?run_id=110202&search_id=114132&scans_id=110198&peptide_id=24589&scanf=32625&charge=3&value=K.HSSVYPTQEELEAVQNMVSHTER.A,ILF3,1.166e+7,3.626,0.000,3.335,0.000
32626,3,"  2.864","  0.000",9/64,/core/www/modules//sdig/index.php?run_id=110202&search_id=114132&scans_id=110198&peptide_id=24590&scanf=32626&charge=3&value=9/64,tr|K7ENY9|K7ENY9_HUMAN,/core/www/modules//consensus/?run_id=110202&search_id=114132&scans_id=110198&peptide_id=24590&scanf=32626&charge=3&value=tr|K7ENY9|K7ENY9_HUMAN,0,/core/www/modules/match_peptides/blast_html4.php?run_id=110202&search_id=114132&scans_id=110198&peptide_id=24590&scanf=32626&charge=3&value=0,-.XKQEQGVESEPLFPILK.Q,/core/www/modules/show_out/show_out_wrapper.php?run_id=110202&search_id=114132&scans_id=110198&peptide_id=24590&scanf=32626&charge=3&value=-.XKQEQGVESEPLFPILK.Q,CACTIN,3.443e+6,2.122,0.073,1.137,0.002
32628,2,"  2.383","  0.551",10/26,/core/www/modules//sdig/index.php?run_id=110202&search_id=114132&scans_id=110198&peptide_id=24592&scanf=32628&charge=2&value=10/26,sp|Q9GZT3|SLIRP_HUMAN,/core/www/modules//consensus/?run_id=110202&search_id=114132&scans_id=110198&peptide_id=24592&scanf=32628&charge=2&value=sp|Q9GZT3|SLIRP_HUMAN,5,/core/www/modules/match_peptides/blast_html4.php?run_id=110202&search_id=114132&scans_id=110198&peptide_id=24592&scanf=32628&charge=2&value=5,R.GLGWVQFSSEEGLR.N,/core/www/modules/show_out/show_out_wrapper.php?run_id=110202&search_id=114132&scans_id=110198&peptide_id=24592&scanf=32628&charge=2&value=R.GLGWVQFSSEEGLR.N,SLIRP,2.059e+6,2.913,0.005,2.280,0.000
32630,2,"  4.415","  0.701",16/32,/core/www/modules//sdig/index.php?run_id=110202&search_id=114132&scans_id=110198&peptide_id=24595&scanf=32630&charge=2&value=16/32,sp|P35579|MYH9_HUMAN,/core/www/modules//consensus/?run_id=110202&search_id=114132&scans_id=110198&peptide_id=24595&scanf=32630&charge=2&value=sp|P35579|MYH9_HUMAN,4,/core/www/modules/match_peptides/blast_html4.php?run_id=110202&search_id=114132&scans_id=110198&peptide_id=24595&scanf=32630&charge=2&value=4,K.TQLEELEDELQATEDAK.L,/core/www/modules/show_out/show_out_wrapper.php?run_id=110202&search_id=114132&scans_id=110198&peptide_id=24595&scanf=32630&charge=2&value=K.TQLEELEDELQATEDAK.L,MYH9,1.057e+7,3.837,0.000,3.648,0.000
32634,2,"  3.148","  0.595",12/20,/core/www/modules//sdig/index.php?run_id=110202&search_id=114132&scans_id=110198&peptide_id=24598&scanf=32634&charge=2&value=12/20,sp|P49368|TCPG_HUMAN,/core/www/modules//consensus/?run_id=110202&search_id=114132&scans_id=110198&peptide_id=24598&scanf=32634&charge=2&value=sp|P49368|TCPG_HUMAN,1,/core/www/modules/match_peptides/blast_html4.php?run_id=110202&search_id=114132&scans_id=110198&peptide_id=24598&scanf=32634&charge=2&value=1,K.TAVETAVLLLR.I,/core/www/modules/show_out/show_out_wrapper.php?run_id=110202&search_id=114132&scans_id=110198&peptide_id=24598&scanf=32634&charge=2&value=K.TAVETAVLLLR.I,CCT3,3.933e+7,3.514,0.001,3.169,0.000
32636,4,"  5.801","  0.491",18/120,/core/www/modules//sdig/index.php?run_id=110202&search_id=114132&scans_id=110198&peptide_id=24600&scanf=32636&charge=4&value=18/120,sp|P53621|COPA_HUMAN,/core/www/modules//consensus/?run_id=110202&search_id=114132&scans_id=110198&peptide_id=24600&scanf=32636&charge=4&value=sp|P53621|COPA_HUMAN,4,/core/www/modules/match_peptides/blast_html4.php?run_id=110202&search_id=114132&scans_id=110198&peptide_id=24600&scanf=32636&charge=4&value=4,R.TTFFHHEYPWILSASDDQTIR.V,/core/www/modules/show_out/show_out_wrapper.php?run_id=110202&search_id=114132&scans_id=110198&peptide_id=24600&scanf=32636&charge=4&value=R.TTFFHHEYPWILSASDDQTIR.V,COPA,3.959e+6,3.408,0.001,3.012,0.000
32638,2,"  1.236","  0.228",9/14,/core/www/modules//sdig/index.php?run_id=110202&search_id=114132&scans_id=110198&peptide_id=24602&scanf=32638&charge=2&value=9/14,sp|P30044|PRDX5_HUMAN,/core/www/modules//consensus/?run_id=110202&search_id=114132&scans_id=110198&peptide_id=24602&scanf=32638&charge=2&value=sp|P30044|PRDX5_HUMAN,0,/core/www/modules/match_peptides/blast_html4.php?run_id=110202&search_id=114132&scans_id=110198&peptide_id=24602&scanf=32638&charge=2&value=0,K.VNLAELFK.G,/core/www/modules/show_out/show_out_wrapper.php?run_id=110202&search_id=114132&scans_id=110198&peptide_id=24602&scanf=32638&charge=2&value=K.VNLAELFK.G,PRDX5,7.257e+6,2.415,0.028,1.551,0.001
32640,3,"  3.336","  0.587",15/60,/core/www/modules//sdig/index.php?run_id=110202&search_id=114132&scans_id=110198&peptide_id=24605&scanf=32640&charge=3&value=15/60,sp|Q13151|ROA0_HUMAN,/core/www/modules//consensus/?run_id=110202&search_id=114132&scans_id=110198&peptide_id=24605&scanf=32640&charge=3&value=sp|Q13151|ROA0_HUMAN,0,/core/www/modules/match_peptides/blast_html4.php?run_id=110202&search_id=114132&scans_id=110198&peptide_id=24605&scanf=32640&charge=3&value=0,K.LFIGGLNVQTSESGLR.G,/core/www/modules/show_out/show_out_wrapper.php?run_id=110202&search_id=114132&scans_id=110198&peptide_id=24605&scanf=32640&charge=3&value=K.LFIGGLNVQTSESGLR.G,HNRNPA0,5.875e+6,3.296,0.001,2.845,0.000
32647,3,"  1.883","  0.350",13/40,/core/www/modules//sdig/index.php?run_id=110202&search_id=114132&scans_id=110198&peptide_id=24612&scanf=32647&charge=3&value=13/40,sp|O14787|TNPO2_HUMAN,/core/www/modules//consensus/?run_id=110202&search_id=114132&scans_id=110198&peptide_id=24612&scanf=32647&charge=3&value=sp|O14787|TNPO2_HUMAN,1,/core/www/modules/match_peptides/blast_html4.php?run_id=110202&search_id=114132&scans_id=110198&peptide_id=24612&scanf=32647&charge=3&value=1,K.GLLFHPEWVVK.E,/core/www/modules/show_out/show_out_wrapper.php?run_id=110202&search_id=114132&scans_id=110198&peptide_id=24612&scanf=32647&charge=3&value=K.GLLFHPEWVVK.E,TNPO2,2.063e+6,2.752,0.009,2.043,0.000
32650,2,"  1.879","  0.242",8/14,/core/www/modules//sdig/index.php?run_id=110202&search_id=114132&scans_id=110198&peptide_id=24616&scanf=32650&charge=2&value=8/14,sp|Q15021|CND1_HUMAN,/core/www/modules//consensus/?run_id=110202&search_id=114132&scans_id=110198&peptide_id=24616&scanf=32650&charge=2&value=sp|Q15021|CND1_HUMAN,0,/core/www/modules/match_peptides/blast_html4.php?run_id=110202&search_id=114132&scans_id=110198&peptide_id=24616&scanf=32650&charge=2&value=0,R.LLFTMLEK.S,/core/www/modules/show_out/show_out_wrapper.php?run_id=110202&search_id=114132&scans_id=110198&peptide_id=24616&scanf=32650&charge=2&value=R.LLFTMLEK.S,NCAPD2,2.095e+6,2.409,0.029,1.542,0.001
32652,3,"  3.662","  0.278",10/60,/core/www/modules//sdig/index.php?run_id=110202&search_id=114132&scans_id=110198&peptide_id=24618&scanf=32652&charge=3&value=10/60,sp|P02042|HBD_HUMAN,/core/www/modules//consensus/?run_id=110202&search_id=114132&scans_id=110198&peptide_id=24618&scanf=32652&charge=3&value=sp|P02042|HBD_HUMAN,5,/core/www/modules/match_peptides/blast_html4.php?run_id=110202&search_id=114132&scans_id=110198&peptide_id=24618&scanf=32652&charge=3&value=5,K.VLGAFSDGLAHLDNLK.G,/core/www/modules/show_out/show_out_wrapper.php?run_id=110202&search_id=114132&scans_id=110198&peptide_id=24618&scanf=32652&charge=3&value=K.VLGAFSDGLAHLDNLK.G,HBD,2.178e+6,2.018,0.101,0.997,0.005
32655,2,"  2.842","  0.312",12/20,/core/www/modules//sdig/index.php?run_id=110202&search_id=114132&scans_id=110198&peptide_id=24620&scanf=32655&charge=2&value=12/20,sp|P21333|FLNA_HUMAN,/core/www/modules//consensus/?run_id=110202&search_id=114132&scans_id=110198&peptide_id=24620&scanf=32655&charge=2&value=sp|P21333|FLNA_HUMAN,5,/core/www/modules/match_peptides/blast_html4.php?run_id=110202&search_id=114132&scans_id=110198&peptide_id=24620&scanf=32655&charge=2&value=5,K.LPQLPITNFSR.D,/core/www/modules/show_out/show_out_wrapper.php?run_id=110202&search_id=114132&scans_id=110198&peptide_id=24620&scanf=32655&charge=2&value=K.LPQLPITNFSR.D,FLNA,2.464e+7,2.802,0.008,2.116,0.000
32656,2,"  2.695","  0.400",10/22,/core/www/modules//sdig/index.php?run_id=110202&search_id=114132&scans_id=110198&peptide_id=24621&scanf=32656&charge=2&value=10/22,sp|P49792|RBP2_HUMAN,/core/www/modules//consensus/?run_id=110202&search_id=114132&scans_id=110198&peptide_id=24621&scanf=32656&charge=2&value=sp|P49792|RBP2_HUMAN,16,/core/www/modules/match_peptides/blast_html4.php?run_id=110202&search_id=114132&scans_id=110198&peptide_id=24621&scanf=32656&charge=2&value=16,K.NSIPEPIDPLFK.H,/core/www/modules/show_out/show_out_wrapper.php?run_id=110202&search_id=114132&scans_id=110198&peptide_id=24621&scanf=32656&charge=2&value=K.NSIPEPIDPLFK.H,RANBP2,2.007e+7,2.632,0.014,1.866,0.000
32657,2,"  3.155","  0.570",12/30,/core/www/modules//sdig/index.php?run_id=110202&search_id=114132&scans_id=110198&peptide_id=24622&scanf=32657&charge=2&value=12/30,sp|Q15029|U5S1_HUMAN,/core/www/modules//consensus/?run_id=110202&search_id=114132&scans_id=110198&peptide_id=24622&scanf=32657&charge=2&value=sp|Q15029|U5S1_HUMAN,0,/core/www/modules/match_peptides/blast_html4.php?run_id=110202&search_id=114132&scans_id=110198&peptide_id=24622&scanf=32657&charge=2&value=0,K.IYADTFGDINYQEFAK.R,/core/www/modules/show_out/show_out_wrapper.php?run_id=110202&search_id=114132&scans_id=110198&peptide_id=24622&scanf=32657&charge=2&value=K.IYADTFGDINYQEFAK.R,EFTUD2,6.444e+6,3.128,0.003,2.597,0.000
32660,2,"  2.156","  0.507",9/16,/core/www/modules//sdig/index.php?run_id=110202&search_id=114132&scans_id=110198&peptide_id=24626&scanf=32660&charge=2&value=9/16,sp|Q13601|KRR1_HUMAN,/core/www/modules//consensus/?run_id=110202&search_id=114132&scans_id=110198&peptide_id=24626&scanf=32660&charge=2&value=sp|Q13601|KRR1_HUMAN,0,/core/www/modules/match_peptides/blast_html4.php?run_id=110202&search_id=114132&scans_id=110198&peptide_id=24626&scanf=32660&charge=2&value=0,K.TFDPYIIIR.A,/core/www/modules/show_out/show_out_wrapper.php?run_id=110202&search_id=114132&scans_id=110198&peptide_id=24626&scanf=32660&charge=2&value=K.TFDPYIIIR.A,KRR1,2.661e+7,3.217,0.002,2.728,0.000
32661,2,"  4.364","  0.551",18/32,/core/www/modules//sdig/index.php?run_id=110202&search_id=114132&scans_id=110198&peptide_id=24627&scanf=32661&charge=2&value=18/32,sp|P35558|PCKGC_HUMAN,/core/www/modules//consensus/?run_id=110202&search_id=114132&scans_id=110198&peptide_id=24627&scanf=32661&charge=2&value=sp|P35558|PCKGC_HUMAN,4,/core/www/modules/match_peptides/blast_html4.php?run_id=110202&search_id=114132&scans_id=110198&peptide_id=24627&scanf=32661&charge=2&value=4,R.EIISFGSGYGGNSLLGK.K,/core/www/modules/show_out/show_out_wrapper.php?run_id=110202&search_id=114132&scans_id=110198&peptide_id=24627&scanf=32661&charge=2&value=R.EIISFGSGYGGNSLLGK.K,PCK1,5.404e+6,3.206,0.002,2.713,0.000
32666,3,"  1.730","  0.143",12/36,/core/www/modules//sdig/index.php?run_id=110202&search_id=114132&scans_id=110198&peptide_id=24632&scanf=32666&charge=3&value=12/36,sp|O00148|DX39A_HUMAN,/core/www/modules//consensus/?run_id=110202&search_id=114132&scans_id=110198&peptide_id=24632&scanf=32666&charge=3&value=sp|O00148|DX39A_HUMAN,19,/core/www/modules/match_peptides/blast_html4.php?run_id=110202&search_id=114132&scans_id=110198&peptide_id=24632&scanf=32666&charge=3&value=19,R.DFLLKPELLR.A,/core/www/modules/show_out/show_out_wrapper.php?run_id=110202&search_id=114132&scans_id=110198&peptide_id=24632&scanf=32666&charge=3&value=R.DFLLKPELLR.A,DDX39A,5.623e+8,2.129,0.071,1.146,0.002
32667,2,"  2.827","  0.308",8/32,/core/www/modules//sdig/index.php?run_id=110202&search_id=114132&scans_id=110198&peptide_id=24633&scanf=32667&charge=2&value=8/32,sp|P10644|KAP0_HUMAN,/core/www/modules//consensus/?run_id=110202&search_id=114132&scans_id=110198&peptide_id=24633&scanf=32667&charge=2&value=sp|P10644|KAP0_HUMAN,2,/core/www/modules/match_peptides/blast_html4.php?run_id=110202&search_id=114132&scans_id=110198&peptide_id=24633&scanf=32667&charge=2&value=2,R.LTVADALEPVQFEDGQK.I,/core/www/modules/show_out/show_out_wrapper.php?run_id=110202&search_id=114132&scans_id=110198&peptide_id=24633&scanf=32667&charge=2&value=R.LTVADALEPVQFEDGQK.I,PRKAR1A,1.605e+6,1.883,0.151,0.821,0.008
32669,3,"  3.403","  0.378",9/60,/core/www/modules//sdig/index.php?run_id=110202&search_id=114132&scans_id=110198&peptide_id=24635&scanf=32669&charge=3&value=9/60,sp|P41229|KDM5C_HUMAN,/core/www/modules//consensus/?run_id=110202&search_id=114132&scans_id=110198&peptide_id=24635&scanf=32669&charge=3&value=sp|P41229|KDM5C_HUMAN,6,/core/www/modules/match_peptides/blast_html4.php?run_id=110202&search_id=114132&scans_id=110198&peptide_id=24635&scanf=32669&charge=3&value=6,R.EAENIPVHLPNIQALK.E,/core/www/modules/show_out/show_out_wrapper.php?run_id=110202&search_id=114132&scans_id=110198&peptide_id=24635&scanf=32669&charge=3&value=R.EAENIPVHLPNIQALK.E,KDM5C,2.273e+6,2.465,0.024,1.624,0.001
32671,3,"  3.832","  0.487",14/84,/core/www/modules//sdig/index.php?run_id=110202&search_id=114132&scans_id=110198&peptide_id=24638&scanf=32671&charge=3&value=14/84,sp|P31689|DNJA1_HUMAN,/core/www/modules//consensus/?run_id=110202&search_id=114132&scans_id=110198&peptide_id=24638&scanf=32671&charge=3&value=sp|P31689|DNJA1_HUMAN,0,/core/www/modules/match_peptides/blast_html4.php?run_id=110202&search_id=114132&scans_id=110198&peptide_id=24638&scanf=32671&charge=3&value=0,K.EVEETDEMDQVELVDFDPNQER.R,/core/www/modules/show_out/show_out_wrapper.php?run_id=110202&search_id=114132&scans_id=110198&peptide_id=24638&scanf=32671&charge=3&value=K.EVEETDEMDQVELVDFDPNQER.R,DNAJA1,1.633e+6,2.658,0.012,1.904,0.000
32676,2,"  3.448","  0.685",17/30,/core/www/modules//sdig/index.php?run_id=110202&search_id=114132&scans_id=110198&peptide_id=24642&scanf=32676&charge=2&value=17/30,sp|Q13242|SRSF9_HUMAN,/core/www/modules//consensus/?run_id=110202&search_id=114132&scans_id=110198&peptide_id=24642&scanf=32676&charge=2&value=sp|Q13242|SRSF9_HUMAN,0,/core/www/modules/match_peptides/blast_html4.php?run_id=110202&search_id=114132&scans_id=110198&peptide_id=24642&scanf=32676&charge=2&value=0,R.VLVSGLPPSGSWQDLK.D,/core/www/modules/show_out/show_out_wrapper.php?run_id=110202&search_id=114132&scans_id=110198&peptide_id=24642&scanf=32676&charge=2&value=R.VLVSGLPPSGSWQDLK.D,SRSF9,1.010e+8,3.726,0.000,3.484,0.000
32677,2,"  3.318","  0.391",12/22,/core/www/modules//sdig/index.php?run_id=110202&search_id=114132&scans_id=110198&peptide_id=24643&scanf=32677&charge=2&value=12/22,sp|Q86U38|NOP9_HUMAN,/core/www/modules//consensus/?run_id=110202&search_id=114132&scans_id=110198&peptide_id=24643&scanf=32677&charge=2&value=sp|Q86U38|NOP9_HUMAN,1,/core/www/modules/match_peptides/blast_html4.php?run_id=110202&search_id=114132&scans_id=110198&peptide_id=24643&scanf=32677&charge=2&value=1,R.VLDAIWSGAALR.A,/core/www/modules/show_out/show_out_wrapper.php?run_id=110202&search_id=114132&scans_id=110198&peptide_id=24643&scanf=32677&charge=2&value=R.VLDAIWSGAALR.A,NOP9,8.672e+6,2.795,0.008,2.106,0.000
32679,2,"  2.566","  0.370",11/20,/core/www/modules//sdig/index.php?run_id=110202&search_id=114132&scans_id=110198&peptide_id=24645&scanf=32679&charge=2&value=11/20,sp|Q9H583|HEAT1_HUMAN,/core/www/modules//consensus/?run_id=110202&search_id=114132&scans_id=110198&peptide_id=24645&scanf=32679&charge=2&value=sp|Q9H583|HEAT1_HUMAN,2,/core/www/modules/match_peptides/blast_html4.php?run_id=110202&search_id=114132&scans_id=110198&peptide_id=24645&scanf=32679&charge=2&value=2,R.DEVASLLFDPK.E,/core/www/modules/show_out/show_out_wrapper.php?run_id=110202&search_id=114132&scans_id=110198&peptide_id=24645&scanf=32679&charge=2&value=R.DEVASLLFDPK.E,HEATR1,6.502e+6,2.685,0.011,1.944,0.000
32680,3,"  7.035","  0.662",21/80,/core/www/modules//sdig/index.php?run_id=110202&search_id=114132&scans_id=110198&peptide_id=24647&scanf=32680&charge=3&value=21/80,sp|P14314|GLU2B_HUMAN,/core/www/modules//consensus/?run_id=110202&search_id=114132&scans_id=110198&peptide_id=24647&scanf=32680&charge=3&value=sp|P14314|GLU2B_HUMAN,2,/core/www/modules/match_peptides/blast_html4.php?run_id=110202&search_id=114132&scans_id=110198&peptide_id=24647&scanf=32680&charge=3&value=2,K.LGGSPTSLGTWGSWIGPDHDK.F,/core/www/modules/show_out/show_out_wrapper.php?run_id=110202&search_id=114132&scans_id=110198&peptide_id=24647&scanf=32680&charge=3&value=K.LGGSPTSLGTWGSWIGPDHDK.F,PRKCSH,4.689e+6,3.580,0.001,3.266,0.000
32681,3,"  4.695","  0.463",21/88,/core/www/modules//sdig/index.php?run_id=110202&search_id=114132&scans_id=110198&peptide_id=24648&scanf=32681&charge=3&value=21/88,sp|Q14152|EIF3A_HUMAN,/core/www/modules//consensus/?run_id=110202&search_id=114132&scans_id=110198&peptide_id=24648&scanf=32681&charge=3&value=sp|Q14152|EIF3A_HUMAN,0,/core/www/modules/match_peptides/blast_html4.php?run_id=110202&search_id=114132&scans_id=110198&peptide_id=24648&scanf=32681&charge=3&value=0,R.EQPEKEPELQQYVPQLQNNTILR.L,/core/www/modules/show_out/show_out_wrapper.php?run_id=110202&search_id=114132&scans_id=110198&peptide_id=24648&scanf=32681&charge=3&value=R.EQPEKEPELQQYVPQLQNNTILR.L,EIF3A,5.663e+6,2.527,0.019,1.713,0.000
32682,3,"  4.868","  0.554",16/56,/core/www/modules//sdig/index.php?run_id=110202&search_id=114132&scans_id=110198&peptide_id=24649&scanf=32682&charge=3&value=16/56,sp|O43290|SNUT1_HUMAN,/core/www/modules//consensus/?run_id=110202&search_id=114132&scans_id=110198&peptide_id=24649&scanf=32682&charge=3&value=sp|O43290|SNUT1_HUMAN,0,/core/www/modules/match_peptides/blast_html4.php?run_id=110202&search_id=114132&scans_id=110198&peptide_id=24649&scanf=32682&charge=3&value=0,R.DLQGLTVEHAIDSFR.E,/core/www/modules/show_out/show_out_wrapper.php?run_id=110202&search_id=114132&scans_id=110198&peptide_id=24649&scanf=32682&charge=3&value=R.DLQGLTVEHAIDSFR.E,SART1,4.937e+6,3.385,0.001,2.978,0.000
32684,3,"  5.888","  0.565",21/68,/core/www/modules//sdig/index.php?run_id=110202&search_id=114132&scans_id=110198&peptide_id=24651&scanf=32684&charge=3&value=21/68,sp|P46060|RAGP1_HUMAN,/core/www/modules//consensus/?run_id=110202&search_id=114132&scans_id=110198&peptide_id=24651&scanf=32684&charge=3&value=sp|P46060|RAGP1_HUMAN,1,/core/www/modules/match_peptides/blast_html4.php?run_id=110202&search_id=114132&scans_id=110198&peptide_id=24651&scanf=32684&charge=3&value=1,R.DAALAVAEAMADKAELEK.L,/core/www/modules/show_out/show_out_wrapper.php?run_id=110202&search_id=114132&scans_id=110198&peptide_id=24651&scanf=32684&charge=3&value=R.DAALAVAEAMADKAELEK.L,RANGAP1,2.366e+6,3.145,0.002,2.622,0.000
32687,3,"  5.554","  0.598",21/84,/core/www/modules//sdig/index.php?run_id=110202&search_id=114132&scans_id=110198&peptide_id=24654&scanf=32687&charge=3&value=21/84,sp|Q99848|EBP2_HUMAN,/core/www/modules//consensus/?run_id=110202&search_id=114132&scans_id=110198&peptide_id=24654&scanf=32687&charge=3&value=sp|Q99848|EBP2_HUMAN,1,/core/www/modules/match_peptides/blast_html4.php?run_id=110202&search_id=114132&scans_id=110198&peptide_id=24654&scanf=32687&charge=3&value=1,R.LDVTLGPVPEIGGSEAPAPQNK.D,/core/www/modules/show_out/show_out_wrapper.php?run_id=110202&search_id=114132&scans_id=110198&peptide_id=24654&scanf=32687&charge=3&value=R.LDVTLGPVPEIGGSEAPAPQNK.D,EBNA1BP2,2.859e+7,3.290,0.001,2.837,0.000
32688,3,"  4.180","  0.618",16/44,/core/www/modules//sdig/index.php?run_id=110202&search_id=114132&scans_id=110198&peptide_id=24655&scanf=32688&charge=3&value=16/44,sp|Q7L576|CYFP1_HUMAN,/core/www/modules//consensus/?run_id=110202&search_id=114132&scans_id=110198&peptide_id=24655&scanf=32688&charge=3&value=sp|Q7L576|CYFP1_HUMAN,7,/core/www/modules/match_peptides/blast_html4.php?run_id=110202&search_id=114132&scans_id=110198&peptide_id=24655&scanf=32688&charge=3&value=7,K.YAPLHLVPLIER.L,/core/www/modules/show_out/show_out_wrapper.php?run_id=110202&search_id=114132&scans_id=110198&peptide_id=24655&scanf=32688&charge=3&value=K.YAPLHLVPLIER.L,CYFIP1,6.285e+6,3.784,0.000,3.569,0.000
32689,3,"  3.625","  0.398",14/64,/core/www/modules//sdig/index.php?run_id=110202&search_id=114132&scans_id=110198&peptide_id=24656&scanf=32689&charge=3&value=14/64,sp|P50991|TCPD_HUMAN,/core/www/modules//consensus/?run_id=110202&search_id=114132&scans_id=110198&peptide_id=24656&scanf=32689&charge=3&value=sp|P50991|TCPD_HUMAN,0,/core/www/modules/match_peptides/blast_html4.php?run_id=110202&search_id=114132&scans_id=110198&peptide_id=24656&scanf=32689&charge=3&value=0,K.GIEILTDMSRPVELSDR.E,/core/www/modules/show_out/show_out_wrapper.php?run_id=110202&search_id=114132&scans_id=110198&peptide_id=24656&scanf=32689&charge=3&value=K.GIEILTDMSRPVELSDR.E,CCT4,2.532e+7,2.619,0.014,1.848,0.000
32690,3,"  2.970","  0.442",14/44,/core/www/modules//sdig/index.php?run_id=110202&search_id=114132&scans_id=110198&peptide_id=24658&scanf=32690&charge=3&value=14/44,sp|P10644|KAP0_HUMAN,/core/www/modules//consensus/?run_id=110202&search_id=114132&scans_id=110198&peptide_id=24658&scanf=32690&charge=3&value=sp|P10644|KAP0_HUMAN,2,/core/www/modules/match_peptides/blast_html4.php?run_id=110202&search_id=114132&scans_id=110198&peptide_id=24658&scanf=32690&charge=3&value=2,K.VSILESLDKWER.L,/core/www/modules/show_out/show_out_wrapper.php?run_id=110202&search_id=114132&scans_id=110198&peptide_id=24658&scanf=32690&charge=3&value=K.VSILESLDKWER.L,PRKAR1A,2.376e+6,2.786,0.008,2.092,0.000
32695,3,"  1.795","  0.274",10/72,/core/www/modules//sdig/index.php?run_id=110202&search_id=114132&scans_id=110198&peptide_id=24663&scanf=32695&charge=3&value=10/72,sp|Q6PKG0|LARP1_HUMAN,/core/www/modules//consensus/?run_id=110202&search_id=114132&scans_id=110198&peptide_id=24663&scanf=32695&charge=3&value=sp|Q6PKG0|LARP1_HUMAN,2,/core/www/modules/match_peptides/blast_html4.php?run_id=110202&search_id=114132&scans_id=110198&peptide_id=24663&scanf=32695&charge=3&value=2,K.VGDFGDAINWPTPGEIAHK.S,/core/www/modules/show_out/show_out_wrapper.php?run_id=110202&search_id=114132&scans_id=110198&peptide_id=24663&scanf=32695&charge=3&value=K.VGDFGDAINWPTPGEIAHK.S,LARP1,4.411e+6,1.947,0.125,0.903,0.006
32697,4,"  9.780","  0.781",31/264,/core/www/modules//sdig/index.php?run_id=110202&search_id=114132&scans_id=110198&peptide_id=24664&scanf=32697&charge=4&value=31/264,sp|Q9NQC3|RTN4_HUMAN,/core/www/modules//consensus/?run_id=110202&search_id=114132&scans_id=110198&peptide_id=24664&scanf=32697&charge=4&value=sp|Q9NQC3|RTN4_HUMAN,0,/core/www/modules/match_peptides/blast_html4.php?run_id=110202&search_id=114132&scans_id=110198&peptide_id=24664&scanf=32697&charge=4&value=0,K.LPEDDEPPARPPPPPPASVSPQAEPVWTPPAPAPAAPPSTPAAPK.R,/core/www/modules/show_out/show_out_wrapper.php?run_id=110202&search_id=114132&scans_id=110198&peptide_id=24664&scanf=32697&charge=4&value=K.LPEDDEPPARPPPPPPASVSPQAEPVWTPPAPAPAAPPSTPAAPK.R,RTN4,3.877e+6,3.602,0.001,3.300,0.000
32698,4,"  6.890","  0.621",27/150,/core/www/modules//sdig/index.php?run_id=110202&search_id=114132&scans_id=110198&peptide_id=24665&scanf=32698&charge=4&value=27/150,sp|Q9P2R7|SUCB1_HUMAN,/core/www/modules//consensus/?run_id=110202&search_id=114132&scans_id=110198&peptide_id=24665&scanf=32698&charge=4&value=sp|Q9P2R7|SUCB1_HUMAN,3,/core/www/modules/match_peptides/blast_html4.php?run_id=110202&search_id=114132&scans_id=110198&peptide_id=24665&scanf=32698&charge=4&value=3,K.LHGGTPANFLDVGGGATVHQVTEAFK.L,/core/www/modules/show_out/show_out_wrapper.php?run_id=110202&search_id=114132&scans_id=110198&peptide_id=24665&scanf=32698&charge=4&value=K.LHGGTPANFLDVGGGATVHQVTEAFK.L,SUCLA2,5.228e+6,3.612,0.000,3.314,0.000
32699,2,"  1.531","  0.149",7/14,/core/www/modules//sdig/index.php?run_id=110202&search_id=114132&scans_id=110198&peptide_id=24666&scanf=32699&charge=2&value=7/14,sp|Q96RU2|UBP28_HUMAN,/core/www/modules//consensus/?run_id=110202&search_id=114132&scans_id=110198&peptide_id=24666&scanf=32699&charge=2&value=sp|Q96RU2|UBP28_HUMAN,3,/core/www/modules/match_peptides/blast_html4.php?run_id=110202&search_id=114132&scans_id=110198&peptide_id=24666&scanf=32699&charge=2&value=3,R.FPLPDMLK.Y,/core/www/modules/show_out/show_out_wrapper.php?run_id=110202&search_id=114132&scans_id=110198&peptide_id=24666&scanf=32699&charge=2&value=R.FPLPDMLK.Y,USP28,8.853e+6,1.965,0.119,0.926,0.005
32703,3,"  3.852","  0.477",12/76,/core/www/modules//sdig/index.php?run_id=110202&search_id=114132&scans_id=110198&peptide_id=24671&scanf=32703&charge=3&value=12/76,sp|Q16643|DREB_HUMAN,/core/www/modules//consensus/?run_id=110202&search_id=114132&scans_id=110198&peptide_id=24671&scanf=32703&charge=3&value=sp|Q16643|DREB_HUMAN,2,/core/www/modules/match_peptides/blast_html4.php?run_id=110202&search_id=114132&scans_id=110198&peptide_id=24671&scanf=32703&charge=3&value=2,R.EESAADWALYTYEDGSDDLK.L,/core/www/modules/show_out/show_out_wrapper.php?run_id=110202&search_id=114132&scans_id=110198&peptide_id=24671&scanf=32703&charge=3&value=R.EESAADWALYTYEDGSDDLK.L,DBN1,1.270e+7,2.814,0.007,2.133,0.000
32705,2,"  2.938","  0.517",15/34,/core/www/modules//sdig/index.php?run_id=110202&search_id=114132&scans_id=110198&peptide_id=24673&scanf=32705&charge=2&value=15/34,IgG1_bovine,/core/www/modules//consensus/?run_id=110202&search_id=114132&scans_id=110198&peptide_id=24673&scanf=32705&charge=2&value=IgG1_bovine,1,/core/www/modules/match_peptides/blast_html4.php?run_id=110202&search_id=114132&scans_id=110198&peptide_id=24673&scanf=32705&charge=2&value=1,K.FSWFVDDVEVNTATTKPR.E,/core/www/modules/show_out/show_out_wrapper.php?run_id=110202&search_id=114132&scans_id=110198&peptide_id=24673&scanf=32705&charge=2&value=K.FSWFVDDVEVNTATTKPR.E,,2.611e+6,2.773,0.008,2.074,0.000
32708,3,"  4.525","  0.645",17/64,/core/www/modules//sdig/index.php?run_id=110202&search_id=114132&scans_id=110198&peptide_id=24676&scanf=32708&charge=3&value=17/64,sp|Q8NCD3|HJURP_HUMAN,/core/www/modules//consensus/?run_id=110202&search_id=114132&scans_id=110198&peptide_id=24676&scanf=32708&charge=3&value=sp|Q8NCD3|HJURP_HUMAN,2,/core/www/modules/match_peptides/blast_html4.php?run_id=110202&search_id=114132&scans_id=110198&peptide_id=24676&scanf=32708&charge=3&value=2,R.EWDPLHPSSTDMALVPR.N,/core/www/modules/show_out/show_out_wrapper.php?run_id=110202&search_id=114132&scans_id=110198&peptide_id=24676&scanf=32708&charge=3&value=R.EWDPLHPSSTDMALVPR.N,HJURP,3.155e+6,3.520,0.001,3.178,0.000
32709,4,"  3.599","  0.523",15/126,/core/www/modules//sdig/index.php?run_id=110202&search_id=114132&scans_id=110198&peptide_id=24677&scanf=32709&charge=4&value=15/126,sp|P31483|TIA1_HUMAN,/core/www/modules//consensus/?run_id=110202&search_id=114132&scans_id=110198&peptide_id=24677&scanf=32709&charge=4&value=sp|P31483|TIA1_HUMAN,2,/core/www/modules/match_peptides/blast_html4.php?run_id=110202&search_id=114132&scans_id=110198&peptide_id=24677&scanf=32709&charge=4&value=2,R.SQDHFHVFVGDLSPEITTEDIK.A,/core/www/modules/show_out/show_out_wrapper.php?run_id=110202&search_id=114132&scans_id=110198&peptide_id=24677&scanf=32709&charge=4&value=R.SQDHFHVFVGDLSPEITTEDIK.A,TIA1,3.103e+6,3.160,0.002,2.644,0.000
32714,2,"  3.681","  0.580",13/24,/core/www/modules//sdig/index.php?run_id=110202&search_id=114132&scans_id=110198&peptide_id=24682&scanf=32714&charge=2&value=13/24,sp|Q96L92|SNX27_HUMAN,/core/www/modules//consensus/?run_id=110202&search_id=114132&scans_id=110198&peptide_id=24682&scanf=32714&charge=2&value=sp|Q96L92|SNX27_HUMAN,2,/core/www/modules/match_peptides/blast_html4.php?run_id=110202&search_id=114132&scans_id=110198&peptide_id=24682&scanf=32714&charge=2&value=2,K.WPFSLSEQQLDAR.R,/core/www/modules/show_out/show_out_wrapper.php?run_id=110202&search_id=114132&scans_id=110198&peptide_id=24682&scanf=32714&charge=2&value=K.WPFSLSEQQLDAR.R,SNX27,1.462e+6,3.394,0.001,2.992,0.000
32716,2,"  3.533","  0.575",15/32,/core/www/modules//sdig/index.php?run_id=110202&search_id=114132&scans_id=110198&peptide_id=24684&scanf=32716&charge=2&value=15/32,tr|F8W0Q9|F8W0Q9_HUMAN,/core/www/modules//consensus/?run_id=110202&search_id=114132&scans_id=110198&peptide_id=24684&scanf=32716&charge=2&value=tr|F8W0Q9|F8W0Q9_HUMAN,0,/core/www/modules/match_peptides/blast_html4.php?run_id=110202&search_id=114132&scans_id=110198&peptide_id=24684&scanf=32716&charge=2&value=0,K.HFIAEYDTSTQDFGEPF.-,/core/www/modules/show_out/show_out_wrapper.php?run_id=110202&search_id=114132&scans_id=110198&peptide_id=24684&scanf=32716&charge=2&value=K.HFIAEYDTSTQDFGEPF.-,PPHLN1,2.120e+6,3.079,0.003,2.525,0.000
32719,2,"  3.097","  0.609",12/22,/core/www/modules//sdig/index.php?run_id=110202&search_id=114132&scans_id=110198&peptide_id=24686&scanf=32719&charge=2&value=12/22,sp|O75643|U520_HUMAN,/core/www/modules//consensus/?run_id=110202&search_id=114132&scans_id=110198&peptide_id=24686&scanf=32719&charge=2&value=sp|O75643|U520_HUMAN,1,/core/www/modules/match_peptides/blast_html4.php?run_id=110202&search_id=114132&scans_id=110198&peptide_id=24686&scanf=32719&charge=2&value=1,R.SLVQEMVGSFGK.R,/core/www/modules/show_out/show_out_wrapper.php?run_id=110202&search_id=114132&scans_id=110198&peptide_id=24686&scanf=32719&charge=2&value=R.SLVQEMVGSFGK.R,SNRNP200,5.082e+7,3.754,0.000,3.525,0.000
32720,3,"  3.244","  0.557",15/48,/core/www/modules//sdig/index.php?run_id=110202&search_id=114132&scans_id=110198&peptide_id=24688&scanf=32720&charge=3&value=15/48,sp|Q9UQ80|PA2G4_HUMAN,/core/www/modules//consensus/?run_id=110202&search_id=114132&scans_id=110198&peptide_id=24688&scanf=32720&charge=3&value=sp|Q9UQ80|PA2G4_HUMAN,0,/core/www/modules/match_peptides/blast_html4.php?run_id=110202&search_id=114132&scans_id=110198&peptide_id=24688&scanf=32720&charge=3&value=0,K.HELLQPFNVLYEK.E,/core/www/modules/show_out/show_out_wrapper.php?run_id=110202&search_id=114132&scans_id=110198&peptide_id=24688&scanf=32720&charge=3&value=K.HELLQPFNVLYEK.E,PA2G4,5.295e+6,3.392,0.001,2.987,0.000
32721,2,"  2.936","  0.506",12/20,/core/www/modules//sdig/index.php?run_id=110202&search_id=114132&scans_id=110198&peptide_id=24689&scanf=32721&charge=2&value=12/20,sp|Q96DB5|RMD1_HUMAN,/core/www/modules//consensus/?run_id=110202&search_id=114132&scans_id=110198&peptide_id=24689&scanf=32721&charge=2&value=sp|Q96DB5|RMD1_HUMAN,3,/core/www/modules/match_peptides/blast_html4.php?run_id=110202&search_id=114132&scans_id=110198&peptide_id=24689&scanf=32721&charge=2&value=3,K.LLVYEALEYAK.R,/core/www/modules/show_out/show_out_wrapper.php?run_id=110202&search_id=114132&scans_id=110198&peptide_id=24689&scanf=32721&charge=2&value=K.LLVYEALEYAK.R,RMDN1,4.897e+6,3.106,0.003,2.565,0.000
32722,3,"  5.513","  0.675",21/76,/core/www/modules//sdig/index.php?run_id=110202&search_id=114132&scans_id=110198&peptide_id=24690&scanf=32722&charge=3&value=21/76,sp|P51531|SMCA2_HUMAN,/core/www/modules//consensus/?run_id=110202&search_id=114132&scans_id=110198&peptide_id=24690&scanf=32722&charge=3&value=sp|P51531|SMCA2_HUMAN,23,/core/www/modules/match_peptides/blast_html4.php?run_id=110202&search_id=114132&scans_id=110198&peptide_id=24690&scanf=32722&charge=3&value=23,R.LM*EEDELPSWIIKDDAEVER.L,/core/www/modules/show_out/show_out_wrapper.php?run_id=110202&search_id=114132&scans_id=110198&peptide_id=24690&scanf=32722&charge=3&value=R.LM*EEDELPSWIIKDDAEVER.L,SMARCA2,6.145e+6,3.605,0.000,3.304,0.000
32723,3,"  5.942","  0.711",24/76,/core/www/modules//sdig/index.php?run_id=110202&search_id=114132&scans_id=110198&peptide_id=24691&scanf=32723&charge=3&value=24/76,sp|P08559|ODPA_HUMAN,/core/www/modules//consensus/?run_id=110202&search_id=114132&scans_id=110198&peptide_id=24691&scanf=32723&charge=3&value=sp|P08559|ODPA_HUMAN,1,/core/www/modules/match_peptides/blast_html4.php?run_id=110202&search_id=114132&scans_id=110198&peptide_id=24691&scanf=32723&charge=3&value=1,R.MVNSNLASVEELKEIDVEVR.K,/core/www/modules/show_out/show_out_wrapper.php?run_id=110202&search_id=114132&scans_id=110198&peptide_id=24691&scanf=32723&charge=3&value=R.MVNSNLASVEELKEIDVEVR.K,PDHA1,2.961e+6,3.529,0.001,3.191,0.000
32725,3,"  4.796","  0.648",18/64,/core/www/modules//sdig/index.php?run_id=110202&search_id=114132&scans_id=110198&peptide_id=24693&scanf=32725&charge=3&value=18/64,sp|Q12905|ILF2_HUMAN,/core/www/modules//consensus/?run_id=110202&search_id=114132&scans_id=110198&peptide_id=24693&scanf=32725&charge=3&value=sp|Q12905|ILF2_HUMAN,3,/core/www/modules/match_peptides/blast_html4.php?run_id=110202&search_id=114132&scans_id=110198&peptide_id=24693&scanf=32725&charge=3&value=3,K.GTMTTGHNVADLVVILK.I,/core/www/modules/show_out/show_out_wrapper.php?run_id=110202&search_id=114132&scans_id=110198&peptide_id=24693&scanf=32725&charge=3&value=K.GTMTTGHNVADLVVILK.I,ILF2,1.356e+8,3.724,0.000,3.480,0.000
32726,3,"  6.441","  0.688",20/72,/core/www/modules//sdig/index.php?run_id=110202&search_id=114132&scans_id=110198&peptide_id=24694&scanf=32726&charge=3&value=20/72,sp|O75439|MPPB_HUMAN,/core/www/modules//consensus/?run_id=110202&search_id=114132&scans_id=110198&peptide_id=24694&scanf=32726&charge=3&value=sp|O75439|MPPB_HUMAN,1,/core/www/modules/match_peptides/blast_html4.php?run_id=110202&search_id=114132&scans_id=110198&peptide_id=24694&scanf=32726&charge=3&value=1,R.IVLAAAGGVSHDELLDLAK.F,/core/www/modules/show_out/show_out_wrapper.php?run_id=110202&search_id=114132&scans_id=110198&peptide_id=24694&scanf=32726&charge=3&value=R.IVLAAAGGVSHDELLDLAK.F,PMPCB,2.007e+7,3.753,0.000,3.524,0.000
32727,3,"  2.038","  0.283",8/52,/core/www/modules//sdig/index.php?run_id=110202&search_id=114132&scans_id=110198&peptide_id=24695&scanf=32727&charge=3&value=8/52,sp|Q7KZF4|SND1_HUMAN,/core/www/modules//consensus/?run_id=110202&search_id=114132&scans_id=110198&peptide_id=24695&scanf=32727&charge=3&value=sp|Q7KZF4|SND1_HUMAN,0,/core/www/modules/match_peptides/blast_html4.php?run_id=110202&search_id=114132&scans_id=110198&peptide_id=24695&scanf=32727&charge=3&value=0,K.LRPLYDIPYM*FEAR.E,/core/www/modules/show_out/show_out_wrapper.php?run_id=110202&search_id=114132&scans_id=110198&peptide_id=24695&scanf=32727&charge=3&value=K.LRPLYDIPYM*FEAR.E,SND1,1.418e+6,2.307,0.040,1.396,0.001
32729,4,"  3.539","  0.395",10/126,/core/www/modules//sdig/index.php?run_id=110202&search_id=114132&scans_id=110198&peptide_id=24697&scanf=32729&charge=4&value=10/126,sp|P31483|TIA1_HUMAN,/core/www/modules//consensus/?run_id=110202&search_id=114132&scans_id=110198&peptide_id=24697&scanf=32729&charge=4&value=sp|P31483|TIA1_HUMAN,2,/core/www/modules/match_peptides/blast_html4.php?run_id=110202&search_id=114132&scans_id=110198&peptide_id=24697&scanf=32729&charge=4&value=2,R.SQDHFHVFVGDLSPEITTEDIK.A,/core/www/modules/show_out/show_out_wrapper.php?run_id=110202&search_id=114132&scans_id=110198&peptide_id=24697&scanf=32729&charge=4&value=R.SQDHFHVFVGDLSPEITTEDIK.A,TIA1,3.103e+6,2.543,0.018,1.737,0.000
32730,2,"  1.749","  0.495",10/16,/core/www/modules//sdig/index.php?run_id=110202&search_id=114132&scans_id=110198&peptide_id=24699&scanf=32730&charge=2&value=10/16,sp|P13010|XRCC5_HUMAN,/core/www/modules//consensus/?run_id=110202&search_id=114132&scans_id=110198&peptide_id=24699&scanf=32730&charge=2&value=sp|P13010|XRCC5_HUMAN,0,/core/www/modules/match_peptides/blast_html4.php?run_id=110202&search_id=114132&scans_id=110198&peptide_id=24699&scanf=32730&charge=2&value=0,K.TLFPLIEAK.K,/core/www/modules/show_out/show_out_wrapper.php?run_id=110202&search_id=114132&scans_id=110198&peptide_id=24699&scanf=32730&charge=2&value=K.TLFPLIEAK.K,XRCC5,1.454e+8,3.366,0.001,2.949,0.000
32731,4,"  5.870","  0.613",24/102,/core/www/modules//sdig/index.php?run_id=110202&search_id=114132&scans_id=110198&peptide_id=24700&scanf=32731&charge=4&value=24/102,sp|Q13501|SQSTM_HUMAN,/core/www/modules//consensus/?run_id=110202&search_id=114132&scans_id=110198&peptide_id=24700&scanf=32731&charge=4&value=sp|Q13501|SQSTM_HUMAN,3,/core/www/modules/match_peptides/blast_html4.php?run_id=110202&search_id=114132&scans_id=110198&peptide_id=24700&scanf=32731&charge=4&value=3,K.LAFPSPFGHLSEGFSHSR.W,/core/www/modules/show_out/show_out_wrapper.php?run_id=110202&search_id=114132&scans_id=110198&peptide_id=24700&scanf=32731&charge=4&value=K.LAFPSPFGHLSEGFSHSR.W,SQSTM1,4.367e+6,3.927,0.000,3.781,0.000
32732,3,"  3.893","  0.588",15/48,/core/www/modules//sdig/index.php?run_id=110202&search_id=114132&scans_id=110198&peptide_id=24701&scanf=32732&charge=3&value=15/48,sp|Q9UBB5|MBD2_HUMAN,/core/www/modules//consensus/?run_id=110202&search_id=114132&scans_id=110198&peptide_id=24701&scanf=32732&charge=3&value=sp|Q9UBB5|MBD2_HUMAN,0,/core/www/modules/match_peptides/blast_html4.php?run_id=110202&search_id=114132&scans_id=110198&peptide_id=24701&scanf=32732&charge=3&value=0,K.KLEEALMADILSR.A,/core/www/modules/show_out/show_out_wrapper.php?run_id=110202&search_id=114132&scans_id=110198&peptide_id=24701&scanf=32732&charge=3&value=K.KLEEALMADILSR.A,MBD2,2.989e+6,3.281,0.002,2.823,0.000
32734,3,"  3.628","  0.459",10/56,/core/www/modules//sdig/index.php?run_id=110202&search_id=114132&scans_id=110198&peptide_id=24703&scanf=32734&charge=3&value=10/56,sp|O95235|KI20A_HUMAN,/core/www/modules//consensus/?run_id=110202&search_id=114132&scans_id=110198&peptide_id=24703&scanf=32734&charge=3&value=sp|O95235|KI20A_HUMAN,0,/core/www/modules/match_peptides/blast_html4.php?run_id=110202&search_id=114132&scans_id=110198&peptide_id=24703&scanf=32734&charge=3&value=0,K.DLNWIHVQDAEEAWK.L,/core/www/modules/show_out/show_out_wrapper.php?run_id=110202&search_id=114132&scans_id=110198&peptide_id=24703&scanf=32734&charge=3&value=K.DLNWIHVQDAEEAWK.L,KIF20A,1.374e+6,2.798,0.008,2.110,0.000
32735,3,"  4.739","  0.596",17/80,/core/www/modules//sdig/index.php?run_id=110202&search_id=114132&scans_id=110198&peptide_id=24704&scanf=32735&charge=3&value=17/80,sp|P53621|COPA_HUMAN,/core/www/modules//consensus/?run_id=110202&search_id=114132&scans_id=110198&peptide_id=24704&scanf=32735&charge=3&value=sp|P53621|COPA_HUMAN,4,/core/www/modules/match_peptides/blast_html4.php?run_id=110202&search_id=114132&scans_id=110198&peptide_id=24704&scanf=32735&charge=3&value=4,R.TTFFHHEYPWILSASDDQTIR.V,/core/www/modules/show_out/show_out_wrapper.php?run_id=110202&search_id=114132&scans_id=110198&peptide_id=24704&scanf=32735&charge=3&value=R.TTFFHHEYPWILSASDDQTIR.V,COPA,1.608e+6,3.332,0.001,2.900,0.000
32739,3,"  7.719","  0.763",31/92,/core/www/modules//sdig/index.php?run_id=110202&search_id=114132&scans_id=110198&peptide_id=24707&scanf=32739&charge=3&value=31/92,sp|P78527|PRKDC_HUMAN,/core/www/modules//consensus/?run_id=110202&search_id=114132&scans_id=110198&peptide_id=24707&scanf=32739&charge=3&value=sp|P78527|PRKDC_HUMAN,1,/core/www/modules/match_peptides/blast_html4.php?run_id=110202&search_id=114132&scans_id=110198&peptide_id=24707&scanf=32739&charge=3&value=1,R.KEEENASVIDSAELQAYPALVVEK.M,/core/www/modules/show_out/show_out_wrapper.php?run_id=110202&search_id=114132&scans_id=110198&peptide_id=24707&scanf=32739&charge=3&value=R.KEEENASVIDSAELQAYPALVVEK.M,PRKDC,3.661e+7,4.545,0.000,4.698,0.000
32740,3,"  4.301","  0.586",18/64,/core/www/modules//sdig/index.php?run_id=110202&search_id=114132&scans_id=110198&peptide_id=24709&scanf=32740&charge=3&value=18/64,sp|Q12905|ILF2_HUMAN,/core/www/modules//consensus/?run_id=110202&search_id=114132&scans_id=110198&peptide_id=24709&scanf=32740&charge=3&value=sp|Q12905|ILF2_HUMAN,3,/core/www/modules/match_peptides/blast_html4.php?run_id=110202&search_id=114132&scans_id=110198&peptide_id=24709&scanf=32740&charge=3&value=3,K.GTMTTGHNVADLVVILK.I,/core/www/modules/show_out/show_out_wrapper.php?run_id=110202&search_id=114132&scans_id=110198&peptide_id=24709&scanf=32740&charge=3&value=K.GTMTTGHNVADLVVILK.I,ILF2,1.356e+8,3.490,0.001,3.133,0.000
32741,2,"  2.571","  0.141",15/24,/core/www/modules//sdig/index.php?run_id=110202&search_id=114132&scans_id=110198&peptide_id=24710&scanf=32741&charge=2&value=15/24,sp|P22670|RFX1_HUMAN,/core/www/modules//consensus/?run_id=110202&search_id=114132&scans_id=110198&peptide_id=24710&scanf=32741&charge=2&value=sp|P22670|RFX1_HUMAN,0,/core/www/modules/match_peptides/blast_html4.php?run_id=110202&search_id=114132&scans_id=110198&peptide_id=24710&scanf=32741&charge=2&value=0,R.SLPDFTELDLQGK.V,/core/www/modules/show_out/show_out_wrapper.php?run_id=110202&search_id=114132&scans_id=110198&peptide_id=24710&scanf=32741&charge=2&value=R.SLPDFTELDLQGK.V,RFX1,6.053e+6,1.955,0.122,0.914,0.006
32742,2,"  4.545","  0.732",19/30,/core/www/modules//sdig/index.php?run_id=110202&search_id=114132&scans_id=110198&peptide_id=24711&scanf=32742&charge=2&value=19/30,sp|Q9Y224|RTRAF_HUMAN,/core/www/modules//consensus/?run_id=110202&search_id=114132&scans_id=110198&peptide_id=24711&scanf=32742&charge=2&value=sp|Q9Y224|RTRAF_HUMAN,2,/core/www/modules/match_peptides/blast_html4.php?run_id=110202&search_id=114132&scans_id=110198&peptide_id=24711&scanf=32742&charge=2&value=2,K.NAEPLINLDVNNPDFK.A,/core/www/modules/show_out/show_out_wrapper.php?run_id=110202&search_id=114132&scans_id=110198&peptide_id=24711&scanf=32742&charge=2&value=K.NAEPLINLDVNNPDFK.A,RTRAF,4.387e+6,3.953,0.000,3.819,0.000
32743,2,"  1.930","  0.288",8/24,/core/www/modules//sdig/index.php?run_id=110202&search_id=114132&scans_id=110198&peptide_id=24712&scanf=32743&charge=2&value=8/24,sp|O60287|NPA1P_HUMAN,/core/www/modules//consensus/?run_id=110202&search_id=114132&scans_id=110198&peptide_id=24712&scanf=32743&charge=2&value=sp|O60287|NPA1P_HUMAN,0,/core/www/modules/match_peptides/blast_html4.php?run_id=110202&search_id=114132&scans_id=110198&peptide_id=24712&scanf=32743&charge=2&value=0,R.LLPPEDTQELIFK.D,/core/www/modules/show_out/show_out_wrapper.php?run_id=110202&search_id=114132&scans_id=110198&peptide_id=24712&scanf=32743&charge=2&value=R.LLPPEDTQELIFK.D,URB1,5.665e+6,2.002,0.106,0.975,0.005
32745,3,"  4.284","  0.607",15/80,/core/www/modules//sdig/index.php?run_id=110202&search_id=114132&scans_id=110198&peptide_id=24714&scanf=32745&charge=3&value=15/80,sp|P26358|DNMT1_HUMAN,/core/www/modules//consensus/?run_id=110202&search_id=114132&scans_id=110198&peptide_id=24714&scanf=32745&charge=3&value=sp|P26358|DNMT1_HUMAN,7,/core/www/modules/match_peptides/blast_html4.php?run_id=110202&search_id=114132&scans_id=110198&peptide_id=24714&scanf=32745&charge=3&value=7,K.LSIFDANESGFESYEALPQHK.L,/core/www/modules/show_out/show_out_wrapper.php?run_id=110202&search_id=114132&scans_id=110198&peptide_id=24714&scanf=32745&charge=3&value=K.LSIFDANESGFESYEALPQHK.L,DNMT1,1.893e+6,3.182,0.002,2.677,0.000
32748,2,"  4.890","  0.646",16/30,/core/www/modules//sdig/index.php?run_id=110202&search_id=114132&scans_id=110198&peptide_id=24717&scanf=32748&charge=2&value=16/30,sp|Q15149|PLEC_HUMAN,/core/www/modules//consensus/?run_id=110202&search_id=114132&scans_id=110198&peptide_id=24717&scanf=32748&charge=2&value=sp|Q15149|PLEC_HUMAN,5,/core/www/modules/match_peptides/blast_html4.php?run_id=110202&search_id=114132&scans_id=110198&peptide_id=24717&scanf=32748&charge=2&value=5,R.GANVIAGVWLEEAGQK.L,/core/www/modules/show_out/show_out_wrapper.php?run_id=110202&search_id=114132&scans_id=110198&peptide_id=24717&scanf=32748&charge=2&value=R.GANVIAGVWLEEAGQK.L,PLEC,5.691e+6,4.044,0.000,3.955,0.000
32755,2,"  3.138","  0.410",12/24,/core/www/modules//sdig/index.php?run_id=110202&search_id=114132&scans_id=110198&peptide_id=24725&scanf=32755&charge=2&value=12/24,sp|Q13315|ATM_HUMAN,/core/www/modules//consensus/?run_id=110202&search_id=114132&scans_id=110198&peptide_id=24725&scanf=32755&charge=2&value=sp|Q13315|ATM_HUMAN,0,/core/www/modules/match_peptides/blast_html4.php?run_id=110202&search_id=114132&scans_id=110198&peptide_id=24725&scanf=32755&charge=2&value=0,K.NLEDVVVPTMEIK.V,/core/www/modules/show_out/show_out_wrapper.php?run_id=110202&search_id=114132&scans_id=110198&peptide_id=24725&scanf=32755&charge=2&value=K.NLEDVVVPTMEIK.V,ATM,2.579e+6,2.685,0.011,1.944,0.000
32756,2,"  2.603","  0.407",8/28,/core/www/modules//sdig/index.php?run_id=110202&search_id=114132&scans_id=110198&peptide_id=24726&scanf=32756&charge=2&value=8/28,sp|Q7L2Z9|CENPQ_HUMAN,/core/www/modules//consensus/?run_id=110202&search_id=114132&scans_id=110198&peptide_id=24726&scanf=32756&charge=2&value=sp|Q7L2Z9|CENPQ_HUMAN,0,/core/www/modules/match_peptides/blast_html4.php?run_id=110202&search_id=114132&scans_id=110198&peptide_id=24726&scanf=32756&charge=2&value=0,K.ANEEGLALLQEEIDK.M,/core/www/modules/show_out/show_out_wrapper.php?run_id=110202&search_id=114132&scans_id=110198&peptide_id=24726&scanf=32756&charge=2&value=K.ANEEGLALLQEEIDK.M,CENPQ,7.508e+6,1.988,0.111,0.956,0.005
32757,2,"  2.109","  0.353",10/14,/core/www/modules//sdig/index.php?run_id=110202&search_id=114132&scans_id=110198&peptide_id=24727&scanf=32757&charge=2&value=10/14,sp|P82650|RT22_HUMAN,/core/www/modules//consensus/?run_id=110202&search_id=114132&scans_id=110198&peptide_id=24727&scanf=32757&charge=2&value=sp|P82650|RT22_HUMAN,6,/core/www/modules/match_peptides/blast_html4.php?run_id=110202&search_id=114132&scans_id=110198&peptide_id=24727&scanf=32757&charge=2&value=6,K.ILTPIIFK.E,/core/www/modules/show_out/show_out_wrapper.php?run_id=110202&search_id=114132&scans_id=110198&peptide_id=24727&scanf=32757&charge=2&value=K.ILTPIIFK.E,MRPS22,5.319e+6,2.935,0.005,2.313,0.000
32760,2,"  2.637","  0.446",12/22,/core/www/modules//sdig/index.php?run_id=110202&search_id=114132&scans_id=110198&peptide_id=24730&scanf=32760&charge=2&value=12/22,sp|P0DMV8|HS71A_HUMAN,/core/www/modules//consensus/?run_id=110202&search_id=114132&scans_id=110198&peptide_id=24730&scanf=32760&charge=2&value=sp|P0DMV8|HS71A_HUMAN,4,/core/www/modules/match_peptides/blast_html4.php?run_id=110202&search_id=114132&scans_id=110198&peptide_id=24730&scanf=32760&charge=2&value=4,K.DAGVIAGLNVLR.I,/core/www/modules/show_out/show_out_wrapper.php?run_id=110202&search_id=114132&scans_id=110198&peptide_id=24730&scanf=32760&charge=2&value=K.DAGVIAGLNVLR.I,HSPA1A,2.047e+7,2.878,0.006,2.228,0.000
32762,2,"  1.805","  0.226",11/18,/core/www/modules//sdig/index.php?run_id=110202&search_id=114132&scans_id=110198&peptide_id=24732&scanf=32762&charge=2&value=11/18,sp|Q92945|FUBP2_HUMAN,/core/www/modules//consensus/?run_id=110202&search_id=114132&scans_id=110198&peptide_id=24732&scanf=32762&charge=2&value=sp|Q92945|FUBP2_HUMAN,1,/core/www/modules/match_peptides/blast_html4.php?run_id=110202&search_id=114132&scans_id=110198&peptide_id=24732&scanf=32762&charge=2&value=1,R.IINDLLQSLR.S,/core/www/modules/show_out/show_out_wrapper.php?run_id=110202&search_id=114132&scans_id=110198&peptide_id=24732&scanf=32762&charge=2&value=R.IINDLLQSLR.S,KHSRP,1.197e+7,2.340,0.036,1.443,0.001
32763,3,"  3.684","  0.605",14/44,/core/www/modules//sdig/index.php?run_id=110202&search_id=114132&scans_id=110198&peptide_id=24733&scanf=32763&charge=3&value=14/44,sp|P63241|IF5A1_HUMAN,/core/www/modules//consensus/?run_id=110202&search_id=114132&scans_id=110198&peptide_id=24733&scanf=32763&charge=3&value=sp|P63241|IF5A1_HUMAN,7,/core/www/modules/match_peptides/blast_html4.php?run_id=110202&search_id=114132&scans_id=110198&peptide_id=24733&scanf=32763&charge=3&value=7,K.VHLVGIDIFTGK.K,/core/www/modules/show_out/show_out_wrapper.php?run_id=110202&search_id=114132&scans_id=110198&peptide_id=24733&scanf=32763&charge=3&value=K.VHLVGIDIFTGK.K,EIF5A,1.730e+7,3.627,0.000,3.336,0.000
32764,3,"  4.244","  0.636",23/60,/core/www/modules//sdig/index.php?run_id=110202&search_id=114132&scans_id=110198&peptide_id=24734&scanf=32764&charge=3&value=23/60,sp|Q29RF7|PDS5A_HUMAN,/core/www/modules//consensus/?run_id=110202&search_id=114132&scans_id=110198&peptide_id=24734&scanf=32764&charge=3&value=sp|Q29RF7|PDS5A_HUMAN,0,/core/www/modules/match_peptides/blast_html4.php?run_id=110202&search_id=114132&scans_id=110198&peptide_id=24734&scanf=32764&charge=3&value=0,R.IAPVHIDSEAISALVK.L,/core/www/modules/show_out/show_out_wrapper.php?run_id=110202&search_id=114132&scans_id=110198&peptide_id=24734&scanf=32764&charge=3&value=R.IAPVHIDSEAISALVK.L,PDS5A,5.150e+7,3.828,0.000,3.635,0.000
32765,3,"  2.393","  0.420",7/60,/core/www/modules//sdig/index.php?run_id=110202&search_id=114132&scans_id=110198&peptide_id=24735&scanf=32765&charge=3&value=7/60,sp|O75369|FLNB_HUMAN,/core/www/modules//consensus/?run_id=110202&search_id=114132&scans_id=110198&peptide_id=24735&scanf=32765&charge=3&value=sp|O75369|FLNB_HUMAN,2,/core/www/modules/match_peptides/blast_html4.php?run_id=110202&search_id=114132&scans_id=110198&peptide_id=24735&scanf=32765&charge=3&value=2,K.WGEEHIPGSPFHVTVP.-,/core/www/modules/show_out/show_out_wrapper.php?run_id=110202&search_id=114132&scans_id=110198&peptide_id=24735&scanf=32765&charge=3&value=K.WGEEHIPGSPFHVTVP.-,FLNB,8.373e+6,2.683,0.011,1.942,0.000
32769,3,"  6.073","  0.626",25/92,/core/www/modules//sdig/index.php?run_id=110202&search_id=114132&scans_id=110198&peptide_id=24739&scanf=32769&charge=3&value=25/92,sp|P51665|PSMD7_HUMAN,/core/www/modules//consensus/?run_id=110202&search_id=114132&scans_id=110198&peptide_id=24739&scanf=32769&charge=3&value=sp|P51665|PSMD7_HUMAN,2,/core/www/modules/match_peptides/blast_html4.php?run_id=110202&search_id=114132&scans_id=110198&peptide_id=24739&scanf=32769&charge=3&value=2,K.DLGLPTEAYISVEEVHDDGTPTSK.T,/core/www/modules/show_out/show_out_wrapper.php?run_id=110202&search_id=114132&scans_id=110198&peptide_id=24739&scanf=32769&charge=3&value=K.DLGLPTEAYISVEEVHDDGTPTSK.T,PSMD7,3.238e+6,3.310,0.001,2.866,0.000
32772,2,"  1.402","  0.034",8/12,/core/www/modules//sdig/index.php?run_id=110202&search_id=114132&scans_id=110198&peptide_id=24743&scanf=32772&charge=2&value=8/12,sp|Q08AM6|VAC14_HUMAN,/core/www/modules//consensus/?run_id=110202&search_id=114132&scans_id=110198&peptide_id=24743&scanf=32772&charge=2&value=sp|Q08AM6|VAC14_HUMAN,2,/core/www/modules/match_peptides/blast_html4.php?run_id=110202&search_id=114132&scans_id=110198&peptide_id=24743&scanf=32772&charge=2&value=2,K.FMINLLK.R,/core/www/modules/show_out/show_out_wrapper.php?run_id=110202&search_id=114132&scans_id=110198&peptide_id=24743&scanf=32772&charge=2&value=K.FMINLLK.R,VAC14,1.970e+6,1.850,0.166,0.780,0.009
32773,3,"  3.146","  0.543",19/64,/core/www/modules//sdig/index.php?run_id=110202&search_id=114132&scans_id=110198&peptide_id=24744&scanf=32773&charge=3&value=19/64,sp|Q9BZE4|GTPB4_HUMAN,/core/www/modules//consensus/?run_id=110202&search_id=114132&scans_id=110198&peptide_id=24744&scanf=32773&charge=3&value=sp|Q9BZE4|GTPB4_HUMAN,0,/core/www/modules/match_peptides/blast_html4.php?run_id=110202&search_id=114132&scans_id=110198&peptide_id=24744&scanf=32773&charge=3&value=0,R.WQVVDTPGILDHPLEDR.N,/core/www/modules/show_out/show_out_wrapper.php?run_id=110202&search_id=114132&scans_id=110198&peptide_id=24744&scanf=32773&charge=3&value=R.WQVVDTPGILDHPLEDR.N,GTPBP4,2.036e+7,3.230,0.002,2.748,0.000
32778,2,"  2.607","  0.259",9/20,/core/www/modules//sdig/index.php?run_id=110202&search_id=114132&scans_id=110198&peptide_id=24749&scanf=32778&charge=2&value=9/20,sp|Q8IX18|DHX40_HUMAN,/core/www/modules//consensus/?run_id=110202&search_id=114132&scans_id=110198&peptide_id=24749&scanf=32778&charge=2&value=sp|Q8IX18|DHX40_HUMAN,1,/core/www/modules/match_peptides/blast_html4.php?run_id=110202&search_id=114132&scans_id=110198&peptide_id=24749&scanf=32778&charge=2&value=1,R.TSLTSVVLTLK.C,/core/www/modules/show_out/show_out_wrapper.php?run_id=110202&search_id=114132&scans_id=110198&peptide_id=24749&scanf=32778&charge=2&value=R.TSLTSVVLTLK.C,DHX40,4.098e+6,2.223,0.053,1.277,0.002
32781,3,"  1.535","  0.234",10/48,/core/www/modules//sdig/index.php?run_id=110202&search_id=114132&scans_id=110198&peptide_id=24752&scanf=32781&charge=3&value=10/48,sp|P62195|PRS8_HUMAN,/core/www/modules//consensus/?run_id=110202&search_id=114132&scans_id=110198&peptide_id=24752&scanf=32781&charge=3&value=sp|P62195|PRS8_HUMAN,0,/core/www/modules/match_peptides/blast_html4.php?run_id=110202&search_id=114132&scans_id=110198&peptide_id=24752&scanf=32781&charge=3&value=0,R.IDILDSALLRPGR.I,/core/www/modules/show_out/show_out_wrapper.php?run_id=110202&search_id=114132&scans_id=110198&peptide_id=24752&scanf=32781&charge=3&value=R.IDILDSALLRPGR.I,PSMC5,5.325e+7,2.194,0.058,1.237,0.002
32785,2,"  4.620","  0.654",15/32,/core/www/modules//sdig/index.php?run_id=110202&search_id=114132&scans_id=110198&peptide_id=24756&scanf=32785&charge=2&value=15/32,sp|P55786|PSA_HUMAN,/core/www/modules//consensus/?run_id=110202&search_id=114132&scans_id=110198&peptide_id=24756&scanf=32785&charge=2&value=sp|P55786|PSA_HUMAN,10,/core/www/modules/match_peptides/blast_html4.php?run_id=110202&search_id=114132&scans_id=110198&peptide_id=24756&scanf=32785&charge=2&value=10,K.VTLSFPSTLQTGTGTLK.I,/core/www/modules/show_out/show_out_wrapper.php?run_id=110202&search_id=114132&scans_id=110198&peptide_id=24756&scanf=32785&charge=2&value=K.VTLSFPSTLQTGTGTLK.I,NPEPPS,4.609e+6,3.445,0.001,3.066,0.000
32786,4,"  3.898","  0.356",13/126,/core/www/modules//sdig/index.php?run_id=110202&search_id=114132&scans_id=110198&peptide_id=24757&scanf=32786&charge=4&value=13/126,sp|O60506|HNRPQ_HUMAN,/core/www/modules//consensus/?run_id=110202&search_id=114132&scans_id=110198&peptide_id=24757&scanf=32786&charge=4&value=sp|O60506|HNRPQ_HUMAN,7,/core/www/modules/match_peptides/blast_html4.php?run_id=110202&search_id=114132&scans_id=110198&peptide_id=24757&scanf=32786&charge=4&value=7,K.VAEKLDEIYVAGLVAHSDLDER.A,/core/www/modules/show_out/show_out_wrapper.php?run_id=110202&search_id=114132&scans_id=110198&peptide_id=24757&scanf=32786&charge=4&value=K.VAEKLDEIYVAGLVAHSDLDER.A,SYNCRIP,1.546e+7,2.413,0.028,1.549,0.001
32787,2,"  3.328","  0.517",12/16,/core/www/modules//sdig/index.php?run_id=110202&search_id=114132&scans_id=110198&peptide_id=24758&scanf=32787&charge=2&value=12/16,sp|O60231|DHX16_HUMAN,/core/www/modules//consensus/?run_id=110202&search_id=114132&scans_id=110198&peptide_id=24758&scanf=32787&charge=2&value=sp|O60231|DHX16_HUMAN,4,/core/www/modules/match_peptides/blast_html4.php?run_id=110202&search_id=114132&scans_id=110198&peptide_id=24758&scanf=32787&charge=2&value=4,R.FPVDIFYTK.A,/core/www/modules/show_out/show_out_wrapper.php?run_id=110202&search_id=114132&scans_id=110198&peptide_id=24758&scanf=32787&charge=2&value=R.FPVDIFYTK.A,DHX16,6.479e+6,3.623,0.000,3.330,0.000
32789,2,"  4.342","  0.555",13/30,/core/www/modules//sdig/index.php?run_id=110202&search_id=114132&scans_id=110198&peptide_id=24760&scanf=32789&charge=2&value=13/30,sp|P13804|ETFA_HUMAN,/core/www/modules//consensus/?run_id=110202&search_id=114132&scans_id=110198&peptide_id=24760&scanf=32789&charge=2&value=sp|P13804|ETFA_HUMAN,12,/core/www/modules/match_peptides/blast_html4.php?run_id=110202&search_id=114132&scans_id=110198&peptide_id=24760&scanf=32789&charge=2&value=12,K.ASSTSPVEISEWLDQK.L,/core/www/modules/show_out/show_out_wrapper.php?run_id=110202&search_id=114132&scans_id=110198&peptide_id=24760&scanf=32789&charge=2&value=K.ASSTSPVEISEWLDQK.L,ETFA,7.239e+6,3.059,0.003,2.495,0.000
32790,2,"  2.655","  0.462",11/20,/core/www/modules//sdig/index.php?run_id=110202&search_id=114132&scans_id=110198&peptide_id=24762&scanf=32790&charge=2&value=11/20,sp|Q9HCE1|MOV10_HUMAN,/core/www/modules//consensus/?run_id=110202&search_id=114132&scans_id=110198&peptide_id=24762&scanf=32790&charge=2&value=sp|Q9HCE1|MOV10_HUMAN,3,/core/www/modules/match_peptides/blast_html4.php?run_id=110202&search_id=114132&scans_id=110198&peptide_id=24762&scanf=32790&charge=2&value=3,R.VLITTLITAGR.L,/core/www/modules/show_out/show_out_wrapper.php?run_id=110202&search_id=114132&scans_id=110198&peptide_id=24762&scanf=32790&charge=2&value=R.VLITTLITAGR.L,MOV10,4.787e+6,3.028,0.004,2.449,0.000
32792,3,"  3.313","  0.419",14/84,/core/www/modules//sdig/index.php?run_id=110202&search_id=114132&scans_id=110198&peptide_id=24764&scanf=32792&charge=3&value=14/84,sp|O95602|RPA1_HUMAN,/core/www/modules//consensus/?run_id=110202&search_id=114132&scans_id=110198&peptide_id=24764&scanf=32792&charge=3&value=sp|O95602|RPA1_HUMAN,1,/core/www/modules/match_peptides/blast_html4.php?run_id=110202&search_id=114132&scans_id=110198&peptide_id=24764&scanf=32792&charge=3&value=1,K.DGQPLAGLIQDHMVSGASMTTR.G,/core/www/modules/show_out/show_out_wrapper.php?run_id=110202&search_id=114132&scans_id=110198&peptide_id=24764&scanf=32792&charge=3&value=K.DGQPLAGLIQDHMVSGASMTTR.G,POLR1A,4.100e+6,2.448,0.025,1.598,0.001
32794,3,"  2.927","  0.544",17/64,/core/www/modules//sdig/index.php?run_id=110202&search_id=114132&scans_id=110198&peptide_id=24766&scanf=32794&charge=3&value=17/64,sp|P05556|ITB1_HUMAN,/core/www/modules//consensus/?run_id=110202&search_id=114132&scans_id=110198&peptide_id=24766&scanf=32794&charge=3&value=sp|P05556|ITB1_HUMAN,10,/core/www/modules/match_peptides/blast_html4.php?run_id=110202&search_id=114132&scans_id=110198&peptide_id=24766&scanf=32794&charge=3&value=10,K.LKPEDITQIQPQQLVLR.L,/core/www/modules/show_out/show_out_wrapper.php?run_id=110202&search_id=114132&scans_id=110198&peptide_id=24766&scanf=32794&charge=3&value=K.LKPEDITQIQPQQLVLR.L,ITGB1,8.980e+6,3.142,0.002,2.618,0.000
32796,2,"  3.381","  0.548",15/26,/core/www/modules//sdig/index.php?run_id=110202&search_id=114132&scans_id=110198&peptide_id=24768&scanf=32796&charge=2&value=15/26,sp|Q6P158|DHX57_HUMAN,/core/www/modules//consensus/?run_id=110202&search_id=114132&scans_id=110198&peptide_id=24768&scanf=32796&charge=2&value=sp|Q6P158|DHX57_HUMAN,1,/core/www/modules/match_peptides/blast_html4.php?run_id=110202&search_id=114132&scans_id=110198&peptide_id=24768&scanf=32796&charge=2&value=1,K.YSDPPVNFLPVPSR.T,/core/www/modules/show_out/show_out_wrapper.php?run_id=110202&search_id=114132&scans_id=110198&peptide_id=24768&scanf=32796&charge=2&value=K.YSDPPVNFLPVPSR.T,DHX57,2.031e+6,3.192,0.002,2.691,0.000
32799,3,"  3.997","  0.416",10/76,/core/www/modules//sdig/index.php?run_id=110202&search_id=114132&scans_id=110198&peptide_id=24771&scanf=32799&charge=3&value=10/76,sp|Q7L592|NDUF7_HUMAN,/core/www/modules//consensus/?run_id=110202&search_id=114132&scans_id=110198&peptide_id=24771&scanf=32799&charge=3&value=sp|Q7L592|NDUF7_HUMAN,2,/core/www/modules/match_peptides/blast_html4.php?run_id=110202&search_id=114132&scans_id=110198&peptide_id=24771&scanf=32799&charge=3&value=2,R.FVLAPSATPAEAFIQHDETR.D,/core/www/modules/show_out/show_out_wrapper.php?run_id=110202&search_id=114132&scans_id=110198&peptide_id=24771&scanf=32799&charge=3&value=R.FVLAPSATPAEAFIQHDETR.D,NDUFAF7,1.821e+6,2.426,0.027,1.567,0.001
32803,2,"  3.300","  0.336",11/26,/core/www/modules//sdig/index.php?run_id=110202&search_id=114132&scans_id=110198&peptide_id=24775&scanf=32803&charge=2&value=11/26,sp|Q92979|NEP1_HUMAN,/core/www/modules//consensus/?run_id=110202&search_id=114132&scans_id=110198&peptide_id=24775&scanf=32803&charge=2&value=sp|Q92979|NEP1_HUMAN,2,/core/www/modules/match_peptides/blast_html4.php?run_id=110202&search_id=114132&scans_id=110198&peptide_id=24775&scanf=32803&charge=2&value=2,K.VGTSFSIPVVSDVR.E,/core/www/modules/show_out/show_out_wrapper.php?run_id=110202&search_id=114132&scans_id=110198&peptide_id=24775&scanf=32803&charge=2&value=K.VGTSFSIPVVSDVR.E,EMG1,1.530e+7,2.330,0.037,1.429,0.001
32804,2,"  2.556","  0.414",7/20,/core/www/modules//sdig/index.php?run_id=110202&search_id=114132&scans_id=110198&peptide_id=24776&scanf=32804&charge=2&value=7/20,sp|Q02040|AK17A_HUMAN,/core/www/modules//consensus/?run_id=110202&search_id=114132&scans_id=110198&peptide_id=24776&scanf=32804&charge=2&value=sp|Q02040|AK17A_HUMAN,1,/core/www/modules/match_peptides/blast_html4.php?run_id=110202&search_id=114132&scans_id=110198&peptide_id=24776&scanf=32804&charge=2&value=1,R.NVDIPMLDPYR.E,/core/www/modules/show_out/show_out_wrapper.php?run_id=110202&search_id=114132&scans_id=110198&peptide_id=24776&scanf=32804&charge=2&value=R.NVDIPMLDPYR.E,AKAP17A,4.349e+6,2.459,0.024,1.615,0.001
32807,3,"  3.701","  0.488",17/56,/core/www/modules//sdig/index.php?run_id=110202&search_id=114132&scans_id=110198&peptide_id=24779&scanf=32807&charge=3&value=17/56,sp|Q9H582|ZN644_HUMAN,/core/www/modules//consensus/?run_id=110202&search_id=114132&scans_id=110198&peptide_id=24779&scanf=32807&charge=3&value=sp|Q9H582|ZN644_HUMAN,0,/core/www/modules/match_peptides/blast_html4.php?run_id=110202&search_id=114132&scans_id=110198&peptide_id=24779&scanf=32807&charge=3&value=0,K.MLTLPHGADEVYILR.C,/core/www/modules/show_out/show_out_wrapper.php?run_id=110202&search_id=114132&scans_id=110198&peptide_id=24779&scanf=32807&charge=3&value=K.MLTLPHGADEVYILR.C,ZNF644,2.972e+6,3.061,0.003,2.498,0.000
32808,3,"  2.443","  0.330",16/32,/core/www/modules//sdig/index.php?run_id=110202&search_id=114132&scans_id=110198&peptide_id=24780&scanf=32808&charge=3&value=16/32,sp|Q5C9Z4|NOM1_HUMAN,/core/www/modules//consensus/?run_id=110202&search_id=114132&scans_id=110198&peptide_id=24780&scanf=32808&charge=3&value=sp|Q5C9Z4|NOM1_HUMAN,0,/core/www/modules/match_peptides/blast_html4.php?run_id=110202&search_id=114132&scans_id=110198&peptide_id=24780&scanf=32808&charge=3&value=0,K.LFISHFLLK.N,/core/www/modules/show_out/show_out_wrapper.php?run_id=110202&search_id=114132&scans_id=110198&peptide_id=24780&scanf=32808&charge=3&value=K.LFISHFLLK.N,NOM1,4.894e+6,3.049,0.003,2.480,0.000
32810,3,"  4.432","  0.491",16/56,/core/www/modules//sdig/index.php?run_id=110202&search_id=114132&scans_id=110198&peptide_id=24783&scanf=32810&charge=3&value=16/56,sp|P0C5Y9|H2AB1_HUMAN,/core/www/modules//consensus/?run_id=110202&search_id=114132&scans_id=110198&peptide_id=24783&scanf=32810&charge=3&value=sp|P0C5Y9|H2AB1_HUMAN,1,/core/www/modules/match_peptides/blast_html4.php?run_id=110202&search_id=114132&scans_id=110198&peptide_id=24783&scanf=32810&charge=3&value=1,R.NITPLLLDM*VVHNDR.L,/core/www/modules/show_out/show_out_wrapper.php?run_id=110202&search_id=114132&scans_id=110198&peptide_id=24783&scanf=32810&charge=3&value=R.NITPLLLDM*VVHNDR.L,H2AB1,3.899e+6,3.131,0.003,2.602,0.000
32811,3,"  2.908","  0.558",13/44,/core/www/modules//sdig/index.php?run_id=110202&search_id=114132&scans_id=110198&peptide_id=24784&scanf=32811&charge=3&value=13/44,sp|P50914|RL14_HUMAN,/core/www/modules//consensus/?run_id=110202&search_id=114132&scans_id=110198&peptide_id=24784&scanf=32811&charge=3&value=sp|P50914|RL14_HUMAN,1,/core/www/modules/match_peptides/blast_html4.php?run_id=110202&search_id=114132&scans_id=110198&peptide_id=24784&scanf=32811&charge=3&value=1,K.LVAIVDVIDQNR.A,/core/www/modules/show_out/show_out_wrapper.php?run_id=110202&search_id=114132&scans_id=110198&peptide_id=24784&scanf=32811&charge=3&value=K.LVAIVDVIDQNR.A,RPL14,3.258e+7,3.424,0.001,3.036,0.000
32812,2,"  2.030","  0.211",6/16,/core/www/modules//sdig/index.php?run_id=110202&search_id=114132&scans_id=110198&peptide_id=24785&scanf=32812&charge=2&value=6/16,sp|Q13823|NOG2_HUMAN,/core/www/modules//consensus/?run_id=110202&search_id=114132&scans_id=110198&peptide_id=24785&scanf=32812&charge=2&value=sp|Q13823|NOG2_HUMAN,1,/core/www/modules/match_peptides/blast_html4.php?run_id=110202&search_id=114132&scans_id=110198&peptide_id=24785&scanf=32812&charge=2&value=1,K.VWQYITLMR.R,/core/www/modules/show_out/show_out_wrapper.php?run_id=110202&search_id=114132&scans_id=110198&peptide_id=24785&scanf=32812&charge=2&value=K.VWQYITLMR.R,GNL2,2.719e+6,1.990,0.110,0.959,0.005
32815,2,"  3.666","  0.343",12/30,/core/www/modules//sdig/index.php?run_id=110202&search_id=114132&scans_id=110198&peptide_id=24788&scanf=32815&charge=2&value=12/30,sp|Q6UB35|C1TM_HUMAN,/core/www/modules//consensus/?run_id=110202&search_id=114132&scans_id=110198&peptide_id=24788&scanf=32815&charge=2&value=sp|Q6UB35|C1TM_HUMAN,2,/core/www/modules/match_peptides/blast_html4.php?run_id=110202&search_id=114132&scans_id=110198&peptide_id=24788&scanf=32815&charge=2&value=2,K.YVLVAGITPTPLGEGK.S,/core/www/modules/show_out/show_out_wrapper.php?run_id=110202&search_id=114132&scans_id=110198&peptide_id=24788&scanf=32815&charge=2&value=K.YVLVAGITPTPLGEGK.S,MTHFD1L,1.760e+6,2.132,0.071,1.150,0.002
32819,3,"  3.615","  0.386",14/60,/core/www/modules//sdig/index.php?run_id=110202&search_id=114132&scans_id=110198&peptide_id=24792&scanf=32819&charge=3&value=14/60,sp|Q8TDD1|DDX54_HUMAN,/core/www/modules//consensus/?run_id=110202&search_id=114132&scans_id=110198&peptide_id=24792&scanf=32819&charge=3&value=sp|Q8TDD1|DDX54_HUMAN,1,/core/www/modules/match_peptides/blast_html4.php?run_id=110202&search_id=114132&scans_id=110198&peptide_id=24792&scanf=32819&charge=3&value=1,K.TIPVILDGKDVVAMAR.T,/core/www/modules/show_out/show_out_wrapper.php?run_id=110202&search_id=114132&scans_id=110198&peptide_id=24792&scanf=32819&charge=3&value=K.TIPVILDGKDVVAMAR.T,DDX54,1.760e+6,2.421,0.028,1.560,0.001
32821,2,"  4.644","  0.581",19/32,/core/www/modules//sdig/index.php?run_id=110202&search_id=114132&scans_id=110198&peptide_id=24795&scanf=32821&charge=2&value=19/32,sp|P55036|PSMD4_HUMAN,/core/www/modules//consensus/?run_id=110202&search_id=114132&scans_id=110198&peptide_id=24795&scanf=32821&charge=2&value=sp|P55036|PSMD4_HUMAN,3,/core/www/modules/match_peptides/blast_html4.php?run_id=110202&search_id=114132&scans_id=110198&peptide_id=24795&scanf=32821&charge=2&value=3,K.VNVDIINFGEEEVNTEK.L,/core/www/modules/show_out/show_out_wrapper.php?run_id=110202&search_id=114132&scans_id=110198&peptide_id=24795&scanf=32821&charge=2&value=K.VNVDIINFGEEEVNTEK.L,PSMD4,2.456e+6,3.351,0.001,2.927,0.000
32823,2,"  2.321","  0.432",11/18,/core/www/modules//sdig/index.php?run_id=110202&search_id=114132&scans_id=110198&peptide_id=24796&scanf=32823&charge=2&value=11/18,sp|Q8IXH7|NELFD_HUMAN,/core/www/modules//consensus/?run_id=110202&search_id=114132&scans_id=110198&peptide_id=24796&scanf=32823&charge=2&value=sp|Q8IXH7|NELFD_HUMAN,2,/core/www/modules/match_peptides/blast_html4.php?run_id=110202&search_id=114132&scans_id=110198&peptide_id=24796&scanf=32823&charge=2&value=2,R.FPVVAMGVLK.W,/core/www/modules/show_out/show_out_wrapper.php?run_id=110202&search_id=114132&scans_id=110198&peptide_id=24796&scanf=32823&charge=2&value=R.FPVVAMGVLK.W,NELFCD,1.801e+7,2.991,0.004,2.395,0.000
32824,2,"  2.182","  0.304",10/20,/core/www/modules//sdig/index.php?run_id=110202&search_id=114132&scans_id=110198&peptide_id=24797&scanf=32824&charge=2&value=10/20,sp|P35232|PHB1_HUMAN,/core/www/modules//consensus/?run_id=110202&search_id=114132&scans_id=110198&peptide_id=24797&scanf=32824&charge=2&value=sp|P35232|PHB1_HUMAN,4,/core/www/modules/match_peptides/blast_html4.php?run_id=110202&search_id=114132&scans_id=110198&peptide_id=24797&scanf=32824&charge=2&value=4,R.VLPSITTEILK.S,/core/www/modules/show_out/show_out_wrapper.php?run_id=110202&search_id=114132&scans_id=110198&peptide_id=24797&scanf=32824&charge=2&value=R.VLPSITTEILK.S,PHB1,8.311e+6,2.398,0.030,1.527,0.001
32826,2,"  4.963","  0.552",15/30,/core/www/modules//sdig/index.php?run_id=110202&search_id=114132&scans_id=110198&peptide_id=24799&scanf=32826&charge=2&value=15/30,sp|P13804|ETFA_HUMAN,/core/www/modules//consensus/?run_id=110202&search_id=114132&scans_id=110198&peptide_id=24799&scanf=32826&charge=2&value=sp|P13804|ETFA_HUMAN,12,/core/www/modules/match_peptides/blast_html4.php?run_id=110202&search_id=114132&scans_id=110198&peptide_id=24799&scanf=32826&charge=2&value=12,K.ASSTSPVEISEWLDQK.L,/core/www/modules/show_out/show_out_wrapper.php?run_id=110202&search_id=114132&scans_id=110198&peptide_id=24799&scanf=32826&charge=2&value=K.ASSTSPVEISEWLDQK.L,ETFA,7.239e+6,3.189,0.002,2.687,0.000
32829,2,"  3.858","  0.612",19/32,/core/www/modules//sdig/index.php?run_id=110202&search_id=114132&scans_id=110198&peptide_id=24802&scanf=32829&charge=2&value=19/32,sp|Q9Y5B9|SP16H_HUMAN,/core/www/modules//consensus/?run_id=110202&search_id=114132&scans_id=110198&peptide_id=24802&scanf=32829&charge=2&value=sp|Q9Y5B9|SP16H_HUMAN,0,/core/www/modules/match_peptides/blast_html4.php?run_id=110202&search_id=114132&scans_id=110198&peptide_id=24802&scanf=32829&charge=2&value=0,K.APGEQTVPALNLQNAFR.I,/core/www/modules/show_out/show_out_wrapper.php?run_id=110202&search_id=114132&scans_id=110198&peptide_id=24802&scanf=32829&charge=2&value=K.APGEQTVPALNLQNAFR.I,SUPT16H,4.550e+7,3.567,0.001,3.247,0.000
32830,3,"  5.152","  0.512",18/96,/core/www/modules//sdig/index.php?run_id=110202&search_id=114132&scans_id=110198&peptide_id=24804&scanf=32830&charge=3&value=18/96,sp|P55265|DSRAD_HUMAN,/core/www/modules//consensus/?run_id=110202&search_id=114132&scans_id=110198&peptide_id=24804&scanf=32830&charge=3&value=sp|P55265|DSRAD_HUMAN,2,/core/www/modules/match_peptides/blast_html4.php?run_id=110202&search_id=114132&scans_id=110198&peptide_id=24804&scanf=32830&charge=3&value=2,R.TKVENGEGTIPVESSDIVPTWDGIR.L,/core/www/modules/show_out/show_out_wrapper.php?run_id=110202&search_id=114132&scans_id=110198&peptide_id=24804&scanf=32830&charge=3&value=R.TKVENGEGTIPVESSDIVPTWDGIR.L,ADAR,2.270e+6,2.473,0.023,1.634,0.001
32833,3,"  1.743","  0.451",16/56,/core/www/modules//sdig/index.php?run_id=110202&search_id=114132&scans_id=110198&peptide_id=24807&scanf=32833&charge=3&value=16/56,sp|P62750|RL23A_HUMAN,/core/www/modules//consensus/?run_id=110202&search_id=114132&scans_id=110198&peptide_id=24807&scanf=32833&charge=3&value=sp|P62750|RL23A_HUMAN,5,/core/www/modules/match_peptides/blast_html4.php?run_id=110202&search_id=114132&scans_id=110198&peptide_id=24807&scanf=32833&charge=3&value=5,K.KIEDNNTLVFIVDVK.A,/core/www/modules/show_out/show_out_wrapper.php?run_id=110202&search_id=114132&scans_id=110198&peptide_id=24807&scanf=32833&charge=3&value=K.KIEDNNTLVFIVDVK.A,RPL23A,2.895e+6,2.513,0.020,1.693,0.000
32834,3,"  2.961","  0.492",14/48,/core/www/modules//sdig/index.php?run_id=110202&search_id=114132&scans_id=110198&peptide_id=24808&scanf=32834&charge=3&value=14/48,sp|O14981|BTAF1_HUMAN,/core/www/modules//consensus/?run_id=110202&search_id=114132&scans_id=110198&peptide_id=24808&scanf=32834&charge=3&value=sp|O14981|BTAF1_HUMAN,0,/core/www/modules/match_peptides/blast_html4.php?run_id=110202&search_id=114132&scans_id=110198&peptide_id=24808&scanf=32834&charge=3&value=0,K.LNPIIKPLMETIK.K,/core/www/modules/show_out/show_out_wrapper.php?run_id=110202&search_id=114132&scans_id=110198&peptide_id=24808&scanf=32834&charge=3&value=K.LNPIIKPLMETIK.K,BTAF1,2.617e+6,3.168,0.002,2.657,0.000
32835,2,"  1.528","  0.235",8/12,/core/www/modules//sdig/index.php?run_id=110202&search_id=114132&scans_id=110198&peptide_id=24809&scanf=32835&charge=2&value=8/12,sp|P04908|H2A1B_HUMAN,/core/www/modules//consensus/?run_id=110202&search_id=114132&scans_id=110198&peptide_id=24809&scanf=32835&charge=2&value=sp|P04908|H2A1B_HUMAN,20,/core/www/modules/match_peptides/blast_html4.php?run_id=110202&search_id=114132&scans_id=110198&peptide_id=24809&scanf=32835&charge=2&value=20,R.HLQLAIR.N,/core/www/modules/show_out/show_out_wrapper.php?run_id=110202&search_id=114132&scans_id=110198&peptide_id=24809&scanf=32835&charge=2&value=R.HLQLAIR.N,H2AC8,4.853e+6,2.716,0.010,1.989,0.000
32836,2,"  2.933","  0.470",11/14,/core/www/modules//sdig/index.php?run_id=110202&search_id=114132&scans_id=110198&peptide_id=24810&scanf=32836&charge=2&value=11/14,sp|Q7KZF4|SND1_HUMAN,/core/www/modules//consensus/?run_id=110202&search_id=114132&scans_id=110198&peptide_id=24810&scanf=32836&charge=2&value=sp|Q7KZF4|SND1_HUMAN,1,/core/www/modules/match_peptides/blast_html4.php?run_id=110202&search_id=114132&scans_id=110198&peptide_id=24810&scanf=32836&charge=2&value=1,K.QFLPFLQR.A,/core/www/modules/show_out/show_out_wrapper.php?run_id=110202&search_id=114132&scans_id=110198&peptide_id=24810&scanf=32836&charge=2&value=K.QFLPFLQR.A,SND1,4.451e+7,3.652,0.000,3.374,0.000
32838,3,"  2.276","  0.400",11/32,/core/www/modules//sdig/index.php?run_id=110202&search_id=114132&scans_id=110198&peptide_id=24812&scanf=32838&charge=3&value=11/32,sp|Q9Y383|LC7L2_HUMAN,/core/www/modules//consensus/?run_id=110202&search_id=114132&scans_id=110198&peptide_id=24812&scanf=32838&charge=3&value=sp|Q9Y383|LC7L2_HUMAN,1,/core/www/modules/match_peptides/blast_html4.php?run_id=110202&search_id=114132&scans_id=110198&peptide_id=24812&scanf=32838&charge=3&value=1,K.LHLGFIEIR.E,/core/www/modules/show_out/show_out_wrapper.php?run_id=110202&search_id=114132&scans_id=110198&peptide_id=24812&scanf=32838&charge=3&value=K.LHLGFIEIR.E,LUC7L2,1.312e+7,3.053,0.003,2.486,0.000
32841,2,"  3.045","  0.441",12/24,/core/www/modules//sdig/index.php?run_id=110202&search_id=114132&scans_id=110198&peptide_id=24816&scanf=32841&charge=2&value=12/24,sp|P53999|TCP4_HUMAN,/core/www/modules//consensus/?run_id=110202&search_id=114132&scans_id=110198&peptide_id=24816&scanf=32841&charge=2&value=sp|P53999|TCP4_HUMAN,0,/core/www/modules/match_peptides/blast_html4.php?run_id=110202&search_id=114132&scans_id=110198&peptide_id=24816&scanf=32841&charge=2&value=0,K.GISLNPEQWSQLK.E,/core/www/modules/show_out/show_out_wrapper.php?run_id=110202&search_id=114132&scans_id=110198&peptide_id=24816&scanf=32841&charge=2&value=K.GISLNPEQWSQLK.E,SUB1,4.047e+6,2.803,0.008,2.118,0.000
32844,3,"  5.343","  0.640",24/84,/core/www/modules//sdig/index.php?run_id=110202&search_id=114132&scans_id=110198&peptide_id=24818&scanf=32844&charge=3&value=24/84,sp|Q99848|EBP2_HUMAN,/core/www/modules//consensus/?run_id=110202&search_id=114132&scans_id=110198&peptide_id=24818&scanf=32844&charge=3&value=sp|Q99848|EBP2_HUMAN,1,/core/www/modules/match_peptides/blast_html4.php?run_id=110202&search_id=114132&scans_id=110198&peptide_id=24818&scanf=32844&charge=3&value=1,R.LDVTLGPVPEIGGSEAPAPQNK.D,/core/www/modules/show_out/show_out_wrapper.php?run_id=110202&search_id=114132&scans_id=110198&peptide_id=24818&scanf=32844&charge=3&value=R.LDVTLGPVPEIGGSEAPAPQNK.D,EBNA1BP2,2.859e+7,3.493,0.001,3.138,0.000
32845,2,"  3.585","  0.590",15/26,/core/www/modules//sdig/index.php?run_id=110202&search_id=114132&scans_id=110198&peptide_id=24819&scanf=32845&charge=2&value=15/26,sp|P61204|ARF3_HUMAN,/core/www/modules//consensus/?run_id=110202&search_id=114132&scans_id=110198&peptide_id=24819&scanf=32845&charge=2&value=sp|P61204|ARF3_HUMAN,9,/core/www/modules/match_peptides/blast_html4.php?run_id=110202&search_id=114132&scans_id=110198&peptide_id=24819&scanf=32845&charge=2&value=9,K.NISFTVWDVGGQDK.I,/core/www/modules/show_out/show_out_wrapper.php?run_id=110202&search_id=114132&scans_id=110198&peptide_id=24819&scanf=32845&charge=2&value=K.NISFTVWDVGGQDK.I,ARF3,1.852e+7,3.438,0.001,3.056,0.000
32848,4,"  6.829","  0.679",20/264,/core/www/modules//sdig/index.php?run_id=110202&search_id=114132&scans_id=110198&peptide_id=24822&scanf=32848&charge=4&value=20/264,sp|Q86U42|PABP2_HUMAN,/core/www/modules//consensus/?run_id=110202&search_id=114132&scans_id=110198&peptide_id=24822&scanf=32848&charge=4&value=sp|Q86U42|PABP2_HUMAN,0,/core/www/modules/match_peptides/blast_html4.php?run_id=110202&search_id=114132&scans_id=110198&peptide_id=24822&scanf=32848&charge=4&value=0,R.APPGAPGPGPGSGAPGSQEEEEEPGLVEGDPGDGAIEDPELEAIK.A,/core/www/modules/show_out/show_out_wrapper.php?run_id=110202&search_id=114132&scans_id=110198&peptide_id=24822&scanf=32848&charge=4&value=R.APPGAPGPGPGSGAPGSQEEEEEPGLVEGDPGDGAIEDPELEAIK.A,PABPN1,1.313e+6,2.971,0.004,2.366,0.000
32849,3,"  6.948","  0.665",20/80,/core/www/modules//sdig/index.php?run_id=110202&search_id=114132&scans_id=110198&peptide_id=24823&scanf=32849&charge=3&value=20/80,sp|P78527|PRKDC_HUMAN,/core/www/modules//consensus/?run_id=110202&search_id=114132&scans_id=110198&peptide_id=24823&scanf=32849&charge=3&value=sp|P78527|PRKDC_HUMAN,1,/core/www/modules/match_peptides/blast_html4.php?run_id=110202&search_id=114132&scans_id=110198&peptide_id=24823&scanf=32849&charge=3&value=1,R.STVLTPMFVETQASQGTLQTR.T,/core/www/modules/show_out/show_out_wrapper.php?run_id=110202&search_id=114132&scans_id=110198&peptide_id=24823&scanf=32849&charge=3&value=R.STVLTPMFVETQASQGTLQTR.T,PRKDC,3.445e+7,4.449,0.000,4.556,0.000
32850,2,"  3.437","  0.640",15/26,/core/www/modules//sdig/index.php?run_id=110202&search_id=114132&scans_id=110198&peptide_id=24825&scanf=32850&charge=2&value=15/26,sp|P38159|RBMX_HUMAN,/core/www/modules//consensus/?run_id=110202&search_id=114132&scans_id=110198&peptide_id=24825&scanf=32850&charge=2&value=sp|P38159|RBMX_HUMAN,7,/core/www/modules/match_peptides/blast_html4.php?run_id=110202&search_id=114132&scans_id=110198&peptide_id=24825&scanf=32850&charge=2&value=7,R.GFAFVTFESPADAK.D,/core/www/modules/show_out/show_out_wrapper.php?run_id=110202&search_id=114132&scans_id=110198&peptide_id=24825&scanf=32850&charge=2&value=R.GFAFVTFESPADAK.D,RBMX,3.612e+8,3.586,0.001,3.276,0.000
32851,3,"  1.788","  0.151",17/48,/core/www/modules//sdig/index.php?run_id=110202&search_id=114132&scans_id=110198&peptide_id=24826&scanf=32851&charge=3&value=17/48,sp|Q9HCE1|MOV10_HUMAN,/core/www/modules//consensus/?run_id=110202&search_id=114132&scans_id=110198&peptide_id=24826&scanf=32851&charge=3&value=sp|Q9HCE1|MOV10_HUMAN,3,/core/www/modules/match_peptides/blast_html4.php?run_id=110202&search_id=114132&scans_id=110198&peptide_id=24826&scanf=32851&charge=3&value=3,R.QGFPIIFHGVMGK.D,/core/www/modules/show_out/show_out_wrapper.php?run_id=110202&search_id=114132&scans_id=110198&peptide_id=24826&scanf=32851&charge=3&value=R.QGFPIIFHGVMGK.D,MOV10,6.825e+6,2.078,0.084,1.077,0.003
32852,3,"  5.673","  0.649",17/68,/core/www/modules//sdig/index.php?run_id=110202&search_id=114132&scans_id=110198&peptide_id=24827&scanf=32852&charge=3&value=17/68,sp|Q9UKN8|TF3C4_HUMAN,/core/www/modules//consensus/?run_id=110202&search_id=114132&scans_id=110198&peptide_id=24827&scanf=32852&charge=3&value=sp|Q9UKN8|TF3C4_HUMAN,1,/core/www/modules/match_peptides/blast_html4.php?run_id=110202&search_id=114132&scans_id=110198&peptide_id=24827&scanf=32852&charge=3&value=1,K.LQYAVSGLEPLAWSEDHR.V,/core/www/modules/show_out/show_out_wrapper.php?run_id=110202&search_id=114132&scans_id=110198&peptide_id=24827&scanf=32852&charge=3&value=K.LQYAVSGLEPLAWSEDHR.V,GTF3C4,5.708e+6,3.626,0.000,3.334,0.000
32855,3,"  6.030","  0.598",25/68,/core/www/modules//sdig/index.php?run_id=110202&search_id=114132&scans_id=110198&peptide_id=24830&scanf=32855&charge=3&value=25/68,sp|O60506|HNRPQ_HUMAN,/core/www/modules//consensus/?run_id=110202&search_id=114132&scans_id=110198&peptide_id=24830&scanf=32855&charge=3&value=sp|O60506|HNRPQ_HUMAN,7,/core/www/modules/match_peptides/blast_html4.php?run_id=110202&search_id=114132&scans_id=110198&peptide_id=24830&scanf=32855&charge=3&value=7,K.LDEIYVAGLVAHSDLDER.A,/core/www/modules/show_out/show_out_wrapper.php?run_id=110202&search_id=114132&scans_id=110198&peptide_id=24830&scanf=32855&charge=3&value=K.LDEIYVAGLVAHSDLDER.A,SYNCRIP,3.682e+7,3.742,0.000,3.507,0.000
32857,4,"  3.136","  0.435",16/108,/core/www/modules//sdig/index.php?run_id=110202&search_id=114132&scans_id=110198&peptide_id=24832&scanf=32857&charge=4&value=16/108,sp|P55084|ECHB_HUMAN,/core/www/modules//consensus/?run_id=110202&search_id=114132&scans_id=110198&peptide_id=24832&scanf=32857&charge=4&value=sp|P55084|ECHB_HUMAN,1,/core/www/modules/match_peptides/blast_html4.php?run_id=110202&search_id=114132&scans_id=110198&peptide_id=24832&scanf=32857&charge=4&value=1,K.KAQDEGLLSDVVPFKVPGK.D,/core/www/modules/show_out/show_out_wrapper.php?run_id=110202&search_id=114132&scans_id=110198&peptide_id=24832&scanf=32857&charge=4&value=K.KAQDEGLLSDVVPFKVPGK.D,HADHB,3.406e+6,2.472,0.023,1.634,0.001
32858,2,"  2.823","  0.424",11/18,/core/www/modules//sdig/index.php?run_id=110202&search_id=114132&scans_id=110198&peptide_id=24833&scanf=32858&charge=2&value=11/18,sp|O43447|PPIH_HUMAN,/core/www/modules//consensus/?run_id=110202&search_id=114132&scans_id=110198&peptide_id=24833&scanf=32858&charge=2&value=sp|O43447|PPIH_HUMAN,4,/core/www/modules/match_peptides/blast_html4.php?run_id=110202&search_id=114132&scans_id=110198&peptide_id=24833&scanf=32858&charge=2&value=4,K.IELFADVVPK.T,/core/www/modules/show_out/show_out_wrapper.php?run_id=110202&search_id=114132&scans_id=110198&peptide_id=24833&scanf=32858&charge=2&value=K.IELFADVVPK.T,PPIH,2.819e+7,3.039,0.003,2.466,0.000
32862,2,"  2.725","  0.478",12/20,/core/www/modules//sdig/index.php?run_id=110202&search_id=114132&scans_id=110198&peptide_id=24838&scanf=32862&charge=2&value=12/20,sp|Q9P0V9|SEP10_HUMAN,/core/www/modules//consensus/?run_id=110202&search_id=114132&scans_id=110198&peptide_id=24838&scanf=32862&charge=2&value=sp|Q9P0V9|SEP10_HUMAN,3,/core/www/modules/match_peptides/blast_html4.php?run_id=110202&search_id=114132&scans_id=110198&peptide_id=24838&scanf=32862&charge=2&value=3,R.LLEEEIIAFSK.K,/core/www/modules/show_out/show_out_wrapper.php?run_id=110202&search_id=114132&scans_id=110198&peptide_id=24838&scanf=32862&charge=2&value=R.LLEEEIIAFSK.K,SEPTIN10,2.181e+6,3.131,0.002,2.602,0.000
32865,2,"  3.378","  0.678",16/26,/core/www/modules//sdig/index.php?run_id=110202&search_id=114132&scans_id=110198&peptide_id=24840&scanf=32865&charge=2&value=16/26,sp|P38159|RBMX_HUMAN,/core/www/modules//consensus/?run_id=110202&search_id=114132&scans_id=110198&peptide_id=24840&scanf=32865&charge=2&value=sp|P38159|RBMX_HUMAN,7,/core/www/modules/match_peptides/blast_html4.php?run_id=110202&search_id=114132&scans_id=110198&peptide_id=24840&scanf=32865&charge=2&value=7,R.GFAFVTFESPADAK.D,/core/www/modules/show_out/show_out_wrapper.php?run_id=110202&search_id=114132&scans_id=110198&peptide_id=24840&scanf=32865&charge=2&value=R.GFAFVTFESPADAK.D,RBMX,3.612e+8,4.016,0.000,3.913,0.000
32866,2,"  1.375","  0.220",7/18,/core/www/modules//sdig/index.php?run_id=110202&search_id=114132&scans_id=110198&peptide_id=24841&scanf=32866&charge=2&value=7/18,sp|Q86V81|THOC4_HUMAN,/core/www/modules//consensus/?run_id=110202&search_id=114132&scans_id=110198&peptide_id=24841&scanf=32866&charge=2&value=sp|Q86V81|THOC4_HUMAN,1,/core/www/modules/match_peptides/blast_html4.php?run_id=110202&search_id=114132&scans_id=110198&peptide_id=24841&scanf=32866&charge=2&value=1,K.MDMSLDDIIK.L,/core/www/modules/show_out/show_out_wrapper.php?run_id=110202&search_id=114132&scans_id=110198&peptide_id=24841&scanf=32866&charge=2&value=K.MDMSLDDIIK.L,ALYREF,6.802e+7,1.972,0.116,0.935,0.005
32869,4,"  4.922","  0.439",16/132,/core/www/modules//sdig/index.php?run_id=110202&search_id=114132&scans_id=110198&peptide_id=24844&scanf=32869&charge=4&value=16/132,sp|Q14204|DYHC1_HUMAN,/core/www/modules//consensus/?run_id=110202&search_id=114132&scans_id=110198&peptide_id=24844&scanf=32869&charge=4&value=sp|Q14204|DYHC1_HUMAN,28,/core/www/modules/match_peptides/blast_html4.php?run_id=110202&search_id=114132&scans_id=110198&peptide_id=24844&scanf=32869&charge=4&value=28,K.TKPVTGNLRPEEALQALTIYEGK.F,/core/www/modules/show_out/show_out_wrapper.php?run_id=110202&search_id=114132&scans_id=110198&peptide_id=24844&scanf=32869&charge=4&value=K.TKPVTGNLRPEEALQALTIYEGK.F,DYNC1H1,2.930e+6,3.212,0.002,2.722,0.000
32870,3,"  2.340","  0.304",8/52,/core/www/modules//sdig/index.php?run_id=110202&search_id=114132&scans_id=110198&peptide_id=24846&scanf=32870&charge=3&value=8/52,sp|Q1KMD3|HNRL2_HUMAN,/core/www/modules//consensus/?run_id=110202&search_id=114132&scans_id=110198&peptide_id=24846&scanf=32870&charge=3&value=sp|Q1KMD3|HNRL2_HUMAN,1,/core/www/modules/match_peptides/blast_html4.php?run_id=110202&search_id=114132&scans_id=110198&peptide_id=24846&scanf=32870&charge=3&value=1,R.YNVLGAETVLNQMR.M,/core/www/modules/show_out/show_out_wrapper.php?run_id=110202&search_id=114132&scans_id=110198&peptide_id=24846&scanf=32870&charge=3&value=R.YNVLGAETVLNQMR.M,HNRNPUL2,6.388e+6,2.330,0.037,1.430,0.001
32871,2,"  2.865","  0.409",11/28,/core/www/modules//sdig/index.php?run_id=110202&search_id=114132&scans_id=110198&peptide_id=24847&scanf=32871&charge=2&value=11/28,sp|Q9H269|VPS16_HUMAN,/core/www/modules//consensus/?run_id=110202&search_id=114132&scans_id=110198&peptide_id=24847&scanf=32871&charge=2&value=sp|Q9H269|VPS16_HUMAN,0,/core/www/modules/match_peptides/blast_html4.php?run_id=110202&search_id=114132&scans_id=110198&peptide_id=24847&scanf=32871&charge=2&value=0,K.IASMAPGALLLEAQK.E,/core/www/modules/show_out/show_out_wrapper.php?run_id=110202&search_id=114132&scans_id=110198&peptide_id=24847&scanf=32871&charge=2&value=K.IASMAPGALLLEAQK.E,VPS16,2.712e+6,2.224,0.053,1.278,0.002
32872,4,"  5.447","  0.598",20/102,/core/www/modules//sdig/index.php?run_id=110202&search_id=114132&scans_id=110198&peptide_id=24848&scanf=32872&charge=4&value=20/102,sp|Q9NV31|IMP3_HUMAN,/core/www/modules//consensus/?run_id=110202&search_id=114132&scans_id=110198&peptide_id=24848&scanf=32872&charge=4&value=sp|Q9NV31|IMP3_HUMAN,0,/core/www/modules/match_peptides/blast_html4.php?run_id=110202&search_id=114132&scans_id=110198&peptide_id=24848&scanf=32872&charge=4&value=0,K.QVDFLNWEVTDHNLHELR.V,/core/www/modules/show_out/show_out_wrapper.php?run_id=110202&search_id=114132&scans_id=110198&peptide_id=24848&scanf=32872&charge=4&value=K.QVDFLNWEVTDHNLHELR.V,IMP3,4.784e+6,3.801,0.000,3.594,0.000
32875,3,"  4.171","  0.608",16/52,/core/www/modules//sdig/index.php?run_id=110202&search_id=114132&scans_id=110198&peptide_id=24851&scanf=32875&charge=3&value=16/52,sp|Q5VYK3|ECM29_HUMAN,/core/www/modules//consensus/?run_id=110202&search_id=114132&scans_id=110198&peptide_id=24851&scanf=32875&charge=3&value=sp|Q5VYK3|ECM29_HUMAN,3,/core/www/modules/match_peptides/blast_html4.php?run_id=110202&search_id=114132&scans_id=110198&peptide_id=24851&scanf=32875&charge=3&value=3,K.IKPLGPMLLNGLTK.L,/core/www/modules/show_out/show_out_wrapper.php?run_id=110202&search_id=114132&scans_id=110198&peptide_id=24851&scanf=32875&charge=3&value=K.IKPLGPMLLNGLTK.L,ECPAS,2.103e+6,3.650,0.000,3.370,0.000
32876,2,"  2.558","  0.406",10/18,/core/www/modules//sdig/index.php?run_id=110202&search_id=114132&scans_id=110198&peptide_id=24852&scanf=32876&charge=2&value=10/18,sp|Q9HBM6|TAF9B_HUMAN,/core/www/modules//consensus/?run_id=110202&search_id=114132&scans_id=110198&peptide_id=24852&scanf=32876&charge=2&value=sp|Q9HBM6|TAF9B_HUMAN,0,/core/www/modules/match_peptides/blast_html4.php?run_id=110202&search_id=114132&scans_id=110198&peptide_id=24852&scanf=32876&charge=2&value=0,R.DALVMAQILK.D,/core/www/modules/show_out/show_out_wrapper.php?run_id=110202&search_id=114132&scans_id=110198&peptide_id=24852&scanf=32876&charge=2&value=R.DALVMAQILK.D,TAF9B,1.942e+6,2.793,0.008,2.102,0.000
32877,3,"  4.524","  0.661",23/72,/core/www/modules//sdig/index.php?run_id=110202&search_id=114132&scans_id=110198&peptide_id=24853&scanf=32877&charge=3&value=23/72,sp|P55084|ECHB_HUMAN,/core/www/modules//consensus/?run_id=110202&search_id=114132&scans_id=110198&peptide_id=24853&scanf=32877&charge=3&value=sp|P55084|ECHB_HUMAN,1,/core/www/modules/match_peptides/blast_html4.php?run_id=110202&search_id=114132&scans_id=110198&peptide_id=24853&scanf=32877&charge=3&value=1,K.KAQDEGLLSDVVPFKVPGK.D,/core/www/modules/show_out/show_out_wrapper.php?run_id=110202&search_id=114132&scans_id=110198&peptide_id=24853&scanf=32877&charge=3&value=K.KAQDEGLLSDVVPFKVPGK.D,HADHB,1.878e+6,3.061,0.003,2.498,0.000
32878,2,"  2.345","  0.597",11/18,/core/www/modules//sdig/index.php?run_id=110202&search_id=114132&scans_id=110198&peptide_id=24854&scanf=32878&charge=2&value=11/18,sp|P23396|RS3_HUMAN,/core/www/modules//consensus/?run_id=110202&search_id=114132&scans_id=110198&peptide_id=24854&scanf=32878&charge=2&value=sp|P23396|RS3_HUMAN,4,/core/www/modules/match_peptides/blast_html4.php?run_id=110202&search_id=114132&scans_id=110198&peptide_id=24854&scanf=32878&charge=2&value=4,K.IMLPWDPTGK.I,/core/www/modules/show_out/show_out_wrapper.php?run_id=110202&search_id=114132&scans_id=110198&peptide_id=24854&scanf=32878&charge=2&value=K.IMLPWDPTGK.I,RPS3,7.453e+7,3.471,0.001,3.105,0.000
32879,3,"  3.848","  0.448",12/64,/core/www/modules//sdig/index.php?run_id=110202&search_id=114132&scans_id=110198&peptide_id=24855&scanf=32879&charge=3&value=12/64,sp|Q15326|ZMY11_HUMAN,/core/www/modules//consensus/?run_id=110202&search_id=114132&scans_id=110198&peptide_id=24855&scanf=32879&charge=3&value=sp|Q15326|ZMY11_HUMAN,6,/core/www/modules/match_peptides/blast_html4.php?run_id=110202&search_id=114132&scans_id=110198&peptide_id=24855&scanf=32879&charge=3&value=6,R.AWIPSENIQDITVNIHR.L,/core/www/modules/show_out/show_out_wrapper.php?run_id=110202&search_id=114132&scans_id=110198&peptide_id=24855&scanf=32879&charge=3&value=R.AWIPSENIQDITVNIHR.L,ZMYND11,2.027e+6,2.736,0.010,2.018,0.000
32881,2,"  3.040","  0.375",10/18,/core/www/modules//sdig/index.php?run_id=110202&search_id=114132&scans_id=110198&peptide_id=24858&scanf=32881&charge=2&value=10/18,sp|O95251|KAT7_HUMAN,/core/www/modules//consensus/?run_id=110202&search_id=114132&scans_id=110198&peptide_id=24858&scanf=32881&charge=2&value=sp|O95251|KAT7_HUMAN,1,/core/www/modules/match_peptides/blast_html4.php?run_id=110202&search_id=114132&scans_id=110198&peptide_id=24858&scanf=32881&charge=2&value=1,R.QDLIDEWIAK.E,/core/www/modules/show_out/show_out_wrapper.php?run_id=110202&search_id=114132&scans_id=110198&peptide_id=24858&scanf=32881&charge=2&value=R.QDLIDEWIAK.E,KAT7,2.345e+6,2.809,0.007,2.127,0.000
32882,2,"  1.728","  0.412",8/14,/core/www/modules//sdig/index.php?run_id=110202&search_id=114132&scans_id=110198&peptide_id=24859&scanf=32882&charge=2&value=8/14,sp|Q9ULU4|PKCB1_HUMAN,/core/www/modules//consensus/?run_id=110202&search_id=114132&scans_id=110198&peptide_id=24859&scanf=32882&charge=2&value=sp|Q9ULU4|PKCB1_HUMAN,4,/core/www/modules/match_peptides/blast_html4.php?run_id=110202&search_id=114132&scans_id=110198&peptide_id=24859&scanf=32882&charge=2&value=4,K.GFPFWPAK.A,/core/www/modules/show_out/show_out_wrapper.php?run_id=110202&search_id=114132&scans_id=110198&peptide_id=24859&scanf=32882&charge=2&value=K.GFPFWPAK.A,ZMYND8,3.409e+6,2.950,0.005,2.334,0.000
32884,3,"  4.289","  0.594",19/52,/core/www/modules//sdig/index.php?run_id=110202&search_id=114132&scans_id=110198&peptide_id=24861&scanf=32884&charge=3&value=19/52,sp|P17480|UBF1_HUMAN,/core/www/modules//consensus/?run_id=110202&search_id=114132&scans_id=110198&peptide_id=24861&scanf=32884&charge=3&value=sp|P17480|UBF1_HUMAN,1,/core/www/modules/match_peptides/blast_html4.php?run_id=110202&search_id=114132&scans_id=110198&peptide_id=24861&scanf=32884&charge=3&value=1,R.TLTELILDAQEHVK.N,/core/www/modules/show_out/show_out_wrapper.php?run_id=110202&search_id=114132&scans_id=110198&peptide_id=24861&scanf=32884&charge=3&value=R.TLTELILDAQEHVK.N,UBTF,5.682e+7,3.708,0.000,3.456,0.000
32886,3,"  4.305","  0.670",22/80,/core/www/modules//sdig/index.php?run_id=110202&search_id=114132&scans_id=110198&peptide_id=24862&scanf=32886&charge=3&value=22/80,sp|P78527|PRKDC_HUMAN,/core/www/modules//consensus/?run_id=110202&search_id=114132&scans_id=110198&peptide_id=24862&scanf=32886&charge=3&value=sp|P78527|PRKDC_HUMAN,1,/core/www/modules/match_peptides/blast_html4.php?run_id=110202&search_id=114132&scans_id=110198&peptide_id=24862&scanf=32886&charge=3&value=1,R.STVLTPMFVETQASQGTLQTR.T,/core/www/modules/show_out/show_out_wrapper.php?run_id=110202&search_id=114132&scans_id=110198&peptide_id=24862&scanf=32886&charge=3&value=R.STVLTPMFVETQASQGTLQTR.T,PRKDC,3.445e+7,4.357,0.000,4.419,0.000
32889,2,"  1.791","  0.288",10/18,/core/www/modules//sdig/index.php?run_id=110202&search_id=114132&scans_id=110198&peptide_id=24865&scanf=32889&charge=2&value=10/18,sp|P11388|TOP2A_HUMAN,/core/www/modules//consensus/?run_id=110202&search_id=114132&scans_id=110198&peptide_id=24865&scanf=32889&charge=2&value=sp|P11388|TOP2A_HUMAN,5,/core/www/modules/match_peptides/blast_html4.php?run_id=110202&search_id=114132&scans_id=110198&peptide_id=24865&scanf=32889&charge=2&value=5,K.EWLTNFMEDR.R,/core/www/modules/show_out/show_out_wrapper.php?run_id=110202&search_id=114132&scans_id=110198&peptide_id=24865&scanf=32889&charge=2&value=K.EWLTNFMEDR.R,TOP2A,1.109e+7,2.640,0.013,1.879,0.000
32891,2,"  4.381","  0.636",16/38,/core/www/modules//sdig/index.php?run_id=110202&search_id=114132&scans_id=110198&peptide_id=24868&scanf=32891&charge=2&value=16/38,sp|Q9UQE7|SMC3_HUMAN,/core/www/modules//consensus/?run_id=110202&search_id=114132&scans_id=110198&peptide_id=24868&scanf=32891&charge=2&value=sp|Q9UQE7|SMC3_HUMAN,0,/core/www/modules/match_peptides/blast_html4.php?run_id=110202&search_id=114132&scans_id=110198&peptide_id=24868&scanf=32891&charge=2&value=0,R.ETEGGTVLTATTSELEAINK.R,/core/www/modules/show_out/show_out_wrapper.php?run_id=110202&search_id=114132&scans_id=110198&peptide_id=24868&scanf=32891&charge=2&value=R.ETEGGTVLTATTSELEAINK.R,SMC3,2.360e+6,3.354,0.001,2.932,0.000
32892,3,"  3.217","  0.496",14/40,/core/www/modules//sdig/index.php?run_id=110202&search_id=114132&scans_id=110198&peptide_id=24869&scanf=32892&charge=3&value=14/40,sp|Q9H9P8|L2HDH_HUMAN,/core/www/modules//consensus/?run_id=110202&search_id=114132&scans_id=110198&peptide_id=24869&scanf=32892&charge=3&value=sp|Q9H9P8|L2HDH_HUMAN,1,/core/www/modules/match_peptides/blast_html4.php?run_id=110202&search_id=114132&scans_id=110198&peptide_id=24869&scanf=32892&charge=3&value=1,R.FPFLGVHFTPR.M,/core/www/modules/show_out/show_out_wrapper.php?run_id=110202&search_id=114132&scans_id=110198&peptide_id=24869&scanf=32892&charge=3&value=R.FPFLGVHFTPR.M,L2HGDH,2.647e+6,3.337,0.001,2.907,0.000
32894,3,"  8.591","  0.765",35/92,/core/www/modules//sdig/index.php?run_id=110202&search_id=114132&scans_id=110198&peptide_id=24871&scanf=32894&charge=3&value=35/92,sp|P51665|PSMD7_HUMAN,/core/www/modules//consensus/?run_id=110202&search_id=114132&scans_id=110198&peptide_id=24871&scanf=32894&charge=3&value=sp|P51665|PSMD7_HUMAN,2,/core/www/modules/match_peptides/blast_html4.php?run_id=110202&search_id=114132&scans_id=110198&peptide_id=24871&scanf=32894&charge=3&value=2,K.TFEHVTSEIGAEEAEEVGVEHLLR.D,/core/www/modules/show_out/show_out_wrapper.php?run_id=110202&search_id=114132&scans_id=110198&peptide_id=24871&scanf=32894&charge=3&value=K.TFEHVTSEIGAEEAEEVGVEHLLR.D,PSMD7,1.970e+6,4.011,0.000,3.906,0.000
32895,2,"  4.274","  0.714",17/32,/core/www/modules//sdig/index.php?run_id=110202&search_id=114132&scans_id=110198&peptide_id=24872&scanf=32895&charge=2&value=17/32,sp|P25205|MCM3_HUMAN,/core/www/modules//consensus/?run_id=110202&search_id=114132&scans_id=110198&peptide_id=24872&scanf=32895&charge=2&value=sp|P25205|MCM3_HUMAN,2,/core/www/modules/match_peptides/blast_html4.php?run_id=110202&search_id=114132&scans_id=110198&peptide_id=24872&scanf=32895&charge=2&value=2,R.DSEEPFSSVEIQAALSK.M,/core/www/modules/show_out/show_out_wrapper.php?run_id=110202&search_id=114132&scans_id=110198&peptide_id=24872&scanf=32895&charge=2&value=R.DSEEPFSSVEIQAALSK.M,MCM3,2.127e+6,3.739,0.000,3.502,0.000
32898,2,"  3.152","  0.570",12/28,/core/www/modules//sdig/index.php?run_id=110202&search_id=114132&scans_id=110198&peptide_id=24875&scanf=32898&charge=2&value=12/28,sp|Q5SSJ5|HP1B3_HUMAN,/core/www/modules//consensus/?run_id=110202&search_id=114132&scans_id=110198&peptide_id=24875&scanf=32898&charge=2&value=sp|Q5SSJ5|HP1B3_HUMAN,2,/core/www/modules/match_peptides/blast_html4.php?run_id=110202&search_id=114132&scans_id=110198&peptide_id=24875&scanf=32898&charge=2&value=2,K.TIPSWATLSASQLAR.A,/core/www/modules/show_out/show_out_wrapper.php?run_id=110202&search_id=114132&scans_id=110198&peptide_id=24875&scanf=32898&charge=2&value=K.TIPSWATLSASQLAR.A,HP1BP3,1.766e+7,3.143,0.002,2.620,0.000
32899,3,"  3.572","  0.358",12/52,/core/www/modules//sdig/index.php?run_id=110202&search_id=114132&scans_id=110198&peptide_id=24876&scanf=32899&charge=3&value=12/52,sp|O75150|BRE1B_HUMAN,/core/www/modules//consensus/?run_id=110202&search_id=114132&scans_id=110198&peptide_id=24876&scanf=32899&charge=3&value=sp|O75150|BRE1B_HUMAN,2,/core/www/modules/match_peptides/blast_html4.php?run_id=110202&search_id=114132&scans_id=110198&peptide_id=24876&scanf=32899&charge=3&value=2,R.TEVIQLEDTLAQVR.K,/core/www/modules/show_out/show_out_wrapper.php?run_id=110202&search_id=114132&scans_id=110198&peptide_id=24876&scanf=32899&charge=3&value=R.TEVIQLEDTLAQVR.K,RNF40,2.560e+6,2.591,0.016,1.806,0.000
32903,3,"  4.464","  0.387",16/52,/core/www/modules//sdig/index.php?run_id=110202&search_id=114132&scans_id=110198&peptide_id=24881&scanf=32903&charge=3&value=16/52,sp|Q6PKG0|LARP1_HUMAN,/core/www/modules//consensus/?run_id=110202&search_id=114132&scans_id=110198&peptide_id=24881&scanf=32903&charge=3&value=sp|Q6PKG0|LARP1_HUMAN,7,/core/www/modules/match_peptides/blast_html4.php?run_id=110202&search_id=114132&scans_id=110198&peptide_id=24881&scanf=32903&charge=3&value=7,K.WVPLQIDMKPEVPR.E,/core/www/modules/show_out/show_out_wrapper.php?run_id=110202&search_id=114132&scans_id=110198&peptide_id=24881&scanf=32903&charge=3&value=K.WVPLQIDMKPEVPR.E,LARP1,3.789e+6,2.900,0.005,2.260,0.000
32905,2,"  2.860","  0.520",11/20,/core/www/modules//sdig/index.php?run_id=110202&search_id=114132&scans_id=110198&peptide_id=24883&scanf=32905&charge=2&value=11/20,sp|O00571|DDX3X_HUMAN,/core/www/modules//consensus/?run_id=110202&search_id=114132&scans_id=110198&peptide_id=24883&scanf=32905&charge=2&value=sp|O00571|DDX3X_HUMAN,16,/core/www/modules/match_peptides/blast_html4.php?run_id=110202&search_id=114132&scans_id=110198&peptide_id=24883&scanf=32905&charge=2&value=16,K.DSLTLVFVETK.K,/core/www/modules/show_out/show_out_wrapper.php?run_id=110202&search_id=114132&scans_id=110198&peptide_id=24883&scanf=32905&charge=2&value=K.DSLTLVFVETK.K,DDX3X,4.320e+7,3.324,0.001,2.887,0.000
32907,3,"  6.232","  0.691",29/76,/core/www/modules//sdig/index.php?run_id=110202&search_id=114132&scans_id=110198&peptide_id=24884&scanf=32907&charge=3&value=29/76,sp|Q7KZF4|SND1_HUMAN,/core/www/modules//consensus/?run_id=110202&search_id=114132&scans_id=110198&peptide_id=24884&scanf=32907&charge=3&value=sp|Q7KZF4|SND1_HUMAN,0,/core/www/modules/match_peptides/blast_html4.php?run_id=110202&search_id=114132&scans_id=110198&peptide_id=24884&scanf=32907&charge=3&value=0,K.VWAHYEEQPVEEVMPVLEEK.E,/core/www/modules/show_out/show_out_wrapper.php?run_id=110202&search_id=114132&scans_id=110198&peptide_id=24884&scanf=32907&charge=3&value=K.VWAHYEEQPVEEVMPVLEEK.E,SND1,1.637e+7,4.023,0.000,3.924,0.000
32908,2,"  5.367","  0.594",26/32,/core/www/modules//sdig/index.php?run_id=110202&search_id=114132&scans_id=110198&peptide_id=24885&scanf=32908&charge=2&value=26/32,sp|Q12905|ILF2_HUMAN,/core/www/modules//consensus/?run_id=110202&search_id=114132&scans_id=110198&peptide_id=24885&scanf=32908&charge=2&value=sp|Q12905|ILF2_HUMAN,3,/core/www/modules/match_peptides/blast_html4.php?run_id=110202&search_id=114132&scans_id=110198&peptide_id=24885&scanf=32908&charge=2&value=3,K.GTMTTGHNVADLVVILK.I,/core/www/modules/show_out/show_out_wrapper.php?run_id=110202&search_id=114132&scans_id=110198&peptide_id=24885&scanf=32908&charge=2&value=K.GTMTTGHNVADLVVILK.I,ILF2,1.830e+7,3.929,0.000,3.785,0.000
32909,2,"  3.325","  0.612",14/18,/core/www/modules//sdig/index.php?run_id=110202&search_id=114132&scans_id=110198&peptide_id=24886&scanf=32909&charge=2&value=14/18,sp|Q92973|TNPO1_HUMAN,/core/www/modules//consensus/?run_id=110202&search_id=114132&scans_id=110198&peptide_id=24886&scanf=32909&charge=2&value=sp|Q92973|TNPO1_HUMAN,2,/core/www/modules/match_peptides/blast_html4.php?run_id=110202&search_id=114132&scans_id=110198&peptide_id=24886&scanf=32909&charge=2&value=2,R.FSDQFPLPLK.E,/core/www/modules/show_out/show_out_wrapper.php?run_id=110202&search_id=114132&scans_id=110198&peptide_id=24886&scanf=32909&charge=2&value=R.FSDQFPLPLK.E,TNPO1,8.777e+6,3.956,0.000,3.824,0.000
32911,3,"  5.838","  0.617",23/88,/core/www/modules//sdig/index.php?run_id=110202&search_id=114132&scans_id=110198&peptide_id=24889&scanf=32911&charge=3&value=23/88,sp|Q00610|CLH1_HUMAN,/core/www/modules//consensus/?run_id=110202&search_id=114132&scans_id=110198&peptide_id=24889&scanf=32911&charge=3&value=sp|Q00610|CLH1_HUMAN,7,/core/www/modules/match_peptides/blast_html4.php?run_id=110202&search_id=114132&scans_id=110198&peptide_id=24889&scanf=32911&charge=3&value=7,R.ISGETIFVTAPHEATAGIIGVNR.K,/core/www/modules/show_out/show_out_wrapper.php?run_id=110202&search_id=114132&scans_id=110198&peptide_id=24889&scanf=32911&charge=3&value=R.ISGETIFVTAPHEATAGIIGVNR.K,CLTC,3.901e+6,3.331,0.001,2.897,0.000
32913,2,"  1.700","  0.272",8/14,/core/www/modules//sdig/index.php?run_id=110202&search_id=114132&scans_id=110198&peptide_id=24891&scanf=32913&charge=2&value=8/14,sp|O75317|UBP12_HUMAN,/core/www/modules//consensus/?run_id=110202&search_id=114132&scans_id=110198&peptide_id=24891&scanf=32913&charge=2&value=sp|O75317|UBP12_HUMAN,2,/core/www/modules/match_peptides/blast_html4.php?run_id=110202&search_id=114132&scans_id=110198&peptide_id=24891&scanf=32913&charge=2&value=2,R.VVFPLELR.L,/core/www/modules/show_out/show_out_wrapper.php?run_id=110202&search_id=114132&scans_id=110198&peptide_id=24891&scanf=32913&charge=2&value=R.VVFPLELR.L,USP12,2.627e+6,2.452,0.025,1.604,0.001
32914,3,"  4.714","  0.530",18/64,/core/www/modules//sdig/index.php?run_id=110202&search_id=114132&scans_id=110198&peptide_id=24892&scanf=32914&charge=3&value=18/64,sp|P35637|FUS_HUMAN,/core/www/modules//consensus/?run_id=110202&search_id=114132&scans_id=110198&peptide_id=24892&scanf=32914&charge=3&value=sp|P35637|FUS_HUMAN,1,/core/www/modules/match_peptides/blast_html4.php?run_id=110202&search_id=114132&scans_id=110198&peptide_id=24892&scanf=32914&charge=3&value=1,K.AAIDWFDGKEFSGNPIK.V,/core/www/modules/show_out/show_out_wrapper.php?run_id=110202&search_id=114132&scans_id=110198&peptide_id=24892&scanf=32914&charge=3&value=K.AAIDWFDGKEFSGNPIK.V,FUS,6.865e+6,2.955,0.005,2.342,0.000
32916,2,"  3.453","  0.674",16/24,/core/www/modules//sdig/index.php?run_id=110202&search_id=114132&scans_id=110198&peptide_id=24894&scanf=32916&charge=2&value=16/24,sp|O00232|PSD12_HUMAN,/core/www/modules//consensus/?run_id=110202&search_id=114132&scans_id=110198&peptide_id=24894&scanf=32916&charge=2&value=sp|O00232|PSD12_HUMAN,0,/core/www/modules/match_peptides/blast_html4.php?run_id=110202&search_id=114132&scans_id=110198&peptide_id=24894&scanf=32916&charge=2&value=0,R.WSTLVEDYGMELR.K,/core/www/modules/show_out/show_out_wrapper.php?run_id=110202&search_id=114132&scans_id=110198&peptide_id=24894&scanf=32916&charge=2&value=R.WSTLVEDYGMELR.K,PSMD12,5.174e+6,3.911,0.000,3.758,0.000
32918,2,"  3.974","  0.635",15/30,/core/www/modules//sdig/index.php?run_id=110202&search_id=114132&scans_id=110198&peptide_id=24896&scanf=32918&charge=2&value=15/30,sp|Q1KMD3|HNRL2_HUMAN,/core/www/modules//consensus/?run_id=110202&search_id=114132&scans_id=110198&peptide_id=24896&scanf=32918&charge=2&value=sp|Q1KMD3|HNRL2_HUMAN,1,/core/www/modules/match_peptides/blast_html4.php?run_id=110202&search_id=114132&scans_id=110198&peptide_id=24896&scanf=32918&charge=2&value=1,K.EVEGDDVPESIMLEMK.A,/core/www/modules/show_out/show_out_wrapper.php?run_id=110202&search_id=114132&scans_id=110198&peptide_id=24896&scanf=32918&charge=2&value=K.EVEGDDVPESIMLEMK.A,HNRNPUL2,3.725e+6,3.473,0.001,3.108,0.000
32920,2,"  4.564","  0.700",21/32,/core/www/modules//sdig/index.php?run_id=110202&search_id=114132&scans_id=110198&peptide_id=24898&scanf=32920&charge=2&value=21/32,sp|Q9BZE4|GTPB4_HUMAN,/core/www/modules//consensus/?run_id=110202&search_id=114132&scans_id=110198&peptide_id=24898&scanf=32920&charge=2&value=sp|Q9BZE4|GTPB4_HUMAN,0,/core/www/modules/match_peptides/blast_html4.php?run_id=110202&search_id=114132&scans_id=110198&peptide_id=24898&scanf=32920&charge=2&value=0,R.WQVVDTPGILDHPLEDR.N,/core/www/modules/show_out/show_out_wrapper.php?run_id=110202&search_id=114132&scans_id=110198&peptide_id=24898&scanf=32920&charge=2&value=R.WQVVDTPGILDHPLEDR.N,GTPBP4,1.476e+6,3.871,0.000,3.698,0.000
32921,2,"  2.587","  0.434",8/24,/core/www/modules//sdig/index.php?run_id=110202&search_id=114132&scans_id=110198&peptide_id=24899&scanf=32921&charge=2&value=8/24,sp|Q96HP0|DOCK6_HUMAN,/core/www/modules//consensus/?run_id=110202&search_id=114132&scans_id=110198&peptide_id=24899&scanf=32921&charge=2&value=sp|Q96HP0|DOCK6_HUMAN,1,/core/www/modules/match_peptides/blast_html4.php?run_id=110202&search_id=114132&scans_id=110198&peptide_id=24899&scanf=32921&charge=2&value=1,K.TILTYAEEDMGLR.D,/core/www/modules/show_out/show_out_wrapper.php?run_id=110202&search_id=114132&scans_id=110198&peptide_id=24899&scanf=32921&charge=2&value=K.TILTYAEEDMGLR.D,DOCK6,2.156e+6,2.371,0.033,1.487,0.001
32923,3,"  3.974","  0.495",12/68,/core/www/modules//sdig/index.php?run_id=110202&search_id=114132&scans_id=110198&peptide_id=24901&scanf=32923&charge=3&value=12/68,sp|Q13501|SQSTM_HUMAN,/core/www/modules//consensus/?run_id=110202&search_id=114132&scans_id=110198&peptide_id=24901&scanf=32923&charge=3&value=sp|Q13501|SQSTM_HUMAN,3,/core/www/modules/match_peptides/blast_html4.php?run_id=110202&search_id=114132&scans_id=110198&peptide_id=24901&scanf=32923&charge=3&value=3,K.LAFPSPFGHLSEGFSHSR.W,/core/www/modules/show_out/show_out_wrapper.php?run_id=110202&search_id=114132&scans_id=110198&peptide_id=24901&scanf=32923&charge=3&value=K.LAFPSPFGHLSEGFSHSR.W,SQSTM1,2.046e+6,2.811,0.007,2.130,0.000
32924,2,"  4.055","  0.702",17/28,/core/www/modules//sdig/index.php?run_id=110202&search_id=114132&scans_id=110198&peptide_id=24902&scanf=32924&charge=2&value=17/28,sp|O95347|SMC2_HUMAN,/core/www/modules//consensus/?run_id=110202&search_id=114132&scans_id=110198&peptide_id=24902&scanf=32924&charge=2&value=sp|O95347|SMC2_HUMAN,0,/core/www/modules/match_peptides/blast_html4.php?run_id=110202&search_id=114132&scans_id=110198&peptide_id=24902&scanf=32924&charge=2&value=0,K.SYESQIEVMAAEVAK.N,/core/www/modules/show_out/show_out_wrapper.php?run_id=110202&search_id=114132&scans_id=110198&peptide_id=24902&scanf=32924&charge=2&value=K.SYESQIEVMAAEVAK.N,SMC2,1.849e+6,3.839,0.000,3.651,0.000
32925,3,"  4.981","  0.562",15/80,/core/www/modules//sdig/index.php?run_id=110202&search_id=114132&scans_id=110198&peptide_id=24903&scanf=32925&charge=3&value=15/80,sp|Q9BQS8|FYCO1_HUMAN,/core/www/modules//consensus/?run_id=110202&search_id=114132&scans_id=110198&peptide_id=24903&scanf=32925&charge=3&value=sp|Q9BQS8|FYCO1_HUMAN,0,/core/www/modules/match_peptides/blast_html4.php?run_id=110202&search_id=114132&scans_id=110198&peptide_id=24903&scanf=32925&charge=3&value=0,R.AALDDQDKVQSQLSMAEAVLR.E,/core/www/modules/show_out/show_out_wrapper.php?run_id=110202&search_id=114132&scans_id=110198&peptide_id=24903&scanf=32925&charge=3&value=R.AALDDQDKVQSQLSMAEAVLR.E,FYCO1,2.610e+6,2.705,0.011,1.973,0.000
32928,2,"  2.333","  0.602",13/22,/core/www/modules//sdig/index.php?run_id=110202&search_id=114132&scans_id=110198&peptide_id=24905&scanf=32928&charge=2&value=13/22,sp|Q14103|HNRPD_HUMAN,/core/www/modules//consensus/?run_id=110202&search_id=114132&scans_id=110198&peptide_id=24905&scanf=32928&charge=2&value=sp|Q14103|HNRPD_HUMAN,6,/core/www/modules/match_peptides/blast_html4.php?run_id=110202&search_id=114132&scans_id=110198&peptide_id=24905&scanf=32928&charge=2&value=6,K.MFIGGLSWDTTK.K,/core/www/modules/show_out/show_out_wrapper.php?run_id=110202&search_id=114132&scans_id=110198&peptide_id=24905&scanf=32928&charge=2&value=K.MFIGGLSWDTTK.K,HNRNPD,7.829e+7,3.529,0.001,3.191,0.000
32931,3,"  3.294","  0.649",17/68,/core/www/modules//sdig/index.php?run_id=110202&search_id=114132&scans_id=110198&peptide_id=24909&scanf=32931&charge=3&value=17/68,sp|P50990|TCPQ_HUMAN,/core/www/modules//consensus/?run_id=110202&search_id=114132&scans_id=110198&peptide_id=24909&scanf=32931&charge=3&value=sp|P50990|TCPQ_HUMAN,0,/core/www/modules/match_peptides/blast_html4.php?run_id=110202&search_id=114132&scans_id=110198&peptide_id=24909&scanf=32931&charge=3&value=0,K.ILGSGISSSSVLHGMVFK.K,/core/www/modules/show_out/show_out_wrapper.php?run_id=110202&search_id=114132&scans_id=110198&peptide_id=24909&scanf=32931&charge=3&value=K.ILGSGISSSSVLHGMVFK.K,CCT8,2.065e+7,3.534,0.001,3.198,0.000
32932,4,"  6.562","  0.596",31/132,/core/www/modules//sdig/index.php?run_id=110202&search_id=114132&scans_id=110198&peptide_id=24910&scanf=32932&charge=4&value=31/132,sp|P24928|RPB1_HUMAN,/core/www/modules//consensus/?run_id=110202&search_id=114132&scans_id=110198&peptide_id=24910&scanf=32932&charge=4&value=sp|P24928|RPB1_HUMAN,1,/core/www/modules/match_peptides/blast_html4.php?run_id=110202&search_id=114132&scans_id=110198&peptide_id=24910&scanf=32932&charge=4&value=1,K.SLGTSAGSLVHISYLEMGHDITR.L,/core/www/modules/show_out/show_out_wrapper.php?run_id=110202&search_id=114132&scans_id=110198&peptide_id=24910&scanf=32932&charge=4&value=K.SLGTSAGSLVHISYLEMGHDITR.L,POLR2A,5.302e+6,3.778,0.000,3.560,0.000
32934,3,"  3.362","  0.309",12/76,/core/www/modules//sdig/index.php?run_id=110202&search_id=114132&scans_id=110198&peptide_id=24912&scanf=32934&charge=3&value=12/76,sp|Q9UQE7|SMC3_HUMAN,/core/www/modules//consensus/?run_id=110202&search_id=114132&scans_id=110198&peptide_id=24912&scanf=32934&charge=3&value=sp|Q9UQE7|SMC3_HUMAN,0,/core/www/modules/match_peptides/blast_html4.php?run_id=110202&search_id=114132&scans_id=110198&peptide_id=24912&scanf=32934&charge=3&value=0,R.ETEGGTVLTATTSELEAINK.R,/core/www/modules/show_out/show_out_wrapper.php?run_id=110202&search_id=114132&scans_id=110198&peptide_id=24912&scanf=32934&charge=3&value=R.ETEGGTVLTATTSELEAINK.R,SMC3,1.650e+7,2.316,0.039,1.409,0.001
32938,3,"  5.877","  0.601",23/104,/core/www/modules//sdig/index.php?run_id=110202&search_id=114132&scans_id=110198&peptide_id=24916&scanf=32938&charge=3&value=23/104,sp|Q9UQ35|SRRM2_HUMAN,/core/www/modules//consensus/?run_id=110202&search_id=114132&scans_id=110198&peptide_id=24916&scanf=32938&charge=3&value=sp|Q9UQ35|SRRM2_HUMAN,0,/core/www/modules/match_peptides/blast_html4.php?run_id=110202&search_id=114132&scans_id=110198&peptide_id=24916&scanf=32938&charge=3&value=0,R.TPAALAALSLTGSGTPPTAANYPSSSR.T,/core/www/modules/show_out/show_out_wrapper.php?run_id=110202&search_id=114132&scans_id=110198&peptide_id=24916&scanf=32938&charge=3&value=R.TPAALAALSLTGSGTPPTAANYPSSSR.T,SRRM2,5.465e+6,3.172,0.002,2.663,0.000
32940,2,"  2.361","  0.514",10/18,/core/www/modules//sdig/index.php?run_id=110202&search_id=114132&scans_id=110198&peptide_id=24919&scanf=32940&charge=2&value=10/18,sp|Q13813|SPTN1_HUMAN,/core/www/modules//consensus/?run_id=110202&search_id=114132&scans_id=110198&peptide_id=24919&scanf=32940&charge=2&value=sp|Q13813|SPTN1_HUMAN,2,/core/www/modules/match_peptides/blast_html4.php?run_id=110202&search_id=114132&scans_id=110198&peptide_id=24919&scanf=32940&charge=2&value=2,R.DLTSWVTEMK.A,/core/www/modules/show_out/show_out_wrapper.php?run_id=110202&search_id=114132&scans_id=110198&peptide_id=24919&scanf=32940&charge=2&value=R.DLTSWVTEMK.A,SPTAN1,8.895e+6,3.427,0.001,3.040,0.000
32942,2,"  3.554","  0.620",14/22,/core/www/modules//sdig/index.php?run_id=110202&search_id=114132&scans_id=110198&peptide_id=24921&scanf=32942&charge=2&value=14/22,sp|Q01082|SPTB2_HUMAN,/core/www/modules//consensus/?run_id=110202&search_id=114132&scans_id=110198&peptide_id=24921&scanf=32942&charge=2&value=sp|Q01082|SPTB2_HUMAN,1,/core/www/modules/match_peptides/blast_html4.php?run_id=110202&search_id=114132&scans_id=110198&peptide_id=24921&scanf=32942&charge=2&value=1,R.LAEISDVWEEMK.T,/core/www/modules/show_out/show_out_wrapper.php?run_id=110202&search_id=114132&scans_id=110198&peptide_id=24921&scanf=32942&charge=2&value=R.LAEISDVWEEMK.T,SPTBN1,7.873e+6,3.722,0.000,3.477,0.000
32943,2,"  2.858","  0.358",9/30,/core/www/modules//sdig/index.php?run_id=110202&search_id=114132&scans_id=110198&peptide_id=24922&scanf=32943&charge=2&value=9/30,sp|Q9GZS1|RPA49_HUMAN,/core/www/modules//consensus/?run_id=110202&search_id=114132&scans_id=110198&peptide_id=24922&scanf=32943&charge=2&value=sp|Q9GZS1|RPA49_HUMAN,0,/core/www/modules/match_peptides/blast_html4.php?run_id=110202&search_id=114132&scans_id=110198&peptide_id=24922&scanf=32943&charge=2&value=0,K.LGTLSLPLPPAQTSDR.L,/core/www/modules/show_out/show_out_wrapper.php?run_id=110202&search_id=114132&scans_id=110198&peptide_id=24922&scanf=32943&charge=2&value=K.LGTLSLPLPPAQTSDR.L,POLR1E,1.003e+7,2.147,0.067,1.171,0.002
32946,2,"  2.855","  0.439",9/22,/core/www/modules//sdig/index.php?run_id=110202&search_id=114132&scans_id=110198&peptide_id=24925&scanf=32946&charge=2&value=9/22,sp|Q13535|ATR_HUMAN,/core/www/modules//consensus/?run_id=110202&search_id=114132&scans_id=110198&peptide_id=24925&scanf=32946&charge=2&value=sp|Q13535|ATR_HUMAN,1,/core/www/modules/match_peptides/blast_html4.php?run_id=110202&search_id=114132&scans_id=110198&peptide_id=24925&scanf=32946&charge=2&value=1,K.NETEIELGSLLR.Q,/core/www/modules/show_out/show_out_wrapper.php?run_id=110202&search_id=114132&scans_id=110198&peptide_id=24925&scanf=32946&charge=2&value=K.NETEIELGSLLR.Q,ATR,2.519e+6,2.664,0.012,1.913,0.000
32950,3,"  4.567","  0.481",17/60,/core/www/modules//sdig/index.php?run_id=110202&search_id=114132&scans_id=110198&peptide_id=24929&scanf=32950&charge=3&value=17/60,sp|Q15397|PUM3_HUMAN,/core/www/modules//consensus/?run_id=110202&search_id=114132&scans_id=110198&peptide_id=24929&scanf=32950&charge=3&value=sp|Q15397|PUM3_HUMAN,0,/core/www/modules/match_peptides/blast_html4.php?run_id=110202&search_id=114132&scans_id=110198&peptide_id=24929&scanf=32950&charge=3&value=0,R.KQAFEELRDDLVELSK.A,/core/www/modules/show_out/show_out_wrapper.php?run_id=110202&search_id=114132&scans_id=110198&peptide_id=24929&scanf=32950&charge=3&value=R.KQAFEELRDDLVELSK.A,PUM3,1.132e+7,2.593,0.016,1.809,0.000
32953,2,"  3.342","  0.459",13/20,/core/www/modules//sdig/index.php?run_id=110202&search_id=114132&scans_id=110198&peptide_id=24932&scanf=32953&charge=2&value=13/20,sp|O95793|STAU1_HUMAN,/core/www/modules//consensus/?run_id=110202&search_id=114132&scans_id=110198&peptide_id=24932&scanf=32953&charge=2&value=sp|O95793|STAU1_HUMAN,2,/core/www/modules/match_peptides/blast_html4.php?run_id=110202&search_id=114132&scans_id=110198&peptide_id=24932&scanf=32953&charge=2&value=2,K.NAAIAVLEELK.K,/core/www/modules/show_out/show_out_wrapper.php?run_id=110202&search_id=114132&scans_id=110198&peptide_id=24932&scanf=32953&charge=2&value=K.NAAIAVLEELK.K,STAU1,1.962e+7,3.310,0.001,2.867,0.000
32954,3,"  1.969","  0.366",7/36,/core/www/modules//sdig/index.php?run_id=110202&search_id=114132&scans_id=110198&peptide_id=24933&scanf=32954&charge=3&value=7/36,sp|P41223|BUD31_HUMAN,/core/www/modules//consensus/?run_id=110202&search_id=114132&scans_id=110198&peptide_id=24933&scanf=32954&charge=3&value=sp|P41223|BUD31_HUMAN,0,/core/www/modules/match_peptides/blast_html4.php?run_id=110202&search_id=114132&scans_id=110198&peptide_id=24933&scanf=32954&charge=3&value=0,R.KVESLWPIFR.I,/core/www/modules/show_out/show_out_wrapper.php?run_id=110202&search_id=114132&scans_id=110198&peptide_id=24933&scanf=32954&charge=3&value=R.KVESLWPIFR.I,BUD31,4.189e+6,2.376,0.032,1.496,0.001
32955,2,"  4.325","  0.628",16/28,/core/www/modules//sdig/index.php?run_id=110202&search_id=114132&scans_id=110198&peptide_id=24934&scanf=32955&charge=2&value=16/28,sp|P16152|CBR1_HUMAN,/core/www/modules//consensus/?run_id=110202&search_id=114132&scans_id=110198&peptide_id=24934&scanf=32955&charge=2&value=sp|P16152|CBR1_HUMAN,0,/core/www/modules/match_peptides/blast_html4.php?run_id=110202&search_id=114132&scans_id=110198&peptide_id=24934&scanf=32955&charge=2&value=0,R.SETITEEELVGLMNK.F,/core/www/modules/show_out/show_out_wrapper.php?run_id=110202&search_id=114132&scans_id=110198&peptide_id=24934&scanf=32955&charge=2&value=R.SETITEEELVGLMNK.F,CBR1,4.869e+6,3.566,0.001,3.246,0.000
32956,2,"  2.408","  0.366",10/16,/core/www/modules//sdig/index.php?run_id=110202&search_id=114132&scans_id=110198&peptide_id=24935&scanf=32956&charge=2&value=10/16,sp|Q13618|CUL3_HUMAN,/core/www/modules//consensus/?run_id=110202&search_id=114132&scans_id=110198&peptide_id=24935&scanf=32956&charge=2&value=sp|Q13618|CUL3_HUMAN,1,/core/www/modules/match_peptides/blast_html4.php?run_id=110202&search_id=114132&scans_id=110198&peptide_id=24935&scanf=32956&charge=2&value=1,R.QTLLDMIAR.E,/core/www/modules/show_out/show_out_wrapper.php?run_id=110202&search_id=114132&scans_id=110198&peptide_id=24935&scanf=32956&charge=2&value=R.QTLLDMIAR.E,CUL3,3.254e+6,2.847,0.007,2.182,0.000
32957,3,"  2.803","  0.384",11/52,/core/www/modules//sdig/index.php?run_id=110202&search_id=114132&scans_id=110198&peptide_id=24936&scanf=32957&charge=3&value=11/52,sp|Q6PKG0|LARP1_HUMAN,/core/www/modules//consensus/?run_id=110202&search_id=114132&scans_id=110198&peptide_id=24936&scanf=32957&charge=3&value=sp|Q6PKG0|LARP1_HUMAN,7,/core/www/modules/match_peptides/blast_html4.php?run_id=110202&search_id=114132&scans_id=110198&peptide_id=24936&scanf=32957&charge=3&value=7,K.WVPLQIDMKPEVPR.E,/core/www/modules/show_out/show_out_wrapper.php?run_id=110202&search_id=114132&scans_id=110198&peptide_id=24936&scanf=32957&charge=3&value=K.WVPLQIDMKPEVPR.E,LARP1,3.789e+6,2.643,0.013,1.882,0.000
32959,2,"  4.377","  0.666",16/26,/core/www/modules//sdig/index.php?run_id=110202&search_id=114132&scans_id=110198&peptide_id=24938&scanf=32959&charge=2&value=16/26,sp|P17480|UBF1_HUMAN,/core/www/modules//consensus/?run_id=110202&search_id=114132&scans_id=110198&peptide_id=24938&scanf=32959&charge=2&value=sp|P17480|UBF1_HUMAN,1,/core/www/modules/match_peptides/blast_html4.php?run_id=110202&search_id=114132&scans_id=110198&peptide_id=24938&scanf=32959&charge=2&value=1,R.TLTELILDAQEHVK.N,/core/www/modules/show_out/show_out_wrapper.php?run_id=110202&search_id=114132&scans_id=110198&peptide_id=24938&scanf=32959&charge=2&value=R.TLTELILDAQEHVK.N,UBTF,8.935e+6,3.732,0.000,3.493,0.000
32960,2,"  2.037","  0.266",10/18,/core/www/modules//sdig/index.php?run_id=110202&search_id=114132&scans_id=110198&peptide_id=24940&scanf=32960&charge=2&value=10/18,sp|Q13418|ILK_HUMAN,/core/www/modules//consensus/?run_id=110202&search_id=114132&scans_id=110198&peptide_id=24940&scanf=32960&charge=2&value=sp|Q13418|ILK_HUMAN,2,/core/www/modules/match_peptides/blast_html4.php?run_id=110202&search_id=114132&scans_id=110198&peptide_id=24940&scanf=32960&charge=2&value=2,R.SAVVEMLIMR.G,/core/www/modules/show_out/show_out_wrapper.php?run_id=110202&search_id=114132&scans_id=110198&peptide_id=24940&scanf=32960&charge=2&value=R.SAVVEMLIMR.G,ILK,2.095e+6,2.392,0.030,1.518,0.001
32962,3,"  5.023","  0.513",18/112,/core/www/modules//sdig/index.php?run_id=110202&search_id=114132&scans_id=110198&peptide_id=24942&scanf=32962&charge=3&value=18/112,sp|P16220|CREB1_HUMAN,/core/www/modules//consensus/?run_id=110202&search_id=114132&scans_id=110198&peptide_id=24942&scanf=32962&charge=3&value=sp|P16220|CREB1_HUMAN,3,/core/www/modules/match_peptides/blast_html4.php?run_id=110202&search_id=114132&scans_id=110198&peptide_id=24942&scanf=32962&charge=3&value=3,R.TAPTSTIAPGVVMASSPALPTQPAEEAAR.K,/core/www/modules/show_out/show_out_wrapper.php?run_id=110202&search_id=114132&scans_id=110198&peptide_id=24942&scanf=32962&charge=3&value=R.TAPTSTIAPGVVMASSPALPTQPAEEAAR.K,CREB1,2.001e+6,2.600,0.015,1.820,0.000
32972,4,"  7.624","  0.654",26/156,/core/www/modules//sdig/index.php?run_id=110202&search_id=114132&scans_id=110198&peptide_id=24952&scanf=32972&charge=4&value=26/156,sp|Q15287|RNPS1_HUMAN,/core/www/modules//consensus/?run_id=110202&search_id=114132&scans_id=110198&peptide_id=24952&scanf=32972&charge=4&value=sp|Q15287|RNPS1_HUMAN,4,/core/www/modules/match_peptides/blast_html4.php?run_id=110202&search_id=114132&scans_id=110198&peptide_id=24952&scanf=32972&charge=4&value=4,K.HMDGGQIDGQEITATAVLAPWPRPPPR.R,/core/www/modules/show_out/show_out_wrapper.php?run_id=110202&search_id=114132&scans_id=110198&peptide_id=24952&scanf=32972&charge=4&value=K.HMDGGQIDGQEITATAVLAPWPRPPPR.R,RNPS1,1.391e+7,3.760,0.000,3.533,0.000
32978,2,"  3.131","  0.518",10/18,/core/www/modules//sdig/index.php?run_id=110202&search_id=114132&scans_id=110198&peptide_id=24958&scanf=32978&charge=2&value=10/18,sp|P28370|SMCA1_HUMAN,/core/www/modules//consensus/?run_id=110202&search_id=114132&scans_id=110198&peptide_id=24958&scanf=32978&charge=2&value=sp|P28370|SMCA1_HUMAN,1,/core/www/modules/match_peptides/blast_html4.php?run_id=110202&search_id=114132&scans_id=110198&peptide_id=24958&scanf=32978&charge=2&value=1,K.FLEVEFLGQR.E,/core/www/modules/show_out/show_out_wrapper.php?run_id=110202&search_id=114132&scans_id=110198&peptide_id=24958&scanf=32978&charge=2&value=K.FLEVEFLGQR.E,SMARCA1,6.783e+6,3.347,0.001,2.922,0.000
32979,2,"  2.545","  0.516",12/22,/core/www/modules//sdig/index.php?run_id=110202&search_id=114132&scans_id=110198&peptide_id=24959&scanf=32979&charge=2&value=12/22,sp|Q15050|RRS1_HUMAN,/core/www/modules//consensus/?run_id=110202&search_id=114132&scans_id=110198&peptide_id=24959&scanf=32979&charge=2&value=sp|Q15050|RRS1_HUMAN,0,/core/www/modules/match_peptides/blast_html4.php?run_id=110202&search_id=114132&scans_id=110198&peptide_id=24959&scanf=32979&charge=2&value=0,K.FQPLFGDFAAEK.K,/core/www/modules/show_out/show_out_wrapper.php?run_id=110202&search_id=114132&scans_id=110198&peptide_id=24959&scanf=32979&charge=2&value=K.FQPLFGDFAAEK.K,RRS1,2.058e+7,3.197,0.002,2.699,0.000
32980,4,"  9.111","  0.674",27/138,/core/www/modules//sdig/index.php?run_id=110202&search_id=114132&scans_id=110198&peptide_id=24961&scanf=32980&charge=4&value=27/138,sp|O60832|DKC1_HUMAN,/core/www/modules//consensus/?run_id=110202&search_id=114132&scans_id=110198&peptide_id=24961&scanf=32980&charge=4&value=sp|O60832|DKC1_HUMAN,10,/core/www/modules/match_peptides/blast_html4.php?run_id=110202&search_id=114132&scans_id=110198&peptide_id=24961&scanf=32980&charge=4&value=10,R.KSLPEEDVAEIQHAEEFLIKPESK.V,/core/www/modules/show_out/show_out_wrapper.php?run_id=110202&search_id=114132&scans_id=110198&peptide_id=24961&scanf=32980&charge=4&value=R.KSLPEEDVAEIQHAEEFLIKPESK.V,DKC1,7.259e+6,3.763,0.000,3.538,0.000
32984,2,"  3.018","  0.333",10/20,/core/www/modules//sdig/index.php?run_id=110202&search_id=114132&scans_id=110198&peptide_id=24965&scanf=32984&charge=2&value=10/20,sp|Q9UPN9|TRI33_HUMAN,/core/www/modules//consensus/?run_id=110202&search_id=114132&scans_id=110198&peptide_id=24965&scanf=32984&charge=2&value=sp|Q9UPN9|TRI33_HUMAN,1,/core/www/modules/match_peptides/blast_html4.php?run_id=110202&search_id=114132&scans_id=110198&peptide_id=24965&scanf=32984&charge=2&value=1,K.SLLQQLENVTK.E,/core/www/modules/show_out/show_out_wrapper.php?run_id=110202&search_id=114132&scans_id=110198&peptide_id=24965&scanf=32984&charge=2&value=K.SLLQQLENVTK.E,TRIM33,7.196e+6,2.524,0.020,1.708,0.000
32992,2,"  2.692","  0.538",11/16,/core/www/modules//sdig/index.php?run_id=110202&search_id=114132&scans_id=110198&peptide_id=24973&scanf=32992&charge=2&value=11/16,sp|O00505|IMA4_HUMAN,/core/www/modules//consensus/?run_id=110202&search_id=114132&scans_id=110198&peptide_id=24973&scanf=32992&charge=2&value=sp|O00505|IMA4_HUMAN,0,/core/www/modules/match_peptides/blast_html4.php?run_id=110202&search_id=114132&scans_id=110198&peptide_id=24973&scanf=32992&charge=2&value=0,K.SGILPILVK.C,/core/www/modules/show_out/show_out_wrapper.php?run_id=110202&search_id=114132&scans_id=110198&peptide_id=24973&scanf=32992&charge=2&value=K.SGILPILVK.C,KPNA3,1.017e+7,3.575,0.001,3.260,0.000
32993,3,"  5.122","  0.534",14/56,/core/www/modules//sdig/index.php?run_id=110202&search_id=114132&scans_id=110198&peptide_id=24974&scanf=32993&charge=3&value=14/56,sp|Q15393|SF3B3_HUMAN,/core/www/modules//consensus/?run_id=110202&search_id=114132&scans_id=110198&peptide_id=24974&scanf=32993&charge=3&value=sp|Q15393|SF3B3_HUMAN,0,/core/www/modules/match_peptides/blast_html4.php?run_id=110202&search_id=114132&scans_id=110198&peptide_id=24974&scanf=32993&charge=3&value=0,R.NENQLIIFADDTYPR.W,/core/www/modules/show_out/show_out_wrapper.php?run_id=110202&search_id=114132&scans_id=110198&peptide_id=24974&scanf=32993&charge=3&value=R.NENQLIIFADDTYPR.W,SF3B3,6.252e+6,3.303,0.001,2.856,0.000
32994,2,"  1.777","  0.332",6/14,/core/www/modules//sdig/index.php?run_id=110202&search_id=114132&scans_id=110198&peptide_id=24975&scanf=32994&charge=2&value=6/14,sp|O60231|DHX16_HUMAN,/core/www/modules//consensus/?run_id=110202&search_id=114132&scans_id=110198&peptide_id=24975&scanf=32994&charge=2&value=sp|O60231|DHX16_HUMAN,1,/core/www/modules/match_peptides/blast_html4.php?run_id=110202&search_id=114132&scans_id=110198&peptide_id=24975&scanf=32994&charge=2&value=1,R.SLPVFPFR.E,/core/www/modules/show_out/show_out_wrapper.php?run_id=110202&search_id=114132&scans_id=110198&peptide_id=24975&scanf=32994&charge=2&value=R.SLPVFPFR.E,DHX16,9.153e+6,2.485,0.022,1.653,0.001
33007,3,"  3.244","  0.568",13/40,/core/www/modules//sdig/index.php?run_id=110202&search_id=114132&scans_id=110198&peptide_id=24989&scanf=33007&charge=3&value=13/40,sp|P23258|TBG1_HUMAN,/core/www/modules//consensus/?run_id=110202&search_id=114132&scans_id=110198&peptide_id=24989&scanf=33007&charge=3&value=sp|P23258|TBG1_HUMAN,4,/core/www/modules/match_peptides/blast_html4.php?run_id=110202&search_id=114132&scans_id=110198&peptide_id=24989&scanf=33007&charge=3&value=4,K.IHEDIFDIIDR.E,/core/www/modules/show_out/show_out_wrapper.php?run_id=110202&search_id=114132&scans_id=110198&peptide_id=24989&scanf=33007&charge=3&value=K.IHEDIFDIIDR.E,TUBG1,5.732e+6,3.558,0.001,3.234,0.000
33009,3,"  1.862","  0.357",9/52,/core/www/modules//sdig/index.php?run_id=110202&search_id=114132&scans_id=110198&peptide_id=24991&scanf=33009&charge=3&value=9/52,sp|Q86VP6|CAND1_HUMAN,/core/www/modules//consensus/?run_id=110202&search_id=114132&scans_id=110198&peptide_id=24991&scanf=33009&charge=3&value=sp|Q86VP6|CAND1_HUMAN,1,/core/www/modules/match_peptides/blast_html4.php?run_id=110202&search_id=114132&scans_id=110198&peptide_id=24991&scanf=33009&charge=3&value=1,K.ITSEALLVTQQLVK.V,/core/www/modules/show_out/show_out_wrapper.php?run_id=110202&search_id=114132&scans_id=110198&peptide_id=24991&scanf=33009&charge=3&value=K.ITSEALLVTQQLVK.V,CAND1,3.778e+6,2.468,0.024,1.628,0.001
33012,2,"  3.154","  0.589",17/28,/core/www/modules//sdig/index.php?run_id=110202&search_id=114132&scans_id=110198&peptide_id=24994&scanf=33012&charge=2&value=17/28,sp|P46087|NOP2_HUMAN,/core/www/modules//consensus/?run_id=110202&search_id=114132&scans_id=110198&peptide_id=24994&scanf=33012&charge=2&value=sp|P46087|NOP2_HUMAN,0,/core/www/modules/match_peptides/blast_html4.php?run_id=110202&search_id=114132&scans_id=110198&peptide_id=24994&scanf=33012&charge=2&value=0,K.ELLLSAIDSVNATSK.T,/core/www/modules/show_out/show_out_wrapper.php?run_id=110202&search_id=114132&scans_id=110198&peptide_id=24994&scanf=33012&charge=2&value=K.ELLLSAIDSVNATSK.T,NOP2,4.578e+7,3.507,0.001,3.158,0.000
33013,2,"  3.281","  0.491",12/22,/core/www/modules//sdig/index.php?run_id=110202&search_id=114132&scans_id=110198&peptide_id=24995&scanf=33013&charge=2&value=12/22,sp|Q9NQT4|EXOS5_HUMAN,/core/www/modules//consensus/?run_id=110202&search_id=114132&scans_id=110198&peptide_id=24995&scanf=33013&charge=2&value=sp|Q9NQT4|EXOS5_HUMAN,2,/core/www/modules/match_peptides/blast_html4.php?run_id=110202&search_id=114132&scans_id=110198&peptide_id=24995&scanf=33013&charge=2&value=2,R.AVLTFALDSVER.K,/core/www/modules/show_out/show_out_wrapper.php?run_id=110202&search_id=114132&scans_id=110198&peptide_id=24995&scanf=33013&charge=2&value=R.AVLTFALDSVER.K,EXOSC5,1.130e+7,3.054,0.003,2.487,0.000
33018,2,"  4.598","  0.688",18/28,/core/www/modules//sdig/index.php?run_id=110202&search_id=114132&scans_id=110198&peptide_id=25000&scanf=33018&charge=2&value=18/28,sp|Q15393|SF3B3_HUMAN,/core/www/modules//consensus/?run_id=110202&search_id=114132&scans_id=110198&peptide_id=25000&scanf=33018&charge=2&value=sp|Q15393|SF3B3_HUMAN,0,/core/www/modules/match_peptides/blast_html4.php?run_id=110202&search_id=114132&scans_id=110198&peptide_id=25000&scanf=33018&charge=2&value=0,R.NENQLIIFADDTYPR.W,/core/www/modules/show_out/show_out_wrapper.php?run_id=110202&search_id=114132&scans_id=110198&peptide_id=25000&scanf=33018&charge=2&value=R.NENQLIIFADDTYPR.W,SF3B3,5.457e+6,3.979,0.000,3.858,0.000
33020,2,"  2.478","  0.454",11/18,/core/www/modules//sdig/index.php?run_id=110202&search_id=114132&scans_id=110198&peptide_id=25003&scanf=33020&charge=2&value=11/18,sp|Q9H2U1|DHX36_HUMAN,/core/www/modules//consensus/?run_id=110202&search_id=114132&scans_id=110198&peptide_id=25003&scanf=33020&charge=2&value=sp|Q9H2U1|DHX36_HUMAN,1,/core/www/modules/match_peptides/blast_html4.php?run_id=110202&search_id=114132&scans_id=110198&peptide_id=25003&scanf=33020&charge=2&value=1,R.LGGIAYFLSR.L,/core/www/modules/show_out/show_out_wrapper.php?run_id=110202&search_id=114132&scans_id=110198&peptide_id=25003&scanf=33020&charge=2&value=R.LGGIAYFLSR.L,DHX36,3.218e+6,3.122,0.003,2.589,0.000
33021,3,"  2.210","  0.164",11/44,/core/www/modules//sdig/index.php?run_id=110202&search_id=114132&scans_id=110198&peptide_id=25004&scanf=33021&charge=3&value=11/44,sp|P41252|SYIC_HUMAN,/core/www/modules//consensus/?run_id=110202&search_id=114132&scans_id=110198&peptide_id=25004&scanf=33021&charge=3&value=sp|P41252|SYIC_HUMAN,7,/core/www/modules/match_peptides/blast_html4.php?run_id=110202&search_id=114132&scans_id=110198&peptide_id=25004&scanf=33021&charge=3&value=7,K.DTLSIHYLMLPR.V,/core/www/modules/show_out/show_out_wrapper.php?run_id=110202&search_id=114132&scans_id=110198&peptide_id=25004&scanf=33021&charge=3&value=K.DTLSIHYLMLPR.V,IARS1,5.333e+6,2.014,0.102,0.991,0.005
33022,3,"  4.885","  0.677",21/64,/core/www/modules//sdig/index.php?run_id=110202&search_id=114132&scans_id=110198&peptide_id=25005&scanf=33022&charge=3&value=21/64,sp|Q49A26|GLYR1_HUMAN,/core/www/modules//consensus/?run_id=110202&search_id=114132&scans_id=110198&peptide_id=25005&scanf=33022&charge=3&value=sp|Q49A26|GLYR1_HUMAN,1,/core/www/modules/match_peptides/blast_html4.php?run_id=110202&search_id=114132&scans_id=110198&peptide_id=25005&scanf=33022&charge=3&value=1,K.DLVLGPSGVLQGIRPGK.C,/core/www/modules/show_out/show_out_wrapper.php?run_id=110202&search_id=114132&scans_id=110198&peptide_id=25005&scanf=33022&charge=3&value=K.DLVLGPSGVLQGIRPGK.C,GLYR1,1.582e+7,3.742,0.000,3.506,0.000
33024,2,"  3.573","  0.748",16/28,/core/www/modules//sdig/index.php?run_id=110202&search_id=114132&scans_id=110198&peptide_id=25007&scanf=33024&charge=2&value=16/28,sp|Q29RF7|PDS5A_HUMAN,/core/www/modules//consensus/?run_id=110202&search_id=114132&scans_id=110198&peptide_id=25007&scanf=33024&charge=2&value=sp|Q29RF7|PDS5A_HUMAN,0,/core/www/modules/match_peptides/blast_html4.php?run_id=110202&search_id=114132&scans_id=110198&peptide_id=25007&scanf=33024&charge=2&value=0,R.MEDDKVAEAAIQIFR.N,/core/www/modules/show_out/show_out_wrapper.php?run_id=110202&search_id=114132&scans_id=110198&peptide_id=25007&scanf=33024&charge=2&value=R.MEDDKVAEAAIQIFR.N,PDS5A,2.644e+6,3.745,0.000,3.512,0.000
33026,2,"  6.046","  0.784",22/38,/core/www/modules//sdig/index.php?run_id=110202&search_id=114132&scans_id=110198&peptide_id=25009&scanf=33026&charge=2&value=22/38,sp|Q16643|DREB_HUMAN,/core/www/modules//consensus/?run_id=110202&search_id=114132&scans_id=110198&peptide_id=25009&scanf=33026&charge=2&value=sp|Q16643|DREB_HUMAN,2,/core/www/modules/match_peptides/blast_html4.php?run_id=110202&search_id=114132&scans_id=110198&peptide_id=25009&scanf=33026&charge=2&value=2,R.EESAADWALYTYEDGSDDLK.L,/core/www/modules/show_out/show_out_wrapper.php?run_id=110202&search_id=114132&scans_id=110198&peptide_id=25009&scanf=33026&charge=2&value=R.EESAADWALYTYEDGSDDLK.L,DBN1,1.100e+7,4.168,0.000,4.139,0.000
33029,3,"  2.849","  0.583",17/52,/core/www/modules//sdig/index.php?run_id=110202&search_id=114132&scans_id=110198&peptide_id=25012&scanf=33029&charge=3&value=17/52,sp|P37198|NUP62_HUMAN,/core/www/modules//consensus/?run_id=110202&search_id=114132&scans_id=110198&peptide_id=25012&scanf=33029&charge=3&value=sp|P37198|NUP62_HUMAN,1,/core/www/modules/match_peptides/blast_html4.php?run_id=110202&search_id=114132&scans_id=110198&peptide_id=25012&scanf=33029&charge=3&value=1,K.RLDQELDFILSQQK.E,/core/www/modules/show_out/show_out_wrapper.php?run_id=110202&search_id=114132&scans_id=110198&peptide_id=25012&scanf=33029&charge=3&value=K.RLDQELDFILSQQK.E,NUP62,3.259e+6,3.169,0.002,2.659,0.000
33030,3,"  3.169","  0.482",15/48,/core/www/modules//sdig/index.php?run_id=110202&search_id=114132&scans_id=110198&peptide_id=25014&scanf=33030&charge=3&value=15/48,sp|P09874|PARP1_HUMAN,/core/www/modules//consensus/?run_id=110202&search_id=114132&scans_id=110198&peptide_id=25014&scanf=33030&charge=3&value=sp|P09874|PARP1_HUMAN,1,/core/www/modules/match_peptides/blast_html4.php?run_id=110202&search_id=114132&scans_id=110198&peptide_id=25014&scanf=33030&charge=3&value=1,R.TTNFAGILSQGLR.I,/core/www/modules/show_out/show_out_wrapper.php?run_id=110202&search_id=114132&scans_id=110198&peptide_id=25014&scanf=33030&charge=3&value=R.TTNFAGILSQGLR.I,PARP1,9.593e+6,3.325,0.001,2.888,0.000
33033,3,"  6.761","  0.782",24/68,/core/www/modules//sdig/index.php?run_id=110202&search_id=114132&scans_id=110198&peptide_id=25016&scanf=33033&charge=3&value=24/68,sp|Q9H0S4|DDX47_HUMAN,/core/www/modules//consensus/?run_id=110202&search_id=114132&scans_id=110198&peptide_id=25016&scanf=33033&charge=3&value=sp|Q9H0S4|DDX47_HUMAN,0,/core/www/modules/match_peptides/blast_html4.php?run_id=110202&search_id=114132&scans_id=110198&peptide_id=25016&scanf=33033&charge=3&value=0,K.KLPGFPTQDDEVMMLTER.V,/core/www/modules/show_out/show_out_wrapper.php?run_id=110202&search_id=114132&scans_id=110198&peptide_id=25016&scanf=33033&charge=3&value=K.KLPGFPTQDDEVMMLTER.V,DDX47,1.694e+7,4.004,0.000,3.895,0.000
33036,4,"  5.639","  0.516",18/114,/core/www/modules//sdig/index.php?run_id=110202&search_id=114132&scans_id=110198&peptide_id=25019&scanf=33036&charge=4&value=18/114,sp|Q6P2Q9|PRP8_HUMAN,/core/www/modules//consensus/?run_id=110202&search_id=114132&scans_id=110198&peptide_id=25019&scanf=33036&charge=4&value=sp|Q6P2Q9|PRP8_HUMAN,0,/core/www/modules/match_peptides/blast_html4.php?run_id=110202&search_id=114132&scans_id=110198&peptide_id=25019&scanf=33036&charge=4&value=0,K.TTITEPHHIWPTLTDEEWIK.V,/core/www/modules/show_out/show_out_wrapper.php?run_id=110202&search_id=114132&scans_id=110198&peptide_id=25019&scanf=33036&charge=4&value=K.TTITEPHHIWPTLTDEEWIK.V,PRPF8,1.069e+7,3.723,0.000,3.479,0.000
33038,2,"  2.307","  0.405",11/18,/core/www/modules//sdig/index.php?run_id=110202&search_id=114132&scans_id=110198&peptide_id=25021&scanf=33038&charge=2&value=11/18,sp|Q99613|EIF3C_HUMAN,/core/www/modules//consensus/?run_id=110202&search_id=114132&scans_id=110198&peptide_id=25021&scanf=33038&charge=2&value=sp|Q99613|EIF3C_HUMAN,1,/core/www/modules/match_peptides/blast_html4.php?run_id=110202&search_id=114132&scans_id=110198&peptide_id=25021&scanf=33038&charge=2&value=1,K.ELLGQGLLLR.S,/core/www/modules/show_out/show_out_wrapper.php?run_id=110202&search_id=114132&scans_id=110198&peptide_id=25021&scanf=33038&charge=2&value=K.ELLGQGLLLR.S,EIF3C,1.555e+7,2.983,0.004,2.383,0.000
33039,2,"  4.010","  0.649",15/28,/core/www/modules//sdig/index.php?run_id=110202&search_id=114132&scans_id=110198&peptide_id=25022&scanf=33039&charge=2&value=15/28,sp|P50454|SERPH_HUMAN,/core/www/modules//consensus/?run_id=110202&search_id=114132&scans_id=110198&peptide_id=25022&scanf=33039&charge=2&value=sp|P50454|SERPH_HUMAN,9,/core/www/modules/match_peptides/blast_html4.php?run_id=110202&search_id=114132&scans_id=110198&peptide_id=25022&scanf=33039&charge=2&value=9,R.LYGPSSVSFADDFVR.S,/core/www/modules/show_out/show_out_wrapper.php?run_id=110202&search_id=114132&scans_id=110198&peptide_id=25022&scanf=33039&charge=2&value=R.LYGPSSVSFADDFVR.S,SERPINH1,1.708e+7,3.513,0.001,3.167,0.000
33041,2,"  2.372","  0.544",10/16,/core/www/modules//sdig/index.php?run_id=110202&search_id=114132&scans_id=110198&peptide_id=25025&scanf=33041&charge=2&value=10/16,sp|O94888|UBXN7_HUMAN,/core/www/modules//consensus/?run_id=110202&search_id=114132&scans_id=110198&peptide_id=25025&scanf=33041&charge=2&value=sp|O94888|UBXN7_HUMAN,1,/core/www/modules/match_peptides/blast_html4.php?run_id=110202&search_id=114132&scans_id=110198&peptide_id=25025&scanf=33041&charge=2&value=1,R.FELLTNFPR.R,/core/www/modules/show_out/show_out_wrapper.php?run_id=110202&search_id=114132&scans_id=110198&peptide_id=25025&scanf=33041&charge=2&value=R.FELLTNFPR.R,UBXN7,2.941e+6,3.466,0.001,3.097,0.000
33042,3,"  4.119","  0.595",14/56,/core/www/modules//sdig/index.php?run_id=110202&search_id=114132&scans_id=110198&peptide_id=25026&scanf=33042&charge=3&value=14/56,sp|Q9NYV4|CDK12_HUMAN,/core/www/modules//consensus/?run_id=110202&search_id=114132&scans_id=110198&peptide_id=25026&scanf=33042&charge=3&value=sp|Q9NYV4|CDK12_HUMAN,0,/core/www/modules/match_peptides/blast_html4.php?run_id=110202&search_id=114132&scans_id=110198&peptide_id=25026&scanf=33042&charge=3&value=0,R.VPLALHPVVGQPFLK.A,/core/www/modules/show_out/show_out_wrapper.php?run_id=110202&search_id=114132&scans_id=110198&peptide_id=25026&scanf=33042&charge=3&value=R.VPLALHPVVGQPFLK.A,CDK12,5.881e+6,3.428,0.001,3.042,0.000
33045,2,"  2.304","  0.476",13/18,/core/www/modules//sdig/index.php?run_id=110202&search_id=114132&scans_id=110198&peptide_id=25029&scanf=33045&charge=2&value=13/18,sp|P42704|LPPRC_HUMAN,/core/www/modules//consensus/?run_id=110202&search_id=114132&scans_id=110198&peptide_id=25029&scanf=33045&charge=2&value=sp|P42704|LPPRC_HUMAN,21,/core/www/modules/match_peptides/blast_html4.php?run_id=110202&search_id=114132&scans_id=110198&peptide_id=25029&scanf=33045&charge=2&value=21,K.NVQGIIEILK.G,/core/www/modules/show_out/show_out_wrapper.php?run_id=110202&search_id=114132&scans_id=110198&peptide_id=25029&scanf=33045&charge=2&value=K.NVQGIIEILK.G,LRPPRC,1.209e+7,3.452,0.001,3.077,0.000
33048,2,"  4.192","  0.608",15/28,/core/www/modules//sdig/index.php?run_id=110202&search_id=114132&scans_id=110198&peptide_id=25032&scanf=33048&charge=2&value=15/28,sp|Q92974|ARHG2_HUMAN,/core/www/modules//consensus/?run_id=110202&search_id=114132&scans_id=110198&peptide_id=25032&scanf=33048&charge=2&value=sp|Q92974|ARHG2_HUMAN,3,/core/www/modules/match_peptides/blast_html4.php?run_id=110202&search_id=114132&scans_id=110198&peptide_id=25032&scanf=33048&charge=2&value=3,K.ELLSNVDEGIYQLEK.G,/core/www/modules/show_out/show_out_wrapper.php?run_id=110202&search_id=114132&scans_id=110198&peptide_id=25032&scanf=33048&charge=2&value=K.ELLSNVDEGIYQLEK.G,ARHGEF2,2.134e+6,3.378,0.001,2.968,0.000
33049,2,"  3.969","  0.713",17/38,/core/www/modules//sdig/index.php?run_id=110202&search_id=114132&scans_id=110198&peptide_id=25033&scanf=33049&charge=2&value=17/38,sp|P54136|SYRC_HUMAN,/core/www/modules//consensus/?run_id=110202&search_id=114132&scans_id=110198&peptide_id=25033&scanf=33049&charge=2&value=sp|P54136|SYRC_HUMAN,1,/core/www/modules/match_peptides/blast_html4.php?run_id=110202&search_id=114132&scans_id=110198&peptide_id=25033&scanf=33049&charge=2&value=1,K.AAYPDLENPPLLVTPSQQAK.F,/core/www/modules/show_out/show_out_wrapper.php?run_id=110202&search_id=114132&scans_id=110198&peptide_id=25033&scanf=33049&charge=2&value=K.AAYPDLENPPLLVTPSQQAK.F,RARS1,2.406e+6,3.516,0.001,3.172,0.000
33052,2,"  2.338","  0.504",9/14,/core/www/modules//sdig/index.php?run_id=110202&search_id=114132&scans_id=110198&peptide_id=25037&scanf=33052&charge=2&value=9/14,sp|P82930|RT34_HUMAN,/core/www/modules//consensus/?run_id=110202&search_id=114132&scans_id=110198&peptide_id=25037&scanf=33052&charge=2&value=sp|P82930|RT34_HUMAN,1,/core/www/modules/match_peptides/blast_html4.php?run_id=110202&search_id=114132&scans_id=110198&peptide_id=25037&scanf=33052&charge=2&value=1,K.AWGILTFK.G,/core/www/modules/show_out/show_out_wrapper.php?run_id=110202&search_id=114132&scans_id=110198&peptide_id=25037&scanf=33052&charge=2&value=K.AWGILTFK.G,MRPS34,5.021e+6,3.372,0.001,2.958,0.000
33055,2,"  4.074","  0.672",15/22,/core/www/modules//sdig/index.php?run_id=110202&search_id=114132&scans_id=110198&peptide_id=25039&scanf=33055&charge=2&value=15/22,sp|P62857|RS28_HUMAN,/core/www/modules//consensus/?run_id=110202&search_id=114132&scans_id=110198&peptide_id=25039&scanf=33055&charge=2&value=sp|P62857|RS28_HUMAN,0,/core/www/modules/match_peptides/blast_html4.php?run_id=110202&search_id=114132&scans_id=110198&peptide_id=25039&scanf=33055&charge=2&value=0,R.EGDVLTLLESER.E,/core/www/modules/show_out/show_out_wrapper.php?run_id=110202&search_id=114132&scans_id=110198&peptide_id=25039&scanf=33055&charge=2&value=R.EGDVLTLLESER.E,RPS28,7.108e+6,3.961,0.000,3.832,0.000
33060,4,"  2.691","  0.364",14/126,/core/www/modules//sdig/index.php?run_id=110202&search_id=114132&scans_id=110198&peptide_id=25045&scanf=33060&charge=4&value=14/126,sp|P50454|SERPH_HUMAN,/core/www/modules//consensus/?run_id=110202&search_id=114132&scans_id=110198&peptide_id=25045&scanf=33060&charge=4&value=sp|P50454|SERPH_HUMAN,9,/core/www/modules/match_peptides/blast_html4.php?run_id=110202&search_id=114132&scans_id=110198&peptide_id=25045&scanf=33060&charge=4&value=9,K.AVLSAEQLRDEEVHAGLGELLR.S,/core/www/modules/show_out/show_out_wrapper.php?run_id=110202&search_id=114132&scans_id=110198&peptide_id=25045&scanf=33060&charge=4&value=K.AVLSAEQLRDEEVHAGLGELLR.S,SERPINH1,7.398e+6,2.358,0.034,1.469,0.001
33061,2,"  2.563","  0.482",10/16,/core/www/modules//sdig/index.php?run_id=110202&search_id=114132&scans_id=110198&peptide_id=25046&scanf=33061&charge=2&value=10/16,sp|O75643|U520_HUMAN,/core/www/modules//consensus/?run_id=110202&search_id=114132&scans_id=110198&peptide_id=25046&scanf=33061&charge=2&value=sp|O75643|U520_HUMAN,1,/core/www/modules/match_peptides/blast_html4.php?run_id=110202&search_id=114132&scans_id=110198&peptide_id=25046&scanf=33061&charge=2&value=1,R.DIDAFWLQR.Q,/core/www/modules/show_out/show_out_wrapper.php?run_id=110202&search_id=114132&scans_id=110198&peptide_id=25046&scanf=33061&charge=2&value=R.DIDAFWLQR.Q,SNRNP200,1.729e+7,3.553,0.001,3.226,0.000
33065,3,"  1.822","  0.194",16/68,/core/www/modules//sdig/index.php?run_id=110202&search_id=114132&scans_id=110198&peptide_id=25050&scanf=33065&charge=3&value=16/68,sp|Q8N163|CCAR2_HUMAN,/core/www/modules//consensus/?run_id=110202&search_id=114132&scans_id=110198&peptide_id=25050&scanf=33065&charge=3&value=sp|Q8N163|CCAR2_HUMAN,2,/core/www/modules/match_peptides/blast_html4.php?run_id=110202&search_id=114132&scans_id=110198&peptide_id=25050&scanf=33065&charge=3&value=2,K.ALVSHNGSLINVGSLLQR.A,/core/www/modules/show_out/show_out_wrapper.php?run_id=110202&search_id=114132&scans_id=110198&peptide_id=25050&scanf=33065&charge=3&value=K.ALVSHNGSLINVGSLLQR.A,CCAR2,3.389e+6,1.927,0.133,0.876,0.007
33066,2,"  1.788","  0.330",8/12,/core/www/modules//sdig/index.php?run_id=110202&search_id=114132&scans_id=110198&peptide_id=25051&scanf=33066&charge=2&value=8/12,sp|P60228|EIF3E_HUMAN,/core/www/modules//consensus/?run_id=110202&search_id=114132&scans_id=110198&peptide_id=25051&scanf=33066&charge=2&value=sp|P60228|EIF3E_HUMAN,14,/core/www/modules/match_peptides/blast_html4.php?run_id=110202&search_id=114132&scans_id=110198&peptide_id=25051&scanf=33066&charge=2&value=14,R.WIVNLIR.N,/core/www/modules/show_out/show_out_wrapper.php?run_id=110202&search_id=114132&scans_id=110198&peptide_id=25051&scanf=33066&charge=2&value=R.WIVNLIR.N,EIF3E,5.448e+6,2.721,0.010,1.996,0.000
33067,3,"  4.801","  0.817",24/104,/core/www/modules//sdig/index.php?run_id=110202&search_id=114132&scans_id=110198&peptide_id=25052&scanf=33067&charge=3&value=24/104,sp|Q15287|RNPS1_HUMAN,/core/www/modules//consensus/?run_id=110202&search_id=114132&scans_id=110198&peptide_id=25052&scanf=33067&charge=3&value=sp|Q15287|RNPS1_HUMAN,4,/core/www/modules/match_peptides/blast_html4.php?run_id=110202&search_id=114132&scans_id=110198&peptide_id=25052&scanf=33067&charge=3&value=4,K.HMDGGQIDGQEITATAVLAPWPRPPPR.R,/core/www/modules/show_out/show_out_wrapper.php?run_id=110202&search_id=114132&scans_id=110198&peptide_id=25052&scanf=33067&charge=3&value=K.HMDGGQIDGQEITATAVLAPWPRPPPR.R,RNPS1,2.570e+6,3.721,0.000,3.475,0.000
33068,2,"  3.357","  0.576",15/24,/core/www/modules//sdig/index.php?run_id=110202&search_id=114132&scans_id=110198&peptide_id=25053&scanf=33068&charge=2&value=15/24,sp|O15160|RPAC1_HUMAN,/core/www/modules//consensus/?run_id=110202&search_id=114132&scans_id=110198&peptide_id=25053&scanf=33068&charge=2&value=sp|O15160|RPAC1_HUMAN,7,/core/www/modules/match_peptides/blast_html4.php?run_id=110202&search_id=114132&scans_id=110198&peptide_id=25053&scanf=33068&charge=2&value=7,R.ILLAEVPTMAVEK.V,/core/www/modules/show_out/show_out_wrapper.php?run_id=110202&search_id=114132&scans_id=110198&peptide_id=25053&scanf=33068&charge=2&value=R.ILLAEVPTMAVEK.V,POLR1C,8.930e+6,3.476,0.001,3.113,0.000
33070,3,"  2.743","  0.556",15/40,/core/www/modules//sdig/index.php?run_id=110202&search_id=114132&scans_id=110198&peptide_id=25056&scanf=33070&charge=3&value=15/40,sp|Q14204|DYHC1_HUMAN,/core/www/modules//consensus/?run_id=110202&search_id=114132&scans_id=110198&peptide_id=25056&scanf=33070&charge=3&value=sp|Q14204|DYHC1_HUMAN,29,/core/www/modules/match_peptides/blast_html4.php?run_id=110202&search_id=114132&scans_id=110198&peptide_id=25056&scanf=33070&charge=3&value=29,R.QALVAIFTHLR.K,/core/www/modules/show_out/show_out_wrapper.php?run_id=110202&search_id=114132&scans_id=110198&peptide_id=25056&scanf=33070&charge=3&value=R.QALVAIFTHLR.K,DYNC1H1,2.754e+6,3.853,0.000,3.671,0.000
33071,2,"  3.648","  0.674",13/30,/core/www/modules//sdig/index.php?run_id=110202&search_id=114132&scans_id=110198&peptide_id=25057&scanf=33071&charge=2&value=13/30,sp|Q9H8Y8|GORS2_HUMAN,/core/www/modules//consensus/?run_id=110202&search_id=114132&scans_id=110198&peptide_id=25057&scanf=33071&charge=2&value=sp|Q9H8Y8|GORS2_HUMAN,0,/core/www/modules/match_peptides/blast_html4.php?run_id=110202&search_id=114132&scans_id=110198&peptide_id=25057&scanf=33071&charge=2&value=0,K.ISLPGQMAGTPITPLK.D,/core/www/modules/show_out/show_out_wrapper.php?run_id=110202&search_id=114132&scans_id=110198&peptide_id=25057&scanf=33071&charge=2&value=K.ISLPGQMAGTPITPLK.D,GORASP2,1.777e+6,3.438,0.001,3.057,0.000
33077,2,"  1.503","  0.307",8/12,/core/www/modules//sdig/index.php?run_id=110202&search_id=114132&scans_id=110198&peptide_id=25062&scanf=33077&charge=2&value=8/12,sp|P60228|EIF3E_HUMAN,/core/www/modules//consensus/?run_id=110202&search_id=114132&scans_id=110198&peptide_id=25062&scanf=33077&charge=2&value=sp|P60228|EIF3E_HUMAN,14,/core/www/modules/match_peptides/blast_html4.php?run_id=110202&search_id=114132&scans_id=110198&peptide_id=25062&scanf=33077&charge=2&value=14,R.WIVNLIR.N,/core/www/modules/show_out/show_out_wrapper.php?run_id=110202&search_id=114132&scans_id=110198&peptide_id=25062&scanf=33077&charge=2&value=R.WIVNLIR.N,EIF3E,5.448e+6,2.587,0.016,1.800,0.000
33078,3,"  3.223","  0.596",17/40,/core/www/modules//sdig/index.php?run_id=110202&search_id=114132&scans_id=110198&peptide_id=25063&scanf=33078&charge=3&value=17/40,sp|P36873|PP1G_HUMAN,/core/www/modules//consensus/?run_id=110202&search_id=114132&scans_id=110198&peptide_id=25063&scanf=33078&charge=3&value=sp|P36873|PP1G_HUMAN,14,/core/www/modules/match_peptides/blast_html4.php?run_id=110202&search_id=114132&scans_id=110198&peptide_id=25063&scanf=33078&charge=3&value=14,K.IKYPENFFLLR.G,/core/www/modules/show_out/show_out_wrapper.php?run_id=110202&search_id=114132&scans_id=110198&peptide_id=25063&scanf=33078&charge=3&value=K.IKYPENFFLLR.G,PPP1CC,5.144e+7,3.481,0.001,3.121,0.000
33079,2,"  2.494","  0.224",7/16,/core/www/modules//sdig/index.php?run_id=110202&search_id=114132&scans_id=110198&peptide_id=25064&scanf=33079&charge=2&value=7/16,sp|Q16513|PKN2_HUMAN,/core/www/modules//consensus/?run_id=110202&search_id=114132&scans_id=110198&peptide_id=25064&scanf=33079&charge=2&value=sp|Q16513|PKN2_HUMAN,0,/core/www/modules/match_peptides/blast_html4.php?run_id=110202&search_id=114132&scans_id=110198&peptide_id=25064&scanf=33079&charge=2&value=0,R.FQFNLQDFR.C,/core/www/modules/show_out/show_out_wrapper.php?run_id=110202&search_id=114132&scans_id=110198&peptide_id=25064&scanf=33079&charge=2&value=R.FQFNLQDFR.C,PKN2,1.747e+6,2.054,0.090,1.045,0.004
33080,2,"  2.150","  0.456",10/18,/core/www/modules//sdig/index.php?run_id=110202&search_id=114132&scans_id=110198&peptide_id=25066&scanf=33080&charge=2&value=10/18,sp|Q9UL03|INT6_HUMAN,/core/www/modules//consensus/?run_id=110202&search_id=114132&scans_id=110198&peptide_id=25066&scanf=33080&charge=2&value=sp|Q9UL03|INT6_HUMAN,5,/core/www/modules/match_peptides/blast_html4.php?run_id=110202&search_id=114132&scans_id=110198&peptide_id=25066&scanf=33080&charge=2&value=5,R.TAFDLLNLNR.L,/core/www/modules/show_out/show_out_wrapper.php?run_id=110202&search_id=114132&scans_id=110198&peptide_id=25066&scanf=33080&charge=2&value=R.TAFDLLNLNR.L,INTS6,4.575e+6,3.023,0.004,2.442,0.000
33081,2,"  3.970","  0.684",14/24,/core/www/modules//sdig/index.php?run_id=110202&search_id=114132&scans_id=110198&peptide_id=25067&scanf=33081&charge=2&value=14/24,sp|P46060|RAGP1_HUMAN,/core/www/modules//consensus/?run_id=110202&search_id=114132&scans_id=110198&peptide_id=25067&scanf=33081&charge=2&value=sp|P46060|RAGP1_HUMAN,0,/core/www/modules/match_peptides/blast_html4.php?run_id=110202&search_id=114132&scans_id=110198&peptide_id=25067&scanf=33081&charge=2&value=0,R.MAVQDAVDALMQK.A,/core/www/modules/show_out/show_out_wrapper.php?run_id=110202&search_id=114132&scans_id=110198&peptide_id=25067&scanf=33081&charge=2&value=R.MAVQDAVDALMQK.A,RANGAP1,5.530e+6,3.705,0.000,3.452,0.000
33083,3,"  3.419","  0.502",17/52,/core/www/modules//sdig/index.php?run_id=110202&search_id=114132&scans_id=110198&peptide_id=25069&scanf=33083&charge=3&value=17/52,sp|Q07021|C1QBP_HUMAN,/core/www/modules//consensus/?run_id=110202&search_id=114132&scans_id=110198&peptide_id=25069&scanf=33083&charge=3&value=sp|Q07021|C1QBP_HUMAN,0,/core/www/modules/match_peptides/blast_html4.php?run_id=110202&search_id=114132&scans_id=110198&peptide_id=25069&scanf=33083&charge=3&value=0,K.AFVDFLSDEIKEER.K,/core/www/modules/show_out/show_out_wrapper.php?run_id=110202&search_id=114132&scans_id=110198&peptide_id=25069&scanf=33083&charge=3&value=K.AFVDFLSDEIKEER.K,C1QBP,2.129e+7,2.936,0.005,2.314,0.000
33088,3,"  3.803","  0.340",10/76,/core/www/modules//sdig/index.php?run_id=110202&search_id=114132&scans_id=110198&peptide_id=25074&scanf=33088&charge=3&value=10/76,sp|Q00610|CLH1_HUMAN,/core/www/modules//consensus/?run_id=110202&search_id=114132&scans_id=110198&peptide_id=25074&scanf=33088&charge=3&value=sp|Q00610|CLH1_HUMAN,10,/core/www/modules/match_peptides/blast_html4.php?run_id=110202&search_id=114132&scans_id=110198&peptide_id=25074&scanf=33088&charge=3&value=10,K.VGEQAQVVIIDMNDPSNPIR.R,/core/www/modules/show_out/show_out_wrapper.php?run_id=110202&search_id=114132&scans_id=110198&peptide_id=25074&scanf=33088&charge=3&value=K.VGEQAQVVIIDMNDPSNPIR.R,CLTC,3.675e+6,2.107,0.077,1.116,0.003
33097,4," 10.912","  0.761",35/204,/core/www/modules//sdig/index.php?run_id=110202&search_id=114132&scans_id=110198&peptide_id=25083&scanf=33097&charge=4&value=35/204,sp|P14866|HNRPL_HUMAN,/core/www/modules//consensus/?run_id=110202&search_id=114132&scans_id=110198&peptide_id=25083&scanf=33097&charge=4&value=sp|P14866|HNRPL_HUMAN,2,/core/www/modules/match_peptides/blast_html4.php?run_id=110202&search_id=114132&scans_id=110198&peptide_id=25083&scanf=33097&charge=4&value=2,R.YGPQYGHPPPPPPPPEYGPHADSPVLMVYGLDQSK.M,/core/www/modules/show_out/show_out_wrapper.php?run_id=110202&search_id=114132&scans_id=110198&peptide_id=25083&scanf=33097&charge=4&value=R.YGPQYGHPPPPPPPPEYGPHADSPVLMVYGLDQSK.M,HNRNPL,4.388e+7,4.190,0.000,4.172,0.000
33099,2,"  2.846","  0.532",10/18,/core/www/modules//sdig/index.php?run_id=110202&search_id=114132&scans_id=110198&peptide_id=25085&scanf=33099&charge=2&value=10/18,sp|Q9UL03|INT6_HUMAN,/core/www/modules//consensus/?run_id=110202&search_id=114132&scans_id=110198&peptide_id=25085&scanf=33099&charge=2&value=sp|Q9UL03|INT6_HUMAN,5,/core/www/modules/match_peptides/blast_html4.php?run_id=110202&search_id=114132&scans_id=110198&peptide_id=25085&scanf=33099&charge=2&value=5,R.TAFDLLNLNR.L,/core/www/modules/show_out/show_out_wrapper.php?run_id=110202&search_id=114132&scans_id=110198&peptide_id=25085&scanf=33099&charge=2&value=R.TAFDLLNLNR.L,INTS6,4.575e+6,3.313,0.001,2.871,0.000
33102,4,"  5.010","  0.510",21/96,/core/www/modules//sdig/index.php?run_id=110202&search_id=114132&scans_id=110198&peptide_id=25089&scanf=33102&charge=4&value=21/96,sp|P50454|SERPH_HUMAN,/core/www/modules//consensus/?run_id=110202&search_id=114132&scans_id=110198&peptide_id=25089&scanf=33102&charge=4&value=sp|P50454|SERPH_HUMAN,4,/core/www/modules/match_peptides/blast_html4.php?run_id=110202&search_id=114132&scans_id=110198&peptide_id=25089&scanf=33102&charge=4&value=4,K.LSSLIILMPHHVEPLER.L,/core/www/modules/show_out/show_out_wrapper.php?run_id=110202&search_id=114132&scans_id=110198&peptide_id=25089&scanf=33102&charge=4&value=K.LSSLIILMPHHVEPLER.L,SERPINH1,2.690e+7,3.591,0.001,3.283,0.000
33103,3,"  4.164","  0.535",15/76,/core/www/modules//sdig/index.php?run_id=110202&search_id=114132&scans_id=110198&peptide_id=25090&scanf=33103&charge=3&value=15/76,sp|P54136|SYRC_HUMAN,/core/www/modules//consensus/?run_id=110202&search_id=114132&scans_id=110198&peptide_id=25090&scanf=33103&charge=3&value=sp|P54136|SYRC_HUMAN,1,/core/www/modules/match_peptides/blast_html4.php?run_id=110202&search_id=114132&scans_id=110198&peptide_id=25090&scanf=33103&charge=3&value=1,K.AAYPDLENPPLLVTPSQQAK.F,/core/www/modules/show_out/show_out_wrapper.php?run_id=110202&search_id=114132&scans_id=110198&peptide_id=25090&scanf=33103&charge=3&value=K.AAYPDLENPPLLVTPSQQAK.F,RARS1,6.668e+6,3.039,0.003,2.466,0.000
33104,3,"  4.622","  0.626",17/84,/core/www/modules//sdig/index.php?run_id=110202&search_id=114132&scans_id=110198&peptide_id=25091&scanf=33104&charge=3&value=17/84,sp|Q96KR1|ZFR_HUMAN,/core/www/modules//consensus/?run_id=110202&search_id=114132&scans_id=110198&peptide_id=25091&scanf=33104&charge=3&value=sp|Q96KR1|ZFR_HUMAN,0,/core/www/modules/match_peptides/blast_html4.php?run_id=110202&search_id=114132&scans_id=110198&peptide_id=25091&scanf=33104&charge=3&value=0,K.QAAAAAAAAAATAAWTGTTFTK.K,/core/www/modules/show_out/show_out_wrapper.php?run_id=110202&search_id=114132&scans_id=110198&peptide_id=25091&scanf=33104&charge=3&value=K.QAAAAAAAAAATAAWTGTTFTK.K,ZFR,7.647e+6,3.298,0.001,2.849,0.000
33106,3,"  2.179","  0.172",8/48,/core/www/modules//sdig/index.php?run_id=110202&search_id=114132&scans_id=110198&peptide_id=25093&scanf=33106&charge=3&value=8/48,sp|O60264|SMCA5_HUMAN,/core/www/modules//consensus/?run_id=110202&search_id=114132&scans_id=110198&peptide_id=25093&scanf=33106&charge=3&value=sp|O60264|SMCA5_HUMAN,3,/core/www/modules/match_peptides/blast_html4.php?run_id=110202&search_id=114132&scans_id=110198&peptide_id=25093&scanf=33106&charge=3&value=3,K.QPNVQDFQFFPPR.L,/core/www/modules/show_out/show_out_wrapper.php?run_id=110202&search_id=114132&scans_id=110198&peptide_id=25093&scanf=33106&charge=3&value=K.QPNVQDFQFFPPR.L,SMARCA5,8.991e+6,2.073,0.085,1.070,0.003
33108,3,"  3.543","  0.423",11/76,/core/www/modules//sdig/index.php?run_id=110202&search_id=114132&scans_id=110198&peptide_id=25095&scanf=33108&charge=3&value=11/76,sp|O75691|UTP20_HUMAN,/core/www/modules//consensus/?run_id=110202&search_id=114132&scans_id=110198&peptide_id=25095&scanf=33108&charge=3&value=sp|O75691|UTP20_HUMAN,0,/core/www/modules/match_peptides/blast_html4.php?run_id=110202&search_id=114132&scans_id=110198&peptide_id=25095&scanf=33108&charge=3&value=0,R.FINNEYYPADLQVAPTQDLR.R,/core/www/modules/show_out/show_out_wrapper.php?run_id=110202&search_id=114132&scans_id=110198&peptide_id=25095&scanf=33108&charge=3&value=R.FINNEYYPADLQVAPTQDLR.R,UTP20,2.255e+6,2.601,0.015,1.822,0.000
33110,2,"  2.469","  0.392",8/14,/core/www/modules//sdig/index.php?run_id=110202&search_id=114132&scans_id=110198&peptide_id=25098&scanf=33110&charge=2&value=8/14,sp|O14980|XPO1_HUMAN,/core/www/modules//consensus/?run_id=110202&search_id=114132&scans_id=110198&peptide_id=25098&scanf=33110&charge=2&value=sp|O14980|XPO1_HUMAN,13,/core/www/modules/match_peptides/blast_html4.php?run_id=110202&search_id=114132&scans_id=110198&peptide_id=25098&scanf=33110&charge=2&value=13,K.FLNVPMFR.N,/core/www/modules/show_out/show_out_wrapper.php?run_id=110202&search_id=114132&scans_id=110198&peptide_id=25098&scanf=33110&charge=2&value=K.FLNVPMFR.N,XPO1,3.728e+6,3.023,0.004,2.442,0.000
33111,2,"  2.189","  0.730",13/32,/core/www/modules//sdig/index.php?run_id=110202&search_id=114132&scans_id=110198&peptide_id=25099&scanf=33111&charge=2&value=13/32,sp|P05386|RLA1_HUMAN,/core/www/modules//consensus/?run_id=110202&search_id=114132&scans_id=110198&peptide_id=25099&scanf=33111&charge=2&value=sp|P05386|RLA1_HUMAN,2,/core/www/modules/match_peptides/blast_html4.php?run_id=110202&search_id=114132&scans_id=110198&peptide_id=25099&scanf=33111&charge=2&value=2,K.KEESEESDDDMGFGLFD.-,/core/www/modules/show_out/show_out_wrapper.php?run_id=110202&search_id=114132&scans_id=110198&peptide_id=25099&scanf=33111&charge=2&value=K.KEESEESDDDMGFGLFD.-,RPLP1,2.611e+6,3.157,0.002,2.641,0.000
33114,3,"  5.418","  0.615",21/68,/core/www/modules//sdig/index.php?run_id=110202&search_id=114132&scans_id=110198&peptide_id=25102&scanf=33114&charge=3&value=21/68,sp|P55884|EIF3B_HUMAN,/core/www/modules//consensus/?run_id=110202&search_id=114132&scans_id=110198&peptide_id=25102&scanf=33114&charge=3&value=sp|P55884|EIF3B_HUMAN,1,/core/www/modules/match_peptides/blast_html4.php?run_id=110202&search_id=114132&scans_id=110198&peptide_id=25102&scanf=33114&charge=3&value=1,K.GYIFLEYASPAHAVDAVK.N,/core/www/modules/show_out/show_out_wrapper.php?run_id=110202&search_id=114132&scans_id=110198&peptide_id=25102&scanf=33114&charge=3&value=K.GYIFLEYASPAHAVDAVK.N,EIF3B,5.475e+6,3.513,0.001,3.168,0.000
33117,3,"  5.943","  0.595",20/76,/core/www/modules//sdig/index.php?run_id=110202&search_id=114132&scans_id=110198&peptide_id=25104&scanf=33117&charge=3&value=20/76,sp|Q6P2Q9|PRP8_HUMAN,/core/www/modules//consensus/?run_id=110202&search_id=114132&scans_id=110198&peptide_id=25104&scanf=33117&charge=3&value=sp|Q6P2Q9|PRP8_HUMAN,0,/core/www/modules/match_peptides/blast_html4.php?run_id=110202&search_id=114132&scans_id=110198&peptide_id=25104&scanf=33117&charge=3&value=0,K.TTITEPHHIWPTLTDEEWIK.V,/core/www/modules/show_out/show_out_wrapper.php?run_id=110202&search_id=114132&scans_id=110198&peptide_id=25104&scanf=33117&charge=3&value=K.TTITEPHHIWPTLTDEEWIK.V,PRPF8,6.266e+6,3.708,0.000,3.457,0.000
33119,2,"  1.798","  0.237",10/14,/core/www/modules//sdig/index.php?run_id=110202&search_id=114132&scans_id=110198&peptide_id=25106&scanf=33119&charge=2&value=10/14,sp|Q9H089|LSG1_HUMAN,/core/www/modules//consensus/?run_id=110202&search_id=114132&scans_id=110198&peptide_id=25106&scanf=33119&charge=2&value=sp|Q9H089|LSG1_HUMAN,1,/core/www/modules/match_peptides/blast_html4.php?run_id=110202&search_id=114132&scans_id=110198&peptide_id=25106&scanf=33119&charge=2&value=1,K.QELLELFK.E,/core/www/modules/show_out/show_out_wrapper.php?run_id=110202&search_id=114132&scans_id=110198&peptide_id=25106&scanf=33119&charge=2&value=K.QELLELFK.E,LSG1,3.871e+6,2.479,0.023,1.644,0.001
33121,3,"  2.836","  0.473",11/52,/core/www/modules//sdig/index.php?run_id=110202&search_id=114132&scans_id=110198&peptide_id=25109&scanf=33121&charge=3&value=11/52,sp|P78563|RED1_HUMAN,/core/www/modules//consensus/?run_id=110202&search_id=114132&scans_id=110198&peptide_id=25109&scanf=33121&charge=3&value=sp|P78563|RED1_HUMAN,0,/core/www/modules/match_peptides/blast_html4.php?run_id=110202&search_id=114132&scans_id=110198&peptide_id=25109&scanf=33121&charge=3&value=0,K.NPVMILNELRPGLK.Y,/core/www/modules/show_out/show_out_wrapper.php?run_id=110202&search_id=114132&scans_id=110198&peptide_id=25109&scanf=33121&charge=3&value=K.NPVMILNELRPGLK.Y,ADARB1,2.780e+6,2.914,0.005,2.281,0.000
33123,2,"  2.799","  0.445",11/18,/core/www/modules//sdig/index.php?run_id=110202&search_id=114132&scans_id=110198&peptide_id=25111&scanf=33123&charge=2&value=11/18,sp|Q14008|CKAP5_HUMAN,/core/www/modules//consensus/?run_id=110202&search_id=114132&scans_id=110198&peptide_id=25111&scanf=33123&charge=2&value=sp|Q14008|CKAP5_HUMAN,0,/core/www/modules/match_peptides/blast_html4.php?run_id=110202&search_id=114132&scans_id=110198&peptide_id=25111&scanf=33123&charge=2&value=0,R.QELLGWLAEK.L,/core/www/modules/show_out/show_out_wrapper.php?run_id=110202&search_id=114132&scans_id=110198&peptide_id=25111&scanf=33123&charge=2&value=R.QELLGWLAEK.L,CKAP5,4.656e+6,3.172,0.002,2.663,0.000
33125,2,"  2.199","  0.392",12/14,/core/www/modules//sdig/index.php?run_id=110202&search_id=114132&scans_id=110198&peptide_id=25113&scanf=33125&charge=2&value=12/14,sp|Q15572|TAF1C_HUMAN,/core/www/modules//consensus/?run_id=110202&search_id=114132&scans_id=110198&peptide_id=25113&scanf=33125&charge=2&value=sp|Q15572|TAF1C_HUMAN,1,/core/www/modules/match_peptides/blast_html4.php?run_id=110202&search_id=114132&scans_id=110198&peptide_id=25113&scanf=33125&charge=2&value=1,R.LPLVPMLK.W,/core/www/modules/show_out/show_out_wrapper.php?run_id=110202&search_id=114132&scans_id=110198&peptide_id=25113&scanf=33125&charge=2&value=R.LPLVPMLK.W,TAF1C,2.042e+6,3.324,0.001,2.887,0.000
33126,3,"  3.597","  0.537",16/56,/core/www/modules//sdig/index.php?run_id=110202&search_id=114132&scans_id=110198&peptide_id=25114&scanf=33126&charge=3&value=16/56,sp|Q9H3P2|NELFA_HUMAN,/core/www/modules//consensus/?run_id=110202&search_id=114132&scans_id=110198&peptide_id=25114&scanf=33126&charge=3&value=sp|Q9H3P2|NELFA_HUMAN,6,/core/www/modules/match_peptides/blast_html4.php?run_id=110202&search_id=114132&scans_id=110198&peptide_id=25114&scanf=33126&charge=3&value=6,K.NALTTLAGPLTPPVK.H,/core/www/modules/show_out/show_out_wrapper.php?run_id=110202&search_id=114132&scans_id=110198&peptide_id=25114&scanf=33126&charge=3&value=K.NALTTLAGPLTPPVK.H,NELFA,2.900e+6,3.214,0.002,2.725,0.000
33127,2,"  1.797","  0.494",8/16,/core/www/modules//sdig/index.php?run_id=110202&search_id=114132&scans_id=110198&peptide_id=25115&scanf=33127&charge=2&value=8/16,sp|Q9ULK4|MED23_HUMAN,/core/www/modules//consensus/?run_id=110202&search_id=114132&scans_id=110198&peptide_id=25115&scanf=33127&charge=2&value=sp|Q9ULK4|MED23_HUMAN,1,/core/www/modules/match_peptides/blast_html4.php?run_id=110202&search_id=114132&scans_id=110198&peptide_id=25115&scanf=33127&charge=2&value=1,R.FLELLPVSK.S,/core/www/modules/show_out/show_out_wrapper.php?run_id=110202&search_id=114132&scans_id=110198&peptide_id=25115&scanf=33127&charge=2&value=R.FLELLPVSK.S,MED23,3.860e+6,3.097,0.003,2.552,0.000
33132,2,"  1.570","  0.407",7/14,/core/www/modules//sdig/index.php?run_id=110202&search_id=114132&scans_id=110198&peptide_id=25120&scanf=33132&charge=2&value=7/14,sp|Q8WYA6|CTBL1_HUMAN,/core/www/modules//consensus/?run_id=110202&search_id=114132&scans_id=110198&peptide_id=25120&scanf=33132&charge=2&value=sp|Q8WYA6|CTBL1_HUMAN,1,/core/www/modules/match_peptides/blast_html4.php?run_id=110202&search_id=114132&scans_id=110198&peptide_id=25120&scanf=33132&charge=2&value=1,R.TIFPLFM*K.S,/core/www/modules/show_out/show_out_wrapper.php?run_id=110202&search_id=114132&scans_id=110198&peptide_id=25120&scanf=33132&charge=2&value=R.TIFPLFM*K.S,CTNNBL1,2.805e+6,2.857,0.006,2.197,0.000
33134,2,"  3.655","  0.545",14/30,/core/www/modules//sdig/index.php?run_id=110202&search_id=114132&scans_id=110198&peptide_id=25122&scanf=33134&charge=2&value=14/30,sp|P41091|IF2G_HUMAN,/core/www/modules//consensus/?run_id=110202&search_id=114132&scans_id=110198&peptide_id=25122&scanf=33134&charge=2&value=sp|P41091|IF2G_HUMAN,1,/core/www/modules/match_peptides/blast_html4.php?run_id=110202&search_id=114132&scans_id=110198&peptide_id=25122&scanf=33134&charge=2&value=1,K.NEVLMVNIGSLSTGGR.V,/core/www/modules/show_out/show_out_wrapper.php?run_id=110202&search_id=114132&scans_id=110198&peptide_id=25122&scanf=33134&charge=2&value=K.NEVLMVNIGSLSTGGR.V,EIF2S3,6.525e+6,3.055,0.003,2.489,0.000
33138,3,"  6.143","  0.641",24/96,/core/www/modules//sdig/index.php?run_id=110202&search_id=114132&scans_id=110198&peptide_id=25125&scanf=33138&charge=3&value=24/96,sp|O43390|HNRPR_HUMAN,/core/www/modules//consensus/?run_id=110202&search_id=114132&scans_id=110198&peptide_id=25125&scanf=33138&charge=3&value=sp|O43390|HNRPR_HUMAN,1,/core/www/modules/match_peptides/blast_html4.php?run_id=110202&search_id=114132&scans_id=110198&peptide_id=25125&scanf=33138&charge=3&value=1,K.YGGPPPDSVYSGVQPGIGTEVFVGK.I,/core/www/modules/show_out/show_out_wrapper.php?run_id=110202&search_id=114132&scans_id=110198&peptide_id=25125&scanf=33138&charge=3&value=K.YGGPPPDSVYSGVQPGIGTEVFVGK.I,HNRNPR,2.030e+7,3.443,0.001,3.064,0.000
33139,4,"  4.359","  0.586",21/84,/core/www/modules//sdig/index.php?run_id=110202&search_id=114132&scans_id=110198&peptide_id=25126&scanf=33139&charge=4&value=21/84,sp|P46736|BRCC3_HUMAN,/core/www/modules//consensus/?run_id=110202&search_id=114132&scans_id=110198&peptide_id=25126&scanf=33139&charge=4&value=sp|P46736|BRCC3_HUMAN,1,/core/www/modules/match_peptides/blast_html4.php?run_id=110202&search_id=114132&scans_id=110198&peptide_id=25126&scanf=33139&charge=4&value=1,R.IEIPIHIVPHVTIGK.V,/core/www/modules/show_out/show_out_wrapper.php?run_id=110202&search_id=114132&scans_id=110198&peptide_id=25126&scanf=33139&charge=4&value=R.IEIPIHIVPHVTIGK.V,BRCC3,3.810e+6,3.836,0.000,3.646,0.000
33140,2,"  6.275","  0.758",25/34,/core/www/modules//sdig/index.php?run_id=110202&search_id=114132&scans_id=110198&peptide_id=25128&scanf=33140&charge=2&value=25/34,sp|P78527|PRKDC_HUMAN,/core/www/modules//consensus/?run_id=110202&search_id=114132&scans_id=110198&peptide_id=25128&scanf=33140&charge=2&value=sp|P78527|PRKDC_HUMAN,0,/core/www/modules/match_peptides/blast_html4.php?run_id=110202&search_id=114132&scans_id=110198&peptide_id=25128&scanf=33140&charge=2&value=0,R.DPTVHDDVLELEMDELNR.H,/core/www/modules/show_out/show_out_wrapper.php?run_id=110202&search_id=114132&scans_id=110198&peptide_id=25128&scanf=33140&charge=2&value=R.DPTVHDDVLELEMDELNR.H,PRKDC,6.370e+6,5.088,0.000,5.503,0.000
33141,4,"  7.414","  0.713",27/186,/core/www/modules//sdig/index.php?run_id=110202&search_id=114132&scans_id=110198&peptide_id=25129&scanf=33141&charge=4&value=27/186,sp|P06396|GELS_HUMAN,/core/www/modules//consensus/?run_id=110202&search_id=114132&scans_id=110198&peptide_id=25129&scanf=33141&charge=4&value=sp|P06396|GELS_HUMAN,4,/core/www/modules/match_peptides/blast_html4.php?run_id=110202&search_id=114132&scans_id=110198&peptide_id=25129&scanf=33141&charge=4&value=4,R.VHVSEEGTEPEAMLQVLGPKPALPAGTEDTAK.E,/core/www/modules/show_out/show_out_wrapper.php?run_id=110202&search_id=114132&scans_id=110198&peptide_id=25129&scanf=33141&charge=4&value=R.VHVSEEGTEPEAMLQVLGPKPALPAGTEDTAK.E,GSN,1.358e+6,3.780,0.000,3.563,0.000
33142,2,"  5.067","  0.710",23/42,/core/www/modules//sdig/index.php?run_id=110202&search_id=114132&scans_id=110198&peptide_id=25130&scanf=33142&charge=2&value=23/42,sp|Q99848|EBP2_HUMAN,/core/www/modules//consensus/?run_id=110202&search_id=114132&scans_id=110198&peptide_id=25130&scanf=33142&charge=2&value=sp|Q99848|EBP2_HUMAN,1,/core/www/modules/match_peptides/blast_html4.php?run_id=110202&search_id=114132&scans_id=110198&peptide_id=25130&scanf=33142&charge=2&value=1,R.LDVTLGPVPEIGGSEAPAPQNK.D,/core/www/modules/show_out/show_out_wrapper.php?run_id=110202&search_id=114132&scans_id=110198&peptide_id=25130&scanf=33142&charge=2&value=R.LDVTLGPVPEIGGSEAPAPQNK.D,EBNA1BP2,9.286e+6,3.658,0.000,3.382,0.000
33144,2,"  1.090","  0.366",10/22,/core/www/modules//sdig/index.php?run_id=110202&search_id=114132&scans_id=110198&peptide_id=25132&scanf=33144&charge=2&value=10/22,sp|P50914|RL14_HUMAN,/core/www/modules//consensus/?run_id=110202&search_id=114132&scans_id=110198&peptide_id=25132&scanf=33144&charge=2&value=sp|P50914|RL14_HUMAN,1,/core/www/modules/match_peptides/blast_html4.php?run_id=110202&search_id=114132&scans_id=110198&peptide_id=25132&scanf=33144&charge=2&value=1,K.LVAIVDVIDQNR.A,/core/www/modules/show_out/show_out_wrapper.php?run_id=110202&search_id=114132&scans_id=110198&peptide_id=25132&scanf=33144&charge=2&value=K.LVAIVDVIDQNR.A,RPL14,2.301e+8,2.453,0.025,1.606,0.001
33146,2,"  3.180","  0.369",12/26,/core/www/modules//sdig/index.php?run_id=110202&search_id=114132&scans_id=110198&peptide_id=25134&scanf=33146&charge=2&value=12/26,sp|P40937|RFC5_HUMAN,/core/www/modules//consensus/?run_id=110202&search_id=114132&scans_id=110198&peptide_id=25134&scanf=33146&charge=2&value=sp|P40937|RFC5_HUMAN,0,/core/www/modules/match_peptides/blast_html4.php?run_id=110202&search_id=114132&scans_id=110198&peptide_id=25134&scanf=33146&charge=2&value=0,R.ALNILQSTNMAFGK.V,/core/www/modules/show_out/show_out_wrapper.php?run_id=110202&search_id=114132&scans_id=110198&peptide_id=25134&scanf=33146&charge=2&value=R.ALNILQSTNMAFGK.V,RFC5,7.328e+6,2.522,0.020,1.706,0.000
33148,2,"  2.322","  0.396",9/18,/core/www/modules//sdig/index.php?run_id=110202&search_id=114132&scans_id=110198&peptide_id=25136&scanf=33148&charge=2&value=9/18,sp|P12277|KCRB_HUMAN,/core/www/modules//consensus/?run_id=110202&search_id=114132&scans_id=110198&peptide_id=25136&scanf=33148&charge=2&value=sp|P12277|KCRB_HUMAN,3,/core/www/modules/match_peptides/blast_html4.php?run_id=110202&search_id=114132&scans_id=110198&peptide_id=25136&scanf=33148&charge=2&value=3,K.DLFDPIIEDR.H,/core/www/modules/show_out/show_out_wrapper.php?run_id=110202&search_id=114132&scans_id=110198&peptide_id=25136&scanf=33148&charge=2&value=K.DLFDPIIEDR.H,CKB,1.271e+6,2.685,0.011,1.944,0.000
33149,2,"  3.525","  0.499",10/28,/core/www/modules//sdig/index.php?run_id=110202&search_id=114132&scans_id=110198&peptide_id=25137&scanf=33149&charge=2&value=10/28,sp|Q9BX68|HINT2_HUMAN,/core/www/modules//consensus/?run_id=110202&search_id=114132&scans_id=110198&peptide_id=25137&scanf=33149&charge=2&value=sp|Q9BX68|HINT2_HUMAN,0,/core/www/modules/match_peptides/blast_html4.php?run_id=110202&search_id=114132&scans_id=110198&peptide_id=25137&scanf=33149&charge=2&value=0,R.DVAPQAPVHFLVIPK.K,/core/www/modules/show_out/show_out_wrapper.php?run_id=110202&search_id=114132&scans_id=110198&peptide_id=25137&scanf=33149&charge=2&value=R.DVAPQAPVHFLVIPK.K,HINT2,1.516e+6,2.758,0.009,2.052,0.000
33152,3,"  2.572","  0.120",11/48,/core/www/modules//sdig/index.php?run_id=110202&search_id=114132&scans_id=110198&peptide_id=25141&scanf=33152&charge=3&value=11/48,sp|Q13162|PRDX4_HUMAN,/core/www/modules//consensus/?run_id=110202&search_id=114132&scans_id=110198&peptide_id=25141&scanf=33152&charge=3&value=sp|Q13162|PRDX4_HUMAN,2,/core/www/modules/match_peptides/blast_html4.php?run_id=110202&search_id=114132&scans_id=110198&peptide_id=25141&scanf=33152&charge=3&value=2,R.IPLLSDLTHQISK.D,/core/www/modules/show_out/show_out_wrapper.php?run_id=110202&search_id=114132&scans_id=110198&peptide_id=25141&scanf=33152&charge=3&value=R.IPLLSDLTHQISK.D,PRDX4,1.202e+7,1.819,0.181,0.742,0.010
33156,2,"  1.042","  0.209",6/12,/core/www/modules//sdig/index.php?run_id=110202&search_id=114132&scans_id=110198&peptide_id=25145&scanf=33156&charge=2&value=6/12,sp|Q14997|PSME4_HUMAN,/core/www/modules//consensus/?run_id=110202&search_id=114132&scans_id=110198&peptide_id=25145&scanf=33156&charge=2&value=sp|Q14997|PSME4_HUMAN,1,/core/www/modules/match_peptides/blast_html4.php?run_id=110202&search_id=114132&scans_id=110198&peptide_id=25145&scanf=33156&charge=2&value=1,R.LLINLLK.K,/core/www/modules/show_out/show_out_wrapper.php?run_id=110202&search_id=114132&scans_id=110198&peptide_id=25145&scanf=33156&charge=2&value=R.LLINLLK.K,PSME4,1.478e+6,2.166,0.063,1.199,0.002
33157,2,"  4.506","  0.677",20/34,/core/www/modules//sdig/index.php?run_id=110202&search_id=114132&scans_id=110198&peptide_id=25146&scanf=33157&charge=2&value=20/34,sp|P50990|TCPQ_HUMAN,/core/www/modules//consensus/?run_id=110202&search_id=114132&scans_id=110198&peptide_id=25146&scanf=33157&charge=2&value=sp|P50990|TCPQ_HUMAN,0,/core/www/modules/match_peptides/blast_html4.php?run_id=110202&search_id=114132&scans_id=110198&peptide_id=25146&scanf=33157&charge=2&value=0,K.ILGSGISSSSVLHGMVFK.K,/core/www/modules/show_out/show_out_wrapper.php?run_id=110202&search_id=114132&scans_id=110198&peptide_id=25146&scanf=33157&charge=2&value=K.ILGSGISSSSVLHGMVFK.K,CCT8,3.176e+6,3.672,0.000,3.403,0.000
33160,2,"  4.071","  0.684",14/24,/core/www/modules//sdig/index.php?run_id=110202&search_id=114132&scans_id=110198&peptide_id=25149&scanf=33160&charge=2&value=14/24,sp|P46060|RAGP1_HUMAN,/core/www/modules//consensus/?run_id=110202&search_id=114132&scans_id=110198&peptide_id=25149&scanf=33160&charge=2&value=sp|P46060|RAGP1_HUMAN,0,/core/www/modules/match_peptides/blast_html4.php?run_id=110202&search_id=114132&scans_id=110198&peptide_id=25149&scanf=33160&charge=2&value=0,R.MAVQDAVDALMQK.A,/core/www/modules/show_out/show_out_wrapper.php?run_id=110202&search_id=114132&scans_id=110198&peptide_id=25149&scanf=33160&charge=2&value=R.MAVQDAVDALMQK.A,RANGAP1,5.530e+6,3.710,0.000,3.460,0.000
33162,3,"  6.071","  0.663",19/52,/core/www/modules//sdig/index.php?run_id=110202&search_id=114132&scans_id=110198&peptide_id=25151&scanf=33162&charge=3&value=19/52,sp|O75643|U520_HUMAN,/core/www/modules//consensus/?run_id=110202&search_id=114132&scans_id=110198&peptide_id=25151&scanf=33162&charge=3&value=sp|O75643|U520_HUMAN,1,/core/www/modules/match_peptides/blast_html4.php?run_id=110202&search_id=114132&scans_id=110198&peptide_id=25151&scanf=33162&charge=3&value=1,R.RLDLVHTAALMLDK.N,/core/www/modules/show_out/show_out_wrapper.php?run_id=110202&search_id=114132&scans_id=110198&peptide_id=25151&scanf=33162&charge=3&value=R.RLDLVHTAALMLDK.N,SNRNP200,1.433e+7,3.955,0.000,3.823,0.000
33164,2,"  2.374","  0.350",8/18,/core/www/modules//sdig/index.php?run_id=110202&search_id=114132&scans_id=110198&peptide_id=25153&scanf=33164&charge=2&value=8/18,sp|Q96HW7|INT4_HUMAN,/core/www/modules//consensus/?run_id=110202&search_id=114132&scans_id=110198&peptide_id=25153&scanf=33164&charge=2&value=sp|Q96HW7|INT4_HUMAN,8,/core/www/modules/match_peptides/blast_html4.php?run_id=110202&search_id=114132&scans_id=110198&peptide_id=25153&scanf=33164&charge=2&value=8,K.FLQEVDFFQR.Y,/core/www/modules/show_out/show_out_wrapper.php?run_id=110202&search_id=114132&scans_id=110198&peptide_id=25153&scanf=33164&charge=2&value=K.FLQEVDFFQR.Y,INTS4,2.581e+6,2.534,0.019,1.724,0.000
33167,2,"  2.876","  0.305",12/24,/core/www/modules//sdig/index.php?run_id=110202&search_id=114132&scans_id=110198&peptide_id=25156&scanf=33167&charge=2&value=12/24,sp|Q9UJX3|APC7_HUMAN,/core/www/modules//consensus/?run_id=110202&search_id=114132&scans_id=110198&peptide_id=25156&scanf=33167&charge=2&value=sp|Q9UJX3|APC7_HUMAN,0,/core/www/modules/match_peptides/blast_html4.php?run_id=110202&search_id=114132&scans_id=110198&peptide_id=25156&scanf=33167&charge=2&value=0,K.FEQAQMLDPYLIK.G,/core/www/modules/show_out/show_out_wrapper.php?run_id=110202&search_id=114132&scans_id=110198&peptide_id=25156&scanf=33167&charge=2&value=K.FEQAQMLDPYLIK.G,ANAPC7,2.199e+6,2.374,0.032,1.492,0.001
33168,3,"  3.611","  0.590",18/44,/core/www/modules//sdig/index.php?run_id=110202&search_id=114132&scans_id=110198&peptide_id=25157&scanf=33168&charge=3&value=18/44,sp|Q5JTH9|RRP12_HUMAN,/core/www/modules//consensus/?run_id=110202&search_id=114132&scans_id=110198&peptide_id=25157&scanf=33168&charge=3&value=sp|Q5JTH9|RRP12_HUMAN,0,/core/www/modules/match_peptides/blast_html4.php?run_id=110202&search_id=114132&scans_id=110198&peptide_id=25157&scanf=33168&charge=3&value=0,R.LQWDLGLGHLPR.F,/core/www/modules/show_out/show_out_wrapper.php?run_id=110202&search_id=114132&scans_id=110198&peptide_id=25157&scanf=33168&charge=3&value=R.LQWDLGLGHLPR.F,RRP12,3.738e+7,3.825,0.000,3.629,0.000
33169,2,"  3.541","  0.254",11/24,/core/www/modules//sdig/index.php?run_id=110202&search_id=114132&scans_id=110198&peptide_id=25158&scanf=33169&charge=2&value=11/24,sp|Q9Y5X1|SNX9_HUMAN,/core/www/modules//consensus/?run_id=110202&search_id=114132&scans_id=110198&peptide_id=25158&scanf=33169&charge=2&value=sp|Q9Y5X1|SNX9_HUMAN,8,/core/www/modules/match_peptides/blast_html4.php?run_id=110202&search_id=114132&scans_id=110198&peptide_id=25158&scanf=33169&charge=2&value=8,K.FGSAIPIPSLPDK.Q,/core/www/modules/show_out/show_out_wrapper.php?run_id=110202&search_id=114132&scans_id=110198&peptide_id=25158&scanf=33169&charge=2&value=K.FGSAIPIPSLPDK.Q,SNX9,7.258e+6,2.151,0.067,1.177,0.002
33170,3,"  3.230","  0.448",13/68,/core/www/modules//sdig/index.php?run_id=110202&search_id=114132&scans_id=110198&peptide_id=25160&scanf=33170&charge=3&value=13/68,sp|Q9Y2X0|MED16_HUMAN,/core/www/modules//consensus/?run_id=110202&search_id=114132&scans_id=110198&peptide_id=25160&scanf=33170&charge=3&value=sp|Q9Y2X0|MED16_HUMAN,3,/core/www/modules/match_peptides/blast_html4.php?run_id=110202&search_id=114132&scans_id=110198&peptide_id=25160&scanf=33170&charge=3&value=3,R.APTLPGSAATLQLDGLAR.A,/core/www/modules/show_out/show_out_wrapper.php?run_id=110202&search_id=114132&scans_id=110198&peptide_id=25160&scanf=33170&charge=3&value=R.APTLPGSAATLQLDGLAR.A,MED16,2.716e+6,2.707,0.011,1.977,0.000
33172,3,"  3.246","  0.434",11/52,/core/www/modules//sdig/index.php?run_id=110202&search_id=114132&scans_id=110198&peptide_id=25162&scanf=33172&charge=3&value=11/52,sp|Q96NW4|ANR27_HUMAN,/core/www/modules//consensus/?run_id=110202&search_id=114132&scans_id=110198&peptide_id=25162&scanf=33172&charge=3&value=sp|Q96NW4|ANR27_HUMAN,1,/core/www/modules/match_peptides/blast_html4.php?run_id=110202&search_id=114132&scans_id=110198&peptide_id=25162&scanf=33172&charge=3&value=1,K.DIGVKPEFSFNIPR.A,/core/www/modules/show_out/show_out_wrapper.php?run_id=110202&search_id=114132&scans_id=110198&peptide_id=25162&scanf=33172&charge=3&value=K.DIGVKPEFSFNIPR.A,ANKRD27,2.462e+6,2.811,0.007,2.130,0.000
33173,2,"  2.438","  0.502",12/20,/core/www/modules//sdig/index.php?run_id=110202&search_id=114132&scans_id=110198&peptide_id=25163&scanf=33173&charge=2&value=12/20,sp|P54578|UBP14_HUMAN,/core/www/modules//consensus/?run_id=110202&search_id=114132&scans_id=110198&peptide_id=25163&scanf=33173&charge=2&value=sp|P54578|UBP14_HUMAN,1,/core/www/modules/match_peptides/blast_html4.php?run_id=110202&search_id=114132&scans_id=110198&peptide_id=25163&scanf=33173&charge=2&value=1,K.VSIVTPEDILR.L,/core/www/modules/show_out/show_out_wrapper.php?run_id=110202&search_id=114132&scans_id=110198&peptide_id=25163&scanf=33173&charge=2&value=K.VSIVTPEDILR.L,USP14,3.205e+6,3.267,0.002,2.803,0.000
33174,4,"  4.918","  0.646",16/96,/core/www/modules//sdig/index.php?run_id=110202&search_id=114132&scans_id=110198&peptide_id=25164&scanf=33174&charge=4&value=16/96,sp|Q6P2Q9|PRP8_HUMAN,/core/www/modules//consensus/?run_id=110202&search_id=114132&scans_id=110198&peptide_id=25164&scanf=33174&charge=4&value=sp|Q6P2Q9|PRP8_HUMAN,1,/core/www/modules/match_peptides/blast_html4.php?run_id=110202&search_id=114132&scans_id=110198&peptide_id=25164&scanf=33174&charge=4&value=1,K.NLNYLHLDYNFNLKPVK.T,/core/www/modules/show_out/show_out_wrapper.php?run_id=110202&search_id=114132&scans_id=110198&peptide_id=25164&scanf=33174&charge=4&value=K.NLNYLHLDYNFNLKPVK.T,PRPF8,3.854e+6,4.256,0.000,4.269,0.000
33177,3,"  3.260","  0.354",11/48,/core/www/modules//sdig/index.php?run_id=110202&search_id=114132&scans_id=110198&peptide_id=25167&scanf=33177&charge=3&value=11/48,sp|O94776|MTA2_HUMAN,/core/www/modules//consensus/?run_id=110202&search_id=114132&scans_id=110198&peptide_id=25167&scanf=33177&charge=3&value=sp|O94776|MTA2_HUMAN,0,/core/www/modules/match_peptides/blast_html4.php?run_id=110202&search_id=114132&scans_id=110198&peptide_id=25167&scanf=33177&charge=3&value=0,R.DITLFHAMDTLQR.N,/core/www/modules/show_out/show_out_wrapper.php?run_id=110202&search_id=114132&scans_id=110198&peptide_id=25167&scanf=33177&charge=3&value=R.DITLFHAMDTLQR.N,MTA2,1.902e+7,2.707,0.011,1.976,0.000
33178,2,"  3.909","  0.562",13/28,/core/www/modules//sdig/index.php?run_id=110202&search_id=114132&scans_id=110198&peptide_id=25168&scanf=33178&charge=2&value=13/28,sp|P35237|SPB6_HUMAN,/core/www/modules//consensus/?run_id=110202&search_id=114132&scans_id=110198&peptide_id=25168&scanf=33178&charge=2&value=sp|P35237|SPB6_HUMAN,4,/core/www/modules/match_peptides/blast_html4.php?run_id=110202&search_id=114132&scans_id=110198&peptide_id=25168&scanf=33178&charge=2&value=4,K.IAELLSPGSVDPLTR.L,/core/www/modules/show_out/show_out_wrapper.php?run_id=110202&search_id=114132&scans_id=110198&peptide_id=25168&scanf=33178&charge=2&value=K.IAELLSPGSVDPLTR.L,SERPINB6,5.388e+6,3.151,0.002,2.631,0.000
33182,2,"  2.426","  0.340",10/16,/core/www/modules//sdig/index.php?run_id=110202&search_id=114132&scans_id=110198&peptide_id=25172&scanf=33182&charge=2&value=10/16,sp|P68363|TBA1B_HUMAN,/core/www/modules//consensus/?run_id=110202&search_id=114132&scans_id=110198&peptide_id=25172&scanf=33182&charge=2&value=sp|P68363|TBA1B_HUMAN,7,/core/www/modules/match_peptides/blast_html4.php?run_id=110202&search_id=114132&scans_id=110198&peptide_id=25172&scanf=33182&charge=2&value=7,K.EIIDLVLDR.I,/core/www/modules/show_out/show_out_wrapper.php?run_id=110202&search_id=114132&scans_id=110198&peptide_id=25172&scanf=33182&charge=2&value=K.EIIDLVLDR.I,TUBA1B,1.041e+8,2.780,0.008,2.084,0.000
33184,2,"  1.932","  0.271",6/18,/core/www/modules//sdig/index.php?run_id=110202&search_id=114132&scans_id=110198&peptide_id=25174&scanf=33184&charge=2&value=6/18,sp|Q6P2Q9|PRP8_HUMAN,/core/www/modules//consensus/?run_id=110202&search_id=114132&scans_id=110198&peptide_id=25174&scanf=33184&charge=2&value=sp|Q6P2Q9|PRP8_HUMAN,1,/core/www/modules/match_peptides/blast_html4.php?run_id=110202&search_id=114132&scans_id=110198&peptide_id=25174&scanf=33184&charge=2&value=1,R.FPPVVFYTPK.E,/core/www/modules/show_out/show_out_wrapper.php?run_id=110202&search_id=114132&scans_id=110198&peptide_id=25174&scanf=33184&charge=2&value=R.FPPVVFYTPK.E,PRPF8,6.889e+6,2.409,0.029,1.542,0.001
33185,2,"  2.581","  0.385",10/16,/core/www/modules//sdig/index.php?run_id=110202&search_id=114132&scans_id=110198&peptide_id=25175&scanf=33185&charge=2&value=10/16,sp|Q13595|TRA2A_HUMAN,/core/www/modules//consensus/?run_id=110202&search_id=114132&scans_id=110198&peptide_id=25175&scanf=33185&charge=2&value=sp|Q13595|TRA2A_HUMAN,0,/core/www/modules/match_peptides/blast_html4.php?run_id=110202&search_id=114132&scans_id=110198&peptide_id=25175&scanf=33185&charge=2&value=0,R.GFAFVYFER.I,/core/www/modules/show_out/show_out_wrapper.php?run_id=110202&search_id=114132&scans_id=110198&peptide_id=25175&scanf=33185&charge=2&value=R.GFAFVYFER.I,TRA2A,5.448e+7,2.806,0.008,2.121,0.000
33187,2,"  4.520","  0.643",20/30,/core/www/modules//sdig/index.php?run_id=110202&search_id=114132&scans_id=110198&peptide_id=25177&scanf=33187&charge=2&value=20/30,sp|Q9Y6M1|IF2B2_HUMAN,/core/www/modules//consensus/?run_id=110202&search_id=114132&scans_id=110198&peptide_id=25177&scanf=33187&charge=2&value=sp|Q9Y6M1|IF2B2_HUMAN,1,/core/www/modules/match_peptides/blast_html4.php?run_id=110202&search_id=114132&scans_id=110198&peptide_id=25177&scanf=33187&charge=2&value=1,K.LYIGNLSPAVTADDLR.Q,/core/www/modules/show_out/show_out_wrapper.php?run_id=110202&search_id=114132&scans_id=110198&peptide_id=25177&scanf=33187&charge=2&value=K.LYIGNLSPAVTADDLR.Q,IGF2BP2,1.673e+7,3.772,0.000,3.551,0.000
33188,2,"  3.102","  0.459",11/18,/core/www/modules//sdig/index.php?run_id=110202&search_id=114132&scans_id=110198&peptide_id=25178&scanf=33188&charge=2&value=11/18,sp|Q9NXF1|TEX10_HUMAN,/core/www/modules//consensus/?run_id=110202&search_id=114132&scans_id=110198&peptide_id=25178&scanf=33188&charge=2&value=sp|Q9NXF1|TEX10_HUMAN,0,/core/www/modules/match_peptides/blast_html4.php?run_id=110202&search_id=114132&scans_id=110198&peptide_id=25178&scanf=33188&charge=2&value=0,K.EELTWLQSLR.G,/core/www/modules/show_out/show_out_wrapper.php?run_id=110202&search_id=114132&scans_id=110198&peptide_id=25178&scanf=33188&charge=2&value=K.EELTWLQSLR.G,TEX10,1.309e+7,3.256,0.002,2.787,0.000
33192,2,"  2.748","  0.471",10/18,/core/www/modules//sdig/index.php?run_id=110202&search_id=114132&scans_id=110198&peptide_id=25183&scanf=33192&charge=2&value=10/18,sp|O15020|SPTN2_HUMAN,/core/www/modules//consensus/?run_id=110202&search_id=114132&scans_id=110198&peptide_id=25183&scanf=33192&charge=2&value=sp|O15020|SPTN2_HUMAN,3,/core/www/modules/match_peptides/blast_html4.php?run_id=110202&search_id=114132&scans_id=110198&peptide_id=25183&scanf=33192&charge=2&value=3,K.DLTSVNILLK.K,/core/www/modules/show_out/show_out_wrapper.php?run_id=110202&search_id=114132&scans_id=110198&peptide_id=25183&scanf=33192&charge=2&value=K.DLTSVNILLK.K,SPTBN2,7.289e+6,3.070,0.003,2.511,0.000
33194,2,"  3.722","  0.684",15/24,/core/www/modules//sdig/index.php?run_id=110202&search_id=114132&scans_id=110198&peptide_id=25185&scanf=33194&charge=2&value=15/24,sp|P60842|IF4A1_HUMAN,/core/www/modules//consensus/?run_id=110202&search_id=114132&scans_id=110198&peptide_id=25185&scanf=33194&charge=2&value=sp|P60842|IF4A1_HUMAN,10,/core/www/modules/match_peptides/blast_html4.php?run_id=110202&search_id=114132&scans_id=110198&peptide_id=25185&scanf=33194&charge=2&value=10,K.M*FVLDEADEMLSR.G,/core/www/modules/show_out/show_out_wrapper.php?run_id=110202&search_id=114132&scans_id=110198&peptide_id=25185&scanf=33194&charge=2&value=K.M*FVLDEADEMLSR.G,EIF4A1,5.559e+6,3.917,0.000,3.767,0.000
33197,2,"  3.036","  0.509",14/22,/core/www/modules//sdig/index.php?run_id=110202&search_id=114132&scans_id=110198&peptide_id=25188&scanf=33197&charge=2&value=14/22,sp|O14776|TCRG1_HUMAN,/core/www/modules//consensus/?run_id=110202&search_id=114132&scans_id=110198&peptide_id=25188&scanf=33197&charge=2&value=sp|O14776|TCRG1_HUMAN,2,/core/www/modules/match_peptides/blast_html4.php?run_id=110202&search_id=114132&scans_id=110198&peptide_id=25188&scanf=33197&charge=2&value=2,R.EALFNEFVAAAR.K,/core/www/modules/show_out/show_out_wrapper.php?run_id=110202&search_id=114132&scans_id=110198&peptide_id=25188&scanf=33197&charge=2&value=R.EALFNEFVAAAR.K,TCERG1,3.406e+6,3.301,0.001,2.853,0.000
33199,2,"  2.022","  0.400",8/14,/core/www/modules//sdig/index.php?run_id=110202&search_id=114132&scans_id=110198&peptide_id=25190&scanf=33199&charge=2&value=8/14,sp|P62805|H4_HUMAN,/core/www/modules//consensus/?run_id=110202&search_id=114132&scans_id=110198&peptide_id=25190&scanf=33199&charge=2&value=sp|P62805|H4_HUMAN,0,/core/www/modules/match_peptides/blast_html4.php?run_id=110202&search_id=114132&scans_id=110198&peptide_id=25190&scanf=33199&charge=2&value=0,K.VFLENVIR.D,/core/www/modules/show_out/show_out_wrapper.php?run_id=110202&search_id=114132&scans_id=110198&peptide_id=25190&scanf=33199&charge=2&value=K.VFLENVIR.D,H4C16,1.606e+9,3.055,0.003,2.489,0.000
33202,2,"  2.646","  0.625",13/18,/core/www/modules//sdig/index.php?run_id=110202&search_id=114132&scans_id=110198&peptide_id=25193&scanf=33202&charge=2&value=13/18,sp|P51531|SMCA2_HUMAN,/core/www/modules//consensus/?run_id=110202&search_id=114132&scans_id=110198&peptide_id=25193&scanf=33202&charge=2&value=sp|P51531|SMCA2_HUMAN,23,/core/www/modules/match_peptides/blast_html4.php?run_id=110202&search_id=114132&scans_id=110198&peptide_id=25193&scanf=33202&charge=2&value=23,K.TLMNTIMQLR.K,/core/www/modules/show_out/show_out_wrapper.php?run_id=110202&search_id=114132&scans_id=110198&peptide_id=25193&scanf=33202&charge=2&value=K.TLMNTIMQLR.K,SMARCA2,2.144e+8,4.128,0.000,4.080,0.000
33203,3,"  5.498","  0.602",20/64,/core/www/modules//sdig/index.php?run_id=110202&search_id=114132&scans_id=110198&peptide_id=25194&scanf=33203&charge=3&value=20/64,sp|O43390|HNRPR_HUMAN,/core/www/modules//consensus/?run_id=110202&search_id=114132&scans_id=110198&peptide_id=25194&scanf=33203&charge=3&value=sp|O43390|HNRPR_HUMAN,4,/core/www/modules/match_peptides/blast_html4.php?run_id=110202&search_id=114132&scans_id=110198&peptide_id=25194&scanf=33203&charge=3&value=4,K.VTEGLVDVILYHQPDDK.K,/core/www/modules/show_out/show_out_wrapper.php?run_id=110202&search_id=114132&scans_id=110198&peptide_id=25194&scanf=33203&charge=3&value=K.VTEGLVDVILYHQPDDK.K,HNRNPR,9.741e+7,3.646,0.000,3.364,0.000
33204,2,"  1.935","  0.171",10/16,/core/www/modules//sdig/index.php?run_id=110202&search_id=114132&scans_id=110198&peptide_id=25195&scanf=33204&charge=2&value=10/16,sp|O60814|H2B1K_HUMAN,/core/www/modules//consensus/?run_id=110202&search_id=114132&scans_id=110198&peptide_id=25195&scanf=33204&charge=2&value=sp|O60814|H2B1K_HUMAN,16,/core/www/modules/match_peptides/blast_html4.php?run_id=110202&search_id=114132&scans_id=110198&peptide_id=25195&scanf=33204&charge=2&value=16,R.LLLPGELAK.H,/core/www/modules/show_out/show_out_wrapper.php?run_id=110202&search_id=114132&scans_id=110198&peptide_id=25195&scanf=33204&charge=2&value=R.LLLPGELAK.H,H2BC12,4.487e+9,2.437,0.026,1.583,0.001
33206,2,"  3.754","  0.488",12/22,/core/www/modules//sdig/index.php?run_id=110202&search_id=114132&scans_id=110198&peptide_id=25197&scanf=33206&charge=2&value=12/22,sp|P12270|TPR_HUMAN,/core/www/modules//consensus/?run_id=110202&search_id=114132&scans_id=110198&peptide_id=25197&scanf=33206&charge=2&value=sp|P12270|TPR_HUMAN,0,/core/www/modules/match_peptides/blast_html4.php?run_id=110202&search_id=114132&scans_id=110198&peptide_id=25197&scanf=33206&charge=2&value=0,K.LESALTELEQLR.K,/core/www/modules/show_out/show_out_wrapper.php?run_id=110202&search_id=114132&scans_id=110198&peptide_id=25197&scanf=33206&charge=2&value=K.LESALTELEQLR.K,TPR,4.075e+6,3.052,0.003,2.484,0.000
33208,3,"  5.543","  0.521",19/68,/core/www/modules//sdig/index.php?run_id=110202&search_id=114132&scans_id=110198&peptide_id=25199&scanf=33208&charge=3&value=19/68,sp|P55884|EIF3B_HUMAN,/core/www/modules//consensus/?run_id=110202&search_id=114132&scans_id=110198&peptide_id=25199&scanf=33208&charge=3&value=sp|P55884|EIF3B_HUMAN,1,/core/www/modules/match_peptides/blast_html4.php?run_id=110202&search_id=114132&scans_id=110198&peptide_id=25199&scanf=33208&charge=3&value=1,K.GYIFLEYASPAHAVDAVK.N,/core/www/modules/show_out/show_out_wrapper.php?run_id=110202&search_id=114132&scans_id=110198&peptide_id=25199&scanf=33208&charge=3&value=K.GYIFLEYASPAHAVDAVK.N,EIF3B,5.475e+6,3.182,0.002,2.677,0.000
33209,2,"  1.789","  0.447",8/16,/core/www/modules//sdig/index.php?run_id=110202&search_id=114132&scans_id=110198&peptide_id=25200&scanf=33209&charge=2&value=8/16,sp|P27694|RFA1_HUMAN,/core/www/modules//consensus/?run_id=110202&search_id=114132&scans_id=110198&peptide_id=25200&scanf=33209&charge=2&value=sp|P27694|RFA1_HUMAN,1,/core/www/modules/match_peptides/blast_html4.php?run_id=110202&search_id=114132&scans_id=110198&peptide_id=25200&scanf=33209&charge=2&value=1,K.FFPLIEVNK.V,/core/www/modules/show_out/show_out_wrapper.php?run_id=110202&search_id=114132&scans_id=110198&peptide_id=25200&scanf=33209&charge=2&value=K.FFPLIEVNK.V,RPA1,7.026e+6,2.943,0.005,2.323,0.000
33210,2,"  1.485","  0.206",7/16,/core/www/modules//sdig/index.php?run_id=110202&search_id=114132&scans_id=110198&peptide_id=25202&scanf=33210&charge=2&value=7/16,sp|P20585|MSH3_HUMAN,/core/www/modules//consensus/?run_id=110202&search_id=114132&scans_id=110198&peptide_id=25202&scanf=33210&charge=2&value=sp|P20585|MSH3_HUMAN,3,/core/www/modules/match_peptides/blast_html4.php?run_id=110202&search_id=114132&scans_id=110198&peptide_id=25202&scanf=33210&charge=2&value=3,K.DLSDFPLIK.K,/core/www/modules/show_out/show_out_wrapper.php?run_id=110202&search_id=114132&scans_id=110198&peptide_id=25202&scanf=33210&charge=2&value=K.DLSDFPLIK.K,MSH3,2.975e+6,2.004,0.105,0.977,0.005
33211,2,"  3.754","  0.669",15/26,/core/www/modules//sdig/index.php?run_id=110202&search_id=114132&scans_id=110198&peptide_id=25203&scanf=33211&charge=2&value=15/26,sp|Q69YN4|VIR_HUMAN,/core/www/modules//consensus/?run_id=110202&search_id=114132&scans_id=110198&peptide_id=25203&scanf=33211&charge=2&value=sp|Q69YN4|VIR_HUMAN,0,/core/www/modules/match_peptides/blast_html4.php?run_id=110202&search_id=114132&scans_id=110198&peptide_id=25203&scanf=33211&charge=2&value=0,R.TAYVLADVMDDQLK.S,/core/www/modules/show_out/show_out_wrapper.php?run_id=110202&search_id=114132&scans_id=110198&peptide_id=25203&scanf=33211&charge=2&value=R.TAYVLADVMDDQLK.S,VIRMA,4.253e+6,3.713,0.000,3.464,0.000
33214,2,"  2.152","  0.452",10/18,/core/www/modules//sdig/index.php?run_id=110202&search_id=114132&scans_id=110198&peptide_id=25206&scanf=33214&charge=2&value=10/18,sp|P07814|SYEP_HUMAN,/core/www/modules//consensus/?run_id=110202&search_id=114132&scans_id=110198&peptide_id=25206&scanf=33214&charge=2&value=sp|P07814|SYEP_HUMAN,0,/core/www/modules/match_peptides/blast_html4.php?run_id=110202&search_id=114132&scans_id=110198&peptide_id=25206&scanf=33214&charge=2&value=0,K.MFEIVFEDPK.I,/core/www/modules/show_out/show_out_wrapper.php?run_id=110202&search_id=114132&scans_id=110198&peptide_id=25206&scanf=33214&charge=2&value=K.MFEIVFEDPK.I,EPRS1,4.485e+6,3.108,0.003,2.567,0.000
33217,3,"  2.349","  0.198",9/60,/core/www/modules//sdig/index.php?run_id=110202&search_id=114132&scans_id=110198&peptide_id=25209&scanf=33217&charge=3&value=9/60,sp|O43852|CALU_HUMAN,/core/www/modules//consensus/?run_id=110202&search_id=114132&scans_id=110198&peptide_id=25209&scanf=33217&charge=3&value=sp|O43852|CALU_HUMAN,1,/core/www/modules/match_peptides/blast_html4.php?run_id=110202&search_id=114132&scans_id=110198&peptide_id=25209&scanf=33217&charge=3&value=1,K.EEFTAFLHPEEYDYMK.D,/core/www/modules/show_out/show_out_wrapper.php?run_id=110202&search_id=114132&scans_id=110198&peptide_id=25209&scanf=33217&charge=3&value=K.EEFTAFLHPEEYDYMK.D,CALU,2.536e+6,1.852,0.165,0.783,0.009
33219,3,"  3.585","  0.339",11/68,/core/www/modules//sdig/index.php?run_id=110202&search_id=114132&scans_id=110198&peptide_id=25211&scanf=33219&charge=3&value=11/68,sp|Q8WVM7|STAG1_HUMAN,/core/www/modules//consensus/?run_id=110202&search_id=114132&scans_id=110198&peptide_id=25211&scanf=33219&charge=3&value=sp|Q8WVM7|STAG1_HUMAN,2,/core/www/modules/match_peptides/blast_html4.php?run_id=110202&search_id=114132&scans_id=110198&peptide_id=25211&scanf=33219&charge=3&value=2,R.IVSMTLDKEYDVAVEAIR.L,/core/www/modules/show_out/show_out_wrapper.php?run_id=110202&search_id=114132&scans_id=110198&peptide_id=25211&scanf=33219&charge=3&value=R.IVSMTLDKEYDVAVEAIR.L,STAG1,3.614e+6,2.057,0.090,1.048,0.004
33226,3,"  3.533","  0.586",15/56,/core/www/modules//sdig/index.php?run_id=110202&search_id=114132&scans_id=110198&peptide_id=25218&scanf=33226&charge=3&value=15/56,sp|Q5SSJ5|HP1B3_HUMAN,/core/www/modules//consensus/?run_id=110202&search_id=114132&scans_id=110198&peptide_id=25218&scanf=33226&charge=3&value=sp|Q5SSJ5|HP1B3_HUMAN,2,/core/www/modules/match_peptides/blast_html4.php?run_id=110202&search_id=114132&scans_id=110198&peptide_id=25218&scanf=33226&charge=3&value=2,K.TIPSWATLSASQLAR.A,/core/www/modules/show_out/show_out_wrapper.php?run_id=110202&search_id=114132&scans_id=110198&peptide_id=25218&scanf=33226&charge=3&value=K.TIPSWATLSASQLAR.A,HP1BP3,9.462e+6,3.441,0.001,3.061,0.000
33233,2,"  3.306","  0.548",11/20,/core/www/modules//sdig/index.php?run_id=110202&search_id=114132&scans_id=110198&peptide_id=25226&scanf=33233&charge=2&value=11/20,sp|Q14204|DYHC1_HUMAN,/core/www/modules//consensus/?run_id=110202&search_id=114132&scans_id=110198&peptide_id=25226&scanf=33233&charge=2&value=sp|Q14204|DYHC1_HUMAN,27,/core/www/modules/match_peptides/blast_html4.php?run_id=110202&search_id=114132&scans_id=110198&peptide_id=25226&scanf=33233&charge=2&value=27,R.QNLDALLNQLK.S,/core/www/modules/show_out/show_out_wrapper.php?run_id=110202&search_id=114132&scans_id=110198&peptide_id=25226&scanf=33233&charge=2&value=R.QNLDALLNQLK.S,DYNC1H1,2.952e+6,3.673,0.000,3.405,0.000
33235,2,"  1.744","  0.217",7/18,/core/www/modules//sdig/index.php?run_id=110202&search_id=114132&scans_id=110198&peptide_id=25228&scanf=33235&charge=2&value=7/18,sp|O43681|GET3_HUMAN,/core/www/modules//consensus/?run_id=110202&search_id=114132&scans_id=110198&peptide_id=25228&scanf=33235&charge=2&value=sp|O43681|GET3_HUMAN,0,/core/www/modules/match_peptides/blast_html4.php?run_id=110202&search_id=114132&scans_id=110198&peptide_id=25228&scanf=33235&charge=2&value=0,R.LLNFPTIVER.G,/core/www/modules/show_out/show_out_wrapper.php?run_id=110202&search_id=114132&scans_id=110198&peptide_id=25228&scanf=33235&charge=2&value=R.LLNFPTIVER.G,GET3,2.272e+7,1.954,0.122,0.912,0.006
33239,2,"  2.399","  0.475",11/26,/core/www/modules//sdig/index.php?run_id=110202&search_id=114132&scans_id=110198&peptide_id=25232&scanf=33239&charge=2&value=11/26,sp|Q96T60|PNKP_HUMAN,/core/www/modules//consensus/?run_id=110202&search_id=114132&scans_id=110198&peptide_id=25232&scanf=33239&charge=2&value=sp|Q96T60|PNKP_HUMAN,4,/core/www/modules/match_peptides/blast_html4.php?run_id=110202&search_id=114132&scans_id=110198&peptide_id=25232&scanf=33239&charge=2&value=4,K.VAGFDLDGTLITTR.S,/core/www/modules/show_out/show_out_wrapper.php?run_id=110202&search_id=114132&scans_id=110198&peptide_id=25232&scanf=33239&charge=2&value=K.VAGFDLDGTLITTR.S,PNKP,2.805e+6,2.679,0.012,1.935,0.000
33243,3,"  2.747","  0.309",13/56,/core/www/modules//sdig/index.php?run_id=110202&search_id=114132&scans_id=110198&peptide_id=25236&scanf=33243&charge=3&value=13/56,sp|Q9BX68|HINT2_HUMAN,/core/www/modules//consensus/?run_id=110202&search_id=114132&scans_id=110198&peptide_id=25236&scanf=33243&charge=3&value=sp|Q9BX68|HINT2_HUMAN,0,/core/www/modules/match_peptides/blast_html4.php?run_id=110202&search_id=114132&scans_id=110198&peptide_id=25236&scanf=33243&charge=3&value=0,R.DVAPQAPVHFLVIPK.K,/core/www/modules/show_out/show_out_wrapper.php?run_id=110202&search_id=114132&scans_id=110198&peptide_id=25236&scanf=33243&charge=3&value=R.DVAPQAPVHFLVIPK.K,HINT2,2.059e+7,2.324,0.038,1.420,0.001
33245,2,"  2.478","  0.558",10/16,/core/www/modules//sdig/index.php?run_id=110202&search_id=114132&scans_id=110198&peptide_id=25238&scanf=33245&charge=2&value=10/16,sp|Q15102|PA1B3_HUMAN,/core/www/modules//consensus/?run_id=110202&search_id=114132&scans_id=110198&peptide_id=25238&scanf=33245&charge=2&value=sp|Q15102|PA1B3_HUMAN,1,/core/www/modules/match_peptides/blast_html4.php?run_id=110202&search_id=114132&scans_id=110198&peptide_id=25238&scanf=33245&charge=2&value=1,R.VVVLGLLPR.G,/core/www/modules/show_out/show_out_wrapper.php?run_id=110202&search_id=114132&scans_id=110198&peptide_id=25238&scanf=33245&charge=2&value=R.VVVLGLLPR.G,PAFAH1B3,7.334e+6,3.500,0.001,3.148,0.000
33246,3,"  5.562","  0.710",18/64,/core/www/modules//sdig/index.php?run_id=110202&search_id=114132&scans_id=110198&peptide_id=25239&scanf=33246&charge=3&value=18/64,sp|Q9NZI8|IF2B1_HUMAN,/core/www/modules//consensus/?run_id=110202&search_id=114132&scans_id=110198&peptide_id=25239&scanf=33246&charge=3&value=sp|Q9NZI8|IF2B1_HUMAN,0,/core/www/modules/match_peptides/blast_html4.php?run_id=110202&search_id=114132&scans_id=110198&peptide_id=25239&scanf=33246&charge=3&value=0,K.TVNELQNLTAAEVVVPR.D,/core/www/modules/show_out/show_out_wrapper.php?run_id=110202&search_id=114132&scans_id=110198&peptide_id=25239&scanf=33246&charge=3&value=K.TVNELQNLTAAEVVVPR.D,IGF2BP1,2.783e+7,3.911,0.000,3.757,0.000
33247,3,"  4.822","  0.130",16/88,/core/www/modules//sdig/index.php?run_id=110202&search_id=114132&scans_id=110198&peptide_id=25240&scanf=33247&charge=3&value=16/88,sp|O75533|SF3B1_HUMAN,/core/www/modules//consensus/?run_id=110202&search_id=114132&scans_id=110198&peptide_id=25240&scanf=33247&charge=3&value=sp|O75533|SF3B1_HUMAN,0,/core/www/modules/match_peptides/blast_html4.php?run_id=110202&search_id=114132&scans_id=110198&peptide_id=25240&scanf=33247&charge=3&value=0,K.AAGLATM*ISTMRPDIDNMDEYVR.N,/core/www/modules/show_out/show_out_wrapper.php?run_id=110202&search_id=114132&scans_id=110198&peptide_id=25240&scanf=33247&charge=3&value=K.AAGLATM*ISTMRPDIDNMDEYVR.N,SF3B1,1.948e+6,3.157,0.002,2.640,0.000
33248,2,"  4.140","  0.646",15/30,/core/www/modules//sdig/index.php?run_id=110202&search_id=114132&scans_id=110198&peptide_id=25241&scanf=33248&charge=2&value=15/30,sp|P10301|RRAS_HUMAN,/core/www/modules//consensus/?run_id=110202&search_id=114132&scans_id=110198&peptide_id=25241&scanf=33248&charge=2&value=sp|P10301|RRAS_HUMAN,2,/core/www/modules/match_peptides/blast_html4.php?run_id=110202&search_id=114132&scans_id=110198&peptide_id=25241&scanf=33248&charge=2&value=2,R.LDILDTAGQEEFGAMR.E,/core/www/modules/show_out/show_out_wrapper.php?run_id=110202&search_id=114132&scans_id=110198&peptide_id=25241&scanf=33248&charge=2&value=R.LDILDTAGQEEFGAMR.E,RRAS,8.568e+6,3.470,0.001,3.104,0.000
33249,3,"  2.965","  0.468",15/52,/core/www/modules//sdig/index.php?run_id=110202&search_id=114132&scans_id=110198&peptide_id=25242&scanf=33249&charge=3&value=15/52,sp|Q8WVM0|TFB1M_HUMAN,/core/www/modules//consensus/?run_id=110202&search_id=114132&scans_id=110198&peptide_id=25242&scanf=33249&charge=3&value=sp|Q8WVM0|TFB1M_HUMAN,0,/core/www/modules/match_peptides/blast_html4.php?run_id=110202&search_id=114132&scans_id=110198&peptide_id=25242&scanf=33249&charge=3&value=0,R.LLELADIDPTLRPR.Q,/core/www/modules/show_out/show_out_wrapper.php?run_id=110202&search_id=114132&scans_id=110198&peptide_id=25242&scanf=33249&charge=3&value=R.LLELADIDPTLRPR.Q,TFB1M,6.132e+6,3.011,0.004,2.425,0.000
33251,3,"  4.389","  0.481",12/72,/core/www/modules//sdig/index.php?run_id=110202&search_id=114132&scans_id=110198&peptide_id=25245&scanf=33251&charge=3&value=12/72,sp|Q9H9Y2|RPF1_HUMAN,/core/www/modules//consensus/?run_id=110202&search_id=114132&scans_id=110198&peptide_id=25245&scanf=33251&charge=3&value=sp|Q9H9Y2|RPF1_HUMAN,0,/core/www/modules/match_peptides/blast_html4.php?run_id=110202&search_id=114132&scans_id=110198&peptide_id=25245&scanf=33251&charge=3&value=0,R.GKDPTEHIPEIILNNFTTR.L,/core/www/modules/show_out/show_out_wrapper.php?run_id=110202&search_id=114132&scans_id=110198&peptide_id=25245&scanf=33251&charge=3&value=R.GKDPTEHIPEIILNNFTTR.L,RPF1,2.958e+6,2.465,0.024,1.623,0.001
33253,4,"  4.166","  0.363",14/90,/core/www/modules//sdig/index.php?run_id=110202&search_id=114132&scans_id=110198&peptide_id=25247&scanf=33253&charge=4&value=14/90,sp|O43293|DAPK3_HUMAN,/core/www/modules//consensus/?run_id=110202&search_id=114132&scans_id=110198&peptide_id=25247&scanf=33253&charge=4&value=sp|O43293|DAPK3_HUMAN,2,/core/www/modules/match_peptides/blast_html4.php?run_id=110202&search_id=114132&scans_id=110198&peptide_id=25247&scanf=33253&charge=4&value=2,R.IAHFDLKPENIMLLDK.N,/core/www/modules/show_out/show_out_wrapper.php?run_id=110202&search_id=114132&scans_id=110198&peptide_id=25247&scanf=33253&charge=4&value=R.IAHFDLKPENIMLLDK.N,DAPK3,4.796e+6,2.945,0.005,2.327,0.000
33255,4,"  3.614","  0.497",18/78,/core/www/modules//sdig/index.php?run_id=110202&search_id=114132&scans_id=110198&peptide_id=25249&scanf=33255&charge=4&value=18/78,sp|O75643|U520_HUMAN,/core/www/modules//consensus/?run_id=110202&search_id=114132&scans_id=110198&peptide_id=25249&scanf=33255&charge=4&value=sp|O75643|U520_HUMAN,1,/core/www/modules/match_peptides/blast_html4.php?run_id=110202&search_id=114132&scans_id=110198&peptide_id=25249&scanf=33255&charge=4&value=1,R.RLDLVHTAALMLDK.N,/core/www/modules/show_out/show_out_wrapper.php?run_id=110202&search_id=114132&scans_id=110198&peptide_id=25249&scanf=33255&charge=4&value=R.RLDLVHTAALMLDK.N,SNRNP200,3.784e+6,3.532,0.001,3.195,0.000
33257,2,"  5.304","  0.690",20/40,/core/www/modules//sdig/index.php?run_id=110202&search_id=114132&scans_id=110198&peptide_id=25251&scanf=33257&charge=2&value=20/40,sp|P78527|PRKDC_HUMAN,/core/www/modules//consensus/?run_id=110202&search_id=114132&scans_id=110198&peptide_id=25251&scanf=33257&charge=2&value=sp|P78527|PRKDC_HUMAN,1,/core/www/modules/match_peptides/blast_html4.php?run_id=110202&search_id=114132&scans_id=110198&peptide_id=25251&scanf=33257&charge=2&value=1,R.STVLTPMFVETQASQGTLQTR.T,/core/www/modules/show_out/show_out_wrapper.php?run_id=110202&search_id=114132&scans_id=110198&peptide_id=25251&scanf=33257&charge=2&value=R.STVLTPMFVETQASQGTLQTR.T,PRKDC,2.341e+6,4.269,0.000,4.289,0.000
33259,2,"  3.690","  0.587",11/20,/core/www/modules//sdig/index.php?run_id=110202&search_id=114132&scans_id=110198&peptide_id=25253&scanf=33259&charge=2&value=11/20,sp|Q14204|DYHC1_HUMAN,/core/www/modules//consensus/?run_id=110202&search_id=114132&scans_id=110198&peptide_id=25253&scanf=33259&charge=2&value=sp|Q14204|DYHC1_HUMAN,27,/core/www/modules/match_peptides/blast_html4.php?run_id=110202&search_id=114132&scans_id=110198&peptide_id=25253&scanf=33259&charge=2&value=27,R.QNLDALLNQLK.S,/core/www/modules/show_out/show_out_wrapper.php?run_id=110202&search_id=114132&scans_id=110198&peptide_id=25253&scanf=33259&charge=2&value=R.QNLDALLNQLK.S,DYNC1H1,2.952e+6,3.787,0.000,3.574,0.000
33264,4,"  6.232","  0.615",23/144,/core/www/modules//sdig/index.php?run_id=110202&search_id=114132&scans_id=110198&peptide_id=25258&scanf=33264&charge=4&value=23/144,sp|Q9H488|OFUT1_HUMAN,/core/www/modules//consensus/?run_id=110202&search_id=114132&scans_id=110198&peptide_id=25258&scanf=33264&charge=4&value=sp|Q9H488|OFUT1_HUMAN,0,/core/www/modules/match_peptides/blast_html4.php?run_id=110202&search_id=114132&scans_id=110198&peptide_id=25258&scanf=33264&charge=4&value=0,K.EHPVLALPGAPAQFPVLEEHRPLQK.Y,/core/www/modules/show_out/show_out_wrapper.php?run_id=110202&search_id=114132&scans_id=110198&peptide_id=25258&scanf=33264&charge=4&value=K.EHPVLALPGAPAQFPVLEEHRPLQK.Y,POFUT1,3.041e+6,3.608,0.000,3.308,0.000
33266,3,"  4.707","  0.632",18/72,/core/www/modules//sdig/index.php?run_id=110202&search_id=114132&scans_id=110198&peptide_id=25260&scanf=33266&charge=3&value=18/72,sp|O95573|ACSL3_HUMAN,/core/www/modules//consensus/?run_id=110202&search_id=114132&scans_id=110198&peptide_id=25260&scanf=33266&charge=3&value=sp|O95573|ACSL3_HUMAN,6,/core/www/modules/match_peptides/blast_html4.php?run_id=110202&search_id=114132&scans_id=110198&peptide_id=25260&scanf=33266&charge=3&value=6,K.GVMISHSNIIAGITGMAER.I,/core/www/modules/show_out/show_out_wrapper.php?run_id=110202&search_id=114132&scans_id=110198&peptide_id=25260&scanf=33266&charge=3&value=K.GVMISHSNIIAGITGMAER.I,ACSL3,2.666e+6,3.433,0.001,3.049,0.000
33267,3,"  2.628","  0.386",15/96,/core/www/modules//sdig/index.php?run_id=110202&search_id=114132&scans_id=110198&peptide_id=25261&scanf=33267&charge=3&value=15/96,sp|Q96I24|FUBP3_HUMAN,/core/www/modules//consensus/?run_id=110202&search_id=114132&scans_id=110198&peptide_id=25261&scanf=33267&charge=3&value=sp|Q96I24|FUBP3_HUMAN,1,/core/www/modules/match_peptides/blast_html4.php?run_id=110202&search_id=114132&scans_id=110198&peptide_id=25261&scanf=33267&charge=3&value=1,K.IDSIPHLNNSTPLVDPSVYGYGVQK.R,/core/www/modules/show_out/show_out_wrapper.php?run_id=110202&search_id=114132&scans_id=110198&peptide_id=25261&scanf=33267&charge=3&value=K.IDSIPHLNNSTPLVDPSVYGYGVQK.R,FUBP3,2.907e+6,2.172,0.062,1.206,0.002
33269,3,"  2.502","  0.245",11/64,/core/www/modules//sdig/index.php?run_id=110202&search_id=114132&scans_id=110198&peptide_id=25263&scanf=33269&charge=3&value=11/64,sp|Q9P2E9|RRBP1_HUMAN,/core/www/modules//consensus/?run_id=110202&search_id=114132&scans_id=110198&peptide_id=25263&scanf=33269&charge=3&value=sp|Q9P2E9|RRBP1_HUMAN,2,/core/www/modules/match_peptides/blast_html4.php?run_id=110202&search_id=114132&scans_id=110198&peptide_id=25263&scanf=33269&charge=3&value=2,K.TQLEWTEAILEDEQTQR.Q,/core/www/modules/show_out/show_out_wrapper.php?run_id=110202&search_id=114132&scans_id=110198&peptide_id=25263&scanf=33269&charge=3&value=K.TQLEWTEAILEDEQTQR.Q,RRBP1,3.699e+6,2.045,0.093,1.032,0.004
33270,3,"  3.129","  0.503",11/60,/core/www/modules//sdig/index.php?run_id=110202&search_id=114132&scans_id=110198&peptide_id=25265&scanf=33270&charge=3&value=11/60,sp|Q8NAF0|ZN579_HUMAN,/core/www/modules//consensus/?run_id=110202&search_id=114132&scans_id=110198&peptide_id=25265&scanf=33270&charge=3&value=sp|Q8NAF0|ZN579_HUMAN,0,/core/www/modules/match_peptides/blast_html4.php?run_id=110202&search_id=114132&scans_id=110198&peptide_id=25265&scanf=33270&charge=3&value=0,R.VHGPLSLLAPLPAAGK.K,/core/www/modules/show_out/show_out_wrapper.php?run_id=110202&search_id=114132&scans_id=110198&peptide_id=25265&scanf=33270&charge=3&value=R.VHGPLSLLAPLPAAGK.K,ZNF579,4.865e+6,2.898,0.006,2.257,0.000
33272,3,"  4.006","  0.528",14/56,/core/www/modules//sdig/index.php?run_id=110202&search_id=114132&scans_id=110198&peptide_id=25267&scanf=33272&charge=3&value=14/56,sp|P52701|MSH6_HUMAN,/core/www/modules//consensus/?run_id=110202&search_id=114132&scans_id=110198&peptide_id=25267&scanf=33272&charge=3&value=sp|P52701|MSH6_HUMAN,3,/core/www/modules/match_peptides/blast_html4.php?run_id=110202&search_id=114132&scans_id=110198&peptide_id=25267&scanf=33272&charge=3&value=3,R.TLVAHYPPVQVLFEK.G,/core/www/modules/show_out/show_out_wrapper.php?run_id=110202&search_id=114132&scans_id=110198&peptide_id=25267&scanf=33272&charge=3&value=R.TLVAHYPPVQVLFEK.G,MSH6,7.504e+6,3.252,0.002,2.781,0.000
33280,2,"  2.362","  0.364",9/22,/core/www/modules//sdig/index.php?run_id=110202&search_id=114132&scans_id=110198&peptide_id=25276&scanf=33280&charge=2&value=9/22,sp|Q9NYK5|RM39_HUMAN,/core/www/modules//consensus/?run_id=110202&search_id=114132&scans_id=110198&peptide_id=25276&scanf=33280&charge=2&value=sp|Q9NYK5|RM39_HUMAN,1,/core/www/modules/match_peptides/blast_html4.php?run_id=110202&search_id=114132&scans_id=110198&peptide_id=25276&scanf=33280&charge=2&value=1,K.DLPFETLEVEAK.V,/core/www/modules/show_out/show_out_wrapper.php?run_id=110202&search_id=114132&scans_id=110198&peptide_id=25276&scanf=33280&charge=2&value=K.DLPFETLEVEAK.V,MRPL39,1.822e+6,2.425,0.027,1.566,0.001
33286,3,"  5.379","  0.552",19/72,/core/www/modules//sdig/index.php?run_id=110202&search_id=114132&scans_id=110198&peptide_id=25281&scanf=33286&charge=3&value=19/72,sp|Q9H9Y2|RPF1_HUMAN,/core/www/modules//consensus/?run_id=110202&search_id=114132&scans_id=110198&peptide_id=25281&scanf=33286&charge=3&value=sp|Q9H9Y2|RPF1_HUMAN,0,/core/www/modules/match_peptides/blast_html4.php?run_id=110202&search_id=114132&scans_id=110198&peptide_id=25281&scanf=33286&charge=3&value=0,R.GKDPTEHIPEIILNNFTTR.L,/core/www/modules/show_out/show_out_wrapper.php?run_id=110202&search_id=114132&scans_id=110198&peptide_id=25281&scanf=33286&charge=3&value=R.GKDPTEHIPEIILNNFTTR.L,RPF1,2.958e+6,2.922,0.005,2.293,0.000
33288,3,"  4.261","  0.533",17/52,/core/www/modules//sdig/index.php?run_id=110202&search_id=114132&scans_id=110198&peptide_id=25283&scanf=33288&charge=3&value=17/52,sp|P11388|TOP2A_HUMAN,/core/www/modules//consensus/?run_id=110202&search_id=114132&scans_id=110198&peptide_id=25283&scanf=33288&charge=3&value=sp|P11388|TOP2A_HUMAN,0,/core/www/modules/match_peptides/blast_html4.php?run_id=110202&search_id=114132&scans_id=110198&peptide_id=25283&scanf=33288&charge=3&value=0,R.KEWLLGMLGAESAK.L,/core/www/modules/show_out/show_out_wrapper.php?run_id=110202&search_id=114132&scans_id=110198&peptide_id=25283&scanf=33288&charge=3&value=R.KEWLLGMLGAESAK.L,TOP2A,6.160e+6,3.262,0.002,2.795,0.000
33294,2,"  4.086","  0.542",12/26,/core/www/modules//sdig/index.php?run_id=110202&search_id=114132&scans_id=110198&peptide_id=25290&scanf=33294&charge=2&value=12/26,sp|Q96GQ7|DDX27_HUMAN,/core/www/modules//consensus/?run_id=110202&search_id=114132&scans_id=110198&peptide_id=25290&scanf=33294&charge=2&value=sp|Q96GQ7|DDX27_HUMAN,1,/core/www/modules/match_peptides/blast_html4.php?run_id=110202&search_id=114132&scans_id=110198&peptide_id=25290&scanf=33294&charge=2&value=1,R.IFVNSNTDVAPFLR.Q,/core/www/modules/show_out/show_out_wrapper.php?run_id=110202&search_id=114132&scans_id=110198&peptide_id=25290&scanf=33294&charge=2&value=R.IFVNSNTDVAPFLR.Q,DDX27,1.157e+7,3.208,0.002,2.716,0.000
33296,3,"  5.463","  0.614",20/76,/core/www/modules//sdig/index.php?run_id=110202&search_id=114132&scans_id=110198&peptide_id=25292&scanf=33296&charge=3&value=20/76,sp|P53621|COPA_HUMAN,/core/www/modules//consensus/?run_id=110202&search_id=114132&scans_id=110198&peptide_id=25292&scanf=33296&charge=3&value=sp|P53621|COPA_HUMAN,5,/core/www/modules/match_peptides/blast_html4.php?run_id=110202&search_id=114132&scans_id=110198&peptide_id=25292&scanf=33296&charge=3&value=5,K.SLAYLTAATHGLDEEAESLK.E,/core/www/modules/show_out/show_out_wrapper.php?run_id=110202&search_id=114132&scans_id=110198&peptide_id=25292&scanf=33296&charge=3&value=K.SLAYLTAATHGLDEEAESLK.E,COPA,3.983e+6,3.503,0.001,3.153,0.000
33299,2,"  2.993","  0.493",10/22,/core/www/modules//sdig/index.php?run_id=110202&search_id=114132&scans_id=110198&peptide_id=25295&scanf=33299&charge=2&value=10/22,sp|Q8N1G2|CMTR1_HUMAN,/core/www/modules//consensus/?run_id=110202&search_id=114132&scans_id=110198&peptide_id=25295&scanf=33299&charge=2&value=sp|Q8N1G2|CMTR1_HUMAN,0,/core/www/modules/match_peptides/blast_html4.php?run_id=110202&search_id=114132&scans_id=110198&peptide_id=25295&scanf=33299&charge=2&value=0,K.SVFDVLDGEEMR.R,/core/www/modules/show_out/show_out_wrapper.php?run_id=110202&search_id=114132&scans_id=110198&peptide_id=25295&scanf=33299&charge=2&value=K.SVFDVLDGEEMR.R,CMTR1,2.295e+6,2.952,0.005,2.337,0.000
33311,2,"  5.551","  0.686",22/34,/core/www/modules//sdig/index.php?run_id=110202&search_id=114132&scans_id=110198&peptide_id=25308&scanf=33311&charge=2&value=22/34,sp|Q01081|U2AF1_HUMAN,/core/www/modules//consensus/?run_id=110202&search_id=114132&scans_id=110198&peptide_id=25308&scanf=33311&charge=2&value=sp|Q01081|U2AF1_HUMAN,0,/core/www/modules/match_peptides/blast_html4.php?run_id=110202&search_id=114132&scans_id=110198&peptide_id=25308&scanf=33311&charge=2&value=0,R.WFNGQPIHAELSPVTDFR.E,/core/www/modules/show_out/show_out_wrapper.php?run_id=110202&search_id=114132&scans_id=110198&peptide_id=25308&scanf=33311&charge=2&value=R.WFNGQPIHAELSPVTDFR.E,U2AF1,4.733e+6,3.777,0.000,3.559,0.000
33312,2,"  3.957","  0.602",18/32,/core/www/modules//sdig/index.php?run_id=110202&search_id=114132&scans_id=110198&peptide_id=25309&scanf=33312&charge=2&value=18/32,sp|P56182|RRP1_HUMAN,/core/www/modules//consensus/?run_id=110202&search_id=114132&scans_id=110198&peptide_id=25309&scanf=33312&charge=2&value=sp|P56182|RRP1_HUMAN,0,/core/www/modules/match_peptides/blast_html4.php?run_id=110202&search_id=114132&scans_id=110198&peptide_id=25309&scanf=33312&charge=2&value=0,K.LQDLAGGIFPEDEIPEK.A,/core/www/modules/show_out/show_out_wrapper.php?run_id=110202&search_id=114132&scans_id=110198&peptide_id=25309&scanf=33312&charge=2&value=K.LQDLAGGIFPEDEIPEK.A,RRP1,3.088e+6,3.394,0.001,2.990,0.000
33316,3,"  2.205","  0.233",9/64,/core/www/modules//sdig/index.php?run_id=110202&search_id=114132&scans_id=110198&peptide_id=25313&scanf=33316&charge=3&value=9/64,sp|Q9P2E9|RRBP1_HUMAN,/core/www/modules//consensus/?run_id=110202&search_id=114132&scans_id=110198&peptide_id=25313&scanf=33316&charge=3&value=sp|Q9P2E9|RRBP1_HUMAN,2,/core/www/modules/match_peptides/blast_html4.php?run_id=110202&search_id=114132&scans_id=110198&peptide_id=25313&scanf=33316&charge=3&value=2,K.TQLEWTEAILEDEQTQR.Q,/core/www/modules/show_out/show_out_wrapper.php?run_id=110202&search_id=114132&scans_id=110198&peptide_id=25313&scanf=33316&charge=3&value=K.TQLEWTEAILEDEQTQR.Q,RRBP1,3.699e+6,1.924,0.134,0.873,0.007
33317,2,"  2.171","  0.373",9/14,/core/www/modules//sdig/index.php?run_id=110202&search_id=114132&scans_id=110198&peptide_id=25314&scanf=33317&charge=2&value=9/14,sp|P21127|CD11B_HUMAN,/core/www/modules//consensus/?run_id=110202&search_id=114132&scans_id=110198&peptide_id=25314&scanf=33317&charge=2&value=sp|P21127|CD11B_HUMAN,6,/core/www/modules/match_peptides/blast_html4.php?run_id=110202&search_id=114132&scans_id=110198&peptide_id=25314&scanf=33317&charge=2&value=6,K.TLMIQLLR.G,/core/www/modules/show_out/show_out_wrapper.php?run_id=110202&search_id=114132&scans_id=110198&peptide_id=25314&scanf=33317&charge=2&value=K.TLMIQLLR.G,CDK11B,1.549e+7,2.933,0.005,2.309,0.000
33321,2,"  1.732","  0.220",9/14,/core/www/modules//sdig/index.php?run_id=110202&search_id=114132&scans_id=110198&peptide_id=25319&scanf=33321&charge=2&value=9/14,sp|Q14152|EIF3A_HUMAN,/core/www/modules//consensus/?run_id=110202&search_id=114132&scans_id=110198&peptide_id=25319&scanf=33321&charge=2&value=sp|Q14152|EIF3A_HUMAN,0,/core/www/modules/match_peptides/blast_html4.php?run_id=110202&search_id=114132&scans_id=110198&peptide_id=25319&scanf=33321&charge=2&value=0,R.LLLTPWVK.F,/core/www/modules/show_out/show_out_wrapper.php?run_id=110202&search_id=114132&scans_id=110198&peptide_id=25319&scanf=33321&charge=2&value=R.LLLTPWVK.F,EIF3A,1.529e+7,2.511,0.020,1.690,0.000
33322,3,"  2.402","  0.261",7/56,/core/www/modules//sdig/index.php?run_id=110202&search_id=114132&scans_id=110198&peptide_id=25320&scanf=33322&charge=3&value=7/56,sp|P61978|HNRPK_HUMAN,/core/www/modules//consensus/?run_id=110202&search_id=114132&scans_id=110198&peptide_id=25320&scanf=33322&charge=3&value=sp|P61978|HNRPK_HUMAN,1,/core/www/modules/match_peptides/blast_html4.php?run_id=110202&search_id=114132&scans_id=110198&peptide_id=25320&scanf=33322&charge=3&value=1,R.LLIHQSLAGGIIGVK.G,/core/www/modules/show_out/show_out_wrapper.php?run_id=110202&search_id=114132&scans_id=110198&peptide_id=25320&scanf=33322&charge=3&value=R.LLIHQSLAGGIIGVK.G,HNRNPK,1.450e+6,2.204,0.056,1.251,0.002
33328,3,"  3.327","  0.674",18/64,/core/www/modules//sdig/index.php?run_id=110202&search_id=114132&scans_id=110198&peptide_id=25325&scanf=33328&charge=3&value=18/64,sp|Q9NZI8|IF2B1_HUMAN,/core/www/modules//consensus/?run_id=110202&search_id=114132&scans_id=110198&peptide_id=25325&scanf=33328&charge=3&value=sp|Q9NZI8|IF2B1_HUMAN,0,/core/www/modules/match_peptides/blast_html4.php?run_id=110202&search_id=114132&scans_id=110198&peptide_id=25325&scanf=33328&charge=3&value=0,K.TVNELQNLTAAEVVVPR.D,/core/www/modules/show_out/show_out_wrapper.php?run_id=110202&search_id=114132&scans_id=110198&peptide_id=25325&scanf=33328&charge=3&value=K.TVNELQNLTAAEVVVPR.D,IGF2BP1,2.783e+7,3.644,0.000,3.362,0.000
33330,2,"  3.184","  0.557",13/22,/core/www/modules//sdig/index.php?run_id=110202&search_id=114132&scans_id=110198&peptide_id=25328&scanf=33330&charge=2&value=13/22,sp|P19367|HXK1_HUMAN,/core/www/modules//consensus/?run_id=110202&search_id=114132&scans_id=110198&peptide_id=25328&scanf=33330&charge=2&value=sp|P19367|HXK1_HUMAN,3,/core/www/modules/match_peptides/blast_html4.php?run_id=110202&search_id=114132&scans_id=110198&peptide_id=25328&scanf=33330&charge=2&value=3,K.MISGMYLGEIVR.N,/core/www/modules/show_out/show_out_wrapper.php?run_id=110202&search_id=114132&scans_id=110198&peptide_id=25328&scanf=33330&charge=2&value=K.MISGMYLGEIVR.N,HK1,8.672e+6,3.437,0.001,3.055,0.000
33334,2,"  2.253","  0.517",11/18,/core/www/modules//sdig/index.php?run_id=110202&search_id=114132&scans_id=110198&peptide_id=25332&scanf=33334&charge=2&value=11/18,sp|P23396|RS3_HUMAN,/core/www/modules//consensus/?run_id=110202&search_id=114132&scans_id=110198&peptide_id=25332&scanf=33334&charge=2&value=sp|P23396|RS3_HUMAN,4,/core/www/modules/match_peptides/blast_html4.php?run_id=110202&search_id=114132&scans_id=110198&peptide_id=25332&scanf=33334&charge=2&value=4,K.IMLPWDPTGK.I,/core/www/modules/show_out/show_out_wrapper.php?run_id=110202&search_id=114132&scans_id=110198&peptide_id=25332&scanf=33334&charge=2&value=K.IMLPWDPTGK.I,RPS3,7.453e+7,3.197,0.002,2.699,0.000
33335,3,"  3.273","  0.277",13/60,/core/www/modules//sdig/index.php?run_id=110202&search_id=114132&scans_id=110198&peptide_id=25333&scanf=33335&charge=3&value=13/60,sp|P51531|SMCA2_HUMAN,/core/www/modules//consensus/?run_id=110202&search_id=114132&scans_id=110198&peptide_id=25333&scanf=33335&charge=3&value=sp|P51531|SMCA2_HUMAN,2,/core/www/modules/match_peptides/blast_html4.php?run_id=110202&search_id=114132&scans_id=110198&peptide_id=25333&scanf=33335&charge=3&value=2,R.IQELENLPGSLPPDLR.T,/core/www/modules/show_out/show_out_wrapper.php?run_id=110202&search_id=114132&scans_id=110198&peptide_id=25333&scanf=33335&charge=3&value=R.IQELENLPGSLPPDLR.T,SMARCA2,1.803e+7,2.410,0.029,1.544,0.001
33339,3,"  2.399","  0.370",13/64,/core/www/modules//sdig/index.php?run_id=110202&search_id=114132&scans_id=110198&peptide_id=25337&scanf=33339&charge=3&value=13/64,sp|P17480|UBF1_HUMAN,/core/www/modules//consensus/?run_id=110202&search_id=114132&scans_id=110198&peptide_id=25337&scanf=33339&charge=3&value=sp|P17480|UBF1_HUMAN,2,/core/www/modules/match_peptides/blast_html4.php?run_id=110202&search_id=114132&scans_id=110198&peptide_id=25337&scanf=33339&charge=3&value=2,K.RAEEIWQQSVIGDYLAR.F,/core/www/modules/show_out/show_out_wrapper.php?run_id=110202&search_id=114132&scans_id=110198&peptide_id=25337&scanf=33339&charge=3&value=K.RAEEIWQQSVIGDYLAR.F,UBTF,1.101e+7,2.187,0.059,1.227,0.002
33341,2,"  2.582","  0.491",11/20,/core/www/modules//sdig/index.php?run_id=110202&search_id=114132&scans_id=110198&peptide_id=25339&scanf=33341&charge=2&value=11/20,sp|Q15382|RHEB_HUMAN,/core/www/modules//consensus/?run_id=110202&search_id=114132&scans_id=110198&peptide_id=25339&scanf=33341&charge=2&value=sp|Q15382|RHEB_HUMAN,2,/core/www/modules/match_peptides/blast_html4.php?run_id=110202&search_id=114132&scans_id=110198&peptide_id=25339&scanf=33341&charge=2&value=2,K.VQIPIMLVGNK.K,/core/www/modules/show_out/show_out_wrapper.php?run_id=110202&search_id=114132&scans_id=110198&peptide_id=25339&scanf=33341&charge=2&value=K.VQIPIMLVGNK.K,RHEB,5.597e+6,3.084,0.003,2.533,0.000
33343,2,"  2.310","  0.529",9/18,/core/www/modules//sdig/index.php?run_id=110202&search_id=114132&scans_id=110198&peptide_id=25341&scanf=33343&charge=2&value=9/18,sp|O00442|RTCA_HUMAN,/core/www/modules//consensus/?run_id=110202&search_id=114132&scans_id=110198&peptide_id=25341&scanf=33343&charge=2&value=sp|O00442|RTCA_HUMAN,0,/core/www/modules/match_peptides/blast_html4.php?run_id=110202&search_id=114132&scans_id=110198&peptide_id=25341&scanf=33343&charge=2&value=0,R.AFVAGVLPFK.V,/core/www/modules/show_out/show_out_wrapper.php?run_id=110202&search_id=114132&scans_id=110198&peptide_id=25341&scanf=33343&charge=2&value=R.AFVAGVLPFK.V,RTCA,7.506e+6,3.175,0.002,2.666,0.000
33348,2,"  2.274","  0.587",13/22,/core/www/modules//sdig/index.php?run_id=110202&search_id=114132&scans_id=110198&peptide_id=25345&scanf=33348&charge=2&value=13/22,sp|P36578|RL4_HUMAN,/core/www/modules//consensus/?run_id=110202&search_id=114132&scans_id=110198&peptide_id=25345&scanf=33348&charge=2&value=sp|P36578|RL4_HUMAN,1,/core/www/modules/match_peptides/blast_html4.php?run_id=110202&search_id=114132&scans_id=110198&peptide_id=25345&scanf=33348&charge=2&value=1,R.NIPGITLLNVSK.L,/core/www/modules/show_out/show_out_wrapper.php?run_id=110202&search_id=114132&scans_id=110198&peptide_id=25345&scanf=33348&charge=2&value=R.NIPGITLLNVSK.L,RPL4,2.217e+8,3.473,0.001,3.108,0.000
33349,2,"  2.677","  0.093",11/18,/core/www/modules//sdig/index.php?run_id=110202&search_id=114132&scans_id=110198&peptide_id=25346&scanf=33349&charge=2&value=11/18,sp|P78527|PRKDC_HUMAN,/core/www/modules//consensus/?run_id=110202&search_id=114132&scans_id=110198&peptide_id=25346&scanf=33349&charge=2&value=sp|P78527|PRKDC_HUMAN,2,/core/www/modules/match_peptides/blast_html4.php?run_id=110202&search_id=114132&scans_id=110198&peptide_id=25346&scanf=33349&charge=2&value=2,R.QFINLMLPM*K.E,/core/www/modules/show_out/show_out_wrapper.php?run_id=110202&search_id=114132&scans_id=110198&peptide_id=25346&scanf=33349&charge=2&value=R.QFINLMLPM*K.E,PRKDC,6.427e+7,2.767,0.009,2.065,0.000
33350,2,"  3.330","  0.475",12/18,/core/www/modules//sdig/index.php?run_id=110202&search_id=114132&scans_id=110198&peptide_id=25348&scanf=33350&charge=2&value=12/18,sp|Q06265|EXOS9_HUMAN,/core/www/modules//consensus/?run_id=110202&search_id=114132&scans_id=110198&peptide_id=25348&scanf=33350&charge=2&value=sp|Q06265|EXOS9_HUMAN,3,/core/www/modules/match_peptides/blast_html4.php?run_id=110202&search_id=114132&scans_id=110198&peptide_id=25348&scanf=33350&charge=2&value=3,K.VAEITELILK.A,/core/www/modules/show_out/show_out_wrapper.php?run_id=110202&search_id=114132&scans_id=110198&peptide_id=25348&scanf=33350&charge=2&value=K.VAEITELILK.A,EXOSC9,1.889e+7,3.298,0.001,2.849,0.000
33352,3,"  4.962","  0.606",19/64,/core/www/modules//sdig/index.php?run_id=110202&search_id=114132&scans_id=110198&peptide_id=25350&scanf=33352&charge=3&value=19/64,sp|P15407|FOSL1_HUMAN,/core/www/modules//consensus/?run_id=110202&search_id=114132&scans_id=110198&peptide_id=25350&scanf=33352&charge=3&value=sp|P15407|FOSL1_HUMAN,0,/core/www/modules/match_peptides/blast_html4.php?run_id=110202&search_id=114132&scans_id=110198&peptide_id=25350&scanf=33352&charge=3&value=0,K.ELTDFLQAETDKLEDEK.S,/core/www/modules/show_out/show_out_wrapper.php?run_id=110202&search_id=114132&scans_id=110198&peptide_id=25350&scanf=33352&charge=3&value=K.ELTDFLQAETDKLEDEK.S,FOSL1,3.780e+6,3.214,0.002,2.724,0.000
33353,2,"  3.305","  0.505",11/20,/core/www/modules//sdig/index.php?run_id=110202&search_id=114132&scans_id=110198&peptide_id=25351&scanf=33353&charge=2&value=11/20,sp|Q9UKF6|CPSF3_HUMAN,/core/www/modules//consensus/?run_id=110202&search_id=114132&scans_id=110198&peptide_id=25351&scanf=33353&charge=2&value=sp|Q9UKF6|CPSF3_HUMAN,1,/core/www/modules/match_peptides/blast_html4.php?run_id=110202&search_id=114132&scans_id=110198&peptide_id=25351&scanf=33353&charge=2&value=1,K.QININNPFVFK.H,/core/www/modules/show_out/show_out_wrapper.php?run_id=110202&search_id=114132&scans_id=110198&peptide_id=25351&scanf=33353&charge=2&value=K.QININNPFVFK.H,CPSF3,4.757e+6,3.126,0.003,2.594,0.000
33355,2,"  3.705","  0.628",17/34,/core/www/modules//sdig/index.php?run_id=110202&search_id=114132&scans_id=110198&peptide_id=25353&scanf=33355&charge=2&value=17/34,sp|Q00839|HNRPU_HUMAN,/core/www/modules//consensus/?run_id=110202&search_id=114132&scans_id=110198&peptide_id=25353&scanf=33355&charge=2&value=sp|Q00839|HNRPU_HUMAN,4,/core/www/modules/match_peptides/blast_html4.php?run_id=110202&search_id=114132&scans_id=110198&peptide_id=25353&scanf=33355&charge=2&value=4,K.SSGPTSLFAVTVAPPGAR.Q,/core/www/modules/show_out/show_out_wrapper.php?run_id=110202&search_id=114132&scans_id=110198&peptide_id=25353&scanf=33355&charge=2&value=K.SSGPTSLFAVTVAPPGAR.Q,HNRNPU,9.469e+7,3.382,0.001,2.973,0.000
33356,2,"  3.039","  0.661",14/22,/core/www/modules//sdig/index.php?run_id=110202&search_id=114132&scans_id=110198&peptide_id=25354&scanf=33356&charge=2&value=14/22,sp|Q01082|SPTB2_HUMAN,/core/www/modules//consensus/?run_id=110202&search_id=114132&scans_id=110198&peptide_id=25354&scanf=33356&charge=2&value=sp|Q01082|SPTB2_HUMAN,1,/core/www/modules/match_peptides/blast_html4.php?run_id=110202&search_id=114132&scans_id=110198&peptide_id=25354&scanf=33356&charge=2&value=1,R.DVEDEILWVGER.M,/core/www/modules/show_out/show_out_wrapper.php?run_id=110202&search_id=114132&scans_id=110198&peptide_id=25354&scanf=33356&charge=2&value=R.DVEDEILWVGER.M,SPTBN1,3.424e+6,3.988,0.000,3.871,0.000
33357,2,"  2.080","  0.435",10/22,/core/www/modules//sdig/index.php?run_id=110202&search_id=114132&scans_id=110198&peptide_id=25355&scanf=33357&charge=2&value=10/22,sp|P54577|SYYC_HUMAN,/core/www/modules//consensus/?run_id=110202&search_id=114132&scans_id=110198&peptide_id=25355&scanf=33357&charge=2&value=sp|P54577|SYYC_HUMAN,1,/core/www/modules/match_peptides/blast_html4.php?run_id=110202&search_id=114132&scans_id=110198&peptide_id=25355&scanf=33357&charge=2&value=1,R.TVVSGLVQFVPK.E,/core/www/modules/show_out/show_out_wrapper.php?run_id=110202&search_id=114132&scans_id=110198&peptide_id=25355&scanf=33357&charge=2&value=R.TVVSGLVQFVPK.E,YARS1,8.387e+6,2.659,0.012,1.907,0.000
33358,2,"  3.795","  0.676",16/24,/core/www/modules//sdig/index.php?run_id=110202&search_id=114132&scans_id=110198&peptide_id=25356&scanf=33358&charge=2&value=16/24,sp|O75643|U520_HUMAN,/core/www/modules//consensus/?run_id=110202&search_id=114132&scans_id=110198&peptide_id=25356&scanf=33358&charge=2&value=sp|O75643|U520_HUMAN,0,/core/www/modules/match_peptides/blast_html4.php?run_id=110202&search_id=114132&scans_id=110198&peptide_id=25356&scanf=33358&charge=2&value=0,R.SGGPVVVLVQLER.E,/core/www/modules/show_out/show_out_wrapper.php?run_id=110202&search_id=114132&scans_id=110198&peptide_id=25356&scanf=33358&charge=2&value=R.SGGPVVVLVQLER.E,SNRNP200,1.950e+7,4.174,0.000,4.147,0.000
33360,2,"  3.597","  0.545",9/28,/core/www/modules//sdig/index.php?run_id=110202&search_id=114132&scans_id=110198&peptide_id=25359&scanf=33360&charge=2&value=9/28,sp|Q8N1F7|NUP93_HUMAN,/core/www/modules//consensus/?run_id=110202&search_id=114132&scans_id=110198&peptide_id=25359&scanf=33360&charge=2&value=sp|Q8N1F7|NUP93_HUMAN,4,/core/www/modules/match_peptides/blast_html4.php?run_id=110202&search_id=114132&scans_id=110198&peptide_id=25359&scanf=33360&charge=2&value=4,K.QMTDVLLTPATDALK.N,/core/www/modules/show_out/show_out_wrapper.php?run_id=110202&search_id=114132&scans_id=110198&peptide_id=25359&scanf=33360&charge=2&value=K.QMTDVLLTPATDALK.N,NUP93,2.280e+6,2.771,0.008,2.071,0.000
33365,3,"  4.606","  0.631",18/88,/core/www/modules//sdig/index.php?run_id=110202&search_id=114132&scans_id=110198&peptide_id=25364&scanf=33365&charge=3&value=18/88,sp|Q658Y4|F91A1_HUMAN,/core/www/modules//consensus/?run_id=110202&search_id=114132&scans_id=110198&peptide_id=25364&scanf=33365&charge=3&value=sp|Q658Y4|F91A1_HUMAN,1,/core/www/modules/match_peptides/blast_html4.php?run_id=110202&search_id=114132&scans_id=110198&peptide_id=25364&scanf=33365&charge=3&value=1,K.IIDSGPQLSGSLDYNVVHSLYNK.G,/core/www/modules/show_out/show_out_wrapper.php?run_id=110202&search_id=114132&scans_id=110198&peptide_id=25364&scanf=33365&charge=3&value=K.IIDSGPQLSGSLDYNVVHSLYNK.G,FAM91A1,1.808e+6,3.232,0.002,2.752,0.000
33367,3,"  6.451","  0.725",21/76,/core/www/modules//sdig/index.php?run_id=110202&search_id=114132&scans_id=110198&peptide_id=25366&scanf=33367&charge=3&value=21/76,sp|P05198|IF2A_HUMAN,/core/www/modules//consensus/?run_id=110202&search_id=114132&scans_id=110198&peptide_id=25366&scanf=33367&charge=3&value=sp|P05198|IF2A_HUMAN,2,/core/www/modules/match_peptides/blast_html4.php?run_id=110202&search_id=114132&scans_id=110198&peptide_id=25366&scanf=33367&charge=3&value=2,R.HVAEVLEYTKDEQLESLFQR.T,/core/www/modules/show_out/show_out_wrapper.php?run_id=110202&search_id=114132&scans_id=110198&peptide_id=25366&scanf=33367&charge=3&value=R.HVAEVLEYTKDEQLESLFQR.T,EIF2S1,1.208e+6,3.571,0.001,3.253,0.000
33373,2,"  2.396","  0.454",8/20,/core/www/modules//sdig/index.php?run_id=110202&search_id=114132&scans_id=110198&peptide_id=25372&scanf=33373&charge=2&value=8/20,sp|Q70CQ2|UBP34_HUMAN,/core/www/modules//consensus/?run_id=110202&search_id=114132&scans_id=110198&peptide_id=25372&scanf=33373&charge=2&value=sp|Q70CQ2|UBP34_HUMAN,0,/core/www/modules/match_peptides/blast_html4.php?run_id=110202&search_id=114132&scans_id=110198&peptide_id=25372&scanf=33373&charge=2&value=0,K.LTLLIPETAVR.H,/core/www/modules/show_out/show_out_wrapper.php?run_id=110202&search_id=114132&scans_id=110198&peptide_id=25372&scanf=33373&charge=2&value=K.LTLLIPETAVR.H,USP34,6.228e+6,2.740,0.009,2.025,0.000
33374,3,"  4.666","  0.620",16/92,/core/www/modules//sdig/index.php?run_id=110202&search_id=114132&scans_id=110198&peptide_id=25373&scanf=33374&charge=3&value=16/92,sp|Q8IX01|SUGP2_HUMAN,/core/www/modules//consensus/?run_id=110202&search_id=114132&scans_id=110198&peptide_id=25373&scanf=33374&charge=3&value=sp|Q8IX01|SUGP2_HUMAN,2,/core/www/modules/match_peptides/blast_html4.php?run_id=110202&search_id=114132&scans_id=110198&peptide_id=25373&scanf=33374&charge=3&value=2,K.NTPSPDVTLGTNPGTEDIQFPIQK.I,/core/www/modules/show_out/show_out_wrapper.php?run_id=110202&search_id=114132&scans_id=110198&peptide_id=25373&scanf=33374&charge=3&value=K.NTPSPDVTLGTNPGTEDIQFPIQK.I,SUGP2,5.578e+6,3.116,0.003,2.580,0.000
33376,3,"  5.778","  0.603",19/88,/core/www/modules//sdig/index.php?run_id=110202&search_id=114132&scans_id=110198&peptide_id=25375&scanf=33376&charge=3&value=19/88,sp|P78316|NOP14_HUMAN,/core/www/modules//consensus/?run_id=110202&search_id=114132&scans_id=110198&peptide_id=25375&scanf=33376&charge=3&value=sp|P78316|NOP14_HUMAN,1,/core/www/modules/match_peptides/blast_html4.php?run_id=110202&search_id=114132&scans_id=110198&peptide_id=25375&scanf=33376&charge=3&value=1,K.SIYNLNEDEELTHYGQSLADIEK.H,/core/www/modules/show_out/show_out_wrapper.php?run_id=110202&search_id=114132&scans_id=110198&peptide_id=25375&scanf=33376&charge=3&value=K.SIYNLNEDEELTHYGQSLADIEK.H,NOP14,3.024e+6,3.241,0.002,2.764,0.000
33383,2,"  3.295","  0.527",12/28,/core/www/modules//sdig/index.php?run_id=110202&search_id=114132&scans_id=110198&peptide_id=25383&scanf=33383&charge=2&value=12/28,sp|Q9HCE1|MOV10_HUMAN,/core/www/modules//consensus/?run_id=110202&search_id=114132&scans_id=110198&peptide_id=25383&scanf=33383&charge=2&value=sp|Q9HCE1|MOV10_HUMAN,2,/core/www/modules/match_peptides/blast_html4.php?run_id=110202&search_id=114132&scans_id=110198&peptide_id=25383&scanf=33383&charge=2&value=2,K.LDLQQGQNLLQGLSK.L,/core/www/modules/show_out/show_out_wrapper.php?run_id=110202&search_id=114132&scans_id=110198&peptide_id=25383&scanf=33383&charge=2&value=K.LDLQQGQNLLQGLSK.L,MOV10,2.483e+6,2.816,0.007,2.137,0.000
33385,3,"  3.143","  0.503",10/68,/core/www/modules//sdig/index.php?run_id=110202&search_id=114132&scans_id=110198&peptide_id=25385&scanf=33385&charge=3&value=10/68,sp|Q00839|HNRPU_HUMAN,/core/www/modules//consensus/?run_id=110202&search_id=114132&scans_id=110198&peptide_id=25385&scanf=33385&charge=3&value=sp|Q00839|HNRPU_HUMAN,4,/core/www/modules/match_peptides/blast_html4.php?run_id=110202&search_id=114132&scans_id=110198&peptide_id=25385&scanf=33385&charge=3&value=4,K.SSGPTSLFAVTVAPPGAR.Q,/core/www/modules/show_out/show_out_wrapper.php?run_id=110202&search_id=114132&scans_id=110198&peptide_id=25385&scanf=33385&charge=3&value=K.SSGPTSLFAVTVAPPGAR.Q,HNRNPU,4.546e+7,2.872,0.006,2.219,0.000
33386,2,"  4.056","  0.695",18/30,/core/www/modules//sdig/index.php?run_id=110202&search_id=114132&scans_id=110198&peptide_id=25386&scanf=33386&charge=2&value=18/30,sp|O00154|BACH_HUMAN,/core/www/modules//consensus/?run_id=110202&search_id=114132&scans_id=110198&peptide_id=25386&scanf=33386&charge=2&value=sp|O00154|BACH_HUMAN,0,/core/www/modules/match_peptides/blast_html4.php?run_id=110202&search_id=114132&scans_id=110198&peptide_id=25386&scanf=33386&charge=2&value=0,R.AASAFFTYVSLSQEGR.S,/core/www/modules/show_out/show_out_wrapper.php?run_id=110202&search_id=114132&scans_id=110198&peptide_id=25386&scanf=33386&charge=2&value=R.AASAFFTYVSLSQEGR.S,ACOT7,2.680e+6,3.799,0.000,3.591,0.000
33388,3,"  5.342","  0.688",24/60,/core/www/modules//sdig/index.php?run_id=110202&search_id=114132&scans_id=110198&peptide_id=25388&scanf=33388&charge=3&value=24/60,sp|O00267|SPT5H_HUMAN,/core/www/modules//consensus/?run_id=110202&search_id=114132&scans_id=110198&peptide_id=25388&scanf=33388&charge=3&value=sp|O00267|SPT5H_HUMAN,0,/core/www/modules/match_peptides/blast_html4.php?run_id=110202&search_id=114132&scans_id=110198&peptide_id=25388&scanf=33388&charge=3&value=0,K.HEDLKDMLEFPAQELR.K,/core/www/modules/show_out/show_out_wrapper.php?run_id=110202&search_id=114132&scans_id=110198&peptide_id=25388&scanf=33388&charge=3&value=K.HEDLKDMLEFPAQELR.K,SUPT5H,1.353e+7,3.752,0.000,3.522,0.000
33390,3,"  4.452","  0.683",24/68,/core/www/modules//sdig/index.php?run_id=110202&search_id=114132&scans_id=110198&peptide_id=25390&scanf=33390&charge=3&value=24/68,sp|Q9Y3I0|RTCB_HUMAN,/core/www/modules//consensus/?run_id=110202&search_id=114132&scans_id=110198&peptide_id=25390&scanf=33390&charge=3&value=sp|Q9Y3I0|RTCB_HUMAN,0,/core/www/modules/match_peptides/blast_html4.php?run_id=110202&search_id=114132&scans_id=110198&peptide_id=25390&scanf=33390&charge=3&value=0,K.EQLAQAMFDHIPVGVGSK.G,/core/www/modules/show_out/show_out_wrapper.php?run_id=110202&search_id=114132&scans_id=110198&peptide_id=25390&scanf=33390&charge=3&value=K.EQLAQAMFDHIPVGVGSK.G,RTCB,1.664e+7,3.805,0.000,3.601,0.000
33393,2,"  3.551","  0.596",14/22,/core/www/modules//sdig/index.php?run_id=110202&search_id=114132&scans_id=110198&peptide_id=25393&scanf=33393&charge=2&value=14/22,sp|P54136|SYRC_HUMAN,/core/www/modules//consensus/?run_id=110202&search_id=114132&scans_id=110198&peptide_id=25393&scanf=33393&charge=2&value=sp|P54136|SYRC_HUMAN,0,/core/www/modules/match_peptides/blast_html4.php?run_id=110202&search_id=114132&scans_id=110198&peptide_id=25393&scanf=33393&charge=2&value=0,K.IYDALDVSLIER.G,/core/www/modules/show_out/show_out_wrapper.php?run_id=110202&search_id=114132&scans_id=110198&peptide_id=25393&scanf=33393&charge=2&value=K.IYDALDVSLIER.G,RARS1,7.301e+6,3.637,0.000,3.352,0.000
33394,2,"  2.721","  0.292",12/20,/core/www/modules//sdig/index.php?run_id=110202&search_id=114132&scans_id=110198&peptide_id=25394&scanf=33394&charge=2&value=12/20,sp|A5YKK6|CNOT1_HUMAN,/core/www/modules//consensus/?run_id=110202&search_id=114132&scans_id=110198&peptide_id=25394&scanf=33394&charge=2&value=sp|A5YKK6|CNOT1_HUMAN,1,/core/www/modules/match_peptides/blast_html4.php?run_id=110202&search_id=114132&scans_id=110198&peptide_id=25394&scanf=33394&charge=2&value=1,R.DAIAALGLLQK.A,/core/www/modules/show_out/show_out_wrapper.php?run_id=110202&search_id=114132&scans_id=110198&peptide_id=25394&scanf=33394&charge=2&value=R.DAIAALGLLQK.A,CNOT1,9.069e+6,2.435,0.026,1.580,0.001
33398,2,"  1.978","  0.416",11/18,/core/www/modules//sdig/index.php?run_id=110202&search_id=114132&scans_id=110198&peptide_id=25398&scanf=33398&charge=2&value=11/18,sp|Q9UIG0|BAZ1B_HUMAN,/core/www/modules//consensus/?run_id=110202&search_id=114132&scans_id=110198&peptide_id=25398&scanf=33398&charge=2&value=sp|Q9UIG0|BAZ1B_HUMAN,0,/core/www/modules/match_peptides/blast_html4.php?run_id=110202&search_id=114132&scans_id=110198&peptide_id=25398&scanf=33398&charge=2&value=0,K.FSDFLLDPYK.Y,/core/www/modules/show_out/show_out_wrapper.php?run_id=110202&search_id=114132&scans_id=110198&peptide_id=25398&scanf=33398&charge=2&value=K.FSDFLLDPYK.Y,BAZ1B,8.618e+6,3.023,0.004,2.442,0.000
33400,3,"  2.201","  0.215",10/60,/core/www/modules//sdig/index.php?run_id=110202&search_id=114132&scans_id=110198&peptide_id=25401&scanf=33400&charge=3&value=10/60,sp|Q9Y6M1|IF2B2_HUMAN,/core/www/modules//consensus/?run_id=110202&search_id=114132&scans_id=110198&peptide_id=25401&scanf=33400&charge=3&value=sp|Q9Y6M1|IF2B2_HUMAN,1,/core/www/modules/match_peptides/blast_html4.php?run_id=110202&search_id=114132&scans_id=110198&peptide_id=25401&scanf=33400&charge=3&value=1,K.LYIGNLSPAVTADDLR.Q,/core/www/modules/show_out/show_out_wrapper.php?run_id=110202&search_id=114132&scans_id=110198&peptide_id=25401&scanf=33400&charge=3&value=K.LYIGNLSPAVTADDLR.Q,IGF2BP2,9.667e+6,1.930,0.132,0.880,0.007
33401,3,"  3.146","  0.210",11/68,/core/www/modules//sdig/index.php?run_id=110202&search_id=114132&scans_id=110198&peptide_id=25402&scanf=33401&charge=3&value=11/68,sp|P60709|ACTB_HUMAN,/core/www/modules//consensus/?run_id=110202&search_id=114132&scans_id=110198&peptide_id=25402&scanf=33401&charge=3&value=sp|P60709|ACTB_HUMAN,14,/core/www/modules/match_peptides/blast_html4.php?run_id=110202&search_id=114132&scans_id=110198&peptide_id=25402&scanf=33401&charge=3&value=14,R.VAPEEHPVLLTEAPLNPK.A,/core/www/modules/show_out/show_out_wrapper.php?run_id=110202&search_id=114132&scans_id=110198&peptide_id=25402&scanf=33401&charge=3&value=R.VAPEEHPVLLTEAPLNPK.A,ACTB,2.244e+6,2.351,0.035,1.460,0.001
33403,2,"  2.415","  0.622",9/14,/core/www/modules//sdig/index.php?run_id=110202&search_id=114132&scans_id=110198&peptide_id=25404&scanf=33403&charge=2&value=9/14,sp|Q13315|ATM_HUMAN,/core/www/modules//consensus/?run_id=110202&search_id=114132&scans_id=110198&peptide_id=25404&scanf=33403&charge=2&value=sp|Q13315|ATM_HUMAN,2,/core/www/modules/match_peptides/blast_html4.php?run_id=110202&search_id=114132&scans_id=110198&peptide_id=25404&scanf=33403&charge=2&value=2,K.MDFLTIVR.E,/core/www/modules/show_out/show_out_wrapper.php?run_id=110202&search_id=114132&scans_id=110198&peptide_id=25404&scanf=33403&charge=2&value=K.MDFLTIVR.E,ATM,4.009e+6,3.858,0.000,3.680,0.000
33406,4,"  4.133","  0.619",20/114,/core/www/modules//sdig/index.php?run_id=110202&search_id=114132&scans_id=110198&peptide_id=25407&scanf=33406&charge=4&value=20/114,sp|A6NHR9|SMHD1_HUMAN,/core/www/modules//consensus/?run_id=110202&search_id=114132&scans_id=110198&peptide_id=25407&scanf=33406&charge=4&value=sp|A6NHR9|SMHD1_HUMAN,3,/core/www/modules/match_peptides/blast_html4.php?run_id=110202&search_id=114132&scans_id=110198&peptide_id=25407&scanf=33406&charge=4&value=3,K.IHNIDIPTTQQVPHIEALLK.R,/core/www/modules/show_out/show_out_wrapper.php?run_id=110202&search_id=114132&scans_id=110198&peptide_id=25407&scanf=33406&charge=4&value=K.IHNIDIPTTQQVPHIEALLK.R,SMCHD1,3.337e+7,3.873,0.000,3.702,0.000
33412,3,"  4.568","  0.579",19/52,/core/www/modules//sdig/index.php?run_id=110202&search_id=114132&scans_id=110198&peptide_id=25413&scanf=33412&charge=3&value=19/52,sp|A6NNZ2|TBB8B_HUMAN,/core/www/modules//consensus/?run_id=110202&search_id=114132&scans_id=110198&peptide_id=25413&scanf=33412&charge=3&value=sp|A6NNZ2|TBB8B_HUMAN,12,/core/www/modules/match_peptides/blast_html4.php?run_id=110202&search_id=114132&scans_id=110198&peptide_id=25413&scanf=33412&charge=3&value=12,R.LHFFM*PGFAPLTSR.G,/core/www/modules/show_out/show_out_wrapper.php?run_id=110202&search_id=114132&scans_id=110198&peptide_id=25413&scanf=33412&charge=3&value=R.LHFFM*PGFAPLTSR.G,TUBB8B,5.999e+6,3.623,0.000,3.331,0.000
33413,3,"  7.067","  0.711",30/120,/core/www/modules//sdig/index.php?run_id=110202&search_id=114132&scans_id=110198&peptide_id=25414&scanf=33413&charge=3&value=30/120,sp|P13010|XRCC5_HUMAN,/core/www/modules//consensus/?run_id=110202&search_id=114132&scans_id=110198&peptide_id=25414&scanf=33413&charge=3&value=sp|P13010|XRCC5_HUMAN,0,/core/www/modules/match_peptides/blast_html4.php?run_id=110202&search_id=114132&scans_id=110198&peptide_id=25414&scanf=33413&charge=3&value=0,K.TEQGGAHFSVSSLAEGSVTSVGSVNPAENFR.V,/core/www/modules/show_out/show_out_wrapper.php?run_id=110202&search_id=114132&scans_id=110198&peptide_id=25414&scanf=33413&charge=3&value=K.TEQGGAHFSVSSLAEGSVTSVGSVNPAENFR.V,XRCC5,8.047e+6,3.544,0.001,3.213,0.000
33416,4,"  4.016","  0.431",13/114,/core/www/modules//sdig/index.php?run_id=110202&search_id=114132&scans_id=110198&peptide_id=25417&scanf=33416&charge=4&value=13/114,sp|P05198|IF2A_HUMAN,/core/www/modules//consensus/?run_id=110202&search_id=114132&scans_id=110198&peptide_id=25417&scanf=33416&charge=4&value=sp|P05198|IF2A_HUMAN,2,/core/www/modules/match_peptides/blast_html4.php?run_id=110202&search_id=114132&scans_id=110198&peptide_id=25417&scanf=33416&charge=4&value=2,R.HVAEVLEYTKDEQLESLFQR.T,/core/www/modules/show_out/show_out_wrapper.php?run_id=110202&search_id=114132&scans_id=110198&peptide_id=25417&scanf=33416&charge=4&value=R.HVAEVLEYTKDEQLESLFQR.T,EIF2S1,3.546e+6,2.614,0.014,1.840,0.000
33419,3,"  3.983","  0.534",16/76,/core/www/modules//sdig/index.php?run_id=110202&search_id=114132&scans_id=110198&peptide_id=25420&scanf=33419&charge=3&value=16/76,sp|P30154|2AAB_HUMAN,/core/www/modules//consensus/?run_id=110202&search_id=114132&scans_id=110198&peptide_id=25420&scanf=33419&charge=3&value=sp|P30154|2AAB_HUMAN,1,/core/www/modules/match_peptides/blast_html4.php?run_id=110202&search_id=114132&scans_id=110198&peptide_id=25420&scanf=33419&charge=3&value=1,K.IGPILDTNALQGEVKPVLQK.L,/core/www/modules/show_out/show_out_wrapper.php?run_id=110202&search_id=114132&scans_id=110198&peptide_id=25420&scanf=33419&charge=3&value=K.IGPILDTNALQGEVKPVLQK.L,PPP2R1B,6.588e+6,2.975,0.004,2.371,0.000
33422,3,"  3.923","  0.424",12/64,/core/www/modules//sdig/index.php?run_id=110202&search_id=114132&scans_id=110198&peptide_id=25424&scanf=33422&charge=3&value=12/64,sp|P50454|SERPH_HUMAN,/core/www/modules//consensus/?run_id=110202&search_id=114132&scans_id=110198&peptide_id=25424&scanf=33422&charge=3&value=sp|P50454|SERPH_HUMAN,4,/core/www/modules/match_peptides/blast_html4.php?run_id=110202&search_id=114132&scans_id=110198&peptide_id=25424&scanf=33422&charge=3&value=4,K.LSSLIILMPHHVEPLER.L,/core/www/modules/show_out/show_out_wrapper.php?run_id=110202&search_id=114132&scans_id=110198&peptide_id=25424&scanf=33422&charge=3&value=K.LSSLIILMPHHVEPLER.L,SERPINH1,9.450e+6,2.735,0.010,2.017,0.000
33425,2,"  2.149","  0.272",9/16,/core/www/modules//sdig/index.php?run_id=110202&search_id=114132&scans_id=110198&peptide_id=25427&scanf=33425&charge=2&value=9/16,sp|Q8WWQ0|PHIP_HUMAN,/core/www/modules//consensus/?run_id=110202&search_id=114132&scans_id=110198&peptide_id=25427&scanf=33425&charge=2&value=sp|Q8WWQ0|PHIP_HUMAN,6,/core/www/modules/match_peptides/blast_html4.php?run_id=110202&search_id=114132&scans_id=110198&peptide_id=25427&scanf=33425&charge=2&value=6,R.SELYFLIAR.F,/core/www/modules/show_out/show_out_wrapper.php?run_id=110202&search_id=114132&scans_id=110198&peptide_id=25427&scanf=33425&charge=2&value=R.SELYFLIAR.F,PHIP,4.505e+6,2.506,0.021,1.683,0.000
33426,2,"  4.086","  0.609",18/30,/core/www/modules//sdig/index.php?run_id=110202&search_id=114132&scans_id=110198&peptide_id=25428&scanf=33426&charge=2&value=18/30,sp|P51531|SMCA2_HUMAN,/core/www/modules//consensus/?run_id=110202&search_id=114132&scans_id=110198&peptide_id=25428&scanf=33426&charge=2&value=sp|P51531|SMCA2_HUMAN,2,/core/www/modules/match_peptides/blast_html4.php?run_id=110202&search_id=114132&scans_id=110198&peptide_id=25428&scanf=33426&charge=2&value=2,R.IQELENLPGSLPPDLR.T,/core/www/modules/show_out/show_out_wrapper.php?run_id=110202&search_id=114132&scans_id=110198&peptide_id=25428&scanf=33426&charge=2&value=R.IQELENLPGSLPPDLR.T,SMARCA2,2.162e+7,3.641,0.000,3.358,0.000
33430,2,"  2.661","  0.447",9/18,/core/www/modules//sdig/index.php?run_id=110202&search_id=114132&scans_id=110198&peptide_id=25433&scanf=33430&charge=2&value=9/18,tr|K7EJE8|K7EJE8_HUMAN,/core/www/modules//consensus/?run_id=110202&search_id=114132&scans_id=110198&peptide_id=25433&scanf=33430&charge=2&value=tr|K7EJE8|K7EJE8_HUMAN,2,/core/www/modules/match_peptides/blast_html4.php?run_id=110202&search_id=114132&scans_id=110198&peptide_id=25433&scanf=33430&charge=2&value=2,R.DIIALNPLYR.E,/core/www/modules/show_out/show_out_wrapper.php?run_id=110202&search_id=114132&scans_id=110198&peptide_id=25433&scanf=33430&charge=2&value=R.DIIALNPLYR.E,LONP1,1.897e+7,2.937,0.005,2.315,0.000
33432,2,"  4.837","  0.720",20/28,/core/www/modules//sdig/index.php?run_id=110202&search_id=114132&scans_id=110198&peptide_id=25434&scanf=33432&charge=2&value=20/28,sp|P28370|SMCA1_HUMAN,/core/www/modules//consensus/?run_id=110202&search_id=114132&scans_id=110198&peptide_id=25434&scanf=33432&charge=2&value=sp|P28370|SMCA1_HUMAN,2,/core/www/modules/match_peptides/blast_html4.php?run_id=110202&search_id=114132&scans_id=110198&peptide_id=25434&scanf=33432&charge=2&value=2,K.ESELTDEDITTILER.G,/core/www/modules/show_out/show_out_wrapper.php?run_id=110202&search_id=114132&scans_id=110198&peptide_id=25434&scanf=33432&charge=2&value=K.ESELTDEDITTILER.G,SMARCA1,1.324e+7,4.174,0.000,4.147,0.000
33433,2,"  5.023","  0.509",17/30,/core/www/modules//sdig/index.php?run_id=110202&search_id=114132&scans_id=110198&peptide_id=25435&scanf=33433&charge=2&value=17/30,sp|O00267|SPT5H_HUMAN,/core/www/modules//consensus/?run_id=110202&search_id=114132&scans_id=110198&peptide_id=25435&scanf=33433&charge=2&value=sp|O00267|SPT5H_HUMAN,0,/core/www/modules/match_peptides/blast_html4.php?run_id=110202&search_id=114132&scans_id=110198&peptide_id=25435&scanf=33433&charge=2&value=0,R.DVTNFTVGGFAPMSPR.I,/core/www/modules/show_out/show_out_wrapper.php?run_id=110202&search_id=114132&scans_id=110198&peptide_id=25435&scanf=33433&charge=2&value=R.DVTNFTVGGFAPMSPR.I,SUPT5H,5.447e+6,3.192,0.002,2.692,0.000
33434,2,"  3.053","  0.418",12/20,/core/www/modules//sdig/index.php?run_id=110202&search_id=114132&scans_id=110198&peptide_id=25436&scanf=33434&charge=2&value=12/20,sp|P54578|UBP14_HUMAN,/core/www/modules//consensus/?run_id=110202&search_id=114132&scans_id=110198&peptide_id=25436&scanf=33434&charge=2&value=sp|P54578|UBP14_HUMAN,1,/core/www/modules/match_peptides/blast_html4.php?run_id=110202&search_id=114132&scans_id=110198&peptide_id=25436&scanf=33434&charge=2&value=1,R.LPAYLTIQMVR.F,/core/www/modules/show_out/show_out_wrapper.php?run_id=110202&search_id=114132&scans_id=110198&peptide_id=25436&scanf=33434&charge=2&value=R.LPAYLTIQMVR.F,USP14,5.250e+6,3.012,0.004,2.425,0.000
33436,3,"  5.647","  0.592",24/84,/core/www/modules//sdig/index.php?run_id=110202&search_id=114132&scans_id=110198&peptide_id=25438&scanf=33436&charge=3&value=24/84,sp|Q9BY44|EIF2A_HUMAN,/core/www/modules//consensus/?run_id=110202&search_id=114132&scans_id=110198&peptide_id=25438&scanf=33436&charge=3&value=sp|Q9BY44|EIF2A_HUMAN,5,/core/www/modules/match_peptides/blast_html4.php?run_id=110202&search_id=114132&scans_id=110198&peptide_id=25438&scanf=33436&charge=3&value=5,R.GSEGLYMVNGPPHFTESTVFPR.E,/core/www/modules/show_out/show_out_wrapper.php?run_id=110202&search_id=114132&scans_id=110198&peptide_id=25438&scanf=33436&charge=3&value=R.GSEGLYMVNGPPHFTESTVFPR.E,EIF2A,2.218e+6,3.341,0.001,2.913,0.000
33437,3,"  3.538","  0.426",11/92,/core/www/modules//sdig/index.php?run_id=110202&search_id=114132&scans_id=110198&peptide_id=25439&scanf=33437&charge=3&value=11/92,sp|P11142|HSP7C_HUMAN,/core/www/modules//consensus/?run_id=110202&search_id=114132&scans_id=110198&peptide_id=25439&scanf=33437&charge=3&value=sp|P11142|HSP7C_HUMAN,4,/core/www/modules/match_peptides/blast_html4.php?run_id=110202&search_id=114132&scans_id=110198&peptide_id=25439&scanf=33437&charge=3&value=4,K.QTQTFTTYSDNQPGVLIQVYEGER.A,/core/www/modules/show_out/show_out_wrapper.php?run_id=110202&search_id=114132&scans_id=110198&peptide_id=25439&scanf=33437&charge=3&value=K.QTQTFTTYSDNQPGVLIQVYEGER.A,HSPA8,5.953e+6,2.237,0.050,1.298,0.002
33438,2,"  2.434","  0.458",8/20,/core/www/modules//sdig/index.php?run_id=110202&search_id=114132&scans_id=110198&peptide_id=25440&scanf=33438&charge=2&value=8/20,sp|Q9NRL2|BAZ1A_HUMAN,/core/www/modules//consensus/?run_id=110202&search_id=114132&scans_id=110198&peptide_id=25440&scanf=33438&charge=2&value=sp|Q9NRL2|BAZ1A_HUMAN,0,/core/www/modules/match_peptides/blast_html4.php?run_id=110202&search_id=114132&scans_id=110198&peptide_id=25440&scanf=33438&charge=2&value=0,K.IQVPDYYDIIK.K,/core/www/modules/show_out/show_out_wrapper.php?run_id=110202&search_id=114132&scans_id=110198&peptide_id=25440&scanf=33438&charge=2&value=K.IQVPDYYDIIK.K,BAZ1A,2.606e+6,2.723,0.010,2.000,0.000
33439,2,"  1.749","  0.473",10/16,/core/www/modules//sdig/index.php?run_id=110202&search_id=114132&scans_id=110198&peptide_id=25441&scanf=33439&charge=2&value=10/16,tr|A0A0U1RQF0|A0A0U1RQF0_HUMAN,/core/www/modules//consensus/?run_id=110202&search_id=114132&scans_id=110198&peptide_id=25441&scanf=33439&charge=2&value=tr|A0A0U1RQF0|A0A0U1RQF0_HUMAN,1,/core/www/modules/match_peptides/blast_html4.php?run_id=110202&search_id=114132&scans_id=110198&peptide_id=25441&scanf=33439&charge=2&value=1,R.VLEALLPLK.G,/core/www/modules/show_out/show_out_wrapper.php?run_id=110202&search_id=114132&scans_id=110198&peptide_id=25441&scanf=33439&charge=2&value=R.VLEALLPLK.G,FASN,5.011e+6,3.196,0.002,2.698,0.000
33440,3,"  3.422","  0.525",14/40,/core/www/modules//sdig/index.php?run_id=110202&search_id=114132&scans_id=110198&peptide_id=25443&scanf=33440&charge=3&value=14/40,sp|Q9Y2Q3|GSTK1_HUMAN,/core/www/modules//consensus/?run_id=110202&search_id=114132&scans_id=110198&peptide_id=25443&scanf=33440&charge=3&value=sp|Q9Y2Q3|GSTK1_HUMAN,0,/core/www/modules/match_peptides/blast_html4.php?run_id=110202&search_id=114132&scans_id=110198&peptide_id=25443&scanf=33440&charge=3&value=0,R.MELLAHLLGEK.W,/core/www/modules/show_out/show_out_wrapper.php?run_id=110202&search_id=114132&scans_id=110198&peptide_id=25443&scanf=33440&charge=3&value=R.MELLAHLLGEK.W,GSTK1,8.268e+6,3.453,0.001,3.079,0.000
33441,3,"  3.125","  0.303",13/52,/core/www/modules//sdig/index.php?run_id=110202&search_id=114132&scans_id=110198&peptide_id=25444&scanf=33441&charge=3&value=13/52,sp|P07199|CENPB_HUMAN,/core/www/modules//consensus/?run_id=110202&search_id=114132&scans_id=110198&peptide_id=25444&scanf=33441&charge=3&value=sp|P07199|CENPB_HUMAN,0,/core/www/modules/match_peptides/blast_html4.php?run_id=110202&search_id=114132&scans_id=110198&peptide_id=25444&scanf=33441&charge=3&value=0,R.RFNIPPSTLSTILK.N,/core/www/modules/show_out/show_out_wrapper.php?run_id=110202&search_id=114132&scans_id=110198&peptide_id=25444&scanf=33441&charge=3&value=R.RFNIPPSTLSTILK.N,CENPB,2.201e+6,2.163,0.064,1.194,0.002
33442,2,"  2.531","  0.302",10/16,/core/www/modules//sdig/index.php?run_id=110202&search_id=114132&scans_id=110198&peptide_id=25445&scanf=33442&charge=2&value=10/16,sp|Q9Y6E2|5MP1_HUMAN,/core/www/modules//consensus/?run_id=110202&search_id=114132&scans_id=110198&peptide_id=25445&scanf=33442&charge=2&value=sp|Q9Y6E2|5MP1_HUMAN,4,/core/www/modules/match_peptides/blast_html4.php?run_id=110202&search_id=114132&scans_id=110198&peptide_id=25445&scanf=33442&charge=2&value=4,R.LLELFPVNR.Q,/core/www/modules/show_out/show_out_wrapper.php?run_id=110202&search_id=114132&scans_id=110198&peptide_id=25445&scanf=33442&charge=2&value=R.LLELFPVNR.Q,BZW2,3.387e+6,2.649,0.013,1.891,0.000
33443,2,"  3.755","  0.580",14/30,/core/www/modules//sdig/index.php?run_id=110202&search_id=114132&scans_id=110198&peptide_id=25446&scanf=33443&charge=2&value=14/30,sp|Q96SB8|SMC6_HUMAN,/core/www/modules//consensus/?run_id=110202&search_id=114132&scans_id=110198&peptide_id=25446&scanf=33443&charge=2&value=sp|Q96SB8|SMC6_HUMAN,1,/core/www/modules/match_peptides/blast_html4.php?run_id=110202&search_id=114132&scans_id=110198&peptide_id=25446&scanf=33443&charge=2&value=1,R.DVDSEISDLENEVENK.T,/core/www/modules/show_out/show_out_wrapper.php?run_id=110202&search_id=114132&scans_id=110198&peptide_id=25446&scanf=33443&charge=2&value=R.DVDSEISDLENEVENK.T,SMC6,2.114e+6,3.133,0.002,2.605,0.000
33445,3,"  1.916","  0.225",9/28,/core/www/modules//sdig/index.php?run_id=110202&search_id=114132&scans_id=110198&peptide_id=25448&scanf=33445&charge=3&value=9/28,sp|A4D1E9|GTPBA_HUMAN,/core/www/modules//consensus/?run_id=110202&search_id=114132&scans_id=110198&peptide_id=25448&scanf=33445&charge=3&value=sp|A4D1E9|GTPBA_HUMAN,1,/core/www/modules/match_peptides/blast_html4.php?run_id=110202&search_id=114132&scans_id=110198&peptide_id=25448&scanf=33445&charge=3&value=1,K.DFLHLFEK.N,/core/www/modules/show_out/show_out_wrapper.php?run_id=110202&search_id=114132&scans_id=110198&peptide_id=25448&scanf=33445&charge=3&value=K.DFLHLFEK.N,GTPBP10,2.039e+6,2.438,0.026,1.584,0.001
33446,3,"  2.112","  0.252",10/48,/core/www/modules//sdig/index.php?run_id=110202&search_id=114132&scans_id=110198&peptide_id=25449&scanf=33446&charge=3&value=10/48,sp|Q9NZM1|MYOF_HUMAN,/core/www/modules//consensus/?run_id=110202&search_id=114132&scans_id=110198&peptide_id=25449&scanf=33446&charge=3&value=sp|Q9NZM1|MYOF_HUMAN,0,/core/www/modules/match_peptides/blast_html4.php?run_id=110202&search_id=114132&scans_id=110198&peptide_id=25449&scanf=33446&charge=3&value=0,K.FGKPDPIVSVIFK.D,/core/www/modules/show_out/show_out_wrapper.php?run_id=110202&search_id=114132&scans_id=110198&peptide_id=25449&scanf=33446&charge=3&value=K.FGKPDPIVSVIFK.D,MYOF,2.247e+6,2.228,0.052,1.285,0.002
33448,2,"  2.735","  0.479",13/18,/core/www/modules//sdig/index.php?run_id=110202&search_id=114132&scans_id=110198&peptide_id=25451&scanf=33448&charge=2&value=13/18,sp|P53618|COPB_HUMAN,/core/www/modules//consensus/?run_id=110202&search_id=114132&scans_id=110198&peptide_id=25451&scanf=33448&charge=2&value=sp|P53618|COPB_HUMAN,1,/core/www/modules/match_peptides/blast_html4.php?run_id=110202&search_id=114132&scans_id=110198&peptide_id=25451&scanf=33448&charge=2&value=1,R.NVEELVIVLK.K,/core/www/modules/show_out/show_out_wrapper.php?run_id=110202&search_id=114132&scans_id=110198&peptide_id=25451&scanf=33448&charge=2&value=R.NVEELVIVLK.K,COPB1,6.646e+6,3.479,0.001,3.116,0.000
33450,3,"  2.266","  0.234",9/72,/core/www/modules//sdig/index.php?run_id=110202&search_id=114132&scans_id=110198&peptide_id=25454&scanf=33450&charge=3&value=9/72,sp|Q5JRX3|PREP_HUMAN,/core/www/modules//consensus/?run_id=110202&search_id=114132&scans_id=110198&peptide_id=25454&scanf=33450&charge=3&value=sp|Q5JRX3|PREP_HUMAN,10,/core/www/modules/match_peptides/blast_html4.php?run_id=110202&search_id=114132&scans_id=110198&peptide_id=25454&scanf=33450&charge=3&value=10,R.TLTPAGDLQETFSGMDQVR.L,/core/www/modules/show_out/show_out_wrapper.php?run_id=110202&search_id=114132&scans_id=110198&peptide_id=25454&scanf=33450&charge=3&value=R.TLTPAGDLQETFSGMDQVR.L,PITRM1,2.474e+6,1.827,0.177,0.751,0.010
33451,2,"  2.517","  0.503",10/18,/core/www/modules//sdig/index.php?run_id=110202&search_id=114132&scans_id=110198&peptide_id=25455&scanf=33451&charge=2&value=10/18,sp|Q92616|GCN1_HUMAN,/core/www/modules//consensus/?run_id=110202&search_id=114132&scans_id=110198&peptide_id=25455&scanf=33451&charge=2&value=sp|Q92616|GCN1_HUMAN,0,/core/www/modules/match_peptides/blast_html4.php?run_id=110202&search_id=114132&scans_id=110198&peptide_id=25455&scanf=33451&charge=2&value=0,K.GVTSILPVLR.E,/core/www/modules/show_out/show_out_wrapper.php?run_id=110202&search_id=114132&scans_id=110198&peptide_id=25455&scanf=33451&charge=2&value=K.GVTSILPVLR.E,GCN1,4.252e+6,3.393,0.001,2.989,0.000
33453,2,"  2.302","  0.380",10/22,/core/www/modules//sdig/index.php?run_id=110202&search_id=114132&scans_id=110198&peptide_id=25456&scanf=33453&charge=2&value=10/22,sp|O00571|DDX3X_HUMAN,/core/www/modules//consensus/?run_id=110202&search_id=114132&scans_id=110198&peptide_id=25456&scanf=33453&charge=2&value=sp|O00571|DDX3X_HUMAN,15,/core/www/modules/match_peptides/blast_html4.php?run_id=110202&search_id=114132&scans_id=110198&peptide_id=25456&scanf=33453&charge=2&value=15,K.QYPISLVLAPTR.E,/core/www/modules/show_out/show_out_wrapper.php?run_id=110202&search_id=114132&scans_id=110198&peptide_id=25456&scanf=33453&charge=2&value=K.QYPISLVLAPTR.E,DDX3X,2.590e+7,2.639,0.013,1.877,0.000
33454,3,"  5.809","  0.511",20/64,/core/www/modules//sdig/index.php?run_id=110202&search_id=114132&scans_id=110198&peptide_id=25457&scanf=33454&charge=3&value=20/64,sp|Q9BQ39|DDX50_HUMAN,/core/www/modules//consensus/?run_id=110202&search_id=114132&scans_id=110198&peptide_id=25457&scanf=33454&charge=3&value=sp|Q9BQ39|DDX50_HUMAN,0,/core/www/modules/match_peptides/blast_html4.php?run_id=110202&search_id=114132&scans_id=110198&peptide_id=25457&scanf=33454&charge=3&value=0,R.LQAEWHDSDWILSVPAK.L,/core/www/modules/show_out/show_out_wrapper.php?run_id=110202&search_id=114132&scans_id=110198&peptide_id=25457&scanf=33454&charge=3&value=R.LQAEWHDSDWILSVPAK.L,DDX50,1.201e+7,3.281,0.001,2.824,0.000
33455,4,"  7.252","  0.604",28/210,/core/www/modules//sdig/index.php?run_id=110202&search_id=114132&scans_id=110198&peptide_id=25458&scanf=33455&charge=4&value=28/210,sp|Q16643|DREB_HUMAN,/core/www/modules//consensus/?run_id=110202&search_id=114132&scans_id=110198&peptide_id=25458&scanf=33455&charge=4&value=sp|Q16643|DREB_HUMAN,1,/core/www/modules/match_peptides/blast_html4.php?run_id=110202&search_id=114132&scans_id=110198&peptide_id=25458&scanf=33455&charge=4&value=1,R.ALDEVTSSQPPPLPPPPPPAQETQEPSPILDSEETR.A,/core/www/modules/show_out/show_out_wrapper.php?run_id=110202&search_id=114132&scans_id=110198&peptide_id=25458&scanf=33455&charge=4&value=R.ALDEVTSSQPPPLPPPPPPAQETQEPSPILDSEETR.A,DBN1,1.557e+7,3.333,0.001,2.900,0.000
33456,2,"  3.411","  0.627",12/22,/core/www/modules//sdig/index.php?run_id=110202&search_id=114132&scans_id=110198&peptide_id=25459&scanf=33456&charge=2&value=12/22,sp|P62805|H4_HUMAN,/core/www/modules//consensus/?run_id=110202&search_id=114132&scans_id=110198&peptide_id=25459&scanf=33456&charge=2&value=sp|P62805|H4_HUMAN,0,/core/www/modules/match_peptides/blast_html4.php?run_id=110202&search_id=114132&scans_id=110198&peptide_id=25459&scanf=33456&charge=2&value=0,K.TVTAMDVVYALK.R,/core/www/modules/show_out/show_out_wrapper.php?run_id=110202&search_id=114132&scans_id=110198&peptide_id=25459&scanf=33456&charge=2&value=K.TVTAMDVVYALK.R,H4C16,1.413e+9,3.720,0.000,3.475,0.000
33458,2,"  2.316","  0.430",12/16,/core/www/modules//sdig/index.php?run_id=110202&search_id=114132&scans_id=110198&peptide_id=25461&scanf=33458&charge=2&value=12/16,sp|Q9UKN8|TF3C4_HUMAN,/core/www/modules//consensus/?run_id=110202&search_id=114132&scans_id=110198&peptide_id=25461&scanf=33458&charge=2&value=sp|Q9UKN8|TF3C4_HUMAN,0,/core/www/modules/match_peptides/blast_html4.php?run_id=110202&search_id=114132&scans_id=110198&peptide_id=25461&scanf=33458&charge=2&value=0,K.QVDLIDLVR.W,/core/www/modules/show_out/show_out_wrapper.php?run_id=110202&search_id=114132&scans_id=110198&peptide_id=25461&scanf=33458&charge=2&value=K.QVDLIDLVR.W,GTF3C4,9.909e+6,3.304,0.001,2.858,0.000
33459,3,"  3.042","  0.483",14/56,/core/www/modules//sdig/index.php?run_id=110202&search_id=114132&scans_id=110198&peptide_id=25462&scanf=33459&charge=3&value=14/56,sp|Q9NXF1|TEX10_HUMAN,/core/www/modules//consensus/?run_id=110202&search_id=114132&scans_id=110198&peptide_id=25462&scanf=33459&charge=3&value=sp|Q9NXF1|TEX10_HUMAN,0,/core/www/modules/match_peptides/blast_html4.php?run_id=110202&search_id=114132&scans_id=110198&peptide_id=25462&scanf=33459&charge=3&value=0,R.THMLTNAILVQQIIK.N,/core/www/modules/show_out/show_out_wrapper.php?run_id=110202&search_id=114132&scans_id=110198&peptide_id=25462&scanf=33459&charge=3&value=R.THMLTNAILVQQIIK.N,TEX10,9.518e+6,3.077,0.003,2.522,0.000
33462,2,"  4.706","  0.554",16/28,/core/www/modules//sdig/index.php?run_id=110202&search_id=114132&scans_id=110198&peptide_id=25466&scanf=33462&charge=2&value=16/28,sp|P19387|RPB3_HUMAN,/core/www/modules//consensus/?run_id=110202&search_id=114132&scans_id=110198&peptide_id=25466&scanf=33462&charge=2&value=sp|P19387|RPB3_HUMAN,1,/core/www/modules/match_peptides/blast_html4.php?run_id=110202&search_id=114132&scans_id=110198&peptide_id=25466&scanf=33462&charge=2&value=1,K.FIIENTDLAVANSIR.R,/core/www/modules/show_out/show_out_wrapper.php?run_id=110202&search_id=114132&scans_id=110198&peptide_id=25466&scanf=33462&charge=2&value=K.FIIENTDLAVANSIR.R,POLR2C,2.669e+6,3.215,0.002,2.726,0.000
33463,2,"  1.937","  0.248",10/18,/core/www/modules//sdig/index.php?run_id=110202&search_id=114132&scans_id=110198&peptide_id=25467&scanf=33463&charge=2&value=10/18,sp|P31483|TIA1_HUMAN,/core/www/modules//consensus/?run_id=110202&search_id=114132&scans_id=110198&peptide_id=25467&scanf=33463&charge=2&value=sp|P31483|TIA1_HUMAN,3,/core/www/modules/match_peptides/blast_html4.php?run_id=110202&search_id=114132&scans_id=110198&peptide_id=25467&scanf=33463&charge=2&value=3,K.GYGFVSFFNK.W,/core/www/modules/show_out/show_out_wrapper.php?run_id=110202&search_id=114132&scans_id=110198&peptide_id=25467&scanf=33463&charge=2&value=K.GYGFVSFFNK.W,TIA1,1.791e+6,2.249,0.048,1.315,0.002
33466,2,"  3.834","  0.587",18/30,/core/www/modules//sdig/index.php?run_id=110202&search_id=114132&scans_id=110198&peptide_id=25470&scanf=33466&charge=2&value=18/30,sp|Q9Y4A5|TRRAP_HUMAN,/core/www/modules//consensus/?run_id=110202&search_id=114132&scans_id=110198&peptide_id=25470&scanf=33466&charge=2&value=sp|Q9Y4A5|TRRAP_HUMAN,3,/core/www/modules/match_peptides/blast_html4.php?run_id=110202&search_id=114132&scans_id=110198&peptide_id=25470&scanf=33466&charge=2&value=3,R.LVEDNPSSLSLVEIYK.Q,/core/www/modules/show_out/show_out_wrapper.php?run_id=110202&search_id=114132&scans_id=110198&peptide_id=25470&scanf=33466&charge=2&value=R.LVEDNPSSLSLVEIYK.Q,TRRAP,1.113e+7,3.456,0.001,3.084,0.000
33468,2,"  1.819","  0.379",8/14,/core/www/modules//sdig/index.php?run_id=110202&search_id=114132&scans_id=110198&peptide_id=25472&scanf=33468&charge=2&value=8/14,sp|P23284|PPIB_HUMAN,/core/www/modules//consensus/?run_id=110202&search_id=114132&scans_id=110198&peptide_id=25472&scanf=33468&charge=2&value=sp|P23284|PPIB_HUMAN,3,/core/www/modules/match_peptides/blast_html4.php?run_id=110202&search_id=114132&scans_id=110198&peptide_id=25472&scanf=33468&charge=2&value=3,R.VIFGLFGK.T,/core/www/modules/show_out/show_out_wrapper.php?run_id=110202&search_id=114132&scans_id=110198&peptide_id=25472&scanf=33468&charge=2&value=R.VIFGLFGK.T,PPIB,1.049e+7,2.843,0.007,2.176,0.000
33469,3,"  3.359","  0.541",17/56,/core/www/modules//sdig/index.php?run_id=110202&search_id=114132&scans_id=110198&peptide_id=25473&scanf=33469&charge=3&value=17/56,sp|Q99575|POP1_HUMAN,/core/www/modules//consensus/?run_id=110202&search_id=114132&scans_id=110198&peptide_id=25473&scanf=33469&charge=3&value=sp|Q99575|POP1_HUMAN,0,/core/www/modules/match_peptides/blast_html4.php?run_id=110202&search_id=114132&scans_id=110198&peptide_id=25473&scanf=33469&charge=3&value=0,R.LIGPLSHSILTEAIK.A,/core/www/modules/show_out/show_out_wrapper.php?run_id=110202&search_id=114132&scans_id=110198&peptide_id=25473&scanf=33469&charge=3&value=R.LIGPLSHSILTEAIK.A,POP1,1.493e+7,3.306,0.001,2.861,0.000
33475,3,"  2.518","  0.509",14/36,/core/www/modules//sdig/index.php?run_id=110202&search_id=114132&scans_id=110198&peptide_id=25479&scanf=33475&charge=3&value=14/36,sp|O00148|DX39A_HUMAN,/core/www/modules//consensus/?run_id=110202&search_id=114132&scans_id=110198&peptide_id=25479&scanf=33475&charge=3&value=sp|O00148|DX39A_HUMAN,19,/core/www/modules/match_peptides/blast_html4.php?run_id=110202&search_id=114132&scans_id=110198&peptide_id=25479&scanf=33475&charge=3&value=19,R.DFLLKPELLR.A,/core/www/modules/show_out/show_out_wrapper.php?run_id=110202&search_id=114132&scans_id=110198&peptide_id=25479&scanf=33475&charge=3&value=R.DFLLKPELLR.A,DDX39A,5.623e+8,3.535,0.001,3.200,0.000
33476,2,"  3.218","  0.641",15/26,/core/www/modules//sdig/index.php?run_id=110202&search_id=114132&scans_id=110198&peptide_id=25480&scanf=33476&charge=2&value=15/26,sp|P38159|RBMX_HUMAN,/core/www/modules//consensus/?run_id=110202&search_id=114132&scans_id=110198&peptide_id=25480&scanf=33476&charge=2&value=sp|P38159|RBMX_HUMAN,7,/core/www/modules/match_peptides/blast_html4.php?run_id=110202&search_id=114132&scans_id=110198&peptide_id=25480&scanf=33476&charge=2&value=7,R.GFAFVTFESPADAK.D,/core/www/modules/show_out/show_out_wrapper.php?run_id=110202&search_id=114132&scans_id=110198&peptide_id=25480&scanf=33476&charge=2&value=R.GFAFVTFESPADAK.D,RBMX,3.612e+8,3.798,0.000,3.590,0.000
33477,3,"  3.999","  0.674",19/60,/core/www/modules//sdig/index.php?run_id=110202&search_id=114132&scans_id=110198&peptide_id=25481&scanf=33477&charge=3&value=19/60,sp|P18621|RL17_HUMAN,/core/www/modules//consensus/?run_id=110202&search_id=114132&scans_id=110198&peptide_id=25481&scanf=33477&charge=3&value=sp|P18621|RL17_HUMAN,9,/core/www/modules/match_peptides/blast_html4.php?run_id=110202&search_id=114132&scans_id=110198&peptide_id=25481&scanf=33477&charge=3&value=9,K.GLDVDSLVIEHIQVNK.A,/core/www/modules/show_out/show_out_wrapper.php?run_id=110202&search_id=114132&scans_id=110198&peptide_id=25481&scanf=33477&charge=3&value=K.GLDVDSLVIEHIQVNK.A,RPL17,2.892e+8,3.804,0.000,3.599,0.000
33478,2,"  1.897","  0.465",9/14,/core/www/modules//sdig/index.php?run_id=110202&search_id=114132&scans_id=110198&peptide_id=25482&scanf=33478&charge=2&value=9/14,sp|Q13315|ATM_HUMAN,/core/www/modules//consensus/?run_id=110202&search_id=114132&scans_id=110198&peptide_id=25482&scanf=33478&charge=2&value=sp|Q13315|ATM_HUMAN,2,/core/www/modules/match_peptides/blast_html4.php?run_id=110202&search_id=114132&scans_id=110198&peptide_id=25482&scanf=33478&charge=2&value=2,K.MDFLTIVR.E,/core/www/modules/show_out/show_out_wrapper.php?run_id=110202&search_id=114132&scans_id=110198&peptide_id=25482&scanf=33478&charge=2&value=K.MDFLTIVR.E,ATM,4.009e+6,3.337,0.001,2.907,0.000
33480,2,"  1.646","  0.255",8/14,/core/www/modules//sdig/index.php?run_id=110202&search_id=114132&scans_id=110198&peptide_id=25485&scanf=33480&charge=2&value=8/14,sp|Q8NAV1|PR38A_HUMAN,/core/www/modules//consensus/?run_id=110202&search_id=114132&scans_id=110198&peptide_id=25485&scanf=33480&charge=2&value=sp|Q8NAV1|PR38A_HUMAN,0,/core/www/modules/match_peptides/blast_html4.php?run_id=110202&search_id=114132&scans_id=110198&peptide_id=25485&scanf=33480&charge=2&value=0,K.DIIVEFIK.N,/core/www/modules/show_out/show_out_wrapper.php?run_id=110202&search_id=114132&scans_id=110198&peptide_id=25485&scanf=33480&charge=2&value=K.DIIVEFIK.N,PRPF38A,8.631e+6,2.431,0.027,1.574,0.001
33482,2,"  2.266","  0.327",9/14,/core/www/modules//sdig/index.php?run_id=110202&search_id=114132&scans_id=110198&peptide_id=25487&scanf=33482&charge=2&value=9/14,sp|P18754|RCC1_HUMAN,/core/www/modules//consensus/?run_id=110202&search_id=114132&scans_id=110198&peptide_id=25487&scanf=33482&charge=2&value=sp|P18754|RCC1_HUMAN,5,/core/www/modules/match_peptides/blast_html4.php?run_id=110202&search_id=114132&scans_id=110198&peptide_id=25487&scanf=33482&charge=2&value=5,R.VFLWGSFR.D,/core/www/modules/show_out/show_out_wrapper.php?run_id=110202&search_id=114132&scans_id=110198&peptide_id=25487&scanf=33482&charge=2&value=R.VFLWGSFR.D,RCC1,4.459e+6,2.818,0.007,2.140,0.000
33486,2,"  5.384","  0.684",22/32,/core/www/modules//sdig/index.php?run_id=110202&search_id=114132&scans_id=110198&peptide_id=25491&scanf=33486&charge=2&value=22/32,sp|P35579|MYH9_HUMAN,/core/www/modules//consensus/?run_id=110202&search_id=114132&scans_id=110198&peptide_id=25491&scanf=33486&charge=2&value=sp|P35579|MYH9_HUMAN,1,/core/www/modules/match_peptides/blast_html4.php?run_id=110202&search_id=114132&scans_id=110198&peptide_id=25491&scanf=33486&charge=2&value=1,R.ELESQISELQEDLESER.A,/core/www/modules/show_out/show_out_wrapper.php?run_id=110202&search_id=114132&scans_id=110198&peptide_id=25491&scanf=33486&charge=2&value=R.ELESQISELQEDLESER.A,MYH9,3.198e+6,3.916,0.000,3.765,0.000
33488,2,"  2.501","  0.329",11/16,/core/www/modules//sdig/index.php?run_id=110202&search_id=114132&scans_id=110198&peptide_id=25493&scanf=33488&charge=2&value=11/16,sp|Q13617|CUL2_HUMAN,/core/www/modules//consensus/?run_id=110202&search_id=114132&scans_id=110198&peptide_id=25493&scanf=33488&charge=2&value=sp|Q13617|CUL2_HUMAN,9,/core/www/modules/match_peptides/blast_html4.php?run_id=110202&search_id=114132&scans_id=110198&peptide_id=25493&scanf=33488&charge=2&value=9,R.LTSFITVFK.Y,/core/www/modules/show_out/show_out_wrapper.php?run_id=110202&search_id=114132&scans_id=110198&peptide_id=25493&scanf=33488&charge=2&value=R.LTSFITVFK.Y,CUL2,5.048e+6,2.861,0.006,2.203,0.000
33492,3,"  5.082","  0.625",17/84,/core/www/modules//sdig/index.php?run_id=110202&search_id=114132&scans_id=110198&peptide_id=25498&scanf=33492&charge=3&value=17/84,sp|Q14692|BMS1_HUMAN,/core/www/modules//consensus/?run_id=110202&search_id=114132&scans_id=110198&peptide_id=25498&scanf=33492&charge=3&value=sp|Q14692|BMS1_HUMAN,0,/core/www/modules/match_peptides/blast_html4.php?run_id=110202&search_id=114132&scans_id=110198&peptide_id=25498&scanf=33492&charge=3&value=0,K.VLAEDEELYGDFEDLETGDVHK.G,/core/www/modules/show_out/show_out_wrapper.php?run_id=110202&search_id=114132&scans_id=110198&peptide_id=25498&scanf=33492&charge=3&value=K.VLAEDEELYGDFEDLETGDVHK.G,BMS1,1.559e+6,3.287,0.001,2.833,0.000
33496,3,"  5.804","  0.689",25/76,/core/www/modules//sdig/index.php?run_id=110202&search_id=114132&scans_id=110198&peptide_id=25501&scanf=33496&charge=3&value=25/76,sp|O14579|COPE_HUMAN,/core/www/modules//consensus/?run_id=110202&search_id=114132&scans_id=110198&peptide_id=25501&scanf=33496&charge=3&value=sp|O14579|COPE_HUMAN,2,/core/www/modules/match_peptides/blast_html4.php?run_id=110202&search_id=114132&scans_id=110198&peptide_id=25501&scanf=33496&charge=3&value=2,K.FGVVLDEIKPSSAPELQAVR.M,/core/www/modules/show_out/show_out_wrapper.php?run_id=110202&search_id=114132&scans_id=110198&peptide_id=25501&scanf=33496&charge=3&value=K.FGVVLDEIKPSSAPELQAVR.M,COPE,1.580e+7,3.736,0.000,3.499,0.000
33497,2,"  4.289","  0.705",14/28,/core/www/modules//sdig/index.php?run_id=110202&search_id=114132&scans_id=110198&peptide_id=25502&scanf=33497&charge=2&value=14/28,sp|Q96QC0|PP1RA_HUMAN,/core/www/modules//consensus/?run_id=110202&search_id=114132&scans_id=110198&peptide_id=25502&scanf=33497&charge=2&value=sp|Q96QC0|PP1RA_HUMAN,0,/core/www/modules/match_peptides/blast_html4.php?run_id=110202&search_id=114132&scans_id=110198&peptide_id=25502&scanf=33497&charge=2&value=0,R.STGLELETPSLVPVK.K,/core/www/modules/show_out/show_out_wrapper.php?run_id=110202&search_id=114132&scans_id=110198&peptide_id=25502&scanf=33497&charge=2&value=R.STGLELETPSLVPVK.K,PPP1R10,8.589e+6,3.730,0.000,3.489,0.000
33498,3,"  6.465","  0.577",20/80,/core/www/modules//sdig/index.php?run_id=110202&search_id=114132&scans_id=110198&peptide_id=25503&scanf=33498&charge=3&value=20/80,sp|Q8N3U4|STAG2_HUMAN,/core/www/modules//consensus/?run_id=110202&search_id=114132&scans_id=110198&peptide_id=25503&scanf=33498&charge=3&value=sp|Q8N3U4|STAG2_HUMAN,1,/core/www/modules/match_peptides/blast_html4.php?run_id=110202&search_id=114132&scans_id=110198&peptide_id=25503&scanf=33498&charge=3&value=1,R.EQTLHTPVMMQTPQLTSTIMR.E,/core/www/modules/show_out/show_out_wrapper.php?run_id=110202&search_id=114132&scans_id=110198&peptide_id=25503&scanf=33498&charge=3&value=R.EQTLHTPVMMQTPQLTSTIMR.E,STAG2,5.992e+6,3.324,0.001,2.887,0.000
33501,2,"  5.242","  0.700",21/34,/core/www/modules//sdig/index.php?run_id=110202&search_id=114132&scans_id=110198&peptide_id=25507&scanf=33501&charge=2&value=21/34,sp|Q6PL18|ATAD2_HUMAN,/core/www/modules//consensus/?run_id=110202&search_id=114132&scans_id=110198&peptide_id=25507&scanf=33501&charge=2&value=sp|Q6PL18|ATAD2_HUMAN,0,/core/www/modules/match_peptides/blast_html4.php?run_id=110202&search_id=114132&scans_id=110198&peptide_id=25507&scanf=33501&charge=2&value=0,K.IGASLADVDPMQLDSSVR.F,/core/www/modules/show_out/show_out_wrapper.php?run_id=110202&search_id=114132&scans_id=110198&peptide_id=25507&scanf=33501&charge=2&value=K.IGASLADVDPMQLDSSVR.F,ATAD2,4.007e+6,3.775,0.000,3.555,0.000
33502,2,"  2.842","  0.417",12/22,/core/www/modules//sdig/index.php?run_id=110202&search_id=114132&scans_id=110198&peptide_id=25508&scanf=33502&charge=2&value=12/22,sp|Q8TAQ2|SMRC2_HUMAN,/core/www/modules//consensus/?run_id=110202&search_id=114132&scans_id=110198&peptide_id=25508&scanf=33502&charge=2&value=sp|Q8TAQ2|SMRC2_HUMAN,2,/core/www/modules/match_peptides/blast_html4.php?run_id=110202&search_id=114132&scans_id=110198&peptide_id=25508&scanf=33502&charge=2&value=2,K.SLVALLVETQM*K.K,/core/www/modules/show_out/show_out_wrapper.php?run_id=110202&search_id=114132&scans_id=110198&peptide_id=25508&scanf=33502&charge=2&value=K.SLVALLVETQM*K.K,SMARCC2,2.406e+6,2.882,0.006,2.234,0.000
33504,3,"  3.072","  0.368",10/52,/core/www/modules//sdig/index.php?run_id=110202&search_id=114132&scans_id=110198&peptide_id=25510&scanf=33504&charge=3&value=10/52,sp|P60709|ACTB_HUMAN,/core/www/modules//consensus/?run_id=110202&search_id=114132&scans_id=110198&peptide_id=25510&scanf=33504&charge=3&value=sp|P60709|ACTB_HUMAN,16,/core/www/modules/match_peptides/blast_html4.php?run_id=110202&search_id=114132&scans_id=110198&peptide_id=25510&scanf=33504&charge=3&value=16,R.LDLAGRDLTDYLMK.I,/core/www/modules/show_out/show_out_wrapper.php?run_id=110202&search_id=114132&scans_id=110198&peptide_id=25510&scanf=33504&charge=3&value=R.LDLAGRDLTDYLMK.I,ACTB,2.936e+6,2.835,0.007,2.165,0.000
33505,3,"  3.648","  0.516",15/44,/core/www/modules//sdig/index.php?run_id=110202&search_id=114132&scans_id=110198&peptide_id=25511&scanf=33505&charge=3&value=15/44,sp|P46063|RECQ1_HUMAN,/core/www/modules//consensus/?run_id=110202&search_id=114132&scans_id=110198&peptide_id=25511&scanf=33505&charge=3&value=sp|P46063|RECQ1_HUMAN,0,/core/www/modules/match_peptides/blast_html4.php?run_id=110202&search_id=114132&scans_id=110198&peptide_id=25511&scanf=33505&charge=3&value=0,K.IIAHFLIQQYLK.E,/core/www/modules/show_out/show_out_wrapper.php?run_id=110202&search_id=114132&scans_id=110198&peptide_id=25511&scanf=33505&charge=3&value=K.IIAHFLIQQYLK.E,RECQL,5.041e+6,3.437,0.001,3.055,0.000
33507,3,"  5.633","  0.641",18/88,/core/www/modules//sdig/index.php?run_id=110202&search_id=114132&scans_id=110198&peptide_id=25513&scanf=33507&charge=3&value=18/88,sp|Q9UMS4|PRP19_HUMAN,/core/www/modules//consensus/?run_id=110202&search_id=114132&scans_id=110198&peptide_id=25513&scanf=33507&charge=3&value=sp|Q9UMS4|PRP19_HUMAN,0,/core/www/modules/match_peptides/blast_html4.php?run_id=110202&search_id=114132&scans_id=110198&peptide_id=25513&scanf=33507&charge=3&value=0,K.VTSVVFHPSQDLVFSASPDATIR.I,/core/www/modules/show_out/show_out_wrapper.php?run_id=110202&search_id=114132&scans_id=110198&peptide_id=25513&scanf=33507&charge=3&value=K.VTSVVFHPSQDLVFSASPDATIR.I,PRPF19,4.118e+7,3.341,0.001,2.912,0.000
33509,2,"  1.960","  0.294",9/16,/core/www/modules//sdig/index.php?run_id=110202&search_id=114132&scans_id=110198&peptide_id=25515&scanf=33509&charge=2&value=9/16,sp|Q9NSD9|SYFB_HUMAN,/core/www/modules//consensus/?run_id=110202&search_id=114132&scans_id=110198&peptide_id=25515&scanf=33509&charge=2&value=sp|Q9NSD9|SYFB_HUMAN,0,/core/www/modules/match_peptides/blast_html4.php?run_id=110202&search_id=114132&scans_id=110198&peptide_id=25515&scanf=33509&charge=2&value=0,R.DLLFQALGR.T,/core/www/modules/show_out/show_out_wrapper.php?run_id=110202&search_id=114132&scans_id=110198&peptide_id=25515&scanf=33509&charge=2&value=R.DLLFQALGR.T,FARSB,5.945e+6,2.380,0.032,1.501,0.001
33519,3,"  4.287","  0.646",14/68,/core/www/modules//sdig/index.php?run_id=110202&search_id=114132&scans_id=110198&peptide_id=25525&scanf=33519&charge=3&value=14/68,sp|Q8WVV9|HNRLL_HUMAN,/core/www/modules//consensus/?run_id=110202&search_id=114132&scans_id=110198&peptide_id=25525&scanf=33519&charge=3&value=sp|Q8WVV9|HNRLL_HUMAN,3,/core/www/modules/match_peptides/blast_html4.php?run_id=110202&search_id=114132&scans_id=110198&peptide_id=25525&scanf=33519&charge=3&value=3,K.TIPGTALVEMGDEYAVER.A,/core/www/modules/show_out/show_out_wrapper.php?run_id=110202&search_id=114132&scans_id=110198&peptide_id=25525&scanf=33519&charge=3&value=K.TIPGTALVEMGDEYAVER.A,HNRNPLL,5.839e+6,3.463,0.001,3.094,0.000
33520,2,"  3.651","  0.565",11/24,/core/www/modules//sdig/index.php?run_id=110202&search_id=114132&scans_id=110198&peptide_id=25527&scanf=33520&charge=2&value=11/24,sp|O14617|AP3D1_HUMAN,/core/www/modules//consensus/?run_id=110202&search_id=114132&scans_id=110198&peptide_id=25527&scanf=33520&charge=2&value=sp|O14617|AP3D1_HUMAN,2,/core/www/modules/match_peptides/blast_html4.php?run_id=110202&search_id=114132&scans_id=110198&peptide_id=25527&scanf=33520&charge=2&value=2,K.GMELSVLDSLNAR.M,/core/www/modules/show_out/show_out_wrapper.php?run_id=110202&search_id=114132&scans_id=110198&peptide_id=25527&scanf=33520&charge=2&value=K.GMELSVLDSLNAR.M,AP3D1,2.878e+6,3.245,0.002,2.770,0.000
33523,2,"  2.523","  0.492",12/22,/core/www/modules//sdig/index.php?run_id=110202&search_id=114132&scans_id=110198&peptide_id=25530&scanf=33523&charge=2&value=12/22,sp|O75369|FLNB_HUMAN,/core/www/modules//consensus/?run_id=110202&search_id=114132&scans_id=110198&peptide_id=25530&scanf=33523&charge=2&value=sp|O75369|FLNB_HUMAN,3,/core/www/modules/match_peptides/blast_html4.php?run_id=110202&search_id=114132&scans_id=110198&peptide_id=25530&scanf=33523&charge=2&value=3,R.TFEMSDFIVDTR.D,/core/www/modules/show_out/show_out_wrapper.php?run_id=110202&search_id=114132&scans_id=110198&peptide_id=25530&scanf=33523&charge=2&value=R.TFEMSDFIVDTR.D,FLNB,3.932e+7,3.234,0.002,2.754,0.000
33525,2,"  4.502","  0.477",14/26,/core/www/modules//sdig/index.php?run_id=110202&search_id=114132&scans_id=110198&peptide_id=25532&scanf=33525&charge=2&value=14/26,sp|P13797|PLST_HUMAN,/core/www/modules//consensus/?run_id=110202&search_id=114132&scans_id=110198&peptide_id=25532&scanf=33525&charge=2&value=sp|P13797|PLST_HUMAN,0,/core/www/modules/match_peptides/blast_html4.php?run_id=110202&search_id=114132&scans_id=110198&peptide_id=25532&scanf=33525&charge=2&value=0,R.YTLNVLEDLGDGQK.A,/core/www/modules/show_out/show_out_wrapper.php?run_id=110202&search_id=114132&scans_id=110198&peptide_id=25532&scanf=33525&charge=2&value=R.YTLNVLEDLGDGQK.A,PLS3,1.835e+6,3.025,0.004,2.445,0.000
33528,3,"  2.099","  0.319",13/40,/core/www/modules//sdig/index.php?run_id=110202&search_id=114132&scans_id=110198&peptide_id=25535&scanf=33528&charge=3&value=13/40,sp|P29375|KDM5A_HUMAN,/core/www/modules//consensus/?run_id=110202&search_id=114132&scans_id=110198&peptide_id=25535&scanf=33528&charge=3&value=sp|P29375|KDM5A_HUMAN,2,/core/www/modules/match_peptides/blast_html4.php?run_id=110202&search_id=114132&scans_id=110198&peptide_id=25535&scanf=33528&charge=3&value=2,R.VRLDFLDQLAK.F,/core/www/modules/show_out/show_out_wrapper.php?run_id=110202&search_id=114132&scans_id=110198&peptide_id=25535&scanf=33528&charge=3&value=R.VRLDFLDQLAK.F,KDM5A,1.791e+6,2.370,0.033,1.487,0.001
33529,3,"  2.296","  0.231",8/56,/core/www/modules//sdig/index.php?run_id=110202&search_id=114132&scans_id=110198&peptide_id=25536&scanf=33529&charge=3&value=8/56,sp|P35241|RADI_HUMAN,/core/www/modules//consensus/?run_id=110202&search_id=114132&scans_id=110198&peptide_id=25536&scanf=33529&charge=3&value=sp|P35241|RADI_HUMAN,2,/core/www/modules/match_peptides/blast_html4.php?run_id=110202&search_id=114132&scans_id=110198&peptide_id=25536&scanf=33529&charge=3&value=2,K.NQEQLAAELAEFTAK.I,/core/www/modules/show_out/show_out_wrapper.php?run_id=110202&search_id=114132&scans_id=110198&peptide_id=25536&scanf=33529&charge=3&value=K.NQEQLAAELAEFTAK.I,RDX,2.120e+6,1.901,0.143,0.844,0.007
33530,4,"  3.635","  0.429",16/90,/core/www/modules//sdig/index.php?run_id=110202&search_id=114132&scans_id=110198&peptide_id=25538&scanf=33530&charge=4&value=16/90,sp|P49585|PCY1A_HUMAN,/core/www/modules//consensus/?run_id=110202&search_id=114132&scans_id=110198&peptide_id=25538&scanf=33530&charge=4&value=sp|P49585|PCY1A_HUMAN,9,/core/www/modules/match_peptides/blast_html4.php?run_id=110202&search_id=114132&scans_id=110198&peptide_id=25538&scanf=33530&charge=4&value=9,R.VYADGIFDLFHSGHAR.A,/core/www/modules/show_out/show_out_wrapper.php?run_id=110202&search_id=114132&scans_id=110198&peptide_id=25538&scanf=33530&charge=4&value=R.VYADGIFDLFHSGHAR.A,PCYT1A,4.902e+6,3.177,0.002,2.670,0.000
33531,2,"  2.201","  0.352",8/22,/core/www/modules//sdig/index.php?run_id=110202&search_id=114132&scans_id=110198&peptide_id=25539&scanf=33531&charge=2&value=8/22,sp|Q58FF6|H90B4_HUMAN,/core/www/modules//consensus/?run_id=110202&search_id=114132&scans_id=110198&peptide_id=25539&scanf=33531&charge=2&value=sp|Q58FF6|H90B4_HUMAN,0,/core/www/modules/match_peptides/blast_html4.php?run_id=110202&search_id=114132&scans_id=110198&peptide_id=25539&scanf=33531&charge=2&value=0,-.MSLIINTFYSNK.E,/core/www/modules/show_out/show_out_wrapper.php?run_id=110202&search_id=114132&scans_id=110198&peptide_id=25539&scanf=33531&charge=2&value=-.MSLIINTFYSNK.E,HSP90AB4P,2.054e+6,2.262,0.046,1.333,0.002
33534,3,"  4.200","  0.515",14/60,/core/www/modules//sdig/index.php?run_id=110202&search_id=114132&scans_id=110198&peptide_id=25542&scanf=33534&charge=3&value=14/60,sp|Q15061|WDR43_HUMAN,/core/www/modules//consensus/?run_id=110202&search_id=114132&scans_id=110198&peptide_id=25542&scanf=33534&charge=3&value=sp|Q15061|WDR43_HUMAN,0,/core/www/modules/match_peptides/blast_html4.php?run_id=110202&search_id=114132&scans_id=110198&peptide_id=25542&scanf=33534&charge=3&value=0,R.LQGHPNSAVLMVQWLK.C,/core/www/modules/show_out/show_out_wrapper.php?run_id=110202&search_id=114132&scans_id=110198&peptide_id=25542&scanf=33534&charge=3&value=R.LQGHPNSAVLMVQWLK.C,WDR43,1.738e+6,3.099,0.003,2.554,0.000
33537,3,"  3.259","  0.562",19/44,/core/www/modules//sdig/index.php?run_id=110202&search_id=114132&scans_id=110198&peptide_id=25544&scanf=33537&charge=3&value=19/44,sp|Q13315|ATM_HUMAN,/core/www/modules//consensus/?run_id=110202&search_id=114132&scans_id=110198&peptide_id=25544&scanf=33537&charge=3&value=sp|Q13315|ATM_HUMAN,1,/core/www/modules/match_peptides/blast_html4.php?run_id=110202&search_id=114132&scans_id=110198&peptide_id=25544&scanf=33537&charge=3&value=1,K.LLDPFPDHVVFK.D,/core/www/modules/show_out/show_out_wrapper.php?run_id=110202&search_id=114132&scans_id=110198&peptide_id=25544&scanf=33537&charge=3&value=K.LLDPFPDHVVFK.D,ATM,9.133e+6,3.711,0.000,3.461,0.000
33538,2,"  1.570","  0.379",8/16,/core/www/modules//sdig/index.php?run_id=110202&search_id=114132&scans_id=110198&peptide_id=25545&scanf=33538&charge=2&value=8/16,sp|P13010|XRCC5_HUMAN,/core/www/modules//consensus/?run_id=110202&search_id=114132&scans_id=110198&peptide_id=25545&scanf=33538&charge=2&value=sp|P13010|XRCC5_HUMAN,0,/core/www/modules/match_peptides/blast_html4.php?run_id=110202&search_id=114132&scans_id=110198&peptide_id=25545&scanf=33538&charge=2&value=0,K.TLFPLIEAK.K,/core/www/modules/show_out/show_out_wrapper.php?run_id=110202&search_id=114132&scans_id=110198&peptide_id=25545&scanf=33538&charge=2&value=K.TLFPLIEAK.K,XRCC5,1.454e+8,2.809,0.007,2.126,0.000
33542,2,"  4.398","  0.549",17/30,/core/www/modules//sdig/index.php?run_id=110202&search_id=114132&scans_id=110198&peptide_id=25550&scanf=33542&charge=2&value=17/30,sp|Q9Y5B9|SP16H_HUMAN,/core/www/modules//consensus/?run_id=110202&search_id=114132&scans_id=110198&peptide_id=25550&scanf=33542&charge=2&value=sp|Q9Y5B9|SP16H_HUMAN,0,/core/www/modules/match_peptides/blast_html4.php?run_id=110202&search_id=114132&scans_id=110198&peptide_id=25550&scanf=33542&charge=2&value=0,K.GNENANGAPAITLLIR.E,/core/www/modules/show_out/show_out_wrapper.php?run_id=110202&search_id=114132&scans_id=110198&peptide_id=25550&scanf=33542&charge=2&value=K.GNENANGAPAITLLIR.E,SUPT16H,7.001e+6,3.286,0.001,2.831,0.000
33544,4,"  3.586","  0.439",18/66,/core/www/modules//sdig/index.php?run_id=110202&search_id=114132&scans_id=110198&peptide_id=25552&scanf=33544&charge=4&value=18/66,sp|Q13428|TCOF_HUMAN,/core/www/modules//consensus/?run_id=110202&search_id=114132&scans_id=110198&peptide_id=25552&scanf=33544&charge=4&value=sp|Q13428|TCOF_HUMAN,5,/core/www/modules/match_peptides/blast_html4.php?run_id=110202&search_id=114132&scans_id=110198&peptide_id=25552&scanf=33544&charge=4&value=5,R.ELLPLIYHHLLR.A,/core/www/modules/show_out/show_out_wrapper.php?run_id=110202&search_id=114132&scans_id=110198&peptide_id=25552&scanf=33544&charge=4&value=R.ELLPLIYHHLLR.A,TCOF1,2.612e+6,3.504,0.001,3.155,0.000
33548,3,"  5.014","  0.552",16/60,/core/www/modules//sdig/index.php?run_id=110202&search_id=114132&scans_id=110198&peptide_id=25556&scanf=33548&charge=3&value=16/60,sp|O15371|EIF3D_HUMAN,/core/www/modules//consensus/?run_id=110202&search_id=114132&scans_id=110198&peptide_id=25556&scanf=33548&charge=3&value=sp|O15371|EIF3D_HUMAN,1,/core/www/modules/match_peptides/blast_html4.php?run_id=110202&search_id=114132&scans_id=110198&peptide_id=25556&scanf=33548&charge=3&value=1,R.SDWEVKEEMDFPQLMK.M,/core/www/modules/show_out/show_out_wrapper.php?run_id=110202&search_id=114132&scans_id=110198&peptide_id=25556&scanf=33548&charge=3&value=R.SDWEVKEEMDFPQLMK.M,EIF3D,1.469e+6,3.027,0.004,2.448,0.000
33549,4,"  2.607","  0.401",15/108,/core/www/modules//sdig/index.php?run_id=110202&search_id=114132&scans_id=110198&peptide_id=25557&scanf=33549&charge=4&value=15/108,sp|O75396|SC22B_HUMAN,/core/www/modules//consensus/?run_id=110202&search_id=114132&scans_id=110198&peptide_id=25557&scanf=33549&charge=4&value=sp|O75396|SC22B_HUMAN,0,/core/www/modules/match_peptides/blast_html4.php?run_id=110202&search_id=114132&scans_id=110198&peptide_id=25557&scanf=33549&charge=4&value=0,K.LAFAYLEDLHSEFDEQHGK.K,/core/www/modules/show_out/show_out_wrapper.php?run_id=110202&search_id=114132&scans_id=110198&peptide_id=25557&scanf=33549&charge=4&value=K.LAFAYLEDLHSEFDEQHGK.K,SEC22B,2.627e+6,2.830,0.007,2.157,0.000
33552,2,"  3.141","  0.574",11/24,/core/www/modules//sdig/index.php?run_id=110202&search_id=114132&scans_id=110198&peptide_id=25560&scanf=33552&charge=2&value=11/24,sp|Q86YW9|MD12L_HUMAN,/core/www/modules//consensus/?run_id=110202&search_id=114132&scans_id=110198&peptide_id=25560&scanf=33552&charge=2&value=sp|Q86YW9|MD12L_HUMAN,11,/core/www/modules/match_peptides/blast_html4.php?run_id=110202&search_id=114132&scans_id=110198&peptide_id=25560&scanf=33552&charge=2&value=11,R.LNLVGGMFDTVQR.S,/core/www/modules/show_out/show_out_wrapper.php?run_id=110202&search_id=114132&scans_id=110198&peptide_id=25560&scanf=33552&charge=2&value=R.LNLVGGMFDTVQR.S,MED12L,4.801e+6,3.199,0.002,2.702,0.000
33553,3,"  4.314","  0.541",11/60,/core/www/modules//sdig/index.php?run_id=110202&search_id=114132&scans_id=110198&peptide_id=25561&scanf=33553&charge=3&value=11/60,sp|Q12906|ILF3_HUMAN,/core/www/modules//consensus/?run_id=110202&search_id=114132&scans_id=110198&peptide_id=25561&scanf=33553&charge=3&value=sp|Q12906|ILF3_HUMAN,4,/core/www/modules/match_peptides/blast_html4.php?run_id=110202&search_id=114132&scans_id=110198&peptide_id=25561&scanf=33553&charge=3&value=4,K.VADNLAIQLAAVTEDK.Y,/core/www/modules/show_out/show_out_wrapper.php?run_id=110202&search_id=114132&scans_id=110198&peptide_id=25561&scanf=33553&charge=3&value=K.VADNLAIQLAAVTEDK.Y,ILF3,4.908e+6,3.269,0.002,2.806,0.000
33554,2,"  6.200","  0.758",25/34,/core/www/modules//sdig/index.php?run_id=110202&search_id=114132&scans_id=110198&peptide_id=25562&scanf=33554&charge=2&value=25/34,sp|Q92769|HDAC2_HUMAN,/core/www/modules//consensus/?run_id=110202&search_id=114132&scans_id=110198&peptide_id=25562&scanf=33554&charge=2&value=sp|Q92769|HDAC2_HUMAN,0,/core/www/modules/match_peptides/blast_html4.php?run_id=110202&search_id=114132&scans_id=110198&peptide_id=25562&scanf=33554&charge=2&value=0,R.DGIDDESYGQIFKPIISK.V,/core/www/modules/show_out/show_out_wrapper.php?run_id=110202&search_id=114132&scans_id=110198&peptide_id=25562&scanf=33554&charge=2&value=R.DGIDDESYGQIFKPIISK.V,HDAC2,2.816e+6,4.245,0.000,4.253,0.000
33558,3,"  4.457","  0.561",20/68,/core/www/modules//sdig/index.php?run_id=110202&search_id=114132&scans_id=110198&peptide_id=25565&scanf=33558&charge=3&value=20/68,sp|P06733|ENOA_HUMAN,/core/www/modules//consensus/?run_id=110202&search_id=114132&scans_id=110198&peptide_id=25565&scanf=33558&charge=3&value=sp|P06733|ENOA_HUMAN,16,/core/www/modules/match_peptides/blast_html4.php?run_id=110202&search_id=114132&scans_id=110198&peptide_id=25565&scanf=33558&charge=3&value=16,R.AAVPSGASTGIYEALELR.D,/core/www/modules/show_out/show_out_wrapper.php?run_id=110202&search_id=114132&scans_id=110198&peptide_id=25565&scanf=33558&charge=3&value=R.AAVPSGASTGIYEALELR.D,ENO1,1.272e+7,3.335,0.001,2.904,0.000
33559,2,"  2.230","  0.540",10/16,/core/www/modules//sdig/index.php?run_id=110202&search_id=114132&scans_id=110198&peptide_id=25566&scanf=33559&charge=2&value=10/16,sp|Q6PL18|ATAD2_HUMAN,/core/www/modules//consensus/?run_id=110202&search_id=114132&scans_id=110198&peptide_id=25566&scanf=33559&charge=2&value=sp|Q6PL18|ATAD2_HUMAN,0,/core/www/modules/match_peptides/blast_html4.php?run_id=110202&search_id=114132&scans_id=110198&peptide_id=25566&scanf=33559&charge=2&value=0,R.EFLFSLPDK.E,/core/www/modules/show_out/show_out_wrapper.php?run_id=110202&search_id=114132&scans_id=110198&peptide_id=25566&scanf=33559&charge=2&value=R.EFLFSLPDK.E,ATAD2,1.005e+7,3.483,0.001,3.123,0.000
33561,4,"  6.750","  0.609",24/132,/core/www/modules//sdig/index.php?run_id=110202&search_id=114132&scans_id=110198&peptide_id=25569&scanf=33561&charge=4&value=24/132,sp|O60763|USO1_HUMAN,/core/www/modules//consensus/?run_id=110202&search_id=114132&scans_id=110198&peptide_id=25569&scanf=33561&charge=4&value=sp|O60763|USO1_HUMAN,0,/core/www/modules/match_peptides/blast_html4.php?run_id=110202&search_id=114132&scans_id=110198&peptide_id=25569&scanf=33561&charge=4&value=0,R.ASQKPQPNFPSPEYMIFDHEFTK.L,/core/www/modules/show_out/show_out_wrapper.php?run_id=110202&search_id=114132&scans_id=110198&peptide_id=25569&scanf=33561&charge=4&value=R.ASQKPQPNFPSPEYMIFDHEFTK.L,USO1,5.730e+6,3.742,0.000,3.507,0.000
33567,3,"  4.278","  0.562",20/68,/core/www/modules//sdig/index.php?run_id=110202&search_id=114132&scans_id=110198&peptide_id=25575&scanf=33567&charge=3&value=20/68,sp|Q13547|HDAC1_HUMAN,/core/www/modules//consensus/?run_id=110202&search_id=114132&scans_id=110198&peptide_id=25575&scanf=33567&charge=3&value=sp|Q13547|HDAC1_HUMAN,0,/core/www/modules/match_peptides/blast_html4.php?run_id=110202&search_id=114132&scans_id=110198&peptide_id=25575&scanf=33567&charge=3&value=0,R.DGIDDESYEAIFKPVMSK.V,/core/www/modules/show_out/show_out_wrapper.php?run_id=110202&search_id=114132&scans_id=110198&peptide_id=25575&scanf=33567&charge=3&value=R.DGIDDESYEAIFKPVMSK.V,HDAC1,1.830e+7,3.318,0.001,2.878,0.000
33569,3,"  4.336","  0.599",12/76,/core/www/modules//sdig/index.php?run_id=110202&search_id=114132&scans_id=110198&peptide_id=25577&scanf=33569&charge=3&value=12/76,sp|Q9P003|CNIH4_HUMAN,/core/www/modules//consensus/?run_id=110202&search_id=114132&scans_id=110198&peptide_id=25577&scanf=33569&charge=3&value=sp|Q9P003|CNIH4_HUMAN,1,/core/www/modules/match_peptides/blast_html4.php?run_id=110202&search_id=114132&scans_id=110198&peptide_id=25577&scanf=33569&charge=3&value=1,R.YIMVPSGNMGVFDPTEIHNR.G,/core/www/modules/show_out/show_out_wrapper.php?run_id=110202&search_id=114132&scans_id=110198&peptide_id=25577&scanf=33569&charge=3&value=R.YIMVPSGNMGVFDPTEIHNR.G,CNIH4,1.832e+6,3.133,0.002,2.605,0.000
33574,3,"  9.116","  0.712",30/96,/core/www/modules//sdig/index.php?run_id=110202&search_id=114132&scans_id=110198&peptide_id=25583&scanf=33574&charge=3&value=30/96,sp|Q8NFW8|NEUA_HUMAN,/core/www/modules//consensus/?run_id=110202&search_id=114132&scans_id=110198&peptide_id=25583&scanf=33574&charge=3&value=sp|Q8NFW8|NEUA_HUMAN,0,/core/www/modules/match_peptides/blast_html4.php?run_id=110202&search_id=114132&scans_id=110198&peptide_id=25583&scanf=33574&charge=3&value=0,R.AALDSGAFQSVWVSTDHDEIENVAK.Q,/core/www/modules/show_out/show_out_wrapper.php?run_id=110202&search_id=114132&scans_id=110198&peptide_id=25583&scanf=33574&charge=3&value=R.AALDSGAFQSVWVSTDHDEIENVAK.Q,CMAS,2.012e+7,3.895,0.000,3.734,0.000
33575,3,"  6.207","  0.625",23/76,/core/www/modules//sdig/index.php?run_id=110202&search_id=114132&scans_id=110198&peptide_id=25584&scanf=33575&charge=3&value=23/76,sp|Q08211|DHX9_HUMAN,/core/www/modules//consensus/?run_id=110202&search_id=114132&scans_id=110198&peptide_id=25584&scanf=33575&charge=3&value=sp|Q08211|DHX9_HUMAN,0,/core/www/modules/match_peptides/blast_html4.php?run_id=110202&search_id=114132&scans_id=110198&peptide_id=25584&scanf=33575&charge=3&value=0,K.NELM*YQLEQDHDLQAILQER.E,/core/www/modules/show_out/show_out_wrapper.php?run_id=110202&search_id=114132&scans_id=110198&peptide_id=25584&scanf=33575&charge=3&value=K.NELM*YQLEQDHDLQAILQER.E,DHX9,7.496e+6,3.870,0.000,3.696,0.000
33576,2,"  2.892","  0.462",9/18,/core/www/modules//sdig/index.php?run_id=110202&search_id=114132&scans_id=110198&peptide_id=25585&scanf=33576&charge=2&value=9/18,sp|Q9UII4|HERC5_HUMAN,/core/www/modules//consensus/?run_id=110202&search_id=114132&scans_id=110198&peptide_id=25585&scanf=33576&charge=2&value=sp|Q9UII4|HERC5_HUMAN,1,/core/www/modules/match_peptides/blast_html4.php?run_id=110202&search_id=114132&scans_id=110198&peptide_id=25585&scanf=33576&charge=2&value=1,K.FLVFLTGTDR.L,/core/www/modules/show_out/show_out_wrapper.php?run_id=110202&search_id=114132&scans_id=110198&peptide_id=25585&scanf=33576&charge=2&value=K.FLVFLTGTDR.L,HERC5,3.435e+6,3.023,0.004,2.442,0.000
33579,2,"  2.174","  0.132",11/22,/core/www/modules//sdig/index.php?run_id=110202&search_id=114132&scans_id=110198&peptide_id=25587&scanf=33579&charge=2&value=11/22,sp|P48729|KC1A_HUMAN,/core/www/modules//consensus/?run_id=110202&search_id=114132&scans_id=110198&peptide_id=25587&scanf=33579&charge=2&value=sp|P48729|KC1A_HUMAN,6,/core/www/modules/match_peptides/blast_html4.php?run_id=110202&search_id=114132&scans_id=110198&peptide_id=25587&scanf=33579&charge=2&value=6,K.TVLMLADQMISR.I,/core/www/modules/show_out/show_out_wrapper.php?run_id=110202&search_id=114132&scans_id=110198&peptide_id=25587&scanf=33579&charge=2&value=K.TVLMLADQMISR.I,CSNK1A1,3.909e+7,1.837,0.172,0.764,0.009
33580,4,"  7.690","  0.681",31/138,/core/www/modules//sdig/index.php?run_id=110202&search_id=114132&scans_id=110198&peptide_id=25589&scanf=33580&charge=4&value=31/138,sp|Q01780|EXOSX_HUMAN,/core/www/modules//consensus/?run_id=110202&search_id=114132&scans_id=110198&peptide_id=25589&scanf=33580&charge=4&value=sp|Q01780|EXOSX_HUMAN,0,/core/www/modules/match_peptides/blast_html4.php?run_id=110202&search_id=114132&scans_id=110198&peptide_id=25589&scanf=33580&charge=4&value=0,R.ERPQDRPEDLDVPPALADFIHQQR.T,/core/www/modules/show_out/show_out_wrapper.php?run_id=110202&search_id=114132&scans_id=110198&peptide_id=25589&scanf=33580&charge=4&value=R.ERPQDRPEDLDVPPALADFIHQQR.T,EXOSC10,5.583e+6,4.079,0.000,4.007,0.000
33582,2,"  1.638","  0.294",8/14,/core/www/modules//sdig/index.php?run_id=110202&search_id=114132&scans_id=110198&peptide_id=25591&scanf=33582&charge=2&value=8/14,sp|Q16594|TAF9_HUMAN,/core/www/modules//consensus/?run_id=110202&search_id=114132&scans_id=110198&peptide_id=25591&scanf=33582&charge=2&value=sp|Q16594|TAF9_HUMAN,6,/core/www/modules/match_peptides/blast_html4.php?run_id=110202&search_id=114132&scans_id=110198&peptide_id=25591&scanf=33582&charge=2&value=6,R.DFLLDIAR.Q,/core/www/modules/show_out/show_out_wrapper.php?run_id=110202&search_id=114132&scans_id=110198&peptide_id=25591&scanf=33582&charge=2&value=R.DFLLDIAR.Q,TAF9,4.041e+6,2.551,0.018,1.748,0.000
33584,3,"  3.920","  0.655",17/56,/core/www/modules//sdig/index.php?run_id=110202&search_id=114132&scans_id=110198&peptide_id=25593&scanf=33584&charge=3&value=17/56,sp|Q96T76|MMS19_HUMAN,/core/www/modules//consensus/?run_id=110202&search_id=114132&scans_id=110198&peptide_id=25593&scanf=33584&charge=3&value=sp|Q96T76|MMS19_HUMAN,2,/core/www/modules/match_peptides/blast_html4.php?run_id=110202&search_id=114132&scans_id=110198&peptide_id=25593&scanf=33584&charge=3&value=2,R.LPTPVLLPYKPQVIR.A,/core/www/modules/show_out/show_out_wrapper.php?run_id=110202&search_id=114132&scans_id=110198&peptide_id=25593&scanf=33584&charge=3&value=R.LPTPVLLPYKPQVIR.A,MMS19,4.459e+6,3.703,0.000,3.449,0.000
33585,4,"  4.670","  0.458",17/174,/core/www/modules//sdig/index.php?run_id=110202&search_id=114132&scans_id=110198&peptide_id=25594&scanf=33585&charge=4&value=17/174,sp|Q8N9T8|KRI1_HUMAN,/core/www/modules//consensus/?run_id=110202&search_id=114132&scans_id=110198&peptide_id=25594&scanf=33585&charge=4&value=sp|Q8N9T8|KRI1_HUMAN,1,/core/www/modules/match_peptides/blast_html4.php?run_id=110202&search_id=114132&scans_id=110198&peptide_id=25594&scanf=33585&charge=4&value=1,R.KVTGNEMLGLEEGDLEDDFDPAQHDQLMQK.C,/core/www/modules/show_out/show_out_wrapper.php?run_id=110202&search_id=114132&scans_id=110198&peptide_id=25594&scanf=33585&charge=4&value=R.KVTGNEMLGLEEGDLEDDFDPAQHDQLMQK.C,KRI1,2.780e+6,2.447,0.025,1.597,0.001
33586,3,"  4.232","  0.554",18/56,/core/www/modules//sdig/index.php?run_id=110202&search_id=114132&scans_id=110198&peptide_id=25595&scanf=33586&charge=3&value=18/56,sp|Q9Y2Z0|SGT1_HUMAN,/core/www/modules//consensus/?run_id=110202&search_id=114132&scans_id=110198&peptide_id=25595&scanf=33586&charge=3&value=sp|Q9Y2Z0|SGT1_HUMAN,0,/core/www/modules/match_peptides/blast_html4.php?run_id=110202&search_id=114132&scans_id=110198&peptide_id=25595&scanf=33586&charge=3&value=0,K.LELLHPIIPEQSTFK.V,/core/www/modules/show_out/show_out_wrapper.php?run_id=110202&search_id=114132&scans_id=110198&peptide_id=25595&scanf=33586&charge=3&value=K.LELLHPIIPEQSTFK.V,SUGT1,2.300e+6,3.394,0.001,2.991,0.000
33588,3,"  7.545","  0.796",27/104,/core/www/modules//sdig/index.php?run_id=110202&search_id=114132&scans_id=110198&peptide_id=25597&scanf=33588&charge=3&value=27/104,sp|O95602|RPA1_HUMAN,/core/www/modules//consensus/?run_id=110202&search_id=114132&scans_id=110198&peptide_id=25597&scanf=33588&charge=3&value=sp|O95602|RPA1_HUMAN,0,/core/www/modules/match_peptides/blast_html4.php?run_id=110202&search_id=114132&scans_id=110198&peptide_id=25597&scanf=33588&charge=3&value=0,R.KTQEQDEEVGLGTEEDPSLPALLTQPR.K,/core/www/modules/show_out/show_out_wrapper.php?run_id=110202&search_id=114132&scans_id=110198&peptide_id=25597&scanf=33588&charge=3&value=R.KTQEQDEEVGLGTEEDPSLPALLTQPR.K,POLR1A,1.398e+6,3.653,0.000,3.375,0.000
33592,2,"  2.477","  0.392",10/22,/core/www/modules//sdig/index.php?run_id=110202&search_id=114132&scans_id=110198&peptide_id=25602&scanf=33592&charge=2&value=10/22,sp|Q7L014|DDX46_HUMAN,/core/www/modules//consensus/?run_id=110202&search_id=114132&scans_id=110198&peptide_id=25602&scanf=33592&charge=2&value=sp|Q7L014|DDX46_HUMAN,1,/core/www/modules/match_peptides/blast_html4.php?run_id=110202&search_id=114132&scans_id=110198&peptide_id=25602&scanf=33592&charge=2&value=1,R.MFDMGFEPQVMR.I,/core/www/modules/show_out/show_out_wrapper.php?run_id=110202&search_id=114132&scans_id=110198&peptide_id=25602&scanf=33592&charge=2&value=R.MFDMGFEPQVMR.I,DDX46,1.671e+7,2.698,0.011,1.964,0.000
33593,3,"  4.778","  0.571",15/76,/core/www/modules//sdig/index.php?run_id=110202&search_id=114132&scans_id=110198&peptide_id=25603&scanf=33593&charge=3&value=15/76,sp|P61088|UBE2N_HUMAN,/core/www/modules//consensus/?run_id=110202&search_id=114132&scans_id=110198&peptide_id=25603&scanf=33593&charge=3&value=sp|P61088|UBE2N_HUMAN,3,/core/www/modules/match_peptides/blast_html4.php?run_id=110202&search_id=114132&scans_id=110198&peptide_id=25603&scanf=33593&charge=3&value=3,R.YFHVVIAGPQDSPFEGGTFK.L,/core/www/modules/show_out/show_out_wrapper.php?run_id=110202&search_id=114132&scans_id=110198&peptide_id=25603&scanf=33593&charge=3&value=R.YFHVVIAGPQDSPFEGGTFK.L,UBE2N,2.512e+6,3.065,0.003,2.503,0.000
33594,2,"  5.542","  0.636",17/30,/core/www/modules//sdig/index.php?run_id=110202&search_id=114132&scans_id=110198&peptide_id=25604&scanf=33594&charge=2&value=17/30,sp|Q12906|ILF3_HUMAN,/core/www/modules//consensus/?run_id=110202&search_id=114132&scans_id=110198&peptide_id=25604&scanf=33594&charge=2&value=sp|Q12906|ILF3_HUMAN,4,/core/www/modules/match_peptides/blast_html4.php?run_id=110202&search_id=114132&scans_id=110198&peptide_id=25604&scanf=33594&charge=2&value=4,K.VADNLAIQLAAVTEDK.Y,/core/www/modules/show_out/show_out_wrapper.php?run_id=110202&search_id=114132&scans_id=110198&peptide_id=25604&scanf=33594&charge=2&value=K.VADNLAIQLAAVTEDK.Y,ILF3,6.529e+6,3.778,0.000,3.560,0.000
33595,2,"  5.599","  0.654",18/30,/core/www/modules//sdig/index.php?run_id=110202&search_id=114132&scans_id=110198&peptide_id=25605&scanf=33595&charge=2&value=18/30,sp|Q9UJV9|DDX41_HUMAN,/core/www/modules//consensus/?run_id=110202&search_id=114132&scans_id=110198&peptide_id=25605&scanf=33595&charge=2&value=sp|Q9UJV9|DDX41_HUMAN,0,/core/www/modules/match_peptides/blast_html4.php?run_id=110202&search_id=114132&scans_id=110198&peptide_id=25605&scanf=33595&charge=2&value=0,R.AGAASLDVIQEVEYVK.E,/core/www/modules/show_out/show_out_wrapper.php?run_id=110202&search_id=114132&scans_id=110198&peptide_id=25605&scanf=33595&charge=2&value=R.AGAASLDVIQEVEYVK.E,DDX41,3.666e+6,3.598,0.001,3.293,0.000
33596,2,"  2.751","  0.452",11/24,/core/www/modules//sdig/index.php?run_id=110202&search_id=114132&scans_id=110198&peptide_id=25606&scanf=33596&charge=2&value=11/24,sp|Q86YW9|MD12L_HUMAN,/core/www/modules//consensus/?run_id=110202&search_id=114132&scans_id=110198&peptide_id=25606&scanf=33596&charge=2&value=sp|Q86YW9|MD12L_HUMAN,11,/core/www/modules/match_peptides/blast_html4.php?run_id=110202&search_id=114132&scans_id=110198&peptide_id=25606&scanf=33596&charge=2&value=11,R.LNLVGGMFDTVQR.S,/core/www/modules/show_out/show_out_wrapper.php?run_id=110202&search_id=114132&scans_id=110198&peptide_id=25606&scanf=33596&charge=2&value=R.LNLVGGMFDTVQR.S,MED12L,4.801e+6,2.776,0.008,2.078,0.000
33600,2,"  3.111","  0.635",12/30,/core/www/modules//sdig/index.php?run_id=110202&search_id=114132&scans_id=110198&peptide_id=25610&scanf=33600&charge=2&value=12/30,sp|O43172|PRP4_HUMAN,/core/www/modules//consensus/?run_id=110202&search_id=114132&scans_id=110198&peptide_id=25610&scanf=33600&charge=2&value=sp|O43172|PRP4_HUMAN,0,/core/www/modules/match_peptides/blast_html4.php?run_id=110202&search_id=114132&scans_id=110198&peptide_id=25610&scanf=33600&charge=2&value=0,R.ALGEPITLFGEGPAER.R,/core/www/modules/show_out/show_out_wrapper.php?run_id=110202&search_id=114132&scans_id=110198&peptide_id=25610&scanf=33600&charge=2&value=R.ALGEPITLFGEGPAER.R,PRPF4,1.232e+7,3.251,0.002,2.779,0.000
33603,4,"  4.449","  0.535",20/126,/core/www/modules//sdig/index.php?run_id=110202&search_id=114132&scans_id=110198&peptide_id=25613&scanf=33603&charge=4&value=20/126,sp|O15498|YKT6_HUMAN,/core/www/modules//consensus/?run_id=110202&search_id=114132&scans_id=110198&peptide_id=25613&scanf=33603&charge=4&value=sp|O15498|YKT6_HUMAN,3,/core/www/modules/match_peptides/blast_html4.php?run_id=110202&search_id=114132&scans_id=110198&peptide_id=25613&scanf=33603&charge=4&value=3,R.IDWPVGSPATIHYPALDGHLSR.Y,/core/www/modules/show_out/show_out_wrapper.php?run_id=110202&search_id=114132&scans_id=110198&peptide_id=25613&scanf=33603&charge=4&value=R.IDWPVGSPATIHYPALDGHLSR.Y,YKT6,3.657e+6,3.332,0.001,2.899,0.000
33606,4,"  4.437","  0.627",23/108,/core/www/modules//sdig/index.php?run_id=110202&search_id=114132&scans_id=110198&peptide_id=25616&scanf=33606&charge=4&value=23/108,sp|P09874|PARP1_HUMAN,/core/www/modules//consensus/?run_id=110202&search_id=114132&scans_id=110198&peptide_id=25616&scanf=33606&charge=4&value=sp|P09874|PARP1_HUMAN,1,/core/www/modules/match_peptides/blast_html4.php?run_id=110202&search_id=114132&scans_id=110198&peptide_id=25616&scanf=33606&charge=4&value=1,K.NTHATTHNAYDLEVIDIFK.I,/core/www/modules/show_out/show_out_wrapper.php?run_id=110202&search_id=114132&scans_id=110198&peptide_id=25616&scanf=33606&charge=4&value=K.NTHATTHNAYDLEVIDIFK.I,PARP1,1.015e+7,3.973,0.000,3.849,0.000
33608,2,"  2.961","  0.586",10/20,/core/www/modules//sdig/index.php?run_id=110202&search_id=114132&scans_id=110198&peptide_id=25618&scanf=33608&charge=2&value=10/20,sp|Q9HCG8|CWC22_HUMAN,/core/www/modules//consensus/?run_id=110202&search_id=114132&scans_id=110198&peptide_id=25618&scanf=33608&charge=2&value=sp|Q9HCG8|CWC22_HUMAN,1,/core/www/modules/match_peptides/blast_html4.php?run_id=110202&search_id=114132&scans_id=110198&peptide_id=25618&scanf=33608&charge=2&value=1,K.EYMESFEGIFK.E,/core/www/modules/show_out/show_out_wrapper.php?run_id=110202&search_id=114132&scans_id=110198&peptide_id=25618&scanf=33608&charge=2&value=K.EYMESFEGIFK.E,CWC22,4.602e+6,3.364,0.001,2.947,0.000
33609,3,"  4.139","  0.521",13/68,/core/www/modules//sdig/index.php?run_id=110202&search_id=114132&scans_id=110198&peptide_id=25619&scanf=33609&charge=3&value=13/68,sp|P26368|U2AF2_HUMAN,/core/www/modules//consensus/?run_id=110202&search_id=114132&scans_id=110198&peptide_id=25619&scanf=33609&charge=3&value=sp|P26368|U2AF2_HUMAN,1,/core/www/modules/match_peptides/blast_html4.php?run_id=110202&search_id=114132&scans_id=110198&peptide_id=25619&scanf=33609&charge=3&value=1,K.YWDVPPPGFEHITPMQYK.A,/core/www/modules/show_out/show_out_wrapper.php?run_id=110202&search_id=114132&scans_id=110198&peptide_id=25619&scanf=33609&charge=3&value=K.YWDVPPPGFEHITPMQYK.A,U2AF2,6.654e+6,2.930,0.005,2.304,0.000
33611,3,"  3.228","  0.351",7/76,/core/www/modules//sdig/index.php?run_id=110202&search_id=114132&scans_id=110198&peptide_id=25622&scanf=33611&charge=3&value=7/76,sp|P42166|LAP2A_HUMAN,/core/www/modules//consensus/?run_id=110202&search_id=114132&scans_id=110198&peptide_id=25622&scanf=33611&charge=3&value=sp|P42166|LAP2A_HUMAN,0,/core/www/modules/match_peptides/blast_html4.php?run_id=110202&search_id=114132&scans_id=110198&peptide_id=25622&scanf=33611&charge=3&value=0,K.ALEESESSQLISPPLAQAIR.D,/core/www/modules/show_out/show_out_wrapper.php?run_id=110202&search_id=114132&scans_id=110198&peptide_id=25622&scanf=33611&charge=3&value=K.ALEESESSQLISPPLAQAIR.D,TMPO,1.030e+7,2.216,0.054,1.267,0.002
33616,3,"  4.310","  0.533",11/76,/core/www/modules//sdig/index.php?run_id=110202&search_id=114132&scans_id=110198&peptide_id=25627&scanf=33616&charge=3&value=11/76,sp|Q9P003|CNIH4_HUMAN,/core/www/modules//consensus/?run_id=110202&search_id=114132&scans_id=110198&peptide_id=25627&scanf=33616&charge=3&value=sp|Q9P003|CNIH4_HUMAN,1,/core/www/modules/match_peptides/blast_html4.php?run_id=110202&search_id=114132&scans_id=110198&peptide_id=25627&scanf=33616&charge=3&value=1,R.YIMVPSGNMGVFDPTEIHNR.G,/core/www/modules/show_out/show_out_wrapper.php?run_id=110202&search_id=114132&scans_id=110198&peptide_id=25627&scanf=33616&charge=3&value=R.YIMVPSGNMGVFDPTEIHNR.G,CNIH4,1.832e+6,2.913,0.005,2.279,0.000
33617,2,"  2.772","  0.494",13/22,/core/www/modules//sdig/index.php?run_id=110202&search_id=114132&scans_id=110198&peptide_id=25628&scanf=33617&charge=2&value=13/22,sp|Q92576|PHF3_HUMAN,/core/www/modules//consensus/?run_id=110202&search_id=114132&scans_id=110198&peptide_id=25628&scanf=33617&charge=2&value=sp|Q92576|PHF3_HUMAN,2,/core/www/modules/match_peptides/blast_html4.php?run_id=110202&search_id=114132&scans_id=110198&peptide_id=25628&scanf=33617&charge=2&value=2,K.DMYLIPLGATDK.I,/core/www/modules/show_out/show_out_wrapper.php?run_id=110202&search_id=114132&scans_id=110198&peptide_id=25628&scanf=33617&charge=2&value=K.DMYLIPLGATDK.I,PHF3,2.441e+6,3.165,0.002,2.652,0.000
33618,3,"  3.656","  0.441",11/84,/core/www/modules//sdig/index.php?run_id=110202&search_id=114132&scans_id=110198&peptide_id=25629&scanf=33618&charge=3&value=11/84,sp|P20042|IF2B_HUMAN,/core/www/modules//consensus/?run_id=110202&search_id=114132&scans_id=110198&peptide_id=25629&scanf=33618&charge=3&value=sp|P20042|IF2B_HUMAN,0,/core/www/modules/match_peptides/blast_html4.php?run_id=110202&search_id=114132&scans_id=110198&peptide_id=25629&scanf=33618&charge=3&value=0,K.IESDVQEPTEPEDDLDIMLGNK.K,/core/www/modules/show_out/show_out_wrapper.php?run_id=110202&search_id=114132&scans_id=110198&peptide_id=25629&scanf=33618&charge=3&value=K.IESDVQEPTEPEDDLDIMLGNK.K,EIF2S2,2.139e+6,2.451,0.025,1.603,0.001
33621,4,"  7.556","  0.633",25/132,/core/www/modules//sdig/index.php?run_id=110202&search_id=114132&scans_id=110198&peptide_id=25632&scanf=33621&charge=4&value=25/132,sp|Q01085|TIAR_HUMAN,/core/www/modules//consensus/?run_id=110202&search_id=114132&scans_id=110198&peptide_id=25632&scanf=33621&charge=4&value=sp|Q01085|TIAR_HUMAN,5,/core/www/modules/match_peptides/blast_html4.php?run_id=110202&search_id=114132&scans_id=110198&peptide_id=25632&scanf=33621&charge=4&value=5,K.DTSNHFHVFVGDLSPEITTEDIK.S,/core/www/modules/show_out/show_out_wrapper.php?run_id=110202&search_id=114132&scans_id=110198&peptide_id=25632&scanf=33621&charge=4&value=K.DTSNHFHVFVGDLSPEITTEDIK.S,TIAL1,6.473e+6,3.829,0.000,3.635,0.000
33626,2,"  2.370","  0.253",8/14,/core/www/modules//sdig/index.php?run_id=110202&search_id=114132&scans_id=110198&peptide_id=25637&scanf=33626&charge=2&value=8/14,sp|Q6P158|DHX57_HUMAN,/core/www/modules//consensus/?run_id=110202&search_id=114132&scans_id=110198&peptide_id=25637&scanf=33626&charge=2&value=sp|Q6P158|DHX57_HUMAN,1,/core/www/modules/match_peptides/blast_html4.php?run_id=110202&search_id=114132&scans_id=110198&peptide_id=25637&scanf=33626&charge=2&value=1,R.ETILNLLR.K,/core/www/modules/show_out/show_out_wrapper.php?run_id=110202&search_id=114132&scans_id=110198&peptide_id=25637&scanf=33626&charge=2&value=R.ETILNLLR.K,DHX57,6.376e+6,2.464,0.024,1.622,0.001
33627,2,"  5.187","  0.719",17/32,/core/www/modules//sdig/index.php?run_id=110202&search_id=114132&scans_id=110198&peptide_id=25638&scanf=33627&charge=2&value=17/32,sp|O43707|ACTN4_HUMAN,/core/www/modules//consensus/?run_id=110202&search_id=114132&scans_id=110198&peptide_id=25638&scanf=33627&charge=2&value=sp|O43707|ACTN4_HUMAN,3,/core/www/modules/match_peptides/blast_html4.php?run_id=110202&search_id=114132&scans_id=110198&peptide_id=25638&scanf=33627&charge=2&value=3,R.ISIEMNGTLEDQLSHLK.Q,/core/www/modules/show_out/show_out_wrapper.php?run_id=110202&search_id=114132&scans_id=110198&peptide_id=25638&scanf=33627&charge=2&value=R.ISIEMNGTLEDQLSHLK.Q,ACTN4,3.254e+6,4.128,0.000,4.079,0.000
33628,2,"  2.095","  0.460",10/16,/core/www/modules//sdig/index.php?run_id=110202&search_id=114132&scans_id=110198&peptide_id=25639&scanf=33628&charge=2&value=10/16,sp|P15311|EZRI_HUMAN,/core/www/modules//consensus/?run_id=110202&search_id=114132&scans_id=110198&peptide_id=25639&scanf=33628&charge=2&value=sp|P15311|EZRI_HUMAN,5,/core/www/modules/match_peptides/blast_html4.php?run_id=110202&search_id=114132&scans_id=110198&peptide_id=25639&scanf=33628&charge=2&value=5,K.IGFPWSEIR.N,/core/www/modules/show_out/show_out_wrapper.php?run_id=110202&search_id=114132&scans_id=110198&peptide_id=25639&scanf=33628&charge=2&value=K.IGFPWSEIR.N,EZR,4.165e+7,3.264,0.002,2.799,0.000
33629,2,"  2.678","  0.307",12/22,/core/www/modules//sdig/index.php?run_id=110202&search_id=114132&scans_id=110198&peptide_id=25640&scanf=33629&charge=2&value=12/22,sp|Q16822|PCKGM_HUMAN,/core/www/modules//consensus/?run_id=110202&search_id=114132&scans_id=110198&peptide_id=25640&scanf=33629&charge=2&value=sp|Q16822|PCKGM_HUMAN,1,/core/www/modules/match_peptides/blast_html4.php?run_id=110202&search_id=114132&scans_id=110198&peptide_id=25640&scanf=33629&charge=2&value=1,R.AIDTTQLFSLPK.D,/core/www/modules/show_out/show_out_wrapper.php?run_id=110202&search_id=114132&scans_id=110198&peptide_id=25640&scanf=33629&charge=2&value=R.AIDTTQLFSLPK.D,PCK2,1.356e+7,2.372,0.032,1.490,0.001
33637,2,"  3.106","  0.405",12/26,/core/www/modules//sdig/index.php?run_id=110202&search_id=114132&scans_id=110198&peptide_id=25649&scanf=33637&charge=2&value=12/26,sp|P50579|MAP2_HUMAN,/core/www/modules//consensus/?run_id=110202&search_id=114132&scans_id=110198&peptide_id=25649&scanf=33637&charge=2&value=sp|P50579|MAP2_HUMAN,5,/core/www/modules/match_peptides/blast_html4.php?run_id=110202&search_id=114132&scans_id=110198&peptide_id=25649&scanf=33637&charge=2&value=5,K.ALDQASEEIWNDFR.E,/core/www/modules/show_out/show_out_wrapper.php?run_id=110202&search_id=114132&scans_id=110198&peptide_id=25649&scanf=33637&charge=2&value=K.ALDQASEEIWNDFR.E,METAP2,2.198e+6,2.507,0.021,1.684,0.000
33638,2,"  2.674","  0.484",11/18,/core/www/modules//sdig/index.php?run_id=110202&search_id=114132&scans_id=110198&peptide_id=25650&scanf=33638&charge=2&value=11/18,sp|P30040|ERP29_HUMAN,/core/www/modules//consensus/?run_id=110202&search_id=114132&scans_id=110198&peptide_id=25650&scanf=33638&charge=2&value=sp|P30040|ERP29_HUMAN,1,/core/www/modules/match_peptides/blast_html4.php?run_id=110202&search_id=114132&scans_id=110198&peptide_id=25650&scanf=33638&charge=2&value=1,K.SLNILTAFQK.K,/core/www/modules/show_out/show_out_wrapper.php?run_id=110202&search_id=114132&scans_id=110198&peptide_id=25650&scanf=33638&charge=2&value=K.SLNILTAFQK.K,ERP29,5.651e+6,3.104,0.003,2.562,0.000
33643,2,"  1.524","  0.414",8/14,/core/www/modules//sdig/index.php?run_id=110202&search_id=114132&scans_id=110198&peptide_id=25655&scanf=33643&charge=2&value=8/14,sp|Q05519|SRS11_HUMAN,/core/www/modules//consensus/?run_id=110202&search_id=114132&scans_id=110198&peptide_id=25655&scanf=33643&charge=2&value=sp|Q05519|SRS11_HUMAN,4,/core/www/modules/match_peptides/blast_html4.php?run_id=110202&search_id=114132&scans_id=110198&peptide_id=25655&scanf=33643&charge=2&value=4,R.TLFGFLGK.I,/core/www/modules/show_out/show_out_wrapper.php?run_id=110202&search_id=114132&scans_id=110198&peptide_id=25655&scanf=33643&charge=2&value=R.TLFGFLGK.I,SRSF11,1.164e+7,2.931,0.005,2.306,0.000
33645,2,"  5.919","  0.701",20/34,/core/www/modules//sdig/index.php?run_id=110202&search_id=114132&scans_id=110198&peptide_id=25657&scanf=33645&charge=2&value=20/34,sp|P00558|PGK1_HUMAN,/core/www/modules//consensus/?run_id=110202&search_id=114132&scans_id=110198&peptide_id=25657&scanf=33645&charge=2&value=sp|P00558|PGK1_HUMAN,0,/core/www/modules/match_peptides/blast_html4.php?run_id=110202&search_id=114132&scans_id=110198&peptide_id=25657&scanf=33645&charge=2&value=0,K.VLNNMEIGTSLFDEEGAK.I,/core/www/modules/show_out/show_out_wrapper.php?run_id=110202&search_id=114132&scans_id=110198&peptide_id=25657&scanf=33645&charge=2&value=K.VLNNMEIGTSLFDEEGAK.I,PGK1,7.050e+6,3.830,0.000,3.638,0.000
33648,2,"  4.119","  0.578",14/30,/core/www/modules//sdig/index.php?run_id=110202&search_id=114132&scans_id=110198&peptide_id=25660&scanf=33648&charge=2&value=14/30,sp|O95104|SCAF4_HUMAN,/core/www/modules//consensus/?run_id=110202&search_id=114132&scans_id=110198&peptide_id=25660&scanf=33648&charge=2&value=sp|O95104|SCAF4_HUMAN,0,/core/www/modules/match_peptides/blast_html4.php?run_id=110202&search_id=114132&scans_id=110198&peptide_id=25660&scanf=33648&charge=2&value=0,K.DLSIGNPIPTVVSGAR.G,/core/www/modules/show_out/show_out_wrapper.php?run_id=110202&search_id=114132&scans_id=110198&peptide_id=25660&scanf=33648&charge=2&value=K.DLSIGNPIPTVVSGAR.G,SCAF4,4.075e+6,3.204,0.002,2.710,0.000
33649,3,"  2.169","  0.302",9/40,/core/www/modules//sdig/index.php?run_id=110202&search_id=114132&scans_id=110198&peptide_id=25661&scanf=33649&charge=3&value=9/40,sp|Q8N201|INT1_HUMAN,/core/www/modules//consensus/?run_id=110202&search_id=114132&scans_id=110198&peptide_id=25661&scanf=33649&charge=3&value=sp|Q8N201|INT1_HUMAN,0,/core/www/modules/match_peptides/blast_html4.php?run_id=110202&search_id=114132&scans_id=110198&peptide_id=25661&scanf=33649&charge=3&value=0,R.NPDFLLHIIQR.Q,/core/www/modules/show_out/show_out_wrapper.php?run_id=110202&search_id=114132&scans_id=110198&peptide_id=25661&scanf=33649&charge=3&value=R.NPDFLLHIIQR.Q,INTS1,3.858e+6,2.521,0.020,1.704,0.000
33651,2,"  3.543","  0.588",11/24,/core/www/modules//sdig/index.php?run_id=110202&search_id=114132&scans_id=110198&peptide_id=25664&scanf=33651&charge=2&value=11/24,sp|Q14152|EIF3A_HUMAN,/core/www/modules//consensus/?run_id=110202&search_id=114132&scans_id=110198&peptide_id=25664&scanf=33651&charge=2&value=sp|Q14152|EIF3A_HUMAN,0,/core/www/modules/match_peptides/blast_html4.php?run_id=110202&search_id=114132&scans_id=110198&peptide_id=25664&scanf=33651&charge=2&value=0,K.KQPALDVLYDVMK.S,/core/www/modules/show_out/show_out_wrapper.php?run_id=110202&search_id=114132&scans_id=110198&peptide_id=25664&scanf=33651&charge=2&value=K.KQPALDVLYDVMK.S,EIF3A,4.643e+6,3.087,0.003,2.536,0.000
33654,4,"  4.470","  0.529",25/120,/core/www/modules//sdig/index.php?run_id=110202&search_id=114132&scans_id=110198&peptide_id=25667&scanf=33654&charge=4&value=25/120,sp|Q9P2I0|CPSF2_HUMAN,/core/www/modules//consensus/?run_id=110202&search_id=114132&scans_id=110198&peptide_id=25667&scanf=33654&charge=4&value=sp|Q9P2I0|CPSF2_HUMAN,0,/core/www/modules/match_peptides/blast_html4.php?run_id=110202&search_id=114132&scans_id=110198&peptide_id=25667&scanf=33654&charge=4&value=0,K.GHGLSITPLPAGHMIGGTIWK.I,/core/www/modules/show_out/show_out_wrapper.php?run_id=110202&search_id=114132&scans_id=110198&peptide_id=25667&scanf=33654&charge=4&value=K.GHGLSITPLPAGHMIGGTIWK.I,CPSF2,4.931e+6,3.426,0.001,3.038,0.000
33655,2,"  4.240","  0.627",15/22,/core/www/modules//sdig/index.php?run_id=110202&search_id=114132&scans_id=110198&peptide_id=25668&scanf=33655&charge=2&value=15/22,sp|O00231|PSD11_HUMAN,/core/www/modules//consensus/?run_id=110202&search_id=114132&scans_id=110198&peptide_id=25668&scanf=33655&charge=2&value=sp|O00231|PSD11_HUMAN,0,/core/www/modules/match_peptides/blast_html4.php?run_id=110202&search_id=114132&scans_id=110198&peptide_id=25668&scanf=33655&charge=2&value=0,K.LYDNLLEQNLIR.V,/core/www/modules/show_out/show_out_wrapper.php?run_id=110202&search_id=114132&scans_id=110198&peptide_id=25668&scanf=33655&charge=2&value=K.LYDNLLEQNLIR.V,PSMD11,7.331e+6,3.839,0.000,3.651,0.000
33656,2,"  6.797","  0.808",23/36,/core/www/modules//sdig/index.php?run_id=110202&search_id=114132&scans_id=110198&peptide_id=25669&scanf=33656&charge=2&value=23/36,sp|P61978|HNRPK_HUMAN,/core/www/modules//consensus/?run_id=110202&search_id=114132&scans_id=110198&peptide_id=25669&scanf=33656&charge=2&value=sp|P61978|HNRPK_HUMAN,2,/core/www/modules/match_peptides/blast_html4.php?run_id=110202&search_id=114132&scans_id=110198&peptide_id=25669&scanf=33656&charge=2&value=2,R.GSYGDLGGPIITTQVTIPK.D,/core/www/modules/show_out/show_out_wrapper.php?run_id=110202&search_id=114132&scans_id=110198&peptide_id=25669&scanf=33656&charge=2&value=R.GSYGDLGGPIITTQVTIPK.D,HNRNPK,1.503e+8,4.476,0.000,4.596,0.000
33659,2,"  2.355","  0.417",11/12,/core/www/modules//sdig/index.php?run_id=110202&search_id=114132&scans_id=110198&peptide_id=25672&scanf=33659&charge=2&value=11/12,sp|P04908|H2A1B_HUMAN,/core/www/modules//consensus/?run_id=110202&search_id=114132&scans_id=110198&peptide_id=25672&scanf=33659&charge=2&value=sp|P04908|H2A1B_HUMAN,20,/core/www/modules/match_peptides/blast_html4.php?run_id=110202&search_id=114132&scans_id=110198&peptide_id=25672&scanf=33659&charge=2&value=20,R.HLQLAIR.N,/core/www/modules/show_out/show_out_wrapper.php?run_id=110202&search_id=114132&scans_id=110198&peptide_id=25672&scanf=33659&charge=2&value=R.HLQLAIR.N,H2AC8,4.853e+6,3.753,0.000,3.523,0.000
33661,2,"  3.675","  0.440",12/22,/core/www/modules//sdig/index.php?run_id=110202&search_id=114132&scans_id=110198&peptide_id=25675&scanf=33661&charge=2&value=12/22,sp|Q8TC12|RDH11_HUMAN,/core/www/modules//consensus/?run_id=110202&search_id=114132&scans_id=110198&peptide_id=25675&scanf=33661&charge=2&value=sp|Q8TC12|RDH11_HUMAN,4,/core/www/modules/match_peptides/blast_html4.php?run_id=110202&search_id=114132&scans_id=110198&peptide_id=25675&scanf=33661&charge=2&value=4,K.LANILFTQELAR.R,/core/www/modules/show_out/show_out_wrapper.php?run_id=110202&search_id=114132&scans_id=110198&peptide_id=25675&scanf=33661&charge=2&value=K.LANILFTQELAR.R,RDH11,6.221e+7,2.946,0.005,2.328,0.000
33663,3,"  2.353","  0.569",18/56,/core/www/modules//sdig/index.php?run_id=110202&search_id=114132&scans_id=110198&peptide_id=25676&scanf=33663&charge=3&value=18/56,sp|Q99575|POP1_HUMAN,/core/www/modules//consensus/?run_id=110202&search_id=114132&scans_id=110198&peptide_id=25676&scanf=33663&charge=3&value=sp|Q99575|POP1_HUMAN,0,/core/www/modules/match_peptides/blast_html4.php?run_id=110202&search_id=114132&scans_id=110198&peptide_id=25676&scanf=33663&charge=3&value=0,R.LIGPLSHSILTEAIK.A,/core/www/modules/show_out/show_out_wrapper.php?run_id=110202&search_id=114132&scans_id=110198&peptide_id=25676&scanf=33663&charge=3&value=R.LIGPLSHSILTEAIK.A,POP1,1.493e+7,3.386,0.001,2.979,0.000
33664,3,"  8.935","  0.717",33/96,/core/www/modules//sdig/index.php?run_id=110202&search_id=114132&scans_id=110198&peptide_id=25677&scanf=33664&charge=3&value=33/96,sp|Q8NFW8|NEUA_HUMAN,/core/www/modules//consensus/?run_id=110202&search_id=114132&scans_id=110198&peptide_id=25677&scanf=33664&charge=3&value=sp|Q8NFW8|NEUA_HUMAN,0,/core/www/modules/match_peptides/blast_html4.php?run_id=110202&search_id=114132&scans_id=110198&peptide_id=25677&scanf=33664&charge=3&value=0,R.AALDSGAFQSVWVSTDHDEIENVAK.Q,/core/www/modules/show_out/show_out_wrapper.php?run_id=110202&search_id=114132&scans_id=110198&peptide_id=25677&scanf=33664&charge=3&value=R.AALDSGAFQSVWVSTDHDEIENVAK.Q,CMAS,2.012e+7,3.947,0.000,3.811,0.000
33665,2,"  4.430","  0.534",16/28,/core/www/modules//sdig/index.php?run_id=110202&search_id=114132&scans_id=110198&peptide_id=25678&scanf=33665&charge=2&value=16/28,sp|O00159|MYO1C_HUMAN,/core/www/modules//consensus/?run_id=110202&search_id=114132&scans_id=110198&peptide_id=25678&scanf=33665&charge=2&value=sp|O00159|MYO1C_HUMAN,3,/core/www/modules/match_peptides/blast_html4.php?run_id=110202&search_id=114132&scans_id=110198&peptide_id=25678&scanf=33665&charge=2&value=3,R.LLQSNPVLEAFGNAK.T,/core/www/modules/show_out/show_out_wrapper.php?run_id=110202&search_id=114132&scans_id=110198&peptide_id=25678&scanf=33665&charge=2&value=R.LLQSNPVLEAFGNAK.T,MYO1C,1.818e+7,3.327,0.001,2.891,0.000
33667,2,"  3.642","  0.524",14/24,/core/www/modules//sdig/index.php?run_id=110202&search_id=114132&scans_id=110198&peptide_id=25680&scanf=33667&charge=2&value=14/24,sp|O75934|SPF27_HUMAN,/core/www/modules//consensus/?run_id=110202&search_id=114132&scans_id=110198&peptide_id=25680&scanf=33667&charge=2&value=sp|O75934|SPF27_HUMAN,0,/core/www/modules/match_peptides/blast_html4.php?run_id=110202&search_id=114132&scans_id=110198&peptide_id=25680&scanf=33667&charge=2&value=0,R.TIVQLENEIYQIK.Q,/core/www/modules/show_out/show_out_wrapper.php?run_id=110202&search_id=114132&scans_id=110198&peptide_id=25680&scanf=33667&charge=2&value=R.TIVQLENEIYQIK.Q,BCAS2,1.044e+7,3.254,0.002,2.784,0.000
33668,2,"  2.077","  0.293",8/24,/core/www/modules//sdig/index.php?run_id=110202&search_id=114132&scans_id=110198&peptide_id=25681&scanf=33668&charge=2&value=8/24,sp|Q92841|DDX17_HUMAN,/core/www/modules//consensus/?run_id=110202&search_id=114132&scans_id=110198&peptide_id=25681&scanf=33668&charge=2&value=sp|Q92841|DDX17_HUMAN,2,/core/www/modules/match_peptides/blast_html4.php?run_id=110202&search_id=114132&scans_id=110198&peptide_id=25681&scanf=33668&charge=2&value=2,R.APLPDLYPFGTM*R.G,/core/www/modules/show_out/show_out_wrapper.php?run_id=110202&search_id=114132&scans_id=110198&peptide_id=25681&scanf=33668&charge=2&value=R.APLPDLYPFGTM*R.G,DDX17,4.424e+6,2.079,0.083,1.079,0.003
33669,2,"  2.402","  0.229",11/16,/core/www/modules//sdig/index.php?run_id=110202&search_id=114132&scans_id=110198&peptide_id=25682&scanf=33669&charge=2&value=11/16,sp|O43913|ORC5_HUMAN,/core/www/modules//consensus/?run_id=110202&search_id=114132&scans_id=110198&peptide_id=25682&scanf=33669&charge=2&value=sp|O43913|ORC5_HUMAN,0,/core/www/modules/match_peptides/blast_html4.php?run_id=110202&search_id=114132&scans_id=110198&peptide_id=25682&scanf=33669&charge=2&value=0,R.LLLEQILNK.L,/core/www/modules/show_out/show_out_wrapper.php?run_id=110202&search_id=114132&scans_id=110198&peptide_id=25682&scanf=33669&charge=2&value=R.LLLEQILNK.L,ORC5,1.219e+7,2.527,0.019,1.713,0.000
33670,3,"  4.259","  0.444",12/72,/core/www/modules//sdig/index.php?run_id=110202&search_id=114132&scans_id=110198&peptide_id=25684&scanf=33670&charge=3&value=12/72,sp|P51114|FXR1_HUMAN,/core/www/modules//consensus/?run_id=110202&search_id=114132&scans_id=110198&peptide_id=25684&scanf=33670&charge=3&value=sp|P51114|FXR1_HUMAN,4,/core/www/modules/match_peptides/blast_html4.php?run_id=110202&search_id=114132&scans_id=110198&peptide_id=25684&scanf=33670&charge=3&value=4,K.DVHEDSLTVVFENNWQPER.Q,/core/www/modules/show_out/show_out_wrapper.php?run_id=110202&search_id=114132&scans_id=110198&peptide_id=25684&scanf=33670&charge=3&value=K.DVHEDSLTVVFENNWQPER.Q,FXR1,4.146e+6,2.626,0.014,1.858,0.000
33673,2,"  3.143","  0.609",16/32,/core/www/modules//sdig/index.php?run_id=110202&search_id=114132&scans_id=110198&peptide_id=25687&scanf=33673&charge=2&value=16/32,sp|Q04637|IF4G1_HUMAN,/core/www/modules//consensus/?run_id=110202&search_id=114132&scans_id=110198&peptide_id=25687&scanf=33673&charge=2&value=sp|Q04637|IF4G1_HUMAN,5,/core/www/modules/match_peptides/blast_html4.php?run_id=110202&search_id=114132&scans_id=110198&peptide_id=25687&scanf=33673&charge=2&value=5,K.EFLPEGQDIGAFVAEQK.V,/core/www/modules/show_out/show_out_wrapper.php?run_id=110202&search_id=114132&scans_id=110198&peptide_id=25687&scanf=33673&charge=2&value=K.EFLPEGQDIGAFVAEQK.V,EIF4G1,3.501e+6,3.280,0.002,2.822,0.000
33674,3,"  3.445","  0.502",14/48,/core/www/modules//sdig/index.php?run_id=110202&search_id=114132&scans_id=110198&peptide_id=25688&scanf=33674&charge=3&value=14/48,sp|Q9HAZ1|CLK4_HUMAN,/core/www/modules//consensus/?run_id=110202&search_id=114132&scans_id=110198&peptide_id=25688&scanf=33674&charge=3&value=sp|Q9HAZ1|CLK4_HUMAN,0,/core/www/modules/match_peptides/blast_html4.php?run_id=110202&search_id=114132&scans_id=110198&peptide_id=25688&scanf=33674&charge=3&value=0,K.ENSFLPFQIDHIR.Q,/core/www/modules/show_out/show_out_wrapper.php?run_id=110202&search_id=114132&scans_id=110198&peptide_id=25688&scanf=33674&charge=3&value=K.ENSFLPFQIDHIR.Q,CLK4,3.577e+6,3.174,0.002,2.666,0.000
33675,3,"  3.940","  0.471",17/60,/core/www/modules//sdig/index.php?run_id=110202&search_id=114132&scans_id=110198&peptide_id=25689&scanf=33675&charge=3&value=17/60,sp|P0DPH7|TBA3C_HUMAN,/core/www/modules//consensus/?run_id=110202&search_id=114132&scans_id=110198&peptide_id=25689&scanf=33675&charge=3&value=sp|P0DPH7|TBA3C_HUMAN,9,/core/www/modules/match_peptides/blast_html4.php?run_id=110202&search_id=114132&scans_id=110198&peptide_id=25689&scanf=33675&charge=3&value=9,R.IHFPLATYAPVISAEK.A,/core/www/modules/show_out/show_out_wrapper.php?run_id=110202&search_id=114132&scans_id=110198&peptide_id=25689&scanf=33675&charge=3&value=R.IHFPLATYAPVISAEK.A,TUBA3C,1.082e+8,3.018,0.004,2.435,0.000
33677,3,"  3.623","  0.432",9/60,/core/www/modules//sdig/index.php?run_id=110202&search_id=114132&scans_id=110198&peptide_id=25691&scanf=33677&charge=3&value=9/60,sp|Q96TA1|NIBA2_HUMAN,/core/www/modules//consensus/?run_id=110202&search_id=114132&scans_id=110198&peptide_id=25691&scanf=33677&charge=3&value=sp|Q96TA1|NIBA2_HUMAN,0,/core/www/modules/match_peptides/blast_html4.php?run_id=110202&search_id=114132&scans_id=110198&peptide_id=25691&scanf=33677&charge=3&value=0,R.FSLVPHNYGLVLYENK.A,/core/www/modules/show_out/show_out_wrapper.php?run_id=110202&search_id=114132&scans_id=110198&peptide_id=25691&scanf=33677&charge=3&value=R.FSLVPHNYGLVLYENK.A,NIBAN2,3.316e+6,2.638,0.013,1.876,0.000
33678,2,"  4.194","  0.710",17/30,/core/www/modules//sdig/index.php?run_id=110202&search_id=114132&scans_id=110198&peptide_id=25692&scanf=33678&charge=2&value=17/30,sp|Q15149|PLEC_HUMAN,/core/www/modules//consensus/?run_id=110202&search_id=114132&scans_id=110198&peptide_id=25692&scanf=33678&charge=2&value=sp|Q15149|PLEC_HUMAN,5,/core/www/modules/match_peptides/blast_html4.php?run_id=110202&search_id=114132&scans_id=110198&peptide_id=25692&scanf=33678&charge=2&value=5,R.APVPASELLASGVLSR.A,/core/www/modules/show_out/show_out_wrapper.php?run_id=110202&search_id=114132&scans_id=110198&peptide_id=25692&scanf=33678&charge=2&value=R.APVPASELLASGVLSR.A,PLEC,2.148e+7,4.323,0.000,4.369,0.000
33680,3,"  5.816","  0.680",23/84,/core/www/modules//sdig/index.php?run_id=110202&search_id=114132&scans_id=110198&peptide_id=25695&scanf=33680&charge=3&value=23/84,sp|P13797|PLST_HUMAN,/core/www/modules//consensus/?run_id=110202&search_id=114132&scans_id=110198&peptide_id=25695&scanf=33680&charge=3&value=sp|P13797|PLST_HUMAN,1,/core/www/modules/match_peptides/blast_html4.php?run_id=110202&search_id=114132&scans_id=110198&peptide_id=25695&scanf=33680&charge=3&value=1,K.YPALTKPENQDIDWTLLEGETR.E,/core/www/modules/show_out/show_out_wrapper.php?run_id=110202&search_id=114132&scans_id=110198&peptide_id=25695&scanf=33680&charge=3&value=K.YPALTKPENQDIDWTLLEGETR.E,PLS3,2.441e+6,3.584,0.001,3.273,0.000
33684,2,"  1.676","  0.185",9/20,/core/www/modules//sdig/index.php?run_id=110202&search_id=114132&scans_id=110198&peptide_id=25698&scanf=33684&charge=2&value=9/20,sp|P08240|SRPRA_HUMAN,/core/www/modules//consensus/?run_id=110202&search_id=114132&scans_id=110198&peptide_id=25698&scanf=33684&charge=2&value=sp|P08240|SRPRA_HUMAN,0,/core/www/modules/match_peptides/blast_html4.php?run_id=110202&search_id=114132&scans_id=110198&peptide_id=25698&scanf=33684&charge=2&value=0,K.GTLGGMFGMLK.G,/core/www/modules/show_out/show_out_wrapper.php?run_id=110202&search_id=114132&scans_id=110198&peptide_id=25698&scanf=33684&charge=2&value=K.GTLGGMFGMLK.G,SRPRA,1.754e+7,1.923,0.135,0.871,0.007
33686,4,"  7.308","  0.664",26/138,/core/www/modules//sdig/index.php?run_id=110202&search_id=114132&scans_id=110198&peptide_id=25700&scanf=33686&charge=4&value=26/138,sp|Q16576|RBBP7_HUMAN,/core/www/modules//consensus/?run_id=110202&search_id=114132&scans_id=110198&peptide_id=25700&scanf=33686&charge=4&value=sp|Q16576|RBBP7_HUMAN,2,/core/www/modules/match_peptides/blast_html4.php?run_id=110202&search_id=114132&scans_id=110198&peptide_id=25700&scanf=33686&charge=4&value=2,K.DYALHWLVLGTHTSDEQNHLVVAR.V,/core/www/modules/show_out/show_out_wrapper.php?run_id=110202&search_id=114132&scans_id=110198&peptide_id=25700&scanf=33686&charge=4&value=K.DYALHWLVLGTHTSDEQNHLVVAR.V,RBBP7,6.044e+6,3.854,0.000,3.673,0.000
33689,2,"  5.786","  0.758",22/36,/core/www/modules//sdig/index.php?run_id=110202&search_id=114132&scans_id=110198&peptide_id=25703&scanf=33689&charge=2&value=22/36,sp|P12004|PCNA_HUMAN,/core/www/modules//consensus/?run_id=110202&search_id=114132&scans_id=110198&peptide_id=25703&scanf=33689&charge=2&value=sp|P12004|PCNA_HUMAN,0,/core/www/modules/match_peptides/blast_html4.php?run_id=110202&search_id=114132&scans_id=110198&peptide_id=25703&scanf=33689&charge=2&value=0,R.AEDNADTLALVFEAPNQEK.V,/core/www/modules/show_out/show_out_wrapper.php?run_id=110202&search_id=114132&scans_id=110198&peptide_id=25703&scanf=33689&charge=2&value=R.AEDNADTLALVFEAPNQEK.V,PCNA,6.630e+6,4.016,0.000,3.914,0.000
33694,2,"  2.550","  0.434",10/24,/core/www/modules//sdig/index.php?run_id=110202&search_id=114132&scans_id=110198&peptide_id=25709&scanf=33694&charge=2&value=10/24,sp|Q96BP3|PPWD1_HUMAN,/core/www/modules//consensus/?run_id=110202&search_id=114132&scans_id=110198&peptide_id=25709&scanf=33694&charge=2&value=sp|Q96BP3|PPWD1_HUMAN,4,/core/www/modules/match_peptides/blast_html4.php?run_id=110202&search_id=114132&scans_id=110198&peptide_id=25709&scanf=33694&charge=2&value=4,R.WVGPLPVEATLAK.K,/core/www/modules/show_out/show_out_wrapper.php?run_id=110202&search_id=114132&scans_id=110198&peptide_id=25709&scanf=33694&charge=2&value=R.WVGPLPVEATLAK.K,PPWD1,2.241e+7,2.638,0.013,1.876,0.000
33697,3,"  2.833","  0.435",10/72,/core/www/modules//sdig/index.php?run_id=110202&search_id=114132&scans_id=110198&peptide_id=25712&scanf=33697&charge=3&value=10/72,sp|P12004|PCNA_HUMAN,/core/www/modules//consensus/?run_id=110202&search_id=114132&scans_id=110198&peptide_id=25712&scanf=33697&charge=3&value=sp|P12004|PCNA_HUMAN,0,/core/www/modules/match_peptides/blast_html4.php?run_id=110202&search_id=114132&scans_id=110198&peptide_id=25712&scanf=33697&charge=3&value=0,R.AEDNADTLALVFEAPNQEK.V,/core/www/modules/show_out/show_out_wrapper.php?run_id=110202&search_id=114132&scans_id=110198&peptide_id=25712&scanf=33697&charge=3&value=R.AEDNADTLALVFEAPNQEK.V,PCNA,6.923e+6,2.456,0.025,1.610,0.001
33698,3,"  2.675","  0.297",11/88,/core/www/modules//sdig/index.php?run_id=110202&search_id=114132&scans_id=110198&peptide_id=25713&scanf=33698&charge=3&value=11/88,sp|O95219|SNX4_HUMAN,/core/www/modules//consensus/?run_id=110202&search_id=114132&scans_id=110198&peptide_id=25713&scanf=33698&charge=3&value=sp|O95219|SNX4_HUMAN,1,/core/www/modules/match_peptides/blast_html4.php?run_id=110202&search_id=114132&scans_id=110198&peptide_id=25713&scanf=33698&charge=3&value=1,R.QLQPAPLEPLGSPDAGLGAAVGK.E,/core/www/modules/show_out/show_out_wrapper.php?run_id=110202&search_id=114132&scans_id=110198&peptide_id=25713&scanf=33698&charge=3&value=R.QLQPAPLEPLGSPDAGLGAAVGK.E,SNX4,1.791e+6,1.879,0.153,0.816,0.008
33699,3,"  2.487","  0.407",10/48,/core/www/modules//sdig/index.php?run_id=110202&search_id=114132&scans_id=110198&peptide_id=25714&scanf=33699&charge=3&value=10/48,sp|Q92499|DDX1_HUMAN,/core/www/modules//consensus/?run_id=110202&search_id=114132&scans_id=110198&peptide_id=25714&scanf=33699&charge=3&value=sp|Q92499|DDX1_HUMAN,9,/core/www/modules/match_peptides/blast_html4.php?run_id=110202&search_id=114132&scans_id=110198&peptide_id=25714&scanf=33699&charge=3&value=9,K.DLGLAFEIPPHMK.N,/core/www/modules/show_out/show_out_wrapper.php?run_id=110202&search_id=114132&scans_id=110198&peptide_id=25714&scanf=33699&charge=3&value=K.DLGLAFEIPPHMK.N,DDX1,3.838e+6,2.781,0.008,2.085,0.000
33700,3,"  3.007","  0.440",11/68,/core/www/modules//sdig/index.php?run_id=110202&search_id=114132&scans_id=110198&peptide_id=25716&scanf=33700&charge=3&value=11/68,sp|P26368|U2AF2_HUMAN,/core/www/modules//consensus/?run_id=110202&search_id=114132&scans_id=110198&peptide_id=25716&scanf=33700&charge=3&value=sp|P26368|U2AF2_HUMAN,1,/core/www/modules/match_peptides/blast_html4.php?run_id=110202&search_id=114132&scans_id=110198&peptide_id=25716&scanf=33700&charge=3&value=1,K.YWDVPPPGFEHITPMQYK.A,/core/www/modules/show_out/show_out_wrapper.php?run_id=110202&search_id=114132&scans_id=110198&peptide_id=25716&scanf=33700&charge=3&value=K.YWDVPPPGFEHITPMQYK.A,U2AF2,6.654e+6,2.616,0.014,1.843,0.000
33705,2,"  2.299","  0.598",10/14,/core/www/modules//sdig/index.php?run_id=110202&search_id=114132&scans_id=110198&peptide_id=25720&scanf=33705&charge=2&value=10/14,sp|Q8WYA6|CTBL1_HUMAN,/core/www/modules//consensus/?run_id=110202&search_id=114132&scans_id=110198&peptide_id=25720&scanf=33705&charge=2&value=sp|Q8WYA6|CTBL1_HUMAN,1,/core/www/modules/match_peptides/blast_html4.php?run_id=110202&search_id=114132&scans_id=110198&peptide_id=25720&scanf=33705&charge=2&value=1,K.FVDILGLR.T,/core/www/modules/show_out/show_out_wrapper.php?run_id=110202&search_id=114132&scans_id=110198&peptide_id=25720&scanf=33705&charge=2&value=K.FVDILGLR.T,CTNNBL1,5.163e+7,3.848,0.000,3.664,0.000
33706,3,"  6.532","  0.665",28/76,/core/www/modules//sdig/index.php?run_id=110202&search_id=114132&scans_id=110198&peptide_id=25721&scanf=33706&charge=3&value=28/76,sp|Q93009|UBP7_HUMAN,/core/www/modules//consensus/?run_id=110202&search_id=114132&scans_id=110198&peptide_id=25721&scanf=33706&charge=3&value=sp|Q93009|UBP7_HUMAN,2,/core/www/modules/match_peptides/blast_html4.php?run_id=110202&search_id=114132&scans_id=110198&peptide_id=25721&scanf=33706&charge=3&value=2,K.LSEVLQAVTDHDIPQQLVER.L,/core/www/modules/show_out/show_out_wrapper.php?run_id=110202&search_id=114132&scans_id=110198&peptide_id=25721&scanf=33706&charge=3&value=K.LSEVLQAVTDHDIPQQLVER.L,USP7,1.337e+7,3.838,0.000,3.650,0.000
33711,2,"  1.970","  0.295",10/16,/core/www/modules//sdig/index.php?run_id=110202&search_id=114132&scans_id=110198&peptide_id=25727&scanf=33711&charge=2&value=10/16,sp|Q15149|PLEC_HUMAN,/core/www/modules//consensus/?run_id=110202&search_id=114132&scans_id=110198&peptide_id=25727&scanf=33711&charge=2&value=sp|Q15149|PLEC_HUMAN,5,/core/www/modules/match_peptides/blast_html4.php?run_id=110202&search_id=114132&scans_id=110198&peptide_id=25727&scanf=33711&charge=2&value=5,K.LISLFQAMK.K,/core/www/modules/show_out/show_out_wrapper.php?run_id=110202&search_id=114132&scans_id=110198&peptide_id=25727&scanf=33711&charge=2&value=K.LISLFQAMK.K,PLEC,1.763e+7,3.172,0.002,2.662,0.000
33712,3,"  3.046","  0.432",8/52,/core/www/modules//sdig/index.php?run_id=110202&search_id=114132&scans_id=110198&peptide_id=25728&scanf=33712&charge=3&value=8/52,sp|P17480|UBF1_HUMAN,/core/www/modules//consensus/?run_id=110202&search_id=114132&scans_id=110198&peptide_id=25728&scanf=33712&charge=3&value=sp|P17480|UBF1_HUMAN,1,/core/www/modules/match_peptides/blast_html4.php?run_id=110202&search_id=114132&scans_id=110198&peptide_id=25728&scanf=33712&charge=3&value=1,R.TLTELILDAQEHVK.N,/core/www/modules/show_out/show_out_wrapper.php?run_id=110202&search_id=114132&scans_id=110198&peptide_id=25728&scanf=33712&charge=3&value=R.TLTELILDAQEHVK.N,UBTF,5.682e+7,2.774,0.008,2.075,0.000
33713,3,"  3.597","  0.484",18/60,/core/www/modules//sdig/index.php?run_id=110202&search_id=114132&scans_id=110198&peptide_id=25729&scanf=33713&charge=3&value=18/60,sp|Q6P158|DHX57_HUMAN,/core/www/modules//consensus/?run_id=110202&search_id=114132&scans_id=110198&peptide_id=25729&scanf=33713&charge=3&value=sp|Q6P158|DHX57_HUMAN,1,/core/www/modules/match_peptides/blast_html4.php?run_id=110202&search_id=114132&scans_id=110198&peptide_id=25729&scanf=33713&charge=3&value=1,R.LTPLGYHLASLPVDVR.I,/core/www/modules/show_out/show_out_wrapper.php?run_id=110202&search_id=114132&scans_id=110198&peptide_id=25729&scanf=33713&charge=3&value=R.LTPLGYHLASLPVDVR.I,DHX57,6.824e+6,3.059,0.003,2.495,0.000
33716,2,"  2.366","  0.281",13/28,/core/www/modules//sdig/index.php?run_id=110202&search_id=114132&scans_id=110198&peptide_id=25732&scanf=33716&charge=2&value=13/28,sp|Q13838|DX39B_HUMAN,/core/www/modules//consensus/?run_id=110202&search_id=114132&scans_id=110198&peptide_id=25732&scanf=33716&charge=2&value=sp|Q13838|DX39B_HUMAN,9,/core/www/modules/match_peptides/blast_html4.php?run_id=110202&search_id=114132&scans_id=110198&peptide_id=25732&scanf=33716&charge=2&value=9,K.FM*QDPMEIFVDDETK.L,/core/www/modules/show_out/show_out_wrapper.php?run_id=110202&search_id=114132&scans_id=110198&peptide_id=25732&scanf=33716&charge=2&value=K.FM*QDPMEIFVDDETK.L,DDX39B,6.261e+6,2.012,0.103,0.988,0.005
33717,2,"  4.025","  0.535",14/24,/core/www/modules//sdig/index.php?run_id=110202&search_id=114132&scans_id=110198&peptide_id=25733&scanf=33717&charge=2&value=14/24,sp|Q6PL18|ATAD2_HUMAN,/core/www/modules//consensus/?run_id=110202&search_id=114132&scans_id=110198&peptide_id=25733&scanf=33717&charge=2&value=sp|Q6PL18|ATAD2_HUMAN,0,/core/www/modules/match_peptides/blast_html4.php?run_id=110202&search_id=114132&scans_id=110198&peptide_id=25733&scanf=33717&charge=2&value=0,K.LQLDLSSINISAK.D,/core/www/modules/show_out/show_out_wrapper.php?run_id=110202&search_id=114132&scans_id=110198&peptide_id=25733&scanf=33717&charge=2&value=K.LQLDLSSINISAK.D,ATAD2,5.389e+6,3.373,0.001,2.960,0.000
33718,3,"  4.236","  0.563",14/68,/core/www/modules//sdig/index.php?run_id=110202&search_id=114132&scans_id=110198&peptide_id=25734&scanf=33718&charge=3&value=14/68,sp|Q8TCS8|PNPT1_HUMAN,/core/www/modules//consensus/?run_id=110202&search_id=114132&scans_id=110198&peptide_id=25734&scanf=33718&charge=3&value=sp|Q8TCS8|PNPT1_HUMAN,0,/core/www/modules/match_peptides/blast_html4.php?run_id=110202&search_id=114132&scans_id=110198&peptide_id=25734&scanf=33718&charge=3&value=0,K.LYPNMTAVLLHNTQLDQR.K,/core/www/modules/show_out/show_out_wrapper.php?run_id=110202&search_id=114132&scans_id=110198&peptide_id=25734&scanf=33718&charge=3&value=K.LYPNMTAVLLHNTQLDQR.K,PNPT1,2.653e+6,3.160,0.002,2.645,0.000
33722,2,"  4.751","  0.680",15/30,/core/www/modules//sdig/index.php?run_id=110202&search_id=114132&scans_id=110198&peptide_id=25738&scanf=33722&charge=2&value=15/30,sp|Q12788|TBL3_HUMAN,/core/www/modules//consensus/?run_id=110202&search_id=114132&scans_id=110198&peptide_id=25738&scanf=33722&charge=2&value=sp|Q12788|TBL3_HUMAN,1,/core/www/modules/match_peptides/blast_html4.php?run_id=110202&search_id=114132&scans_id=110198&peptide_id=25738&scanf=33722&charge=2&value=1,K.SPGLYFLTAGDQGTLR.V,/core/www/modules/show_out/show_out_wrapper.php?run_id=110202&search_id=114132&scans_id=110198&peptide_id=25738&scanf=33722&charge=2&value=K.SPGLYFLTAGDQGTLR.V,TBL3,2.529e+6,3.589,0.001,3.280,0.000
33724,3,"  3.902","  0.572",18/80,/core/www/modules//sdig/index.php?run_id=110202&search_id=114132&scans_id=110198&peptide_id=25740&scanf=33724&charge=3&value=18/80,sp|Q9Y490|TLN1_HUMAN,/core/www/modules//consensus/?run_id=110202&search_id=114132&scans_id=110198&peptide_id=25740&scanf=33724&charge=3&value=sp|Q9Y490|TLN1_HUMAN,0,/core/www/modules/match_peptides/blast_html4.php?run_id=110202&search_id=114132&scans_id=110198&peptide_id=25740&scanf=33724&charge=3&value=0,K.LLAALLEDEGGSGRPLLQAAK.G,/core/www/modules/show_out/show_out_wrapper.php?run_id=110202&search_id=114132&scans_id=110198&peptide_id=25740&scanf=33724&charge=3&value=K.LLAALLEDEGGSGRPLLQAAK.G,TLN1,1.796e+6,3.099,0.003,2.555,0.000
33726,3,"  4.357","  0.567",16/76,/core/www/modules//sdig/index.php?run_id=110202&search_id=114132&scans_id=110198&peptide_id=25741&scanf=33726&charge=3&value=16/76,sp|P42166|LAP2A_HUMAN,/core/www/modules//consensus/?run_id=110202&search_id=114132&scans_id=110198&peptide_id=25741&scanf=33726&charge=3&value=sp|P42166|LAP2A_HUMAN,0,/core/www/modules/match_peptides/blast_html4.php?run_id=110202&search_id=114132&scans_id=110198&peptide_id=25741&scanf=33726&charge=3&value=0,R.AYEAAASALQIATHTAFVAK.A,/core/www/modules/show_out/show_out_wrapper.php?run_id=110202&search_id=114132&scans_id=110198&peptide_id=25741&scanf=33726&charge=3&value=R.AYEAAASALQIATHTAFVAK.A,TMPO,1.101e+7,3.196,0.002,2.697,0.000
33727,2,"  2.712","  0.491",9/18,/core/www/modules//sdig/index.php?run_id=110202&search_id=114132&scans_id=110198&peptide_id=25742&scanf=33727&charge=2&value=9/18,sp|Q96QD9|UIF_HUMAN,/core/www/modules//consensus/?run_id=110202&search_id=114132&scans_id=110198&peptide_id=25742&scanf=33727&charge=2&value=sp|Q96QD9|UIF_HUMAN,2,/core/www/modules/match_peptides/blast_html4.php?run_id=110202&search_id=114132&scans_id=110198&peptide_id=25742&scanf=33727&charge=2&value=2,K.NIEQYFPVLK.R,/core/www/modules/show_out/show_out_wrapper.php?run_id=110202&search_id=114132&scans_id=110198&peptide_id=25742&scanf=33727&charge=2&value=K.NIEQYFPVLK.R,FYTTD1,6.427e+7,3.122,0.003,2.589,0.000
33728,4,"  5.170","  0.599",22/126,/core/www/modules//sdig/index.php?run_id=110202&search_id=114132&scans_id=110198&peptide_id=25743&scanf=33728&charge=4&value=22/126,sp|O43143|DHX15_HUMAN,/core/www/modules//consensus/?run_id=110202&search_id=114132&scans_id=110198&peptide_id=25743&scanf=33728&charge=4&value=sp|O43143|DHX15_HUMAN,0,/core/www/modules/match_peptides/blast_html4.php?run_id=110202&search_id=114132&scans_id=110198&peptide_id=25743&scanf=33728&charge=4&value=0,R.THPVEIFYTPEPERDYLEAAIR.T,/core/www/modules/show_out/show_out_wrapper.php?run_id=110202&search_id=114132&scans_id=110198&peptide_id=25743&scanf=33728&charge=4&value=R.THPVEIFYTPEPERDYLEAAIR.T,DHX15,1.445e+7,3.457,0.001,3.084,0.000
33729,3,"  6.683","  0.617",23/72,/core/www/modules//sdig/index.php?run_id=110202&search_id=114132&scans_id=110198&peptide_id=25744&scanf=33729&charge=3&value=23/72,sp|P63010|AP2B1_HUMAN,/core/www/modules//consensus/?run_id=110202&search_id=114132&scans_id=110198&peptide_id=25744&scanf=33729&charge=3&value=sp|P63010|AP2B1_HUMAN,4,/core/www/modules/match_peptides/blast_html4.php?run_id=110202&search_id=114132&scans_id=110198&peptide_id=25744&scanf=33729&charge=3&value=4,K.LHDINAQMVEDQGFLDSLR.D,/core/www/modules/show_out/show_out_wrapper.php?run_id=110202&search_id=114132&scans_id=110198&peptide_id=25744&scanf=33729&charge=3&value=K.LHDINAQMVEDQGFLDSLR.D,AP2B1,7.517e+6,3.627,0.000,3.336,0.000
33731,2,"  4.222","  0.691",16/30,/core/www/modules//sdig/index.php?run_id=110202&search_id=114132&scans_id=110198&peptide_id=25747&scanf=33731&charge=2&value=16/30,sp|Q15233|NONO_HUMAN,/core/www/modules//consensus/?run_id=110202&search_id=114132&scans_id=110198&peptide_id=25747&scanf=33731&charge=2&value=sp|Q15233|NONO_HUMAN,11,/core/www/modules/match_peptides/blast_html4.php?run_id=110202&search_id=114132&scans_id=110198&peptide_id=25747&scanf=33731&charge=2&value=11,R.LFVGNLPPDITEEEMR.K,/core/www/modules/show_out/show_out_wrapper.php?run_id=110202&search_id=114132&scans_id=110198&peptide_id=25747&scanf=33731&charge=2&value=R.LFVGNLPPDITEEEMR.K,NONO,1.949e+7,3.715,0.000,3.467,0.000
33732,2,"  3.464","  0.633",14/22,/core/www/modules//sdig/index.php?run_id=110202&search_id=114132&scans_id=110198&peptide_id=25748&scanf=33732&charge=2&value=14/22,sp|Q9H0A0|NAT10_HUMAN,/core/www/modules//consensus/?run_id=110202&search_id=114132&scans_id=110198&peptide_id=25748&scanf=33732&charge=2&value=sp|Q9H0A0|NAT10_HUMAN,0,/core/www/modules/match_peptides/blast_html4.php?run_id=110202&search_id=114132&scans_id=110198&peptide_id=25748&scanf=33732&charge=2&value=0,R.ALQLLQMYYEGR.F,/core/www/modules/show_out/show_out_wrapper.php?run_id=110202&search_id=114132&scans_id=110198&peptide_id=25748&scanf=33732&charge=2&value=R.ALQLLQMYYEGR.F,NAT10,8.224e+6,3.849,0.000,3.666,0.000
33734,3,"  3.475","  0.621",17/60,/core/www/modules//sdig/index.php?run_id=110202&search_id=114132&scans_id=110198&peptide_id=25750&scanf=33734&charge=3&value=17/60,sp|Q15149|PLEC_HUMAN,/core/www/modules//consensus/?run_id=110202&search_id=114132&scans_id=110198&peptide_id=25750&scanf=33734&charge=3&value=sp|Q15149|PLEC_HUMAN,5,/core/www/modules/match_peptides/blast_html4.php?run_id=110202&search_id=114132&scans_id=110198&peptide_id=25750&scanf=33734&charge=3&value=5,R.APVPASELLASGVLSR.A,/core/www/modules/show_out/show_out_wrapper.php?run_id=110202&search_id=114132&scans_id=110198&peptide_id=25750&scanf=33734&charge=3&value=R.APVPASELLASGVLSR.A,PLEC,1.991e+7,4.054,0.000,3.969,0.000
33735,2,"  3.737","  0.626",13/22,/core/www/modules//sdig/index.php?run_id=110202&search_id=114132&scans_id=110198&peptide_id=25751&scanf=33735&charge=2&value=13/22,sp|P01111|RASN_HUMAN,/core/www/modules//consensus/?run_id=110202&search_id=114132&scans_id=110198&peptide_id=25751&scanf=33735&charge=2&value=sp|P01111|RASN_HUMAN,1,/core/www/modules/match_peptides/blast_html4.php?run_id=110202&search_id=114132&scans_id=110198&peptide_id=25751&scanf=33735&charge=2&value=1,R.QGVEDAFYTLVR.E,/core/www/modules/show_out/show_out_wrapper.php?run_id=110202&search_id=114132&scans_id=110198&peptide_id=25751&scanf=33735&charge=2&value=R.QGVEDAFYTLVR.E,NRAS,2.894e+6,3.583,0.001,3.272,0.000
33736,2,"  3.915","  0.000",17/28,/core/www/modules//sdig/index.php?run_id=110202&search_id=114132&scans_id=110198&peptide_id=25752&scanf=33736&charge=2&value=17/28,sp|P42025|ACTY_HUMAN,/core/www/modules//consensus/?run_id=110202&search_id=114132&scans_id=110198&peptide_id=25752&scanf=33736&charge=2&value=sp|P42025|ACTY_HUMAN,2,/core/www/modules/match_peptides/blast_html4.php?run_id=110202&search_id=114132&scans_id=110198&peptide_id=25752&scanf=33736&charge=2&value=2,R.VMAGALEGDLFIGPK.A,/core/www/modules/show_out/show_out_wrapper.php?run_id=110202&search_id=114132&scans_id=110198&peptide_id=25752&scanf=33736&charge=2&value=R.VMAGALEGDLFIGPK.A,ACTR1B,4.124e+6,3.508,0.001,3.160,0.000
33739,2,"  4.203","  0.746",19/28,/core/www/modules//sdig/index.php?run_id=110202&search_id=114132&scans_id=110198&peptide_id=25755&scanf=33739&charge=2&value=19/28,sp|P11388|TOP2A_HUMAN,/core/www/modules//consensus/?run_id=110202&search_id=114132&scans_id=110198&peptide_id=25755&scanf=33739&charge=2&value=sp|P11388|TOP2A_HUMAN,0,/core/www/modules/match_peptides/blast_html4.php?run_id=110202&search_id=114132&scans_id=110198&peptide_id=25755&scanf=33739&charge=2&value=0,R.LMDGEEPLPMLPSYK.N,/core/www/modules/show_out/show_out_wrapper.php?run_id=110202&search_id=114132&scans_id=110198&peptide_id=25755&scanf=33739&charge=2&value=R.LMDGEEPLPMLPSYK.N,TOP2A,1.196e+7,4.270,0.000,4.290,0.000
33745,2,"  4.573","  0.559",14/32,/core/www/modules//sdig/index.php?run_id=110202&search_id=114132&scans_id=110198&peptide_id=25762&scanf=33745&charge=2&value=14/32,sp|P78549|NTH_HUMAN,/core/www/modules//consensus/?run_id=110202&search_id=114132&scans_id=110198&peptide_id=25762&scanf=33745&charge=2&value=sp|P78549|NTH_HUMAN,2,/core/www/modules/match_peptides/blast_html4.php?run_id=110202&search_id=114132&scans_id=110198&peptide_id=25762&scanf=33745&charge=2&value=2,R.GLTVDSILQTDDATLGK.L,/core/www/modules/show_out/show_out_wrapper.php?run_id=110202&search_id=114132&scans_id=110198&peptide_id=25762&scanf=33745&charge=2&value=R.GLTVDSILQTDDATLGK.L,NTHL1,1.786e+6,3.054,0.003,2.488,0.000
33747,2,"  2.626","  0.661",12/22,/core/www/modules//sdig/index.php?run_id=110202&search_id=114132&scans_id=110198&peptide_id=25763&scanf=33747&charge=2&value=12/22,sp|Q14974|IMB1_HUMAN,/core/www/modules//consensus/?run_id=110202&search_id=114132&scans_id=110198&peptide_id=25763&scanf=33747&charge=2&value=sp|Q14974|IMB1_HUMAN,2,/core/www/modules/match_peptides/blast_html4.php?run_id=110202&search_id=114132&scans_id=110198&peptide_id=25763&scanf=33747&charge=2&value=2,R.SSAYESLMEIVK.N,/core/www/modules/show_out/show_out_wrapper.php?run_id=110202&search_id=114132&scans_id=110198&peptide_id=25763&scanf=33747&charge=2&value=R.SSAYESLMEIVK.N,KPNB1,3.029e+7,3.701,0.000,3.447,0.000
33748,3,"  3.793","  0.683",19/64,/core/www/modules//sdig/index.php?run_id=110202&search_id=114132&scans_id=110198&peptide_id=25764&scanf=33748&charge=3&value=19/64,sp|Q9UQ35|SRRM2_HUMAN,/core/www/modules//consensus/?run_id=110202&search_id=114132&scans_id=110198&peptide_id=25764&scanf=33748&charge=3&value=sp|Q9UQ35|SRRM2_HUMAN,0,/core/www/modules/match_peptides/blast_html4.php?run_id=110202&search_id=114132&scans_id=110198&peptide_id=25764&scanf=33748&charge=3&value=0,K.SEEPAGQILSHLSSELK.E,/core/www/modules/show_out/show_out_wrapper.php?run_id=110202&search_id=114132&scans_id=110198&peptide_id=25764&scanf=33748&charge=3&value=K.SEEPAGQILSHLSSELK.E,SRRM2,1.936e+7,3.826,0.000,3.632,0.000
33749,3,"  3.090","  0.503",15/48,/core/www/modules//sdig/index.php?run_id=110202&search_id=114132&scans_id=110198&peptide_id=25765&scanf=33749&charge=3&value=15/48,sp|Q14152|EIF3A_HUMAN,/core/www/modules//consensus/?run_id=110202&search_id=114132&scans_id=110198&peptide_id=25765&scanf=33749&charge=3&value=sp|Q14152|EIF3A_HUMAN,0,/core/www/modules/match_peptides/blast_html4.php?run_id=110202&search_id=114132&scans_id=110198&peptide_id=25765&scanf=33749&charge=3&value=0,K.KQPALDVLYDVMK.S,/core/www/modules/show_out/show_out_wrapper.php?run_id=110202&search_id=114132&scans_id=110198&peptide_id=25765&scanf=33749&charge=3&value=K.KQPALDVLYDVMK.S,EIF3A,7.880e+6,3.032,0.004,2.455,0.000
33750,4,"  9.993","  0.730",37/174,/core/www/modules//sdig/index.php?run_id=110202&search_id=114132&scans_id=110198&peptide_id=25767&scanf=33750&charge=4&value=37/174,sp|Q9Y285|SYFA_HUMAN,/core/www/modules//consensus/?run_id=110202&search_id=114132&scans_id=110198&peptide_id=25767&scanf=33750&charge=4&value=sp|Q9Y285|SYFA_HUMAN,4,/core/www/modules/match_peptides/blast_html4.php?run_id=110202&search_id=114132&scans_id=110198&peptide_id=25767&scanf=33750&charge=4&value=4,R.RLEASDGGLDSAELAAELGMEHQAVVGAVK.S,/core/www/modules/show_out/show_out_wrapper.php?run_id=110202&search_id=114132&scans_id=110198&peptide_id=25767&scanf=33750&charge=4&value=R.RLEASDGGLDSAELAAELGMEHQAVVGAVK.S,FARSA,3.864e+6,3.776,0.000,3.558,0.000
33754,3,"  5.648","  0.639",21/72,/core/www/modules//sdig/index.php?run_id=110202&search_id=114132&scans_id=110198&peptide_id=25771&scanf=33754&charge=3&value=21/72,sp|P51531|SMCA2_HUMAN,/core/www/modules//consensus/?run_id=110202&search_id=114132&scans_id=110198&peptide_id=25771&scanf=33754&charge=3&value=sp|P51531|SMCA2_HUMAN,3,/core/www/modules/match_peptides/blast_html4.php?run_id=110202&search_id=114132&scans_id=110198&peptide_id=25771&scanf=33754&charge=3&value=3,R.ISPIQKPQGLDPVEILQER.E,/core/www/modules/show_out/show_out_wrapper.php?run_id=110202&search_id=114132&scans_id=110198&peptide_id=25771&scanf=33754&charge=3&value=R.ISPIQKPQGLDPVEILQER.E,SMARCA2,1.502e+8,3.867,0.000,3.692,0.000
33756,3,"  3.663","  0.292",15/52,/core/www/modules//sdig/index.php?run_id=110202&search_id=114132&scans_id=110198&peptide_id=25773&scanf=33756&charge=3&value=15/52,sp|Q7KZ85|SPT6H_HUMAN,/core/www/modules//consensus/?run_id=110202&search_id=114132&scans_id=110198&peptide_id=25773&scanf=33756&charge=3&value=sp|Q7KZ85|SPT6H_HUMAN,0,/core/www/modules/match_peptides/blast_html4.php?run_id=110202&search_id=114132&scans_id=110198&peptide_id=25773&scanf=33756&charge=3&value=0,K.EYVEPELHINDLWR.V,/core/www/modules/show_out/show_out_wrapper.php?run_id=110202&search_id=114132&scans_id=110198&peptide_id=25773&scanf=33756&charge=3&value=K.EYVEPELHINDLWR.V,SUPT6H,3.217e+6,2.464,0.024,1.622,0.001
33757,3,"  2.331","  0.367",13/52,/core/www/modules//sdig/index.php?run_id=110202&search_id=114132&scans_id=110198&peptide_id=25774&scanf=33757&charge=3&value=13/52,sp|Q9H6W3|RIOX1_HUMAN,/core/www/modules//consensus/?run_id=110202&search_id=114132&scans_id=110198&peptide_id=25774&scanf=33757&charge=3&value=sp|Q9H6W3|RIOX1_HUMAN,0,/core/www/modules/match_peptides/blast_html4.php?run_id=110202&search_id=114132&scans_id=110198&peptide_id=25774&scanf=33757&charge=3&value=0,K.DFIHDSLPPVLTDR.E,/core/www/modules/show_out/show_out_wrapper.php?run_id=110202&search_id=114132&scans_id=110198&peptide_id=25774&scanf=33757&charge=3&value=K.DFIHDSLPPVLTDR.E,RIOX1,1.035e+7,2.618,0.014,1.845,0.000
33764,2,"  2.626","  0.499",11/16,/core/www/modules//sdig/index.php?run_id=110202&search_id=114132&scans_id=110198&peptide_id=25782&scanf=33764&charge=2&value=11/16,sp|Q9BZJ0|CRNL1_HUMAN,/core/www/modules//consensus/?run_id=110202&search_id=114132&scans_id=110198&peptide_id=25782&scanf=33764&charge=2&value=sp|Q9BZJ0|CRNL1_HUMAN,1,/core/www/modules/match_peptides/blast_html4.php?run_id=110202&search_id=114132&scans_id=110198&peptide_id=25782&scanf=33764&charge=2&value=1,R.LDMPEVLWK.S,/core/www/modules/show_out/show_out_wrapper.php?run_id=110202&search_id=114132&scans_id=110198&peptide_id=25782&scanf=33764&charge=2&value=R.LDMPEVLWK.S,CRNKL1,6.218e+6,3.431,0.001,3.046,0.000
33765,2,"  4.155","  0.628",21/28,/core/www/modules//sdig/index.php?run_id=110202&search_id=114132&scans_id=110198&peptide_id=25783&scanf=33765&charge=2&value=21/28,sp|Q7Z6Z7|HUWE1_HUMAN,/core/www/modules//consensus/?run_id=110202&search_id=114132&scans_id=110198&peptide_id=25783&scanf=33765&charge=2&value=sp|Q7Z6Z7|HUWE1_HUMAN,0,/core/www/modules/match_peptides/blast_html4.php?run_id=110202&search_id=114132&scans_id=110198&peptide_id=25783&scanf=33765&charge=2&value=0,K.LPGGVQNFPQFSALR.F,/core/www/modules/show_out/show_out_wrapper.php?run_id=110202&search_id=114132&scans_id=110198&peptide_id=25783&scanf=33765&charge=2&value=K.LPGGVQNFPQFSALR.F,HUWE1,3.327e+6,3.870,0.000,3.697,0.000
33766,2,"  1.938","  0.396",9/16,/core/www/modules//sdig/index.php?run_id=110202&search_id=114132&scans_id=110198&peptide_id=25784&scanf=33766&charge=2&value=9/16,sp|Q9Y2R5|RT17_HUMAN,/core/www/modules//consensus/?run_id=110202&search_id=114132&scans_id=110198&peptide_id=25784&scanf=33766&charge=2&value=sp|Q9Y2R5|RT17_HUMAN,2,/core/www/modules/match_peptides/blast_html4.php?run_id=110202&search_id=114132&scans_id=110198&peptide_id=25784&scanf=33766&charge=2&value=2,R.LVLDPYLLK.Y,/core/www/modules/show_out/show_out_wrapper.php?run_id=110202&search_id=114132&scans_id=110198&peptide_id=25784&scanf=33766&charge=2&value=R.LVLDPYLLK.Y,MRPS17,5.877e+6,2.821,0.007,2.144,0.000
33768,4,"  4.518","  0.607",20/114,/core/www/modules//sdig/index.php?run_id=110202&search_id=114132&scans_id=110198&peptide_id=25785&scanf=33768&charge=4&value=20/114,sp|Q14694|UBP10_HUMAN,/core/www/modules//consensus/?run_id=110202&search_id=114132&scans_id=110198&peptide_id=25785&scanf=33768&charge=4&value=sp|Q14694|UBP10_HUMAN,1,/core/www/modules/match_peptides/blast_html4.php?run_id=110202&search_id=114132&scans_id=110198&peptide_id=25785&scanf=33768&charge=4&value=1,K.IAELLENVTLIHKPVSLQPR.G,/core/www/modules/show_out/show_out_wrapper.php?run_id=110202&search_id=114132&scans_id=110198&peptide_id=25785&scanf=33768&charge=4&value=K.IAELLENVTLIHKPVSLQPR.G,USP10,7.524e+6,3.696,0.000,3.439,0.000
33769,3,"  2.725","  0.281",12/80,/core/www/modules//sdig/index.php?run_id=110202&search_id=114132&scans_id=110198&peptide_id=25786&scanf=33769&charge=3&value=12/80,sp|Q71SY5|MED25_HUMAN,/core/www/modules//consensus/?run_id=110202&search_id=114132&scans_id=110198&peptide_id=25786&scanf=33769&charge=3&value=sp|Q71SY5|MED25_HUMAN,2,/core/www/modules/match_peptides/blast_html4.php?run_id=110202&search_id=114132&scans_id=110198&peptide_id=25786&scanf=33769&charge=3&value=2,K.AAPPALLEPLQPPTDVSQDPR.H,/core/www/modules/show_out/show_out_wrapper.php?run_id=110202&search_id=114132&scans_id=110198&peptide_id=25786&scanf=33769&charge=3&value=K.AAPPALLEPLQPPTDVSQDPR.H,MED25,4.111e+6,1.909,0.140,0.854,0.007
33770,2,"  3.800","  0.583",15/30,/core/www/modules//sdig/index.php?run_id=110202&search_id=114132&scans_id=110198&peptide_id=25788&scanf=33770&charge=2&value=15/30,sp|O60488|ACSL4_HUMAN,/core/www/modules//consensus/?run_id=110202&search_id=114132&scans_id=110198&peptide_id=25788&scanf=33770&charge=2&value=sp|O60488|ACSL4_HUMAN,2,/core/www/modules/match_peptides/blast_html4.php?run_id=110202&search_id=114132&scans_id=110198&peptide_id=25788&scanf=33770&charge=2&value=2,R.GEIVIGGQNISMGYFK.N,/core/www/modules/show_out/show_out_wrapper.php?run_id=110202&search_id=114132&scans_id=110198&peptide_id=25788&scanf=33770&charge=2&value=R.GEIVIGGQNISMGYFK.N,ACSL4,4.212e+6,3.238,0.002,2.760,0.000
33771,3,"  3.527","  0.280",12/52,/core/www/modules//sdig/index.php?run_id=110202&search_id=114132&scans_id=110198&peptide_id=25789&scanf=33771&charge=3&value=12/52,sp|Q7KZ85|SPT6H_HUMAN,/core/www/modules//consensus/?run_id=110202&search_id=114132&scans_id=110198&peptide_id=25789&scanf=33771&charge=3&value=sp|Q7KZ85|SPT6H_HUMAN,0,/core/www/modules/match_peptides/blast_html4.php?run_id=110202&search_id=114132&scans_id=110198&peptide_id=25789&scanf=33771&charge=3&value=0,K.EYVEPELHINDLWR.V,/core/www/modules/show_out/show_out_wrapper.php?run_id=110202&search_id=114132&scans_id=110198&peptide_id=25789&scanf=33771&charge=3&value=K.EYVEPELHINDLWR.V,SUPT6H,3.217e+6,2.391,0.030,1.517,0.001
33772,3,"  2.631","  0.394",12/56,/core/www/modules//sdig/index.php?run_id=110202&search_id=114132&scans_id=110198&peptide_id=25790&scanf=33772&charge=3&value=12/56,sp|O00159|MYO1C_HUMAN,/core/www/modules//consensus/?run_id=110202&search_id=114132&scans_id=110198&peptide_id=25790&scanf=33772&charge=3&value=sp|O00159|MYO1C_HUMAN,1,/core/www/modules/match_peptides/blast_html4.php?run_id=110202&search_id=114132&scans_id=110198&peptide_id=25790&scanf=33772&charge=3&value=1,K.GAPVGGHILSYLLEK.S,/core/www/modules/show_out/show_out_wrapper.php?run_id=110202&search_id=114132&scans_id=110198&peptide_id=25790&scanf=33772&charge=3&value=K.GAPVGGHILSYLLEK.S,MYO1C,2.480e+7,2.736,0.010,2.018,0.000
33774,3,"  3.717","  0.412",14/52,/core/www/modules//sdig/index.php?run_id=110202&search_id=114132&scans_id=110198&peptide_id=25792&scanf=33774&charge=3&value=14/52,sp|P61019|RAB2A_HUMAN,/core/www/modules//consensus/?run_id=110202&search_id=114132&scans_id=110198&peptide_id=25792&scanf=33774&charge=3&value=sp|P61019|RAB2A_HUMAN,2,/core/www/modules/match_peptides/blast_html4.php?run_id=110202&search_id=114132&scans_id=110198&peptide_id=25792&scanf=33774&charge=3&value=2,R.DTFNHLTTWLEDAR.Q,/core/www/modules/show_out/show_out_wrapper.php?run_id=110202&search_id=114132&scans_id=110198&peptide_id=25792&scanf=33774&charge=3&value=R.DTFNHLTTWLEDAR.Q,RAB2A,1.105e+7,2.882,0.006,2.234,0.000
33775,2,"  2.962","  0.372",9/22,/core/www/modules//sdig/index.php?run_id=110202&search_id=114132&scans_id=110198&peptide_id=25793&scanf=33775&charge=2&value=9/22,sp|Q9UKV8|AGO2_HUMAN,/core/www/modules//consensus/?run_id=110202&search_id=114132&scans_id=110198&peptide_id=25793&scanf=33775&charge=2&value=sp|Q9UKV8|AGO2_HUMAN,0,/core/www/modules/match_peptides/blast_html4.php?run_id=110202&search_id=114132&scans_id=110198&peptide_id=25793&scanf=33775&charge=2&value=0,K.NLYTAMPLPIGR.D,/core/www/modules/show_out/show_out_wrapper.php?run_id=110202&search_id=114132&scans_id=110198&peptide_id=25793&scanf=33775&charge=2&value=K.NLYTAMPLPIGR.D,AGO2,3.599e+6,2.495,0.022,1.667,0.001
33778,3,"  5.304","  0.715",18/64,/core/www/modules//sdig/index.php?run_id=110202&search_id=114132&scans_id=110198&peptide_id=25796&scanf=33778&charge=3&value=18/64,sp|Q9Y6M1|IF2B2_HUMAN,/core/www/modules//consensus/?run_id=110202&search_id=114132&scans_id=110198&peptide_id=25796&scanf=33778&charge=3&value=sp|Q9Y6M1|IF2B2_HUMAN,1,/core/www/modules/match_peptides/blast_html4.php?run_id=110202&search_id=114132&scans_id=110198&peptide_id=25796&scanf=33778&charge=3&value=1,K.TVNELQNLTSAEVIVPR.D,/core/www/modules/show_out/show_out_wrapper.php?run_id=110202&search_id=114132&scans_id=110198&peptide_id=25796&scanf=33778&charge=3&value=K.TVNELQNLTSAEVIVPR.D,IGF2BP2,1.243e+7,3.918,0.000,3.767,0.000
33779,2,"  2.269","  0.444",8/14,/core/www/modules//sdig/index.php?run_id=110202&search_id=114132&scans_id=110198&peptide_id=25797&scanf=33779&charge=2&value=8/14,sp|Q68CQ4|UTP25_HUMAN,/core/www/modules//consensus/?run_id=110202&search_id=114132&scans_id=110198&peptide_id=25797&scanf=33779&charge=2&value=sp|Q68CQ4|UTP25_HUMAN,0,/core/www/modules/match_peptides/blast_html4.php?run_id=110202&search_id=114132&scans_id=110198&peptide_id=25797&scanf=33779&charge=2&value=0,K.VLIVVPFR.E,/core/www/modules/show_out/show_out_wrapper.php?run_id=110202&search_id=114132&scans_id=110198&peptide_id=25797&scanf=33779&charge=2&value=K.VLIVVPFR.E,UTP25,2.241e+7,3.106,0.003,2.564,0.000
33782,2,"  2.183","  0.557",7/28,/core/www/modules//sdig/index.php?run_id=110202&search_id=114132&scans_id=110198&peptide_id=25801&scanf=33782&charge=2&value=7/28,sp|Q9H2U1|DHX36_HUMAN,/core/www/modules//consensus/?run_id=110202&search_id=114132&scans_id=110198&peptide_id=25801&scanf=33782&charge=2&value=sp|Q9H2U1|DHX36_HUMAN,1,/core/www/modules/match_peptides/blast_html4.php?run_id=110202&search_id=114132&scans_id=110198&peptide_id=25801&scanf=33782&charge=2&value=1,R.LMDPPSNEAVLLSIR.H,/core/www/modules/show_out/show_out_wrapper.php?run_id=110202&search_id=114132&scans_id=110198&peptide_id=25801&scanf=33782&charge=2&value=R.LMDPPSNEAVLLSIR.H,DHX36,2.345e+6,2.748,0.009,2.037,0.000
33784,3,"  4.636","  0.541",18/84,/core/www/modules//sdig/index.php?run_id=110202&search_id=114132&scans_id=110198&peptide_id=25803&scanf=33784&charge=3&value=18/84,sp|O00116|ADAS_HUMAN,/core/www/modules//consensus/?run_id=110202&search_id=114132&scans_id=110198&peptide_id=25803&scanf=33784&charge=3&value=sp|O00116|ADAS_HUMAN,9,/core/www/modules/match_peptides/blast_html4.php?run_id=110202&search_id=114132&scans_id=110198&peptide_id=25803&scanf=33784&charge=3&value=9,K.ASLNPSDTPPSVVNEDFLHDLK.E,/core/www/modules/show_out/show_out_wrapper.php?run_id=110202&search_id=114132&scans_id=110198&peptide_id=25803&scanf=33784&charge=3&value=K.ASLNPSDTPPSVVNEDFLHDLK.E,AGPS,2.297e+6,2.967,0.004,2.360,0.000
33785,2,"  4.367","  0.710",16/30,/core/www/modules//sdig/index.php?run_id=110202&search_id=114132&scans_id=110198&peptide_id=25804&scanf=33785&charge=2&value=16/30,sp|Q13610|PWP1_HUMAN,/core/www/modules//consensus/?run_id=110202&search_id=114132&scans_id=110198&peptide_id=25804&scanf=33785&charge=2&value=sp|Q13610|PWP1_HUMAN,1,/core/www/modules/match_peptides/blast_html4.php?run_id=110202&search_id=114132&scans_id=110198&peptide_id=25804&scanf=33785&charge=2&value=1,R.VWDISTVSSVNEAFGR.R,/core/www/modules/show_out/show_out_wrapper.php?run_id=110202&search_id=114132&scans_id=110198&peptide_id=25804&scanf=33785&charge=2&value=R.VWDISTVSSVNEAFGR.R,PWP1,7.605e+6,3.767,0.000,3.545,0.000
33786,3,"  5.029","  0.578",12/80,/core/www/modules//sdig/index.php?run_id=110202&search_id=114132&scans_id=110198&peptide_id=25805&scanf=33786&charge=3&value=12/80,sp|P60709|ACTB_HUMAN,/core/www/modules//consensus/?run_id=110202&search_id=114132&scans_id=110198&peptide_id=25805&scanf=33786&charge=3&value=sp|P60709|ACTB_HUMAN,6,/core/www/modules/match_peptides/blast_html4.php?run_id=110202&search_id=114132&scans_id=110198&peptide_id=25805&scanf=33786&charge=3&value=6,K.DLYANTVLSGGTTMYPGIADR.M,/core/www/modules/show_out/show_out_wrapper.php?run_id=110202&search_id=114132&scans_id=110198&peptide_id=25805&scanf=33786&charge=3&value=K.DLYANTVLSGGTTMYPGIADR.M,ACTB,3.696e+8,3.540,0.001,3.207,0.000
33787,3,"  4.991","  0.656",21/92,/core/www/modules//sdig/index.php?run_id=110202&search_id=114132&scans_id=110198&peptide_id=25806&scanf=33787&charge=3&value=21/92,sp|Q14692|BMS1_HUMAN,/core/www/modules//consensus/?run_id=110202&search_id=114132&scans_id=110198&peptide_id=25806&scanf=33787&charge=3&value=sp|Q14692|BMS1_HUMAN,0,/core/www/modules/match_peptides/blast_html4.php?run_id=110202&search_id=114132&scans_id=110198&peptide_id=25806&scanf=33787&charge=3&value=0,R.VTLFSDSKPLGSEDIDNQGLMMPK.E,/core/www/modules/show_out/show_out_wrapper.php?run_id=110202&search_id=114132&scans_id=110198&peptide_id=25806&scanf=33787&charge=3&value=R.VTLFSDSKPLGSEDIDNQGLMMPK.E,BMS1,1.954e+6,3.372,0.001,2.959,0.000
33793,2,"  2.300","  0.435",10/20,/core/www/modules//sdig/index.php?run_id=110202&search_id=114132&scans_id=110198&peptide_id=25812&scanf=33793&charge=2&value=10/20,sp|Q14669|TRIPC_HUMAN,/core/www/modules//consensus/?run_id=110202&search_id=114132&scans_id=110198&peptide_id=25812&scanf=33793&charge=2&value=sp|Q14669|TRIPC_HUMAN,2,/core/www/modules/match_peptides/blast_html4.php?run_id=110202&search_id=114132&scans_id=110198&peptide_id=25812&scanf=33793&charge=2&value=2,K.EGIFAVDTMLK.K,/core/www/modules/show_out/show_out_wrapper.php?run_id=110202&search_id=114132&scans_id=110198&peptide_id=25812&scanf=33793&charge=2&value=K.EGIFAVDTMLK.K,TRIP12,1.774e+7,2.982,0.004,2.382,0.000
33794,3,"  4.287","  0.466",11/84,/core/www/modules//sdig/index.php?run_id=110202&search_id=114132&scans_id=110198&peptide_id=25813&scanf=33794&charge=3&value=11/84,sp|P52789|HXK2_HUMAN,/core/www/modules//consensus/?run_id=110202&search_id=114132&scans_id=110198&peptide_id=25813&scanf=33794&charge=3&value=sp|P52789|HXK2_HUMAN,1,/core/www/modules/match_peptides/blast_html4.php?run_id=110202&search_id=114132&scans_id=110198&peptide_id=25813&scanf=33794&charge=3&value=1,R.STPDGTEHGEFLALDLGGTNFR.V,/core/www/modules/show_out/show_out_wrapper.php?run_id=110202&search_id=114132&scans_id=110198&peptide_id=25813&scanf=33794&charge=3&value=R.STPDGTEHGEFLALDLGGTNFR.V,HK2,3.032e+6,2.586,0.016,1.800,0.000
33795,3,"  4.091","  0.566",15/60,/core/www/modules//sdig/index.php?run_id=110202&search_id=114132&scans_id=110198&peptide_id=25814&scanf=33795&charge=3&value=15/60,sp|Q9NZT2|OGFR_HUMAN,/core/www/modules//consensus/?run_id=110202&search_id=114132&scans_id=110198&peptide_id=25814&scanf=33795&charge=3&value=sp|Q9NZT2|OGFR_HUMAN,1,/core/www/modules/match_peptides/blast_html4.php?run_id=110202&search_id=114132&scans_id=110198&peptide_id=25814&scanf=33795&charge=3&value=1,K.SLGELGLEHFQAPLVR.F,/core/www/modules/show_out/show_out_wrapper.php?run_id=110202&search_id=114132&scans_id=110198&peptide_id=25814&scanf=33795&charge=3&value=K.SLGELGLEHFQAPLVR.F,OGFR,1.869e+6,3.279,0.002,2.821,0.000
33799,3,"  4.045","  0.466",14/56,/core/www/modules//sdig/index.php?run_id=110202&search_id=114132&scans_id=110198&peptide_id=25818&scanf=33799&charge=3&value=14/56,sp|Q96T88|UHRF1_HUMAN,/core/www/modules//consensus/?run_id=110202&search_id=114132&scans_id=110198&peptide_id=25818&scanf=33799&charge=3&value=sp|Q96T88|UHRF1_HUMAN,3,/core/www/modules/match_peptides/blast_html4.php?run_id=110202&search_id=114132&scans_id=110198&peptide_id=25818&scanf=33799&charge=3&value=3,K.DRPASGSPFQLFLSK.V,/core/www/modules/show_out/show_out_wrapper.php?run_id=110202&search_id=114132&scans_id=110198&peptide_id=25818&scanf=33799&charge=3&value=K.DRPASGSPFQLFLSK.V,UHRF1,3.368e+6,3.031,0.004,2.454,0.000
33803,2,"  2.483","  0.501",8/18,/core/www/modules//sdig/index.php?run_id=110202&search_id=114132&scans_id=110198&peptide_id=25823&scanf=33803&charge=2&value=8/18,sp|P35237|SPB6_HUMAN,/core/www/modules//consensus/?run_id=110202&search_id=114132&scans_id=110198&peptide_id=25823&scanf=33803&charge=2&value=sp|P35237|SPB6_HUMAN,4,/core/www/modules/match_peptides/blast_html4.php?run_id=110202&search_id=114132&scans_id=110198&peptide_id=25823&scanf=33803&charge=2&value=4,R.LVLVNAVYFR.G,/core/www/modules/show_out/show_out_wrapper.php?run_id=110202&search_id=114132&scans_id=110198&peptide_id=25823&scanf=33803&charge=2&value=R.LVLVNAVYFR.G,SERPINB6,1.906e+6,2.942,0.005,2.323,0.000
33810,4,"  6.444","  0.636",20/114,/core/www/modules//sdig/index.php?run_id=110202&search_id=114132&scans_id=110198&peptide_id=25830&scanf=33810&charge=4&value=20/114,sp|Q14694|UBP10_HUMAN,/core/www/modules//consensus/?run_id=110202&search_id=114132&scans_id=110198&peptide_id=25830&scanf=33810&charge=4&value=sp|Q14694|UBP10_HUMAN,1,/core/www/modules/match_peptides/blast_html4.php?run_id=110202&search_id=114132&scans_id=110198&peptide_id=25830&scanf=33810&charge=4&value=1,K.IAELLENVTLIHKPVSLQPR.G,/core/www/modules/show_out/show_out_wrapper.php?run_id=110202&search_id=114132&scans_id=110198&peptide_id=25830&scanf=33810&charge=4&value=K.IAELLENVTLIHKPVSLQPR.G,USP10,7.524e+6,3.911,0.000,3.757,0.000
33812,2,"  3.106","  0.477",13/24,/core/www/modules//sdig/index.php?run_id=110202&search_id=114132&scans_id=110198&peptide_id=25832&scanf=33812&charge=2&value=13/24,sp|P29692|EF1D_HUMAN,/core/www/modules//consensus/?run_id=110202&search_id=114132&scans_id=110198&peptide_id=25832&scanf=33812&charge=2&value=sp|P29692|EF1D_HUMAN,6,/core/www/modules/match_peptides/blast_html4.php?run_id=110202&search_id=114132&scans_id=110198&peptide_id=25832&scanf=33812&charge=2&value=6,R.SIQLDGLVWGASK.L,/core/www/modules/show_out/show_out_wrapper.php?run_id=110202&search_id=114132&scans_id=110198&peptide_id=25832&scanf=33812&charge=2&value=R.SIQLDGLVWGASK.L,EEF1D,6.987e+6,2.974,0.004,2.369,0.000
33813,3,"  4.342","  0.461",11/56,/core/www/modules//sdig/index.php?run_id=110202&search_id=114132&scans_id=110198&peptide_id=25833&scanf=33813&charge=3&value=11/56,sp|O00159|MYO1C_HUMAN,/core/www/modules//consensus/?run_id=110202&search_id=114132&scans_id=110198&peptide_id=25833&scanf=33813&charge=3&value=sp|O00159|MYO1C_HUMAN,3,/core/www/modules/match_peptides/blast_html4.php?run_id=110202&search_id=114132&scans_id=110198&peptide_id=25833&scanf=33813&charge=3&value=3,R.LLQSNPVLEAFGNAK.T,/core/www/modules/show_out/show_out_wrapper.php?run_id=110202&search_id=114132&scans_id=110198&peptide_id=25833&scanf=33813&charge=3&value=R.LLQSNPVLEAFGNAK.T,MYO1C,8.370e+6,2.950,0.005,2.334,0.000
33814,2,"  4.831","  0.582",17/28,/core/www/modules//sdig/index.php?run_id=110202&search_id=114132&scans_id=110198&peptide_id=25834&scanf=33814&charge=2&value=17/28,sp|Q969F1|TF3C6_HUMAN,/core/www/modules//consensus/?run_id=110202&search_id=114132&scans_id=110198&peptide_id=25834&scanf=33814&charge=2&value=sp|Q969F1|TF3C6_HUMAN,0,/core/www/modules/match_peptides/blast_html4.php?run_id=110202&search_id=114132&scans_id=110198&peptide_id=25834&scanf=33814&charge=2&value=0,K.EGEENIGGVEWLQIK.D,/core/www/modules/show_out/show_out_wrapper.php?run_id=110202&search_id=114132&scans_id=110198&peptide_id=25834&scanf=33814&charge=2&value=K.EGEENIGGVEWLQIK.D,GTF3C6,2.371e+6,3.458,0.001,3.086,0.000
33816,4,"  3.713","  0.500",12/126,/core/www/modules//sdig/index.php?run_id=110202&search_id=114132&scans_id=110198&peptide_id=25836&scanf=33816&charge=4&value=12/126,sp|P06400|RB_HUMAN,/core/www/modules//consensus/?run_id=110202&search_id=114132&scans_id=110198&peptide_id=25836&scanf=33816&charge=4&value=sp|P06400|RB_HUMAN,1,/core/www/modules/match_peptides/blast_html4.php?run_id=110202&search_id=114132&scans_id=110198&peptide_id=25836&scanf=33816&charge=4&value=1,K.TNILQYASTRPPTLSPIPHIPR.S,/core/www/modules/show_out/show_out_wrapper.php?run_id=110202&search_id=114132&scans_id=110198&peptide_id=25836&scanf=33816&charge=4&value=K.TNILQYASTRPPTLSPIPHIPR.S,RB1,2.191e+6,3.072,0.003,2.515,0.000
33817,3,"  4.476","  0.593",11/84,/core/www/modules//sdig/index.php?run_id=110202&search_id=114132&scans_id=110198&peptide_id=25837&scanf=33817&charge=3&value=11/84,sp|P52789|HXK2_HUMAN,/core/www/modules//consensus/?run_id=110202&search_id=114132&scans_id=110198&peptide_id=25837&scanf=33817&charge=3&value=sp|P52789|HXK2_HUMAN,1,/core/www/modules/match_peptides/blast_html4.php?run_id=110202&search_id=114132&scans_id=110198&peptide_id=25837&scanf=33817&charge=3&value=1,R.STPDGTEHGEFLALDLGGTNFR.V,/core/www/modules/show_out/show_out_wrapper.php?run_id=110202&search_id=114132&scans_id=110198&peptide_id=25837&scanf=33817&charge=3&value=R.STPDGTEHGEFLALDLGGTNFR.V,HK2,3.032e+6,3.014,0.004,2.429,0.000
33821,2,"  3.004","  0.511",11/20,/core/www/modules//sdig/index.php?run_id=110202&search_id=114132&scans_id=110198&peptide_id=25842&scanf=33821&charge=2&value=11/20,sp|Q14444|CAPR1_HUMAN,/core/www/modules//consensus/?run_id=110202&search_id=114132&scans_id=110198&peptide_id=25842&scanf=33821&charge=2&value=sp|Q14444|CAPR1_HUMAN,2,/core/www/modules/match_peptides/blast_html4.php?run_id=110202&search_id=114132&scans_id=110198&peptide_id=25842&scanf=33821&charge=2&value=2,K.TVLELQYVLDK.L,/core/www/modules/show_out/show_out_wrapper.php?run_id=110202&search_id=114132&scans_id=110198&peptide_id=25842&scanf=33821&charge=2&value=K.TVLELQYVLDK.L,CAPRIN1,2.991e+6,3.149,0.002,2.628,0.000
33822,2,"  4.315","  0.734",18/32,/core/www/modules//sdig/index.php?run_id=110202&search_id=114132&scans_id=110198&peptide_id=25843&scanf=33822&charge=2&value=18/32,sp|Q2TB10|ZN800_HUMAN,/core/www/modules//consensus/?run_id=110202&search_id=114132&scans_id=110198&peptide_id=25843&scanf=33822&charge=2&value=sp|Q2TB10|ZN800_HUMAN,1,/core/www/modules/match_peptides/blast_html4.php?run_id=110202&search_id=114132&scans_id=110198&peptide_id=25843&scanf=33822&charge=2&value=1,K.LEPIETNQNAVFQYISR.T,/core/www/modules/show_out/show_out_wrapper.php?run_id=110202&search_id=114132&scans_id=110198&peptide_id=25843&scanf=33822&charge=2&value=K.LEPIETNQNAVFQYISR.T,ZNF800,3.252e+6,3.679,0.000,3.414,0.000
33826,3,"  4.359","  0.602",21/84,/core/www/modules//sdig/index.php?run_id=110202&search_id=114132&scans_id=110198&peptide_id=25847&scanf=33826&charge=3&value=21/84,sp|Q13813|SPTN1_HUMAN,/core/www/modules//consensus/?run_id=110202&search_id=114132&scans_id=110198&peptide_id=25847&scanf=33826&charge=3&value=sp|Q13813|SPTN1_HUMAN,2,/core/www/modules/match_peptides/blast_html4.php?run_id=110202&search_id=114132&scans_id=110198&peptide_id=25847&scanf=33826&charge=3&value=2,K.YTEHSTVGLAQQWDQLDQLGMR.M,/core/www/modules/show_out/show_out_wrapper.php?run_id=110202&search_id=114132&scans_id=110198&peptide_id=25847&scanf=33826&charge=3&value=K.YTEHSTVGLAQQWDQLDQLGMR.M,SPTAN1,3.486e+6,3.409,0.001,3.014,0.000
33827,3,"  2.137","  0.394",12/36,/core/www/modules//sdig/index.php?run_id=110202&search_id=114132&scans_id=110198&peptide_id=25848&scanf=33827&charge=3&value=12/36,sp|Q9Y5B9|SP16H_HUMAN,/core/www/modules//consensus/?run_id=110202&search_id=114132&scans_id=110198&peptide_id=25848&scanf=33827&charge=3&value=sp|Q9Y5B9|SP16H_HUMAN,0,/core/www/modules/match_peptides/blast_html4.php?run_id=110202&search_id=114132&scans_id=110198&peptide_id=25848&scanf=33827&charge=3&value=0,K.EELEFEVPFR.D,/core/www/modules/show_out/show_out_wrapper.php?run_id=110202&search_id=114132&scans_id=110198&peptide_id=25848&scanf=33827&charge=3&value=K.EELEFEVPFR.D,SUPT16H,3.849e+6,3.067,0.003,2.507,0.000
33836,2,"  3.945","  0.631",15/30,/core/www/modules//sdig/index.php?run_id=110202&search_id=114132&scans_id=110198&peptide_id=25857&scanf=33836&charge=2&value=15/30,sp|Q06830|PRDX1_HUMAN,/core/www/modules//consensus/?run_id=110202&search_id=114132&scans_id=110198&peptide_id=25857&scanf=33836&charge=2&value=sp|Q06830|PRDX1_HUMAN,1,/core/www/modules/match_peptides/blast_html4.php?run_id=110202&search_id=114132&scans_id=110198&peptide_id=25857&scanf=33836&charge=2&value=1,K.QGGLGPMNIPLVSDPK.R,/core/www/modules/show_out/show_out_wrapper.php?run_id=110202&search_id=114132&scans_id=110198&peptide_id=25857&scanf=33836&charge=2&value=K.QGGLGPMNIPLVSDPK.R,PRDX1,8.727e+6,3.367,0.001,2.951,0.000
33837,2,"  2.867","  0.375",11/26,/core/www/modules//sdig/index.php?run_id=110202&search_id=114132&scans_id=110198&peptide_id=25858&scanf=33837&charge=2&value=11/26,sp|P05362|ICAM1_HUMAN,/core/www/modules//consensus/?run_id=110202&search_id=114132&scans_id=110198&peptide_id=25858&scanf=33837&charge=2&value=sp|P05362|ICAM1_HUMAN,0,/core/www/modules/match_peptides/blast_html4.php?run_id=110202&search_id=114132&scans_id=110198&peptide_id=25858&scanf=33837&charge=2&value=0,R.VELAPLPSWQPVGK.N,/core/www/modules/show_out/show_out_wrapper.php?run_id=110202&search_id=114132&scans_id=110198&peptide_id=25858&scanf=33837&charge=2&value=R.VELAPLPSWQPVGK.N,ICAM1,5.298e+6,2.429,0.027,1.571,0.001
33838,2,"  3.390","  0.603",15/26,/core/www/modules//sdig/index.php?run_id=110202&search_id=114132&scans_id=110198&peptide_id=25859&scanf=33838&charge=2&value=15/26,sp|O75369|FLNB_HUMAN,/core/www/modules//consensus/?run_id=110202&search_id=114132&scans_id=110198&peptide_id=25859&scanf=33838&charge=2&value=sp|O75369|FLNB_HUMAN,3,/core/www/modules/match_peptides/blast_html4.php?run_id=110202&search_id=114132&scans_id=110198&peptide_id=25859&scanf=33838&charge=2&value=3,K.VLFASQEIPASPFR.V,/core/www/modules/show_out/show_out_wrapper.php?run_id=110202&search_id=114132&scans_id=110198&peptide_id=25859&scanf=33838&charge=2&value=K.VLFASQEIPASPFR.V,FLNB,9.615e+6,3.638,0.000,3.352,0.000
33839,3,"  2.935","  0.545",16/44,/core/www/modules//sdig/index.php?run_id=110202&search_id=114132&scans_id=110198&peptide_id=25860&scanf=33839&charge=3&value=16/44,sp|Q14204|DYHC1_HUMAN,/core/www/modules//consensus/?run_id=110202&search_id=114132&scans_id=110198&peptide_id=25860&scanf=33839&charge=3&value=sp|Q14204|DYHC1_HUMAN,27,/core/www/modules/match_peptides/blast_html4.php?run_id=110202&search_id=114132&scans_id=110198&peptide_id=25860&scanf=33839&charge=3&value=27,R.EWTDGLFTHVLR.K,/core/www/modules/show_out/show_out_wrapper.php?run_id=110202&search_id=114132&scans_id=110198&peptide_id=25860&scanf=33839&charge=3&value=R.EWTDGLFTHVLR.K,DYNC1H1,8.767e+6,3.777,0.000,3.559,0.000
33841,3,"  3.838","  0.410",14/64,/core/www/modules//sdig/index.php?run_id=110202&search_id=114132&scans_id=110198&peptide_id=25863&scanf=33841&charge=3&value=14/64,sp|O43929|ORC4_HUMAN,/core/www/modules//consensus/?run_id=110202&search_id=114132&scans_id=110198&peptide_id=25863&scanf=33841&charge=3&value=sp|O43929|ORC4_HUMAN,0,/core/www/modules/match_peptides/blast_html4.php?run_id=110202&search_id=114132&scans_id=110198&peptide_id=25863&scanf=33841&charge=3&value=0,K.EQLSLPAEFPDKVFAEK.W,/core/www/modules/show_out/show_out_wrapper.php?run_id=110202&search_id=114132&scans_id=110198&peptide_id=25863&scanf=33841&charge=3&value=K.EQLSLPAEFPDKVFAEK.W,ORC4,4.100e+6,2.416,0.028,1.553,0.001
33842,2,"  2.652","  0.602",12/20,/core/www/modules//sdig/index.php?run_id=110202&search_id=114132&scans_id=110198&peptide_id=25864&scanf=33842&charge=2&value=12/20,sp|P55786|PSA_HUMAN,/core/www/modules//consensus/?run_id=110202&search_id=114132&scans_id=110198&peptide_id=25864&scanf=33842&charge=2&value=sp|P55786|PSA_HUMAN,6,/core/www/modules/match_peptides/blast_html4.php?run_id=110202&search_id=114132&scans_id=110198&peptide_id=25864&scanf=33842&charge=2&value=6,K.DYFNVPYPLPK.I,/core/www/modules/show_out/show_out_wrapper.php?run_id=110202&search_id=114132&scans_id=110198&peptide_id=25864&scanf=33842&charge=2&value=K.DYFNVPYPLPK.I,NPEPPS,6.898e+6,3.603,0.001,3.301,0.000
33844,3,"  4.397","  0.625",18/72,/core/www/modules//sdig/index.php?run_id=110202&search_id=114132&scans_id=110198&peptide_id=25866&scanf=33844&charge=3&value=18/72,sp|Q12768|WASC5_HUMAN,/core/www/modules//consensus/?run_id=110202&search_id=114132&scans_id=110198&peptide_id=25866&scanf=33844&charge=3&value=sp|Q12768|WASC5_HUMAN,1,/core/www/modules/match_peptides/blast_html4.php?run_id=110202&search_id=114132&scans_id=110198&peptide_id=25866&scanf=33844&charge=3&value=1,K.ALLADIEAHYQDPSLPYPK.E,/core/www/modules/show_out/show_out_wrapper.php?run_id=110202&search_id=114132&scans_id=110198&peptide_id=25866&scanf=33844&charge=3&value=K.ALLADIEAHYQDPSLPYPK.E,WASHC5,2.883e+6,3.353,0.001,2.931,0.000
33845,3,"  2.941","  0.454",10/64,/core/www/modules//sdig/index.php?run_id=110202&search_id=114132&scans_id=110198&peptide_id=25867&scanf=33845&charge=3&value=10/64,sp|Q92616|GCN1_HUMAN,/core/www/modules//consensus/?run_id=110202&search_id=114132&scans_id=110198&peptide_id=25867&scanf=33845&charge=3&value=sp|Q92616|GCN1_HUMAN,0,/core/www/modules/match_peptides/blast_html4.php?run_id=110202&search_id=114132&scans_id=110198&peptide_id=25867&scanf=33845&charge=3&value=0,R.GLMELHMVLPAPDTDEK.N,/core/www/modules/show_out/show_out_wrapper.php?run_id=110202&search_id=114132&scans_id=110198&peptide_id=25867&scanf=33845&charge=3&value=R.GLMELHMVLPAPDTDEK.N,GCN1,4.051e+6,2.823,0.007,2.147,0.000
33849,3,"  4.791","  0.581",17/80,/core/www/modules//sdig/index.php?run_id=110202&search_id=114132&scans_id=110198&peptide_id=25871&scanf=33849&charge=3&value=17/80,sp|Q9H7Z3|NRDE2_HUMAN,/core/www/modules//consensus/?run_id=110202&search_id=114132&scans_id=110198&peptide_id=25871&scanf=33849&charge=3&value=sp|Q9H7Z3|NRDE2_HUMAN,0,/core/www/modules/match_peptides/blast_html4.php?run_id=110202&search_id=114132&scans_id=110198&peptide_id=25871&scanf=33849&charge=3&value=0,K.LTESSPYGPYTGQVLAVHILK.A,/core/www/modules/show_out/show_out_wrapper.php?run_id=110202&search_id=114132&scans_id=110198&peptide_id=25871&scanf=33849&charge=3&value=K.LTESSPYGPYTGQVLAVHILK.A,NRDE2,3.163e+6,3.174,0.002,2.665,0.000
33852,3,"  6.020","  0.702",22/72,/core/www/modules//sdig/index.php?run_id=110202&search_id=114132&scans_id=110198&peptide_id=25874&scanf=33852&charge=3&value=22/72,sp|P35579|MYH9_HUMAN,/core/www/modules//consensus/?run_id=110202&search_id=114132&scans_id=110198&peptide_id=25874&scanf=33852&charge=3&value=sp|P35579|MYH9_HUMAN,1,/core/www/modules/match_peptides/blast_html4.php?run_id=110202&search_id=114132&scans_id=110198&peptide_id=25874&scanf=33852&charge=3&value=1,K.NMDPLNDNIATLLHQSSDK.F,/core/www/modules/show_out/show_out_wrapper.php?run_id=110202&search_id=114132&scans_id=110198&peptide_id=25874&scanf=33852&charge=3&value=K.NMDPLNDNIATLLHQSSDK.F,MYH9,3.897e+7,4.007,0.000,3.900,0.000
33855,4,"  4.311","  0.507",20/126,/core/www/modules//sdig/index.php?run_id=110202&search_id=114132&scans_id=110198&peptide_id=25877&scanf=33855&charge=4&value=20/126,sp|P40939|ECHA_HUMAN,/core/www/modules//consensus/?run_id=110202&search_id=114132&scans_id=110198&peptide_id=25877&scanf=33855&charge=4&value=sp|P40939|ECHA_HUMAN,4,/core/www/modules/match_peptides/blast_html4.php?run_id=110202&search_id=114132&scans_id=110198&peptide_id=25877&scanf=33855&charge=4&value=4,K.KMGLVDQLVEPLGPGLKPPEER.T,/core/www/modules/show_out/show_out_wrapper.php?run_id=110202&search_id=114132&scans_id=110198&peptide_id=25877&scanf=33855&charge=4&value=K.KMGLVDQLVEPLGPGLKPPEER.T,HADHA,3.797e+6,2.995,0.004,2.400,0.000
33856,3,"  5.317","  0.609",22/92,/core/www/modules//sdig/index.php?run_id=110202&search_id=114132&scans_id=110198&peptide_id=25878&scanf=33856&charge=3&value=22/92,sp|Q7KZ85|SPT6H_HUMAN,/core/www/modules//consensus/?run_id=110202&search_id=114132&scans_id=110198&peptide_id=25878&scanf=33856&charge=3&value=sp|Q7KZ85|SPT6H_HUMAN,0,/core/www/modules/match_peptides/blast_html4.php?run_id=110202&search_id=114132&scans_id=110198&peptide_id=25878&scanf=33856&charge=3&value=0,R.SIFEMYEPSELESSHLTDQDNEIR.A,/core/www/modules/show_out/show_out_wrapper.php?run_id=110202&search_id=114132&scans_id=110198&peptide_id=25878&scanf=33856&charge=3&value=R.SIFEMYEPSELESSHLTDQDNEIR.A,SUPT6H,3.275e+6,3.180,0.002,2.675,0.000
33858,2,"  2.435","  0.457",11/16,/core/www/modules//sdig/index.php?run_id=110202&search_id=114132&scans_id=110198&peptide_id=25880&scanf=33858&charge=2&value=11/16,sp|Q9ULK4|MED23_HUMAN,/core/www/modules//consensus/?run_id=110202&search_id=114132&scans_id=110198&peptide_id=25880&scanf=33858&charge=2&value=sp|Q9ULK4|MED23_HUMAN,1,/core/www/modules/match_peptides/blast_html4.php?run_id=110202&search_id=114132&scans_id=110198&peptide_id=25880&scanf=33858&charge=2&value=1,K.LFDLLYPEK.E,/core/www/modules/show_out/show_out_wrapper.php?run_id=110202&search_id=114132&scans_id=110198&peptide_id=25880&scanf=33858&charge=2&value=K.LFDLLYPEK.E,MED23,3.403e+6,3.293,0.001,2.842,0.000
33864,3,"  4.747","  0.602",17/92,/core/www/modules//sdig/index.php?run_id=110202&search_id=114132&scans_id=110198&peptide_id=25887&scanf=33864&charge=3&value=17/92,sp|Q14692|BMS1_HUMAN,/core/www/modules//consensus/?run_id=110202&search_id=114132&scans_id=110198&peptide_id=25887&scanf=33864&charge=3&value=sp|Q14692|BMS1_HUMAN,0,/core/www/modules/match_peptides/blast_html4.php?run_id=110202&search_id=114132&scans_id=110198&peptide_id=25887&scanf=33864&charge=3&value=0,R.VTLFSDSKPLGSEDIDNQGLMMPK.E,/core/www/modules/show_out/show_out_wrapper.php?run_id=110202&search_id=114132&scans_id=110198&peptide_id=25887&scanf=33864&charge=3&value=R.VTLFSDSKPLGSEDIDNQGLMMPK.E,BMS1,1.954e+6,3.076,0.003,2.520,0.000
33870,3,"  5.966","  0.732",20/80,/core/www/modules//sdig/index.php?run_id=110202&search_id=114132&scans_id=110198&peptide_id=25894&scanf=33870&charge=3&value=20/80,sp|Q9H7Z3|NRDE2_HUMAN,/core/www/modules//consensus/?run_id=110202&search_id=114132&scans_id=110198&peptide_id=25894&scanf=33870&charge=3&value=sp|Q9H7Z3|NRDE2_HUMAN,0,/core/www/modules/match_peptides/blast_html4.php?run_id=110202&search_id=114132&scans_id=110198&peptide_id=25894&scanf=33870&charge=3&value=0,K.LTESSPYGPYTGQVLAVHILK.A,/core/www/modules/show_out/show_out_wrapper.php?run_id=110202&search_id=114132&scans_id=110198&peptide_id=25894&scanf=33870&charge=3&value=K.LTESSPYGPYTGQVLAVHILK.A,NRDE2,3.163e+6,3.791,0.000,3.579,0.000
33877,3,"  3.272","  0.335",10/60,/core/www/modules//sdig/index.php?run_id=110202&search_id=114132&scans_id=110198&peptide_id=25900&scanf=33877&charge=3&value=10/60,sp|P48444|COPD_HUMAN,/core/www/modules//consensus/?run_id=110202&search_id=114132&scans_id=110198&peptide_id=25900&scanf=33877&charge=3&value=sp|P48444|COPD_HUMAN,1,/core/www/modules/match_peptides/blast_html4.php?run_id=110202&search_id=114132&scans_id=110198&peptide_id=25900&scanf=33877&charge=3&value=1,R.DGGLQNMELHGMIMLR.I,/core/www/modules/show_out/show_out_wrapper.php?run_id=110202&search_id=114132&scans_id=110198&peptide_id=25900&scanf=33877&charge=3&value=R.DGGLQNMELHGMIMLR.I,ARCN1,3.303e+6,2.355,0.034,1.465,0.001
33878,2,"  4.206","  0.704",14/28,/core/www/modules//sdig/index.php?run_id=110202&search_id=114132&scans_id=110198&peptide_id=25901&scanf=33878&charge=2&value=14/28,sp|Q9NV31|IMP3_HUMAN,/core/www/modules//consensus/?run_id=110202&search_id=114132&scans_id=110198&peptide_id=25901&scanf=33878&charge=2&value=sp|Q9NV31|IMP3_HUMAN,0,/core/www/modules/match_peptides/blast_html4.php?run_id=110202&search_id=114132&scans_id=110198&peptide_id=25901&scanf=33878&charge=2&value=0,R.VGPDVVTDPAFLVTR.S,/core/www/modules/show_out/show_out_wrapper.php?run_id=110202&search_id=114132&scans_id=110198&peptide_id=25901&scanf=33878&charge=2&value=R.VGPDVVTDPAFLVTR.S,IMP3,9.682e+6,3.727,0.000,3.485,0.000
33879,2,"  2.418","  0.462",10/24,/core/www/modules//sdig/index.php?run_id=110202&search_id=114132&scans_id=110198&peptide_id=25902&scanf=33879&charge=2&value=10/24,sp|Q14204|DYHC1_HUMAN,/core/www/modules//consensus/?run_id=110202&search_id=114132&scans_id=110198&peptide_id=25902&scanf=33879&charge=2&value=sp|Q14204|DYHC1_HUMAN,29,/core/www/modules/match_peptides/blast_html4.php?run_id=110202&search_id=114132&scans_id=110198&peptide_id=25902&scanf=33879&charge=2&value=29,R.DLPPVSGSIIWAK.Q,/core/www/modules/show_out/show_out_wrapper.php?run_id=110202&search_id=114132&scans_id=110198&peptide_id=25902&scanf=33879&charge=2&value=R.DLPPVSGSIIWAK.Q,DYNC1H1,3.147e+6,2.933,0.005,2.309,0.000
33880,2,"  3.447","  0.549",13/26,/core/www/modules//sdig/index.php?run_id=110202&search_id=114132&scans_id=110198&peptide_id=25903&scanf=33880&charge=2&value=13/26,sp|Q9H9Y6|RPA2_HUMAN,/core/www/modules//consensus/?run_id=110202&search_id=114132&scans_id=110198&peptide_id=25903&scanf=33880&charge=2&value=sp|Q9H9Y6|RPA2_HUMAN,0,/core/www/modules/match_peptides/blast_html4.php?run_id=110202&search_id=114132&scans_id=110198&peptide_id=25903&scanf=33880&charge=2&value=0,R.SDTIDTVSVPYVFR.Y,/core/www/modules/show_out/show_out_wrapper.php?run_id=110202&search_id=114132&scans_id=110198&peptide_id=25903&scanf=33880&charge=2&value=R.SDTIDTVSVPYVFR.Y,POLR1B,2.850e+6,3.139,0.002,2.614,0.000
33886,4,"  3.441","  0.537",16/84,/core/www/modules//sdig/index.php?run_id=110202&search_id=114132&scans_id=110198&peptide_id=25909&scanf=33886&charge=4&value=16/84,sp|Q13435|SF3B2_HUMAN,/core/www/modules//consensus/?run_id=110202&search_id=114132&scans_id=110198&peptide_id=25909&scanf=33886&charge=4&value=sp|Q13435|SF3B2_HUMAN,1,/core/www/modules/match_peptides/blast_html4.php?run_id=110202&search_id=114132&scans_id=110198&peptide_id=25909&scanf=33886&charge=4&value=1,K.RGIEKPPFELPDFIK.R,/core/www/modules/show_out/show_out_wrapper.php?run_id=110202&search_id=114132&scans_id=110198&peptide_id=25909&scanf=33886&charge=4&value=K.RGIEKPPFELPDFIK.R,SF3B2,6.717e+6,3.366,0.001,2.950,0.000
33887,2,"  2.547","  0.345",8/14,/core/www/modules//sdig/index.php?run_id=110202&search_id=114132&scans_id=110198&peptide_id=25910&scanf=33887&charge=2&value=8/14,sp|Q96JB5|CK5P3_HUMAN,/core/www/modules//consensus/?run_id=110202&search_id=114132&scans_id=110198&peptide_id=25910&scanf=33887&charge=2&value=sp|Q96JB5|CK5P3_HUMAN,6,/core/www/modules/match_peptides/blast_html4.php?run_id=110202&search_id=114132&scans_id=110198&peptide_id=25910&scanf=33887&charge=2&value=6,K.LLDWLVDR.R,/core/www/modules/show_out/show_out_wrapper.php?run_id=110202&search_id=114132&scans_id=110198&peptide_id=25910&scanf=33887&charge=2&value=K.LLDWLVDR.R,CDK5RAP3,1.285e+7,2.779,0.008,2.083,0.000
33890,3,"  2.817","  0.288",11/92,/core/www/modules//sdig/index.php?run_id=110202&search_id=114132&scans_id=110198&peptide_id=25914&scanf=33890&charge=3&value=11/92,sp|Q92576|PHF3_HUMAN,/core/www/modules//consensus/?run_id=110202&search_id=114132&scans_id=110198&peptide_id=25914&scanf=33890&charge=3&value=sp|Q92576|PHF3_HUMAN,2,/core/www/modules/match_peptides/blast_html4.php?run_id=110202&search_id=114132&scans_id=110198&peptide_id=25914&scanf=33890&charge=3&value=2,K.STFSPAPRPEMPGTVEVESTFLAR.L,/core/www/modules/show_out/show_out_wrapper.php?run_id=110202&search_id=114132&scans_id=110198&peptide_id=25914&scanf=33890&charge=3&value=K.STFSPAPRPEMPGTVEVESTFLAR.L,PHF3,2.215e+6,1.822,0.180,0.746,0.010
33891,3,"  5.452","  0.434",17/60,/core/www/modules//sdig/index.php?run_id=110202&search_id=114132&scans_id=110198&peptide_id=25915&scanf=33891&charge=3&value=17/60,sp|O95347|SMC2_HUMAN,/core/www/modules//consensus/?run_id=110202&search_id=114132&scans_id=110198&peptide_id=25915&scanf=33891&charge=3&value=sp|O95347|SMC2_HUMAN,0,/core/www/modules/match_peptides/blast_html4.php?run_id=110202&search_id=114132&scans_id=110198&peptide_id=25915&scanf=33891&charge=3&value=0,K.QQEVEAITLELEELKR.E,/core/www/modules/show_out/show_out_wrapper.php?run_id=110202&search_id=114132&scans_id=110198&peptide_id=25915&scanf=33891&charge=3&value=K.QQEVEAITLELEELKR.E,SMC2,3.610e+6,2.697,0.011,1.962,0.000
33894,2,"  3.534","  0.592",11/24,/core/www/modules//sdig/index.php?run_id=110202&search_id=114132&scans_id=110198&peptide_id=25917&scanf=33894&charge=2&value=11/24,sp|Q15366|PCBP2_HUMAN,/core/www/modules//consensus/?run_id=110202&search_id=114132&scans_id=110198&peptide_id=25917&scanf=33894&charge=2&value=sp|Q15366|PCBP2_HUMAN,5,/core/www/modules/match_peptides/blast_html4.php?run_id=110202&search_id=114132&scans_id=110198&peptide_id=25917&scanf=33894&charge=2&value=5,R.IITLAGPTNAIFK.A,/core/www/modules/show_out/show_out_wrapper.php?run_id=110202&search_id=114132&scans_id=110198&peptide_id=25917&scanf=33894&charge=2&value=R.IITLAGPTNAIFK.A,PCBP2,6.366e+7,3.310,0.001,2.867,0.000
33895,2,"  4.446","  0.651",15/30,/core/www/modules//sdig/index.php?run_id=110202&search_id=114132&scans_id=110198&peptide_id=25918&scanf=33895&charge=2&value=15/30,sp|Q06830|PRDX1_HUMAN,/core/www/modules//consensus/?run_id=110202&search_id=114132&scans_id=110198&peptide_id=25918&scanf=33895&charge=2&value=sp|Q06830|PRDX1_HUMAN,1,/core/www/modules/match_peptides/blast_html4.php?run_id=110202&search_id=114132&scans_id=110198&peptide_id=25918&scanf=33895&charge=2&value=1,K.QGGLGPMNIPLVSDPK.R,/core/www/modules/show_out/show_out_wrapper.php?run_id=110202&search_id=114132&scans_id=110198&peptide_id=25918&scanf=33895&charge=2&value=K.QGGLGPMNIPLVSDPK.R,PRDX1,8.727e+6,3.474,0.001,3.109,0.000
33896,3,"  4.709","  0.489",15/64,/core/www/modules//sdig/index.php?run_id=110202&search_id=114132&scans_id=110198&peptide_id=25919&scanf=33896&charge=3&value=15/64,sp|Q9H8H2|DDX31_HUMAN,/core/www/modules//consensus/?run_id=110202&search_id=114132&scans_id=110198&peptide_id=25919&scanf=33896&charge=3&value=sp|Q9H8H2|DDX31_HUMAN,0,/core/www/modules/match_peptides/blast_html4.php?run_id=110202&search_id=114132&scans_id=110198&peptide_id=25919&scanf=33896&charge=3&value=0,R.LADISLHDPVSISVLDK.S,/core/www/modules/show_out/show_out_wrapper.php?run_id=110202&search_id=114132&scans_id=110198&peptide_id=25919&scanf=33896&charge=3&value=R.LADISLHDPVSISVLDK.S,DDX31,1.473e+7,3.050,0.003,2.482,0.000
33897,3,"  3.885","  0.544",15/64,/core/www/modules//sdig/index.php?run_id=110202&search_id=114132&scans_id=110198&peptide_id=25920&scanf=33897&charge=3&value=15/64,sp|Q99666|RGPD5_HUMAN,/core/www/modules//consensus/?run_id=110202&search_id=114132&scans_id=110198&peptide_id=25920&scanf=33897&charge=3&value=sp|Q99666|RGPD5_HUMAN,6,/core/www/modules/match_peptides/blast_html4.php?run_id=110202&search_id=114132&scans_id=110198&peptide_id=25920&scanf=33897&charge=3&value=6,K.IGQSALYDALFSSQSPK.D,/core/www/modules/show_out/show_out_wrapper.php?run_id=110202&search_id=114132&scans_id=110198&peptide_id=25920&scanf=33897&charge=3&value=K.IGQSALYDALFSSQSPK.D,RGPD6,2.249e+6,3.156,0.002,2.639,0.000
33898,3,"  3.389","  0.619",20/56,/core/www/modules//sdig/index.php?run_id=110202&search_id=114132&scans_id=110198&peptide_id=25921&scanf=33898&charge=3&value=20/56,sp|Q16537|2A5E_HUMAN,/core/www/modules//consensus/?run_id=110202&search_id=114132&scans_id=110198&peptide_id=25921&scanf=33898&charge=3&value=sp|Q16537|2A5E_HUMAN,0,/core/www/modules/match_peptides/blast_html4.php?run_id=110202&search_id=114132&scans_id=110198&peptide_id=25921&scanf=33898&charge=3&value=0,R.SQGKPIELTPLPLLK.D,/core/www/modules/show_out/show_out_wrapper.php?run_id=110202&search_id=114132&scans_id=110198&peptide_id=25921&scanf=33898&charge=3&value=R.SQGKPIELTPLPLLK.D,PPP2R5E,4.666e+6,3.590,0.001,3.281,0.000
33901,2,"  3.866","  0.614",10/24,/core/www/modules//sdig/index.php?run_id=110202&search_id=114132&scans_id=110198&peptide_id=25925&scanf=33901&charge=2&value=10/24,sp|Q01518|CAP1_HUMAN,/core/www/modules//consensus/?run_id=110202&search_id=114132&scans_id=110198&peptide_id=25925&scanf=33901&charge=2&value=sp|Q01518|CAP1_HUMAN,8,/core/www/modules/match_peptides/blast_html4.php?run_id=110202&search_id=114132&scans_id=110198&peptide_id=25925&scanf=33901&charge=2&value=8,K.LSDLLAPISEQIK.E,/core/www/modules/show_out/show_out_wrapper.php?run_id=110202&search_id=114132&scans_id=110198&peptide_id=25925&scanf=33901&charge=2&value=K.LSDLLAPISEQIK.E,CAP1,2.846e+6,3.317,0.001,2.877,0.000
33904,3,"  4.054","  0.460",15/80,/core/www/modules//sdig/index.php?run_id=110202&search_id=114132&scans_id=110198&peptide_id=25928&scanf=33904&charge=3&value=15/80,sp|Q8N3U4|STAG2_HUMAN,/core/www/modules//consensus/?run_id=110202&search_id=114132&scans_id=110198&peptide_id=25928&scanf=33904&charge=3&value=sp|Q8N3U4|STAG2_HUMAN,1,/core/www/modules/match_peptides/blast_html4.php?run_id=110202&search_id=114132&scans_id=110198&peptide_id=25928&scanf=33904&charge=3&value=1,R.NSLLAGGDDDTMSVISGISSR.G,/core/www/modules/show_out/show_out_wrapper.php?run_id=110202&search_id=114132&scans_id=110198&peptide_id=25928&scanf=33904&charge=3&value=R.NSLLAGGDDDTMSVISGISSR.G,STAG2,3.540e+6,2.649,0.013,1.891,0.000
33915,2,"  1.528","  0.311",8/16,/core/www/modules//sdig/index.php?run_id=110202&search_id=114132&scans_id=110198&peptide_id=25939&scanf=33915&charge=2&value=8/16,sp|P35249|RFC4_HUMAN,/core/www/modules//consensus/?run_id=110202&search_id=114132&scans_id=110198&peptide_id=25939&scanf=33915&charge=2&value=sp|P35249|RFC4_HUMAN,3,/core/www/modules/match_peptides/blast_html4.php?run_id=110202&search_id=114132&scans_id=110198&peptide_id=25939&scanf=33915&charge=2&value=3,R.ELFGPELFR.L,/core/www/modules/show_out/show_out_wrapper.php?run_id=110202&search_id=114132&scans_id=110198&peptide_id=25939&scanf=33915&charge=2&value=R.ELFGPELFR.L,RFC4,1.263e+7,2.484,0.022,1.650,0.001
33916,2,"  3.686","  0.651",14/22,/core/www/modules//sdig/index.php?run_id=110202&search_id=114132&scans_id=110198&peptide_id=25940&scanf=33916&charge=2&value=14/22,sp|Q9H0A0|NAT10_HUMAN,/core/www/modules//consensus/?run_id=110202&search_id=114132&scans_id=110198&peptide_id=25940&scanf=33916&charge=2&value=sp|Q9H0A0|NAT10_HUMAN,0,/core/www/modules/match_peptides/blast_html4.php?run_id=110202&search_id=114132&scans_id=110198&peptide_id=25940&scanf=33916&charge=2&value=0,R.ALQLLQMYYEGR.F,/core/www/modules/show_out/show_out_wrapper.php?run_id=110202&search_id=114132&scans_id=110198&peptide_id=25940&scanf=33916&charge=2&value=R.ALQLLQMYYEGR.F,NAT10,8.224e+6,3.920,0.000,3.772,0.000
33921,2,"  3.531","  0.650",16/28,/core/www/modules//sdig/index.php?run_id=110202&search_id=114132&scans_id=110198&peptide_id=25946&scanf=33921&charge=2&value=16/28,sp|Q9NU22|MDN1_HUMAN,/core/www/modules//consensus/?run_id=110202&search_id=114132&scans_id=110198&peptide_id=25946&scanf=33921&charge=2&value=sp|Q9NU22|MDN1_HUMAN,0,/core/www/modules/match_peptides/blast_html4.php?run_id=110202&search_id=114132&scans_id=110198&peptide_id=25946&scanf=33921&charge=2&value=0,R.ITPYDVQLGYSVLSR.G,/core/www/modules/show_out/show_out_wrapper.php?run_id=110202&search_id=114132&scans_id=110198&peptide_id=25946&scanf=33921&charge=2&value=R.ITPYDVQLGYSVLSR.G,MDN1,3.199e+6,3.866,0.000,3.691,0.000
33922,2,"  3.588","  0.482",14/24,/core/www/modules//sdig/index.php?run_id=110202&search_id=114132&scans_id=110198&peptide_id=25947&scanf=33922&charge=2&value=14/24,sp|Q92973|TNPO1_HUMAN,/core/www/modules//consensus/?run_id=110202&search_id=114132&scans_id=110198&peptide_id=25947&scanf=33922&charge=2&value=sp|Q92973|TNPO1_HUMAN,4,/core/www/modules/match_peptides/blast_html4.php?run_id=110202&search_id=114132&scans_id=110198&peptide_id=25947&scanf=33922&charge=2&value=4,R.ATVGILITTIASK.G,/core/www/modules/show_out/show_out_wrapper.php?run_id=110202&search_id=114132&scans_id=110198&peptide_id=25947&scanf=33922&charge=2&value=R.ATVGILITTIASK.G,TNPO1,7.397e+6,3.154,0.002,2.636,0.000
33923,3,"  6.829","  0.671",29/80,/core/www/modules//sdig/index.php?run_id=110202&search_id=114132&scans_id=110198&peptide_id=25948&scanf=33923&charge=3&value=29/80,sp|Q15149|PLEC_HUMAN,/core/www/modules//consensus/?run_id=110202&search_id=114132&scans_id=110198&peptide_id=25948&scanf=33923&charge=3&value=sp|Q15149|PLEC_HUMAN,5,/core/www/modules/match_peptides/blast_html4.php?run_id=110202&search_id=114132&scans_id=110198&peptide_id=25948&scanf=33923&charge=3&value=5,R.VDGAEWGVDLPSVEAQLGSHR.G,/core/www/modules/show_out/show_out_wrapper.php?run_id=110202&search_id=114132&scans_id=110198&peptide_id=25948&scanf=33923&charge=3&value=R.VDGAEWGVDLPSVEAQLGSHR.G,PLEC,1.362e+7,4.342,0.000,4.397,0.000
33924,2,"  3.357","  0.629",13/22,/core/www/modules//sdig/index.php?run_id=110202&search_id=114132&scans_id=110198&peptide_id=25949&scanf=33924&charge=2&value=13/22,sp|O60812|HNRC1_HUMAN,/core/www/modules//consensus/?run_id=110202&search_id=114132&scans_id=110198&peptide_id=25949&scanf=33924&charge=2&value=sp|O60812|HNRC1_HUMAN,19,/core/www/modules/match_peptides/blast_html4.php?run_id=110202&search_id=114132&scans_id=110198&peptide_id=25949&scanf=33924&charge=2&value=19,R.VFIGNLNTLVVK.K,/core/www/modules/show_out/show_out_wrapper.php?run_id=110202&search_id=114132&scans_id=110198&peptide_id=25949&scanf=33924&charge=2&value=R.VFIGNLNTLVVK.K,HNRNPCL1,1.976e+8,3.670,0.000,3.400,0.000
33925,4,"  6.845","  0.709",33/204,/core/www/modules//sdig/index.php?run_id=110202&search_id=114132&scans_id=110198&peptide_id=25950&scanf=33925&charge=4&value=33/204,sp|P14866|HNRPL_HUMAN,/core/www/modules//consensus/?run_id=110202&search_id=114132&scans_id=110198&peptide_id=25950&scanf=33925&charge=4&value=sp|P14866|HNRPL_HUMAN,2,/core/www/modules/match_peptides/blast_html4.php?run_id=110202&search_id=114132&scans_id=110198&peptide_id=25950&scanf=33925&charge=4&value=2,R.YGPQYGHPPPPPPPPEYGPHADSPVLMVYGLDQSK.M,/core/www/modules/show_out/show_out_wrapper.php?run_id=110202&search_id=114132&scans_id=110198&peptide_id=25950&scanf=33925&charge=4&value=R.YGPQYGHPPPPPPPPEYGPHADSPVLMVYGLDQSK.M,HNRNPL,4.388e+7,3.756,0.000,3.528,0.000
33927,3,"  3.538","  0.479",12/48,/core/www/modules//sdig/index.php?run_id=110202&search_id=114132&scans_id=110198&peptide_id=25952&scanf=33927&charge=3&value=12/48,sp|P22102|PUR2_HUMAN,/core/www/modules//consensus/?run_id=110202&search_id=114132&scans_id=110198&peptide_id=25952&scanf=33927&charge=3&value=sp|P22102|PUR2_HUMAN,1,/core/www/modules/match_peptides/blast_html4.php?run_id=110202&search_id=114132&scans_id=110198&peptide_id=25952&scanf=33927&charge=3&value=1,K.MLNIHPSLLPSFK.G,/core/www/modules/show_out/show_out_wrapper.php?run_id=110202&search_id=114132&scans_id=110198&peptide_id=25952&scanf=33927&charge=3&value=K.MLNIHPSLLPSFK.G,GART,2.676e+6,3.033,0.003,2.457,0.000
33930,3,"  3.027","  0.353",10/48,/core/www/modules//sdig/index.php?run_id=110202&search_id=114132&scans_id=110198&peptide_id=25956&scanf=33930&charge=3&value=10/48,sp|Q92499|DDX1_HUMAN,/core/www/modules//consensus/?run_id=110202&search_id=114132&scans_id=110198&peptide_id=25956&scanf=33930&charge=3&value=sp|Q92499|DDX1_HUMAN,9,/core/www/modules/match_peptides/blast_html4.php?run_id=110202&search_id=114132&scans_id=110198&peptide_id=25956&scanf=33930&charge=3&value=9,K.DLGLAFEIPPHMK.N,/core/www/modules/show_out/show_out_wrapper.php?run_id=110202&search_id=114132&scans_id=110198&peptide_id=25956&scanf=33930&charge=3&value=K.DLGLAFEIPPHMK.N,DDX1,3.838e+6,2.635,0.013,1.871,0.000
33936,2,"  3.152","  0.488",12/18,/core/www/modules//sdig/index.php?run_id=110202&search_id=114132&scans_id=110198&peptide_id=25961&scanf=33936&charge=2&value=12/18,sp|Q96QD9|UIF_HUMAN,/core/www/modules//consensus/?run_id=110202&search_id=114132&scans_id=110198&peptide_id=25961&scanf=33936&charge=2&value=sp|Q96QD9|UIF_HUMAN,1,/core/www/modules/match_peptides/blast_html4.php?run_id=110202&search_id=114132&scans_id=110198&peptide_id=25961&scanf=33936&charge=2&value=1,K.IDMSLDDIIK.L,/core/www/modules/show_out/show_out_wrapper.php?run_id=110202&search_id=114132&scans_id=110198&peptide_id=25961&scanf=33936&charge=2&value=K.IDMSLDDIIK.L,FYTTD1,1.157e+7,3.343,0.001,2.915,0.000
33937,2,"  3.225","  0.631",14/24,/core/www/modules//sdig/index.php?run_id=110202&search_id=114132&scans_id=110198&peptide_id=25962&scanf=33937&charge=2&value=14/24,sp|P30101|PDIA3_HUMAN,/core/www/modules//consensus/?run_id=110202&search_id=114132&scans_id=110198&peptide_id=25962&scanf=33937&charge=2&value=sp|P30101|PDIA3_HUMAN,12,/core/www/modules/match_peptides/blast_html4.php?run_id=110202&search_id=114132&scans_id=110198&peptide_id=25962&scanf=33937&charge=2&value=12,K.DLLIAYYDVDYEK.N,/core/www/modules/show_out/show_out_wrapper.php?run_id=110202&search_id=114132&scans_id=110198&peptide_id=25962&scanf=33937&charge=2&value=K.DLLIAYYDVDYEK.N,PDIA3,1.000e+7,3.527,0.001,3.188,0.000
33938,2,"  2.879","  0.256",10/22,/core/www/modules//sdig/index.php?run_id=110202&search_id=114132&scans_id=110198&peptide_id=25963&scanf=33938&charge=2&value=10/22,sp|Q6UXN9|WDR82_HUMAN,/core/www/modules//consensus/?run_id=110202&search_id=114132&scans_id=110198&peptide_id=25963&scanf=33938&charge=2&value=sp|Q6UXN9|WDR82_HUMAN,0,/core/www/modules/match_peptides/blast_html4.php?run_id=110202&search_id=114132&scans_id=110198&peptide_id=25963&scanf=33938&charge=2&value=0,K.LILISTNGSFIR.L,/core/www/modules/show_out/show_out_wrapper.php?run_id=110202&search_id=114132&scans_id=110198&peptide_id=25963&scanf=33938&charge=2&value=K.LILISTNGSFIR.L,WDR82,3.113e+6,1.915,0.138,0.861,0.007
33940,3,"  2.831","  0.450",15/44,/core/www/modules//sdig/index.php?run_id=110202&search_id=114132&scans_id=110198&peptide_id=25966&scanf=33940&charge=3&value=15/44,sp|Q92747|ARC1A_HUMAN,/core/www/modules//consensus/?run_id=110202&search_id=114132&scans_id=110198&peptide_id=25966&scanf=33940&charge=3&value=sp|Q92747|ARC1A_HUMAN,2,/core/www/modules/match_peptides/blast_html4.php?run_id=110202&search_id=114132&scans_id=110198&peptide_id=25966&scanf=33940&charge=3&value=2,K.DGVWKPTLVILR.I,/core/www/modules/show_out/show_out_wrapper.php?run_id=110202&search_id=114132&scans_id=110198&peptide_id=25966&scanf=33940&charge=3&value=K.DGVWKPTLVILR.I,ARPC1A,3.015e+6,3.119,0.003,2.585,0.000
33942,3,"  4.875","  0.553",14/64,/core/www/modules//sdig/index.php?run_id=110202&search_id=114132&scans_id=110198&peptide_id=25968&scanf=33942&charge=3&value=14/64,sp|P09543|CN37_HUMAN,/core/www/modules//consensus/?run_id=110202&search_id=114132&scans_id=110198&peptide_id=25968&scanf=33942&charge=3&value=sp|P09543|CN37_HUMAN,0,/core/www/modules/match_peptides/blast_html4.php?run_id=110202&search_id=114132&scans_id=110198&peptide_id=25968&scanf=33942&charge=3&value=0,R.VELSEQQLQLWPSDVDK.L,/core/www/modules/show_out/show_out_wrapper.php?run_id=110202&search_id=114132&scans_id=110198&peptide_id=25968&scanf=33942&charge=3&value=R.VELSEQQLQLWPSDVDK.L,CNP,3.572e+6,3.225,0.002,2.741,0.000
33944,3,"  3.498","  0.618",16/44,/core/www/modules//sdig/index.php?run_id=110202&search_id=114132&scans_id=110198&peptide_id=25970&scanf=33944&charge=3&value=16/44,sp|Q96GD4|AURKB_HUMAN,/core/www/modules//consensus/?run_id=110202&search_id=114132&scans_id=110198&peptide_id=25970&scanf=33944&charge=3&value=sp|Q96GD4|AURKB_HUMAN,4,/core/www/modules/match_peptides/blast_html4.php?run_id=110202&search_id=114132&scans_id=110198&peptide_id=25970&scanf=33944&charge=3&value=4,R.DIKPENLLLGLK.G,/core/www/modules/show_out/show_out_wrapper.php?run_id=110202&search_id=114132&scans_id=110198&peptide_id=25970&scanf=33944&charge=3&value=R.DIKPENLLLGLK.G,AURKB,7.707e+6,3.751,0.000,3.520,0.000
33946,3,"  4.306","  0.472",15/76,/core/www/modules//sdig/index.php?run_id=110202&search_id=114132&scans_id=110198&peptide_id=25972&scanf=33946&charge=3&value=15/76,sp|Q9UM54|MYO6_HUMAN,/core/www/modules//consensus/?run_id=110202&search_id=114132&scans_id=110198&peptide_id=25972&scanf=33946&charge=3&value=sp|Q9UM54|MYO6_HUMAN,4,/core/www/modules/match_peptides/blast_html4.php?run_id=110202&search_id=114132&scans_id=110198&peptide_id=25972&scanf=33946&charge=3&value=4,R.IAQSEAELISDEAQADLALR.R,/core/www/modules/show_out/show_out_wrapper.php?run_id=110202&search_id=114132&scans_id=110198&peptide_id=25972&scanf=33946&charge=3&value=R.IAQSEAELISDEAQADLALR.R,MYO6,8.711e+6,2.810,0.007,2.128,0.000
33948,3,"  3.199","  0.549",13/52,/core/www/modules//sdig/index.php?run_id=110202&search_id=114132&scans_id=110198&peptide_id=25974&scanf=33948&charge=3&value=13/52,sp|Q8N3C0|ASCC3_HUMAN,/core/www/modules//consensus/?run_id=110202&search_id=114132&scans_id=110198&peptide_id=25974&scanf=33948&charge=3&value=sp|Q8N3C0|ASCC3_HUMAN,0,/core/www/modules/match_peptides/blast_html4.php?run_id=110202&search_id=114132&scans_id=110198&peptide_id=25974&scanf=33948&charge=3&value=0,R.FRPVPLGQTFLGIK.C,/core/www/modules/show_out/show_out_wrapper.php?run_id=110202&search_id=114132&scans_id=110198&peptide_id=25974&scanf=33948&charge=3&value=R.FRPVPLGQTFLGIK.C,ASCC3,2.181e+6,3.282,0.001,2.826,0.000
33949,3,"  2.495","  0.346",9/64,/core/www/modules//sdig/index.php?run_id=110202&search_id=114132&scans_id=110198&peptide_id=25975&scanf=33949&charge=3&value=9/64,sp|Q99666|RGPD5_HUMAN,/core/www/modules//consensus/?run_id=110202&search_id=114132&scans_id=110198&peptide_id=25975&scanf=33949&charge=3&value=sp|Q99666|RGPD5_HUMAN,6,/core/www/modules/match_peptides/blast_html4.php?run_id=110202&search_id=114132&scans_id=110198&peptide_id=25975&scanf=33949&charge=3&value=6,K.IGQSALYDALFSSQSPK.D,/core/www/modules/show_out/show_out_wrapper.php?run_id=110202&search_id=114132&scans_id=110198&peptide_id=25975&scanf=33949&charge=3&value=K.IGQSALYDALFSSQSPK.D,RGPD6,2.249e+6,2.177,0.061,1.214,0.002
33951,2,"  3.390","  0.568",14/26,/core/www/modules//sdig/index.php?run_id=110202&search_id=114132&scans_id=110198&peptide_id=25978&scanf=33951&charge=2&value=14/26,sp|P20585|MSH3_HUMAN,/core/www/modules//consensus/?run_id=110202&search_id=114132&scans_id=110198&peptide_id=25978&scanf=33951&charge=2&value=sp|P20585|MSH3_HUMAN,2,/core/www/modules/match_peptides/blast_html4.php?run_id=110202&search_id=114132&scans_id=110198&peptide_id=25978&scanf=33951&charge=2&value=2,K.ATSQSLVILDELGR.G,/core/www/modules/show_out/show_out_wrapper.php?run_id=110202&search_id=114132&scans_id=110198&peptide_id=25978&scanf=33951&charge=2&value=K.ATSQSLVILDELGR.G,MSH3,1.986e+6,3.305,0.001,2.859,0.000
33952,2,"  3.188","  0.622",11/24,/core/www/modules//sdig/index.php?run_id=110202&search_id=114132&scans_id=110198&peptide_id=25979&scanf=33952&charge=2&value=11/24,sp|P78527|PRKDC_HUMAN,/core/www/modules//consensus/?run_id=110202&search_id=114132&scans_id=110198&peptide_id=25979&scanf=33952&charge=2&value=sp|P78527|PRKDC_HUMAN,0,/core/www/modules/match_peptides/blast_html4.php?run_id=110202&search_id=114132&scans_id=110198&peptide_id=25979&scanf=33952&charge=2&value=0,R.YNFPVEVEVPMER.K,/core/www/modules/show_out/show_out_wrapper.php?run_id=110202&search_id=114132&scans_id=110198&peptide_id=25979&scanf=33952&charge=2&value=R.YNFPVEVEVPMER.K,PRKDC,6.292e+7,4.077,0.000,4.004,0.000
33953,3,"  2.647","  0.461",12/80,/core/www/modules//sdig/index.php?run_id=110202&search_id=114132&scans_id=110198&peptide_id=25980&scanf=33953&charge=3&value=12/80,sp|Q16629|SRSF7_HUMAN,/core/www/modules//consensus/?run_id=110202&search_id=114132&scans_id=110198&peptide_id=25980&scanf=33953&charge=3&value=sp|Q16629|SRSF7_HUMAN,2,/core/www/modules/match_peptides/blast_html4.php?run_id=110202&search_id=114132&scans_id=110198&peptide_id=25980&scanf=33953&charge=3&value=2,R.NPPGFAFVEFEDPRDAEDAVR.G,/core/www/modules/show_out/show_out_wrapper.php?run_id=110202&search_id=114132&scans_id=110198&peptide_id=25980&scanf=33953&charge=3&value=R.NPPGFAFVEFEDPRDAEDAVR.G,SRSF7,3.000e+6,2.314,0.039,1.407,0.001
33957,3,"  3.357","  0.613",13/48,/core/www/modules//sdig/index.php?run_id=110202&search_id=114132&scans_id=110198&peptide_id=25983&scanf=33957&charge=3&value=13/48,sp|P62191|PRS4_HUMAN,/core/www/modules//consensus/?run_id=110202&search_id=114132&scans_id=110198&peptide_id=25983&scanf=33957&charge=3&value=sp|P62191|PRS4_HUMAN,0,/core/www/modules/match_peptides/blast_html4.php?run_id=110202&search_id=114132&scans_id=110198&peptide_id=25983&scanf=33957&charge=3&value=0,R.IKDYLLMEEEFIR.N,/core/www/modules/show_out/show_out_wrapper.php?run_id=110202&search_id=114132&scans_id=110198&peptide_id=25983&scanf=33957&charge=3&value=R.IKDYLLMEEEFIR.N,PSMC1,1.514e+7,3.291,0.001,2.839,0.000
33958,2,"  3.064","  0.519",13/28,/core/www/modules//sdig/index.php?run_id=110202&search_id=114132&scans_id=110198&peptide_id=25984&scanf=33958&charge=2&value=13/28,sp|O75190|DNJB6_HUMAN,/core/www/modules//consensus/?run_id=110202&search_id=114132&scans_id=110198&peptide_id=25984&scanf=33958&charge=2&value=sp|O75190|DNJB6_HUMAN,1,/core/www/modules/match_peptides/blast_html4.php?run_id=110202&search_id=114132&scans_id=110198&peptide_id=25984&scanf=33958&charge=2&value=1,R.APGPWDPLASAAGLK.E,/core/www/modules/show_out/show_out_wrapper.php?run_id=110202&search_id=114132&scans_id=110198&peptide_id=25984&scanf=33958&charge=2&value=R.APGPWDPLASAAGLK.E,DNAJB6,4.895e+6,2.946,0.005,2.328,0.000
33960,3,"  2.781","  0.484",13/48,/core/www/modules//sdig/index.php?run_id=110202&search_id=114132&scans_id=110198&peptide_id=25987&scanf=33960&charge=3&value=13/48,sp|Q99798|ACON_HUMAN,/core/www/modules//consensus/?run_id=110202&search_id=114132&scans_id=110198&peptide_id=25987&scanf=33960&charge=3&value=sp|Q99798|ACON_HUMAN,7,/core/www/modules/match_peptides/blast_html4.php?run_id=110202&search_id=114132&scans_id=110198&peptide_id=25987&scanf=33960&charge=3&value=7,R.LQLLEPFDKWDGK.D,/core/www/modules/show_out/show_out_wrapper.php?run_id=110202&search_id=114132&scans_id=110198&peptide_id=25987&scanf=33960&charge=3&value=R.LQLLEPFDKWDGK.D,ACO2,6.157e+6,2.869,0.006,2.215,0.000
33962,2,"  5.196","  0.695",23/32,/core/www/modules//sdig/index.php?run_id=110202&search_id=114132&scans_id=110198&peptide_id=25989&scanf=33962&charge=2&value=23/32,sp|Q7L014|DDX46_HUMAN,/core/www/modules//consensus/?run_id=110202&search_id=114132&scans_id=110198&peptide_id=25989&scanf=33962&charge=2&value=sp|Q7L014|DDX46_HUMAN,2,/core/www/modules/match_peptides/blast_html4.php?run_id=110202&search_id=114132&scans_id=110198&peptide_id=25989&scanf=33962&charge=2&value=2,R.SLEEGEGPIAVIMTPTR.E,/core/www/modules/show_out/show_out_wrapper.php?run_id=110202&search_id=114132&scans_id=110198&peptide_id=25989&scanf=33962&charge=2&value=R.SLEEGEGPIAVIMTPTR.E,DDX46,1.127e+7,4.037,0.000,3.944,0.000
33963,2,"  2.136","  0.167",9/16,/core/www/modules//sdig/index.php?run_id=110202&search_id=114132&scans_id=110198&peptide_id=25990&scanf=33963&charge=2&value=9/16,sp|P00338|LDHA_HUMAN,/core/www/modules//consensus/?run_id=110202&search_id=114132&scans_id=110198&peptide_id=25990&scanf=33963&charge=2&value=sp|P00338|LDHA_HUMAN,10,/core/www/modules/match_peptides/blast_html4.php?run_id=110202&search_id=114132&scans_id=110198&peptide_id=25990&scanf=33963&charge=2&value=10,K.DQLIYNLLK.E,/core/www/modules/show_out/show_out_wrapper.php?run_id=110202&search_id=114132&scans_id=110198&peptide_id=25990&scanf=33963&charge=2&value=K.DQLIYNLLK.E,LDHA,1.783e+7,2.112,0.075,1.123,0.002
33964,3,"  6.714","  0.734",30/100,/core/www/modules//sdig/index.php?run_id=110202&search_id=114132&scans_id=110198&peptide_id=25991&scanf=33964&charge=3&value=30/100,sp|Q8IV08|PLD3_HUMAN,/core/www/modules//consensus/?run_id=110202&search_id=114132&scans_id=110198&peptide_id=25991&scanf=33964&charge=3&value=sp|Q8IV08|PLD3_HUMAN,4,/core/www/modules/match_peptides/blast_html4.php?run_id=110202&search_id=114132&scans_id=110198&peptide_id=25991&scanf=33964&charge=3&value=4,R.IAVSKPSGPQPQADLQALLQSGAQVR.M,/core/www/modules/show_out/show_out_wrapper.php?run_id=110202&search_id=114132&scans_id=110198&peptide_id=25991&scanf=33964&charge=3&value=R.IAVSKPSGPQPQADLQALLQSGAQVR.M,PLD3,5.662e+6,3.722,0.000,3.477,0.000
33967,3,"  3.352","  0.599",12/40,/core/www/modules//sdig/index.php?run_id=110202&search_id=114132&scans_id=110198&peptide_id=25994&scanf=33967&charge=3&value=12/40,sp|Q92499|DDX1_HUMAN,/core/www/modules//consensus/?run_id=110202&search_id=114132&scans_id=110198&peptide_id=25994&scanf=33967&charge=3&value=sp|Q92499|DDX1_HUMAN,7,/core/www/modules/match_peptides/blast_html4.php?run_id=110202&search_id=114132&scans_id=110198&peptide_id=25994&scanf=33967&charge=3&value=7,K.IMHFPTWVDLK.G,/core/www/modules/show_out/show_out_wrapper.php?run_id=110202&search_id=114132&scans_id=110198&peptide_id=25994&scanf=33967&charge=3&value=K.IMHFPTWVDLK.G,DDX1,2.537e+7,3.681,0.000,3.417,0.000
33978,3,"  3.261","  0.489",14/72,/core/www/modules//sdig/index.php?run_id=110202&search_id=114132&scans_id=110198&peptide_id=26005&scanf=33978&charge=3&value=14/72,sp|P61978|HNRPK_HUMAN,/core/www/modules//consensus/?run_id=110202&search_id=114132&scans_id=110198&peptide_id=26005&scanf=33978&charge=3&value=sp|P61978|HNRPK_HUMAN,2,/core/www/modules/match_peptides/blast_html4.php?run_id=110202&search_id=114132&scans_id=110198&peptide_id=26005&scanf=33978&charge=3&value=2,R.GSYGDLGGPIITTQVTIPK.D,/core/www/modules/show_out/show_out_wrapper.php?run_id=110202&search_id=114132&scans_id=110198&peptide_id=26005&scanf=33978&charge=3&value=R.GSYGDLGGPIITTQVTIPK.D,HNRNPK,9.200e+7,3.054,0.003,2.489,0.000
33979,2,"  5.394","  0.708",22/28,/core/www/modules//sdig/index.php?run_id=110202&search_id=114132&scans_id=110198&peptide_id=26006&scanf=33979&charge=2&value=22/28,sp|P24534|EF1B_HUMAN,/core/www/modules//consensus/?run_id=110202&search_id=114132&scans_id=110198&peptide_id=26006&scanf=33979&charge=2&value=sp|P24534|EF1B_HUMAN,3,/core/www/modules/match_peptides/blast_html4.php?run_id=110202&search_id=114132&scans_id=110198&peptide_id=26006&scanf=33979&charge=2&value=3,K.SPAGLQVLNDYLADK.S,/core/www/modules/show_out/show_out_wrapper.php?run_id=110202&search_id=114132&scans_id=110198&peptide_id=26006&scanf=33979&charge=2&value=K.SPAGLQVLNDYLADK.S,EEF1B2,5.174e+7,4.200,0.000,4.186,0.000
33980,2,"  3.284","  0.614",13/22,/core/www/modules//sdig/index.php?run_id=110202&search_id=114132&scans_id=110198&peptide_id=26008&scanf=33980&charge=2&value=13/22,sp|Q14676|MDC1_HUMAN,/core/www/modules//consensus/?run_id=110202&search_id=114132&scans_id=110198&peptide_id=26008&scanf=33980&charge=2&value=sp|Q14676|MDC1_HUMAN,0,/core/www/modules/match_peptides/blast_html4.php?run_id=110202&search_id=114132&scans_id=110198&peptide_id=26008&scanf=33980&charge=2&value=0,K.NFGFSLQDALSR.A,/core/www/modules/show_out/show_out_wrapper.php?run_id=110202&search_id=114132&scans_id=110198&peptide_id=26008&scanf=33980&charge=2&value=K.NFGFSLQDALSR.A,MDC1,2.441e+7,3.612,0.000,3.315,0.000
33981,2,"  2.630","  0.340",10/14,/core/www/modules//sdig/index.php?run_id=110202&search_id=114132&scans_id=110198&peptide_id=26009&scanf=33981&charge=2&value=10/14,sp|Q13895|BYST_HUMAN,/core/www/modules//consensus/?run_id=110202&search_id=114132&scans_id=110198&peptide_id=26009&scanf=33981&charge=2&value=sp|Q13895|BYST_HUMAN,0,/core/www/modules/match_peptides/blast_html4.php?run_id=110202&search_id=114132&scans_id=110198&peptide_id=26009&scanf=33981&charge=2&value=0,K.EALLELLR.L,/core/www/modules/show_out/show_out_wrapper.php?run_id=110202&search_id=114132&scans_id=110198&peptide_id=26009&scanf=33981&charge=2&value=K.EALLELLR.L,BYSL,2.173e+7,3.024,0.004,2.444,0.000
33982,3,"  2.546","  0.494",13/56,/core/www/modules//sdig/index.php?run_id=110202&search_id=114132&scans_id=110198&peptide_id=26010&scanf=33982&charge=3&value=13/56,sp|Q9H9Y2|RPF1_HUMAN,/core/www/modules//consensus/?run_id=110202&search_id=114132&scans_id=110198&peptide_id=26010&scanf=33982&charge=3&value=sp|Q9H9Y2|RPF1_HUMAN,0,/core/www/modules/match_peptides/blast_html4.php?run_id=110202&search_id=114132&scans_id=110198&peptide_id=26010&scanf=33982&charge=3&value=0,R.MFASLFPHNPQFIGR.Q,/core/www/modules/show_out/show_out_wrapper.php?run_id=110202&search_id=114132&scans_id=110198&peptide_id=26010&scanf=33982&charge=3&value=R.MFASLFPHNPQFIGR.Q,RPF1,4.910e+6,2.996,0.004,2.403,0.000
33983,3,"  2.710","  0.201",13/56,/core/www/modules//sdig/index.php?run_id=110202&search_id=114132&scans_id=110198&peptide_id=26011&scanf=33983&charge=3&value=13/56,sp|Q13838|DX39B_HUMAN,/core/www/modules//consensus/?run_id=110202&search_id=114132&scans_id=110198&peptide_id=26011&scanf=33983&charge=3&value=sp|Q13838|DX39B_HUMAN,9,/core/www/modules/match_peptides/blast_html4.php?run_id=110202&search_id=114132&scans_id=110198&peptide_id=26011&scanf=33983&charge=3&value=9,K.FM*QDPMEIFVDDETK.L,/core/www/modules/show_out/show_out_wrapper.php?run_id=110202&search_id=114132&scans_id=110198&peptide_id=26011&scanf=33983&charge=3&value=K.FM*QDPMEIFVDDETK.L,DDX39B,5.087e+6,1.978,0.114,0.943,0.005
33985,2,"  4.178","  0.632",16/30,/core/www/modules//sdig/index.php?run_id=110202&search_id=114132&scans_id=110198&peptide_id=26013&scanf=33985&charge=2&value=16/30,sp|P49792|RBP2_HUMAN,/core/www/modules//consensus/?run_id=110202&search_id=114132&scans_id=110198&peptide_id=26013&scanf=33985&charge=2&value=sp|P49792|RBP2_HUMAN,2,/core/www/modules/match_peptides/blast_html4.php?run_id=110202&search_id=114132&scans_id=110198&peptide_id=26013&scanf=33985&charge=2&value=2,K.SLGGNDELSATFLEMK.G,/core/www/modules/show_out/show_out_wrapper.php?run_id=110202&search_id=114132&scans_id=110198&peptide_id=26013&scanf=33985&charge=2&value=K.SLGGNDELSATFLEMK.G,RANBP2,9.818e+6,3.553,0.001,3.227,0.000
33987,2,"  1.671","  0.356",9/14,/core/www/modules//sdig/index.php?run_id=110202&search_id=114132&scans_id=110198&peptide_id=26015&scanf=33987&charge=2&value=9/14,sp|Q14684|RRP1B_HUMAN,/core/www/modules//consensus/?run_id=110202&search_id=114132&scans_id=110198&peptide_id=26015&scanf=33987&charge=2&value=sp|Q14684|RRP1B_HUMAN,0,/core/www/modules/match_peptides/blast_html4.php?run_id=110202&search_id=114132&scans_id=110198&peptide_id=26015&scanf=33987&charge=2&value=0,K.VFLDVLMK.E,/core/www/modules/show_out/show_out_wrapper.php?run_id=110202&search_id=114132&scans_id=110198&peptide_id=26015&scanf=33987&charge=2&value=K.VFLDVLMK.E,RRP1B,1.512e+7,2.876,0.006,2.226,0.000
33991,3,"  3.664","  0.188",14/44,/core/www/modules//sdig/index.php?run_id=110202&search_id=114132&scans_id=110198&peptide_id=26020&scanf=33991&charge=3&value=14/44,sp|P08670|VIME_HUMAN,/core/www/modules//consensus/?run_id=110202&search_id=114132&scans_id=110198&peptide_id=26020&scanf=33991&charge=3&value=sp|P08670|VIME_HUMAN,2,/core/www/modules/match_peptides/blast_html4.php?run_id=110202&search_id=114132&scans_id=110198&peptide_id=26020&scanf=33991&charge=3&value=2,K.VESLQEEIAFLK.K,/core/www/modules/show_out/show_out_wrapper.php?run_id=110202&search_id=114132&scans_id=110198&peptide_id=26020&scanf=33991&charge=3&value=K.VESLQEEIAFLK.K,VIM,1.405e+7,2.751,0.009,2.042,0.000
33994,4,"  5.288","  0.554",22/108,/core/www/modules//sdig/index.php?run_id=110202&search_id=114132&scans_id=110198&peptide_id=26023&scanf=33994&charge=4&value=22/108,sp|Q96CM8|ACSF2_HUMAN,/core/www/modules//consensus/?run_id=110202&search_id=114132&scans_id=110198&peptide_id=26023&scanf=33994&charge=4&value=sp|Q96CM8|ACSF2_HUMAN,1,/core/www/modules/match_peptides/blast_html4.php?run_id=110202&search_id=114132&scans_id=110198&peptide_id=26023&scanf=33994&charge=4&value=1,R.GGENIYPAELEDFFHTHPK.V,/core/www/modules/show_out/show_out_wrapper.php?run_id=110202&search_id=114132&scans_id=110198&peptide_id=26023&scanf=33994&charge=4&value=R.GGENIYPAELEDFFHTHPK.V,ACSF2,1.049e+7,3.626,0.000,3.335,0.000
33996,2,"  2.768","  0.412",12/28,/core/www/modules//sdig/index.php?run_id=110202&search_id=114132&scans_id=110198&peptide_id=26025&scanf=33996&charge=2&value=12/28,sp|Q9UPN3|MACF1_HUMAN,/core/www/modules//consensus/?run_id=110202&search_id=114132&scans_id=110198&peptide_id=26025&scanf=33996&charge=2&value=sp|Q9UPN3|MACF1_HUMAN,11,/core/www/modules/match_peptides/blast_html4.php?run_id=110202&search_id=114132&scans_id=110198&peptide_id=26025&scanf=33996&charge=2&value=11,K.FILPEGASQGMTPFR.S,/core/www/modules/show_out/show_out_wrapper.php?run_id=110202&search_id=114132&scans_id=110198&peptide_id=26025&scanf=33996&charge=2&value=K.FILPEGASQGMTPFR.S,MACF1,2.090e+6,2.567,0.017,1.772,0.000
34000,2,"  2.608","  0.577",13/22,/core/www/modules//sdig/index.php?run_id=110202&search_id=114132&scans_id=110198&peptide_id=26028&scanf=34000&charge=2&value=13/22,sp|Q14676|MDC1_HUMAN,/core/www/modules//consensus/?run_id=110202&search_id=114132&scans_id=110198&peptide_id=26028&scanf=34000&charge=2&value=sp|Q14676|MDC1_HUMAN,0,/core/www/modules/match_peptides/blast_html4.php?run_id=110202&search_id=114132&scans_id=110198&peptide_id=26028&scanf=34000&charge=2&value=0,K.NFGFSLQDALSR.A,/core/www/modules/show_out/show_out_wrapper.php?run_id=110202&search_id=114132&scans_id=110198&peptide_id=26028&scanf=34000&charge=2&value=K.NFGFSLQDALSR.A,MDC1,2.441e+7,3.449,0.001,3.072,0.000
34001,2,"  1.852","  0.392",9/16,/core/www/modules//sdig/index.php?run_id=110202&search_id=114132&scans_id=110198&peptide_id=26029&scanf=34001&charge=2&value=9/16,sp|Q9UNN8|EPCR_HUMAN,/core/www/modules//consensus/?run_id=110202&search_id=114132&scans_id=110198&peptide_id=26029&scanf=34001&charge=2&value=sp|Q9UNN8|EPCR_HUMAN,1,/core/www/modules/match_peptides/blast_html4.php?run_id=110202&search_id=114132&scans_id=110198&peptide_id=26029&scanf=34001&charge=2&value=1,R.TLAFPLTIR.C,/core/www/modules/show_out/show_out_wrapper.php?run_id=110202&search_id=114132&scans_id=110198&peptide_id=26029&scanf=34001&charge=2&value=R.TLAFPLTIR.C,PROCR,6.369e+6,2.821,0.007,2.144,0.000
34002,2,"  1.465","  0.248",10/14,/core/www/modules//sdig/index.php?run_id=110202&search_id=114132&scans_id=110198&peptide_id=26030&scanf=34002&charge=2&value=10/14,sp|P78527|PRKDC_HUMAN,/core/www/modules//consensus/?run_id=110202&search_id=114132&scans_id=110198&peptide_id=26030&scanf=34002&charge=2&value=sp|P78527|PRKDC_HUMAN,0,/core/www/modules/match_peptides/blast_html4.php?run_id=110202&search_id=114132&scans_id=110198&peptide_id=26030&scanf=34002&charge=2&value=0,R.EIFNFVLK.A,/core/www/modules/show_out/show_out_wrapper.php?run_id=110202&search_id=114132&scans_id=110198&peptide_id=26030&scanf=34002&charge=2&value=R.EIFNFVLK.A,PRKDC,1.602e+8,3.455,0.001,3.081,0.000
34003,2,"  2.666","  0.443",12/18,/core/www/modules//sdig/index.php?run_id=110202&search_id=114132&scans_id=110198&peptide_id=26031&scanf=34003&charge=2&value=12/18,sp|P08670|VIME_HUMAN,/core/www/modules//consensus/?run_id=110202&search_id=114132&scans_id=110198&peptide_id=26031&scanf=34003&charge=2&value=sp|P08670|VIME_HUMAN,2,/core/www/modules/match_peptides/blast_html4.php?run_id=110202&search_id=114132&scans_id=110198&peptide_id=26031&scanf=34003&charge=2&value=2,K.ILLAELEQLK.G,/core/www/modules/show_out/show_out_wrapper.php?run_id=110202&search_id=114132&scans_id=110198&peptide_id=26031&scanf=34003&charge=2&value=K.ILLAELEQLK.G,VIM,2.375e+9,3.620,0.000,3.326,0.000
34005,3,"  2.704","  0.461",13/44,/core/www/modules//sdig/index.php?run_id=110202&search_id=114132&scans_id=110198&peptide_id=26033&scanf=34005&charge=3&value=13/44,sp|Q9Y4F1|FARP1_HUMAN,/core/www/modules//consensus/?run_id=110202&search_id=114132&scans_id=110198&peptide_id=26033&scanf=34005&charge=3&value=sp|Q9Y4F1|FARP1_HUMAN,1,/core/www/modules/match_peptides/blast_html4.php?run_id=110202&search_id=114132&scans_id=110198&peptide_id=26033&scanf=34005&charge=3&value=1,K.SLIFPNFEPLHK.F,/core/www/modules/show_out/show_out_wrapper.php?run_id=110202&search_id=114132&scans_id=110198&peptide_id=26033&scanf=34005&charge=3&value=K.SLIFPNFEPLHK.F,FARP1,3.424e+6,3.090,0.003,2.542,0.000
34009,2,"  2.784","  0.413",11/18,/core/www/modules//sdig/index.php?run_id=110202&search_id=114132&scans_id=110198&peptide_id=26037&scanf=34009&charge=2&value=11/18,sp|Q9Y5S2|MRCKB_HUMAN,/core/www/modules//consensus/?run_id=110202&search_id=114132&scans_id=110198&peptide_id=26037&scanf=34009&charge=2&value=sp|Q9Y5S2|MRCKB_HUMAN,1,/core/www/modules/match_peptides/blast_html4.php?run_id=110202&search_id=114132&scans_id=110198&peptide_id=26037&scanf=34009&charge=2&value=1,R.ELLEEMEILK.K,/core/www/modules/show_out/show_out_wrapper.php?run_id=110202&search_id=114132&scans_id=110198&peptide_id=26037&scanf=34009&charge=2&value=R.ELLEEMEILK.K,CDC42BPB,4.179e+6,2.992,0.004,2.396,0.000
34011,3,"  5.066","  0.631",20/64,/core/www/modules//sdig/index.php?run_id=110202&search_id=114132&scans_id=110198&peptide_id=26040&scanf=34011&charge=3&value=20/64,sp|Q13523|PRP4B_HUMAN,/core/www/modules//consensus/?run_id=110202&search_id=114132&scans_id=110198&peptide_id=26040&scanf=34011&charge=3&value=sp|Q13523|PRP4B_HUMAN,1,/core/www/modules/match_peptides/blast_html4.php?run_id=110202&search_id=114132&scans_id=110198&peptide_id=26040&scanf=34011&charge=3&value=1,K.DQHFDQNLNFMYIEVDK.V,/core/www/modules/show_out/show_out_wrapper.php?run_id=110202&search_id=114132&scans_id=110198&peptide_id=26040&scanf=34011&charge=3&value=K.DQHFDQNLNFMYIEVDK.V,PRPF4B,4.806e+6,3.661,0.000,3.387,0.000
34012,2,"  3.000","  0.475",12/20,/core/www/modules//sdig/index.php?run_id=110202&search_id=114132&scans_id=110198&peptide_id=26041&scanf=34012&charge=2&value=12/20,sp|Q14669|TRIPC_HUMAN,/core/www/modules//consensus/?run_id=110202&search_id=114132&scans_id=110198&peptide_id=26041&scanf=34012&charge=2&value=sp|Q14669|TRIPC_HUMAN,3,/core/www/modules/match_peptides/blast_html4.php?run_id=110202&search_id=114132&scans_id=110198&peptide_id=26041&scanf=34012&charge=2&value=3,R.LFLQFVTGSPR.L,/core/www/modules/show_out/show_out_wrapper.php?run_id=110202&search_id=114132&scans_id=110198&peptide_id=26041&scanf=34012&charge=2&value=R.LFLQFVTGSPR.L,TRIP12,9.454e+6,3.297,0.001,2.848,0.000
34013,2,"  3.580","  0.617",14/28,/core/www/modules//sdig/index.php?run_id=110202&search_id=114132&scans_id=110198&peptide_id=26042&scanf=34013&charge=2&value=14/28,sp|Q00341|VIGLN_HUMAN,/core/www/modules//consensus/?run_id=110202&search_id=114132&scans_id=110198&peptide_id=26042&scanf=34013&charge=2&value=sp|Q00341|VIGLN_HUMAN,4,/core/www/modules/match_peptides/blast_html4.php?run_id=110202&search_id=114132&scans_id=110198&peptide_id=26042&scanf=34013&charge=2&value=4,K.DLANIAEVEVSIPAK.L,/core/www/modules/show_out/show_out_wrapper.php?run_id=110202&search_id=114132&scans_id=110198&peptide_id=26042&scanf=34013&charge=2&value=K.DLANIAEVEVSIPAK.L,HDLBP,4.507e+6,3.402,0.001,3.002,0.000
34015,2,"  2.083","  0.262",8/16,/core/www/modules//sdig/index.php?run_id=110202&search_id=114132&scans_id=110198&peptide_id=26044&scanf=34015&charge=2&value=8/16,sp|P68363|TBA1B_HUMAN,/core/www/modules//consensus/?run_id=110202&search_id=114132&scans_id=110198&peptide_id=26044&scanf=34015&charge=2&value=sp|P68363|TBA1B_HUMAN,7,/core/www/modules/match_peptides/blast_html4.php?run_id=110202&search_id=114132&scans_id=110198&peptide_id=26044&scanf=34015&charge=2&value=7,K.EIIDLVLDR.I,/core/www/modules/show_out/show_out_wrapper.php?run_id=110202&search_id=114132&scans_id=110198&peptide_id=26044&scanf=34015&charge=2&value=K.EIIDLVLDR.I,TUBA1B,1.041e+8,2.255,0.048,1.323,0.002
34016,3,"  3.226","  0.427",9/72,/core/www/modules//sdig/index.php?run_id=110202&search_id=114132&scans_id=110198&peptide_id=26045&scanf=34016&charge=3&value=9/72,sp|P51149|RAB7A_HUMAN,/core/www/modules//consensus/?run_id=110202&search_id=114132&scans_id=110198&peptide_id=26045&scanf=34016&charge=3&value=sp|P51149|RAB7A_HUMAN,4,/core/www/modules/match_peptides/blast_html4.php?run_id=110202&search_id=114132&scans_id=110198&peptide_id=26045&scanf=34016&charge=3&value=4,K.QETEVELYNEFPEPIKLDK.N,/core/www/modules/show_out/show_out_wrapper.php?run_id=110202&search_id=114132&scans_id=110198&peptide_id=26045&scanf=34016&charge=3&value=K.QETEVELYNEFPEPIKLDK.N,RAB7A,1.938e+6,2.254,0.048,1.321,0.002
34020,2,"  2.969","  0.726",13/22,/core/www/modules//sdig/index.php?run_id=110202&search_id=114132&scans_id=110198&peptide_id=26049&scanf=34020&charge=2&value=13/22,sp|Q9Y3B4|SF3B6_HUMAN,/core/www/modules//consensus/?run_id=110202&search_id=114132&scans_id=110198&peptide_id=26049&scanf=34020&charge=2&value=sp|Q9Y3B4|SF3B6_HUMAN,0,/core/www/modules/match_peptides/blast_html4.php?run_id=110202&search_id=114132&scans_id=110198&peptide_id=26049&scanf=34020&charge=2&value=0,K.ITAEEMYDIFGK.Y,/core/www/modules/show_out/show_out_wrapper.php?run_id=110202&search_id=114132&scans_id=110198&peptide_id=26049&scanf=34020&charge=2&value=K.ITAEEMYDIFGK.Y,SF3B6,5.700e+7,3.950,0.000,3.815,0.000
34021,2,"  2.736","  0.637",11/18,/core/www/modules//sdig/index.php?run_id=110202&search_id=114132&scans_id=110198&peptide_id=26050&scanf=34021&charge=2&value=11/18,sp|Q01082|SPTB2_HUMAN,/core/www/modules//consensus/?run_id=110202&search_id=114132&scans_id=110198&peptide_id=26050&scanf=34021&charge=2&value=sp|Q01082|SPTB2_HUMAN,1,/core/www/modules/match_peptides/blast_html4.php?run_id=110202&search_id=114132&scans_id=110198&peptide_id=26050&scanf=34021&charge=2&value=1,R.LTTLELLEVR.R,/core/www/modules/show_out/show_out_wrapper.php?run_id=110202&search_id=114132&scans_id=110198&peptide_id=26050&scanf=34021&charge=2&value=R.LTTLELLEVR.R,SPTBN1,2.346e+7,3.924,0.000,3.776,0.000
34022,2,"  2.390","  0.652",11/22,/core/www/modules//sdig/index.php?run_id=110202&search_id=114132&scans_id=110198&peptide_id=26051&scanf=34022&charge=2&value=11/22,sp|O00303|EIF3F_HUMAN,/core/www/modules//consensus/?run_id=110202&search_id=114132&scans_id=110198&peptide_id=26051&scanf=34022&charge=2&value=sp|O00303|EIF3F_HUMAN,1,/core/www/modules/match_peptides/blast_html4.php?run_id=110202&search_id=114132&scans_id=110198&peptide_id=26051&scanf=34022&charge=2&value=1,R.TMGVMFTPLTVK.Y,/core/www/modules/show_out/show_out_wrapper.php?run_id=110202&search_id=114132&scans_id=110198&peptide_id=26051&scanf=34022&charge=2&value=R.TMGVMFTPLTVK.Y,EIF3F,9.057e+6,3.375,0.001,2.963,0.000
34023,2,"  1.892","  0.158",12/16,/core/www/modules//sdig/index.php?run_id=110202&search_id=114132&scans_id=110198&peptide_id=26052&scanf=34023&charge=2&value=12/16,sp|O60814|H2B1K_HUMAN,/core/www/modules//consensus/?run_id=110202&search_id=114132&scans_id=110198&peptide_id=26052&scanf=34023&charge=2&value=sp|O60814|H2B1K_HUMAN,16,/core/www/modules/match_peptides/blast_html4.php?run_id=110202&search_id=114132&scans_id=110198&peptide_id=26052&scanf=34023&charge=2&value=16,R.LLLPGELAK.H,/core/www/modules/show_out/show_out_wrapper.php?run_id=110202&search_id=114132&scans_id=110198&peptide_id=26052&scanf=34023&charge=2&value=R.LLLPGELAK.H,H2BC12,4.487e+9,2.518,0.020,1.700,0.000
34028,2,"  2.016","  0.473",10/24,/core/www/modules//sdig/index.php?run_id=110202&search_id=114132&scans_id=110198&peptide_id=26057&scanf=34028&charge=2&value=10/24,sp|P12236|ADT3_HUMAN,/core/www/modules//consensus/?run_id=110202&search_id=114132&scans_id=110198&peptide_id=26057&scanf=34028&charge=2&value=sp|P12236|ADT3_HUMAN,0,/core/www/modules/match_peptides/blast_html4.php?run_id=110202&search_id=114132&scans_id=110198&peptide_id=26057&scanf=34028&charge=2&value=0,K.DFLAGGIAAAISK.T,/core/www/modules/show_out/show_out_wrapper.php?run_id=110202&search_id=114132&scans_id=110198&peptide_id=26057&scanf=34028&charge=2&value=K.DFLAGGIAAAISK.T,SLC25A6,2.909e+6,2.760,0.009,2.054,0.000
34036,2,"  2.405","  0.408",10/16,/core/www/modules//sdig/index.php?run_id=110202&search_id=114132&scans_id=110198&peptide_id=26066&scanf=34036&charge=2&value=10/16,sp|O43427|FIBP_HUMAN,/core/www/modules//consensus/?run_id=110202&search_id=114132&scans_id=110198&peptide_id=26066&scanf=34036&charge=2&value=sp|O43427|FIBP_HUMAN,1,/core/www/modules/match_peptides/blast_html4.php?run_id=110202&search_id=114132&scans_id=110198&peptide_id=26066&scanf=34036&charge=2&value=1,R.DLFVDLVEK.F,/core/www/modules/show_out/show_out_wrapper.php?run_id=110202&search_id=114132&scans_id=110198&peptide_id=26066&scanf=34036&charge=2&value=R.DLFVDLVEK.F,FIBP,2.322e+6,2.986,0.004,2.387,0.000
34037,3,"  2.171","  0.302",9/56,/core/www/modules//sdig/index.php?run_id=110202&search_id=114132&scans_id=110198&peptide_id=26067&scanf=34037&charge=3&value=9/56,sp|P49589|SYCC_HUMAN,/core/www/modules//consensus/?run_id=110202&search_id=114132&scans_id=110198&peptide_id=26067&scanf=34037&charge=3&value=sp|P49589|SYCC_HUMAN,1,/core/www/modules/match_peptides/blast_html4.php?run_id=110202&search_id=114132&scans_id=110198&peptide_id=26067&scanf=34037&charge=3&value=1,R.EQKVPEILQLSDALR.D,/core/www/modules/show_out/show_out_wrapper.php?run_id=110202&search_id=114132&scans_id=110198&peptide_id=26067&scanf=34037&charge=3&value=R.EQKVPEILQLSDALR.D,CARS1,3.137e+6,1.903,0.142,0.847,0.007
34038,2,"  5.030","  0.773",27/36,/core/www/modules//sdig/index.php?run_id=110202&search_id=114132&scans_id=110198&peptide_id=26068&scanf=34038&charge=2&value=27/36,sp|O43660|PLRG1_HUMAN,/core/www/modules//consensus/?run_id=110202&search_id=114132&scans_id=110198&peptide_id=26068&scanf=34038&charge=2&value=sp|O43660|PLRG1_HUMAN,1,/core/www/modules/match_peptides/blast_html4.php?run_id=110202&search_id=114132&scans_id=110198&peptide_id=26068&scanf=34038&charge=2&value=1,R.MPSESAAQSLAVALPLQTK.A,/core/www/modules/show_out/show_out_wrapper.php?run_id=110202&search_id=114132&scans_id=110198&peptide_id=26068&scanf=34038&charge=2&value=R.MPSESAAQSLAVALPLQTK.A,PLRG1,2.238e+6,4.206,0.000,4.194,0.000
34041,3,"  3.159","  0.483",17/68,/core/www/modules//sdig/index.php?run_id=110202&search_id=114132&scans_id=110198&peptide_id=26071&scanf=34041&charge=3&value=17/68,sp|P21333|FLNA_HUMAN,/core/www/modules//consensus/?run_id=110202&search_id=114132&scans_id=110198&peptide_id=26071&scanf=34041&charge=3&value=sp|P21333|FLNA_HUMAN,2,/core/www/modules/match_peptides/blast_html4.php?run_id=110202&search_id=114132&scans_id=110198&peptide_id=26071&scanf=34041&charge=3&value=2,K.HTAMVSWGGVSIPNSPFR.V,/core/www/modules/show_out/show_out_wrapper.php?run_id=110202&search_id=114132&scans_id=110198&peptide_id=26071&scanf=34041&charge=3&value=K.HTAMVSWGGVSIPNSPFR.V,FLNA,5.796e+7,2.966,0.004,2.357,0.000
34043,4,"  5.197","  0.616",21/132,/core/www/modules//sdig/index.php?run_id=110202&search_id=114132&scans_id=110198&peptide_id=26073&scanf=34043&charge=4&value=21/132,sp|Q92797|SYMPK_HUMAN,/core/www/modules//consensus/?run_id=110202&search_id=114132&scans_id=110198&peptide_id=26073&scanf=34043&charge=4&value=sp|Q92797|SYMPK_HUMAN,0,/core/www/modules/match_peptides/blast_html4.php?run_id=110202&search_id=114132&scans_id=110198&peptide_id=26073&scanf=34043&charge=4&value=0,R.SFTPHQQAHIPNSIMTILEASGK.Q,/core/www/modules/show_out/show_out_wrapper.php?run_id=110202&search_id=114132&scans_id=110198&peptide_id=26073&scanf=34043&charge=4&value=R.SFTPHQQAHIPNSIMTILEASGK.Q,SYMPK,8.482e+6,3.721,0.000,3.475,0.000
34045,3,"  2.714","  0.494",11/44,/core/www/modules//sdig/index.php?run_id=110202&search_id=114132&scans_id=110198&peptide_id=26075&scanf=34045&charge=3&value=11/44,sp|Q9UK61|TASOR_HUMAN,/core/www/modules//consensus/?run_id=110202&search_id=114132&scans_id=110198&peptide_id=26075&scanf=34045&charge=3&value=sp|Q9UK61|TASOR_HUMAN,0,/core/www/modules/match_peptides/blast_html4.php?run_id=110202&search_id=114132&scans_id=110198&peptide_id=26075&scanf=34045&charge=3&value=0,R.VLHALFLFQEPR.S,/core/www/modules/show_out/show_out_wrapper.php?run_id=110202&search_id=114132&scans_id=110198&peptide_id=26075&scanf=34045&charge=3&value=R.VLHALFLFQEPR.S,TASOR,7.411e+6,3.134,0.002,2.607,0.000
34047,3,"  4.225","  0.604",11/80,/core/www/modules//sdig/index.php?run_id=110202&search_id=114132&scans_id=110198&peptide_id=26077&scanf=34047&charge=3&value=11/80,sp|P60709|ACTB_HUMAN,/core/www/modules//consensus/?run_id=110202&search_id=114132&scans_id=110198&peptide_id=26077&scanf=34047&charge=3&value=sp|P60709|ACTB_HUMAN,6,/core/www/modules/match_peptides/blast_html4.php?run_id=110202&search_id=114132&scans_id=110198&peptide_id=26077&scanf=34047&charge=3&value=6,K.DLYANTVLSGGTTM*YPGIADR.M,/core/www/modules/show_out/show_out_wrapper.php?run_id=110202&search_id=114132&scans_id=110198&peptide_id=26077&scanf=34047&charge=3&value=K.DLYANTVLSGGTTM*YPGIADR.M,ACTB,3.031e+8,3.615,0.000,3.319,0.000
34051,3,"  3.391","  0.533",18/80,/core/www/modules//sdig/index.php?run_id=110202&search_id=114132&scans_id=110198&peptide_id=26082&scanf=34051&charge=3&value=18/80,sp|O94906|PRP6_HUMAN,/core/www/modules//consensus/?run_id=110202&search_id=114132&scans_id=110198&peptide_id=26082&scanf=34051&charge=3&value=sp|O94906|PRP6_HUMAN,0,/core/www/modules/match_peptides/blast_html4.php?run_id=110202&search_id=114132&scans_id=110198&peptide_id=26082&scanf=34051&charge=3&value=0,K.GYLTDLNSMIPTHGGDINDIK.K,/core/www/modules/show_out/show_out_wrapper.php?run_id=110202&search_id=114132&scans_id=110198&peptide_id=26082&scanf=34051&charge=3&value=K.GYLTDLNSMIPTHGGDINDIK.K,PRPF6,2.855e+6,3.090,0.003,2.540,0.000
34052,2,"  2.815","  0.448",12/24,/core/www/modules//sdig/index.php?run_id=110202&search_id=114132&scans_id=110198&peptide_id=26083&scanf=34052&charge=2&value=12/24,sp|Q9BUP0|EFHD1_HUMAN,/core/www/modules//consensus/?run_id=110202&search_id=114132&scans_id=110198&peptide_id=26083&scanf=34052&charge=2&value=sp|Q9BUP0|EFHD1_HUMAN,1,/core/www/modules/match_peptides/blast_html4.php?run_id=110202&search_id=114132&scans_id=110198&peptide_id=26083&scanf=34052&charge=2&value=1,R.VFNPYTEFPEFSR.R,/core/www/modules/show_out/show_out_wrapper.php?run_id=110202&search_id=114132&scans_id=110198&peptide_id=26083&scanf=34052&charge=2&value=R.VFNPYTEFPEFSR.R,EFHD1,3.229e+6,2.789,0.008,2.097,0.000
34053,2,"  5.141","  0.568",22/32,/core/www/modules//sdig/index.php?run_id=110202&search_id=114132&scans_id=110198&peptide_id=26084&scanf=34053&charge=2&value=22/32,sp|Q9Y6M1|IF2B2_HUMAN,/core/www/modules//consensus/?run_id=110202&search_id=114132&scans_id=110198&peptide_id=26084&scanf=34053&charge=2&value=sp|Q9Y6M1|IF2B2_HUMAN,1,/core/www/modules/match_peptides/blast_html4.php?run_id=110202&search_id=114132&scans_id=110198&peptide_id=26084&scanf=34053&charge=2&value=1,K.TVNELQNLTSAEVIVPR.D,/core/www/modules/show_out/show_out_wrapper.php?run_id=110202&search_id=114132&scans_id=110198&peptide_id=26084&scanf=34053&charge=2&value=K.TVNELQNLTSAEVIVPR.D,IGF2BP2,7.461e+6,3.580,0.001,3.266,0.000
34055,2,"  4.057","  0.664",15/26,/core/www/modules//sdig/index.php?run_id=110202&search_id=114132&scans_id=110198&peptide_id=26086&scanf=34055&charge=2&value=15/26,sp|Q14008|CKAP5_HUMAN,/core/www/modules//consensus/?run_id=110202&search_id=114132&scans_id=110198&peptide_id=26086&scanf=34055&charge=2&value=sp|Q14008|CKAP5_HUMAN,0,/core/www/modules/match_peptides/blast_html4.php?run_id=110202&search_id=114132&scans_id=110198&peptide_id=26086&scanf=34055&charge=2&value=0,K.NQSETLNWLSNAIK.E,/core/www/modules/show_out/show_out_wrapper.php?run_id=110202&search_id=114132&scans_id=110198&peptide_id=26086&scanf=34055&charge=2&value=K.NQSETLNWLSNAIK.E,CKAP5,4.138e+6,3.674,0.000,3.407,0.000
34056,2,"  3.667","  0.559",15/30,/core/www/modules//sdig/index.php?run_id=110202&search_id=114132&scans_id=110198&peptide_id=26087&scanf=34056&charge=2&value=15/30,sp|Q92797|SYMPK_HUMAN,/core/www/modules//consensus/?run_id=110202&search_id=114132&scans_id=110198&peptide_id=26087&scanf=34056&charge=2&value=sp|Q92797|SYMPK_HUMAN,5,/core/www/modules/match_peptides/blast_html4.php?run_id=110202&search_id=114132&scans_id=110198&peptide_id=26087&scanf=34056&charge=2&value=5,R.VVDLLNQAALITNDSK.I,/core/www/modules/show_out/show_out_wrapper.php?run_id=110202&search_id=114132&scans_id=110198&peptide_id=26087&scanf=34056&charge=2&value=R.VVDLLNQAALITNDSK.I,SYMPK,6.306e+6,3.280,0.002,2.823,0.000
34059,2,"  1.758","  0.237",7/16,/core/www/modules//sdig/index.php?run_id=110202&search_id=114132&scans_id=110198&peptide_id=26090&scanf=34059&charge=2&value=7/16,sp|Q8IV63|VRK3_HUMAN,/core/www/modules//consensus/?run_id=110202&search_id=114132&scans_id=110198&peptide_id=26090&scanf=34059&charge=2&value=sp|Q8IV63|VRK3_HUMAN,2,/core/www/modules/match_peptides/blast_html4.php?run_id=110202&search_id=114132&scans_id=110198&peptide_id=26090&scanf=34059&charge=2&value=2,R.FLVLPSLGR.S,/core/www/modules/show_out/show_out_wrapper.php?run_id=110202&search_id=114132&scans_id=110198&peptide_id=26090&scanf=34059&charge=2&value=R.FLVLPSLGR.S,VRK3,2.196e+6,2.126,0.072,1.143,0.002
34062,2,"  3.475","  0.661",15/22,/core/www/modules//sdig/index.php?run_id=110202&search_id=114132&scans_id=110198&peptide_id=26093&scanf=34062&charge=2&value=15/22,sp|P62308|RUXG_HUMAN,/core/www/modules//consensus/?run_id=110202&search_id=114132&scans_id=110198&peptide_id=26093&scanf=34062&charge=2&value=sp|P62308|RUXG_HUMAN,3,/core/www/modules/match_peptides/blast_html4.php?run_id=110202&search_id=114132&scans_id=110198&peptide_id=26093&scanf=34062&charge=2&value=3,R.GNSIIMLEALER.V,/core/www/modules/show_out/show_out_wrapper.php?run_id=110202&search_id=114132&scans_id=110198&peptide_id=26093&scanf=34062&charge=2&value=R.GNSIIMLEALER.V,SNRPG,3.586e+7,3.893,0.000,3.730,0.000
34063,3,"  2.589","  0.372",15/68,/core/www/modules//sdig/index.php?run_id=110202&search_id=114132&scans_id=110198&peptide_id=26094&scanf=34063&charge=3&value=15/68,sp|P21333|FLNA_HUMAN,/core/www/modules//consensus/?run_id=110202&search_id=114132&scans_id=110198&peptide_id=26094&scanf=34063&charge=3&value=sp|P21333|FLNA_HUMAN,2,/core/www/modules/match_peptides/blast_html4.php?run_id=110202&search_id=114132&scans_id=110198&peptide_id=26094&scanf=34063&charge=3&value=2,K.HTAMVSWGGVSIPNSPFR.V,/core/www/modules/show_out/show_out_wrapper.php?run_id=110202&search_id=114132&scans_id=110198&peptide_id=26094&scanf=34063&charge=3&value=K.HTAMVSWGGVSIPNSPFR.V,FLNA,5.796e+7,2.473,0.023,1.634,0.001
34065,3,"  7.501","  0.647",24/88,/core/www/modules//sdig/index.php?run_id=110202&search_id=114132&scans_id=110198&peptide_id=26096&scanf=34065&charge=3&value=24/88,sp|Q92797|SYMPK_HUMAN,/core/www/modules//consensus/?run_id=110202&search_id=114132&scans_id=110198&peptide_id=26096&scanf=34065&charge=3&value=sp|Q92797|SYMPK_HUMAN,0,/core/www/modules/match_peptides/blast_html4.php?run_id=110202&search_id=114132&scans_id=110198&peptide_id=26096&scanf=34065&charge=3&value=0,R.SFTPHQQAHIPNSIMTILEASGK.Q,/core/www/modules/show_out/show_out_wrapper.php?run_id=110202&search_id=114132&scans_id=110198&peptide_id=26096&scanf=34065&charge=3&value=R.SFTPHQQAHIPNSIMTILEASGK.Q,SYMPK,3.618e+6,3.596,0.001,3.290,0.000
34069,2,"  2.346","  0.452",12/26,/core/www/modules//sdig/index.php?run_id=110202&search_id=114132&scans_id=110198&peptide_id=26100&scanf=34069&charge=2&value=12/26,sp|Q8WVM8|SCFD1_HUMAN,/core/www/modules//consensus/?run_id=110202&search_id=114132&scans_id=110198&peptide_id=26100&scanf=34069&charge=2&value=sp|Q8WVM8|SCFD1_HUMAN,18,/core/www/modules/match_peptides/blast_html4.php?run_id=110202&search_id=114132&scans_id=110198&peptide_id=26100&scanf=34069&charge=2&value=18,K.LTSAVSSLPELLEK.K,/core/www/modules/show_out/show_out_wrapper.php?run_id=110202&search_id=114132&scans_id=110198&peptide_id=26100&scanf=34069&charge=2&value=K.LTSAVSSLPELLEK.K,SCFD1,5.461e+6,2.738,0.010,2.021,0.000
34070,3,"  3.889","  0.575",18/48,/core/www/modules//sdig/index.php?run_id=110202&search_id=114132&scans_id=110198&peptide_id=26102&scanf=34070&charge=3&value=18/48,sp|Q15149|PLEC_HUMAN,/core/www/modules//consensus/?run_id=110202&search_id=114132&scans_id=110198&peptide_id=26102&scanf=34070&charge=3&value=sp|Q15149|PLEC_HUMAN,5,/core/www/modules/match_peptides/blast_html4.php?run_id=110202&search_id=114132&scans_id=110198&peptide_id=26102&scanf=34070&charge=3&value=5,R.LGFHLPLEVAYQR.G,/core/www/modules/show_out/show_out_wrapper.php?run_id=110202&search_id=114132&scans_id=110198&peptide_id=26102&scanf=34070&charge=3&value=R.LGFHLPLEVAYQR.G,PLEC,1.649e+7,4.165,0.000,4.134,0.000
34072,2,"  5.604","  0.787",26/32,/core/www/modules//sdig/index.php?run_id=110202&search_id=114132&scans_id=110198&peptide_id=26104&scanf=34072&charge=2&value=26/32,sp|P07237|PDIA1_HUMAN,/core/www/modules//consensus/?run_id=110202&search_id=114132&scans_id=110198&peptide_id=26104&scanf=34072&charge=2&value=sp|P07237|PDIA1_HUMAN,14,/core/www/modules/match_peptides/blast_html4.php?run_id=110202&search_id=114132&scans_id=110198&peptide_id=26104&scanf=34072&charge=2&value=14,K.HNQLPLVIEFTEQTAPK.I,/core/www/modules/show_out/show_out_wrapper.php?run_id=110202&search_id=114132&scans_id=110198&peptide_id=26104&scanf=34072&charge=2&value=K.HNQLPLVIEFTEQTAPK.I,P4HB,3.539e+6,4.535,0.000,4.683,0.000
34073,2,"  2.112","  0.200",11/24,/core/www/modules//sdig/index.php?run_id=110202&search_id=114132&scans_id=110198&peptide_id=26105&scanf=34073&charge=2&value=11/24,sp|Q9BUP0|EFHD1_HUMAN,/core/www/modules//consensus/?run_id=110202&search_id=114132&scans_id=110198&peptide_id=26105&scanf=34073&charge=2&value=sp|Q9BUP0|EFHD1_HUMAN,1,/core/www/modules/match_peptides/blast_html4.php?run_id=110202&search_id=114132&scans_id=110198&peptide_id=26105&scanf=34073&charge=2&value=1,R.VFNPYTEFPEFSR.R,/core/www/modules/show_out/show_out_wrapper.php?run_id=110202&search_id=114132&scans_id=110198&peptide_id=26105&scanf=34073&charge=2&value=R.VFNPYTEFPEFSR.R,EFHD1,3.229e+6,1.869,0.157,0.803,0.008
34075,3,"  1.752","  0.158",11/32,/core/www/modules//sdig/index.php?run_id=110202&search_id=114132&scans_id=110198&peptide_id=26107&scanf=34075&charge=3&value=11/32,sp|Q93009|UBP7_HUMAN,/core/www/modules//consensus/?run_id=110202&search_id=114132&scans_id=110198&peptide_id=26107&scanf=34075&charge=3&value=sp|Q93009|UBP7_HUMAN,2,/core/www/modules/match_peptides/blast_html4.php?run_id=110202&search_id=114132&scans_id=110198&peptide_id=26107&scanf=34075&charge=3&value=2,R.DLLQFFKPR.Q,/core/www/modules/show_out/show_out_wrapper.php?run_id=110202&search_id=114132&scans_id=110198&peptide_id=26107&scanf=34075&charge=3&value=R.DLLQFFKPR.Q,USP7,1.097e+7,2.263,0.046,1.334,0.002
34077,2,"  3.951","  0.392",16/32,/core/www/modules//sdig/index.php?run_id=110202&search_id=114132&scans_id=110198&peptide_id=26109&scanf=34077&charge=2&value=16/32,sp|P78316|NOP14_HUMAN,/core/www/modules//consensus/?run_id=110202&search_id=114132&scans_id=110198&peptide_id=26109&scanf=34077&charge=2&value=sp|P78316|NOP14_HUMAN,1,/core/www/modules/match_peptides/blast_html4.php?run_id=110202&search_id=114132&scans_id=110198&peptide_id=26109&scanf=34077&charge=2&value=1,R.DELPYTFAAPESYEELR.S,/core/www/modules/show_out/show_out_wrapper.php?run_id=110202&search_id=114132&scans_id=110198&peptide_id=26109&scanf=34077&charge=2&value=R.DELPYTFAAPESYEELR.S,NOP14,2.994e+6,2.518,0.020,1.701,0.000
34079,2,"  2.024","  0.361",10/14,/core/www/modules//sdig/index.php?run_id=110202&search_id=114132&scans_id=110198&peptide_id=26111&scanf=34079&charge=2&value=10/14,sp|Q13042|CDC16_HUMAN,/core/www/modules//consensus/?run_id=110202&search_id=114132&scans_id=110198&peptide_id=26111&scanf=34079&charge=2&value=sp|Q13042|CDC16_HUMAN,2,/core/www/modules/match_peptides/blast_html4.php?run_id=110202&search_id=114132&scans_id=110198&peptide_id=26111&scanf=34079&charge=2&value=2,K.WFLDALEK.I,/core/www/modules/show_out/show_out_wrapper.php?run_id=110202&search_id=114132&scans_id=110198&peptide_id=26111&scanf=34079&charge=2&value=K.WFLDALEK.I,CDC16,2.713e+6,2.948,0.005,2.332,0.000
34084,3,"  4.774","  0.642",20/76,/core/www/modules//sdig/index.php?run_id=110202&search_id=114132&scans_id=110198&peptide_id=26116&scanf=34084&charge=3&value=20/76,sp|Q9NYL9|TMOD3_HUMAN,/core/www/modules//consensus/?run_id=110202&search_id=114132&scans_id=110198&peptide_id=26116&scanf=34084&charge=3&value=sp|Q9NYL9|TMOD3_HUMAN,2,/core/www/modules/match_peptides/blast_html4.php?run_id=110202&search_id=114132&scans_id=110198&peptide_id=26116&scanf=34084&charge=3&value=2,K.ILPVFDEPPNPTNVEESLKR.T,/core/www/modules/show_out/show_out_wrapper.php?run_id=110202&search_id=114132&scans_id=110198&peptide_id=26116&scanf=34084&charge=3&value=K.ILPVFDEPPNPTNVEESLKR.T,TMOD3,4.336e+6,3.200,0.002,2.704,0.000
34089,2,"  3.610","  0.618",20/34,/core/www/modules//sdig/index.php?run_id=110202&search_id=114132&scans_id=110198&peptide_id=26121&scanf=34089&charge=2&value=20/34,sp|Q9Y265|RUVB1_HUMAN,/core/www/modules//consensus/?run_id=110202&search_id=114132&scans_id=110198&peptide_id=26121&scanf=34089&charge=2&value=sp|Q9Y265|RUVB1_HUMAN,3,/core/www/modules/match_peptides/blast_html4.php?run_id=110202&search_id=114132&scans_id=110198&peptide_id=26121&scanf=34089&charge=2&value=3,R.GTEDITSPHGIPLDLLDR.V,/core/www/modules/show_out/show_out_wrapper.php?run_id=110202&search_id=114132&scans_id=110198&peptide_id=26121&scanf=34089&charge=2&value=R.GTEDITSPHGIPLDLLDR.V,RUVBL1,3.252e+6,3.398,0.001,2.998,0.000
34091,2,"  3.153","  0.663",10/20,/core/www/modules//sdig/index.php?run_id=110202&search_id=114132&scans_id=110198&peptide_id=26124&scanf=34091&charge=2&value=10/20,sp|O94874|UFL1_HUMAN,/core/www/modules//consensus/?run_id=110202&search_id=114132&scans_id=110198&peptide_id=26124&scanf=34091&charge=2&value=sp|O94874|UFL1_HUMAN,0,/core/www/modules/match_peptides/blast_html4.php?run_id=110202&search_id=114132&scans_id=110198&peptide_id=26124&scanf=34091&charge=2&value=0,R.TQSTWVDSFFR.Q,/core/www/modules/show_out/show_out_wrapper.php?run_id=110202&search_id=114132&scans_id=110198&peptide_id=26124&scanf=34091&charge=2&value=R.TQSTWVDSFFR.Q,UFL1,4.803e+6,3.680,0.000,3.415,0.000
34092,2,"  3.255","  0.570",11/22,/core/www/modules//sdig/index.php?run_id=110202&search_id=114132&scans_id=110198&peptide_id=26125&scanf=34092&charge=2&value=11/22,sp|Q15149|PLEC_HUMAN,/core/www/modules//consensus/?run_id=110202&search_id=114132&scans_id=110198&peptide_id=26125&scanf=34092&charge=2&value=sp|Q15149|PLEC_HUMAN,5,/core/www/modules/match_peptides/blast_html4.php?run_id=110202&search_id=114132&scans_id=110198&peptide_id=26125&scanf=34092&charge=2&value=5,K.LQNVQIALDYLR.H,/core/www/modules/show_out/show_out_wrapper.php?run_id=110202&search_id=114132&scans_id=110198&peptide_id=26125&scanf=34092&charge=2&value=K.LQNVQIALDYLR.H,PLEC,1.343e+7,3.828,0.000,3.635,0.000
34093,2,"  4.744","  0.639",18/30,/core/www/modules//sdig/index.php?run_id=110202&search_id=114132&scans_id=110198&peptide_id=26126&scanf=34093&charge=2&value=18/30,sp|Q92797|SYMPK_HUMAN,/core/www/modules//consensus/?run_id=110202&search_id=114132&scans_id=110198&peptide_id=26126&scanf=34093&charge=2&value=sp|Q92797|SYMPK_HUMAN,5,/core/www/modules/match_peptides/blast_html4.php?run_id=110202&search_id=114132&scans_id=110198&peptide_id=26126&scanf=34093&charge=2&value=5,R.VVDLLNQAALITNDSK.I,/core/www/modules/show_out/show_out_wrapper.php?run_id=110202&search_id=114132&scans_id=110198&peptide_id=26126&scanf=34093&charge=2&value=R.VVDLLNQAALITNDSK.I,SYMPK,6.306e+6,3.718,0.000,3.472,0.000
34094,2,"  3.206","  0.569",12/20,/core/www/modules//sdig/index.php?run_id=110202&search_id=114132&scans_id=110198&peptide_id=26127&scanf=34094&charge=2&value=12/20,sp|O43776|SYNC_HUMAN,/core/www/modules//consensus/?run_id=110202&search_id=114132&scans_id=110198&peptide_id=26127&scanf=34094&charge=2&value=sp|O43776|SYNC_HUMAN,0,/core/www/modules/match_peptides/blast_html4.php?run_id=110202&search_id=114132&scans_id=110198&peptide_id=26127&scanf=34094&charge=2&value=0,R.MNYSDAIVWLK.E,/core/www/modules/show_out/show_out_wrapper.php?run_id=110202&search_id=114132&scans_id=110198&peptide_id=26127&scanf=34094&charge=2&value=R.MNYSDAIVWLK.E,NARS1,4.068e+6,3.452,0.001,3.077,0.000
34098,2,"  3.784","  0.453",19/26,/core/www/modules//sdig/index.php?run_id=110202&search_id=114132&scans_id=110198&peptide_id=26131&scanf=34098&charge=2&value=19/26,sp|Q9NX58|LYAR_HUMAN,/core/www/modules//consensus/?run_id=110202&search_id=114132&scans_id=110198&peptide_id=26131&scanf=34098&charge=2&value=sp|Q9NX58|LYAR_HUMAN,0,/core/www/modules/match_peptides/blast_html4.php?run_id=110202&search_id=114132&scans_id=110198&peptide_id=26131&scanf=34098&charge=2&value=0,R.ELLEQISAFDNVPR.K,/core/www/modules/show_out/show_out_wrapper.php?run_id=110202&search_id=114132&scans_id=110198&peptide_id=26131&scanf=34098&charge=2&value=R.ELLEQISAFDNVPR.K,LYAR,3.412e+7,3.272,0.002,2.810,0.000
34099,3,"  3.346","  0.411",14/52,/core/www/modules//sdig/index.php?run_id=110202&search_id=114132&scans_id=110198&peptide_id=26132&scanf=34099&charge=3&value=14/52,sp|Q14204|DYHC1_HUMAN,/core/www/modules//consensus/?run_id=110202&search_id=114132&scans_id=110198&peptide_id=26132&scanf=34099&charge=3&value=sp|Q14204|DYHC1_HUMAN,10,/core/www/modules/match_peptides/blast_html4.php?run_id=110202&search_id=114132&scans_id=110198&peptide_id=26132&scanf=34099&charge=3&value=10,K.NVHLAPGWLMQLEK.K,/core/www/modules/show_out/show_out_wrapper.php?run_id=110202&search_id=114132&scans_id=110198&peptide_id=26132&scanf=34099&charge=3&value=K.NVHLAPGWLMQLEK.K,DYNC1H1,3.472e+6,3.157,0.002,2.640,0.000
34102,3,"  2.366","  0.269",12/72,/core/www/modules//sdig/index.php?run_id=110202&search_id=114132&scans_id=110198&peptide_id=26136&scanf=34102&charge=3&value=12/72,sp|P21333|FLNA_HUMAN,/core/www/modules//consensus/?run_id=110202&search_id=114132&scans_id=110198&peptide_id=26136&scanf=34102&charge=3&value=sp|P21333|FLNA_HUMAN,2,/core/www/modules/match_peptides/blast_html4.php?run_id=110202&search_id=114132&scans_id=110198&peptide_id=26136&scanf=34102&charge=3&value=2,K.IPEISIQDMTAQVTSPSGK.T,/core/www/modules/show_out/show_out_wrapper.php?run_id=110202&search_id=114132&scans_id=110198&peptide_id=26136&scanf=34102&charge=3&value=K.IPEISIQDMTAQVTSPSGK.T,FLNA,2.347e+6,2.190,0.059,1.232,0.002
34105,3,"  5.494","  0.678",22/60,/core/www/modules//sdig/index.php?run_id=110202&search_id=114132&scans_id=110198&peptide_id=26138&scanf=34105&charge=3&value=22/60,sp|P14866|HNRPL_HUMAN,/core/www/modules//consensus/?run_id=110202&search_id=114132&scans_id=110198&peptide_id=26138&scanf=34105&charge=3&value=sp|P14866|HNRPL_HUMAN,4,/core/www/modules/match_peptides/blast_html4.php?run_id=110202&search_id=114132&scans_id=110198&peptide_id=26138&scanf=34105&charge=3&value=4,K.SDALETLGFLNHYQMK.N,/core/www/modules/show_out/show_out_wrapper.php?run_id=110202&search_id=114132&scans_id=110198&peptide_id=26138&scanf=34105&charge=3&value=K.SDALETLGFLNHYQMK.N,HNRNPL,2.245e+8,4.101,0.000,4.039,0.000
34108,3,"  4.354","  0.593",18/72,/core/www/modules//sdig/index.php?run_id=110202&search_id=114132&scans_id=110198&peptide_id=26141&scanf=34108&charge=3&value=18/72,sp|Q14669|TRIPC_HUMAN,/core/www/modules//consensus/?run_id=110202&search_id=114132&scans_id=110198&peptide_id=26141&scanf=34108&charge=3&value=sp|Q14669|TRIPC_HUMAN,3,/core/www/modules/match_peptides/blast_html4.php?run_id=110202&search_id=114132&scans_id=110198&peptide_id=26141&scanf=34108&charge=3&value=3,R.QETSLTSHDLFDIDPVVAR.S,/core/www/modules/show_out/show_out_wrapper.php?run_id=110202&search_id=114132&scans_id=110198&peptide_id=26141&scanf=34108&charge=3&value=R.QETSLTSHDLFDIDPVVAR.S,TRIP12,8.711e+6,3.437,0.001,3.055,0.000
34118,2,"  2.174","  0.181",9/18,/core/www/modules//sdig/index.php?run_id=110202&search_id=114132&scans_id=110198&peptide_id=26151&scanf=34118&charge=2&value=9/18,sp|Q99459|CDC5L_HUMAN,/core/www/modules//consensus/?run_id=110202&search_id=114132&scans_id=110198&peptide_id=26151&scanf=34118&charge=2&value=sp|Q99459|CDC5L_HUMAN,0,/core/www/modules/match_peptides/blast_html4.php?run_id=110202&search_id=114132&scans_id=110198&peptide_id=26151&scanf=34118&charge=2&value=0,R.WYEWLDPSIK.K,/core/www/modules/show_out/show_out_wrapper.php?run_id=110202&search_id=114132&scans_id=110198&peptide_id=26151&scanf=34118&charge=2&value=R.WYEWLDPSIK.K,CDC5L,2.440e+6,2.039,0.094,1.025,0.004
34120,3,"  4.859","  0.600",16/108,/core/www/modules//sdig/index.php?run_id=110202&search_id=114132&scans_id=110198&peptide_id=26154&scanf=34120&charge=3&value=16/108,sp|Q9NQC3|RTN4_HUMAN,/core/www/modules//consensus/?run_id=110202&search_id=114132&scans_id=110198&peptide_id=26154&scanf=34120&charge=3&value=sp|Q9NQC3|RTN4_HUMAN,0,/core/www/modules/match_peptides/blast_html4.php?run_id=110202&search_id=114132&scans_id=110198&peptide_id=26154&scanf=34120&charge=3&value=0,R.QPSWDPSPVSSTVPAPSPLSAAAVSPSK.L,/core/www/modules/show_out/show_out_wrapper.php?run_id=110202&search_id=114132&scans_id=110198&peptide_id=26154&scanf=34120&charge=3&value=R.QPSWDPSPVSSTVPAPSPLSAAAVSPSK.L,RTN4,1.423e+7,2.922,0.005,2.293,0.000
34121,2,"  2.078","  0.052",9/14,/core/www/modules//sdig/index.php?run_id=110202&search_id=114132&scans_id=110198&peptide_id=26155&scanf=34121&charge=2&value=9/14,sp|Q9UKJ5|CHIC2_HUMAN,/core/www/modules//consensus/?run_id=110202&search_id=114132&scans_id=110198&peptide_id=26155&scanf=34121&charge=2&value=sp|Q9UKJ5|CHIC2_HUMAN,2,/core/www/modules/match_peptides/blast_html4.php?run_id=110202&search_id=114132&scans_id=110198&peptide_id=26155&scanf=34121&charge=2&value=2,R.ALEEQLLK.Y,/core/www/modules/show_out/show_out_wrapper.php?run_id=110202&search_id=114132&scans_id=110198&peptide_id=26155&scanf=34121&charge=2&value=R.ALEEQLLK.Y,CHIC2,3.854e+6,1.887,0.149,0.826,0.007
34123,3,"  4.054","  0.514",15/60,/core/www/modules//sdig/index.php?run_id=110202&search_id=114132&scans_id=110198&peptide_id=26157&scanf=34123&charge=3&value=15/60,sp|Q12768|WASC5_HUMAN,/core/www/modules//consensus/?run_id=110202&search_id=114132&scans_id=110198&peptide_id=26157&scanf=34123&charge=3&value=sp|Q12768|WASC5_HUMAN,1,/core/www/modules/match_peptides/blast_html4.php?run_id=110202&search_id=114132&scans_id=110198&peptide_id=26157&scanf=34123&charge=3&value=1,R.MTELADVFSGVKPLTR.V,/core/www/modules/show_out/show_out_wrapper.php?run_id=110202&search_id=114132&scans_id=110198&peptide_id=26157&scanf=34123&charge=3&value=R.MTELADVFSGVKPLTR.V,WASHC5,4.306e+6,3.119,0.003,2.584,0.000
34125,2,"  3.543","  0.716",19/26,/core/www/modules//sdig/index.php?run_id=110202&search_id=114132&scans_id=110198&peptide_id=26158&scanf=34125&charge=2&value=19/26,sp|P04350|TBB4A_HUMAN,/core/www/modules//consensus/?run_id=110202&search_id=114132&scans_id=110198&peptide_id=26158&scanf=34125&charge=2&value=sp|P04350|TBB4A_HUMAN,10,/core/www/modules/match_peptides/blast_html4.php?run_id=110202&search_id=114132&scans_id=110198&peptide_id=26158&scanf=34125&charge=2&value=10,K.NSSYFVEWIPNNVK.T,/core/www/modules/show_out/show_out_wrapper.php?run_id=110202&search_id=114132&scans_id=110198&peptide_id=26158&scanf=34125&charge=2&value=K.NSSYFVEWIPNNVK.T,TUBB4A,3.665e+7,4.101,0.000,4.039,0.000
34126,3,"  5.149","  0.673",19/72,/core/www/modules//sdig/index.php?run_id=110202&search_id=114132&scans_id=110198&peptide_id=26159&scanf=34126&charge=3&value=19/72,sp|P62316|SMD2_HUMAN,/core/www/modules//consensus/?run_id=110202&search_id=114132&scans_id=110198&peptide_id=26159&scanf=34126&charge=3&value=sp|P62316|SMD2_HUMAN,1,/core/www/modules/match_peptides/blast_html4.php?run_id=110202&search_id=114132&scans_id=110198&peptide_id=26159&scanf=34126&charge=3&value=1,K.REEEEFNTGPLSVLTQSVK.N,/core/www/modules/show_out/show_out_wrapper.php?run_id=110202&search_id=114132&scans_id=110198&peptide_id=26159&scanf=34126&charge=3&value=K.REEEEFNTGPLSVLTQSVK.N,SNRPD2,2.372e+7,3.358,0.001,2.938,0.000
34127,3,"  2.739","  0.343",14/52,/core/www/modules//sdig/index.php?run_id=110202&search_id=114132&scans_id=110198&peptide_id=26160&scanf=34127&charge=3&value=14/52,sp|O43159|RRP8_HUMAN,/core/www/modules//consensus/?run_id=110202&search_id=114132&scans_id=110198&peptide_id=26160&scanf=34127&charge=3&value=sp|O43159|RRP8_HUMAN,1,/core/www/modules/match_peptides/blast_html4.php?run_id=110202&search_id=114132&scans_id=110198&peptide_id=26160&scanf=34127&charge=3&value=1,R.LFQEDPEAFLLYHR.G,/core/www/modules/show_out/show_out_wrapper.php?run_id=110202&search_id=114132&scans_id=110198&peptide_id=26160&scanf=34127&charge=3&value=R.LFQEDPEAFLLYHR.G,RRP8,1.597e+7,2.611,0.015,1.836,0.000
34131,2,"  2.658","  0.512",12/20,/core/www/modules//sdig/index.php?run_id=110202&search_id=114132&scans_id=110198&peptide_id=26165&scanf=34131&charge=2&value=12/20,sp|Q9Y5J1|UTP18_HUMAN,/core/www/modules//consensus/?run_id=110202&search_id=114132&scans_id=110198&peptide_id=26165&scanf=34131&charge=2&value=sp|Q9Y5J1|UTP18_HUMAN,1,/core/www/modules/match_peptides/blast_html4.php?run_id=110202&search_id=114132&scans_id=110198&peptide_id=26165&scanf=34131&charge=2&value=1,K.VLYVYDMLAGK.L,/core/www/modules/show_out/show_out_wrapper.php?run_id=110202&search_id=114132&scans_id=110198&peptide_id=26165&scanf=34131&charge=2&value=K.VLYVYDMLAGK.L,UTP18,7.697e+6,3.282,0.001,2.825,0.000
34133,3,"  3.358","  0.444",14/60,/core/www/modules//sdig/index.php?run_id=110202&search_id=114132&scans_id=110198&peptide_id=26167&scanf=34133&charge=3&value=14/60,sp|O75643|U520_HUMAN,/core/www/modules//consensus/?run_id=110202&search_id=114132&scans_id=110198&peptide_id=26167&scanf=34133&charge=3&value=sp|O75643|U520_HUMAN,0,/core/www/modules/match_peptides/blast_html4.php?run_id=110202&search_id=114132&scans_id=110198&peptide_id=26167&scanf=34133&charge=3&value=0,R.NALLQLTDSQIADVAR.F,/core/www/modules/show_out/show_out_wrapper.php?run_id=110202&search_id=114132&scans_id=110198&peptide_id=26167&scanf=34133&charge=3&value=R.NALLQLTDSQIADVAR.F,SNRNP200,2.270e+7,3.066,0.003,2.506,0.000
34134,3,"  3.933","  0.502",13/72,/core/www/modules//sdig/index.php?run_id=110202&search_id=114132&scans_id=110198&peptide_id=26168&scanf=34134&charge=3&value=13/72,sp|Q01831|XPC_HUMAN,/core/www/modules//consensus/?run_id=110202&search_id=114132&scans_id=110198&peptide_id=26168&scanf=34134&charge=3&value=sp|Q01831|XPC_HUMAN,1,/core/www/modules/match_peptides/blast_html4.php?run_id=110202&search_id=114132&scans_id=110198&peptide_id=26168&scanf=34134&charge=3&value=1,R.SLLPVKPVEIEIETPEQAK.T,/core/www/modules/show_out/show_out_wrapper.php?run_id=110202&search_id=114132&scans_id=110198&peptide_id=26168&scanf=34134&charge=3&value=R.SLLPVKPVEIEIETPEQAK.T,XPC,3.495e+6,2.894,0.006,2.251,0.000
34137,3,"  3.503","  0.518",16/52,/core/www/modules//sdig/index.php?run_id=110202&search_id=114132&scans_id=110198&peptide_id=26171&scanf=34137&charge=3&value=16/52,sp|Q13362|2A5G_HUMAN,/core/www/modules//consensus/?run_id=110202&search_id=114132&scans_id=110198&peptide_id=26171&scanf=34137&charge=3&value=sp|Q13362|2A5G_HUMAN,3,/core/www/modules/match_peptides/blast_html4.php?run_id=110202&search_id=114132&scans_id=110198&peptide_id=26171&scanf=34137&charge=3&value=3,R.AALSEMVEYITHNR.N,/core/www/modules/show_out/show_out_wrapper.php?run_id=110202&search_id=114132&scans_id=110198&peptide_id=26171&scanf=34137&charge=3&value=R.AALSEMVEYITHNR.N,PPP2R5C,3.770e+6,3.268,0.002,2.804,0.000
34140,3,"  2.388","  0.377",12/80,/core/www/modules//sdig/index.php?run_id=110202&search_id=114132&scans_id=110198&peptide_id=26175&scanf=34140&charge=3&value=12/80,sp|O94906|PRP6_HUMAN,/core/www/modules//consensus/?run_id=110202&search_id=114132&scans_id=110198&peptide_id=26175&scanf=34140&charge=3&value=sp|O94906|PRP6_HUMAN,0,/core/www/modules/match_peptides/blast_html4.php?run_id=110202&search_id=114132&scans_id=110198&peptide_id=26175&scanf=34140&charge=3&value=0,K.GYLTDLNSMIPTHGGDINDIK.K,/core/www/modules/show_out/show_out_wrapper.php?run_id=110202&search_id=114132&scans_id=110198&peptide_id=26175&scanf=34140&charge=3&value=K.GYLTDLNSMIPTHGGDINDIK.K,PRPF6,2.855e+6,2.404,0.029,1.535,0.001
34143,2,"  2.361","  0.127",12/22,/core/www/modules//sdig/index.php?run_id=110202&search_id=114132&scans_id=110198&peptide_id=26178&scanf=34143&charge=2&value=12/22,sp|Q13813|SPTN1_HUMAN,/core/www/modules//consensus/?run_id=110202&search_id=114132&scans_id=110198&peptide_id=26178&scanf=34143&charge=2&value=sp|Q13813|SPTN1_HUMAN,2,/core/www/modules/match_peptides/blast_html4.php?run_id=110202&search_id=114132&scans_id=110198&peptide_id=26178&scanf=34143&charge=2&value=2,R.DVDEIEAWISEK.L,/core/www/modules/show_out/show_out_wrapper.php?run_id=110202&search_id=114132&scans_id=110198&peptide_id=26178&scanf=34143&charge=2&value=R.DVDEIEAWISEK.L,SPTAN1,4.242e+6,2.045,0.093,1.033,0.004
34146,2,"  2.173","  0.523",10/16,/core/www/modules//sdig/index.php?run_id=110202&search_id=114132&scans_id=110198&peptide_id=26180&scanf=34146&charge=2&value=10/16,sp|P78527|PRKDC_HUMAN,/core/www/modules//consensus/?run_id=110202&search_id=114132&scans_id=110198&peptide_id=26180&scanf=34146&charge=2&value=sp|P78527|PRKDC_HUMAN,0,/core/www/modules/match_peptides/blast_html4.php?run_id=110202&search_id=114132&scans_id=110198&peptide_id=26180&scanf=34146&charge=2&value=0,K.MAVLALLAK.I,/core/www/modules/show_out/show_out_wrapper.php?run_id=110202&search_id=114132&scans_id=110198&peptide_id=26180&scanf=34146&charge=2&value=K.MAVLALLAK.I,PRKDC,1.314e+8,4.210,0.000,4.201,0.000
34147,3,"  2.068","  0.398",14/60,/core/www/modules//sdig/index.php?run_id=110202&search_id=114132&scans_id=110198&peptide_id=26181&scanf=34147&charge=3&value=14/60,sp|Q92797|SYMPK_HUMAN,/core/www/modules//consensus/?run_id=110202&search_id=114132&scans_id=110198&peptide_id=26181&scanf=34147&charge=3&value=sp|Q92797|SYMPK_HUMAN,5,/core/www/modules/match_peptides/blast_html4.php?run_id=110202&search_id=114132&scans_id=110198&peptide_id=26181&scanf=34147&charge=3&value=5,R.VVDLLNQAALITNDSK.I,/core/www/modules/show_out/show_out_wrapper.php?run_id=110202&search_id=114132&scans_id=110198&peptide_id=26181&scanf=34147&charge=3&value=R.VVDLLNQAALITNDSK.I,SYMPK,5.992e+6,2.659,0.012,1.906,0.000
34148,3,"  3.144","  0.560",18/52,/core/www/modules//sdig/index.php?run_id=110202&search_id=114132&scans_id=110198&peptide_id=26182&scanf=34148&charge=3&value=18/52,sp|Q9NX58|LYAR_HUMAN,/core/www/modules//consensus/?run_id=110202&search_id=114132&scans_id=110198&peptide_id=26182&scanf=34148&charge=3&value=sp|Q9NX58|LYAR_HUMAN,0,/core/www/modules/match_peptides/blast_html4.php?run_id=110202&search_id=114132&scans_id=110198&peptide_id=26182&scanf=34148&charge=3&value=0,R.ELLEQISAFDNVPR.K,/core/www/modules/show_out/show_out_wrapper.php?run_id=110202&search_id=114132&scans_id=110198&peptide_id=26182&scanf=34148&charge=3&value=R.ELLEQISAFDNVPR.K,LYAR,2.369e+7,3.493,0.001,3.138,0.000
34149,2,"  2.593","  0.527",13/24,/core/www/modules//sdig/index.php?run_id=110202&search_id=114132&scans_id=110198&peptide_id=26183&scanf=34149&charge=2&value=13/24,sp|P38919|IF4A3_HUMAN,/core/www/modules//consensus/?run_id=110202&search_id=114132&scans_id=110198&peptide_id=26183&scanf=34149&charge=2&value=sp|P38919|IF4A3_HUMAN,1,/core/www/modules/match_peptides/blast_html4.php?run_id=110202&search_id=114132&scans_id=110198&peptide_id=26183&scanf=34149&charge=2&value=1,K.MLVLDEADEMLNK.G,/core/www/modules/show_out/show_out_wrapper.php?run_id=110202&search_id=114132&scans_id=110198&peptide_id=26183&scanf=34149&charge=2&value=K.MLVLDEADEMLNK.G,EIF4A3,9.252e+7,3.232,0.002,2.752,0.000
34154,2,"  1.799","  0.316",9/16,/core/www/modules//sdig/index.php?run_id=110202&search_id=114132&scans_id=110198&peptide_id=26189&scanf=34154&charge=2&value=9/16,sp|Q9P2J5|SYLC_HUMAN,/core/www/modules//consensus/?run_id=110202&search_id=114132&scans_id=110198&peptide_id=26189&scanf=34154&charge=2&value=sp|Q9P2J5|SYLC_HUMAN,8,/core/www/modules/match_peptides/blast_html4.php?run_id=110202&search_id=114132&scans_id=110198&peptide_id=26189&scanf=34154&charge=2&value=8,K.VMPFVAMIK.E,/core/www/modules/show_out/show_out_wrapper.php?run_id=110202&search_id=114132&scans_id=110198&peptide_id=26189&scanf=34154&charge=2&value=K.VMPFVAMIK.E,LARS1,9.403e+6,2.669,0.012,1.920,0.000
34156,2,"  3.308","  0.637",16/32,/core/www/modules//sdig/index.php?run_id=110202&search_id=114132&scans_id=110198&peptide_id=26191&scanf=34156&charge=2&value=16/32,sp|Q13263|TIF1B_HUMAN,/core/www/modules//consensus/?run_id=110202&search_id=114132&scans_id=110198&peptide_id=26191&scanf=34156&charge=2&value=sp|Q13263|TIF1B_HUMAN,1,/core/www/modules/match_peptides/blast_html4.php?run_id=110202&search_id=114132&scans_id=110198&peptide_id=26191&scanf=34156&charge=2&value=1,K.VFPGSTTEDYNLIVIER.G,/core/www/modules/show_out/show_out_wrapper.php?run_id=110202&search_id=114132&scans_id=110198&peptide_id=26191&scanf=34156&charge=2&value=K.VFPGSTTEDYNLIVIER.G,TRIM28,6.220e+6,3.414,0.001,3.021,0.000
34157,3,"  4.077","  0.417",15/68,/core/www/modules//sdig/index.php?run_id=110202&search_id=114132&scans_id=110198&peptide_id=26192&scanf=34157&charge=3&value=15/68,sp|P46939|UTRN_HUMAN,/core/www/modules//consensus/?run_id=110202&search_id=114132&scans_id=110198&peptide_id=26192&scanf=34157&charge=3&value=sp|P46939|UTRN_HUMAN,0,/core/www/modules/match_peptides/blast_html4.php?run_id=110202&search_id=114132&scans_id=110198&peptide_id=26192&scanf=34157&charge=3&value=0,K.WIQEAETTVNVLVDASHR.E,/core/www/modules/show_out/show_out_wrapper.php?run_id=110202&search_id=114132&scans_id=110198&peptide_id=26192&scanf=34157&charge=3&value=K.WIQEAETTVNVLVDASHR.E,UTRN,3.943e+6,2.738,0.010,2.022,0.000
34159,2,"  1.495","  0.344",7/18,/core/www/modules//sdig/index.php?run_id=110202&search_id=114132&scans_id=110198&peptide_id=26194&scanf=34159&charge=2&value=7/18,sp|P48723|HSP13_HUMAN,/core/www/modules//consensus/?run_id=110202&search_id=114132&scans_id=110198&peptide_id=26194&scanf=34159&charge=2&value=sp|P48723|HSP13_HUMAN,0,/core/www/modules/match_peptides/blast_html4.php?run_id=110202&search_id=114132&scans_id=110198&peptide_id=26194&scanf=34159&charge=2&value=0,K.ILVPIQQVLK.E,/core/www/modules/show_out/show_out_wrapper.php?run_id=110202&search_id=114132&scans_id=110198&peptide_id=26194&scanf=34159&charge=2&value=K.ILVPIQQVLK.E,HSPA13,4.009e+6,2.338,0.036,1.441,0.001
34160,2,"  2.758","  0.467",11/26,/core/www/modules//sdig/index.php?run_id=110202&search_id=114132&scans_id=110198&peptide_id=26196&scanf=34160&charge=2&value=11/26,sp|Q27J81|INF2_HUMAN,/core/www/modules//consensus/?run_id=110202&search_id=114132&scans_id=110198&peptide_id=26196&scanf=34160&charge=2&value=sp|Q27J81|INF2_HUMAN,24,/core/www/modules/match_peptides/blast_html4.php?run_id=110202&search_id=114132&scans_id=110198&peptide_id=26196&scanf=34160&charge=2&value=24,R.LLQMPSVVNYSGLR.K,/core/www/modules/show_out/show_out_wrapper.php?run_id=110202&search_id=114132&scans_id=110198&peptide_id=26196&scanf=34160&charge=2&value=R.LLQMPSVVNYSGLR.K,INF2,2.534e+6,2.750,0.009,2.039,0.000
34161,2,"  4.761","  0.741",20/34,/core/www/modules//sdig/index.php?run_id=110202&search_id=114132&scans_id=110198&peptide_id=26197&scanf=34161&charge=2&value=20/34,sp|P98179|RBM3_HUMAN,/core/www/modules//consensus/?run_id=110202&search_id=114132&scans_id=110198&peptide_id=26197&scanf=34161&charge=2&value=sp|P98179|RBM3_HUMAN,0,/core/www/modules/match_peptides/blast_html4.php?run_id=110202&search_id=114132&scans_id=110198&peptide_id=26197&scanf=34161&charge=2&value=0,R.GFGFITFTNPEHASVAMR.A,/core/www/modules/show_out/show_out_wrapper.php?run_id=110202&search_id=114132&scans_id=110198&peptide_id=26197&scanf=34161&charge=2&value=R.GFGFITFTNPEHASVAMR.A,RBM3,2.748e+6,3.853,0.000,3.672,0.000
34163,2,"  2.090","  0.353",10/18,/core/www/modules//sdig/index.php?run_id=110202&search_id=114132&scans_id=110198&peptide_id=26199&scanf=34163&charge=2&value=10/18,sp|Q96LI5|CNO6L_HUMAN,/core/www/modules//consensus/?run_id=110202&search_id=114132&scans_id=110198&peptide_id=26199&scanf=34163&charge=2&value=sp|Q96LI5|CNO6L_HUMAN,3,/core/www/modules/match_peptides/blast_html4.php?run_id=110202&search_id=114132&scans_id=110198&peptide_id=26199&scanf=34163&charge=2&value=3,R.LFQLQTLGLK.G,/core/www/modules/show_out/show_out_wrapper.php?run_id=110202&search_id=114132&scans_id=110198&peptide_id=26199&scanf=34163&charge=2&value=R.LFQLQTLGLK.G,CNOT6L,1.677e+6,2.625,0.014,1.856,0.000
34171,2,"  2.544","  0.491",11/22,/core/www/modules//sdig/index.php?run_id=110202&search_id=114132&scans_id=110198&peptide_id=26207&scanf=34171&charge=2&value=11/22,sp|P36578|RL4_HUMAN,/core/www/modules//consensus/?run_id=110202&search_id=114132&scans_id=110198&peptide_id=26207&scanf=34171&charge=2&value=sp|P36578|RL4_HUMAN,1,/core/www/modules/match_peptides/blast_html4.php?run_id=110202&search_id=114132&scans_id=110198&peptide_id=26207&scanf=34171&charge=2&value=1,R.NIPGITLLNVSK.L,/core/www/modules/show_out/show_out_wrapper.php?run_id=110202&search_id=114132&scans_id=110198&peptide_id=26207&scanf=34171&charge=2&value=R.NIPGITLLNVSK.L,RPL4,2.217e+8,3.060,0.003,2.497,0.000
34172,3,"  2.188","  0.299",15/64,/core/www/modules//sdig/index.php?run_id=110202&search_id=114132&scans_id=110198&peptide_id=26208&scanf=34172&charge=3&value=15/64,sp|Q15428|SF3A2_HUMAN,/core/www/modules//consensus/?run_id=110202&search_id=114132&scans_id=110198&peptide_id=26208&scanf=34172&charge=3&value=sp|Q15428|SF3A2_HUMAN,1,/core/www/modules/match_peptides/blast_html4.php?run_id=110202&search_id=114132&scans_id=110198&peptide_id=26208&scanf=34172&charge=3&value=1,R.QLALETIDINKDPYFMK.N,/core/www/modules/show_out/show_out_wrapper.php?run_id=110202&search_id=114132&scans_id=110198&peptide_id=26208&scanf=34172&charge=3&value=R.QLALETIDINKDPYFMK.N,SF3A2,6.105e+6,1.953,0.123,0.910,0.006
34173,3,"  4.205","  0.589",18/56,/core/www/modules//sdig/index.php?run_id=110202&search_id=114132&scans_id=110198&peptide_id=26209&scanf=34173&charge=3&value=18/56,sp|Q00341|VIGLN_HUMAN,/core/www/modules//consensus/?run_id=110202&search_id=114132&scans_id=110198&peptide_id=26209&scanf=34173&charge=3&value=sp|Q00341|VIGLN_HUMAN,9,/core/www/modules/match_peptides/blast_html4.php?run_id=110202&search_id=114132&scans_id=110198&peptide_id=26209&scanf=34173&charge=3&value=9,K.ASVITQVFHVPLEER.K,/core/www/modules/show_out/show_out_wrapper.php?run_id=110202&search_id=114132&scans_id=110198&peptide_id=26209&scanf=34173&charge=3&value=K.ASVITQVFHVPLEER.K,HDLBP,1.367e+7,3.548,0.001,3.219,0.000
34174,2,"  3.042","  0.556",12/26,/core/www/modules//sdig/index.php?run_id=110202&search_id=114132&scans_id=110198&peptide_id=26210&scanf=34174&charge=2&value=12/26,sp|Q9H6R4|NOL6_HUMAN,/core/www/modules//consensus/?run_id=110202&search_id=114132&scans_id=110198&peptide_id=26210&scanf=34174&charge=2&value=sp|Q9H6R4|NOL6_HUMAN,1,/core/www/modules/match_peptides/blast_html4.php?run_id=110202&search_id=114132&scans_id=110198&peptide_id=26210&scanf=34174&charge=2&value=1,R.AQLPVMVIVTPQDR.K,/core/www/modules/show_out/show_out_wrapper.php?run_id=110202&search_id=114132&scans_id=110198&peptide_id=26210&scanf=34174&charge=2&value=R.AQLPVMVIVTPQDR.K,NOL6,8.050e+6,3.145,0.002,2.623,0.000
34177,2,"  2.484","  0.445",11/20,/core/www/modules//sdig/index.php?run_id=110202&search_id=114132&scans_id=110198&peptide_id=26213&scanf=34177&charge=2&value=11/20,sp|O60287|NPA1P_HUMAN,/core/www/modules//consensus/?run_id=110202&search_id=114132&scans_id=110198&peptide_id=26213&scanf=34177&charge=2&value=sp|O60287|NPA1P_HUMAN,0,/core/www/modules/match_peptides/blast_html4.php?run_id=110202&search_id=114132&scans_id=110198&peptide_id=26213&scanf=34177&charge=2&value=0,R.AEAAGLIGWLK.S,/core/www/modules/show_out/show_out_wrapper.php?run_id=110202&search_id=114132&scans_id=110198&peptide_id=26213&scanf=34177&charge=2&value=R.AEAAGLIGWLK.S,URB1,9.376e+6,3.025,0.004,2.446,0.000
34179,3,"  3.841","  0.435",10/68,/core/www/modules//sdig/index.php?run_id=110202&search_id=114132&scans_id=110198&peptide_id=26215&scanf=34179&charge=3&value=10/68,sp|Q9NV88|INT9_HUMAN,/core/www/modules//consensus/?run_id=110202&search_id=114132&scans_id=110198&peptide_id=26215&scanf=34179&charge=3&value=sp|Q9NV88|INT9_HUMAN,1,/core/www/modules/match_peptides/blast_html4.php?run_id=110202&search_id=114132&scans_id=110198&peptide_id=26215&scanf=34179&charge=3&value=1,K.VYLPEPPFPHAELIQTNK.L,/core/www/modules/show_out/show_out_wrapper.php?run_id=110202&search_id=114132&scans_id=110198&peptide_id=26215&scanf=34179&charge=3&value=K.VYLPEPPFPHAELIQTNK.L,INTS9,2.142e+6,2.636,0.013,1.872,0.000
34180,2,"  3.410","  0.651",16/32,/core/www/modules//sdig/index.php?run_id=110202&search_id=114132&scans_id=110198&peptide_id=26217&scanf=34180&charge=2&value=16/32,sp|O60287|NPA1P_HUMAN,/core/www/modules//consensus/?run_id=110202&search_id=114132&scans_id=110198&peptide_id=26217&scanf=34180&charge=2&value=sp|O60287|NPA1P_HUMAN,0,/core/www/modules/match_peptides/blast_html4.php?run_id=110202&search_id=114132&scans_id=110198&peptide_id=26217&scanf=34180&charge=2&value=0,K.ASDFVQEASMLQATMTK.Q,/core/www/modules/show_out/show_out_wrapper.php?run_id=110202&search_id=114132&scans_id=110198&peptide_id=26217&scanf=34180&charge=2&value=K.ASDFVQEASMLQATMTK.Q,URB1,2.716e+6,3.477,0.001,3.114,0.000
34185,2,"  3.716","  0.486",15/22,/core/www/modules//sdig/index.php?run_id=110202&search_id=114132&scans_id=110198&peptide_id=26222&scanf=34185&charge=2&value=15/22,sp|Q8IXB1|DJC10_HUMAN,/core/www/modules//consensus/?run_id=110202&search_id=114132&scans_id=110198&peptide_id=26222&scanf=34185&charge=2&value=sp|Q8IXB1|DJC10_HUMAN,2,/core/www/modules/match_peptides/blast_html4.php?run_id=110202&search_id=114132&scans_id=110198&peptide_id=26222&scanf=34185&charge=2&value=2,K.NSILFLNSLDAK.E,/core/www/modules/show_out/show_out_wrapper.php?run_id=110202&search_id=114132&scans_id=110198&peptide_id=26222&scanf=34185&charge=2&value=K.NSILFLNSLDAK.E,DNAJC10,3.745e+6,3.287,0.001,2.833,0.000
34189,3,"  1.984","  0.348",13/52,/core/www/modules//sdig/index.php?run_id=110202&search_id=114132&scans_id=110198&peptide_id=26225&scanf=34189&charge=3&value=13/52,sp|P04350|TBB4A_HUMAN,/core/www/modules//consensus/?run_id=110202&search_id=114132&scans_id=110198&peptide_id=26225&scanf=34189&charge=3&value=sp|P04350|TBB4A_HUMAN,10,/core/www/modules/match_peptides/blast_html4.php?run_id=110202&search_id=114132&scans_id=110198&peptide_id=26225&scanf=34189&charge=3&value=10,K.NSSYFVEWIPNNVK.T,/core/www/modules/show_out/show_out_wrapper.php?run_id=110202&search_id=114132&scans_id=110198&peptide_id=26225&scanf=34189&charge=3&value=K.NSSYFVEWIPNNVK.T,TUBB4A,1.048e+7,2.573,0.017,1.780,0.000
34191,2,"  3.678","  0.573",13/28,/core/www/modules//sdig/index.php?run_id=110202&search_id=114132&scans_id=110198&peptide_id=26228&scanf=34191&charge=2&value=13/28,sp|P13667|PDIA4_HUMAN,/core/www/modules//consensus/?run_id=110202&search_id=114132&scans_id=110198&peptide_id=26228&scanf=34191&charge=2&value=sp|P13667|PDIA4_HUMAN,2,/core/www/modules/match_peptides/blast_html4.php?run_id=110202&search_id=114132&scans_id=110198&peptide_id=26228&scanf=34191&charge=2&value=2,K.VEGFPTIYFAPSGDK.K,/core/www/modules/show_out/show_out_wrapper.php?run_id=110202&search_id=114132&scans_id=110198&peptide_id=26228&scanf=34191&charge=2&value=K.VEGFPTIYFAPSGDK.K,PDIA4,6.589e+6,3.214,0.002,2.725,0.000
34194,2,"  3.445","  0.639",14/24,/core/www/modules//sdig/index.php?run_id=110202&search_id=114132&scans_id=110198&peptide_id=26231&scanf=34194&charge=2&value=14/24,sp|Q07020|RL18_HUMAN,/core/www/modules//consensus/?run_id=110202&search_id=114132&scans_id=110198&peptide_id=26231&scanf=34194&charge=2&value=sp|Q07020|RL18_HUMAN,4,/core/www/modules/match_peptides/blast_html4.php?run_id=110202&search_id=114132&scans_id=110198&peptide_id=26231&scanf=34194&charge=2&value=4,K.ILTFDQLALDSPK.G,/core/www/modules/show_out/show_out_wrapper.php?run_id=110202&search_id=114132&scans_id=110198&peptide_id=26231&scanf=34194&charge=2&value=K.ILTFDQLALDSPK.G,RPL18,1.989e+8,3.536,0.001,3.201,0.000
34195,3,"  3.224","  0.498",16/40,/core/www/modules//sdig/index.php?run_id=110202&search_id=114132&scans_id=110198&peptide_id=26232&scanf=34195&charge=3&value=16/40,sp|Q9Y314|NOSIP_HUMAN,/core/www/modules//consensus/?run_id=110202&search_id=114132&scans_id=110198&peptide_id=26232&scanf=34195&charge=3&value=sp|Q9Y314|NOSIP_HUMAN,5,/core/www/modules/match_peptides/blast_html4.php?run_id=110202&search_id=114132&scans_id=110198&peptide_id=26232&scanf=34195&charge=3&value=5,R.EAILEYILHQK.K,/core/www/modules/show_out/show_out_wrapper.php?run_id=110202&search_id=114132&scans_id=110198&peptide_id=26232&scanf=34195&charge=3&value=R.EAILEYILHQK.K,NOSIP,3.158e+6,3.401,0.001,3.001,0.000
34199,2,"  3.346","  0.523",11/20,/core/www/modules//sdig/index.php?run_id=110202&search_id=114132&scans_id=110198&peptide_id=26236&scanf=34199&charge=2&value=11/20,sp|O60287|NPA1P_HUMAN,/core/www/modules//consensus/?run_id=110202&search_id=114132&scans_id=110198&peptide_id=26236&scanf=34199&charge=2&value=sp|O60287|NPA1P_HUMAN,0,/core/www/modules/match_peptides/blast_html4.php?run_id=110202&search_id=114132&scans_id=110198&peptide_id=26236&scanf=34199&charge=2&value=0,R.AEAAGLIGWLK.S,/core/www/modules/show_out/show_out_wrapper.php?run_id=110202&search_id=114132&scans_id=110198&peptide_id=26236&scanf=34199&charge=2&value=R.AEAAGLIGWLK.S,URB1,9.376e+6,3.333,0.001,2.900,0.000
34200,3,"  2.298","  0.294",8/56,/core/www/modules//sdig/index.php?run_id=110202&search_id=114132&scans_id=110198&peptide_id=26238&scanf=34200&charge=3&value=8/56,sp|P68036|UB2L3_HUMAN,/core/www/modules//consensus/?run_id=110202&search_id=114132&scans_id=110198&peptide_id=26238&scanf=34200&charge=3&value=sp|P68036|UB2L3_HUMAN,1,/core/www/modules/match_peptides/blast_html4.php?run_id=110202&search_id=114132&scans_id=110198&peptide_id=26238&scanf=34200&charge=3&value=1,R.IEINFPAEYPFKPPK.I,/core/www/modules/show_out/show_out_wrapper.php?run_id=110202&search_id=114132&scans_id=110198&peptide_id=26238&scanf=34200&charge=3&value=R.IEINFPAEYPFKPPK.I,UBE2L3,4.830e+6,2.085,0.082,1.087,0.003
34201,3,"  2.840","  0.448",12/48,/core/www/modules//sdig/index.php?run_id=110202&search_id=114132&scans_id=110198&peptide_id=26239&scanf=34201&charge=3&value=12/48,sp|O15294|OGT1_HUMAN,/core/www/modules//consensus/?run_id=110202&search_id=114132&scans_id=110198&peptide_id=26239&scanf=34201&charge=3&value=sp|O15294|OGT1_HUMAN,5,/core/www/modules/match_peptides/blast_html4.php?run_id=110202&search_id=114132&scans_id=110198&peptide_id=26239&scanf=34201&charge=3&value=5,R.MLSFQGLAELAHR.E,/core/www/modules/show_out/show_out_wrapper.php?run_id=110202&search_id=114132&scans_id=110198&peptide_id=26239&scanf=34201&charge=3&value=R.MLSFQGLAELAHR.E,OGT,2.430e+6,2.941,0.005,2.320,0.000
34202,3,"  3.171","  0.494",12/52,/core/www/modules//sdig/index.php?run_id=110202&search_id=114132&scans_id=110198&peptide_id=26240&scanf=34202&charge=3&value=12/52,sp|Q9NW08|RPC2_HUMAN,/core/www/modules//consensus/?run_id=110202&search_id=114132&scans_id=110198&peptide_id=26240&scanf=34202&charge=3&value=sp|Q9NW08|RPC2_HUMAN,1,/core/www/modules/match_peptides/blast_html4.php?run_id=110202&search_id=114132&scans_id=110198&peptide_id=26240&scanf=34202&charge=3&value=1,R.ELLASTILTHVPVK.E,/core/www/modules/show_out/show_out_wrapper.php?run_id=110202&search_id=114132&scans_id=110198&peptide_id=26240&scanf=34202&charge=3&value=R.ELLASTILTHVPVK.E,POLR3B,4.524e+6,3.038,0.003,2.464,0.000
34206,2,"  1.986","  0.363",8/14,/core/www/modules//sdig/index.php?run_id=110202&search_id=114132&scans_id=110198&peptide_id=26244&scanf=34206&charge=2&value=8/14,sp|O15427|MOT4_HUMAN,/core/www/modules//consensus/?run_id=110202&search_id=114132&scans_id=110198&peptide_id=26244&scanf=34206&charge=2&value=sp|O15427|MOT4_HUMAN,5,/core/www/modules/match_peptides/blast_html4.php?run_id=110202&search_id=114132&scans_id=110198&peptide_id=26244&scanf=34206&charge=2&value=5,R.LLDLSVFR.D,/core/www/modules/show_out/show_out_wrapper.php?run_id=110202&search_id=114132&scans_id=110198&peptide_id=26244&scanf=34206&charge=2&value=R.LLDLSVFR.D,SLC16A3,1.988e+6,2.763,0.009,2.059,0.000
34207,3,"  2.227","  0.347",16/52,/core/www/modules//sdig/index.php?run_id=110202&search_id=114132&scans_id=110198&peptide_id=26245&scanf=34207&charge=3&value=16/52,sp|Q9Y2W2|WBP11_HUMAN,/core/www/modules//consensus/?run_id=110202&search_id=114132&scans_id=110198&peptide_id=26245&scanf=34207&charge=3&value=sp|Q9Y2W2|WBP11_HUMAN,0,/core/www/modules/match_peptides/blast_html4.php?run_id=110202&search_id=114132&scans_id=110198&peptide_id=26245&scanf=34207&charge=3&value=0,R.AVSILPLLGHGVPR.L,/core/www/modules/show_out/show_out_wrapper.php?run_id=110202&search_id=114132&scans_id=110198&peptide_id=26245&scanf=34207&charge=3&value=R.AVSILPLLGHGVPR.L,WBP11,3.867e+6,2.559,0.017,1.759,0.000
34209,2,"  2.260","  0.242",10/16,/core/www/modules//sdig/index.php?run_id=110202&search_id=114132&scans_id=110198&peptide_id=26246&scanf=34209&charge=2&value=10/16,sp|Q9BVI4|NOC4L_HUMAN,/core/www/modules//consensus/?run_id=110202&search_id=114132&scans_id=110198&peptide_id=26246&scanf=34209&charge=2&value=sp|Q9BVI4|NOC4L_HUMAN,0,/core/www/modules/match_peptides/blast_html4.php?run_id=110202&search_id=114132&scans_id=110198&peptide_id=26246&scanf=34209&charge=2&value=0,K.ELALSALLK.F,/core/www/modules/show_out/show_out_wrapper.php?run_id=110202&search_id=114132&scans_id=110198&peptide_id=26246&scanf=34209&charge=2&value=K.ELALSALLK.F,NOC4L,1.409e+7,2.429,0.027,1.571,0.001
34210,4,"  3.014","  0.549",15/102,/core/www/modules//sdig/index.php?run_id=110202&search_id=114132&scans_id=110198&peptide_id=26248&scanf=34210&charge=4&value=15/102,sp|Q9ULC4|MCTS1_HUMAN,/core/www/modules//consensus/?run_id=110202&search_id=114132&scans_id=110198&peptide_id=26248&scanf=34210&charge=4&value=sp|Q9ULC4|MCTS1_HUMAN,1,/core/www/modules/match_peptides/blast_html4.php?run_id=110202&search_id=114132&scans_id=110198&peptide_id=26248&scanf=34210&charge=4&value=1,K.GIGIENIHYLNDGLWHMK.T,/core/www/modules/show_out/show_out_wrapper.php?run_id=110202&search_id=114132&scans_id=110198&peptide_id=26248&scanf=34210&charge=4&value=K.GIGIENIHYLNDGLWHMK.T,MCTS1,3.606e+6,3.414,0.001,3.020,0.000
34211,2,"  2.296","  0.371",9/16,/core/www/modules//sdig/index.php?run_id=110202&search_id=114132&scans_id=110198&peptide_id=26249&scanf=34211&charge=2&value=9/16,sp|Q68CP9|ARID2_HUMAN,/core/www/modules//consensus/?run_id=110202&search_id=114132&scans_id=110198&peptide_id=26249&scanf=34211&charge=2&value=sp|Q68CP9|ARID2_HUMAN,0,/core/www/modules/match_peptides/blast_html4.php?run_id=110202&search_id=114132&scans_id=110198&peptide_id=26249&scanf=34211&charge=2&value=0,K.GLAFLDELR.Q,/core/www/modules/show_out/show_out_wrapper.php?run_id=110202&search_id=114132&scans_id=110198&peptide_id=26249&scanf=34211&charge=2&value=K.GLAFLDELR.Q,ARID2,1.838e+7,2.838,0.007,2.169,0.000
34214,2,"  2.616","  0.339",10/20,/core/www/modules//sdig/index.php?run_id=110202&search_id=114132&scans_id=110198&peptide_id=26252&scanf=34214&charge=2&value=10/20,sp|Q9H1B7|I2BPL_HUMAN,/core/www/modules//consensus/?run_id=110202&search_id=114132&scans_id=110198&peptide_id=26252&scanf=34214&charge=2&value=sp|Q9H1B7|I2BPL_HUMAN,0,/core/www/modules/match_peptides/blast_html4.php?run_id=110202&search_id=114132&scans_id=110198&peptide_id=26252&scanf=34214&charge=2&value=0,R.LLGDLLPEAVR.F,/core/www/modules/show_out/show_out_wrapper.php?run_id=110202&search_id=114132&scans_id=110198&peptide_id=26252&scanf=34214&charge=2&value=R.LLGDLLPEAVR.F,IRF2BPL,3.351e+6,2.521,0.020,1.705,0.000
34215,2,"  2.134","  0.320",6/18,/core/www/modules//sdig/index.php?run_id=110202&search_id=114132&scans_id=110198&peptide_id=26253&scanf=34215&charge=2&value=6/18,sp|O00186|STXB3_HUMAN,/core/www/modules//consensus/?run_id=110202&search_id=114132&scans_id=110198&peptide_id=26253&scanf=34215&charge=2&value=sp|O00186|STXB3_HUMAN,0,/core/www/modules/match_peptides/blast_html4.php?run_id=110202&search_id=114132&scans_id=110198&peptide_id=26253&scanf=34215&charge=2&value=0,K.IMLLDEFTTK.L,/core/www/modules/show_out/show_out_wrapper.php?run_id=110202&search_id=114132&scans_id=110198&peptide_id=26253&scanf=34215&charge=2&value=K.IMLLDEFTTK.L,STXBP3,5.563e+6,2.239,0.050,1.300,0.002
34216,2,"  3.530","  0.615",15/26,/core/www/modules//sdig/index.php?run_id=110202&search_id=114132&scans_id=110198&peptide_id=26254&scanf=34216&charge=2&value=15/26,sp|Q14315|FLNC_HUMAN,/core/www/modules//consensus/?run_id=110202&search_id=114132&scans_id=110198&peptide_id=26254&scanf=34216&charge=2&value=sp|Q14315|FLNC_HUMAN,0,/core/www/modules/match_peptides/blast_html4.php?run_id=110202&search_id=114132&scans_id=110198&peptide_id=26254&scanf=34216&charge=2&value=0,K.IPGNWFQMVSAQER.L,/core/www/modules/show_out/show_out_wrapper.php?run_id=110202&search_id=114132&scans_id=110198&peptide_id=26254&scanf=34216&charge=2&value=K.IPGNWFQMVSAQER.L,FLNC,3.013e+6,3.629,0.000,3.339,0.000
34218,2,"  5.408","  0.750",20/40,/core/www/modules//sdig/index.php?run_id=110202&search_id=114132&scans_id=110198&peptide_id=26256&scanf=34218&charge=2&value=20/40,sp|Q6P2Q9|PRP8_HUMAN,/core/www/modules//consensus/?run_id=110202&search_id=114132&scans_id=110198&peptide_id=26256&scanf=34218&charge=2&value=sp|Q6P2Q9|PRP8_HUMAN,1,/core/www/modules/match_peptides/blast_html4.php?run_id=110202&search_id=114132&scans_id=110198&peptide_id=26256&scanf=34218&charge=2&value=1,R.GPGNPVPGPLAPLPDYMSEEK.L,/core/www/modules/show_out/show_out_wrapper.php?run_id=110202&search_id=114132&scans_id=110198&peptide_id=26256&scanf=34218&charge=2&value=R.GPGNPVPGPLAPLPDYMSEEK.L,PRPF8,4.440e+6,4.022,0.000,3.922,0.000
34222,3,"  4.587","  0.297",18/72,/core/www/modules//sdig/index.php?run_id=110202&search_id=114132&scans_id=110198&peptide_id=26261&scanf=34222&charge=3&value=18/72,sp|Q92620|PRP16_HUMAN,/core/www/modules//consensus/?run_id=110202&search_id=114132&scans_id=110198&peptide_id=26261&scanf=34222&charge=3&value=sp|Q92620|PRP16_HUMAN,0,/core/www/modules/match_peptides/blast_html4.php?run_id=110202&search_id=114132&scans_id=110198&peptide_id=26261&scanf=34222&charge=3&value=0,R.IGMDALQIYPISQANANQR.S,/core/www/modules/show_out/show_out_wrapper.php?run_id=110202&search_id=114132&scans_id=110198&peptide_id=26261&scanf=34222&charge=3&value=R.IGMDALQIYPISQANANQR.S,DHX38,1.960e+6,2.377,0.032,1.497,0.001
34225,2,"  2.463","  0.436",10/22,/core/www/modules//sdig/index.php?run_id=110202&search_id=114132&scans_id=110198&peptide_id=26264&scanf=34225&charge=2&value=10/22,sp|P49916|DNLI3_HUMAN,/core/www/modules//consensus/?run_id=110202&search_id=114132&scans_id=110198&peptide_id=26264&scanf=34225&charge=2&value=sp|P49916|DNLI3_HUMAN,0,/core/www/modules/match_peptides/blast_html4.php?run_id=110202&search_id=114132&scans_id=110198&peptide_id=26264&scanf=34225&charge=2&value=0,K.IYYPDFIVPDPK.K,/core/www/modules/show_out/show_out_wrapper.php?run_id=110202&search_id=114132&scans_id=110198&peptide_id=26264&scanf=34225&charge=2&value=K.IYYPDFIVPDPK.K,LIG3,4.736e+6,2.817,0.007,2.138,0.000
34228,2,"  2.324","  0.384",7/22,/core/www/modules//sdig/index.php?run_id=110202&search_id=114132&scans_id=110198&peptide_id=26267&scanf=34228&charge=2&value=7/22,sp|Q9P2I0|CPSF2_HUMAN,/core/www/modules//consensus/?run_id=110202&search_id=114132&scans_id=110198&peptide_id=26267&scanf=34228&charge=2&value=sp|Q9P2I0|CPSF2_HUMAN,0,/core/www/modules/match_peptides/blast_html4.php?run_id=110202&search_id=114132&scans_id=110198&peptide_id=26267&scanf=34228&charge=2&value=0,R.IRDLLYEQYAIV.-,/core/www/modules/show_out/show_out_wrapper.php?run_id=110202&search_id=114132&scans_id=110198&peptide_id=26267&scanf=34228&charge=2&value=R.IRDLLYEQYAIV.-,CPSF2,3.879e+6,2.059,0.089,1.051,0.004
34231,2,"  2.469","  0.319",11/20,/core/www/modules//sdig/index.php?run_id=110202&search_id=114132&scans_id=110198&peptide_id=26270&scanf=34231&charge=2&value=11/20,sp|P46781|RS9_HUMAN,/core/www/modules//consensus/?run_id=110202&search_id=114132&scans_id=110198&peptide_id=26270&scanf=34231&charge=2&value=sp|P46781|RS9_HUMAN,0,/core/www/modules/match_peptides/blast_html4.php?run_id=110202&search_id=114132&scans_id=110198&peptide_id=26270&scanf=34231&charge=2&value=0,K.QVVNIPSFIVR.L,/core/www/modules/show_out/show_out_wrapper.php?run_id=110202&search_id=114132&scans_id=110198&peptide_id=26270&scanf=34231&charge=2&value=K.QVVNIPSFIVR.L,RPS9,8.950e+7,2.561,0.017,1.763,0.000
34232,3,"  3.353","  0.545",13/48,/core/www/modules//sdig/index.php?run_id=110202&search_id=114132&scans_id=110198&peptide_id=26271&scanf=34232&charge=3&value=13/48,sp|Q5UIP0|RIF1_HUMAN,/core/www/modules//consensus/?run_id=110202&search_id=114132&scans_id=110198&peptide_id=26271&scanf=34232&charge=3&value=sp|Q5UIP0|RIF1_HUMAN,1,/core/www/modules/match_peptides/blast_html4.php?run_id=110202&search_id=114132&scans_id=110198&peptide_id=26271&scanf=34232&charge=3&value=1,K.EKPGSEVLTLLLK.S,/core/www/modules/show_out/show_out_wrapper.php?run_id=110202&search_id=114132&scans_id=110198&peptide_id=26271&scanf=34232&charge=3&value=K.EKPGSEVLTLLLK.S,RIF1,8.758e+6,3.387,0.001,2.981,0.000
34237,3,"  1.629","  0.311",11/48,/core/www/modules//sdig/index.php?run_id=110202&search_id=114132&scans_id=110198&peptide_id=26276&scanf=34237&charge=3&value=11/48,sp|Q8N3C0|ASCC3_HUMAN,/core/www/modules//consensus/?run_id=110202&search_id=114132&scans_id=110198&peptide_id=26276&scanf=34237&charge=3&value=sp|Q8N3C0|ASCC3_HUMAN,0,/core/www/modules/match_peptides/blast_html4.php?run_id=110202&search_id=114132&scans_id=110198&peptide_id=26276&scanf=34237&charge=3&value=0,K.TNIAMLTVLHEIR.Q,/core/www/modules/show_out/show_out_wrapper.php?run_id=110202&search_id=114132&scans_id=110198&peptide_id=26276&scanf=34237&charge=3&value=K.TNIAMLTVLHEIR.Q,ASCC3,2.432e+6,2.331,0.037,1.430,0.001
34238,3,"  3.067","  0.372",10/64,/core/www/modules//sdig/index.php?run_id=110202&search_id=114132&scans_id=110198&peptide_id=26277&scanf=34238&charge=3&value=10/64,sp|Q8NHQ9|DDX55_HUMAN,/core/www/modules//consensus/?run_id=110202&search_id=114132&scans_id=110198&peptide_id=26277&scanf=34238&charge=3&value=sp|Q8NHQ9|DDX55_HUMAN,1,/core/www/modules/match_peptides/blast_html4.php?run_id=110202&search_id=114132&scans_id=110198&peptide_id=26277&scanf=34238&charge=3&value=1,R.TGLFSATQTQEVENLVR.A,/core/www/modules/show_out/show_out_wrapper.php?run_id=110202&search_id=114132&scans_id=110198&peptide_id=26277&scanf=34238&charge=3&value=R.TGLFSATQTQEVENLVR.A,DDX55,3.110e+6,2.399,0.030,1.528,0.001
34240,3,"  2.084","  0.188",11/56,/core/www/modules//sdig/index.php?run_id=110202&search_id=114132&scans_id=110198&peptide_id=26280&scanf=34240&charge=3&value=11/56,sp|P78527|PRKDC_HUMAN,/core/www/modules//consensus/?run_id=110202&search_id=114132&scans_id=110198&peptide_id=26280&scanf=34240&charge=3&value=sp|P78527|PRKDC_HUMAN,0,/core/www/modules/match_peptides/blast_html4.php?run_id=110202&search_id=114132&scans_id=110198&peptide_id=26280&scanf=34240&charge=3&value=0,K.M*VSAVLNGMLDQSFR.E,/core/www/modules/show_out/show_out_wrapper.php?run_id=110202&search_id=114132&scans_id=110198&peptide_id=26280&scanf=34240&charge=3&value=K.M*VSAVLNGMLDQSFR.E,PRKDC,2.049e+6,2.709,0.011,1.979,0.000
34241,3,"  4.348","  0.354",11/76,/core/www/modules//sdig/index.php?run_id=110202&search_id=114132&scans_id=110198&peptide_id=26281&scanf=34241&charge=3&value=11/76,sp|P09211|GSTP1_HUMAN,/core/www/modules//consensus/?run_id=110202&search_id=114132&scans_id=110198&peptide_id=26281&scanf=34241&charge=3&value=sp|P09211|GSTP1_HUMAN,1,/core/www/modules/match_peptides/blast_html4.php?run_id=110202&search_id=114132&scans_id=110198&peptide_id=26281&scanf=34241&charge=3&value=1,K.ALPGQLKPFETLLSQNQGGK.T,/core/www/modules/show_out/show_out_wrapper.php?run_id=110202&search_id=114132&scans_id=110198&peptide_id=26281&scanf=34241&charge=3&value=K.ALPGQLKPFETLLSQNQGGK.T,GSTP1,3.692e+6,2.314,0.039,1.406,0.001
34246,3,"  2.542","  0.234",11/44,/core/www/modules//sdig/index.php?run_id=110202&search_id=114132&scans_id=110198&peptide_id=26286&scanf=34246&charge=3&value=11/44,sp|Q96QC0|PP1RA_HUMAN,/core/www/modules//consensus/?run_id=110202&search_id=114132&scans_id=110198&peptide_id=26286&scanf=34246&charge=3&value=sp|Q96QC0|PP1RA_HUMAN,0,/core/www/modules/match_peptides/blast_html4.php?run_id=110202&search_id=114132&scans_id=110198&peptide_id=26286&scanf=34246&charge=3&value=0,R.EKGILQELFLNK.E,/core/www/modules/show_out/show_out_wrapper.php?run_id=110202&search_id=114132&scans_id=110198&peptide_id=26286&scanf=34246&charge=3&value=R.EKGILQELFLNK.E,PPP1R10,2.774e+6,2.019,0.101,0.998,0.005
34251,3,"  4.075","  0.649",21/60,/core/www/modules//sdig/index.php?run_id=110202&search_id=114132&scans_id=110198&peptide_id=26291&scanf=34251&charge=3&value=21/60,sp|P14866|HNRPL_HUMAN,/core/www/modules//consensus/?run_id=110202&search_id=114132&scans_id=110198&peptide_id=26291&scanf=34251&charge=3&value=sp|P14866|HNRPL_HUMAN,4,/core/www/modules/match_peptides/blast_html4.php?run_id=110202&search_id=114132&scans_id=110198&peptide_id=26291&scanf=34251&charge=3&value=4,K.SDALETLGFLNHYQMK.N,/core/www/modules/show_out/show_out_wrapper.php?run_id=110202&search_id=114132&scans_id=110198&peptide_id=26291&scanf=34251&charge=3&value=K.SDALETLGFLNHYQMK.N,HNRNPL,2.245e+8,3.899,0.000,3.740,0.000
34252,2,"  2.722","  0.478",12/20,/core/www/modules//sdig/index.php?run_id=110202&search_id=114132&scans_id=110198&peptide_id=26292&scanf=34252&charge=2&value=12/20,sp|P30260|CDC27_HUMAN,/core/www/modules//consensus/?run_id=110202&search_id=114132&scans_id=110198&peptide_id=26292&scanf=34252&charge=2&value=sp|P30260|CDC27_HUMAN,0,/core/www/modules/match_peptides/blast_html4.php?run_id=110202&search_id=114132&scans_id=110198&peptide_id=26292&scanf=34252&charge=2&value=0,K.AAAEGLMSLLR.E,/core/www/modules/show_out/show_out_wrapper.php?run_id=110202&search_id=114132&scans_id=110198&peptide_id=26292&scanf=34252&charge=2&value=K.AAAEGLMSLLR.E,CDC27,3.145e+6,3.156,0.002,2.638,0.000
34257,3,"  5.067","  0.649",26/92,/core/www/modules//sdig/index.php?run_id=110202&search_id=114132&scans_id=110198&peptide_id=26297&scanf=34257&charge=3&value=26/92,sp|P68104|EF1A1_HUMAN,/core/www/modules//consensus/?run_id=110202&search_id=114132&scans_id=110198&peptide_id=26297&scanf=34257&charge=3&value=sp|P68104|EF1A1_HUMAN,5,/core/www/modules/match_peptides/blast_html4.php?run_id=110202&search_id=114132&scans_id=110198&peptide_id=26297&scanf=34257&charge=3&value=5,R.VETGVLKPGM*VVTFAPVNVTTEVK.S,/core/www/modules/show_out/show_out_wrapper.php?run_id=110202&search_id=114132&scans_id=110198&peptide_id=26297&scanf=34257&charge=3&value=R.VETGVLKPGM*VVTFAPVNVTTEVK.S,EEF1A1,7.208e+6,3.448,0.001,3.070,0.000
34259,3,"  3.677","  0.555",13/48,/core/www/modules//sdig/index.php?run_id=110202&search_id=114132&scans_id=110198&peptide_id=26299&scanf=34259&charge=3&value=13/48,sp|P51531|SMCA2_HUMAN,/core/www/modules//consensus/?run_id=110202&search_id=114132&scans_id=110198&peptide_id=26299&scanf=34259&charge=3&value=sp|P51531|SMCA2_HUMAN,21,/core/www/modules/match_peptides/blast_html4.php?run_id=110202&search_id=114132&scans_id=110198&peptide_id=26299&scanf=34259&charge=3&value=21,K.QMNAIIDTVINYK.D,/core/www/modules/show_out/show_out_wrapper.php?run_id=110202&search_id=114132&scans_id=110198&peptide_id=26299&scanf=34259&charge=3&value=K.QMNAIIDTVINYK.D,SMARCA2,9.171e+6,3.642,0.000,3.359,0.000
34261,3,"  6.069","  0.691",26/92,/core/www/modules//sdig/index.php?run_id=110202&search_id=114132&scans_id=110198&peptide_id=26302&scanf=34261&charge=3&value=26/92,sp|Q9Y4W2|LAS1L_HUMAN,/core/www/modules//consensus/?run_id=110202&search_id=114132&scans_id=110198&peptide_id=26302&scanf=34261&charge=3&value=sp|Q9Y4W2|LAS1L_HUMAN,2,/core/www/modules/match_peptides/blast_html4.php?run_id=110202&search_id=114132&scans_id=110198&peptide_id=26302&scanf=34261&charge=3&value=2,K.SPYTLDSLYWSVKPASSSFGSEAK.A,/core/www/modules/show_out/show_out_wrapper.php?run_id=110202&search_id=114132&scans_id=110198&peptide_id=26302&scanf=34261&charge=3&value=K.SPYTLDSLYWSVKPASSSFGSEAK.A,LAS1L,1.879e+6,3.630,0.000,3.341,0.000
34262,3,"  2.039","  0.233",12/48,/core/www/modules//sdig/index.php?run_id=110202&search_id=114132&scans_id=110198&peptide_id=26303&scanf=34262&charge=3&value=12/48,sp|Q9Y6V7|DDX49_HUMAN,/core/www/modules//consensus/?run_id=110202&search_id=114132&scans_id=110198&peptide_id=26303&scanf=34262&charge=3&value=sp|Q9Y6V7|DDX49_HUMAN,0,/core/www/modules/match_peptides/blast_html4.php?run_id=110202&search_id=114132&scans_id=110198&peptide_id=26303&scanf=34262&charge=3&value=0,K.FSFPTVALHSMMK.Q,/core/www/modules/show_out/show_out_wrapper.php?run_id=110202&search_id=114132&scans_id=110198&peptide_id=26303&scanf=34262&charge=3&value=K.FSFPTVALHSMMK.Q,DDX49,2.127e+6,2.210,0.055,1.260,0.002
34263,2,"  3.119","  0.567",15/20,/core/www/modules//sdig/index.php?run_id=110202&search_id=114132&scans_id=110198&peptide_id=26304&scanf=34263&charge=2&value=15/20,sp|P19367|HXK1_HUMAN,/core/www/modules//consensus/?run_id=110202&search_id=114132&scans_id=110198&peptide_id=26304&scanf=34263&charge=2&value=sp|P19367|HXK1_HUMAN,0,/core/www/modules/match_peptides/blast_html4.php?run_id=110202&search_id=114132&scans_id=110198&peptide_id=26304&scanf=34263&charge=2&value=0,K.IDEAILITWTK.R,/core/www/modules/show_out/show_out_wrapper.php?run_id=110202&search_id=114132&scans_id=110198&peptide_id=26304&scanf=34263&charge=2&value=K.IDEAILITWTK.R,HK1,3.233e+6,3.758,0.000,3.530,0.000
34265,3,"  2.555","  0.488",11/40,/core/www/modules//sdig/index.php?run_id=110202&search_id=114132&scans_id=110198&peptide_id=26306&scanf=34265&charge=3&value=11/40,sp|Q09161|NCBP1_HUMAN,/core/www/modules//consensus/?run_id=110202&search_id=114132&scans_id=110198&peptide_id=26306&scanf=34265&charge=3&value=sp|Q09161|NCBP1_HUMAN,1,/core/www/modules/match_peptides/blast_html4.php?run_id=110202&search_id=114132&scans_id=110198&peptide_id=26306&scanf=34265&charge=3&value=1,R.FIMILTEHLVR.C,/core/www/modules/show_out/show_out_wrapper.php?run_id=110202&search_id=114132&scans_id=110198&peptide_id=26306&scanf=34265&charge=3&value=R.FIMILTEHLVR.C,NCBP1,1.456e+6,3.164,0.002,2.650,0.000
34266,2,"  4.239","  0.646",14/32,/core/www/modules//sdig/index.php?run_id=110202&search_id=114132&scans_id=110198&peptide_id=26307&scanf=34266&charge=2&value=14/32,sp|Q7L014|DDX46_HUMAN,/core/www/modules//consensus/?run_id=110202&search_id=114132&scans_id=110198&peptide_id=26307&scanf=34266&charge=2&value=sp|Q7L014|DDX46_HUMAN,2,/core/www/modules/match_peptides/blast_html4.php?run_id=110202&search_id=114132&scans_id=110198&peptide_id=26307&scanf=34266&charge=2&value=2,R.SLEEGEGPIAVIMTPTR.E,/core/www/modules/show_out/show_out_wrapper.php?run_id=110202&search_id=114132&scans_id=110198&peptide_id=26307&scanf=34266&charge=2&value=R.SLEEGEGPIAVIMTPTR.E,DDX46,1.127e+7,3.422,0.001,3.033,0.000
34267,2,"  2.503","  0.270",8/22,/core/www/modules//sdig/index.php?run_id=110202&search_id=114132&scans_id=110198&peptide_id=26308&scanf=34267&charge=2&value=8/22,sp|Q13813|SPTN1_HUMAN,/core/www/modules//consensus/?run_id=110202&search_id=114132&scans_id=110198&peptide_id=26308&scanf=34267&charge=2&value=sp|Q13813|SPTN1_HUMAN,2,/core/www/modules/match_peptides/blast_html4.php?run_id=110202&search_id=114132&scans_id=110198&peptide_id=26308&scanf=34267&charge=2&value=2,R.DVDEIEAWISEK.L,/core/www/modules/show_out/show_out_wrapper.php?run_id=110202&search_id=114132&scans_id=110198&peptide_id=26308&scanf=34267&charge=2&value=R.DVDEIEAWISEK.L,SPTAN1,4.242e+6,2.277,0.044,1.354,0.001
34272,2,"  3.044","  0.560",13/22,/core/www/modules//sdig/index.php?run_id=110202&search_id=114132&scans_id=110198&peptide_id=26312&scanf=34272&charge=2&value=13/22,sp|P62805|H4_HUMAN,/core/www/modules//consensus/?run_id=110202&search_id=114132&scans_id=110198&peptide_id=26312&scanf=34272&charge=2&value=sp|P62805|H4_HUMAN,0,/core/www/modules/match_peptides/blast_html4.php?run_id=110202&search_id=114132&scans_id=110198&peptide_id=26312&scanf=34272&charge=2&value=0,K.TVTAMDVVYALK.R,/core/www/modules/show_out/show_out_wrapper.php?run_id=110202&search_id=114132&scans_id=110198&peptide_id=26312&scanf=34272&charge=2&value=K.TVTAMDVVYALK.R,H4C16,1.413e+9,3.549,0.001,3.221,0.000
34276,2,"  2.530","  0.548",11/16,/core/www/modules//sdig/index.php?run_id=110202&search_id=114132&scans_id=110198&peptide_id=26316&scanf=34276&charge=2&value=11/16,sp|P36873|PP1G_HUMAN,/core/www/modules//consensus/?run_id=110202&search_id=114132&scans_id=110198&peptide_id=26316&scanf=34276&charge=2&value=sp|P36873|PP1G_HUMAN,14,/core/www/modules/match_peptides/blast_html4.php?run_id=110202&search_id=114132&scans_id=110198&peptide_id=26316&scanf=34276&charge=2&value=14,K.YPENFFLLR.G,/core/www/modules/show_out/show_out_wrapper.php?run_id=110202&search_id=114132&scans_id=110198&peptide_id=26316&scanf=34276&charge=2&value=K.YPENFFLLR.G,PPP1CC,2.260e+7,3.597,0.001,3.292,0.000
34277,2,"  3.276","  0.593",13/22,/core/www/modules//sdig/index.php?run_id=110202&search_id=114132&scans_id=110198&peptide_id=26317&scanf=34277&charge=2&value=13/22,sp|O60716|CTND1_HUMAN,/core/www/modules//consensus/?run_id=110202&search_id=114132&scans_id=110198&peptide_id=26317&scanf=34277&charge=2&value=sp|O60716|CTND1_HUMAN,7,/core/www/modules/match_peptides/blast_html4.php?run_id=110202&search_id=114132&scans_id=110198&peptide_id=26317&scanf=34277&charge=2&value=7,R.GYELLFQPEVVR.I,/core/www/modules/show_out/show_out_wrapper.php?run_id=110202&search_id=114132&scans_id=110198&peptide_id=26317&scanf=34277&charge=2&value=R.GYELLFQPEVVR.I,CTNND1,4.326e+6,3.461,0.001,3.090,0.000
34278,2,"  2.661","  0.496",12/20,/core/www/modules//sdig/index.php?run_id=110202&search_id=114132&scans_id=110198&peptide_id=26318&scanf=34278&charge=2&value=12/20,sp|Q7L9L4|MOB1B_HUMAN,/core/www/modules//consensus/?run_id=110202&search_id=114132&scans_id=110198&peptide_id=26318&scanf=34278&charge=2&value=sp|Q7L9L4|MOB1B_HUMAN,1,/core/www/modules/match_peptides/blast_html4.php?run_id=110202&search_id=114132&scans_id=110198&peptide_id=26318&scanf=34278&charge=2&value=1,R.ELAPLQELIEK.L,/core/www/modules/show_out/show_out_wrapper.php?run_id=110202&search_id=114132&scans_id=110198&peptide_id=26318&scanf=34278&charge=2&value=R.ELAPLQELIEK.L,MOB1B,4.914e+6,3.212,0.002,2.722,0.000
34279,3,"  3.249","  0.516",15/44,/core/www/modules//sdig/index.php?run_id=110202&search_id=114132&scans_id=110198&peptide_id=26319&scanf=34279&charge=3&value=15/44,sp|Q8N3U4|STAG2_HUMAN,/core/www/modules//consensus/?run_id=110202&search_id=114132&scans_id=110198&peptide_id=26319&scanf=34279&charge=3&value=sp|Q8N3U4|STAG2_HUMAN,1,/core/www/modules/match_peptides/blast_html4.php?run_id=110202&search_id=114132&scans_id=110198&peptide_id=26319&scanf=34279&charge=3&value=1,R.REDVWLPLMSYR.N,/core/www/modules/show_out/show_out_wrapper.php?run_id=110202&search_id=114132&scans_id=110198&peptide_id=26319&scanf=34279&charge=3&value=R.REDVWLPLMSYR.N,STAG2,3.153e+6,3.058,0.003,2.494,0.000
34281,2,"  3.224","  0.606",14/26,/core/www/modules//sdig/index.php?run_id=110202&search_id=114132&scans_id=110198&peptide_id=26322&scanf=34281&charge=2&value=14/26,sp|Q9Y3B4|SF3B6_HUMAN,/core/www/modules//consensus/?run_id=110202&search_id=114132&scans_id=110198&peptide_id=26322&scanf=34281&charge=2&value=sp|Q9Y3B4|SF3B6_HUMAN,0,/core/www/modules/match_peptides/blast_html4.php?run_id=110202&search_id=114132&scans_id=110198&peptide_id=26322&scanf=34281&charge=2&value=0,R.GTAYVVYEDIFDAK.N,/core/www/modules/show_out/show_out_wrapper.php?run_id=110202&search_id=114132&scans_id=110198&peptide_id=26322&scanf=34281&charge=2&value=R.GTAYVVYEDIFDAK.N,SF3B6,1.155e+7,3.415,0.001,3.023,0.000
34284,2,"  2.364","  0.426",13/22,/core/www/modules//sdig/index.php?run_id=110202&search_id=114132&scans_id=110198&peptide_id=26325&scanf=34284&charge=2&value=13/22,sp|Q92945|FUBP2_HUMAN,/core/www/modules//consensus/?run_id=110202&search_id=114132&scans_id=110198&peptide_id=26325&scanf=34284&charge=2&value=sp|Q92945|FUBP2_HUMAN,3,/core/www/modules/match_peptides/blast_html4.php?run_id=110202&search_id=114132&scans_id=110198&peptide_id=26325&scanf=34284&charge=2&value=3,R.VPDGMVGLIIGR.G,/core/www/modules/show_out/show_out_wrapper.php?run_id=110202&search_id=114132&scans_id=110198&peptide_id=26325&scanf=34284&charge=2&value=R.VPDGMVGLIIGR.G,KHSRP,4.907e+6,2.959,0.004,2.348,0.000
34286,3,"  4.587","  0.591",18/68,/core/www/modules//sdig/index.php?run_id=110202&search_id=114132&scans_id=110198&peptide_id=26327&scanf=34286&charge=3&value=18/68,sp|P07099|HYEP_HUMAN,/core/www/modules//consensus/?run_id=110202&search_id=114132&scans_id=110198&peptide_id=26327&scanf=34286&charge=3&value=sp|P07099|HYEP_HUMAN,0,/core/www/modules/match_peptides/blast_html4.php?run_id=110202&search_id=114132&scans_id=110198&peptide_id=26327&scanf=34286&charge=3&value=0,R.GGHFAAFEEPELLAQDIR.K,/core/www/modules/show_out/show_out_wrapper.php?run_id=110202&search_id=114132&scans_id=110198&peptide_id=26327&scanf=34286&charge=3&value=R.GGHFAAFEEPELLAQDIR.K,EPHX1,1.479e+6,3.298,0.001,2.849,0.000
34288,2,"  3.331","  0.435",13/26,/core/www/modules//sdig/index.php?run_id=110202&search_id=114132&scans_id=110198&peptide_id=26329&scanf=34288&charge=2&value=13/26,sp|P49411|EFTU_HUMAN,/core/www/modules//consensus/?run_id=110202&search_id=114132&scans_id=110198&peptide_id=26329&scanf=34288&charge=2&value=sp|P49411|EFTU_HUMAN,0,/core/www/modules/match_peptides/blast_html4.php?run_id=110202&search_id=114132&scans_id=110198&peptide_id=26329&scanf=34288&charge=2&value=0,K.LLDAVDTYIPVPAR.D,/core/www/modules/show_out/show_out_wrapper.php?run_id=110202&search_id=114132&scans_id=110198&peptide_id=26329&scanf=34288&charge=2&value=K.LLDAVDTYIPVPAR.D,TUFM,3.156e+7,2.782,0.008,2.087,0.000
34289,3,"  4.556","  0.593",16/60,/core/www/modules//sdig/index.php?run_id=110202&search_id=114132&scans_id=110198&peptide_id=26330&scanf=34289&charge=3&value=16/60,sp|Q9Y5B9|SP16H_HUMAN,/core/www/modules//consensus/?run_id=110202&search_id=114132&scans_id=110198&peptide_id=26330&scanf=34289&charge=3&value=sp|Q9Y5B9|SP16H_HUMAN,0,/core/www/modules/match_peptides/blast_html4.php?run_id=110202&search_id=114132&scans_id=110198&peptide_id=26330&scanf=34289&charge=3&value=0,K.VEALTKEELEFEVPFR.D,/core/www/modules/show_out/show_out_wrapper.php?run_id=110202&search_id=114132&scans_id=110198&peptide_id=26330&scanf=34289&charge=3&value=K.VEALTKEELEFEVPFR.D,SUPT16H,4.556e+6,3.290,0.001,2.838,0.000
34291,3,"  3.578","  0.524",12/56,/core/www/modules//sdig/index.php?run_id=110202&search_id=114132&scans_id=110198&peptide_id=26333&scanf=34291&charge=3&value=12/56,sp|Q13823|NOG2_HUMAN,/core/www/modules//consensus/?run_id=110202&search_id=114132&scans_id=110198&peptide_id=26333&scanf=34291&charge=3&value=sp|Q13823|NOG2_HUMAN,0,/core/www/modules/match_peptides/blast_html4.php?run_id=110202&search_id=114132&scans_id=110198&peptide_id=26333&scanf=34291&charge=3&value=0,K.VIDSSDVVVQVLDAR.D,/core/www/modules/show_out/show_out_wrapper.php?run_id=110202&search_id=114132&scans_id=110198&peptide_id=26333&scanf=34291&charge=3&value=K.VIDSSDVVVQVLDAR.D,GNL2,1.019e+7,3.149,0.002,2.628,0.000
34293,2,"  4.692","  0.662",19/28,/core/www/modules//sdig/index.php?run_id=110202&search_id=114132&scans_id=110198&peptide_id=26334&scanf=34293&charge=2&value=19/28,sp|P78527|PRKDC_HUMAN,/core/www/modules//consensus/?run_id=110202&search_id=114132&scans_id=110198&peptide_id=26334&scanf=34293&charge=2&value=sp|P78527|PRKDC_HUMAN,0,/core/www/modules/match_peptides/blast_html4.php?run_id=110202&search_id=114132&scans_id=110198&peptide_id=26334&scanf=34293&charge=2&value=0,R.VLEQLIVAHFPMQSR.E,/core/www/modules/show_out/show_out_wrapper.php?run_id=110202&search_id=114132&scans_id=110198&peptide_id=26334&scanf=34293&charge=2&value=R.VLEQLIVAHFPMQSR.E,PRKDC,1.083e+7,4.670,0.000,4.884,0.000
34294,2,"  1.994","  0.507",10/26,/core/www/modules//sdig/index.php?run_id=110202&search_id=114132&scans_id=110198&peptide_id=26335&scanf=34294&charge=2&value=10/26,sp|Q9NU22|MDN1_HUMAN,/core/www/modules//consensus/?run_id=110202&search_id=114132&scans_id=110198&peptide_id=26335&scanf=34294&charge=2&value=sp|Q9NU22|MDN1_HUMAN,0,/core/www/modules/match_peptides/blast_html4.php?run_id=110202&search_id=114132&scans_id=110198&peptide_id=26335&scanf=34294&charge=2&value=0,R.DVNALPETLSDALR.Q,/core/www/modules/show_out/show_out_wrapper.php?run_id=110202&search_id=114132&scans_id=110198&peptide_id=26335&scanf=34294&charge=2&value=R.DVNALPETLSDALR.Q,MDN1,5.820e+6,3.061,0.003,2.497,0.000
34295,2,"  5.122","  0.690",18/34,/core/www/modules//sdig/index.php?run_id=110202&search_id=114132&scans_id=110198&peptide_id=26336&scanf=34295&charge=2&value=18/34,sp|P98179|RBM3_HUMAN,/core/www/modules//consensus/?run_id=110202&search_id=114132&scans_id=110198&peptide_id=26336&scanf=34295&charge=2&value=sp|P98179|RBM3_HUMAN,0,/core/www/modules/match_peptides/blast_html4.php?run_id=110202&search_id=114132&scans_id=110198&peptide_id=26336&scanf=34295&charge=2&value=0,R.GFGFITFTNPEHASVAMR.A,/core/www/modules/show_out/show_out_wrapper.php?run_id=110202&search_id=114132&scans_id=110198&peptide_id=26336&scanf=34295&charge=2&value=R.GFGFITFTNPEHASVAMR.A,RBM3,2.748e+6,3.661,0.000,3.387,0.000
34298,3,"  2.752","  0.564",16/48,/core/www/modules//sdig/index.php?run_id=110202&search_id=114132&scans_id=110198&peptide_id=26339&scanf=34298&charge=3&value=16/48,sp|Q16401|PSMD5_HUMAN,/core/www/modules//consensus/?run_id=110202&search_id=114132&scans_id=110198&peptide_id=26339&scanf=34298&charge=3&value=sp|Q16401|PSMD5_HUMAN,1,/core/www/modules/match_peptides/blast_html4.php?run_id=110202&search_id=114132&scans_id=110198&peptide_id=26339&scanf=34298&charge=3&value=1,R.LGPLFSLLNENHR.E,/core/www/modules/show_out/show_out_wrapper.php?run_id=110202&search_id=114132&scans_id=110198&peptide_id=26339&scanf=34298&charge=3&value=R.LGPLFSLLNENHR.E,PSMD5,3.383e+6,3.431,0.001,3.046,0.000
34299,3,"  2.654","  0.450",11/68,/core/www/modules//sdig/index.php?run_id=110202&search_id=114132&scans_id=110198&peptide_id=26340&scanf=34299&charge=3&value=11/68,sp|Q9NV88|INT9_HUMAN,/core/www/modules//consensus/?run_id=110202&search_id=114132&scans_id=110198&peptide_id=26340&scanf=34299&charge=3&value=sp|Q9NV88|INT9_HUMAN,1,/core/www/modules/match_peptides/blast_html4.php?run_id=110202&search_id=114132&scans_id=110198&peptide_id=26340&scanf=34299&charge=3&value=1,K.VYLPEPPFPHAELIQTNK.L,/core/www/modules/show_out/show_out_wrapper.php?run_id=110202&search_id=114132&scans_id=110198&peptide_id=26340&scanf=34299&charge=3&value=K.VYLPEPPFPHAELIQTNK.L,INTS9,2.201e+6,2.643,0.013,1.883,0.000
34300,2,"  4.770","  0.708",16/28,/core/www/modules//sdig/index.php?run_id=110202&search_id=114132&scans_id=110198&peptide_id=26342&scanf=34300&charge=2&value=16/28,sp|P78527|PRKDC_HUMAN,/core/www/modules//consensus/?run_id=110202&search_id=114132&scans_id=110198&peptide_id=26342&scanf=34300&charge=2&value=sp|P78527|PRKDC_HUMAN,0,/core/www/modules/match_peptides/blast_html4.php?run_id=110202&search_id=114132&scans_id=110198&peptide_id=26342&scanf=34300&charge=2&value=0,K.M*VSAVLNGMLDQSFR.E,/core/www/modules/show_out/show_out_wrapper.php?run_id=110202&search_id=114132&scans_id=110198&peptide_id=26342&scanf=34300&charge=2&value=K.M*VSAVLNGMLDQSFR.E,PRKDC,1.427e+6,4.486,0.000,4.611,0.000
34305,2,"  3.015","  0.676",11/20,/core/www/modules//sdig/index.php?run_id=110202&search_id=114132&scans_id=110198&peptide_id=26347&scanf=34305&charge=2&value=11/20,sp|Q01082|SPTB2_HUMAN,/core/www/modules//consensus/?run_id=110202&search_id=114132&scans_id=110198&peptide_id=26347&scanf=34305&charge=2&value=sp|Q01082|SPTB2_HUMAN,1,/core/www/modules/match_peptides/blast_html4.php?run_id=110202&search_id=114132&scans_id=110198&peptide_id=26347&scanf=34305&charge=2&value=1,K.FMELLEPLNER.K,/core/www/modules/show_out/show_out_wrapper.php?run_id=110202&search_id=114132&scans_id=110198&peptide_id=26347&scanf=34305&charge=2&value=K.FMELLEPLNER.K,SPTBN1,4.602e+6,3.881,0.000,3.713,0.000
34307,2,"  2.822","  0.615",15/22,/core/www/modules//sdig/index.php?run_id=110202&search_id=114132&scans_id=110198&peptide_id=26349&scanf=34307&charge=2&value=15/22,sp|Q92945|FUBP2_HUMAN,/core/www/modules//consensus/?run_id=110202&search_id=114132&scans_id=110198&peptide_id=26349&scanf=34307&charge=2&value=sp|Q92945|FUBP2_HUMAN,3,/core/www/modules/match_peptides/blast_html4.php?run_id=110202&search_id=114132&scans_id=110198&peptide_id=26349&scanf=34307&charge=2&value=3,R.VPDGMVGLIIGR.G,/core/www/modules/show_out/show_out_wrapper.php?run_id=110202&search_id=114132&scans_id=110198&peptide_id=26349&scanf=34307&charge=2&value=R.VPDGMVGLIIGR.G,KHSRP,4.907e+6,3.716,0.000,3.469,0.000
34314,2,"  3.364","  0.631",12/22,/core/www/modules//sdig/index.php?run_id=110202&search_id=114132&scans_id=110198&peptide_id=26356&scanf=34314&charge=2&value=12/22,sp|P62805|H4_HUMAN,/core/www/modules//consensus/?run_id=110202&search_id=114132&scans_id=110198&peptide_id=26356&scanf=34314&charge=2&value=sp|P62805|H4_HUMAN,0,/core/www/modules/match_peptides/blast_html4.php?run_id=110202&search_id=114132&scans_id=110198&peptide_id=26356&scanf=34314&charge=2&value=0,K.TVTAMDVVYALK.R,/core/www/modules/show_out/show_out_wrapper.php?run_id=110202&search_id=114132&scans_id=110198&peptide_id=26356&scanf=34314&charge=2&value=K.TVTAMDVVYALK.R,H4C16,1.413e+9,3.729,0.000,3.488,0.000
34317,3,"  2.758","  0.343",15/56,/core/www/modules//sdig/index.php?run_id=110202&search_id=114132&scans_id=110198&peptide_id=26359&scanf=34317&charge=3&value=15/56,sp|Q15397|PUM3_HUMAN,/core/www/modules//consensus/?run_id=110202&search_id=114132&scans_id=110198&peptide_id=26359&scanf=34317&charge=3&value=sp|Q15397|PUM3_HUMAN,0,/core/www/modules/match_peptides/blast_html4.php?run_id=110202&search_id=114132&scans_id=110198&peptide_id=26359&scanf=34317&charge=3&value=0,K.QAFEELRDDLVELSK.A,/core/www/modules/show_out/show_out_wrapper.php?run_id=110202&search_id=114132&scans_id=110198&peptide_id=26359&scanf=34317&charge=3&value=K.QAFEELRDDLVELSK.A,PUM3,2.926e+7,2.301,0.041,1.388,0.001
34318,3,"  2.303","  0.299",11/68,/core/www/modules//sdig/index.php?run_id=110202&search_id=114132&scans_id=110198&peptide_id=26360&scanf=34318&charge=3&value=11/68,sp|O94888|UBXN7_HUMAN,/core/www/modules//consensus/?run_id=110202&search_id=114132&scans_id=110198&peptide_id=26360&scanf=34318&charge=3&value=sp|O94888|UBXN7_HUMAN,1,/core/www/modules/match_peptides/blast_html4.php?run_id=110202&search_id=114132&scans_id=110198&peptide_id=26360&scanf=34318&charge=3&value=1,K.GLIQQFTTITGASESVGK.H,/core/www/modules/show_out/show_out_wrapper.php?run_id=110202&search_id=114132&scans_id=110198&peptide_id=26360&scanf=34318&charge=3&value=K.GLIQQFTTITGASESVGK.H,UBXN7,2.372e+6,2.096,0.079,1.101,0.003
34320,3,"  6.957","  0.651",26/76,/core/www/modules//sdig/index.php?run_id=110202&search_id=114132&scans_id=110198&peptide_id=26363&scanf=34320&charge=3&value=26/76,sp|P48643|TCPE_HUMAN,/core/www/modules//consensus/?run_id=110202&search_id=114132&scans_id=110198&peptide_id=26363&scanf=34320&charge=3&value=sp|P48643|TCPE_HUMAN,3,/core/www/modules/match_peptides/blast_html4.php?run_id=110202&search_id=114132&scans_id=110198&peptide_id=26363&scanf=34320&charge=3&value=3,K.ISDSVLVDIKDTEPLIQTAK.T,/core/www/modules/show_out/show_out_wrapper.php?run_id=110202&search_id=114132&scans_id=110198&peptide_id=26363&scanf=34320&charge=3&value=K.ISDSVLVDIKDTEPLIQTAK.T,CCT5,5.526e+6,3.509,0.001,3.161,0.000
34321,2,"  3.574","  0.574",15/20,/core/www/modules//sdig/index.php?run_id=110202&search_id=114132&scans_id=110198&peptide_id=26364&scanf=34321&charge=2&value=15/20,sp|P19367|HXK1_HUMAN,/core/www/modules//consensus/?run_id=110202&search_id=114132&scans_id=110198&peptide_id=26364&scanf=34321&charge=2&value=sp|P19367|HXK1_HUMAN,0,/core/www/modules/match_peptides/blast_html4.php?run_id=110202&search_id=114132&scans_id=110198&peptide_id=26364&scanf=34321&charge=2&value=0,K.IDEAILITWTK.R,/core/www/modules/show_out/show_out_wrapper.php?run_id=110202&search_id=114132&scans_id=110198&peptide_id=26364&scanf=34321&charge=2&value=K.IDEAILITWTK.R,HK1,3.233e+6,3.808,0.000,3.605,0.000
34329,3,"  3.011","  0.374",11/72,/core/www/modules//sdig/index.php?run_id=110202&search_id=114132&scans_id=110198&peptide_id=26372&scanf=34329&charge=3&value=11/72,sp|Q14315|FLNC_HUMAN,/core/www/modules//consensus/?run_id=110202&search_id=114132&scans_id=110198&peptide_id=26372&scanf=34329&charge=3&value=sp|Q14315|FLNC_HUMAN,0,/core/www/modules/match_peptides/blast_html4.php?run_id=110202&search_id=114132&scans_id=110198&peptide_id=26372&scanf=34329&charge=3&value=0,R.DAGEGLLTVQILDPEGKPK.K,/core/www/modules/show_out/show_out_wrapper.php?run_id=110202&search_id=114132&scans_id=110198&peptide_id=26372&scanf=34329&charge=3&value=R.DAGEGLLTVQILDPEGKPK.K,FLNC,2.837e+6,2.478,0.023,1.643,0.001
34332,2,"  2.747","  0.464",10/24,/core/www/modules//sdig/index.php?run_id=110202&search_id=114132&scans_id=110198&peptide_id=26376&scanf=34332&charge=2&value=10/24,sp|Q9NV31|IMP3_HUMAN,/core/www/modules//consensus/?run_id=110202&search_id=114132&scans_id=110198&peptide_id=26376&scanf=34332&charge=2&value=sp|Q9NV31|IMP3_HUMAN,0,/core/www/modules/match_peptides/blast_html4.php?run_id=110202&search_id=114132&scans_id=110198&peptide_id=26376&scanf=34332&charge=2&value=0,R.SMEDFVTWVDSSK.I,/core/www/modules/show_out/show_out_wrapper.php?run_id=110202&search_id=114132&scans_id=110198&peptide_id=26376&scanf=34332&charge=2&value=R.SMEDFVTWVDSSK.I,IMP3,2.483e+6,2.774,0.008,2.074,0.000
34335,3,"  2.334","  0.671",13/60,/core/www/modules//sdig/index.php?run_id=110202&search_id=114132&scans_id=110198&peptide_id=26378&scanf=34335&charge=3&value=13/60,sp|Q13838|DX39B_HUMAN,/core/www/modules//consensus/?run_id=110202&search_id=114132&scans_id=110198&peptide_id=26378&scanf=34335&charge=3&value=sp|Q13838|DX39B_HUMAN,9,/core/www/modules/match_peptides/blast_html4.php?run_id=110202&search_id=114132&scans_id=110198&peptide_id=26378&scanf=34335&charge=3&value=9,R.KFMQDPMEIFVDDETK.L,/core/www/modules/show_out/show_out_wrapper.php?run_id=110202&search_id=114132&scans_id=110198&peptide_id=26378&scanf=34335&charge=3&value=R.KFMQDPMEIFVDDETK.L,DDX39B,2.232e+7,3.286,0.001,2.831,0.000
34337,3,"  4.195","  0.479",14/60,/core/www/modules//sdig/index.php?run_id=110202&search_id=114132&scans_id=110198&peptide_id=26380&scanf=34337&charge=3&value=14/60,sp|P18621|RL17_HUMAN,/core/www/modules//consensus/?run_id=110202&search_id=114132&scans_id=110198&peptide_id=26380&scanf=34337&charge=3&value=sp|P18621|RL17_HUMAN,9,/core/www/modules/match_peptides/blast_html4.php?run_id=110202&search_id=114132&scans_id=110198&peptide_id=26380&scanf=34337&charge=3&value=9,K.GLDVDSLVIEHIQVNK.A,/core/www/modules/show_out/show_out_wrapper.php?run_id=110202&search_id=114132&scans_id=110198&peptide_id=26380&scanf=34337&charge=3&value=K.GLDVDSLVIEHIQVNK.A,RPL17,2.892e+8,3.009,0.004,2.422,0.000
34338,3,"  3.893","  0.529",17/56,/core/www/modules//sdig/index.php?run_id=110202&search_id=114132&scans_id=110198&peptide_id=26381&scanf=34338&charge=3&value=17/56,sp|Q13616|CUL1_HUMAN,/core/www/modules//consensus/?run_id=110202&search_id=114132&scans_id=110198&peptide_id=26381&scanf=34338&charge=3&value=sp|Q13616|CUL1_HUMAN,5,/core/www/modules/match_peptides/blast_html4.php?run_id=110202&search_id=114132&scans_id=110198&peptide_id=26381&scanf=34338&charge=3&value=5,K.HQQLLGEVLTQLSSR.F,/core/www/modules/show_out/show_out_wrapper.php?run_id=110202&search_id=114132&scans_id=110198&peptide_id=26381&scanf=34338&charge=3&value=K.HQQLLGEVLTQLSSR.F,CUL1,3.427e+6,3.234,0.002,2.754,0.000
34340,3,"  5.879","  0.625",25/72,/core/www/modules//sdig/index.php?run_id=110202&search_id=114132&scans_id=110198&peptide_id=26384&scanf=34340&charge=3&value=25/72,sp|O60841|IF2P_HUMAN,/core/www/modules//consensus/?run_id=110202&search_id=114132&scans_id=110198&peptide_id=26384&scanf=34340&charge=3&value=sp|O60841|IF2P_HUMAN,1,/core/www/modules/match_peptides/blast_html4.php?run_id=110202&search_id=114132&scans_id=110198&peptide_id=26384&scanf=34340&charge=3&value=1,R.IPGMLIIDTPGHESFSNLR.N,/core/www/modules/show_out/show_out_wrapper.php?run_id=110202&search_id=114132&scans_id=110198&peptide_id=26384&scanf=34340&charge=3&value=R.IPGMLIIDTPGHESFSNLR.N,EIF5B,5.459e+6,3.668,0.000,3.397,0.000
34347,3,"  2.545","  0.471",12/48,/core/www/modules//sdig/index.php?run_id=110202&search_id=114132&scans_id=110198&peptide_id=26391&scanf=34347&charge=3&value=12/48,sp|Q9H0R4|HDHD2_HUMAN,/core/www/modules//consensus/?run_id=110202&search_id=114132&scans_id=110198&peptide_id=26391&scanf=34347&charge=3&value=sp|Q9H0R4|HDHD2_HUMAN,2,/core/www/modules/match_peptides/blast_html4.php?run_id=110202&search_id=114132&scans_id=110198&peptide_id=26391&scanf=34347&charge=3&value=2,R.LLLDGAPLIAIHK.A,/core/www/modules/show_out/show_out_wrapper.php?run_id=110202&search_id=114132&scans_id=110198&peptide_id=26391&scanf=34347&charge=3&value=R.LLLDGAPLIAIHK.A,HDHD2,1.486e+6,3.003,0.004,2.412,0.000
34353,3,"  1.901","  0.501",10/44,/core/www/modules//sdig/index.php?run_id=110202&search_id=114132&scans_id=110198&peptide_id=26398&scanf=34353&charge=3&value=10/44,sp|O60812|HNRC1_HUMAN,/core/www/modules//consensus/?run_id=110202&search_id=114132&scans_id=110198&peptide_id=26398&scanf=34353&charge=3&value=sp|O60812|HNRC1_HUMAN,19,/core/www/modules/match_peptides/blast_html4.php?run_id=110202&search_id=114132&scans_id=110198&peptide_id=26398&scanf=34353&charge=3&value=19,R.VFIGNLNTLVVK.K,/core/www/modules/show_out/show_out_wrapper.php?run_id=110202&search_id=114132&scans_id=110198&peptide_id=26398&scanf=34353&charge=3&value=R.VFIGNLNTLVVK.K,HNRNPCL1,2.584e+6,3.093,0.003,2.546,0.000
34354,2,"  1.873","  0.229",8/12,/core/www/modules//sdig/index.php?run_id=110202&search_id=114132&scans_id=110198&peptide_id=26399&scanf=34354&charge=2&value=8/12,sp|P60709|ACTB_HUMAN,/core/www/modules//consensus/?run_id=110202&search_id=114132&scans_id=110198&peptide_id=26399&scanf=34354&charge=2&value=sp|P60709|ACTB_HUMAN,11,/core/www/modules/match_peptides/blast_html4.php?run_id=110202&search_id=114132&scans_id=110198&peptide_id=26399&scanf=34354&charge=2&value=11,K.IIAPPER.K,/core/www/modules/show_out/show_out_wrapper.php?run_id=110202&search_id=114132&scans_id=110198&peptide_id=26399&scanf=34354&charge=2&value=K.IIAPPER.K,ACTB,1.113e+6,3.105,0.003,2.563,0.000
34357,3,"  2.882","  0.573",13/52,/core/www/modules//sdig/index.php?run_id=110202&search_id=114132&scans_id=110198&peptide_id=26401&scanf=34357&charge=3&value=13/52,sp|Q9Y3B4|SF3B6_HUMAN,/core/www/modules//consensus/?run_id=110202&search_id=114132&scans_id=110198&peptide_id=26401&scanf=34357&charge=3&value=sp|Q9Y3B4|SF3B6_HUMAN,0,/core/www/modules/match_peptides/blast_html4.php?run_id=110202&search_id=114132&scans_id=110198&peptide_id=26401&scanf=34357&charge=3&value=0,R.GTAYVVYEDIFDAK.N,/core/www/modules/show_out/show_out_wrapper.php?run_id=110202&search_id=114132&scans_id=110198&peptide_id=26401&scanf=34357&charge=3&value=R.GTAYVVYEDIFDAK.N,SF3B6,7.621e+6,3.334,0.001,2.903,0.000
34363,2,"  4.096","  0.411",17/28,/core/www/modules//sdig/index.php?run_id=110202&search_id=114132&scans_id=110198&peptide_id=26408&scanf=34363&charge=2&value=17/28,sp|Q15397|PUM3_HUMAN,/core/www/modules//consensus/?run_id=110202&search_id=114132&scans_id=110198&peptide_id=26408&scanf=34363&charge=2&value=sp|Q15397|PUM3_HUMAN,0,/core/www/modules/match_peptides/blast_html4.php?run_id=110202&search_id=114132&scans_id=110198&peptide_id=26408&scanf=34363&charge=2&value=0,K.QAFEELRDDLVELSK.A,/core/www/modules/show_out/show_out_wrapper.php?run_id=110202&search_id=114132&scans_id=110198&peptide_id=26408&scanf=34363&charge=2&value=K.QAFEELRDDLVELSK.A,PUM3,5.165e+6,2.677,0.012,1.932,0.000
34364,3,"  2.596","  0.343",11/52,/core/www/modules//sdig/index.php?run_id=110202&search_id=114132&scans_id=110198&peptide_id=26409&scanf=34364&charge=3&value=11/52,sp|O95602|RPA1_HUMAN,/core/www/modules//consensus/?run_id=110202&search_id=114132&scans_id=110198&peptide_id=26409&scanf=34364&charge=3&value=sp|O95602|RPA1_HUMAN,1,/core/www/modules/match_peptides/blast_html4.php?run_id=110202&search_id=114132&scans_id=110198&peptide_id=26409&scanf=34364&charge=3&value=1,R.GFTLGVEDILVKPK.A,/core/www/modules/show_out/show_out_wrapper.php?run_id=110202&search_id=114132&scans_id=110198&peptide_id=26409&scanf=34364&charge=3&value=R.GFTLGVEDILVKPK.A,POLR1A,5.374e+6,2.549,0.018,1.745,0.000
34366,2,"  2.112","  0.200",8/20,/core/www/modules//sdig/index.php?run_id=110202&search_id=114132&scans_id=110198&peptide_id=26411&scanf=34366&charge=2&value=8/20,sp|P46013|KI67_HUMAN,/core/www/modules//consensus/?run_id=110202&search_id=114132&scans_id=110198&peptide_id=26411&scanf=34366&charge=2&value=sp|P46013|KI67_HUMAN,0,/core/www/modules/match_peptides/blast_html4.php?run_id=110202&search_id=114132&scans_id=110198&peptide_id=26411&scanf=34366&charge=2&value=0,K.EDLSGIAEMFK.T,/core/www/modules/show_out/show_out_wrapper.php?run_id=110202&search_id=114132&scans_id=110198&peptide_id=26411&scanf=34366&charge=2&value=K.EDLSGIAEMFK.T,MKI67,2.772e+6,1.911,0.139,0.857,0.007
34368,3,"  3.825","  0.482",14/64,/core/www/modules//sdig/index.php?run_id=110202&search_id=114132&scans_id=110198&peptide_id=26413&scanf=34368&charge=3&value=14/64,sp|Q6UN15|FIP1_HUMAN,/core/www/modules//consensus/?run_id=110202&search_id=114132&scans_id=110198&peptide_id=26413&scanf=34368&charge=3&value=sp|Q6UN15|FIP1_HUMAN,1,/core/www/modules/match_peptides/blast_html4.php?run_id=110202&search_id=114132&scans_id=110198&peptide_id=26413&scanf=34368&charge=3&value=1,R.RLPGAIDVIGQTITISR.V,/core/www/modules/show_out/show_out_wrapper.php?run_id=110202&search_id=114132&scans_id=110198&peptide_id=26413&scanf=34368&charge=3&value=R.RLPGAIDVIGQTITISR.V,FIP1L1,2.119e+6,2.656,0.013,1.902,0.000
34379,2,"  1.384","  0.392",9/20,/core/www/modules//sdig/index.php?run_id=110202&search_id=114132&scans_id=110198&peptide_id=26424&scanf=34379&charge=2&value=9/20,sp|Q9H0U9|TSYL1_HUMAN,/core/www/modules//consensus/?run_id=110202&search_id=114132&scans_id=110198&peptide_id=26424&scanf=34379&charge=2&value=sp|Q9H0U9|TSYL1_HUMAN,0,/core/www/modules/match_peptides/blast_html4.php?run_id=110202&search_id=114132&scans_id=110198&peptide_id=26424&scanf=34379&charge=2&value=0,R.VVSLSTPIIWR.R,/core/www/modules/show_out/show_out_wrapper.php?run_id=110202&search_id=114132&scans_id=110198&peptide_id=26424&scanf=34379&charge=2&value=R.VVSLSTPIIWR.R,TSPYL1,1.134e+7,2.566,0.017,1.770,0.000
34380,2,"  2.078","  0.416",9/18,/core/www/modules//sdig/index.php?run_id=110202&search_id=114132&scans_id=110198&peptide_id=26426&scanf=34380&charge=2&value=9/18,sp|P19525|E2AK2_HUMAN,/core/www/modules//consensus/?run_id=110202&search_id=114132&scans_id=110198&peptide_id=26426&scanf=34380&charge=2&value=sp|P19525|E2AK2_HUMAN,3,/core/www/modules/match_peptides/blast_html4.php?run_id=110202&search_id=114132&scans_id=110198&peptide_id=26426&scanf=34380&charge=2&value=3,R.DGIISDIFDK.K,/core/www/modules/show_out/show_out_wrapper.php?run_id=110202&search_id=114132&scans_id=110198&peptide_id=26426&scanf=34380&charge=2&value=R.DGIISDIFDK.K,EIF2AK2,4.183e+6,2.842,0.007,2.175,0.000
34381,3,"  3.908","  0.469",15/60,/core/www/modules//sdig/index.php?run_id=110202&search_id=114132&scans_id=110198&peptide_id=26427&scanf=34381&charge=3&value=15/60,sp|Q15233|NONO_HUMAN,/core/www/modules//consensus/?run_id=110202&search_id=114132&scans_id=110198&peptide_id=26427&scanf=34381&charge=3&value=sp|Q15233|NONO_HUMAN,11,/core/www/modules/match_peptides/blast_html4.php?run_id=110202&search_id=114132&scans_id=110198&peptide_id=26427&scanf=34381&charge=3&value=11,R.LFVGNLPPDITEEEMR.K,/core/www/modules/show_out/show_out_wrapper.php?run_id=110202&search_id=114132&scans_id=110198&peptide_id=26427&scanf=34381&charge=3&value=R.LFVGNLPPDITEEEMR.K,NONO,8.220e+6,3.027,0.004,2.448,0.000
34389,2,"  2.433","  0.401",10/18,/core/www/modules//sdig/index.php?run_id=110202&search_id=114132&scans_id=110198&peptide_id=26435&scanf=34389&charge=2&value=10/18,sp|Q9UNX4|WDR3_HUMAN,/core/www/modules//consensus/?run_id=110202&search_id=114132&scans_id=110198&peptide_id=26435&scanf=34389&charge=2&value=sp|Q9UNX4|WDR3_HUMAN,0,/core/www/modules/match_peptides/blast_html4.php?run_id=110202&search_id=114132&scans_id=110198&peptide_id=26435&scanf=34389&charge=2&value=0,K.DAITQALFLR.E,/core/www/modules/show_out/show_out_wrapper.php?run_id=110202&search_id=114132&scans_id=110198&peptide_id=26435&scanf=34389&charge=2&value=K.DAITQALFLR.E,WDR3,3.864e+6,2.854,0.006,2.193,0.000
34391,3,"  1.764","  0.320",7/60,/core/www/modules//sdig/index.php?run_id=110202&search_id=114132&scans_id=110198&peptide_id=26438&scanf=34391&charge=3&value=7/60,sp|P09382|LEG1_HUMAN,/core/www/modules//consensus/?run_id=110202&search_id=114132&scans_id=110198&peptide_id=26438&scanf=34391&charge=3&value=sp|P09382|LEG1_HUMAN,0,/core/www/modules/match_peptides/blast_html4.php?run_id=110202&search_id=114132&scans_id=110198&peptide_id=26438&scanf=34391&charge=3&value=0,R.LNLEAINYMAADGDFK.I,/core/www/modules/show_out/show_out_wrapper.php?run_id=110202&search_id=114132&scans_id=110198&peptide_id=26438&scanf=34391&charge=3&value=R.LNLEAINYMAADGDFK.I,LGALS1,2.039e+6,2.220,0.053,1.273,0.002
34392,2,"  3.405","  0.585",14/24,/core/www/modules//sdig/index.php?run_id=110202&search_id=114132&scans_id=110198&peptide_id=26439&scanf=34392&charge=2&value=14/24,sp|Q9NV31|IMP3_HUMAN,/core/www/modules//consensus/?run_id=110202&search_id=114132&scans_id=110198&peptide_id=26439&scanf=34392&charge=2&value=sp|Q9NV31|IMP3_HUMAN,0,/core/www/modules/match_peptides/blast_html4.php?run_id=110202&search_id=114132&scans_id=110198&peptide_id=26439&scanf=34392&charge=2&value=0,R.SMEDFVTWVDSSK.I,/core/www/modules/show_out/show_out_wrapper.php?run_id=110202&search_id=114132&scans_id=110198&peptide_id=26439&scanf=34392&charge=2&value=R.SMEDFVTWVDSSK.I,IMP3,2.483e+6,3.480,0.001,3.119,0.000
34394,3,"  1.687","  0.251",9/64,/core/www/modules//sdig/index.php?run_id=110202&search_id=114132&scans_id=110198&peptide_id=26441&scanf=34394&charge=3&value=9/64,sp|P50336|PPOX_HUMAN,/core/www/modules//consensus/?run_id=110202&search_id=114132&scans_id=110198&peptide_id=26441&scanf=34394&charge=3&value=sp|P50336|PPOX_HUMAN,3,/core/www/modules/match_peptides/blast_html4.php?run_id=110202&search_id=114132&scans_id=110198&peptide_id=26441&scanf=34394&charge=3&value=3,R.GGLEMLPQALETHLTSR.G,/core/www/modules/show_out/show_out_wrapper.php?run_id=110202&search_id=114132&scans_id=110198&peptide_id=26441&scanf=34394&charge=3&value=R.GGLEMLPQALETHLTSR.G,PPOX,2.754e+6,1.917,0.137,0.864,0.007
34395,2,"  1.183","  0.264",11/24,/core/www/modules//sdig/index.php?run_id=110202&search_id=114132&scans_id=110198&peptide_id=26442&scanf=34395&charge=2&value=11/24,sp|Q01780|EXOSX_HUMAN,/core/www/modules//consensus/?run_id=110202&search_id=114132&scans_id=110198&peptide_id=26442&scanf=34395&charge=2&value=sp|Q01780|EXOSX_HUMAN,0,/core/www/modules/match_peptides/blast_html4.php?run_id=110202&search_id=114132&scans_id=110198&peptide_id=26442&scanf=34395&charge=2&value=0,K.AQNIMESFENPFR.M,/core/www/modules/show_out/show_out_wrapper.php?run_id=110202&search_id=114132&scans_id=110198&peptide_id=26442&scanf=34395&charge=2&value=K.AQNIMESFENPFR.M,EXOSC10,3.514e+6,2.163,0.064,1.194,0.002
34400,3,"  5.128","  0.661",26/72,/core/www/modules//sdig/index.php?run_id=110202&search_id=114132&scans_id=110198&peptide_id=26447&scanf=34400&charge=3&value=26/72,sp|Q9Y5B9|SP16H_HUMAN,/core/www/modules//consensus/?run_id=110202&search_id=114132&scans_id=110198&peptide_id=26447&scanf=34400&charge=3&value=sp|Q9Y5B9|SP16H_HUMAN,0,/core/www/modules/match_peptides/blast_html4.php?run_id=110202&search_id=114132&scans_id=110198&peptide_id=26447&scanf=34400&charge=3&value=0,R.HTDVQFYTEVGEITTDLGK.H,/core/www/modules/show_out/show_out_wrapper.php?run_id=110202&search_id=114132&scans_id=110198&peptide_id=26447&scanf=34400&charge=3&value=R.HTDVQFYTEVGEITTDLGK.H,SUPT16H,1.525e+7,3.824,0.000,3.629,0.000
34401,3,"  1.567","  0.240",8/48,/core/www/modules//sdig/index.php?run_id=110202&search_id=114132&scans_id=110198&peptide_id=26448&scanf=34401&charge=3&value=8/48,sp|Q07020|RL18_HUMAN,/core/www/modules//consensus/?run_id=110202&search_id=114132&scans_id=110198&peptide_id=26448&scanf=34401&charge=3&value=sp|Q07020|RL18_HUMAN,4,/core/www/modules/match_peptides/blast_html4.php?run_id=110202&search_id=114132&scans_id=110198&peptide_id=26448&scanf=34401&charge=3&value=4,K.ILTFDQLALDSPK.G,/core/www/modules/show_out/show_out_wrapper.php?run_id=110202&search_id=114132&scans_id=110198&peptide_id=26448&scanf=34401&charge=3&value=K.ILTFDQLALDSPK.G,RPL18,3.440e+6,2.077,0.084,1.076,0.003
34405,2,"  2.452","  0.430",9/16,/core/www/modules//sdig/index.php?run_id=110202&search_id=114132&scans_id=110198&peptide_id=26452&scanf=34405&charge=2&value=9/16,sp|P11388|TOP2A_HUMAN,/core/www/modules//consensus/?run_id=110202&search_id=114132&scans_id=110198&peptide_id=26452&scanf=34405&charge=2&value=sp|P11388|TOP2A_HUMAN,0,/core/www/modules/match_peptides/blast_html4.php?run_id=110202&search_id=114132&scans_id=110198&peptide_id=26452&scanf=34405&charge=2&value=0,K.YDTVLDILR.D,/core/www/modules/show_out/show_out_wrapper.php?run_id=110202&search_id=114132&scans_id=110198&peptide_id=26452&scanf=34405&charge=2&value=K.YDTVLDILR.D,TOP2A,5.302e+6,3.188,0.002,2.686,0.000
34409,2,"  5.444","  0.699",20/36,/core/www/modules//sdig/index.php?run_id=110202&search_id=114132&scans_id=110198&peptide_id=26456&scanf=34409&charge=2&value=20/36,sp|P14868|SYDC_HUMAN,/core/www/modules//consensus/?run_id=110202&search_id=114132&scans_id=110198&peptide_id=26456&scanf=34409&charge=2&value=sp|P14868|SYDC_HUMAN,0,/core/www/modules/match_peptides/blast_html4.php?run_id=110202&search_id=114132&scans_id=110198&peptide_id=26456&scanf=34409&charge=2&value=0,K.IISAASEGGANVFTVSYFK.N,/core/www/modules/show_out/show_out_wrapper.php?run_id=110202&search_id=114132&scans_id=110198&peptide_id=26456&scanf=34409&charge=2&value=K.IISAASEGGANVFTVSYFK.N,DARS1,2.538e+6,3.721,0.000,3.476,0.000
34415,2,"  3.975","  0.694",17/32,/core/www/modules//sdig/index.php?run_id=110202&search_id=114132&scans_id=110198&peptide_id=26463&scanf=34415&charge=2&value=17/32,sp|Q9BTC8|MTA3_HUMAN,/core/www/modules//consensus/?run_id=110202&search_id=114132&scans_id=110198&peptide_id=26463&scanf=34415&charge=2&value=sp|Q9BTC8|MTA3_HUMAN,4,/core/www/modules/match_peptides/blast_html4.php?run_id=110202&search_id=114132&scans_id=110198&peptide_id=26463&scanf=34415&charge=2&value=4,R.YQADIPEMLLEGESDER.E,/core/www/modules/show_out/show_out_wrapper.php?run_id=110202&search_id=114132&scans_id=110198&peptide_id=26463&scanf=34415&charge=2&value=R.YQADIPEMLLEGESDER.E,MTA3,2.200e+6,3.646,0.000,3.364,0.000
34416,3,"  2.729","  0.421",12/60,/core/www/modules//sdig/index.php?run_id=110202&search_id=114132&scans_id=110198&peptide_id=26464&scanf=34416&charge=3&value=12/60,sp|P08133|ANXA6_HUMAN,/core/www/modules//consensus/?run_id=110202&search_id=114132&scans_id=110198&peptide_id=26464&scanf=34416&charge=3&value=sp|P08133|ANXA6_HUMAN,9,/core/www/modules/match_peptides/blast_html4.php?run_id=110202&search_id=114132&scans_id=110198&peptide_id=26464&scanf=34416&charge=3&value=9,K.GFGSDKEAILDIITSR.S,/core/www/modules/show_out/show_out_wrapper.php?run_id=110202&search_id=114132&scans_id=110198&peptide_id=26464&scanf=34416&charge=3&value=K.GFGSDKEAILDIITSR.S,ANXA6,3.204e+6,2.405,0.029,1.536,0.001
34422,2,"  2.448","  0.491",11/18,/core/www/modules//sdig/index.php?run_id=110202&search_id=114132&scans_id=110198&peptide_id=26470&scanf=34422&charge=2&value=11/18,sp|O75367|H2AY_HUMAN,/core/www/modules//consensus/?run_id=110202&search_id=114132&scans_id=110198&peptide_id=26470&scanf=34422&charge=2&value=sp|O75367|H2AY_HUMAN,3,/core/www/modules/match_peptides/blast_html4.php?run_id=110202&search_id=114132&scans_id=110198&peptide_id=26470&scanf=34422&charge=2&value=3,K.EFVEAVLELR.K,/core/www/modules/show_out/show_out_wrapper.php?run_id=110202&search_id=114132&scans_id=110198&peptide_id=26470&scanf=34422&charge=2&value=K.EFVEAVLELR.K,MACROH2A1,5.564e+6,3.228,0.002,2.745,0.000
34423,2,"  3.947","  0.284",12/22,/core/www/modules//sdig/index.php?run_id=110202&search_id=114132&scans_id=110198&peptide_id=26471&scanf=34423&charge=2&value=12/22,sp|P08670|VIME_HUMAN,/core/www/modules//consensus/?run_id=110202&search_id=114132&scans_id=110198&peptide_id=26471&scanf=34423&charge=2&value=sp|P08670|VIME_HUMAN,2,/core/www/modules/match_peptides/blast_html4.php?run_id=110202&search_id=114132&scans_id=110198&peptide_id=26471&scanf=34423&charge=2&value=2,K.VESLQEEIAFLK.K,/core/www/modules/show_out/show_out_wrapper.php?run_id=110202&search_id=114132&scans_id=110198&peptide_id=26471&scanf=34423&charge=2&value=K.VESLQEEIAFLK.K,VIM,2.528e+8,2.857,0.006,2.197,0.000
34428,3,"  2.102","  0.328",8/40,/core/www/modules//sdig/index.php?run_id=110202&search_id=114132&scans_id=110198&peptide_id=26476&scanf=34428&charge=3&value=8/40,sp|Q8TED0|UTP15_HUMAN,/core/www/modules//consensus/?run_id=110202&search_id=114132&scans_id=110198&peptide_id=26476&scanf=34428&charge=3&value=sp|Q8TED0|UTP15_HUMAN,1,/core/www/modules/match_peptides/blast_html4.php?run_id=110202&search_id=114132&scans_id=110198&peptide_id=26476&scanf=34428&charge=3&value=1,K.EISHVLNFLIR.N,/core/www/modules/show_out/show_out_wrapper.php?run_id=110202&search_id=114132&scans_id=110198&peptide_id=26476&scanf=34428&charge=3&value=K.EISHVLNFLIR.N,UTP15,1.670e+6,2.502,0.021,1.677,0.000
34429,2,"  2.682","  0.534",11/26,/core/www/modules//sdig/index.php?run_id=110202&search_id=114132&scans_id=110198&peptide_id=26477&scanf=34429&charge=2&value=11/26,sp|P07737|PROF1_HUMAN,/core/www/modules//consensus/?run_id=110202&search_id=114132&scans_id=110198&peptide_id=26477&scanf=34429&charge=2&value=sp|P07737|PROF1_HUMAN,1,/core/www/modules/match_peptides/blast_html4.php?run_id=110202&search_id=114132&scans_id=110198&peptide_id=26477&scanf=34429&charge=2&value=1,R.DSLLQDGEFSMDLR.T,/core/www/modules/show_out/show_out_wrapper.php?run_id=110202&search_id=114132&scans_id=110198&peptide_id=26477&scanf=34429&charge=2&value=R.DSLLQDGEFSMDLR.T,PFN1,3.443e+6,2.907,0.005,2.271,0.000
34430,3,"  2.866","  0.474",10/64,/core/www/modules//sdig/index.php?run_id=110202&search_id=114132&scans_id=110198&peptide_id=26479&scanf=34430&charge=3&value=10/64,sp|Q9BTC8|MTA3_HUMAN,/core/www/modules//consensus/?run_id=110202&search_id=114132&scans_id=110198&peptide_id=26479&scanf=34430&charge=3&value=sp|Q9BTC8|MTA3_HUMAN,4,/core/www/modules/match_peptides/blast_html4.php?run_id=110202&search_id=114132&scans_id=110198&peptide_id=26479&scanf=34430&charge=3&value=4,R.YQADIPEMLLEGESDER.E,/core/www/modules/show_out/show_out_wrapper.php?run_id=110202&search_id=114132&scans_id=110198&peptide_id=26479&scanf=34430&charge=3&value=R.YQADIPEMLLEGESDER.E,MTA3,1.551e+6,2.751,0.009,2.041,0.000
34438,2,"  2.033","  0.314",9/18,/core/www/modules//sdig/index.php?run_id=110202&search_id=114132&scans_id=110198&peptide_id=26487&scanf=34438&charge=2&value=9/18,sp|Q8IY18|SMC5_HUMAN,/core/www/modules//consensus/?run_id=110202&search_id=114132&scans_id=110198&peptide_id=26487&scanf=34438&charge=2&value=sp|Q8IY18|SMC5_HUMAN,0,/core/www/modules/match_peptides/blast_html4.php?run_id=110202&search_id=114132&scans_id=110198&peptide_id=26487&scanf=34438&charge=2&value=0,R.DTYDAVLWLR.N,/core/www/modules/show_out/show_out_wrapper.php?run_id=110202&search_id=114132&scans_id=110198&peptide_id=26487&scanf=34438&charge=2&value=R.DTYDAVLWLR.N,SMC5,1.691e+6,2.241,0.050,1.303,0.002
34442,2,"  2.975","  0.634",14/24,/core/www/modules//sdig/index.php?run_id=110202&search_id=114132&scans_id=110198&peptide_id=26491&scanf=34442&charge=2&value=14/24,sp|Q01780|EXOSX_HUMAN,/core/www/modules//consensus/?run_id=110202&search_id=114132&scans_id=110198&peptide_id=26491&scanf=34442&charge=2&value=sp|Q01780|EXOSX_HUMAN,0,/core/www/modules/match_peptides/blast_html4.php?run_id=110202&search_id=114132&scans_id=110198&peptide_id=26491&scanf=34442&charge=2&value=0,K.AQNIMESFENPFR.M,/core/www/modules/show_out/show_out_wrapper.php?run_id=110202&search_id=114132&scans_id=110198&peptide_id=26491&scanf=34442&charge=2&value=K.AQNIMESFENPFR.M,EXOSC10,3.514e+6,3.617,0.000,3.322,0.000
34444,3,"  2.287","  0.460",12/36,/core/www/modules//sdig/index.php?run_id=110202&search_id=114132&scans_id=110198&peptide_id=26493&scanf=34444&charge=3&value=12/36,sp|O00148|DX39A_HUMAN,/core/www/modules//consensus/?run_id=110202&search_id=114132&scans_id=110198&peptide_id=26493&scanf=34444&charge=3&value=sp|O00148|DX39A_HUMAN,19,/core/www/modules/match_peptides/blast_html4.php?run_id=110202&search_id=114132&scans_id=110198&peptide_id=26493&scanf=34444&charge=3&value=19,R.DFLLKPELLR.A,/core/www/modules/show_out/show_out_wrapper.php?run_id=110202&search_id=114132&scans_id=110198&peptide_id=26493&scanf=34444&charge=3&value=R.DFLLKPELLR.A,DDX39A,5.623e+8,3.228,0.002,2.745,0.000
34445,3,"  7.048","  0.684",26/92,/core/www/modules//sdig/index.php?run_id=110202&search_id=114132&scans_id=110198&peptide_id=26494&scanf=34445&charge=3&value=26/92,sp|Q9Y4W2|LAS1L_HUMAN,/core/www/modules//consensus/?run_id=110202&search_id=114132&scans_id=110198&peptide_id=26494&scanf=34445&charge=3&value=sp|Q9Y4W2|LAS1L_HUMAN,2,/core/www/modules/match_peptides/blast_html4.php?run_id=110202&search_id=114132&scans_id=110198&peptide_id=26494&scanf=34445&charge=3&value=2,K.SPYTLDSLYWSVKPASSSFGSEAK.A,/core/www/modules/show_out/show_out_wrapper.php?run_id=110202&search_id=114132&scans_id=110198&peptide_id=26494&scanf=34445&charge=3&value=K.SPYTLDSLYWSVKPASSSFGSEAK.A,LAS1L,1.879e+6,3.676,0.000,3.409,0.000
34448,2,"  4.657","  0.734",18/28,/core/www/modules//sdig/index.php?run_id=110202&search_id=114132&scans_id=110198&peptide_id=26497&scanf=34448&charge=2&value=18/28,sp|P21589|5NTD_HUMAN,/core/www/modules//consensus/?run_id=110202&search_id=114132&scans_id=110198&peptide_id=26497&scanf=34448&charge=2&value=sp|P21589|5NTD_HUMAN,1,/core/www/modules/match_peptides/blast_html4.php?run_id=110202&search_id=114132&scans_id=110198&peptide_id=26497&scanf=34448&charge=2&value=1,K.GPLASQISGLYLPYK.V,/core/www/modules/show_out/show_out_wrapper.php?run_id=110202&search_id=114132&scans_id=110198&peptide_id=26497&scanf=34448&charge=2&value=K.GPLASQISGLYLPYK.V,NT5E,4.530e+6,4.059,0.000,3.977,0.000
34449,2,"  1.495","  0.203",6/14,/core/www/modules//sdig/index.php?run_id=110202&search_id=114132&scans_id=110198&peptide_id=26498&scanf=34449&charge=2&value=6/14,sp|P04843|RPN1_HUMAN,/core/www/modules//consensus/?run_id=110202&search_id=114132&scans_id=110198&peptide_id=26498&scanf=34449&charge=2&value=sp|P04843|RPN1_HUMAN,1,/core/www/modules/match_peptides/blast_html4.php?run_id=110202&search_id=114132&scans_id=110198&peptide_id=26498&scanf=34449&charge=2&value=1,R.FPLFGGWK.T,/core/www/modules/show_out/show_out_wrapper.php?run_id=110202&search_id=114132&scans_id=110198&peptide_id=26498&scanf=34449&charge=2&value=R.FPLFGGWK.T,RPN1,1.803e+6,1.921,0.135,0.869,0.007
34451,3,"  3.230","  0.475",11/84,/core/www/modules//sdig/index.php?run_id=110202&search_id=114132&scans_id=110198&peptide_id=26501&scanf=34451&charge=3&value=11/84,sp|P49454|CENPF_HUMAN,/core/www/modules//consensus/?run_id=110202&search_id=114132&scans_id=110198&peptide_id=26501&scanf=34451&charge=3&value=sp|P49454|CENPF_HUMAN,0,/core/www/modules/match_peptides/blast_html4.php?run_id=110202&search_id=114132&scans_id=110198&peptide_id=26501&scanf=34451&charge=3&value=0,K.LQEDTSAHQNVVAETLSALENK.E,/core/www/modules/show_out/show_out_wrapper.php?run_id=110202&search_id=114132&scans_id=110198&peptide_id=26501&scanf=34451&charge=3&value=K.LQEDTSAHQNVVAETLSALENK.E,CENPF,1.255e+6,2.567,0.017,1.771,0.000
34455,3,"  2.774","  0.418",11/52,/core/www/modules//sdig/index.php?run_id=110202&search_id=114132&scans_id=110198&peptide_id=26505&scanf=34455&charge=3&value=11/52,sp|Q9GZQ8|MLP3B_HUMAN,/core/www/modules//consensus/?run_id=110202&search_id=114132&scans_id=110198&peptide_id=26505&scanf=34455&charge=3&value=sp|Q9GZQ8|MLP3B_HUMAN,2,/core/www/modules/match_peptides/blast_html4.php?run_id=110202&search_id=114132&scans_id=110198&peptide_id=26505&scanf=34455&charge=3&value=2,K.FLVPDHVNMSELIK.I,/core/www/modules/show_out/show_out_wrapper.php?run_id=110202&search_id=114132&scans_id=110198&peptide_id=26505&scanf=34455&charge=3&value=K.FLVPDHVNMSELIK.I,MAP1LC3B,3.228e+6,2.640,0.013,1.878,0.000
34458,2,"  1.748","  0.391",8/14,/core/www/modules//sdig/index.php?run_id=110202&search_id=114132&scans_id=110198&peptide_id=26508&scanf=34458&charge=2&value=8/14,sp|Q16799|RTN1_HUMAN,/core/www/modules//consensus/?run_id=110202&search_id=114132&scans_id=110198&peptide_id=26508&scanf=34458&charge=2&value=sp|Q16799|RTN1_HUMAN,0,/core/www/modules/match_peptides/blast_html4.php?run_id=110202&search_id=114132&scans_id=110198&peptide_id=26508&scanf=34458&charge=2&value=0,K.AIDLLYWR.D,/core/www/modules/show_out/show_out_wrapper.php?run_id=110202&search_id=114132&scans_id=110198&peptide_id=26508&scanf=34458&charge=2&value=K.AIDLLYWR.D,RTN1,1.321e+6,2.845,0.007,2.179,0.000
34461,2,"  2.937","  0.394",13/28,/core/www/modules//sdig/index.php?run_id=110202&search_id=114132&scans_id=110198&peptide_id=26511&scanf=34461&charge=2&value=13/28,sp|Q14690|RRP5_HUMAN,/core/www/modules//consensus/?run_id=110202&search_id=114132&scans_id=110198&peptide_id=26511&scanf=34461&charge=2&value=sp|Q14690|RRP5_HUMAN,1,/core/www/modules/match_peptides/blast_html4.php?run_id=110202&search_id=114132&scans_id=110198&peptide_id=26511&scanf=34461&charge=2&value=1,K.VTPNEGLTVSFPFGK.I,/core/www/modules/show_out/show_out_wrapper.php?run_id=110202&search_id=114132&scans_id=110198&peptide_id=26511&scanf=34461&charge=2&value=K.VTPNEGLTVSFPFGK.I,PDCD11,1.226e+7,2.426,0.027,1.567,0.001
34462,3,"  3.747","  0.567",12/72,/core/www/modules//sdig/index.php?run_id=110202&search_id=114132&scans_id=110198&peptide_id=26512&scanf=34462&charge=3&value=12/72,sp|P14868|SYDC_HUMAN,/core/www/modules//consensus/?run_id=110202&search_id=114132&scans_id=110198&peptide_id=26512&scanf=34462&charge=3&value=sp|P14868|SYDC_HUMAN,0,/core/www/modules/match_peptides/blast_html4.php?run_id=110202&search_id=114132&scans_id=110198&peptide_id=26512&scanf=34462&charge=3&value=0,K.IISAASEGGANVFTVSYFK.N,/core/www/modules/show_out/show_out_wrapper.php?run_id=110202&search_id=114132&scans_id=110198&peptide_id=26512&scanf=34462&charge=3&value=K.IISAASEGGANVFTVSYFK.N,DARS1,2.716e+6,3.140,0.002,2.615,0.000
34465,3,"  2.989","  0.403",12/48,/core/www/modules//sdig/index.php?run_id=110202&search_id=114132&scans_id=110198&peptide_id=26515&scanf=34465&charge=3&value=12/48,sp|Q07020|RL18_HUMAN,/core/www/modules//consensus/?run_id=110202&search_id=114132&scans_id=110198&peptide_id=26515&scanf=34465&charge=3&value=sp|Q07020|RL18_HUMAN,4,/core/www/modules/match_peptides/blast_html4.php?run_id=110202&search_id=114132&scans_id=110198&peptide_id=26515&scanf=34465&charge=3&value=4,K.ILTFDQLALDSPK.G,/core/www/modules/show_out/show_out_wrapper.php?run_id=110202&search_id=114132&scans_id=110198&peptide_id=26515&scanf=34465&charge=3&value=K.ILTFDQLALDSPK.G,RPL18,3.440e+6,2.830,0.007,2.158,0.000
34468,3,"  2.549","  0.501",10/48,/core/www/modules//sdig/index.php?run_id=110202&search_id=114132&scans_id=110198&peptide_id=26518&scanf=34468&charge=3&value=10/48,sp|P05198|IF2A_HUMAN,/core/www/modules//consensus/?run_id=110202&search_id=114132&scans_id=110198&peptide_id=26518&scanf=34468&charge=3&value=sp|P05198|IF2A_HUMAN,1,/core/www/modules/match_peptides/blast_html4.php?run_id=110202&search_id=114132&scans_id=110198&peptide_id=26518&scanf=34468&charge=3&value=1,K.FPEVEDVVMVNVR.S,/core/www/modules/show_out/show_out_wrapper.php?run_id=110202&search_id=114132&scans_id=110198&peptide_id=26518&scanf=34468&charge=3&value=K.FPEVEDVVMVNVR.S,EIF2S1,2.565e+6,3.076,0.003,2.520,0.000
34483,2,"  4.885","  0.664",14/30,/core/www/modules//sdig/index.php?run_id=110202&search_id=114132&scans_id=110198&peptide_id=26533&scanf=34483&charge=2&value=14/30,sp|O75643|U520_HUMAN,/core/www/modules//consensus/?run_id=110202&search_id=114132&scans_id=110198&peptide_id=26533&scanf=34483&charge=2&value=sp|O75643|U520_HUMAN,0,/core/www/modules/match_peptides/blast_html4.php?run_id=110202&search_id=114132&scans_id=110198&peptide_id=26533&scanf=34483&charge=2&value=0,R.EEEVTGPVIAPLFPQK.R,/core/www/modules/show_out/show_out_wrapper.php?run_id=110202&search_id=114132&scans_id=110198&peptide_id=26533&scanf=34483&charge=2&value=R.EEEVTGPVIAPLFPQK.R,SNRNP200,1.517e+7,3.703,0.000,3.450,0.000
34488,2,"  1.940","  0.019",9/16,/core/www/modules//sdig/index.php?run_id=110202&search_id=114132&scans_id=110198&peptide_id=26538&scanf=34488&charge=2&value=9/16,sp|P04908|H2A1B_HUMAN,/core/www/modules//consensus/?run_id=110202&search_id=114132&scans_id=110198&peptide_id=26538&scanf=34488&charge=2&value=sp|P04908|H2A1B_HUMAN,19,/core/www/modules/match_peptides/blast_html4.php?run_id=110202&search_id=114132&scans_id=110198&peptide_id=26538&scanf=34488&charge=2&value=19,R.AGLQFPVGR.V,/core/www/modules/show_out/show_out_wrapper.php?run_id=110202&search_id=114132&scans_id=110198&peptide_id=26538&scanf=34488&charge=2&value=R.AGLQFPVGR.V,H2AC8,1.778e+6,1.814,0.184,0.736,0.010
34490,2,"  1.496","  0.268",6/18,/core/www/modules//sdig/index.php?run_id=110202&search_id=114132&scans_id=110198&peptide_id=26541&scanf=34490&charge=2&value=6/18,sp|Q13315|ATM_HUMAN,/core/www/modules//consensus/?run_id=110202&search_id=114132&scans_id=110198&peptide_id=26541&scanf=34490&charge=2&value=sp|Q13315|ATM_HUMAN,0,/core/www/modules/match_peptides/blast_html4.php?run_id=110202&search_id=114132&scans_id=110198&peptide_id=26541&scanf=34490&charge=2&value=0,K.LVVNLLQLSK.M,/core/www/modules/show_out/show_out_wrapper.php?run_id=110202&search_id=114132&scans_id=110198&peptide_id=26541&scanf=34490&charge=2&value=K.LVVNLLQLSK.M,ATM,2.533e+6,2.118,0.074,1.132,0.002
34494,2,"  1.473","  0.199",6/12,/core/www/modules//sdig/index.php?run_id=110202&search_id=114132&scans_id=110198&peptide_id=26545&scanf=34494&charge=2&value=6/12,sp|P04908|H2A1B_HUMAN,/core/www/modules//consensus/?run_id=110202&search_id=114132&scans_id=110198&peptide_id=26545&scanf=34494&charge=2&value=sp|P04908|H2A1B_HUMAN,20,/core/www/modules/match_peptides/blast_html4.php?run_id=110202&search_id=114132&scans_id=110198&peptide_id=26545&scanf=34494&charge=2&value=20,R.HLQLAIR.N,/core/www/modules/show_out/show_out_wrapper.php?run_id=110202&search_id=114132&scans_id=110198&peptide_id=26545&scanf=34494&charge=2&value=R.HLQLAIR.N,H2AC8,4.853e+6,2.357,0.034,1.468,0.001
34495,3,"  2.630","  0.407",10/56,/core/www/modules//sdig/index.php?run_id=110202&search_id=114132&scans_id=110198&peptide_id=26546&scanf=34495&charge=3&value=10/56,sp|P02545|LMNA_HUMAN,/core/www/modules//consensus/?run_id=110202&search_id=114132&scans_id=110198&peptide_id=26546&scanf=34495&charge=3&value=sp|P02545|LMNA_HUMAN,5,/core/www/modules/match_peptides/blast_html4.php?run_id=110202&search_id=114132&scans_id=110198&peptide_id=26546&scanf=34495&charge=3&value=5,R.MQQQLDEYQELLDIK.L,/core/www/modules/show_out/show_out_wrapper.php?run_id=110202&search_id=114132&scans_id=110198&peptide_id=26546&scanf=34495&charge=3&value=R.MQQQLDEYQELLDIK.L,LMNA,1.385e+7,2.727,0.010,2.005,0.000
34504,3,"  4.080","  0.589",17/52,/core/www/modules//sdig/index.php?run_id=110202&search_id=114132&scans_id=110198&peptide_id=26555&scanf=34504&charge=3&value=17/52,sp|O95602|RPA1_HUMAN,/core/www/modules//consensus/?run_id=110202&search_id=114132&scans_id=110198&peptide_id=26555&scanf=34504&charge=3&value=sp|O95602|RPA1_HUMAN,1,/core/www/modules/match_peptides/blast_html4.php?run_id=110202&search_id=114132&scans_id=110198&peptide_id=26555&scanf=34504&charge=3&value=1,R.GFTLGVEDILVKPK.A,/core/www/modules/show_out/show_out_wrapper.php?run_id=110202&search_id=114132&scans_id=110198&peptide_id=26555&scanf=34504&charge=3&value=R.GFTLGVEDILVKPK.A,POLR1A,5.374e+6,3.618,0.000,3.322,0.000
34505,2,"  3.696","  0.602",15/30,/core/www/modules//sdig/index.php?run_id=110202&search_id=114132&scans_id=110198&peptide_id=26556&scanf=34505&charge=2&value=15/30,sp|O00231|PSD11_HUMAN,/core/www/modules//consensus/?run_id=110202&search_id=114132&scans_id=110198&peptide_id=26556&scanf=34505&charge=2&value=sp|O00231|PSD11_HUMAN,0,/core/www/modules/match_peptides/blast_html4.php?run_id=110202&search_id=114132&scans_id=110198&peptide_id=26556&scanf=34505&charge=2&value=0,K.IMLNTPEDVQALVSGK.L,/core/www/modules/show_out/show_out_wrapper.php?run_id=110202&search_id=114132&scans_id=110198&peptide_id=26556&scanf=34505&charge=2&value=K.IMLNTPEDVQALVSGK.L,PSMD11,4.493e+6,3.131,0.003,2.602,0.000
34506,2,"  2.838","  0.563",11/20,/core/www/modules//sdig/index.php?run_id=110202&search_id=114132&scans_id=110198&peptide_id=26557&scanf=34506&charge=2&value=11/20,sp|P12956|XRCC6_HUMAN,/core/www/modules//consensus/?run_id=110202&search_id=114132&scans_id=110198&peptide_id=26557&scanf=34506&charge=2&value=sp|P12956|XRCC6_HUMAN,0,/core/www/modules/match_peptides/blast_html4.php?run_id=110202&search_id=114132&scans_id=110198&peptide_id=26557&scanf=34506&charge=2&value=0,R.DSLIFLVDASK.A,/core/www/modules/show_out/show_out_wrapper.php?run_id=110202&search_id=114132&scans_id=110198&peptide_id=26557&scanf=34506&charge=2&value=R.DSLIFLVDASK.A,XRCC6,6.143e+7,3.527,0.001,3.188,0.000
34507,3,"  2.996","  0.516",14/48,/core/www/modules//sdig/index.php?run_id=110202&search_id=114132&scans_id=110198&peptide_id=26558&scanf=34507&charge=3&value=14/48,sp|Q92499|DDX1_HUMAN,/core/www/modules//consensus/?run_id=110202&search_id=114132&scans_id=110198&peptide_id=26558&scanf=34507&charge=3&value=sp|Q92499|DDX1_HUMAN,9,/core/www/modules/match_peptides/blast_html4.php?run_id=110202&search_id=114132&scans_id=110198&peptide_id=26558&scanf=34507&charge=3&value=9,K.DLGLAFEIPPHMK.N,/core/www/modules/show_out/show_out_wrapper.php?run_id=110202&search_id=114132&scans_id=110198&peptide_id=26558&scanf=34507&charge=3&value=K.DLGLAFEIPPHMK.N,DDX1,3.838e+6,3.306,0.001,2.861,0.000
34508,2,"  3.523","  0.567",14/26,/core/www/modules//sdig/index.php?run_id=110202&search_id=114132&scans_id=110198&peptide_id=26559&scanf=34508&charge=2&value=14/26,sp|Q9NVN8|GNL3L_HUMAN,/core/www/modules//consensus/?run_id=110202&search_id=114132&scans_id=110198&peptide_id=26559&scanf=34508&charge=2&value=sp|Q9NVN8|GNL3L_HUMAN,2,/core/www/modules/match_peptides/blast_html4.php?run_id=110202&search_id=114132&scans_id=110198&peptide_id=26559&scanf=34508&charge=2&value=2,K.LADPVTPVETILQR.C,/core/www/modules/show_out/show_out_wrapper.php?run_id=110202&search_id=114132&scans_id=110198&peptide_id=26559&scanf=34508&charge=2&value=K.LADPVTPVETILQR.C,GNL3L,5.066e+6,3.287,0.001,2.833,0.000
34509,3,"  3.852","  0.371",17/64,/core/www/modules//sdig/index.php?run_id=110202&search_id=114132&scans_id=110198&peptide_id=26560&scanf=34509&charge=3&value=17/64,sp|Q15428|SF3A2_HUMAN,/core/www/modules//consensus/?run_id=110202&search_id=114132&scans_id=110198&peptide_id=26560&scanf=34509&charge=3&value=sp|Q15428|SF3A2_HUMAN,1,/core/www/modules/match_peptides/blast_html4.php?run_id=110202&search_id=114132&scans_id=110198&peptide_id=26560&scanf=34509&charge=3&value=1,R.QLALETIDINKDPYFMK.N,/core/www/modules/show_out/show_out_wrapper.php?run_id=110202&search_id=114132&scans_id=110198&peptide_id=26560&scanf=34509&charge=3&value=R.QLALETIDINKDPYFMK.N,SF3A2,6.105e+6,2.335,0.037,1.436,0.001
34510,2,"  3.954","  0.664",17/32,/core/www/modules//sdig/index.php?run_id=110202&search_id=114132&scans_id=110198&peptide_id=26562&scanf=34510&charge=2&value=17/32,sp|A6NHL2|TBAL3_HUMAN,/core/www/modules//consensus/?run_id=110202&search_id=114132&scans_id=110198&peptide_id=26562&scanf=34510&charge=2&value=sp|A6NHL2|TBAL3_HUMAN,0,/core/www/modules/match_peptides/blast_html4.php?run_id=110202&search_id=114132&scans_id=110198&peptide_id=26562&scanf=34510&charge=2&value=0,R.SFGGGTGSGFTSLLMER.L,/core/www/modules/show_out/show_out_wrapper.php?run_id=110202&search_id=114132&scans_id=110198&peptide_id=26562&scanf=34510&charge=2&value=R.SFGGGTGSGFTSLLMER.L,TUBAL3,3.913e+6,3.507,0.001,3.159,0.000
34514,2,"  3.108","  0.551",13/28,/core/www/modules//sdig/index.php?run_id=110202&search_id=114132&scans_id=110198&peptide_id=26566&scanf=34514&charge=2&value=13/28,sp|P30530|UFO_HUMAN,/core/www/modules//consensus/?run_id=110202&search_id=114132&scans_id=110198&peptide_id=26566&scanf=34514&charge=2&value=sp|P30530|UFO_HUMAN,1,/core/www/modules/match_peptides/blast_html4.php?run_id=110202&search_id=114132&scans_id=110198&peptide_id=26566&scanf=34514&charge=2&value=1,K.FMADIASGMEYLSTK.R,/core/www/modules/show_out/show_out_wrapper.php?run_id=110202&search_id=114132&scans_id=110198&peptide_id=26566&scanf=34514&charge=2&value=K.FMADIASGMEYLSTK.R,AXL,1.718e+6,3.018,0.004,2.435,0.000
34516,2,"  2.222","  0.302",8/24,/core/www/modules//sdig/index.php?run_id=110202&search_id=114132&scans_id=110198&peptide_id=26568&scanf=34516&charge=2&value=8/24,sp|Q15013|MD2BP_HUMAN,/core/www/modules//consensus/?run_id=110202&search_id=114132&scans_id=110198&peptide_id=26568&scanf=34516&charge=2&value=sp|Q15013|MD2BP_HUMAN,0,/core/www/modules/match_peptides/blast_html4.php?run_id=110202&search_id=114132&scans_id=110198&peptide_id=26568&scanf=34516&charge=2&value=0,R.VLILLGGNALSPK.E,/core/www/modules/show_out/show_out_wrapper.php?run_id=110202&search_id=114132&scans_id=110198&peptide_id=26568&scanf=34516&charge=2&value=R.VLILLGGNALSPK.E,MAD2L1BP,1.417e+6,2.065,0.087,1.059,0.004
34528,2,"  1.763","  0.425",10/18,/core/www/modules//sdig/index.php?run_id=110202&search_id=114132&scans_id=110198&peptide_id=26580&scanf=34528&charge=2&value=10/18,sp|P17980|PRS6A_HUMAN,/core/www/modules//consensus/?run_id=110202&search_id=114132&scans_id=110198&peptide_id=26580&scanf=34528&charge=2&value=sp|P17980|PRS6A_HUMAN,3,/core/www/modules/match_peptides/blast_html4.php?run_id=110202&search_id=114132&scans_id=110198&peptide_id=26580&scanf=34528&charge=2&value=3,R.VDILDPALLR.S,/core/www/modules/show_out/show_out_wrapper.php?run_id=110202&search_id=114132&scans_id=110198&peptide_id=26580&scanf=34528&charge=2&value=R.VDILDPALLR.S,PSMC3,2.625e+7,2.863,0.006,2.205,0.000
34531,2,"  3.754","  0.464",13/26,/core/www/modules//sdig/index.php?run_id=110202&search_id=114132&scans_id=110198&peptide_id=26584&scanf=34531&charge=2&value=13/26,sp|Q15149|PLEC_HUMAN,/core/www/modules//consensus/?run_id=110202&search_id=114132&scans_id=110198&peptide_id=26584&scanf=34531&charge=2&value=sp|Q15149|PLEC_HUMAN,5,/core/www/modules/match_peptides/blast_html4.php?run_id=110202&search_id=114132&scans_id=110198&peptide_id=26584&scanf=34531&charge=2&value=5,R.ESADPLGAWLQDAR.R,/core/www/modules/show_out/show_out_wrapper.php?run_id=110202&search_id=114132&scans_id=110198&peptide_id=26584&scanf=34531&charge=2&value=R.ESADPLGAWLQDAR.R,PLEC,1.112e+7,3.351,0.001,2.927,0.000
34536,3,"  6.290","  0.747",27/92,/core/www/modules//sdig/index.php?run_id=110202&search_id=114132&scans_id=110198&peptide_id=26589&scanf=34536&charge=3&value=27/92,sp|Q05048|CSTF1_HUMAN,/core/www/modules//consensus/?run_id=110202&search_id=114132&scans_id=110198&peptide_id=26589&scanf=34536&charge=3&value=sp|Q05048|CSTF1_HUMAN,1,/core/www/modules/match_peptides/blast_html4.php?run_id=110202&search_id=114132&scans_id=110198&peptide_id=26589&scanf=34536&charge=3&value=1,K.SAMPIEVMMNETAQQNMENHPVIR.T,/core/www/modules/show_out/show_out_wrapper.php?run_id=110202&search_id=114132&scans_id=110198&peptide_id=26589&scanf=34536&charge=3&value=K.SAMPIEVMMNETAQQNMENHPVIR.T,CSTF1,2.638e+6,3.805,0.000,3.600,0.000
34538,2,"  1.816","  0.189",8/14,/core/www/modules//sdig/index.php?run_id=110202&search_id=114132&scans_id=110198&peptide_id=26591&scanf=34538&charge=2&value=8/14,sp|P62805|H4_HUMAN,/core/www/modules//consensus/?run_id=110202&search_id=114132&scans_id=110198&peptide_id=26591&scanf=34538&charge=2&value=sp|P62805|H4_HUMAN,0,/core/www/modules/match_peptides/blast_html4.php?run_id=110202&search_id=114132&scans_id=110198&peptide_id=26591&scanf=34538&charge=2&value=0,K.VFLENVIR.D,/core/www/modules/show_out/show_out_wrapper.php?run_id=110202&search_id=114132&scans_id=110198&peptide_id=26591&scanf=34538&charge=2&value=K.VFLENVIR.D,H4C16,1.492e+7,2.359,0.034,1.471,0.001
34539,2,"  2.596","  0.521",11/18,/core/www/modules//sdig/index.php?run_id=110202&search_id=114132&scans_id=110198&peptide_id=26592&scanf=34539&charge=2&value=11/18,sp|P31948|STIP1_HUMAN,/core/www/modules//consensus/?run_id=110202&search_id=114132&scans_id=110198&peptide_id=26592&scanf=34539&charge=2&value=sp|P31948|STIP1_HUMAN,0,/core/www/modules/match_peptides/blast_html4.php?run_id=110202&search_id=114132&scans_id=110198&peptide_id=26592&scanf=34539&charge=2&value=0,K.LMDVGLIAIR.-,/core/www/modules/show_out/show_out_wrapper.php?run_id=110202&search_id=114132&scans_id=110198&peptide_id=26592&scanf=34539&charge=2&value=K.LMDVGLIAIR.-,STIP1,1.550e+6,3.327,0.001,2.891,0.000
34541,2,"  4.104","  0.582",14/22,/core/www/modules//sdig/index.php?run_id=110202&search_id=114132&scans_id=110198&peptide_id=26595&scanf=34541&charge=2&value=14/22,sp|Q8N5C6|SRBD1_HUMAN,/core/www/modules//consensus/?run_id=110202&search_id=114132&scans_id=110198&peptide_id=26595&scanf=34541&charge=2&value=sp|Q8N5C6|SRBD1_HUMAN,0,/core/www/modules/match_peptides/blast_html4.php?run_id=110202&search_id=114132&scans_id=110198&peptide_id=26595&scanf=34541&charge=2&value=0,R.VEVQVLNIDIPR.S,/core/www/modules/show_out/show_out_wrapper.php?run_id=110202&search_id=114132&scans_id=110198&peptide_id=26595&scanf=34541&charge=2&value=R.VEVQVLNIDIPR.S,SRBD1,1.409e+6,3.611,0.000,3.313,0.000
34545,3,"  4.826","  0.604",21/76,/core/www/modules//sdig/index.php?run_id=110202&search_id=114132&scans_id=110198&peptide_id=26598&scanf=34545&charge=3&value=21/76,sp|P26599|PTBP1_HUMAN,/core/www/modules//consensus/?run_id=110202&search_id=114132&scans_id=110198&peptide_id=26598&scanf=34545&charge=3&value=sp|P26599|PTBP1_HUMAN,8,/core/www/modules/match_peptides/blast_html4.php?run_id=110202&search_id=114132&scans_id=110198&peptide_id=26598&scanf=34545&charge=3&value=8,K.NNQFQALLQYADPVSAQHAK.L,/core/www/modules/show_out/show_out_wrapper.php?run_id=110202&search_id=114132&scans_id=110198&peptide_id=26598&scanf=34545&charge=3&value=K.NNQFQALLQYADPVSAQHAK.L,PTBP1,9.119e+7,3.431,0.001,3.046,0.000
34546,2,"  3.597","  0.647",18/30,/core/www/modules//sdig/index.php?run_id=110202&search_id=114132&scans_id=110198&peptide_id=26599&scanf=34546&charge=2&value=18/30,sp|Q15233|NONO_HUMAN,/core/www/modules//consensus/?run_id=110202&search_id=114132&scans_id=110198&peptide_id=26599&scanf=34546&charge=2&value=sp|Q15233|NONO_HUMAN,11,/core/www/modules/match_peptides/blast_html4.php?run_id=110202&search_id=114132&scans_id=110198&peptide_id=26599&scanf=34546&charge=2&value=11,R.LFVGNLPPDITEEEMR.K,/core/www/modules/show_out/show_out_wrapper.php?run_id=110202&search_id=114132&scans_id=110198&peptide_id=26599&scanf=34546&charge=2&value=R.LFVGNLPPDITEEEMR.K,NONO,1.949e+7,3.651,0.000,3.371,0.000
34547,3,"  4.249","  0.618",15/92,/core/www/modules//sdig/index.php?run_id=110202&search_id=114132&scans_id=110198&peptide_id=26600&scanf=34547&charge=3&value=15/92,sp|Q9UMS4|PRP19_HUMAN,/core/www/modules//consensus/?run_id=110202&search_id=114132&scans_id=110198&peptide_id=26600&scanf=34547&charge=3&value=sp|Q9UMS4|PRP19_HUMAN,1,/core/www/modules/match_peptides/blast_html4.php?run_id=110202&search_id=114132&scans_id=110198&peptide_id=26600&scanf=34547&charge=3&value=1,K.YIAENGTDPINNQPLSEEQLIDIK.V,/core/www/modules/show_out/show_out_wrapper.php?run_id=110202&search_id=114132&scans_id=110198&peptide_id=26600&scanf=34547&charge=3&value=K.YIAENGTDPINNQPLSEEQLIDIK.V,PRPF19,1.650e+7,2.812,0.007,2.131,0.000
34549,2,"  6.003","  0.787",27/30,/core/www/modules//sdig/index.php?run_id=110202&search_id=114132&scans_id=110198&peptide_id=26602&scanf=34549&charge=2&value=27/30,sp|Q13838|DX39B_HUMAN,/core/www/modules//consensus/?run_id=110202&search_id=114132&scans_id=110198&peptide_id=26602&scanf=34549&charge=2&value=sp|Q13838|DX39B_HUMAN,9,/core/www/modules/match_peptides/blast_html4.php?run_id=110202&search_id=114132&scans_id=110198&peptide_id=26602&scanf=34549&charge=2&value=9,R.KFMQDPMEIFVDDETK.L,/core/www/modules/show_out/show_out_wrapper.php?run_id=110202&search_id=114132&scans_id=110198&peptide_id=26602&scanf=34549&charge=2&value=R.KFMQDPMEIFVDDETK.L,DDX39B,3.947e+6,4.372,0.000,4.440,0.000
34550,4,"  6.792","  0.660",24/192,/core/www/modules//sdig/index.php?run_id=110202&search_id=114132&scans_id=110198&peptide_id=26604&scanf=34550&charge=4&value=24/192,sp|P26368|U2AF2_HUMAN,/core/www/modules//consensus/?run_id=110202&search_id=114132&scans_id=110198&peptide_id=26604&scanf=34550&charge=4&value=sp|P26368|U2AF2_HUMAN,0,/core/www/modules/match_peptides/blast_html4.php?run_id=110202&search_id=114132&scans_id=110198&peptide_id=26604&scanf=34550&charge=4&value=0,R.RPHDYQPLPGMSENPSVYVPGVVSTVVPDSAHK.L,/core/www/modules/show_out/show_out_wrapper.php?run_id=110202&search_id=114132&scans_id=110198&peptide_id=26604&scanf=34550&charge=4&value=R.RPHDYQPLPGMSENPSVYVPGVVSTVVPDSAHK.L,U2AF2,9.197e+6,3.497,0.001,3.143,0.000
34551,2,"  3.898","  0.568",15/34,/core/www/modules//sdig/index.php?run_id=110202&search_id=114132&scans_id=110198&peptide_id=26605&scanf=34551&charge=2&value=15/34,sp|Q15393|SF3B3_HUMAN,/core/www/modules//consensus/?run_id=110202&search_id=114132&scans_id=110198&peptide_id=26605&scanf=34551&charge=2&value=sp|Q15393|SF3B3_HUMAN,0,/core/www/modules/match_peptides/blast_html4.php?run_id=110202&search_id=114132&scans_id=110198&peptide_id=26605&scanf=34551&charge=2&value=0,R.WVTTASLLDYDTVAGADK.F,/core/www/modules/show_out/show_out_wrapper.php?run_id=110202&search_id=114132&scans_id=110198&peptide_id=26605&scanf=34551&charge=2&value=R.WVTTASLLDYDTVAGADK.F,SF3B3,6.589e+6,3.135,0.002,2.607,0.000
34566,2,"  3.068","  0.417",10/26,/core/www/modules//sdig/index.php?run_id=110202&search_id=114132&scans_id=110198&peptide_id=26620&scanf=34566&charge=2&value=10/26,sp|O00571|DDX3X_HUMAN,/core/www/modules//consensus/?run_id=110202&search_id=114132&scans_id=110198&peptide_id=26620&scanf=34566&charge=2&value=sp|O00571|DDX3X_HUMAN,16,/core/www/modules/match_peptides/blast_html4.php?run_id=110202&search_id=114132&scans_id=110198&peptide_id=26620&scanf=34566&charge=2&value=16,R.VGNLGLATSFFNER.N,/core/www/modules/show_out/show_out_wrapper.php?run_id=110202&search_id=114132&scans_id=110198&peptide_id=26620&scanf=34566&charge=2&value=R.VGNLGLATSFFNER.N,DDX3X,4.297e+7,2.511,0.020,1.690,0.000
34572,3,"  3.250","  0.650",26/92,/core/www/modules//sdig/index.php?run_id=110202&search_id=114132&scans_id=110198&peptide_id=26627&scanf=34572&charge=3&value=26/92,sp|Q05048|CSTF1_HUMAN,/core/www/modules//consensus/?run_id=110202&search_id=114132&scans_id=110198&peptide_id=26627&scanf=34572&charge=3&value=sp|Q05048|CSTF1_HUMAN,1,/core/www/modules/match_peptides/blast_html4.php?run_id=110202&search_id=114132&scans_id=110198&peptide_id=26627&scanf=34572&charge=3&value=1,K.SAMPIEVMMNETAQQNMENHPVIR.T,/core/www/modules/show_out/show_out_wrapper.php?run_id=110202&search_id=114132&scans_id=110198&peptide_id=26627&scanf=34572&charge=3&value=K.SAMPIEVMMNETAQQNMENHPVIR.T,CSTF1,2.638e+6,3.284,0.001,2.829,0.000
34574,3,"  2.537","  0.446",11/68,/core/www/modules//sdig/index.php?run_id=110202&search_id=114132&scans_id=110198&peptide_id=26629&scanf=34574&charge=3&value=11/68,sp|Q9P2E9|RRBP1_HUMAN,/core/www/modules//consensus/?run_id=110202&search_id=114132&scans_id=110198&peptide_id=26629&scanf=34574&charge=3&value=sp|Q9P2E9|RRBP1_HUMAN,0,/core/www/modules/match_peptides/blast_html4.php?run_id=110202&search_id=114132&scans_id=110198&peptide_id=26629&scanf=34574&charge=3&value=0,K.TLVSTVGSMVFNEGEAQR.L,/core/www/modules/show_out/show_out_wrapper.php?run_id=110202&search_id=114132&scans_id=110198&peptide_id=26629&scanf=34574&charge=3&value=K.TLVSTVGSMVFNEGEAQR.L,RRBP1,6.372e+6,2.610,0.015,1.834,0.000
34575,3,"  2.874","  0.463",17/80,/core/www/modules//sdig/index.php?run_id=110202&search_id=114132&scans_id=110198&peptide_id=26630&scanf=34575&charge=3&value=17/80,sp|Q14839|CHD4_HUMAN,/core/www/modules//consensus/?run_id=110202&search_id=114132&scans_id=110198&peptide_id=26630&scanf=34575&charge=3&value=sp|Q14839|CHD4_HUMAN,20,/core/www/modules/match_peptides/blast_html4.php?run_id=110202&search_id=114132&scans_id=110198&peptide_id=26630&scanf=34575&charge=3&value=20,R.NQDETEDTELQGMNEYLSSFK.V,/core/www/modules/show_out/show_out_wrapper.php?run_id=110202&search_id=114132&scans_id=110198&peptide_id=26630&scanf=34575&charge=3&value=R.NQDETEDTELQGMNEYLSSFK.V,CHD4,5.122e+6,2.831,0.007,2.159,0.000
34578,2,"  3.533","  0.537",12/26,/core/www/modules//sdig/index.php?run_id=110202&search_id=114132&scans_id=110198&peptide_id=26633&scanf=34578&charge=2&value=12/26,sp|Q15149|PLEC_HUMAN,/core/www/modules//consensus/?run_id=110202&search_id=114132&scans_id=110198&peptide_id=26633&scanf=34578&charge=2&value=sp|Q15149|PLEC_HUMAN,5,/core/www/modules/match_peptides/blast_html4.php?run_id=110202&search_id=114132&scans_id=110198&peptide_id=26633&scanf=34578&charge=2&value=5,R.ESADPLGAWLQDAR.R,/core/www/modules/show_out/show_out_wrapper.php?run_id=110202&search_id=114132&scans_id=110198&peptide_id=26633&scanf=34578&charge=2&value=R.ESADPLGAWLQDAR.R,PLEC,1.112e+7,3.624,0.000,3.332,0.000
34581,2,"  1.746","  0.188",7/16,/core/www/modules//sdig/index.php?run_id=110202&search_id=114132&scans_id=110198&peptide_id=26637&scanf=34581&charge=2&value=7/16,sp|Q13315|ATM_HUMAN,/core/www/modules//consensus/?run_id=110202&search_id=114132&scans_id=110198&peptide_id=26637&scanf=34581&charge=2&value=sp|Q13315|ATM_HUMAN,7,/core/www/modules/match_peptides/blast_html4.php?run_id=110202&search_id=114132&scans_id=110198&peptide_id=26637&scanf=34581&charge=2&value=7,K.YLNWDAVFR.F,/core/www/modules/show_out/show_out_wrapper.php?run_id=110202&search_id=114132&scans_id=110198&peptide_id=26637&scanf=34581&charge=2&value=K.YLNWDAVFR.F,ATM,1.189e+6,2.081,0.083,1.081,0.003
34593,2,"  3.514","  0.600",15/24,/core/www/modules//sdig/index.php?run_id=110202&search_id=114132&scans_id=110198&peptide_id=26649&scanf=34593&charge=2&value=15/24,sp|P40616|ARL1_HUMAN,/core/www/modules//consensus/?run_id=110202&search_id=114132&scans_id=110198&peptide_id=26649&scanf=34593&charge=2&value=sp|P40616|ARL1_HUMAN,2,/core/www/modules/match_peptides/blast_html4.php?run_id=110202&search_id=114132&scans_id=110198&peptide_id=26649&scanf=34593&charge=2&value=2,K.SELVAMLEEEELR.K,/core/www/modules/show_out/show_out_wrapper.php?run_id=110202&search_id=114132&scans_id=110198&peptide_id=26649&scanf=34593&charge=2&value=K.SELVAMLEEEELR.K,ARL1,4.653e+6,3.552,0.001,3.225,0.000
34596,3,"  4.224","  0.626",17/56,/core/www/modules//sdig/index.php?run_id=110202&search_id=114132&scans_id=110198&peptide_id=26652&scanf=34596&charge=3&value=17/56,sp|O60814|H2B1K_HUMAN,/core/www/modules//consensus/?run_id=110202&search_id=114132&scans_id=110198&peptide_id=26652&scanf=34596&charge=3&value=sp|O60814|H2B1K_HUMAN,14,/core/www/modules/match_peptides/blast_html4.php?run_id=110202&search_id=114132&scans_id=110198&peptide_id=26652&scanf=34596&charge=3&value=14,K.AM*GIM*NSFVNDIFER.I,/core/www/modules/show_out/show_out_wrapper.php?run_id=110202&search_id=114132&scans_id=110198&peptide_id=26652&scanf=34596&charge=3&value=K.AM*GIM*NSFVNDIFER.I,H2BC12,1.197e+7,3.827,0.000,3.633,0.000
34597,2,"  2.016","  0.442",12/30,/core/www/modules//sdig/index.php?run_id=110202&search_id=114132&scans_id=110198&peptide_id=26653&scanf=34597&charge=2&value=12/30,sp|O43143|DHX15_HUMAN,/core/www/modules//consensus/?run_id=110202&search_id=114132&scans_id=110198&peptide_id=26653&scanf=34597&charge=2&value=sp|O43143|DHX15_HUMAN,0,/core/www/modules/match_peptides/blast_html4.php?run_id=110202&search_id=114132&scans_id=110198&peptide_id=26653&scanf=34597&charge=2&value=0,R.ASTNAMLISAGLPPLK.A,/core/www/modules/show_out/show_out_wrapper.php?run_id=110202&search_id=114132&scans_id=110198&peptide_id=26653&scanf=34597&charge=2&value=R.ASTNAMLISAGLPPLK.A,DHX15,2.073e+7,2.673,0.012,1.927,0.000
34598,2,"  2.474","  0.330",10/20,/core/www/modules//sdig/index.php?run_id=110202&search_id=114132&scans_id=110198&peptide_id=26654&scanf=34598&charge=2&value=10/20,sp|O60264|SMCA5_HUMAN,/core/www/modules//consensus/?run_id=110202&search_id=114132&scans_id=110198&peptide_id=26654&scanf=34598&charge=2&value=sp|O60264|SMCA5_HUMAN,0,/core/www/modules/match_peptides/blast_html4.php?run_id=110202&search_id=114132&scans_id=110198&peptide_id=26654&scanf=34598&charge=2&value=0,K.IAFTEWIEPPK.R,/core/www/modules/show_out/show_out_wrapper.php?run_id=110202&search_id=114132&scans_id=110198&peptide_id=26654&scanf=34598&charge=2&value=K.IAFTEWIEPPK.R,SMARCA5,1.667e+6,2.668,0.012,1.919,0.000
34602,2,"  5.785","  0.736",22/38,/core/www/modules//sdig/index.php?run_id=110202&search_id=114132&scans_id=110198&peptide_id=26659&scanf=34602&charge=2&value=22/38,sp|P26599|PTBP1_HUMAN,/core/www/modules//consensus/?run_id=110202&search_id=114132&scans_id=110198&peptide_id=26659&scanf=34602&charge=2&value=sp|P26599|PTBP1_HUMAN,8,/core/www/modules/match_peptides/blast_html4.php?run_id=110202&search_id=114132&scans_id=110198&peptide_id=26659&scanf=34602&charge=2&value=8,K.NNQFQALLQYADPVSAQHAK.L,/core/www/modules/show_out/show_out_wrapper.php?run_id=110202&search_id=114132&scans_id=110198&peptide_id=26659&scanf=34602&charge=2&value=K.NNQFQALLQYADPVSAQHAK.L,PTBP1,3.220e+6,3.896,0.000,3.735,0.000
34603,2,"  3.539","  0.585",13/22,/core/www/modules//sdig/index.php?run_id=110202&search_id=114132&scans_id=110198&peptide_id=26660&scanf=34603&charge=2&value=13/22,sp|Q8N5C6|SRBD1_HUMAN,/core/www/modules//consensus/?run_id=110202&search_id=114132&scans_id=110198&peptide_id=26660&scanf=34603&charge=2&value=sp|Q8N5C6|SRBD1_HUMAN,0,/core/www/modules/match_peptides/blast_html4.php?run_id=110202&search_id=114132&scans_id=110198&peptide_id=26660&scanf=34603&charge=2&value=0,R.VEVQVLNIDIPR.S,/core/www/modules/show_out/show_out_wrapper.php?run_id=110202&search_id=114132&scans_id=110198&peptide_id=26660&scanf=34603&charge=2&value=R.VEVQVLNIDIPR.S,SRBD1,1.409e+6,3.521,0.001,3.179,0.000
34609,2,"  5.093","  0.693",18/30,/core/www/modules//sdig/index.php?run_id=110202&search_id=114132&scans_id=110198&peptide_id=26665&scanf=34609&charge=2&value=18/30,sp|P09382|LEG1_HUMAN,/core/www/modules//consensus/?run_id=110202&search_id=114132&scans_id=110198&peptide_id=26665&scanf=34609&charge=2&value=sp|P09382|LEG1_HUMAN,0,/core/www/modules/match_peptides/blast_html4.php?run_id=110202&search_id=114132&scans_id=110198&peptide_id=26665&scanf=34609&charge=2&value=0,R.LNLEAINYMAADGDFK.I,/core/www/modules/show_out/show_out_wrapper.php?run_id=110202&search_id=114132&scans_id=110198&peptide_id=26665&scanf=34609&charge=2&value=R.LNLEAINYMAADGDFK.I,LGALS1,2.115e+6,3.886,0.000,3.720,0.000
34610,3,"  3.127","  0.423",9/72,/core/www/modules//sdig/index.php?run_id=110202&search_id=114132&scans_id=110198&peptide_id=26667&scanf=34610&charge=3&value=9/72,sp|Q9NWT1|PK1IP_HUMAN,/core/www/modules//consensus/?run_id=110202&search_id=114132&scans_id=110198&peptide_id=26667&scanf=34610&charge=3&value=sp|Q9NWT1|PK1IP_HUMAN,0,/core/www/modules/match_peptides/blast_html4.php?run_id=110202&search_id=114132&scans_id=110198&peptide_id=26667&scanf=34610&charge=3&value=0,K.IDIYQLDTASISGTITNEK.R,/core/www/modules/show_out/show_out_wrapper.php?run_id=110202&search_id=114132&scans_id=110198&peptide_id=26667&scanf=34610&charge=3&value=K.IDIYQLDTASISGTITNEK.R,PAK1IP1,1.730e+6,2.490,0.022,1.660,0.001
34615,2,"  2.604","  0.327",10/24,/core/www/modules//sdig/index.php?run_id=110202&search_id=114132&scans_id=110198&peptide_id=26672&scanf=34615&charge=2&value=10/24,sp|Q9UBF2|COPG2_HUMAN,/core/www/modules//consensus/?run_id=110202&search_id=114132&scans_id=110198&peptide_id=26672&scanf=34615&charge=2&value=sp|Q9UBF2|COPG2_HUMAN,0,/core/www/modules/match_peptides/blast_html4.php?run_id=110202&search_id=114132&scans_id=110198&peptide_id=26672&scanf=34615&charge=2&value=0,K.SIPLAMAPVFEQK.A,/core/www/modules/show_out/show_out_wrapper.php?run_id=110202&search_id=114132&scans_id=110198&peptide_id=26672&scanf=34615&charge=2&value=K.SIPLAMAPVFEQK.A,COPG2,5.639e+6,2.221,0.053,1.275,0.002
34616,2,"  2.852","  0.476",11/22,/core/www/modules//sdig/index.php?run_id=110202&search_id=114132&scans_id=110198&peptide_id=26673&scanf=34616&charge=2&value=11/22,sp|P53621|COPA_HUMAN,/core/www/modules//consensus/?run_id=110202&search_id=114132&scans_id=110198&peptide_id=26673&scanf=34616&charge=2&value=sp|P53621|COPA_HUMAN,2,/core/www/modules/match_peptides/blast_html4.php?run_id=110202&search_id=114132&scans_id=110198&peptide_id=26673&scanf=34616&charge=2&value=2,K.LVGQSIIAYLQK.K,/core/www/modules/show_out/show_out_wrapper.php?run_id=110202&search_id=114132&scans_id=110198&peptide_id=26673&scanf=34616&charge=2&value=K.LVGQSIIAYLQK.K,COPA,1.154e+7,3.087,0.003,2.536,0.000
34618,4,"  6.277","  0.673",26/138,/core/www/modules//sdig/index.php?run_id=110202&search_id=114132&scans_id=110198&peptide_id=26675&scanf=34618&charge=4&value=26/138,sp|Q9UKV3|ACINU_HUMAN,/core/www/modules//consensus/?run_id=110202&search_id=114132&scans_id=110198&peptide_id=26675&scanf=34618&charge=4&value=sp|Q9UKV3|ACINU_HUMAN,3,/core/www/modules/match_peptides/blast_html4.php?run_id=110202&search_id=114132&scans_id=110198&peptide_id=26675&scanf=34618&charge=4&value=3,K.SLIPDIKPLAGQEAVVDLHADDSR.I,/core/www/modules/show_out/show_out_wrapper.php?run_id=110202&search_id=114132&scans_id=110198&peptide_id=26675&scanf=34618&charge=4&value=K.SLIPDIKPLAGQEAVVDLHADDSR.I,ACIN1,3.032e+6,3.894,0.000,3.732,0.000
34626,2,"  1.480","  0.354",8/16,/core/www/modules//sdig/index.php?run_id=110202&search_id=114132&scans_id=110198&peptide_id=26684&scanf=34626&charge=2&value=8/16,sp|P36871|PGM1_HUMAN,/core/www/modules//consensus/?run_id=110202&search_id=114132&scans_id=110198&peptide_id=26684&scanf=34626&charge=2&value=sp|P36871|PGM1_HUMAN,1,/core/www/modules/match_peptides/blast_html4.php?run_id=110202&search_id=114132&scans_id=110198&peptide_id=26684&scanf=34626&charge=2&value=1,R.SIFDFSALK.E,/core/www/modules/show_out/show_out_wrapper.php?run_id=110202&search_id=114132&scans_id=110198&peptide_id=26684&scanf=34626&charge=2&value=R.SIFDFSALK.E,PGM1,1.825e+6,2.558,0.017,1.759,0.000
34630,2,"  2.583","  0.398",10/22,/core/www/modules//sdig/index.php?run_id=110202&search_id=114132&scans_id=110198&peptide_id=26688&scanf=34630&charge=2&value=10/22,sp|O60244|MED14_HUMAN,/core/www/modules//consensus/?run_id=110202&search_id=114132&scans_id=110198&peptide_id=26688&scanf=34630&charge=2&value=sp|O60244|MED14_HUMAN,0,/core/www/modules/match_peptides/blast_html4.php?run_id=110202&search_id=114132&scans_id=110198&peptide_id=26688&scanf=34630&charge=2&value=0,K.LPTVPMLGLTQR.T,/core/www/modules/show_out/show_out_wrapper.php?run_id=110202&search_id=114132&scans_id=110198&peptide_id=26688&scanf=34630&charge=2&value=K.LPTVPMLGLTQR.T,MED14,2.385e+6,2.520,0.020,1.703,0.000
34631,3,"  2.642","  0.506",12/40,/core/www/modules//sdig/index.php?run_id=110202&search_id=114132&scans_id=110198&peptide_id=26689&scanf=34631&charge=3&value=12/40,sp|Q03701|CEBPZ_HUMAN,/core/www/modules//consensus/?run_id=110202&search_id=114132&scans_id=110198&peptide_id=26689&scanf=34631&charge=3&value=sp|Q03701|CEBPZ_HUMAN,1,/core/www/modules/match_peptides/blast_html4.php?run_id=110202&search_id=114132&scans_id=110198&peptide_id=26689&scanf=34631&charge=3&value=1,K.DKQNIFEFFER.Q,/core/www/modules/show_out/show_out_wrapper.php?run_id=110202&search_id=114132&scans_id=110198&peptide_id=26689&scanf=34631&charge=3&value=K.DKQNIFEFFER.Q,CEBPZ,7.785e+6,3.019,0.004,2.436,0.000
34633,2,"  2.637","  0.406",10/16,/core/www/modules//sdig/index.php?run_id=110202&search_id=114132&scans_id=110198&peptide_id=26691&scanf=34633&charge=2&value=10/16,sp|Q15397|PUM3_HUMAN,/core/www/modules//consensus/?run_id=110202&search_id=114132&scans_id=110198&peptide_id=26691&scanf=34633&charge=2&value=sp|Q15397|PUM3_HUMAN,0,/core/www/modules/match_peptides/blast_html4.php?run_id=110202&search_id=114132&scans_id=110198&peptide_id=26691&scanf=34633&charge=2&value=0,K.VLLYLLSPR.D,/core/www/modules/show_out/show_out_wrapper.php?run_id=110202&search_id=114132&scans_id=110198&peptide_id=26691&scanf=34633&charge=2&value=K.VLLYLLSPR.D,PUM3,1.752e+7,3.125,0.003,2.593,0.000
34634,3,"  4.201","  0.556",18/56,/core/www/modules//sdig/index.php?run_id=110202&search_id=114132&scans_id=110198&peptide_id=26692&scanf=34634&charge=3&value=18/56,sp|Q9BQ70|TCF25_HUMAN,/core/www/modules//consensus/?run_id=110202&search_id=114132&scans_id=110198&peptide_id=26692&scanf=34634&charge=3&value=sp|Q9BQ70|TCF25_HUMAN,0,/core/www/modules/match_peptides/blast_html4.php?run_id=110202&search_id=114132&scans_id=110198&peptide_id=26692&scanf=34634&charge=3&value=0,R.LSPISHGNTIALFFR.S,/core/www/modules/show_out/show_out_wrapper.php?run_id=110202&search_id=114132&scans_id=110198&peptide_id=26692&scanf=34634&charge=3&value=R.LSPISHGNTIALFFR.S,TCF25,2.375e+6,3.421,0.001,3.031,0.000
34642,3,"  3.862","  0.449",17/96,/core/www/modules//sdig/index.php?run_id=110202&search_id=114132&scans_id=110198&peptide_id=26701&scanf=34642&charge=3&value=17/96,sp|Q86V81|THOC4_HUMAN,/core/www/modules//consensus/?run_id=110202&search_id=114132&scans_id=110198&peptide_id=26701&scanf=34642&charge=3&value=sp|Q86V81|THOC4_HUMAN,1,/core/www/modules/match_peptides/blast_html4.php?run_id=110202&search_id=114132&scans_id=110198&peptide_id=26701&scanf=34642&charge=3&value=1,K.QYNGVPLDGRPMNIQLVTSQIDAQR.R,/core/www/modules/show_out/show_out_wrapper.php?run_id=110202&search_id=114132&scans_id=110198&peptide_id=26701&scanf=34642&charge=3&value=K.QYNGVPLDGRPMNIQLVTSQIDAQR.R,ALYREF,9.318e+5,2.433,0.026,1.577,0.001
34644,3,"  3.144","  0.326",14/40,/core/www/modules//sdig/index.php?run_id=110202&search_id=114132&scans_id=110198&peptide_id=26703&scanf=34644&charge=3&value=14/40,sp|O95714|HERC2_HUMAN,/core/www/modules//consensus/?run_id=110202&search_id=114132&scans_id=110198&peptide_id=26703&scanf=34644&charge=3&value=sp|O95714|HERC2_HUMAN,2,/core/www/modules/match_peptides/blast_html4.php?run_id=110202&search_id=114132&scans_id=110198&peptide_id=26703&scanf=34644&charge=3&value=2,R.LEIFPDVLVHR.L,/core/www/modules/show_out/show_out_wrapper.php?run_id=110202&search_id=114132&scans_id=110198&peptide_id=26703&scanf=34644&charge=3&value=R.LEIFPDVLVHR.L,HERC2,1.614e+6,2.730,0.010,2.011,0.000
34646,2,"  2.908","  0.463",10/22,/core/www/modules//sdig/index.php?run_id=110202&search_id=114132&scans_id=110198&peptide_id=26705&scanf=34646&charge=2&value=10/22,sp|P48730|KC1D_HUMAN,/core/www/modules//consensus/?run_id=110202&search_id=114132&scans_id=110198&peptide_id=26705&scanf=34646&charge=2&value=sp|P48730|KC1D_HUMAN,9,/core/www/modules/match_peptides/blast_html4.php?run_id=110202&search_id=114132&scans_id=110198&peptide_id=26705&scanf=34646&charge=2&value=9,K.TVLLLADQMISR.I,/core/www/modules/show_out/show_out_wrapper.php?run_id=110202&search_id=114132&scans_id=110198&peptide_id=26705&scanf=34646&charge=2&value=K.TVLLLADQMISR.I,CSNK1D,1.053e+6,2.857,0.006,2.197,0.000
34655,2,"  2.614","  0.336",8/28,/core/www/modules//sdig/index.php?run_id=110202&search_id=114132&scans_id=110198&peptide_id=26714&scanf=34655&charge=2&value=8/28,sp|Q9HCM4|E41L5_HUMAN,/core/www/modules//consensus/?run_id=110202&search_id=114132&scans_id=110198&peptide_id=26714&scanf=34655&charge=2&value=sp|Q9HCM4|E41L5_HUMAN,0,/core/www/modules/match_peptides/blast_html4.php?run_id=110202&search_id=114132&scans_id=110198&peptide_id=26714&scanf=34655&charge=2&value=0,R.VSLLDGTDVSVDLPK.K,/core/www/modules/show_out/show_out_wrapper.php?run_id=110202&search_id=114132&scans_id=110198&peptide_id=26714&scanf=34655&charge=2&value=R.VSLLDGTDVSVDLPK.K,EPB41L5,4.299e+7,2.066,0.087,1.060,0.004
34656,2,"  1.754","  0.275",6/22,/core/www/modules//sdig/index.php?run_id=110202&search_id=114132&scans_id=110198&peptide_id=26715&scanf=34656&charge=2&value=6/22,sp|O60942|MCE1_HUMAN,/core/www/modules//consensus/?run_id=110202&search_id=114132&scans_id=110198&peptide_id=26715&scanf=34656&charge=2&value=sp|O60942|MCE1_HUMAN,0,/core/www/modules/match_peptides/blast_html4.php?run_id=110202&search_id=114132&scans_id=110198&peptide_id=26715&scanf=34656&charge=2&value=0,K.LGAIFLEGVTVK.G,/core/www/modules/show_out/show_out_wrapper.php?run_id=110202&search_id=114132&scans_id=110198&peptide_id=26715&scanf=34656&charge=2&value=K.LGAIFLEGVTVK.G,RNGTT,2.654e+6,1.886,0.150,0.825,0.008
34658,3,"  4.111","  0.574",12/56,/core/www/modules//sdig/index.php?run_id=110202&search_id=114132&scans_id=110198&peptide_id=26717&scanf=34658&charge=3&value=12/56,sp|Q9BQ70|TCF25_HUMAN,/core/www/modules//consensus/?run_id=110202&search_id=114132&scans_id=110198&peptide_id=26717&scanf=34658&charge=3&value=sp|Q9BQ70|TCF25_HUMAN,0,/core/www/modules/match_peptides/blast_html4.php?run_id=110202&search_id=114132&scans_id=110198&peptide_id=26717&scanf=34658&charge=3&value=0,R.LSPISHGNTIALFFR.S,/core/www/modules/show_out/show_out_wrapper.php?run_id=110202&search_id=114132&scans_id=110198&peptide_id=26717&scanf=34658&charge=3&value=R.LSPISHGNTIALFFR.S,TCF25,2.375e+6,3.302,0.001,2.856,0.000
34659,2,"  3.806","  0.588",18/30,/core/www/modules//sdig/index.php?run_id=110202&search_id=114132&scans_id=110198&peptide_id=26718&scanf=34659&charge=2&value=18/30,sp|P11177|ODPB_HUMAN,/core/www/modules//consensus/?run_id=110202&search_id=114132&scans_id=110198&peptide_id=26718&scanf=34659&charge=2&value=sp|P11177|ODPB_HUMAN,2,/core/www/modules/match_peptides/blast_html4.php?run_id=110202&search_id=114132&scans_id=110198&peptide_id=26718&scanf=34659&charge=2&value=2,K.VFLLGEEVAQYDGAYK.V,/core/www/modules/show_out/show_out_wrapper.php?run_id=110202&search_id=114132&scans_id=110198&peptide_id=26718&scanf=34659&charge=2&value=K.VFLLGEEVAQYDGAYK.V,PDHB,2.020e+6,3.385,0.001,2.978,0.000
34660,2,"  4.350","  0.751",20/36,/core/www/modules//sdig/index.php?run_id=110202&search_id=114132&scans_id=110198&peptide_id=26720&scanf=34660&charge=2&value=20/36,sp|P61923|COPZ1_HUMAN,/core/www/modules//consensus/?run_id=110202&search_id=114132&scans_id=110198&peptide_id=26720&scanf=34660&charge=2&value=sp|P61923|COPZ1_HUMAN,3,/core/www/modules/match_peptides/blast_html4.php?run_id=110202&search_id=114132&scans_id=110198&peptide_id=26720&scanf=34660&charge=2&value=3,R.GEDVPLTEQTVSQVLQSAK.E,/core/www/modules/show_out/show_out_wrapper.php?run_id=110202&search_id=114132&scans_id=110198&peptide_id=26720&scanf=34660&charge=2&value=R.GEDVPLTEQTVSQVLQSAK.E,COPZ1,2.297e+6,3.783,0.000,3.567,0.000
34662,2,"  2.473","  0.486",11/18,/core/www/modules//sdig/index.php?run_id=110202&search_id=114132&scans_id=110198&peptide_id=26722&scanf=34662&charge=2&value=11/18,sp|O94925|GLSK_HUMAN,/core/www/modules//consensus/?run_id=110202&search_id=114132&scans_id=110198&peptide_id=26722&scanf=34662&charge=2&value=sp|O94925|GLSK_HUMAN,0,/core/www/modules/match_peptides/blast_html4.php?run_id=110202&search_id=114132&scans_id=110198&peptide_id=26722&scanf=34662&charge=2&value=0,K.FDYVMQFLNK.M,/core/www/modules/show_out/show_out_wrapper.php?run_id=110202&search_id=114132&scans_id=110198&peptide_id=26722&scanf=34662&charge=2&value=K.FDYVMQFLNK.M,GLS,2.501e+6,3.148,0.002,2.626,0.000
34663,3,"  2.214","  0.356",7/48,/core/www/modules//sdig/index.php?run_id=110202&search_id=114132&scans_id=110198&peptide_id=26723&scanf=34663&charge=3&value=7/48,sp|P05198|IF2A_HUMAN,/core/www/modules//consensus/?run_id=110202&search_id=114132&scans_id=110198&peptide_id=26723&scanf=34663&charge=3&value=sp|P05198|IF2A_HUMAN,1,/core/www/modules/match_peptides/blast_html4.php?run_id=110202&search_id=114132&scans_id=110198&peptide_id=26723&scanf=34663&charge=3&value=1,K.FPEVEDVVMVNVR.S,/core/www/modules/show_out/show_out_wrapper.php?run_id=110202&search_id=114132&scans_id=110198&peptide_id=26723&scanf=34663&charge=3&value=K.FPEVEDVVMVNVR.S,EIF2S1,2.565e+6,2.484,0.022,1.651,0.001
34668,3,"  1.710","  0.246",8/48,/core/www/modules//sdig/index.php?run_id=110202&search_id=114132&scans_id=110198&peptide_id=26728&scanf=34668&charge=3&value=8/48,sp|Q16401|PSMD5_HUMAN,/core/www/modules//consensus/?run_id=110202&search_id=114132&scans_id=110198&peptide_id=26728&scanf=34668&charge=3&value=sp|Q16401|PSMD5_HUMAN,1,/core/www/modules/match_peptides/blast_html4.php?run_id=110202&search_id=114132&scans_id=110198&peptide_id=26728&scanf=34668&charge=3&value=1,R.LGPLFSLLNENHR.E,/core/www/modules/show_out/show_out_wrapper.php?run_id=110202&search_id=114132&scans_id=110198&peptide_id=26728&scanf=34668&charge=3&value=R.LGPLFSLLNENHR.E,PSMD5,3.383e+6,2.096,0.079,1.102,0.003
34669,2,"  1.419","  0.334",7/14,/core/www/modules//sdig/index.php?run_id=110202&search_id=114132&scans_id=110198&peptide_id=26729&scanf=34669&charge=2&value=7/14,sp|O60287|NPA1P_HUMAN,/core/www/modules//consensus/?run_id=110202&search_id=114132&scans_id=110198&peptide_id=26729&scanf=34669&charge=2&value=sp|O60287|NPA1P_HUMAN,0,/core/www/modules/match_peptides/blast_html4.php?run_id=110202&search_id=114132&scans_id=110198&peptide_id=26729&scanf=34669&charge=2&value=0,R.SVFYLLMK.M,/core/www/modules/show_out/show_out_wrapper.php?run_id=110202&search_id=114132&scans_id=110198&peptide_id=26729&scanf=34669&charge=2&value=R.SVFYLLMK.M,URB1,8.426e+5,2.615,0.014,1.841,0.000
34673,2,"  3.339","  0.501",12/20,/core/www/modules//sdig/index.php?run_id=110202&search_id=114132&scans_id=110198&peptide_id=26733&scanf=34673&charge=2&value=12/20,sp|O95373|IPO7_HUMAN,/core/www/modules//consensus/?run_id=110202&search_id=114132&scans_id=110198&peptide_id=26733&scanf=34673&charge=2&value=sp|O95373|IPO7_HUMAN,0,/core/www/modules/match_peptides/blast_html4.php?run_id=110202&search_id=114132&scans_id=110198&peptide_id=26733&scanf=34673&charge=2&value=0,K.EYNEFAEVFLK.A,/core/www/modules/show_out/show_out_wrapper.php?run_id=110202&search_id=114132&scans_id=110198&peptide_id=26733&scanf=34673&charge=2&value=K.EYNEFAEVFLK.A,IPO7,7.747e+6,3.279,0.002,2.821,0.000
34674,2,"  2.317","  0.562",9/18,/core/www/modules//sdig/index.php?run_id=110202&search_id=114132&scans_id=110198&peptide_id=26734&scanf=34674&charge=2&value=9/18,sp|Q13263|TIF1B_HUMAN,/core/www/modules//consensus/?run_id=110202&search_id=114132&scans_id=110198&peptide_id=26734&scanf=34674&charge=2&value=sp|Q13263|TIF1B_HUMAN,1,/core/www/modules/match_peptides/blast_html4.php?run_id=110202&search_id=114132&scans_id=110198&peptide_id=26734&scanf=34674&charge=2&value=1,K.FQWDLNAWTK.S,/core/www/modules/show_out/show_out_wrapper.php?run_id=110202&search_id=114132&scans_id=110198&peptide_id=26734&scanf=34674&charge=2&value=K.FQWDLNAWTK.S,TRIM28,9.595e+6,3.334,0.001,2.902,0.000
34675,3,"  4.147","  0.436",15/84,/core/www/modules//sdig/index.php?run_id=110202&search_id=114132&scans_id=110198&peptide_id=26735&scanf=34675&charge=3&value=15/84,sp|P61163|ACTZ_HUMAN,/core/www/modules//consensus/?run_id=110202&search_id=114132&scans_id=110198&peptide_id=26735&scanf=34675&charge=3&value=sp|P61163|ACTZ_HUMAN,2,/core/www/modules/match_peptides/blast_html4.php?run_id=110202&search_id=114132&scans_id=110198&peptide_id=26735&scanf=34675&charge=3&value=2,K.DQLQTFSEEHPVLLTEAPLNPR.K,/core/www/modules/show_out/show_out_wrapper.php?run_id=110202&search_id=114132&scans_id=110198&peptide_id=26735&scanf=34675&charge=3&value=K.DQLQTFSEEHPVLLTEAPLNPR.K,ACTR1A,2.834e+6,2.287,0.043,1.369,0.001
34677,3,"  2.222","  0.471",16/48,/core/www/modules//sdig/index.php?run_id=110202&search_id=114132&scans_id=110198&peptide_id=26737&scanf=34677&charge=3&value=16/48,sp|O00410|IPO5_HUMAN,/core/www/modules//consensus/?run_id=110202&search_id=114132&scans_id=110198&peptide_id=26737&scanf=34677&charge=3&value=sp|O00410|IPO5_HUMAN,1,/core/www/modules/match_peptides/blast_html4.php?run_id=110202&search_id=114132&scans_id=110198&peptide_id=26737&scanf=34677&charge=3&value=1,K.VSDILHSIFSSYK.E,/core/www/modules/show_out/show_out_wrapper.php?run_id=110202&search_id=114132&scans_id=110198&peptide_id=26737&scanf=34677&charge=3&value=K.VSDILHSIFSSYK.E,IPO5,3.563e+6,3.062,0.003,2.500,0.000
34678,2,"  2.142","  0.422",10/14,/core/www/modules//sdig/index.php?run_id=110202&search_id=114132&scans_id=110198&peptide_id=26738&scanf=34678&charge=2&value=10/14,sp|P14678|RSMB_HUMAN,/core/www/modules//consensus/?run_id=110202&search_id=114132&scans_id=110198&peptide_id=26738&scanf=34678&charge=2&value=sp|P14678|RSMB_HUMAN,2,/core/www/modules/match_peptides/blast_html4.php?run_id=110202&search_id=114132&scans_id=110198&peptide_id=26738&scanf=34678&charge=2&value=2,R.VLGLVLLR.G,/core/www/modules/show_out/show_out_wrapper.php?run_id=110202&search_id=114132&scans_id=110198&peptide_id=26738&scanf=34678&charge=2&value=R.VLGLVLLR.G,SNRPB,3.901e+7,3.196,0.002,2.698,0.000
34680,3,"  4.712","  0.540",16/88,/core/www/modules//sdig/index.php?run_id=110202&search_id=114132&scans_id=110198&peptide_id=26740&scanf=34680&charge=3&value=16/88,sp|Q92576|PHF3_HUMAN,/core/www/modules//consensus/?run_id=110202&search_id=114132&scans_id=110198&peptide_id=26740&scanf=34680&charge=3&value=sp|Q92576|PHF3_HUMAN,1,/core/www/modules/match_peptides/blast_html4.php?run_id=110202&search_id=114132&scans_id=110198&peptide_id=26740&scanf=34680&charge=3&value=1,R.NKPQQNLQEDLPTAVEPLMEVTK.Q,/core/www/modules/show_out/show_out_wrapper.php?run_id=110202&search_id=114132&scans_id=110198&peptide_id=26740&scanf=34680&charge=3&value=R.NKPQQNLQEDLPTAVEPLMEVTK.Q,PHF3,1.845e+6,2.886,0.006,2.240,0.000
34683,3,"  2.745","  0.324",10/68,/core/www/modules//sdig/index.php?run_id=110202&search_id=114132&scans_id=110198&peptide_id=26743&scanf=34683&charge=3&value=10/68,sp|P26368|U2AF2_HUMAN,/core/www/modules//consensus/?run_id=110202&search_id=114132&scans_id=110198&peptide_id=26743&scanf=34683&charge=3&value=sp|P26368|U2AF2_HUMAN,1,/core/www/modules/match_peptides/blast_html4.php?run_id=110202&search_id=114132&scans_id=110198&peptide_id=26743&scanf=34683&charge=3&value=1,K.YWDVPPPGFEHITPMQYK.A,/core/www/modules/show_out/show_out_wrapper.php?run_id=110202&search_id=114132&scans_id=110198&peptide_id=26743&scanf=34683&charge=3&value=K.YWDVPPPGFEHITPMQYK.A,U2AF2,1.165e+6,2.234,0.051,1.293,0.002
34685,2,"  2.662","  0.000",11/20,/core/www/modules//sdig/index.php?run_id=110202&search_id=114132&scans_id=110198&peptide_id=26745&scanf=34685&charge=2&value=11/20,sp|Q09666|AHNK_HUMAN,/core/www/modules//consensus/?run_id=110202&search_id=114132&scans_id=110198&peptide_id=26745&scanf=34685&charge=2&value=sp|Q09666|AHNK_HUMAN,0,/core/www/modules/match_peptides/blast_html4.php?run_id=110202&search_id=114132&scans_id=110198&peptide_id=26745&scanf=34685&charge=2&value=0,K.ISMPDIDLNLK.G,/core/www/modules/show_out/show_out_wrapper.php?run_id=110202&search_id=114132&scans_id=110198&peptide_id=26745&scanf=34685&charge=2&value=K.ISMPDIDLNLK.G,AHNAK,4.070e+6,1.870,0.157,0.804,0.008
34695,2,"  4.180","  0.632",17/30,/core/www/modules//sdig/index.php?run_id=110202&search_id=114132&scans_id=110198&peptide_id=26755&scanf=34695&charge=2&value=17/30,sp|P30050|RL12_HUMAN,/core/www/modules//consensus/?run_id=110202&search_id=114132&scans_id=110198&peptide_id=26755&scanf=34695&charge=2&value=sp|P30050|RL12_HUMAN,0,/core/www/modules/match_peptides/blast_html4.php?run_id=110202&search_id=114132&scans_id=110198&peptide_id=26755&scanf=34695&charge=2&value=0,R.QAQIEVVPSASALIIK.A,/core/www/modules/show_out/show_out_wrapper.php?run_id=110202&search_id=114132&scans_id=110198&peptide_id=26755&scanf=34695&charge=2&value=R.QAQIEVVPSASALIIK.A,RPL12,5.620e+7,3.542,0.001,3.210,0.000
34698,2,"  3.092","  0.619",11/24,/core/www/modules//sdig/index.php?run_id=110202&search_id=114132&scans_id=110198&peptide_id=26758&scanf=34698&charge=2&value=11/24,sp|Q13283|G3BP1_HUMAN,/core/www/modules//consensus/?run_id=110202&search_id=114132&scans_id=110198&peptide_id=26758&scanf=34698&charge=2&value=sp|Q13283|G3BP1_HUMAN,3,/core/www/modules/match_peptides/blast_html4.php?run_id=110202&search_id=114132&scans_id=110198&peptide_id=26758&scanf=34698&charge=2&value=3,K.DFFQSYGNVVELR.I,/core/www/modules/show_out/show_out_wrapper.php?run_id=110202&search_id=114132&scans_id=110198&peptide_id=26758&scanf=34698&charge=2&value=K.DFFQSYGNVVELR.I,G3BP1,3.991e+6,3.372,0.001,2.959,0.000
34700,3,"  5.869","  0.596",21/76,/core/www/modules//sdig/index.php?run_id=110202&search_id=114132&scans_id=110198&peptide_id=26761&scanf=34700&charge=3&value=21/76,sp|P43686|PRS6B_HUMAN,/core/www/modules//consensus/?run_id=110202&search_id=114132&scans_id=110198&peptide_id=26761&scanf=34700&charge=3&value=sp|P43686|PRS6B_HUMAN,0,/core/www/modules/match_peptides/blast_html4.php?run_id=110202&search_id=114132&scans_id=110198&peptide_id=26761&scanf=34700&charge=3&value=0,K.LQQELEFLEVQEEYIKDEQK.N,/core/www/modules/show_out/show_out_wrapper.php?run_id=110202&search_id=114132&scans_id=110198&peptide_id=26761&scanf=34700&charge=3&value=K.LQQELEFLEVQEEYIKDEQK.N,PSMC4,4.079e+6,3.121,0.003,2.586,0.000
34710,3,"  2.192","  0.297",12/68,/core/www/modules//sdig/index.php?run_id=110202&search_id=114132&scans_id=110198&peptide_id=26772&scanf=34710&charge=3&value=12/68,sp|Q92769|HDAC2_HUMAN,/core/www/modules//consensus/?run_id=110202&search_id=114132&scans_id=110198&peptide_id=26772&scanf=34710&charge=3&value=sp|Q92769|HDAC2_HUMAN,0,/core/www/modules/match_peptides/blast_html4.php?run_id=110202&search_id=114132&scans_id=110198&peptide_id=26772&scanf=34710&charge=3&value=0,R.DGIDDESYGQIFKPIISK.V,/core/www/modules/show_out/show_out_wrapper.php?run_id=110202&search_id=114132&scans_id=110198&peptide_id=26772&scanf=34710&charge=3&value=R.DGIDDESYGQIFKPIISK.V,HDAC2,1.702e+6,2.089,0.081,1.092,0.003
34721,3,"  2.653","  0.339",9/56,/core/www/modules//sdig/index.php?run_id=110202&search_id=114132&scans_id=110198&peptide_id=26783&scanf=34721&charge=3&value=9/56,sp|P08133|ANXA6_HUMAN,/core/www/modules//consensus/?run_id=110202&search_id=114132&scans_id=110198&peptide_id=26783&scanf=34721&charge=3&value=sp|P08133|ANXA6_HUMAN,3,/core/www/modules/match_peptides/blast_html4.php?run_id=110202&search_id=114132&scans_id=110198&peptide_id=26783&scanf=34721&charge=3&value=3,R.LILGLMMPPAHYDAK.Q,/core/www/modules/show_out/show_out_wrapper.php?run_id=110202&search_id=114132&scans_id=110198&peptide_id=26783&scanf=34721&charge=3&value=R.LILGLMMPPAHYDAK.Q,ANXA6,3.639e+6,2.420,0.028,1.559,0.001
34728,3,"  3.753","  0.518",13/64,/core/www/modules//sdig/index.php?run_id=110202&search_id=114132&scans_id=110198&peptide_id=26790&scanf=34728&charge=3&value=13/64,sp|Q00610|CLH1_HUMAN,/core/www/modules//consensus/?run_id=110202&search_id=114132&scans_id=110198&peptide_id=26790&scanf=34728&charge=3&value=sp|Q00610|CLH1_HUMAN,10,/core/www/modules/match_peptides/blast_html4.php?run_id=110202&search_id=114132&scans_id=110198&peptide_id=26790&scanf=34728&charge=3&value=10,R.KDPELWGSVLLESNPYR.R,/core/www/modules/show_out/show_out_wrapper.php?run_id=110202&search_id=114132&scans_id=110198&peptide_id=26790&scanf=34728&charge=3&value=R.KDPELWGSVLLESNPYR.R,CLTC,1.096e+6,2.784,0.008,2.089,0.000
34731,2,"  2.945","  0.346",13/28,/core/www/modules//sdig/index.php?run_id=110202&search_id=114132&scans_id=110198&peptide_id=26794&scanf=34731&charge=2&value=13/28,sp|Q13823|NOG2_HUMAN,/core/www/modules//consensus/?run_id=110202&search_id=114132&scans_id=110198&peptide_id=26794&scanf=34731&charge=2&value=sp|Q13823|NOG2_HUMAN,0,/core/www/modules/match_peptides/blast_html4.php?run_id=110202&search_id=114132&scans_id=110198&peptide_id=26794&scanf=34731&charge=2&value=0,K.VIDSSDVVVQVLDAR.D,/core/www/modules/show_out/show_out_wrapper.php?run_id=110202&search_id=114132&scans_id=110198&peptide_id=26794&scanf=34731&charge=2&value=K.VIDSSDVVVQVLDAR.D,GNL2,1.466e+6,2.324,0.038,1.420,0.001
34734,2,"  3.408","  0.615",15/24,/core/www/modules//sdig/index.php?run_id=110202&search_id=114132&scans_id=110198&peptide_id=26796&scanf=34734&charge=2&value=15/24,sp|P10809|CH60_HUMAN,/core/www/modules//consensus/?run_id=110202&search_id=114132&scans_id=110198&peptide_id=26796&scanf=34734&charge=2&value=sp|P10809|CH60_HUMAN,8,/core/www/modules/match_peptides/blast_html4.php?run_id=110202&search_id=114132&scans_id=110198&peptide_id=26796&scanf=34734&charge=2&value=8,K.TLNDELEIIEGMK.F,/core/www/modules/show_out/show_out_wrapper.php?run_id=110202&search_id=114132&scans_id=110198&peptide_id=26796&scanf=34734&charge=2&value=K.TLNDELEIIEGMK.F,HSPD1,4.560e+7,3.554,0.001,3.229,0.000
34735,2,"  2.696","  0.398",10/20,/core/www/modules//sdig/index.php?run_id=110202&search_id=114132&scans_id=110198&peptide_id=26797&scanf=34735&charge=2&value=10/20,sp|Q14204|DYHC1_HUMAN,/core/www/modules//consensus/?run_id=110202&search_id=114132&scans_id=110198&peptide_id=26797&scanf=34735&charge=2&value=sp|Q14204|DYHC1_HUMAN,29,/core/www/modules/match_peptides/blast_html4.php?run_id=110202&search_id=114132&scans_id=110198&peptide_id=26797&scanf=34735&charge=2&value=29,R.NTISLLVAGLK.K,/core/www/modules/show_out/show_out_wrapper.php?run_id=110202&search_id=114132&scans_id=110198&peptide_id=26797&scanf=34735&charge=2&value=R.NTISLLVAGLK.K,DYNC1H1,4.724e+6,3.056,0.003,2.491,0.000
34736,2,"  2.655","  0.565",11/22,/core/www/modules//sdig/index.php?run_id=110202&search_id=114132&scans_id=110198&peptide_id=26798&scanf=34736&charge=2&value=11/22,sp|O60812|HNRC1_HUMAN,/core/www/modules//consensus/?run_id=110202&search_id=114132&scans_id=110198&peptide_id=26798&scanf=34736&charge=2&value=sp|O60812|HNRC1_HUMAN,19,/core/www/modules/match_peptides/blast_html4.php?run_id=110202&search_id=114132&scans_id=110198&peptide_id=26798&scanf=34736&charge=2&value=19,R.VFIGNLNTLVVK.K,/core/www/modules/show_out/show_out_wrapper.php?run_id=110202&search_id=114132&scans_id=110198&peptide_id=26798&scanf=34736&charge=2&value=R.VFIGNLNTLVVK.K,HNRNPCL1,1.976e+8,3.235,0.002,2.756,0.000
34749,3,"  4.014","  0.544",15/72,/core/www/modules//sdig/index.php?run_id=110202&search_id=114132&scans_id=110198&peptide_id=26812&scanf=34749&charge=3&value=15/72,sp|P51531|SMCA2_HUMAN,/core/www/modules//consensus/?run_id=110202&search_id=114132&scans_id=110198&peptide_id=26812&scanf=34749&charge=3&value=sp|P51531|SMCA2_HUMAN,3,/core/www/modules/match_peptides/blast_html4.php?run_id=110202&search_id=114132&scans_id=110198&peptide_id=26812&scanf=34749&charge=3&value=3,R.ISPIQKPQGLDPVEILQER.E,/core/www/modules/show_out/show_out_wrapper.php?run_id=110202&search_id=114132&scans_id=110198&peptide_id=26812&scanf=34749&charge=3&value=R.ISPIQKPQGLDPVEILQER.E,SMARCA2,1.618e+6,3.280,0.002,2.822,0.000
34751,2,"  2.264","  0.309",8/24,/core/www/modules//sdig/index.php?run_id=110202&search_id=114132&scans_id=110198&peptide_id=26815&scanf=34751&charge=2&value=8/24,sp|P28290|ITPI2_HUMAN,/core/www/modules//consensus/?run_id=110202&search_id=114132&scans_id=110198&peptide_id=26815&scanf=34751&charge=2&value=sp|P28290|ITPI2_HUMAN,2,/core/www/modules/match_peptides/blast_html4.php?run_id=110202&search_id=114132&scans_id=110198&peptide_id=26815&scanf=34751&charge=2&value=2,R.MELQDLELQLEER.L,/core/www/modules/show_out/show_out_wrapper.php?run_id=110202&search_id=114132&scans_id=110198&peptide_id=26815&scanf=34751&charge=2&value=R.MELQDLELQLEER.L,ITPRID2,1.637e+6,2.094,0.080,1.098,0.003
34755,3,"  4.598","  0.643",23/80,/core/www/modules//sdig/index.php?run_id=110202&search_id=114132&scans_id=110198&peptide_id=26818&scanf=34755&charge=3&value=23/80,sp|P60709|ACTB_HUMAN,/core/www/modules//consensus/?run_id=110202&search_id=114132&scans_id=110198&peptide_id=26818&scanf=34755&charge=3&value=sp|P60709|ACTB_HUMAN,6,/core/www/modules/match_peptides/blast_html4.php?run_id=110202&search_id=114132&scans_id=110198&peptide_id=26818&scanf=34755&charge=3&value=6,K.DLYANTVLSGGTTMYPGIADR.M,/core/www/modules/show_out/show_out_wrapper.php?run_id=110202&search_id=114132&scans_id=110198&peptide_id=26818&scanf=34755&charge=3&value=K.DLYANTVLSGGTTMYPGIADR.M,ACTB,3.696e+8,4.026,0.000,3.928,0.000
34759,2,"  3.743","  0.632",15/28,/core/www/modules//sdig/index.php?run_id=110202&search_id=114132&scans_id=110198&peptide_id=26822&scanf=34759&charge=2&value=15/28,sp|Q15149|PLEC_HUMAN,/core/www/modules//consensus/?run_id=110202&search_id=114132&scans_id=110198&peptide_id=26822&scanf=34759&charge=2&value=sp|Q15149|PLEC_HUMAN,5,/core/www/modules/match_peptides/blast_html4.php?run_id=110202&search_id=114132&scans_id=110198&peptide_id=26822&scanf=34759&charge=2&value=5,R.DPYTGQSVSLFQALK.K,/core/www/modules/show_out/show_out_wrapper.php?run_id=110202&search_id=114132&scans_id=110198&peptide_id=26822&scanf=34759&charge=2&value=R.DPYTGQSVSLFQALK.K,PLEC,5.981e+6,4.009,0.000,3.903,0.000
34760,3,"  2.445","  0.303",12/48,/core/www/modules//sdig/index.php?run_id=110202&search_id=114132&scans_id=110198&peptide_id=26824&scanf=34760&charge=3&value=12/48,sp|Q01082|SPTB2_HUMAN,/core/www/modules//consensus/?run_id=110202&search_id=114132&scans_id=110198&peptide_id=26824&scanf=34760&charge=3&value=sp|Q01082|SPTB2_HUMAN,1,/core/www/modules/match_peptides/blast_html4.php?run_id=110202&search_id=114132&scans_id=110198&peptide_id=26824&scanf=34760&charge=3&value=1,K.QLWGLLIEETEKR.H,/core/www/modules/show_out/show_out_wrapper.php?run_id=110202&search_id=114132&scans_id=110198&peptide_id=26824&scanf=34760&charge=3&value=K.QLWGLLIEETEKR.H,SPTBN1,7.373e+6,2.327,0.038,1.425,0.001
34761,3,"  5.180","  0.728",18/112,/core/www/modules//sdig/index.php?run_id=110202&search_id=114132&scans_id=110198&peptide_id=26825&scanf=34761&charge=3&value=18/112,sp|Q9Y4B6|DCAF1_HUMAN,/core/www/modules//consensus/?run_id=110202&search_id=114132&scans_id=110198&peptide_id=26825&scanf=34761&charge=3&value=sp|Q9Y4B6|DCAF1_HUMAN,0,/core/www/modules/match_peptides/blast_html4.php?run_id=110202&search_id=114132&scans_id=110198&peptide_id=26825&scanf=34761&charge=3&value=0,K.EADLPMTAASHSSAFTPVTAAASPVSLPR.T,/core/www/modules/show_out/show_out_wrapper.php?run_id=110202&search_id=114132&scans_id=110198&peptide_id=26825&scanf=34761&charge=3&value=K.EADLPMTAASHSSAFTPVTAAASPVSLPR.T,DCAF1,1.500e+6,3.199,0.002,2.703,0.000
34762,2,"  2.704","  0.460",12/20,/core/www/modules//sdig/index.php?run_id=110202&search_id=114132&scans_id=110198&peptide_id=26826&scanf=34762&charge=2&value=12/20,sp|Q08945|SSRP1_HUMAN,/core/www/modules//consensus/?run_id=110202&search_id=114132&scans_id=110198&peptide_id=26826&scanf=34762&charge=2&value=sp|Q08945|SSRP1_HUMAN,0,/core/www/modules/match_peptides/blast_html4.php?run_id=110202&search_id=114132&scans_id=110198&peptide_id=26826&scanf=34762&charge=2&value=0,R.FDEISFVNFAR.G,/core/www/modules/show_out/show_out_wrapper.php?run_id=110202&search_id=114132&scans_id=110198&peptide_id=26826&scanf=34762&charge=2&value=R.FDEISFVNFAR.G,SSRP1,7.807e+7,3.095,0.003,2.549,0.000
34764,2,"  2.282","  0.269",10/18,/core/www/modules//sdig/index.php?run_id=110202&search_id=114132&scans_id=110198&peptide_id=26828&scanf=34764&charge=2&value=10/18,sp|Q13315|ATM_HUMAN,/core/www/modules//consensus/?run_id=110202&search_id=114132&scans_id=110198&peptide_id=26828&scanf=34764&charge=2&value=sp|Q13315|ATM_HUMAN,0,/core/www/modules/match_peptides/blast_html4.php?run_id=110202&search_id=114132&scans_id=110198&peptide_id=26828&scanf=34764&charge=2&value=0,K.LVVNLLQLSK.M,/core/www/modules/show_out/show_out_wrapper.php?run_id=110202&search_id=114132&scans_id=110198&peptide_id=26828&scanf=34764&charge=2&value=K.LVVNLLQLSK.M,ATM,2.533e+6,2.452,0.025,1.605,0.001
34765,3,"  4.032","  0.600",16/72,/core/www/modules//sdig/index.php?run_id=110202&search_id=114132&scans_id=110198&peptide_id=26829&scanf=34765&charge=3&value=16/72,sp|Q9Y333|LSM2_HUMAN,/core/www/modules//consensus/?run_id=110202&search_id=114132&scans_id=110198&peptide_id=26829&scanf=34765&charge=3&value=sp|Q9Y333|LSM2_HUMAN,0,/core/www/modules/match_peptides/blast_html4.php?run_id=110202&search_id=114132&scans_id=110198&peptide_id=26829&scanf=34765&charge=3&value=0,R.YVQLPADEVDTQLLQDAAR.K,/core/www/modules/show_out/show_out_wrapper.php?run_id=110202&search_id=114132&scans_id=110198&peptide_id=26829&scanf=34765&charge=3&value=R.YVQLPADEVDTQLLQDAAR.K,LSM2,3.628e+6,3.219,0.002,2.732,0.000
34767,2,"  2.081","  0.433",9/28,/core/www/modules//sdig/index.php?run_id=110202&search_id=114132&scans_id=110198&peptide_id=26831&scanf=34767&charge=2&value=9/28,sp|Q14318|FKBP8_HUMAN,/core/www/modules//consensus/?run_id=110202&search_id=114132&scans_id=110198&peptide_id=26831&scanf=34767&charge=2&value=sp|Q14318|FKBP8_HUMAN,2,/core/www/modules/match_peptides/blast_html4.php?run_id=110202&search_id=114132&scans_id=110198&peptide_id=26831&scanf=34767&charge=2&value=2,R.ADFVLAANSYDLAIK.A,/core/www/modules/show_out/show_out_wrapper.php?run_id=110202&search_id=114132&scans_id=110198&peptide_id=26831&scanf=34767&charge=2&value=R.ADFVLAANSYDLAIK.A,FKBP8,1.110e+6,2.262,0.046,1.333,0.002
34772,3,"  3.260","  0.527",16/48,/core/www/modules//sdig/index.php?run_id=110202&search_id=114132&scans_id=110198&peptide_id=26837&scanf=34772&charge=3&value=16/48,sp|P51531|SMCA2_HUMAN,/core/www/modules//consensus/?run_id=110202&search_id=114132&scans_id=110198&peptide_id=26837&scanf=34772&charge=3&value=sp|P51531|SMCA2_HUMAN,23,/core/www/modules/match_peptides/blast_html4.php?run_id=110202&search_id=114132&scans_id=110198&peptide_id=26837&scanf=34772&charge=3&value=23,R.VDLNEEETILIIR.R,/core/www/modules/show_out/show_out_wrapper.php?run_id=110202&search_id=114132&scans_id=110198&peptide_id=26837&scanf=34772&charge=3&value=R.VDLNEEETILIIR.R,SMARCA2,1.561e+7,3.596,0.001,3.290,0.000
34774,3,"  3.175","  0.561",13/56,/core/www/modules//sdig/index.php?run_id=110202&search_id=114132&scans_id=110198&peptide_id=26839&scanf=34774&charge=3&value=13/56,sp|Q8N3C0|ASCC3_HUMAN,/core/www/modules//consensus/?run_id=110202&search_id=114132&scans_id=110198&peptide_id=26839&scanf=34774&charge=3&value=sp|Q8N3C0|ASCC3_HUMAN,0,/core/www/modules/match_peptides/blast_html4.php?run_id=110202&search_id=114132&scans_id=110198&peptide_id=26839&scanf=34774&charge=3&value=0,K.YNTIETFNELFDAHK.T,/core/www/modules/show_out/show_out_wrapper.php?run_id=110202&search_id=114132&scans_id=110198&peptide_id=26839&scanf=34774&charge=3&value=K.YNTIETFNELFDAHK.T,ASCC3,1.806e+6,3.102,0.003,2.559,0.000
34776,3,"  3.229","  0.577",17/48,/core/www/modules//sdig/index.php?run_id=110202&search_id=114132&scans_id=110198&peptide_id=26840&scanf=34776&charge=3&value=17/48,sp|O00410|IPO5_HUMAN,/core/www/modules//consensus/?run_id=110202&search_id=114132&scans_id=110198&peptide_id=26840&scanf=34776&charge=3&value=sp|O00410|IPO5_HUMAN,1,/core/www/modules/match_peptides/blast_html4.php?run_id=110202&search_id=114132&scans_id=110198&peptide_id=26840&scanf=34776&charge=3&value=1,K.VSDILHSIFSSYK.E,/core/www/modules/show_out/show_out_wrapper.php?run_id=110202&search_id=114132&scans_id=110198&peptide_id=26840&scanf=34776&charge=3&value=K.VSDILHSIFSSYK.E,IPO5,3.563e+6,3.498,0.001,3.145,0.000
34779,4,"  7.630","  0.626",27/216,/core/www/modules//sdig/index.php?run_id=110202&search_id=114132&scans_id=110198&peptide_id=26843&scanf=34779&charge=4&value=27/216,sp|P52272|HNRPM_HUMAN,/core/www/modules//consensus/?run_id=110202&search_id=114132&scans_id=110198&peptide_id=26843&scanf=34779&charge=4&value=sp|P52272|HNRPM_HUMAN,4,/core/www/modules/match_peptides/blast_html4.php?run_id=110202&search_id=114132&scans_id=110198&peptide_id=26843&scanf=34779&charge=4&value=4,K.GDFFPPERPQQLPHGLGGIGMGLGPGGQPIDANHLNK.G,/core/www/modules/show_out/show_out_wrapper.php?run_id=110202&search_id=114132&scans_id=110198&peptide_id=26843&scanf=34779&charge=4&value=K.GDFFPPERPQQLPHGLGGIGMGLGPGGQPIDANHLNK.G,HNRNPM,5.668e+6,3.436,0.001,3.054,0.000
34781,2,"  4.485","  0.710",17/30,/core/www/modules//sdig/index.php?run_id=110202&search_id=114132&scans_id=110198&peptide_id=26846&scanf=34781&charge=2&value=17/30,sp|Q15149|PLEC_HUMAN,/core/www/modules//consensus/?run_id=110202&search_id=114132&scans_id=110198&peptide_id=26846&scanf=34781&charge=2&value=sp|Q15149|PLEC_HUMAN,5,/core/www/modules/match_peptides/blast_html4.php?run_id=110202&search_id=114132&scans_id=110198&peptide_id=26846&scanf=34781&charge=2&value=5,R.DPYSGSTISLFQAMQK.G,/core/www/modules/show_out/show_out_wrapper.php?run_id=110202&search_id=114132&scans_id=110198&peptide_id=26846&scanf=34781&charge=2&value=R.DPYSGSTISLFQAMQK.G,PLEC,2.838e+6,4.150,0.000,4.111,0.000
34786,3,"  2.499","  0.313",11/48,/core/www/modules//sdig/index.php?run_id=110202&search_id=114132&scans_id=110198&peptide_id=26851&scanf=34786&charge=3&value=11/48,sp|P62491|RB11A_HUMAN,/core/www/modules//consensus/?run_id=110202&search_id=114132&scans_id=110198&peptide_id=26851&scanf=34786&charge=3&value=sp|P62491|RB11A_HUMAN,3,/core/www/modules/match_peptides/blast_html4.php?run_id=110202&search_id=114132&scans_id=110198&peptide_id=26851&scanf=34786&charge=3&value=3,R.GAVGALLVYDIAK.H,/core/www/modules/show_out/show_out_wrapper.php?run_id=110202&search_id=114132&scans_id=110198&peptide_id=26851&scanf=34786&charge=3&value=R.GAVGALLVYDIAK.H,RAB11A,1.435e+6,2.412,0.028,1.546,0.001
34793,3,"  1.792","  0.504",10/36,/core/www/modules//sdig/index.php?run_id=110202&search_id=114132&scans_id=110198&peptide_id=26859&scanf=34793&charge=3&value=10/36,sp|Q9P0J1|PDP1_HUMAN,/core/www/modules//consensus/?run_id=110202&search_id=114132&scans_id=110198&peptide_id=26859&scanf=34793&charge=3&value=sp|Q9P0J1|PDP1_HUMAN,1,/core/www/modules/match_peptides/blast_html4.php?run_id=110202&search_id=114132&scans_id=110198&peptide_id=26859&scanf=34793&charge=3&value=1,R.ALLPILQWHK.H,/core/www/modules/show_out/show_out_wrapper.php?run_id=110202&search_id=114132&scans_id=110198&peptide_id=26859&scanf=34793&charge=3&value=R.ALLPILQWHK.H,PDP1,2.676e+6,3.170,0.002,2.660,0.000
34795,3,"  2.422","  0.444",11/68,/core/www/modules//sdig/index.php?run_id=110202&search_id=114132&scans_id=110198&peptide_id=26861&scanf=34795&charge=3&value=11/68,sp|Q9UQE7|SMC3_HUMAN,/core/www/modules//consensus/?run_id=110202&search_id=114132&scans_id=110198&peptide_id=26861&scanf=34795&charge=3&value=sp|Q9UQE7|SMC3_HUMAN,0,/core/www/modules/match_peptides/blast_html4.php?run_id=110202&search_id=114132&scans_id=110198&peptide_id=26861&scanf=34795&charge=3&value=0,K.AELGTDLLSQLSLEDQKR.V,/core/www/modules/show_out/show_out_wrapper.php?run_id=110202&search_id=114132&scans_id=110198&peptide_id=26861&scanf=34795&charge=3&value=K.AELGTDLLSQLSLEDQKR.V,SMC3,2.308e+6,2.520,0.020,1.703,0.000
34799,3,"  4.060","  0.562",16/56,/core/www/modules//sdig/index.php?run_id=110202&search_id=114132&scans_id=110198&peptide_id=26864&scanf=34799&charge=3&value=16/56,sp|P78527|PRKDC_HUMAN,/core/www/modules//consensus/?run_id=110202&search_id=114132&scans_id=110198&peptide_id=26864&scanf=34799&charge=3&value=sp|P78527|PRKDC_HUMAN,0,/core/www/modules/match_peptides/blast_html4.php?run_id=110202&search_id=114132&scans_id=110198&peptide_id=26864&scanf=34799&charge=3&value=0,R.VLEQLIVAHFPMQSR.E,/core/www/modules/show_out/show_out_wrapper.php?run_id=110202&search_id=114132&scans_id=110198&peptide_id=26864&scanf=34799&charge=3&value=R.VLEQLIVAHFPMQSR.E,PRKDC,6.539e+7,4.127,0.000,4.078,0.000
34809,3,"  2.861","  0.269",12/72,/core/www/modules//sdig/index.php?run_id=110202&search_id=114132&scans_id=110198&peptide_id=26875&scanf=34809&charge=3&value=12/72,sp|P20339|RAB5A_HUMAN,/core/www/modules//consensus/?run_id=110202&search_id=114132&scans_id=110198&peptide_id=26875&scanf=34809&charge=3&value=sp|P20339|RAB5A_HUMAN,0,/core/www/modules/match_peptides/blast_html4.php?run_id=110202&search_id=114132&scans_id=110198&peptide_id=26875&scanf=34809&charge=3&value=0,R.GAQAAIVVYDITNEESFAR.A,/core/www/modules/show_out/show_out_wrapper.php?run_id=110202&search_id=114132&scans_id=110198&peptide_id=26875&scanf=34809&charge=3&value=R.GAQAAIVVYDITNEESFAR.A,RAB5A,1.639e+6,2.016,0.101,0.994,0.005
34810,2,"  2.092","  0.438",11/28,/core/www/modules//sdig/index.php?run_id=110202&search_id=114132&scans_id=110198&peptide_id=26877&scanf=34810&charge=2&value=11/28,sp|Q9H1A4|APC1_HUMAN,/core/www/modules//consensus/?run_id=110202&search_id=114132&scans_id=110198&peptide_id=26877&scanf=34810&charge=2&value=sp|Q9H1A4|APC1_HUMAN,1,/core/www/modules/match_peptides/blast_html4.php?run_id=110202&search_id=114132&scans_id=110198&peptide_id=26877&scanf=34810&charge=2&value=1,R.NFDFEGSLSPVIAPK.K,/core/www/modules/show_out/show_out_wrapper.php?run_id=110202&search_id=114132&scans_id=110198&peptide_id=26877&scanf=34810&charge=2&value=R.NFDFEGSLSPVIAPK.K,ANAPC1,1.058e+6,2.372,0.032,1.489,0.001
34814,2,"  2.508","  0.308",9/18,/core/www/modules//sdig/index.php?run_id=110202&search_id=114132&scans_id=110198&peptide_id=26881&scanf=34814&charge=2&value=9/18,sp|P09651|ROA1_HUMAN,/core/www/modules//consensus/?run_id=110202&search_id=114132&scans_id=110198&peptide_id=26881&scanf=34814&charge=2&value=sp|P09651|ROA1_HUMAN,11,/core/www/modules/match_peptides/blast_html4.php?run_id=110202&search_id=114132&scans_id=110198&peptide_id=26881&scanf=34814&charge=2&value=11,K.IEVIEIMTDR.G,/core/www/modules/show_out/show_out_wrapper.php?run_id=110202&search_id=114132&scans_id=110198&peptide_id=26881&scanf=34814&charge=2&value=K.IEVIEIMTDR.G,HNRNPA1,1.134e+6,2.458,0.024,1.614,0.001
34818,2,"  2.705","  0.423",13/18,/core/www/modules//sdig/index.php?run_id=110202&search_id=114132&scans_id=110198&peptide_id=26884&scanf=34818&charge=2&value=13/18,sp|P08670|VIME_HUMAN,/core/www/modules//consensus/?run_id=110202&search_id=114132&scans_id=110198&peptide_id=26884&scanf=34818&charge=2&value=sp|P08670|VIME_HUMAN,2,/core/www/modules/match_peptides/blast_html4.php?run_id=110202&search_id=114132&scans_id=110198&peptide_id=26884&scanf=34818&charge=2&value=2,K.ILLAELEQLK.G,/core/www/modules/show_out/show_out_wrapper.php?run_id=110202&search_id=114132&scans_id=110198&peptide_id=26884&scanf=34818&charge=2&value=K.ILLAELEQLK.G,VIM,2.375e+9,3.660,0.000,3.386,0.000
34819,2,"  1.749","  0.224",9/22,/core/www/modules//sdig/index.php?run_id=110202&search_id=114132&scans_id=110198&peptide_id=26885&scanf=34819&charge=2&value=9/22,sp|Q14566|MCM6_HUMAN,/core/www/modules//consensus/?run_id=110202&search_id=114132&scans_id=110198&peptide_id=26885&scanf=34819&charge=2&value=sp|Q14566|MCM6_HUMAN,0,/core/www/modules/match_peptides/blast_html4.php?run_id=110202&search_id=114132&scans_id=110198&peptide_id=26885&scanf=34819&charge=2&value=0,K.DFYVAFQDLPTR.H,/core/www/modules/show_out/show_out_wrapper.php?run_id=110202&search_id=114132&scans_id=110198&peptide_id=26885&scanf=34819&charge=2&value=K.DFYVAFQDLPTR.H,MCM6,3.210e+6,1.849,0.166,0.779,0.009
34820,4,"  7.287","  0.627",24/174,/core/www/modules//sdig/index.php?run_id=110202&search_id=114132&scans_id=110198&peptide_id=26886&scanf=34820&charge=4&value=24/174,sp|O96019|ACL6A_HUMAN,/core/www/modules//consensus/?run_id=110202&search_id=114132&scans_id=110198&peptide_id=26886&scanf=34820&charge=4&value=sp|O96019|ACL6A_HUMAN,0,/core/www/modules/match_peptides/blast_html4.php?run_id=110202&search_id=114132&scans_id=110198&peptide_id=26886&scanf=34820&charge=4&value=0,R.STGLILDSGATHTTAIPVHDGYVLQQGIVK.S,/core/www/modules/show_out/show_out_wrapper.php?run_id=110202&search_id=114132&scans_id=110198&peptide_id=26886&scanf=34820&charge=4&value=R.STGLILDSGATHTTAIPVHDGYVLQQGIVK.S,ACTL6A,2.964e+6,3.497,0.001,3.144,0.000
34821,3,"  3.370","  0.539",15/52,/core/www/modules//sdig/index.php?run_id=110202&search_id=114132&scans_id=110198&peptide_id=26887&scanf=34821&charge=3&value=15/52,sp|P49411|EFTU_HUMAN,/core/www/modules//consensus/?run_id=110202&search_id=114132&scans_id=110198&peptide_id=26887&scanf=34821&charge=3&value=sp|P49411|EFTU_HUMAN,0,/core/www/modules/match_peptides/blast_html4.php?run_id=110202&search_id=114132&scans_id=110198&peptide_id=26887&scanf=34821&charge=3&value=0,K.LLDAVDTYIPVPAR.D,/core/www/modules/show_out/show_out_wrapper.php?run_id=110202&search_id=114132&scans_id=110198&peptide_id=26887&scanf=34821&charge=3&value=K.LLDAVDTYIPVPAR.D,TUFM,6.545e+6,3.337,0.001,2.907,0.000
34826,3,"  2.826","  0.367",11/72,/core/www/modules//sdig/index.php?run_id=110202&search_id=114132&scans_id=110198&peptide_id=26892&scanf=34826&charge=3&value=11/72,sp|P51531|SMCA2_HUMAN,/core/www/modules//consensus/?run_id=110202&search_id=114132&scans_id=110198&peptide_id=26892&scanf=34826&charge=3&value=sp|P51531|SMCA2_HUMAN,3,/core/www/modules/match_peptides/blast_html4.php?run_id=110202&search_id=114132&scans_id=110198&peptide_id=26892&scanf=34826&charge=3&value=3,R.ISPIQKPQGLDPVEILQER.E,/core/www/modules/show_out/show_out_wrapper.php?run_id=110202&search_id=114132&scans_id=110198&peptide_id=26892&scanf=34826&charge=3&value=R.ISPIQKPQGLDPVEILQER.E,SMARCA2,1.618e+6,2.564,0.017,1.768,0.000
34828,2,"  1.280","  0.233",8/14,/core/www/modules//sdig/index.php?run_id=110202&search_id=114132&scans_id=110198&peptide_id=26894&scanf=34828&charge=2&value=8/14,sp|P78527|PRKDC_HUMAN,/core/www/modules//consensus/?run_id=110202&search_id=114132&scans_id=110198&peptide_id=26894&scanf=34828&charge=2&value=sp|P78527|PRKDC_HUMAN,0,/core/www/modules/match_peptides/blast_html4.php?run_id=110202&search_id=114132&scans_id=110198&peptide_id=26894&scanf=34828&charge=2&value=0,R.EIFNFVLK.A,/core/www/modules/show_out/show_out_wrapper.php?run_id=110202&search_id=114132&scans_id=110198&peptide_id=26894&scanf=34828&charge=2&value=R.EIFNFVLK.A,PRKDC,1.602e+8,3.154,0.002,2.636,0.000
34836,2,"  2.527","  0.381",10/26,/core/www/modules//sdig/index.php?run_id=110202&search_id=114132&scans_id=110198&peptide_id=26903&scanf=34836&charge=2&value=10/26,sp|P38159|RBMX_HUMAN,/core/www/modules//consensus/?run_id=110202&search_id=114132&scans_id=110198&peptide_id=26903&scanf=34836&charge=2&value=sp|P38159|RBMX_HUMAN,7,/core/www/modules/match_peptides/blast_html4.php?run_id=110202&search_id=114132&scans_id=110198&peptide_id=26903&scanf=34836&charge=2&value=7,R.GFAFVTFESPADAK.D,/core/www/modules/show_out/show_out_wrapper.php?run_id=110202&search_id=114132&scans_id=110198&peptide_id=26903&scanf=34836&charge=2&value=R.GFAFVTFESPADAK.D,RBMX,1.284e+6,2.594,0.015,1.811,0.000
34837,3,"  2.805","  0.391",13/44,/core/www/modules//sdig/index.php?run_id=110202&search_id=114132&scans_id=110198&peptide_id=26904&scanf=34837&charge=3&value=13/44,sp|Q2NL82|TSR1_HUMAN,/core/www/modules//consensus/?run_id=110202&search_id=114132&scans_id=110198&peptide_id=26904&scanf=34837&charge=3&value=sp|Q2NL82|TSR1_HUMAN,0,/core/www/modules/match_peptides/blast_html4.php?run_id=110202&search_id=114132&scans_id=110198&peptide_id=26904&scanf=34837&charge=3&value=0,R.EDVLWFKPVELR.T,/core/www/modules/show_out/show_out_wrapper.php?run_id=110202&search_id=114132&scans_id=110198&peptide_id=26904&scanf=34837&charge=3&value=R.EDVLWFKPVELR.T,TSR1,4.541e+6,2.834,0.007,2.163,0.000
34841,2,"  1.808","  0.177",10/16,/core/www/modules//sdig/index.php?run_id=110202&search_id=114132&scans_id=110198&peptide_id=26908&scanf=34841&charge=2&value=10/16,sp|O60814|H2B1K_HUMAN,/core/www/modules//consensus/?run_id=110202&search_id=114132&scans_id=110198&peptide_id=26908&scanf=34841&charge=2&value=sp|O60814|H2B1K_HUMAN,16,/core/www/modules/match_peptides/blast_html4.php?run_id=110202&search_id=114132&scans_id=110198&peptide_id=26908&scanf=34841&charge=2&value=16,R.LLLPGELAK.H,/core/www/modules/show_out/show_out_wrapper.php?run_id=110202&search_id=114132&scans_id=110198&peptide_id=26908&scanf=34841&charge=2&value=R.LLLPGELAK.H,H2BC12,4.487e+9,2.412,0.028,1.547,0.001
34842,4,"  8.969","  0.724",29/216,/core/www/modules//sdig/index.php?run_id=110202&search_id=114132&scans_id=110198&peptide_id=26909&scanf=34842&charge=4&value=29/216,sp|P52272|HNRPM_HUMAN,/core/www/modules//consensus/?run_id=110202&search_id=114132&scans_id=110198&peptide_id=26909&scanf=34842&charge=4&value=sp|P52272|HNRPM_HUMAN,4,/core/www/modules/match_peptides/blast_html4.php?run_id=110202&search_id=114132&scans_id=110198&peptide_id=26909&scanf=34842&charge=4&value=4,K.GDFFPPERPQQLPHGLGGIGMGLGPGGQPIDANHLNK.G,/core/www/modules/show_out/show_out_wrapper.php?run_id=110202&search_id=114132&scans_id=110198&peptide_id=26909&scanf=34842&charge=4&value=K.GDFFPPERPQQLPHGLGGIGMGLGPGGQPIDANHLNK.G,HNRNPM,5.668e+6,3.882,0.000,3.715,0.000
34843,3,"  1.928","  0.315",12/44,/core/www/modules//sdig/index.php?run_id=110202&search_id=114132&scans_id=110198&peptide_id=26910&scanf=34843&charge=3&value=12/44,sp|Q6P2Q9|PRP8_HUMAN,/core/www/modules//consensus/?run_id=110202&search_id=114132&scans_id=110198&peptide_id=26910&scanf=34843&charge=3&value=sp|Q6P2Q9|PRP8_HUMAN,1,/core/www/modules/match_peptides/blast_html4.php?run_id=110202&search_id=114132&scans_id=110198&peptide_id=26910&scanf=34843&charge=3&value=1,R.QGYNMLNLLIHR.K,/core/www/modules/show_out/show_out_wrapper.php?run_id=110202&search_id=114132&scans_id=110198&peptide_id=26910&scanf=34843&charge=3&value=R.QGYNMLNLLIHR.K,PRPF8,1.315e+7,2.830,0.007,2.158,0.000
34844,3,"  4.066","  0.560",19/96,/core/www/modules//sdig/index.php?run_id=110202&search_id=114132&scans_id=110198&peptide_id=26911&scanf=34844&charge=3&value=19/96,sp|Q15637|SF01_HUMAN,/core/www/modules//consensus/?run_id=110202&search_id=114132&scans_id=110198&peptide_id=26911&scanf=34844&charge=3&value=sp|Q15637|SF01_HUMAN,1,/core/www/modules/match_peptides/blast_html4.php?run_id=110202&search_id=114132&scans_id=110198&peptide_id=26911&scanf=34844&charge=3&value=1,K.DGQMLPGEDEPLHALVTANTMENVK.K,/core/www/modules/show_out/show_out_wrapper.php?run_id=110202&search_id=114132&scans_id=110198&peptide_id=26911&scanf=34844&charge=3&value=K.DGQMLPGEDEPLHALVTANTMENVK.K,SF1,1.630e+6,2.872,0.006,2.219,0.000
34845,3,"  4.754","  0.605",21/80,/core/www/modules//sdig/index.php?run_id=110202&search_id=114132&scans_id=110198&peptide_id=26912&scanf=34845&charge=3&value=21/80,sp|Q13813|SPTN1_HUMAN,/core/www/modules//consensus/?run_id=110202&search_id=114132&scans_id=110198&peptide_id=26912&scanf=34845&charge=3&value=sp|Q13813|SPTN1_HUMAN,2,/core/www/modules/match_peptides/blast_html4.php?run_id=110202&search_id=114132&scans_id=110198&peptide_id=26912&scanf=34845&charge=3&value=2,K.EAIVTSEELGQDLEHVEVLQK.K,/core/www/modules/show_out/show_out_wrapper.php?run_id=110202&search_id=114132&scans_id=110198&peptide_id=26912&scanf=34845&charge=3&value=K.EAIVTSEELGQDLEHVEVLQK.K,SPTAN1,3.454e+6,3.430,0.001,3.045,0.000
34846,4,"  5.483","  0.674",26/138,/core/www/modules//sdig/index.php?run_id=110202&search_id=114132&scans_id=110198&peptide_id=26913&scanf=34846&charge=4&value=26/138,sp|Q07955|SRSF1_HUMAN,/core/www/modules//consensus/?run_id=110202&search_id=114132&scans_id=110198&peptide_id=26913&scanf=34846&charge=4&value=sp|Q07955|SRSF1_HUMAN,1,/core/www/modules/match_peptides/blast_html4.php?run_id=110202&search_id=114132&scans_id=110198&peptide_id=26913&scanf=34846&charge=4&value=1,R.RGGPPFAFVEFEDPRDAEDAVYGR.D,/core/www/modules/show_out/show_out_wrapper.php?run_id=110202&search_id=114132&scans_id=110198&peptide_id=26913&scanf=34846&charge=4&value=R.RGGPPFAFVEFEDPRDAEDAVYGR.D,SRSF1,2.443e+6,3.341,0.001,2.912,0.000
34847,3,"  3.082","  0.421",12/60,/core/www/modules//sdig/index.php?run_id=110202&search_id=114132&scans_id=110198&peptide_id=26914&scanf=34847&charge=3&value=12/60,sp|O00203|AP3B1_HUMAN,/core/www/modules//consensus/?run_id=110202&search_id=114132&scans_id=110198&peptide_id=26914&scanf=34847&charge=3&value=sp|O00203|AP3B1_HUMAN,15,/core/www/modules/match_peptides/blast_html4.php?run_id=110202&search_id=114132&scans_id=110198&peptide_id=26914&scanf=34847&charge=3&value=15,K.IFLAQKPAPLLESPFK.D,/core/www/modules/show_out/show_out_wrapper.php?run_id=110202&search_id=114132&scans_id=110198&peptide_id=26914&scanf=34847&charge=3&value=K.IFLAQKPAPLLESPFK.D,AP3B1,1.961e+6,2.633,0.014,1.869,0.000
34848,3,"  2.454","  0.308",12/48,/core/www/modules//sdig/index.php?run_id=110202&search_id=114132&scans_id=110198&peptide_id=26915&scanf=34848&charge=3&value=12/48,sp|Q9Y6X3|SCC4_HUMAN,/core/www/modules//consensus/?run_id=110202&search_id=114132&scans_id=110198&peptide_id=26915&scanf=34848&charge=3&value=sp|Q9Y6X3|SCC4_HUMAN,2,/core/www/modules/match_peptides/blast_html4.php?run_id=110202&search_id=114132&scans_id=110198&peptide_id=26915&scanf=34848&charge=3&value=2,R.LLFQLAQLHTLEK.D,/core/www/modules/show_out/show_out_wrapper.php?run_id=110202&search_id=114132&scans_id=110198&peptide_id=26915&scanf=34848&charge=3&value=R.LLFQLAQLHTLEK.D,MAU2,4.610e+6,2.449,0.025,1.600,0.001
34850,3,"  2.856","  0.414",9/60,/core/www/modules//sdig/index.php?run_id=110202&search_id=114132&scans_id=110198&peptide_id=26918&scanf=34850&charge=3&value=9/60,sp|Q15149|PLEC_HUMAN,/core/www/modules//consensus/?run_id=110202&search_id=114132&scans_id=110198&peptide_id=26918&scanf=34850&charge=3&value=sp|Q15149|PLEC_HUMAN,5,/core/www/modules/match_peptides/blast_html4.php?run_id=110202&search_id=114132&scans_id=110198&peptide_id=26918&scanf=34850&charge=3&value=5,R.DPYSGSTISLFQAMQK.G,/core/www/modules/show_out/show_out_wrapper.php?run_id=110202&search_id=114132&scans_id=110198&peptide_id=26918&scanf=34850&charge=3&value=R.DPYSGSTISLFQAMQK.G,PLEC,9.105e+5,3.124,0.003,2.591,0.000
34851,2,"  4.555","  0.605",16/30,/core/www/modules//sdig/index.php?run_id=110202&search_id=114132&scans_id=110198&peptide_id=26919&scanf=34851&charge=2&value=16/30,sp|P07910|HNRPC_HUMAN,/core/www/modules//consensus/?run_id=110202&search_id=114132&scans_id=110198&peptide_id=26919&scanf=34851&charge=2&value=sp|P07910|HNRPC_HUMAN,11,/core/www/modules/match_peptides/blast_html4.php?run_id=110202&search_id=114132&scans_id=110198&peptide_id=26919&scanf=34851&charge=2&value=11,R.MIAGQVLDINLAAEPK.V,/core/www/modules/show_out/show_out_wrapper.php?run_id=110202&search_id=114132&scans_id=110198&peptide_id=26919&scanf=34851&charge=2&value=R.MIAGQVLDINLAAEPK.V,HNRNPC,6.883e+7,3.362,0.001,2.944,0.000
34852,3,"  3.299","  0.433",10/64,/core/www/modules//sdig/index.php?run_id=110202&search_id=114132&scans_id=110198&peptide_id=26920&scanf=34852&charge=3&value=10/64,sp|P35580|MYH10_HUMAN,/core/www/modules//consensus/?run_id=110202&search_id=114132&scans_id=110198&peptide_id=26920&scanf=34852&charge=3&value=sp|P35580|MYH10_HUMAN,1,/core/www/modules/match_peptides/blast_html4.php?run_id=110202&search_id=114132&scans_id=110198&peptide_id=26920&scanf=34852&charge=3&value=1,R.ELQAQIAELQEDFESEK.A,/core/www/modules/show_out/show_out_wrapper.php?run_id=110202&search_id=114132&scans_id=110198&peptide_id=26920&scanf=34852&charge=3&value=R.ELQAQIAELQEDFESEK.A,MYH10,1.962e+6,2.682,0.012,1.939,0.000
34860,2,"  2.216","  0.426",9/14,/core/www/modules//sdig/index.php?run_id=110202&search_id=114132&scans_id=110198&peptide_id=26928&scanf=34860&charge=2&value=9/14,sp|P25205|MCM3_HUMAN,/core/www/modules//consensus/?run_id=110202&search_id=114132&scans_id=110198&peptide_id=26928&scanf=34860&charge=2&value=sp|P25205|MCM3_HUMAN,2,/core/www/modules/match_peptides/blast_html4.php?run_id=110202&search_id=114132&scans_id=110198&peptide_id=26928&scanf=34860&charge=2&value=2,K.VALLDVFR.E,/core/www/modules/show_out/show_out_wrapper.php?run_id=110202&search_id=114132&scans_id=110198&peptide_id=26928&scanf=34860&charge=2&value=K.VALLDVFR.E,MCM3,9.847e+6,3.177,0.002,2.670,0.000
34861,2,"  3.998","  0.581",15/32,/core/www/modules//sdig/index.php?run_id=110202&search_id=114132&scans_id=110198&peptide_id=26929&scanf=34861&charge=2&value=15/32,sp|Q8WVM8|SCFD1_HUMAN,/core/www/modules//consensus/?run_id=110202&search_id=114132&scans_id=110198&peptide_id=26929&scanf=34861&charge=2&value=sp|Q8WVM8|SCFD1_HUMAN,16,/core/www/modules/match_peptides/blast_html4.php?run_id=110202&search_id=114132&scans_id=110198&peptide_id=26929&scanf=34861&charge=2&value=16,K.SLLDIISDPDAGTPEDK.M,/core/www/modules/show_out/show_out_wrapper.php?run_id=110202&search_id=114132&scans_id=110198&peptide_id=26929&scanf=34861&charge=2&value=K.SLLDIISDPDAGTPEDK.M,SCFD1,3.161e+6,3.155,0.002,2.637,0.000
34862,3,"  3.716","  0.599",14/60,/core/www/modules//sdig/index.php?run_id=110202&search_id=114132&scans_id=110198&peptide_id=26930&scanf=34862&charge=3&value=14/60,sp|Q13206|DDX10_HUMAN,/core/www/modules//consensus/?run_id=110202&search_id=114132&scans_id=110198&peptide_id=26930&scanf=34862&charge=3&value=sp|Q13206|DDX10_HUMAN,7,/core/www/modules/match_peptides/blast_html4.php?run_id=110202&search_id=114132&scans_id=110198&peptide_id=26930&scanf=34862&charge=3&value=7,R.YKEDGEALLILLPSEK.A,/core/www/modules/show_out/show_out_wrapper.php?run_id=110202&search_id=114132&scans_id=110198&peptide_id=26930&scanf=34862&charge=3&value=R.YKEDGEALLILLPSEK.A,DDX10,4.815e+6,3.047,0.003,2.478,0.000
34864,3,"  5.026","  0.610",17/88,/core/www/modules//sdig/index.php?run_id=110202&search_id=114132&scans_id=110198&peptide_id=26932&scanf=34864&charge=3&value=17/88,sp|Q92576|PHF3_HUMAN,/core/www/modules//consensus/?run_id=110202&search_id=114132&scans_id=110198&peptide_id=26932&scanf=34864&charge=3&value=sp|Q92576|PHF3_HUMAN,1,/core/www/modules/match_peptides/blast_html4.php?run_id=110202&search_id=114132&scans_id=110198&peptide_id=26932&scanf=34864&charge=3&value=1,R.NKPQQNLQEDLPTAVEPLMEVTK.Q,/core/www/modules/show_out/show_out_wrapper.php?run_id=110202&search_id=114132&scans_id=110198&peptide_id=26932&scanf=34864&charge=3&value=R.NKPQQNLQEDLPTAVEPLMEVTK.Q,PHF3,1.845e+6,3.099,0.003,2.554,0.000
34866,2,"  3.454","  0.626",15/24,/core/www/modules//sdig/index.php?run_id=110202&search_id=114132&scans_id=110198&peptide_id=26934&scanf=34866&charge=2&value=15/24,sp|Q9Y3A4|RRP7A_HUMAN,/core/www/modules//consensus/?run_id=110202&search_id=114132&scans_id=110198&peptide_id=26934&scanf=34866&charge=2&value=sp|Q9Y3A4|RRP7A_HUMAN,0,/core/www/modules/match_peptides/blast_html4.php?run_id=110202&search_id=114132&scans_id=110198&peptide_id=26934&scanf=34866&charge=2&value=0,R.IPSPLGYAAIPIK.F,/core/www/modules/show_out/show_out_wrapper.php?run_id=110202&search_id=114132&scans_id=110198&peptide_id=26934&scanf=34866&charge=2&value=R.IPSPLGYAAIPIK.F,RRP7A,6.476e+6,3.627,0.000,3.336,0.000
34876,2,"  2.097","  0.202",7/18,/core/www/modules//sdig/index.php?run_id=110202&search_id=114132&scans_id=110198&peptide_id=26945&scanf=34876&charge=2&value=7/18,sp|O00148|DX39A_HUMAN,/core/www/modules//consensus/?run_id=110202&search_id=114132&scans_id=110198&peptide_id=26945&scanf=34876&charge=2&value=sp|O00148|DX39A_HUMAN,5,/core/www/modules/match_peptides/blast_html4.php?run_id=110202&search_id=114132&scans_id=110198&peptide_id=26945&scanf=34876&charge=2&value=5,R.ILVATNLFGR.G,/core/www/modules/show_out/show_out_wrapper.php?run_id=110202&search_id=114132&scans_id=110198&peptide_id=26945&scanf=34876&charge=2&value=R.ILVATNLFGR.G,DDX39A,1.543e+6,2.011,0.103,0.987,0.005
34883,2,"  3.344","  0.502",15/32,/core/www/modules//sdig/index.php?run_id=110202&search_id=114132&scans_id=110198&peptide_id=26952&scanf=34883&charge=2&value=15/32,sp|Q15019|SEPT2_HUMAN,/core/www/modules//consensus/?run_id=110202&search_id=114132&scans_id=110198&peptide_id=26952&scanf=34883&charge=2&value=sp|Q15019|SEPT2_HUMAN,2,/core/www/modules/match_peptides/blast_html4.php?run_id=110202&search_id=114132&scans_id=110198&peptide_id=26952&scanf=34883&charge=2&value=2,K.ASIPFSVVGSNQLIEAK.G,/core/www/modules/show_out/show_out_wrapper.php?run_id=110202&search_id=114132&scans_id=110198&peptide_id=26952&scanf=34883&charge=2&value=K.ASIPFSVVGSNQLIEAK.G,SEPTIN2,2.184e+6,2.841,0.007,2.173,0.000
34885,2,"  4.179","  0.730",20/36,/core/www/modules//sdig/index.php?run_id=110202&search_id=114132&scans_id=110198&peptide_id=26954&scanf=34885&charge=2&value=20/36,sp|Q9Y333|LSM2_HUMAN,/core/www/modules//consensus/?run_id=110202&search_id=114132&scans_id=110198&peptide_id=26954&scanf=34885&charge=2&value=sp|Q9Y333|LSM2_HUMAN,0,/core/www/modules/match_peptides/blast_html4.php?run_id=110202&search_id=114132&scans_id=110198&peptide_id=26954&scanf=34885&charge=2&value=0,R.YVQLPADEVDTQLLQDAAR.K,/core/www/modules/show_out/show_out_wrapper.php?run_id=110202&search_id=114132&scans_id=110198&peptide_id=26954&scanf=34885&charge=2&value=R.YVQLPADEVDTQLLQDAAR.K,LSM2,1.705e+6,3.722,0.000,3.478,0.000
34886,3,"  6.228","  0.353",19/88,/core/www/modules//sdig/index.php?run_id=110202&search_id=114132&scans_id=110198&peptide_id=26955&scanf=34886&charge=3&value=19/88,sp|P61923|COPZ1_HUMAN,/core/www/modules//consensus/?run_id=110202&search_id=114132&scans_id=110198&peptide_id=26955&scanf=34886&charge=3&value=sp|P61923|COPZ1_HUMAN,3,/core/www/modules/match_peptides/blast_html4.php?run_id=110202&search_id=114132&scans_id=110198&peptide_id=26955&scanf=34886&charge=3&value=3,R.VALRGEDVPLTEQTVSQVLQSAK.E,/core/www/modules/show_out/show_out_wrapper.php?run_id=110202&search_id=114132&scans_id=110198&peptide_id=26955&scanf=34886&charge=3&value=R.VALRGEDVPLTEQTVSQVLQSAK.E,COPZ1,1.267e+6,2.111,0.076,1.122,0.002
34892,2,"  3.803","  0.236",14/24,/core/www/modules//sdig/index.php?run_id=110202&search_id=114132&scans_id=110198&peptide_id=26962&scanf=34892&charge=2&value=14/24,sp|P46940|IQGA1_HUMAN,/core/www/modules//consensus/?run_id=110202&search_id=114132&scans_id=110198&peptide_id=26962&scanf=34892&charge=2&value=sp|P46940|IQGA1_HUMAN,1,/core/www/modules/match_peptides/blast_html4.php?run_id=110202&search_id=114132&scans_id=110198&peptide_id=26962&scanf=34892&charge=2&value=1,R.LAAVALINAAIQK.G,/core/www/modules/show_out/show_out_wrapper.php?run_id=110202&search_id=114132&scans_id=110198&peptide_id=26962&scanf=34892&charge=2&value=R.LAAVALINAAIQK.G,IQGAP1,2.227e+6,2.385,0.031,1.508,0.001
34899,2,"  3.325","  0.279",10/28,/core/www/modules//sdig/index.php?run_id=110202&search_id=114132&scans_id=110198&peptide_id=26969&scanf=34899&charge=2&value=10/28,sp|P20042|IF2B_HUMAN,/core/www/modules//consensus/?run_id=110202&search_id=114132&scans_id=110198&peptide_id=26969&scanf=34899&charge=2&value=sp|P20042|IF2B_HUMAN,0,/core/www/modules/match_peptides/blast_html4.php?run_id=110202&search_id=114132&scans_id=110198&peptide_id=26969&scanf=34899&charge=2&value=0,K.DASDDLDDLNFFNQK.K,/core/www/modules/show_out/show_out_wrapper.php?run_id=110202&search_id=114132&scans_id=110198&peptide_id=26969&scanf=34899&charge=2&value=K.DASDDLDDLNFFNQK.K,EIF2S2,1.015e+6,2.012,0.103,0.988,0.005
34902,2,"  2.691","  0.578",13/20,/core/www/modules//sdig/index.php?run_id=110202&search_id=114132&scans_id=110198&peptide_id=26972&scanf=34902&charge=2&value=13/20,sp|P12956|XRCC6_HUMAN,/core/www/modules//consensus/?run_id=110202&search_id=114132&scans_id=110198&peptide_id=26972&scanf=34902&charge=2&value=sp|P12956|XRCC6_HUMAN,0,/core/www/modules/match_peptides/blast_html4.php?run_id=110202&search_id=114132&scans_id=110198&peptide_id=26972&scanf=34902&charge=2&value=0,R.DSLIFLVDASK.A,/core/www/modules/show_out/show_out_wrapper.php?run_id=110202&search_id=114132&scans_id=110198&peptide_id=26972&scanf=34902&charge=2&value=R.DSLIFLVDASK.A,XRCC6,1.501e+8,3.731,0.000,3.490,0.000
34905,3,"  1.764","  0.243",13/56,/core/www/modules//sdig/index.php?run_id=110202&search_id=114132&scans_id=110198&peptide_id=26975&scanf=34905&charge=3&value=13/56,sp|P02545|LMNA_HUMAN,/core/www/modules//consensus/?run_id=110202&search_id=114132&scans_id=110198&peptide_id=26975&scanf=34905&charge=3&value=sp|P02545|LMNA_HUMAN,5,/core/www/modules/match_peptides/blast_html4.php?run_id=110202&search_id=114132&scans_id=110198&peptide_id=26975&scanf=34905&charge=3&value=5,R.MQQQLDEYQELLDIK.L,/core/www/modules/show_out/show_out_wrapper.php?run_id=110202&search_id=114132&scans_id=110198&peptide_id=26975&scanf=34905&charge=3&value=R.MQQQLDEYQELLDIK.L,LMNA,1.385e+7,2.224,0.053,1.279,0.002
34906,3,"  3.581","  0.559",15/52,/core/www/modules//sdig/index.php?run_id=110202&search_id=114132&scans_id=110198&peptide_id=26976&scanf=34906&charge=3&value=15/52,sp|Q9BYG3|MK67I_HUMAN,/core/www/modules//consensus/?run_id=110202&search_id=114132&scans_id=110198&peptide_id=26976&scanf=34906&charge=3&value=sp|Q9BYG3|MK67I_HUMAN,2,/core/www/modules/match_peptides/blast_html4.php?run_id=110202&search_id=114132&scans_id=110198&peptide_id=26976&scanf=34906&charge=3&value=2,K.KGIDYDFPSLILQK.T,/core/www/modules/show_out/show_out_wrapper.php?run_id=110202&search_id=114132&scans_id=110198&peptide_id=26976&scanf=34906&charge=3&value=K.KGIDYDFPSLILQK.T,NIFK,5.319e+6,3.095,0.003,2.548,0.000
34907,3,"  2.198","  0.211",11/56,/core/www/modules//sdig/index.php?run_id=110202&search_id=114132&scans_id=110198&peptide_id=26977&scanf=34907&charge=3&value=11/56,sp|O95881|TXD12_HUMAN,/core/www/modules//consensus/?run_id=110202&search_id=114132&scans_id=110198&peptide_id=26977&scanf=34907&charge=3&value=sp|O95881|TXD12_HUMAN,0,/core/www/modules/match_peptides/blast_html4.php?run_id=110202&search_id=114132&scans_id=110198&peptide_id=26977&scanf=34907&charge=3&value=0,K.EAAASGLPLMVIIHK.S,/core/www/modules/show_out/show_out_wrapper.php?run_id=110202&search_id=114132&scans_id=110198&peptide_id=26977&scanf=34907&charge=3&value=K.EAAASGLPLMVIIHK.S,TXNDC12,3.913e+6,1.958,0.121,0.917,0.006
34908,2,"  3.869","  0.715",13/26,/core/www/modules//sdig/index.php?run_id=110202&search_id=114132&scans_id=110198&peptide_id=26978&scanf=34908&charge=2&value=13/26,sp|P84103|SRSF3_HUMAN,/core/www/modules//consensus/?run_id=110202&search_id=114132&scans_id=110198&peptide_id=26978&scanf=34908&charge=2&value=sp|P84103|SRSF3_HUMAN,4,/core/www/modules/match_peptides/blast_html4.php?run_id=110202&search_id=114132&scans_id=110198&peptide_id=26978&scanf=34908&charge=2&value=4,R.NPPGFAFVEFEDPR.D,/core/www/modules/show_out/show_out_wrapper.php?run_id=110202&search_id=114132&scans_id=110198&peptide_id=26978&scanf=34908&charge=2&value=R.NPPGFAFVEFEDPR.D,SRSF3,4.354e+8,3.719,0.000,3.473,0.000
34909,4,"  4.721","  0.460",18/156,/core/www/modules//sdig/index.php?run_id=110202&search_id=114132&scans_id=110198&peptide_id=26979&scanf=34909&charge=4&value=18/156,sp|Q15149|PLEC_HUMAN,/core/www/modules//consensus/?run_id=110202&search_id=114132&scans_id=110198&peptide_id=26979&scanf=34909&charge=4&value=sp|Q15149|PLEC_HUMAN,5,/core/www/modules/match_peptides/blast_html4.php?run_id=110202&search_id=114132&scans_id=110198&peptide_id=26979&scanf=34909&charge=4&value=5,R.LLEAQIATGGIIDPEESHRLPVEVAYK.R,/core/www/modules/show_out/show_out_wrapper.php?run_id=110202&search_id=114132&scans_id=110198&peptide_id=26979&scanf=34909&charge=4&value=R.LLEAQIATGGIIDPEESHRLPVEVAYK.R,PLEC,1.767e+6,3.141,0.002,2.617,0.000
34913,3,"  3.887","  0.508",18/100,/core/www/modules//sdig/index.php?run_id=110202&search_id=114132&scans_id=110198&peptide_id=26984&scanf=34913&charge=3&value=18/100,sp|P33991|MCM4_HUMAN,/core/www/modules//consensus/?run_id=110202&search_id=114132&scans_id=110198&peptide_id=26984&scanf=34913&charge=3&value=sp|P33991|MCM4_HUMAN,5,/core/www/modules/match_peptides/blast_html4.php?run_id=110202&search_id=114132&scans_id=110198&peptide_id=26984&scanf=34913&charge=3&value=5,K.GLQVDLQSDGAAAEDIVASEQSLGQK.L,/core/www/modules/show_out/show_out_wrapper.php?run_id=110202&search_id=114132&scans_id=110198&peptide_id=26984&scanf=34913&charge=3&value=K.GLQVDLQSDGAAAEDIVASEQSLGQK.L,MCM4,1.650e+6,2.667,0.012,1.918,0.000
34914,3,"  3.404","  0.551",18/56,/core/www/modules//sdig/index.php?run_id=110202&search_id=114132&scans_id=110198&peptide_id=26985&scanf=34914&charge=3&value=18/56,sp|Q5JPH6|SYEM_HUMAN,/core/www/modules//consensus/?run_id=110202&search_id=114132&scans_id=110198&peptide_id=26985&scanf=34914&charge=3&value=sp|Q5JPH6|SYEM_HUMAN,1,/core/www/modules/match_peptides/blast_html4.php?run_id=110202&search_id=114132&scans_id=110198&peptide_id=26985&scanf=34914&charge=3&value=1,R.FAPSPTGFLHLGGLR.T,/core/www/modules/show_out/show_out_wrapper.php?run_id=110202&search_id=114132&scans_id=110198&peptide_id=26985&scanf=34914&charge=3&value=R.FAPSPTGFLHLGGLR.T,EARS2,1.360e+6,3.321,0.001,2.883,0.000
34915,3,"  5.291","  0.592",16/80,/core/www/modules//sdig/index.php?run_id=110202&search_id=114132&scans_id=110198&peptide_id=26986&scanf=34915&charge=3&value=16/80,sp|O60841|IF2P_HUMAN,/core/www/modules//consensus/?run_id=110202&search_id=114132&scans_id=110198&peptide_id=26986&scanf=34915&charge=3&value=sp|O60841|IF2P_HUMAN,1,/core/www/modules/match_peptides/blast_html4.php?run_id=110202&search_id=114132&scans_id=110198&peptide_id=26986&scanf=34915&charge=3&value=1,R.LKEGDTIIVPGVEGPIVTQIR.G,/core/www/modules/show_out/show_out_wrapper.php?run_id=110202&search_id=114132&scans_id=110198&peptide_id=26986&scanf=34915&charge=3&value=R.LKEGDTIIVPGVEGPIVTQIR.G,EIF5B,4.385e+6,2.947,0.005,2.329,0.000
34917,2,"  2.518","  0.428",10/20,/core/www/modules//sdig/index.php?run_id=110202&search_id=114132&scans_id=110198&peptide_id=26988&scanf=34917&charge=2&value=10/20,sp|Q96DM3|RMC1_HUMAN,/core/www/modules//consensus/?run_id=110202&search_id=114132&scans_id=110198&peptide_id=26988&scanf=34917&charge=2&value=sp|Q96DM3|RMC1_HUMAN,2,/core/www/modules/match_peptides/blast_html4.php?run_id=110202&search_id=114132&scans_id=110198&peptide_id=26988&scanf=34917&charge=2&value=2,K.LEPIVNLLPDK.G,/core/www/modules/show_out/show_out_wrapper.php?run_id=110202&search_id=114132&scans_id=110198&peptide_id=26988&scanf=34917&charge=2&value=K.LEPIVNLLPDK.G,RMC1,1.170e+6,2.748,0.009,2.036,0.000
34919,2,"  1.621","  0.000",7/12,/core/www/modules//sdig/index.php?run_id=110202&search_id=114132&scans_id=110198&peptide_id=26990&scanf=34919&charge=2&value=7/12,sp|O95696|BRD1_HUMAN,/core/www/modules//consensus/?run_id=110202&search_id=114132&scans_id=110198&peptide_id=26990&scanf=34919&charge=2&value=sp|O95696|BRD1_HUMAN,4,/core/www/modules/match_peptides/blast_html4.php?run_id=110202&search_id=114132&scans_id=110198&peptide_id=26990&scanf=34919&charge=2&value=4,R.LLIELLR.K,/core/www/modules/show_out/show_out_wrapper.php?run_id=110202&search_id=114132&scans_id=110198&peptide_id=26990&scanf=34919&charge=2&value=R.LLIELLR.K,BRD1,1.590e+6,1.999,0.107,0.971,0.005
34923,3,"  3.955","  0.537",16/60,/core/www/modules//sdig/index.php?run_id=110202&search_id=114132&scans_id=110198&peptide_id=26994&scanf=34923&charge=3&value=16/60,sp|Q12906|ILF3_HUMAN,/core/www/modules//consensus/?run_id=110202&search_id=114132&scans_id=110198&peptide_id=26994&scanf=34923&charge=3&value=sp|Q12906|ILF3_HUMAN,4,/core/www/modules/match_peptides/blast_html4.php?run_id=110202&search_id=114132&scans_id=110198&peptide_id=26994&scanf=34923&charge=3&value=4,K.EPPLSLTIHLTSPVVR.E,/core/www/modules/show_out/show_out_wrapper.php?run_id=110202&search_id=114132&scans_id=110198&peptide_id=26994&scanf=34923&charge=3&value=K.EPPLSLTIHLTSPVVR.E,ILF3,3.327e+7,3.320,0.001,2.881,0.000
34924,2,"  2.672","  0.282",10/20,/core/www/modules//sdig/index.php?run_id=110202&search_id=114132&scans_id=110198&peptide_id=26995&scanf=34924&charge=2&value=10/20,sp|Q96H22|CENPN_HUMAN,/core/www/modules//consensus/?run_id=110202&search_id=114132&scans_id=110198&peptide_id=26995&scanf=34924&charge=2&value=sp|Q96H22|CENPN_HUMAN,2,/core/www/modules/match_peptides/blast_html4.php?run_id=110202&search_id=114132&scans_id=110198&peptide_id=26995&scanf=34924&charge=2&value=2,K.IPMNELTTILK.A,/core/www/modules/show_out/show_out_wrapper.php?run_id=110202&search_id=114132&scans_id=110198&peptide_id=26995&scanf=34924&charge=2&value=K.IPMNELTTILK.A,CENPN,3.622e+6,2.317,0.039,1.411,0.001
34925,3,"  3.147","  0.415",10/72,/core/www/modules//sdig/index.php?run_id=110202&search_id=114132&scans_id=110198&peptide_id=26996&scanf=34925&charge=3&value=10/72,sp|Q92878|RAD50_HUMAN,/core/www/modules//consensus/?run_id=110202&search_id=114132&scans_id=110198&peptide_id=26996&scanf=34925&charge=3&value=sp|Q92878|RAD50_HUMAN,1,/core/www/modules/match_peptides/blast_html4.php?run_id=110202&search_id=114132&scans_id=110198&peptide_id=26996&scanf=34925&charge=3&value=1,R.QQLEEQTVELSTEVQSLYR.E,/core/www/modules/show_out/show_out_wrapper.php?run_id=110202&search_id=114132&scans_id=110198&peptide_id=26996&scanf=34925&charge=3&value=R.QQLEEQTVELSTEVQSLYR.E,RAD50,2.445e+6,2.463,0.024,1.621,0.001
34928,3,"  6.637","  0.369",18/88,/core/www/modules//sdig/index.php?run_id=110202&search_id=114132&scans_id=110198&peptide_id=26999&scanf=34928&charge=3&value=18/88,sp|P61923|COPZ1_HUMAN,/core/www/modules//consensus/?run_id=110202&search_id=114132&scans_id=110198&peptide_id=26999&scanf=34928&charge=3&value=sp|P61923|COPZ1_HUMAN,3,/core/www/modules/match_peptides/blast_html4.php?run_id=110202&search_id=114132&scans_id=110198&peptide_id=26999&scanf=34928&charge=3&value=3,R.VALRGEDVPLTEQTVSQVLQSAK.E,/core/www/modules/show_out/show_out_wrapper.php?run_id=110202&search_id=114132&scans_id=110198&peptide_id=26999&scanf=34928&charge=3&value=R.VALRGEDVPLTEQTVSQVLQSAK.E,COPZ1,1.699e+6,2.200,0.057,1.245,0.002
34929,3,"  2.534","  0.487",12/44,/core/www/modules//sdig/index.php?run_id=110202&search_id=114132&scans_id=110198&peptide_id=27000&scanf=34929&charge=3&value=12/44,sp|Q9Y2X3|NOP58_HUMAN,/core/www/modules//consensus/?run_id=110202&search_id=114132&scans_id=110198&peptide_id=27000&scanf=34929&charge=3&value=sp|Q9Y2X3|NOP58_HUMAN,1,/core/www/modules/match_peptides/blast_html4.php?run_id=110202&search_id=114132&scans_id=110198&peptide_id=27000&scanf=34929&charge=3&value=1,R.EWYGWHFPELGK.I,/core/www/modules/show_out/show_out_wrapper.php?run_id=110202&search_id=114132&scans_id=110198&peptide_id=27000&scanf=34929&charge=3&value=R.EWYGWHFPELGK.I,NOP58,1.411e+7,3.193,0.002,2.694,0.000
34930,3,"  3.451","  0.476",13/84,/core/www/modules//sdig/index.php?run_id=110202&search_id=114132&scans_id=110198&peptide_id=27002&scanf=34930&charge=3&value=13/84,sp|Q9Y696|CLIC4_HUMAN,/core/www/modules//consensus/?run_id=110202&search_id=114132&scans_id=110198&peptide_id=27002&scanf=34930&charge=3&value=sp|Q9Y696|CLIC4_HUMAN,0,/core/www/modules/match_peptides/blast_html4.php?run_id=110202&search_id=114132&scans_id=110198&peptide_id=27002&scanf=34930&charge=3&value=0,K.LDEYLNSPLPDEIDENSMEDIK.F,/core/www/modules/show_out/show_out_wrapper.php?run_id=110202&search_id=114132&scans_id=110198&peptide_id=27002&scanf=34930&charge=3&value=K.LDEYLNSPLPDEIDENSMEDIK.F,CLIC4,1.737e+6,2.481,0.023,1.646,0.001
34933,3,"  2.744","  0.466",11/56,/core/www/modules//sdig/index.php?run_id=110202&search_id=114132&scans_id=110198&peptide_id=27005&scanf=34933&charge=3&value=11/56,sp|P61978|HNRPK_HUMAN,/core/www/modules//consensus/?run_id=110202&search_id=114132&scans_id=110198&peptide_id=27005&scanf=34933&charge=3&value=sp|P61978|HNRPK_HUMAN,1,/core/www/modules/match_peptides/blast_html4.php?run_id=110202&search_id=114132&scans_id=110198&peptide_id=27005&scanf=34933&charge=3&value=1,R.LLIHQSLAGGIIGVK.G,/core/www/modules/show_out/show_out_wrapper.php?run_id=110202&search_id=114132&scans_id=110198&peptide_id=27005&scanf=34933&charge=3&value=R.LLIHQSLAGGIIGVK.G,HNRNPK,1.354e+6,3.076,0.003,2.520,0.000
34942,3,"  3.519","  0.594",21/72,/core/www/modules//sdig/index.php?run_id=110202&search_id=114132&scans_id=110198&peptide_id=27015&scanf=34942&charge=3&value=21/72,sp|P49748|ACADV_HUMAN,/core/www/modules//consensus/?run_id=110202&search_id=114132&scans_id=110198&peptide_id=27015&scanf=34942&charge=3&value=sp|P49748|ACADV_HUMAN,1,/core/www/modules/match_peptides/blast_html4.php?run_id=110202&search_id=114132&scans_id=110198&peptide_id=27015&scanf=34942&charge=3&value=1,R.AGLGSGLSLSGLVHPELSR.S,/core/www/modules/show_out/show_out_wrapper.php?run_id=110202&search_id=114132&scans_id=110198&peptide_id=27015&scanf=34942&charge=3&value=R.AGLGSGLSLSGLVHPELSR.S,ACADVL,4.789e+6,3.276,0.002,2.817,0.000
34948,2,"  5.317","  0.736",16/30,/core/www/modules//sdig/index.php?run_id=110202&search_id=114132&scans_id=110198&peptide_id=27020&scanf=34948&charge=2&value=16/30,sp|Q15149|PLEC_HUMAN,/core/www/modules//consensus/?run_id=110202&search_id=114132&scans_id=110198&peptide_id=27020&scanf=34948&charge=2&value=sp|Q15149|PLEC_HUMAN,5,/core/www/modules/match_peptides/blast_html4.php?run_id=110202&search_id=114132&scans_id=110198&peptide_id=27020&scanf=34948&charge=2&value=5,R.DPYSGSTISLFQAMQK.G,/core/www/modules/show_out/show_out_wrapper.php?run_id=110202&search_id=114132&scans_id=110198&peptide_id=27020&scanf=34948&charge=2&value=R.DPYSGSTISLFQAMQK.G,PLEC,2.838e+6,4.321,0.000,4.366,0.000
34949,3,"  5.725","  0.643",20/100,/core/www/modules//sdig/index.php?run_id=110202&search_id=114132&scans_id=110198&peptide_id=27021&scanf=34949&charge=3&value=20/100,sp|P33991|MCM4_HUMAN,/core/www/modules//consensus/?run_id=110202&search_id=114132&scans_id=110198&peptide_id=27021&scanf=34949&charge=3&value=sp|P33991|MCM4_HUMAN,5,/core/www/modules/match_peptides/blast_html4.php?run_id=110202&search_id=114132&scans_id=110198&peptide_id=27021&scanf=34949&charge=3&value=5,K.GLQVDLQSDGAAAEDIVASEQSLGQK.L,/core/www/modules/show_out/show_out_wrapper.php?run_id=110202&search_id=114132&scans_id=110198&peptide_id=27021&scanf=34949&charge=3&value=K.GLQVDLQSDGAAAEDIVASEQSLGQK.L,MCM4,1.650e+6,3.239,0.002,2.761,0.000
34951,2,"  2.587","  0.372",8/22,/core/www/modules//sdig/index.php?run_id=110202&search_id=114132&scans_id=110198&peptide_id=27024&scanf=34951&charge=2&value=8/22,sp|Q14019|COTL1_HUMAN,/core/www/modules//consensus/?run_id=110202&search_id=114132&scans_id=110198&peptide_id=27024&scanf=34951&charge=2&value=sp|Q14019|COTL1_HUMAN,0,/core/www/modules/match_peptides/blast_html4.php?run_id=110202&search_id=114132&scans_id=110198&peptide_id=27024&scanf=34951&charge=2&value=0,R.DDGSAVIWVTFK.Y,/core/www/modules/show_out/show_out_wrapper.php?run_id=110202&search_id=114132&scans_id=110198&peptide_id=27024&scanf=34951&charge=2&value=R.DDGSAVIWVTFK.Y,COTL1,2.644e+6,2.112,0.075,1.123,0.002
34957,3,"  3.540","  0.411",15/116,/core/www/modules//sdig/index.php?run_id=110202&search_id=114132&scans_id=110198&peptide_id=27030&scanf=34957&charge=3&value=15/116,sp|O96019|ACL6A_HUMAN,/core/www/modules//consensus/?run_id=110202&search_id=114132&scans_id=110198&peptide_id=27030&scanf=34957&charge=3&value=sp|O96019|ACL6A_HUMAN,0,/core/www/modules/match_peptides/blast_html4.php?run_id=110202&search_id=114132&scans_id=110198&peptide_id=27030&scanf=34957&charge=3&value=0,R.STGLILDSGATHTTAIPVHDGYVLQQGIVK.S,/core/www/modules/show_out/show_out_wrapper.php?run_id=110202&search_id=114132&scans_id=110198&peptide_id=27030&scanf=34957&charge=3&value=R.STGLILDSGATHTTAIPVHDGYVLQQGIVK.S,ACTL6A,1.215e+6,1.830,0.176,0.755,0.010
34960,3,"  4.331","  0.518",10/88,/core/www/modules//sdig/index.php?run_id=110202&search_id=114132&scans_id=110198&peptide_id=27034&scanf=34960&charge=3&value=10/88,sp|O75369|FLNB_HUMAN,/core/www/modules//consensus/?run_id=110202&search_id=114132&scans_id=110198&peptide_id=27034&scanf=34960&charge=3&value=sp|O75369|FLNB_HUMAN,2,/core/www/modules/match_peptides/blast_html4.php?run_id=110202&search_id=114132&scans_id=110198&peptide_id=27034&scanf=34960&charge=3&value=2,K.FNDEHIPESPYLVPVIAPSDDAR.R,/core/www/modules/show_out/show_out_wrapper.php?run_id=110202&search_id=114132&scans_id=110198&peptide_id=27034&scanf=34960&charge=3&value=K.FNDEHIPESPYLVPVIAPSDDAR.R,FLNB,1.078e+6,2.668,0.012,1.920,0.000
34961,2,"  2.580","  0.264",9/24,/core/www/modules//sdig/index.php?run_id=110202&search_id=114132&scans_id=110198&peptide_id=27035&scanf=34961&charge=2&value=9/24,sp|P78527|PRKDC_HUMAN,/core/www/modules//consensus/?run_id=110202&search_id=114132&scans_id=110198&peptide_id=27035&scanf=34961&charge=2&value=sp|P78527|PRKDC_HUMAN,0,/core/www/modules/match_peptides/blast_html4.php?run_id=110202&search_id=114132&scans_id=110198&peptide_id=27035&scanf=34961&charge=2&value=0,R.YNFPVEVEVPMER.K,/core/www/modules/show_out/show_out_wrapper.php?run_id=110202&search_id=114132&scans_id=110198&peptide_id=27035&scanf=34961&charge=2&value=R.YNFPVEVEVPMER.K,PRKDC,4.463e+6,2.507,0.021,1.684,0.000
34965,3,"  2.551","  0.379",12/68,/core/www/modules//sdig/index.php?run_id=110202&search_id=114132&scans_id=110198&peptide_id=27038&scanf=34965&charge=3&value=12/68,sp|Q00341|VIGLN_HUMAN,/core/www/modules//consensus/?run_id=110202&search_id=114132&scans_id=110198&peptide_id=27038&scanf=34965&charge=3&value=sp|Q00341|VIGLN_HUMAN,1,/core/www/modules/match_peptides/blast_html4.php?run_id=110202&search_id=114132&scans_id=110198&peptide_id=27038&scanf=34965&charge=3&value=1,R.IVGELEQMVSEDVPLDHR.V,/core/www/modules/show_out/show_out_wrapper.php?run_id=110202&search_id=114132&scans_id=110198&peptide_id=27038&scanf=34965&charge=3&value=R.IVGELEQMVSEDVPLDHR.V,HDLBP,1.904e+7,2.443,0.026,1.591,0.001
34966,3,"  3.567","  0.530",15/52,/core/www/modules//sdig/index.php?run_id=110202&search_id=114132&scans_id=110198&peptide_id=27039&scanf=34966&charge=3&value=15/52,sp|P84103|SRSF3_HUMAN,/core/www/modules//consensus/?run_id=110202&search_id=114132&scans_id=110198&peptide_id=27039&scanf=34966&charge=3&value=sp|P84103|SRSF3_HUMAN,4,/core/www/modules/match_peptides/blast_html4.php?run_id=110202&search_id=114132&scans_id=110198&peptide_id=27039&scanf=34966&charge=3&value=4,R.NPPGFAFVEFEDPR.D,/core/www/modules/show_out/show_out_wrapper.php?run_id=110202&search_id=114132&scans_id=110198&peptide_id=27039&scanf=34966&charge=3&value=R.NPPGFAFVEFEDPR.D,SRSF3,1.682e+8,3.338,0.001,2.909,0.000
34967,2,"  3.269","  0.445",13/28,/core/www/modules//sdig/index.php?run_id=110202&search_id=114132&scans_id=110198&peptide_id=27040&scanf=34967&charge=2&value=13/28,sp|P62847|RS24_HUMAN,/core/www/modules//consensus/?run_id=110202&search_id=114132&scans_id=110198&peptide_id=27040&scanf=34967&charge=2&value=sp|P62847|RS24_HUMAN,4,/core/www/modules/match_peptides/blast_html4.php?run_id=110202&search_id=114132&scans_id=110198&peptide_id=27040&scanf=34967&charge=2&value=4,K.TTGFGMIYDSLDYAK.K,/core/www/modules/show_out/show_out_wrapper.php?run_id=110202&search_id=114132&scans_id=110198&peptide_id=27040&scanf=34967&charge=2&value=K.TTGFGMIYDSLDYAK.K,RPS24,8.191e+7,2.673,0.012,1.927,0.000
34968,3,"  3.207","  0.536",12/80,/core/www/modules//sdig/index.php?run_id=110202&search_id=114132&scans_id=110198&peptide_id=27041&scanf=34968&charge=3&value=12/80,sp|Q9Y4L1|HYOU1_HUMAN,/core/www/modules//consensus/?run_id=110202&search_id=114132&scans_id=110198&peptide_id=27041&scanf=34968&charge=3&value=sp|Q9Y4L1|HYOU1_HUMAN,9,/core/www/modules/match_peptides/blast_html4.php?run_id=110202&search_id=114132&scans_id=110198&peptide_id=27041&scanf=34968&charge=3&value=9,K.NINADEAAAMGAVYQAAALSK.A,/core/www/modules/show_out/show_out_wrapper.php?run_id=110202&search_id=114132&scans_id=110198&peptide_id=27041&scanf=34968&charge=3&value=K.NINADEAAAMGAVYQAAALSK.A,HYOU1,2.249e+6,2.881,0.006,2.232,0.000
34973,3,"  5.406","  0.599",21/100,/core/www/modules//sdig/index.php?run_id=110202&search_id=114132&scans_id=110198&peptide_id=27047&scanf=34973&charge=3&value=21/100,sp|P39023|RL3_HUMAN,/core/www/modules//consensus/?run_id=110202&search_id=114132&scans_id=110198&peptide_id=27047&scanf=34973&charge=3&value=sp|P39023|RL3_HUMAN,4,/core/www/modules/match_peptides/blast_html4.php?run_id=110202&search_id=114132&scans_id=110198&peptide_id=27047&scanf=34973&charge=3&value=4,R.ERLEQQVPVNQVFGQDEM*IDVIGVTK.G,/core/www/modules/show_out/show_out_wrapper.php?run_id=110202&search_id=114132&scans_id=110198&peptide_id=27047&scanf=34973&charge=3&value=R.ERLEQQVPVNQVFGQDEM*IDVIGVTK.G,RPL3,2.849e+6,2.890,0.006,2.246,0.000
34974,3,"  6.249","  0.583",13/144,/core/www/modules//sdig/index.php?run_id=110202&search_id=114132&scans_id=110198&peptide_id=27048&scanf=34974&charge=3&value=13/144,sp|P11142|HSP7C_HUMAN,/core/www/modules//consensus/?run_id=110202&search_id=114132&scans_id=110198&peptide_id=27048&scanf=34974&charge=3&value=sp|P11142|HSP7C_HUMAN,3,/core/www/modules/match_peptides/blast_html4.php?run_id=110202&search_id=114132&scans_id=110198&peptide_id=27048&scanf=34974&charge=3&value=3,K.LYQSAGGMPGGMPGGFPGGGAPPSGGASSGPTIEEVD.-,/core/www/modules/show_out/show_out_wrapper.php?run_id=110202&search_id=114132&scans_id=110198&peptide_id=27048&scanf=34974&charge=3&value=K.LYQSAGGMPGGMPGGFPGGGAPPSGGASSGPTIEEVD.-,HSPA8,2.116e+6,2.614,0.014,1.840,0.000
34975,3,"  1.759","  0.326",10/44,/core/www/modules//sdig/index.php?run_id=110202&search_id=114132&scans_id=110198&peptide_id=27049&scanf=34975&charge=3&value=10/44,sp|Q9BPX3|CND3_HUMAN,/core/www/modules//consensus/?run_id=110202&search_id=114132&scans_id=110198&peptide_id=27049&scanf=34975&charge=3&value=sp|Q9BPX3|CND3_HUMAN,0,/core/www/modules/match_peptides/blast_html4.php?run_id=110202&search_id=114132&scans_id=110198&peptide_id=27049&scanf=34975&charge=3&value=0,R.FSEGNILELLHR.L,/core/www/modules/show_out/show_out_wrapper.php?run_id=110202&search_id=114132&scans_id=110198&peptide_id=27049&scanf=34975&charge=3&value=R.FSEGNILELLHR.L,NCAPG,3.856e+6,2.470,0.023,1.631,0.001
34979,2,"  2.810","  0.564",11/18,/core/www/modules//sdig/index.php?run_id=110202&search_id=114132&scans_id=110198&peptide_id=27053&scanf=34979&charge=2&value=11/18,sp|Q6N069|NAA16_HUMAN,/core/www/modules//consensus/?run_id=110202&search_id=114132&scans_id=110198&peptide_id=27053&scanf=34979&charge=2&value=sp|Q6N069|NAA16_HUMAN,4,/core/www/modules/match_peptides/blast_html4.php?run_id=110202&search_id=114132&scans_id=110198&peptide_id=27053&scanf=34979&charge=2&value=4,R.DLSLLQIQMR.D,/core/www/modules/show_out/show_out_wrapper.php?run_id=110202&search_id=114132&scans_id=110198&peptide_id=27053&scanf=34979&charge=2&value=R.DLSLLQIQMR.D,NAA16,3.479e+6,3.462,0.001,3.091,0.000
34982,3,"  3.113","  0.406",9/64,/core/www/modules//sdig/index.php?run_id=110202&search_id=114132&scans_id=110198&peptide_id=27057&scanf=34982&charge=3&value=9/64,sp|P35580|MYH10_HUMAN,/core/www/modules//consensus/?run_id=110202&search_id=114132&scans_id=110198&peptide_id=27057&scanf=34982&charge=3&value=sp|P35580|MYH10_HUMAN,1,/core/www/modules/match_peptides/blast_html4.php?run_id=110202&search_id=114132&scans_id=110198&peptide_id=27057&scanf=34982&charge=3&value=1,R.ELQAQIAELQEDFESEK.A,/core/www/modules/show_out/show_out_wrapper.php?run_id=110202&search_id=114132&scans_id=110198&peptide_id=27057&scanf=34982&charge=3&value=R.ELQAQIAELQEDFESEK.A,MYH10,1.962e+6,2.609,0.015,1.833,0.000
34988,2,"  3.667","  0.441",13/24,/core/www/modules//sdig/index.php?run_id=110202&search_id=114132&scans_id=110198&peptide_id=27062&scanf=34988&charge=2&value=13/24,sp|Q13283|G3BP1_HUMAN,/core/www/modules//consensus/?run_id=110202&search_id=114132&scans_id=110198&peptide_id=27062&scanf=34988&charge=2&value=sp|Q13283|G3BP1_HUMAN,3,/core/www/modules/match_peptides/blast_html4.php?run_id=110202&search_id=114132&scans_id=110198&peptide_id=27062&scanf=34988&charge=2&value=3,K.DFFQSYGNVVELR.I,/core/www/modules/show_out/show_out_wrapper.php?run_id=110202&search_id=114132&scans_id=110198&peptide_id=27062&scanf=34988&charge=2&value=K.DFFQSYGNVVELR.I,G3BP1,3.991e+6,2.864,0.006,2.207,0.000
34990,2,"  3.730","  0.615",12/30,/core/www/modules//sdig/index.php?run_id=110202&search_id=114132&scans_id=110198&peptide_id=27065&scanf=34990&charge=2&value=12/30,sp|Q9UBD5|ORC3_HUMAN,/core/www/modules//consensus/?run_id=110202&search_id=114132&scans_id=110198&peptide_id=27065&scanf=34990&charge=2&value=sp|Q9UBD5|ORC3_HUMAN,0,/core/www/modules/match_peptides/blast_html4.php?run_id=110202&search_id=114132&scans_id=110198&peptide_id=27065&scanf=34990&charge=2&value=0,R.TTSSQWQSPPVVVILK.D,/core/www/modules/show_out/show_out_wrapper.php?run_id=110202&search_id=114132&scans_id=110198&peptide_id=27065&scanf=34990&charge=2&value=R.TTSSQWQSPPVVVILK.D,ORC3,1.954e+6,3.042,0.003,2.470,0.000
34993,3,"  2.222","  0.334",9/44,/core/www/modules//sdig/index.php?run_id=110202&search_id=114132&scans_id=110198&peptide_id=27068&scanf=34993&charge=3&value=9/44,sp|P18124|RL7_HUMAN,/core/www/modules//consensus/?run_id=110202&search_id=114132&scans_id=110198&peptide_id=27068&scanf=34993&charge=3&value=sp|P18124|RL7_HUMAN,1,/core/www/modules/match_peptides/blast_html4.php?run_id=110202&search_id=114132&scans_id=110198&peptide_id=27068&scanf=34993&charge=3&value=1,R.FKEANNFLWPFK.L,/core/www/modules/show_out/show_out_wrapper.php?run_id=110202&search_id=114132&scans_id=110198&peptide_id=27068&scanf=34993&charge=3&value=R.FKEANNFLWPFK.L,RPL7,6.475e+6,2.276,0.044,1.352,0.002
34994,3,"  6.133","  0.727",25/88,/core/www/modules//sdig/index.php?run_id=110202&search_id=114132&scans_id=110198&peptide_id=27069&scanf=34994&charge=3&value=25/88,sp|O95365|ZBT7A_HUMAN,/core/www/modules//consensus/?run_id=110202&search_id=114132&scans_id=110198&peptide_id=27069&scanf=34994&charge=3&value=sp|O95365|ZBT7A_HUMAN,0,/core/www/modules/match_peptides/blast_html4.php?run_id=110202&search_id=114132&scans_id=110198&peptide_id=27069&scanf=34994&charge=3&value=0,R.QILAADAGADAGQLDLVDQIDQR.N,/core/www/modules/show_out/show_out_wrapper.php?run_id=110202&search_id=114132&scans_id=110198&peptide_id=27069&scanf=34994&charge=3&value=R.QILAADAGADAGQLDLVDQIDQR.N,ZBTB7A,2.817e+6,3.660,0.000,3.386,0.000
34996,2,"  4.729","  0.670",16/30,/core/www/modules//sdig/index.php?run_id=110202&search_id=114132&scans_id=110198&peptide_id=27071&scanf=34996&charge=2&value=16/30,sp|P54578|UBP14_HUMAN,/core/www/modules//consensus/?run_id=110202&search_id=114132&scans_id=110198&peptide_id=27071&scanf=34996&charge=2&value=sp|P54578|UBP14_HUMAN,1,/core/www/modules/match_peptides/blast_html4.php?run_id=110202&search_id=114132&scans_id=110198&peptide_id=27071&scanf=34996&charge=2&value=1,K.FEGVELNTDEPPMVFK.A,/core/www/modules/show_out/show_out_wrapper.php?run_id=110202&search_id=114132&scans_id=110198&peptide_id=27071&scanf=34996&charge=2&value=K.FEGVELNTDEPPMVFK.A,USP14,1.573e+6,3.599,0.001,3.295,0.000
35000,3,"  3.207","  0.461",9/64,/core/www/modules//sdig/index.php?run_id=110202&search_id=114132&scans_id=110198&peptide_id=27076&scanf=35000&charge=3&value=9/64,sp|Q9BZH6|WDR11_HUMAN,/core/www/modules//consensus/?run_id=110202&search_id=114132&scans_id=110198&peptide_id=27076&scanf=35000&charge=3&value=sp|Q9BZH6|WDR11_HUMAN,0,/core/www/modules/match_peptides/blast_html4.php?run_id=110202&search_id=114132&scans_id=110198&peptide_id=27076&scanf=35000&charge=3&value=0,K.NFPTITALEWSPSHNLK.S,/core/www/modules/show_out/show_out_wrapper.php?run_id=110202&search_id=114132&scans_id=110198&peptide_id=27076&scanf=35000&charge=3&value=K.NFPTITALEWSPSHNLK.S,WDR11,2.246e+6,2.633,0.014,1.867,0.000
35001,3,"  4.927","  0.695",14/80,/core/www/modules//sdig/index.php?run_id=110202&search_id=114132&scans_id=110198&peptide_id=27077&scanf=35001&charge=3&value=14/80,sp|Q9Y4L1|HYOU1_HUMAN,/core/www/modules//consensus/?run_id=110202&search_id=114132&scans_id=110198&peptide_id=27077&scanf=35001&charge=3&value=sp|Q9Y4L1|HYOU1_HUMAN,9,/core/www/modules/match_peptides/blast_html4.php?run_id=110202&search_id=114132&scans_id=110198&peptide_id=27077&scanf=35001&charge=3&value=9,K.NINADEAAAMGAVYQAAALSK.A,/core/www/modules/show_out/show_out_wrapper.php?run_id=110202&search_id=114132&scans_id=110198&peptide_id=27077&scanf=35001&charge=3&value=K.NINADEAAAMGAVYQAAALSK.A,HYOU1,2.249e+6,3.545,0.001,3.215,0.000
35008,2,"  4.718","  0.618",19/34,/core/www/modules//sdig/index.php?run_id=110202&search_id=114132&scans_id=110198&peptide_id=27083&scanf=35008&charge=2&value=19/34,sp|Q15393|SF3B3_HUMAN,/core/www/modules//consensus/?run_id=110202&search_id=114132&scans_id=110198&peptide_id=27083&scanf=35008&charge=2&value=sp|Q15393|SF3B3_HUMAN,0,/core/www/modules/match_peptides/blast_html4.php?run_id=110202&search_id=114132&scans_id=110198&peptide_id=27083&scanf=35008&charge=2&value=0,R.WVTTASLLDYDTVAGADK.F,/core/www/modules/show_out/show_out_wrapper.php?run_id=110202&search_id=114132&scans_id=110198&peptide_id=27083&scanf=35008&charge=2&value=R.WVTTASLLDYDTVAGADK.F,SF3B3,6.589e+6,3.504,0.001,3.154,0.000
35011,4,"  3.190","  0.327",13/132,/core/www/modules//sdig/index.php?run_id=110202&search_id=114132&scans_id=110198&peptide_id=27086&scanf=35011&charge=4&value=13/132,sp|Q7Z3J2|VP35L_HUMAN,/core/www/modules//consensus/?run_id=110202&search_id=114132&scans_id=110198&peptide_id=27086&scanf=35011&charge=4&value=sp|Q7Z3J2|VP35L_HUMAN,5,/core/www/modules/match_peptides/blast_html4.php?run_id=110202&search_id=114132&scans_id=110198&peptide_id=27086&scanf=35011&charge=4&value=5,R.LEAVPLEFGDYHPLKPITVTESK.T,/core/www/modules/show_out/show_out_wrapper.php?run_id=110202&search_id=114132&scans_id=110198&peptide_id=27086&scanf=35011&charge=4&value=R.LEAVPLEFGDYHPLKPITVTESK.T,VPS35L,2.313e+6,2.450,0.025,1.602,0.001
35016,3,"  3.105","  0.449",11/68,/core/www/modules//sdig/index.php?run_id=110202&search_id=114132&scans_id=110198&peptide_id=27091&scanf=35016&charge=3&value=11/68,sp|O94874|UFL1_HUMAN,/core/www/modules//consensus/?run_id=110202&search_id=114132&scans_id=110198&peptide_id=27091&scanf=35016&charge=3&value=sp|O94874|UFL1_HUMAN,0,/core/www/modules/match_peptides/blast_html4.php?run_id=110202&search_id=114132&scans_id=110198&peptide_id=27091&scanf=35016&charge=3&value=0,R.GLFSAITRPTAVNSLISK.Y,/core/www/modules/show_out/show_out_wrapper.php?run_id=110202&search_id=114132&scans_id=110198&peptide_id=27091&scanf=35016&charge=3&value=R.GLFSAITRPTAVNSLISK.Y,UFL1,3.028e+6,2.676,0.012,1.932,0.000
35026,2,"  3.408","  0.555",12/22,/core/www/modules//sdig/index.php?run_id=110202&search_id=114132&scans_id=110198&peptide_id=27102&scanf=35026&charge=2&value=12/22,sp|O75396|SC22B_HUMAN,/core/www/modules//consensus/?run_id=110202&search_id=114132&scans_id=110198&peptide_id=27102&scanf=35026&charge=2&value=sp|O75396|SC22B_HUMAN,1,/core/www/modules/match_peptides/blast_html4.php?run_id=110202&search_id=114132&scans_id=110198&peptide_id=27102&scanf=35026&charge=2&value=1,R.IMVANIEEVLQR.G,/core/www/modules/show_out/show_out_wrapper.php?run_id=110202&search_id=114132&scans_id=110198&peptide_id=27102&scanf=35026&charge=2&value=R.IMVANIEEVLQR.G,SEC22B,5.895e+6,3.190,0.002,2.689,0.000
35028,3,"  3.893","  0.617",20/80,/core/www/modules//sdig/index.php?run_id=110202&search_id=114132&scans_id=110198&peptide_id=27103&scanf=35028&charge=3&value=20/80,sp|P60709|ACTB_HUMAN,/core/www/modules//consensus/?run_id=110202&search_id=114132&scans_id=110198&peptide_id=27103&scanf=35028&charge=3&value=sp|P60709|ACTB_HUMAN,6,/core/www/modules/match_peptides/blast_html4.php?run_id=110202&search_id=114132&scans_id=110198&peptide_id=27103&scanf=35028&charge=3&value=6,K.DLYANTVLSGGTTMYPGIADR.M,/core/www/modules/show_out/show_out_wrapper.php?run_id=110202&search_id=114132&scans_id=110198&peptide_id=27103&scanf=35028&charge=3&value=K.DLYANTVLSGGTTMYPGIADR.M,ACTB,3.696e+8,3.839,0.000,3.650,0.000
35029,2,"  3.280","  0.454",10/26,/core/www/modules//sdig/index.php?run_id=110202&search_id=114132&scans_id=110198&peptide_id=27104&scanf=35029&charge=2&value=10/26,sp|Q92616|GCN1_HUMAN,/core/www/modules//consensus/?run_id=110202&search_id=114132&scans_id=110198&peptide_id=27104&scanf=35029&charge=2&value=sp|Q92616|GCN1_HUMAN,0,/core/www/modules/match_peptides/blast_html4.php?run_id=110202&search_id=114132&scans_id=110198&peptide_id=27104&scanf=35029&charge=2&value=0,K.DLAPYLPSVTPGLK.A,/core/www/modules/show_out/show_out_wrapper.php?run_id=110202&search_id=114132&scans_id=110198&peptide_id=27104&scanf=35029&charge=2&value=K.DLAPYLPSVTPGLK.A,GCN1,6.770e+6,2.874,0.006,2.222,0.000
35036,2,"  1.987","  0.275",9/22,/core/www/modules//sdig/index.php?run_id=110202&search_id=114132&scans_id=110198&peptide_id=27112&scanf=35036&charge=2&value=9/22,sp|P61764|STXB1_HUMAN,/core/www/modules//consensus/?run_id=110202&search_id=114132&scans_id=110198&peptide_id=27112&scanf=35036&charge=2&value=sp|P61764|STXB1_HUMAN,6,/core/www/modules/match_peptides/blast_html4.php?run_id=110202&search_id=114132&scans_id=110198&peptide_id=27112&scanf=35036&charge=2&value=6,K.DNALLAQLIQDK.L,/core/www/modules/show_out/show_out_wrapper.php?run_id=110202&search_id=114132&scans_id=110198&peptide_id=27112&scanf=35036&charge=2&value=K.DNALLAQLIQDK.L,STXBP1,1.896e+6,2.126,0.072,1.142,0.002
35039,3,"  4.191","  0.565",18/52,/core/www/modules//sdig/index.php?run_id=110202&search_id=114132&scans_id=110198&peptide_id=27115&scanf=35039&charge=3&value=18/52,sp|P49760|CLK2_HUMAN,/core/www/modules//consensus/?run_id=110202&search_id=114132&scans_id=110198&peptide_id=27115&scanf=35039&charge=3&value=sp|P49760|CLK2_HUMAN,1,/core/www/modules/match_peptides/blast_html4.php?run_id=110202&search_id=114132&scans_id=110198&peptide_id=27115&scanf=35039&charge=3&value=1,R.LTLGEALQHPFFAR.L,/core/www/modules/show_out/show_out_wrapper.php?run_id=110202&search_id=114132&scans_id=110198&peptide_id=27115&scanf=35039&charge=3&value=R.LTLGEALQHPFFAR.L,CLK2,6.049e+6,3.495,0.001,3.141,0.000
35041,3,"  2.519","  0.381",10/52,/core/www/modules//sdig/index.php?run_id=110202&search_id=114132&scans_id=110198&peptide_id=27118&scanf=35041&charge=3&value=10/52,sp|Q9UBE0|SAE1_HUMAN,/core/www/modules//consensus/?run_id=110202&search_id=114132&scans_id=110198&peptide_id=27118&scanf=35041&charge=3&value=sp|Q9UBE0|SAE1_HUMAN,1,/core/www/modules/match_peptides/blast_html4.php?run_id=110202&search_id=114132&scans_id=110198&peptide_id=27118&scanf=35041&charge=3&value=1,R.DPPHNNFFFFDGMK.G,/core/www/modules/show_out/show_out_wrapper.php?run_id=110202&search_id=114132&scans_id=110198&peptide_id=27118&scanf=35041&charge=3&value=R.DPPHNNFFFFDGMK.G,SAE1,5.690e+6,2.584,0.016,1.796,0.000
35043,3,"  4.736","  0.585",12/64,/core/www/modules//sdig/index.php?run_id=110202&search_id=114132&scans_id=110198&peptide_id=27120&scanf=35043&charge=3&value=12/64,sp|Q9BZH6|WDR11_HUMAN,/core/www/modules//consensus/?run_id=110202&search_id=114132&scans_id=110198&peptide_id=27120&scanf=35043&charge=3&value=sp|Q9BZH6|WDR11_HUMAN,0,/core/www/modules/match_peptides/blast_html4.php?run_id=110202&search_id=114132&scans_id=110198&peptide_id=27120&scanf=35043&charge=3&value=0,K.NFPTITALEWSPSHNLK.S,/core/www/modules/show_out/show_out_wrapper.php?run_id=110202&search_id=114132&scans_id=110198&peptide_id=27120&scanf=35043&charge=3&value=K.NFPTITALEWSPSHNLK.S,WDR11,2.246e+6,3.245,0.002,2.770,0.000
35044,2,"  3.104","  0.585",12/28,/core/www/modules//sdig/index.php?run_id=110202&search_id=114132&scans_id=110198&peptide_id=27121&scanf=35044&charge=2&value=12/28,sp|P50613|CDK7_HUMAN,/core/www/modules//consensus/?run_id=110202&search_id=114132&scans_id=110198&peptide_id=27121&scanf=35044&charge=2&value=sp|P50613|CDK7_HUMAN,3,/core/www/modules/match_peptides/blast_html4.php?run_id=110202&search_id=114132&scans_id=110198&peptide_id=27121&scanf=35044&charge=2&value=3,R.VPFLPGDSDLDQLTR.I,/core/www/modules/show_out/show_out_wrapper.php?run_id=110202&search_id=114132&scans_id=110198&peptide_id=27121&scanf=35044&charge=2&value=R.VPFLPGDSDLDQLTR.I,CDK7,1.701e+6,3.122,0.003,2.589,0.000
35045,3,"  2.349","  0.369",15/40,/core/www/modules//sdig/index.php?run_id=110202&search_id=114132&scans_id=110198&peptide_id=27122&scanf=35045&charge=3&value=15/40,sp|Q9H4L7|SMRCD_HUMAN,/core/www/modules//consensus/?run_id=110202&search_id=114132&scans_id=110198&peptide_id=27122&scanf=35045&charge=3&value=sp|Q9H4L7|SMRCD_HUMAN,0,/core/www/modules/match_peptides/blast_html4.php?run_id=110202&search_id=114132&scans_id=110198&peptide_id=27122&scanf=35045&charge=3&value=0,K.VGLNWLALVHK.H,/core/www/modules/show_out/show_out_wrapper.php?run_id=110202&search_id=114132&scans_id=110198&peptide_id=27122&scanf=35045&charge=3&value=K.VGLNWLALVHK.H,SMARCAD1,5.043e+6,2.907,0.005,2.270,0.000
35049,3,"  2.246","  0.351",15/64,/core/www/modules//sdig/index.php?run_id=110202&search_id=114132&scans_id=110198&peptide_id=27125&scanf=35049&charge=3&value=15/64,sp|Q96QD9|UIF_HUMAN,/core/www/modules//consensus/?run_id=110202&search_id=114132&scans_id=110198&peptide_id=27125&scanf=35049&charge=3&value=sp|Q96QD9|UIF_HUMAN,1,/core/www/modules/match_peptides/blast_html4.php?run_id=110202&search_id=114132&scans_id=110198&peptide_id=27125&scanf=35049&charge=3&value=1,R.SNENLDKIDMSLDDIIK.L,/core/www/modules/show_out/show_out_wrapper.php?run_id=110202&search_id=114132&scans_id=110198&peptide_id=27125&scanf=35049&charge=3&value=R.SNENLDKIDMSLDDIIK.L,FYTTD1,4.097e+6,2.152,0.066,1.178,0.002
35050,3,"  5.154","  0.525",19/88,/core/www/modules//sdig/index.php?run_id=110202&search_id=114132&scans_id=110198&peptide_id=27127&scanf=35050&charge=3&value=19/88,sp|P13010|XRCC5_HUMAN,/core/www/modules//consensus/?run_id=110202&search_id=114132&scans_id=110198&peptide_id=27127&scanf=35050&charge=3&value=sp|P13010|XRCC5_HUMAN,0,/core/www/modules/match_peptides/blast_html4.php?run_id=110202&search_id=114132&scans_id=110198&peptide_id=27127&scanf=35050&charge=3&value=0,R.EPLPPIQQHIWNM*LNPPAEVTTK.S,/core/www/modules/show_out/show_out_wrapper.php?run_id=110202&search_id=114132&scans_id=110198&peptide_id=27127&scanf=35050&charge=3&value=R.EPLPPIQQHIWNM*LNPPAEVTTK.S,XRCC5,3.121e+6,3.037,0.003,2.462,0.000
35051,3,"  2.909","  0.377",14/60,/core/www/modules//sdig/index.php?run_id=110202&search_id=114132&scans_id=110198&peptide_id=27128&scanf=35051&charge=3&value=14/60,sp|P14866|HNRPL_HUMAN,/core/www/modules//consensus/?run_id=110202&search_id=114132&scans_id=110198&peptide_id=27128&scanf=35051&charge=3&value=sp|P14866|HNRPL_HUMAN,4,/core/www/modules/match_peptides/blast_html4.php?run_id=110202&search_id=114132&scans_id=110198&peptide_id=27128&scanf=35051&charge=3&value=4,K.SDALETLGFLNHYQMK.N,/core/www/modules/show_out/show_out_wrapper.php?run_id=110202&search_id=114132&scans_id=110198&peptide_id=27128&scanf=35051&charge=3&value=K.SDALETLGFLNHYQMK.N,HNRNPL,2.245e+8,2.747,0.009,2.035,0.000
35052,2,"  2.171","  0.471",9/18,/core/www/modules//sdig/index.php?run_id=110202&search_id=114132&scans_id=110198&peptide_id=27129&scanf=35052&charge=2&value=9/18,sp|Q96I99|SUCB2_HUMAN,/core/www/modules//consensus/?run_id=110202&search_id=114132&scans_id=110198&peptide_id=27129&scanf=35052&charge=2&value=sp|Q96I99|SUCB2_HUMAN,2,/core/www/modules/match_peptides/blast_html4.php?run_id=110202&search_id=114132&scans_id=110198&peptide_id=27129&scanf=35052&charge=2&value=2,R.ETYLAILMDR.S,/core/www/modules/show_out/show_out_wrapper.php?run_id=110202&search_id=114132&scans_id=110198&peptide_id=27129&scanf=35052&charge=2&value=R.ETYLAILMDR.S,SUCLG2,4.815e+6,2.970,0.004,2.364,0.000
35054,2,"  3.997","  0.588",13/22,/core/www/modules//sdig/index.php?run_id=110202&search_id=114132&scans_id=110198&peptide_id=27131&scanf=35054&charge=2&value=13/22,sp|O00425|IF2B3_HUMAN,/core/www/modules//consensus/?run_id=110202&search_id=114132&scans_id=110198&peptide_id=27131&scanf=35054&charge=2&value=sp|O00425|IF2B3_HUMAN,0,/core/www/modules/match_peptides/blast_html4.php?run_id=110202&search_id=114132&scans_id=110198&peptide_id=27131&scanf=35054&charge=2&value=0,K.LNGFQLENFTLK.V,/core/www/modules/show_out/show_out_wrapper.php?run_id=110202&search_id=114132&scans_id=110198&peptide_id=27131&scanf=35054&charge=2&value=K.LNGFQLENFTLK.V,IGF2BP3,3.433e+6,3.522,0.001,3.180,0.000
35055,2,"  2.746","  0.459",11/24,/core/www/modules//sdig/index.php?run_id=110202&search_id=114132&scans_id=110198&peptide_id=27132&scanf=35055&charge=2&value=11/24,sp|Q13620|CUL4B_HUMAN,/core/www/modules//consensus/?run_id=110202&search_id=114132&scans_id=110198&peptide_id=27132&scanf=35055&charge=2&value=sp|Q13620|CUL4B_HUMAN,8,/core/www/modules/match_peptides/blast_html4.php?run_id=110202&search_id=114132&scans_id=110198&peptide_id=27132&scanf=35055&charge=2&value=8,R.FEDTLEFVGFDAK.M,/core/www/modules/show_out/show_out_wrapper.php?run_id=110202&search_id=114132&scans_id=110198&peptide_id=27132&scanf=35055&charge=2&value=R.FEDTLEFVGFDAK.M,CUL4B,1.808e+6,2.817,0.007,2.138,0.000
35058,2,"  3.534","  0.675",16/30,/core/www/modules//sdig/index.php?run_id=110202&search_id=114132&scans_id=110198&peptide_id=27135&scanf=35058&charge=2&value=16/30,sp|P54578|UBP14_HUMAN,/core/www/modules//consensus/?run_id=110202&search_id=114132&scans_id=110198&peptide_id=27135&scanf=35058&charge=2&value=sp|P54578|UBP14_HUMAN,1,/core/www/modules/match_peptides/blast_html4.php?run_id=110202&search_id=114132&scans_id=110198&peptide_id=27135&scanf=35058&charge=2&value=1,K.FEGVELNTDEPPMVFK.A,/core/www/modules/show_out/show_out_wrapper.php?run_id=110202&search_id=114132&scans_id=110198&peptide_id=27135&scanf=35058&charge=2&value=K.FEGVELNTDEPPMVFK.A,USP14,1.573e+6,3.558,0.001,3.235,0.000
35070,2,"  3.646","  0.601",17/20,/core/www/modules//sdig/index.php?run_id=110202&search_id=114132&scans_id=110198&peptide_id=27148&scanf=35070&charge=2&value=17/20,sp|P49755|TMEDA_HUMAN,/core/www/modules//consensus/?run_id=110202&search_id=114132&scans_id=110198&peptide_id=27148&scanf=35070&charge=2&value=sp|P49755|TMEDA_HUMAN,1,/core/www/modules/match_peptides/blast_html4.php?run_id=110202&search_id=114132&scans_id=110198&peptide_id=27148&scanf=35070&charge=2&value=1,R.IPDQLVILDMK.H,/core/www/modules/show_out/show_out_wrapper.php?run_id=110202&search_id=114132&scans_id=110198&peptide_id=27148&scanf=35070&charge=2&value=R.IPDQLVILDMK.H,TMED10,1.276e+7,4.007,0.000,3.900,0.000
35079,3,"  2.926","  0.379",10/76,/core/www/modules//sdig/index.php?run_id=110202&search_id=114132&scans_id=110198&peptide_id=27157&scanf=35079&charge=3&value=10/76,sp|O95155|UBE4B_HUMAN,/core/www/modules//consensus/?run_id=110202&search_id=114132&scans_id=110198&peptide_id=27157&scanf=35079&charge=3&value=sp|O95155|UBE4B_HUMAN,0,/core/www/modules/match_peptides/blast_html4.php?run_id=110202&search_id=114132&scans_id=110198&peptide_id=27157&scanf=35079&charge=3&value=0,R.DENPFASLTATSQPIAAAAR.S,/core/www/modules/show_out/show_out_wrapper.php?run_id=110202&search_id=114132&scans_id=110198&peptide_id=27157&scanf=35079&charge=3&value=R.DENPFASLTATSQPIAAAAR.S,UBE4B,4.314e+6,2.208,0.055,1.257,0.002
35087,3,"  2.830","  0.304",11/76,/core/www/modules//sdig/index.php?run_id=110202&search_id=114132&scans_id=110198&peptide_id=27166&scanf=35087&charge=3&value=11/76,sp|Q6UN15|FIP1_HUMAN,/core/www/modules//consensus/?run_id=110202&search_id=114132&scans_id=110198&peptide_id=27166&scanf=35087&charge=3&value=sp|Q6UN15|FIP1_HUMAN,1,/core/www/modules/match_peptides/blast_html4.php?run_id=110202&search_id=114132&scans_id=110198&peptide_id=27166&scanf=35087&charge=3&value=1,R.KPGADLSDYFNYGFNEDTWK.A,/core/www/modules/show_out/show_out_wrapper.php?run_id=110202&search_id=114132&scans_id=110198&peptide_id=27166&scanf=35087&charge=3&value=R.KPGADLSDYFNYGFNEDTWK.A,FIP1L1,1.522e+6,1.906,0.141,0.850,0.007
35088,2,"  3.137","  0.288",12/22,/core/www/modules//sdig/index.php?run_id=110202&search_id=114132&scans_id=110198&peptide_id=27167&scanf=35088&charge=2&value=12/22,sp|Q9UGU0|TCF20_HUMAN,/core/www/modules//consensus/?run_id=110202&search_id=114132&scans_id=110198&peptide_id=27167&scanf=35088&charge=2&value=sp|Q9UGU0|TCF20_HUMAN,1,/core/www/modules/match_peptides/blast_html4.php?run_id=110202&search_id=114132&scans_id=110198&peptide_id=27167&scanf=35088&charge=2&value=1,R.LYGLQEALEIAR.E,/core/www/modules/show_out/show_out_wrapper.php?run_id=110202&search_id=114132&scans_id=110198&peptide_id=27167&scanf=35088&charge=2&value=R.LYGLQEALEIAR.E,TCF20,2.149e+6,2.326,0.038,1.424,0.001
35091,2,"  3.092","  0.653",14/24,/core/www/modules//sdig/index.php?run_id=110202&search_id=114132&scans_id=110198&peptide_id=27170&scanf=35091&charge=2&value=14/24,sp|O43390|HNRPR_HUMAN,/core/www/modules//consensus/?run_id=110202&search_id=114132&scans_id=110198&peptide_id=27170&scanf=35091&charge=2&value=sp|O43390|HNRPR_HUMAN,4,/core/www/modules/match_peptides/blast_html4.php?run_id=110202&search_id=114132&scans_id=110198&peptide_id=27170&scanf=35091&charge=2&value=4,R.NLATTVTEEILEK.S,/core/www/modules/show_out/show_out_wrapper.php?run_id=110202&search_id=114132&scans_id=110198&peptide_id=27170&scanf=35091&charge=2&value=R.NLATTVTEEILEK.S,HNRNPR,1.989e+8,3.757,0.000,3.529,0.000
35093,2,"  2.316","  0.404",11/18,/core/www/modules//sdig/index.php?run_id=110202&search_id=114132&scans_id=110198&peptide_id=27172&scanf=35093&charge=2&value=11/18,sp|Q9P2K5|MYEF2_HUMAN,/core/www/modules//consensus/?run_id=110202&search_id=114132&scans_id=110198&peptide_id=27172&scanf=35093&charge=2&value=sp|Q9P2K5|MYEF2_HUMAN,6,/core/www/modules/match_peptides/blast_html4.php?run_id=110202&search_id=114132&scans_id=110198&peptide_id=27172&scanf=35093&charge=2&value=6,R.NLPFDLTWQK.L,/core/www/modules/show_out/show_out_wrapper.php?run_id=110202&search_id=114132&scans_id=110198&peptide_id=27172&scanf=35093&charge=2&value=R.NLPFDLTWQK.L,MYEF2,1.531e+7,2.967,0.004,2.359,0.000
35094,2,"  1.665","  0.382",12/20,/core/www/modules//sdig/index.php?run_id=110202&search_id=114132&scans_id=110198&peptide_id=27173&scanf=35094&charge=2&value=12/20,sp|P52789|HXK2_HUMAN,/core/www/modules//consensus/?run_id=110202&search_id=114132&scans_id=110198&peptide_id=27173&scanf=35094&charge=2&value=sp|P52789|HXK2_HUMAN,1,/core/www/modules/match_peptides/blast_html4.php?run_id=110202&search_id=114132&scans_id=110198&peptide_id=27173&scanf=35094&charge=2&value=1,K.LDESFLVSWTK.G,/core/www/modules/show_out/show_out_wrapper.php?run_id=110202&search_id=114132&scans_id=110198&peptide_id=27173&scanf=35094&charge=2&value=K.LDESFLVSWTK.G,HK2,3.981e+6,2.736,0.010,2.020,0.000
35096,3,"  4.101","  0.581",17/56,/core/www/modules//sdig/index.php?run_id=110202&search_id=114132&scans_id=110198&peptide_id=27175&scanf=35096&charge=3&value=17/56,sp|Q5SSJ5|HP1B3_HUMAN,/core/www/modules//consensus/?run_id=110202&search_id=114132&scans_id=110198&peptide_id=27175&scanf=35096&charge=3&value=sp|Q5SSJ5|HP1B3_HUMAN,2,/core/www/modules/match_peptides/blast_html4.php?run_id=110202&search_id=114132&scans_id=110198&peptide_id=27175&scanf=35096&charge=3&value=2,K.ALPLIVGAQLIHADK.L,/core/www/modules/show_out/show_out_wrapper.php?run_id=110202&search_id=114132&scans_id=110198&peptide_id=27175&scanf=35096&charge=3&value=K.ALPLIVGAQLIHADK.L,HP1BP3,2.648e+7,3.513,0.001,3.167,0.000
35097,3,"  3.353","  0.321",13/56,/core/www/modules//sdig/index.php?run_id=110202&search_id=114132&scans_id=110198&peptide_id=27176&scanf=35097&charge=3&value=13/56,sp|Q13200|PSMD2_HUMAN,/core/www/modules//consensus/?run_id=110202&search_id=114132&scans_id=110198&peptide_id=27176&scanf=35097&charge=3&value=sp|Q13200|PSMD2_HUMAN,0,/core/www/modules/match_peptides/blast_html4.php?run_id=110202&search_id=114132&scans_id=110198&peptide_id=27176&scanf=35097&charge=3&value=0,K.SHYVLYGLVAAMQPR.M,/core/www/modules/show_out/show_out_wrapper.php?run_id=110202&search_id=114132&scans_id=110198&peptide_id=27176&scanf=35097&charge=3&value=K.SHYVLYGLVAAMQPR.M,PSMD2,3.705e+6,2.426,0.027,1.567,0.001
35098,2,"  2.252","  0.388",13/26,/core/www/modules//sdig/index.php?run_id=110202&search_id=114132&scans_id=110198&peptide_id=27177&scanf=35098&charge=2&value=13/26,sp|P51149|RAB7A_HUMAN,/core/www/modules//consensus/?run_id=110202&search_id=114132&scans_id=110198&peptide_id=27177&scanf=35098&charge=2&value=sp|P51149|RAB7A_HUMAN,6,/core/www/modules/match_peptides/blast_html4.php?run_id=110202&search_id=114132&scans_id=110198&peptide_id=27177&scanf=35098&charge=2&value=6,K.EAINVEQAFQTIAR.N,/core/www/modules/show_out/show_out_wrapper.php?run_id=110202&search_id=114132&scans_id=110198&peptide_id=27177&scanf=35098&charge=2&value=K.EAINVEQAFQTIAR.N,RAB7A,9.998e+6,2.486,0.022,1.653,0.001
35099,3,"  4.549","  0.593",20/92,/core/www/modules//sdig/index.php?run_id=110202&search_id=114132&scans_id=110198&peptide_id=27178&scanf=35099&charge=3&value=20/92,sp|Q8IZL8|PELP1_HUMAN,/core/www/modules//consensus/?run_id=110202&search_id=114132&scans_id=110198&peptide_id=27178&scanf=35099&charge=3&value=sp|Q8IZL8|PELP1_HUMAN,1,/core/www/modules/match_peptides/blast_html4.php?run_id=110202&search_id=114132&scans_id=110198&peptide_id=27178&scanf=35099&charge=3&value=1,K.VQPEPEPEPGLLLEVEEPGTEEER.G,/core/www/modules/show_out/show_out_wrapper.php?run_id=110202&search_id=114132&scans_id=110198&peptide_id=27178&scanf=35099&charge=3&value=K.VQPEPEPEPGLLLEVEEPGTEEER.G,PELP1,1.408e+6,3.069,0.003,2.509,0.000
35104,3,"  4.685","  0.776",31/120,/core/www/modules//sdig/index.php?run_id=110202&search_id=114132&scans_id=110198&peptide_id=27184&scanf=35104&charge=3&value=31/120,sp|P48556|PSMD8_HUMAN,/core/www/modules//consensus/?run_id=110202&search_id=114132&scans_id=110198&peptide_id=27184&scanf=35104&charge=3&value=sp|P48556|PSMD8_HUMAN,2,/core/www/modules/match_peptides/blast_html4.php?run_id=110202&search_id=114132&scans_id=110198&peptide_id=27184&scanf=35104&charge=3&value=2,R.GWVLGPNNYYSFASQQQKPEDTTIPSTELAK.Q,/core/www/modules/show_out/show_out_wrapper.php?run_id=110202&search_id=114132&scans_id=110198&peptide_id=27184&scanf=35104&charge=3&value=R.GWVLGPNNYYSFASQQQKPEDTTIPSTELAK.Q,PSMD8,1.151e+6,3.497,0.001,3.144,0.000
35109,2,"  2.114","  0.361",11/24,/core/www/modules//sdig/index.php?run_id=110202&search_id=114132&scans_id=110198&peptide_id=27189&scanf=35109&charge=2&value=11/24,sp|Q9NUQ8|ABCF3_HUMAN,/core/www/modules//consensus/?run_id=110202&search_id=114132&scans_id=110198&peptide_id=27189&scanf=35109&charge=2&value=sp|Q9NUQ8|ABCF3_HUMAN,0,/core/www/modules/match_peptides/blast_html4.php?run_id=110202&search_id=114132&scans_id=110198&peptide_id=27189&scanf=35109&charge=2&value=0,R.ASVILAGLGFTPK.M,/core/www/modules/show_out/show_out_wrapper.php?run_id=110202&search_id=114132&scans_id=110198&peptide_id=27189&scanf=35109&charge=2&value=R.ASVILAGLGFTPK.M,ABCF3,5.698e+6,2.460,0.024,1.616,0.001
35110,3,"  3.730","  0.560",14/96,/core/www/modules//sdig/index.php?run_id=110202&search_id=114132&scans_id=110198&peptide_id=27191&scanf=35110&charge=3&value=14/96,sp|Q9BV86|NTM1A_HUMAN,/core/www/modules//consensus/?run_id=110202&search_id=114132&scans_id=110198&peptide_id=27191&scanf=35110&charge=3&value=sp|Q9BV86|NTM1A_HUMAN,1,/core/www/modules/match_peptides/blast_html4.php?run_id=110202&search_id=114132&scans_id=110198&peptide_id=27191&scanf=35110&charge=3&value=1,K.QIPPTVDGMLGGYGHISSIDINSSR.K,/core/www/modules/show_out/show_out_wrapper.php?run_id=110202&search_id=114132&scans_id=110198&peptide_id=27191&scanf=35110&charge=3&value=K.QIPPTVDGMLGGYGHISSIDINSSR.K,NTMT1,1.265e+6,2.799,0.008,2.112,0.000
35112,2,"  3.220","  0.613",12/22,/core/www/modules//sdig/index.php?run_id=110202&search_id=114132&scans_id=110198&peptide_id=27192&scanf=35112&charge=2&value=12/22,sp|P62805|H4_HUMAN,/core/www/modules//consensus/?run_id=110202&search_id=114132&scans_id=110198&peptide_id=27192&scanf=35112&charge=2&value=sp|P62805|H4_HUMAN,0,/core/www/modules/match_peptides/blast_html4.php?run_id=110202&search_id=114132&scans_id=110198&peptide_id=27192&scanf=35112&charge=2&value=0,K.TVTAMDVVYALK.R,/core/www/modules/show_out/show_out_wrapper.php?run_id=110202&search_id=114132&scans_id=110198&peptide_id=27192&scanf=35112&charge=2&value=K.TVTAMDVVYALK.R,H4C16,1.413e+9,3.656,0.000,3.380,0.000
35116,2,"  2.243","  0.320",8/24,/core/www/modules//sdig/index.php?run_id=110202&search_id=114132&scans_id=110198&peptide_id=27196&scanf=35116&charge=2&value=8/24,sp|P51531|SMCA2_HUMAN,/core/www/modules//consensus/?run_id=110202&search_id=114132&scans_id=110198&peptide_id=27196&scanf=35116&charge=2&value=sp|P51531|SMCA2_HUMAN,23,/core/www/modules/match_peptides/blast_html4.php?run_id=110202&search_id=114132&scans_id=110198&peptide_id=27196&scanf=35116&charge=2&value=23,R.LM*EEDELPSWIIK.D,/core/www/modules/show_out/show_out_wrapper.php?run_id=110202&search_id=114132&scans_id=110198&peptide_id=27196&scanf=35116&charge=2&value=R.LM*EEDELPSWIIK.D,SMARCA2,2.136e+6,2.396,0.030,1.524,0.001
35127,2,"  2.480","  0.465",11/30,/core/www/modules//sdig/index.php?run_id=110202&search_id=114132&scans_id=110198&peptide_id=27208&scanf=35127&charge=2&value=11/30,sp|P62424|RL7A_HUMAN,/core/www/modules//consensus/?run_id=110202&search_id=114132&scans_id=110198&peptide_id=27208&scanf=35127&charge=2&value=sp|P62424|RL7A_HUMAN,1,/core/www/modules/match_peptides/blast_html4.php?run_id=110202&search_id=114132&scans_id=110198&peptide_id=27208&scanf=35127&charge=2&value=1,R.LKVPPAINQFTQALDR.Q,/core/www/modules/show_out/show_out_wrapper.php?run_id=110202&search_id=114132&scans_id=110198&peptide_id=27208&scanf=35127&charge=2&value=R.LKVPPAINQFTQALDR.Q,RPL7A,1.202e+7,2.262,0.047,1.332,0.002
35128,2,"  2.315","  0.417",10/16,/core/www/modules//sdig/index.php?run_id=110202&search_id=114132&scans_id=110198&peptide_id=27209&scanf=35128&charge=2&value=10/16,sp|P78527|PRKDC_HUMAN,/core/www/modules//consensus/?run_id=110202&search_id=114132&scans_id=110198&peptide_id=27209&scanf=35128&charge=2&value=sp|P78527|PRKDC_HUMAN,0,/core/www/modules/match_peptides/blast_html4.php?run_id=110202&search_id=114132&scans_id=110198&peptide_id=27209&scanf=35128&charge=2&value=0,K.MAVLALLAK.I,/core/www/modules/show_out/show_out_wrapper.php?run_id=110202&search_id=114132&scans_id=110198&peptide_id=27209&scanf=35128&charge=2&value=K.MAVLALLAK.I,PRKDC,1.305e+6,3.664,0.000,3.391,0.000
35130,3,"  6.741","  0.603",20/96,/core/www/modules//sdig/index.php?run_id=110202&search_id=114132&scans_id=110198&peptide_id=27212&scanf=35130&charge=3&value=20/96,sp|A0A0B4J2D5|GAL3B_HUMAN,/core/www/modules//consensus/?run_id=110202&search_id=114132&scans_id=110198&peptide_id=27212&scanf=35130&charge=3&value=sp|A0A0B4J2D5|GAL3B_HUMAN,7,/core/www/modules/match_peptides/blast_html4.php?run_id=110202&search_id=114132&scans_id=110198&peptide_id=27212&scanf=35130&charge=3&value=7,K.ITDLANLSAANHDAAIFPGGFGAAK.N,/core/www/modules/show_out/show_out_wrapper.php?run_id=110202&search_id=114132&scans_id=110198&peptide_id=27212&scanf=35130&charge=3&value=K.ITDLANLSAANHDAAIFPGGFGAAK.N,GATD3B,2.591e+6,3.162,0.002,2.647,0.000
35131,3,"  4.138","  0.605",15/72,/core/www/modules//sdig/index.php?run_id=110202&search_id=114132&scans_id=110198&peptide_id=27213&scanf=35131&charge=3&value=15/72,sp|P35250|RFC2_HUMAN,/core/www/modules//consensus/?run_id=110202&search_id=114132&scans_id=110198&peptide_id=27213&scanf=35131&charge=3&value=sp|P35250|RFC2_HUMAN,1,/core/www/modules/match_peptides/blast_html4.php?run_id=110202&search_id=114132&scans_id=110198&peptide_id=27213&scanf=35131&charge=3&value=1,K.IIILDEADSMTDGAQQALR.R,/core/www/modules/show_out/show_out_wrapper.php?run_id=110202&search_id=114132&scans_id=110198&peptide_id=27213&scanf=35131&charge=3&value=K.IIILDEADSMTDGAQQALR.R,RFC2,9.628e+6,3.268,0.002,2.804,0.000
35136,3,"  4.705","  0.562",18/72,/core/www/modules//sdig/index.php?run_id=110202&search_id=114132&scans_id=110198&peptide_id=27217&scanf=35136&charge=3&value=18/72,sp|Q12792|TWF1_HUMAN,/core/www/modules//consensus/?run_id=110202&search_id=114132&scans_id=110198&peptide_id=27217&scanf=35136&charge=3&value=sp|Q12792|TWF1_HUMAN,1,/core/www/modules/match_peptides/blast_html4.php?run_id=110202&search_id=114132&scans_id=110198&peptide_id=27217&scanf=35136&charge=3&value=1,K.YLLSQSSPAPLTAAEEELR.Q,/core/www/modules/show_out/show_out_wrapper.php?run_id=110202&search_id=114132&scans_id=110198&peptide_id=27217&scanf=35136&charge=3&value=K.YLLSQSSPAPLTAAEEELR.Q,TWF1,4.735e+6,3.206,0.002,2.713,0.000
35137,2,"  2.985","  0.559",10/20,/core/www/modules//sdig/index.php?run_id=110202&search_id=114132&scans_id=110198&peptide_id=27218&scanf=35137&charge=2&value=10/20,sp|Q5SY16|NOL9_HUMAN,/core/www/modules//consensus/?run_id=110202&search_id=114132&scans_id=110198&peptide_id=27218&scanf=35137&charge=2&value=sp|Q5SY16|NOL9_HUMAN,0,/core/www/modules/match_peptides/blast_html4.php?run_id=110202&search_id=114132&scans_id=110198&peptide_id=27218&scanf=35137&charge=2&value=0,K.LIGVYTDFAFR.I,/core/www/modules/show_out/show_out_wrapper.php?run_id=110202&search_id=114132&scans_id=110198&peptide_id=27218&scanf=35137&charge=2&value=K.LIGVYTDFAFR.I,NOL9,3.279e+6,3.300,0.001,2.853,0.000
35138,3,"  2.871","  0.267",8/72,/core/www/modules//sdig/index.php?run_id=110202&search_id=114132&scans_id=110198&peptide_id=27219&scanf=35138&charge=3&value=8/72,sp|Q9P0K7|RAI14_HUMAN,/core/www/modules//consensus/?run_id=110202&search_id=114132&scans_id=110198&peptide_id=27219&scanf=35138&charge=3&value=sp|Q9P0K7|RAI14_HUMAN,0,/core/www/modules/match_peptides/blast_html4.php?run_id=110202&search_id=114132&scans_id=110198&peptide_id=27219&scanf=35138&charge=3&value=0,K.GADLNLVDSLGYNALHYSK.L,/core/www/modules/show_out/show_out_wrapper.php?run_id=110202&search_id=114132&scans_id=110198&peptide_id=27219&scanf=35138&charge=3&value=K.GADLNLVDSLGYNALHYSK.L,RAI14,2.256e+6,1.824,0.179,0.747,0.010
35142,3,"  5.233","  0.562",17/76,/core/www/modules//sdig/index.php?run_id=110202&search_id=114132&scans_id=110198&peptide_id=27224&scanf=35142&charge=3&value=17/76,sp|P51531|SMCA2_HUMAN,/core/www/modules//consensus/?run_id=110202&search_id=114132&scans_id=110198&peptide_id=27224&scanf=35142&charge=3&value=sp|P51531|SMCA2_HUMAN,23,/core/www/modules/match_peptides/blast_html4.php?run_id=110202&search_id=114132&scans_id=110198&peptide_id=27224&scanf=35142&charge=3&value=23,R.LMEEDELPSWIIKDDAEVER.L,/core/www/modules/show_out/show_out_wrapper.php?run_id=110202&search_id=114132&scans_id=110198&peptide_id=27224&scanf=35142&charge=3&value=R.LMEEDELPSWIIKDDAEVER.L,SMARCA2,5.845e+7,3.175,0.002,2.667,0.000
35146,3,"  4.609","  0.582",13/72,/core/www/modules//sdig/index.php?run_id=110202&search_id=114132&scans_id=110198&peptide_id=27228&scanf=35146&charge=3&value=13/72,sp|Q12907|LMAN2_HUMAN,/core/www/modules//consensus/?run_id=110202&search_id=114132&scans_id=110198&peptide_id=27228&scanf=35146&charge=3&value=sp|Q12907|LMAN2_HUMAN,3,/core/www/modules/match_peptides/blast_html4.php?run_id=110202&search_id=114132&scans_id=110198&peptide_id=27228&scanf=35146&charge=3&value=3,K.LFQLMVEHTPDEESIDWTK.I,/core/www/modules/show_out/show_out_wrapper.php?run_id=110202&search_id=114132&scans_id=110198&peptide_id=27228&scanf=35146&charge=3&value=K.LFQLMVEHTPDEESIDWTK.I,LMAN2,1.249e+6,3.097,0.003,2.552,0.000
35147,3,"  2.938","  0.504",11/60,/core/www/modules//sdig/index.php?run_id=110202&search_id=114132&scans_id=110198&peptide_id=27229&scanf=35147&charge=3&value=11/60,sp|Q9UHX1|PUF60_HUMAN,/core/www/modules//consensus/?run_id=110202&search_id=114132&scans_id=110198&peptide_id=27229&scanf=35147&charge=3&value=sp|Q9UHX1|PUF60_HUMAN,11,/core/www/modules/match_peptides/blast_html4.php?run_id=110202&search_id=114132&scans_id=110198&peptide_id=27229&scanf=35147&charge=3&value=11,R.VYVGSIYYELGEDTIR.Q,/core/www/modules/show_out/show_out_wrapper.php?run_id=110202&search_id=114132&scans_id=110198&peptide_id=27229&scanf=35147&charge=3&value=R.VYVGSIYYELGEDTIR.Q,PUF60,2.284e+6,2.947,0.005,2.330,0.000
35148,3,"  3.849","  0.485",16/92,/core/www/modules//sdig/index.php?run_id=110202&search_id=114132&scans_id=110198&peptide_id=27230&scanf=35148&charge=3&value=16/92,sp|Q8IZL8|PELP1_HUMAN,/core/www/modules//consensus/?run_id=110202&search_id=114132&scans_id=110198&peptide_id=27230&scanf=35148&charge=3&value=sp|Q8IZL8|PELP1_HUMAN,1,/core/www/modules/match_peptides/blast_html4.php?run_id=110202&search_id=114132&scans_id=110198&peptide_id=27230&scanf=35148&charge=3&value=1,K.VQPEPEPEPGLLLEVEEPGTEEER.G,/core/www/modules/show_out/show_out_wrapper.php?run_id=110202&search_id=114132&scans_id=110198&peptide_id=27230&scanf=35148&charge=3&value=K.VQPEPEPEPGLLLEVEEPGTEEER.G,PELP1,1.408e+6,2.611,0.015,1.836,0.000
35152,3,"  4.994","  0.571",21/80,/core/www/modules//sdig/index.php?run_id=110202&search_id=114132&scans_id=110198&peptide_id=27235&scanf=35152&charge=3&value=21/80,sp|Q9UHB6|LIMA1_HUMAN,/core/www/modules//consensus/?run_id=110202&search_id=114132&scans_id=110198&peptide_id=27235&scanf=35152&charge=3&value=sp|Q9UHB6|LIMA1_HUMAN,2,/core/www/modules/match_peptides/blast_html4.php?run_id=110202&search_id=114132&scans_id=110198&peptide_id=27235&scanf=35152&charge=3&value=2,R.IAWPPPTELGSSGSALEEGIK.M,/core/www/modules/show_out/show_out_wrapper.php?run_id=110202&search_id=114132&scans_id=110198&peptide_id=27235&scanf=35152&charge=3&value=R.IAWPPPTELGSSGSALEEGIK.M,LIMA1,4.668e+6,3.202,0.002,2.706,0.000
35157,2,"  2.188","  0.410",8/18,/core/www/modules//sdig/index.php?run_id=110202&search_id=114132&scans_id=110198&peptide_id=27239&scanf=35157&charge=2&value=8/18,sp|P49903|SPS1_HUMAN,/core/www/modules//consensus/?run_id=110202&search_id=114132&scans_id=110198&peptide_id=27239&scanf=35157&charge=2&value=sp|P49903|SPS1_HUMAN,2,/core/www/modules/match_peptides/blast_html4.php?run_id=110202&search_id=114132&scans_id=110198&peptide_id=27239&scanf=35157&charge=2&value=2,K.VMPLIIQGFK.D,/core/www/modules/show_out/show_out_wrapper.php?run_id=110202&search_id=114132&scans_id=110198&peptide_id=27239&scanf=35157&charge=2&value=K.VMPLIIQGFK.D,SEPHS1,2.851e+6,2.686,0.011,1.946,0.000
35159,2,"  2.876","  0.569",13/20,/core/www/modules//sdig/index.php?run_id=110202&search_id=114132&scans_id=110198&peptide_id=27241&scanf=35159&charge=2&value=13/20,sp|P52272|HNRPM_HUMAN,/core/www/modules//consensus/?run_id=110202&search_id=114132&scans_id=110198&peptide_id=27241&scanf=35159&charge=2&value=sp|P52272|HNRPM_HUMAN,6,/core/www/modules/match_peptides/blast_html4.php?run_id=110202&search_id=114132&scans_id=110198&peptide_id=27241&scanf=35159&charge=2&value=6,R.AFITNIPFDVK.W,/core/www/modules/show_out/show_out_wrapper.php?run_id=110202&search_id=114132&scans_id=110198&peptide_id=27241&scanf=35159&charge=2&value=R.AFITNIPFDVK.W,HNRNPM,1.437e+8,3.798,0.000,3.589,0.000
35161,2,"  2.372","  0.465",12/26,/core/www/modules//sdig/index.php?run_id=110202&search_id=114132&scans_id=110198&peptide_id=27244&scanf=35161&charge=2&value=12/26,sp|Q9HAV4|XPO5_HUMAN,/core/www/modules//consensus/?run_id=110202&search_id=114132&scans_id=110198&peptide_id=27244&scanf=35161&charge=2&value=sp|Q9HAV4|XPO5_HUMAN,0,/core/www/modules/match_peptides/blast_html4.php?run_id=110202&search_id=114132&scans_id=110198&peptide_id=27244&scanf=35161&charge=2&value=0,K.QLLSNELLLTQMEK.C,/core/www/modules/show_out/show_out_wrapper.php?run_id=110202&search_id=114132&scans_id=110198&peptide_id=27244&scanf=35161&charge=2&value=K.QLLSNELLLTQMEK.C,XPO5,1.642e+6,2.784,0.008,2.090,0.000
35162,3,"  4.802","  0.389",17/76,/core/www/modules//sdig/index.php?run_id=110202&search_id=114132&scans_id=110198&peptide_id=27245&scanf=35162&charge=3&value=17/76,sp|P04075|ALDOA_HUMAN,/core/www/modules//consensus/?run_id=110202&search_id=114132&scans_id=110198&peptide_id=27245&scanf=35162&charge=3&value=sp|P04075|ALDOA_HUMAN,5,/core/www/modules/match_peptides/blast_html4.php?run_id=110202&search_id=114132&scans_id=110198&peptide_id=27245&scanf=35162&charge=3&value=5,K.IGEHTPSALAIMENANVLAR.Y,/core/www/modules/show_out/show_out_wrapper.php?run_id=110202&search_id=114132&scans_id=110198&peptide_id=27245&scanf=35162&charge=3&value=K.IGEHTPSALAIMENANVLAR.Y,ALDOA,2.200e+6,2.374,0.032,1.493,0.001
35163,3,"  4.061","  0.474",12/92,/core/www/modules//sdig/index.php?run_id=110202&search_id=114132&scans_id=110198&peptide_id=27246&scanf=35163&charge=3&value=12/92,sp|Q96G03|PGM2_HUMAN,/core/www/modules//consensus/?run_id=110202&search_id=114132&scans_id=110198&peptide_id=27246&scanf=35163&charge=3&value=sp|Q96G03|PGM2_HUMAN,0,/core/www/modules/match_peptides/blast_html4.php?run_id=110202&search_id=114132&scans_id=110198&peptide_id=27246&scanf=35163&charge=3&value=0,K.AFDLVPPEAVPEQKDPDPEFPTVK.Y,/core/www/modules/show_out/show_out_wrapper.php?run_id=110202&search_id=114132&scans_id=110198&peptide_id=27246&scanf=35163&charge=3&value=K.AFDLVPPEAVPEQKDPDPEFPTVK.Y,PGM2,1.474e+6,2.261,0.047,1.331,0.002
35164,2,"  2.514","  0.456",11/24,/core/www/modules//sdig/index.php?run_id=110202&search_id=114132&scans_id=110198&peptide_id=27247&scanf=35164&charge=2&value=11/24,sp|Q92598|HS105_HUMAN,/core/www/modules//consensus/?run_id=110202&search_id=114132&scans_id=110198&peptide_id=27247&scanf=35164&charge=2&value=sp|Q92598|HS105_HUMAN,0,/core/www/modules/match_peptides/blast_html4.php?run_id=110202&search_id=114132&scans_id=110198&peptide_id=27247&scanf=35164&charge=2&value=0,K.VLGTAFDPFLGGK.N,/core/www/modules/show_out/show_out_wrapper.php?run_id=110202&search_id=114132&scans_id=110198&peptide_id=27247&scanf=35164&charge=2&value=K.VLGTAFDPFLGGK.N,HSPH1,2.699e+6,2.789,0.008,2.098,0.000
35166,2,"  2.740","  0.475",9/26,/core/www/modules//sdig/index.php?run_id=110202&search_id=114132&scans_id=110198&peptide_id=27249&scanf=35166&charge=2&value=9/26,sp|Q9UQ35|SRRM2_HUMAN,/core/www/modules//consensus/?run_id=110202&search_id=114132&scans_id=110198&peptide_id=27249&scanf=35166&charge=2&value=sp|Q9UQ35|SRRM2_HUMAN,0,/core/www/modules/match_peptides/blast_html4.php?run_id=110202&search_id=114132&scans_id=110198&peptide_id=27249&scanf=35166&charge=2&value=0,R.MSQVPAPVPLMSLR.T,/core/www/modules/show_out/show_out_wrapper.php?run_id=110202&search_id=114132&scans_id=110198&peptide_id=27249&scanf=35166&charge=2&value=R.MSQVPAPVPLMSLR.T,SRRM2,4.621e+6,2.698,0.011,1.964,0.000
35176,3,"  4.798","  0.535",21/76,/core/www/modules//sdig/index.php?run_id=110202&search_id=114132&scans_id=110198&peptide_id=27259&scanf=35176&charge=3&value=21/76,sp|P51531|SMCA2_HUMAN,/core/www/modules//consensus/?run_id=110202&search_id=114132&scans_id=110198&peptide_id=27259&scanf=35176&charge=3&value=sp|P51531|SMCA2_HUMAN,23,/core/www/modules/match_peptides/blast_html4.php?run_id=110202&search_id=114132&scans_id=110198&peptide_id=27259&scanf=35176&charge=3&value=23,R.LMEEDELPSWIIKDDAEVER.L,/core/www/modules/show_out/show_out_wrapper.php?run_id=110202&search_id=114132&scans_id=110198&peptide_id=27259&scanf=35176&charge=3&value=R.LMEEDELPSWIIKDDAEVER.L,SMARCA2,5.845e+7,3.146,0.002,2.623,0.000
35177,3,"  4.511","  0.551",17/56,/core/www/modules//sdig/index.php?run_id=110202&search_id=114132&scans_id=110198&peptide_id=27260&scanf=35177&charge=3&value=17/56,sp|O43143|DHX15_HUMAN,/core/www/modules//consensus/?run_id=110202&search_id=114132&scans_id=110198&peptide_id=27260&scanf=35177&charge=3&value=sp|O43143|DHX15_HUMAN,0,/core/www/modules/match_peptides/blast_html4.php?run_id=110202&search_id=114132&scans_id=110198&peptide_id=27260&scanf=35177&charge=3&value=0,K.ALVTGYFMQVAHLER.T,/core/www/modules/show_out/show_out_wrapper.php?run_id=110202&search_id=114132&scans_id=110198&peptide_id=27260&scanf=35177&charge=3&value=K.ALVTGYFMQVAHLER.T,DHX15,1.955e+7,3.516,0.001,3.171,0.000
35180,3,"  5.491","  0.644",19/84,/core/www/modules//sdig/index.php?run_id=110202&search_id=114132&scans_id=110198&peptide_id=27264&scanf=35180&charge=3&value=19/84,sp|Q9UIG0|BAZ1B_HUMAN,/core/www/modules//consensus/?run_id=110202&search_id=114132&scans_id=110198&peptide_id=27264&scanf=35180&charge=3&value=sp|Q9UIG0|BAZ1B_HUMAN,0,/core/www/modules/match_peptides/blast_html4.php?run_id=110202&search_id=114132&scans_id=110198&peptide_id=27264&scanf=35180&charge=3&value=0,R.DEAEDYYDVITHPMDFQTVQNK.C,/core/www/modules/show_out/show_out_wrapper.php?run_id=110202&search_id=114132&scans_id=110198&peptide_id=27264&scanf=35180&charge=3&value=R.DEAEDYYDVITHPMDFQTVQNK.C,BAZ1B,7.924e+6,3.530,0.001,3.192,0.000
35181,3,"  3.327","  0.361",12/60,/core/www/modules//sdig/index.php?run_id=110202&search_id=114132&scans_id=110198&peptide_id=27265&scanf=35181&charge=3&value=12/60,sp|Q9Y5B9|SP16H_HUMAN,/core/www/modules//consensus/?run_id=110202&search_id=114132&scans_id=110198&peptide_id=27265&scanf=35181&charge=3&value=sp|Q9Y5B9|SP16H_HUMAN,0,/core/www/modules/match_peptides/blast_html4.php?run_id=110202&search_id=114132&scans_id=110198&peptide_id=27265&scanf=35181&charge=3&value=0,K.VEALTKEELEFEVPFR.D,/core/www/modules/show_out/show_out_wrapper.php?run_id=110202&search_id=114132&scans_id=110198&peptide_id=27265&scanf=35181&charge=3&value=K.VEALTKEELEFEVPFR.D,SUPT16H,4.556e+6,2.354,0.034,1.463,0.001
35183,3,"  3.575","  0.431",12/80,/core/www/modules//sdig/index.php?run_id=110202&search_id=114132&scans_id=110198&peptide_id=27267&scanf=35183&charge=3&value=12/80,sp|Q6UXN9|WDR82_HUMAN,/core/www/modules//consensus/?run_id=110202&search_id=114132&scans_id=110198&peptide_id=27267&scanf=35183&charge=3&value=sp|Q6UXN9|WDR82_HUMAN,0,/core/www/modules/match_peptides/blast_html4.php?run_id=110202&search_id=114132&scans_id=110198&peptide_id=27267&scanf=35183&charge=3&value=0,K.RVVALSMSPVDDTFISGSLDK.T,/core/www/modules/show_out/show_out_wrapper.php?run_id=110202&search_id=114132&scans_id=110198&peptide_id=27267&scanf=35183&charge=3&value=K.RVVALSMSPVDDTFISGSLDK.T,WDR82,2.632e+6,2.216,0.054,1.268,0.002
35187,2,"  2.128","  0.460",11/20,/core/www/modules//sdig/index.php?run_id=110202&search_id=114132&scans_id=110198&peptide_id=27271&scanf=35187&charge=2&value=11/20,sp|P55786|PSA_HUMAN,/core/www/modules//consensus/?run_id=110202&search_id=114132&scans_id=110198&peptide_id=27271&scanf=35187&charge=2&value=sp|P55786|PSA_HUMAN,8,/core/www/modules/match_peptides/blast_html4.php?run_id=110202&search_id=114132&scans_id=110198&peptide_id=27271&scanf=35187&charge=2&value=8,K.ATFDISLVVPK.D,/core/www/modules/show_out/show_out_wrapper.php?run_id=110202&search_id=114132&scans_id=110198&peptide_id=27271&scanf=35187&charge=2&value=K.ATFDISLVVPK.D,NPEPPS,3.736e+6,3.072,0.003,2.515,0.000
35191,3,"  4.226","  0.296",11/76,/core/www/modules//sdig/index.php?run_id=110202&search_id=114132&scans_id=110198&peptide_id=27275&scanf=35191&charge=3&value=11/76,sp|P04075|ALDOA_HUMAN,/core/www/modules//consensus/?run_id=110202&search_id=114132&scans_id=110198&peptide_id=27275&scanf=35191&charge=3&value=sp|P04075|ALDOA_HUMAN,5,/core/www/modules/match_peptides/blast_html4.php?run_id=110202&search_id=114132&scans_id=110198&peptide_id=27275&scanf=35191&charge=3&value=5,K.IGEHTPSALAIMENANVLAR.Y,/core/www/modules/show_out/show_out_wrapper.php?run_id=110202&search_id=114132&scans_id=110198&peptide_id=27275&scanf=35191&charge=3&value=K.IGEHTPSALAIMENANVLAR.Y,ALDOA,2.200e+6,2.106,0.077,1.114,0.003
35192,2,"  1.364","  0.252",6/18,/core/www/modules//sdig/index.php?run_id=110202&search_id=114132&scans_id=110198&peptide_id=27276&scanf=35192&charge=2&value=6/18,sp|Q9ULU4|PKCB1_HUMAN,/core/www/modules//consensus/?run_id=110202&search_id=114132&scans_id=110198&peptide_id=27276&scanf=35192&charge=2&value=sp|Q9ULU4|PKCB1_HUMAN,4,/core/www/modules/match_peptides/blast_html4.php?run_id=110202&search_id=114132&scans_id=110198&peptide_id=27276&scanf=35192&charge=2&value=4,K.FGVFNYSPFR.T,/core/www/modules/show_out/show_out_wrapper.php?run_id=110202&search_id=114132&scans_id=110198&peptide_id=27276&scanf=35192&charge=2&value=K.FGVFNYSPFR.T,ZMYND8,2.381e+6,1.900,0.144,0.842,0.007
35193,2,"  3.486","  0.666",12/22,/core/www/modules//sdig/index.php?run_id=110202&search_id=114132&scans_id=110198&peptide_id=27277&scanf=35193&charge=2&value=12/22,sp|Q9H9Y6|RPA2_HUMAN,/core/www/modules//consensus/?run_id=110202&search_id=114132&scans_id=110198&peptide_id=27277&scanf=35193&charge=2&value=sp|Q9H9Y6|RPA2_HUMAN,0,/core/www/modules/match_peptides/blast_html4.php?run_id=110202&search_id=114132&scans_id=110198&peptide_id=27277&scanf=35193&charge=2&value=0,R.YFVAELAAMNIK.V,/core/www/modules/show_out/show_out_wrapper.php?run_id=110202&search_id=114132&scans_id=110198&peptide_id=27277&scanf=35193&charge=2&value=R.YFVAELAAMNIK.V,POLR1B,1.220e+6,3.679,0.000,3.414,0.000
35194,4,"  2.902","  0.539",18/84,/core/www/modules//sdig/index.php?run_id=110202&search_id=114132&scans_id=110198&peptide_id=27278&scanf=35194&charge=4&value=18/84,sp|Q9NTI5|PDS5B_HUMAN,/core/www/modules//consensus/?run_id=110202&search_id=114132&scans_id=110198&peptide_id=27278&scanf=35194&charge=4&value=sp|Q9NTI5|PDS5B_HUMAN,0,/core/www/modules/match_peptides/blast_html4.php?run_id=110202&search_id=114132&scans_id=110198&peptide_id=27278&scanf=35194&charge=4&value=0,K.KDILLVNDHLLNFVR.E,/core/www/modules/show_out/show_out_wrapper.php?run_id=110202&search_id=114132&scans_id=110198&peptide_id=27278&scanf=35194&charge=4&value=K.KDILLVNDHLLNFVR.E,PDS5B,1.218e+6,3.406,0.001,3.009,0.000
35197,2,"  2.101","  0.358",11/24,/core/www/modules//sdig/index.php?run_id=110202&search_id=114132&scans_id=110198&peptide_id=27280&scanf=35197&charge=2&value=11/24,sp|Q92598|HS105_HUMAN,/core/www/modules//consensus/?run_id=110202&search_id=114132&scans_id=110198&peptide_id=27280&scanf=35197&charge=2&value=sp|Q92598|HS105_HUMAN,0,/core/www/modules/match_peptides/blast_html4.php?run_id=110202&search_id=114132&scans_id=110198&peptide_id=27280&scanf=35197&charge=2&value=0,K.VLGTAFDPFLGGK.N,/core/www/modules/show_out/show_out_wrapper.php?run_id=110202&search_id=114132&scans_id=110198&peptide_id=27280&scanf=35197&charge=2&value=K.VLGTAFDPFLGGK.N,HSPH1,2.699e+6,2.463,0.024,1.620,0.001
35198,2,"  3.150","  0.647",12/30,/core/www/modules//sdig/index.php?run_id=110202&search_id=114132&scans_id=110198&peptide_id=27281&scanf=35198&charge=2&value=12/30,sp|Q9BQ67|GRWD1_HUMAN,/core/www/modules//consensus/?run_id=110202&search_id=114132&scans_id=110198&peptide_id=27281&scanf=35198&charge=2&value=sp|Q9BQ67|GRWD1_HUMAN,1,/core/www/modules/match_peptides/blast_html4.php?run_id=110202&search_id=114132&scans_id=110198&peptide_id=27281&scanf=35198&charge=2&value=1,R.VSWLGEEPVAGVWSEK.G,/core/www/modules/show_out/show_out_wrapper.php?run_id=110202&search_id=114132&scans_id=110198&peptide_id=27281&scanf=35198&charge=2&value=R.VSWLGEEPVAGVWSEK.G,GRWD1,4.353e+6,3.261,0.002,2.795,0.000
35201,2,"  2.638","  0.562",14/26,/core/www/modules//sdig/index.php?run_id=110202&search_id=114132&scans_id=110198&peptide_id=27285&scanf=35201&charge=2&value=14/26,sp|Q9UNM6|PSD13_HUMAN,/core/www/modules//consensus/?run_id=110202&search_id=114132&scans_id=110198&peptide_id=27285&scanf=35201&charge=2&value=sp|Q9UNM6|PSD13_HUMAN,3,/core/www/modules/match_peptides/blast_html4.php?run_id=110202&search_id=114132&scans_id=110198&peptide_id=27285&scanf=35201&charge=2&value=3,R.QMTDPNVALTFLEK.T,/core/www/modules/show_out/show_out_wrapper.php?run_id=110202&search_id=114132&scans_id=110198&peptide_id=27285&scanf=35201&charge=2&value=R.QMTDPNVALTFLEK.T,PSMD13,4.828e+6,3.280,0.002,2.822,0.000
35206,2,"  4.948","  0.736",22/36,/core/www/modules//sdig/index.php?run_id=110202&search_id=114132&scans_id=110198&peptide_id=27290&scanf=35206&charge=2&value=22/36,sp|Q12792|TWF1_HUMAN,/core/www/modules//consensus/?run_id=110202&search_id=114132&scans_id=110198&peptide_id=27290&scanf=35206&charge=2&value=sp|Q12792|TWF1_HUMAN,1,/core/www/modules/match_peptides/blast_html4.php?run_id=110202&search_id=114132&scans_id=110198&peptide_id=27290&scanf=35206&charge=2&value=1,K.YLLSQSSPAPLTAAEEELR.Q,/core/www/modules/show_out/show_out_wrapper.php?run_id=110202&search_id=114132&scans_id=110198&peptide_id=27290&scanf=35206&charge=2&value=K.YLLSQSSPAPLTAAEEELR.Q,TWF1,1.900e+6,3.874,0.000,3.702,0.000
35212,3,"  2.264","  0.352",14/68,/core/www/modules//sdig/index.php?run_id=110202&search_id=114132&scans_id=110198&peptide_id=27297&scanf=35212&charge=3&value=14/68,sp|O43143|DHX15_HUMAN,/core/www/modules//consensus/?run_id=110202&search_id=114132&scans_id=110198&peptide_id=27297&scanf=35212&charge=3&value=sp|O43143|DHX15_HUMAN,0,/core/www/modules/match_peptides/blast_html4.php?run_id=110202&search_id=114132&scans_id=110198&peptide_id=27297&scanf=35212&charge=3&value=0,R.VADEMDVMLGQEVGYSIR.F,/core/www/modules/show_out/show_out_wrapper.php?run_id=110202&search_id=114132&scans_id=110198&peptide_id=27297&scanf=35212&charge=3&value=R.VADEMDVMLGQEVGYSIR.F,DHX15,2.609e+6,2.429,0.027,1.572,0.001
35215,3,"  3.610","  0.460",14/144,/core/www/modules//sdig/index.php?run_id=110202&search_id=114132&scans_id=110198&peptide_id=27300&scanf=35215&charge=3&value=14/144,sp|P11142|HSP7C_HUMAN,/core/www/modules//consensus/?run_id=110202&search_id=114132&scans_id=110198&peptide_id=27300&scanf=35215&charge=3&value=sp|P11142|HSP7C_HUMAN,3,/core/www/modules/match_peptides/blast_html4.php?run_id=110202&search_id=114132&scans_id=110198&peptide_id=27300&scanf=35215&charge=3&value=3,K.LYQSAGGMPGGMPGGFPGGGAPPSGGASSGPTIEEVD.-,/core/www/modules/show_out/show_out_wrapper.php?run_id=110202&search_id=114132&scans_id=110198&peptide_id=27300&scanf=35215&charge=3&value=K.LYQSAGGMPGGMPGGFPGGGAPPSGGASSGPTIEEVD.-,HSPA8,2.116e+6,2.034,0.096,1.018,0.005
35217,3,"  2.410","  0.327",15/76,/core/www/modules//sdig/index.php?run_id=110202&search_id=114132&scans_id=110198&peptide_id=27301&scanf=35217&charge=3&value=15/76,sp|P30153|2AAA_HUMAN,/core/www/modules//consensus/?run_id=110202&search_id=114132&scans_id=110198&peptide_id=27301&scanf=35217&charge=3&value=sp|P30153|2AAA_HUMAN,2,/core/www/modules/match_peptides/blast_html4.php?run_id=110202&search_id=114132&scans_id=110198&peptide_id=27301&scanf=35217&charge=3&value=2,K.IGPILDNSTLQSEVKPILEK.L,/core/www/modules/show_out/show_out_wrapper.php?run_id=110202&search_id=114132&scans_id=110198&peptide_id=27301&scanf=35217&charge=3&value=K.IGPILDNSTLQSEVKPILEK.L,PPP2R1A,2.360e+7,2.247,0.049,1.311,0.002
35219,2,"  2.924","  0.365",13/22,/core/www/modules//sdig/index.php?run_id=110202&search_id=114132&scans_id=110198&peptide_id=27303&scanf=35219&charge=2&value=13/22,sp|Q9Y3A6|TMED5_HUMAN,/core/www/modules//consensus/?run_id=110202&search_id=114132&scans_id=110198&peptide_id=27303&scanf=35219&charge=2&value=sp|Q9Y3A6|TMED5_HUMAN,0,/core/www/modules/match_peptides/blast_html4.php?run_id=110202&search_id=114132&scans_id=110198&peptide_id=27303&scanf=35219&charge=2&value=0,K.LEDILESINSIK.S,/core/www/modules/show_out/show_out_wrapper.php?run_id=110202&search_id=114132&scans_id=110198&peptide_id=27303&scanf=35219&charge=2&value=K.LEDILESINSIK.S,TMED5,3.352e+6,2.708,0.011,1.978,0.000
35222,2,"  1.938","  0.377",11/20,/core/www/modules//sdig/index.php?run_id=110202&search_id=114132&scans_id=110198&peptide_id=27307&scanf=35222&charge=2&value=11/20,sp|Q9NTI5|PDS5B_HUMAN,/core/www/modules//consensus/?run_id=110202&search_id=114132&scans_id=110198&peptide_id=27307&scanf=35222&charge=2&value=sp|Q9NTI5|PDS5B_HUMAN,0,/core/www/modules/match_peptides/blast_html4.php?run_id=110202&search_id=114132&scans_id=110198&peptide_id=27307&scanf=35222&charge=2&value=0,K.QPTNPFLEMIK.F,/core/www/modules/show_out/show_out_wrapper.php?run_id=110202&search_id=114132&scans_id=110198&peptide_id=27307&scanf=35222&charge=2&value=K.QPTNPFLEMIK.F,PDS5B,9.106e+6,2.559,0.017,1.761,0.000
35227,3,"  2.800","  0.459",16/56,/core/www/modules//sdig/index.php?run_id=110202&search_id=114132&scans_id=110198&peptide_id=27312&scanf=35227&charge=3&value=16/56,sp|Q9Y678|COPG1_HUMAN,/core/www/modules//consensus/?run_id=110202&search_id=114132&scans_id=110198&peptide_id=27312&scanf=35227&charge=3&value=sp|Q9Y678|COPG1_HUMAN,0,/core/www/modules/match_peptides/blast_html4.php?run_id=110202&search_id=114132&scans_id=110198&peptide_id=27312&scanf=35227&charge=3&value=0,R.QEIFQEQLAAVPEFR.G,/core/www/modules/show_out/show_out_wrapper.php?run_id=110202&search_id=114132&scans_id=110198&peptide_id=27312&scanf=35227&charge=3&value=R.QEIFQEQLAAVPEFR.G,COPG1,5.019e+6,2.986,0.004,2.388,0.000
35228,3,"  4.791","  0.605",20/52,/core/www/modules//sdig/index.php?run_id=110202&search_id=114132&scans_id=110198&peptide_id=27313&scanf=35228&charge=3&value=20/52,sp|Q6P9B9|INT5_HUMAN,/core/www/modules//consensus/?run_id=110202&search_id=114132&scans_id=110198&peptide_id=27313&scanf=35228&charge=3&value=sp|Q6P9B9|INT5_HUMAN,0,/core/www/modules/match_peptides/blast_html4.php?run_id=110202&search_id=114132&scans_id=110198&peptide_id=27313&scanf=35228&charge=3&value=0,K.IASVVGILGHLASR.H,/core/www/modules/show_out/show_out_wrapper.php?run_id=110202&search_id=114132&scans_id=110198&peptide_id=27313&scanf=35228&charge=3&value=K.IASVVGILGHLASR.H,INTS5,4.272e+6,3.741,0.000,3.505,0.000
35229,3,"  5.497","  0.519",14/84,/core/www/modules//sdig/index.php?run_id=110202&search_id=114132&scans_id=110198&peptide_id=27314&scanf=35229&charge=3&value=14/84,sp|O15294|OGT1_HUMAN,/core/www/modules//consensus/?run_id=110202&search_id=114132&scans_id=110198&peptide_id=27314&scanf=35229&charge=3&value=sp|O15294|OGT1_HUMAN,4,/core/www/modules/match_peptides/blast_html4.php?run_id=110202&search_id=114132&scans_id=110198&peptide_id=27314&scanf=35229&charge=3&value=4,R.FPAVGEPNIQQYAQNMGLPQNR.I,/core/www/modules/show_out/show_out_wrapper.php?run_id=110202&search_id=114132&scans_id=110198&peptide_id=27314&scanf=35229&charge=3&value=R.FPAVGEPNIQQYAQNMGLPQNR.I,OGT,1.581e+6,2.837,0.007,2.168,0.000
35231,3,"  3.924","  0.351",15/88,/core/www/modules//sdig/index.php?run_id=110202&search_id=114132&scans_id=110198&peptide_id=27317&scanf=35231&charge=3&value=15/88,sp|Q9UKV3|ACINU_HUMAN,/core/www/modules//consensus/?run_id=110202&search_id=114132&scans_id=110198&peptide_id=27317&scanf=35231&charge=3&value=sp|Q9UKV3|ACINU_HUMAN,2,/core/www/modules/match_peptides/blast_html4.php?run_id=110202&search_id=114132&scans_id=110198&peptide_id=27317&scanf=35231&charge=3&value=2,K.ASLVALPEQTASEEETPPPLLTK.E,/core/www/modules/show_out/show_out_wrapper.php?run_id=110202&search_id=114132&scans_id=110198&peptide_id=27317&scanf=35231&charge=3&value=K.ASLVALPEQTASEEETPPPLLTK.E,ACIN1,1.647e+6,2.246,0.049,1.310,0.002
35235,2,"  2.345","  0.408",9/16,/core/www/modules//sdig/index.php?run_id=110202&search_id=114132&scans_id=110198&peptide_id=27321&scanf=35235&charge=2&value=9/16,sp|Q6PI48|SYDM_HUMAN,/core/www/modules//consensus/?run_id=110202&search_id=114132&scans_id=110198&peptide_id=27321&scanf=35235&charge=2&value=sp|Q6PI48|SYDM_HUMAN,6,/core/www/modules/match_peptides/blast_html4.php?run_id=110202&search_id=114132&scans_id=110198&peptide_id=27321&scanf=35235&charge=2&value=6,K.IIDISDVFR.N,/core/www/modules/show_out/show_out_wrapper.php?run_id=110202&search_id=114132&scans_id=110198&peptide_id=27321&scanf=35235&charge=2&value=K.IIDISDVFR.N,DARS2,4.680e+6,2.929,0.005,2.303,0.000
35239,4,"  2.881","  0.416",14/114,/core/www/modules//sdig/index.php?run_id=110202&search_id=114132&scans_id=110198&peptide_id=27324&scanf=35239&charge=4&value=14/114,sp|Q96HW7|INT4_HUMAN,/core/www/modules//consensus/?run_id=110202&search_id=114132&scans_id=110198&peptide_id=27324&scanf=35239&charge=4&value=sp|Q96HW7|INT4_HUMAN,15,/core/www/modules/match_peptides/blast_html4.php?run_id=110202&search_id=114132&scans_id=110198&peptide_id=27324&scanf=35239&charge=4&value=15,K.LLGSMEQVSSHFLEQTLDKK.L,/core/www/modules/show_out/show_out_wrapper.php?run_id=110202&search_id=114132&scans_id=110198&peptide_id=27324&scanf=35239&charge=4&value=K.LLGSMEQVSSHFLEQTLDKK.L,INTS4,1.882e+6,2.619,0.014,1.848,0.000
35241,2,"  3.101","  0.540",14/22,/core/www/modules//sdig/index.php?run_id=110202&search_id=114132&scans_id=110198&peptide_id=27327&scanf=35241&charge=2&value=14/22,sp|Q96AE4|FUBP1_HUMAN,/core/www/modules//consensus/?run_id=110202&search_id=114132&scans_id=110198&peptide_id=27327&scanf=35241&charge=2&value=sp|Q96AE4|FUBP1_HUMAN,2,/core/www/modules/match_peptides/blast_html4.php?run_id=110202&search_id=114132&scans_id=110198&peptide_id=27327&scanf=35241&charge=2&value=2,K.VPDGMVGFIIGR.G,/core/www/modules/show_out/show_out_wrapper.php?run_id=110202&search_id=114132&scans_id=110198&peptide_id=27327&scanf=35241&charge=2&value=K.VPDGMVGFIIGR.G,FUBP1,2.373e+6,3.383,0.001,2.974,0.000
35243,3,"  3.139","  0.510",11/68,/core/www/modules//sdig/index.php?run_id=110202&search_id=114132&scans_id=110198&peptide_id=27329&scanf=35243&charge=3&value=11/68,sp|O43143|DHX15_HUMAN,/core/www/modules//consensus/?run_id=110202&search_id=114132&scans_id=110198&peptide_id=27329&scanf=35243&charge=3&value=sp|O43143|DHX15_HUMAN,0,/core/www/modules/match_peptides/blast_html4.php?run_id=110202&search_id=114132&scans_id=110198&peptide_id=27329&scanf=35243&charge=3&value=0,R.VADEMDVMLGQEVGYSIR.F,/core/www/modules/show_out/show_out_wrapper.php?run_id=110202&search_id=114132&scans_id=110198&peptide_id=27329&scanf=35243&charge=3&value=R.VADEMDVMLGQEVGYSIR.F,DHX15,2.609e+6,2.971,0.004,2.365,0.000
35244,3,"  4.016","  0.538",15/64,/core/www/modules//sdig/index.php?run_id=110202&search_id=114132&scans_id=110198&peptide_id=27330&scanf=35244&charge=3&value=15/64,sp|P21589|5NTD_HUMAN,/core/www/modules//consensus/?run_id=110202&search_id=114132&scans_id=110198&peptide_id=27330&scanf=35244&charge=3&value=sp|P21589|5NTD_HUMAN,1,/core/www/modules/match_peptides/blast_html4.php?run_id=110202&search_id=114132&scans_id=110198&peptide_id=27330&scanf=35244&charge=3&value=1,K.VLPVGDEVVGIVGYTSK.E,/core/www/modules/show_out/show_out_wrapper.php?run_id=110202&search_id=114132&scans_id=110198&peptide_id=27330&scanf=35244&charge=3&value=K.VLPVGDEVVGIVGYTSK.E,NT5E,9.686e+6,3.134,0.002,2.606,0.000
35246,2,"  3.050","  0.532",12/20,/core/www/modules//sdig/index.php?run_id=110202&search_id=114132&scans_id=110198&peptide_id=27332&scanf=35246&charge=2&value=12/20,sp|Q14498|RBM39_HUMAN,/core/www/modules//consensus/?run_id=110202&search_id=114132&scans_id=110198&peptide_id=27332&scanf=35246&charge=2&value=sp|Q14498|RBM39_HUMAN,5,/core/www/modules/match_peptides/blast_html4.php?run_id=110202&search_id=114132&scans_id=110198&peptide_id=27332&scanf=35246&charge=2&value=5,R.DLEEFFSTVGK.V,/core/www/modules/show_out/show_out_wrapper.php?run_id=110202&search_id=114132&scans_id=110198&peptide_id=27332&scanf=35246&charge=2&value=R.DLEEFFSTVGK.V,RBM39,4.981e+7,3.389,0.001,2.983,0.000
35247,3,"  1.914","  0.458",12/36,/core/www/modules//sdig/index.php?run_id=110202&search_id=114132&scans_id=110198&peptide_id=27333&scanf=35247&charge=3&value=12/36,sp|O00148|DX39A_HUMAN,/core/www/modules//consensus/?run_id=110202&search_id=114132&scans_id=110198&peptide_id=27333&scanf=35247&charge=3&value=sp|O00148|DX39A_HUMAN,19,/core/www/modules/match_peptides/blast_html4.php?run_id=110202&search_id=114132&scans_id=110198&peptide_id=27333&scanf=35247&charge=3&value=19,R.DFLLKPELLR.A,/core/www/modules/show_out/show_out_wrapper.php?run_id=110202&search_id=114132&scans_id=110198&peptide_id=27333&scanf=35247&charge=3&value=R.DFLLKPELLR.A,DDX39A,5.623e+8,3.237,0.002,2.758,0.000
35248,3,"  4.284","  0.452",14/100,/core/www/modules//sdig/index.php?run_id=110202&search_id=114132&scans_id=110198&peptide_id=27334&scanf=35248&charge=3&value=14/100,sp|P18846|ATF1_HUMAN,/core/www/modules//consensus/?run_id=110202&search_id=114132&scans_id=110198&peptide_id=27334&scanf=35248&charge=3&value=sp|P18846|ATF1_HUMAN,0,/core/www/modules/match_peptides/blast_html4.php?run_id=110202&search_id=114132&scans_id=110198&peptide_id=27334&scanf=35248&charge=3&value=0,R.TTPSATSLPQTVVMTSPVTLTSQTTK.T,/core/www/modules/show_out/show_out_wrapper.php?run_id=110202&search_id=114132&scans_id=110198&peptide_id=27334&scanf=35248&charge=3&value=R.TTPSATSLPQTVVMTSPVTLTSQTTK.T,ATF1,1.723e+6,2.375,0.032,1.494,0.001
35251,2,"  3.352","  0.534",11/26,/core/www/modules//sdig/index.php?run_id=110202&search_id=114132&scans_id=110198&peptide_id=27338&scanf=35251&charge=2&value=11/26,sp|Q13573|SNW1_HUMAN,/core/www/modules//consensus/?run_id=110202&search_id=114132&scans_id=110198&peptide_id=27338&scanf=35251&charge=2&value=sp|Q13573|SNW1_HUMAN,2,/core/www/modules/match_peptides/blast_html4.php?run_id=110202&search_id=114132&scans_id=110198&peptide_id=27338&scanf=35251&charge=2&value=2,R.DISEVIALGVPNPR.T,/core/www/modules/show_out/show_out_wrapper.php?run_id=110202&search_id=114132&scans_id=110198&peptide_id=27338&scanf=35251&charge=2&value=R.DISEVIALGVPNPR.T,SNW1,2.000e+6,3.014,0.004,2.429,0.000
35259,3,"  3.564","  0.633",20/72,/core/www/modules//sdig/index.php?run_id=110202&search_id=114132&scans_id=110198&peptide_id=27345&scanf=35259&charge=3&value=20/72,sp|P35250|RFC2_HUMAN,/core/www/modules//consensus/?run_id=110202&search_id=114132&scans_id=110198&peptide_id=27345&scanf=35259&charge=3&value=sp|P35250|RFC2_HUMAN,1,/core/www/modules/match_peptides/blast_html4.php?run_id=110202&search_id=114132&scans_id=110198&peptide_id=27345&scanf=35259&charge=3&value=1,K.IIILDEADSMTDGAQQALR.R,/core/www/modules/show_out/show_out_wrapper.php?run_id=110202&search_id=114132&scans_id=110198&peptide_id=27345&scanf=35259&charge=3&value=K.IIILDEADSMTDGAQQALR.R,RFC2,9.628e+6,3.453,0.001,3.078,0.000
35260,2,"  3.188","  0.624",14/26,/core/www/modules//sdig/index.php?run_id=110202&search_id=114132&scans_id=110198&peptide_id=27347&scanf=35260&charge=2&value=14/26,sp|P36578|RL4_HUMAN,/core/www/modules//consensus/?run_id=110202&search_id=114132&scans_id=110198&peptide_id=27347&scanf=35260&charge=2&value=sp|P36578|RL4_HUMAN,1,/core/www/modules/match_peptides/blast_html4.php?run_id=110202&search_id=114132&scans_id=110198&peptide_id=27347&scanf=35260&charge=2&value=1,R.IEEVPELPLVVEDK.V,/core/www/modules/show_out/show_out_wrapper.php?run_id=110202&search_id=114132&scans_id=110198&peptide_id=27347&scanf=35260&charge=2&value=R.IEEVPELPLVVEDK.V,RPL4,1.342e+8,3.475,0.001,3.112,0.000
35261,2,"  2.616","  0.512",12/20,/core/www/modules//sdig/index.php?run_id=110202&search_id=114132&scans_id=110198&peptide_id=27348&scanf=35261&charge=2&value=12/20,sp|Q14498|RBM39_HUMAN,/core/www/modules//consensus/?run_id=110202&search_id=114132&scans_id=110198&peptide_id=27348&scanf=35261&charge=2&value=sp|Q14498|RBM39_HUMAN,5,/core/www/modules/match_peptides/blast_html4.php?run_id=110202&search_id=114132&scans_id=110198&peptide_id=27348&scanf=35261&charge=2&value=5,R.DLEEFFSTVGK.V,/core/www/modules/show_out/show_out_wrapper.php?run_id=110202&search_id=114132&scans_id=110198&peptide_id=27348&scanf=35261&charge=2&value=R.DLEEFFSTVGK.V,RBM39,4.981e+7,3.299,0.001,2.850,0.000
35262,2,"  2.539","  0.474",10/14,/core/www/modules//sdig/index.php?run_id=110202&search_id=114132&scans_id=110198&peptide_id=27349&scanf=35262&charge=2&value=10/14,sp|P07237|PDIA1_HUMAN,/core/www/modules//consensus/?run_id=110202&search_id=114132&scans_id=110198&peptide_id=27349&scanf=35262&charge=2&value=sp|P07237|PDIA1_HUMAN,18,/core/www/modules/match_peptides/blast_html4.php?run_id=110202&search_id=114132&scans_id=110198&peptide_id=27349&scanf=35262&charge=2&value=18,K.ENLLDFIK.H,/core/www/modules/show_out/show_out_wrapper.php?run_id=110202&search_id=114132&scans_id=110198&peptide_id=27349&scanf=35262&charge=2&value=K.ENLLDFIK.H,P4HB,6.137e+7,3.493,0.001,3.138,0.000
35263,4,"  5.109","  0.686",24/126,/core/www/modules//sdig/index.php?run_id=110202&search_id=114132&scans_id=110198&peptide_id=27350&scanf=35263&charge=4&value=24/126,sp|Q01082|SPTB2_HUMAN,/core/www/modules//consensus/?run_id=110202&search_id=114132&scans_id=110198&peptide_id=27350&scanf=35263&charge=4&value=sp|Q01082|SPTB2_HUMAN,2,/core/www/modules/match_peptides/blast_html4.php?run_id=110202&search_id=114132&scans_id=110198&peptide_id=27350&scanf=35263&charge=4&value=2,K.SNAHYNLQNAFNLAEQHLGLTK.L,/core/www/modules/show_out/show_out_wrapper.php?run_id=110202&search_id=114132&scans_id=110198&peptide_id=27350&scanf=35263&charge=4&value=K.SNAHYNLQNAFNLAEQHLGLTK.L,SPTBN1,2.148e+6,4.102,0.000,4.041,0.000
35265,2,"  2.433","  0.437",12/26,/core/www/modules//sdig/index.php?run_id=110202&search_id=114132&scans_id=110198&peptide_id=27352&scanf=35265&charge=2&value=12/26,sp|Q9UIG0|BAZ1B_HUMAN,/core/www/modules//consensus/?run_id=110202&search_id=114132&scans_id=110198&peptide_id=27352&scanf=35265&charge=2&value=sp|Q9UIG0|BAZ1B_HUMAN,0,/core/www/modules/match_peptides/blast_html4.php?run_id=110202&search_id=114132&scans_id=110198&peptide_id=27352&scanf=35265&charge=2&value=0,K.EAWEEEQEVAELLK.E,/core/www/modules/show_out/show_out_wrapper.php?run_id=110202&search_id=114132&scans_id=110198&peptide_id=27352&scanf=35265&charge=2&value=K.EAWEEEQEVAELLK.E,BAZ1B,1.622e+6,2.778,0.008,2.081,0.000
35271,2,"  1.454","  0.000",9/18,/core/www/modules//sdig/index.php?run_id=110202&search_id=114132&scans_id=110198&peptide_id=27359&scanf=35271&charge=2&value=9/18,sp|P14550|AK1A1_HUMAN,/core/www/modules//consensus/?run_id=110202&search_id=114132&scans_id=110198&peptide_id=27359&scanf=35271&charge=2&value=sp|P14550|AK1A1_HUMAN,2,/core/www/modules/match_peptides/blast_html4.php?run_id=110202&search_id=114132&scans_id=110198&peptide_id=27359&scanf=35271&charge=2&value=2,K.MPLIGLGTWK.S,/core/www/modules/show_out/show_out_wrapper.php?run_id=110202&search_id=114132&scans_id=110198&peptide_id=27359&scanf=35271&charge=2&value=K.MPLIGLGTWK.S,AKR1A1,2.047e+6,2.852,0.006,2.190,0.000
35276,3,"  2.352","  0.490",13/52,/core/www/modules//sdig/index.php?run_id=110202&search_id=114132&scans_id=110198&peptide_id=27364&scanf=35276&charge=3&value=13/52,sp|Q9H7Z7|PGES2_HUMAN,/core/www/modules//consensus/?run_id=110202&search_id=114132&scans_id=110198&peptide_id=27364&scanf=35276&charge=3&value=sp|Q9H7Z7|PGES2_HUMAN,4,/core/www/modules/match_peptides/blast_html4.php?run_id=110202&search_id=114132&scans_id=110198&peptide_id=27364&scanf=35276&charge=3&value=4,R.TPTEALASFDYIVR.E,/core/www/modules/show_out/show_out_wrapper.php?run_id=110202&search_id=114132&scans_id=110198&peptide_id=27364&scanf=35276&charge=3&value=R.TPTEALASFDYIVR.E,PTGES2,1.506e+6,2.977,0.004,2.375,0.000
35278,2,"  1.639","  0.258",9/16,/core/www/modules//sdig/index.php?run_id=110202&search_id=114132&scans_id=110198&peptide_id=27366&scanf=35278&charge=2&value=9/16,sp|Q9P2J5|SYLC_HUMAN,/core/www/modules//consensus/?run_id=110202&search_id=114132&scans_id=110198&peptide_id=27366&scanf=35278&charge=2&value=sp|Q9P2J5|SYLC_HUMAN,9,/core/www/modules/match_peptides/blast_html4.php?run_id=110202&search_id=114132&scans_id=110198&peptide_id=27366&scanf=35278&charge=2&value=9,R.LYTWVEWVK.E,/core/www/modules/show_out/show_out_wrapper.php?run_id=110202&search_id=114132&scans_id=110198&peptide_id=27366&scanf=35278&charge=2&value=R.LYTWVEWVK.E,LARS1,1.316e+6,2.294,0.042,1.377,0.001
35283,2,"  2.628","  0.518",13/18,/core/www/modules//sdig/index.php?run_id=110202&search_id=114132&scans_id=110198&peptide_id=27371&scanf=35283&charge=2&value=13/18,sp|P55060|XPO2_HUMAN,/core/www/modules//consensus/?run_id=110202&search_id=114132&scans_id=110198&peptide_id=27371&scanf=35283&charge=2&value=sp|P55060|XPO2_HUMAN,0,/core/www/modules/match_peptides/blast_html4.php?run_id=110202&search_id=114132&scans_id=110198&peptide_id=27371&scanf=35283&charge=2&value=0,K.IPGLLGVFQK.L,/core/www/modules/show_out/show_out_wrapper.php?run_id=110202&search_id=114132&scans_id=110198&peptide_id=27371&scanf=35283&charge=2&value=K.IPGLLGVFQK.L,CSE1L,5.749e+6,3.561,0.001,3.238,0.000
35284,2,"  3.424","  0.645",12/30,/core/www/modules//sdig/index.php?run_id=110202&search_id=114132&scans_id=110198&peptide_id=27372&scanf=35284&charge=2&value=12/30,sp|Q9BQ67|GRWD1_HUMAN,/core/www/modules//consensus/?run_id=110202&search_id=114132&scans_id=110198&peptide_id=27372&scanf=35284&charge=2&value=sp|Q9BQ67|GRWD1_HUMAN,1,/core/www/modules/match_peptides/blast_html4.php?run_id=110202&search_id=114132&scans_id=110198&peptide_id=27372&scanf=35284&charge=2&value=1,R.VSWLGEEPVAGVWSEK.G,/core/www/modules/show_out/show_out_wrapper.php?run_id=110202&search_id=114132&scans_id=110198&peptide_id=27372&scanf=35284&charge=2&value=R.VSWLGEEPVAGVWSEK.G,GRWD1,4.353e+6,3.302,0.001,2.855,0.000
35285,2,"  6.374","  0.754",21/34,/core/www/modules//sdig/index.php?run_id=110202&search_id=114132&scans_id=110198&peptide_id=27373&scanf=35285&charge=2&value=21/34,sp|O43143|DHX15_HUMAN,/core/www/modules//consensus/?run_id=110202&search_id=114132&scans_id=110198&peptide_id=27373&scanf=35285&charge=2&value=sp|O43143|DHX15_HUMAN,0,/core/www/modules/match_peptides/blast_html4.php?run_id=110202&search_id=114132&scans_id=110198&peptide_id=27373&scanf=35285&charge=2&value=0,R.VADEMDVMLGQEVGYSIR.F,/core/www/modules/show_out/show_out_wrapper.php?run_id=110202&search_id=114132&scans_id=110198&peptide_id=27373&scanf=35285&charge=2&value=R.VADEMDVMLGQEVGYSIR.F,DHX15,2.110e+6,4.194,0.000,4.177,0.000
35289,2,"  2.431","  0.506",10/22,/core/www/modules//sdig/index.php?run_id=110202&search_id=114132&scans_id=110198&peptide_id=27377&scanf=35289&charge=2&value=10/22,sp|P36578|RL4_HUMAN,/core/www/modules//consensus/?run_id=110202&search_id=114132&scans_id=110198&peptide_id=27377&scanf=35289&charge=2&value=sp|P36578|RL4_HUMAN,1,/core/www/modules/match_peptides/blast_html4.php?run_id=110202&search_id=114132&scans_id=110198&peptide_id=27377&scanf=35289&charge=2&value=1,R.NIPGITLLNVSK.L,/core/www/modules/show_out/show_out_wrapper.php?run_id=110202&search_id=114132&scans_id=110198&peptide_id=27377&scanf=35289&charge=2&value=R.NIPGITLLNVSK.L,RPL4,2.217e+8,3.008,0.004,2.420,0.000
35291,2,"  1.625","  0.292",7/12,/core/www/modules//sdig/index.php?run_id=110202&search_id=114132&scans_id=110198&peptide_id=27380&scanf=35291&charge=2&value=7/12,sp|Q5UIP0|RIF1_HUMAN,/core/www/modules//consensus/?run_id=110202&search_id=114132&scans_id=110198&peptide_id=27380&scanf=35291&charge=2&value=sp|Q5UIP0|RIF1_HUMAN,1,/core/www/modules/match_peptides/blast_html4.php?run_id=110202&search_id=114132&scans_id=110198&peptide_id=27380&scanf=35291&charge=2&value=1,K.LWPLFVK.L,/core/www/modules/show_out/show_out_wrapper.php?run_id=110202&search_id=114132&scans_id=110198&peptide_id=27380&scanf=35291&charge=2&value=K.LWPLFVK.L,RIF1,5.457e+6,2.680,0.012,1.937,0.000
35299,2,"  1.911","  0.124",8/16,/core/www/modules//sdig/index.php?run_id=110202&search_id=114132&scans_id=110198&peptide_id=27388&scanf=35299&charge=2&value=8/16,sp|P04908|H2A1B_HUMAN,/core/www/modules//consensus/?run_id=110202&search_id=114132&scans_id=110198&peptide_id=27388&scanf=35299&charge=2&value=sp|P04908|H2A1B_HUMAN,19,/core/www/modules/match_peptides/blast_html4.php?run_id=110202&search_id=114132&scans_id=110198&peptide_id=27388&scanf=35299&charge=2&value=19,R.AGLQFPVGR.V,/core/www/modules/show_out/show_out_wrapper.php?run_id=110202&search_id=114132&scans_id=110198&peptide_id=27388&scanf=35299&charge=2&value=R.AGLQFPVGR.V,H2AC8,5.107e+6,2.059,0.089,1.052,0.004
35302,3,"  5.921","  0.674",22/92,/core/www/modules//sdig/index.php?run_id=110202&search_id=114132&scans_id=110198&peptide_id=27391&scanf=35302&charge=3&value=22/92,sp|O75369|FLNB_HUMAN,/core/www/modules//consensus/?run_id=110202&search_id=114132&scans_id=110198&peptide_id=27391&scanf=35302&charge=3&value=sp|O75369|FLNB_HUMAN,3,/core/www/modules/match_peptides/blast_html4.php?run_id=110202&search_id=114132&scans_id=110198&peptide_id=27391&scanf=35302&charge=3&value=3,R.VLSEDEEDVDFDIIHNANDTFTVK.Y,/core/www/modules/show_out/show_out_wrapper.php?run_id=110202&search_id=114132&scans_id=110198&peptide_id=27391&scanf=35302&charge=3&value=R.VLSEDEEDVDFDIIHNANDTFTVK.Y,FLNB,2.064e+6,3.599,0.001,3.295,0.000
35305,4,"  8.445","  0.776",31/174,/core/www/modules//sdig/index.php?run_id=110202&search_id=114132&scans_id=110198&peptide_id=27394&scanf=35305&charge=4&value=31/174,sp|P60709|ACTB_HUMAN,/core/www/modules//consensus/?run_id=110202&search_id=114132&scans_id=110198&peptide_id=27394&scanf=35305&charge=4&value=sp|P60709|ACTB_HUMAN,9,/core/www/modules/match_peptides/blast_html4.php?run_id=110202&search_id=114132&scans_id=110198&peptide_id=27394&scanf=35305&charge=4&value=9,R.TTGIVM*DSGDGVTHTVPIYEGYALPHAILR.L,/core/www/modules/show_out/show_out_wrapper.php?run_id=110202&search_id=114132&scans_id=110198&peptide_id=27394&scanf=35305&charge=4&value=R.TTGIVM*DSGDGVTHTVPIYEGYALPHAILR.L,ACTB,6.820e+7,4.684,0.000,4.904,0.000
35308,2,"  2.687","  0.470",11/18,/core/www/modules//sdig/index.php?run_id=110202&search_id=114132&scans_id=110198&peptide_id=27397&scanf=35308&charge=2&value=11/18,sp|Q92973|TNPO1_HUMAN,/core/www/modules//consensus/?run_id=110202&search_id=114132&scans_id=110198&peptide_id=27397&scanf=35308&charge=2&value=sp|Q92973|TNPO1_HUMAN,4,/core/www/modules/match_peptides/blast_html4.php?run_id=110202&search_id=114132&scans_id=110198&peptide_id=27397&scanf=35308&charge=2&value=4,K.YSDIDIILLK.G,/core/www/modules/show_out/show_out_wrapper.php?run_id=110202&search_id=114132&scans_id=110198&peptide_id=27397&scanf=35308&charge=2&value=K.YSDIDIILLK.G,TNPO1,1.023e+7,3.057,0.003,2.493,0.000
35310,2,"  2.296","  0.400",11/12,/core/www/modules//sdig/index.php?run_id=110202&search_id=114132&scans_id=110198&peptide_id=27400&scanf=35310&charge=2&value=11/12,sp|P04908|H2A1B_HUMAN,/core/www/modules//consensus/?run_id=110202&search_id=114132&scans_id=110198&peptide_id=27400&scanf=35310&charge=2&value=sp|P04908|H2A1B_HUMAN,20,/core/www/modules/match_peptides/blast_html4.php?run_id=110202&search_id=114132&scans_id=110198&peptide_id=27400&scanf=35310&charge=2&value=20,R.HLQLAIR.N,/core/www/modules/show_out/show_out_wrapper.php?run_id=110202&search_id=114132&scans_id=110198&peptide_id=27400&scanf=35310&charge=2&value=R.HLQLAIR.N,H2AC8,4.853e+6,3.673,0.000,3.405,0.000
35314,3,"  3.894","  0.419",13/68,/core/www/modules//sdig/index.php?run_id=110202&search_id=114132&scans_id=110198&peptide_id=27404&scanf=35314&charge=3&value=13/68,sp|Q9H3P7|GCP60_HUMAN,/core/www/modules//consensus/?run_id=110202&search_id=114132&scans_id=110198&peptide_id=27404&scanf=35314&charge=3&value=sp|Q9H3P7|GCP60_HUMAN,0,/core/www/modules/match_peptides/blast_html4.php?run_id=110202&search_id=114132&scans_id=110198&peptide_id=27404&scanf=35314&charge=3&value=0,K.ESLPVIAAPSMWTRPQIK.D,/core/www/modules/show_out/show_out_wrapper.php?run_id=110202&search_id=114132&scans_id=110198&peptide_id=27404&scanf=35314&charge=3&value=K.ESLPVIAAPSMWTRPQIK.D,ACBD3,1.489e+6,2.562,0.017,1.764,0.000
35317,2,"  2.098","  0.364",9/18,/core/www/modules//sdig/index.php?run_id=110202&search_id=114132&scans_id=110198&peptide_id=27407&scanf=35317&charge=2&value=9/18,sp|P35606|COPB2_HUMAN,/core/www/modules//consensus/?run_id=110202&search_id=114132&scans_id=110198&peptide_id=27407&scanf=35317&charge=2&value=sp|P35606|COPB2_HUMAN,3,/core/www/modules/match_peptides/blast_html4.php?run_id=110202&search_id=114132&scans_id=110198&peptide_id=27407&scanf=35317&charge=2&value=3,R.TMYLLGYIPK.D,/core/www/modules/show_out/show_out_wrapper.php?run_id=110202&search_id=114132&scans_id=110198&peptide_id=27407&scanf=35317&charge=2&value=R.TMYLLGYIPK.D,COPB2,4.345e+6,2.654,0.013,1.899,0.000
35325,3,"  5.036","  0.613",14/80,/core/www/modules//sdig/index.php?run_id=110202&search_id=114132&scans_id=110198&peptide_id=27415&scanf=35325&charge=3&value=14/80,sp|O60841|IF2P_HUMAN,/core/www/modules//consensus/?run_id=110202&search_id=114132&scans_id=110198&peptide_id=27415&scanf=35325&charge=3&value=sp|O60841|IF2P_HUMAN,1,/core/www/modules/match_peptides/blast_html4.php?run_id=110202&search_id=114132&scans_id=110198&peptide_id=27415&scanf=35325&charge=3&value=1,R.LKEGDTIIVPGVEGPIVTQIR.G,/core/www/modules/show_out/show_out_wrapper.php?run_id=110202&search_id=114132&scans_id=110198&peptide_id=27415&scanf=35325&charge=3&value=R.LKEGDTIIVPGVEGPIVTQIR.G,EIF5B,4.385e+6,2.957,0.005,2.344,0.000
35326,3,"  6.686","  0.689",23/84,/core/www/modules//sdig/index.php?run_id=110202&search_id=114132&scans_id=110198&peptide_id=27416&scanf=35326&charge=3&value=23/84,sp|Q9UBE0|SAE1_HUMAN,/core/www/modules//consensus/?run_id=110202&search_id=114132&scans_id=110198&peptide_id=27416&scanf=35326&charge=3&value=sp|Q9UBE0|SAE1_HUMAN,6,/core/www/modules/match_peptides/blast_html4.php?run_id=110202&search_id=114132&scans_id=110198&peptide_id=27416&scanf=35326&charge=3&value=6,K.GLTMLDHEQVTPEDPGAQFLIR.T,/core/www/modules/show_out/show_out_wrapper.php?run_id=110202&search_id=114132&scans_id=110198&peptide_id=27416&scanf=35326&charge=3&value=K.GLTMLDHEQVTPEDPGAQFLIR.T,SAE1,8.056e+6,3.684,0.000,3.421,0.000
35328,2,"  3.051","  0.518",11/26,/core/www/modules//sdig/index.php?run_id=110202&search_id=114132&scans_id=110198&peptide_id=27418&scanf=35328&charge=2&value=11/26,sp|O95602|RPA1_HUMAN,/core/www/modules//consensus/?run_id=110202&search_id=114132&scans_id=110198&peptide_id=27418&scanf=35328&charge=2&value=sp|O95602|RPA1_HUMAN,1,/core/www/modules/match_peptides/blast_html4.php?run_id=110202&search_id=114132&scans_id=110198&peptide_id=27418&scanf=35328&charge=2&value=1,R.SFLSTLPGQSLIDK.L,/core/www/modules/show_out/show_out_wrapper.php?run_id=110202&search_id=114132&scans_id=110198&peptide_id=27418&scanf=35328&charge=2&value=R.SFLSTLPGQSLIDK.L,POLR1A,2.279e+6,2.954,0.005,2.340,0.000
35331,2,"  4.255","  0.723",19/40,/core/www/modules//sdig/index.php?run_id=110202&search_id=114132&scans_id=110198&peptide_id=27422&scanf=35331&charge=2&value=19/40,sp|Q16629|SRSF7_HUMAN,/core/www/modules//consensus/?run_id=110202&search_id=114132&scans_id=110198&peptide_id=27422&scanf=35331&charge=2&value=sp|Q16629|SRSF7_HUMAN,2,/core/www/modules/match_peptides/blast_html4.php?run_id=110202&search_id=114132&scans_id=110198&peptide_id=27422&scanf=35331&charge=2&value=2,R.NPPGFAFVEFEDPRDAEDAVR.G,/core/www/modules/show_out/show_out_wrapper.php?run_id=110202&search_id=114132&scans_id=110198&peptide_id=27422&scanf=35331&charge=2&value=R.NPPGFAFVEFEDPRDAEDAVR.G,SRSF7,1.886e+6,3.278,0.002,2.819,0.000
35332,2,"  2.070","  0.298",8/16,/core/www/modules//sdig/index.php?run_id=110202&search_id=114132&scans_id=110198&peptide_id=27423&scanf=35332&charge=2&value=8/16,sp|O75131|CPNE3_HUMAN,/core/www/modules//consensus/?run_id=110202&search_id=114132&scans_id=110198&peptide_id=27423&scanf=35332&charge=2&value=sp|O75131|CPNE3_HUMAN,9,/core/www/modules/match_peptides/blast_html4.php?run_id=110202&search_id=114132&scans_id=110198&peptide_id=27423&scanf=35332&charge=2&value=9,R.DIVQFVPFR.Q,/core/www/modules/show_out/show_out_wrapper.php?run_id=110202&search_id=114132&scans_id=110198&peptide_id=27423&scanf=35332&charge=2&value=R.DIVQFVPFR.Q,CPNE3,6.461e+6,2.382,0.031,1.503,0.001
35339,2,"  1.595","  0.230",8/14,/core/www/modules//sdig/index.php?run_id=110202&search_id=114132&scans_id=110198&peptide_id=27430&scanf=35339&charge=2&value=8/14,sp|Q7Z333|SETX_HUMAN,/core/www/modules//consensus/?run_id=110202&search_id=114132&scans_id=110198&peptide_id=27430&scanf=35339&charge=2&value=sp|Q7Z333|SETX_HUMAN,0,/core/www/modules/match_peptides/blast_html4.php?run_id=110202&search_id=114132&scans_id=110198&peptide_id=27430&scanf=35339&charge=2&value=0,R.VPLLEILK.Y,/core/www/modules/show_out/show_out_wrapper.php?run_id=110202&search_id=114132&scans_id=110198&peptide_id=27430&scanf=35339&charge=2&value=R.VPLLEILK.Y,SETX,2.495e+6,2.342,0.036,1.446,0.001
35341,2,"  1.689","  0.514",7/14,/core/www/modules//sdig/index.php?run_id=110202&search_id=114132&scans_id=110198&peptide_id=27433&scanf=35341&charge=2&value=7/14,sp|Q96N67|DOCK7_HUMAN,/core/www/modules//consensus/?run_id=110202&search_id=114132&scans_id=110198&peptide_id=27433&scanf=35341&charge=2&value=sp|Q96N67|DOCK7_HUMAN,1,/core/www/modules/match_peptides/blast_html4.php?run_id=110202&search_id=114132&scans_id=110198&peptide_id=27433&scanf=35341&charge=2&value=1,R.GFVFSLIK.S,/core/www/modules/show_out/show_out_wrapper.php?run_id=110202&search_id=114132&scans_id=110198&peptide_id=27433&scanf=35341&charge=2&value=R.GFVFSLIK.S,DOCK7,1.604e+6,3.149,0.002,2.629,0.000
35343,2,"  2.116","  0.525",9/14,/core/www/modules//sdig/index.php?run_id=110202&search_id=114132&scans_id=110198&peptide_id=27434&scanf=35343&charge=2&value=9/14,sp|P26368|U2AF2_HUMAN,/core/www/modules//consensus/?run_id=110202&search_id=114132&scans_id=110198&peptide_id=27434&scanf=35343&charge=2&value=sp|P26368|U2AF2_HUMAN,0,/core/www/modules/match_peptides/blast_html4.php?run_id=110202&search_id=114132&scans_id=110198&peptide_id=27434&scanf=35343&charge=2&value=0,K.NFAFLEFR.S,/core/www/modules/show_out/show_out_wrapper.php?run_id=110202&search_id=114132&scans_id=110198&peptide_id=27434&scanf=35343&charge=2&value=K.NFAFLEFR.S,U2AF2,4.935e+7,3.511,0.001,3.164,0.000
35344,2,"  2.594","  0.485",11/20,/core/www/modules//sdig/index.php?run_id=110202&search_id=114132&scans_id=110198&peptide_id=27435&scanf=35344&charge=2&value=11/20,sp|P48444|COPD_HUMAN,/core/www/modules//consensus/?run_id=110202&search_id=114132&scans_id=110198&peptide_id=27435&scanf=35344&charge=2&value=sp|P48444|COPD_HUMAN,1,/core/www/modules/match_peptides/blast_html4.php?run_id=110202&search_id=114132&scans_id=110198&peptide_id=27435&scanf=35344&charge=2&value=1,K.LFTAESLIGLK.N,/core/www/modules/show_out/show_out_wrapper.php?run_id=110202&search_id=114132&scans_id=110198&peptide_id=27435&scanf=35344&charge=2&value=K.LFTAESLIGLK.N,ARCN1,1.117e+7,3.103,0.003,2.560,0.000
35348,3,"  4.717","  0.653",15/88,/core/www/modules//sdig/index.php?run_id=110202&search_id=114132&scans_id=110198&peptide_id=27439&scanf=35348&charge=3&value=15/88,sp|P39748|FEN1_HUMAN,/core/www/modules//consensus/?run_id=110202&search_id=114132&scans_id=110198&peptide_id=27439&scanf=35348&charge=3&value=sp|P39748|FEN1_HUMAN,1,/core/www/modules/match_peptides/blast_html4.php?run_id=110202&search_id=114132&scans_id=110198&peptide_id=27439&scanf=35348&charge=3&value=1,R.QGGDVLQNEEGETTSHLMGMFYR.T,/core/www/modules/show_out/show_out_wrapper.php?run_id=110202&search_id=114132&scans_id=110198&peptide_id=27439&scanf=35348&charge=3&value=R.QGGDVLQNEEGETTSHLMGMFYR.T,FEN1,1.068e+6,3.137,0.002,2.610,0.000
35354,3,"  4.383","  0.461",15/76,/core/www/modules//sdig/index.php?run_id=110202&search_id=114132&scans_id=110198&peptide_id=27446&scanf=35354&charge=3&value=15/76,sp|O43795|MYO1B_HUMAN,/core/www/modules//consensus/?run_id=110202&search_id=114132&scans_id=110198&peptide_id=27446&scanf=35354&charge=3&value=sp|O43795|MYO1B_HUMAN,2,/core/www/modules/match_peptides/blast_html4.php?run_id=110202&search_id=114132&scans_id=110198&peptide_id=27446&scanf=35354&charge=3&value=2,K.ALYPSSVGQPFQGAYLEINK.N,/core/www/modules/show_out/show_out_wrapper.php?run_id=110202&search_id=114132&scans_id=110198&peptide_id=27446&scanf=35354&charge=3&value=K.ALYPSSVGQPFQGAYLEINK.N,MYO1B,1.610e+6,2.782,0.008,2.086,0.000
35355,2,"  4.569","  0.598",15/28,/core/www/modules//sdig/index.php?run_id=110202&search_id=114132&scans_id=110198&peptide_id=27447&scanf=35355&charge=2&value=15/28,sp|O60814|H2B1K_HUMAN,/core/www/modules//consensus/?run_id=110202&search_id=114132&scans_id=110198&peptide_id=27447&scanf=35355&charge=2&value=sp|O60814|H2B1K_HUMAN,14,/core/www/modules/match_peptides/blast_html4.php?run_id=110202&search_id=114132&scans_id=110198&peptide_id=27447&scanf=35355&charge=2&value=14,K.AM*GIM*NSFVNDIFER.I,/core/www/modules/show_out/show_out_wrapper.php?run_id=110202&search_id=114132&scans_id=110198&peptide_id=27447&scanf=35355&charge=2&value=K.AM*GIM*NSFVNDIFER.I,H2BC12,5.837e+7,3.535,0.001,3.201,0.000
35356,3,"  4.355","  0.545",16/64,/core/www/modules//sdig/index.php?run_id=110202&search_id=114132&scans_id=110198&peptide_id=27448&scanf=35356&charge=3&value=16/64,sp|P09661|RU2A_HUMAN,/core/www/modules//consensus/?run_id=110202&search_id=114132&scans_id=110198&peptide_id=27448&scanf=35356&charge=3&value=sp|P09661|RU2A_HUMAN,1,/core/www/modules/match_peptides/blast_html4.php?run_id=110202&search_id=114132&scans_id=110198&peptide_id=27448&scanf=35356&charge=3&value=1,K.LTAELIEQAAQYTNAVR.D,/core/www/modules/show_out/show_out_wrapper.php?run_id=110202&search_id=114132&scans_id=110198&peptide_id=27448&scanf=35356&charge=3&value=K.LTAELIEQAAQYTNAVR.D,SNRPA1,1.499e+7,3.227,0.002,2.744,0.000
35372,2,"  3.332","  0.588",14/26,/core/www/modules//sdig/index.php?run_id=110202&search_id=114132&scans_id=110198&peptide_id=27465&scanf=35372&charge=2&value=14/26,sp|Q14011|CIRBP_HUMAN,/core/www/modules//consensus/?run_id=110202&search_id=114132&scans_id=110198&peptide_id=27465&scanf=35372&charge=2&value=sp|Q14011|CIRBP_HUMAN,10,/core/www/modules/match_peptides/blast_html4.php?run_id=110202&search_id=114132&scans_id=110198&peptide_id=27465&scanf=35372&charge=2&value=10,R.GFGFVTFENIDDAK.D,/core/www/modules/show_out/show_out_wrapper.php?run_id=110202&search_id=114132&scans_id=110198&peptide_id=27465&scanf=35372&charge=2&value=R.GFGFVTFENIDDAK.D,CIRBP,7.553e+6,3.208,0.002,2.716,0.000
35377,2,"  4.764","  0.663",16/32,/core/www/modules//sdig/index.php?run_id=110202&search_id=114132&scans_id=110198&peptide_id=27470&scanf=35377&charge=2&value=16/32,sp|P09661|RU2A_HUMAN,/core/www/modules//consensus/?run_id=110202&search_id=114132&scans_id=110198&peptide_id=27470&scanf=35377&charge=2&value=sp|P09661|RU2A_HUMAN,1,/core/www/modules/match_peptides/blast_html4.php?run_id=110202&search_id=114132&scans_id=110198&peptide_id=27470&scanf=35377&charge=2&value=1,K.LTAELIEQAAQYTNAVR.D,/core/www/modules/show_out/show_out_wrapper.php?run_id=110202&search_id=114132&scans_id=110198&peptide_id=27470&scanf=35377&charge=2&value=K.LTAELIEQAAQYTNAVR.D,SNRPA1,6.104e+6,3.519,0.001,3.177,0.000
35379,3,"  4.261","  0.645",12/68,/core/www/modules//sdig/index.php?run_id=110202&search_id=114132&scans_id=110198&peptide_id=27472&scanf=35379&charge=3&value=12/68,sp|Q9UNX4|WDR3_HUMAN,/core/www/modules//consensus/?run_id=110202&search_id=114132&scans_id=110198&peptide_id=27472&scanf=35379&charge=3&value=sp|Q9UNX4|WDR3_HUMAN,0,/core/www/modules/match_peptides/blast_html4.php?run_id=110202&search_id=114132&scans_id=110198&peptide_id=27472&scanf=35379&charge=3&value=0,R.IHFGQITSNQMLVPVIEK.L,/core/www/modules/show_out/show_out_wrapper.php?run_id=110202&search_id=114132&scans_id=110198&peptide_id=27472&scanf=35379&charge=3&value=R.IHFGQITSNQMLVPVIEK.L,WDR3,1.420e+6,3.403,0.001,3.004,0.000
35380,2,"  2.908","  0.526",9/30,/core/www/modules//sdig/index.php?run_id=110202&search_id=114132&scans_id=110198&peptide_id=27474&scanf=35380&charge=2&value=9/30,sp|O95602|RPA1_HUMAN,/core/www/modules//consensus/?run_id=110202&search_id=114132&scans_id=110198&peptide_id=27474&scanf=35380&charge=2&value=sp|O95602|RPA1_HUMAN,1,/core/www/modules/match_peptides/blast_html4.php?run_id=110202&search_id=114132&scans_id=110198&peptide_id=27474&scanf=35380&charge=2&value=1,K.LTYPQPVTPWNVQELR.Q,/core/www/modules/show_out/show_out_wrapper.php?run_id=110202&search_id=114132&scans_id=110198&peptide_id=27474&scanf=35380&charge=2&value=K.LTYPQPVTPWNVQELR.Q,POLR1A,1.480e+6,2.778,0.008,2.080,0.000
35382,2,"  2.022","  0.344",10/14,/core/www/modules//sdig/index.php?run_id=110202&search_id=114132&scans_id=110198&peptide_id=27476&scanf=35382&charge=2&value=10/14,sp|Q96DB5|RMD1_HUMAN,/core/www/modules//consensus/?run_id=110202&search_id=114132&scans_id=110198&peptide_id=27476&scanf=35382&charge=2&value=sp|Q96DB5|RMD1_HUMAN,6,/core/www/modules/match_peptides/blast_html4.php?run_id=110202&search_id=114132&scans_id=110198&peptide_id=27476&scanf=35382&charge=2&value=6,K.LAAFWLMK.A,/core/www/modules/show_out/show_out_wrapper.php?run_id=110202&search_id=114132&scans_id=110198&peptide_id=27476&scanf=35382&charge=2&value=K.LAAFWLMK.A,RMDN1,1.451e+6,2.927,0.005,2.300,0.000
35385,2,"  3.622","  0.624",13/22,/core/www/modules//sdig/index.php?run_id=110202&search_id=114132&scans_id=110198&peptide_id=27478&scanf=35385&charge=2&value=13/22,sp|Q6P2Q9|PRP8_HUMAN,/core/www/modules//consensus/?run_id=110202&search_id=114132&scans_id=110198&peptide_id=27478&scanf=35385&charge=2&value=sp|Q6P2Q9|PRP8_HUMAN,1,/core/www/modules/match_peptides/blast_html4.php?run_id=110202&search_id=114132&scans_id=110198&peptide_id=27478&scanf=35385&charge=2&value=1,R.LTLEDLEDSWDR.G,/core/www/modules/show_out/show_out_wrapper.php?run_id=110202&search_id=114132&scans_id=110198&peptide_id=27478&scanf=35385&charge=2&value=R.LTLEDLEDSWDR.G,PRPF8,5.948e+6,3.966,0.000,3.840,0.000
35387,2,"  4.470","  0.675",16/26,/core/www/modules//sdig/index.php?run_id=110202&search_id=114132&scans_id=110198&peptide_id=27480&scanf=35387&charge=2&value=16/26,sp|Q9UBB5|MBD2_HUMAN,/core/www/modules//consensus/?run_id=110202&search_id=114132&scans_id=110198&peptide_id=27480&scanf=35387&charge=2&value=sp|Q9UBB5|MBD2_HUMAN,1,/core/www/modules/match_peptides/blast_html4.php?run_id=110202&search_id=114132&scans_id=110198&peptide_id=27480&scanf=35387&charge=2&value=1,R.YLGNTVDLSSFDFR.T,/core/www/modules/show_out/show_out_wrapper.php?run_id=110202&search_id=114132&scans_id=110198&peptide_id=27480&scanf=35387&charge=2&value=R.YLGNTVDLSSFDFR.T,MBD2,3.983e+6,3.791,0.000,3.580,0.000
35395,2,"  1.499","  0.140",7/12,/core/www/modules//sdig/index.php?run_id=110202&search_id=114132&scans_id=110198&peptide_id=27489&scanf=35395&charge=2&value=7/12,sp|Q92576|PHF3_HUMAN,/core/www/modules//consensus/?run_id=110202&search_id=114132&scans_id=110198&peptide_id=27489&scanf=35395&charge=2&value=sp|Q92576|PHF3_HUMAN,2,/core/www/modules/match_peptides/blast_html4.php?run_id=110202&search_id=114132&scans_id=110198&peptide_id=27489&scanf=35395&charge=2&value=2,K.ELFSFFR.D,/core/www/modules/show_out/show_out_wrapper.php?run_id=110202&search_id=114132&scans_id=110198&peptide_id=27489&scanf=35395&charge=2&value=K.ELFSFFR.D,PHF3,2.103e+6,2.059,0.089,1.052,0.004
35397,2,"  3.521","  0.567",13/28,/core/www/modules//sdig/index.php?run_id=110202&search_id=114132&scans_id=110198&peptide_id=27491&scanf=35397&charge=2&value=13/28,sp|O43143|DHX15_HUMAN,/core/www/modules//consensus/?run_id=110202&search_id=114132&scans_id=110198&peptide_id=27491&scanf=35397&charge=2&value=sp|O43143|DHX15_HUMAN,0,/core/www/modules/match_peptides/blast_html4.php?run_id=110202&search_id=114132&scans_id=110198&peptide_id=27491&scanf=35397&charge=2&value=0,K.ALVTGYFMQVAHLER.T,/core/www/modules/show_out/show_out_wrapper.php?run_id=110202&search_id=114132&scans_id=110198&peptide_id=27491&scanf=35397&charge=2&value=K.ALVTGYFMQVAHLER.T,DHX15,1.828e+6,3.277,0.002,2.818,0.000
35398,3,"  2.383","  0.186",10/64,/core/www/modules//sdig/index.php?run_id=110202&search_id=114132&scans_id=110198&peptide_id=27492&scanf=35398&charge=3&value=10/64,sp|P78527|PRKDC_HUMAN,/core/www/modules//consensus/?run_id=110202&search_id=114132&scans_id=110198&peptide_id=27492&scanf=35398&charge=3&value=sp|P78527|PRKDC_HUMAN,0,/core/www/modules/match_peptides/blast_html4.php?run_id=110202&search_id=114132&scans_id=110198&peptide_id=27492&scanf=35398&charge=3&value=0,R.IM*EFTTTLLNTSPEGWK.L,/core/www/modules/show_out/show_out_wrapper.php?run_id=110202&search_id=114132&scans_id=110198&peptide_id=27492&scanf=35398&charge=3&value=R.IM*EFTTTLLNTSPEGWK.L,PRKDC,3.063e+6,2.630,0.014,1.863,0.000
35406,4," 10.854","  0.606",38/180,/core/www/modules//sdig/index.php?run_id=110202&search_id=114132&scans_id=110198&peptide_id=27499&scanf=35406&charge=4&value=38/180,sp|Q08211|DHX9_HUMAN,/core/www/modules//consensus/?run_id=110202&search_id=114132&scans_id=110198&peptide_id=27499&scanf=35406&charge=4&value=sp|Q08211|DHX9_HUMAN,0,/core/www/modules/match_peptides/blast_html4.php?run_id=110202&search_id=114132&scans_id=110198&peptide_id=27499&scanf=35406&charge=4&value=0,R.KEEQEVQATLESEEVDLNAGLHGNWTLENAK.A,/core/www/modules/show_out/show_out_wrapper.php?run_id=110202&search_id=114132&scans_id=110198&peptide_id=27499&scanf=35406&charge=4&value=R.KEEQEVQATLESEEVDLNAGLHGNWTLENAK.A,DHX9,1.393e+7,3.659,0.000,3.383,0.000
35409,2,"  2.478","  0.495",10/18,/core/www/modules//sdig/index.php?run_id=110202&search_id=114132&scans_id=110198&peptide_id=27502&scanf=35409&charge=2&value=10/18,sp|P35606|COPB2_HUMAN,/core/www/modules//consensus/?run_id=110202&search_id=114132&scans_id=110198&peptide_id=27502&scanf=35409&charge=2&value=sp|P35606|COPB2_HUMAN,3,/core/www/modules/match_peptides/blast_html4.php?run_id=110202&search_id=114132&scans_id=110198&peptide_id=27502&scanf=35409&charge=2&value=3,R.TMYLLGYIPK.D,/core/www/modules/show_out/show_out_wrapper.php?run_id=110202&search_id=114132&scans_id=110198&peptide_id=27502&scanf=35409&charge=2&value=R.TMYLLGYIPK.D,COPB2,4.345e+6,3.223,0.002,2.737,0.000
35410,2,"  2.875","  0.148",11/18,/core/www/modules//sdig/index.php?run_id=110202&search_id=114132&scans_id=110198&peptide_id=27504&scanf=35410&charge=2&value=11/18,sp|P78527|PRKDC_HUMAN,/core/www/modules//consensus/?run_id=110202&search_id=114132&scans_id=110198&peptide_id=27504&scanf=35410&charge=2&value=sp|P78527|PRKDC_HUMAN,2,/core/www/modules/match_peptides/blast_html4.php?run_id=110202&search_id=114132&scans_id=110198&peptide_id=27504&scanf=35410&charge=2&value=2,R.QFINLM*LPMK.E,/core/www/modules/show_out/show_out_wrapper.php?run_id=110202&search_id=114132&scans_id=110198&peptide_id=27504&scanf=35410&charge=2&value=R.QFINLM*LPMK.E,PRKDC,6.394e+6,3.886,0.000,3.721,0.000
35411,3,"  4.461","  0.561",17/52,/core/www/modules//sdig/index.php?run_id=110202&search_id=114132&scans_id=110198&peptide_id=27505&scanf=35411&charge=3&value=17/52,sp|Q13813|SPTN1_HUMAN,/core/www/modules//consensus/?run_id=110202&search_id=114132&scans_id=110198&peptide_id=27505&scanf=35411&charge=3&value=sp|Q13813|SPTN1_HUMAN,2,/core/www/modules/match_peptides/blast_html4.php?run_id=110202&search_id=114132&scans_id=110198&peptide_id=27505&scanf=35411&charge=3&value=2,R.AQLADSFHLQQFFR.D,/core/www/modules/show_out/show_out_wrapper.php?run_id=110202&search_id=114132&scans_id=110198&peptide_id=27505&scanf=35411&charge=3&value=R.AQLADSFHLQQFFR.D,SPTAN1,4.625e+6,3.624,0.000,3.332,0.000
35415,3,"  3.778","  0.444",11/76,/core/www/modules//sdig/index.php?run_id=110202&search_id=114132&scans_id=110198&peptide_id=27509&scanf=35415&charge=3&value=11/76,sp|O95825|QORL1_HUMAN,/core/www/modules//consensus/?run_id=110202&search_id=114132&scans_id=110198&peptide_id=27509&scanf=35415&charge=3&value=sp|O95825|QORL1_HUMAN,1,/core/www/modules/match_peptides/blast_html4.php?run_id=110202&search_id=114132&scans_id=110198&peptide_id=27509&scanf=35415&charge=3&value=1,K.LSTGVFRPQLDEPIPLYEAK.V,/core/www/modules/show_out/show_out_wrapper.php?run_id=110202&search_id=114132&scans_id=110198&peptide_id=27509&scanf=35415&charge=3&value=K.LSTGVFRPQLDEPIPLYEAK.V,CRYZL1,1.395e+6,2.576,0.016,1.785,0.000
35418,3,"  4.840","  0.572",17/72,/core/www/modules//sdig/index.php?run_id=110202&search_id=114132&scans_id=110198&peptide_id=27512&scanf=35418&charge=3&value=17/72,sp|P78371|TCPB_HUMAN,/core/www/modules//consensus/?run_id=110202&search_id=114132&scans_id=110198&peptide_id=27512&scanf=35418&charge=3&value=sp|P78371|TCPB_HUMAN,2,/core/www/modules/match_peptides/blast_html4.php?run_id=110202&search_id=114132&scans_id=110198&peptide_id=27512&scanf=35418&charge=3&value=2,K.LGGSLADSYLDEGFLLDKK.I,/core/www/modules/show_out/show_out_wrapper.php?run_id=110202&search_id=114132&scans_id=110198&peptide_id=27512&scanf=35418&charge=3&value=K.LGGSLADSYLDEGFLLDKK.I,CCT2,1.080e+7,3.026,0.004,2.446,0.000
35419,2,"  4.066","  0.672",14/30,/core/www/modules//sdig/index.php?run_id=110202&search_id=114132&scans_id=110198&peptide_id=27513&scanf=35419&charge=2&value=14/30,sp|Q9P2J5|SYLC_HUMAN,/core/www/modules//consensus/?run_id=110202&search_id=114132&scans_id=110198&peptide_id=27513&scanf=35419&charge=2&value=sp|Q9P2J5|SYLC_HUMAN,11,/core/www/modules/match_peptides/blast_html4.php?run_id=110202&search_id=114132&scans_id=110198&peptide_id=27513&scanf=35419&charge=2&value=11,R.SFITTDVNPYYDSFVR.W,/core/www/modules/show_out/show_out_wrapper.php?run_id=110202&search_id=114132&scans_id=110198&peptide_id=27513&scanf=35419&charge=2&value=R.SFITTDVNPYYDSFVR.W,LARS1,4.180e+6,3.570,0.001,3.252,0.000
35421,3,"  2.763","  0.473",14/68,/core/www/modules//sdig/index.php?run_id=110202&search_id=114132&scans_id=110198&peptide_id=27516&scanf=35421&charge=3&value=14/68,sp|Q5QJE6|TDIF2_HUMAN,/core/www/modules//consensus/?run_id=110202&search_id=114132&scans_id=110198&peptide_id=27516&scanf=35421&charge=3&value=sp|Q5QJE6|TDIF2_HUMAN,0,/core/www/modules/match_peptides/blast_html4.php?run_id=110202&search_id=114132&scans_id=110198&peptide_id=27516&scanf=35421&charge=3&value=0,K.YFQIGTIVDNPADFYHSR.I,/core/www/modules/show_out/show_out_wrapper.php?run_id=110202&search_id=114132&scans_id=110198&peptide_id=27516&scanf=35421&charge=3&value=K.YFQIGTIVDNPADFYHSR.I,DNTTIP2,1.275e+6,2.743,0.009,2.029,0.000
35427,2,"  3.621","  0.650",14/24,/core/www/modules//sdig/index.php?run_id=110202&search_id=114132&scans_id=110198&peptide_id=27521&scanf=35427&charge=2&value=14/24,sp|Q9UKV3|ACINU_HUMAN,/core/www/modules//consensus/?run_id=110202&search_id=114132&scans_id=110198&peptide_id=27521&scanf=35427&charge=2&value=sp|Q9UKV3|ACINU_HUMAN,3,/core/www/modules/match_peptides/blast_html4.php?run_id=110202&search_id=114132&scans_id=110198&peptide_id=27521&scanf=35427&charge=2&value=3,R.TGTLVEEAFWIDK.I,/core/www/modules/show_out/show_out_wrapper.php?run_id=110202&search_id=114132&scans_id=110198&peptide_id=27521&scanf=35427&charge=2&value=R.TGTLVEEAFWIDK.I,ACIN1,1.788e+7,3.647,0.000,3.366,0.000
35428,2,"  3.821","  0.617",15/30,/core/www/modules//sdig/index.php?run_id=110202&search_id=114132&scans_id=110198&peptide_id=27522&scanf=35428&charge=2&value=15/30,sp|P12814|ACTN1_HUMAN,/core/www/modules//consensus/?run_id=110202&search_id=114132&scans_id=110198&peptide_id=27522&scanf=35428&charge=2&value=sp|P12814|ACTN1_HUMAN,14,/core/www/modules/match_peptides/blast_html4.php?run_id=110202&search_id=114132&scans_id=110198&peptide_id=27522&scanf=35428&charge=2&value=14,K.DDPLTNLNTAFDVAEK.Y,/core/www/modules/show_out/show_out_wrapper.php?run_id=110202&search_id=114132&scans_id=110198&peptide_id=27522&scanf=35428&charge=2&value=K.DDPLTNLNTAFDVAEK.Y,ACTN1,2.772e+7,3.366,0.001,2.950,0.000
35431,3,"  3.789","  0.563",15/68,/core/www/modules//sdig/index.php?run_id=110202&search_id=114132&scans_id=110198&peptide_id=27526&scanf=35431&charge=3&value=15/68,sp|P06576|ATPB_HUMAN,/core/www/modules//consensus/?run_id=110202&search_id=114132&scans_id=110198&peptide_id=27526&scanf=35431&charge=3&value=sp|P06576|ATPB_HUMAN,4,/core/www/modules/match_peptides/blast_html4.php?run_id=110202&search_id=114132&scans_id=110198&peptide_id=27526&scanf=35431&charge=3&value=4,R.EGNDLYHEMIESGVINLK.D,/core/www/modules/show_out/show_out_wrapper.php?run_id=110202&search_id=114132&scans_id=110198&peptide_id=27526&scanf=35431&charge=3&value=R.EGNDLYHEMIESGVINLK.D,ATP5F1B,2.245e+7,3.232,0.002,2.751,0.000
35432,3,"  5.335","  0.674",21/108,/core/www/modules//sdig/index.php?run_id=110202&search_id=114132&scans_id=110198&peptide_id=27527&scanf=35432&charge=3&value=21/108,sp|O00267|SPT5H_HUMAN,/core/www/modules//consensus/?run_id=110202&search_id=114132&scans_id=110198&peptide_id=27527&scanf=35432&charge=3&value=sp|O00267|SPT5H_HUMAN,1,/core/www/modules/match_peptides/blast_html4.php?run_id=110202&search_id=114132&scans_id=110198&peptide_id=27527&scanf=35432&charge=3&value=1,K.SSVGETVYGGSDELSDDITQQQLLPGVK.D,/core/www/modules/show_out/show_out_wrapper.php?run_id=110202&search_id=114132&scans_id=110198&peptide_id=27527&scanf=35432&charge=3&value=K.SSVGETVYGGSDELSDDITQQQLLPGVK.D,SUPT5H,3.240e+6,3.213,0.002,2.724,0.000
35438,2,"  2.144","  0.426",10/18,/core/www/modules//sdig/index.php?run_id=110202&search_id=114132&scans_id=110198&peptide_id=27533&scanf=35438&charge=2&value=10/18,sp|Q9UHA4|LTOR3_HUMAN,/core/www/modules//consensus/?run_id=110202&search_id=114132&scans_id=110198&peptide_id=27533&scanf=35438&charge=2&value=sp|Q9UHA4|LTOR3_HUMAN,0,/core/www/modules/match_peptides/blast_html4.php?run_id=110202&search_id=114132&scans_id=110198&peptide_id=27533&scanf=35438&charge=2&value=0,K.ELAPLFEELR.Q,/core/www/modules/show_out/show_out_wrapper.php?run_id=110202&search_id=114132&scans_id=110198&peptide_id=27533&scanf=35438&charge=2&value=K.ELAPLFEELR.Q,LAMTOR3,1.953e+6,2.918,0.005,2.287,0.000
35439,3,"  2.927","  0.311",14/48,/core/www/modules//sdig/index.php?run_id=110202&search_id=114132&scans_id=110198&peptide_id=27534&scanf=35439&charge=3&value=14/48,sp|Q6P2Q9|PRP8_HUMAN,/core/www/modules//consensus/?run_id=110202&search_id=114132&scans_id=110198&peptide_id=27534&scanf=35439&charge=3&value=sp|Q6P2Q9|PRP8_HUMAN,1,/core/www/modules/match_peptides/blast_html4.php?run_id=110202&search_id=114132&scans_id=110198&peptide_id=27534&scanf=35439&charge=3&value=1,R.RFSPIPFPPLSYK.H,/core/www/modules/show_out/show_out_wrapper.php?run_id=110202&search_id=114132&scans_id=110198&peptide_id=27534&scanf=35439&charge=3&value=R.RFSPIPFPPLSYK.H,PRPF8,5.018e+6,2.565,0.017,1.769,0.000
35441,2,"  2.325","  0.379",10/18,/core/www/modules//sdig/index.php?run_id=110202&search_id=114132&scans_id=110198&peptide_id=27537&scanf=35441&charge=2&value=10/18,sp|Q96J01|THOC3_HUMAN,/core/www/modules//consensus/?run_id=110202&search_id=114132&scans_id=110198&peptide_id=27537&scanf=35441&charge=2&value=sp|Q96J01|THOC3_HUMAN,1,/core/www/modules/match_peptides/blast_html4.php?run_id=110202&search_id=114132&scans_id=110198&peptide_id=27537&scanf=35441&charge=2&value=1,R.YVLGMQELFR.G,/core/www/modules/show_out/show_out_wrapper.php?run_id=110202&search_id=114132&scans_id=110198&peptide_id=27537&scanf=35441&charge=2&value=R.YVLGMQELFR.G,THOC3,4.464e+6,2.628,0.014,1.860,0.000
35442,3,"  3.751","  0.563",14/56,/core/www/modules//sdig/index.php?run_id=110202&search_id=114132&scans_id=110198&peptide_id=27538&scanf=35442&charge=3&value=14/56,sp|Q92878|RAD50_HUMAN,/core/www/modules//consensus/?run_id=110202&search_id=114132&scans_id=110198&peptide_id=27538&scanf=35442&charge=3&value=sp|Q92878|RAD50_HUMAN,7,/core/www/modules/match_peptides/blast_html4.php?run_id=110202&search_id=114132&scans_id=110198&peptide_id=27538&scanf=35442&charge=3&value=7,R.HSDELTSLLGYFPNK.K,/core/www/modules/show_out/show_out_wrapper.php?run_id=110202&search_id=114132&scans_id=110198&peptide_id=27538&scanf=35442&charge=3&value=R.HSDELTSLLGYFPNK.K,RAD50,2.974e+6,3.324,0.001,2.887,0.000
35445,3,"  3.144","  0.558",16/48,/core/www/modules//sdig/index.php?run_id=110202&search_id=114132&scans_id=110198&peptide_id=27541&scanf=35445&charge=3&value=16/48,sp|Q03701|CEBPZ_HUMAN,/core/www/modules//consensus/?run_id=110202&search_id=114132&scans_id=110198&peptide_id=27541&scanf=35445&charge=3&value=sp|Q03701|CEBPZ_HUMAN,0,/core/www/modules/match_peptides/blast_html4.php?run_id=110202&search_id=114132&scans_id=110198&peptide_id=27541&scanf=35445&charge=3&value=0,K.ELLITDLLPDNRK.L,/core/www/modules/show_out/show_out_wrapper.php?run_id=110202&search_id=114132&scans_id=110198&peptide_id=27541&scanf=35445&charge=3&value=K.ELLITDLLPDNRK.L,CEBPZ,4.150e+6,3.234,0.002,2.754,0.000
35449,2,"  3.956","  0.597",15/30,/core/www/modules//sdig/index.php?run_id=110202&search_id=114132&scans_id=110198&peptide_id=27544&scanf=35449&charge=2&value=15/30,sp|Q9UHX1|PUF60_HUMAN,/core/www/modules//consensus/?run_id=110202&search_id=114132&scans_id=110198&peptide_id=27544&scanf=35449&charge=2&value=sp|Q9UHX1|PUF60_HUMAN,11,/core/www/modules/match_peptides/blast_html4.php?run_id=110202&search_id=114132&scans_id=110198&peptide_id=27544&scanf=35449&charge=2&value=11,R.VYVGSIYYELGEDTIR.Q,/core/www/modules/show_out/show_out_wrapper.php?run_id=110202&search_id=114132&scans_id=110198&peptide_id=27544&scanf=35449&charge=2&value=R.VYVGSIYYELGEDTIR.Q,PUF60,3.774e+6,3.342,0.001,2.914,0.000
35451,2,"  4.074","  0.666",15/30,/core/www/modules//sdig/index.php?run_id=110202&search_id=114132&scans_id=110198&peptide_id=27547&scanf=35451&charge=2&value=15/30,sp|Q9P2J5|SYLC_HUMAN,/core/www/modules//consensus/?run_id=110202&search_id=114132&scans_id=110198&peptide_id=27547&scanf=35451&charge=2&value=sp|Q9P2J5|SYLC_HUMAN,11,/core/www/modules/match_peptides/blast_html4.php?run_id=110202&search_id=114132&scans_id=110198&peptide_id=27547&scanf=35451&charge=2&value=11,R.SFITTDVNPYYDSFVR.W,/core/www/modules/show_out/show_out_wrapper.php?run_id=110202&search_id=114132&scans_id=110198&peptide_id=27547&scanf=35451&charge=2&value=R.SFITTDVNPYYDSFVR.W,LARS1,4.180e+6,3.610,0.000,3.311,0.000
35453,2,"  4.555","  0.628",17/26,/core/www/modules//sdig/index.php?run_id=110202&search_id=114132&scans_id=110198&peptide_id=27549&scanf=35453&charge=2&value=17/26,sp|Q96JB5|CK5P3_HUMAN,/core/www/modules//consensus/?run_id=110202&search_id=114132&scans_id=110198&peptide_id=27549&scanf=35453&charge=2&value=sp|Q96JB5|CK5P3_HUMAN,1,/core/www/modules/match_peptides/blast_html4.php?run_id=110202&search_id=114132&scans_id=110198&peptide_id=27549&scanf=35453&charge=2&value=1,R.GPDALTLLEYTETR.N,/core/www/modules/show_out/show_out_wrapper.php?run_id=110202&search_id=114132&scans_id=110198&peptide_id=27549&scanf=35453&charge=2&value=R.GPDALTLLEYTETR.N,CDK5RAP3,3.025e+6,3.712,0.000,3.463,0.000
35458,2,"  4.502","  0.626",17/32,/core/www/modules//sdig/index.php?run_id=110202&search_id=114132&scans_id=110198&peptide_id=27554&scanf=35458&charge=2&value=17/32,sp|P78527|PRKDC_HUMAN,/core/www/modules//consensus/?run_id=110202&search_id=114132&scans_id=110198&peptide_id=27554&scanf=35458&charge=2&value=sp|P78527|PRKDC_HUMAN,0,/core/www/modules/match_peptides/blast_html4.php?run_id=110202&search_id=114132&scans_id=110198&peptide_id=27554&scanf=35458&charge=2&value=0,R.IM*EFTTTLLNTSPEGWK.L,/core/www/modules/show_out/show_out_wrapper.php?run_id=110202&search_id=114132&scans_id=110198&peptide_id=27554&scanf=35458&charge=2&value=R.IM*EFTTTLLNTSPEGWK.L,PRKDC,1.694e+6,4.289,0.000,4.318,0.000
35459,2,"  2.997","  0.372",12/24,/core/www/modules//sdig/index.php?run_id=110202&search_id=114132&scans_id=110198&peptide_id=27555&scanf=35459&charge=2&value=12/24,sp|Q13557|KCC2D_HUMAN,/core/www/modules//consensus/?run_id=110202&search_id=114132&scans_id=110198&peptide_id=27555&scanf=35459&charge=2&value=sp|Q13557|KCC2D_HUMAN,17,/core/www/modules/match_peptides/blast_html4.php?run_id=110202&search_id=114132&scans_id=110198&peptide_id=27555&scanf=35459&charge=2&value=17,R.FTDEYQLFEELGK.G,/core/www/modules/show_out/show_out_wrapper.php?run_id=110202&search_id=114132&scans_id=110198&peptide_id=27555&scanf=35459&charge=2&value=R.FTDEYQLFEELGK.G,CAMK2D,1.810e+6,2.538,0.019,1.730,0.000
35462,2,"  3.117","  0.627",13/22,/core/www/modules//sdig/index.php?run_id=110202&search_id=114132&scans_id=110198&peptide_id=27559&scanf=35462&charge=2&value=13/22,sp|Q9NVP1|DDX18_HUMAN,/core/www/modules//consensus/?run_id=110202&search_id=114132&scans_id=110198&peptide_id=27559&scanf=35462&charge=2&value=sp|Q9NVP1|DDX18_HUMAN,0,/core/www/modules/match_peptides/blast_html4.php?run_id=110202&search_id=114132&scans_id=110198&peptide_id=27559&scanf=35462&charge=2&value=0,K.VPLSEFDFSWSK.I,/core/www/modules/show_out/show_out_wrapper.php?run_id=110202&search_id=114132&scans_id=110198&peptide_id=27559&scanf=35462&charge=2&value=K.VPLSEFDFSWSK.I,DDX18,1.391e+7,3.661,0.000,3.386,0.000
35463,3,"  6.055","  0.653",20/92,/core/www/modules//sdig/index.php?run_id=110202&search_id=114132&scans_id=110198&peptide_id=27560&scanf=35463&charge=3&value=20/92,sp|Q16531|DDB1_HUMAN,/core/www/modules//consensus/?run_id=110202&search_id=114132&scans_id=110198&peptide_id=27560&scanf=35463&charge=3&value=sp|Q16531|DDB1_HUMAN,7,/core/www/modules/match_peptides/blast_html4.php?run_id=110202&search_id=114132&scans_id=110198&peptide_id=27560&scanf=35463&charge=3&value=7,K.LGKDPNTYFIVGTAMVYPEEAEPK.Q,/core/www/modules/show_out/show_out_wrapper.php?run_id=110202&search_id=114132&scans_id=110198&peptide_id=27560&scanf=35463&charge=3&value=K.LGKDPNTYFIVGTAMVYPEEAEPK.Q,DDB1,1.431e+6,3.092,0.003,2.544,0.000
35469,3,"  6.407","  0.774",24/84,/core/www/modules//sdig/index.php?run_id=110202&search_id=114132&scans_id=110198&peptide_id=27565&scanf=35469&charge=3&value=24/84,sp|P23396|RS3_HUMAN,/core/www/modules//consensus/?run_id=110202&search_id=114132&scans_id=110198&peptide_id=27565&scanf=35469&charge=3&value=sp|P23396|RS3_HUMAN,3,/core/www/modules/match_peptides/blast_html4.php?run_id=110202&search_id=114132&scans_id=110198&peptide_id=27565&scanf=35469&charge=3&value=3,K.FVDGLMIHSGDPVNYYVDTAVR.H,/core/www/modules/show_out/show_out_wrapper.php?run_id=110202&search_id=114132&scans_id=110198&peptide_id=27565&scanf=35469&charge=3&value=K.FVDGLMIHSGDPVNYYVDTAVR.H,RPS3,2.056e+7,3.969,0.000,3.843,0.000
35470,3,"  6.183","  0.633",18/84,/core/www/modules//sdig/index.php?run_id=110202&search_id=114132&scans_id=110198&peptide_id=27567&scanf=35470&charge=3&value=18/84,sp|Q02880|TOP2B_HUMAN,/core/www/modules//consensus/?run_id=110202&search_id=114132&scans_id=110198&peptide_id=27567&scanf=35470&charge=3&value=sp|Q02880|TOP2B_HUMAN,4,/core/www/modules/match_peptides/blast_html4.php?run_id=110202&search_id=114132&scans_id=110198&peptide_id=27567&scanf=35470&charge=3&value=4,K.GTIQELGQNQYAVSGEIFVVDR.N,/core/www/modules/show_out/show_out_wrapper.php?run_id=110202&search_id=114132&scans_id=110198&peptide_id=27567&scanf=35470&charge=3&value=K.GTIQELGQNQYAVSGEIFVVDR.N,TOP2B,1.986e+6,3.493,0.001,3.138,0.000
35471,3,"  6.506","  0.624",18/72,/core/www/modules//sdig/index.php?run_id=110202&search_id=114132&scans_id=110198&peptide_id=27568&scanf=35471&charge=3&value=18/72,sp|P78371|TCPB_HUMAN,/core/www/modules//consensus/?run_id=110202&search_id=114132&scans_id=110198&peptide_id=27568&scanf=35471&charge=3&value=sp|P78371|TCPB_HUMAN,2,/core/www/modules/match_peptides/blast_html4.php?run_id=110202&search_id=114132&scans_id=110198&peptide_id=27568&scanf=35471&charge=3&value=2,K.LGGSLADSYLDEGFLLDKK.I,/core/www/modules/show_out/show_out_wrapper.php?run_id=110202&search_id=114132&scans_id=110198&peptide_id=27568&scanf=35471&charge=3&value=K.LGGSLADSYLDEGFLLDKK.I,CCT2,1.080e+7,3.299,0.001,2.850,0.000
35474,2,"  2.294","  0.479",10/14,/core/www/modules//sdig/index.php?run_id=110202&search_id=114132&scans_id=110198&peptide_id=27571&scanf=35474&charge=2&value=10/14,sp|P14678|RSMB_HUMAN,/core/www/modules//consensus/?run_id=110202&search_id=114132&scans_id=110198&peptide_id=27571&scanf=35474&charge=2&value=sp|P14678|RSMB_HUMAN,2,/core/www/modules/match_peptides/blast_html4.php?run_id=110202&search_id=114132&scans_id=110198&peptide_id=27571&scanf=35474&charge=2&value=2,R.VLGLVLLR.G,/core/www/modules/show_out/show_out_wrapper.php?run_id=110202&search_id=114132&scans_id=110198&peptide_id=27571&scanf=35474&charge=2&value=R.VLGLVLLR.G,SNRPB,3.901e+7,3.415,0.001,3.022,0.000
35477,3,"  2.203","  0.424",9/52,/core/www/modules//sdig/index.php?run_id=110202&search_id=114132&scans_id=110198&peptide_id=27574&scanf=35477&charge=3&value=9/52,sp|Q99873|ANM1_HUMAN,/core/www/modules//consensus/?run_id=110202&search_id=114132&scans_id=110198&peptide_id=27574&scanf=35477&charge=3&value=sp|Q99873|ANM1_HUMAN,5,/core/www/modules/match_peptides/blast_html4.php?run_id=110202&search_id=114132&scans_id=110198&peptide_id=27574&scanf=35477&charge=3&value=5,R.DKWLAPDGLIFPDR.A,/core/www/modules/show_out/show_out_wrapper.php?run_id=110202&search_id=114132&scans_id=110198&peptide_id=27574&scanf=35477&charge=3&value=R.DKWLAPDGLIFPDR.A,PRMT1,1.533e+6,2.392,0.030,1.519,0.001
35478,3,"  3.471","  0.553",17/52,/core/www/modules//sdig/index.php?run_id=110202&search_id=114132&scans_id=110198&peptide_id=27575&scanf=35478&charge=3&value=17/52,sp|P32969|RL9_HUMAN,/core/www/modules//consensus/?run_id=110202&search_id=114132&scans_id=110198&peptide_id=27575&scanf=35478&charge=3&value=sp|P32969|RL9_HUMAN,2,/core/www/modules/match_peptides/blast_html4.php?run_id=110202&search_id=114132&scans_id=110198&peptide_id=27575&scanf=35478&charge=3&value=2,R.DFNHINVELSLLGK.K,/core/www/modules/show_out/show_out_wrapper.php?run_id=110202&search_id=114132&scans_id=110198&peptide_id=27575&scanf=35478&charge=3&value=R.DFNHINVELSLLGK.K,RPL9P9,1.094e+7,3.413,0.001,3.019,0.000
35483,2,"  1.903","  0.000",7/12,/core/www/modules//sdig/index.php?run_id=110202&search_id=114132&scans_id=110198&peptide_id=27581&scanf=35483&charge=2&value=7/12,sp|Q10570|CPSF1_HUMAN,/core/www/modules//consensus/?run_id=110202&search_id=114132&scans_id=110198&peptide_id=27581&scanf=35483&charge=2&value=sp|Q10570|CPSF1_HUMAN,0,/core/www/modules/match_peptides/blast_html4.php?run_id=110202&search_id=114132&scans_id=110198&peptide_id=27581&scanf=35483&charge=2&value=0,K.IFLWSLR.A,/core/www/modules/show_out/show_out_wrapper.php?run_id=110202&search_id=114132&scans_id=110198&peptide_id=27581&scanf=35483&charge=2&value=K.IFLWSLR.A,CPSF1,1.902e+6,2.183,0.060,1.222,0.002
35491,2,"  4.580","  0.697",17/30,/core/www/modules//sdig/index.php?run_id=110202&search_id=114132&scans_id=110198&peptide_id=27589&scanf=35491&charge=2&value=17/30,sp|Q14257|RCN2_HUMAN,/core/www/modules//consensus/?run_id=110202&search_id=114132&scans_id=110198&peptide_id=27589&scanf=35491&charge=2&value=sp|Q14257|RCN2_HUMAN,1,/core/www/modules/match_peptides/blast_html4.php?run_id=110202&search_id=114132&scans_id=110198&peptide_id=27589&scanf=35491&charge=2&value=1,R.WDPTANEDPEWILVEK.D,/core/www/modules/show_out/show_out_wrapper.php?run_id=110202&search_id=114132&scans_id=110198&peptide_id=27589&scanf=35491&charge=2&value=R.WDPTANEDPEWILVEK.D,RCN2,6.749e+6,3.773,0.000,3.553,0.000
35492,2,"  2.494","  0.553",12/18,/core/www/modules//sdig/index.php?run_id=110202&search_id=114132&scans_id=110198&peptide_id=27590&scanf=35492&charge=2&value=12/18,sp|Q96J01|THOC3_HUMAN,/core/www/modules//consensus/?run_id=110202&search_id=114132&scans_id=110198&peptide_id=27590&scanf=35492&charge=2&value=sp|Q96J01|THOC3_HUMAN,1,/core/www/modules/match_peptides/blast_html4.php?run_id=110202&search_id=114132&scans_id=110198&peptide_id=27590&scanf=35492&charge=2&value=1,R.YVLGMQELFR.G,/core/www/modules/show_out/show_out_wrapper.php?run_id=110202&search_id=114132&scans_id=110198&peptide_id=27590&scanf=35492&charge=2&value=R.YVLGMQELFR.G,THOC3,4.464e+6,3.377,0.001,2.966,0.000
35499,3,"  7.348","  0.762",29/120,/core/www/modules//sdig/index.php?run_id=110202&search_id=114132&scans_id=110198&peptide_id=27597&scanf=35499&charge=3&value=29/120,sp|P49711|CTCF_HUMAN,/core/www/modules//consensus/?run_id=110202&search_id=114132&scans_id=110198&peptide_id=27597&scanf=35499&charge=3&value=sp|P49711|CTCF_HUMAN,2,/core/www/modules/match_peptides/blast_html4.php?run_id=110202&search_id=114132&scans_id=110198&peptide_id=27597&scanf=35499&charge=3&value=2,R.YTEEGKDVDVSVYDFEEEQQEGLLSEVNAEK.V,/core/www/modules/show_out/show_out_wrapper.php?run_id=110202&search_id=114132&scans_id=110198&peptide_id=27597&scanf=35499&charge=3&value=R.YTEEGKDVDVSVYDFEEEQQEGLLSEVNAEK.V,CTCF,9.472e+5,3.224,0.002,2.739,0.000
35500,2,"  3.543","  0.528",9/30,/core/www/modules//sdig/index.php?run_id=110202&search_id=114132&scans_id=110198&peptide_id=27599&scanf=35500&charge=2&value=9/30,sp|P52272|HNRPM_HUMAN,/core/www/modules//consensus/?run_id=110202&search_id=114132&scans_id=110198&peptide_id=27599&scanf=35500&charge=2&value=sp|P52272|HNRPM_HUMAN,4,/core/www/modules/match_peptides/blast_html4.php?run_id=110202&search_id=114132&scans_id=110198&peptide_id=27599&scanf=35500&charge=2&value=4,K.VGEVTYVELLM*DAEGK.S,/core/www/modules/show_out/show_out_wrapper.php?run_id=110202&search_id=114132&scans_id=110198&peptide_id=27599&scanf=35500&charge=2&value=K.VGEVTYVELLM*DAEGK.S,HNRNPM,1.617e+6,2.911,0.005,2.277,0.000
35502,3,"  3.953","  0.437",16/56,/core/www/modules//sdig/index.php?run_id=110202&search_id=114132&scans_id=110198&peptide_id=27601&scanf=35502&charge=3&value=16/56,sp|P48147|PPCE_HUMAN,/core/www/modules//consensus/?run_id=110202&search_id=114132&scans_id=110198&peptide_id=27601&scanf=35502&charge=3&value=sp|P48147|PPCE_HUMAN,1,/core/www/modules/match_peptides/blast_html4.php?run_id=110202&search_id=114132&scans_id=110198&peptide_id=27601&scanf=35502&charge=3&value=1,K.NILQLHDLTTGALLK.T,/core/www/modules/show_out/show_out_wrapper.php?run_id=110202&search_id=114132&scans_id=110198&peptide_id=27601&scanf=35502&charge=3&value=K.NILQLHDLTTGALLK.T,PREP,2.283e+6,2.941,0.005,2.321,0.000
35503,2,"  2.978","  0.424",13/28,/core/www/modules//sdig/index.php?run_id=110202&search_id=114132&scans_id=110198&peptide_id=27602&scanf=35503&charge=2&value=13/28,sp|Q14204|DYHC1_HUMAN,/core/www/modules//consensus/?run_id=110202&search_id=114132&scans_id=110198&peptide_id=27602&scanf=35503&charge=2&value=sp|Q14204|DYHC1_HUMAN,27,/core/www/modules/match_peptides/blast_html4.php?run_id=110202&search_id=114132&scans_id=110198&peptide_id=27602&scanf=35503&charge=2&value=27,K.ATSIDPNTYITWIDK.Y,/core/www/modules/show_out/show_out_wrapper.php?run_id=110202&search_id=114132&scans_id=110198&peptide_id=27602&scanf=35503&charge=2&value=K.ATSIDPNTYITWIDK.Y,DYNC1H1,2.467e+6,2.960,0.004,2.348,0.000
35506,3,"  2.688","  0.384",10/84,/core/www/modules//sdig/index.php?run_id=110202&search_id=114132&scans_id=110198&peptide_id=27605&scanf=35506&charge=3&value=10/84,sp|Q9UIG0|BAZ1B_HUMAN,/core/www/modules//consensus/?run_id=110202&search_id=114132&scans_id=110198&peptide_id=27605&scanf=35506&charge=3&value=sp|Q9UIG0|BAZ1B_HUMAN,0,/core/www/modules/match_peptides/blast_html4.php?run_id=110202&search_id=114132&scans_id=110198&peptide_id=27605&scanf=35506&charge=3&value=0,R.DEAEDYYDVITHPMDFQTVQNK.C,/core/www/modules/show_out/show_out_wrapper.php?run_id=110202&search_id=114132&scans_id=110198&peptide_id=27605&scanf=35506&charge=3&value=R.DEAEDYYDVITHPMDFQTVQNK.C,BAZ1B,7.924e+6,2.317,0.039,1.411,0.001
35511,2,"  2.587","  0.574",11/20,/core/www/modules//sdig/index.php?run_id=110202&search_id=114132&scans_id=110198&peptide_id=27610&scanf=35511&charge=2&value=11/20,sp|Q9NTI5|PDS5B_HUMAN,/core/www/modules//consensus/?run_id=110202&search_id=114132&scans_id=110198&peptide_id=27610&scanf=35511&charge=2&value=sp|Q9NTI5|PDS5B_HUMAN,0,/core/www/modules/match_peptides/blast_html4.php?run_id=110202&search_id=114132&scans_id=110198&peptide_id=27610&scanf=35511&charge=2&value=0,K.QPTNPFLEMIK.F,/core/www/modules/show_out/show_out_wrapper.php?run_id=110202&search_id=114132&scans_id=110198&peptide_id=27610&scanf=35511&charge=2&value=K.QPTNPFLEMIK.F,PDS5B,9.106e+6,3.467,0.001,3.099,0.000
35513,4,"  4.069","  0.544",16/120,/core/www/modules//sdig/index.php?run_id=110202&search_id=114132&scans_id=110198&peptide_id=27612&scanf=35513&charge=4&value=16/120,sp|Q96SB4|SRPK1_HUMAN,/core/www/modules//consensus/?run_id=110202&search_id=114132&scans_id=110198&peptide_id=27612&scanf=35513&charge=4&value=sp|Q96SB4|SRPK1_HUMAN,1,/core/www/modules/match_peptides/blast_html4.php?run_id=110202&search_id=114132&scans_id=110198&peptide_id=27612&scanf=35513&charge=4&value=1,R.IIHTDIKPENILLSVNEQYIR.R,/core/www/modules/show_out/show_out_wrapper.php?run_id=110202&search_id=114132&scans_id=110198&peptide_id=27612&scanf=35513&charge=4&value=R.IIHTDIKPENILLSVNEQYIR.R,SRPK1,3.142e+7,3.301,0.001,2.853,0.000
35516,2,"  2.332","  0.542",11/22,/core/www/modules//sdig/index.php?run_id=110202&search_id=114132&scans_id=110198&peptide_id=27615&scanf=35516&charge=2&value=11/22,sp|O60287|NPA1P_HUMAN,/core/www/modules//consensus/?run_id=110202&search_id=114132&scans_id=110198&peptide_id=27615&scanf=35516&charge=2&value=sp|O60287|NPA1P_HUMAN,0,/core/www/modules/match_peptides/blast_html4.php?run_id=110202&search_id=114132&scans_id=110198&peptide_id=27615&scanf=35516&charge=2&value=0,R.EDVYDVVEGYIK.I,/core/www/modules/show_out/show_out_wrapper.php?run_id=110202&search_id=114132&scans_id=110198&peptide_id=27615&scanf=35516&charge=2&value=R.EDVYDVVEGYIK.I,URB1,1.169e+6,3.203,0.002,2.708,0.000
35518,2,"  2.100","  0.000",10/18,/core/www/modules//sdig/index.php?run_id=110202&search_id=114132&scans_id=110198&peptide_id=27617&scanf=35518&charge=2&value=10/18,sp|O14656|TOR1A_HUMAN,/core/www/modules//consensus/?run_id=110202&search_id=114132&scans_id=110198&peptide_id=27617&scanf=35518&charge=2&value=sp|O14656|TOR1A_HUMAN,1,/core/www/modules/match_peptides/blast_html4.php?run_id=110202&search_id=114132&scans_id=110198&peptide_id=27617&scanf=35518&charge=2&value=1,R.SIFIFDEMDK.M,/core/www/modules/show_out/show_out_wrapper.php?run_id=110202&search_id=114132&scans_id=110198&peptide_id=27617&scanf=35518&charge=2&value=R.SIFIFDEMDK.M,TOR1A,2.998e+6,2.814,0.007,2.134,0.000
35522,2,"  3.303","  0.519",9/30,/core/www/modules//sdig/index.php?run_id=110202&search_id=114132&scans_id=110198&peptide_id=27621&scanf=35522&charge=2&value=9/30,sp|P52272|HNRPM_HUMAN,/core/www/modules//consensus/?run_id=110202&search_id=114132&scans_id=110198&peptide_id=27621&scanf=35522&charge=2&value=sp|P52272|HNRPM_HUMAN,4,/core/www/modules/match_peptides/blast_html4.php?run_id=110202&search_id=114132&scans_id=110198&peptide_id=27621&scanf=35522&charge=2&value=4,K.VGEVTYVELLM*DAEGK.S,/core/www/modules/show_out/show_out_wrapper.php?run_id=110202&search_id=114132&scans_id=110198&peptide_id=27621&scanf=35522&charge=2&value=K.VGEVTYVELLM*DAEGK.S,HNRNPM,1.617e+6,2.870,0.006,2.217,0.000
35524,3,"  3.519","  0.448",10/60,/core/www/modules//sdig/index.php?run_id=110202&search_id=114132&scans_id=110198&peptide_id=27623&scanf=35524&charge=3&value=10/60,sp|Q9BQ67|GRWD1_HUMAN,/core/www/modules//consensus/?run_id=110202&search_id=114132&scans_id=110198&peptide_id=27623&scanf=35524&charge=3&value=sp|Q9BQ67|GRWD1_HUMAN,1,/core/www/modules/match_peptides/blast_html4.php?run_id=110202&search_id=114132&scans_id=110198&peptide_id=27623&scanf=35524&charge=3&value=1,R.VSWLGEEPVAGVWSEK.G,/core/www/modules/show_out/show_out_wrapper.php?run_id=110202&search_id=114132&scans_id=110198&peptide_id=27623&scanf=35524&charge=3&value=R.VSWLGEEPVAGVWSEK.G,GRWD1,1.599e+6,2.773,0.008,2.074,0.000
35526,2,"  2.528","  0.343",7/26,/core/www/modules//sdig/index.php?run_id=110202&search_id=114132&scans_id=110198&peptide_id=27625&scanf=35526&charge=2&value=7/26,sp|Q9UBQ5|EIF3K_HUMAN,/core/www/modules//consensus/?run_id=110202&search_id=114132&scans_id=110198&peptide_id=27625&scanf=35526&charge=2&value=sp|Q9UBQ5|EIF3K_HUMAN,3,/core/www/modules/match_peptides/blast_html4.php?run_id=110202&search_id=114132&scans_id=110198&peptide_id=27625&scanf=35526&charge=2&value=3,K.IDFDSVSSIMASSQ.-,/core/www/modules/show_out/show_out_wrapper.php?run_id=110202&search_id=114132&scans_id=110198&peptide_id=27625&scanf=35526&charge=2&value=K.IDFDSVSSIMASSQ.-,EIF3K,4.171e+6,2.063,0.088,1.057,0.004
35527,2,"  3.952","  0.646",13/30,/core/www/modules//sdig/index.php?run_id=110202&search_id=114132&scans_id=110198&peptide_id=27626&scanf=35527&charge=2&value=13/30,sp|P30050|RL12_HUMAN,/core/www/modules//consensus/?run_id=110202&search_id=114132&scans_id=110198&peptide_id=27626&scanf=35527&charge=2&value=sp|P30050|RL12_HUMAN,0,/core/www/modules/match_peptides/blast_html4.php?run_id=110202&search_id=114132&scans_id=110198&peptide_id=27626&scanf=35527&charge=2&value=0,R.QAQIEVVPSASALIIK.A,/core/www/modules/show_out/show_out_wrapper.php?run_id=110202&search_id=114132&scans_id=110198&peptide_id=27626&scanf=35527&charge=2&value=R.QAQIEVVPSASALIIK.A,RPL12,5.620e+7,3.384,0.001,2.977,0.000
35529,2,"  2.332","  0.250",6/20,/core/www/modules//sdig/index.php?run_id=110202&search_id=114132&scans_id=110198&peptide_id=27628&scanf=35529&charge=2&value=6/20,sp|P0DTL6|ZTRF1_HUMAN,/core/www/modules//consensus/?run_id=110202&search_id=114132&scans_id=110198&peptide_id=27628&scanf=35529&charge=2&value=sp|P0DTL6|ZTRF1_HUMAN,1,/core/www/modules/match_peptides/blast_html4.php?run_id=110202&search_id=114132&scans_id=110198&peptide_id=27628&scanf=35529&charge=2&value=1,R.FTVLNQTWVLK.A,/core/www/modules/show_out/show_out_wrapper.php?run_id=110202&search_id=114132&scans_id=110198&peptide_id=27628&scanf=35529&charge=2&value=R.FTVLNQTWVLK.A,ZFTRAF1,1.304e+6,1.922,0.135,0.870,0.007
35530,3,"  2.518","  0.432",9/36,/core/www/modules//sdig/index.php?run_id=110202&search_id=114132&scans_id=110198&peptide_id=27630&scanf=35530&charge=3&value=9/36,sp|P41252|SYIC_HUMAN,/core/www/modules//consensus/?run_id=110202&search_id=114132&scans_id=110198&peptide_id=27630&scanf=35530&charge=3&value=sp|P41252|SYIC_HUMAN,10,/core/www/modules/match_peptides/blast_html4.php?run_id=110202&search_id=114132&scans_id=110198&peptide_id=27630&scanf=35530&charge=3&value=10,K.YRPLFDYFLK.C,/core/www/modules/show_out/show_out_wrapper.php?run_id=110202&search_id=114132&scans_id=110198&peptide_id=27630&scanf=35530&charge=3&value=K.YRPLFDYFLK.C,IARS1,5.837e+6,3.054,0.003,2.487,0.000
35532,2,"  2.097","  0.501",10/16,/core/www/modules//sdig/index.php?run_id=110202&search_id=114132&scans_id=110198&peptide_id=27631&scanf=35532&charge=2&value=10/16,sp|O75533|SF3B1_HUMAN,/core/www/modules//consensus/?run_id=110202&search_id=114132&scans_id=110198&peptide_id=27631&scanf=35532&charge=2&value=sp|O75533|SF3B1_HUMAN,0,/core/www/modules/match_peptides/blast_html4.php?run_id=110202&search_id=114132&scans_id=110198&peptide_id=27631&scanf=35532&charge=2&value=0,K.TEILPPFFK.H,/core/www/modules/show_out/show_out_wrapper.php?run_id=110202&search_id=114132&scans_id=110198&peptide_id=27631&scanf=35532&charge=2&value=K.TEILPPFFK.H,SF3B1,5.937e+7,3.507,0.001,3.159,0.000
35533,3,"  3.091","  0.539",17/80,/core/www/modules//sdig/index.php?run_id=110202&search_id=114132&scans_id=110198&peptide_id=27632&scanf=35533&charge=3&value=17/80,sp|Q13610|PWP1_HUMAN,/core/www/modules//consensus/?run_id=110202&search_id=114132&scans_id=110198&peptide_id=27632&scanf=35533&charge=3&value=sp|Q13610|PWP1_HUMAN,1,/core/www/modules/match_peptides/blast_html4.php?run_id=110202&search_id=114132&scans_id=110198&peptide_id=27632&scanf=35533&charge=3&value=1,K.VQTLQFHPFEAQTLISGSYDK.S,/core/www/modules/show_out/show_out_wrapper.php?run_id=110202&search_id=114132&scans_id=110198&peptide_id=27632&scanf=35533&charge=3&value=K.VQTLQFHPFEAQTLISGSYDK.S,PWP1,1.449e+7,2.900,0.005,2.260,0.000
35534,2,"  3.158","  0.570",15/28,/core/www/modules//sdig/index.php?run_id=110202&search_id=114132&scans_id=110198&peptide_id=27633&scanf=35534&charge=2&value=15/28,sp|P08865|RSSA_HUMAN,/core/www/modules//consensus/?run_id=110202&search_id=114132&scans_id=110198&peptide_id=27633&scanf=35534&charge=2&value=sp|P08865|RSSA_HUMAN,5,/core/www/modules/match_peptides/blast_html4.php?run_id=110202&search_id=114132&scans_id=110198&peptide_id=27633&scanf=35534&charge=2&value=5,R.FTPGTFTNQIQAAFR.E,/core/www/modules/show_out/show_out_wrapper.php?run_id=110202&search_id=114132&scans_id=110198&peptide_id=27633&scanf=35534&charge=2&value=R.FTPGTFTNQIQAAFR.E,RPSA,2.873e+6,3.196,0.002,2.698,0.000
35538,2,"  2.013","  0.399",9/22,/core/www/modules//sdig/index.php?run_id=110202&search_id=114132&scans_id=110198&peptide_id=27637&scanf=35538&charge=2&value=9/22,sp|O60812|HNRC1_HUMAN,/core/www/modules//consensus/?run_id=110202&search_id=114132&scans_id=110198&peptide_id=27637&scanf=35538&charge=2&value=sp|O60812|HNRC1_HUMAN,19,/core/www/modules/match_peptides/blast_html4.php?run_id=110202&search_id=114132&scans_id=110198&peptide_id=27637&scanf=35538&charge=2&value=19,R.VFIGNLNTLVVK.K,/core/www/modules/show_out/show_out_wrapper.php?run_id=110202&search_id=114132&scans_id=110198&peptide_id=27637&scanf=35538&charge=2&value=R.VFIGNLNTLVVK.K,HNRNPCL1,1.976e+8,2.422,0.027,1.561,0.001
35539,3,"  5.464","  0.602",20/80,/core/www/modules//sdig/index.php?run_id=110202&search_id=114132&scans_id=110198&peptide_id=27638&scanf=35539&charge=3&value=20/80,sp|Q96SB4|SRPK1_HUMAN,/core/www/modules//consensus/?run_id=110202&search_id=114132&scans_id=110198&peptide_id=27638&scanf=35539&charge=3&value=sp|Q96SB4|SRPK1_HUMAN,1,/core/www/modules/match_peptides/blast_html4.php?run_id=110202&search_id=114132&scans_id=110198&peptide_id=27638&scanf=35539&charge=3&value=1,R.IIHTDIKPENILLSVNEQYIR.R,/core/www/modules/show_out/show_out_wrapper.php?run_id=110202&search_id=114132&scans_id=110198&peptide_id=27638&scanf=35539&charge=3&value=R.IIHTDIKPENILLSVNEQYIR.R,SRPK1,1.149e+6,3.251,0.002,2.779,0.000
35542,3,"  2.458","  0.454",11/60,/core/www/modules//sdig/index.php?run_id=110202&search_id=114132&scans_id=110198&peptide_id=27642&scanf=35542&charge=3&value=11/60,sp|Q99541|PLIN2_HUMAN,/core/www/modules//consensus/?run_id=110202&search_id=114132&scans_id=110198&peptide_id=27642&scanf=35542&charge=3&value=sp|Q99541|PLIN2_HUMAN,3,/core/www/modules/match_peptides/blast_html4.php?run_id=110202&search_id=114132&scans_id=110198&peptide_id=27642&scanf=35542&charge=3&value=3,K.TITSVAMTSALPIIQK.L,/core/www/modules/show_out/show_out_wrapper.php?run_id=110202&search_id=114132&scans_id=110198&peptide_id=27642&scanf=35542&charge=3&value=K.TITSVAMTSALPIIQK.L,PLIN2,2.390e+6,2.705,0.011,1.973,0.000
35543,3,"  3.694","  0.465",10/80,/core/www/modules//sdig/index.php?run_id=110202&search_id=114132&scans_id=110198&peptide_id=27643&scanf=35543&charge=3&value=10/80,sp|P60709|ACTB_HUMAN,/core/www/modules//consensus/?run_id=110202&search_id=114132&scans_id=110198&peptide_id=27643&scanf=35543&charge=3&value=sp|P60709|ACTB_HUMAN,6,/core/www/modules/match_peptides/blast_html4.php?run_id=110202&search_id=114132&scans_id=110198&peptide_id=27643&scanf=35543&charge=3&value=6,K.DLYANTVLSGGTTMYPGIADR.M,/core/www/modules/show_out/show_out_wrapper.php?run_id=110202&search_id=114132&scans_id=110198&peptide_id=27643&scanf=35543&charge=3&value=K.DLYANTVLSGGTTMYPGIADR.M,ACTB,3.696e+8,3.161,0.002,2.647,0.000
35544,3,"  3.673","  0.420",12/76,/core/www/modules//sdig/index.php?run_id=110202&search_id=114132&scans_id=110198&peptide_id=27644&scanf=35544&charge=3&value=12/76,sp|Q96T58|MINT_HUMAN,/core/www/modules//consensus/?run_id=110202&search_id=114132&scans_id=110198&peptide_id=27644&scanf=35544&charge=3&value=sp|Q96T58|MINT_HUMAN,3,/core/www/modules/match_peptides/blast_html4.php?run_id=110202&search_id=114132&scans_id=110198&peptide_id=27644&scanf=35544&charge=3&value=3,R.SVQSAAVPAPTSQLLSSLEK.D,/core/www/modules/show_out/show_out_wrapper.php?run_id=110202&search_id=114132&scans_id=110198&peptide_id=27644&scanf=35544&charge=3&value=R.SVQSAAVPAPTSQLLSSLEK.D,SPEN,1.286e+6,2.455,0.025,1.609,0.001
35553,3,"  5.281","  0.672",21/68,/core/www/modules//sdig/index.php?run_id=110202&search_id=114132&scans_id=110198&peptide_id=27652&scanf=35553&charge=3&value=21/68,sp|P55209|NP1L1_HUMAN,/core/www/modules//consensus/?run_id=110202&search_id=114132&scans_id=110198&peptide_id=27652&scanf=35553&charge=3&value=sp|P55209|NP1L1_HUMAN,13,/core/www/modules/match_peptides/blast_html4.php?run_id=110202&search_id=114132&scans_id=110198&peptide_id=27652&scanf=35553&charge=3&value=13,K.NVDLLSDMVQEHDEPILK.H,/core/www/modules/show_out/show_out_wrapper.php?run_id=110202&search_id=114132&scans_id=110198&peptide_id=27652&scanf=35553&charge=3&value=K.NVDLLSDMVQEHDEPILK.H,NAP1L1,2.150e+7,3.699,0.000,3.443,0.000
35555,2,"  3.151","  0.586",12/20,/core/www/modules//sdig/index.php?run_id=110202&search_id=114132&scans_id=110198&peptide_id=27654&scanf=35555&charge=2&value=12/20,sp|Q08945|SSRP1_HUMAN,/core/www/modules//consensus/?run_id=110202&search_id=114132&scans_id=110198&peptide_id=27654&scanf=35555&charge=2&value=sp|Q08945|SSRP1_HUMAN,0,/core/www/modules/match_peptides/blast_html4.php?run_id=110202&search_id=114132&scans_id=110198&peptide_id=27654&scanf=35555&charge=2&value=0,R.FDEISFVNFAR.G,/core/www/modules/show_out/show_out_wrapper.php?run_id=110202&search_id=114132&scans_id=110198&peptide_id=27654&scanf=35555&charge=2&value=R.FDEISFVNFAR.G,SSRP1,7.807e+7,3.568,0.001,3.249,0.000
35556,3,"  3.906","  0.449",14/64,/core/www/modules//sdig/index.php?run_id=110202&search_id=114132&scans_id=110198&peptide_id=27655&scanf=35556&charge=3&value=14/64,sp|P78527|PRKDC_HUMAN,/core/www/modules//consensus/?run_id=110202&search_id=114132&scans_id=110198&peptide_id=27655&scanf=35556&charge=3&value=sp|P78527|PRKDC_HUMAN,0,/core/www/modules/match_peptides/blast_html4.php?run_id=110202&search_id=114132&scans_id=110198&peptide_id=27655&scanf=35556&charge=3&value=0,R.IM*EFTTTLLNTSPEGWK.L,/core/www/modules/show_out/show_out_wrapper.php?run_id=110202&search_id=114132&scans_id=110198&peptide_id=27655&scanf=35556&charge=3&value=R.IM*EFTTTLLNTSPEGWK.L,PRKDC,3.063e+6,3.674,0.000,3.406,0.000
35557,3,"  6.101","  0.644",20/80,/core/www/modules//sdig/index.php?run_id=110202&search_id=114132&scans_id=110198&peptide_id=27656&scanf=35557&charge=3&value=20/80,sp|Q9UBT2|SAE2_HUMAN,/core/www/modules//consensus/?run_id=110202&search_id=114132&scans_id=110198&peptide_id=27656&scanf=35557&charge=3&value=sp|Q9UBT2|SAE2_HUMAN,1,/core/www/modules/match_peptides/blast_html4.php?run_id=110202&search_id=114132&scans_id=110198&peptide_id=27656&scanf=35557&charge=3&value=1,K.ANIVAYHDSIMNPDYNVEFFR.Q,/core/www/modules/show_out/show_out_wrapper.php?run_id=110202&search_id=114132&scans_id=110198&peptide_id=27656&scanf=35557&charge=3&value=K.ANIVAYHDSIMNPDYNVEFFR.Q,UBA2,5.997e+6,3.450,0.001,3.074,0.000
35559,2,"  1.527","  0.156",9/14,/core/www/modules//sdig/index.php?run_id=110202&search_id=114132&scans_id=110198&peptide_id=27658&scanf=35559&charge=2&value=9/14,sp|O60216|RAD21_HUMAN,/core/www/modules//consensus/?run_id=110202&search_id=114132&scans_id=110198&peptide_id=27658&scanf=35559&charge=2&value=sp|O60216|RAD21_HUMAN,3,/core/www/modules/match_peptides/blast_html4.php?run_id=110202&search_id=114132&scans_id=110198&peptide_id=27658&scanf=35559&charge=2&value=3,K.FYSFLVLK.K,/core/www/modules/show_out/show_out_wrapper.php?run_id=110202&search_id=114132&scans_id=110198&peptide_id=27658&scanf=35559&charge=2&value=K.FYSFLVLK.K,RAD21,4.807e+6,2.224,0.053,1.278,0.002
35560,2,"  2.976","  0.066",11/18,/core/www/modules//sdig/index.php?run_id=110202&search_id=114132&scans_id=110198&peptide_id=27659&scanf=35560&charge=2&value=11/18,sp|P11021|BIP_HUMAN,/core/www/modules//consensus/?run_id=110202&search_id=114132&scans_id=110198&peptide_id=27659&scanf=35560&charge=2&value=sp|P11021|BIP_HUMAN,1,/core/www/modules/match_peptides/blast_html4.php?run_id=110202&search_id=114132&scans_id=110198&peptide_id=27659&scanf=35560&charge=2&value=1,K.FEELNMDLFR.S,/core/www/modules/show_out/show_out_wrapper.php?run_id=110202&search_id=114132&scans_id=110198&peptide_id=27659&scanf=35560&charge=2&value=K.FEELNMDLFR.S,HSPA5,2.410e+6,1.915,0.137,0.862,0.007
35561,2,"  6.092","  0.681",28/34,/core/www/modules//sdig/index.php?run_id=110202&search_id=114132&scans_id=110198&peptide_id=27660&scanf=35561&charge=2&value=28/34,sp|P06576|ATPB_HUMAN,/core/www/modules//consensus/?run_id=110202&search_id=114132&scans_id=110198&peptide_id=27660&scanf=35561&charge=2&value=sp|P06576|ATPB_HUMAN,4,/core/www/modules/match_peptides/blast_html4.php?run_id=110202&search_id=114132&scans_id=110198&peptide_id=27660&scanf=35561&charge=2&value=4,R.EGNDLYHEMIESGVINLK.D,/core/www/modules/show_out/show_out_wrapper.php?run_id=110202&search_id=114132&scans_id=110198&peptide_id=27660&scanf=35561&charge=2&value=R.EGNDLYHEMIESGVINLK.D,ATP5F1B,2.318e+6,4.072,0.000,3.997,0.000
35564,3,"  1.796","  0.229",11/68,/core/www/modules//sdig/index.php?run_id=110202&search_id=114132&scans_id=110198&peptide_id=27663&scanf=35564&charge=3&value=11/68,sp|O00159|MYO1C_HUMAN,/core/www/modules//consensus/?run_id=110202&search_id=114132&scans_id=110198&peptide_id=27663&scanf=35564&charge=3&value=sp|O00159|MYO1C_HUMAN,1,/core/www/modules/match_peptides/blast_html4.php?run_id=110202&search_id=114132&scans_id=110198&peptide_id=27663&scanf=35564&charge=3&value=1,R.VLQALGSEPIQYAVPVVK.Y,/core/www/modules/show_out/show_out_wrapper.php?run_id=110202&search_id=114132&scans_id=110198&peptide_id=27663&scanf=35564&charge=3&value=R.VLQALGSEPIQYAVPVVK.Y,MYO1C,8.947e+6,1.931,0.131,0.881,0.007
35565,2,"  4.171","  0.599",17/34,/core/www/modules//sdig/index.php?run_id=110202&search_id=114132&scans_id=110198&peptide_id=27664&scanf=35565&charge=2&value=17/34,sp|Q9UKL0|RCOR1_HUMAN,/core/www/modules//consensus/?run_id=110202&search_id=114132&scans_id=110198&peptide_id=27664&scanf=35565&charge=2&value=sp|Q9UKL0|RCOR1_HUMAN,0,/core/www/modules/match_peptides/blast_html4.php?run_id=110202&search_id=114132&scans_id=110198&peptide_id=27664&scanf=35565&charge=2&value=0,R.DNLGMLVWSPNQNLSEAK.L,/core/www/modules/show_out/show_out_wrapper.php?run_id=110202&search_id=114132&scans_id=110198&peptide_id=27664&scanf=35565&charge=2&value=R.DNLGMLVWSPNQNLSEAK.L,RCOR1,1.687e+6,3.259,0.002,2.792,0.000
35566,2,"  6.023","  0.736",20/38,/core/www/modules//sdig/index.php?run_id=110202&search_id=114132&scans_id=110198&peptide_id=27665&scanf=35566&charge=2&value=20/38,sp|Q14315|FLNC_HUMAN,/core/www/modules//consensus/?run_id=110202&search_id=114132&scans_id=110198&peptide_id=27665&scanf=35566&charge=2&value=sp|Q14315|FLNC_HUMAN,0,/core/www/modules/match_peptides/blast_html4.php?run_id=110202&search_id=114132&scans_id=110198&peptide_id=27665&scanf=35566&charge=2&value=0,R.APLQVAVLGPTGVAEPVEVR.D,/core/www/modules/show_out/show_out_wrapper.php?run_id=110202&search_id=114132&scans_id=110198&peptide_id=27665&scanf=35566&charge=2&value=R.APLQVAVLGPTGVAEPVEVR.D,FLNC,4.408e+6,3.863,0.000,3.686,0.000
35571,2,"  3.327","  0.507",14/22,/core/www/modules//sdig/index.php?run_id=110202&search_id=114132&scans_id=110198&peptide_id=27671&scanf=35571&charge=2&value=14/22,sp|P36404|ARL2_HUMAN,/core/www/modules//consensus/?run_id=110202&search_id=114132&scans_id=110198&peptide_id=27671&scanf=35571&charge=2&value=sp|P36404|ARL2_HUMAN,0,/core/www/modules/match_peptides/blast_html4.php?run_id=110202&search_id=114132&scans_id=110198&peptide_id=27671&scanf=35571&charge=2&value=0,R.LAGATLLIFANK.Q,/core/www/modules/show_out/show_out_wrapper.php?run_id=110202&search_id=114132&scans_id=110198&peptide_id=27671&scanf=35571&charge=2&value=R.LAGATLLIFANK.Q,ARL2,1.349e+6,3.250,0.002,2.778,0.000
35574,2,"  2.521","  0.502",12/20,/core/www/modules//sdig/index.php?run_id=110202&search_id=114132&scans_id=110198&peptide_id=27673&scanf=35574&charge=2&value=12/20,sp|Q9BQG0|MBB1A_HUMAN,/core/www/modules//consensus/?run_id=110202&search_id=114132&scans_id=110198&peptide_id=27673&scanf=35574&charge=2&value=sp|Q9BQG0|MBB1A_HUMAN,1,/core/www/modules/match_peptides/blast_html4.php?run_id=110202&search_id=114132&scans_id=110198&peptide_id=27673&scanf=35574&charge=2&value=1,K.ALVDILSEVSK.A,/core/www/modules/show_out/show_out_wrapper.php?run_id=110202&search_id=114132&scans_id=110198&peptide_id=27673&scanf=35574&charge=2&value=K.ALVDILSEVSK.A,MYBBP1A,1.044e+8,3.382,0.001,2.973,0.000
35576,3,"  5.108","  0.675",20/80,/core/www/modules//sdig/index.php?run_id=110202&search_id=114132&scans_id=110198&peptide_id=27675&scanf=35576&charge=3&value=20/80,sp|Q16629|SRSF7_HUMAN,/core/www/modules//consensus/?run_id=110202&search_id=114132&scans_id=110198&peptide_id=27675&scanf=35576&charge=3&value=sp|Q16629|SRSF7_HUMAN,2,/core/www/modules/match_peptides/blast_html4.php?run_id=110202&search_id=114132&scans_id=110198&peptide_id=27675&scanf=35576&charge=3&value=2,R.NPPGFAFVEFEDPRDAEDAVR.G,/core/www/modules/show_out/show_out_wrapper.php?run_id=110202&search_id=114132&scans_id=110198&peptide_id=27675&scanf=35576&charge=3&value=R.NPPGFAFVEFEDPRDAEDAVR.G,SRSF7,1.035e+8,3.310,0.001,2.867,0.000
35577,3,"  4.527","  0.635",16/72,/core/www/modules//sdig/index.php?run_id=110202&search_id=114132&scans_id=110198&peptide_id=27676&scanf=35577&charge=3&value=16/72,sp|Q5JTH9|RRP12_HUMAN,/core/www/modules//consensus/?run_id=110202&search_id=114132&scans_id=110198&peptide_id=27676&scanf=35577&charge=3&value=sp|Q5JTH9|RRP12_HUMAN,1,/core/www/modules/match_peptides/blast_html4.php?run_id=110202&search_id=114132&scans_id=110198&peptide_id=27676&scanf=35577&charge=3&value=1,K.SEAPETPMEEEAELVLTEK.S,/core/www/modules/show_out/show_out_wrapper.php?run_id=110202&search_id=114132&scans_id=110198&peptide_id=27676&scanf=35577&charge=3&value=K.SEAPETPMEEEAELVLTEK.S,RRP12,7.924e+6,3.507,0.001,3.159,0.000
35579,2,"  4.373","  0.635",16/24,/core/www/modules//sdig/index.php?run_id=110202&search_id=114132&scans_id=110198&peptide_id=27678&scanf=35579&charge=2&value=16/24,sp|P51531|SMCA2_HUMAN,/core/www/modules//consensus/?run_id=110202&search_id=114132&scans_id=110198&peptide_id=27678&scanf=35579&charge=2&value=sp|P51531|SMCA2_HUMAN,23,/core/www/modules/match_peptides/blast_html4.php?run_id=110202&search_id=114132&scans_id=110198&peptide_id=27678&scanf=35579&charge=2&value=23,R.VDLNEEETILIIR.R,/core/www/modules/show_out/show_out_wrapper.php?run_id=110202&search_id=114132&scans_id=110198&peptide_id=27678&scanf=35579&charge=2&value=R.VDLNEEETILIIR.R,SMARCA2,5.437e+7,4.057,0.000,3.974,0.000
35580,3,"  3.771","  0.550",10/60,/core/www/modules//sdig/index.php?run_id=110202&search_id=114132&scans_id=110198&peptide_id=27680&scanf=35580&charge=3&value=10/60,sp|Q9NTI5|PDS5B_HUMAN,/core/www/modules//consensus/?run_id=110202&search_id=114132&scans_id=110198&peptide_id=27680&scanf=35580&charge=3&value=sp|Q9NTI5|PDS5B_HUMAN,0,/core/www/modules/match_peptides/blast_html4.php?run_id=110202&search_id=114132&scans_id=110198&peptide_id=27680&scanf=35580&charge=3&value=0,R.IAPVHIDTESISALIK.Q,/core/www/modules/show_out/show_out_wrapper.php?run_id=110202&search_id=114132&scans_id=110198&peptide_id=27680&scanf=35580&charge=3&value=R.IAPVHIDTESISALIK.Q,PDS5B,4.068e+7,3.156,0.002,2.639,0.000
35583,2,"  2.109","  0.268",8/16,/core/www/modules//sdig/index.php?run_id=110202&search_id=114132&scans_id=110198&peptide_id=27683&scanf=35583&charge=2&value=8/16,sp|O60264|SMCA5_HUMAN,/core/www/modules//consensus/?run_id=110202&search_id=114132&scans_id=110198&peptide_id=27683&scanf=35583&charge=2&value=sp|O60264|SMCA5_HUMAN,3,/core/www/modules/match_peptides/blast_html4.php?run_id=110202&search_id=114132&scans_id=110198&peptide_id=27683&scanf=35583&charge=2&value=3,R.LLNILM*QLR.K,/core/www/modules/show_out/show_out_wrapper.php?run_id=110202&search_id=114132&scans_id=110198&peptide_id=27683&scanf=35583&charge=2&value=R.LLNILM*QLR.K,SMARCA5,2.275e+6,2.553,0.018,1.751,0.000
35584,2,"  2.370","  0.286",7/20,/core/www/modules//sdig/index.php?run_id=110202&search_id=114132&scans_id=110198&peptide_id=27684&scanf=35584&charge=2&value=7/20,sp|Q14669|TRIPC_HUMAN,/core/www/modules//consensus/?run_id=110202&search_id=114132&scans_id=110198&peptide_id=27684&scanf=35584&charge=2&value=sp|Q14669|TRIPC_HUMAN,2,/core/www/modules/match_peptides/blast_html4.php?run_id=110202&search_id=114132&scans_id=110198&peptide_id=27684&scanf=35584&charge=2&value=2,R.IIYFADAELLK.D,/core/www/modules/show_out/show_out_wrapper.php?run_id=110202&search_id=114132&scans_id=110198&peptide_id=27684&scanf=35584&charge=2&value=R.IIYFADAELLK.D,TRIP12,2.223e+6,2.136,0.070,1.156,0.002
35586,3,"  3.243","  0.594",16/52,/core/www/modules//sdig/index.php?run_id=110202&search_id=114132&scans_id=110198&peptide_id=27686&scanf=35586&charge=3&value=16/52,sp|Q13045|FLII_HUMAN,/core/www/modules//consensus/?run_id=110202&search_id=114132&scans_id=110198&peptide_id=27686&scanf=35586&charge=3&value=sp|Q13045|FLII_HUMAN,4,/core/www/modules/match_peptides/blast_html4.php?run_id=110202&search_id=114132&scans_id=110198&peptide_id=27686&scanf=35586&charge=3&value=4,R.QLPAMTALQTLHLR.S,/core/www/modules/show_out/show_out_wrapper.php?run_id=110202&search_id=114132&scans_id=110198&peptide_id=27686&scanf=35586&charge=3&value=R.QLPAMTALQTLHLR.S,FLII,1.901e+6,3.470,0.001,3.103,0.000
35591,2,"  2.017","  0.207",6/14,/core/www/modules//sdig/index.php?run_id=110202&search_id=114132&scans_id=110198&peptide_id=27692&scanf=35591&charge=2&value=6/14,sp|Q7Z478|DHX29_HUMAN,/core/www/modules//consensus/?run_id=110202&search_id=114132&scans_id=110198&peptide_id=27692&scanf=35591&charge=2&value=sp|Q7Z478|DHX29_HUMAN,0,/core/www/modules/match_peptides/blast_html4.php?run_id=110202&search_id=114132&scans_id=110198&peptide_id=27692&scanf=35591&charge=2&value=0,K.QFLIDWVR.K,/core/www/modules/show_out/show_out_wrapper.php?run_id=110202&search_id=114132&scans_id=110198&peptide_id=27692&scanf=35591&charge=2&value=K.QFLIDWVR.K,DHX29,1.168e+6,2.034,0.096,1.017,0.005
35593,3,"  4.906","  0.624",21/124,/core/www/modules//sdig/index.php?run_id=110202&search_id=114132&scans_id=110198&peptide_id=27694&scanf=35593&charge=3&value=21/124,sp|P52943|CRIP2_HUMAN,/core/www/modules//consensus/?run_id=110202&search_id=114132&scans_id=110198&peptide_id=27694&scanf=35593&charge=3&value=sp|P52943|CRIP2_HUMAN,1,/core/www/modules/match_peptides/blast_html4.php?run_id=110202&search_id=114132&scans_id=110198&peptide_id=27694&scanf=35593&charge=3&value=1,K.GVNIGGAGSYIYEKPLAEGPQVTGPIEVPAAR.A,/core/www/modules/show_out/show_out_wrapper.php?run_id=110202&search_id=114132&scans_id=110198&peptide_id=27694&scanf=35593&charge=3&value=K.GVNIGGAGSYIYEKPLAEGPQVTGPIEVPAAR.A,CRIP2,1.074e+6,2.849,0.007,2.185,0.000
35596,3,"  4.770","  0.661",19/76,/core/www/modules//sdig/index.php?run_id=110202&search_id=114132&scans_id=110198&peptide_id=27696&scanf=35596&charge=3&value=19/76,sp|O75367|H2AY_HUMAN,/core/www/modules//consensus/?run_id=110202&search_id=114132&scans_id=110198&peptide_id=27696&scanf=35596&charge=3&value=sp|O75367|H2AY_HUMAN,3,/core/www/modules/match_peptides/blast_html4.php?run_id=110202&search_id=114132&scans_id=110198&peptide_id=27696&scanf=35596&charge=3&value=3,K.GVTIASGGVLPNIHPELLAK.K,/core/www/modules/show_out/show_out_wrapper.php?run_id=110202&search_id=114132&scans_id=110198&peptide_id=27696&scanf=35596&charge=3&value=K.GVTIASGGVLPNIHPELLAK.K,MACROH2A1,6.372e+7,3.505,0.001,3.156,0.000
35597,4,"  5.416","  0.640",29/162,/core/www/modules//sdig/index.php?run_id=110202&search_id=114132&scans_id=110198&peptide_id=27697&scanf=35597&charge=4&value=29/162,sp|P56192|SYMC_HUMAN,/core/www/modules//consensus/?run_id=110202&search_id=114132&scans_id=110198&peptide_id=27697&scanf=35597&charge=4&value=sp|P56192|SYMC_HUMAN,2,/core/www/modules/match_peptides/blast_html4.php?run_id=110202&search_id=114132&scans_id=110198&peptide_id=27697&scanf=35597&charge=4&value=2,K.TSPKPAVVETVTTAKPQQIQALMDEVTK.Q,/core/www/modules/show_out/show_out_wrapper.php?run_id=110202&search_id=114132&scans_id=110198&peptide_id=27697&scanf=35597&charge=4&value=K.TSPKPAVVETVTTAKPQQIQALMDEVTK.Q,MARS1,7.553e+6,3.578,0.001,3.264,0.000
35598,3,"  5.104","  0.552",13/72,/core/www/modules//sdig/index.php?run_id=110202&search_id=114132&scans_id=110198&peptide_id=27698&scanf=35598&charge=3&value=13/72,sp|Q14204|DYHC1_HUMAN,/core/www/modules//consensus/?run_id=110202&search_id=114132&scans_id=110198&peptide_id=27698&scanf=35598&charge=3&value=sp|Q14204|DYHC1_HUMAN,29,/core/www/modules/match_peptides/blast_html4.php?run_id=110202&search_id=114132&scans_id=110198&peptide_id=27698&scanf=35598&charge=3&value=29,K.AVDDLNLHSYSNLPIWVNK.L,/core/www/modules/show_out/show_out_wrapper.php?run_id=110202&search_id=114132&scans_id=110198&peptide_id=27698&scanf=35598&charge=3&value=K.AVDDLNLHSYSNLPIWVNK.L,DYNC1H1,2.981e+7,3.311,0.001,2.868,0.000
35601,2,"  3.095","  0.444",15/36,/core/www/modules//sdig/index.php?run_id=110202&search_id=114132&scans_id=110198&peptide_id=27702&scanf=35601&charge=2&value=15/36,sp|P22061|PIMT_HUMAN,/core/www/modules//consensus/?run_id=110202&search_id=114132&scans_id=110198&peptide_id=27702&scanf=35601&charge=2&value=sp|P22061|PIMT_HUMAN,2,/core/www/modules/match_peptides/blast_html4.php?run_id=110202&search_id=114132&scans_id=110198&peptide_id=27702&scanf=35601&charge=2&value=2,R.LILPVGPAGGNQMLEQYDK.L,/core/www/modules/show_out/show_out_wrapper.php?run_id=110202&search_id=114132&scans_id=110198&peptide_id=27702&scanf=35601&charge=2&value=R.LILPVGPAGGNQMLEQYDK.L,PCMT1,2.384e+6,2.517,0.020,1.699,0.000
35602,3,"  4.136","  0.370",11/56,/core/www/modules//sdig/index.php?run_id=110202&search_id=114132&scans_id=110198&peptide_id=27703&scanf=35602&charge=3&value=11/56,sp|Q96SB4|SRPK1_HUMAN,/core/www/modules//consensus/?run_id=110202&search_id=114132&scans_id=110198&peptide_id=27703&scanf=35602&charge=3&value=sp|Q96SB4|SRPK1_HUMAN,1,/core/www/modules/match_peptides/blast_html4.php?run_id=110202&search_id=114132&scans_id=110198&peptide_id=27703&scanf=35602&charge=3&value=1,K.IIQQVLQGLDYLHTK.C,/core/www/modules/show_out/show_out_wrapper.php?run_id=110202&search_id=114132&scans_id=110198&peptide_id=27703&scanf=35602&charge=3&value=K.IIQQVLQGLDYLHTK.C,SRPK1,2.201e+6,2.565,0.017,1.768,0.000
35606,3,"  2.916","  0.402",11/72,/core/www/modules//sdig/index.php?run_id=110202&search_id=114132&scans_id=110198&peptide_id=27707&scanf=35606&charge=3&value=11/72,sp|Q9UBL3|ASH2L_HUMAN,/core/www/modules//consensus/?run_id=110202&search_id=114132&scans_id=110198&peptide_id=27707&scanf=35606&charge=3&value=sp|Q9UBL3|ASH2L_HUMAN,1,/core/www/modules/match_peptides/blast_html4.php?run_id=110202&search_id=114132&scans_id=110198&peptide_id=27707&scanf=35606&charge=3&value=1,K.FGLLDQDLSNIGPAYDNQK.Q,/core/www/modules/show_out/show_out_wrapper.php?run_id=110202&search_id=114132&scans_id=110198&peptide_id=27707&scanf=35606&charge=3&value=K.FGLLDQDLSNIGPAYDNQK.Q,ASH2L,1.624e+6,2.422,0.028,1.561,0.001
35607,4,"  6.298","  0.695",23/120,/core/www/modules//sdig/index.php?run_id=110202&search_id=114132&scans_id=110198&peptide_id=27708&scanf=35607&charge=4&value=23/120,sp|P25705|ATPA_HUMAN,/core/www/modules//consensus/?run_id=110202&search_id=114132&scans_id=110198&peptide_id=27708&scanf=35607&charge=4&value=sp|P25705|ATPA_HUMAN,0,/core/www/modules/match_peptides/blast_html4.php?run_id=110202&search_id=114132&scans_id=110198&peptide_id=27708&scanf=35607&charge=4&value=0,K.FENAFLSHVVSQHQALLGTIR.A,/core/www/modules/show_out/show_out_wrapper.php?run_id=110202&search_id=114132&scans_id=110198&peptide_id=27708&scanf=35607&charge=4&value=K.FENAFLSHVVSQHQALLGTIR.A,ATP5F1A,6.627e+7,4.098,0.000,4.034,0.000
35609,3,"  5.141","  0.445",18/108,/core/www/modules//sdig/index.php?run_id=110202&search_id=114132&scans_id=110198&peptide_id=27710&scanf=35609&charge=3&value=18/108,sp|P21333|FLNA_HUMAN,/core/www/modules//consensus/?run_id=110202&search_id=114132&scans_id=110198&peptide_id=27710&scanf=35609&charge=3&value=sp|P21333|FLNA_HUMAN,2,/core/www/modules/match_peptides/blast_html4.php?run_id=110202&search_id=114132&scans_id=110198&peptide_id=27710&scanf=35609&charge=3&value=2,R.FGGEHVPNSPFQVTALAGDQPSVQPPLR.S,/core/www/modules/show_out/show_out_wrapper.php?run_id=110202&search_id=114132&scans_id=110198&peptide_id=27710&scanf=35609&charge=3&value=R.FGGEHVPNSPFQVTALAGDQPSVQPPLR.S,FLNA,6.322e+6,2.307,0.040,1.397,0.001
35613,2,"  2.637","  0.580",10/30,/core/www/modules//sdig/index.php?run_id=110202&search_id=114132&scans_id=110198&peptide_id=27715&scanf=35613&charge=2&value=10/30,sp|O75369|FLNB_HUMAN,/core/www/modules//consensus/?run_id=110202&search_id=114132&scans_id=110198&peptide_id=27715&scanf=35613&charge=2&value=sp|O75369|FLNB_HUMAN,2,/core/www/modules/match_peptides/blast_html4.php?run_id=110202&search_id=114132&scans_id=110198&peptide_id=27715&scanf=35613&charge=2&value=2,K.VMYTPMAPGNYLISVK.Y,/core/www/modules/show_out/show_out_wrapper.php?run_id=110202&search_id=114132&scans_id=110198&peptide_id=27715&scanf=35613&charge=2&value=K.VMYTPMAPGNYLISVK.Y,FLNB,2.115e+6,3.030,0.004,2.452,0.000
35614,3,"  4.332","  0.574",17/72,/core/www/modules//sdig/index.php?run_id=110202&search_id=114132&scans_id=110198&peptide_id=27716&scanf=35614&charge=3&value=17/72,sp|O95831|AIFM1_HUMAN,/core/www/modules//consensus/?run_id=110202&search_id=114132&scans_id=110198&peptide_id=27716&scanf=35614&charge=3&value=sp|O95831|AIFM1_HUMAN,12,/core/www/modules/match_peptides/blast_html4.php?run_id=110202&search_id=114132&scans_id=110198&peptide_id=27716&scanf=35614&charge=3&value=12,R.VLIVSEDPELPYMRPPLSK.E,/core/www/modules/show_out/show_out_wrapper.php?run_id=110202&search_id=114132&scans_id=110198&peptide_id=27716&scanf=35614&charge=3&value=R.VLIVSEDPELPYMRPPLSK.E,AIFM1,1.444e+6,3.151,0.002,2.632,0.000
35616,2,"  2.986","  0.469",14/18,/core/www/modules//sdig/index.php?run_id=110202&search_id=114132&scans_id=110198&peptide_id=27717&scanf=35616&charge=2&value=14/18,sp|P08670|VIME_HUMAN,/core/www/modules//consensus/?run_id=110202&search_id=114132&scans_id=110198&peptide_id=27717&scanf=35616&charge=2&value=sp|P08670|VIME_HUMAN,2,/core/www/modules/match_peptides/blast_html4.php?run_id=110202&search_id=114132&scans_id=110198&peptide_id=27717&scanf=35616&charge=2&value=2,K.ILLAELEQLK.G,/core/www/modules/show_out/show_out_wrapper.php?run_id=110202&search_id=114132&scans_id=110198&peptide_id=27717&scanf=35616&charge=2&value=K.ILLAELEQLK.G,VIM,2.375e+9,3.906,0.000,3.750,0.000
35617,3,"  3.576","  0.449",14/68,/core/www/modules//sdig/index.php?run_id=110202&search_id=114132&scans_id=110198&peptide_id=27718&scanf=35617&charge=3&value=14/68,sp|P35251|RFC1_HUMAN,/core/www/modules//consensus/?run_id=110202&search_id=114132&scans_id=110198&peptide_id=27718&scanf=35617&charge=3&value=sp|P35251|RFC1_HUMAN,0,/core/www/modules/match_peptides/blast_html4.php?run_id=110202&search_id=114132&scans_id=110198&peptide_id=27718&scanf=35617&charge=3&value=0,K.IPPPAMNEIILGANQDIR.Q,/core/www/modules/show_out/show_out_wrapper.php?run_id=110202&search_id=114132&scans_id=110198&peptide_id=27718&scanf=35617&charge=3&value=K.IPPPAMNEIILGANQDIR.Q,RFC1,1.622e+7,2.763,0.009,2.058,0.000
35618,3,"  7.005","  0.641",23/96,/core/www/modules//sdig/index.php?run_id=110202&search_id=114132&scans_id=110198&peptide_id=27719&scanf=35618&charge=3&value=23/96,sp|Q12888|TP53B_HUMAN,/core/www/modules//consensus/?run_id=110202&search_id=114132&scans_id=110198&peptide_id=27719&scanf=35618&charge=3&value=sp|Q12888|TP53B_HUMAN,1,/core/www/modules/match_peptides/blast_html4.php?run_id=110202&search_id=114132&scans_id=110198&peptide_id=27719&scanf=35618&charge=3&value=1,R.SKLPDGPTGSSEEEEEFLEIPPFNK.Q,/core/www/modules/show_out/show_out_wrapper.php?run_id=110202&search_id=114132&scans_id=110198&peptide_id=27719&scanf=35618&charge=3&value=R.SKLPDGPTGSSEEEEEFLEIPPFNK.Q,TP53BP1,1.775e+6,3.045,0.003,2.475,0.000
35620,3,"  2.313","  0.363",13/68,/core/www/modules//sdig/index.php?run_id=110202&search_id=114132&scans_id=110198&peptide_id=27722&scanf=35620&charge=3&value=13/68,sp|Q15554|TERF2_HUMAN,/core/www/modules//consensus/?run_id=110202&search_id=114132&scans_id=110198&peptide_id=27722&scanf=35620&charge=3&value=sp|Q15554|TERF2_HUMAN,2,/core/www/modules/match_peptides/blast_html4.php?run_id=110202&search_id=114132&scans_id=110198&peptide_id=27722&scanf=35620&charge=3&value=2,R.FLESHLDDAEPYLLTMAK.K,/core/www/modules/show_out/show_out_wrapper.php?run_id=110202&search_id=114132&scans_id=110198&peptide_id=27722&scanf=35620&charge=3&value=R.FLESHLDDAEPYLLTMAK.K,TERF2,1.999e+6,2.381,0.031,1.502,0.001
35622,3,"  2.424","  0.365",13/56,/core/www/modules//sdig/index.php?run_id=110202&search_id=114132&scans_id=110198&peptide_id=27724&scanf=35622&charge=3&value=13/56,sp|Q9NW13|RBM28_HUMAN,/core/www/modules//consensus/?run_id=110202&search_id=114132&scans_id=110198&peptide_id=27724&scanf=35622&charge=3&value=sp|Q9NW13|RBM28_HUMAN,2,/core/www/modules/match_peptides/blast_html4.php?run_id=110202&search_id=114132&scans_id=110198&peptide_id=27724&scanf=35622&charge=3&value=2,R.SEQLEELFSQVGPVK.Q,/core/www/modules/show_out/show_out_wrapper.php?run_id=110202&search_id=114132&scans_id=110198&peptide_id=27724&scanf=35622&charge=3&value=R.SEQLEELFSQVGPVK.Q,RBM28,3.444e+7,2.566,0.017,1.770,0.000
35623,3,"  2.833","  0.430",12/56,/core/www/modules//sdig/index.php?run_id=110202&search_id=114132&scans_id=110198&peptide_id=27725&scanf=35623&charge=3&value=12/56,sp|P30043|BLVRB_HUMAN,/core/www/modules//consensus/?run_id=110202&search_id=114132&scans_id=110198&peptide_id=27725&scanf=35623&charge=3&value=sp|P30043|BLVRB_HUMAN,4,/core/www/modules/match_peptides/blast_html4.php?run_id=110202&search_id=114132&scans_id=110198&peptide_id=27725&scanf=35623&charge=3&value=4,K.TVAGQDAVIVLLGTR.N,/core/www/modules/show_out/show_out_wrapper.php?run_id=110202&search_id=114132&scans_id=110198&peptide_id=27725&scanf=35623&charge=3&value=K.TVAGQDAVIVLLGTR.N,BLVRB,2.577e+6,2.738,0.010,2.022,0.000
35624,3,"  4.918","  0.604",19/76,/core/www/modules//sdig/index.php?run_id=110202&search_id=114132&scans_id=110198&peptide_id=27726&scanf=35624&charge=3&value=19/76,sp|Q92616|GCN1_HUMAN,/core/www/modules//consensus/?run_id=110202&search_id=114132&scans_id=110198&peptide_id=27726&scanf=35624&charge=3&value=sp|Q92616|GCN1_HUMAN,0,/core/www/modules/match_peptides/blast_html4.php?run_id=110202&search_id=114132&scans_id=110198&peptide_id=27726&scanf=35624&charge=3&value=0,R.LTSADALRPSVVSITGPLIR.I,/core/www/modules/show_out/show_out_wrapper.php?run_id=110202&search_id=114132&scans_id=110198&peptide_id=27726&scanf=35624&charge=3&value=R.LTSADALRPSVVSITGPLIR.I,GCN1,1.376e+7,3.510,0.001,3.163,0.000
35630,2,"  1.877","  0.512",8/14,/core/www/modules//sdig/index.php?run_id=110202&search_id=114132&scans_id=110198&peptide_id=27733&scanf=35630&charge=2&value=8/14,sp|Q99729|ROAA_HUMAN,/core/www/modules//consensus/?run_id=110202&search_id=114132&scans_id=110198&peptide_id=27733&scanf=35630&charge=2&value=sp|Q99729|ROAA_HUMAN,3,/core/www/modules/match_peptides/blast_html4.php?run_id=110202&search_id=114132&scans_id=110198&peptide_id=27733&scanf=35630&charge=2&value=3,R.GFVFITFK.E,/core/www/modules/show_out/show_out_wrapper.php?run_id=110202&search_id=114132&scans_id=110198&peptide_id=27733&scanf=35630&charge=2&value=R.GFVFITFK.E,HNRNPAB,1.636e+7,3.314,0.001,2.873,0.000
35632,2,"  3.167","  0.556",13/28,/core/www/modules//sdig/index.php?run_id=110202&search_id=114132&scans_id=110198&peptide_id=27735&scanf=35632&charge=2&value=13/28,sp|Q96DH6|MSI2H_HUMAN,/core/www/modules//consensus/?run_id=110202&search_id=114132&scans_id=110198&peptide_id=27735&scanf=35632&charge=2&value=sp|Q96DH6|MSI2H_HUMAN,6,/core/www/modules/match_peptides/blast_html4.php?run_id=110202&search_id=114132&scans_id=110198&peptide_id=27735&scanf=35632&charge=2&value=6,R.GFGFVTFADPASVDK.V,/core/www/modules/show_out/show_out_wrapper.php?run_id=110202&search_id=114132&scans_id=110198&peptide_id=27735&scanf=35632&charge=2&value=R.GFGFVTFADPASVDK.V,MSI2,7.481e+6,3.056,0.003,2.491,0.000
35633,3,"  2.256","  0.261",11/64,/core/www/modules//sdig/index.php?run_id=110202&search_id=114132&scans_id=110198&peptide_id=27736&scanf=35633&charge=3&value=11/64,sp|Q9Y5B0|CTDP1_HUMAN,/core/www/modules//consensus/?run_id=110202&search_id=114132&scans_id=110198&peptide_id=27736&scanf=35633&charge=3&value=sp|Q9Y5B0|CTDP1_HUMAN,4,/core/www/modules/match_peptides/blast_html4.php?run_id=110202&search_id=114132&scans_id=110198&peptide_id=27736&scanf=35633&charge=3&value=4,R.EGVPPTALFHPMPVLPK.A,/core/www/modules/show_out/show_out_wrapper.php?run_id=110202&search_id=114132&scans_id=110198&peptide_id=27736&scanf=35633&charge=3&value=R.EGVPPTALFHPMPVLPK.A,CTDP1,1.468e+6,1.935,0.130,0.887,0.006
35634,3,"  5.314","  0.569",20/84,/core/www/modules//sdig/index.php?run_id=110202&search_id=114132&scans_id=110198&peptide_id=27737&scanf=35634&charge=3&value=20/84,sp|P22314|UBA1_HUMAN,/core/www/modules//consensus/?run_id=110202&search_id=114132&scans_id=110198&peptide_id=27737&scanf=35634&charge=3&value=sp|P22314|UBA1_HUMAN,5,/core/www/modules/match_peptides/blast_html4.php?run_id=110202&search_id=114132&scans_id=110198&peptide_id=27737&scanf=35634&charge=3&value=5,K.AVTLHDQGTAQWADLSSQFYLR.E,/core/www/modules/show_out/show_out_wrapper.php?run_id=110202&search_id=114132&scans_id=110198&peptide_id=27737&scanf=35634&charge=3&value=K.AVTLHDQGTAQWADLSSQFYLR.E,UBA1,2.436e+6,3.186,0.002,2.682,0.000
35638,2,"  1.767","  0.190",10/16,/core/www/modules//sdig/index.php?run_id=110202&search_id=114132&scans_id=110198&peptide_id=27740&scanf=35638&charge=2&value=10/16,sp|O60814|H2B1K_HUMAN,/core/www/modules//consensus/?run_id=110202&search_id=114132&scans_id=110198&peptide_id=27740&scanf=35638&charge=2&value=sp|O60814|H2B1K_HUMAN,16,/core/www/modules/match_peptides/blast_html4.php?run_id=110202&search_id=114132&scans_id=110198&peptide_id=27740&scanf=35638&charge=2&value=16,R.LLLPGELAK.H,/core/www/modules/show_out/show_out_wrapper.php?run_id=110202&search_id=114132&scans_id=110198&peptide_id=27740&scanf=35638&charge=2&value=R.LLLPGELAK.H,H2BC12,4.487e+9,2.466,0.024,1.625,0.001
35640,3,"  2.831","  0.454",16/48,/core/www/modules//sdig/index.php?run_id=110202&search_id=114132&scans_id=110198&peptide_id=27743&scanf=35640&charge=3&value=16/48,sp|Q9NSD9|SYFB_HUMAN,/core/www/modules//consensus/?run_id=110202&search_id=114132&scans_id=110198&peptide_id=27743&scanf=35640&charge=3&value=sp|Q9NSD9|SYFB_HUMAN,0,/core/www/modules/match_peptides/blast_html4.php?run_id=110202&search_id=114132&scans_id=110198&peptide_id=27743&scanf=35640&charge=3&value=0,K.NPGFEIIHGLLDR.I,/core/www/modules/show_out/show_out_wrapper.php?run_id=110202&search_id=114132&scans_id=110198&peptide_id=27743&scanf=35640&charge=3&value=K.NPGFEIIHGLLDR.I,FARSB,4.889e+6,3.071,0.003,2.513,0.000
35644,3,"  5.543","  0.618",18/84,/core/www/modules//sdig/index.php?run_id=110202&search_id=114132&scans_id=110198&peptide_id=27747&scanf=35644&charge=3&value=18/84,sp|P14618|KPYM_HUMAN,/core/www/modules//consensus/?run_id=110202&search_id=114132&scans_id=110198&peptide_id=27747&scanf=35644&charge=3&value=sp|P14618|KPYM_HUMAN,2,/core/www/modules/match_peptides/blast_html4.php?run_id=110202&search_id=114132&scans_id=110198&peptide_id=27747&scanf=35644&charge=3&value=2,R.LAPITSDPTEATAVGAVEASFK.C,/core/www/modules/show_out/show_out_wrapper.php?run_id=110202&search_id=114132&scans_id=110198&peptide_id=27747&scanf=35644&charge=3&value=R.LAPITSDPTEATAVGAVEASFK.C,PKM,1.409e+7,3.229,0.002,2.746,0.000
35646,2,"  1.827","  0.257",7/14,/core/www/modules//sdig/index.php?run_id=110202&search_id=114132&scans_id=110198&peptide_id=27749&scanf=35646&charge=2&value=7/14,sp|P62805|H4_HUMAN,/core/www/modules//consensus/?run_id=110202&search_id=114132&scans_id=110198&peptide_id=27749&scanf=35646&charge=2&value=sp|P62805|H4_HUMAN,0,/core/www/modules/match_peptides/blast_html4.php?run_id=110202&search_id=114132&scans_id=110198&peptide_id=27749&scanf=35646&charge=2&value=0,K.VFLENVIR.D,/core/www/modules/show_out/show_out_wrapper.php?run_id=110202&search_id=114132&scans_id=110198&peptide_id=27749&scanf=35646&charge=2&value=K.VFLENVIR.D,H4C16,2.505e+6,2.323,0.038,1.419,0.001
35648,2,"  3.153","  0.524",13/24,/core/www/modules//sdig/index.php?run_id=110202&search_id=114132&scans_id=110198&peptide_id=27751&scanf=35648&charge=2&value=13/24,sp|Q9NU22|MDN1_HUMAN,/core/www/modules//consensus/?run_id=110202&search_id=114132&scans_id=110198&peptide_id=27751&scanf=35648&charge=2&value=sp|Q9NU22|MDN1_HUMAN,0,/core/www/modules/match_peptides/blast_html4.php?run_id=110202&search_id=114132&scans_id=110198&peptide_id=27751&scanf=35648&charge=2&value=0,R.ANILEDVSLDELK.N,/core/www/modules/show_out/show_out_wrapper.php?run_id=110202&search_id=114132&scans_id=110198&peptide_id=27751&scanf=35648&charge=2&value=R.ANILEDVSLDELK.N,MDN1,9.341e+6,3.406,0.001,3.009,0.000
35649,2,"  3.001","  0.508",10/20,/core/www/modules//sdig/index.php?run_id=110202&search_id=114132&scans_id=110198&peptide_id=27752&scanf=35649&charge=2&value=10/20,sp|P40939|ECHA_HUMAN,/core/www/modules//consensus/?run_id=110202&search_id=114132&scans_id=110198&peptide_id=27752&scanf=35649&charge=2&value=sp|P40939|ECHA_HUMAN,2,/core/www/modules/match_peptides/blast_html4.php?run_id=110202&search_id=114132&scans_id=110198&peptide_id=27752&scanf=35649&charge=2&value=2,K.MQLLEIITTEK.T,/core/www/modules/show_out/show_out_wrapper.php?run_id=110202&search_id=114132&scans_id=110198&peptide_id=27752&scanf=35649&charge=2&value=K.MQLLEIITTEK.T,HADHA,1.398e+7,3.158,0.002,2.642,0.000
35650,2,"  4.451","  0.660",16/28,/core/www/modules//sdig/index.php?run_id=110202&search_id=114132&scans_id=110198&peptide_id=27754&scanf=35650&charge=2&value=16/28,sp|Q9NW13|RBM28_HUMAN,/core/www/modules//consensus/?run_id=110202&search_id=114132&scans_id=110198&peptide_id=27754&scanf=35650&charge=2&value=sp|Q9NW13|RBM28_HUMAN,2,/core/www/modules/match_peptides/blast_html4.php?run_id=110202&search_id=114132&scans_id=110198&peptide_id=27754&scanf=35650&charge=2&value=2,R.SEQLEELFSQVGPVK.Q,/core/www/modules/show_out/show_out_wrapper.php?run_id=110202&search_id=114132&scans_id=110198&peptide_id=27754&scanf=35650&charge=2&value=R.SEQLEELFSQVGPVK.Q,RBM28,9.966e+6,3.694,0.000,3.436,0.000
35651,2,"  4.016","  0.630",14/26,/core/www/modules//sdig/index.php?run_id=110202&search_id=114132&scans_id=110198&peptide_id=27755&scanf=35651&charge=2&value=14/26,sp|P35579|MYH9_HUMAN,/core/www/modules//consensus/?run_id=110202&search_id=114132&scans_id=110198&peptide_id=27755&scanf=35651&charge=2&value=sp|P35579|MYH9_HUMAN,4,/core/www/modules/match_peptides/blast_html4.php?run_id=110202&search_id=114132&scans_id=110198&peptide_id=27755&scanf=35651&charge=2&value=4,K.NLPIYSEEIVEMYK.G,/core/www/modules/show_out/show_out_wrapper.php?run_id=110202&search_id=114132&scans_id=110198&peptide_id=27755&scanf=35651&charge=2&value=K.NLPIYSEEIVEMYK.G,MYH9,4.409e+6,3.507,0.001,3.159,0.000
35652,3,"  4.489","  0.672",18/96,/core/www/modules//sdig/index.php?run_id=110202&search_id=114132&scans_id=110198&peptide_id=27756&scanf=35652&charge=3&value=18/96,sp|O60716|CTND1_HUMAN,/core/www/modules//consensus/?run_id=110202&search_id=114132&scans_id=110198&peptide_id=27756&scanf=35652&charge=3&value=sp|O60716|CTND1_HUMAN,4,/core/www/modules/match_peptides/blast_html4.php?run_id=110202&search_id=114132&scans_id=110198&peptide_id=27756&scanf=35652&charge=3&value=4,R.SYEDMIGEEVPSDQYYWAPLAQHER.G,/core/www/modules/show_out/show_out_wrapper.php?run_id=110202&search_id=114132&scans_id=110198&peptide_id=27756&scanf=35652&charge=3&value=R.SYEDMIGEEVPSDQYYWAPLAQHER.G,CTNND1,1.046e+6,3.291,0.001,2.838,0.000
35653,2,"  2.651","  0.349",10/26,/core/www/modules//sdig/index.php?run_id=110202&search_id=114132&scans_id=110198&peptide_id=27757&scanf=35653&charge=2&value=10/26,sp|Q13813|SPTN1_HUMAN,/core/www/modules//consensus/?run_id=110202&search_id=114132&scans_id=110198&peptide_id=27757&scanf=35653&charge=2&value=sp|Q13813|SPTN1_HUMAN,2,/core/www/modules/match_peptides/blast_html4.php?run_id=110202&search_id=114132&scans_id=110198&peptide_id=27757&scanf=35653&charge=2&value=2,R.AQLADSFHLQQFFR.D,/core/www/modules/show_out/show_out_wrapper.php?run_id=110202&search_id=114132&scans_id=110198&peptide_id=27757&scanf=35653&charge=2&value=R.AQLADSFHLQQFFR.D,SPTAN1,1.599e+7,2.354,0.034,1.464,0.001
35654,3,"  8.265","  0.773",34/108,/core/www/modules//sdig/index.php?run_id=110202&search_id=114132&scans_id=110198&peptide_id=27758&scanf=35654&charge=3&value=34/108,sp|P06748|NPM_HUMAN,/core/www/modules//consensus/?run_id=110202&search_id=114132&scans_id=110198&peptide_id=27758&scanf=35654&charge=3&value=sp|P06748|NPM_HUMAN,8,/core/www/modules/match_peptides/blast_html4.php?run_id=110202&search_id=114132&scans_id=110198&peptide_id=27758&scanf=35654&charge=3&value=8,R.TVSLGAGAKDELHIVEAEAMNYEGSPIK.V,/core/www/modules/show_out/show_out_wrapper.php?run_id=110202&search_id=114132&scans_id=110198&peptide_id=27758&scanf=35654&charge=3&value=R.TVSLGAGAKDELHIVEAEAMNYEGSPIK.V,NPM1,6.106e+6,3.647,0.000,3.366,0.000
35658,2,"  4.465","  0.647",18/30,/core/www/modules//sdig/index.php?run_id=110202&search_id=114132&scans_id=110198&peptide_id=27761&scanf=35658&charge=2&value=18/30,sp|P07910|HNRPC_HUMAN,/core/www/modules//consensus/?run_id=110202&search_id=114132&scans_id=110198&peptide_id=27761&scanf=35658&charge=2&value=sp|P07910|HNRPC_HUMAN,11,/core/www/modules/match_peptides/blast_html4.php?run_id=110202&search_id=114132&scans_id=110198&peptide_id=27761&scanf=35658&charge=2&value=11,R.MIAGQVLDINLAAEPK.V,/core/www/modules/show_out/show_out_wrapper.php?run_id=110202&search_id=114132&scans_id=110198&peptide_id=27761&scanf=35658&charge=2&value=R.MIAGQVLDINLAAEPK.V,HNRNPC,6.883e+7,3.664,0.000,3.392,0.000
35659,2,"  5.588","  0.697",23/34,/core/www/modules//sdig/index.php?run_id=110202&search_id=114132&scans_id=110198&peptide_id=27762&scanf=35659&charge=2&value=23/34,sp|P41252|SYIC_HUMAN,/core/www/modules//consensus/?run_id=110202&search_id=114132&scans_id=110198&peptide_id=27762&scanf=35659&charge=2&value=sp|P41252|SYIC_HUMAN,3,/core/www/modules/match_peptides/blast_html4.php?run_id=110202&search_id=114132&scans_id=110198&peptide_id=27762&scanf=35659&charge=2&value=3,K.LFLNETQTQEITEDIPVK.T,/core/www/modules/show_out/show_out_wrapper.php?run_id=110202&search_id=114132&scans_id=110198&peptide_id=27762&scanf=35659&charge=2&value=K.LFLNETQTQEITEDIPVK.T,IARS1,5.264e+6,3.992,0.000,3.878,0.000
35662,2,"  3.170","  0.619",14/26,/core/www/modules//sdig/index.php?run_id=110202&search_id=114132&scans_id=110198&peptide_id=27766&scanf=35662&charge=2&value=14/26,sp|P50990|TCPQ_HUMAN,/core/www/modules//consensus/?run_id=110202&search_id=114132&scans_id=110198&peptide_id=27766&scanf=35662&charge=2&value=sp|P50990|TCPQ_HUMAN,1,/core/www/modules/match_peptides/blast_html4.php?run_id=110202&search_id=114132&scans_id=110198&peptide_id=27766&scanf=35662&charge=2&value=1,K.DM*LEAGILDTYLGK.Y,/core/www/modules/show_out/show_out_wrapper.php?run_id=110202&search_id=114132&scans_id=110198&peptide_id=27766&scanf=35662&charge=2&value=K.DM*LEAGILDTYLGK.Y,CCT8,2.435e+6,3.412,0.001,3.018,0.000
35664,2,"  3.758","  0.502",18/32,/core/www/modules//sdig/index.php?run_id=110202&search_id=114132&scans_id=110198&peptide_id=27768&scanf=35664&charge=2&value=18/32,sp|P55209|NP1L1_HUMAN,/core/www/modules//consensus/?run_id=110202&search_id=114132&scans_id=110198&peptide_id=27768&scanf=35664&charge=2&value=sp|P55209|NP1L1_HUMAN,12,/core/www/modules/match_peptides/blast_html4.php?run_id=110202&search_id=114132&scans_id=110198&peptide_id=27768&scanf=35664&charge=2&value=12,R.LDGLVETPTGYIESLPR.V,/core/www/modules/show_out/show_out_wrapper.php?run_id=110202&search_id=114132&scans_id=110198&peptide_id=27768&scanf=35664&charge=2&value=R.LDGLVETPTGYIESLPR.V,NAP1L1,8.210e+6,2.943,0.005,2.323,0.000
35667,2,"  2.458","  0.348",11/24,/core/www/modules//sdig/index.php?run_id=110202&search_id=114132&scans_id=110198&peptide_id=27771&scanf=35667&charge=2&value=11/24,sp|Q8WUM0|NU133_HUMAN,/core/www/modules//consensus/?run_id=110202&search_id=114132&scans_id=110198&peptide_id=27771&scanf=35667&charge=2&value=sp|Q8WUM0|NU133_HUMAN,0,/core/www/modules/match_peptides/blast_html4.php?run_id=110202&search_id=114132&scans_id=110198&peptide_id=27771&scanf=35667&charge=2&value=0,K.DGIQLSEYLPEVK.D,/core/www/modules/show_out/show_out_wrapper.php?run_id=110202&search_id=114132&scans_id=110198&peptide_id=27771&scanf=35667&charge=2&value=K.DGIQLSEYLPEVK.D,NUP133,1.981e+6,2.381,0.031,1.503,0.001
35668,3,"  6.983","  0.787",35/120,/core/www/modules//sdig/index.php?run_id=110202&search_id=114132&scans_id=110198&peptide_id=27772&scanf=35668&charge=3&value=35/120,sp|Q08211|DHX9_HUMAN,/core/www/modules//consensus/?run_id=110202&search_id=114132&scans_id=110198&peptide_id=27772&scanf=35668&charge=3&value=sp|Q08211|DHX9_HUMAN,0,/core/www/modules/match_peptides/blast_html4.php?run_id=110202&search_id=114132&scans_id=110198&peptide_id=27772&scanf=35668&charge=3&value=0,R.KEEQEVQATLESEEVDLNAGLHGNWTLENAK.A,/core/www/modules/show_out/show_out_wrapper.php?run_id=110202&search_id=114132&scans_id=110198&peptide_id=27772&scanf=35668&charge=3&value=R.KEEQEVQATLESEEVDLNAGLHGNWTLENAK.A,DHX9,1.341e+6,3.715,0.000,3.467,0.000
35669,3,"  5.651","  0.531",18/80,/core/www/modules//sdig/index.php?run_id=110202&search_id=114132&scans_id=110198&peptide_id=27773&scanf=35669&charge=3&value=18/80,sp|P51114|FXR1_HUMAN,/core/www/modules//consensus/?run_id=110202&search_id=114132&scans_id=110198&peptide_id=27773&scanf=35669&charge=3&value=sp|P51114|FXR1_HUMAN,8,/core/www/modules/match_peptides/blast_html4.php?run_id=110202&search_id=114132&scans_id=110198&peptide_id=27773&scanf=35669&charge=3&value=8,R.IFYHPETTQLMILSASEATVK.R,/core/www/modules/show_out/show_out_wrapper.php?run_id=110202&search_id=114132&scans_id=110198&peptide_id=27773&scanf=35669&charge=3&value=R.IFYHPETTQLMILSASEATVK.R,FXR1,1.328e+7,3.114,0.003,2.577,0.000
35671,3,"  3.765","  0.599",12/52,/core/www/modules//sdig/index.php?run_id=110202&search_id=114132&scans_id=110198&peptide_id=27775&scanf=35671&charge=3&value=12/52,sp|P11388|TOP2A_HUMAN,/core/www/modules//consensus/?run_id=110202&search_id=114132&scans_id=110198&peptide_id=27775&scanf=35671&charge=3&value=sp|P11388|TOP2A_HUMAN,0,/core/www/modules/match_peptides/blast_html4.php?run_id=110202&search_id=114132&scans_id=110198&peptide_id=27775&scanf=35671&charge=3&value=0,K.MQSLDKDIVALMVR.R,/core/www/modules/show_out/show_out_wrapper.php?run_id=110202&search_id=114132&scans_id=110198&peptide_id=27775&scanf=35671&charge=3&value=K.MQSLDKDIVALMVR.R,TOP2A,8.880e+6,3.342,0.001,2.914,0.000
35672,2,"  3.380","  0.626",14/30,/core/www/modules//sdig/index.php?run_id=110202&search_id=114132&scans_id=110198&peptide_id=27776&scanf=35672&charge=2&value=14/30,sp|Q9Y5X1|SNX9_HUMAN,/core/www/modules//consensus/?run_id=110202&search_id=114132&scans_id=110198&peptide_id=27776&scanf=35672&charge=2&value=sp|Q9Y5X1|SNX9_HUMAN,10,/core/www/modules/match_peptides/blast_html4.php?run_id=110202&search_id=114132&scans_id=110198&peptide_id=27776&scanf=35672&charge=2&value=10,R.GLVPTDYVEILPSDGK.D,/core/www/modules/show_out/show_out_wrapper.php?run_id=110202&search_id=114132&scans_id=110198&peptide_id=27776&scanf=35672&charge=2&value=R.GLVPTDYVEILPSDGK.D,SNX9,1.237e+6,3.327,0.001,2.893,0.000
35674,2,"  4.732","  0.783",26/42,/core/www/modules//sdig/index.php?run_id=110202&search_id=114132&scans_id=110198&peptide_id=27778&scanf=35674&charge=2&value=26/42,sp|P06396|GELS_HUMAN,/core/www/modules//consensus/?run_id=110202&search_id=114132&scans_id=110198&peptide_id=27778&scanf=35674&charge=2&value=sp|P06396|GELS_HUMAN,3,/core/www/modules/match_peptides/blast_html4.php?run_id=110202&search_id=114132&scans_id=110198&peptide_id=27778&scanf=35674&charge=2&value=3,R.AQPVQVAEGSEPDGFWEALGGK.A,/core/www/modules/show_out/show_out_wrapper.php?run_id=110202&search_id=114132&scans_id=110198&peptide_id=27778&scanf=35674&charge=2&value=R.AQPVQVAEGSEPDGFWEALGGK.A,GSN,1.472e+6,3.961,0.000,3.832,0.000
35677,3,"  2.472","  0.263",9/48,/core/www/modules//sdig/index.php?run_id=110202&search_id=114132&scans_id=110198&peptide_id=27781&scanf=35677&charge=3&value=9/48,sp|P47756|CAPZB_HUMAN,/core/www/modules//consensus/?run_id=110202&search_id=114132&scans_id=110198&peptide_id=27781&scanf=35677&charge=3&value=sp|P47756|CAPZB_HUMAN,3,/core/www/modules/match_peptides/blast_html4.php?run_id=110202&search_id=114132&scans_id=110198&peptide_id=27781&scanf=35677&charge=3&value=3,K.LTSTVMLWLQTNK.S,/core/www/modules/show_out/show_out_wrapper.php?run_id=110202&search_id=114132&scans_id=110198&peptide_id=27781&scanf=35677&charge=3&value=K.LTSTVMLWLQTNK.S,CAPZB,1.376e+6,2.032,0.097,1.015,0.005
35681,3,"  4.029","  0.552",11/56,/core/www/modules//sdig/index.php?run_id=110202&search_id=114132&scans_id=110198&peptide_id=27785&scanf=35681&charge=3&value=11/56,sp|P30043|BLVRB_HUMAN,/core/www/modules//consensus/?run_id=110202&search_id=114132&scans_id=110198&peptide_id=27785&scanf=35681&charge=3&value=sp|P30043|BLVRB_HUMAN,4,/core/www/modules/match_peptides/blast_html4.php?run_id=110202&search_id=114132&scans_id=110198&peptide_id=27785&scanf=35681&charge=3&value=4,K.TVAGQDAVIVLLGTR.N,/core/www/modules/show_out/show_out_wrapper.php?run_id=110202&search_id=114132&scans_id=110198&peptide_id=27785&scanf=35681&charge=3&value=K.TVAGQDAVIVLLGTR.N,BLVRB,2.577e+6,3.170,0.002,2.660,0.000
35686,3,"  3.750","  0.415",8/104,/core/www/modules//sdig/index.php?run_id=110202&search_id=114132&scans_id=110198&peptide_id=27790&scanf=35686&charge=3&value=8/104,sp|Q8WUZ0|BCL7C_HUMAN,/core/www/modules//consensus/?run_id=110202&search_id=114132&scans_id=110198&peptide_id=27790&scanf=35686&charge=3&value=sp|Q8WUZ0|BCL7C_HUMAN,1,/core/www/modules/match_peptides/blast_html4.php?run_id=110202&search_id=114132&scans_id=110198&peptide_id=27790&scanf=35686&charge=3&value=1,R.GGGPLILLDLNDENSNQSFHSEGSLQK.G,/core/www/modules/show_out/show_out_wrapper.php?run_id=110202&search_id=114132&scans_id=110198&peptide_id=27790&scanf=35686&charge=3&value=R.GGGPLILLDLNDENSNQSFHSEGSLQK.G,BCL7C,2.627e+6,2.137,0.070,1.158,0.002
35690,3,"  4.029","  0.511",12/68,/core/www/modules//sdig/index.php?run_id=110202&search_id=114132&scans_id=110198&peptide_id=27795&scanf=35690&charge=3&value=12/68,sp|Q14004|CDK13_HUMAN,/core/www/modules//consensus/?run_id=110202&search_id=114132&scans_id=110198&peptide_id=27795&scanf=35690&charge=3&value=sp|Q14004|CDK13_HUMAN,2,/core/www/modules/match_peptides/blast_html4.php?run_id=110202&search_id=114132&scans_id=110198&peptide_id=27795&scanf=35690&charge=3&value=2,K.KPIFQANQELAQLELISR.I,/core/www/modules/show_out/show_out_wrapper.php?run_id=110202&search_id=114132&scans_id=110198&peptide_id=27795&scanf=35690&charge=3&value=K.KPIFQANQELAQLELISR.I,CDK13,1.174e+6,2.884,0.006,2.237,0.000
35691,2,"  3.425","  0.487",11/22,/core/www/modules//sdig/index.php?run_id=110202&search_id=114132&scans_id=110198&peptide_id=27796&scanf=35691&charge=2&value=11/22,sp|O75643|U520_HUMAN,/core/www/modules//consensus/?run_id=110202&search_id=114132&scans_id=110198&peptide_id=27796&scanf=35691&charge=2&value=sp|O75643|U520_HUMAN,0,/core/www/modules/match_peptides/blast_html4.php?run_id=110202&search_id=114132&scans_id=110198&peptide_id=27796&scanf=35691&charge=2&value=0,R.EEGWWVVIGDAK.S,/core/www/modules/show_out/show_out_wrapper.php?run_id=110202&search_id=114132&scans_id=110198&peptide_id=27796&scanf=35691&charge=2&value=R.EEGWWVVIGDAK.S,SNRNP200,8.142e+6,3.218,0.002,2.730,0.000
35692,2,"  5.162","  0.634",18/30,/core/www/modules//sdig/index.php?run_id=110202&search_id=114132&scans_id=110198&peptide_id=27797&scanf=35692&charge=2&value=18/30,sp|Q9NTI5|PDS5B_HUMAN,/core/www/modules//consensus/?run_id=110202&search_id=114132&scans_id=110198&peptide_id=27797&scanf=35692&charge=2&value=sp|Q9NTI5|PDS5B_HUMAN,0,/core/www/modules/match_peptides/blast_html4.php?run_id=110202&search_id=114132&scans_id=110198&peptide_id=27797&scanf=35692&charge=2&value=0,R.IAPVHIDTESISALIK.Q,/core/www/modules/show_out/show_out_wrapper.php?run_id=110202&search_id=114132&scans_id=110198&peptide_id=27797&scanf=35692&charge=2&value=R.IAPVHIDTESISALIK.Q,PDS5B,2.796e+6,3.669,0.000,3.399,0.000
35696,2,"  2.029","  0.306",7/18,/core/www/modules//sdig/index.php?run_id=110202&search_id=114132&scans_id=110198&peptide_id=27801&scanf=35696&charge=2&value=7/18,sp|O00148|DX39A_HUMAN,/core/www/modules//consensus/?run_id=110202&search_id=114132&scans_id=110198&peptide_id=27801&scanf=35696&charge=2&value=sp|O00148|DX39A_HUMAN,5,/core/www/modules/match_peptides/blast_html4.php?run_id=110202&search_id=114132&scans_id=110198&peptide_id=27801&scanf=35696&charge=2&value=5,R.ILVATNLFGR.G,/core/www/modules/show_out/show_out_wrapper.php?run_id=110202&search_id=114132&scans_id=110198&peptide_id=27801&scanf=35696&charge=2&value=R.ILVATNLFGR.G,DDX39A,1.266e+6,2.196,0.058,1.240,0.002
35698,3,"  5.275","  0.713",25/80,/core/www/modules//sdig/index.php?run_id=110202&search_id=114132&scans_id=110198&peptide_id=27803&scanf=35698&charge=3&value=25/80,sp|P12956|XRCC6_HUMAN,/core/www/modules//consensus/?run_id=110202&search_id=114132&scans_id=110198&peptide_id=27803&scanf=35698&charge=3&value=sp|P12956|XRCC6_HUMAN,1,/core/www/modules/match_peptides/blast_html4.php?run_id=110202&search_id=114132&scans_id=110198&peptide_id=27803&scanf=35698&charge=3&value=1,R.RNIPPYFVALVPQEEELDDQK.I,/core/www/modules/show_out/show_out_wrapper.php?run_id=110202&search_id=114132&scans_id=110198&peptide_id=27803&scanf=35698&charge=3&value=R.RNIPPYFVALVPQEEELDDQK.I,XRCC6,9.190e+6,3.669,0.000,3.399,0.000
35702,3,"  5.256","  0.616",24/68,/core/www/modules//sdig/index.php?run_id=110202&search_id=114132&scans_id=110198&peptide_id=27807&scanf=35702&charge=3&value=24/68,sp|P00558|PGK1_HUMAN,/core/www/modules//consensus/?run_id=110202&search_id=114132&scans_id=110198&peptide_id=27807&scanf=35702&charge=3&value=sp|P00558|PGK1_HUMAN,0,/core/www/modules/match_peptides/blast_html4.php?run_id=110202&search_id=114132&scans_id=110198&peptide_id=27807&scanf=35702&charge=3&value=0,K.ITLPVDFVTADKFDENAK.T,/core/www/modules/show_out/show_out_wrapper.php?run_id=110202&search_id=114132&scans_id=110198&peptide_id=27807&scanf=35702&charge=3&value=K.ITLPVDFVTADKFDENAK.T,PGK1,3.564e+7,3.351,0.001,2.927,0.000
35707,3,"  3.779","  0.526",15/56,/core/www/modules//sdig/index.php?run_id=110202&search_id=114132&scans_id=110198&peptide_id=27812&scanf=35707&charge=3&value=15/56,sp|O75694|NU155_HUMAN,/core/www/modules//consensus/?run_id=110202&search_id=114132&scans_id=110198&peptide_id=27812&scanf=35707&charge=3&value=sp|O75694|NU155_HUMAN,1,/core/www/modules/match_peptides/blast_html4.php?run_id=110202&search_id=114132&scans_id=110198&peptide_id=27812&scanf=35707&charge=3&value=1,K.LLQVASPFLEPHLVR.M,/core/www/modules/show_out/show_out_wrapper.php?run_id=110202&search_id=114132&scans_id=110198&peptide_id=27812&scanf=35707&charge=3&value=K.LLQVASPFLEPHLVR.M,NUP155,6.565e+6,3.220,0.002,2.733,0.000
35708,3,"  3.922","  0.587",21/100,/core/www/modules//sdig/index.php?run_id=110202&search_id=114132&scans_id=110198&peptide_id=27813&scanf=35708&charge=3&value=21/100,sp|O94880|PHF14_HUMAN,/core/www/modules//consensus/?run_id=110202&search_id=114132&scans_id=110198&peptide_id=27813&scanf=35708&charge=3&value=sp|O94880|PHF14_HUMAN,1,/core/www/modules/match_peptides/blast_html4.php?run_id=110202&search_id=114132&scans_id=110198&peptide_id=27813&scanf=35708&charge=3&value=1,R.KAELMGISTDIFPVDNSDTSSSVDGR.R,/core/www/modules/show_out/show_out_wrapper.php?run_id=110202&search_id=114132&scans_id=110198&peptide_id=27813&scanf=35708&charge=3&value=R.KAELMGISTDIFPVDNSDTSSSVDGR.R,PHF14,2.043e+7,2.582,0.016,1.794,0.000
35711,3,"  3.682","  0.452",11/72,/core/www/modules//sdig/index.php?run_id=110202&search_id=114132&scans_id=110198&peptide_id=27817&scanf=35711&charge=3&value=11/72,sp|Q6NZY4|ZCHC8_HUMAN,/core/www/modules//consensus/?run_id=110202&search_id=114132&scans_id=110198&peptide_id=27817&scanf=35711&charge=3&value=sp|Q6NZY4|ZCHC8_HUMAN,0,/core/www/modules/match_peptides/blast_html4.php?run_id=110202&search_id=114132&scans_id=110198&peptide_id=27817&scanf=35711&charge=3&value=0,K.TSFNLLPQPSSIVLEEDHK.V,/core/www/modules/show_out/show_out_wrapper.php?run_id=110202&search_id=114132&scans_id=110198&peptide_id=27817&scanf=35711&charge=3&value=K.TSFNLLPQPSSIVLEEDHK.V,ZCCHC8,8.915e+6,2.608,0.015,1.832,0.000
35713,2,"  2.488","  0.355",10/18,/core/www/modules//sdig/index.php?run_id=110202&search_id=114132&scans_id=110198&peptide_id=27819&scanf=35713&charge=2&value=10/18,sp|Q9Y224|RTRAF_HUMAN,/core/www/modules//consensus/?run_id=110202&search_id=114132&scans_id=110198&peptide_id=27819&scanf=35713&charge=2&value=sp|Q9Y224|RTRAF_HUMAN,2,/core/www/modules/match_peptides/blast_html4.php?run_id=110202&search_id=114132&scans_id=110198&peptide_id=27819&scanf=35713&charge=2&value=2,R.NFIVWLEDQK.I,/core/www/modules/show_out/show_out_wrapper.php?run_id=110202&search_id=114132&scans_id=110198&peptide_id=27819&scanf=35713&charge=2&value=R.NFIVWLEDQK.I,RTRAF,5.096e+6,2.721,0.010,1.997,0.000
35715,3,"  3.498","  0.472",10/76,/core/www/modules//sdig/index.php?run_id=110202&search_id=114132&scans_id=110198&peptide_id=27821&scanf=35715&charge=3&value=10/76,sp|Q96T58|MINT_HUMAN,/core/www/modules//consensus/?run_id=110202&search_id=114132&scans_id=110198&peptide_id=27821&scanf=35715&charge=3&value=sp|Q96T58|MINT_HUMAN,3,/core/www/modules/match_peptides/blast_html4.php?run_id=110202&search_id=114132&scans_id=110198&peptide_id=27821&scanf=35715&charge=3&value=3,R.SVQSAAVPAPTSQLLSSLEK.D,/core/www/modules/show_out/show_out_wrapper.php?run_id=110202&search_id=114132&scans_id=110198&peptide_id=27821&scanf=35715&charge=3&value=R.SVQSAAVPAPTSQLLSSLEK.D,SPEN,1.286e+6,2.589,0.016,1.803,0.000
35718,3,"  3.333","  0.549",16/68,/core/www/modules//sdig/index.php?run_id=110202&search_id=114132&scans_id=110198&peptide_id=27824&scanf=35718&charge=3&value=16/68,sp|P10809|CH60_HUMAN,/core/www/modules//consensus/?run_id=110202&search_id=114132&scans_id=110198&peptide_id=27824&scanf=35718&charge=3&value=sp|P10809|CH60_HUMAN,7,/core/www/modules/match_peptides/blast_html4.php?run_id=110202&search_id=114132&scans_id=110198&peptide_id=27824&scanf=35718&charge=3&value=7,K.ISSIQSIVPALEIANAHR.K,/core/www/modules/show_out/show_out_wrapper.php?run_id=110202&search_id=114132&scans_id=110198&peptide_id=27824&scanf=35718&charge=3&value=K.ISSIQSIVPALEIANAHR.K,HSPD1,1.197e+8,3.096,0.003,2.550,0.000
35721,3,"  9.126","  0.785",32/108,/core/www/modules//sdig/index.php?run_id=110202&search_id=114132&scans_id=110198&peptide_id=27827&scanf=35721&charge=3&value=32/108,sp|P06748|NPM_HUMAN,/core/www/modules//consensus/?run_id=110202&search_id=114132&scans_id=110198&peptide_id=27827&scanf=35721&charge=3&value=sp|P06748|NPM_HUMAN,8,/core/www/modules/match_peptides/blast_html4.php?run_id=110202&search_id=114132&scans_id=110198&peptide_id=27827&scanf=35721&charge=3&value=8,R.TVSLGAGAKDELHIVEAEAMNYEGSPIK.V,/core/www/modules/show_out/show_out_wrapper.php?run_id=110202&search_id=114132&scans_id=110198&peptide_id=27827&scanf=35721&charge=3&value=R.TVSLGAGAKDELHIVEAEAMNYEGSPIK.V,NPM1,6.106e+6,3.715,0.000,3.467,0.000
35722,2,"  2.155","  0.243",7/22,/core/www/modules//sdig/index.php?run_id=110202&search_id=114132&scans_id=110198&peptide_id=27828&scanf=35722&charge=2&value=7/22,sp|Q9UQ80|PA2G4_HUMAN,/core/www/modules//consensus/?run_id=110202&search_id=114132&scans_id=110198&peptide_id=27828&scanf=35722&charge=2&value=sp|Q9UQ80|PA2G4_HUMAN,0,/core/www/modules/match_peptides/blast_html4.php?run_id=110202&search_id=114132&scans_id=110198&peptide_id=27828&scanf=35722&charge=2&value=0,K.FTVLLMPNGPMR.I,/core/www/modules/show_out/show_out_wrapper.php?run_id=110202&search_id=114132&scans_id=110198&peptide_id=27828&scanf=35722&charge=2&value=K.FTVLLMPNGPMR.I,PA2G4,2.387e+6,1.848,0.167,0.777,0.009
35725,3,"  6.806","  0.713",23/108,/core/www/modules//sdig/index.php?run_id=110202&search_id=114132&scans_id=110198&peptide_id=27831&scanf=35725&charge=3&value=23/108,sp|Q9GZR7|DDX24_HUMAN,/core/www/modules//consensus/?run_id=110202&search_id=114132&scans_id=110198&peptide_id=27831&scanf=35725&charge=3&value=sp|Q9GZR7|DDX24_HUMAN,3,/core/www/modules/match_peptides/blast_html4.php?run_id=110202&search_id=114132&scans_id=110198&peptide_id=27831&scanf=35725&charge=3&value=3,K.AEAESDALPDDTVIESEALPSDIAAEAR.A,/core/www/modules/show_out/show_out_wrapper.php?run_id=110202&search_id=114132&scans_id=110198&peptide_id=27831&scanf=35725&charge=3&value=K.AEAESDALPDDTVIESEALPSDIAAEAR.A,DDX24,4.086e+6,3.521,0.001,3.180,0.000
35729,3,"  6.096","  0.716",19/84,/core/www/modules//sdig/index.php?run_id=110202&search_id=114132&scans_id=110198&peptide_id=27835&scanf=35729&charge=3&value=19/84,sp|Q96GM5|SMRD1_HUMAN,/core/www/modules//consensus/?run_id=110202&search_id=114132&scans_id=110198&peptide_id=27835&scanf=35729&charge=3&value=sp|Q96GM5|SMRD1_HUMAN,1,/core/www/modules/match_peptides/blast_html4.php?run_id=110202&search_id=114132&scans_id=110198&peptide_id=27835&scanf=35729&charge=3&value=1,K.TQMNSFLLSTASQQEIATLDNK.I,/core/www/modules/show_out/show_out_wrapper.php?run_id=110202&search_id=114132&scans_id=110198&peptide_id=27835&scanf=35729&charge=3&value=K.TQMNSFLLSTASQQEIATLDNK.I,SMARCD1,1.166e+7,3.702,0.000,3.448,0.000
35730,3,"  2.502","  0.396",11/72,/core/www/modules//sdig/index.php?run_id=110202&search_id=114132&scans_id=110198&peptide_id=27837&scanf=35730&charge=3&value=11/72,sp|P35998|PRS7_HUMAN,/core/www/modules//consensus/?run_id=110202&search_id=114132&scans_id=110198&peptide_id=27837&scanf=35730&charge=3&value=sp|P35998|PRS7_HUMAN,1,/core/www/modules/match_peptides/blast_html4.php?run_id=110202&search_id=114132&scans_id=110198&peptide_id=27837&scanf=35730&charge=3&value=1,K.FVVDLSDQVAPTDIEEGMR.V,/core/www/modules/show_out/show_out_wrapper.php?run_id=110202&search_id=114132&scans_id=110198&peptide_id=27837&scanf=35730&charge=3&value=K.FVVDLSDQVAPTDIEEGMR.V,PSMC2,6.609e+6,2.210,0.055,1.259,0.002
35731,3,"  7.502","  0.726",24/100,/core/www/modules//sdig/index.php?run_id=110202&search_id=114132&scans_id=110198&peptide_id=27838&scanf=35731&charge=3&value=24/100,sp|O94880|PHF14_HUMAN,/core/www/modules//consensus/?run_id=110202&search_id=114132&scans_id=110198&peptide_id=27838&scanf=35731&charge=3&value=sp|O94880|PHF14_HUMAN,1,/core/www/modules/match_peptides/blast_html4.php?run_id=110202&search_id=114132&scans_id=110198&peptide_id=27838&scanf=35731&charge=3&value=1,R.KAELMGISTDIFPVDNSDTSSSVDGR.R,/core/www/modules/show_out/show_out_wrapper.php?run_id=110202&search_id=114132&scans_id=110198&peptide_id=27838&scanf=35731&charge=3&value=R.KAELMGISTDIFPVDNSDTSSSVDGR.R,PHF14,2.043e+7,3.283,0.001,2.827,0.000
35735,3,"  2.402","  0.312",7/56,/core/www/modules//sdig/index.php?run_id=110202&search_id=114132&scans_id=110198&peptide_id=27842&scanf=35735&charge=3&value=7/56,sp|Q9UMN6|KMT2B_HUMAN,/core/www/modules//consensus/?run_id=110202&search_id=114132&scans_id=110198&peptide_id=27842&scanf=35735&charge=3&value=sp|Q9UMN6|KMT2B_HUMAN,4,/core/www/modules/match_peptides/blast_html4.php?run_id=110202&search_id=114132&scans_id=110198&peptide_id=27842&scanf=35735&charge=3&value=4,K.LLESAFGWFDAHDPK.Y,/core/www/modules/show_out/show_out_wrapper.php?run_id=110202&search_id=114132&scans_id=110198&peptide_id=27842&scanf=35735&charge=3&value=K.LLESAFGWFDAHDPK.Y,KMT2B,1.295e+6,2.097,0.079,1.103,0.003
35742,4,"  8.253","  0.528",28/216,/core/www/modules//sdig/index.php?run_id=110202&search_id=114132&scans_id=110198&peptide_id=27849&scanf=35742&charge=4&value=28/216,sp|Q13263|TIF1B_HUMAN,/core/www/modules//consensus/?run_id=110202&search_id=114132&scans_id=110198&peptide_id=27849&scanf=35742&charge=4&value=sp|Q13263|TIF1B_HUMAN,1,/core/www/modules/match_peptides/blast_html4.php?run_id=110202&search_id=114132&scans_id=110198&peptide_id=27849&scanf=35742&charge=4&value=1,K.EEETEAAIGAPPTATEGPETKPVLMALAEGPGAEGPR.L,/core/www/modules/show_out/show_out_wrapper.php?run_id=110202&search_id=114132&scans_id=110198&peptide_id=27849&scanf=35742&charge=4&value=K.EEETEAAIGAPPTATEGPETKPVLMALAEGPGAEGPR.L,TRIM28,3.393e+6,3.023,0.004,2.442,0.000
35744,3,"  4.468","  0.563",20/92,/core/www/modules//sdig/index.php?run_id=110202&search_id=114132&scans_id=110198&peptide_id=27851&scanf=35744&charge=3&value=20/92,sp|Q92576|PHF3_HUMAN,/core/www/modules//consensus/?run_id=110202&search_id=114132&scans_id=110198&peptide_id=27851&scanf=35744&charge=3&value=sp|Q92576|PHF3_HUMAN,3,/core/www/modules/match_peptides/blast_html4.php?run_id=110202&search_id=114132&scans_id=110198&peptide_id=27851&scanf=35744&charge=3&value=3,K.AYPVSGSPEYLTEDLPDSIQVGGR.I,/core/www/modules/show_out/show_out_wrapper.php?run_id=110202&search_id=114132&scans_id=110198&peptide_id=27851&scanf=35744&charge=3&value=K.AYPVSGSPEYLTEDLPDSIQVGGR.I,PHF3,1.876e+6,2.988,0.004,2.390,0.000
35747,3,"  3.276","  0.547",16/72,/core/www/modules//sdig/index.php?run_id=110202&search_id=114132&scans_id=110198&peptide_id=27854&scanf=35747&charge=3&value=16/72,sp|Q8N8D1|PDCD7_HUMAN,/core/www/modules//consensus/?run_id=110202&search_id=114132&scans_id=110198&peptide_id=27854&scanf=35747&charge=3&value=sp|Q8N8D1|PDCD7_HUMAN,0,/core/www/modules/match_peptides/blast_html4.php?run_id=110202&search_id=114132&scans_id=110198&peptide_id=27854&scanf=35747&charge=3&value=0,R.WPEAPPPPADVLGDAALQR.L,/core/www/modules/show_out/show_out_wrapper.php?run_id=110202&search_id=114132&scans_id=110198&peptide_id=27854&scanf=35747&charge=3&value=R.WPEAPPPPADVLGDAALQR.L,PDCD7,1.937e+6,3.019,0.004,2.436,0.000
35748,2,"  2.301","  0.443",10/20,/core/www/modules//sdig/index.php?run_id=110202&search_id=114132&scans_id=110198&peptide_id=27855&scanf=35748&charge=2&value=10/20,sp|P49368|TCPG_HUMAN,/core/www/modules//consensus/?run_id=110202&search_id=114132&scans_id=110198&peptide_id=27855&scanf=35748&charge=2&value=sp|P49368|TCPG_HUMAN,1,/core/www/modules/match_peptides/blast_html4.php?run_id=110202&search_id=114132&scans_id=110198&peptide_id=27855&scanf=35748&charge=2&value=1,K.ELGIWEPLAVK.L,/core/www/modules/show_out/show_out_wrapper.php?run_id=110202&search_id=114132&scans_id=110198&peptide_id=27855&scanf=35748&charge=2&value=K.ELGIWEPLAVK.L,CCT3,3.142e+7,2.671,0.012,1.924,0.000
35749,3,"  5.565","  0.644",15/88,/core/www/modules//sdig/index.php?run_id=110202&search_id=114132&scans_id=110198&peptide_id=27856&scanf=35749&charge=3&value=15/88,sp|P27694|RFA1_HUMAN,/core/www/modules//consensus/?run_id=110202&search_id=114132&scans_id=110198&peptide_id=27856&scanf=35749&charge=3&value=sp|P27694|RFA1_HUMAN,0,/core/www/modules/match_peptides/blast_html4.php?run_id=110202&search_id=114132&scans_id=110198&peptide_id=27856&scanf=35749&charge=3&value=0,K.SENLGQGDKPDYFSSVATVVYLR.K,/core/www/modules/show_out/show_out_wrapper.php?run_id=110202&search_id=114132&scans_id=110198&peptide_id=27856&scanf=35749&charge=3&value=K.SENLGQGDKPDYFSSVATVVYLR.K,RPA1,1.444e+6,3.265,0.002,2.800,0.000
35750,2,"  2.364","  0.422",10/18,/core/www/modules//sdig/index.php?run_id=110202&search_id=114132&scans_id=110198&peptide_id=27858&scanf=35750&charge=2&value=10/18,sp|Q9BVK6|TMED9_HUMAN,/core/www/modules//consensus/?run_id=110202&search_id=114132&scans_id=110198&peptide_id=27858&scanf=35750&charge=2&value=sp|Q9BVK6|TMED9_HUMAN,0,/core/www/modules/match_peptides/blast_html4.php?run_id=110202&search_id=114132&scans_id=110198&peptide_id=27858&scanf=35750&charge=2&value=0,K.FSLFAGGMLR.V,/core/www/modules/show_out/show_out_wrapper.php?run_id=110202&search_id=114132&scans_id=110198&peptide_id=27858&scanf=35750&charge=2&value=K.FSLFAGGMLR.V,TMED9,2.193e+6,2.881,0.006,2.233,0.000
35751,2,"  2.370","  0.435",10/16,/core/www/modules//sdig/index.php?run_id=110202&search_id=114132&scans_id=110198&peptide_id=27859&scanf=35751&charge=2&value=10/16,sp|Q9Y295|DRG1_HUMAN,/core/www/modules//consensus/?run_id=110202&search_id=114132&scans_id=110198&peptide_id=27859&scanf=35751&charge=2&value=sp|Q9Y295|DRG1_HUMAN,0,/core/www/modules/match_peptides/blast_html4.php?run_id=110202&search_id=114132&scans_id=110198&peptide_id=27859&scanf=35751&charge=2&value=0,R.WNFDDLLEK.I,/core/www/modules/show_out/show_out_wrapper.php?run_id=110202&search_id=114132&scans_id=110198&peptide_id=27859&scanf=35751&charge=2&value=R.WNFDDLLEK.I,DRG1,2.234e+6,3.011,0.004,2.424,0.000
35752,2,"  6.479","  0.724",25/34,/core/www/modules//sdig/index.php?run_id=110202&search_id=114132&scans_id=110198&peptide_id=27860&scanf=35752&charge=2&value=25/34,sp|P55209|NP1L1_HUMAN,/core/www/modules//consensus/?run_id=110202&search_id=114132&scans_id=110198&peptide_id=27860&scanf=35752&charge=2&value=sp|P55209|NP1L1_HUMAN,13,/core/www/modules/match_peptides/blast_html4.php?run_id=110202&search_id=114132&scans_id=110198&peptide_id=27860&scanf=35752&charge=2&value=13,K.NVDLLSDMVQEHDEPILK.H,/core/www/modules/show_out/show_out_wrapper.php?run_id=110202&search_id=114132&scans_id=110198&peptide_id=27860&scanf=35752&charge=2&value=K.NVDLLSDMVQEHDEPILK.H,NAP1L1,1.162e+6,4.152,0.000,4.114,0.000
35754,3,"  6.917","  0.720",18/72,/core/www/modules//sdig/index.php?run_id=110202&search_id=114132&scans_id=110198&peptide_id=27862&scanf=35754&charge=3&value=18/72,sp|Q8N201|INT1_HUMAN,/core/www/modules//consensus/?run_id=110202&search_id=114132&scans_id=110198&peptide_id=27862&scanf=35754&charge=3&value=sp|Q8N201|INT1_HUMAN,0,/core/www/modules/match_peptides/blast_html4.php?run_id=110202&search_id=114132&scans_id=110198&peptide_id=27862&scanf=35754&charge=3&value=0,K.HADPLHDLSFDNSDLVMLK.S,/core/www/modules/show_out/show_out_wrapper.php?run_id=110202&search_id=114132&scans_id=110198&peptide_id=27862&scanf=35754&charge=3&value=K.HADPLHDLSFDNSDLVMLK.S,INTS1,1.293e+6,3.922,0.000,3.773,0.000
35757,2,"  2.339","  0.497",10/18,/core/www/modules//sdig/index.php?run_id=110202&search_id=114132&scans_id=110198&peptide_id=27865&scanf=35757&charge=2&value=10/18,sp|O14656|TOR1A_HUMAN,/core/www/modules//consensus/?run_id=110202&search_id=114132&scans_id=110198&peptide_id=27865&scanf=35757&charge=2&value=sp|O14656|TOR1A_HUMAN,1,/core/www/modules/match_peptides/blast_html4.php?run_id=110202&search_id=114132&scans_id=110198&peptide_id=27865&scanf=35757&charge=2&value=1,R.ITDVALDFWR.S,/core/www/modules/show_out/show_out_wrapper.php?run_id=110202&search_id=114132&scans_id=110198&peptide_id=27865&scanf=35757&charge=2&value=R.ITDVALDFWR.S,TOR1A,2.329e+6,3.163,0.002,2.649,0.000
35759,2,"  2.683","  0.417",9/24,/core/www/modules//sdig/index.php?run_id=110202&search_id=114132&scans_id=110198&peptide_id=27867&scanf=35759&charge=2&value=9/24,sp|Q9H0S4|DDX47_HUMAN,/core/www/modules//consensus/?run_id=110202&search_id=114132&scans_id=110198&peptide_id=27867&scanf=35759&charge=2&value=sp|Q9H0S4|DDX47_HUMAN,0,/core/www/modules/match_peptides/blast_html4.php?run_id=110202&search_id=114132&scans_id=110198&peptide_id=27867&scanf=35759&charge=2&value=0,K.IQIEAIPLALQGR.D,/core/www/modules/show_out/show_out_wrapper.php?run_id=110202&search_id=114132&scans_id=110198&peptide_id=27867&scanf=35759&charge=2&value=K.IQIEAIPLALQGR.D,DDX47,3.829e+7,2.599,0.015,1.818,0.000
35760,2,"  1.735","  0.301",9/18,/core/www/modules//sdig/index.php?run_id=110202&search_id=114132&scans_id=110198&peptide_id=27869&scanf=35760&charge=2&value=9/18,sp|Q96SI9|STRBP_HUMAN,/core/www/modules//consensus/?run_id=110202&search_id=114132&scans_id=110198&peptide_id=27869&scanf=35760&charge=2&value=sp|Q96SI9|STRBP_HUMAN,0,/core/www/modules/match_peptides/blast_html4.php?run_id=110202&search_id=114132&scans_id=110198&peptide_id=27869&scanf=35760&charge=2&value=0,K.AIDLMNALMR.L,/core/www/modules/show_out/show_out_wrapper.php?run_id=110202&search_id=114132&scans_id=110198&peptide_id=27869&scanf=35760&charge=2&value=K.AIDLMNALMR.L,STRBP,2.687e+7,2.376,0.032,1.495,0.001
35763,2,"  3.888","  0.711",18/26,/core/www/modules//sdig/index.php?run_id=110202&search_id=114132&scans_id=110198&peptide_id=27871&scanf=35763&charge=2&value=18/26,sp|P84103|SRSF3_HUMAN,/core/www/modules//consensus/?run_id=110202&search_id=114132&scans_id=110198&peptide_id=27871&scanf=35763&charge=2&value=sp|P84103|SRSF3_HUMAN,4,/core/www/modules/match_peptides/blast_html4.php?run_id=110202&search_id=114132&scans_id=110198&peptide_id=27871&scanf=35763&charge=2&value=4,R.NPPGFAFVEFEDPR.D,/core/www/modules/show_out/show_out_wrapper.php?run_id=110202&search_id=114132&scans_id=110198&peptide_id=27871&scanf=35763&charge=2&value=R.NPPGFAFVEFEDPR.D,SRSF3,4.354e+8,4.081,0.000,4.010,0.000
35764,2,"  4.077","  0.648",15/28,/core/www/modules//sdig/index.php?run_id=110202&search_id=114132&scans_id=110198&peptide_id=27872&scanf=35764&charge=2&value=15/28,sp|P62847|RS24_HUMAN,/core/www/modules//consensus/?run_id=110202&search_id=114132&scans_id=110198&peptide_id=27872&scanf=35764&charge=2&value=sp|P62847|RS24_HUMAN,4,/core/www/modules/match_peptides/blast_html4.php?run_id=110202&search_id=114132&scans_id=110198&peptide_id=27872&scanf=35764&charge=2&value=4,K.TTGFGMIYDSLDYAK.K,/core/www/modules/show_out/show_out_wrapper.php?run_id=110202&search_id=114132&scans_id=110198&peptide_id=27872&scanf=35764&charge=2&value=K.TTGFGMIYDSLDYAK.K,RPS24,8.191e+7,3.584,0.001,3.272,0.000
35771,3,"  2.363","  0.347",11/64,/core/www/modules//sdig/index.php?run_id=110202&search_id=114132&scans_id=110198&peptide_id=27880&scanf=35771&charge=3&value=11/64,sp|P19338|NUCL_HUMAN,/core/www/modules//consensus/?run_id=110202&search_id=114132&scans_id=110198&peptide_id=27880&scanf=35771&charge=3&value=sp|P19338|NUCL_HUMAN,8,/core/www/modules/match_peptides/blast_html4.php?run_id=110202&search_id=114132&scans_id=110198&peptide_id=27880&scanf=35771&charge=3&value=8,K.VTQDELKEVFEDAAEIR.L,/core/www/modules/show_out/show_out_wrapper.php?run_id=110202&search_id=114132&scans_id=110198&peptide_id=27880&scanf=35771&charge=3&value=K.VTQDELKEVFEDAAEIR.L,NCL,2.261e+6,2.254,0.048,1.321,0.002
35772,3,"  6.410","  0.710",23/104,/core/www/modules//sdig/index.php?run_id=110202&search_id=114132&scans_id=110198&peptide_id=27881&scanf=35772&charge=3&value=23/104,sp|Q96CM8|ACSF2_HUMAN,/core/www/modules//consensus/?run_id=110202&search_id=114132&scans_id=110198&peptide_id=27881&scanf=35772&charge=3&value=sp|Q96CM8|ACSF2_HUMAN,1,/core/www/modules/match_peptides/blast_html4.php?run_id=110202&search_id=114132&scans_id=110198&peptide_id=27881&scanf=35772&charge=3&value=1,K.DLVVAYGTTENSPVTFAHFPEDTVEQK.A,/core/www/modules/show_out/show_out_wrapper.php?run_id=110202&search_id=114132&scans_id=110198&peptide_id=27881&scanf=35772&charge=3&value=K.DLVVAYGTTENSPVTFAHFPEDTVEQK.A,ACSF2,1.804e+6,3.490,0.001,3.133,0.000
35774,2,"  2.471","  0.316",9/20,/core/www/modules//sdig/index.php?run_id=110202&search_id=114132&scans_id=110198&peptide_id=27883&scanf=35774&charge=2&value=9/20,sp|Q9BQG0|MBB1A_HUMAN,/core/www/modules//consensus/?run_id=110202&search_id=114132&scans_id=110198&peptide_id=27883&scanf=35774&charge=2&value=sp|Q9BQG0|MBB1A_HUMAN,1,/core/www/modules/match_peptides/blast_html4.php?run_id=110202&search_id=114132&scans_id=110198&peptide_id=27883&scanf=35774&charge=2&value=1,K.ALVDILSEVSK.A,/core/www/modules/show_out/show_out_wrapper.php?run_id=110202&search_id=114132&scans_id=110198&peptide_id=27883&scanf=35774&charge=2&value=K.ALVDILSEVSK.A,MYBBP1A,1.075e+7,2.556,0.018,1.755,0.000
35775,3,"  4.881","  0.611",12/108,/core/www/modules//sdig/index.php?run_id=110202&search_id=114132&scans_id=110198&peptide_id=27884&scanf=35775&charge=3&value=12/108,sp|Q02880|TOP2B_HUMAN,/core/www/modules//consensus/?run_id=110202&search_id=114132&scans_id=110198&peptide_id=27884&scanf=35775&charge=3&value=sp|Q02880|TOP2B_HUMAN,2,/core/www/modules/match_peptides/blast_html4.php?run_id=110202&search_id=114132&scans_id=110198&peptide_id=27884&scanf=35775&charge=3&value=2,K.VEFDEEFSGAPVEGAGEEALTPSVPINK.G,/core/www/modules/show_out/show_out_wrapper.php?run_id=110202&search_id=114132&scans_id=110198&peptide_id=27884&scanf=35775&charge=3&value=K.VEFDEEFSGAPVEGAGEEALTPSVPINK.G,TOP2B,3.477e+6,2.806,0.008,2.122,0.000
35776,3,"  5.524","  0.540",18/88,/core/www/modules//sdig/index.php?run_id=110202&search_id=114132&scans_id=110198&peptide_id=27885&scanf=35776&charge=3&value=18/88,sp|Q9BVI4|NOC4L_HUMAN,/core/www/modules//consensus/?run_id=110202&search_id=114132&scans_id=110198&peptide_id=27885&scanf=35776&charge=3&value=sp|Q9BVI4|NOC4L_HUMAN,0,/core/www/modules/match_peptides/blast_html4.php?run_id=110202&search_id=114132&scans_id=110198&peptide_id=27885&scanf=35776&charge=3&value=0,R.GELFVGQLPSEEMVMTGSQGATR.K,/core/www/modules/show_out/show_out_wrapper.php?run_id=110202&search_id=114132&scans_id=110198&peptide_id=27885&scanf=35776&charge=3&value=R.GELFVGQLPSEEMVMTGSQGATR.K,NOC4L,5.105e+6,3.000,0.004,2.407,0.000
35777,2,"  3.463","  0.517",14/32,/core/www/modules//sdig/index.php?run_id=110202&search_id=114132&scans_id=110198&peptide_id=27886&scanf=35777&charge=2&value=14/32,sp|Q14694|UBP10_HUMAN,/core/www/modules//consensus/?run_id=110202&search_id=114132&scans_id=110198&peptide_id=27886&scanf=35777&charge=2&value=sp|Q14694|UBP10_HUMAN,1,/core/www/modules/match_peptides/blast_html4.php?run_id=110202&search_id=114132&scans_id=110198&peptide_id=27886&scanf=35777&charge=2&value=1,R.IEFGVDEVIEPSDTLPR.T,/core/www/modules/show_out/show_out_wrapper.php?run_id=110202&search_id=114132&scans_id=110198&peptide_id=27886&scanf=35777&charge=2&value=R.IEFGVDEVIEPSDTLPR.T,USP10,2.041e+6,2.792,0.008,2.101,0.000
35784,3,"  2.792","  0.502",15/60,/core/www/modules//sdig/index.php?run_id=110202&search_id=114132&scans_id=110198&peptide_id=27893&scanf=35784&charge=3&value=15/60,sp|P07910|HNRPC_HUMAN,/core/www/modules//consensus/?run_id=110202&search_id=114132&scans_id=110198&peptide_id=27893&scanf=35784&charge=3&value=sp|P07910|HNRPC_HUMAN,11,/core/www/modules/match_peptides/blast_html4.php?run_id=110202&search_id=114132&scans_id=110198&peptide_id=27893&scanf=35784&charge=3&value=11,R.MIAGQVLDINLAAEPK.V,/core/www/modules/show_out/show_out_wrapper.php?run_id=110202&search_id=114132&scans_id=110198&peptide_id=27893&scanf=35784&charge=3&value=R.MIAGQVLDINLAAEPK.V,HNRNPC,7.591e+7,3.022,0.004,2.441,0.000
35785,2,"  2.952","  0.499",13/20,/core/www/modules//sdig/index.php?run_id=110202&search_id=114132&scans_id=110198&peptide_id=27894&scanf=35785&charge=2&value=13/20,sp|Q04637|IF4G1_HUMAN,/core/www/modules//consensus/?run_id=110202&search_id=114132&scans_id=110198&peptide_id=27894&scanf=35785&charge=2&value=sp|Q04637|IF4G1_HUMAN,9,/core/www/modules/match_peptides/blast_html4.php?run_id=110202&search_id=114132&scans_id=110198&peptide_id=27894&scanf=35785&charge=2&value=9,K.EAVGDLLDAFK.E,/core/www/modules/show_out/show_out_wrapper.php?run_id=110202&search_id=114132&scans_id=110198&peptide_id=27894&scanf=35785&charge=2&value=K.EAVGDLLDAFK.E,EIF4G1,5.466e+6,3.316,0.001,2.875,0.000
35788,2,"  3.038","  0.438",10/24,/core/www/modules//sdig/index.php?run_id=110202&search_id=114132&scans_id=110198&peptide_id=27897&scanf=35788&charge=2&value=10/24,sp|Q9C0E2|XPO4_HUMAN,/core/www/modules//consensus/?run_id=110202&search_id=114132&scans_id=110198&peptide_id=27897&scanf=35788&charge=2&value=sp|Q9C0E2|XPO4_HUMAN,0,/core/www/modules/match_peptides/blast_html4.php?run_id=110202&search_id=114132&scans_id=110198&peptide_id=27897&scanf=35788&charge=2&value=0,K.EFIDFSDTDEVFR.G,/core/www/modules/show_out/show_out_wrapper.php?run_id=110202&search_id=114132&scans_id=110198&peptide_id=27897&scanf=35788&charge=2&value=K.EFIDFSDTDEVFR.G,XPO4,2.229e+6,2.658,0.012,1.904,0.000
35793,2,"  4.103","  0.499",16/30,/core/www/modules//sdig/index.php?run_id=110202&search_id=114132&scans_id=110198&peptide_id=27903&scanf=35793&charge=2&value=16/30,sp|Q5UIP0|RIF1_HUMAN,/core/www/modules//consensus/?run_id=110202&search_id=114132&scans_id=110198&peptide_id=27903&scanf=35793&charge=2&value=sp|Q5UIP0|RIF1_HUMAN,1,/core/www/modules/match_peptides/blast_html4.php?run_id=110202&search_id=114132&scans_id=110198&peptide_id=27903&scanf=35793&charge=2&value=1,K.ITSELSEANALELLSK.L,/core/www/modules/show_out/show_out_wrapper.php?run_id=110202&search_id=114132&scans_id=110198&peptide_id=27903&scanf=35793&charge=2&value=K.ITSELSEANALELLSK.L,RIF1,7.267e+6,2.997,0.004,2.404,0.000
35800,3,"  2.053","  0.339",9/40,/core/www/modules//sdig/index.php?run_id=110202&search_id=114132&scans_id=110198&peptide_id=27911&scanf=35800&charge=3&value=9/40,sp|P05455|LA_HUMAN,/core/www/modules//consensus/?run_id=110202&search_id=114132&scans_id=110198&peptide_id=27911&scanf=35800&charge=3&value=sp|P05455|LA_HUMAN,0,/core/www/modules/match_peptides/blast_html4.php?run_id=110202&search_id=114132&scans_id=110198&peptide_id=27911&scanf=35800&charge=3&value=0,K.YKETDLLILFK.D,/core/www/modules/show_out/show_out_wrapper.php?run_id=110202&search_id=114132&scans_id=110198&peptide_id=27911&scanf=35800&charge=3&value=K.YKETDLLILFK.D,SSB,6.310e+6,2.329,0.037,1.428,0.001
35803,3,"  2.635","  0.456",12/64,/core/www/modules//sdig/index.php?run_id=110202&search_id=114132&scans_id=110198&peptide_id=27914&scanf=35803&charge=3&value=12/64,sp|Q8IY17|PLPL6_HUMAN,/core/www/modules//consensus/?run_id=110202&search_id=114132&scans_id=110198&peptide_id=27914&scanf=35803&charge=3&value=sp|Q8IY17|PLPL6_HUMAN,2,/core/www/modules/match_peptides/blast_html4.php?run_id=110202&search_id=114132&scans_id=110198&peptide_id=27914&scanf=35803&charge=3&value=2,R.VLTGNTIALVLGGGGAR.G,/core/www/modules/show_out/show_out_wrapper.php?run_id=110202&search_id=114132&scans_id=110198&peptide_id=27914&scanf=35803&charge=3&value=R.VLTGNTIALVLGGGGAR.G,PNPLA6,9.701e+5,2.727,0.010,2.005,0.000
35805,2,"  2.154","  0.514",8/14,/core/www/modules//sdig/index.php?run_id=110202&search_id=114132&scans_id=110198&peptide_id=27915&scanf=35805&charge=2&value=8/14,sp|Q99729|ROAA_HUMAN,/core/www/modules//consensus/?run_id=110202&search_id=114132&scans_id=110198&peptide_id=27915&scanf=35805&charge=2&value=sp|Q99729|ROAA_HUMAN,3,/core/www/modules/match_peptides/blast_html4.php?run_id=110202&search_id=114132&scans_id=110198&peptide_id=27915&scanf=35805&charge=2&value=3,R.GFVFITFK.E,/core/www/modules/show_out/show_out_wrapper.php?run_id=110202&search_id=114132&scans_id=110198&peptide_id=27915&scanf=35805&charge=2&value=R.GFVFITFK.E,HNRNPAB,1.636e+7,3.309,0.001,2.865,0.000
35806,3,"  5.949","  0.552",19/72,/core/www/modules//sdig/index.php?run_id=110202&search_id=114132&scans_id=110198&peptide_id=27916&scanf=35806&charge=3&value=19/72,sp|Q8N1G4|LRC47_HUMAN,/core/www/modules//consensus/?run_id=110202&search_id=114132&scans_id=110198&peptide_id=27916&scanf=35806&charge=3&value=sp|Q8N1G4|LRC47_HUMAN,0,/core/www/modules/match_peptides/blast_html4.php?run_id=110202&search_id=114132&scans_id=110198&peptide_id=27916&scanf=35806&charge=3&value=0,R.APGPGLAQGLPQLHSLVLR.R,/core/www/modules/show_out/show_out_wrapper.php?run_id=110202&search_id=114132&scans_id=110198&peptide_id=27916&scanf=35806&charge=3&value=R.APGPGLAQGLPQLHSLVLR.R,LRRC47,6.154e+6,3.286,0.001,2.831,0.000
35807,3,"  5.233","  0.522",20/80,/core/www/modules//sdig/index.php?run_id=110202&search_id=114132&scans_id=110198&peptide_id=27917&scanf=35807&charge=3&value=20/80,sp|Q13813|SPTN1_HUMAN,/core/www/modules//consensus/?run_id=110202&search_id=114132&scans_id=110198&peptide_id=27917&scanf=35807&charge=3&value=sp|Q13813|SPTN1_HUMAN,2,/core/www/modules/match_peptides/blast_html4.php?run_id=110202&search_id=114132&scans_id=110198&peptide_id=27917&scanf=35807&charge=3&value=2,R.EAFLNTEDKGDSLDSVEALIK.K,/core/www/modules/show_out/show_out_wrapper.php?run_id=110202&search_id=114132&scans_id=110198&peptide_id=27917&scanf=35807&charge=3&value=R.EAFLNTEDKGDSLDSVEALIK.K,SPTAN1,9.699e+6,2.937,0.005,2.314,0.000
35810,2,"  5.390","  0.712",18/30,/core/www/modules//sdig/index.php?run_id=110202&search_id=114132&scans_id=110198&peptide_id=27921&scanf=35810&charge=2&value=18/30,sp|P09382|LEG1_HUMAN,/core/www/modules//consensus/?run_id=110202&search_id=114132&scans_id=110198&peptide_id=27921&scanf=35810&charge=2&value=sp|P09382|LEG1_HUMAN,0,/core/www/modules/match_peptides/blast_html4.php?run_id=110202&search_id=114132&scans_id=110198&peptide_id=27921&scanf=35810&charge=2&value=0,R.LNLEAINYMAADGDFK.I,/core/www/modules/show_out/show_out_wrapper.php?run_id=110202&search_id=114132&scans_id=110198&peptide_id=27921&scanf=35810&charge=2&value=R.LNLEAINYMAADGDFK.I,LGALS1,8.122e+7,3.953,0.000,3.820,0.000
35812,3,"  4.148","  0.580",16/52,/core/www/modules//sdig/index.php?run_id=110202&search_id=114132&scans_id=110198&peptide_id=27923&scanf=35812&charge=3&value=16/52,sp|P46939|UTRN_HUMAN,/core/www/modules//consensus/?run_id=110202&search_id=114132&scans_id=110198&peptide_id=27923&scanf=35812&charge=3&value=sp|P46939|UTRN_HUMAN,2,/core/www/modules/match_peptides/blast_html4.php?run_id=110202&search_id=114132&scans_id=110198&peptide_id=27923&scanf=35812&charge=3&value=2,R.QLGLLLHDAIQIPR.Q,/core/www/modules/show_out/show_out_wrapper.php?run_id=110202&search_id=114132&scans_id=110198&peptide_id=27923&scanf=35812&charge=3&value=R.QLGLLLHDAIQIPR.Q,UTRN,3.562e+6,3.599,0.001,3.295,0.000
35820,3,"  2.886","  0.468",13/52,/core/www/modules//sdig/index.php?run_id=110202&search_id=114132&scans_id=110198&peptide_id=27932&scanf=35820&charge=3&value=13/52,sp|P18583|SON_HUMAN,/core/www/modules//consensus/?run_id=110202&search_id=114132&scans_id=110198&peptide_id=27932&scanf=35820&charge=3&value=sp|P18583|SON_HUMAN,2,/core/www/modules/match_peptides/blast_html4.php?run_id=110202&search_id=114132&scans_id=110198&peptide_id=27932&scanf=35820&charge=3&value=2,K.IEEVLSGVLDTELR.Y,/core/www/modules/show_out/show_out_wrapper.php?run_id=110202&search_id=114132&scans_id=110198&peptide_id=27932&scanf=35820&charge=3&value=K.IEEVLSGVLDTELR.Y,SON,3.932e+6,3.116,0.003,2.579,0.000
35822,3,"  4.406","  0.620",19/60,/core/www/modules//sdig/index.php?run_id=110202&search_id=114132&scans_id=110198&peptide_id=27934&scanf=35822&charge=3&value=19/60,sp|P42167|LAP2B_HUMAN,/core/www/modules//consensus/?run_id=110202&search_id=114132&scans_id=110198&peptide_id=27934&scanf=35822&charge=3&value=sp|P42167|LAP2B_HUMAN,2,/core/www/modules/match_peptides/blast_html4.php?run_id=110202&search_id=114132&scans_id=110198&peptide_id=27934&scanf=35822&charge=3&value=2,K.HASPILPITEFSDIPR.R,/core/www/modules/show_out/show_out_wrapper.php?run_id=110202&search_id=114132&scans_id=110198&peptide_id=27934&scanf=35822&charge=3&value=K.HASPILPITEFSDIPR.R,TMPO,4.503e+6,3.560,0.001,3.237,0.000
35827,2,"  3.257","  0.513",15/22,/core/www/modules//sdig/index.php?run_id=110202&search_id=114132&scans_id=110198&peptide_id=27938&scanf=35827&charge=2&value=15/22,sp|P62333|PRS10_HUMAN,/core/www/modules//consensus/?run_id=110202&search_id=114132&scans_id=110198&peptide_id=27938&scanf=35827&charge=2&value=sp|P62333|PRS10_HUMAN,3,/core/www/modules/match_peptides/blast_html4.php?run_id=110202&search_id=114132&scans_id=110198&peptide_id=27938&scanf=35827&charge=2&value=3,R.VALDMTTLTIMR.Y,/core/www/modules/show_out/show_out_wrapper.php?run_id=110202&search_id=114132&scans_id=110198&peptide_id=27938&scanf=35827&charge=2&value=R.VALDMTTLTIMR.Y,PSMC6,1.910e+7,3.413,0.001,3.020,0.000
35832,2,"  1.958","  0.176",9/16,/core/www/modules//sdig/index.php?run_id=110202&search_id=114132&scans_id=110198&peptide_id=27944&scanf=35832&charge=2&value=9/16,sp|Q9Y295|DRG1_HUMAN,/core/www/modules//consensus/?run_id=110202&search_id=114132&scans_id=110198&peptide_id=27944&scanf=35832&charge=2&value=sp|Q9Y295|DRG1_HUMAN,0,/core/www/modules/match_peptides/blast_html4.php?run_id=110202&search_id=114132&scans_id=110198&peptide_id=27944&scanf=35832&charge=2&value=0,R.WNFDDLLEK.I,/core/www/modules/show_out/show_out_wrapper.php?run_id=110202&search_id=114132&scans_id=110198&peptide_id=27944&scanf=35832&charge=2&value=R.WNFDDLLEK.I,DRG1,2.234e+6,2.144,0.068,1.168,0.002
35833,3,"  4.531","  0.510",12/76,/core/www/modules//sdig/index.php?run_id=110202&search_id=114132&scans_id=110198&peptide_id=27945&scanf=35833&charge=3&value=12/76,sp|A6NHR9|SMHD1_HUMAN,/core/www/modules//consensus/?run_id=110202&search_id=114132&scans_id=110198&peptide_id=27945&scanf=35833&charge=3&value=sp|A6NHR9|SMHD1_HUMAN,1,/core/www/modules/match_peptides/blast_html4.php?run_id=110202&search_id=114132&scans_id=110198&peptide_id=27945&scanf=35833&charge=3&value=1,K.DSFTAVVITGVQPEHIQYLK.N,/core/www/modules/show_out/show_out_wrapper.php?run_id=110202&search_id=114132&scans_id=110198&peptide_id=27945&scanf=35833&charge=3&value=K.DSFTAVVITGVQPEHIQYLK.N,SMCHD1,2.085e+6,2.959,0.004,2.348,0.000
35837,2,"  3.700","  0.440",12/22,/core/www/modules//sdig/index.php?run_id=110202&search_id=114132&scans_id=110198&peptide_id=27949&scanf=35837&charge=2&value=12/22,sp|Q13200|PSMD2_HUMAN,/core/www/modules//consensus/?run_id=110202&search_id=114132&scans_id=110198&peptide_id=27949&scanf=35837&charge=2&value=sp|Q13200|PSMD2_HUMAN,1,/core/www/modules/match_peptides/blast_html4.php?run_id=110202&search_id=114132&scans_id=110198&peptide_id=27949&scanf=35837&charge=2&value=1,K.QLQDELEMLVER.L,/core/www/modules/show_out/show_out_wrapper.php?run_id=110202&search_id=114132&scans_id=110198&peptide_id=27949&scanf=35837&charge=2&value=K.QLQDELEMLVER.L,PSMD2,1.832e+6,3.029,0.004,2.451,0.000
35842,3,"  5.319","  0.586",21/76,/core/www/modules//sdig/index.php?run_id=110202&search_id=114132&scans_id=110198&peptide_id=27955&scanf=35842&charge=3&value=21/76,sp|P11172|UMPS_HUMAN,/core/www/modules//consensus/?run_id=110202&search_id=114132&scans_id=110198&peptide_id=27955&scanf=35842&charge=3&value=sp|P11172|UMPS_HUMAN,0,/core/www/modules/match_peptides/blast_html4.php?run_id=110202&search_id=114132&scans_id=110198&peptide_id=27955&scanf=35842&charge=3&value=0,K.IASWADLVNAHVVPGSGVVK.G,/core/www/modules/show_out/show_out_wrapper.php?run_id=110202&search_id=114132&scans_id=110198&peptide_id=27955&scanf=35842&charge=3&value=K.IASWADLVNAHVVPGSGVVK.G,UMPS,2.534e+6,3.313,0.001,2.872,0.000
35843,2,"  2.908","  0.539",11/22,/core/www/modules//sdig/index.php?run_id=110202&search_id=114132&scans_id=110198&peptide_id=27956&scanf=35843&charge=2&value=11/22,sp|P23368|MAOM_HUMAN,/core/www/modules//consensus/?run_id=110202&search_id=114132&scans_id=110198&peptide_id=27956&scanf=35843&charge=2&value=sp|P23368|MAOM_HUMAN,11,/core/www/modules/match_peptides/blast_html4.php?run_id=110202&search_id=114132&scans_id=110198&peptide_id=27956&scanf=35843&charge=2&value=11,R.QMLGLQGLLPPK.I,/core/www/modules/show_out/show_out_wrapper.php?run_id=110202&search_id=114132&scans_id=110198&peptide_id=27956&scanf=35843&charge=2&value=R.QMLGLQGLLPPK.I,ME2,1.630e+6,3.198,0.002,2.702,0.000
35844,2,"  2.259","  0.426",7/24,/core/www/modules//sdig/index.php?run_id=110202&search_id=114132&scans_id=110198&peptide_id=27957&scanf=35844&charge=2&value=7/24,sp|P51003|PAPOA_HUMAN,/core/www/modules//consensus/?run_id=110202&search_id=114132&scans_id=110198&peptide_id=27957&scanf=35844&charge=2&value=sp|P51003|PAPOA_HUMAN,4,/core/www/modules/match_peptides/blast_html4.php?run_id=110202&search_id=114132&scans_id=110198&peptide_id=27957&scanf=35844&charge=2&value=4,R.LALQTIPEDLDLR.D,/core/www/modules/show_out/show_out_wrapper.php?run_id=110202&search_id=114132&scans_id=110198&peptide_id=27957&scanf=35844&charge=2&value=R.LALQTIPEDLDLR.D,PAPOLA,1.611e+6,2.429,0.027,1.572,0.001
35849,3,"  5.302","  0.572",19/88,/core/www/modules//sdig/index.php?run_id=110202&search_id=114132&scans_id=110198&peptide_id=27961&scanf=35849&charge=3&value=19/88,sp|Q9BVP2|GNL3_HUMAN,/core/www/modules//consensus/?run_id=110202&search_id=114132&scans_id=110198&peptide_id=27961&scanf=35849&charge=3&value=sp|Q9BVP2|GNL3_HUMAN,0,/core/www/modules/match_peptides/blast_html4.php?run_id=110202&search_id=114132&scans_id=110198&peptide_id=27961&scanf=35849&charge=3&value=0,K.GPHLANSILFQSSGLTNGIIEEK.D,/core/www/modules/show_out/show_out_wrapper.php?run_id=110202&search_id=114132&scans_id=110198&peptide_id=27961&scanf=35849&charge=3&value=K.GPHLANSILFQSSGLTNGIIEEK.D,GNL3,5.431e+6,2.975,0.004,2.371,0.000
35850,2,"  2.903","  0.421",11/24,/core/www/modules//sdig/index.php?run_id=110202&search_id=114132&scans_id=110198&peptide_id=27963&scanf=35850&charge=2&value=11/24,sp|Q9H871|RMD5A_HUMAN,/core/www/modules//consensus/?run_id=110202&search_id=114132&scans_id=110198&peptide_id=27963&scanf=35850&charge=2&value=sp|Q9H871|RMD5A_HUMAN,0,/core/www/modules/match_peptides/blast_html4.php?run_id=110202&search_id=114132&scans_id=110198&peptide_id=27963&scanf=35850&charge=2&value=0,R.GLEELIDYTGGLK.H,/core/www/modules/show_out/show_out_wrapper.php?run_id=110202&search_id=114132&scans_id=110198&peptide_id=27963&scanf=35850&charge=2&value=R.GLEELIDYTGGLK.H,RMND5A,2.128e+6,2.546,0.018,1.740,0.000
35851,2,"  4.532","  0.581",17/34,/core/www/modules//sdig/index.php?run_id=110202&search_id=114132&scans_id=110198&peptide_id=27964&scanf=35851&charge=2&value=17/34,sp|O00299|CLIC1_HUMAN,/core/www/modules//consensus/?run_id=110202&search_id=114132&scans_id=110198&peptide_id=27964&scanf=35851&charge=2&value=sp|O00299|CLIC1_HUMAN,0,/core/www/modules/match_peptides/blast_html4.php?run_id=110202&search_id=114132&scans_id=110198&peptide_id=27964&scanf=35851&charge=2&value=0,K.LAALNPESNTAGLDIFAK.F,/core/www/modules/show_out/show_out_wrapper.php?run_id=110202&search_id=114132&scans_id=110198&peptide_id=27964&scanf=35851&charge=2&value=K.LAALNPESNTAGLDIFAK.F,CLIC1,2.732e+7,3.227,0.002,2.745,0.000
35852,3,"  2.814","  0.425",8/76,/core/www/modules//sdig/index.php?run_id=110202&search_id=114132&scans_id=110198&peptide_id=27965&scanf=35852&charge=3&value=8/76,sp|A6NHR9|SMHD1_HUMAN,/core/www/modules//consensus/?run_id=110202&search_id=114132&scans_id=110198&peptide_id=27965&scanf=35852&charge=3&value=sp|A6NHR9|SMHD1_HUMAN,1,/core/www/modules/match_peptides/blast_html4.php?run_id=110202&search_id=114132&scans_id=110198&peptide_id=27965&scanf=35852&charge=3&value=1,K.DSFTAVVITGVQPEHIQYLK.N,/core/www/modules/show_out/show_out_wrapper.php?run_id=110202&search_id=114132&scans_id=110198&peptide_id=27965&scanf=35852&charge=3&value=K.DSFTAVVITGVQPEHIQYLK.N,SMCHD1,2.085e+6,2.621,0.014,1.851,0.000
35853,2,"  2.484","  0.368",8/24,/core/www/modules//sdig/index.php?run_id=110202&search_id=114132&scans_id=110198&peptide_id=27966&scanf=35853&charge=2&value=8/24,sp|P33992|MCM5_HUMAN,/core/www/modules//consensus/?run_id=110202&search_id=114132&scans_id=110198&peptide_id=27966&scanf=35853&charge=2&value=sp|P33992|MCM5_HUMAN,1,/core/www/modules/match_peptides/blast_html4.php?run_id=110202&search_id=114132&scans_id=110198&peptide_id=27966&scanf=35853&charge=2&value=1,R.LAALPNVYEVISK.S,/core/www/modules/show_out/show_out_wrapper.php?run_id=110202&search_id=114132&scans_id=110198&peptide_id=27966&scanf=35853&charge=2&value=R.LAALPNVYEVISK.S,MCM5,2.000e+7,2.372,0.032,1.490,0.001
35854,3,"  7.722","  0.721",30/104,/core/www/modules//sdig/index.php?run_id=110202&search_id=114132&scans_id=110198&peptide_id=27967&scanf=35854&charge=3&value=30/104,sp|Q13509|TBB3_HUMAN,/core/www/modules//consensus/?run_id=110202&search_id=114132&scans_id=110198&peptide_id=27967&scanf=35854&charge=3&value=sp|Q13509|TBB3_HUMAN,6,/core/www/modules/match_peptides/blast_html4.php?run_id=110202&search_id=114132&scans_id=110198&peptide_id=27967&scanf=35854&charge=3&value=6,K.FWEVISDEHGIDPSGNYVGDSDLQLER.I,/core/www/modules/show_out/show_out_wrapper.php?run_id=110202&search_id=114132&scans_id=110198&peptide_id=27967&scanf=35854&charge=3&value=K.FWEVISDEHGIDPSGNYVGDSDLQLER.I,TUBB3,3.371e+6,3.487,0.001,3.128,0.000
35856,4,"  6.264","  0.580",22/114,/core/www/modules//sdig/index.php?run_id=110202&search_id=114132&scans_id=110198&peptide_id=27969&scanf=35856&charge=4&value=22/114,sp|O75691|UTP20_HUMAN,/core/www/modules//consensus/?run_id=110202&search_id=114132&scans_id=110198&peptide_id=27969&scanf=35856&charge=4&value=sp|O75691|UTP20_HUMAN,0,/core/www/modules/match_peptides/blast_html4.php?run_id=110202&search_id=114132&scans_id=110198&peptide_id=27969&scanf=35856&charge=4&value=0,K.LRPNLEFMLAQLNYEHETGR.E,/core/www/modules/show_out/show_out_wrapper.php?run_id=110202&search_id=114132&scans_id=110198&peptide_id=27969&scanf=35856&charge=4&value=K.LRPNLEFMLAQLNYEHETGR.E,UTP20,1.956e+6,3.637,0.000,3.351,0.000
35858,2,"  3.249","  0.596",14/30,/core/www/modules//sdig/index.php?run_id=110202&search_id=114132&scans_id=110198&peptide_id=27971&scanf=35858&charge=2&value=14/30,sp|O15355|PPM1G_HUMAN,/core/www/modules//consensus/?run_id=110202&search_id=114132&scans_id=110198&peptide_id=27971&scanf=35858&charge=2&value=sp|O15355|PPM1G_HUMAN,0,/core/www/modules/match_peptides/blast_html4.php?run_id=110202&search_id=114132&scans_id=110198&peptide_id=27971&scanf=35858&charge=2&value=0,K.NLPPEEQMISALPDIK.V,/core/www/modules/show_out/show_out_wrapper.php?run_id=110202&search_id=114132&scans_id=110198&peptide_id=27971&scanf=35858&charge=2&value=K.NLPPEEQMISALPDIK.V,PPM1G,2.478e+6,3.196,0.002,2.698,0.000
35859,3,"  4.963","  0.611",18/68,/core/www/modules//sdig/index.php?run_id=110202&search_id=114132&scans_id=110198&peptide_id=27972&scanf=35859&charge=3&value=18/68,sp|P61247|RS3A_HUMAN,/core/www/modules//consensus/?run_id=110202&search_id=114132&scans_id=110198&peptide_id=27972&scanf=35859&charge=3&value=sp|P61247|RS3A_HUMAN,9,/core/www/modules/match_peptides/blast_html4.php?run_id=110202&search_id=114132&scans_id=110198&peptide_id=27972&scanf=35859&charge=3&value=9,R.VFEVSLADLQNDEVAFRK.F,/core/www/modules/show_out/show_out_wrapper.php?run_id=110202&search_id=114132&scans_id=110198&peptide_id=27972&scanf=35859&charge=3&value=R.VFEVSLADLQNDEVAFRK.F,RPS3A,2.032e+6,3.218,0.002,2.730,0.000
35868,3,"  4.212","  0.477",18/88,/core/www/modules//sdig/index.php?run_id=110202&search_id=114132&scans_id=110198&peptide_id=27981&scanf=35868&charge=3&value=18/88,sp|Q12906|ILF3_HUMAN,/core/www/modules//consensus/?run_id=110202&search_id=114132&scans_id=110198&peptide_id=27981&scanf=35868&charge=3&value=sp|Q12906|ILF3_HUMAN,0,/core/www/modules/match_peptides/blast_html4.php?run_id=110202&search_id=114132&scans_id=110198&peptide_id=27981&scanf=35868&charge=3&value=0,K.NENPVDYTVQIPPSTTYAITPMK.R,/core/www/modules/show_out/show_out_wrapper.php?run_id=110202&search_id=114132&scans_id=110198&peptide_id=27981&scanf=35868&charge=3&value=K.NENPVDYTVQIPPSTTYAITPMK.R,ILF3,1.413e+7,2.853,0.006,2.191,0.000
35874,2,"  1.911","  0.296",9/18,/core/www/modules//sdig/index.php?run_id=110202&search_id=114132&scans_id=110198&peptide_id=27988&scanf=35874&charge=2&value=9/18,sp|Q12768|WASC5_HUMAN,/core/www/modules//consensus/?run_id=110202&search_id=114132&scans_id=110198&peptide_id=27988&scanf=35874&charge=2&value=sp|Q12768|WASC5_HUMAN,0,/core/www/modules/match_peptides/blast_html4.php?run_id=110202&search_id=114132&scans_id=110198&peptide_id=27988&scanf=35874&charge=2&value=0,R.LSEFIPAVFR.L,/core/www/modules/show_out/show_out_wrapper.php?run_id=110202&search_id=114132&scans_id=110198&peptide_id=27988&scanf=35874&charge=2&value=R.LSEFIPAVFR.L,WASHC5,2.762e+6,2.261,0.047,1.332,0.002
35875,2,"  3.707","  0.583",15/28,/core/www/modules//sdig/index.php?run_id=110202&search_id=114132&scans_id=110198&peptide_id=27989&scanf=35875&charge=2&value=15/28,sp|O60664|PLIN3_HUMAN,/core/www/modules//consensus/?run_id=110202&search_id=114132&scans_id=110198&peptide_id=27989&scanf=35875&charge=2&value=sp|O60664|PLIN3_HUMAN,2,/core/www/modules/match_peptides/blast_html4.php?run_id=110202&search_id=114132&scans_id=110198&peptide_id=27989&scanf=35875&charge=2&value=2,R.LGQMVLSGVDTVLGK.S,/core/www/modules/show_out/show_out_wrapper.php?run_id=110202&search_id=114132&scans_id=110198&peptide_id=27989&scanf=35875&charge=2&value=R.LGQMVLSGVDTVLGK.S,PLIN3,8.205e+6,3.348,0.001,2.922,0.000
35876,2,"  3.090","  0.546",13/22,/core/www/modules//sdig/index.php?run_id=110202&search_id=114132&scans_id=110198&peptide_id=27990&scanf=35876&charge=2&value=13/22,sp|P40937|RFC5_HUMAN,/core/www/modules//consensus/?run_id=110202&search_id=114132&scans_id=110198&peptide_id=27990&scanf=35876&charge=2&value=sp|P40937|RFC5_HUMAN,1,/core/www/modules/match_peptides/blast_html4.php?run_id=110202&search_id=114132&scans_id=110198&peptide_id=27990&scanf=35876&charge=2&value=1,R.FGPLTPELMVPR.L,/core/www/modules/show_out/show_out_wrapper.php?run_id=110202&search_id=114132&scans_id=110198&peptide_id=27990&scanf=35876&charge=2&value=R.FGPLTPELMVPR.L,RFC5,2.048e+7,3.286,0.001,2.830,0.000
35878,3,"  3.279","  0.418",16/40,/core/www/modules//sdig/index.php?run_id=110202&search_id=114132&scans_id=110198&peptide_id=27992&scanf=35878&charge=3&value=16/40,sp|Q9UN81|LORF1_HUMAN,/core/www/modules//consensus/?run_id=110202&search_id=114132&scans_id=110198&peptide_id=27992&scanf=35878&charge=3&value=sp|Q9UN81|LORF1_HUMAN,0,/core/www/modules/match_peptides/blast_html4.php?run_id=110202&search_id=114132&scans_id=110198&peptide_id=27992&scanf=35878&charge=3&value=0,R.REWGPIFNILK.E,/core/www/modules/show_out/show_out_wrapper.php?run_id=110202&search_id=114132&scans_id=110198&peptide_id=27992&scanf=35878&charge=3&value=R.REWGPIFNILK.E,L1RE1,4.173e+6,2.840,0.007,2.172,0.000
35879,2,"  4.620","  0.599",19/34,/core/www/modules//sdig/index.php?run_id=110202&search_id=114132&scans_id=110198&peptide_id=27993&scanf=35879&charge=2&value=19/34,sp|P10809|CH60_HUMAN,/core/www/modules//consensus/?run_id=110202&search_id=114132&scans_id=110198&peptide_id=27993&scanf=35879&charge=2&value=sp|P10809|CH60_HUMAN,7,/core/www/modules/match_peptides/blast_html4.php?run_id=110202&search_id=114132&scans_id=110198&peptide_id=27993&scanf=35879&charge=2&value=7,K.ISSIQSIVPALEIANAHR.K,/core/www/modules/show_out/show_out_wrapper.php?run_id=110202&search_id=114132&scans_id=110198&peptide_id=27993&scanf=35879&charge=2&value=K.ISSIQSIVPALEIANAHR.K,HSPD1,6.536e+6,3.469,0.001,3.102,0.000
35886,2,"  2.744","  0.428",11/18,/core/www/modules//sdig/index.php?run_id=110202&search_id=114132&scans_id=110198&peptide_id=28000&scanf=35886&charge=2&value=11/18,sp|Q53T94|TAF1B_HUMAN,/core/www/modules//consensus/?run_id=110202&search_id=114132&scans_id=110198&peptide_id=28000&scanf=35886&charge=2&value=sp|Q53T94|TAF1B_HUMAN,0,/core/www/modules/match_peptides/blast_html4.php?run_id=110202&search_id=114132&scans_id=110198&peptide_id=28000&scanf=35886&charge=2&value=0,R.EAITLSDLLR.F,/core/www/modules/show_out/show_out_wrapper.php?run_id=110202&search_id=114132&scans_id=110198&peptide_id=28000&scanf=35886&charge=2&value=R.EAITLSDLLR.F,TAF1B,2.760e+6,3.045,0.003,2.475,0.000
35887,2,"  2.523","  0.273",6/22,/core/www/modules//sdig/index.php?run_id=110202&search_id=114132&scans_id=110198&peptide_id=28001&scanf=35887&charge=2&value=6/22,sp|Q9UKV8|AGO2_HUMAN,/core/www/modules//consensus/?run_id=110202&search_id=114132&scans_id=110198&peptide_id=28001&scanf=35887&charge=2&value=sp|Q9UKV8|AGO2_HUMAN,0,/core/www/modules/match_peptides/blast_html4.php?run_id=110202&search_id=114132&scans_id=110198&peptide_id=28001&scanf=35887&charge=2&value=0,K.LQANFFEMDIPK.I,/core/www/modules/show_out/show_out_wrapper.php?run_id=110202&search_id=114132&scans_id=110198&peptide_id=28001&scanf=35887&charge=2&value=K.LQANFFEMDIPK.I,AGO2,1.900e+6,1.928,0.132,0.879,0.007
35889,2,"  2.643","  0.421",13/20,/core/www/modules//sdig/index.php?run_id=110202&search_id=114132&scans_id=110198&peptide_id=28002&scanf=35889&charge=2&value=13/20,sp|Q9BQ39|DDX50_HUMAN,/core/www/modules//consensus/?run_id=110202&search_id=114132&scans_id=110198&peptide_id=28002&scanf=35889&charge=2&value=sp|Q9BQ39|DDX50_HUMAN,0,/core/www/modules/match_peptides/blast_html4.php?run_id=110202&search_id=114132&scans_id=110198&peptide_id=28002&scanf=35889&charge=2&value=0,R.GVTYLFPIQVK.T,/core/www/modules/show_out/show_out_wrapper.php?run_id=110202&search_id=114132&scans_id=110198&peptide_id=28002&scanf=35889&charge=2&value=R.GVTYLFPIQVK.T,DDX50,2.565e+7,3.014,0.004,2.429,0.000
35890,2,"  3.571","  0.572",12/26,/core/www/modules//sdig/index.php?run_id=110202&search_id=114132&scans_id=110198&peptide_id=28004&scanf=35890&charge=2&value=12/26,sp|Q14315|FLNC_HUMAN,/core/www/modules//consensus/?run_id=110202&search_id=114132&scans_id=110198&peptide_id=28004&scanf=35890&charge=2&value=sp|Q14315|FLNC_HUMAN,0,/core/www/modules/match_peptides/blast_html4.php?run_id=110202&search_id=114132&scans_id=110198&peptide_id=28004&scanf=35890&charge=2&value=0,R.GVAGVPAEFSIWTR.E,/core/www/modules/show_out/show_out_wrapper.php?run_id=110202&search_id=114132&scans_id=110198&peptide_id=28004&scanf=35890&charge=2&value=R.GVAGVPAEFSIWTR.E,FLNC,9.647e+6,3.269,0.002,2.806,0.000
35891,2,"  3.626","  0.561",15/26,/core/www/modules//sdig/index.php?run_id=110202&search_id=114132&scans_id=110198&peptide_id=28005&scanf=35891&charge=2&value=15/26,sp|P04083|ANXA1_HUMAN,/core/www/modules//consensus/?run_id=110202&search_id=114132&scans_id=110198&peptide_id=28005&scanf=35891&charge=2&value=sp|P04083|ANXA1_HUMAN,0,/core/www/modules/match_peptides/blast_html4.php?run_id=110202&search_id=114132&scans_id=110198&peptide_id=28005&scanf=35891&charge=2&value=0,K.GTDVNVFNTILTTR.S,/core/www/modules/show_out/show_out_wrapper.php?run_id=110202&search_id=114132&scans_id=110198&peptide_id=28005&scanf=35891&charge=2&value=K.GTDVNVFNTILTTR.S,ANXA1,4.747e+6,3.228,0.002,2.745,0.000
35895,2,"  3.956","  0.652",9/40,/core/www/modules//sdig/index.php?run_id=110202&search_id=114132&scans_id=110198&peptide_id=28009&scanf=35895&charge=2&value=9/40,sp|P84103|SRSF3_HUMAN,/core/www/modules//consensus/?run_id=110202&search_id=114132&scans_id=110198&peptide_id=28009&scanf=35895&charge=2&value=sp|P84103|SRSF3_HUMAN,1,/core/www/modules/match_peptides/blast_html4.php?run_id=110202&search_id=114132&scans_id=110198&peptide_id=28009&scanf=35895&charge=2&value=1,R.NPPGFAFVEFEDPRDAADAVR.E,/core/www/modules/show_out/show_out_wrapper.php?run_id=110202&search_id=114132&scans_id=110198&peptide_id=28009&scanf=35895&charge=2&value=R.NPPGFAFVEFEDPRDAADAVR.E,SRSF3,2.461e+6,2.661,0.012,1.909,0.000
35896,3,"  3.038","  0.385",8/64,/core/www/modules//sdig/index.php?run_id=110202&search_id=114132&scans_id=110198&peptide_id=28010&scanf=35896&charge=3&value=8/64,sp|Q86Y07|VRK2_HUMAN,/core/www/modules//consensus/?run_id=110202&search_id=114132&scans_id=110198&peptide_id=28010&scanf=35896&charge=3&value=sp|Q86Y07|VRK2_HUMAN,0,/core/www/modules/match_peptides/blast_html4.php?run_id=110202&search_id=114132&scans_id=110198&peptide_id=28010&scanf=35896&charge=3&value=0,K.ILNPHGIPLGPLDFSTK.G,/core/www/modules/show_out/show_out_wrapper.php?run_id=110202&search_id=114132&scans_id=110198&peptide_id=28010&scanf=35896&charge=3&value=K.ILNPHGIPLGPLDFSTK.G,VRK2,2.888e+6,2.418,0.028,1.555,0.001
35897,2,"  3.631","  0.627",12/24,/core/www/modules//sdig/index.php?run_id=110202&search_id=114132&scans_id=110198&peptide_id=28011&scanf=35897&charge=2&value=12/24,sp|P55060|XPO2_HUMAN,/core/www/modules//consensus/?run_id=110202&search_id=114132&scans_id=110198&peptide_id=28011&scanf=35897&charge=2&value=sp|P55060|XPO2_HUMAN,0,/core/www/modules/match_peptides/blast_html4.php?run_id=110202&search_id=114132&scans_id=110198&peptide_id=28011&scanf=35897&charge=2&value=0,K.DAAIYLVTSLASK.A,/core/www/modules/show_out/show_out_wrapper.php?run_id=110202&search_id=114132&scans_id=110198&peptide_id=28011&scanf=35897&charge=2&value=K.DAAIYLVTSLASK.A,CSE1L,4.322e+6,3.360,0.001,2.941,0.000
35899,2,"  4.537","  0.380",18/32,/core/www/modules//sdig/index.php?run_id=110202&search_id=114132&scans_id=110198&peptide_id=28013&scanf=35899&charge=2&value=18/32,sp|Q9BXP5|SRRT_HUMAN,/core/www/modules//consensus/?run_id=110202&search_id=114132&scans_id=110198&peptide_id=28013&scanf=35899&charge=2&value=sp|Q9BXP5|SRRT_HUMAN,2,/core/www/modules/match_peptides/blast_html4.php?run_id=110202&search_id=114132&scans_id=110198&peptide_id=28013&scanf=35899&charge=2&value=2,K.EFLLSLDDSVDETEAVK.R,/core/www/modules/show_out/show_out_wrapper.php?run_id=110202&search_id=114132&scans_id=110198&peptide_id=28013&scanf=35899&charge=2&value=K.EFLLSLDDSVDETEAVK.R,SRRT,1.128e+6,2.669,0.012,1.921,0.000
35904,2,"  2.080","  0.225",9/16,/core/www/modules//sdig/index.php?run_id=110202&search_id=114132&scans_id=110198&peptide_id=28019&scanf=35904&charge=2&value=9/16,sp|Q16186|ADRM1_HUMAN,/core/www/modules//consensus/?run_id=110202&search_id=114132&scans_id=110198&peptide_id=28019&scanf=35904&charge=2&value=sp|Q16186|ADRM1_HUMAN,0,/core/www/modules/match_peptides/blast_html4.php?run_id=110202&search_id=114132&scans_id=110198&peptide_id=28019&scanf=35904&charge=2&value=0,R.LFFWMQEPK.T,/core/www/modules/show_out/show_out_wrapper.php?run_id=110202&search_id=114132&scans_id=110198&peptide_id=28019&scanf=35904&charge=2&value=R.LFFWMQEPK.T,ADRM1,4.030e+6,2.267,0.046,1.340,0.002
35910,2,"  2.352","  0.456",12/20,/core/www/modules//sdig/index.php?run_id=110202&search_id=114132&scans_id=110198&peptide_id=28025&scanf=35910&charge=2&value=12/20,sp|O75691|UTP20_HUMAN,/core/www/modules//consensus/?run_id=110202&search_id=114132&scans_id=110198&peptide_id=28025&scanf=35910&charge=2&value=sp|O75691|UTP20_HUMAN,0,/core/www/modules/match_peptides/blast_html4.php?run_id=110202&search_id=114132&scans_id=110198&peptide_id=28025&scanf=35910&charge=2&value=0,K.LLVPEIDEVMR.K,/core/www/modules/show_out/show_out_wrapper.php?run_id=110202&search_id=114132&scans_id=110198&peptide_id=28025&scanf=35910&charge=2&value=K.LLVPEIDEVMR.K,UTP20,1.227e+8,3.169,0.002,2.658,0.000
35911,3,"  5.799","  0.707",27/88,/core/www/modules//sdig/index.php?run_id=110202&search_id=114132&scans_id=110198&peptide_id=28026&scanf=35911&charge=3&value=27/88,sp|Q14676|MDC1_HUMAN,/core/www/modules//consensus/?run_id=110202&search_id=114132&scans_id=110198&peptide_id=28026&scanf=35911&charge=3&value=sp|Q14676|MDC1_HUMAN,0,/core/www/modules/match_peptides/blast_html4.php?run_id=110202&search_id=114132&scans_id=110198&peptide_id=28026&scanf=35911&charge=3&value=0,R.AVLALGGSLAGSAAEASHLVTDR.I,/core/www/modules/show_out/show_out_wrapper.php?run_id=110202&search_id=114132&scans_id=110198&peptide_id=28026&scanf=35911&charge=3&value=R.AVLALGGSLAGSAAEASHLVTDR.I,MDC1,3.046e+7,3.754,0.000,3.525,0.000
35917,2,"  5.973","  0.741",20/40,/core/www/modules//sdig/index.php?run_id=110202&search_id=114132&scans_id=110198&peptide_id=28032&scanf=35917&charge=2&value=20/40,sp|P60709|ACTB_HUMAN,/core/www/modules//consensus/?run_id=110202&search_id=114132&scans_id=110198&peptide_id=28032&scanf=35917&charge=2&value=sp|P60709|ACTB_HUMAN,6,/core/www/modules/match_peptides/blast_html4.php?run_id=110202&search_id=114132&scans_id=110198&peptide_id=28032&scanf=35917&charge=2&value=6,K.DLYANTVLSGGTTMYPGIADR.M,/core/www/modules/show_out/show_out_wrapper.php?run_id=110202&search_id=114132&scans_id=110198&peptide_id=28032&scanf=35917&charge=2&value=K.DLYANTVLSGGTTMYPGIADR.M,ACTB,1.688e+8,4.293,0.000,4.324,0.000
35922,2,"  2.404","  0.388",10/20,/core/www/modules//sdig/index.php?run_id=110202&search_id=114132&scans_id=110198&peptide_id=28038&scanf=35922&charge=2&value=10/20,sp|Q9UBD5|ORC3_HUMAN,/core/www/modules//consensus/?run_id=110202&search_id=114132&scans_id=110198&peptide_id=28038&scanf=35922&charge=2&value=sp|Q9UBD5|ORC3_HUMAN,0,/core/www/modules/match_peptides/blast_html4.php?run_id=110202&search_id=114132&scans_id=110198&peptide_id=28038&scanf=35922&charge=2&value=0,K.ISLPIEDYFNK.G,/core/www/modules/show_out/show_out_wrapper.php?run_id=110202&search_id=114132&scans_id=110198&peptide_id=28038&scanf=35922&charge=2&value=K.ISLPIEDYFNK.G,ORC3,5.087e+6,2.646,0.013,1.886,0.000
35924,3,"  2.907","  0.501",13/56,/core/www/modules//sdig/index.php?run_id=110202&search_id=114132&scans_id=110198&peptide_id=28040&scanf=35924&charge=3&value=13/56,sp|Q9BT73|PSMG3_HUMAN,/core/www/modules//consensus/?run_id=110202&search_id=114132&scans_id=110198&peptide_id=28040&scanf=35924&charge=3&value=sp|Q9BT73|PSMG3_HUMAN,0,/core/www/modules/match_peptides/blast_html4.php?run_id=110202&search_id=114132&scans_id=110198&peptide_id=28040&scanf=35924&charge=3&value=0,K.VLLGQDEPLIHVFAK.N,/core/www/modules/show_out/show_out_wrapper.php?run_id=110202&search_id=114132&scans_id=110198&peptide_id=28040&scanf=35924&charge=3&value=K.VLLGQDEPLIHVFAK.N,PSMG3,1.682e+6,2.899,0.006,2.259,0.000
35925,3,"  3.461","  0.492",13/56,/core/www/modules//sdig/index.php?run_id=110202&search_id=114132&scans_id=110198&peptide_id=28041&scanf=35925&charge=3&value=13/56,sp|P56192|SYMC_HUMAN,/core/www/modules//consensus/?run_id=110202&search_id=114132&scans_id=110198&peptide_id=28041&scanf=35925&charge=3&value=sp|P56192|SYMC_HUMAN,0,/core/www/modules/match_peptides/blast_html4.php?run_id=110202&search_id=114132&scans_id=110198&peptide_id=28041&scanf=35925&charge=3&value=0,K.NNSELLNNLGNFINR.A,/core/www/modules/show_out/show_out_wrapper.php?run_id=110202&search_id=114132&scans_id=110198&peptide_id=28041&scanf=35925&charge=3&value=K.NNSELLNNLGNFINR.A,MARS1,8.614e+6,3.078,0.003,2.523,0.000
35927,2,"  1.994","  0.543",9/16,/core/www/modules//sdig/index.php?run_id=110202&search_id=114132&scans_id=110198&peptide_id=28043&scanf=35927&charge=2&value=9/16,sp|Q75QN2|INT8_HUMAN,/core/www/modules//consensus/?run_id=110202&search_id=114132&scans_id=110198&peptide_id=28043&scanf=35927&charge=2&value=sp|Q75QN2|INT8_HUMAN,2,/core/www/modules/match_peptides/blast_html4.php?run_id=110202&search_id=114132&scans_id=110198&peptide_id=28043&scanf=35927&charge=2&value=2,R.DLVYILMAK.G,/core/www/modules/show_out/show_out_wrapper.php?run_id=110202&search_id=114132&scans_id=110198&peptide_id=28043&scanf=35927&charge=2&value=R.DLVYILMAK.G,INTS8,1.552e+6,3.348,0.001,2.923,0.000
35931,3,"  3.391","  0.609",18/52,/core/www/modules//sdig/index.php?run_id=110202&search_id=114132&scans_id=110198&peptide_id=28047&scanf=35931&charge=3&value=18/52,sp|P43686|PRS6B_HUMAN,/core/www/modules//consensus/?run_id=110202&search_id=114132&scans_id=110198&peptide_id=28047&scanf=35931&charge=3&value=sp|P43686|PRS6B_HUMAN,0,/core/www/modules/match_peptides/blast_html4.php?run_id=110202&search_id=114132&scans_id=110198&peptide_id=28047&scanf=35931&charge=3&value=0,R.EAVELPLTHFELYK.Q,/core/www/modules/show_out/show_out_wrapper.php?run_id=110202&search_id=114132&scans_id=110198&peptide_id=28047&scanf=35931&charge=3&value=R.EAVELPLTHFELYK.Q,PSMC4,3.751e+7,3.678,0.000,3.412,0.000
35934,3,"  5.733","  0.672",24/80,/core/www/modules//sdig/index.php?run_id=110202&search_id=114132&scans_id=110198&peptide_id=28050&scanf=35934&charge=3&value=24/80,sp|Q8WVM8|SCFD1_HUMAN,/core/www/modules//consensus/?run_id=110202&search_id=114132&scans_id=110198&peptide_id=28050&scanf=35934&charge=3&value=sp|Q8WVM8|SCFD1_HUMAN,20,/core/www/modules/match_peptides/blast_html4.php?run_id=110202&search_id=114132&scans_id=110198&peptide_id=28050&scanf=35934&charge=3&value=20,R.SKLEDIANAALAASAVTQVAK.V,/core/www/modules/show_out/show_out_wrapper.php?run_id=110202&search_id=114132&scans_id=110198&peptide_id=28050&scanf=35934&charge=3&value=R.SKLEDIANAALAASAVTQVAK.V,SCFD1,4.676e+6,3.384,0.001,2.976,0.000
35935,2,"  4.124","  0.510",16/26,/core/www/modules//sdig/index.php?run_id=110202&search_id=114132&scans_id=110198&peptide_id=28051&scanf=35935&charge=2&value=16/26,sp|P49792|RBP2_HUMAN,/core/www/modules//consensus/?run_id=110202&search_id=114132&scans_id=110198&peptide_id=28051&scanf=35935&charge=2&value=sp|P49792|RBP2_HUMAN,2,/core/www/modules/match_peptides/blast_html4.php?run_id=110202&search_id=114132&scans_id=110198&peptide_id=28051&scanf=35935&charge=2&value=2,R.ELLQSFDSALQSVK.S,/core/www/modules/show_out/show_out_wrapper.php?run_id=110202&search_id=114132&scans_id=110198&peptide_id=28051&scanf=35935&charge=2&value=R.ELLQSFDSALQSVK.S,RANBP2,1.370e+7,3.329,0.001,2.894,0.000
35939,2,"  3.016","  0.535",13/22,/core/www/modules//sdig/index.php?run_id=110202&search_id=114132&scans_id=110198&peptide_id=28055&scanf=35939&charge=2&value=13/22,sp|Q12789|TF3C1_HUMAN,/core/www/modules//consensus/?run_id=110202&search_id=114132&scans_id=110198&peptide_id=28055&scanf=35939&charge=2&value=sp|Q12789|TF3C1_HUMAN,0,/core/www/modules/match_peptides/blast_html4.php?run_id=110202&search_id=114132&scans_id=110198&peptide_id=28055&scanf=35939&charge=2&value=0,R.DMLTQTYDLIER.R,/core/www/modules/show_out/show_out_wrapper.php?run_id=110202&search_id=114132&scans_id=110198&peptide_id=28055&scanf=35939&charge=2&value=R.DMLTQTYDLIER.R,GTF3C1,7.169e+6,3.240,0.002,2.762,0.000
35941,2,"  3.475","  0.360",16/26,/core/www/modules//sdig/index.php?run_id=110202&search_id=114132&scans_id=110198&peptide_id=28058&scanf=35941&charge=2&value=16/26,sp|P19525|E2AK2_HUMAN,/core/www/modules//consensus/?run_id=110202&search_id=114132&scans_id=110198&peptide_id=28058&scanf=35941&charge=2&value=sp|P19525|E2AK2_HUMAN,2,/core/www/modules/match_peptides/blast_html4.php?run_id=110202&search_id=114132&scans_id=110198&peptide_id=28058&scanf=35941&charge=2&value=2,K.LAYLQILSEETSVK.S,/core/www/modules/show_out/show_out_wrapper.php?run_id=110202&search_id=114132&scans_id=110198&peptide_id=28058&scanf=35941&charge=2&value=K.LAYLQILSEETSVK.S,EIF2AK2,2.991e+6,2.663,0.012,1.912,0.000
35947,2,"  4.715","  0.640",17/32,/core/www/modules//sdig/index.php?run_id=110202&search_id=114132&scans_id=110198&peptide_id=28064&scanf=35947&charge=2&value=17/32,sp|Q9Y5K5|UCHL5_HUMAN,/core/www/modules//consensus/?run_id=110202&search_id=114132&scans_id=110198&peptide_id=28064&scanf=35947&charge=2&value=sp|Q9Y5K5|UCHL5_HUMAN,3,/core/www/modules/match_peptides/blast_html4.php?run_id=110202&search_id=114132&scans_id=110198&peptide_id=28064&scanf=35947&charge=2&value=3,R.GAQVEEIWSLEPENFEK.L,/core/www/modules/show_out/show_out_wrapper.php?run_id=110202&search_id=114132&scans_id=110198&peptide_id=28064&scanf=35947&charge=2&value=R.GAQVEEIWSLEPENFEK.L,UCHL5,1.501e+6,3.458,0.001,3.086,0.000
35948,3,"  4.556","  0.696",27/128,/core/www/modules//sdig/index.php?run_id=110202&search_id=114132&scans_id=110198&peptide_id=28065&scanf=35948&charge=3&value=27/128,sp|Q9P2K5|MYEF2_HUMAN,/core/www/modules//consensus/?run_id=110202&search_id=114132&scans_id=110198&peptide_id=28065&scanf=35948&charge=3&value=sp|Q9P2K5|MYEF2_HUMAN,2,/core/www/modules/match_peptides/blast_html4.php?run_id=110202&search_id=114132&scans_id=110198&peptide_id=28065&scanf=35948&charge=3&value=2,R.IGSSNMGPVGSGISGGMGSMNSVTGGMGMGLDR.M,/core/www/modules/show_out/show_out_wrapper.php?run_id=110202&search_id=114132&scans_id=110198&peptide_id=28065&scanf=35948&charge=3&value=R.IGSSNMGPVGSGISGGMGSMNSVTGGMGMGLDR.M,MYEF2,9.440e+5,3.118,0.003,2.582,0.000
35950,3,"  3.163","  0.545",16/76,/core/www/modules//sdig/index.php?run_id=110202&search_id=114132&scans_id=110198&peptide_id=28068&scanf=35950&charge=3&value=16/76,sp|Q9Y450|HBS1L_HUMAN,/core/www/modules//consensus/?run_id=110202&search_id=114132&scans_id=110198&peptide_id=28068&scanf=35950&charge=3&value=sp|Q9Y450|HBS1L_HUMAN,4,/core/www/modules/match_peptides/blast_html4.php?run_id=110202&search_id=114132&scans_id=110198&peptide_id=28068&scanf=35950&charge=3&value=4,K.ESDVGFIPTSGLSGENLITR.S,/core/www/modules/show_out/show_out_wrapper.php?run_id=110202&search_id=114132&scans_id=110198&peptide_id=28068&scanf=35950&charge=3&value=K.ESDVGFIPTSGLSGENLITR.S,HBS1L,1.609e+6,2.964,0.004,2.355,0.000
35952,2,"  4.328","  0.507",16/24,/core/www/modules//sdig/index.php?run_id=110202&search_id=114132&scans_id=110198&peptide_id=28069&scanf=35952&charge=2&value=16/24,sp|P52701|MSH6_HUMAN,/core/www/modules//consensus/?run_id=110202&search_id=114132&scans_id=110198&peptide_id=28069&scanf=35952&charge=2&value=sp|P52701|MSH6_HUMAN,3,/core/www/modules/match_peptides/blast_html4.php?run_id=110202&search_id=114132&scans_id=110198&peptide_id=28069&scanf=35952&charge=2&value=3,R.LDAIEDLMVVPDK.I,/core/www/modules/show_out/show_out_wrapper.php?run_id=110202&search_id=114132&scans_id=110198&peptide_id=28069&scanf=35952&charge=2&value=R.LDAIEDLMVVPDK.I,MSH6,4.124e+7,3.417,0.001,3.026,0.000
35953,3,"  2.238","  0.452",14/64,/core/www/modules//sdig/index.php?run_id=110202&search_id=114132&scans_id=110198&peptide_id=28070&scanf=35953&charge=3&value=14/64,sp|Q9Y678|COPG1_HUMAN,/core/www/modules//consensus/?run_id=110202&search_id=114132&scans_id=110198&peptide_id=28070&scanf=35953&charge=3&value=sp|Q9Y678|COPG1_HUMAN,0,/core/www/modules/match_peptides/blast_html4.php?run_id=110202&search_id=114132&scans_id=110198&peptide_id=28070&scanf=35953&charge=3&value=0,K.VPSVSSSALVSSLHLLK.C,/core/www/modules/show_out/show_out_wrapper.php?run_id=110202&search_id=114132&scans_id=110198&peptide_id=28070&scanf=35953&charge=3&value=K.VPSVSSSALVSSLHLLK.C,COPG1,1.301e+7,2.776,0.008,2.078,0.000
35955,3,"  3.572","  0.398",14/84,/core/www/modules//sdig/index.php?run_id=110202&search_id=114132&scans_id=110198&peptide_id=28072&scanf=35955&charge=3&value=14/84,sp|P14618|KPYM_HUMAN,/core/www/modules//consensus/?run_id=110202&search_id=114132&scans_id=110198&peptide_id=28072&scanf=35955&charge=3&value=sp|P14618|KPYM_HUMAN,2,/core/www/modules/match_peptides/blast_html4.php?run_id=110202&search_id=114132&scans_id=110198&peptide_id=28072&scanf=35955&charge=3&value=2,R.LAPITSDPTEATAVGAVEASFK.C,/core/www/modules/show_out/show_out_wrapper.php?run_id=110202&search_id=114132&scans_id=110198&peptide_id=28072&scanf=35955&charge=3&value=R.LAPITSDPTEATAVGAVEASFK.C,PKM,1.409e+7,2.417,0.028,1.553,0.001
35956,3,"  8.094","  0.706",27/104,/core/www/modules//sdig/index.php?run_id=110202&search_id=114132&scans_id=110198&peptide_id=28073&scanf=35956&charge=3&value=27/104,sp|Q13509|TBB3_HUMAN,/core/www/modules//consensus/?run_id=110202&search_id=114132&scans_id=110198&peptide_id=28073&scanf=35956&charge=3&value=sp|Q13509|TBB3_HUMAN,6,/core/www/modules/match_peptides/blast_html4.php?run_id=110202&search_id=114132&scans_id=110198&peptide_id=28073&scanf=35956&charge=3&value=6,K.FWEVISDEHGIDPSGNYVGDSDLQLER.I,/core/www/modules/show_out/show_out_wrapper.php?run_id=110202&search_id=114132&scans_id=110198&peptide_id=28073&scanf=35956&charge=3&value=K.FWEVISDEHGIDPSGNYVGDSDLQLER.I,TUBB3,3.371e+6,3.625,0.000,3.334,0.000
35957,3,"  6.890","  0.741",25/108,/core/www/modules//sdig/index.php?run_id=110202&search_id=114132&scans_id=110198&peptide_id=28074&scanf=35957&charge=3&value=25/108,sp|P18583|SON_HUMAN,/core/www/modules//consensus/?run_id=110202&search_id=114132&scans_id=110198&peptide_id=28074&scanf=35957&charge=3&value=sp|P18583|SON_HUMAN,0,/core/www/modules/match_peptides/blast_html4.php?run_id=110202&search_id=114132&scans_id=110198&peptide_id=28074&scanf=35957&charge=3&value=0,R.LPEQPVDVPSEIADSSMTRPQELPELPK.T,/core/www/modules/show_out/show_out_wrapper.php?run_id=110202&search_id=114132&scans_id=110198&peptide_id=28074&scanf=35957&charge=3&value=R.LPEQPVDVPSEIADSSMTRPQELPELPK.T,SON,9.931e+6,3.702,0.000,3.447,0.000
35963,3,"  4.779","  0.527",16/60,/core/www/modules//sdig/index.php?run_id=110202&search_id=114132&scans_id=110198&peptide_id=28081&scanf=35963&charge=3&value=16/60,sp|Q13619|CUL4A_HUMAN,/core/www/modules//consensus/?run_id=110202&search_id=114132&scans_id=110198&peptide_id=28081&scanf=35963&charge=3&value=sp|Q13619|CUL4A_HUMAN,1,/core/www/modules/match_peptides/blast_html4.php?run_id=110202&search_id=114132&scans_id=110198&peptide_id=28081&scanf=35963&charge=3&value=1,K.TLGHNLLVSELYNQLK.F,/core/www/modules/show_out/show_out_wrapper.php?run_id=110202&search_id=114132&scans_id=110198&peptide_id=28081&scanf=35963&charge=3&value=K.TLGHNLLVSELYNQLK.F,CUL4A,1.809e+6,3.235,0.002,2.756,0.000
35965,2,"  3.788","  0.580",15/32,/core/www/modules//sdig/index.php?run_id=110202&search_id=114132&scans_id=110198&peptide_id=28083&scanf=35965&charge=2&value=15/32,sp|Q04637|IF4G1_HUMAN,/core/www/modules//consensus/?run_id=110202&search_id=114132&scans_id=110198&peptide_id=28083&scanf=35965&charge=2&value=sp|Q04637|IF4G1_HUMAN,5,/core/www/modules/match_peptides/blast_html4.php?run_id=110202&search_id=114132&scans_id=110198&peptide_id=28083&scanf=35965&charge=2&value=5,R.GLPLVDDGGWNTVPISK.G,/core/www/modules/show_out/show_out_wrapper.php?run_id=110202&search_id=114132&scans_id=110198&peptide_id=28083&scanf=35965&charge=2&value=R.GLPLVDDGGWNTVPISK.G,EIF4G1,1.752e+6,3.165,0.002,2.652,0.000
35966,2,"  1.115","  0.187",6/12,/core/www/modules//sdig/index.php?run_id=110202&search_id=114132&scans_id=110198&peptide_id=28084&scanf=35966&charge=2&value=6/12,sp|Q9NQW5|PRDM7_HUMAN,/core/www/modules//consensus/?run_id=110202&search_id=114132&scans_id=110198&peptide_id=28084&scanf=35966&charge=2&value=sp|Q9NQW5|PRDM7_HUMAN,0,/core/www/modules/match_peptides/blast_html4.php?run_id=110202&search_id=114132&scans_id=110198&peptide_id=28084&scanf=35966&charge=2&value=0,R.IPAQGIR.I,/core/www/modules/show_out/show_out_wrapper.php?run_id=110202&search_id=114132&scans_id=110198&peptide_id=28084&scanf=35966&charge=2&value=R.IPAQGIR.I,PRDM7,1.500e+6,2.039,0.094,1.025,0.004
35969,2,"  3.583","  0.538",16/30,/core/www/modules//sdig/index.php?run_id=110202&search_id=114132&scans_id=110198&peptide_id=28087&scanf=35969&charge=2&value=16/30,sp|P25705|ATPA_HUMAN,/core/www/modules//consensus/?run_id=110202&search_id=114132&scans_id=110198&peptide_id=28087&scanf=35969&charge=2&value=sp|P25705|ATPA_HUMAN,4,/core/www/modules/match_peptides/blast_html4.php?run_id=110202&search_id=114132&scans_id=110198&peptide_id=28087&scanf=35969&charge=2&value=4,R.TGAIVDVPVGEELLGR.V,/core/www/modules/show_out/show_out_wrapper.php?run_id=110202&search_id=114132&scans_id=110198&peptide_id=28087&scanf=35969&charge=2&value=R.TGAIVDVPVGEELLGR.V,ATP5F1A,5.245e+7,3.203,0.002,2.708,0.000
35975,3,"  3.484","  0.461",11/108,/core/www/modules//sdig/index.php?run_id=110202&search_id=114132&scans_id=110198&peptide_id=28093&scanf=35975&charge=3&value=11/108,sp|Q02880|TOP2B_HUMAN,/core/www/modules//consensus/?run_id=110202&search_id=114132&scans_id=110198&peptide_id=28093&scanf=35975&charge=3&value=sp|Q02880|TOP2B_HUMAN,2,/core/www/modules/match_peptides/blast_html4.php?run_id=110202&search_id=114132&scans_id=110198&peptide_id=28093&scanf=35975&charge=3&value=2,K.VEFDEEFSGAPVEGAGEEALTPSVPINK.G,/core/www/modules/show_out/show_out_wrapper.php?run_id=110202&search_id=114132&scans_id=110198&peptide_id=28093&scanf=35975&charge=3&value=K.VEFDEEFSGAPVEGAGEEALTPSVPINK.G,TOP2B,3.477e+6,2.312,0.039,1.404,0.001
35976,2,"  4.001","  0.493",14/26,/core/www/modules//sdig/index.php?run_id=110202&search_id=114132&scans_id=110198&peptide_id=28094&scanf=35976&charge=2&value=14/26,sp|P18583|SON_HUMAN,/core/www/modules//consensus/?run_id=110202&search_id=114132&scans_id=110198&peptide_id=28094&scanf=35976&charge=2&value=sp|P18583|SON_HUMAN,2,/core/www/modules/match_peptides/blast_html4.php?run_id=110202&search_id=114132&scans_id=110198&peptide_id=28094&scanf=35976&charge=2&value=2,K.IEEVLSGVLDTELR.Y,/core/www/modules/show_out/show_out_wrapper.php?run_id=110202&search_id=114132&scans_id=110198&peptide_id=28094&scanf=35976&charge=2&value=K.IEEVLSGVLDTELR.Y,SON,5.009e+6,3.209,0.002,2.717,0.000
35978,3,"  3.691","  0.444",19/68,/core/www/modules//sdig/index.php?run_id=110202&search_id=114132&scans_id=110198&peptide_id=28096&scanf=35978&charge=3&value=19/68,sp|P78527|PRKDC_HUMAN,/core/www/modules//consensus/?run_id=110202&search_id=114132&scans_id=110198&peptide_id=28096&scanf=35978&charge=3&value=sp|P78527|PRKDC_HUMAN,0,/core/www/modules/match_peptides/blast_html4.php?run_id=110202&search_id=114132&scans_id=110198&peptide_id=28096&scanf=35978&charge=3&value=0,K.NLDLAVLELM*QSSVDNTK.M,/core/www/modules/show_out/show_out_wrapper.php?run_id=110202&search_id=114132&scans_id=110198&peptide_id=28096&scanf=35978&charge=3&value=K.NLDLAVLELM*QSSVDNTK.M,PRKDC,1.878e+6,3.585,0.001,3.274,0.000
35979,3,"  3.661","  0.306",13/68,/core/www/modules//sdig/index.php?run_id=110202&search_id=114132&scans_id=110198&peptide_id=28097&scanf=35979&charge=3&value=13/68,sp|O75400|PR40A_HUMAN,/core/www/modules//consensus/?run_id=110202&search_id=114132&scans_id=110198&peptide_id=28097&scanf=35979&charge=3&value=sp|O75400|PR40A_HUMAN,5,/core/www/modules/match_peptides/blast_html4.php?run_id=110202&search_id=114132&scans_id=110198&peptide_id=28097&scanf=35979&charge=3&value=5,K.KAEQMFGEMEVWNAISER.D,/core/www/modules/show_out/show_out_wrapper.php?run_id=110202&search_id=114132&scans_id=110198&peptide_id=28097&scanf=35979&charge=3&value=K.KAEQMFGEMEVWNAISER.D,PRPF40A,1.537e+6,2.003,0.106,0.977,0.005
35981,3,"  3.255","  0.276",14/76,/core/www/modules//sdig/index.php?run_id=110202&search_id=114132&scans_id=110198&peptide_id=28100&scanf=35981&charge=3&value=14/76,sp|P51531|SMCA2_HUMAN,/core/www/modules//consensus/?run_id=110202&search_id=114132&scans_id=110198&peptide_id=28100&scanf=35981&charge=3&value=sp|P51531|SMCA2_HUMAN,23,/core/www/modules/match_peptides/blast_html4.php?run_id=110202&search_id=114132&scans_id=110198&peptide_id=28100&scanf=35981&charge=3&value=23,R.LMEEDELPSWIIKDDAEVER.L,/core/www/modules/show_out/show_out_wrapper.php?run_id=110202&search_id=114132&scans_id=110198&peptide_id=28100&scanf=35981&charge=3&value=R.LMEEDELPSWIIKDDAEVER.L,SMARCA2,5.845e+7,1.986,0.111,0.954,0.005
35990,2,"  3.269","  0.555",11/22,/core/www/modules//sdig/index.php?run_id=110202&search_id=114132&scans_id=110198&peptide_id=28110&scanf=35990&charge=2&value=11/22,sp|P53618|COPB_HUMAN,/core/www/modules//consensus/?run_id=110202&search_id=114132&scans_id=110198&peptide_id=28110&scanf=35990&charge=2&value=sp|P53618|COPB_HUMAN,1,/core/www/modules/match_peptides/blast_html4.php?run_id=110202&search_id=114132&scans_id=110198&peptide_id=28110&scanf=35990&charge=2&value=1,K.TLQLALDLVSSR.N,/core/www/modules/show_out/show_out_wrapper.php?run_id=110202&search_id=114132&scans_id=110198&peptide_id=28110&scanf=35990&charge=2&value=K.TLQLALDLVSSR.N,COPB1,2.499e+6,3.319,0.001,2.881,0.000
35991,2,"  1.860","  0.407",9/14,/core/www/modules//sdig/index.php?run_id=110202&search_id=114132&scans_id=110198&peptide_id=28111&scanf=35991&charge=2&value=9/14,sp|Q5JTZ9|SYAM_HUMAN,/core/www/modules//consensus/?run_id=110202&search_id=114132&scans_id=110198&peptide_id=28111&scanf=35991&charge=2&value=sp|Q5JTZ9|SYAM_HUMAN,0,/core/www/modules/match_peptides/blast_html4.php?run_id=110202&search_id=114132&scans_id=110198&peptide_id=28111&scanf=35991&charge=2&value=0,R.AAFLNFFR.D,/core/www/modules/show_out/show_out_wrapper.php?run_id=110202&search_id=114132&scans_id=110198&peptide_id=28111&scanf=35991&charge=2&value=R.AAFLNFFR.D,AARS2,2.229e+6,2.991,0.004,2.394,0.000
35992,3,"  2.452","  0.359",9/60,/core/www/modules//sdig/index.php?run_id=110202&search_id=114132&scans_id=110198&peptide_id=28112&scanf=35992&charge=3&value=9/60,sp|P18621|RL17_HUMAN,/core/www/modules//consensus/?run_id=110202&search_id=114132&scans_id=110198&peptide_id=28112&scanf=35992&charge=3&value=sp|P18621|RL17_HUMAN,9,/core/www/modules/match_peptides/blast_html4.php?run_id=110202&search_id=114132&scans_id=110198&peptide_id=28112&scanf=35992&charge=3&value=9,K.GLDVDSLVIEHIQVNK.A,/core/www/modules/show_out/show_out_wrapper.php?run_id=110202&search_id=114132&scans_id=110198&peptide_id=28112&scanf=35992&charge=3&value=K.GLDVDSLVIEHIQVNK.A,RPL17,1.226e+6,2.427,0.027,1.568,0.001
35998,2,"  2.784","  0.353",9/20,/core/www/modules//sdig/index.php?run_id=110202&search_id=114132&scans_id=110198&peptide_id=28117&scanf=35998&charge=2&value=9/20,sp|Q9NYU2|UGGG1_HUMAN,/core/www/modules//consensus/?run_id=110202&search_id=114132&scans_id=110198&peptide_id=28117&scanf=35998&charge=2&value=sp|Q9NYU2|UGGG1_HUMAN,0,/core/www/modules/match_peptides/blast_html4.php?run_id=110202&search_id=114132&scans_id=110198&peptide_id=28117&scanf=35998&charge=2&value=0,K.FLFVDADQIVR.T,/core/www/modules/show_out/show_out_wrapper.php?run_id=110202&search_id=114132&scans_id=110198&peptide_id=28117&scanf=35998&charge=2&value=K.FLFVDADQIVR.T,UGGT1,3.386e+6,2.488,0.022,1.656,0.001
36001,4,"  4.391","  0.561",19/132,/core/www/modules//sdig/index.php?run_id=110202&search_id=114132&scans_id=110198&peptide_id=28121&scanf=36001&charge=4&value=19/132,sp|Q6P2C8|MED27_HUMAN,/core/www/modules//consensus/?run_id=110202&search_id=114132&scans_id=110198&peptide_id=28121&scanf=36001&charge=4&value=sp|Q6P2C8|MED27_HUMAN,1,/core/www/modules/match_peptides/blast_html4.php?run_id=110202&search_id=114132&scans_id=110198&peptide_id=28121&scanf=36001&charge=4&value=1,K.VTDHATTALLHYQLPQMPDVVVR.S,/core/www/modules/show_out/show_out_wrapper.php?run_id=110202&search_id=114132&scans_id=110198&peptide_id=28121&scanf=36001&charge=4&value=K.VTDHATTALLHYQLPQMPDVVVR.S,MED27,2.047e+6,3.347,0.001,2.921,0.000
36002,2,"  4.440","  0.649",21/36,/core/www/modules//sdig/index.php?run_id=110202&search_id=114132&scans_id=110198&peptide_id=28122&scanf=36002&charge=2&value=21/36,sp|Q5JTH9|RRP12_HUMAN,/core/www/modules//consensus/?run_id=110202&search_id=114132&scans_id=110198&peptide_id=28122&scanf=36002&charge=2&value=sp|Q5JTH9|RRP12_HUMAN,1,/core/www/modules/match_peptides/blast_html4.php?run_id=110202&search_id=114132&scans_id=110198&peptide_id=28122&scanf=36002&charge=2&value=1,K.SEAPETPMEEEAELVLTEK.S,/core/www/modules/show_out/show_out_wrapper.php?run_id=110202&search_id=114132&scans_id=110198&peptide_id=28122&scanf=36002&charge=2&value=K.SEAPETPMEEEAELVLTEK.S,RRP12,6.058e+6,3.611,0.000,3.312,0.000
36003,2,"  2.376","  0.288",10/16,/core/www/modules//sdig/index.php?run_id=110202&search_id=114132&scans_id=110198&peptide_id=28123&scanf=36003&charge=2&value=10/16,sp|Q03001|DYST_HUMAN,/core/www/modules//consensus/?run_id=110202&search_id=114132&scans_id=110198&peptide_id=28123&scanf=36003&charge=2&value=sp|Q03001|DYST_HUMAN,5,/core/www/modules/match_peptides/blast_html4.php?run_id=110202&search_id=114132&scans_id=110198&peptide_id=28123&scanf=36003&charge=2&value=5,K.LDVLESLIK.D,/core/www/modules/show_out/show_out_wrapper.php?run_id=110202&search_id=114132&scans_id=110198&peptide_id=28123&scanf=36003&charge=2&value=K.LDVLESLIK.D,DST,1.978e+6,2.649,0.013,1.891,0.000
36004,3,"  2.531","  0.456",14/64,/core/www/modules//sdig/index.php?run_id=110202&search_id=114132&scans_id=110198&peptide_id=28124&scanf=36004&charge=3&value=14/64,sp|Q9UII4|HERC5_HUMAN,/core/www/modules//consensus/?run_id=110202&search_id=114132&scans_id=110198&peptide_id=28124&scanf=36004&charge=3&value=sp|Q9UII4|HERC5_HUMAN,0,/core/www/modules/match_peptides/blast_html4.php?run_id=110202&search_id=114132&scans_id=110198&peptide_id=28124&scanf=36004&charge=3&value=0,K.SPGAQLWLFPSAAGLHR.A,/core/www/modules/show_out/show_out_wrapper.php?run_id=110202&search_id=114132&scans_id=110198&peptide_id=28124&scanf=36004&charge=3&value=K.SPGAQLWLFPSAAGLHR.A,HERC5,3.448e+6,2.748,0.009,2.037,0.000
36008,2,"  2.843","  0.446",10/30,/core/www/modules//sdig/index.php?run_id=110202&search_id=114132&scans_id=110198&peptide_id=28128&scanf=36008&charge=2&value=10/30,sp|Q14692|BMS1_HUMAN,/core/www/modules//consensus/?run_id=110202&search_id=114132&scans_id=110198&peptide_id=28128&scanf=36008&charge=2&value=sp|Q14692|BMS1_HUMAN,0,/core/www/modules/match_peptides/blast_html4.php?run_id=110202&search_id=114132&scans_id=110198&peptide_id=28128&scanf=36008&charge=2&value=0,K.LVYAPLSGVGGVLYDK.D,/core/www/modules/show_out/show_out_wrapper.php?run_id=110202&search_id=114132&scans_id=110198&peptide_id=28128&scanf=36008&charge=2&value=K.LVYAPLSGVGGVLYDK.D,BMS1,1.654e+6,2.552,0.018,1.750,0.000
36011,3,"  3.348","  0.432",11/68,/core/www/modules//sdig/index.php?run_id=110202&search_id=114132&scans_id=110198&peptide_id=28132&scanf=36011&charge=3&value=11/68,sp|P56545|CTBP2_HUMAN,/core/www/modules//consensus/?run_id=110202&search_id=114132&scans_id=110198&peptide_id=28132&scanf=36011&charge=3&value=sp|P56545|CTBP2_HUMAN,0,/core/www/modules/match_peptides/blast_html4.php?run_id=110202&search_id=114132&scans_id=110198&peptide_id=28132&scanf=36011&charge=3&value=0,K.VLNEAVGAMMYHTITLTR.E,/core/www/modules/show_out/show_out_wrapper.php?run_id=110202&search_id=114132&scans_id=110198&peptide_id=28132&scanf=36011&charge=3&value=K.VLNEAVGAMMYHTITLTR.E,CTBP2,1.491e+6,2.556,0.018,1.755,0.000
36013,3,"  3.967","  0.538",17/76,/core/www/modules//sdig/index.php?run_id=110202&search_id=114132&scans_id=110198&peptide_id=28134&scanf=36013&charge=3&value=17/76,sp|Q08211|DHX9_HUMAN,/core/www/modules//consensus/?run_id=110202&search_id=114132&scans_id=110198&peptide_id=28134&scanf=36013&charge=3&value=sp|Q08211|DHX9_HUMAN,0,/core/www/modules/match_peptides/blast_html4.php?run_id=110202&search_id=114132&scans_id=110198&peptide_id=28134&scanf=36013&charge=3&value=0,K.NELMYQLEQDHDLQAILQER.E,/core/www/modules/show_out/show_out_wrapper.php?run_id=110202&search_id=114132&scans_id=110198&peptide_id=28134&scanf=36013&charge=3&value=K.NELMYQLEQDHDLQAILQER.E,DHX9,1.799e+6,3.327,0.001,2.891,0.000
36019,4,"  5.789","  0.612",19/132,/core/www/modules//sdig/index.php?run_id=110202&search_id=114132&scans_id=110198&peptide_id=28139&scanf=36019&charge=4&value=19/132,sp|Q6P2C8|MED27_HUMAN,/core/www/modules//consensus/?run_id=110202&search_id=114132&scans_id=110198&peptide_id=28139&scanf=36019&charge=4&value=sp|Q6P2C8|MED27_HUMAN,1,/core/www/modules/match_peptides/blast_html4.php?run_id=110202&search_id=114132&scans_id=110198&peptide_id=28139&scanf=36019&charge=4&value=1,K.VTDHATTALLHYQLPQMPDVVVR.S,/core/www/modules/show_out/show_out_wrapper.php?run_id=110202&search_id=114132&scans_id=110198&peptide_id=28139&scanf=36019&charge=4&value=K.VTDHATTALLHYQLPQMPDVVVR.S,MED27,2.047e+6,3.622,0.000,3.329,0.000
36020,3,"  5.089","  0.670",18/72,/core/www/modules//sdig/index.php?run_id=110202&search_id=114132&scans_id=110198&peptide_id=28141&scanf=36020&charge=3&value=18/72,sp|P36578|RL4_HUMAN,/core/www/modules//consensus/?run_id=110202&search_id=114132&scans_id=110198&peptide_id=28141&scanf=36020&charge=3&value=sp|P36578|RL4_HUMAN,1,/core/www/modules/match_peptides/blast_html4.php?run_id=110202&search_id=114132&scans_id=110198&peptide_id=28141&scanf=36020&charge=3&value=1,R.IEEVPELPLVVEDKVEGYK.K,/core/www/modules/show_out/show_out_wrapper.php?run_id=110202&search_id=114132&scans_id=110198&peptide_id=28141&scanf=36020&charge=3&value=R.IEEVPELPLVVEDKVEGYK.K,RPL4,3.323e+7,3.318,0.001,2.879,0.000
36022,2,"  2.994","  0.124",10/22,/core/www/modules//sdig/index.php?run_id=110202&search_id=114132&scans_id=110198&peptide_id=28143&scanf=36022&charge=2&value=10/22,sp|Q92797|SYMPK_HUMAN,/core/www/modules//consensus/?run_id=110202&search_id=114132&scans_id=110198&peptide_id=28143&scanf=36022&charge=2&value=sp|Q92797|SYMPK_HUMAN,2,/core/www/modules/match_peptides/blast_html4.php?run_id=110202&search_id=114132&scans_id=110198&peptide_id=28143&scanf=36022&charge=2&value=2,K.FVEGLIVTLSPR.M,/core/www/modules/show_out/show_out_wrapper.php?run_id=110202&search_id=114132&scans_id=110198&peptide_id=28143&scanf=36022&charge=2&value=K.FVEGLIVTLSPR.M,SYMPK,2.182e+6,1.830,0.176,0.755,0.010
36025,3,"  2.871","  0.271",7/52,/core/www/modules//sdig/index.php?run_id=110202&search_id=114132&scans_id=110198&peptide_id=28146&scanf=36025&charge=3&value=7/52,sp|O43929|ORC4_HUMAN,/core/www/modules//consensus/?run_id=110202&search_id=114132&scans_id=110198&peptide_id=28146&scanf=36025&charge=3&value=sp|O43929|ORC4_HUMAN,0,/core/www/modules/match_peptides/blast_html4.php?run_id=110202&search_id=114132&scans_id=110198&peptide_id=28146&scanf=36025&charge=3&value=0,K.LLLDNTQIMNALQK.Y,/core/www/modules/show_out/show_out_wrapper.php?run_id=110202&search_id=114132&scans_id=110198&peptide_id=28146&scanf=36025&charge=3&value=K.LLLDNTQIMNALQK.Y,ORC4,3.385e+6,2.154,0.066,1.182,0.002
36026,2,"  4.314","  0.614",13/24,/core/www/modules//sdig/index.php?run_id=110202&search_id=114132&scans_id=110198&peptide_id=28147&scanf=36026&charge=2&value=13/24,sp|Q12873|CHD3_HUMAN,/core/www/modules//consensus/?run_id=110202&search_id=114132&scans_id=110198&peptide_id=28147&scanf=36026&charge=2&value=sp|Q12873|CHD3_HUMAN,21,/core/www/modules/match_peptides/blast_html4.php?run_id=110202&search_id=114132&scans_id=110198&peptide_id=28147&scanf=36026&charge=2&value=21,K.LLEQALVIEEQLR.R,/core/www/modules/show_out/show_out_wrapper.php?run_id=110202&search_id=114132&scans_id=110198&peptide_id=28147&scanf=36026&charge=2&value=K.LLEQALVIEEQLR.R,CHD3,1.247e+7,3.571,0.001,3.254,0.000
36029,3,"  3.416","  0.487",11/56,/core/www/modules//sdig/index.php?run_id=110202&search_id=114132&scans_id=110198&peptide_id=28150&scanf=36029&charge=3&value=11/56,sp|Q9Y4L1|HYOU1_HUMAN,/core/www/modules//consensus/?run_id=110202&search_id=114132&scans_id=110198&peptide_id=28150&scanf=36029&charge=3&value=sp|Q9Y4L1|HYOU1_HUMAN,4,/core/www/modules/match_peptides/blast_html4.php?run_id=110202&search_id=114132&scans_id=110198&peptide_id=28150&scanf=36029&charge=3&value=4,K.AANSLEAFIFETQDK.L,/core/www/modules/show_out/show_out_wrapper.php?run_id=110202&search_id=114132&scans_id=110198&peptide_id=28150&scanf=36029&charge=3&value=K.AANSLEAFIFETQDK.L,HYOU1,3.393e+6,2.971,0.004,2.366,0.000
36032,2,"  2.200","  0.300",9/18,/core/www/modules//sdig/index.php?run_id=110202&search_id=114132&scans_id=110198&peptide_id=28154&scanf=36032&charge=2&value=9/18,sp|O75694|NU155_HUMAN,/core/www/modules//consensus/?run_id=110202&search_id=114132&scans_id=110198&peptide_id=28154&scanf=36032&charge=2&value=sp|O75694|NU155_HUMAN,1,/core/www/modules/match_peptides/blast_html4.php?run_id=110202&search_id=114132&scans_id=110198&peptide_id=28154&scanf=36032&charge=2&value=1,R.LLEVYDQLFK.S,/core/www/modules/show_out/show_out_wrapper.php?run_id=110202&search_id=114132&scans_id=110198&peptide_id=28154&scanf=36032&charge=2&value=R.LLEVYDQLFK.S,NUP155,2.629e+6,2.402,0.029,1.533,0.001
36034,3,"  1.728","  0.323",9/40,/core/www/modules//sdig/index.php?run_id=110202&search_id=114132&scans_id=110198&peptide_id=28156&scanf=36034&charge=3&value=9/40,sp|Q12789|TF3C1_HUMAN,/core/www/modules//consensus/?run_id=110202&search_id=114132&scans_id=110198&peptide_id=28156&scanf=36034&charge=3&value=sp|Q12789|TF3C1_HUMAN,1,/core/www/modules/match_peptides/blast_html4.php?run_id=110202&search_id=114132&scans_id=110198&peptide_id=28156&scanf=36034&charge=3&value=1,R.NLIIEAVTNLR.L,/core/www/modules/show_out/show_out_wrapper.php?run_id=110202&search_id=114132&scans_id=110198&peptide_id=28156&scanf=36034&charge=3&value=R.NLIIEAVTNLR.L,GTF3C1,1.510e+6,2.590,0.016,1.805,0.000
36038,2,"  3.082","  0.514",13/26,/core/www/modules//sdig/index.php?run_id=110202&search_id=114132&scans_id=110198&peptide_id=28159&scanf=36038&charge=2&value=13/26,sp|P30048|PRDX3_HUMAN,/core/www/modules//consensus/?run_id=110202&search_id=114132&scans_id=110198&peptide_id=28159&scanf=36038&charge=2&value=sp|P30048|PRDX3_HUMAN,0,/core/www/modules/match_peptides/blast_html4.php?run_id=110202&search_id=114132&scans_id=110198&peptide_id=28159&scanf=36038&charge=2&value=0,R.DYGVLLEGSGLALR.G,/core/www/modules/show_out/show_out_wrapper.php?run_id=110202&search_id=114132&scans_id=110198&peptide_id=28159&scanf=36038&charge=2&value=R.DYGVLLEGSGLALR.G,PRDX3,7.771e+6,2.981,0.004,2.380,0.000
36040,3,"  3.550","  0.506",17/60,/core/www/modules//sdig/index.php?run_id=110202&search_id=114132&scans_id=110198&peptide_id=28162&scanf=36040&charge=3&value=17/60,sp|Q7L2H7|EIF3M_HUMAN,/core/www/modules//consensus/?run_id=110202&search_id=114132&scans_id=110198&peptide_id=28162&scanf=36040&charge=3&value=sp|Q7L2H7|EIF3M_HUMAN,1,/core/www/modules/match_peptides/blast_html4.php?run_id=110202&search_id=114132&scans_id=110198&peptide_id=28162&scanf=36040&charge=3&value=1,K.DFIDSLGLLHEQNMAK.M,/core/www/modules/show_out/show_out_wrapper.php?run_id=110202&search_id=114132&scans_id=110198&peptide_id=28162&scanf=36040&charge=3&value=K.DFIDSLGLLHEQNMAK.M,EIF3M,5.865e+6,3.138,0.002,2.613,0.000
36045,3,"  2.611","  0.430",10/60,/core/www/modules//sdig/index.php?run_id=110202&search_id=114132&scans_id=110198&peptide_id=28167&scanf=36045&charge=3&value=10/60,sp|Q9BRT2|UQCC2_HUMAN,/core/www/modules//consensus/?run_id=110202&search_id=114132&scans_id=110198&peptide_id=28167&scanf=36045&charge=3&value=sp|Q9BRT2|UQCC2_HUMAN,2,/core/www/modules/match_peptides/blast_html4.php?run_id=110202&search_id=114132&scans_id=110198&peptide_id=28167&scanf=36045&charge=3&value=2,K.LILSTDTLEELKEIDK.G,/core/www/modules/show_out/show_out_wrapper.php?run_id=110202&search_id=114132&scans_id=110198&peptide_id=28167&scanf=36045&charge=3&value=K.LILSTDTLEELKEIDK.G,UQCC2,1.603e+6,2.357,0.034,1.468,0.001
36047,2,"  1.803","  0.312",8/16,/core/www/modules//sdig/index.php?run_id=110202&search_id=114132&scans_id=110198&peptide_id=28169&scanf=36047&charge=2&value=8/16,sp|Q96QK1|VPS35_HUMAN,/core/www/modules//consensus/?run_id=110202&search_id=114132&scans_id=110198&peptide_id=28169&scanf=36047&charge=2&value=sp|Q96QK1|VPS35_HUMAN,0,/core/www/modules/match_peptides/blast_html4.php?run_id=110202&search_id=114132&scans_id=110198&peptide_id=28169&scanf=36047&charge=2&value=0,K.NIIIALIDR.L,/core/www/modules/show_out/show_out_wrapper.php?run_id=110202&search_id=114132&scans_id=110198&peptide_id=28169&scanf=36047&charge=2&value=K.NIIIALIDR.L,VPS35,2.481e+6,2.504,0.021,1.680,0.000
36048,2,"  3.219","  0.580",11/24,/core/www/modules//sdig/index.php?run_id=110202&search_id=114132&scans_id=110198&peptide_id=28170&scanf=36048&charge=2&value=11/24,sp|Q13813|SPTN1_HUMAN,/core/www/modules//consensus/?run_id=110202&search_id=114132&scans_id=110198&peptide_id=28170&scanf=36048&charge=2&value=sp|Q13813|SPTN1_HUMAN,2,/core/www/modules/match_peptides/blast_html4.php?run_id=110202&search_id=114132&scans_id=110198&peptide_id=28170&scanf=36048&charge=2&value=2,R.ELPTAFDYVEFTR.S,/core/www/modules/show_out/show_out_wrapper.php?run_id=110202&search_id=114132&scans_id=110198&peptide_id=28170&scanf=36048&charge=2&value=R.ELPTAFDYVEFTR.S,SPTAN1,6.390e+6,3.389,0.001,2.983,0.000
36052,2,"  4.199","  0.480",16/28,/core/www/modules//sdig/index.php?run_id=110202&search_id=114132&scans_id=110198&peptide_id=28175&scanf=36052&charge=2&value=16/28,sp|O60884|DNJA2_HUMAN,/core/www/modules//consensus/?run_id=110202&search_id=114132&scans_id=110198&peptide_id=28175&scanf=36052&charge=2&value=sp|O60884|DNJA2_HUMAN,0,/core/www/modules/match_peptides/blast_html4.php?run_id=110202&search_id=114132&scans_id=110198&peptide_id=28175&scanf=36052&charge=2&value=0,K.FDVQFPENNWINPDK.L,/core/www/modules/show_out/show_out_wrapper.php?run_id=110202&search_id=114132&scans_id=110198&peptide_id=28175&scanf=36052&charge=2&value=K.FDVQFPENNWINPDK.L,DNAJA2,1.144e+6,3.077,0.003,2.522,0.000
36053,3,"  3.061","  0.517",14/68,/core/www/modules//sdig/index.php?run_id=110202&search_id=114132&scans_id=110198&peptide_id=28176&scanf=36053&charge=3&value=14/68,sp|O75691|UTP20_HUMAN,/core/www/modules//consensus/?run_id=110202&search_id=114132&scans_id=110198&peptide_id=28176&scanf=36053&charge=3&value=sp|O75691|UTP20_HUMAN,0,/core/www/modules/match_peptides/blast_html4.php?run_id=110202&search_id=114132&scans_id=110198&peptide_id=28176&scanf=36053&charge=3&value=0,R.TEEIDAVFHGAVWPQISR.L,/core/www/modules/show_out/show_out_wrapper.php?run_id=110202&search_id=114132&scans_id=110198&peptide_id=28176&scanf=36053&charge=3&value=R.TEEIDAVFHGAVWPQISR.L,UTP20,2.582e+6,3.017,0.004,2.434,0.000
36058,3,"  4.774","  0.447",13/68,/core/www/modules//sdig/index.php?run_id=110202&search_id=114132&scans_id=110198&peptide_id=28180&scanf=36058&charge=3&value=13/68,sp|P35580|MYH10_HUMAN,/core/www/modules//consensus/?run_id=110202&search_id=114132&scans_id=110198&peptide_id=28180&scanf=36058&charge=3&value=sp|P35580|MYH10_HUMAN,1,/core/www/modules/match_peptides/blast_html4.php?run_id=110202&search_id=114132&scans_id=110198&peptide_id=28180&scanf=36058&charge=3&value=1,K.LQNELDNVSTLLEEAEKK.G,/core/www/modules/show_out/show_out_wrapper.php?run_id=110202&search_id=114132&scans_id=110198&peptide_id=28180&scanf=36058&charge=3&value=K.LQNELDNVSTLLEEAEKK.G,MYH10,4.426e+6,2.449,0.025,1.600,0.001
36059,3,"  3.773","  0.421",14/52,/core/www/modules//sdig/index.php?run_id=110202&search_id=114132&scans_id=110198&peptide_id=28181&scanf=36059&charge=3&value=14/52,sp|Q9NU22|MDN1_HUMAN,/core/www/modules//consensus/?run_id=110202&search_id=114132&scans_id=110198&peptide_id=28181&scanf=36059&charge=3&value=sp|Q9NU22|MDN1_HUMAN,0,/core/www/modules/match_peptides/blast_html4.php?run_id=110202&search_id=114132&scans_id=110198&peptide_id=28181&scanf=36059&charge=3&value=0,R.DSQMALVESLEYVR.G,/core/www/modules/show_out/show_out_wrapper.php?run_id=110202&search_id=114132&scans_id=110198&peptide_id=28181&scanf=36059&charge=3&value=R.DSQMALVESLEYVR.G,MDN1,3.342e+6,3.124,0.003,2.592,0.000
36060,3,"  5.081","  0.569",20/76,/core/www/modules//sdig/index.php?run_id=110202&search_id=114132&scans_id=110198&peptide_id=28183&scanf=36060&charge=3&value=20/76,sp|O75369|FLNB_HUMAN,/core/www/modules//consensus/?run_id=110202&search_id=114132&scans_id=110198&peptide_id=28183&scanf=36060&charge=3&value=sp|O75369|FLNB_HUMAN,3,/core/www/modules/match_peptides/blast_html4.php?run_id=110202&search_id=114132&scans_id=110198&peptide_id=28183&scanf=36060&charge=3&value=3,K.GLHVVEVTYDDVPIPNSPFK.V,/core/www/modules/show_out/show_out_wrapper.php?run_id=110202&search_id=114132&scans_id=110198&peptide_id=28183&scanf=36060&charge=3&value=K.GLHVVEVTYDDVPIPNSPFK.V,FLNB,4.415e+6,3.358,0.001,2.937,0.000
36064,2,"  2.952","  0.476",12/22,/core/www/modules//sdig/index.php?run_id=110202&search_id=114132&scans_id=110198&peptide_id=28187&scanf=36064&charge=2&value=12/22,sp|A6NHR9|SMHD1_HUMAN,/core/www/modules//consensus/?run_id=110202&search_id=114132&scans_id=110198&peptide_id=28187&scanf=36064&charge=2&value=sp|A6NHR9|SMHD1_HUMAN,3,/core/www/modules/match_peptides/blast_html4.php?run_id=110202&search_id=114132&scans_id=110198&peptide_id=28187&scanf=36064&charge=2&value=3,R.DSTEYFIVFEPR.L,/core/www/modules/show_out/show_out_wrapper.php?run_id=110202&search_id=114132&scans_id=110198&peptide_id=28187&scanf=36064&charge=2&value=R.DSTEYFIVFEPR.L,SMCHD1,1.347e+7,3.237,0.002,2.758,0.000
36066,2,"  3.017","  0.496",13/24,/core/www/modules//sdig/index.php?run_id=110202&search_id=114132&scans_id=110198&peptide_id=28189&scanf=36066&charge=2&value=13/24,sp|Q13813|SPTN1_HUMAN,/core/www/modules//consensus/?run_id=110202&search_id=114132&scans_id=110198&peptide_id=28189&scanf=36066&charge=2&value=sp|Q13813|SPTN1_HUMAN,2,/core/www/modules/match_peptides/blast_html4.php?run_id=110202&search_id=114132&scans_id=110198&peptide_id=28189&scanf=36066&charge=2&value=2,R.ELPTAFDYVEFTR.S,/core/www/modules/show_out/show_out_wrapper.php?run_id=110202&search_id=114132&scans_id=110198&peptide_id=28189&scanf=36066&charge=2&value=R.ELPTAFDYVEFTR.S,SPTAN1,6.390e+6,3.045,0.003,2.474,0.000
36068,2,"  2.217","  0.458",9/16,/core/www/modules//sdig/index.php?run_id=110202&search_id=114132&scans_id=110198&peptide_id=28191&scanf=36068&charge=2&value=9/16,sp|Q9UFC0|LRWD1_HUMAN,/core/www/modules//consensus/?run_id=110202&search_id=114132&scans_id=110198&peptide_id=28191&scanf=36068&charge=2&value=sp|Q9UFC0|LRWD1_HUMAN,1,/core/www/modules/match_peptides/blast_html4.php?run_id=110202&search_id=114132&scans_id=110198&peptide_id=28191&scanf=36068&charge=2&value=1,K.VSFLLPTLR.K,/core/www/modules/show_out/show_out_wrapper.php?run_id=110202&search_id=114132&scans_id=110198&peptide_id=28191&scanf=36068&charge=2&value=K.VSFLLPTLR.K,LRWD1,5.811e+6,3.057,0.003,2.492,0.000
36070,2,"  4.998","  0.698",22/30,/core/www/modules//sdig/index.php?run_id=110202&search_id=114132&scans_id=110198&peptide_id=28194&scanf=36070&charge=2&value=22/30,sp|Q7L2H7|EIF3M_HUMAN,/core/www/modules//consensus/?run_id=110202&search_id=114132&scans_id=110198&peptide_id=28194&scanf=36070&charge=2&value=sp|Q7L2H7|EIF3M_HUMAN,1,/core/www/modules/match_peptides/blast_html4.php?run_id=110202&search_id=114132&scans_id=110198&peptide_id=28194&scanf=36070&charge=2&value=1,K.DFIDSLGLLHEQNMAK.M,/core/www/modules/show_out/show_out_wrapper.php?run_id=110202&search_id=114132&scans_id=110198&peptide_id=28194&scanf=36070&charge=2&value=K.DFIDSLGLLHEQNMAK.M,EIF3M,1.668e+6,3.963,0.000,3.834,0.000
36071,2,"  2.720","  0.412",8/30,/core/www/modules//sdig/index.php?run_id=110202&search_id=114132&scans_id=110198&peptide_id=28195&scanf=36071&charge=2&value=8/30,sp|O14976|GAK_HUMAN,/core/www/modules//consensus/?run_id=110202&search_id=114132&scans_id=110198&peptide_id=28195&scanf=36071&charge=2&value=sp|O14976|GAK_HUMAN,0,/core/www/modules/match_peptides/blast_html4.php?run_id=110202&search_id=114132&scans_id=110198&peptide_id=28195&scanf=36071&charge=2&value=0,R.IAVMSFPAEGVESALK.N,/core/www/modules/show_out/show_out_wrapper.php?run_id=110202&search_id=114132&scans_id=110198&peptide_id=28195&scanf=36071&charge=2&value=R.IAVMSFPAEGVESALK.N,GAK,1.303e+6,2.270,0.045,1.344,0.002
36075,2,"  3.338","  0.387",14/22,/core/www/modules//sdig/index.php?run_id=110202&search_id=114132&scans_id=110198&peptide_id=28199&scanf=36075&charge=2&value=14/22,sp|Q92797|SYMPK_HUMAN,/core/www/modules//consensus/?run_id=110202&search_id=114132&scans_id=110198&peptide_id=28199&scanf=36075&charge=2&value=sp|Q92797|SYMPK_HUMAN,2,/core/www/modules/match_peptides/blast_html4.php?run_id=110202&search_id=114132&scans_id=110198&peptide_id=28199&scanf=36075&charge=2&value=2,K.FVEGLIVTLSPR.M,/core/www/modules/show_out/show_out_wrapper.php?run_id=110202&search_id=114132&scans_id=110198&peptide_id=28199&scanf=36075&charge=2&value=K.FVEGLIVTLSPR.M,SYMPK,2.182e+6,2.966,0.004,2.357,0.000
36076,2,"  2.545","  0.473",10/24,/core/www/modules//sdig/index.php?run_id=110202&search_id=114132&scans_id=110198&peptide_id=28200&scanf=36076&charge=2&value=10/24,sp|Q9UPN3|MACF1_HUMAN,/core/www/modules//consensus/?run_id=110202&search_id=114132&scans_id=110198&peptide_id=28200&scanf=36076&charge=2&value=sp|Q9UPN3|MACF1_HUMAN,9,/core/www/modules/match_peptides/blast_html4.php?run_id=110202&search_id=114132&scans_id=110198&peptide_id=28200&scanf=36076&charge=2&value=9,K.NSVFSVLDEEIAK.A,/core/www/modules/show_out/show_out_wrapper.php?run_id=110202&search_id=114132&scans_id=110198&peptide_id=28200&scanf=36076&charge=2&value=K.NSVFSVLDEEIAK.A,MACF1,2.219e+6,2.846,0.007,2.181,0.000
36080,2,"  3.353","  0.503",13/22,/core/www/modules//sdig/index.php?run_id=110202&search_id=114132&scans_id=110198&peptide_id=28204&scanf=36080&charge=2&value=13/22,sp|Q9UBT2|SAE2_HUMAN,/core/www/modules//consensus/?run_id=110202&search_id=114132&scans_id=110198&peptide_id=28204&scanf=36080&charge=2&value=sp|Q9UBT2|SAE2_HUMAN,1,/core/www/modules/match_peptides/blast_html4.php?run_id=110202&search_id=114132&scans_id=110198&peptide_id=28204&scanf=36080&charge=2&value=1,R.QFILVMNALDNR.A,/core/www/modules/show_out/show_out_wrapper.php?run_id=110202&search_id=114132&scans_id=110198&peptide_id=28204&scanf=36080&charge=2&value=R.QFILVMNALDNR.A,UBA2,7.877e+7,3.118,0.003,2.582,0.000
36081,2,"  3.506","  0.284",15/30,/core/www/modules//sdig/index.php?run_id=110202&search_id=114132&scans_id=110198&peptide_id=28205&scanf=36081&charge=2&value=15/30,sp|P50991|TCPD_HUMAN,/core/www/modules//consensus/?run_id=110202&search_id=114132&scans_id=110198&peptide_id=28205&scanf=36081&charge=2&value=sp|P50991|TCPD_HUMAN,0,/core/www/modules/match_peptides/blast_html4.php?run_id=110202&search_id=114132&scans_id=110198&peptide_id=28205&scanf=36081&charge=2&value=0,R.ALIAGGGAPEIELALR.L,/core/www/modules/show_out/show_out_wrapper.php?run_id=110202&search_id=114132&scans_id=110198&peptide_id=28205&scanf=36081&charge=2&value=R.ALIAGGGAPEIELALR.L,CCT4,1.640e+7,2.257,0.047,1.326,0.002
36083,2,"  2.623","  0.547",15/32,/core/www/modules//sdig/index.php?run_id=110202&search_id=114132&scans_id=110198&peptide_id=28207&scanf=36083&charge=2&value=15/32,sp|O75643|U520_HUMAN,/core/www/modules//consensus/?run_id=110202&search_id=114132&scans_id=110198&peptide_id=28207&scanf=36083&charge=2&value=sp|O75643|U520_HUMAN,0,/core/www/modules/match_peptides/blast_html4.php?run_id=110202&search_id=114132&scans_id=110198&peptide_id=28207&scanf=36083&charge=2&value=0,R.MQLSAELQSDTEEILSK.A,/core/www/modules/show_out/show_out_wrapper.php?run_id=110202&search_id=114132&scans_id=110198&peptide_id=28207&scanf=36083&charge=2&value=R.MQLSAELQSDTEEILSK.A,SNRNP200,5.974e+6,3.202,0.002,2.707,0.000
36085,3,"  4.576","  0.609",19/76,/core/www/modules//sdig/index.php?run_id=110202&search_id=114132&scans_id=110198&peptide_id=28209&scanf=36085&charge=3&value=19/76,sp|P78371|TCPB_HUMAN,/core/www/modules//consensus/?run_id=110202&search_id=114132&scans_id=110198&peptide_id=28209&scanf=36085&charge=3&value=sp|P78371|TCPB_HUMAN,2,/core/www/modules/match_peptides/blast_html4.php?run_id=110202&search_id=114132&scans_id=110198&peptide_id=28209&scanf=36085&charge=3&value=2,R.LALVTGGEIASTFDHPELVK.L,/core/www/modules/show_out/show_out_wrapper.php?run_id=110202&search_id=114132&scans_id=110198&peptide_id=28209&scanf=36085&charge=3&value=R.LALVTGGEIASTFDHPELVK.L,CCT2,2.150e+7,3.287,0.001,2.832,0.000
36087,2,"  4.655","  0.777",20/32,/core/www/modules//sdig/index.php?run_id=110202&search_id=114132&scans_id=110198&peptide_id=28211&scanf=36087&charge=2&value=20/32,sp|Q9UKM9|RALY_HUMAN,/core/www/modules//consensus/?run_id=110202&search_id=114132&scans_id=110198&peptide_id=28211&scanf=36087&charge=2&value=sp|Q9UKM9|RALY_HUMAN,1,/core/www/modules/match_peptides/blast_html4.php?run_id=110202&search_id=114132&scans_id=110198&peptide_id=28211&scanf=36087&charge=2&value=1,R.AASAIYSGYIFDYDYYR.D,/core/www/modules/show_out/show_out_wrapper.php?run_id=110202&search_id=114132&scans_id=110198&peptide_id=28211&scanf=36087&charge=2&value=R.AASAIYSGYIFDYDYYR.D,RALY,2.878e+6,4.101,0.000,4.039,0.000
36089,3,"  3.186","  0.381",14/52,/core/www/modules//sdig/index.php?run_id=110202&search_id=114132&scans_id=110198&peptide_id=28213&scanf=36089&charge=3&value=14/52,sp|O94874|UFL1_HUMAN,/core/www/modules//consensus/?run_id=110202&search_id=114132&scans_id=110198&peptide_id=28213&scanf=36089&charge=3&value=sp|O94874|UFL1_HUMAN,0,/core/www/modules/match_peptides/blast_html4.php?run_id=110202&search_id=114132&scans_id=110198&peptide_id=28213&scanf=36089&charge=3&value=0,K.DLQEEVSNLYNNIR.L,/core/www/modules/show_out/show_out_wrapper.php?run_id=110202&search_id=114132&scans_id=110198&peptide_id=28213&scanf=36089&charge=3&value=K.DLQEEVSNLYNNIR.L,UFL1,1.861e+6,2.753,0.009,2.044,0.000
36090,2,"  2.801","  0.566",10/18,/core/www/modules//sdig/index.php?run_id=110202&search_id=114132&scans_id=110198&peptide_id=28214&scanf=36090&charge=2&value=10/18,sp|Q07817|B2CL1_HUMAN,/core/www/modules//consensus/?run_id=110202&search_id=114132&scans_id=110198&peptide_id=28214&scanf=36090&charge=2&value=sp|Q07817|B2CL1_HUMAN,5,/core/www/modules/match_peptides/blast_html4.php?run_id=110202&search_id=114132&scans_id=110198&peptide_id=28214&scanf=36090&charge=2&value=5,R.ELVVDFLSYK.L,/core/www/modules/show_out/show_out_wrapper.php?run_id=110202&search_id=114132&scans_id=110198&peptide_id=28214&scanf=36090&charge=2&value=R.ELVVDFLSYK.L,BCL2L1,5.393e+6,3.333,0.001,2.900,0.000
36092,2,"  2.297","  0.409",11/20,/core/www/modules//sdig/index.php?run_id=110202&search_id=114132&scans_id=110198&peptide_id=28216&scanf=36092&charge=2&value=11/20,sp|Q14498|RBM39_HUMAN,/core/www/modules//consensus/?run_id=110202&search_id=114132&scans_id=110198&peptide_id=28216&scanf=36092&charge=2&value=sp|Q14498|RBM39_HUMAN,5,/core/www/modules/match_peptides/blast_html4.php?run_id=110202&search_id=114132&scans_id=110198&peptide_id=28216&scanf=36092&charge=2&value=5,R.DLEEFFSTVGK.V,/core/www/modules/show_out/show_out_wrapper.php?run_id=110202&search_id=114132&scans_id=110198&peptide_id=28216&scanf=36092&charge=2&value=R.DLEEFFSTVGK.V,RBM39,4.981e+7,2.514,0.020,1.695,0.000
36095,2,"  2.234","  0.421",6/22,/core/www/modules//sdig/index.php?run_id=110202&search_id=114132&scans_id=110198&peptide_id=28219&scanf=36095&charge=2&value=6/22,sp|P62333|PRS10_HUMAN,/core/www/modules//consensus/?run_id=110202&search_id=114132&scans_id=110198&peptide_id=28219&scanf=36095&charge=2&value=sp|P62333|PRS10_HUMAN,3,/core/www/modules/match_peptides/blast_html4.php?run_id=110202&search_id=114132&scans_id=110198&peptide_id=28219&scanf=36095&charge=2&value=3,R.VALDMTTLTIMR.Y,/core/www/modules/show_out/show_out_wrapper.php?run_id=110202&search_id=114132&scans_id=110198&peptide_id=28219&scanf=36095&charge=2&value=R.VALDMTTLTIMR.Y,PSMC6,1.910e+7,2.453,0.025,1.607,0.001
36097,3,"  4.100","  0.477",17/80,/core/www/modules//sdig/index.php?run_id=110202&search_id=114132&scans_id=110198&peptide_id=28221&scanf=36097&charge=3&value=17/80,sp|P19447|ERCC3_HUMAN,/core/www/modules//consensus/?run_id=110202&search_id=114132&scans_id=110198&peptide_id=28221&scanf=36097&charge=3&value=sp|P19447|ERCC3_HUMAN,1,/core/www/modules/match_peptides/blast_html4.php?run_id=110202&search_id=114132&scans_id=110198&peptide_id=28221&scanf=36097&charge=3&value=1,K.VLAATDLDAEEEVVAGEFGSR.S,/core/www/modules/show_out/show_out_wrapper.php?run_id=110202&search_id=114132&scans_id=110198&peptide_id=28221&scanf=36097&charge=3&value=K.VLAATDLDAEEEVVAGEFGSR.S,ERCC3,2.496e+6,2.686,0.011,1.945,0.000
36099,3,"  4.023","  0.583",21/60,/core/www/modules//sdig/index.php?run_id=110202&search_id=114132&scans_id=110198&peptide_id=28222&scanf=36099&charge=3&value=21/60,sp|Q7L2H7|EIF3M_HUMAN,/core/www/modules//consensus/?run_id=110202&search_id=114132&scans_id=110198&peptide_id=28222&scanf=36099&charge=3&value=sp|Q7L2H7|EIF3M_HUMAN,1,/core/www/modules/match_peptides/blast_html4.php?run_id=110202&search_id=114132&scans_id=110198&peptide_id=28222&scanf=36099&charge=3&value=1,K.DFIDSLGLLHEQNMAK.M,/core/www/modules/show_out/show_out_wrapper.php?run_id=110202&search_id=114132&scans_id=110198&peptide_id=28222&scanf=36099&charge=3&value=K.DFIDSLGLLHEQNMAK.M,EIF3M,5.865e+6,3.482,0.001,3.122,0.000
36103,2,"  2.650","  0.373",11/24,/core/www/modules//sdig/index.php?run_id=110202&search_id=114132&scans_id=110198&peptide_id=28227&scanf=36103&charge=2&value=11/24,sp|Q5UIP0|RIF1_HUMAN,/core/www/modules//consensus/?run_id=110202&search_id=114132&scans_id=110198&peptide_id=28227&scanf=36103&charge=2&value=sp|Q5UIP0|RIF1_HUMAN,1,/core/www/modules/match_peptides/blast_html4.php?run_id=110202&search_id=114132&scans_id=110198&peptide_id=28227&scanf=36103&charge=2&value=1,R.GLEEIPVFDISEK.T,/core/www/modules/show_out/show_out_wrapper.php?run_id=110202&search_id=114132&scans_id=110198&peptide_id=28227&scanf=36103&charge=2&value=R.GLEEIPVFDISEK.T,RIF1,3.277e+6,2.505,0.021,1.681,0.000
36107,2,"  3.303","  0.439",12/22,/core/www/modules//sdig/index.php?run_id=110202&search_id=114132&scans_id=110198&peptide_id=28231&scanf=36107&charge=2&value=12/22,sp|Q86TU7|SETD3_HUMAN,/core/www/modules//consensus/?run_id=110202&search_id=114132&scans_id=110198&peptide_id=28231&scanf=36107&charge=2&value=sp|Q86TU7|SETD3_HUMAN,2,/core/www/modules/match_peptides/blast_html4.php?run_id=110202&search_id=114132&scans_id=110198&peptide_id=28231&scanf=36107&charge=2&value=2,K.EILNLTSELLQK.C,/core/www/modules/show_out/show_out_wrapper.php?run_id=110202&search_id=114132&scans_id=110198&peptide_id=28231&scanf=36107&charge=2&value=K.EILNLTSELLQK.C,SETD3,2.623e+6,2.867,0.006,2.212,0.000
36108,3,"  2.801","  0.247",9/72,/core/www/modules//sdig/index.php?run_id=110202&search_id=114132&scans_id=110198&peptide_id=28232&scanf=36108&charge=3&value=9/72,sp|P35998|PRS7_HUMAN,/core/www/modules//consensus/?run_id=110202&search_id=114132&scans_id=110198&peptide_id=28232&scanf=36108&charge=3&value=sp|P35998|PRS7_HUMAN,1,/core/www/modules/match_peptides/blast_html4.php?run_id=110202&search_id=114132&scans_id=110198&peptide_id=28232&scanf=36108&charge=3&value=1,K.FVVDLSDQVAPTDIEEGMR.V,/core/www/modules/show_out/show_out_wrapper.php?run_id=110202&search_id=114132&scans_id=110198&peptide_id=28232&scanf=36108&charge=3&value=K.FVVDLSDQVAPTDIEEGMR.V,PSMC2,6.609e+6,1.884,0.151,0.822,0.008
36110,2,"  2.072","  0.499",9/18,/core/www/modules//sdig/index.php?run_id=110202&search_id=114132&scans_id=110198&peptide_id=28235&scanf=36110&charge=2&value=9/18,sp|Q7Z3B4|NUP54_HUMAN,/core/www/modules//consensus/?run_id=110202&search_id=114132&scans_id=110198&peptide_id=28235&scanf=36110&charge=2&value=sp|Q7Z3B4|NUP54_HUMAN,3,/core/www/modules/match_peptides/blast_html4.php?run_id=110202&search_id=114132&scans_id=110198&peptide_id=28235&scanf=36110&charge=2&value=3,K.LIPVPMVGFK.E,/core/www/modules/show_out/show_out_wrapper.php?run_id=110202&search_id=114132&scans_id=110198&peptide_id=28235&scanf=36110&charge=2&value=K.LIPVPMVGFK.E,NUP54,2.651e+6,3.051,0.003,2.483,0.000
36111,3,"  2.891","  0.515",10/48,/core/www/modules//sdig/index.php?run_id=110202&search_id=114132&scans_id=110198&peptide_id=28236&scanf=36111&charge=3&value=10/48,sp|Q14974|IMB1_HUMAN,/core/www/modules//consensus/?run_id=110202&search_id=114132&scans_id=110198&peptide_id=28236&scanf=36111&charge=3&value=sp|Q14974|IMB1_HUMAN,1,/core/www/modules/match_peptides/blast_html4.php?run_id=110202&search_id=114132&scans_id=110198&peptide_id=28236&scanf=36111&charge=3&value=1,K.SDYDMVDYLNELR.E,/core/www/modules/show_out/show_out_wrapper.php?run_id=110202&search_id=114132&scans_id=110198&peptide_id=28236&scanf=36111&charge=3&value=K.SDYDMVDYLNELR.E,KPNB1,2.316e+6,3.131,0.002,2.602,0.000
36115,3,"  3.709","  0.289",16/72,/core/www/modules//sdig/index.php?run_id=110202&search_id=114132&scans_id=110198&peptide_id=28240&scanf=36115&charge=3&value=16/72,sp|Q01082|SPTB2_HUMAN,/core/www/modules//consensus/?run_id=110202&search_id=114132&scans_id=110198&peptide_id=28240&scanf=36115&charge=3&value=sp|Q01082|SPTB2_HUMAN,1,/core/www/modules/match_peptides/blast_html4.php?run_id=110202&search_id=114132&scans_id=110198&peptide_id=28240&scanf=36115&charge=3&value=1,R.DMGEMVTQGQTDAQYMFLR.Q,/core/www/modules/show_out/show_out_wrapper.php?run_id=110202&search_id=114132&scans_id=110198&peptide_id=28240&scanf=36115&charge=3&value=R.DMGEMVTQGQTDAQYMFLR.Q,SPTBN1,1.882e+6,2.344,0.036,1.449,0.001
36117,2,"  1.943","  0.538",9/16,/core/www/modules//sdig/index.php?run_id=110202&search_id=114132&scans_id=110198&peptide_id=28242&scanf=36117&charge=2&value=9/16,sp|O00468|AGRIN_HUMAN,/core/www/modules//consensus/?run_id=110202&search_id=114132&scans_id=110198&peptide_id=28242&scanf=36117&charge=2&value=sp|O00468|AGRIN_HUMAN,3,/core/www/modules/match_peptides/blast_html4.php?run_id=110202&search_id=114132&scans_id=110198&peptide_id=28242&scanf=36117&charge=2&value=3,R.SFLAFPTLR.A,/core/www/modules/show_out/show_out_wrapper.php?run_id=110202&search_id=114132&scans_id=110198&peptide_id=28242&scanf=36117&charge=2&value=R.SFLAFPTLR.A,AGRN,1.542e+6,3.240,0.002,2.763,0.000
36121,4,"  8.627","  0.734",34/174,/core/www/modules//sdig/index.php?run_id=110202&search_id=114132&scans_id=110198&peptide_id=28246&scanf=36121&charge=4&value=34/174,sp|P60709|ACTB_HUMAN,/core/www/modules//consensus/?run_id=110202&search_id=114132&scans_id=110198&peptide_id=28246&scanf=36121&charge=4&value=sp|P60709|ACTB_HUMAN,9,/core/www/modules/match_peptides/blast_html4.php?run_id=110202&search_id=114132&scans_id=110198&peptide_id=28246&scanf=36121&charge=4&value=9,R.TTGIVM*DSGDGVTHTVPIYEGYALPHAILR.L,/core/www/modules/show_out/show_out_wrapper.php?run_id=110202&search_id=114132&scans_id=110198&peptide_id=28246&scanf=36121&charge=4&value=R.TTGIVM*DSGDGVTHTVPIYEGYALPHAILR.L,ACTB,6.820e+7,4.550,0.000,4.706,0.000
36122,2,"  3.244","  0.537",13/20,/core/www/modules//sdig/index.php?run_id=110202&search_id=114132&scans_id=110198&peptide_id=28247&scanf=36122&charge=2&value=13/20,sp|P30101|PDIA3_HUMAN,/core/www/modules//consensus/?run_id=110202&search_id=114132&scans_id=110198&peptide_id=28247&scanf=36122&charge=2&value=sp|P30101|PDIA3_HUMAN,3,/core/www/modules/match_peptides/blast_html4.php?run_id=110202&search_id=114132&scans_id=110198&peptide_id=28247&scanf=36122&charge=2&value=3,R.ELSDFISYLQR.E,/core/www/modules/show_out/show_out_wrapper.php?run_id=110202&search_id=114132&scans_id=110198&peptide_id=28247&scanf=36122&charge=2&value=R.ELSDFISYLQR.E,PDIA3,3.778e+7,3.486,0.001,3.127,0.000
36127,2,"  2.309","  0.429",11/12,/core/www/modules//sdig/index.php?run_id=110202&search_id=114132&scans_id=110198&peptide_id=28252&scanf=36127&charge=2&value=11/12,sp|P04908|H2A1B_HUMAN,/core/www/modules//consensus/?run_id=110202&search_id=114132&scans_id=110198&peptide_id=28252&scanf=36127&charge=2&value=sp|P04908|H2A1B_HUMAN,20,/core/www/modules/match_peptides/blast_html4.php?run_id=110202&search_id=114132&scans_id=110198&peptide_id=28252&scanf=36127&charge=2&value=20,R.HLQLAIR.N,/core/www/modules/show_out/show_out_wrapper.php?run_id=110202&search_id=114132&scans_id=110198&peptide_id=28252&scanf=36127&charge=2&value=R.HLQLAIR.N,H2AC8,4.853e+6,3.748,0.000,3.515,0.000
36129,3,"  7.146","  0.685",24/100,/core/www/modules//sdig/index.php?run_id=110202&search_id=114132&scans_id=110198&peptide_id=28254&scanf=36129&charge=3&value=24/100,sp|Q9UKF6|CPSF3_HUMAN,/core/www/modules//consensus/?run_id=110202&search_id=114132&scans_id=110198&peptide_id=28254&scanf=36129&charge=3&value=sp|Q9UKF6|CPSF3_HUMAN,1,/core/www/modules/match_peptides/blast_html4.php?run_id=110202&search_id=114132&scans_id=110198&peptide_id=28254&scanf=36129&charge=3&value=1,K.SMDHFDDIGPSVVMASPGMMQSGLSR.E,/core/www/modules/show_out/show_out_wrapper.php?run_id=110202&search_id=114132&scans_id=110198&peptide_id=28254&scanf=36129&charge=3&value=K.SMDHFDDIGPSVVMASPGMMQSGLSR.E,CPSF3,3.775e+6,3.466,0.001,3.097,0.000
36130,4,"  3.153","  0.375",19/96,/core/www/modules//sdig/index.php?run_id=110202&search_id=114132&scans_id=110198&peptide_id=28256&scanf=36130&charge=4&value=19/96,sp|O00571|DDX3X_HUMAN,/core/www/modules//consensus/?run_id=110202&search_id=114132&scans_id=110198&peptide_id=28256&scanf=36130&charge=4&value=sp|O00571|DDX3X_HUMAN,17,/core/www/modules/match_peptides/blast_html4.php?run_id=110202&search_id=114132&scans_id=110198&peptide_id=28256&scanf=36130&charge=4&value=17,K.HVINFDLPSDIEEYVHR.I,/core/www/modules/show_out/show_out_wrapper.php?run_id=110202&search_id=114132&scans_id=110198&peptide_id=28256&scanf=36130&charge=4&value=K.HVINFDLPSDIEEYVHR.I,DDX3X,1.205e+7,3.041,0.003,2.469,0.000
36133,3,"  4.396","  0.501",7/80,/core/www/modules//sdig/index.php?run_id=110202&search_id=114132&scans_id=110198&peptide_id=28259&scanf=36133&charge=3&value=7/80,sp|Q8N201|INT1_HUMAN,/core/www/modules//consensus/?run_id=110202&search_id=114132&scans_id=110198&peptide_id=28259&scanf=36133&charge=3&value=sp|Q8N201|INT1_HUMAN,0,/core/www/modules/match_peptides/blast_html4.php?run_id=110202&search_id=114132&scans_id=110198&peptide_id=28259&scanf=36133&charge=3&value=0,R.NPNNMQVLYTALQHSSELAPK.F,/core/www/modules/show_out/show_out_wrapper.php?run_id=110202&search_id=114132&scans_id=110198&peptide_id=28259&scanf=36133&charge=3&value=R.NPNNMQVLYTALQHSSELAPK.F,INTS1,1.582e+6,2.617,0.014,1.844,0.000
36136,3,"  5.438","  0.612",19/84,/core/www/modules//sdig/index.php?run_id=110202&search_id=114132&scans_id=110198&peptide_id=28262&scanf=36136&charge=3&value=19/84,sp|Q9HAF1|EAF6_HUMAN,/core/www/modules//consensus/?run_id=110202&search_id=114132&scans_id=110198&peptide_id=28262&scanf=36136&charge=3&value=sp|Q9HAF1|EAF6_HUMAN,1,/core/www/modules/match_peptides/blast_html4.php?run_id=110202&search_id=114132&scans_id=110198&peptide_id=28262&scanf=36136&charge=3&value=1,K.SSVTSAAAVSALAGVQDQLIEK.R,/core/www/modules/show_out/show_out_wrapper.php?run_id=110202&search_id=114132&scans_id=110198&peptide_id=28262&scanf=36136&charge=3&value=K.SSVTSAAAVSALAGVQDQLIEK.R,MEAF6,2.512e+6,3.225,0.002,2.740,0.000
36138,2,"  3.911","  0.650",15/28,/core/www/modules//sdig/index.php?run_id=110202&search_id=114132&scans_id=110198&peptide_id=28264&scanf=36138&charge=2&value=15/28,sp|O60814|H2B1K_HUMAN,/core/www/modules//consensus/?run_id=110202&search_id=114132&scans_id=110198&peptide_id=28264&scanf=36138&charge=2&value=sp|O60814|H2B1K_HUMAN,14,/core/www/modules/match_peptides/blast_html4.php?run_id=110202&search_id=114132&scans_id=110198&peptide_id=28264&scanf=36138&charge=2&value=14,K.AM*GIM*NSFVNDIFER.I,/core/www/modules/show_out/show_out_wrapper.php?run_id=110202&search_id=114132&scans_id=110198&peptide_id=28264&scanf=36138&charge=2&value=K.AM*GIM*NSFVNDIFER.I,H2BC12,4.448e+6,3.601,0.001,3.297,0.000
36143,3,"  5.960","  0.717",27/112,/core/www/modules//sdig/index.php?run_id=110202&search_id=114132&scans_id=110198&peptide_id=28269&scanf=36143&charge=3&value=27/112,sp|O00629|IMA3_HUMAN,/core/www/modules//consensus/?run_id=110202&search_id=114132&scans_id=110198&peptide_id=28269&scanf=36143&charge=3&value=sp|O00629|IMA3_HUMAN,4,/core/www/modules/match_peptides/blast_html4.php?run_id=110202&search_id=114132&scans_id=110198&peptide_id=28269&scanf=36143&charge=3&value=4,R.VQNTSLEAIVQNASSDNQGIQLSAVQAAR.K,/core/www/modules/show_out/show_out_wrapper.php?run_id=110202&search_id=114132&scans_id=110198&peptide_id=28269&scanf=36143&charge=3&value=R.VQNTSLEAIVQNASSDNQGIQLSAVQAAR.K,KPNA4,4.869e+6,3.374,0.001,2.961,0.000
36144,3," 10.796","  0.666",29/84,/core/www/modules//sdig/index.php?run_id=110202&search_id=114132&scans_id=110198&peptide_id=28270&scanf=36144&charge=3&value=29/84,sp|P40926|MDHM_HUMAN,/core/www/modules//consensus/?run_id=110202&search_id=114132&scans_id=110198&peptide_id=28270&scanf=36144&charge=3&value=sp|P40926|MDHM_HUMAN,0,/core/www/modules/match_peptides/blast_html4.php?run_id=110202&search_id=114132&scans_id=110198&peptide_id=28270&scanf=36144&charge=3&value=0,R.LTLYDIAHTPGVAADLSHIETK.A,/core/www/modules/show_out/show_out_wrapper.php?run_id=110202&search_id=114132&scans_id=110198&peptide_id=28270&scanf=36144&charge=3&value=R.LTLYDIAHTPGVAADLSHIETK.A,MDH2,2.332e+7,3.934,0.000,3.792,0.000
36145,3,"  4.099","  0.431",10/72,/core/www/modules//sdig/index.php?run_id=110202&search_id=114132&scans_id=110198&peptide_id=28271&scanf=36145&charge=3&value=10/72,sp|P33992|MCM5_HUMAN,/core/www/modules//consensus/?run_id=110202&search_id=114132&scans_id=110198&peptide_id=28271&scanf=36145&charge=3&value=sp|P33992|MCM5_HUMAN,1,/core/www/modules/match_peptides/blast_html4.php?run_id=110202&search_id=114132&scans_id=110198&peptide_id=28271&scanf=36145&charge=3&value=1,R.WDETKGEDNIDFMPTILSR.F,/core/www/modules/show_out/show_out_wrapper.php?run_id=110202&search_id=114132&scans_id=110198&peptide_id=28271&scanf=36145&charge=3&value=R.WDETKGEDNIDFMPTILSR.F,MCM5,3.955e+6,2.033,0.096,1.016,0.005
36146,3,"  2.552","  0.390",12/52,/core/www/modules//sdig/index.php?run_id=110202&search_id=114132&scans_id=110198&peptide_id=28272&scanf=36146&charge=3&value=12/52,sp|Q9BVI4|NOC4L_HUMAN,/core/www/modules//consensus/?run_id=110202&search_id=114132&scans_id=110198&peptide_id=28272&scanf=36146&charge=3&value=sp|Q9BVI4|NOC4L_HUMAN,0,/core/www/modules/match_peptides/blast_html4.php?run_id=110202&search_id=114132&scans_id=110198&peptide_id=28272&scanf=36146&charge=3&value=0,R.ALESSLWELQALQR.H,/core/www/modules/show_out/show_out_wrapper.php?run_id=110202&search_id=114132&scans_id=110198&peptide_id=28272&scanf=36146&charge=3&value=R.ALESSLWELQALQR.H,NOC4L,4.086e+6,2.594,0.015,1.811,0.000
36147,3,"  2.815","  0.465",15/60,/core/www/modules//sdig/index.php?run_id=110202&search_id=114132&scans_id=110198&peptide_id=28273&scanf=36147&charge=3&value=15/60,sp|Q00341|VIGLN_HUMAN,/core/www/modules//consensus/?run_id=110202&search_id=114132&scans_id=110198&peptide_id=28273&scanf=36147&charge=3&value=sp|Q00341|VIGLN_HUMAN,3,/core/www/modules/match_peptides/blast_html4.php?run_id=110202&search_id=114132&scans_id=110198&peptide_id=28273&scanf=36147&charge=3&value=3,R.DKFPEVIINFPDPAQK.S,/core/www/modules/show_out/show_out_wrapper.php?run_id=110202&search_id=114132&scans_id=110198&peptide_id=28273&scanf=36147&charge=3&value=R.DKFPEVIINFPDPAQK.S,HDLBP,6.046e+6,2.599,0.015,1.818,0.000
36148,3,"  3.311","  0.348",11/56,/core/www/modules//sdig/index.php?run_id=110202&search_id=114132&scans_id=110198&peptide_id=28274&scanf=36148&charge=3&value=11/56,sp|Q9H4M9|EHD1_HUMAN,/core/www/modules//consensus/?run_id=110202&search_id=114132&scans_id=110198&peptide_id=28274&scanf=36148&charge=3&value=sp|Q9H4M9|EHD1_HUMAN,2,/core/www/modules/match_peptides/blast_html4.php?run_id=110202&search_id=114132&scans_id=110198&peptide_id=28274&scanf=36148&charge=3&value=2,K.LLDTVDDMLANDIAR.L,/core/www/modules/show_out/show_out_wrapper.php?run_id=110202&search_id=114132&scans_id=110198&peptide_id=28274&scanf=36148&charge=3&value=K.LLDTVDDMLANDIAR.L,EHD1,2.293e+6,2.463,0.024,1.620,0.001
36149,3,"  5.070","  0.613",16/80,/core/www/modules//sdig/index.php?run_id=110202&search_id=114132&scans_id=110198&peptide_id=28275&scanf=36149&charge=3&value=16/80,sp|Q9UPY3|DICER_HUMAN,/core/www/modules//consensus/?run_id=110202&search_id=114132&scans_id=110198&peptide_id=28275&scanf=36149&charge=3&value=sp|Q9UPY3|DICER_HUMAN,6,/core/www/modules/match_peptides/blast_html4.php?run_id=110202&search_id=114132&scans_id=110198&peptide_id=28275&scanf=36149&charge=3&value=6,K.YNLDLTNLNQPLLDVDHTSSR.L,/core/www/modules/show_out/show_out_wrapper.php?run_id=110202&search_id=114132&scans_id=110198&peptide_id=28275&scanf=36149&charge=3&value=K.YNLDLTNLNQPLLDVDHTSSR.L,DICER1,9.608e+5,3.098,0.003,2.552,0.000
36150,2,"  2.121","  0.513",9/16,/core/www/modules//sdig/index.php?run_id=110202&search_id=114132&scans_id=110198&peptide_id=28277&scanf=36150&charge=2&value=9/16,sp|P50570|DYN2_HUMAN,/core/www/modules//consensus/?run_id=110202&search_id=114132&scans_id=110198&peptide_id=28277&scanf=36150&charge=2&value=sp|P50570|DYN2_HUMAN,0,/core/www/modules/match_peptides/blast_html4.php?run_id=110202&search_id=114132&scans_id=110198&peptide_id=28277&scanf=36150&charge=2&value=0,K.DMILQFISR.E,/core/www/modules/show_out/show_out_wrapper.php?run_id=110202&search_id=114132&scans_id=110198&peptide_id=28277&scanf=36150&charge=2&value=K.DMILQFISR.E,DNM2,6.549e+6,3.195,0.002,2.697,0.000
36151,2,"  1.972","  0.248",9/16,/core/www/modules//sdig/index.php?run_id=110202&search_id=114132&scans_id=110198&peptide_id=28278&scanf=36151&charge=2&value=9/16,sp|Q96T88|UHRF1_HUMAN,/core/www/modules//consensus/?run_id=110202&search_id=114132&scans_id=110198&peptide_id=28278&scanf=36151&charge=2&value=sp|Q96T88|UHRF1_HUMAN,2,/core/www/modules/match_peptides/blast_html4.php?run_id=110202&search_id=114132&scans_id=110198&peptide_id=28278&scanf=36151&charge=2&value=2,R.IIFVDEVFK.I,/core/www/modules/show_out/show_out_wrapper.php?run_id=110202&search_id=114132&scans_id=110198&peptide_id=28278&scanf=36151&charge=2&value=R.IIFVDEVFK.I,UHRF1,5.199e+6,2.359,0.034,1.470,0.001
36153,2,"  2.712","  0.194",13/22,/core/www/modules//sdig/index.php?run_id=110202&search_id=114132&scans_id=110198&peptide_id=28280&scanf=36153&charge=2&value=13/22,sp|Q15910|EZH2_HUMAN,/core/www/modules//consensus/?run_id=110202&search_id=114132&scans_id=110198&peptide_id=28280&scanf=36153&charge=2&value=sp|Q15910|EZH2_HUMAN,3,/core/www/modules/match_peptides/blast_html4.php?run_id=110202&search_id=114132&scans_id=110198&peptide_id=28280&scanf=36153&charge=2&value=3,K.IFEAISSMFPDK.G,/core/www/modules/show_out/show_out_wrapper.php?run_id=110202&search_id=114132&scans_id=110198&peptide_id=28280&scanf=36153&charge=2&value=K.IFEAISSMFPDK.G,EZH2,1.561e+6,2.151,0.067,1.177,0.002
36154,2,"  3.113","  0.439",12/26,/core/www/modules//sdig/index.php?run_id=110202&search_id=114132&scans_id=110198&peptide_id=28281&scanf=36154&charge=2&value=12/26,sp|Q9UG63|ABCF2_HUMAN,/core/www/modules//consensus/?run_id=110202&search_id=114132&scans_id=110198&peptide_id=28281&scanf=36154&charge=2&value=sp|Q9UG63|ABCF2_HUMAN,0,/core/www/modules/match_peptides/blast_html4.php?run_id=110202&search_id=114132&scans_id=110198&peptide_id=28281&scanf=36154&charge=2&value=0,K.LLTGELLPTDGMIR.K,/core/www/modules/show_out/show_out_wrapper.php?run_id=110202&search_id=114132&scans_id=110198&peptide_id=28281&scanf=36154&charge=2&value=K.LLTGELLPTDGMIR.K,ABCF2,4.217e+6,2.724,0.010,2.001,0.000
36157,2,"  1.925","  0.077",8/16,/core/www/modules//sdig/index.php?run_id=110202&search_id=114132&scans_id=110198&peptide_id=28284&scanf=36157&charge=2&value=8/16,sp|P04908|H2A1B_HUMAN,/core/www/modules//consensus/?run_id=110202&search_id=114132&scans_id=110198&peptide_id=28284&scanf=36157&charge=2&value=sp|P04908|H2A1B_HUMAN,19,/core/www/modules/match_peptides/blast_html4.php?run_id=110202&search_id=114132&scans_id=110198&peptide_id=28284&scanf=36157&charge=2&value=19,R.AGLQFPVGR.V,/core/www/modules/show_out/show_out_wrapper.php?run_id=110202&search_id=114132&scans_id=110198&peptide_id=28284&scanf=36157&charge=2&value=R.AGLQFPVGR.V,H2AC8,1.778e+6,1.886,0.150,0.824,0.008
36162,2,"  2.117","  0.024",9/12,/core/www/modules//sdig/index.php?run_id=110202&search_id=114132&scans_id=110198&peptide_id=28289&scanf=36162&charge=2&value=9/12,sp|Q9NTI5|PDS5B_HUMAN,/core/www/modules//consensus/?run_id=110202&search_id=114132&scans_id=110198&peptide_id=28289&scanf=36162&charge=2&value=sp|Q9NTI5|PDS5B_HUMAN,0,/core/www/modules/match_peptides/blast_html4.php?run_id=110202&search_id=114132&scans_id=110198&peptide_id=28289&scanf=36162&charge=2&value=0,K.DLLDLIK.Q,/core/www/modules/show_out/show_out_wrapper.php?run_id=110202&search_id=114132&scans_id=110198&peptide_id=28289&scanf=36162&charge=2&value=K.DLLDLIK.Q,PDS5B,2.068e+7,2.067,0.087,1.062,0.004
36163,3,"  3.266","  0.306",14/52,/core/www/modules//sdig/index.php?run_id=110202&search_id=114132&scans_id=110198&peptide_id=28290&scanf=36163&charge=3&value=14/52,sp|Q9BVI4|NOC4L_HUMAN,/core/www/modules//consensus/?run_id=110202&search_id=114132&scans_id=110198&peptide_id=28290&scanf=36163&charge=3&value=sp|Q9BVI4|NOC4L_HUMAN,0,/core/www/modules/match_peptides/blast_html4.php?run_id=110202&search_id=114132&scans_id=110198&peptide_id=28290&scanf=36163&charge=3&value=0,R.ALESSLWELQALQR.H,/core/www/modules/show_out/show_out_wrapper.php?run_id=110202&search_id=114132&scans_id=110198&peptide_id=28290&scanf=36163&charge=3&value=R.ALESSLWELQALQR.H,NOC4L,4.086e+6,2.390,0.031,1.514,0.001
36164,3,"  4.566","  0.521",13/80,/core/www/modules//sdig/index.php?run_id=110202&search_id=114132&scans_id=110198&peptide_id=28291&scanf=36164&charge=3&value=13/80,sp|O95373|IPO7_HUMAN,/core/www/modules//consensus/?run_id=110202&search_id=114132&scans_id=110198&peptide_id=28291&scanf=36164&charge=3&value=sp|O95373|IPO7_HUMAN,0,/core/www/modules/match_peptides/blast_html4.php?run_id=110202&search_id=114132&scans_id=110198&peptide_id=28291&scanf=36164&charge=3&value=0,R.DVPNETLQVEEDDRPELPWWK.C,/core/www/modules/show_out/show_out_wrapper.php?run_id=110202&search_id=114132&scans_id=110198&peptide_id=28291&scanf=36164&charge=3&value=R.DVPNETLQVEEDDRPELPWWK.C,IPO7,4.616e+6,2.809,0.007,2.126,0.000
36166,3,"  4.448","  0.604",16/76,/core/www/modules//sdig/index.php?run_id=110202&search_id=114132&scans_id=110198&peptide_id=28293&scanf=36166&charge=3&value=16/76,sp|Q9Y6V7|DDX49_HUMAN,/core/www/modules//consensus/?run_id=110202&search_id=114132&scans_id=110198&peptide_id=28293&scanf=36166&charge=3&value=sp|Q9Y6V7|DDX49_HUMAN,0,/core/www/modules/match_peptides/blast_html4.php?run_id=110202&search_id=114132&scans_id=110198&peptide_id=28293&scanf=36166&charge=3&value=0,R.GLDIPTVQVVINHNTPGLPK.I,/core/www/modules/show_out/show_out_wrapper.php?run_id=110202&search_id=114132&scans_id=110198&peptide_id=28293&scanf=36166&charge=3&value=R.GLDIPTVQVVINHNTPGLPK.I,DDX49,3.574e+6,3.210,0.002,2.719,0.000
36167,3,"  5.565","  0.410",16/80,/core/www/modules//sdig/index.php?run_id=110202&search_id=114132&scans_id=110198&peptide_id=28294&scanf=36167&charge=3&value=16/80,sp|P19447|ERCC3_HUMAN,/core/www/modules//consensus/?run_id=110202&search_id=114132&scans_id=110198&peptide_id=28294&scanf=36167&charge=3&value=sp|P19447|ERCC3_HUMAN,1,/core/www/modules/match_peptides/blast_html4.php?run_id=110202&search_id=114132&scans_id=110198&peptide_id=28294&scanf=36167&charge=3&value=1,K.VLAATDLDAEEEVVAGEFGSR.S,/core/www/modules/show_out/show_out_wrapper.php?run_id=110202&search_id=114132&scans_id=110198&peptide_id=28294&scanf=36167&charge=3&value=K.VLAATDLDAEEEVVAGEFGSR.S,ERCC3,2.496e+6,2.351,0.035,1.459,0.001
36168,4,"  3.589","  0.375",16/102,/core/www/modules//sdig/index.php?run_id=110202&search_id=114132&scans_id=110198&peptide_id=28295&scanf=36168&charge=4&value=16/102,sp|Q9NVU7|SDA1_HUMAN,/core/www/modules//consensus/?run_id=110202&search_id=114132&scans_id=110198&peptide_id=28295&scanf=36168&charge=4&value=sp|Q9NVU7|SDA1_HUMAN,3,/core/www/modules/match_peptides/blast_html4.php?run_id=110202&search_id=114132&scans_id=110198&peptide_id=28295&scanf=36168&charge=4&value=3,K.RDPPAYIEEFLQQYNHYK.S,/core/www/modules/show_out/show_out_wrapper.php?run_id=110202&search_id=114132&scans_id=110198&peptide_id=28295&scanf=36168&charge=4&value=K.RDPPAYIEEFLQQYNHYK.S,SDAD1,2.217e+6,2.533,0.019,1.722,0.000
36169,2,"  1.782","  0.110",11/18,/core/www/modules//sdig/index.php?run_id=110202&search_id=114132&scans_id=110198&peptide_id=28296&scanf=36169&charge=2&value=11/18,sp|Q9HC38|GLOD4_HUMAN,/core/www/modules//consensus/?run_id=110202&search_id=114132&scans_id=110198&peptide_id=28296&scanf=36169&charge=2&value=sp|Q9HC38|GLOD4_HUMAN,0,/core/www/modules/match_peptides/blast_html4.php?run_id=110202&search_id=114132&scans_id=110198&peptide_id=28296&scanf=36169&charge=2&value=0,K.ELPDLEDLMK.R,/core/www/modules/show_out/show_out_wrapper.php?run_id=110202&search_id=114132&scans_id=110198&peptide_id=28296&scanf=36169&charge=2&value=K.ELPDLEDLMK.R,GLOD4,3.844e+6,1.951,0.124,0.908,0.006
36172,3,"  6.917","  0.622",24/80,/core/www/modules//sdig/index.php?run_id=110202&search_id=114132&scans_id=110198&peptide_id=28300&scanf=36172&charge=3&value=24/80,sp|O75694|NU155_HUMAN,/core/www/modules//consensus/?run_id=110202&search_id=114132&scans_id=110198&peptide_id=28300&scanf=36172&charge=3&value=sp|O75694|NU155_HUMAN,1,/core/www/modules/match_peptides/blast_html4.php?run_id=110202&search_id=114132&scans_id=110198&peptide_id=28300&scanf=36172&charge=3&value=1,K.SSTAISSIAADGEFLHELEEK.M,/core/www/modules/show_out/show_out_wrapper.php?run_id=110202&search_id=114132&scans_id=110198&peptide_id=28300&scanf=36172&charge=3&value=K.SSTAISSIAADGEFLHELEEK.M,NUP155,3.324e+6,3.522,0.001,3.181,0.000
36173,2,"  1.667","  0.318",8/16,/core/www/modules//sdig/index.php?run_id=110202&search_id=114132&scans_id=110198&peptide_id=28301&scanf=36173&charge=2&value=8/16,sp|Q02543|RL18A_HUMAN,/core/www/modules//consensus/?run_id=110202&search_id=114132&scans_id=110198&peptide_id=28301&scanf=36173&charge=2&value=sp|Q02543|RL18A_HUMAN,3,/core/www/modules/match_peptides/blast_html4.php?run_id=110202&search_id=114132&scans_id=110198&peptide_id=28301&scanf=36173&charge=2&value=3,R.FWYFVSQLK.K,/core/www/modules/show_out/show_out_wrapper.php?run_id=110202&search_id=114132&scans_id=110198&peptide_id=28301&scanf=36173&charge=2&value=R.FWYFVSQLK.K,RPL18A,6.951e+6,2.276,0.044,1.352,0.002
36176,2,"  2.528","  0.457",11/20,/core/www/modules//sdig/index.php?run_id=110202&search_id=114132&scans_id=110198&peptide_id=28304&scanf=36176&charge=2&value=11/20,sp|Q01082|SPTB2_HUMAN,/core/www/modules//consensus/?run_id=110202&search_id=114132&scans_id=110198&peptide_id=28304&scanf=36176&charge=2&value=sp|Q01082|SPTB2_HUMAN,1,/core/www/modules/match_peptides/blast_html4.php?run_id=110202&search_id=114132&scans_id=110198&peptide_id=28304&scanf=36176&charge=2&value=1,R.DLDDFQSWLSR.T,/core/www/modules/show_out/show_out_wrapper.php?run_id=110202&search_id=114132&scans_id=110198&peptide_id=28304&scanf=36176&charge=2&value=R.DLDDFQSWLSR.T,SPTBN1,2.417e+6,3.121,0.003,2.587,0.000
36180,3,"  3.751","  0.626",13/76,/core/www/modules//sdig/index.php?run_id=110202&search_id=114132&scans_id=110198&peptide_id=28309&scanf=36180&charge=3&value=13/76,sp|Q9BZV1|UBXN6_HUMAN,/core/www/modules//consensus/?run_id=110202&search_id=114132&scans_id=110198&peptide_id=28309&scanf=36180&charge=3&value=sp|Q9BZV1|UBXN6_HUMAN,1,/core/www/modules/match_peptides/blast_html4.php?run_id=110202&search_id=114132&scans_id=110198&peptide_id=28309&scanf=36180&charge=3&value=1,K.AAGAEPDSILKPELLSAIEK.L,/core/www/modules/show_out/show_out_wrapper.php?run_id=110202&search_id=114132&scans_id=110198&peptide_id=28309&scanf=36180&charge=3&value=K.AAGAEPDSILKPELLSAIEK.L,UBXN6,1.471e+6,3.174,0.002,2.665,0.000
36185,3,"  5.794","  0.616",20/68,/core/www/modules//sdig/index.php?run_id=110202&search_id=114132&scans_id=110198&peptide_id=28313&scanf=36185&charge=3&value=20/68,sp|Q9NVU7|SDA1_HUMAN,/core/www/modules//consensus/?run_id=110202&search_id=114132&scans_id=110198&peptide_id=28313&scanf=36185&charge=3&value=sp|Q9NVU7|SDA1_HUMAN,3,/core/www/modules/match_peptides/blast_html4.php?run_id=110202&search_id=114132&scans_id=110198&peptide_id=28313&scanf=36185&charge=3&value=3,K.RDPPAYIEEFLQQYNHYK.S,/core/www/modules/show_out/show_out_wrapper.php?run_id=110202&search_id=114132&scans_id=110198&peptide_id=28313&scanf=36185&charge=3&value=K.RDPPAYIEEFLQQYNHYK.S,SDAD1,2.202e+6,3.273,0.002,2.812,0.000
36186,3,"  3.026","  0.508",11/48,/core/www/modules//sdig/index.php?run_id=110202&search_id=114132&scans_id=110198&peptide_id=28314&scanf=36186&charge=3&value=11/48,sp|O96019|ACL6A_HUMAN,/core/www/modules//consensus/?run_id=110202&search_id=114132&scans_id=110198&peptide_id=28314&scanf=36186&charge=3&value=sp|O96019|ACL6A_HUMAN,1,/core/www/modules/match_peptides/blast_html4.php?run_id=110202&search_id=114132&scans_id=110198&peptide_id=28314&scanf=36186&charge=3&value=1,K.VDFPTAIGMVVER.D,/core/www/modules/show_out/show_out_wrapper.php?run_id=110202&search_id=114132&scans_id=110198&peptide_id=28314&scanf=36186&charge=3&value=K.VDFPTAIGMVVER.D,ACTL6A,2.597e+7,3.125,0.003,2.593,0.000
36187,3,"  3.926","  0.417",15/68,/core/www/modules//sdig/index.php?run_id=110202&search_id=114132&scans_id=110198&peptide_id=28315&scanf=36187&charge=3&value=15/68,sp|P45974|UBP5_HUMAN,/core/www/modules//consensus/?run_id=110202&search_id=114132&scans_id=110198&peptide_id=28315&scanf=36187&charge=3&value=sp|P45974|UBP5_HUMAN,0,/core/www/modules/match_peptides/blast_html4.php?run_id=110202&search_id=114132&scans_id=110198&peptide_id=28315&scanf=36187&charge=3&value=0,R.DRVTSAVEALLSADSASR.K,/core/www/modules/show_out/show_out_wrapper.php?run_id=110202&search_id=114132&scans_id=110198&peptide_id=28315&scanf=36187&charge=3&value=R.DRVTSAVEALLSADSASR.K,USP5,2.153e+6,2.434,0.026,1.578,0.001
36188,3,"  4.705","  0.655",20/80,/core/www/modules//sdig/index.php?run_id=110202&search_id=114132&scans_id=110198&peptide_id=28316&scanf=36188&charge=3&value=20/80,sp|O60216|RAD21_HUMAN,/core/www/modules//consensus/?run_id=110202&search_id=114132&scans_id=110198&peptide_id=28316&scanf=36188&charge=3&value=sp|O60216|RAD21_HUMAN,1,/core/www/modules/match_peptides/blast_html4.php?run_id=110202&search_id=114132&scans_id=110198&peptide_id=28316&scanf=36188&charge=3&value=1,R.AQLSDYSDIVTTLDLAPPTKK.L,/core/www/modules/show_out/show_out_wrapper.php?run_id=110202&search_id=114132&scans_id=110198&peptide_id=28316&scanf=36188&charge=3&value=R.AQLSDYSDIVTTLDLAPPTKK.L,RAD21,4.118e+6,3.091,0.003,2.543,0.000
36191,3,"  2.715","  0.502",16/56,/core/www/modules//sdig/index.php?run_id=110202&search_id=114132&scans_id=110198&peptide_id=28320&scanf=36191&charge=3&value=16/56,sp|P23368|MAOM_HUMAN,/core/www/modules//consensus/?run_id=110202&search_id=114132&scans_id=110198&peptide_id=28320&scanf=36191&charge=3&value=sp|P23368|MAOM_HUMAN,7,/core/www/modules/match_peptides/blast_html4.php?run_id=110202&search_id=114132&scans_id=110198&peptide_id=28320&scanf=36191&charge=3&value=7,R.DRTQQYDDLIDEFMK.A,/core/www/modules/show_out/show_out_wrapper.php?run_id=110202&search_id=114132&scans_id=110198&peptide_id=28320&scanf=36191&charge=3&value=R.DRTQQYDDLIDEFMK.A,ME2,1.455e+6,2.786,0.008,2.092,0.000
36193,2,"  3.365","  0.415",10/24,/core/www/modules//sdig/index.php?run_id=110202&search_id=114132&scans_id=110198&peptide_id=28322&scanf=36193&charge=2&value=10/24,sp|Q15149|PLEC_HUMAN,/core/www/modules//consensus/?run_id=110202&search_id=114132&scans_id=110198&peptide_id=28322&scanf=36193&charge=2&value=sp|Q15149|PLEC_HUMAN,5,/core/www/modules/match_peptides/blast_html4.php?run_id=110202&search_id=114132&scans_id=110198&peptide_id=28322&scanf=36193&charge=2&value=5,K.ENAAYFQFFSDVR.E,/core/www/modules/show_out/show_out_wrapper.php?run_id=110202&search_id=114132&scans_id=110198&peptide_id=28322&scanf=36193&charge=2&value=K.ENAAYFQFFSDVR.E,PLEC,1.940e+6,3.192,0.002,2.692,0.000
36195,2,"  3.214","  0.671",11/24,/core/www/modules//sdig/index.php?run_id=110202&search_id=114132&scans_id=110198&peptide_id=28324&scanf=36195&charge=2&value=11/24,sp|Q01813|PFKAP_HUMAN,/core/www/modules//consensus/?run_id=110202&search_id=114132&scans_id=110198&peptide_id=28324&scanf=36195&charge=2&value=sp|Q01813|PFKAP_HUMAN,4,/core/www/modules/match_peptides/blast_html4.php?run_id=110202&search_id=114132&scans_id=110198&peptide_id=28324&scanf=36195&charge=2&value=4,R.MLAIYDGFDGFAK.G,/core/www/modules/show_out/show_out_wrapper.php?run_id=110202&search_id=114132&scans_id=110198&peptide_id=28324&scanf=36195&charge=2&value=R.MLAIYDGFDGFAK.G,PFKP,1.347e+6,3.542,0.001,3.210,0.000
36196,3,"  2.949","  0.529",11/40,/core/www/modules//sdig/index.php?run_id=110202&search_id=114132&scans_id=110198&peptide_id=28325&scanf=36196&charge=3&value=11/40,sp|Q8IY18|SMC5_HUMAN,/core/www/modules//consensus/?run_id=110202&search_id=114132&scans_id=110198&peptide_id=28325&scanf=36196&charge=3&value=sp|Q8IY18|SMC5_HUMAN,0,/core/www/modules/match_peptides/blast_html4.php?run_id=110202&search_id=114132&scans_id=110198&peptide_id=28325&scanf=36196&charge=3&value=0,R.HLDLIEMLEAK.R,/core/www/modules/show_out/show_out_wrapper.php?run_id=110202&search_id=114132&scans_id=110198&peptide_id=28325&scanf=36196&charge=3&value=R.HLDLIEMLEAK.R,SMC5,2.027e+6,3.272,0.002,2.810,0.000
36197,3,"  2.580","  0.554",14/44,/core/www/modules//sdig/index.php?run_id=110202&search_id=114132&scans_id=110198&peptide_id=28326&scanf=36197&charge=3&value=14/44,sp|Q86Y56|DAAF5_HUMAN,/core/www/modules//consensus/?run_id=110202&search_id=114132&scans_id=110198&peptide_id=28326&scanf=36197&charge=3&value=sp|Q86Y56|DAAF5_HUMAN,0,/core/www/modules/match_peptides/blast_html4.php?run_id=110202&search_id=114132&scans_id=110198&peptide_id=28326&scanf=36197&charge=3&value=0,R.ALAVHLLDLGLR.R,/core/www/modules/show_out/show_out_wrapper.php?run_id=110202&search_id=114132&scans_id=110198&peptide_id=28326&scanf=36197&charge=3&value=R.ALAVHLLDLGLR.R,DNAAF5,2.283e+6,3.376,0.001,2.965,0.000
36199,3,"  2.593","  0.248",9/60,/core/www/modules//sdig/index.php?run_id=110202&search_id=114132&scans_id=110198&peptide_id=28328&scanf=36199&charge=3&value=9/60,sp|Q8IWJ2|GCC2_HUMAN,/core/www/modules//consensus/?run_id=110202&search_id=114132&scans_id=110198&peptide_id=28328&scanf=36199&charge=3&value=sp|Q8IWJ2|GCC2_HUMAN,4,/core/www/modules/match_peptides/blast_html4.php?run_id=110202&search_id=114132&scans_id=110198&peptide_id=28328&scanf=36199&charge=3&value=4,K.LLSQQELVPELENTIK.N,/core/www/modules/show_out/show_out_wrapper.php?run_id=110202&search_id=114132&scans_id=110198&peptide_id=28328&scanf=36199&charge=3&value=K.LLSQQELVPELENTIK.N,GCC2,1.365e+6,2.001,0.106,0.974,0.005
36201,3,"  2.731","  0.406",13/44,/core/www/modules//sdig/index.php?run_id=110202&search_id=114132&scans_id=110198&peptide_id=28331&scanf=36201&charge=3&value=13/44,sp|Q8WVM7|STAG1_HUMAN,/core/www/modules//consensus/?run_id=110202&search_id=114132&scans_id=110198&peptide_id=28331&scanf=36201&charge=3&value=sp|Q8WVM7|STAG1_HUMAN,1,/core/www/modules/match_peptides/blast_html4.php?run_id=110202&search_id=114132&scans_id=110198&peptide_id=28331&scanf=36201&charge=3&value=1,R.REDVWLPLISYR.N,/core/www/modules/show_out/show_out_wrapper.php?run_id=110202&search_id=114132&scans_id=110198&peptide_id=28331&scanf=36201&charge=3&value=R.REDVWLPLISYR.N,STAG1,3.284e+6,2.613,0.015,1.838,0.000
36204,4,"  6.121","  0.677",26/114,/core/www/modules//sdig/index.php?run_id=110202&search_id=114132&scans_id=110198&peptide_id=28333&scanf=36204&charge=4&value=26/114,sp|Q9Y221|NIP7_HUMAN,/core/www/modules//consensus/?run_id=110202&search_id=114132&scans_id=110198&peptide_id=28333&scanf=36204&charge=4&value=sp|Q9Y221|NIP7_HUMAN,0,/core/www/modules/match_peptides/blast_html4.php?run_id=110202&search_id=114132&scans_id=110198&peptide_id=28333&scanf=36204&charge=4&value=0,R.KVDPMAIVVFHQADIGEYVR.H,/core/www/modules/show_out/show_out_wrapper.php?run_id=110202&search_id=114132&scans_id=110198&peptide_id=28333&scanf=36204&charge=4&value=R.KVDPMAIVVFHQADIGEYVR.H,NIP7,8.355e+6,3.789,0.000,3.577,0.000
36208,2,"  3.080","  0.546",12/28,/core/www/modules//sdig/index.php?run_id=110202&search_id=114132&scans_id=110198&peptide_id=28337&scanf=36208&charge=2&value=12/28,sp|P30530|UFO_HUMAN,/core/www/modules//consensus/?run_id=110202&search_id=114132&scans_id=110198&peptide_id=28337&scanf=36208&charge=2&value=sp|P30530|UFO_HUMAN,1,/core/www/modules/match_peptides/blast_html4.php?run_id=110202&search_id=114132&scans_id=110198&peptide_id=28337&scanf=36208&charge=2&value=1,R.LGDQPVYLPTQMLVK.F,/core/www/modules/show_out/show_out_wrapper.php?run_id=110202&search_id=114132&scans_id=110198&peptide_id=28337&scanf=36208&charge=2&value=R.LGDQPVYLPTQMLVK.F,AXL,2.938e+6,2.967,0.004,2.359,0.000
36211,3,"  3.051","  0.517",13/40,/core/www/modules//sdig/index.php?run_id=110202&search_id=114132&scans_id=110198&peptide_id=28341&scanf=36211&charge=3&value=13/40,sp|Q9BQG0|MBB1A_HUMAN,/core/www/modules//consensus/?run_id=110202&search_id=114132&scans_id=110198&peptide_id=28341&scanf=36211&charge=3&value=sp|Q9BQG0|MBB1A_HUMAN,1,/core/www/modules/match_peptides/blast_html4.php?run_id=110202&search_id=114132&scans_id=110198&peptide_id=28341&scanf=36211&charge=3&value=1,R.KLPAIALDLLR.L,/core/www/modules/show_out/show_out_wrapper.php?run_id=110202&search_id=114132&scans_id=110198&peptide_id=28341&scanf=36211&charge=3&value=R.KLPAIALDLLR.L,MYBBP1A,4.499e+7,3.228,0.002,2.745,0.000
36212,3,"  4.839","  0.618",16/84,/core/www/modules//sdig/index.php?run_id=110202&search_id=114132&scans_id=110198&peptide_id=28342&scanf=36212&charge=3&value=16/84,sp|Q9ULK4|MED23_HUMAN,/core/www/modules//consensus/?run_id=110202&search_id=114132&scans_id=110198&peptide_id=28342&scanf=36212&charge=3&value=sp|Q9ULK4|MED23_HUMAN,1,/core/www/modules/match_peptides/blast_html4.php?run_id=110202&search_id=114132&scans_id=110198&peptide_id=28342&scanf=36212&charge=3&value=1,K.TEVIEEAFPGMFMDTPEDEKTK.L,/core/www/modules/show_out/show_out_wrapper.php?run_id=110202&search_id=114132&scans_id=110198&peptide_id=28342&scanf=36212&charge=3&value=K.TEVIEEAFPGMFMDTPEDEKTK.L,MED23,1.180e+6,2.963,0.004,2.353,0.000
36213,2,"  2.044","  0.224",9/18,/core/www/modules//sdig/index.php?run_id=110202&search_id=114132&scans_id=110198&peptide_id=28343&scanf=36213&charge=2&value=9/18,sp|P16383|GCFC2_HUMAN,/core/www/modules//consensus/?run_id=110202&search_id=114132&scans_id=110198&peptide_id=28343&scanf=36213&charge=2&value=sp|P16383|GCFC2_HUMAN,0,/core/www/modules/match_peptides/blast_html4.php?run_id=110202&search_id=114132&scans_id=110198&peptide_id=28343&scanf=36213&charge=2&value=0,R.VQLIDWNPLK.L,/core/www/modules/show_out/show_out_wrapper.php?run_id=110202&search_id=114132&scans_id=110198&peptide_id=28343&scanf=36213&charge=2&value=R.VQLIDWNPLK.L,GCFC2,1.878e+6,2.127,0.072,1.144,0.002
36216,2,"  4.332","  0.661",18/32,/core/www/modules//sdig/index.php?run_id=110202&search_id=114132&scans_id=110198&peptide_id=28346&scanf=36216&charge=2&value=18/32,sp|Q96QD9|UIF_HUMAN,/core/www/modules//consensus/?run_id=110202&search_id=114132&scans_id=110198&peptide_id=28346&scanf=36216&charge=2&value=sp|Q96QD9|UIF_HUMAN,1,/core/www/modules/match_peptides/blast_html4.php?run_id=110202&search_id=114132&scans_id=110198&peptide_id=28346&scanf=36216&charge=2&value=1,K.VQAQLNTEQLLDDVVAK.R,/core/www/modules/show_out/show_out_wrapper.php?run_id=110202&search_id=114132&scans_id=110198&peptide_id=28346&scanf=36216&charge=2&value=K.VQAQLNTEQLLDDVVAK.R,FYTTD1,7.386e+6,3.560,0.001,3.237,0.000
36218,2,"  2.713","  0.380",10/16,/core/www/modules//sdig/index.php?run_id=110202&search_id=114132&scans_id=110198&peptide_id=28348&scanf=36218&charge=2&value=10/16,sp|O00410|IPO5_HUMAN,/core/www/modules//consensus/?run_id=110202&search_id=114132&scans_id=110198&peptide_id=28348&scanf=36218&charge=2&value=sp|O00410|IPO5_HUMAN,11,/core/www/modules/match_peptides/blast_html4.php?run_id=110202&search_id=114132&scans_id=110198&peptide_id=28348&scanf=36218&charge=2&value=11,K.ITFLLQAIR.N,/core/www/modules/show_out/show_out_wrapper.php?run_id=110202&search_id=114132&scans_id=110198&peptide_id=28348&scanf=36218&charge=2&value=K.ITFLLQAIR.N,IPO5,5.144e+6,2.931,0.005,2.306,0.000
36222,2,"  3.164","  0.433",10/26,/core/www/modules//sdig/index.php?run_id=110202&search_id=114132&scans_id=110198&peptide_id=28353&scanf=36222&charge=2&value=10/26,sp|A5YKK6|CNOT1_HUMAN,/core/www/modules//consensus/?run_id=110202&search_id=114132&scans_id=110198&peptide_id=28353&scanf=36222&charge=2&value=sp|A5YKK6|CNOT1_HUMAN,0,/core/www/modules/match_peptides/blast_html4.php?run_id=110202&search_id=114132&scans_id=110198&peptide_id=28353&scanf=36222&charge=2&value=0,R.ILTNFTGVMPPQFK.K,/core/www/modules/show_out/show_out_wrapper.php?run_id=110202&search_id=114132&scans_id=110198&peptide_id=28353&scanf=36222&charge=2&value=R.ILTNFTGVMPPQFK.K,CNOT1,1.360e+6,2.615,0.014,1.842,0.000
36227,2,"  2.519","  0.527",12/22,/core/www/modules//sdig/index.php?run_id=110202&search_id=114132&scans_id=110198&peptide_id=28357&scanf=36227&charge=2&value=12/22,sp|Q13330|MTA1_HUMAN,/core/www/modules//consensus/?run_id=110202&search_id=114132&scans_id=110198&peptide_id=28357&scanf=36227&charge=2&value=sp|Q13330|MTA1_HUMAN,2,/core/www/modules/match_peptides/blast_html4.php?run_id=110202&search_id=114132&scans_id=110198&peptide_id=28357&scanf=36227&charge=2&value=2,R.DISSTLIALADK.H,/core/www/modules/show_out/show_out_wrapper.php?run_id=110202&search_id=114132&scans_id=110198&peptide_id=28357&scanf=36227&charge=2&value=R.DISSTLIALADK.H,MTA1,2.651e+7,3.196,0.002,2.697,0.000
36232,2,"  1.849","  0.363",11/30,/core/www/modules//sdig/index.php?run_id=110202&search_id=114132&scans_id=110198&peptide_id=28363&scanf=36232&charge=2&value=11/30,sp|Q9Y450|HBS1L_HUMAN,/core/www/modules//consensus/?run_id=110202&search_id=114132&scans_id=110198&peptide_id=28363&scanf=36232&charge=2&value=sp|Q9Y450|HBS1L_HUMAN,4,/core/www/modules/match_peptides/blast_html4.php?run_id=110202&search_id=114132&scans_id=110198&peptide_id=28363&scanf=36232&charge=2&value=4,K.ASFAYAWVLDETGEER.E,/core/www/modules/show_out/show_out_wrapper.php?run_id=110202&search_id=114132&scans_id=110198&peptide_id=28363&scanf=36232&charge=2&value=K.ASFAYAWVLDETGEER.E,HBS1L,5.949e+6,2.163,0.064,1.194,0.002
36234,2,"  2.543","  0.481",9/20,/core/www/modules//sdig/index.php?run_id=110202&search_id=114132&scans_id=110198&peptide_id=28365&scanf=36234&charge=2&value=9/20,sp|Q96IV0|NGLY1_HUMAN,/core/www/modules//consensus/?run_id=110202&search_id=114132&scans_id=110198&peptide_id=28365&scanf=36234&charge=2&value=sp|Q96IV0|NGLY1_HUMAN,6,/core/www/modules/match_peptides/blast_html4.php?run_id=110202&search_id=114132&scans_id=110198&peptide_id=28365&scanf=36234&charge=2&value=6,K.LLLTYADNILR.N,/core/www/modules/show_out/show_out_wrapper.php?run_id=110202&search_id=114132&scans_id=110198&peptide_id=28365&scanf=36234&charge=2&value=K.LLLTYADNILR.N,NGLY1,2.159e+6,2.864,0.006,2.208,0.000
36238,3,"  5.051","  0.515",14/64,/core/www/modules//sdig/index.php?run_id=110202&search_id=114132&scans_id=110198&peptide_id=28369&scanf=36238&charge=3&value=14/64,sp|P04843|RPN1_HUMAN,/core/www/modules//consensus/?run_id=110202&search_id=114132&scans_id=110198&peptide_id=28369&scanf=36238&charge=3&value=sp|P04843|RPN1_HUMAN,1,/core/www/modules/match_peptides/blast_html4.php?run_id=110202&search_id=114132&scans_id=110198&peptide_id=28369&scanf=36238&charge=3&value=1,R.FVDHVFDEQVIDSLTVK.I,/core/www/modules/show_out/show_out_wrapper.php?run_id=110202&search_id=114132&scans_id=110198&peptide_id=28369&scanf=36238&charge=3&value=R.FVDHVFDEQVIDSLTVK.I,RPN1,1.937e+6,3.114,0.003,2.577,0.000
36242,2,"  2.180","  0.435",9/18,/core/www/modules//sdig/index.php?run_id=110202&search_id=114132&scans_id=110198&peptide_id=28374&scanf=36242&charge=2&value=9/18,sp|O75365|TP4A3_HUMAN,/core/www/modules//consensus/?run_id=110202&search_id=114132&scans_id=110198&peptide_id=28374&scanf=36242&charge=2&value=sp|O75365|TP4A3_HUMAN,0,/core/www/modules/match_peptides/blast_html4.php?run_id=110202&search_id=114132&scans_id=110198&peptide_id=28374&scanf=36242&charge=2&value=0,K.VVEDWLSLVK.A,/core/www/modules/show_out/show_out_wrapper.php?run_id=110202&search_id=114132&scans_id=110198&peptide_id=28374&scanf=36242&charge=2&value=K.VVEDWLSLVK.A,PTP4A3,1.654e+6,2.876,0.006,2.226,0.000
36243,2,"  2.021","  0.398",10/24,/core/www/modules//sdig/index.php?run_id=110202&search_id=114132&scans_id=110198&peptide_id=28375&scanf=36243&charge=2&value=10/24,sp|Q14527|HLTF_HUMAN,/core/www/modules//consensus/?run_id=110202&search_id=114132&scans_id=110198&peptide_id=28375&scanf=36243&charge=2&value=sp|Q14527|HLTF_HUMAN,1,/core/www/modules/match_peptides/blast_html4.php?run_id=110202&search_id=114132&scans_id=110198&peptide_id=28375&scanf=36243&charge=2&value=1,K.ELAGALAYIMDNK.L,/core/www/modules/show_out/show_out_wrapper.php?run_id=110202&search_id=114132&scans_id=110198&peptide_id=28375&scanf=36243&charge=2&value=K.ELAGALAYIMDNK.L,HLTF,1.306e+6,2.457,0.024,1.612,0.001
36246,2,"  2.667","  0.338",11/22,/core/www/modules//sdig/index.php?run_id=110202&search_id=114132&scans_id=110198&peptide_id=28377&scanf=36246&charge=2&value=11/22,sp|P13639|EF2_HUMAN,/core/www/modules//consensus/?run_id=110202&search_id=114132&scans_id=110198&peptide_id=28377&scanf=36246&charge=2&value=sp|P13639|EF2_HUMAN,0,/core/www/modules/match_peptides/blast_html4.php?run_id=110202&search_id=114132&scans_id=110198&peptide_id=28377&scanf=36246&charge=2&value=0,K.EGIPALDNFLDK.L,/core/www/modules/show_out/show_out_wrapper.php?run_id=110202&search_id=114132&scans_id=110198&peptide_id=28377&scanf=36246&charge=2&value=K.EGIPALDNFLDK.L,EEF2,3.451e+6,2.528,0.019,1.714,0.000
36247,3,"  1.960","  0.384",9/60,/core/www/modules//sdig/index.php?run_id=110202&search_id=114132&scans_id=110198&peptide_id=28378&scanf=36247&charge=3&value=9/60,sp|Q6P587|FAHD1_HUMAN,/core/www/modules//consensus/?run_id=110202&search_id=114132&scans_id=110198&peptide_id=28378&scanf=36247&charge=3&value=sp|Q6P587|FAHD1_HUMAN,0,/core/www/modules/match_peptides/blast_html4.php?run_id=110202&search_id=114132&scans_id=110198&peptide_id=28378&scanf=36247&charge=3&value=0,K.IITLEEGDIILTGTPK.G,/core/www/modules/show_out/show_out_wrapper.php?run_id=110202&search_id=114132&scans_id=110198&peptide_id=28378&scanf=36247&charge=3&value=K.IITLEEGDIILTGTPK.G,FAHD1,1.559e+6,2.377,0.032,1.497,0.001
36250,4,"  3.396","  0.509",20/84,/core/www/modules//sdig/index.php?run_id=110202&search_id=114132&scans_id=110198&peptide_id=28382&scanf=36250&charge=4&value=20/84,sp|Q96ST3|SIN3A_HUMAN,/core/www/modules//consensus/?run_id=110202&search_id=114132&scans_id=110198&peptide_id=28382&scanf=36250&charge=4&value=sp|Q96ST3|SIN3A_HUMAN,0,/core/www/modules/match_peptides/blast_html4.php?run_id=110202&search_id=114132&scans_id=110198&peptide_id=28382&scanf=36250&charge=4&value=0,K.QILEDAAALIIHHVK.R,/core/www/modules/show_out/show_out_wrapper.php?run_id=110202&search_id=114132&scans_id=110198&peptide_id=28382&scanf=36250&charge=4&value=K.QILEDAAALIIHHVK.R,SIN3A,5.797e+6,3.549,0.001,3.221,0.000
36252,2,"  4.040","  0.723",17/28,/core/www/modules//sdig/index.php?run_id=110202&search_id=114132&scans_id=110198&peptide_id=28384&scanf=36252&charge=2&value=17/28,sp|Q7L2E3|DHX30_HUMAN,/core/www/modules//consensus/?run_id=110202&search_id=114132&scans_id=110198&peptide_id=28384&scanf=36252&charge=2&value=sp|Q7L2E3|DHX30_HUMAN,1,/core/www/modules/match_peptides/blast_html4.php?run_id=110202&search_id=114132&scans_id=110198&peptide_id=28384&scanf=36252&charge=2&value=1,R.ENYLEENLLYAPSLR.F,/core/www/modules/show_out/show_out_wrapper.php?run_id=110202&search_id=114132&scans_id=110198&peptide_id=28384&scanf=36252&charge=2&value=R.ENYLEENLLYAPSLR.F,DHX30,1.680e+6,3.958,0.000,3.827,0.000
36253,3,"  2.431","  0.315",12/48,/core/www/modules//sdig/index.php?run_id=110202&search_id=114132&scans_id=110198&peptide_id=28385&scanf=36253&charge=3&value=12/48,sp|O60826|CCD22_HUMAN,/core/www/modules//consensus/?run_id=110202&search_id=114132&scans_id=110198&peptide_id=28385&scanf=36253&charge=3&value=sp|O60826|CCD22_HUMAN,0,/core/www/modules/match_peptides/blast_html4.php?run_id=110202&search_id=114132&scans_id=110198&peptide_id=28385&scanf=36253&charge=3&value=0,R.DQLALPWVPPHLR.T,/core/www/modules/show_out/show_out_wrapper.php?run_id=110202&search_id=114132&scans_id=110198&peptide_id=28385&scanf=36253&charge=3&value=R.DQLALPWVPPHLR.T,CCDC22,9.218e+6,2.431,0.027,1.575,0.001
36257,2,"  2.052","  0.395",10/14,/core/www/modules//sdig/index.php?run_id=110202&search_id=114132&scans_id=110198&peptide_id=28389&scanf=36257&charge=2&value=10/14,sp|P07237|PDIA1_HUMAN,/core/www/modules//consensus/?run_id=110202&search_id=114132&scans_id=110198&peptide_id=28389&scanf=36257&charge=2&value=sp|P07237|PDIA1_HUMAN,16,/core/www/modules/match_peptides/blast_html4.php?run_id=110202&search_id=114132&scans_id=110198&peptide_id=28389&scanf=36257&charge=2&value=16,R.ILEFFGLK.K,/core/www/modules/show_out/show_out_wrapper.php?run_id=110202&search_id=114132&scans_id=110198&peptide_id=28389&scanf=36257&charge=2&value=R.ILEFFGLK.K,P4HB,4.602e+7,3.153,0.002,2.635,0.000
36263,3,"  3.404","  0.551",14/60,/core/www/modules//sdig/index.php?run_id=110202&search_id=114132&scans_id=110198&peptide_id=28396&scanf=36263&charge=3&value=14/60,sp|O95777|LSM8_HUMAN,/core/www/modules//consensus/?run_id=110202&search_id=114132&scans_id=110198&peptide_id=28396&scanf=36263&charge=3&value=sp|O95777|LSM8_HUMAN,3,/core/www/modules/match_peptides/blast_html4.php?run_id=110202&search_id=114132&scans_id=110198&peptide_id=28396&scanf=36263&charge=3&value=3,K.GFDQTINLILDESHER.V,/core/www/modules/show_out/show_out_wrapper.php?run_id=110202&search_id=114132&scans_id=110198&peptide_id=28396&scanf=36263&charge=3&value=K.GFDQTINLILDESHER.V,LSM8,1.039e+7,3.114,0.003,2.577,0.000
36265,2,"  1.853","  0.042",9/12,/core/www/modules//sdig/index.php?run_id=110202&search_id=114132&scans_id=110198&peptide_id=28398&scanf=36265&charge=2&value=9/12,sp|O95602|RPA1_HUMAN,/core/www/modules//consensus/?run_id=110202&search_id=114132&scans_id=110198&peptide_id=28398&scanf=36265&charge=2&value=sp|O95602|RPA1_HUMAN,1,/core/www/modules/match_peptides/blast_html4.php?run_id=110202&search_id=114132&scans_id=110198&peptide_id=28398&scanf=36265&charge=2&value=1,K.LIALFWK.A,/core/www/modules/show_out/show_out_wrapper.php?run_id=110202&search_id=114132&scans_id=110198&peptide_id=28398&scanf=36265&charge=2&value=K.LIALFWK.A,POLR1A,1.231e+6,2.071,0.086,1.067,0.004
36267,3,"  2.296","  0.492",13/60,/core/www/modules//sdig/index.php?run_id=110202&search_id=114132&scans_id=110198&peptide_id=28399&scanf=36267&charge=3&value=13/60,sp|Q92616|GCN1_HUMAN,/core/www/modules//consensus/?run_id=110202&search_id=114132&scans_id=110198&peptide_id=28399&scanf=36267&charge=3&value=sp|Q92616|GCN1_HUMAN,0,/core/www/modules/match_peptides/blast_html4.php?run_id=110202&search_id=114132&scans_id=110198&peptide_id=28399&scanf=36267&charge=3&value=0,K.DPLPPLDPQAIKPILK.A,/core/www/modules/show_out/show_out_wrapper.php?run_id=110202&search_id=114132&scans_id=110198&peptide_id=28399&scanf=36267&charge=3&value=K.DPLPPLDPQAIKPILK.A,GCN1,8.011e+6,3.056,0.003,2.490,0.000
36269,2,"  2.831","  0.474",13/22,/core/www/modules//sdig/index.php?run_id=110202&search_id=114132&scans_id=110198&peptide_id=28401&scanf=36269&charge=2&value=13/22,sp|Q9H5Z1|DHX35_HUMAN,/core/www/modules//consensus/?run_id=110202&search_id=114132&scans_id=110198&peptide_id=28401&scanf=36269&charge=2&value=sp|Q9H5Z1|DHX35_HUMAN,1,/core/www/modules/match_peptides/blast_html4.php?run_id=110202&search_id=114132&scans_id=110198&peptide_id=28401&scanf=36269&charge=2&value=1,R.IAEFPLNPMFAK.M,/core/www/modules/show_out/show_out_wrapper.php?run_id=110202&search_id=114132&scans_id=110198&peptide_id=28401&scanf=36269&charge=2&value=R.IAEFPLNPMFAK.M,DHX35,4.569e+6,3.022,0.004,2.441,0.000
36270,3,"  4.615","  0.354",19/76,/core/www/modules//sdig/index.php?run_id=110202&search_id=114132&scans_id=110198&peptide_id=28403&scanf=36270&charge=3&value=19/76,sp|Q7Z3K3|POGZ_HUMAN,/core/www/modules//consensus/?run_id=110202&search_id=114132&scans_id=110198&peptide_id=28403&scanf=36270&charge=3&value=sp|Q7Z3K3|POGZ_HUMAN,1,/core/www/modules/match_peptides/blast_html4.php?run_id=110202&search_id=114132&scans_id=110198&peptide_id=28403&scanf=36270&charge=3&value=1,R.SFLVASVLPGPDGNINSPTR.N,/core/www/modules/show_out/show_out_wrapper.php?run_id=110202&search_id=114132&scans_id=110198&peptide_id=28403&scanf=36270&charge=3&value=R.SFLVASVLPGPDGNINSPTR.N,POGZ,3.766e+6,2.430,0.027,1.572,0.001
36272,3,"  2.991","  0.120",15/52,/core/www/modules//sdig/index.php?run_id=110202&search_id=114132&scans_id=110198&peptide_id=28405&scanf=36272&charge=3&value=15/52,sp|Q9UQB8|BAIP2_HUMAN,/core/www/modules//consensus/?run_id=110202&search_id=114132&scans_id=110198&peptide_id=28405&scanf=36272&charge=3&value=sp|Q9UQB8|BAIP2_HUMAN,11,/core/www/modules/match_peptides/blast_html4.php?run_id=110202&search_id=114132&scans_id=110198&peptide_id=28405&scanf=36272&charge=3&value=11,K.ELGDVLFQMAEVHR.Q,/core/www/modules/show_out/show_out_wrapper.php?run_id=110202&search_id=114132&scans_id=110198&peptide_id=28405&scanf=36272&charge=3&value=K.ELGDVLFQMAEVHR.Q,BAIAP2,3.189e+6,1.899,0.144,0.841,0.007
36275,3,"  5.635","  0.645",24/80,/core/www/modules//sdig/index.php?run_id=110202&search_id=114132&scans_id=110198&peptide_id=28408&scanf=36275&charge=3&value=24/80,sp|O60287|NPA1P_HUMAN,/core/www/modules//consensus/?run_id=110202&search_id=114132&scans_id=110198&peptide_id=28408&scanf=36275&charge=3&value=sp|O60287|NPA1P_HUMAN,0,/core/www/modules/match_peptides/blast_html4.php?run_id=110202&search_id=114132&scans_id=110198&peptide_id=28408&scanf=36275&charge=3&value=0,K.TPPQLEALQELHPYMEGAQLR.E,/core/www/modules/show_out/show_out_wrapper.php?run_id=110202&search_id=114132&scans_id=110198&peptide_id=28408&scanf=36275&charge=3&value=K.TPPQLEALQELHPYMEGAQLR.E,URB1,3.707e+6,3.619,0.000,3.324,0.000
36276,2,"  4.529","  0.685",17/28,/core/www/modules//sdig/index.php?run_id=110202&search_id=114132&scans_id=110198&peptide_id=28409&scanf=36276&charge=2&value=17/28,sp|Q16643|DREB_HUMAN,/core/www/modules//consensus/?run_id=110202&search_id=114132&scans_id=110198&peptide_id=28409&scanf=36276&charge=2&value=sp|Q16643|DREB_HUMAN,3,/core/www/modules/match_peptides/blast_html4.php?run_id=110202&search_id=114132&scans_id=110198&peptide_id=28409&scanf=36276&charge=2&value=3,K.YVLINWVGEDVPDAR.K,/core/www/modules/show_out/show_out_wrapper.php?run_id=110202&search_id=114132&scans_id=110198&peptide_id=28409&scanf=36276&charge=2&value=K.YVLINWVGEDVPDAR.K,DBN1,4.355e+7,3.902,0.000,3.744,0.000
36277,3,"  5.380","  0.654",19/84,/core/www/modules//sdig/index.php?run_id=110202&search_id=114132&scans_id=110198&peptide_id=28410&scanf=36277&charge=3&value=19/84,sp|Q75QN2|INT8_HUMAN,/core/www/modules//consensus/?run_id=110202&search_id=114132&scans_id=110198&peptide_id=28410&scanf=36277&charge=3&value=sp|Q75QN2|INT8_HUMAN,1,/core/www/modules/match_peptides/blast_html4.php?run_id=110202&search_id=114132&scans_id=110198&peptide_id=28410&scanf=36277&charge=3&value=1,K.AIGQTELNASNPEEVLQLAAQR.R,/core/www/modules/show_out/show_out_wrapper.php?run_id=110202&search_id=114132&scans_id=110198&peptide_id=28410&scanf=36277&charge=3&value=K.AIGQTELNASNPEEVLQLAAQR.R,INTS8,2.313e+6,3.380,0.001,2.971,0.000
36278,3,"  2.838","  0.451",12/56,/core/www/modules//sdig/index.php?run_id=110202&search_id=114132&scans_id=110198&peptide_id=28411&scanf=36278&charge=3&value=12/56,sp|Q12768|WASC5_HUMAN,/core/www/modules//consensus/?run_id=110202&search_id=114132&scans_id=110198&peptide_id=28411&scanf=36278&charge=3&value=sp|Q12768|WASC5_HUMAN,1,/core/www/modules/match_peptides/blast_html4.php?run_id=110202&search_id=114132&scans_id=110198&peptide_id=28411&scanf=36278&charge=3&value=1,R.VAEAHVPNFIFDEFR.T,/core/www/modules/show_out/show_out_wrapper.php?run_id=110202&search_id=114132&scans_id=110198&peptide_id=28411&scanf=36278&charge=3&value=R.VAEAHVPNFIFDEFR.T,WASHC5,2.526e+6,2.824,0.007,2.148,0.000
36279,3,"  4.071","  0.559",12/60,/core/www/modules//sdig/index.php?run_id=110202&search_id=114132&scans_id=110198&peptide_id=28412&scanf=36279&charge=3&value=12/60,sp|P62424|RL7A_HUMAN,/core/www/modules//consensus/?run_id=110202&search_id=114132&scans_id=110198&peptide_id=28412&scanf=36279&charge=3&value=sp|P62424|RL7A_HUMAN,1,/core/www/modules/match_peptides/blast_html4.php?run_id=110202&search_id=114132&scans_id=110198&peptide_id=28412&scanf=36279&charge=3&value=1,R.LKVPPAINQFTQALDR.Q,/core/www/modules/show_out/show_out_wrapper.php?run_id=110202&search_id=114132&scans_id=110198&peptide_id=28412&scanf=36279&charge=3&value=R.LKVPPAINQFTQALDR.Q,RPL7A,1.501e+8,2.825,0.007,2.150,0.000
36280,2,"  1.352","  0.507",8/16,/core/www/modules//sdig/index.php?run_id=110202&search_id=114132&scans_id=110198&peptide_id=28413&scanf=36280&charge=2&value=8/16,sp|Q6IN85|P4R3A_HUMAN,/core/www/modules//consensus/?run_id=110202&search_id=114132&scans_id=110198&peptide_id=28413&scanf=36280&charge=2&value=sp|Q6IN85|P4R3A_HUMAN,2,/core/www/modules/match_peptides/blast_html4.php?run_id=110202&search_id=114132&scans_id=110198&peptide_id=28413&scanf=36280&charge=2&value=2,K.TEFLGFFYK.H,/core/www/modules/show_out/show_out_wrapper.php?run_id=110202&search_id=114132&scans_id=110198&peptide_id=28413&scanf=36280&charge=2&value=K.TEFLGFFYK.H,PPP4R3A,1.843e+6,2.977,0.004,2.374,0.000
36283,2,"  2.045","  0.305",9/20,/core/www/modules//sdig/index.php?run_id=110202&search_id=114132&scans_id=110198&peptide_id=28416&scanf=36283&charge=2&value=9/20,sp|Q86TJ2|TAD2B_HUMAN,/core/www/modules//consensus/?run_id=110202&search_id=114132&scans_id=110198&peptide_id=28416&scanf=36283&charge=2&value=sp|Q86TJ2|TAD2B_HUMAN,0,/core/www/modules/match_peptides/blast_html4.php?run_id=110202&search_id=114132&scans_id=110198&peptide_id=28416&scanf=36283&charge=2&value=0,R.DYNLVPAFLGK.D,/core/www/modules/show_out/show_out_wrapper.php?run_id=110202&search_id=114132&scans_id=110198&peptide_id=28416&scanf=36283&charge=2&value=R.DYNLVPAFLGK.D,TADA2B,1.801e+6,2.268,0.046,1.341,0.002
36289,2,"  2.974","  0.505",12/18,/core/www/modules//sdig/index.php?run_id=110202&search_id=114132&scans_id=110198&peptide_id=28421&scanf=36289&charge=2&value=12/18,sp|P18085|ARF4_HUMAN,/core/www/modules//consensus/?run_id=110202&search_id=114132&scans_id=110198&peptide_id=28421&scanf=36289&charge=2&value=sp|P18085|ARF4_HUMAN,3,/core/www/modules/match_peptides/blast_html4.php?run_id=110202&search_id=114132&scans_id=110198&peptide_id=28421&scanf=36289&charge=2&value=3,R.DAVLLLFANK.Q,/core/www/modules/show_out/show_out_wrapper.php?run_id=110202&search_id=114132&scans_id=110198&peptide_id=28421&scanf=36289&charge=2&value=R.DAVLLLFANK.Q,ARF4,5.900e+7,3.371,0.001,2.958,0.000
36297,2,"  4.881","  0.677",21/32,/core/www/modules//sdig/index.php?run_id=110202&search_id=114132&scans_id=110198&peptide_id=28430&scanf=36297&charge=2&value=21/32,sp|P00558|PGK1_HUMAN,/core/www/modules//consensus/?run_id=110202&search_id=114132&scans_id=110198&peptide_id=28430&scanf=36297&charge=2&value=sp|P00558|PGK1_HUMAN,0,/core/www/modules/match_peptides/blast_html4.php?run_id=110202&search_id=114132&scans_id=110198&peptide_id=28430&scanf=36297&charge=2&value=0,K.ALESPERPFLAILGGAK.V,/core/www/modules/show_out/show_out_wrapper.php?run_id=110202&search_id=114132&scans_id=110198&peptide_id=28430&scanf=36297&charge=2&value=K.ALESPERPFLAILGGAK.V,PGK1,3.266e+6,3.843,0.000,3.656,0.000
36298,2,"  4.470","  0.725",22/36,/core/www/modules//sdig/index.php?run_id=110202&search_id=114132&scans_id=110198&peptide_id=28431&scanf=36298&charge=2&value=22/36,sp|P36578|RL4_HUMAN,/core/www/modules//consensus/?run_id=110202&search_id=114132&scans_id=110198&peptide_id=28431&scanf=36298&charge=2&value=sp|P36578|RL4_HUMAN,1,/core/www/modules/match_peptides/blast_html4.php?run_id=110202&search_id=114132&scans_id=110198&peptide_id=28431&scanf=36298&charge=2&value=1,R.IEEVPELPLVVEDKVEGYK.K,/core/www/modules/show_out/show_out_wrapper.php?run_id=110202&search_id=114132&scans_id=110198&peptide_id=28431&scanf=36298&charge=2&value=R.IEEVPELPLVVEDKVEGYK.K,RPL4,1.659e+6,3.553,0.001,3.227,0.000
36301,3,"  7.030","  0.784",30/116,/core/www/modules//sdig/index.php?run_id=110202&search_id=114132&scans_id=110198&peptide_id=28435&scanf=36301&charge=3&value=30/116,sp|P60709|ACTB_HUMAN,/core/www/modules//consensus/?run_id=110202&search_id=114132&scans_id=110198&peptide_id=28435&scanf=36301&charge=3&value=sp|P60709|ACTB_HUMAN,9,/core/www/modules/match_peptides/blast_html4.php?run_id=110202&search_id=114132&scans_id=110198&peptide_id=28435&scanf=36301&charge=3&value=9,R.TTGIVM*DSGDGVTHTVPIYEGYALPHAILR.L,/core/www/modules/show_out/show_out_wrapper.php?run_id=110202&search_id=114132&scans_id=110198&peptide_id=28435&scanf=36301&charge=3&value=R.TTGIVM*DSGDGVTHTVPIYEGYALPHAILR.L,ACTB,1.102e+6,4.241,0.000,4.247,0.000
36306,2,"  3.416","  0.462",18/28,/core/www/modules//sdig/index.php?run_id=110202&search_id=114132&scans_id=110198&peptide_id=28440&scanf=36306&charge=2&value=18/28,sp|P49792|RBP2_HUMAN,/core/www/modules//consensus/?run_id=110202&search_id=114132&scans_id=110198&peptide_id=28440&scanf=36306&charge=2&value=sp|P49792|RBP2_HUMAN,0,/core/www/modules/match_peptides/blast_html4.php?run_id=110202&search_id=114132&scans_id=110198&peptide_id=28440&scanf=36306&charge=2&value=0,K.ELVGPPLAETVFTPK.T,/core/www/modules/show_out/show_out_wrapper.php?run_id=110202&search_id=114132&scans_id=110198&peptide_id=28440&scanf=36306&charge=2&value=K.ELVGPPLAETVFTPK.T,RANBP2,2.931e+6,3.078,0.003,2.524,0.000
36309,3,"  3.351","  0.590",16/68,/core/www/modules//sdig/index.php?run_id=110202&search_id=114132&scans_id=110198&peptide_id=28442&scanf=36309&charge=3&value=16/68,sp|Q8IX12|CCAR1_HUMAN,/core/www/modules//consensus/?run_id=110202&search_id=114132&scans_id=110198&peptide_id=28442&scanf=36309&charge=3&value=sp|Q8IX12|CCAR1_HUMAN,4,/core/www/modules/match_peptides/blast_html4.php?run_id=110202&search_id=114132&scans_id=110198&peptide_id=28442&scanf=36309&charge=3&value=4,R.YILPDEPAIIVHPNWAAK.S,/core/www/modules/show_out/show_out_wrapper.php?run_id=110202&search_id=114132&scans_id=110198&peptide_id=28442&scanf=36309&charge=3&value=R.YILPDEPAIIVHPNWAAK.S,CCAR1,5.587e+6,3.216,0.002,2.727,0.000
36310,2,"  4.426","  0.702",14/26,/core/www/modules//sdig/index.php?run_id=110202&search_id=114132&scans_id=110198&peptide_id=28444&scanf=36310&charge=2&value=14/26,sp|P34932|HSP74_HUMAN,/core/www/modules//consensus/?run_id=110202&search_id=114132&scans_id=110198&peptide_id=28444&scanf=36310&charge=2&value=sp|P34932|HSP74_HUMAN,0,/core/www/modules/match_peptides/blast_html4.php?run_id=110202&search_id=114132&scans_id=110198&peptide_id=28444&scanf=36310&charge=2&value=0,R.NFTTEQVTAMLLSK.L,/core/www/modules/show_out/show_out_wrapper.php?run_id=110202&search_id=114132&scans_id=110198&peptide_id=28444&scanf=36310&charge=2&value=R.NFTTEQVTAMLLSK.L,HSPA4,4.479e+6,3.827,0.000,3.633,0.000
36311,2,"  2.784","  0.508",12/20,/core/www/modules//sdig/index.php?run_id=110202&search_id=114132&scans_id=110198&peptide_id=28445&scanf=36311&charge=2&value=12/20,sp|Q07021|C1QBP_HUMAN,/core/www/modules//consensus/?run_id=110202&search_id=114132&scans_id=110198&peptide_id=28445&scanf=36311&charge=2&value=sp|Q07021|C1QBP_HUMAN,0,/core/www/modules/match_peptides/blast_html4.php?run_id=110202&search_id=114132&scans_id=110198&peptide_id=28445&scanf=36311&charge=2&value=0,K.AFVDFLSDEIK.E,/core/www/modules/show_out/show_out_wrapper.php?run_id=110202&search_id=114132&scans_id=110198&peptide_id=28445&scanf=36311&charge=2&value=K.AFVDFLSDEIK.E,C1QBP,7.065e+6,3.186,0.002,2.683,0.000
36320,2,"  3.256","  0.536",12/24,/core/www/modules//sdig/index.php?run_id=110202&search_id=114132&scans_id=110198&peptide_id=28455&scanf=36320&charge=2&value=12/24,sp|Q9Y5B6|PAXB1_HUMAN,/core/www/modules//consensus/?run_id=110202&search_id=114132&scans_id=110198&peptide_id=28455&scanf=36320&charge=2&value=sp|Q9Y5B6|PAXB1_HUMAN,0,/core/www/modules/match_peptides/blast_html4.php?run_id=110202&search_id=114132&scans_id=110198&peptide_id=28455&scanf=36320&charge=2&value=0,K.TLQELSIDGLLNR.Y,/core/www/modules/show_out/show_out_wrapper.php?run_id=110202&search_id=114132&scans_id=110198&peptide_id=28455&scanf=36320&charge=2&value=K.TLQELSIDGLLNR.Y,PAXBP1,3.302e+6,3.103,0.003,2.560,0.000
36324,3,"  3.789","  0.172",14/68,/core/www/modules//sdig/index.php?run_id=110202&search_id=114132&scans_id=110198&peptide_id=28459&scanf=36324&charge=3&value=14/68,sp|P60709|ACTB_HUMAN,/core/www/modules//consensus/?run_id=110202&search_id=114132&scans_id=110198&peptide_id=28459&scanf=36324&charge=3&value=sp|P60709|ACTB_HUMAN,14,/core/www/modules/match_peptides/blast_html4.php?run_id=110202&search_id=114132&scans_id=110198&peptide_id=28459&scanf=36324&charge=3&value=14,R.VAPEEHPVLLTEAPLNPK.A,/core/www/modules/show_out/show_out_wrapper.php?run_id=110202&search_id=114132&scans_id=110198&peptide_id=28459&scanf=36324&charge=3&value=R.VAPEEHPVLLTEAPLNPK.A,ACTB,1.863e+6,2.360,0.034,1.472,0.001
36326,3,"  2.658","  0.373",11/36,/core/www/modules//sdig/index.php?run_id=110202&search_id=114132&scans_id=110198&peptide_id=28461&scanf=36326&charge=3&value=11/36,sp|Q29RF7|PDS5A_HUMAN,/core/www/modules//consensus/?run_id=110202&search_id=114132&scans_id=110198&peptide_id=28461&scanf=36326&charge=3&value=sp|Q29RF7|PDS5A_HUMAN,0,/core/www/modules/match_peptides/blast_html4.php?run_id=110202&search_id=114132&scans_id=110198&peptide_id=28461&scanf=36326&charge=3&value=0,K.LKDIFLFITR.Q,/core/www/modules/show_out/show_out_wrapper.php?run_id=110202&search_id=114132&scans_id=110198&peptide_id=28461&scanf=36326&charge=3&value=K.LKDIFLFITR.Q,PDS5A,2.012e+6,2.638,0.013,1.875,0.000
36328,3,"  3.425","  0.428",13/72,/core/www/modules//sdig/index.php?run_id=110202&search_id=114132&scans_id=110198&peptide_id=28463&scanf=36328&charge=3&value=13/72,sp|Q5SY16|NOL9_HUMAN,/core/www/modules//consensus/?run_id=110202&search_id=114132&scans_id=110198&peptide_id=28463&scanf=36328&charge=3&value=sp|Q5SY16|NOL9_HUMAN,0,/core/www/modules/match_peptides/blast_html4.php?run_id=110202&search_id=114132&scans_id=110198&peptide_id=28463&scanf=36328&charge=3&value=0,K.YMPDLTPQYVDDMDGLYTK.S,/core/www/modules/show_out/show_out_wrapper.php?run_id=110202&search_id=114132&scans_id=110198&peptide_id=28463&scanf=36328&charge=3&value=K.YMPDLTPQYVDDMDGLYTK.S,NOL9,2.576e+6,2.601,0.015,1.821,0.000
36332,3,"  8.049","  0.730",28/96,/core/www/modules//sdig/index.php?run_id=110202&search_id=114132&scans_id=110198&peptide_id=28467&scanf=36332&charge=3&value=28/96,sp|P41252|SYIC_HUMAN,/core/www/modules//consensus/?run_id=110202&search_id=114132&scans_id=110198&peptide_id=28467&scanf=36332&charge=3&value=sp|P41252|SYIC_HUMAN,2,/core/www/modules/match_peptides/blast_html4.php?run_id=110202&search_id=114132&scans_id=110198&peptide_id=28467&scanf=36332&charge=3&value=2,K.NTELAVFHDETEIQNQTDLLSLSGK.T,/core/www/modules/show_out/show_out_wrapper.php?run_id=110202&search_id=114132&scans_id=110198&peptide_id=28467&scanf=36332&charge=3&value=K.NTELAVFHDETEIQNQTDLLSLSGK.T,IARS1,6.905e+6,3.876,0.000,3.706,0.000
36334,3,"  3.375","  0.534",17/56,/core/www/modules//sdig/index.php?run_id=110202&search_id=114132&scans_id=110198&peptide_id=28469&scanf=36334&charge=3&value=17/56,sp|P11940|PABP1_HUMAN,/core/www/modules//consensus/?run_id=110202&search_id=114132&scans_id=110198&peptide_id=28469&scanf=36334&charge=3&value=sp|P11940|PABP1_HUMAN,12,/core/www/modules/match_peptides/blast_html4.php?run_id=110202&search_id=114132&scans_id=110198&peptide_id=28469&scanf=36334&charge=3&value=12,R.LFPLIQAMHPTLAGK.I,/core/www/modules/show_out/show_out_wrapper.php?run_id=110202&search_id=114132&scans_id=110198&peptide_id=28469&scanf=36334&charge=3&value=R.LFPLIQAMHPTLAGK.I,PABPC1,5.520e+6,3.310,0.001,2.867,0.000
36335,3,"  1.724","  0.168",10/48,/core/www/modules//sdig/index.php?run_id=110202&search_id=114132&scans_id=110198&peptide_id=28470&scanf=36335&charge=3&value=10/48,sp|Q7KZ85|SPT6H_HUMAN,/core/www/modules//consensus/?run_id=110202&search_id=114132&scans_id=110198&peptide_id=28470&scanf=36335&charge=3&value=sp|Q7KZ85|SPT6H_HUMAN,0,/core/www/modules/match_peptides/blast_html4.php?run_id=110202&search_id=114132&scans_id=110198&peptide_id=28470&scanf=36335&charge=3&value=0,R.SPNTEEIFNMLTK.E,/core/www/modules/show_out/show_out_wrapper.php?run_id=110202&search_id=114132&scans_id=110198&peptide_id=28470&scanf=36335&charge=3&value=R.SPNTEEIFNMLTK.E,SUPT6H,1.982e+6,1.843,0.170,0.770,0.009
36336,2,"  2.418","  0.496",10/16,/core/www/modules//sdig/index.php?run_id=110202&search_id=114132&scans_id=110198&peptide_id=28471&scanf=36336&charge=2&value=10/16,sp|Q9NVA1|UQCC1_HUMAN,/core/www/modules//consensus/?run_id=110202&search_id=114132&scans_id=110198&peptide_id=28471&scanf=36336&charge=2&value=sp|Q9NVA1|UQCC1_HUMAN,3,/core/www/modules/match_peptides/blast_html4.php?run_id=110202&search_id=114132&scans_id=110198&peptide_id=28471&scanf=36336&charge=2&value=3,K.TDFEEFFLR.C,/core/www/modules/show_out/show_out_wrapper.php?run_id=110202&search_id=114132&scans_id=110198&peptide_id=28471&scanf=36336&charge=2&value=K.TDFEEFFLR.C,UQCC1,2.751e+6,3.114,0.003,2.577,0.000
36337,3,"  2.890","  0.456",13/72,/core/www/modules//sdig/index.php?run_id=110202&search_id=114132&scans_id=110198&peptide_id=28472&scanf=36337&charge=3&value=13/72,sp|Q9BQ39|DDX50_HUMAN,/core/www/modules//consensus/?run_id=110202&search_id=114132&scans_id=110198&peptide_id=28472&scanf=36337&charge=3&value=sp|Q9BQ39|DDX50_HUMAN,0,/core/www/modules/match_peptides/blast_html4.php?run_id=110202&search_id=114132&scans_id=110198&peptide_id=28472&scanf=36337&charge=3&value=0,R.SLASVSYAAVDFFRPSAQR.L,/core/www/modules/show_out/show_out_wrapper.php?run_id=110202&search_id=114132&scans_id=110198&peptide_id=28472&scanf=36337&charge=3&value=R.SLASVSYAAVDFFRPSAQR.L,DDX50,2.727e+6,2.540,0.019,1.732,0.000
36340,2,"  2.590","  0.546",10/34,/core/www/modules//sdig/index.php?run_id=110202&search_id=114132&scans_id=110198&peptide_id=28476&scanf=36340&charge=2&value=10/34,sp|P11021|BIP_HUMAN,/core/www/modules//consensus/?run_id=110202&search_id=114132&scans_id=110198&peptide_id=28476&scanf=36340&charge=2&value=sp|P11021|BIP_HUMAN,2,/core/www/modules/match_peptides/blast_html4.php?run_id=110202&search_id=114132&scans_id=110198&peptide_id=28476&scanf=36340&charge=2&value=2,R.IEIESFYEGEDFSETLTR.A,/core/www/modules/show_out/show_out_wrapper.php?run_id=110202&search_id=114132&scans_id=110198&peptide_id=28476&scanf=36340&charge=2&value=R.IEIESFYEGEDFSETLTR.A,HSPA5,2.681e+6,2.567,0.017,1.772,0.000
36342,3,"  2.734","  0.314",13/52,/core/www/modules//sdig/index.php?run_id=110202&search_id=114132&scans_id=110198&peptide_id=28478&scanf=36342&charge=3&value=13/52,sp|Q9NZB2|F120A_HUMAN,/core/www/modules//consensus/?run_id=110202&search_id=114132&scans_id=110198&peptide_id=28478&scanf=36342&charge=3&value=sp|Q9NZB2|F120A_HUMAN,2,/core/www/modules/match_peptides/blast_html4.php?run_id=110202&search_id=114132&scans_id=110198&peptide_id=28478&scanf=36342&charge=3&value=2,K.SPQTPELVEALAFR.E,/core/www/modules/show_out/show_out_wrapper.php?run_id=110202&search_id=114132&scans_id=110198&peptide_id=28478&scanf=36342&charge=3&value=K.SPQTPELVEALAFR.E,FAM120A,2.332e+6,2.493,0.022,1.664,0.001
36351,2,"  2.384","  0.658",12/20,/core/www/modules//sdig/index.php?run_id=110202&search_id=114132&scans_id=110198&peptide_id=28487&scanf=36351&charge=2&value=12/20,sp|O00148|DX39A_HUMAN,/core/www/modules//consensus/?run_id=110202&search_id=114132&scans_id=110198&peptide_id=28487&scanf=36351&charge=2&value=sp|O00148|DX39A_HUMAN,2,/core/www/modules/match_peptides/blast_html4.php?run_id=110202&search_id=114132&scans_id=110198&peptide_id=28487&scanf=36351&charge=2&value=2,K.VSVFFGGLSIK.K,/core/www/modules/show_out/show_out_wrapper.php?run_id=110202&search_id=114132&scans_id=110198&peptide_id=28487&scanf=36351&charge=2&value=K.VSVFFGGLSIK.K,DDX39A,3.439e+7,3.822,0.000,3.626,0.000
36352,3,"  3.346","  0.522",20/72,/core/www/modules//sdig/index.php?run_id=110202&search_id=114132&scans_id=110198&peptide_id=28488&scanf=36352&charge=3&value=20/72,sp|P32969|RL9_HUMAN,/core/www/modules//consensus/?run_id=110202&search_id=114132&scans_id=110198&peptide_id=28488&scanf=36352&charge=3&value=sp|P32969|RL9_HUMAN,1,/core/www/modules/match_peptides/blast_html4.php?run_id=110202&search_id=114132&scans_id=110198&peptide_id=28488&scanf=36352&charge=3&value=1,K.TILSNQTVDIPENVDITLK.G,/core/www/modules/show_out/show_out_wrapper.php?run_id=110202&search_id=114132&scans_id=110198&peptide_id=28488&scanf=36352&charge=3&value=K.TILSNQTVDIPENVDITLK.G,RPL9P9,2.802e+7,3.030,0.004,2.452,0.000
36354,3,"  3.711","  0.572",16/88,/core/www/modules//sdig/index.php?run_id=110202&search_id=114132&scans_id=110198&peptide_id=28490&scanf=36354&charge=3&value=16/88,sp|O75533|SF3B1_HUMAN,/core/www/modules//consensus/?run_id=110202&search_id=114132&scans_id=110198&peptide_id=28490&scanf=36354&charge=3&value=sp|O75533|SF3B1_HUMAN,0,/core/www/modules/match_peptides/blast_html4.php?run_id=110202&search_id=114132&scans_id=110198&peptide_id=28490&scanf=36354&charge=3&value=0,K.SVNDQPSGNLPFLKPDDIQYFDK.L,/core/www/modules/show_out/show_out_wrapper.php?run_id=110202&search_id=114132&scans_id=110198&peptide_id=28490&scanf=36354&charge=3&value=K.SVNDQPSGNLPFLKPDDIQYFDK.L,SF3B1,1.099e+7,3.057,0.003,2.493,0.000
36355,2,"  5.164","  0.576",23/36,/core/www/modules//sdig/index.php?run_id=110202&search_id=114132&scans_id=110198&peptide_id=28491&scanf=36355&charge=2&value=23/36,sp|P32969|RL9_HUMAN,/core/www/modules//consensus/?run_id=110202&search_id=114132&scans_id=110198&peptide_id=28491&scanf=36355&charge=2&value=sp|P32969|RL9_HUMAN,1,/core/www/modules/match_peptides/blast_html4.php?run_id=110202&search_id=114132&scans_id=110198&peptide_id=28491&scanf=36355&charge=2&value=1,K.TILSNQTVDIPENVDITLK.G,/core/www/modules/show_out/show_out_wrapper.php?run_id=110202&search_id=114132&scans_id=110198&peptide_id=28491&scanf=36355&charge=2&value=K.TILSNQTVDIPENVDITLK.G,RPL9P9,1.643e+7,3.382,0.001,2.974,0.000
36356,3,"  3.754","  0.454",15/64,/core/www/modules//sdig/index.php?run_id=110202&search_id=114132&scans_id=110198&peptide_id=28492&scanf=36356&charge=3&value=15/64,sp|O00159|MYO1C_HUMAN,/core/www/modules//consensus/?run_id=110202&search_id=114132&scans_id=110198&peptide_id=28492&scanf=36356&charge=3&value=sp|O00159|MYO1C_HUMAN,1,/core/www/modules/match_peptides/blast_html4.php?run_id=110202&search_id=114132&scans_id=110198&peptide_id=28492&scanf=36356&charge=3&value=1,K.GEELLSPLNLEQAAYAR.D,/core/www/modules/show_out/show_out_wrapper.php?run_id=110202&search_id=114132&scans_id=110198&peptide_id=28492&scanf=36356&charge=3&value=K.GEELLSPLNLEQAAYAR.D,MYO1C,6.062e+6,2.642,0.013,1.881,0.000
36363,2,"  2.646","  0.512",12/18,/core/www/modules//sdig/index.php?run_id=110202&search_id=114132&scans_id=110198&peptide_id=28500&scanf=36363&charge=2&value=12/18,sp|Q8NB37|GALD1_HUMAN,/core/www/modules//consensus/?run_id=110202&search_id=114132&scans_id=110198&peptide_id=28500&scanf=36363&charge=2&value=sp|Q8NB37|GALD1_HUMAN,3,/core/www/modules/match_peptides/blast_html4.php?run_id=110202&search_id=114132&scans_id=110198&peptide_id=28500&scanf=36363&charge=2&value=3,R.LPLVVEDFVK.D,/core/www/modules/show_out/show_out_wrapper.php?run_id=110202&search_id=114132&scans_id=110198&peptide_id=28500&scanf=36363&charge=2&value=R.LPLVVEDFVK.D,GATD1,3.740e+6,3.342,0.001,2.914,0.000
36367,2,"  3.302","  0.608",13/28,/core/www/modules//sdig/index.php?run_id=110202&search_id=114132&scans_id=110198&peptide_id=28504&scanf=36367&charge=2&value=13/28,sp|P47755|CAZA2_HUMAN,/core/www/modules//consensus/?run_id=110202&search_id=114132&scans_id=110198&peptide_id=28504&scanf=36367&charge=2&value=sp|P47755|CAZA2_HUMAN,0,/core/www/modules/match_peptides/blast_html4.php?run_id=110202&search_id=114132&scans_id=110198&peptide_id=28504&scanf=36367&charge=2&value=0,K.FTITPSTTQVVGILK.I,/core/www/modules/show_out/show_out_wrapper.php?run_id=110202&search_id=114132&scans_id=110198&peptide_id=28504&scanf=36367&charge=2&value=K.FTITPSTTQVVGILK.I,CAPZA2,4.648e+6,3.239,0.002,2.762,0.000
36369,3,"  2.925","  0.347",8/48,/core/www/modules//sdig/index.php?run_id=110202&search_id=114132&scans_id=110198&peptide_id=28506&scanf=36369&charge=3&value=8/48,sp|O60826|CCD22_HUMAN,/core/www/modules//consensus/?run_id=110202&search_id=114132&scans_id=110198&peptide_id=28506&scanf=36369&charge=3&value=sp|O60826|CCD22_HUMAN,0,/core/www/modules/match_peptides/blast_html4.php?run_id=110202&search_id=114132&scans_id=110198&peptide_id=28506&scanf=36369&charge=3&value=0,R.DQLALPWVPPHLR.T,/core/www/modules/show_out/show_out_wrapper.php?run_id=110202&search_id=114132&scans_id=110198&peptide_id=28506&scanf=36369&charge=3&value=R.DQLALPWVPPHLR.T,CCDC22,9.218e+6,2.467,0.024,1.627,0.001
36372,2,"  2.539","  0.485",12/20,/core/www/modules//sdig/index.php?run_id=110202&search_id=114132&scans_id=110198&peptide_id=28509&scanf=36372&charge=2&value=12/20,sp|P40926|MDHM_HUMAN,/core/www/modules//consensus/?run_id=110202&search_id=114132&scans_id=110198&peptide_id=28509&scanf=36372&charge=2&value=sp|P40926|MDHM_HUMAN,1,/core/www/modules/match_peptides/blast_html4.php?run_id=110202&search_id=114132&scans_id=110198&peptide_id=28509&scanf=36372&charge=2&value=1,K.IFGVTTLDIVR.A,/core/www/modules/show_out/show_out_wrapper.php?run_id=110202&search_id=114132&scans_id=110198&peptide_id=28509&scanf=36372&charge=2&value=K.IFGVTTLDIVR.A,MDH2,1.077e+8,3.192,0.002,2.692,0.000
36373,3,"  7.246","  0.777",28/76,/core/www/modules//sdig/index.php?run_id=110202&search_id=114132&scans_id=110198&peptide_id=28510&scanf=36373&charge=3&value=28/76,sp|P12814|ACTN1_HUMAN,/core/www/modules//consensus/?run_id=110202&search_id=114132&scans_id=110198&peptide_id=28510&scanf=36373&charge=3&value=sp|P12814|ACTN1_HUMAN,13,/core/www/modules/match_peptides/blast_html4.php?run_id=110202&search_id=114132&scans_id=110198&peptide_id=28510&scanf=36373&charge=3&value=13,K.IDQLEGDHQLIQEALIFDNK.H,/core/www/modules/show_out/show_out_wrapper.php?run_id=110202&search_id=114132&scans_id=110198&peptide_id=28510&scanf=36373&charge=3&value=K.IDQLEGDHQLIQEALIFDNK.H,ACTN1,2.859e+7,4.301,0.000,4.335,0.000
36374,3,"  6.187","  0.631",21/76,/core/www/modules//sdig/index.php?run_id=110202&search_id=114132&scans_id=110198&peptide_id=28511&scanf=36374&charge=3&value=21/76,sp|O95758|PTBP3_HUMAN,/core/www/modules//consensus/?run_id=110202&search_id=114132&scans_id=110198&peptide_id=28511&scanf=36374&charge=3&value=sp|O95758|PTBP3_HUMAN,0,/core/www/modules/match_peptides/blast_html4.php?run_id=110202&search_id=114132&scans_id=110198&peptide_id=28511&scanf=36374&charge=3&value=0,K.NNQFQALLQYADPVNAHYAK.M,/core/www/modules/show_out/show_out_wrapper.php?run_id=110202&search_id=114132&scans_id=110198&peptide_id=28511&scanf=36374&charge=3&value=K.NNQFQALLQYADPVNAHYAK.M,PTBP3,4.536e+6,3.549,0.001,3.221,0.000
36379,2,"  2.606","  0.367",11/20,/core/www/modules//sdig/index.php?run_id=110202&search_id=114132&scans_id=110198&peptide_id=28516&scanf=36379&charge=2&value=11/20,sp|Q96T23|RSF1_HUMAN,/core/www/modules//consensus/?run_id=110202&search_id=114132&scans_id=110198&peptide_id=28516&scanf=36379&charge=2&value=sp|Q96T23|RSF1_HUMAN,2,/core/www/modules/match_peptides/blast_html4.php?run_id=110202&search_id=114132&scans_id=110198&peptide_id=28516&scanf=36379&charge=2&value=2,R.NELAETLALLK.A,/core/www/modules/show_out/show_out_wrapper.php?run_id=110202&search_id=114132&scans_id=110198&peptide_id=28516&scanf=36379&charge=2&value=R.NELAETLALLK.A,RSF1,1.105e+7,2.604,0.015,1.825,0.000
36381,3,"  2.660","  0.407",16/96,/core/www/modules//sdig/index.php?run_id=110202&search_id=114132&scans_id=110198&peptide_id=28519&scanf=36381&charge=3&value=16/96,sp|Q92616|GCN1_HUMAN,/core/www/modules//consensus/?run_id=110202&search_id=114132&scans_id=110198&peptide_id=28519&scanf=36381&charge=3&value=sp|Q92616|GCN1_HUMAN,0,/core/www/modules/match_peptides/blast_html4.php?run_id=110202&search_id=114132&scans_id=110198&peptide_id=28519&scanf=36381&charge=3&value=0,R.MTTQSPLNQSSMNAMGSLSVLSPDR.V,/core/www/modules/show_out/show_out_wrapper.php?run_id=110202&search_id=114132&scans_id=110198&peptide_id=28519&scanf=36381&charge=3&value=R.MTTQSPLNQSSMNAMGSLSVLSPDR.V,GCN1,1.520e+6,2.438,0.026,1.584,0.001
36383,2,"  3.870","  0.612",13/26,/core/www/modules//sdig/index.php?run_id=110202&search_id=114132&scans_id=110198&peptide_id=28521&scanf=36383&charge=2&value=13/26,sp|Q9BVI4|NOC4L_HUMAN,/core/www/modules//consensus/?run_id=110202&search_id=114132&scans_id=110198&peptide_id=28521&scanf=36383&charge=2&value=sp|Q9BVI4|NOC4L_HUMAN,0,/core/www/modules/match_peptides/blast_html4.php?run_id=110202&search_id=114132&scans_id=110198&peptide_id=28521&scanf=36383&charge=2&value=0,R.ALESSLWELQALQR.H,/core/www/modules/show_out/show_out_wrapper.php?run_id=110202&search_id=114132&scans_id=110198&peptide_id=28521&scanf=36383&charge=2&value=R.ALESSLWELQALQR.H,NOC4L,6.104e+6,3.380,0.001,2.970,0.000
36385,3,"  4.117","  0.520",15/72,/core/www/modules//sdig/index.php?run_id=110202&search_id=114132&scans_id=110198&peptide_id=28523&scanf=36385&charge=3&value=15/72,sp|Q9Y5S2|MRCKB_HUMAN,/core/www/modules//consensus/?run_id=110202&search_id=114132&scans_id=110198&peptide_id=28523&scanf=36385&charge=3&value=sp|Q9Y5S2|MRCKB_HUMAN,1,/core/www/modules/match_peptides/blast_html4.php?run_id=110202&search_id=114132&scans_id=110198&peptide_id=28523&scanf=36385&charge=3&value=1,R.NQVVHVPLEAYDSSLPLIK.A,/core/www/modules/show_out/show_out_wrapper.php?run_id=110202&search_id=114132&scans_id=110198&peptide_id=28523&scanf=36385&charge=3&value=R.NQVVHVPLEAYDSSLPLIK.A,CDC42BPB,2.126e+6,2.917,0.005,2.285,0.000
36396,2,"  4.794","  0.636",17/28,/core/www/modules//sdig/index.php?run_id=110202&search_id=114132&scans_id=110198&peptide_id=28534&scanf=36396&charge=2&value=17/28,sp|P42704|LPPRC_HUMAN,/core/www/modules//consensus/?run_id=110202&search_id=114132&scans_id=110198&peptide_id=28534&scanf=36396&charge=2&value=sp|P42704|LPPRC_HUMAN,17,/core/www/modules/match_peptides/blast_html4.php?run_id=110202&search_id=114132&scans_id=110198&peptide_id=28534&scanf=36396&charge=2&value=17,K.LLMSEDYFTQAMEVK.A,/core/www/modules/show_out/show_out_wrapper.php?run_id=110202&search_id=114132&scans_id=110198&peptide_id=28534&scanf=36396&charge=2&value=K.LLMSEDYFTQAMEVK.A,LRPPRC,3.119e+6,3.695,0.000,3.437,0.000
36399,4,"  5.012","  0.538",18/114,/core/www/modules//sdig/index.php?run_id=110202&search_id=114132&scans_id=110198&peptide_id=28537&scanf=36399&charge=4&value=18/114,sp|Q9UKV8|AGO2_HUMAN,/core/www/modules//consensus/?run_id=110202&search_id=114132&scans_id=110198&peptide_id=28537&scanf=36399&charge=4&value=sp|Q9UKV8|AGO2_HUMAN,0,/core/www/modules/match_peptides/blast_html4.php?run_id=110202&search_id=114132&scans_id=110198&peptide_id=28537&scanf=36399&charge=4&value=0,R.DGVSEGQFQQVLHHELLAIR.E,/core/www/modules/show_out/show_out_wrapper.php?run_id=110202&search_id=114132&scans_id=110198&peptide_id=28537&scanf=36399&charge=4&value=R.DGVSEGQFQQVLHHELLAIR.E,AGO2,1.585e+6,3.380,0.001,2.971,0.000
36400,3,"  5.357","  0.628",18/84,/core/www/modules//sdig/index.php?run_id=110202&search_id=114132&scans_id=110198&peptide_id=28539&scanf=36400&charge=3&value=18/84,sp|Q75QN2|INT8_HUMAN,/core/www/modules//consensus/?run_id=110202&search_id=114132&scans_id=110198&peptide_id=28539&scanf=36400&charge=3&value=sp|Q75QN2|INT8_HUMAN,1,/core/www/modules/match_peptides/blast_html4.php?run_id=110202&search_id=114132&scans_id=110198&peptide_id=28539&scanf=36400&charge=3&value=1,K.AIGQTELNASNPEEVLQLAAQR.R,/core/www/modules/show_out/show_out_wrapper.php?run_id=110202&search_id=114132&scans_id=110198&peptide_id=28539&scanf=36400&charge=3&value=K.AIGQTELNASNPEEVLQLAAQR.R,INTS8,2.313e+6,3.287,0.001,2.833,0.000
36404,2,"  2.708","  0.488",11/22,/core/www/modules//sdig/index.php?run_id=110202&search_id=114132&scans_id=110198&peptide_id=28543&scanf=36404&charge=2&value=11/22,sp|Q9NRW3|ABC3C_HUMAN,/core/www/modules//consensus/?run_id=110202&search_id=114132&scans_id=110198&peptide_id=28543&scanf=36404&charge=2&value=sp|Q9NRW3|ABC3C_HUMAN,0,/core/www/modules/match_peptides/blast_html4.php?run_id=110202&search_id=114132&scans_id=110198&peptide_id=28543&scanf=36404&charge=2&value=0,K.AMYPGTFYFQFK.N,/core/www/modules/show_out/show_out_wrapper.php?run_id=110202&search_id=114132&scans_id=110198&peptide_id=28543&scanf=36404&charge=2&value=K.AMYPGTFYFQFK.N,APOBEC3C,3.252e+6,2.957,0.005,2.344,0.000
36407,2,"  3.450","  0.577",15/28,/core/www/modules//sdig/index.php?run_id=110202&search_id=114132&scans_id=110198&peptide_id=28546&scanf=36407&charge=2&value=15/28,sp|P10515|ODP2_HUMAN,/core/www/modules//consensus/?run_id=110202&search_id=114132&scans_id=110198&peptide_id=28546&scanf=36407&charge=2&value=sp|P10515|ODP2_HUMAN,9,/core/www/modules/match_peptides/blast_html4.php?run_id=110202&search_id=114132&scans_id=110198&peptide_id=28546&scanf=36407&charge=2&value=9,K.GVETIANDVVSLATK.A,/core/www/modules/show_out/show_out_wrapper.php?run_id=110202&search_id=114132&scans_id=110198&peptide_id=28546&scanf=36407&charge=2&value=K.GVETIANDVVSLATK.A,DLAT,5.502e+6,3.202,0.002,2.707,0.000
36409,2,"  3.283","  0.569",15/34,/core/www/modules//sdig/index.php?run_id=110202&search_id=114132&scans_id=110198&peptide_id=28548&scanf=36409&charge=2&value=15/34,sp|Q14676|MDC1_HUMAN,/core/www/modules//consensus/?run_id=110202&search_id=114132&scans_id=110198&peptide_id=28548&scanf=36409&charge=2&value=sp|Q14676|MDC1_HUMAN,0,/core/www/modules/match_peptides/blast_html4.php?run_id=110202&search_id=114132&scans_id=110198&peptide_id=28548&scanf=36409&charge=2&value=0,K.QEAKPEAFVLSPLEMSST.-,/core/www/modules/show_out/show_out_wrapper.php?run_id=110202&search_id=114132&scans_id=110198&peptide_id=28548&scanf=36409&charge=2&value=K.QEAKPEAFVLSPLEMSST.-,MDC1,3.309e+6,3.067,0.003,2.507,0.000
36410,3,"  4.389","  0.497",14/76,/core/www/modules//sdig/index.php?run_id=110202&search_id=114132&scans_id=110198&peptide_id=28550&scanf=36410&charge=3&value=14/76,sp|Q6NZY4|ZCHC8_HUMAN,/core/www/modules//consensus/?run_id=110202&search_id=114132&scans_id=110198&peptide_id=28550&scanf=36410&charge=3&value=sp|Q6NZY4|ZCHC8_HUMAN,0,/core/www/modules/match_peptides/blast_html4.php?run_id=110202&search_id=114132&scans_id=110198&peptide_id=28550&scanf=36410&charge=3&value=0,K.LGQPLLNENPQLSEGWEIPK.Y,/core/www/modules/show_out/show_out_wrapper.php?run_id=110202&search_id=114132&scans_id=110198&peptide_id=28550&scanf=36410&charge=3&value=K.LGQPLLNENPQLSEGWEIPK.Y,ZCCHC8,1.169e+7,2.792,0.008,2.102,0.000
36414,2,"  2.608","  0.430",12/18,/core/www/modules//sdig/index.php?run_id=110202&search_id=114132&scans_id=110198&peptide_id=28553&scanf=36414&charge=2&value=12/18,sp|P08670|VIME_HUMAN,/core/www/modules//consensus/?run_id=110202&search_id=114132&scans_id=110198&peptide_id=28553&scanf=36414&charge=2&value=sp|P08670|VIME_HUMAN,2,/core/www/modules/match_peptides/blast_html4.php?run_id=110202&search_id=114132&scans_id=110198&peptide_id=28553&scanf=36414&charge=2&value=2,K.ILLAELEQLK.G,/core/www/modules/show_out/show_out_wrapper.php?run_id=110202&search_id=114132&scans_id=110198&peptide_id=28553&scanf=36414&charge=2&value=K.ILLAELEQLK.G,VIM,2.375e+9,3.583,0.001,3.271,0.000
36417,3,"  3.040","  0.451",15/76,/core/www/modules//sdig/index.php?run_id=110202&search_id=114132&scans_id=110198&peptide_id=28556&scanf=36417&charge=3&value=15/76,sp|Q14204|DYHC1_HUMAN,/core/www/modules//consensus/?run_id=110202&search_id=114132&scans_id=110198&peptide_id=28556&scanf=36417&charge=3&value=sp|Q14204|DYHC1_HUMAN,19,/core/www/modules/match_peptides/blast_html4.php?run_id=110202&search_id=114132&scans_id=110198&peptide_id=28556&scanf=36417&charge=3&value=19,K.MDLEKPNYIVPDYMPVVYDK.L,/core/www/modules/show_out/show_out_wrapper.php?run_id=110202&search_id=114132&scans_id=110198&peptide_id=28556&scanf=36417&charge=3&value=K.MDLEKPNYIVPDYMPVVYDK.L,DYNC1H1,2.497e+6,2.918,0.005,2.287,0.000
36418,2,"  2.750","  0.578",11/22,/core/www/modules//sdig/index.php?run_id=110202&search_id=114132&scans_id=110198&peptide_id=28557&scanf=36418&charge=2&value=11/22,sp|O60264|SMCA5_HUMAN,/core/www/modules//consensus/?run_id=110202&search_id=114132&scans_id=110198&peptide_id=28557&scanf=36418&charge=2&value=sp|O60264|SMCA5_HUMAN,0,/core/www/modules/match_peptides/blast_html4.php?run_id=110202&search_id=114132&scans_id=110198&peptide_id=28557&scanf=36418&charge=2&value=0,K.TLQTISLLGYMK.H,/core/www/modules/show_out/show_out_wrapper.php?run_id=110202&search_id=114132&scans_id=110198&peptide_id=28557&scanf=36418&charge=2&value=K.TLQTISLLGYMK.H,SMARCA5,1.200e+7,3.384,0.001,2.976,0.000
36419,2,"  3.618","  0.577",15/22,/core/www/modules//sdig/index.php?run_id=110202&search_id=114132&scans_id=110198&peptide_id=28558&scanf=36419&charge=2&value=15/22,sp|P19367|HXK1_HUMAN,/core/www/modules//consensus/?run_id=110202&search_id=114132&scans_id=110198&peptide_id=28558&scanf=36419&charge=2&value=sp|P19367|HXK1_HUMAN,1,/core/www/modules/match_peptides/blast_html4.php?run_id=110202&search_id=114132&scans_id=110198&peptide_id=28558&scanf=36419&charge=2&value=1,R.LSDETLIDIMTR.F,/core/www/modules/show_out/show_out_wrapper.php?run_id=110202&search_id=114132&scans_id=110198&peptide_id=28558&scanf=36419&charge=2&value=R.LSDETLIDIMTR.F,HK1,7.437e+6,3.657,0.000,3.380,0.000
36421,2,"  4.008","  0.638",15/26,/core/www/modules//sdig/index.php?run_id=110202&search_id=114132&scans_id=110198&peptide_id=28561&scanf=36421&charge=2&value=15/26,sp|Q07955|SRSF1_HUMAN,/core/www/modules//consensus/?run_id=110202&search_id=114132&scans_id=110198&peptide_id=28561&scanf=36421&charge=2&value=sp|Q07955|SRSF1_HUMAN,3,/core/www/modules/match_peptides/blast_html4.php?run_id=110202&search_id=114132&scans_id=110198&peptide_id=28561&scanf=36421&charge=2&value=3,R.GGPPFAFVEFEDPR.D,/core/www/modules/show_out/show_out_wrapper.php?run_id=110202&search_id=114132&scans_id=110198&peptide_id=28561&scanf=36421&charge=2&value=R.GGPPFAFVEFEDPR.D,SRSF1,1.106e+8,3.741,0.000,3.505,0.000
36422,2,"  2.659","  0.631",17/36,/core/www/modules//sdig/index.php?run_id=110202&search_id=114132&scans_id=110198&peptide_id=28562&scanf=36422&charge=2&value=17/36,sp|Q14676|MDC1_HUMAN,/core/www/modules//consensus/?run_id=110202&search_id=114132&scans_id=110198&peptide_id=28562&scanf=36422&charge=2&value=sp|Q14676|MDC1_HUMAN,0,/core/www/modules/match_peptides/blast_html4.php?run_id=110202&search_id=114132&scans_id=110198&peptide_id=28562&scanf=36422&charge=2&value=0,K.AGFFLPPDEYVVTDPEQEK.N,/core/www/modules/show_out/show_out_wrapper.php?run_id=110202&search_id=114132&scans_id=110198&peptide_id=28562&scanf=36422&charge=2&value=K.AGFFLPPDEYVVTDPEQEK.N,MDC1,1.533e+6,3.199,0.002,2.703,0.000
36423,3,"  2.660","  0.268",14/40,/core/www/modules//sdig/index.php?run_id=110202&search_id=114132&scans_id=110198&peptide_id=28563&scanf=36423&charge=3&value=14/40,sp|Q03701|CEBPZ_HUMAN,/core/www/modules//consensus/?run_id=110202&search_id=114132&scans_id=110198&peptide_id=28563&scanf=36423&charge=3&value=sp|Q03701|CEBPZ_HUMAN,0,/core/www/modules/match_peptides/blast_html4.php?run_id=110202&search_id=114132&scans_id=110198&peptide_id=28563&scanf=36423&charge=3&value=0,R.LILWYFEHQLK.H,/core/www/modules/show_out/show_out_wrapper.php?run_id=110202&search_id=114132&scans_id=110198&peptide_id=28563&scanf=36423&charge=3&value=R.LILWYFEHQLK.H,CEBPZ,5.535e+6,2.497,0.021,1.669,0.001
36425,2,"  5.210","  0.724",22/36,/core/www/modules//sdig/index.php?run_id=110202&search_id=114132&scans_id=110198&peptide_id=28565&scanf=36425&charge=2&value=22/36,sp|Q15149|PLEC_HUMAN,/core/www/modules//consensus/?run_id=110202&search_id=114132&scans_id=110198&peptide_id=28565&scanf=36425&charge=2&value=sp|Q15149|PLEC_HUMAN,4,/core/www/modules/match_peptides/blast_html4.php?run_id=110202&search_id=114132&scans_id=110198&peptide_id=28565&scanf=36425&charge=2&value=4,K.EQELQQTLQQEQSVLDQLR.G,/core/www/modules/show_out/show_out_wrapper.php?run_id=110202&search_id=114132&scans_id=110198&peptide_id=28565&scanf=36425&charge=2&value=K.EQELQQTLQQEQSVLDQLR.G,PLEC,1.113e+6,4.411,0.000,4.499,0.000
36427,2,"  2.488","  0.373",9/24,/core/www/modules//sdig/index.php?run_id=110202&search_id=114132&scans_id=110198&peptide_id=28567&scanf=36427&charge=2&value=9/24,sp|Q9UBK9|UXT_HUMAN,/core/www/modules//consensus/?run_id=110202&search_id=114132&scans_id=110198&peptide_id=28567&scanf=36427&charge=2&value=sp|Q9UBK9|UXT_HUMAN,0,/core/www/modules/match_peptides/blast_html4.php?run_id=110202&search_id=114132&scans_id=110198&peptide_id=28567&scanf=36427&charge=2&value=0,K.SSLLTELSNSLTK.D,/core/www/modules/show_out/show_out_wrapper.php?run_id=110202&search_id=114132&scans_id=110198&peptide_id=28567&scanf=36427&charge=2&value=K.SSLLTELSNSLTK.D,UXT,1.939e+6,2.323,0.038,1.420,0.001
36435,3,"  5.995","  0.663",30/100,/core/www/modules//sdig/index.php?run_id=110202&search_id=114132&scans_id=110198&peptide_id=28575&scanf=36435&charge=3&value=30/100,sp|Q9GZR7|DDX24_HUMAN,/core/www/modules//consensus/?run_id=110202&search_id=114132&scans_id=110198&peptide_id=28575&scanf=36435&charge=3&value=sp|Q9GZR7|DDX24_HUMAN,3,/core/www/modules/match_peptides/blast_html4.php?run_id=110202&search_id=114132&scans_id=110198&peptide_id=28575&scanf=36435&charge=3&value=3,K.TGGTVSDQALLFGDDDAGEGPSSLIR.E,/core/www/modules/show_out/show_out_wrapper.php?run_id=110202&search_id=114132&scans_id=110198&peptide_id=28575&scanf=36435&charge=3&value=K.TGGTVSDQALLFGDDDAGEGPSSLIR.E,DDX24,6.343e+6,3.468,0.001,3.101,0.000
36437,2,"  2.069","  0.195",10/16,/core/www/modules//sdig/index.php?run_id=110202&search_id=114132&scans_id=110198&peptide_id=28577&scanf=36437&charge=2&value=10/16,sp|O60814|H2B1K_HUMAN,/core/www/modules//consensus/?run_id=110202&search_id=114132&scans_id=110198&peptide_id=28577&scanf=36437&charge=2&value=sp|O60814|H2B1K_HUMAN,16,/core/www/modules/match_peptides/blast_html4.php?run_id=110202&search_id=114132&scans_id=110198&peptide_id=28577&scanf=36437&charge=2&value=16,R.LLLPGELAK.H,/core/www/modules/show_out/show_out_wrapper.php?run_id=110202&search_id=114132&scans_id=110198&peptide_id=28577&scanf=36437&charge=2&value=R.LLLPGELAK.H,H2BC12,4.487e+9,2.465,0.024,1.623,0.001
36440,3,"  2.643","  0.422",14/72,/core/www/modules//sdig/index.php?run_id=110202&search_id=114132&scans_id=110198&peptide_id=28581&scanf=36440&charge=3&value=14/72,sp|Q9BQ39|DDX50_HUMAN,/core/www/modules//consensus/?run_id=110202&search_id=114132&scans_id=110198&peptide_id=28581&scanf=36440&charge=3&value=sp|Q9BQ39|DDX50_HUMAN,0,/core/www/modules/match_peptides/blast_html4.php?run_id=110202&search_id=114132&scans_id=110198&peptide_id=28581&scanf=36440&charge=3&value=0,R.SLASVSYAAVDFFRPSAQR.L,/core/www/modules/show_out/show_out_wrapper.php?run_id=110202&search_id=114132&scans_id=110198&peptide_id=28581&scanf=36440&charge=3&value=R.SLASVSYAAVDFFRPSAQR.L,DDX50,2.727e+6,2.503,0.021,1.678,0.000
36442,3,"  3.171","  0.511",15/48,/core/www/modules//sdig/index.php?run_id=110202&search_id=114132&scans_id=110198&peptide_id=28583&scanf=36442&charge=3&value=15/48,sp|Q13200|PSMD2_HUMAN,/core/www/modules//consensus/?run_id=110202&search_id=114132&scans_id=110198&peptide_id=28583&scanf=36442&charge=3&value=sp|Q13200|PSMD2_HUMAN,1,/core/www/modules/match_peptides/blast_html4.php?run_id=110202&search_id=114132&scans_id=110198&peptide_id=28583&scanf=36442&charge=3&value=1,R.WLPLGLGLNHLGK.G,/core/www/modules/show_out/show_out_wrapper.php?run_id=110202&search_id=114132&scans_id=110198&peptide_id=28583&scanf=36442&charge=3&value=R.WLPLGLGLNHLGK.G,PSMD2,1.294e+7,3.271,0.002,2.809,0.000
36443,3,"  6.014","  0.606",19/96,/core/www/modules//sdig/index.php?run_id=110202&search_id=114132&scans_id=110198&peptide_id=28584&scanf=36443&charge=3&value=19/96,sp|Q5SY16|NOL9_HUMAN,/core/www/modules//consensus/?run_id=110202&search_id=114132&scans_id=110198&peptide_id=28584&scanf=36443&charge=3&value=sp|Q5SY16|NOL9_HUMAN,0,/core/www/modules/match_peptides/blast_html4.php?run_id=110202&search_id=114132&scans_id=110198&peptide_id=28584&scanf=36443&charge=3&value=0,R.LAAFADALEFADEEKESPVEFTGHK.L,/core/www/modules/show_out/show_out_wrapper.php?run_id=110202&search_id=114132&scans_id=110198&peptide_id=28584&scanf=36443&charge=3&value=R.LAAFADALEFADEEKESPVEFTGHK.L,NOL9,1.729e+6,2.603,0.015,1.824,0.000
36445,3,"  4.239","  0.628",19/96,/core/www/modules//sdig/index.php?run_id=110202&search_id=114132&scans_id=110198&peptide_id=28586&scanf=36445&charge=3&value=19/96,sp|P30043|BLVRB_HUMAN,/core/www/modules//consensus/?run_id=110202&search_id=114132&scans_id=110198&peptide_id=28586&scanf=36445&charge=3&value=sp|P30043|BLVRB_HUMAN,1,/core/www/modules/match_peptides/blast_html4.php?run_id=110202&search_id=114132&scans_id=110198&peptide_id=28586&scanf=36445&charge=3&value=1,K.YVAVMPPHIGDQPLTGAYTVTLDGR.G,/core/www/modules/show_out/show_out_wrapper.php?run_id=110202&search_id=114132&scans_id=110198&peptide_id=28586&scanf=36445&charge=3&value=K.YVAVMPPHIGDQPLTGAYTVTLDGR.G,BLVRB,2.401e+6,3.046,0.003,2.476,0.000
36448,2,"  4.071","  0.586",16/30,/core/www/modules//sdig/index.php?run_id=110202&search_id=114132&scans_id=110198&peptide_id=28589&scanf=36448&charge=2&value=16/30,sp|Q9Y6M1|IF2B2_HUMAN,/core/www/modules//consensus/?run_id=110202&search_id=114132&scans_id=110198&peptide_id=28589&scanf=36448&charge=2&value=sp|Q9Y6M1|IF2B2_HUMAN,1,/core/www/modules/match_peptides/blast_html4.php?run_id=110202&search_id=114132&scans_id=110198&peptide_id=28589&scanf=36448&charge=2&value=1,K.ITISSLQDLSIYNPER.T,/core/www/modules/show_out/show_out_wrapper.php?run_id=110202&search_id=114132&scans_id=110198&peptide_id=28589&scanf=36448&charge=2&value=K.ITISSLQDLSIYNPER.T,IGF2BP2,4.963e+6,3.353,0.001,2.931,0.000
36451,3,"  2.594","  0.409",12/52,/core/www/modules//sdig/index.php?run_id=110202&search_id=114132&scans_id=110198&peptide_id=28593&scanf=36451&charge=3&value=12/52,sp|P0DMV8|HS71A_HUMAN,/core/www/modules//consensus/?run_id=110202&search_id=114132&scans_id=110198&peptide_id=28593&scanf=36451&charge=3&value=sp|P0DMV8|HS71A_HUMAN,4,/core/www/modules/match_peptides/blast_html4.php?run_id=110202&search_id=114132&scans_id=110198&peptide_id=28593&scanf=36451&charge=3&value=4,K.AFYPEEISSMVLTK.M,/core/www/modules/show_out/show_out_wrapper.php?run_id=110202&search_id=114132&scans_id=110198&peptide_id=28593&scanf=36451&charge=3&value=K.AFYPEEISSMVLTK.M,HSPA1A,5.724e+6,2.759,0.009,2.053,0.000
36452,3,"  4.126","  0.469",13/64,/core/www/modules//sdig/index.php?run_id=110202&search_id=114132&scans_id=110198&peptide_id=28594&scanf=36452&charge=3&value=13/64,sp|P0DTL6|ZTRF1_HUMAN,/core/www/modules//consensus/?run_id=110202&search_id=114132&scans_id=110198&peptide_id=28594&scanf=36452&charge=3&value=sp|P0DTL6|ZTRF1_HUMAN,1,/core/www/modules/match_peptides/blast_html4.php?run_id=110202&search_id=114132&scans_id=110198&peptide_id=28594&scanf=36452&charge=3&value=1,K.TGSELMEILDGMDQSHR.K,/core/www/modules/show_out/show_out_wrapper.php?run_id=110202&search_id=114132&scans_id=110198&peptide_id=28594&scanf=36452&charge=3&value=K.TGSELMEILDGMDQSHR.K,ZFTRAF1,1.864e+6,2.792,0.008,2.101,0.000
36456,3,"  4.958","  0.673",20/72,/core/www/modules//sdig/index.php?run_id=110202&search_id=114132&scans_id=110198&peptide_id=28597&scanf=36456&charge=3&value=20/72,sp|P36578|RL4_HUMAN,/core/www/modules//consensus/?run_id=110202&search_id=114132&scans_id=110198&peptide_id=28597&scanf=36456&charge=3&value=sp|P36578|RL4_HUMAN,1,/core/www/modules/match_peptides/blast_html4.php?run_id=110202&search_id=114132&scans_id=110198&peptide_id=28597&scanf=36456&charge=3&value=1,R.IEEVPELPLVVEDKVEGYK.K,/core/www/modules/show_out/show_out_wrapper.php?run_id=110202&search_id=114132&scans_id=110198&peptide_id=28597&scanf=36456&charge=3&value=R.IEEVPELPLVVEDKVEGYK.K,RPL4,3.323e+7,3.204,0.002,2.710,0.000
36457,3,"  2.225","  0.363",13/56,/core/www/modules//sdig/index.php?run_id=110202&search_id=114132&scans_id=110198&peptide_id=28598&scanf=36457&charge=3&value=13/56,sp|O15226|NKRF_HUMAN,/core/www/modules//consensus/?run_id=110202&search_id=114132&scans_id=110198&peptide_id=28598&scanf=36457&charge=3&value=sp|O15226|NKRF_HUMAN,1,/core/www/modules/match_peptides/blast_html4.php?run_id=110202&search_id=114132&scans_id=110198&peptide_id=28598&scanf=36457&charge=3&value=1,K.VILESEVIAEAVGVK.K,/core/www/modules/show_out/show_out_wrapper.php?run_id=110202&search_id=114132&scans_id=110198&peptide_id=28598&scanf=36457&charge=3&value=K.VILESEVIAEAVGVK.K,NKRF,5.138e+6,2.512,0.020,1.692,0.000
36459,2,"  4.028","  0.653",15/28,/core/www/modules//sdig/index.php?run_id=110202&search_id=114132&scans_id=110198&peptide_id=28600&scanf=36459&charge=2&value=15/28,sp|P42704|LPPRC_HUMAN,/core/www/modules//consensus/?run_id=110202&search_id=114132&scans_id=110198&peptide_id=28600&scanf=36459&charge=2&value=sp|P42704|LPPRC_HUMAN,17,/core/www/modules/match_peptides/blast_html4.php?run_id=110202&search_id=114132&scans_id=110198&peptide_id=28600&scanf=36459&charge=2&value=17,K.LLMSEDYFTQAMEVK.A,/core/www/modules/show_out/show_out_wrapper.php?run_id=110202&search_id=114132&scans_id=110198&peptide_id=28600&scanf=36459&charge=2&value=K.LLMSEDYFTQAMEVK.A,LRPPRC,3.119e+6,3.605,0.000,3.303,0.000
36460,3,"  4.505","  0.526",18/80,/core/www/modules//sdig/index.php?run_id=110202&search_id=114132&scans_id=110198&peptide_id=28602&scanf=36460&charge=3&value=18/80,sp|P30084|ECHM_HUMAN,/core/www/modules//consensus/?run_id=110202&search_id=114132&scans_id=110198&peptide_id=28602&scanf=36460&charge=3&value=sp|P30084|ECHM_HUMAN,0,/core/www/modules/match_peptides/blast_html4.php?run_id=110202&search_id=114132&scans_id=110198&peptide_id=28602&scanf=36460&charge=3&value=0,K.AQFAQPEILIGTIPGAGGTQR.L,/core/www/modules/show_out/show_out_wrapper.php?run_id=110202&search_id=114132&scans_id=110198&peptide_id=28602&scanf=36460&charge=3&value=K.AQFAQPEILIGTIPGAGGTQR.L,ECHS1,1.063e+7,2.875,0.006,2.224,0.000
36462,3,"  2.837","  0.302",10/68,/core/www/modules//sdig/index.php?run_id=110202&search_id=114132&scans_id=110198&peptide_id=28604&scanf=36462&charge=3&value=10/68,sp|P22670|RFX1_HUMAN,/core/www/modules//consensus/?run_id=110202&search_id=114132&scans_id=110198&peptide_id=28604&scanf=36462&charge=3&value=sp|P22670|RFX1_HUMAN,0,/core/www/modules/match_peptides/blast_html4.php?run_id=110202&search_id=114132&scans_id=110198&peptide_id=28604&scanf=36462&charge=3&value=0,R.AVLQNTAQINQMLSDLNR.V,/core/www/modules/show_out/show_out_wrapper.php?run_id=110202&search_id=114132&scans_id=110198&peptide_id=28604&scanf=36462&charge=3&value=R.AVLQNTAQINQMLSDLNR.V,RFX1,3.025e+6,2.104,0.077,1.113,0.003
36464,3,"  6.940","  0.639",26/112,/core/www/modules//sdig/index.php?run_id=110202&search_id=114132&scans_id=110198&peptide_id=28606&scanf=36464&charge=3&value=26/112,sp|Q8N9T8|KRI1_HUMAN,/core/www/modules//consensus/?run_id=110202&search_id=114132&scans_id=110198&peptide_id=28606&scanf=36464&charge=3&value=sp|Q8N9T8|KRI1_HUMAN,1,/core/www/modules/match_peptides/blast_html4.php?run_id=110202&search_id=114132&scans_id=110198&peptide_id=28606&scanf=36464&charge=3&value=1,K.VTGNEMLGLEEGDLEDDFDPAQHDQLMQK.C,/core/www/modules/show_out/show_out_wrapper.php?run_id=110202&search_id=114132&scans_id=110198&peptide_id=28606&scanf=36464&charge=3&value=K.VTGNEMLGLEEGDLEDDFDPAQHDQLMQK.C,KRI1,2.179e+6,3.220,0.002,2.733,0.000
36478,3,"  5.279","  0.531",15/76,/core/www/modules//sdig/index.php?run_id=110202&search_id=114132&scans_id=110198&peptide_id=28620&scanf=36478&charge=3&value=15/76,sp|Q6NZY4|ZCHC8_HUMAN,/core/www/modules//consensus/?run_id=110202&search_id=114132&scans_id=110198&peptide_id=28620&scanf=36478&charge=3&value=sp|Q6NZY4|ZCHC8_HUMAN,0,/core/www/modules/match_peptides/blast_html4.php?run_id=110202&search_id=114132&scans_id=110198&peptide_id=28620&scanf=36478&charge=3&value=0,K.LGQPLLNENPQLSEGWEIPK.Y,/core/www/modules/show_out/show_out_wrapper.php?run_id=110202&search_id=114132&scans_id=110198&peptide_id=28620&scanf=36478&charge=3&value=K.LGQPLLNENPQLSEGWEIPK.Y,ZCCHC8,1.169e+7,2.993,0.004,2.397,0.000
36479,3,"  3.587","  0.644",16/72,/core/www/modules//sdig/index.php?run_id=110202&search_id=114132&scans_id=110198&peptide_id=28621&scanf=36479&charge=3&value=16/72,sp|Q14103|HNRPD_HUMAN,/core/www/modules//consensus/?run_id=110202&search_id=114132&scans_id=110198&peptide_id=28621&scanf=36479&charge=3&value=sp|Q14103|HNRPD_HUMAN,3,/core/www/modules/match_peptides/blast_html4.php?run_id=110202&search_id=114132&scans_id=110198&peptide_id=28621&scanf=36479&charge=3&value=3,R.EYFGGFGEVESIELPM*DNK.T,/core/www/modules/show_out/show_out_wrapper.php?run_id=110202&search_id=114132&scans_id=110198&peptide_id=28621&scanf=36479&charge=3&value=R.EYFGGFGEVESIELPM*DNK.T,HNRNPD,2.315e+6,3.386,0.001,2.979,0.000
36480,2,"  2.772","  0.406",11/22,/core/www/modules//sdig/index.php?run_id=110202&search_id=114132&scans_id=110198&peptide_id=28622&scanf=36480&charge=2&value=11/22,sp|P55786|PSA_HUMAN,/core/www/modules//consensus/?run_id=110202&search_id=114132&scans_id=110198&peptide_id=28622&scanf=36480&charge=2&value=sp|P55786|PSA_HUMAN,4,/core/www/modules/match_peptides/blast_html4.php?run_id=110202&search_id=114132&scans_id=110198&peptide_id=28622&scanf=36480&charge=2&value=4,R.LGLQNDLFSLAR.A,/core/www/modules/show_out/show_out_wrapper.php?run_id=110202&search_id=114132&scans_id=110198&peptide_id=28622&scanf=36480&charge=2&value=R.LGLQNDLFSLAR.A,NPEPPS,8.765e+6,2.747,0.009,2.035,0.000
36481,3,"  2.060","  0.366",9/52,/core/www/modules//sdig/index.php?run_id=110202&search_id=114132&scans_id=110198&peptide_id=28623&scanf=36481&charge=3&value=9/52,sp|Q5QJE6|TDIF2_HUMAN,/core/www/modules//consensus/?run_id=110202&search_id=114132&scans_id=110198&peptide_id=28623&scanf=36481&charge=3&value=sp|Q5QJE6|TDIF2_HUMAN,0,/core/www/modules/match_peptides/blast_html4.php?run_id=110202&search_id=114132&scans_id=110198&peptide_id=28623&scanf=36481&charge=3&value=0,R.TIVEELLADSEFRR.Y,/core/www/modules/show_out/show_out_wrapper.php?run_id=110202&search_id=114132&scans_id=110198&peptide_id=28623&scanf=36481&charge=3&value=R.TIVEELLADSEFRR.Y,DNTTIP2,1.590e+6,2.156,0.065,1.184,0.002
36486,3,"  2.524","  0.297",11/52,/core/www/modules//sdig/index.php?run_id=110202&search_id=114132&scans_id=110198&peptide_id=28628&scanf=36486&charge=3&value=11/52,sp|O14980|XPO1_HUMAN,/core/www/modules//consensus/?run_id=110202&search_id=114132&scans_id=110198&peptide_id=28628&scanf=36486&charge=3&value=sp|O14980|XPO1_HUMAN,11,/core/www/modules/match_peptides/blast_html4.php?run_id=110202&search_id=114132&scans_id=110198&peptide_id=28628&scanf=36486&charge=3&value=11,K.HWPTFISDIVGASR.T,/core/www/modules/show_out/show_out_wrapper.php?run_id=110202&search_id=114132&scans_id=110198&peptide_id=28628&scanf=36486&charge=3&value=K.HWPTFISDIVGASR.T,XPO1,1.586e+6,2.315,0.039,1.407,0.001
36489,3,"  5.112","  0.395",16/68,/core/www/modules//sdig/index.php?run_id=110202&search_id=114132&scans_id=110198&peptide_id=28631&scanf=36489&charge=3&value=16/68,sp|P22314|UBA1_HUMAN,/core/www/modules//consensus/?run_id=110202&search_id=114132&scans_id=110198&peptide_id=28631&scanf=36489&charge=3&value=sp|P22314|UBA1_HUMAN,0,/core/www/modules/match_peptides/blast_html4.php?run_id=110202&search_id=114132&scans_id=110198&peptide_id=28631&scanf=36489&charge=3&value=0,R.NEEDAAELVALAQAVNAR.A,/core/www/modules/show_out/show_out_wrapper.php?run_id=110202&search_id=114132&scans_id=110198&peptide_id=28631&scanf=36489&charge=3&value=R.NEEDAAELVALAQAVNAR.A,UBA1,3.534e+6,2.701,0.011,1.968,0.000
36490,2,"  4.813","  0.791",20/36,/core/www/modules//sdig/index.php?run_id=110202&search_id=114132&scans_id=110198&peptide_id=28633&scanf=36490&charge=2&value=20/36,sp|Q14103|HNRPD_HUMAN,/core/www/modules//consensus/?run_id=110202&search_id=114132&scans_id=110198&peptide_id=28633&scanf=36490&charge=2&value=sp|Q14103|HNRPD_HUMAN,3,/core/www/modules/match_peptides/blast_html4.php?run_id=110202&search_id=114132&scans_id=110198&peptide_id=28633&scanf=36490&charge=2&value=3,R.EYFGGFGEVESIELPM*DNK.T,/core/www/modules/show_out/show_out_wrapper.php?run_id=110202&search_id=114132&scans_id=110198&peptide_id=28633&scanf=36490&charge=2&value=R.EYFGGFGEVESIELPM*DNK.T,HNRNPD,1.525e+6,3.900,0.000,3.741,0.000
36494,3,"  3.609","  0.340",12/72,/core/www/modules//sdig/index.php?run_id=110202&search_id=114132&scans_id=110198&peptide_id=28637&scanf=36494&charge=3&value=12/72,sp|Q00341|VIGLN_HUMAN,/core/www/modules//consensus/?run_id=110202&search_id=114132&scans_id=110198&peptide_id=28637&scanf=36494&charge=3&value=sp|Q00341|VIGLN_HUMAN,3,/core/www/modules/match_peptides/blast_html4.php?run_id=110202&search_id=114132&scans_id=110198&peptide_id=28637&scanf=36494&charge=3&value=3,R.VIFPAAEDKDQDLITIIGK.E,/core/www/modules/show_out/show_out_wrapper.php?run_id=110202&search_id=114132&scans_id=110198&peptide_id=28637&scanf=36494&charge=3&value=R.VIFPAAEDKDQDLITIIGK.E,HDLBP,9.112e+6,1.994,0.109,0.964,0.005
36495,2,"  4.032","  0.649",16/28,/core/www/modules//sdig/index.php?run_id=110202&search_id=114132&scans_id=110198&peptide_id=28638&scanf=36495&charge=2&value=16/28,sp|Q08211|DHX9_HUMAN,/core/www/modules//consensus/?run_id=110202&search_id=114132&scans_id=110198&peptide_id=28638&scanf=36495&charge=2&value=sp|Q08211|DHX9_HUMAN,0,/core/www/modules/match_peptides/blast_html4.php?run_id=110202&search_id=114132&scans_id=110198&peptide_id=28638&scanf=36495&charge=2&value=0,K.VQSDGQIVLVDDWIK.L,/core/www/modules/show_out/show_out_wrapper.php?run_id=110202&search_id=114132&scans_id=110198&peptide_id=28638&scanf=36495&charge=2&value=K.VQSDGQIVLVDDWIK.L,DHX9,4.098e+7,3.889,0.000,3.724,0.000
36498,3,"  4.763","  0.323",15/68,/core/www/modules//sdig/index.php?run_id=110202&search_id=114132&scans_id=110198&peptide_id=28640&scanf=36498&charge=3&value=15/68,sp|P22314|UBA1_HUMAN,/core/www/modules//consensus/?run_id=110202&search_id=114132&scans_id=110198&peptide_id=28640&scanf=36498&charge=3&value=sp|P22314|UBA1_HUMAN,0,/core/www/modules/match_peptides/blast_html4.php?run_id=110202&search_id=114132&scans_id=110198&peptide_id=28640&scanf=36498&charge=3&value=0,R.NEEDAAELVALAQAVNAR.A,/core/www/modules/show_out/show_out_wrapper.php?run_id=110202&search_id=114132&scans_id=110198&peptide_id=28640&scanf=36498&charge=3&value=R.NEEDAAELVALAQAVNAR.A,UBA1,3.534e+6,2.349,0.035,1.456,0.001
36500,4,"  5.290","  0.561",22/120,/core/www/modules//sdig/index.php?run_id=110202&search_id=114132&scans_id=110198&peptide_id=28643&scanf=36500&charge=4&value=22/120,sp|Q13523|PRP4B_HUMAN,/core/www/modules//consensus/?run_id=110202&search_id=114132&scans_id=110198&peptide_id=28643&scanf=36500&charge=4&value=sp|Q13523|PRP4B_HUMAN,1,/core/www/modules/match_peptides/blast_html4.php?run_id=110202&search_id=114132&scans_id=110198&peptide_id=28643&scanf=36500&charge=4&value=1,K.DQHFDQNLNFMYIEVDKVTER.E,/core/www/modules/show_out/show_out_wrapper.php?run_id=110202&search_id=114132&scans_id=110198&peptide_id=28643&scanf=36500&charge=4&value=K.DQHFDQNLNFMYIEVDKVTER.E,PRPF4B,1.422e+6,3.242,0.002,2.767,0.000
36501,3,"  3.746","  0.517",18/68,/core/www/modules//sdig/index.php?run_id=110202&search_id=114132&scans_id=110198&peptide_id=28644&scanf=36501&charge=3&value=18/68,sp|Q15717|ELAV1_HUMAN,/core/www/modules//consensus/?run_id=110202&search_id=114132&scans_id=110198&peptide_id=28644&scanf=36501&charge=3&value=sp|Q15717|ELAV1_HUMAN,1,/core/www/modules/match_peptides/blast_html4.php?run_id=110202&search_id=114132&scans_id=110198&peptide_id=28644&scanf=36501&charge=3&value=1,R.TNLIVNYLPQNMTQDELR.S,/core/www/modules/show_out/show_out_wrapper.php?run_id=110202&search_id=114132&scans_id=110198&peptide_id=28644&scanf=36501&charge=3&value=R.TNLIVNYLPQNMTQDELR.S,ELAVL1,3.371e+7,3.059,0.003,2.495,0.000
36504,3,"  5.654","  0.619",25/112,/core/www/modules//sdig/index.php?run_id=110202&search_id=114132&scans_id=110198&peptide_id=28647&scanf=36504&charge=3&value=25/112,sp|Q8N9T8|KRI1_HUMAN,/core/www/modules//consensus/?run_id=110202&search_id=114132&scans_id=110198&peptide_id=28647&scanf=36504&charge=3&value=sp|Q8N9T8|KRI1_HUMAN,1,/core/www/modules/match_peptides/blast_html4.php?run_id=110202&search_id=114132&scans_id=110198&peptide_id=28647&scanf=36504&charge=3&value=1,K.VTGNEMLGLEEGDLEDDFDPAQHDQLMQK.C,/core/www/modules/show_out/show_out_wrapper.php?run_id=110202&search_id=114132&scans_id=110198&peptide_id=28647&scanf=36504&charge=3&value=K.VTGNEMLGLEEGDLEDDFDPAQHDQLMQK.C,KRI1,2.179e+6,3.087,0.003,2.536,0.000
36507,3,"  8.516","  0.768",24/116,/core/www/modules//sdig/index.php?run_id=110202&search_id=114132&scans_id=110198&peptide_id=28650&scanf=36507&charge=3&value=24/116,sp|P62333|PRS10_HUMAN,/core/www/modules//consensus/?run_id=110202&search_id=114132&scans_id=110198&peptide_id=28650&scanf=36507&charge=3&value=sp|P62333|PRS10_HUMAN,3,/core/www/modules/match_peptides/blast_html4.php?run_id=110202&search_id=114132&scans_id=110198&peptide_id=28650&scanf=36507&charge=3&value=3,R.EVDPLVYNMSHEDPGNVSYSEIGGLSEQIR.E,/core/www/modules/show_out/show_out_wrapper.php?run_id=110202&search_id=114132&scans_id=110198&peptide_id=28650&scanf=36507&charge=3&value=R.EVDPLVYNMSHEDPGNVSYSEIGGLSEQIR.E,PSMC6,3.071e+6,3.677,0.000,3.411,0.000
36510,2,"  1.941","  0.361",7/30,/core/www/modules//sdig/index.php?run_id=110202&search_id=114132&scans_id=110198&peptide_id=28654&scanf=36510&charge=2&value=7/30,sp|O75390|CISY_HUMAN,/core/www/modules//consensus/?run_id=110202&search_id=114132&scans_id=110198&peptide_id=28654&scanf=36510&charge=2&value=sp|O75390|CISY_HUMAN,5,/core/www/modules/match_peptides/blast_html4.php?run_id=110202&search_id=114132&scans_id=110198&peptide_id=28654&scanf=36510&charge=2&value=5,K.TVVGQITVDMMYGGMR.G,/core/www/modules/show_out/show_out_wrapper.php?run_id=110202&search_id=114132&scans_id=110198&peptide_id=28654&scanf=36510&charge=2&value=K.TVVGQITVDMMYGGMR.G,CS,1.293e+6,1.946,0.126,0.901,0.006
36515,2,"  2.954","  0.451",12/20,/core/www/modules//sdig/index.php?run_id=110202&search_id=114132&scans_id=110198&peptide_id=28659&scanf=36515&charge=2&value=12/20,sp|Q5SSJ5|HP1B3_HUMAN,/core/www/modules//consensus/?run_id=110202&search_id=114132&scans_id=110198&peptide_id=28659&scanf=36515&charge=2&value=sp|Q5SSJ5|HP1B3_HUMAN,2,/core/www/modules/match_peptides/blast_html4.php?run_id=110202&search_id=114132&scans_id=110198&peptide_id=28659&scanf=36515&charge=2&value=2,K.LEDVLPLAFTR.L,/core/www/modules/show_out/show_out_wrapper.php?run_id=110202&search_id=114132&scans_id=110198&peptide_id=28659&scanf=36515&charge=2&value=K.LEDVLPLAFTR.L,HP1BP3,7.655e+7,3.081,0.003,2.528,0.000
36520,3,"  4.034","  0.385",18/80,/core/www/modules//sdig/index.php?run_id=110202&search_id=114132&scans_id=110198&peptide_id=28664&scanf=36520&charge=3&value=18/80,sp|P35580|MYH10_HUMAN,/core/www/modules//consensus/?run_id=110202&search_id=114132&scans_id=110198&peptide_id=28664&scanf=36520&charge=3&value=sp|P35580|MYH10_HUMAN,1,/core/www/modules/match_peptides/blast_html4.php?run_id=110202&search_id=114132&scans_id=110198&peptide_id=28664&scanf=36520&charge=3&value=1,R.IAQLEEELEEEQSNMELLNDR.F,/core/www/modules/show_out/show_out_wrapper.php?run_id=110202&search_id=114132&scans_id=110198&peptide_id=28664&scanf=36520&charge=3&value=R.IAQLEEELEEEQSNMELLNDR.F,MYH10,1.563e+6,2.527,0.019,1.714,0.000
36527,2,"  2.404","  0.390",11/20,/core/www/modules//sdig/index.php?run_id=110202&search_id=114132&scans_id=110198&peptide_id=28671&scanf=36527&charge=2&value=11/20,sp|Q13838|DX39B_HUMAN,/core/www/modules//consensus/?run_id=110202&search_id=114132&scans_id=110198&peptide_id=28671&scanf=36527&charge=2&value=sp|Q13838|DX39B_HUMAN,19,/core/www/modules/match_peptides/blast_html4.php?run_id=110202&search_id=114132&scans_id=110198&peptide_id=28671&scanf=36527&charge=2&value=19,K.VAVFFGGLSIK.K,/core/www/modules/show_out/show_out_wrapper.php?run_id=110202&search_id=114132&scans_id=110198&peptide_id=28671&scanf=36527&charge=2&value=K.VAVFFGGLSIK.K,DDX39B,1.100e+8,2.789,0.008,2.097,0.000
36531,3,"  3.311","  0.364",11/68,/core/www/modules//sdig/index.php?run_id=110202&search_id=114132&scans_id=110198&peptide_id=28676&scanf=36531&charge=3&value=11/68,sp|A4D1E9|GTPBA_HUMAN,/core/www/modules//consensus/?run_id=110202&search_id=114132&scans_id=110198&peptide_id=28676&scanf=36531&charge=3&value=sp|A4D1E9|GTPBA_HUMAN,3,/core/www/modules/match_peptides/blast_html4.php?run_id=110202&search_id=114132&scans_id=110198&peptide_id=28676&scanf=36531&charge=3&value=3,K.QISVADLPGLIEGAHMNK.G,/core/www/modules/show_out/show_out_wrapper.php?run_id=110202&search_id=114132&scans_id=110198&peptide_id=28676&scanf=36531&charge=3&value=K.QISVADLPGLIEGAHMNK.G,GTPBP10,1.352e+6,2.323,0.038,1.419,0.001
36540,4,"  7.843","  0.724",27/144,/core/www/modules//sdig/index.php?run_id=110202&search_id=114132&scans_id=110198&peptide_id=28685&scanf=36540&charge=4&value=27/144,sp|Q5SY16|NOL9_HUMAN,/core/www/modules//consensus/?run_id=110202&search_id=114132&scans_id=110198&peptide_id=28685&scanf=36540&charge=4&value=sp|Q5SY16|NOL9_HUMAN,0,/core/www/modules/match_peptides/blast_html4.php?run_id=110202&search_id=114132&scans_id=110198&peptide_id=28685&scanf=36540&charge=4&value=0,R.LAAFADALEFADEEKESPVEFTGHK.L,/core/www/modules/show_out/show_out_wrapper.php?run_id=110202&search_id=114132&scans_id=110198&peptide_id=28685&scanf=36540&charge=4&value=R.LAAFADALEFADEEKESPVEFTGHK.L,NOL9,8.055e+6,3.781,0.000,3.565,0.000
36541,2,"  2.272","  0.481",14/20,/core/www/modules//sdig/index.php?run_id=110202&search_id=114132&scans_id=110198&peptide_id=28686&scanf=36541&charge=2&value=14/20,sp|Q9UNF1|MAGD2_HUMAN,/core/www/modules//consensus/?run_id=110202&search_id=114132&scans_id=110198&peptide_id=28686&scanf=36541&charge=2&value=sp|Q9UNF1|MAGD2_HUMAN,2,/core/www/modules/match_peptides/blast_html4.php?run_id=110202&search_id=114132&scans_id=110198&peptide_id=28686&scanf=36541&charge=2&value=2,R.SSEAVIWEVLR.K,/core/www/modules/show_out/show_out_wrapper.php?run_id=110202&search_id=114132&scans_id=110198&peptide_id=28686&scanf=36541&charge=2&value=R.SSEAVIWEVLR.K,MAGED2,4.467e+6,3.272,0.002,2.810,0.000
36544,3,"  4.319","  0.605",19/80,/core/www/modules//sdig/index.php?run_id=110202&search_id=114132&scans_id=110198&peptide_id=28689&scanf=36544&charge=3&value=19/80,sp|Q8N8A6|DDX51_HUMAN,/core/www/modules//consensus/?run_id=110202&search_id=114132&scans_id=110198&peptide_id=28689&scanf=36544&charge=3&value=sp|Q8N8A6|DDX51_HUMAN,0,/core/www/modules/match_peptides/blast_html4.php?run_id=110202&search_id=114132&scans_id=110198&peptide_id=28689&scanf=36544&charge=3&value=0,R.NVTEDLVPIEDIPDVHPDLQK.Q,/core/www/modules/show_out/show_out_wrapper.php?run_id=110202&search_id=114132&scans_id=110198&peptide_id=28689&scanf=36544&charge=3&value=R.NVTEDLVPIEDIPDVHPDLQK.Q,DDX51,7.350e+6,3.219,0.002,2.732,0.000
36545,3,"  1.912","  0.204",11/56,/core/www/modules//sdig/index.php?run_id=110202&search_id=114132&scans_id=110198&peptide_id=28690&scanf=36545&charge=3&value=11/56,sp|Q08211|DHX9_HUMAN,/core/www/modules//consensus/?run_id=110202&search_id=114132&scans_id=110198&peptide_id=28690&scanf=36545&charge=3&value=sp|Q08211|DHX9_HUMAN,0,/core/www/modules/match_peptides/blast_html4.php?run_id=110202&search_id=114132&scans_id=110198&peptide_id=28690&scanf=36545&charge=3&value=0,K.VQSDGQIVLVDDWIK.L,/core/www/modules/show_out/show_out_wrapper.php?run_id=110202&search_id=114132&scans_id=110198&peptide_id=28690&scanf=36545&charge=3&value=K.VQSDGQIVLVDDWIK.L,DHX9,1.047e+7,2.228,0.052,1.285,0.002
36547,2,"  3.628","  0.444",14/26,/core/www/modules//sdig/index.php?run_id=110202&search_id=114132&scans_id=110198&peptide_id=28692&scanf=36547&charge=2&value=14/26,sp|O00267|SPT5H_HUMAN,/core/www/modules//consensus/?run_id=110202&search_id=114132&scans_id=110198&peptide_id=28692&scanf=36547&charge=2&value=sp|O00267|SPT5H_HUMAN,0,/core/www/modules/match_peptides/blast_html4.php?run_id=110202&search_id=114132&scans_id=110198&peptide_id=28692&scanf=36547&charge=2&value=0,K.FIAYQFTDTPLQIK.S,/core/www/modules/show_out/show_out_wrapper.php?run_id=110202&search_id=114132&scans_id=110198&peptide_id=28692&scanf=36547&charge=2&value=K.FIAYQFTDTPLQIK.S,SUPT5H,3.152e+6,2.901,0.005,2.263,0.000
36554,2,"  1.959","  0.405",9/22,/core/www/modules//sdig/index.php?run_id=110202&search_id=114132&scans_id=110198&peptide_id=28700&scanf=36554&charge=2&value=9/22,sp|A2RRP1|NBAS_HUMAN,/core/www/modules//consensus/?run_id=110202&search_id=114132&scans_id=110198&peptide_id=28700&scanf=36554&charge=2&value=sp|A2RRP1|NBAS_HUMAN,2,/core/www/modules/match_peptides/blast_html4.php?run_id=110202&search_id=114132&scans_id=110198&peptide_id=28700&scanf=36554&charge=2&value=2,K.GTDLEALLAIGK.G,/core/www/modules/show_out/show_out_wrapper.php?run_id=110202&search_id=114132&scans_id=110198&peptide_id=28700&scanf=36554&charge=2&value=K.GTDLEALLAIGK.G,NBAS,1.297e+6,2.530,0.019,1.718,0.000
36558,2,"  1.663","  0.290",9/18,/core/www/modules//sdig/index.php?run_id=110202&search_id=114132&scans_id=110198&peptide_id=28704&scanf=36558&charge=2&value=9/18,sp|Q8TEQ6|GEMI5_HUMAN,/core/www/modules//consensus/?run_id=110202&search_id=114132&scans_id=110198&peptide_id=28704&scanf=36558&charge=2&value=sp|Q8TEQ6|GEMI5_HUMAN,0,/core/www/modules/match_peptides/blast_html4.php?run_id=110202&search_id=114132&scans_id=110198&peptide_id=28704&scanf=36558&charge=2&value=0,K.SLEAFFLYGR.L,/core/www/modules/show_out/show_out_wrapper.php?run_id=110202&search_id=114132&scans_id=110198&peptide_id=28704&scanf=36558&charge=2&value=K.SLEAFFLYGR.L,GEMIN5,6.244e+5,2.302,0.041,1.389,0.001
36561,2,"  3.376","  0.719",16/26,/core/www/modules//sdig/index.php?run_id=110202&search_id=114132&scans_id=110198&peptide_id=28707&scanf=36561&charge=2&value=16/26,sp|P62995|TRA2B_HUMAN,/core/www/modules//consensus/?run_id=110202&search_id=114132&scans_id=110198&peptide_id=28707&scanf=36561&charge=2&value=sp|P62995|TRA2B_HUMAN,1,/core/www/modules/match_peptides/blast_html4.php?run_id=110202&search_id=114132&scans_id=110198&peptide_id=28707&scanf=36561&charge=2&value=1,R.GFAFVYFENVDDAK.E,/core/www/modules/show_out/show_out_wrapper.php?run_id=110202&search_id=114132&scans_id=110198&peptide_id=28707&scanf=36561&charge=2&value=R.GFAFVYFENVDDAK.E,TRA2B,1.381e+8,3.900,0.000,3.741,0.000
36564,3,"  4.214","  0.607",18/76,/core/www/modules//sdig/index.php?run_id=110202&search_id=114132&scans_id=110198&peptide_id=28710&scanf=36564&charge=3&value=18/76,sp|Q12905|ILF2_HUMAN,/core/www/modules//consensus/?run_id=110202&search_id=114132&scans_id=110198&peptide_id=28710&scanf=36564&charge=3&value=sp|Q12905|ILF2_HUMAN,3,/core/www/modules/match_peptides/blast_html4.php?run_id=110202&search_id=114132&scans_id=110198&peptide_id=28710&scanf=36564&charge=3&value=3,R.NQDLAPNSAEQASILSLVTK.I,/core/www/modules/show_out/show_out_wrapper.php?run_id=110202&search_id=114132&scans_id=110198&peptide_id=28710&scanf=36564&charge=3&value=R.NQDLAPNSAEQASILSLVTK.I,ILF2,1.084e+8,3.098,0.003,2.553,0.000
36566,3,"  6.873","  0.666",19/104,/core/www/modules//sdig/index.php?run_id=110202&search_id=114132&scans_id=110198&peptide_id=28712&scanf=36566&charge=3&value=19/104,sp|Q14315|FLNC_HUMAN,/core/www/modules//consensus/?run_id=110202&search_id=114132&scans_id=110198&peptide_id=28712&scanf=36566&charge=3&value=sp|Q14315|FLNC_HUMAN,0,/core/www/modules/match_peptides/blast_html4.php?run_id=110202&search_id=114132&scans_id=110198&peptide_id=28712&scanf=36566&charge=3&value=0,K.VDITYDGHPVPGSPFAVEGVLPPDPSK.V,/core/www/modules/show_out/show_out_wrapper.php?run_id=110202&search_id=114132&scans_id=110198&peptide_id=28712&scanf=36566&charge=3&value=K.VDITYDGHPVPGSPFAVEGVLPPDPSK.V,FLNC,2.151e+6,3.445,0.001,3.067,0.000
36569,3,"  3.402","  0.567",16/60,/core/www/modules//sdig/index.php?run_id=110202&search_id=114132&scans_id=110198&peptide_id=28715&scanf=36569&charge=3&value=16/60,sp|P53621|COPA_HUMAN,/core/www/modules//consensus/?run_id=110202&search_id=114132&scans_id=110198&peptide_id=28715&scanf=36569&charge=3&value=sp|P53621|COPA_HUMAN,5,/core/www/modules/match_peptides/blast_html4.php?run_id=110202&search_id=114132&scans_id=110198&peptide_id=28715&scanf=36569&charge=3&value=5,K.YVIWSADMSHVALLAK.H,/core/www/modules/show_out/show_out_wrapper.php?run_id=110202&search_id=114132&scans_id=110198&peptide_id=28715&scanf=36569&charge=3&value=K.YVIWSADMSHVALLAK.H,COPA,3.013e+6,3.349,0.001,2.924,0.000
36571,2,"  3.753","  0.627",18/32,/core/www/modules//sdig/index.php?run_id=110202&search_id=114132&scans_id=110198&peptide_id=28718&scanf=36571&charge=2&value=18/32,sp|Q01780|EXOSX_HUMAN,/core/www/modules//consensus/?run_id=110202&search_id=114132&scans_id=110198&peptide_id=28718&scanf=36571&charge=2&value=sp|Q01780|EXOSX_HUMAN,0,/core/www/modules/match_peptides/blast_html4.php?run_id=110202&search_id=114132&scans_id=110198&peptide_id=28718&scanf=36571&charge=2&value=0,R.SDMYILNESLTDPAIVK.V,/core/www/modules/show_out/show_out_wrapper.php?run_id=110202&search_id=114132&scans_id=110198&peptide_id=28718&scanf=36571&charge=2&value=R.SDMYILNESLTDPAIVK.V,EXOSC10,3.237e+6,3.469,0.001,3.103,0.000
36574,2,"  2.809","  0.512",8/26,/core/www/modules//sdig/index.php?run_id=110202&search_id=114132&scans_id=110198&peptide_id=28721&scanf=36574&charge=2&value=8/26,sp|Q96J02|ITCH_HUMAN,/core/www/modules//consensus/?run_id=110202&search_id=114132&scans_id=110198&peptide_id=28721&scanf=36574&charge=2&value=sp|Q96J02|ITCH_HUMAN,6,/core/www/modules/match_peptides/blast_html4.php?run_id=110202&search_id=114132&scans_id=110198&peptide_id=28721&scanf=36574&charge=2&value=6,K.EFDPLGPLPPGWEK.R,/core/www/modules/show_out/show_out_wrapper.php?run_id=110202&search_id=114132&scans_id=110198&peptide_id=28721&scanf=36574&charge=2&value=K.EFDPLGPLPPGWEK.R,ITCH,1.350e+6,2.644,0.013,1.884,0.000
36575,3,"  3.826","  0.456",15/120,/core/www/modules//sdig/index.php?run_id=110202&search_id=114132&scans_id=110198&peptide_id=28722&scanf=36575&charge=3&value=15/120,sp|Q12906|ILF3_HUMAN,/core/www/modules//consensus/?run_id=110202&search_id=114132&scans_id=110198&peptide_id=28722&scanf=36575&charge=3&value=sp|Q12906|ILF3_HUMAN,0,/core/www/modules/match_peptides/blast_html4.php?run_id=110202&search_id=114132&scans_id=110198&peptide_id=28722&scanf=36575&charge=3&value=0,K.LVSQTGPVHAPIFTMSVEVDGNSFEASGPSK.K,/core/www/modules/show_out/show_out_wrapper.php?run_id=110202&search_id=114132&scans_id=110198&peptide_id=28722&scanf=36575&charge=3&value=K.LVSQTGPVHAPIFTMSVEVDGNSFEASGPSK.K,ILF3,7.318e+5,2.351,0.035,1.459,0.001
36576,2,"  1.349","  0.160",9/18,/core/www/modules//sdig/index.php?run_id=110202&search_id=114132&scans_id=110198&peptide_id=28723&scanf=36576&charge=2&value=9/18,sp|P27348|1433T_HUMAN,/core/www/modules//consensus/?run_id=110202&search_id=114132&scans_id=110198&peptide_id=28723&scanf=36576&charge=2&value=sp|P27348|1433T_HUMAN,11,/core/www/modules/match_peptides/blast_html4.php?run_id=110202&search_id=114132&scans_id=110198&peptide_id=28723&scanf=36576&charge=2&value=11,K.DSTLIM*QLLR.D,/core/www/modules/show_out/show_out_wrapper.php?run_id=110202&search_id=114132&scans_id=110198&peptide_id=28723&scanf=36576&charge=2&value=K.DSTLIM*QLLR.D,YWHAQ,5.523e+6,1.904,0.142,0.848,0.007
36578,3,"  3.392","  0.449",8/68,/core/www/modules//sdig/index.php?run_id=110202&search_id=114132&scans_id=110198&peptide_id=28725&scanf=36578&charge=3&value=8/68,sp|O14773|TPP1_HUMAN,/core/www/modules//consensus/?run_id=110202&search_id=114132&scans_id=110198&peptide_id=28725&scanf=36578&charge=3&value=sp|O14773|TPP1_HUMAN,4,/core/www/modules/match_peptides/blast_html4.php?run_id=110202&search_id=114132&scans_id=110198&peptide_id=28725&scanf=36578&charge=3&value=4,R.AYPDVAALSDGYWVVSNR.V,/core/www/modules/show_out/show_out_wrapper.php?run_id=110202&search_id=114132&scans_id=110198&peptide_id=28725&scanf=36578&charge=3&value=R.AYPDVAALSDGYWVVSNR.V,TPP1,1.511e+6,2.551,0.018,1.748,0.000
36580,2,"  6.618","  0.000",24/28,/core/www/modules//sdig/index.php?run_id=110202&search_id=114132&scans_id=110198&peptide_id=28728&scanf=36580&charge=2&value=24/28,sp|P08238|HS90B_HUMAN,/core/www/modules//consensus/?run_id=110202&search_id=114132&scans_id=110198&peptide_id=28728&scanf=36580&charge=2&value=sp|P08238|HS90B_HUMAN,0,/core/www/modules/match_peptides/blast_html4.php?run_id=110202&search_id=114132&scans_id=110198&peptide_id=28728&scanf=36580&charge=2&value=0,K.HSQFIGYPITLYLEK.E,/core/www/modules/show_out/show_out_wrapper.php?run_id=110202&search_id=114132&scans_id=110198&peptide_id=28728&scanf=36580&charge=2&value=K.HSQFIGYPITLYLEK.E,HSP90AB1,7.003e+6,4.582,0.000,4.753,0.000
36582,2,"  3.366","  0.606",15/26,/core/www/modules//sdig/index.php?run_id=110202&search_id=114132&scans_id=110198&peptide_id=28729&scanf=36582&charge=2&value=15/26,sp|O75643|U520_HUMAN,/core/www/modules//consensus/?run_id=110202&search_id=114132&scans_id=110198&peptide_id=28729&scanf=36582&charge=2&value=sp|O75643|U520_HUMAN,1,/core/www/modules/match_peptides/blast_html4.php?run_id=110202&search_id=114132&scans_id=110198&peptide_id=28729&scanf=36582&charge=2&value=1,K.VELTITPDFQWDEK.V,/core/www/modules/show_out/show_out_wrapper.php?run_id=110202&search_id=114132&scans_id=110198&peptide_id=28729&scanf=36582&charge=2&value=K.VELTITPDFQWDEK.V,SNRNP200,1.161e+7,3.718,0.000,3.472,0.000
36585,2,"  3.120","  0.630",12/20,/core/www/modules//sdig/index.php?run_id=110202&search_id=114132&scans_id=110198&peptide_id=28732&scanf=36585&charge=2&value=12/20,sp|P26196|DDX6_HUMAN,/core/www/modules//consensus/?run_id=110202&search_id=114132&scans_id=110198&peptide_id=28732&scanf=36585&charge=2&value=sp|P26196|DDX6_HUMAN,0,/core/www/modules/match_peptides/blast_html4.php?run_id=110202&search_id=114132&scans_id=110198&peptide_id=28732&scanf=36585&charge=2&value=0,K.SGAYLIPLLER.L,/core/www/modules/show_out/show_out_wrapper.php?run_id=110202&search_id=114132&scans_id=110198&peptide_id=28732&scanf=36585&charge=2&value=K.SGAYLIPLLER.L,DDX6,1.348e+7,3.631,0.000,3.342,0.000
36586,4,"  2.760","  0.376",15/96,/core/www/modules//sdig/index.php?run_id=110202&search_id=114132&scans_id=110198&peptide_id=28733&scanf=36586&charge=4&value=15/96,sp|Q8WVM8|SCFD1_HUMAN,/core/www/modules//consensus/?run_id=110202&search_id=114132&scans_id=110198&peptide_id=28733&scanf=36586&charge=4&value=sp|Q8WVM8|SCFD1_HUMAN,18,/core/www/modules/match_peptides/blast_html4.php?run_id=110202&search_id=114132&scans_id=110198&peptide_id=28733&scanf=36586&charge=4&value=18,R.LIDLHTNVATAVLEHIK.A,/core/www/modules/show_out/show_out_wrapper.php?run_id=110202&search_id=114132&scans_id=110198&peptide_id=28733&scanf=36586&charge=4&value=R.LIDLHTNVATAVLEHIK.A,SCFD1,2.964e+6,2.848,0.007,2.184,0.000
36587,2,"  3.569","  0.570",13/28,/core/www/modules//sdig/index.php?run_id=110202&search_id=114132&scans_id=110198&peptide_id=28734&scanf=36587&charge=2&value=13/28,sp|O60814|H2B1K_HUMAN,/core/www/modules//consensus/?run_id=110202&search_id=114132&scans_id=110198&peptide_id=28734&scanf=36587&charge=2&value=sp|O60814|H2B1K_HUMAN,14,/core/www/modules/match_peptides/blast_html4.php?run_id=110202&search_id=114132&scans_id=110198&peptide_id=28734&scanf=36587&charge=2&value=14,K.AM*GIM*NSFVNDIFER.I,/core/www/modules/show_out/show_out_wrapper.php?run_id=110202&search_id=114132&scans_id=110198&peptide_id=28734&scanf=36587&charge=2&value=K.AM*GIM*NSFVNDIFER.I,H2BC12,4.448e+6,3.322,0.001,2.885,0.000
36589,2,"  3.212","  0.553",11/22,/core/www/modules//sdig/index.php?run_id=110202&search_id=114132&scans_id=110198&peptide_id=28736&scanf=36589&charge=2&value=11/22,sp|Q9NWU2|GID8_HUMAN,/core/www/modules//consensus/?run_id=110202&search_id=114132&scans_id=110198&peptide_id=28736&scanf=36589&charge=2&value=sp|Q9NWU2|GID8_HUMAN,0,/core/www/modules/match_peptides/blast_html4.php?run_id=110202&search_id=114132&scans_id=110198&peptide_id=28736&scanf=36589&charge=2&value=0,R.LIMNYLVTEGFK.E,/core/www/modules/show_out/show_out_wrapper.php?run_id=110202&search_id=114132&scans_id=110198&peptide_id=28736&scanf=36589&charge=2&value=R.LIMNYLVTEGFK.E,GID8,2.662e+6,3.114,0.003,2.577,0.000
36594,2,"  2.143","  0.410",13/22,/core/www/modules//sdig/index.php?run_id=110202&search_id=114132&scans_id=110198&peptide_id=28742&scanf=36594&charge=2&value=13/22,sp|P23786|CPT2_HUMAN,/core/www/modules//consensus/?run_id=110202&search_id=114132&scans_id=110198&peptide_id=28742&scanf=36594&charge=2&value=sp|P23786|CPT2_HUMAN,4,/core/www/modules/match_peptides/blast_html4.php?run_id=110202&search_id=114132&scans_id=110198&peptide_id=28742&scanf=36594&charge=2&value=4,K.ALEDMFDALEGK.S,/core/www/modules/show_out/show_out_wrapper.php?run_id=110202&search_id=114132&scans_id=110198&peptide_id=28742&scanf=36594&charge=2&value=K.ALEDMFDALEGK.S,CPT2,2.472e+6,2.859,0.006,2.200,0.000
36596,2,"  5.696","  0.754",23/38,/core/www/modules//sdig/index.php?run_id=110202&search_id=114132&scans_id=110198&peptide_id=28744&scanf=36596&charge=2&value=23/38,sp|Q12905|ILF2_HUMAN,/core/www/modules//consensus/?run_id=110202&search_id=114132&scans_id=110198&peptide_id=28744&scanf=36596&charge=2&value=sp|Q12905|ILF2_HUMAN,3,/core/www/modules/match_peptides/blast_html4.php?run_id=110202&search_id=114132&scans_id=110198&peptide_id=28744&scanf=36596&charge=2&value=3,R.NQDLAPNSAEQASILSLVTK.I,/core/www/modules/show_out/show_out_wrapper.php?run_id=110202&search_id=114132&scans_id=110198&peptide_id=28744&scanf=36596&charge=2&value=R.NQDLAPNSAEQASILSLVTK.I,ILF2,3.053e+7,4.007,0.000,3.900,0.000
36603,3,"  2.931","  0.565",13/72,/core/www/modules//sdig/index.php?run_id=110202&search_id=114132&scans_id=110198&peptide_id=28751&scanf=36603&charge=3&value=13/72,sp|Q6PD62|CTR9_HUMAN,/core/www/modules//consensus/?run_id=110202&search_id=114132&scans_id=110198&peptide_id=28751&scanf=36603&charge=3&value=sp|Q6PD62|CTR9_HUMAN,0,/core/www/modules/match_peptides/blast_html4.php?run_id=110202&search_id=114132&scans_id=110198&peptide_id=28751&scanf=36603&charge=3&value=0,K.VQADVPPEILNNVGALHFR.L,/core/www/modules/show_out/show_out_wrapper.php?run_id=110202&search_id=114132&scans_id=110198&peptide_id=28751&scanf=36603&charge=3&value=K.VQADVPPEILNNVGALHFR.L,CTR9,9.884e+6,2.966,0.004,2.358,0.000
36604,3,"  4.644","  0.635",17/80,/core/www/modules//sdig/index.php?run_id=110202&search_id=114132&scans_id=110198&peptide_id=28752&scanf=36604&charge=3&value=17/80,sp|Q8N8A6|DDX51_HUMAN,/core/www/modules//consensus/?run_id=110202&search_id=114132&scans_id=110198&peptide_id=28752&scanf=36604&charge=3&value=sp|Q8N8A6|DDX51_HUMAN,0,/core/www/modules/match_peptides/blast_html4.php?run_id=110202&search_id=114132&scans_id=110198&peptide_id=28752&scanf=36604&charge=3&value=0,R.NVTEDLVPIEDIPDVHPDLQK.Q,/core/www/modules/show_out/show_out_wrapper.php?run_id=110202&search_id=114132&scans_id=110198&peptide_id=28752&scanf=36604&charge=3&value=R.NVTEDLVPIEDIPDVHPDLQK.Q,DDX51,7.350e+6,3.311,0.001,2.868,0.000
36605,2,"  1.631","  0.316",10/18,/core/www/modules//sdig/index.php?run_id=110202&search_id=114132&scans_id=110198&peptide_id=28753&scanf=36605&charge=2&value=10/18,sp|P27348|1433T_HUMAN,/core/www/modules//consensus/?run_id=110202&search_id=114132&scans_id=110198&peptide_id=28753&scanf=36605&charge=2&value=sp|P27348|1433T_HUMAN,11,/core/www/modules/match_peptides/blast_html4.php?run_id=110202&search_id=114132&scans_id=110198&peptide_id=28753&scanf=36605&charge=2&value=11,K.DSTLIM*QLLR.D,/core/www/modules/show_out/show_out_wrapper.php?run_id=110202&search_id=114132&scans_id=110198&peptide_id=28753&scanf=36605&charge=2&value=K.DSTLIM*QLLR.D,YWHAQ,5.523e+6,2.582,0.016,1.794,0.000
36606,2,"  4.413","  0.691",18/30,/core/www/modules//sdig/index.php?run_id=110202&search_id=114132&scans_id=110198&peptide_id=28754&scanf=36606&charge=2&value=18/30,sp|P09382|LEG1_HUMAN,/core/www/modules//consensus/?run_id=110202&search_id=114132&scans_id=110198&peptide_id=28754&scanf=36606&charge=2&value=sp|P09382|LEG1_HUMAN,0,/core/www/modules/match_peptides/blast_html4.php?run_id=110202&search_id=114132&scans_id=110198&peptide_id=28754&scanf=36606&charge=2&value=0,R.LNLEAINYMAADGDFK.I,/core/www/modules/show_out/show_out_wrapper.php?run_id=110202&search_id=114132&scans_id=110198&peptide_id=28754&scanf=36606&charge=2&value=R.LNLEAINYMAADGDFK.I,LGALS1,8.122e+7,3.809,0.000,3.607,0.000
36607,2,"  3.962","  0.554",16/26,/core/www/modules//sdig/index.php?run_id=110202&search_id=114132&scans_id=110198&peptide_id=28755&scanf=36607&charge=2&value=16/26,sp|O14579|COPE_HUMAN,/core/www/modules//consensus/?run_id=110202&search_id=114132&scans_id=110198&peptide_id=28755&scanf=36607&charge=2&value=sp|O14579|COPE_HUMAN,1,/core/www/modules/match_peptides/blast_html4.php?run_id=110202&search_id=114132&scans_id=110198&peptide_id=28755&scanf=36607&charge=2&value=1,K.LQDAYYIFQEMADK.C,/core/www/modules/show_out/show_out_wrapper.php?run_id=110202&search_id=114132&scans_id=110198&peptide_id=28755&scanf=36607&charge=2&value=K.LQDAYYIFQEMADK.C,COPE,2.915e+6,3.408,0.001,3.011,0.000
36608,3,"  4.532","  0.599",14/64,/core/www/modules//sdig/index.php?run_id=110202&search_id=114132&scans_id=110198&peptide_id=28756&scanf=36608&charge=3&value=14/64,sp|P19338|NUCL_HUMAN,/core/www/modules//consensus/?run_id=110202&search_id=114132&scans_id=110198&peptide_id=28756&scanf=36608&charge=3&value=sp|P19338|NUCL_HUMAN,8,/core/www/modules/match_peptides/blast_html4.php?run_id=110202&search_id=114132&scans_id=110198&peptide_id=28756&scanf=36608&charge=3&value=8,K.VTQDELKEVFEDAAEIR.L,/core/www/modules/show_out/show_out_wrapper.php?run_id=110202&search_id=114132&scans_id=110198&peptide_id=28756&scanf=36608&charge=3&value=K.VTQDELKEVFEDAAEIR.L,NCL,2.270e+6,3.232,0.002,2.751,0.000
36609,2,"  1.882","  0.301",8/16,/core/www/modules//sdig/index.php?run_id=110202&search_id=114132&scans_id=110198&peptide_id=28757&scanf=36609&charge=2&value=8/16,sp|Q04637|IF4G1_HUMAN,/core/www/modules//consensus/?run_id=110202&search_id=114132&scans_id=110198&peptide_id=28757&scanf=36609&charge=2&value=sp|Q04637|IF4G1_HUMAN,8,/core/www/modules/match_peptides/blast_html4.php?run_id=110202&search_id=114132&scans_id=110198&peptide_id=28757&scanf=36609&charge=2&value=8,K.GVIDLIFEK.A,/core/www/modules/show_out/show_out_wrapper.php?run_id=110202&search_id=114132&scans_id=110198&peptide_id=28757&scanf=36609&charge=2&value=K.GVIDLIFEK.A,EIF4G1,2.305e+6,2.470,0.023,1.631,0.001
36610,2,"  2.398","  0.359",10/20,/core/www/modules//sdig/index.php?run_id=110202&search_id=114132&scans_id=110198&peptide_id=28758&scanf=36610&charge=2&value=10/20,sp|P35251|RFC1_HUMAN,/core/www/modules//consensus/?run_id=110202&search_id=114132&scans_id=110198&peptide_id=28758&scanf=36610&charge=2&value=sp|P35251|RFC1_HUMAN,0,/core/www/modules/match_peptides/blast_html4.php?run_id=110202&search_id=114132&scans_id=110198&peptide_id=28758&scanf=36610&charge=2&value=0,R.TVNMDYLSLLR.D,/core/www/modules/show_out/show_out_wrapper.php?run_id=110202&search_id=114132&scans_id=110198&peptide_id=28758&scanf=36610&charge=2&value=R.TVNMDYLSLLR.D,RFC1,9.948e+6,2.605,0.015,1.828,0.000
36615,2,"  1.668","  0.286",11/24,/core/www/modules//sdig/index.php?run_id=110202&search_id=114132&scans_id=110198&peptide_id=28763&scanf=36615&charge=2&value=11/24,sp|Q9BVI4|NOC4L_HUMAN,/core/www/modules//consensus/?run_id=110202&search_id=114132&scans_id=110198&peptide_id=28763&scanf=36615&charge=2&value=sp|Q9BVI4|NOC4L_HUMAN,0,/core/www/modules/match_peptides/blast_html4.php?run_id=110202&search_id=114132&scans_id=110198&peptide_id=28763&scanf=36615&charge=2&value=0,K.LYGLLDPSVFHVK.Y,/core/www/modules/show_out/show_out_wrapper.php?run_id=110202&search_id=114132&scans_id=110198&peptide_id=28763&scanf=36615&charge=2&value=K.LYGLLDPSVFHVK.Y,NOC4L,2.588e+7,2.056,0.090,1.047,0.004
36620,2,"  2.454","  0.124",10/20,/core/www/modules//sdig/index.php?run_id=110202&search_id=114132&scans_id=110198&peptide_id=28769&scanf=36620&charge=2&value=10/20,sp|Q96HW7|INT4_HUMAN,/core/www/modules//consensus/?run_id=110202&search_id=114132&scans_id=110198&peptide_id=28769&scanf=36620&charge=2&value=sp|Q96HW7|INT4_HUMAN,8,/core/www/modules/match_peptides/blast_html4.php?run_id=110202&search_id=114132&scans_id=110198&peptide_id=28769&scanf=36620&charge=2&value=8,K.LWNVAAPLYLK.Q,/core/www/modules/show_out/show_out_wrapper.php?run_id=110202&search_id=114132&scans_id=110198&peptide_id=28769&scanf=36620&charge=2&value=K.LWNVAAPLYLK.Q,INTS4,1.996e+6,1.816,0.183,0.739,0.010
36621,3,"  3.958","  0.590",16/60,/core/www/modules//sdig/index.php?run_id=110202&search_id=114132&scans_id=110198&peptide_id=28770&scanf=36621&charge=3&value=16/60,sp|Q9NU22|MDN1_HUMAN,/core/www/modules//consensus/?run_id=110202&search_id=114132&scans_id=110198&peptide_id=28770&scanf=36621&charge=3&value=sp|Q9NU22|MDN1_HUMAN,0,/core/www/modules/match_peptides/blast_html4.php?run_id=110202&search_id=114132&scans_id=110198&peptide_id=28770&scanf=36621&charge=3&value=0,R.LNALLEPGGVLTISER.G,/core/www/modules/show_out/show_out_wrapper.php?run_id=110202&search_id=114132&scans_id=110198&peptide_id=28770&scanf=36621&charge=3&value=R.LNALLEPGGVLTISER.G,MDN1,1.313e+6,3.630,0.000,3.341,0.000
36628,2,"  5.262","  0.711",20/30,/core/www/modules//sdig/index.php?run_id=110202&search_id=114132&scans_id=110198&peptide_id=28776&scanf=36628&charge=2&value=20/30,sp|Q6P2Q9|PRP8_HUMAN,/core/www/modules//consensus/?run_id=110202&search_id=114132&scans_id=110198&peptide_id=28776&scanf=36628&charge=2&value=sp|Q6P2Q9|PRP8_HUMAN,1,/core/www/modules/match_peptides/blast_html4.php?run_id=110202&search_id=114132&scans_id=110198&peptide_id=28776&scanf=36628&charge=2&value=1,K.ITDAYLDQYLWYEADK.R,/core/www/modules/show_out/show_out_wrapper.php?run_id=110202&search_id=114132&scans_id=110198&peptide_id=28776&scanf=36628&charge=2&value=K.ITDAYLDQYLWYEADK.R,PRPF8,2.347e+6,4.329,0.000,4.377,0.000
36630,3,"  5.753","  0.640",20/132,/core/www/modules//sdig/index.php?run_id=110202&search_id=114132&scans_id=110198&peptide_id=28779&scanf=36630&charge=3&value=20/132,sp|Q12904|AIMP1_HUMAN,/core/www/modules//consensus/?run_id=110202&search_id=114132&scans_id=110198&peptide_id=28779&scanf=36630&charge=3&value=sp|Q12904|AIMP1_HUMAN,3,/core/www/modules/match_peptides/blast_html4.php?run_id=110202&search_id=114132&scans_id=110198&peptide_id=28779&scanf=36630&charge=3&value=3,K.QIPFPSGTPLHANSMVSENVIQSTAVTTVSSGTK.E,/core/www/modules/show_out/show_out_wrapper.php?run_id=110202&search_id=114132&scans_id=110198&peptide_id=28779&scanf=36630&charge=3&value=K.QIPFPSGTPLHANSMVSENVIQSTAVTTVSSGTK.E,AIMP1,9.459e+5,2.891,0.006,2.247,0.000
36631,2,"  2.426","  0.302",9/16,/core/www/modules//sdig/index.php?run_id=110202&search_id=114132&scans_id=110198&peptide_id=28780&scanf=36631&charge=2&value=9/16,sp|A4D1E9|GTPBA_HUMAN,/core/www/modules//consensus/?run_id=110202&search_id=114132&scans_id=110198&peptide_id=28780&scanf=36631&charge=2&value=sp|A4D1E9|GTPBA_HUMAN,2,/core/www/modules/match_peptides/blast_html4.php?run_id=110202&search_id=114132&scans_id=110198&peptide_id=28780&scanf=36631&charge=2&value=2,K.LLTNFLPLK.G,/core/www/modules/show_out/show_out_wrapper.php?run_id=110202&search_id=114132&scans_id=110198&peptide_id=28780&scanf=36631&charge=2&value=K.LLTNFLPLK.G,GTPBP10,3.347e+6,2.571,0.017,1.777,0.000
36642,2,"  3.095","  0.361",12/24,/core/www/modules//sdig/index.php?run_id=110202&search_id=114132&scans_id=110198&peptide_id=28792&scanf=36642&charge=2&value=12/24,sp|Q14203|DCTN1_HUMAN,/core/www/modules//consensus/?run_id=110202&search_id=114132&scans_id=110198&peptide_id=28792&scanf=36642&charge=2&value=sp|Q14203|DCTN1_HUMAN,4,/core/www/modules/match_peptides/blast_html4.php?run_id=110202&search_id=114132&scans_id=110198&peptide_id=28792&scanf=36642&charge=2&value=4,K.DSPLLLQQISAMR.L,/core/www/modules/show_out/show_out_wrapper.php?run_id=110202&search_id=114132&scans_id=110198&peptide_id=28792&scanf=36642&charge=2&value=K.DSPLLLQQISAMR.L,DCTN1,1.177e+6,2.507,0.021,1.685,0.000
36646,2,"  2.338","  0.340",10/20,/core/www/modules//sdig/index.php?run_id=110202&search_id=114132&scans_id=110198&peptide_id=28795&scanf=36646&charge=2&value=10/20,sp|Q8WTT2|NOC3L_HUMAN,/core/www/modules//consensus/?run_id=110202&search_id=114132&scans_id=110198&peptide_id=28795&scanf=36646&charge=2&value=sp|Q8WTT2|NOC3L_HUMAN,0,/core/www/modules/match_peptides/blast_html4.php?run_id=110202&search_id=114132&scans_id=110198&peptide_id=28795&scanf=36646&charge=2&value=0,K.FYLENLEQMVK.D,/core/www/modules/show_out/show_out_wrapper.php?run_id=110202&search_id=114132&scans_id=110198&peptide_id=28795&scanf=36646&charge=2&value=K.FYLENLEQMVK.D,NOC3L,1.347e+7,2.572,0.017,1.779,0.000
36647,2,"  2.396","  0.288",11/22,/core/www/modules//sdig/index.php?run_id=110202&search_id=114132&scans_id=110198&peptide_id=28796&scanf=36647&charge=2&value=11/22,sp|Q9ULK4|MED23_HUMAN,/core/www/modules//consensus/?run_id=110202&search_id=114132&scans_id=110198&peptide_id=28796&scanf=36647&charge=2&value=sp|Q9ULK4|MED23_HUMAN,1,/core/www/modules/match_peptides/blast_html4.php?run_id=110202&search_id=114132&scans_id=110198&peptide_id=28796&scanf=36647&charge=2&value=1,K.EVGNALLNVVLK.S,/core/www/modules/show_out/show_out_wrapper.php?run_id=110202&search_id=114132&scans_id=110198&peptide_id=28796&scanf=36647&charge=2&value=K.EVGNALLNVVLK.S,MED23,6.424e+6,2.241,0.050,1.303,0.002
36649,4,"  3.053","  0.228",19/150,/core/www/modules//sdig/index.php?run_id=110202&search_id=114132&scans_id=110198&peptide_id=28798&scanf=36649&charge=4&value=19/150,sp|O95347|SMC2_HUMAN,/core/www/modules//consensus/?run_id=110202&search_id=114132&scans_id=110198&peptide_id=28798&scanf=36649&charge=4&value=sp|O95347|SMC2_HUMAN,0,/core/www/modules/match_peptides/blast_html4.php?run_id=110202&search_id=114132&scans_id=110198&peptide_id=28798&scanf=36649&charge=4&value=0,R.VAQNLVGPDNVHVALSLVEYKPELQK.A,/core/www/modules/show_out/show_out_wrapper.php?run_id=110202&search_id=114132&scans_id=110198&peptide_id=28798&scanf=36649&charge=4&value=R.VAQNLVGPDNVHVALSLVEYKPELQK.A,SMC2,2.512e+6,2.083,0.083,1.083,0.003
36650,3,"  3.639","  0.580",11/80,/core/www/modules//sdig/index.php?run_id=110202&search_id=114132&scans_id=110198&peptide_id=28800&scanf=36650&charge=3&value=11/80,sp|P60709|ACTB_HUMAN,/core/www/modules//consensus/?run_id=110202&search_id=114132&scans_id=110198&peptide_id=28800&scanf=36650&charge=3&value=sp|P60709|ACTB_HUMAN,6,/core/www/modules/match_peptides/blast_html4.php?run_id=110202&search_id=114132&scans_id=110198&peptide_id=28800&scanf=36650&charge=3&value=6,K.DLYANTVLSGGTTMYPGIADR.M,/core/www/modules/show_out/show_out_wrapper.php?run_id=110202&search_id=114132&scans_id=110198&peptide_id=28800&scanf=36650&charge=3&value=K.DLYANTVLSGGTTMYPGIADR.M,ACTB,3.696e+8,3.498,0.001,3.145,0.000
36652,2,"  2.956","  0.659",14/26,/core/www/modules//sdig/index.php?run_id=110202&search_id=114132&scans_id=110198&peptide_id=28802&scanf=36652&charge=2&value=14/26,sp|P11021|BIP_HUMAN,/core/www/modules//consensus/?run_id=110202&search_id=114132&scans_id=110198&peptide_id=28802&scanf=36652&charge=2&value=sp|P11021|BIP_HUMAN,2,/core/www/modules/match_peptides/blast_html4.php?run_id=110202&search_id=114132&scans_id=110198&peptide_id=28802&scanf=36652&charge=2&value=2,K.TFAPEEISAMVLTK.M,/core/www/modules/show_out/show_out_wrapper.php?run_id=110202&search_id=114132&scans_id=110198&peptide_id=28802&scanf=36652&charge=2&value=K.TFAPEEISAMVLTK.M,HSPA5,7.314e+6,3.568,0.001,3.250,0.000
36653,2,"  4.111","  0.572",14/26,/core/www/modules//sdig/index.php?run_id=110202&search_id=114132&scans_id=110198&peptide_id=28803&scanf=36653&charge=2&value=14/26,sp|P55084|ECHB_HUMAN,/core/www/modules//consensus/?run_id=110202&search_id=114132&scans_id=110198&peptide_id=28803&scanf=36653&charge=2&value=sp|P55084|ECHB_HUMAN,1,/core/www/modules/match_peptides/blast_html4.php?run_id=110202&search_id=114132&scans_id=110198&peptide_id=28803&scanf=36653&charge=2&value=1,K.AQDEGLLSDVVPFK.V,/core/www/modules/show_out/show_out_wrapper.php?run_id=110202&search_id=114132&scans_id=110198&peptide_id=28803&scanf=36653&charge=2&value=K.AQDEGLLSDVVPFK.V,HADHB,4.401e+6,3.409,0.001,3.014,0.000
36657,4,"  4.320","  0.521",13/132,/core/www/modules//sdig/index.php?run_id=110202&search_id=114132&scans_id=110198&peptide_id=28807&scanf=36657&charge=4&value=13/132,sp|O60832|DKC1_HUMAN,/core/www/modules//consensus/?run_id=110202&search_id=114132&scans_id=110198&peptide_id=28807&scanf=36657&charge=4&value=sp|O60832|DKC1_HUMAN,10,/core/www/modules/match_peptides/blast_html4.php?run_id=110202&search_id=114132&scans_id=110198&peptide_id=28807&scanf=36657&charge=4&value=10,K.SLPEEDVAEIQHAEEFLIKPESK.V,/core/www/modules/show_out/show_out_wrapper.php?run_id=110202&search_id=114132&scans_id=110198&peptide_id=28807&scanf=36657&charge=4&value=K.SLPEEDVAEIQHAEEFLIKPESK.V,DKC1,1.765e+7,3.159,0.002,2.643,0.000
36660,3,"  4.781","  0.552",18/88,/core/www/modules//sdig/index.php?run_id=110202&search_id=114132&scans_id=110198&peptide_id=28811&scanf=36660&charge=3&value=18/88,sp|Q07955|SRSF1_HUMAN,/core/www/modules//consensus/?run_id=110202&search_id=114132&scans_id=110198&peptide_id=28811&scanf=36660&charge=3&value=sp|Q07955|SRSF1_HUMAN,1,/core/www/modules/match_peptides/blast_html4.php?run_id=110202&search_id=114132&scans_id=110198&peptide_id=28811&scanf=36660&charge=3&value=1,R.GGPPFAFVEFEDPRDAEDAVYGR.D,/core/www/modules/show_out/show_out_wrapper.php?run_id=110202&search_id=114132&scans_id=110198&peptide_id=28811&scanf=36660&charge=3&value=R.GGPPFAFVEFEDPRDAEDAVYGR.D,SRSF1,9.701e+5,2.789,0.008,2.097,0.000
36666,2,"  3.110","  0.406",10/18,/core/www/modules//sdig/index.php?run_id=110202&search_id=114132&scans_id=110198&peptide_id=28816&scanf=36666&charge=2&value=10/18,sp|Q96SB3|NEB2_HUMAN,/core/www/modules//consensus/?run_id=110202&search_id=114132&scans_id=110198&peptide_id=28816&scanf=36666&charge=2&value=sp|Q96SB3|NEB2_HUMAN,1,/core/www/modules/match_peptides/blast_html4.php?run_id=110202&search_id=114132&scans_id=110198&peptide_id=28816&scanf=36666&charge=2&value=1,R.LELFPVELEK.D,/core/www/modules/show_out/show_out_wrapper.php?run_id=110202&search_id=114132&scans_id=110198&peptide_id=28816&scanf=36666&charge=2&value=R.LELFPVELEK.D,PPP1R9B,3.647e+6,2.891,0.006,2.247,0.000
36667,2,"  2.973","  0.481",12/26,/core/www/modules//sdig/index.php?run_id=110202&search_id=114132&scans_id=110198&peptide_id=28817&scanf=36667&charge=2&value=12/26,sp|P55084|ECHB_HUMAN,/core/www/modules//consensus/?run_id=110202&search_id=114132&scans_id=110198&peptide_id=28817&scanf=36667&charge=2&value=sp|P55084|ECHB_HUMAN,1,/core/www/modules/match_peptides/blast_html4.php?run_id=110202&search_id=114132&scans_id=110198&peptide_id=28817&scanf=36667&charge=2&value=1,K.AQDEGLLSDVVPFK.V,/core/www/modules/show_out/show_out_wrapper.php?run_id=110202&search_id=114132&scans_id=110198&peptide_id=28817&scanf=36667&charge=2&value=K.AQDEGLLSDVVPFK.V,HADHB,4.401e+6,2.940,0.005,2.319,0.000
36668,2,"  2.559","  0.425",10/18,/core/www/modules//sdig/index.php?run_id=110202&search_id=114132&scans_id=110198&peptide_id=28818&scanf=36668&charge=2&value=10/18,sp|Q8N0S6|CENPL_HUMAN,/core/www/modules//consensus/?run_id=110202&search_id=114132&scans_id=110198&peptide_id=28818&scanf=36668&charge=2&value=sp|Q8N0S6|CENPL_HUMAN,0,/core/www/modules/match_peptides/blast_html4.php?run_id=110202&search_id=114132&scans_id=110198&peptide_id=28818&scanf=36668&charge=2&value=0,K.VIFSTLLGMK.G,/core/www/modules/show_out/show_out_wrapper.php?run_id=110202&search_id=114132&scans_id=110198&peptide_id=28818&scanf=36668&charge=2&value=K.VIFSTLLGMK.G,CENPL,3.237e+6,2.853,0.006,2.191,0.000
36670,2,"  3.378","  0.342",12/26,/core/www/modules//sdig/index.php?run_id=110202&search_id=114132&scans_id=110198&peptide_id=28821&scanf=36670&charge=2&value=12/26,sp|Q14258|TRI25_HUMAN,/core/www/modules//consensus/?run_id=110202&search_id=114132&scans_id=110198&peptide_id=28821&scanf=36670&charge=2&value=sp|Q14258|TRI25_HUMAN,1,/core/www/modules/match_peptides/blast_html4.php?run_id=110202&search_id=114132&scans_id=110198&peptide_id=28821&scanf=36670&charge=2&value=1,K.LPTFGAPEQLVDLK.Q,/core/www/modules/show_out/show_out_wrapper.php?run_id=110202&search_id=114132&scans_id=110198&peptide_id=28821&scanf=36670&charge=2&value=K.LPTFGAPEQLVDLK.Q,TRIM25,2.012e+6,2.332,0.037,1.432,0.001
36672,3,"  4.698","  0.621",14/72,/core/www/modules//sdig/index.php?run_id=110202&search_id=114132&scans_id=110198&peptide_id=28823&scanf=36672&charge=3&value=14/72,sp|Q9NZM1|MYOF_HUMAN,/core/www/modules//consensus/?run_id=110202&search_id=114132&scans_id=110198&peptide_id=28823&scanf=36672&charge=3&value=sp|Q9NZM1|MYOF_HUMAN,1,/core/www/modules/match_peptides/blast_html4.php?run_id=110202&search_id=114132&scans_id=110198&peptide_id=28823&scanf=36672&charge=3&value=1,K.VIMELFDNDQVGKDEFLGR.S,/core/www/modules/show_out/show_out_wrapper.php?run_id=110202&search_id=114132&scans_id=110198&peptide_id=28823&scanf=36672&charge=3&value=K.VIMELFDNDQVGKDEFLGR.S,MYOF,1.637e+6,3.034,0.003,2.458,0.000
36673,3,"  5.860","  0.597",16/92,/core/www/modules//sdig/index.php?run_id=110202&search_id=114132&scans_id=110198&peptide_id=28824&scanf=36673&charge=3&value=16/92,sp|Q9UBQ7|GRHPR_HUMAN,/core/www/modules//consensus/?run_id=110202&search_id=114132&scans_id=110198&peptide_id=28824&scanf=36673&charge=3&value=sp|Q9UBQ7|GRHPR_HUMAN,1,/core/www/modules/match_peptides/blast_html4.php?run_id=110202&search_id=114132&scans_id=110198&peptide_id=28824&scanf=36673&charge=3&value=1,K.IAAAGLDVTSPEPLPTNHPLLTLK.N,/core/www/modules/show_out/show_out_wrapper.php?run_id=110202&search_id=114132&scans_id=110198&peptide_id=28824&scanf=36673&charge=3&value=K.IAAAGLDVTSPEPLPTNHPLLTLK.N,GRHPR,7.641e+5,2.967,0.004,2.360,0.000
36674,3,"  2.276","  0.465",14/52,/core/www/modules//sdig/index.php?run_id=110202&search_id=114132&scans_id=110198&peptide_id=28825&scanf=36674&charge=3&value=14/52,sp|Q9Y2A7|NCKP1_HUMAN,/core/www/modules//consensus/?run_id=110202&search_id=114132&scans_id=110198&peptide_id=28825&scanf=36674&charge=3&value=sp|Q9Y2A7|NCKP1_HUMAN,0,/core/www/modules/match_peptides/blast_html4.php?run_id=110202&search_id=114132&scans_id=110198&peptide_id=28825&scanf=36674&charge=3&value=0,K.AINQIAAALFTIHK.G,/core/www/modules/show_out/show_out_wrapper.php?run_id=110202&search_id=114132&scans_id=110198&peptide_id=28825&scanf=36674&charge=3&value=K.AINQIAAALFTIHK.G,NCKAP1,1.906e+6,2.921,0.005,2.291,0.000
36676,2,"  2.472","  0.330",10/20,/core/www/modules//sdig/index.php?run_id=110202&search_id=114132&scans_id=110198&peptide_id=28827&scanf=36676&charge=2&value=10/20,sp|Q14160|SCRIB_HUMAN,/core/www/modules//consensus/?run_id=110202&search_id=114132&scans_id=110198&peptide_id=28827&scanf=36676&charge=2&value=sp|Q14160|SCRIB_HUMAN,4,/core/www/modules/match_peptides/blast_html4.php?run_id=110202&search_id=114132&scans_id=110198&peptide_id=28827&scanf=36676&charge=2&value=4,K.SLPASLSFLVK.L,/core/www/modules/show_out/show_out_wrapper.php?run_id=110202&search_id=114132&scans_id=110198&peptide_id=28827&scanf=36676&charge=2&value=K.SLPASLSFLVK.L,SCRIB,1.600e+6,2.471,0.023,1.632,0.001
36683,3,"  4.334","  0.615",16/52,/core/www/modules//sdig/index.php?run_id=110202&search_id=114132&scans_id=110198&peptide_id=28835&scanf=36683&charge=3&value=16/52,sp|Q9UG63|ABCF2_HUMAN,/core/www/modules//consensus/?run_id=110202&search_id=114132&scans_id=110198&peptide_id=28835&scanf=36683&charge=3&value=sp|Q9UG63|ABCF2_HUMAN,0,/core/www/modules/match_peptides/blast_html4.php?run_id=110202&search_id=114132&scans_id=110198&peptide_id=28835&scanf=36683&charge=3&value=0,K.IPPPVIMVQNVSFK.Y,/core/www/modules/show_out/show_out_wrapper.php?run_id=110202&search_id=114132&scans_id=110198&peptide_id=28835&scanf=36683&charge=3&value=K.IPPPVIMVQNVSFK.Y,ABCF2,4.318e+6,3.601,0.001,3.297,0.000
36687,2,"  2.195","  0.480",10/20,/core/www/modules//sdig/index.php?run_id=110202&search_id=114132&scans_id=110198&peptide_id=28838&scanf=36687&charge=2&value=10/20,sp|A6NHR9|SMHD1_HUMAN,/core/www/modules//consensus/?run_id=110202&search_id=114132&scans_id=110198&peptide_id=28838&scanf=36687&charge=2&value=sp|A6NHR9|SMHD1_HUMAN,2,/core/www/modules/match_peptides/blast_html4.php?run_id=110202&search_id=114132&scans_id=110198&peptide_id=28838&scanf=36687&charge=2&value=2,K.TLPLFYGSIVR.F,/core/www/modules/show_out/show_out_wrapper.php?run_id=110202&search_id=114132&scans_id=110198&peptide_id=28838&scanf=36687&charge=2&value=K.TLPLFYGSIVR.F,SMCHD1,1.468e+7,3.168,0.002,2.657,0.000
36690,2,"  2.696","  0.547",12/24,/core/www/modules//sdig/index.php?run_id=110202&search_id=114132&scans_id=110198&peptide_id=28842&scanf=36690&charge=2&value=12/24,sp|P23193|TCEA1_HUMAN,/core/www/modules//consensus/?run_id=110202&search_id=114132&scans_id=110198&peptide_id=28842&scanf=36690&charge=2&value=sp|P23193|TCEA1_HUMAN,3,/core/www/modules/match_peptides/blast_html4.php?run_id=110202&search_id=114132&scans_id=110198&peptide_id=28842&scanf=36690&charge=2&value=3,K.NIPMTLELLQSTR.I,/core/www/modules/show_out/show_out_wrapper.php?run_id=110202&search_id=114132&scans_id=110198&peptide_id=28842&scanf=36690&charge=2&value=K.NIPMTLELLQSTR.I,TCEA1,2.120e+6,3.054,0.003,2.488,0.000
36691,3,"  2.760","  0.360",10/52,/core/www/modules//sdig/index.php?run_id=110202&search_id=114132&scans_id=110198&peptide_id=28843&scanf=36691&charge=3&value=10/52,sp|Q07955|SRSF1_HUMAN,/core/www/modules//consensus/?run_id=110202&search_id=114132&scans_id=110198&peptide_id=28843&scanf=36691&charge=3&value=sp|Q07955|SRSF1_HUMAN,3,/core/www/modules/match_peptides/blast_html4.php?run_id=110202&search_id=114132&scans_id=110198&peptide_id=28843&scanf=36691&charge=3&value=3,R.GGPPFAFVEFEDPR.D,/core/www/modules/show_out/show_out_wrapper.php?run_id=110202&search_id=114132&scans_id=110198&peptide_id=28843&scanf=36691&charge=3&value=R.GGPPFAFVEFEDPR.D,SRSF1,1.254e+7,2.542,0.018,1.736,0.000
36692,2,"  2.732","  0.452",9/30,/core/www/modules//sdig/index.php?run_id=110202&search_id=114132&scans_id=110198&peptide_id=28844&scanf=36692&charge=2&value=9/30,sp|Q15554|TERF2_HUMAN,/core/www/modules//consensus/?run_id=110202&search_id=114132&scans_id=110198&peptide_id=28844&scanf=36692&charge=2&value=sp|Q15554|TERF2_HUMAN,3,/core/www/modules/match_peptides/blast_html4.php?run_id=110202&search_id=114132&scans_id=110198&peptide_id=28844&scanf=36692&charge=2&value=3,K.DLVLPTQALPASPALK.N,/core/www/modules/show_out/show_out_wrapper.php?run_id=110202&search_id=114132&scans_id=110198&peptide_id=28844&scanf=36692&charge=2&value=K.DLVLPTQALPASPALK.N,TERF2,1.834e+6,2.428,0.027,1.569,0.001
36694,2,"  3.062","  0.420",14/24,/core/www/modules//sdig/index.php?run_id=110202&search_id=114132&scans_id=110198&peptide_id=28846&scanf=36694&charge=2&value=14/24,sp|Q9Y5B6|PAXB1_HUMAN,/core/www/modules//consensus/?run_id=110202&search_id=114132&scans_id=110198&peptide_id=28846&scanf=36694&charge=2&value=sp|Q9Y5B6|PAXB1_HUMAN,0,/core/www/modules/match_peptides/blast_html4.php?run_id=110202&search_id=114132&scans_id=110198&peptide_id=28846&scanf=36694&charge=2&value=0,R.TLDDDVFMPLYPK.N,/core/www/modules/show_out/show_out_wrapper.php?run_id=110202&search_id=114132&scans_id=110198&peptide_id=28846&scanf=36694&charge=2&value=R.TLDDDVFMPLYPK.N,PAXBP1,1.752e+6,2.773,0.008,2.074,0.000
36700,3,"  8.146","  0.738",30/124,/core/www/modules//sdig/index.php?run_id=110202&search_id=114132&scans_id=110198&peptide_id=28853&scanf=36700&charge=3&value=30/124,sp|Q96KR1|ZFR_HUMAN,/core/www/modules//consensus/?run_id=110202&search_id=114132&scans_id=110198&peptide_id=28853&scanf=36700&charge=3&value=sp|Q96KR1|ZFR_HUMAN,0,/core/www/modules/match_peptides/blast_html4.php?run_id=110202&search_id=114132&scans_id=110198&peptide_id=28853&scanf=36700&charge=3&value=0,K.QDTVSEPVTPASLAALQSDVQPVGHDYVEEVR.N,/core/www/modules/show_out/show_out_wrapper.php?run_id=110202&search_id=114132&scans_id=110198&peptide_id=28853&scanf=36700&charge=3&value=K.QDTVSEPVTPASLAALQSDVQPVGHDYVEEVR.N,ZFR,3.119e+6,3.563,0.001,3.242,0.000
36701,2,"  2.752","  0.505",10/32,/core/www/modules//sdig/index.php?run_id=110202&search_id=114132&scans_id=110198&peptide_id=28854&scanf=36701&charge=2&value=10/32,sp|Q9Y3B7|RM11_HUMAN,/core/www/modules//consensus/?run_id=110202&search_id=114132&scans_id=110198&peptide_id=28854&scanf=36701&charge=2&value=sp|Q9Y3B7|RM11_HUMAN,1,/core/www/modules/match_peptides/blast_html4.php?run_id=110202&search_id=114132&scans_id=110198&peptide_id=28854&scanf=36701&charge=2&value=1,R.AGLAMPGPPLGPVLGQR.G,/core/www/modules/show_out/show_out_wrapper.php?run_id=110202&search_id=114132&scans_id=110198&peptide_id=28854&scanf=36701&charge=2&value=R.AGLAMPGPPLGPVLGQR.G,MRPL11,2.195e+6,2.561,0.017,1.762,0.000
36705,3,"  3.878","  0.625",21/104,/core/www/modules//sdig/index.php?run_id=110202&search_id=114132&scans_id=110198&peptide_id=28858&scanf=36705&charge=3&value=21/104,sp|P49792|RBP2_HUMAN,/core/www/modules//consensus/?run_id=110202&search_id=114132&scans_id=110198&peptide_id=28858&scanf=36705&charge=3&value=sp|P49792|RBP2_HUMAN,4,/core/www/modules/match_peptides/blast_html4.php?run_id=110202&search_id=114132&scans_id=110198&peptide_id=28858&scanf=36705&charge=3&value=4,K.TMELKPLNVSNNALVWTASDYADGEAK.V,/core/www/modules/show_out/show_out_wrapper.php?run_id=110202&search_id=114132&scans_id=110198&peptide_id=28858&scanf=36705&charge=3&value=K.TMELKPLNVSNNALVWTASDYADGEAK.V,RANBP2,1.033e+6,3.073,0.003,2.516,0.000
36708,2,"  3.110","  0.687",13/22,/core/www/modules//sdig/index.php?run_id=110202&search_id=114132&scans_id=110198&peptide_id=28860&scanf=36708&charge=2&value=13/22,sp|P05388|RLA0_HUMAN,/core/www/modules//consensus/?run_id=110202&search_id=114132&scans_id=110198&peptide_id=28860&scanf=36708&charge=2&value=sp|P05388|RLA0_HUMAN,6,/core/www/modules/match_peptides/blast_html4.php?run_id=110202&search_id=114132&scans_id=110198&peptide_id=28860&scanf=36708&charge=2&value=6,K.TSFFQALGITTK.I,/core/www/modules/show_out/show_out_wrapper.php?run_id=110202&search_id=114132&scans_id=110198&peptide_id=28860&scanf=36708&charge=2&value=K.TSFFQALGITTK.I,RPLP0,1.227e+8,3.855,0.000,3.674,0.000
36718,3,"  2.538","  0.561",18/48,/core/www/modules//sdig/index.php?run_id=110202&search_id=114132&scans_id=110198&peptide_id=28871&scanf=36718&charge=3&value=18/48,sp|O60716|CTND1_HUMAN,/core/www/modules//consensus/?run_id=110202&search_id=114132&scans_id=110198&peptide_id=28871&scanf=36718&charge=3&value=sp|O60716|CTND1_HUMAN,5,/core/www/modules/match_peptides/blast_html4.php?run_id=110202&search_id=114132&scans_id=110198&peptide_id=28871&scanf=36718&charge=3&value=5,K.GIPVLVGLLDHPK.K,/core/www/modules/show_out/show_out_wrapper.php?run_id=110202&search_id=114132&scans_id=110198&peptide_id=28871&scanf=36718&charge=3&value=K.GIPVLVGLLDHPK.K,CTNND1,8.992e+6,3.462,0.001,3.092,0.000
36719,3,"  3.286","  0.608",15/52,/core/www/modules//sdig/index.php?run_id=110202&search_id=114132&scans_id=110198&peptide_id=28872&scanf=36719&charge=3&value=15/52,sp|O00422|SAP18_HUMAN,/core/www/modules//consensus/?run_id=110202&search_id=114132&scans_id=110198&peptide_id=28872&scanf=36719&charge=3&value=sp|O00422|SAP18_HUMAN,2,/core/www/modules/match_peptides/blast_html4.php?run_id=110202&search_id=114132&scans_id=110198&peptide_id=28872&scanf=36719&charge=3&value=2,K.GTHFNFAIVFTDVK.R,/core/www/modules/show_out/show_out_wrapper.php?run_id=110202&search_id=114132&scans_id=110198&peptide_id=28872&scanf=36719&charge=3&value=K.GTHFNFAIVFTDVK.R,SAP18,2.487e+6,3.577,0.001,3.263,0.000
36721,3,"  2.787","  0.402",12/72,/core/www/modules//sdig/index.php?run_id=110202&search_id=114132&scans_id=110198&peptide_id=28875&scanf=36721&charge=3&value=12/72,sp|P54920|SNAA_HUMAN,/core/www/modules//consensus/?run_id=110202&search_id=114132&scans_id=110198&peptide_id=28875&scanf=36721&charge=3&value=sp|P54920|SNAA_HUMAN,3,/core/www/modules/match_peptides/blast_html4.php?run_id=110202&search_id=114132&scans_id=110198&peptide_id=28875&scanf=36721&charge=3&value=3,K.AIDIYEQVGTNAMDSPLLK.Y,/core/www/modules/show_out/show_out_wrapper.php?run_id=110202&search_id=114132&scans_id=110198&peptide_id=28875&scanf=36721&charge=3&value=K.AIDIYEQVGTNAMDSPLLK.Y,NAPA,2.030e+6,2.441,0.026,1.589,0.001
36722,2,"  2.753","  0.383",8/28,/core/www/modules//sdig/index.php?run_id=110202&search_id=114132&scans_id=110198&peptide_id=28876&scanf=36722&charge=2&value=8/28,sp|Q9UJX3|APC7_HUMAN,/core/www/modules//consensus/?run_id=110202&search_id=114132&scans_id=110198&peptide_id=28876&scanf=36722&charge=2&value=sp|Q9UJX3|APC7_HUMAN,0,/core/www/modules/match_peptides/blast_html4.php?run_id=110202&search_id=114132&scans_id=110198&peptide_id=28876&scanf=36722&charge=2&value=0,K.AIQLNSNSVQALLLK.G,/core/www/modules/show_out/show_out_wrapper.php?run_id=110202&search_id=114132&scans_id=110198&peptide_id=28876&scanf=36722&charge=2&value=K.AIQLNSNSVQALLLK.G,ANAPC7,1.252e+6,2.218,0.054,1.270,0.002
36723,3,"  3.991","  0.620",16/124,/core/www/modules//sdig/index.php?run_id=110202&search_id=114132&scans_id=110198&peptide_id=28877&scanf=36723&charge=3&value=16/124,sp|Q9NQC1|JADE2_HUMAN,/core/www/modules//consensus/?run_id=110202&search_id=114132&scans_id=110198&peptide_id=28877&scanf=36723&charge=3&value=sp|Q9NQC1|JADE2_HUMAN,6,/core/www/modules/match_peptides/blast_html4.php?run_id=110202&search_id=114132&scans_id=110198&peptide_id=28877&scanf=36723&charge=3&value=6,R.ILPPLEGPPAQASPSSTMLGEGSQPDWPGGSR.Y,/core/www/modules/show_out/show_out_wrapper.php?run_id=110202&search_id=114132&scans_id=110198&peptide_id=28877&scanf=36723&charge=3&value=R.ILPPLEGPPAQASPSSTMLGEGSQPDWPGGSR.Y,JADE2,1.062e+6,2.547,0.018,1.743,0.000
36726,2,"  5.921","  0.758",23/40,/core/www/modules//sdig/index.php?run_id=110202&search_id=114132&scans_id=110198&peptide_id=28880&scanf=36726&charge=2&value=23/40,sp|P60709|ACTB_HUMAN,/core/www/modules//consensus/?run_id=110202&search_id=114132&scans_id=110198&peptide_id=28880&scanf=36726&charge=2&value=sp|P60709|ACTB_HUMAN,6,/core/www/modules/match_peptides/blast_html4.php?run_id=110202&search_id=114132&scans_id=110198&peptide_id=28880&scanf=36726&charge=2&value=6,K.DLYANTVLSGGTTMYPGIADR.M,/core/www/modules/show_out/show_out_wrapper.php?run_id=110202&search_id=114132&scans_id=110198&peptide_id=28880&scanf=36726&charge=2&value=K.DLYANTVLSGGTTMYPGIADR.M,ACTB,1.896e+6,4.454,0.000,4.562,0.000
36730,2,"  2.377","  0.412",10/16,/core/www/modules//sdig/index.php?run_id=110202&search_id=114132&scans_id=110198&peptide_id=28884&scanf=36730&charge=2&value=10/16,sp|Q13206|DDX10_HUMAN,/core/www/modules//consensus/?run_id=110202&search_id=114132&scans_id=110198&peptide_id=28884&scanf=36730&charge=2&value=sp|Q13206|DDX10_HUMAN,7,/core/www/modules/match_peptides/blast_html4.php?run_id=110202&search_id=114132&scans_id=110198&peptide_id=28884&scanf=36730&charge=2&value=7,K.ISVLYSFLR.S,/core/www/modules/show_out/show_out_wrapper.php?run_id=110202&search_id=114132&scans_id=110198&peptide_id=28884&scanf=36730&charge=2&value=K.ISVLYSFLR.S,DDX10,2.545e+7,2.779,0.008,2.083,0.000
36733,4,"  2.967","  0.463",19/108,/core/www/modules//sdig/index.php?run_id=110202&search_id=114132&scans_id=110198&peptide_id=28887&scanf=36733&charge=4&value=19/108,sp|O75569|PRKRA_HUMAN,/core/www/modules//consensus/?run_id=110202&search_id=114132&scans_id=110198&peptide_id=28887&scanf=36733&charge=4&value=sp|O75569|PRKRA_HUMAN,5,/core/www/modules/match_peptides/blast_html4.php?run_id=110202&search_id=114132&scans_id=110198&peptide_id=28887&scanf=36733&charge=4&value=5,K.NQLNPIGSLQELAIHHGWR.L,/core/www/modules/show_out/show_out_wrapper.php?run_id=110202&search_id=114132&scans_id=110198&peptide_id=28887&scanf=36733&charge=4&value=K.NQLNPIGSLQELAIHHGWR.L,PRKRA,4.083e+6,3.157,0.002,2.641,0.000
36736,2,"  3.065","  0.508",14/26,/core/www/modules//sdig/index.php?run_id=110202&search_id=114132&scans_id=110198&peptide_id=28890&scanf=36736&charge=2&value=14/26,sp|O14579|COPE_HUMAN,/core/www/modules//consensus/?run_id=110202&search_id=114132&scans_id=110198&peptide_id=28890&scanf=36736&charge=2&value=sp|O14579|COPE_HUMAN,1,/core/www/modules/match_peptides/blast_html4.php?run_id=110202&search_id=114132&scans_id=110198&peptide_id=28890&scanf=36736&charge=2&value=1,R.WEAAEGLLQEALDK.D,/core/www/modules/show_out/show_out_wrapper.php?run_id=110202&search_id=114132&scans_id=110198&peptide_id=28890&scanf=36736&charge=2&value=R.WEAAEGLLQEALDK.D,COPE,1.806e+6,3.074,0.003,2.517,0.000
36738,3,"  4.694","  0.607",19/76,/core/www/modules//sdig/index.php?run_id=110202&search_id=114132&scans_id=110198&peptide_id=28892&scanf=36738&charge=3&value=19/76,sp|Q68E01|INT3_HUMAN,/core/www/modules//consensus/?run_id=110202&search_id=114132&scans_id=110198&peptide_id=28892&scanf=36738&charge=3&value=sp|Q68E01|INT3_HUMAN,0,/core/www/modules/match_peptides/blast_html4.php?run_id=110202&search_id=114132&scans_id=110198&peptide_id=28892&scanf=36738&charge=3&value=0,K.FSDLFSLAEEYEDSSTKPPK.S,/core/www/modules/show_out/show_out_wrapper.php?run_id=110202&search_id=114132&scans_id=110198&peptide_id=28892&scanf=36738&charge=3&value=K.FSDLFSLAEEYEDSSTKPPK.S,INTS3,2.212e+6,3.226,0.002,2.743,0.000
36741,2,"  2.570","  0.257",12/22,/core/www/modules//sdig/index.php?run_id=110202&search_id=114132&scans_id=110198&peptide_id=28896&scanf=36741&charge=2&value=12/22,sp|P62805|H4_HUMAN,/core/www/modules//consensus/?run_id=110202&search_id=114132&scans_id=110198&peptide_id=28896&scanf=36741&charge=2&value=sp|P62805|H4_HUMAN,0,/core/www/modules/match_peptides/blast_html4.php?run_id=110202&search_id=114132&scans_id=110198&peptide_id=28896&scanf=36741&charge=2&value=0,K.TVTAMDVVYALK.R,/core/www/modules/show_out/show_out_wrapper.php?run_id=110202&search_id=114132&scans_id=110198&peptide_id=28896&scanf=36741&charge=2&value=K.TVTAMDVVYALK.R,H4C16,1.413e+9,2.401,0.029,1.531,0.001
36744,2,"  1.838","  0.468",9/20,/core/www/modules//sdig/index.php?run_id=110202&search_id=114132&scans_id=110198&peptide_id=28899&scanf=36744&charge=2&value=9/20,sp|Q9BQG0|MBB1A_HUMAN,/core/www/modules//consensus/?run_id=110202&search_id=114132&scans_id=110198&peptide_id=28899&scanf=36744&charge=2&value=sp|Q9BQG0|MBB1A_HUMAN,1,/core/www/modules/match_peptides/blast_html4.php?run_id=110202&search_id=114132&scans_id=110198&peptide_id=28899&scanf=36744&charge=2&value=1,R.LLGAALPLLTK.E,/core/www/modules/show_out/show_out_wrapper.php?run_id=110202&search_id=114132&scans_id=110198&peptide_id=28899&scanf=36744&charge=2&value=R.LLGAALPLLTK.E,MYBBP1A,7.709e+7,2.982,0.004,2.381,0.000
36745,3,"  2.639","  0.380",15/56,/core/www/modules//sdig/index.php?run_id=110202&search_id=114132&scans_id=110198&peptide_id=28900&scanf=36745&charge=3&value=15/56,sp|P62495|ERF1_HUMAN,/core/www/modules//consensus/?run_id=110202&search_id=114132&scans_id=110198&peptide_id=28900&scanf=36745&charge=3&value=sp|P62495|ERF1_HUMAN,2,/core/www/modules/match_peptides/blast_html4.php?run_id=110202&search_id=114132&scans_id=110198&peptide_id=28900&scanf=36745&charge=3&value=2,K.VNVAGLVLAGSADFK.T,/core/www/modules/show_out/show_out_wrapper.php?run_id=110202&search_id=114132&scans_id=110198&peptide_id=28900&scanf=36745&charge=3&value=K.VNVAGLVLAGSADFK.T,ETF1,2.107e+6,2.621,0.014,1.851,0.000
36754,2,"  1.909","  0.352",9/14,/core/www/modules//sdig/index.php?run_id=110202&search_id=114132&scans_id=110198&peptide_id=28909&scanf=36754&charge=2&value=9/14,sp|P62805|H4_HUMAN,/core/www/modules//consensus/?run_id=110202&search_id=114132&scans_id=110198&peptide_id=28909&scanf=36754&charge=2&value=sp|P62805|H4_HUMAN,0,/core/www/modules/match_peptides/blast_html4.php?run_id=110202&search_id=114132&scans_id=110198&peptide_id=28909&scanf=36754&charge=2&value=0,K.VFLENVIR.D,/core/www/modules/show_out/show_out_wrapper.php?run_id=110202&search_id=114132&scans_id=110198&peptide_id=28909&scanf=36754&charge=2&value=K.VFLENVIR.D,H4C16,2.505e+6,2.962,0.004,2.352,0.000
36755,2,"  4.274","  0.589",15/30,/core/www/modules//sdig/index.php?run_id=110202&search_id=114132&scans_id=110198&peptide_id=28910&scanf=36755&charge=2&value=15/30,sp|Q8NFV4|ABHDB_HUMAN,/core/www/modules//consensus/?run_id=110202&search_id=114132&scans_id=110198&peptide_id=28910&scanf=36755&charge=2&value=sp|Q8NFV4|ABHDB_HUMAN,0,/core/www/modules/match_peptides/blast_html4.php?run_id=110202&search_id=114132&scans_id=110198&peptide_id=28910&scanf=36755&charge=2&value=0,K.LADEQLSSVIQDMAVR.Q,/core/www/modules/show_out/show_out_wrapper.php?run_id=110202&search_id=114132&scans_id=110198&peptide_id=28910&scanf=36755&charge=2&value=K.LADEQLSSVIQDMAVR.Q,ABHD11,1.159e+6,3.077,0.003,2.522,0.000
36758,3,"  3.064","  0.371",11/80,/core/www/modules//sdig/index.php?run_id=110202&search_id=114132&scans_id=110198&peptide_id=28913&scanf=36758&charge=3&value=11/80,sp|Q6DD88|ATLA3_HUMAN,/core/www/modules//consensus/?run_id=110202&search_id=114132&scans_id=110198&peptide_id=28913&scanf=36758&charge=3&value=sp|Q6DD88|ATLA3_HUMAN,2,/core/www/modules/match_peptides/blast_html4.php?run_id=110202&search_id=114132&scans_id=110198&peptide_id=28913&scanf=36758&charge=3&value=2,K.ESGHSNWLGDPEEPLTGFSWR.G,/core/www/modules/show_out/show_out_wrapper.php?run_id=110202&search_id=114132&scans_id=110198&peptide_id=28913&scanf=36758&charge=3&value=K.ESGHSNWLGDPEEPLTGFSWR.G,ATL3,1.029e+6,2.224,0.053,1.279,0.002
36759,3,"  2.317","  0.297",9/60,/core/www/modules//sdig/index.php?run_id=110202&search_id=114132&scans_id=110198&peptide_id=28914&scanf=36759&charge=3&value=9/60,sp|Q6P2Q9|PRP8_HUMAN,/core/www/modules//consensus/?run_id=110202&search_id=114132&scans_id=110198&peptide_id=28914&scanf=36759&charge=3&value=sp|Q6P2Q9|PRP8_HUMAN,1,/core/www/modules/match_peptides/blast_html4.php?run_id=110202&search_id=114132&scans_id=110198&peptide_id=28914&scanf=36759&charge=3&value=1,K.ITDAYLDQYLWYEADK.R,/core/www/modules/show_out/show_out_wrapper.php?run_id=110202&search_id=114132&scans_id=110198&peptide_id=28914&scanf=36759&charge=3&value=K.ITDAYLDQYLWYEADK.R,PRPF8,1.227e+6,2.337,0.036,1.439,0.001
36761,2,"  2.700","  0.489",10/16,/core/www/modules//sdig/index.php?run_id=110202&search_id=114132&scans_id=110198&peptide_id=28917&scanf=36761&charge=2&value=10/16,sp|Q02880|TOP2B_HUMAN,/core/www/modules//consensus/?run_id=110202&search_id=114132&scans_id=110198&peptide_id=28917&scanf=36761&charge=2&value=sp|Q02880|TOP2B_HUMAN,3,/core/www/modules/match_peptides/blast_html4.php?run_id=110202&search_id=114132&scans_id=110198&peptide_id=28917&scanf=36761&charge=2&value=3,K.DLIQMLVQR.G,/core/www/modules/show_out/show_out_wrapper.php?run_id=110202&search_id=114132&scans_id=110198&peptide_id=28917&scanf=36761&charge=2&value=K.DLIQMLVQR.G,TOP2B,2.257e+7,3.400,0.001,3.000,0.000
36765,3,"  3.893","  0.599",11/64,/core/www/modules//sdig/index.php?run_id=110202&search_id=114132&scans_id=110198&peptide_id=28921&scanf=36765&charge=3&value=11/64,sp|P11182|ODB2_HUMAN,/core/www/modules//consensus/?run_id=110202&search_id=114132&scans_id=110198&peptide_id=28921&scanf=36765&charge=3&value=sp|P11182|ODB2_HUMAN,3,/core/www/modules/match_peptides/blast_html4.php?run_id=110202&search_id=114132&scans_id=110198&peptide_id=28921&scanf=36765&charge=3&value=3,K.DMTVPILVSKPPVFTGK.D,/core/www/modules/show_out/show_out_wrapper.php?run_id=110202&search_id=114132&scans_id=110198&peptide_id=28921&scanf=36765&charge=3&value=K.DMTVPILVSKPPVFTGK.D,DBT,2.079e+6,3.146,0.002,2.623,0.000
36766,2,"  2.443","  0.383",11/16,/core/www/modules//sdig/index.php?run_id=110202&search_id=114132&scans_id=110198&peptide_id=28922&scanf=36766&charge=2&value=11/16,sp|P54577|SYYC_HUMAN,/core/www/modules//consensus/?run_id=110202&search_id=114132&scans_id=110198&peptide_id=28922&scanf=36766&charge=2&value=sp|P54577|SYYC_HUMAN,5,/core/www/modules/match_peptides/blast_html4.php?run_id=110202&search_id=114132&scans_id=110198&peptide_id=28922&scanf=36766&charge=2&value=5,K.APWELLELR.V,/core/www/modules/show_out/show_out_wrapper.php?run_id=110202&search_id=114132&scans_id=110198&peptide_id=28922&scanf=36766&charge=2&value=K.APWELLELR.V,YARS1,5.396e+6,2.979,0.004,2.377,0.000
36774,3,"  3.597","  0.511",9/64,/core/www/modules//sdig/index.php?run_id=110202&search_id=114132&scans_id=110198&peptide_id=28929&scanf=36774&charge=3&value=9/64,sp|P11182|ODB2_HUMAN,/core/www/modules//consensus/?run_id=110202&search_id=114132&scans_id=110198&peptide_id=28929&scanf=36774&charge=3&value=sp|P11182|ODB2_HUMAN,3,/core/www/modules/match_peptides/blast_html4.php?run_id=110202&search_id=114132&scans_id=110198&peptide_id=28929&scanf=36774&charge=3&value=3,K.DMTVPILVSKPPVFTGK.D,/core/www/modules/show_out/show_out_wrapper.php?run_id=110202&search_id=114132&scans_id=110198&peptide_id=28929&scanf=36774&charge=3&value=K.DMTVPILVSKPPVFTGK.D,DBT,2.079e+6,2.792,0.008,2.102,0.000
36776,3,"  4.662","  0.544",20/88,/core/www/modules//sdig/index.php?run_id=110202&search_id=114132&scans_id=110198&peptide_id=28931&scanf=36776&charge=3&value=20/88,sp|O43396|TXNL1_HUMAN,/core/www/modules//consensus/?run_id=110202&search_id=114132&scans_id=110198&peptide_id=28931&scanf=36776&charge=3&value=sp|O43396|TXNL1_HUMAN,1,/core/www/modules/match_peptides/blast_html4.php?run_id=110202&search_id=114132&scans_id=110198&peptide_id=28931&scanf=36776&charge=3&value=1,R.SEPTQALELTEDDIKEDGIVPLR.Y,/core/www/modules/show_out/show_out_wrapper.php?run_id=110202&search_id=114132&scans_id=110198&peptide_id=28931&scanf=36776&charge=3&value=R.SEPTQALELTEDDIKEDGIVPLR.Y,TXNL1,4.028e+6,2.632,0.014,1.866,0.000
36782,2,"  3.548","  0.611",15/30,/core/www/modules//sdig/index.php?run_id=110202&search_id=114132&scans_id=110198&peptide_id=28938&scanf=36782&charge=2&value=15/30,sp|Q96EP5|DAZP1_HUMAN,/core/www/modules//consensus/?run_id=110202&search_id=114132&scans_id=110198&peptide_id=28938&scanf=36782&charge=2&value=sp|Q96EP5|DAZP1_HUMAN,3,/core/www/modules/match_peptides/blast_html4.php?run_id=110202&search_id=114132&scans_id=110198&peptide_id=28938&scanf=36782&charge=2&value=3,K.LFVGGLDWSTTQETLR.S,/core/www/modules/show_out/show_out_wrapper.php?run_id=110202&search_id=114132&scans_id=110198&peptide_id=28938&scanf=36782&charge=2&value=K.LFVGGLDWSTTQETLR.S,DAZAP1,1.808e+6,3.278,0.002,2.819,0.000
36783,3,"  3.394","  0.430",12/40,/core/www/modules//sdig/index.php?run_id=110202&search_id=114132&scans_id=110198&peptide_id=28939&scanf=36783&charge=3&value=12/40,sp|O43707|ACTN4_HUMAN,/core/www/modules//consensus/?run_id=110202&search_id=114132&scans_id=110198&peptide_id=28939&scanf=36783&charge=3&value=sp|O43707|ACTN4_HUMAN,18,/core/www/modules/match_peptides/blast_html4.php?run_id=110202&search_id=114132&scans_id=110198&peptide_id=28939&scanf=36783&charge=3&value=18,K.GYEEWLLNEIR.R,/core/www/modules/show_out/show_out_wrapper.php?run_id=110202&search_id=114132&scans_id=110198&peptide_id=28939&scanf=36783&charge=3&value=K.GYEEWLLNEIR.R,ACTN4,1.482e+7,3.394,0.001,2.990,0.000
36787,2,"  2.784","  0.559",10/18,/core/www/modules//sdig/index.php?run_id=110202&search_id=114132&scans_id=110198&peptide_id=28943&scanf=36787&charge=2&value=10/18,sp|P42695|CNDD3_HUMAN,/core/www/modules//consensus/?run_id=110202&search_id=114132&scans_id=110198&peptide_id=28943&scanf=36787&charge=2&value=sp|P42695|CNDD3_HUMAN,4,/core/www/modules/match_peptides/blast_html4.php?run_id=110202&search_id=114132&scans_id=110198&peptide_id=28943&scanf=36787&charge=2&value=4,K.FLVQEIMFDR.C,/core/www/modules/show_out/show_out_wrapper.php?run_id=110202&search_id=114132&scans_id=110198&peptide_id=28943&scanf=36787&charge=2&value=K.FLVQEIMFDR.C,NCAPD3,5.317e+6,3.345,0.001,2.919,0.000
36795,2,"  4.430","  0.674",17/34,/core/www/modules//sdig/index.php?run_id=110202&search_id=114132&scans_id=110198&peptide_id=28951&scanf=36795&charge=2&value=17/34,sp|Q13263|TIF1B_HUMAN,/core/www/modules//consensus/?run_id=110202&search_id=114132&scans_id=110198&peptide_id=28951&scanf=36795&charge=2&value=sp|Q13263|TIF1B_HUMAN,0,/core/www/modules/match_peptides/blast_html4.php?run_id=110202&search_id=114132&scans_id=110198&peptide_id=28951&scanf=36795&charge=2&value=0,R.FASWALESDNNTALLLSK.K,/core/www/modules/show_out/show_out_wrapper.php?run_id=110202&search_id=114132&scans_id=110198&peptide_id=28951&scanf=36795&charge=2&value=R.FASWALESDNNTALLLSK.K,TRIM28,6.030e+6,3.517,0.001,3.173,0.000
36797,3,"  1.879","  0.223",12/48,/core/www/modules//sdig/index.php?run_id=110202&search_id=114132&scans_id=110198&peptide_id=28953&scanf=36797&charge=3&value=12/48,sp|P82673|RT35_HUMAN,/core/www/modules//consensus/?run_id=110202&search_id=114132&scans_id=110198&peptide_id=28953&scanf=36797&charge=3&value=sp|P82673|RT35_HUMAN,1,/core/www/modules/match_peptides/blast_html4.php?run_id=110202&search_id=114132&scans_id=110198&peptide_id=28953&scanf=36797&charge=3&value=1,K.IPNFLHLTPVAIK.K,/core/www/modules/show_out/show_out_wrapper.php?run_id=110202&search_id=114132&scans_id=110198&peptide_id=28953&scanf=36797&charge=3&value=K.IPNFLHLTPVAIK.K,MRPS35,4.746e+6,2.141,0.069,1.163,0.002
36798,3,"  3.923","  0.658",13/64,/core/www/modules//sdig/index.php?run_id=110202&search_id=114132&scans_id=110198&peptide_id=28954&scanf=36798&charge=3&value=13/64,sp|P11388|TOP2A_HUMAN,/core/www/modules//consensus/?run_id=110202&search_id=114132&scans_id=110198&peptide_id=28954&scanf=36798&charge=3&value=sp|P11388|TOP2A_HUMAN,0,/core/www/modules/match_peptides/blast_html4.php?run_id=110202&search_id=114132&scans_id=110198&peptide_id=28954&scanf=36798&charge=3&value=0,K.NKQEMAFYSLPEFEEWK.S,/core/www/modules/show_out/show_out_wrapper.php?run_id=110202&search_id=114132&scans_id=110198&peptide_id=28954&scanf=36798&charge=3&value=K.NKQEMAFYSLPEFEEWK.S,TOP2A,1.909e+6,3.372,0.001,2.959,0.000
36802,2,"  3.456","  0.293",15/26,/core/www/modules//sdig/index.php?run_id=110202&search_id=114132&scans_id=110198&peptide_id=28959&scanf=36802&charge=2&value=15/26,sp|P18124|RL7_HUMAN,/core/www/modules//consensus/?run_id=110202&search_id=114132&scans_id=110198&peptide_id=28959&scanf=36802&charge=2&value=sp|P18124|RL7_HUMAN,1,/core/www/modules/match_peptides/blast_html4.php?run_id=110202&search_id=114132&scans_id=110198&peptide_id=28959&scanf=36802&charge=2&value=1,R.IVEPYIAWGYPNLK.S,/core/www/modules/show_out/show_out_wrapper.php?run_id=110202&search_id=114132&scans_id=110198&peptide_id=28959&scanf=36802&charge=2&value=R.IVEPYIAWGYPNLK.S,RPL7,4.268e+7,2.457,0.024,1.612,0.001
36806,3,"  3.332","  0.463",15/64,/core/www/modules//sdig/index.php?run_id=110202&search_id=114132&scans_id=110198&peptide_id=28963&scanf=36806&charge=3&value=15/64,sp|Q6NZY4|ZCHC8_HUMAN,/core/www/modules//consensus/?run_id=110202&search_id=114132&scans_id=110198&peptide_id=28963&scanf=36806&charge=3&value=sp|Q6NZY4|ZCHC8_HUMAN,2,/core/www/modules/match_peptides/blast_html4.php?run_id=110202&search_id=114132&scans_id=110198&peptide_id=28963&scanf=36806&charge=3&value=2,K.DVFANYLTSNFQAPGVK.S,/core/www/modules/show_out/show_out_wrapper.php?run_id=110202&search_id=114132&scans_id=110198&peptide_id=28963&scanf=36806&charge=3&value=K.DVFANYLTSNFQAPGVK.S,ZCCHC8,4.022e+6,2.867,0.006,2.212,0.000
36807,3,"  6.202","  0.766",29/96,/core/www/modules//sdig/index.php?run_id=110202&search_id=114132&scans_id=110198&peptide_id=28964&scanf=36807&charge=3&value=29/96,sp|P46940|IQGA1_HUMAN,/core/www/modules//consensus/?run_id=110202&search_id=114132&scans_id=110198&peptide_id=28964&scanf=36807&charge=3&value=sp|P46940|IQGA1_HUMAN,1,/core/www/modules/match_peptides/blast_html4.php?run_id=110202&search_id=114132&scans_id=110198&peptide_id=28964&scanf=36807&charge=3&value=1,R.FQPGETLTEILETPATSEQEAEHQR.A,/core/www/modules/show_out/show_out_wrapper.php?run_id=110202&search_id=114132&scans_id=110198&peptide_id=28964&scanf=36807&charge=3&value=R.FQPGETLTEILETPATSEQEAEHQR.A,IQGAP1,2.586e+6,3.900,0.000,3.742,0.000
36809,3,"  4.824","  0.473",15/92,/core/www/modules//sdig/index.php?run_id=110202&search_id=114132&scans_id=110198&peptide_id=28966&scanf=36809&charge=3&value=15/92,sp|Q9Y2R4|DDX52_HUMAN,/core/www/modules//consensus/?run_id=110202&search_id=114132&scans_id=110198&peptide_id=28966&scanf=36809&charge=3&value=sp|Q9Y2R4|DDX52_HUMAN,0,/core/www/modules/match_peptides/blast_html4.php?run_id=110202&search_id=114132&scans_id=110198&peptide_id=28966&scanf=36809&charge=3&value=0,K.TMTSEIASQEEGATIQWMSSVEAK.I,/core/www/modules/show_out/show_out_wrapper.php?run_id=110202&search_id=114132&scans_id=110198&peptide_id=28966&scanf=36809&charge=3&value=K.TMTSEIASQEEGATIQWMSSVEAK.I,DDX52,1.526e+6,2.647,0.013,1.889,0.000
36813,3,"  4.080","  0.530",13/72,/core/www/modules//sdig/index.php?run_id=110202&search_id=114132&scans_id=110198&peptide_id=28970&scanf=36813&charge=3&value=13/72,sp|Q6NZY4|ZCHC8_HUMAN,/core/www/modules//consensus/?run_id=110202&search_id=114132&scans_id=110198&peptide_id=28970&scanf=36813&charge=3&value=sp|Q6NZY4|ZCHC8_HUMAN,2,/core/www/modules/match_peptides/blast_html4.php?run_id=110202&search_id=114132&scans_id=110198&peptide_id=28970&scanf=36813&charge=3&value=2,R.FKPGVISEELQDALGVTDK.S,/core/www/modules/show_out/show_out_wrapper.php?run_id=110202&search_id=114132&scans_id=110198&peptide_id=28970&scanf=36813&charge=3&value=R.FKPGVISEELQDALGVTDK.S,ZCCHC8,6.664e+6,2.950,0.005,2.335,0.000
36818,3,"  5.041","  0.294",18/68,/core/www/modules//sdig/index.php?run_id=110202&search_id=114132&scans_id=110198&peptide_id=28975&scanf=36818&charge=3&value=18/68,sp|P54619|AAKG1_HUMAN,/core/www/modules//consensus/?run_id=110202&search_id=114132&scans_id=110198&peptide_id=28975&scanf=36818&charge=3&value=sp|P54619|AAKG1_HUMAN,3,/core/www/modules/match_peptides/blast_html4.php?run_id=110202&search_id=114132&scans_id=110198&peptide_id=28975&scanf=36818&charge=3&value=3,R.LPVIDPESGNTLYILTHK.R,/core/www/modules/show_out/show_out_wrapper.php?run_id=110202&search_id=114132&scans_id=110198&peptide_id=28975&scanf=36818&charge=3&value=R.LPVIDPESGNTLYILTHK.R,PRKAG1,1.717e+6,2.283,0.043,1.363,0.001
36819,3,"  4.332","  0.398",13/96,/core/www/modules//sdig/index.php?run_id=110202&search_id=114132&scans_id=110198&peptide_id=28976&scanf=36819&charge=3&value=13/96,sp|Q5T653|RM02_HUMAN,/core/www/modules//consensus/?run_id=110202&search_id=114132&scans_id=110198&peptide_id=28976&scanf=36819&charge=3&value=sp|Q5T653|RM02_HUMAN,2,/core/www/modules/match_peptides/blast_html4.php?run_id=110202&search_id=114132&scans_id=110198&peptide_id=28976&scanf=36819&charge=3&value=2,R.EGDAHPLGALPVGTLINNVESEPGR.G,/core/www/modules/show_out/show_out_wrapper.php?run_id=110202&search_id=114132&scans_id=110198&peptide_id=28976&scanf=36819&charge=3&value=R.EGDAHPLGALPVGTLINNVESEPGR.G,MRPL2,7.384e+5,1.985,0.112,0.953,0.005
36820,3,"  3.642","  0.522",13/76,/core/www/modules//sdig/index.php?run_id=110202&search_id=114132&scans_id=110198&peptide_id=28978&scanf=36820&charge=3&value=13/76,sp|P47897|SYQ_HUMAN,/core/www/modules//consensus/?run_id=110202&search_id=114132&scans_id=110198&peptide_id=28978&scanf=36820&charge=3&value=sp|P47897|SYQ_HUMAN,6,/core/www/modules/match_peptides/blast_html4.php?run_id=110202&search_id=114132&scans_id=110198&peptide_id=28978&scanf=36820&charge=3&value=6,K.DVVENGETADQTLSLMEQLR.G,/core/www/modules/show_out/show_out_wrapper.php?run_id=110202&search_id=114132&scans_id=110198&peptide_id=28978&scanf=36820&charge=3&value=K.DVVENGETADQTLSLMEQLR.G,QARS1,2.455e+6,2.782,0.008,2.086,0.000
36823,2,"  3.586","  0.638",16/30,/core/www/modules//sdig/index.php?run_id=110202&search_id=114132&scans_id=110198&peptide_id=28981&scanf=36823&charge=2&value=16/30,sp|Q9Y4W2|LAS1L_HUMAN,/core/www/modules//consensus/?run_id=110202&search_id=114132&scans_id=110198&peptide_id=28981&scanf=36823&charge=2&value=sp|Q9Y4W2|LAS1L_HUMAN,6,/core/www/modules/match_peptides/blast_html4.php?run_id=110202&search_id=114132&scans_id=110198&peptide_id=28981&scanf=36823&charge=2&value=6,R.ELLVSYEEEQFTVLEK.F,/core/www/modules/show_out/show_out_wrapper.php?run_id=110202&search_id=114132&scans_id=110198&peptide_id=28981&scanf=36823&charge=2&value=R.ELLVSYEEEQFTVLEK.F,LAS1L,2.210e+6,3.396,0.001,2.994,0.000
36842,3,"  6.822","  0.634",25/96,/core/www/modules//sdig/index.php?run_id=110202&search_id=114132&scans_id=110198&peptide_id=29001&scanf=36842&charge=3&value=25/96,sp|P02545|LMNA_HUMAN,/core/www/modules//consensus/?run_id=110202&search_id=114132&scans_id=110198&peptide_id=29001&scanf=36842&charge=3&value=sp|P02545|LMNA_HUMAN,3,/core/www/modules/match_peptides/blast_html4.php?run_id=110202&search_id=114132&scans_id=110198&peptide_id=29001&scanf=36842&charge=3&value=3,K.AGQVVTIWAAGAGATHSPPTDLVWK.A,/core/www/modules/show_out/show_out_wrapper.php?run_id=110202&search_id=114132&scans_id=110198&peptide_id=29001&scanf=36842&charge=3&value=K.AGQVVTIWAAGAGATHSPPTDLVWK.A,LMNA,2.647e+7,3.507,0.001,3.159,0.000
36843,3,"  2.357","  0.439",10/60,/core/www/modules//sdig/index.php?run_id=110202&search_id=114132&scans_id=110198&peptide_id=29002&scanf=36843&charge=3&value=10/60,sp|Q9NQV6|PRD10_HUMAN,/core/www/modules//consensus/?run_id=110202&search_id=114132&scans_id=110198&peptide_id=29002&scanf=36843&charge=3&value=sp|Q9NQV6|PRD10_HUMAN,1,/core/www/modules/match_peptides/blast_html4.php?run_id=110202&search_id=114132&scans_id=110198&peptide_id=29002&scanf=36843&charge=3&value=1,K.IEEVPELTLPIIKPNR.D,/core/www/modules/show_out/show_out_wrapper.php?run_id=110202&search_id=114132&scans_id=110198&peptide_id=29002&scanf=36843&charge=3&value=K.IEEVPELTLPIIKPNR.D,PRDM10,2.364e+6,2.542,0.018,1.735,0.000
36845,3,"  3.397","  0.514",16/64,/core/www/modules//sdig/index.php?run_id=110202&search_id=114132&scans_id=110198&peptide_id=29004&scanf=36845&charge=3&value=16/64,sp|Q9Y3B7|RM11_HUMAN,/core/www/modules//consensus/?run_id=110202&search_id=114132&scans_id=110198&peptide_id=29004&scanf=36845&charge=3&value=sp|Q9Y3B7|RM11_HUMAN,1,/core/www/modules/match_peptides/blast_html4.php?run_id=110202&search_id=114132&scans_id=110198&peptide_id=29004&scanf=36845&charge=3&value=1,R.AGLAMPGPPLGPVLGQR.G,/core/www/modules/show_out/show_out_wrapper.php?run_id=110202&search_id=114132&scans_id=110198&peptide_id=29004&scanf=36845&charge=3&value=R.AGLAMPGPPLGPVLGQR.G,MRPL11,1.271e+6,3.006,0.004,2.417,0.000
36847,3,"  3.747","  0.530",18/60,/core/www/modules//sdig/index.php?run_id=110202&search_id=114132&scans_id=110198&peptide_id=29006&scanf=36847&charge=3&value=18/60,sp|O60292|SI1L3_HUMAN,/core/www/modules//consensus/?run_id=110202&search_id=114132&scans_id=110198&peptide_id=29006&scanf=36847&charge=3&value=sp|O60292|SI1L3_HUMAN,0,/core/www/modules/match_peptides/blast_html4.php?run_id=110202&search_id=114132&scans_id=110198&peptide_id=29006&scanf=36847&charge=3&value=0,K.VAVVTLTHDQMIDLLR.T,/core/www/modules/show_out/show_out_wrapper.php?run_id=110202&search_id=114132&scans_id=110198&peptide_id=29006&scanf=36847&charge=3&value=K.VAVVTLTHDQMIDLLR.T,SIPA1L3,1.282e+6,3.155,0.002,2.637,0.000
36848,3,"  3.098","  0.319",10/76,/core/www/modules//sdig/index.php?run_id=110202&search_id=114132&scans_id=110198&peptide_id=29007&scanf=36848&charge=3&value=10/76,sp|P47897|SYQ_HUMAN,/core/www/modules//consensus/?run_id=110202&search_id=114132&scans_id=110198&peptide_id=29007&scanf=36848&charge=3&value=sp|P47897|SYQ_HUMAN,6,/core/www/modules/match_peptides/blast_html4.php?run_id=110202&search_id=114132&scans_id=110198&peptide_id=29007&scanf=36848&charge=3&value=6,K.DVVENGETADQTLSLMEQLR.G,/core/www/modules/show_out/show_out_wrapper.php?run_id=110202&search_id=114132&scans_id=110198&peptide_id=29007&scanf=36848&charge=3&value=K.DVVENGETADQTLSLMEQLR.G,QARS1,2.455e+6,2.036,0.095,1.021,0.005
36850,3,"  2.428","  0.286",11/60,/core/www/modules//sdig/index.php?run_id=110202&search_id=114132&scans_id=110198&peptide_id=29010&scanf=36850&charge=3&value=11/60,sp|P09382|LEG1_HUMAN,/core/www/modules//consensus/?run_id=110202&search_id=114132&scans_id=110198&peptide_id=29010&scanf=36850&charge=3&value=sp|P09382|LEG1_HUMAN,0,/core/www/modules/match_peptides/blast_html4.php?run_id=110202&search_id=114132&scans_id=110198&peptide_id=29010&scanf=36850&charge=3&value=0,R.LNLEAINYMAADGDFK.I,/core/www/modules/show_out/show_out_wrapper.php?run_id=110202&search_id=114132&scans_id=110198&peptide_id=29010&scanf=36850&charge=3&value=R.LNLEAINYMAADGDFK.I,LGALS1,3.196e+7,2.191,0.058,1.233,0.002
36857,3,"  2.788","  0.426",15/48,/core/www/modules//sdig/index.php?run_id=110202&search_id=114132&scans_id=110198&peptide_id=29016&scanf=36857&charge=3&value=15/48,sp|Q15554|TERF2_HUMAN,/core/www/modules//consensus/?run_id=110202&search_id=114132&scans_id=110198&peptide_id=29016&scanf=36857&charge=3&value=sp|Q15554|TERF2_HUMAN,0,/core/www/modules/match_peptides/blast_html4.php?run_id=110202&search_id=114132&scans_id=110198&peptide_id=29016&scanf=36857&charge=3&value=0,R.DIMQALLVRPLGK.E,/core/www/modules/show_out/show_out_wrapper.php?run_id=110202&search_id=114132&scans_id=110198&peptide_id=29016&scanf=36857&charge=3&value=R.DIMQALLVRPLGK.E,TERF2,2.801e+6,2.882,0.006,2.234,0.000
36860,2,"  2.795","  0.268",9/26,/core/www/modules//sdig/index.php?run_id=110202&search_id=114132&scans_id=110198&peptide_id=29020&scanf=36860&charge=2&value=9/26,sp|P49959|MRE11_HUMAN,/core/www/modules//consensus/?run_id=110202&search_id=114132&scans_id=110198&peptide_id=29020&scanf=36860&charge=2&value=sp|P49959|MRE11_HUMAN,1,/core/www/modules/match_peptides/blast_html4.php?run_id=110202&search_id=114132&scans_id=110198&peptide_id=29020&scanf=36860&charge=2&value=1,R.VDYSGGFEPFSVLR.F,/core/www/modules/show_out/show_out_wrapper.php?run_id=110202&search_id=114132&scans_id=110198&peptide_id=29020&scanf=36860&charge=2&value=R.VDYSGGFEPFSVLR.F,MRE11,5.431e+6,2.025,0.099,1.005,0.005
36868,3,"  4.814","  0.449",18/72,/core/www/modules//sdig/index.php?run_id=110202&search_id=114132&scans_id=110198&peptide_id=29028&scanf=36868&charge=3&value=18/72,sp|O75569|PRKRA_HUMAN,/core/www/modules//consensus/?run_id=110202&search_id=114132&scans_id=110198&peptide_id=29028&scanf=36868&charge=3&value=sp|O75569|PRKRA_HUMAN,5,/core/www/modules/match_peptides/blast_html4.php?run_id=110202&search_id=114132&scans_id=110198&peptide_id=29028&scanf=36868&charge=3&value=5,K.NQLNPIGSLQELAIHHGWR.L,/core/www/modules/show_out/show_out_wrapper.php?run_id=110202&search_id=114132&scans_id=110198&peptide_id=29028&scanf=36868&charge=3&value=K.NQLNPIGSLQELAIHHGWR.L,PRKRA,1.276e+6,2.535,0.019,1.725,0.000
36869,2,"  4.231","  0.711",16/30,/core/www/modules//sdig/index.php?run_id=110202&search_id=114132&scans_id=110198&peptide_id=29029&scanf=36869&charge=2&value=16/30,sp|Q96DH6|MSI2H_HUMAN,/core/www/modules//consensus/?run_id=110202&search_id=114132&scans_id=110198&peptide_id=29029&scanf=36869&charge=2&value=sp|Q96DH6|MSI2H_HUMAN,6,/core/www/modules/match_peptides/blast_html4.php?run_id=110202&search_id=114132&scans_id=110198&peptide_id=29029&scanf=36869&charge=2&value=6,K.MFIGGLSWQTSPDSLR.D,/core/www/modules/show_out/show_out_wrapper.php?run_id=110202&search_id=114132&scans_id=110198&peptide_id=29029&scanf=36869&charge=2&value=K.MFIGGLSWQTSPDSLR.D,MSI2,2.227e+6,3.638,0.000,3.353,0.000
36874,3,"  2.276","  0.395",14/48,/core/www/modules//sdig/index.php?run_id=110202&search_id=114132&scans_id=110198&peptide_id=29035&scanf=36874&charge=3&value=14/48,sp|O14981|BTAF1_HUMAN,/core/www/modules//consensus/?run_id=110202&search_id=114132&scans_id=110198&peptide_id=29035&scanf=36874&charge=3&value=sp|O14981|BTAF1_HUMAN,0,/core/www/modules/match_peptides/blast_html4.php?run_id=110202&search_id=114132&scans_id=110198&peptide_id=29035&scanf=36874&charge=3&value=0,K.LPHLWDAMVGPLR.N,/core/www/modules/show_out/show_out_wrapper.php?run_id=110202&search_id=114132&scans_id=110198&peptide_id=29035&scanf=36874&charge=3&value=K.LPHLWDAMVGPLR.N,BTAF1,7.947e+5,2.741,0.009,2.026,0.000
36877,2,"  3.159","  0.604",13/26,/core/www/modules//sdig/index.php?run_id=110202&search_id=114132&scans_id=110198&peptide_id=29037&scanf=36877&charge=2&value=13/26,sp|O14980|XPO1_HUMAN,/core/www/modules//consensus/?run_id=110202&search_id=114132&scans_id=110198&peptide_id=29037&scanf=36877&charge=2&value=sp|O14980|XPO1_HUMAN,9,/core/www/modules/match_peptides/blast_html4.php?run_id=110202&search_id=114132&scans_id=110198&peptide_id=29037&scanf=36877&charge=2&value=9,R.EPEVLSTMAIIVNK.L,/core/www/modules/show_out/show_out_wrapper.php?run_id=110202&search_id=114132&scans_id=110198&peptide_id=29037&scanf=36877&charge=2&value=R.EPEVLSTMAIIVNK.L,XPO1,6.094e+6,3.456,0.001,3.083,0.000
36879,3,"  3.389","  0.452",16/56,/core/www/modules//sdig/index.php?run_id=110202&search_id=114132&scans_id=110198&peptide_id=29039&scanf=36879&charge=3&value=16/56,sp|P53618|COPB_HUMAN,/core/www/modules//consensus/?run_id=110202&search_id=114132&scans_id=110198&peptide_id=29039&scanf=36879&charge=3&value=sp|P53618|COPB_HUMAN,1,/core/www/modules/match_peptides/blast_html4.php?run_id=110202&search_id=114132&scans_id=110198&peptide_id=29039&scanf=36879&charge=3&value=1,K.LKEAELLEPLMPAIR.A,/core/www/modules/show_out/show_out_wrapper.php?run_id=110202&search_id=114132&scans_id=110198&peptide_id=29039&scanf=36879&charge=3&value=K.LKEAELLEPLMPAIR.A,COPB1,8.919e+6,2.712,0.010,1.983,0.000
36882,3,"  3.486","  0.426",13/68,/core/www/modules//sdig/index.php?run_id=110202&search_id=114132&scans_id=110198&peptide_id=29043&scanf=36882&charge=3&value=13/68,sp|Q9NRW3|ABC3C_HUMAN,/core/www/modules//consensus/?run_id=110202&search_id=114132&scans_id=110198&peptide_id=29043&scanf=36882&charge=3&value=sp|Q9NRW3|ABC3C_HUMAN,0,/core/www/modules/match_peptides/blast_html4.php?run_id=110202&search_id=114132&scans_id=110198&peptide_id=29043&scanf=36882&charge=3&value=0,R.SLSQEGVAVEIMDYEDFK.Y,/core/www/modules/show_out/show_out_wrapper.php?run_id=110202&search_id=114132&scans_id=110198&peptide_id=29043&scanf=36882&charge=3&value=R.SLSQEGVAVEIMDYEDFK.Y,APOBEC3C,8.901e+5,2.623,0.014,1.853,0.000
36885,2,"  2.212","  0.512",10/16,/core/www/modules//sdig/index.php?run_id=110202&search_id=114132&scans_id=110198&peptide_id=29046&scanf=36885&charge=2&value=10/16,sp|O60942|MCE1_HUMAN,/core/www/modules//consensus/?run_id=110202&search_id=114132&scans_id=110198&peptide_id=29046&scanf=36885&charge=2&value=sp|O60942|MCE1_HUMAN,0,/core/www/modules/match_peptides/blast_html4.php?run_id=110202&search_id=114132&scans_id=110198&peptide_id=29046&scanf=36885&charge=2&value=0,K.EMLFEFIDR.C,/core/www/modules/show_out/show_out_wrapper.php?run_id=110202&search_id=114132&scans_id=110198&peptide_id=29046&scanf=36885&charge=2&value=K.EMLFEFIDR.C,RNGTT,2.069e+6,3.306,0.001,2.861,0.000
36887,3,"  5.002","  0.569",21/120,/core/www/modules//sdig/index.php?run_id=110202&search_id=114132&scans_id=110198&peptide_id=29048&scanf=36887&charge=3&value=21/120,sp|P04792|HSPB1_HUMAN,/core/www/modules//consensus/?run_id=110202&search_id=114132&scans_id=110198&peptide_id=29048&scanf=36887&charge=3&value=sp|P04792|HSPB1_HUMAN,1,/core/www/modules/match_peptides/blast_html4.php?run_id=110202&search_id=114132&scans_id=110198&peptide_id=29048&scanf=36887&charge=3&value=1,R.KYTLPPGVDPTQVSSSLSPEGTLTVEAPMPK.L,/core/www/modules/show_out/show_out_wrapper.php?run_id=110202&search_id=114132&scans_id=110198&peptide_id=29048&scanf=36887&charge=3&value=R.KYTLPPGVDPTQVSSSLSPEGTLTVEAPMPK.L,HSPB1,8.430e+5,2.450,0.025,1.602,0.001
36890,2,"  3.621","  0.534",13/24,/core/www/modules//sdig/index.php?run_id=110202&search_id=114132&scans_id=110198&peptide_id=29052&scanf=36890&charge=2&value=13/24,sp|Q9UNS2|CSN3_HUMAN,/core/www/modules//consensus/?run_id=110202&search_id=114132&scans_id=110198&peptide_id=29052&scanf=36890&charge=2&value=sp|Q9UNS2|CSN3_HUMAN,1,/core/www/modules/match_peptides/blast_html4.php?run_id=110202&search_id=114132&scans_id=110198&peptide_id=29052&scanf=36890&charge=2&value=1,K.TFLTLSLQDMASR.V,/core/www/modules/show_out/show_out_wrapper.php?run_id=110202&search_id=114132&scans_id=110198&peptide_id=29052&scanf=36890&charge=2&value=K.TFLTLSLQDMASR.V,COPS3,2.673e+6,3.242,0.002,2.766,0.000
36893,3,"  2.679","  0.469",11/56,/core/www/modules//sdig/index.php?run_id=110202&search_id=114132&scans_id=110198&peptide_id=29055&scanf=36893&charge=3&value=11/56,sp|P61978|HNRPK_HUMAN,/core/www/modules//consensus/?run_id=110202&search_id=114132&scans_id=110198&peptide_id=29055&scanf=36893&charge=3&value=sp|P61978|HNRPK_HUMAN,1,/core/www/modules/match_peptides/blast_html4.php?run_id=110202&search_id=114132&scans_id=110198&peptide_id=29055&scanf=36893&charge=3&value=1,R.LLIHQSLAGGIIGVK.G,/core/www/modules/show_out/show_out_wrapper.php?run_id=110202&search_id=114132&scans_id=110198&peptide_id=29055&scanf=36893&charge=3&value=R.LLIHQSLAGGIIGVK.G,HNRNPK,9.270e+5,3.079,0.003,2.525,0.000
36895,2,"  3.702","  0.574",10/30,/core/www/modules//sdig/index.php?run_id=110202&search_id=114132&scans_id=110198&peptide_id=29057&scanf=36895&charge=2&value=10/30,sp|Q9UHV7|MED13_HUMAN,/core/www/modules//consensus/?run_id=110202&search_id=114132&scans_id=110198&peptide_id=29057&scanf=36895&charge=2&value=sp|Q9UHV7|MED13_HUMAN,0,/core/www/modules/match_peptides/blast_html4.php?run_id=110202&search_id=114132&scans_id=110198&peptide_id=29057&scanf=36895&charge=2&value=0,K.TLTGFGPGLAMETALR.S,/core/www/modules/show_out/show_out_wrapper.php?run_id=110202&search_id=114132&scans_id=110198&peptide_id=29057&scanf=36895&charge=2&value=K.TLTGFGPGLAMETALR.S,MED13,8.156e+5,2.922,0.005,2.292,0.000
36898,3,"  4.903","  0.606",25/96,/core/www/modules//sdig/index.php?run_id=110202&search_id=114132&scans_id=110198&peptide_id=29059&scanf=36898&charge=3&value=25/96,sp|P46940|IQGA1_HUMAN,/core/www/modules//consensus/?run_id=110202&search_id=114132&scans_id=110198&peptide_id=29059&scanf=36898&charge=3&value=sp|P46940|IQGA1_HUMAN,1,/core/www/modules/match_peptides/blast_html4.php?run_id=110202&search_id=114132&scans_id=110198&peptide_id=29059&scanf=36898&charge=3&value=1,R.FQPGETLTEILETPATSEQEAEHQR.A,/core/www/modules/show_out/show_out_wrapper.php?run_id=110202&search_id=114132&scans_id=110198&peptide_id=29059&scanf=36898&charge=3&value=R.FQPGETLTEILETPATSEQEAEHQR.A,IQGAP1,2.586e+6,3.258,0.002,2.790,0.000
36901,3,"  5.257","  0.558",20/80,/core/www/modules//sdig/index.php?run_id=110202&search_id=114132&scans_id=110198&peptide_id=29063&scanf=36901&charge=3&value=20/80,sp|P62330|ARF6_HUMAN,/core/www/modules//consensus/?run_id=110202&search_id=114132&scans_id=110198&peptide_id=29063&scanf=36901&charge=3&value=sp|P62330|ARF6_HUMAN,0,/core/www/modules/match_peptides/blast_html4.php?run_id=110202&search_id=114132&scans_id=110198&peptide_id=29063&scanf=36901&charge=3&value=0,K.LGQSVTTIPTVGFNVETVTYK.N,/core/www/modules/show_out/show_out_wrapper.php?run_id=110202&search_id=114132&scans_id=110198&peptide_id=29063&scanf=36901&charge=3&value=K.LGQSVTTIPTVGFNVETVTYK.N,ARF6,3.263e+6,3.166,0.002,2.653,0.000
36903,2,"  2.671","  0.516",9/26,/core/www/modules//sdig/index.php?run_id=110202&search_id=114132&scans_id=110198&peptide_id=29065&scanf=36903&charge=2&value=9/26,sp|P49959|MRE11_HUMAN,/core/www/modules//consensus/?run_id=110202&search_id=114132&scans_id=110198&peptide_id=29065&scanf=36903&charge=2&value=sp|P49959|MRE11_HUMAN,1,/core/www/modules/match_peptides/blast_html4.php?run_id=110202&search_id=114132&scans_id=110198&peptide_id=29065&scanf=36903&charge=2&value=1,R.VDYSGGFEPFSVLR.F,/core/www/modules/show_out/show_out_wrapper.php?run_id=110202&search_id=114132&scans_id=110198&peptide_id=29065&scanf=36903&charge=2&value=R.VDYSGGFEPFSVLR.F,MRE11,5.431e+6,2.839,0.007,2.170,0.000
36907,2,"  4.146","  0.597",13/36,/core/www/modules//sdig/index.php?run_id=110202&search_id=114132&scans_id=110198&peptide_id=29069&scanf=36907&charge=2&value=13/36,sp|P10809|CH60_HUMAN,/core/www/modules//consensus/?run_id=110202&search_id=114132&scans_id=110198&peptide_id=29069&scanf=36907&charge=2&value=sp|P10809|CH60_HUMAN,2,/core/www/modules/match_peptides/blast_html4.php?run_id=110202&search_id=114132&scans_id=110198&peptide_id=29069&scanf=36907&charge=2&value=2,K.DPGMGAMGGMGGGMGGGMF.-,/core/www/modules/show_out/show_out_wrapper.php?run_id=110202&search_id=114132&scans_id=110198&peptide_id=29069&scanf=36907&charge=2&value=K.DPGMGAMGGMGGGMGGGMF.-,HSPD1,3.786e+6,3.070,0.003,2.512,0.000
36909,2,"  3.592","  0.622",11/20,/core/www/modules//sdig/index.php?run_id=110202&search_id=114132&scans_id=110198&peptide_id=29071&scanf=36909&charge=2&value=11/20,sp|O60231|DHX16_HUMAN,/core/www/modules//consensus/?run_id=110202&search_id=114132&scans_id=110198&peptide_id=29071&scanf=36909&charge=2&value=sp|O60231|DHX16_HUMAN,2,/core/www/modules/match_peptides/blast_html4.php?run_id=110202&search_id=114132&scans_id=110198&peptide_id=29071&scanf=36909&charge=2&value=2,R.TSLGNVVLLLK.S,/core/www/modules/show_out/show_out_wrapper.php?run_id=110202&search_id=114132&scans_id=110198&peptide_id=29071&scanf=36909&charge=2&value=R.TSLGNVVLLLK.S,DHX16,7.650e+6,3.606,0.000,3.305,0.000
36910,2,"  4.974","  0.672",21/34,/core/www/modules//sdig/index.php?run_id=110202&search_id=114132&scans_id=110198&peptide_id=29072&scanf=36910&charge=2&value=21/34,sp|Q08J23|NSUN2_HUMAN,/core/www/modules//consensus/?run_id=110202&search_id=114132&scans_id=110198&peptide_id=29072&scanf=36910&charge=2&value=sp|Q08J23|NSUN2_HUMAN,0,/core/www/modules/match_peptides/blast_html4.php?run_id=110202&search_id=114132&scans_id=110198&peptide_id=29072&scanf=36910&charge=2&value=0,K.SEGALELADVSNELPGLK.W,/core/www/modules/show_out/show_out_wrapper.php?run_id=110202&search_id=114132&scans_id=110198&peptide_id=29072&scanf=36910&charge=2&value=K.SEGALELADVSNELPGLK.W,NSUN2,5.772e+6,3.665,0.000,3.392,0.000
36915,2,"  3.703","  0.609",12/28,/core/www/modules//sdig/index.php?run_id=110202&search_id=114132&scans_id=110198&peptide_id=29077&scanf=36915&charge=2&value=12/28,sp|Q12906|ILF3_HUMAN,/core/www/modules//consensus/?run_id=110202&search_id=114132&scans_id=110198&peptide_id=29077&scanf=36915&charge=2&value=sp|Q12906|ILF3_HUMAN,4,/core/www/modules/match_peptides/blast_html4.php?run_id=110202&search_id=114132&scans_id=110198&peptide_id=29077&scanf=36915&charge=2&value=4,K.YEILQSVDDAAIVIK.N,/core/www/modules/show_out/show_out_wrapper.php?run_id=110202&search_id=114132&scans_id=110198&peptide_id=29077&scanf=36915&charge=2&value=K.YEILQSVDDAAIVIK.N,ILF3,2.503e+6,3.406,0.001,3.009,0.000
36918,2,"  1.605","  0.350",8/16,/core/www/modules//sdig/index.php?run_id=110202&search_id=114132&scans_id=110198&peptide_id=29079&scanf=36918&charge=2&value=8/16,sp|Q9Y2Q3|GSTK1_HUMAN,/core/www/modules//consensus/?run_id=110202&search_id=114132&scans_id=110198&peptide_id=29079&scanf=36918&charge=2&value=sp|Q9Y2Q3|GSTK1_HUMAN,2,/core/www/modules/match_peptides/blast_html4.php?run_id=110202&search_id=114132&scans_id=110198&peptide_id=29079&scanf=36918&charge=2&value=2,K.DFLSVMLEK.G,/core/www/modules/show_out/show_out_wrapper.php?run_id=110202&search_id=114132&scans_id=110198&peptide_id=29079&scanf=36918&charge=2&value=K.DFLSVMLEK.G,GSTK1,6.933e+6,2.489,0.022,1.659,0.001
36920,4,"  8.926","  0.716",29/174,/core/www/modules//sdig/index.php?run_id=110202&search_id=114132&scans_id=110198&peptide_id=29082&scanf=36920&charge=4&value=29/174,sp|P60709|ACTB_HUMAN,/core/www/modules//consensus/?run_id=110202&search_id=114132&scans_id=110198&peptide_id=29082&scanf=36920&charge=4&value=sp|P60709|ACTB_HUMAN,9,/core/www/modules/match_peptides/blast_html4.php?run_id=110202&search_id=114132&scans_id=110198&peptide_id=29082&scanf=36920&charge=4&value=9,R.TTGIVM*DSGDGVTHTVPIYEGYALPHAILR.L,/core/www/modules/show_out/show_out_wrapper.php?run_id=110202&search_id=114132&scans_id=110198&peptide_id=29082&scanf=36920&charge=4&value=R.TTGIVM*DSGDGVTHTVPIYEGYALPHAILR.L,ACTB,6.820e+7,4.445,0.000,4.549,0.000
36922,2,"  2.359","  0.419",10/12,/core/www/modules//sdig/index.php?run_id=110202&search_id=114132&scans_id=110198&peptide_id=29084&scanf=36922&charge=2&value=10/12,sp|P04908|H2A1B_HUMAN,/core/www/modules//consensus/?run_id=110202&search_id=114132&scans_id=110198&peptide_id=29084&scanf=36922&charge=2&value=sp|P04908|H2A1B_HUMAN,20,/core/www/modules/match_peptides/blast_html4.php?run_id=110202&search_id=114132&scans_id=110198&peptide_id=29084&scanf=36922&charge=2&value=20,R.HLQLAIR.N,/core/www/modules/show_out/show_out_wrapper.php?run_id=110202&search_id=114132&scans_id=110198&peptide_id=29084&scanf=36922&charge=2&value=R.HLQLAIR.N,H2AC8,4.853e+6,3.605,0.000,3.304,0.000
36924,3,"  5.439","  0.625",16/84,/core/www/modules//sdig/index.php?run_id=110202&search_id=114132&scans_id=110198&peptide_id=29086&scanf=36924&charge=3&value=16/84,sp|Q9NSD9|SYFB_HUMAN,/core/www/modules//consensus/?run_id=110202&search_id=114132&scans_id=110198&peptide_id=29086&scanf=36924&charge=3&value=sp|Q9NSD9|SYFB_HUMAN,0,/core/www/modules/match_peptides/blast_html4.php?run_id=110202&search_id=114132&scans_id=110198&peptide_id=29086&scanf=36924&charge=3&value=0,R.ALVAIGTHDLDTLSGPFTYTAK.R,/core/www/modules/show_out/show_out_wrapper.php?run_id=110202&search_id=114132&scans_id=110198&peptide_id=29086&scanf=36924&charge=3&value=R.ALVAIGTHDLDTLSGPFTYTAK.R,FARSB,2.402e+6,3.268,0.002,2.805,0.000
36928,2,"  1.593","  0.399",9/20,/core/www/modules//sdig/index.php?run_id=110202&search_id=114132&scans_id=110198&peptide_id=29090&scanf=36928&charge=2&value=9/20,sp|Q9BUL9|RPP25_HUMAN,/core/www/modules//consensus/?run_id=110202&search_id=114132&scans_id=110198&peptide_id=29090&scanf=36928&charge=2&value=sp|Q9BUL9|RPP25_HUMAN,0,/core/www/modules/match_peptides/blast_html4.php?run_id=110202&search_id=114132&scans_id=110198&peptide_id=29090&scanf=36928&charge=2&value=0,K.NVPGLAILLSK.D,/core/www/modules/show_out/show_out_wrapper.php?run_id=110202&search_id=114132&scans_id=110198&peptide_id=29090&scanf=36928&charge=2&value=K.NVPGLAILLSK.D,RPP25,2.074e+6,2.551,0.018,1.749,0.000
36929,2,"  5.141","  0.716",18/32,/core/www/modules//sdig/index.php?run_id=110202&search_id=114132&scans_id=110198&peptide_id=29091&scanf=36929&charge=2&value=18/32,sp|Q02790|FKBP4_HUMAN,/core/www/modules//consensus/?run_id=110202&search_id=114132&scans_id=110198&peptide_id=29091&scanf=36929&charge=2&value=sp|Q02790|FKBP4_HUMAN,0,/core/www/modules/match_peptides/blast_html4.php?run_id=110202&search_id=114132&scans_id=110198&peptide_id=29091&scanf=36929&charge=2&value=0,R.FEIGEGENLDLPYGLER.A,/core/www/modules/show_out/show_out_wrapper.php?run_id=110202&search_id=114132&scans_id=110198&peptide_id=29091&scanf=36929&charge=2&value=R.FEIGEGENLDLPYGLER.A,FKBP4,1.771e+6,3.798,0.000,3.590,0.000
36935,3,"  2.370","  0.363",13/64,/core/www/modules//sdig/index.php?run_id=110202&search_id=114132&scans_id=110198&peptide_id=29098&scanf=36935&charge=3&value=13/64,sp|P20700|LMNB1_HUMAN,/core/www/modules//consensus/?run_id=110202&search_id=114132&scans_id=110198&peptide_id=29098&scanf=36935&charge=3&value=sp|P20700|LMNB1_HUMAN,1,/core/www/modules/match_peptides/blast_html4.php?run_id=110202&search_id=114132&scans_id=110198&peptide_id=29098&scanf=36935&charge=3&value=1,R.DQMQQQLNDYEQLLDVK.L,/core/www/modules/show_out/show_out_wrapper.php?run_id=110202&search_id=114132&scans_id=110198&peptide_id=29098&scanf=36935&charge=3&value=R.DQMQQQLNDYEQLLDVK.L,LMNB1,7.359e+6,2.441,0.026,1.589,0.001
36939,3,"  3.905","  0.601",18/64,/core/www/modules//sdig/index.php?run_id=110202&search_id=114132&scans_id=110198&peptide_id=29101&scanf=36939&charge=3&value=18/64,sp|Q9NWT1|PK1IP_HUMAN,/core/www/modules//consensus/?run_id=110202&search_id=114132&scans_id=110198&peptide_id=29101&scanf=36939&charge=3&value=sp|Q9NWT1|PK1IP_HUMAN,0,/core/www/modules/match_peptides/blast_html4.php?run_id=110202&search_id=114132&scans_id=110198&peptide_id=29101&scanf=36939&charge=3&value=0,K.FLSESVLAVAGDEEVIR.F,/core/www/modules/show_out/show_out_wrapper.php?run_id=110202&search_id=114132&scans_id=110198&peptide_id=29101&scanf=36939&charge=3&value=K.FLSESVLAVAGDEEVIR.F,PAK1IP1,9.872e+6,3.366,0.001,2.950,0.000
36943,3,"  4.031","  0.626",15/68,/core/www/modules//sdig/index.php?run_id=110202&search_id=114132&scans_id=110198&peptide_id=29106&scanf=36943&charge=3&value=15/68,sp|P22626|ROA2_HUMAN,/core/www/modules//consensus/?run_id=110202&search_id=114132&scans_id=110198&peptide_id=29106&scanf=36943&charge=3&value=sp|P22626|ROA2_HUMAN,10,/core/www/modules/match_peptides/blast_html4.php?run_id=110202&search_id=114132&scans_id=110198&peptide_id=29106&scanf=36943&charge=3&value=10,R.DYFEEYGKIDTIEIITDR.Q,/core/www/modules/show_out/show_out_wrapper.php?run_id=110202&search_id=114132&scans_id=110198&peptide_id=29106&scanf=36943&charge=3&value=R.DYFEEYGKIDTIEIITDR.Q,HNRNPA2B1,2.803e+6,3.162,0.002,2.647,0.000
36946,2,"  3.714","  0.581",15/24,/core/www/modules//sdig/index.php?run_id=110202&search_id=114132&scans_id=110198&peptide_id=29109&scanf=36946&charge=2&value=15/24,sp|Q9NVU7|SDA1_HUMAN,/core/www/modules//consensus/?run_id=110202&search_id=114132&scans_id=110198&peptide_id=29109&scanf=36946&charge=2&value=sp|Q9NVU7|SDA1_HUMAN,3,/core/www/modules/match_peptides/blast_html4.php?run_id=110202&search_id=114132&scans_id=110198&peptide_id=29109&scanf=36946&charge=2&value=3,K.LPSNLPQLQNLIK.R,/core/www/modules/show_out/show_out_wrapper.php?run_id=110202&search_id=114132&scans_id=110198&peptide_id=29109&scanf=36946&charge=2&value=K.LPSNLPQLQNLIK.R,SDAD1,8.354e+6,3.538,0.001,3.204,0.000
36948,2,"  5.442","  0.540",22/34,/core/www/modules//sdig/index.php?run_id=110202&search_id=114132&scans_id=110198&peptide_id=29111&scanf=36948&charge=2&value=22/34,sp|P35579|MYH9_HUMAN,/core/www/modules//consensus/?run_id=110202&search_id=114132&scans_id=110198&peptide_id=29111&scanf=36948&charge=2&value=sp|P35579|MYH9_HUMAN,1,/core/www/modules/match_peptides/blast_html4.php?run_id=110202&search_id=114132&scans_id=110198&peptide_id=29111&scanf=36948&charge=2&value=1,K.LQVELDNVTGLLSQSDSK.S,/core/www/modules/show_out/show_out_wrapper.php?run_id=110202&search_id=114132&scans_id=110198&peptide_id=29111&scanf=36948&charge=2&value=K.LQVELDNVTGLLSQSDSK.S,MYH9,5.720e+6,3.513,0.001,3.167,0.000
36953,2,"  3.128","  0.555",12/26,/core/www/modules//sdig/index.php?run_id=110202&search_id=114132&scans_id=110198&peptide_id=29117&scanf=36953&charge=2&value=12/26,sp|Q9Y4B6|DCAF1_HUMAN,/core/www/modules//consensus/?run_id=110202&search_id=114132&scans_id=110198&peptide_id=29117&scanf=36953&charge=2&value=sp|Q9Y4B6|DCAF1_HUMAN,0,/core/www/modules/match_peptides/blast_html4.php?run_id=110202&search_id=114132&scans_id=110198&peptide_id=29117&scanf=36953&charge=2&value=0,K.LLTLFNPDLANNYK.R,/core/www/modules/show_out/show_out_wrapper.php?run_id=110202&search_id=114132&scans_id=110198&peptide_id=29117&scanf=36953&charge=2&value=K.LLTLFNPDLANNYK.R,DCAF1,1.702e+6,3.066,0.003,2.505,0.000
36954,4,"  2.137","  0.363",16/102,/core/www/modules//sdig/index.php?run_id=110202&search_id=114132&scans_id=110198&peptide_id=29118&scanf=36954&charge=4&value=16/102,sp|O14950|ML12B_HUMAN,/core/www/modules//consensus/?run_id=110202&search_id=114132&scans_id=110198&peptide_id=29118&scanf=36954&charge=4&value=sp|O14950|ML12B_HUMAN,4,/core/www/modules/match_peptides/blast_html4.php?run_id=110202&search_id=114132&scans_id=110198&peptide_id=29118&scanf=36954&charge=4&value=4,R.DGFIDKEDLHDMLASLGK.N,/core/www/modules/show_out/show_out_wrapper.php?run_id=110202&search_id=114132&scans_id=110198&peptide_id=29118&scanf=36954&charge=4&value=R.DGFIDKEDLHDMLASLGK.N,MYL12B,7.559e+6,2.468,0.024,1.628,0.001
36955,3,"  4.929","  0.594",17/72,/core/www/modules//sdig/index.php?run_id=110202&search_id=114132&scans_id=110198&peptide_id=29119&scanf=36955&charge=3&value=17/72,sp|Q7KZF4|SND1_HUMAN,/core/www/modules//consensus/?run_id=110202&search_id=114132&scans_id=110198&peptide_id=29119&scanf=36955&charge=3&value=sp|Q7KZF4|SND1_HUMAN,0,/core/www/modules/match_peptides/blast_html4.php?run_id=110202&search_id=114132&scans_id=110198&peptide_id=29119&scanf=36955&charge=3&value=0,K.DTNGENIAESLVAEGLATR.R,/core/www/modules/show_out/show_out_wrapper.php?run_id=110202&search_id=114132&scans_id=110198&peptide_id=29119&scanf=36955&charge=3&value=K.DTNGENIAESLVAEGLATR.R,SND1,7.879e+6,3.445,0.001,3.067,0.000
36960,3,"  4.374","  0.509",13/72,/core/www/modules//sdig/index.php?run_id=110202&search_id=114132&scans_id=110198&peptide_id=29124&scanf=36960&charge=3&value=13/72,sp|Q7KZF4|SND1_HUMAN,/core/www/modules//consensus/?run_id=110202&search_id=114132&scans_id=110198&peptide_id=29124&scanf=36960&charge=3&value=sp|Q7KZF4|SND1_HUMAN,0,/core/www/modules/match_peptides/blast_html4.php?run_id=110202&search_id=114132&scans_id=110198&peptide_id=29124&scanf=36960&charge=3&value=0,K.DTNGENIAESLVAEGLATR.R,/core/www/modules/show_out/show_out_wrapper.php?run_id=110202&search_id=114132&scans_id=110198&peptide_id=29124&scanf=36960&charge=3&value=K.DTNGENIAESLVAEGLATR.R,SND1,7.879e+6,3.050,0.003,2.481,0.000
36961,3,"  3.035","  0.506",13/56,/core/www/modules//sdig/index.php?run_id=110202&search_id=114132&scans_id=110198&peptide_id=29125&scanf=36961&charge=3&value=13/56,sp|Q14980|NUMA1_HUMAN,/core/www/modules//consensus/?run_id=110202&search_id=114132&scans_id=110198&peptide_id=29125&scanf=36961&charge=3&value=sp|Q14980|NUMA1_HUMAN,1,/core/www/modules/match_peptides/blast_html4.php?run_id=110202&search_id=114132&scans_id=110198&peptide_id=29125&scanf=36961&charge=3&value=1,K.VESLESLYFTPIPAR.S,/core/www/modules/show_out/show_out_wrapper.php?run_id=110202&search_id=114132&scans_id=110198&peptide_id=29125&scanf=36961&charge=3&value=K.VESLESLYFTPIPAR.S,NUMA1,4.482e+6,3.213,0.002,2.723,0.000
36964,2,"  2.126","  0.226",8/20,/core/www/modules//sdig/index.php?run_id=110202&search_id=114132&scans_id=110198&peptide_id=29128&scanf=36964&charge=2&value=8/20,sp|P61599|NAA20_HUMAN,/core/www/modules//consensus/?run_id=110202&search_id=114132&scans_id=110198&peptide_id=29128&scanf=36964&charge=2&value=sp|P61599|NAA20_HUMAN,1,/core/www/modules/match_peptides/blast_html4.php?run_id=110202&search_id=114132&scans_id=110198&peptide_id=29128&scanf=36964&charge=2&value=1,K.LMELLEEISER.K,/core/www/modules/show_out/show_out_wrapper.php?run_id=110202&search_id=114132&scans_id=110198&peptide_id=29128&scanf=36964&charge=2&value=K.LMELLEEISER.K,NAA20,1.395e+6,1.867,0.158,0.800,0.008
36967,2,"  3.058","  0.515",11/26,/core/www/modules//sdig/index.php?run_id=110202&search_id=114132&scans_id=110198&peptide_id=29131&scanf=36967&charge=2&value=11/26,sp|O60293|ZC3H1_HUMAN,/core/www/modules//consensus/?run_id=110202&search_id=114132&scans_id=110198&peptide_id=29131&scanf=36967&charge=2&value=sp|O60293|ZC3H1_HUMAN,0,/core/www/modules/match_peptides/blast_html4.php?run_id=110202&search_id=114132&scans_id=110198&peptide_id=29131&scanf=36967&charge=2&value=0,K.STNSVFGGLESMIK.E,/core/www/modules/show_out/show_out_wrapper.php?run_id=110202&search_id=114132&scans_id=110198&peptide_id=29131&scanf=36967&charge=2&value=K.STNSVFGGLESMIK.E,ZFC3H1,1.737e+6,2.883,0.006,2.235,0.000
36972,2,"  2.902","  0.500",11/24,/core/www/modules//sdig/index.php?run_id=110202&search_id=114132&scans_id=110198&peptide_id=29137&scanf=36972&charge=2&value=11/24,sp|P00492|HPRT_HUMAN,/core/www/modules//consensus/?run_id=110202&search_id=114132&scans_id=110198&peptide_id=29137&scanf=36972&charge=2&value=sp|P00492|HPRT_HUMAN,0,/core/www/modules/match_peptides/blast_html4.php?run_id=110202&search_id=114132&scans_id=110198&peptide_id=29137&scanf=36972&charge=2&value=0,K.NVLIVEDIIDTGK.T,/core/www/modules/show_out/show_out_wrapper.php?run_id=110202&search_id=114132&scans_id=110198&peptide_id=29137&scanf=36972&charge=2&value=K.NVLIVEDIIDTGK.T,HPRT1,2.241e+6,2.958,0.005,2.347,0.000
36979,3,"  3.332","  0.481",13/64,/core/www/modules//sdig/index.php?run_id=110202&search_id=114132&scans_id=110198&peptide_id=29144&scanf=36979&charge=3&value=13/64,sp|Q15269|PWP2_HUMAN,/core/www/modules//consensus/?run_id=110202&search_id=114132&scans_id=110198&peptide_id=29144&scanf=36979&charge=3&value=sp|Q15269|PWP2_HUMAN,0,/core/www/modules/match_peptides/blast_html4.php?run_id=110202&search_id=114132&scans_id=110198&peptide_id=29144&scanf=36979&charge=3&value=0,R.GEIEVVTSSLPELYVEK.V,/core/www/modules/show_out/show_out_wrapper.php?run_id=110202&search_id=114132&scans_id=110198&peptide_id=29144&scanf=36979&charge=3&value=R.GEIEVVTSSLPELYVEK.V,PWP2,1.355e+6,2.915,0.005,2.282,0.000
36981,3,"  2.830","  0.524",15/76,/core/www/modules//sdig/index.php?run_id=110202&search_id=114132&scans_id=110198&peptide_id=29146&scanf=36981&charge=3&value=15/76,sp|P23528|COF1_HUMAN,/core/www/modules//consensus/?run_id=110202&search_id=114132&scans_id=110198&peptide_id=29146&scanf=36981&charge=3&value=sp|P23528|COF1_HUMAN,6,/core/www/modules/match_peptides/blast_html4.php?run_id=110202&search_id=114132&scans_id=110198&peptide_id=29146&scanf=36981&charge=3&value=6,K.EILVGDVGQTVDDPYATFVK.M,/core/www/modules/show_out/show_out_wrapper.php?run_id=110202&search_id=114132&scans_id=110198&peptide_id=29146&scanf=36981&charge=3&value=K.EILVGDVGQTVDDPYATFVK.M,CFL1,1.327e+7,2.869,0.006,2.215,0.000
36982,3,"  4.096","  0.469",16/68,/core/www/modules//sdig/index.php?run_id=110202&search_id=114132&scans_id=110198&peptide_id=29147&scanf=36982&charge=3&value=16/68,sp|Q15717|ELAV1_HUMAN,/core/www/modules//consensus/?run_id=110202&search_id=114132&scans_id=110198&peptide_id=29147&scanf=36982&charge=3&value=sp|Q15717|ELAV1_HUMAN,1,/core/www/modules/match_peptides/blast_html4.php?run_id=110202&search_id=114132&scans_id=110198&peptide_id=29147&scanf=36982&charge=3&value=1,R.TNLIVNYLPQNMTQDELR.S,/core/www/modules/show_out/show_out_wrapper.php?run_id=110202&search_id=114132&scans_id=110198&peptide_id=29147&scanf=36982&charge=3&value=R.TNLIVNYLPQNMTQDELR.S,ELAVL1,3.371e+7,2.947,0.005,2.330,0.000
36983,2,"  2.407","  0.345",9/22,/core/www/modules//sdig/index.php?run_id=110202&search_id=114132&scans_id=110198&peptide_id=29148&scanf=36983&charge=2&value=9/22,sp|P30153|2AAA_HUMAN,/core/www/modules//consensus/?run_id=110202&search_id=114132&scans_id=110198&peptide_id=29148&scanf=36983&charge=2&value=sp|P30153|2AAA_HUMAN,2,/core/www/modules/match_peptides/blast_html4.php?run_id=110202&search_id=114132&scans_id=110198&peptide_id=29148&scanf=36983&charge=2&value=2,K.TDLVPAFQNLMK.D,/core/www/modules/show_out/show_out_wrapper.php?run_id=110202&search_id=114132&scans_id=110198&peptide_id=29148&scanf=36983&charge=2&value=K.TDLVPAFQNLMK.D,PPP2R1A,7.220e+6,2.411,0.029,1.545,0.001
36991,3,"  1.838","  0.264",12/36,/core/www/modules//sdig/index.php?run_id=110202&search_id=114132&scans_id=110198&peptide_id=29157&scanf=36991&charge=3&value=12/36,sp|O00148|DX39A_HUMAN,/core/www/modules//consensus/?run_id=110202&search_id=114132&scans_id=110198&peptide_id=29157&scanf=36991&charge=3&value=sp|O00148|DX39A_HUMAN,19,/core/www/modules/match_peptides/blast_html4.php?run_id=110202&search_id=114132&scans_id=110198&peptide_id=29157&scanf=36991&charge=3&value=19,R.DFLLKPELLR.A,/core/www/modules/show_out/show_out_wrapper.php?run_id=110202&search_id=114132&scans_id=110198&peptide_id=29157&scanf=36991&charge=3&value=R.DFLLKPELLR.A,DDX39A,2.068e+7,2.435,0.026,1.581,0.001
36997,2,"  2.365","  0.436",9/26,/core/www/modules//sdig/index.php?run_id=110202&search_id=114132&scans_id=110198&peptide_id=29163&scanf=36997&charge=2&value=9/26,sp|P46939|UTRN_HUMAN,/core/www/modules//consensus/?run_id=110202&search_id=114132&scans_id=110198&peptide_id=29163&scanf=36997&charge=2&value=sp|P46939|UTRN_HUMAN,0,/core/www/modules/match_peptides/blast_html4.php?run_id=110202&search_id=114132&scans_id=110198&peptide_id=29163&scanf=36997&charge=2&value=0,R.SSLLPTDYLVEINK.I,/core/www/modules/show_out/show_out_wrapper.php?run_id=110202&search_id=114132&scans_id=110198&peptide_id=29163&scanf=36997&charge=2&value=R.SSLLPTDYLVEINK.I,UTRN,1.175e+6,2.540,0.019,1.733,0.000
36999,2,"  1.755","  0.250",9/12,/core/www/modules//sdig/index.php?run_id=110202&search_id=114132&scans_id=110198&peptide_id=29165&scanf=36999&charge=2&value=9/12,sp|Q9NU22|MDN1_HUMAN,/core/www/modules//consensus/?run_id=110202&search_id=114132&scans_id=110198&peptide_id=29165&scanf=36999&charge=2&value=sp|Q9NU22|MDN1_HUMAN,0,/core/www/modules/match_peptides/blast_html4.php?run_id=110202&search_id=114132&scans_id=110198&peptide_id=29165&scanf=36999&charge=2&value=0,K.LIWLPLR.E,/core/www/modules/show_out/show_out_wrapper.php?run_id=110202&search_id=114132&scans_id=110198&peptide_id=29165&scanf=36999&charge=2&value=K.LIWLPLR.E,MDN1,6.725e+6,2.966,0.004,2.358,0.000
37005,2,"  2.429","  0.391",10/20,/core/www/modules//sdig/index.php?run_id=110202&search_id=114132&scans_id=110198&peptide_id=29171&scanf=37005&charge=2&value=10/20,sp|Q3KQU3|MA7D1_HUMAN,/core/www/modules//consensus/?run_id=110202&search_id=114132&scans_id=110198&peptide_id=29171&scanf=37005&charge=2&value=sp|Q3KQU3|MA7D1_HUMAN,1,/core/www/modules/match_peptides/blast_html4.php?run_id=110202&search_id=114132&scans_id=110198&peptide_id=29171&scanf=37005&charge=2&value=1,R.LMTPTLSFLAR.S,/core/www/modules/show_out/show_out_wrapper.php?run_id=110202&search_id=114132&scans_id=110198&peptide_id=29171&scanf=37005&charge=2&value=R.LMTPTLSFLAR.S,MAP7D1,1.897e+6,2.684,0.011,1.943,0.000
37009,2,"  3.463","  0.546",12/30,/core/www/modules//sdig/index.php?run_id=110202&search_id=114132&scans_id=110198&peptide_id=29175&scanf=37009&charge=2&value=12/30,sp|Q9H2P0|ADNP_HUMAN,/core/www/modules//consensus/?run_id=110202&search_id=114132&scans_id=110198&peptide_id=29175&scanf=37009&charge=2&value=sp|Q9H2P0|ADNP_HUMAN,2,/core/www/modules/match_peptides/blast_html4.php?run_id=110202&search_id=114132&scans_id=110198&peptide_id=29175&scanf=37009&charge=2&value=2,K.NTTWEDVGLWDPSLTK.N,/core/www/modules/show_out/show_out_wrapper.php?run_id=110202&search_id=114132&scans_id=110198&peptide_id=29175&scanf=37009&charge=2&value=K.NTTWEDVGLWDPSLTK.N,ADNP,1.762e+6,2.747,0.009,2.036,0.000
37012,3,"  5.857","  0.751",23/124,/core/www/modules//sdig/index.php?run_id=110202&search_id=114132&scans_id=110198&peptide_id=29179&scanf=37012&charge=3&value=23/124,sp|O15446|RPA34_HUMAN,/core/www/modules//consensus/?run_id=110202&search_id=114132&scans_id=110198&peptide_id=29179&scanf=37012&charge=3&value=sp|O15446|RPA34_HUMAN,0,/core/www/modules/match_peptides/blast_html4.php?run_id=110202&search_id=114132&scans_id=110198&peptide_id=29179&scanf=37012&charge=3&value=0,R.ILEGPQQSLSGSPLQPIPASPPPQIPPGLRPR.F,/core/www/modules/show_out/show_out_wrapper.php?run_id=110202&search_id=114132&scans_id=110198&peptide_id=29179&scanf=37012&charge=3&value=R.ILEGPQQSLSGSPLQPIPASPPPQIPPGLRPR.F,POLR1G,1.344e+6,3.349,0.001,2.924,0.000
37013,3,"  4.575","  0.639",16/88,/core/www/modules//sdig/index.php?run_id=110202&search_id=114132&scans_id=110198&peptide_id=29180&scanf=37013&charge=3&value=16/88,sp|P61978|HNRPK_HUMAN,/core/www/modules//consensus/?run_id=110202&search_id=114132&scans_id=110198&peptide_id=29180&scanf=37013&charge=3&value=sp|P61978|HNRPK_HUMAN,0,/core/www/modules/match_peptides/blast_html4.php?run_id=110202&search_id=114132&scans_id=110198&peptide_id=29180&scanf=37013&charge=3&value=0,R.IITITGTQDQIQNAQYLLQNSVK.Q,/core/www/modules/show_out/show_out_wrapper.php?run_id=110202&search_id=114132&scans_id=110198&peptide_id=29180&scanf=37013&charge=3&value=R.IITITGTQDQIQNAQYLLQNSVK.Q,HNRNPK,2.545e+6,3.403,0.001,3.004,0.000
37014,2,"  5.159","  0.680",21/34,/core/www/modules//sdig/index.php?run_id=110202&search_id=114132&scans_id=110198&peptide_id=29181&scanf=37014&charge=2&value=21/34,sp|Q9NRW3|ABC3C_HUMAN,/core/www/modules//consensus/?run_id=110202&search_id=114132&scans_id=110198&peptide_id=29181&scanf=37014&charge=2&value=sp|Q9NRW3|ABC3C_HUMAN,0,/core/www/modules/match_peptides/blast_html4.php?run_id=110202&search_id=114132&scans_id=110198&peptide_id=29181&scanf=37014&charge=2&value=0,R.SLSQEGVAVEIMDYEDFK.Y,/core/www/modules/show_out/show_out_wrapper.php?run_id=110202&search_id=114132&scans_id=110198&peptide_id=29181&scanf=37014&charge=2&value=R.SLSQEGVAVEIMDYEDFK.Y,APOBEC3C,1.764e+6,3.744,0.000,3.511,0.000
37016,3,"  1.921","  0.361",7/72,/core/www/modules//sdig/index.php?run_id=110202&search_id=114132&scans_id=110198&peptide_id=29183&scanf=37016&charge=3&value=7/72,sp|Q92692|NECT2_HUMAN,/core/www/modules//consensus/?run_id=110202&search_id=114132&scans_id=110198&peptide_id=29183&scanf=37016&charge=3&value=sp|Q92692|NECT2_HUMAN,1,/core/www/modules/match_peptides/blast_html4.php?run_id=110202&search_id=114132&scans_id=110198&peptide_id=29183&scanf=37016&charge=3&value=1,K.VEHESFEEPALIPVTLSVR.Y,/core/www/modules/show_out/show_out_wrapper.php?run_id=110202&search_id=114132&scans_id=110198&peptide_id=29183&scanf=37016&charge=3&value=K.VEHESFEEPALIPVTLSVR.Y,NECTIN2,7.115e+5,2.136,0.070,1.156,0.002
37021,2,"  4.108","  0.481",17/26,/core/www/modules//sdig/index.php?run_id=110202&search_id=114132&scans_id=110198&peptide_id=29189&scanf=37021&charge=2&value=17/26,sp|Q9Y265|RUVB1_HUMAN,/core/www/modules//consensus/?run_id=110202&search_id=114132&scans_id=110198&peptide_id=29189&scanf=37021&charge=2&value=sp|Q9Y265|RUVB1_HUMAN,1,/core/www/modules/match_peptides/blast_html4.php?run_id=110202&search_id=114132&scans_id=110198&peptide_id=29189&scanf=37021&charge=2&value=1,K.TALALAIAQELGSK.V,/core/www/modules/show_out/show_out_wrapper.php?run_id=110202&search_id=114132&scans_id=110198&peptide_id=29189&scanf=37021&charge=2&value=K.TALALAIAQELGSK.V,RUVBL1,1.571e+7,3.231,0.002,2.750,0.000
37025,3,"  3.954","  0.537",8/100,/core/www/modules//sdig/index.php?run_id=110202&search_id=114132&scans_id=110198&peptide_id=29192&scanf=37025&charge=3&value=8/100,sp|P49368|TCPG_HUMAN,/core/www/modules//consensus/?run_id=110202&search_id=114132&scans_id=110198&peptide_id=29192&scanf=37025&charge=3&value=sp|P49368|TCPG_HUMAN,1,/core/www/modules/match_peptides/blast_html4.php?run_id=110202&search_id=114132&scans_id=110198&peptide_id=29192&scanf=37025&charge=3&value=1,R.NVLLDPQLVPGGGASEM*AVAHALTEK.S,/core/www/modules/show_out/show_out_wrapper.php?run_id=110202&search_id=114132&scans_id=110198&peptide_id=29192&scanf=37025&charge=3&value=R.NVLLDPQLVPGGGASEM*AVAHALTEK.S,CCT3,2.309e+6,2.494,0.022,1.666,0.001
37026,3,"  3.477","  0.504",17/48,/core/www/modules//sdig/index.php?run_id=110202&search_id=114132&scans_id=110198&peptide_id=29193&scanf=37026&charge=3&value=17/48,sp|Q7L2H7|EIF3M_HUMAN,/core/www/modules//consensus/?run_id=110202&search_id=114132&scans_id=110198&peptide_id=29193&scanf=37026&charge=3&value=sp|Q7L2H7|EIF3M_HUMAN,2,/core/www/modules/match_peptides/blast_html4.php?run_id=110202&search_id=114132&scans_id=110198&peptide_id=29193&scanf=37026&charge=3&value=2,R.LQLLSNLFHGMDK.N,/core/www/modules/show_out/show_out_wrapper.php?run_id=110202&search_id=114132&scans_id=110198&peptide_id=29193&scanf=37026&charge=3&value=R.LQLLSNLFHGMDK.N,EIF3M,5.378e+6,3.256,0.002,2.786,0.000
37028,3,"  4.961","  0.606",20/92,/core/www/modules//sdig/index.php?run_id=110202&search_id=114132&scans_id=110198&peptide_id=29195&scanf=37028&charge=3&value=20/92,sp|P39023|RL3_HUMAN,/core/www/modules//consensus/?run_id=110202&search_id=114132&scans_id=110198&peptide_id=29195&scanf=37028&charge=3&value=sp|P39023|RL3_HUMAN,4,/core/www/modules/match_peptides/blast_html4.php?run_id=110202&search_id=114132&scans_id=110198&peptide_id=29195&scanf=37028&charge=3&value=4,R.LEQQVPVNQVFGQDEM*IDVIGVTK.G,/core/www/modules/show_out/show_out_wrapper.php?run_id=110202&search_id=114132&scans_id=110198&peptide_id=29195&scanf=37028&charge=3&value=R.LEQQVPVNQVFGQDEM*IDVIGVTK.G,RPL3,5.569e+6,3.120,0.003,2.585,0.000
37029,2,"  2.192","  0.485",10/16,/core/www/modules//sdig/index.php?run_id=110202&search_id=114132&scans_id=110198&peptide_id=29196&scanf=37029&charge=2&value=10/16,sp|Q9UPN3|MACF1_HUMAN,/core/www/modules//consensus/?run_id=110202&search_id=114132&scans_id=110198&peptide_id=29196&scanf=37029&charge=2&value=sp|Q9UPN3|MACF1_HUMAN,8,/core/www/modules/match_peptides/blast_html4.php?run_id=110202&search_id=114132&scans_id=110198&peptide_id=29196&scanf=37029&charge=2&value=8,R.VDSLIPWIK.Q,/core/www/modules/show_out/show_out_wrapper.php?run_id=110202&search_id=114132&scans_id=110198&peptide_id=29196&scanf=37029&charge=2&value=R.VDSLIPWIK.Q,MACF1,2.153e+6,3.270,0.002,2.808,0.000
37030,3,"  3.038","  0.348",9/64,/core/www/modules//sdig/index.php?run_id=110202&search_id=114132&scans_id=110198&peptide_id=29198&scanf=37030&charge=3&value=9/64,sp|Q02790|FKBP4_HUMAN,/core/www/modules//consensus/?run_id=110202&search_id=114132&scans_id=110198&peptide_id=29198&scanf=37030&charge=3&value=sp|Q02790|FKBP4_HUMAN,0,/core/www/modules/match_peptides/blast_html4.php?run_id=110202&search_id=114132&scans_id=110198&peptide_id=29198&scanf=37030&charge=3&value=0,R.FEIGEGENLDLPYGLER.A,/core/www/modules/show_out/show_out_wrapper.php?run_id=110202&search_id=114132&scans_id=110198&peptide_id=29198&scanf=37030&charge=3&value=R.FEIGEGENLDLPYGLER.A,FKBP4,1.660e+6,2.282,0.044,1.361,0.001
37036,2,"  2.531","  0.516",9/20,/core/www/modules//sdig/index.php?run_id=110202&search_id=114132&scans_id=110198&peptide_id=29204&scanf=37036&charge=2&value=9/20,sp|Q96RU2|UBP28_HUMAN,/core/www/modules//consensus/?run_id=110202&search_id=114132&scans_id=110198&peptide_id=29204&scanf=37036&charge=2&value=sp|Q96RU2|UBP28_HUMAN,4,/core/www/modules/match_peptides/blast_html4.php?run_id=110202&search_id=114132&scans_id=110198&peptide_id=29204&scanf=37036&charge=2&value=4,K.LPPVLTFELSR.F,/core/www/modules/show_out/show_out_wrapper.php?run_id=110202&search_id=114132&scans_id=110198&peptide_id=29204&scanf=37036&charge=2&value=K.LPPVLTFELSR.F,USP28,2.757e+6,3.000,0.004,2.408,0.000
37039,2,"  1.819","  0.534",8/14,/core/www/modules//sdig/index.php?run_id=110202&search_id=114132&scans_id=110198&peptide_id=29207&scanf=37039&charge=2&value=8/14,sp|O14979|HNRDL_HUMAN,/core/www/modules//consensus/?run_id=110202&search_id=114132&scans_id=110198&peptide_id=29207&scanf=37039&charge=2&value=sp|O14979|HNRDL_HUMAN,7,/core/www/modules/match_peptides/blast_html4.php?run_id=110202&search_id=114132&scans_id=110198&peptide_id=29207&scanf=37039&charge=2&value=7,R.GFGFVLFK.D,/core/www/modules/show_out/show_out_wrapper.php?run_id=110202&search_id=114132&scans_id=110198&peptide_id=29207&scanf=37039&charge=2&value=R.GFGFVLFK.D,HNRNPDL,1.915e+8,3.364,0.001,2.947,0.000
37051,2,"  4.262","  0.618",18/32,/core/www/modules//sdig/index.php?run_id=110202&search_id=114132&scans_id=110198&peptide_id=29220&scanf=37051&charge=2&value=18/32,sp|Q15269|PWP2_HUMAN,/core/www/modules//consensus/?run_id=110202&search_id=114132&scans_id=110198&peptide_id=29220&scanf=37051&charge=2&value=sp|Q15269|PWP2_HUMAN,0,/core/www/modules/match_peptides/blast_html4.php?run_id=110202&search_id=114132&scans_id=110198&peptide_id=29220&scanf=37051&charge=2&value=0,R.GEIEVVTSSLPELYVEK.V,/core/www/modules/show_out/show_out_wrapper.php?run_id=110202&search_id=114132&scans_id=110198&peptide_id=29220&scanf=37051&charge=2&value=R.GEIEVVTSSLPELYVEK.V,PWP2,1.807e+6,3.116,0.003,2.579,0.000
37052,2,"  3.406","  0.570",12/22,/core/www/modules//sdig/index.php?run_id=110202&search_id=114132&scans_id=110198&peptide_id=29221&scanf=37052&charge=2&value=12/22,sp|Q9H4L4|SENP3_HUMAN,/core/www/modules//consensus/?run_id=110202&search_id=114132&scans_id=110198&peptide_id=29221&scanf=37052&charge=2&value=sp|Q9H4L4|SENP3_HUMAN,2,/core/www/modules/match_peptides/blast_html4.php?run_id=110202&search_id=114132&scans_id=110198&peptide_id=29221&scanf=37052&charge=2&value=2,K.GLVLQLIQSYQR.M,/core/www/modules/show_out/show_out_wrapper.php?run_id=110202&search_id=114132&scans_id=110198&peptide_id=29221&scanf=37052&charge=2&value=K.GLVLQLIQSYQR.M,SENP3,2.141e+6,3.291,0.001,2.838,0.000
37057,3,"  2.866","  0.457",12/76,/core/www/modules//sdig/index.php?run_id=110202&search_id=114132&scans_id=110198&peptide_id=29226&scanf=37057&charge=3&value=12/76,sp|P13667|PDIA4_HUMAN,/core/www/modules//consensus/?run_id=110202&search_id=114132&scans_id=110198&peptide_id=29226&scanf=37057&charge=3&value=sp|P13667|PDIA4_HUMAN,2,/core/www/modules/match_peptides/blast_html4.php?run_id=110202&search_id=114132&scans_id=110198&peptide_id=29226&scanf=37057&charge=3&value=2,K.DFPEYTFAIADEEDYAGEVK.D,/core/www/modules/show_out/show_out_wrapper.php?run_id=110202&search_id=114132&scans_id=110198&peptide_id=29226&scanf=37057&charge=3&value=K.DFPEYTFAIADEEDYAGEVK.D,PDIA4,1.571e+6,2.669,0.012,1.921,0.000
37066,3,"  4.549","  0.458",13/76,/core/www/modules//sdig/index.php?run_id=110202&search_id=114132&scans_id=110198&peptide_id=29234&scanf=37066&charge=3&value=13/76,sp|Q9UKK6|NXT1_HUMAN,/core/www/modules//consensus/?run_id=110202&search_id=114132&scans_id=110198&peptide_id=29234&scanf=37066&charge=3&value=sp|Q9UKK6|NXT1_HUMAN,0,/core/www/modules/match_peptides/blast_html4.php?run_id=110202&search_id=114132&scans_id=110198&peptide_id=29234&scanf=37066&charge=3&value=0,R.DFNQNFILTAQASPSNTVWK.I,/core/www/modules/show_out/show_out_wrapper.php?run_id=110202&search_id=114132&scans_id=110198&peptide_id=29234&scanf=37066&charge=3&value=R.DFNQNFILTAQASPSNTVWK.I,NXT1,2.912e+6,2.638,0.013,1.875,0.000
37068,2,"  1.765","  0.431",9/14,/core/www/modules//sdig/index.php?run_id=110202&search_id=114132&scans_id=110198&peptide_id=29236&scanf=37068&charge=2&value=9/14,sp|P07237|PDIA1_HUMAN,/core/www/modules//consensus/?run_id=110202&search_id=114132&scans_id=110198&peptide_id=29236&scanf=37068&charge=2&value=sp|P07237|PDIA1_HUMAN,16,/core/www/modules/match_peptides/blast_html4.php?run_id=110202&search_id=114132&scans_id=110198&peptide_id=29236&scanf=37068&charge=2&value=16,R.ILEFFGLK.K,/core/www/modules/show_out/show_out_wrapper.php?run_id=110202&search_id=114132&scans_id=110198&peptide_id=29236&scanf=37068&charge=2&value=R.ILEFFGLK.K,P4HB,4.602e+7,3.158,0.002,2.641,0.000
37071,3,"  4.306","  0.640",20/72,/core/www/modules//sdig/index.php?run_id=110202&search_id=114132&scans_id=110198&peptide_id=29240&scanf=37071&charge=3&value=20/72,sp|Q6PL18|ATAD2_HUMAN,/core/www/modules//consensus/?run_id=110202&search_id=114132&scans_id=110198&peptide_id=29240&scanf=37071&charge=3&value=sp|Q6PL18|ATAD2_HUMAN,1,/core/www/modules/match_peptides/blast_html4.php?run_id=110202&search_id=114132&scans_id=110198&peptide_id=29240&scanf=37071&charge=3&value=1,K.KAVLQALEVLPVAPPPEPR.S,/core/www/modules/show_out/show_out_wrapper.php?run_id=110202&search_id=114132&scans_id=110198&peptide_id=29240&scanf=37071&charge=3&value=K.KAVLQALEVLPVAPPPEPR.S,ATAD2,9.057e+5,3.196,0.002,2.698,0.000
37075,4,"  2.768","  0.463",16/78,/core/www/modules//sdig/index.php?run_id=110202&search_id=114132&scans_id=110198&peptide_id=29244&scanf=37075&charge=4&value=16/78,sp|O75643|U520_HUMAN,/core/www/modules//consensus/?run_id=110202&search_id=114132&scans_id=110198&peptide_id=29244&scanf=37075&charge=4&value=sp|O75643|U520_HUMAN,1,/core/www/modules/match_peptides/blast_html4.php?run_id=110202&search_id=114132&scans_id=110198&peptide_id=29244&scanf=37075&charge=4&value=1,R.LIILDEIHLLHDDR.G,/core/www/modules/show_out/show_out_wrapper.php?run_id=110202&search_id=114132&scans_id=110198&peptide_id=29244&scanf=37075&charge=4&value=R.LIILDEIHLLHDDR.G,SNRNP200,4.647e+6,3.610,0.000,3.311,0.000
37078,4,"  5.551","  0.645",22/144,/core/www/modules//sdig/index.php?run_id=110202&search_id=114132&scans_id=110198&peptide_id=29247&scanf=37078&charge=4&value=22/144,sp|P30101|PDIA3_HUMAN,/core/www/modules//consensus/?run_id=110202&search_id=114132&scans_id=110198&peptide_id=29247&scanf=37078&charge=4&value=sp|P30101|PDIA3_HUMAN,12,/core/www/modules/match_peptides/blast_html4.php?run_id=110202&search_id=114132&scans_id=110198&peptide_id=29247&scanf=37078&charge=4&value=12,R.KTFSHELSDFGLESTAGEIPVVAIR.T,/core/www/modules/show_out/show_out_wrapper.php?run_id=110202&search_id=114132&scans_id=110198&peptide_id=29247&scanf=37078&charge=4&value=R.KTFSHELSDFGLESTAGEIPVVAIR.T,PDIA3,3.943e+6,3.404,0.001,3.005,0.000
37082,3,"  3.848","  0.431",17/64,/core/www/modules//sdig/index.php?run_id=110202&search_id=114132&scans_id=110198&peptide_id=29252&scanf=37082&charge=3&value=17/64,sp|P46379|BAG6_HUMAN,/core/www/modules//consensus/?run_id=110202&search_id=114132&scans_id=110198&peptide_id=29252&scanf=37082&charge=3&value=sp|P46379|BAG6_HUMAN,7,/core/www/modules/match_peptides/blast_html4.php?run_id=110202&search_id=114132&scans_id=110198&peptide_id=29252&scanf=37082&charge=3&value=7,R.LQVVLEHMPVGPDAILR.Y,/core/www/modules/show_out/show_out_wrapper.php?run_id=110202&search_id=114132&scans_id=110198&peptide_id=29252&scanf=37082&charge=3&value=R.LQVVLEHMPVGPDAILR.Y,BAG6,4.818e+6,2.793,0.008,2.102,0.000
37086,2,"  2.855","  0.448",12/18,/core/www/modules//sdig/index.php?run_id=110202&search_id=114132&scans_id=110198&peptide_id=29255&scanf=37086&charge=2&value=12/18,sp|P18085|ARF4_HUMAN,/core/www/modules//consensus/?run_id=110202&search_id=114132&scans_id=110198&peptide_id=29255&scanf=37086&charge=2&value=sp|P18085|ARF4_HUMAN,3,/core/www/modules/match_peptides/blast_html4.php?run_id=110202&search_id=114132&scans_id=110198&peptide_id=29255&scanf=37086&charge=2&value=3,R.DAVLLLFANK.Q,/core/www/modules/show_out/show_out_wrapper.php?run_id=110202&search_id=114132&scans_id=110198&peptide_id=29255&scanf=37086&charge=2&value=R.DAVLLLFANK.Q,ARF4,5.900e+7,3.090,0.003,2.540,0.000
37089,3,"  3.612","  0.510",16/52,/core/www/modules//sdig/index.php?run_id=110202&search_id=114132&scans_id=110198&peptide_id=29258&scanf=37089&charge=3&value=16/52,sp|O60341|KDM1A_HUMAN,/core/www/modules//consensus/?run_id=110202&search_id=114132&scans_id=110198&peptide_id=29258&scanf=37089&charge=3&value=sp|O60341|KDM1A_HUMAN,10,/core/www/modules/match_peptides/blast_html4.php?run_id=110202&search_id=114132&scans_id=110198&peptide_id=29258&scanf=37089&charge=3&value=10,R.IADQFLGAMYTLPR.Q,/core/www/modules/show_out/show_out_wrapper.php?run_id=110202&search_id=114132&scans_id=110198&peptide_id=29258&scanf=37089&charge=3&value=R.IADQFLGAMYTLPR.Q,KDM1A,2.487e+6,3.264,0.002,2.798,0.000
37090,3,"  3.803","  0.508",14/80,/core/www/modules//sdig/index.php?run_id=110202&search_id=114132&scans_id=110198&peptide_id=29260&scanf=37090&charge=3&value=14/80,sp|P27694|RFA1_HUMAN,/core/www/modules//consensus/?run_id=110202&search_id=114132&scans_id=110198&peptide_id=29260&scanf=37090&charge=3&value=sp|P27694|RFA1_HUMAN,1,/core/www/modules/match_peptides/blast_html4.php?run_id=110202&search_id=114132&scans_id=110198&peptide_id=29260&scanf=37090&charge=3&value=1,R.SLSVLSSSTIIANPDIPEAYK.L,/core/www/modules/show_out/show_out_wrapper.php?run_id=110202&search_id=114132&scans_id=110198&peptide_id=29260&scanf=37090&charge=3&value=R.SLSVLSSSTIIANPDIPEAYK.L,RPA1,2.396e+6,2.790,0.008,2.099,0.000
37091,3,"  3.178","  0.464",12/68,/core/www/modules//sdig/index.php?run_id=110202&search_id=114132&scans_id=110198&peptide_id=29261&scanf=37091&charge=3&value=12/68,sp|P06576|ATPB_HUMAN,/core/www/modules//consensus/?run_id=110202&search_id=114132&scans_id=110198&peptide_id=29261&scanf=37091&charge=3&value=sp|P06576|ATPB_HUMAN,0,/core/www/modules/match_peptides/blast_html4.php?run_id=110202&search_id=114132&scans_id=110198&peptide_id=29261&scanf=37091&charge=3&value=0,R.FLSQPFQVAEVFTGHM*GK.L,/core/www/modules/show_out/show_out_wrapper.php?run_id=110202&search_id=114132&scans_id=110198&peptide_id=29261&scanf=37091&charge=3&value=R.FLSQPFQVAEVFTGHM*GK.L,ATP5F1B,2.241e+6,2.773,0.008,2.073,0.000
37093,3,"  7.567","  0.775",25/104,/core/www/modules//sdig/index.php?run_id=110202&search_id=114132&scans_id=110198&peptide_id=29263&scanf=37093&charge=3&value=25/104,sp|Q9H7Z7|PGES2_HUMAN,/core/www/modules//consensus/?run_id=110202&search_id=114132&scans_id=110198&peptide_id=29263&scanf=37093&charge=3&value=sp|Q9H7Z7|PGES2_HUMAN,4,/core/www/modules/match_peptides/blast_html4.php?run_id=110202&search_id=114132&scans_id=110198&peptide_id=29263&scanf=37093&charge=3&value=4,R.KVPILVAQEGESSQQLNDSSVIISALK.T,/core/www/modules/show_out/show_out_wrapper.php?run_id=110202&search_id=114132&scans_id=110198&peptide_id=29263&scanf=37093&charge=3&value=R.KVPILVAQEGESSQQLNDSSVIISALK.T,PTGES2,2.537e+6,3.509,0.001,3.162,0.000
37097,2,"  2.698","  0.356",9/28,/core/www/modules//sdig/index.php?run_id=110202&search_id=114132&scans_id=110198&peptide_id=29267&scanf=37097&charge=2&value=9/28,sp|P31939|PUR9_HUMAN,/core/www/modules//consensus/?run_id=110202&search_id=114132&scans_id=110198&peptide_id=29267&scanf=37097&charge=2&value=sp|P31939|PUR9_HUMAN,1,/core/www/modules/match_peptides/blast_html4.php?run_id=110202&search_id=114132&scans_id=110198&peptide_id=29267&scanf=37097&charge=2&value=1,R.DVSELTGFPEMLGGR.V,/core/www/modules/show_out/show_out_wrapper.php?run_id=110202&search_id=114132&scans_id=110198&peptide_id=29267&scanf=37097&charge=2&value=R.DVSELTGFPEMLGGR.V,ATIC,1.280e+6,2.171,0.062,1.204,0.002
37099,2,"  5.251","  0.591",20/40,/core/www/modules//sdig/index.php?run_id=110202&search_id=114132&scans_id=110198&peptide_id=29269&scanf=37099&charge=2&value=20/40,sp|P27694|RFA1_HUMAN,/core/www/modules//consensus/?run_id=110202&search_id=114132&scans_id=110198&peptide_id=29269&scanf=37099&charge=2&value=sp|P27694|RFA1_HUMAN,1,/core/www/modules/match_peptides/blast_html4.php?run_id=110202&search_id=114132&scans_id=110198&peptide_id=29269&scanf=37099&charge=2&value=1,R.SLSVLSSSTIIANPDIPEAYK.L,/core/www/modules/show_out/show_out_wrapper.php?run_id=110202&search_id=114132&scans_id=110198&peptide_id=29269&scanf=37099&charge=2&value=R.SLSVLSSSTIIANPDIPEAYK.L,RPA1,8.588e+5,3.201,0.002,2.706,0.000
37104,2,"  3.815","  0.644",16/28,/core/www/modules//sdig/index.php?run_id=110202&search_id=114132&scans_id=110198&peptide_id=29275&scanf=37104&charge=2&value=16/28,sp|Q9UIF9|BAZ2A_HUMAN,/core/www/modules//consensus/?run_id=110202&search_id=114132&scans_id=110198&peptide_id=29275&scanf=37104&charge=2&value=sp|Q9UIF9|BAZ2A_HUMAN,4,/core/www/modules/match_peptides/blast_html4.php?run_id=110202&search_id=114132&scans_id=110198&peptide_id=29275&scanf=37104&charge=2&value=4,R.QLPAFQEGIMSWSPK.E,/core/www/modules/show_out/show_out_wrapper.php?run_id=110202&search_id=114132&scans_id=110198&peptide_id=29275&scanf=37104&charge=2&value=R.QLPAFQEGIMSWSPK.E,BAZ2A,2.050e+6,3.551,0.001,3.224,0.000
37105,2,"  2.724","  0.471",10/20,/core/www/modules//sdig/index.php?run_id=110202&search_id=114132&scans_id=110198&peptide_id=29276&scanf=37105&charge=2&value=10/20,sp|Q587J7|TDR12_HUMAN,/core/www/modules//consensus/?run_id=110202&search_id=114132&scans_id=110198&peptide_id=29276&scanf=37105&charge=2&value=sp|Q587J7|TDR12_HUMAN,2,/core/www/modules/match_peptides/blast_html4.php?run_id=110202&search_id=114132&scans_id=110198&peptide_id=29276&scanf=37105&charge=2&value=2,K.LLQFLNPDPLR.A,/core/www/modules/show_out/show_out_wrapper.php?run_id=110202&search_id=114132&scans_id=110198&peptide_id=29276&scanf=37105&charge=2&value=K.LLQFLNPDPLR.A,TDRD12,9.089e+5,2.927,0.005,2.300,0.000
37108,3,"  4.333","  0.631",17/52,/core/www/modules//sdig/index.php?run_id=110202&search_id=114132&scans_id=110198&peptide_id=29278&scanf=37108&charge=3&value=17/52,sp|P62826|RAN_HUMAN,/core/www/modules//consensus/?run_id=110202&search_id=114132&scans_id=110198&peptide_id=29278&scanf=37108&charge=3&value=sp|P62826|RAN_HUMAN,4,/core/www/modules/match_peptides/blast_html4.php?run_id=110202&search_id=114132&scans_id=110198&peptide_id=29278&scanf=37108&charge=3&value=4,K.SNYNFEKPFLWLAR.K,/core/www/modules/show_out/show_out_wrapper.php?run_id=110202&search_id=114132&scans_id=110198&peptide_id=29278&scanf=37108&charge=3&value=K.SNYNFEKPFLWLAR.K,RAN,2.481e+7,3.627,0.000,3.337,0.000
37109,2,"  2.509","  0.331",11/20,/core/www/modules//sdig/index.php?run_id=110202&search_id=114132&scans_id=110198&peptide_id=29279&scanf=37109&charge=2&value=11/20,sp|Q9NU22|MDN1_HUMAN,/core/www/modules//consensus/?run_id=110202&search_id=114132&scans_id=110198&peptide_id=29279&scanf=37109&charge=2&value=sp|Q9NU22|MDN1_HUMAN,0,/core/www/modules/match_peptides/blast_html4.php?run_id=110202&search_id=114132&scans_id=110198&peptide_id=29279&scanf=37109&charge=2&value=0,K.IISAISELLER.L,/core/www/modules/show_out/show_out_wrapper.php?run_id=110202&search_id=114132&scans_id=110198&peptide_id=29279&scanf=37109&charge=2&value=K.IISAISELLER.L,MDN1,9.050e+6,2.674,0.012,1.928,0.000
37110,3,"  4.538","  0.367",15/104,/core/www/modules//sdig/index.php?run_id=110202&search_id=114132&scans_id=110198&peptide_id=29281&scanf=37110&charge=3&value=15/104,sp|Q9NVZ3|NECP2_HUMAN,/core/www/modules//consensus/?run_id=110202&search_id=114132&scans_id=110198&peptide_id=29281&scanf=37110&charge=3&value=sp|Q9NVZ3|NECP2_HUMAN,2,/core/www/modules/match_peptides/blast_html4.php?run_id=110202&search_id=114132&scans_id=110198&peptide_id=29281&scanf=37110&charge=3&value=2,R.TSGELFAQAPVDQFPGTAVESVTDSSR.Y,/core/www/modules/show_out/show_out_wrapper.php?run_id=110202&search_id=114132&scans_id=110198&peptide_id=29281&scanf=37110&charge=3&value=R.TSGELFAQAPVDQFPGTAVESVTDSSR.Y,NECAP2,2.303e+6,2.035,0.096,1.019,0.005
37117,3,"  3.433","  0.399",19/80,/core/www/modules//sdig/index.php?run_id=110202&search_id=114132&scans_id=110198&peptide_id=29288&scanf=37117&charge=3&value=19/80,sp|Q6ZN55|ZN574_HUMAN,/core/www/modules//consensus/?run_id=110202&search_id=114132&scans_id=110198&peptide_id=29288&scanf=37117&charge=3&value=sp|Q6ZN55|ZN574_HUMAN,1,/core/www/modules/match_peptides/blast_html4.php?run_id=110202&search_id=114132&scans_id=110198&peptide_id=29288&scanf=37117&charge=3&value=1,K.APAPVVLGSPVVLGPPVGQAR.V,/core/www/modules/show_out/show_out_wrapper.php?run_id=110202&search_id=114132&scans_id=110198&peptide_id=29288&scanf=37117&charge=3&value=K.APAPVVLGSPVVLGPPVGQAR.V,ZNF574,4.339e+6,2.444,0.026,1.593,0.001
37121,2,"  2.581","  0.460",6/28,/core/www/modules//sdig/index.php?run_id=110202&search_id=114132&scans_id=110198&peptide_id=29293&scanf=37121&charge=2&value=6/28,sp|P31939|PUR9_HUMAN,/core/www/modules//consensus/?run_id=110202&search_id=114132&scans_id=110198&peptide_id=29293&scanf=37121&charge=2&value=sp|P31939|PUR9_HUMAN,1,/core/www/modules/match_peptides/blast_html4.php?run_id=110202&search_id=114132&scans_id=110198&peptide_id=29293&scanf=37121&charge=2&value=1,R.DVSELTGFPEMLGGR.V,/core/www/modules/show_out/show_out_wrapper.php?run_id=110202&search_id=114132&scans_id=110198&peptide_id=29293&scanf=37121&charge=2&value=R.DVSELTGFPEMLGGR.V,ATIC,1.280e+6,2.348,0.035,1.454,0.001
37132,3,"  4.674","  0.434",13/68,/core/www/modules//sdig/index.php?run_id=110202&search_id=114132&scans_id=110198&peptide_id=29304&scanf=37132&charge=3&value=13/68,sp|Q5UIP0|RIF1_HUMAN,/core/www/modules//consensus/?run_id=110202&search_id=114132&scans_id=110198&peptide_id=29304&scanf=37132&charge=3&value=sp|Q5UIP0|RIF1_HUMAN,1,/core/www/modules/match_peptides/blast_html4.php?run_id=110202&search_id=114132&scans_id=110198&peptide_id=29304&scanf=37132&charge=3&value=1,K.GETHSAVVDFEALNVIVR.L,/core/www/modules/show_out/show_out_wrapper.php?run_id=110202&search_id=114132&scans_id=110198&peptide_id=29304&scanf=37132&charge=3&value=K.GETHSAVVDFEALNVIVR.L,RIF1,1.762e+6,2.769,0.009,2.068,0.000
37135,2,"  1.948","  0.427",8/16,/core/www/modules//sdig/index.php?run_id=110202&search_id=114132&scans_id=110198&peptide_id=29307&scanf=37135&charge=2&value=8/16,sp|Q8NBS9|TXND5_HUMAN,/core/www/modules//consensus/?run_id=110202&search_id=114132&scans_id=110198&peptide_id=29307&scanf=37135&charge=2&value=sp|Q8NBS9|TXND5_HUMAN,0,/core/www/modules/match_peptides/blast_html4.php?run_id=110202&search_id=114132&scans_id=110198&peptide_id=29307&scanf=37135&charge=2&value=0,R.GYPTLLLFR.G,/core/www/modules/show_out/show_out_wrapper.php?run_id=110202&search_id=114132&scans_id=110198&peptide_id=29307&scanf=37135&charge=2&value=R.GYPTLLLFR.G,TXNDC5,5.785e+6,2.695,0.011,1.960,0.000
37136,3,"  4.385","  0.458",12/92,/core/www/modules//sdig/index.php?run_id=110202&search_id=114132&scans_id=110198&peptide_id=29308&scanf=37136&charge=3&value=12/92,KAC4_RABIT,/core/www/modules//consensus/?run_id=110202&search_id=114132&scans_id=110198&peptide_id=29308&scanf=37136&charge=3&value=KAC4_RABIT,0,/core/www/modules/match_peptides/blast_html4.php?run_id=110202&search_id=114132&scans_id=110198&peptide_id=29308&scanf=37136&charge=3&value=0,K.YFPDVTVTWEVDGTTQTTGIENSK.T,/core/www/modules/show_out/show_out_wrapper.php?run_id=110202&search_id=114132&scans_id=110198&peptide_id=29308&scanf=37136&charge=3&value=K.YFPDVTVTWEVDGTTQTTGIENSK.T,,2.015e+6,2.494,0.022,1.666,0.001
37139,3,"  3.738","  0.512",15/88,/core/www/modules//sdig/index.php?run_id=110202&search_id=114132&scans_id=110198&peptide_id=29311&scanf=37139&charge=3&value=15/88,sp|P11498|PYC_HUMAN,/core/www/modules//consensus/?run_id=110202&search_id=114132&scans_id=110198&peptide_id=29311&scanf=37139&charge=3&value=sp|P11498|PYC_HUMAN,1,/core/www/modules/match_peptides/blast_html4.php?run_id=110202&search_id=114132&scans_id=110198&peptide_id=29311&scanf=37139&charge=3&value=1,K.ASPSPTDPVVPAVPIGPPPAGFR.D,/core/www/modules/show_out/show_out_wrapper.php?run_id=110202&search_id=114132&scans_id=110198&peptide_id=29311&scanf=37139&charge=3&value=K.ASPSPTDPVVPAVPIGPPPAGFR.D,PC,1.200e+6,2.725,0.010,2.002,0.000
37141,3,"  2.929","  0.405",16/56,/core/www/modules//sdig/index.php?run_id=110202&search_id=114132&scans_id=110198&peptide_id=29314&scanf=37141&charge=3&value=16/56,sp|Q96FW1|OTUB1_HUMAN,/core/www/modules//consensus/?run_id=110202&search_id=114132&scans_id=110198&peptide_id=29314&scanf=37141&charge=3&value=sp|Q96FW1|OTUB1_HUMAN,3,/core/www/modules/match_peptides/blast_html4.php?run_id=110202&search_id=114132&scans_id=110198&peptide_id=29314&scanf=37141&charge=3&value=3,R.AFGFSHLEALLDDSK.E,/core/www/modules/show_out/show_out_wrapper.php?run_id=110202&search_id=114132&scans_id=110198&peptide_id=29314&scanf=37141&charge=3&value=R.AFGFSHLEALLDDSK.E,OTUB1,5.065e+6,2.779,0.008,2.083,0.000
37149,3,"  5.397","  0.650",23/76,/core/www/modules//sdig/index.php?run_id=110202&search_id=114132&scans_id=110198&peptide_id=29321&scanf=37149&charge=3&value=23/76,sp|Q9H6R4|NOL6_HUMAN,/core/www/modules//consensus/?run_id=110202&search_id=114132&scans_id=110198&peptide_id=29321&scanf=37149&charge=3&value=sp|Q9H6R4|NOL6_HUMAN,1,/core/www/modules/match_peptides/blast_html4.php?run_id=110202&search_id=114132&scans_id=110198&peptide_id=29321&scanf=37149&charge=3&value=1,R.VPSVPETELTDQAWLPAGVR.V,/core/www/modules/show_out/show_out_wrapper.php?run_id=110202&search_id=114132&scans_id=110198&peptide_id=29321&scanf=37149&charge=3&value=R.VPSVPETELTDQAWLPAGVR.V,NOL6,1.029e+7,3.630,0.000,3.340,0.000
37150,4,"  7.001","  0.642",24/156,/core/www/modules//sdig/index.php?run_id=110202&search_id=114132&scans_id=110198&peptide_id=29323&scanf=37150&charge=4&value=24/156,sp|Q9UBU9|NXF1_HUMAN,/core/www/modules//consensus/?run_id=110202&search_id=114132&scans_id=110198&peptide_id=29323&scanf=37150&charge=4&value=sp|Q9UBU9|NXF1_HUMAN,2,/core/www/modules/match_peptides/blast_html4.php?run_id=110202&search_id=114132&scans_id=110198&peptide_id=29323&scanf=37150&charge=4&value=2,R.ISIIINSSAPPHTILNELKPEQVEQLK.L,/core/www/modules/show_out/show_out_wrapper.php?run_id=110202&search_id=114132&scans_id=110198&peptide_id=29323&scanf=37150&charge=4&value=R.ISIIINSSAPPHTILNELKPEQVEQLK.L,NXF1,6.134e+6,3.695,0.000,3.437,0.000
37154,3,"  2.186","  0.388",11/40,/core/www/modules//sdig/index.php?run_id=110202&search_id=114132&scans_id=110198&peptide_id=29327&scanf=37154&charge=3&value=11/40,sp|Q9BQG0|MBB1A_HUMAN,/core/www/modules//consensus/?run_id=110202&search_id=114132&scans_id=110198&peptide_id=29327&scanf=37154&charge=3&value=sp|Q9BQG0|MBB1A_HUMAN,1,/core/www/modules/match_peptides/blast_html4.php?run_id=110202&search_id=114132&scans_id=110198&peptide_id=29327&scanf=37154&charge=3&value=1,R.KLPAIALDLLR.L,/core/www/modules/show_out/show_out_wrapper.php?run_id=110202&search_id=114132&scans_id=110198&peptide_id=29327&scanf=37154&charge=3&value=R.KLPAIALDLLR.L,MYBBP1A,4.499e+7,2.670,0.012,1.922,0.000
37155,3,"  2.616","  0.243",13/52,/core/www/modules//sdig/index.php?run_id=110202&search_id=114132&scans_id=110198&peptide_id=29328&scanf=37155&charge=3&value=13/52,sp|Q14690|RRP5_HUMAN,/core/www/modules//consensus/?run_id=110202&search_id=114132&scans_id=110198&peptide_id=29328&scanf=37155&charge=3&value=sp|Q14690|RRP5_HUMAN,1,/core/www/modules/match_peptides/blast_html4.php?run_id=110202&search_id=114132&scans_id=110198&peptide_id=29328&scanf=37155&charge=3&value=1,R.GLVPPMHLADILM*K.N,/core/www/modules/show_out/show_out_wrapper.php?run_id=110202&search_id=114132&scans_id=110198&peptide_id=29328&scanf=37155&charge=3&value=R.GLVPPMHLADILM*K.N,PDCD11,2.180e+6,2.340,0.036,1.444,0.001
37157,3,"  2.887","  0.481",13/92,/core/www/modules//sdig/index.php?run_id=110202&search_id=114132&scans_id=110198&peptide_id=29330&scanf=37157&charge=3&value=13/92,sp|Q9UKD2|MRT4_HUMAN,/core/www/modules//consensus/?run_id=110202&search_id=114132&scans_id=110198&peptide_id=29330&scanf=37157&charge=3&value=sp|Q9UKD2|MRT4_HUMAN,0,/core/www/modules/match_peptides/blast_html4.php?run_id=110202&search_id=114132&scans_id=110198&peptide_id=29330&scanf=37157&charge=3&value=0,K.AAFTVSLDPGPLEQFPHSM*EPQLR.Q,/core/www/modules/show_out/show_out_wrapper.php?run_id=110202&search_id=114132&scans_id=110198&peptide_id=29330&scanf=37157&charge=3&value=K.AAFTVSLDPGPLEQFPHSM*EPQLR.Q,MRTO4,2.051e+6,2.419,0.028,1.557,0.001
37158,3,"  2.728","  0.317",8/72,/core/www/modules//sdig/index.php?run_id=110202&search_id=114132&scans_id=110198&peptide_id=29331&scanf=37158&charge=3&value=8/72,sp|Q13868|EXOS2_HUMAN,/core/www/modules//consensus/?run_id=110202&search_id=114132&scans_id=110198&peptide_id=29331&scanf=37158&charge=3&value=sp|Q13868|EXOS2_HUMAN,2,/core/www/modules/match_peptides/blast_html4.php?run_id=110202&search_id=114132&scans_id=110198&peptide_id=29331&scanf=37158&charge=3&value=2,K.EEEAGGFIANLEPVSLADR.E,/core/www/modules/show_out/show_out_wrapper.php?run_id=110202&search_id=114132&scans_id=110198&peptide_id=29331&scanf=37158&charge=3&value=K.EEEAGGFIANLEPVSLADR.E,EXOSC2,1.119e+6,2.017,0.101,0.995,0.005
37159,3,"  2.679","  0.192",12/64,/core/www/modules//sdig/index.php?run_id=110202&search_id=114132&scans_id=110198&peptide_id=29332&scanf=37159&charge=3&value=12/64,sp|Q8WWQ0|PHIP_HUMAN,/core/www/modules//consensus/?run_id=110202&search_id=114132&scans_id=110198&peptide_id=29332&scanf=37159&charge=3&value=sp|Q8WWQ0|PHIP_HUMAN,5,/core/www/modules/match_peptides/blast_html4.php?run_id=110202&search_id=114132&scans_id=110198&peptide_id=29332&scanf=37159&charge=3&value=5,R.LSAFFEEHISSVLSDYK.S,/core/www/modules/show_out/show_out_wrapper.php?run_id=110202&search_id=114132&scans_id=110198&peptide_id=29332&scanf=37159&charge=3&value=R.LSAFFEEHISSVLSDYK.S,PHIP,1.322e+6,1.857,0.163,0.788,0.009
37163,2,"  2.345","  0.338",10/28,/core/www/modules//sdig/index.php?run_id=110202&search_id=114132&scans_id=110198&peptide_id=29337&scanf=37163&charge=2&value=10/28,sp|Q16643|DREB_HUMAN,/core/www/modules//consensus/?run_id=110202&search_id=114132&scans_id=110198&peptide_id=29337&scanf=37163&charge=2&value=sp|Q16643|DREB_HUMAN,3,/core/www/modules/match_peptides/blast_html4.php?run_id=110202&search_id=114132&scans_id=110198&peptide_id=29337&scanf=37163&charge=2&value=3,K.YVLINWVGEDVPDAR.K,/core/www/modules/show_out/show_out_wrapper.php?run_id=110202&search_id=114132&scans_id=110198&peptide_id=29337&scanf=37163&charge=2&value=K.YVLINWVGEDVPDAR.K,DBN1,1.087e+6,2.188,0.059,1.229,0.002
37166,2,"  3.272","  0.490",12/26,/core/www/modules//sdig/index.php?run_id=110202&search_id=114132&scans_id=110198&peptide_id=29340&scanf=37166&charge=2&value=12/26,sp|Q7Z478|DHX29_HUMAN,/core/www/modules//consensus/?run_id=110202&search_id=114132&scans_id=110198&peptide_id=29340&scanf=37166&charge=2&value=sp|Q7Z478|DHX29_HUMAN,0,/core/www/modules/match_peptides/blast_html4.php?run_id=110202&search_id=114132&scans_id=110198&peptide_id=29340&scanf=37166&charge=2&value=0,R.ASQTLSFQEIALLK.A,/core/www/modules/show_out/show_out_wrapper.php?run_id=110202&search_id=114132&scans_id=110198&peptide_id=29340&scanf=37166&charge=2&value=R.ASQTLSFQEIALLK.A,DHX29,7.505e+5,2.884,0.006,2.236,0.000
37167,2,"  4.890","  0.737",18/34,/core/www/modules//sdig/index.php?run_id=110202&search_id=114132&scans_id=110198&peptide_id=29341&scanf=37167&charge=2&value=18/34,sp|Q7Z2T5|TRM1L_HUMAN,/core/www/modules//consensus/?run_id=110202&search_id=114132&scans_id=110198&peptide_id=29341&scanf=37167&charge=2&value=sp|Q7Z2T5|TRM1L_HUMAN,1,/core/www/modules/match_peptides/blast_html4.php?run_id=110202&search_id=114132&scans_id=110198&peptide_id=29341&scanf=37167&charge=2&value=1,R.NLGIVSVTSTDISSLYAK.A,/core/www/modules/show_out/show_out_wrapper.php?run_id=110202&search_id=114132&scans_id=110198&peptide_id=29341&scanf=37167&charge=2&value=R.NLGIVSVTSTDISSLYAK.A,TRMT1L,1.575e+6,3.769,0.000,3.547,0.000
37170,3,"  1.561","  0.408",13/52,/core/www/modules//sdig/index.php?run_id=110202&search_id=114132&scans_id=110198&peptide_id=29344&scanf=37170&charge=3&value=13/52,sp|P18124|RL7_HUMAN,/core/www/modules//consensus/?run_id=110202&search_id=114132&scans_id=110198&peptide_id=29344&scanf=37170&charge=3&value=sp|P18124|RL7_HUMAN,1,/core/www/modules/match_peptides/blast_html4.php?run_id=110202&search_id=114132&scans_id=110198&peptide_id=29344&scanf=37170&charge=3&value=1,R.IVEPYIAWGYPNLK.S,/core/www/modules/show_out/show_out_wrapper.php?run_id=110202&search_id=114132&scans_id=110198&peptide_id=29344&scanf=37170&charge=3&value=R.IVEPYIAWGYPNLK.S,RPL7,1.699e+7,2.710,0.010,1.981,0.000
37172,3,"  6.062","  0.661",20/100,/core/www/modules//sdig/index.php?run_id=110202&search_id=114132&scans_id=110198&peptide_id=29346&scanf=37172&charge=3&value=20/100,sp|Q9UL03|INT6_HUMAN,/core/www/modules//consensus/?run_id=110202&search_id=114132&scans_id=110198&peptide_id=29346&scanf=37172&charge=3&value=sp|Q9UL03|INT6_HUMAN,1,/core/www/modules/match_peptides/blast_html4.php?run_id=110202&search_id=114132&scans_id=110198&peptide_id=29346&scanf=37172&charge=3&value=1,K.LTTTSGVQDELHLPLNSPLPGSELTK.E,/core/www/modules/show_out/show_out_wrapper.php?run_id=110202&search_id=114132&scans_id=110198&peptide_id=29346&scanf=37172&charge=3&value=K.LTTTSGVQDELHLPLNSPLPGSELTK.E,INTS6,3.588e+6,3.288,0.001,2.834,0.000
37173,2,"  3.632","  0.575",14/24,/core/www/modules//sdig/index.php?run_id=110202&search_id=114132&scans_id=110198&peptide_id=29347&scanf=37173&charge=2&value=14/24,sp|P51149|RAB7A_HUMAN,/core/www/modules//consensus/?run_id=110202&search_id=114132&scans_id=110198&peptide_id=29347&scanf=37173&charge=2&value=sp|P51149|RAB7A_HUMAN,5,/core/www/modules/match_peptides/blast_html4.php?run_id=110202&search_id=114132&scans_id=110198&peptide_id=29347&scanf=37173&charge=2&value=5,R.DPENFPFVVLGNK.I,/core/www/modules/show_out/show_out_wrapper.php?run_id=110202&search_id=114132&scans_id=110198&peptide_id=29347&scanf=37173&charge=2&value=R.DPENFPFVVLGNK.I,RAB7A,1.644e+7,3.319,0.001,2.880,0.000
37175,3,"  4.195","  0.591",13/88,/core/www/modules//sdig/index.php?run_id=110202&search_id=114132&scans_id=110198&peptide_id=29349&scanf=37175&charge=3&value=13/88,sp|P61978|HNRPK_HUMAN,/core/www/modules//consensus/?run_id=110202&search_id=114132&scans_id=110198&peptide_id=29349&scanf=37175&charge=3&value=sp|P61978|HNRPK_HUMAN,0,/core/www/modules/match_peptides/blast_html4.php?run_id=110202&search_id=114132&scans_id=110198&peptide_id=29349&scanf=37175&charge=3&value=0,R.IITITGTQDQIQNAQYLLQNSVK.Q,/core/www/modules/show_out/show_out_wrapper.php?run_id=110202&search_id=114132&scans_id=110198&peptide_id=29349&scanf=37175&charge=3&value=R.IITITGTQDQIQNAQYLLQNSVK.Q,HNRNPK,2.545e+6,3.152,0.002,2.633,0.000
37177,2,"  4.228","  0.503",14/24,/core/www/modules//sdig/index.php?run_id=110202&search_id=114132&scans_id=110198&peptide_id=29351&scanf=37177&charge=2&value=14/24,sp|Q14839|CHD4_HUMAN,/core/www/modules//consensus/?run_id=110202&search_id=114132&scans_id=110198&peptide_id=29351&scanf=37177&charge=2&value=sp|Q14839|CHD4_HUMAN,19,/core/www/modules/match_peptides/blast_html4.php?run_id=110202&search_id=114132&scans_id=110198&peptide_id=29351&scanf=37177&charge=2&value=19,K.TVQTAVFLYSLYK.E,/core/www/modules/show_out/show_out_wrapper.php?run_id=110202&search_id=114132&scans_id=110198&peptide_id=29351&scanf=37177&charge=2&value=K.TVQTAVFLYSLYK.E,CHD4,5.508e+6,3.230,0.002,2.747,0.000
37179,3,"  3.092","  0.529",20/80,/core/www/modules//sdig/index.php?run_id=110202&search_id=114132&scans_id=110198&peptide_id=29353&scanf=37179&charge=3&value=20/80,sp|P25787|PSA2_HUMAN,/core/www/modules//consensus/?run_id=110202&search_id=114132&scans_id=110198&peptide_id=29353&scanf=37179&charge=3&value=sp|P25787|PSA2_HUMAN,4,/core/www/modules/match_peptides/blast_html4.php?run_id=110202&search_id=114132&scans_id=110198&peptide_id=29353&scanf=37179&charge=3&value=4,K.LAQQYYLVYQEPIPTAQLVQR.V,/core/www/modules/show_out/show_out_wrapper.php?run_id=110202&search_id=114132&scans_id=110198&peptide_id=29353&scanf=37179&charge=3&value=K.LAQQYYLVYQEPIPTAQLVQR.V,PSMA2,1.444e+6,2.892,0.006,2.248,0.000
37180,2,"  2.671","  0.411",11/26,/core/www/modules//sdig/index.php?run_id=110202&search_id=114132&scans_id=110198&peptide_id=29355&scanf=37180&charge=2&value=11/26,sp|P62750|RL23A_HUMAN,/core/www/modules//consensus/?run_id=110202&search_id=114132&scans_id=110198&peptide_id=29355&scanf=37180&charge=2&value=sp|P62750|RL23A_HUMAN,5,/core/www/modules/match_peptides/blast_html4.php?run_id=110202&search_id=114132&scans_id=110198&peptide_id=29355&scanf=37180&charge=2&value=5,K.IEDNNTLVFIVDVK.A,/core/www/modules/show_out/show_out_wrapper.php?run_id=110202&search_id=114132&scans_id=110198&peptide_id=29355&scanf=37180&charge=2&value=K.IEDNNTLVFIVDVK.A,RPL23A,1.508e+6,2.494,0.022,1.666,0.001
37182,2,"  3.739","  0.506",13/28,/core/www/modules//sdig/index.php?run_id=110202&search_id=114132&scans_id=110198&peptide_id=29357&scanf=37182&charge=2&value=13/28,sp|Q9NVC6|MED17_HUMAN,/core/www/modules//consensus/?run_id=110202&search_id=114132&scans_id=110198&peptide_id=29357&scanf=37182&charge=2&value=sp|Q9NVC6|MED17_HUMAN,11,/core/www/modules/match_peptides/blast_html4.php?run_id=110202&search_id=114132&scans_id=110198&peptide_id=29357&scanf=37182&charge=2&value=11,K.QAPDIGDLGTVNLFK.R,/core/www/modules/show_out/show_out_wrapper.php?run_id=110202&search_id=114132&scans_id=110198&peptide_id=29357&scanf=37182&charge=2&value=K.QAPDIGDLGTVNLFK.R,MED17,2.100e+6,2.898,0.006,2.257,0.000
37186,2,"  2.633","  0.486",11/20,/core/www/modules//sdig/index.php?run_id=110202&search_id=114132&scans_id=110198&peptide_id=29361&scanf=37186&charge=2&value=11/20,sp|P40926|MDHM_HUMAN,/core/www/modules//consensus/?run_id=110202&search_id=114132&scans_id=110198&peptide_id=29361&scanf=37186&charge=2&value=sp|P40926|MDHM_HUMAN,1,/core/www/modules/match_peptides/blast_html4.php?run_id=110202&search_id=114132&scans_id=110198&peptide_id=29361&scanf=37186&charge=2&value=1,K.IFGVTTLDIVR.A,/core/www/modules/show_out/show_out_wrapper.php?run_id=110202&search_id=114132&scans_id=110198&peptide_id=29361&scanf=37186&charge=2&value=K.IFGVTTLDIVR.A,MDH2,1.077e+8,3.159,0.002,2.643,0.000
37187,2,"  3.365","  0.589",12/24,/core/www/modules//sdig/index.php?run_id=110202&search_id=114132&scans_id=110198&peptide_id=29362&scanf=37187&charge=2&value=12/24,sp|O15198|SMAD9_HUMAN,/core/www/modules//consensus/?run_id=110202&search_id=114132&scans_id=110198&peptide_id=29362&scanf=37187&charge=2&value=sp|O15198|SMAD9_HUMAN,8,/core/www/modules/match_peptides/blast_html4.php?run_id=110202&search_id=114132&scans_id=110198&peptide_id=29362&scanf=37187&charge=2&value=8,R.VETPVLPPVLVPR.H,/core/www/modules/show_out/show_out_wrapper.php?run_id=110202&search_id=114132&scans_id=110198&peptide_id=29362&scanf=37187&charge=2&value=R.VETPVLPPVLVPR.H,SMAD9,5.005e+6,3.266,0.002,2.802,0.000
37189,4,"  2.701","  0.445",16/90,/core/www/modules//sdig/index.php?run_id=110202&search_id=114132&scans_id=110198&peptide_id=29364&scanf=37189&charge=4&value=16/90,sp|Q6P9B6|MEAK7_HUMAN,/core/www/modules//consensus/?run_id=110202&search_id=114132&scans_id=110198&peptide_id=29364&scanf=37189&charge=4&value=sp|Q6P9B6|MEAK7_HUMAN,2,/core/www/modules/match_peptides/blast_html4.php?run_id=110202&search_id=114132&scans_id=110198&peptide_id=29364&scanf=37189&charge=4&value=2,K.FTEDLVGSVVHVLSHR.Q,/core/www/modules/show_out/show_out_wrapper.php?run_id=110202&search_id=114132&scans_id=110198&peptide_id=29364&scanf=37189&charge=4&value=K.FTEDLVGSVVHVLSHR.Q,MEAK7,2.473e+6,3.149,0.002,2.628,0.000
37193,3,"  4.526","  0.586",14/84,/core/www/modules//sdig/index.php?run_id=110202&search_id=114132&scans_id=110198&peptide_id=29368&scanf=37193&charge=3&value=14/84,sp|P40616|ARL1_HUMAN,/core/www/modules//consensus/?run_id=110202&search_id=114132&scans_id=110198&peptide_id=29368&scanf=37193&charge=3&value=sp|P40616|ARL1_HUMAN,2,/core/www/modules/match_peptides/blast_html4.php?run_id=110202&search_id=114132&scans_id=110198&peptide_id=29368&scanf=37193&charge=3&value=2,K.QDMEQAMTSSEMANSLGLPALK.D,/core/www/modules/show_out/show_out_wrapper.php?run_id=110202&search_id=114132&scans_id=110198&peptide_id=29368&scanf=37193&charge=3&value=K.QDMEQAMTSSEMANSLGLPALK.D,ARL1,3.429e+6,3.043,0.003,2.471,0.000
37201,3,"  2.021","  0.000",11/56,/core/www/modules//sdig/index.php?run_id=110202&search_id=114132&scans_id=110198&peptide_id=29377&scanf=37201&charge=3&value=11/56,sp|P08238|HS90B_HUMAN,/core/www/modules//consensus/?run_id=110202&search_id=114132&scans_id=110198&peptide_id=29377&scanf=37201&charge=3&value=sp|P08238|HS90B_HUMAN,0,/core/www/modules/match_peptides/blast_html4.php?run_id=110202&search_id=114132&scans_id=110198&peptide_id=29377&scanf=37201&charge=3&value=0,K.HSQFIGYPITLYLEK.E,/core/www/modules/show_out/show_out_wrapper.php?run_id=110202&search_id=114132&scans_id=110198&peptide_id=29377&scanf=37201&charge=3&value=K.HSQFIGYPITLYLEK.E,HSP90AB1,3.152e+7,2.057,0.089,1.049,0.004
37204,3,"  4.463","  0.359",15/72,/core/www/modules//sdig/index.php?run_id=110202&search_id=114132&scans_id=110198&peptide_id=29380&scanf=37204&charge=3&value=15/72,sp|Q9ULR0|ISY1_HUMAN,/core/www/modules//consensus/?run_id=110202&search_id=114132&scans_id=110198&peptide_id=29380&scanf=37204&charge=3&value=sp|Q9ULR0|ISY1_HUMAN,0,/core/www/modules/match_peptides/blast_html4.php?run_id=110202&search_id=114132&scans_id=110198&peptide_id=29380&scanf=37204&charge=3&value=0,K.FIAHVPVPSQQEIEEALVR.R,/core/www/modules/show_out/show_out_wrapper.php?run_id=110202&search_id=114132&scans_id=110198&peptide_id=29380&scanf=37204&charge=3&value=K.FIAHVPVPSQQEIEEALVR.R,ISY1,6.337e+6,2.402,0.029,1.533,0.001
37208,3,"  2.205","  0.370",10/60,/core/www/modules//sdig/index.php?run_id=110202&search_id=114132&scans_id=110198&peptide_id=29384&scanf=37208&charge=3&value=10/60,sp|O14802|RPC1_HUMAN,/core/www/modules//consensus/?run_id=110202&search_id=114132&scans_id=110198&peptide_id=29384&scanf=37208&charge=3&value=sp|O14802|RPC1_HUMAN,2,/core/www/modules/match_peptides/blast_html4.php?run_id=110202&search_id=114132&scans_id=110198&peptide_id=29384&scanf=37208&charge=3&value=2,R.LPPPTILKPVTLWTGK.Q,/core/www/modules/show_out/show_out_wrapper.php?run_id=110202&search_id=114132&scans_id=110198&peptide_id=29384&scanf=37208&charge=3&value=R.LPPPTILKPVTLWTGK.Q,POLR3A,1.882e+6,2.361,0.034,1.474,0.001
37213,2,"  2.125","  0.438",13/26,/core/www/modules//sdig/index.php?run_id=110202&search_id=114132&scans_id=110198&peptide_id=29388&scanf=37213&charge=2&value=13/26,sp|Q07955|SRSF1_HUMAN,/core/www/modules//consensus/?run_id=110202&search_id=114132&scans_id=110198&peptide_id=29388&scanf=37213&charge=2&value=sp|Q07955|SRSF1_HUMAN,3,/core/www/modules/match_peptides/blast_html4.php?run_id=110202&search_id=114132&scans_id=110198&peptide_id=29388&scanf=37213&charge=2&value=3,R.GGPPFAFVEFEDPR.D,/core/www/modules/show_out/show_out_wrapper.php?run_id=110202&search_id=114132&scans_id=110198&peptide_id=29388&scanf=37213&charge=2&value=R.GGPPFAFVEFEDPR.D,SRSF1,1.106e+8,2.870,0.006,2.217,0.000
37214,2,"  2.752","  0.478",13/18,/core/www/modules//sdig/index.php?run_id=110202&search_id=114132&scans_id=110198&peptide_id=29389&scanf=37214&charge=2&value=13/18,sp|P08670|VIME_HUMAN,/core/www/modules//consensus/?run_id=110202&search_id=114132&scans_id=110198&peptide_id=29389&scanf=37214&charge=2&value=sp|P08670|VIME_HUMAN,2,/core/www/modules/match_peptides/blast_html4.php?run_id=110202&search_id=114132&scans_id=110198&peptide_id=29389&scanf=37214&charge=2&value=2,K.ILLAELEQLK.G,/core/www/modules/show_out/show_out_wrapper.php?run_id=110202&search_id=114132&scans_id=110198&peptide_id=29389&scanf=37214&charge=2&value=K.ILLAELEQLK.G,VIM,2.375e+9,3.842,0.000,3.655,0.000
37215,3,"  4.136","  0.657",16/52,/core/www/modules//sdig/index.php?run_id=110202&search_id=114132&scans_id=110198&peptide_id=29390&scanf=37215&charge=3&value=16/52,sp|Q12905|ILF2_HUMAN,/core/www/modules//consensus/?run_id=110202&search_id=114132&scans_id=110198&peptide_id=29390&scanf=37215&charge=3&value=sp|Q12905|ILF2_HUMAN,2,/core/www/modules/match_peptides/blast_html4.php?run_id=110202&search_id=114132&scans_id=110198&peptide_id=29390&scanf=37215&charge=3&value=2,K.ILPTLEAVAALGNK.V,/core/www/modules/show_out/show_out_wrapper.php?run_id=110202&search_id=114132&scans_id=110198&peptide_id=29390&scanf=37215&charge=3&value=K.ILPTLEAVAALGNK.V,ILF2,5.722e+7,3.863,0.000,3.686,0.000
37222,2,"  3.731","  0.635",14/26,/core/www/modules//sdig/index.php?run_id=110202&search_id=114132&scans_id=110198&peptide_id=29398&scanf=37222&charge=2&value=14/26,sp|P27694|RFA1_HUMAN,/core/www/modules//consensus/?run_id=110202&search_id=114132&scans_id=110198&peptide_id=29398&scanf=37222&charge=2&value=sp|P27694|RFA1_HUMAN,0,/core/www/modules/match_peptides/blast_html4.php?run_id=110202&search_id=114132&scans_id=110198&peptide_id=29398&scanf=37222&charge=2&value=0,K.LFSLELVDESGEIR.A,/core/www/modules/show_out/show_out_wrapper.php?run_id=110202&search_id=114132&scans_id=110198&peptide_id=29398&scanf=37222&charge=2&value=K.LFSLELVDESGEIR.A,RPA1,3.710e+6,3.504,0.001,3.154,0.000
37224,4,"  4.790","  0.551",21/144,/core/www/modules//sdig/index.php?run_id=110202&search_id=114132&scans_id=110198&peptide_id=29400&scanf=37224&charge=4&value=21/144,sp|O14929|HAT1_HUMAN,/core/www/modules//consensus/?run_id=110202&search_id=114132&scans_id=110198&peptide_id=29400&scanf=37224&charge=4&value=sp|O14929|HAT1_HUMAN,0,/core/www/modules/match_peptides/blast_html4.php?run_id=110202&search_id=114132&scans_id=110198&peptide_id=29400&scanf=37224&charge=4&value=0,R.VSQMLILTPFQGQGHGAQLLETVHR.Y,/core/www/modules/show_out/show_out_wrapper.php?run_id=110202&search_id=114132&scans_id=110198&peptide_id=29400&scanf=37224&charge=4&value=R.VSQMLILTPFQGQGHGAQLLETVHR.Y,HAT1,3.185e+6,3.231,0.002,2.749,0.000
37226,3,"  3.560","  0.415",11/108,/core/www/modules//sdig/index.php?run_id=110202&search_id=114132&scans_id=110198&peptide_id=29402&scanf=37226&charge=3&value=11/108,sp|Q09666|AHNK_HUMAN,/core/www/modules//consensus/?run_id=110202&search_id=114132&scans_id=110198&peptide_id=29402&scanf=37226&charge=3&value=sp|Q09666|AHNK_HUMAN,0,/core/www/modules/match_peptides/blast_html4.php?run_id=110202&search_id=114132&scans_id=110198&peptide_id=29402&scanf=37226&charge=3&value=0,K.GGKPGLTIQAPQLEVSVPSANIEGLEGK.L,/core/www/modules/show_out/show_out_wrapper.php?run_id=110202&search_id=114132&scans_id=110198&peptide_id=29402&scanf=37226&charge=3&value=K.GGKPGLTIQAPQLEVSVPSANIEGLEGK.L,AHNAK,1.035e+6,2.167,0.063,1.199,0.002
37230,2,"  3.654","  0.630",16/34,/core/www/modules//sdig/index.php?run_id=110202&search_id=114132&scans_id=110198&peptide_id=29407&scanf=37230&charge=2&value=16/34,sp|Q9UBL3|ASH2L_HUMAN,/core/www/modules//consensus/?run_id=110202&search_id=114132&scans_id=110198&peptide_id=29407&scanf=37230&charge=2&value=sp|Q9UBL3|ASH2L_HUMAN,2,/core/www/modules/match_peptides/blast_html4.php?run_id=110202&search_id=114132&scans_id=110198&peptide_id=29407&scanf=37230&charge=2&value=2,R.LGWSQPLGNLQAPLGYDK.F,/core/www/modules/show_out/show_out_wrapper.php?run_id=110202&search_id=114132&scans_id=110198&peptide_id=29407&scanf=37230&charge=2&value=R.LGWSQPLGNLQAPLGYDK.F,ASH2L,1.347e+6,3.265,0.002,2.799,0.000
37233,4,"  6.853","  0.733",31/174,/core/www/modules//sdig/index.php?run_id=110202&search_id=114132&scans_id=110198&peptide_id=29409&scanf=37233&charge=4&value=31/174,sp|P60709|ACTB_HUMAN,/core/www/modules//consensus/?run_id=110202&search_id=114132&scans_id=110198&peptide_id=29409&scanf=37233&charge=4&value=sp|P60709|ACTB_HUMAN,9,/core/www/modules/match_peptides/blast_html4.php?run_id=110202&search_id=114132&scans_id=110198&peptide_id=29409&scanf=37233&charge=4&value=9,R.TTGIVMDSGDGVTHTVPIYEGYALPHAILR.L,/core/www/modules/show_out/show_out_wrapper.php?run_id=110202&search_id=114132&scans_id=110198&peptide_id=29409&scanf=37233&charge=4&value=R.TTGIVMDSGDGVTHTVPIYEGYALPHAILR.L,ACTB,4.315e+8,4.462,0.000,4.575,0.000
37234,2,"  2.050","  0.149",10/16,/core/www/modules//sdig/index.php?run_id=110202&search_id=114132&scans_id=110198&peptide_id=29410&scanf=37234&charge=2&value=10/16,sp|O60814|H2B1K_HUMAN,/core/www/modules//consensus/?run_id=110202&search_id=114132&scans_id=110198&peptide_id=29410&scanf=37234&charge=2&value=sp|O60814|H2B1K_HUMAN,16,/core/www/modules/match_peptides/blast_html4.php?run_id=110202&search_id=114132&scans_id=110198&peptide_id=29410&scanf=37234&charge=2&value=16,R.LLLPGELAK.H,/core/www/modules/show_out/show_out_wrapper.php?run_id=110202&search_id=114132&scans_id=110198&peptide_id=29410&scanf=37234&charge=2&value=R.LLLPGELAK.H,H2BC12,4.487e+9,2.342,0.036,1.446,0.001
37236,4,"  6.786","  0.693",28/216,/core/www/modules//sdig/index.php?run_id=110202&search_id=114132&scans_id=110198&peptide_id=29412&scanf=37236&charge=4&value=28/216,sp|Q8WVV9|HNRLL_HUMAN,/core/www/modules//consensus/?run_id=110202&search_id=114132&scans_id=110198&peptide_id=29412&scanf=37236&charge=4&value=sp|Q8WVV9|HNRLL_HUMAN,3,/core/www/modules/match_peptides/blast_html4.php?run_id=110202&search_id=114132&scans_id=110198&peptide_id=29412&scanf=37236&charge=4&value=3,R.DTPELVAYPLPQASSSYMHGGNPSGSVVMVSGLHQLK.M,/core/www/modules/show_out/show_out_wrapper.php?run_id=110202&search_id=114132&scans_id=110198&peptide_id=29412&scanf=37236&charge=4&value=R.DTPELVAYPLPQASSSYMHGGNPSGSVVMVSGLHQLK.M,HNRNPLL,1.097e+6,3.447,0.001,3.070,0.000
37239,2,"  3.220","  0.616",10/28,/core/www/modules//sdig/index.php?run_id=110202&search_id=114132&scans_id=110198&peptide_id=29415&scanf=37239&charge=2&value=10/28,sp|P52907|CAZA1_HUMAN,/core/www/modules//consensus/?run_id=110202&search_id=114132&scans_id=110198&peptide_id=29415&scanf=37239&charge=2&value=sp|P52907|CAZA1_HUMAN,0,/core/www/modules/match_peptides/blast_html4.php?run_id=110202&search_id=114132&scans_id=110198&peptide_id=29415&scanf=37239&charge=2&value=0,K.FTITPPTAQVVGVLK.I,/core/www/modules/show_out/show_out_wrapper.php?run_id=110202&search_id=114132&scans_id=110198&peptide_id=29415&scanf=37239&charge=2&value=K.FTITPPTAQVVGVLK.I,CAPZA1,2.050e+7,2.969,0.004,2.362,0.000
37244,3,"  3.217","  0.462",10/92,/core/www/modules//sdig/index.php?run_id=110202&search_id=114132&scans_id=110198&peptide_id=29421&scanf=37244&charge=3&value=10/92,sp|Q9HCK8|CHD8_HUMAN,/core/www/modules//consensus/?run_id=110202&search_id=114132&scans_id=110198&peptide_id=29421&scanf=37244&charge=3&value=sp|Q9HCK8|CHD8_HUMAN,2,/core/www/modules/match_peptides/blast_html4.php?run_id=110202&search_id=114132&scans_id=110198&peptide_id=29421&scanf=37244&charge=3&value=2,R.SSSAASMAEEEASAVSTAAAQFTK.L,/core/www/modules/show_out/show_out_wrapper.php?run_id=110202&search_id=114132&scans_id=110198&peptide_id=29421&scanf=37244&charge=3&value=R.SSSAASMAEEEASAVSTAAAQFTK.L,CHD8,1.138e+6,2.328,0.037,1.427,0.001
37245,3,"  3.538","  0.553",15/92,/core/www/modules//sdig/index.php?run_id=110202&search_id=114132&scans_id=110198&peptide_id=29422&scanf=37245&charge=3&value=15/92,sp|P0DMV8|HS71A_HUMAN,/core/www/modules//consensus/?run_id=110202&search_id=114132&scans_id=110198&peptide_id=29422&scanf=37245&charge=3&value=sp|P0DMV8|HS71A_HUMAN,5,/core/www/modules/match_peptides/blast_html4.php?run_id=110202&search_id=114132&scans_id=110198&peptide_id=29422&scanf=37245&charge=3&value=5,K.QTQIFTTYSDNQPGVLIQVYEGER.A,/core/www/modules/show_out/show_out_wrapper.php?run_id=110202&search_id=114132&scans_id=110198&peptide_id=29422&scanf=37245&charge=3&value=K.QTQIFTTYSDNQPGVLIQVYEGER.A,HSPA1A,1.285e+6,2.804,0.008,2.119,0.000
37247,2,"  2.353","  0.179",10/22,/core/www/modules//sdig/index.php?run_id=110202&search_id=114132&scans_id=110198&peptide_id=29424&scanf=37247&charge=2&value=10/22,sp|P02649|APOE_HUMAN,/core/www/modules//consensus/?run_id=110202&search_id=114132&scans_id=110198&peptide_id=29424&scanf=37247&charge=2&value=sp|P02649|APOE_HUMAN,0,/core/www/modules/match_peptides/blast_html4.php?run_id=110202&search_id=114132&scans_id=110198&peptide_id=29424&scanf=37247&charge=2&value=0,K.SWFEPLVEDMQR.Q,/core/www/modules/show_out/show_out_wrapper.php?run_id=110202&search_id=114132&scans_id=110198&peptide_id=29424&scanf=37247&charge=2&value=K.SWFEPLVEDMQR.Q,APOE,1.792e+6,1.863,0.160,0.795,0.008
37248,3,"  2.445","  0.378",12/48,/core/www/modules//sdig/index.php?run_id=110202&search_id=114132&scans_id=110198&peptide_id=29425&scanf=37248&charge=3&value=12/48,sp|Q14839|CHD4_HUMAN,/core/www/modules//consensus/?run_id=110202&search_id=114132&scans_id=110198&peptide_id=29425&scanf=37248&charge=3&value=sp|Q14839|CHD4_HUMAN,19,/core/www/modules/match_peptides/blast_html4.php?run_id=110202&search_id=114132&scans_id=110198&peptide_id=29425&scanf=37248&charge=3&value=19,K.TVQTAVFLYSLYK.E,/core/www/modules/show_out/show_out_wrapper.php?run_id=110202&search_id=114132&scans_id=110198&peptide_id=29425&scanf=37248&charge=3&value=K.TVQTAVFLYSLYK.E,CHD4,7.156e+5,2.809,0.007,2.126,0.000
37249,3,"  3.450","  0.388",13/88,/core/www/modules//sdig/index.php?run_id=110202&search_id=114132&scans_id=110198&peptide_id=29426&scanf=37249&charge=3&value=13/88,sp|P10809|CH60_HUMAN,/core/www/modules//consensus/?run_id=110202&search_id=114132&scans_id=110198&peptide_id=29426&scanf=37249&charge=3&value=sp|P10809|CH60_HUMAN,3,/core/www/modules/match_peptides/blast_html4.php?run_id=110202&search_id=114132&scans_id=110198&peptide_id=29426&scanf=37249&charge=3&value=3,K.IM*QSSSEVGYDAMAGDFVNMVEK.G,/core/www/modules/show_out/show_out_wrapper.php?run_id=110202&search_id=114132&scans_id=110198&peptide_id=29426&scanf=37249&charge=3&value=K.IM*QSSSEVGYDAMAGDFVNMVEK.G,HSPD1,1.686e+6,2.238,0.050,1.299,0.002
37252,2,"  3.262","  0.597",16/30,/core/www/modules//sdig/index.php?run_id=110202&search_id=114132&scans_id=110198&peptide_id=29430&scanf=37252&charge=2&value=16/30,sp|Q02880|TOP2B_HUMAN,/core/www/modules//consensus/?run_id=110202&search_id=114132&scans_id=110198&peptide_id=29430&scanf=37252&charge=2&value=sp|Q02880|TOP2B_HUMAN,2,/core/www/modules/match_peptides/blast_html4.php?run_id=110202&search_id=114132&scans_id=110198&peptide_id=29430&scanf=37252&charge=2&value=2,K.SQDFGNLFSFPSYSQK.S,/core/www/modules/show_out/show_out_wrapper.php?run_id=110202&search_id=114132&scans_id=110198&peptide_id=29430&scanf=37252&charge=2&value=K.SQDFGNLFSFPSYSQK.S,TOP2B,2.190e+6,3.447,0.001,3.069,0.000
37255,2,"  2.046","  0.241",10/20,/core/www/modules//sdig/index.php?run_id=110202&search_id=114132&scans_id=110198&peptide_id=29432&scanf=37255&charge=2&value=10/20,sp|Q9Y6K1|DNM3A_HUMAN,/core/www/modules//consensus/?run_id=110202&search_id=114132&scans_id=110198&peptide_id=29432&scanf=37255&charge=2&value=sp|Q9Y6K1|DNM3A_HUMAN,3,/core/www/modules/match_peptides/blast_html4.php?run_id=110202&search_id=114132&scans_id=110198&peptide_id=29432&scanf=37255&charge=2&value=3,R.GFGIGELVWGK.L,/core/www/modules/show_out/show_out_wrapper.php?run_id=110202&search_id=114132&scans_id=110198&peptide_id=29432&scanf=37255&charge=2&value=R.GFGIGELVWGK.L,DNMT3A,2.341e+6,2.114,0.075,1.126,0.002
37260,2,"  3.036","  0.000",12/18,/core/www/modules//sdig/index.php?run_id=110202&search_id=114132&scans_id=110198&peptide_id=29438&scanf=37260&charge=2&value=12/18,sp|P36406|TRI23_HUMAN,/core/www/modules//consensus/?run_id=110202&search_id=114132&scans_id=110198&peptide_id=29438&scanf=37260&charge=2&value=sp|P36406|TRI23_HUMAN,0,/core/www/modules/match_peptides/blast_html4.php?run_id=110202&search_id=114132&scans_id=110198&peptide_id=29438&scanf=37260&charge=2&value=0,R.DALLLIFANK.Q,/core/www/modules/show_out/show_out_wrapper.php?run_id=110202&search_id=114132&scans_id=110198&peptide_id=29438&scanf=37260&charge=2&value=R.DALLLIFANK.Q,TRIM23,3.273e+6,3.326,0.001,2.890,0.000
37261,2,"  5.315","  0.692",18/34,/core/www/modules//sdig/index.php?run_id=110202&search_id=114132&scans_id=110198&peptide_id=29439&scanf=37261&charge=2&value=18/34,sp|Q53GS9|SNUT2_HUMAN,/core/www/modules//consensus/?run_id=110202&search_id=114132&scans_id=110198&peptide_id=29439&scanf=37261&charge=2&value=sp|Q53GS9|SNUT2_HUMAN,3,/core/www/modules/match_peptides/blast_html4.php?run_id=110202&search_id=114132&scans_id=110198&peptide_id=29439&scanf=37261&charge=2&value=3,R.AYDGTTYLPGIVGLNNIK.A,/core/www/modules/show_out/show_out_wrapper.php?run_id=110202&search_id=114132&scans_id=110198&peptide_id=29439&scanf=37261&charge=2&value=R.AYDGTTYLPGIVGLNNIK.A,USP39,1.112e+7,3.510,0.001,3.164,0.000
37265,3,"  3.546","  0.330",11/76,/core/www/modules//sdig/index.php?run_id=110202&search_id=114132&scans_id=110198&peptide_id=29443&scanf=37265&charge=3&value=11/76,sp|P08133|ANXA6_HUMAN,/core/www/modules//consensus/?run_id=110202&search_id=114132&scans_id=110198&peptide_id=29443&scanf=37265&charge=3&value=sp|P08133|ANXA6_HUMAN,1,/core/www/modules/match_peptides/blast_html4.php?run_id=110202&search_id=114132&scans_id=110198&peptide_id=29443&scanf=37265&charge=3&value=1,R.EDAQVAAEILEIADTPSGDK.T,/core/www/modules/show_out/show_out_wrapper.php?run_id=110202&search_id=114132&scans_id=110198&peptide_id=29443&scanf=37265&charge=3&value=R.EDAQVAAEILEIADTPSGDK.T,ANXA6,4.299e+6,2.223,0.053,1.277,0.002
37269,3,"  2.303","  0.397",11/56,/core/www/modules//sdig/index.php?run_id=110202&search_id=114132&scans_id=110198&peptide_id=29447&scanf=37269&charge=3&value=11/56,sp|P78527|PRKDC_HUMAN,/core/www/modules//consensus/?run_id=110202&search_id=114132&scans_id=110198&peptide_id=29447&scanf=37269&charge=3&value=sp|P78527|PRKDC_HUMAN,0,/core/www/modules/match_peptides/blast_html4.php?run_id=110202&search_id=114132&scans_id=110198&peptide_id=29447&scanf=37269&charge=3&value=0,K.MVSAVLNGMLDQSFR.E,/core/www/modules/show_out/show_out_wrapper.php?run_id=110202&search_id=114132&scans_id=110198&peptide_id=29447&scanf=37269&charge=3&value=K.MVSAVLNGMLDQSFR.E,PRKDC,2.044e+7,3.390,0.001,2.985,0.000
37270,3,"  4.001","  0.630",14/68,/core/www/modules//sdig/index.php?run_id=110202&search_id=114132&scans_id=110198&peptide_id=29449&scanf=37270&charge=3&value=14/68,sp|Q9NX20|RM16_HUMAN,/core/www/modules//consensus/?run_id=110202&search_id=114132&scans_id=110198&peptide_id=29449&scanf=37270&charge=3&value=sp|Q9NX20|RM16_HUMAN,0,/core/www/modules/match_peptides/blast_html4.php?run_id=110202&search_id=114132&scans_id=110198&peptide_id=29449&scanf=37270&charge=3&value=0,K.TLLPVPSFEDVSIPEKPK.L,/core/www/modules/show_out/show_out_wrapper.php?run_id=110202&search_id=114132&scans_id=110198&peptide_id=29449&scanf=37270&charge=3&value=K.TLLPVPSFEDVSIPEKPK.L,MRPL16,8.566e+6,3.358,0.001,2.937,0.000
37276,4,"  7.181","  0.662",22/204,/core/www/modules//sdig/index.php?run_id=110202&search_id=114132&scans_id=110198&peptide_id=29454&scanf=37276&charge=4&value=22/204,sp|Q9UMS4|PRP19_HUMAN,/core/www/modules//consensus/?run_id=110202&search_id=114132&scans_id=110198&peptide_id=29454&scanf=37276&charge=4&value=sp|Q9UMS4|PRP19_HUMAN,0,/core/www/modules/match_peptides/blast_html4.php?run_id=110202&search_id=114132&scans_id=110198&peptide_id=29454&scanf=37276&charge=4&value=0,R.TNVANFPGHSGPITSIAFSENGYYLATAADDSSVK.L,/core/www/modules/show_out/show_out_wrapper.php?run_id=110202&search_id=114132&scans_id=110198&peptide_id=29454&scanf=37276&charge=4&value=R.TNVANFPGHSGPITSIAFSENGYYLATAADDSSVK.L,PRPF19,8.631e+5,3.376,0.001,2.964,0.000
37279,3,"  5.521","  0.617",25/60,/core/www/modules//sdig/index.php?run_id=110202&search_id=114132&scans_id=110198&peptide_id=29457&scanf=37279&charge=3&value=25/60,sp|P35579|MYH9_HUMAN,/core/www/modules//consensus/?run_id=110202&search_id=114132&scans_id=110198&peptide_id=29457&scanf=37279&charge=3&value=sp|P35579|MYH9_HUMAN,1,/core/www/modules/match_peptides/blast_html4.php?run_id=110202&search_id=114132&scans_id=110198&peptide_id=29457&scanf=37279&charge=3&value=1,R.LQQELDDLLVDLDHQR.Q,/core/www/modules/show_out/show_out_wrapper.php?run_id=110202&search_id=114132&scans_id=110198&peptide_id=29457&scanf=37279&charge=3&value=R.LQQELDDLLVDLDHQR.Q,MYH9,3.211e+7,3.949,0.000,3.814,0.000
37285,2,"  2.878","  0.501",10/28,/core/www/modules//sdig/index.php?run_id=110202&search_id=114132&scans_id=110198&peptide_id=29464&scanf=37285&charge=2&value=10/28,sp|Q14980|NUMA1_HUMAN,/core/www/modules//consensus/?run_id=110202&search_id=114132&scans_id=110198&peptide_id=29464&scanf=37285&charge=2&value=sp|Q14980|NUMA1_HUMAN,1,/core/www/modules/match_peptides/blast_html4.php?run_id=110202&search_id=114132&scans_id=110198&peptide_id=29464&scanf=37285&charge=2&value=1,K.VESLESLYFTPIPAR.S,/core/www/modules/show_out/show_out_wrapper.php?run_id=110202&search_id=114132&scans_id=110198&peptide_id=29464&scanf=37285&charge=2&value=K.VESLESLYFTPIPAR.S,NUMA1,1.926e+6,2.763,0.009,2.059,0.000
37290,2,"  3.645","  0.716",19/36,/core/www/modules//sdig/index.php?run_id=110202&search_id=114132&scans_id=110198&peptide_id=29470&scanf=37290&charge=2&value=19/36,sp|Q9Y230|RUVB2_HUMAN,/core/www/modules//consensus/?run_id=110202&search_id=114132&scans_id=110198&peptide_id=29470&scanf=37290&charge=2&value=sp|Q9Y230|RUVB2_HUMAN,0,/core/www/modules/match_peptides/blast_html4.php?run_id=110202&search_id=114132&scans_id=110198&peptide_id=29470&scanf=37290&charge=2&value=0,K.EYQDAFLFNELKGETMDTS.-,/core/www/modules/show_out/show_out_wrapper.php?run_id=110202&search_id=114132&scans_id=110198&peptide_id=29470&scanf=37290&charge=2&value=K.EYQDAFLFNELKGETMDTS.-,RUVBL2,1.418e+6,3.345,0.001,2.918,0.000
37293,3,"  4.509","  0.613",19/52,/core/www/modules//sdig/index.php?run_id=110202&search_id=114132&scans_id=110198&peptide_id=29473&scanf=37293&charge=3&value=19/52,sp|Q9NRX1|PNO1_HUMAN,/core/www/modules//consensus/?run_id=110202&search_id=114132&scans_id=110198&peptide_id=29473&scanf=37293&charge=3&value=sp|Q9NRX1|PNO1_HUMAN,1,/core/www/modules/match_peptides/blast_html4.php?run_id=110202&search_id=114132&scans_id=110198&peptide_id=29473&scanf=37293&charge=3&value=1,K.IFTPIVEHLGLQIR.F,/core/www/modules/show_out/show_out_wrapper.php?run_id=110202&search_id=114132&scans_id=110198&peptide_id=29473&scanf=37293&charge=3&value=K.IFTPIVEHLGLQIR.F,PNO1,5.898e+6,3.675,0.000,3.408,0.000
37294,2,"  5.902","  0.727",23/34,/core/www/modules//sdig/index.php?run_id=110202&search_id=114132&scans_id=110198&peptide_id=29474&scanf=37294&charge=2&value=23/34,sp|O14980|XPO1_HUMAN,/core/www/modules//consensus/?run_id=110202&search_id=114132&scans_id=110198&peptide_id=29474&scanf=37294&charge=2&value=sp|O14980|XPO1_HUMAN,12,/core/www/modules/match_peptides/blast_html4.php?run_id=110202&search_id=114132&scans_id=110198&peptide_id=29474&scanf=37294&charge=2&value=12,K.LLSEEVFDFSSGQITQVK.S,/core/www/modules/show_out/show_out_wrapper.php?run_id=110202&search_id=114132&scans_id=110198&peptide_id=29474&scanf=37294&charge=2&value=K.LLSEEVFDFSSGQITQVK.S,XPO1,4.850e+6,4.096,0.000,4.032,0.000
37296,2,"  2.574","  0.625",13/26,/core/www/modules//sdig/index.php?run_id=110202&search_id=114132&scans_id=110198&peptide_id=29475&scanf=37296&charge=2&value=13/26,sp|Q12905|ILF2_HUMAN,/core/www/modules//consensus/?run_id=110202&search_id=114132&scans_id=110198&peptide_id=29475&scanf=37296&charge=2&value=sp|Q12905|ILF2_HUMAN,2,/core/www/modules/match_peptides/blast_html4.php?run_id=110202&search_id=114132&scans_id=110198&peptide_id=29475&scanf=37296&charge=2&value=2,K.ILPTLEAVAALGNK.V,/core/www/modules/show_out/show_out_wrapper.php?run_id=110202&search_id=114132&scans_id=110198&peptide_id=29475&scanf=37296&charge=2&value=K.ILPTLEAVAALGNK.V,ILF2,2.418e+8,3.477,0.001,3.114,0.000
37299,2,"  4.539","  0.662",15/30,/core/www/modules//sdig/index.php?run_id=110202&search_id=114132&scans_id=110198&peptide_id=29478&scanf=37299&charge=2&value=15/30,sp|Q16822|PCKGM_HUMAN,/core/www/modules//consensus/?run_id=110202&search_id=114132&scans_id=110198&peptide_id=29478&scanf=37299&charge=2&value=sp|Q16822|PCKGM_HUMAN,5,/core/www/modules/match_peptides/blast_html4.php?run_id=110202&search_id=114132&scans_id=110198&peptide_id=29478&scanf=37299&charge=2&value=5,R.LGTPVLQALGDGDFVK.C,/core/www/modules/show_out/show_out_wrapper.php?run_id=110202&search_id=114132&scans_id=110198&peptide_id=29478&scanf=37299&charge=2&value=R.LGTPVLQALGDGDFVK.C,PCK2,1.578e+7,3.564,0.001,3.243,0.000
37300,3,"  5.369","  0.638",20/72,/core/www/modules//sdig/index.php?run_id=110202&search_id=114132&scans_id=110198&peptide_id=29480&scanf=37300&charge=3&value=20/72,sp|Q14980|NUMA1_HUMAN,/core/www/modules//consensus/?run_id=110202&search_id=114132&scans_id=110198&peptide_id=29480&scanf=37300&charge=3&value=sp|Q14980|NUMA1_HUMAN,1,/core/www/modules/match_peptides/blast_html4.php?run_id=110202&search_id=114132&scans_id=110198&peptide_id=29480&scanf=37300&charge=3&value=1,R.LPPKVESLESLYFTPIPAR.S,/core/www/modules/show_out/show_out_wrapper.php?run_id=110202&search_id=114132&scans_id=110198&peptide_id=29480&scanf=37300&charge=3&value=R.LPPKVESLESLYFTPIPAR.S,NUMA1,4.517e+6,3.437,0.001,3.055,0.000
37302,2,"  4.409","  0.600",16/28,/core/www/modules//sdig/index.php?run_id=110202&search_id=114132&scans_id=110198&peptide_id=29482&scanf=37302&charge=2&value=16/28,sp|Q08211|DHX9_HUMAN,/core/www/modules//consensus/?run_id=110202&search_id=114132&scans_id=110198&peptide_id=29482&scanf=37302&charge=2&value=sp|Q08211|DHX9_HUMAN,0,/core/www/modules/match_peptides/blast_html4.php?run_id=110202&search_id=114132&scans_id=110198&peptide_id=29482&scanf=37302&charge=2&value=0,K.VQSDGQIVLVDDWIK.L,/core/www/modules/show_out/show_out_wrapper.php?run_id=110202&search_id=114132&scans_id=110198&peptide_id=29482&scanf=37302&charge=2&value=K.VQSDGQIVLVDDWIK.L,DHX9,4.098e+7,3.780,0.000,3.563,0.000
37304,3,"  6.363","  0.579",21/88,/core/www/modules//sdig/index.php?run_id=110202&search_id=114132&scans_id=110198&peptide_id=29484&scanf=37304&charge=3&value=21/88,sp|Q14315|FLNC_HUMAN,/core/www/modules//consensus/?run_id=110202&search_id=114132&scans_id=110198&peptide_id=29484&scanf=37304&charge=3&value=sp|Q14315|FLNC_HUMAN,0,/core/www/modules/match_peptides/blast_html4.php?run_id=110202&search_id=114132&scans_id=110198&peptide_id=29484&scanf=37304&charge=3&value=0,K.FNDEHIPDSPFVVPVASLSDDAR.R,/core/www/modules/show_out/show_out_wrapper.php?run_id=110202&search_id=114132&scans_id=110198&peptide_id=29484&scanf=37304&charge=3&value=K.FNDEHIPDSPFVVPVASLSDDAR.R,FLNC,9.883e+6,3.309,0.001,2.865,0.000
37306,3,"  2.036","  0.393",14/56,/core/www/modules//sdig/index.php?run_id=110202&search_id=114132&scans_id=110198&peptide_id=29486&scanf=37306&charge=3&value=14/56,sp|P53618|COPB_HUMAN,/core/www/modules//consensus/?run_id=110202&search_id=114132&scans_id=110198&peptide_id=29486&scanf=37306&charge=3&value=sp|P53618|COPB_HUMAN,1,/core/www/modules/match_peptides/blast_html4.php?run_id=110202&search_id=114132&scans_id=110198&peptide_id=29486&scanf=37306&charge=3&value=1,K.LKEAELLEPLMPAIR.A,/core/www/modules/show_out/show_out_wrapper.php?run_id=110202&search_id=114132&scans_id=110198&peptide_id=29486&scanf=37306&charge=3&value=K.LKEAELLEPLMPAIR.A,COPB1,8.919e+6,2.422,0.027,1.562,0.001
37308,3,"  5.948","  0.687",23/80,/core/www/modules//sdig/index.php?run_id=110202&search_id=114132&scans_id=110198&peptide_id=29488&scanf=37308&charge=3&value=23/80,sp|Q5VYK3|ECM29_HUMAN,/core/www/modules//consensus/?run_id=110202&search_id=114132&scans_id=110198&peptide_id=29488&scanf=37308&charge=3&value=sp|Q5VYK3|ECM29_HUMAN,2,/core/www/modules/match_peptides/blast_html4.php?run_id=110202&search_id=114132&scans_id=110198&peptide_id=29488&scanf=37308&charge=3&value=2,R.VLLIESLATMEPDSRPELQEK.A,/core/www/modules/show_out/show_out_wrapper.php?run_id=110202&search_id=114132&scans_id=110198&peptide_id=29488&scanf=37308&charge=3&value=R.VLLIESLATMEPDSRPELQEK.A,ECPAS,2.865e+6,3.673,0.000,3.404,0.000
37311,2,"  2.452","  0.438",9/22,/core/www/modules//sdig/index.php?run_id=110202&search_id=114132&scans_id=110198&peptide_id=29492&scanf=37311&charge=2&value=9/22,tr|Q5JW28|Q5JW28_HUMAN,/core/www/modules//consensus/?run_id=110202&search_id=114132&scans_id=110198&peptide_id=29492&scanf=37311&charge=2&value=tr|Q5JW28|Q5JW28_HUMAN,0,/core/www/modules/match_peptides/blast_html4.php?run_id=110202&search_id=114132&scans_id=110198&peptide_id=29492&scanf=37311&charge=2&value=0,R.NLPVNFESFPLK.Q,/core/www/modules/show_out/show_out_wrapper.php?run_id=110202&search_id=114132&scans_id=110198&peptide_id=29492&scanf=37311&charge=2&value=R.NLPVNFESFPLK.Q,STAU1,3.860e+6,2.549,0.018,1.746,0.000
37312,3,"  5.489","  0.580",17/76,/core/www/modules//sdig/index.php?run_id=110202&search_id=114132&scans_id=110198&peptide_id=29493&scanf=37312&charge=3&value=17/76,sp|P08133|ANXA6_HUMAN,/core/www/modules//consensus/?run_id=110202&search_id=114132&scans_id=110198&peptide_id=29493&scanf=37312&charge=3&value=sp|P08133|ANXA6_HUMAN,1,/core/www/modules/match_peptides/blast_html4.php?run_id=110202&search_id=114132&scans_id=110198&peptide_id=29493&scanf=37312&charge=3&value=1,R.EDAQVAAEILEIADTPSGDK.T,/core/www/modules/show_out/show_out_wrapper.php?run_id=110202&search_id=114132&scans_id=110198&peptide_id=29493&scanf=37312&charge=3&value=R.EDAQVAAEILEIADTPSGDK.T,ANXA6,4.299e+6,3.274,0.002,2.814,0.000
37313,3,"  4.192","  0.548",15/88,/core/www/modules//sdig/index.php?run_id=110202&search_id=114132&scans_id=110198&peptide_id=29494&scanf=37313&charge=3&value=15/88,sp|Q9Y490|TLN1_HUMAN,/core/www/modules//consensus/?run_id=110202&search_id=114132&scans_id=110198&peptide_id=29494&scanf=37313&charge=3&value=sp|Q9Y490|TLN1_HUMAN,0,/core/www/modules/match_peptides/blast_html4.php?run_id=110202&search_id=114132&scans_id=110198&peptide_id=29494&scanf=37313&charge=3&value=0,K.VGAIPANALDDGQWSQGLISAAR.M,/core/www/modules/show_out/show_out_wrapper.php?run_id=110202&search_id=114132&scans_id=110198&peptide_id=29494&scanf=37313&charge=3&value=K.VGAIPANALDDGQWSQGLISAAR.M,TLN1,1.628e+6,2.894,0.006,2.252,0.000
37318,2,"  1.567","  0.399",10/20,/core/www/modules//sdig/index.php?run_id=110202&search_id=114132&scans_id=110198&peptide_id=29498&scanf=37318&charge=2&value=10/20,sp|Q13838|DX39B_HUMAN,/core/www/modules//consensus/?run_id=110202&search_id=114132&scans_id=110198&peptide_id=29498&scanf=37318&charge=2&value=sp|Q13838|DX39B_HUMAN,19,/core/www/modules/match_peptides/blast_html4.php?run_id=110202&search_id=114132&scans_id=110198&peptide_id=29498&scanf=37318&charge=2&value=19,K.VAVFFGGLSIK.K,/core/www/modules/show_out/show_out_wrapper.php?run_id=110202&search_id=114132&scans_id=110198&peptide_id=29498&scanf=37318&charge=2&value=K.VAVFFGGLSIK.K,DDX39B,1.100e+8,2.734,0.010,2.017,0.000
37319,3,"  3.375","  0.608",19/56,/core/www/modules//sdig/index.php?run_id=110202&search_id=114132&scans_id=110198&peptide_id=29499&scanf=37319&charge=3&value=19/56,sp|Q969G3|SMCE1_HUMAN,/core/www/modules//consensus/?run_id=110202&search_id=114132&scans_id=110198&peptide_id=29499&scanf=37319&charge=3&value=sp|Q969G3|SMCE1_HUMAN,10,/core/www/modules/match_peptides/blast_html4.php?run_id=110202&search_id=114132&scans_id=110198&peptide_id=29499&scanf=37319&charge=3&value=10,R.LISEILSESVVPDVR.S,/core/www/modules/show_out/show_out_wrapper.php?run_id=110202&search_id=114132&scans_id=110198&peptide_id=29499&scanf=37319&charge=3&value=R.LISEILSESVVPDVR.S,SMARCE1,3.590e+7,3.615,0.000,3.318,0.000
37320,2,"  3.592","  0.543",14/22,/core/www/modules//sdig/index.php?run_id=110202&search_id=114132&scans_id=110198&peptide_id=29501&scanf=37320&charge=2&value=14/22,sp|P49589|SYCC_HUMAN,/core/www/modules//consensus/?run_id=110202&search_id=114132&scans_id=110198&peptide_id=29501&scanf=37320&charge=2&value=sp|P49589|SYCC_HUMAN,1,/core/www/modules/match_peptides/blast_html4.php?run_id=110202&search_id=114132&scans_id=110198&peptide_id=29501&scanf=37320&charge=2&value=1,K.VPEILQLSDALR.D,/core/www/modules/show_out/show_out_wrapper.php?run_id=110202&search_id=114132&scans_id=110198&peptide_id=29501&scanf=37320&charge=2&value=K.VPEILQLSDALR.D,CARS1,1.811e+6,3.381,0.001,2.972,0.000
37321,2,"  3.439","  0.514",13/24,/core/www/modules//sdig/index.php?run_id=110202&search_id=114132&scans_id=110198&peptide_id=29502&scanf=37321&charge=2&value=13/24,sp|Q69YN4|VIR_HUMAN,/core/www/modules//consensus/?run_id=110202&search_id=114132&scans_id=110198&peptide_id=29502&scanf=37321&charge=2&value=sp|Q69YN4|VIR_HUMAN,1,/core/www/modules/match_peptides/blast_html4.php?run_id=110202&search_id=114132&scans_id=110198&peptide_id=29502&scanf=37321&charge=2&value=1,K.EESPENLFLELEK.L,/core/www/modules/show_out/show_out_wrapper.php?run_id=110202&search_id=114132&scans_id=110198&peptide_id=29502&scanf=37321&charge=2&value=K.EESPENLFLELEK.L,VIRMA,4.520e+6,3.114,0.003,2.576,0.000
37322,2,"  2.149","  0.477",10/18,/core/www/modules//sdig/index.php?run_id=110202&search_id=114132&scans_id=110198&peptide_id=29503&scanf=37322&charge=2&value=10/18,sp|Q9UBU9|NXF1_HUMAN,/core/www/modules//consensus/?run_id=110202&search_id=114132&scans_id=110198&peptide_id=29503&scanf=37322&charge=2&value=sp|Q9UBU9|NXF1_HUMAN,2,/core/www/modules/match_peptides/blast_html4.php?run_id=110202&search_id=114132&scans_id=110198&peptide_id=29503&scanf=37322&charge=2&value=2,K.AWLLSMIQSK.C,/core/www/modules/show_out/show_out_wrapper.php?run_id=110202&search_id=114132&scans_id=110198&peptide_id=29503&scanf=37322&charge=2&value=K.AWLLSMIQSK.C,NXF1,8.048e+6,3.156,0.002,2.638,0.000
37324,3,"  5.544","  0.669",19/92,/core/www/modules//sdig/index.php?run_id=110202&search_id=114132&scans_id=110198&peptide_id=29505&scanf=37324&charge=3&value=19/92,sp|P0DMV8|HS71A_HUMAN,/core/www/modules//consensus/?run_id=110202&search_id=114132&scans_id=110198&peptide_id=29505&scanf=37324&charge=3&value=sp|P0DMV8|HS71A_HUMAN,5,/core/www/modules/match_peptides/blast_html4.php?run_id=110202&search_id=114132&scans_id=110198&peptide_id=29505&scanf=37324&charge=3&value=5,K.QTQIFTTYSDNQPGVLIQVYEGER.A,/core/www/modules/show_out/show_out_wrapper.php?run_id=110202&search_id=114132&scans_id=110198&peptide_id=29505&scanf=37324&charge=3&value=K.QTQIFTTYSDNQPGVLIQVYEGER.A,HSPA1A,1.285e+6,3.363,0.001,2.945,0.000
37326,3,"  3.751","  0.289",13/56,/core/www/modules//sdig/index.php?run_id=110202&search_id=114132&scans_id=110198&peptide_id=29507&scanf=37326&charge=3&value=13/56,sp|Q9H2U1|DHX36_HUMAN,/core/www/modules//consensus/?run_id=110202&search_id=114132&scans_id=110198&peptide_id=29507&scanf=37326&charge=3&value=sp|Q9H2U1|DHX36_HUMAN,1,/core/www/modules/match_peptides/blast_html4.php?run_id=110202&search_id=114132&scans_id=110198&peptide_id=29507&scanf=37326&charge=3&value=1,K.TTQVTQFILDNYIER.G,/core/www/modules/show_out/show_out_wrapper.php?run_id=110202&search_id=114132&scans_id=110198&peptide_id=29507&scanf=37326&charge=3&value=K.TTQVTQFILDNYIER.G,DHX36,2.723e+6,2.344,0.036,1.449,0.001
37328,2,"  2.890","  0.592",11/32,/core/www/modules//sdig/index.php?run_id=110202&search_id=114132&scans_id=110198&peptide_id=29509&scanf=37328&charge=2&value=11/32,sp|Q86Y91|KI18B_HUMAN,/core/www/modules//consensus/?run_id=110202&search_id=114132&scans_id=110198&peptide_id=29509&scanf=37328&charge=2&value=sp|Q86Y91|KI18B_HUMAN,1,/core/www/modules/match_peptides/blast_html4.php?run_id=110202&search_id=114132&scans_id=110198&peptide_id=29509&scanf=37328&charge=2&value=1,R.VLVFNPEEPDGGFPGLK.W,/core/www/modules/show_out/show_out_wrapper.php?run_id=110202&search_id=114132&scans_id=110198&peptide_id=29509&scanf=37328&charge=2&value=R.VLVFNPEEPDGGFPGLK.W,KIF18B,1.967e+6,2.885,0.006,2.238,0.000
37330,2,"  3.746","  0.654",13/30,/core/www/modules//sdig/index.php?run_id=110202&search_id=114132&scans_id=110198&peptide_id=29512&scanf=37330&charge=2&value=13/30,sp|P17480|UBF1_HUMAN,/core/www/modules//consensus/?run_id=110202&search_id=114132&scans_id=110198&peptide_id=29512&scanf=37330&charge=2&value=sp|P17480|UBF1_HUMAN,2,/core/www/modules/match_peptides/blast_html4.php?run_id=110202&search_id=114132&scans_id=110198&peptide_id=29512&scanf=37330&charge=2&value=2,R.AEEIWQQSVIGDYLAR.F,/core/www/modules/show_out/show_out_wrapper.php?run_id=110202&search_id=114132&scans_id=110198&peptide_id=29512&scanf=37330&charge=2&value=R.AEEIWQQSVIGDYLAR.F,UBTF,2.765e+6,3.449,0.001,3.073,0.000
37331,3,"  2.903","  0.399",12/52,/core/www/modules//sdig/index.php?run_id=110202&search_id=114132&scans_id=110198&peptide_id=29513&scanf=37331&charge=3&value=12/52,sp|O75643|U520_HUMAN,/core/www/modules//consensus/?run_id=110202&search_id=114132&scans_id=110198&peptide_id=29513&scanf=37331&charge=3&value=sp|O75643|U520_HUMAN,1,/core/www/modules/match_peptides/blast_html4.php?run_id=110202&search_id=114132&scans_id=110198&peptide_id=29513&scanf=37331&charge=3&value=1,R.LIILDEIHLLHDDR.G,/core/www/modules/show_out/show_out_wrapper.php?run_id=110202&search_id=114132&scans_id=110198&peptide_id=29513&scanf=37331&charge=3&value=R.LIILDEIHLLHDDR.G,SNRNP200,2.675e+6,2.912,0.005,2.278,0.000
37332,2,"  4.223","  0.647",21/36,/core/www/modules//sdig/index.php?run_id=110202&search_id=114132&scans_id=110198&peptide_id=29514&scanf=37332&charge=2&value=21/36,sp|O95478|NSA2_HUMAN,/core/www/modules//consensus/?run_id=110202&search_id=114132&scans_id=110198&peptide_id=29514&scanf=37332&charge=2&value=sp|O95478|NSA2_HUMAN,0,/core/www/modules/match_peptides/blast_html4.php?run_id=110202&search_id=114132&scans_id=110198&peptide_id=29514&scanf=37332&charge=2&value=0,K.GTVIEVNVSELGLVTQGGK.V,/core/www/modules/show_out/show_out_wrapper.php?run_id=110202&search_id=114132&scans_id=110198&peptide_id=29514&scanf=37332&charge=2&value=K.GTVIEVNVSELGLVTQGGK.V,NSA2,1.750e+6,3.495,0.001,3.141,0.000
37333,2,"  3.352","  0.561",13/26,/core/www/modules//sdig/index.php?run_id=110202&search_id=114132&scans_id=110198&peptide_id=29515&scanf=37333&charge=2&value=13/26,sp|Q9UL03|INT6_HUMAN,/core/www/modules//consensus/?run_id=110202&search_id=114132&scans_id=110198&peptide_id=29515&scanf=37333&charge=2&value=sp|Q9UL03|INT6_HUMAN,3,/core/www/modules/match_peptides/blast_html4.php?run_id=110202&search_id=114132&scans_id=110198&peptide_id=29515&scanf=37333&charge=2&value=3,R.YMLVTFEEPPYAIK.A,/core/www/modules/show_out/show_out_wrapper.php?run_id=110202&search_id=114132&scans_id=110198&peptide_id=29515&scanf=37333&charge=2&value=R.YMLVTFEEPPYAIK.A,INTS6,1.676e+6,3.161,0.002,2.646,0.000
37336,2,"  4.412","  0.597",18/30,/core/www/modules//sdig/index.php?run_id=110202&search_id=114132&scans_id=110198&peptide_id=29518&scanf=37336&charge=2&value=18/30,sp|Q8WXF1|PSPC1_HUMAN,/core/www/modules//consensus/?run_id=110202&search_id=114132&scans_id=110198&peptide_id=29518&scanf=37336&charge=2&value=sp|Q8WXF1|PSPC1_HUMAN,1,/core/www/modules/match_peptides/blast_html4.php?run_id=110202&search_id=114132&scans_id=110198&peptide_id=29518&scanf=37336&charge=2&value=1,R.LFVGNLPTDITEEDFK.R,/core/www/modules/show_out/show_out_wrapper.php?run_id=110202&search_id=114132&scans_id=110198&peptide_id=29518&scanf=37336&charge=2&value=R.LFVGNLPTDITEEDFK.R,PSPC1,4.308e+6,3.415,0.001,3.022,0.000
37338,3,"  3.338","  0.627",14/56,/core/www/modules//sdig/index.php?run_id=110202&search_id=114132&scans_id=110198&peptide_id=29519&scanf=37338&charge=3&value=14/56,sp|P07437|TBB5_HUMAN,/core/www/modules//consensus/?run_id=110202&search_id=114132&scans_id=110198&peptide_id=29519&scanf=37338&charge=3&value=sp|P07437|TBB5_HUMAN,2,/core/www/modules/match_peptides/blast_html4.php?run_id=110202&search_id=114132&scans_id=110198&peptide_id=29519&scanf=37338&charge=3&value=2,R.ALTVPELTQQVFDAK.N,/core/www/modules/show_out/show_out_wrapper.php?run_id=110202&search_id=114132&scans_id=110198&peptide_id=29519&scanf=37338&charge=3&value=R.ALTVPELTQQVFDAK.N,TUBB,3.620e+7,3.491,0.001,3.134,0.000
37340,3,"  2.200","  0.494",17/92,/core/www/modules//sdig/index.php?run_id=110202&search_id=114132&scans_id=110198&peptide_id=29522&scanf=37340&charge=3&value=17/92,sp|O60506|HNRPQ_HUMAN,/core/www/modules//consensus/?run_id=110202&search_id=114132&scans_id=110198&peptide_id=29522&scanf=37340&charge=3&value=sp|O60506|HNRPQ_HUMAN,7,/core/www/modules/match_peptides/blast_html4.php?run_id=110202&search_id=114132&scans_id=110198&peptide_id=29522&scanf=37340&charge=3&value=7,K.VWGNVGTVEWADPIEDPDPEVM*AK.V,/core/www/modules/show_out/show_out_wrapper.php?run_id=110202&search_id=114132&scans_id=110198&peptide_id=29522&scanf=37340&charge=3&value=K.VWGNVGTVEWADPIEDPDPEVM*AK.V,SYNCRIP,4.514e+6,2.651,0.013,1.895,0.000
37347,2,"  2.792","  0.594",16/26,/core/www/modules//sdig/index.php?run_id=110202&search_id=114132&scans_id=110198&peptide_id=29529&scanf=37347&charge=2&value=16/26,sp|P35580|MYH10_HUMAN,/core/www/modules//consensus/?run_id=110202&search_id=114132&scans_id=110198&peptide_id=29529&scanf=37347&charge=2&value=sp|P35580|MYH10_HUMAN,3,/core/www/modules/match_peptides/blast_html4.php?run_id=110202&search_id=114132&scans_id=110198&peptide_id=29529&scanf=37347&charge=2&value=3,K.NLPIYSENIIEMYR.G,/core/www/modules/show_out/show_out_wrapper.php?run_id=110202&search_id=114132&scans_id=110198&peptide_id=29529&scanf=37347&charge=2&value=K.NLPIYSENIIEMYR.G,MYH10,3.079e+6,3.495,0.001,3.140,0.000
37350,2,"  2.070","  0.316",8/14,/core/www/modules//sdig/index.php?run_id=110202&search_id=114132&scans_id=110198&peptide_id=29533&scanf=37350&charge=2&value=8/14,sp|P06241|FYN_HUMAN,/core/www/modules//consensus/?run_id=110202&search_id=114132&scans_id=110198&peptide_id=29533&scanf=37350&charge=2&value=sp|P06241|FYN_HUMAN,7,/core/www/modules/match_peptides/blast_html4.php?run_id=110202&search_id=114132&scans_id=110198&peptide_id=29533&scanf=37350&charge=2&value=7,K.GSLLDFLK.D,/core/www/modules/show_out/show_out_wrapper.php?run_id=110202&search_id=114132&scans_id=110198&peptide_id=29533&scanf=37350&charge=2&value=K.GSLLDFLK.D,FYN,5.055e+6,2.638,0.013,1.875,0.000
37353,3,"  4.693","  0.495",11/92,/core/www/modules//sdig/index.php?run_id=110202&search_id=114132&scans_id=110198&peptide_id=29536&scanf=37353&charge=3&value=11/92,sp|O95071|UBR5_HUMAN,/core/www/modules//consensus/?run_id=110202&search_id=114132&scans_id=110198&peptide_id=29536&scanf=37353&charge=3&value=sp|O95071|UBR5_HUMAN,1,/core/www/modules/match_peptides/blast_html4.php?run_id=110202&search_id=114132&scans_id=110198&peptide_id=29536&scanf=37353&charge=3&value=1,K.NTPVQSPVSLGEDLQWWPDKDGTK.F,/core/www/modules/show_out/show_out_wrapper.php?run_id=110202&search_id=114132&scans_id=110198&peptide_id=29536&scanf=37353&charge=3&value=K.NTPVQSPVSLGEDLQWWPDKDGTK.F,UBR5,1.249e+6,2.329,0.037,1.428,0.001
37362,4,"  6.531","  0.621",20/150,/core/www/modules//sdig/index.php?run_id=110202&search_id=114132&scans_id=110198&peptide_id=29545&scanf=37362&charge=4&value=20/150,sp|Q01082|SPTB2_HUMAN,/core/www/modules//consensus/?run_id=110202&search_id=114132&scans_id=110198&peptide_id=29545&scanf=37362&charge=4&value=sp|Q01082|SPTB2_HUMAN,1,/core/www/modules/match_peptides/blast_html4.php?run_id=110202&search_id=114132&scans_id=110198&peptide_id=29545&scanf=37362&charge=4&value=1,R.VDTVNHLADELINSGHSDAATIAEWK.D,/core/www/modules/show_out/show_out_wrapper.php?run_id=110202&search_id=114132&scans_id=110198&peptide_id=29545&scanf=37362&charge=4&value=R.VDTVNHLADELINSGHSDAATIAEWK.D,SPTBN1,4.102e+6,3.739,0.000,3.503,0.000
37363,3,"  5.435","  0.554",18/68,/core/www/modules//sdig/index.php?run_id=110202&search_id=114132&scans_id=110198&peptide_id=29546&scanf=37363&charge=3&value=18/68,tr|B8ZZA8|B8ZZA8_HUMAN,/core/www/modules//consensus/?run_id=110202&search_id=114132&scans_id=110198&peptide_id=29546&scanf=37363&charge=3&value=tr|B8ZZA8|B8ZZA8_HUMAN,1,/core/www/modules/match_peptides/blast_html4.php?run_id=110202&search_id=114132&scans_id=110198&peptide_id=29546&scanf=37363&charge=3&value=1,R.HSFGPLDYESLQQELALK.E,/core/www/modules/show_out/show_out_wrapper.php?run_id=110202&search_id=114132&scans_id=110198&peptide_id=29546&scanf=37363&charge=3&value=R.HSFGPLDYESLQQELALK.E,GLS,3.889e+6,3.260,0.002,2.793,0.000
37364,3,"  4.981","  0.665",19/72,/core/www/modules//sdig/index.php?run_id=110202&search_id=114132&scans_id=110198&peptide_id=29547&scanf=37364&charge=3&value=19/72,sp|Q16531|DDB1_HUMAN,/core/www/modules//consensus/?run_id=110202&search_id=114132&scans_id=110198&peptide_id=29547&scanf=37364&charge=3&value=sp|Q16531|DDB1_HUMAN,7,/core/www/modules/match_peptides/blast_html4.php?run_id=110202&search_id=114132&scans_id=110198&peptide_id=29547&scanf=37364&charge=3&value=7,R.SVLLLAYKPMEGNFEEIAR.D,/core/www/modules/show_out/show_out_wrapper.php?run_id=110202&search_id=114132&scans_id=110198&peptide_id=29547&scanf=37364&charge=3&value=R.SVLLLAYKPMEGNFEEIAR.D,DDB1,1.028e+7,3.638,0.000,3.352,0.000
37366,2,"  1.565","  0.280",12/24,/core/www/modules//sdig/index.php?run_id=110202&search_id=114132&scans_id=110198&peptide_id=29549&scanf=37366&charge=2&value=12/24,sp|O00505|IMA4_HUMAN,/core/www/modules//consensus/?run_id=110202&search_id=114132&scans_id=110198&peptide_id=29549&scanf=37366&charge=2&value=sp|O00505|IMA4_HUMAN,1,/core/www/modules/match_peptides/blast_html4.php?run_id=110202&search_id=114132&scans_id=110198&peptide_id=29549&scanf=37366&charge=2&value=1,K.DSQVVQVVLDGLK.N,/core/www/modules/show_out/show_out_wrapper.php?run_id=110202&search_id=114132&scans_id=110198&peptide_id=29549&scanf=37366&charge=2&value=K.DSQVVQVVLDGLK.N,KPNA3,2.769e+6,2.057,0.089,1.049,0.004
37367,2,"  2.226","  0.321",10/20,/core/www/modules//sdig/index.php?run_id=110202&search_id=114132&scans_id=110198&peptide_id=29550&scanf=37367&charge=2&value=10/20,sp|O60832|DKC1_HUMAN,/core/www/modules//consensus/?run_id=110202&search_id=114132&scans_id=110198&peptide_id=29550&scanf=37367&charge=2&value=sp|O60832|DKC1_HUMAN,10,/core/www/modules/match_peptides/blast_html4.php?run_id=110202&search_id=114132&scans_id=110198&peptide_id=29550&scanf=37367&charge=2&value=10,K.LDTSQWPLLLK.N,/core/www/modules/show_out/show_out_wrapper.php?run_id=110202&search_id=114132&scans_id=110198&peptide_id=29550&scanf=37367&charge=2&value=K.LDTSQWPLLLK.N,DKC1,2.578e+7,2.402,0.029,1.533,0.001
37369,3,"  4.304","  0.423",10/76,/core/www/modules//sdig/index.php?run_id=110202&search_id=114132&scans_id=110198&peptide_id=29552&scanf=37369&charge=3&value=10/76,sp|Q9NU22|MDN1_HUMAN,/core/www/modules//consensus/?run_id=110202&search_id=114132&scans_id=110198&peptide_id=29552&scanf=37369&charge=3&value=sp|Q9NU22|MDN1_HUMAN,0,/core/www/modules/match_peptides/blast_html4.php?run_id=110202&search_id=114132&scans_id=110198&peptide_id=29552&scanf=37369&charge=3&value=0,K.SGTTAPLGFDEMEVEIQTVK.T,/core/www/modules/show_out/show_out_wrapper.php?run_id=110202&search_id=114132&scans_id=110198&peptide_id=29552&scanf=37369&charge=3&value=K.SGTTAPLGFDEMEVEIQTVK.T,MDN1,2.102e+6,2.786,0.008,2.093,0.000
37370,3,"  2.170","  0.351",12/84,/core/www/modules//sdig/index.php?run_id=110202&search_id=114132&scans_id=110198&peptide_id=29554&scanf=37370&charge=3&value=12/84,sp|Q8IY67|RAVR1_HUMAN,/core/www/modules//consensus/?run_id=110202&search_id=114132&scans_id=110198&peptide_id=29554&scanf=37370&charge=3&value=sp|Q8IY67|RAVR1_HUMAN,2,/core/www/modules/match_peptides/blast_html4.php?run_id=110202&search_id=114132&scans_id=110198&peptide_id=29554&scanf=37370&charge=3&value=2,R.EALGLGPPAAQLTPPPAPVGLR.G,/core/www/modules/show_out/show_out_wrapper.php?run_id=110202&search_id=114132&scans_id=110198&peptide_id=29554&scanf=37370&charge=3&value=R.EALGLGPPAAQLTPPPAPVGLR.G,RAVER1,2.726e+6,2.001,0.106,0.974,0.005
37373,2,"  1.921","  0.486",10/14,/core/www/modules//sdig/index.php?run_id=110202&search_id=114132&scans_id=110198&peptide_id=29557&scanf=37373&charge=2&value=10/14,sp|P33992|MCM5_HUMAN,/core/www/modules//consensus/?run_id=110202&search_id=114132&scans_id=110198&peptide_id=29557&scanf=37373&charge=2&value=sp|P33992|MCM5_HUMAN,1,/core/www/modules/match_peptides/blast_html4.php?run_id=110202&search_id=114132&scans_id=110198&peptide_id=29557&scanf=37373&charge=2&value=1,R.FDMIFIVK.D,/core/www/modules/show_out/show_out_wrapper.php?run_id=110202&search_id=114132&scans_id=110198&peptide_id=29557&scanf=37373&charge=2&value=R.FDMIFIVK.D,MCM5,2.169e+6,3.456,0.001,3.082,0.000
37376,3,"  3.875","  0.401",12/56,/core/www/modules//sdig/index.php?run_id=110202&search_id=114132&scans_id=110198&peptide_id=29560&scanf=37376&charge=3&value=12/56,sp|Q15021|CND1_HUMAN,/core/www/modules//consensus/?run_id=110202&search_id=114132&scans_id=110198&peptide_id=29560&scanf=37376&charge=3&value=sp|Q15021|CND1_HUMAN,0,/core/www/modules/match_peptides/blast_html4.php?run_id=110202&search_id=114132&scans_id=110198&peptide_id=29560&scanf=37376&charge=3&value=0,R.FPNLVDPWTPHLYAR.L,/core/www/modules/show_out/show_out_wrapper.php?run_id=110202&search_id=114132&scans_id=110198&peptide_id=29560&scanf=37376&charge=3&value=R.FPNLVDPWTPHLYAR.L,NCAPD2,1.978e+6,2.668,0.012,1.919,0.000
37378,2,"  2.320","  0.358",10/16,/core/www/modules//sdig/index.php?run_id=110202&search_id=114132&scans_id=110198&peptide_id=29562&scanf=37378&charge=2&value=10/16,sp|Q9H5Q4|TFB2M_HUMAN,/core/www/modules//consensus/?run_id=110202&search_id=114132&scans_id=110198&peptide_id=29562&scanf=37378&charge=2&value=sp|Q9H5Q4|TFB2M_HUMAN,0,/core/www/modules/match_peptides/blast_html4.php?run_id=110202&search_id=114132&scans_id=110198&peptide_id=29562&scanf=37378&charge=2&value=0,K.LYLIQMIPR.Q,/core/www/modules/show_out/show_out_wrapper.php?run_id=110202&search_id=114132&scans_id=110198&peptide_id=29562&scanf=37378&charge=2&value=K.LYLIQMIPR.Q,TFB2M,1.442e+6,2.748,0.009,2.037,0.000
37380,2,"  2.646","  0.541",12/22,/core/www/modules//sdig/index.php?run_id=110202&search_id=114132&scans_id=110198&peptide_id=29564&scanf=37380&charge=2&value=12/22,sp|P38646|GRP75_HUMAN,/core/www/modules//consensus/?run_id=110202&search_id=114132&scans_id=110198&peptide_id=29564&scanf=37380&charge=2&value=sp|P38646|GRP75_HUMAN,6,/core/www/modules/match_peptides/blast_html4.php?run_id=110202&search_id=114132&scans_id=110198&peptide_id=29564&scanf=37380&charge=2&value=6,R.AQFEGIVTDLIR.R,/core/www/modules/show_out/show_out_wrapper.php?run_id=110202&search_id=114132&scans_id=110198&peptide_id=29564&scanf=37380&charge=2&value=R.AQFEGIVTDLIR.R,HSPA9,2.385e+7,3.210,0.002,2.718,0.000
37381,3,"  4.288","  0.672",20/68,/core/www/modules//sdig/index.php?run_id=110202&search_id=114132&scans_id=110198&peptide_id=29565&scanf=37381&charge=3&value=20/68,sp|Q8WWQ0|PHIP_HUMAN,/core/www/modules//consensus/?run_id=110202&search_id=114132&scans_id=110198&peptide_id=29565&scanf=37381&charge=3&value=sp|Q8WWQ0|PHIP_HUMAN,5,/core/www/modules/match_peptides/blast_html4.php?run_id=110202&search_id=114132&scans_id=110198&peptide_id=29565&scanf=37381&charge=3&value=5,R.VLFSAGHDGNVIVWDLAR.G,/core/www/modules/show_out/show_out_wrapper.php?run_id=110202&search_id=114132&scans_id=110198&peptide_id=29565&scanf=37381&charge=3&value=R.VLFSAGHDGNVIVWDLAR.G,PHIP,6.146e+6,3.689,0.000,3.428,0.000
37382,2,"  3.785","  0.656",15/26,/core/www/modules//sdig/index.php?run_id=110202&search_id=114132&scans_id=110198&peptide_id=29566&scanf=37382&charge=2&value=15/26,sp|P53396|ACLY_HUMAN,/core/www/modules//consensus/?run_id=110202&search_id=114132&scans_id=110198&peptide_id=29566&scanf=37382&charge=2&value=sp|P53396|ACLY_HUMAN,0,/core/www/modules/match_peptides/blast_html4.php?run_id=110202&search_id=114132&scans_id=110198&peptide_id=29566&scanf=37382&charge=2&value=0,K.AFDSGIIPMEFVNK.M,/core/www/modules/show_out/show_out_wrapper.php?run_id=110202&search_id=114132&scans_id=110198&peptide_id=29566&scanf=37382&charge=2&value=K.AFDSGIIPMEFVNK.M,ACLY,6.702e+6,3.606,0.000,3.305,0.000
37383,3,"  3.667","  0.654",19/64,/core/www/modules//sdig/index.php?run_id=110202&search_id=114132&scans_id=110198&peptide_id=29567&scanf=37383&charge=3&value=19/64,sp|Q6ZN17|LN28B_HUMAN,/core/www/modules//consensus/?run_id=110202&search_id=114132&scans_id=110198&peptide_id=29567&scanf=37383&charge=3&value=sp|Q6ZN17|LN28B_HUMAN,2,/core/www/modules/match_peptides/blast_html4.php?run_id=110202&search_id=114132&scans_id=110198&peptide_id=29567&scanf=37383&charge=3&value=2,R.EGSPLDIPVDVFVHQSK.L,/core/www/modules/show_out/show_out_wrapper.php?run_id=110202&search_id=114132&scans_id=110198&peptide_id=29567&scanf=37383&charge=3&value=R.EGSPLDIPVDVFVHQSK.L,LIN28B,4.728e+7,3.568,0.001,3.250,0.000
37384,2,"  2.828","  0.509",11/26,/core/www/modules//sdig/index.php?run_id=110202&search_id=114132&scans_id=110198&peptide_id=29568&scanf=37384&charge=2&value=11/26,sp|P62995|TRA2B_HUMAN,/core/www/modules//consensus/?run_id=110202&search_id=114132&scans_id=110198&peptide_id=29568&scanf=37384&charge=2&value=sp|P62995|TRA2B_HUMAN,1,/core/www/modules/match_peptides/blast_html4.php?run_id=110202&search_id=114132&scans_id=110198&peptide_id=29568&scanf=37384&charge=2&value=1,R.GFAFVYFENVDDAK.E,/core/www/modules/show_out/show_out_wrapper.php?run_id=110202&search_id=114132&scans_id=110198&peptide_id=29568&scanf=37384&charge=2&value=R.GFAFVYFENVDDAK.E,TRA2B,8.658e+7,2.711,0.010,1.982,0.000
37386,3,"  7.607","  0.701",36/100,/core/www/modules//sdig/index.php?run_id=110202&search_id=114132&scans_id=110198&peptide_id=29570&scanf=37386&charge=3&value=36/100,sp|Q01082|SPTB2_HUMAN,/core/www/modules//consensus/?run_id=110202&search_id=114132&scans_id=110198&peptide_id=29570&scanf=37386&charge=3&value=sp|Q01082|SPTB2_HUMAN,1,/core/www/modules/match_peptides/blast_html4.php?run_id=110202&search_id=114132&scans_id=110198&peptide_id=29570&scanf=37386&charge=3&value=1,R.VDTVNHLADELINSGHSDAATIAEWK.D,/core/www/modules/show_out/show_out_wrapper.php?run_id=110202&search_id=114132&scans_id=110198&peptide_id=29570&scanf=37386&charge=3&value=R.VDTVNHLADELINSGHSDAATIAEWK.D,SPTBN1,2.006e+6,3.922,0.000,3.774,0.000
37388,3,"  6.204","  0.541",17/88,/core/www/modules//sdig/index.php?run_id=110202&search_id=114132&scans_id=110198&peptide_id=29572&scanf=37388&charge=3&value=17/88,sp|Q9P2D1|CHD7_HUMAN,/core/www/modules//consensus/?run_id=110202&search_id=114132&scans_id=110198&peptide_id=29572&scanf=37388&charge=3&value=sp|Q9P2D1|CHD7_HUMAN,1,/core/www/modules/match_peptides/blast_html4.php?run_id=110202&search_id=114132&scans_id=110198&peptide_id=29572&scanf=37388&charge=3&value=1,R.MPVKPDDEPPDLSSIIEPITEER.A,/core/www/modules/show_out/show_out_wrapper.php?run_id=110202&search_id=114132&scans_id=110198&peptide_id=29572&scanf=37388&charge=3&value=R.MPVKPDDEPPDLSSIIEPITEER.A,CHD7,2.260e+6,3.034,0.003,2.458,0.000
37389,2,"  3.477","  0.473",13/26,/core/www/modules//sdig/index.php?run_id=110202&search_id=114132&scans_id=110198&peptide_id=29573&scanf=37389&charge=2&value=13/26,sp|Q6P1J9|CDC73_HUMAN,/core/www/modules//consensus/?run_id=110202&search_id=114132&scans_id=110198&peptide_id=29573&scanf=37389&charge=2&value=sp|Q6P1J9|CDC73_HUMAN,2,/core/www/modules/match_peptides/blast_html4.php?run_id=110202&search_id=114132&scans_id=110198&peptide_id=29573&scanf=37389&charge=2&value=2,R.VVAVFVQGPAWQFK.G,/core/www/modules/show_out/show_out_wrapper.php?run_id=110202&search_id=114132&scans_id=110198&peptide_id=29573&scanf=37389&charge=2&value=R.VVAVFVQGPAWQFK.G,CDC73,2.197e+6,2.903,0.005,2.265,0.000
37390,2,"  3.264","  0.499",13/24,/core/www/modules//sdig/index.php?run_id=110202&search_id=114132&scans_id=110198&peptide_id=29575&scanf=37390&charge=2&value=13/24,sp|Q9P2K5|MYEF2_HUMAN,/core/www/modules//consensus/?run_id=110202&search_id=114132&scans_id=110198&peptide_id=29575&scanf=37390&charge=2&value=sp|Q9P2K5|MYEF2_HUMAN,4,/core/www/modules/match_peptides/blast_html4.php?run_id=110202&search_id=114132&scans_id=110198&peptide_id=29575&scanf=37390&charge=2&value=4,R.LGSTIFVANLDFK.V,/core/www/modules/show_out/show_out_wrapper.php?run_id=110202&search_id=114132&scans_id=110198&peptide_id=29575&scanf=37390&charge=2&value=R.LGSTIFVANLDFK.V,MYEF2,1.002e+7,3.107,0.003,2.566,0.000
37395,2,"  4.007","  0.699",17/32,/core/www/modules//sdig/index.php?run_id=110202&search_id=114132&scans_id=110198&peptide_id=29580&scanf=37395&charge=2&value=17/32,sp|Q9H0S4|DDX47_HUMAN,/core/www/modules//consensus/?run_id=110202&search_id=114132&scans_id=110198&peptide_id=29580&scanf=37395&charge=2&value=sp|Q9H0S4|DDX47_HUMAN,0,/core/www/modules/match_peptides/blast_html4.php?run_id=110202&search_id=114132&scans_id=110198&peptide_id=29580&scanf=37395&charge=2&value=0,K.LPGFPTQDDEVMMLTER.V,/core/www/modules/show_out/show_out_wrapper.php?run_id=110202&search_id=114132&scans_id=110198&peptide_id=29580&scanf=37395&charge=2&value=K.LPGFPTQDDEVMMLTER.V,DDX47,2.813e+6,3.623,0.000,3.331,0.000
37398,3,"  4.778","  0.560",14/72,/core/www/modules//sdig/index.php?run_id=110202&search_id=114132&scans_id=110198&peptide_id=29583&scanf=37398&charge=3&value=14/72,sp|P62820|RAB1A_HUMAN,/core/www/modules//consensus/?run_id=110202&search_id=114132&scans_id=110198&peptide_id=29583&scanf=37398&charge=3&value=sp|P62820|RAB1A_HUMAN,2,/core/www/modules/match_peptides/blast_html4.php?run_id=110202&search_id=114132&scans_id=110198&peptide_id=29583&scanf=37398&charge=3&value=2,R.FADDTYTESYISTIGVDFK.I,/core/www/modules/show_out/show_out_wrapper.php?run_id=110202&search_id=114132&scans_id=110198&peptide_id=29583&scanf=37398&charge=3&value=R.FADDTYTESYISTIGVDFK.I,RAB1A,2.826e+6,3.121,0.003,2.587,0.000
37401,2,"  3.074","  0.494",12/22,/core/www/modules//sdig/index.php?run_id=110202&search_id=114132&scans_id=110198&peptide_id=29586&scanf=37401&charge=2&value=12/22,sp|P42704|LPPRC_HUMAN,/core/www/modules//consensus/?run_id=110202&search_id=114132&scans_id=110198&peptide_id=29586&scanf=37401&charge=2&value=sp|P42704|LPPRC_HUMAN,13,/core/www/modules/match_peptides/blast_html4.php?run_id=110202&search_id=114132&scans_id=110198&peptide_id=29586&scanf=37401&charge=2&value=13,K.SVLELIPELNEK.E,/core/www/modules/show_out/show_out_wrapper.php?run_id=110202&search_id=114132&scans_id=110198&peptide_id=29586&scanf=37401&charge=2&value=K.SVLELIPELNEK.E,LRPPRC,3.930e+6,3.177,0.002,2.670,0.000
37402,4,"  4.132","  0.516",17/150,/core/www/modules//sdig/index.php?run_id=110202&search_id=114132&scans_id=110198&peptide_id=29587&scanf=37402&charge=4&value=17/150,sp|P35579|MYH9_HUMAN,/core/www/modules//consensus/?run_id=110202&search_id=114132&scans_id=110198&peptide_id=29587&scanf=37402&charge=4&value=sp|P35579|MYH9_HUMAN,5,/core/www/modules/match_peptides/blast_html4.php?run_id=110202&search_id=114132&scans_id=110198&peptide_id=29587&scanf=37402&charge=4&value=5,K.SGFEPASLKEEVGEEAIVELVENGKK.V,/core/www/modules/show_out/show_out_wrapper.php?run_id=110202&search_id=114132&scans_id=110198&peptide_id=29587&scanf=37402&charge=4&value=K.SGFEPASLKEEVGEEAIVELVENGKK.V,MYH9,1.441e+6,2.606,0.015,1.829,0.000
37406,3,"  3.500","  0.513",14/72,/core/www/modules//sdig/index.php?run_id=110202&search_id=114132&scans_id=110198&peptide_id=29591&scanf=37406&charge=3&value=14/72,sp|Q04917|1433F_HUMAN,/core/www/modules//consensus/?run_id=110202&search_id=114132&scans_id=110198&peptide_id=29591&scanf=37406&charge=3&value=sp|Q04917|1433F_HUMAN,0,/core/www/modules/match_peptides/blast_html4.php?run_id=110202&search_id=114132&scans_id=110198&peptide_id=29591&scanf=37406&charge=3&value=0,K.QAFDDAIAELDTLNEDSYK.D,/core/www/modules/show_out/show_out_wrapper.php?run_id=110202&search_id=114132&scans_id=110198&peptide_id=29591&scanf=37406&charge=3&value=K.QAFDDAIAELDTLNEDSYK.D,YWHAH,1.959e+6,2.803,0.008,2.117,0.000
37409,3,"  3.295","  0.295",17/60,/core/www/modules//sdig/index.php?run_id=110202&search_id=114132&scans_id=110198&peptide_id=29594&scanf=37409&charge=3&value=17/60,sp|P26368|U2AF2_HUMAN,/core/www/modules//consensus/?run_id=110202&search_id=114132&scans_id=110198&peptide_id=29594&scanf=37409&charge=3&value=sp|P26368|U2AF2_HUMAN,0,/core/www/modules/match_peptides/blast_html4.php?run_id=110202&search_id=114132&scans_id=110198&peptide_id=29594&scanf=37409&charge=3&value=0,K.LFIGGLPNYLNDDQVK.E,/core/www/modules/show_out/show_out_wrapper.php?run_id=110202&search_id=114132&scans_id=110198&peptide_id=29594&scanf=37409&charge=3&value=K.LFIGGLPNYLNDDQVK.E,U2AF2,6.544e+6,2.437,0.026,1.584,0.001
37414,3,"  4.417","  0.648",23/72,/core/www/modules//sdig/index.php?run_id=110202&search_id=114132&scans_id=110198&peptide_id=29600&scanf=37414&charge=3&value=23/72,sp|Q8WTT2|NOC3L_HUMAN,/core/www/modules//consensus/?run_id=110202&search_id=114132&scans_id=110198&peptide_id=29600&scanf=37414&charge=3&value=sp|Q8WTT2|NOC3L_HUMAN,0,/core/www/modules/match_peptides/blast_html4.php?run_id=110202&search_id=114132&scans_id=110198&peptide_id=29600&scanf=37414&charge=3&value=0,K.MHIAALASAILSDPENNIK.K,/core/www/modules/show_out/show_out_wrapper.php?run_id=110202&search_id=114132&scans_id=110198&peptide_id=29600&scanf=37414&charge=3&value=K.MHIAALASAILSDPENNIK.K,NOC3L,1.170e+7,3.634,0.000,3.346,0.000
37415,2,"  3.630","  0.648",13/28,/core/www/modules//sdig/index.php?run_id=110202&search_id=114132&scans_id=110198&peptide_id=29601&scanf=37415&charge=2&value=13/28,sp|P18754|RCC1_HUMAN,/core/www/modules//consensus/?run_id=110202&search_id=114132&scans_id=110198&peptide_id=29601&scanf=37415&charge=2&value=sp|P18754|RCC1_HUMAN,5,/core/www/modules/match_peptides/blast_html4.php?run_id=110202&search_id=114132&scans_id=110198&peptide_id=29601&scanf=37415&charge=2&value=5,K.SMVPVQVQLDVPVVK.V,/core/www/modules/show_out/show_out_wrapper.php?run_id=110202&search_id=114132&scans_id=110198&peptide_id=29601&scanf=37415&charge=2&value=K.SMVPVQVQLDVPVVK.V,RCC1,1.134e+7,3.447,0.001,3.069,0.000
37417,3,"  3.176","  0.479",17/64,/core/www/modules//sdig/index.php?run_id=110202&search_id=114132&scans_id=110198&peptide_id=29603&scanf=37417&charge=3&value=17/64,sp|Q08999|RBL2_HUMAN,/core/www/modules//consensus/?run_id=110202&search_id=114132&scans_id=110198&peptide_id=29603&scanf=37417&charge=3&value=sp|Q08999|RBL2_HUMAN,1,/core/www/modules/match_peptides/blast_html4.php?run_id=110202&search_id=114132&scans_id=110198&peptide_id=29603&scanf=37417&charge=3&value=1,R.LGDMDLSGILEQDAFHR.S,/core/www/modules/show_out/show_out_wrapper.php?run_id=110202&search_id=114132&scans_id=110198&peptide_id=29603&scanf=37417&charge=3&value=R.LGDMDLSGILEQDAFHR.S,RBL2,1.763e+6,2.915,0.005,2.282,0.000
37422,2,"  4.128","  0.673",16/30,/core/www/modules//sdig/index.php?run_id=110202&search_id=114132&scans_id=110198&peptide_id=29607&scanf=37422&charge=2&value=16/30,sp|Q16822|PCKGM_HUMAN,/core/www/modules//consensus/?run_id=110202&search_id=114132&scans_id=110198&peptide_id=29607&scanf=37422&charge=2&value=sp|Q16822|PCKGM_HUMAN,5,/core/www/modules/match_peptides/blast_html4.php?run_id=110202&search_id=114132&scans_id=110198&peptide_id=29607&scanf=37422&charge=2&value=5,R.LGTPVLQALGDGDFVK.C,/core/www/modules/show_out/show_out_wrapper.php?run_id=110202&search_id=114132&scans_id=110198&peptide_id=29607&scanf=37422&charge=2&value=R.LGTPVLQALGDGDFVK.C,PCK2,1.578e+7,3.626,0.000,3.336,0.000
37423,2,"  1.863","  0.439",10/18,/core/www/modules//sdig/index.php?run_id=110202&search_id=114132&scans_id=110198&peptide_id=29608&scanf=37423&charge=2&value=10/18,sp|P26640|SYVC_HUMAN,/core/www/modules//consensus/?run_id=110202&search_id=114132&scans_id=110198&peptide_id=29608&scanf=37423&charge=2&value=sp|P26640|SYVC_HUMAN,5,/core/www/modules/match_peptides/blast_html4.php?run_id=110202&search_id=114132&scans_id=110198&peptide_id=29608&scanf=37423&charge=2&value=5,R.ALSPLEEWLR.L,/core/www/modules/show_out/show_out_wrapper.php?run_id=110202&search_id=114132&scans_id=110198&peptide_id=29608&scanf=37423&charge=2&value=R.ALSPLEEWLR.L,VARS1,7.712e+6,2.900,0.005,2.260,0.000
37426,2,"  3.511","  0.598",14/24,/core/www/modules//sdig/index.php?run_id=110202&search_id=114132&scans_id=110198&peptide_id=29611&scanf=37426&charge=2&value=14/24,sp|Q9NU22|MDN1_HUMAN,/core/www/modules//consensus/?run_id=110202&search_id=114132&scans_id=110198&peptide_id=29611&scanf=37426&charge=2&value=sp|Q9NU22|MDN1_HUMAN,0,/core/www/modules/match_peptides/blast_html4.php?run_id=110202&search_id=114132&scans_id=110198&peptide_id=29611&scanf=37426&charge=2&value=0,K.ALVLANPEVSLWR.K,/core/www/modules/show_out/show_out_wrapper.php?run_id=110202&search_id=114132&scans_id=110198&peptide_id=29611&scanf=37426&charge=2&value=K.ALVLANPEVSLWR.K,MDN1,1.001e+7,3.747,0.000,3.515,0.000
37429,4,"  6.457","  0.654",25/132,/core/www/modules//sdig/index.php?run_id=110202&search_id=114132&scans_id=110198&peptide_id=29614&scanf=37429&charge=4&value=25/132,sp|Q9BZE4|GTPB4_HUMAN,/core/www/modules//consensus/?run_id=110202&search_id=114132&scans_id=110198&peptide_id=29614&scanf=37429&charge=4&value=sp|Q9BZE4|GTPB4_HUMAN,0,/core/www/modules/match_peptides/blast_html4.php?run_id=110202&search_id=114132&scans_id=110198&peptide_id=29614&scanf=37429&charge=4&value=0,K.HDKIPEIWEGHNIADYIDPAIMK.K,/core/www/modules/show_out/show_out_wrapper.php?run_id=110202&search_id=114132&scans_id=110198&peptide_id=29614&scanf=37429&charge=4&value=K.HDKIPEIWEGHNIADYIDPAIMK.K,GTPBP4,3.058e+6,3.581,0.001,3.268,0.000
37430,2,"  2.878","  0.548",11/24,/core/www/modules//sdig/index.php?run_id=110202&search_id=114132&scans_id=110198&peptide_id=29616&scanf=37430&charge=2&value=11/24,sp|O60216|RAD21_HUMAN,/core/www/modules//consensus/?run_id=110202&search_id=114132&scans_id=110198&peptide_id=29616&scanf=37430&charge=2&value=sp|O60216|RAD21_HUMAN,1,/core/www/modules/match_peptides/blast_html4.php?run_id=110202&search_id=114132&scans_id=110198&peptide_id=29616&scanf=37430&charge=2&value=1,K.LFSLPAQPLWNNR.L,/core/www/modules/show_out/show_out_wrapper.php?run_id=110202&search_id=114132&scans_id=110198&peptide_id=29616&scanf=37430&charge=2&value=K.LFSLPAQPLWNNR.L,RAD21,1.122e+7,3.124,0.003,2.592,0.000
37431,2,"  2.688","  0.000",11/18,/core/www/modules//sdig/index.php?run_id=110202&search_id=114132&scans_id=110198&peptide_id=29617&scanf=37431&charge=2&value=11/18,sp|P36406|TRI23_HUMAN,/core/www/modules//consensus/?run_id=110202&search_id=114132&scans_id=110198&peptide_id=29617&scanf=37431&charge=2&value=sp|P36406|TRI23_HUMAN,0,/core/www/modules/match_peptides/blast_html4.php?run_id=110202&search_id=114132&scans_id=110198&peptide_id=29617&scanf=37431&charge=2&value=0,R.DALLLIFANK.Q,/core/www/modules/show_out/show_out_wrapper.php?run_id=110202&search_id=114132&scans_id=110198&peptide_id=29617&scanf=37431&charge=2&value=R.DALLLIFANK.Q,TRIM23,3.273e+6,3.015,0.004,2.430,0.000
37432,3,"  4.410","  0.605",19/60,/core/www/modules//sdig/index.php?run_id=110202&search_id=114132&scans_id=110198&peptide_id=29618&scanf=37432&charge=3&value=19/60,sp|Q01780|EXOSX_HUMAN,/core/www/modules//consensus/?run_id=110202&search_id=114132&scans_id=110198&peptide_id=29618&scanf=37432&charge=3&value=sp|Q01780|EXOSX_HUMAN,0,/core/www/modules/match_peptides/blast_html4.php?run_id=110202&search_id=114132&scans_id=110198&peptide_id=29618&scanf=37432&charge=3&value=0,K.FIKPIFTDESYLELYR.K,/core/www/modules/show_out/show_out_wrapper.php?run_id=110202&search_id=114132&scans_id=110198&peptide_id=29618&scanf=37432&charge=3&value=K.FIKPIFTDESYLELYR.K,EXOSC10,6.174e+6,3.594,0.001,3.288,0.000
37433,3,"  7.040","  0.621",21/84,/core/www/modules//sdig/index.php?run_id=110202&search_id=114132&scans_id=110198&peptide_id=29619&scanf=37433&charge=3&value=21/84,sp|O60231|DHX16_HUMAN,/core/www/modules//consensus/?run_id=110202&search_id=114132&scans_id=110198&peptide_id=29619&scanf=37433&charge=3&value=sp|O60231|DHX16_HUMAN,1,/core/www/modules/match_peptides/blast_html4.php?run_id=110202&search_id=114132&scans_id=110198&peptide_id=29619&scanf=37433&charge=3&value=1,R.EFLSEPDLASYSVVMVDEAHER.T,/core/www/modules/show_out/show_out_wrapper.php?run_id=110202&search_id=114132&scans_id=110198&peptide_id=29619&scanf=37433&charge=3&value=R.EFLSEPDLASYSVVMVDEAHER.T,DHX16,4.570e+6,3.299,0.001,2.850,0.000
37434,2,"  3.122","  0.539",13/28,/core/www/modules//sdig/index.php?run_id=110202&search_id=114132&scans_id=110198&peptide_id=29620&scanf=37434&charge=2&value=13/28,sp|P61960|UFM1_HUMAN,/core/www/modules//consensus/?run_id=110202&search_id=114132&scans_id=110198&peptide_id=29620&scanf=37434&charge=2&value=sp|P61960|UFM1_HUMAN,1,/core/www/modules/match_peptides/blast_html4.php?run_id=110202&search_id=114132&scans_id=110198&peptide_id=29620&scanf=37434&charge=2&value=1,K.VLSVPESTPFTAVLK.F,/core/www/modules/show_out/show_out_wrapper.php?run_id=110202&search_id=114132&scans_id=110198&peptide_id=29620&scanf=37434&charge=2&value=K.VLSVPESTPFTAVLK.F,UFM1,6.512e+6,3.044,0.003,2.473,0.000
37438,2,"  3.756","  0.468",13/24,/core/www/modules//sdig/index.php?run_id=110202&search_id=114132&scans_id=110198&peptide_id=29624&scanf=37438&charge=2&value=13/24,sp|Q15269|PWP2_HUMAN,/core/www/modules//consensus/?run_id=110202&search_id=114132&scans_id=110198&peptide_id=29624&scanf=37438&charge=2&value=sp|Q15269|PWP2_HUMAN,0,/core/www/modules/match_peptides/blast_html4.php?run_id=110202&search_id=114132&scans_id=110198&peptide_id=29624&scanf=37438&charge=2&value=0,K.VLEFLASSFEVSR.H,/core/www/modules/show_out/show_out_wrapper.php?run_id=110202&search_id=114132&scans_id=110198&peptide_id=29624&scanf=37438&charge=2&value=K.VLEFLASSFEVSR.H,PWP2,1.859e+6,3.046,0.003,2.476,0.000
37440,2,"  3.042","  0.207",16/28,/core/www/modules//sdig/index.php?run_id=110202&search_id=114132&scans_id=110198&peptide_id=29627&scanf=37440&charge=2&value=16/28,sp|Q969G3|SMCE1_HUMAN,/core/www/modules//consensus/?run_id=110202&search_id=114132&scans_id=110198&peptide_id=29627&scanf=37440&charge=2&value=sp|Q969G3|SMCE1_HUMAN,10,/core/www/modules/match_peptides/blast_html4.php?run_id=110202&search_id=114132&scans_id=110198&peptide_id=29627&scanf=37440&charge=2&value=10,R.LISEILSESVVPDVR.S,/core/www/modules/show_out/show_out_wrapper.php?run_id=110202&search_id=114132&scans_id=110198&peptide_id=29627&scanf=37440&charge=2&value=R.LISEILSESVVPDVR.S,SMARCE1,2.689e+7,2.140,0.069,1.162,0.002
37445,3,"  4.150","  0.542",17/56,/core/www/modules//sdig/index.php?run_id=110202&search_id=114132&scans_id=110198&peptide_id=29631&scanf=37445&charge=3&value=17/56,sp|P33993|MCM7_HUMAN,/core/www/modules//consensus/?run_id=110202&search_id=114132&scans_id=110198&peptide_id=29631&scanf=37445&charge=3&value=sp|P33993|MCM7_HUMAN,0,/core/www/modules/match_peptides/blast_html4.php?run_id=110202&search_id=114132&scans_id=110198&peptide_id=29631&scanf=37445&charge=3&value=0,R.SLEQNIQLPAALLSR.F,/core/www/modules/show_out/show_out_wrapper.php?run_id=110202&search_id=114132&scans_id=110198&peptide_id=29631&scanf=37445&charge=3&value=R.SLEQNIQLPAALLSR.F,MCM7,1.455e+7,3.404,0.001,3.006,0.000
37448,2,"  5.057","  0.721",18/32,/core/www/modules//sdig/index.php?run_id=110202&search_id=114132&scans_id=110198&peptide_id=29634&scanf=37448&charge=2&value=18/32,sp|P42704|LPPRC_HUMAN,/core/www/modules//consensus/?run_id=110202&search_id=114132&scans_id=110198&peptide_id=29634&scanf=37448&charge=2&value=sp|P42704|LPPRC_HUMAN,19,/core/www/modules/match_peptides/blast_html4.php?run_id=110202&search_id=114132&scans_id=110198&peptide_id=29634&scanf=37448&charge=2&value=19,K.TVQLTSSELESTLETLK.A,/core/www/modules/show_out/show_out_wrapper.php?run_id=110202&search_id=114132&scans_id=110198&peptide_id=29634&scanf=37448&charge=2&value=K.TVQLTSSELESTLETLK.A,LRPPRC,6.627e+6,3.842,0.000,3.655,0.000
37450,3,"  6.431","  0.777",28/80,/core/www/modules//sdig/index.php?run_id=110202&search_id=114132&scans_id=110198&peptide_id=29637&scanf=37450&charge=3&value=28/80,sp|Q86XP3|DDX42_HUMAN,/core/www/modules//consensus/?run_id=110202&search_id=114132&scans_id=110198&peptide_id=29637&scanf=37450&charge=3&value=sp|Q86XP3|DDX42_HUMAN,0,/core/www/modules/match_peptides/blast_html4.php?run_id=110202&search_id=114132&scans_id=110198&peptide_id=29637&scanf=37450&charge=3&value=0,K.NFYNEHEEITNLTPQQLIDLR.H,/core/www/modules/show_out/show_out_wrapper.php?run_id=110202&search_id=114132&scans_id=110198&peptide_id=29637&scanf=37450&charge=3&value=K.NFYNEHEEITNLTPQQLIDLR.H,DDX42,5.017e+6,4.135,0.000,4.089,0.000
37452,2,"  5.344","  0.597",17/30,/core/www/modules//sdig/index.php?run_id=110202&search_id=114132&scans_id=110198&peptide_id=29639&scanf=37452&charge=2&value=17/30,sp|P26038|MOES_HUMAN,/core/www/modules//consensus/?run_id=110202&search_id=114132&scans_id=110198&peptide_id=29639&scanf=37452&charge=2&value=sp|P26038|MOES_HUMAN,1,/core/www/modules/match_peptides/blast_html4.php?run_id=110202&search_id=114132&scans_id=110198&peptide_id=29639&scanf=37452&charge=2&value=1,K.IAQDLEMYGVNYFSIK.N,/core/www/modules/show_out/show_out_wrapper.php?run_id=110202&search_id=114132&scans_id=110198&peptide_id=29639&scanf=37452&charge=2&value=K.IAQDLEMYGVNYFSIK.N,MSN,2.403e+6,3.499,0.001,3.147,0.000
37453,2,"  1.903","  0.584",9/16,/core/www/modules//sdig/index.php?run_id=110202&search_id=114132&scans_id=110198&peptide_id=29640&scanf=37453&charge=2&value=9/16,sp|Q9HAU5|RENT2_HUMAN,/core/www/modules//consensus/?run_id=110202&search_id=114132&scans_id=110198&peptide_id=29640&scanf=37453&charge=2&value=sp|Q9HAU5|RENT2_HUMAN,0,/core/www/modules/match_peptides/blast_html4.php?run_id=110202&search_id=114132&scans_id=110198&peptide_id=29640&scanf=37453&charge=2&value=0,K.AFVPAILFK.D,/core/www/modules/show_out/show_out_wrapper.php?run_id=110202&search_id=114132&scans_id=110198&peptide_id=29640&scanf=37453&charge=2&value=K.AFVPAILFK.D,UPF2,2.541e+6,3.475,0.001,3.111,0.000
37456,3,"  2.759","  0.337",11/72,/core/www/modules//sdig/index.php?run_id=110202&search_id=114132&scans_id=110198&peptide_id=29643&scanf=37456&charge=3&value=11/72,sp|Q04917|1433F_HUMAN,/core/www/modules//consensus/?run_id=110202&search_id=114132&scans_id=110198&peptide_id=29643&scanf=37456&charge=3&value=sp|Q04917|1433F_HUMAN,0,/core/www/modules/match_peptides/blast_html4.php?run_id=110202&search_id=114132&scans_id=110198&peptide_id=29643&scanf=37456&charge=3&value=0,K.QAFDDAIAELDTLNEDSYK.D,/core/www/modules/show_out/show_out_wrapper.php?run_id=110202&search_id=114132&scans_id=110198&peptide_id=29643&scanf=37456&charge=3&value=K.QAFDDAIAELDTLNEDSYK.D,YWHAH,1.959e+6,2.072,0.085,1.069,0.003
37460,3,"  5.032","  0.591",20/60,/core/www/modules//sdig/index.php?run_id=110202&search_id=114132&scans_id=110198&peptide_id=29648&scanf=37460&charge=3&value=20/60,sp|P53992|SC24C_HUMAN,/core/www/modules//consensus/?run_id=110202&search_id=114132&scans_id=110198&peptide_id=29648&scanf=37460&charge=3&value=sp|P53992|SC24C_HUMAN,1,/core/www/modules/match_peptides/blast_html4.php?run_id=110202&search_id=114132&scans_id=110198&peptide_id=29648&scanf=37460&charge=3&value=1,K.LFLFHTSLPIAEAPGK.L,/core/www/modules/show_out/show_out_wrapper.php?run_id=110202&search_id=114132&scans_id=110198&peptide_id=29648&scanf=37460&charge=3&value=K.LFLFHTSLPIAEAPGK.L,SEC24C,3.994e+6,3.507,0.001,3.159,0.000
37464,2,"  2.869","  0.671",13/20,/core/www/modules//sdig/index.php?run_id=110202&search_id=114132&scans_id=110198&peptide_id=29651&scanf=37464&charge=2&value=13/20,sp|Q9NR30|DDX21_HUMAN,/core/www/modules//consensus/?run_id=110202&search_id=114132&scans_id=110198&peptide_id=29651&scanf=37464&charge=2&value=sp|Q9NR30|DDX21_HUMAN,4,/core/www/modules/match_peptides/blast_html4.php?run_id=110202&search_id=114132&scans_id=110198&peptide_id=29651&scanf=37464&charge=2&value=4,R.GVTFLFPIQAK.T,/core/www/modules/show_out/show_out_wrapper.php?run_id=110202&search_id=114132&scans_id=110198&peptide_id=29651&scanf=37464&charge=2&value=R.GVTFLFPIQAK.T,DDX21,1.391e+8,3.990,0.000,3.874,0.000
37465,2,"  4.017","  0.385",17/28,/core/www/modules//sdig/index.php?run_id=110202&search_id=114132&scans_id=110198&peptide_id=29652&scanf=37465&charge=2&value=17/28,sp|Q969G3|SMCE1_HUMAN,/core/www/modules//consensus/?run_id=110202&search_id=114132&scans_id=110198&peptide_id=29652&scanf=37465&charge=2&value=sp|Q969G3|SMCE1_HUMAN,10,/core/www/modules/match_peptides/blast_html4.php?run_id=110202&search_id=114132&scans_id=110198&peptide_id=29652&scanf=37465&charge=2&value=10,R.LISEILSESVVPDVR.S,/core/www/modules/show_out/show_out_wrapper.php?run_id=110202&search_id=114132&scans_id=110198&peptide_id=29652&scanf=37465&charge=2&value=R.LISEILSESVVPDVR.S,SMARCE1,2.689e+7,2.841,0.007,2.173,0.000
37466,3,"  4.068","  0.550",19/96,/core/www/modules//sdig/index.php?run_id=110202&search_id=114132&scans_id=110198&peptide_id=29653&scanf=37466&charge=3&value=19/96,sp|Q99714|HCD2_HUMAN,/core/www/modules//consensus/?run_id=110202&search_id=114132&scans_id=110198&peptide_id=29653&scanf=37466&charge=3&value=sp|Q99714|HCD2_HUMAN,1,/core/www/modules/match_peptides/blast_html4.php?run_id=110202&search_id=114132&scans_id=110198&peptide_id=29653&scanf=37466&charge=3&value=1,R.GVIINTASVAAFEGQVGQAAYSASK.G,/core/www/modules/show_out/show_out_wrapper.php?run_id=110202&search_id=114132&scans_id=110198&peptide_id=29653&scanf=37466&charge=3&value=R.GVIINTASVAAFEGQVGQAAYSASK.G,HSD17B10,8.308e+6,2.848,0.007,2.184,0.000
37467,3,"  3.950","  0.638",21/60,/core/www/modules//sdig/index.php?run_id=110202&search_id=114132&scans_id=110198&peptide_id=29654&scanf=37467&charge=3&value=21/60,sp|Q9UIG0|BAZ1B_HUMAN,/core/www/modules//consensus/?run_id=110202&search_id=114132&scans_id=110198&peptide_id=29654&scanf=37467&charge=3&value=sp|Q9UIG0|BAZ1B_HUMAN,0,/core/www/modules/match_peptides/blast_html4.php?run_id=110202&search_id=114132&scans_id=110198&peptide_id=29654&scanf=37467&charge=3&value=0,K.LSEIPLTLHSVSELVR.L,/core/www/modules/show_out/show_out_wrapper.php?run_id=110202&search_id=114132&scans_id=110198&peptide_id=29654&scanf=37467&charge=3&value=K.LSEIPLTLHSVSELVR.L,BAZ1B,4.582e+7,3.799,0.000,3.592,0.000
37468,2,"  2.774","  0.508",14/28,/core/www/modules//sdig/index.php?run_id=110202&search_id=114132&scans_id=110198&peptide_id=29655&scanf=37468&charge=2&value=14/28,sp|P62854|RS26_HUMAN,/core/www/modules//consensus/?run_id=110202&search_id=114132&scans_id=110198&peptide_id=29655&scanf=37468&charge=2&value=sp|P62854|RS26_HUMAN,0,/core/www/modules/match_peptides/blast_html4.php?run_id=110202&search_id=114132&scans_id=110198&peptide_id=29655&scanf=37468&charge=2&value=0,R.DISEASVFDAYVLPK.L,/core/www/modules/show_out/show_out_wrapper.php?run_id=110202&search_id=114132&scans_id=110198&peptide_id=29655&scanf=37468&charge=2&value=R.DISEASVFDAYVLPK.L,RPS26,1.699e+8,3.001,0.004,2.410,0.000
37471,3,"  3.503","  0.458",14/88,/core/www/modules//sdig/index.php?run_id=110202&search_id=114132&scans_id=110198&peptide_id=29659&scanf=37471&charge=3&value=14/88,sp|Q07955|SRSF1_HUMAN,/core/www/modules//consensus/?run_id=110202&search_id=114132&scans_id=110198&peptide_id=29659&scanf=37471&charge=3&value=sp|Q07955|SRSF1_HUMAN,1,/core/www/modules/match_peptides/blast_html4.php?run_id=110202&search_id=114132&scans_id=110198&peptide_id=29659&scanf=37471&charge=3&value=1,R.GGPPFAFVEFEDPRDAEDAVYGR.D,/core/www/modules/show_out/show_out_wrapper.php?run_id=110202&search_id=114132&scans_id=110198&peptide_id=29659&scanf=37471&charge=3&value=R.GGPPFAFVEFEDPRDAEDAVYGR.D,SRSF1,6.349e+7,2.287,0.043,1.369,0.001
37472,3,"  3.887","  0.565",13/64,/core/www/modules//sdig/index.php?run_id=110202&search_id=114132&scans_id=110198&peptide_id=29660&scanf=37472&charge=3&value=13/64,sp|P33991|MCM4_HUMAN,/core/www/modules//consensus/?run_id=110202&search_id=114132&scans_id=110198&peptide_id=29660&scanf=37472&charge=3&value=sp|P33991|MCM4_HUMAN,4,/core/www/modules/match_peptides/blast_html4.php?run_id=110202&search_id=114132&scans_id=110198&peptide_id=29660&scanf=37472&charge=3&value=4,R.LSEEASQALIEAYVDMR.K,/core/www/modules/show_out/show_out_wrapper.php?run_id=110202&search_id=114132&scans_id=110198&peptide_id=29660&scanf=37472&charge=3&value=R.LSEEASQALIEAYVDMR.K,MCM4,3.697e+6,3.061,0.003,2.499,0.000
37474,3,"  6.213","  0.552",19/100,/core/www/modules//sdig/index.php?run_id=110202&search_id=114132&scans_id=110198&peptide_id=29662&scanf=37474&charge=3&value=19/100,sp|P49959|MRE11_HUMAN,/core/www/modules//consensus/?run_id=110202&search_id=114132&scans_id=110198&peptide_id=29662&scanf=37474&charge=3&value=sp|P49959|MRE11_HUMAN,1,/core/www/modules/match_peptides/blast_html4.php?run_id=110202&search_id=114132&scans_id=110198&peptide_id=29662&scanf=37474&charge=3&value=1,K.NEQQLFYISQPGSSVVTSLSPGEAVK.K,/core/www/modules/show_out/show_out_wrapper.php?run_id=110202&search_id=114132&scans_id=110198&peptide_id=29662&scanf=37474&charge=3&value=K.NEQQLFYISQPGSSVVTSLSPGEAVK.K,MRE11,2.096e+6,2.862,0.006,2.204,0.000
37475,3,"  3.060","  0.568",16/44,/core/www/modules//sdig/index.php?run_id=110202&search_id=114132&scans_id=110198&peptide_id=29663&scanf=37475&charge=3&value=16/44,sp|Q69YN4|VIR_HUMAN,/core/www/modules//consensus/?run_id=110202&search_id=114132&scans_id=110198&peptide_id=29663&scanf=37475&charge=3&value=sp|Q69YN4|VIR_HUMAN,1,/core/www/modules/match_peptides/blast_html4.php?run_id=110202&search_id=114132&scans_id=110198&peptide_id=29663&scanf=37475&charge=3&value=1,R.LLALLDALASHK.A,/core/www/modules/show_out/show_out_wrapper.php?run_id=110202&search_id=114132&scans_id=110198&peptide_id=29663&scanf=37475&charge=3&value=R.LLALLDALASHK.A,VIRMA,5.088e+6,3.582,0.001,3.269,0.000
37476,2,"  3.266","  0.483",9/24,/core/www/modules//sdig/index.php?run_id=110202&search_id=114132&scans_id=110198&peptide_id=29664&scanf=37476&charge=2&value=9/24,sp|P32780|TF2H1_HUMAN,/core/www/modules//consensus/?run_id=110202&search_id=114132&scans_id=110198&peptide_id=29664&scanf=37476&charge=2&value=sp|P32780|TF2H1_HUMAN,0,/core/www/modules/match_peptides/blast_html4.php?run_id=110202&search_id=114132&scans_id=110198&peptide_id=29664&scanf=37476&charge=2&value=0,R.MLQEDPVLFQLYK.D,/core/www/modules/show_out/show_out_wrapper.php?run_id=110202&search_id=114132&scans_id=110198&peptide_id=29664&scanf=37476&charge=2&value=R.MLQEDPVLFQLYK.D,GTF2H1,1.625e+6,2.819,0.007,2.141,0.000
37485,2,"  2.620","  0.698",13/24,/core/www/modules//sdig/index.php?run_id=110202&search_id=114132&scans_id=110198&peptide_id=29673&scanf=37485&charge=2&value=13/24,sp|Q92841|DDX17_HUMAN,/core/www/modules//consensus/?run_id=110202&search_id=114132&scans_id=110198&peptide_id=29673&scanf=37485&charge=2&value=sp|Q92841|DDX17_HUMAN,2,/core/www/modules/match_peptides/blast_html4.php?run_id=110202&search_id=114132&scans_id=110198&peptide_id=29673&scanf=37485&charge=2&value=2,R.APLPDLYPFGTMR.G,/core/www/modules/show_out/show_out_wrapper.php?run_id=110202&search_id=114132&scans_id=110198&peptide_id=29673&scanf=37485&charge=2&value=R.APLPDLYPFGTMR.G,DDX17,3.078e+7,3.780,0.000,3.564,0.000
37488,3,"  4.498","  0.622",23/84,/core/www/modules//sdig/index.php?run_id=110202&search_id=114132&scans_id=110198&peptide_id=29676&scanf=37488&charge=3&value=23/84,sp|P61158|ARP3_HUMAN,/core/www/modules//consensus/?run_id=110202&search_id=114132&scans_id=110198&peptide_id=29676&scanf=37488&charge=3&value=sp|P61158|ARP3_HUMAN,2,/core/www/modules/match_peptides/blast_html4.php?run_id=110202&search_id=114132&scans_id=110198&peptide_id=29676&scanf=37488&charge=3&value=2,K.GVDDLDFFIGDEAIEKPTYATK.W,/core/www/modules/show_out/show_out_wrapper.php?run_id=110202&search_id=114132&scans_id=110198&peptide_id=29676&scanf=37488&charge=3&value=K.GVDDLDFFIGDEAIEKPTYATK.W,ACTR3,6.843e+6,3.323,0.001,2.885,0.000
37489,2,"  3.076","  0.431",9/26,/core/www/modules//sdig/index.php?run_id=110202&search_id=114132&scans_id=110198&peptide_id=29677&scanf=37489&charge=2&value=9/26,sp|P35580|MYH10_HUMAN,/core/www/modules//consensus/?run_id=110202&search_id=114132&scans_id=110198&peptide_id=29677&scanf=37489&charge=2&value=sp|P35580|MYH10_HUMAN,1,/core/www/modules/match_peptides/blast_html4.php?run_id=110202&search_id=114132&scans_id=110198&peptide_id=29677&scanf=37489&charge=2&value=1,K.VVSSVLQFGNISFK.K,/core/www/modules/show_out/show_out_wrapper.php?run_id=110202&search_id=114132&scans_id=110198&peptide_id=29677&scanf=37489&charge=2&value=K.VVSSVLQFGNISFK.K,MYH10,3.150e+6,2.589,0.016,1.803,0.000
37491,2,"  3.201","  0.492",13/18,/core/www/modules//sdig/index.php?run_id=110202&search_id=114132&scans_id=110198&peptide_id=29680&scanf=37491&charge=2&value=13/18,sp|Q13045|FLII_HUMAN,/core/www/modules//consensus/?run_id=110202&search_id=114132&scans_id=110198&peptide_id=29680&scanf=37491&charge=2&value=sp|Q13045|FLII_HUMAN,0,/core/www/modules/match_peptides/blast_html4.php?run_id=110202&search_id=114132&scans_id=110198&peptide_id=29680&scanf=37491&charge=2&value=0,K.ADLTALFLPR.Q,/core/www/modules/show_out/show_out_wrapper.php?run_id=110202&search_id=114132&scans_id=110198&peptide_id=29680&scanf=37491&charge=2&value=K.ADLTALFLPR.Q,FLII,3.150e+6,3.445,0.001,3.067,0.000
37494,4,"  6.262","  0.647",21/138,/core/www/modules//sdig/index.php?run_id=110202&search_id=114132&scans_id=110198&peptide_id=29683&scanf=37494&charge=4&value=21/138,sp|Q9H6R4|NOL6_HUMAN,/core/www/modules//consensus/?run_id=110202&search_id=114132&scans_id=110198&peptide_id=29683&scanf=37494&charge=4&value=sp|Q9H6R4|NOL6_HUMAN,1,/core/www/modules/match_peptides/blast_html4.php?run_id=110202&search_id=114132&scans_id=110198&peptide_id=29683&scanf=37494&charge=4&value=1,R.QLPLLTSALHGLQQQHPAFSGVAR.L,/core/www/modules/show_out/show_out_wrapper.php?run_id=110202&search_id=114132&scans_id=110198&peptide_id=29683&scanf=37494&charge=4&value=R.QLPLLTSALHGLQQQHPAFSGVAR.L,NOL6,5.913e+6,3.714,0.000,3.466,0.000
37499,3,"  6.655","  0.675",31/72,/core/www/modules//sdig/index.php?run_id=110202&search_id=114132&scans_id=110198&peptide_id=29688&scanf=37499&charge=3&value=31/72,sp|Q12789|TF3C1_HUMAN,/core/www/modules//consensus/?run_id=110202&search_id=114132&scans_id=110198&peptide_id=29688&scanf=37499&charge=3&value=sp|Q12789|TF3C1_HUMAN,0,/core/www/modules/match_peptides/blast_html4.php?run_id=110202&search_id=114132&scans_id=110198&peptide_id=29688&scanf=37499&charge=3&value=0,R.RDPVALEDVYPIHMILENK.D,/core/www/modules/show_out/show_out_wrapper.php?run_id=110202&search_id=114132&scans_id=110198&peptide_id=29688&scanf=37499&charge=3&value=R.RDPVALEDVYPIHMILENK.D,GTF3C1,6.432e+6,3.768,0.000,3.546,0.000
37506,3,"  2.535","  0.324",10/76,/core/www/modules//sdig/index.php?run_id=110202&search_id=114132&scans_id=110198&peptide_id=29695&scanf=37506&charge=3&value=10/76,sp|Q9UQ35|SRRM2_HUMAN,/core/www/modules//consensus/?run_id=110202&search_id=114132&scans_id=110198&peptide_id=29695&scanf=37506&charge=3&value=sp|Q9UQ35|SRRM2_HUMAN,0,/core/www/modules/match_peptides/blast_html4.php?run_id=110202&search_id=114132&scans_id=110198&peptide_id=29695&scanf=37506&charge=3&value=0,K.EDLNGPFLNQLETDPSLDMK.E,/core/www/modules/show_out/show_out_wrapper.php?run_id=110202&search_id=114132&scans_id=110198&peptide_id=29695&scanf=37506&charge=3&value=K.EDLNGPFLNQLETDPSLDMK.E,SRRM2,3.523e+6,2.201,0.057,1.247,0.002
37507,2,"  4.339","  0.498",18/28,/core/www/modules//sdig/index.php?run_id=110202&search_id=114132&scans_id=110198&peptide_id=29696&scanf=37507&charge=2&value=18/28,sp|Q9H7B2|RPF2_HUMAN,/core/www/modules//consensus/?run_id=110202&search_id=114132&scans_id=110198&peptide_id=29696&scanf=37507&charge=2&value=sp|Q9H7B2|RPF2_HUMAN,1,/core/www/modules/match_peptides/blast_html4.php?run_id=110202&search_id=114132&scans_id=110198&peptide_id=29696&scanf=37507&charge=2&value=1,R.IELEEM*GPSLDLVLR.R,/core/www/modules/show_out/show_out_wrapper.php?run_id=110202&search_id=114132&scans_id=110198&peptide_id=29696&scanf=37507&charge=2&value=R.IELEEM*GPSLDLVLR.R,RPF2,2.966e+6,3.202,0.002,2.707,0.000
37509,4,"  4.700","  0.512",14/108,/core/www/modules//sdig/index.php?run_id=110202&search_id=114132&scans_id=110198&peptide_id=29698&scanf=37509&charge=4&value=14/108,sp|O00566|MPP10_HUMAN,/core/www/modules//consensus/?run_id=110202&search_id=114132&scans_id=110198&peptide_id=29698&scanf=37509&charge=4&value=sp|O00566|MPP10_HUMAN,1,/core/www/modules/match_peptides/blast_html4.php?run_id=110202&search_id=114132&scans_id=110198&peptide_id=29698&scanf=37509&charge=4&value=1,K.LDALSNFHFIPKPPVPEIK.V,/core/www/modules/show_out/show_out_wrapper.php?run_id=110202&search_id=114132&scans_id=110198&peptide_id=29698&scanf=37509&charge=4&value=K.LDALSNFHFIPKPPVPEIK.V,MPHOSPH10,5.036e+6,3.315,0.001,2.874,0.000
37513,3,"  4.517","  0.640",21/60,/core/www/modules//sdig/index.php?run_id=110202&search_id=114132&scans_id=110198&peptide_id=29703&scanf=37513&charge=3&value=21/60,sp|Q6P2Q9|PRP8_HUMAN,/core/www/modules//consensus/?run_id=110202&search_id=114132&scans_id=110198&peptide_id=29703&scanf=37513&charge=3&value=sp|Q6P2Q9|PRP8_HUMAN,1,/core/www/modules/match_peptides/blast_html4.php?run_id=110202&search_id=114132&scans_id=110198&peptide_id=29703&scanf=37513&charge=3&value=1,R.AAVMHDILDMMPEGIK.Q,/core/www/modules/show_out/show_out_wrapper.php?run_id=110202&search_id=114132&scans_id=110198&peptide_id=29703&scanf=37513&charge=3&value=R.AAVMHDILDMMPEGIK.Q,PRPF8,5.440e+7,4.012,0.000,3.907,0.000
37515,2,"  3.685","  0.703",16/30,/core/www/modules//sdig/index.php?run_id=110202&search_id=114132&scans_id=110198&peptide_id=29705&scanf=37515&charge=2&value=16/30,sp|Q9UIG0|BAZ1B_HUMAN,/core/www/modules//consensus/?run_id=110202&search_id=114132&scans_id=110198&peptide_id=29705&scanf=37515&charge=2&value=sp|Q9UIG0|BAZ1B_HUMAN,0,/core/www/modules/match_peptides/blast_html4.php?run_id=110202&search_id=114132&scans_id=110198&peptide_id=29705&scanf=37515&charge=2&value=0,K.LSEIPLTLHSVSELVR.L,/core/www/modules/show_out/show_out_wrapper.php?run_id=110202&search_id=114132&scans_id=110198&peptide_id=29705&scanf=37515&charge=2&value=K.LSEIPLTLHSVSELVR.L,BAZ1B,4.149e+6,3.816,0.000,3.617,0.000
37518,2,"  4.029","  0.752",20/36,/core/www/modules//sdig/index.php?run_id=110202&search_id=114132&scans_id=110198&peptide_id=29708&scanf=37518&charge=2&value=20/36,sp|P62820|RAB1A_HUMAN,/core/www/modules//consensus/?run_id=110202&search_id=114132&scans_id=110198&peptide_id=29708&scanf=37518&charge=2&value=sp|P62820|RAB1A_HUMAN,2,/core/www/modules/match_peptides/blast_html4.php?run_id=110202&search_id=114132&scans_id=110198&peptide_id=29708&scanf=37518&charge=2&value=2,R.FADDTYTESYISTIGVDFK.I,/core/www/modules/show_out/show_out_wrapper.php?run_id=110202&search_id=114132&scans_id=110198&peptide_id=29708&scanf=37518&charge=2&value=R.FADDTYTESYISTIGVDFK.I,RAB1A,2.048e+6,3.699,0.000,3.444,0.000
37522,2,"  1.636","  0.252",9/20,/core/www/modules//sdig/index.php?run_id=110202&search_id=114132&scans_id=110198&peptide_id=29713&scanf=37522&charge=2&value=9/20,sp|Q92552|RT27_HUMAN,/core/www/modules//consensus/?run_id=110202&search_id=114132&scans_id=110198&peptide_id=29713&scanf=37522&charge=2&value=sp|Q92552|RT27_HUMAN,6,/core/www/modules/match_peptides/blast_html4.php?run_id=110202&search_id=114132&scans_id=110198&peptide_id=29713&scanf=37522&charge=2&value=6,R.EALDVLGAVLK.A,/core/www/modules/show_out/show_out_wrapper.php?run_id=110202&search_id=114132&scans_id=110198&peptide_id=29713&scanf=37522&charge=2&value=R.EALDVLGAVLK.A,MRPS27,6.989e+6,2.132,0.071,1.150,0.002
37523,3,"  2.160","  0.351",9/44,/core/www/modules//sdig/index.php?run_id=110202&search_id=114132&scans_id=110198&peptide_id=29714&scanf=37523&charge=3&value=9/44,sp|Q96FV9|THOC1_HUMAN,/core/www/modules//consensus/?run_id=110202&search_id=114132&scans_id=110198&peptide_id=29714&scanf=37523&charge=3&value=sp|Q96FV9|THOC1_HUMAN,1,/core/www/modules/match_peptides/blast_html4.php?run_id=110202&search_id=114132&scans_id=110198&peptide_id=29714&scanf=37523&charge=3&value=1,K.SLPEYLENMVIK.L,/core/www/modules/show_out/show_out_wrapper.php?run_id=110202&search_id=114132&scans_id=110198&peptide_id=29714&scanf=37523&charge=3&value=K.SLPEYLENMVIK.L,THOC1,1.730e+6,2.535,0.019,1.724,0.000
37527,3,"  3.690","  0.534",15/68,/core/www/modules//sdig/index.php?run_id=110202&search_id=114132&scans_id=110198&peptide_id=29717&scanf=37527&charge=3&value=15/68,sp|P78527|PRKDC_HUMAN,/core/www/modules//consensus/?run_id=110202&search_id=114132&scans_id=110198&peptide_id=29717&scanf=37527&charge=3&value=sp|P78527|PRKDC_HUMAN,0,/core/www/modules/match_peptides/blast_html4.php?run_id=110202&search_id=114132&scans_id=110198&peptide_id=29717&scanf=37527&charge=3&value=0,R.TVGALQVLGTEAQSSLLK.A,/core/www/modules/show_out/show_out_wrapper.php?run_id=110202&search_id=114132&scans_id=110198&peptide_id=29717&scanf=37527&charge=3&value=R.TVGALQVLGTEAQSSLLK.A,PRKDC,5.807e+7,3.877,0.000,3.708,0.000
37528,3,"  4.586","  0.705",21/80,/core/www/modules//sdig/index.php?run_id=110202&search_id=114132&scans_id=110198&peptide_id=29718&scanf=37528&charge=3&value=21/80,sp|Q8IY67|RAVR1_HUMAN,/core/www/modules//consensus/?run_id=110202&search_id=114132&scans_id=110198&peptide_id=29718&scanf=37528&charge=3&value=sp|Q8IY67|RAVR1_HUMAN,3,/core/www/modules/match_peptides/blast_html4.php?run_id=110202&search_id=114132&scans_id=110198&peptide_id=29718&scanf=37528&charge=3&value=3,R.GLPGDVTNQEVHDLLSDYELK.Y,/core/www/modules/show_out/show_out_wrapper.php?run_id=110202&search_id=114132&scans_id=110198&peptide_id=29718&scanf=37528&charge=3&value=R.GLPGDVTNQEVHDLLSDYELK.Y,RAVER1,6.550e+6,3.644,0.000,3.362,0.000
37530,3,"  4.644","  0.650",18/72,/core/www/modules//sdig/index.php?run_id=110202&search_id=114132&scans_id=110198&peptide_id=29721&scanf=37530&charge=3&value=18/72,sp|P62195|PRS8_HUMAN,/core/www/modules//consensus/?run_id=110202&search_id=114132&scans_id=110198&peptide_id=29721&scanf=37530&charge=3&value=sp|P62195|PRS8_HUMAN,2,/core/www/modules/match_peptides/blast_html4.php?run_id=110202&search_id=114132&scans_id=110198&peptide_id=29721&scanf=37530&charge=3&value=2,R.EHAPSIIFMDEIDSIGSSR.L,/core/www/modules/show_out/show_out_wrapper.php?run_id=110202&search_id=114132&scans_id=110198&peptide_id=29721&scanf=37530&charge=3&value=R.EHAPSIIFMDEIDSIGSSR.L,PSMC5,2.520e+7,3.600,0.001,3.297,0.000
37535,4,"  4.760","  0.653",24/114,/core/www/modules//sdig/index.php?run_id=110202&search_id=114132&scans_id=110198&peptide_id=29726&scanf=37535&charge=4&value=24/114,sp|P49915|GUAA_HUMAN,/core/www/modules//consensus/?run_id=110202&search_id=114132&scans_id=110198&peptide_id=29726&scanf=37535&charge=4&value=sp|P49915|GUAA_HUMAN,0,/core/www/modules/match_peptides/blast_html4.php?run_id=110202&search_id=114132&scans_id=110198&peptide_id=29726&scanf=37535&charge=4&value=0,K.ISQMPVILTPLHFDRDPLQK.Q,/core/www/modules/show_out/show_out_wrapper.php?run_id=110202&search_id=114132&scans_id=110198&peptide_id=29726&scanf=37535&charge=4&value=K.ISQMPVILTPLHFDRDPLQK.Q,GMPS,8.000e+6,3.607,0.000,3.306,0.000
37540,2,"  4.008","  0.688",19/36,/core/www/modules//sdig/index.php?run_id=110202&search_id=114132&scans_id=110198&peptide_id=29732&scanf=37540&charge=2&value=19/36,sp|P50991|TCPD_HUMAN,/core/www/modules//consensus/?run_id=110202&search_id=114132&scans_id=110198&peptide_id=29732&scanf=37540&charge=2&value=sp|P50991|TCPD_HUMAN,0,/core/www/modules/match_peptides/blast_html4.php?run_id=110202&search_id=114132&scans_id=110198&peptide_id=29732&scanf=37540&charge=2&value=0,K.VVSQYSSLLSPMSVNAVMK.V,/core/www/modules/show_out/show_out_wrapper.php?run_id=110202&search_id=114132&scans_id=110198&peptide_id=29732&scanf=37540&charge=2&value=K.VVSQYSSLLSPMSVNAVMK.V,CCT4,2.301e+6,3.350,0.001,2.926,0.000
37545,3,"  4.073","  0.586",18/72,/core/www/modules//sdig/index.php?run_id=110202&search_id=114132&scans_id=110198&peptide_id=29737&scanf=37545&charge=3&value=18/72,sp|P51003|PAPOA_HUMAN,/core/www/modules//consensus/?run_id=110202&search_id=114132&scans_id=110198&peptide_id=29737&scanf=37545&charge=3&value=sp|P51003|PAPOA_HUMAN,4,/core/www/modules/match_peptides/blast_html4.php?run_id=110202&search_id=114132&scans_id=110198&peptide_id=29737&scanf=37545&charge=3&value=4,K.LIETLKPFGVFEEEEELQR.R,/core/www/modules/show_out/show_out_wrapper.php?run_id=110202&search_id=114132&scans_id=110198&peptide_id=29737&scanf=37545&charge=3&value=K.LIETLKPFGVFEEEEELQR.R,PAPOLA,2.444e+6,3.280,0.002,2.823,0.000
37546,2,"  4.669","  0.640",17/30,/core/www/modules//sdig/index.php?run_id=110202&search_id=114132&scans_id=110198&peptide_id=29738&scanf=37546&charge=2&value=17/30,sp|P35579|MYH9_HUMAN,/core/www/modules//consensus/?run_id=110202&search_id=114132&scans_id=110198&peptide_id=29738&scanf=37546&charge=2&value=sp|P35579|MYH9_HUMAN,1,/core/www/modules/match_peptides/blast_html4.php?run_id=110202&search_id=114132&scans_id=110198&peptide_id=29738&scanf=37546&charge=2&value=1,R.LQQELDDLLVDLDHQR.Q,/core/www/modules/show_out/show_out_wrapper.php?run_id=110202&search_id=114132&scans_id=110198&peptide_id=29738&scanf=37546&charge=2&value=R.LQQELDDLLVDLDHQR.Q,MYH9,1.752e+6,3.707,0.000,3.456,0.000
37548,2,"  2.307","  0.434",11/22,/core/www/modules//sdig/index.php?run_id=110202&search_id=114132&scans_id=110198&peptide_id=29739&scanf=37548&charge=2&value=11/22,sp|P40926|MDHM_HUMAN,/core/www/modules//consensus/?run_id=110202&search_id=114132&scans_id=110198&peptide_id=29739&scanf=37548&charge=2&value=sp|P40926|MDHM_HUMAN,1,/core/www/modules/match_peptides/blast_html4.php?run_id=110202&search_id=114132&scans_id=110198&peptide_id=29739&scanf=37548&charge=2&value=1,R.FVFSLVDAMNGK.E,/core/www/modules/show_out/show_out_wrapper.php?run_id=110202&search_id=114132&scans_id=110198&peptide_id=29739&scanf=37548&charge=2&value=R.FVFSLVDAMNGK.E,MDH2,1.862e+7,2.870,0.006,2.217,0.000
37550,4,"  4.641","  0.582",25/132,/core/www/modules//sdig/index.php?run_id=110202&search_id=114132&scans_id=110198&peptide_id=29742&scanf=37550&charge=4&value=25/132,sp|Q15019|SEPT2_HUMAN,/core/www/modules//consensus/?run_id=110202&search_id=114132&scans_id=110198&peptide_id=29742&scanf=37550&charge=4&value=sp|Q15019|SEPT2_HUMAN,1,/core/www/modules/match_peptides/blast_html4.php?run_id=110202&search_id=114132&scans_id=110198&peptide_id=29742&scanf=37550&charge=4&value=1,R.TMLITHMQDLQEVTQDLHYENFR.S,/core/www/modules/show_out/show_out_wrapper.php?run_id=110202&search_id=114132&scans_id=110198&peptide_id=29742&scanf=37550&charge=4&value=R.TMLITHMQDLQEVTQDLHYENFR.S,SEPTIN2,3.620e+6,3.431,0.001,3.046,0.000
37551,3,"  4.420","  0.621",14/80,/core/www/modules//sdig/index.php?run_id=110202&search_id=114132&scans_id=110198&peptide_id=29743&scanf=37551&charge=3&value=14/80,sp|A6NHR9|SMHD1_HUMAN,/core/www/modules//consensus/?run_id=110202&search_id=114132&scans_id=110198&peptide_id=29743&scanf=37551&charge=3&value=sp|A6NHR9|SMHD1_HUMAN,1,/core/www/modules/match_peptides/blast_html4.php?run_id=110202&search_id=114132&scans_id=110198&peptide_id=29743&scanf=37551&charge=3&value=1,R.EIQDDMQTLYVNTAADSFEFK.A,/core/www/modules/show_out/show_out_wrapper.php?run_id=110202&search_id=114132&scans_id=110198&peptide_id=29743&scanf=37551&charge=3&value=R.EIQDDMQTLYVNTAADSFEFK.A,SMCHD1,5.704e+6,3.325,0.001,2.888,0.000
37552,4,"  2.976","  0.364",20/90,/core/www/modules//sdig/index.php?run_id=110202&search_id=114132&scans_id=110198&peptide_id=29744&scanf=37552&charge=4&value=20/90,sp|Q9NVP1|DDX18_HUMAN,/core/www/modules//consensus/?run_id=110202&search_id=114132&scans_id=110198&peptide_id=29744&scanf=37552&charge=4&value=sp|Q9NVP1|DDX18_HUMAN,1,/core/www/modules/match_peptides/blast_html4.php?run_id=110202&search_id=114132&scans_id=110198&peptide_id=29744&scanf=37552&charge=4&value=1,R.GHALLILRPEELGFLR.Y,/core/www/modules/show_out/show_out_wrapper.php?run_id=110202&search_id=114132&scans_id=110198&peptide_id=29744&scanf=37552&charge=4&value=R.GHALLILRPEELGFLR.Y,DDX18,3.412e+6,3.021,0.004,2.439,0.000
37553,2,"  2.708","  0.498",12/20,/core/www/modules//sdig/index.php?run_id=110202&search_id=114132&scans_id=110198&peptide_id=29745&scanf=37553&charge=2&value=12/20,sp|Q96TA1|NIBA2_HUMAN,/core/www/modules//consensus/?run_id=110202&search_id=114132&scans_id=110198&peptide_id=29745&scanf=37553&charge=2&value=sp|Q96TA1|NIBA2_HUMAN,0,/core/www/modules/match_peptides/blast_html4.php?run_id=110202&search_id=114132&scans_id=110198&peptide_id=29745&scanf=37553&charge=2&value=0,R.FQELIFEDFAR.F,/core/www/modules/show_out/show_out_wrapper.php?run_id=110202&search_id=114132&scans_id=110198&peptide_id=29745&scanf=37553&charge=2&value=R.FQELIFEDFAR.F,NIBAN2,3.721e+6,3.186,0.002,2.683,0.000
37557,3,"  3.693","  0.628",18/64,/core/www/modules//sdig/index.php?run_id=110202&search_id=114132&scans_id=110198&peptide_id=29749&scanf=37557&charge=3&value=18/64,sp|Q05519|SRS11_HUMAN,/core/www/modules//consensus/?run_id=110202&search_id=114132&scans_id=110198&peptide_id=29749&scanf=37557&charge=3&value=sp|Q05519|SRS11_HUMAN,1,/core/www/modules/match_peptides/blast_html4.php?run_id=110202&search_id=114132&scans_id=110198&peptide_id=29749&scanf=37557&charge=3&value=1,R.ALIVVPYAEGVIPDEAK.A,/core/www/modules/show_out/show_out_wrapper.php?run_id=110202&search_id=114132&scans_id=110198&peptide_id=29749&scanf=37557&charge=3&value=R.ALIVVPYAEGVIPDEAK.A,SRSF11,5.201e+6,3.222,0.002,2.737,0.000
37559,2,"  2.818","  0.591",13/20,/core/www/modules//sdig/index.php?run_id=110202&search_id=114132&scans_id=110198&peptide_id=29751&scanf=37559&charge=2&value=13/20,sp|Q9BQG0|MBB1A_HUMAN,/core/www/modules//consensus/?run_id=110202&search_id=114132&scans_id=110198&peptide_id=29751&scanf=37559&charge=2&value=sp|Q9BQG0|MBB1A_HUMAN,1,/core/www/modules/match_peptides/blast_html4.php?run_id=110202&search_id=114132&scans_id=110198&peptide_id=29751&scanf=37559&charge=2&value=1,R.LLGAALPLLTK.E,/core/www/modules/show_out/show_out_wrapper.php?run_id=110202&search_id=114132&scans_id=110198&peptide_id=29751&scanf=37559&charge=2&value=R.LLGAALPLLTK.E,MYBBP1A,7.709e+7,3.786,0.000,3.572,0.000
37560,3,"  1.938","  0.226",7/56,/core/www/modules//sdig/index.php?run_id=110202&search_id=114132&scans_id=110198&peptide_id=29753&scanf=37560&charge=3&value=7/56,sp|P04350|TBB4A_HUMAN,/core/www/modules//consensus/?run_id=110202&search_id=114132&scans_id=110198&peptide_id=29753&scanf=37560&charge=3&value=sp|P04350|TBB4A_HUMAN,3,/core/www/modules/match_peptides/blast_html4.php?run_id=110202&search_id=114132&scans_id=110198&peptide_id=29753&scanf=37560&charge=3&value=3,R.ALTVPELTQQMFDAK.N,/core/www/modules/show_out/show_out_wrapper.php?run_id=110202&search_id=114132&scans_id=110198&peptide_id=29753&scanf=37560&charge=3&value=R.ALTVPELTQQMFDAK.N,TUBB4A,2.038e+7,1.933,0.131,0.884,0.006
37563,2,"  4.508","  0.641",19/30,/core/www/modules//sdig/index.php?run_id=110202&search_id=114132&scans_id=110198&peptide_id=29756&scanf=37563&charge=2&value=19/30,sp|Q6P2Q9|PRP8_HUMAN,/core/www/modules//consensus/?run_id=110202&search_id=114132&scans_id=110198&peptide_id=29756&scanf=37563&charge=2&value=sp|Q6P2Q9|PRP8_HUMAN,1,/core/www/modules/match_peptides/blast_html4.php?run_id=110202&search_id=114132&scans_id=110198&peptide_id=29756&scanf=37563&charge=2&value=1,R.AAVMHDILDMMPEGIK.Q,/core/www/modules/show_out/show_out_wrapper.php?run_id=110202&search_id=114132&scans_id=110198&peptide_id=29756&scanf=37563&charge=2&value=R.AAVMHDILDMMPEGIK.Q,PRPF8,7.895e+6,3.998,0.000,3.887,0.000
37566,3,"  2.938","  0.428",15/72,/core/www/modules//sdig/index.php?run_id=110202&search_id=114132&scans_id=110198&peptide_id=29759&scanf=37566&charge=3&value=15/72,sp|P51003|PAPOA_HUMAN,/core/www/modules//consensus/?run_id=110202&search_id=114132&scans_id=110198&peptide_id=29759&scanf=37566&charge=3&value=sp|P51003|PAPOA_HUMAN,4,/core/www/modules/match_peptides/blast_html4.php?run_id=110202&search_id=114132&scans_id=110198&peptide_id=29759&scanf=37566&charge=3&value=4,K.LIETLKPFGVFEEEEELQR.R,/core/www/modules/show_out/show_out_wrapper.php?run_id=110202&search_id=114132&scans_id=110198&peptide_id=29759&scanf=37566&charge=3&value=K.LIETLKPFGVFEEEEELQR.R,PAPOLA,2.444e+6,2.624,0.014,1.855,0.000
37569,3,"  4.507","  0.639",15/64,/core/www/modules//sdig/index.php?run_id=110202&search_id=114132&scans_id=110198&peptide_id=29761&scanf=37569&charge=3&value=15/64,sp|P42704|LPPRC_HUMAN,/core/www/modules//consensus/?run_id=110202&search_id=114132&scans_id=110198&peptide_id=29761&scanf=37569&charge=3&value=sp|P42704|LPPRC_HUMAN,19,/core/www/modules/match_peptides/blast_html4.php?run_id=110202&search_id=114132&scans_id=110198&peptide_id=29761&scanf=37569&charge=3&value=19,K.TVQLTSSELESTLETLK.A,/core/www/modules/show_out/show_out_wrapper.php?run_id=110202&search_id=114132&scans_id=110198&peptide_id=29761&scanf=37569&charge=3&value=K.TVQLTSSELESTLETLK.A,LRPPRC,5.435e+6,3.607,0.000,3.306,0.000
37571,4,"  4.120","  0.405",14/132,/core/www/modules//sdig/index.php?run_id=110202&search_id=114132&scans_id=110198&peptide_id=29764&scanf=37571&charge=4&value=14/132,sp|Q9Y678|COPG1_HUMAN,/core/www/modules//consensus/?run_id=110202&search_id=114132&scans_id=110198&peptide_id=29764&scanf=37571&charge=4&value=sp|Q9Y678|COPG1_HUMAN,0,/core/www/modules/match_peptides/blast_html4.php?run_id=110202&search_id=114132&scans_id=110198&peptide_id=29764&scanf=37571&charge=4&value=0,K.QAIVDKVPSVSSSALVSSLHLLK.C,/core/www/modules/show_out/show_out_wrapper.php?run_id=110202&search_id=114132&scans_id=110198&peptide_id=29764&scanf=37571&charge=4&value=K.QAIVDKVPSVSSSALVSSLHLLK.C,COPG1,5.201e+6,2.521,0.020,1.705,0.000
37576,2,"  1.764","  0.376",8/14,/core/www/modules//sdig/index.php?run_id=110202&search_id=114132&scans_id=110198&peptide_id=29769&scanf=37576&charge=2&value=8/14,sp|Q5JTH9|RRP12_HUMAN,/core/www/modules//consensus/?run_id=110202&search_id=114132&scans_id=110198&peptide_id=29769&scanf=37576&charge=2&value=sp|Q5JTH9|RRP12_HUMAN,0,/core/www/modules/match_peptides/blast_html4.php?run_id=110202&search_id=114132&scans_id=110198&peptide_id=29769&scanf=37576&charge=2&value=0,R.SWLLPVIR.D,/core/www/modules/show_out/show_out_wrapper.php?run_id=110202&search_id=114132&scans_id=110198&peptide_id=29769&scanf=37576&charge=2&value=R.SWLLPVIR.D,RRP12,2.464e+7,2.882,0.006,2.233,0.000
37578,2,"  2.243","  0.503",11/18,/core/www/modules//sdig/index.php?run_id=110202&search_id=114132&scans_id=110198&peptide_id=29771&scanf=37578&charge=2&value=11/18,sp|Q14690|RRP5_HUMAN,/core/www/modules//consensus/?run_id=110202&search_id=114132&scans_id=110198&peptide_id=29771&scanf=37578&charge=2&value=sp|Q14690|RRP5_HUMAN,1,/core/www/modules/match_peptides/blast_html4.php?run_id=110202&search_id=114132&scans_id=110198&peptide_id=29771&scanf=37578&charge=2&value=1,K.VVILNVDLLK.L,/core/www/modules/show_out/show_out_wrapper.php?run_id=110202&search_id=114132&scans_id=110198&peptide_id=29771&scanf=37578&charge=2&value=K.VVILNVDLLK.L,PDCD11,4.716e+6,3.388,0.001,2.982,0.000
37581,3,"  3.808","  0.448",15/64,/core/www/modules//sdig/index.php?run_id=110202&search_id=114132&scans_id=110198&peptide_id=29775&scanf=37581&charge=3&value=15/64,sp|Q02880|TOP2B_HUMAN,/core/www/modules//consensus/?run_id=110202&search_id=114132&scans_id=110198&peptide_id=29775&scanf=37581&charge=3&value=sp|Q02880|TOP2B_HUMAN,4,/core/www/modules/match_peptides/blast_html4.php?run_id=110202&search_id=114132&scans_id=110198&peptide_id=29775&scanf=37581&charge=3&value=4,K.NKQELSFYSIPEFDEWK.K,/core/www/modules/show_out/show_out_wrapper.php?run_id=110202&search_id=114132&scans_id=110198&peptide_id=29775&scanf=37581&charge=3&value=K.NKQELSFYSIPEFDEWK.K,TOP2B,3.102e+6,2.683,0.011,1.941,0.000
37582,2,"  2.160","  0.431",9/16,/core/www/modules//sdig/index.php?run_id=110202&search_id=114132&scans_id=110198&peptide_id=29776&scanf=37582&charge=2&value=9/16,sp|Q8N3C0|ASCC3_HUMAN,/core/www/modules//consensus/?run_id=110202&search_id=114132&scans_id=110198&peptide_id=29776&scanf=37582&charge=2&value=sp|Q8N3C0|ASCC3_HUMAN,0,/core/www/modules/match_peptides/blast_html4.php?run_id=110202&search_id=114132&scans_id=110198&peptide_id=29776&scanf=37582&charge=2&value=0,R.DLADWLNIK.Q,/core/www/modules/show_out/show_out_wrapper.php?run_id=110202&search_id=114132&scans_id=110198&peptide_id=29776&scanf=37582&charge=2&value=R.DLADWLNIK.Q,ASCC3,3.213e+6,2.974,0.004,2.369,0.000
37585,3,"  2.677","  0.289",9/68,/core/www/modules//sdig/index.php?run_id=110202&search_id=114132&scans_id=110198&peptide_id=29779&scanf=37585&charge=3&value=9/68,sp|O75448|MED24_HUMAN,/core/www/modules//consensus/?run_id=110202&search_id=114132&scans_id=110198&peptide_id=29779&scanf=37585&charge=3&value=sp|O75448|MED24_HUMAN,4,/core/www/modules/match_peptides/blast_html4.php?run_id=110202&search_id=114132&scans_id=110198&peptide_id=29779&scanf=37585&charge=3&value=4,R.QLAGPLFSENTLQFYNER.V,/core/www/modules/show_out/show_out_wrapper.php?run_id=110202&search_id=114132&scans_id=110198&peptide_id=29779&scanf=37585&charge=3&value=R.QLAGPLFSENTLQFYNER.V,MED24,1.471e+6,2.048,0.092,1.036,0.004
37588,3,"  3.159","  0.462",16/96,/core/www/modules//sdig/index.php?run_id=110202&search_id=114132&scans_id=110198&peptide_id=29782&scanf=37588&charge=3&value=16/96,sp|P06396|GELS_HUMAN,/core/www/modules//consensus/?run_id=110202&search_id=114132&scans_id=110198&peptide_id=29782&scanf=37588&charge=3&value=sp|P06396|GELS_HUMAN,3,/core/www/modules/match_peptides/blast_html4.php?run_id=110202&search_id=114132&scans_id=110198&peptide_id=29782&scanf=37588&charge=3&value=3,K.VSNGAGTMSVSLVADENPFAQGALK.S,/core/www/modules/show_out/show_out_wrapper.php?run_id=110202&search_id=114132&scans_id=110198&peptide_id=29782&scanf=37588&charge=3&value=K.VSNGAGTMSVSLVADENPFAQGALK.S,GSN,1.053e+6,2.515,0.020,1.696,0.000
37592,4,"  7.186","  0.662",30/156,/core/www/modules//sdig/index.php?run_id=110202&search_id=114132&scans_id=110198&peptide_id=29785&scanf=37592&charge=4&value=30/156,sp|Q10713|MPPA_HUMAN,/core/www/modules//consensus/?run_id=110202&search_id=114132&scans_id=110198&peptide_id=29785&scanf=37592&charge=4&value=sp|Q10713|MPPA_HUMAN,0,/core/www/modules/match_peptides/blast_html4.php?run_id=110202&search_id=114132&scans_id=110198&peptide_id=29785&scanf=37592&charge=4&value=0,R.GKPAVAALGDLTDLPTYEHIQTALSSK.D,/core/www/modules/show_out/show_out_wrapper.php?run_id=110202&search_id=114132&scans_id=110198&peptide_id=29785&scanf=37592&charge=4&value=R.GKPAVAALGDLTDLPTYEHIQTALSSK.D,PMPCA,4.249e+6,3.757,0.000,3.529,0.000
37598,2,"  3.093","  0.224",11/28,/core/www/modules//sdig/index.php?run_id=110202&search_id=114132&scans_id=110198&peptide_id=29791&scanf=37598&charge=2&value=11/28,sp|Q8NBQ5|DHB11_HUMAN,/core/www/modules//consensus/?run_id=110202&search_id=114132&scans_id=110198&peptide_id=29791&scanf=37598&charge=2&value=sp|Q8NBQ5|DHB11_HUMAN,1,/core/www/modules/match_peptides/blast_html4.php?run_id=110202&search_id=114132&scans_id=110198&peptide_id=29791&scanf=37598&charge=2&value=1,K.TLTDELAALQITGVK.T,/core/www/modules/show_out/show_out_wrapper.php?run_id=110202&search_id=114132&scans_id=110198&peptide_id=29791&scanf=37598&charge=2&value=K.TLTDELAALQITGVK.T,HSD17B11,5.197e+6,1.871,0.157,0.805,0.008
37603,2,"  2.116","  0.305",9/24,/core/www/modules//sdig/index.php?run_id=110202&search_id=114132&scans_id=110198&peptide_id=29797&scanf=37603&charge=2&value=9/24,sp|Q9NR45|SIAS_HUMAN,/core/www/modules//consensus/?run_id=110202&search_id=114132&scans_id=110198&peptide_id=29797&scanf=37603&charge=2&value=sp|Q9NR45|SIAS_HUMAN,0,/core/www/modules/match_peptides/blast_html4.php?run_id=110202&search_id=114132&scans_id=110198&peptide_id=29797&scanf=37603&charge=2&value=0,K.GYPPEDIFNLVGK.K,/core/www/modules/show_out/show_out_wrapper.php?run_id=110202&search_id=114132&scans_id=110198&peptide_id=29797&scanf=37603&charge=2&value=K.GYPPEDIFNLVGK.K,NANS,1.942e+6,2.156,0.065,1.185,0.002
37604,2,"  2.699","  0.630",10/20,/core/www/modules//sdig/index.php?run_id=110202&search_id=114132&scans_id=110198&peptide_id=29798&scanf=37604&charge=2&value=10/20,sp|P62304|RUXE_HUMAN,/core/www/modules//consensus/?run_id=110202&search_id=114132&scans_id=110198&peptide_id=29798&scanf=37604&charge=2&value=sp|P62304|RUXE_HUMAN,0,/core/www/modules/match_peptides/blast_html4.php?run_id=110202&search_id=114132&scans_id=110198&peptide_id=29798&scanf=37604&charge=2&value=0,K.VM*VQPINLIFR.Y,/core/www/modules/show_out/show_out_wrapper.php?run_id=110202&search_id=114132&scans_id=110198&peptide_id=29798&scanf=37604&charge=2&value=K.VM*VQPINLIFR.Y,SNRPE,8.981e+6,3.461,0.001,3.090,0.000
37611,2,"  3.178","  0.586",16/28,/core/www/modules//sdig/index.php?run_id=110202&search_id=114132&scans_id=110198&peptide_id=29805&scanf=37611&charge=2&value=16/28,sp|P04350|TBB4A_HUMAN,/core/www/modules//consensus/?run_id=110202&search_id=114132&scans_id=110198&peptide_id=29805&scanf=37611&charge=2&value=sp|P04350|TBB4A_HUMAN,3,/core/www/modules/match_peptides/blast_html4.php?run_id=110202&search_id=114132&scans_id=110198&peptide_id=29805&scanf=37611&charge=2&value=3,R.ALTVPELTQQMFDAK.N,/core/www/modules/show_out/show_out_wrapper.php?run_id=110202&search_id=114132&scans_id=110198&peptide_id=29805&scanf=37611&charge=2&value=R.ALTVPELTQQMFDAK.N,TUBB4A,3.855e+7,3.401,0.001,3.002,0.000
37613,4,"  7.041","  0.667",29/156,/core/www/modules//sdig/index.php?run_id=110202&search_id=114132&scans_id=110198&peptide_id=29807&scanf=37613&charge=4&value=29/156,sp|Q10713|MPPA_HUMAN,/core/www/modules//consensus/?run_id=110202&search_id=114132&scans_id=110198&peptide_id=29807&scanf=37613&charge=4&value=sp|Q10713|MPPA_HUMAN,0,/core/www/modules/match_peptides/blast_html4.php?run_id=110202&search_id=114132&scans_id=110198&peptide_id=29807&scanf=37613&charge=4&value=0,R.GKPAVAALGDLTDLPTYEHIQTALSSK.D,/core/www/modules/show_out/show_out_wrapper.php?run_id=110202&search_id=114132&scans_id=110198&peptide_id=29807&scanf=37613&charge=4&value=R.GKPAVAALGDLTDLPTYEHIQTALSSK.D,PMPCA,4.249e+6,3.776,0.000,3.557,0.000
37615,2,"  3.014","  0.483",13/20,/core/www/modules//sdig/index.php?run_id=110202&search_id=114132&scans_id=110198&peptide_id=29809&scanf=37615&charge=2&value=13/20,sp|Q92797|SYMPK_HUMAN,/core/www/modules//consensus/?run_id=110202&search_id=114132&scans_id=110198&peptide_id=29809&scanf=37615&charge=2&value=sp|Q92797|SYMPK_HUMAN,1,/core/www/modules/match_peptides/blast_html4.php?run_id=110202&search_id=114132&scans_id=110198&peptide_id=29809&scanf=37615&charge=2&value=1,R.LGGFVMNILSR.L,/core/www/modules/show_out/show_out_wrapper.php?run_id=110202&search_id=114132&scans_id=110198&peptide_id=29809&scanf=37615&charge=2&value=R.LGGFVMNILSR.L,SYMPK,7.309e+6,3.376,0.001,2.965,0.000
37617,2,"  3.486","  0.524",10/24,/core/www/modules//sdig/index.php?run_id=110202&search_id=114132&scans_id=110198&peptide_id=29811&scanf=37617&charge=2&value=10/24,sp|Q8NI27|THOC2_HUMAN,/core/www/modules//consensus/?run_id=110202&search_id=114132&scans_id=110198&peptide_id=29811&scanf=37617&charge=2&value=sp|Q8NI27|THOC2_HUMAN,1,/core/www/modules/match_peptides/blast_html4.php?run_id=110202&search_id=114132&scans_id=110198&peptide_id=29811&scanf=37617&charge=2&value=1,R.LDPETLESLGLIK.Q,/core/www/modules/show_out/show_out_wrapper.php?run_id=110202&search_id=114132&scans_id=110198&peptide_id=29811&scanf=37617&charge=2&value=R.LDPETLESLGLIK.Q,THOC2,1.634e+7,3.003,0.004,2.412,0.000
37618,3,"  4.484","  0.525",18/48,/core/www/modules//sdig/index.php?run_id=110202&search_id=114132&scans_id=110198&peptide_id=29812&scanf=37618&charge=3&value=18/48,sp|Q9UPN9|TRI33_HUMAN,/core/www/modules//consensus/?run_id=110202&search_id=114132&scans_id=110198&peptide_id=29812&scanf=37618&charge=3&value=sp|Q9UPN9|TRI33_HUMAN,1,/core/www/modules/match_peptides/blast_html4.php?run_id=110202&search_id=114132&scans_id=110198&peptide_id=29812&scanf=37618&charge=3&value=1,K.VAIFTLINEINKK.G,/core/www/modules/show_out/show_out_wrapper.php?run_id=110202&search_id=114132&scans_id=110198&peptide_id=29812&scanf=37618&charge=3&value=K.VAIFTLINEINKK.G,TRIM33,4.124e+6,3.170,0.002,2.659,0.000
37620,3,"  2.794","  0.417",13/56,/core/www/modules//sdig/index.php?run_id=110202&search_id=114132&scans_id=110198&peptide_id=29815&scanf=37620&charge=3&value=13/56,sp|Q9UIA9|XPO7_HUMAN,/core/www/modules//consensus/?run_id=110202&search_id=114132&scans_id=110198&peptide_id=29815&scanf=37620&charge=3&value=sp|Q9UIA9|XPO7_HUMAN,2,/core/www/modules/match_peptides/blast_html4.php?run_id=110202&search_id=114132&scans_id=110198&peptide_id=29815&scanf=37620&charge=3&value=2,K.LLLSIPHSDLLDYPK.L,/core/www/modules/show_out/show_out_wrapper.php?run_id=110202&search_id=114132&scans_id=110198&peptide_id=29815&scanf=37620&charge=3&value=K.LLLSIPHSDLLDYPK.L,XPO7,2.121e+6,2.655,0.013,1.900,0.000
37621,3,"  3.106","  0.032",12/80,/core/www/modules//sdig/index.php?run_id=110202&search_id=114132&scans_id=110198&peptide_id=29816&scanf=37621&charge=3&value=12/80,sp|Q6P2Q9|PRP8_HUMAN,/core/www/modules//consensus/?run_id=110202&search_id=114132&scans_id=110198&peptide_id=29816&scanf=37621&charge=3&value=sp|Q6P2Q9|PRP8_HUMAN,1,/core/www/modules/match_peptides/blast_html4.php?run_id=110202&search_id=114132&scans_id=110198&peptide_id=29816&scanf=37621&charge=3&value=1,K.ELGGLGM*LSMGHVLIPQSDLR.W,/core/www/modules/show_out/show_out_wrapper.php?run_id=110202&search_id=114132&scans_id=110198&peptide_id=29816&scanf=37621&charge=3&value=K.ELGGLGM*LSMGHVLIPQSDLR.W,PRPF8,1.818e+6,2.994,0.004,2.399,0.000
37622,2,"  2.373","  0.423",10/20,/core/www/modules//sdig/index.php?run_id=110202&search_id=114132&scans_id=110198&peptide_id=29817&scanf=37622&charge=2&value=10/20,sp|Q9H147|TDIF1_HUMAN,/core/www/modules//consensus/?run_id=110202&search_id=114132&scans_id=110198&peptide_id=29817&scanf=37622&charge=2&value=sp|Q9H147|TDIF1_HUMAN,2,/core/www/modules/match_peptides/blast_html4.php?run_id=110202&search_id=114132&scans_id=110198&peptide_id=29817&scanf=37622&charge=2&value=2,K.SFVLPSWMVEK.M,/core/www/modules/show_out/show_out_wrapper.php?run_id=110202&search_id=114132&scans_id=110198&peptide_id=29817&scanf=37622&charge=2&value=K.SFVLPSWMVEK.M,DNTTIP1,2.947e+6,2.774,0.008,2.074,0.000
37624,3,"  3.585","  0.507",18/44,/core/www/modules//sdig/index.php?run_id=110202&search_id=114132&scans_id=110198&peptide_id=29819&scanf=37624&charge=3&value=18/44,sp|P82933|RT09_HUMAN,/core/www/modules//consensus/?run_id=110202&search_id=114132&scans_id=110198&peptide_id=29819&scanf=37624&charge=3&value=sp|P82933|RT09_HUMAN,0,/core/www/modules/match_peptides/blast_html4.php?run_id=110202&search_id=114132&scans_id=110198&peptide_id=29819&scanf=37624&charge=3&value=0,R.EQLMFPFHFVDR.L,/core/www/modules/show_out/show_out_wrapper.php?run_id=110202&search_id=114132&scans_id=110198&peptide_id=29819&scanf=37624&charge=3&value=R.EQLMFPFHFVDR.L,MRPS9,4.762e+6,3.408,0.001,3.012,0.000
37628,2,"  2.195","  0.543",11/24,/core/www/modules//sdig/index.php?run_id=110202&search_id=114132&scans_id=110198&peptide_id=29823&scanf=37628&charge=2&value=11/24,sp|Q9BSJ8|ESYT1_HUMAN,/core/www/modules//consensus/?run_id=110202&search_id=114132&scans_id=110198&peptide_id=29823&scanf=37628&charge=2&value=sp|Q9BSJ8|ESYT1_HUMAN,1,/core/www/modules/match_peptides/blast_html4.php?run_id=110202&search_id=114132&scans_id=110198&peptide_id=29823&scanf=37628&charge=2&value=1,R.ELPAWVSFPDVEK.A,/core/www/modules/show_out/show_out_wrapper.php?run_id=110202&search_id=114132&scans_id=110198&peptide_id=29823&scanf=37628&charge=2&value=R.ELPAWVSFPDVEK.A,ESYT1,6.243e+6,3.101,0.003,2.557,0.000
37635,2,"  2.876","  0.519",11/30,/core/www/modules//sdig/index.php?run_id=110202&search_id=114132&scans_id=110198&peptide_id=29830&scanf=37635&charge=2&value=11/30,sp|Q9ULX9|MAFF_HUMAN,/core/www/modules//consensus/?run_id=110202&search_id=114132&scans_id=110198&peptide_id=29830&scanf=37635&charge=2&value=sp|Q9ULX9|MAFF_HUMAN,0,/core/www/modules/match_peptides/blast_html4.php?run_id=110202&search_id=114132&scans_id=110198&peptide_id=29830&scanf=37635&charge=2&value=0,R.GPATLVAPASVITIVK.S,/core/www/modules/show_out/show_out_wrapper.php?run_id=110202&search_id=114132&scans_id=110198&peptide_id=29830&scanf=37635&charge=2&value=R.GPATLVAPASVITIVK.S,MAFF,2.921e+6,2.717,0.010,1.991,0.000
37643,2,"  2.653","  0.609",11/24,/core/www/modules//sdig/index.php?run_id=110202&search_id=114132&scans_id=110198&peptide_id=29839&scanf=37643&charge=2&value=11/24,sp|Q8IZL8|PELP1_HUMAN,/core/www/modules//consensus/?run_id=110202&search_id=114132&scans_id=110198&peptide_id=29839&scanf=37643&charge=2&value=sp|Q8IZL8|PELP1_HUMAN,2,/core/www/modules/match_peptides/blast_html4.php?run_id=110202&search_id=114132&scans_id=110198&peptide_id=29839&scanf=37643&charge=2&value=2,R.LLPQVLNSWSIGR.D,/core/www/modules/show_out/show_out_wrapper.php?run_id=110202&search_id=114132&scans_id=110198&peptide_id=29839&scanf=37643&charge=2&value=R.LLPQVLNSWSIGR.D,PELP1,7.852e+6,3.337,0.001,2.907,0.000
37644,3,"  6.556","  0.562",25/92,/core/www/modules//sdig/index.php?run_id=110202&search_id=114132&scans_id=110198&peptide_id=29840&scanf=37644&charge=3&value=25/92,sp|Q8IZL8|PELP1_HUMAN,/core/www/modules//consensus/?run_id=110202&search_id=114132&scans_id=110198&peptide_id=29840&scanf=37644&charge=3&value=sp|Q8IZL8|PELP1_HUMAN,4,/core/www/modules/match_peptides/blast_html4.php?run_id=110202&search_id=114132&scans_id=110198&peptide_id=29840&scanf=37644&charge=3&value=4,R.LHGSVGGAQNLSALGALVSLSNAR.L,/core/www/modules/show_out/show_out_wrapper.php?run_id=110202&search_id=114132&scans_id=110198&peptide_id=29840&scanf=37644&charge=3&value=R.LHGSVGGAQNLSALGALVSLSNAR.L,PELP1,8.145e+6,3.208,0.002,2.716,0.000
37647,3,"  3.198","  0.295",12/56,/core/www/modules//sdig/index.php?run_id=110202&search_id=114132&scans_id=110198&peptide_id=29843&scanf=37647&charge=3&value=12/56,sp|Q14CX7|NAA25_HUMAN,/core/www/modules//consensus/?run_id=110202&search_id=114132&scans_id=110198&peptide_id=29843&scanf=37647&charge=3&value=sp|Q14CX7|NAA25_HUMAN,0,/core/www/modules/match_peptides/blast_html4.php?run_id=110202&search_id=114132&scans_id=110198&peptide_id=29843&scanf=37647&charge=3&value=0,R.LLLQQLEATLETGKR.F,/core/www/modules/show_out/show_out_wrapper.php?run_id=110202&search_id=114132&scans_id=110198&peptide_id=29843&scanf=37647&charge=3&value=R.LLLQQLEATLETGKR.F,NAA25,2.833e+6,1.964,0.119,0.925,0.005
37648,3,"  2.428","  0.292",9/52,/core/www/modules//sdig/index.php?run_id=110202&search_id=114132&scans_id=110198&peptide_id=29844&scanf=37648&charge=3&value=9/52,sp|Q6P4R8|NFRKB_HUMAN,/core/www/modules//consensus/?run_id=110202&search_id=114132&scans_id=110198&peptide_id=29844&scanf=37648&charge=3&value=sp|Q6P4R8|NFRKB_HUMAN,1,/core/www/modules/match_peptides/blast_html4.php?run_id=110202&search_id=114132&scans_id=110198&peptide_id=29844&scanf=37648&charge=3&value=1,R.SDRPAYVTILSLVR.D,/core/www/modules/show_out/show_out_wrapper.php?run_id=110202&search_id=114132&scans_id=110198&peptide_id=29844&scanf=37648&charge=3&value=R.SDRPAYVTILSLVR.D,NFRKB,1.478e+6,2.216,0.054,1.268,0.002
37649,3,"  1.708","  0.322",10/40,/core/www/modules//sdig/index.php?run_id=110202&search_id=114132&scans_id=110198&peptide_id=29845&scanf=37649&charge=3&value=10/40,sp|Q9NR30|DDX21_HUMAN,/core/www/modules//consensus/?run_id=110202&search_id=114132&scans_id=110198&peptide_id=29845&scanf=37649&charge=3&value=sp|Q9NR30|DDX21_HUMAN,4,/core/www/modules/match_peptides/blast_html4.php?run_id=110202&search_id=114132&scans_id=110198&peptide_id=29845&scanf=37649&charge=3&value=4,R.GVTFLFPIQAK.T,/core/www/modules/show_out/show_out_wrapper.php?run_id=110202&search_id=114132&scans_id=110198&peptide_id=29845&scanf=37649&charge=3&value=R.GVTFLFPIQAK.T,DDX21,6.005e+5,2.637,0.013,1.874,0.000
37650,3,"  3.067","  0.307",12/60,/core/www/modules//sdig/index.php?run_id=110202&search_id=114132&scans_id=110198&peptide_id=29847&scanf=37650&charge=3&value=12/60,sp|P13639|EF2_HUMAN,/core/www/modules//consensus/?run_id=110202&search_id=114132&scans_id=110198&peptide_id=29847&scanf=37650&charge=3&value=sp|P13639|EF2_HUMAN,0,/core/www/modules/match_peptides/blast_html4.php?run_id=110202&search_id=114132&scans_id=110198&peptide_id=29847&scanf=37650&charge=3&value=0,K.AYLPVNESFGFTADLR.S,/core/www/modules/show_out/show_out_wrapper.php?run_id=110202&search_id=114132&scans_id=110198&peptide_id=29847&scanf=37650&charge=3&value=K.AYLPVNESFGFTADLR.S,EEF2,4.578e+6,2.363,0.033,1.476,0.001
37653,4,"  5.544","  0.659",17/114,/core/www/modules//sdig/index.php?run_id=110202&search_id=114132&scans_id=110198&peptide_id=29849&scanf=37653&charge=4&value=17/114,sp|O75691|UTP20_HUMAN,/core/www/modules//consensus/?run_id=110202&search_id=114132&scans_id=110198&peptide_id=29849&scanf=37653&charge=4&value=sp|O75691|UTP20_HUMAN,0,/core/www/modules/match_peptides/blast_html4.php?run_id=110202&search_id=114132&scans_id=110198&peptide_id=29849&scanf=37653&charge=4&value=0,K.DLVQLTHYHDPEMDFFENMK.H,/core/www/modules/show_out/show_out_wrapper.php?run_id=110202&search_id=114132&scans_id=110198&peptide_id=29849&scanf=37653&charge=4&value=K.DLVQLTHYHDPEMDFFENMK.H,UTP20,3.548e+6,3.978,0.000,3.857,0.000
37654,2,"  3.233","  0.506",13/24,/core/www/modules//sdig/index.php?run_id=110202&search_id=114132&scans_id=110198&peptide_id=29850&scanf=37654&charge=2&value=13/24,sp|Q9H7Z3|NRDE2_HUMAN,/core/www/modules//consensus/?run_id=110202&search_id=114132&scans_id=110198&peptide_id=29850&scanf=37654&charge=2&value=sp|Q9H7Z3|NRDE2_HUMAN,0,/core/www/modules/match_peptides/blast_html4.php?run_id=110202&search_id=114132&scans_id=110198&peptide_id=29850&scanf=37654&charge=2&value=0,R.QVLFDDIGQSLIR.L,/core/www/modules/show_out/show_out_wrapper.php?run_id=110202&search_id=114132&scans_id=110198&peptide_id=29850&scanf=37654&charge=2&value=R.QVLFDDIGQSLIR.L,NRDE2,4.920e+6,3.072,0.003,2.515,0.000
37655,4,"  9.127","  0.584",31/156,/core/www/modules//sdig/index.php?run_id=110202&search_id=114132&scans_id=110198&peptide_id=29851&scanf=37655&charge=4&value=31/156,sp|Q96SB8|SMC6_HUMAN,/core/www/modules//consensus/?run_id=110202&search_id=114132&scans_id=110198&peptide_id=29851&scanf=37655&charge=4&value=sp|Q96SB8|SMC6_HUMAN,0,/core/www/modules/match_peptides/blast_html4.php?run_id=110202&search_id=114132&scans_id=110198&peptide_id=29851&scanf=37655&charge=4&value=0,K.INQLSELADPLKDELNLADSEVDNQKR.G,/core/www/modules/show_out/show_out_wrapper.php?run_id=110202&search_id=114132&scans_id=110198&peptide_id=29851&scanf=37655&charge=4&value=K.INQLSELADPLKDELNLADSEVDNQKR.G,SMC6,2.967e+6,3.094,0.003,2.547,0.000
37657,3,"  5.991","  0.622",21/76,/core/www/modules//sdig/index.php?run_id=110202&search_id=114132&scans_id=110198&peptide_id=29853&scanf=37657&charge=3&value=21/76,sp|Q08211|DHX9_HUMAN,/core/www/modules//consensus/?run_id=110202&search_id=114132&scans_id=110198&peptide_id=29853&scanf=37657&charge=3&value=sp|Q08211|DHX9_HUMAN,0,/core/www/modules/match_peptides/blast_html4.php?run_id=110202&search_id=114132&scans_id=110198&peptide_id=29853&scanf=37657&charge=3&value=0,K.NELMYQLEQDHDLQAILQER.E,/core/www/modules/show_out/show_out_wrapper.php?run_id=110202&search_id=114132&scans_id=110198&peptide_id=29853&scanf=37657&charge=3&value=K.NELMYQLEQDHDLQAILQER.E,DHX9,1.240e+8,3.728,0.000,3.486,0.000
37658,3,"  2.481","  0.306",10/64,/core/www/modules//sdig/index.php?run_id=110202&search_id=114132&scans_id=110198&peptide_id=29854&scanf=37658&charge=3&value=10/64,sp|Q02880|TOP2B_HUMAN,/core/www/modules//consensus/?run_id=110202&search_id=114132&scans_id=110198&peptide_id=29854&scanf=37658&charge=3&value=sp|Q02880|TOP2B_HUMAN,4,/core/www/modules/match_peptides/blast_html4.php?run_id=110202&search_id=114132&scans_id=110198&peptide_id=29854&scanf=37658&charge=3&value=4,K.NKQELSFYSIPEFDEWK.K,/core/www/modules/show_out/show_out_wrapper.php?run_id=110202&search_id=114132&scans_id=110198&peptide_id=29854&scanf=37658&charge=3&value=K.NKQELSFYSIPEFDEWK.K,TOP2B,3.102e+6,1.883,0.151,0.820,0.008
37661,2,"  3.756","  0.514",15/30,/core/www/modules//sdig/index.php?run_id=110202&search_id=114132&scans_id=110198&peptide_id=29858&scanf=37661&charge=2&value=15/30,sp|Q14966|ZN638_HUMAN,/core/www/modules//consensus/?run_id=110202&search_id=114132&scans_id=110198&peptide_id=29858&scanf=37661&charge=2&value=sp|Q14966|ZN638_HUMAN,1,/core/www/modules/match_peptides/blast_html4.php?run_id=110202&search_id=114132&scans_id=110198&peptide_id=29858&scanf=37661&charge=2&value=1,R.YPDEQLTPENMPLILR.D,/core/www/modules/show_out/show_out_wrapper.php?run_id=110202&search_id=114132&scans_id=110198&peptide_id=29858&scanf=37661&charge=2&value=R.YPDEQLTPENMPLILR.D,ZNF638,5.020e+6,3.040,0.003,2.467,0.000
37664,2,"  2.633","  0.314",8/24,/core/www/modules//sdig/index.php?run_id=110202&search_id=114132&scans_id=110198&peptide_id=29861&scanf=37664&charge=2&value=8/24,sp|O43615|TIM44_HUMAN,/core/www/modules//consensus/?run_id=110202&search_id=114132&scans_id=110198&peptide_id=29861&scanf=37664&charge=2&value=sp|O43615|TIM44_HUMAN,1,/core/www/modules/match_peptides/blast_html4.php?run_id=110202&search_id=114132&scans_id=110198&peptide_id=29861&scanf=37664&charge=2&value=1,R.LLDISASSTEQIL.-,/core/www/modules/show_out/show_out_wrapper.php?run_id=110202&search_id=114132&scans_id=110198&peptide_id=29861&scanf=37664&charge=2&value=R.LLDISASSTEQIL.-,TIMM44,2.602e+6,2.133,0.071,1.152,0.002
37674,3,"  6.310","  0.619",25/76,/core/www/modules//sdig/index.php?run_id=110202&search_id=114132&scans_id=110198&peptide_id=29871&scanf=37674&charge=3&value=25/76,sp|Q08211|DHX9_HUMAN,/core/www/modules//consensus/?run_id=110202&search_id=114132&scans_id=110198&peptide_id=29871&scanf=37674&charge=3&value=sp|Q08211|DHX9_HUMAN,0,/core/www/modules/match_peptides/blast_html4.php?run_id=110202&search_id=114132&scans_id=110198&peptide_id=29871&scanf=37674&charge=3&value=0,K.NELMYQLEQDHDLQAILQER.E,/core/www/modules/show_out/show_out_wrapper.php?run_id=110202&search_id=114132&scans_id=110198&peptide_id=29871&scanf=37674&charge=3&value=K.NELMYQLEQDHDLQAILQER.E,DHX9,1.240e+8,3.901,0.000,3.743,0.000
37675,2,"  3.270","  0.698",16/32,/core/www/modules//sdig/index.php?run_id=110202&search_id=114132&scans_id=110198&peptide_id=29872&scanf=37675&charge=2&value=16/32,sp|Q05519|SRS11_HUMAN,/core/www/modules//consensus/?run_id=110202&search_id=114132&scans_id=110198&peptide_id=29872&scanf=37675&charge=2&value=sp|Q05519|SRS11_HUMAN,1,/core/www/modules/match_peptides/blast_html4.php?run_id=110202&search_id=114132&scans_id=110198&peptide_id=29872&scanf=37675&charge=2&value=1,R.ALIVVPYAEGVIPDEAK.A,/core/www/modules/show_out/show_out_wrapper.php?run_id=110202&search_id=114132&scans_id=110198&peptide_id=29872&scanf=37675&charge=2&value=R.ALIVVPYAEGVIPDEAK.A,SRSF11,4.734e+6,3.532,0.001,3.196,0.000
37677,3,"  6.702","  0.668",22/76,/core/www/modules//sdig/index.php?run_id=110202&search_id=114132&scans_id=110198&peptide_id=29874&scanf=37677&charge=3&value=22/76,sp|O75691|UTP20_HUMAN,/core/www/modules//consensus/?run_id=110202&search_id=114132&scans_id=110198&peptide_id=29874&scanf=37677&charge=3&value=sp|O75691|UTP20_HUMAN,0,/core/www/modules/match_peptides/blast_html4.php?run_id=110202&search_id=114132&scans_id=110198&peptide_id=29874&scanf=37677&charge=3&value=0,K.DLVQLTHYHDPEMDFFENMK.H,/core/www/modules/show_out/show_out_wrapper.php?run_id=110202&search_id=114132&scans_id=110198&peptide_id=29874&scanf=37677&charge=3&value=K.DLVQLTHYHDPEMDFFENMK.H,UTP20,1.188e+6,3.781,0.000,3.564,0.000
37678,2,"  5.179","  0.757",27/30,/core/www/modules//sdig/index.php?run_id=110202&search_id=114132&scans_id=110198&peptide_id=29875&scanf=37678&charge=2&value=27/30,sp|O75533|SF3B1_HUMAN,/core/www/modules//consensus/?run_id=110202&search_id=114132&scans_id=110198&peptide_id=29875&scanf=37678&charge=2&value=sp|O75533|SF3B1_HUMAN,0,/core/www/modules/match_peptides/blast_html4.php?run_id=110202&search_id=114132&scans_id=110198&peptide_id=29875&scanf=37678&charge=2&value=0,R.SLVEIIEHGLVDEQQK.V,/core/www/modules/show_out/show_out_wrapper.php?run_id=110202&search_id=114132&scans_id=110198&peptide_id=29875&scanf=37678&charge=2&value=R.SLVEIIEHGLVDEQQK.V,SF3B1,5.454e+6,4.646,0.000,4.848,0.000
37680,3,"  2.768","  0.516",12/56,/core/www/modules//sdig/index.php?run_id=110202&search_id=114132&scans_id=110198&peptide_id=29878&scanf=37680&charge=3&value=12/56,sp|Q8NBQ5|DHB11_HUMAN,/core/www/modules//consensus/?run_id=110202&search_id=114132&scans_id=110198&peptide_id=29878&scanf=37680&charge=3&value=sp|Q8NBQ5|DHB11_HUMAN,1,/core/www/modules/match_peptides/blast_html4.php?run_id=110202&search_id=114132&scans_id=110198&peptide_id=29878&scanf=37680&charge=3&value=1,K.TLTDELAALQITGVK.T,/core/www/modules/show_out/show_out_wrapper.php?run_id=110202&search_id=114132&scans_id=110198&peptide_id=29878&scanf=37680&charge=3&value=K.TLTDELAALQITGVK.T,HSD17B11,2.464e+6,2.969,0.004,2.362,0.000
37682,3,"  1.970","  0.218",10/72,/core/www/modules//sdig/index.php?run_id=110202&search_id=114132&scans_id=110198&peptide_id=29880&scanf=37682&charge=3&value=10/72,sp|Q01082|SPTB2_HUMAN,/core/www/modules//consensus/?run_id=110202&search_id=114132&scans_id=110198&peptide_id=29880&scanf=37682&charge=3&value=sp|Q01082|SPTB2_HUMAN,2,/core/www/modules/match_peptides/blast_html4.php?run_id=110202&search_id=114132&scans_id=110198&peptide_id=29880&scanf=37682&charge=3&value=2,R.LVSQDNFGFDLPAVEAATK.K,/core/www/modules/show_out/show_out_wrapper.php?run_id=110202&search_id=114132&scans_id=110198&peptide_id=29880&scanf=37682&charge=3&value=R.LVSQDNFGFDLPAVEAATK.K,SPTBN1,4.029e+6,1.907,0.141,0.851,0.007
37687,3,"  2.115","  0.174",12/56,/core/www/modules//sdig/index.php?run_id=110202&search_id=114132&scans_id=110198&peptide_id=29885&scanf=37687&charge=3&value=12/56,sp|P49720|PSB3_HUMAN,/core/www/modules//consensus/?run_id=110202&search_id=114132&scans_id=110198&peptide_id=29885&scanf=37687&charge=3&value=sp|P49720|PSB3_HUMAN,0,/core/www/modules/match_peptides/blast_html4.php?run_id=110202&search_id=114132&scans_id=110198&peptide_id=29885&scanf=37687&charge=3&value=0,R.DAVSGMGVIVHIIEK.D,/core/www/modules/show_out/show_out_wrapper.php?run_id=110202&search_id=114132&scans_id=110198&peptide_id=29885&scanf=37687&charge=3&value=R.DAVSGMGVIVHIIEK.D,PSMB3,2.504e+6,1.843,0.169,0.772,0.009
37697,3,"  6.350","  0.616",24/84,/core/www/modules//sdig/index.php?run_id=110202&search_id=114132&scans_id=110198&peptide_id=29895&scanf=37697&charge=3&value=24/84,sp|Q96T37|RBM15_HUMAN,/core/www/modules//consensus/?run_id=110202&search_id=114132&scans_id=110198&peptide_id=29895&scanf=37697&charge=3&value=sp|Q96T37|RBM15_HUMAN,3,/core/www/modules/match_peptides/blast_html4.php?run_id=110202&search_id=114132&scans_id=110198&peptide_id=29895&scanf=37697&charge=3&value=3,K.ISELGSQLSDEAVEDGLFHEFK.R,/core/www/modules/show_out/show_out_wrapper.php?run_id=110202&search_id=114132&scans_id=110198&peptide_id=29895&scanf=37697&charge=3&value=K.ISELGSQLSDEAVEDGLFHEFK.R,RBM15,4.398e+6,3.466,0.001,3.098,0.000
37698,3,"  1.940","  0.418",13/52,/core/www/modules//sdig/index.php?run_id=110202&search_id=114132&scans_id=110198&peptide_id=29896&scanf=37698&charge=3&value=13/52,sp|Q14160|SCRIB_HUMAN,/core/www/modules//consensus/?run_id=110202&search_id=114132&scans_id=110198&peptide_id=29896&scanf=37698&charge=3&value=sp|Q14160|SCRIB_HUMAN,4,/core/www/modules/match_peptides/blast_html4.php?run_id=110202&search_id=114132&scans_id=110198&peptide_id=29896&scanf=37698&charge=3&value=4,R.LQSLPFALTHLNLK.A,/core/www/modules/show_out/show_out_wrapper.php?run_id=110202&search_id=114132&scans_id=110198&peptide_id=29896&scanf=37698&charge=3&value=R.LQSLPFALTHLNLK.A,SCRIB,3.392e+6,2.738,0.010,2.022,0.000
37699,2,"  1.968","  0.420",8/18,/core/www/modules//sdig/index.php?run_id=110202&search_id=114132&scans_id=110198&peptide_id=29897&scanf=37699&charge=2&value=8/18,sp|P18124|RL7_HUMAN,/core/www/modules//consensus/?run_id=110202&search_id=114132&scans_id=110198&peptide_id=29897&scanf=37699&charge=2&value=sp|P18124|RL7_HUMAN,1,/core/www/modules/match_peptides/blast_html4.php?run_id=110202&search_id=114132&scans_id=110198&peptide_id=29897&scanf=37699&charge=2&value=1,K.EANNFLWPFK.L,/core/www/modules/show_out/show_out_wrapper.php?run_id=110202&search_id=114132&scans_id=110198&peptide_id=29897&scanf=37699&charge=2&value=K.EANNFLWPFK.L,RPL7,1.536e+8,2.706,0.011,1.975,0.000
37701,2,"  3.577","  0.528",16/28,/core/www/modules//sdig/index.php?run_id=110202&search_id=114132&scans_id=110198&peptide_id=29900&scanf=37701&charge=2&value=16/28,sp|O43809|CPSF5_HUMAN,/core/www/modules//consensus/?run_id=110202&search_id=114132&scans_id=110198&peptide_id=29900&scanf=37701&charge=2&value=sp|O43809|CPSF5_HUMAN,0,/core/www/modules/match_peptides/blast_html4.php?run_id=110202&search_id=114132&scans_id=110198&peptide_id=29900&scanf=37701&charge=2&value=0,R.TINLYPLTNYTFGTK.E,/core/www/modules/show_out/show_out_wrapper.php?run_id=110202&search_id=114132&scans_id=110198&peptide_id=29900&scanf=37701&charge=2&value=R.TINLYPLTNYTFGTK.E,NUDT21,5.400e+6,3.124,0.003,2.592,0.000
37702,3,"  4.497","  0.630",17/76,/core/www/modules//sdig/index.php?run_id=110202&search_id=114132&scans_id=110198&peptide_id=29901&scanf=37702&charge=3&value=17/76,sp|P46939|UTRN_HUMAN,/core/www/modules//consensus/?run_id=110202&search_id=114132&scans_id=110198&peptide_id=29901&scanf=37702&charge=3&value=sp|P46939|UTRN_HUMAN,1,/core/www/modules/match_peptides/blast_html4.php?run_id=110202&search_id=114132&scans_id=110198&peptide_id=29901&scanf=37702&charge=3&value=1,R.DFGPSSQHFLSTSVQLPWQR.S,/core/www/modules/show_out/show_out_wrapper.php?run_id=110202&search_id=114132&scans_id=110198&peptide_id=29901&scanf=37702&charge=3&value=R.DFGPSSQHFLSTSVQLPWQR.S,UTRN,1.606e+6,3.391,0.001,2.987,0.000
37703,2,"  1.562","  0.346",7/14,/core/www/modules//sdig/index.php?run_id=110202&search_id=114132&scans_id=110198&peptide_id=29902&scanf=37703&charge=2&value=7/14,sp|P62805|H4_HUMAN,/core/www/modules//consensus/?run_id=110202&search_id=114132&scans_id=110198&peptide_id=29902&scanf=37703&charge=2&value=sp|P62805|H4_HUMAN,0,/core/www/modules/match_peptides/blast_html4.php?run_id=110202&search_id=114132&scans_id=110198&peptide_id=29902&scanf=37703&charge=2&value=0,K.VFLENVIR.D,/core/www/modules/show_out/show_out_wrapper.php?run_id=110202&search_id=114132&scans_id=110198&peptide_id=29902&scanf=37703&charge=2&value=K.VFLENVIR.D,H4C16,2.505e+6,2.746,0.009,2.033,0.000
37704,3,"  3.309","  0.510",17/72,/core/www/modules//sdig/index.php?run_id=110202&search_id=114132&scans_id=110198&peptide_id=29903&scanf=37704&charge=3&value=17/72,sp|P06576|ATPB_HUMAN,/core/www/modules//consensus/?run_id=110202&search_id=114132&scans_id=110198&peptide_id=29903&scanf=37704&charge=3&value=sp|P06576|ATPB_HUMAN,1,/core/www/modules/match_peptides/blast_html4.php?run_id=110202&search_id=114132&scans_id=110198&peptide_id=29903&scanf=37704&charge=3&value=1,R.AIAELGIYPAVDPLDSTSR.I,/core/www/modules/show_out/show_out_wrapper.php?run_id=110202&search_id=114132&scans_id=110198&peptide_id=29903&scanf=37704&charge=3&value=R.AIAELGIYPAVDPLDSTSR.I,ATP5F1B,9.614e+6,2.967,0.004,2.359,0.000
37706,3,"  4.192","  0.510",16/56,/core/www/modules//sdig/index.php?run_id=110202&search_id=114132&scans_id=110198&peptide_id=29905&scanf=37706&charge=3&value=16/56,sp|Q7KZ85|SPT6H_HUMAN,/core/www/modules//consensus/?run_id=110202&search_id=114132&scans_id=110198&peptide_id=29905&scanf=37706&charge=3&value=sp|Q7KZ85|SPT6H_HUMAN,0,/core/www/modules/match_peptides/blast_html4.php?run_id=110202&search_id=114132&scans_id=110198&peptide_id=29905&scanf=37706&charge=3&value=0,R.LKDLDLDAFAEELER.Q,/core/www/modules/show_out/show_out_wrapper.php?run_id=110202&search_id=114132&scans_id=110198&peptide_id=29905&scanf=37706&charge=3&value=R.LKDLDLDAFAEELER.Q,SUPT6H,6.302e+6,2.956,0.005,2.343,0.000
37707,2,"  3.346","  0.531",13/24,/core/www/modules//sdig/index.php?run_id=110202&search_id=114132&scans_id=110198&peptide_id=29906&scanf=37707&charge=2&value=13/24,sp|Q9NVH0|EXD2_HUMAN,/core/www/modules//consensus/?run_id=110202&search_id=114132&scans_id=110198&peptide_id=29906&scanf=37707&charge=2&value=sp|Q9NVH0|EXD2_HUMAN,2,/core/www/modules/match_peptides/blast_html4.php?run_id=110202&search_id=114132&scans_id=110198&peptide_id=29906&scanf=37707&charge=2&value=2,K.SLAETVLNFPLDK.S,/core/www/modules/show_out/show_out_wrapper.php?run_id=110202&search_id=114132&scans_id=110198&peptide_id=29906&scanf=37707&charge=2&value=K.SLAETVLNFPLDK.S,EXD2,2.007e+6,3.192,0.002,2.692,0.000
37708,3,"  3.076","  0.599",16/52,/core/www/modules//sdig/index.php?run_id=110202&search_id=114132&scans_id=110198&peptide_id=29907&scanf=37708&charge=3&value=16/52,sp|P78527|PRKDC_HUMAN,/core/www/modules//consensus/?run_id=110202&search_id=114132&scans_id=110198&peptide_id=29907&scanf=37708&charge=3&value=sp|P78527|PRKDC_HUMAN,2,/core/www/modules/match_peptides/blast_html4.php?run_id=110202&search_id=114132&scans_id=110198&peptide_id=29907&scanf=37708&charge=3&value=2,K.ETGLMYSIMVHALR.A,/core/www/modules/show_out/show_out_wrapper.php?run_id=110202&search_id=114132&scans_id=110198&peptide_id=29907&scanf=37708&charge=3&value=K.ETGLMYSIMVHALR.A,PRKDC,9.348e+6,4.312,0.000,4.353,0.000
37709,2,"  3.192","  0.532",13/22,/core/www/modules//sdig/index.php?run_id=110202&search_id=114132&scans_id=110198&peptide_id=29908&scanf=37709&charge=2&value=13/22,sp|Q13952|NFYC_HUMAN,/core/www/modules//consensus/?run_id=110202&search_id=114132&scans_id=110198&peptide_id=29908&scanf=37709&charge=2&value=sp|Q13952|NFYC_HUMAN,5,/core/www/modules/match_peptides/blast_html4.php?run_id=110202&search_id=114132&scans_id=110198&peptide_id=29908&scanf=37709&charge=2&value=5,K.AAQIFITELTLR.A,/core/www/modules/show_out/show_out_wrapper.php?run_id=110202&search_id=114132&scans_id=110198&peptide_id=29908&scanf=37709&charge=2&value=K.AAQIFITELTLR.A,NFYC,1.780e+6,3.291,0.001,2.838,0.000
37716,3,"  1.878","  0.338",10/60,/core/www/modules//sdig/index.php?run_id=110202&search_id=114132&scans_id=110198&peptide_id=29915&scanf=37716&charge=3&value=10/60,sp|P42166|LAP2A_HUMAN,/core/www/modules//consensus/?run_id=110202&search_id=114132&scans_id=110198&peptide_id=29915&scanf=37716&charge=3&value=sp|P42166|LAP2A_HUMAN,0,/core/www/modules/match_peptides/blast_html4.php?run_id=110202&search_id=114132&scans_id=110198&peptide_id=29915&scanf=37716&charge=3&value=0,K.IDASELSFPFHESILK.V,/core/www/modules/show_out/show_out_wrapper.php?run_id=110202&search_id=114132&scans_id=110198&peptide_id=29915&scanf=37716&charge=3&value=K.IDASELSFPFHESILK.V,TMPO,3.307e+7,2.331,0.037,1.431,0.001
37727,2,"  2.273","  0.408",10/12,/core/www/modules//sdig/index.php?run_id=110202&search_id=114132&scans_id=110198&peptide_id=29927&scanf=37727&charge=2&value=10/12,sp|P04908|H2A1B_HUMAN,/core/www/modules//consensus/?run_id=110202&search_id=114132&scans_id=110198&peptide_id=29927&scanf=37727&charge=2&value=sp|P04908|H2A1B_HUMAN,20,/core/www/modules/match_peptides/blast_html4.php?run_id=110202&search_id=114132&scans_id=110198&peptide_id=29927&scanf=37727&charge=2&value=20,R.HLQLAIR.N,/core/www/modules/show_out/show_out_wrapper.php?run_id=110202&search_id=114132&scans_id=110198&peptide_id=29927&scanf=37727&charge=2&value=R.HLQLAIR.N,H2AC8,4.853e+6,3.566,0.001,3.246,0.000
37730,2,"  2.564","  0.361",13/16,/core/www/modules//sdig/index.php?run_id=110202&search_id=114132&scans_id=110198&peptide_id=29931&scanf=37730&charge=2&value=13/16,sp|P78527|PRKDC_HUMAN,/core/www/modules//consensus/?run_id=110202&search_id=114132&scans_id=110198&peptide_id=29931&scanf=37730&charge=2&value=sp|P78527|PRKDC_HUMAN,1,/core/www/modules/match_peptides/blast_html4.php?run_id=110202&search_id=114132&scans_id=110198&peptide_id=29931&scanf=37730&charge=2&value=1,K.IPALDLLIK.L,/core/www/modules/show_out/show_out_wrapper.php?run_id=110202&search_id=114132&scans_id=110198&peptide_id=29931&scanf=37730&charge=2&value=K.IPALDLLIK.L,PRKDC,5.945e+7,3.973,0.000,3.849,0.000
37732,3,"  3.572","  0.506",16/56,/core/www/modules//sdig/index.php?run_id=110202&search_id=114132&scans_id=110198&peptide_id=29933&scanf=37732&charge=3&value=16/56,sp|Q14692|BMS1_HUMAN,/core/www/modules//consensus/?run_id=110202&search_id=114132&scans_id=110198&peptide_id=29933&scanf=37732&charge=3&value=sp|Q14692|BMS1_HUMAN,0,/core/www/modules/match_peptides/blast_html4.php?run_id=110202&search_id=114132&scans_id=110198&peptide_id=29933&scanf=37732&charge=3&value=0,K.ILALLDALSTVHSQK.M,/core/www/modules/show_out/show_out_wrapper.php?run_id=110202&search_id=114132&scans_id=110198&peptide_id=29933&scanf=37732&charge=3&value=K.ILALLDALSTVHSQK.M,BMS1,3.209e+6,3.177,0.002,2.669,0.000
37734,2,"  3.525","  0.493",10/26,/core/www/modules//sdig/index.php?run_id=110202&search_id=114132&scans_id=110198&peptide_id=29935&scanf=37734&charge=2&value=10/26,sp|Q92621|NU205_HUMAN,/core/www/modules//consensus/?run_id=110202&search_id=114132&scans_id=110198&peptide_id=29935&scanf=37734&charge=2&value=sp|Q92621|NU205_HUMAN,1,/core/www/modules/match_peptides/blast_html4.php?run_id=110202&search_id=114132&scans_id=110198&peptide_id=29935&scanf=37734&charge=2&value=1,R.TLQSLLTPQPPLLK.A,/core/www/modules/show_out/show_out_wrapper.php?run_id=110202&search_id=114132&scans_id=110198&peptide_id=29935&scanf=37734&charge=2&value=R.TLQSLLTPQPPLLK.A,NUP205,1.531e+6,2.844,0.007,2.177,0.000
37737,4,"  5.037","  0.566",24/138,/core/www/modules//sdig/index.php?run_id=110202&search_id=114132&scans_id=110198&peptide_id=29937&scanf=37737&charge=4&value=24/138,sp|P68104|EF1A1_HUMAN,/core/www/modules//consensus/?run_id=110202&search_id=114132&scans_id=110198&peptide_id=29937&scanf=37737&charge=4&value=sp|P68104|EF1A1_HUMAN,5,/core/www/modules/match_peptides/blast_html4.php?run_id=110202&search_id=114132&scans_id=110198&peptide_id=29937&scanf=37737&charge=4&value=5,R.VETGVLKPGMVVTFAPVNVTTEVK.S,/core/www/modules/show_out/show_out_wrapper.php?run_id=110202&search_id=114132&scans_id=110198&peptide_id=29937&scanf=37737&charge=4&value=R.VETGVLKPGMVVTFAPVNVTTEVK.S,EEF1A1,8.628e+6,3.441,0.001,3.061,0.000
37738,3,"  3.502","  0.473",14/68,/core/www/modules//sdig/index.php?run_id=110202&search_id=114132&scans_id=110198&peptide_id=29938&scanf=37738&charge=3&value=14/68,sp|Q9Y3B7|RM11_HUMAN,/core/www/modules//consensus/?run_id=110202&search_id=114132&scans_id=110198&peptide_id=29938&scanf=37738&charge=3&value=sp|Q9Y3B7|RM11_HUMAN,1,/core/www/modules/match_peptides/blast_html4.php?run_id=110202&search_id=114132&scans_id=110198&peptide_id=29938&scanf=37738&charge=3&value=1,K.AQDEAFALQDVPLSSVVR.S,/core/www/modules/show_out/show_out_wrapper.php?run_id=110202&search_id=114132&scans_id=110198&peptide_id=29938&scanf=37738&charge=3&value=K.AQDEAFALQDVPLSSVVR.S,MRPL11,2.247e+6,2.539,0.019,1.731,0.000
37743,3,"  4.092","  0.561",13/56,/core/www/modules//sdig/index.php?run_id=110202&search_id=114132&scans_id=110198&peptide_id=29944&scanf=37743&charge=3&value=13/56,sp|P19447|ERCC3_HUMAN,/core/www/modules//consensus/?run_id=110202&search_id=114132&scans_id=110198&peptide_id=29944&scanf=37743&charge=3&value=sp|P19447|ERCC3_HUMAN,2,/core/www/modules/match_peptides/blast_html4.php?run_id=110202&search_id=114132&scans_id=110198&peptide_id=29944&scanf=37743&charge=3&value=2,R.EDDKIVDLNFLIGPK.L,/core/www/modules/show_out/show_out_wrapper.php?run_id=110202&search_id=114132&scans_id=110198&peptide_id=29944&scanf=37743&charge=3&value=R.EDDKIVDLNFLIGPK.L,ERCC3,2.583e+6,2.929,0.005,2.303,0.000
37745,2,"  2.505","  0.380",11/20,/core/www/modules//sdig/index.php?run_id=110202&search_id=114132&scans_id=110198&peptide_id=29946&scanf=37745&charge=2&value=11/20,sp|Q86W92|LIPB1_HUMAN,/core/www/modules//consensus/?run_id=110202&search_id=114132&scans_id=110198&peptide_id=29946&scanf=37745&charge=2&value=sp|Q86W92|LIPB1_HUMAN,1,/core/www/modules/match_peptides/blast_html4.php?run_id=110202&search_id=114132&scans_id=110198&peptide_id=29946&scanf=37745&charge=2&value=1,K.LDLMAEISNLK.L,/core/www/modules/show_out/show_out_wrapper.php?run_id=110202&search_id=114132&scans_id=110198&peptide_id=29946&scanf=37745&charge=2&value=K.LDLMAEISNLK.L,PPFIBP1,1.603e+6,2.670,0.012,1.922,0.000
37747,3,"  4.654","  0.537",18/76,/core/www/modules//sdig/index.php?run_id=110202&search_id=114132&scans_id=110198&peptide_id=29948&scanf=37747&charge=3&value=18/76,sp|Q9BTA9|WAC_HUMAN,/core/www/modules//consensus/?run_id=110202&search_id=114132&scans_id=110198&peptide_id=29948&scanf=37747&charge=3&value=sp|Q9BTA9|WAC_HUMAN,4,/core/www/modules/match_peptides/blast_html4.php?run_id=110202&search_id=114132&scans_id=110198&peptide_id=29948&scanf=37747&charge=3&value=4,K.INEVLTAAVTQASLQSIIHK.F,/core/www/modules/show_out/show_out_wrapper.php?run_id=110202&search_id=114132&scans_id=110198&peptide_id=29948&scanf=37747&charge=3&value=K.INEVLTAAVTQASLQSIIHK.F,WAC,1.848e+6,3.066,0.003,2.506,0.000
37751,2,"  2.047","  0.413",8/16,/core/www/modules//sdig/index.php?run_id=110202&search_id=114132&scans_id=110198&peptide_id=29952&scanf=37751&charge=2&value=8/16,sp|P49840|GSK3A_HUMAN,/core/www/modules//consensus/?run_id=110202&search_id=114132&scans_id=110198&peptide_id=29952&scanf=37751&charge=2&value=sp|P49840|GSK3A_HUMAN,11,/core/www/modules/match_peptides/blast_html4.php?run_id=110202&search_id=114132&scans_id=110198&peptide_id=29952&scanf=37751&charge=2&value=11,K.LTIPILYVK.V,/core/www/modules/show_out/show_out_wrapper.php?run_id=110202&search_id=114132&scans_id=110198&peptide_id=29952&scanf=37751&charge=2&value=K.LTIPILYVK.V,GSK3A,2.529e+6,2.805,0.008,2.121,0.000
37752,2,"  2.107","  0.283",8/20,/core/www/modules//sdig/index.php?run_id=110202&search_id=114132&scans_id=110198&peptide_id=29953&scanf=37752&charge=2&value=8/20,sp|O43707|ACTN4_HUMAN,/core/www/modules//consensus/?run_id=110202&search_id=114132&scans_id=110198&peptide_id=29953&scanf=37752&charge=2&value=sp|O43707|ACTN4_HUMAN,18,/core/www/modules/match_peptides/blast_html4.php?run_id=110202&search_id=114132&scans_id=110198&peptide_id=29953&scanf=37752&charge=2&value=18,K.GYEEWLLNEIR.R,/core/www/modules/show_out/show_out_wrapper.php?run_id=110202&search_id=114132&scans_id=110198&peptide_id=29953&scanf=37752&charge=2&value=K.GYEEWLLNEIR.R,ACTN4,2.244e+6,2.558,0.017,1.759,0.000
37753,3,"  2.267","  0.374",11/76,/core/www/modules//sdig/index.php?run_id=110202&search_id=114132&scans_id=110198&peptide_id=29954&scanf=37753&charge=3&value=11/76,sp|Q9UBT2|SAE2_HUMAN,/core/www/modules//consensus/?run_id=110202&search_id=114132&scans_id=110198&peptide_id=29954&scanf=37753&charge=3&value=sp|Q9UBT2|SAE2_HUMAN,1,/core/www/modules/match_peptides/blast_html4.php?run_id=110202&search_id=114132&scans_id=110198&peptide_id=29954&scanf=37753&charge=3&value=1,K.YLFNQLFGEEDADQEVSPDR.A,/core/www/modules/show_out/show_out_wrapper.php?run_id=110202&search_id=114132&scans_id=110198&peptide_id=29954&scanf=37753&charge=3&value=K.YLFNQLFGEEDADQEVSPDR.A,UBA2,1.430e+6,2.248,0.049,1.312,0.002
37762,2,"  1.601","  0.471",9/16,/core/www/modules//sdig/index.php?run_id=110202&search_id=114132&scans_id=110198&peptide_id=29963&scanf=37762&charge=2&value=9/16,sp|P52272|HNRPM_HUMAN,/core/www/modules//consensus/?run_id=110202&search_id=114132&scans_id=110198&peptide_id=29963&scanf=37762&charge=2&value=sp|P52272|HNRPM_HUMAN,3,/core/www/modules/match_peptides/blast_html4.php?run_id=110202&search_id=114132&scans_id=110198&peptide_id=29963&scanf=37762&charge=2&value=3,R.NLPFDFTWK.M,/core/www/modules/show_out/show_out_wrapper.php?run_id=110202&search_id=114132&scans_id=110198&peptide_id=29963&scanf=37762&charge=2&value=R.NLPFDFTWK.M,HNRNPM,7.243e+7,3.347,0.001,2.921,0.000
37763,2,"  3.105","  0.654",16/30,/core/www/modules//sdig/index.php?run_id=110202&search_id=114132&scans_id=110198&peptide_id=29964&scanf=37763&charge=2&value=16/30,sp|Q14839|CHD4_HUMAN,/core/www/modules//consensus/?run_id=110202&search_id=114132&scans_id=110198&peptide_id=29964&scanf=37763&charge=2&value=sp|Q14839|CHD4_HUMAN,20,/core/www/modules/match_peptides/blast_html4.php?run_id=110202&search_id=114132&scans_id=110198&peptide_id=29964&scanf=37763&charge=2&value=20,R.YGMPPQDAFTTQWLVR.D,/core/www/modules/show_out/show_out_wrapper.php?run_id=110202&search_id=114132&scans_id=110198&peptide_id=29964&scanf=37763&charge=2&value=R.YGMPPQDAFTTQWLVR.D,CHD4,3.810e+6,3.657,0.000,3.381,0.000
37764,2,"  2.933","  0.512",12/22,/core/www/modules//sdig/index.php?run_id=110202&search_id=114132&scans_id=110198&peptide_id=29965&scanf=37764&charge=2&value=12/22,sp|Q10570|CPSF1_HUMAN,/core/www/modules//consensus/?run_id=110202&search_id=114132&scans_id=110198&peptide_id=29965&scanf=37764&charge=2&value=sp|Q10570|CPSF1_HUMAN,0,/core/www/modules/match_peptides/blast_html4.php?run_id=110202&search_id=114132&scans_id=110198&peptide_id=29965&scanf=37764&charge=2&value=0,R.SSFLPSYIIDVR.A,/core/www/modules/show_out/show_out_wrapper.php?run_id=110202&search_id=114132&scans_id=110198&peptide_id=29965&scanf=37764&charge=2&value=R.SSFLPSYIIDVR.A,CPSF1,9.850e+6,3.233,0.002,2.753,0.000
37769,3,"  3.148","  0.293",12/72,/core/www/modules//sdig/index.php?run_id=110202&search_id=114132&scans_id=110198&peptide_id=29970&scanf=37769&charge=3&value=12/72,sp|P51531|SMCA2_HUMAN,/core/www/modules//consensus/?run_id=110202&search_id=114132&scans_id=110198&peptide_id=29970&scanf=37769&charge=3&value=sp|P51531|SMCA2_HUMAN,2,/core/www/modules/match_peptides/blast_html4.php?run_id=110202&search_id=114132&scans_id=110198&peptide_id=29970&scanf=37769&charge=3&value=2,K.ASQLDAWLEMNPGYEVAPR.S,/core/www/modules/show_out/show_out_wrapper.php?run_id=110202&search_id=114132&scans_id=110198&peptide_id=29970&scanf=37769&charge=3&value=K.ASQLDAWLEMNPGYEVAPR.S,SMARCA2,5.306e+6,2.101,0.078,1.108,0.003
37770,2,"  4.449","  0.650",15/36,/core/www/modules//sdig/index.php?run_id=110202&search_id=114132&scans_id=110198&peptide_id=29972&scanf=37770&charge=2&value=15/36,sp|Q9BZF1|OSBL8_HUMAN,/core/www/modules//consensus/?run_id=110202&search_id=114132&scans_id=110198&peptide_id=29972&scanf=37770&charge=2&value=sp|Q9BZF1|OSBL8_HUMAN,2,/core/www/modules/match_peptides/blast_html4.php?run_id=110202&search_id=114132&scans_id=110198&peptide_id=29972&scanf=37770&charge=2&value=2,K.GEAVGSITQPLPSSYLIIR.A,/core/www/modules/show_out/show_out_wrapper.php?run_id=110202&search_id=114132&scans_id=110198&peptide_id=29972&scanf=37770&charge=2&value=K.GEAVGSITQPLPSSYLIIR.A,OSBPL8,2.451e+6,3.237,0.002,2.759,0.000
37773,2,"  4.586","  0.429",17/30,/core/www/modules//sdig/index.php?run_id=110202&search_id=114132&scans_id=110198&peptide_id=29975&scanf=37773&charge=2&value=17/30,sp|P02647|APOA1_HUMAN,/core/www/modules//consensus/?run_id=110202&search_id=114132&scans_id=110198&peptide_id=29975&scanf=37773&charge=2&value=sp|P02647|APOA1_HUMAN,1,/core/www/modules/match_peptides/blast_html4.php?run_id=110202&search_id=114132&scans_id=110198&peptide_id=29975&scanf=37773&charge=2&value=1,R.EQLGPVTQEFWDNLEK.E,/core/www/modules/show_out/show_out_wrapper.php?run_id=110202&search_id=114132&scans_id=110198&peptide_id=29975&scanf=37773&charge=2&value=R.EQLGPVTQEFWDNLEK.E,APOA1,1.845e+6,2.836,0.007,2.166,0.000
37779,2,"  3.345","  0.557",16/28,/core/www/modules//sdig/index.php?run_id=110202&search_id=114132&scans_id=110198&peptide_id=29980&scanf=37779&charge=2&value=16/28,sp|O43809|CPSF5_HUMAN,/core/www/modules//consensus/?run_id=110202&search_id=114132&scans_id=110198&peptide_id=29980&scanf=37779&charge=2&value=sp|O43809|CPSF5_HUMAN,0,/core/www/modules/match_peptides/blast_html4.php?run_id=110202&search_id=114132&scans_id=110198&peptide_id=29980&scanf=37779&charge=2&value=0,R.TINLYPLTNYTFGTK.E,/core/www/modules/show_out/show_out_wrapper.php?run_id=110202&search_id=114132&scans_id=110198&peptide_id=29980&scanf=37779&charge=2&value=R.TINLYPLTNYTFGTK.E,NUDT21,5.400e+6,3.142,0.002,2.618,0.000
37784,3,"  3.492","  0.469",11/56,/core/www/modules//sdig/index.php?run_id=110202&search_id=114132&scans_id=110198&peptide_id=29986&scanf=37784&charge=3&value=11/56,sp|O43809|CPSF5_HUMAN,/core/www/modules//consensus/?run_id=110202&search_id=114132&scans_id=110198&peptide_id=29986&scanf=37784&charge=3&value=sp|O43809|CPSF5_HUMAN,0,/core/www/modules/match_peptides/blast_html4.php?run_id=110202&search_id=114132&scans_id=110198&peptide_id=29986&scanf=37784&charge=3&value=0,R.TINLYPLTNYTFGTK.E,/core/www/modules/show_out/show_out_wrapper.php?run_id=110202&search_id=114132&scans_id=110198&peptide_id=29986&scanf=37784&charge=3&value=R.TINLYPLTNYTFGTK.E,NUDT21,2.031e+6,2.832,0.007,2.160,0.000
37786,3,"  5.003","  0.590",16/88,/core/www/modules//sdig/index.php?run_id=110202&search_id=114132&scans_id=110198&peptide_id=29988&scanf=37786&charge=3&value=16/88,sp|Q14980|NUMA1_HUMAN,/core/www/modules//consensus/?run_id=110202&search_id=114132&scans_id=110198&peptide_id=29988&scanf=37786&charge=3&value=sp|Q14980|NUMA1_HUMAN,1,/core/www/modules/match_peptides/blast_html4.php?run_id=110202&search_id=114132&scans_id=110198&peptide_id=29988&scanf=37786&charge=3&value=1,R.YEDSQQEEAQYGAMFQEQLMTLK.E,/core/www/modules/show_out/show_out_wrapper.php?run_id=110202&search_id=114132&scans_id=110198&peptide_id=29988&scanf=37786&charge=3&value=R.YEDSQQEEAQYGAMFQEQLMTLK.E,NUMA1,1.016e+6,3.296,0.001,2.846,0.000
37789,2,"  2.571","  0.425",9/20,/core/www/modules//sdig/index.php?run_id=110202&search_id=114132&scans_id=110198&peptide_id=29991&scanf=37789&charge=2&value=9/20,sp|Q16594|TAF9_HUMAN,/core/www/modules//consensus/?run_id=110202&search_id=114132&scans_id=110198&peptide_id=29991&scanf=37789&charge=2&value=sp|Q16594|TAF9_HUMAN,6,/core/www/modules/match_peptides/blast_html4.php?run_id=110202&search_id=114132&scans_id=110198&peptide_id=29991&scanf=37789&charge=2&value=6,R.VINQMLEFAFR.Y,/core/www/modules/show_out/show_out_wrapper.php?run_id=110202&search_id=114132&scans_id=110198&peptide_id=29991&scanf=37789&charge=2&value=R.VINQMLEFAFR.Y,TAF9,1.469e+6,2.466,0.024,1.625,0.001
37790,3,"  2.138","  0.296",11/48,/core/www/modules//sdig/index.php?run_id=110202&search_id=114132&scans_id=110198&peptide_id=29993&scanf=37790&charge=3&value=11/48,sp|Q8NI27|THOC2_HUMAN,/core/www/modules//consensus/?run_id=110202&search_id=114132&scans_id=110198&peptide_id=29993&scanf=37790&charge=3&value=sp|Q8NI27|THOC2_HUMAN,1,/core/www/modules/match_peptides/blast_html4.php?run_id=110202&search_id=114132&scans_id=110198&peptide_id=29993&scanf=37790&charge=3&value=1,R.LDPETLESLGLIK.Q,/core/www/modules/show_out/show_out_wrapper.php?run_id=110202&search_id=114132&scans_id=110198&peptide_id=29993&scanf=37790&charge=3&value=R.LDPETLESLGLIK.Q,THOC2,1.856e+6,2.408,0.029,1.541,0.001
37791,2,"  2.067","  0.282",10/16,/core/www/modules//sdig/index.php?run_id=110202&search_id=114132&scans_id=110198&peptide_id=29994&scanf=37791&charge=2&value=10/16,sp|P61289|PSME3_HUMAN,/core/www/modules//consensus/?run_id=110202&search_id=114132&scans_id=110198&peptide_id=29994&scanf=37791&charge=2&value=sp|P61289|PSME3_HUMAN,3,/core/www/modules/match_peptides/blast_html4.php?run_id=110202&search_id=114132&scans_id=110198&peptide_id=29994&scanf=37791&charge=2&value=3,K.LLELDSFLK.E,/core/www/modules/show_out/show_out_wrapper.php?run_id=110202&search_id=114132&scans_id=110198&peptide_id=29994&scanf=37791&charge=2&value=K.LLELDSFLK.E,PSME3,1.205e+6,2.581,0.016,1.792,0.000
37793,2,"  2.345","  0.420",7/22,/core/www/modules//sdig/index.php?run_id=110202&search_id=114132&scans_id=110198&peptide_id=29996&scanf=37793&charge=2&value=7/22,sp|P40938|RFC3_HUMAN,/core/www/modules//consensus/?run_id=110202&search_id=114132&scans_id=110198&peptide_id=29996&scanf=37793&charge=2&value=sp|P40938|RFC3_HUMAN,0,/core/www/modules/match_peptides/blast_html4.php?run_id=110202&search_id=114132&scans_id=110198&peptide_id=29996&scanf=37793&charge=2&value=0,K.KFMEDGLEGMMF.-,/core/www/modules/show_out/show_out_wrapper.php?run_id=110202&search_id=114132&scans_id=110198&peptide_id=29996&scanf=37793&charge=2&value=K.KFMEDGLEGMMF.-,RFC3,1.815e+6,2.229,0.052,1.286,0.002
37794,3,"  3.349","  0.329",15/52,/core/www/modules//sdig/index.php?run_id=110202&search_id=114132&scans_id=110198&peptide_id=29997&scanf=37794&charge=3&value=15/52,sp|Q9BXY0|MAK16_HUMAN,/core/www/modules//consensus/?run_id=110202&search_id=114132&scans_id=110198&peptide_id=29997&scanf=37794&charge=3&value=sp|Q9BXY0|MAK16_HUMAN,1,/core/www/modules/match_peptides/blast_html4.php?run_id=110202&search_id=114132&scans_id=110198&peptide_id=29997&scanf=37794&charge=3&value=1,K.ALEQIDENLIYWPR.F,/core/www/modules/show_out/show_out_wrapper.php?run_id=110202&search_id=114132&scans_id=110198&peptide_id=29997&scanf=37794&charge=3&value=K.ALEQIDENLIYWPR.F,MAK16,5.292e+6,2.570,0.017,1.776,0.000
37797,3,"  2.225","  0.387",12/56,/core/www/modules//sdig/index.php?run_id=110202&search_id=114132&scans_id=110198&peptide_id=30000&scanf=37797&charge=3&value=12/56,sp|Q9UHB9|SRP68_HUMAN,/core/www/modules//consensus/?run_id=110202&search_id=114132&scans_id=110198&peptide_id=30000&scanf=37797&charge=3&value=sp|Q9UHB9|SRP68_HUMAN,0,/core/www/modules/match_peptides/blast_html4.php?run_id=110202&search_id=114132&scans_id=110198&peptide_id=30000&scanf=37797&charge=3&value=0,K.LEAQAYTAYLSGMLR.F,/core/www/modules/show_out/show_out_wrapper.php?run_id=110202&search_id=114132&scans_id=110198&peptide_id=30000&scanf=37797&charge=3&value=K.LEAQAYTAYLSGMLR.F,SRP68,1.520e+6,2.591,0.016,1.807,0.000
37798,2,"  3.643","  0.461",12/26,/core/www/modules//sdig/index.php?run_id=110202&search_id=114132&scans_id=110198&peptide_id=30001&scanf=37798&charge=2&value=12/26,sp|Q70CQ2|UBP34_HUMAN,/core/www/modules//consensus/?run_id=110202&search_id=114132&scans_id=110198&peptide_id=30001&scanf=37798&charge=2&value=sp|Q70CQ2|UBP34_HUMAN,1,/core/www/modules/match_peptides/blast_html4.php?run_id=110202&search_id=114132&scans_id=110198&peptide_id=30001&scanf=37798&charge=2&value=1,K.LLTLLNSYSPPELR.N,/core/www/modules/show_out/show_out_wrapper.php?run_id=110202&search_id=114132&scans_id=110198&peptide_id=30001&scanf=37798&charge=2&value=K.LLTLLNSYSPPELR.N,USP34,1.544e+6,2.709,0.011,1.979,0.000
37801,3,"  3.259","  0.594",17/52,/core/www/modules//sdig/index.php?run_id=110202&search_id=114132&scans_id=110198&peptide_id=30004&scanf=37801&charge=3&value=17/52,sp|Q15393|SF3B3_HUMAN,/core/www/modules//consensus/?run_id=110202&search_id=114132&scans_id=110198&peptide_id=30004&scanf=37801&charge=3&value=sp|Q15393|SF3B3_HUMAN,0,/core/www/modules/match_peptides/blast_html4.php?run_id=110202&search_id=114132&scans_id=110198&peptide_id=30004&scanf=37801&charge=3&value=0,R.VIVSDVQESFIWVR.Y,/core/www/modules/show_out/show_out_wrapper.php?run_id=110202&search_id=114132&scans_id=110198&peptide_id=30004&scanf=37801&charge=3&value=R.VIVSDVQESFIWVR.Y,SF3B3,6.044e+6,3.583,0.001,3.271,0.000
37804,2,"  4.779","  0.743",18/28,/core/www/modules//sdig/index.php?run_id=110202&search_id=114132&scans_id=110198&peptide_id=30007&scanf=37804&charge=2&value=18/28,sp|P28370|SMCA1_HUMAN,/core/www/modules//consensus/?run_id=110202&search_id=114132&scans_id=110198&peptide_id=30007&scanf=37804&charge=2&value=sp|P28370|SMCA1_HUMAN,2,/core/www/modules/match_peptides/blast_html4.php?run_id=110202&search_id=114132&scans_id=110198&peptide_id=30007&scanf=37804&charge=2&value=2,K.SPEEVMEYSAVFWER.C,/core/www/modules/show_out/show_out_wrapper.php?run_id=110202&search_id=114132&scans_id=110198&peptide_id=30007&scanf=37804&charge=2&value=K.SPEEVMEYSAVFWER.C,SMARCA1,2.927e+6,4.141,0.000,4.098,0.000
37805,2,"  4.569","  0.745",22/38,/core/www/modules//sdig/index.php?run_id=110202&search_id=114132&scans_id=110198&peptide_id=30008&scanf=37805&charge=2&value=22/38,sp|Q96I99|SUCB2_HUMAN,/core/www/modules//consensus/?run_id=110202&search_id=114132&scans_id=110198&peptide_id=30008&scanf=37805&charge=2&value=sp|Q96I99|SUCB2_HUMAN,1,/core/www/modules/match_peptides/blast_html4.php?run_id=110202&search_id=114132&scans_id=110198&peptide_id=30008&scanf=37805&charge=2&value=1,K.ILNNSGLPITSAIDLEDAAK.K,/core/www/modules/show_out/show_out_wrapper.php?run_id=110202&search_id=114132&scans_id=110198&peptide_id=30008&scanf=37805&charge=2&value=K.ILNNSGLPITSAIDLEDAAK.K,SUCLG2,2.035e+6,3.818,0.000,3.620,0.000
37808,2,"  3.219","  0.591",14/26,/core/www/modules//sdig/index.php?run_id=110202&search_id=114132&scans_id=110198&peptide_id=30011&scanf=37808&charge=2&value=14/26,sp|O43491|E41L2_HUMAN,/core/www/modules//consensus/?run_id=110202&search_id=114132&scans_id=110198&peptide_id=30011&scanf=37808&charge=2&value=sp|O43491|E41L2_HUMAN,4,/core/www/modules/match_peptides/blast_html4.php?run_id=110202&search_id=114132&scans_id=110198&peptide_id=30011&scanf=37808&charge=2&value=4,K.DYFGLLFQESPEQK.N,/core/www/modules/show_out/show_out_wrapper.php?run_id=110202&search_id=114132&scans_id=110198&peptide_id=30011&scanf=37808&charge=2&value=K.DYFGLLFQESPEQK.N,EPB41L2,3.606e+6,3.408,0.001,3.012,0.000
37809,2,"  2.182","  0.552",9/24,/core/www/modules//sdig/index.php?run_id=110202&search_id=114132&scans_id=110198&peptide_id=30012&scanf=37809&charge=2&value=9/24,sp|A8K0Z3|WASH1_HUMAN,/core/www/modules//consensus/?run_id=110202&search_id=114132&scans_id=110198&peptide_id=30012&scanf=37809&charge=2&value=sp|A8K0Z3|WASH1_HUMAN,5,/core/www/modules/match_peptides/blast_html4.php?run_id=110202&search_id=114132&scans_id=110198&peptide_id=30012&scanf=37809&charge=2&value=5,K.YVFLDPLAGAVTK.T,/core/www/modules/show_out/show_out_wrapper.php?run_id=110202&search_id=114132&scans_id=110198&peptide_id=30012&scanf=37809&charge=2&value=K.YVFLDPLAGAVTK.T,WASHC1,1.436e+6,2.948,0.005,2.332,0.000
37810,3,"  2.614","  0.459",11/56,/core/www/modules//sdig/index.php?run_id=110202&search_id=114132&scans_id=110198&peptide_id=30014&scanf=37810&charge=3&value=11/56,sp|Q9Y3E5|PTH2_HUMAN,/core/www/modules//consensus/?run_id=110202&search_id=114132&scans_id=110198&peptide_id=30014&scanf=37810&charge=3&value=sp|Q9Y3E5|PTH2_HUMAN,1,/core/www/modules/match_peptides/blast_html4.php?run_id=110202&search_id=114132&scans_id=110198&peptide_id=30014&scanf=37810&charge=3&value=1,K.APDEETLIALLAHAK.M,/core/www/modules/show_out/show_out_wrapper.php?run_id=110202&search_id=114132&scans_id=110198&peptide_id=30014&scanf=37810&charge=3&value=K.APDEETLIALLAHAK.M,PTRH2,1.942e+6,2.790,0.008,2.099,0.000
37812,2,"  4.789","  0.701",21/32,/core/www/modules//sdig/index.php?run_id=110202&search_id=114132&scans_id=110198&peptide_id=30016&scanf=37812&charge=2&value=21/32,sp|Q9HCS7|SYF1_HUMAN,/core/www/modules//consensus/?run_id=110202&search_id=114132&scans_id=110198&peptide_id=30016&scanf=37812&charge=2&value=sp|Q9HCS7|SYF1_HUMAN,0,/core/www/modules/match_peptides/blast_html4.php?run_id=110202&search_id=114132&scans_id=110198&peptide_id=30016&scanf=37812&charge=2&value=0,R.EIINTYTEAVQTVDPFK.A,/core/www/modules/show_out/show_out_wrapper.php?run_id=110202&search_id=114132&scans_id=110198&peptide_id=30016&scanf=37812&charge=2&value=R.EIINTYTEAVQTVDPFK.A,XAB2,2.640e+6,3.882,0.000,3.714,0.000
37814,2,"  1.915","  0.442",8/18,/core/www/modules//sdig/index.php?run_id=110202&search_id=114132&scans_id=110198&peptide_id=30018&scanf=37814&charge=2&value=8/18,sp|Q8WXH0|SYNE2_HUMAN,/core/www/modules//consensus/?run_id=110202&search_id=114132&scans_id=110198&peptide_id=30018&scanf=37814&charge=2&value=sp|Q8WXH0|SYNE2_HUMAN,1,/core/www/modules/match_peptides/blast_html4.php?run_id=110202&search_id=114132&scans_id=110198&peptide_id=30018&scanf=37814&charge=2&value=1,K.ALEDFLASLR.T,/core/www/modules/show_out/show_out_wrapper.php?run_id=110202&search_id=114132&scans_id=110198&peptide_id=30018&scanf=37814&charge=2&value=K.ALEDFLASLR.T,SYNE2,1.245e+6,2.817,0.007,2.138,0.000
37818,3,"  6.515","  0.636",21/92,/core/www/modules//sdig/index.php?run_id=110202&search_id=114132&scans_id=110198&peptide_id=30022&scanf=37818&charge=3&value=21/92,sp|Q5T280|CI114_HUMAN,/core/www/modules//consensus/?run_id=110202&search_id=114132&scans_id=110198&peptide_id=30022&scanf=37818&charge=3&value=sp|Q5T280|CI114_HUMAN,0,/core/www/modules/match_peptides/blast_html4.php?run_id=110202&search_id=114132&scans_id=110198&peptide_id=30022&scanf=37818&charge=3&value=0,R.GRPYTLSVALPGSILDNAQSPELR.T,/core/www/modules/show_out/show_out_wrapper.php?run_id=110202&search_id=114132&scans_id=110198&peptide_id=30022&scanf=37818&charge=3&value=R.GRPYTLSVALPGSILDNAQSPELR.T,SPOUT1,3.426e+6,3.393,0.001,2.989,0.000
37819,3,"  2.253","  0.344",10/56,/core/www/modules//sdig/index.php?run_id=110202&search_id=114132&scans_id=110198&peptide_id=30023&scanf=37819&charge=3&value=10/56,sp|Q9H0A0|NAT10_HUMAN,/core/www/modules//consensus/?run_id=110202&search_id=114132&scans_id=110198&peptide_id=30023&scanf=37819&charge=3&value=sp|Q9H0A0|NAT10_HUMAN,0,/core/www/modules/match_peptides/blast_html4.php?run_id=110202&search_id=114132&scans_id=110198&peptide_id=30023&scanf=37819&charge=3&value=0,K.EIELPSGQLM*GLFNR.I,/core/www/modules/show_out/show_out_wrapper.php?run_id=110202&search_id=114132&scans_id=110198&peptide_id=30023&scanf=37819&charge=3&value=K.EIELPSGQLM*GLFNR.I,NAT10,5.420e+6,2.489,0.022,1.658,0.001
37821,3,"  3.324","  0.637",21/60,/core/www/modules//sdig/index.php?run_id=110202&search_id=114132&scans_id=110198&peptide_id=30025&scanf=37821&charge=3&value=21/60,sp|P42166|LAP2A_HUMAN,/core/www/modules//consensus/?run_id=110202&search_id=114132&scans_id=110198&peptide_id=30025&scanf=37821&charge=3&value=sp|P42166|LAP2A_HUMAN,0,/core/www/modules/match_peptides/blast_html4.php?run_id=110202&search_id=114132&scans_id=110198&peptide_id=30025&scanf=37821&charge=3&value=0,K.IDASELSFPFHESILK.V,/core/www/modules/show_out/show_out_wrapper.php?run_id=110202&search_id=114132&scans_id=110198&peptide_id=30025&scanf=37821&charge=3&value=K.IDASELSFPFHESILK.V,TMPO,3.307e+7,3.670,0.000,3.401,0.000
37824,2,"  2.939","  0.499",12/22,/core/www/modules//sdig/index.php?run_id=110202&search_id=114132&scans_id=110198&peptide_id=30028&scanf=37824&charge=2&value=12/22,sp|O94880|PHF14_HUMAN,/core/www/modules//consensus/?run_id=110202&search_id=114132&scans_id=110198&peptide_id=30028&scanf=37824&charge=2&value=sp|O94880|PHF14_HUMAN,1,/core/www/modules/match_peptides/blast_html4.php?run_id=110202&search_id=114132&scans_id=110198&peptide_id=30028&scanf=37824&charge=2&value=1,R.SEGQGIWALLGR.I,/core/www/modules/show_out/show_out_wrapper.php?run_id=110202&search_id=114132&scans_id=110198&peptide_id=30028&scanf=37824&charge=2&value=R.SEGQGIWALLGR.I,PHF14,3.751e+6,2.966,0.004,2.358,0.000
37828,3,"  7.302","  0.683",23/92,/core/www/modules//sdig/index.php?run_id=110202&search_id=114132&scans_id=110198&peptide_id=30032&scanf=37828&charge=3&value=23/92,sp|Q5T280|CI114_HUMAN,/core/www/modules//consensus/?run_id=110202&search_id=114132&scans_id=110198&peptide_id=30032&scanf=37828&charge=3&value=sp|Q5T280|CI114_HUMAN,0,/core/www/modules/match_peptides/blast_html4.php?run_id=110202&search_id=114132&scans_id=110198&peptide_id=30032&scanf=37828&charge=3&value=0,R.GRPYTLSVALPGSILDNAQSPELR.T,/core/www/modules/show_out/show_out_wrapper.php?run_id=110202&search_id=114132&scans_id=110198&peptide_id=30032&scanf=37828&charge=3&value=R.GRPYTLSVALPGSILDNAQSPELR.T,SPOUT1,3.426e+6,3.620,0.000,3.326,0.000
37829,2,"  3.467","  0.685",13/30,/core/www/modules//sdig/index.php?run_id=110202&search_id=114132&scans_id=110198&peptide_id=30033&scanf=37829&charge=2&value=13/30,sp|Q5BKZ1|ZN326_HUMAN,/core/www/modules//consensus/?run_id=110202&search_id=114132&scans_id=110198&peptide_id=30033&scanf=37829&charge=2&value=sp|Q5BKZ1|ZN326_HUMAN,1,/core/www/modules/match_peptides/blast_html4.php?run_id=110202&search_id=114132&scans_id=110198&peptide_id=30033&scanf=37829&charge=2&value=1,R.ESVLTATSILNNPIVK.A,/core/www/modules/show_out/show_out_wrapper.php?run_id=110202&search_id=114132&scans_id=110198&peptide_id=30033&scanf=37829&charge=2&value=R.ESVLTATSILNNPIVK.A,ZNF326,1.018e+7,3.455,0.001,3.082,0.000
37831,3,"  3.853","  0.612",16/56,/core/www/modules//sdig/index.php?run_id=110202&search_id=114132&scans_id=110198&peptide_id=30036&scanf=37831&charge=3&value=16/56,sp|P46783|RS10_HUMAN,/core/www/modules//consensus/?run_id=110202&search_id=114132&scans_id=110198&peptide_id=30036&scanf=37831&charge=3&value=sp|P46783|RS10_HUMAN,6,/core/www/modules/match_peptides/blast_html4.php?run_id=110202&search_id=114132&scans_id=110198&peptide_id=30036&scanf=37831&charge=3&value=6,R.DYLHLPPEIVPATLR.R,/core/www/modules/show_out/show_out_wrapper.php?run_id=110202&search_id=114132&scans_id=110198&peptide_id=30036&scanf=37831&charge=3&value=R.DYLHLPPEIVPATLR.R,RPS10,3.293e+7,3.492,0.001,3.136,0.000
37832,3,"  3.476","  0.531",17/52,/core/www/modules//sdig/index.php?run_id=110202&search_id=114132&scans_id=110198&peptide_id=30037&scanf=37832&charge=3&value=17/52,sp|Q9NRW7|VPS45_HUMAN,/core/www/modules//consensus/?run_id=110202&search_id=114132&scans_id=110198&peptide_id=30037&scanf=37832&charge=3&value=sp|Q9NRW7|VPS45_HUMAN,13,/core/www/modules/match_peptides/blast_html4.php?run_id=110202&search_id=114132&scans_id=110198&peptide_id=30037&scanf=37832&charge=3&value=13,K.SFLEEVLASGLHSR.S,/core/www/modules/show_out/show_out_wrapper.php?run_id=110202&search_id=114132&scans_id=110198&peptide_id=30037&scanf=37832&charge=3&value=K.SFLEEVLASGLHSR.S,VPS45,3.116e+6,3.317,0.001,2.878,0.000
37834,3,"  2.405","  0.371",8/68,/core/www/modules//sdig/index.php?run_id=110202&search_id=114132&scans_id=110198&peptide_id=30039&scanf=37834&charge=3&value=8/68,sp|P40763|STAT3_HUMAN,/core/www/modules//consensus/?run_id=110202&search_id=114132&scans_id=110198&peptide_id=30039&scanf=37834&charge=3&value=sp|P40763|STAT3_HUMAN,14,/core/www/modules/match_peptides/blast_html4.php?run_id=110202&search_id=114132&scans_id=110198&peptide_id=30039&scanf=37834&charge=3&value=14,R.YLEQLHQLYSDSFPMELR.Q,/core/www/modules/show_out/show_out_wrapper.php?run_id=110202&search_id=114132&scans_id=110198&peptide_id=30039&scanf=37834&charge=3&value=R.YLEQLHQLYSDSFPMELR.Q,STAT3,5.749e+5,2.192,0.058,1.234,0.002
37837,2,"  3.236","  0.415",15/24,/core/www/modules//sdig/index.php?run_id=110202&search_id=114132&scans_id=110198&peptide_id=30042&scanf=37837&charge=2&value=15/24,sp|Q9Y4F1|FARP1_HUMAN,/core/www/modules//consensus/?run_id=110202&search_id=114132&scans_id=110198&peptide_id=30042&scanf=37837&charge=2&value=sp|Q9Y4F1|FARP1_HUMAN,2,/core/www/modules/match_peptides/blast_html4.php?run_id=110202&search_id=114132&scans_id=110198&peptide_id=30042&scanf=37837&charge=2&value=2,K.DLIGIDNLVVPGR.E,/core/www/modules/show_out/show_out_wrapper.php?run_id=110202&search_id=114132&scans_id=110198&peptide_id=30042&scanf=37837&charge=2&value=K.DLIGIDNLVVPGR.E,FARP1,9.920e+5,2.921,0.005,2.291,0.000
37842,2,"  3.091","  0.544",12/22,/core/www/modules//sdig/index.php?run_id=110202&search_id=114132&scans_id=110198&peptide_id=30047&scanf=37842&charge=2&value=12/22,sp|Q14146|URB2_HUMAN,/core/www/modules//consensus/?run_id=110202&search_id=114132&scans_id=110198&peptide_id=30047&scanf=37842&charge=2&value=sp|Q14146|URB2_HUMAN,0,/core/www/modules/match_peptides/blast_html4.php?run_id=110202&search_id=114132&scans_id=110198&peptide_id=30047&scanf=37842&charge=2&value=0,R.GEIAQNLLSLVK.S,/core/www/modules/show_out/show_out_wrapper.php?run_id=110202&search_id=114132&scans_id=110198&peptide_id=30047&scanf=37842&charge=2&value=R.GEIAQNLLSLVK.S,URB2,1.044e+7,3.264,0.002,2.799,0.000
37844,2,"  1.600","  0.488",8/14,/core/www/modules//sdig/index.php?run_id=110202&search_id=114132&scans_id=110198&peptide_id=30049&scanf=37844&charge=2&value=8/14,sp|O14979|HNRDL_HUMAN,/core/www/modules//consensus/?run_id=110202&search_id=114132&scans_id=110198&peptide_id=30049&scanf=37844&charge=2&value=sp|O14979|HNRDL_HUMAN,7,/core/www/modules/match_peptides/blast_html4.php?run_id=110202&search_id=114132&scans_id=110198&peptide_id=30049&scanf=37844&charge=2&value=7,R.GFGFVLFK.D,/core/www/modules/show_out/show_out_wrapper.php?run_id=110202&search_id=114132&scans_id=110198&peptide_id=30049&scanf=37844&charge=2&value=R.GFGFVLFK.D,HNRNPDL,1.915e+8,3.192,0.002,2.693,0.000
37850,2,"  1.976","  0.273",8/20,/core/www/modules//sdig/index.php?run_id=110202&search_id=114132&scans_id=110198&peptide_id=30056&scanf=37850&charge=2&value=8/20,sp|P30046|DOPD_HUMAN,/core/www/modules//consensus/?run_id=110202&search_id=114132&scans_id=110198&peptide_id=30056&scanf=37850&charge=2&value=sp|P30046|DOPD_HUMAN,2,/core/www/modules/match_peptides/blast_html4.php?run_id=110202&search_id=114132&scans_id=110198&peptide_id=30056&scanf=37850&charge=2&value=2,R.FFPLESWQIGK.I,/core/www/modules/show_out/show_out_wrapper.php?run_id=110202&search_id=114132&scans_id=110198&peptide_id=30056&scanf=37850&charge=2&value=R.FFPLESWQIGK.I,DDT,2.313e+6,1.902,0.143,0.845,0.007
37853,2,"  2.552","  0.492",10/20,/core/www/modules//sdig/index.php?run_id=110202&search_id=114132&scans_id=110198&peptide_id=30059&scanf=37853&charge=2&value=10/20,sp|Q01813|PFKAP_HUMAN,/core/www/modules//consensus/?run_id=110202&search_id=114132&scans_id=110198&peptide_id=30059&scanf=37853&charge=2&value=sp|Q01813|PFKAP_HUMAN,5,/core/www/modules/match_peptides/blast_html4.php?run_id=110202&search_id=114132&scans_id=110198&peptide_id=30059&scanf=37853&charge=2&value=5,K.EWSGLLEELAR.N,/core/www/modules/show_out/show_out_wrapper.php?run_id=110202&search_id=114132&scans_id=110198&peptide_id=30059&scanf=37853&charge=2&value=K.EWSGLLEELAR.N,PFKP,1.441e+6,3.006,0.004,2.417,0.000
37854,3,"  2.199","  0.374",11/64,/core/www/modules//sdig/index.php?run_id=110202&search_id=114132&scans_id=110198&peptide_id=30060&scanf=37854&charge=3&value=11/64,sp|O43795|MYO1B_HUMAN,/core/www/modules//consensus/?run_id=110202&search_id=114132&scans_id=110198&peptide_id=30060&scanf=37854&charge=3&value=sp|O43795|MYO1B_HUMAN,4,/core/www/modules/match_peptides/blast_html4.php?run_id=110202&search_id=114132&scans_id=110198&peptide_id=30060&scanf=37854&charge=3&value=4,K.EQLLQSNPVLEAFGNAK.T,/core/www/modules/show_out/show_out_wrapper.php?run_id=110202&search_id=114132&scans_id=110198&peptide_id=30060&scanf=37854&charge=3&value=K.EQLLQSNPVLEAFGNAK.T,MYO1B,1.725e+6,2.383,0.031,1.505,0.001
37855,2,"  5.117","  0.578",25/36,/core/www/modules//sdig/index.php?run_id=110202&search_id=114132&scans_id=110198&peptide_id=30061&scanf=37855&charge=2&value=25/36,sp|P51531|SMCA2_HUMAN,/core/www/modules//consensus/?run_id=110202&search_id=114132&scans_id=110198&peptide_id=30061&scanf=37855&charge=2&value=sp|P51531|SMCA2_HUMAN,2,/core/www/modules/match_peptides/blast_html4.php?run_id=110202&search_id=114132&scans_id=110198&peptide_id=30061&scanf=37855&charge=2&value=2,K.ASQLDAWLEMNPGYEVAPR.S,/core/www/modules/show_out/show_out_wrapper.php?run_id=110202&search_id=114132&scans_id=110198&peptide_id=30061&scanf=37855&charge=2&value=K.ASQLDAWLEMNPGYEVAPR.S,SMARCA2,2.123e+6,3.774,0.000,3.554,0.000
37859,2,"  3.967","  0.653",15/32,/core/www/modules//sdig/index.php?run_id=110202&search_id=114132&scans_id=110198&peptide_id=30065&scanf=37859&charge=2&value=15/32,sp|O43795|MYO1B_HUMAN,/core/www/modules//consensus/?run_id=110202&search_id=114132&scans_id=110198&peptide_id=30065&scanf=37859&charge=2&value=sp|O43795|MYO1B_HUMAN,4,/core/www/modules/match_peptides/blast_html4.php?run_id=110202&search_id=114132&scans_id=110198&peptide_id=30065&scanf=37859&charge=2&value=4,K.EQLLQSNPVLEAFGNAK.T,/core/www/modules/show_out/show_out_wrapper.php?run_id=110202&search_id=114132&scans_id=110198&peptide_id=30065&scanf=37859&charge=2&value=K.EQLLQSNPVLEAFGNAK.T,MYO1B,2.307e+6,3.421,0.001,3.031,0.000
37861,4,"  4.361","  0.504",21/108,/core/www/modules//sdig/index.php?run_id=110202&search_id=114132&scans_id=110198&peptide_id=30068&scanf=37861&charge=4&value=21/108,sp|Q9UNI6|DUS12_HUMAN,/core/www/modules//consensus/?run_id=110202&search_id=114132&scans_id=110198&peptide_id=30068&scanf=37861&charge=4&value=sp|Q9UNI6|DUS12_HUMAN,2,/core/www/modules/match_peptides/blast_html4.php?run_id=110202&search_id=114132&scans_id=110198&peptide_id=30068&scanf=37861&charge=4&value=2,R.LFVPALDKPETDLLSHLDR.C,/core/www/modules/show_out/show_out_wrapper.php?run_id=110202&search_id=114132&scans_id=110198&peptide_id=30068&scanf=37861&charge=4&value=R.LFVPALDKPETDLLSHLDR.C,DUSP12,1.837e+6,3.362,0.001,2.944,0.000
37865,3,"  5.669","  0.763",20/76,/core/www/modules//sdig/index.php?run_id=110202&search_id=114132&scans_id=110198&peptide_id=30071&scanf=37865&charge=3&value=20/76,sp|Q9HB71|CYBP_HUMAN,/core/www/modules//consensus/?run_id=110202&search_id=114132&scans_id=110198&peptide_id=30071&scanf=37865&charge=3&value=sp|Q9HB71|CYBP_HUMAN,0,/core/www/modules/match_peptides/blast_html4.php?run_id=110202&search_id=114132&scans_id=110198&peptide_id=30071&scanf=37865&charge=3&value=0,K.SYSMIVNNLLKPISVEGSSK.K,/core/www/modules/show_out/show_out_wrapper.php?run_id=110202&search_id=114132&scans_id=110198&peptide_id=30071&scanf=37865&charge=3&value=K.SYSMIVNNLLKPISVEGSSK.K,CACYBP,8.224e+6,3.861,0.000,3.683,0.000
37866,2,"  2.502","  0.360",12/24,/core/www/modules//sdig/index.php?run_id=110202&search_id=114132&scans_id=110198&peptide_id=30072&scanf=37866&charge=2&value=12/24,sp|Q9BTT4|MED10_HUMAN,/core/www/modules//consensus/?run_id=110202&search_id=114132&scans_id=110198&peptide_id=30072&scanf=37866&charge=2&value=sp|Q9BTT4|MED10_HUMAN,0,/core/www/modules/match_peptides/blast_html4.php?run_id=110202&search_id=114132&scans_id=110198&peptide_id=30072&scanf=37866&charge=2&value=0,K.LNFIVTGLQDIDK.C,/core/www/modules/show_out/show_out_wrapper.php?run_id=110202&search_id=114132&scans_id=110198&peptide_id=30072&scanf=37866&charge=2&value=K.LNFIVTGLQDIDK.C,MED10,3.598e+6,2.333,0.037,1.433,0.001
37867,3,"  2.876","  0.480",14/52,/core/www/modules//sdig/index.php?run_id=110202&search_id=114132&scans_id=110198&peptide_id=30073&scanf=37867&charge=3&value=14/52,sp|Q96SY0|INT14_HUMAN,/core/www/modules//consensus/?run_id=110202&search_id=114132&scans_id=110198&peptide_id=30073&scanf=37867&charge=3&value=sp|Q96SY0|INT14_HUMAN,3,/core/www/modules/match_peptides/blast_html4.php?run_id=110202&search_id=114132&scans_id=110198&peptide_id=30073&scanf=37867&charge=3&value=3,K.LIDLAYTPFHAVLK.C,/core/www/modules/show_out/show_out_wrapper.php?run_id=110202&search_id=114132&scans_id=110198&peptide_id=30073&scanf=37867&charge=3&value=K.LIDLAYTPFHAVLK.C,INTS14,2.193e+6,3.056,0.003,2.491,0.000
37869,3,"  1.915","  0.224",13/56,/core/www/modules//sdig/index.php?run_id=110202&search_id=114132&scans_id=110198&peptide_id=30075&scanf=37869&charge=3&value=13/56,sp|Q53GS9|SNUT2_HUMAN,/core/www/modules//consensus/?run_id=110202&search_id=114132&scans_id=110198&peptide_id=30075&scanf=37869&charge=3&value=sp|Q53GS9|SNUT2_HUMAN,2,/core/www/modules/match_peptides/blast_html4.php?run_id=110202&search_id=114132&scans_id=110198&peptide_id=30075&scanf=37869&charge=3&value=2,K.NPTIVNFPITNVDLR.E,/core/www/modules/show_out/show_out_wrapper.php?run_id=110202&search_id=114132&scans_id=110198&peptide_id=30075&scanf=37869&charge=3&value=K.NPTIVNFPITNVDLR.E,USP39,3.839e+6,1.866,0.159,0.799,0.008
37870,2,"  3.935","  0.622",17/32,/core/www/modules//sdig/index.php?run_id=110202&search_id=114132&scans_id=110198&peptide_id=30077&scanf=37870&charge=2&value=17/32,sp|O43795|MYO1B_HUMAN,/core/www/modules//consensus/?run_id=110202&search_id=114132&scans_id=110198&peptide_id=30077&scanf=37870&charge=2&value=sp|O43795|MYO1B_HUMAN,4,/core/www/modules/match_peptides/blast_html4.php?run_id=110202&search_id=114132&scans_id=110198&peptide_id=30077&scanf=37870&charge=2&value=4,K.EQLLQSNPVLEAFGNAK.T,/core/www/modules/show_out/show_out_wrapper.php?run_id=110202&search_id=114132&scans_id=110198&peptide_id=30077&scanf=37870&charge=2&value=K.EQLLQSNPVLEAFGNAK.T,MYO1B,2.307e+6,3.212,0.002,2.721,0.000
37873,3,"  4.367","  0.578",16/72,/core/www/modules//sdig/index.php?run_id=110202&search_id=114132&scans_id=110198&peptide_id=30080&scanf=37873&charge=3&value=16/72,sp|P68400|CSK21_HUMAN,/core/www/modules//consensus/?run_id=110202&search_id=114132&scans_id=110198&peptide_id=30080&scanf=37873&charge=3&value=sp|P68400|CSK21_HUMAN,8,/core/www/modules/match_peptides/blast_html4.php?run_id=110202&search_id=114132&scans_id=110198&peptide_id=30080&scanf=37873&charge=3&value=8,R.LIDWGLAEFYHPGQEYNVR.V,/core/www/modules/show_out/show_out_wrapper.php?run_id=110202&search_id=114132&scans_id=110198&peptide_id=30080&scanf=37873&charge=3&value=R.LIDWGLAEFYHPGQEYNVR.V,CSNK2A1,4.946e+6,3.233,0.002,2.753,0.000
37874,2,"  5.026","  0.718",25/36,/core/www/modules//sdig/index.php?run_id=110202&search_id=114132&scans_id=110198&peptide_id=30081&scanf=37874&charge=2&value=25/36,sp|P05387|RLA2_HUMAN,/core/www/modules//consensus/?run_id=110202&search_id=114132&scans_id=110198&peptide_id=30081&scanf=37874&charge=2&value=sp|P05387|RLA2_HUMAN,0,/core/www/modules/match_peptides/blast_html4.php?run_id=110202&search_id=114132&scans_id=110198&peptide_id=30081&scanf=37874&charge=2&value=0,R.YVASYLLAALGGNSSPSAK.D,/core/www/modules/show_out/show_out_wrapper.php?run_id=110202&search_id=114132&scans_id=110198&peptide_id=30081&scanf=37874&charge=2&value=R.YVASYLLAALGGNSSPSAK.D,RPLP2,3.026e+7,3.924,0.000,3.777,0.000
37878,3,"  3.083","  0.523",16/64,/core/www/modules//sdig/index.php?run_id=110202&search_id=114132&scans_id=110198&peptide_id=30085&scanf=37878&charge=3&value=16/64,sp|Q9BWU1|CDK19_HUMAN,/core/www/modules//consensus/?run_id=110202&search_id=114132&scans_id=110198&peptide_id=30085&scanf=37878&charge=3&value=sp|Q9BWU1|CDK19_HUMAN,2,/core/www/modules/match_peptides/blast_html4.php?run_id=110202&search_id=114132&scans_id=110198&peptide_id=30085&scanf=37878&charge=3&value=2,R.IFSVMGFPADKDWEDIR.K,/core/www/modules/show_out/show_out_wrapper.php?run_id=110202&search_id=114132&scans_id=110198&peptide_id=30085&scanf=37878&charge=3&value=R.IFSVMGFPADKDWEDIR.K,CDK19,1.999e+6,2.735,0.010,2.018,0.000
37879,3,"  2.374","  0.381",8/76,/core/www/modules//sdig/index.php?run_id=110202&search_id=114132&scans_id=110198&peptide_id=30086&scanf=37879&charge=3&value=8/76,sp|Q86XP3|DDX42_HUMAN,/core/www/modules//consensus/?run_id=110202&search_id=114132&scans_id=110198&peptide_id=30086&scanf=37879&charge=3&value=sp|Q86XP3|DDX42_HUMAN,0,/core/www/modules/match_peptides/blast_html4.php?run_id=110202&search_id=114132&scans_id=110198&peptide_id=30086&scanf=37879&charge=3&value=0,K.IIDPLPPIDHSEIDYPPFEK.N,/core/www/modules/show_out/show_out_wrapper.php?run_id=110202&search_id=114132&scans_id=110198&peptide_id=30086&scanf=37879&charge=3&value=K.IIDPLPPIDHSEIDYPPFEK.N,DDX42,6.445e+6,2.248,0.049,1.312,0.002
37884,2,"  4.059","  0.586",18/28,/core/www/modules//sdig/index.php?run_id=110202&search_id=114132&scans_id=110198&peptide_id=30091&scanf=37884&charge=2&value=18/28,sp|Q53GS9|SNUT2_HUMAN,/core/www/modules//consensus/?run_id=110202&search_id=114132&scans_id=110198&peptide_id=30091&scanf=37884&charge=2&value=sp|Q53GS9|SNUT2_HUMAN,2,/core/www/modules/match_peptides/blast_html4.php?run_id=110202&search_id=114132&scans_id=110198&peptide_id=30091&scanf=37884&charge=2&value=2,K.NPTIVNFPITNVDLR.E,/core/www/modules/show_out/show_out_wrapper.php?run_id=110202&search_id=114132&scans_id=110198&peptide_id=30091&scanf=37884&charge=2&value=K.NPTIVNFPITNVDLR.E,USP39,1.645e+7,3.356,0.001,2.934,0.000
37885,3,"  3.309","  0.506",12/56,/core/www/modules//sdig/index.php?run_id=110202&search_id=114132&scans_id=110198&peptide_id=30092&scanf=37885&charge=3&value=12/56,sp|Q99547|MPH6_HUMAN,/core/www/modules//consensus/?run_id=110202&search_id=114132&scans_id=110198&peptide_id=30092&scanf=37885&charge=3&value=sp|Q99547|MPH6_HUMAN,3,/core/www/modules/match_peptides/blast_html4.php?run_id=110202&search_id=114132&scans_id=110198&peptide_id=30092&scanf=37885&charge=3&value=3,K.IISEEHWYLDLPELK.E,/core/www/modules/show_out/show_out_wrapper.php?run_id=110202&search_id=114132&scans_id=110198&peptide_id=30092&scanf=37885&charge=3&value=K.IISEEHWYLDLPELK.E,MPHOSPH6,4.940e+6,3.008,0.004,2.420,0.000
37891,3,"  5.186","  0.653",21/84,/core/www/modules//sdig/index.php?run_id=110202&search_id=114132&scans_id=110198&peptide_id=30099&scanf=37891&charge=3&value=21/84,sp|Q5TA45|INT11_HUMAN,/core/www/modules//consensus/?run_id=110202&search_id=114132&scans_id=110198&peptide_id=30099&scanf=37891&charge=3&value=sp|Q5TA45|INT11_HUMAN,3,/core/www/modules/match_peptides/blast_html4.php?run_id=110202&search_id=114132&scans_id=110198&peptide_id=30099&scanf=37891&charge=3&value=3,K.GIMQLVGQAEPESVLLVHGEAK.K,/core/www/modules/show_out/show_out_wrapper.php?run_id=110202&search_id=114132&scans_id=110198&peptide_id=30099&scanf=37891&charge=3&value=K.GIMQLVGQAEPESVLLVHGEAK.K,INTS11,2.830e+6,3.371,0.001,2.957,0.000
37898,3,"  3.530","  0.506",13/56,/core/www/modules//sdig/index.php?run_id=110202&search_id=114132&scans_id=110198&peptide_id=30106&scanf=37898&charge=3&value=13/56,sp|P46939|UTRN_HUMAN,/core/www/modules//consensus/?run_id=110202&search_id=114132&scans_id=110198&peptide_id=30106&scanf=37898&charge=3&value=sp|P46939|UTRN_HUMAN,0,/core/www/modules/match_peptides/blast_html4.php?run_id=110202&search_id=114132&scans_id=110198&peptide_id=30106&scanf=37898&charge=3&value=0,R.HPQLDYVFTLAQNLK.N,/core/www/modules/show_out/show_out_wrapper.php?run_id=110202&search_id=114132&scans_id=110198&peptide_id=30106&scanf=37898&charge=3&value=R.HPQLDYVFTLAQNLK.N,UTRN,2.650e+6,3.050,0.003,2.482,0.000
37900,3,"  2.583","  0.272",10/72,/core/www/modules//sdig/index.php?run_id=110202&search_id=114132&scans_id=110198&peptide_id=30109&scanf=37900&charge=3&value=10/72,sp|Q9UIF9|BAZ2A_HUMAN,/core/www/modules//consensus/?run_id=110202&search_id=114132&scans_id=110198&peptide_id=30109&scanf=37900&charge=3&value=sp|Q9UIF9|BAZ2A_HUMAN,2,/core/www/modules/match_peptides/blast_html4.php?run_id=110202&search_id=114132&scans_id=110198&peptide_id=30109&scanf=37900&charge=3&value=2,R.DTPEGLQWVQLSAEEIPSR.I,/core/www/modules/show_out/show_out_wrapper.php?run_id=110202&search_id=114132&scans_id=110198&peptide_id=30109&scanf=37900&charge=3&value=R.DTPEGLQWVQLSAEEIPSR.I,BAZ2A,2.302e+6,2.002,0.106,0.975,0.005
37905,2,"  4.528","  0.673",19/30,/core/www/modules//sdig/index.php?run_id=110202&search_id=114132&scans_id=110198&peptide_id=30113&scanf=37905&charge=2&value=19/30,sp|P23246|SFPQ_HUMAN,/core/www/modules//consensus/?run_id=110202&search_id=114132&scans_id=110198&peptide_id=30113&scanf=37905&charge=2&value=sp|P23246|SFPQ_HUMAN,1,/core/www/modules/match_peptides/blast_html4.php?run_id=110202&search_id=114132&scans_id=110198&peptide_id=30113&scanf=37905&charge=2&value=1,R.LFVGNLPADITEDEFK.R,/core/www/modules/show_out/show_out_wrapper.php?run_id=110202&search_id=114132&scans_id=110198&peptide_id=30113&scanf=37905&charge=2&value=R.LFVGNLPADITEDEFK.R,SFPQ,1.711e+7,3.807,0.000,3.603,0.000
37908,2,"  4.747","  0.728",21/32,/core/www/modules//sdig/index.php?run_id=110202&search_id=114132&scans_id=110198&peptide_id=30116&scanf=37908&charge=2&value=21/32,sp|Q9HCS7|SYF1_HUMAN,/core/www/modules//consensus/?run_id=110202&search_id=114132&scans_id=110198&peptide_id=30116&scanf=37908&charge=2&value=sp|Q9HCS7|SYF1_HUMAN,0,/core/www/modules/match_peptides/blast_html4.php?run_id=110202&search_id=114132&scans_id=110198&peptide_id=30116&scanf=37908&charge=2&value=0,R.EIINTYTEAVQTVDPFK.A,/core/www/modules/show_out/show_out_wrapper.php?run_id=110202&search_id=114132&scans_id=110198&peptide_id=30116&scanf=37908&charge=2&value=R.EIINTYTEAVQTVDPFK.A,XAB2,2.640e+6,3.944,0.000,3.807,0.000
37909,3,"  5.867","  0.641",23/80,/core/www/modules//sdig/index.php?run_id=110202&search_id=114132&scans_id=110198&peptide_id=30117&scanf=37909&charge=3&value=23/80,sp|P40939|ECHA_HUMAN,/core/www/modules//consensus/?run_id=110202&search_id=114132&scans_id=110198&peptide_id=30117&scanf=37909&charge=3&value=sp|P40939|ECHA_HUMAN,4,/core/www/modules/match_peptides/blast_html4.php?run_id=110202&search_id=114132&scans_id=110198&peptide_id=30117&scanf=37909&charge=3&value=4,K.MGLVDQLVEPLGPGLKPPEER.T,/core/www/modules/show_out/show_out_wrapper.php?run_id=110202&search_id=114132&scans_id=110198&peptide_id=30117&scanf=37909&charge=3&value=K.MGLVDQLVEPLGPGLKPPEER.T,HADHA,8.604e+6,3.493,0.001,3.138,0.000
37910,2,"  5.307","  0.575",18/28,/core/www/modules//sdig/index.php?run_id=110202&search_id=114132&scans_id=110198&peptide_id=30119&scanf=37910&charge=2&value=18/28,sp|Q14974|IMB1_HUMAN,/core/www/modules//consensus/?run_id=110202&search_id=114132&scans_id=110198&peptide_id=30119&scanf=37910&charge=2&value=sp|Q14974|IMB1_HUMAN,1,/core/www/modules/match_peptides/blast_html4.php?run_id=110202&search_id=114132&scans_id=110198&peptide_id=30119&scanf=37910&charge=2&value=1,K.LAATNALLNSLEFTK.A,/core/www/modules/show_out/show_out_wrapper.php?run_id=110202&search_id=114132&scans_id=110198&peptide_id=30119&scanf=37910&charge=2&value=K.LAATNALLNSLEFTK.A,KPNB1,2.631e+7,3.457,0.001,3.085,0.000
37911,2,"  4.794","  0.683",19/28,/core/www/modules//sdig/index.php?run_id=110202&search_id=114132&scans_id=110198&peptide_id=30120&scanf=37911&charge=2&value=19/28,sp|Q8IWX8|CHERP_HUMAN,/core/www/modules//consensus/?run_id=110202&search_id=114132&scans_id=110198&peptide_id=30120&scanf=37911&charge=2&value=sp|Q8IWX8|CHERP_HUMAN,1,/core/www/modules/match_peptides/blast_html4.php?run_id=110202&search_id=114132&scans_id=110198&peptide_id=30120&scanf=37911&charge=2&value=1,R.NSEGWEQNGLYEFFR.A,/core/www/modules/show_out/show_out_wrapper.php?run_id=110202&search_id=114132&scans_id=110198&peptide_id=30120&scanf=37911&charge=2&value=R.NSEGWEQNGLYEFFR.A,CHERP,1.857e+6,3.867,0.000,3.693,0.000
37912,2,"  3.751","  0.606",14/26,/core/www/modules//sdig/index.php?run_id=110202&search_id=114132&scans_id=110198&peptide_id=30121&scanf=37912&charge=2&value=14/26,sp|Q5VYK3|ECM29_HUMAN,/core/www/modules//consensus/?run_id=110202&search_id=114132&scans_id=110198&peptide_id=30121&scanf=37912&charge=2&value=sp|Q5VYK3|ECM29_HUMAN,2,/core/www/modules/match_peptides/blast_html4.php?run_id=110202&search_id=114132&scans_id=110198&peptide_id=30121&scanf=37912&charge=2&value=2,R.QAMTSIWNALVTDK.S,/core/www/modules/show_out/show_out_wrapper.php?run_id=110202&search_id=114132&scans_id=110198&peptide_id=30121&scanf=37912&charge=2&value=R.QAMTSIWNALVTDK.S,ECPAS,2.706e+6,3.421,0.001,3.031,0.000
37914,2,"  4.135","  0.726",17/32,/core/www/modules//sdig/index.php?run_id=110202&search_id=114132&scans_id=110198&peptide_id=30123&scanf=37914&charge=2&value=17/32,sp|Q9BUQ8|DDX23_HUMAN,/core/www/modules//consensus/?run_id=110202&search_id=114132&scans_id=110198&peptide_id=30123&scanf=37914&charge=2&value=sp|Q9BUQ8|DDX23_HUMAN,1,/core/www/modules/match_peptides/blast_html4.php?run_id=110202&search_id=114132&scans_id=110198&peptide_id=30123&scanf=37914&charge=2&value=1,R.GIDIQDVSMVVNYDMAK.N,/core/www/modules/show_out/show_out_wrapper.php?run_id=110202&search_id=114132&scans_id=110198&peptide_id=30123&scanf=37914&charge=2&value=R.GIDIQDVSMVVNYDMAK.N,DDX23,5.527e+6,3.846,0.000,3.661,0.000
37919,3,"  3.735","  0.532",17/76,/core/www/modules//sdig/index.php?run_id=110202&search_id=114132&scans_id=110198&peptide_id=30128&scanf=37919&charge=3&value=17/76,sp|Q9UPT8|ZC3H4_HUMAN,/core/www/modules//consensus/?run_id=110202&search_id=114132&scans_id=110198&peptide_id=30128&scanf=37919&charge=3&value=sp|Q9UPT8|ZC3H4_HUMAN,1,/core/www/modules/match_peptides/blast_html4.php?run_id=110202&search_id=114132&scans_id=110198&peptide_id=30128&scanf=37919&charge=3&value=1,K.QDAVPPVPAALQSMPTLDPR.L,/core/www/modules/show_out/show_out_wrapper.php?run_id=110202&search_id=114132&scans_id=110198&peptide_id=30128&scanf=37919&charge=3&value=K.QDAVPPVPAALQSMPTLDPR.L,ZC3H4,4.137e+6,2.966,0.004,2.358,0.000
37931,3,"  4.104","  0.669",18/68,/core/www/modules//sdig/index.php?run_id=110202&search_id=114132&scans_id=110198&peptide_id=30140&scanf=37931&charge=3&value=18/68,sp|Q5UIP0|RIF1_HUMAN,/core/www/modules//consensus/?run_id=110202&search_id=114132&scans_id=110198&peptide_id=30140&scanf=37931&charge=3&value=sp|Q5UIP0|RIF1_HUMAN,0,/core/www/modules/match_peptides/blast_html4.php?run_id=110202&search_id=114132&scans_id=110198&peptide_id=30140&scanf=37931&charge=3&value=0,K.VMMLVYPEELKPVLTQAK.Q,/core/www/modules/show_out/show_out_wrapper.php?run_id=110202&search_id=114132&scans_id=110198&peptide_id=30140&scanf=37931&charge=3&value=K.VMMLVYPEELKPVLTQAK.Q,RIF1,6.542e+6,3.528,0.001,3.190,0.000
37934,3,"  2.728","  0.216",11/56,/core/www/modules//sdig/index.php?run_id=110202&search_id=114132&scans_id=110198&peptide_id=30143&scanf=37934&charge=3&value=11/56,sp|P28370|SMCA1_HUMAN,/core/www/modules//consensus/?run_id=110202&search_id=114132&scans_id=110198&peptide_id=30143&scanf=37934&charge=3&value=sp|P28370|SMCA1_HUMAN,2,/core/www/modules/match_peptides/blast_html4.php?run_id=110202&search_id=114132&scans_id=110198&peptide_id=30143&scanf=37934&charge=3&value=2,K.SPEEVMEYSAVFWER.C,/core/www/modules/show_out/show_out_wrapper.php?run_id=110202&search_id=114132&scans_id=110198&peptide_id=30143&scanf=37934&charge=3&value=K.SPEEVMEYSAVFWER.C,SMARCA1,2.075e+6,2.044,0.093,1.031,0.004
37935,2,"  4.061","  0.620",14/26,/core/www/modules//sdig/index.php?run_id=110202&search_id=114132&scans_id=110198&peptide_id=30144&scanf=37935&charge=2&value=14/26,sp|P22234|PUR6_HUMAN,/core/www/modules//consensus/?run_id=110202&search_id=114132&scans_id=110198&peptide_id=30144&scanf=37935&charge=2&value=sp|P22234|PUR6_HUMAN,2,/core/www/modules/match_peptides/blast_html4.php?run_id=110202&search_id=114132&scans_id=110198&peptide_id=30144&scanf=37935&charge=2&value=2,K.EIVLADVIDNDSWR.L,/core/www/modules/show_out/show_out_wrapper.php?run_id=110202&search_id=114132&scans_id=110198&peptide_id=30144&scanf=37935&charge=2&value=K.EIVLADVIDNDSWR.L,PAICS,2.523e+6,3.459,0.001,3.087,0.000
37936,3,"  3.034","  0.485",15/52,/core/www/modules//sdig/index.php?run_id=110202&search_id=114132&scans_id=110198&peptide_id=30145&scanf=37936&charge=3&value=15/52,sp|Q16836|HCDH_HUMAN,/core/www/modules//consensus/?run_id=110202&search_id=114132&scans_id=110198&peptide_id=30145&scanf=37936&charge=3&value=sp|Q16836|HCDH_HUMAN,9,/core/www/modules/match_peptides/blast_html4.php?run_id=110202&search_id=114132&scans_id=110198&peptide_id=30145&scanf=37936&charge=3&value=9,R.FAGLHFFNPVPVMK.L,/core/www/modules/show_out/show_out_wrapper.php?run_id=110202&search_id=114132&scans_id=110198&peptide_id=30145&scanf=37936&charge=3&value=R.FAGLHFFNPVPVMK.L,HADH,7.378e+6,3.090,0.003,2.541,0.000
37938,2,"  1.915","  0.265",10/20,/core/www/modules//sdig/index.php?run_id=110202&search_id=114132&scans_id=110198&peptide_id=30147&scanf=37938&charge=2&value=10/20,sp|Q8WU76|SCFD2_HUMAN,/core/www/modules//consensus/?run_id=110202&search_id=114132&scans_id=110198&peptide_id=30147&scanf=37938&charge=2&value=sp|Q8WU76|SCFD2_HUMAN,0,/core/www/modules/match_peptides/blast_html4.php?run_id=110202&search_id=114132&scans_id=110198&peptide_id=30147&scanf=37938&charge=2&value=0,K.IAVDELFTSLR.D,/core/www/modules/show_out/show_out_wrapper.php?run_id=110202&search_id=114132&scans_id=110198&peptide_id=30147&scanf=37938&charge=2&value=K.IAVDELFTSLR.D,SCFD2,1.752e+6,2.241,0.050,1.303,0.002
37940,3,"  2.941","  0.266",7/68,/core/www/modules//sdig/index.php?run_id=110202&search_id=114132&scans_id=110198&peptide_id=30150&scanf=37940&charge=3&value=7/68,sp|Q9HCC0|MCCB_HUMAN,/core/www/modules//consensus/?run_id=110202&search_id=114132&scans_id=110198&peptide_id=30150&scanf=37940&charge=3&value=sp|Q9HCC0|MCCB_HUMAN,10,/core/www/modules/match_peptides/blast_html4.php?run_id=110202&search_id=114132&scans_id=110198&peptide_id=30150&scanf=37940&charge=3&value=10,R.ISVMGGEQAANVLATITK.D,/core/www/modules/show_out/show_out_wrapper.php?run_id=110202&search_id=114132&scans_id=110198&peptide_id=30150&scanf=37940&charge=3&value=R.ISVMGGEQAANVLATITK.D,MCCC2,1.630e+6,1.923,0.134,0.872,0.007
37947,3,"  4.062","  0.526",21/64,/core/www/modules//sdig/index.php?run_id=110202&search_id=114132&scans_id=110198&peptide_id=30156&scanf=37947&charge=3&value=21/64,sp|Q99986|VRK1_HUMAN,/core/www/modules//consensus/?run_id=110202&search_id=114132&scans_id=110198&peptide_id=30156&scanf=37947&charge=3&value=sp|Q99986|VRK1_HUMAN,34,/core/www/modules/match_peptides/blast_html4.php?run_id=110202&search_id=114132&scans_id=110198&peptide_id=30156&scanf=37947&charge=3&value=34,R.HLAEQFAVGEIITDMAK.K,/core/www/modules/show_out/show_out_wrapper.php?run_id=110202&search_id=114132&scans_id=110198&peptide_id=30156&scanf=37947&charge=3&value=R.HLAEQFAVGEIITDMAK.K,VRK1,1.063e+7,3.264,0.002,2.799,0.000
37948,4,"  5.942","  0.455",16/150,/core/www/modules//sdig/index.php?run_id=110202&search_id=114132&scans_id=110198&peptide_id=30157&scanf=37948&charge=4&value=16/150,sp|Q93009|UBP7_HUMAN,/core/www/modules//consensus/?run_id=110202&search_id=114132&scans_id=110198&peptide_id=30157&scanf=37948&charge=4&value=sp|Q93009|UBP7_HUMAN,2,/core/www/modules/match_peptides/blast_html4.php?run_id=110202&search_id=114132&scans_id=110198&peptide_id=30157&scanf=37948&charge=4&value=2,R.IEEIPLDQVDIDKENEMLVTVAHFHK.E,/core/www/modules/show_out/show_out_wrapper.php?run_id=110202&search_id=114132&scans_id=110198&peptide_id=30157&scanf=37948&charge=4&value=R.IEEIPLDQVDIDKENEMLVTVAHFHK.E,USP7,1.978e+6,2.649,0.013,1.891,0.000
37949,3,"  4.647","  0.596",20/76,/core/www/modules//sdig/index.php?run_id=110202&search_id=114132&scans_id=110198&peptide_id=30158&scanf=37949&charge=3&value=20/76,sp|O60341|KDM1A_HUMAN,/core/www/modules//consensus/?run_id=110202&search_id=114132&scans_id=110198&peptide_id=30158&scanf=37949&charge=3&value=sp|O60341|KDM1A_HUMAN,11,/core/www/modules/match_peptides/blast_html4.php?run_id=110202&search_id=114132&scans_id=110198&peptide_id=30158&scanf=37949&charge=3&value=11,R.VFWDPSVNLFGHVGSTTASR.G,/core/www/modules/show_out/show_out_wrapper.php?run_id=110202&search_id=114132&scans_id=110198&peptide_id=30158&scanf=37949&charge=3&value=R.VFWDPSVNLFGHVGSTTASR.G,KDM1A,2.624e+6,3.169,0.002,2.658,0.000
37954,2,"  3.852","  0.565",15/24,/core/www/modules//sdig/index.php?run_id=110202&search_id=114132&scans_id=110198&peptide_id=30164&scanf=37954&charge=2&value=15/24,sp|P46379|BAG6_HUMAN,/core/www/modules//consensus/?run_id=110202&search_id=114132&scans_id=110198&peptide_id=30164&scanf=37954&charge=2&value=sp|P46379|BAG6_HUMAN,8,/core/www/modules/match_peptides/blast_html4.php?run_id=110202&search_id=114132&scans_id=110198&peptide_id=30164&scanf=37954&charge=2&value=8,R.LLGNTFVALSDLR.C,/core/www/modules/show_out/show_out_wrapper.php?run_id=110202&search_id=114132&scans_id=110198&peptide_id=30164&scanf=37954&charge=2&value=R.LLGNTFVALSDLR.C,BAG6,3.854e+6,3.424,0.001,3.036,0.000
37956,2,"  1.975","  0.418",8/20,/core/www/modules//sdig/index.php?run_id=110202&search_id=114132&scans_id=110198&peptide_id=30166&scanf=37956&charge=2&value=8/20,sp|Q6ZRQ5|MMS22_HUMAN,/core/www/modules//consensus/?run_id=110202&search_id=114132&scans_id=110198&peptide_id=30166&scanf=37956&charge=2&value=sp|Q6ZRQ5|MMS22_HUMAN,1,/core/www/modules/match_peptides/blast_html4.php?run_id=110202&search_id=114132&scans_id=110198&peptide_id=30166&scanf=37956&charge=2&value=1,K.LLNDGFSMLLR.A,/core/www/modules/show_out/show_out_wrapper.php?run_id=110202&search_id=114132&scans_id=110198&peptide_id=30166&scanf=37956&charge=2&value=K.LLNDGFSMLLR.A,MMS22L,1.822e+6,2.485,0.022,1.652,0.001
37962,3,"  3.480","  0.517",14/64,/core/www/modules//sdig/index.php?run_id=110202&search_id=114132&scans_id=110198&peptide_id=30173&scanf=37962&charge=3&value=14/64,sp|P49750|YLPM1_HUMAN,/core/www/modules//consensus/?run_id=110202&search_id=114132&scans_id=110198&peptide_id=30173&scanf=37962&charge=3&value=sp|P49750|YLPM1_HUMAN,3,/core/www/modules/match_peptides/blast_html4.php?run_id=110202&search_id=114132&scans_id=110198&peptide_id=30173&scanf=37962&charge=3&value=3,R.VLSLDDYFITEVEKEEK.D,/core/www/modules/show_out/show_out_wrapper.php?run_id=110202&search_id=114132&scans_id=110198&peptide_id=30173&scanf=37962&charge=3&value=R.VLSLDDYFITEVEKEEK.D,YLPM1,2.087e+6,2.750,0.009,2.040,0.000
37964,2,"  2.322","  0.579",11/16,/core/www/modules//sdig/index.php?run_id=110202&search_id=114132&scans_id=110198&peptide_id=30175&scanf=37964&charge=2&value=11/16,sp|P68402|PA1B2_HUMAN,/core/www/modules//consensus/?run_id=110202&search_id=114132&scans_id=110198&peptide_id=30175&scanf=37964&charge=2&value=sp|P68402|PA1B2_HUMAN,1,/core/www/modules/match_peptides/blast_html4.php?run_id=110202&search_id=114132&scans_id=110198&peptide_id=30175&scanf=37964&charge=2&value=1,K.IIVLGLLPR.G,/core/www/modules/show_out/show_out_wrapper.php?run_id=110202&search_id=114132&scans_id=110198&peptide_id=30175&scanf=37964&charge=2&value=K.IIVLGLLPR.G,PAFAH1B2,5.755e+6,3.641,0.000,3.357,0.000
37965,2,"  3.863","  0.633",14/32,/core/www/modules//sdig/index.php?run_id=110202&search_id=114132&scans_id=110198&peptide_id=30176&scanf=37965&charge=2&value=14/32,sp|Q9NPA8|ENY2_HUMAN,/core/www/modules//consensus/?run_id=110202&search_id=114132&scans_id=110198&peptide_id=30176&scanf=37965&charge=2&value=sp|Q9NPA8|ENY2_HUMAN,1,/core/www/modules/match_peptides/blast_html4.php?run_id=110202&search_id=114132&scans_id=110198&peptide_id=30176&scanf=37965&charge=2&value=1,K.GLEHVTVDDLVAEITPK.G,/core/www/modules/show_out/show_out_wrapper.php?run_id=110202&search_id=114132&scans_id=110198&peptide_id=30176&scanf=37965&charge=2&value=K.GLEHVTVDDLVAEITPK.G,ENY2,1.288e+6,3.270,0.002,2.807,0.000
37968,2,"  3.069","  0.579",16/24,/core/www/modules//sdig/index.php?run_id=110202&search_id=114132&scans_id=110198&peptide_id=30178&scanf=37968&charge=2&value=16/24,sp|P51531|SMCA2_HUMAN,/core/www/modules//consensus/?run_id=110202&search_id=114132&scans_id=110198&peptide_id=30178&scanf=37968&charge=2&value=sp|P51531|SMCA2_HUMAN,23,/core/www/modules/match_peptides/blast_html4.php?run_id=110202&search_id=114132&scans_id=110198&peptide_id=30178&scanf=37968&charge=2&value=23,R.LMEEDELPSWIIK.D,/core/www/modules/show_out/show_out_wrapper.php?run_id=110202&search_id=114132&scans_id=110198&peptide_id=30178&scanf=37968&charge=2&value=R.LMEEDELPSWIIK.D,SMARCA2,2.464e+7,3.812,0.000,3.610,0.000
37971,2,"  3.425","  0.564",16/22,/core/www/modules//sdig/index.php?run_id=110202&search_id=114132&scans_id=110198&peptide_id=30182&scanf=37971&charge=2&value=16/22,sp|Q9NZM1|MYOF_HUMAN,/core/www/modules//consensus/?run_id=110202&search_id=114132&scans_id=110198&peptide_id=30182&scanf=37971&charge=2&value=sp|Q9NZM1|MYOF_HUMAN,1,/core/www/modules/match_peptides/blast_html4.php?run_id=110202&search_id=114132&scans_id=110198&peptide_id=30182&scanf=37971&charge=2&value=1,K.IPANQLAELWLK.L,/core/www/modules/show_out/show_out_wrapper.php?run_id=110202&search_id=114132&scans_id=110198&peptide_id=30182&scanf=37971&charge=2&value=K.IPANQLAELWLK.L,MYOF,3.021e+6,3.579,0.001,3.265,0.000
37973,2,"  4.189","  0.732",15/32,/core/www/modules//sdig/index.php?run_id=110202&search_id=114132&scans_id=110198&peptide_id=30184&scanf=37973&charge=2&value=15/32,sp|Q9Y4W2|LAS1L_HUMAN,/core/www/modules//consensus/?run_id=110202&search_id=114132&scans_id=110198&peptide_id=30184&scanf=37973&charge=2&value=sp|Q9Y4W2|LAS1L_HUMAN,6,/core/www/modules/match_peptides/blast_html4.php?run_id=110202&search_id=114132&scans_id=110198&peptide_id=30184&scanf=37973&charge=2&value=6,R.SGNELPLAVASTADLIR.C,/core/www/modules/show_out/show_out_wrapper.php?run_id=110202&search_id=114132&scans_id=110198&peptide_id=30184&scanf=37973&charge=2&value=R.SGNELPLAVASTADLIR.C,LAS1L,9.550e+6,3.691,0.000,3.432,0.000
37977,2,"  2.129","  0.380",8/18,/core/www/modules//sdig/index.php?run_id=110202&search_id=114132&scans_id=110198&peptide_id=30188&scanf=37977&charge=2&value=8/18,sp|Q9BXB4|OSB11_HUMAN,/core/www/modules//consensus/?run_id=110202&search_id=114132&scans_id=110198&peptide_id=30188&scanf=37977&charge=2&value=sp|Q9BXB4|OSB11_HUMAN,3,/core/www/modules/match_peptides/blast_html4.php?run_id=110202&search_id=114132&scans_id=110198&peptide_id=30188&scanf=37977&charge=2&value=3,R.VVLPTFILEK.R,/core/www/modules/show_out/show_out_wrapper.php?run_id=110202&search_id=114132&scans_id=110198&peptide_id=30188&scanf=37977&charge=2&value=R.VVLPTFILEK.R,OSBPL11,6.642e+6,2.556,0.018,1.755,0.000
37978,3,"  4.515","  0.515",17/80,/core/www/modules//sdig/index.php?run_id=110202&search_id=114132&scans_id=110198&peptide_id=30189&scanf=37978&charge=3&value=17/80,sp|Q14315|FLNC_HUMAN,/core/www/modules//consensus/?run_id=110202&search_id=114132&scans_id=110198&peptide_id=30189&scanf=37978&charge=3&value=sp|Q14315|FLNC_HUMAN,0,/core/www/modules/match_peptides/blast_html4.php?run_id=110202&search_id=114132&scans_id=110198&peptide_id=30189&scanf=37978&charge=3&value=0,K.YDGNHIPGSPLQFYVDAINSR.H,/core/www/modules/show_out/show_out_wrapper.php?run_id=110202&search_id=114132&scans_id=110198&peptide_id=30189&scanf=37978&charge=3&value=K.YDGNHIPGSPLQFYVDAINSR.H,FLNC,2.162e+6,3.003,0.004,2.413,0.000
37981,3,"  4.376","  0.526",15/68,/core/www/modules//sdig/index.php?run_id=110202&search_id=114132&scans_id=110198&peptide_id=30193&scanf=37981&charge=3&value=15/68,sp|P43243|MATR3_HUMAN,/core/www/modules//consensus/?run_id=110202&search_id=114132&scans_id=110198&peptide_id=30193&scanf=37981&charge=3&value=sp|P43243|MATR3_HUMAN,3,/core/www/modules/match_peptides/blast_html4.php?run_id=110202&search_id=114132&scans_id=110198&peptide_id=30193&scanf=37981&charge=3&value=3,R.IGPYQPNVPVGIDYVIPK.T,/core/www/modules/show_out/show_out_wrapper.php?run_id=110202&search_id=114132&scans_id=110198&peptide_id=30193&scanf=37981&charge=3&value=R.IGPYQPNVPVGIDYVIPK.T,MATR3,1.838e+7,3.104,0.003,2.561,0.000
37984,2,"  2.664","  0.425",11/26,/core/www/modules//sdig/index.php?run_id=110202&search_id=114132&scans_id=110198&peptide_id=30196&scanf=37984&charge=2&value=11/26,sp|Q9UJX2|CDC23_HUMAN,/core/www/modules//consensus/?run_id=110202&search_id=114132&scans_id=110198&peptide_id=30196&scanf=37984&charge=2&value=sp|Q9UJX2|CDC23_HUMAN,0,/core/www/modules/match_peptides/blast_html4.php?run_id=110202&search_id=114132&scans_id=110198&peptide_id=30196&scanf=37984&charge=2&value=0,R.IENMDTFSNLLYVR.S,/core/www/modules/show_out/show_out_wrapper.php?run_id=110202&search_id=114132&scans_id=110198&peptide_id=30196&scanf=37984&charge=2&value=R.IENMDTFSNLLYVR.S,CDC23,1.152e+6,2.620,0.014,1.849,0.000
37985,3,"  3.675","  0.469",16/68,/core/www/modules//sdig/index.php?run_id=110202&search_id=114132&scans_id=110198&peptide_id=30197&scanf=37985&charge=3&value=16/68,sp|Q8TAT6|NPL4_HUMAN,/core/www/modules//consensus/?run_id=110202&search_id=114132&scans_id=110198&peptide_id=30197&scanf=37985&charge=3&value=sp|Q8TAT6|NPL4_HUMAN,2,/core/www/modules/match_peptides/blast_html4.php?run_id=110202&search_id=114132&scans_id=110198&peptide_id=30197&scanf=37985&charge=3&value=2,K.DPVYTFSISQNPFPIENR.D,/core/www/modules/show_out/show_out_wrapper.php?run_id=110202&search_id=114132&scans_id=110198&peptide_id=30197&scanf=37985&charge=3&value=K.DPVYTFSISQNPFPIENR.D,NPLOC4,3.217e+6,2.864,0.006,2.207,0.000
37987,3,"  3.029","  0.201",13/68,/core/www/modules//sdig/index.php?run_id=110202&search_id=114132&scans_id=110198&peptide_id=30199&scanf=37987&charge=3&value=13/68,sp|P60709|ACTB_HUMAN,/core/www/modules//consensus/?run_id=110202&search_id=114132&scans_id=110198&peptide_id=30199&scanf=37987&charge=3&value=sp|P60709|ACTB_HUMAN,14,/core/www/modules/match_peptides/blast_html4.php?run_id=110202&search_id=114132&scans_id=110198&peptide_id=30199&scanf=37987&charge=3&value=14,R.VAPEEHPVLLTEAPLNPK.A,/core/www/modules/show_out/show_out_wrapper.php?run_id=110202&search_id=114132&scans_id=110198&peptide_id=30199&scanf=37987&charge=3&value=R.VAPEEHPVLLTEAPLNPK.A,ACTB,1.303e+6,2.325,0.038,1.422,0.001
37989,2,"  4.625","  0.698",19/32,/core/www/modules//sdig/index.php?run_id=110202&search_id=114132&scans_id=110198&peptide_id=30200&scanf=37989&charge=2&value=19/32,sp|Q9Y4W2|LAS1L_HUMAN,/core/www/modules//consensus/?run_id=110202&search_id=114132&scans_id=110198&peptide_id=30200&scanf=37989&charge=2&value=sp|Q9Y4W2|LAS1L_HUMAN,6,/core/www/modules/match_peptides/blast_html4.php?run_id=110202&search_id=114132&scans_id=110198&peptide_id=30200&scanf=37989&charge=2&value=6,R.SGNELPLAVASTADLIR.C,/core/www/modules/show_out/show_out_wrapper.php?run_id=110202&search_id=114132&scans_id=110198&peptide_id=30200&scanf=37989&charge=2&value=R.SGNELPLAVASTADLIR.C,LAS1L,9.550e+6,3.743,0.000,3.508,0.000
37993,2,"  3.781","  0.604",17/30,/core/www/modules//sdig/index.php?run_id=110202&search_id=114132&scans_id=110198&peptide_id=30205&scanf=37993&charge=2&value=17/30,sp|Q92785|REQU_HUMAN,/core/www/modules//consensus/?run_id=110202&search_id=114132&scans_id=110198&peptide_id=30205&scanf=37993&charge=2&value=sp|Q92785|REQU_HUMAN,1,/core/www/modules/match_peptides/blast_html4.php?run_id=110202&search_id=114132&scans_id=110198&peptide_id=30205&scanf=37993&charge=2&value=1,K.EGLISQDGSSLEALLR.T,/core/www/modules/show_out/show_out_wrapper.php?run_id=110202&search_id=114132&scans_id=110198&peptide_id=30205&scanf=37993&charge=2&value=K.EGLISQDGSSLEALLR.T,DPF2,1.240e+7,3.403,0.001,3.005,0.000
37995,2,"  2.700","  0.502",14/24,/core/www/modules//sdig/index.php?run_id=110202&search_id=114132&scans_id=110198&peptide_id=30207&scanf=37995&charge=2&value=14/24,sp|Q8NI27|THOC2_HUMAN,/core/www/modules//consensus/?run_id=110202&search_id=114132&scans_id=110198&peptide_id=30207&scanf=37995&charge=2&value=sp|Q8NI27|THOC2_HUMAN,1,/core/www/modules/match_peptides/blast_html4.php?run_id=110202&search_id=114132&scans_id=110198&peptide_id=30207&scanf=37995&charge=2&value=1,R.LDPETLESLGLIK.Q,/core/www/modules/show_out/show_out_wrapper.php?run_id=110202&search_id=114132&scans_id=110198&peptide_id=30207&scanf=37995&charge=2&value=R.LDPETLESLGLIK.Q,THOC2,1.634e+7,3.079,0.003,2.525,0.000
37997,2,"  2.873","  0.621",15/30,/core/www/modules//sdig/index.php?run_id=110202&search_id=114132&scans_id=110198&peptide_id=30209&scanf=37997&charge=2&value=15/30,sp|Q9BTC0|DIDO1_HUMAN,/core/www/modules//consensus/?run_id=110202&search_id=114132&scans_id=110198&peptide_id=30209&scanf=37997&charge=2&value=sp|Q9BTC0|DIDO1_HUMAN,0,/core/www/modules/match_peptides/blast_html4.php?run_id=110202&search_id=114132&scans_id=110198&peptide_id=30209&scanf=37997&charge=2&value=0,K.DLYLIPLSAQDPVPSK.L,/core/www/modules/show_out/show_out_wrapper.php?run_id=110202&search_id=114132&scans_id=110198&peptide_id=30209&scanf=37997&charge=2&value=K.DLYLIPLSAQDPVPSK.L,DIDO1,1.307e+6,3.280,0.002,2.822,0.000
37999,2,"  2.027","  0.462",8/18,/core/www/modules//sdig/index.php?run_id=110202&search_id=114132&scans_id=110198&peptide_id=30211&scanf=37999&charge=2&value=8/18,sp|Q9UGL1|KDM5B_HUMAN,/core/www/modules//consensus/?run_id=110202&search_id=114132&scans_id=110198&peptide_id=30211&scanf=37999&charge=2&value=sp|Q9UGL1|KDM5B_HUMAN,7,/core/www/modules/match_peptides/blast_html4.php?run_id=110202&search_id=114132&scans_id=110198&peptide_id=30211&scanf=37999&charge=2&value=7,K.ILPLLASLQR.I,/core/www/modules/show_out/show_out_wrapper.php?run_id=110202&search_id=114132&scans_id=110198&peptide_id=30211&scanf=37999&charge=2&value=K.ILPLLASLQR.I,KDM5B,1.312e+6,2.854,0.006,2.193,0.000
38010,2,"  1.618","  0.336",11/18,/core/www/modules//sdig/index.php?run_id=110202&search_id=114132&scans_id=110198&peptide_id=30223&scanf=38010&charge=2&value=11/18,sp|P08670|VIME_HUMAN,/core/www/modules//consensus/?run_id=110202&search_id=114132&scans_id=110198&peptide_id=30223&scanf=38010&charge=2&value=sp|P08670|VIME_HUMAN,2,/core/www/modules/match_peptides/blast_html4.php?run_id=110202&search_id=114132&scans_id=110198&peptide_id=30223&scanf=38010&charge=2&value=2,K.ILLAELEQLK.G,/core/www/modules/show_out/show_out_wrapper.php?run_id=110202&search_id=114132&scans_id=110198&peptide_id=30223&scanf=38010&charge=2&value=K.ILLAELEQLK.G,VIM,2.375e+9,3.152,0.002,2.633,0.000
38011,2,"  3.565","  0.661",17/28,/core/www/modules//sdig/index.php?run_id=110202&search_id=114132&scans_id=110198&peptide_id=30224&scanf=38011&charge=2&value=17/28,sp|P78527|PRKDC_HUMAN,/core/www/modules//consensus/?run_id=110202&search_id=114132&scans_id=110198&peptide_id=30224&scanf=38011&charge=2&value=sp|P78527|PRKDC_HUMAN,2,/core/www/modules/match_peptides/blast_html4.php?run_id=110202&search_id=114132&scans_id=110198&peptide_id=30224&scanf=38011&charge=2&value=2,R.SDPGLLTNTMDVFVK.E,/core/www/modules/show_out/show_out_wrapper.php?run_id=110202&search_id=114132&scans_id=110198&peptide_id=30224&scanf=38011&charge=2&value=R.SDPGLLTNTMDVFVK.E,PRKDC,7.207e+7,4.494,0.000,4.621,0.000
38016,2,"  3.498","  0.621",13/28,/core/www/modules//sdig/index.php?run_id=110202&search_id=114132&scans_id=110198&peptide_id=30229&scanf=38016&charge=2&value=13/28,sp|Q9Y6X3|SCC4_HUMAN,/core/www/modules//consensus/?run_id=110202&search_id=114132&scans_id=110198&peptide_id=30229&scanf=38016&charge=2&value=sp|Q9Y6X3|SCC4_HUMAN,0,/core/www/modules/match_peptides/blast_html4.php?run_id=110202&search_id=114132&scans_id=110198&peptide_id=30229&scanf=38016&charge=2&value=0,K.AWLISQQIPQFEDVK.F,/core/www/modules/show_out/show_out_wrapper.php?run_id=110202&search_id=114132&scans_id=110198&peptide_id=30229&scanf=38016&charge=2&value=K.AWLISQQIPQFEDVK.F,MAU2,1.330e+6,3.310,0.001,2.867,0.000
38018,2,"  4.145","  0.315",14/26,/core/www/modules//sdig/index.php?run_id=110202&search_id=114132&scans_id=110198&peptide_id=30231&scanf=38018&charge=2&value=14/26,sp|Q9BXY0|MAK16_HUMAN,/core/www/modules//consensus/?run_id=110202&search_id=114132&scans_id=110198&peptide_id=30231&scanf=38018&charge=2&value=sp|Q9BXY0|MAK16_HUMAN,1,/core/www/modules/match_peptides/blast_html4.php?run_id=110202&search_id=114132&scans_id=110198&peptide_id=30231&scanf=38018&charge=2&value=1,K.ALEQIDENLIYWPR.F,/core/www/modules/show_out/show_out_wrapper.php?run_id=110202&search_id=114132&scans_id=110198&peptide_id=30231&scanf=38018&charge=2&value=K.ALEQIDENLIYWPR.F,MAK16,3.255e+6,2.416,0.028,1.553,0.001
38019,2,"  3.965","  0.436",17/34,/core/www/modules//sdig/index.php?run_id=110202&search_id=114132&scans_id=110198&peptide_id=30232&scanf=38019&charge=2&value=17/34,sp|Q8WUB8|PHF10_HUMAN,/core/www/modules//consensus/?run_id=110202&search_id=114132&scans_id=110198&peptide_id=30232&scanf=38019&charge=2&value=sp|Q8WUB8|PHF10_HUMAN,1,/core/www/modules/match_peptides/blast_html4.php?run_id=110202&search_id=114132&scans_id=110198&peptide_id=30232&scanf=38019&charge=2&value=1,K.VSSYPVALIPGQFQEYYK.R,/core/www/modules/show_out/show_out_wrapper.php?run_id=110202&search_id=114132&scans_id=110198&peptide_id=30232&scanf=38019&charge=2&value=K.VSSYPVALIPGQFQEYYK.R,PHF10,3.632e+6,2.711,0.010,1.982,0.000
38021,2,"  1.575","  0.353",8/16,/core/www/modules//sdig/index.php?run_id=110202&search_id=114132&scans_id=110198&peptide_id=30235&scanf=38021&charge=2&value=8/16,sp|Q8WXH0|SYNE2_HUMAN,/core/www/modules//consensus/?run_id=110202&search_id=114132&scans_id=110198&peptide_id=30235&scanf=38021&charge=2&value=sp|Q8WXH0|SYNE2_HUMAN,3,/core/www/modules/match_peptides/blast_html4.php?run_id=110202&search_id=114132&scans_id=110198&peptide_id=30235&scanf=38021&charge=2&value=3,K.SFLDVLSIK.R,/core/www/modules/show_out/show_out_wrapper.php?run_id=110202&search_id=114132&scans_id=110198&peptide_id=30235&scanf=38021&charge=2&value=K.SFLDVLSIK.R,SYNE2,1.612e+6,2.575,0.016,1.784,0.000
38024,2,"  1.729","  0.343",8/16,/core/www/modules//sdig/index.php?run_id=110202&search_id=114132&scans_id=110198&peptide_id=30238&scanf=38024&charge=2&value=8/16,sp|Q6P9B9|INT5_HUMAN,/core/www/modules//consensus/?run_id=110202&search_id=114132&scans_id=110198&peptide_id=30238&scanf=38024&charge=2&value=sp|Q6P9B9|INT5_HUMAN,0,/core/www/modules/match_peptides/blast_html4.php?run_id=110202&search_id=114132&scans_id=110198&peptide_id=30238&scanf=38024&charge=2&value=0,R.LVPFLDALK.N,/core/www/modules/show_out/show_out_wrapper.php?run_id=110202&search_id=114132&scans_id=110198&peptide_id=30238&scanf=38024&charge=2&value=R.LVPFLDALK.N,INTS5,5.368e+6,2.545,0.018,1.740,0.000
38025,2,"  3.003","  0.551",12/26,/core/www/modules//sdig/index.php?run_id=110202&search_id=114132&scans_id=110198&peptide_id=30239&scanf=38025&charge=2&value=12/26,sp|P04406|G3P_HUMAN,/core/www/modules//consensus/?run_id=110202&search_id=114132&scans_id=110198&peptide_id=30239&scanf=38025&charge=2&value=sp|P04406|G3P_HUMAN,0,/core/www/modules/match_peptides/blast_html4.php?run_id=110202&search_id=114132&scans_id=110198&peptide_id=30239&scanf=38025&charge=2&value=0,K.LVINGNPITIFQER.D,/core/www/modules/show_out/show_out_wrapper.php?run_id=110202&search_id=114132&scans_id=110198&peptide_id=30239&scanf=38025&charge=2&value=K.LVINGNPITIFQER.D,GAPDH,1.274e+6,3.092,0.003,2.545,0.000
38027,3,"  2.862","  0.283",7/76,/core/www/modules//sdig/index.php?run_id=110202&search_id=114132&scans_id=110198&peptide_id=30241&scanf=38027&charge=3&value=7/76,sp|P20618|PSB1_HUMAN,/core/www/modules//consensus/?run_id=110202&search_id=114132&scans_id=110198&peptide_id=30241&scanf=38027&charge=3&value=sp|P20618|PSB1_HUMAN,0,/core/www/modules/match_peptides/blast_html4.php?run_id=110202&search_id=114132&scans_id=110198&peptide_id=30241&scanf=38027&charge=3&value=0,K.AGGSASAMLQPLLDNQVGFK.N,/core/www/modules/show_out/show_out_wrapper.php?run_id=110202&search_id=114132&scans_id=110198&peptide_id=30241&scanf=38027&charge=3&value=K.AGGSASAMLQPLLDNQVGFK.N,PSMB1,4.049e+6,1.867,0.158,0.801,0.008
38028,2,"  2.615","  0.492",11/18,/core/www/modules//sdig/index.php?run_id=110202&search_id=114132&scans_id=110198&peptide_id=30242&scanf=38028&charge=2&value=11/18,sp|O95394|AGM1_HUMAN,/core/www/modules//consensus/?run_id=110202&search_id=114132&scans_id=110198&peptide_id=30242&scanf=38028&charge=2&value=sp|O95394|AGM1_HUMAN,10,/core/www/modules/match_peptides/blast_html4.php?run_id=110202&search_id=114132&scans_id=110198&peptide_id=30242&scanf=38028&charge=2&value=10,K.IATLISSFLK.E,/core/www/modules/show_out/show_out_wrapper.php?run_id=110202&search_id=114132&scans_id=110198&peptide_id=30242&scanf=38028&charge=2&value=K.IATLISSFLK.E,PGM3,2.231e+6,3.191,0.002,2.691,0.000
38031,4,"  7.457","  0.739",34/174,/core/www/modules//sdig/index.php?run_id=110202&search_id=114132&scans_id=110198&peptide_id=30245&scanf=38031&charge=4&value=34/174,sp|P60709|ACTB_HUMAN,/core/www/modules//consensus/?run_id=110202&search_id=114132&scans_id=110198&peptide_id=30245&scanf=38031&charge=4&value=sp|P60709|ACTB_HUMAN,9,/core/www/modules/match_peptides/blast_html4.php?run_id=110202&search_id=114132&scans_id=110198&peptide_id=30245&scanf=38031&charge=4&value=9,R.TTGIVMDSGDGVTHTVPIYEGYALPHAILR.L,/core/www/modules/show_out/show_out_wrapper.php?run_id=110202&search_id=114132&scans_id=110198&peptide_id=30245&scanf=38031&charge=4&value=R.TTGIVMDSGDGVTHTVPIYEGYALPHAILR.L,ACTB,4.315e+8,4.502,0.000,4.633,0.000
38032,2,"  2.045","  0.206",10/16,/core/www/modules//sdig/index.php?run_id=110202&search_id=114132&scans_id=110198&peptide_id=30246&scanf=38032&charge=2&value=10/16,sp|O60814|H2B1K_HUMAN,/core/www/modules//consensus/?run_id=110202&search_id=114132&scans_id=110198&peptide_id=30246&scanf=38032&charge=2&value=sp|O60814|H2B1K_HUMAN,16,/core/www/modules/match_peptides/blast_html4.php?run_id=110202&search_id=114132&scans_id=110198&peptide_id=30246&scanf=38032&charge=2&value=16,R.LLLPGELAK.H,/core/www/modules/show_out/show_out_wrapper.php?run_id=110202&search_id=114132&scans_id=110198&peptide_id=30246&scanf=38032&charge=2&value=R.LLLPGELAK.H,H2BC12,4.487e+9,2.519,0.020,1.702,0.000
38033,3,"  4.917","  0.579",14/56,/core/www/modules//sdig/index.php?run_id=110202&search_id=114132&scans_id=110198&peptide_id=30247&scanf=38033&charge=3&value=14/56,sp|Q14974|IMB1_HUMAN,/core/www/modules//consensus/?run_id=110202&search_id=114132&scans_id=110198&peptide_id=30247&scanf=38033&charge=3&value=sp|Q14974|IMB1_HUMAN,1,/core/www/modules/match_peptides/blast_html4.php?run_id=110202&search_id=114132&scans_id=110198&peptide_id=30247&scanf=38033&charge=3&value=1,K.LAATNALLNSLEFTK.A,/core/www/modules/show_out/show_out_wrapper.php?run_id=110202&search_id=114132&scans_id=110198&peptide_id=30247&scanf=38033&charge=3&value=K.LAATNALLNSLEFTK.A,KPNB1,6.883e+6,3.316,0.001,2.876,0.000
38036,3,"  2.474","  0.566",13/48,/core/www/modules//sdig/index.php?run_id=110202&search_id=114132&scans_id=110198&peptide_id=30250&scanf=38036&charge=3&value=13/48,sp|P60842|IF4A1_HUMAN,/core/www/modules//consensus/?run_id=110202&search_id=114132&scans_id=110198&peptide_id=30250&scanf=38036&charge=3&value=sp|P60842|IF4A1_HUMAN,10,/core/www/modules/match_peptides/blast_html4.php?run_id=110202&search_id=114132&scans_id=110198&peptide_id=30250&scanf=38036&charge=3&value=10,K.MFVLDEADEMLSR.G,/core/www/modules/show_out/show_out_wrapper.php?run_id=110202&search_id=114132&scans_id=110198&peptide_id=30250&scanf=38036&charge=3&value=K.MFVLDEADEMLSR.G,EIF4A1,1.662e+6,3.408,0.001,3.011,0.000
38037,3,"  3.755","  0.523",9/80,/core/www/modules//sdig/index.php?run_id=110202&search_id=114132&scans_id=110198&peptide_id=30251&scanf=38037&charge=3&value=9/80,sp|P60709|ACTB_HUMAN,/core/www/modules//consensus/?run_id=110202&search_id=114132&scans_id=110198&peptide_id=30251&scanf=38037&charge=3&value=sp|P60709|ACTB_HUMAN,6,/core/www/modules/match_peptides/blast_html4.php?run_id=110202&search_id=114132&scans_id=110198&peptide_id=30251&scanf=38037&charge=3&value=6,K.DLYANTVLSGGTTMYPGIADR.M,/core/www/modules/show_out/show_out_wrapper.php?run_id=110202&search_id=114132&scans_id=110198&peptide_id=30251&scanf=38037&charge=3&value=K.DLYANTVLSGGTTMYPGIADR.M,ACTB,1.241e+6,3.157,0.002,2.641,0.000
38038,2,"  3.274","  0.677",13/24,/core/www/modules//sdig/index.php?run_id=110202&search_id=114132&scans_id=110198&peptide_id=30252&scanf=38038&charge=2&value=13/24,sp|P42704|LPPRC_HUMAN,/core/www/modules//consensus/?run_id=110202&search_id=114132&scans_id=110198&peptide_id=30252&scanf=38038&charge=2&value=sp|P42704|LPPRC_HUMAN,17,/core/www/modules/match_peptides/blast_html4.php?run_id=110202&search_id=114132&scans_id=110198&peptide_id=30252&scanf=38038&charge=2&value=17,K.MVFINNIALAQIK.N,/core/www/modules/show_out/show_out_wrapper.php?run_id=110202&search_id=114132&scans_id=110198&peptide_id=30252&scanf=38038&charge=2&value=K.MVFINNIALAQIK.N,LRPPRC,4.795e+6,3.771,0.000,3.549,0.000
38039,2,"  2.430","  0.467",10/20,/core/www/modules//sdig/index.php?run_id=110202&search_id=114132&scans_id=110198&peptide_id=30253&scanf=38039&charge=2&value=10/20,sp|Q6ZRQ5|MMS22_HUMAN,/core/www/modules//consensus/?run_id=110202&search_id=114132&scans_id=110198&peptide_id=30253&scanf=38039&charge=2&value=sp|Q6ZRQ5|MMS22_HUMAN,1,/core/www/modules/match_peptides/blast_html4.php?run_id=110202&search_id=114132&scans_id=110198&peptide_id=30253&scanf=38039&charge=2&value=1,K.LLNDGFSMLLR.A,/core/www/modules/show_out/show_out_wrapper.php?run_id=110202&search_id=114132&scans_id=110198&peptide_id=30253&scanf=38039&charge=2&value=K.LLNDGFSMLLR.A,MMS22L,3.692e+6,2.697,0.011,1.962,0.000
38042,3,"  4.104","  0.636",21/56,/core/www/modules//sdig/index.php?run_id=110202&search_id=114132&scans_id=110198&peptide_id=30257&scanf=38042&charge=3&value=21/56,sp|Q9UBD5|ORC3_HUMAN,/core/www/modules//consensus/?run_id=110202&search_id=114132&scans_id=110198&peptide_id=30257&scanf=38042&charge=3&value=sp|Q9UBD5|ORC3_HUMAN,0,/core/www/modules/match_peptides/blast_html4.php?run_id=110202&search_id=114132&scans_id=110198&peptide_id=30257&scanf=38042&charge=3&value=0,R.AVSELELLGFIKPTK.Q,/core/www/modules/show_out/show_out_wrapper.php?run_id=110202&search_id=114132&scans_id=110198&peptide_id=30257&scanf=38042&charge=3&value=R.AVSELELLGFIKPTK.Q,ORC3,6.642e+6,3.736,0.000,3.498,0.000
38043,2,"  2.922","  0.601",11/20,/core/www/modules//sdig/index.php?run_id=110202&search_id=114132&scans_id=110198&peptide_id=30258&scanf=38043&charge=2&value=11/20,sp|Q9Y6V7|DDX49_HUMAN,/core/www/modules//consensus/?run_id=110202&search_id=114132&scans_id=110198&peptide_id=30258&scanf=38043&charge=2&value=sp|Q9Y6V7|DDX49_HUMAN,3,/core/www/modules/match_peptides/blast_html4.php?run_id=110202&search_id=114132&scans_id=110198&peptide_id=30258&scanf=38043&charge=2&value=3,K.TAAFVLPILQK.L,/core/www/modules/show_out/show_out_wrapper.php?run_id=110202&search_id=114132&scans_id=110198&peptide_id=30258&scanf=38043&charge=2&value=K.TAAFVLPILQK.L,DDX49,1.080e+7,3.502,0.001,3.152,0.000
38046,2,"  2.963","  0.457",13/22,/core/www/modules//sdig/index.php?run_id=110202&search_id=114132&scans_id=110198&peptide_id=30261&scanf=38046&charge=2&value=13/22,sp|P10301|RRAS_HUMAN,/core/www/modules//consensus/?run_id=110202&search_id=114132&scans_id=110198&peptide_id=30261&scanf=38046&charge=2&value=sp|P10301|RRAS_HUMAN,0,/core/www/modules/match_peptides/blast_html4.php?run_id=110202&search_id=114132&scans_id=110198&peptide_id=30261&scanf=38046&charge=2&value=0,R.LNVDEAFEQLVR.A,/core/www/modules/show_out/show_out_wrapper.php?run_id=110202&search_id=114132&scans_id=110198&peptide_id=30261&scanf=38046&charge=2&value=R.LNVDEAFEQLVR.A,RRAS,4.780e+6,3.062,0.003,2.500,0.000
38047,3,"  3.393","  0.620",14/44,/core/www/modules//sdig/index.php?run_id=110202&search_id=114132&scans_id=110198&peptide_id=30262&scanf=38047&charge=3&value=14/44,sp|Q9BTT6|LRRC1_HUMAN,/core/www/modules//consensus/?run_id=110202&search_id=114132&scans_id=110198&peptide_id=30262&scanf=38047&charge=3&value=sp|Q9BTT6|LRRC1_HUMAN,0,/core/www/modules/match_peptides/blast_html4.php?run_id=110202&search_id=114132&scans_id=110198&peptide_id=30262&scanf=38047&charge=3&value=0,R.LLHLPLSLTALK.L,/core/www/modules/show_out/show_out_wrapper.php?run_id=110202&search_id=114132&scans_id=110198&peptide_id=30262&scanf=38047&charge=3&value=R.LLHLPLSLTALK.L,LRRC1,1.549e+6,3.611,0.000,3.313,0.000
38052,3,"  3.273","  0.609",17/96,/core/www/modules//sdig/index.php?run_id=110202&search_id=114132&scans_id=110198&peptide_id=30267&scanf=38052&charge=3&value=17/96,sp|P45974|UBP5_HUMAN,/core/www/modules//consensus/?run_id=110202&search_id=114132&scans_id=110198&peptide_id=30267&scanf=38052&charge=3&value=sp|P45974|UBP5_HUMAN,0,/core/www/modules/match_peptides/blast_html4.php?run_id=110202&search_id=114132&scans_id=110198&peptide_id=30267&scanf=38052&charge=3&value=0,R.GTGLQPGEEELPDIAPPLVTPDEPK.G,/core/www/modules/show_out/show_out_wrapper.php?run_id=110202&search_id=114132&scans_id=110198&peptide_id=30267&scanf=38052&charge=3&value=R.GTGLQPGEEELPDIAPPLVTPDEPK.G,USP5,1.595e+6,2.990,0.004,2.393,0.000
38053,2,"  2.820","  0.493",11/24,/core/www/modules//sdig/index.php?run_id=110202&search_id=114132&scans_id=110198&peptide_id=30268&scanf=38053&charge=2&value=11/24,sp|Q49A26|GLYR1_HUMAN,/core/www/modules//consensus/?run_id=110202&search_id=114132&scans_id=110198&peptide_id=30268&scanf=38053&charge=2&value=sp|Q49A26|GLYR1_HUMAN,2,/core/www/modules/match_peptides/blast_html4.php?run_id=110202&search_id=114132&scans_id=110198&peptide_id=30268&scanf=38053&charge=2&value=2,R.FQQAVDAVEEFLR.R,/core/www/modules/show_out/show_out_wrapper.php?run_id=110202&search_id=114132&scans_id=110198&peptide_id=30268&scanf=38053&charge=2&value=R.FQQAVDAVEEFLR.R,GLYR1,4.015e+6,2.894,0.006,2.252,0.000
38055,2,"  4.626","  0.557",18/32,/core/www/modules//sdig/index.php?run_id=110202&search_id=114132&scans_id=110198&peptide_id=30270&scanf=38055&charge=2&value=18/32,sp|Q9UQE7|SMC3_HUMAN,/core/www/modules//consensus/?run_id=110202&search_id=114132&scans_id=110198&peptide_id=30270&scanf=38055&charge=2&value=sp|Q9UQE7|SMC3_HUMAN,0,/core/www/modules/match_peptides/blast_html4.php?run_id=110202&search_id=114132&scans_id=110198&peptide_id=30270&scanf=38055&charge=2&value=0,K.AELGTDLLSQLSLEDQK.R,/core/www/modules/show_out/show_out_wrapper.php?run_id=110202&search_id=114132&scans_id=110198&peptide_id=30270&scanf=38055&charge=2&value=K.AELGTDLLSQLSLEDQK.R,SMC3,4.910e+6,3.342,0.001,2.914,0.000
38056,2,"  1.793","  0.303",9/20,/core/www/modules//sdig/index.php?run_id=110202&search_id=114132&scans_id=110198&peptide_id=30271&scanf=38056&charge=2&value=9/20,sp|Q14966|ZN638_HUMAN,/core/www/modules//consensus/?run_id=110202&search_id=114132&scans_id=110198&peptide_id=30271&scanf=38056&charge=2&value=sp|Q14966|ZN638_HUMAN,0,/core/www/modules/match_peptides/blast_html4.php?run_id=110202&search_id=114132&scans_id=110198&peptide_id=30271&scanf=38056&charge=2&value=0,K.DEEAIFITLVK.E,/core/www/modules/show_out/show_out_wrapper.php?run_id=110202&search_id=114132&scans_id=110198&peptide_id=30271&scanf=38056&charge=2&value=K.DEEAIFITLVK.E,ZNF638,2.189e+7,2.167,0.063,1.200,0.002
38059,3,"  3.795","  0.568",20/72,/core/www/modules//sdig/index.php?run_id=110202&search_id=114132&scans_id=110198&peptide_id=30274&scanf=38059&charge=3&value=20/72,sp|Q92499|DDX1_HUMAN,/core/www/modules//consensus/?run_id=110202&search_id=114132&scans_id=110198&peptide_id=30274&scanf=38059&charge=3&value=sp|Q92499|DDX1_HUMAN,5,/core/www/modules/match_peptides/blast_html4.php?run_id=110202&search_id=114132&scans_id=110198&peptide_id=30274&scanf=38059&charge=3&value=5,R.GIDIHGVPYVINVTLPDEK.Q,/core/www/modules/show_out/show_out_wrapper.php?run_id=110202&search_id=114132&scans_id=110198&peptide_id=30274&scanf=38059&charge=3&value=R.GIDIHGVPYVINVTLPDEK.Q,DDX1,9.733e+6,3.260,0.002,2.793,0.000
38061,2,"  3.716","  0.559",14/24,/core/www/modules//sdig/index.php?run_id=110202&search_id=114132&scans_id=110198&peptide_id=30277&scanf=38061&charge=2&value=14/24,sp|P25325|THTM_HUMAN,/core/www/modules//consensus/?run_id=110202&search_id=114132&scans_id=110198&peptide_id=30277&scanf=38061&charge=2&value=sp|P25325|THTM_HUMAN,1,/core/www/modules/match_peptides/blast_html4.php?run_id=110202&search_id=114132&scans_id=110198&peptide_id=30277&scanf=38061&charge=2&value=1,R.ALVSAQWVAEALR.A,/core/www/modules/show_out/show_out_wrapper.php?run_id=110202&search_id=114132&scans_id=110198&peptide_id=30277&scanf=38061&charge=2&value=R.ALVSAQWVAEALR.A,MPST,1.650e+6,3.365,0.001,2.948,0.000
38064,3,"  2.206","  0.270",8/76,/core/www/modules//sdig/index.php?run_id=110202&search_id=114132&scans_id=110198&peptide_id=30280&scanf=38064&charge=3&value=8/76,sp|P06241|FYN_HUMAN,/core/www/modules//consensus/?run_id=110202&search_id=114132&scans_id=110198&peptide_id=30280&scanf=38064&charge=3&value=sp|P06241|FYN_HUMAN,0,/core/www/modules/match_peptides/blast_html4.php?run_id=110202&search_id=114132&scans_id=110198&peptide_id=30280&scanf=38064&charge=3&value=0,K.TLKPGTMSPESFLEEAQIMK.K,/core/www/modules/show_out/show_out_wrapper.php?run_id=110202&search_id=114132&scans_id=110198&peptide_id=30280&scanf=38064&charge=3&value=K.TLKPGTMSPESFLEEAQIMK.K,FYN,1.090e+6,1.855,0.164,0.786,0.009
38071,2,"  2.022","  0.423",10/16,/core/www/modules//sdig/index.php?run_id=110202&search_id=114132&scans_id=110198&peptide_id=30288&scanf=38071&charge=2&value=10/16,sp|Q86XI2|CNDG2_HUMAN,/core/www/modules//consensus/?run_id=110202&search_id=114132&scans_id=110198&peptide_id=30288&scanf=38071&charge=2&value=sp|Q86XI2|CNDG2_HUMAN,1,/core/www/modules/match_peptides/blast_html4.php?run_id=110202&search_id=114132&scans_id=110198&peptide_id=30288&scanf=38071&charge=2&value=1,R.VAFVDMLLK.I,/core/www/modules/show_out/show_out_wrapper.php?run_id=110202&search_id=114132&scans_id=110198&peptide_id=30288&scanf=38071&charge=2&value=R.VAFVDMLLK.I,NCAPG2,3.599e+6,3.010,0.004,2.423,0.000
38074,4," 13.220","  0.815",43/198,/core/www/modules//sdig/index.php?run_id=110202&search_id=114132&scans_id=110198&peptide_id=30290&scanf=38074&charge=4&value=43/198,sp|P08670|VIME_HUMAN,/core/www/modules//consensus/?run_id=110202&search_id=114132&scans_id=110198&peptide_id=30290&scanf=38074&charge=4&value=sp|P08670|VIME_HUMAN,2,/core/www/modules/match_peptides/blast_html4.php?run_id=110202&search_id=114132&scans_id=110198&peptide_id=30290&scanf=38074&charge=4&value=2,K.LHEEEIQELQAQIQEQHVQIDVDVSKPDLTAALR.D,/core/www/modules/show_out/show_out_wrapper.php?run_id=110202&search_id=114132&scans_id=110198&peptide_id=30290&scanf=38074&charge=4&value=K.LHEEEIQELQAQIQEQHVQIDVDVSKPDLTAALR.D,VIM,4.536e+6,4.846,0.000,5.144,0.000
38075,2,"  3.119","  0.561",13/24,/core/www/modules//sdig/index.php?run_id=110202&search_id=114132&scans_id=110198&peptide_id=30291&scanf=38075&charge=2&value=13/24,sp|P42704|LPPRC_HUMAN,/core/www/modules//consensus/?run_id=110202&search_id=114132&scans_id=110198&peptide_id=30291&scanf=38075&charge=2&value=sp|P42704|LPPRC_HUMAN,17,/core/www/modules/match_peptides/blast_html4.php?run_id=110202&search_id=114132&scans_id=110198&peptide_id=30291&scanf=38075&charge=2&value=17,K.MVFINNIALAQIK.N,/core/www/modules/show_out/show_out_wrapper.php?run_id=110202&search_id=114132&scans_id=110198&peptide_id=30291&scanf=38075&charge=2&value=K.MVFINNIALAQIK.N,LRPPRC,4.795e+6,3.384,0.001,2.977,0.000
38076,4,"  2.313","  0.365",12/198,/core/www/modules//sdig/index.php?run_id=110202&search_id=114132&scans_id=110198&peptide_id=30292&scanf=38076&charge=4&value=12/198,sp|Q9NQC3|RTN4_HUMAN,/core/www/modules//consensus/?run_id=110202&search_id=114132&scans_id=110198&peptide_id=30292&scanf=38076&charge=4&value=sp|Q9NQC3|RTN4_HUMAN,0,/core/www/modules/match_peptides/blast_html4.php?run_id=110202&search_id=114132&scans_id=110198&peptide_id=30292&scanf=38076&charge=4&value=0,R.KPAAGLSAAPVPTAPAAGAPLM*DFGNDFVPPAPR.G,/core/www/modules/show_out/show_out_wrapper.php?run_id=110202&search_id=114132&scans_id=110198&peptide_id=30292&scanf=38076&charge=4&value=R.KPAAGLSAAPVPTAPAAGAPLM*DFGNDFVPPAPR.G,RTN4,7.934e+5,2.111,0.075,1.122,0.002
38080,3,"  3.333","  0.523",14/72,/core/www/modules//sdig/index.php?run_id=110202&search_id=114132&scans_id=110198&peptide_id=30297&scanf=38080&charge=3&value=14/72,sp|O94906|PRP6_HUMAN,/core/www/modules//consensus/?run_id=110202&search_id=114132&scans_id=110198&peptide_id=30297&scanf=38080&charge=3&value=sp|O94906|PRP6_HUMAN,0,/core/www/modules/match_peptides/blast_html4.php?run_id=110202&search_id=114132&scans_id=110198&peptide_id=30297&scanf=38080&charge=3&value=0,K.LAEVTEEEWLSIPEVGDAR.N,/core/www/modules/show_out/show_out_wrapper.php?run_id=110202&search_id=114132&scans_id=110198&peptide_id=30297&scanf=38080&charge=3&value=K.LAEVTEEEWLSIPEVGDAR.N,PRPF6,2.725e+6,3.030,0.004,2.452,0.000
38084,2,"  4.430","  0.337",19/34,/core/www/modules//sdig/index.php?run_id=110202&search_id=114132&scans_id=110198&peptide_id=30301&scanf=38084&charge=2&value=19/34,sp|Q92499|DDX1_HUMAN,/core/www/modules//consensus/?run_id=110202&search_id=114132&scans_id=110198&peptide_id=30301&scanf=38084&charge=2&value=sp|Q92499|DDX1_HUMAN,6,/core/www/modules/match_peptides/blast_html4.php?run_id=110202&search_id=114132&scans_id=110198&peptide_id=30301&scanf=38084&charge=2&value=6,K.GHVDILAPTVQELAALEK.E,/core/www/modules/show_out/show_out_wrapper.php?run_id=110202&search_id=114132&scans_id=110198&peptide_id=30301&scanf=38084&charge=2&value=K.GHVDILAPTVQELAALEK.E,DDX1,1.542e+6,2.404,0.029,1.536,0.001
38086,2,"  2.457","  0.454",12/22,/core/www/modules//sdig/index.php?run_id=110202&search_id=114132&scans_id=110198&peptide_id=30303&scanf=38086&charge=2&value=12/22,sp|Q92552|RT27_HUMAN,/core/www/modules//consensus/?run_id=110202&search_id=114132&scans_id=110198&peptide_id=30303&scanf=38086&charge=2&value=sp|Q92552|RT27_HUMAN,9,/core/www/modules/match_peptides/blast_html4.php?run_id=110202&search_id=114132&scans_id=110198&peptide_id=30303&scanf=38086&charge=2&value=9,R.NFGASLLLPGLK.Q,/core/www/modules/show_out/show_out_wrapper.php?run_id=110202&search_id=114132&scans_id=110198&peptide_id=30303&scanf=38086&charge=2&value=R.NFGASLLLPGLK.Q,MRPS27,3.395e+6,2.892,0.006,2.249,0.000
38087,2,"  2.549","  0.000",10/20,/core/www/modules//sdig/index.php?run_id=110202&search_id=114132&scans_id=110198&peptide_id=30304&scanf=38087&charge=2&value=10/20,sp|Q8N3U4|STAG2_HUMAN,/core/www/modules//consensus/?run_id=110202&search_id=114132&scans_id=110198&peptide_id=30304&scanf=38087&charge=2&value=sp|Q8N3U4|STAG2_HUMAN,1,/core/www/modules/match_peptides/blast_html4.php?run_id=110202&search_id=114132&scans_id=110198&peptide_id=30304&scanf=38087&charge=2&value=1,R.FALTFGLDQLK.T,/core/www/modules/show_out/show_out_wrapper.php?run_id=110202&search_id=114132&scans_id=110198&peptide_id=30304&scanf=38087&charge=2&value=R.FALTFGLDQLK.T,STAG2,2.745e+6,3.128,0.003,2.598,0.000
38089,4,"  2.558","  0.298",13/132,/core/www/modules//sdig/index.php?run_id=110202&search_id=114132&scans_id=110198&peptide_id=30306&scanf=38089&charge=4&value=13/132,sp|Q9NWT1|PK1IP_HUMAN,/core/www/modules//consensus/?run_id=110202&search_id=114132&scans_id=110198&peptide_id=30306&scanf=38089&charge=4&value=sp|Q9NWT1|PK1IP_HUMAN,0,/core/www/modules/match_peptides/blast_html4.php?run_id=110202&search_id=114132&scans_id=110198&peptide_id=30306&scanf=38089&charge=4&value=0,K.DMFSFEIPEHHVIVSASSDGFIK.M,/core/www/modules/show_out/show_out_wrapper.php?run_id=110202&search_id=114132&scans_id=110198&peptide_id=30306&scanf=38089&charge=4&value=K.DMFSFEIPEHHVIVSASSDGFIK.M,PAK1IP1,7.199e+5,2.346,0.035,1.451,0.001
38094,2,"  2.713","  0.478",12/20,/core/www/modules//sdig/index.php?run_id=110202&search_id=114132&scans_id=110198&peptide_id=30311&scanf=38094&charge=2&value=12/20,sp|O43396|TXNL1_HUMAN,/core/www/modules//consensus/?run_id=110202&search_id=114132&scans_id=110198&peptide_id=30311&scanf=38094&charge=2&value=sp|O43396|TXNL1_HUMAN,2,/core/www/modules/match_peptides/blast_html4.php?run_id=110202&search_id=114132&scans_id=110198&peptide_id=30311&scanf=38094&charge=2&value=2,K.GYMDLMPFINK.A,/core/www/modules/show_out/show_out_wrapper.php?run_id=110202&search_id=114132&scans_id=110198&peptide_id=30311&scanf=38094&charge=2&value=K.GYMDLMPFINK.A,TXNL1,1.191e+7,3.170,0.002,2.659,0.000
38095,4,"  5.060","  0.580",22/114,/core/www/modules//sdig/index.php?run_id=110202&search_id=114132&scans_id=110198&peptide_id=30312&scanf=38095&charge=4&value=22/114,sp|Q7L2H7|EIF3M_HUMAN,/core/www/modules//consensus/?run_id=110202&search_id=114132&scans_id=110198&peptide_id=30312&scanf=38095&charge=4&value=sp|Q7L2H7|EIF3M_HUMAN,2,/core/www/modules/match_peptides/blast_html4.php?run_id=110202&search_id=114132&scans_id=110198&peptide_id=30312&scanf=38095&charge=4&value=2,R.ALKDPNAFLFDHLLTLKPVK.F,/core/www/modules/show_out/show_out_wrapper.php?run_id=110202&search_id=114132&scans_id=110198&peptide_id=30312&scanf=38095&charge=4&value=R.ALKDPNAFLFDHLLTLKPVK.F,EIF3M,2.831e+6,3.292,0.001,2.840,0.000
38096,2,"  1.564","  0.258",7/18,/core/www/modules//sdig/index.php?run_id=110202&search_id=114132&scans_id=110198&peptide_id=30313&scanf=38096&charge=2&value=7/18,sp|Q92556|ELMO1_HUMAN,/core/www/modules//consensus/?run_id=110202&search_id=114132&scans_id=110198&peptide_id=30313&scanf=38096&charge=2&value=sp|Q92556|ELMO1_HUMAN,4,/core/www/modules/match_peptides/blast_html4.php?run_id=110202&search_id=114132&scans_id=110198&peptide_id=30313&scanf=38096&charge=2&value=4,K.IQPEILELIK.Q,/core/www/modules/show_out/show_out_wrapper.php?run_id=110202&search_id=114132&scans_id=110198&peptide_id=30313&scanf=38096&charge=2&value=K.IQPEILELIK.Q,ELMO1,4.666e+6,2.062,0.088,1.055,0.004
38097,2,"  2.421","  0.406",11/24,/core/www/modules//sdig/index.php?run_id=110202&search_id=114132&scans_id=110198&peptide_id=30314&scanf=38097&charge=2&value=11/24,sp|P54819|KAD2_HUMAN,/core/www/modules//consensus/?run_id=110202&search_id=114132&scans_id=110198&peptide_id=30314&scanf=38097&charge=2&value=sp|P54819|KAD2_HUMAN,4,/core/www/modules/match_peptides/blast_html4.php?run_id=110202&search_id=114132&scans_id=110198&peptide_id=30314&scanf=38097&charge=2&value=4,K.LVSDEMVVELIEK.N,/core/www/modules/show_out/show_out_wrapper.php?run_id=110202&search_id=114132&scans_id=110198&peptide_id=30314&scanf=38097&charge=2&value=K.LVSDEMVVELIEK.N,AK2,1.028e+7,2.593,0.016,1.809,0.000
38100,2,"  2.652","  0.600",14/28,/core/www/modules//sdig/index.php?run_id=110202&search_id=114132&scans_id=110198&peptide_id=30318&scanf=38100&charge=2&value=14/28,sp|Q9BUF5|TBB6_HUMAN,/core/www/modules//consensus/?run_id=110202&search_id=114132&scans_id=110198&peptide_id=30318&scanf=38100&charge=2&value=sp|Q9BUF5|TBB6_HUMAN,1,/core/www/modules/match_peptides/blast_html4.php?run_id=110202&search_id=114132&scans_id=110198&peptide_id=30318&scanf=38100&charge=2&value=1,R.ALTVPELTQQMFDAR.N,/core/www/modules/show_out/show_out_wrapper.php?run_id=110202&search_id=114132&scans_id=110198&peptide_id=30318&scanf=38100&charge=2&value=R.ALTVPELTQQMFDAR.N,TUBB6,4.451e+6,3.286,0.001,2.831,0.000
38101,4,"  3.486","  0.661",18/102,/core/www/modules//sdig/index.php?run_id=110202&search_id=114132&scans_id=110198&peptide_id=30319&scanf=38101&charge=4&value=18/102,sp|Q9NYF8|BCLF1_HUMAN,/core/www/modules//consensus/?run_id=110202&search_id=114132&scans_id=110198&peptide_id=30319&scanf=38101&charge=4&value=sp|Q9NYF8|BCLF1_HUMAN,6,/core/www/modules/match_peptides/blast_html4.php?run_id=110202&search_id=114132&scans_id=110198&peptide_id=30319&scanf=38101&charge=4&value=6,K.STSESFIQHIVSLVHHVK.E,/core/www/modules/show_out/show_out_wrapper.php?run_id=110202&search_id=114132&scans_id=110198&peptide_id=30319&scanf=38101&charge=4&value=K.STSESFIQHIVSLVHHVK.E,BCLAF1,2.326e+6,3.834,0.000,3.643,0.000
38102,2,"  3.413","  0.424",13/18,/core/www/modules//sdig/index.php?run_id=110202&search_id=114132&scans_id=110198&peptide_id=30320&scanf=38102&charge=2&value=13/18,sp|P62249|RS16_HUMAN,/core/www/modules//consensus/?run_id=110202&search_id=114132&scans_id=110198&peptide_id=30320&scanf=38102&charge=2&value=sp|P62249|RS16_HUMAN,5,/core/www/modules/match_peptides/blast_html4.php?run_id=110202&search_id=114132&scans_id=110198&peptide_id=30320&scanf=38102&charge=2&value=5,K.LLEPVLLLGK.E,/core/www/modules/show_out/show_out_wrapper.php?run_id=110202&search_id=114132&scans_id=110198&peptide_id=30320&scanf=38102&charge=2&value=K.LLEPVLLLGK.E,RPS16,3.647e+8,3.255,0.002,2.785,0.000
38104,2,"  2.668","  0.423",12/22,/core/www/modules//sdig/index.php?run_id=110202&search_id=114132&scans_id=110198&peptide_id=30322&scanf=38104&charge=2&value=12/22,sp|P62805|H4_HUMAN,/core/www/modules//consensus/?run_id=110202&search_id=114132&scans_id=110198&peptide_id=30322&scanf=38104&charge=2&value=sp|P62805|H4_HUMAN,0,/core/www/modules/match_peptides/blast_html4.php?run_id=110202&search_id=114132&scans_id=110198&peptide_id=30322&scanf=38104&charge=2&value=0,K.TVTAMDVVYALK.R,/core/www/modules/show_out/show_out_wrapper.php?run_id=110202&search_id=114132&scans_id=110198&peptide_id=30322&scanf=38104&charge=2&value=K.TVTAMDVVYALK.R,H4C16,1.523e+6,2.956,0.005,2.343,0.000
38107,2,"  3.521","  0.711",17/36,/core/www/modules//sdig/index.php?run_id=110202&search_id=114132&scans_id=110198&peptide_id=30325&scanf=38107&charge=2&value=17/36,sp|Q6KC79|NIPBL_HUMAN,/core/www/modules//consensus/?run_id=110202&search_id=114132&scans_id=110198&peptide_id=30325&scanf=38107&charge=2&value=sp|Q6KC79|NIPBL_HUMAN,1,/core/www/modules/match_peptides/blast_html4.php?run_id=110202&search_id=114132&scans_id=110198&peptide_id=30325&scanf=38107&charge=2&value=1,K.EMGDVSSGMSSSIMQLYLK.Q,/core/www/modules/show_out/show_out_wrapper.php?run_id=110202&search_id=114132&scans_id=110198&peptide_id=30325&scanf=38107&charge=2&value=K.EMGDVSSGMSSSIMQLYLK.Q,NIPBL,1.004e+6,3.464,0.001,3.094,0.000
38112,2,"  2.251","  0.446",8/16,/core/www/modules//sdig/index.php?run_id=110202&search_id=114132&scans_id=110198&peptide_id=30331&scanf=38112&charge=2&value=8/16,sp|Q8WYA6|CTBL1_HUMAN,/core/www/modules//consensus/?run_id=110202&search_id=114132&scans_id=110198&peptide_id=30331&scanf=38112&charge=2&value=sp|Q8WYA6|CTBL1_HUMAN,1,/core/www/modules/match_peptides/blast_html4.php?run_id=110202&search_id=114132&scans_id=110198&peptide_id=30331&scanf=38112&charge=2&value=1,K.RILGLLENF.-,/core/www/modules/show_out/show_out_wrapper.php?run_id=110202&search_id=114132&scans_id=110198&peptide_id=30331&scanf=38112&charge=2&value=K.RILGLLENF.-,CTNNBL1,1.433e+6,2.674,0.012,1.928,0.000
38123,2,"  1.780","  0.437",11/20,/core/www/modules//sdig/index.php?run_id=110202&search_id=114132&scans_id=110198&peptide_id=30342&scanf=38123&charge=2&value=11/20,sp|Q96P16|RPR1A_HUMAN,/core/www/modules//consensus/?run_id=110202&search_id=114132&scans_id=110198&peptide_id=30342&scanf=38123&charge=2&value=sp|Q96P16|RPR1A_HUMAN,1,/core/www/modules/match_peptides/blast_html4.php?run_id=110202&search_id=114132&scans_id=110198&peptide_id=30342&scanf=38123&charge=2&value=1,K.DFAPVIVEAFK.H,/core/www/modules/show_out/show_out_wrapper.php?run_id=110202&search_id=114132&scans_id=110198&peptide_id=30342&scanf=38123&charge=2&value=K.DFAPVIVEAFK.H,RPRD1A,3.642e+6,2.720,0.010,1.995,0.000
38124,4,"  3.197","  0.416",13/144,/core/www/modules//sdig/index.php?run_id=110202&search_id=114132&scans_id=110198&peptide_id=30343&scanf=38124&charge=4&value=13/144,sp|Q6PL18|ATAD2_HUMAN,/core/www/modules//consensus/?run_id=110202&search_id=114132&scans_id=110198&peptide_id=30343&scanf=38124&charge=4&value=sp|Q6PL18|ATAD2_HUMAN,1,/core/www/modules/match_peptides/blast_html4.php?run_id=110202&search_id=114132&scans_id=110198&peptide_id=30343&scanf=38124&charge=4&value=1,R.ILIVGEPGFGQGSHLAPAVIHALEK.F,/core/www/modules/show_out/show_out_wrapper.php?run_id=110202&search_id=114132&scans_id=110198&peptide_id=30343&scanf=38124&charge=4&value=R.ILIVGEPGFGQGSHLAPAVIHALEK.F,ATAD2,7.523e+6,2.611,0.015,1.836,0.000
38134,3,"  2.205","  0.314",11/60,/core/www/modules//sdig/index.php?run_id=110202&search_id=114132&scans_id=110198&peptide_id=30354&scanf=38134&charge=3&value=11/60,sp|A5YKK6|CNOT1_HUMAN,/core/www/modules//consensus/?run_id=110202&search_id=114132&scans_id=110198&peptide_id=30354&scanf=38134&charge=3&value=sp|A5YKK6|CNOT1_HUMAN,0,/core/www/modules/match_peptides/blast_html4.php?run_id=110202&search_id=114132&scans_id=110198&peptide_id=30354&scanf=38134&charge=3&value=0,K.NLALDINELKPGNLLK.D,/core/www/modules/show_out/show_out_wrapper.php?run_id=110202&search_id=114132&scans_id=110198&peptide_id=30354&scanf=38134&charge=3&value=K.NLALDINELKPGNLLK.D,CNOT1,1.977e+6,2.267,0.046,1.339,0.002
38136,4,"  4.393","  0.578",18/132,/core/www/modules//sdig/index.php?run_id=110202&search_id=114132&scans_id=110198&peptide_id=30355&scanf=38136&charge=4&value=18/132,sp|P55072|TERA_HUMAN,/core/www/modules//consensus/?run_id=110202&search_id=114132&scans_id=110198&peptide_id=30355&scanf=38136&charge=4&value=sp|P55072|TERA_HUMAN,7,/core/www/modules/match_peptides/blast_html4.php?run_id=110202&search_id=114132&scans_id=110198&peptide_id=30355&scanf=38136&charge=4&value=7,K.NVFIIGATNRPDIIDPAILRPGR.L,/core/www/modules/show_out/show_out_wrapper.php?run_id=110202&search_id=114132&scans_id=110198&peptide_id=30355&scanf=38136&charge=4&value=K.NVFIIGATNRPDIIDPAILRPGR.L,VCP,1.307e+7,3.533,0.001,3.197,0.000
38139,3,"  3.871","  0.579",14/64,/core/www/modules//sdig/index.php?run_id=110202&search_id=114132&scans_id=110198&peptide_id=30358&scanf=38139&charge=3&value=14/64,sp|Q9NU22|MDN1_HUMAN,/core/www/modules//consensus/?run_id=110202&search_id=114132&scans_id=110198&peptide_id=30358&scanf=38139&charge=3&value=sp|Q9NU22|MDN1_HUMAN,0,/core/www/modules/match_peptides/blast_html4.php?run_id=110202&search_id=114132&scans_id=110198&peptide_id=30358&scanf=38139&charge=3&value=0,K.LLEDDFWADVSTLHVQK.I,/core/www/modules/show_out/show_out_wrapper.php?run_id=110202&search_id=114132&scans_id=110198&peptide_id=30358&scanf=38139&charge=3&value=K.LLEDDFWADVSTLHVQK.I,MDN1,4.257e+6,3.503,0.001,3.153,0.000
38141,2,"  3.328","  0.471",11/24,/core/www/modules//sdig/index.php?run_id=110202&search_id=114132&scans_id=110198&peptide_id=30360&scanf=38141&charge=2&value=11/24,sp|Q86Y07|VRK2_HUMAN,/core/www/modules//consensus/?run_id=110202&search_id=114132&scans_id=110198&peptide_id=30360&scanf=38141&charge=2&value=sp|Q86Y07|VRK2_HUMAN,0,/core/www/modules/match_peptides/blast_html4.php?run_id=110202&search_id=114132&scans_id=110198&peptide_id=30360&scanf=38141&charge=2&value=0,K.TNLLDELPQSVLK.W,/core/www/modules/show_out/show_out_wrapper.php?run_id=110202&search_id=114132&scans_id=110198&peptide_id=30360&scanf=38141&charge=2&value=K.TNLLDELPQSVLK.W,VRK2,1.301e+6,2.887,0.006,2.242,0.000
38147,2,"  2.006","  0.557",11/20,/core/www/modules//sdig/index.php?run_id=110202&search_id=114132&scans_id=110198&peptide_id=30366&scanf=38147&charge=2&value=11/20,sp|Q96P16|RPR1A_HUMAN,/core/www/modules//consensus/?run_id=110202&search_id=114132&scans_id=110198&peptide_id=30366&scanf=38147&charge=2&value=sp|Q96P16|RPR1A_HUMAN,1,/core/www/modules/match_peptides/blast_html4.php?run_id=110202&search_id=114132&scans_id=110198&peptide_id=30366&scanf=38147&charge=2&value=1,K.DFAPVIVEAFK.H,/core/www/modules/show_out/show_out_wrapper.php?run_id=110202&search_id=114132&scans_id=110198&peptide_id=30366&scanf=38147&charge=2&value=K.DFAPVIVEAFK.H,RPRD1A,3.642e+6,3.199,0.002,2.702,0.000
38150,3,"  1.593","  0.373",16/48,/core/www/modules//sdig/index.php?run_id=110202&search_id=114132&scans_id=110198&peptide_id=30370&scanf=38150&charge=3&value=16/48,sp|Q9Y4R8|TELO2_HUMAN,/core/www/modules//consensus/?run_id=110202&search_id=114132&scans_id=110198&peptide_id=30370&scanf=38150&charge=3&value=sp|Q9Y4R8|TELO2_HUMAN,1,/core/www/modules/match_peptides/blast_html4.php?run_id=110202&search_id=114132&scans_id=110198&peptide_id=30370&scanf=38150&charge=3&value=1,R.LSPAWLELLPHGR.L,/core/www/modules/show_out/show_out_wrapper.php?run_id=110202&search_id=114132&scans_id=110198&peptide_id=30370&scanf=38150&charge=3&value=R.LSPAWLELLPHGR.L,TELO2,1.208e+6,2.711,0.010,1.982,0.000
38157,3,"  2.330","  0.371",9/64,/core/www/modules//sdig/index.php?run_id=110202&search_id=114132&scans_id=110198&peptide_id=30376&scanf=38157&charge=3&value=9/64,sp|Q9HAV4|XPO5_HUMAN,/core/www/modules//consensus/?run_id=110202&search_id=114132&scans_id=110198&peptide_id=30376&scanf=38157&charge=3&value=sp|Q9HAV4|XPO5_HUMAN,0,/core/www/modules/match_peptides/blast_html4.php?run_id=110202&search_id=114132&scans_id=110198&peptide_id=30376&scanf=38157&charge=3&value=0,R.VLSDVDAFIAYVGTDQK.S,/core/www/modules/show_out/show_out_wrapper.php?run_id=110202&search_id=114132&scans_id=110198&peptide_id=30376&scanf=38157&charge=3&value=R.VLSDVDAFIAYVGTDQK.S,XPO5,4.902e+6,2.204,0.056,1.251,0.002
38158,2,"  2.378","  0.387",12/20,/core/www/modules//sdig/index.php?run_id=110202&search_id=114132&scans_id=110198&peptide_id=30377&scanf=38158&charge=2&value=12/20,sp|Q9HAV7|GRPE1_HUMAN,/core/www/modules//consensus/?run_id=110202&search_id=114132&scans_id=110198&peptide_id=30377&scanf=38158&charge=2&value=sp|Q9HAV7|GRPE1_HUMAN,0,/core/www/modules/match_peptides/blast_html4.php?run_id=110202&search_id=114132&scans_id=110198&peptide_id=30377&scanf=38158&charge=2&value=0,K.DLLEVADVLEK.A,/core/www/modules/show_out/show_out_wrapper.php?run_id=110202&search_id=114132&scans_id=110198&peptide_id=30377&scanf=38158&charge=2&value=K.DLLEVADVLEK.A,GRPEL1,5.901e+6,2.827,0.007,2.153,0.000
38164,3,"  3.476","  0.547",13/72,/core/www/modules//sdig/index.php?run_id=110202&search_id=114132&scans_id=110198&peptide_id=30384&scanf=38164&charge=3&value=13/72,sp|Q9H4A6|GOLP3_HUMAN,/core/www/modules//consensus/?run_id=110202&search_id=114132&scans_id=110198&peptide_id=30384&scanf=38164&charge=3&value=sp|Q9H4A6|GOLP3_HUMAN,0,/core/www/modules/match_peptides/blast_html4.php?run_id=110202&search_id=114132&scans_id=110198&peptide_id=30384&scanf=38164&charge=3&value=0,K.QNFLLFDMTTHPLTNNNIK.Q,/core/www/modules/show_out/show_out_wrapper.php?run_id=110202&search_id=114132&scans_id=110198&peptide_id=30384&scanf=38164&charge=3&value=K.QNFLLFDMTTHPLTNNNIK.Q,GOLPH3,2.341e+6,3.004,0.004,2.414,0.000
38167,3,"  4.148","  0.644",22/92,/core/www/modules//sdig/index.php?run_id=110202&search_id=114132&scans_id=110198&peptide_id=30387&scanf=38167&charge=3&value=22/92,sp|Q1KMD3|HNRL2_HUMAN,/core/www/modules//consensus/?run_id=110202&search_id=114132&scans_id=110198&peptide_id=30387&scanf=38167&charge=3&value=sp|Q1KMD3|HNRL2_HUMAN,1,/core/www/modules/match_peptides/blast_html4.php?run_id=110202&search_id=114132&scans_id=110198&peptide_id=30387&scanf=38167&charge=3&value=1,R.VGWSVDFSRPQLGEDEFSYGFDGR.G,/core/www/modules/show_out/show_out_wrapper.php?run_id=110202&search_id=114132&scans_id=110198&peptide_id=30387&scanf=38167&charge=3&value=R.VGWSVDFSRPQLGEDEFSYGFDGR.G,HNRNPUL2,2.238e+6,3.248,0.002,2.775,0.000
38174,2,"  3.498","  0.486",14/36,/core/www/modules//sdig/index.php?run_id=110202&search_id=114132&scans_id=110198&peptide_id=30395&scanf=38174&charge=2&value=14/36,sp|P06576|ATPB_HUMAN,/core/www/modules//consensus/?run_id=110202&search_id=114132&scans_id=110198&peptide_id=30395&scanf=38174&charge=2&value=sp|P06576|ATPB_HUMAN,1,/core/www/modules/match_peptides/blast_html4.php?run_id=110202&search_id=114132&scans_id=110198&peptide_id=30395&scanf=38174&charge=2&value=1,R.AIAELGIYPAVDPLDSTSR.I,/core/www/modules/show_out/show_out_wrapper.php?run_id=110202&search_id=114132&scans_id=110198&peptide_id=30395&scanf=38174&charge=2&value=R.AIAELGIYPAVDPLDSTSR.I,ATP5F1B,1.034e+7,2.686,0.011,1.946,0.000
38181,2,"  1.990","  0.442",9/16,/core/www/modules//sdig/index.php?run_id=110202&search_id=114132&scans_id=110198&peptide_id=30402&scanf=38181&charge=2&value=9/16,sp|Q9Y4B6|DCAF1_HUMAN,/core/www/modules//consensus/?run_id=110202&search_id=114132&scans_id=110198&peptide_id=30402&scanf=38181&charge=2&value=sp|Q9Y4B6|DCAF1_HUMAN,0,/core/www/modules/match_peptides/blast_html4.php?run_id=110202&search_id=114132&scans_id=110198&peptide_id=30402&scanf=38181&charge=2&value=0,K.VLLSLLSIK.M,/core/www/modules/show_out/show_out_wrapper.php?run_id=110202&search_id=114132&scans_id=110198&peptide_id=30402&scanf=38181&charge=2&value=K.VLLSLLSIK.M,DCAF1,2.472e+6,2.992,0.004,2.397,0.000
38186,3,"  3.235","  0.532",16/44,/core/www/modules//sdig/index.php?run_id=110202&search_id=114132&scans_id=110198&peptide_id=30407&scanf=38186&charge=3&value=16/44,sp|Q9UBB9|TFP11_HUMAN,/core/www/modules//consensus/?run_id=110202&search_id=114132&scans_id=110198&peptide_id=30407&scanf=38186&charge=3&value=sp|Q9UBB9|TFP11_HUMAN,0,/core/www/modules/match_peptides/blast_html4.php?run_id=110202&search_id=114132&scans_id=110198&peptide_id=30407&scanf=38186&charge=3&value=0,R.DMVVNLFHELEK.M,/core/www/modules/show_out/show_out_wrapper.php?run_id=110202&search_id=114132&scans_id=110198&peptide_id=30407&scanf=38186&charge=3&value=R.DMVVNLFHELEK.M,TFIP11,7.405e+6,3.434,0.001,3.051,0.000
38187,3,"  1.872","  0.351",6/68,/core/www/modules//sdig/index.php?run_id=110202&search_id=114132&scans_id=110198&peptide_id=30408&scanf=38187&charge=3&value=6/68,sp|P11310|ACADM_HUMAN,/core/www/modules//consensus/?run_id=110202&search_id=114132&scans_id=110198&peptide_id=30408&scanf=38187&charge=3&value=sp|P11310|ACADM_HUMAN,6,/core/www/modules/match_peptides/blast_html4.php?run_id=110202&search_id=114132&scans_id=110198&peptide_id=30408&scanf=38187&charge=3&value=6,K.AFTGFIVEADTPGIQIGR.K,/core/www/modules/show_out/show_out_wrapper.php?run_id=110202&search_id=114132&scans_id=110198&peptide_id=30408&scanf=38187&charge=3&value=K.AFTGFIVEADTPGIQIGR.K,ACADM,1.761e+6,2.004,0.105,0.978,0.005
38195,3,"  2.456","  0.391",14/76,/core/www/modules//sdig/index.php?run_id=110202&search_id=114132&scans_id=110198&peptide_id=30417&scanf=38195&charge=3&value=14/76,sp|Q2TAY7|SMU1_HUMAN,/core/www/modules//consensus/?run_id=110202&search_id=114132&scans_id=110198&peptide_id=30417&scanf=38195&charge=3&value=sp|Q2TAY7|SMU1_HUMAN,0,/core/www/modules/match_peptides/blast_html4.php?run_id=110202&search_id=114132&scans_id=110198&peptide_id=30417&scanf=38195&charge=3&value=0,K.SLGSTAGTDITVNSVILLPK.N,/core/www/modules/show_out/show_out_wrapper.php?run_id=110202&search_id=114132&scans_id=110198&peptide_id=30417&scanf=38195&charge=3&value=K.SLGSTAGTDITVNSVILLPK.N,SMU1,1.104e+6,2.366,0.033,1.481,0.001
38197,3,"  3.066","  0.545",13/76,/core/www/modules//sdig/index.php?run_id=110202&search_id=114132&scans_id=110198&peptide_id=30419&scanf=38197&charge=3&value=13/76,sp|P20585|MSH3_HUMAN,/core/www/modules//consensus/?run_id=110202&search_id=114132&scans_id=110198&peptide_id=30419&scanf=38197&charge=3&value=sp|P20585|MSH3_HUMAN,3,/core/www/modules/match_peptides/blast_html4.php?run_id=110202&search_id=114132&scans_id=110198&peptide_id=30419&scanf=38197&charge=3&value=3,K.SEFQAIIPAVNSHIQSDLLR.T,/core/www/modules/show_out/show_out_wrapper.php?run_id=110202&search_id=114132&scans_id=110198&peptide_id=30419&scanf=38197&charge=3&value=K.SEFQAIIPAVNSHIQSDLLR.T,MSH3,1.258e+6,2.657,0.013,1.902,0.000
38201,2,"  3.295","  0.535",12/24,/core/www/modules//sdig/index.php?run_id=110202&search_id=114132&scans_id=110198&peptide_id=30423&scanf=38201&charge=2&value=12/24,sp|P35606|COPB2_HUMAN,/core/www/modules//consensus/?run_id=110202&search_id=114132&scans_id=110198&peptide_id=30423&scanf=38201&charge=2&value=sp|P35606|COPB2_HUMAN,3,/core/www/modules/match_peptides/blast_html4.php?run_id=110202&search_id=114132&scans_id=110198&peptide_id=30423&scanf=38201&charge=2&value=3,K.NNVAFMSYFLQGK.V,/core/www/modules/show_out/show_out_wrapper.php?run_id=110202&search_id=114132&scans_id=110198&peptide_id=30423&scanf=38201&charge=2&value=K.NNVAFMSYFLQGK.V,COPB2,2.857e+6,2.987,0.004,2.388,0.000
38205,2,"  3.598","  0.570",16/28,/core/www/modules//sdig/index.php?run_id=110202&search_id=114132&scans_id=110198&peptide_id=30427&scanf=38205&charge=2&value=16/28,sp|Q8N3U4|STAG2_HUMAN,/core/www/modules//consensus/?run_id=110202&search_id=114132&scans_id=110198&peptide_id=30427&scanf=38205&charge=2&value=sp|Q8N3U4|STAG2_HUMAN,9,/core/www/modules/match_peptides/blast_html4.php?run_id=110202&search_id=114132&scans_id=110198&peptide_id=30427&scanf=38205&charge=2&value=9,K.SAMQSVVDDWIESYK.H,/core/www/modules/show_out/show_out_wrapper.php?run_id=110202&search_id=114132&scans_id=110198&peptide_id=30427&scanf=38205&charge=2&value=K.SAMQSVVDDWIESYK.H,STAG2,4.967e+6,3.367,0.001,2.951,0.000
38207,3,"  2.492","  0.221",9/56,/core/www/modules//sdig/index.php?run_id=110202&search_id=114132&scans_id=110198&peptide_id=30429&scanf=38207&charge=3&value=9/56,sp|P78527|PRKDC_HUMAN,/core/www/modules//consensus/?run_id=110202&search_id=114132&scans_id=110198&peptide_id=30429&scanf=38207&charge=3&value=sp|P78527|PRKDC_HUMAN,2,/core/www/modules/match_peptides/blast_html4.php?run_id=110202&search_id=114132&scans_id=110198&peptide_id=30429&scanf=38207&charge=3&value=2,R.SDPGLLTNTMDVFVK.E,/core/www/modules/show_out/show_out_wrapper.php?run_id=110202&search_id=114132&scans_id=110198&peptide_id=30429&scanf=38207&charge=3&value=R.SDPGLLTNTMDVFVK.E,PRKDC,1.368e+6,2.771,0.009,2.070,0.000
38209,3,"  3.989","  0.108",14/56,/core/www/modules//sdig/index.php?run_id=110202&search_id=114132&scans_id=110198&peptide_id=30431&scanf=38209&charge=3&value=14/56,sp|O60814|H2B1K_HUMAN,/core/www/modules//consensus/?run_id=110202&search_id=114132&scans_id=110198&peptide_id=30431&scanf=38209&charge=3&value=sp|O60814|H2B1K_HUMAN,14,/core/www/modules/match_peptides/blast_html4.php?run_id=110202&search_id=114132&scans_id=110198&peptide_id=30431&scanf=38209&charge=3&value=14,K.AMGIM*NSFVNDIFER.I,/core/www/modules/show_out/show_out_wrapper.php?run_id=110202&search_id=114132&scans_id=110198&peptide_id=30431&scanf=38209&charge=3&value=K.AMGIM*NSFVNDIFER.I,H2BC12,1.738e+7,3.430,0.001,3.045,0.000
38217,3,"  3.023","  0.480",13/48,/core/www/modules//sdig/index.php?run_id=110202&search_id=114132&scans_id=110198&peptide_id=30440&scanf=38217&charge=3&value=13/48,sp|Q96G46|DUS3L_HUMAN,/core/www/modules//consensus/?run_id=110202&search_id=114132&scans_id=110198&peptide_id=30440&scanf=38217&charge=3&value=sp|Q96G46|DUS3L_HUMAN,0,/core/www/modules/match_peptides/blast_html4.php?run_id=110202&search_id=114132&scans_id=110198&peptide_id=30440&scanf=38217&charge=3&value=0,R.GALLKPWLFTEIK.E,/core/www/modules/show_out/show_out_wrapper.php?run_id=110202&search_id=114132&scans_id=110198&peptide_id=30440&scanf=38217&charge=3&value=R.GALLKPWLFTEIK.E,DUS3L,1.872e+6,3.025,0.004,2.444,0.000
38221,3,"  3.663","  0.676",21/52,/core/www/modules//sdig/index.php?run_id=110202&search_id=114132&scans_id=110198&peptide_id=30444&scanf=38221&charge=3&value=21/52,sp|Q13435|SF3B2_HUMAN,/core/www/modules//consensus/?run_id=110202&search_id=114132&scans_id=110198&peptide_id=30444&scanf=38221&charge=3&value=sp|Q13435|SF3B2_HUMAN,1,/core/www/modules/match_peptides/blast_html4.php?run_id=110202&search_id=114132&scans_id=110198&peptide_id=30444&scanf=38221&charge=3&value=1,R.GIEKPPFELPDFIK.R,/core/www/modules/show_out/show_out_wrapper.php?run_id=110202&search_id=114132&scans_id=110198&peptide_id=30444&scanf=38221&charge=3&value=R.GIEKPPFELPDFIK.R,SF3B2,3.385e+7,3.964,0.000,3.836,0.000
38226,3,"  2.168","  0.456",12/60,/core/www/modules//sdig/index.php?run_id=110202&search_id=114132&scans_id=110198&peptide_id=30449&scanf=38226&charge=3&value=12/60,sp|Q15397|PUM3_HUMAN,/core/www/modules//consensus/?run_id=110202&search_id=114132&scans_id=110198&peptide_id=30449&scanf=38226&charge=3&value=sp|Q15397|PUM3_HUMAN,0,/core/www/modules/match_peptides/blast_html4.php?run_id=110202&search_id=114132&scans_id=110198&peptide_id=30449&scanf=38226&charge=3&value=0,R.NMLTEELYGNTFQLYK.S,/core/www/modules/show_out/show_out_wrapper.php?run_id=110202&search_id=114132&scans_id=110198&peptide_id=30449&scanf=38226&charge=3&value=R.NMLTEELYGNTFQLYK.S,PUM3,1.161e+7,2.795,0.008,2.105,0.000
38227,3,"  5.216","  0.484",19/84,/core/www/modules//sdig/index.php?run_id=110202&search_id=114132&scans_id=110198&peptide_id=30450&scanf=38227&charge=3&value=19/84,sp|Q96SB8|SMC6_HUMAN,/core/www/modules//consensus/?run_id=110202&search_id=114132&scans_id=110198&peptide_id=30450&scanf=38227&charge=3&value=sp|Q96SB8|SMC6_HUMAN,2,/core/www/modules/match_peptides/blast_html4.php?run_id=110202&search_id=114132&scans_id=110198&peptide_id=30450&scanf=38227&charge=3&value=2,K.AFQNQENSVNQEIEQFQQAIEK.D,/core/www/modules/show_out/show_out_wrapper.php?run_id=110202&search_id=114132&scans_id=110198&peptide_id=30450&scanf=38227&charge=3&value=K.AFQNQENSVNQEIEQFQQAIEK.D,SMC6,2.006e+6,2.712,0.010,1.984,0.000
38228,3,"  4.010","  0.584",15/72,/core/www/modules//sdig/index.php?run_id=110202&search_id=114132&scans_id=110198&peptide_id=30451&scanf=38228&charge=3&value=15/72,sp|P19784|CSK22_HUMAN,/core/www/modules//consensus/?run_id=110202&search_id=114132&scans_id=110198&peptide_id=30451&scanf=38228&charge=3&value=sp|P19784|CSK22_HUMAN,2,/core/www/modules/match_peptides/blast_html4.php?run_id=110202&search_id=114132&scans_id=110198&peptide_id=30451&scanf=38228&charge=3&value=2,R.LIDWGLAEFYHPAQEYNVR.V,/core/www/modules/show_out/show_out_wrapper.php?run_id=110202&search_id=114132&scans_id=110198&peptide_id=30451&scanf=38228&charge=3&value=R.LIDWGLAEFYHPAQEYNVR.V,CSNK2A2,1.197e+6,3.128,0.003,2.598,0.000
38230,2,"  2.878","  0.395",9/30,/core/www/modules//sdig/index.php?run_id=110202&search_id=114132&scans_id=110198&peptide_id=30454&scanf=38230&charge=2&value=9/30,sp|P26368|U2AF2_HUMAN,/core/www/modules//consensus/?run_id=110202&search_id=114132&scans_id=110198&peptide_id=30454&scanf=38230&charge=2&value=sp|P26368|U2AF2_HUMAN,0,/core/www/modules/match_peptides/blast_html4.php?run_id=110202&search_id=114132&scans_id=110198&peptide_id=30454&scanf=38230&charge=2&value=0,K.LFIGGLPNYLNDDQVK.E,/core/www/modules/show_out/show_out_wrapper.php?run_id=110202&search_id=114132&scans_id=110198&peptide_id=30454&scanf=38230&charge=2&value=K.LFIGGLPNYLNDDQVK.E,U2AF2,9.159e+5,2.127,0.072,1.144,0.002
38239,3,"  2.055","  0.338",11/52,/core/www/modules//sdig/index.php?run_id=110202&search_id=114132&scans_id=110198&peptide_id=30463&scanf=38239&charge=3&value=11/52,sp|Q12905|ILF2_HUMAN,/core/www/modules//consensus/?run_id=110202&search_id=114132&scans_id=110198&peptide_id=30463&scanf=38239&charge=3&value=sp|Q12905|ILF2_HUMAN,2,/core/www/modules/match_peptides/blast_html4.php?run_id=110202&search_id=114132&scans_id=110198&peptide_id=30463&scanf=38239&charge=3&value=2,K.ILPTLEAVAALGNK.V,/core/www/modules/show_out/show_out_wrapper.php?run_id=110202&search_id=114132&scans_id=110198&peptide_id=30463&scanf=38239&charge=3&value=K.ILPTLEAVAALGNK.V,ILF2,9.113e+5,2.537,0.019,1.728,0.000
38242,3,"  5.345","  0.623",20/88,/core/www/modules//sdig/index.php?run_id=110202&search_id=114132&scans_id=110198&peptide_id=30465&scanf=38242&charge=3&value=20/88,sp|P10809|CH60_HUMAN,/core/www/modules//consensus/?run_id=110202&search_id=114132&scans_id=110198&peptide_id=30465&scanf=38242&charge=3&value=sp|P10809|CH60_HUMAN,3,/core/www/modules/match_peptides/blast_html4.php?run_id=110202&search_id=114132&scans_id=110198&peptide_id=30465&scanf=38242&charge=3&value=3,K.IMQSSSEVGYDAMAGDFVNMVEK.G,/core/www/modules/show_out/show_out_wrapper.php?run_id=110202&search_id=114132&scans_id=110198&peptide_id=30465&scanf=38242&charge=3&value=K.IMQSSSEVGYDAMAGDFVNMVEK.G,HSPD1,1.045e+7,3.376,0.001,2.964,0.000
38244,3,"  5.355","  0.617",19/84,/core/www/modules//sdig/index.php?run_id=110202&search_id=114132&scans_id=110198&peptide_id=30467&scanf=38244&charge=3&value=19/84,sp|O95571|ETHE1_HUMAN,/core/www/modules//consensus/?run_id=110202&search_id=114132&scans_id=110198&peptide_id=30467&scanf=38244&charge=3&value=sp|O95571|ETHE1_HUMAN,0,/core/www/modules/match_peptides/blast_html4.php?run_id=110202&search_id=114132&scans_id=110198&peptide_id=30467&scanf=38244&charge=3&value=0,K.IMGNLNLPKPQQIDFAVPANMR.C,/core/www/modules/show_out/show_out_wrapper.php?run_id=110202&search_id=114132&scans_id=110198&peptide_id=30467&scanf=38244&charge=3&value=K.IMGNLNLPKPQQIDFAVPANMR.C,ETHE1,2.248e+6,3.121,0.003,2.586,0.000
38245,3,"  4.383","  0.625",22/92,/core/www/modules//sdig/index.php?run_id=110202&search_id=114132&scans_id=110198&peptide_id=30468&scanf=38245&charge=3&value=22/92,sp|Q1KMD3|HNRL2_HUMAN,/core/www/modules//consensus/?run_id=110202&search_id=114132&scans_id=110198&peptide_id=30468&scanf=38245&charge=3&value=sp|Q1KMD3|HNRL2_HUMAN,1,/core/www/modules/match_peptides/blast_html4.php?run_id=110202&search_id=114132&scans_id=110198&peptide_id=30468&scanf=38245&charge=3&value=1,R.VGWSVDFSRPQLGEDEFSYGFDGR.G,/core/www/modules/show_out/show_out_wrapper.php?run_id=110202&search_id=114132&scans_id=110198&peptide_id=30468&scanf=38245&charge=3&value=R.VGWSVDFSRPQLGEDEFSYGFDGR.G,HNRNPUL2,2.238e+6,3.207,0.002,2.714,0.000
38246,2,"  4.373","  0.652",17/26,/core/www/modules//sdig/index.php?run_id=110202&search_id=114132&scans_id=110198&peptide_id=30469&scanf=38246&charge=2&value=17/26,sp|Q14980|NUMA1_HUMAN,/core/www/modules//consensus/?run_id=110202&search_id=114132&scans_id=110198&peptide_id=30469&scanf=38246&charge=2&value=sp|Q14980|NUMA1_HUMAN,2,/core/www/modules/match_peptides/blast_html4.php?run_id=110202&search_id=114132&scans_id=110198&peptide_id=30469&scanf=38246&charge=2&value=2,K.GEVLGDVLQLETLK.Q,/core/www/modules/show_out/show_out_wrapper.php?run_id=110202&search_id=114132&scans_id=110198&peptide_id=30469&scanf=38246&charge=2&value=K.GEVLGDVLQLETLK.Q,NUMA1,1.136e+7,3.982,0.000,3.862,0.000
38250,3,"  3.771","  0.563",21/76,/core/www/modules//sdig/index.php?run_id=110202&search_id=114132&scans_id=110198&peptide_id=30474&scanf=38250&charge=3&value=21/76,sp|Q96G23|CERS2_HUMAN,/core/www/modules//consensus/?run_id=110202&search_id=114132&scans_id=110198&peptide_id=30474&scanf=38250&charge=3&value=sp|Q96G23|CERS2_HUMAN,3,/core/www/modules/match_peptides/blast_html4.php?run_id=110202&search_id=114132&scans_id=110198&peptide_id=30474&scanf=38250&charge=3&value=3,R.AGTLIMALHDSSDYLLESAK.M,/core/www/modules/show_out/show_out_wrapper.php?run_id=110202&search_id=114132&scans_id=110198&peptide_id=30474&scanf=38250&charge=3&value=R.AGTLIMALHDSSDYLLESAK.M,CERS2,1.442e+6,3.114,0.003,2.576,0.000
38254,3,"  4.072","  0.526",14/56,/core/www/modules//sdig/index.php?run_id=110202&search_id=114132&scans_id=110198&peptide_id=30478&scanf=38254&charge=3&value=14/56,sp|Q14204|DYHC1_HUMAN,/core/www/modules//consensus/?run_id=110202&search_id=114132&scans_id=110198&peptide_id=30478&scanf=38254&charge=3&value=sp|Q14204|DYHC1_HUMAN,27,/core/www/modules/match_peptides/blast_html4.php?run_id=110202&search_id=114132&scans_id=110198&peptide_id=30478&scanf=38254&charge=3&value=27,K.SPLVMDVLNIQGVQR.S,/core/www/modules/show_out/show_out_wrapper.php?run_id=110202&search_id=114132&scans_id=110198&peptide_id=30478&scanf=38254&charge=3&value=K.SPLVMDVLNIQGVQR.S,DYNC1H1,3.403e+6,3.461,0.001,3.091,0.000
38256,2,"  2.980","  0.527",11/24,/core/www/modules//sdig/index.php?run_id=110202&search_id=114132&scans_id=110198&peptide_id=30480&scanf=38256&charge=2&value=11/24,sp|P02786|TFR1_HUMAN,/core/www/modules//consensus/?run_id=110202&search_id=114132&scans_id=110198&peptide_id=30480&scanf=38256&charge=2&value=sp|P02786|TFR1_HUMAN,7,/core/www/modules/match_peptides/blast_html4.php?run_id=110202&search_id=114132&scans_id=110198&peptide_id=30480&scanf=38256&charge=2&value=7,K.VSASPLLYTLIEK.T,/core/www/modules/show_out/show_out_wrapper.php?run_id=110202&search_id=114132&scans_id=110198&peptide_id=30480&scanf=38256&charge=2&value=K.VSASPLLYTLIEK.T,TFRC,1.989e+6,2.996,0.004,2.401,0.000
38257,2,"  5.104","  0.708",22/36,/core/www/modules//sdig/index.php?run_id=110202&search_id=114132&scans_id=110198&peptide_id=30481&scanf=38257&charge=2&value=22/36,sp|O94906|PRP6_HUMAN,/core/www/modules//consensus/?run_id=110202&search_id=114132&scans_id=110198&peptide_id=30481&scanf=38257&charge=2&value=sp|O94906|PRP6_HUMAN,0,/core/www/modules/match_peptides/blast_html4.php?run_id=110202&search_id=114132&scans_id=110198&peptide_id=30481&scanf=38257&charge=2&value=0,K.LAEVTEEEWLSIPEVGDAR.N,/core/www/modules/show_out/show_out_wrapper.php?run_id=110202&search_id=114132&scans_id=110198&peptide_id=30481&scanf=38257&charge=2&value=K.LAEVTEEEWLSIPEVGDAR.N,PRPF6,1.274e+6,3.867,0.000,3.692,0.000
38258,3,"  5.458","  0.636",26/104,/core/www/modules//sdig/index.php?run_id=110202&search_id=114132&scans_id=110198&peptide_id=30482&scanf=38258&charge=3&value=26/104,sp|P55786|PSA_HUMAN,/core/www/modules//consensus/?run_id=110202&search_id=114132&scans_id=110198&peptide_id=30482&scanf=38258&charge=3&value=sp|P55786|PSA_HUMAN,4,/core/www/modules/match_peptides/blast_html4.php?run_id=110202&search_id=114132&scans_id=110198&peptide_id=30482&scanf=38258&charge=3&value=4,K.VLTFALSEEVRPQDTVSVIGGVAGGSK.H,/core/www/modules/show_out/show_out_wrapper.php?run_id=110202&search_id=114132&scans_id=110198&peptide_id=30482&scanf=38258&charge=3&value=K.VLTFALSEEVRPQDTVSVIGGVAGGSK.H,NPEPPS,1.631e+6,3.269,0.002,2.806,0.000
38259,3,"  2.058","  0.231",6/80,/core/www/modules//sdig/index.php?run_id=110202&search_id=114132&scans_id=110198&peptide_id=30483&scanf=38259&charge=3&value=6/80,sp|P60709|ACTB_HUMAN,/core/www/modules//consensus/?run_id=110202&search_id=114132&scans_id=110198&peptide_id=30483&scanf=38259&charge=3&value=sp|P60709|ACTB_HUMAN,6,/core/www/modules/match_peptides/blast_html4.php?run_id=110202&search_id=114132&scans_id=110198&peptide_id=30483&scanf=38259&charge=3&value=6,K.DLYANTVLSGGTTMYPGIADR.M,/core/www/modules/show_out/show_out_wrapper.php?run_id=110202&search_id=114132&scans_id=110198&peptide_id=30483&scanf=38259&charge=3&value=K.DLYANTVLSGGTTMYPGIADR.M,ACTB,1.302e+6,2.147,0.067,1.171,0.002
38260,2,"  2.852","  0.542",12/18,/core/www/modules//sdig/index.php?run_id=110202&search_id=114132&scans_id=110198&peptide_id=30485&scanf=38260&charge=2&value=12/18,sp|P38432|COIL_HUMAN,/core/www/modules//consensus/?run_id=110202&search_id=114132&scans_id=110198&peptide_id=30485&scanf=38260&charge=2&value=sp|P38432|COIL_HUMAN,0,/core/www/modules/match_peptides/blast_html4.php?run_id=110202&search_id=114132&scans_id=110198&peptide_id=30485&scanf=38260&charge=2&value=0,R.VVTDLISLIR.Q,/core/www/modules/show_out/show_out_wrapper.php?run_id=110202&search_id=114132&scans_id=110198&peptide_id=30485&scanf=38260&charge=2&value=R.VVTDLISLIR.Q,COIL,1.692e+7,3.453,0.001,3.078,0.000
38262,3,"  4.859","  0.675",23/88,/core/www/modules//sdig/index.php?run_id=110202&search_id=114132&scans_id=110198&peptide_id=30486&scanf=38262&charge=3&value=23/88,sp|Q07955|SRSF1_HUMAN,/core/www/modules//consensus/?run_id=110202&search_id=114132&scans_id=110198&peptide_id=30486&scanf=38262&charge=3&value=sp|Q07955|SRSF1_HUMAN,1,/core/www/modules/match_peptides/blast_html4.php?run_id=110202&search_id=114132&scans_id=110198&peptide_id=30486&scanf=38262&charge=3&value=1,R.GGPPFAFVEFEDPRDAEDAVYGR.D,/core/www/modules/show_out/show_out_wrapper.php?run_id=110202&search_id=114132&scans_id=110198&peptide_id=30486&scanf=38262&charge=3&value=R.GGPPFAFVEFEDPRDAEDAVYGR.D,SRSF1,6.349e+7,3.309,0.001,2.865,0.000
38264,2,"  2.792","  0.573",9/28,/core/www/modules//sdig/index.php?run_id=110202&search_id=114132&scans_id=110198&peptide_id=30488&scanf=38264&charge=2&value=9/28,sp|P62854|RS26_HUMAN,/core/www/modules//consensus/?run_id=110202&search_id=114132&scans_id=110198&peptide_id=30488&scanf=38264&charge=2&value=sp|P62854|RS26_HUMAN,0,/core/www/modules/match_peptides/blast_html4.php?run_id=110202&search_id=114132&scans_id=110198&peptide_id=30488&scanf=38264&charge=2&value=0,R.DISEASVFDAYVLPK.L,/core/www/modules/show_out/show_out_wrapper.php?run_id=110202&search_id=114132&scans_id=110198&peptide_id=30488&scanf=38264&charge=2&value=R.DISEASVFDAYVLPK.L,RPS26,1.699e+8,2.818,0.007,2.139,0.000
38272,3,"  2.827","  0.316",13/72,/core/www/modules//sdig/index.php?run_id=110202&search_id=114132&scans_id=110198&peptide_id=30497&scanf=38272&charge=3&value=13/72,sp|Q14974|IMB1_HUMAN,/core/www/modules//consensus/?run_id=110202&search_id=114132&scans_id=110198&peptide_id=30497&scanf=38272&charge=3&value=sp|Q14974|IMB1_HUMAN,1,/core/www/modules/match_peptides/blast_html4.php?run_id=110202&search_id=114132&scans_id=110198&peptide_id=30497&scanf=38272&charge=3&value=1,K.YLEVVLNTLQQASQAQVDK.S,/core/www/modules/show_out/show_out_wrapper.php?run_id=110202&search_id=114132&scans_id=110198&peptide_id=30497&scanf=38272&charge=3&value=K.YLEVVLNTLQQASQAQVDK.S,KPNB1,3.700e+6,2.229,0.052,1.287,0.002
38273,3,"  5.683","  0.602",24/104,/core/www/modules//sdig/index.php?run_id=110202&search_id=114132&scans_id=110198&peptide_id=30498&scanf=38273&charge=3&value=24/104,sp|Q96HW7|INT4_HUMAN,/core/www/modules//consensus/?run_id=110202&search_id=114132&scans_id=110198&peptide_id=30498&scanf=38273&charge=3&value=sp|Q96HW7|INT4_HUMAN,12,/core/www/modules/match_peptides/blast_html4.php?run_id=110202&search_id=114132&scans_id=110198&peptide_id=30498&scanf=38273&charge=3&value=12,K.LVSSAVSPSIIPQEDPSQQFLQQSLER.V,/core/www/modules/show_out/show_out_wrapper.php?run_id=110202&search_id=114132&scans_id=110198&peptide_id=30498&scanf=38273&charge=3&value=K.LVSSAVSPSIIPQEDPSQQFLQQSLER.V,INTS4,1.902e+6,3.092,0.003,2.545,0.000
38275,2,"  5.569","  0.670",18/38,/core/www/modules//sdig/index.php?run_id=110202&search_id=114132&scans_id=110198&peptide_id=30500&scanf=38275&charge=2&value=18/38,sp|Q2TAY7|SMU1_HUMAN,/core/www/modules//consensus/?run_id=110202&search_id=114132&scans_id=110198&peptide_id=30500&scanf=38275&charge=2&value=sp|Q2TAY7|SMU1_HUMAN,0,/core/www/modules/match_peptides/blast_html4.php?run_id=110202&search_id=114132&scans_id=110198&peptide_id=30500&scanf=38275&charge=2&value=0,K.SLGSTAGTDITVNSVILLPK.N,/core/www/modules/show_out/show_out_wrapper.php?run_id=110202&search_id=114132&scans_id=110198&peptide_id=30500&scanf=38275&charge=2&value=K.SLGSTAGTDITVNSVILLPK.N,SMU1,1.173e+6,3.428,0.001,3.041,0.000
38278,2,"  3.317","  0.559",14/26,/core/www/modules//sdig/index.php?run_id=110202&search_id=114132&scans_id=110198&peptide_id=30503&scanf=38278&charge=2&value=14/26,sp|P53396|ACLY_HUMAN,/core/www/modules//consensus/?run_id=110202&search_id=114132&scans_id=110198&peptide_id=30503&scanf=38278&charge=2&value=sp|P53396|ACLY_HUMAN,1,/core/www/modules/match_peptides/blast_html4.php?run_id=110202&search_id=114132&scans_id=110198&peptide_id=30503&scanf=38278&charge=2&value=1,K.LGLVGVNLTLDGVK.S,/core/www/modules/show_out/show_out_wrapper.php?run_id=110202&search_id=114132&scans_id=110198&peptide_id=30503&scanf=38278&charge=2&value=K.LGLVGVNLTLDGVK.S,ACLY,2.991e+6,3.286,0.001,2.831,0.000
38279,3,"  4.164","  0.610",22/76,/core/www/modules//sdig/index.php?run_id=110202&search_id=114132&scans_id=110198&peptide_id=30504&scanf=38279&charge=3&value=22/76,sp|P20585|MSH3_HUMAN,/core/www/modules//consensus/?run_id=110202&search_id=114132&scans_id=110198&peptide_id=30504&scanf=38279&charge=3&value=sp|P20585|MSH3_HUMAN,3,/core/www/modules/match_peptides/blast_html4.php?run_id=110202&search_id=114132&scans_id=110198&peptide_id=30504&scanf=38279&charge=3&value=3,K.SEFQAIIPAVNSHIQSDLLR.T,/core/www/modules/show_out/show_out_wrapper.php?run_id=110202&search_id=114132&scans_id=110198&peptide_id=30504&scanf=38279&charge=3&value=K.SEFQAIIPAVNSHIQSDLLR.T,MSH3,1.258e+6,3.328,0.001,2.893,0.000
38280,3,"  4.461","  0.592",17/68,/core/www/modules//sdig/index.php?run_id=110202&search_id=114132&scans_id=110198&peptide_id=30506&scanf=38280&charge=3&value=17/68,sp|P38432|COIL_HUMAN,/core/www/modules//consensus/?run_id=110202&search_id=114132&scans_id=110198&peptide_id=30506&scanf=38280&charge=3&value=sp|P38432|COIL_HUMAN,0,/core/www/modules/match_peptides/blast_html4.php?run_id=110202&search_id=114132&scans_id=110198&peptide_id=30506&scanf=38280&charge=3&value=0,K.KDYSLLPLLAAAPQVGEK.I,/core/www/modules/show_out/show_out_wrapper.php?run_id=110202&search_id=114132&scans_id=110198&peptide_id=30506&scanf=38280&charge=3&value=K.KDYSLLPLLAAAPQVGEK.I,COIL,1.162e+6,2.996,0.004,2.402,0.000
38281,3,"  4.265","  0.595",17/84,/core/www/modules//sdig/index.php?run_id=110202&search_id=114132&scans_id=110198&peptide_id=30507&scanf=38281&charge=3&value=17/84,sp|Q9H0N0|RAB6C_HUMAN,/core/www/modules//consensus/?run_id=110202&search_id=114132&scans_id=110198&peptide_id=30507&scanf=38281&charge=3&value=sp|Q9H0N0|RAB6C_HUMAN,1,/core/www/modules/match_peptides/blast_html4.php?run_id=110202&search_id=114132&scans_id=110198&peptide_id=30507&scanf=38281&charge=3&value=1,R.DSAAAVVVYDITNVNSFQQTTK.W,/core/www/modules/show_out/show_out_wrapper.php?run_id=110202&search_id=114132&scans_id=110198&peptide_id=30507&scanf=38281&charge=3&value=R.DSAAAVVVYDITNVNSFQQTTK.W,RAB6C,7.154e+5,3.109,0.003,2.569,0.000
38283,3,"  2.869","  0.695",14/52,/core/www/modules//sdig/index.php?run_id=110202&search_id=114132&scans_id=110198&peptide_id=30508&scanf=38283&charge=3&value=14/52,sp|Q7KZF4|SND1_HUMAN,/core/www/modules//consensus/?run_id=110202&search_id=114132&scans_id=110198&peptide_id=30508&scanf=38283&charge=3&value=sp|Q7KZF4|SND1_HUMAN,0,/core/www/modules/match_peptides/blast_html4.php?run_id=110202&search_id=114132&scans_id=110198&peptide_id=30508&scanf=38283&charge=3&value=0,K.LRPLYDIPYMFEAR.E,/core/www/modules/show_out/show_out_wrapper.php?run_id=110202&search_id=114132&scans_id=110198&peptide_id=30508&scanf=38283&charge=3&value=K.LRPLYDIPYMFEAR.E,SND1,2.105e+7,3.862,0.000,3.685,0.000
38285,2,"  2.636","  0.384",11/22,/core/www/modules//sdig/index.php?run_id=110202&search_id=114132&scans_id=110198&peptide_id=30510&scanf=38285&charge=2&value=11/22,sp|P05141|ADT2_HUMAN,/core/www/modules//consensus/?run_id=110202&search_id=114132&scans_id=110198&peptide_id=30510&scanf=38285&charge=2&value=sp|P05141|ADT2_HUMAN,4,/core/www/modules/match_peptides/blast_html4.php?run_id=110202&search_id=114132&scans_id=110198&peptide_id=30510&scanf=38285&charge=2&value=4,R.YFPTQALNFAFK.D,/core/www/modules/show_out/show_out_wrapper.php?run_id=110202&search_id=114132&scans_id=110198&peptide_id=30510&scanf=38285&charge=2&value=R.YFPTQALNFAFK.D,SLC25A5,3.042e+6,2.613,0.015,1.838,0.000
38287,2,"  2.128","  0.530",9/16,/core/www/modules//sdig/index.php?run_id=110202&search_id=114132&scans_id=110198&peptide_id=30512&scanf=38287&charge=2&value=9/16,sp|Q9P2J5|SYLC_HUMAN,/core/www/modules//consensus/?run_id=110202&search_id=114132&scans_id=110198&peptide_id=30512&scanf=38287&charge=2&value=sp|Q9P2J5|SYLC_HUMAN,11,/core/www/modules/match_peptides/blast_html4.php?run_id=110202&search_id=114132&scans_id=110198&peptide_id=30512&scanf=38287&charge=2&value=11,K.EVWDYVFFK.E,/core/www/modules/show_out/show_out_wrapper.php?run_id=110202&search_id=114132&scans_id=110198&peptide_id=30512&scanf=38287&charge=2&value=K.EVWDYVFFK.E,LARS1,4.632e+6,3.344,0.001,2.917,0.000
38289,3,"  2.021","  0.375",16/64,/core/www/modules//sdig/index.php?run_id=110202&search_id=114132&scans_id=110198&peptide_id=30514&scanf=38289&charge=3&value=16/64,sp|Q9Y4W2|LAS1L_HUMAN,/core/www/modules//consensus/?run_id=110202&search_id=114132&scans_id=110198&peptide_id=30514&scanf=38289&charge=3&value=sp|Q9Y4W2|LAS1L_HUMAN,6,/core/www/modules/match_peptides/blast_html4.php?run_id=110202&search_id=114132&scans_id=110198&peptide_id=30514&scanf=38289&charge=3&value=6,R.SGNELPLAVASTADLIR.C,/core/www/modules/show_out/show_out_wrapper.php?run_id=110202&search_id=114132&scans_id=110198&peptide_id=30514&scanf=38289&charge=3&value=R.SGNELPLAVASTADLIR.C,LAS1L,5.838e+6,2.424,0.027,1.564,0.001
38291,3,"  6.880","  0.647",25/112,/core/www/modules//sdig/index.php?run_id=110202&search_id=114132&scans_id=110198&peptide_id=30517&scanf=38291&charge=3&value=25/112,sp|Q8WUA4|TF3C2_HUMAN,/core/www/modules//consensus/?run_id=110202&search_id=114132&scans_id=110198&peptide_id=30517&scanf=38291&charge=3&value=sp|Q8WUA4|TF3C2_HUMAN,0,/core/www/modules/match_peptides/blast_html4.php?run_id=110202&search_id=114132&scans_id=110198&peptide_id=30517&scanf=38291&charge=3&value=0,K.RPQQPNPPSAPLVPGLLDQSNPLSTPMPK.K,/core/www/modules/show_out/show_out_wrapper.php?run_id=110202&search_id=114132&scans_id=110198&peptide_id=30517&scanf=38291&charge=3&value=K.RPQQPNPPSAPLVPGLLDQSNPLSTPMPK.K,GTF3C2,1.013e+6,3.229,0.002,2.747,0.000
38292,3,"  3.047","  0.364",14/60,/core/www/modules//sdig/index.php?run_id=110202&search_id=114132&scans_id=110198&peptide_id=30518&scanf=38292&charge=3&value=14/60,sp|A5YKK6|CNOT1_HUMAN,/core/www/modules//consensus/?run_id=110202&search_id=114132&scans_id=110198&peptide_id=30518&scanf=38292&charge=3&value=sp|A5YKK6|CNOT1_HUMAN,0,/core/www/modules/match_peptides/blast_html4.php?run_id=110202&search_id=114132&scans_id=110198&peptide_id=30518&scanf=38292&charge=3&value=0,K.NLALDINELKPGNLLK.D,/core/www/modules/show_out/show_out_wrapper.php?run_id=110202&search_id=114132&scans_id=110198&peptide_id=30518&scanf=38292&charge=3&value=K.NLALDINELKPGNLLK.D,CNOT1,1.977e+6,2.582,0.016,1.793,0.000
38294,2,"  4.061","  0.638",16/26,/core/www/modules//sdig/index.php?run_id=110202&search_id=114132&scans_id=110198&peptide_id=30520&scanf=38294&charge=2&value=16/26,sp|P08240|SRPRA_HUMAN,/core/www/modules//consensus/?run_id=110202&search_id=114132&scans_id=110198&peptide_id=30520&scanf=38294&charge=2&value=sp|P08240|SRPRA_HUMAN,0,/core/www/modules/match_peptides/blast_html4.php?run_id=110202&search_id=114132&scans_id=110198&peptide_id=30520&scanf=38294&charge=2&value=0,K.DAAGIAMEAIAFAR.N,/core/www/modules/show_out/show_out_wrapper.php?run_id=110202&search_id=114132&scans_id=110198&peptide_id=30520&scanf=38294&charge=2&value=K.DAAGIAMEAIAFAR.N,SRPRA,4.702e+6,3.719,0.000,3.473,0.000
38295,2,"  3.520","  0.602",15/26,/core/www/modules//sdig/index.php?run_id=110202&search_id=114132&scans_id=110198&peptide_id=30521&scanf=38295&charge=2&value=15/26,sp|Q8TEQ6|GEMI5_HUMAN,/core/www/modules//consensus/?run_id=110202&search_id=114132&scans_id=110198&peptide_id=30521&scanf=38295&charge=2&value=sp|Q8TEQ6|GEMI5_HUMAN,0,/core/www/modules/match_peptides/blast_html4.php?run_id=110202&search_id=114132&scans_id=110198&peptide_id=30521&scanf=38295&charge=2&value=0,R.TVAEVQETLAEMIR.Q,/core/www/modules/show_out/show_out_wrapper.php?run_id=110202&search_id=114132&scans_id=110198&peptide_id=30521&scanf=38295&charge=2&value=R.TVAEVQETLAEMIR.Q,GEMIN5,1.519e+6,3.410,0.001,3.015,0.000
38296,3,"  3.922","  0.554",17/64,/core/www/modules//sdig/index.php?run_id=110202&search_id=114132&scans_id=110198&peptide_id=30522&scanf=38296&charge=3&value=17/64,sp|O75367|H2AY_HUMAN,/core/www/modules//consensus/?run_id=110202&search_id=114132&scans_id=110198&peptide_id=30522&scanf=38296&charge=3&value=sp|O75367|H2AY_HUMAN,11,/core/www/modules/match_peptides/blast_html4.php?run_id=110202&search_id=114132&scans_id=110198&peptide_id=30522&scanf=38296&charge=3&value=11,R.HILLAVANDEELNQLLK.G,/core/www/modules/show_out/show_out_wrapper.php?run_id=110202&search_id=114132&scans_id=110198&peptide_id=30522&scanf=38296&charge=3&value=R.HILLAVANDEELNQLLK.G,MACROH2A1,1.017e+7,3.218,0.002,2.730,0.000
38297,2,"  2.270","  0.285",9/20,/core/www/modules//sdig/index.php?run_id=110202&search_id=114132&scans_id=110198&peptide_id=30523&scanf=38297&charge=2&value=9/20,sp|Q9Y4A5|TRRAP_HUMAN,/core/www/modules//consensus/?run_id=110202&search_id=114132&scans_id=110198&peptide_id=30523&scanf=38297&charge=2&value=sp|Q9Y4A5|TRRAP_HUMAN,3,/core/www/modules/match_peptides/blast_html4.php?run_id=110202&search_id=114132&scans_id=110198&peptide_id=30523&scanf=38297&charge=2&value=3,K.LLLNLISQVGR.V,/core/www/modules/show_out/show_out_wrapper.php?run_id=110202&search_id=114132&scans_id=110198&peptide_id=30523&scanf=38297&charge=2&value=K.LLLNLISQVGR.V,TRRAP,3.348e+6,2.325,0.038,1.423,0.001
38298,3,"  2.501","  0.288",7/60,/core/www/modules//sdig/index.php?run_id=110202&search_id=114132&scans_id=110198&peptide_id=30524&scanf=38298&charge=3&value=7/60,sp|P23246|SFPQ_HUMAN,/core/www/modules//consensus/?run_id=110202&search_id=114132&scans_id=110198&peptide_id=30524&scanf=38298&charge=3&value=sp|P23246|SFPQ_HUMAN,1,/core/www/modules/match_peptides/blast_html4.php?run_id=110202&search_id=114132&scans_id=110198&peptide_id=30524&scanf=38298&charge=3&value=1,R.LFVGNLPADITEDEFK.R,/core/www/modules/show_out/show_out_wrapper.php?run_id=110202&search_id=114132&scans_id=110198&peptide_id=30524&scanf=38298&charge=3&value=R.LFVGNLPADITEDEFK.R,SFPQ,1.770e+6,2.041,0.094,1.027,0.004
38299,2,"  1.483","  0.209",7/12,/core/www/modules//sdig/index.php?run_id=110202&search_id=114132&scans_id=110198&peptide_id=30525&scanf=38299&charge=2&value=7/12,sp|Q9C0E2|XPO4_HUMAN,/core/www/modules//consensus/?run_id=110202&search_id=114132&scans_id=110198&peptide_id=30525&scanf=38299&charge=2&value=sp|Q9C0E2|XPO4_HUMAN,0,/core/www/modules/match_peptides/blast_html4.php?run_id=110202&search_id=114132&scans_id=110198&peptide_id=30525&scanf=38299&charge=2&value=0,K.DIVWFLK.R,/core/www/modules/show_out/show_out_wrapper.php?run_id=110202&search_id=114132&scans_id=110198&peptide_id=30525&scanf=38299&charge=2&value=K.DIVWFLK.R,XPO4,1.782e+6,2.322,0.038,1.417,0.001
38301,2,"  2.505","  0.267",9/14,/core/www/modules//sdig/index.php?run_id=110202&search_id=114132&scans_id=110198&peptide_id=30528&scanf=38301&charge=2&value=9/14,sp|Q6P2Q9|PRP8_HUMAN,/core/www/modules//consensus/?run_id=110202&search_id=114132&scans_id=110198&peptide_id=30528&scanf=38301&charge=2&value=sp|Q6P2Q9|PRP8_HUMAN,1,/core/www/modules/match_peptides/blast_html4.php?run_id=110202&search_id=114132&scans_id=110198&peptide_id=30528&scanf=38301&charge=2&value=1,K.ISLIQIFR.A,/core/www/modules/show_out/show_out_wrapper.php?run_id=110202&search_id=114132&scans_id=110198&peptide_id=30528&scanf=38301&charge=2&value=K.ISLIQIFR.A,PRPF8,1.690e+7,2.912,0.005,2.278,0.000
38304,4,"  4.867","  0.651",20/132,/core/www/modules//sdig/index.php?run_id=110202&search_id=114132&scans_id=110198&peptide_id=30530&scanf=38304&charge=4&value=20/132,sp|P09651|ROA1_HUMAN,/core/www/modules//consensus/?run_id=110202&search_id=114132&scans_id=110198&peptide_id=30530&scanf=38304&charge=4&value=sp|P09651|ROA1_HUMAN,14,/core/www/modules/match_peptides/blast_html4.php?run_id=110202&search_id=114132&scans_id=110198&peptide_id=30530&scanf=38304&charge=4&value=14,R.GFGFVTYATVEEVDAAMNARPHK.V,/core/www/modules/show_out/show_out_wrapper.php?run_id=110202&search_id=114132&scans_id=110198&peptide_id=30530&scanf=38304&charge=4&value=R.GFGFVTYATVEEVDAAMNARPHK.V,HNRNPA1,6.285e+6,3.727,0.000,3.484,0.000
38305,2,"  3.561","  0.486",14/22,/core/www/modules//sdig/index.php?run_id=110202&search_id=114132&scans_id=110198&peptide_id=30531&scanf=38305&charge=2&value=14/22,sp|Q8TAQ2|SMRC2_HUMAN,/core/www/modules//consensus/?run_id=110202&search_id=114132&scans_id=110198&peptide_id=30531&scanf=38305&charge=2&value=sp|Q8TAQ2|SMRC2_HUMAN,2,/core/www/modules/match_peptides/blast_html4.php?run_id=110202&search_id=114132&scans_id=110198&peptide_id=30531&scanf=38305&charge=2&value=2,K.SLVALLVETQMK.K,/core/www/modules/show_out/show_out_wrapper.php?run_id=110202&search_id=114132&scans_id=110198&peptide_id=30531&scanf=38305&charge=2&value=K.SLVALLVETQMK.K,SMARCC2,1.956e+7,3.408,0.001,3.011,0.000
38306,2,"  3.968","  0.589",15/30,/core/www/modules//sdig/index.php?run_id=110202&search_id=114132&scans_id=110198&peptide_id=30532&scanf=38306&charge=2&value=15/30,sp|P83916|CBX1_HUMAN,/core/www/modules//consensus/?run_id=110202&search_id=114132&scans_id=110198&peptide_id=30532&scanf=38306&charge=2&value=sp|P83916|CBX1_HUMAN,4,/core/www/modules/match_peptides/blast_html4.php?run_id=110202&search_id=114132&scans_id=110198&peptide_id=30532&scanf=38306&charge=2&value=4,R.IIGATDSSGELMFLMK.W,/core/www/modules/show_out/show_out_wrapper.php?run_id=110202&search_id=114132&scans_id=110198&peptide_id=30532&scanf=38306&charge=2&value=R.IIGATDSSGELMFLMK.W,CBX1,4.023e+7,3.247,0.002,2.774,0.000
38307,3,"  3.925","  0.594",17/68,/core/www/modules//sdig/index.php?run_id=110202&search_id=114132&scans_id=110198&peptide_id=30533&scanf=38307&charge=3&value=17/68,sp|Q99460|PSMD1_HUMAN,/core/www/modules//consensus/?run_id=110202&search_id=114132&scans_id=110198&peptide_id=30533&scanf=38307&charge=3&value=sp|Q99460|PSMD1_HUMAN,9,/core/www/modules/match_peptides/blast_html4.php?run_id=110202&search_id=114132&scans_id=110198&peptide_id=30533&scanf=38307&charge=3&value=9,K.EAINLLEPMTNDPVNYVR.Q,/core/www/modules/show_out/show_out_wrapper.php?run_id=110202&search_id=114132&scans_id=110198&peptide_id=30533&scanf=38307&charge=3&value=K.EAINLLEPMTNDPVNYVR.Q,PSMD1,4.878e+6,3.315,0.001,2.873,0.000
38311,2,"  2.727","  0.598",12/24,/core/www/modules//sdig/index.php?run_id=110202&search_id=114132&scans_id=110198&peptide_id=30538&scanf=38311&charge=2&value=12/24,sp|Q9UQ03|COR2B_HUMAN,/core/www/modules//consensus/?run_id=110202&search_id=114132&scans_id=110198&peptide_id=30538&scanf=38311&charge=2&value=sp|Q9UQ03|COR2B_HUMAN,0,/core/www/modules/match_peptides/blast_html4.php?run_id=110202&search_id=114132&scans_id=110198&peptide_id=30538&scanf=38311&charge=2&value=0,K.VLIWNLDVGEPVK.M,/core/www/modules/show_out/show_out_wrapper.php?run_id=110202&search_id=114132&scans_id=110198&peptide_id=30538&scanf=38311&charge=2&value=K.VLIWNLDVGEPVK.M,CORO2B,3.965e+6,3.351,0.001,2.927,0.000
38312,3,"  5.264","  0.562",19/84,/core/www/modules//sdig/index.php?run_id=110202&search_id=114132&scans_id=110198&peptide_id=30539&scanf=38312&charge=3&value=19/84,sp|Q99613|EIF3C_HUMAN,/core/www/modules//consensus/?run_id=110202&search_id=114132&scans_id=110198&peptide_id=30539&scanf=38312&charge=3&value=sp|Q99613|EIF3C_HUMAN,1,/core/www/modules/match_peptides/blast_html4.php?run_id=110202&search_id=114132&scans_id=110198&peptide_id=30539&scanf=38312&charge=3&value=1,K.MIINEELMASLDQPTQTVVMHR.T,/core/www/modules/show_out/show_out_wrapper.php?run_id=110202&search_id=114132&scans_id=110198&peptide_id=30539&scanf=38312&charge=3&value=K.MIINEELMASLDQPTQTVVMHR.T,EIF3C,2.746e+6,3.144,0.002,2.622,0.000
38314,3,"  5.343","  0.637",18/104,/core/www/modules//sdig/index.php?run_id=110202&search_id=114132&scans_id=110198&peptide_id=30541&scanf=38314&charge=3&value=18/104,sp|Q9BUF5|TBB6_HUMAN,/core/www/modules//consensus/?run_id=110202&search_id=114132&scans_id=110198&peptide_id=30541&scanf=38314&charge=3&value=sp|Q9BUF5|TBB6_HUMAN,9,/core/www/modules/match_peptides/blast_html4.php?run_id=110202&search_id=114132&scans_id=110198&peptide_id=30541&scanf=38314&charge=3&value=9,K.FWEVISDEHGIDPAGGYVGDSALQLER.I,/core/www/modules/show_out/show_out_wrapper.php?run_id=110202&search_id=114132&scans_id=110198&peptide_id=30541&scanf=38314&charge=3&value=K.FWEVISDEHGIDPAGGYVGDSALQLER.I,TUBB6,1.287e+6,3.083,0.003,2.531,0.000
38315,4,"  4.388","  0.536",14/132,/core/www/modules//sdig/index.php?run_id=110202&search_id=114132&scans_id=110198&peptide_id=30542&scanf=38315&charge=4&value=14/132,sp|O14646|CHD1_HUMAN,/core/www/modules//consensus/?run_id=110202&search_id=114132&scans_id=110198&peptide_id=30542&scanf=38315&charge=4&value=sp|O14646|CHD1_HUMAN,0,/core/www/modules/match_peptides/blast_html4.php?run_id=110202&search_id=114132&scans_id=110198&peptide_id=30542&scanf=38315&charge=4&value=0,K.RAETHENEPGPLTVGDELLSQFK.V,/core/www/modules/show_out/show_out_wrapper.php?run_id=110202&search_id=114132&scans_id=110198&peptide_id=30542&scanf=38315&charge=4&value=K.RAETHENEPGPLTVGDELLSQFK.V,CHD1,1.843e+6,2.951,0.005,2.335,0.000
38319,2,"  3.883","  0.578",16/26,/core/www/modules//sdig/index.php?run_id=110202&search_id=114132&scans_id=110198&peptide_id=30546&scanf=38319&charge=2&value=16/26,sp|P08240|SRPRA_HUMAN,/core/www/modules//consensus/?run_id=110202&search_id=114132&scans_id=110198&peptide_id=30546&scanf=38319&charge=2&value=sp|P08240|SRPRA_HUMAN,0,/core/www/modules/match_peptides/blast_html4.php?run_id=110202&search_id=114132&scans_id=110198&peptide_id=30546&scanf=38319&charge=2&value=0,K.DAAGIAMEAIAFAR.N,/core/www/modules/show_out/show_out_wrapper.php?run_id=110202&search_id=114132&scans_id=110198&peptide_id=30546&scanf=38319&charge=2&value=K.DAAGIAMEAIAFAR.N,SRPRA,4.702e+6,3.511,0.001,3.165,0.000
38320,2,"  3.544","  0.655",18/32,/core/www/modules//sdig/index.php?run_id=110202&search_id=114132&scans_id=110198&peptide_id=30548&scanf=38320&charge=2&value=18/32,sp|P11388|TOP2A_HUMAN,/core/www/modules//consensus/?run_id=110202&search_id=114132&scans_id=110198&peptide_id=30548&scanf=38320&charge=2&value=sp|P11388|TOP2A_HUMAN,1,/core/www/modules/match_peptides/blast_html4.php?run_id=110202&search_id=114132&scans_id=110198&peptide_id=30548&scanf=38320&charge=2&value=1,R.VTIDPENNLISIWNNGK.G,/core/www/modules/show_out/show_out_wrapper.php?run_id=110202&search_id=114132&scans_id=110198&peptide_id=30548&scanf=38320&charge=2&value=R.VTIDPENNLISIWNNGK.G,TOP2A,1.226e+6,3.672,0.000,3.403,0.000
38326,2,"  1.769","  0.267",8/14,/core/www/modules//sdig/index.php?run_id=110202&search_id=114132&scans_id=110198&peptide_id=30553&scanf=38326&charge=2&value=8/14,sp|Q9NTI5|PDS5B_HUMAN,/core/www/modules//consensus/?run_id=110202&search_id=114132&scans_id=110198&peptide_id=30553&scanf=38326&charge=2&value=sp|Q9NTI5|PDS5B_HUMAN,0,/core/www/modules/match_peptides/blast_html4.php?run_id=110202&search_id=114132&scans_id=110198&peptide_id=30553&scanf=38326&charge=2&value=0,K.DIFMFITR.Q,/core/www/modules/show_out/show_out_wrapper.php?run_id=110202&search_id=114132&scans_id=110198&peptide_id=30553&scanf=38326&charge=2&value=K.DIFMFITR.Q,PDS5B,4.308e+6,2.498,0.021,1.672,0.001
38328,3,"  3.710","  0.503",16/68,/core/www/modules//sdig/index.php?run_id=110202&search_id=114132&scans_id=110198&peptide_id=30555&scanf=38328&charge=3&value=16/68,sp|P78527|PRKDC_HUMAN,/core/www/modules//consensus/?run_id=110202&search_id=114132&scans_id=110198&peptide_id=30555&scanf=38328&charge=3&value=sp|P78527|PRKDC_HUMAN,0,/core/www/modules/match_peptides/blast_html4.php?run_id=110202&search_id=114132&scans_id=110198&peptide_id=30555&scanf=38328&charge=3&value=0,R.TVGALQVLGTEAQSSLLK.A,/core/www/modules/show_out/show_out_wrapper.php?run_id=110202&search_id=114132&scans_id=110198&peptide_id=30555&scanf=38328&charge=3&value=R.TVGALQVLGTEAQSSLLK.A,PRKDC,5.807e+7,3.802,0.000,3.596,0.000
38330,2,"  3.471","  0.368",13/30,/core/www/modules//sdig/index.php?run_id=110202&search_id=114132&scans_id=110198&peptide_id=30558&scanf=38330&charge=2&value=13/30,sp|Q96P16|RPR1A_HUMAN,/core/www/modules//consensus/?run_id=110202&search_id=114132&scans_id=110198&peptide_id=30558&scanf=38330&charge=2&value=sp|Q96P16|RPR1A_HUMAN,2,/core/www/modules/match_peptides/blast_html4.php?run_id=110202&search_id=114132&scans_id=110198&peptide_id=30558&scanf=38330&charge=2&value=2,R.IASLPVEVQEVSLLDK.I,/core/www/modules/show_out/show_out_wrapper.php?run_id=110202&search_id=114132&scans_id=110198&peptide_id=30558&scanf=38330&charge=2&value=R.IASLPVEVQEVSLLDK.I,RPRD1A,2.613e+6,2.425,0.027,1.565,0.001
38334,3,"  4.168","  0.592",17/88,/core/www/modules//sdig/index.php?run_id=110202&search_id=114132&scans_id=110198&peptide_id=30562&scanf=38334&charge=3&value=17/88,sp|Q13243|SRSF5_HUMAN,/core/www/modules//consensus/?run_id=110202&search_id=114132&scans_id=110198&peptide_id=30562&scanf=38334&charge=3&value=sp|Q13243|SRSF5_HUMAN,3,/core/www/modules/match_peptides/blast_html4.php?run_id=110202&search_id=114132&scans_id=110198&peptide_id=30562&scanf=38334&charge=3&value=3,R.GFGFVEFEDPRDADDAVYELDGK.E,/core/www/modules/show_out/show_out_wrapper.php?run_id=110202&search_id=114132&scans_id=110198&peptide_id=30562&scanf=38334&charge=3&value=R.GFGFVEFEDPRDADDAVYELDGK.E,SRSF5,1.877e+6,2.801,0.008,2.115,0.000
38336,3,"  4.615","  0.704",18/56,/core/www/modules//sdig/index.php?run_id=110202&search_id=114132&scans_id=110198&peptide_id=30564&scanf=38336&charge=3&value=18/56,sp|Q9BZE4|GTPB4_HUMAN,/core/www/modules//consensus/?run_id=110202&search_id=114132&scans_id=110198&peptide_id=30564&scanf=38336&charge=3&value=sp|Q9BZE4|GTPB4_HUMAN,0,/core/www/modules/match_peptides/blast_html4.php?run_id=110202&search_id=114132&scans_id=110198&peptide_id=30564&scanf=38336&charge=3&value=0,R.NTIEMQAITALAHLR.A,/core/www/modules/show_out/show_out_wrapper.php?run_id=110202&search_id=114132&scans_id=110198&peptide_id=30564&scanf=38336&charge=3&value=R.NTIEMQAITALAHLR.A,GTPBP4,1.322e+7,3.936,0.000,3.794,0.000
38338,2,"  2.664","  0.242",13/24,/core/www/modules//sdig/index.php?run_id=110202&search_id=114132&scans_id=110198&peptide_id=30566&scanf=38338&charge=2&value=13/24,sp|Q5VYK3|ECM29_HUMAN,/core/www/modules//consensus/?run_id=110202&search_id=114132&scans_id=110198&peptide_id=30566&scanf=38338&charge=2&value=sp|Q5VYK3|ECM29_HUMAN,2,/core/www/modules/match_peptides/blast_html4.php?run_id=110202&search_id=114132&scans_id=110198&peptide_id=30566&scanf=38338&charge=2&value=2,K.LLLQGLMDSVEAK.Q,/core/www/modules/show_out/show_out_wrapper.php?run_id=110202&search_id=114132&scans_id=110198&peptide_id=30566&scanf=38338&charge=2&value=K.LLLQGLMDSVEAK.Q,ECPAS,3.477e+6,2.129,0.071,1.146,0.002
38343,2,"  1.952","  0.281",9/16,/core/www/modules//sdig/index.php?run_id=110202&search_id=114132&scans_id=110198&peptide_id=30572&scanf=38343&charge=2&value=9/16,sp|Q0VDF9|HSP7E_HUMAN,/core/www/modules//consensus/?run_id=110202&search_id=114132&scans_id=110198&peptide_id=30572&scanf=38343&charge=2&value=sp|Q0VDF9|HSP7E_HUMAN,0,/core/www/modules/match_peptides/blast_html4.php?run_id=110202&search_id=114132&scans_id=110198&peptide_id=30572&scanf=38343&charge=2&value=0,R.DILAVLTMK.R,/core/www/modules/show_out/show_out_wrapper.php?run_id=110202&search_id=114132&scans_id=110198&peptide_id=30572&scanf=38343&charge=2&value=R.DILAVLTMK.R,HSPA14,1.003e+6,2.428,0.027,1.570,0.001
38347,3,"  2.494","  0.274",7/72,/core/www/modules//sdig/index.php?run_id=110202&search_id=114132&scans_id=110198&peptide_id=30575&scanf=38347&charge=3&value=7/72,sp|Q7L014|DDX46_HUMAN,/core/www/modules//consensus/?run_id=110202&search_id=114132&scans_id=110198&peptide_id=30575&scanf=38347&charge=3&value=sp|Q7L014|DDX46_HUMAN,0,/core/www/modules/match_peptides/blast_html4.php?run_id=110202&search_id=114132&scans_id=110198&peptide_id=30575&scanf=38347&charge=3&value=0,K.NLGIESQDVMQQATNAILR.G,/core/www/modules/show_out/show_out_wrapper.php?run_id=110202&search_id=114132&scans_id=110198&peptide_id=30575&scanf=38347&charge=3&value=K.NLGIESQDVMQQATNAILR.G,DDX46,3.070e+6,1.844,0.169,0.773,0.009
38348,2,"  4.464","  0.570",18/34,/core/www/modules//sdig/index.php?run_id=110202&search_id=114132&scans_id=110198&peptide_id=30576&scanf=38348&charge=2&value=18/34,sp|P78527|PRKDC_HUMAN,/core/www/modules//consensus/?run_id=110202&search_id=114132&scans_id=110198&peptide_id=30576&scanf=38348&charge=2&value=sp|P78527|PRKDC_HUMAN,0,/core/www/modules/match_peptides/blast_html4.php?run_id=110202&search_id=114132&scans_id=110198&peptide_id=30576&scanf=38348&charge=2&value=0,R.TVGALQVLGTEAQSSLLK.A,/core/www/modules/show_out/show_out_wrapper.php?run_id=110202&search_id=114132&scans_id=110198&peptide_id=30576&scanf=38348&charge=2&value=R.TVGALQVLGTEAQSSLLK.A,PRKDC,6.363e+7,4.033,0.000,3.939,0.000
38356,3,"  6.729","  0.660",28/108,/core/www/modules//sdig/index.php?run_id=110202&search_id=114132&scans_id=110198&peptide_id=30585&scanf=38356&charge=3&value=28/108,sp|Q9BXK5|B2L13_HUMAN,/core/www/modules//consensus/?run_id=110202&search_id=114132&scans_id=110198&peptide_id=30585&scanf=38356&charge=3&value=sp|Q9BXK5|B2L13_HUMAN,4,/core/www/modules/match_peptides/blast_html4.php?run_id=110202&search_id=114132&scans_id=110198&peptide_id=30585&scanf=38356&charge=3&value=4,K.LQEQHLSSPQGVQLDIASQSLDQEILLK.V,/core/www/modules/show_out/show_out_wrapper.php?run_id=110202&search_id=114132&scans_id=110198&peptide_id=30585&scanf=38356&charge=3&value=K.LQEQHLSSPQGVQLDIASQSLDQEILLK.V,BCL2L13,1.261e+6,3.298,0.001,2.849,0.000
38357,2,"  4.189","  0.720",17/28,/core/www/modules//sdig/index.php?run_id=110202&search_id=114132&scans_id=110198&peptide_id=30586&scanf=38357&charge=2&value=17/28,sp|Q14204|DYHC1_HUMAN,/core/www/modules//consensus/?run_id=110202&search_id=114132&scans_id=110198&peptide_id=30586&scanf=38357&charge=2&value=sp|Q14204|DYHC1_HUMAN,27,/core/www/modules/match_peptides/blast_html4.php?run_id=110202&search_id=114132&scans_id=110198&peptide_id=30586&scanf=38357&charge=2&value=27,K.SPLVMDVLNIQGVQR.S,/core/www/modules/show_out/show_out_wrapper.php?run_id=110202&search_id=114132&scans_id=110198&peptide_id=30586&scanf=38357&charge=2&value=K.SPLVMDVLNIQGVQR.S,DYNC1H1,2.038e+6,4.153,0.000,4.117,0.000
38358,2,"  2.743","  0.486",9/22,/core/www/modules//sdig/index.php?run_id=110202&search_id=114132&scans_id=110198&peptide_id=30587&scanf=38358&charge=2&value=9/22,sp|P13667|PDIA4_HUMAN,/core/www/modules//consensus/?run_id=110202&search_id=114132&scans_id=110198&peptide_id=30587&scanf=38358&charge=2&value=sp|P13667|PDIA4_HUMAN,2,/core/www/modules/match_peptides/blast_html4.php?run_id=110202&search_id=114132&scans_id=110198&peptide_id=30587&scanf=38358&charge=2&value=2,K.DGDDVIIIGVFK.G,/core/www/modules/show_out/show_out_wrapper.php?run_id=110202&search_id=114132&scans_id=110198&peptide_id=30587&scanf=38358&charge=2&value=K.DGDDVIIIGVFK.G,PDIA4,1.704e+6,2.979,0.004,2.376,0.000
38359,3,"  3.790","  0.468",12/84,/core/www/modules//sdig/index.php?run_id=110202&search_id=114132&scans_id=110198&peptide_id=30588&scanf=38359&charge=3&value=12/84,sp|P50750|CDK9_HUMAN,/core/www/modules//consensus/?run_id=110202&search_id=114132&scans_id=110198&peptide_id=30588&scanf=38359&charge=3&value=sp|P50750|CDK9_HUMAN,0,/core/www/modules/match_peptides/blast_html4.php?run_id=110202&search_id=114132&scans_id=110198&peptide_id=30588&scanf=38359&charge=3&value=0,R.IDSDDALNHDFFWSDPMPSDLK.G,/core/www/modules/show_out/show_out_wrapper.php?run_id=110202&search_id=114132&scans_id=110198&peptide_id=30588&scanf=38359&charge=3&value=R.IDSDDALNHDFFWSDPMPSDLK.G,CDK9,6.470e+6,2.471,0.023,1.632,0.001
38364,2,"  2.649","  0.416",11/34,/core/www/modules//sdig/index.php?run_id=110202&search_id=114132&scans_id=110198&peptide_id=30593&scanf=38364&charge=2&value=11/34,sp|P11310|ACADM_HUMAN,/core/www/modules//consensus/?run_id=110202&search_id=114132&scans_id=110198&peptide_id=30593&scanf=38364&charge=2&value=sp|P11310|ACADM_HUMAN,6,/core/www/modules/match_peptides/blast_html4.php?run_id=110202&search_id=114132&scans_id=110198&peptide_id=30593&scanf=38364&charge=2&value=6,K.AFTGFIVEADTPGIQIGR.K,/core/www/modules/show_out/show_out_wrapper.php?run_id=110202&search_id=114132&scans_id=110198&peptide_id=30593&scanf=38364&charge=2&value=K.AFTGFIVEADTPGIQIGR.K,ACADM,1.413e+6,2.289,0.043,1.371,0.001
38367,3,"  2.780","  0.074",18/56,/core/www/modules//sdig/index.php?run_id=110202&search_id=114132&scans_id=110198&peptide_id=30595&scanf=38367&charge=3&value=18/56,sp|O60814|H2B1K_HUMAN,/core/www/modules//consensus/?run_id=110202&search_id=114132&scans_id=110198&peptide_id=30595&scanf=38367&charge=3&value=sp|O60814|H2B1K_HUMAN,14,/core/www/modules/match_peptides/blast_html4.php?run_id=110202&search_id=114132&scans_id=110198&peptide_id=30595&scanf=38367&charge=3&value=14,K.AMGIM*NSFVNDIFER.I,/core/www/modules/show_out/show_out_wrapper.php?run_id=110202&search_id=114132&scans_id=110198&peptide_id=30595&scanf=38367&charge=3&value=K.AMGIM*NSFVNDIFER.I,H2BC12,1.738e+7,3.474,0.001,3.110,0.000
38368,2,"  5.795","  0.697",22/32,/core/www/modules//sdig/index.php?run_id=110202&search_id=114132&scans_id=110198&peptide_id=30596&scanf=38368&charge=2&value=22/32,sp|P52597|HNRPF_HUMAN,/core/www/modules//consensus/?run_id=110202&search_id=114132&scans_id=110198&peptide_id=30596&scanf=38368&charge=2&value=sp|P52597|HNRPF_HUMAN,0,/core/www/modules/match_peptides/blast_html4.php?run_id=110202&search_id=114132&scans_id=110198&peptide_id=30596&scanf=38368&charge=2&value=0,K.ITGEAFVQFASQELAEK.A,/core/www/modules/show_out/show_out_wrapper.php?run_id=110202&search_id=114132&scans_id=110198&peptide_id=30596&scanf=38368&charge=2&value=K.ITGEAFVQFASQELAEK.A,HNRNPF,2.846e+7,3.948,0.000,3.812,0.000
38369,3,"  3.769","  0.569",21/52,/core/www/modules//sdig/index.php?run_id=110202&search_id=114132&scans_id=110198&peptide_id=30597&scanf=38369&charge=3&value=21/52,sp|Q8IX12|CCAR1_HUMAN,/core/www/modules//consensus/?run_id=110202&search_id=114132&scans_id=110198&peptide_id=30597&scanf=38369&charge=3&value=sp|Q8IX12|CCAR1_HUMAN,0,/core/www/modules/match_peptides/blast_html4.php?run_id=110202&search_id=114132&scans_id=110198&peptide_id=30597&scanf=38369&charge=3&value=0,R.NLSTVMDEIHTVLK.K,/core/www/modules/show_out/show_out_wrapper.php?run_id=110202&search_id=114132&scans_id=110198&peptide_id=30597&scanf=38369&charge=3&value=R.NLSTVMDEIHTVLK.K,CCAR1,1.061e+7,3.575,0.001,3.259,0.000
38371,2,"  4.037","  0.730",16/26,/core/www/modules//sdig/index.php?run_id=110202&search_id=114132&scans_id=110198&peptide_id=30600&scanf=38371&charge=2&value=16/26,sp|Q9UQE7|SMC3_HUMAN,/core/www/modules//consensus/?run_id=110202&search_id=114132&scans_id=110198&peptide_id=30600&scanf=38371&charge=2&value=sp|Q9UQE7|SMC3_HUMAN,0,/core/www/modules/match_peptides/blast_html4.php?run_id=110202&search_id=114132&scans_id=110198&peptide_id=30600&scanf=38371&charge=2&value=0,K.NDVMNLLESAGFSR.S,/core/www/modules/show_out/show_out_wrapper.php?run_id=110202&search_id=114132&scans_id=110198&peptide_id=30600&scanf=38371&charge=2&value=K.NDVMNLLESAGFSR.S,SMC3,8.480e+6,4.155,0.000,4.119,0.000
38372,4,"  6.442","  0.536",22/156,/core/www/modules//sdig/index.php?run_id=110202&search_id=114132&scans_id=110198&peptide_id=30601&scanf=38372&charge=4&value=22/156,sp|Q9UFC0|LRWD1_HUMAN,/core/www/modules//consensus/?run_id=110202&search_id=114132&scans_id=110198&peptide_id=30601&scanf=38372&charge=4&value=sp|Q9UFC0|LRWD1_HUMAN,1,/core/www/modules/match_peptides/blast_html4.php?run_id=110202&search_id=114132&scans_id=110198&peptide_id=30601&scanf=38372&charge=4&value=1,R.LTQLQELDLSNNHLETLPDNLGLSHLR.V,/core/www/modules/show_out/show_out_wrapper.php?run_id=110202&search_id=114132&scans_id=110198&peptide_id=30601&scanf=38372&charge=4&value=R.LTQLQELDLSNNHLETLPDNLGLSHLR.V,LRWD1,2.502e+6,3.194,0.002,2.695,0.000
38373,4,"  4.014","  0.471",13/144,/core/www/modules//sdig/index.php?run_id=110202&search_id=114132&scans_id=110198&peptide_id=30602&scanf=38373&charge=4&value=13/144,sp|Q96GM5|SMRD1_HUMAN,/core/www/modules//consensus/?run_id=110202&search_id=114132&scans_id=110198&peptide_id=30602&scanf=38373&charge=4&value=sp|Q96GM5|SMRD1_HUMAN,1,/core/www/modules/match_peptides/blast_html4.php?run_id=110202&search_id=114132&scans_id=110198&peptide_id=30602&scanf=38373&charge=4&value=1,R.LHALLM*PPEPIIINHVISVDPNDQK.K,/core/www/modules/show_out/show_out_wrapper.php?run_id=110202&search_id=114132&scans_id=110198&peptide_id=30602&scanf=38373&charge=4&value=R.LHALLM*PPEPIIINHVISVDPNDQK.K,SMARCD1,1.774e+6,2.901,0.005,2.261,0.000
38374,2,"  4.397","  0.643",18/28,/core/www/modules//sdig/index.php?run_id=110202&search_id=114132&scans_id=110198&peptide_id=30603&scanf=38374&charge=2&value=18/28,sp|P68363|TBA1B_HUMAN,/core/www/modules//consensus/?run_id=110202&search_id=114132&scans_id=110198&peptide_id=30603&scanf=38374&charge=2&value=sp|P68363|TBA1B_HUMAN,10,/core/www/modules/match_peptides/blast_html4.php?run_id=110202&search_id=114132&scans_id=110198&peptide_id=30603&scanf=38374&charge=2&value=10,R.AVFVDLEPTVIDEVR.T,/core/www/modules/show_out/show_out_wrapper.php?run_id=110202&search_id=114132&scans_id=110198&peptide_id=30603&scanf=38374&charge=2&value=R.AVFVDLEPTVIDEVR.T,TUBA1B,6.397e+7,3.683,0.000,3.420,0.000
38378,3,"  6.084","  0.692",18/128,/core/www/modules//sdig/index.php?run_id=110202&search_id=114132&scans_id=110198&peptide_id=30607&scanf=38378&charge=3&value=18/128,sp|P23246|SFPQ_HUMAN,/core/www/modules//consensus/?run_id=110202&search_id=114132&scans_id=110198&peptide_id=30607&scanf=38378&charge=3&value=sp|P23246|SFPQ_HUMAN,1,/core/www/modules/match_peptides/blast_html4.php?run_id=110202&search_id=114132&scans_id=110198&peptide_id=30607&scanf=38378&charge=3&value=1,K.FPPLGGGGGIGYEANPGVPPATMSGSMMGSDMR.T,/core/www/modules/show_out/show_out_wrapper.php?run_id=110202&search_id=114132&scans_id=110198&peptide_id=30607&scanf=38378&charge=3&value=K.FPPLGGGGGIGYEANPGVPPATMSGSMMGSDMR.T,SFPQ,2.589e+6,3.107,0.003,2.566,0.000
38379,2,"  2.531","  0.532",11/26,/core/www/modules//sdig/index.php?run_id=110202&search_id=114132&scans_id=110198&peptide_id=30608&scanf=38379&charge=2&value=11/26,sp|P09960|LKHA4_HUMAN,/core/www/modules//consensus/?run_id=110202&search_id=114132&scans_id=110198&peptide_id=30608&scanf=38379&charge=2&value=sp|P09960|LKHA4_HUMAN,0,/core/www/modules/match_peptides/blast_html4.php?run_id=110202&search_id=114132&scans_id=110198&peptide_id=30608&scanf=38379&charge=2&value=0,K.GSPMEISLPIALSK.N,/core/www/modules/show_out/show_out_wrapper.php?run_id=110202&search_id=114132&scans_id=110198&peptide_id=30608&scanf=38379&charge=2&value=K.GSPMEISLPIALSK.N,LTA4H,1.308e+6,2.892,0.006,2.249,0.000
38384,3,"  2.369","  0.486",13/44,/core/www/modules//sdig/index.php?run_id=110202&search_id=114132&scans_id=110198&peptide_id=30614&scanf=38384&charge=3&value=13/44,sp|O60763|USO1_HUMAN,/core/www/modules//consensus/?run_id=110202&search_id=114132&scans_id=110198&peptide_id=30614&scanf=38384&charge=3&value=sp|O60763|USO1_HUMAN,0,/core/www/modules/match_peptides/blast_html4.php?run_id=110202&search_id=114132&scans_id=110198&peptide_id=30614&scanf=38384&charge=3&value=0,R.NDGVLLLQALTR.S,/core/www/modules/show_out/show_out_wrapper.php?run_id=110202&search_id=114132&scans_id=110198&peptide_id=30614&scanf=38384&charge=3&value=R.NDGVLLLQALTR.S,USO1,1.087e+6,3.186,0.002,2.684,0.000
38388,2,"  2.776","  0.514",14/26,/core/www/modules//sdig/index.php?run_id=110202&search_id=114132&scans_id=110198&peptide_id=30617&scanf=38388&charge=2&value=14/26,sp|P49848|TAF6_HUMAN,/core/www/modules//consensus/?run_id=110202&search_id=114132&scans_id=110198&peptide_id=30617&scanf=38388&charge=2&value=sp|P49848|TAF6_HUMAN,9,/core/www/modules/match_peptides/blast_html4.php?run_id=110202&search_id=114132&scans_id=110198&peptide_id=30617&scanf=38388&charge=2&value=9,K.EVDLSDIINTPLPR.V,/core/www/modules/show_out/show_out_wrapper.php?run_id=110202&search_id=114132&scans_id=110198&peptide_id=30617&scanf=38388&charge=2&value=K.EVDLSDIINTPLPR.V,TAF6,5.824e+6,3.067,0.003,2.506,0.000
38389,3,"  7.199","  0.675",23/112,/core/www/modules//sdig/index.php?run_id=110202&search_id=114132&scans_id=110198&peptide_id=30618&scanf=38389&charge=3&value=23/112,sp|Q8WUA4|TF3C2_HUMAN,/core/www/modules//consensus/?run_id=110202&search_id=114132&scans_id=110198&peptide_id=30618&scanf=38389&charge=3&value=sp|Q8WUA4|TF3C2_HUMAN,0,/core/www/modules/match_peptides/blast_html4.php?run_id=110202&search_id=114132&scans_id=110198&peptide_id=30618&scanf=38389&charge=3&value=0,K.RPQQPNPPSAPLVPGLLDQSNPLSTPMPK.K,/core/www/modules/show_out/show_out_wrapper.php?run_id=110202&search_id=114132&scans_id=110198&peptide_id=30618&scanf=38389&charge=3&value=K.RPQQPNPPSAPLVPGLLDQSNPLSTPMPK.K,GTF3C2,7.720e+5,3.253,0.002,2.782,0.000
38391,2,"  2.858","  0.588",13/18,/core/www/modules//sdig/index.php?run_id=110202&search_id=114132&scans_id=110198&peptide_id=30621&scanf=38391&charge=2&value=13/18,sp|O75691|UTP20_HUMAN,/core/www/modules//consensus/?run_id=110202&search_id=114132&scans_id=110198&peptide_id=30621&scanf=38391&charge=2&value=sp|O75691|UTP20_HUMAN,0,/core/www/modules/match_peptides/blast_html4.php?run_id=110202&search_id=114132&scans_id=110198&peptide_id=30621&scanf=38391&charge=2&value=0,R.LLETYLILVK.H,/core/www/modules/show_out/show_out_wrapper.php?run_id=110202&search_id=114132&scans_id=110198&peptide_id=30621&scanf=38391&charge=2&value=R.LLETYLILVK.H,UTP20,2.412e+6,3.852,0.000,3.670,0.000
38398,2,"  1.858","  0.244",10/16,/core/www/modules//sdig/index.php?run_id=110202&search_id=114132&scans_id=110198&peptide_id=30628&scanf=38398&charge=2&value=10/16,sp|O75390|CISY_HUMAN,/core/www/modules//consensus/?run_id=110202&search_id=114132&scans_id=110198&peptide_id=30628&scanf=38398&charge=2&value=sp|O75390|CISY_HUMAN,9,/core/www/modules/match_peptides/blast_html4.php?run_id=110202&search_id=114132&scans_id=110198&peptide_id=30628&scanf=38398&charge=2&value=9,K.DILADLIPK.E,/core/www/modules/show_out/show_out_wrapper.php?run_id=110202&search_id=114132&scans_id=110198&peptide_id=30628&scanf=38398&charge=2&value=K.DILADLIPK.E,CS,2.350e+7,2.227,0.052,1.284,0.002
38406,3,"  2.713","  0.439",10/60,/core/www/modules//sdig/index.php?run_id=110202&search_id=114132&scans_id=110198&peptide_id=30637&scanf=38406&charge=3&value=10/60,sp|Q9UIG0|BAZ1B_HUMAN,/core/www/modules//consensus/?run_id=110202&search_id=114132&scans_id=110198&peptide_id=30637&scanf=38406&charge=3&value=sp|Q9UIG0|BAZ1B_HUMAN,0,/core/www/modules/match_peptides/blast_html4.php?run_id=110202&search_id=114132&scans_id=110198&peptide_id=30637&scanf=38406&charge=3&value=0,K.LSEIPLTLHSVSELVR.L,/core/www/modules/show_out/show_out_wrapper.php?run_id=110202&search_id=114132&scans_id=110198&peptide_id=30637&scanf=38406&charge=3&value=K.LSEIPLTLHSVSELVR.L,BAZ1B,7.040e+5,2.591,0.016,1.806,0.000
38409,2,"  2.925","  0.583",12/20,/core/www/modules//sdig/index.php?run_id=110202&search_id=114132&scans_id=110198&peptide_id=30639&scanf=38409&charge=2&value=12/20,sp|P56192|SYMC_HUMAN,/core/www/modules//consensus/?run_id=110202&search_id=114132&scans_id=110198&peptide_id=30639&scanf=38409&charge=2&value=sp|P56192|SYMC_HUMAN,1,/core/www/modules/match_peptides/blast_html4.php?run_id=110202&search_id=114132&scans_id=110198&peptide_id=30639&scanf=38409&charge=2&value=1,K.ITQDIFQQLLK.R,/core/www/modules/show_out/show_out_wrapper.php?run_id=110202&search_id=114132&scans_id=110198&peptide_id=30639&scanf=38409&charge=2&value=K.ITQDIFQQLLK.R,MARS1,3.115e+7,3.538,0.001,3.205,0.000
38411,2,"  3.264","  0.307",14/24,/core/www/modules//sdig/index.php?run_id=110202&search_id=114132&scans_id=110198&peptide_id=30642&scanf=38411&charge=2&value=14/24,sp|Q9Y262|EIF3L_HUMAN,/core/www/modules//consensus/?run_id=110202&search_id=114132&scans_id=110198&peptide_id=30642&scanf=38411&charge=2&value=sp|Q9Y262|EIF3L_HUMAN,2,/core/www/modules/match_peptides/blast_html4.php?run_id=110202&search_id=114132&scans_id=110198&peptide_id=30642&scanf=38411&charge=2&value=2,K.LAGFLDLTEQEFR.I,/core/www/modules/show_out/show_out_wrapper.php?run_id=110202&search_id=114132&scans_id=110198&peptide_id=30642&scanf=38411&charge=2&value=K.LAGFLDLTEQEFR.I,EIF3L,8.848e+6,2.542,0.018,1.736,0.000
38412,3,"  3.688","  0.616",19/56,/core/www/modules//sdig/index.php?run_id=110202&search_id=114132&scans_id=110198&peptide_id=30643&scanf=38412&charge=3&value=19/56,sp|P68363|TBA1B_HUMAN,/core/www/modules//consensus/?run_id=110202&search_id=114132&scans_id=110198&peptide_id=30643&scanf=38412&charge=3&value=sp|P68363|TBA1B_HUMAN,10,/core/www/modules/match_peptides/blast_html4.php?run_id=110202&search_id=114132&scans_id=110198&peptide_id=30643&scanf=38412&charge=3&value=10,R.AVFVDLEPTVIDEVR.T,/core/www/modules/show_out/show_out_wrapper.php?run_id=110202&search_id=114132&scans_id=110198&peptide_id=30643&scanf=38412&charge=3&value=R.AVFVDLEPTVIDEVR.T,TUBA1B,4.552e+7,3.560,0.001,3.236,0.000
38414,4,"  2.862","  0.393",11/132,/core/www/modules//sdig/index.php?run_id=110202&search_id=114132&scans_id=110198&peptide_id=30645&scanf=38414&charge=4&value=11/132,sp|Q6PD62|CTR9_HUMAN,/core/www/modules//consensus/?run_id=110202&search_id=114132&scans_id=110198&peptide_id=30645&scanf=38414&charge=4&value=sp|Q6PD62|CTR9_HUMAN,0,/core/www/modules/match_peptides/blast_html4.php?run_id=110202&search_id=114132&scans_id=110198&peptide_id=30645&scanf=38414&charge=4&value=0,K.EALQINQDHPDAWSLIGNLHLAK.Q,/core/www/modules/show_out/show_out_wrapper.php?run_id=110202&search_id=114132&scans_id=110198&peptide_id=30645&scanf=38414&charge=4&value=K.EALQINQDHPDAWSLIGNLHLAK.Q,CTR9,5.309e+6,2.565,0.017,1.768,0.000
38417,2,"  4.191","  0.390",13/28,/core/www/modules//sdig/index.php?run_id=110202&search_id=114132&scans_id=110198&peptide_id=30648&scanf=38417&charge=2&value=13/28,sp|O60313|OPA1_HUMAN,/core/www/modules//consensus/?run_id=110202&search_id=114132&scans_id=110198&peptide_id=30648&scanf=38417&charge=2&value=sp|O60313|OPA1_HUMAN,6,/core/www/modules/match_peptides/blast_html4.php?run_id=110202&search_id=114132&scans_id=110198&peptide_id=30648&scanf=38417&charge=2&value=6,K.AVEVAWETLQEEFSR.F,/core/www/modules/show_out/show_out_wrapper.php?run_id=110202&search_id=114132&scans_id=110198&peptide_id=30648&scanf=38417&charge=2&value=K.AVEVAWETLQEEFSR.F,OPA1,1.942e+6,2.612,0.015,1.837,0.000
38418,2,"  2.478","  0.492",13/32,/core/www/modules//sdig/index.php?run_id=110202&search_id=114132&scans_id=110198&peptide_id=30649&scanf=38418&charge=2&value=13/32,sp|Q02880|TOP2B_HUMAN,/core/www/modules//consensus/?run_id=110202&search_id=114132&scans_id=110198&peptide_id=30649&scanf=38418&charge=2&value=sp|Q02880|TOP2B_HUMAN,4,/core/www/modules/match_peptides/blast_html4.php?run_id=110202&search_id=114132&scans_id=110198&peptide_id=30649&scanf=38418&charge=2&value=4,K.VSIDPESNIISIWNNGK.G,/core/www/modules/show_out/show_out_wrapper.php?run_id=110202&search_id=114132&scans_id=110198&peptide_id=30649&scanf=38418&charge=2&value=K.VSIDPESNIISIWNNGK.G,TOP2B,1.304e+6,2.832,0.007,2.160,0.000
38420,2,"  2.221","  0.246",9/26,/core/www/modules//sdig/index.php?run_id=110202&search_id=114132&scans_id=110198&peptide_id=30652&scanf=38420&charge=2&value=9/26,sp|P41743|KPCI_HUMAN,/core/www/modules//consensus/?run_id=110202&search_id=114132&scans_id=110198&peptide_id=30652&scanf=38420&charge=2&value=sp|P41743|KPCI_HUMAN,0,/core/www/modules/match_peptides/blast_html4.php?run_id=110202&search_id=114132&scans_id=110198&peptide_id=30652&scanf=38420&charge=2&value=0,K.ASSSLGLQDFDLLR.V,/core/www/modules/show_out/show_out_wrapper.php?run_id=110202&search_id=114132&scans_id=110198&peptide_id=30652&scanf=38420&charge=2&value=K.ASSSLGLQDFDLLR.V,PRKCI,1.645e+6,1.837,0.172,0.764,0.009
38428,3,"  4.842","  0.585",18/60,/core/www/modules//sdig/index.php?run_id=110202&search_id=114132&scans_id=110198&peptide_id=30660&scanf=38428&charge=3&value=18/60,sp|Q9UQR1|ZN148_HUMAN,/core/www/modules//consensus/?run_id=110202&search_id=114132&scans_id=110198&peptide_id=30660&scanf=38428&charge=3&value=sp|Q9UQR1|ZN148_HUMAN,0,/core/www/modules/match_peptides/blast_html4.php?run_id=110202&search_id=114132&scans_id=110198&peptide_id=30660&scanf=38428&charge=3&value=0,R.LPQGLQYALNVPISVK.Q,/core/www/modules/show_out/show_out_wrapper.php?run_id=110202&search_id=114132&scans_id=110198&peptide_id=30660&scanf=38428&charge=3&value=R.LPQGLQYALNVPISVK.Q,ZNF148,1.893e+6,3.318,0.001,2.879,0.000
38431,3,"  3.673","  0.498",14/88,/core/www/modules//sdig/index.php?run_id=110202&search_id=114132&scans_id=110198&peptide_id=30663&scanf=38431&charge=3&value=14/88,sp|P24928|RPB1_HUMAN,/core/www/modules//consensus/?run_id=110202&search_id=114132&scans_id=110198&peptide_id=30663&scanf=38431&charge=3&value=sp|P24928|RPB1_HUMAN,1,/core/www/modules/match_peptides/blast_html4.php?run_id=110202&search_id=114132&scans_id=110198&peptide_id=30663&scanf=38431&charge=3&value=1,R.MIVTPQSNRPVMGIVQDTLTAVR.K,/core/www/modules/show_out/show_out_wrapper.php?run_id=110202&search_id=114132&scans_id=110198&peptide_id=30663&scanf=38431&charge=3&value=R.MIVTPQSNRPVMGIVQDTLTAVR.K,POLR2A,2.531e+6,2.433,0.026,1.578,0.001
38436,3,"  2.816","  0.435",13/52,/core/www/modules//sdig/index.php?run_id=110202&search_id=114132&scans_id=110198&peptide_id=30668&scanf=38436&charge=3&value=13/52,tr|A0A5F9ZHS3|A0A5F9ZHS3_HUMAN,/core/www/modules//consensus/?run_id=110202&search_id=114132&scans_id=110198&peptide_id=30668&scanf=38436&charge=3&value=tr|A0A5F9ZHS3|A0A5F9ZHS3_HUMAN,4,/core/www/modules/match_peptides/blast_html4.php?run_id=110202&search_id=114132&scans_id=110198&peptide_id=30668&scanf=38436&charge=3&value=4,R.AHIQSLFSFITGTK.L,/core/www/modules/show_out/show_out_wrapper.php?run_id=110202&search_id=114132&scans_id=110198&peptide_id=30668&scanf=38436&charge=3&value=R.AHIQSLFSFITGTK.L,MEN1,1.156e+6,2.844,0.007,2.178,0.000
38442,2,"  2.925","  0.424",10/22,/core/www/modules//sdig/index.php?run_id=110202&search_id=114132&scans_id=110198&peptide_id=30674&scanf=38442&charge=2&value=10/22,sp|Q01082|SPTB2_HUMAN,/core/www/modules//consensus/?run_id=110202&search_id=114132&scans_id=110198&peptide_id=30674&scanf=38442&charge=2&value=sp|Q01082|SPTB2_HUMAN,1,/core/www/modules/match_peptides/blast_html4.php?run_id=110202&search_id=114132&scans_id=110198&peptide_id=30674&scanf=38442&charge=2&value=1,K.QLWGLLIEETEK.R,/core/www/modules/show_out/show_out_wrapper.php?run_id=110202&search_id=114132&scans_id=110198&peptide_id=30674&scanf=38442&charge=2&value=K.QLWGLLIEETEK.R,SPTBN1,8.161e+5,2.749,0.009,2.037,0.000
38447,3,"  2.570","  0.207",11/72,/core/www/modules//sdig/index.php?run_id=110202&search_id=114132&scans_id=110198&peptide_id=30679&scanf=38447&charge=3&value=11/72,sp|Q15149|PLEC_HUMAN,/core/www/modules//consensus/?run_id=110202&search_id=114132&scans_id=110198&peptide_id=30679&scanf=38447&charge=3&value=sp|Q15149|PLEC_HUMAN,5,/core/www/modules/match_peptides/blast_html4.php?run_id=110202&search_id=114132&scans_id=110198&peptide_id=30679&scanf=38447&charge=3&value=5,R.GLFDEEMNEILTDPSDDTK.G,/core/www/modules/show_out/show_out_wrapper.php?run_id=110202&search_id=114132&scans_id=110198&peptide_id=30679&scanf=38447&charge=3&value=R.GLFDEEMNEILTDPSDDTK.G,PLEC,1.764e+6,2.289,0.043,1.370,0.001
38453,3,"  3.608","  0.482",15/84,/core/www/modules//sdig/index.php?run_id=110202&search_id=114132&scans_id=110198&peptide_id=30685&scanf=38453&charge=3&value=15/84,sp|Q5HYK3|COQ5_HUMAN,/core/www/modules//consensus/?run_id=110202&search_id=114132&scans_id=110198&peptide_id=30685&scanf=38453&charge=3&value=sp|Q5HYK3|COQ5_HUMAN,2,/core/www/modules/match_peptides/blast_html4.php?run_id=110202&search_id=114132&scans_id=110198&peptide_id=30685&scanf=38453&charge=3&value=2,K.MHPLPGTQLLDVAGGTGDIAFR.F,/core/www/modules/show_out/show_out_wrapper.php?run_id=110202&search_id=114132&scans_id=110198&peptide_id=30685&scanf=38453&charge=3&value=K.MHPLPGTQLLDVAGGTGDIAFR.F,COQ5,1.462e+6,2.602,0.015,1.823,0.000
38455,2,"  2.448","  0.492",12/22,/core/www/modules//sdig/index.php?run_id=110202&search_id=114132&scans_id=110198&peptide_id=30687&scanf=38455&charge=2&value=12/22,sp|Q99873|ANM1_HUMAN,/core/www/modules//consensus/?run_id=110202&search_id=114132&scans_id=110198&peptide_id=30687&scanf=38455&charge=2&value=sp|Q99873|ANM1_HUMAN,5,/core/www/modules/match_peptides/blast_html4.php?run_id=110202&search_id=114132&scans_id=110198&peptide_id=30687&scanf=38455&charge=2&value=5,K.WLAPDGLIFPDR.A,/core/www/modules/show_out/show_out_wrapper.php?run_id=110202&search_id=114132&scans_id=110198&peptide_id=30687&scanf=38455&charge=2&value=K.WLAPDGLIFPDR.A,PRMT1,3.558e+6,2.892,0.006,2.249,0.000
38456,2,"  1.752","  0.225",8/20,/core/www/modules//sdig/index.php?run_id=110202&search_id=114132&scans_id=110198&peptide_id=30688&scanf=38456&charge=2&value=8/20,sp|Q9UPN3|MACF1_HUMAN,/core/www/modules//consensus/?run_id=110202&search_id=114132&scans_id=110198&peptide_id=30688&scanf=38456&charge=2&value=sp|Q9UPN3|MACF1_HUMAN,7,/core/www/modules/match_peptides/blast_html4.php?run_id=110202&search_id=114132&scans_id=110198&peptide_id=30688&scanf=38456&charge=2&value=7,K.ELLGWVSTLAR.N,/core/www/modules/show_out/show_out_wrapper.php?run_id=110202&search_id=114132&scans_id=110198&peptide_id=30688&scanf=38456&charge=2&value=K.ELLGWVSTLAR.N,MACF1,2.102e+6,1.942,0.127,0.896,0.006
38458,2,"  4.874","  0.625",17/28,/core/www/modules//sdig/index.php?run_id=110202&search_id=114132&scans_id=110198&peptide_id=30690&scanf=38458&charge=2&value=17/28,sp|O60763|USO1_HUMAN,/core/www/modules//consensus/?run_id=110202&search_id=114132&scans_id=110198&peptide_id=30690&scanf=38458&charge=2&value=sp|O60763|USO1_HUMAN,0,/core/www/modules/match_peptides/blast_html4.php?run_id=110202&search_id=114132&scans_id=110198&peptide_id=30690&scanf=38458&charge=2&value=0,R.QSEDLGSQFTEIFIK.Q,/core/www/modules/show_out/show_out_wrapper.php?run_id=110202&search_id=114132&scans_id=110198&peptide_id=30690&scanf=38458&charge=2&value=R.QSEDLGSQFTEIFIK.Q,USO1,2.371e+6,3.528,0.001,3.190,0.000
38459,2,"  2.912","  0.584",11/26,/core/www/modules//sdig/index.php?run_id=110202&search_id=114132&scans_id=110198&peptide_id=30691&scanf=38459&charge=2&value=11/26,sp|Q9UQE7|SMC3_HUMAN,/core/www/modules//consensus/?run_id=110202&search_id=114132&scans_id=110198&peptide_id=30691&scanf=38459&charge=2&value=sp|Q9UQE7|SMC3_HUMAN,0,/core/www/modules/match_peptides/blast_html4.php?run_id=110202&search_id=114132&scans_id=110198&peptide_id=30691&scanf=38459&charge=2&value=0,K.MNLPGEVTFLPLNK.L,/core/www/modules/show_out/show_out_wrapper.php?run_id=110202&search_id=114132&scans_id=110198&peptide_id=30691&scanf=38459&charge=2&value=K.MNLPGEVTFLPLNK.L,SMC3,1.614e+7,3.324,0.001,2.887,0.000
38460,3,"  1.636","  0.436",14/44,/core/www/modules//sdig/index.php?run_id=110202&search_id=114132&scans_id=110198&peptide_id=30693&scanf=38460&charge=3&value=14/44,sp|O60231|DHX16_HUMAN,/core/www/modules//consensus/?run_id=110202&search_id=114132&scans_id=110198&peptide_id=30693&scanf=38460&charge=3&value=sp|O60231|DHX16_HUMAN,4,/core/www/modules/match_peptides/blast_html4.php?run_id=110202&search_id=114132&scans_id=110198&peptide_id=30693&scanf=38460&charge=3&value=4,R.TLHTDILFGLIK.D,/core/www/modules/show_out/show_out_wrapper.php?run_id=110202&search_id=114132&scans_id=110198&peptide_id=30693&scanf=38460&charge=3&value=R.TLHTDILFGLIK.D,DHX16,6.369e+6,2.975,0.004,2.372,0.000
38461,3,"  2.418","  0.389",7/64,/core/www/modules//sdig/index.php?run_id=110202&search_id=114132&scans_id=110198&peptide_id=30694&scanf=38461&charge=3&value=7/64,sp|Q9UQE7|SMC3_HUMAN,/core/www/modules//consensus/?run_id=110202&search_id=114132&scans_id=110198&peptide_id=30694&scanf=38461&charge=3&value=sp|Q9UQE7|SMC3_HUMAN,0,/core/www/modules/match_peptides/blast_html4.php?run_id=110202&search_id=114132&scans_id=110198&peptide_id=30694&scanf=38461&charge=3&value=0,K.AELGTDLLSQLSLEDQK.R,/core/www/modules/show_out/show_out_wrapper.php?run_id=110202&search_id=114132&scans_id=110198&peptide_id=30694&scanf=38461&charge=3&value=K.AELGTDLLSQLSLEDQK.R,SMC3,8.321e+5,2.517,0.020,1.699,0.000
38463,3,"  2.196","  0.307",9/56,/core/www/modules//sdig/index.php?run_id=110202&search_id=114132&scans_id=110198&peptide_id=30696&scanf=38463&charge=3&value=9/56,sp|Q9C037|TRIM4_HUMAN,/core/www/modules//consensus/?run_id=110202&search_id=114132&scans_id=110198&peptide_id=30696&scanf=38463&charge=3&value=sp|Q9C037|TRIM4_HUMAN,1,/core/www/modules/match_peptides/blast_html4.php?run_id=110202&search_id=114132&scans_id=110198&peptide_id=30696&scanf=38463&charge=3&value=1,K.LHNFLVEEEDLFLQR.L,/core/www/modules/show_out/show_out_wrapper.php?run_id=110202&search_id=114132&scans_id=110198&peptide_id=30696&scanf=38463&charge=3&value=K.LHNFLVEEEDLFLQR.L,TRIM4,1.191e+6,2.187,0.059,1.227,0.002
38465,2,"  1.518","  0.070",7/12,/core/www/modules//sdig/index.php?run_id=110202&search_id=114132&scans_id=110198&peptide_id=30698&scanf=38465&charge=2&value=7/12,sp|P55265|DSRAD_HUMAN,/core/www/modules//consensus/?run_id=110202&search_id=114132&scans_id=110198&peptide_id=30698&scanf=38465&charge=2&value=sp|P55265|DSRAD_HUMAN,3,/core/www/modules/match_peptides/blast_html4.php?run_id=110202&search_id=114132&scans_id=110198&peptide_id=30698&scanf=38465&charge=2&value=3,K.NIFLLFK.K,/core/www/modules/show_out/show_out_wrapper.php?run_id=110202&search_id=114132&scans_id=110198&peptide_id=30698&scanf=38465&charge=2&value=K.NIFLLFK.K,ADAR,7.872e+6,1.904,0.142,0.848,0.007
38468,2,"  4.832","  0.723",24/36,/core/www/modules//sdig/index.php?run_id=110202&search_id=114132&scans_id=110198&peptide_id=30701&scanf=38468&charge=2&value=24/36,sp|Q15149|PLEC_HUMAN,/core/www/modules//consensus/?run_id=110202&search_id=114132&scans_id=110198&peptide_id=30701&scanf=38468&charge=2&value=sp|Q15149|PLEC_HUMAN,5,/core/www/modules/match_peptides/blast_html4.php?run_id=110202&search_id=114132&scans_id=110198&peptide_id=30701&scanf=38468&charge=2&value=5,R.GLFDEEMNEILTDPSDDTK.G,/core/www/modules/show_out/show_out_wrapper.php?run_id=110202&search_id=114132&scans_id=110198&peptide_id=30701&scanf=38468&charge=2&value=R.GLFDEEMNEILTDPSDDTK.G,PLEC,1.175e+6,4.447,0.000,4.553,0.000
38470,3,"  2.350","  0.462",10/60,/core/www/modules//sdig/index.php?run_id=110202&search_id=114132&scans_id=110198&peptide_id=30704&scanf=38470&charge=3&value=10/60,sp|Q13200|PSMD2_HUMAN,/core/www/modules//consensus/?run_id=110202&search_id=114132&scans_id=110198&peptide_id=30704&scanf=38470&charge=3&value=sp|Q13200|PSMD2_HUMAN,0,/core/www/modules/match_peptides/blast_html4.php?run_id=110202&search_id=114132&scans_id=110198&peptide_id=30704&scanf=38470&charge=3&value=0,R.LGSIFGLGLAYAGSNR.E,/core/www/modules/show_out/show_out_wrapper.php?run_id=110202&search_id=114132&scans_id=110198&peptide_id=30704&scanf=38470&charge=3&value=R.LGSIFGLGLAYAGSNR.E,PSMD2,1.822e+6,2.782,0.008,2.086,0.000
38476,3,"  3.640","  0.500",15/96,/core/www/modules//sdig/index.php?run_id=110202&search_id=114132&scans_id=110198&peptide_id=30709&scanf=38476&charge=3&value=15/96,tr|A0A0U1RQF0|A0A0U1RQF0_HUMAN,/core/www/modules//consensus/?run_id=110202&search_id=114132&scans_id=110198&peptide_id=30709&scanf=38476&charge=3&value=tr|A0A0U1RQF0|A0A0U1RQF0_HUMAN,1,/core/www/modules/match_peptides/blast_html4.php?run_id=110202&search_id=114132&scans_id=110198&peptide_id=30709&scanf=38476&charge=3&value=1,R.LFDHPESPTPNPTEPLFLAQAEVYK.E,/core/www/modules/show_out/show_out_wrapper.php?run_id=110202&search_id=114132&scans_id=110198&peptide_id=30709&scanf=38476&charge=3&value=R.LFDHPESPTPNPTEPLFLAQAEVYK.E,FASN,1.299e+6,2.579,0.016,1.789,0.000
38483,3,"  2.728","  0.478",14/56,/core/www/modules//sdig/index.php?run_id=110202&search_id=114132&scans_id=110198&peptide_id=30717&scanf=38483&charge=3&value=14/56,sp|Q8WZ82|OVCA2_HUMAN,/core/www/modules//consensus/?run_id=110202&search_id=114132&scans_id=110198&peptide_id=30717&scanf=38483&charge=3&value=sp|Q8WZ82|OVCA2_HUMAN,0,/core/www/modules/match_peptides/blast_html4.php?run_id=110202&search_id=114132&scans_id=110198&peptide_id=30717&scanf=38483&charge=3&value=0,R.GLEESLGMVAQALNR.L,/core/www/modules/show_out/show_out_wrapper.php?run_id=110202&search_id=114132&scans_id=110198&peptide_id=30717&scanf=38483&charge=3&value=R.GLEESLGMVAQALNR.L,OVCA2,1.048e+6,2.934,0.005,2.310,0.000
38485,3,"  2.595","  0.419",17/52,/core/www/modules//sdig/index.php?run_id=110202&search_id=114132&scans_id=110198&peptide_id=30719&scanf=38485&charge=3&value=17/52,sp|P49848|TAF6_HUMAN,/core/www/modules//consensus/?run_id=110202&search_id=114132&scans_id=110198&peptide_id=30719&scanf=38485&charge=3&value=sp|P49848|TAF6_HUMAN,9,/core/www/modules/match_peptides/blast_html4.php?run_id=110202&search_id=114132&scans_id=110198&peptide_id=30719&scanf=38485&charge=3&value=9,K.EVDLSDIINTPLPR.V,/core/www/modules/show_out/show_out_wrapper.php?run_id=110202&search_id=114132&scans_id=110198&peptide_id=30719&scanf=38485&charge=3&value=K.EVDLSDIINTPLPR.V,TAF6,1.201e+6,2.875,0.006,2.223,0.000
38487,2,"  1.292","  0.241",8/12,/core/www/modules//sdig/index.php?run_id=110202&search_id=114132&scans_id=110198&peptide_id=30721&scanf=38487&charge=2&value=8/12,sp|P60709|ACTB_HUMAN,/core/www/modules//consensus/?run_id=110202&search_id=114132&scans_id=110198&peptide_id=30721&scanf=38487&charge=2&value=sp|P60709|ACTB_HUMAN,11,/core/www/modules/match_peptides/blast_html4.php?run_id=110202&search_id=114132&scans_id=110198&peptide_id=30721&scanf=38487&charge=2&value=11,K.IIAPPER.K,/core/www/modules/show_out/show_out_wrapper.php?run_id=110202&search_id=114132&scans_id=110198&peptide_id=30721&scanf=38487&charge=2&value=K.IIAPPER.K,ACTB,9.225e+5,3.088,0.003,2.538,0.000
38491,3,"  2.046","  0.303",13/56,/core/www/modules//sdig/index.php?run_id=110202&search_id=114132&scans_id=110198&peptide_id=30726&scanf=38491&charge=3&value=13/56,sp|Q969G3|SMCE1_HUMAN,/core/www/modules//consensus/?run_id=110202&search_id=114132&scans_id=110198&peptide_id=30726&scanf=38491&charge=3&value=sp|Q969G3|SMCE1_HUMAN,10,/core/www/modules/match_peptides/blast_html4.php?run_id=110202&search_id=114132&scans_id=110198&peptide_id=30726&scanf=38491&charge=3&value=10,R.LISEILSESVVPDVR.S,/core/www/modules/show_out/show_out_wrapper.php?run_id=110202&search_id=114132&scans_id=110198&peptide_id=30726&scanf=38491&charge=3&value=R.LISEILSESVVPDVR.S,SMARCE1,8.492e+6,2.400,0.029,1.530,0.001
38501,3,"  2.642","  0.297",12/64,/core/www/modules//sdig/index.php?run_id=110202&search_id=114132&scans_id=110198&peptide_id=30736&scanf=38501&charge=3&value=12/64,sp|O75369|FLNB_HUMAN,/core/www/modules//consensus/?run_id=110202&search_id=114132&scans_id=110198&peptide_id=30736&scanf=38501&charge=3&value=sp|O75369|FLNB_HUMAN,3,/core/www/modules/match_peptides/blast_html4.php?run_id=110202&search_id=114132&scans_id=110198&peptide_id=30736&scanf=38501&charge=3&value=3,K.IPYLPITNFNQNWQDGK.A,/core/www/modules/show_out/show_out_wrapper.php?run_id=110202&search_id=114132&scans_id=110198&peptide_id=30736&scanf=38501&charge=3&value=K.IPYLPITNFNQNWQDGK.A,FLNB,2.488e+6,2.339,0.036,1.442,0.001
38514,2,"  4.014","  0.647",16/24,/core/www/modules//sdig/index.php?run_id=110202&search_id=114132&scans_id=110198&peptide_id=30749&scanf=38514&charge=2&value=16/24,sp|Q9Y262|EIF3L_HUMAN,/core/www/modules//consensus/?run_id=110202&search_id=114132&scans_id=110198&peptide_id=30749&scanf=38514&charge=2&value=sp|Q9Y262|EIF3L_HUMAN,2,/core/www/modules/match_peptides/blast_html4.php?run_id=110202&search_id=114132&scans_id=110198&peptide_id=30749&scanf=38514&charge=2&value=2,K.LAGFLDLTEQEFR.I,/core/www/modules/show_out/show_out_wrapper.php?run_id=110202&search_id=114132&scans_id=110198&peptide_id=30749&scanf=38514&charge=2&value=K.LAGFLDLTEQEFR.I,EIF3L,8.848e+6,3.845,0.000,3.660,0.000
38516,3,"  6.449","  0.675",16/92,/core/www/modules//sdig/index.php?run_id=110202&search_id=114132&scans_id=110198&peptide_id=30751&scanf=38516&charge=3&value=16/92,sp|P68104|EF1A1_HUMAN,/core/www/modules//consensus/?run_id=110202&search_id=114132&scans_id=110198&peptide_id=30751&scanf=38516&charge=3&value=sp|P68104|EF1A1_HUMAN,5,/core/www/modules/match_peptides/blast_html4.php?run_id=110202&search_id=114132&scans_id=110198&peptide_id=30751&scanf=38516&charge=3&value=5,R.VETGVLKPGMVVTFAPVNVTTEVK.S,/core/www/modules/show_out/show_out_wrapper.php?run_id=110202&search_id=114132&scans_id=110198&peptide_id=30751&scanf=38516&charge=3&value=R.VETGVLKPGMVVTFAPVNVTTEVK.S,EEF1A1,1.344e+8,3.420,0.001,3.030,0.000
38517,3,"  1.768","  0.374",9/44,/core/www/modules//sdig/index.php?run_id=110202&search_id=114132&scans_id=110198&peptide_id=30752&scanf=38517&charge=3&value=9/44,sp|Q96ST2|IWS1_HUMAN,/core/www/modules//consensus/?run_id=110202&search_id=114132&scans_id=110198&peptide_id=30752&scanf=38517&charge=3&value=sp|Q96ST2|IWS1_HUMAN,0,/core/www/modules/match_peptides/blast_html4.php?run_id=110202&search_id=114132&scans_id=110198&peptide_id=30752&scanf=38517&charge=3&value=0,K.LTLLPAVVMHLK.K,/core/www/modules/show_out/show_out_wrapper.php?run_id=110202&search_id=114132&scans_id=110198&peptide_id=30752&scanf=38517&charge=3&value=K.LTLLPAVVMHLK.K,IWS1,1.572e+6,2.580,0.016,1.790,0.000
38520,2,"  3.184","  0.477",13/24,/core/www/modules//sdig/index.php?run_id=110202&search_id=114132&scans_id=110198&peptide_id=30756&scanf=38520&charge=2&value=13/24,sp|Q9BXP5|SRRT_HUMAN,/core/www/modules//consensus/?run_id=110202&search_id=114132&scans_id=110198&peptide_id=30756&scanf=38520&charge=2&value=sp|Q9BXP5|SRRT_HUMAN,2,/core/www/modules/match_peptides/blast_html4.php?run_id=110202&search_id=114132&scans_id=110198&peptide_id=30756&scanf=38520&charge=2&value=2,K.EVAFFNNFLTDAK.R,/core/www/modules/show_out/show_out_wrapper.php?run_id=110202&search_id=114132&scans_id=110198&peptide_id=30756&scanf=38520&charge=2&value=K.EVAFFNNFLTDAK.R,SRRT,2.024e+7,3.062,0.003,2.499,0.000
38521,3,"  3.550","  0.399",11/84,/core/www/modules//sdig/index.php?run_id=110202&search_id=114132&scans_id=110198&peptide_id=30757&scanf=38521&charge=3&value=11/84,sp|P55072|TERA_HUMAN,/core/www/modules//consensus/?run_id=110202&search_id=114132&scans_id=110198&peptide_id=30757&scanf=38521&charge=3&value=sp|P55072|TERA_HUMAN,7,/core/www/modules/match_peptides/blast_html4.php?run_id=110202&search_id=114132&scans_id=110198&peptide_id=30757&scanf=38521&charge=3&value=7,R.ETVVEVPQVTWEDIGGLEDVKR.E,/core/www/modules/show_out/show_out_wrapper.php?run_id=110202&search_id=114132&scans_id=110198&peptide_id=30757&scanf=38521&charge=3&value=R.ETVVEVPQVTWEDIGGLEDVKR.E,VCP,3.112e+7,2.115,0.075,1.127,0.002
38522,3,"  1.681","  0.379",6/80,/core/www/modules//sdig/index.php?run_id=110202&search_id=114132&scans_id=110198&peptide_id=30758&scanf=38522&charge=3&value=6/80,sp|P60709|ACTB_HUMAN,/core/www/modules//consensus/?run_id=110202&search_id=114132&scans_id=110198&peptide_id=30758&scanf=38522&charge=3&value=sp|P60709|ACTB_HUMAN,6,/core/www/modules/match_peptides/blast_html4.php?run_id=110202&search_id=114132&scans_id=110198&peptide_id=30758&scanf=38522&charge=3&value=6,K.DLYANTVLSGGTTMYPGIADR.M,/core/www/modules/show_out/show_out_wrapper.php?run_id=110202&search_id=114132&scans_id=110198&peptide_id=30758&scanf=38522&charge=3&value=K.DLYANTVLSGGTTMYPGIADR.M,ACTB,1.302e+6,2.493,0.022,1.664,0.001
38523,2,"  3.593","  0.292",17/30,/core/www/modules//sdig/index.php?run_id=110202&search_id=114132&scans_id=110198&peptide_id=30759&scanf=38523&charge=2&value=17/30,sp|Q9UQR1|ZN148_HUMAN,/core/www/modules//consensus/?run_id=110202&search_id=114132&scans_id=110198&peptide_id=30759&scanf=38523&charge=2&value=sp|Q9UQR1|ZN148_HUMAN,0,/core/www/modules/match_peptides/blast_html4.php?run_id=110202&search_id=114132&scans_id=110198&peptide_id=30759&scanf=38523&charge=2&value=0,R.LPQGLQYALNVPISVK.Q,/core/www/modules/show_out/show_out_wrapper.php?run_id=110202&search_id=114132&scans_id=110198&peptide_id=30759&scanf=38523&charge=2&value=R.LPQGLQYALNVPISVK.Q,ZNF148,2.028e+6,2.206,0.056,1.253,0.002
38524,3,"  4.410","  0.477",20/68,/core/www/modules//sdig/index.php?run_id=110202&search_id=114132&scans_id=110198&peptide_id=30760&scanf=38524&charge=3&value=20/68,sp|P24928|RPB1_HUMAN,/core/www/modules//consensus/?run_id=110202&search_id=114132&scans_id=110198&peptide_id=30760&scanf=38524&charge=3&value=sp|P24928|RPB1_HUMAN,1,/core/www/modules/match_peptides/blast_html4.php?run_id=110202&search_id=114132&scans_id=110198&peptide_id=30760&scanf=38524&charge=3&value=1,K.INISQVIAVVGQQNVEGK.R,/core/www/modules/show_out/show_out_wrapper.php?run_id=110202&search_id=114132&scans_id=110198&peptide_id=30760&scanf=38524&charge=3&value=K.INISQVIAVVGQQNVEGK.R,POLR2A,7.905e+6,3.007,0.004,2.418,0.000
38525,2,"  1.741","  0.418",8/20,/core/www/modules//sdig/index.php?run_id=110202&search_id=114132&scans_id=110198&peptide_id=30761&scanf=38525&charge=2&value=8/20,sp|A4D1E9|GTPBA_HUMAN,/core/www/modules//consensus/?run_id=110202&search_id=114132&scans_id=110198&peptide_id=30761&scanf=38525&charge=2&value=sp|A4D1E9|GTPBA_HUMAN,1,/core/www/modules/match_peptides/blast_html4.php?run_id=110202&search_id=114132&scans_id=110198&peptide_id=30761&scanf=38525&charge=2&value=1,R.TAFETIILLTK.E,/core/www/modules/show_out/show_out_wrapper.php?run_id=110202&search_id=114132&scans_id=110198&peptide_id=30761&scanf=38525&charge=2&value=R.TAFETIILLTK.E,GTPBP10,1.086e+6,2.544,0.018,1.738,0.000
38533,3,"  2.244","  0.291",14/64,/core/www/modules//sdig/index.php?run_id=110202&search_id=114132&scans_id=110198&peptide_id=30769&scanf=38533&charge=3&value=14/64,sp|P62820|RAB1A_HUMAN,/core/www/modules//consensus/?run_id=110202&search_id=114132&scans_id=110198&peptide_id=30769&scanf=38533&charge=3&value=sp|P62820|RAB1A_HUMAN,1,/core/www/modules/match_peptides/blast_html4.php?run_id=110202&search_id=114132&scans_id=110198&peptide_id=30769&scanf=38533&charge=3&value=1,K.NATNVEQSFMTMAAEIK.K,/core/www/modules/show_out/show_out_wrapper.php?run_id=110202&search_id=114132&scans_id=110198&peptide_id=30769&scanf=38533&charge=3&value=K.NATNVEQSFMTMAAEIK.K,RAB1A,4.832e+6,2.192,0.058,1.234,0.002
38535,3,"  4.941","  0.507",23/68,/core/www/modules//sdig/index.php?run_id=110202&search_id=114132&scans_id=110198&peptide_id=30770&scanf=38535&charge=3&value=23/68,sp|Q08211|DHX9_HUMAN,/core/www/modules//consensus/?run_id=110202&search_id=114132&scans_id=110198&peptide_id=30770&scanf=38535&charge=3&value=sp|Q08211|DHX9_HUMAN,0,/core/www/modules/match_peptides/blast_html4.php?run_id=110202&search_id=114132&scans_id=110198&peptide_id=30770&scanf=38535&charge=3&value=0,K.AIEPPPLDAVIEAEHTLR.E,/core/www/modules/show_out/show_out_wrapper.php?run_id=110202&search_id=114132&scans_id=110198&peptide_id=30770&scanf=38535&charge=3&value=K.AIEPPPLDAVIEAEHTLR.E,DHX9,3.970e+8,3.506,0.001,3.157,0.000
38538,2,"  2.647","  0.402",13/16,/core/www/modules//sdig/index.php?run_id=110202&search_id=114132&scans_id=110198&peptide_id=30773&scanf=38538&charge=2&value=13/16,sp|P78527|PRKDC_HUMAN,/core/www/modules//consensus/?run_id=110202&search_id=114132&scans_id=110198&peptide_id=30773&scanf=38538&charge=2&value=sp|P78527|PRKDC_HUMAN,1,/core/www/modules/match_peptides/blast_html4.php?run_id=110202&search_id=114132&scans_id=110198&peptide_id=30773&scanf=38538&charge=2&value=1,K.IPALDLLIK.L,/core/www/modules/show_out/show_out_wrapper.php?run_id=110202&search_id=114132&scans_id=110198&peptide_id=30773&scanf=38538&charge=2&value=K.IPALDLLIK.L,PRKDC,5.945e+7,4.096,0.000,4.032,0.000
38541,3,"  6.343","  0.611",23/84,/core/www/modules//sdig/index.php?run_id=110202&search_id=114132&scans_id=110198&peptide_id=30777&scanf=38541&charge=3&value=23/84,sp|P55072|TERA_HUMAN,/core/www/modules//consensus/?run_id=110202&search_id=114132&scans_id=110198&peptide_id=30777&scanf=38541&charge=3&value=sp|P55072|TERA_HUMAN,7,/core/www/modules/match_peptides/blast_html4.php?run_id=110202&search_id=114132&scans_id=110198&peptide_id=30777&scanf=38541&charge=3&value=7,R.ETVVEVPQVTWEDIGGLEDVKR.E,/core/www/modules/show_out/show_out_wrapper.php?run_id=110202&search_id=114132&scans_id=110198&peptide_id=30777&scanf=38541&charge=3&value=R.ETVVEVPQVTWEDIGGLEDVKR.E,VCP,3.112e+7,3.160,0.002,2.645,0.000
38542,3,"  3.665","  0.322",15/96,/core/www/modules//sdig/index.php?run_id=110202&search_id=114132&scans_id=110198&peptide_id=30778&scanf=38542&charge=3&value=15/96,tr|A0A0U1RQF0|A0A0U1RQF0_HUMAN,/core/www/modules//consensus/?run_id=110202&search_id=114132&scans_id=110198&peptide_id=30778&scanf=38542&charge=3&value=tr|A0A0U1RQF0|A0A0U1RQF0_HUMAN,1,/core/www/modules/match_peptides/blast_html4.php?run_id=110202&search_id=114132&scans_id=110198&peptide_id=30778&scanf=38542&charge=3&value=1,R.LFDHPESPTPNPTEPLFLAQAEVYK.E,/core/www/modules/show_out/show_out_wrapper.php?run_id=110202&search_id=114132&scans_id=110198&peptide_id=30778&scanf=38542&charge=3&value=R.LFDHPESPTPNPTEPLFLAQAEVYK.E,FASN,1.299e+6,1.878,0.153,0.814,0.008
38546,2,"  3.865","  0.587",17/34,/core/www/modules//sdig/index.php?run_id=110202&search_id=114132&scans_id=110198&peptide_id=30782&scanf=38546&charge=2&value=17/34,sp|O60488|ACSL4_HUMAN,/core/www/modules//consensus/?run_id=110202&search_id=114132&scans_id=110198&peptide_id=30782&scanf=38546&charge=2&value=sp|O60488|ACSL4_HUMAN,5,/core/www/modules/match_peptides/blast_html4.php?run_id=110202&search_id=114132&scans_id=110198&peptide_id=30782&scanf=38546&charge=2&value=5,R.LSPEPWTPETGLVTDAFK.L,/core/www/modules/show_out/show_out_wrapper.php?run_id=110202&search_id=114132&scans_id=110198&peptide_id=30782&scanf=38546&charge=2&value=R.LSPEPWTPETGLVTDAFK.L,ACSL4,6.672e+6,3.181,0.002,2.676,0.000
38548,2,"  3.308","  0.579",18/36,/core/www/modules//sdig/index.php?run_id=110202&search_id=114132&scans_id=110198&peptide_id=30784&scanf=38548&charge=2&value=18/36,sp|Q14974|IMB1_HUMAN,/core/www/modules//consensus/?run_id=110202&search_id=114132&scans_id=110198&peptide_id=30784&scanf=38548&charge=2&value=sp|Q14974|IMB1_HUMAN,1,/core/www/modules/match_peptides/blast_html4.php?run_id=110202&search_id=114132&scans_id=110198&peptide_id=30784&scanf=38548&charge=2&value=1,K.YLEVVLNTLQQASQAQVDK.S,/core/www/modules/show_out/show_out_wrapper.php?run_id=110202&search_id=114132&scans_id=110198&peptide_id=30784&scanf=38548&charge=2&value=K.YLEVVLNTLQQASQAQVDK.S,KPNB1,7.410e+5,2.965,0.004,2.357,0.000
38553,3,"  1.909","  0.307",11/68,/core/www/modules//sdig/index.php?run_id=110202&search_id=114132&scans_id=110198&peptide_id=30790&scanf=38553&charge=3&value=11/68,sp|P62316|SMD2_HUMAN,/core/www/modules//consensus/?run_id=110202&search_id=114132&scans_id=110198&peptide_id=30790&scanf=38553&charge=3&value=sp|P62316|SMD2_HUMAN,1,/core/www/modules/match_peptides/blast_html4.php?run_id=110202&search_id=114132&scans_id=110198&peptide_id=30790&scanf=38553&charge=3&value=1,R.EEEEFNTGPLSVLTQSVK.N,/core/www/modules/show_out/show_out_wrapper.php?run_id=110202&search_id=114132&scans_id=110198&peptide_id=30790&scanf=38553&charge=3&value=R.EEEEFNTGPLSVLTQSVK.N,SNRPD2,5.505e+6,1.860,0.162,0.792,0.008
38556,3,"  3.750","  0.640",22/64,/core/www/modules//sdig/index.php?run_id=110202&search_id=114132&scans_id=110198&peptide_id=30792&scanf=38556&charge=3&value=22/64,sp|P52597|HNRPF_HUMAN,/core/www/modules//consensus/?run_id=110202&search_id=114132&scans_id=110198&peptide_id=30792&scanf=38556&charge=3&value=sp|P52597|HNRPF_HUMAN,0,/core/www/modules/match_peptides/blast_html4.php?run_id=110202&search_id=114132&scans_id=110198&peptide_id=30792&scanf=38556&charge=3&value=0,K.ITGEAFVQFASQELAEK.A,/core/www/modules/show_out/show_out_wrapper.php?run_id=110202&search_id=114132&scans_id=110198&peptide_id=30792&scanf=38556&charge=3&value=K.ITGEAFVQFASQELAEK.A,HNRNPF,2.621e+7,3.584,0.001,3.272,0.000
38557,3,"  4.307","  0.570",19/76,/core/www/modules//sdig/index.php?run_id=110202&search_id=114132&scans_id=110198&peptide_id=30793&scanf=38557&charge=3&value=19/76,sp|Q08211|DHX9_HUMAN,/core/www/modules//consensus/?run_id=110202&search_id=114132&scans_id=110198&peptide_id=30793&scanf=38557&charge=3&value=sp|Q08211|DHX9_HUMAN,0,/core/www/modules/match_peptides/blast_html4.php?run_id=110202&search_id=114132&scans_id=110198&peptide_id=30793&scanf=38557&charge=3&value=0,K.NELMYQLEQDHDLQAILQER.E,/core/www/modules/show_out/show_out_wrapper.php?run_id=110202&search_id=114132&scans_id=110198&peptide_id=30793&scanf=38557&charge=3&value=K.NELMYQLEQDHDLQAILQER.E,DHX9,1.240e+8,3.362,0.001,2.943,0.000
38559,2,"  2.192","  0.425",8/14,/core/www/modules//sdig/index.php?run_id=110202&search_id=114132&scans_id=110198&peptide_id=30795&scanf=38559&charge=2&value=8/14,sp|Q13619|CUL4A_HUMAN,/core/www/modules//consensus/?run_id=110202&search_id=114132&scans_id=110198&peptide_id=30795&scanf=38559&charge=2&value=sp|Q13619|CUL4A_HUMAN,17,/core/www/modules/match_peptides/blast_html4.php?run_id=110202&search_id=114132&scans_id=110198&peptide_id=30795&scanf=38559&charge=2&value=17,R.SIFLFLDR.T,/core/www/modules/show_out/show_out_wrapper.php?run_id=110202&search_id=114132&scans_id=110198&peptide_id=30795&scanf=38559&charge=2&value=R.SIFLFLDR.T,CUL4A,4.663e+6,3.013,0.004,2.428,0.000
38561,2,"  3.052","  0.232",14/24,/core/www/modules//sdig/index.php?run_id=110202&search_id=114132&scans_id=110198&peptide_id=30798&scanf=38561&charge=2&value=14/24,sp|Q8WVM8|SCFD1_HUMAN,/core/www/modules//consensus/?run_id=110202&search_id=114132&scans_id=110198&peptide_id=30798&scanf=38561&charge=2&value=sp|Q8WVM8|SCFD1_HUMAN,23,/core/www/modules/match_peptides/blast_html4.php?run_id=110202&search_id=114132&scans_id=110198&peptide_id=30798&scanf=38561&charge=2&value=23,R.FGQDIISPLLSVK.E,/core/www/modules/show_out/show_out_wrapper.php?run_id=110202&search_id=114132&scans_id=110198&peptide_id=30798&scanf=38561&charge=2&value=R.FGQDIISPLLSVK.E,SCFD1,3.477e+6,2.152,0.066,1.179,0.002
38562,2,"  3.681","  0.486",12/22,/core/www/modules//sdig/index.php?run_id=110202&search_id=114132&scans_id=110198&peptide_id=30799&scanf=38562&charge=2&value=12/22,sp|Q9UNM6|PSD13_HUMAN,/core/www/modules//consensus/?run_id=110202&search_id=114132&scans_id=110198&peptide_id=30799&scanf=38562&charge=2&value=sp|Q9UNM6|PSD13_HUMAN,0,/core/www/modules/match_peptides/blast_html4.php?run_id=110202&search_id=114132&scans_id=110198&peptide_id=30799&scanf=38562&charge=2&value=0,K.ITVNEVELLVMK.A,/core/www/modules/show_out/show_out_wrapper.php?run_id=110202&search_id=114132&scans_id=110198&peptide_id=30799&scanf=38562&charge=2&value=K.ITVNEVELLVMK.A,PSMD13,1.236e+7,3.068,0.003,2.508,0.000
38565,4,"  2.227","  0.419",8/180,/core/www/modules//sdig/index.php?run_id=110202&search_id=114132&scans_id=110198&peptide_id=30802&scanf=38565&charge=4&value=8/180,sp|Q8WWY3|PRP31_HUMAN,/core/www/modules//consensus/?run_id=110202&search_id=114132&scans_id=110198&peptide_id=30802&scanf=38565&charge=4&value=sp|Q8WWY3|PRP31_HUMAN,1,/core/www/modules/match_peptides/blast_html4.php?run_id=110202&search_id=114132&scans_id=110198&peptide_id=30802&scanf=38565&charge=4&value=1,K.TLSGFSSTSVLPHTGYIYHSDIVQSLPPDLR.R,/core/www/modules/show_out/show_out_wrapper.php?run_id=110202&search_id=114132&scans_id=110198&peptide_id=30802&scanf=38565&charge=4&value=K.TLSGFSSTSVLPHTGYIYHSDIVQSLPPDLR.R,PRPF31,1.105e+6,2.344,0.036,1.449,0.001
38566,3,"  3.307","  0.441",13/64,/core/www/modules//sdig/index.php?run_id=110202&search_id=114132&scans_id=110198&peptide_id=30803&scanf=38566&charge=3&value=13/64,sp|P35580|MYH10_HUMAN,/core/www/modules//consensus/?run_id=110202&search_id=114132&scans_id=110198&peptide_id=30803&scanf=38566&charge=3&value=sp|P35580|MYH10_HUMAN,1,/core/www/modules/match_peptides/blast_html4.php?run_id=110202&search_id=114132&scans_id=110198&peptide_id=30803&scanf=38566&charge=3&value=1,K.LQNELDNVSTLLEEAEK.K,/core/www/modules/show_out/show_out_wrapper.php?run_id=110202&search_id=114132&scans_id=110198&peptide_id=30803&scanf=38566&charge=3&value=K.LQNELDNVSTLLEEAEK.K,MYH10,2.426e+6,2.764,0.009,2.061,0.000
38567,4,"  4.508","  0.538",17/144,/core/www/modules//sdig/index.php?run_id=110202&search_id=114132&scans_id=110198&peptide_id=30804&scanf=38567&charge=4&value=17/144,sp|P33992|MCM5_HUMAN,/core/www/modules//consensus/?run_id=110202&search_id=114132&scans_id=110198&peptide_id=30804&scanf=38567&charge=4&value=sp|P33992|MCM5_HUMAN,1,/core/www/modules/match_peptides/blast_html4.php?run_id=110202&search_id=114132&scans_id=110198&peptide_id=30804&scanf=38567&charge=4&value=1,K.EVADEVTRPRPSGEEVLQDIQVMLK.S,/core/www/modules/show_out/show_out_wrapper.php?run_id=110202&search_id=114132&scans_id=110198&peptide_id=30804&scanf=38567&charge=4&value=K.EVADEVTRPRPSGEEVLQDIQVMLK.S,MCM5,1.366e+6,3.259,0.002,2.792,0.000
38569,3,"  6.340","  0.647",21/80,/core/www/modules//sdig/index.php?run_id=110202&search_id=114132&scans_id=110198&peptide_id=30806&scanf=38569&charge=3&value=21/80,sp|P62195|PRS8_HUMAN,/core/www/modules//consensus/?run_id=110202&search_id=114132&scans_id=110198&peptide_id=30806&scanf=38569&charge=3&value=sp|P62195|PRS8_HUMAN,5,/core/www/modules/match_peptides/blast_html4.php?run_id=110202&search_id=114132&scans_id=110198&peptide_id=30806&scanf=38569&charge=3&value=5,R.LLREELQLLQEQGSYVGEVVR.A,/core/www/modules/show_out/show_out_wrapper.php?run_id=110202&search_id=114132&scans_id=110198&peptide_id=30806&scanf=38569&charge=3&value=R.LLREELQLLQEQGSYVGEVVR.A,PSMC5,3.064e+6,3.319,0.001,2.880,0.000
38571,2,"  1.676","  0.387",8/16,/core/www/modules//sdig/index.php?run_id=110202&search_id=114132&scans_id=110198&peptide_id=30809&scanf=38571&charge=2&value=8/16,sp|P32780|TF2H1_HUMAN,/core/www/modules//consensus/?run_id=110202&search_id=114132&scans_id=110198&peptide_id=30809&scanf=38571&charge=2&value=sp|P32780|TF2H1_HUMAN,0,/core/www/modules/match_peptides/blast_html4.php?run_id=110202&search_id=114132&scans_id=110198&peptide_id=30809&scanf=38571&charge=2&value=0,K.DLLQQLLPK.F,/core/www/modules/show_out/show_out_wrapper.php?run_id=110202&search_id=114132&scans_id=110198&peptide_id=30809&scanf=38571&charge=2&value=K.DLLQQLLPK.F,GTF2H1,4.333e+6,2.710,0.010,1.981,0.000
38575,2,"  1.712","  0.418",9/16,/core/www/modules//sdig/index.php?run_id=110202&search_id=114132&scans_id=110198&peptide_id=30813&scanf=38575&charge=2&value=9/16,sp|P52272|HNRPM_HUMAN,/core/www/modules//consensus/?run_id=110202&search_id=114132&scans_id=110198&peptide_id=30813&scanf=38575&charge=2&value=sp|P52272|HNRPM_HUMAN,3,/core/www/modules/match_peptides/blast_html4.php?run_id=110202&search_id=114132&scans_id=110198&peptide_id=30813&scanf=38575&charge=2&value=3,R.NLPFDFTWK.M,/core/www/modules/show_out/show_out_wrapper.php?run_id=110202&search_id=114132&scans_id=110198&peptide_id=30813&scanf=38575&charge=2&value=R.NLPFDFTWK.M,HNRNPM,7.243e+7,3.079,0.003,2.525,0.000
38577,2,"  3.127","  0.612",13/26,/core/www/modules//sdig/index.php?run_id=110202&search_id=114132&scans_id=110198&peptide_id=30814&scanf=38577&charge=2&value=13/26,sp|P19338|NUCL_HUMAN,/core/www/modules//consensus/?run_id=110202&search_id=114132&scans_id=110198&peptide_id=30814&scanf=38577&charge=2&value=sp|P19338|NUCL_HUMAN,9,/core/www/modules/match_peptides/blast_html4.php?run_id=110202&search_id=114132&scans_id=110198&peptide_id=30814&scanf=38577&charge=2&value=9,K.GYAFIEFASFEDAK.E,/core/www/modules/show_out/show_out_wrapper.php?run_id=110202&search_id=114132&scans_id=110198&peptide_id=30814&scanf=38577&charge=2&value=K.GYAFIEFASFEDAK.E,NCL,6.441e+7,3.576,0.001,3.261,0.000
38578,2,"  3.001","  0.253",14/24,/core/www/modules//sdig/index.php?run_id=110202&search_id=114132&scans_id=110198&peptide_id=30815&scanf=38578&charge=2&value=14/24,sp|Q8WVM8|SCFD1_HUMAN,/core/www/modules//consensus/?run_id=110202&search_id=114132&scans_id=110198&peptide_id=30815&scanf=38578&charge=2&value=sp|Q8WVM8|SCFD1_HUMAN,23,/core/www/modules/match_peptides/blast_html4.php?run_id=110202&search_id=114132&scans_id=110198&peptide_id=30815&scanf=38578&charge=2&value=23,R.FGQDIISPLLSVK.E,/core/www/modules/show_out/show_out_wrapper.php?run_id=110202&search_id=114132&scans_id=110198&peptide_id=30815&scanf=38578&charge=2&value=R.FGQDIISPLLSVK.E,SCFD1,2.428e+6,2.165,0.064,1.196,0.002
38580,2,"  3.844","  0.702",16/30,/core/www/modules//sdig/index.php?run_id=110202&search_id=114132&scans_id=110198&peptide_id=30818&scanf=38580&charge=2&value=16/30,sp|P51991|ROA3_HUMAN,/core/www/modules//consensus/?run_id=110202&search_id=114132&scans_id=110198&peptide_id=30818&scanf=38580&charge=2&value=sp|P51991|ROA3_HUMAN,5,/core/www/modules/match_peptides/blast_html4.php?run_id=110202&search_id=114132&scans_id=110198&peptide_id=30818&scanf=38580&charge=2&value=5,K.LFIGGLSFETTDDSLR.E,/core/www/modules/show_out/show_out_wrapper.php?run_id=110202&search_id=114132&scans_id=110198&peptide_id=30818&scanf=38580&charge=2&value=K.LFIGGLSFETTDDSLR.E,HNRNPA3,5.757e+7,3.710,0.000,3.459,0.000
38584,2,"  2.623","  0.418",12/28,/core/www/modules//sdig/index.php?run_id=110202&search_id=114132&scans_id=110198&peptide_id=30822&scanf=38584&charge=2&value=12/28,sp|O60763|USO1_HUMAN,/core/www/modules//consensus/?run_id=110202&search_id=114132&scans_id=110198&peptide_id=30822&scanf=38584&charge=2&value=sp|O60763|USO1_HUMAN,0,/core/www/modules/match_peptides/blast_html4.php?run_id=110202&search_id=114132&scans_id=110198&peptide_id=30822&scanf=38584&charge=2&value=0,R.QSEDLGSQFTEIFIK.Q,/core/www/modules/show_out/show_out_wrapper.php?run_id=110202&search_id=114132&scans_id=110198&peptide_id=30822&scanf=38584&charge=2&value=R.QSEDLGSQFTEIFIK.Q,USO1,2.371e+6,2.427,0.027,1.569,0.001
38587,3,"  4.399","  0.555",16/92,/core/www/modules//sdig/index.php?run_id=110202&search_id=114132&scans_id=110198&peptide_id=30825&scanf=38587&charge=3&value=16/92,sp|O43390|HNRPR_HUMAN,/core/www/modules//consensus/?run_id=110202&search_id=114132&scans_id=110198&peptide_id=30825&scanf=38587&charge=3&value=sp|O43390|HNRPR_HUMAN,4,/core/www/modules/match_peptides/blast_html4.php?run_id=110202&search_id=114132&scans_id=110198&peptide_id=30825&scanf=38587&charge=3&value=4,K.VWGNVVTVEWADPVEEPDPEVM*AK.V,/core/www/modules/show_out/show_out_wrapper.php?run_id=110202&search_id=114132&scans_id=110198&peptide_id=30825&scanf=38587&charge=3&value=K.VWGNVVTVEWADPVEEPDPEVM*AK.V,HNRNPR,1.404e+6,2.945,0.005,2.327,0.000
38589,2,"  3.583","  0.525",12/28,/core/www/modules//sdig/index.php?run_id=110202&search_id=114132&scans_id=110198&peptide_id=30827&scanf=38589&charge=2&value=12/28,sp|Q8WZ82|OVCA2_HUMAN,/core/www/modules//consensus/?run_id=110202&search_id=114132&scans_id=110198&peptide_id=30827&scanf=38589&charge=2&value=sp|Q8WZ82|OVCA2_HUMAN,0,/core/www/modules/match_peptides/blast_html4.php?run_id=110202&search_id=114132&scans_id=110198&peptide_id=30827&scanf=38589&charge=2&value=0,R.GLEESLGMVAQALNR.L,/core/www/modules/show_out/show_out_wrapper.php?run_id=110202&search_id=114132&scans_id=110198&peptide_id=30827&scanf=38589&charge=2&value=R.GLEESLGMVAQALNR.L,OVCA2,1.538e+6,2.853,0.006,2.191,0.000
38590,2,"  3.288","  0.326",16/34,/core/www/modules//sdig/index.php?run_id=110202&search_id=114132&scans_id=110198&peptide_id=30829&scanf=38590&charge=2&value=16/34,sp|P54886|P5CS_HUMAN,/core/www/modules//consensus/?run_id=110202&search_id=114132&scans_id=110198&peptide_id=30829&scanf=38590&charge=2&value=sp|P54886|P5CS_HUMAN,0,/core/www/modules/match_peptides/blast_html4.php?run_id=110202&search_id=114132&scans_id=110198&peptide_id=30829&scanf=38590&charge=2&value=0,K.LIDIFYPGDQQSVTFGTK.S,/core/www/modules/show_out/show_out_wrapper.php?run_id=110202&search_id=114132&scans_id=110198&peptide_id=30829&scanf=38590&charge=2&value=K.LIDIFYPGDQQSVTFGTK.S,ALDH18A1,1.010e+6,2.235,0.051,1.294,0.002
38592,4,"  5.167","  0.522",26/138,/core/www/modules//sdig/index.php?run_id=110202&search_id=114132&scans_id=110198&peptide_id=30831&scanf=38592&charge=4&value=26/138,sp|Q96T37|RBM15_HUMAN,/core/www/modules//consensus/?run_id=110202&search_id=114132&scans_id=110198&peptide_id=30831&scanf=38592&charge=4&value=sp|Q96T37|RBM15_HUMAN,3,/core/www/modules/match_peptides/blast_html4.php?run_id=110202&search_id=114132&scans_id=110198&peptide_id=30831&scanf=38592&charge=4&value=3,R.YQQQYLQPLPLTHYELVTDAFGHR.A,/core/www/modules/show_out/show_out_wrapper.php?run_id=110202&search_id=114132&scans_id=110198&peptide_id=30831&scanf=38592&charge=4&value=R.YQQQYLQPLPLTHYELVTDAFGHR.A,RBM15,3.489e+6,3.326,0.001,2.890,0.000
38598,2,"  2.423","  0.617",15/24,/core/www/modules//sdig/index.php?run_id=110202&search_id=114132&scans_id=110198&peptide_id=30836&scanf=38598&charge=2&value=15/24,sp|P31483|TIA1_HUMAN,/core/www/modules//consensus/?run_id=110202&search_id=114132&scans_id=110198&peptide_id=30836&scanf=38598&charge=2&value=sp|P31483|TIA1_HUMAN,4,/core/www/modules/match_peptides/blast_html4.php?run_id=110202&search_id=114132&scans_id=110198&peptide_id=30836&scanf=38598&charge=2&value=4,R.QTFSPFGQIMEIR.V,/core/www/modules/show_out/show_out_wrapper.php?run_id=110202&search_id=114132&scans_id=110198&peptide_id=30836&scanf=38598&charge=2&value=R.QTFSPFGQIMEIR.V,TIA1,8.501e+6,3.367,0.001,2.951,0.000
38599,2,"  3.836","  0.477",14/26,/core/www/modules//sdig/index.php?run_id=110202&search_id=114132&scans_id=110198&peptide_id=30837&scanf=38599&charge=2&value=14/26,sp|Q13813|SPTN1_HUMAN,/core/www/modules//consensus/?run_id=110202&search_id=114132&scans_id=110198&peptide_id=30837&scanf=38599&charge=2&value=sp|Q13813|SPTN1_HUMAN,2,/core/www/modules/match_peptides/blast_html4.php?run_id=110202&search_id=114132&scans_id=110198&peptide_id=30837&scanf=38599&charge=2&value=2,R.LAALADQWQFLVQK.S,/core/www/modules/show_out/show_out_wrapper.php?run_id=110202&search_id=114132&scans_id=110198&peptide_id=30837&scanf=38599&charge=2&value=R.LAALADQWQFLVQK.S,SPTAN1,3.896e+6,2.847,0.007,2.183,0.000
38600,3,"  4.603","  0.673",21/68,/core/www/modules//sdig/index.php?run_id=110202&search_id=114132&scans_id=110198&peptide_id=30839&scanf=38600&charge=3&value=21/68,sp|P46940|IQGA1_HUMAN,/core/www/modules//consensus/?run_id=110202&search_id=114132&scans_id=110198&peptide_id=30839&scanf=38600&charge=3&value=sp|P46940|IQGA1_HUMAN,1,/core/www/modules/match_peptides/blast_html4.php?run_id=110202&search_id=114132&scans_id=110198&peptide_id=30839&scanf=38600&charge=3&value=1,K.LEGVLAEVAQHYQDTLIR.A,/core/www/modules/show_out/show_out_wrapper.php?run_id=110202&search_id=114132&scans_id=110198&peptide_id=30839&scanf=38600&charge=3&value=K.LEGVLAEVAQHYQDTLIR.A,IQGAP1,4.995e+6,3.730,0.000,3.490,0.000
38601,3,"  2.602","  0.211",15/68,/core/www/modules//sdig/index.php?run_id=110202&search_id=114132&scans_id=110198&peptide_id=30840&scanf=38601&charge=3&value=15/68,sp|Q14669|TRIPC_HUMAN,/core/www/modules//consensus/?run_id=110202&search_id=114132&scans_id=110198&peptide_id=30840&scanf=38601&charge=3&value=sp|Q14669|TRIPC_HUMAN,2,/core/www/modules/match_peptides/blast_html4.php?run_id=110202&search_id=114132&scans_id=110198&peptide_id=30840&scanf=38601&charge=3&value=2,R.FLHVFFSSPLPGEEPIGR.V,/core/www/modules/show_out/show_out_wrapper.php?run_id=110202&search_id=114132&scans_id=110198&peptide_id=30840&scanf=38601&charge=3&value=R.FLHVFFSSPLPGEEPIGR.V,TRIP12,2.456e+6,2.033,0.096,1.016,0.005
38602,2,"  4.139","  0.353",15/28,/core/www/modules//sdig/index.php?run_id=110202&search_id=114132&scans_id=110198&peptide_id=30841&scanf=38602&charge=2&value=15/28,sp|Q14318|FKBP8_HUMAN,/core/www/modules//consensus/?run_id=110202&search_id=114132&scans_id=110198&peptide_id=30841&scanf=38602&charge=2&value=sp|Q14318|FKBP8_HUMAN,1,/core/www/modules/match_peptides/blast_html4.php?run_id=110202&search_id=114132&scans_id=110198&peptide_id=30841&scanf=38602&charge=2&value=1,K.VDMTFEEEAQLLQLK.V,/core/www/modules/show_out/show_out_wrapper.php?run_id=110202&search_id=114132&scans_id=110198&peptide_id=30841&scanf=38602&charge=2&value=K.VDMTFEEEAQLLQLK.V,FKBP8,1.942e+6,2.531,0.019,1.719,0.000
38603,2,"  3.388","  0.591",13/26,/core/www/modules//sdig/index.php?run_id=110202&search_id=114132&scans_id=110198&peptide_id=30842&scanf=38603&charge=2&value=13/26,sp|P06748|NPM_HUMAN,/core/www/modules//consensus/?run_id=110202&search_id=114132&scans_id=110198&peptide_id=30842&scanf=38603&charge=2&value=sp|P06748|NPM_HUMAN,5,/core/www/modules/match_peptides/blast_html4.php?run_id=110202&search_id=114132&scans_id=110198&peptide_id=30842&scanf=38603&charge=2&value=5,R.MTDQEAIQDLWQWR.K,/core/www/modules/show_out/show_out_wrapper.php?run_id=110202&search_id=114132&scans_id=110198&peptide_id=30842&scanf=38603&charge=2&value=R.MTDQEAIQDLWQWR.K,NPM1,1.685e+7,3.281,0.001,2.824,0.000
38604,3,"  2.952","  0.350",10/72,/core/www/modules//sdig/index.php?run_id=110202&search_id=114132&scans_id=110198&peptide_id=30843&scanf=38604&charge=3&value=10/72,sp|Q9BSJ8|ESYT1_HUMAN,/core/www/modules//consensus/?run_id=110202&search_id=114132&scans_id=110198&peptide_id=30843&scanf=38604&charge=3&value=sp|Q9BSJ8|ESYT1_HUMAN,0,/core/www/modules/match_peptides/blast_html4.php?run_id=110202&search_id=114132&scans_id=110198&peptide_id=30843&scanf=38604&charge=3&value=0,K.TISQTSAPVWDESASFLIR.K,/core/www/modules/show_out/show_out_wrapper.php?run_id=110202&search_id=114132&scans_id=110198&peptide_id=30843&scanf=38604&charge=3&value=K.TISQTSAPVWDESASFLIR.K,ESYT1,1.805e+6,2.067,0.087,1.062,0.004
38607,2,"  2.086","  0.482",10/16,/core/www/modules//sdig/index.php?run_id=110202&search_id=114132&scans_id=110198&peptide_id=30846&scanf=38607&charge=2&value=10/16,sp|O75691|UTP20_HUMAN,/core/www/modules//consensus/?run_id=110202&search_id=114132&scans_id=110198&peptide_id=30846&scanf=38607&charge=2&value=sp|O75691|UTP20_HUMAN,0,/core/www/modules/match_peptides/blast_html4.php?run_id=110202&search_id=114132&scans_id=110198&peptide_id=30846&scanf=38607&charge=2&value=0,R.ADLFPILMR.I,/core/www/modules/show_out/show_out_wrapper.php?run_id=110202&search_id=114132&scans_id=110198&peptide_id=30846&scanf=38607&charge=2&value=R.ADLFPILMR.I,UTP20,8.865e+6,3.333,0.001,2.901,0.000
38609,2,"  3.336","  0.230",15/28,/core/www/modules//sdig/index.php?run_id=110202&search_id=114132&scans_id=110198&peptide_id=30848&scanf=38609&charge=2&value=15/28,sp|P78527|PRKDC_HUMAN,/core/www/modules//consensus/?run_id=110202&search_id=114132&scans_id=110198&peptide_id=30848&scanf=38609&charge=2&value=sp|P78527|PRKDC_HUMAN,2,/core/www/modules/match_peptides/blast_html4.php?run_id=110202&search_id=114132&scans_id=110198&peptide_id=30848&scanf=38609&charge=2&value=2,R.SDPGLLTNTMDVFVK.E,/core/www/modules/show_out/show_out_wrapper.php?run_id=110202&search_id=114132&scans_id=110198&peptide_id=30848&scanf=38609&charge=2&value=R.SDPGLLTNTMDVFVK.E,PRKDC,7.207e+7,2.839,0.007,2.170,0.000
38613,3,"  3.406","  0.466",12/80,/core/www/modules//sdig/index.php?run_id=110202&search_id=114132&scans_id=110198&peptide_id=30853&scanf=38613&charge=3&value=12/80,sp|P11586|C1TC_HUMAN,/core/www/modules//consensus/?run_id=110202&search_id=114132&scans_id=110198&peptide_id=30853&scanf=38613&charge=3&value=sp|P11586|C1TC_HUMAN,9,/core/www/modules/match_peptides/blast_html4.php?run_id=110202&search_id=114132&scans_id=110198&peptide_id=30853&scanf=38613&charge=3&value=9,K.KGEPVSAEDLGVSGALTVLMK.D,/core/www/modules/show_out/show_out_wrapper.php?run_id=110202&search_id=114132&scans_id=110198&peptide_id=30853&scanf=38613&charge=3&value=K.KGEPVSAEDLGVSGALTVLMK.D,MTHFD1,1.155e+6,2.298,0.041,1.383,0.001
38616,2,"  2.280","  0.403",9/20,/core/www/modules//sdig/index.php?run_id=110202&search_id=114132&scans_id=110198&peptide_id=30856&scanf=38616&charge=2&value=9/20,sp|Q96RU2|UBP28_HUMAN,/core/www/modules//consensus/?run_id=110202&search_id=114132&scans_id=110198&peptide_id=30856&scanf=38616&charge=2&value=sp|Q96RU2|UBP28_HUMAN,4,/core/www/modules/match_peptides/blast_html4.php?run_id=110202&search_id=114132&scans_id=110198&peptide_id=30856&scanf=38616&charge=2&value=4,K.LEFPQIIYMDR.Y,/core/www/modules/show_out/show_out_wrapper.php?run_id=110202&search_id=114132&scans_id=110198&peptide_id=30856&scanf=38616&charge=2&value=K.LEFPQIIYMDR.Y,USP28,1.789e+6,2.604,0.015,1.826,0.000
38619,3,"  3.373","  0.671",20/56,/core/www/modules//sdig/index.php?run_id=110202&search_id=114132&scans_id=110198&peptide_id=30858&scanf=38619&charge=3&value=20/56,sp|P46783|RS10_HUMAN,/core/www/modules//consensus/?run_id=110202&search_id=114132&scans_id=110198&peptide_id=30858&scanf=38619&charge=3&value=sp|P46783|RS10_HUMAN,6,/core/www/modules/match_peptides/blast_html4.php?run_id=110202&search_id=114132&scans_id=110198&peptide_id=30858&scanf=38619&charge=3&value=6,R.DYLHLPPEIVPATLR.R,/core/www/modules/show_out/show_out_wrapper.php?run_id=110202&search_id=114132&scans_id=110198&peptide_id=30858&scanf=38619&charge=3&value=R.DYLHLPPEIVPATLR.R,RPS10,3.293e+7,3.763,0.000,3.538,0.000
38622,3,"  4.006","  0.633",20/68,/core/www/modules//sdig/index.php?run_id=110202&search_id=114132&scans_id=110198&peptide_id=30862&scanf=38622&charge=3&value=20/68,sp|P68400|CSK21_HUMAN,/core/www/modules//consensus/?run_id=110202&search_id=114132&scans_id=110198&peptide_id=30862&scanf=38622&charge=3&value=sp|P68400|CSK21_HUMAN,9,/core/www/modules/match_peptides/blast_html4.php?run_id=110202&search_id=114132&scans_id=110198&peptide_id=30862&scanf=38622&charge=3&value=9,R.GGPNIITLADIVKDPVSR.T,/core/www/modules/show_out/show_out_wrapper.php?run_id=110202&search_id=114132&scans_id=110198&peptide_id=30862&scanf=38622&charge=3&value=R.GGPNIITLADIVKDPVSR.T,CSNK2A1,7.270e+6,3.243,0.002,2.768,0.000
38623,2,"  2.204","  0.457",10/18,/core/www/modules//sdig/index.php?run_id=110202&search_id=114132&scans_id=110198&peptide_id=30863&scanf=38623&charge=2&value=10/18,sp|P49916|DNLI3_HUMAN,/core/www/modules//consensus/?run_id=110202&search_id=114132&scans_id=110198&peptide_id=30863&scanf=38623&charge=2&value=sp|P49916|DNLI3_HUMAN,0,/core/www/modules/match_peptides/blast_html4.php?run_id=110202&search_id=114132&scans_id=110198&peptide_id=30863&scanf=38623&charge=2&value=0,K.VLLDIFTGVR.L,/core/www/modules/show_out/show_out_wrapper.php?run_id=110202&search_id=114132&scans_id=110198&peptide_id=30863&scanf=38623&charge=2&value=K.VLLDIFTGVR.L,LIG3,4.596e+6,3.027,0.004,2.447,0.000
38624,3,"  5.022","  0.688",22/92,/core/www/modules//sdig/index.php?run_id=110202&search_id=114132&scans_id=110198&peptide_id=30864&scanf=38624&charge=3&value=22/92,sp|O75531|BAF_HUMAN,/core/www/modules//consensus/?run_id=110202&search_id=114132&scans_id=110198&peptide_id=30864&scanf=38624&charge=3&value=sp|O75531|BAF_HUMAN,0,/core/www/modules/match_peptides/blast_html4.php?run_id=110202&search_id=114132&scans_id=110198&peptide_id=30864&scanf=38624&charge=3&value=0,R.DFVAEPMGEKPVGSLAGIGEVLGK.K,/core/www/modules/show_out/show_out_wrapper.php?run_id=110202&search_id=114132&scans_id=110198&peptide_id=30864&scanf=38624&charge=3&value=R.DFVAEPMGEKPVGSLAGIGEVLGK.K,BANF1,1.942e+7,3.413,0.001,3.019,0.000
38629,2,"  1.706","  0.266",8/18,/core/www/modules//sdig/index.php?run_id=110202&search_id=114132&scans_id=110198&peptide_id=30869&scanf=38629&charge=2&value=8/18,sp|Q9UKF6|CPSF3_HUMAN,/core/www/modules//consensus/?run_id=110202&search_id=114132&scans_id=110198&peptide_id=30869&scanf=38629&charge=2&value=sp|Q9UKF6|CPSF3_HUMAN,1,/core/www/modules/match_peptides/blast_html4.php?run_id=110202&search_id=114132&scans_id=110198&peptide_id=30869&scanf=38629&charge=2&value=1,R.GLIPVFALGR.A,/core/www/modules/show_out/show_out_wrapper.php?run_id=110202&search_id=114132&scans_id=110198&peptide_id=30869&scanf=38629&charge=2&value=R.GLIPVFALGR.A,CPSF3,1.538e+7,2.239,0.050,1.300,0.002
38631,3,"  4.080","  0.634",20/64,/core/www/modules//sdig/index.php?run_id=110202&search_id=114132&scans_id=110198&peptide_id=30872&scanf=38631&charge=3&value=20/64,sp|O94874|UFL1_HUMAN,/core/www/modules//consensus/?run_id=110202&search_id=114132&scans_id=110198&peptide_id=30872&scanf=38631&charge=3&value=sp|O94874|UFL1_HUMAN,0,/core/www/modules/match_peptides/blast_html4.php?run_id=110202&search_id=114132&scans_id=110198&peptide_id=30872&scanf=38631&charge=3&value=0,K.HVQLVLGQLIDENYLDR.L,/core/www/modules/show_out/show_out_wrapper.php?run_id=110202&search_id=114132&scans_id=110198&peptide_id=30872&scanf=38631&charge=3&value=K.HVQLVLGQLIDENYLDR.L,UFL1,2.118e+6,3.630,0.000,3.341,0.000
38636,3,"  5.474","  0.539",19/84,/core/www/modules//sdig/index.php?run_id=110202&search_id=114132&scans_id=110198&peptide_id=30877&scanf=38636&charge=3&value=19/84,sp|Q96EE3|SEH1_HUMAN,/core/www/modules//consensus/?run_id=110202&search_id=114132&scans_id=110198&peptide_id=30877&scanf=38636&charge=3&value=sp|Q96EE3|SEH1_HUMAN,1,/core/www/modules/match_peptides/blast_html4.php?run_id=110202&search_id=114132&scans_id=110198&peptide_id=30877&scanf=38636&charge=3&value=1,K.AETLMTVTDPVHDIAFAPNLGR.S,/core/www/modules/show_out/show_out_wrapper.php?run_id=110202&search_id=114132&scans_id=110198&peptide_id=30877&scanf=38636&charge=3&value=K.AETLMTVTDPVHDIAFAPNLGR.S,SEH1L,2.160e+6,2.987,0.004,2.389,0.000
38637,3,"  4.989","  0.699",23/80,/core/www/modules//sdig/index.php?run_id=110202&search_id=114132&scans_id=110198&peptide_id=30878&scanf=38637&charge=3&value=23/80,sp|O00267|SPT5H_HUMAN,/core/www/modules//consensus/?run_id=110202&search_id=114132&scans_id=110198&peptide_id=30878&scanf=38637&charge=3&value=sp|O00267|SPT5H_HUMAN,0,/core/www/modules/match_peptides/blast_html4.php?run_id=110202&search_id=114132&scans_id=110198&peptide_id=30878&scanf=38637&charge=3&value=0,K.SFAMSAVITEGVKPTLSELEK.F,/core/www/modules/show_out/show_out_wrapper.php?run_id=110202&search_id=114132&scans_id=110198&peptide_id=30878&scanf=38637&charge=3&value=K.SFAMSAVITEGVKPTLSELEK.F,SUPT5H,2.201e+6,3.681,0.000,3.417,0.000
38640,2,"  2.418","  0.517",11/22,/core/www/modules//sdig/index.php?run_id=110202&search_id=114132&scans_id=110198&peptide_id=30881&scanf=38640&charge=2&value=11/22,sp|P30048|PRDX3_HUMAN,/core/www/modules//consensus/?run_id=110202&search_id=114132&scans_id=110198&peptide_id=30881&scanf=38640&charge=2&value=sp|P30048|PRDX3_HUMAN,0,/core/www/modules/match_peptides/blast_html4.php?run_id=110202&search_id=114132&scans_id=110198&peptide_id=30881&scanf=38640&charge=2&value=0,R.GLFIIDPNGVIK.H,/core/www/modules/show_out/show_out_wrapper.php?run_id=110202&search_id=114132&scans_id=110198&peptide_id=30881&scanf=38640&charge=2&value=R.GLFIIDPNGVIK.H,PRDX3,1.104e+7,3.089,0.003,2.540,0.000
38641,2,"  4.230","  0.506",14/26,/core/www/modules//sdig/index.php?run_id=110202&search_id=114132&scans_id=110198&peptide_id=30882&scanf=38641&charge=2&value=14/26,sp|Q13813|SPTN1_HUMAN,/core/www/modules//consensus/?run_id=110202&search_id=114132&scans_id=110198&peptide_id=30882&scanf=38641&charge=2&value=sp|Q13813|SPTN1_HUMAN,2,/core/www/modules/match_peptides/blast_html4.php?run_id=110202&search_id=114132&scans_id=110198&peptide_id=30882&scanf=38641&charge=2&value=2,R.LAALADQWQFLVQK.S,/core/www/modules/show_out/show_out_wrapper.php?run_id=110202&search_id=114132&scans_id=110198&peptide_id=30882&scanf=38641&charge=2&value=R.LAALADQWQFLVQK.S,SPTAN1,3.896e+6,2.965,0.004,2.356,0.000
38644,2,"  2.586","  0.312",8/28,/core/www/modules//sdig/index.php?run_id=110202&search_id=114132&scans_id=110198&peptide_id=30885&scanf=38644&charge=2&value=8/28,sp|Q9UBW7|ZMYM2_HUMAN,/core/www/modules//consensus/?run_id=110202&search_id=114132&scans_id=110198&peptide_id=30885&scanf=38644&charge=2&value=sp|Q9UBW7|ZMYM2_HUMAN,0,/core/www/modules/match_peptides/blast_html4.php?run_id=110202&search_id=114132&scans_id=110198&peptide_id=30885&scanf=38644&charge=2&value=0,R.SWQPSILPDGSIFSR.V,/core/www/modules/show_out/show_out_wrapper.php?run_id=110202&search_id=114132&scans_id=110198&peptide_id=30885&scanf=38644&charge=2&value=R.SWQPSILPDGSIFSR.V,ZMYM2,2.041e+6,1.985,0.111,0.953,0.005
38645,2,"  3.716","  0.549",13/24,/core/www/modules//sdig/index.php?run_id=110202&search_id=114132&scans_id=110198&peptide_id=30886&scanf=38645&charge=2&value=13/24,sp|P53618|COPB_HUMAN,/core/www/modules//consensus/?run_id=110202&search_id=114132&scans_id=110198&peptide_id=30886&scanf=38645&charge=2&value=sp|P53618|COPB_HUMAN,1,/core/www/modules/match_peptides/blast_html4.php?run_id=110202&search_id=114132&scans_id=110198&peptide_id=30886&scanf=38645&charge=2&value=1,K.EAELLEPLMPAIR.A,/core/www/modules/show_out/show_out_wrapper.php?run_id=110202&search_id=114132&scans_id=110198&peptide_id=30886&scanf=38645&charge=2&value=K.EAELLEPLMPAIR.A,COPB1,8.898e+6,3.385,0.001,2.978,0.000
38650,3,"  6.452","  0.755",32/116,/core/www/modules//sdig/index.php?run_id=110202&search_id=114132&scans_id=110198&peptide_id=30892&scanf=38650&charge=3&value=32/116,sp|P60709|ACTB_HUMAN,/core/www/modules//consensus/?run_id=110202&search_id=114132&scans_id=110198&peptide_id=30892&scanf=38650&charge=3&value=sp|P60709|ACTB_HUMAN,9,/core/www/modules/match_peptides/blast_html4.php?run_id=110202&search_id=114132&scans_id=110198&peptide_id=30892&scanf=38650&charge=3&value=9,R.TTGIVMDSGDGVTHTVPIYEGYALPHAILR.L,/core/www/modules/show_out/show_out_wrapper.php?run_id=110202&search_id=114132&scans_id=110198&peptide_id=30892&scanf=38650&charge=3&value=R.TTGIVMDSGDGVTHTVPIYEGYALPHAILR.L,ACTB,6.536e+7,4.138,0.000,4.094,0.000
38653,2,"  2.157","  0.313",8/14,/core/www/modules//sdig/index.php?run_id=110202&search_id=114132&scans_id=110198&peptide_id=30895&scanf=38653&charge=2&value=8/14,sp|Q96GM8|TOE1_HUMAN,/core/www/modules//consensus/?run_id=110202&search_id=114132&scans_id=110198&peptide_id=30895&scanf=38653&charge=2&value=sp|Q96GM8|TOE1_HUMAN,0,/core/www/modules/match_peptides/blast_html4.php?run_id=110202&search_id=114132&scans_id=110198&peptide_id=30895&scanf=38653&charge=2&value=0,R.TLFLELIR.A,/core/www/modules/show_out/show_out_wrapper.php?run_id=110202&search_id=114132&scans_id=110198&peptide_id=30895&scanf=38653&charge=2&value=R.TLFLELIR.A,TOE1,3.792e+7,2.579,0.016,1.789,0.000
38658,2,"  1.678","  0.338",8/14,/core/www/modules//sdig/index.php?run_id=110202&search_id=114132&scans_id=110198&peptide_id=30900&scanf=38658&charge=2&value=8/14,sp|Q9BZF1|OSBL8_HUMAN,/core/www/modules//consensus/?run_id=110202&search_id=114132&scans_id=110198&peptide_id=30900&scanf=38658&charge=2&value=sp|Q9BZF1|OSBL8_HUMAN,2,/core/www/modules/match_peptides/blast_html4.php?run_id=110202&search_id=114132&scans_id=110198&peptide_id=30900&scanf=38658&charge=2&value=2,K.SLIWTLLK.Q,/core/www/modules/show_out/show_out_wrapper.php?run_id=110202&search_id=114132&scans_id=110198&peptide_id=30900&scanf=38658&charge=2&value=K.SLIWTLLK.Q,OSBPL8,1.579e+6,2.696,0.011,1.960,0.000
38659,2,"  3.442","  0.560",11/22,/core/www/modules//sdig/index.php?run_id=110202&search_id=114132&scans_id=110198&peptide_id=30901&scanf=38659&charge=2&value=11/22,sp|Q9BWS9|CHID1_HUMAN,/core/www/modules//consensus/?run_id=110202&search_id=114132&scans_id=110198&peptide_id=30901&scanf=38659&charge=2&value=sp|Q9BWS9|CHID1_HUMAN,5,/core/www/modules/match_peptides/blast_html4.php?run_id=110202&search_id=114132&scans_id=110198&peptide_id=30901&scanf=38659&charge=2&value=5,K.FTQISPVWLQLK.R,/core/www/modules/show_out/show_out_wrapper.php?run_id=110202&search_id=114132&scans_id=110198&peptide_id=30901&scanf=38659&charge=2&value=K.FTQISPVWLQLK.R,CHID1,3.649e+6,3.264,0.002,2.799,0.000
38661,2,"  4.113","  0.490",16/28,/core/www/modules//sdig/index.php?run_id=110202&search_id=114132&scans_id=110198&peptide_id=30903&scanf=38661&charge=2&value=16/28,sp|P19525|E2AK2_HUMAN,/core/www/modules//consensus/?run_id=110202&search_id=114132&scans_id=110198&peptide_id=30903&scanf=38661&charge=2&value=sp|P19525|E2AK2_HUMAN,3,/core/www/modules/match_peptides/blast_html4.php?run_id=110202&search_id=114132&scans_id=110198&peptide_id=30903&scanf=38661&charge=2&value=3,K.EIELIGSGGFGQVFK.A,/core/www/modules/show_out/show_out_wrapper.php?run_id=110202&search_id=114132&scans_id=110198&peptide_id=30903&scanf=38661&charge=2&value=K.EIELIGSGGFGQVFK.A,EIF2AK2,5.740e+6,3.126,0.003,2.594,0.000
38662,4,"  5.702","  0.594",26/138,/core/www/modules//sdig/index.php?run_id=110202&search_id=114132&scans_id=110198&peptide_id=30904&scanf=38662&charge=4&value=26/138,sp|Q96T37|RBM15_HUMAN,/core/www/modules//consensus/?run_id=110202&search_id=114132&scans_id=110198&peptide_id=30904&scanf=38662&charge=4&value=sp|Q96T37|RBM15_HUMAN,3,/core/www/modules/match_peptides/blast_html4.php?run_id=110202&search_id=114132&scans_id=110198&peptide_id=30904&scanf=38662&charge=4&value=3,R.YQQQYLQPLPLTHYELVTDAFGHR.A,/core/www/modules/show_out/show_out_wrapper.php?run_id=110202&search_id=114132&scans_id=110198&peptide_id=30904&scanf=38662&charge=4&value=R.YQQQYLQPLPLTHYELVTDAFGHR.A,RBM15,3.489e+6,3.585,0.001,3.274,0.000
38663,2,"  4.247","  0.665",15/26,/core/www/modules//sdig/index.php?run_id=110202&search_id=114132&scans_id=110198&peptide_id=30905&scanf=38663&charge=2&value=15/26,sp|P78527|PRKDC_HUMAN,/core/www/modules//consensus/?run_id=110202&search_id=114132&scans_id=110198&peptide_id=30905&scanf=38663&charge=2&value=sp|P78527|PRKDC_HUMAN,1,/core/www/modules/match_peptides/blast_html4.php?run_id=110202&search_id=114132&scans_id=110198&peptide_id=30905&scanf=38663&charge=2&value=1,K.LSDFNDITNM*LLLK.M,/core/www/modules/show_out/show_out_wrapper.php?run_id=110202&search_id=114132&scans_id=110198&peptide_id=30905&scanf=38663&charge=2&value=K.LSDFNDITNM*LLLK.M,PRKDC,3.420e+6,4.514,0.000,4.651,0.000
38664,2,"  2.757","  0.487",12/22,/core/www/modules//sdig/index.php?run_id=110202&search_id=114132&scans_id=110198&peptide_id=30906&scanf=38664&charge=2&value=12/22,sp|Q99873|ANM1_HUMAN,/core/www/modules//consensus/?run_id=110202&search_id=114132&scans_id=110198&peptide_id=30906&scanf=38664&charge=2&value=sp|Q99873|ANM1_HUMAN,5,/core/www/modules/match_peptides/blast_html4.php?run_id=110202&search_id=114132&scans_id=110198&peptide_id=30906&scanf=38664&charge=2&value=5,K.WLAPDGLIFPDR.A,/core/www/modules/show_out/show_out_wrapper.php?run_id=110202&search_id=114132&scans_id=110198&peptide_id=30906&scanf=38664&charge=2&value=K.WLAPDGLIFPDR.A,PRMT1,3.558e+6,2.947,0.005,2.330,0.000
38665,2,"  2.680","  0.543",13/26,/core/www/modules//sdig/index.php?run_id=110202&search_id=114132&scans_id=110198&peptide_id=30907&scanf=38665&charge=2&value=13/26,sp|Q12905|ILF2_HUMAN,/core/www/modules//consensus/?run_id=110202&search_id=114132&scans_id=110198&peptide_id=30907&scanf=38665&charge=2&value=sp|Q12905|ILF2_HUMAN,2,/core/www/modules/match_peptides/blast_html4.php?run_id=110202&search_id=114132&scans_id=110198&peptide_id=30907&scanf=38665&charge=2&value=2,K.ILPTLEAVAALGNK.V,/core/www/modules/show_out/show_out_wrapper.php?run_id=110202&search_id=114132&scans_id=110198&peptide_id=30907&scanf=38665&charge=2&value=K.ILPTLEAVAALGNK.V,ILF2,2.418e+8,3.248,0.002,2.775,0.000
38666,3,"  5.045","  0.609",20/68,/core/www/modules//sdig/index.php?run_id=110202&search_id=114132&scans_id=110198&peptide_id=30908&scanf=38666&charge=3&value=20/68,sp|Q7L5N1|CSN6_HUMAN,/core/www/modules//consensus/?run_id=110202&search_id=114132&scans_id=110198&peptide_id=30908&scanf=38666&charge=3&value=sp|Q7L5N1|CSN6_HUMAN,1,/core/www/modules/match_peptides/blast_html4.php?run_id=110202&search_id=114132&scans_id=110198&peptide_id=30908&scanf=38666&charge=3&value=1,R.NIEVMNSFELLSHTVEEK.I,/core/www/modules/show_out/show_out_wrapper.php?run_id=110202&search_id=114132&scans_id=110198&peptide_id=30908&scanf=38666&charge=3&value=R.NIEVMNSFELLSHTVEEK.I,COPS6,2.178e+6,3.486,0.001,3.127,0.000
38667,3,"  3.135","  0.482",14/48,/core/www/modules//sdig/index.php?run_id=110202&search_id=114132&scans_id=110198&peptide_id=30909&scanf=38667&charge=3&value=14/48,sp|Q9NZJ4|SACS_HUMAN,/core/www/modules//consensus/?run_id=110202&search_id=114132&scans_id=110198&peptide_id=30909&scanf=38667&charge=3&value=sp|Q9NZJ4|SACS_HUMAN,1,/core/www/modules/match_peptides/blast_html4.php?run_id=110202&search_id=114132&scans_id=110198&peptide_id=30909&scanf=38667&charge=3&value=1,K.LPLELGTFHQLFK.H,/core/www/modules/show_out/show_out_wrapper.php?run_id=110202&search_id=114132&scans_id=110198&peptide_id=30909&scanf=38667&charge=3&value=K.LPLELGTFHQLFK.H,SACS,1.412e+7,3.126,0.003,2.594,0.000
38670,2,"  3.508","  0.559",14/28,/core/www/modules//sdig/index.php?run_id=110202&search_id=114132&scans_id=110198&peptide_id=30913&scanf=38670&charge=2&value=14/28,sp|Q13838|DX39B_HUMAN,/core/www/modules//consensus/?run_id=110202&search_id=114132&scans_id=110198&peptide_id=30913&scanf=38670&charge=2&value=sp|Q13838|DX39B_HUMAN,9,/core/www/modules/match_peptides/blast_html4.php?run_id=110202&search_id=114132&scans_id=110198&peptide_id=30913&scanf=38670&charge=2&value=9,K.FMQDPMEIFVDDETK.L,/core/www/modules/show_out/show_out_wrapper.php?run_id=110202&search_id=114132&scans_id=110198&peptide_id=30913&scanf=38670&charge=2&value=K.FMQDPMEIFVDDETK.L,DDX39B,7.653e+7,3.255,0.002,2.785,0.000
38671,2,"  1.748","  0.405",9/20,/core/www/modules//sdig/index.php?run_id=110202&search_id=114132&scans_id=110198&peptide_id=30914&scanf=38671&charge=2&value=9/20,sp|Q9UBF2|COPG2_HUMAN,/core/www/modules//consensus/?run_id=110202&search_id=114132&scans_id=110198&peptide_id=30914&scanf=38671&charge=2&value=sp|Q9UBF2|COPG2_HUMAN,0,/core/www/modules/match_peptides/blast_html4.php?run_id=110202&search_id=114132&scans_id=110198&peptide_id=30914&scanf=38671&charge=2&value=0,R.TPVDVILASVG.-,/core/www/modules/show_out/show_out_wrapper.php?run_id=110202&search_id=114132&scans_id=110198&peptide_id=30914&scanf=38671&charge=2&value=R.TPVDVILASVG.-,COPG2,4.186e+6,2.645,0.013,1.886,0.000
38672,2,"  4.411","  0.616",15/32,/core/www/modules//sdig/index.php?run_id=110202&search_id=114132&scans_id=110198&peptide_id=30915&scanf=38672&charge=2&value=15/32,sp|P35580|MYH10_HUMAN,/core/www/modules//consensus/?run_id=110202&search_id=114132&scans_id=110198&peptide_id=30915&scanf=38672&charge=2&value=sp|P35580|MYH10_HUMAN,1,/core/www/modules/match_peptides/blast_html4.php?run_id=110202&search_id=114132&scans_id=110198&peptide_id=30915&scanf=38672&charge=2&value=1,K.LQNELDNVSTLLEEAEK.K,/core/www/modules/show_out/show_out_wrapper.php?run_id=110202&search_id=114132&scans_id=110198&peptide_id=30915&scanf=38672&charge=2&value=K.LQNELDNVSTLLEEAEK.K,MYH10,1.901e+6,3.411,0.001,3.017,0.000
38673,2,"  5.278","  0.587",18/30,/core/www/modules//sdig/index.php?run_id=110202&search_id=114132&scans_id=110198&peptide_id=30916&scanf=38673&charge=2&value=18/30,sp|Q14152|EIF3A_HUMAN,/core/www/modules//consensus/?run_id=110202&search_id=114132&scans_id=110198&peptide_id=30916&scanf=38673&charge=2&value=sp|Q14152|EIF3A_HUMAN,0,/core/www/modules/match_peptides/blast_html4.php?run_id=110202&search_id=114132&scans_id=110198&peptide_id=30916&scanf=38673&charge=2&value=0,R.LLQQVSQIYQSIEFSR.L,/core/www/modules/show_out/show_out_wrapper.php?run_id=110202&search_id=114132&scans_id=110198&peptide_id=30916&scanf=38673&charge=2&value=R.LLQQVSQIYQSIEFSR.L,EIF3A,1.691e+6,3.473,0.001,3.108,0.000
38674,3,"  5.047","  0.585",17/80,/core/www/modules//sdig/index.php?run_id=110202&search_id=114132&scans_id=110198&peptide_id=30917&scanf=38674&charge=3&value=17/80,sp|P11586|C1TC_HUMAN,/core/www/modules//consensus/?run_id=110202&search_id=114132&scans_id=110198&peptide_id=30917&scanf=38674&charge=3&value=sp|P11586|C1TC_HUMAN,9,/core/www/modules/match_peptides/blast_html4.php?run_id=110202&search_id=114132&scans_id=110198&peptide_id=30917&scanf=38674&charge=3&value=9,K.KGEPVSAEDLGVSGALTVLMK.D,/core/www/modules/show_out/show_out_wrapper.php?run_id=110202&search_id=114132&scans_id=110198&peptide_id=30917&scanf=38674&charge=3&value=K.KGEPVSAEDLGVSGALTVLMK.D,MTHFD1,1.155e+6,2.861,0.006,2.203,0.000
38675,2,"  4.620","  0.554",17/30,/core/www/modules//sdig/index.php?run_id=110202&search_id=114132&scans_id=110198&peptide_id=30918&scanf=38675&charge=2&value=17/30,sp|Q96JM2|ZN462_HUMAN,/core/www/modules//consensus/?run_id=110202&search_id=114132&scans_id=110198&peptide_id=30918&scanf=38675&charge=2&value=sp|Q96JM2|ZN462_HUMAN,1,/core/www/modules/match_peptides/blast_html4.php?run_id=110202&search_id=114132&scans_id=110198&peptide_id=30918&scanf=38675&charge=2&value=1,K.AEVEGEAQEIEWLPFR.C,/core/www/modules/show_out/show_out_wrapper.php?run_id=110202&search_id=114132&scans_id=110198&peptide_id=30918&scanf=38675&charge=2&value=K.AEVEGEAQEIEWLPFR.C,ZNF462,1.066e+6,3.277,0.002,2.817,0.000
38676,2,"  2.267","  0.230",8/22,/core/www/modules//sdig/index.php?run_id=110202&search_id=114132&scans_id=110198&peptide_id=30919&scanf=38676&charge=2&value=8/22,sp|Q13459|MYO9B_HUMAN,/core/www/modules//consensus/?run_id=110202&search_id=114132&scans_id=110198&peptide_id=30919&scanf=38676&charge=2&value=sp|Q13459|MYO9B_HUMAN,3,/core/www/modules/match_peptides/blast_html4.php?run_id=110202&search_id=114132&scans_id=110198&peptide_id=30919&scanf=38676&charge=2&value=3,R.ELIGMDPVAVFR.W,/core/www/modules/show_out/show_out_wrapper.php?run_id=110202&search_id=114132&scans_id=110198&peptide_id=30919&scanf=38676&charge=2&value=R.ELIGMDPVAVFR.W,MYO9B,1.117e+6,1.927,0.133,0.877,0.007
38682,4,"  4.121","  0.543",20/126,/core/www/modules//sdig/index.php?run_id=110202&search_id=114132&scans_id=110198&peptide_id=30925&scanf=38682&charge=4&value=20/126,sp|Q14980|NUMA1_HUMAN,/core/www/modules//consensus/?run_id=110202&search_id=114132&scans_id=110198&peptide_id=30925&scanf=38682&charge=4&value=sp|Q14980|NUMA1_HUMAN,2,/core/www/modules/match_peptides/blast_html4.php?run_id=110202&search_id=114132&scans_id=110198&peptide_id=30925&scanf=38682&charge=4&value=2,R.EFASHLQQLQDALNELTEEHSK.A,/core/www/modules/show_out/show_out_wrapper.php?run_id=110202&search_id=114132&scans_id=110198&peptide_id=30925&scanf=38682&charge=4&value=R.EFASHLQQLQDALNELTEEHSK.A,NUMA1,6.639e+6,3.512,0.001,3.165,0.000
38684,3,"  3.497","  0.552",16/68,/core/www/modules//sdig/index.php?run_id=110202&search_id=114132&scans_id=110198&peptide_id=30927&scanf=38684&charge=3&value=16/68,sp|O43707|ACTN4_HUMAN,/core/www/modules//consensus/?run_id=110202&search_id=114132&scans_id=110198&peptide_id=30927&scanf=38684&charge=3&value=sp|O43707|ACTN4_HUMAN,16,/core/www/modules/match_peptides/blast_html4.php?run_id=110202&search_id=114132&scans_id=110198&peptide_id=30927&scanf=38684&charge=3&value=16,K.AIMTYVSSFYHAFSGAQK.A,/core/www/modules/show_out/show_out_wrapper.php?run_id=110202&search_id=114132&scans_id=110198&peptide_id=30927&scanf=38684&charge=3&value=K.AIMTYVSSFYHAFSGAQK.A,ACTN4,1.067e+7,3.262,0.002,2.795,0.000
38685,2,"  2.671","  0.355",11/16,/core/www/modules//sdig/index.php?run_id=110202&search_id=114132&scans_id=110198&peptide_id=30928&scanf=38685&charge=2&value=11/16,sp|Q13425|SNTB2_HUMAN,/core/www/modules//consensus/?run_id=110202&search_id=114132&scans_id=110198&peptide_id=30928&scanf=38685&charge=2&value=sp|Q13425|SNTB2_HUMAN,1,/core/www/modules/match_peptides/blast_html4.php?run_id=110202&search_id=114132&scans_id=110198&peptide_id=30928&scanf=38685&charge=2&value=1,K.AGLVELLLR.E,/core/www/modules/show_out/show_out_wrapper.php?run_id=110202&search_id=114132&scans_id=110198&peptide_id=30928&scanf=38685&charge=2&value=K.AGLVELLLR.E,SNTB2,3.451e+6,2.907,0.005,2.271,0.000
38687,3,"  4.211","  0.550",14/76,/core/www/modules//sdig/index.php?run_id=110202&search_id=114132&scans_id=110198&peptide_id=30930&scanf=38687&charge=3&value=14/76,sp|Q9NVN8|GNL3L_HUMAN,/core/www/modules//consensus/?run_id=110202&search_id=114132&scans_id=110198&peptide_id=30930&scanf=38687&charge=3&value=sp|Q9NVN8|GNL3L_HUMAN,2,/core/www/modules/match_peptides/blast_html4.php?run_id=110202&search_id=114132&scans_id=110198&peptide_id=30930&scanf=38687&charge=3&value=2,R.LLDAPGIVPGPNSEVGTILR.N,/core/www/modules/show_out/show_out_wrapper.php?run_id=110202&search_id=114132&scans_id=110198&peptide_id=30930&scanf=38687&charge=3&value=R.LLDAPGIVPGPNSEVGTILR.N,GNL3L,4.503e+6,2.983,0.004,2.383,0.000
38691,3,"  4.572","  0.579",16/72,/core/www/modules//sdig/index.php?run_id=110202&search_id=114132&scans_id=110198&peptide_id=30935&scanf=38691&charge=3&value=16/72,sp|P14384|CBPM_HUMAN,/core/www/modules//consensus/?run_id=110202&search_id=114132&scans_id=110198&peptide_id=30935&scanf=38691&charge=3&value=sp|P14384|CBPM_HUMAN,2,/core/www/modules/match_peptides/blast_html4.php?run_id=110202&search_id=114132&scans_id=110198&peptide_id=30935&scanf=38691&charge=3&value=2,R.SLTPDDDVFQYLAHTYASR.N,/core/www/modules/show_out/show_out_wrapper.php?run_id=110202&search_id=114132&scans_id=110198&peptide_id=30935&scanf=38691&charge=3&value=R.SLTPDDDVFQYLAHTYASR.N,CPM,1.029e+6,3.216,0.002,2.728,0.000
38695,3,"  2.130","  0.426",9/48,/core/www/modules//sdig/index.php?run_id=110202&search_id=114132&scans_id=110198&peptide_id=30939&scanf=38695&charge=3&value=9/48,sp|P08670|VIME_HUMAN,/core/www/modules//consensus/?run_id=110202&search_id=114132&scans_id=110198&peptide_id=30939&scanf=38695&charge=3&value=sp|P08670|VIME_HUMAN,2,/core/www/modules/match_peptides/blast_html4.php?run_id=110202&search_id=114132&scans_id=110198&peptide_id=30939&scanf=38695&charge=3&value=2,R.KVESLQEEIAFLK.K,/core/www/modules/show_out/show_out_wrapper.php?run_id=110202&search_id=114132&scans_id=110198&peptide_id=30939&scanf=38695&charge=3&value=R.KVESLQEEIAFLK.K,VIM,4.367e+5,2.929,0.005,2.303,0.000
38699,2,"  2.513","  0.356",13/18,/core/www/modules//sdig/index.php?run_id=110202&search_id=114132&scans_id=110198&peptide_id=30943&scanf=38699&charge=2&value=13/18,sp|Q96HW7|INT4_HUMAN,/core/www/modules//consensus/?run_id=110202&search_id=114132&scans_id=110198&peptide_id=30943&scanf=38699&charge=2&value=sp|Q96HW7|INT4_HUMAN,16,/core/www/modules/match_peptides/blast_html4.php?run_id=110202&search_id=114132&scans_id=110198&peptide_id=30943&scanf=38699&charge=2&value=16,K.IASLLGLLSK.T,/core/www/modules/show_out/show_out_wrapper.php?run_id=110202&search_id=114132&scans_id=110198&peptide_id=30943&scanf=38699&charge=2&value=K.IASLLGLLSK.T,INTS4,5.603e+6,2.981,0.004,2.379,0.000
38705,3,"  2.923","  0.405",14/76,/core/www/modules//sdig/index.php?run_id=110202&search_id=114132&scans_id=110198&peptide_id=30949&scanf=38705&charge=3&value=14/76,sp|P40937|RFC5_HUMAN,/core/www/modules//consensus/?run_id=110202&search_id=114132&scans_id=110198&peptide_id=30949&scanf=38705&charge=3&value=sp|P40937|RFC5_HUMAN,2,/core/www/modules/match_peptides/blast_html4.php?run_id=110202&search_id=114132&scans_id=110198&peptide_id=30949&scanf=38705&charge=3&value=2,K.LVILDEADAMTQDAQNALRR.V,/core/www/modules/show_out/show_out_wrapper.php?run_id=110202&search_id=114132&scans_id=110198&peptide_id=30949&scanf=38705&charge=3&value=K.LVILDEADAMTQDAQNALRR.V,RFC5,1.058e+6,2.165,0.064,1.196,0.002
38708,2,"  3.335","  0.652",14/26,/core/www/modules//sdig/index.php?run_id=110202&search_id=114132&scans_id=110198&peptide_id=30952&scanf=38708&charge=2&value=14/26,sp|Q09161|NCBP1_HUMAN,/core/www/modules//consensus/?run_id=110202&search_id=114132&scans_id=110198&peptide_id=30952&scanf=38708&charge=2&value=sp|Q09161|NCBP1_HUMAN,0,/core/www/modules/match_peptides/blast_html4.php?run_id=110202&search_id=114132&scans_id=110198&peptide_id=30952&scanf=38708&charge=2&value=0,R.NYNFGGEFVEAMIR.Q,/core/www/modules/show_out/show_out_wrapper.php?run_id=110202&search_id=114132&scans_id=110198&peptide_id=30952&scanf=38708&charge=2&value=R.NYNFGGEFVEAMIR.Q,NCBP1,9.682e+6,3.570,0.001,3.252,0.000
38711,4,"  5.824","  0.480",21/126,/core/www/modules//sdig/index.php?run_id=110202&search_id=114132&scans_id=110198&peptide_id=30956&scanf=38711&charge=4&value=21/126,sp|Q01082|SPTB2_HUMAN,/core/www/modules//consensus/?run_id=110202&search_id=114132&scans_id=110198&peptide_id=30956&scanf=38711&charge=4&value=sp|Q01082|SPTB2_HUMAN,1,/core/www/modules/match_peptides/blast_html4.php?run_id=110202&search_id=114132&scans_id=110198&peptide_id=30956&scanf=38711&charge=4&value=1,K.EQWLNNMQIPEKLEDLEVIQHR.F,/core/www/modules/show_out/show_out_wrapper.php?run_id=110202&search_id=114132&scans_id=110198&peptide_id=30956&scanf=38711&charge=4&value=K.EQWLNNMQIPEKLEDLEVIQHR.F,SPTBN1,3.128e+6,3.081,0.003,2.528,0.000
38712,3,"  4.245","  0.491",17/76,/core/www/modules//sdig/index.php?run_id=110202&search_id=114132&scans_id=110198&peptide_id=30957&scanf=38712&charge=3&value=17/76,sp|Q96KM6|Z512B_HUMAN,/core/www/modules//consensus/?run_id=110202&search_id=114132&scans_id=110198&peptide_id=30957&scanf=38712&charge=3&value=sp|Q96KM6|Z512B_HUMAN,0,/core/www/modules/match_peptides/blast_html4.php?run_id=110202&search_id=114132&scans_id=110198&peptide_id=30957&scanf=38712&charge=3&value=0,R.TSAQVAVFHLQEIAEDELAR.D,/core/www/modules/show_out/show_out_wrapper.php?run_id=110202&search_id=114132&scans_id=110198&peptide_id=30957&scanf=38712&charge=3&value=R.TSAQVAVFHLQEIAEDELAR.D,ZNF512B,2.028e+6,2.837,0.007,2.168,0.000
38718,2,"  4.976","  0.696",16/30,/core/www/modules//sdig/index.php?run_id=110202&search_id=114132&scans_id=110198&peptide_id=30963&scanf=38718&charge=2&value=16/30,sp|P18583|SON_HUMAN,/core/www/modules//consensus/?run_id=110202&search_id=114132&scans_id=110198&peptide_id=30963&scanf=38718&charge=2&value=sp|P18583|SON_HUMAN,6,/core/www/modules/match_peptides/blast_html4.php?run_id=110202&search_id=114132&scans_id=110198&peptide_id=30963&scanf=38718&charge=2&value=6,R.LSENAFDLEAMSMLNR.A,/core/www/modules/show_out/show_out_wrapper.php?run_id=110202&search_id=114132&scans_id=110198&peptide_id=30963&scanf=38718&charge=2&value=R.LSENAFDLEAMSMLNR.A,SON,4.424e+6,3.808,0.000,3.605,0.000
38726,2,"  3.155","  0.375",13/22,/core/www/modules//sdig/index.php?run_id=110202&search_id=114132&scans_id=110198&peptide_id=30970&scanf=38726&charge=2&value=13/22,sp|P82921|RT21_HUMAN,/core/www/modules//consensus/?run_id=110202&search_id=114132&scans_id=110198&peptide_id=30970&scanf=38726&charge=2&value=sp|P82921|RT21_HUMAN,0,/core/www/modules/match_peptides/blast_html4.php?run_id=110202&search_id=114132&scans_id=110198&peptide_id=30970&scanf=38726&charge=2&value=0,R.ILTMDGLIEDIK.H,/core/www/modules/show_out/show_out_wrapper.php?run_id=110202&search_id=114132&scans_id=110198&peptide_id=30970&scanf=38726&charge=2&value=R.ILTMDGLIEDIK.H,MRPS21,8.544e+6,2.747,0.009,2.035,0.000
38731,2,"  1.903","  0.365",10/20,/core/www/modules//sdig/index.php?run_id=110202&search_id=114132&scans_id=110198&peptide_id=30976&scanf=38731&charge=2&value=10/20,sp|P35606|COPB2_HUMAN,/core/www/modules//consensus/?run_id=110202&search_id=114132&scans_id=110198&peptide_id=30976&scanf=38731&charge=2&value=sp|P35606|COPB2_HUMAN,3,/core/www/modules/match_peptides/blast_html4.php?run_id=110202&search_id=114132&scans_id=110198&peptide_id=30976&scanf=38731&charge=2&value=3,R.FELALQLGELK.I,/core/www/modules/show_out/show_out_wrapper.php?run_id=110202&search_id=114132&scans_id=110198&peptide_id=30976&scanf=38731&charge=2&value=R.FELALQLGELK.I,COPB2,9.134e+6,2.621,0.014,1.851,0.000
38735,3,"  3.443","  0.387",11/72,/core/www/modules//sdig/index.php?run_id=110202&search_id=114132&scans_id=110198&peptide_id=30980&scanf=38735&charge=3&value=11/72,sp|Q9UBF2|COPG2_HUMAN,/core/www/modules//consensus/?run_id=110202&search_id=114132&scans_id=110198&peptide_id=30980&scanf=38735&charge=3&value=sp|Q9UBF2|COPG2_HUMAN,0,/core/www/modules/match_peptides/blast_html4.php?run_id=110202&search_id=114132&scans_id=110198&peptide_id=30980&scanf=38735&charge=3&value=0,K.VLKPNFAAAWEEVGDTFEK.E,/core/www/modules/show_out/show_out_wrapper.php?run_id=110202&search_id=114132&scans_id=110198&peptide_id=30980&scanf=38735&charge=3&value=K.VLKPNFAAAWEEVGDTFEK.E,COPG2,1.194e+6,2.311,0.040,1.402,0.001
38736,2,"  2.290","  0.396",10/20,/core/www/modules//sdig/index.php?run_id=110202&search_id=114132&scans_id=110198&peptide_id=30981&scanf=38736&charge=2&value=10/20,sp|Q12768|WASC5_HUMAN,/core/www/modules//consensus/?run_id=110202&search_id=114132&scans_id=110198&peptide_id=30981&scanf=38736&charge=2&value=sp|Q12768|WASC5_HUMAN,1,/core/www/modules/match_peptides/blast_html4.php?run_id=110202&search_id=114132&scans_id=110198&peptide_id=30981&scanf=38736&charge=2&value=1,K.LASALDLPLLR.I,/core/www/modules/show_out/show_out_wrapper.php?run_id=110202&search_id=114132&scans_id=110198&peptide_id=30981&scanf=38736&charge=2&value=K.LASALDLPLLR.I,WASHC5,6.008e+6,2.742,0.009,2.027,0.000
38737,2,"  3.297","  0.588",14/38,/core/www/modules//sdig/index.php?run_id=110202&search_id=114132&scans_id=110198&peptide_id=30982&scanf=38737&charge=2&value=14/38,sp|Q9NVN8|GNL3L_HUMAN,/core/www/modules//consensus/?run_id=110202&search_id=114132&scans_id=110198&peptide_id=30982&scanf=38737&charge=2&value=sp|Q9NVN8|GNL3L_HUMAN,2,/core/www/modules/match_peptides/blast_html4.php?run_id=110202&search_id=114132&scans_id=110198&peptide_id=30982&scanf=38737&charge=2&value=2,R.LLDAPGIVPGPNSEVGTILR.N,/core/www/modules/show_out/show_out_wrapper.php?run_id=110202&search_id=114132&scans_id=110198&peptide_id=30982&scanf=38737&charge=2&value=R.LLDAPGIVPGPNSEVGTILR.N,GNL3L,1.588e+6,2.883,0.006,2.236,0.000
38740,2,"  3.988","  0.631",13/26,/core/www/modules//sdig/index.php?run_id=110202&search_id=114132&scans_id=110198&peptide_id=30986&scanf=38740&charge=2&value=13/26,sp|Q9NVJ2|ARL8B_HUMAN,/core/www/modules//consensus/?run_id=110202&search_id=114132&scans_id=110198&peptide_id=30986&scanf=38740&charge=2&value=sp|Q9NVJ2|ARL8B_HUMAN,0,/core/www/modules/match_peptides/blast_html4.php?run_id=110202&search_id=114132&scans_id=110198&peptide_id=30986&scanf=38740&charge=2&value=0,R.GVNAIVYMIDAADR.E,/core/www/modules/show_out/show_out_wrapper.php?run_id=110202&search_id=114132&scans_id=110198&peptide_id=30986&scanf=38740&charge=2&value=R.GVNAIVYMIDAADR.E,ARL8B,1.802e+6,3.433,0.001,3.049,0.000
38746,3,"  2.981","  0.557",17/52,/core/www/modules//sdig/index.php?run_id=110202&search_id=114132&scans_id=110198&peptide_id=30991&scanf=38746&charge=3&value=17/52,sp|Q14974|IMB1_HUMAN,/core/www/modules//consensus/?run_id=110202&search_id=114132&scans_id=110198&peptide_id=30991&scanf=38746&charge=3&value=sp|Q14974|IMB1_HUMAN,1,/core/www/modules/match_peptides/blast_html4.php?run_id=110202&search_id=114132&scans_id=110198&peptide_id=30991&scanf=38746&charge=3&value=1,K.YMEAFKPFLGIGLK.N,/core/www/modules/show_out/show_out_wrapper.php?run_id=110202&search_id=114132&scans_id=110198&peptide_id=30991&scanf=38746&charge=3&value=K.YMEAFKPFLGIGLK.N,KPNB1,1.148e+7,3.419,0.001,3.027,0.000
38747,2,"  3.893","  0.612",19/34,/core/www/modules//sdig/index.php?run_id=110202&search_id=114132&scans_id=110198&peptide_id=30992&scanf=38747&charge=2&value=19/34,sp|O60488|ACSL4_HUMAN,/core/www/modules//consensus/?run_id=110202&search_id=114132&scans_id=110198&peptide_id=30992&scanf=38747&charge=2&value=sp|O60488|ACSL4_HUMAN,5,/core/www/modules/match_peptides/blast_html4.php?run_id=110202&search_id=114132&scans_id=110198&peptide_id=30992&scanf=38747&charge=2&value=5,R.LSPEPWTPETGLVTDAFK.L,/core/www/modules/show_out/show_out_wrapper.php?run_id=110202&search_id=114132&scans_id=110198&peptide_id=30992&scanf=38747&charge=2&value=R.LSPEPWTPETGLVTDAFK.L,ACSL4,6.672e+6,3.341,0.001,2.913,0.000
38748,2,"  3.789","  0.611",14/22,/core/www/modules//sdig/index.php?run_id=110202&search_id=114132&scans_id=110198&peptide_id=30993&scanf=38748&charge=2&value=14/22,sp|P82921|RT21_HUMAN,/core/www/modules//consensus/?run_id=110202&search_id=114132&scans_id=110198&peptide_id=30993&scanf=38748&charge=2&value=sp|P82921|RT21_HUMAN,0,/core/www/modules/match_peptides/blast_html4.php?run_id=110202&search_id=114132&scans_id=110198&peptide_id=30993&scanf=38748&charge=2&value=0,R.ILTMDGLIEDIK.H,/core/www/modules/show_out/show_out_wrapper.php?run_id=110202&search_id=114132&scans_id=110198&peptide_id=30993&scanf=38748&charge=2&value=R.ILTMDGLIEDIK.H,MRPS21,8.544e+6,3.632,0.000,3.344,0.000
38751,3,"  2.796","  0.562",14/52,/core/www/modules//sdig/index.php?run_id=110202&search_id=114132&scans_id=110198&peptide_id=30997&scanf=38751&charge=3&value=14/52,sp|P61006|RAB8A_HUMAN,/core/www/modules//consensus/?run_id=110202&search_id=114132&scans_id=110198&peptide_id=30997&scanf=38751&charge=3&value=sp|P61006|RAB8A_HUMAN,0,/core/www/modules/match_peptides/blast_html4.php?run_id=110202&search_id=114132&scans_id=110198&peptide_id=30997&scanf=38751&charge=3&value=0,K.ANINVENAFFTLAR.D,/core/www/modules/show_out/show_out_wrapper.php?run_id=110202&search_id=114132&scans_id=110198&peptide_id=30997&scanf=38751&charge=3&value=K.ANINVENAFFTLAR.D,RAB8A,2.113e+6,3.265,0.002,2.800,0.000
38754,3,"  2.686","  0.633",18/64,/core/www/modules//sdig/index.php?run_id=110202&search_id=114132&scans_id=110198&peptide_id=31000&scanf=38754&charge=3&value=18/64,sp|P30041|PRDX6_HUMAN,/core/www/modules//consensus/?run_id=110202&search_id=114132&scans_id=110198&peptide_id=31000&scanf=38754&charge=3&value=sp|P30041|PRDX6_HUMAN,0,/core/www/modules/match_peptides/blast_html4.php?run_id=110202&search_id=114132&scans_id=110198&peptide_id=31000&scanf=38754&charge=3&value=0,K.LIALSIDSVEDHLAWSK.D,/core/www/modules/show_out/show_out_wrapper.php?run_id=110202&search_id=114132&scans_id=110198&peptide_id=31000&scanf=38754&charge=3&value=K.LIALSIDSVEDHLAWSK.D,PRDX6,3.341e+6,3.316,0.001,2.876,0.000
38756,3,"  2.768","  0.515",15/76,/core/www/modules//sdig/index.php?run_id=110202&search_id=114132&scans_id=110198&peptide_id=31002&scanf=38756&charge=3&value=15/76,sp|Q9BSH5|HDHD3_HUMAN,/core/www/modules//consensus/?run_id=110202&search_id=114132&scans_id=110198&peptide_id=31002&scanf=38756&charge=3&value=sp|Q9BSH5|HDHD3_HUMAN,0,/core/www/modules/match_peptides/blast_html4.php?run_id=110202&search_id=114132&scans_id=110198&peptide_id=31002&scanf=38756&charge=3&value=0,R.AVGMHSFLVVGPQALDPVVR.D,/core/www/modules/show_out/show_out_wrapper.php?run_id=110202&search_id=114132&scans_id=110198&peptide_id=31002&scanf=38756&charge=3&value=R.AVGMHSFLVVGPQALDPVVR.D,HDHD3,1.551e+6,2.763,0.009,2.059,0.000
38761,3,"  3.118","  0.537",14/56,/core/www/modules//sdig/index.php?run_id=110202&search_id=114132&scans_id=110198&peptide_id=31008&scanf=38761&charge=3&value=14/56,sp|P07900|HS90A_HUMAN,/core/www/modules//consensus/?run_id=110202&search_id=114132&scans_id=110198&peptide_id=31008&scanf=38761&charge=3&value=sp|P07900|HS90A_HUMAN,2,/core/www/modules/match_peptides/blast_html4.php?run_id=110202&search_id=114132&scans_id=110198&peptide_id=31008&scanf=38761&charge=3&value=2,K.HSQFIGYPITLFVEK.E,/core/www/modules/show_out/show_out_wrapper.php?run_id=110202&search_id=114132&scans_id=110198&peptide_id=31008&scanf=38761&charge=3&value=K.HSQFIGYPITLFVEK.E,HSP90AA1,7.504e+7,3.395,0.001,2.992,0.000
38766,2,"  3.741","  0.591",15/24,/core/www/modules//sdig/index.php?run_id=110202&search_id=114132&scans_id=110198&peptide_id=31012&scanf=38766&charge=2&value=15/24,sp|P31483|TIA1_HUMAN,/core/www/modules//consensus/?run_id=110202&search_id=114132&scans_id=110198&peptide_id=31012&scanf=38766&charge=2&value=sp|P31483|TIA1_HUMAN,4,/core/www/modules/match_peptides/blast_html4.php?run_id=110202&search_id=114132&scans_id=110198&peptide_id=31012&scanf=38766&charge=2&value=4,R.QTFSPFGQIMEIR.V,/core/www/modules/show_out/show_out_wrapper.php?run_id=110202&search_id=114132&scans_id=110198&peptide_id=31012&scanf=38766&charge=2&value=R.QTFSPFGQIMEIR.V,TIA1,8.501e+6,3.482,0.001,3.122,0.000
38767,3,"  2.967","  0.215",10/64,/core/www/modules//sdig/index.php?run_id=110202&search_id=114132&scans_id=110198&peptide_id=31013&scanf=38767&charge=3&value=10/64,sp|Q9NUQ6|SPS2L_HUMAN,/core/www/modules//consensus/?run_id=110202&search_id=114132&scans_id=110198&peptide_id=31013&scanf=38767&charge=3&value=sp|Q9NUQ6|SPS2L_HUMAN,2,/core/www/modules/match_peptides/blast_html4.php?run_id=110202&search_id=114132&scans_id=110198&peptide_id=31013&scanf=38767&charge=3&value=2,R.LTDLASQMAEMQLAELR.A,/core/www/modules/show_out/show_out_wrapper.php?run_id=110202&search_id=114132&scans_id=110198&peptide_id=31013&scanf=38767&charge=3&value=R.LTDLASQMAEMQLAELR.A,SPATS2L,6.483e+6,1.841,0.170,0.769,0.009
38772,3,"  3.794","  0.426",11/80,/core/www/modules//sdig/index.php?run_id=110202&search_id=114132&scans_id=110198&peptide_id=31019&scanf=38772&charge=3&value=11/80,sp|Q9Y2Z4|SYYM_HUMAN,/core/www/modules//consensus/?run_id=110202&search_id=114132&scans_id=110198&peptide_id=31019&scanf=38772&charge=3&value=sp|Q9Y2Z4|SYYM_HUMAN,1,/core/www/modules/match_peptides/blast_html4.php?run_id=110202&search_id=114132&scans_id=110198&peptide_id=31019&scanf=38772&charge=3&value=1,R.VQLGGSDQLGNIMSGYEFINK.L,/core/www/modules/show_out/show_out_wrapper.php?run_id=110202&search_id=114132&scans_id=110198&peptide_id=31019&scanf=38772&charge=3&value=R.VQLGGSDQLGNIMSGYEFINK.L,YARS2,2.024e+6,2.407,0.029,1.539,0.001
38774,2,"  3.895","  0.448",14/34,/core/www/modules//sdig/index.php?run_id=110202&search_id=114132&scans_id=110198&peptide_id=31021&scanf=38774&charge=2&value=14/34,sp|P43243|MATR3_HUMAN,/core/www/modules//consensus/?run_id=110202&search_id=114132&scans_id=110198&peptide_id=31021&scanf=38774&charge=2&value=sp|P43243|MATR3_HUMAN,4,/core/www/modules/match_peptides/blast_html4.php?run_id=110202&search_id=114132&scans_id=110198&peptide_id=31021&scanf=38774&charge=2&value=4,R.GDADQASNILASFGLSAR.D,/core/www/modules/show_out/show_out_wrapper.php?run_id=110202&search_id=114132&scans_id=110198&peptide_id=31021&scanf=38774&charge=2&value=R.GDADQASNILASFGLSAR.D,MATR3,1.051e+7,2.720,0.010,1.995,0.000
38783,3,"  1.627","  0.179",11/36,/core/www/modules//sdig/index.php?run_id=110202&search_id=114132&scans_id=110198&peptide_id=31031&scanf=38783&charge=3&value=11/36,sp|O00148|DX39A_HUMAN,/core/www/modules//consensus/?run_id=110202&search_id=114132&scans_id=110198&peptide_id=31031&scanf=38783&charge=3&value=sp|O00148|DX39A_HUMAN,19,/core/www/modules/match_peptides/blast_html4.php?run_id=110202&search_id=114132&scans_id=110198&peptide_id=31031&scanf=38783&charge=3&value=19,R.DFLLKPELLR.A,/core/www/modules/show_out/show_out_wrapper.php?run_id=110202&search_id=114132&scans_id=110198&peptide_id=31031&scanf=38783&charge=3&value=R.DFLLKPELLR.A,DDX39A,2.068e+7,2.256,0.047,1.324,0.002
38788,2,"  3.396","  0.585",14/26,/core/www/modules//sdig/index.php?run_id=110202&search_id=114132&scans_id=110198&peptide_id=31035&scanf=38788&charge=2&value=14/26,sp|P61006|RAB8A_HUMAN,/core/www/modules//consensus/?run_id=110202&search_id=114132&scans_id=110198&peptide_id=31035&scanf=38788&charge=2&value=sp|P61006|RAB8A_HUMAN,0,/core/www/modules/match_peptides/blast_html4.php?run_id=110202&search_id=114132&scans_id=110198&peptide_id=31035&scanf=38788&charge=2&value=0,K.ANINVENAFFTLAR.D,/core/www/modules/show_out/show_out_wrapper.php?run_id=110202&search_id=114132&scans_id=110198&peptide_id=31035&scanf=38788&charge=2&value=K.ANINVENAFFTLAR.D,RAB8A,4.791e+6,3.089,0.003,2.539,0.000
38789,3,"  4.993","  0.593",18/92,/core/www/modules//sdig/index.php?run_id=110202&search_id=114132&scans_id=110198&peptide_id=31036&scanf=38789&charge=3&value=18/92,sp|Q14839|CHD4_HUMAN,/core/www/modules//consensus/?run_id=110202&search_id=114132&scans_id=110198&peptide_id=31036&scanf=38789&charge=3&value=sp|Q14839|CHD4_HUMAN,19,/core/www/modules/match_peptides/blast_html4.php?run_id=110202&search_id=114132&scans_id=110198&peptide_id=31036&scanf=38789&charge=3&value=19,R.QPEYLDATGGTLHPYQMEGLNWLR.F,/core/www/modules/show_out/show_out_wrapper.php?run_id=110202&search_id=114132&scans_id=110198&peptide_id=31036&scanf=38789&charge=3&value=R.QPEYLDATGGTLHPYQMEGLNWLR.F,CHD4,4.281e+6,3.200,0.002,2.704,0.000
38791,3,"  3.046","  0.484",13/108,/core/www/modules//sdig/index.php?run_id=110202&search_id=114132&scans_id=110198&peptide_id=31039&scanf=38791&charge=3&value=13/108,sp|Q9NQC3|RTN4_HUMAN,/core/www/modules//consensus/?run_id=110202&search_id=114132&scans_id=110198&peptide_id=31039&scanf=38791&charge=3&value=sp|Q9NQC3|RTN4_HUMAN,0,/core/www/modules/match_peptides/blast_html4.php?run_id=110202&search_id=114132&scans_id=110198&peptide_id=31039&scanf=38791&charge=3&value=0,R.QPSWDPSPVSSTVPAPSPLSAAAVSPSK.L,/core/www/modules/show_out/show_out_wrapper.php?run_id=110202&search_id=114132&scans_id=110198&peptide_id=31039&scanf=38791&charge=3&value=R.QPSWDPSPVSSTVPAPSPLSAAAVSPSK.L,RTN4,2.064e+6,2.400,0.030,1.529,0.001
38802,3,"  3.512","  0.550",19/96,/core/www/modules//sdig/index.php?run_id=110202&search_id=114132&scans_id=110198&peptide_id=31051&scanf=38802&charge=3&value=19/96,sp|O75821|EIF3G_HUMAN,/core/www/modules//consensus/?run_id=110202&search_id=114132&scans_id=110198&peptide_id=31051&scanf=38802&charge=3&value=sp|O75821|EIF3G_HUMAN,4,/core/www/modules/match_peptides/blast_html4.php?run_id=110202&search_id=114132&scans_id=110198&peptide_id=31051&scanf=38802&charge=3&value=4,K.GIPLATGDTSPEPELLPGAPLPPPK.E,/core/www/modules/show_out/show_out_wrapper.php?run_id=110202&search_id=114132&scans_id=110198&peptide_id=31051&scanf=38802&charge=3&value=K.GIPLATGDTSPEPELLPGAPLPPPK.E,EIF3G,4.195e+6,2.859,0.006,2.200,0.000
38808,2,"  2.600","  0.418",12/18,/core/www/modules//sdig/index.php?run_id=110202&search_id=114132&scans_id=110198&peptide_id=31056&scanf=38808&charge=2&value=12/18,sp|P08670|VIME_HUMAN,/core/www/modules//consensus/?run_id=110202&search_id=114132&scans_id=110198&peptide_id=31056&scanf=38808&charge=2&value=sp|P08670|VIME_HUMAN,2,/core/www/modules/match_peptides/blast_html4.php?run_id=110202&search_id=114132&scans_id=110198&peptide_id=31056&scanf=38808&charge=2&value=2,K.ILLAELEQLK.G,/core/www/modules/show_out/show_out_wrapper.php?run_id=110202&search_id=114132&scans_id=110198&peptide_id=31056&scanf=38808&charge=2&value=K.ILLAELEQLK.G,VIM,2.375e+9,3.557,0.001,3.232,0.000
38809,3,"  2.907","  0.549",19/64,/core/www/modules//sdig/index.php?run_id=110202&search_id=114132&scans_id=110198&peptide_id=31057&scanf=38809&charge=3&value=19/64,sp|P30041|PRDX6_HUMAN,/core/www/modules//consensus/?run_id=110202&search_id=114132&scans_id=110198&peptide_id=31057&scanf=38809&charge=3&value=sp|P30041|PRDX6_HUMAN,0,/core/www/modules/match_peptides/blast_html4.php?run_id=110202&search_id=114132&scans_id=110198&peptide_id=31057&scanf=38809&charge=3&value=0,K.LIALSIDSVEDHLAWSK.D,/core/www/modules/show_out/show_out_wrapper.php?run_id=110202&search_id=114132&scans_id=110198&peptide_id=31057&scanf=38809&charge=3&value=K.LIALSIDSVEDHLAWSK.D,PRDX6,3.341e+6,3.139,0.002,2.613,0.000
38810,2,"  1.798","  0.458",9/18,/core/www/modules//sdig/index.php?run_id=110202&search_id=114132&scans_id=110198&peptide_id=31059&scanf=38810&charge=2&value=9/18,sp|P30876|RPB2_HUMAN,/core/www/modules//consensus/?run_id=110202&search_id=114132&scans_id=110198&peptide_id=31059&scanf=38810&charge=2&value=sp|P30876|RPB2_HUMAN,2,/core/www/modules/match_peptides/blast_html4.php?run_id=110202&search_id=114132&scans_id=110198&peptide_id=31059&scanf=38810&charge=2&value=2,K.QEVPIIIVFR.A,/core/www/modules/show_out/show_out_wrapper.php?run_id=110202&search_id=114132&scans_id=110198&peptide_id=31059&scanf=38810&charge=2&value=K.QEVPIIIVFR.A,POLR2B,4.599e+6,2.930,0.005,2.305,0.000
38813,2,"  3.329","  0.565",13/24,/core/www/modules//sdig/index.php?run_id=110202&search_id=114132&scans_id=110198&peptide_id=31062&scanf=38813&charge=2&value=13/24,sp|Q15008|PSMD6_HUMAN,/core/www/modules//consensus/?run_id=110202&search_id=114132&scans_id=110198&peptide_id=31062&scanf=38813&charge=2&value=sp|Q15008|PSMD6_HUMAN,1,/core/www/modules/match_peptides/blast_html4.php?run_id=110202&search_id=114132&scans_id=110198&peptide_id=31062&scanf=38813&charge=2&value=1,R.IGLFYMDNDLITR.N,/core/www/modules/show_out/show_out_wrapper.php?run_id=110202&search_id=114132&scans_id=110198&peptide_id=31062&scanf=38813&charge=2&value=R.IGLFYMDNDLITR.N,PSMD6,5.362e+6,3.355,0.001,2.933,0.000
38816,2,"  2.990","  0.697",13/20,/core/www/modules//sdig/index.php?run_id=110202&search_id=114132&scans_id=110198&peptide_id=31065&scanf=38816&charge=2&value=13/20,sp|Q6ZN17|LN28B_HUMAN,/core/www/modules//consensus/?run_id=110202&search_id=114132&scans_id=110198&peptide_id=31065&scanf=38816&charge=2&value=sp|Q6ZN17|LN28B_HUMAN,2,/core/www/modules/match_peptides/blast_html4.php?run_id=110202&search_id=114132&scans_id=110198&peptide_id=31065&scanf=38816&charge=2&value=2,R.MGFGFISMINR.E,/core/www/modules/show_out/show_out_wrapper.php?run_id=110202&search_id=114132&scans_id=110198&peptide_id=31065&scanf=38816&charge=2&value=R.MGFGFISMINR.E,LIN28B,1.108e+7,3.929,0.000,3.784,0.000
38817,2,"  2.566","  0.405",11/26,/core/www/modules//sdig/index.php?run_id=110202&search_id=114132&scans_id=110198&peptide_id=31066&scanf=38817&charge=2&value=11/26,sp|Q8N163|CCAR2_HUMAN,/core/www/modules//consensus/?run_id=110202&search_id=114132&scans_id=110198&peptide_id=31066&scanf=38817&charge=2&value=sp|Q8N163|CCAR2_HUMAN,1,/core/www/modules/match_peptides/blast_html4.php?run_id=110202&search_id=114132&scans_id=110198&peptide_id=31066&scanf=38817&charge=2&value=1,K.VLLLSSPGLEELYR.C,/core/www/modules/show_out/show_out_wrapper.php?run_id=110202&search_id=114132&scans_id=110198&peptide_id=31066&scanf=38817&charge=2&value=K.VLLLSSPGLEELYR.C,CCAR2,1.536e+7,2.601,0.015,1.821,0.000
38824,2,"  2.060","  0.272",8/16,/core/www/modules//sdig/index.php?run_id=110202&search_id=114132&scans_id=110198&peptide_id=31073&scanf=38824&charge=2&value=8/16,sp|P04908|H2A1B_HUMAN,/core/www/modules//consensus/?run_id=110202&search_id=114132&scans_id=110198&peptide_id=31073&scanf=38824&charge=2&value=sp|P04908|H2A1B_HUMAN,19,/core/www/modules/match_peptides/blast_html4.php?run_id=110202&search_id=114132&scans_id=110198&peptide_id=31073&scanf=38824&charge=2&value=19,R.AGLQFPVGR.V,/core/www/modules/show_out/show_out_wrapper.php?run_id=110202&search_id=114132&scans_id=110198&peptide_id=31073&scanf=38824&charge=2&value=R.AGLQFPVGR.V,H2AC8,1.058e+6,2.539,0.019,1.730,0.000
38829,2,"  2.067","  0.159",10/16,/core/www/modules//sdig/index.php?run_id=110202&search_id=114132&scans_id=110198&peptide_id=31077&scanf=38829&charge=2&value=10/16,sp|O60814|H2B1K_HUMAN,/core/www/modules//consensus/?run_id=110202&search_id=114132&scans_id=110198&peptide_id=31077&scanf=38829&charge=2&value=sp|O60814|H2B1K_HUMAN,16,/core/www/modules/match_peptides/blast_html4.php?run_id=110202&search_id=114132&scans_id=110198&peptide_id=31077&scanf=38829&charge=2&value=16,R.LLLPGELAK.H,/core/www/modules/show_out/show_out_wrapper.php?run_id=110202&search_id=114132&scans_id=110198&peptide_id=31077&scanf=38829&charge=2&value=R.LLLPGELAK.H,H2BC12,4.487e+9,2.380,0.032,1.500,0.001
38834,2,"  3.498","  0.606",15/24,/core/www/modules//sdig/index.php?run_id=110202&search_id=114132&scans_id=110198&peptide_id=31083&scanf=38834&charge=2&value=15/24,sp|P05388|RLA0_HUMAN,/core/www/modules//consensus/?run_id=110202&search_id=114132&scans_id=110198&peptide_id=31083&scanf=38834&charge=2&value=sp|P05388|RLA0_HUMAN,4,/core/www/modules/match_peptides/blast_html4.php?run_id=110202&search_id=114132&scans_id=110198&peptide_id=31083&scanf=38834&charge=2&value=4,R.GTIEILSDVQLIK.T,/core/www/modules/show_out/show_out_wrapper.php?run_id=110202&search_id=114132&scans_id=110198&peptide_id=31083&scanf=38834&charge=2&value=R.GTIEILSDVQLIK.T,RPLP0,7.120e+7,3.568,0.001,3.249,0.000
38835,2,"  1.461","  0.170",9/24,/core/www/modules//sdig/index.php?run_id=110202&search_id=114132&scans_id=110198&peptide_id=31084&scanf=38835&charge=2&value=9/24,sp|Q6P2Q9|PRP8_HUMAN,/core/www/modules//consensus/?run_id=110202&search_id=114132&scans_id=110198&peptide_id=31084&scanf=38835&charge=2&value=sp|Q6P2Q9|PRP8_HUMAN,0,/core/www/modules/match_peptides/blast_html4.php?run_id=110202&search_id=114132&scans_id=110198&peptide_id=31084&scanf=38835&charge=2&value=0,K.LLENMPMPWEQIR.D,/core/www/modules/show_out/show_out_wrapper.php?run_id=110202&search_id=114132&scans_id=110198&peptide_id=31084&scanf=38835&charge=2&value=K.LLENMPMPWEQIR.D,PRPF8,6.834e+6,1.921,0.135,0.869,0.007
38836,2,"  5.277","  0.675",21/34,/core/www/modules//sdig/index.php?run_id=110202&search_id=114132&scans_id=110198&peptide_id=31085&scanf=38836&charge=2&value=21/34,sp|Q15029|U5S1_HUMAN,/core/www/modules//consensus/?run_id=110202&search_id=114132&scans_id=110198&peptide_id=31085&scanf=38836&charge=2&value=sp|Q15029|U5S1_HUMAN,0,/core/www/modules/match_peptides/blast_html4.php?run_id=110202&search_id=114132&scans_id=110198&peptide_id=31085&scanf=38836&charge=2&value=0,R.VPAGNWVLIEGVDQPIVK.T,/core/www/modules/show_out/show_out_wrapper.php?run_id=110202&search_id=114132&scans_id=110198&peptide_id=31085&scanf=38836&charge=2&value=R.VPAGNWVLIEGVDQPIVK.T,EFTUD2,7.243e+6,3.617,0.000,3.322,0.000
38839,3,"  3.627","  0.537",16/52,/core/www/modules//sdig/index.php?run_id=110202&search_id=114132&scans_id=110198&peptide_id=31088&scanf=38839&charge=3&value=16/52,sp|P07355|ANXA2_HUMAN,/core/www/modules//consensus/?run_id=110202&search_id=114132&scans_id=110198&peptide_id=31088&scanf=38839&charge=3&value=sp|P07355|ANXA2_HUMAN,15,/core/www/modules/match_peptides/blast_html4.php?run_id=110202&search_id=114132&scans_id=110198&peptide_id=31088&scanf=38839&charge=3&value=15,K.GVDEVTIVNILTNR.S,/core/www/modules/show_out/show_out_wrapper.php?run_id=110202&search_id=114132&scans_id=110198&peptide_id=31088&scanf=38839&charge=3&value=K.GVDEVTIVNILTNR.S,ANXA2,1.412e+7,3.321,0.001,2.884,0.000
38850,2,"  3.317","  0.675",14/22,/core/www/modules//sdig/index.php?run_id=110202&search_id=114132&scans_id=110198&peptide_id=31100&scanf=38850&charge=2&value=14/22,sp|A6NHR9|SMHD1_HUMAN,/core/www/modules//consensus/?run_id=110202&search_id=114132&scans_id=110198&peptide_id=31100&scanf=38850&charge=2&value=sp|A6NHR9|SMHD1_HUMAN,4,/core/www/modules/match_peptides/blast_html4.php?run_id=110202&search_id=114132&scans_id=110198&peptide_id=31100&scanf=38850&charge=2&value=4,R.ANLGVFSVFAPR.G,/core/www/modules/show_out/show_out_wrapper.php?run_id=110202&search_id=114132&scans_id=110198&peptide_id=31100&scanf=38850&charge=2&value=R.ANLGVFSVFAPR.G,SMCHD1,2.189e+7,4.029,0.000,3.933,0.000
38853,3,"  4.308","  0.384",14/76,/core/www/modules//sdig/index.php?run_id=110202&search_id=114132&scans_id=110198&peptide_id=31103&scanf=38853&charge=3&value=14/76,sp|P41223|BUD31_HUMAN,/core/www/modules//consensus/?run_id=110202&search_id=114132&scans_id=110198&peptide_id=31103&scanf=38853&charge=3&value=sp|P41223|BUD31_HUMAN,2,/core/www/modules/match_peptides/blast_html4.php?run_id=110202&search_id=114132&scans_id=110198&peptide_id=31103&scanf=38853&charge=3&value=2,R.KAPPDGWELIEPTLDELDQK.M,/core/www/modules/show_out/show_out_wrapper.php?run_id=110202&search_id=114132&scans_id=110198&peptide_id=31103&scanf=38853&charge=3&value=R.KAPPDGWELIEPTLDELDQK.M,BUD31,2.715e+6,2.007,0.104,0.982,0.005
38855,3,"  4.846","  0.564",17/96,/core/www/modules//sdig/index.php?run_id=110202&search_id=114132&scans_id=110198&peptide_id=31105&scanf=38855&charge=3&value=17/96,sp|O75821|EIF3G_HUMAN,/core/www/modules//consensus/?run_id=110202&search_id=114132&scans_id=110198&peptide_id=31105&scanf=38855&charge=3&value=sp|O75821|EIF3G_HUMAN,4,/core/www/modules/match_peptides/blast_html4.php?run_id=110202&search_id=114132&scans_id=110198&peptide_id=31105&scanf=38855&charge=3&value=4,K.GIPLATGDTSPEPELLPGAPLPPPK.E,/core/www/modules/show_out/show_out_wrapper.php?run_id=110202&search_id=114132&scans_id=110198&peptide_id=31105&scanf=38855&charge=3&value=K.GIPLATGDTSPEPELLPGAPLPPPK.E,EIF3G,4.195e+6,2.922,0.005,2.293,0.000
38857,3,"  3.442","  0.509",19/72,/core/www/modules//sdig/index.php?run_id=110202&search_id=114132&scans_id=110198&peptide_id=31107&scanf=38857&charge=3&value=19/72,sp|P49642|PRI1_HUMAN,/core/www/modules//consensus/?run_id=110202&search_id=114132&scans_id=110198&peptide_id=31107&scanf=38857&charge=3&value=sp|P49642|PRI1_HUMAN,2,/core/www/modules/match_peptides/blast_html4.php?run_id=110202&search_id=114132&scans_id=110198&peptide_id=31107&scanf=38857&charge=3&value=2,K.ILALVPETIHDELQQSFQK.S,/core/www/modules/show_out/show_out_wrapper.php?run_id=110202&search_id=114132&scans_id=110198&peptide_id=31107&scanf=38857&charge=3&value=K.ILALVPETIHDELQQSFQK.S,PRIM1,1.672e+6,2.960,0.004,2.349,0.000
38859,2,"  2.903","  0.272",10/28,/core/www/modules//sdig/index.php?run_id=110202&search_id=114132&scans_id=110198&peptide_id=31109&scanf=38859&charge=2&value=10/28,sp|Q9P2D1|CHD7_HUMAN,/core/www/modules//consensus/?run_id=110202&search_id=114132&scans_id=110198&peptide_id=31109&scanf=38859&charge=2&value=sp|Q9P2D1|CHD7_HUMAN,1,/core/www/modules/match_peptides/blast_html4.php?run_id=110202&search_id=114132&scans_id=110198&peptide_id=31109&scanf=38859&charge=2&value=1,R.FPSETTFMQEFGDLK.T,/core/www/modules/show_out/show_out_wrapper.php?run_id=110202&search_id=114132&scans_id=110198&peptide_id=31109&scanf=38859&charge=2&value=R.FPSETTFMQEFGDLK.T,CHD7,1.366e+6,1.990,0.110,0.958,0.005
38862,3,"  3.546","  0.382",14/68,/core/www/modules//sdig/index.php?run_id=110202&search_id=114132&scans_id=110198&peptide_id=31113&scanf=38862&charge=3&value=14/68,sp|Q13363|CTBP1_HUMAN,/core/www/modules//consensus/?run_id=110202&search_id=114132&scans_id=110198&peptide_id=31113&scanf=38862&charge=3&value=sp|Q13363|CTBP1_HUMAN,4,/core/www/modules/match_peptides/blast_html4.php?run_id=110202&search_id=114132&scans_id=110198&peptide_id=31113&scanf=38862&charge=3&value=4,K.VLNEAVGALMYHTITLTR.E,/core/www/modules/show_out/show_out_wrapper.php?run_id=110202&search_id=114132&scans_id=110198&peptide_id=31113&scanf=38862&charge=3&value=K.VLNEAVGALMYHTITLTR.E,CTBP1,2.465e+6,2.497,0.021,1.670,0.001
38868,3,"  2.479","  0.524",12/56,/core/www/modules//sdig/index.php?run_id=110202&search_id=114132&scans_id=110198&peptide_id=31119&scanf=38868&charge=3&value=12/56,sp|P10809|CH60_HUMAN,/core/www/modules//consensus/?run_id=110202&search_id=114132&scans_id=110198&peptide_id=31119&scanf=38868&charge=3&value=sp|P10809|CH60_HUMAN,8,/core/www/modules/match_peptides/blast_html4.php?run_id=110202&search_id=114132&scans_id=110198&peptide_id=31119&scanf=38868&charge=3&value=8,R.GVM*LAVDAVIAELKK.Q,/core/www/modules/show_out/show_out_wrapper.php?run_id=110202&search_id=114132&scans_id=110198&peptide_id=31119&scanf=38868&charge=3&value=R.GVM*LAVDAVIAELKK.Q,HSPD1,1.388e+6,2.856,0.006,2.196,0.000
38871,2,"  2.269","  0.369",11/18,/core/www/modules//sdig/index.php?run_id=110202&search_id=114132&scans_id=110198&peptide_id=31122&scanf=38871&charge=2&value=11/18,sp|P78527|PRKDC_HUMAN,/core/www/modules//consensus/?run_id=110202&search_id=114132&scans_id=110198&peptide_id=31122&scanf=38871&charge=2&value=sp|P78527|PRKDC_HUMAN,2,/core/www/modules/match_peptides/blast_html4.php?run_id=110202&search_id=114132&scans_id=110198&peptide_id=31122&scanf=38871&charge=2&value=2,R.QFINLMLPMK.E,/core/www/modules/show_out/show_out_wrapper.php?run_id=110202&search_id=114132&scans_id=110198&peptide_id=31122&scanf=38871&charge=2&value=R.QFINLMLPMK.E,PRKDC,5.472e+7,3.621,0.000,3.328,0.000
38872,2,"  2.444","  0.426",13/20,/core/www/modules//sdig/index.php?run_id=110202&search_id=114132&scans_id=110198&peptide_id=31123&scanf=38872&charge=2&value=13/20,sp|Q92616|GCN1_HUMAN,/core/www/modules//consensus/?run_id=110202&search_id=114132&scans_id=110198&peptide_id=31123&scanf=38872&charge=2&value=sp|Q92616|GCN1_HUMAN,0,/core/www/modules/match_peptides/blast_html4.php?run_id=110202&search_id=114132&scans_id=110198&peptide_id=31123&scanf=38872&charge=2&value=0,R.IIIEDLLEATR.S,/core/www/modules/show_out/show_out_wrapper.php?run_id=110202&search_id=114132&scans_id=110198&peptide_id=31123&scanf=38872&charge=2&value=R.IIIEDLLEATR.S,GCN1,1.104e+7,3.228,0.002,2.745,0.000
38874,2,"  3.176","  0.636",12/28,/core/www/modules//sdig/index.php?run_id=110202&search_id=114132&scans_id=110198&peptide_id=31125&scanf=38874&charge=2&value=12/28,sp|P53396|ACLY_HUMAN,/core/www/modules//consensus/?run_id=110202&search_id=114132&scans_id=110198&peptide_id=31125&scanf=38874&charge=2&value=sp|P53396|ACLY_HUMAN,0,/core/www/modules/match_peptides/blast_html4.php?run_id=110202&search_id=114132&scans_id=110198&peptide_id=31125&scanf=38874&charge=2&value=0,R.TIAIIAEGIPEALTR.K,/core/www/modules/show_out/show_out_wrapper.php?run_id=110202&search_id=114132&scans_id=110198&peptide_id=31125&scanf=38874&charge=2&value=R.TIAIIAEGIPEALTR.K,ACLY,1.741e+6,3.301,0.001,2.854,0.000
38876,2,"  4.912","  0.767",22/38,/core/www/modules//sdig/index.php?run_id=110202&search_id=114132&scans_id=110198&peptide_id=31127&scanf=38876&charge=2&value=22/38,sp|Q6UXN9|WDR82_HUMAN,/core/www/modules//consensus/?run_id=110202&search_id=114132&scans_id=110198&peptide_id=31127&scanf=38876&charge=2&value=sp|Q6UXN9|WDR82_HUMAN,0,/core/www/modules/match_peptides/blast_html4.php?run_id=110202&search_id=114132&scans_id=110198&peptide_id=31127&scanf=38876&charge=2&value=0,R.VVALSMSPVDDTFISGSLDK.T,/core/www/modules/show_out/show_out_wrapper.php?run_id=110202&search_id=114132&scans_id=110198&peptide_id=31127&scanf=38876&charge=2&value=R.VVALSMSPVDDTFISGSLDK.T,WDR82,1.207e+7,3.898,0.000,3.738,0.000
38877,2,"  4.931","  0.578",13/28,/core/www/modules//sdig/index.php?run_id=110202&search_id=114132&scans_id=110198&peptide_id=31128&scanf=38877&charge=2&value=13/28,sp|Q9P2D1|CHD7_HUMAN,/core/www/modules//consensus/?run_id=110202&search_id=114132&scans_id=110198&peptide_id=31128&scanf=38877&charge=2&value=sp|Q9P2D1|CHD7_HUMAN,1,/core/www/modules/match_peptides/blast_html4.php?run_id=110202&search_id=114132&scans_id=110198&peptide_id=31128&scanf=38877&charge=2&value=1,R.FPSETTFMQEFGDLK.T,/core/www/modules/show_out/show_out_wrapper.php?run_id=110202&search_id=114132&scans_id=110198&peptide_id=31128&scanf=38877&charge=2&value=R.FPSETTFMQEFGDLK.T,CHD7,1.366e+6,3.275,0.002,2.815,0.000
38879,3,"  2.182","  0.288",12/76,/core/www/modules//sdig/index.php?run_id=110202&search_id=114132&scans_id=110198&peptide_id=31130&scanf=38879&charge=3&value=12/76,sp|O95573|ACSL3_HUMAN,/core/www/modules//consensus/?run_id=110202&search_id=114132&scans_id=110198&peptide_id=31130&scanf=38879&charge=3&value=sp|O95573|ACSL3_HUMAN,6,/core/www/modules/match_peptides/blast_html4.php?run_id=110202&search_id=114132&scans_id=110198&peptide_id=31130&scanf=38879&charge=3&value=6,K.GDTSMLKPTLMAAVPEIMDR.I,/core/www/modules/show_out/show_out_wrapper.php?run_id=110202&search_id=114132&scans_id=110198&peptide_id=31130&scanf=38879&charge=3&value=K.GDTSMLKPTLMAAVPEIMDR.I,ACSL3,1.843e+6,2.015,0.102,0.992,0.005
38882,2,"  1.956","  0.424",8/12,/core/www/modules//sdig/index.php?run_id=110202&search_id=114132&scans_id=110198&peptide_id=31134&scanf=38882&charge=2&value=8/12,sp|Q96C19|EFHD2_HUMAN,/core/www/modules//consensus/?run_id=110202&search_id=114132&scans_id=110198&peptide_id=31134&scanf=38882&charge=2&value=sp|Q96C19|EFHD2_HUMAN,1,/core/www/modules/match_peptides/blast_html4.php?run_id=110202&search_id=114132&scans_id=110198&peptide_id=31134&scanf=38882&charge=2&value=1,R.EFLLIFR.K,/core/www/modules/show_out/show_out_wrapper.php?run_id=110202&search_id=114132&scans_id=110198&peptide_id=31134&scanf=38882&charge=2&value=R.EFLLIFR.K,EFHD2,1.214e+6,3.105,0.003,2.563,0.000
38883,2,"  4.394","  0.702",17/34,/core/www/modules//sdig/index.php?run_id=110202&search_id=114132&scans_id=110198&peptide_id=31135&scanf=38883&charge=2&value=17/34,sp|O14929|HAT1_HUMAN,/core/www/modules//consensus/?run_id=110202&search_id=114132&scans_id=110198&peptide_id=31135&scanf=38883&charge=2&value=sp|O14929|HAT1_HUMAN,0,/core/www/modules/match_peptides/blast_html4.php?run_id=110202&search_id=114132&scans_id=110198&peptide_id=31135&scanf=38883&charge=2&value=0,R.YYTEFPTVLDITAEDPSK.S,/core/www/modules/show_out/show_out_wrapper.php?run_id=110202&search_id=114132&scans_id=110198&peptide_id=31135&scanf=38883&charge=2&value=R.YYTEFPTVLDITAEDPSK.S,HAT1,1.054e+6,3.526,0.001,3.187,0.000
38885,3,"  2.615","  0.504",15/44,/core/www/modules//sdig/index.php?run_id=110202&search_id=114132&scans_id=110198&peptide_id=31137&scanf=38885&charge=3&value=15/44,sp|P10155|RO60_HUMAN,/core/www/modules//consensus/?run_id=110202&search_id=114132&scans_id=110198&peptide_id=31137&scanf=38885&charge=3&value=sp|P10155|RO60_HUMAN,1,/core/www/modules/match_peptides/blast_html4.php?run_id=110202&search_id=114132&scans_id=110198&peptide_id=31137&scanf=38885&charge=3&value=1,R.IPTHLFTFIQFK.K,/core/www/modules/show_out/show_out_wrapper.php?run_id=110202&search_id=114132&scans_id=110198&peptide_id=31137&scanf=38885&charge=3&value=R.IPTHLFTFIQFK.K,RO60,2.123e+6,3.309,0.001,2.866,0.000
38886,3,"  2.727","  0.471",12/60,/core/www/modules//sdig/index.php?run_id=110202&search_id=114132&scans_id=110198&peptide_id=31138&scanf=38886&charge=3&value=12/60,sp|Q08J23|NSUN2_HUMAN,/core/www/modules//consensus/?run_id=110202&search_id=114132&scans_id=110198&peptide_id=31138&scanf=38886&charge=3&value=sp|Q08J23|NSUN2_HUMAN,0,/core/www/modules/match_peptides/blast_html4.php?run_id=110202&search_id=114132&scans_id=110198&peptide_id=31138&scanf=38886&charge=3&value=0,R.LAQEGIYTLYPFINSR.I,/core/www/modules/show_out/show_out_wrapper.php?run_id=110202&search_id=114132&scans_id=110198&peptide_id=31138&scanf=38886&charge=3&value=R.LAQEGIYTLYPFINSR.I,NSUN2,1.654e+6,2.854,0.006,2.193,0.000
38887,2,"  4.168","  0.689",17/28,/core/www/modules//sdig/index.php?run_id=110202&search_id=114132&scans_id=110198&peptide_id=31139&scanf=38887&charge=2&value=17/28,sp|O43390|HNRPR_HUMAN,/core/www/modules//consensus/?run_id=110202&search_id=114132&scans_id=110198&peptide_id=31139&scanf=38887&charge=2&value=sp|O43390|HNRPR_HUMAN,1,/core/www/modules/match_peptides/blast_html4.php?run_id=110202&search_id=114132&scans_id=110198&peptide_id=31139&scanf=38887&charge=2&value=1,R.EFNEEGALSVLQQFK.E,/core/www/modules/show_out/show_out_wrapper.php?run_id=110202&search_id=114132&scans_id=110198&peptide_id=31139&scanf=38887&charge=2&value=R.EFNEEGALSVLQQFK.E,HNRNPR,1.500e+7,3.898,0.000,3.738,0.000
38888,3,"  4.185","  0.505",13/76,/core/www/modules//sdig/index.php?run_id=110202&search_id=114132&scans_id=110198&peptide_id=31140&scanf=38888&charge=3&value=13/76,sp|Q02218|ODO1_HUMAN,/core/www/modules//consensus/?run_id=110202&search_id=114132&scans_id=110198&peptide_id=31140&scanf=38888&charge=3&value=sp|Q02218|ODO1_HUMAN,3,/core/www/modules/match_peptides/blast_html4.php?run_id=110202&search_id=114132&scans_id=110198&peptide_id=31140&scanf=38888&charge=3&value=3,K.VFHLPTTTFIGGQESALPLR.E,/core/www/modules/show_out/show_out_wrapper.php?run_id=110202&search_id=114132&scans_id=110198&peptide_id=31140&scanf=38888&charge=3&value=K.VFHLPTTTFIGGQESALPLR.E,OGDH,1.266e+6,2.863,0.006,2.206,0.000
38892,2,"  3.001","  0.413",13/18,/core/www/modules//sdig/index.php?run_id=110202&search_id=114132&scans_id=110198&peptide_id=31144&scanf=38892&charge=2&value=13/18,sp|P62249|RS16_HUMAN,/core/www/modules//consensus/?run_id=110202&search_id=114132&scans_id=110198&peptide_id=31144&scanf=38892&charge=2&value=sp|P62249|RS16_HUMAN,5,/core/www/modules/match_peptides/blast_html4.php?run_id=110202&search_id=114132&scans_id=110198&peptide_id=31144&scanf=38892&charge=2&value=5,K.LLEPVLLLGK.E,/core/www/modules/show_out/show_out_wrapper.php?run_id=110202&search_id=114132&scans_id=110198&peptide_id=31144&scanf=38892&charge=2&value=K.LLEPVLLLGK.E,RPS16,3.647e+8,3.191,0.002,2.691,0.000
38899,3,"  2.951","  0.332",13/56,/core/www/modules//sdig/index.php?run_id=110202&search_id=114132&scans_id=110198&peptide_id=31151&scanf=38899&charge=3&value=13/56,sp|Q92616|GCN1_HUMAN,/core/www/modules//consensus/?run_id=110202&search_id=114132&scans_id=110198&peptide_id=31151&scanf=38899&charge=3&value=sp|Q92616|GCN1_HUMAN,0,/core/www/modules/match_peptides/blast_html4.php?run_id=110202&search_id=114132&scans_id=110198&peptide_id=31151&scanf=38899&charge=3&value=0,K.ILDVASLEVLNEVNR.R,/core/www/modules/show_out/show_out_wrapper.php?run_id=110202&search_id=114132&scans_id=110198&peptide_id=31151&scanf=38899&charge=3&value=K.ILDVASLEVLNEVNR.R,GCN1,2.529e+6,2.501,0.021,1.675,0.001
38908,3,"  3.020","  0.479",9/60,/core/www/modules//sdig/index.php?run_id=110202&search_id=114132&scans_id=110198&peptide_id=31161&scanf=38908&charge=3&value=9/60,sp|Q8IWA0|WDR75_HUMAN,/core/www/modules//consensus/?run_id=110202&search_id=114132&scans_id=110198&peptide_id=31161&scanf=38908&charge=3&value=sp|Q8IWA0|WDR75_HUMAN,0,/core/www/modules/match_peptides/blast_html4.php?run_id=110202&search_id=114132&scans_id=110198&peptide_id=31161&scanf=38908&charge=3&value=0,R.DVPESFTSEAYQWLNR.S,/core/www/modules/show_out/show_out_wrapper.php?run_id=110202&search_id=114132&scans_id=110198&peptide_id=31161&scanf=38908&charge=3&value=R.DVPESFTSEAYQWLNR.S,WDR75,7.276e+5,2.676,0.012,1.931,0.000
38909,3,"  2.285","  0.437",14/76,/core/www/modules//sdig/index.php?run_id=110202&search_id=114132&scans_id=110198&peptide_id=31162&scanf=38909&charge=3&value=14/76,sp|P05161|ISG15_HUMAN,/core/www/modules//consensus/?run_id=110202&search_id=114132&scans_id=110198&peptide_id=31162&scanf=38909&charge=3&value=sp|P05161|ISG15_HUMAN,2,/core/www/modules/match_peptides/blast_html4.php?run_id=110202&search_id=114132&scans_id=110198&peptide_id=31162&scanf=38909&charge=3&value=2,R.VPLASQGLGPGSTVLLVVDK.C,/core/www/modules/show_out/show_out_wrapper.php?run_id=110202&search_id=114132&scans_id=110198&peptide_id=31162&scanf=38909&charge=3&value=R.VPLASQGLGPGSTVLLVVDK.C,ISG15,2.027e+6,2.500,0.021,1.674,0.001
38919,3,"  6.145","  0.675",27/132,/core/www/modules//sdig/index.php?run_id=110202&search_id=114132&scans_id=110198&peptide_id=31172&scanf=38919&charge=3&value=27/132,sp|P08238|HS90B_HUMAN,/core/www/modules//consensus/?run_id=110202&search_id=114132&scans_id=110198&peptide_id=31172&scanf=38919&charge=3&value=sp|P08238|HS90B_HUMAN,0,/core/www/modules/match_peptides/blast_html4.php?run_id=110202&search_id=114132&scans_id=110198&peptide_id=31172&scanf=38919&charge=3&value=0,K.LGLGIDEDEVAAEEPNAAVPDEIPPLEGDEDASR.M,/core/www/modules/show_out/show_out_wrapper.php?run_id=110202&search_id=114132&scans_id=110198&peptide_id=31172&scanf=38919&charge=3&value=K.LGLGIDEDEVAAEEPNAAVPDEIPPLEGDEDASR.M,HSP90AB1,1.124e+6,3.150,0.002,2.629,0.000
38920,3,"  6.316","  0.703",22/96,/core/www/modules//sdig/index.php?run_id=110202&search_id=114132&scans_id=110198&peptide_id=31174&scanf=38920&charge=3&value=22/96,sp|P48643|TCPE_HUMAN,/core/www/modules//consensus/?run_id=110202&search_id=114132&scans_id=110198&peptide_id=31174&scanf=38920&charge=3&value=sp|P48643|TCPE_HUMAN,2,/core/www/modules/match_peptides/blast_html4.php?run_id=110202&search_id=114132&scans_id=110198&peptide_id=31174&scanf=38920&charge=3&value=2,K.DGDVTVTNDGATILSMMDVDHQIAK.L,/core/www/modules/show_out/show_out_wrapper.php?run_id=110202&search_id=114132&scans_id=110198&peptide_id=31174&scanf=38920&charge=3&value=K.DGDVTVTNDGATILSMMDVDHQIAK.L,CCT5,1.987e+6,3.557,0.001,3.233,0.000
38921,2,"  1.805","  0.305",9/18,/core/www/modules//sdig/index.php?run_id=110202&search_id=114132&scans_id=110198&peptide_id=31175&scanf=38921&charge=2&value=9/18,sp|Q14692|BMS1_HUMAN,/core/www/modules//consensus/?run_id=110202&search_id=114132&scans_id=110198&peptide_id=31175&scanf=38921&charge=2&value=sp|Q14692|BMS1_HUMAN,0,/core/www/modules/match_peptides/blast_html4.php?run_id=110202&search_id=114132&scans_id=110198&peptide_id=31175&scanf=38921&charge=2&value=0,K.LLMSDIVFMR.T,/core/www/modules/show_out/show_out_wrapper.php?run_id=110202&search_id=114132&scans_id=110198&peptide_id=31175&scanf=38921&charge=2&value=K.LLMSDIVFMR.T,BMS1,4.625e+6,2.432,0.027,1.575,0.001
38922,3,"  5.605","  0.628",23/88,/core/www/modules//sdig/index.php?run_id=110202&search_id=114132&scans_id=110198&peptide_id=31176&scanf=38922&charge=3&value=23/88,sp|Q9Y3I0|RTCB_HUMAN,/core/www/modules//consensus/?run_id=110202&search_id=114132&scans_id=110198&peptide_id=31176&scanf=38922&charge=3&value=sp|Q9Y3I0|RTCB_HUMAN,0,/core/www/modules/match_peptides/blast_html4.php?run_id=110202&search_id=114132&scans_id=110198&peptide_id=31176&scanf=38922&charge=3&value=0,K.VFNTTPDDLDLHVIYDVSHNIAK.V,/core/www/modules/show_out/show_out_wrapper.php?run_id=110202&search_id=114132&scans_id=110198&peptide_id=31176&scanf=38922&charge=3&value=K.VFNTTPDDLDLHVIYDVSHNIAK.V,RTCB,2.943e+6,3.346,0.001,2.919,0.000
38924,3,"  3.016","  0.383",12/72,/core/www/modules//sdig/index.php?run_id=110202&search_id=114132&scans_id=110198&peptide_id=31178&scanf=38924&charge=3&value=12/72,sp|P49642|PRI1_HUMAN,/core/www/modules//consensus/?run_id=110202&search_id=114132&scans_id=110198&peptide_id=31178&scanf=38924&charge=3&value=sp|P49642|PRI1_HUMAN,2,/core/www/modules/match_peptides/blast_html4.php?run_id=110202&search_id=114132&scans_id=110198&peptide_id=31178&scanf=38924&charge=3&value=2,K.ILALVPETIHDELQQSFQK.S,/core/www/modules/show_out/show_out_wrapper.php?run_id=110202&search_id=114132&scans_id=110198&peptide_id=31178&scanf=38924&charge=3&value=K.ILALVPETIHDELQQSFQK.S,PRIM1,1.672e+6,2.364,0.033,1.477,0.001
38925,3,"  6.121","  0.616",23/92,/core/www/modules//sdig/index.php?run_id=110202&search_id=114132&scans_id=110198&peptide_id=31179&scanf=38925&charge=3&value=23/92,sp|Q92979|NEP1_HUMAN,/core/www/modules//consensus/?run_id=110202&search_id=114132&scans_id=110198&peptide_id=31179&scanf=38925&charge=3&value=sp|Q92979|NEP1_HUMAN,3,/core/www/modules/match_peptides/blast_html4.php?run_id=110202&search_id=114132&scans_id=110198&peptide_id=31179&scanf=38925&charge=3&value=3,R.DPGEARPDITHQSLLMLMDSPLNR.A,/core/www/modules/show_out/show_out_wrapper.php?run_id=110202&search_id=114132&scans_id=110198&peptide_id=31179&scanf=38925&charge=3&value=R.DPGEARPDITHQSLLMLMDSPLNR.A,EMG1,0,3.322,0.001,2.884,0.000
38926,2,"  3.059","  0.487",13/22,/core/www/modules//sdig/index.php?run_id=110202&search_id=114132&scans_id=110198&peptide_id=31180&scanf=38926&charge=2&value=13/22,sp|Q9BPX3|CND3_HUMAN,/core/www/modules//consensus/?run_id=110202&search_id=114132&scans_id=110198&peptide_id=31180&scanf=38926&charge=2&value=sp|Q9BPX3|CND3_HUMAN,1,/core/www/modules/match_peptides/blast_html4.php?run_id=110202&search_id=114132&scans_id=110198&peptide_id=31180&scanf=38926&charge=2&value=1,R.TQIVTEIISEIR.A,/core/www/modules/show_out/show_out_wrapper.php?run_id=110202&search_id=114132&scans_id=110198&peptide_id=31180&scanf=38926&charge=2&value=R.TQIVTEIISEIR.A,NCAPG,1.258e+6,3.119,0.003,2.584,0.000
38928,2,"  2.948","  0.517",11/20,/core/www/modules//sdig/index.php?run_id=110202&search_id=114132&scans_id=110198&peptide_id=31182&scanf=38928&charge=2&value=11/20,sp|P55060|XPO2_HUMAN,/core/www/modules//consensus/?run_id=110202&search_id=114132&scans_id=110198&peptide_id=31182&scanf=38928&charge=2&value=sp|P55060|XPO2_HUMAN,0,/core/www/modules/match_peptides/blast_html4.php?run_id=110202&search_id=114132&scans_id=110198&peptide_id=31182&scanf=38928&charge=2&value=0,K.WPDLLTEMVNR.F,/core/www/modules/show_out/show_out_wrapper.php?run_id=110202&search_id=114132&scans_id=110198&peptide_id=31182&scanf=38928&charge=2&value=K.WPDLLTEMVNR.F,CSE1L,4.078e+6,3.287,0.001,2.833,0.000
38930,2,"  2.595","  0.497",9/22,/core/www/modules//sdig/index.php?run_id=110202&search_id=114132&scans_id=110198&peptide_id=31185&scanf=38930&charge=2&value=9/22,sp|Q5T5X7|BEND3_HUMAN,/core/www/modules//consensus/?run_id=110202&search_id=114132&scans_id=110198&peptide_id=31185&scanf=38930&charge=2&value=sp|Q5T5X7|BEND3_HUMAN,0,/core/www/modules/match_peptides/blast_html4.php?run_id=110202&search_id=114132&scans_id=110198&peptide_id=31185&scanf=38930&charge=2&value=0,R.LFPELFTAENLR.L,/core/www/modules/show_out/show_out_wrapper.php?run_id=110202&search_id=114132&scans_id=110198&peptide_id=31185&scanf=38930&charge=2&value=R.LFPELFTAENLR.L,BEND3,1.877e+6,2.837,0.007,2.167,0.000
38931,2,"  4.555","  0.700",15/26,/core/www/modules//sdig/index.php?run_id=110202&search_id=114132&scans_id=110198&peptide_id=31186&scanf=38931&charge=2&value=15/26,sp|A6NHR9|SMHD1_HUMAN,/core/www/modules//consensus/?run_id=110202&search_id=114132&scans_id=110198&peptide_id=31186&scanf=38931&charge=2&value=sp|A6NHR9|SMHD1_HUMAN,3,/core/www/modules/match_peptides/blast_html4.php?run_id=110202&search_id=114132&scans_id=110198&peptide_id=31186&scanf=38931&charge=2&value=3,K.SLFEASQQLLNEMK.C,/core/www/modules/show_out/show_out_wrapper.php?run_id=110202&search_id=114132&scans_id=110198&peptide_id=31186&scanf=38931&charge=2&value=K.SLFEASQQLLNEMK.C,SMCHD1,1.646e+7,4.016,0.000,3.913,0.000
38934,2,"  3.659","  0.626",12/22,/core/www/modules//sdig/index.php?run_id=110202&search_id=114132&scans_id=110198&peptide_id=31188&scanf=38934&charge=2&value=12/22,sp|O95793|STAU1_HUMAN,/core/www/modules//consensus/?run_id=110202&search_id=114132&scans_id=110198&peptide_id=31188&scanf=38934&charge=2&value=sp|O95793|STAU1_HUMAN,2,/core/www/modules/match_peptides/blast_html4.php?run_id=110202&search_id=114132&scans_id=110198&peptide_id=31188&scanf=38934&charge=2&value=2,K.SEISQVFEIALK.R,/core/www/modules/show_out/show_out_wrapper.php?run_id=110202&search_id=114132&scans_id=110198&peptide_id=31188&scanf=38934&charge=2&value=K.SEISQVFEIALK.R,STAU1,1.221e+7,3.656,0.000,3.380,0.000
38936,2,"  3.386","  0.580",15/28,/core/www/modules//sdig/index.php?run_id=110202&search_id=114132&scans_id=110198&peptide_id=31190&scanf=38936&charge=2&value=15/28,sp|Q5RKV6|EXOS6_HUMAN,/core/www/modules//consensus/?run_id=110202&search_id=114132&scans_id=110198&peptide_id=31190&scanf=38936&charge=2&value=sp|Q5RKV6|EXOS6_HUMAN,0,/core/www/modules/match_peptides/blast_html4.php?run_id=110202&search_id=114132&scans_id=110198&peptide_id=31190&scanf=38936&charge=2&value=0,R.ELALALQEALEPAVR.L,/core/www/modules/show_out/show_out_wrapper.php?run_id=110202&search_id=114132&scans_id=110198&peptide_id=31190&scanf=38936&charge=2&value=R.ELALALQEALEPAVR.L,EXOSC6,3.141e+6,3.209,0.002,2.717,0.000
38937,3,"  3.141","  0.424",15/48,/core/www/modules//sdig/index.php?run_id=110202&search_id=114132&scans_id=110198&peptide_id=31191&scanf=38937&charge=3&value=15/48,sp|Q16352|AINX_HUMAN,/core/www/modules//consensus/?run_id=110202&search_id=114132&scans_id=110198&peptide_id=31191&scanf=38937&charge=3&value=sp|Q16352|AINX_HUMAN,0,/core/www/modules/match_peptides/blast_html4.php?run_id=110202&search_id=114132&scans_id=110198&peptide_id=31191&scanf=38937&charge=3&value=0,K.KVESLLDELAFVR.Q,/core/www/modules/show_out/show_out_wrapper.php?run_id=110202&search_id=114132&scans_id=110198&peptide_id=31191&scanf=38937&charge=3&value=K.KVESLLDELAFVR.Q,INA,1.203e+7,2.673,0.012,1.926,0.000
38938,3,"  4.481","  0.526",16/96,/core/www/modules//sdig/index.php?run_id=110202&search_id=114132&scans_id=110198&peptide_id=31192&scanf=38938&charge=3&value=16/96,sp|P48643|TCPE_HUMAN,/core/www/modules//consensus/?run_id=110202&search_id=114132&scans_id=110198&peptide_id=31192&scanf=38938&charge=3&value=sp|P48643|TCPE_HUMAN,2,/core/www/modules/match_peptides/blast_html4.php?run_id=110202&search_id=114132&scans_id=110198&peptide_id=31192&scanf=38938&charge=3&value=2,K.DGDVTVTNDGATILSMMDVDHQIAK.L,/core/www/modules/show_out/show_out_wrapper.php?run_id=110202&search_id=114132&scans_id=110198&peptide_id=31192&scanf=38938&charge=3&value=K.DGDVTVTNDGATILSMMDVDHQIAK.L,CCT5,1.987e+6,2.780,0.008,2.084,0.000
38941,3,"  4.958","  0.676",20/68,/core/www/modules//sdig/index.php?run_id=110202&search_id=114132&scans_id=110198&peptide_id=31196&scanf=38941&charge=3&value=20/68,sp|Q9UJ98|STAG3_HUMAN,/core/www/modules//consensus/?run_id=110202&search_id=114132&scans_id=110198&peptide_id=31196&scanf=38941&charge=3&value=sp|Q9UJ98|STAG3_HUMAN,1,/core/www/modules/match_peptides/blast_html4.php?run_id=110202&search_id=114132&scans_id=110198&peptide_id=31196&scanf=38941&charge=3&value=1,K.ELQEHQEEIEGMMNALFR.G,/core/www/modules/show_out/show_out_wrapper.php?run_id=110202&search_id=114132&scans_id=110198&peptide_id=31196&scanf=38941&charge=3&value=K.ELQEHQEEIEGMMNALFR.G,STAG3,1.443e+6,3.699,0.000,3.444,0.000
38942,3,"  3.324","  0.424",10/72,/core/www/modules//sdig/index.php?run_id=110202&search_id=114132&scans_id=110198&peptide_id=31197&scanf=38942&charge=3&value=10/72,sp|Q9H7N4|SFR19_HUMAN,/core/www/modules//consensus/?run_id=110202&search_id=114132&scans_id=110198&peptide_id=31197&scanf=38942&charge=3&value=sp|Q9H7N4|SFR19_HUMAN,0,/core/www/modules/match_peptides/blast_html4.php?run_id=110202&search_id=114132&scans_id=110198&peptide_id=31197&scanf=38942&charge=3&value=0,R.GAVPPSIQDLTDHDLFAIK.R,/core/www/modules/show_out/show_out_wrapper.php?run_id=110202&search_id=114132&scans_id=110198&peptide_id=31197&scanf=38942&charge=3&value=R.GAVPPSIQDLTDHDLFAIK.R,SCAF1,2.991e+6,2.491,0.022,1.661,0.001
38943,2,"  3.090","  0.329",10/26,/core/www/modules//sdig/index.php?run_id=110202&search_id=114132&scans_id=110198&peptide_id=31198&scanf=38943&charge=2&value=10/26,sp|Q96FS4|SIPA1_HUMAN,/core/www/modules//consensus/?run_id=110202&search_id=114132&scans_id=110198&peptide_id=31198&scanf=38943&charge=2&value=sp|Q96FS4|SIPA1_HUMAN,1,/core/www/modules/match_peptides/blast_html4.php?run_id=110202&search_id=114132&scans_id=110198&peptide_id=31198&scanf=38943&charge=2&value=1,R.TLLTLDEQVLSFQR.K,/core/www/modules/show_out/show_out_wrapper.php?run_id=110202&search_id=114132&scans_id=110198&peptide_id=31198&scanf=38943&charge=2&value=R.TLLTLDEQVLSFQR.K,SIPA1,1.052e+6,2.058,0.089,1.050,0.004
38957,2,"  4.396","  0.591",18/28,/core/www/modules//sdig/index.php?run_id=110202&search_id=114132&scans_id=110198&peptide_id=31212&scanf=38957&charge=2&value=18/28,sp|Q92616|GCN1_HUMAN,/core/www/modules//consensus/?run_id=110202&search_id=114132&scans_id=110198&peptide_id=31212&scanf=38957&charge=2&value=sp|Q92616|GCN1_HUMAN,0,/core/www/modules/match_peptides/blast_html4.php?run_id=110202&search_id=114132&scans_id=110198&peptide_id=31212&scanf=38957&charge=2&value=0,K.ILDVASLEVLNEVNR.R,/core/www/modules/show_out/show_out_wrapper.php?run_id=110202&search_id=114132&scans_id=110198&peptide_id=31212&scanf=38957&charge=2&value=K.ILDVASLEVLNEVNR.R,GCN1,2.330e+6,3.637,0.000,3.352,0.000
38976,2,"  3.316","  0.557",15/26,/core/www/modules//sdig/index.php?run_id=110202&search_id=114132&scans_id=110198&peptide_id=31232&scanf=38976&charge=2&value=15/26,sp|Q8N163|CCAR2_HUMAN,/core/www/modules//consensus/?run_id=110202&search_id=114132&scans_id=110198&peptide_id=31232&scanf=38976&charge=2&value=sp|Q8N163|CCAR2_HUMAN,1,/core/www/modules/match_peptides/blast_html4.php?run_id=110202&search_id=114132&scans_id=110198&peptide_id=31232&scanf=38976&charge=2&value=1,K.VLLLSSPGLEELYR.C,/core/www/modules/show_out/show_out_wrapper.php?run_id=110202&search_id=114132&scans_id=110198&peptide_id=31232&scanf=38976&charge=2&value=K.VLLLSSPGLEELYR.C,CCAR2,1.536e+7,3.366,0.001,2.949,0.000
38979,3,"  4.755","  0.609",25/88,/core/www/modules//sdig/index.php?run_id=110202&search_id=114132&scans_id=110198&peptide_id=31235&scanf=38979&charge=3&value=25/88,sp|Q9Y3I0|RTCB_HUMAN,/core/www/modules//consensus/?run_id=110202&search_id=114132&scans_id=110198&peptide_id=31235&scanf=38979&charge=3&value=sp|Q9Y3I0|RTCB_HUMAN,0,/core/www/modules/match_peptides/blast_html4.php?run_id=110202&search_id=114132&scans_id=110198&peptide_id=31235&scanf=38979&charge=3&value=0,K.VFNTTPDDLDLHVIYDVSHNIAK.V,/core/www/modules/show_out/show_out_wrapper.php?run_id=110202&search_id=114132&scans_id=110198&peptide_id=31235&scanf=38979&charge=3&value=K.VFNTTPDDLDLHVIYDVSHNIAK.V,RTCB,2.943e+6,3.267,0.002,2.803,0.000
38980,3,"  7.505","  0.549",25/92,/core/www/modules//sdig/index.php?run_id=110202&search_id=114132&scans_id=110198&peptide_id=31237&scanf=38980&charge=3&value=25/92,sp|P60842|IF4A1_HUMAN,/core/www/modules//consensus/?run_id=110202&search_id=114132&scans_id=110198&peptide_id=31237&scanf=38980&charge=3&value=sp|P60842|IF4A1_HUMAN,5,/core/www/modules/match_peptides/blast_html4.php?run_id=110202&search_id=114132&scans_id=110198&peptide_id=31237&scanf=38980&charge=3&value=5,K.LNSNTQVVLLSATMPSDVLEVTKK.F,/core/www/modules/show_out/show_out_wrapper.php?run_id=110202&search_id=114132&scans_id=110198&peptide_id=31237&scanf=38980&charge=3&value=K.LNSNTQVVLLSATMPSDVLEVTKK.F,EIF4A1,4.475e+6,2.922,0.005,2.293,0.000
38983,3,"  3.940","  0.473",20/72,/core/www/modules//sdig/index.php?run_id=110202&search_id=114132&scans_id=110198&peptide_id=31240&scanf=38983&charge=3&value=20/72,sp|Q6P2C8|MED27_HUMAN,/core/www/modules//consensus/?run_id=110202&search_id=114132&scans_id=110198&peptide_id=31240&scanf=38983&charge=3&value=sp|Q6P2C8|MED27_HUMAN,2,/core/www/modules/match_peptides/blast_html4.php?run_id=110202&search_id=114132&scans_id=110198&peptide_id=31240&scanf=38983&charge=3&value=2,K.AQPTTLVLPPQYVDDVISR.I,/core/www/modules/show_out/show_out_wrapper.php?run_id=110202&search_id=114132&scans_id=110198&peptide_id=31240&scanf=38983&charge=3&value=K.AQPTTLVLPPQYVDDVISR.I,MED27,2.038e+6,2.835,0.007,2.165,0.000
38984,3,"  7.891","  0.705",24/108,/core/www/modules//sdig/index.php?run_id=110202&search_id=114132&scans_id=110198&peptide_id=31241&scanf=38984&charge=3&value=24/108,sp|Q96DI7|SNR40_HUMAN,/core/www/modules//consensus/?run_id=110202&search_id=114132&scans_id=110198&peptide_id=31241&scanf=38984&charge=3&value=sp|Q96DI7|SNR40_HUMAN,0,/core/www/modules/match_peptides/blast_html4.php?run_id=110202&search_id=114132&scans_id=110198&peptide_id=31241&scanf=38984&charge=3&value=0,R.GHADSVTGLSLSSEGSYLLSNAMDNTVR.V,/core/www/modules/show_out/show_out_wrapper.php?run_id=110202&search_id=114132&scans_id=110198&peptide_id=31241&scanf=38984&charge=3&value=R.GHADSVTGLSLSSEGSYLLSNAMDNTVR.V,SNRNP40,3.651e+6,3.501,0.001,3.150,0.000
38985,4,"  4.853","  0.418",19/198,/core/www/modules//sdig/index.php?run_id=110202&search_id=114132&scans_id=110198&peptide_id=31242&scanf=38985&charge=4&value=19/198,sp|P08238|HS90B_HUMAN,/core/www/modules//consensus/?run_id=110202&search_id=114132&scans_id=110198&peptide_id=31242&scanf=38985&charge=4&value=sp|P08238|HS90B_HUMAN,0,/core/www/modules/match_peptides/blast_html4.php?run_id=110202&search_id=114132&scans_id=110198&peptide_id=31242&scanf=38985&charge=4&value=0,K.LGLGIDEDEVAAEEPNAAVPDEIPPLEGDEDASR.M,/core/www/modules/show_out/show_out_wrapper.php?run_id=110202&search_id=114132&scans_id=110198&peptide_id=31242&scanf=38985&charge=4&value=K.LGLGIDEDEVAAEEPNAAVPDEIPPLEGDEDASR.M,HSP90AB1,1.332e+6,2.473,0.023,1.635,0.001
38987,2,"  2.712","  0.457",14/30,/core/www/modules//sdig/index.php?run_id=110202&search_id=114132&scans_id=110198&peptide_id=31244&scanf=38987&charge=2&value=14/30,sp|P11177|ODPB_HUMAN,/core/www/modules//consensus/?run_id=110202&search_id=114132&scans_id=110198&peptide_id=31244&scanf=38987&charge=2&value=sp|P11177|ODPB_HUMAN,2,/core/www/modules/match_peptides/blast_html4.php?run_id=110202&search_id=114132&scans_id=110198&peptide_id=31244&scanf=38987&charge=2&value=2,K.TYYMSGGLQPVPIVFR.G,/core/www/modules/show_out/show_out_wrapper.php?run_id=110202&search_id=114132&scans_id=110198&peptide_id=31244&scanf=38987&charge=2&value=K.TYYMSGGLQPVPIVFR.G,PDHB,1.793e+6,2.729,0.010,2.009,0.000
38988,2,"  2.958","  0.547",11/20,/core/www/modules//sdig/index.php?run_id=110202&search_id=114132&scans_id=110198&peptide_id=31245&scanf=38988&charge=2&value=11/20,sp|Q2M389|WASC4_HUMAN,/core/www/modules//consensus/?run_id=110202&search_id=114132&scans_id=110198&peptide_id=31245&scanf=38988&charge=2&value=sp|Q2M389|WASC4_HUMAN,2,/core/www/modules/match_peptides/blast_html4.php?run_id=110202&search_id=114132&scans_id=110198&peptide_id=31245&scanf=38988&charge=2&value=2,K.MLVDVFAPEFR.R,/core/www/modules/show_out/show_out_wrapper.php?run_id=110202&search_id=114132&scans_id=110198&peptide_id=31245&scanf=38988&charge=2&value=K.MLVDVFAPEFR.R,WASHC4,4.159e+6,3.346,0.001,2.920,0.000
38989,3,"  4.071","  0.520",16/60,/core/www/modules//sdig/index.php?run_id=110202&search_id=114132&scans_id=110198&peptide_id=31246&scanf=38989&charge=3&value=16/60,sp|O60244|MED14_HUMAN,/core/www/modules//consensus/?run_id=110202&search_id=114132&scans_id=110198&peptide_id=31246&scanf=38989&charge=3&value=sp|O60244|MED14_HUMAN,0,/core/www/modules/match_peptides/blast_html4.php?run_id=110202&search_id=114132&scans_id=110198&peptide_id=31246&scanf=38989&charge=3&value=0,R.SLPDIPAHLNIFSEVR.V,/core/www/modules/show_out/show_out_wrapper.php?run_id=110202&search_id=114132&scans_id=110198&peptide_id=31246&scanf=38989&charge=3&value=R.SLPDIPAHLNIFSEVR.V,MED14,2.462e+7,3.140,0.002,2.614,0.000
38991,3,"  3.431","  0.315",14/60,/core/www/modules//sdig/index.php?run_id=110202&search_id=114132&scans_id=110198&peptide_id=31249&scanf=38991&charge=3&value=14/60,sp|Q5JU69|TOR2A_HUMAN,/core/www/modules//consensus/?run_id=110202&search_id=114132&scans_id=110198&peptide_id=31249&scanf=38991&charge=3&value=sp|Q5JU69|TOR2A_HUMAN,0,/core/www/modules/match_peptides/blast_html4.php?run_id=110202&search_id=114132&scans_id=110198&peptide_id=31249&scanf=38991&charge=3&value=0,R.DREEILLQELEPVISR.A,/core/www/modules/show_out/show_out_wrapper.php?run_id=110202&search_id=114132&scans_id=110198&peptide_id=31249&scanf=38991&charge=3&value=R.DREEILLQELEPVISR.A,TOR2A,1.834e+6,1.914,0.138,0.860,0.007
38993,2,"  2.575","  0.000",12/20,/core/www/modules//sdig/index.php?run_id=110202&search_id=114132&scans_id=110198&peptide_id=31251&scanf=38993&charge=2&value=12/20,sp|Q8N3U4|STAG2_HUMAN,/core/www/modules//consensus/?run_id=110202&search_id=114132&scans_id=110198&peptide_id=31251&scanf=38993&charge=2&value=sp|Q8N3U4|STAG2_HUMAN,1,/core/www/modules/match_peptides/blast_html4.php?run_id=110202&search_id=114132&scans_id=110198&peptide_id=31251&scanf=38993&charge=2&value=1,R.FALTFGLDQLK.T,/core/www/modules/show_out/show_out_wrapper.php?run_id=110202&search_id=114132&scans_id=110198&peptide_id=31251&scanf=38993&charge=2&value=R.FALTFGLDQLK.T,STAG2,3.932e+6,3.014,0.004,2.429,0.000
38997,3,"  3.833","  0.596",16/52,/core/www/modules//sdig/index.php?run_id=110202&search_id=114132&scans_id=110198&peptide_id=31254&scanf=38997&charge=3&value=16/52,sp|A6NHR9|SMHD1_HUMAN,/core/www/modules//consensus/?run_id=110202&search_id=114132&scans_id=110198&peptide_id=31254&scanf=38997&charge=3&value=sp|A6NHR9|SMHD1_HUMAN,3,/core/www/modules/match_peptides/blast_html4.php?run_id=110202&search_id=114132&scans_id=110198&peptide_id=31254&scanf=38997&charge=3&value=3,K.SLFEASQQLLNEMK.C,/core/www/modules/show_out/show_out_wrapper.php?run_id=110202&search_id=114132&scans_id=110198&peptide_id=31254&scanf=38997&charge=3&value=K.SLFEASQQLLNEMK.C,SMCHD1,5.830e+6,3.731,0.000,3.490,0.000
38998,3,"  5.097","  0.623",24/68,/core/www/modules//sdig/index.php?run_id=110202&search_id=114132&scans_id=110198&peptide_id=31255&scanf=38998&charge=3&value=24/68,sp|Q13363|CTBP1_HUMAN,/core/www/modules//consensus/?run_id=110202&search_id=114132&scans_id=110198&peptide_id=31255&scanf=38998&charge=3&value=sp|Q13363|CTBP1_HUMAN,4,/core/www/modules/match_peptides/blast_html4.php?run_id=110202&search_id=114132&scans_id=110198&peptide_id=31255&scanf=38998&charge=3&value=4,K.VLNEAVGALMYHTITLTR.E,/core/www/modules/show_out/show_out_wrapper.php?run_id=110202&search_id=114132&scans_id=110198&peptide_id=31255&scanf=38998&charge=3&value=K.VLNEAVGALMYHTITLTR.E,CTBP1,2.465e+6,3.499,0.001,3.147,0.000
38999,3,"  4.702","  0.612",21/76,/core/www/modules//sdig/index.php?run_id=110202&search_id=114132&scans_id=110198&peptide_id=31256&scanf=38999&charge=3&value=21/76,sp|P48960|AGRE5_HUMAN,/core/www/modules//consensus/?run_id=110202&search_id=114132&scans_id=110198&peptide_id=31256&scanf=38999&charge=3&value=sp|P48960|AGRE5_HUMAN,0,/core/www/modules/match_peptides/blast_html4.php?run_id=110202&search_id=114132&scans_id=110198&peptide_id=31256&scanf=38999&charge=3&value=0,K.LVDELMEAPGDVEALAPPVR.H,/core/www/modules/show_out/show_out_wrapper.php?run_id=110202&search_id=114132&scans_id=110198&peptide_id=31256&scanf=38999&charge=3&value=K.LVDELMEAPGDVEALAPPVR.H,ADGRE5,2.330e+6,3.340,0.001,2.911,0.000
39001,3,"  3.884","  0.619",18/60,/core/www/modules//sdig/index.php?run_id=110202&search_id=114132&scans_id=110198&peptide_id=31259&scanf=39001&charge=3&value=18/60,sp|Q9ULV4|COR1C_HUMAN,/core/www/modules//consensus/?run_id=110202&search_id=114132&scans_id=110198&peptide_id=31259&scanf=39001&charge=3&value=sp|Q9ULV4|COR1C_HUMAN,1,/core/www/modules/match_peptides/blast_html4.php?run_id=110202&search_id=114132&scans_id=110198&peptide_id=31259&scanf=39001&charge=3&value=1,R.AIFLADGNVFTTGFSR.M,/core/www/modules/show_out/show_out_wrapper.php?run_id=110202&search_id=114132&scans_id=110198&peptide_id=31259&scanf=39001&charge=3&value=R.AIFLADGNVFTTGFSR.M,CORO1C,4.437e+6,3.568,0.001,3.249,0.000
39002,3,"  4.456","  0.616",18/76,/core/www/modules//sdig/index.php?run_id=110202&search_id=114132&scans_id=110198&peptide_id=31260&scanf=39002&charge=3&value=18/76,sp|P17987|TCPA_HUMAN,/core/www/modules//consensus/?run_id=110202&search_id=114132&scans_id=110198&peptide_id=31260&scanf=39002&charge=3&value=sp|P17987|TCPA_HUMAN,5,/core/www/modules/match_peptides/blast_html4.php?run_id=110202&search_id=114132&scans_id=110198&peptide_id=31260&scanf=39002&charge=3&value=5,K.MLVDDIGDVTITNDGATILK.L,/core/www/modules/show_out/show_out_wrapper.php?run_id=110202&search_id=114132&scans_id=110198&peptide_id=31260&scanf=39002&charge=3&value=K.MLVDDIGDVTITNDGATILK.L,TCP1,6.435e+6,3.304,0.001,2.857,0.000
39009,2,"  5.160","  0.687",22/38,/core/www/modules//sdig/index.php?run_id=110202&search_id=114132&scans_id=110198&peptide_id=31267&scanf=39009&charge=2&value=22/38,sp|P35580|MYH10_HUMAN,/core/www/modules//consensus/?run_id=110202&search_id=114132&scans_id=110198&peptide_id=31267&scanf=39009&charge=2&value=sp|P35580|MYH10_HUMAN,1,/core/www/modules/match_peptides/blast_html4.php?run_id=110202&search_id=114132&scans_id=110198&peptide_id=31267&scanf=39009&charge=2&value=1,R.IVGLDQVTGMTETAFGSAYK.T,/core/www/modules/show_out/show_out_wrapper.php?run_id=110202&search_id=114132&scans_id=110198&peptide_id=31267&scanf=39009&charge=2&value=R.IVGLDQVTGMTETAFGSAYK.T,MYH10,1.817e+6,3.741,0.000,3.505,0.000
39012,2,"  2.185","  0.459",12/18,/core/www/modules//sdig/index.php?run_id=110202&search_id=114132&scans_id=110198&peptide_id=31271&scanf=39012&charge=2&value=12/18,sp|Q9ULG1|INO80_HUMAN,/core/www/modules//consensus/?run_id=110202&search_id=114132&scans_id=110198&peptide_id=31271&scanf=39012&charge=2&value=sp|Q9ULG1|INO80_HUMAN,0,/core/www/modules/match_peptides/blast_html4.php?run_id=110202&search_id=114132&scans_id=110198&peptide_id=31271&scanf=39012&charge=2&value=0,K.LYALDVLLTR.L,/core/www/modules/show_out/show_out_wrapper.php?run_id=110202&search_id=114132&scans_id=110198&peptide_id=31271&scanf=39012&charge=2&value=K.LYALDVLLTR.L,INO80,1.588e+6,3.161,0.002,2.645,0.000
39013,2,"  5.183","  0.547",17/24,/core/www/modules//sdig/index.php?run_id=110202&search_id=114132&scans_id=110198&peptide_id=31272&scanf=39013&charge=2&value=17/24,sp|Q16352|AINX_HUMAN,/core/www/modules//consensus/?run_id=110202&search_id=114132&scans_id=110198&peptide_id=31272&scanf=39013&charge=2&value=sp|Q16352|AINX_HUMAN,0,/core/www/modules/match_peptides/blast_html4.php?run_id=110202&search_id=114132&scans_id=110198&peptide_id=31272&scanf=39013&charge=2&value=0,K.KVESLLDELAFVR.Q,/core/www/modules/show_out/show_out_wrapper.php?run_id=110202&search_id=114132&scans_id=110198&peptide_id=31272&scanf=39013&charge=2&value=K.KVESLLDELAFVR.Q,INA,3.436e+6,3.336,0.001,2.905,0.000
39014,3,"  2.970","  0.443",11/60,/core/www/modules//sdig/index.php?run_id=110202&search_id=114132&scans_id=110198&peptide_id=31273&scanf=39014&charge=3&value=11/60,sp|Q9UNQ2|DIM1_HUMAN,/core/www/modules//consensus/?run_id=110202&search_id=114132&scans_id=110198&peptide_id=31273&scanf=39014&charge=3&value=sp|Q9UNQ2|DIM1_HUMAN,6,/core/www/modules/match_peptides/blast_html4.php?run_id=110202&search_id=114132&scans_id=110198&peptide_id=31273&scanf=39014&charge=3&value=6,K.NPPPPINFQEWDGLVR.I,/core/www/modules/show_out/show_out_wrapper.php?run_id=110202&search_id=114132&scans_id=110198&peptide_id=31273&scanf=39014&charge=3&value=K.NPPPPINFQEWDGLVR.I,DIMT1,2.577e+6,2.738,0.010,2.022,0.000
39024,3,"  3.209","  0.475",11/60,/core/www/modules//sdig/index.php?run_id=110202&search_id=114132&scans_id=110198&peptide_id=31283&scanf=39024&charge=3&value=11/60,sp|P53396|ACLY_HUMAN,/core/www/modules//consensus/?run_id=110202&search_id=114132&scans_id=110198&peptide_id=31283&scanf=39024&charge=3&value=sp|P53396|ACLY_HUMAN,0,/core/www/modules/match_peptides/blast_html4.php?run_id=110202&search_id=114132&scans_id=110198&peptide_id=31283&scanf=39024&charge=3&value=0,R.HPWDDISYVLPEHMSM.-,/core/www/modules/show_out/show_out_wrapper.php?run_id=110202&search_id=114132&scans_id=110198&peptide_id=31283&scanf=39024&charge=3&value=R.HPWDDISYVLPEHMSM.-,ACLY,2.703e+6,2.863,0.006,2.206,0.000
39026,3,"  3.403","  0.411",8/88,/core/www/modules//sdig/index.php?run_id=110202&search_id=114132&scans_id=110198&peptide_id=31285&scanf=39026&charge=3&value=8/88,sp|Q96D53|COQ8B_HUMAN,/core/www/modules//consensus/?run_id=110202&search_id=114132&scans_id=110198&peptide_id=31285&scanf=39026&charge=3&value=sp|Q96D53|COQ8B_HUMAN,7,/core/www/modules/match_peptides/blast_html4.php?run_id=110202&search_id=114132&scans_id=110198&peptide_id=31285&scanf=39026&charge=3&value=7,K.VASLEEVPFAAASIGQVHQGLLR.D,/core/www/modules/show_out/show_out_wrapper.php?run_id=110202&search_id=114132&scans_id=110198&peptide_id=31285&scanf=39026&charge=3&value=K.VASLEEVPFAAASIGQVHQGLLR.D,COQ8B,1.622e+6,2.275,0.045,1.350,0.002
39028,2,"  5.710","  0.753",22/38,/core/www/modules//sdig/index.php?run_id=110202&search_id=114132&scans_id=110198&peptide_id=31287&scanf=39028&charge=2&value=22/38,sp|P17987|TCPA_HUMAN,/core/www/modules//consensus/?run_id=110202&search_id=114132&scans_id=110198&peptide_id=31287&scanf=39028&charge=2&value=sp|P17987|TCPA_HUMAN,5,/core/www/modules/match_peptides/blast_html4.php?run_id=110202&search_id=114132&scans_id=110198&peptide_id=31287&scanf=39028&charge=2&value=5,K.MLVDDIGDVTITNDGATILK.L,/core/www/modules/show_out/show_out_wrapper.php?run_id=110202&search_id=114132&scans_id=110198&peptide_id=31287&scanf=39028&charge=2&value=K.MLVDDIGDVTITNDGATILK.L,TCP1,3.999e+6,3.906,0.000,3.749,0.000
39029,3,"  3.504","  0.406",14/64,/core/www/modules//sdig/index.php?run_id=110202&search_id=114132&scans_id=110198&peptide_id=31288&scanf=39029&charge=3&value=14/64,sp|P49755|TMEDA_HUMAN,/core/www/modules//consensus/?run_id=110202&search_id=114132&scans_id=110198&peptide_id=31288&scanf=39029&charge=3&value=sp|P49755|TMEDA_HUMAN,0,/core/www/modules/match_peptides/blast_html4.php?run_id=110202&search_id=114132&scans_id=110198&peptide_id=31288&scanf=39029&charge=3&value=0,R.RLEDLSESIVNDFAYMK.K,/core/www/modules/show_out/show_out_wrapper.php?run_id=110202&search_id=114132&scans_id=110198&peptide_id=31288&scanf=39029&charge=3&value=R.RLEDLSESIVNDFAYMK.K,TMED10,4.939e+6,2.334,0.037,1.435,0.001
39030,3,"  2.859","  0.404",12/68,/core/www/modules//sdig/index.php?run_id=110202&search_id=114132&scans_id=110198&peptide_id=31289&scanf=39030&charge=3&value=12/68,sp|Q14202|ZMYM3_HUMAN,/core/www/modules//consensus/?run_id=110202&search_id=114132&scans_id=110198&peptide_id=31289&scanf=39030&charge=3&value=sp|Q14202|ZMYM3_HUMAN,1,/core/www/modules/match_peptides/blast_html4.php?run_id=110202&search_id=114132&scans_id=110198&peptide_id=31289&scanf=39030&charge=3&value=1,K.SLSTWQPTLLPNNTVFSR.V,/core/www/modules/show_out/show_out_wrapper.php?run_id=110202&search_id=114132&scans_id=110198&peptide_id=31289&scanf=39030&charge=3&value=K.SLSTWQPTLLPNNTVFSR.V,ZMYM3,3.189e+6,2.397,0.030,1.525,0.001
39032,3,"  2.284","  0.433",12/60,/core/www/modules//sdig/index.php?run_id=110202&search_id=114132&scans_id=110198&peptide_id=31291&scanf=39032&charge=3&value=12/60,sp|Q08J23|NSUN2_HUMAN,/core/www/modules//consensus/?run_id=110202&search_id=114132&scans_id=110198&peptide_id=31291&scanf=39032&charge=3&value=sp|Q08J23|NSUN2_HUMAN,0,/core/www/modules/match_peptides/blast_html4.php?run_id=110202&search_id=114132&scans_id=110198&peptide_id=31291&scanf=39032&charge=3&value=0,R.LAQEGIYTLYPFINSR.I,/core/www/modules/show_out/show_out_wrapper.php?run_id=110202&search_id=114132&scans_id=110198&peptide_id=31291&scanf=39032&charge=3&value=R.LAQEGIYTLYPFINSR.I,NSUN2,1.654e+6,2.701,0.011,1.968,0.000
39034,3,"  2.649","  0.505",11/52,/core/www/modules//sdig/index.php?run_id=110202&search_id=114132&scans_id=110198&peptide_id=31293&scanf=39034&charge=3&value=11/52,sp|Q8N163|CCAR2_HUMAN,/core/www/modules//consensus/?run_id=110202&search_id=114132&scans_id=110198&peptide_id=31293&scanf=39034&charge=3&value=sp|Q8N163|CCAR2_HUMAN,1,/core/www/modules/match_peptides/blast_html4.php?run_id=110202&search_id=114132&scans_id=110198&peptide_id=31293&scanf=39034&charge=3&value=1,K.VLLLSSPGLEELYR.C,/core/www/modules/show_out/show_out_wrapper.php?run_id=110202&search_id=114132&scans_id=110198&peptide_id=31293&scanf=39034&charge=3&value=K.VLLLSSPGLEELYR.C,CCAR2,8.290e+5,3.082,0.003,2.530,0.000
39039,3,"  5.154","  0.650",24/132,/core/www/modules//sdig/index.php?run_id=110202&search_id=114132&scans_id=110198&peptide_id=31297&scanf=39039&charge=3&value=24/132,sp|P08238|HS90B_HUMAN,/core/www/modules//consensus/?run_id=110202&search_id=114132&scans_id=110198&peptide_id=31297&scanf=39039&charge=3&value=sp|P08238|HS90B_HUMAN,0,/core/www/modules/match_peptides/blast_html4.php?run_id=110202&search_id=114132&scans_id=110198&peptide_id=31297&scanf=39039&charge=3&value=0,K.LGLGIDEDEVAAEEPNAAVPDEIPPLEGDEDASR.M,/core/www/modules/show_out/show_out_wrapper.php?run_id=110202&search_id=114132&scans_id=110198&peptide_id=31297&scanf=39039&charge=3&value=K.LGLGIDEDEVAAEEPNAAVPDEIPPLEGDEDASR.M,HSP90AB1,1.124e+6,2.905,0.005,2.269,0.000
39041,3,"  3.458","  0.502",12/72,/core/www/modules//sdig/index.php?run_id=110202&search_id=114132&scans_id=110198&peptide_id=31300&scanf=39041&charge=3&value=12/72,sp|Q96G25|MED8_HUMAN,/core/www/modules//consensus/?run_id=110202&search_id=114132&scans_id=110198&peptide_id=31300&scanf=39041&charge=3&value=sp|Q96G25|MED8_HUMAN,0,/core/www/modules/match_peptides/blast_html4.php?run_id=110202&search_id=114132&scans_id=110198&peptide_id=31300&scanf=39041&charge=3&value=0,R.NQVIIPLVLSPDRDEDLMR.Q,/core/www/modules/show_out/show_out_wrapper.php?run_id=110202&search_id=114132&scans_id=110198&peptide_id=31300&scanf=39041&charge=3&value=R.NQVIIPLVLSPDRDEDLMR.Q,MED8,1.241e+6,2.520,0.020,1.703,0.000
39042,3,"  3.550","  0.513",12/60,/core/www/modules//sdig/index.php?run_id=110202&search_id=114132&scans_id=110198&peptide_id=31301&scanf=39042&charge=3&value=12/60,sp|P53396|ACLY_HUMAN,/core/www/modules//consensus/?run_id=110202&search_id=114132&scans_id=110198&peptide_id=31301&scanf=39042&charge=3&value=sp|P53396|ACLY_HUMAN,0,/core/www/modules/match_peptides/blast_html4.php?run_id=110202&search_id=114132&scans_id=110198&peptide_id=31301&scanf=39042&charge=3&value=0,R.HPWDDISYVLPEHMSM.-,/core/www/modules/show_out/show_out_wrapper.php?run_id=110202&search_id=114132&scans_id=110198&peptide_id=31301&scanf=39042&charge=3&value=R.HPWDDISYVLPEHMSM.-,ACLY,2.703e+6,3.038,0.003,2.464,0.000
39044,2,"  4.986","  0.748",27/38,/core/www/modules//sdig/index.php?run_id=110202&search_id=114132&scans_id=110198&peptide_id=31303&scanf=39044&charge=2&value=27/38,sp|P17987|TCPA_HUMAN,/core/www/modules//consensus/?run_id=110202&search_id=114132&scans_id=110198&peptide_id=31303&scanf=39044&charge=2&value=sp|P17987|TCPA_HUMAN,5,/core/www/modules/match_peptides/blast_html4.php?run_id=110202&search_id=114132&scans_id=110198&peptide_id=31303&scanf=39044&charge=2&value=5,K.MLVDDIGDVTITNDGATILK.L,/core/www/modules/show_out/show_out_wrapper.php?run_id=110202&search_id=114132&scans_id=110198&peptide_id=31303&scanf=39044&charge=2&value=K.MLVDDIGDVTITNDGATILK.L,TCP1,3.999e+6,4.050,0.000,3.963,0.000
39048,2,"  3.213","  0.431",14/22,/core/www/modules//sdig/index.php?run_id=110202&search_id=114132&scans_id=110198&peptide_id=31307&scanf=39048&charge=2&value=14/22,sp|Q96HE7|ERO1A_HUMAN,/core/www/modules//consensus/?run_id=110202&search_id=114132&scans_id=110198&peptide_id=31307&scanf=39048&charge=2&value=sp|Q96HE7|ERO1A_HUMAN,0,/core/www/modules/match_peptides/blast_html4.php?run_id=110202&search_id=114132&scans_id=110198&peptide_id=31307&scanf=39048&charge=2&value=0,R.QEIVSLFNAFGR.I,/core/www/modules/show_out/show_out_wrapper.php?run_id=110202&search_id=114132&scans_id=110198&peptide_id=31307&scanf=39048&charge=2&value=R.QEIVSLFNAFGR.I,ERO1A,1.018e+6,2.972,0.004,2.367,0.000
39051,2,"  2.752","  0.554",13/24,/core/www/modules//sdig/index.php?run_id=110202&search_id=114132&scans_id=110198&peptide_id=31311&scanf=39051&charge=2&value=13/24,sp|P55072|TERA_HUMAN,/core/www/modules//consensus/?run_id=110202&search_id=114132&scans_id=110198&peptide_id=31311&scanf=39051&charge=2&value=sp|P55072|TERA_HUMAN,7,/core/www/modules/match_peptides/blast_html4.php?run_id=110202&search_id=114132&scans_id=110198&peptide_id=31311&scanf=39051&charge=2&value=7,R.LDQLIYIPLPDEK.S,/core/www/modules/show_out/show_out_wrapper.php?run_id=110202&search_id=114132&scans_id=110198&peptide_id=31311&scanf=39051&charge=2&value=R.LDQLIYIPLPDEK.S,VCP,4.744e+7,3.375,0.001,2.962,0.000
39054,3,"  4.402","  0.551",21/76,/core/www/modules//sdig/index.php?run_id=110202&search_id=114132&scans_id=110198&peptide_id=31314&scanf=39054&charge=3&value=21/76,sp|Q92841|DDX17_HUMAN,/core/www/modules//consensus/?run_id=110202&search_id=114132&scans_id=110198&peptide_id=31314&scanf=39054&charge=3&value=sp|Q92841|DDX17_HUMAN,2,/core/www/modules/match_peptides/blast_html4.php?run_id=110202&search_id=114132&scans_id=110198&peptide_id=31314&scanf=39054&charge=3&value=2,K.TLAYLLPAIVHINHQPYLER.G,/core/www/modules/show_out/show_out_wrapper.php?run_id=110202&search_id=114132&scans_id=110198&peptide_id=31314&scanf=39054&charge=3&value=K.TLAYLLPAIVHINHQPYLER.G,DDX17,2.364e+6,3.237,0.002,2.759,0.000
39057,3,"  5.317","  0.580",17/116,/core/www/modules//sdig/index.php?run_id=110202&search_id=114132&scans_id=110198&peptide_id=31317&scanf=39057&charge=3&value=17/116,sp|Q01082|SPTB2_HUMAN,/core/www/modules//consensus/?run_id=110202&search_id=114132&scans_id=110198&peptide_id=31317&scanf=39057&charge=3&value=sp|Q01082|SPTB2_HUMAN,1,/core/www/modules/match_peptides/blast_html4.php?run_id=110202&search_id=114132&scans_id=110198&peptide_id=31317&scanf=39057&charge=3&value=1,K.QAEAFLNNQEYVLAHTEMPTTLEGAEAAIK.K,/core/www/modules/show_out/show_out_wrapper.php?run_id=110202&search_id=114132&scans_id=110198&peptide_id=31317&scanf=39057&charge=3&value=K.QAEAFLNNQEYVLAHTEMPTTLEGAEAAIK.K,SPTBN1,9.150e+5,2.843,0.007,2.177,0.000
39058,3,"  2.111","  0.359",12/44,/core/www/modules//sdig/index.php?run_id=110202&search_id=114132&scans_id=110198&peptide_id=31318&scanf=39058&charge=3&value=12/44,sp|O95793|STAU1_HUMAN,/core/www/modules//consensus/?run_id=110202&search_id=114132&scans_id=110198&peptide_id=31318&scanf=39058&charge=3&value=sp|O95793|STAU1_HUMAN,2,/core/www/modules/match_peptides/blast_html4.php?run_id=110202&search_id=114132&scans_id=110198&peptide_id=31318&scanf=39058&charge=3&value=2,K.SEISQVFEIALK.R,/core/www/modules/show_out/show_out_wrapper.php?run_id=110202&search_id=114132&scans_id=110198&peptide_id=31318&scanf=39058&charge=3&value=K.SEISQVFEIALK.R,STAU1,8.167e+5,2.787,0.008,2.094,0.000
39062,2,"  2.745","  0.000",12/20,/core/www/modules//sdig/index.php?run_id=110202&search_id=114132&scans_id=110198&peptide_id=31322&scanf=39062&charge=2&value=12/20,sp|Q8N3U4|STAG2_HUMAN,/core/www/modules//consensus/?run_id=110202&search_id=114132&scans_id=110198&peptide_id=31322&scanf=39062&charge=2&value=sp|Q8N3U4|STAG2_HUMAN,1,/core/www/modules/match_peptides/blast_html4.php?run_id=110202&search_id=114132&scans_id=110198&peptide_id=31322&scanf=39062&charge=2&value=1,R.FALTFGLDQLK.T,/core/www/modules/show_out/show_out_wrapper.php?run_id=110202&search_id=114132&scans_id=110198&peptide_id=31322&scanf=39062&charge=2&value=R.FALTFGLDQLK.T,STAG2,3.932e+6,3.377,0.001,2.966,0.000
39067,2,"  3.084","  0.630",12/28,/core/www/modules//sdig/index.php?run_id=110202&search_id=114132&scans_id=110198&peptide_id=31327&scanf=39067&charge=2&value=12/28,sp|P53396|ACLY_HUMAN,/core/www/modules//consensus/?run_id=110202&search_id=114132&scans_id=110198&peptide_id=31327&scanf=39067&charge=2&value=sp|P53396|ACLY_HUMAN,0,/core/www/modules/match_peptides/blast_html4.php?run_id=110202&search_id=114132&scans_id=110198&peptide_id=31327&scanf=39067&charge=2&value=0,R.TIAIIAEGIPEALTR.K,/core/www/modules/show_out/show_out_wrapper.php?run_id=110202&search_id=114132&scans_id=110198&peptide_id=31327&scanf=39067&charge=2&value=R.TIAIIAEGIPEALTR.K,ACLY,1.741e+6,2.945,0.005,2.327,0.000
39068,3,"  2.394","  0.359",13/44,/core/www/modules//sdig/index.php?run_id=110202&search_id=114132&scans_id=110198&peptide_id=31328&scanf=39068&charge=3&value=13/44,sp|O14972|VP26C_HUMAN,/core/www/modules//consensus/?run_id=110202&search_id=114132&scans_id=110198&peptide_id=31328&scanf=39068&charge=3&value=sp|O14972|VP26C_HUMAN,1,/core/www/modules/match_peptides/blast_html4.php?run_id=110202&search_id=114132&scans_id=110198&peptide_id=31328&scanf=39068&charge=3&value=1,K.TEIPFEFPLHLK.G,/core/www/modules/show_out/show_out_wrapper.php?run_id=110202&search_id=114132&scans_id=110198&peptide_id=31328&scanf=39068&charge=3&value=K.TEIPFEFPLHLK.G,VPS26C,4.774e+6,2.681,0.012,1.938,0.000
39070,3,"  6.417","  0.610",23/72,/core/www/modules//sdig/index.php?run_id=110202&search_id=114132&scans_id=110198&peptide_id=31331&scanf=39070&charge=3&value=23/72,sp|O60763|USO1_HUMAN,/core/www/modules//consensus/?run_id=110202&search_id=114132&scans_id=110198&peptide_id=31331&scanf=39070&charge=3&value=sp|O60763|USO1_HUMAN,0,/core/www/modules/match_peptides/blast_html4.php?run_id=110202&search_id=114132&scans_id=110198&peptide_id=31331&scanf=39070&charge=3&value=0,K.QLGPQVQQIILVSPMGVSR.L,/core/www/modules/show_out/show_out_wrapper.php?run_id=110202&search_id=114132&scans_id=110198&peptide_id=31331&scanf=39070&charge=3&value=K.QLGPQVQQIILVSPMGVSR.L,USO1,3.025e+6,3.580,0.001,3.267,0.000
39071,3,"  2.915","  0.424",13/60,/core/www/modules//sdig/index.php?run_id=110202&search_id=114132&scans_id=110198&peptide_id=31332&scanf=39071&charge=3&value=13/60,sp|O43681|GET3_HUMAN,/core/www/modules//consensus/?run_id=110202&search_id=114132&scans_id=110198&peptide_id=31332&scanf=39071&charge=3&value=sp|O43681|GET3_HUMAN,0,/core/www/modules/match_peptides/blast_html4.php?run_id=110202&search_id=114132&scans_id=110198&peptide_id=31332&scanf=39071&charge=3&value=0,K.YLDQMEDLYEDFHIVK.L,/core/www/modules/show_out/show_out_wrapper.php?run_id=110202&search_id=114132&scans_id=110198&peptide_id=31332&scanf=39071&charge=3&value=K.YLDQMEDLYEDFHIVK.L,GET3,6.584e+6,2.663,0.012,1.912,0.000
39072,2,"  1.499","  0.169",5/20,/core/www/modules//sdig/index.php?run_id=110202&search_id=114132&scans_id=110198&peptide_id=31333&scanf=39072&charge=2&value=5/20,sp|P78527|PRKDC_HUMAN,/core/www/modules//consensus/?run_id=110202&search_id=114132&scans_id=110198&peptide_id=31333&scanf=39072&charge=2&value=sp|P78527|PRKDC_HUMAN,0,/core/www/modules/match_peptides/blast_html4.php?run_id=110202&search_id=114132&scans_id=110198&peptide_id=31333&scanf=39072&charge=2&value=0,K.DILPCLDGYLK.T,/core/www/modules/show_out/show_out_wrapper.php?run_id=110202&search_id=114132&scans_id=110198&peptide_id=31333&scanf=39072&charge=2&value=K.DILPCLDGYLK.T,PRKDC,3.049e+6,2.209,0.055,1.258,0.002
39073,2,"  2.619","  0.571",11/18,/core/www/modules//sdig/index.php?run_id=110202&search_id=114132&scans_id=110198&peptide_id=31334&scanf=39073&charge=2&value=11/18,sp|Q8NE71|ABCF1_HUMAN,/core/www/modules//consensus/?run_id=110202&search_id=114132&scans_id=110198&peptide_id=31334&scanf=39073&charge=2&value=sp|Q8NE71|ABCF1_HUMAN,2,/core/www/modules/match_peptides/blast_html4.php?run_id=110202&search_id=114132&scans_id=110198&peptide_id=31334&scanf=39073&charge=2&value=2,K.STLLLLLTGK.L,/core/www/modules/show_out/show_out_wrapper.php?run_id=110202&search_id=114132&scans_id=110198&peptide_id=31334&scanf=39073&charge=2&value=K.STLLLLLTGK.L,ABCF1,1.643e+7,3.547,0.001,3.217,0.000
39074,3,"  2.790","  0.406",12/84,/core/www/modules//sdig/index.php?run_id=110202&search_id=114132&scans_id=110198&peptide_id=31335&scanf=39074&charge=3&value=12/84,sp|Q13123|RED_HUMAN,/core/www/modules//consensus/?run_id=110202&search_id=114132&scans_id=110198&peptide_id=31335&scanf=39074&charge=3&value=sp|Q13123|RED_HUMAN,0,/core/www/modules/match_peptides/blast_html4.php?run_id=110202&search_id=114132&scans_id=110198&peptide_id=31335&scanf=39074&charge=3&value=0,K.KPPEADMNIFEDIGDYVPSTTK.T,/core/www/modules/show_out/show_out_wrapper.php?run_id=110202&search_id=114132&scans_id=110198&peptide_id=31335&scanf=39074&charge=3&value=K.KPPEADMNIFEDIGDYVPSTTK.T,IK,8.362e+6,2.211,0.055,1.261,0.002
39075,2,"  2.572","  0.445",11/18,/core/www/modules//sdig/index.php?run_id=110202&search_id=114132&scans_id=110198&peptide_id=31336&scanf=39075&charge=2&value=11/18,sp|Q86TU7|SETD3_HUMAN,/core/www/modules//consensus/?run_id=110202&search_id=114132&scans_id=110198&peptide_id=31336&scanf=39075&charge=2&value=sp|Q86TU7|SETD3_HUMAN,1,/core/www/modules/match_peptides/blast_html4.php?run_id=110202&search_id=114132&scans_id=110198&peptide_id=31336&scanf=39075&charge=2&value=1,K.AEELFLWVPR.K,/core/www/modules/show_out/show_out_wrapper.php?run_id=110202&search_id=114132&scans_id=110198&peptide_id=31336&scanf=39075&charge=2&value=K.AEELFLWVPR.K,SETD3,1.702e+6,2.855,0.006,2.194,0.000
39076,2,"  2.529","  0.391",9/26,/core/www/modules//sdig/index.php?run_id=110202&search_id=114132&scans_id=110198&peptide_id=31337&scanf=39076&charge=2&value=9/26,sp|Q9Y265|RUVB1_HUMAN,/core/www/modules//consensus/?run_id=110202&search_id=114132&scans_id=110198&peptide_id=31337&scanf=39076&charge=2&value=sp|Q9Y265|RUVB1_HUMAN,1,/core/www/modules/match_peptides/blast_html4.php?run_id=110202&search_id=114132&scans_id=110198&peptide_id=31337&scanf=39076&charge=2&value=1,R.YSVQLLTPANLLAK.I,/core/www/modules/show_out/show_out_wrapper.php?run_id=110202&search_id=114132&scans_id=110198&peptide_id=31337&scanf=39076&charge=2&value=R.YSVQLLTPANLLAK.I,RUVBL1,1.390e+7,2.410,0.029,1.544,0.001
39081,2,"  4.333","  0.660",17/30,/core/www/modules//sdig/index.php?run_id=110202&search_id=114132&scans_id=110198&peptide_id=31342&scanf=39081&charge=2&value=17/30,sp|P09651|ROA1_HUMAN,/core/www/modules//consensus/?run_id=110202&search_id=114132&scans_id=110198&peptide_id=31342&scanf=39081&charge=2&value=sp|P09651|ROA1_HUMAN,9,/core/www/modules/match_peptides/blast_html4.php?run_id=110202&search_id=114132&scans_id=110198&peptide_id=31342&scanf=39081&charge=2&value=9,K.LFIGGLSFETTDESLR.S,/core/www/modules/show_out/show_out_wrapper.php?run_id=110202&search_id=114132&scans_id=110198&peptide_id=31342&scanf=39081&charge=2&value=K.LFIGGLSFETTDESLR.S,HNRNPA1,1.757e+8,3.711,0.000,3.461,0.000
39082,4,"  7.157","  0.634",21/174,/core/www/modules//sdig/index.php?run_id=110202&search_id=114132&scans_id=110198&peptide_id=31343&scanf=39082&charge=4&value=21/174,sp|P60709|ACTB_HUMAN,/core/www/modules//consensus/?run_id=110202&search_id=114132&scans_id=110198&peptide_id=31343&scanf=39082&charge=4&value=sp|P60709|ACTB_HUMAN,9,/core/www/modules/match_peptides/blast_html4.php?run_id=110202&search_id=114132&scans_id=110198&peptide_id=31343&scanf=39082&charge=4&value=9,R.TTGIVMDSGDGVTHTVPIYEGYALPHAILR.L,/core/www/modules/show_out/show_out_wrapper.php?run_id=110202&search_id=114132&scans_id=110198&peptide_id=31343&scanf=39082&charge=4&value=R.TTGIVMDSGDGVTHTVPIYEGYALPHAILR.L,ACTB,4.315e+8,3.943,0.000,3.804,0.000
39086,3,"  2.418","  0.153",12/48,/core/www/modules//sdig/index.php?run_id=110202&search_id=114132&scans_id=110198&peptide_id=31347&scanf=39086&charge=3&value=12/48,sp|Q6P2Q9|PRP8_HUMAN,/core/www/modules//consensus/?run_id=110202&search_id=114132&scans_id=110198&peptide_id=31347&scanf=39086&charge=3&value=sp|Q6P2Q9|PRP8_HUMAN,0,/core/www/modules/match_peptides/blast_html4.php?run_id=110202&search_id=114132&scans_id=110198&peptide_id=31347&scanf=39086&charge=3&value=0,K.LLENMPMPWEQIR.D,/core/www/modules/show_out/show_out_wrapper.php?run_id=110202&search_id=114132&scans_id=110198&peptide_id=31347&scanf=39086&charge=3&value=K.LLENMPMPWEQIR.D,PRPF8,2.434e+6,2.285,0.043,1.365,0.001
39087,3,"  6.266","  0.638",26/104,/core/www/modules//sdig/index.php?run_id=110202&search_id=114132&scans_id=110198&peptide_id=31348&scanf=39087&charge=3&value=26/104,sp|Q12789|TF3C1_HUMAN,/core/www/modules//consensus/?run_id=110202&search_id=114132&scans_id=110198&peptide_id=31348&scanf=39087&charge=3&value=sp|Q12789|TF3C1_HUMAN,0,/core/www/modules/match_peptides/blast_html4.php?run_id=110202&search_id=114132&scans_id=110198&peptide_id=31348&scanf=39087&charge=3&value=0,R.EVVDEGLIPGDGLGAAGLDSSFYGHLK.R,/core/www/modules/show_out/show_out_wrapper.php?run_id=110202&search_id=114132&scans_id=110198&peptide_id=31348&scanf=39087&charge=3&value=R.EVVDEGLIPGDGLGAAGLDSSFYGHLK.R,GTF3C1,2.066e+6,3.328,0.001,2.893,0.000
39088,3,"  8.291","  0.700",32/92,/core/www/modules//sdig/index.php?run_id=110202&search_id=114132&scans_id=110198&peptide_id=31349&scanf=39088&charge=3&value=32/92,sp|P46063|RECQ1_HUMAN,/core/www/modules//consensus/?run_id=110202&search_id=114132&scans_id=110198&peptide_id=31349&scanf=39088&charge=3&value=sp|P46063|RECQ1_HUMAN,0,/core/www/modules/match_peptides/blast_html4.php?run_id=110202&search_id=114132&scans_id=110198&peptide_id=31349&scanf=39088&charge=3&value=0,R.QFPNASLIGLTATATNHVLTDAQK.I,/core/www/modules/show_out/show_out_wrapper.php?run_id=110202&search_id=114132&scans_id=110198&peptide_id=31349&scanf=39088&charge=3&value=R.QFPNASLIGLTATATNHVLTDAQK.I,RECQL,9.679e+6,3.837,0.000,3.648,0.000
39089,2,"  4.672","  0.635",19/30,/core/www/modules//sdig/index.php?run_id=110202&search_id=114132&scans_id=110198&peptide_id=31350&scanf=39089&charge=2&value=19/30,sp|P22626|ROA2_HUMAN,/core/www/modules//consensus/?run_id=110202&search_id=114132&scans_id=110198&peptide_id=31350&scanf=39089&charge=2&value=sp|P22626|ROA2_HUMAN,9,/core/www/modules/match_peptides/blast_html4.php?run_id=110202&search_id=114132&scans_id=110198&peptide_id=31350&scanf=39089&charge=2&value=9,K.LFIGGLSFETTEESLR.N,/core/www/modules/show_out/show_out_wrapper.php?run_id=110202&search_id=114132&scans_id=110198&peptide_id=31350&scanf=39089&charge=2&value=K.LFIGGLSFETTEESLR.N,HNRNPA2B1,1.080e+8,3.741,0.000,3.506,0.000
39093,2,"  3.907","  0.639",16/34,/core/www/modules//sdig/index.php?run_id=110202&search_id=114132&scans_id=110198&peptide_id=31355&scanf=39093&charge=2&value=16/34,sp|O43681|GET3_HUMAN,/core/www/modules//consensus/?run_id=110202&search_id=114132&scans_id=110198&peptide_id=31355&scanf=39093&charge=2&value=sp|O43681|GET3_HUMAN,0,/core/www/modules/match_peptides/blast_html4.php?run_id=110202&search_id=114132&scans_id=110198&peptide_id=31355&scanf=39093&charge=2&value=0,K.VNTFSALLLEPYKPPSAQ.-,/core/www/modules/show_out/show_out_wrapper.php?run_id=110202&search_id=114132&scans_id=110198&peptide_id=31355&scanf=39093&charge=2&value=K.VNTFSALLLEPYKPPSAQ.-,GET3,2.186e+6,3.310,0.001,2.867,0.000
39097,2,"  1.932","  0.182",8/12,/core/www/modules//sdig/index.php?run_id=110202&search_id=114132&scans_id=110198&peptide_id=31359&scanf=39097&charge=2&value=8/12,sp|Q9BV86|NTM1A_HUMAN,/core/www/modules//consensus/?run_id=110202&search_id=114132&scans_id=110198&peptide_id=31359&scanf=39097&charge=2&value=sp|Q9BV86|NTM1A_HUMAN,0,/core/www/modules/match_peptides/blast_html4.php?run_id=110202&search_id=114132&scans_id=110198&peptide_id=31359&scanf=39097&charge=2&value=0,R.LLLPLFR.E,/core/www/modules/show_out/show_out_wrapper.php?run_id=110202&search_id=114132&scans_id=110198&peptide_id=31359&scanf=39097&charge=2&value=R.LLLPLFR.E,NTMT1,7.261e+6,2.348,0.035,1.454,0.001
39103,4,"  7.104","  0.578",36/192,/core/www/modules//sdig/index.php?run_id=110202&search_id=114132&scans_id=110198&peptide_id=31365&scanf=39103&charge=4&value=36/192,sp|P48444|COPD_HUMAN,/core/www/modules//consensus/?run_id=110202&search_id=114132&scans_id=110198&peptide_id=31365&scanf=39103&charge=4&value=sp|P48444|COPD_HUMAN,1,/core/www/modules/match_peptides/blast_html4.php?run_id=110202&search_id=114132&scans_id=110198&peptide_id=31365&scanf=39103&charge=4&value=1,K.KAPGFGGFGSSAVSGGSTAAMITETIIETDKPK.V,/core/www/modules/show_out/show_out_wrapper.php?run_id=110202&search_id=114132&scans_id=110198&peptide_id=31365&scanf=39103&charge=4&value=K.KAPGFGGFGSSAVSGGSTAAMITETIIETDKPK.V,ARCN1,3.537e+6,2.960,0.004,2.349,0.000
39104,3,"  2.970","  0.473",13/64,/core/www/modules//sdig/index.php?run_id=110202&search_id=114132&scans_id=110198&peptide_id=31366&scanf=39104&charge=3&value=13/64,sp|P49848|TAF6_HUMAN,/core/www/modules//consensus/?run_id=110202&search_id=114132&scans_id=110198&peptide_id=31366&scanf=39104&charge=3&value=sp|P49848|TAF6_HUMAN,11,/core/www/modules/match_peptides/blast_html4.php?run_id=110202&search_id=114132&scans_id=110198&peptide_id=31366&scanf=39104&charge=3&value=11,K.NVEPLYGFHAQEFIPFR.F,/core/www/modules/show_out/show_out_wrapper.php?run_id=110202&search_id=114132&scans_id=110198&peptide_id=31366&scanf=39104&charge=3&value=K.NVEPLYGFHAQEFIPFR.F,TAF6,1.483e+6,2.732,0.010,2.013,0.000
39106,2,"  4.759","  0.660",22/38,/core/www/modules//sdig/index.php?run_id=110202&search_id=114132&scans_id=110198&peptide_id=31368&scanf=39106&charge=2&value=22/38,sp|P35580|MYH10_HUMAN,/core/www/modules//consensus/?run_id=110202&search_id=114132&scans_id=110198&peptide_id=31368&scanf=39106&charge=2&value=sp|P35580|MYH10_HUMAN,1,/core/www/modules/match_peptides/blast_html4.php?run_id=110202&search_id=114132&scans_id=110198&peptide_id=31368&scanf=39106&charge=2&value=1,R.IVGLDQVTGMTETAFGSAYK.T,/core/www/modules/show_out/show_out_wrapper.php?run_id=110202&search_id=114132&scans_id=110198&peptide_id=31368&scanf=39106&charge=2&value=R.IVGLDQVTGMTETAFGSAYK.T,MYH10,1.817e+6,3.597,0.001,3.292,0.000
39107,2,"  4.151","  0.653",18/30,/core/www/modules//sdig/index.php?run_id=110202&search_id=114132&scans_id=110198&peptide_id=31369&scanf=39107&charge=2&value=18/30,sp|O00159|MYO1C_HUMAN,/core/www/modules//consensus/?run_id=110202&search_id=114132&scans_id=110198&peptide_id=31369&scanf=39107&charge=2&value=sp|O00159|MYO1C_HUMAN,1,/core/www/modules/match_peptides/blast_html4.php?run_id=110202&search_id=114132&scans_id=110198&peptide_id=31369&scanf=39107&charge=2&value=1,R.QLLLTPNAVVIVEDAK.V,/core/www/modules/show_out/show_out_wrapper.php?run_id=110202&search_id=114132&scans_id=110198&peptide_id=31369&scanf=39107&charge=2&value=R.QLLLTPNAVVIVEDAK.V,MYO1C,2.350e+6,3.701,0.000,3.446,0.000
39110,2,"  3.109","  0.559",16/32,/core/www/modules//sdig/index.php?run_id=110202&search_id=114132&scans_id=110198&peptide_id=31373&scanf=39110&charge=2&value=16/32,sp|Q7Z5K2|WAPL_HUMAN,/core/www/modules//consensus/?run_id=110202&search_id=114132&scans_id=110198&peptide_id=31373&scanf=39110&charge=2&value=sp|Q7Z5K2|WAPL_HUMAN,0,/core/www/modules/match_peptides/blast_html4.php?run_id=110202&search_id=114132&scans_id=110198&peptide_id=31373&scanf=39110&charge=2&value=0,K.TVTIPTQPYQDIVTALK.C,/core/www/modules/show_out/show_out_wrapper.php?run_id=110202&search_id=114132&scans_id=110198&peptide_id=31373&scanf=39110&charge=2&value=K.TVTIPTQPYQDIVTALK.C,WAPL,2.135e+6,3.025,0.004,2.445,0.000
39112,2,"  1.645","  0.286",8/16,/core/www/modules//sdig/index.php?run_id=110202&search_id=114132&scans_id=110198&peptide_id=31375&scanf=39112&charge=2&value=8/16,sp|Q9UPN3|MACF1_HUMAN,/core/www/modules//consensus/?run_id=110202&search_id=114132&scans_id=110198&peptide_id=31375&scanf=39112&charge=2&value=sp|Q9UPN3|MACF1_HUMAN,7,/core/www/modules/match_peptides/blast_html4.php?run_id=110202&search_id=114132&scans_id=110198&peptide_id=31375&scanf=39112&charge=2&value=7,R.ALLELVPWR.A,/core/www/modules/show_out/show_out_wrapper.php?run_id=110202&search_id=114132&scans_id=110198&peptide_id=31375&scanf=39112&charge=2&value=R.ALLELVPWR.A,MACF1,2.554e+6,2.367,0.033,1.482,0.001
39114,2,"  2.752","  0.351",11/22,/core/www/modules//sdig/index.php?run_id=110202&search_id=114132&scans_id=110198&peptide_id=31377&scanf=39114&charge=2&value=11/22,sp|Q8TAQ2|SMRC2_HUMAN,/core/www/modules//consensus/?run_id=110202&search_id=114132&scans_id=110198&peptide_id=31377&scanf=39114&charge=2&value=sp|Q8TAQ2|SMRC2_HUMAN,2,/core/www/modules/match_peptides/blast_html4.php?run_id=110202&search_id=114132&scans_id=110198&peptide_id=31377&scanf=39114&charge=2&value=2,K.SLVALLVETQMK.K,/core/www/modules/show_out/show_out_wrapper.php?run_id=110202&search_id=114132&scans_id=110198&peptide_id=31377&scanf=39114&charge=2&value=K.SLVALLVETQMK.K,SMARCC2,1.956e+7,2.598,0.015,1.817,0.000
39115,2,"  4.330","  0.688",15/36,/core/www/modules//sdig/index.php?run_id=110202&search_id=114132&scans_id=110198&peptide_id=31378&scanf=39115&charge=2&value=15/36,sp|Q6P2C8|MED27_HUMAN,/core/www/modules//consensus/?run_id=110202&search_id=114132&scans_id=110198&peptide_id=31378&scanf=39115&charge=2&value=sp|Q6P2C8|MED27_HUMAN,2,/core/www/modules/match_peptides/blast_html4.php?run_id=110202&search_id=114132&scans_id=110198&peptide_id=31378&scanf=39115&charge=2&value=2,K.AQPTTLVLPPQYVDDVISR.I,/core/www/modules/show_out/show_out_wrapper.php?run_id=110202&search_id=114132&scans_id=110198&peptide_id=31378&scanf=39115&charge=2&value=K.AQPTTLVLPPQYVDDVISR.I,MED27,1.216e+6,3.385,0.001,2.978,0.000
39116,3,"  2.647","  0.484",12/80,/core/www/modules//sdig/index.php?run_id=110202&search_id=114132&scans_id=110198&peptide_id=31379&scanf=39116&charge=3&value=12/80,sp|Q16531|DDB1_HUMAN,/core/www/modules//consensus/?run_id=110202&search_id=114132&scans_id=110198&peptide_id=31379&scanf=39116&charge=3&value=sp|Q16531|DDB1_HUMAN,7,/core/www/modules/match_peptides/blast_html4.php?run_id=110202&search_id=114132&scans_id=110198&peptide_id=31379&scanf=39116&charge=3&value=7,K.DPNTYFIVGTAMVYPEEAEPK.Q,/core/www/modules/show_out/show_out_wrapper.php?run_id=110202&search_id=114132&scans_id=110198&peptide_id=31379&scanf=39116&charge=3&value=K.DPNTYFIVGTAMVYPEEAEPK.Q,DDB1,1.147e+6,2.607,0.015,1.830,0.000
39118,2,"  3.631","  0.631",17/32,/core/www/modules//sdig/index.php?run_id=110202&search_id=114132&scans_id=110198&peptide_id=31381&scanf=39118&charge=2&value=17/32,sp|Q9BXP5|SRRT_HUMAN,/core/www/modules//consensus/?run_id=110202&search_id=114132&scans_id=110198&peptide_id=31381&scanf=39118&charge=2&value=sp|Q9BXP5|SRRT_HUMAN,1,/core/www/modules/match_peptides/blast_html4.php?run_id=110202&search_id=114132&scans_id=110198&peptide_id=31381&scanf=39118&charge=2&value=1,R.LGSIAEIDLGVPPPVMK.T,/core/www/modules/show_out/show_out_wrapper.php?run_id=110202&search_id=114132&scans_id=110198&peptide_id=31381&scanf=39118&charge=2&value=R.LGSIAEIDLGVPPPVMK.T,SRRT,8.585e+6,3.510,0.001,3.163,0.000
39124,3,"  4.464","  0.591",18/84,/core/www/modules//sdig/index.php?run_id=110202&search_id=114132&scans_id=110198&peptide_id=31387&scanf=39124&charge=3&value=18/84,sp|O60216|RAD21_HUMAN,/core/www/modules//consensus/?run_id=110202&search_id=114132&scans_id=110198&peptide_id=31387&scanf=39124&charge=3&value=sp|O60216|RAD21_HUMAN,3,/core/www/modules/match_peptides/blast_html4.php?run_id=110202&search_id=114132&scans_id=110198&peptide_id=31387&scanf=39124&charge=3&value=3,R.EEVGNISILQENDFGDFGMDDR.E,/core/www/modules/show_out/show_out_wrapper.php?run_id=110202&search_id=114132&scans_id=110198&peptide_id=31387&scanf=39124&charge=3&value=R.EEVGNISILQENDFGDFGMDDR.E,RAD21,2.577e+6,3.160,0.002,2.644,0.000
39125,3,"  2.525","  0.458",14/56,/core/www/modules//sdig/index.php?run_id=110202&search_id=114132&scans_id=110198&peptide_id=31388&scanf=39125&charge=3&value=14/56,sp|Q2M389|WASC4_HUMAN,/core/www/modules//consensus/?run_id=110202&search_id=114132&scans_id=110198&peptide_id=31388&scanf=39125&charge=3&value=sp|Q2M389|WASC4_HUMAN,1,/core/www/modules/match_peptides/blast_html4.php?run_id=110202&search_id=114132&scans_id=110198&peptide_id=31388&scanf=39125&charge=3&value=1,K.TFKDEELFPLQVVMK.K,/core/www/modules/show_out/show_out_wrapper.php?run_id=110202&search_id=114132&scans_id=110198&peptide_id=31388&scanf=39125&charge=3&value=K.TFKDEELFPLQVVMK.K,WASHC4,1.874e+6,2.621,0.014,1.851,0.000
39126,3,"  4.511","  0.603",17/72,/core/www/modules//sdig/index.php?run_id=110202&search_id=114132&scans_id=110198&peptide_id=31389&scanf=39126&charge=3&value=17/72,sp|P09211|GSTP1_HUMAN,/core/www/modules//consensus/?run_id=110202&search_id=114132&scans_id=110198&peptide_id=31389&scanf=39126&charge=3&value=sp|P09211|GSTP1_HUMAN,1,/core/www/modules/match_peptides/blast_html4.php?run_id=110202&search_id=114132&scans_id=110198&peptide_id=31389&scanf=39126&charge=3&value=1,K.DQQEAALVDMVNDGVEDLR.C,/core/www/modules/show_out/show_out_wrapper.php?run_id=110202&search_id=114132&scans_id=110198&peptide_id=31389&scanf=39126&charge=3&value=K.DQQEAALVDMVNDGVEDLR.C,GSTP1,1.703e+6,3.323,0.001,2.886,0.000
39127,2,"  3.546","  0.671",16/28,/core/www/modules//sdig/index.php?run_id=110202&search_id=114132&scans_id=110198&peptide_id=31390&scanf=39127&charge=2&value=16/28,sp|P52292|IMA1_HUMAN,/core/www/modules//consensus/?run_id=110202&search_id=114132&scans_id=110198&peptide_id=31390&scanf=39127&charge=2&value=sp|P52292|IMA1_HUMAN,4,/core/www/modules/match_peptides/blast_html4.php?run_id=110202&search_id=114132&scans_id=110198&peptide_id=31390&scanf=39127&charge=2&value=4,K.LLGASELPIVTPALR.A,/core/www/modules/show_out/show_out_wrapper.php?run_id=110202&search_id=114132&scans_id=110198&peptide_id=31390&scanf=39127&charge=2&value=K.LLGASELPIVTPALR.A,KPNA2,2.098e+7,3.658,0.000,3.382,0.000
39128,3,"  2.074","  0.299",14/60,/core/www/modules//sdig/index.php?run_id=110202&search_id=114132&scans_id=110198&peptide_id=31391&scanf=39128&charge=3&value=14/60,sp|Q14498|RBM39_HUMAN,/core/www/modules//consensus/?run_id=110202&search_id=114132&scans_id=110198&peptide_id=31391&scanf=39128&charge=3&value=sp|Q14498|RBM39_HUMAN,9,/core/www/modules/match_peptides/blast_html4.php?run_id=110202&search_id=114132&scans_id=110198&peptide_id=31391&scanf=39128&charge=3&value=9,R.LYVGSLHFNITEDMLR.G,/core/www/modules/show_out/show_out_wrapper.php?run_id=110202&search_id=114132&scans_id=110198&peptide_id=31391&scanf=39128&charge=3&value=R.LYVGSLHFNITEDMLR.G,RBM39,4.047e+6,2.231,0.052,1.288,0.002
39131,3,"  3.402","  0.405",14/60,/core/www/modules//sdig/index.php?run_id=110202&search_id=114132&scans_id=110198&peptide_id=31395&scanf=39131&charge=3&value=14/60,sp|Q9BVP2|GNL3_HUMAN,/core/www/modules//consensus/?run_id=110202&search_id=114132&scans_id=110198&peptide_id=31395&scanf=39131&charge=3&value=sp|Q9BVP2|GNL3_HUMAN,0,/core/www/modules/match_peptides/blast_html4.php?run_id=110202&search_id=114132&scans_id=110198&peptide_id=31395&scanf=39131&charge=3&value=0,K.KVIEASDVVLEVLDAR.D,/core/www/modules/show_out/show_out_wrapper.php?run_id=110202&search_id=114132&scans_id=110198&peptide_id=31395&scanf=39131&charge=3&value=K.KVIEASDVVLEVLDAR.D,GNL3,1.002e+7,2.449,0.025,1.600,0.001
39132,3,"  2.901","  0.405",14/72,/core/www/modules//sdig/index.php?run_id=110202&search_id=114132&scans_id=110198&peptide_id=31396&scanf=39132&charge=3&value=14/72,sp|O14972|VP26C_HUMAN,/core/www/modules//consensus/?run_id=110202&search_id=114132&scans_id=110198&peptide_id=31396&scanf=39132&charge=3&value=sp|O14972|VP26C_HUMAN,2,/core/www/modules/match_peptides/blast_html4.php?run_id=110202&search_id=114132&scans_id=110198&peptide_id=31396&scanf=39132&charge=3&value=2,K.FTPSPVDFTITPETLQNVK.E,/core/www/modules/show_out/show_out_wrapper.php?run_id=110202&search_id=114132&scans_id=110198&peptide_id=31396&scanf=39132&charge=3&value=K.FTPSPVDFTITPETLQNVK.E,VPS26C,1.027e+6,2.525,0.020,1.710,0.000
39135,2,"  2.387","  0.488",10/20,/core/www/modules//sdig/index.php?run_id=110202&search_id=114132&scans_id=110198&peptide_id=31399&scanf=39135&charge=2&value=10/20,sp|P78527|PRKDC_HUMAN,/core/www/modules//consensus/?run_id=110202&search_id=114132&scans_id=110198&peptide_id=31399&scanf=39135&charge=2&value=sp|P78527|PRKDC_HUMAN,0,/core/www/modules/match_peptides/blast_html4.php?run_id=110202&search_id=114132&scans_id=110198&peptide_id=31399&scanf=39135&charge=2&value=0,K.AALSALESFLK.Q,/core/www/modules/show_out/show_out_wrapper.php?run_id=110202&search_id=114132&scans_id=110198&peptide_id=31399&scanf=39135&charge=2&value=K.AALSALESFLK.Q,PRKDC,1.417e+8,3.865,0.000,3.690,0.000
39137,2,"  4.069","  0.616",16/26,/core/www/modules//sdig/index.php?run_id=110202&search_id=114132&scans_id=110198&peptide_id=31401&scanf=39137&charge=2&value=16/26,sp|P24928|RPB1_HUMAN,/core/www/modules//consensus/?run_id=110202&search_id=114132&scans_id=110198&peptide_id=31401&scanf=39137&charge=2&value=sp|P24928|RPB1_HUMAN,1,/core/www/modules/match_peptides/blast_html4.php?run_id=110202&search_id=114132&scans_id=110198&peptide_id=31401&scanf=39137&charge=2&value=1,K.TPSLTVFLLGQSAR.D,/core/www/modules/show_out/show_out_wrapper.php?run_id=110202&search_id=114132&scans_id=110198&peptide_id=31401&scanf=39137&charge=2&value=K.TPSLTVFLLGQSAR.D,POLR2A,1.311e+6,3.612,0.000,3.314,0.000
39141,2,"  5.576","  0.694",22/38,/core/www/modules//sdig/index.php?run_id=110202&search_id=114132&scans_id=110198&peptide_id=31406&scanf=39141&charge=2&value=22/38,sp|Q07021|C1QBP_HUMAN,/core/www/modules//consensus/?run_id=110202&search_id=114132&scans_id=110198&peptide_id=31406&scanf=39141&charge=2&value=sp|Q07021|C1QBP_HUMAN,2,/core/www/modules/match_peptides/blast_html4.php?run_id=110202&search_id=114132&scans_id=110198&peptide_id=31406&scanf=39141&charge=2&value=2,K.VEEQEPELTSTPNFVVEVIK.N,/core/www/modules/show_out/show_out_wrapper.php?run_id=110202&search_id=114132&scans_id=110198&peptide_id=31406&scanf=39141&charge=2&value=K.VEEQEPELTSTPNFVVEVIK.N,C1QBP,2.486e+6,3.703,0.000,3.449,0.000
39145,3,"  4.581","  0.529",17/76,/core/www/modules//sdig/index.php?run_id=110202&search_id=114132&scans_id=110198&peptide_id=31409&scanf=39145&charge=3&value=17/76,sp|Q8WXX5|DNJC9_HUMAN,/core/www/modules//consensus/?run_id=110202&search_id=114132&scans_id=110198&peptide_id=31409&scanf=39145&charge=3&value=sp|Q8WXX5|DNJC9_HUMAN,0,/core/www/modules/match_peptides/blast_html4.php?run_id=110202&search_id=114132&scans_id=110198&peptide_id=31409&scanf=39145&charge=3&value=0,R.NIIQQAIDAGEVPSYNAFVK.E,/core/www/modules/show_out/show_out_wrapper.php?run_id=110202&search_id=114132&scans_id=110198&peptide_id=31409&scanf=39145&charge=3&value=R.NIIQQAIDAGEVPSYNAFVK.E,DNAJC9,4.915e+6,2.936,0.005,2.314,0.000
39146,3,"  2.529","  0.408",9/80,/core/www/modules//sdig/index.php?run_id=110202&search_id=114132&scans_id=110198&peptide_id=31410&scanf=39146&charge=3&value=9/80,sp|P60709|ACTB_HUMAN,/core/www/modules//consensus/?run_id=110202&search_id=114132&scans_id=110198&peptide_id=31410&scanf=39146&charge=3&value=sp|P60709|ACTB_HUMAN,6,/core/www/modules/match_peptides/blast_html4.php?run_id=110202&search_id=114132&scans_id=110198&peptide_id=31410&scanf=39146&charge=3&value=6,K.DLYANTVLSGGTTMYPGIADR.M,/core/www/modules/show_out/show_out_wrapper.php?run_id=110202&search_id=114132&scans_id=110198&peptide_id=31410&scanf=39146&charge=3&value=K.DLYANTVLSGGTTMYPGIADR.M,ACTB,1.208e+6,2.895,0.006,2.253,0.000
39147,3,"  4.781","  0.591",18/68,/core/www/modules//sdig/index.php?run_id=110202&search_id=114132&scans_id=110198&peptide_id=31411&scanf=39147&charge=3&value=18/68,sp|Q14527|HLTF_HUMAN,/core/www/modules//consensus/?run_id=110202&search_id=114132&scans_id=110198&peptide_id=31411&scanf=39147&charge=3&value=sp|Q14527|HLTF_HUMAN,1,/core/www/modules/match_peptides/blast_html4.php?run_id=110202&search_id=114132&scans_id=110198&peptide_id=31411&scanf=39147&charge=3&value=1,K.QDIVLTTYNILTHDYGTK.G,/core/www/modules/show_out/show_out_wrapper.php?run_id=110202&search_id=114132&scans_id=110198&peptide_id=31411&scanf=39147&charge=3&value=K.QDIVLTTYNILTHDYGTK.G,HLTF,2.321e+6,3.255,0.002,2.786,0.000
39152,3,"  6.806","  0.741",24/116,/core/www/modules//sdig/index.php?run_id=110202&search_id=114132&scans_id=110198&peptide_id=31417&scanf=39152&charge=3&value=24/116,sp|P20700|LMNB1_HUMAN,/core/www/modules//consensus/?run_id=110202&search_id=114132&scans_id=110198&peptide_id=31417&scanf=39152&charge=3&value=sp|P20700|LMNB1_HUMAN,0,/core/www/modules/match_peptides/blast_html4.php?run_id=110202&search_id=114132&scans_id=110198&peptide_id=31417&scanf=39152&charge=3&value=0,K.TTIPEEEEEEEEAAGVVVEEELFHQQGTPR.A,/core/www/modules/show_out/show_out_wrapper.php?run_id=110202&search_id=114132&scans_id=110198&peptide_id=31417&scanf=39152&charge=3&value=K.TTIPEEEEEEEEAAGVVVEEELFHQQGTPR.A,LMNB1,3.599e+6,3.555,0.001,3.230,0.000
39153,2,"  2.315","  0.300",9/18,/core/www/modules//sdig/index.php?run_id=110202&search_id=114132&scans_id=110198&peptide_id=31418&scanf=39153&charge=2&value=9/18,sp|Q92889|XPF_HUMAN,/core/www/modules//consensus/?run_id=110202&search_id=114132&scans_id=110198&peptide_id=31418&scanf=39153&charge=2&value=sp|Q92889|XPF_HUMAN,3,/core/www/modules/match_peptides/blast_html4.php?run_id=110202&search_id=114132&scans_id=110198&peptide_id=31418&scanf=39153&charge=2&value=3,R.ILVVDFLTDR.I,/core/www/modules/show_out/show_out_wrapper.php?run_id=110202&search_id=114132&scans_id=110198&peptide_id=31418&scanf=39153&charge=2&value=R.ILVVDFLTDR.I,ERCC4,1.052e+6,2.365,0.033,1.479,0.001
39159,2,"  1.999","  0.178",9/20,/core/www/modules//sdig/index.php?run_id=110202&search_id=114132&scans_id=110198&peptide_id=31424&scanf=39159&charge=2&value=9/20,sp|O95400|CD2B2_HUMAN,/core/www/modules//consensus/?run_id=110202&search_id=114132&scans_id=110198&peptide_id=31424&scanf=39159&charge=2&value=sp|O95400|CD2B2_HUMAN,0,/core/www/modules/match_peptides/blast_html4.php?run_id=110202&search_id=114132&scans_id=110198&peptide_id=31424&scanf=39159&charge=2&value=0,R.DSWLDNIDWVK.I,/core/www/modules/show_out/show_out_wrapper.php?run_id=110202&search_id=114132&scans_id=110198&peptide_id=31424&scanf=39159&charge=2&value=R.DSWLDNIDWVK.I,CD2BP2,3.789e+6,1.861,0.161,0.793,0.008
39161,2,"  2.875","  0.576",15/30,/core/www/modules//sdig/index.php?run_id=110202&search_id=114132&scans_id=110198&peptide_id=31427&scanf=39161&charge=2&value=15/30,sp|Q9P287|BCCIP_HUMAN,/core/www/modules//consensus/?run_id=110202&search_id=114132&scans_id=110198&peptide_id=31427&scanf=39161&charge=2&value=sp|Q9P287|BCCIP_HUMAN,0,/core/www/modules/match_peptides/blast_html4.php?run_id=110202&search_id=114132&scans_id=110198&peptide_id=31427&scanf=39161&charge=2&value=0,K.AALMFANAEEEFFYEK.A,/core/www/modules/show_out/show_out_wrapper.php?run_id=110202&search_id=114132&scans_id=110198&peptide_id=31427&scanf=39161&charge=2&value=K.AALMFANAEEEFFYEK.A,BCCIP,1.361e+6,2.982,0.004,2.381,0.000
39181,3,"  5.646","  0.649",23/100,/core/www/modules//sdig/index.php?run_id=110202&search_id=114132&scans_id=110198&peptide_id=31447&scanf=39181&charge=3&value=23/100,sp|Q9Y5Q9|TF3C3_HUMAN,/core/www/modules//consensus/?run_id=110202&search_id=114132&scans_id=110198&peptide_id=31447&scanf=39181&charge=3&value=sp|Q9Y5Q9|TF3C3_HUMAN,2,/core/www/modules/match_peptides/blast_html4.php?run_id=110202&search_id=114132&scans_id=110198&peptide_id=31447&scanf=39181&charge=3&value=2,K.ALEALEPMYDPDTLAQDANAAQQELK.L,/core/www/modules/show_out/show_out_wrapper.php?run_id=110202&search_id=114132&scans_id=110198&peptide_id=31447&scanf=39181&charge=3&value=K.ALEALEPMYDPDTLAQDANAAQQELK.L,GTF3C3,2.470e+6,3.275,0.002,2.814,0.000
39188,2,"  3.467","  0.381",15/24,/core/www/modules//sdig/index.php?run_id=110202&search_id=114132&scans_id=110198&peptide_id=31453&scanf=39188&charge=2&value=15/24,sp|Q14204|DYHC1_HUMAN,/core/www/modules//consensus/?run_id=110202&search_id=114132&scans_id=110198&peptide_id=31453&scanf=39188&charge=2&value=sp|Q14204|DYHC1_HUMAN,19,/core/www/modules/match_peptides/blast_html4.php?run_id=110202&search_id=114132&scans_id=110198&peptide_id=31453&scanf=39188&charge=2&value=19,K.WAIAQLNYADMLK.R,/core/www/modules/show_out/show_out_wrapper.php?run_id=110202&search_id=114132&scans_id=110198&peptide_id=31453&scanf=39188&charge=2&value=K.WAIAQLNYADMLK.R,DYNC1H1,1.643e+6,3.028,0.004,2.450,0.000
39190,3,"  4.746","  0.608",22/68,/core/www/modules//sdig/index.php?run_id=110202&search_id=114132&scans_id=110198&peptide_id=31456&scanf=39190&charge=3&value=22/68,sp|Q14527|HLTF_HUMAN,/core/www/modules//consensus/?run_id=110202&search_id=114132&scans_id=110198&peptide_id=31456&scanf=39190&charge=3&value=sp|Q14527|HLTF_HUMAN,1,/core/www/modules/match_peptides/blast_html4.php?run_id=110202&search_id=114132&scans_id=110198&peptide_id=31456&scanf=39190&charge=3&value=1,K.QDIVLTTYNILTHDYGTK.G,/core/www/modules/show_out/show_out_wrapper.php?run_id=110202&search_id=114132&scans_id=110198&peptide_id=31456&scanf=39190&charge=3&value=K.QDIVLTTYNILTHDYGTK.G,HLTF,2.321e+6,3.398,0.001,2.997,0.000
39192,2,"  2.010","  0.362",11/20,/core/www/modules//sdig/index.php?run_id=110202&search_id=114132&scans_id=110198&peptide_id=31458&scanf=39192&charge=2&value=11/20,sp|P19447|ERCC3_HUMAN,/core/www/modules//consensus/?run_id=110202&search_id=114132&scans_id=110198&peptide_id=31458&scanf=39192&charge=2&value=sp|P19447|ERCC3_HUMAN,2,/core/www/modules/match_peptides/blast_html4.php?run_id=110202&search_id=114132&scans_id=110198&peptide_id=31458&scanf=39192&charge=2&value=2,K.IVDLNFLIGPK.L,/core/www/modules/show_out/show_out_wrapper.php?run_id=110202&search_id=114132&scans_id=110198&peptide_id=31458&scanf=39192&charge=2&value=K.IVDLNFLIGPK.L,ERCC3,1.279e+6,2.606,0.015,1.829,0.000
39193,4,"  4.073","  0.592",22/144,/core/www/modules//sdig/index.php?run_id=110202&search_id=114132&scans_id=110198&peptide_id=31459&scanf=39193&charge=4&value=22/144,sp|Q9NZN4|EHD2_HUMAN,/core/www/modules//consensus/?run_id=110202&search_id=114132&scans_id=110198&peptide_id=31459&scanf=39193&charge=4&value=sp|Q9NZN4|EHD2_HUMAN,0,/core/www/modules/match_peptides/blast_html4.php?run_id=110202&search_id=114132&scans_id=110198&peptide_id=31459&scanf=39193&charge=4&value=0,K.LSDVDRDGMLDDEEFALASHLIEAK.L,/core/www/modules/show_out/show_out_wrapper.php?run_id=110202&search_id=114132&scans_id=110198&peptide_id=31459&scanf=39193&charge=4&value=K.LSDVDRDGMLDDEEFALASHLIEAK.L,EHD2,1.629e+6,3.080,0.003,2.526,0.000
39198,2,"  3.156","  0.446",10/34,/core/www/modules//sdig/index.php?run_id=110202&search_id=114132&scans_id=110198&peptide_id=31464&scanf=39198&charge=2&value=10/34,sp|Q8N1G4|LRC47_HUMAN,/core/www/modules//consensus/?run_id=110202&search_id=114132&scans_id=110198&peptide_id=31464&scanf=39198&charge=2&value=sp|Q8N1G4|LRC47_HUMAN,0,/core/www/modules/match_peptides/blast_html4.php?run_id=110202&search_id=114132&scans_id=110198&peptide_id=31464&scanf=39198&charge=2&value=0,R.NALGPGLSPELGPLPALR.V,/core/www/modules/show_out/show_out_wrapper.php?run_id=110202&search_id=114132&scans_id=110198&peptide_id=31464&scanf=39198&charge=2&value=R.NALGPGLSPELGPLPALR.V,LRRC47,2.117e+6,2.324,0.038,1.420,0.001
39204,3,"  1.743","  0.389",9/60,/core/www/modules//sdig/index.php?run_id=110202&search_id=114132&scans_id=110198&peptide_id=31471&scanf=39204&charge=3&value=9/60,sp|Q9NZ08|ERAP1_HUMAN,/core/www/modules//consensus/?run_id=110202&search_id=114132&scans_id=110198&peptide_id=31471&scanf=39204&charge=3&value=sp|Q9NZ08|ERAP1_HUMAN,0,/core/www/modules/match_peptides/blast_html4.php?run_id=110202&search_id=114132&scans_id=110198&peptide_id=31471&scanf=39204&charge=3&value=0,K.TKTDVLILPEEVEWIK.F,/core/www/modules/show_out/show_out_wrapper.php?run_id=110202&search_id=114132&scans_id=110198&peptide_id=31471&scanf=39204&charge=3&value=K.TKTDVLILPEEVEWIK.F,ERAP1,8.107e+5,2.056,0.090,1.048,0.004
39205,2,"  3.506","  0.569",15/28,/core/www/modules//sdig/index.php?run_id=110202&search_id=114132&scans_id=110198&peptide_id=31472&scanf=39205&charge=2&value=15/28,sp|O60814|H2B1K_HUMAN,/core/www/modules//consensus/?run_id=110202&search_id=114132&scans_id=110198&peptide_id=31472&scanf=39205&charge=2&value=sp|O60814|H2B1K_HUMAN,14,/core/www/modules/match_peptides/blast_html4.php?run_id=110202&search_id=114132&scans_id=110198&peptide_id=31472&scanf=39205&charge=2&value=14,K.AM*GIM*NSFVNDIFER.I,/core/www/modules/show_out/show_out_wrapper.php?run_id=110202&search_id=114132&scans_id=110198&peptide_id=31472&scanf=39205&charge=2&value=K.AM*GIM*NSFVNDIFER.I,H2BC12,1.667e+6,3.309,0.001,2.864,0.000
39211,3,"  4.044","  0.735",20/88,/core/www/modules//sdig/index.php?run_id=110202&search_id=114132&scans_id=110198&peptide_id=31478&scanf=39211&charge=3&value=20/88,sp|P61978|HNRPK_HUMAN,/core/www/modules//consensus/?run_id=110202&search_id=114132&scans_id=110198&peptide_id=31478&scanf=39211&charge=3&value=sp|P61978|HNRPK_HUMAN,0,/core/www/modules/match_peptides/blast_html4.php?run_id=110202&search_id=114132&scans_id=110198&peptide_id=31478&scanf=39211&charge=3&value=0,R.IITITGTQDQIQNAQYLLQNSVK.Q,/core/www/modules/show_out/show_out_wrapper.php?run_id=110202&search_id=114132&scans_id=110198&peptide_id=31478&scanf=39211&charge=3&value=R.IITITGTQDQIQNAQYLLQNSVK.Q,HNRNPK,2.479e+8,3.794,0.000,3.584,0.000
39212,3,"  6.458","  0.656",28/108,/core/www/modules//sdig/index.php?run_id=110202&search_id=114132&scans_id=110198&peptide_id=31479&scanf=39212&charge=3&value=28/108,sp|Q92797|SYMPK_HUMAN,/core/www/modules//consensus/?run_id=110202&search_id=114132&scans_id=110198&peptide_id=31479&scanf=39212&charge=3&value=sp|Q92797|SYMPK_HUMAN,2,/core/www/modules/match_peptides/blast_html4.php?run_id=110202&search_id=114132&scans_id=110198&peptide_id=31479&scanf=39212&charge=3&value=2,R.LSAQGQAISVVGSLSSMSPLEEEAPQAK.R,/core/www/modules/show_out/show_out_wrapper.php?run_id=110202&search_id=114132&scans_id=110198&peptide_id=31479&scanf=39212&charge=3&value=R.LSAQGQAISVVGSLSSMSPLEEEAPQAK.R,SYMPK,2.393e+6,3.376,0.001,2.964,0.000
39213,4,"  4.073","  0.597",21/102,/core/www/modules//sdig/index.php?run_id=110202&search_id=114132&scans_id=110198&peptide_id=31480&scanf=39213&charge=4&value=21/102,sp|Q9BRZ2|TRI56_HUMAN,/core/www/modules//consensus/?run_id=110202&search_id=114132&scans_id=110198&peptide_id=31480&scanf=39213&charge=4&value=sp|Q9BRZ2|TRI56_HUMAN,0,/core/www/modules/match_peptides/blast_html4.php?run_id=110202&search_id=114132&scans_id=110198&peptide_id=31480&scanf=39213&charge=4&value=0,K.GSLLGDFLTAYHGLEKPR.V,/core/www/modules/show_out/show_out_wrapper.php?run_id=110202&search_id=114132&scans_id=110198&peptide_id=31480&scanf=39213&charge=4&value=K.GSLLGDFLTAYHGLEKPR.V,TRIM56,1.575e+6,3.698,0.000,3.441,0.000
39216,3,"  3.194","  0.419",12/72,/core/www/modules//sdig/index.php?run_id=110202&search_id=114132&scans_id=110198&peptide_id=31483&scanf=39216&charge=3&value=12/72,sp|P09211|GSTP1_HUMAN,/core/www/modules//consensus/?run_id=110202&search_id=114132&scans_id=110198&peptide_id=31483&scanf=39216&charge=3&value=sp|P09211|GSTP1_HUMAN,1,/core/www/modules/match_peptides/blast_html4.php?run_id=110202&search_id=114132&scans_id=110198&peptide_id=31483&scanf=39216&charge=3&value=1,K.DQQEAALVDMVNDGVEDLR.C,/core/www/modules/show_out/show_out_wrapper.php?run_id=110202&search_id=114132&scans_id=110198&peptide_id=31483&scanf=39216&charge=3&value=K.DQQEAALVDMVNDGVEDLR.C,GSTP1,1.703e+6,2.507,0.021,1.684,0.000
39218,2,"  2.562","  0.419",11/20,/core/www/modules//sdig/index.php?run_id=110202&search_id=114132&scans_id=110198&peptide_id=31485&scanf=39218&charge=2&value=11/20,sp|Q9NS69|TOM22_HUMAN,/core/www/modules//consensus/?run_id=110202&search_id=114132&scans_id=110198&peptide_id=31485&scanf=39218&charge=2&value=sp|Q9NS69|TOM22_HUMAN,0,/core/www/modules/match_peptides/blast_html4.php?run_id=110202&search_id=114132&scans_id=110198&peptide_id=31485&scanf=39218&charge=2&value=0,R.LWGLTEMFPER.V,/core/www/modules/show_out/show_out_wrapper.php?run_id=110202&search_id=114132&scans_id=110198&peptide_id=31485&scanf=39218&charge=2&value=R.LWGLTEMFPER.V,TOMM22,9.518e+5,2.863,0.006,2.206,0.000
39221,3,"  4.020","  0.498",15/92,/core/www/modules//sdig/index.php?run_id=110202&search_id=114132&scans_id=110198&peptide_id=31489&scanf=39221&charge=3&value=15/92,sp|Q8TDD1|DDX54_HUMAN,/core/www/modules//consensus/?run_id=110202&search_id=114132&scans_id=110198&peptide_id=31489&scanf=39221&charge=3&value=sp|Q8TDD1|DDX54_HUMAN,0,/core/www/modules/match_peptides/blast_html4.php?run_id=110202&search_id=114132&scans_id=110198&peptide_id=31489&scanf=39221&charge=3&value=0,K.QPEKEEEEEAGESVEDIFSEVVGR.K,/core/www/modules/show_out/show_out_wrapper.php?run_id=110202&search_id=114132&scans_id=110198&peptide_id=31489&scanf=39221&charge=3&value=K.QPEKEEEEEAGESVEDIFSEVVGR.K,DDX54,1.401e+6,2.434,0.026,1.578,0.001
39225,2,"  3.429","  0.663",14/24,/core/www/modules//sdig/index.php?run_id=110202&search_id=114132&scans_id=110198&peptide_id=31493&scanf=39225&charge=2&value=14/24,sp|P55786|PSA_HUMAN,/core/www/modules//consensus/?run_id=110202&search_id=114132&scans_id=110198&peptide_id=31493&scanf=39225&charge=2&value=sp|P55786|PSA_HUMAN,4,/core/www/modules/match_peptides/blast_html4.php?run_id=110202&search_id=114132&scans_id=110198&peptide_id=31493&scanf=39225&charge=2&value=4,R.VLGATLLPDLIQK.V,/core/www/modules/show_out/show_out_wrapper.php?run_id=110202&search_id=114132&scans_id=110198&peptide_id=31493&scanf=39225&charge=2&value=R.VLGATLLPDLIQK.V,NPEPPS,1.407e+7,3.699,0.000,3.443,0.000
39226,2,"  1.986","  0.468",8/14,/core/www/modules//sdig/index.php?run_id=110202&search_id=114132&scans_id=110198&peptide_id=31494&scanf=39226&charge=2&value=8/14,sp|P41223|BUD31_HUMAN,/core/www/modules//consensus/?run_id=110202&search_id=114132&scans_id=110198&peptide_id=31494&scanf=39226&charge=2&value=sp|P41223|BUD31_HUMAN,0,/core/www/modules/match_peptides/blast_html4.php?run_id=110202&search_id=114132&scans_id=110198&peptide_id=31494&scanf=39226&charge=2&value=0,R.YIFDLFYK.R,/core/www/modules/show_out/show_out_wrapper.php?run_id=110202&search_id=114132&scans_id=110198&peptide_id=31494&scanf=39226&charge=2&value=R.YIFDLFYK.R,BUD31,9.891e+5,3.064,0.003,2.503,0.000
39228,3,"  5.864","  0.671",20/92,/core/www/modules//sdig/index.php?run_id=110202&search_id=114132&scans_id=110198&peptide_id=31495&scanf=39228&charge=3&value=20/92,sp|Q7L2E3|DHX30_HUMAN,/core/www/modules//consensus/?run_id=110202&search_id=114132&scans_id=110198&peptide_id=31495&scanf=39228&charge=3&value=sp|Q7L2E3|DHX30_HUMAN,1,/core/www/modules/match_peptides/blast_html4.php?run_id=110202&search_id=114132&scans_id=110198&peptide_id=31495&scanf=39228&charge=3&value=1,K.DSGPLSDPITGKPYVPLLEAEEVR.L,/core/www/modules/show_out/show_out_wrapper.php?run_id=110202&search_id=114132&scans_id=110198&peptide_id=31495&scanf=39228&charge=3&value=K.DSGPLSDPITGKPYVPLLEAEEVR.L,DHX30,3.261e+6,3.401,0.001,3.002,0.000
39230,3,"  4.005","  0.424",12/72,/core/www/modules//sdig/index.php?run_id=110202&search_id=114132&scans_id=110198&peptide_id=31498&scanf=39230&charge=3&value=12/72,sp|Q9H7N4|SFR19_HUMAN,/core/www/modules//consensus/?run_id=110202&search_id=114132&scans_id=110198&peptide_id=31498&scanf=39230&charge=3&value=sp|Q9H7N4|SFR19_HUMAN,0,/core/www/modules/match_peptides/blast_html4.php?run_id=110202&search_id=114132&scans_id=110198&peptide_id=31498&scanf=39230&charge=3&value=0,R.GAVPPSIQDLTDHDLFAIK.R,/core/www/modules/show_out/show_out_wrapper.php?run_id=110202&search_id=114132&scans_id=110198&peptide_id=31498&scanf=39230&charge=3&value=R.GAVPPSIQDLTDHDLFAIK.R,SCAF1,2.991e+6,2.460,0.024,1.617,0.001
39231,2,"  3.118","  0.469",16/26,/core/www/modules//sdig/index.php?run_id=110202&search_id=114132&scans_id=110198&peptide_id=31499&scanf=39231&charge=2&value=16/26,sp|Q96QK1|VPS35_HUMAN,/core/www/modules//consensus/?run_id=110202&search_id=114132&scans_id=110198&peptide_id=31499&scanf=39231&charge=2&value=sp|Q96QK1|VPS35_HUMAN,0,/core/www/modules/match_peptides/blast_html4.php?run_id=110202&search_id=114132&scans_id=110198&peptide_id=31499&scanf=39231&charge=2&value=0,K.IPVDTYNNILTVLK.L,/core/www/modules/show_out/show_out_wrapper.php?run_id=110202&search_id=114132&scans_id=110198&peptide_id=31499&scanf=39231&charge=2&value=K.IPVDTYNNILTVLK.L,VPS35,3.786e+6,3.103,0.003,2.561,0.000
39233,2,"  2.123","  0.469",8/16,/core/www/modules//sdig/index.php?run_id=110202&search_id=114132&scans_id=110198&peptide_id=31501&scanf=39233&charge=2&value=8/16,sp|Q15269|PWP2_HUMAN,/core/www/modules//consensus/?run_id=110202&search_id=114132&scans_id=110198&peptide_id=31501&scanf=39233&charge=2&value=sp|Q15269|PWP2_HUMAN,0,/core/www/modules/match_peptides/blast_html4.php?run_id=110202&search_id=114132&scans_id=110198&peptide_id=31501&scanf=39233&charge=2&value=0,R.LWDMFDSWR.T,/core/www/modules/show_out/show_out_wrapper.php?run_id=110202&search_id=114132&scans_id=110198&peptide_id=31501&scanf=39233&charge=2&value=R.LWDMFDSWR.T,PWP2,1.316e+6,2.986,0.004,2.387,0.000
39235,2,"  2.474","  0.515",11/24,/core/www/modules//sdig/index.php?run_id=110202&search_id=114132&scans_id=110198&peptide_id=31503&scanf=39235&charge=2&value=11/24,sp|P51151|RAB9A_HUMAN,/core/www/modules//consensus/?run_id=110202&search_id=114132&scans_id=110198&peptide_id=31503&scanf=39235&charge=2&value=sp|P51151|RAB9A_HUMAN,0,/core/www/modules/match_peptides/blast_html4.php?run_id=110202&search_id=114132&scans_id=110198&peptide_id=31503&scanf=39235&charge=2&value=0,K.EPESFPFVILGNK.I,/core/www/modules/show_out/show_out_wrapper.php?run_id=110202&search_id=114132&scans_id=110198&peptide_id=31503&scanf=39235&charge=2&value=K.EPESFPFVILGNK.I,RAB9A,1.163e+6,2.904,0.005,2.267,0.000
39249,3,"  4.051","  0.607",19/76,/core/www/modules//sdig/index.php?run_id=110202&search_id=114132&scans_id=110198&peptide_id=31517&scanf=39249&charge=3&value=19/76,sp|P17987|TCPA_HUMAN,/core/www/modules//consensus/?run_id=110202&search_id=114132&scans_id=110198&peptide_id=31517&scanf=39249&charge=3&value=sp|P17987|TCPA_HUMAN,5,/core/www/modules/match_peptides/blast_html4.php?run_id=110202&search_id=114132&scans_id=110198&peptide_id=31517&scanf=39249&charge=3&value=5,K.MLVDDIGDVTITNDGATILK.L,/core/www/modules/show_out/show_out_wrapper.php?run_id=110202&search_id=114132&scans_id=110198&peptide_id=31517&scanf=39249&charge=3&value=K.MLVDDIGDVTITNDGATILK.L,TCP1,6.435e+6,3.289,0.001,2.836,0.000
39250,2,"  2.246","  0.382",11/12,/core/www/modules//sdig/index.php?run_id=110202&search_id=114132&scans_id=110198&peptide_id=31519&scanf=39250&charge=2&value=11/12,sp|P04908|H2A1B_HUMAN,/core/www/modules//consensus/?run_id=110202&search_id=114132&scans_id=110198&peptide_id=31519&scanf=39250&charge=2&value=sp|P04908|H2A1B_HUMAN,20,/core/www/modules/match_peptides/blast_html4.php?run_id=110202&search_id=114132&scans_id=110198&peptide_id=31519&scanf=39250&charge=2&value=20,R.HLQLAIR.N,/core/www/modules/show_out/show_out_wrapper.php?run_id=110202&search_id=114132&scans_id=110198&peptide_id=31519&scanf=39250&charge=2&value=R.HLQLAIR.N,H2AC8,4.853e+6,3.583,0.001,3.271,0.000
39255,3,"  6.408","  0.685",23/112,/core/www/modules//sdig/index.php?run_id=110202&search_id=114132&scans_id=110198&peptide_id=31524&scanf=39255&charge=3&value=23/112,sp|P18754|RCC1_HUMAN,/core/www/modules//consensus/?run_id=110202&search_id=114132&scans_id=110198&peptide_id=31524&scanf=39255&charge=3&value=sp|P18754|RCC1_HUMAN,5,/core/www/modules/match_peptides/blast_html4.php?run_id=110202&search_id=114132&scans_id=110198&peptide_id=31524&scanf=39255&charge=3&value=5,R.SHSTEPGLVLTLGQGDVGQLGLGENVMER.K,/core/www/modules/show_out/show_out_wrapper.php?run_id=110202&search_id=114132&scans_id=110198&peptide_id=31524&scanf=39255&charge=3&value=R.SHSTEPGLVLTLGQGDVGQLGLGENVMER.K,RCC1,2.126e+6,3.174,0.002,2.665,0.000
39256,3,"  5.204","  0.455",16/72,/core/www/modules//sdig/index.php?run_id=110202&search_id=114132&scans_id=110198&peptide_id=31525&scanf=39256&charge=3&value=16/72,sp|Q92544|TM9S4_HUMAN,/core/www/modules//consensus/?run_id=110202&search_id=114132&scans_id=110198&peptide_id=31525&scanf=39256&charge=3&value=sp|Q92544|TM9S4_HUMAN,1,/core/www/modules/match_peptides/blast_html4.php?run_id=110202&search_id=114132&scans_id=110198&peptide_id=31525&scanf=39256&charge=3&value=1,R.ITEDYYVHLIADNLPVATR.L,/core/www/modules/show_out/show_out_wrapper.php?run_id=110202&search_id=114132&scans_id=110198&peptide_id=31525&scanf=39256&charge=3&value=R.ITEDYYVHLIADNLPVATR.L,TM9SF4,1.444e+6,2.754,0.009,2.046,0.000
39257,2,"  2.504","  0.353",10/26,/core/www/modules//sdig/index.php?run_id=110202&search_id=114132&scans_id=110198&peptide_id=31526&scanf=39257&charge=2&value=10/26,sp|Q9H8H0|NOL11_HUMAN,/core/www/modules//consensus/?run_id=110202&search_id=114132&scans_id=110198&peptide_id=31526&scanf=39257&charge=2&value=sp|Q9H8H0|NOL11_HUMAN,1,/core/www/modules/match_peptides/blast_html4.php?run_id=110202&search_id=114132&scans_id=110198&peptide_id=31526&scanf=39257&charge=2&value=1,R.ILSVQGTEPLVLFK.E,/core/www/modules/show_out/show_out_wrapper.php?run_id=110202&search_id=114132&scans_id=110198&peptide_id=31526&scanf=39257&charge=2&value=R.ILSVQGTEPLVLFK.E,NOL11,3.031e+6,2.176,0.061,1.212,0.002
39258,2,"  3.414","  0.518",14/30,/core/www/modules//sdig/index.php?run_id=110202&search_id=114132&scans_id=110198&peptide_id=31527&scanf=39258&charge=2&value=14/30,sp|Q15637|SF01_HUMAN,/core/www/modules//consensus/?run_id=110202&search_id=114132&scans_id=110198&peptide_id=31527&scanf=39258&charge=2&value=sp|Q15637|SF01_HUMAN,3,/core/www/modules/match_peptides/blast_html4.php?run_id=110202&search_id=114132&scans_id=110198&peptide_id=31527&scanf=39258&charge=2&value=3,K.TVIPGMPTVIPPGLTR.E,/core/www/modules/show_out/show_out_wrapper.php?run_id=110202&search_id=114132&scans_id=110198&peptide_id=31527&scanf=39258&charge=2&value=K.TVIPGMPTVIPPGLTR.E,SF1,6.322e+6,2.898,0.006,2.257,0.000
39263,3,"  3.930","  0.566",19/52,/core/www/modules//sdig/index.php?run_id=110202&search_id=114132&scans_id=110198&peptide_id=31533&scanf=39263&charge=3&value=19/52,sp|Q14669|TRIPC_HUMAN,/core/www/modules//consensus/?run_id=110202&search_id=114132&scans_id=110198&peptide_id=31533&scanf=39263&charge=3&value=sp|Q14669|TRIPC_HUMAN,3,/core/www/modules/match_peptides/blast_html4.php?run_id=110202&search_id=114132&scans_id=110198&peptide_id=31533&scanf=39263&charge=3&value=3,K.DIPVTIHNLEEYLR.L,/core/www/modules/show_out/show_out_wrapper.php?run_id=110202&search_id=114132&scans_id=110198&peptide_id=31533&scanf=39263&charge=3&value=K.DIPVTIHNLEEYLR.L,TRIP12,1.133e+7,3.583,0.001,3.271,0.000
39265,3,"  3.019","  0.443",13/60,/core/www/modules//sdig/index.php?run_id=110202&search_id=114132&scans_id=110198&peptide_id=31535&scanf=39265&charge=3&value=13/60,sp|P08133|ANXA6_HUMAN,/core/www/modules//consensus/?run_id=110202&search_id=114132&scans_id=110198&peptide_id=31535&scanf=39265&charge=3&value=sp|P08133|ANXA6_HUMAN,2,/core/www/modules/match_peptides/blast_html4.php?run_id=110202&search_id=114132&scans_id=110198&peptide_id=31535&scanf=39265&charge=3&value=2,K.GLGTDEDTIIDIITHR.S,/core/www/modules/show_out/show_out_wrapper.php?run_id=110202&search_id=114132&scans_id=110198&peptide_id=31535&scanf=39265&charge=3&value=K.GLGTDEDTIIDIITHR.S,ANXA6,1.556e+7,2.831,0.007,2.159,0.000
39272,3,"  2.239","  0.444",10/64,/core/www/modules//sdig/index.php?run_id=110202&search_id=114132&scans_id=110198&peptide_id=31542&scanf=39272&charge=3&value=10/64,sp|P53618|COPB_HUMAN,/core/www/modules//consensus/?run_id=110202&search_id=114132&scans_id=110198&peptide_id=31542&scanf=39272&charge=3&value=sp|P53618|COPB_HUMAN,0,/core/www/modules/match_peptides/blast_html4.php?run_id=110202&search_id=114132&scans_id=110198&peptide_id=31542&scanf=39272&charge=3&value=0,K.EDQFQLSLLAAMGNTQR.K,/core/www/modules/show_out/show_out_wrapper.php?run_id=110202&search_id=114132&scans_id=110198&peptide_id=31542&scanf=39272&charge=3&value=K.EDQFQLSLLAAMGNTQR.K,COPB1,1.615e+6,2.554,0.018,1.752,0.000
39273,3,"  2.006","  0.127",12/56,/core/www/modules//sdig/index.php?run_id=110202&search_id=114132&scans_id=110198&peptide_id=31543&scanf=39273&charge=3&value=12/56,sp|O75691|UTP20_HUMAN,/core/www/modules//consensus/?run_id=110202&search_id=114132&scans_id=110198&peptide_id=31543&scanf=39273&charge=3&value=sp|O75691|UTP20_HUMAN,0,/core/www/modules/match_peptides/blast_html4.php?run_id=110202&search_id=114132&scans_id=110198&peptide_id=31543&scanf=39273&charge=3&value=0,K.EELGRPATLLWLIQK.L,/core/www/modules/show_out/show_out_wrapper.php?run_id=110202&search_id=114132&scans_id=110198&peptide_id=31543&scanf=39273&charge=3&value=K.EELGRPATLLWLIQK.L,UTP20,6.125e+5,1.822,0.180,0.746,0.010
39274,3,"  3.952","  0.498",16/64,/core/www/modules//sdig/index.php?run_id=110202&search_id=114132&scans_id=110198&peptide_id=31544&scanf=39274&charge=3&value=16/64,sp|Q9UJZ1|STML2_HUMAN,/core/www/modules//consensus/?run_id=110202&search_id=114132&scans_id=110198&peptide_id=31544&scanf=39274&charge=3&value=sp|Q9UJZ1|STML2_HUMAN,0,/core/www/modules/match_peptides/blast_html4.php?run_id=110202&search_id=114132&scans_id=110198&peptide_id=31544&scanf=39274&charge=3&value=0,R.NTVVLFVPQQEAWVVER.M,/core/www/modules/show_out/show_out_wrapper.php?run_id=110202&search_id=114132&scans_id=110198&peptide_id=31544&scanf=39274&charge=3&value=R.NTVVLFVPQQEAWVVER.M,STOML2,1.409e+6,2.964,0.004,2.355,0.000
39282,2,"  2.567","  0.468",9/22,/core/www/modules//sdig/index.php?run_id=110202&search_id=114132&scans_id=110198&peptide_id=31553&scanf=39282&charge=2&value=9/22,sp|O75691|UTP20_HUMAN,/core/www/modules//consensus/?run_id=110202&search_id=114132&scans_id=110198&peptide_id=31553&scanf=39282&charge=2&value=sp|O75691|UTP20_HUMAN,0,/core/www/modules/match_peptides/blast_html4.php?run_id=110202&search_id=114132&scans_id=110198&peptide_id=31553&scanf=39282&charge=2&value=0,R.NFAAESFTFLMR.K,/core/www/modules/show_out/show_out_wrapper.php?run_id=110202&search_id=114132&scans_id=110198&peptide_id=31553&scanf=39282&charge=2&value=R.NFAAESFTFLMR.K,UTP20,1.536e+6,2.879,0.006,2.230,0.000
39284,2,"  4.049","  0.715",22/38,/core/www/modules//sdig/index.php?run_id=110202&search_id=114132&scans_id=110198&peptide_id=31555&scanf=39284&charge=2&value=22/38,sp|Q8WXX5|DNJC9_HUMAN,/core/www/modules//consensus/?run_id=110202&search_id=114132&scans_id=110198&peptide_id=31555&scanf=39284&charge=2&value=sp|Q8WXX5|DNJC9_HUMAN,0,/core/www/modules/match_peptides/blast_html4.php?run_id=110202&search_id=114132&scans_id=110198&peptide_id=31555&scanf=39284&charge=2&value=0,R.NIIQQAIDAGEVPSYNAFVK.E,/core/www/modules/show_out/show_out_wrapper.php?run_id=110202&search_id=114132&scans_id=110198&peptide_id=31555&scanf=39284&charge=2&value=R.NIIQQAIDAGEVPSYNAFVK.E,DNAJC9,7.765e+5,3.677,0.000,3.410,0.000
39292,2,"  5.199","  0.664",17/38,/core/www/modules//sdig/index.php?run_id=110202&search_id=114132&scans_id=110198&peptide_id=31563&scanf=39292&charge=2&value=17/38,sp|Q07021|C1QBP_HUMAN,/core/www/modules//consensus/?run_id=110202&search_id=114132&scans_id=110198&peptide_id=31563&scanf=39292&charge=2&value=sp|Q07021|C1QBP_HUMAN,2,/core/www/modules/match_peptides/blast_html4.php?run_id=110202&search_id=114132&scans_id=110198&peptide_id=31563&scanf=39292&charge=2&value=2,K.VEEQEPELTSTPNFVVEVIK.N,/core/www/modules/show_out/show_out_wrapper.php?run_id=110202&search_id=114132&scans_id=110198&peptide_id=31563&scanf=39292&charge=2&value=K.VEEQEPELTSTPNFVVEVIK.N,C1QBP,2.486e+6,3.291,0.001,2.839,0.000
39294,4,"  5.093","  0.457",24/132,/core/www/modules//sdig/index.php?run_id=110202&search_id=114132&scans_id=110198&peptide_id=31565&scanf=39294&charge=4&value=24/132,tr|A0A3B3IRQ9|A0A3B3IRQ9_HUMAN,/core/www/modules//consensus/?run_id=110202&search_id=114132&scans_id=110198&peptide_id=31565&scanf=39294&charge=4&value=tr|A0A3B3IRQ9|A0A3B3IRQ9_HUMAN,0,/core/www/modules/match_peptides/blast_html4.php?run_id=110202&search_id=114132&scans_id=110198&peptide_id=31565&scanf=39294&charge=4&value=0,R.MGFTELPLTGSTFHDQIAMLSHR.C,/core/www/modules/show_out/show_out_wrapper.php?run_id=110202&search_id=114132&scans_id=110198&peptide_id=31565&scanf=39294&charge=4&value=R.MGFTELPLTGSTFHDQIAMLSHR.C,ADAR,3.617e+6,3.023,0.004,2.442,0.000
39296,4,"  6.655","  0.680",29/192,/core/www/modules//sdig/index.php?run_id=110202&search_id=114132&scans_id=110198&peptide_id=31567&scanf=39296&charge=4&value=29/192,sp|Q7L2J0|MEPCE_HUMAN,/core/www/modules//consensus/?run_id=110202&search_id=114132&scans_id=110198&peptide_id=31567&scanf=39296&charge=4&value=sp|Q7L2J0|MEPCE_HUMAN,1,/core/www/modules/match_peptides/blast_html4.php?run_id=110202&search_id=114132&scans_id=110198&peptide_id=31567&scanf=39296&charge=4&value=1,R.IQLKPEQFSSYLTSPDVGFSSYELVATPHNTSK.G,/core/www/modules/show_out/show_out_wrapper.php?run_id=110202&search_id=114132&scans_id=110198&peptide_id=31567&scanf=39296&charge=4&value=R.IQLKPEQFSSYLTSPDVGFSSYELVATPHNTSK.G,MEPCE,1.662e+6,3.473,0.001,3.109,0.000
39298,3,"  1.911","  0.278",14/64,/core/www/modules//sdig/index.php?run_id=110202&search_id=114132&scans_id=110198&peptide_id=31569&scanf=39298&charge=3&value=14/64,sp|Q13315|ATM_HUMAN,/core/www/modules//consensus/?run_id=110202&search_id=114132&scans_id=110198&peptide_id=31569&scanf=39298&charge=3&value=sp|Q13315|ATM_HUMAN,0,/core/www/modules/match_peptides/blast_html4.php?run_id=110202&search_id=114132&scans_id=110198&peptide_id=31569&scanf=39298&charge=3&value=0,K.MMGGLGFHEVLNNLISR.I,/core/www/modules/show_out/show_out_wrapper.php?run_id=110202&search_id=114132&scans_id=110198&peptide_id=31569&scanf=39298&charge=3&value=K.MMGGLGFHEVLNNLISR.I,ATM,1.993e+6,2.206,0.056,1.253,0.002
39306,2,"  3.333","  0.694",20/36,/core/www/modules//sdig/index.php?run_id=110202&search_id=114132&scans_id=110198&peptide_id=31578&scanf=39306&charge=2&value=20/36,sp|Q9BW27|NUP85_HUMAN,/core/www/modules//consensus/?run_id=110202&search_id=114132&scans_id=110198&peptide_id=31578&scanf=39306&charge=2&value=sp|Q9BW27|NUP85_HUMAN,3,/core/www/modules/match_peptides/blast_html4.php?run_id=110202&search_id=114132&scans_id=110198&peptide_id=31578&scanf=39306&charge=2&value=3,R.TMPILSPGNTQTLTELELK.W,/core/www/modules/show_out/show_out_wrapper.php?run_id=110202&search_id=114132&scans_id=110198&peptide_id=31578&scanf=39306&charge=2&value=R.TMPILSPGNTQTLTELELK.W,NUP85,5.775e+5,3.512,0.001,3.166,0.000
39308,2,"  3.152","  0.472",14/26,/core/www/modules//sdig/index.php?run_id=110202&search_id=114132&scans_id=110198&peptide_id=31580&scanf=39308&charge=2&value=14/26,sp|P62333|PRS10_HUMAN,/core/www/modules//consensus/?run_id=110202&search_id=114132&scans_id=110198&peptide_id=31580&scanf=39308&charge=2&value=sp|P62333|PRS10_HUMAN,4,/core/www/modules/match_peptides/blast_html4.php?run_id=110202&search_id=114132&scans_id=110198&peptide_id=31580&scanf=39308&charge=2&value=4,K.ALQSVGQIVGEVLK.Q,/core/www/modules/show_out/show_out_wrapper.php?run_id=110202&search_id=114132&scans_id=110198&peptide_id=31580&scanf=39308&charge=2&value=K.ALQSVGQIVGEVLK.Q,PSMC6,2.291e+7,2.954,0.005,2.341,0.000
39309,3,"  3.349","  0.389",12/80,/core/www/modules//sdig/index.php?run_id=110202&search_id=114132&scans_id=110198&peptide_id=31581&scanf=39309&charge=3&value=12/80,sp|Q9Y6X9|MORC2_HUMAN,/core/www/modules//consensus/?run_id=110202&search_id=114132&scans_id=110198&peptide_id=31581&scanf=39309&charge=3&value=sp|Q9Y6X9|MORC2_HUMAN,0,/core/www/modules/match_peptides/blast_html4.php?run_id=110202&search_id=114132&scans_id=110198&peptide_id=31581&scanf=39309&charge=3&value=0,R.TFHEEEGIDEVIVPLPTWNAR.T,/core/www/modules/show_out/show_out_wrapper.php?run_id=110202&search_id=114132&scans_id=110198&peptide_id=31581&scanf=39309&charge=3&value=R.TFHEEEGIDEVIVPLPTWNAR.T,MORC2,7.414e+5,2.133,0.071,1.152,0.002
39310,2,"  1.634","  0.373",8/14,/core/www/modules//sdig/index.php?run_id=110202&search_id=114132&scans_id=110198&peptide_id=31582&scanf=39310&charge=2&value=8/14,sp|Q9Y333|LSM2_HUMAN,/core/www/modules//consensus/?run_id=110202&search_id=114132&scans_id=110198&peptide_id=31582&scanf=39310&charge=2&value=sp|Q9Y333|LSM2_HUMAN,0,/core/www/modules/match_peptides/blast_html4.php?run_id=110202&search_id=114132&scans_id=110198&peptide_id=31582&scanf=39310&charge=2&value=0,-.MLFYSFFK.S,/core/www/modules/show_out/show_out_wrapper.php?run_id=110202&search_id=114132&scans_id=110198&peptide_id=31582&scanf=39310&charge=2&value=-.MLFYSFFK.S,LSM2,1.433e+6,2.769,0.009,2.068,0.000
39316,3,"  3.183","  0.391",14/76,/core/www/modules//sdig/index.php?run_id=110202&search_id=114132&scans_id=110198&peptide_id=31587&scanf=39316&charge=3&value=14/76,sp|Q12888|TP53B_HUMAN,/core/www/modules//consensus/?run_id=110202&search_id=114132&scans_id=110198&peptide_id=31587&scanf=39316&charge=3&value=sp|Q12888|TP53B_HUMAN,2,/core/www/modules/match_peptides/blast_html4.php?run_id=110202&search_id=114132&scans_id=110198&peptide_id=31587&scanf=39316&charge=3&value=2,K.EGDIIPPLTGATPPLIGHLK.L,/core/www/modules/show_out/show_out_wrapper.php?run_id=110202&search_id=114132&scans_id=110198&peptide_id=31587&scanf=39316&charge=3&value=K.EGDIIPPLTGATPPLIGHLK.L,TP53BP1,2.158e+7,2.192,0.058,1.234,0.002
39317,3,"  2.381","  0.264",8/68,/core/www/modules//sdig/index.php?run_id=110202&search_id=114132&scans_id=110198&peptide_id=31588&scanf=39317&charge=3&value=8/68,sp|Q92922|SMRC1_HUMAN,/core/www/modules//consensus/?run_id=110202&search_id=114132&scans_id=110198&peptide_id=31588&scanf=39317&charge=3&value=sp|Q92922|SMRC1_HUMAN,0,/core/www/modules/match_peptides/blast_html4.php?run_id=110202&search_id=114132&scans_id=110198&peptide_id=31588&scanf=39317&charge=3&value=0,K.DMEDPTPVPNIEEVVLPK.N,/core/www/modules/show_out/show_out_wrapper.php?run_id=110202&search_id=114132&scans_id=110198&peptide_id=31588&scanf=39317&charge=3&value=K.DMEDPTPVPNIEEVVLPK.N,SMARCC1,4.571e+6,1.895,0.146,0.836,0.007
39320,4,"  2.232","  0.398",13/108,/core/www/modules//sdig/index.php?run_id=110202&search_id=114132&scans_id=110198&peptide_id=31592&scanf=39320&charge=4&value=13/108,sp|P55201|BRPF1_HUMAN,/core/www/modules//consensus/?run_id=110202&search_id=114132&scans_id=110198&peptide_id=31592&scanf=39320&charge=4&value=sp|P55201|BRPF1_HUMAN,8,/core/www/modules/match_peptides/blast_html4.php?run_id=110202&search_id=114132&scans_id=110198&peptide_id=31592&scanf=39320&charge=4&value=8,R.EGMFHHGVPIPVPPLEVLK.L,/core/www/modules/show_out/show_out_wrapper.php?run_id=110202&search_id=114132&scans_id=110198&peptide_id=31592&scanf=39320&charge=4&value=R.EGMFHHGVPIPVPPLEVLK.L,BRPF1,9.721e+5,2.742,0.009,2.028,0.000
39321,2,"  1.805","  0.396",7/14,/core/www/modules//sdig/index.php?run_id=110202&search_id=114132&scans_id=110198&peptide_id=31593&scanf=39321&charge=2&value=7/14,sp|P62805|H4_HUMAN,/core/www/modules//consensus/?run_id=110202&search_id=114132&scans_id=110198&peptide_id=31593&scanf=39321&charge=2&value=sp|P62805|H4_HUMAN,0,/core/www/modules/match_peptides/blast_html4.php?run_id=110202&search_id=114132&scans_id=110198&peptide_id=31593&scanf=39321&charge=2&value=0,K.VFLENVIR.D,/core/www/modules/show_out/show_out_wrapper.php?run_id=110202&search_id=114132&scans_id=110198&peptide_id=31593&scanf=39321&charge=2&value=K.VFLENVIR.D,H4C16,1.878e+6,2.893,0.006,2.250,0.000
39323,3,"  4.032","  0.535",18/68,/core/www/modules//sdig/index.php?run_id=110202&search_id=114132&scans_id=110198&peptide_id=31595&scanf=39323&charge=3&value=18/68,sp|P35998|PRS7_HUMAN,/core/www/modules//consensus/?run_id=110202&search_id=114132&scans_id=110198&peptide_id=31595&scanf=39323&charge=3&value=sp|P35998|PRS7_HUMAN,2,/core/www/modules/match_peptides/blast_html4.php?run_id=110202&search_id=114132&scans_id=110198&peptide_id=31595&scanf=39323&charge=3&value=2,K.ESDTGLAPPALWDLAADK.Q,/core/www/modules/show_out/show_out_wrapper.php?run_id=110202&search_id=114132&scans_id=110198&peptide_id=31595&scanf=39323&charge=3&value=K.ESDTGLAPPALWDLAADK.Q,PSMC2,1.607e+6,3.078,0.003,2.524,0.000
39326,3,"  3.071","  0.341",10/80,/core/www/modules//sdig/index.php?run_id=110202&search_id=114132&scans_id=110198&peptide_id=31598&scanf=39326&charge=3&value=10/80,sp|Q9UPY3|DICER_HUMAN,/core/www/modules//consensus/?run_id=110202&search_id=114132&scans_id=110198&peptide_id=31598&scanf=39326&charge=3&value=sp|Q9UPY3|DICER_HUMAN,7,/core/www/modules/match_peptides/blast_html4.php?run_id=110202&search_id=114132&scans_id=110198&peptide_id=31598&scanf=39326&charge=3&value=7,R.AHETNLLIATSIVEEGVDIPK.C,/core/www/modules/show_out/show_out_wrapper.php?run_id=110202&search_id=114132&scans_id=110198&peptide_id=31598&scanf=39326&charge=3&value=R.AHETNLLIATSIVEEGVDIPK.C,DICER1,1.909e+6,2.038,0.095,1.023,0.004
39333,3,"  7.615","  0.715",34/100,/core/www/modules//sdig/index.php?run_id=110202&search_id=114132&scans_id=110198&peptide_id=31605&scanf=39333&charge=3&value=34/100,sp|P39023|RL3_HUMAN,/core/www/modules//consensus/?run_id=110202&search_id=114132&scans_id=110198&peptide_id=31605&scanf=39333&charge=3&value=sp|P39023|RL3_HUMAN,4,/core/www/modules/match_peptides/blast_html4.php?run_id=110202&search_id=114132&scans_id=110198&peptide_id=31605&scanf=39333&charge=3&value=4,R.ERLEQQVPVNQVFGQDEMIDVIGVTK.G,/core/www/modules/show_out/show_out_wrapper.php?run_id=110202&search_id=114132&scans_id=110198&peptide_id=31605&scanf=39333&charge=3&value=R.ERLEQQVPVNQVFGQDEMIDVIGVTK.G,RPL3,3.371e+7,3.547,0.001,3.218,0.000
39335,3,"  5.053","  0.705",25/68,/core/www/modules//sdig/index.php?run_id=110202&search_id=114132&scans_id=110198&peptide_id=31607&scanf=39335&charge=3&value=25/68,sp|Q08211|DHX9_HUMAN,/core/www/modules//consensus/?run_id=110202&search_id=114132&scans_id=110198&peptide_id=31607&scanf=39335&charge=3&value=sp|Q08211|DHX9_HUMAN,0,/core/www/modules/match_peptides/blast_html4.php?run_id=110202&search_id=114132&scans_id=110198&peptide_id=31607&scanf=39335&charge=3&value=0,K.AIEPPPLDAVIEAEHTLR.E,/core/www/modules/show_out/show_out_wrapper.php?run_id=110202&search_id=114132&scans_id=110198&peptide_id=31607&scanf=39335&charge=3&value=K.AIEPPPLDAVIEAEHTLR.E,DHX9,3.970e+8,4.183,0.000,4.161,0.000
39336,2,"  4.124","  0.612",16/24,/core/www/modules//sdig/index.php?run_id=110202&search_id=114132&scans_id=110198&peptide_id=31608&scanf=39336&charge=2&value=16/24,sp|Q9NU22|MDN1_HUMAN,/core/www/modules//consensus/?run_id=110202&search_id=114132&scans_id=110198&peptide_id=31608&scanf=39336&charge=2&value=sp|Q9NU22|MDN1_HUMAN,0,/core/www/modules/match_peptides/blast_html4.php?run_id=110202&search_id=114132&scans_id=110198&peptide_id=31608&scanf=39336&charge=2&value=0,R.EAFEELFAQTFSK.K,/core/www/modules/show_out/show_out_wrapper.php?run_id=110202&search_id=114132&scans_id=110198&peptide_id=31608&scanf=39336&charge=2&value=R.EAFEELFAQTFSK.K,MDN1,4.161e+6,3.904,0.000,3.748,0.000
39338,3,"  5.969","  0.525",22/108,/core/www/modules//sdig/index.php?run_id=110202&search_id=114132&scans_id=110198&peptide_id=31610&scanf=39338&charge=3&value=22/108,sp|Q13098|CSN1_HUMAN,/core/www/modules//consensus/?run_id=110202&search_id=114132&scans_id=110198&peptide_id=31610&scanf=39338&charge=3&value=sp|Q13098|CSN1_HUMAN,9,/core/www/modules/match_peptides/blast_html4.php?run_id=110202&search_id=114132&scans_id=110198&peptide_id=31610&scanf=39338&charge=3&value=9,R.ELQNAPDAIPESGVEPPALDTAWVEATR.K,/core/www/modules/show_out/show_out_wrapper.php?run_id=110202&search_id=114132&scans_id=110198&peptide_id=31610&scanf=39338&charge=3&value=R.ELQNAPDAIPESGVEPPALDTAWVEATR.K,GPS1,1.283e+6,2.726,0.010,2.004,0.000
39340,3,"  3.628","  0.552",18/68,/core/www/modules//sdig/index.php?run_id=110202&search_id=114132&scans_id=110198&peptide_id=31613&scanf=39340&charge=3&value=18/68,sp|P35998|PRS7_HUMAN,/core/www/modules//consensus/?run_id=110202&search_id=114132&scans_id=110198&peptide_id=31613&scanf=39340&charge=3&value=sp|P35998|PRS7_HUMAN,2,/core/www/modules/match_peptides/blast_html4.php?run_id=110202&search_id=114132&scans_id=110198&peptide_id=31613&scanf=39340&charge=3&value=2,K.ESDTGLAPPALWDLAADK.Q,/core/www/modules/show_out/show_out_wrapper.php?run_id=110202&search_id=114132&scans_id=110198&peptide_id=31613&scanf=39340&charge=3&value=K.ESDTGLAPPALWDLAADK.Q,PSMC2,1.607e+6,3.220,0.002,2.734,0.000
39342,3,"  5.766","  0.605",21/88,/core/www/modules//sdig/index.php?run_id=110202&search_id=114132&scans_id=110198&peptide_id=31615&scanf=39342&charge=3&value=21/88,sp|Q14697|GANAB_HUMAN,/core/www/modules//consensus/?run_id=110202&search_id=114132&scans_id=110198&peptide_id=31615&scanf=39342&charge=3&value=sp|Q14697|GANAB_HUMAN,2,/core/www/modules/match_peptides/blast_html4.php?run_id=110202&search_id=114132&scans_id=110198&peptide_id=31615&scanf=39342&charge=3&value=2,R.QYASLTGTQALPPLFSLGYHQSR.W,/core/www/modules/show_out/show_out_wrapper.php?run_id=110202&search_id=114132&scans_id=110198&peptide_id=31615&scanf=39342&charge=3&value=R.QYASLTGTQALPPLFSLGYHQSR.W,GANAB,1.338e+6,3.283,0.001,2.827,0.000
39343,2,"  3.393","  0.619",16/32,/core/www/modules//sdig/index.php?run_id=110202&search_id=114132&scans_id=110198&peptide_id=31616&scanf=39343&charge=2&value=16/32,sp|Q9NR30|DDX21_HUMAN,/core/www/modules//consensus/?run_id=110202&search_id=114132&scans_id=110198&peptide_id=31616&scanf=39343&charge=2&value=sp|Q9NR30|DDX21_HUMAN,2,/core/www/modules/match_peptides/blast_html4.php?run_id=110202&search_id=114132&scans_id=110198&peptide_id=31616&scanf=39343&charge=2&value=2,R.GLDIPEVDLVIQSSPPK.D,/core/www/modules/show_out/show_out_wrapper.php?run_id=110202&search_id=114132&scans_id=110198&peptide_id=31616&scanf=39343&charge=2&value=R.GLDIPEVDLVIQSSPPK.D,DDX21,1.711e+7,3.382,0.001,2.974,0.000
39344,3,"  4.089","  0.546",14/68,/core/www/modules//sdig/index.php?run_id=110202&search_id=114132&scans_id=110198&peptide_id=31617&scanf=39344&charge=3&value=14/68,sp|P31483|TIA1_HUMAN,/core/www/modules//consensus/?run_id=110202&search_id=114132&scans_id=110198&peptide_id=31617&scanf=39344&charge=3&value=sp|P31483|TIA1_HUMAN,2,/core/www/modules/match_peptides/blast_html4.php?run_id=110202&search_id=114132&scans_id=110198&peptide_id=31617&scanf=39344&charge=3&value=2,K.WDAENAIQQMGGQWLGGR.Q,/core/www/modules/show_out/show_out_wrapper.php?run_id=110202&search_id=114132&scans_id=110198&peptide_id=31617&scanf=39344&charge=3&value=K.WDAENAIQQMGGQWLGGR.Q,TIA1,1.837e+6,3.082,0.003,2.530,0.000
39347,2,"  2.789","  0.044",12/22,/core/www/modules//sdig/index.php?run_id=110202&search_id=114132&scans_id=110198&peptide_id=31620&scanf=39347&charge=2&value=12/22,sp|P61978|HNRPK_HUMAN,/core/www/modules//consensus/?run_id=110202&search_id=114132&scans_id=110198&peptide_id=31620&scanf=39347&charge=2&value=sp|P61978|HNRPK_HUMAN,1,/core/www/modules/match_peptides/blast_html4.php?run_id=110202&search_id=114132&scans_id=110198&peptide_id=31620&scanf=39347&charge=2&value=1,K.IILDLISESPIK.G,/core/www/modules/show_out/show_out_wrapper.php?run_id=110202&search_id=114132&scans_id=110198&peptide_id=31620&scanf=39347&charge=2&value=K.IILDLISESPIK.G,HNRNPK,4.332e+8,1.831,0.175,0.756,0.010
39348,2,"  1.202","  0.107",11/16,/core/www/modules//sdig/index.php?run_id=110202&search_id=114132&scans_id=110198&peptide_id=31621&scanf=39348&charge=2&value=11/16,sp|P78527|PRKDC_HUMAN,/core/www/modules//consensus/?run_id=110202&search_id=114132&scans_id=110198&peptide_id=31621&scanf=39348&charge=2&value=sp|P78527|PRKDC_HUMAN,1,/core/www/modules/match_peptides/blast_html4.php?run_id=110202&search_id=114132&scans_id=110198&peptide_id=31621&scanf=39348&charge=2&value=1,K.IPALDLLIK.L,/core/www/modules/show_out/show_out_wrapper.php?run_id=110202&search_id=114132&scans_id=110198&peptide_id=31621&scanf=39348&charge=2&value=K.IPALDLLIK.L,PRKDC,5.945e+7,2.851,0.006,2.189,0.000
39349,2,"  1.617","  0.271",9/24,/core/www/modules//sdig/index.php?run_id=110202&search_id=114132&scans_id=110198&peptide_id=31622&scanf=39349&charge=2&value=9/24,sp|P60059|SC61G_HUMAN,/core/www/modules//consensus/?run_id=110202&search_id=114132&scans_id=110198&peptide_id=31622&scanf=39349&charge=2&value=sp|P60059|SC61G_HUMAN,0,/core/www/modules/match_peptides/blast_html4.php?run_id=110202&search_id=114132&scans_id=110198&peptide_id=31622&scanf=39349&charge=2&value=0,K.LIHIPINNIIVGG.-,/core/www/modules/show_out/show_out_wrapper.php?run_id=110202&search_id=114132&scans_id=110198&peptide_id=31622&scanf=39349&charge=2&value=K.LIHIPINNIIVGG.-,SEC61G,1.890e+6,1.952,0.123,0.909,0.006
39350,3,"  3.570","  0.468",13/72,/core/www/modules//sdig/index.php?run_id=110202&search_id=114132&scans_id=110198&peptide_id=31624&scanf=39350&charge=3&value=13/72,sp|P30419|NMT1_HUMAN,/core/www/modules//consensus/?run_id=110202&search_id=114132&scans_id=110198&peptide_id=31624&scanf=39350&charge=3&value=sp|P30419|NMT1_HUMAN,3,/core/www/modules/match_peptides/blast_html4.php?run_id=110202&search_id=114132&scans_id=110198&peptide_id=31624&scanf=39350&charge=3&value=3,K.LVGFISAIPANIHIYDTEK.K,/core/www/modules/show_out/show_out_wrapper.php?run_id=110202&search_id=114132&scans_id=110198&peptide_id=31624&scanf=39350&charge=3&value=K.LVGFISAIPANIHIYDTEK.K,NMT1,8.527e+5,2.662,0.012,1.910,0.000
39356,3,"  4.557","  0.550",19/100,/core/www/modules//sdig/index.php?run_id=110202&search_id=114132&scans_id=110198&peptide_id=31629&scanf=39356&charge=3&value=19/100,sp|Q9Y5Q9|TF3C3_HUMAN,/core/www/modules//consensus/?run_id=110202&search_id=114132&scans_id=110198&peptide_id=31629&scanf=39356&charge=3&value=sp|Q9Y5Q9|TF3C3_HUMAN,2,/core/www/modules/match_peptides/blast_html4.php?run_id=110202&search_id=114132&scans_id=110198&peptide_id=31629&scanf=39356&charge=3&value=2,K.ALEALEPMYDPDTLAQDANAAQQELK.L,/core/www/modules/show_out/show_out_wrapper.php?run_id=110202&search_id=114132&scans_id=110198&peptide_id=31629&scanf=39356&charge=3&value=K.ALEALEPMYDPDTLAQDANAAQQELK.L,GTF3C3,2.470e+6,2.780,0.008,2.083,0.000
39357,3,"  5.056","  0.640",18/84,/core/www/modules//sdig/index.php?run_id=110202&search_id=114132&scans_id=110198&peptide_id=31630&scanf=39357&charge=3&value=18/84,sp|P26368|U2AF2_HUMAN,/core/www/modules//consensus/?run_id=110202&search_id=114132&scans_id=110198&peptide_id=31630&scanf=39357&charge=3&value=sp|P26368|U2AF2_HUMAN,0,/core/www/modules/match_peptides/blast_html4.php?run_id=110202&search_id=114132&scans_id=110198&peptide_id=31630&scanf=39357&charge=3&value=0,R.SVDETTQAMAFDGIIFQGQSLK.I,/core/www/modules/show_out/show_out_wrapper.php?run_id=110202&search_id=114132&scans_id=110198&peptide_id=31630&scanf=39357&charge=3&value=R.SVDETTQAMAFDGIIFQGQSLK.I,U2AF2,2.054e+7,3.239,0.002,2.762,0.000
39359,3,"  3.591","  0.483",16/80,/core/www/modules//sdig/index.php?run_id=110202&search_id=114132&scans_id=110198&peptide_id=31632&scanf=39359&charge=3&value=16/80,sp|Q96JC1|VPS39_HUMAN,/core/www/modules//consensus/?run_id=110202&search_id=114132&scans_id=110198&peptide_id=31632&scanf=39359&charge=3&value=sp|Q96JC1|VPS39_HUMAN,0,/core/www/modules/match_peptides/blast_html4.php?run_id=110202&search_id=114132&scans_id=110198&peptide_id=31632&scanf=39359&charge=3&value=0,K.LGTDPTHVMGLYPDLLPTDYR.K,/core/www/modules/show_out/show_out_wrapper.php?run_id=110202&search_id=114132&scans_id=110198&peptide_id=31632&scanf=39359&charge=3&value=K.LGTDPTHVMGLYPDLLPTDYR.K,VPS39,1.848e+6,2.682,0.012,1.939,0.000
39362,3,"  3.002","  0.522",14/80,/core/www/modules//sdig/index.php?run_id=110202&search_id=114132&scans_id=110198&peptide_id=31636&scanf=39362&charge=3&value=14/80,sp|P34897|GLYM_HUMAN,/core/www/modules//consensus/?run_id=110202&search_id=114132&scans_id=110198&peptide_id=31636&scanf=39362&charge=3&value=sp|P34897|GLYM_HUMAN,11,/core/www/modules/match_peptides/blast_html4.php?run_id=110202&search_id=114132&scans_id=110198&peptide_id=31636&scanf=39362&charge=3&value=11,R.GWTGQESLSDSDPEMWELLQR.E,/core/www/modules/show_out/show_out_wrapper.php?run_id=110202&search_id=114132&scans_id=110198&peptide_id=31636&scanf=39362&charge=3&value=R.GWTGQESLSDSDPEMWELLQR.E,SHMT2,2.056e+6,2.804,0.008,2.119,0.000
39364,3,"  3.188","  0.587",18/52,/core/www/modules//sdig/index.php?run_id=110202&search_id=114132&scans_id=110198&peptide_id=31638&scanf=39364&charge=3&value=18/52,sp|A6NNZ2|TBB8B_HUMAN,/core/www/modules//consensus/?run_id=110202&search_id=114132&scans_id=110198&peptide_id=31638&scanf=39364&charge=3&value=sp|A6NNZ2|TBB8B_HUMAN,12,/core/www/modules/match_peptides/blast_html4.php?run_id=110202&search_id=114132&scans_id=110198&peptide_id=31638&scanf=39364&charge=3&value=12,R.LHFFMPGFAPLTSR.G,/core/www/modules/show_out/show_out_wrapper.php?run_id=110202&search_id=114132&scans_id=110198&peptide_id=31638&scanf=39364&charge=3&value=R.LHFFMPGFAPLTSR.G,TUBB8B,7.017e+7,3.515,0.001,3.170,0.000
39366,2,"  1.896","  0.429",8/18,/core/www/modules//sdig/index.php?run_id=110202&search_id=114132&scans_id=110198&peptide_id=31640&scanf=39366&charge=2&value=8/18,sp|Q52M93|Z585B_HUMAN,/core/www/modules//consensus/?run_id=110202&search_id=114132&scans_id=110198&peptide_id=31640&scanf=39366&charge=2&value=sp|Q52M93|Z585B_HUMAN,2,/core/www/modules/match_peptides/blast_html4.php?run_id=110202&search_id=114132&scans_id=110198&peptide_id=31640&scanf=39366&charge=2&value=2,K.SFFQVSSLFR.H,/core/www/modules/show_out/show_out_wrapper.php?run_id=110202&search_id=114132&scans_id=110198&peptide_id=31640&scanf=39366&charge=2&value=K.SFFQVSSLFR.H,ZNF585B,1.260e+6,2.449,0.025,1.600,0.001
39369,3,"  3.136","  0.567",16/52,/core/www/modules//sdig/index.php?run_id=110202&search_id=114132&scans_id=110198&peptide_id=31643&scanf=39369&charge=3&value=16/52,sp|Q13418|ILK_HUMAN,/core/www/modules//consensus/?run_id=110202&search_id=114132&scans_id=110198&peptide_id=31643&scanf=39369&charge=3&value=sp|Q13418|ILK_HUMAN,1,/core/www/modules/match_peptides/blast_html4.php?run_id=110202&search_id=114132&scans_id=110198&peptide_id=31643&scanf=39369&charge=3&value=1,R.GMAFLHTLEPLIPR.H,/core/www/modules/show_out/show_out_wrapper.php?run_id=110202&search_id=114132&scans_id=110198&peptide_id=31643&scanf=39369&charge=3&value=R.GMAFLHTLEPLIPR.H,ILK,2.587e+6,3.356,0.001,2.935,0.000
39371,2,"  2.295","  0.467",11/20,/core/www/modules//sdig/index.php?run_id=110202&search_id=114132&scans_id=110198&peptide_id=31646&scanf=39371&charge=2&value=11/20,sp|P11388|TOP2A_HUMAN,/core/www/modules//consensus/?run_id=110202&search_id=114132&scans_id=110198&peptide_id=31646&scanf=39371&charge=2&value=sp|P11388|TOP2A_HUMAN,0,/core/www/modules/match_peptides/blast_html4.php?run_id=110202&search_id=114132&scans_id=110198&peptide_id=31646&scanf=39371&charge=2&value=0,R.FLEEFITPIVK.V,/core/www/modules/show_out/show_out_wrapper.php?run_id=110202&search_id=114132&scans_id=110198&peptide_id=31646&scanf=39371&charge=2&value=R.FLEEFITPIVK.V,TOP2A,1.588e+7,3.119,0.003,2.584,0.000
39372,2,"  2.354","  0.456",11/26,/core/www/modules//sdig/index.php?run_id=110202&search_id=114132&scans_id=110198&peptide_id=31647&scanf=39372&charge=2&value=11/26,sp|Q14738|2A5D_HUMAN,/core/www/modules//consensus/?run_id=110202&search_id=114132&scans_id=110198&peptide_id=31647&scanf=39372&charge=2&value=sp|Q14738|2A5D_HUMAN,1,/core/www/modules/match_peptides/blast_html4.php?run_id=110202&search_id=114132&scans_id=110198&peptide_id=31647&scanf=39372&charge=2&value=1,K.ESSLTEPVIVGLLK.F,/core/www/modules/show_out/show_out_wrapper.php?run_id=110202&search_id=114132&scans_id=110198&peptide_id=31647&scanf=39372&charge=2&value=K.ESSLTEPVIVGLLK.F,PPP2R5D,1.279e+6,2.625,0.014,1.856,0.000
39375,2,"  2.765","  0.505",13/22,/core/www/modules//sdig/index.php?run_id=110202&search_id=114132&scans_id=110198&peptide_id=31649&scanf=39375&charge=2&value=13/22,sp|Q02880|TOP2B_HUMAN,/core/www/modules//consensus/?run_id=110202&search_id=114132&scans_id=110198&peptide_id=31649&scanf=39375&charge=2&value=sp|Q02880|TOP2B_HUMAN,4,/core/www/modules/match_peptides/blast_html4.php?run_id=110202&search_id=114132&scans_id=110198&peptide_id=31649&scanf=39375&charge=2&value=4,R.LLFPAVDDNLLK.F,/core/www/modules/show_out/show_out_wrapper.php?run_id=110202&search_id=114132&scans_id=110198&peptide_id=31649&scanf=39375&charge=2&value=R.LLFPAVDDNLLK.F,TOP2B,4.245e+7,3.201,0.002,2.705,0.000
39376,2,"  3.103","  0.611",13/24,/core/www/modules//sdig/index.php?run_id=110202&search_id=114132&scans_id=110198&peptide_id=31650&scanf=39376&charge=2&value=13/24,sp|P52701|MSH6_HUMAN,/core/www/modules//consensus/?run_id=110202&search_id=114132&scans_id=110198&peptide_id=31650&scanf=39376&charge=2&value=sp|P52701|MSH6_HUMAN,3,/core/www/modules/match_peptides/blast_html4.php?run_id=110202&search_id=114132&scans_id=110198&peptide_id=31650&scanf=39376&charge=2&value=3,K.IIGIMEEVADGFK.S,/core/www/modules/show_out/show_out_wrapper.php?run_id=110202&search_id=114132&scans_id=110198&peptide_id=31650&scanf=39376&charge=2&value=K.IIGIMEEVADGFK.S,MSH6,4.842e+6,3.486,0.001,3.127,0.000
39377,2,"  3.621","  0.618",16/30,/core/www/modules//sdig/index.php?run_id=110202&search_id=114132&scans_id=110198&peptide_id=31651&scanf=39377&charge=2&value=16/30,sp|Q9ULV4|COR1C_HUMAN,/core/www/modules//consensus/?run_id=110202&search_id=114132&scans_id=110198&peptide_id=31651&scanf=39377&charge=2&value=sp|Q9ULV4|COR1C_HUMAN,1,/core/www/modules/match_peptides/blast_html4.php?run_id=110202&search_id=114132&scans_id=110198&peptide_id=31651&scanf=39377&charge=2&value=1,R.AIFLADGNVFTTGFSR.M,/core/www/modules/show_out/show_out_wrapper.php?run_id=110202&search_id=114132&scans_id=110198&peptide_id=31651&scanf=39377&charge=2&value=R.AIFLADGNVFTTGFSR.M,CORO1C,1.773e+7,3.309,0.001,2.865,0.000
39379,2,"  2.620","  0.274",10/24,/core/www/modules//sdig/index.php?run_id=110202&search_id=114132&scans_id=110198&peptide_id=31653&scanf=39379&charge=2&value=10/24,sp|P26038|MOES_HUMAN,/core/www/modules//consensus/?run_id=110202&search_id=114132&scans_id=110198&peptide_id=31653&scanf=39379&charge=2&value=sp|P26038|MOES_HUMAN,2,/core/www/modules/match_peptides/blast_html4.php?run_id=110202&search_id=114132&scans_id=110198&peptide_id=31653&scanf=39379&charge=2&value=2,R.EVWFFGLQYQDTK.G,/core/www/modules/show_out/show_out_wrapper.php?run_id=110202&search_id=114132&scans_id=110198&peptide_id=31653&scanf=39379&charge=2&value=R.EVWFFGLQYQDTK.G,MSN,4.271e+6,1.835,0.173,0.762,0.009
39380,2,"  2.634","  0.221",6/22,/core/www/modules//sdig/index.php?run_id=110202&search_id=114132&scans_id=110198&peptide_id=31655&scanf=39380&charge=2&value=6/22,sp|P61978|HNRPK_HUMAN,/core/www/modules//consensus/?run_id=110202&search_id=114132&scans_id=110198&peptide_id=31655&scanf=39380&charge=2&value=sp|P61978|HNRPK_HUMAN,1,/core/www/modules/match_peptides/blast_html4.php?run_id=110202&search_id=114132&scans_id=110198&peptide_id=31655&scanf=39380&charge=2&value=1,K.IILDLISESPIK.G,/core/www/modules/show_out/show_out_wrapper.php?run_id=110202&search_id=114132&scans_id=110198&peptide_id=31655&scanf=39380&charge=2&value=K.IILDLISESPIK.G,HNRNPK,4.332e+8,2.005,0.105,0.979,0.005
39381,3,"  4.753","  0.634",13/80,/core/www/modules//sdig/index.php?run_id=110202&search_id=114132&scans_id=110198&peptide_id=31656&scanf=39381&charge=3&value=13/80,sp|P34897|GLYM_HUMAN,/core/www/modules//consensus/?run_id=110202&search_id=114132&scans_id=110198&peptide_id=31656&scanf=39381&charge=3&value=sp|P34897|GLYM_HUMAN,11,/core/www/modules/match_peptides/blast_html4.php?run_id=110202&search_id=114132&scans_id=110198&peptide_id=31656&scanf=39381&charge=3&value=11,R.GWTGQESLSDSDPEMWELLQR.E,/core/www/modules/show_out/show_out_wrapper.php?run_id=110202&search_id=114132&scans_id=110198&peptide_id=31656&scanf=39381&charge=3&value=R.GWTGQESLSDSDPEMWELLQR.E,SHMT2,2.056e+6,3.244,0.002,2.768,0.000
39382,2,"  3.929","  0.666",18/30,/core/www/modules//sdig/index.php?run_id=110202&search_id=114132&scans_id=110198&peptide_id=31657&scanf=39382&charge=2&value=18/30,sp|Q9BVP2|GNL3_HUMAN,/core/www/modules//consensus/?run_id=110202&search_id=114132&scans_id=110198&peptide_id=31657&scanf=39382&charge=2&value=sp|Q9BVP2|GNL3_HUMAN,0,/core/www/modules/match_peptides/blast_html4.php?run_id=110202&search_id=114132&scans_id=110198&peptide_id=31657&scanf=39382&charge=2&value=0,K.KVIEASDVVLEVLDAR.D,/core/www/modules/show_out/show_out_wrapper.php?run_id=110202&search_id=114132&scans_id=110198&peptide_id=31657&scanf=39382&charge=2&value=K.KVIEASDVVLEVLDAR.D,GNL3,2.260e+6,3.322,0.001,2.885,0.000
39388,2,"  1.777","  0.358",10/18,/core/www/modules//sdig/index.php?run_id=110202&search_id=114132&scans_id=110198&peptide_id=31663&scanf=39388&charge=2&value=10/18,sp|Q9BY42|RTF2_HUMAN,/core/www/modules//consensus/?run_id=110202&search_id=114132&scans_id=110198&peptide_id=31663&scanf=39388&charge=2&value=sp|Q9BY42|RTF2_HUMAN,3,/core/www/modules/match_peptides/blast_html4.php?run_id=110202&search_id=114132&scans_id=110198&peptide_id=31663&scanf=39388&charge=2&value=3,K.DAVIEFLLDK.S,/core/www/modules/show_out/show_out_wrapper.php?run_id=110202&search_id=114132&scans_id=110198&peptide_id=31663&scanf=39388&charge=2&value=K.DAVIEFLLDK.S,RTF2,1.769e+6,2.640,0.013,1.878,0.000
39389,2,"  3.483","  0.467",10/26,/core/www/modules//sdig/index.php?run_id=110202&search_id=114132&scans_id=110198&peptide_id=31664&scanf=39389&charge=2&value=10/26,sp|P52701|MSH6_HUMAN,/core/www/modules//consensus/?run_id=110202&search_id=114132&scans_id=110198&peptide_id=31664&scanf=39389&charge=2&value=sp|P52701|MSH6_HUMAN,3,/core/www/modules/match_peptides/blast_html4.php?run_id=110202&search_id=114132&scans_id=110198&peptide_id=31664&scanf=39389&charge=2&value=3,K.LSDGIGVMLPQVLK.G,/core/www/modules/show_out/show_out_wrapper.php?run_id=110202&search_id=114132&scans_id=110198&peptide_id=31664&scanf=39389&charge=2&value=K.LSDGIGVMLPQVLK.G,MSH6,6.327e+6,2.750,0.009,2.039,0.000
39390,3,"  4.228","  0.605",19/76,/core/www/modules//sdig/index.php?run_id=110202&search_id=114132&scans_id=110198&peptide_id=31666&scanf=39390&charge=3&value=19/76,sp|Q08211|DHX9_HUMAN,/core/www/modules//consensus/?run_id=110202&search_id=114132&scans_id=110198&peptide_id=31666&scanf=39390&charge=3&value=sp|Q08211|DHX9_HUMAN,0,/core/www/modules/match_peptides/blast_html4.php?run_id=110202&search_id=114132&scans_id=110198&peptide_id=31666&scanf=39390&charge=3&value=0,K.NELMYQLEQDHDLQAILQER.E,/core/www/modules/show_out/show_out_wrapper.php?run_id=110202&search_id=114132&scans_id=110198&peptide_id=31666&scanf=39390&charge=3&value=K.NELMYQLEQDHDLQAILQER.E,DHX9,1.240e+8,3.616,0.000,3.320,0.000
39392,2,"  2.556","  0.354",7/26,/core/www/modules//sdig/index.php?run_id=110202&search_id=114132&scans_id=110198&peptide_id=31668&scanf=39392&charge=2&value=7/26,sp|Q6GYQ0|RGPA1_HUMAN,/core/www/modules//consensus/?run_id=110202&search_id=114132&scans_id=110198&peptide_id=31668&scanf=39392&charge=2&value=sp|Q6GYQ0|RGPA1_HUMAN,3,/core/www/modules/match_peptides/blast_html4.php?run_id=110202&search_id=114132&scans_id=110198&peptide_id=31668&scanf=39392&charge=2&value=3,R.NLYSLDLSDLPLDK.L,/core/www/modules/show_out/show_out_wrapper.php?run_id=110202&search_id=114132&scans_id=110198&peptide_id=31668&scanf=39392&charge=2&value=R.NLYSLDLSDLPLDK.L,RALGAPA1,9.538e+5,2.112,0.075,1.123,0.002
39394,3,"  8.067","  0.756",29/104,/core/www/modules//sdig/index.php?run_id=110202&search_id=114132&scans_id=110198&peptide_id=31670&scanf=39394&charge=3&value=29/104,sp|P49750|YLPM1_HUMAN,/core/www/modules//consensus/?run_id=110202&search_id=114132&scans_id=110198&peptide_id=31670&scanf=39394&charge=3&value=sp|P49750|YLPM1_HUMAN,4,/core/www/modules/match_peptides/blast_html4.php?run_id=110202&search_id=114132&scans_id=110198&peptide_id=31670&scanf=39394&charge=3&value=4,R.SLLQDAAIEEVEMEDFDANIEEQKEEK.K,/core/www/modules/show_out/show_out_wrapper.php?run_id=110202&search_id=114132&scans_id=110198&peptide_id=31670&scanf=39394&charge=3&value=R.SLLQDAAIEEVEMEDFDANIEEQKEEK.K,YLPM1,1.324e+6,3.490,0.001,3.133,0.000
39396,2,"  2.087","  0.566",8/16,/core/www/modules//sdig/index.php?run_id=110202&search_id=114132&scans_id=110198&peptide_id=31671&scanf=39396&charge=2&value=8/16,sp|Q8NBS9|TXND5_HUMAN,/core/www/modules//consensus/?run_id=110202&search_id=114132&scans_id=110198&peptide_id=31671&scanf=39396&charge=2&value=sp|Q8NBS9|TXND5_HUMAN,0,/core/www/modules/match_peptides/blast_html4.php?run_id=110202&search_id=114132&scans_id=110198&peptide_id=31671&scanf=39396&charge=2&value=0,R.GYPTLLWFR.D,/core/www/modules/show_out/show_out_wrapper.php?run_id=110202&search_id=114132&scans_id=110198&peptide_id=31671&scanf=39396&charge=2&value=R.GYPTLLWFR.D,TXNDC5,2.966e+6,3.295,0.001,2.844,0.000
39397,2,"  4.021","  0.649",16/28,/core/www/modules//sdig/index.php?run_id=110202&search_id=114132&scans_id=110198&peptide_id=31672&scanf=39397&charge=2&value=16/28,sp|P26196|DDX6_HUMAN,/core/www/modules//consensus/?run_id=110202&search_id=114132&scans_id=110198&peptide_id=31672&scanf=39397&charge=2&value=sp|P26196|DDX6_HUMAN,0,/core/www/modules/match_peptides/blast_html4.php?run_id=110202&search_id=114132&scans_id=110198&peptide_id=31672&scanf=39397&charge=2&value=0,R.QILLYSATFPLSVQK.F,/core/www/modules/show_out/show_out_wrapper.php?run_id=110202&search_id=114132&scans_id=110198&peptide_id=31672&scanf=39397&charge=2&value=R.QILLYSATFPLSVQK.F,DDX6,1.655e+6,3.612,0.000,3.314,0.000
39398,2,"  1.669","  0.408",8/14,/core/www/modules//sdig/index.php?run_id=110202&search_id=114132&scans_id=110198&peptide_id=31673&scanf=39398&charge=2&value=8/14,sp|Q96MG7|NSE3_HUMAN,/core/www/modules//consensus/?run_id=110202&search_id=114132&scans_id=110198&peptide_id=31673&scanf=39398&charge=2&value=sp|Q96MG7|NSE3_HUMAN,0,/core/www/modules/match_peptides/blast_html4.php?run_id=110202&search_id=114132&scans_id=110198&peptide_id=31673&scanf=39398&charge=2&value=0,K.DIFPDLFK.R,/core/www/modules/show_out/show_out_wrapper.php?run_id=110202&search_id=114132&scans_id=110198&peptide_id=31673&scanf=39398&charge=2&value=K.DIFPDLFK.R,NSMCE3,2.769e+6,2.901,0.005,2.261,0.000
39399,3,"  2.286","  0.323",11/52,/core/www/modules//sdig/index.php?run_id=110202&search_id=114132&scans_id=110198&peptide_id=31674&scanf=39399&charge=3&value=11/52,sp|Q13098|CSN1_HUMAN,/core/www/modules//consensus/?run_id=110202&search_id=114132&scans_id=110198&peptide_id=31674&scanf=39399&charge=3&value=sp|Q13098|CSN1_HUMAN,4,/core/www/modules/match_peptides/blast_html4.php?run_id=110202&search_id=114132&scans_id=110198&peptide_id=31674&scanf=39399&charge=3&value=4,K.DNLLLDMYLAPHVR.T,/core/www/modules/show_out/show_out_wrapper.php?run_id=110202&search_id=114132&scans_id=110198&peptide_id=31674&scanf=39399&charge=3&value=K.DNLLLDMYLAPHVR.T,GPS1,2.294e+6,2.330,0.037,1.429,0.001
39401,2,"  3.243","  0.648",13/24,/core/www/modules//sdig/index.php?run_id=110202&search_id=114132&scans_id=110198&peptide_id=31677&scanf=39401&charge=2&value=13/24,sp|Q9BYG3|MK67I_HUMAN,/core/www/modules//consensus/?run_id=110202&search_id=114132&scans_id=110198&peptide_id=31677&scanf=39401&charge=2&value=sp|Q9BYG3|MK67I_HUMAN,2,/core/www/modules/match_peptides/blast_html4.php?run_id=110202&search_id=114132&scans_id=110198&peptide_id=31677&scanf=39401&charge=2&value=2,K.GIDYDFPSLILQK.T,/core/www/modules/show_out/show_out_wrapper.php?run_id=110202&search_id=114132&scans_id=110198&peptide_id=31677&scanf=39401&charge=2&value=K.GIDYDFPSLILQK.T,NIFK,6.250e+6,3.540,0.001,3.207,0.000
39404,3,"  2.925","  0.390",11/76,/core/www/modules//sdig/index.php?run_id=110202&search_id=114132&scans_id=110198&peptide_id=31680&scanf=39404&charge=3&value=11/76,sp|Q08211|DHX9_HUMAN,/core/www/modules//consensus/?run_id=110202&search_id=114132&scans_id=110198&peptide_id=31680&scanf=39404&charge=3&value=sp|Q08211|DHX9_HUMAN,0,/core/www/modules/match_peptides/blast_html4.php?run_id=110202&search_id=114132&scans_id=110198&peptide_id=31680&scanf=39404&charge=3&value=0,K.NELMYQLEQDHDLQAILQER.E,/core/www/modules/show_out/show_out_wrapper.php?run_id=110202&search_id=114132&scans_id=110198&peptide_id=31680&scanf=39404&charge=3&value=K.NELMYQLEQDHDLQAILQER.E,DHX9,1.240e+8,2.635,0.013,1.871,0.000
39405,2,"  2.481","  0.488",13/26,/core/www/modules//sdig/index.php?run_id=110202&search_id=114132&scans_id=110198&peptide_id=31681&scanf=39405&charge=2&value=13/26,sp|P49419|AL7A1_HUMAN,/core/www/modules//consensus/?run_id=110202&search_id=114132&scans_id=110198&peptide_id=31681&scanf=39405&charge=2&value=sp|P49419|AL7A1_HUMAN,10,/core/www/modules/match_peptides/blast_html4.php?run_id=110202&search_id=114132&scans_id=110198&peptide_id=31681&scanf=39405&charge=2&value=10,K.IQVLGSLVSLEMGK.I,/core/www/modules/show_out/show_out_wrapper.php?run_id=110202&search_id=114132&scans_id=110198&peptide_id=31681&scanf=39405&charge=2&value=K.IQVLGSLVSLEMGK.I,ALDH7A1,3.010e+6,2.850,0.007,2.187,0.000
39407,2,"  3.065","  0.503",10/28,/core/www/modules//sdig/index.php?run_id=110202&search_id=114132&scans_id=110198&peptide_id=31683&scanf=39407&charge=2&value=10/28,sp|Q9P2D1|CHD7_HUMAN,/core/www/modules//consensus/?run_id=110202&search_id=114132&scans_id=110198&peptide_id=31683&scanf=39407&charge=2&value=sp|Q9P2D1|CHD7_HUMAN,0,/core/www/modules/match_peptides/blast_html4.php?run_id=110202&search_id=114132&scans_id=110198&peptide_id=31683&scanf=39407&charge=2&value=0,K.FILPNVSTPVSDAFK.T,/core/www/modules/show_out/show_out_wrapper.php?run_id=110202&search_id=114132&scans_id=110198&peptide_id=31683&scanf=39407&charge=2&value=K.FILPNVSTPVSDAFK.T,CHD7,1.341e+6,2.709,0.010,1.979,0.000
39408,3,"  5.875","  0.649",17/76,/core/www/modules//sdig/index.php?run_id=110202&search_id=114132&scans_id=110198&peptide_id=31684&scanf=39408&charge=3&value=17/76,sp|A6NHR9|SMHD1_HUMAN,/core/www/modules//consensus/?run_id=110202&search_id=114132&scans_id=110198&peptide_id=31684&scanf=39408&charge=3&value=sp|A6NHR9|SMHD1_HUMAN,3,/core/www/modules/match_peptides/blast_html4.php?run_id=110202&search_id=114132&scans_id=110198&peptide_id=31684&scanf=39408&charge=3&value=3,K.TNILNSEQVIVEVLPNQPVK.L,/core/www/modules/show_out/show_out_wrapper.php?run_id=110202&search_id=114132&scans_id=110198&peptide_id=31684&scanf=39408&charge=3&value=K.TNILNSEQVIVEVLPNQPVK.L,SMCHD1,1.061e+7,3.676,0.000,3.410,0.000
39409,3,"  2.876","  0.498",10/52,/core/www/modules//sdig/index.php?run_id=110202&search_id=114132&scans_id=110198&peptide_id=31685&scanf=39409&charge=3&value=10/52,sp|Q92614|MY18A_HUMAN,/core/www/modules//consensus/?run_id=110202&search_id=114132&scans_id=110198&peptide_id=31685&scanf=39409&charge=3&value=sp|Q92614|MY18A_HUMAN,0,/core/www/modules/match_peptides/blast_html4.php?run_id=110202&search_id=114132&scans_id=110198&peptide_id=31685&scanf=39409&charge=3&value=0,K.ALLADAQLMLDHLK.N,/core/www/modules/show_out/show_out_wrapper.php?run_id=110202&search_id=114132&scans_id=110198&peptide_id=31685&scanf=39409&charge=3&value=K.ALLADAQLMLDHLK.N,MYO18A,1.886e+6,2.894,0.006,2.251,0.000
39415,2,"  4.085","  0.726",17/30,/core/www/modules//sdig/index.php?run_id=110202&search_id=114132&scans_id=110198&peptide_id=31692&scanf=39415&charge=2&value=17/30,sp|O75643|U520_HUMAN,/core/www/modules//consensus/?run_id=110202&search_id=114132&scans_id=110198&peptide_id=31692&scanf=39415&charge=2&value=sp|O75643|U520_HUMAN,0,/core/www/modules/match_peptides/blast_html4.php?run_id=110202&search_id=114132&scans_id=110198&peptide_id=31692&scanf=39415&charge=2&value=0,K.GVESVFDIMEMEDEER.N,/core/www/modules/show_out/show_out_wrapper.php?run_id=110202&search_id=114132&scans_id=110198&peptide_id=31692&scanf=39415&charge=2&value=K.GVESVFDIMEMEDEER.N,SNRNP200,7.829e+6,3.827,0.000,3.634,0.000
39418,2,"  1.771","  0.533",9/14,/core/www/modules//sdig/index.php?run_id=110202&search_id=114132&scans_id=110198&peptide_id=31694&scanf=39418&charge=2&value=9/14,sp|Q99729|ROAA_HUMAN,/core/www/modules//consensus/?run_id=110202&search_id=114132&scans_id=110198&peptide_id=31694&scanf=39418&charge=2&value=sp|Q99729|ROAA_HUMAN,3,/core/www/modules/match_peptides/blast_html4.php?run_id=110202&search_id=114132&scans_id=110198&peptide_id=31694&scanf=39418&charge=2&value=3,R.GFGFILFK.D,/core/www/modules/show_out/show_out_wrapper.php?run_id=110202&search_id=114132&scans_id=110198&peptide_id=31694&scanf=39418&charge=2&value=R.GFGFILFK.D,HNRNPAB,9.870e+7,3.499,0.001,3.146,0.000
39423,2,"  3.321","  0.550",13/28,/core/www/modules//sdig/index.php?run_id=110202&search_id=114132&scans_id=110198&peptide_id=31699&scanf=39423&charge=2&value=13/28,sp|O60814|H2B1K_HUMAN,/core/www/modules//consensus/?run_id=110202&search_id=114132&scans_id=110198&peptide_id=31699&scanf=39423&charge=2&value=sp|O60814|H2B1K_HUMAN,14,/core/www/modules/match_peptides/blast_html4.php?run_id=110202&search_id=114132&scans_id=110198&peptide_id=31699&scanf=39423&charge=2&value=14,K.AM*GIM*NSFVNDIFER.I,/core/www/modules/show_out/show_out_wrapper.php?run_id=110202&search_id=114132&scans_id=110198&peptide_id=31699&scanf=39423&charge=2&value=K.AM*GIM*NSFVNDIFER.I,H2BC12,1.667e+6,3.111,0.003,2.572,0.000
39424,2,"  2.680","  0.403",11/16,/core/www/modules//sdig/index.php?run_id=110202&search_id=114132&scans_id=110198&peptide_id=31700&scanf=39424&charge=2&value=11/16,sp|O60264|SMCA5_HUMAN,/core/www/modules//consensus/?run_id=110202&search_id=114132&scans_id=110198&peptide_id=31700&scanf=39424&charge=2&value=sp|O60264|SMCA5_HUMAN,3,/core/www/modules/match_peptides/blast_html4.php?run_id=110202&search_id=114132&scans_id=110198&peptide_id=31700&scanf=39424&charge=2&value=3,R.LLNILMQLR.K,/core/www/modules/show_out/show_out_wrapper.php?run_id=110202&search_id=114132&scans_id=110198&peptide_id=31700&scanf=39424&charge=2&value=R.LLNILMQLR.K,SMARCA5,4.976e+6,3.341,0.001,2.912,0.000
39429,3,"  3.177","  0.499",11/76,/core/www/modules//sdig/index.php?run_id=110202&search_id=114132&scans_id=110198&peptide_id=31705&scanf=39429&charge=3&value=11/76,sp|P30876|RPB2_HUMAN,/core/www/modules//consensus/?run_id=110202&search_id=114132&scans_id=110198&peptide_id=31705&scanf=39429&charge=3&value=sp|P30876|RPB2_HUMAN,2,/core/www/modules/match_peptides/blast_html4.php?run_id=110202&search_id=114132&scans_id=110198&peptide_id=31705&scanf=39429&charge=3&value=2,R.TSETGIVDQVMVTLNQEGYK.F,/core/www/modules/show_out/show_out_wrapper.php?run_id=110202&search_id=114132&scans_id=110198&peptide_id=31705&scanf=39429&charge=3&value=R.TSETGIVDQVMVTLNQEGYK.F,POLR2B,2.644e+6,2.696,0.011,1.961,0.000
39430,3,"  4.993","  0.613",23/88,/core/www/modules//sdig/index.php?run_id=110202&search_id=114132&scans_id=110198&peptide_id=31707&scanf=39430&charge=3&value=23/88,sp|P50213|IDH3A_HUMAN,/core/www/modules//consensus/?run_id=110202&search_id=114132&scans_id=110198&peptide_id=31707&scanf=39430&charge=3&value=sp|P50213|IDH3A_HUMAN,3,/core/www/modules/match_peptides/blast_html4.php?run_id=110202&search_id=114132&scans_id=110198&peptide_id=31707&scanf=39430&charge=3&value=3,R.ENTEGEYSGIEHVIVDGVVQSIK.L,/core/www/modules/show_out/show_out_wrapper.php?run_id=110202&search_id=114132&scans_id=110198&peptide_id=31707&scanf=39430&charge=3&value=R.ENTEGEYSGIEHVIVDGVVQSIK.L,IDH3A,7.095e+6,3.300,0.001,2.851,0.000
39431,3,"  2.209","  0.576",11/60,/core/www/modules//sdig/index.php?run_id=110202&search_id=114132&scans_id=110198&peptide_id=31708&scanf=39431&charge=3&value=11/60,sp|O75643|U520_HUMAN,/core/www/modules//consensus/?run_id=110202&search_id=114132&scans_id=110198&peptide_id=31708&scanf=39431&charge=3&value=sp|O75643|U520_HUMAN,0,/core/www/modules/match_peptides/blast_html4.php?run_id=110202&search_id=114132&scans_id=110198&peptide_id=31708&scanf=39431&charge=3&value=0,K.GVESVFDIMEMEDEER.N,/core/www/modules/show_out/show_out_wrapper.php?run_id=110202&search_id=114132&scans_id=110198&peptide_id=31708&scanf=39431&charge=3&value=K.GVESVFDIMEMEDEER.N,SNRNP200,4.964e+6,3.375,0.001,2.963,0.000
39434,2,"  3.612","  0.593",15/28,/core/www/modules//sdig/index.php?run_id=110202&search_id=114132&scans_id=110198&peptide_id=31711&scanf=39434&charge=2&value=15/28,sp|P06396|GELS_HUMAN,/core/www/modules//consensus/?run_id=110202&search_id=114132&scans_id=110198&peptide_id=31711&scanf=39434&charge=2&value=sp|P06396|GELS_HUMAN,5,/core/www/modules/match_peptides/blast_html4.php?run_id=110202&search_id=114132&scans_id=110198&peptide_id=31711&scanf=39434&charge=2&value=5,R.EVQGFESATFLGYFK.S,/core/www/modules/show_out/show_out_wrapper.php?run_id=110202&search_id=114132&scans_id=110198&peptide_id=31711&scanf=39434&charge=2&value=R.EVQGFESATFLGYFK.S,GSN,3.978e+6,3.314,0.001,2.872,0.000
39435,2,"  3.277","  0.461",12/30,/core/www/modules//sdig/index.php?run_id=110202&search_id=114132&scans_id=110198&peptide_id=31712&scanf=39435&charge=2&value=12/30,sp|Q9NWU5|RM22_HUMAN,/core/www/modules//consensus/?run_id=110202&search_id=114132&scans_id=110198&peptide_id=31712&scanf=39435&charge=2&value=sp|Q9NWU5|RM22_HUMAN,2,/core/www/modules/match_peptides/blast_html4.php?run_id=110202&search_id=114132&scans_id=110198&peptide_id=31712&scanf=39435&charge=2&value=2,R.GMSIDQALAQLEFNDK.K,/core/www/modules/show_out/show_out_wrapper.php?run_id=110202&search_id=114132&scans_id=110198&peptide_id=31712&scanf=39435&charge=2&value=R.GMSIDQALAQLEFNDK.K,MRPL22,1.797e+6,2.548,0.018,1.744,0.000
39440,3,"  3.718","  0.565",19/60,/core/www/modules//sdig/index.php?run_id=110202&search_id=114132&scans_id=110198&peptide_id=31717&scanf=39440&charge=3&value=19/60,sp|Q15637|SF01_HUMAN,/core/www/modules//consensus/?run_id=110202&search_id=114132&scans_id=110198&peptide_id=31717&scanf=39440&charge=3&value=sp|Q15637|SF01_HUMAN,3,/core/www/modules/match_peptides/blast_html4.php?run_id=110202&search_id=114132&scans_id=110198&peptide_id=31717&scanf=39440&charge=3&value=3,K.TVIPGMPTVIPPGLTR.E,/core/www/modules/show_out/show_out_wrapper.php?run_id=110202&search_id=114132&scans_id=110198&peptide_id=31717&scanf=39440&charge=3&value=K.TVIPGMPTVIPPGLTR.E,SF1,2.461e+6,3.367,0.001,2.951,0.000
39442,2,"  5.273","  0.702",19/36,/core/www/modules//sdig/index.php?run_id=110202&search_id=114132&scans_id=110198&peptide_id=31719&scanf=39442&charge=2&value=19/36,sp|P35249|RFC4_HUMAN,/core/www/modules//consensus/?run_id=110202&search_id=114132&scans_id=110198&peptide_id=31719&scanf=39442&charge=2&value=sp|P35249|RFC4_HUMAN,2,/core/www/modules/match_peptides/blast_html4.php?run_id=110202&search_id=114132&scans_id=110198&peptide_id=31719&scanf=39442&charge=2&value=2,K.IVILDEADSMTSAAQAALR.R,/core/www/modules/show_out/show_out_wrapper.php?run_id=110202&search_id=114132&scans_id=110198&peptide_id=31719&scanf=39442&charge=2&value=K.IVILDEADSMTSAAQAALR.R,RFC4,2.186e+6,3.612,0.000,3.314,0.000
39443,3,"  3.576","  0.550",17/64,/core/www/modules//sdig/index.php?run_id=110202&search_id=114132&scans_id=110198&peptide_id=31720&scanf=39443&charge=3&value=17/64,sp|Q8N7H5|PAF1_HUMAN,/core/www/modules//consensus/?run_id=110202&search_id=114132&scans_id=110198&peptide_id=31720&scanf=39443&charge=3&value=sp|Q8N7H5|PAF1_HUMAN,1,/core/www/modules/match_peptides/blast_html4.php?run_id=110202&search_id=114132&scans_id=110198&peptide_id=31720&scanf=39443&charge=3&value=1,K.DTSGAAALEMMSQAMIR.G,/core/www/modules/show_out/show_out_wrapper.php?run_id=110202&search_id=114132&scans_id=110198&peptide_id=31720&scanf=39443&charge=3&value=K.DTSGAAALEMMSQAMIR.G,PAF1,1.607e+6,3.134,0.002,2.607,0.000
39444,3,"  8.043","  0.681",24/92,/core/www/modules//sdig/index.php?run_id=110202&search_id=114132&scans_id=110198&peptide_id=31721&scanf=39444&charge=3&value=24/92,sp|Q9BVP2|GNL3_HUMAN,/core/www/modules//consensus/?run_id=110202&search_id=114132&scans_id=110198&peptide_id=31721&scanf=39444&charge=3&value=sp|Q9BVP2|GNL3_HUMAN,0,/core/www/modules/match_peptides/blast_html4.php?run_id=110202&search_id=114132&scans_id=110198&peptide_id=31721&scanf=39444&charge=3&value=0,R.SPASIEVVKPMEAASAILSQADAR.Q,/core/www/modules/show_out/show_out_wrapper.php?run_id=110202&search_id=114132&scans_id=110198&peptide_id=31721&scanf=39444&charge=3&value=R.SPASIEVVKPMEAASAILSQADAR.Q,GNL3,3.091e+7,3.673,0.000,3.405,0.000
39448,2,"  1.459","  0.280",8/14,/core/www/modules//sdig/index.php?run_id=110202&search_id=114132&scans_id=110198&peptide_id=31725&scanf=39448&charge=2&value=8/14,sp|O43776|SYNC_HUMAN,/core/www/modules//consensus/?run_id=110202&search_id=114132&scans_id=110198&peptide_id=31725&scanf=39448&charge=2&value=sp|O43776|SYNC_HUMAN,3,/core/www/modules/match_peptides/blast_html4.php?run_id=110202&search_id=114132&scans_id=110198&peptide_id=31725&scanf=39448&charge=2&value=3,K.NLMFLVLR.D,/core/www/modules/show_out/show_out_wrapper.php?run_id=110202&search_id=114132&scans_id=110198&peptide_id=31725&scanf=39448&charge=2&value=K.NLMFLVLR.D,NARS1,1.222e+6,2.485,0.022,1.653,0.001
39450,3,"  2.188","  0.130",10/68,/core/www/modules//sdig/index.php?run_id=110202&search_id=114132&scans_id=110198&peptide_id=31728&scanf=39450&charge=3&value=10/68,sp|P60709|ACTB_HUMAN,/core/www/modules//consensus/?run_id=110202&search_id=114132&scans_id=110198&peptide_id=31728&scanf=39450&charge=3&value=sp|P60709|ACTB_HUMAN,14,/core/www/modules/match_peptides/blast_html4.php?run_id=110202&search_id=114132&scans_id=110198&peptide_id=31728&scanf=39450&charge=3&value=14,R.VAPEEHPVLLTEAPLNPK.A,/core/www/modules/show_out/show_out_wrapper.php?run_id=110202&search_id=114132&scans_id=110198&peptide_id=31728&scanf=39450&charge=3&value=R.VAPEEHPVLLTEAPLNPK.A,ACTB,1.056e+6,2.047,0.092,1.035,0.004
39452,2,"  3.914","  0.485",12/32,/core/www/modules//sdig/index.php?run_id=110202&search_id=114132&scans_id=110198&peptide_id=31730&scanf=39452&charge=2&value=12/32,sp|P52597|HNRPF_HUMAN,/core/www/modules//consensus/?run_id=110202&search_id=114132&scans_id=110198&peptide_id=31730&scanf=39452&charge=2&value=sp|P52597|HNRPF_HUMAN,0,/core/www/modules/match_peptides/blast_html4.php?run_id=110202&search_id=114132&scans_id=110198&peptide_id=31730&scanf=39452&charge=2&value=0,K.ITGEAFVQFASQELAEK.A,/core/www/modules/show_out/show_out_wrapper.php?run_id=110202&search_id=114132&scans_id=110198&peptide_id=31730&scanf=39452&charge=2&value=K.ITGEAFVQFASQELAEK.A,HNRNPF,8.128e+5,2.475,0.023,1.638,0.001
39454,3,"  3.833","  0.578",18/64,/core/www/modules//sdig/index.php?run_id=110202&search_id=114132&scans_id=110198&peptide_id=31732&scanf=39454&charge=3&value=18/64,sp|Q96TC7|RMD3_HUMAN,/core/www/modules//consensus/?run_id=110202&search_id=114132&scans_id=110198&peptide_id=31732&scanf=39454&charge=3&value=sp|Q96TC7|RMD3_HUMAN,1,/core/www/modules/match_peptides/blast_html4.php?run_id=110202&search_id=114132&scans_id=110198&peptide_id=31732&scanf=39454&charge=3&value=1,K.AIALQPENPMAHFLLGR.W,/core/www/modules/show_out/show_out_wrapper.php?run_id=110202&search_id=114132&scans_id=110198&peptide_id=31732&scanf=39454&charge=3&value=K.AIALQPENPMAHFLLGR.W,RMDN3,1.821e+6,3.156,0.002,2.638,0.000
39455,2,"  2.372","  0.472",10/20,/core/www/modules//sdig/index.php?run_id=110202&search_id=114132&scans_id=110198&peptide_id=31733&scanf=39455&charge=2&value=10/20,sp|Q96JC1|VPS39_HUMAN,/core/www/modules//consensus/?run_id=110202&search_id=114132&scans_id=110198&peptide_id=31733&scanf=39455&charge=2&value=sp|Q96JC1|VPS39_HUMAN,0,/core/www/modules/match_peptides/blast_html4.php?run_id=110202&search_id=114132&scans_id=110198&peptide_id=31733&scanf=39455&charge=2&value=0,K.LLQIIDTTLLK.C,/core/www/modules/show_out/show_out_wrapper.php?run_id=110202&search_id=114132&scans_id=110198&peptide_id=31733&scanf=39455&charge=2&value=K.LLQIIDTTLLK.C,VPS39,2.617e+6,2.920,0.005,2.290,0.000
39462,2,"  5.147","  0.632",17/34,/core/www/modules//sdig/index.php?run_id=110202&search_id=114132&scans_id=110198&peptide_id=31740&scanf=39462&charge=2&value=17/34,sp|Q01780|EXOSX_HUMAN,/core/www/modules//consensus/?run_id=110202&search_id=114132&scans_id=110198&peptide_id=31740&scanf=39462&charge=2&value=sp|Q01780|EXOSX_HUMAN,1,/core/www/modules/match_peptides/blast_html4.php?run_id=110202&search_id=114132&scans_id=110198&peptide_id=31740&scanf=39462&charge=2&value=1,K.SDGEMVLPGFPDADSFVK.F,/core/www/modules/show_out/show_out_wrapper.php?run_id=110202&search_id=114132&scans_id=110198&peptide_id=31740&scanf=39462&charge=2&value=K.SDGEMVLPGFPDADSFVK.F,EXOSC10,3.949e+6,3.447,0.001,3.069,0.000
39463,4,"  5.796","  0.704",28/174,/core/www/modules//sdig/index.php?run_id=110202&search_id=114132&scans_id=110198&peptide_id=31741&scanf=39463&charge=4&value=28/174,sp|P78527|PRKDC_HUMAN,/core/www/modules//consensus/?run_id=110202&search_id=114132&scans_id=110198&peptide_id=31741&scanf=39463&charge=4&value=sp|P78527|PRKDC_HUMAN,1,/core/www/modules/match_peptides/blast_html4.php?run_id=110202&search_id=114132&scans_id=110198&peptide_id=31741&scanf=39463&charge=4&value=1,R.SSFDWLTGSSTDPLVDHTSPSSDSLLFAHK.R,/core/www/modules/show_out/show_out_wrapper.php?run_id=110202&search_id=114132&scans_id=110198&peptide_id=31741&scanf=39463&charge=4&value=R.SSFDWLTGSSTDPLVDHTSPSSDSLLFAHK.R,PRKDC,3.549e+7,4.515,0.000,4.653,0.000
39465,2,"  4.209","  0.666",17/28,/core/www/modules//sdig/index.php?run_id=110202&search_id=114132&scans_id=110198&peptide_id=31743&scanf=39465&charge=2&value=17/28,sp|P06396|GELS_HUMAN,/core/www/modules//consensus/?run_id=110202&search_id=114132&scans_id=110198&peptide_id=31743&scanf=39465&charge=2&value=sp|P06396|GELS_HUMAN,5,/core/www/modules/match_peptides/blast_html4.php?run_id=110202&search_id=114132&scans_id=110198&peptide_id=31743&scanf=39465&charge=2&value=5,R.EVQGFESATFLGYFK.S,/core/www/modules/show_out/show_out_wrapper.php?run_id=110202&search_id=114132&scans_id=110198&peptide_id=31743&scanf=39465&charge=2&value=R.EVQGFESATFLGYFK.S,GSN,3.978e+6,3.778,0.000,3.561,0.000
39466,3,"  4.183","  0.534",17/52,/core/www/modules//sdig/index.php?run_id=110202&search_id=114132&scans_id=110198&peptide_id=31744&scanf=39466&charge=3&value=17/52,sp|P50552|VASP_HUMAN,/core/www/modules//consensus/?run_id=110202&search_id=114132&scans_id=110198&peptide_id=31744&scanf=39466&charge=3&value=sp|P50552|VASP_HUMAN,0,/core/www/modules/match_peptides/blast_html4.php?run_id=110202&search_id=114132&scans_id=110198&peptide_id=31744&scanf=39466&charge=3&value=0,K.VKEEIIEAFVQELR.K,/core/www/modules/show_out/show_out_wrapper.php?run_id=110202&search_id=114132&scans_id=110198&peptide_id=31744&scanf=39466&charge=3&value=K.VKEEIIEAFVQELR.K,VASP,4.344e+6,3.052,0.003,2.485,0.000
39468,2,"  2.800","  0.413",10/22,/core/www/modules//sdig/index.php?run_id=110202&search_id=114132&scans_id=110198&peptide_id=31746&scanf=39468&charge=2&value=10/22,sp|Q16643|DREB_HUMAN,/core/www/modules//consensus/?run_id=110202&search_id=114132&scans_id=110198&peptide_id=31746&scanf=39468&charge=2&value=sp|Q16643|DREB_HUMAN,2,/core/www/modules/match_peptides/blast_html4.php?run_id=110202&search_id=114132&scans_id=110198&peptide_id=31746&scanf=39468&charge=2&value=2,R.LELLAAYEEVIR.E,/core/www/modules/show_out/show_out_wrapper.php?run_id=110202&search_id=114132&scans_id=110198&peptide_id=31746&scanf=39468&charge=2&value=R.LELLAAYEEVIR.E,DBN1,6.138e+7,2.823,0.007,2.147,0.000
39469,3,"  3.443","  0.567",17/56,/core/www/modules//sdig/index.php?run_id=110202&search_id=114132&scans_id=110198&peptide_id=31747&scanf=39469&charge=3&value=17/56,sp|P46459|NSF_HUMAN,/core/www/modules//consensus/?run_id=110202&search_id=114132&scans_id=110198&peptide_id=31747&scanf=39469&charge=3&value=sp|P46459|NSF_HUMAN,1,/core/www/modules/match_peptides/blast_html4.php?run_id=110202&search_id=114132&scans_id=110198&peptide_id=31747&scanf=39469&charge=3&value=1,K.MGIGGLDKEFSDIFR.R,/core/www/modules/show_out/show_out_wrapper.php?run_id=110202&search_id=114132&scans_id=110198&peptide_id=31747&scanf=39469&charge=3&value=K.MGIGGLDKEFSDIFR.R,NSF,5.010e+6,3.148,0.002,2.627,0.000
39471,2,"  2.864","  0.172",11/22,/core/www/modules//sdig/index.php?run_id=110202&search_id=114132&scans_id=110198&peptide_id=31750&scanf=39471&charge=2&value=11/22,sp|Q9UBI1|COMD3_HUMAN,/core/www/modules//consensus/?run_id=110202&search_id=114132&scans_id=110198&peptide_id=31750&scanf=39471&charge=2&value=sp|Q9UBI1|COMD3_HUMAN,2,/core/www/modules/match_peptides/blast_html4.php?run_id=110202&search_id=114132&scans_id=110198&peptide_id=31750&scanf=39471&charge=2&value=2,K.NSLEILLGSIGR.S,/core/www/modules/show_out/show_out_wrapper.php?run_id=110202&search_id=114132&scans_id=110198&peptide_id=31750&scanf=39471&charge=2&value=K.NSLEILLGSIGR.S,COMMD3,1.577e+6,1.830,0.176,0.755,0.010
39476,2,"  3.322","  0.633",12/28,/core/www/modules//sdig/index.php?run_id=110202&search_id=114132&scans_id=110198&peptide_id=31755&scanf=39476&charge=2&value=12/28,sp|P49589|SYCC_HUMAN,/core/www/modules//consensus/?run_id=110202&search_id=114132&scans_id=110198&peptide_id=31755&scanf=39476&charge=2&value=sp|P49589|SYCC_HUMAN,1,/core/www/modules/match_peptides/blast_html4.php?run_id=110202&search_id=114132&scans_id=110198&peptide_id=31755&scanf=39476&charge=2&value=1,R.DMEALNVLPPDVLTR.V,/core/www/modules/show_out/show_out_wrapper.php?run_id=110202&search_id=114132&scans_id=110198&peptide_id=31755&scanf=39476&charge=2&value=R.DMEALNVLPPDVLTR.V,CARS1,1.099e+6,3.218,0.002,2.731,0.000
39477,3,"  6.617","  0.646",26/112,/core/www/modules//sdig/index.php?run_id=110202&search_id=114132&scans_id=110198&peptide_id=31756&scanf=39477&charge=3&value=26/112,sp|Q93074|MED12_HUMAN,/core/www/modules//consensus/?run_id=110202&search_id=114132&scans_id=110198&peptide_id=31756&scanf=39477&charge=3&value=sp|Q93074|MED12_HUMAN,7,/core/www/modules/match_peptides/blast_html4.php?run_id=110202&search_id=114132&scans_id=110198&peptide_id=31756&scanf=39477&charge=3&value=7,K.TGSPLDHLPIAPSNLPMPEGNSAFTQQVR.A,/core/www/modules/show_out/show_out_wrapper.php?run_id=110202&search_id=114132&scans_id=110198&peptide_id=31756&scanf=39477&charge=3&value=K.TGSPLDHLPIAPSNLPMPEGNSAFTQQVR.A,MED12,1.591e+6,3.232,0.002,2.752,0.000
39478,3,"  2.168","  0.394",12/56,/core/www/modules//sdig/index.php?run_id=110202&search_id=114132&scans_id=110198&peptide_id=31757&scanf=39478&charge=3&value=12/56,sp|P46939|UTRN_HUMAN,/core/www/modules//consensus/?run_id=110202&search_id=114132&scans_id=110198&peptide_id=31757&scanf=39478&charge=3&value=sp|P46939|UTRN_HUMAN,1,/core/www/modules/match_peptides/blast_html4.php?run_id=110202&search_id=114132&scans_id=110198&peptide_id=31757&scanf=39478&charge=3&value=1,K.MTELFQSLADLNNVR.F,/core/www/modules/show_out/show_out_wrapper.php?run_id=110202&search_id=114132&scans_id=110198&peptide_id=31757&scanf=39478&charge=3&value=K.MTELFQSLADLNNVR.F,UTRN,2.371e+6,2.681,0.012,1.939,0.000
39480,3,"  3.359","  0.640",14/56,/core/www/modules//sdig/index.php?run_id=110202&search_id=114132&scans_id=110198&peptide_id=31759&scanf=39480&charge=3&value=14/56,sp|Q13838|DX39B_HUMAN,/core/www/modules//consensus/?run_id=110202&search_id=114132&scans_id=110198&peptide_id=31759&scanf=39480&charge=3&value=sp|Q13838|DX39B_HUMAN,9,/core/www/modules/match_peptides/blast_html4.php?run_id=110202&search_id=114132&scans_id=110198&peptide_id=31759&scanf=39480&charge=3&value=9,K.FMQDPMEIFVDDETK.L,/core/www/modules/show_out/show_out_wrapper.php?run_id=110202&search_id=114132&scans_id=110198&peptide_id=31759&scanf=39480&charge=3&value=K.FMQDPMEIFVDDETK.L,DDX39B,8.508e+7,3.542,0.001,3.210,0.000
39481,3,"  7.288","  0.718",26/76,/core/www/modules//sdig/index.php?run_id=110202&search_id=114132&scans_id=110198&peptide_id=31760&scanf=39481&charge=3&value=26/76,sp|P62244|RS15A_HUMAN,/core/www/modules//consensus/?run_id=110202&search_id=114132&scans_id=110198&peptide_id=31760&scanf=39481&charge=3&value=sp|P62244|RS15A_HUMAN,0,/core/www/modules/match_peptides/blast_html4.php?run_id=110202&search_id=114132&scans_id=110198&peptide_id=31760&scanf=39481&charge=3&value=0,R.QFGFIVLTTSAGIMDHEEAR.R,/core/www/modules/show_out/show_out_wrapper.php?run_id=110202&search_id=114132&scans_id=110198&peptide_id=31760&scanf=39481&charge=3&value=R.QFGFIVLTTSAGIMDHEEAR.R,RPS15A,1.060e+7,3.926,0.000,3.780,0.000
39484,2,"  2.510","  0.500",12/26,/core/www/modules//sdig/index.php?run_id=110202&search_id=114132&scans_id=110198&peptide_id=31763&scanf=39484&charge=2&value=12/26,sp|Q12905|ILF2_HUMAN,/core/www/modules//consensus/?run_id=110202&search_id=114132&scans_id=110198&peptide_id=31763&scanf=39484&charge=2&value=sp|Q12905|ILF2_HUMAN,2,/core/www/modules/match_peptides/blast_html4.php?run_id=110202&search_id=114132&scans_id=110198&peptide_id=31763&scanf=39484&charge=2&value=2,K.ILPTLEAVAALGNK.V,/core/www/modules/show_out/show_out_wrapper.php?run_id=110202&search_id=114132&scans_id=110198&peptide_id=31763&scanf=39484&charge=2&value=K.ILPTLEAVAALGNK.V,ILF2,1.255e+7,2.990,0.004,2.394,0.000
39492,2,"  2.355","  0.427",8/22,/core/www/modules//sdig/index.php?run_id=110202&search_id=114132&scans_id=110198&peptide_id=31772&scanf=39492&charge=2&value=8/22,sp|P62805|H4_HUMAN,/core/www/modules//consensus/?run_id=110202&search_id=114132&scans_id=110198&peptide_id=31772&scanf=39492&charge=2&value=sp|P62805|H4_HUMAN,0,/core/www/modules/match_peptides/blast_html4.php?run_id=110202&search_id=114132&scans_id=110198&peptide_id=31772&scanf=39492&charge=2&value=0,K.TVTAMDVVYALK.R,/core/www/modules/show_out/show_out_wrapper.php?run_id=110202&search_id=114132&scans_id=110198&peptide_id=31772&scanf=39492&charge=2&value=K.TVTAMDVVYALK.R,H4C16,1.290e+6,2.656,0.013,1.901,0.000
39494,3,"  3.013","  0.641",17/44,/core/www/modules//sdig/index.php?run_id=110202&search_id=114132&scans_id=110198&peptide_id=31774&scanf=39494&charge=3&value=17/44,sp|Q86VP6|CAND1_HUMAN,/core/www/modules//consensus/?run_id=110202&search_id=114132&scans_id=110198&peptide_id=31774&scanf=39494&charge=3&value=sp|Q86VP6|CAND1_HUMAN,2,/core/www/modules/match_peptides/blast_html4.php?run_id=110202&search_id=114132&scans_id=110198&peptide_id=31774&scanf=39494&charge=3&value=2,K.ADVFHAYLSLLK.Q,/core/www/modules/show_out/show_out_wrapper.php?run_id=110202&search_id=114132&scans_id=110198&peptide_id=31774&scanf=39494&charge=3&value=K.ADVFHAYLSLLK.Q,CAND1,2.760e+6,3.837,0.000,3.647,0.000
39498,3,"  2.817","  0.263",8/64,/core/www/modules//sdig/index.php?run_id=110202&search_id=114132&scans_id=110198&peptide_id=31778&scanf=39498&charge=3&value=8/64,sp|P55795|HNRH2_HUMAN,/core/www/modules//consensus/?run_id=110202&search_id=114132&scans_id=110198&peptide_id=31778&scanf=39498&charge=3&value=sp|P55795|HNRH2_HUMAN,0,/core/www/modules/match_peptides/blast_html4.php?run_id=110202&search_id=114132&scans_id=110198&peptide_id=31778&scanf=39498&charge=3&value=0,R.ATENDIYNFFSPLNPM*R.V,/core/www/modules/show_out/show_out_wrapper.php?run_id=110202&search_id=114132&scans_id=110198&peptide_id=31778&scanf=39498&charge=3&value=R.ATENDIYNFFSPLNPM*R.V,HNRNPH2,1.452e+6,1.940,0.128,0.893,0.006
39501,3,"  5.461","  0.483",16/76,/core/www/modules//sdig/index.php?run_id=110202&search_id=114132&scans_id=110198&peptide_id=31781&scanf=39501&charge=3&value=16/76,sp|Q14683|SMC1A_HUMAN,/core/www/modules//consensus/?run_id=110202&search_id=114132&scans_id=110198&peptide_id=31781&scanf=39501&charge=3&value=sp|Q14683|SMC1A_HUMAN,2,/core/www/modules/match_peptides/blast_html4.php?run_id=110202&search_id=114132&scans_id=110198&peptide_id=31781&scanf=39501&charge=3&value=2,R.GEPETFLPLDYLEVKPTDEK.L,/core/www/modules/show_out/show_out_wrapper.php?run_id=110202&search_id=114132&scans_id=110198&peptide_id=31781&scanf=39501&charge=3&value=R.GEPETFLPLDYLEVKPTDEK.L,SMC1A,1.544e+7,3.002,0.004,2.411,0.000
39505,2,"  4.118","  0.702",19/30,/core/www/modules//sdig/index.php?run_id=110202&search_id=114132&scans_id=110198&peptide_id=31785&scanf=39505&charge=2&value=19/30,sp|Q8N1G2|CMTR1_HUMAN,/core/www/modules//consensus/?run_id=110202&search_id=114132&scans_id=110198&peptide_id=31785&scanf=39505&charge=2&value=sp|Q8N1G2|CMTR1_HUMAN,0,/core/www/modules/match_peptides/blast_html4.php?run_id=110202&search_id=114132&scans_id=110198&peptide_id=31785&scanf=39505&charge=2&value=0,R.NTDSDVNLVVPLEVIK.G,/core/www/modules/show_out/show_out_wrapper.php?run_id=110202&search_id=114132&scans_id=110198&peptide_id=31785&scanf=39505&charge=2&value=R.NTDSDVNLVVPLEVIK.G,CMTR1,1.245e+6,3.795,0.000,3.586,0.000
39506,2,"  3.880","  0.621",17/30,/core/www/modules//sdig/index.php?run_id=110202&search_id=114132&scans_id=110198&peptide_id=31786&scanf=39506&charge=2&value=17/30,sp|Q13315|ATM_HUMAN,/core/www/modules//consensus/?run_id=110202&search_id=114132&scans_id=110198&peptide_id=31786&scanf=39506&charge=2&value=sp|Q13315|ATM_HUMAN,0,/core/www/modules/match_peptides/blast_html4.php?run_id=110202&search_id=114132&scans_id=110198&peptide_id=31786&scanf=39506&charge=2&value=0,R.DIVDGMGITGVEGVFR.R,/core/www/modules/show_out/show_out_wrapper.php?run_id=110202&search_id=114132&scans_id=110198&peptide_id=31786&scanf=39506&charge=2&value=R.DIVDGMGITGVEGVFR.R,ATM,2.049e+6,3.549,0.001,3.220,0.000
39509,2,"  6.099","  0.780",27/38,/core/www/modules//sdig/index.php?run_id=110202&search_id=114132&scans_id=110198&peptide_id=31789&scanf=39509&charge=2&value=27/38,sp|A6NHR9|SMHD1_HUMAN,/core/www/modules//consensus/?run_id=110202&search_id=114132&scans_id=110198&peptide_id=31789&scanf=39509&charge=2&value=sp|A6NHR9|SMHD1_HUMAN,3,/core/www/modules/match_peptides/blast_html4.php?run_id=110202&search_id=114132&scans_id=110198&peptide_id=31789&scanf=39509&charge=2&value=3,K.TNILNSEQVIVEVLPNQPVK.L,/core/www/modules/show_out/show_out_wrapper.php?run_id=110202&search_id=114132&scans_id=110198&peptide_id=31789&scanf=39509&charge=2&value=K.TNILNSEQVIVEVLPNQPVK.L,SMCHD1,2.468e+6,4.388,0.000,4.464,0.000
39510,2,"  6.233","  0.807",25/38,/core/www/modules//sdig/index.php?run_id=110202&search_id=114132&scans_id=110198&peptide_id=31791&scanf=39510&charge=2&value=25/38,sp|O60216|RAD21_HUMAN,/core/www/modules//consensus/?run_id=110202&search_id=114132&scans_id=110198&peptide_id=31791&scanf=39510&charge=2&value=sp|O60216|RAD21_HUMAN,1,/core/www/modules/match_peptides/blast_html4.php?run_id=110202&search_id=114132&scans_id=110198&peptide_id=31791&scanf=39510&charge=2&value=1,R.AQLSDYSDIVTTLDLAPPTK.K,/core/www/modules/show_out/show_out_wrapper.php?run_id=110202&search_id=114132&scans_id=110198&peptide_id=31791&scanf=39510&charge=2&value=R.AQLSDYSDIVTTLDLAPPTK.K,RAD21,2.132e+6,4.281,0.000,4.307,0.000
39512,3,"  4.719","  0.560",18/68,/core/www/modules//sdig/index.php?run_id=110202&search_id=114132&scans_id=110198&peptide_id=31793&scanf=39512&charge=3&value=18/68,sp|O60313|OPA1_HUMAN,/core/www/modules//consensus/?run_id=110202&search_id=114132&scans_id=110198&peptide_id=31793&scanf=39512&charge=3&value=sp|O60313|OPA1_HUMAN,7,/core/www/modules/match_peptides/blast_html4.php?run_id=110202&search_id=114132&scans_id=110198&peptide_id=31793&scanf=39512&charge=3&value=7,K.AKNEILDEVISLSQVTPK.H,/core/www/modules/show_out/show_out_wrapper.php?run_id=110202&search_id=114132&scans_id=110198&peptide_id=31793&scanf=39512&charge=3&value=K.AKNEILDEVISLSQVTPK.H,OPA1,2.593e+6,2.983,0.004,2.383,0.000
39513,2,"  1.976","  0.344",8/24,/core/www/modules//sdig/index.php?run_id=110202&search_id=114132&scans_id=110198&peptide_id=31794&scanf=39513&charge=2&value=8/24,sp|Q6P1J9|CDC73_HUMAN,/core/www/modules//consensus/?run_id=110202&search_id=114132&scans_id=110198&peptide_id=31794&scanf=39513&charge=2&value=sp|Q6P1J9|CDC73_HUMAN,5,/core/www/modules/match_peptides/blast_html4.php?run_id=110202&search_id=114132&scans_id=110198&peptide_id=31794&scanf=39513&charge=2&value=5,K.GDEVIFGEFSWPK.N,/core/www/modules/show_out/show_out_wrapper.php?run_id=110202&search_id=114132&scans_id=110198&peptide_id=31794&scanf=39513&charge=2&value=K.GDEVIFGEFSWPK.N,CDC73,1.972e+6,2.252,0.048,1.318,0.002
39522,2,"  4.916","  0.562",18/34,/core/www/modules//sdig/index.php?run_id=110202&search_id=114132&scans_id=110198&peptide_id=31803&scanf=39522&charge=2&value=18/34,sp|P35998|PRS7_HUMAN,/core/www/modules//consensus/?run_id=110202&search_id=114132&scans_id=110198&peptide_id=31803&scanf=39522&charge=2&value=sp|P35998|PRS7_HUMAN,2,/core/www/modules/match_peptides/blast_html4.php?run_id=110202&search_id=114132&scans_id=110198&peptide_id=31803&scanf=39522&charge=2&value=2,K.ESDTGLAPPALWDLAADK.Q,/core/www/modules/show_out/show_out_wrapper.php?run_id=110202&search_id=114132&scans_id=110198&peptide_id=31803&scanf=39522&charge=2&value=K.ESDTGLAPPALWDLAADK.Q,PSMC2,8.699e+6,3.248,0.002,2.775,0.000
39524,3,"  5.986","  0.722",23/88,/core/www/modules//sdig/index.php?run_id=110202&search_id=114132&scans_id=110198&peptide_id=31805&scanf=39524&charge=3&value=23/88,sp|Q9Y4L1|HYOU1_HUMAN,/core/www/modules//consensus/?run_id=110202&search_id=114132&scans_id=110198&peptide_id=31805&scanf=39524&charge=3&value=sp|Q9Y4L1|HYOU1_HUMAN,9,/core/www/modules/match_peptides/blast_html4.php?run_id=110202&search_id=114132&scans_id=110198&peptide_id=31805&scanf=39524&charge=3&value=9,K.TVLSANADHMAQIEGLMDDVDFK.A,/core/www/modules/show_out/show_out_wrapper.php?run_id=110202&search_id=114132&scans_id=110198&peptide_id=31805&scanf=39524&charge=3&value=K.TVLSANADHMAQIEGLMDDVDFK.A,HYOU1,4.042e+6,3.654,0.000,3.376,0.000
39526,3,"  4.108","  0.610",14/76,/core/www/modules//sdig/index.php?run_id=110202&search_id=114132&scans_id=110198&peptide_id=31807&scanf=39526&charge=3&value=14/76,sp|Q7L2E3|DHX30_HUMAN,/core/www/modules//consensus/?run_id=110202&search_id=114132&scans_id=110198&peptide_id=31807&scanf=39526&charge=3&value=sp|Q7L2E3|DHX30_HUMAN,1,/core/www/modules/match_peptides/blast_html4.php?run_id=110202&search_id=114132&scans_id=110198&peptide_id=31807&scanf=39526&charge=3&value=1,K.IETFLNHYPVESSWIAPELR.L,/core/www/modules/show_out/show_out_wrapper.php?run_id=110202&search_id=114132&scans_id=110198&peptide_id=31807&scanf=39526&charge=3&value=K.IETFLNHYPVESSWIAPELR.L,DHX30,8.427e+5,3.157,0.002,2.640,0.000
39527,2,"  3.368","  0.581",14/26,/core/www/modules//sdig/index.php?run_id=110202&search_id=114132&scans_id=110198&peptide_id=31808&scanf=39527&charge=2&value=14/26,sp|O43592|XPOT_HUMAN,/core/www/modules//consensus/?run_id=110202&search_id=114132&scans_id=110198&peptide_id=31808&scanf=39527&charge=2&value=sp|O43592|XPOT_HUMAN,0,/core/www/modules/match_peptides/blast_html4.php?run_id=110202&search_id=114132&scans_id=110198&peptide_id=31808&scanf=39527&charge=2&value=0,R.LAQVSPELLLASVR.R,/core/www/modules/show_out/show_out_wrapper.php?run_id=110202&search_id=114132&scans_id=110198&peptide_id=31808&scanf=39527&charge=2&value=R.LAQVSPELLLASVR.R,XPOT,2.052e+6,3.318,0.001,2.879,0.000
39529,2,"  2.739","  0.241",8/20,/core/www/modules//sdig/index.php?run_id=110202&search_id=114132&scans_id=110198&peptide_id=31810&scanf=39529&charge=2&value=8/20,sp|Q9NVM9|INT13_HUMAN,/core/www/modules//consensus/?run_id=110202&search_id=114132&scans_id=110198&peptide_id=31810&scanf=39529&charge=2&value=sp|Q9NVM9|INT13_HUMAN,1,/core/www/modules/match_peptides/blast_html4.php?run_id=110202&search_id=114132&scans_id=110198&peptide_id=31810&scanf=39529&charge=2&value=1,R.IMWNELETLVR.A,/core/www/modules/show_out/show_out_wrapper.php?run_id=110202&search_id=114132&scans_id=110198&peptide_id=31810&scanf=39529&charge=2&value=R.IMWNELETLVR.A,INTS13,4.475e+6,2.038,0.095,1.022,0.004
39530,3,"  2.270","  0.269",12/92,/core/www/modules//sdig/index.php?run_id=110202&search_id=114132&scans_id=110198&peptide_id=31811&scanf=39530&charge=3&value=12/92,sp|Q14204|DYHC1_HUMAN,/core/www/modules//consensus/?run_id=110202&search_id=114132&scans_id=110198&peptide_id=31811&scanf=39530&charge=3&value=sp|Q14204|DYHC1_HUMAN,27,/core/www/modules/match_peptides/blast_html4.php?run_id=110202&search_id=114132&scans_id=110198&peptide_id=31811&scanf=39530&charge=3&value=27,K.VLQLYQITQINHGLMMVGPSGSGK.S,/core/www/modules/show_out/show_out_wrapper.php?run_id=110202&search_id=114132&scans_id=110198&peptide_id=31811&scanf=39530&charge=3&value=K.VLQLYQITQINHGLMMVGPSGSGK.S,DYNC1H1,1.166e+6,2.056,0.090,1.047,0.004
39533,2,"  1.993","  0.152",10/22,/core/www/modules//sdig/index.php?run_id=110202&search_id=114132&scans_id=110198&peptide_id=31814&scanf=39533&charge=2&value=10/22,sp|O60841|IF2P_HUMAN,/core/www/modules//consensus/?run_id=110202&search_id=114132&scans_id=110198&peptide_id=31814&scanf=39533&charge=2&value=sp|O60841|IF2P_HUMAN,1,/core/www/modules/match_peptides/blast_html4.php?run_id=110202&search_id=114132&scans_id=110198&peptide_id=31814&scanf=39533&charge=2&value=1,K.TLAGLPLLVAYK.E,/core/www/modules/show_out/show_out_wrapper.php?run_id=110202&search_id=114132&scans_id=110198&peptide_id=31814&scanf=39533&charge=2&value=K.TLAGLPLLVAYK.E,EIF5B,5.347e+6,1.820,0.181,0.743,0.010
39537,2,"  2.972","  0.497",9/26,/core/www/modules//sdig/index.php?run_id=110202&search_id=114132&scans_id=110198&peptide_id=31818&scanf=39537&charge=2&value=9/26,sp|P19338|NUCL_HUMAN,/core/www/modules//consensus/?run_id=110202&search_id=114132&scans_id=110198&peptide_id=31818&scanf=39537&charge=2&value=sp|P19338|NUCL_HUMAN,9,/core/www/modules/match_peptides/blast_html4.php?run_id=110202&search_id=114132&scans_id=110198&peptide_id=31818&scanf=39537&charge=2&value=9,K.GYAFIEFASFEDAK.E,/core/www/modules/show_out/show_out_wrapper.php?run_id=110202&search_id=114132&scans_id=110198&peptide_id=31818&scanf=39537&charge=2&value=K.GYAFIEFASFEDAK.E,NCL,1.188e+6,2.983,0.004,2.384,0.000
39539,3,"  7.299","  0.741",27/116,/core/www/modules//sdig/index.php?run_id=110202&search_id=114132&scans_id=110198&peptide_id=31820&scanf=39539&charge=3&value=27/116,sp|P78527|PRKDC_HUMAN,/core/www/modules//consensus/?run_id=110202&search_id=114132&scans_id=110198&peptide_id=31820&scanf=39539&charge=3&value=sp|P78527|PRKDC_HUMAN,1,/core/www/modules/match_peptides/blast_html4.php?run_id=110202&search_id=114132&scans_id=110198&peptide_id=31820&scanf=39539&charge=3&value=1,R.SSFDWLTGSSTDPLVDHTSPSSDSLLFAHK.R,/core/www/modules/show_out/show_out_wrapper.php?run_id=110202&search_id=114132&scans_id=110198&peptide_id=31820&scanf=39539&charge=3&value=R.SSFDWLTGSSTDPLVDHTSPSSDSLLFAHK.R,PRKDC,6.054e+6,4.398,0.000,4.479,0.000
39543,2,"  2.416","  0.544",15/22,/core/www/modules//sdig/index.php?run_id=110202&search_id=114132&scans_id=110198&peptide_id=31824&scanf=39543&charge=2&value=15/22,sp|Q9BQG0|MBB1A_HUMAN,/core/www/modules//consensus/?run_id=110202&search_id=114132&scans_id=110198&peptide_id=31824&scanf=39543&charge=2&value=sp|Q9BQG0|MBB1A_HUMAN,1,/core/www/modules/match_peptides/blast_html4.php?run_id=110202&search_id=114132&scans_id=110198&peptide_id=31824&scanf=39543&charge=2&value=1,K.ATLQEILPEVLK.A,/core/www/modules/show_out/show_out_wrapper.php?run_id=110202&search_id=114132&scans_id=110198&peptide_id=31824&scanf=39543&charge=2&value=K.ATLQEILPEVLK.A,MYBBP1A,8.788e+7,3.633,0.000,3.345,0.000
39545,3,"  6.177","  0.681",27/80,/core/www/modules//sdig/index.php?run_id=110202&search_id=114132&scans_id=110198&peptide_id=31826&scanf=39545&charge=3&value=27/80,sp|Q8TAQ2|SMRC2_HUMAN,/core/www/modules//consensus/?run_id=110202&search_id=114132&scans_id=110198&peptide_id=31826&scanf=39545&charge=3&value=sp|Q8TAQ2|SMRC2_HUMAN,1,/core/www/modules/match_peptides/blast_html4.php?run_id=110202&search_id=114132&scans_id=110198&peptide_id=31826&scanf=39545&charge=3&value=1,R.DIGEGNLSTAAAAALAAAAVK.A,/core/www/modules/show_out/show_out_wrapper.php?run_id=110202&search_id=114132&scans_id=110198&peptide_id=31826&scanf=39545&charge=3&value=R.DIGEGNLSTAAAAALAAAAVK.A,SMARCC2,4.581e+7,3.912,0.000,3.760,0.000
39546,2,"  3.171","  0.531",13/28,/core/www/modules//sdig/index.php?run_id=110202&search_id=114132&scans_id=110198&peptide_id=31827&scanf=39546&charge=2&value=13/28,sp|P46939|UTRN_HUMAN,/core/www/modules//consensus/?run_id=110202&search_id=114132&scans_id=110198&peptide_id=31827&scanf=39546&charge=2&value=sp|P46939|UTRN_HUMAN,1,/core/www/modules/match_peptides/blast_html4.php?run_id=110202&search_id=114132&scans_id=110198&peptide_id=31827&scanf=39546&charge=2&value=1,K.MTELFQSLADLNNVR.F,/core/www/modules/show_out/show_out_wrapper.php?run_id=110202&search_id=114132&scans_id=110198&peptide_id=31827&scanf=39546&charge=2&value=K.MTELFQSLADLNNVR.F,UTRN,1.814e+6,3.086,0.003,2.536,0.000
39550,2,"  2.997","  0.602",13/26,/core/www/modules//sdig/index.php?run_id=110202&search_id=114132&scans_id=110198&peptide_id=31832&scanf=39550&charge=2&value=13/26,sp|P38646|GRP75_HUMAN,/core/www/modules//consensus/?run_id=110202&search_id=114132&scans_id=110198&peptide_id=31832&scanf=39550&charge=2&value=sp|P38646|GRP75_HUMAN,7,/core/www/modules/match_peptides/blast_html4.php?run_id=110202&search_id=114132&scans_id=110198&peptide_id=31832&scanf=39550&charge=2&value=7,K.LYSPSQIGAFVLMK.M,/core/www/modules/show_out/show_out_wrapper.php?run_id=110202&search_id=114132&scans_id=110198&peptide_id=31832&scanf=39550&charge=2&value=K.LYSPSQIGAFVLMK.M,HSPA9,4.254e+6,3.305,0.001,2.859,0.000
39551,2,"  3.377","  0.631",13/24,/core/www/modules//sdig/index.php?run_id=110202&search_id=114132&scans_id=110198&peptide_id=31833&scanf=39551&charge=2&value=13/24,sp|P33240|CSTF2_HUMAN,/core/www/modules//consensus/?run_id=110202&search_id=114132&scans_id=110198&peptide_id=31833&scanf=39551&charge=2&value=sp|P33240|CSTF2_HUMAN,3,/core/www/modules/match_peptides/blast_html4.php?run_id=110202&search_id=114132&scans_id=110198&peptide_id=31833&scanf=39551&charge=2&value=3,K.DIFSEVGPVVSFR.L,/core/www/modules/show_out/show_out_wrapper.php?run_id=110202&search_id=114132&scans_id=110198&peptide_id=31833&scanf=39551&charge=2&value=K.DIFSEVGPVVSFR.L,CSTF2,3.002e+6,3.521,0.001,3.179,0.000
39552,3,"  4.734","  0.617",18/76,/core/www/modules//sdig/index.php?run_id=110202&search_id=114132&scans_id=110198&peptide_id=31834&scanf=39552&charge=3&value=18/76,sp|P46940|IQGA1_HUMAN,/core/www/modules//consensus/?run_id=110202&search_id=114132&scans_id=110198&peptide_id=31834&scanf=39552&charge=3&value=sp|P46940|IQGA1_HUMAN,2,/core/www/modules/match_peptides/blast_html4.php?run_id=110202&search_id=114132&scans_id=110198&peptide_id=31834&scanf=39552&charge=3&value=2,K.FVHLLDQSDQDFQEELDLMK.M,/core/www/modules/show_out/show_out_wrapper.php?run_id=110202&search_id=114132&scans_id=110198&peptide_id=31834&scanf=39552&charge=3&value=K.FVHLLDQSDQDFQEELDLMK.M,IQGAP1,3.767e+6,3.410,0.001,3.015,0.000
39553,2,"  3.038","  0.508",11/36,/core/www/modules//sdig/index.php?run_id=110202&search_id=114132&scans_id=110198&peptide_id=31835&scanf=39553&charge=2&value=11/36,sp|P35249|RFC4_HUMAN,/core/www/modules//consensus/?run_id=110202&search_id=114132&scans_id=110198&peptide_id=31835&scanf=39553&charge=2&value=sp|P35249|RFC4_HUMAN,2,/core/www/modules/match_peptides/blast_html4.php?run_id=110202&search_id=114132&scans_id=110198&peptide_id=31835&scanf=39553&charge=2&value=2,K.IVILDEADSMTSAAQAALR.R,/core/www/modules/show_out/show_out_wrapper.php?run_id=110202&search_id=114132&scans_id=110198&peptide_id=31835&scanf=39553&charge=2&value=K.IVILDEADSMTSAAQAALR.R,RFC4,2.186e+6,2.260,0.047,1.329,0.002
39555,3,"  3.845","  0.443",10/68,/core/www/modules//sdig/index.php?run_id=110202&search_id=114132&scans_id=110198&peptide_id=31837&scanf=39555&charge=3&value=10/68,sp|Q06787|FMR1_HUMAN,/core/www/modules//consensus/?run_id=110202&search_id=114132&scans_id=110198&peptide_id=31837&scanf=39555&charge=3&value=sp|Q06787|FMR1_HUMAN,12,/core/www/modules/match_peptides/blast_html4.php?run_id=110202&search_id=114132&scans_id=110198&peptide_id=31837&scanf=39555&charge=3&value=12,K.DSIANATVLLDYHLNYLK.E,/core/www/modules/show_out/show_out_wrapper.php?run_id=110202&search_id=114132&scans_id=110198&peptide_id=31837&scanf=39555&charge=3&value=K.DSIANATVLLDYHLNYLK.E,FMR1,2.046e+6,2.607,0.015,1.830,0.000
39559,2,"  2.780","  0.425",11/20,/core/www/modules//sdig/index.php?run_id=110202&search_id=114132&scans_id=110198&peptide_id=31841&scanf=39559&charge=2&value=11/20,sp|Q92620|PRP16_HUMAN,/core/www/modules//consensus/?run_id=110202&search_id=114132&scans_id=110198&peptide_id=31841&scanf=39559&charge=2&value=sp|Q92620|PRP16_HUMAN,0,/core/www/modules/match_peptides/blast_html4.php?run_id=110202&search_id=114132&scans_id=110198&peptide_id=31841&scanf=39559&charge=2&value=0,R.TNLANVVLLLK.S,/core/www/modules/show_out/show_out_wrapper.php?run_id=110202&search_id=114132&scans_id=110198&peptide_id=31841&scanf=39559&charge=2&value=R.TNLANVVLLLK.S,DHX38,4.937e+6,2.962,0.004,2.351,0.000
39560,2,"  4.509","  0.464",15/28,/core/www/modules//sdig/index.php?run_id=110202&search_id=114132&scans_id=110198&peptide_id=31843&scanf=39560&charge=2&value=15/28,sp|Q5UIP0|RIF1_HUMAN,/core/www/modules//consensus/?run_id=110202&search_id=114132&scans_id=110198&peptide_id=31843&scanf=39560&charge=2&value=sp|Q5UIP0|RIF1_HUMAN,1,/core/www/modules/match_peptides/blast_html4.php?run_id=110202&search_id=114132&scans_id=110198&peptide_id=31843&scanf=39560&charge=2&value=1,R.GATALEMGMPLLLQK.Q,/core/www/modules/show_out/show_out_wrapper.php?run_id=110202&search_id=114132&scans_id=110198&peptide_id=31843&scanf=39560&charge=2&value=R.GATALEMGMPLLLQK.Q,RIF1,6.855e+6,3.042,0.003,2.470,0.000
39564,2,"  3.185","  0.391",13/26,/core/www/modules//sdig/index.php?run_id=110202&search_id=114132&scans_id=110198&peptide_id=31846&scanf=39564&charge=2&value=13/26,sp|A6NNZ2|TBB8B_HUMAN,/core/www/modules//consensus/?run_id=110202&search_id=114132&scans_id=110198&peptide_id=31846&scanf=39564&charge=2&value=sp|A6NNZ2|TBB8B_HUMAN,12,/core/www/modules/match_peptides/blast_html4.php?run_id=110202&search_id=114132&scans_id=110198&peptide_id=31846&scanf=39564&charge=2&value=12,R.LHFFMPGFAPLTSR.G,/core/www/modules/show_out/show_out_wrapper.php?run_id=110202&search_id=114132&scans_id=110198&peptide_id=31846&scanf=39564&charge=2&value=R.LHFFMPGFAPLTSR.G,TUBB8B,7.792e+6,2.581,0.016,1.793,0.000
39565,2,"  2.813","  0.700",14/24,/core/www/modules//sdig/index.php?run_id=110202&search_id=114132&scans_id=110198&peptide_id=31847&scanf=39565&charge=2&value=14/24,sp|P07741|APT_HUMAN,/core/www/modules//consensus/?run_id=110202&search_id=114132&scans_id=110198&peptide_id=31847&scanf=39565&charge=2&value=sp|P07741|APT_HUMAN,4,/core/www/modules/match_peptides/blast_html4.php?run_id=110202&search_id=114132&scans_id=110198&peptide_id=31847&scanf=39565&charge=2&value=4,R.SFPDFPTPGVVFR.D,/core/www/modules/show_out/show_out_wrapper.php?run_id=110202&search_id=114132&scans_id=110198&peptide_id=31847&scanf=39565&charge=2&value=R.SFPDFPTPGVVFR.D,APRT,7.352e+6,3.742,0.000,3.507,0.000
39566,2,"  3.620","  0.597",13/30,/core/www/modules//sdig/index.php?run_id=110202&search_id=114132&scans_id=110198&peptide_id=31848&scanf=39566&charge=2&value=13/30,sp|P11177|ODPB_HUMAN,/core/www/modules//consensus/?run_id=110202&search_id=114132&scans_id=110198&peptide_id=31848&scanf=39566&charge=2&value=sp|P11177|ODPB_HUMAN,0,/core/www/modules/match_peptides/blast_html4.php?run_id=110202&search_id=114132&scans_id=110198&peptide_id=31848&scanf=39566&charge=2&value=0,R.IMEGPAFNFLDAPAVR.V,/core/www/modules/show_out/show_out_wrapper.php?run_id=110202&search_id=114132&scans_id=110198&peptide_id=31848&scanf=39566&charge=2&value=R.IMEGPAFNFLDAPAVR.V,PDHB,4.934e+6,3.106,0.003,2.565,0.000
39567,3,"  3.142","  0.580",16/56,/core/www/modules//sdig/index.php?run_id=110202&search_id=114132&scans_id=110198&peptide_id=31849&scanf=39567&charge=3&value=16/56,sp|P07900|HS90A_HUMAN,/core/www/modules//consensus/?run_id=110202&search_id=114132&scans_id=110198&peptide_id=31849&scanf=39567&charge=3&value=sp|P07900|HS90A_HUMAN,2,/core/www/modules/match_peptides/blast_html4.php?run_id=110202&search_id=114132&scans_id=110198&peptide_id=31849&scanf=39567&charge=3&value=2,K.HSQFIGYPITLFVEK.E,/core/www/modules/show_out/show_out_wrapper.php?run_id=110202&search_id=114132&scans_id=110198&peptide_id=31849&scanf=39567&charge=3&value=K.HSQFIGYPITLFVEK.E,HSP90AA1,7.504e+7,3.628,0.000,3.338,0.000
39570,3,"  4.763","  0.614",19/92,/core/www/modules//sdig/index.php?run_id=110202&search_id=114132&scans_id=110198&peptide_id=31853&scanf=39570&charge=3&value=19/92,sp|Q14204|DYHC1_HUMAN,/core/www/modules//consensus/?run_id=110202&search_id=114132&scans_id=110198&peptide_id=31853&scanf=39570&charge=3&value=sp|Q14204|DYHC1_HUMAN,27,/core/www/modules/match_peptides/blast_html4.php?run_id=110202&search_id=114132&scans_id=110198&peptide_id=31853&scanf=39570&charge=3&value=27,K.VLQLYQITQINHGLMMVGPSGSGK.S,/core/www/modules/show_out/show_out_wrapper.php?run_id=110202&search_id=114132&scans_id=110198&peptide_id=31853&scanf=39570&charge=3&value=K.VLQLYQITQINHGLMMVGPSGSGK.S,DYNC1H1,1.166e+6,3.366,0.001,2.950,0.000
39572,3,"  2.476","  0.431",13/52,/core/www/modules//sdig/index.php?run_id=110202&search_id=114132&scans_id=110198&peptide_id=31855&scanf=39572&charge=3&value=13/52,sp|Q9NWY4|HPF1_HUMAN,/core/www/modules//consensus/?run_id=110202&search_id=114132&scans_id=110198&peptide_id=31855&scanf=39572&charge=3&value=sp|Q9NWY4|HPF1_HUMAN,0,/core/www/modules/match_peptides/blast_html4.php?run_id=110202&search_id=114132&scans_id=110198&peptide_id=31855&scanf=39572&charge=3&value=0,R.NLFAEIIEEHLANR.S,/core/www/modules/show_out/show_out_wrapper.php?run_id=110202&search_id=114132&scans_id=110198&peptide_id=31855&scanf=39572&charge=3&value=R.NLFAEIIEEHLANR.S,HPF1,2.020e+6,2.769,0.009,2.067,0.000
39573,3,"  4.216","  0.657",25/88,/core/www/modules//sdig/index.php?run_id=110202&search_id=114132&scans_id=110198&peptide_id=31856&scanf=39573&charge=3&value=25/88,sp|Q15050|RRS1_HUMAN,/core/www/modules//consensus/?run_id=110202&search_id=114132&scans_id=110198&peptide_id=31856&scanf=39573&charge=3&value=sp|Q15050|RRS1_HUMAN,0,/core/www/modules/match_peptides/blast_html4.php?run_id=110202&search_id=114132&scans_id=110198&peptide_id=31856&scanf=39573&charge=3&value=0,R.DDTKEWLIEVPGNADPLEDQFAK.R,/core/www/modules/show_out/show_out_wrapper.php?run_id=110202&search_id=114132&scans_id=110198&peptide_id=31856&scanf=39573&charge=3&value=R.DDTKEWLIEVPGNADPLEDQFAK.R,RRS1,1.733e+6,3.037,0.003,2.463,0.000
39574,2,"  4.715","  0.657",18/36,/core/www/modules//sdig/index.php?run_id=110202&search_id=114132&scans_id=110198&peptide_id=31857&scanf=39574&charge=2&value=18/36,sp|P35606|COPB2_HUMAN,/core/www/modules//consensus/?run_id=110202&search_id=114132&scans_id=110198&peptide_id=31857&scanf=39574&charge=2&value=sp|P35606|COPB2_HUMAN,3,/core/www/modules/match_peptides/blast_html4.php?run_id=110202&search_id=114132&scans_id=110198&peptide_id=31857&scanf=39574&charge=2&value=3,K.AAESLADPTEYENLFPGLK.E,/core/www/modules/show_out/show_out_wrapper.php?run_id=110202&search_id=114132&scans_id=110198&peptide_id=31857&scanf=39574&charge=2&value=K.AAESLADPTEYENLFPGLK.E,COPB2,3.734e+6,3.469,0.001,3.102,0.000
39578,3,"  2.640","  0.344",7/60,/core/www/modules//sdig/index.php?run_id=110202&search_id=114132&scans_id=110198&peptide_id=31861&scanf=39578&charge=3&value=7/60,sp|P38571|LICH_HUMAN,/core/www/modules//consensus/?run_id=110202&search_id=114132&scans_id=110198&peptide_id=31861&scanf=39578&charge=3&value=sp|P38571|LICH_HUMAN,2,/core/www/modules/match_peptides/blast_html4.php?run_id=110202&search_id=114132&scans_id=110198&peptide_id=31861&scanf=39578&charge=3&value=2,K.DLFGDKEFLPQSAFLK.W,/core/www/modules/show_out/show_out_wrapper.php?run_id=110202&search_id=114132&scans_id=110198&peptide_id=31861&scanf=39578&charge=3&value=K.DLFGDKEFLPQSAFLK.W,LIPA,7.155e+5,1.920,0.135,0.868,0.007
39579,3,"  4.626","  0.631",21/52,/core/www/modules//sdig/index.php?run_id=110202&search_id=114132&scans_id=110198&peptide_id=31862&scanf=39579&charge=3&value=21/52,sp|Q8IXT5|RB12B_HUMAN,/core/www/modules//consensus/?run_id=110202&search_id=114132&scans_id=110198&peptide_id=31862&scanf=39579&charge=3&value=sp|Q8IXT5|RB12B_HUMAN,1,/core/www/modules/match_peptides/blast_html4.php?run_id=110202&search_id=114132&scans_id=110198&peptide_id=31862&scanf=39579&charge=3&value=1,K.ANVNEILDFFHGYR.I,/core/www/modules/show_out/show_out_wrapper.php?run_id=110202&search_id=114132&scans_id=110198&peptide_id=31862&scanf=39579&charge=3&value=K.ANVNEILDFFHGYR.I,RBM12B,2.004e+7,3.977,0.000,3.855,0.000
39586,3,"  4.090","  0.637",17/60,/core/www/modules//sdig/index.php?run_id=110202&search_id=114132&scans_id=110198&peptide_id=31869&scanf=39586&charge=3&value=17/60,sp|O75643|U520_HUMAN,/core/www/modules//consensus/?run_id=110202&search_id=114132&scans_id=110198&peptide_id=31869&scanf=39586&charge=3&value=sp|O75643|U520_HUMAN,0,/core/www/modules/match_peptides/blast_html4.php?run_id=110202&search_id=114132&scans_id=110198&peptide_id=31869&scanf=39586&charge=3&value=0,K.GVESVFDIMEMEDEER.N,/core/www/modules/show_out/show_out_wrapper.php?run_id=110202&search_id=114132&scans_id=110198&peptide_id=31869&scanf=39586&charge=3&value=K.GVESVFDIMEMEDEER.N,SNRNP200,4.964e+6,3.824,0.000,3.628,0.000
39591,3,"  4.430","  0.615",20/88,/core/www/modules//sdig/index.php?run_id=110202&search_id=114132&scans_id=110198&peptide_id=31875&scanf=39591&charge=3&value=20/88,sp|P78346|RPP30_HUMAN,/core/www/modules//consensus/?run_id=110202&search_id=114132&scans_id=110198&peptide_id=31875&scanf=39591&charge=3&value=sp|P78346|RPP30_HUMAN,1,/core/www/modules/match_peptides/blast_html4.php?run_id=110202&search_id=114132&scans_id=110198&peptide_id=31875&scanf=39591&charge=3&value=1,K.KQEIEKPVAVSELFTTLPIVQGK.S,/core/www/modules/show_out/show_out_wrapper.php?run_id=110202&search_id=114132&scans_id=110198&peptide_id=31875&scanf=39591&charge=3&value=K.KQEIEKPVAVSELFTTLPIVQGK.S,RPP30,9.528e+5,2.854,0.006,2.192,0.000
39592,2,"  4.447","  0.711",17/28,/core/www/modules//sdig/index.php?run_id=110202&search_id=114132&scans_id=110198&peptide_id=31876&scanf=39592&charge=2&value=17/28,sp|O60506|HNRPQ_HUMAN,/core/www/modules//consensus/?run_id=110202&search_id=114132&scans_id=110198&peptide_id=31876&scanf=39592&charge=2&value=sp|O60506|HNRPQ_HUMAN,7,/core/www/modules/match_peptides/blast_html4.php?run_id=110202&search_id=114132&scans_id=110198&peptide_id=31876&scanf=39592&charge=2&value=7,K.EFNEDGALAVLQQFK.D,/core/www/modules/show_out/show_out_wrapper.php?run_id=110202&search_id=114132&scans_id=110198&peptide_id=31876&scanf=39592&charge=2&value=K.EFNEDGALAVLQQFK.D,SYNCRIP,3.862e+7,3.976,0.000,3.853,0.000
39593,2,"  4.153","  0.708",19/36,/core/www/modules//sdig/index.php?run_id=110202&search_id=114132&scans_id=110198&peptide_id=31877&scanf=39593&charge=2&value=19/36,sp|P27694|RFA1_HUMAN,/core/www/modules//consensus/?run_id=110202&search_id=114132&scans_id=110198&peptide_id=31877&scanf=39593&charge=2&value=sp|P27694|RFA1_HUMAN,1,/core/www/modules/match_peptides/blast_html4.php?run_id=110202&search_id=114132&scans_id=110198&peptide_id=31877&scanf=39593&charge=2&value=1,R.GWFDAEGQALDGVSISDLK.S,/core/www/modules/show_out/show_out_wrapper.php?run_id=110202&search_id=114132&scans_id=110198&peptide_id=31877&scanf=39593&charge=2&value=R.GWFDAEGQALDGVSISDLK.S,RPA1,2.301e+6,3.524,0.001,3.184,0.000
39594,3,"  5.929","  0.663",22/100,/core/www/modules//sdig/index.php?run_id=110202&search_id=114132&scans_id=110198&peptide_id=31878&scanf=39594&charge=3&value=22/100,sp|Q96SB8|SMC6_HUMAN,/core/www/modules//consensus/?run_id=110202&search_id=114132&scans_id=110198&peptide_id=31878&scanf=39594&charge=3&value=sp|Q96SB8|SMC6_HUMAN,0,/core/www/modules/match_peptides/blast_html4.php?run_id=110202&search_id=114132&scans_id=110198&peptide_id=31878&scanf=39594&charge=3&value=0,K.INQLSELADPLKDELNLADSEVDNQK.R,/core/www/modules/show_out/show_out_wrapper.php?run_id=110202&search_id=114132&scans_id=110198&peptide_id=31878&scanf=39594&charge=3&value=K.INQLSELADPLKDELNLADSEVDNQK.R,SMC6,1.216e+6,3.068,0.003,2.509,0.000
39595,2,"  2.225","  0.299",7/20,/core/www/modules//sdig/index.php?run_id=110202&search_id=114132&scans_id=110198&peptide_id=31879&scanf=39595&charge=2&value=7/20,sp|P50395|GDIB_HUMAN,/core/www/modules//consensus/?run_id=110202&search_id=114132&scans_id=110198&peptide_id=31879&scanf=39595&charge=2&value=sp|P50395|GDIB_HUMAN,0,/core/www/modules/match_peptides/blast_html4.php?run_id=110202&search_id=114132&scans_id=110198&peptide_id=31879&scanf=39595&charge=2&value=0,K.FVSISDLLVPK.D,/core/www/modules/show_out/show_out_wrapper.php?run_id=110202&search_id=114132&scans_id=110198&peptide_id=31879&scanf=39595&charge=2&value=K.FVSISDLLVPK.D,GDI2,8.633e+6,2.143,0.068,1.166,0.002
39597,3,"  3.276","  0.554",13/48,/core/www/modules//sdig/index.php?run_id=110202&search_id=114132&scans_id=110198&peptide_id=31881&scanf=39597&charge=3&value=13/48,sp|Q14160|SCRIB_HUMAN,/core/www/modules//consensus/?run_id=110202&search_id=114132&scans_id=110198&peptide_id=31881&scanf=39597&charge=3&value=sp|Q14160|SCRIB_HUMAN,5,/core/www/modules/match_peptides/blast_html4.php?run_id=110202&search_id=114132&scans_id=110198&peptide_id=31881&scanf=39597&charge=3&value=5,R.SLEELLLDANQLR.E,/core/www/modules/show_out/show_out_wrapper.php?run_id=110202&search_id=114132&scans_id=110198&peptide_id=31881&scanf=39597&charge=3&value=R.SLEELLLDANQLR.E,SCRIB,2.581e+6,3.333,0.001,2.900,0.000
39606,2,"  2.671","  0.452",12/18,/core/www/modules//sdig/index.php?run_id=110202&search_id=114132&scans_id=110198&peptide_id=31890&scanf=39606&charge=2&value=12/18,sp|P08670|VIME_HUMAN,/core/www/modules//consensus/?run_id=110202&search_id=114132&scans_id=110198&peptide_id=31890&scanf=39606&charge=2&value=sp|P08670|VIME_HUMAN,2,/core/www/modules/match_peptides/blast_html4.php?run_id=110202&search_id=114132&scans_id=110198&peptide_id=31890&scanf=39606&charge=2&value=2,K.ILLAELEQLK.G,/core/www/modules/show_out/show_out_wrapper.php?run_id=110202&search_id=114132&scans_id=110198&peptide_id=31890&scanf=39606&charge=2&value=K.ILLAELEQLK.G,VIM,2.375e+9,3.679,0.000,3.413,0.000
39607,3,"  3.011","  0.581",12/52,/core/www/modules//sdig/index.php?run_id=110202&search_id=114132&scans_id=110198&peptide_id=31891&scanf=39607&charge=3&value=12/52,sp|P38646|GRP75_HUMAN,/core/www/modules//consensus/?run_id=110202&search_id=114132&scans_id=110198&peptide_id=31891&scanf=39607&charge=3&value=sp|P38646|GRP75_HUMAN,7,/core/www/modules/match_peptides/blast_html4.php?run_id=110202&search_id=114132&scans_id=110198&peptide_id=31891&scanf=39607&charge=3&value=7,K.LYSPSQIGAFVLMK.M,/core/www/modules/show_out/show_out_wrapper.php?run_id=110202&search_id=114132&scans_id=110198&peptide_id=31891&scanf=39607&charge=3&value=K.LYSPSQIGAFVLMK.M,HSPA9,1.927e+6,3.407,0.001,3.011,0.000
39608,2,"  3.760","  0.562",16/34,/core/www/modules//sdig/index.php?run_id=110202&search_id=114132&scans_id=110198&peptide_id=31892&scanf=39608&charge=2&value=16/34,sp|P46940|IQGA1_HUMAN,/core/www/modules//consensus/?run_id=110202&search_id=114132&scans_id=110198&peptide_id=31892&scanf=39608&charge=2&value=sp|P46940|IQGA1_HUMAN,1,/core/www/modules/match_peptides/blast_html4.php?run_id=110202&search_id=114132&scans_id=110198&peptide_id=31892&scanf=39608&charge=2&value=1,K.NVIFEISPTEEVGDFEVK.A,/core/www/modules/show_out/show_out_wrapper.php?run_id=110202&search_id=114132&scans_id=110198&peptide_id=31892&scanf=39608&charge=2&value=K.NVIFEISPTEEVGDFEVK.A,IQGAP1,2.560e+6,3.081,0.003,2.528,0.000
39610,3,"  2.519","  0.484",12/64,/core/www/modules//sdig/index.php?run_id=110202&search_id=114132&scans_id=110198&peptide_id=31895&scanf=39610&charge=3&value=12/64,sp|Q14789|GOGB1_HUMAN,/core/www/modules//consensus/?run_id=110202&search_id=114132&scans_id=110198&peptide_id=31895&scanf=39610&charge=3&value=sp|Q14789|GOGB1_HUMAN,20,/core/www/modules/match_peptides/blast_html4.php?run_id=110202&search_id=114132&scans_id=110198&peptide_id=31895&scanf=39610&charge=3&value=20,R.AQVVDLLQQELTAAEQR.N,/core/www/modules/show_out/show_out_wrapper.php?run_id=110202&search_id=114132&scans_id=110198&peptide_id=31895&scanf=39610&charge=3&value=R.AQVVDLLQQELTAAEQR.N,GOLGB1,1.460e+6,2.778,0.008,2.081,0.000
39612,3,"  4.981","  0.641",16/80,/core/www/modules//sdig/index.php?run_id=110202&search_id=114132&scans_id=110198&peptide_id=31897&scanf=39612&charge=3&value=16/80,sp|Q68CP9|ARID2_HUMAN,/core/www/modules//consensus/?run_id=110202&search_id=114132&scans_id=110198&peptide_id=31897&scanf=39612&charge=3&value=sp|Q68CP9|ARID2_HUMAN,2,/core/www/modules/match_peptides/blast_html4.php?run_id=110202&search_id=114132&scans_id=110198&peptide_id=31897&scanf=39612&charge=3&value=2,R.AIPLPIQMYYQQQPVSTSVVR.V,/core/www/modules/show_out/show_out_wrapper.php?run_id=110202&search_id=114132&scans_id=110198&peptide_id=31897&scanf=39612&charge=3&value=R.AIPLPIQMYYQQQPVSTSVVR.V,ARID2,3.695e+6,3.377,0.001,2.967,0.000
39614,3,"  4.778","  0.613",14/56,/core/www/modules//sdig/index.php?run_id=110202&search_id=114132&scans_id=110198&peptide_id=31899&scanf=39614&charge=3&value=14/56,sp|O60506|HNRPQ_HUMAN,/core/www/modules//consensus/?run_id=110202&search_id=114132&scans_id=110198&peptide_id=31899&scanf=39614&charge=3&value=sp|O60506|HNRPQ_HUMAN,7,/core/www/modules/match_peptides/blast_html4.php?run_id=110202&search_id=114132&scans_id=110198&peptide_id=31899&scanf=39614&charge=3&value=7,K.EFNEDGALAVLQQFK.D,/core/www/modules/show_out/show_out_wrapper.php?run_id=110202&search_id=114132&scans_id=110198&peptide_id=31899&scanf=39614&charge=3&value=K.EFNEDGALAVLQQFK.D,SYNCRIP,2.298e+7,3.617,0.000,3.321,0.000
39615,2,"  2.659","  0.455",12/24,/core/www/modules//sdig/index.php?run_id=110202&search_id=114132&scans_id=110198&peptide_id=31900&scanf=39615&charge=2&value=12/24,sp|O60716|CTND1_HUMAN,/core/www/modules//consensus/?run_id=110202&search_id=114132&scans_id=110198&peptide_id=31900&scanf=39615&charge=2&value=sp|O60716|CTND1_HUMAN,6,/core/www/modules/match_peptides/blast_html4.php?run_id=110202&search_id=114132&scans_id=110198&peptide_id=31900&scanf=39615&charge=2&value=6,R.AAALVLQTIWGYK.E,/core/www/modules/show_out/show_out_wrapper.php?run_id=110202&search_id=114132&scans_id=110198&peptide_id=31900&scanf=39615&charge=2&value=R.AAALVLQTIWGYK.E,CTNND1,1.321e+6,2.781,0.008,2.085,0.000
39617,3,"  3.827","  0.677",15/48,/core/www/modules//sdig/index.php?run_id=110202&search_id=114132&scans_id=110198&peptide_id=31902&scanf=39617&charge=3&value=15/48,sp|Q02880|TOP2B_HUMAN,/core/www/modules//consensus/?run_id=110202&search_id=114132&scans_id=110198&peptide_id=31902&scanf=39617&charge=3&value=sp|Q02880|TOP2B_HUMAN,4,/core/www/modules/match_peptides/blast_html4.php?run_id=110202&search_id=114132&scans_id=110198&peptide_id=31902&scanf=39617&charge=3&value=4,K.HGFLEEFITPIVK.A,/core/www/modules/show_out/show_out_wrapper.php?run_id=110202&search_id=114132&scans_id=110198&peptide_id=31902&scanf=39617&charge=3&value=K.HGFLEEFITPIVK.A,TOP2B,1.448e+7,3.973,0.000,3.849,0.000
39623,3,"  4.065","  0.577",19/96,/core/www/modules//sdig/index.php?run_id=110202&search_id=114132&scans_id=110198&peptide_id=31909&scanf=39623&charge=3&value=19/96,sp|Q8TAT6|NPL4_HUMAN,/core/www/modules//consensus/?run_id=110202&search_id=114132&scans_id=110198&peptide_id=31909&scanf=39623&charge=3&value=sp|Q8TAT6|NPL4_HUMAN,0,/core/www/modules/match_peptides/blast_html4.php?run_id=110202&search_id=114132&scans_id=110198&peptide_id=31909&scanf=39623&charge=3&value=0,R.AEVAAIYEPPQIGTQNSLELLEDPK.A,/core/www/modules/show_out/show_out_wrapper.php?run_id=110202&search_id=114132&scans_id=110198&peptide_id=31909&scanf=39623&charge=3&value=R.AEVAAIYEPPQIGTQNSLELLEDPK.A,NPLOC4,1.295e+6,2.975,0.004,2.371,0.000
39625,2,"  4.176","  0.719",19/34,/core/www/modules//sdig/index.php?run_id=110202&search_id=114132&scans_id=110198&peptide_id=31911&scanf=39625&charge=2&value=19/34,sp|Q99459|CDC5L_HUMAN,/core/www/modules//consensus/?run_id=110202&search_id=114132&scans_id=110198&peptide_id=31911&scanf=39625&charge=2&value=sp|Q99459|CDC5L_HUMAN,0,/core/www/modules/match_peptides/blast_html4.php?run_id=110202&search_id=114132&scans_id=110198&peptide_id=31911&scanf=39625&charge=2&value=0,K.LVLPAPQISDAELQEVVK.V,/core/www/modules/show_out/show_out_wrapper.php?run_id=110202&search_id=114132&scans_id=110198&peptide_id=31911&scanf=39625&charge=2&value=K.LVLPAPQISDAELQEVVK.V,CDC5L,5.700e+6,3.783,0.000,3.567,0.000
39627,2,"  1.726","  0.188",10/16,/core/www/modules//sdig/index.php?run_id=110202&search_id=114132&scans_id=110198&peptide_id=31912&scanf=39627&charge=2&value=10/16,sp|O60814|H2B1K_HUMAN,/core/www/modules//consensus/?run_id=110202&search_id=114132&scans_id=110198&peptide_id=31912&scanf=39627&charge=2&value=sp|O60814|H2B1K_HUMAN,16,/core/www/modules/match_peptides/blast_html4.php?run_id=110202&search_id=114132&scans_id=110198&peptide_id=31912&scanf=39627&charge=2&value=16,R.LLLPGELAK.H,/core/www/modules/show_out/show_out_wrapper.php?run_id=110202&search_id=114132&scans_id=110198&peptide_id=31912&scanf=39627&charge=2&value=R.LLLPGELAK.H,H2BC12,4.487e+9,2.454,0.025,1.607,0.001
39630,3,"  7.617","  0.679",29/96,/core/www/modules//sdig/index.php?run_id=110202&search_id=114132&scans_id=110198&peptide_id=31916&scanf=39630&charge=3&value=29/96,sp|P01111|RASN_HUMAN,/core/www/modules//consensus/?run_id=110202&search_id=114132&scans_id=110198&peptide_id=31916&scanf=39630&charge=3&value=sp|P01111|RASN_HUMAN,4,/core/www/modules/match_peptides/blast_html4.php?run_id=110202&search_id=114132&scans_id=110198&peptide_id=31916&scanf=39630&charge=3&value=4,K.SALTIQLIQNHFVDEYDPTIEDSYR.K,/core/www/modules/show_out/show_out_wrapper.php?run_id=110202&search_id=114132&scans_id=110198&peptide_id=31916&scanf=39630&charge=3&value=K.SALTIQLIQNHFVDEYDPTIEDSYR.K,NRAS,1.834e+6,3.646,0.000,3.364,0.000
39633,2,"  2.424","  0.407",10/24,/core/www/modules//sdig/index.php?run_id=110202&search_id=114132&scans_id=110198&peptide_id=31919&scanf=39633&charge=2&value=10/24,sp|A8MXV4|NUD19_HUMAN,/core/www/modules//consensus/?run_id=110202&search_id=114132&scans_id=110198&peptide_id=31919&scanf=39633&charge=2&value=sp|A8MXV4|NUD19_HUMAN,0,/core/www/modules/match_peptides/blast_html4.php?run_id=110202&search_id=114132&scans_id=110198&peptide_id=31919&scanf=39633&charge=2&value=0,K.EIWLPPPQFYEVR.R,/core/www/modules/show_out/show_out_wrapper.php?run_id=110202&search_id=114132&scans_id=110198&peptide_id=31919&scanf=39633&charge=2&value=K.EIWLPPPQFYEVR.R,NUDT19,1.034e+6,2.467,0.024,1.626,0.001
39634,2,"  4.548","  0.640",17/32,/core/www/modules//sdig/index.php?run_id=110202&search_id=114132&scans_id=110198&peptide_id=31920&scanf=39634&charge=2&value=17/32,sp|P78527|PRKDC_HUMAN,/core/www/modules//consensus/?run_id=110202&search_id=114132&scans_id=110198&peptide_id=31920&scanf=39634&charge=2&value=sp|P78527|PRKDC_HUMAN,0,/core/www/modules/match_peptides/blast_html4.php?run_id=110202&search_id=114132&scans_id=110198&peptide_id=31920&scanf=39634&charge=2&value=0,R.IMEFTTTLLNTSPEGWK.L,/core/www/modules/show_out/show_out_wrapper.php?run_id=110202&search_id=114132&scans_id=110198&peptide_id=31920&scanf=39634&charge=2&value=R.IMEFTTTLLNTSPEGWK.L,PRKDC,1.311e+7,4.273,0.000,4.295,0.000
39635,3,"  2.867","  0.578",16/80,/core/www/modules//sdig/index.php?run_id=110202&search_id=114132&scans_id=110198&peptide_id=31921&scanf=39635&charge=3&value=16/80,sp|Q9ULJ8|NEB1_HUMAN,/core/www/modules//consensus/?run_id=110202&search_id=114132&scans_id=110198&peptide_id=31921&scanf=39635&charge=3&value=sp|Q9ULJ8|NEB1_HUMAN,0,/core/www/modules/match_peptides/blast_html4.php?run_id=110202&search_id=114132&scans_id=110198&peptide_id=31921&scanf=39635&charge=3&value=0,K.SEIPSPQSQLLEDAEANLVGR.E,/core/www/modules/show_out/show_out_wrapper.php?run_id=110202&search_id=114132&scans_id=110198&peptide_id=31921&scanf=39635&charge=3&value=K.SEIPSPQSQLLEDAEANLVGR.E,PPP1R9A,2.026e+6,2.990,0.004,2.394,0.000
39636,2,"  2.481","  0.500",10/16,/core/www/modules//sdig/index.php?run_id=110202&search_id=114132&scans_id=110198&peptide_id=31922&scanf=39636&charge=2&value=10/16,sp|P05455|LA_HUMAN,/core/www/modules//consensus/?run_id=110202&search_id=114132&scans_id=110198&peptide_id=31922&scanf=39636&charge=2&value=sp|P05455|LA_HUMAN,0,/core/www/modules/match_peptides/blast_html4.php?run_id=110202&search_id=114132&scans_id=110198&peptide_id=31922&scanf=39636&charge=2&value=0,K.ETDLLILFK.D,/core/www/modules/show_out/show_out_wrapper.php?run_id=110202&search_id=114132&scans_id=110198&peptide_id=31922&scanf=39636&charge=2&value=K.ETDLLILFK.D,SSB,4.879e+6,3.351,0.001,2.928,0.000
39637,3,"  4.162","  0.562",15/80,/core/www/modules//sdig/index.php?run_id=110202&search_id=114132&scans_id=110198&peptide_id=31923&scanf=39637&charge=3&value=15/80,sp|Q68CP9|ARID2_HUMAN,/core/www/modules//consensus/?run_id=110202&search_id=114132&scans_id=110198&peptide_id=31923&scanf=39637&charge=3&value=sp|Q68CP9|ARID2_HUMAN,2,/core/www/modules/match_peptides/blast_html4.php?run_id=110202&search_id=114132&scans_id=110198&peptide_id=31923&scanf=39637&charge=3&value=2,R.AIPLPIQMYYQQQPVSTSVVR.V,/core/www/modules/show_out/show_out_wrapper.php?run_id=110202&search_id=114132&scans_id=110198&peptide_id=31923&scanf=39637&charge=3&value=R.AIPLPIQMYYQQQPVSTSVVR.V,ARID2,3.695e+6,3.052,0.003,2.485,0.000
39638,3,"  2.058","  0.269",8/60,/core/www/modules//sdig/index.php?run_id=110202&search_id=114132&scans_id=110198&peptide_id=31924&scanf=39638&charge=3&value=8/60,sp|Q96EY1|DNJA3_HUMAN,/core/www/modules//consensus/?run_id=110202&search_id=114132&scans_id=110198&peptide_id=31924&scanf=39638&charge=3&value=sp|Q96EY1|DNJA3_HUMAN,0,/core/www/modules/match_peptides/blast_html4.php?run_id=110202&search_id=114132&scans_id=110198&peptide_id=31924&scanf=39638&charge=3&value=0,K.FSQLAEAYEVLSDEVK.R,/core/www/modules/show_out/show_out_wrapper.php?run_id=110202&search_id=114132&scans_id=110198&peptide_id=31924&scanf=39638&charge=3&value=K.FSQLAEAYEVLSDEVK.R,DNAJA3,1.829e+6,2.020,0.100,0.998,0.005
39639,3,"  3.615","  0.447",16/72,/core/www/modules//sdig/index.php?run_id=110202&search_id=114132&scans_id=110198&peptide_id=31925&scanf=39639&charge=3&value=16/72,sp|P30154|2AAB_HUMAN,/core/www/modules//consensus/?run_id=110202&search_id=114132&scans_id=110198&peptide_id=31925&scanf=39639&charge=3&value=sp|P30154|2AAB_HUMAN,0,/core/www/modules/match_peptides/blast_html4.php?run_id=110202&search_id=114132&scans_id=110198&peptide_id=31925&scanf=39639&charge=3&value=0,K.SEIVPLFTSLASDEQDSVR.L,/core/www/modules/show_out/show_out_wrapper.php?run_id=110202&search_id=114132&scans_id=110198&peptide_id=31925&scanf=39639&charge=3&value=K.SEIVPLFTSLASDEQDSVR.L,PPP2R1B,1.865e+6,2.643,0.013,1.882,0.000
39640,3,"  4.638","  0.603",22/92,/core/www/modules//sdig/index.php?run_id=110202&search_id=114132&scans_id=110198&peptide_id=31927&scanf=39640&charge=3&value=22/92,sp|P21333|FLNA_HUMAN,/core/www/modules//consensus/?run_id=110202&search_id=114132&scans_id=110198&peptide_id=31927&scanf=39640&charge=3&value=sp|P21333|FLNA_HUMAN,1,/core/www/modules/match_peptides/blast_html4.php?run_id=110202&search_id=114132&scans_id=110198&peptide_id=31927&scanf=39640&charge=3&value=1,K.ASGPGLNTTGVPASLPVEFTIDAK.D,/core/www/modules/show_out/show_out_wrapper.php?run_id=110202&search_id=114132&scans_id=110198&peptide_id=31927&scanf=39640&charge=3&value=K.ASGPGLNTTGVPASLPVEFTIDAK.D,FLNA,8.501e+6,3.257,0.002,2.789,0.000
39641,2,"  3.814","  0.550",16/28,/core/www/modules//sdig/index.php?run_id=110202&search_id=114132&scans_id=110198&peptide_id=31928&scanf=39641&charge=2&value=16/28,sp|O95602|RPA1_HUMAN,/core/www/modules//consensus/?run_id=110202&search_id=114132&scans_id=110198&peptide_id=31928&scanf=39641&charge=2&value=sp|O95602|RPA1_HUMAN,1,/core/www/modules/match_peptides/blast_html4.php?run_id=110202&search_id=114132&scans_id=110198&peptide_id=31928&scanf=39641&charge=2&value=1,R.VLEVGALQAVYELER.I,/core/www/modules/show_out/show_out_wrapper.php?run_id=110202&search_id=114132&scans_id=110198&peptide_id=31928&scanf=39641&charge=2&value=R.VLEVGALQAVYELER.I,POLR1A,1.654e+6,3.333,0.001,2.901,0.000
39642,3,"  2.667","  0.473",11/44,/core/www/modules//sdig/index.php?run_id=110202&search_id=114132&scans_id=110198&peptide_id=31929&scanf=39642&charge=3&value=11/44,sp|Q9NWY4|HPF1_HUMAN,/core/www/modules//consensus/?run_id=110202&search_id=114132&scans_id=110198&peptide_id=31929&scanf=39642&charge=3&value=sp|Q9NWY4|HPF1_HUMAN,0,/core/www/modules/match_peptides/blast_html4.php?run_id=110202&search_id=114132&scans_id=110198&peptide_id=31929&scanf=39642&charge=3&value=0,K.LSLPEDFYHFWK.F,/core/www/modules/show_out/show_out_wrapper.php?run_id=110202&search_id=114132&scans_id=110198&peptide_id=31929&scanf=39642&charge=3&value=K.LSLPEDFYHFWK.F,HPF1,1.371e+6,3.043,0.003,2.471,0.000
39644,3,"  4.225","  0.476",15/64,/core/www/modules//sdig/index.php?run_id=110202&search_id=114132&scans_id=110198&peptide_id=31931&scanf=39644&charge=3&value=15/64,sp|Q15397|PUM3_HUMAN,/core/www/modules//consensus/?run_id=110202&search_id=114132&scans_id=110198&peptide_id=31931&scanf=39644&charge=3&value=sp|Q15397|PUM3_HUMAN,0,/core/www/modules/match_peptides/blast_html4.php?run_id=110202&search_id=114132&scans_id=110198&peptide_id=31931&scanf=39644&charge=3&value=0,K.VLEVQPEKLELIMDEMK.Q,/core/www/modules/show_out/show_out_wrapper.php?run_id=110202&search_id=114132&scans_id=110198&peptide_id=31931&scanf=39644&charge=3&value=K.VLEVQPEKLELIMDEMK.Q,PUM3,2.221e+7,2.692,0.011,1.954,0.000
39645,3,"  3.721","  0.547",16/56,/core/www/modules//sdig/index.php?run_id=110202&search_id=114132&scans_id=110198&peptide_id=31932&scanf=39645&charge=3&value=16/56,sp|O60506|HNRPQ_HUMAN,/core/www/modules//consensus/?run_id=110202&search_id=114132&scans_id=110198&peptide_id=31932&scanf=39645&charge=3&value=sp|O60506|HNRPQ_HUMAN,7,/core/www/modules/match_peptides/blast_html4.php?run_id=110202&search_id=114132&scans_id=110198&peptide_id=31932&scanf=39645&charge=3&value=7,K.EFNEDGALAVLQQFK.D,/core/www/modules/show_out/show_out_wrapper.php?run_id=110202&search_id=114132&scans_id=110198&peptide_id=31932&scanf=39645&charge=3&value=K.EFNEDGALAVLQQFK.D,SYNCRIP,2.298e+7,3.383,0.001,2.974,0.000
39649,3,"  2.492","  0.327",12/64,/core/www/modules//sdig/index.php?run_id=110202&search_id=114132&scans_id=110198&peptide_id=31935&scanf=39649&charge=3&value=12/64,sp|Q15397|PUM3_HUMAN,/core/www/modules//consensus/?run_id=110202&search_id=114132&scans_id=110198&peptide_id=31935&scanf=39649&charge=3&value=sp|Q15397|PUM3_HUMAN,0,/core/www/modules/match_peptides/blast_html4.php?run_id=110202&search_id=114132&scans_id=110198&peptide_id=31935&scanf=39649&charge=3&value=0,K.VLEVQPEKLELIMDEMK.Q,/core/www/modules/show_out/show_out_wrapper.php?run_id=110202&search_id=114132&scans_id=110198&peptide_id=31935&scanf=39649&charge=3&value=K.VLEVQPEKLELIMDEMK.Q,PUM3,2.221e+7,2.033,0.096,1.016,0.005
39653,2,"  4.192","  0.659",15/24,/core/www/modules//sdig/index.php?run_id=110202&search_id=114132&scans_id=110198&peptide_id=31940&scanf=39653&charge=2&value=15/24,sp|Q14160|SCRIB_HUMAN,/core/www/modules//consensus/?run_id=110202&search_id=114132&scans_id=110198&peptide_id=31940&scanf=39653&charge=2&value=sp|Q14160|SCRIB_HUMAN,5,/core/www/modules/match_peptides/blast_html4.php?run_id=110202&search_id=114132&scans_id=110198&peptide_id=31940&scanf=39653&charge=2&value=5,R.SLEELLLDANQLR.E,/core/www/modules/show_out/show_out_wrapper.php?run_id=110202&search_id=114132&scans_id=110198&peptide_id=31940&scanf=39653&charge=2&value=R.SLEELLLDANQLR.E,SCRIB,1.896e+6,3.803,0.000,3.597,0.000
39654,3,"  2.525","  0.427",12/56,/core/www/modules//sdig/index.php?run_id=110202&search_id=114132&scans_id=110198&peptide_id=31941&scanf=39654&charge=3&value=12/56,sp|Q9Y4C8|RBM19_HUMAN,/core/www/modules//consensus/?run_id=110202&search_id=114132&scans_id=110198&peptide_id=31941&scanf=39654&charge=3&value=sp|Q9Y4C8|RBM19_HUMAN,0,/core/www/modules/match_peptides/blast_html4.php?run_id=110202&search_id=114132&scans_id=110198&peptide_id=31941&scanf=39654&charge=3&value=0,K.NVMEFLAPLKPVAIR.I,/core/www/modules/show_out/show_out_wrapper.php?run_id=110202&search_id=114132&scans_id=110198&peptide_id=31941&scanf=39654&charge=3&value=K.NVMEFLAPLKPVAIR.I,RBM19,1.615e+6,2.735,0.010,2.018,0.000
39655,2,"  2.276","  0.409",8/14,/core/www/modules//sdig/index.php?run_id=110202&search_id=114132&scans_id=110198&peptide_id=31942&scanf=39655&charge=2&value=8/14,sp|P11166|GTR1_HUMAN,/core/www/modules//consensus/?run_id=110202&search_id=114132&scans_id=110198&peptide_id=31942&scanf=39655&charge=2&value=sp|P11166|GTR1_HUMAN,1,/core/www/modules/match_peptides/blast_html4.php?run_id=110202&search_id=114132&scans_id=110198&peptide_id=31942&scanf=39655&charge=2&value=1,K.VTILELFR.S,/core/www/modules/show_out/show_out_wrapper.php?run_id=110202&search_id=114132&scans_id=110198&peptide_id=31942&scanf=39655&charge=2&value=K.VTILELFR.S,SLC2A1,2.513e+6,2.958,0.005,2.347,0.000
39656,3,"  1.589","  0.289",9/44,/core/www/modules//sdig/index.php?run_id=110202&search_id=114132&scans_id=110198&peptide_id=31943&scanf=39656&charge=3&value=9/44,sp|O95104|SCAF4_HUMAN,/core/www/modules//consensus/?run_id=110202&search_id=114132&scans_id=110198&peptide_id=31943&scanf=39656&charge=3&value=sp|O95104|SCAF4_HUMAN,2,/core/www/modules/match_peptides/blast_html4.php?run_id=110202&search_id=114132&scans_id=110198&peptide_id=31943&scanf=39656&charge=3&value=2,K.VPGLYVIDSIVR.Q,/core/www/modules/show_out/show_out_wrapper.php?run_id=110202&search_id=114132&scans_id=110198&peptide_id=31943&scanf=39656&charge=3&value=K.VPGLYVIDSIVR.Q,SCAF4,1.430e+6,2.339,0.036,1.442,0.001
39658,2,"  2.278","  0.367",10/24,/core/www/modules//sdig/index.php?run_id=110202&search_id=114132&scans_id=110198&peptide_id=31945&scanf=39658&charge=2&value=10/24,sp|P05388|RLA0_HUMAN,/core/www/modules//consensus/?run_id=110202&search_id=114132&scans_id=110198&peptide_id=31945&scanf=39658&charge=2&value=sp|P05388|RLA0_HUMAN,4,/core/www/modules/match_peptides/blast_html4.php?run_id=110202&search_id=114132&scans_id=110198&peptide_id=31945&scanf=39658&charge=2&value=4,R.GTIEILSDVQLIK.T,/core/www/modules/show_out/show_out_wrapper.php?run_id=110202&search_id=114132&scans_id=110198&peptide_id=31945&scanf=39658&charge=2&value=R.GTIEILSDVQLIK.T,RPLP0,7.120e+7,2.464,0.024,1.621,0.001
39660,2,"  6.222","  0.757",26/42,/core/www/modules//sdig/index.php?run_id=110202&search_id=114132&scans_id=110198&peptide_id=31948&scanf=39660&charge=2&value=26/42,sp|P26368|U2AF2_HUMAN,/core/www/modules//consensus/?run_id=110202&search_id=114132&scans_id=110198&peptide_id=31948&scanf=39660&charge=2&value=sp|P26368|U2AF2_HUMAN,0,/core/www/modules/match_peptides/blast_html4.php?run_id=110202&search_id=114132&scans_id=110198&peptide_id=31948&scanf=39660&charge=2&value=0,R.SVDETTQAMAFDGIIFQGQSLK.I,/core/www/modules/show_out/show_out_wrapper.php?run_id=110202&search_id=114132&scans_id=110198&peptide_id=31948&scanf=39660&charge=2&value=R.SVDETTQAMAFDGIIFQGQSLK.I,U2AF2,1.292e+6,3.954,0.000,3.822,0.000
39664,2,"  2.562","  0.462",12/20,/core/www/modules//sdig/index.php?run_id=110202&search_id=114132&scans_id=110198&peptide_id=31952&scanf=39664&charge=2&value=12/20,sp|Q86Y56|DAAF5_HUMAN,/core/www/modules//consensus/?run_id=110202&search_id=114132&scans_id=110198&peptide_id=31952&scanf=39664&charge=2&value=sp|Q86Y56|DAAF5_HUMAN,2,/core/www/modules/match_peptides/blast_html4.php?run_id=110202&search_id=114132&scans_id=110198&peptide_id=31952&scanf=39664&charge=2&value=2,R.AIQDAILEVLK.E,/core/www/modules/show_out/show_out_wrapper.php?run_id=110202&search_id=114132&scans_id=110198&peptide_id=31952&scanf=39664&charge=2&value=R.AIQDAILEVLK.E,DNAAF5,2.911e+6,3.050,0.003,2.483,0.000
39666,3,"  1.613","  0.377",9/56,/core/www/modules//sdig/index.php?run_id=110202&search_id=114132&scans_id=110198&peptide_id=31954&scanf=39666&charge=3&value=9/56,sp|P49917|DNLI4_HUMAN,/core/www/modules//consensus/?run_id=110202&search_id=114132&scans_id=110198&peptide_id=31954&scanf=39666&charge=3&value=sp|P49917|DNLI4_HUMAN,1,/core/www/modules/match_peptides/blast_html4.php?run_id=110202&search_id=114132&scans_id=110198&peptide_id=31954&scanf=39666&charge=3&value=1,K.SLLQLITQSSALEQK.W,/core/www/modules/show_out/show_out_wrapper.php?run_id=110202&search_id=114132&scans_id=110198&peptide_id=31954&scanf=39666&charge=3&value=K.SLLQLITQSSALEQK.W,LIG4,1.061e+6,2.433,0.026,1.577,0.001
39667,3,"  4.681","  0.523",22/88,/core/www/modules//sdig/index.php?run_id=110202&search_id=114132&scans_id=110198&peptide_id=31955&scanf=39667&charge=3&value=22/88,sp|P60983|GMFB_HUMAN,/core/www/modules//consensus/?run_id=110202&search_id=114132&scans_id=110198&peptide_id=31955&scanf=39667&charge=3&value=sp|P60983|GMFB_HUMAN,1,/core/www/modules/match_peptides/blast_html4.php?run_id=110202&search_id=114132&scans_id=110198&peptide_id=31955&scanf=39667&charge=3&value=1,R.LVVLDEELEGISPDELKDELPER.Q,/core/www/modules/show_out/show_out_wrapper.php?run_id=110202&search_id=114132&scans_id=110198&peptide_id=31955&scanf=39667&charge=3&value=R.LVVLDEELEGISPDELKDELPER.Q,GMFB,1.192e+6,2.533,0.019,1.722,0.000
39669,2,"  3.064","  0.601",14/24,/core/www/modules//sdig/index.php?run_id=110202&search_id=114132&scans_id=110198&peptide_id=31956&scanf=39669&charge=2&value=14/24,sp|Q9UHB9|SRP68_HUMAN,/core/www/modules//consensus/?run_id=110202&search_id=114132&scans_id=110198&peptide_id=31956&scanf=39669&charge=2&value=sp|Q9UHB9|SRP68_HUMAN,0,/core/www/modules/match_peptides/blast_html4.php?run_id=110202&search_id=114132&scans_id=110198&peptide_id=31956&scanf=39669&charge=2&value=0,K.DLPDVQELITQVR.S,/core/www/modules/show_out/show_out_wrapper.php?run_id=110202&search_id=114132&scans_id=110198&peptide_id=31956&scanf=39669&charge=2&value=K.DLPDVQELITQVR.S,SRP68,1.170e+7,3.456,0.001,3.083,0.000
39671,3,"  3.962","  0.558",19/56,/core/www/modules//sdig/index.php?run_id=110202&search_id=114132&scans_id=110198&peptide_id=31959&scanf=39671&charge=3&value=19/56,sp|Q9NQG5|RPR1B_HUMAN,/core/www/modules//consensus/?run_id=110202&search_id=114132&scans_id=110198&peptide_id=31959&scanf=39671&charge=3&value=sp|Q9NQG5|RPR1B_HUMAN,0,/core/www/modules/match_peptides/blast_html4.php?run_id=110202&search_id=114132&scans_id=110198&peptide_id=31959&scanf=39671&charge=3&value=0,R.EFESVLVDAFSHVAR.E,/core/www/modules/show_out/show_out_wrapper.php?run_id=110202&search_id=114132&scans_id=110198&peptide_id=31959&scanf=39671&charge=3&value=R.EFESVLVDAFSHVAR.E,RPRD1B,8.360e+6,3.376,0.001,2.964,0.000
39672,2,"  5.671","  0.709",19/34,/core/www/modules//sdig/index.php?run_id=110202&search_id=114132&scans_id=110198&peptide_id=31960&scanf=39672&charge=2&value=19/34,sp|P78371|TCPB_HUMAN,/core/www/modules//consensus/?run_id=110202&search_id=114132&scans_id=110198&peptide_id=31960&scanf=39672&charge=2&value=sp|P78371|TCPB_HUMAN,2,/core/www/modules/match_peptides/blast_html4.php?run_id=110202&search_id=114132&scans_id=110198&peptide_id=31960&scanf=39672&charge=2&value=2,K.LGGSLADSYLDEGFLLDK.K,/core/www/modules/show_out/show_out_wrapper.php?run_id=110202&search_id=114132&scans_id=110198&peptide_id=31960&scanf=39672&charge=2&value=K.LGGSLADSYLDEGFLLDK.K,CCT2,3.805e+6,3.810,0.000,3.607,0.000
39673,3,"  3.737","  0.637",15/68,/core/www/modules//sdig/index.php?run_id=110202&search_id=114132&scans_id=110198&peptide_id=31961&scanf=39673&charge=3&value=15/68,sp|Q92922|SMRC1_HUMAN,/core/www/modules//consensus/?run_id=110202&search_id=114132&scans_id=110198&peptide_id=31961&scanf=39673&charge=3&value=sp|Q92922|SMRC1_HUMAN,0,/core/www/modules/match_peptides/blast_html4.php?run_id=110202&search_id=114132&scans_id=110198&peptide_id=31961&scanf=39673&charge=3&value=0,K.DMEDPTPVPNIEEVVLPK.N,/core/www/modules/show_out/show_out_wrapper.php?run_id=110202&search_id=114132&scans_id=110198&peptide_id=31961&scanf=39673&charge=3&value=K.DMEDPTPVPNIEEVVLPK.N,SMARCC1,4.571e+6,3.409,0.001,3.014,0.000
39676,3,"  3.612","  0.543",18/60,/core/www/modules//sdig/index.php?run_id=110202&search_id=114132&scans_id=110198&peptide_id=31964&scanf=39676&charge=3&value=18/60,sp|Q9Y224|RTRAF_HUMAN,/core/www/modules//consensus/?run_id=110202&search_id=114132&scans_id=110198&peptide_id=31964&scanf=39676&charge=3&value=sp|Q9Y224|RTRAF_HUMAN,0,/core/www/modules/match_peptides/blast_html4.php?run_id=110202&search_id=114132&scans_id=110198&peptide_id=31964&scanf=39676&charge=3&value=0,K.INEAIVAVQAIIADPK.T,/core/www/modules/show_out/show_out_wrapper.php?run_id=110202&search_id=114132&scans_id=110198&peptide_id=31964&scanf=39676&charge=3&value=K.INEAIVAVQAIIADPK.T,RTRAF,4.339e+6,3.282,0.001,2.825,0.000
39678,3,"  4.351","  0.466",13/72,/core/www/modules//sdig/index.php?run_id=110202&search_id=114132&scans_id=110198&peptide_id=31966&scanf=39678&charge=3&value=13/72,sp|P51003|PAPOA_HUMAN,/core/www/modules//consensus/?run_id=110202&search_id=114132&scans_id=110198&peptide_id=31966&scanf=39678&charge=3&value=sp|P51003|PAPOA_HUMAN,4,/core/www/modules/match_peptides/blast_html4.php?run_id=110202&search_id=114132&scans_id=110198&peptide_id=31966&scanf=39678&charge=3&value=4,R.LALQTIPEDLDLRDDSLLK.N,/core/www/modules/show_out/show_out_wrapper.php?run_id=110202&search_id=114132&scans_id=110198&peptide_id=31966&scanf=39678&charge=3&value=R.LALQTIPEDLDLRDDSLLK.N,PAPOLA,2.737e+6,2.503,0.021,1.678,0.000
39688,3,"  4.161","  0.581",18/68,/core/www/modules//sdig/index.php?run_id=110202&search_id=114132&scans_id=110198&peptide_id=31977&scanf=39688&charge=3&value=18/68,sp|Q9Y2X3|NOP58_HUMAN,/core/www/modules//consensus/?run_id=110202&search_id=114132&scans_id=110198&peptide_id=31977&scanf=39688&charge=3&value=sp|Q9Y2X3|NOP58_HUMAN,0,/core/www/modules/match_peptides/blast_html4.php?run_id=110202&search_id=114132&scans_id=110198&peptide_id=31977&scanf=39688&charge=3&value=0,K.FQDTAEALAAFTALM*EGK.I,/core/www/modules/show_out/show_out_wrapper.php?run_id=110202&search_id=114132&scans_id=110198&peptide_id=31977&scanf=39688&charge=3&value=K.FQDTAEALAAFTALM*EGK.I,NOP58,1.200e+6,3.229,0.002,2.747,0.000
39691,2,"  2.529","  0.614",12/24,/core/www/modules//sdig/index.php?run_id=110202&search_id=114132&scans_id=110198&peptide_id=31980&scanf=39691&charge=2&value=12/24,sp|P09874|PARP1_HUMAN,/core/www/modules//consensus/?run_id=110202&search_id=114132&scans_id=110198&peptide_id=31980&scanf=39691&charge=2&value=sp|P09874|PARP1_HUMAN,1,/core/www/modules/match_peptides/blast_html4.php?run_id=110202&search_id=114132&scans_id=110198&peptide_id=31980&scanf=39691&charge=2&value=1,K.VFSATLGLVDIVK.G,/core/www/modules/show_out/show_out_wrapper.php?run_id=110202&search_id=114132&scans_id=110198&peptide_id=31980&scanf=39691&charge=2&value=K.VFSATLGLVDIVK.G,PARP1,1.308e+7,3.337,0.001,2.907,0.000
39693,3,"  5.369","  0.683",22/92,/core/www/modules//sdig/index.php?run_id=110202&search_id=114132&scans_id=110198&peptide_id=31982&scanf=39693&charge=3&value=22/92,sp|O60506|HNRPQ_HUMAN,/core/www/modules//consensus/?run_id=110202&search_id=114132&scans_id=110198&peptide_id=31982&scanf=39693&charge=3&value=sp|O60506|HNRPQ_HUMAN,7,/core/www/modules/match_peptides/blast_html4.php?run_id=110202&search_id=114132&scans_id=110198&peptide_id=31982&scanf=39693&charge=3&value=7,K.VWGNVGTVEWADPIEDPDPEVMAK.V,/core/www/modules/show_out/show_out_wrapper.php?run_id=110202&search_id=114132&scans_id=110198&peptide_id=31982&scanf=39693&charge=3&value=K.VWGNVGTVEWADPIEDPDPEVMAK.V,SYNCRIP,1.977e+7,3.563,0.001,3.242,0.000
39695,2,"  3.190","  0.412",13/18,/core/www/modules//sdig/index.php?run_id=110202&search_id=114132&scans_id=110198&peptide_id=31984&scanf=39695&charge=2&value=13/18,sp|P62249|RS16_HUMAN,/core/www/modules//consensus/?run_id=110202&search_id=114132&scans_id=110198&peptide_id=31984&scanf=39695&charge=2&value=sp|P62249|RS16_HUMAN,5,/core/www/modules/match_peptides/blast_html4.php?run_id=110202&search_id=114132&scans_id=110198&peptide_id=31984&scanf=39695&charge=2&value=5,K.LLEPVLLLGK.E,/core/www/modules/show_out/show_out_wrapper.php?run_id=110202&search_id=114132&scans_id=110198&peptide_id=31984&scanf=39695&charge=2&value=K.LLEPVLLLGK.E,RPS16,3.647e+8,3.222,0.002,2.737,0.000
39696,2,"  2.897","  0.473",13/22,/core/www/modules//sdig/index.php?run_id=110202&search_id=114132&scans_id=110198&peptide_id=31985&scanf=39696&charge=2&value=13/22,sp|Q9UQ03|COR2B_HUMAN,/core/www/modules//consensus/?run_id=110202&search_id=114132&scans_id=110198&peptide_id=31985&scanf=39696&charge=2&value=sp|Q9UQ03|COR2B_HUMAN,0,/core/www/modules/match_peptides/blast_html4.php?run_id=110202&search_id=114132&scans_id=110198&peptide_id=31985&scanf=39696&charge=2&value=0,K.GLIEPISMIVPR.R,/core/www/modules/show_out/show_out_wrapper.php?run_id=110202&search_id=114132&scans_id=110198&peptide_id=31985&scanf=39696&charge=2&value=K.GLIEPISMIVPR.R,CORO2B,6.756e+6,3.086,0.003,2.535,0.000
39699,3,"  2.869","  0.312",13/76,/core/www/modules//sdig/index.php?run_id=110202&search_id=114132&scans_id=110198&peptide_id=31988&scanf=39699&charge=3&value=13/76,sp|Q6PI48|SYDM_HUMAN,/core/www/modules//consensus/?run_id=110202&search_id=114132&scans_id=110198&peptide_id=31988&scanf=39699&charge=3&value=sp|Q6PI48|SYDM_HUMAN,2,/core/www/modules/match_peptides/blast_html4.php?run_id=110202&search_id=114132&scans_id=110198&peptide_id=31988&scanf=39699&charge=3&value=2,R.NFAADHFNQEILPVFLNANR.N,/core/www/modules/show_out/show_out_wrapper.php?run_id=110202&search_id=114132&scans_id=110198&peptide_id=31988&scanf=39699&charge=3&value=R.NFAADHFNQEILPVFLNANR.N,DARS2,2.672e+6,2.138,0.069,1.160,0.002
39712,3,"  4.545","  0.610",16/88,/core/www/modules//sdig/index.php?run_id=110202&search_id=114132&scans_id=110198&peptide_id=32002&scanf=39712&charge=3&value=16/88,sp|P61978|HNRPK_HUMAN,/core/www/modules//consensus/?run_id=110202&search_id=114132&scans_id=110198&peptide_id=32002&scanf=39712&charge=3&value=sp|P61978|HNRPK_HUMAN,0,/core/www/modules/match_peptides/blast_html4.php?run_id=110202&search_id=114132&scans_id=110198&peptide_id=32002&scanf=39712&charge=3&value=0,R.IITITGTQDQIQNAQYLLQNSVK.Q,/core/www/modules/show_out/show_out_wrapper.php?run_id=110202&search_id=114132&scans_id=110198&peptide_id=32002&scanf=39712&charge=3&value=R.IITITGTQDQIQNAQYLLQNSVK.Q,HNRNPK,2.479e+8,3.368,0.001,2.953,0.000
39714,3,"  6.119","  0.730",29/120,/core/www/modules//sdig/index.php?run_id=110202&search_id=114132&scans_id=110198&peptide_id=32004&scanf=39714&charge=3&value=29/120,sp|P07910|HNRPC_HUMAN,/core/www/modules//consensus/?run_id=110202&search_id=114132&scans_id=110198&peptide_id=32004&scanf=39714&charge=3&value=sp|P07910|HNRPC_HUMAN,4,/core/www/modules/match_peptides/blast_html4.php?run_id=110202&search_id=114132&scans_id=110198&peptide_id=32004&scanf=39714&charge=3&value=4,R.SAAEMYGSVTEHPSPSPLLSSSFDLDYDFQR.D,/core/www/modules/show_out/show_out_wrapper.php?run_id=110202&search_id=114132&scans_id=110198&peptide_id=32004&scanf=39714&charge=3&value=R.SAAEMYGSVTEHPSPSPLLSSSFDLDYDFQR.D,HNRNPC,1.293e+6,3.407,0.001,3.011,0.000
39715,2,"  2.948","  0.600",19/32,/core/www/modules//sdig/index.php?run_id=110202&search_id=114132&scans_id=110198&peptide_id=32005&scanf=39715&charge=2&value=19/32,sp|Q9P2R7|SUCB1_HUMAN,/core/www/modules//consensus/?run_id=110202&search_id=114132&scans_id=110198&peptide_id=32005&scanf=39715&charge=2&value=sp|Q9P2R7|SUCB1_HUMAN,5,/core/www/modules/match_peptides/blast_html4.php?run_id=110202&search_id=114132&scans_id=110198&peptide_id=32005&scanf=39715&charge=2&value=5,K.MGFPPNIVESAAENMVK.L,/core/www/modules/show_out/show_out_wrapper.php?run_id=110202&search_id=114132&scans_id=110198&peptide_id=32005&scanf=39715&charge=2&value=K.MGFPPNIVESAAENMVK.L,SUCLA2,2.245e+6,3.345,0.001,2.919,0.000
39720,2,"  5.845","  0.766",22/38,/core/www/modules//sdig/index.php?run_id=110202&search_id=114132&scans_id=110198&peptide_id=32011&scanf=39720&charge=2&value=22/38,sp|A6NHR9|SMHD1_HUMAN,/core/www/modules//consensus/?run_id=110202&search_id=114132&scans_id=110198&peptide_id=32011&scanf=39720&charge=2&value=sp|A6NHR9|SMHD1_HUMAN,3,/core/www/modules/match_peptides/blast_html4.php?run_id=110202&search_id=114132&scans_id=110198&peptide_id=32011&scanf=39720&charge=2&value=3,K.TNILNSEQVIVEVLPNQPVK.L,/core/www/modules/show_out/show_out_wrapper.php?run_id=110202&search_id=114132&scans_id=110198&peptide_id=32011&scanf=39720&charge=2&value=K.TNILNSEQVIVEVLPNQPVK.L,SMCHD1,2.468e+6,4.175,0.000,4.149,0.000
39721,3,"  6.160","  0.709",26/96,/core/www/modules//sdig/index.php?run_id=110202&search_id=114132&scans_id=110198&peptide_id=32012&scanf=39721&charge=3&value=26/96,sp|O43707|ACTN4_HUMAN,/core/www/modules//consensus/?run_id=110202&search_id=114132&scans_id=110198&peptide_id=32012&scanf=39721&charge=3&value=sp|O43707|ACTN4_HUMAN,3,/core/www/modules/match_peptides/blast_html4.php?run_id=110202&search_id=114132&scans_id=110198&peptide_id=32012&scanf=39721&charge=3&value=3,R.VEQIAAIAQELNELDYYDSHNVNTR.C,/core/www/modules/show_out/show_out_wrapper.php?run_id=110202&search_id=114132&scans_id=110198&peptide_id=32012&scanf=39721&charge=3&value=R.VEQIAAIAQELNELDYYDSHNVNTR.C,ACTN4,1.078e+6,3.965,0.000,3.837,0.000
39722,3,"  3.737","  0.534",15/64,/core/www/modules//sdig/index.php?run_id=110202&search_id=114132&scans_id=110198&peptide_id=32013&scanf=39722&charge=3&value=15/64,sp|Q12824|SNF5_HUMAN,/core/www/modules//consensus/?run_id=110202&search_id=114132&scans_id=110198&peptide_id=32013&scanf=39722&charge=3&value=sp|Q12824|SNF5_HUMAN,2,/core/www/modules/match_peptides/blast_html4.php?run_id=110202&search_id=114132&scans_id=110198&peptide_id=32013&scanf=39722&charge=3&value=2,K.TYAFSENPLPTVEIAIR.N,/core/www/modules/show_out/show_out_wrapper.php?run_id=110202&search_id=114132&scans_id=110198&peptide_id=32013&scanf=39722&charge=3&value=K.TYAFSENPLPTVEIAIR.N,SMARCB1,2.158e+6,3.151,0.002,2.631,0.000
39723,3,"  2.636","  0.306",10/92,/core/www/modules//sdig/index.php?run_id=110202&search_id=114132&scans_id=110198&peptide_id=32014&scanf=39723&charge=3&value=10/92,sp|Q14204|DYHC1_HUMAN,/core/www/modules//consensus/?run_id=110202&search_id=114132&scans_id=110198&peptide_id=32014&scanf=39723&charge=3&value=sp|Q14204|DYHC1_HUMAN,27,/core/www/modules/match_peptides/blast_html4.php?run_id=110202&search_id=114132&scans_id=110198&peptide_id=32014&scanf=39723&charge=3&value=27,K.VLQLYQITQINHGLMMVGPSGSGK.S,/core/www/modules/show_out/show_out_wrapper.php?run_id=110202&search_id=114132&scans_id=110198&peptide_id=32014&scanf=39723&charge=3&value=K.VLQLYQITQINHGLMMVGPSGSGK.S,DYNC1H1,1.166e+6,2.078,0.084,1.077,0.003
39724,3,"  3.906","  0.376",13/76,/core/www/modules//sdig/index.php?run_id=110202&search_id=114132&scans_id=110198&peptide_id=32015&scanf=39724&charge=3&value=13/76,sp|O75643|U520_HUMAN,/core/www/modules//consensus/?run_id=110202&search_id=114132&scans_id=110198&peptide_id=32015&scanf=39724&charge=3&value=sp|O75643|U520_HUMAN,1,/core/www/modules/match_peptides/blast_html4.php?run_id=110202&search_id=114132&scans_id=110198&peptide_id=32015&scanf=39724&charge=3&value=1,R.QVLDLEDLVFTQGSHFM*ANK.R,/core/www/modules/show_out/show_out_wrapper.php?run_id=110202&search_id=114132&scans_id=110198&peptide_id=32015&scanf=39724&charge=3&value=R.QVLDLEDLVFTQGSHFM*ANK.R,SNRNP200,1.425e+6,2.658,0.012,1.904,0.000
39730,2,"  1.639","  0.314",8/16,/core/www/modules//sdig/index.php?run_id=110202&search_id=114132&scans_id=110198&peptide_id=32021&scanf=39730&charge=2&value=8/16,sp|P48735|IDHP_HUMAN,/core/www/modules//consensus/?run_id=110202&search_id=114132&scans_id=110198&peptide_id=32021&scanf=39730&charge=2&value=sp|P48735|IDHP_HUMAN,1,/core/www/modules/match_peptides/blast_html4.php?run_id=110202&search_id=114132&scans_id=110198&peptide_id=32021&scanf=39730&charge=2&value=1,K.DIFQEIFDK.H,/core/www/modules/show_out/show_out_wrapper.php?run_id=110202&search_id=114132&scans_id=110198&peptide_id=32021&scanf=39730&charge=2&value=K.DIFQEIFDK.H,IDH2,7.759e+5,2.466,0.024,1.624,0.001
39732,2,"  5.013","  0.739",18/32,/core/www/modules//sdig/index.php?run_id=110202&search_id=114132&scans_id=110198&peptide_id=32022&scanf=39732&charge=2&value=18/32,sp|P05388|RLA0_HUMAN,/core/www/modules//consensus/?run_id=110202&search_id=114132&scans_id=110198&peptide_id=32022&scanf=39732&charge=2&value=sp|P05388|RLA0_HUMAN,4,/core/www/modules/match_peptides/blast_html4.php?run_id=110202&search_id=114132&scans_id=110198&peptide_id=32022&scanf=39732&charge=2&value=4,R.VLALSVETDYTFPLAEK.V,/core/www/modules/show_out/show_out_wrapper.php?run_id=110202&search_id=114132&scans_id=110198&peptide_id=32022&scanf=39732&charge=2&value=R.VLALSVETDYTFPLAEK.V,RPLP0,1.836e+7,3.890,0.000,3.726,0.000
39733,2,"  1.760","  0.484",10/22,/core/www/modules//sdig/index.php?run_id=110202&search_id=114132&scans_id=110198&peptide_id=32023&scanf=39733&charge=2&value=10/22,sp|P62195|PRS8_HUMAN,/core/www/modules//consensus/?run_id=110202&search_id=114132&scans_id=110198&peptide_id=32023&scanf=39733&charge=2&value=sp|P62195|PRS8_HUMAN,6,/core/www/modules/match_peptides/blast_html4.php?run_id=110202&search_id=114132&scans_id=110198&peptide_id=32023&scanf=39733&charge=2&value=6,K.VDPLVSLMMVEK.V,/core/www/modules/show_out/show_out_wrapper.php?run_id=110202&search_id=114132&scans_id=110198&peptide_id=32023&scanf=39733&charge=2&value=K.VDPLVSLMMVEK.V,PSMC5,9.866e+6,2.948,0.005,2.331,0.000
39737,2,"  4.661","  0.316",17/36,/core/www/modules//sdig/index.php?run_id=110202&search_id=114132&scans_id=110198&peptide_id=32027&scanf=39737&charge=2&value=17/36,sp|O00232|PSD12_HUMAN,/core/www/modules//consensus/?run_id=110202&search_id=114132&scans_id=110198&peptide_id=32027&scanf=39737&charge=2&value=sp|O00232|PSD12_HUMAN,0,/core/www/modules/match_peptides/blast_html4.php?run_id=110202&search_id=114132&scans_id=110198&peptide_id=32027&scanf=39737&charge=2&value=0,K.EAASILQELQVETYGSMEK.K,/core/www/modules/show_out/show_out_wrapper.php?run_id=110202&search_id=114132&scans_id=110198&peptide_id=32027&scanf=39737&charge=2&value=K.EAASILQELQVETYGSMEK.K,PSMD12,2.841e+6,2.270,0.045,1.343,0.002
39744,3,"  3.159","  0.382",14/76,/core/www/modules//sdig/index.php?run_id=110202&search_id=114132&scans_id=110198&peptide_id=32035&scanf=39744&charge=3&value=14/76,sp|O60216|RAD21_HUMAN,/core/www/modules//consensus/?run_id=110202&search_id=114132&scans_id=110198&peptide_id=32035&scanf=39744&charge=3&value=sp|O60216|RAD21_HUMAN,1,/core/www/modules/match_peptides/blast_html4.php?run_id=110202&search_id=114132&scans_id=110198&peptide_id=32035&scanf=39744&charge=3&value=1,R.AQLSDYSDIVTTLDLAPPTK.K,/core/www/modules/show_out/show_out_wrapper.php?run_id=110202&search_id=114132&scans_id=110198&peptide_id=32035&scanf=39744&charge=3&value=R.AQLSDYSDIVTTLDLAPPTK.K,RAD21,3.949e+6,2.388,0.031,1.512,0.001
39751,3,"  2.407","  0.436",10/56,/core/www/modules//sdig/index.php?run_id=110202&search_id=114132&scans_id=110198&peptide_id=32043&scanf=39751&charge=3&value=10/56,sp|P08133|ANXA6_HUMAN,/core/www/modules//consensus/?run_id=110202&search_id=114132&scans_id=110198&peptide_id=32043&scanf=39751&charge=3&value=sp|P08133|ANXA6_HUMAN,1,/core/www/modules/match_peptides/blast_html4.php?run_id=110202&search_id=114132&scans_id=110198&peptide_id=32043&scanf=39751&charge=3&value=1,K.WGTDEAQFIYILGNR.S,/core/www/modules/show_out/show_out_wrapper.php?run_id=110202&search_id=114132&scans_id=110198&peptide_id=32043&scanf=39751&charge=3&value=K.WGTDEAQFIYILGNR.S,ANXA6,1.319e+6,2.708,0.011,1.978,0.000
39753,2,"  2.425","  0.486",9/28,/core/www/modules//sdig/index.php?run_id=110202&search_id=114132&scans_id=110198&peptide_id=32044&scanf=39753&charge=2&value=9/28,sp|P33240|CSTF2_HUMAN,/core/www/modules//consensus/?run_id=110202&search_id=114132&scans_id=110198&peptide_id=32044&scanf=39753&charge=2&value=sp|P33240|CSTF2_HUMAN,4,/core/www/modules/match_peptides/blast_html4.php?run_id=110202&search_id=114132&scans_id=110198&peptide_id=32044&scanf=39753&charge=2&value=4,K.AVASLPPEQMFELMK.Q,/core/www/modules/show_out/show_out_wrapper.php?run_id=110202&search_id=114132&scans_id=110198&peptide_id=32044&scanf=39753&charge=2&value=K.AVASLPPEQMFELMK.Q,CSTF2,4.692e+6,2.625,0.014,1.857,0.000
39759,3,"  4.223","  0.610",17/48,/core/www/modules//sdig/index.php?run_id=110202&search_id=114132&scans_id=110198&peptide_id=32050&scanf=39759&charge=3&value=17/48,sp|Q9H8V3|ECT2_HUMAN,/core/www/modules//consensus/?run_id=110202&search_id=114132&scans_id=110198&peptide_id=32050&scanf=39759&charge=3&value=sp|Q9H8V3|ECT2_HUMAN,0,/core/www/modules/match_peptides/blast_html4.php?run_id=110202&search_id=114132&scans_id=110198&peptide_id=32050&scanf=39759&charge=3&value=0,R.LPSVALLLNDLKK.H,/core/www/modules/show_out/show_out_wrapper.php?run_id=110202&search_id=114132&scans_id=110198&peptide_id=32050&scanf=39759&charge=3&value=R.LPSVALLLNDLKK.H,ECT2,1.733e+6,3.387,0.001,2.981,0.000
39763,3,"  7.953","  0.721",33/116,/core/www/modules//sdig/index.php?run_id=110202&search_id=114132&scans_id=110198&peptide_id=32055&scanf=39763&charge=3&value=33/116,sp|O75533|SF3B1_HUMAN,/core/www/modules//consensus/?run_id=110202&search_id=114132&scans_id=110198&peptide_id=32055&scanf=39763&charge=3&value=sp|O75533|SF3B1_HUMAN,0,/core/www/modules/match_peptides/blast_html4.php?run_id=110202&search_id=114132&scans_id=110198&peptide_id=32055&scanf=39763&charge=3&value=0,K.TPIGTPAMNMATPTPGHIMSMTPEQLQAWR.W,/core/www/modules/show_out/show_out_wrapper.php?run_id=110202&search_id=114132&scans_id=110198&peptide_id=32055&scanf=39763&charge=3&value=K.TPIGTPAMNMATPTPGHIMSMTPEQLQAWR.W,SF3B1,4.998e+6,3.791,0.000,3.580,0.000
39764,2,"  2.728","  0.491",15/22,/core/www/modules//sdig/index.php?run_id=110202&search_id=114132&scans_id=110198&peptide_id=32056&scanf=39764&charge=2&value=15/22,sp|Q70CQ2|UBP34_HUMAN,/core/www/modules//consensus/?run_id=110202&search_id=114132&scans_id=110198&peptide_id=32056&scanf=39764&charge=2&value=sp|Q70CQ2|UBP34_HUMAN,1,/core/www/modules/match_peptides/blast_html4.php?run_id=110202&search_id=114132&scans_id=110198&peptide_id=32056&scanf=39764&charge=2&value=1,R.AAAYDLLVEMVK.G,/core/www/modules/show_out/show_out_wrapper.php?run_id=110202&search_id=114132&scans_id=110198&peptide_id=32056&scanf=39764&charge=2&value=R.AAAYDLLVEMVK.G,USP34,1.527e+6,3.164,0.002,2.650,0.000
39766,3,"  2.710","  0.335",8/60,/core/www/modules//sdig/index.php?run_id=110202&search_id=114132&scans_id=110198&peptide_id=32058&scanf=39766&charge=3&value=8/60,sp|Q92879|CELF1_HUMAN,/core/www/modules//consensus/?run_id=110202&search_id=114132&scans_id=110198&peptide_id=32058&scanf=39766&charge=3&value=sp|Q92879|CELF1_HUMAN,7,/core/www/modules/match_peptides/blast_html4.php?run_id=110202&search_id=114132&scans_id=110198&peptide_id=32058&scanf=39766&charge=3&value=7,R.ELFEQYGAVYEINVLR.D,/core/www/modules/show_out/show_out_wrapper.php?run_id=110202&search_id=114132&scans_id=110198&peptide_id=32058&scanf=39766&charge=3&value=R.ELFEQYGAVYEINVLR.D,CELF1,2.207e+6,2.159,0.065,1.188,0.002
39768,2,"  4.541","  0.664",18/38,/core/www/modules//sdig/index.php?run_id=110202&search_id=114132&scans_id=110198&peptide_id=32060&scanf=39768&charge=2&value=18/38,sp|P25705|ATPA_HUMAN,/core/www/modules//consensus/?run_id=110202&search_id=114132&scans_id=110198&peptide_id=32060&scanf=39768&charge=2&value=sp|P25705|ATPA_HUMAN,4,/core/www/modules/match_peptides/blast_html4.php?run_id=110202&search_id=114132&scans_id=110198&peptide_id=32060&scanf=39768&charge=2&value=4,K.GMSLNLEPDNVGVVVFGNDK.L,/core/www/modules/show_out/show_out_wrapper.php?run_id=110202&search_id=114132&scans_id=110198&peptide_id=32060&scanf=39768&charge=2&value=K.GMSLNLEPDNVGVVVFGNDK.L,ATP5F1A,5.089e+6,3.339,0.001,2.909,0.000
39772,3,"  2.985","  0.407",12/52,/core/www/modules//sdig/index.php?run_id=110202&search_id=114132&scans_id=110198&peptide_id=32065&scanf=39772&charge=3&value=12/52,sp|P33993|MCM7_HUMAN,/core/www/modules//consensus/?run_id=110202&search_id=114132&scans_id=110198&peptide_id=32065&scanf=39772&charge=3&value=sp|P33993|MCM7_HUMAN,0,/core/www/modules/match_peptides/blast_html4.php?run_id=110202&search_id=114132&scans_id=110198&peptide_id=32065&scanf=39772&charge=3&value=0,K.LFADAVQELLPQYK.E,/core/www/modules/show_out/show_out_wrapper.php?run_id=110202&search_id=114132&scans_id=110198&peptide_id=32065&scanf=39772&charge=3&value=K.LFADAVQELLPQYK.E,MCM7,5.274e+6,2.852,0.006,2.189,0.000
39775,4,"  2.896","  0.388",14/114,/core/www/modules//sdig/index.php?run_id=110202&search_id=114132&scans_id=110198&peptide_id=32067&scanf=39775&charge=4&value=14/114,sp|Q92841|DDX17_HUMAN,/core/www/modules//consensus/?run_id=110202&search_id=114132&scans_id=110198&peptide_id=32067&scanf=39775&charge=4&value=sp|Q92841|DDX17_HUMAN,2,/core/www/modules/match_peptides/blast_html4.php?run_id=110202&search_id=114132&scans_id=110198&peptide_id=32067&scanf=39775&charge=4&value=2,K.TLAYLLPAIVHINHQPYLER.G,/core/www/modules/show_out/show_out_wrapper.php?run_id=110202&search_id=114132&scans_id=110198&peptide_id=32067&scanf=39775&charge=4&value=K.TLAYLLPAIVHINHQPYLER.G,DDX17,8.595e+6,2.820,0.007,2.142,0.000
39778,3,"  3.310","  0.405",11/72,/core/www/modules//sdig/index.php?run_id=110202&search_id=114132&scans_id=110198&peptide_id=32070&scanf=39778&charge=3&value=11/72,sp|P13667|PDIA4_HUMAN,/core/www/modules//consensus/?run_id=110202&search_id=114132&scans_id=110198&peptide_id=32070&scanf=39778&charge=3&value=sp|P13667|PDIA4_HUMAN,2,/core/www/modules/match_peptides/blast_html4.php?run_id=110202&search_id=114132&scans_id=110198&peptide_id=32070&scanf=39778&charge=3&value=2,R.EVSQPDWTPPPEVTLVLTK.E,/core/www/modules/show_out/show_out_wrapper.php?run_id=110202&search_id=114132&scans_id=110198&peptide_id=32070&scanf=39778&charge=3&value=R.EVSQPDWTPPPEVTLVLTK.E,PDIA4,6.927e+6,2.490,0.022,1.660,0.001
39780,2,"  4.867","  0.717",15/28,/core/www/modules//sdig/index.php?run_id=110202&search_id=114132&scans_id=110198&peptide_id=32073&scanf=39780&charge=2&value=15/28,sp|P08133|ANXA6_HUMAN,/core/www/modules//consensus/?run_id=110202&search_id=114132&scans_id=110198&peptide_id=32073&scanf=39780&charge=2&value=sp|P08133|ANXA6_HUMAN,1,/core/www/modules/match_peptides/blast_html4.php?run_id=110202&search_id=114132&scans_id=110198&peptide_id=32073&scanf=39780&charge=2&value=1,K.WGTDEAQFIYILGNR.S,/core/www/modules/show_out/show_out_wrapper.php?run_id=110202&search_id=114132&scans_id=110198&peptide_id=32073&scanf=39780&charge=2&value=K.WGTDEAQFIYILGNR.S,ANXA6,1.547e+6,3.916,0.000,3.765,0.000
39781,3,"  3.966","  0.549",16/56,/core/www/modules//sdig/index.php?run_id=110202&search_id=114132&scans_id=110198&peptide_id=32074&scanf=39781&charge=3&value=16/56,sp|P47897|SYQ_HUMAN,/core/www/modules//consensus/?run_id=110202&search_id=114132&scans_id=110198&peptide_id=32074&scanf=39781&charge=3&value=sp|P47897|SYQ_HUMAN,4,/core/www/modules/match_peptides/blast_html4.php?run_id=110202&search_id=114132&scans_id=110198&peptide_id=32074&scanf=39781&charge=3&value=4,R.DRPMEESLLLFEAMR.K,/core/www/modules/show_out/show_out_wrapper.php?run_id=110202&search_id=114132&scans_id=110198&peptide_id=32074&scanf=39781&charge=3&value=R.DRPMEESLLLFEAMR.K,QARS1,6.334e+6,3.309,0.001,2.865,0.000
39790,3,"  1.655","  0.392",10/44,/core/www/modules//sdig/index.php?run_id=110202&search_id=114132&scans_id=110198&peptide_id=32084&scanf=39790&charge=3&value=10/44,sp|Q01780|EXOSX_HUMAN,/core/www/modules//consensus/?run_id=110202&search_id=114132&scans_id=110198&peptide_id=32084&scanf=39790&charge=3&value=sp|Q01780|EXOSX_HUMAN,0,/core/www/modules/match_peptides/blast_html4.php?run_id=110202&search_id=114132&scans_id=110198&peptide_id=32084&scanf=39790&charge=3&value=0,R.TEDFIIDTLELR.S,/core/www/modules/show_out/show_out_wrapper.php?run_id=110202&search_id=114132&scans_id=110198&peptide_id=32084&scanf=39790&charge=3&value=R.TEDFIIDTLELR.S,EXOSC10,1.100e+6,2.737,0.010,2.020,0.000
39795,3,"  5.711","  0.789",31/80,/core/www/modules//sdig/index.php?run_id=110202&search_id=114132&scans_id=110198&peptide_id=32088&scanf=39795&charge=3&value=31/80,sp|Q8TAQ2|SMRC2_HUMAN,/core/www/modules//consensus/?run_id=110202&search_id=114132&scans_id=110198&peptide_id=32088&scanf=39795&charge=3&value=sp|Q8TAQ2|SMRC2_HUMAN,1,/core/www/modules/match_peptides/blast_html4.php?run_id=110202&search_id=114132&scans_id=110198&peptide_id=32088&scanf=39795&charge=3&value=1,R.DIGEGNLSTAAAAALAAAAVK.A,/core/www/modules/show_out/show_out_wrapper.php?run_id=110202&search_id=114132&scans_id=110198&peptide_id=32088&scanf=39795&charge=3&value=R.DIGEGNLSTAAAAALAAAAVK.A,SMARCC2,4.581e+7,4.292,0.000,4.322,0.000
39796,3,"  2.270","  0.372",10/80,/core/www/modules//sdig/index.php?run_id=110202&search_id=114132&scans_id=110198&peptide_id=32089&scanf=39796&charge=3&value=10/80,sp|Q15907|RB11B_HUMAN,/core/www/modules//consensus/?run_id=110202&search_id=114132&scans_id=110198&peptide_id=32089&scanf=39796&charge=3&value=sp|Q15907|RB11B_HUMAN,1,/core/www/modules/match_peptides/blast_html4.php?run_id=110202&search_id=114132&scans_id=110198&peptide_id=32089&scanf=39796&charge=3&value=1,K.NNLSFIETSALDSTNVEEAFK.N,/core/www/modules/show_out/show_out_wrapper.php?run_id=110202&search_id=114132&scans_id=110198&peptide_id=32089&scanf=39796&charge=3&value=K.NNLSFIETSALDSTNVEEAFK.N,RAB11B,2.603e+6,2.216,0.054,1.268,0.002
39798,2,"  1.500","  0.093",8/22,/core/www/modules//sdig/index.php?run_id=110202&search_id=114132&scans_id=110198&peptide_id=32091&scanf=39798&charge=2&value=8/22,sp|P78527|PRKDC_HUMAN,/core/www/modules//consensus/?run_id=110202&search_id=114132&scans_id=110198&peptide_id=32091&scanf=39798&charge=2&value=sp|P78527|PRKDC_HUMAN,0,/core/www/modules/match_peptides/blast_html4.php?run_id=110202&search_id=114132&scans_id=110198&peptide_id=32091&scanf=39798&charge=2&value=0,K.DVDFMYVELIQR.C,/core/www/modules/show_out/show_out_wrapper.php?run_id=110202&search_id=114132&scans_id=110198&peptide_id=32091&scanf=39798&charge=2&value=K.DVDFMYVELIQR.C,PRKDC,1.059e+7,2.289,0.043,1.371,0.001
39800,2,"  4.868","  0.657",18/32,/core/www/modules//sdig/index.php?run_id=110202&search_id=114132&scans_id=110198&peptide_id=32094&scanf=39800&charge=2&value=18/32,sp|P19388|RPAB1_HUMAN,/core/www/modules//consensus/?run_id=110202&search_id=114132&scans_id=110198&peptide_id=32094&scanf=39800&charge=2&value=sp|P19388|RPAB1_HUMAN,2,/core/www/modules/match_peptides/blast_html4.php?run_id=110202&search_id=114132&scans_id=110198&peptide_id=32094&scanf=39800&charge=2&value=2,R.GYLVTQDELDQTLEEFK.A,/core/www/modules/show_out/show_out_wrapper.php?run_id=110202&search_id=114132&scans_id=110198&peptide_id=32094&scanf=39800&charge=2&value=R.GYLVTQDELDQTLEEFK.A,POLR2E,3.573e+6,3.305,0.001,2.859,0.000
39803,3,"  3.161","  0.353",10/76,/core/www/modules//sdig/index.php?run_id=110202&search_id=114132&scans_id=110198&peptide_id=32097&scanf=39803&charge=3&value=10/76,sp|Q9Y394|DHRS7_HUMAN,/core/www/modules//consensus/?run_id=110202&search_id=114132&scans_id=110198&peptide_id=32097&scanf=39803&charge=3&value=sp|Q9Y394|DHRS7_HUMAN,2,/core/www/modules/match_peptides/blast_html4.php?run_id=110202&search_id=114132&scans_id=110198&peptide_id=32097&scanf=39803&charge=3&value=2,K.DILVLPLDLTDTGSHEAATK.A,/core/www/modules/show_out/show_out_wrapper.php?run_id=110202&search_id=114132&scans_id=110198&peptide_id=32097&scanf=39803&charge=3&value=K.DILVLPLDLTDTGSHEAATK.A,DHRS7,1.754e+6,2.194,0.058,1.238,0.002
39804,2,"  2.577","  0.559",12/20,/core/www/modules//sdig/index.php?run_id=110202&search_id=114132&scans_id=110198&peptide_id=32098&scanf=39804&charge=2&value=12/20,sp|P42285|MTREX_HUMAN,/core/www/modules//consensus/?run_id=110202&search_id=114132&scans_id=110198&peptide_id=32098&scanf=39804&charge=2&value=sp|P42285|MTREX_HUMAN,0,/core/www/modules/match_peptides/blast_html4.php?run_id=110202&search_id=114132&scans_id=110198&peptide_id=32098&scanf=39804&charge=2&value=0,K.EYPFILDAFQR.E,/core/www/modules/show_out/show_out_wrapper.php?run_id=110202&search_id=114132&scans_id=110198&peptide_id=32098&scanf=39804&charge=2&value=K.EYPFILDAFQR.E,MTREX,2.068e+7,3.508,0.001,3.160,0.000
39805,3,"  4.227","  0.390",17/84,/core/www/modules//sdig/index.php?run_id=110202&search_id=114132&scans_id=110198&peptide_id=32099&scanf=39805&charge=3&value=17/84,sp|Q66K74|MAP1S_HUMAN,/core/www/modules//consensus/?run_id=110202&search_id=114132&scans_id=110198&peptide_id=32099&scanf=39805&charge=3&value=sp|Q66K74|MAP1S_HUMAN,0,/core/www/modules/match_peptides/blast_html4.php?run_id=110202&search_id=114132&scans_id=110198&peptide_id=32099&scanf=39805&charge=3&value=0,R.VDAVLVTHPGADSLPGLNSLLR.R,/core/www/modules/show_out/show_out_wrapper.php?run_id=110202&search_id=114132&scans_id=110198&peptide_id=32099&scanf=39805&charge=3&value=R.VDAVLVTHPGADSLPGLNSLLR.R,MAP1S,1.699e+6,2.377,0.032,1.496,0.001
39810,2,"  3.464","  0.494",14/34,/core/www/modules//sdig/index.php?run_id=110202&search_id=114132&scans_id=110198&peptide_id=32105&scanf=39810&charge=2&value=14/34,sp|P55196|AFAD_HUMAN,/core/www/modules//consensus/?run_id=110202&search_id=114132&scans_id=110198&peptide_id=32105&scanf=39810&charge=2&value=sp|P55196|AFAD_HUMAN,6,/core/www/modules/match_peptides/blast_html4.php?run_id=110202&search_id=114132&scans_id=110198&peptide_id=32105&scanf=39810&charge=2&value=6,R.TQDASGPELILPASIEFR.E,/core/www/modules/show_out/show_out_wrapper.php?run_id=110202&search_id=114132&scans_id=110198&peptide_id=32105&scanf=39810&charge=2&value=R.TQDASGPELILPASIEFR.E,AFDN,2.106e+6,2.661,0.012,1.909,0.000
39811,2,"  2.011","  0.445",8/14,/core/www/modules//sdig/index.php?run_id=110202&search_id=114132&scans_id=110198&peptide_id=32106&scanf=39811&charge=2&value=8/14,sp|Q29RF7|PDS5A_HUMAN,/core/www/modules//consensus/?run_id=110202&search_id=114132&scans_id=110198&peptide_id=32106&scanf=39811&charge=2&value=sp|Q29RF7|PDS5A_HUMAN,0,/core/www/modules/match_peptides/blast_html4.php?run_id=110202&search_id=114132&scans_id=110198&peptide_id=32106&scanf=39811&charge=2&value=0,K.DIFLFITR.Q,/core/www/modules/show_out/show_out_wrapper.php?run_id=110202&search_id=114132&scans_id=110198&peptide_id=32106&scanf=39811&charge=2&value=K.DIFLFITR.Q,PDS5A,3.037e+6,3.154,0.002,2.635,0.000
39816,2,"  4.270","  0.751",19/32,/core/www/modules//sdig/index.php?run_id=110202&search_id=114132&scans_id=110198&peptide_id=32110&scanf=39816&charge=2&value=19/32,sp|P05388|RLA0_HUMAN,/core/www/modules//consensus/?run_id=110202&search_id=114132&scans_id=110198&peptide_id=32110&scanf=39816&charge=2&value=sp|P05388|RLA0_HUMAN,4,/core/www/modules/match_peptides/blast_html4.php?run_id=110202&search_id=114132&scans_id=110198&peptide_id=32110&scanf=39816&charge=2&value=4,R.VLALSVETDYTFPLAEK.V,/core/www/modules/show_out/show_out_wrapper.php?run_id=110202&search_id=114132&scans_id=110198&peptide_id=32110&scanf=39816&charge=2&value=R.VLALSVETDYTFPLAEK.V,RPLP0,1.836e+7,3.925,0.000,3.778,0.000
39819,2,"  5.571","  0.711",21/38,/core/www/modules//sdig/index.php?run_id=110202&search_id=114132&scans_id=110198&peptide_id=32113&scanf=39819&charge=2&value=21/38,sp|P25705|ATPA_HUMAN,/core/www/modules//consensus/?run_id=110202&search_id=114132&scans_id=110198&peptide_id=32113&scanf=39819&charge=2&value=sp|P25705|ATPA_HUMAN,4,/core/www/modules/match_peptides/blast_html4.php?run_id=110202&search_id=114132&scans_id=110198&peptide_id=32113&scanf=39819&charge=2&value=4,K.GMSLNLEPDNVGVVVFGNDK.L,/core/www/modules/show_out/show_out_wrapper.php?run_id=110202&search_id=114132&scans_id=110198&peptide_id=32113&scanf=39819&charge=2&value=K.GMSLNLEPDNVGVVVFGNDK.L,ATP5F1A,5.089e+6,3.666,0.000,3.394,0.000
39820,3,"  4.496","  0.640",21/56,/core/www/modules//sdig/index.php?run_id=110202&search_id=114132&scans_id=110198&peptide_id=32115&scanf=39820&charge=3&value=21/56,sp|P0C5Y9|H2AB1_HUMAN,/core/www/modules//consensus/?run_id=110202&search_id=114132&scans_id=110198&peptide_id=32115&scanf=39820&charge=3&value=sp|P0C5Y9|H2AB1_HUMAN,1,/core/www/modules/match_peptides/blast_html4.php?run_id=110202&search_id=114132&scans_id=110198&peptide_id=32115&scanf=39820&charge=3&value=1,R.NITPLLLDMVVHNDR.L,/core/www/modules/show_out/show_out_wrapper.php?run_id=110202&search_id=114132&scans_id=110198&peptide_id=32115&scanf=39820&charge=3&value=R.NITPLLLDMVVHNDR.L,H2AB1,6.640e+7,3.760,0.000,3.534,0.000
39822,2,"  2.177","  0.066",10/26,/core/www/modules//sdig/index.php?run_id=110202&search_id=114132&scans_id=110198&peptide_id=32117&scanf=39822&charge=2&value=10/26,sp|P78527|PRKDC_HUMAN,/core/www/modules//consensus/?run_id=110202&search_id=114132&scans_id=110198&peptide_id=32117&scanf=39822&charge=2&value=sp|P78527|PRKDC_HUMAN,1,/core/www/modules/match_peptides/blast_html4.php?run_id=110202&search_id=114132&scans_id=110198&peptide_id=32117&scanf=39822&charge=2&value=1,K.MDPM*NIWDDIITNR.C,/core/www/modules/show_out/show_out_wrapper.php?run_id=110202&search_id=114132&scans_id=110198&peptide_id=32117&scanf=39822&charge=2&value=K.MDPM*NIWDDIITNR.C,PRKDC,1.642e+6,2.979,0.004,2.377,0.000
39825,3,"  3.760","  0.603",13/56,/core/www/modules//sdig/index.php?run_id=110202&search_id=114132&scans_id=110198&peptide_id=32120&scanf=39825&charge=3&value=13/56,sp|O60264|SMCA5_HUMAN,/core/www/modules//consensus/?run_id=110202&search_id=114132&scans_id=110198&peptide_id=32120&scanf=39825&charge=3&value=sp|O60264|SMCA5_HUMAN,0,/core/www/modules/match_peptides/blast_html4.php?run_id=110202&search_id=114132&scans_id=110198&peptide_id=32120&scanf=39825&charge=3&value=0,K.TPEEVIEYSAVFWER.C,/core/www/modules/show_out/show_out_wrapper.php?run_id=110202&search_id=114132&scans_id=110198&peptide_id=32120&scanf=39825&charge=3&value=K.TPEEVIEYSAVFWER.C,SMARCA5,4.126e+6,3.664,0.000,3.391,0.000
39827,3,"  2.621","  0.341",11/72,/core/www/modules//sdig/index.php?run_id=110202&search_id=114132&scans_id=110198&peptide_id=32122&scanf=39827&charge=3&value=11/72,sp|Q12789|TF3C1_HUMAN,/core/www/modules//consensus/?run_id=110202&search_id=114132&scans_id=110198&peptide_id=32122&scanf=39827&charge=3&value=sp|Q12789|TF3C1_HUMAN,0,/core/www/modules/match_peptides/blast_html4.php?run_id=110202&search_id=114132&scans_id=110198&peptide_id=32122&scanf=39827&charge=3&value=0,R.IPEQIIVVDSSMVENEVIK.S,/core/www/modules/show_out/show_out_wrapper.php?run_id=110202&search_id=114132&scans_id=110198&peptide_id=32122&scanf=39827&charge=3&value=R.IPEQIIVVDSSMVENEVIK.S,GTF3C1,5.091e+6,2.288,0.043,1.369,0.001
39831,3,"  5.220","  0.605",22/92,/core/www/modules//sdig/index.php?run_id=110202&search_id=114132&scans_id=110198&peptide_id=32127&scanf=39831&charge=3&value=22/92,sp|Q00610|CLH1_HUMAN,/core/www/modules//consensus/?run_id=110202&search_id=114132&scans_id=110198&peptide_id=32127&scanf=39831&charge=3&value=sp|Q00610|CLH1_HUMAN,7,/core/www/modules/match_peptides/blast_html4.php?run_id=110202&search_id=114132&scans_id=110198&peptide_id=32127&scanf=39831&charge=3&value=7,K.KAVDVFFPPEAQNDFPVAMQISEK.H,/core/www/modules/show_out/show_out_wrapper.php?run_id=110202&search_id=114132&scans_id=110198&peptide_id=32127&scanf=39831&charge=3&value=K.KAVDVFFPPEAQNDFPVAMQISEK.H,CLTC,8.864e+5,2.992,0.004,2.396,0.000
39833,3,"  2.846","  0.425",8/64,/core/www/modules//sdig/index.php?run_id=110202&search_id=114132&scans_id=110198&peptide_id=32129&scanf=39833&charge=3&value=8/64,sp|Q5T5X7|BEND3_HUMAN,/core/www/modules//consensus/?run_id=110202&search_id=114132&scans_id=110198&peptide_id=32129&scanf=39833&charge=3&value=sp|Q5T5X7|BEND3_HUMAN,0,/core/www/modules/match_peptides/blast_html4.php?run_id=110202&search_id=114132&scans_id=110198&peptide_id=32129&scanf=39833&charge=3&value=0,K.KNPPSGDLLNVYELFEK.A,/core/www/modules/show_out/show_out_wrapper.php?run_id=110202&search_id=114132&scans_id=110198&peptide_id=32129&scanf=39833&charge=3&value=K.KNPPSGDLLNVYELFEK.A,BEND3,7.328e+5,2.221,0.053,1.275,0.002
39837,2,"  1.503","  0.259",9/22,/core/www/modules//sdig/index.php?run_id=110202&search_id=114132&scans_id=110198&peptide_id=32132&scanf=39837&charge=2&value=9/22,sp|P53396|ACLY_HUMAN,/core/www/modules//consensus/?run_id=110202&search_id=114132&scans_id=110198&peptide_id=32132&scanf=39837&charge=2&value=sp|P53396|ACLY_HUMAN,0,/core/www/modules/match_peptides/blast_html4.php?run_id=110202&search_id=114132&scans_id=110198&peptide_id=32132&scanf=39837&charge=2&value=0,K.WGDIEFPPPFGR.E,/core/www/modules/show_out/show_out_wrapper.php?run_id=110202&search_id=114132&scans_id=110198&peptide_id=32132&scanf=39837&charge=2&value=K.WGDIEFPPPFGR.E,ACLY,5.969e+6,2.089,0.081,1.092,0.003
39853,2,"  1.176","  0.292",7/16,/core/www/modules//sdig/index.php?run_id=110202&search_id=114132&scans_id=110198&peptide_id=32150&scanf=39853&charge=2&value=7/16,sp|O75820|ZN189_HUMAN,/core/www/modules//consensus/?run_id=110202&search_id=114132&scans_id=110198&peptide_id=32150&scanf=39853&charge=2&value=sp|O75820|ZN189_HUMAN,0,/core/www/modules/match_peptides/blast_html4.php?run_id=110202&search_id=114132&scans_id=110198&peptide_id=32150&scanf=39853&charge=2&value=0,R.GIFLWEIPR.E,/core/www/modules/show_out/show_out_wrapper.php?run_id=110202&search_id=114132&scans_id=110198&peptide_id=32150&scanf=39853&charge=2&value=R.GIFLWEIPR.E,ZNF189,1.181e+6,2.240,0.050,1.301,0.002
39856,3,"  5.512","  0.665",23/84,/core/www/modules//sdig/index.php?run_id=110202&search_id=114132&scans_id=110198&peptide_id=32153&scanf=39856&charge=3&value=23/84,sp|P55060|XPO2_HUMAN,/core/www/modules//consensus/?run_id=110202&search_id=114132&scans_id=110198&peptide_id=32153&scanf=39856&charge=3&value=sp|P55060|XPO2_HUMAN,0,/core/www/modules/match_peptides/blast_html4.php?run_id=110202&search_id=114132&scans_id=110198&peptide_id=32153&scanf=39856&charge=3&value=0,R.GSNTIASAAADKIPGLLGVFQK.L,/core/www/modules/show_out/show_out_wrapper.php?run_id=110202&search_id=114132&scans_id=110198&peptide_id=32153&scanf=39856&charge=3&value=R.GSNTIASAAADKIPGLLGVFQK.L,CSE1L,9.001e+6,3.231,0.002,2.750,0.000
39858,3,"  5.231","  0.694",20/88,/core/www/modules//sdig/index.php?run_id=110202&search_id=114132&scans_id=110198&peptide_id=32154&scanf=39858&charge=3&value=20/88,sp|O75533|SF3B1_HUMAN,/core/www/modules//consensus/?run_id=110202&search_id=114132&scans_id=110198&peptide_id=32154&scanf=39858&charge=3&value=sp|O75533|SF3B1_HUMAN,0,/core/www/modules/match_peptides/blast_html4.php?run_id=110202&search_id=114132&scans_id=110198&peptide_id=32154&scanf=39858&charge=3&value=0,K.AAGLATMISTMRPDIDNMDEYVR.N,/core/www/modules/show_out/show_out_wrapper.php?run_id=110202&search_id=114132&scans_id=110198&peptide_id=32154&scanf=39858&charge=3&value=K.AAGLATMISTMRPDIDNMDEYVR.N,SF3B1,1.528e+7,3.744,0.000,3.510,0.000
39862,2,"  3.418","  0.588",13/24,/core/www/modules//sdig/index.php?run_id=110202&search_id=114132&scans_id=110198&peptide_id=32159&scanf=39862&charge=2&value=13/24,sp|Q9P2J5|SYLC_HUMAN,/core/www/modules//consensus/?run_id=110202&search_id=114132&scans_id=110198&peptide_id=32159&scanf=39862&charge=2&value=sp|Q9P2J5|SYLC_HUMAN,11,/core/www/modules/match_peptides/blast_html4.php?run_id=110202&search_id=114132&scans_id=110198&peptide_id=32159&scanf=39862&charge=2&value=11,K.GFYEGIMLVDGFK.G,/core/www/modules/show_out/show_out_wrapper.php?run_id=110202&search_id=114132&scans_id=110198&peptide_id=32159&scanf=39862&charge=2&value=K.GFYEGIMLVDGFK.G,LARS1,3.822e+6,3.479,0.001,3.118,0.000
39864,3,"  2.885","  0.357",13/92,/core/www/modules//sdig/index.php?run_id=110202&search_id=114132&scans_id=110198&peptide_id=32161&scanf=39864&charge=3&value=13/92,sp|O60293|ZC3H1_HUMAN,/core/www/modules//consensus/?run_id=110202&search_id=114132&scans_id=110198&peptide_id=32161&scanf=39864&charge=3&value=sp|O60293|ZC3H1_HUMAN,0,/core/www/modules/match_peptides/blast_html4.php?run_id=110202&search_id=114132&scans_id=110198&peptide_id=32161&scanf=39864&charge=3&value=0,K.YAFQPENQINVPALDTVVTPDDVR.Y,/core/www/modules/show_out/show_out_wrapper.php?run_id=110202&search_id=114132&scans_id=110198&peptide_id=32161&scanf=39864&charge=3&value=K.YAFQPENQINVPALDTVVTPDDVR.Y,ZFC3H1,1.052e+6,1.998,0.107,0.970,0.005
39866,2,"  2.480","  0.370",10/22,/core/www/modules//sdig/index.php?run_id=110202&search_id=114132&scans_id=110198&peptide_id=32163&scanf=39866&charge=2&value=10/22,sp|Q8N0S6|CENPL_HUMAN,/core/www/modules//consensus/?run_id=110202&search_id=114132&scans_id=110198&peptide_id=32163&scanf=39866&charge=2&value=sp|Q8N0S6|CENPL_HUMAN,0,/core/www/modules/match_peptides/blast_html4.php?run_id=110202&search_id=114132&scans_id=110198&peptide_id=32163&scanf=39866&charge=2&value=0,R.DPEAFLVQIVSK.S,/core/www/modules/show_out/show_out_wrapper.php?run_id=110202&search_id=114132&scans_id=110198&peptide_id=32163&scanf=39866&charge=2&value=R.DPEAFLVQIVSK.S,CENPL,2.187e+6,2.507,0.021,1.684,0.000
39868,3,"  3.300","  0.527",15/72,/core/www/modules//sdig/index.php?run_id=110202&search_id=114132&scans_id=110198&peptide_id=32165&scanf=39868&charge=3&value=15/72,sp|O75533|SF3B1_HUMAN,/core/www/modules//consensus/?run_id=110202&search_id=114132&scans_id=110198&peptide_id=32165&scanf=39868&charge=3&value=sp|O75533|SF3B1_HUMAN,0,/core/www/modules/match_peptides/blast_html4.php?run_id=110202&search_id=114132&scans_id=110198&peptide_id=32165&scanf=39868&charge=3&value=0,K.AIGYLIPLM*DAEYANYYTR.E,/core/www/modules/show_out/show_out_wrapper.php?run_id=110202&search_id=114132&scans_id=110198&peptide_id=32165&scanf=39868&charge=3&value=K.AIGYLIPLM*DAEYANYYTR.E,SF3B1,1.545e+6,3.076,0.003,2.520,0.000
39869,3,"  2.707","  0.428",11/56,/core/www/modules//sdig/index.php?run_id=110202&search_id=114132&scans_id=110198&peptide_id=32166&scanf=39869&charge=3&value=11/56,sp|P47897|SYQ_HUMAN,/core/www/modules//consensus/?run_id=110202&search_id=114132&scans_id=110198&peptide_id=32166&scanf=39869&charge=3&value=sp|P47897|SYQ_HUMAN,4,/core/www/modules/match_peptides/blast_html4.php?run_id=110202&search_id=114132&scans_id=110198&peptide_id=32166&scanf=39869&charge=3&value=4,R.DRPMEESLLLFEAMR.K,/core/www/modules/show_out/show_out_wrapper.php?run_id=110202&search_id=114132&scans_id=110198&peptide_id=32166&scanf=39869&charge=3&value=R.DRPMEESLLLFEAMR.K,QARS1,6.334e+6,2.724,0.010,2.001,0.000
39871,2,"  4.242","  0.620",21/36,/core/www/modules//sdig/index.php?run_id=110202&search_id=114132&scans_id=110198&peptide_id=32169&scanf=39871&charge=2&value=21/36,sp|Q8TBF4|ZCRB1_HUMAN,/core/www/modules//consensus/?run_id=110202&search_id=114132&scans_id=110198&peptide_id=32169&scanf=39871&charge=2&value=sp|Q8TBF4|ZCRB1_HUMAN,1,/core/www/modules/match_peptides/blast_html4.php?run_id=110202&search_id=114132&scans_id=110198&peptide_id=32169&scanf=39871&charge=2&value=1,K.STVYVSNLPFSLTNNDLYR.I,/core/www/modules/show_out/show_out_wrapper.php?run_id=110202&search_id=114132&scans_id=110198&peptide_id=32169&scanf=39871&charge=2&value=K.STVYVSNLPFSLTNNDLYR.I,ZCRB1,1.041e+6,3.411,0.001,3.017,0.000
39872,2,"  2.002","  0.361",9/16,/core/www/modules//sdig/index.php?run_id=110202&search_id=114132&scans_id=110198&peptide_id=32170&scanf=39872&charge=2&value=9/16,sp|P04908|H2A1B_HUMAN,/core/www/modules//consensus/?run_id=110202&search_id=114132&scans_id=110198&peptide_id=32170&scanf=39872&charge=2&value=sp|P04908|H2A1B_HUMAN,19,/core/www/modules/match_peptides/blast_html4.php?run_id=110202&search_id=114132&scans_id=110198&peptide_id=32170&scanf=39872&charge=2&value=19,R.AGLQFPVGR.V,/core/www/modules/show_out/show_out_wrapper.php?run_id=110202&search_id=114132&scans_id=110198&peptide_id=32170&scanf=39872&charge=2&value=R.AGLQFPVGR.V,H2AC8,5.107e+6,2.860,0.006,2.202,0.000
39876,3,"  4.120","  0.567",17/68,/core/www/modules//sdig/index.php?run_id=110202&search_id=114132&scans_id=110198&peptide_id=32174&scanf=39876&charge=3&value=17/68,sp|O75643|U520_HUMAN,/core/www/modules//consensus/?run_id=110202&search_id=114132&scans_id=110198&peptide_id=32174&scanf=39876&charge=3&value=sp|O75643|U520_HUMAN,1,/core/www/modules/match_peptides/blast_html4.php?run_id=110202&search_id=114132&scans_id=110198&peptide_id=32174&scanf=39876&charge=3&value=1,K.LPDMLNAEIVLGNVQNAK.D,/core/www/modules/show_out/show_out_wrapper.php?run_id=110202&search_id=114132&scans_id=110198&peptide_id=32174&scanf=39876&charge=3&value=K.LPDMLNAEIVLGNVQNAK.D,SNRNP200,9.563e+6,3.460,0.001,3.090,0.000
39880,2,"  3.933","  0.730",19/36,/core/www/modules//sdig/index.php?run_id=110202&search_id=114132&scans_id=110198&peptide_id=32178&scanf=39880&charge=2&value=19/36,sp|Q14690|RRP5_HUMAN,/core/www/modules//consensus/?run_id=110202&search_id=114132&scans_id=110198&peptide_id=32178&scanf=39880&charge=2&value=sp|Q14690|RRP5_HUMAN,1,/core/www/modules/match_peptides/blast_html4.php?run_id=110202&search_id=114132&scans_id=110198&peptide_id=32178&scanf=39880&charge=2&value=1,K.TTEPGVTGLLLAVEGPAAK.R,/core/www/modules/show_out/show_out_wrapper.php?run_id=110202&search_id=114132&scans_id=110198&peptide_id=32178&scanf=39880&charge=2&value=K.TTEPGVTGLLLAVEGPAAK.R,PDCD11,7.302e+6,3.759,0.000,3.532,0.000
39881,3,"  2.894","  0.328",11/80,/core/www/modules//sdig/index.php?run_id=110202&search_id=114132&scans_id=110198&peptide_id=32179&scanf=39881&charge=3&value=11/80,sp|Q15907|RB11B_HUMAN,/core/www/modules//consensus/?run_id=110202&search_id=114132&scans_id=110198&peptide_id=32179&scanf=39881&charge=3&value=sp|Q15907|RB11B_HUMAN,1,/core/www/modules/match_peptides/blast_html4.php?run_id=110202&search_id=114132&scans_id=110198&peptide_id=32179&scanf=39881&charge=3&value=1,K.NNLSFIETSALDSTNVEEAFK.N,/core/www/modules/show_out/show_out_wrapper.php?run_id=110202&search_id=114132&scans_id=110198&peptide_id=32179&scanf=39881&charge=3&value=K.NNLSFIETSALDSTNVEEAFK.N,RAB11B,2.603e+6,1.998,0.107,0.969,0.005
39882,2,"  1.714","  0.208",8/16,/core/www/modules//sdig/index.php?run_id=110202&search_id=114132&scans_id=110198&peptide_id=32180&scanf=39882&charge=2&value=8/16,sp|Q9H6S0|YTDC2_HUMAN,/core/www/modules//consensus/?run_id=110202&search_id=114132&scans_id=110198&peptide_id=32180&scanf=39882&charge=2&value=sp|Q9H6S0|YTDC2_HUMAN,1,/core/www/modules/match_peptides/blast_html4.php?run_id=110202&search_id=114132&scans_id=110198&peptide_id=32180&scanf=39882&charge=2&value=1,K.EMFLEDILR.T,/core/www/modules/show_out/show_out_wrapper.php?run_id=110202&search_id=114132&scans_id=110198&peptide_id=32180&scanf=39882&charge=2&value=K.EMFLEDILR.T,YTHDC2,2.447e+6,2.118,0.074,1.132,0.002
39885,2,"  4.614","  0.740",19/30,/core/www/modules//sdig/index.php?run_id=110202&search_id=114132&scans_id=110198&peptide_id=32183&scanf=39885&charge=2&value=19/30,sp|P52272|HNRPM_HUMAN,/core/www/modules//consensus/?run_id=110202&search_id=114132&scans_id=110198&peptide_id=32183&scanf=39885&charge=2&value=sp|P52272|HNRPM_HUMAN,4,/core/www/modules/match_peptides/blast_html4.php?run_id=110202&search_id=114132&scans_id=110198&peptide_id=32183&scanf=39885&charge=2&value=4,K.VGEVTYVELLMDAEGK.S,/core/www/modules/show_out/show_out_wrapper.php?run_id=110202&search_id=114132&scans_id=110198&peptide_id=32183&scanf=39885&charge=2&value=K.VGEVTYVELLMDAEGK.S,HNRNPM,1.971e+7,4.235,0.000,4.237,0.000
39887,3,"  5.078","  0.606",20/68,/core/www/modules//sdig/index.php?run_id=110202&search_id=114132&scans_id=110198&peptide_id=32185&scanf=39887&charge=3&value=20/68,sp|O75643|U520_HUMAN,/core/www/modules//consensus/?run_id=110202&search_id=114132&scans_id=110198&peptide_id=32185&scanf=39887&charge=3&value=sp|O75643|U520_HUMAN,1,/core/www/modules/match_peptides/blast_html4.php?run_id=110202&search_id=114132&scans_id=110198&peptide_id=32185&scanf=39887&charge=3&value=1,K.LPDMLNAEIVLGNVQNAK.D,/core/www/modules/show_out/show_out_wrapper.php?run_id=110202&search_id=114132&scans_id=110198&peptide_id=32185&scanf=39887&charge=3&value=K.LPDMLNAEIVLGNVQNAK.D,SNRNP200,9.563e+6,3.705,0.000,3.451,0.000
39889,4,"  3.285","  0.422",19/120,/core/www/modules//sdig/index.php?run_id=110202&search_id=114132&scans_id=110198&peptide_id=32187&scanf=39889&charge=4&value=19/120,sp|Q7L2E3|DHX30_HUMAN,/core/www/modules//consensus/?run_id=110202&search_id=114132&scans_id=110198&peptide_id=32187&scanf=39889&charge=4&value=sp|Q7L2E3|DHX30_HUMAN,1,/core/www/modules/match_peptides/blast_html4.php?run_id=110202&search_id=114132&scans_id=110198&peptide_id=32187&scanf=39889&charge=4&value=1,R.DSSQVHPLAVLLLTDGDVHIR.D,/core/www/modules/show_out/show_out_wrapper.php?run_id=110202&search_id=114132&scans_id=110198&peptide_id=32187&scanf=39889&charge=4&value=R.DSSQVHPLAVLLLTDGDVHIR.D,DHX30,1.073e+6,2.932,0.005,2.308,0.000
39890,2,"  2.316","  0.181",10/20,/core/www/modules//sdig/index.php?run_id=110202&search_id=114132&scans_id=110198&peptide_id=32189&scanf=39890&charge=2&value=10/20,sp|Q8N3U4|STAG2_HUMAN,/core/www/modules//consensus/?run_id=110202&search_id=114132&scans_id=110198&peptide_id=32189&scanf=39890&charge=2&value=sp|Q8N3U4|STAG2_HUMAN,1,/core/www/modules/match_peptides/blast_html4.php?run_id=110202&search_id=114132&scans_id=110198&peptide_id=32189&scanf=39890&charge=2&value=1,R.EDVWLPLMSYR.N,/core/www/modules/show_out/show_out_wrapper.php?run_id=110202&search_id=114132&scans_id=110198&peptide_id=32189&scanf=39890&charge=2&value=R.EDVWLPLMSYR.N,STAG2,1.666e+6,1.988,0.111,0.956,0.005
39892,3,"  1.553","  0.264",9/56,/core/www/modules//sdig/index.php?run_id=110202&search_id=114132&scans_id=110198&peptide_id=32191&scanf=39892&charge=3&value=9/56,sp|P08133|ANXA6_HUMAN,/core/www/modules//consensus/?run_id=110202&search_id=114132&scans_id=110198&peptide_id=32191&scanf=39892&charge=3&value=sp|P08133|ANXA6_HUMAN,1,/core/www/modules/match_peptides/blast_html4.php?run_id=110202&search_id=114132&scans_id=110198&peptide_id=32191&scanf=39892&charge=3&value=1,K.WGTDEAQFIYILGNR.S,/core/www/modules/show_out/show_out_wrapper.php?run_id=110202&search_id=114132&scans_id=110198&peptide_id=32191&scanf=39892&charge=3&value=K.WGTDEAQFIYILGNR.S,ANXA6,1.319e+6,2.117,0.074,1.130,0.002
39896,2,"  2.189","  0.270",10/24,/core/www/modules//sdig/index.php?run_id=110202&search_id=114132&scans_id=110198&peptide_id=32195&scanf=39896&charge=2&value=10/24,sp|P10155|RO60_HUMAN,/core/www/modules//consensus/?run_id=110202&search_id=114132&scans_id=110198&peptide_id=32195&scanf=39896&charge=2&value=sp|P10155|RO60_HUMAN,0,/core/www/modules/match_peptides/blast_html4.php?run_id=110202&search_id=114132&scans_id=110198&peptide_id=32195&scanf=39896&charge=2&value=0,K.ALLQEM*PLTALLR.N,/core/www/modules/show_out/show_out_wrapper.php?run_id=110202&search_id=114132&scans_id=110198&peptide_id=32195&scanf=39896&charge=2&value=K.ALLQEM*PLTALLR.N,RO60,1.155e+6,1.960,0.120,0.920,0.005
39902,2,"  4.851","  0.649",20/30,/core/www/modules//sdig/index.php?run_id=110202&search_id=114132&scans_id=110198&peptide_id=32201&scanf=39902&charge=2&value=20/30,sp|P22626|ROA2_HUMAN,/core/www/modules//consensus/?run_id=110202&search_id=114132&scans_id=110198&peptide_id=32201&scanf=39902&charge=2&value=sp|P22626|ROA2_HUMAN,9,/core/www/modules/match_peptides/blast_html4.php?run_id=110202&search_id=114132&scans_id=110198&peptide_id=32201&scanf=39902&charge=2&value=9,K.LFIGGLSFETTEESLR.N,/core/www/modules/show_out/show_out_wrapper.php?run_id=110202&search_id=114132&scans_id=110198&peptide_id=32201&scanf=39902&charge=2&value=K.LFIGGLSFETTEESLR.N,HNRNPA2B1,1.080e+8,3.869,0.000,3.695,0.000
39906,3,"  8.373","  0.731",26/112,/core/www/modules//sdig/index.php?run_id=110202&search_id=114132&scans_id=110198&peptide_id=32205&scanf=39906&charge=3&value=26/112,tr|K7EJE8|K7EJE8_HUMAN,/core/www/modules//consensus/?run_id=110202&search_id=114132&scans_id=110198&peptide_id=32205&scanf=39906&charge=3&value=tr|K7EJE8|K7EJE8_HUMAN,3,/core/www/modules/match_peptides/blast_html4.php?run_id=110202&search_id=114132&scans_id=110198&peptide_id=32205&scanf=39906&charge=3&value=3,K.IVSGEAESVEVTPENLQDFVGKPVFTVER.M,/core/www/modules/show_out/show_out_wrapper.php?run_id=110202&search_id=114132&scans_id=110198&peptide_id=32205&scanf=39906&charge=3&value=K.IVSGEAESVEVTPENLQDFVGKPVFTVER.M,LONP1,1.077e+6,3.624,0.000,3.332,0.000
39914,2,"  4.019","  0.637",13/32,/core/www/modules//sdig/index.php?run_id=110202&search_id=114132&scans_id=110198&peptide_id=32214&scanf=39914&charge=2&value=13/32,sp|P42285|MTREX_HUMAN,/core/www/modules//consensus/?run_id=110202&search_id=114132&scans_id=110198&peptide_id=32214&scanf=39914&charge=2&value=sp|P42285|MTREX_HUMAN,0,/core/www/modules/match_peptides/blast_html4.php?run_id=110202&search_id=114132&scans_id=110198&peptide_id=32214&scanf=39914&charge=2&value=0,K.ALFATETFAMGINMPAR.T,/core/www/modules/show_out/show_out_wrapper.php?run_id=110202&search_id=114132&scans_id=110198&peptide_id=32214&scanf=39914&charge=2&value=K.ALFATETFAMGINMPAR.T,MTREX,9.125e+5,3.320,0.001,2.881,0.000
39916,3,"  2.591","  0.489",13/72,/core/www/modules//sdig/index.php?run_id=110202&search_id=114132&scans_id=110198&peptide_id=32216&scanf=39916&charge=3&value=13/72,sp|P24928|RPB1_HUMAN,/core/www/modules//consensus/?run_id=110202&search_id=114132&scans_id=110198&peptide_id=32216&scanf=39916&charge=3&value=sp|P24928|RPB1_HUMAN,1,/core/www/modules/match_peptides/blast_html4.php?run_id=110202&search_id=114132&scans_id=110198&peptide_id=32216&scanf=39916&charge=3&value=1,K.LLQFHVATMVDNELPGLPR.A,/core/www/modules/show_out/show_out_wrapper.php?run_id=110202&search_id=114132&scans_id=110198&peptide_id=32216&scanf=39916&charge=3&value=K.LLQFHVATMVDNELPGLPR.A,POLR2A,1.091e+6,2.797,0.008,2.109,0.000
39917,3,"  8.531","  0.794",32/124,/core/www/modules//sdig/index.php?run_id=110202&search_id=114132&scans_id=110198&peptide_id=32217&scanf=39917&charge=3&value=32/124,sp|Q8N1F7|NUP93_HUMAN,/core/www/modules//consensus/?run_id=110202&search_id=114132&scans_id=110198&peptide_id=32217&scanf=39917&charge=3&value=sp|Q8N1F7|NUP93_HUMAN,4,/core/www/modules/match_peptides/blast_html4.php?run_id=110202&search_id=114132&scans_id=110198&peptide_id=32217&scanf=39917&charge=3&value=4,R.ILHTLLASGEDALDFTQESEPSYISDVGPPGR.S,/core/www/modules/show_out/show_out_wrapper.php?run_id=110202&search_id=114132&scans_id=110198&peptide_id=32217&scanf=39917&charge=3&value=R.ILHTLLASGEDALDFTQESEPSYISDVGPPGR.S,NUP93,7.791e+5,3.781,0.000,3.564,0.000
39918,2,"  1.652","  0.186",7/12,/core/www/modules//sdig/index.php?run_id=110202&search_id=114132&scans_id=110198&peptide_id=32218&scanf=39918&charge=2&value=7/12,sp|P60709|ACTB_HUMAN,/core/www/modules//consensus/?run_id=110202&search_id=114132&scans_id=110198&peptide_id=32218&scanf=39918&charge=2&value=sp|P60709|ACTB_HUMAN,11,/core/www/modules/match_peptides/blast_html4.php?run_id=110202&search_id=114132&scans_id=110198&peptide_id=32218&scanf=39918&charge=2&value=11,K.IIAPPER.K,/core/www/modules/show_out/show_out_wrapper.php?run_id=110202&search_id=114132&scans_id=110198&peptide_id=32218&scanf=39918&charge=2&value=K.IIAPPER.K,ACTB,8.792e+5,2.805,0.008,2.120,0.000
39919,2,"  4.234","  0.669",14/34,/core/www/modules//sdig/index.php?run_id=110202&search_id=114132&scans_id=110198&peptide_id=32219&scanf=39919&charge=2&value=14/34,sp|Q9H147|TDIF1_HUMAN,/core/www/modules//consensus/?run_id=110202&search_id=114132&scans_id=110198&peptide_id=32219&scanf=39919&charge=2&value=sp|Q9H147|TDIF1_HUMAN,3,/core/www/modules/match_peptides/blast_html4.php?run_id=110202&search_id=114132&scans_id=110198&peptide_id=32219&scanf=39919&charge=2&value=3,R.SQMTTSFTDPAISMDLLR.A,/core/www/modules/show_out/show_out_wrapper.php?run_id=110202&search_id=114132&scans_id=110198&peptide_id=32219&scanf=39919&charge=2&value=R.SQMTTSFTDPAISMDLLR.A,DNTTIP1,1.095e+6,3.302,0.001,2.855,0.000
39924,2,"  3.498","  0.558",12/22,/core/www/modules//sdig/index.php?run_id=110202&search_id=114132&scans_id=110198&peptide_id=32224&scanf=39924&charge=2&value=12/22,sp|Q03701|CEBPZ_HUMAN,/core/www/modules//consensus/?run_id=110202&search_id=114132&scans_id=110198&peptide_id=32224&scanf=39924&charge=2&value=sp|Q03701|CEBPZ_HUMAN,0,/core/www/modules/match_peptides/blast_html4.php?run_id=110202&search_id=114132&scans_id=110198&peptide_id=32224&scanf=39924&charge=2&value=0,K.ELLITDLLPDNR.K,/core/www/modules/show_out/show_out_wrapper.php?run_id=110202&search_id=114132&scans_id=110198&peptide_id=32224&scanf=39924&charge=2&value=K.ELLITDLLPDNR.K,CEBPZ,1.283e+7,3.425,0.001,3.036,0.000
39925,2,"  3.247","  0.553",13/24,/core/www/modules//sdig/index.php?run_id=110202&search_id=114132&scans_id=110198&peptide_id=32225&scanf=39925&charge=2&value=13/24,sp|Q2NL82|TSR1_HUMAN,/core/www/modules//consensus/?run_id=110202&search_id=114132&scans_id=110198&peptide_id=32225&scanf=39925&charge=2&value=sp|Q2NL82|TSR1_HUMAN,1,/core/www/modules/match_peptides/blast_html4.php?run_id=110202&search_id=114132&scans_id=110198&peptide_id=32225&scanf=39925&charge=2&value=1,R.ISLPEAMQLLQDR.D,/core/www/modules/show_out/show_out_wrapper.php?run_id=110202&search_id=114132&scans_id=110198&peptide_id=32225&scanf=39925&charge=2&value=R.ISLPEAMQLLQDR.D,TSR1,2.288e+6,3.146,0.002,2.624,0.000
39926,3,"  4.295","  0.572",14/68,/core/www/modules//sdig/index.php?run_id=110202&search_id=114132&scans_id=110198&peptide_id=32226&scanf=39926&charge=3&value=14/68,sp|O14950|ML12B_HUMAN,/core/www/modules//consensus/?run_id=110202&search_id=114132&scans_id=110198&peptide_id=32226&scanf=39926&charge=3&value=sp|O14950|ML12B_HUMAN,4,/core/www/modules/match_peptides/blast_html4.php?run_id=110202&search_id=114132&scans_id=110198&peptide_id=32226&scanf=39926&charge=3&value=4,R.ATSNVFAMFDQSQIQEFK.E,/core/www/modules/show_out/show_out_wrapper.php?run_id=110202&search_id=114132&scans_id=110198&peptide_id=32226&scanf=39926&charge=3&value=R.ATSNVFAMFDQSQIQEFK.E,MYL12B,4.359e+6,3.183,0.002,2.679,0.000
39928,3,"  3.471","  0.536",13/84,/core/www/modules//sdig/index.php?run_id=110202&search_id=114132&scans_id=110198&peptide_id=32228&scanf=39928&charge=3&value=13/84,sp|P08708|RS17_HUMAN,/core/www/modules//consensus/?run_id=110202&search_id=114132&scans_id=110198&peptide_id=32228&scanf=39928&charge=3&value=sp|P08708|RS17_HUMAN,3,/core/www/modules/match_peptides/blast_html4.php?run_id=110202&search_id=114132&scans_id=110198&peptide_id=32228&scanf=39928&charge=3&value=3,R.DNYVPEVSALDQEIIEVDPDTK.E,/core/www/modules/show_out/show_out_wrapper.php?run_id=110202&search_id=114132&scans_id=110198&peptide_id=32228&scanf=39928&charge=3&value=R.DNYVPEVSALDQEIIEVDPDTK.E,RPS17,1.426e+7,2.755,0.009,2.046,0.000
39930,3,"  7.389","  0.710",22/92,/core/www/modules//sdig/index.php?run_id=110202&search_id=114132&scans_id=110198&peptide_id=32231&scanf=39930&charge=3&value=22/92,sp|Q8IY67|RAVR1_HUMAN,/core/www/modules//consensus/?run_id=110202&search_id=114132&scans_id=110198&peptide_id=32231&scanf=39930&charge=3&value=sp|Q8IY67|RAVR1_HUMAN,2,/core/www/modules/match_peptides/blast_html4.php?run_id=110202&search_id=114132&scans_id=110198&peptide_id=32231&scanf=39930&charge=3&value=2,K.GTAFVTLLNGEQAEAAINAFHQSR.L,/core/www/modules/show_out/show_out_wrapper.php?run_id=110202&search_id=114132&scans_id=110198&peptide_id=32231&scanf=39930&charge=3&value=K.GTAFVTLLNGEQAEAAINAFHQSR.L,RAVER1,7.452e+5,3.686,0.000,3.424,0.000
39940,2,"  1.935","  0.408",6/16,/core/www/modules//sdig/index.php?run_id=110202&search_id=114132&scans_id=110198&peptide_id=32241&scanf=39940&charge=2&value=6/16,sp|Q96PV6|LENG8_HUMAN,/core/www/modules//consensus/?run_id=110202&search_id=114132&scans_id=110198&peptide_id=32241&scanf=39940&charge=2&value=sp|Q96PV6|LENG8_HUMAN,0,/core/www/modules/match_peptides/blast_html4.php?run_id=110202&search_id=114132&scans_id=110198&peptide_id=32241&scanf=39940&charge=2&value=0,R.LSLAQLSAF.-,/core/www/modules/show_out/show_out_wrapper.php?run_id=110202&search_id=114132&scans_id=110198&peptide_id=32241&scanf=39940&charge=2&value=R.LSLAQLSAF.-,LENG8,4.139e+6,2.613,0.014,1.839,0.000
39942,2,"  2.847","  0.299",10/28,/core/www/modules//sdig/index.php?run_id=110202&search_id=114132&scans_id=110198&peptide_id=32242&scanf=39942&charge=2&value=10/28,sp|Q93009|UBP7_HUMAN,/core/www/modules//consensus/?run_id=110202&search_id=114132&scans_id=110198&peptide_id=32242&scanf=39942&charge=2&value=sp|Q93009|UBP7_HUMAN,2,/core/www/modules/match_peptides/blast_html4.php?run_id=110202&search_id=114132&scans_id=110198&peptide_id=32242&scanf=39942&charge=2&value=2,K.ALDELMDGDIIVFQK.D,/core/www/modules/show_out/show_out_wrapper.php?run_id=110202&search_id=114132&scans_id=110198&peptide_id=32242&scanf=39942&charge=2&value=K.ALDELMDGDIIVFQK.D,USP7,4.183e+6,1.986,0.111,0.954,0.005
39943,2,"  3.238","  0.467",14/28,/core/www/modules//sdig/index.php?run_id=110202&search_id=114132&scans_id=110198&peptide_id=32243&scanf=39943&charge=2&value=14/28,sp|P0C5Y9|H2AB1_HUMAN,/core/www/modules//consensus/?run_id=110202&search_id=114132&scans_id=110198&peptide_id=32243&scanf=39943&charge=2&value=sp|P0C5Y9|H2AB1_HUMAN,1,/core/www/modules/match_peptides/blast_html4.php?run_id=110202&search_id=114132&scans_id=110198&peptide_id=32243&scanf=39943&charge=2&value=1,R.NITPLLLDMVVHNDR.L,/core/www/modules/show_out/show_out_wrapper.php?run_id=110202&search_id=114132&scans_id=110198&peptide_id=32243&scanf=39943&charge=2&value=R.NITPLLLDMVVHNDR.L,H2AB1,6.520e+6,2.725,0.010,2.002,0.000
39945,2,"  3.745","  0.627",14/26,/core/www/modules//sdig/index.php?run_id=110202&search_id=114132&scans_id=110198&peptide_id=32245&scanf=39945&charge=2&value=14/26,sp|P06733|ENOA_HUMAN,/core/www/modules//consensus/?run_id=110202&search_id=114132&scans_id=110198&peptide_id=32245&scanf=39945&charge=2&value=sp|P06733|ENOA_HUMAN,1,/core/www/modules/match_peptides/blast_html4.php?run_id=110202&search_id=114132&scans_id=110198&peptide_id=32245&scanf=39945&charge=2&value=1,K.VVIGMDVAASEFFR.S,/core/www/modules/show_out/show_out_wrapper.php?run_id=110202&search_id=114132&scans_id=110198&peptide_id=32245&scanf=39945&charge=2&value=K.VVIGMDVAASEFFR.S,ENO1,7.986e+6,3.530,0.001,3.193,0.000
39948,3,"  5.300","  0.626",20/96,/core/www/modules//sdig/index.php?run_id=110202&search_id=114132&scans_id=110198&peptide_id=32248&scanf=39948&charge=3&value=20/96,sp|Q96FV9|THOC1_HUMAN,/core/www/modules//consensus/?run_id=110202&search_id=114132&scans_id=110198&peptide_id=32248&scanf=39948&charge=3&value=sp|Q96FV9|THOC1_HUMAN,0,/core/www/modules/match_peptides/blast_html4.php?run_id=110202&search_id=114132&scans_id=110198&peptide_id=32248&scanf=39948&charge=3&value=0,K.QLLVAWQDQEGVHATPENLINALNK.S,/core/www/modules/show_out/show_out_wrapper.php?run_id=110202&search_id=114132&scans_id=110198&peptide_id=32248&scanf=39948&charge=3&value=K.QLLVAWQDQEGVHATPENLINALNK.S,THOC1,1.385e+6,2.908,0.005,2.272,0.000
39950,3,"  6.091","  0.614",22/104,/core/www/modules//sdig/index.php?run_id=110202&search_id=114132&scans_id=110198&peptide_id=32251&scanf=39950&charge=3&value=22/104,sp|P26599|PTBP1_HUMAN,/core/www/modules//consensus/?run_id=110202&search_id=114132&scans_id=110198&peptide_id=32251&scanf=39950&charge=3&value=sp|P26599|PTBP1_HUMAN,4,/core/www/modules/match_peptides/blast_html4.php?run_id=110202&search_id=114132&scans_id=110198&peptide_id=32251&scanf=39950&charge=3&value=4,K.NFQNIFPPSATLHLSNIPPSVSEEDLK.V,/core/www/modules/show_out/show_out_wrapper.php?run_id=110202&search_id=114132&scans_id=110198&peptide_id=32251&scanf=39950&charge=3&value=K.NFQNIFPPSATLHLSNIPPSVSEEDLK.V,PTBP1,2.183e+7,3.110,0.003,2.571,0.000
39951,2,"  2.700","  0.318",14/22,/core/www/modules//sdig/index.php?run_id=110202&search_id=114132&scans_id=110198&peptide_id=32252&scanf=39951&charge=2&value=14/22,sp|Q8WYP5|ELYS_HUMAN,/core/www/modules//consensus/?run_id=110202&search_id=114132&scans_id=110198&peptide_id=32252&scanf=39951&charge=2&value=sp|Q8WYP5|ELYS_HUMAN,0,/core/www/modules/match_peptides/blast_html4.php?run_id=110202&search_id=114132&scans_id=110198&peptide_id=32252&scanf=39951&charge=2&value=0,K.VAIAENLLDVIK.D,/core/www/modules/show_out/show_out_wrapper.php?run_id=110202&search_id=114132&scans_id=110198&peptide_id=32252&scanf=39951&charge=2&value=K.VAIAENLLDVIK.D,AHCTF1,1.771e+6,2.425,0.027,1.566,0.001
39954,2,"  3.136","  0.516",11/24,/core/www/modules//sdig/index.php?run_id=110202&search_id=114132&scans_id=110198&peptide_id=32255&scanf=39954&charge=2&value=11/24,sp|P61011|SRP54_HUMAN,/core/www/modules//consensus/?run_id=110202&search_id=114132&scans_id=110198&peptide_id=32255&scanf=39954&charge=2&value=sp|P61011|SRP54_HUMAN,5,/core/www/modules/match_peptides/blast_html4.php?run_id=110202&search_id=114132&scans_id=110198&peptide_id=32255&scanf=39954&charge=2&value=5,K.LLGMGDIEGLIDK.V,/core/www/modules/show_out/show_out_wrapper.php?run_id=110202&search_id=114132&scans_id=110198&peptide_id=32255&scanf=39954&charge=2&value=K.LLGMGDIEGLIDK.V,SRP54,7.730e+6,2.762,0.009,2.057,0.000
39955,3,"  4.128","  0.570",15/64,/core/www/modules//sdig/index.php?run_id=110202&search_id=114132&scans_id=110198&peptide_id=32256&scanf=39955&charge=3&value=15/64,sp|Q8TDN6|BRX1_HUMAN,/core/www/modules//consensus/?run_id=110202&search_id=114132&scans_id=110198&peptide_id=32256&scanf=39955&charge=3&value=sp|Q8TDN6|BRX1_HUMAN,0,/core/www/modules/match_peptides/blast_html4.php?run_id=110202&search_id=114132&scans_id=110198&peptide_id=32256&scanf=39955&charge=3&value=0,R.NFQIIEEDAALVEIGPR.F,/core/www/modules/show_out/show_out_wrapper.php?run_id=110202&search_id=114132&scans_id=110198&peptide_id=32256&scanf=39955&charge=3&value=R.NFQIIEEDAALVEIGPR.F,BRIX1,8.311e+6,3.283,0.001,2.827,0.000
39956,2,"  2.381","  0.661",12/22,/core/www/modules//sdig/index.php?run_id=110202&search_id=114132&scans_id=110198&peptide_id=32257&scanf=39956&charge=2&value=12/22,sp|Q16822|PCKGM_HUMAN,/core/www/modules//consensus/?run_id=110202&search_id=114132&scans_id=110198&peptide_id=32257&scanf=39956&charge=2&value=sp|Q16822|PCKGM_HUMAN,1,/core/www/modules/match_peptides/blast_html4.php?run_id=110202&search_id=114132&scans_id=110198&peptide_id=32257&scanf=39956&charge=2&value=1,K.GVPLVYEAFNWR.H,/core/www/modules/show_out/show_out_wrapper.php?run_id=110202&search_id=114132&scans_id=110198&peptide_id=32257&scanf=39956&charge=2&value=K.GVPLVYEAFNWR.H,PCK2,6.957e+6,3.599,0.001,3.295,0.000
39960,2,"  1.187","  0.323",6/26,/core/www/modules//sdig/index.php?run_id=110202&search_id=114132&scans_id=110198&peptide_id=32262&scanf=39960&charge=2&value=6/26,sp|Q9BSC4|NOL10_HUMAN,/core/www/modules//consensus/?run_id=110202&search_id=114132&scans_id=110198&peptide_id=32262&scanf=39960&charge=2&value=sp|Q9BSC4|NOL10_HUMAN,2,/core/www/modules/match_peptides/blast_html4.php?run_id=110202&search_id=114132&scans_id=110198&peptide_id=32262&scanf=39960&charge=2&value=2,K.MGIYYIPVLGPAPR.W,/core/www/modules/show_out/show_out_wrapper.php?run_id=110202&search_id=114132&scans_id=110198&peptide_id=32262&scanf=39960&charge=2&value=K.MGIYYIPVLGPAPR.W,NOL10,3.676e+6,1.928,0.132,0.878,0.007
39963,2,"  4.865","  0.677",18/32,/core/www/modules//sdig/index.php?run_id=110202&search_id=114132&scans_id=110198&peptide_id=32264&scanf=39963&charge=2&value=18/32,sp|P19388|RPAB1_HUMAN,/core/www/modules//consensus/?run_id=110202&search_id=114132&scans_id=110198&peptide_id=32264&scanf=39963&charge=2&value=sp|P19388|RPAB1_HUMAN,2,/core/www/modules/match_peptides/blast_html4.php?run_id=110202&search_id=114132&scans_id=110198&peptide_id=32264&scanf=39963&charge=2&value=2,R.GYLVTQDELDQTLEEFK.A,/core/www/modules/show_out/show_out_wrapper.php?run_id=110202&search_id=114132&scans_id=110198&peptide_id=32264&scanf=39963&charge=2&value=R.GYLVTQDELDQTLEEFK.A,POLR2E,3.573e+6,3.406,0.001,3.010,0.000
39965,3,"  5.592","  0.679",18/92,/core/www/modules//sdig/index.php?run_id=110202&search_id=114132&scans_id=110198&peptide_id=32266&scanf=39965&charge=3&value=18/92,sp|Q9UKL0|RCOR1_HUMAN,/core/www/modules//consensus/?run_id=110202&search_id=114132&scans_id=110198&peptide_id=32266&scanf=39965&charge=3&value=sp|Q9UKL0|RCOR1_HUMAN,0,/core/www/modules/match_peptides/blast_html4.php?run_id=110202&search_id=114132&scans_id=110198&peptide_id=32266&scanf=39965&charge=3&value=0,K.GMFLSQEDVEAVSANATAATTVLR.Q,/core/www/modules/show_out/show_out_wrapper.php?run_id=110202&search_id=114132&scans_id=110198&peptide_id=32266&scanf=39965&charge=3&value=K.GMFLSQEDVEAVSANATAATTVLR.Q,RCOR1,1.640e+6,3.364,0.001,2.946,0.000
39967,4,"  2.540","  0.281",15/132,/core/www/modules//sdig/index.php?run_id=110202&search_id=114132&scans_id=110198&peptide_id=32268&scanf=39967&charge=4&value=15/132,sp|Q96BM9|ARL8A_HUMAN,/core/www/modules//consensus/?run_id=110202&search_id=114132&scans_id=110198&peptide_id=32268&scanf=39967&charge=4&value=sp|Q96BM9|ARL8A_HUMAN,1,/core/www/modules/match_peptides/blast_html4.php?run_id=110202&search_id=114132&scans_id=110198&peptide_id=32268&scanf=39967&charge=4&value=1,K.NELHNLLDKPQLQGIPVLVLGNK.R,/core/www/modules/show_out/show_out_wrapper.php?run_id=110202&search_id=114132&scans_id=110198&peptide_id=32268&scanf=39967&charge=4&value=K.NELHNLLDKPQLQGIPVLVLGNK.R,ARL8A,4.041e+6,2.209,0.055,1.258,0.002
39971,4,"  3.439","  0.527",19/108,/core/www/modules//sdig/index.php?run_id=110202&search_id=114132&scans_id=110198&peptide_id=32273&scanf=39971&charge=4&value=19/108,sp|Q68CP9|ARID2_HUMAN,/core/www/modules//consensus/?run_id=110202&search_id=114132&scans_id=110198&peptide_id=32273&scanf=39971&charge=4&value=sp|Q68CP9|ARID2_HUMAN,1,/core/www/modules/match_peptides/blast_html4.php?run_id=110202&search_id=114132&scans_id=110198&peptide_id=32273&scanf=39971&charge=4&value=1,K.SHEGTSGEWIWESLFHPPR.K,/core/www/modules/show_out/show_out_wrapper.php?run_id=110202&search_id=114132&scans_id=110198&peptide_id=32273&scanf=39971&charge=4&value=K.SHEGTSGEWIWESLFHPPR.K,ARID2,1.565e+6,3.413,0.001,3.020,0.000
39973,2,"  3.860","  0.367",14/32,/core/www/modules//sdig/index.php?run_id=110202&search_id=114132&scans_id=110198&peptide_id=32275&scanf=39973&charge=2&value=14/32,sp|P48147|PPCE_HUMAN,/core/www/modules//consensus/?run_id=110202&search_id=114132&scans_id=110198&peptide_id=32275&scanf=39973&charge=2&value=sp|P48147|PPCE_HUMAN,1,/core/www/modules/match_peptides/blast_html4.php?run_id=110202&search_id=114132&scans_id=110198&peptide_id=32275&scanf=39973&charge=2&value=1,R.VFLDPNILSDDGTVALR.G,/core/www/modules/show_out/show_out_wrapper.php?run_id=110202&search_id=114132&scans_id=110198&peptide_id=32275&scanf=39973&charge=2&value=R.VFLDPNILSDDGTVALR.G,PREP,1.117e+6,2.271,0.045,1.346,0.002
39980,3,"  2.526","  0.284",14/68,/core/www/modules//sdig/index.php?run_id=110202&search_id=114132&scans_id=110198&peptide_id=32283&scanf=39980&charge=3&value=14/68,tr|J3KN01|J3KN01_HUMAN,/core/www/modules//consensus/?run_id=110202&search_id=114132&scans_id=110198&peptide_id=32283&scanf=39980&charge=3&value=tr|J3KN01|J3KN01_HUMAN,2,/core/www/modules/match_peptides/blast_html4.php?run_id=110202&search_id=114132&scans_id=110198&peptide_id=32283&scanf=39980&charge=3&value=2,K.MVSMMEGVIQEVDQVDQK.Q,/core/www/modules/show_out/show_out_wrapper.php?run_id=110202&search_id=114132&scans_id=110198&peptide_id=32283&scanf=39980&charge=3&value=K.MVSMMEGVIQEVDQVDQK.Q,AFDN,1.393e+6,2.114,0.075,1.126,0.002
39984,2,"  3.193","  0.541",15/18,/core/www/modules//sdig/index.php?run_id=110202&search_id=114132&scans_id=110198&peptide_id=32286&scanf=39984&charge=2&value=15/18,sp|O43707|ACTN4_HUMAN,/core/www/modules//consensus/?run_id=110202&search_id=114132&scans_id=110198&peptide_id=32286&scanf=39984&charge=2&value=sp|O43707|ACTN4_HUMAN,14,/core/www/modules/match_peptides/blast_html4.php?run_id=110202&search_id=114132&scans_id=110198&peptide_id=32286&scanf=39984&charge=2&value=14,K.LASDLLEWIR.R,/core/www/modules/show_out/show_out_wrapper.php?run_id=110202&search_id=114132&scans_id=110198&peptide_id=32286&scanf=39984&charge=2&value=K.LASDLLEWIR.R,ACTN4,2.305e+8,4.132,0.000,4.085,0.000
39988,2,"  3.029","  0.601",12/26,/core/www/modules//sdig/index.php?run_id=110202&search_id=114132&scans_id=110198&peptide_id=32290&scanf=39988&charge=2&value=12/26,sp|Q9BXS5|AP1M1_HUMAN,/core/www/modules//consensus/?run_id=110202&search_id=114132&scans_id=110198&peptide_id=32290&scanf=39988&charge=2&value=sp|Q9BXS5|AP1M1_HUMAN,2,/core/www/modules/match_peptides/blast_html4.php?run_id=110202&search_id=114132&scans_id=110198&peptide_id=32290&scanf=39988&charge=2&value=2,K.FEIPYFTTSGIQVR.Y,/core/www/modules/show_out/show_out_wrapper.php?run_id=110202&search_id=114132&scans_id=110198&peptide_id=32290&scanf=39988&charge=2&value=K.FEIPYFTTSGIQVR.Y,AP1M1,2.887e+6,3.222,0.002,2.736,0.000
39989,3,"  4.141","  0.584",17/72,/core/www/modules//sdig/index.php?run_id=110202&search_id=114132&scans_id=110198&peptide_id=32291&scanf=39989&charge=3&value=17/72,sp|P55209|NP1L1_HUMAN,/core/www/modules//consensus/?run_id=110202&search_id=114132&scans_id=110198&peptide_id=32291&scanf=39989&charge=3&value=sp|P55209|NP1L1_HUMAN,8,/core/www/modules/match_peptides/blast_html4.php?run_id=110202&search_id=114132&scans_id=110198&peptide_id=32291&scanf=39989&charge=3&value=8,R.QLTVQMMQNPQILAALQER.L,/core/www/modules/show_out/show_out_wrapper.php?run_id=110202&search_id=114132&scans_id=110198&peptide_id=32291&scanf=39989&charge=3&value=R.QLTVQMMQNPQILAALQER.L,NAP1L1,1.374e+6,3.035,0.003,2.460,0.000
39990,3,"  5.467","  0.660",23/76,/core/www/modules//sdig/index.php?run_id=110202&search_id=114132&scans_id=110198&peptide_id=32293&scanf=39990&charge=3&value=23/76,sp|Q8NBS9|TXND5_HUMAN,/core/www/modules//consensus/?run_id=110202&search_id=114132&scans_id=110198&peptide_id=32293&scanf=39990&charge=3&value=sp|Q8NBS9|TXND5_HUMAN,0,/core/www/modules/match_peptides/blast_html4.php?run_id=110202&search_id=114132&scans_id=110198&peptide_id=32293&scanf=39990&charge=3&value=0,K.ALAPTWEQLALGLEHSETVK.I,/core/www/modules/show_out/show_out_wrapper.php?run_id=110202&search_id=114132&scans_id=110198&peptide_id=32293&scanf=39990&charge=3&value=K.ALAPTWEQLALGLEHSETVK.I,TXNDC5,1.070e+7,3.593,0.001,3.285,0.000
39992,3,"  5.007","  0.613",15/92,/core/www/modules//sdig/index.php?run_id=110202&search_id=114132&scans_id=110198&peptide_id=32295&scanf=39992&charge=3&value=15/92,sp|Q9UKL0|RCOR1_HUMAN,/core/www/modules//consensus/?run_id=110202&search_id=114132&scans_id=110198&peptide_id=32295&scanf=39992&charge=3&value=sp|Q9UKL0|RCOR1_HUMAN,0,/core/www/modules/match_peptides/blast_html4.php?run_id=110202&search_id=114132&scans_id=110198&peptide_id=32295&scanf=39992&charge=3&value=0,K.GMFLSQEDVEAVSANATAATTVLR.Q,/core/www/modules/show_out/show_out_wrapper.php?run_id=110202&search_id=114132&scans_id=110198&peptide_id=32295&scanf=39992&charge=3&value=K.GMFLSQEDVEAVSANATAATTVLR.Q,RCOR1,1.640e+6,3.067,0.003,2.508,0.000
39994,3,"  6.748","  0.760",24/140,/core/www/modules//sdig/index.php?run_id=110202&search_id=114132&scans_id=110198&peptide_id=32297&scanf=39994&charge=3&value=24/140,sp|Q15233|NONO_HUMAN,/core/www/modules//consensus/?run_id=110202&search_id=114132&scans_id=110198&peptide_id=32297&scanf=39994&charge=3&value=sp|Q15233|NONO_HUMAN,4,/core/www/modules/match_peptides/blast_html4.php?run_id=110202&search_id=114132&scans_id=110198&peptide_id=32297&scanf=39994&charge=3&value=4,R.GAMPPAPVPAGTPAPPGPATMMPDGTLGLTPPTTER.F,/core/www/modules/show_out/show_out_wrapper.php?run_id=110202&search_id=114132&scans_id=110198&peptide_id=32297&scanf=39994&charge=3&value=R.GAMPPAPVPAGTPAPPGPATMMPDGTLGLTPPTTER.F,NONO,3.377e+6,3.331,0.001,2.898,0.000
39995,2,"  1.782","  0.187",11/20,/core/www/modules//sdig/index.php?run_id=110202&search_id=114132&scans_id=110198&peptide_id=32298&scanf=39995&charge=2&value=11/20,sp|Q13535|ATR_HUMAN,/core/www/modules//consensus/?run_id=110202&search_id=114132&scans_id=110198&peptide_id=32298&scanf=39995&charge=2&value=sp|Q13535|ATR_HUMAN,1,/core/www/modules/match_peptides/blast_html4.php?run_id=110202&search_id=114132&scans_id=110198&peptide_id=32298&scanf=39995&charge=2&value=1,K.MALNSLMSLMK.L,/core/www/modules/show_out/show_out_wrapper.php?run_id=110202&search_id=114132&scans_id=110198&peptide_id=32298&scanf=39995&charge=2&value=K.MALNSLMSLMK.L,ATR,1.556e+6,2.022,0.100,1.001,0.005
39997,3,"  3.851","  0.545",18/68,/core/www/modules//sdig/index.php?run_id=110202&search_id=114132&scans_id=110198&peptide_id=32300&scanf=39997&charge=3&value=18/68,sp|Q15833|STXB2_HUMAN,/core/www/modules//consensus/?run_id=110202&search_id=114132&scans_id=110198&peptide_id=32300&scanf=39997&charge=3&value=sp|Q15833|STXB2_HUMAN,3,/core/www/modules/match_peptides/blast_html4.php?run_id=110202&search_id=114132&scans_id=110198&peptide_id=32300&scanf=39997&charge=3&value=3,R.REPIPSLEAIYLLSPTEK.S,/core/www/modules/show_out/show_out_wrapper.php?run_id=110202&search_id=114132&scans_id=110198&peptide_id=32300&scanf=39997&charge=3&value=R.REPIPSLEAIYLLSPTEK.S,STXBP2,1.288e+6,2.797,0.008,2.108,0.000
39998,2,"  1.619","  0.274",9/16,/core/www/modules//sdig/index.php?run_id=110202&search_id=114132&scans_id=110198&peptide_id=32301&scanf=39998&charge=2&value=9/16,sp|P02786|TFR1_HUMAN,/core/www/modules//consensus/?run_id=110202&search_id=114132&scans_id=110198&peptide_id=32301&scanf=39998&charge=2&value=sp|P02786|TFR1_HUMAN,7,/core/www/modules/match_peptides/blast_html4.php?run_id=110202&search_id=114132&scans_id=110198&peptide_id=32301&scanf=39998&charge=2&value=7,K.ILNIFGVIK.G,/core/www/modules/show_out/show_out_wrapper.php?run_id=110202&search_id=114132&scans_id=110198&peptide_id=32301&scanf=39998&charge=2&value=K.ILNIFGVIK.G,TFRC,2.955e+6,2.396,0.030,1.524,0.001
40000,2,"  1.910","  0.341",10/20,/core/www/modules//sdig/index.php?run_id=110202&search_id=114132&scans_id=110198&peptide_id=32304&scanf=40000&charge=2&value=10/20,sp|Q5T1M5|FKB15_HUMAN,/core/www/modules//consensus/?run_id=110202&search_id=114132&scans_id=110198&peptide_id=32304&scanf=40000&charge=2&value=sp|Q5T1M5|FKB15_HUMAN,3,/core/www/modules/match_peptides/blast_html4.php?run_id=110202&search_id=114132&scans_id=110198&peptide_id=32304&scanf=40000&charge=2&value=3,R.TILGTIMNTIK.M,/core/www/modules/show_out/show_out_wrapper.php?run_id=110202&search_id=114132&scans_id=110198&peptide_id=32304&scanf=40000&charge=2&value=R.TILGTIMNTIK.M,FKBP15,1.873e+6,2.301,0.041,1.388,0.001
40005,4,"  4.793","  0.513",18/126,/core/www/modules//sdig/index.php?run_id=110202&search_id=114132&scans_id=110198&peptide_id=32308&scanf=40005&charge=4&value=18/126,sp|P53396|ACLY_HUMAN,/core/www/modules//consensus/?run_id=110202&search_id=114132&scans_id=110198&peptide_id=32308&scanf=40005&charge=4&value=sp|P53396|ACLY_HUMAN,1,/core/www/modules/match_peptides/blast_html4.php?run_id=110202&search_id=114132&scans_id=110198&peptide_id=32308&scanf=40005&charge=4&value=1,R.LLQDHPWLLSQNLVVKPDQLIK.R,/core/www/modules/show_out/show_out_wrapper.php?run_id=110202&search_id=114132&scans_id=110198&peptide_id=32308&scanf=40005&charge=4&value=R.LLQDHPWLLSQNLVVKPDQLIK.R,ACLY,2.948e+6,3.265,0.002,2.801,0.000
40008,2,"  2.999","  0.452",11/22,/core/www/modules//sdig/index.php?run_id=110202&search_id=114132&scans_id=110198&peptide_id=32311&scanf=40008&charge=2&value=11/22,sp|Q01780|EXOSX_HUMAN,/core/www/modules//consensus/?run_id=110202&search_id=114132&scans_id=110198&peptide_id=32311&scanf=40008&charge=2&value=sp|Q01780|EXOSX_HUMAN,0,/core/www/modules/match_peptides/blast_html4.php?run_id=110202&search_id=114132&scans_id=110198&peptide_id=32311&scanf=40008&charge=2&value=0,R.TEDFIIDTLELR.S,/core/www/modules/show_out/show_out_wrapper.php?run_id=110202&search_id=114132&scans_id=110198&peptide_id=32311&scanf=40008&charge=2&value=R.TEDFIIDTLELR.S,EXOSC10,6.715e+6,2.940,0.005,2.320,0.000
40009,3,"  1.655","  0.409",11/40,/core/www/modules//sdig/index.php?run_id=110202&search_id=114132&scans_id=110198&peptide_id=32312&scanf=40009&charge=3&value=11/40,sp|O95486|SC24A_HUMAN,/core/www/modules//consensus/?run_id=110202&search_id=114132&scans_id=110198&peptide_id=32312&scanf=40009&charge=3&value=sp|O95486|SC24A_HUMAN,0,/core/www/modules/match_peptides/blast_html4.php?run_id=110202&search_id=114132&scans_id=110198&peptide_id=32312&scanf=40009&charge=3&value=0,K.LPLGLLLHPFK.D,/core/www/modules/show_out/show_out_wrapper.php?run_id=110202&search_id=114132&scans_id=110198&peptide_id=32312&scanf=40009&charge=3&value=K.LPLGLLLHPFK.D,SEC24A,1.346e+6,2.827,0.007,2.153,0.000
40010,3,"  3.618","  0.513",16/72,/core/www/modules//sdig/index.php?run_id=110202&search_id=114132&scans_id=110198&peptide_id=32314&scanf=40010&charge=3&value=16/72,sp|P55209|NP1L1_HUMAN,/core/www/modules//consensus/?run_id=110202&search_id=114132&scans_id=110198&peptide_id=32314&scanf=40010&charge=3&value=sp|P55209|NP1L1_HUMAN,8,/core/www/modules/match_peptides/blast_html4.php?run_id=110202&search_id=114132&scans_id=110198&peptide_id=32314&scanf=40010&charge=3&value=8,R.QLTVQMMQNPQILAALQER.L,/core/www/modules/show_out/show_out_wrapper.php?run_id=110202&search_id=114132&scans_id=110198&peptide_id=32314&scanf=40010&charge=3&value=R.QLTVQMMQNPQILAALQER.L,NAP1L1,1.374e+6,2.870,0.006,2.216,0.000
40011,2,"  2.448","  0.547",10/16,/core/www/modules//sdig/index.php?run_id=110202&search_id=114132&scans_id=110198&peptide_id=32315&scanf=40011&charge=2&value=10/16,sp|Q9BTE7|DCNL5_HUMAN,/core/www/modules//consensus/?run_id=110202&search_id=114132&scans_id=110198&peptide_id=32315&scanf=40011&charge=2&value=sp|Q9BTE7|DCNL5_HUMAN,2,/core/www/modules/match_peptides/blast_html4.php?run_id=110202&search_id=114132&scans_id=110198&peptide_id=32315&scanf=40011&charge=2&value=2,K.SMLALLLGR.T,/core/www/modules/show_out/show_out_wrapper.php?run_id=110202&search_id=114132&scans_id=110198&peptide_id=32315&scanf=40011&charge=2&value=K.SMLALLLGR.T,DCUN1D5,1.274e+6,3.412,0.001,3.017,0.000
40012,3,"  6.011","  0.740",32/88,/core/www/modules//sdig/index.php?run_id=110202&search_id=114132&scans_id=110198&peptide_id=32316&scanf=40012&charge=3&value=32/88,sp|Q96BM9|ARL8A_HUMAN,/core/www/modules//consensus/?run_id=110202&search_id=114132&scans_id=110198&peptide_id=32316&scanf=40012&charge=3&value=sp|Q96BM9|ARL8A_HUMAN,1,/core/www/modules/match_peptides/blast_html4.php?run_id=110202&search_id=114132&scans_id=110198&peptide_id=32316&scanf=40012&charge=3&value=1,K.NELHNLLDKPQLQGIPVLVLGNK.R,/core/www/modules/show_out/show_out_wrapper.php?run_id=110202&search_id=114132&scans_id=110198&peptide_id=32316&scanf=40012&charge=3&value=K.NELHNLLDKPQLQGIPVLVLGNK.R,ARL8A,1.653e+6,3.826,0.000,3.632,0.000
40014,2,"  5.038","  0.643",16/28,/core/www/modules//sdig/index.php?run_id=110202&search_id=114132&scans_id=110198&peptide_id=32318&scanf=40014&charge=2&value=16/28,sp|P63010|AP2B1_HUMAN,/core/www/modules//consensus/?run_id=110202&search_id=114132&scans_id=110198&peptide_id=32318&scanf=40014&charge=2&value=sp|P63010|AP2B1_HUMAN,6,/core/www/modules/match_peptides/blast_html4.php?run_id=110202&search_id=114132&scans_id=110198&peptide_id=32318&scanf=40014&charge=2&value=6,R.LASQANIAQVLAELK.E,/core/www/modules/show_out/show_out_wrapper.php?run_id=110202&search_id=114132&scans_id=110198&peptide_id=32318&scanf=40014&charge=2&value=R.LASQANIAQVLAELK.E,AP2B1,6.823e+6,3.680,0.000,3.415,0.000
40015,3,"  2.721","  0.276",14/72,/core/www/modules//sdig/index.php?run_id=110202&search_id=114132&scans_id=110198&peptide_id=32319&scanf=40015&charge=3&value=14/72,sp|Q9Y221|NIP7_HUMAN,/core/www/modules//consensus/?run_id=110202&search_id=114132&scans_id=110198&peptide_id=32319&scanf=40015&charge=3&value=sp|Q9Y221|NIP7_HUMAN,0,/core/www/modules/match_peptides/blast_html4.php?run_id=110202&search_id=114132&scans_id=110198&peptide_id=32319&scanf=40015&charge=3&value=0,K.VDPMAIVVFHQADIGEYVR.H,/core/www/modules/show_out/show_out_wrapper.php?run_id=110202&search_id=114132&scans_id=110198&peptide_id=32319&scanf=40015&charge=3&value=K.VDPMAIVVFHQADIGEYVR.H,NIP7,2.794e+6,2.083,0.083,1.083,0.003
40020,3,"  3.396","  0.296",9/84,/core/www/modules//sdig/index.php?run_id=110202&search_id=114132&scans_id=110198&peptide_id=32325&scanf=40020&charge=3&value=9/84,sp|P49116|NR2C2_HUMAN,/core/www/modules//consensus/?run_id=110202&search_id=114132&scans_id=110198&peptide_id=32325&scanf=40020&charge=3&value=sp|P49116|NR2C2_HUMAN,0,/core/www/modules/match_peptides/blast_html4.php?run_id=110202&search_id=114132&scans_id=110198&peptide_id=32325&scanf=40020&charge=3&value=0,R.DQSTPIIEVEGPLLSDTHVTFK.L,/core/www/modules/show_out/show_out_wrapper.php?run_id=110202&search_id=114132&scans_id=110198&peptide_id=32325&scanf=40020&charge=3&value=R.DQSTPIIEVEGPLLSDTHVTFK.L,NR2C2,8.119e+5,1.954,0.123,0.912,0.006
40022,2,"  2.185","  0.502",9/16,/core/www/modules//sdig/index.php?run_id=110202&search_id=114132&scans_id=110198&peptide_id=32327&scanf=40022&charge=2&value=9/16,sp|Q99829|CPNE1_HUMAN,/core/www/modules//consensus/?run_id=110202&search_id=114132&scans_id=110198&peptide_id=32327&scanf=40022&charge=2&value=sp|Q99829|CPNE1_HUMAN,12,/core/www/modules/match_peptides/blast_html4.php?run_id=110202&search_id=114132&scans_id=110198&peptide_id=32327&scanf=40022&charge=2&value=12,K.SDPFLEFFR.Q,/core/www/modules/show_out/show_out_wrapper.php?run_id=110202&search_id=114132&scans_id=110198&peptide_id=32327&scanf=40022&charge=2&value=K.SDPFLEFFR.Q,CPNE1,1.489e+6,3.205,0.002,2.711,0.000
40027,4,"  3.087","  0.378",17/126,/core/www/modules//sdig/index.php?run_id=110202&search_id=114132&scans_id=110198&peptide_id=32331&scanf=40027&charge=4&value=17/126,sp|P53396|ACLY_HUMAN,/core/www/modules//consensus/?run_id=110202&search_id=114132&scans_id=110198&peptide_id=32331&scanf=40027&charge=4&value=sp|P53396|ACLY_HUMAN,1,/core/www/modules/match_peptides/blast_html4.php?run_id=110202&search_id=114132&scans_id=110198&peptide_id=32331&scanf=40027&charge=4&value=1,R.LLQDHPWLLSQNLVVKPDQLIK.R,/core/www/modules/show_out/show_out_wrapper.php?run_id=110202&search_id=114132&scans_id=110198&peptide_id=32331&scanf=40027&charge=4&value=R.LLQDHPWLLSQNLVVKPDQLIK.R,ACLY,2.948e+6,2.710,0.010,1.981,0.000
40029,3,"  2.882","  0.359",16/56,/core/www/modules//sdig/index.php?run_id=110202&search_id=114132&scans_id=110198&peptide_id=32333&scanf=40029&charge=3&value=16/56,sp|Q15008|PSMD6_HUMAN,/core/www/modules//consensus/?run_id=110202&search_id=114132&scans_id=110198&peptide_id=32333&scanf=40029&charge=3&value=sp|Q15008|PSMD6_HUMAN,1,/core/www/modules/match_peptides/blast_html4.php?run_id=110202&search_id=114132&scans_id=110198&peptide_id=32333&scanf=40029&charge=3&value=1,K.GAEILEVLHSLPAVR.Q,/core/www/modules/show_out/show_out_wrapper.php?run_id=110202&search_id=114132&scans_id=110198&peptide_id=32333&scanf=40029&charge=3&value=K.GAEILEVLHSLPAVR.Q,PSMD6,1.850e+7,2.628,0.014,1.861,0.000
40031,3,"  2.149","  0.286",11/64,/core/www/modules//sdig/index.php?run_id=110202&search_id=114132&scans_id=110198&peptide_id=32336&scanf=40031&charge=3&value=11/64,sp|Q9NUJ1|ABHDA_HUMAN,/core/www/modules//consensus/?run_id=110202&search_id=114132&scans_id=110198&peptide_id=32336&scanf=40031&charge=3&value=sp|Q9NUJ1|ABHDA_HUMAN,0,/core/www/modules/match_peptides/blast_html4.php?run_id=110202&search_id=114132&scans_id=110198&peptide_id=32336&scanf=40031&charge=3&value=0,K.VVALIGVATAADTLVTK.F,/core/www/modules/show_out/show_out_wrapper.php?run_id=110202&search_id=114132&scans_id=110198&peptide_id=32336&scanf=40031&charge=3&value=K.VVALIGVATAADTLVTK.F,ABHD10,6.569e+6,2.111,0.075,1.123,0.002
40033,3,"  4.067","  0.524",17/60,/core/www/modules//sdig/index.php?run_id=110202&search_id=114132&scans_id=110198&peptide_id=32338&scanf=40033&charge=3&value=17/60,sp|O60341|KDM1A_HUMAN,/core/www/modules//consensus/?run_id=110202&search_id=114132&scans_id=110198&peptide_id=32338&scanf=40033&charge=3&value=sp|O60341|KDM1A_HUMAN,11,/core/www/modules/match_peptides/blast_html4.php?run_id=110202&search_id=114132&scans_id=110198&peptide_id=32338&scanf=40033&charge=3&value=11,K.QQPPAVQFVPPLPEWK.T,/core/www/modules/show_out/show_out_wrapper.php?run_id=110202&search_id=114132&scans_id=110198&peptide_id=32338&scanf=40033&charge=3&value=K.QQPPAVQFVPPLPEWK.T,KDM1A,3.623e+6,3.186,0.002,2.683,0.000
40036,2,"  3.498","  0.596",10/32,/core/www/modules//sdig/index.php?run_id=110202&search_id=114132&scans_id=110198&peptide_id=32341&scanf=40036&charge=2&value=10/32,sp|P16152|CBR1_HUMAN,/core/www/modules//consensus/?run_id=110202&search_id=114132&scans_id=110198&peptide_id=32341&scanf=40036&charge=2&value=sp|P16152|CBR1_HUMAN,2,/core/www/modules/match_peptides/blast_html4.php?run_id=110202&search_id=114132&scans_id=110198&peptide_id=32341&scanf=40036&charge=2&value=2,K.EYGGLDVLVNNAGIAFK.V,/core/www/modules/show_out/show_out_wrapper.php?run_id=110202&search_id=114132&scans_id=110198&peptide_id=32341&scanf=40036&charge=2&value=K.EYGGLDVLVNNAGIAFK.V,CBR1,1.180e+6,2.910,0.005,2.276,0.000
40037,2,"  2.013","  0.431",9/16,/core/www/modules//sdig/index.php?run_id=110202&search_id=114132&scans_id=110198&peptide_id=32342&scanf=40037&charge=2&value=9/16,sp|Q99829|CPNE1_HUMAN,/core/www/modules//consensus/?run_id=110202&search_id=114132&scans_id=110198&peptide_id=32342&scanf=40037&charge=2&value=sp|Q99829|CPNE1_HUMAN,12,/core/www/modules/match_peptides/blast_html4.php?run_id=110202&search_id=114132&scans_id=110198&peptide_id=32342&scanf=40037&charge=2&value=12,K.SDPFLEFFR.Q,/core/www/modules/show_out/show_out_wrapper.php?run_id=110202&search_id=114132&scans_id=110198&peptide_id=32342&scanf=40037&charge=2&value=K.SDPFLEFFR.Q,CPNE1,1.489e+6,2.975,0.004,2.371,0.000
40038,3,"  2.898","  0.368",12/68,/core/www/modules//sdig/index.php?run_id=110202&search_id=114132&scans_id=110198&peptide_id=32343&scanf=40038&charge=3&value=12/68,sp|Q7Z2T5|TRM1L_HUMAN,/core/www/modules//consensus/?run_id=110202&search_id=114132&scans_id=110198&peptide_id=32343&scanf=40038&charge=3&value=sp|Q7Z2T5|TRM1L_HUMAN,1,/core/www/modules/match_peptides/blast_html4.php?run_id=110202&search_id=114132&scans_id=110198&peptide_id=32343&scanf=40038&charge=3&value=1,R.MLFESLHHGLDDIQTLIK.T,/core/www/modules/show_out/show_out_wrapper.php?run_id=110202&search_id=114132&scans_id=110198&peptide_id=32343&scanf=40038&charge=3&value=R.MLFESLHHGLDDIQTLIK.T,TRMT1L,1.124e+6,2.320,0.038,1.415,0.001
40040,3,"  3.051","  0.407",11/60,/core/www/modules//sdig/index.php?run_id=110202&search_id=114132&scans_id=110198&peptide_id=32346&scanf=40040&charge=3&value=11/60,sp|Q9UL03|INT6_HUMAN,/core/www/modules//consensus/?run_id=110202&search_id=114132&scans_id=110198&peptide_id=32346&scanf=40040&charge=3&value=sp|Q9UL03|INT6_HUMAN,2,/core/www/modules/match_peptides/blast_html4.php?run_id=110202&search_id=114132&scans_id=110198&peptide_id=32346&scanf=40040&charge=3&value=2,K.DFQQLLQGISEDVPHR.L,/core/www/modules/show_out/show_out_wrapper.php?run_id=110202&search_id=114132&scans_id=110198&peptide_id=32346&scanf=40040&charge=3&value=K.DFQQLLQGISEDVPHR.L,INTS6,4.309e+6,2.623,0.014,1.853,0.000
40052,2,"  2.385","  0.396",12/12,/core/www/modules//sdig/index.php?run_id=110202&search_id=114132&scans_id=110198&peptide_id=32358&scanf=40052&charge=2&value=12/12,sp|P04908|H2A1B_HUMAN,/core/www/modules//consensus/?run_id=110202&search_id=114132&scans_id=110198&peptide_id=32358&scanf=40052&charge=2&value=sp|P04908|H2A1B_HUMAN,20,/core/www/modules/match_peptides/blast_html4.php?run_id=110202&search_id=114132&scans_id=110198&peptide_id=32358&scanf=40052&charge=2&value=20,R.HLQLAIR.N,/core/www/modules/show_out/show_out_wrapper.php?run_id=110202&search_id=114132&scans_id=110198&peptide_id=32358&scanf=40052&charge=2&value=R.HLQLAIR.N,H2AC8,4.853e+6,3.776,0.000,3.557,0.000
40059,3,"  5.880","  0.599",19/76,/core/www/modules//sdig/index.php?run_id=110202&search_id=114132&scans_id=110198&peptide_id=32365&scanf=40059&charge=3&value=19/76,sp|Q9BX68|HINT2_HUMAN,/core/www/modules//consensus/?run_id=110202&search_id=114132&scans_id=110198&peptide_id=32365&scanf=40059&charge=3&value=sp|Q9BX68|HINT2_HUMAN,0,/core/www/modules/match_peptides/blast_html4.php?run_id=110202&search_id=114132&scans_id=110198&peptide_id=32365&scanf=40059&charge=3&value=0,R.ISQAEEEDQQLLGHLLLVAK.Q,/core/www/modules/show_out/show_out_wrapper.php?run_id=110202&search_id=114132&scans_id=110198&peptide_id=32365&scanf=40059&charge=3&value=R.ISQAEEEDQQLLGHLLLVAK.Q,HINT2,3.517e+6,3.248,0.002,2.775,0.000
40061,3,"  3.690","  0.661",20/76,/core/www/modules//sdig/index.php?run_id=110202&search_id=114132&scans_id=110198&peptide_id=32368&scanf=40061&charge=3&value=20/76,sp|Q14676|MDC1_HUMAN,/core/www/modules//consensus/?run_id=110202&search_id=114132&scans_id=110198&peptide_id=32368&scanf=40061&charge=3&value=sp|Q14676|MDC1_HUMAN,1,/core/www/modules/match_peptides/blast_html4.php?run_id=110202&search_id=114132&scans_id=110198&peptide_id=32368&scanf=40061&charge=3&value=1,K.HLAPPPLLSPLLPSIKPTVR.K,/core/www/modules/show_out/show_out_wrapper.php?run_id=110202&search_id=114132&scans_id=110198&peptide_id=32368&scanf=40061&charge=3&value=K.HLAPPPLLSPLLPSIKPTVR.K,MDC1,1.122e+6,3.480,0.001,3.118,0.000
40068,3,"  4.003","  0.524",19/68,/core/www/modules//sdig/index.php?run_id=110202&search_id=114132&scans_id=110198&peptide_id=32374&scanf=40068&charge=3&value=19/68,sp|Q9BZF1|OSBL8_HUMAN,/core/www/modules//consensus/?run_id=110202&search_id=114132&scans_id=110198&peptide_id=32374&scanf=40068&charge=3&value=sp|Q9BZF1|OSBL8_HUMAN,0,/core/www/modules/match_peptides/blast_html4.php?run_id=110202&search_id=114132&scans_id=110198&peptide_id=32374&scanf=40068&charge=3&value=0,K.FADTRPWDPLNDMIQFEK.D,/core/www/modules/show_out/show_out_wrapper.php?run_id=110202&search_id=114132&scans_id=110198&peptide_id=32374&scanf=40068&charge=3&value=K.FADTRPWDPLNDMIQFEK.D,OSBPL8,5.526e+6,2.721,0.010,1.997,0.000
40070,2,"  2.914","  0.503",11/20,/core/www/modules//sdig/index.php?run_id=110202&search_id=114132&scans_id=110198&peptide_id=32377&scanf=40070&charge=2&value=11/20,sp|Q96SB4|SRPK1_HUMAN,/core/www/modules//consensus/?run_id=110202&search_id=114132&scans_id=110198&peptide_id=32377&scanf=40070&charge=2&value=sp|Q96SB4|SRPK1_HUMAN,1,/core/www/modules/match_peptides/blast_html4.php?run_id=110202&search_id=114132&scans_id=110198&peptide_id=32377&scanf=40070&charge=2&value=1,R.EMVVQLLDDFK.I,/core/www/modules/show_out/show_out_wrapper.php?run_id=110202&search_id=114132&scans_id=110198&peptide_id=32377&scanf=40070&charge=2&value=R.EMVVQLLDDFK.I,SRPK1,5.247e+6,3.136,0.002,2.609,0.000
40079,3,"  6.847","  0.679",23/84,/core/www/modules//sdig/index.php?run_id=110202&search_id=114132&scans_id=110198&peptide_id=32386&scanf=40079&charge=3&value=23/84,sp|P62195|PRS8_HUMAN,/core/www/modules//consensus/?run_id=110202&search_id=114132&scans_id=110198&peptide_id=32386&scanf=40079&charge=3&value=sp|P62195|PRS8_HUMAN,7,/core/www/modules/match_peptides/blast_html4.php?run_id=110202&search_id=114132&scans_id=110198&peptide_id=32386&scanf=40079&charge=3&value=7,K.EVIELPVKHPELFEALGIAQPK.G,/core/www/modules/show_out/show_out_wrapper.php?run_id=110202&search_id=114132&scans_id=110198&peptide_id=32386&scanf=40079&charge=3&value=K.EVIELPVKHPELFEALGIAQPK.G,PSMC5,2.177e+6,3.417,0.001,3.025,0.000
40081,2,"  3.255","  0.607",11/28,/core/www/modules//sdig/index.php?run_id=110202&search_id=114132&scans_id=110198&peptide_id=32389&scanf=40081&charge=2&value=11/28,sp|Q9H269|VPS16_HUMAN,/core/www/modules//consensus/?run_id=110202&search_id=114132&scans_id=110198&peptide_id=32389&scanf=40081&charge=2&value=sp|Q9H269|VPS16_HUMAN,0,/core/www/modules/match_peptides/blast_html4.php?run_id=110202&search_id=114132&scans_id=110198&peptide_id=32389&scanf=40081&charge=2&value=0,K.LTALADLEDWEELEK.F,/core/www/modules/show_out/show_out_wrapper.php?run_id=110202&search_id=114132&scans_id=110198&peptide_id=32389&scanf=40081&charge=2&value=K.LTALADLEDWEELEK.F,VPS16,9.283e+5,3.165,0.002,2.651,0.000
40082,3,"  3.800","  0.563",17/52,/core/www/modules//sdig/index.php?run_id=110202&search_id=114132&scans_id=110198&peptide_id=32390&scanf=40082&charge=3&value=17/52,sp|Q86U86|PB1_HUMAN,/core/www/modules//consensus/?run_id=110202&search_id=114132&scans_id=110198&peptide_id=32390&scanf=40082&charge=3&value=sp|Q86U86|PB1_HUMAN,2,/core/www/modules/match_peptides/blast_html4.php?run_id=110202&search_id=114132&scans_id=110198&peptide_id=32390&scanf=40082&charge=3&value=2,R.LDLFQEHMFEVLER.A,/core/www/modules/show_out/show_out_wrapper.php?run_id=110202&search_id=114132&scans_id=110198&peptide_id=32390&scanf=40082&charge=3&value=R.LDLFQEHMFEVLER.A,PBRM1,1.618e+6,3.499,0.001,3.147,0.000
40083,3,"  5.640","  0.717",28/116,/core/www/modules//sdig/index.php?run_id=110202&search_id=114132&scans_id=110198&peptide_id=32391&scanf=40083&charge=3&value=28/116,sp|Q8N163|CCAR2_HUMAN,/core/www/modules//consensus/?run_id=110202&search_id=114132&scans_id=110198&peptide_id=32391&scanf=40083&charge=3&value=sp|Q8N163|CCAR2_HUMAN,3,/core/www/modules/match_peptides/blast_html4.php?run_id=110202&search_id=114132&scans_id=110198&peptide_id=32391&scanf=40083&charge=3&value=3,R.KEEEAVLVGGEWSPSLDGLDPQADPQVLVR.T,/core/www/modules/show_out/show_out_wrapper.php?run_id=110202&search_id=114132&scans_id=110198&peptide_id=32391&scanf=40083&charge=3&value=R.KEEEAVLVGGEWSPSLDGLDPQADPQVLVR.T,CCAR2,2.361e+6,3.146,0.002,2.624,0.000
40084,3,"  2.878","  0.466",13/68,/core/www/modules//sdig/index.php?run_id=110202&search_id=114132&scans_id=110198&peptide_id=32392&scanf=40084&charge=3&value=13/68,sp|Q9ULK4|MED23_HUMAN,/core/www/modules//consensus/?run_id=110202&search_id=114132&scans_id=110198&peptide_id=32392&scanf=40084&charge=3&value=sp|Q9ULK4|MED23_HUMAN,1,/core/www/modules/match_peptides/blast_html4.php?run_id=110202&search_id=114132&scans_id=110198&peptide_id=32392&scanf=40084&charge=3&value=1,K.GLLPYDKDLFEPQTALLR.Y,/core/www/modules/show_out/show_out_wrapper.php?run_id=110202&search_id=114132&scans_id=110198&peptide_id=32392&scanf=40084&charge=3&value=K.GLLPYDKDLFEPQTALLR.Y,MED23,3.644e+6,2.445,0.025,1.595,0.001
40085,2,"  3.175","  0.599",12/22,/core/www/modules//sdig/index.php?run_id=110202&search_id=114132&scans_id=110198&peptide_id=32393&scanf=40085&charge=2&value=12/22,sp|Q92841|DDX17_HUMAN,/core/www/modules//consensus/?run_id=110202&search_id=114132&scans_id=110198&peptide_id=32393&scanf=40085&charge=2&value=sp|Q92841|DDX17_HUMAN,2,/core/www/modules/match_peptides/blast_html4.php?run_id=110202&search_id=114132&scans_id=110198&peptide_id=32393&scanf=40085&charge=2&value=2,K.LIQLMEEIMAEK.E,/core/www/modules/show_out/show_out_wrapper.php?run_id=110202&search_id=114132&scans_id=110198&peptide_id=32393&scanf=40085&charge=2&value=K.LIQLMEEIMAEK.E,DDX17,4.913e+7,3.509,0.001,3.162,0.000
40091,3,"  3.736","  0.532",19/72,/core/www/modules//sdig/index.php?run_id=110202&search_id=114132&scans_id=110198&peptide_id=32399&scanf=40091&charge=3&value=19/72,sp|Q99459|CDC5L_HUMAN,/core/www/modules//consensus/?run_id=110202&search_id=114132&scans_id=110198&peptide_id=32399&scanf=40091&charge=3&value=sp|Q99459|CDC5L_HUMAN,0,/core/www/modules/match_peptides/blast_html4.php?run_id=110202&search_id=114132&scans_id=110198&peptide_id=32399&scanf=40091&charge=3&value=0,R.ILQEAQNLMALTNVDTPLK.G,/core/www/modules/show_out/show_out_wrapper.php?run_id=110202&search_id=114132&scans_id=110198&peptide_id=32399&scanf=40091&charge=3&value=R.ILQEAQNLMALTNVDTPLK.G,CDC5L,9.188e+6,3.107,0.003,2.567,0.000
40092,2,"  2.280","  0.394",7/26,/core/www/modules//sdig/index.php?run_id=110202&search_id=114132&scans_id=110198&peptide_id=32400&scanf=40092&charge=2&value=7/26,sp|Q13509|TBB3_HUMAN,/core/www/modules//consensus/?run_id=110202&search_id=114132&scans_id=110198&peptide_id=32400&scanf=40092&charge=2&value=sp|Q13509|TBB3_HUMAN,1,/core/www/modules/match_peptides/blast_html4.php?run_id=110202&search_id=114132&scans_id=110198&peptide_id=32400&scanf=40092&charge=2&value=1,R.LHFFMPGFAPLTAR.G,/core/www/modules/show_out/show_out_wrapper.php?run_id=110202&search_id=114132&scans_id=110198&peptide_id=32400&scanf=40092&charge=2&value=R.LHFFMPGFAPLTAR.G,TUBB3,2.795e+6,1.952,0.123,0.909,0.006
40093,3,"  2.053","  0.434",11/52,/core/www/modules//sdig/index.php?run_id=110202&search_id=114132&scans_id=110198&peptide_id=32401&scanf=40093&charge=3&value=11/52,sp|P50990|TCPQ_HUMAN,/core/www/modules//consensus/?run_id=110202&search_id=114132&scans_id=110198&peptide_id=32401&scanf=40093&charge=3&value=sp|P50990|TCPQ_HUMAN,1,/core/www/modules/match_peptides/blast_html4.php?run_id=110202&search_id=114132&scans_id=110198&peptide_id=32401&scanf=40093&charge=3&value=1,K.DMLEAGILDTYLGK.Y,/core/www/modules/show_out/show_out_wrapper.php?run_id=110202&search_id=114132&scans_id=110198&peptide_id=32401&scanf=40093&charge=3&value=K.DMLEAGILDTYLGK.Y,CCT8,2.375e+6,2.815,0.007,2.135,0.000
40097,3,"  1.552","  0.231",10/48,/core/www/modules//sdig/index.php?run_id=110202&search_id=114132&scans_id=110198&peptide_id=32405&scanf=40097&charge=3&value=10/48,sp|P54136|SYRC_HUMAN,/core/www/modules//consensus/?run_id=110202&search_id=114132&scans_id=110198&peptide_id=32405&scanf=40097&charge=3&value=sp|P54136|SYRC_HUMAN,0,/core/www/modules/match_peptides/blast_html4.php?run_id=110202&search_id=114132&scans_id=110198&peptide_id=32405&scanf=40097&charge=3&value=0,R.GNTAAYLLYAFTR.I,/core/www/modules/show_out/show_out_wrapper.php?run_id=110202&search_id=114132&scans_id=110198&peptide_id=32405&scanf=40097&charge=3&value=R.GNTAAYLLYAFTR.I,RARS1,2.204e+6,2.114,0.075,1.126,0.002
40099,3,"  5.399","  0.588",20/92,/core/www/modules//sdig/index.php?run_id=110202&search_id=114132&scans_id=110198&peptide_id=32407&scanf=40099&charge=3&value=20/92,sp|Q9BXW7|HDHD5_HUMAN,/core/www/modules//consensus/?run_id=110202&search_id=114132&scans_id=110198&peptide_id=32407&scanf=40099&charge=3&value=sp|Q9BXW7|HDHD5_HUMAN,0,/core/www/modules/match_peptides/blast_html4.php?run_id=110202&search_id=114132&scans_id=110198&peptide_id=32407&scanf=40099&charge=3&value=0,K.LYAVGDNPMSDVYGANLFHQYLQK.A,/core/www/modules/show_out/show_out_wrapper.php?run_id=110202&search_id=114132&scans_id=110198&peptide_id=32407&scanf=40099&charge=3&value=K.LYAVGDNPMSDVYGANLFHQYLQK.A,HDHD5,1.168e+6,3.027,0.004,2.448,0.000
40100,3,"  2.473","  0.413",12/68,/core/www/modules//sdig/index.php?run_id=110202&search_id=114132&scans_id=110198&peptide_id=32409&scanf=40100&charge=3&value=12/68,sp|Q9H9F9|ARP5_HUMAN,/core/www/modules//consensus/?run_id=110202&search_id=114132&scans_id=110198&peptide_id=32409&scanf=40100&charge=3&value=sp|Q9H9F9|ARP5_HUMAN,0,/core/www/modules/match_peptides/blast_html4.php?run_id=110202&search_id=114132&scans_id=110198&peptide_id=32409&scanf=40100&charge=3&value=0,R.LLYVQELLEDGQMDQFHK.A,/core/www/modules/show_out/show_out_wrapper.php?run_id=110202&search_id=114132&scans_id=110198&peptide_id=32409&scanf=40100&charge=3&value=R.LLYVQELLEDGQMDQFHK.A,ACTR5,8.722e+5,2.444,0.026,1.593,0.001
40101,3,"  5.845","  0.740",27/104,/core/www/modules//sdig/index.php?run_id=110202&search_id=114132&scans_id=110198&peptide_id=32410&scanf=40101&charge=3&value=27/104,sp|Q15149|PLEC_HUMAN,/core/www/modules//consensus/?run_id=110202&search_id=114132&scans_id=110198&peptide_id=32410&scanf=40101&charge=3&value=sp|Q15149|PLEC_HUMAN,5,/core/www/modules/match_peptides/blast_html4.php?run_id=110202&search_id=114132&scans_id=110198&peptide_id=32410&scanf=40101&charge=3&value=5,R.TQLASWSDPTEETGPVAGILDTETLEK.V,/core/www/modules/show_out/show_out_wrapper.php?run_id=110202&search_id=114132&scans_id=110198&peptide_id=32410&scanf=40101&charge=3&value=R.TQLASWSDPTEETGPVAGILDTETLEK.V,PLEC,4.634e+6,4.154,0.000,4.117,0.000
40110,3,"  6.138","  0.639",22/72,/core/www/modules//sdig/index.php?run_id=110202&search_id=114132&scans_id=110198&peptide_id=32419&scanf=40110&charge=3&value=22/72,sp|Q99459|CDC5L_HUMAN,/core/www/modules//consensus/?run_id=110202&search_id=114132&scans_id=110198&peptide_id=32419&scanf=40110&charge=3&value=sp|Q99459|CDC5L_HUMAN,0,/core/www/modules/match_peptides/blast_html4.php?run_id=110202&search_id=114132&scans_id=110198&peptide_id=32419&scanf=40110&charge=3&value=0,R.ILQEAQNLMALTNVDTPLK.G,/core/www/modules/show_out/show_out_wrapper.php?run_id=110202&search_id=114132&scans_id=110198&peptide_id=32419&scanf=40110&charge=3&value=R.ILQEAQNLMALTNVDTPLK.G,CDC5L,9.188e+6,3.653,0.000,3.375,0.000
40113,2,"  3.054","  0.649",12/22,/core/www/modules//sdig/index.php?run_id=110202&search_id=114132&scans_id=110198&peptide_id=32422&scanf=40113&charge=2&value=12/22,sp|Q96RU2|UBP28_HUMAN,/core/www/modules//consensus/?run_id=110202&search_id=114132&scans_id=110198&peptide_id=32422&scanf=40113&charge=2&value=sp|Q96RU2|UBP28_HUMAN,6,/core/www/modules/match_peptides/blast_html4.php?run_id=110202&search_id=114132&scans_id=110198&peptide_id=32422&scanf=40113&charge=2&value=6,K.FVDPSAALDLLK.G,/core/www/modules/show_out/show_out_wrapper.php?run_id=110202&search_id=114132&scans_id=110198&peptide_id=32422&scanf=40113&charge=2&value=K.FVDPSAALDLLK.G,USP28,3.778e+6,3.535,0.001,3.200,0.000
40115,2,"  4.289","  0.562",17/30,/core/www/modules//sdig/index.php?run_id=110202&search_id=114132&scans_id=110198&peptide_id=32424&scanf=40115&charge=2&value=17/30,sp|P15311|EZRI_HUMAN,/core/www/modules//consensus/?run_id=110202&search_id=114132&scans_id=110198&peptide_id=32424&scanf=40115&charge=2&value=sp|P15311|EZRI_HUMAN,0,/core/www/modules/match_peptides/blast_html4.php?run_id=110202&search_id=114132&scans_id=110198&peptide_id=32424&scanf=40115&charge=2&value=0,K.IAQDLEMYGINYFEIK.N,/core/www/modules/show_out/show_out_wrapper.php?run_id=110202&search_id=114132&scans_id=110198&peptide_id=32424&scanf=40115&charge=2&value=K.IAQDLEMYGINYFEIK.N,EZR,1.775e+6,3.353,0.001,2.931,0.000
40116,3,"  5.036","  0.516",19/88,/core/www/modules//sdig/index.php?run_id=110202&search_id=114132&scans_id=110198&peptide_id=32425&scanf=40116&charge=3&value=19/88,sp|Q8N201|INT1_HUMAN,/core/www/modules//consensus/?run_id=110202&search_id=114132&scans_id=110198&peptide_id=32425&scanf=40116&charge=3&value=sp|Q8N201|INT1_HUMAN,0,/core/www/modules/match_peptides/blast_html4.php?run_id=110202&search_id=114132&scans_id=110198&peptide_id=32425&scanf=40116&charge=3&value=0,K.LLQFLDQAVAHDPQTLEQNIMDK.N,/core/www/modules/show_out/show_out_wrapper.php?run_id=110202&search_id=114132&scans_id=110198&peptide_id=32425&scanf=40116&charge=3&value=K.LLQFLDQAVAHDPQTLEQNIMDK.N,INTS1,1.903e+6,2.859,0.006,2.200,0.000
40119,2,"  4.292","  0.634",21/32,/core/www/modules//sdig/index.php?run_id=110202&search_id=114132&scans_id=110198&peptide_id=32428&scanf=40119&charge=2&value=21/32,sp|P61247|RS3A_HUMAN,/core/www/modules//consensus/?run_id=110202&search_id=114132&scans_id=110198&peptide_id=32428&scanf=40119&charge=2&value=sp|P61247|RS3A_HUMAN,9,/core/www/modules/match_peptides/blast_html4.php?run_id=110202&search_id=114132&scans_id=110198&peptide_id=32428&scanf=40119&charge=2&value=9,R.VFEVSLADLQNDEVAFR.K,/core/www/modules/show_out/show_out_wrapper.php?run_id=110202&search_id=114132&scans_id=110198&peptide_id=32428&scanf=40119&charge=2&value=R.VFEVSLADLQNDEVAFR.K,RPS3A,1.894e+7,3.595,0.001,3.289,0.000
40121,3,"  3.631","  0.632",19/68,/core/www/modules//sdig/index.php?run_id=110202&search_id=114132&scans_id=110198&peptide_id=32431&scanf=40121&charge=3&value=19/68,sp|P12956|XRCC6_HUMAN,/core/www/modules//consensus/?run_id=110202&search_id=114132&scans_id=110198&peptide_id=32431&scanf=40121&charge=3&value=sp|P12956|XRCC6_HUMAN,1,/core/www/modules/match_peptides/blast_html4.php?run_id=110202&search_id=114132&scans_id=110198&peptide_id=32431&scanf=40121&charge=3&value=1,K.IISSDRDLLAVVFYGTEK.D,/core/www/modules/show_out/show_out_wrapper.php?run_id=110202&search_id=114132&scans_id=110198&peptide_id=32431&scanf=40121&charge=3&value=K.IISSDRDLLAVVFYGTEK.D,XRCC6,1.427e+7,3.296,0.001,2.847,0.000
40125,3,"  3.410","  0.651",15/80,/core/www/modules//sdig/index.php?run_id=110202&search_id=114132&scans_id=110198&peptide_id=32435&scanf=40125&charge=3&value=15/80,sp|Q9BTD8|RBM42_HUMAN,/core/www/modules//consensus/?run_id=110202&search_id=114132&scans_id=110198&peptide_id=32435&scanf=40125&charge=3&value=sp|Q9BTD8|RBM42_HUMAN,2,/core/www/modules/match_peptides/blast_html4.php?run_id=110202&search_id=114132&scans_id=110198&peptide_id=32435&scanf=40125&charge=3&value=2,R.TAAGSSWEDPSLLEWDADDFR.I,/core/www/modules/show_out/show_out_wrapper.php?run_id=110202&search_id=114132&scans_id=110198&peptide_id=32435&scanf=40125&charge=3&value=R.TAAGSSWEDPSLLEWDADDFR.I,RBM42,7.174e+5,3.249,0.002,2.776,0.000
40128,3,"  6.543","  0.604",23/108,/core/www/modules//sdig/index.php?run_id=110202&search_id=114132&scans_id=110198&peptide_id=32438&scanf=40128&charge=3&value=23/108,sp|P07814|SYEP_HUMAN,/core/www/modules//consensus/?run_id=110202&search_id=114132&scans_id=110198&peptide_id=32438&scanf=40128&charge=3&value=sp|P07814|SYEP_HUMAN,2,/core/www/modules/match_peptides/blast_html4.php?run_id=110202&search_id=114132&scans_id=110198&peptide_id=32438&scanf=40128&charge=3&value=2,R.VATTAGLYGSNLMEHTEIDHWLEFSATK.L,/core/www/modules/show_out/show_out_wrapper.php?run_id=110202&search_id=114132&scans_id=110198&peptide_id=32438&scanf=40128&charge=3&value=R.VATTAGLYGSNLMEHTEIDHWLEFSATK.L,EPRS1,6.663e+5,3.178,0.002,2.671,0.000
40134,3,"  3.596","  0.597",18/60,/core/www/modules//sdig/index.php?run_id=110202&search_id=114132&scans_id=110198&peptide_id=32444&scanf=40134&charge=3&value=18/60,sp|Q08AM6|VAC14_HUMAN,/core/www/modules//consensus/?run_id=110202&search_id=114132&scans_id=110198&peptide_id=32444&scanf=40134&charge=3&value=sp|Q08AM6|VAC14_HUMAN,1,/core/www/modules/match_peptides/blast_html4.php?run_id=110202&search_id=114132&scans_id=110198&peptide_id=32444&scanf=40134&charge=3&value=1,R.GAVLPHFNVLFDGLSK.L,/core/www/modules/show_out/show_out_wrapper.php?run_id=110202&search_id=114132&scans_id=110198&peptide_id=32444&scanf=40134&charge=3&value=R.GAVLPHFNVLFDGLSK.L,VAC14,1.446e+6,3.408,0.001,3.011,0.000
40139,2,"  2.983","  0.605",13/26,/core/www/modules//sdig/index.php?run_id=110202&search_id=114132&scans_id=110198&peptide_id=32449&scanf=40139&charge=2&value=13/26,sp|Q9NZI8|IF2B1_HUMAN,/core/www/modules//consensus/?run_id=110202&search_id=114132&scans_id=110198&peptide_id=32449&scanf=40139&charge=2&value=sp|Q9NZI8|IF2B1_HUMAN,0,/core/www/modules/match_peptides/blast_html4.php?run_id=110202&search_id=114132&scans_id=110198&peptide_id=32449&scanf=40139&charge=2&value=0,R.LLVPTQYVGAIIGK.E,/core/www/modules/show_out/show_out_wrapper.php?run_id=110202&search_id=114132&scans_id=110198&peptide_id=32449&scanf=40139&charge=2&value=R.LLVPTQYVGAIIGK.E,IGF2BP1,4.264e+7,3.376,0.001,2.965,0.000
40141,3,"  2.172","  0.439",11/52,/core/www/modules//sdig/index.php?run_id=110202&search_id=114132&scans_id=110198&peptide_id=32452&scanf=40141&charge=3&value=11/52,sp|O96028|NSD2_HUMAN,/core/www/modules//consensus/?run_id=110202&search_id=114132&scans_id=110198&peptide_id=32452&scanf=40141&charge=3&value=sp|O96028|NSD2_HUMAN,1,/core/www/modules/match_peptides/blast_html4.php?run_id=110202&search_id=114132&scans_id=110198&peptide_id=32452&scanf=40141&charge=3&value=1,K.HEIGEFPVFFFGSK.D,/core/www/modules/show_out/show_out_wrapper.php?run_id=110202&search_id=114132&scans_id=110198&peptide_id=32452&scanf=40141&charge=3&value=K.HEIGEFPVFFFGSK.D,NSD2,3.299e+6,2.808,0.007,2.125,0.000
40152,2,"  3.414","  0.674",15/22,/core/www/modules//sdig/index.php?run_id=110202&search_id=114132&scans_id=110198&peptide_id=32462&scanf=40152&charge=2&value=15/22,sp|P61978|HNRPK_HUMAN,/core/www/modules//consensus/?run_id=110202&search_id=114132&scans_id=110198&peptide_id=32462&scanf=40152&charge=2&value=sp|P61978|HNRPK_HUMAN,1,/core/www/modules/match_peptides/blast_html4.php?run_id=110202&search_id=114132&scans_id=110198&peptide_id=32462&scanf=40152&charge=2&value=1,K.IILDLISESPIK.G,/core/www/modules/show_out/show_out_wrapper.php?run_id=110202&search_id=114132&scans_id=110198&peptide_id=32462&scanf=40152&charge=2&value=K.IILDLISESPIK.G,HNRNPK,4.332e+8,4.124,0.000,4.074,0.000
40153,2,"  2.439","  0.623",11/26,/core/www/modules//sdig/index.php?run_id=110202&search_id=114132&scans_id=110198&peptide_id=32463&scanf=40153&charge=2&value=11/26,sp|Q9BSC4|NOL10_HUMAN,/core/www/modules//consensus/?run_id=110202&search_id=114132&scans_id=110198&peptide_id=32463&scanf=40153&charge=2&value=sp|Q9BSC4|NOL10_HUMAN,2,/core/www/modules/match_peptides/blast_html4.php?run_id=110202&search_id=114132&scans_id=110198&peptide_id=32463&scanf=40153&charge=2&value=2,K.MGIYYIPVLGPAPR.W,/core/www/modules/show_out/show_out_wrapper.php?run_id=110202&search_id=114132&scans_id=110198&peptide_id=32463&scanf=40153&charge=2&value=K.MGIYYIPVLGPAPR.W,NOL10,3.676e+6,3.240,0.002,2.763,0.000
40158,2,"  3.133","  0.605",13/26,/core/www/modules//sdig/index.php?run_id=110202&search_id=114132&scans_id=110198&peptide_id=32468&scanf=40158&charge=2&value=13/26,sp|Q9NYL9|TMOD3_HUMAN,/core/www/modules//consensus/?run_id=110202&search_id=114132&scans_id=110198&peptide_id=32468&scanf=40158&charge=2&value=sp|Q9NYL9|TMOD3_HUMAN,2,/core/www/modules/match_peptides/blast_html4.php?run_id=110202&search_id=114132&scans_id=110198&peptide_id=32468&scanf=40158&charge=2&value=2,R.SNDPVATAFAEMLK.V,/core/www/modules/show_out/show_out_wrapper.php?run_id=110202&search_id=114132&scans_id=110198&peptide_id=32468&scanf=40158&charge=2&value=R.SNDPVATAFAEMLK.V,TMOD3,9.407e+6,3.378,0.001,2.968,0.000
40159,3,"  3.140","  0.498",13/72,/core/www/modules//sdig/index.php?run_id=110202&search_id=114132&scans_id=110198&peptide_id=32469&scanf=40159&charge=3&value=13/72,sp|O14979|HNRDL_HUMAN,/core/www/modules//consensus/?run_id=110202&search_id=114132&scans_id=110198&peptide_id=32469&scanf=40159&charge=3&value=sp|O14979|HNRDL_HUMAN,1,/core/www/modules/match_peptides/blast_html4.php?run_id=110202&search_id=114132&scans_id=110198&peptide_id=32469&scanf=40159&charge=3&value=1,K.EYFGAFGEIENIELPM*DTK.T,/core/www/modules/show_out/show_out_wrapper.php?run_id=110202&search_id=114132&scans_id=110198&peptide_id=32469&scanf=40159&charge=3&value=K.EYFGAFGEIENIELPM*DTK.T,HNRNPDL,1.271e+6,2.760,0.009,2.054,0.000
40160,3,"  4.545","  0.541",14/88,/core/www/modules//sdig/index.php?run_id=110202&search_id=114132&scans_id=110198&peptide_id=32471&scanf=40160&charge=3&value=14/88,sp|P52272|HNRPM_HUMAN,/core/www/modules//consensus/?run_id=110202&search_id=114132&scans_id=110198&peptide_id=32471&scanf=40160&charge=3&value=sp|P52272|HNRPM_HUMAN,3,/core/www/modules/match_peptides/blast_html4.php?run_id=110202&search_id=114132&scans_id=110198&peptide_id=32471&scanf=40160&charge=3&value=3,K.GIGMGNIGPAGMGMEGIGFGINK.M,/core/www/modules/show_out/show_out_wrapper.php?run_id=110202&search_id=114132&scans_id=110198&peptide_id=32471&scanf=40160&charge=3&value=K.GIGMGNIGPAGMGMEGIGFGINK.M,HNRNPM,5.004e+7,3.074,0.003,2.517,0.000
40161,2,"  2.422","  0.533",10/18,/core/www/modules//sdig/index.php?run_id=110202&search_id=114132&scans_id=110198&peptide_id=32472&scanf=40161&charge=2&value=10/18,sp|Q9Y4C8|RBM19_HUMAN,/core/www/modules//consensus/?run_id=110202&search_id=114132&scans_id=110198&peptide_id=32472&scanf=40161&charge=2&value=sp|Q9Y4C8|RBM19_HUMAN,1,/core/www/modules/match_peptides/blast_html4.php?run_id=110202&search_id=114132&scans_id=110198&peptide_id=32472&scanf=40161&charge=2&value=1,R.GFGFVDFLTK.Q,/core/www/modules/show_out/show_out_wrapper.php?run_id=110202&search_id=114132&scans_id=110198&peptide_id=32472&scanf=40161&charge=2&value=R.GFGFVDFLTK.Q,RBM19,2.971e+6,3.260,0.002,2.792,0.000
40162,2,"  2.925","  0.627",17/34,/core/www/modules//sdig/index.php?run_id=110202&search_id=114132&scans_id=110198&peptide_id=32473&scanf=40162&charge=2&value=17/34,sp|P40939|ECHA_HUMAN,/core/www/modules//consensus/?run_id=110202&search_id=114132&scans_id=110198&peptide_id=32473&scanf=40162&charge=2&value=sp|P40939|ECHA_HUMAN,3,/core/www/modules/match_peptides/blast_html4.php?run_id=110202&search_id=114132&scans_id=110198&peptide_id=32473&scanf=40162&charge=2&value=3,R.DSIFSNLTGQLDYQGFEK.A,/core/www/modules/show_out/show_out_wrapper.php?run_id=110202&search_id=114132&scans_id=110198&peptide_id=32473&scanf=40162&charge=2&value=R.DSIFSNLTGQLDYQGFEK.A,HADHA,3.984e+6,3.289,0.001,2.835,0.000
40167,2,"  2.582","  0.370",11/22,/core/www/modules//sdig/index.php?run_id=110202&search_id=114132&scans_id=110198&peptide_id=32478&scanf=40167&charge=2&value=11/22,sp|Q93074|MED12_HUMAN,/core/www/modules//consensus/?run_id=110202&search_id=114132&scans_id=110198&peptide_id=32478&scanf=40167&charge=2&value=sp|Q93074|MED12_HUMAN,9,/core/www/modules/match_peptides/blast_html4.php?run_id=110202&search_id=114132&scans_id=110198&peptide_id=32478&scanf=40167&charge=2&value=9,R.SGVWLVAPLIAK.L,/core/www/modules/show_out/show_out_wrapper.php?run_id=110202&search_id=114132&scans_id=110198&peptide_id=32478&scanf=40167&charge=2&value=R.SGVWLVAPLIAK.L,MED12,2.962e+6,2.565,0.017,1.768,0.000
40168,3,"  2.288","  0.303",8/68,/core/www/modules//sdig/index.php?run_id=110202&search_id=114132&scans_id=110198&peptide_id=32479&scanf=40168&charge=3&value=8/68,sp|Q08211|DHX9_HUMAN,/core/www/modules//consensus/?run_id=110202&search_id=114132&scans_id=110198&peptide_id=32479&scanf=40168&charge=3&value=sp|Q08211|DHX9_HUMAN,0,/core/www/modules/match_peptides/blast_html4.php?run_id=110202&search_id=114132&scans_id=110198&peptide_id=32479&scanf=40168&charge=3&value=0,K.AIEPPPLDAVIEAEHTLR.E,/core/www/modules/show_out/show_out_wrapper.php?run_id=110202&search_id=114132&scans_id=110198&peptide_id=32479&scanf=40168&charge=3&value=K.AIEPPPLDAVIEAEHTLR.E,DHX9,3.970e+8,2.314,0.039,1.407,0.001
40173,4,"  4.705","  0.563",20/126,/core/www/modules//sdig/index.php?run_id=110202&search_id=114132&scans_id=110198&peptide_id=32484&scanf=40173&charge=4&value=20/126,sp|P62195|PRS8_HUMAN,/core/www/modules//consensus/?run_id=110202&search_id=114132&scans_id=110198&peptide_id=32484&scanf=40173&charge=4&value=sp|P62195|PRS8_HUMAN,7,/core/www/modules/match_peptides/blast_html4.php?run_id=110202&search_id=114132&scans_id=110198&peptide_id=32484&scanf=40173&charge=4&value=7,K.EVIELPVKHPELFEALGIAQPK.G,/core/www/modules/show_out/show_out_wrapper.php?run_id=110202&search_id=114132&scans_id=110198&peptide_id=32484&scanf=40173&charge=4&value=K.EVIELPVKHPELFEALGIAQPK.G,PSMC5,4.138e+6,3.214,0.002,2.724,0.000
40174,3,"  4.366","  0.508",20/92,/core/www/modules//sdig/index.php?run_id=110202&search_id=114132&scans_id=110198&peptide_id=32485&scanf=40174&charge=3&value=20/92,sp|Q8TDD1|DDX54_HUMAN,/core/www/modules//consensus/?run_id=110202&search_id=114132&scans_id=110198&peptide_id=32485&scanf=40174&charge=3&value=sp|Q8TDD1|DDX54_HUMAN,0,/core/www/modules/match_peptides/blast_html4.php?run_id=110202&search_id=114132&scans_id=110198&peptide_id=32485&scanf=40174&charge=3&value=0,R.VPQSVVDEEDSGLQSTLEASLELR.G,/core/www/modules/show_out/show_out_wrapper.php?run_id=110202&search_id=114132&scans_id=110198&peptide_id=32485&scanf=40174&charge=3&value=R.VPQSVVDEEDSGLQSTLEASLELR.G,DDX54,2.355e+6,2.807,0.008,2.123,0.000
40176,2,"  2.340","  0.535",11/18,/core/www/modules//sdig/index.php?run_id=110202&search_id=114132&scans_id=110198&peptide_id=32487&scanf=40176&charge=2&value=11/18,sp|P26641|EF1G_HUMAN,/core/www/modules//consensus/?run_id=110202&search_id=114132&scans_id=110198&peptide_id=32487&scanf=40176&charge=2&value=sp|P26641|EF1G_HUMAN,0,/core/www/modules/match_peptides/blast_html4.php?run_id=110202&search_id=114132&scans_id=110198&peptide_id=32487&scanf=40176&charge=2&value=0,R.ILGLLDAYLK.T,/core/www/modules/show_out/show_out_wrapper.php?run_id=110202&search_id=114132&scans_id=110198&peptide_id=32487&scanf=40176&charge=2&value=R.ILGLLDAYLK.T,EEF1G,3.307e+7,3.328,0.001,2.894,0.000
40181,3,"  4.817","  0.683",31/104,/core/www/modules//sdig/index.php?run_id=110202&search_id=114132&scans_id=110198&peptide_id=32493&scanf=40181&charge=3&value=31/104,sp|O14646|CHD1_HUMAN,/core/www/modules//consensus/?run_id=110202&search_id=114132&scans_id=110198&peptide_id=32493&scanf=40181&charge=3&value=sp|O14646|CHD1_HUMAN,0,/core/www/modules/match_peptides/blast_html4.php?run_id=110202&search_id=114132&scans_id=110198&peptide_id=32493&scanf=40181&charge=3&value=0,K.FGAEELFKEPEGEEQEPQEMDIDEILK.R,/core/www/modules/show_out/show_out_wrapper.php?run_id=110202&search_id=114132&scans_id=110198&peptide_id=32493&scanf=40181&charge=3&value=K.FGAEELFKEPEGEEQEPQEMDIDEILK.R,CHD1,1.367e+6,3.164,0.002,2.651,0.000
40183,2,"  2.142","  0.434",11/20,/core/www/modules//sdig/index.php?run_id=110202&search_id=114132&scans_id=110198&peptide_id=32495&scanf=40183&charge=2&value=11/20,sp|P11388|TOP2A_HUMAN,/core/www/modules//consensus/?run_id=110202&search_id=114132&scans_id=110198&peptide_id=32495&scanf=40183&charge=2&value=sp|P11388|TOP2A_HUMAN,0,/core/www/modules/match_peptides/blast_html4.php?run_id=110202&search_id=114132&scans_id=110198&peptide_id=32495&scanf=40183&charge=2&value=0,R.FLEEFITPIVK.V,/core/www/modules/show_out/show_out_wrapper.php?run_id=110202&search_id=114132&scans_id=110198&peptide_id=32495&scanf=40183&charge=2&value=R.FLEEFITPIVK.V,TOP2A,1.588e+7,3.098,0.003,2.553,0.000
40194,3,"  4.646","  0.557",18/64,/core/www/modules//sdig/index.php?run_id=110202&search_id=114132&scans_id=110198&peptide_id=32506&scanf=40194&charge=3&value=18/64,sp|Q9NUJ1|ABHDA_HUMAN,/core/www/modules//consensus/?run_id=110202&search_id=114132&scans_id=110198&peptide_id=32506&scanf=40194&charge=3&value=sp|Q9NUJ1|ABHDA_HUMAN,0,/core/www/modules/match_peptides/blast_html4.php?run_id=110202&search_id=114132&scans_id=110198&peptide_id=32506&scanf=40194&charge=3&value=0,K.VVALIGVATAADTLVTK.F,/core/www/modules/show_out/show_out_wrapper.php?run_id=110202&search_id=114132&scans_id=110198&peptide_id=32506&scanf=40194&charge=3&value=K.VVALIGVATAADTLVTK.F,ABHD10,6.569e+6,3.284,0.001,2.828,0.000
40195,2,"  2.125","  0.212",10/18,/core/www/modules//sdig/index.php?run_id=110202&search_id=114132&scans_id=110198&peptide_id=32507&scanf=40195&charge=2&value=10/18,sp|Q96QC0|PP1RA_HUMAN,/core/www/modules//consensus/?run_id=110202&search_id=114132&scans_id=110198&peptide_id=32507&scanf=40195&charge=2&value=sp|Q96QC0|PP1RA_HUMAN,0,/core/www/modules/match_peptides/blast_html4.php?run_id=110202&search_id=114132&scans_id=110198&peptide_id=32507&scanf=40195&charge=2&value=0,K.GILQELFLNK.E,/core/www/modules/show_out/show_out_wrapper.php?run_id=110202&search_id=114132&scans_id=110198&peptide_id=32507&scanf=40195&charge=2&value=K.GILQELFLNK.E,PPP1R10,3.249e+7,2.201,0.057,1.247,0.002
40196,3,"  2.722","  0.342",11/72,/core/www/modules//sdig/index.php?run_id=110202&search_id=114132&scans_id=110198&peptide_id=32508&scanf=40196&charge=3&value=11/72,sp|Q01082|SPTB2_HUMAN,/core/www/modules//consensus/?run_id=110202&search_id=114132&scans_id=110198&peptide_id=32508&scanf=40196&charge=3&value=sp|Q01082|SPTB2_HUMAN,1,/core/www/modules/match_peptides/blast_html4.php?run_id=110202&search_id=114132&scans_id=110198&peptide_id=32508&scanf=40196&charge=3&value=1,R.DASVAEAWLLGQEPYLSSR.E,/core/www/modules/show_out/show_out_wrapper.php?run_id=110202&search_id=114132&scans_id=110198&peptide_id=32508&scanf=40196&charge=3&value=R.DASVAEAWLLGQEPYLSSR.E,SPTBN1,3.598e+6,2.385,0.031,1.509,0.001
40201,2,"  2.700","  0.505",12/20,/core/www/modules//sdig/index.php?run_id=110202&search_id=114132&scans_id=110198&peptide_id=32514&scanf=40201&charge=2&value=12/20,sp|Q9BRX8|PXL2A_HUMAN,/core/www/modules//consensus/?run_id=110202&search_id=114132&scans_id=110198&peptide_id=32514&scanf=40201&charge=2&value=sp|Q9BRX8|PXL2A_HUMAN,0,/core/www/modules/match_peptides/blast_html4.php?run_id=110202&search_id=114132&scans_id=110198&peptide_id=32514&scanf=40201&charge=2&value=0,K.VNLLSVLEAAK.M,/core/www/modules/show_out/show_out_wrapper.php?run_id=110202&search_id=114132&scans_id=110198&peptide_id=32514&scanf=40201&charge=2&value=K.VNLLSVLEAAK.M,PRXL2A,9.006e+5,3.215,0.002,2.726,0.000
40202,3,"  2.731","  0.497",14/64,/core/www/modules//sdig/index.php?run_id=110202&search_id=114132&scans_id=110198&peptide_id=32515&scanf=40202&charge=3&value=14/64,sp|P62195|PRS8_HUMAN,/core/www/modules//consensus/?run_id=110202&search_id=114132&scans_id=110198&peptide_id=32515&scanf=40202&charge=3&value=sp|P62195|PRS8_HUMAN,6,/core/www/modules/match_peptides/blast_html4.php?run_id=110202&search_id=114132&scans_id=110198&peptide_id=32515&scanf=40202&charge=3&value=6,K.ILPNKVDPLVSLMMVEK.V,/core/www/modules/show_out/show_out_wrapper.php?run_id=110202&search_id=114132&scans_id=110198&peptide_id=32515&scanf=40202&charge=3&value=K.ILPNKVDPLVSLMMVEK.V,PSMC5,6.400e+6,2.682,0.011,1.940,0.000
40204,3,"  5.393","  0.688",27/104,/core/www/modules//sdig/index.php?run_id=110202&search_id=114132&scans_id=110198&peptide_id=32517&scanf=40204&charge=3&value=27/104,sp|O14646|CHD1_HUMAN,/core/www/modules//consensus/?run_id=110202&search_id=114132&scans_id=110198&peptide_id=32517&scanf=40204&charge=3&value=sp|O14646|CHD1_HUMAN,0,/core/www/modules/match_peptides/blast_html4.php?run_id=110202&search_id=114132&scans_id=110198&peptide_id=32517&scanf=40204&charge=3&value=0,K.FGAEELFKEPEGEEQEPQEMDIDEILK.R,/core/www/modules/show_out/show_out_wrapper.php?run_id=110202&search_id=114132&scans_id=110198&peptide_id=32517&scanf=40204&charge=3&value=K.FGAEELFKEPEGEEQEPQEMDIDEILK.R,CHD1,1.367e+6,3.160,0.002,2.645,0.000
40205,2,"  1.988","  0.335",11/24,/core/www/modules//sdig/index.php?run_id=110202&search_id=114132&scans_id=110198&peptide_id=32518&scanf=40205&charge=2&value=11/24,sp|Q9UBG0|MRC2_HUMAN,/core/www/modules//consensus/?run_id=110202&search_id=114132&scans_id=110198&peptide_id=32518&scanf=40205&charge=2&value=sp|Q9UBG0|MRC2_HUMAN,0,/core/www/modules/match_peptides/blast_html4.php?run_id=110202&search_id=114132&scans_id=110198&peptide_id=32518&scanf=40205&charge=2&value=0,R.TLGDQLSLLLGAR.T,/core/www/modules/show_out/show_out_wrapper.php?run_id=110202&search_id=114132&scans_id=110198&peptide_id=32518&scanf=40205&charge=2&value=R.TLGDQLSLLLGAR.T,MRC2,1.033e+6,2.215,0.054,1.267,0.002
40206,2,"  2.972","  0.504",13/22,/core/www/modules//sdig/index.php?run_id=110202&search_id=114132&scans_id=110198&peptide_id=32519&scanf=40206&charge=2&value=13/22,sp|Q9BWS9|CHID1_HUMAN,/core/www/modules//consensus/?run_id=110202&search_id=114132&scans_id=110198&peptide_id=32519&scanf=40206&charge=2&value=sp|Q9BWS9|CHID1_HUMAN,0,/core/www/modules/match_peptides/blast_html4.php?run_id=110202&search_id=114132&scans_id=110198&peptide_id=32519&scanf=40206&charge=2&value=0,R.LLFEDWTYDDFR.N,/core/www/modules/show_out/show_out_wrapper.php?run_id=110202&search_id=114132&scans_id=110198&peptide_id=32519&scanf=40206&charge=2&value=R.LLFEDWTYDDFR.N,CHID1,1.543e+6,3.219,0.002,2.733,0.000
40207,3,"  4.787","  0.577",17/84,/core/www/modules//sdig/index.php?run_id=110202&search_id=114132&scans_id=110198&peptide_id=32520&scanf=40207&charge=3&value=17/84,sp|Q5C9Z4|NOM1_HUMAN,/core/www/modules//consensus/?run_id=110202&search_id=114132&scans_id=110198&peptide_id=32520&scanf=40207&charge=3&value=sp|Q5C9Z4|NOM1_HUMAN,0,/core/www/modules/match_peptides/blast_html4.php?run_id=110202&search_id=114132&scans_id=110198&peptide_id=32520&scanf=40207&charge=3&value=0,R.LSEPNMASISGQLEELYMAHSR.K,/core/www/modules/show_out/show_out_wrapper.php?run_id=110202&search_id=114132&scans_id=110198&peptide_id=32520&scanf=40207&charge=3&value=R.LSEPNMASISGQLEELYMAHSR.K,NOM1,1.602e+6,3.094,0.003,2.547,0.000
40208,3,"  1.713","  0.295",10/60,/core/www/modules//sdig/index.php?run_id=110202&search_id=114132&scans_id=110198&peptide_id=32521&scanf=40208&charge=3&value=10/60,sp|Q9UBI6|GBG12_HUMAN,/core/www/modules//consensus/?run_id=110202&search_id=114132&scans_id=110198&peptide_id=32521&scanf=40208&charge=3&value=sp|Q9UBI6|GBG12_HUMAN,0,/core/www/modules/match_peptides/blast_html4.php?run_id=110202&search_id=114132&scans_id=110198&peptide_id=32521&scanf=40208&charge=3&value=0,R.SDPLLIGIPTSENPFK.D,/core/www/modules/show_out/show_out_wrapper.php?run_id=110202&search_id=114132&scans_id=110198&peptide_id=32521&scanf=40208&charge=3&value=R.SDPLLIGIPTSENPFK.D,GNG12,8.936e+5,2.046,0.092,1.034,0.004
40211,2,"  2.226","  0.516",10/18,/core/www/modules//sdig/index.php?run_id=110202&search_id=114132&scans_id=110198&peptide_id=32525&scanf=40211&charge=2&value=10/18,sp|Q96P11|NSUN5_HUMAN,/core/www/modules//consensus/?run_id=110202&search_id=114132&scans_id=110198&peptide_id=32525&scanf=40211&charge=2&value=sp|Q96P11|NSUN5_HUMAN,0,/core/www/modules/match_peptides/blast_html4.php?run_id=110202&search_id=114132&scans_id=110198&peptide_id=32525&scanf=40211&charge=2&value=0,K.VLVYELLLGK.G,/core/www/modules/show_out/show_out_wrapper.php?run_id=110202&search_id=114132&scans_id=110198&peptide_id=32525&scanf=40211&charge=2&value=K.VLVYELLLGK.G,NSUN5,6.543e+6,3.187,0.002,2.684,0.000
40213,3,"  2.390","  0.445",16/80,/core/www/modules//sdig/index.php?run_id=110202&search_id=114132&scans_id=110198&peptide_id=32527&scanf=40213&charge=3&value=16/80,sp|Q9ULJ8|NEB1_HUMAN,/core/www/modules//consensus/?run_id=110202&search_id=114132&scans_id=110198&peptide_id=32527&scanf=40213&charge=3&value=sp|Q9ULJ8|NEB1_HUMAN,0,/core/www/modules/match_peptides/blast_html4.php?run_id=110202&search_id=114132&scans_id=110198&peptide_id=32527&scanf=40213&charge=3&value=0,R.EKPGQVSEVAQLISQTLEQER.R,/core/www/modules/show_out/show_out_wrapper.php?run_id=110202&search_id=114132&scans_id=110198&peptide_id=32527&scanf=40213&charge=3&value=R.EKPGQVSEVAQLISQTLEQER.R,PPP1R9A,2.152e+6,2.494,0.022,1.665,0.001
40215,3,"  7.523","  0.732",25/104,/core/www/modules//sdig/index.php?run_id=110202&search_id=114132&scans_id=110198&peptide_id=32528&scanf=40215&charge=3&value=25/104,sp|P26599|PTBP1_HUMAN,/core/www/modules//consensus/?run_id=110202&search_id=114132&scans_id=110198&peptide_id=32528&scanf=40215&charge=3&value=sp|P26599|PTBP1_HUMAN,4,/core/www/modules/match_peptides/blast_html4.php?run_id=110202&search_id=114132&scans_id=110198&peptide_id=32528&scanf=40215&charge=3&value=4,K.NFQNIFPPSATLHLSNIPPSVSEEDLK.V,/core/www/modules/show_out/show_out_wrapper.php?run_id=110202&search_id=114132&scans_id=110198&peptide_id=32528&scanf=40215&charge=3&value=K.NFQNIFPPSATLHLSNIPPSVSEEDLK.V,PTBP1,2.183e+7,3.642,0.000,3.359,0.000
40220,2,"  3.081","  0.552",12/26,/core/www/modules//sdig/index.php?run_id=110202&search_id=114132&scans_id=110198&peptide_id=32534&scanf=40220&charge=2&value=12/26,sp|Q14152|EIF3A_HUMAN,/core/www/modules//consensus/?run_id=110202&search_id=114132&scans_id=110198&peptide_id=32534&scanf=40220&charge=2&value=sp|Q14152|EIF3A_HUMAN,0,/core/www/modules/match_peptides/blast_html4.php?run_id=110202&search_id=114132&scans_id=110198&peptide_id=32534&scanf=40220&charge=2&value=0,R.VLLATLSIPITPER.T,/core/www/modules/show_out/show_out_wrapper.php?run_id=110202&search_id=114132&scans_id=110198&peptide_id=32534&scanf=40220&charge=2&value=R.VLLATLSIPITPER.T,EIF3A,6.749e+6,3.133,0.002,2.605,0.000
40222,2,"  2.376","  0.402",11/20,/core/www/modules//sdig/index.php?run_id=110202&search_id=114132&scans_id=110198&peptide_id=32536&scanf=40222&charge=2&value=11/20,sp|O75122|CLAP2_HUMAN,/core/www/modules//consensus/?run_id=110202&search_id=114132&scans_id=110198&peptide_id=32536&scanf=40222&charge=2&value=sp|O75122|CLAP2_HUMAN,12,/core/www/modules/match_peptides/blast_html4.php?run_id=110202&search_id=114132&scans_id=110198&peptide_id=32536&scanf=40222&charge=2&value=12,K.EGLLGLQNLLK.N,/core/www/modules/show_out/show_out_wrapper.php?run_id=110202&search_id=114132&scans_id=110198&peptide_id=32536&scanf=40222&charge=2&value=K.EGLLGLQNLLK.N,CLASP2,1.589e+7,2.632,0.014,1.867,0.000
40223,3,"  3.791","  0.620",18/104,/core/www/modules//sdig/index.php?run_id=110202&search_id=114132&scans_id=110198&peptide_id=32537&scanf=40223&charge=3&value=18/104,sp|Q9H0A0|NAT10_HUMAN,/core/www/modules//consensus/?run_id=110202&search_id=114132&scans_id=110198&peptide_id=32537&scanf=40223&charge=3&value=sp|Q9H0A0|NAT10_HUMAN,0,/core/www/modules/match_peptides/blast_html4.php?run_id=110202&search_id=114132&scans_id=110198&peptide_id=32537&scanf=40223&charge=3&value=0,K.KASGDLIPWTVSEQFQDPDFGGLSGGR.V,/core/www/modules/show_out/show_out_wrapper.php?run_id=110202&search_id=114132&scans_id=110198&peptide_id=32537&scanf=40223&charge=3&value=K.KASGDLIPWTVSEQFQDPDFGGLSGGR.V,NAT10,1.267e+6,2.703,0.011,1.971,0.000
40224,2,"  2.170","  0.456",9/28,/core/www/modules//sdig/index.php?run_id=110202&search_id=114132&scans_id=110198&peptide_id=32538&scanf=40224&charge=2&value=9/28,sp|P33240|CSTF2_HUMAN,/core/www/modules//consensus/?run_id=110202&search_id=114132&scans_id=110198&peptide_id=32538&scanf=40224&charge=2&value=sp|P33240|CSTF2_HUMAN,4,/core/www/modules/match_peptides/blast_html4.php?run_id=110202&search_id=114132&scans_id=110198&peptide_id=32538&scanf=40224&charge=2&value=4,K.AVASLPPEQMFELMK.Q,/core/www/modules/show_out/show_out_wrapper.php?run_id=110202&search_id=114132&scans_id=110198&peptide_id=32538&scanf=40224&charge=2&value=K.AVASLPPEQMFELMK.Q,CSTF2,4.692e+6,2.443,0.026,1.592,0.001
40226,2,"  2.530","  0.440",7/28,/core/www/modules//sdig/index.php?run_id=110202&search_id=114132&scans_id=110198&peptide_id=32540&scanf=40226&charge=2&value=7/28,sp|O60264|SMCA5_HUMAN,/core/www/modules//consensus/?run_id=110202&search_id=114132&scans_id=110198&peptide_id=32540&scanf=40226&charge=2&value=sp|O60264|SMCA5_HUMAN,0,/core/www/modules/match_peptides/blast_html4.php?run_id=110202&search_id=114132&scans_id=110198&peptide_id=32540&scanf=40226&charge=2&value=0,K.TPEEVIEYSAVFWER.C,/core/www/modules/show_out/show_out_wrapper.php?run_id=110202&search_id=114132&scans_id=110198&peptide_id=32540&scanf=40226&charge=2&value=K.TPEEVIEYSAVFWER.C,SMARCA5,9.824e+5,2.549,0.018,1.746,0.000
40232,2,"  1.565","  0.515",8/14,/core/www/modules//sdig/index.php?run_id=110202&search_id=114132&scans_id=110198&peptide_id=32547&scanf=40232&charge=2&value=8/14,sp|Q99729|ROAA_HUMAN,/core/www/modules//consensus/?run_id=110202&search_id=114132&scans_id=110198&peptide_id=32547&scanf=40232&charge=2&value=sp|Q99729|ROAA_HUMAN,3,/core/www/modules/match_peptides/blast_html4.php?run_id=110202&search_id=114132&scans_id=110198&peptide_id=32547&scanf=40232&charge=2&value=3,R.GFGFILFK.D,/core/www/modules/show_out/show_out_wrapper.php?run_id=110202&search_id=114132&scans_id=110198&peptide_id=32547&scanf=40232&charge=2&value=R.GFGFILFK.D,HNRNPAB,9.870e+7,3.302,0.001,2.856,0.000
40238,2,"  3.394","  0.583",15/26,/core/www/modules//sdig/index.php?run_id=110202&search_id=114132&scans_id=110198&peptide_id=32552&scanf=40238&charge=2&value=15/26,sp|Q15084|PDIA6_HUMAN,/core/www/modules//consensus/?run_id=110202&search_id=114132&scans_id=110198&peptide_id=32552&scanf=40238&charge=2&value=sp|Q15084|PDIA6_HUMAN,0,/core/www/modules/match_peptides/blast_html4.php?run_id=110202&search_id=114132&scans_id=110198&peptide_id=32552&scanf=40238&charge=2&value=0,R.TGEAIVDAALSALR.Q,/core/www/modules/show_out/show_out_wrapper.php?run_id=110202&search_id=114132&scans_id=110198&peptide_id=32552&scanf=40238&charge=2&value=R.TGEAIVDAALSALR.Q,PDIA6,5.144e+7,3.343,0.001,2.915,0.000
40239,2,"  3.969","  0.614",13/34,/core/www/modules//sdig/index.php?run_id=110202&search_id=114132&scans_id=110198&peptide_id=32553&scanf=40239&charge=2&value=13/34,sp|P18583|SON_HUMAN,/core/www/modules//consensus/?run_id=110202&search_id=114132&scans_id=110198&peptide_id=32553&scanf=40239&charge=2&value=sp|P18583|SON_HUMAN,0,/core/www/modules/match_peptides/blast_html4.php?run_id=110202&search_id=114132&scans_id=110198&peptide_id=32553&scanf=40239&charge=2&value=0,K.ILDSFAAAPVPTTTLVLK.S,/core/www/modules/show_out/show_out_wrapper.php?run_id=110202&search_id=114132&scans_id=110198&peptide_id=32553&scanf=40239&charge=2&value=K.ILDSFAAAPVPTTTLVLK.S,SON,7.273e+6,3.199,0.002,2.703,0.000
40242,3,"  4.850","  0.597",16/76,/core/www/modules//sdig/index.php?run_id=110202&search_id=114132&scans_id=110198&peptide_id=32557&scanf=40242&charge=3&value=16/76,sp|Q9UQE7|SMC3_HUMAN,/core/www/modules//consensus/?run_id=110202&search_id=114132&scans_id=110198&peptide_id=32557&scanf=40242&charge=3&value=sp|Q9UQE7|SMC3_HUMAN,0,/core/www/modules/match_peptides/blast_html4.php?run_id=110202&search_id=114132&scans_id=110198&peptide_id=32557&scanf=40242&charge=3&value=0,R.INNEIDQLMNQMQQIETQQR.K,/core/www/modules/show_out/show_out_wrapper.php?run_id=110202&search_id=114132&scans_id=110198&peptide_id=32557&scanf=40242&charge=3&value=R.INNEIDQLMNQMQQIETQQR.K,SMC3,9.959e+6,3.443,0.001,3.064,0.000
40246,2,"  2.107","  0.366",8/26,/core/www/modules//sdig/index.php?run_id=110202&search_id=114132&scans_id=110198&peptide_id=32561&scanf=40246&charge=2&value=8/26,sp|O94887|FARP2_HUMAN,/core/www/modules//consensus/?run_id=110202&search_id=114132&scans_id=110198&peptide_id=32561&scanf=40246&charge=2&value=sp|O94887|FARP2_HUMAN,2,/core/www/modules/match_peptides/blast_html4.php?run_id=110202&search_id=114132&scans_id=110198&peptide_id=32561&scanf=40246&charge=2&value=2,K.LLDNTMEIFDIEPK.C,/core/www/modules/show_out/show_out_wrapper.php?run_id=110202&search_id=114132&scans_id=110198&peptide_id=32561&scanf=40246&charge=2&value=K.LLDNTMEIFDIEPK.C,FARP2,9.457e+5,2.215,0.054,1.266,0.002
40254,2,"  1.831","  0.389",7/18,/core/www/modules//sdig/index.php?run_id=110202&search_id=114132&scans_id=110198&peptide_id=32570&scanf=40254&charge=2&value=7/18,sp|Q9NUD5|ZCHC3_HUMAN,/core/www/modules//consensus/?run_id=110202&search_id=114132&scans_id=110198&peptide_id=32570&scanf=40254&charge=2&value=sp|Q9NUD5|ZCHC3_HUMAN,0,/core/www/modules/match_peptides/blast_html4.php?run_id=110202&search_id=114132&scans_id=110198&peptide_id=32570&scanf=40254&charge=2&value=0,R.DFVVGALILR.S,/core/www/modules/show_out/show_out_wrapper.php?run_id=110202&search_id=114132&scans_id=110198&peptide_id=32570&scanf=40254&charge=2&value=R.DFVVGALILR.S,ZCCHC3,6.635e+5,2.496,0.021,1.669,0.001
40258,2,"  4.365","  0.604",13/34,/core/www/modules//sdig/index.php?run_id=110202&search_id=114132&scans_id=110198&peptide_id=32573&scanf=40258&charge=2&value=13/34,sp|P18583|SON_HUMAN,/core/www/modules//consensus/?run_id=110202&search_id=114132&scans_id=110198&peptide_id=32573&scanf=40258&charge=2&value=sp|P18583|SON_HUMAN,0,/core/www/modules/match_peptides/blast_html4.php?run_id=110202&search_id=114132&scans_id=110198&peptide_id=32573&scanf=40258&charge=2&value=0,K.ILDSFAAAPVPTTTLVLK.S,/core/www/modules/show_out/show_out_wrapper.php?run_id=110202&search_id=114132&scans_id=110198&peptide_id=32573&scanf=40258&charge=2&value=K.ILDSFAAAPVPTTTLVLK.S,SON,7.273e+6,3.210,0.002,2.719,0.000
40262,2,"  2.174","  0.266",10/16,/core/www/modules//sdig/index.php?run_id=110202&search_id=114132&scans_id=110198&peptide_id=32578&scanf=40262&charge=2&value=10/16,sp|A2RRP1|NBAS_HUMAN,/core/www/modules//consensus/?run_id=110202&search_id=114132&scans_id=110198&peptide_id=32578&scanf=40262&charge=2&value=sp|A2RRP1|NBAS_HUMAN,3,/core/www/modules/match_peptides/blast_html4.php?run_id=110202&search_id=114132&scans_id=110198&peptide_id=32578&scanf=40262&charge=2&value=3,K.LLGLAELLR.V,/core/www/modules/show_out/show_out_wrapper.php?run_id=110202&search_id=114132&scans_id=110198&peptide_id=32578&scanf=40262&charge=2&value=K.LLGLAELLR.V,NBAS,2.300e+6,2.489,0.022,1.658,0.001
40263,3,"  3.851","  0.476",14/80,/core/www/modules//sdig/index.php?run_id=110202&search_id=114132&scans_id=110198&peptide_id=32579&scanf=40263&charge=3&value=14/80,sp|P35658|NU214_HUMAN,/core/www/modules//consensus/?run_id=110202&search_id=114132&scans_id=110198&peptide_id=32579&scanf=40263&charge=3&value=sp|P35658|NU214_HUMAN,3,/core/www/modules/match_peptides/blast_html4.php?run_id=110202&search_id=114132&scans_id=110198&peptide_id=32579&scanf=40263&charge=3&value=3,K.FAVQDVNDVLDLEWDQHLEQK.K,/core/www/modules/show_out/show_out_wrapper.php?run_id=110202&search_id=114132&scans_id=110198&peptide_id=32579&scanf=40263&charge=3&value=K.FAVQDVNDVLDLEWDQHLEQK.K,NUP214,1.118e+6,2.679,0.012,1.935,0.000
40268,2,"  2.377","  0.234",10/16,/core/www/modules//sdig/index.php?run_id=110202&search_id=114132&scans_id=110198&peptide_id=32584&scanf=40268&charge=2&value=10/16,sp|O60701|UGDH_HUMAN,/core/www/modules//consensus/?run_id=110202&search_id=114132&scans_id=110198&peptide_id=32584&scanf=40268&charge=2&value=sp|O60701|UGDH_HUMAN,0,/core/www/modules/match_peptides/blast_html4.php?run_id=110202&search_id=114132&scans_id=110198&peptide_id=32584&scanf=40268&charge=2&value=0,K.IAILGFAFK.K,/core/www/modules/show_out/show_out_wrapper.php?run_id=110202&search_id=114132&scans_id=110198&peptide_id=32584&scanf=40268&charge=2&value=K.IAILGFAFK.K,UGDH,1.613e+6,2.426,0.027,1.568,0.001
40269,2,"  2.189","  0.559",8/18,/core/www/modules//sdig/index.php?run_id=110202&search_id=114132&scans_id=110198&peptide_id=32585&scanf=40269&charge=2&value=8/18,sp|Q96D53|COQ8B_HUMAN,/core/www/modules//consensus/?run_id=110202&search_id=114132&scans_id=110198&peptide_id=32585&scanf=40269&charge=2&value=sp|Q96D53|COQ8B_HUMAN,3,/core/www/modules/match_peptides/blast_html4.php?run_id=110202&search_id=114132&scans_id=110198&peptide_id=32585&scanf=40269&charge=2&value=3,R.IQDLIPVLLR.H,/core/www/modules/show_out/show_out_wrapper.php?run_id=110202&search_id=114132&scans_id=110198&peptide_id=32585&scanf=40269&charge=2&value=R.IQDLIPVLLR.H,COQ8B,1.623e+6,3.166,0.002,2.654,0.000
40271,2,"  2.025","  0.319",7/24,/core/www/modules//sdig/index.php?run_id=110202&search_id=114132&scans_id=110198&peptide_id=32588&scanf=40271&charge=2&value=7/24,sp|Q7Z4Q2|HEAT3_HUMAN,/core/www/modules//consensus/?run_id=110202&search_id=114132&scans_id=110198&peptide_id=32588&scanf=40271&charge=2&value=sp|Q7Z4Q2|HEAT3_HUMAN,3,/core/www/modules/match_peptides/blast_html4.php?run_id=110202&search_id=114132&scans_id=110198&peptide_id=32588&scanf=40271&charge=2&value=3,R.LGPLLLDPSLAVR.E,/core/www/modules/show_out/show_out_wrapper.php?run_id=110202&search_id=114132&scans_id=110198&peptide_id=32588&scanf=40271&charge=2&value=R.LGPLLLDPSLAVR.E,HEATR3,2.783e+6,1.872,0.156,0.807,0.008
40275,3,"  2.295","  0.344",10/56,/core/www/modules//sdig/index.php?run_id=110202&search_id=114132&scans_id=110198&peptide_id=32592&scanf=40275&charge=3&value=10/56,sp|O43795|MYO1B_HUMAN,/core/www/modules//consensus/?run_id=110202&search_id=114132&scans_id=110198&peptide_id=32592&scanf=40275&charge=3&value=sp|O43795|MYO1B_HUMAN,2,/core/www/modules/match_peptides/blast_html4.php?run_id=110202&search_id=114132&scans_id=110198&peptide_id=32592&scanf=40275&charge=3&value=2,R.IFLLTNNNLLLADQK.S,/core/www/modules/show_out/show_out_wrapper.php?run_id=110202&search_id=114132&scans_id=110198&peptide_id=32592&scanf=40275&charge=3&value=R.IFLLTNNNLLLADQK.S,MYO1B,6.376e+5,2.326,0.038,1.424,0.001
40279,2,"  3.081","  0.418",13/22,/core/www/modules//sdig/index.php?run_id=110202&search_id=114132&scans_id=110198&peptide_id=32595&scanf=40279&charge=2&value=13/22,sp|Q9UIG0|BAZ1B_HUMAN,/core/www/modules//consensus/?run_id=110202&search_id=114132&scans_id=110198&peptide_id=32595&scanf=40279&charge=2&value=sp|Q9UIG0|BAZ1B_HUMAN,0,/core/www/modules/match_peptides/blast_html4.php?run_id=110202&search_id=114132&scans_id=110198&peptide_id=32595&scanf=40279&charge=2&value=0,K.LVDTAWLEIMTK.Y,/core/www/modules/show_out/show_out_wrapper.php?run_id=110202&search_id=114132&scans_id=110198&peptide_id=32595&scanf=40279&charge=2&value=K.LVDTAWLEIMTK.Y,BAZ1B,2.561e+6,3.039,0.003,2.466,0.000
40280,2,"  2.383","  0.338",5/26,/core/www/modules//sdig/index.php?run_id=110202&search_id=114132&scans_id=110198&peptide_id=32597&scanf=40280&charge=2&value=5/26,sp|Q9UPN6|SCAF8_HUMAN,/core/www/modules//consensus/?run_id=110202&search_id=114132&scans_id=110198&peptide_id=32597&scanf=40280&charge=2&value=sp|Q9UPN6|SCAF8_HUMAN,1,/core/www/modules/match_peptides/blast_html4.php?run_id=110202&search_id=114132&scans_id=110198&peptide_id=32597&scanf=40280&charge=2&value=1,R.FSNNIISTFQNLYR.C,/core/www/modules/show_out/show_out_wrapper.php?run_id=110202&search_id=114132&scans_id=110198&peptide_id=32597&scanf=40280&charge=2&value=R.FSNNIISTFQNLYR.C,SCAF8,2.226e+6,1.871,0.156,0.806,0.008
40289,3,"  1.890","  0.394",9/60,/core/www/modules//sdig/index.php?run_id=110202&search_id=114132&scans_id=110198&peptide_id=32606&scanf=40289&charge=3&value=9/60,sp|Q9Y265|RUVB1_HUMAN,/core/www/modules//consensus/?run_id=110202&search_id=114132&scans_id=110198&peptide_id=32606&scanf=40289&charge=3&value=sp|Q9Y265|RUVB1_HUMAN,4,/core/www/modules/match_peptides/blast_html4.php?run_id=110202&search_id=114132&scans_id=110198&peptide_id=32606&scanf=40289&charge=3&value=4,R.ALESSIAPIVIFASNR.G,/core/www/modules/show_out/show_out_wrapper.php?run_id=110202&search_id=114132&scans_id=110198&peptide_id=32606&scanf=40289&charge=3&value=R.ALESSIAPIVIFASNR.G,RUVBL1,1.064e+7,2.423,0.027,1.562,0.001
40295,3,"  2.801","  0.466",13/52,/core/www/modules//sdig/index.php?run_id=110202&search_id=114132&scans_id=110198&peptide_id=32613&scanf=40295&charge=3&value=13/52,sp|Q15648|MED1_HUMAN,/core/www/modules//consensus/?run_id=110202&search_id=114132&scans_id=110198&peptide_id=32613&scanf=40295&charge=3&value=sp|Q15648|MED1_HUMAN,0,/core/www/modules/match_peptides/blast_html4.php?run_id=110202&search_id=114132&scans_id=110198&peptide_id=32613&scanf=40295&charge=3&value=0,K.MYLALQSLEQDLSK.M,/core/www/modules/show_out/show_out_wrapper.php?run_id=110202&search_id=114132&scans_id=110198&peptide_id=32613&scanf=40295&charge=3&value=K.MYLALQSLEQDLSK.M,MED1,1.484e+6,2.935,0.005,2.312,0.000
40297,3,"  2.354","  0.449",10/72,/core/www/modules//sdig/index.php?run_id=110202&search_id=114132&scans_id=110198&peptide_id=32615&scanf=40297&charge=3&value=10/72,sp|P11474|ERR1_HUMAN,/core/www/modules//consensus/?run_id=110202&search_id=114132&scans_id=110198&peptide_id=32615&scanf=40297&charge=3&value=sp|P11474|ERR1_HUMAN,1,/core/www/modules/match_peptides/blast_html4.php?run_id=110202&search_id=114132&scans_id=110198&peptide_id=32615&scanf=40297&charge=3&value=1,K.TAAPVNALVSHLLVVEPEK.L,/core/www/modules/show_out/show_out_wrapper.php?run_id=110202&search_id=114132&scans_id=110198&peptide_id=32615&scanf=40297&charge=3&value=K.TAAPVNALVSHLLVVEPEK.L,ESRRA,9.740e+5,2.537,0.019,1.728,0.000
40299,3,"  4.900","  0.701",20/72,/core/www/modules//sdig/index.php?run_id=110202&search_id=114132&scans_id=110198&peptide_id=32616&scanf=40299&charge=3&value=20/72,sp|P40937|RFC5_HUMAN,/core/www/modules//consensus/?run_id=110202&search_id=114132&scans_id=110198&peptide_id=32616&scanf=40299&charge=3&value=sp|P40937|RFC5_HUMAN,2,/core/www/modules/match_peptides/blast_html4.php?run_id=110202&search_id=114132&scans_id=110198&peptide_id=32616&scanf=40299&charge=3&value=2,K.LVILDEADAMTQDAQNALR.R,/core/www/modules/show_out/show_out_wrapper.php?run_id=110202&search_id=114132&scans_id=110198&peptide_id=32616&scanf=40299&charge=3&value=K.LVILDEADAMTQDAQNALR.R,RFC5,1.757e+7,3.701,0.000,3.446,0.000
40300,2,"  3.082","  0.543",13/24,/core/www/modules//sdig/index.php?run_id=110202&search_id=114132&scans_id=110198&peptide_id=32618&scanf=40300&charge=2&value=13/24,sp|Q92620|PRP16_HUMAN,/core/www/modules//consensus/?run_id=110202&search_id=114132&scans_id=110198&peptide_id=32618&scanf=40300&charge=2&value=sp|Q92620|PRP16_HUMAN,0,/core/www/modules/match_peptides/blast_html4.php?run_id=110202&search_id=114132&scans_id=110198&peptide_id=32618&scanf=40300&charge=2&value=0,R.LMVEFPLDPALSK.M,/core/www/modules/show_out/show_out_wrapper.php?run_id=110202&search_id=114132&scans_id=110198&peptide_id=32618&scanf=40300&charge=2&value=R.LMVEFPLDPALSK.M,DHX38,5.185e+6,3.140,0.002,2.616,0.000
40305,3,"  4.592","  0.605",22/112,/core/www/modules//sdig/index.php?run_id=110202&search_id=114132&scans_id=110198&peptide_id=32623&scanf=40305&charge=3&value=22/112,sp|Q9Y5X1|SNX9_HUMAN,/core/www/modules//consensus/?run_id=110202&search_id=114132&scans_id=110198&peptide_id=32623&scanf=40305&charge=3&value=sp|Q9Y5X1|SNX9_HUMAN,9,/core/www/modules/match_peptides/blast_html4.php?run_id=110202&search_id=114132&scans_id=110198&peptide_id=32623&scanf=40305&charge=3&value=9,K.ALQSLATVFSSSGYQGETDLNDAITEAGK.T,/core/www/modules/show_out/show_out_wrapper.php?run_id=110202&search_id=114132&scans_id=110198&peptide_id=32623&scanf=40305&charge=3&value=K.ALQSLATVFSSSGYQGETDLNDAITEAGK.T,SNX9,1.427e+6,2.879,0.006,2.230,0.000
40307,2,"  3.139","  0.406",13/22,/core/www/modules//sdig/index.php?run_id=110202&search_id=114132&scans_id=110198&peptide_id=32625&scanf=40307&charge=2&value=13/22,sp|Q6NVY1|HIBCH_HUMAN,/core/www/modules//consensus/?run_id=110202&search_id=114132&scans_id=110198&peptide_id=32625&scanf=40307&charge=2&value=sp|Q6NVY1|HIBCH_HUMAN,0,/core/www/modules/match_peptides/blast_html4.php?run_id=110202&search_id=114132&scans_id=110198&peptide_id=32625&scanf=40307&charge=2&value=0,K.LAMLEEDLLALK.S,/core/www/modules/show_out/show_out_wrapper.php?run_id=110202&search_id=114132&scans_id=110198&peptide_id=32625&scanf=40307&charge=2&value=K.LAMLEEDLLALK.S,HIBCH,4.717e+6,2.835,0.007,2.165,0.000
40309,3,"  3.252","  0.517",12/60,/core/www/modules//sdig/index.php?run_id=110202&search_id=114132&scans_id=110198&peptide_id=32627&scanf=40309&charge=3&value=12/60,sp|P61970|NTF2_HUMAN,/core/www/modules//consensus/?run_id=110202&search_id=114132&scans_id=110198&peptide_id=32627&scanf=40309&charge=3&value=sp|P61970|NTF2_HUMAN,2,/core/www/modules/match_peptides/blast_html4.php?run_id=110202&search_id=114132&scans_id=110198&peptide_id=32627&scanf=40309&charge=3&value=2,K.ADEDPIMGFHQMFLLK.N,/core/www/modules/show_out/show_out_wrapper.php?run_id=110202&search_id=114132&scans_id=110198&peptide_id=32627&scanf=40309&charge=3&value=K.ADEDPIMGFHQMFLLK.N,NUTF2,2.174e+6,2.966,0.004,2.358,0.000
40311,3,"  5.105","  0.619",24/80,/core/www/modules//sdig/index.php?run_id=110202&search_id=114132&scans_id=110198&peptide_id=32630&scanf=40311&charge=3&value=24/80,sp|P42704|LPPRC_HUMAN,/core/www/modules//consensus/?run_id=110202&search_id=114132&scans_id=110198&peptide_id=32630&scanf=40311&charge=3&value=sp|P42704|LPPRC_HUMAN,13,/core/www/modules/match_peptides/blast_html4.php?run_id=110202&search_id=114132&scans_id=110198&peptide_id=32630&scanf=40311&charge=3&value=13,K.SVLELIPELNEKEEAYNSLMK.S,/core/www/modules/show_out/show_out_wrapper.php?run_id=110202&search_id=114132&scans_id=110198&peptide_id=32630&scanf=40311&charge=3&value=K.SVLELIPELNEKEEAYNSLMK.S,LRPPRC,4.252e+6,3.248,0.002,2.775,0.000
40320,3,"  3.909","  0.539",19/68,/core/www/modules//sdig/index.php?run_id=110202&search_id=114132&scans_id=110198&peptide_id=32639&scanf=40320&charge=3&value=19/68,sp|Q9NXF1|TEX10_HUMAN,/core/www/modules//consensus/?run_id=110202&search_id=114132&scans_id=110198&peptide_id=32639&scanf=40320&charge=3&value=sp|Q9NXF1|TEX10_HUMAN,0,/core/www/modules/match_peptides/blast_html4.php?run_id=110202&search_id=114132&scans_id=110198&peptide_id=32639&scanf=40320&charge=3&value=0,R.NPELSTQLIDIIHTAAAR.A,/core/www/modules/show_out/show_out_wrapper.php?run_id=110202&search_id=114132&scans_id=110198&peptide_id=32639&scanf=40320&charge=3&value=R.NPELSTQLIDIIHTAAAR.A,TEX10,1.711e+7,3.020,0.004,2.438,0.000
40322,3,"  5.625","  0.648",18/80,/core/www/modules//sdig/index.php?run_id=110202&search_id=114132&scans_id=110198&peptide_id=32641&scanf=40322&charge=3&value=18/80,sp|Q9ULJ8|NEB1_HUMAN,/core/www/modules//consensus/?run_id=110202&search_id=114132&scans_id=110198&peptide_id=32641&scanf=40322&charge=3&value=sp|Q9ULJ8|NEB1_HUMAN,0,/core/www/modules/match_peptides/blast_html4.php?run_id=110202&search_id=114132&scans_id=110198&peptide_id=32641&scanf=40322&charge=3&value=0,R.EKPGQVSEVAQLISQTLEQER.R,/core/www/modules/show_out/show_out_wrapper.php?run_id=110202&search_id=114132&scans_id=110198&peptide_id=32641&scanf=40322&charge=3&value=R.EKPGQVSEVAQLISQTLEQER.R,PPP1R9A,2.152e+6,3.356,0.001,2.935,0.000
40328,2,"  2.241","  0.406",11/22,/core/www/modules//sdig/index.php?run_id=110202&search_id=114132&scans_id=110198&peptide_id=32647&scanf=40328&charge=2&value=11/22,sp|Q86UP2|KTN1_HUMAN,/core/www/modules//consensus/?run_id=110202&search_id=114132&scans_id=110198&peptide_id=32647&scanf=40328&charge=2&value=sp|Q86UP2|KTN1_HUMAN,3,/core/www/modules/match_peptides/blast_html4.php?run_id=110202&search_id=114132&scans_id=110198&peptide_id=32647&scanf=40328&charge=2&value=3,K.SVEELLEAELLK.V,/core/www/modules/show_out/show_out_wrapper.php?run_id=110202&search_id=114132&scans_id=110198&peptide_id=32647&scanf=40328&charge=2&value=K.SVEELLEAELLK.V,KTN1,1.991e+6,2.679,0.012,1.936,0.000
40330,3,"  5.255","  0.664",15/112,/core/www/modules//sdig/index.php?run_id=110202&search_id=114132&scans_id=110198&peptide_id=32650&scanf=40330&charge=3&value=15/112,sp|P24928|RPB1_HUMAN,/core/www/modules//consensus/?run_id=110202&search_id=114132&scans_id=110198&peptide_id=32650&scanf=40330&charge=3&value=sp|P24928|RPB1_HUMAN,1,/core/www/modules/match_peptides/blast_html4.php?run_id=110202&search_id=114132&scans_id=110198&peptide_id=32650&scanf=40330&charge=3&value=1,R.LNLSVTTPYNADFDGDEMNLHLPQSLETR.A,/core/www/modules/show_out/show_out_wrapper.php?run_id=110202&search_id=114132&scans_id=110198&peptide_id=32650&scanf=40330&charge=3&value=R.LNLSVTTPYNADFDGDEMNLHLPQSLETR.A,POLR2A,9.961e+5,3.004,0.004,2.415,0.000
40338,3,"  1.749","  0.296",11/72,/core/www/modules//sdig/index.php?run_id=110202&search_id=114132&scans_id=110198&peptide_id=32658&scanf=40338&charge=3&value=11/72,sp|P11474|ERR1_HUMAN,/core/www/modules//consensus/?run_id=110202&search_id=114132&scans_id=110198&peptide_id=32658&scanf=40338&charge=3&value=sp|P11474|ERR1_HUMAN,1,/core/www/modules/match_peptides/blast_html4.php?run_id=110202&search_id=114132&scans_id=110198&peptide_id=32658&scanf=40338&charge=3&value=1,K.TAAPVNALVSHLLVVEPEK.L,/core/www/modules/show_out/show_out_wrapper.php?run_id=110202&search_id=114132&scans_id=110198&peptide_id=32658&scanf=40338&charge=3&value=K.TAAPVNALVSHLLVVEPEK.L,ESRRA,9.740e+5,2.030,0.097,1.013,0.005
40342,3,"  2.814","  0.401",15/60,/core/www/modules//sdig/index.php?run_id=110202&search_id=114132&scans_id=110198&peptide_id=32662&scanf=40342&charge=3&value=15/60,sp|P50750|CDK9_HUMAN,/core/www/modules//consensus/?run_id=110202&search_id=114132&scans_id=110198&peptide_id=32662&scanf=40342&charge=3&value=sp|P50750|CDK9_HUMAN,0,/core/www/modules/match_peptides/blast_html4.php?run_id=110202&search_id=114132&scans_id=110198&peptide_id=32662&scanf=40342&charge=3&value=0,R.VVTLWYRPPELLLGER.D,/core/www/modules/show_out/show_out_wrapper.php?run_id=110202&search_id=114132&scans_id=110198&peptide_id=32662&scanf=40342&charge=3&value=R.VVTLWYRPPELLLGER.D,CDK9,3.180e+6,2.590,0.016,1.806,0.000
40343,2,"  2.931","  0.489",14/22,/core/www/modules//sdig/index.php?run_id=110202&search_id=114132&scans_id=110198&peptide_id=32663&scanf=40343&charge=2&value=14/22,sp|Q9UIG0|BAZ1B_HUMAN,/core/www/modules//consensus/?run_id=110202&search_id=114132&scans_id=110198&peptide_id=32663&scanf=40343&charge=2&value=sp|Q9UIG0|BAZ1B_HUMAN,0,/core/www/modules/match_peptides/blast_html4.php?run_id=110202&search_id=114132&scans_id=110198&peptide_id=32663&scanf=40343&charge=2&value=0,K.LVDTAWLEIMTK.Y,/core/www/modules/show_out/show_out_wrapper.php?run_id=110202&search_id=114132&scans_id=110198&peptide_id=32663&scanf=40343&charge=2&value=K.LVDTAWLEIMTK.Y,BAZ1B,2.561e+6,3.297,0.001,2.847,0.000
40344,4,"  5.319","  0.622",19/144,/core/www/modules//sdig/index.php?run_id=110202&search_id=114132&scans_id=110198&peptide_id=32664&scanf=40344&charge=4&value=19/144,sp|Q99613|EIF3C_HUMAN,/core/www/modules//consensus/?run_id=110202&search_id=114132&scans_id=110198&peptide_id=32664&scanf=40344&charge=4&value=sp|Q99613|EIF3C_HUMAN,1,/core/www/modules/match_peptides/blast_html4.php?run_id=110202&search_id=114132&scans_id=110198&peptide_id=32664&scanf=40344&charge=4&value=1,R.DLMLMSHLQDNIQHADPPVQILYNR.T,/core/www/modules/show_out/show_out_wrapper.php?run_id=110202&search_id=114132&scans_id=110198&peptide_id=32664&scanf=40344&charge=4&value=R.DLMLMSHLQDNIQHADPPVQILYNR.T,EIF3C,1.690e+6,3.537,0.001,3.203,0.000
40345,3,"  2.814","  0.392",13/84,/core/www/modules//sdig/index.php?run_id=110202&search_id=114132&scans_id=110198&peptide_id=32665&scanf=40345&charge=3&value=13/84,sp|P78371|TCPB_HUMAN,/core/www/modules//consensus/?run_id=110202&search_id=114132&scans_id=110198&peptide_id=32665&scanf=40345&charge=3&value=sp|P78371|TCPB_HUMAN,1,/core/www/modules/match_peptides/blast_html4.php?run_id=110202&search_id=114132&scans_id=110198&peptide_id=32665&scanf=40345&charge=3&value=1,R.M*LPTIIADNAGYDSADLVAQLR.A,/core/www/modules/show_out/show_out_wrapper.php?run_id=110202&search_id=114132&scans_id=110198&peptide_id=32665&scanf=40345&charge=3&value=R.M*LPTIIADNAGYDSADLVAQLR.A,CCT2,1.544e+6,2.378,0.032,1.498,0.001
40346,3,"  2.434","  0.521",16/72,/core/www/modules//sdig/index.php?run_id=110202&search_id=114132&scans_id=110198&peptide_id=32666&scanf=40346&charge=3&value=16/72,sp|Q2TB10|ZN800_HUMAN,/core/www/modules//consensus/?run_id=110202&search_id=114132&scans_id=110198&peptide_id=32666&scanf=40346&charge=3&value=sp|Q2TB10|ZN800_HUMAN,2,/core/www/modules/match_peptides/blast_html4.php?run_id=110202&search_id=114132&scans_id=110198&peptide_id=32666&scanf=40346&charge=3&value=2,K.QSQAINDLLEAIYPSVDKR.E,/core/www/modules/show_out/show_out_wrapper.php?run_id=110202&search_id=114132&scans_id=110198&peptide_id=32666&scanf=40346&charge=3&value=K.QSQAINDLLEAIYPSVDKR.E,ZNF800,4.087e+6,2.626,0.014,1.858,0.000
40347,3,"  4.321","  0.640",17/64,/core/www/modules//sdig/index.php?run_id=110202&search_id=114132&scans_id=110198&peptide_id=32667&scanf=40347&charge=3&value=17/64,sp|Q92797|SYMPK_HUMAN,/core/www/modules//consensus/?run_id=110202&search_id=114132&scans_id=110198&peptide_id=32667&scanf=40347&charge=3&value=sp|Q92797|SYMPK_HUMAN,1,/core/www/modules/match_peptides/blast_html4.php?run_id=110202&search_id=114132&scans_id=110198&peptide_id=32667&scanf=40347&charge=3&value=1,K.LIHELAAVYTEAIADIK.R,/core/www/modules/show_out/show_out_wrapper.php?run_id=110202&search_id=114132&scans_id=110198&peptide_id=32667&scanf=40347&charge=3&value=K.LIHELAAVYTEAIADIK.R,SYMPK,2.581e+6,3.562,0.001,3.240,0.000
40349,2,"  2.987","  0.525",13/28,/core/www/modules//sdig/index.php?run_id=110202&search_id=114132&scans_id=110198&peptide_id=32669&scanf=40349&charge=2&value=13/28,sp|Q9NUQ9|CYRIB_HUMAN,/core/www/modules//consensus/?run_id=110202&search_id=114132&scans_id=110198&peptide_id=32669&scanf=40349&charge=2&value=sp|Q9NUQ9|CYRIB_HUMAN,1,/core/www/modules/match_peptides/blast_html4.php?run_id=110202&search_id=114132&scans_id=110198&peptide_id=32669&scanf=40349&charge=2&value=1,K.DQPPNSVEGLLNALR.Y,/core/www/modules/show_out/show_out_wrapper.php?run_id=110202&search_id=114132&scans_id=110198&peptide_id=32669&scanf=40349&charge=2&value=K.DQPPNSVEGLLNALR.Y,CYRIB,1.652e+6,2.988,0.004,2.390,0.000
40350,2,"  1.942","  0.356",8/18,/core/www/modules//sdig/index.php?run_id=110202&search_id=114132&scans_id=110198&peptide_id=32671&scanf=40350&charge=2&value=8/18,sp|Q5TA45|INT11_HUMAN,/core/www/modules//consensus/?run_id=110202&search_id=114132&scans_id=110198&peptide_id=32671&scanf=40350&charge=2&value=sp|Q5TA45|INT11_HUMAN,3,/core/www/modules/match_peptides/blast_html4.php?run_id=110202&search_id=114132&scans_id=110198&peptide_id=32671&scanf=40350&charge=2&value=3,K.VLIPVFALGR.A,/core/www/modules/show_out/show_out_wrapper.php?run_id=110202&search_id=114132&scans_id=110198&peptide_id=32671&scanf=40350&charge=2&value=K.VLIPVFALGR.A,INTS11,7.443e+6,2.493,0.022,1.664,0.001
40352,3,"  6.022","  0.604",19/80,/core/www/modules//sdig/index.php?run_id=110202&search_id=114132&scans_id=110198&peptide_id=32673&scanf=40352&charge=3&value=19/80,sp|Q9GZS1|RPA49_HUMAN,/core/www/modules//consensus/?run_id=110202&search_id=114132&scans_id=110198&peptide_id=32673&scanf=40352&charge=3&value=sp|Q9GZS1|RPA49_HUMAN,0,/core/www/modules/match_peptides/blast_html4.php?run_id=110202&search_id=114132&scans_id=110198&peptide_id=32673&scanf=40352&charge=3&value=0,K.FEDLLSPAEYEALQSPSEAFR.N,/core/www/modules/show_out/show_out_wrapper.php?run_id=110202&search_id=114132&scans_id=110198&peptide_id=32673&scanf=40352&charge=3&value=K.FEDLLSPAEYEALQSPSEAFR.N,POLR1E,7.410e+6,3.353,0.001,2.931,0.000
40363,2,"  3.300","  0.195",12/26,/core/www/modules//sdig/index.php?run_id=110202&search_id=114132&scans_id=110198&peptide_id=32683&scanf=40363&charge=2&value=12/26,sp|Q6DKI1|RL7L_HUMAN,/core/www/modules//consensus/?run_id=110202&search_id=114132&scans_id=110198&peptide_id=32683&scanf=40363&charge=2&value=sp|Q6DKI1|RL7L_HUMAN,1,/core/www/modules/match_peptides/blast_html4.php?run_id=110202&search_id=114132&scans_id=110198&peptide_id=32683&scanf=40363&charge=2&value=1,R.IVEPYVTWGFPNLK.S,/core/www/modules/show_out/show_out_wrapper.php?run_id=110202&search_id=114132&scans_id=110198&peptide_id=32683&scanf=40363&charge=2&value=R.IVEPYVTWGFPNLK.S,RPL7L1,6.135e+6,1.927,0.133,0.876,0.007
40367,2,"  6.995","  0.793",24/38,/core/www/modules//sdig/index.php?run_id=110202&search_id=114132&scans_id=110198&peptide_id=32687&scanf=40367&charge=2&value=24/38,sp|P46782|RS5_HUMAN,/core/www/modules//consensus/?run_id=110202&search_id=114132&scans_id=110198&peptide_id=32687&scanf=40367&charge=2&value=sp|P46782|RS5_HUMAN,1,/core/www/modules/match_peptides/blast_html4.php?run_id=110202&search_id=114132&scans_id=110198&peptide_id=32687&scanf=40367&charge=2&value=1,K.WSTDDVQINDISLQDYIAVK.E,/core/www/modules/show_out/show_out_wrapper.php?run_id=110202&search_id=114132&scans_id=110198&peptide_id=32687&scanf=40367&charge=2&value=K.WSTDDVQINDISLQDYIAVK.E,RPS5,1.516e+6,4.124,0.000,4.074,0.000
40375,2,"  3.189","  0.512",14/28,/core/www/modules//sdig/index.php?run_id=110202&search_id=114132&scans_id=110198&peptide_id=32696&scanf=40375&charge=2&value=14/28,sp|O43795|MYO1B_HUMAN,/core/www/modules//consensus/?run_id=110202&search_id=114132&scans_id=110198&peptide_id=32696&scanf=40375&charge=2&value=sp|O43795|MYO1B_HUMAN,2,/core/www/modules/match_peptides/blast_html4.php?run_id=110202&search_id=114132&scans_id=110198&peptide_id=32696&scanf=40375&charge=2&value=2,R.IFLLTNNNLLLADQK.S,/core/www/modules/show_out/show_out_wrapper.php?run_id=110202&search_id=114132&scans_id=110198&peptide_id=32696&scanf=40375&charge=2&value=R.IFLLTNNNLLLADQK.S,MYO1B,1.070e+6,2.945,0.005,2.327,0.000
40376,2,"  3.317","  0.509",12/30,/core/www/modules//sdig/index.php?run_id=110202&search_id=114132&scans_id=110198&peptide_id=32697&scanf=40376&charge=2&value=12/30,sp|Q9H7Z3|NRDE2_HUMAN,/core/www/modules//consensus/?run_id=110202&search_id=114132&scans_id=110198&peptide_id=32697&scanf=40376&charge=2&value=sp|Q9H7Z3|NRDE2_HUMAN,1,/core/www/modules/match_peptides/blast_html4.php?run_id=110202&search_id=114132&scans_id=110198&peptide_id=32697&scanf=40376&charge=2&value=1,K.GQVEFFEPFWDSGEPR.A,/core/www/modules/show_out/show_out_wrapper.php?run_id=110202&search_id=114132&scans_id=110198&peptide_id=32697&scanf=40376&charge=2&value=K.GQVEFFEPFWDSGEPR.A,NRDE2,1.148e+6,2.793,0.008,2.102,0.000
40379,2,"  2.173","  0.393",6/30,/core/www/modules//sdig/index.php?run_id=110202&search_id=114132&scans_id=110198&peptide_id=32700&scanf=40379&charge=2&value=6/30,sp|P49755|TMEDA_HUMAN,/core/www/modules//consensus/?run_id=110202&search_id=114132&scans_id=110198&peptide_id=32700&scanf=40379&charge=2&value=sp|P49755|TMEDA_HUMAN,0,/core/www/modules/match_peptides/blast_html4.php?run_id=110202&search_id=114132&scans_id=110198&peptide_id=32700&scanf=40379&charge=2&value=0,R.LEDLSESIVNDFAYMK.K,/core/www/modules/show_out/show_out_wrapper.php?run_id=110202&search_id=114132&scans_id=110198&peptide_id=32700&scanf=40379&charge=2&value=R.LEDLSESIVNDFAYMK.K,TMED10,1.824e+6,2.080,0.083,1.080,0.003
40380,3,"  2.731","  0.386",12/88,/core/www/modules//sdig/index.php?run_id=110202&search_id=114132&scans_id=110198&peptide_id=32702&scanf=40380&charge=3&value=12/88,sp|Q9Y3D7|TIM16_HUMAN,/core/www/modules//consensus/?run_id=110202&search_id=114132&scans_id=110198&peptide_id=32702&scanf=40380&charge=3&value=sp|Q9Y3D7|TIM16_HUMAN,4,/core/www/modules/match_peptides/blast_html4.php?run_id=110202&search_id=114132&scans_id=110198&peptide_id=32702&scanf=40380&charge=3&value=4,R.SAAASNLSGLSLQEAQQILNVSK.L,/core/www/modules/show_out/show_out_wrapper.php?run_id=110202&search_id=114132&scans_id=110198&peptide_id=32702&scanf=40380&charge=3&value=R.SAAASNLSGLSLQEAQQILNVSK.L,PAM16,1.117e+6,2.113,0.075,1.125,0.002
40385,2,"  3.734","  0.448",15/30,/core/www/modules//sdig/index.php?run_id=110202&search_id=114132&scans_id=110198&peptide_id=32706&scanf=40385&charge=2&value=15/30,sp|Q9UBI6|GBG12_HUMAN,/core/www/modules//consensus/?run_id=110202&search_id=114132&scans_id=110198&peptide_id=32706&scanf=40385&charge=2&value=sp|Q9UBI6|GBG12_HUMAN,0,/core/www/modules/match_peptides/blast_html4.php?run_id=110202&search_id=114132&scans_id=110198&peptide_id=32706&scanf=40385&charge=2&value=0,R.SDPLLIGIPTSENPFK.D,/core/www/modules/show_out/show_out_wrapper.php?run_id=110202&search_id=114132&scans_id=110198&peptide_id=32706&scanf=40385&charge=2&value=R.SDPLLIGIPTSENPFK.D,GNG12,7.536e+6,2.496,0.021,1.668,0.001
40388,2,"  1.774","  0.422",8/16,/core/www/modules//sdig/index.php?run_id=110202&search_id=114132&scans_id=110198&peptide_id=32709&scanf=40388&charge=2&value=8/16,sp|Q13155|AIMP2_HUMAN,/core/www/modules//consensus/?run_id=110202&search_id=114132&scans_id=110198&peptide_id=32709&scanf=40388&charge=2&value=sp|Q13155|AIMP2_HUMAN,1,/core/www/modules/match_peptides/blast_html4.php?run_id=110202&search_id=114132&scans_id=110198&peptide_id=32709&scanf=40388&charge=2&value=1,R.FLFSLFGQK.H,/core/www/modules/show_out/show_out_wrapper.php?run_id=110202&search_id=114132&scans_id=110198&peptide_id=32709&scanf=40388&charge=2&value=R.FLFSLFGQK.H,AIMP2,4.458e+6,2.856,0.006,2.196,0.000
40392,3,"  3.369","  0.383",13/92,/core/www/modules//sdig/index.php?run_id=110202&search_id=114132&scans_id=110198&peptide_id=32714&scanf=40392&charge=3&value=13/92,sp|O00442|RTCA_HUMAN,/core/www/modules//consensus/?run_id=110202&search_id=114132&scans_id=110198&peptide_id=32714&scanf=40392&charge=3&value=sp|O00442|RTCA_HUMAN,0,/core/www/modules/match_peptides/blast_html4.php?run_id=110202&search_id=114132&scans_id=110198&peptide_id=32714&scanf=40392&charge=3&value=0,K.GGTNAEMAPQIDYTVMVFKPIVEK.F,/core/www/modules/show_out/show_out_wrapper.php?run_id=110202&search_id=114132&scans_id=110198&peptide_id=32714&scanf=40392&charge=3&value=K.GGTNAEMAPQIDYTVMVFKPIVEK.F,RTCA,1.135e+6,2.187,0.059,1.228,0.002
40393,3,"  3.164","  0.518",16/88,/core/www/modules//sdig/index.php?run_id=110202&search_id=114132&scans_id=110198&peptide_id=32715&scanf=40393&charge=3&value=16/88,sp|Q2NL82|TSR1_HUMAN,/core/www/modules//consensus/?run_id=110202&search_id=114132&scans_id=110198&peptide_id=32715&scanf=40393&charge=3&value=sp|Q2NL82|TSR1_HUMAN,1,/core/www/modules/match_peptides/blast_html4.php?run_id=110202&search_id=114132&scans_id=110198&peptide_id=32715&scanf=40393&charge=3&value=1,R.AYLFAHAVDFVPSEENNLVGTLK.I,/core/www/modules/show_out/show_out_wrapper.php?run_id=110202&search_id=114132&scans_id=110198&peptide_id=32715&scanf=40393&charge=3&value=R.AYLFAHAVDFVPSEENNLVGTLK.I,TSR1,1.558e+6,2.760,0.009,2.055,0.000
40396,3,"  2.832","  0.458",10/52,/core/www/modules//sdig/index.php?run_id=110202&search_id=114132&scans_id=110198&peptide_id=32718&scanf=40396&charge=3&value=10/52,sp|P22670|RFX1_HUMAN,/core/www/modules//consensus/?run_id=110202&search_id=114132&scans_id=110198&peptide_id=32718&scanf=40396&charge=3&value=sp|P22670|RFX1_HUMAN,0,/core/www/modules/match_peptides/blast_html4.php?run_id=110202&search_id=114132&scans_id=110198&peptide_id=32718&scanf=40396&charge=3&value=0,R.LLYDEYMYYLIEHR.V,/core/www/modules/show_out/show_out_wrapper.php?run_id=110202&search_id=114132&scans_id=110198&peptide_id=32718&scanf=40396&charge=3&value=R.LLYDEYMYYLIEHR.V,RFX1,1.209e+6,2.869,0.006,2.215,0.000
40398,3,"  2.817","  0.297",11/52,/core/www/modules//sdig/index.php?run_id=110202&search_id=114132&scans_id=110198&peptide_id=32720&scanf=40398&charge=3&value=11/52,sp|Q6DKI1|RL7L_HUMAN,/core/www/modules//consensus/?run_id=110202&search_id=114132&scans_id=110198&peptide_id=32720&scanf=40398&charge=3&value=sp|Q6DKI1|RL7L_HUMAN,1,/core/www/modules/match_peptides/blast_html4.php?run_id=110202&search_id=114132&scans_id=110198&peptide_id=32720&scanf=40398&charge=3&value=1,R.IVEPYVTWGFPNLK.S,/core/www/modules/show_out/show_out_wrapper.php?run_id=110202&search_id=114132&scans_id=110198&peptide_id=32720&scanf=40398&charge=3&value=R.IVEPYVTWGFPNLK.S,RPL7L1,4.537e+6,2.296,0.042,1.380,0.001
40400,3,"  4.604","  0.439",13/104,/core/www/modules//sdig/index.php?run_id=110202&search_id=114132&scans_id=110198&peptide_id=32723&scanf=40400&charge=3&value=13/104,sp|Q9H204|MED28_HUMAN,/core/www/modules//consensus/?run_id=110202&search_id=114132&scans_id=110198&peptide_id=32723&scanf=40400&charge=3&value=sp|Q9H204|MED28_HUMAN,0,/core/www/modules/match_peptides/blast_html4.php?run_id=110202&search_id=114132&scans_id=110198&peptide_id=32723&scanf=40400&charge=3&value=0,K.KPADIPQGSLAYLEQASANIPAPLKPT.-,/core/www/modules/show_out/show_out_wrapper.php?run_id=110202&search_id=114132&scans_id=110198&peptide_id=32723&scanf=40400&charge=3&value=K.KPADIPQGSLAYLEQASANIPAPLKPT.-,MED28,9.789e+5,2.256,0.047,1.324,0.002
40401,3,"  2.734","  0.316",11/60,/core/www/modules//sdig/index.php?run_id=110202&search_id=114132&scans_id=110198&peptide_id=32724&scanf=40401&charge=3&value=11/60,sp|Q9BT78|CSN4_HUMAN,/core/www/modules//consensus/?run_id=110202&search_id=114132&scans_id=110198&peptide_id=32724&scanf=40401&charge=3&value=sp|Q9BT78|CSN4_HUMAN,3,/core/www/modules/match_peptides/blast_html4.php?run_id=110202&search_id=114132&scans_id=110198&peptide_id=32724&scanf=40401&charge=3&value=3,R.GNQLQEFAAMLMPHQK.A,/core/www/modules/show_out/show_out_wrapper.php?run_id=110202&search_id=114132&scans_id=110198&peptide_id=32724&scanf=40401&charge=3&value=R.GNQLQEFAAMLMPHQK.A,COPS4,1.153e+6,2.241,0.050,1.303,0.002
40404,2,"  2.861","  0.452",11/18,/core/www/modules//sdig/index.php?run_id=110202&search_id=114132&scans_id=110198&peptide_id=32726&scanf=40404&charge=2&value=11/18,sp|P08670|VIME_HUMAN,/core/www/modules//consensus/?run_id=110202&search_id=114132&scans_id=110198&peptide_id=32726&scanf=40404&charge=2&value=sp|P08670|VIME_HUMAN,2,/core/www/modules/match_peptides/blast_html4.php?run_id=110202&search_id=114132&scans_id=110198&peptide_id=32726&scanf=40404&charge=2&value=2,K.ILLAELEQLK.G,/core/www/modules/show_out/show_out_wrapper.php?run_id=110202&search_id=114132&scans_id=110198&peptide_id=32726&scanf=40404&charge=2&value=K.ILLAELEQLK.G,VIM,2.375e+9,3.597,0.001,3.292,0.000
40409,2,"  2.720","  0.434",14/24,/core/www/modules//sdig/index.php?run_id=110202&search_id=114132&scans_id=110198&peptide_id=32731&scanf=40409&charge=2&value=14/24,sp|P13804|ETFA_HUMAN,/core/www/modules//consensus/?run_id=110202&search_id=114132&scans_id=110198&peptide_id=32731&scanf=40409&charge=2&value=sp|P13804|ETFA_HUMAN,12,/core/www/modules/match_peptides/blast_html4.php?run_id=110202&search_id=114132&scans_id=110198&peptide_id=32731&scanf=40409&charge=2&value=12,K.LEVAPISDIIAIK.S,/core/www/modules/show_out/show_out_wrapper.php?run_id=110202&search_id=114132&scans_id=110198&peptide_id=32731&scanf=40409&charge=2&value=K.LEVAPISDIIAIK.S,ETFA,1.512e+7,2.895,0.006,2.254,0.000
40410,3,"  3.990","  0.548",17/88,/core/www/modules//sdig/index.php?run_id=110202&search_id=114132&scans_id=110198&peptide_id=32733&scanf=40410&charge=3&value=17/88,sp|Q2NL82|TSR1_HUMAN,/core/www/modules//consensus/?run_id=110202&search_id=114132&scans_id=110198&peptide_id=32733&scanf=40410&charge=3&value=sp|Q2NL82|TSR1_HUMAN,1,/core/www/modules/match_peptides/blast_html4.php?run_id=110202&search_id=114132&scans_id=110198&peptide_id=32733&scanf=40410&charge=3&value=1,R.AYLFAHAVDFVPSEENNLVGTLK.I,/core/www/modules/show_out/show_out_wrapper.php?run_id=110202&search_id=114132&scans_id=110198&peptide_id=32733&scanf=40410&charge=3&value=R.AYLFAHAVDFVPSEENNLVGTLK.I,TSR1,1.558e+6,2.853,0.006,2.192,0.000
40411,2,"  3.025","  0.561",13/28,/core/www/modules//sdig/index.php?run_id=110202&search_id=114132&scans_id=110198&peptide_id=32734&scanf=40411&charge=2&value=13/28,sp|Q14669|TRIPC_HUMAN,/core/www/modules//consensus/?run_id=110202&search_id=114132&scans_id=110198&peptide_id=32734&scanf=40411&charge=2&value=sp|Q14669|TRIPC_HUMAN,2,/core/www/modules/match_peptides/blast_html4.php?run_id=110202&search_id=114132&scans_id=110198&peptide_id=32734&scanf=40411&charge=2&value=2,R.SSAVVVDAIPVFLEK.L,/core/www/modules/show_out/show_out_wrapper.php?run_id=110202&search_id=114132&scans_id=110198&peptide_id=32734&scanf=40411&charge=2&value=R.SSAVVVDAIPVFLEK.L,TRIP12,9.314e+6,3.211,0.002,2.720,0.000
40414,2,"  2.878","  0.584",11/24,/core/www/modules//sdig/index.php?run_id=110202&search_id=114132&scans_id=110198&peptide_id=32737&scanf=40414&charge=2&value=11/24,sp|Q15738|NSDHL_HUMAN,/core/www/modules//consensus/?run_id=110202&search_id=114132&scans_id=110198&peptide_id=32737&scanf=40414&charge=2&value=sp|Q15738|NSDHL_HUMAN,1,/core/www/modules/match_peptides/blast_html4.php?run_id=110202&search_id=114132&scans_id=110198&peptide_id=32737&scanf=40414&charge=2&value=1,R.DPQLVPILIEAAR.N,/core/www/modules/show_out/show_out_wrapper.php?run_id=110202&search_id=114132&scans_id=110198&peptide_id=32737&scanf=40414&charge=2&value=R.DPQLVPILIEAAR.N,NSDHL,2.001e+6,3.224,0.002,2.739,0.000
40416,3,"  2.682","  0.334",13/68,/core/www/modules//sdig/index.php?run_id=110202&search_id=114132&scans_id=110198&peptide_id=32739&scanf=40416&charge=3&value=13/68,sp|Q16637|SMN_HUMAN,/core/www/modules//consensus/?run_id=110202&search_id=114132&scans_id=110198&peptide_id=32739&scanf=40416&charge=3&value=sp|Q16637|SMN_HUMAN,6,/core/www/modules/match_peptides/blast_html4.php?run_id=110202&search_id=114132&scans_id=110198&peptide_id=32739&scanf=40416&charge=3&value=6,K.SAPWNSFLPPPPPMPGPR.L,/core/www/modules/show_out/show_out_wrapper.php?run_id=110202&search_id=114132&scans_id=110198&peptide_id=32739&scanf=40416&charge=3&value=K.SAPWNSFLPPPPPMPGPR.L,SMN2,3.209e+6,2.246,0.049,1.310,0.002
40425,3,"  3.868","  0.646",18/56,/core/www/modules//sdig/index.php?run_id=110202&search_id=114132&scans_id=110198&peptide_id=32748&scanf=40425&charge=3&value=18/56,sp|P47897|SYQ_HUMAN,/core/www/modules//consensus/?run_id=110202&search_id=114132&scans_id=110198&peptide_id=32748&scanf=40425&charge=3&value=sp|P47897|SYQ_HUMAN,5,/core/www/modules/match_peptides/blast_html4.php?run_id=110202&search_id=114132&scans_id=110198&peptide_id=32748&scanf=40425&charge=3&value=5,K.GFHQVPFAPIVFIER.T,/core/www/modules/show_out/show_out_wrapper.php?run_id=110202&search_id=114132&scans_id=110198&peptide_id=32748&scanf=40425&charge=3&value=K.GFHQVPFAPIVFIER.T,QARS1,1.138e+7,3.672,0.000,3.403,0.000
40426,2,"  1.923","  0.191",10/16,/core/www/modules//sdig/index.php?run_id=110202&search_id=114132&scans_id=110198&peptide_id=32749&scanf=40426&charge=2&value=10/16,sp|O60814|H2B1K_HUMAN,/core/www/modules//consensus/?run_id=110202&search_id=114132&scans_id=110198&peptide_id=32749&scanf=40426&charge=2&value=sp|O60814|H2B1K_HUMAN,16,/core/www/modules/match_peptides/blast_html4.php?run_id=110202&search_id=114132&scans_id=110198&peptide_id=32749&scanf=40426&charge=2&value=16,R.LLLPGELAK.H,/core/www/modules/show_out/show_out_wrapper.php?run_id=110202&search_id=114132&scans_id=110198&peptide_id=32749&scanf=40426&charge=2&value=R.LLLPGELAK.H,H2BC12,4.487e+9,2.447,0.025,1.597,0.001
40427,3,"  4.419","  0.577",22/60,/core/www/modules//sdig/index.php?run_id=110202&search_id=114132&scans_id=110198&peptide_id=32750&scanf=40427&charge=3&value=22/60,sp|P17980|PRS6A_HUMAN,/core/www/modules//consensus/?run_id=110202&search_id=114132&scans_id=110198&peptide_id=32750&scanf=40427&charge=3&value=sp|P17980|PRS6A_HUMAN,4,/core/www/modules/match_peptides/blast_html4.php?run_id=110202&search_id=114132&scans_id=110198&peptide_id=32750&scanf=40427&charge=3&value=4,K.QIQELVEAIVLPMNHK.E,/core/www/modules/show_out/show_out_wrapper.php?run_id=110202&search_id=114132&scans_id=110198&peptide_id=32750&scanf=40427&charge=3&value=K.QIQELVEAIVLPMNHK.E,PSMC3,4.536e+6,3.334,0.001,2.903,0.000
40431,2,"  3.523","  0.589",15/24,/core/www/modules//sdig/index.php?run_id=110202&search_id=114132&scans_id=110198&peptide_id=32755&scanf=40431&charge=2&value=15/24,sp|Q9NY61|AATF_HUMAN,/core/www/modules//consensus/?run_id=110202&search_id=114132&scans_id=110198&peptide_id=32755&scanf=40431&charge=2&value=sp|Q9NY61|AATF_HUMAN,7,/core/www/modules/match_peptides/blast_html4.php?run_id=110202&search_id=114132&scans_id=110198&peptide_id=32755&scanf=40431&charge=2&value=7,K.NQIALWDQLLEGR.I,/core/www/modules/show_out/show_out_wrapper.php?run_id=110202&search_id=114132&scans_id=110198&peptide_id=32755&scanf=40431&charge=2&value=K.NQIALWDQLLEGR.I,AATF,4.362e+6,3.463,0.001,3.093,0.000
40441,2,"  3.654","  0.474",14/28,/core/www/modules//sdig/index.php?run_id=110202&search_id=114132&scans_id=110198&peptide_id=32766&scanf=40441&charge=2&value=14/28,sp|P43307|SSRA_HUMAN,/core/www/modules//consensus/?run_id=110202&search_id=114132&scans_id=110198&peptide_id=32766&scanf=40441&charge=2&value=sp|P43307|SSRA_HUMAN,5,/core/www/modules/match_peptides/blast_html4.php?run_id=110202&search_id=114132&scans_id=110198&peptide_id=32766&scanf=40441&charge=2&value=5,K.GTEDFIVESLDASFR.Y,/core/www/modules/show_out/show_out_wrapper.php?run_id=110202&search_id=114132&scans_id=110198&peptide_id=32766&scanf=40441&charge=2&value=K.GTEDFIVESLDASFR.Y,SSR1,9.404e+5,2.703,0.011,1.971,0.000
40449,3,"  4.518","  0.540",10/104,/core/www/modules//sdig/index.php?run_id=110202&search_id=114132&scans_id=110198&peptide_id=32773&scanf=40449&charge=3&value=10/104,sp|Q15149|PLEC_HUMAN,/core/www/modules//consensus/?run_id=110202&search_id=114132&scans_id=110198&peptide_id=32773&scanf=40449&charge=3&value=sp|Q15149|PLEC_HUMAN,5,/core/www/modules/match_peptides/blast_html4.php?run_id=110202&search_id=114132&scans_id=110198&peptide_id=32773&scanf=40449&charge=3&value=5,R.TQLASWSDPTEETGPVAGILDTETLEK.V,/core/www/modules/show_out/show_out_wrapper.php?run_id=110202&search_id=114132&scans_id=110198&peptide_id=32773&scanf=40449&charge=3&value=R.TQLASWSDPTEETGPVAGILDTETLEK.V,PLEC,4.634e+6,2.775,0.008,2.077,0.000
40451,2,"  2.135","  0.283",7/20,/core/www/modules//sdig/index.php?run_id=110202&search_id=114132&scans_id=110198&peptide_id=32776&scanf=40451&charge=2&value=7/20,sp|Q14147|DHX34_HUMAN,/core/www/modules//consensus/?run_id=110202&search_id=114132&scans_id=110198&peptide_id=32776&scanf=40451&charge=2&value=sp|Q14147|DHX34_HUMAN,0,/core/www/modules/match_peptides/blast_html4.php?run_id=110202&search_id=114132&scans_id=110198&peptide_id=32776&scanf=40451&charge=2&value=0,K.DFLFTPTEVLR.H,/core/www/modules/show_out/show_out_wrapper.php?run_id=110202&search_id=114132&scans_id=110198&peptide_id=32776&scanf=40451&charge=2&value=K.DFLFTPTEVLR.H,DHX34,9.726e+5,2.079,0.084,1.078,0.003
40452,2,"  2.758","  0.526",10/20,/core/www/modules//sdig/index.php?run_id=110202&search_id=114132&scans_id=110198&peptide_id=32777&scanf=40452&charge=2&value=10/20,sp|O00154|BACH_HUMAN,/core/www/modules//consensus/?run_id=110202&search_id=114132&scans_id=110198&peptide_id=32777&scanf=40452&charge=2&value=sp|O00154|BACH_HUMAN,1,/core/www/modules/match_peptides/blast_html4.php?run_id=110202&search_id=114132&scans_id=110198&peptide_id=32777&scanf=40452&charge=2&value=1,K.ATLWYVPLSLK.N,/core/www/modules/show_out/show_out_wrapper.php?run_id=110202&search_id=114132&scans_id=110198&peptide_id=32777&scanf=40452&charge=2&value=K.ATLWYVPLSLK.N,ACOT7,6.514e+6,3.143,0.002,2.619,0.000
40456,3,"  2.613","  0.448",12/48,/core/www/modules//sdig/index.php?run_id=110202&search_id=114132&scans_id=110198&peptide_id=32781&scanf=40456&charge=3&value=12/48,sp|Q9NZB2|F120A_HUMAN,/core/www/modules//consensus/?run_id=110202&search_id=114132&scans_id=110198&peptide_id=32781&scanf=40456&charge=3&value=sp|Q9NZB2|F120A_HUMAN,2,/core/www/modules/match_peptides/blast_html4.php?run_id=110202&search_id=114132&scans_id=110198&peptide_id=32781&scanf=40456&charge=3&value=2,K.GLMYPYIFHVLTK.G,/core/www/modules/show_out/show_out_wrapper.php?run_id=110202&search_id=114132&scans_id=110198&peptide_id=32781&scanf=40456&charge=3&value=K.GLMYPYIFHVLTK.G,FAM120A,1.289e+6,2.933,0.005,2.309,0.000
40460,2,"  2.882","  0.363",10/24,/core/www/modules//sdig/index.php?run_id=110202&search_id=114132&scans_id=110198&peptide_id=32786&scanf=40460&charge=2&value=10/24,sp|Q8N5C6|SRBD1_HUMAN,/core/www/modules//consensus/?run_id=110202&search_id=114132&scans_id=110198&peptide_id=32786&scanf=40460&charge=2&value=sp|Q8N5C6|SRBD1_HUMAN,0,/core/www/modules/match_peptides/blast_html4.php?run_id=110202&search_id=114132&scans_id=110198&peptide_id=32786&scanf=40460&charge=2&value=0,R.LFNDDNTIPFIIR.Y,/core/www/modules/show_out/show_out_wrapper.php?run_id=110202&search_id=114132&scans_id=110198&peptide_id=32786&scanf=40460&charge=2&value=R.LFNDDNTIPFIIR.Y,SRBD1,1.737e+6,2.165,0.064,1.196,0.002
40463,2,"  2.539","  0.336",8/28,/core/www/modules//sdig/index.php?run_id=110202&search_id=114132&scans_id=110198&peptide_id=32789&scanf=40463&charge=2&value=8/28,sp|P61006|RAB8A_HUMAN,/core/www/modules//consensus/?run_id=110202&search_id=114132&scans_id=110198&peptide_id=32789&scanf=40463&charge=2&value=sp|P61006|RAB8A_HUMAN,2,/core/www/modules/match_peptides/blast_html4.php?run_id=110202&search_id=114132&scans_id=110198&peptide_id=32789&scanf=40463&charge=2&value=2,R.GAMGIMLVYDITNEK.S,/core/www/modules/show_out/show_out_wrapper.php?run_id=110202&search_id=114132&scans_id=110198&peptide_id=32789&scanf=40463&charge=2&value=R.GAMGIMLVYDITNEK.S,RAB8A,1.156e+6,1.976,0.115,0.940,0.005
40468,2,"  3.670","  0.626",14/22,/core/www/modules//sdig/index.php?run_id=110202&search_id=114132&scans_id=110198&peptide_id=32793&scanf=40468&charge=2&value=14/22,sp|O43913|ORC5_HUMAN,/core/www/modules//consensus/?run_id=110202&search_id=114132&scans_id=110198&peptide_id=32793&scanf=40468&charge=2&value=sp|O43913|ORC5_HUMAN,0,/core/www/modules/match_peptides/blast_html4.php?run_id=110202&search_id=114132&scans_id=110198&peptide_id=32793&scanf=40468&charge=2&value=0,R.DMEANLLPGFLR.L,/core/www/modules/show_out/show_out_wrapper.php?run_id=110202&search_id=114132&scans_id=110198&peptide_id=32793&scanf=40468&charge=2&value=R.DMEANLLPGFLR.L,ORC5,7.076e+6,3.658,0.000,3.382,0.000
40470,3,"  3.389","  0.502",14/72,/core/www/modules//sdig/index.php?run_id=110202&search_id=114132&scans_id=110198&peptide_id=32796&scanf=40470&charge=3&value=14/72,sp|P68402|PA1B2_HUMAN,/core/www/modules//consensus/?run_id=110202&search_id=114132&scans_id=110198&peptide_id=32796&scanf=40470&charge=3&value=sp|P68402|PA1B2_HUMAN,0,/core/www/modules/match_peptides/blast_html4.php?run_id=110202&search_id=114132&scans_id=110198&peptide_id=32796&scanf=40470&charge=3&value=0,R.ELFSPLHALNFGIGGDTTR.H,/core/www/modules/show_out/show_out_wrapper.php?run_id=110202&search_id=114132&scans_id=110198&peptide_id=32796&scanf=40470&charge=3&value=R.ELFSPLHALNFGIGGDTTR.H,PAFAH1B2,2.837e+6,2.716,0.010,1.989,0.000
40472,3,"  4.515","  0.631",17/64,/core/www/modules//sdig/index.php?run_id=110202&search_id=114132&scans_id=110198&peptide_id=32798&scanf=40472&charge=3&value=17/64,sp|Q8IY81|SPB1_HUMAN,/core/www/modules//consensus/?run_id=110202&search_id=114132&scans_id=110198&peptide_id=32798&scanf=40472&charge=3&value=sp|Q8IY81|SPB1_HUMAN,0,/core/www/modules/match_peptides/blast_html4.php?run_id=110202&search_id=114132&scans_id=110198&peptide_id=32798&scanf=40472&charge=3&value=0,R.ILDPEGLALGAVIASSK.K,/core/www/modules/show_out/show_out_wrapper.php?run_id=110202&search_id=114132&scans_id=110198&peptide_id=32798&scanf=40472&charge=3&value=R.ILDPEGLALGAVIASSK.K,FTSJ3,1.065e+7,3.571,0.001,3.253,0.000
40473,3,"  3.199","  0.547",16/112,/core/www/modules//sdig/index.php?run_id=110202&search_id=114132&scans_id=110198&peptide_id=32799&scanf=40473&charge=3&value=16/112,sp|Q9Y5X1|SNX9_HUMAN,/core/www/modules//consensus/?run_id=110202&search_id=114132&scans_id=110198&peptide_id=32799&scanf=40473&charge=3&value=sp|Q9Y5X1|SNX9_HUMAN,9,/core/www/modules/match_peptides/blast_html4.php?run_id=110202&search_id=114132&scans_id=110198&peptide_id=32799&scanf=40473&charge=3&value=9,K.ALQSLATVFSSSGYQGETDLNDAITEAGK.T,/core/www/modules/show_out/show_out_wrapper.php?run_id=110202&search_id=114132&scans_id=110198&peptide_id=32799&scanf=40473&charge=3&value=K.ALQSLATVFSSSGYQGETDLNDAITEAGK.T,SNX9,1.427e+6,2.569,0.017,1.775,0.000
40479,2,"  2.264","  0.525",11/18,/core/www/modules//sdig/index.php?run_id=110202&search_id=114132&scans_id=110198&peptide_id=32805&scanf=40479&charge=2&value=11/18,sp|P27348|1433T_HUMAN,/core/www/modules//consensus/?run_id=110202&search_id=114132&scans_id=110198&peptide_id=32805&scanf=40479&charge=2&value=sp|P27348|1433T_HUMAN,11,/core/www/modules/match_peptides/blast_html4.php?run_id=110202&search_id=114132&scans_id=110198&peptide_id=32805&scanf=40479&charge=2&value=11,K.DSTLIMQLLR.D,/core/www/modules/show_out/show_out_wrapper.php?run_id=110202&search_id=114132&scans_id=110198&peptide_id=32805&scanf=40479&charge=2&value=K.DSTLIMQLLR.D,YWHAQ,1.154e+8,3.372,0.001,2.958,0.000
40481,3,"  3.794","  0.464",16/60,/core/www/modules//sdig/index.php?run_id=110202&search_id=114132&scans_id=110198&peptide_id=32808&scanf=40481&charge=3&value=16/60,sp|P49959|MRE11_HUMAN,/core/www/modules//consensus/?run_id=110202&search_id=114132&scans_id=110198&peptide_id=32808&scanf=40481&charge=3&value=sp|P49959|MRE11_HUMAN,2,/core/www/modules/match_peptides/blast_html4.php?run_id=110202&search_id=114132&scans_id=110198&peptide_id=32808&scanf=40481&charge=3&value=2,K.EDENSWFNLFVIHQNR.S,/core/www/modules/show_out/show_out_wrapper.php?run_id=110202&search_id=114132&scans_id=110198&peptide_id=32808&scanf=40481&charge=3&value=K.EDENSWFNLFVIHQNR.S,MRE11,1.524e+6,3.009,0.004,2.421,0.000
40485,3,"  5.797","  0.668",23/92,/core/www/modules//sdig/index.php?run_id=110202&search_id=114132&scans_id=110198&peptide_id=32812&scanf=40485&charge=3&value=23/92,sp|P53597|SUCA_HUMAN,/core/www/modules//consensus/?run_id=110202&search_id=114132&scans_id=110198&peptide_id=32812&scanf=40485&charge=3&value=sp|P53597|SUCA_HUMAN,0,/core/www/modules/match_peptides/blast_html4.php?run_id=110202&search_id=114132&scans_id=110198&peptide_id=32812&scanf=40485&charge=3&value=0,K.ISALQSAGVVVSMSPAQLGTTIYK.E,/core/www/modules/show_out/show_out_wrapper.php?run_id=110202&search_id=114132&scans_id=110198&peptide_id=32812&scanf=40485&charge=3&value=K.ISALQSAGVVVSMSPAQLGTTIYK.E,SUCLG1,1.418e+6,3.435,0.001,3.052,0.000
40488,2,"  3.800","  0.282",14/26,/core/www/modules//sdig/index.php?run_id=110202&search_id=114132&scans_id=110198&peptide_id=32814&scanf=40488&charge=2&value=14/26,sp|Q6DKI1|RL7L_HUMAN,/core/www/modules//consensus/?run_id=110202&search_id=114132&scans_id=110198&peptide_id=32814&scanf=40488&charge=2&value=sp|Q6DKI1|RL7L_HUMAN,1,/core/www/modules/match_peptides/blast_html4.php?run_id=110202&search_id=114132&scans_id=110198&peptide_id=32814&scanf=40488&charge=2&value=1,R.IVEPYVTWGFPNLK.S,/core/www/modules/show_out/show_out_wrapper.php?run_id=110202&search_id=114132&scans_id=110198&peptide_id=32814&scanf=40488&charge=2&value=R.IVEPYVTWGFPNLK.S,RPL7L1,6.135e+6,2.345,0.035,1.450,0.001
40489,2,"  2.697","  0.360",13/18,/core/www/modules//sdig/index.php?run_id=110202&search_id=114132&scans_id=110198&peptide_id=32815&scanf=40489&charge=2&value=13/18,sp|P62249|RS16_HUMAN,/core/www/modules//consensus/?run_id=110202&search_id=114132&scans_id=110198&peptide_id=32815&scanf=40489&charge=2&value=sp|P62249|RS16_HUMAN,5,/core/www/modules/match_peptides/blast_html4.php?run_id=110202&search_id=114132&scans_id=110198&peptide_id=32815&scanf=40489&charge=2&value=5,K.LLEPVLLLGK.E,/core/www/modules/show_out/show_out_wrapper.php?run_id=110202&search_id=114132&scans_id=110198&peptide_id=32815&scanf=40489&charge=2&value=K.LLEPVLLLGK.E,RPS16,3.647e+8,2.988,0.004,2.390,0.000
40490,4,"  2.912","  0.306",11/210,/core/www/modules//sdig/index.php?run_id=110202&search_id=114132&scans_id=110198&peptide_id=32817&scanf=40490&charge=4&value=11/210,sp|Q15233|NONO_HUMAN,/core/www/modules//consensus/?run_id=110202&search_id=114132&scans_id=110198&peptide_id=32817&scanf=40490&charge=4&value=sp|Q15233|NONO_HUMAN,4,/core/www/modules/match_peptides/blast_html4.php?run_id=110202&search_id=114132&scans_id=110198&peptide_id=32817&scanf=40490&charge=4&value=4,R.GAMPPAPVPAGTPAPPGPATMMPDGTLGLTPPTTER.F,/core/www/modules/show_out/show_out_wrapper.php?run_id=110202&search_id=114132&scans_id=110198&peptide_id=32817&scanf=40490&charge=4&value=R.GAMPPAPVPAGTPAPPGPATMMPDGTLGLTPPTTER.F,NONO,1.951e+6,1.872,0.156,0.807,0.008
40492,3,"  6.466","  0.474",13/100,/core/www/modules//sdig/index.php?run_id=110202&search_id=114132&scans_id=110198&peptide_id=32819&scanf=40492&charge=3&value=13/100,sp|P04350|TBB4A_HUMAN,/core/www/modules//consensus/?run_id=110202&search_id=114132&scans_id=110198&peptide_id=32819&scanf=40492&charge=3&value=sp|P04350|TBB4A_HUMAN,10,/core/www/modules/match_peptides/blast_html4.php?run_id=110202&search_id=114132&scans_id=110198&peptide_id=32819&scanf=40492&charge=3&value=10,R.SGPFGQIFRPDNFVFGQSGAGNNWAK.G,/core/www/modules/show_out/show_out_wrapper.php?run_id=110202&search_id=114132&scans_id=110198&peptide_id=32819&scanf=40492&charge=3&value=R.SGPFGQIFRPDNFVFGQSGAGNNWAK.G,TUBB4A,1.933e+7,2.500,0.021,1.674,0.001
40493,2,"  1.766","  0.436",8/14,/core/www/modules//sdig/index.php?run_id=110202&search_id=114132&scans_id=110198&peptide_id=32820&scanf=40493&charge=2&value=8/14,sp|P62805|H4_HUMAN,/core/www/modules//consensus/?run_id=110202&search_id=114132&scans_id=110198&peptide_id=32820&scanf=40493&charge=2&value=sp|P62805|H4_HUMAN,0,/core/www/modules/match_peptides/blast_html4.php?run_id=110202&search_id=114132&scans_id=110198&peptide_id=32820&scanf=40493&charge=2&value=0,K.VFLENVIR.D,/core/www/modules/show_out/show_out_wrapper.php?run_id=110202&search_id=114132&scans_id=110198&peptide_id=32820&scanf=40493&charge=2&value=K.VFLENVIR.D,H4C16,1.878e+6,3.119,0.003,2.584,0.000
40497,3,"  2.143","  0.243",12/60,/core/www/modules//sdig/index.php?run_id=110202&search_id=114132&scans_id=110198&peptide_id=32824&scanf=40497&charge=3&value=12/60,sp|Q8TDD1|DDX54_HUMAN,/core/www/modules//consensus/?run_id=110202&search_id=114132&scans_id=110198&peptide_id=32824&scanf=40497&charge=3&value=sp|Q8TDD1|DDX54_HUMAN,1,/core/www/modules/match_peptides/blast_html4.php?run_id=110202&search_id=114132&scans_id=110198&peptide_id=32824&scanf=40497&charge=3&value=1,K.EMDLVGLGLHPLFSSR.F,/core/www/modules/show_out/show_out_wrapper.php?run_id=110202&search_id=114132&scans_id=110198&peptide_id=32824&scanf=40497&charge=3&value=K.EMDLVGLGLHPLFSSR.F,DDX54,2.042e+7,2.105,0.077,1.114,0.003
40503,2,"  3.179","  0.469",13/28,/core/www/modules//sdig/index.php?run_id=110202&search_id=114132&scans_id=110198&peptide_id=32831&scanf=40503&charge=2&value=13/28,sp|Q75QN2|INT8_HUMAN,/core/www/modules//consensus/?run_id=110202&search_id=114132&scans_id=110198&peptide_id=32831&scanf=40503&charge=2&value=sp|Q75QN2|INT8_HUMAN,4,/core/www/modules/match_peptides/blast_html4.php?run_id=110202&search_id=114132&scans_id=110198&peptide_id=32831&scanf=40503&charge=2&value=4,K.EQAADSILVLEAALK.L,/core/www/modules/show_out/show_out_wrapper.php?run_id=110202&search_id=114132&scans_id=110198&peptide_id=32831&scanf=40503&charge=2&value=K.EQAADSILVLEAALK.L,INTS8,2.045e+6,2.662,0.012,1.910,0.000
40509,2,"  2.847","  0.495",13/24,/core/www/modules//sdig/index.php?run_id=110202&search_id=114132&scans_id=110198&peptide_id=32836&scanf=40509&charge=2&value=13/24,sp|Q92620|PRP16_HUMAN,/core/www/modules//consensus/?run_id=110202&search_id=114132&scans_id=110198&peptide_id=32836&scanf=40509&charge=2&value=sp|Q92620|PRP16_HUMAN,0,/core/www/modules/match_peptides/blast_html4.php?run_id=110202&search_id=114132&scans_id=110198&peptide_id=32836&scanf=40509&charge=2&value=0,R.LMVEFPLDPALSK.M,/core/www/modules/show_out/show_out_wrapper.php?run_id=110202&search_id=114132&scans_id=110198&peptide_id=32836&scanf=40509&charge=2&value=R.LMVEFPLDPALSK.M,DHX38,5.185e+6,2.978,0.004,2.375,0.000
40511,2,"  1.741","  0.209",9/18,/core/www/modules//sdig/index.php?run_id=110202&search_id=114132&scans_id=110198&peptide_id=32839&scanf=40511&charge=2&value=9/18,sp|Q92620|PRP16_HUMAN,/core/www/modules//consensus/?run_id=110202&search_id=114132&scans_id=110198&peptide_id=32839&scanf=40511&charge=2&value=sp|Q92620|PRP16_HUMAN,1,/core/www/modules/match_peptides/blast_html4.php?run_id=110202&search_id=114132&scans_id=110198&peptide_id=32839&scanf=40511&charge=2&value=1,R.TFPVDILFSK.T,/core/www/modules/show_out/show_out_wrapper.php?run_id=110202&search_id=114132&scans_id=110198&peptide_id=32839&scanf=40511&charge=2&value=R.TFPVDILFSK.T,DHX38,5.978e+6,2.140,0.069,1.162,0.002
40513,3,"  6.279","  0.699",20/88,/core/www/modules//sdig/index.php?run_id=110202&search_id=114132&scans_id=110198&peptide_id=32841&scanf=40513&charge=3&value=20/88,sp|Q00577|PURA_HUMAN,/core/www/modules//consensus/?run_id=110202&search_id=114132&scans_id=110198&peptide_id=32841&scanf=40513&charge=3&value=sp|Q00577|PURA_HUMAN,0,/core/www/modules/match_peptides/blast_html4.php?run_id=110202&search_id=114132&scans_id=110198&peptide_id=32841&scanf=40513&charge=3&value=0,R.GPGLGSTQGQTIALPAQGLIEFR.D,/core/www/modules/show_out/show_out_wrapper.php?run_id=110202&search_id=114132&scans_id=110198&peptide_id=32841&scanf=40513&charge=3&value=R.GPGLGSTQGQTIALPAQGLIEFR.D,PURA,7.679e+6,3.379,0.001,2.970,0.000
40516,3,"  4.081","  0.599",13/84,/core/www/modules//sdig/index.php?run_id=110202&search_id=114132&scans_id=110198&peptide_id=32844&scanf=40516&charge=3&value=13/84,sp|A4D1E9|GTPBA_HUMAN,/core/www/modules//consensus/?run_id=110202&search_id=114132&scans_id=110198&peptide_id=32844&scanf=40516&charge=3&value=sp|A4D1E9|GTPBA_HUMAN,0,/core/www/modules/match_peptides/blast_html4.php?run_id=110202&search_id=114132&scans_id=110198&peptide_id=32844&scanf=40516&charge=3&value=0,R.TVEFQHIIPISAVTGEGIEELK.N,/core/www/modules/show_out/show_out_wrapper.php?run_id=110202&search_id=114132&scans_id=110198&peptide_id=32844&scanf=40516&charge=3&value=R.TVEFQHIIPISAVTGEGIEELK.N,GTPBP10,1.396e+6,2.917,0.005,2.285,0.000
40518,2,"  3.412","  0.491",13/28,/core/www/modules//sdig/index.php?run_id=110202&search_id=114132&scans_id=110198&peptide_id=32846&scanf=40518&charge=2&value=13/28,sp|Q16401|PSMD5_HUMAN,/core/www/modules//consensus/?run_id=110202&search_id=114132&scans_id=110198&peptide_id=32846&scanf=40518&charge=2&value=sp|Q16401|PSMD5_HUMAN,0,/core/www/modules/match_peptides/blast_html4.php?run_id=110202&search_id=114132&scans_id=110198&peptide_id=32846&scanf=40518&charge=2&value=0,K.LMFNSPGFVEYVVDR.S,/core/www/modules/show_out/show_out_wrapper.php?run_id=110202&search_id=114132&scans_id=110198&peptide_id=32846&scanf=40518&charge=2&value=K.LMFNSPGFVEYVVDR.S,PSMD5,1.266e+6,2.886,0.006,2.240,0.000
40521,2,"  3.421","  0.654",14/24,/core/www/modules//sdig/index.php?run_id=110202&search_id=114132&scans_id=110198&peptide_id=32850&scanf=40521&charge=2&value=14/24,sp|Q9Y2L1|RRP44_HUMAN,/core/www/modules//consensus/?run_id=110202&search_id=114132&scans_id=110198&peptide_id=32850&scanf=40521&charge=2&value=sp|Q9Y2L1|RRP44_HUMAN,1,/core/www/modules/match_peptides/blast_html4.php?run_id=110202&search_id=114132&scans_id=110198&peptide_id=32850&scanf=40521&charge=2&value=1,R.NVIVLQTVLQEVR.N,/core/www/modules/show_out/show_out_wrapper.php?run_id=110202&search_id=114132&scans_id=110198&peptide_id=32850&scanf=40521&charge=2&value=R.NVIVLQTVLQEVR.N,DIS3,3.156e+6,3.684,0.000,3.420,0.000
40523,2,"  1.719","  0.258",8/14,/core/www/modules//sdig/index.php?run_id=110202&search_id=114132&scans_id=110198&peptide_id=32852&scanf=40523&charge=2&value=8/14,sp|Q8IZM8|ZN654_HUMAN,/core/www/modules//consensus/?run_id=110202&search_id=114132&scans_id=110198&peptide_id=32852&scanf=40523&charge=2&value=sp|Q8IZM8|ZN654_HUMAN,0,/core/www/modules/match_peptides/blast_html4.php?run_id=110202&search_id=114132&scans_id=110198&peptide_id=32852&scanf=40523&charge=2&value=0,R.FELLPILK.K,/core/www/modules/show_out/show_out_wrapper.php?run_id=110202&search_id=114132&scans_id=110198&peptide_id=32852&scanf=40523&charge=2&value=R.FELLPILK.K,ZNF654,1.174e+6,2.419,0.028,1.557,0.001
40524,3,"  2.378","  0.359",9/64,/core/www/modules//sdig/index.php?run_id=110202&search_id=114132&scans_id=110198&peptide_id=32853&scanf=40524&charge=3&value=9/64,sp|Q15404|RSU1_HUMAN,/core/www/modules//consensus/?run_id=110202&search_id=114132&scans_id=110198&peptide_id=32853&scanf=40524&charge=3&value=sp|Q15404|RSU1_HUMAN,0,/core/www/modules/match_peptides/blast_html4.php?run_id=110202&search_id=114132&scans_id=110198&peptide_id=32853&scanf=40524&charge=3&value=0,R.LTVLPPELGNLDLTGQK.Q,/core/www/modules/show_out/show_out_wrapper.php?run_id=110202&search_id=114132&scans_id=110198&peptide_id=32853&scanf=40524&charge=3&value=R.LTVLPPELGNLDLTGQK.Q,RSU1,1.618e+6,2.313,0.039,1.405,0.001
40527,2,"  4.028","  0.583",16/28,/core/www/modules//sdig/index.php?run_id=110202&search_id=114132&scans_id=110198&peptide_id=32856&scanf=40527&charge=2&value=16/28,sp|Q9BU64|CENPO_HUMAN,/core/www/modules//consensus/?run_id=110202&search_id=114132&scans_id=110198&peptide_id=32856&scanf=40527&charge=2&value=sp|Q9BU64|CENPO_HUMAN,0,/core/www/modules/match_peptides/blast_html4.php?run_id=110202&search_id=114132&scans_id=110198&peptide_id=32856&scanf=40527&charge=2&value=0,R.LQSDFAALLTGPLQR.N,/core/www/modules/show_out/show_out_wrapper.php?run_id=110202&search_id=114132&scans_id=110198&peptide_id=32856&scanf=40527&charge=2&value=R.LQSDFAALLTGPLQR.N,CENPO,1.095e+6,3.390,0.001,2.985,0.000
40530,3,"  8.504","  0.764",31/96,/core/www/modules//sdig/index.php?run_id=110202&search_id=114132&scans_id=110198&peptide_id=32859&scanf=40530&charge=3&value=31/96,sp|O43707|ACTN4_HUMAN,/core/www/modules//consensus/?run_id=110202&search_id=114132&scans_id=110198&peptide_id=32859&scanf=40530&charge=3&value=sp|O43707|ACTN4_HUMAN,3,/core/www/modules/match_peptides/blast_html4.php?run_id=110202&search_id=114132&scans_id=110198&peptide_id=32859&scanf=40530&charge=3&value=3,R.VEQIAAIAQELNELDYYDSHNVNTR.C,/core/www/modules/show_out/show_out_wrapper.php?run_id=110202&search_id=114132&scans_id=110198&peptide_id=32859&scanf=40530&charge=3&value=R.VEQIAAIAQELNELDYYDSHNVNTR.C,ACTN4,2.931e+7,4.339,0.000,4.392,0.000
40531,3,"  5.942","  0.741",25/72,/core/www/modules//sdig/index.php?run_id=110202&search_id=114132&scans_id=110198&peptide_id=32860&scanf=40531&charge=3&value=25/72,sp|P58107|EPIPL_HUMAN,/core/www/modules//consensus/?run_id=110202&search_id=114132&scans_id=110198&peptide_id=32860&scanf=40531&charge=3&value=sp|P58107|EPIPL_HUMAN,8,/core/www/modules/match_peptides/blast_html4.php?run_id=110202&search_id=114132&scans_id=110198&peptide_id=32860&scanf=40531&charge=3&value=8,K.GFFDPNTHENLTYLQLLER.C,/core/www/modules/show_out/show_out_wrapper.php?run_id=110202&search_id=114132&scans_id=110198&peptide_id=32860&scanf=40531&charge=3&value=K.GFFDPNTHENLTYLQLLER.C,EPPK1,2.521e+7,3.977,0.000,3.855,0.000
40532,2,"  2.851","  0.517",12/20,/core/www/modules//sdig/index.php?run_id=110202&search_id=114132&scans_id=110198&peptide_id=32861&scanf=40532&charge=2&value=12/20,sp|Q9BVP2|GNL3_HUMAN,/core/www/modules//consensus/?run_id=110202&search_id=114132&scans_id=110198&peptide_id=32861&scanf=40532&charge=2&value=sp|Q9BVP2|GNL3_HUMAN,0,/core/www/modules/match_peptides/blast_html4.php?run_id=110202&search_id=114132&scans_id=110198&peptide_id=32861&scanf=40532&charge=2&value=0,K.ENLESWLNYLK.K,/core/www/modules/show_out/show_out_wrapper.php?run_id=110202&search_id=114132&scans_id=110198&peptide_id=32861&scanf=40532&charge=2&value=K.ENLESWLNYLK.K,GNL3,1.820e+7,3.297,0.001,2.848,0.000
40536,3,"  5.168","  0.669",20/76,/core/www/modules//sdig/index.php?run_id=110202&search_id=114132&scans_id=110198&peptide_id=32865&scanf=40536&charge=3&value=20/76,sp|Q15643|TRIPB_HUMAN,/core/www/modules//consensus/?run_id=110202&search_id=114132&scans_id=110198&peptide_id=32865&scanf=40536&charge=3&value=sp|Q15643|TRIPB_HUMAN,1,/core/www/modules/match_peptides/blast_html4.php?run_id=110202&search_id=114132&scans_id=110198&peptide_id=32865&scanf=40536&charge=3&value=1,K.SEVLSESSELLQQELEELRK.S,/core/www/modules/show_out/show_out_wrapper.php?run_id=110202&search_id=114132&scans_id=110198&peptide_id=32865&scanf=40536&charge=3&value=K.SEVLSESSELLQQELEELRK.S,TRIP11,1.132e+6,3.143,0.002,2.620,0.000
40544,2,"  4.621","  0.607",18/30,/core/www/modules//sdig/index.php?run_id=110202&search_id=114132&scans_id=110198&peptide_id=32874&scanf=40544&charge=2&value=18/30,sp|Q9Y230|RUVB2_HUMAN,/core/www/modules//consensus/?run_id=110202&search_id=114132&scans_id=110198&peptide_id=32874&scanf=40544&charge=2&value=sp|Q9Y230|RUVB2_HUMAN,1,/core/www/modules/match_peptides/blast_html4.php?run_id=110202&search_id=114132&scans_id=110198&peptide_id=32874&scanf=40544&charge=2&value=1,R.TQGFLALFSGDTGEIK.S,/core/www/modules/show_out/show_out_wrapper.php?run_id=110202&search_id=114132&scans_id=110198&peptide_id=32874&scanf=40544&charge=2&value=R.TQGFLALFSGDTGEIK.S,RUVBL2,8.640e+6,3.571,0.001,3.253,0.000
40547,3,"  3.588","  0.551",15/64,/core/www/modules//sdig/index.php?run_id=110202&search_id=114132&scans_id=110198&peptide_id=32877&scanf=40547&charge=3&value=15/64,sp|Q01780|EXOSX_HUMAN,/core/www/modules//consensus/?run_id=110202&search_id=114132&scans_id=110198&peptide_id=32877&scanf=40547&charge=3&value=sp|Q01780|EXOSX_HUMAN,0,/core/www/modules/match_peptides/blast_html4.php?run_id=110202&search_id=114132&scans_id=110198&peptide_id=32877&scanf=40547&charge=3&value=0,K.DFGLYVVNMFDTHQAAR.L,/core/www/modules/show_out/show_out_wrapper.php?run_id=110202&search_id=114132&scans_id=110198&peptide_id=32877&scanf=40547&charge=3&value=K.DFGLYVVNMFDTHQAAR.L,EXOSC10,1.409e+6,3.148,0.002,2.627,0.000
40553,3,"  3.689","  0.232",17/64,/core/www/modules//sdig/index.php?run_id=110202&search_id=114132&scans_id=110198&peptide_id=32883&scanf=40553&charge=3&value=17/64,sp|Q15393|SF3B3_HUMAN,/core/www/modules//consensus/?run_id=110202&search_id=114132&scans_id=110198&peptide_id=32883&scanf=40553&charge=3&value=sp|Q15393|SF3B3_HUMAN,0,/core/www/modules/match_peptides/blast_html4.php?run_id=110202&search_id=114132&scans_id=110198&peptide_id=32883&scanf=40553&charge=3&value=0,K.LGAVFNQVAFPLQYTPR.K,/core/www/modules/show_out/show_out_wrapper.php?run_id=110202&search_id=114132&scans_id=110198&peptide_id=32883&scanf=40553&charge=3&value=K.LGAVFNQVAFPLQYTPR.K,SF3B3,8.013e+6,2.195,0.058,1.238,0.002
40573,3,"  2.705","  0.502",14/48,/core/www/modules//sdig/index.php?run_id=110202&search_id=114132&scans_id=110198&peptide_id=32903&scanf=40573&charge=3&value=14/48,sp|O43390|HNRPR_HUMAN,/core/www/modules//consensus/?run_id=110202&search_id=114132&scans_id=110198&peptide_id=32903&scanf=40573&charge=3&value=sp|O43390|HNRPR_HUMAN,4,/core/www/modules/match_peptides/blast_html4.php?run_id=110202&search_id=114132&scans_id=110198&peptide_id=32903&scanf=40573&charge=3&value=4,R.DLYEDELVPLFEK.A,/core/www/modules/show_out/show_out_wrapper.php?run_id=110202&search_id=114132&scans_id=110198&peptide_id=32903&scanf=40573&charge=3&value=R.DLYEDELVPLFEK.A,HNRNPR,4.977e+6,3.244,0.002,2.769,0.000
40574,3,"  5.444","  0.678",21/68,/core/www/modules//sdig/index.php?run_id=110202&search_id=114132&scans_id=110198&peptide_id=32904&scanf=40574&charge=3&value=21/68,sp|P06576|ATPB_HUMAN,/core/www/modules//consensus/?run_id=110202&search_id=114132&scans_id=110198&peptide_id=32904&scanf=40574&charge=3&value=sp|P06576|ATPB_HUMAN,0,/core/www/modules/match_peptides/blast_html4.php?run_id=110202&search_id=114132&scans_id=110198&peptide_id=32904&scanf=40574&charge=3&value=0,R.FLSQPFQVAEVFTGHMGK.L,/core/www/modules/show_out/show_out_wrapper.php?run_id=110202&search_id=114132&scans_id=110198&peptide_id=32904&scanf=40574&charge=3&value=R.FLSQPFQVAEVFTGHMGK.L,ATP5F1B,2.304e+7,3.801,0.000,3.595,0.000
40575,3,"  5.375","  0.598",18/64,/core/www/modules//sdig/index.php?run_id=110202&search_id=114132&scans_id=110198&peptide_id=32905&scanf=40575&charge=3&value=18/64,sp|Q99459|CDC5L_HUMAN,/core/www/modules//consensus/?run_id=110202&search_id=114132&scans_id=110198&peptide_id=32905&scanf=40575&charge=3&value=sp|Q99459|CDC5L_HUMAN,0,/core/www/modules/match_peptides/blast_html4.php?run_id=110202&search_id=114132&scans_id=110198&peptide_id=32905&scanf=40575&charge=3&value=0,K.QLNDLWDQIEQAHLELR.T,/core/www/modules/show_out/show_out_wrapper.php?run_id=110202&search_id=114132&scans_id=110198&peptide_id=32905&scanf=40575&charge=3&value=K.QLNDLWDQIEQAHLELR.T,CDC5L,4.678e+6,3.408,0.001,3.012,0.000
40578,3,"  2.553","  0.384",9/64,/core/www/modules//sdig/index.php?run_id=110202&search_id=114132&scans_id=110198&peptide_id=32908&scanf=40578&charge=3&value=9/64,sp|Q15024|EXOS7_HUMAN,/core/www/modules//consensus/?run_id=110202&search_id=114132&scans_id=110198&peptide_id=32908&scanf=40578&charge=3&value=sp|Q15024|EXOS7_HUMAN,0,/core/www/modules/match_peptides/blast_html4.php?run_id=110202&search_id=114132&scans_id=110198&peptide_id=32908&scanf=40578&charge=3&value=0,K.GSLDPESIFEMMETGKR.V,/core/www/modules/show_out/show_out_wrapper.php?run_id=110202&search_id=114132&scans_id=110198&peptide_id=32908&scanf=40578&charge=3&value=K.GSLDPESIFEMMETGKR.V,EXOSC7,1.905e+6,2.060,0.089,1.053,0.004
40580,3,"  4.632","  0.644",24/96,/core/www/modules//sdig/index.php?run_id=110202&search_id=114132&scans_id=110198&peptide_id=32911&scanf=40580&charge=3&value=24/96,sp|Q9NTJ3|SMC4_HUMAN,/core/www/modules//consensus/?run_id=110202&search_id=114132&scans_id=110198&peptide_id=32911&scanf=40580&charge=3&value=sp|Q9NTJ3|SMC4_HUMAN,4,/core/www/modules/match_peptides/blast_html4.php?run_id=110202&search_id=114132&scans_id=110198&peptide_id=32911&scanf=40580&charge=3&value=4,R.SLEEILNSIPPPPPPAMTNEAGAPR.L,/core/www/modules/show_out/show_out_wrapper.php?run_id=110202&search_id=114132&scans_id=110198&peptide_id=32911&scanf=40580&charge=3&value=R.SLEEILNSIPPPPPPAMTNEAGAPR.L,SMC4,1.402e+6,3.266,0.002,2.802,0.000
40581,3,"  7.148","  0.768",27/100,/core/www/modules//sdig/index.php?run_id=110202&search_id=114132&scans_id=110198&peptide_id=32912&scanf=40581&charge=3&value=27/100,sp|Q86XP3|DDX42_HUMAN,/core/www/modules//consensus/?run_id=110202&search_id=114132&scans_id=110198&peptide_id=32912&scanf=40581&charge=3&value=sp|Q86XP3|DDX42_HUMAN,0,/core/www/modules/match_peptides/blast_html4.php?run_id=110202&search_id=114132&scans_id=110198&peptide_id=32912&scanf=40581&charge=3&value=0,R.VVQGDIGEANEDVTQIVEILHSGPSK.W,/core/www/modules/show_out/show_out_wrapper.php?run_id=110202&search_id=114132&scans_id=110198&peptide_id=32912&scanf=40581&charge=3&value=R.VVQGDIGEANEDVTQIVEILHSGPSK.W,DDX42,6.112e+6,3.811,0.000,3.609,0.000
40584,3,"  2.689","  0.328",10/76,/core/www/modules//sdig/index.php?run_id=110202&search_id=114132&scans_id=110198&peptide_id=32915&scanf=40584&charge=3&value=10/76,sp|Q6P2E9|EDC4_HUMAN,/core/www/modules//consensus/?run_id=110202&search_id=114132&scans_id=110198&peptide_id=32915&scanf=40584&charge=3&value=sp|Q6P2E9|EDC4_HUMAN,0,/core/www/modules/match_peptides/blast_html4.php?run_id=110202&search_id=114132&scans_id=110198&peptide_id=32915&scanf=40584&charge=3&value=0,R.IVELPAPADFLSLSSETKPK.L,/core/www/modules/show_out/show_out_wrapper.php?run_id=110202&search_id=114132&scans_id=110198&peptide_id=32915&scanf=40584&charge=3&value=R.IVELPAPADFLSLSSETKPK.L,EDC4,1.328e+6,1.980,0.113,0.946,0.005
40585,2,"  1.314","  0.272",8/14,/core/www/modules//sdig/index.php?run_id=110202&search_id=114132&scans_id=110198&peptide_id=32916&scanf=40585&charge=2&value=8/14,sp|Q00535|CDK5_HUMAN,/core/www/modules//consensus/?run_id=110202&search_id=114132&scans_id=110198&peptide_id=32916&scanf=40585&charge=2&value=sp|Q00535|CDK5_HUMAN,0,/core/www/modules/match_peptides/blast_html4.php?run_id=110202&search_id=114132&scans_id=110198&peptide_id=32916&scanf=40585&charge=2&value=0,K.SFLFQLLK.G,/core/www/modules/show_out/show_out_wrapper.php?run_id=110202&search_id=114132&scans_id=110198&peptide_id=32916&scanf=40585&charge=2&value=K.SFLFQLLK.G,CDK5,1.218e+6,2.428,0.027,1.570,0.001
40587,2,"  4.602","  0.694",18/34,/core/www/modules//sdig/index.php?run_id=110202&search_id=114132&scans_id=110198&peptide_id=32918&scanf=40587&charge=2&value=18/34,sp|Q9NXF1|TEX10_HUMAN,/core/www/modules//consensus/?run_id=110202&search_id=114132&scans_id=110198&peptide_id=32918&scanf=40587&charge=2&value=sp|Q9NXF1|TEX10_HUMAN,0,/core/www/modules/match_peptides/blast_html4.php?run_id=110202&search_id=114132&scans_id=110198&peptide_id=32918&scanf=40587&charge=2&value=0,R.NPELSTQLIDIIHTAAAR.A,/core/www/modules/show_out/show_out_wrapper.php?run_id=110202&search_id=114132&scans_id=110198&peptide_id=32918&scanf=40587&charge=2&value=R.NPELSTQLIDIIHTAAAR.A,TEX10,8.488e+5,3.726,0.000,3.483,0.000
40590,2,"  4.092","  0.561",14/30,/core/www/modules//sdig/index.php?run_id=110202&search_id=114132&scans_id=110198&peptide_id=32922&scanf=40590&charge=2&value=14/30,sp|P09651|ROA1_HUMAN,/core/www/modules//consensus/?run_id=110202&search_id=114132&scans_id=110198&peptide_id=32922&scanf=40590&charge=2&value=sp|P09651|ROA1_HUMAN,9,/core/www/modules/match_peptides/blast_html4.php?run_id=110202&search_id=114132&scans_id=110198&peptide_id=32922&scanf=40590&charge=2&value=9,K.LFIGGLSFETTDESLR.S,/core/www/modules/show_out/show_out_wrapper.php?run_id=110202&search_id=114132&scans_id=110198&peptide_id=32922&scanf=40590&charge=2&value=K.LFIGGLSFETTDESLR.S,HNRNPA1,1.674e+6,3.164,0.002,2.650,0.000
40594,3,"  4.573","  0.599",23/92,/core/www/modules//sdig/index.php?run_id=110202&search_id=114132&scans_id=110198&peptide_id=32925&scanf=40594&charge=3&value=23/92,sp|O15294|OGT1_HUMAN,/core/www/modules//consensus/?run_id=110202&search_id=114132&scans_id=110198&peptide_id=32925&scanf=40594&charge=3&value=sp|O15294|OGT1_HUMAN,4,/core/www/modules/match_peptides/blast_html4.php?run_id=110202&search_id=114132&scans_id=110198&peptide_id=32925&scanf=40594&charge=3&value=4,K.ALEVFPEFAAAHSNLASVLQQQGK.L,/core/www/modules/show_out/show_out_wrapper.php?run_id=110202&search_id=114132&scans_id=110198&peptide_id=32925&scanf=40594&charge=3&value=K.ALEVFPEFAAAHSNLASVLQQQGK.L,OGT,1.382e+6,3.132,0.002,2.603,0.000
40596,3,"  4.106","  0.255",16/56,/core/www/modules//sdig/index.php?run_id=110202&search_id=114132&scans_id=110198&peptide_id=32927&scanf=40596&charge=3&value=16/56,sp|Q9NZN4|EHD2_HUMAN,/core/www/modules//consensus/?run_id=110202&search_id=114132&scans_id=110198&peptide_id=32927&scanf=40596&charge=3&value=sp|Q9NZN4|EHD2_HUMAN,0,/core/www/modules/match_peptides/blast_html4.php?run_id=110202&search_id=114132&scans_id=110198&peptide_id=32927&scanf=40596&charge=3&value=0,K.LLEALDEMLTHDIAK.L,/core/www/modules/show_out/show_out_wrapper.php?run_id=110202&search_id=114132&scans_id=110198&peptide_id=32927&scanf=40596&charge=3&value=K.LLEALDEMLTHDIAK.L,EHD2,8.194e+6,2.109,0.076,1.120,0.002
40599,3,"  2.882","  0.203",12/76,/core/www/modules//sdig/index.php?run_id=110202&search_id=114132&scans_id=110198&peptide_id=32930&scanf=40599&charge=3&value=12/76,sp|P17844|DDX5_HUMAN,/core/www/modules//consensus/?run_id=110202&search_id=114132&scans_id=110198&peptide_id=32930&scanf=40599&charge=3&value=sp|P17844|DDX5_HUMAN,7,/core/www/modules/match_peptides/blast_html4.php?run_id=110202&search_id=114132&scans_id=110198&peptide_id=32930&scanf=40599&charge=3&value=7,K.TLSYLLPAIVHINHQPFLER.G,/core/www/modules/show_out/show_out_wrapper.php?run_id=110202&search_id=114132&scans_id=110198&peptide_id=32930&scanf=40599&charge=3&value=K.TLSYLLPAIVHINHQPFLER.G,DDX5,3.113e+6,1.842,0.170,0.770,0.009
40601,3,"  2.712","  0.493",11/64,/core/www/modules//sdig/index.php?run_id=110202&search_id=114132&scans_id=110198&peptide_id=32933&scanf=40601&charge=3&value=11/64,sp|Q9NR28|DBLOH_HUMAN,/core/www/modules//consensus/?run_id=110202&search_id=114132&scans_id=110198&peptide_id=32933&scanf=40601&charge=3&value=sp|Q9NR28|DBLOH_HUMAN,4,/core/www/modules/match_peptides/blast_html4.php?run_id=110202&search_id=114132&scans_id=110198&peptide_id=32933&scanf=40601&charge=3&value=4,K.MNSEEEDEVWQVIIGAR.A,/core/www/modules/show_out/show_out_wrapper.php?run_id=110202&search_id=114132&scans_id=110198&peptide_id=32933&scanf=40601&charge=3&value=K.MNSEEEDEVWQVIIGAR.A,DIABLO,1.136e+6,2.764,0.009,2.061,0.000
40604,3,"  2.134","  0.342",7/72,/core/www/modules//sdig/index.php?run_id=110202&search_id=114132&scans_id=110198&peptide_id=32936&scanf=40604&charge=3&value=7/72,sp|Q8WUM0|NU133_HUMAN,/core/www/modules//consensus/?run_id=110202&search_id=114132&scans_id=110198&peptide_id=32936&scanf=40604&charge=3&value=sp|Q8WUM0|NU133_HUMAN,0,/core/www/modules/match_peptides/blast_html4.php?run_id=110202&search_id=114132&scans_id=110198&peptide_id=32936&scanf=40604&charge=3&value=0,K.GLPLGSAVSSPVLFSPVGR.R,/core/www/modules/show_out/show_out_wrapper.php?run_id=110202&search_id=114132&scans_id=110198&peptide_id=32936&scanf=40604&charge=3&value=K.GLPLGSAVSSPVLFSPVGR.R,NUP133,1.138e+6,1.992,0.109,0.962,0.005
40609,3,"  2.893","  0.443",13/80,/core/www/modules//sdig/index.php?run_id=110202&search_id=114132&scans_id=110198&peptide_id=32941&scanf=40609&charge=3&value=13/80,sp|Q8TAQ2|SMRC2_HUMAN,/core/www/modules//consensus/?run_id=110202&search_id=114132&scans_id=110198&peptide_id=32941&scanf=40609&charge=3&value=sp|Q8TAQ2|SMRC2_HUMAN,1,/core/www/modules/match_peptides/blast_html4.php?run_id=110202&search_id=114132&scans_id=110198&peptide_id=32941&scanf=40609&charge=3&value=1,R.DIGEGNLSTAAAAALAAAAVK.A,/core/www/modules/show_out/show_out_wrapper.php?run_id=110202&search_id=114132&scans_id=110198&peptide_id=32941&scanf=40609&charge=3&value=R.DIGEGNLSTAAAAALAAAAVK.A,SMARCC2,9.157e+5,2.718,0.010,1.993,0.000
40610,3,"  3.423","  0.313",16/68,/core/www/modules//sdig/index.php?run_id=110202&search_id=114132&scans_id=110198&peptide_id=32943&scanf=40610&charge=3&value=16/68,sp|Q9P2E9|RRBP1_HUMAN,/core/www/modules//consensus/?run_id=110202&search_id=114132&scans_id=110198&peptide_id=32943&scanf=40610&charge=3&value=sp|Q9P2E9|RRBP1_HUMAN,1,/core/www/modules/match_peptides/blast_html4.php?run_id=110202&search_id=114132&scans_id=110198&peptide_id=32943&scanf=40610&charge=3&value=1,K.VEPAVSSVVNSIQVLTSK.A,/core/www/modules/show_out/show_out_wrapper.php?run_id=110202&search_id=114132&scans_id=110198&peptide_id=32943&scanf=40610&charge=3&value=K.VEPAVSSVVNSIQVLTSK.A,RRBP1,4.975e+6,2.266,0.046,1.338,0.002
40612,2,"  4.941","  0.701",19/34,/core/www/modules//sdig/index.php?run_id=110202&search_id=114132&scans_id=110198&peptide_id=32945&scanf=40612&charge=2&value=19/34,sp|Q6YN16|HSDL2_HUMAN,/core/www/modules//consensus/?run_id=110202&search_id=114132&scans_id=110198&peptide_id=32945&scanf=40612&charge=2&value=sp|Q6YN16|HSDL2_HUMAN,0,/core/www/modules/match_peptides/blast_html4.php?run_id=110202&search_id=114132&scans_id=110198&peptide_id=32945&scanf=40612&charge=2&value=0,K.LLGTIYTAAEEIEAVGGK.A,/core/www/modules/show_out/show_out_wrapper.php?run_id=110202&search_id=114132&scans_id=110198&peptide_id=32945&scanf=40612&charge=2&value=K.LLGTIYTAAEEIEAVGGK.A,HSDL2,2.039e+6,3.698,0.000,3.442,0.000
40614,3,"  4.225","  0.709",21/56,/core/www/modules//sdig/index.php?run_id=110202&search_id=114132&scans_id=110198&peptide_id=32946&scanf=40614&charge=3&value=21/56,sp|P0C5Y9|H2AB1_HUMAN,/core/www/modules//consensus/?run_id=110202&search_id=114132&scans_id=110198&peptide_id=32946&scanf=40614&charge=3&value=sp|P0C5Y9|H2AB1_HUMAN,1,/core/www/modules/match_peptides/blast_html4.php?run_id=110202&search_id=114132&scans_id=110198&peptide_id=32946&scanf=40614&charge=3&value=1,R.NITPLLLDMVVHNDR.L,/core/www/modules/show_out/show_out_wrapper.php?run_id=110202&search_id=114132&scans_id=110198&peptide_id=32946&scanf=40614&charge=3&value=R.NITPLLLDMVVHNDR.L,H2AB1,6.640e+7,3.976,0.000,3.855,0.000
40615,3,"  4.666","  0.524",15/80,/core/www/modules//sdig/index.php?run_id=110202&search_id=114132&scans_id=110198&peptide_id=32947&scanf=40615&charge=3&value=15/80,sp|Q03135|CAV1_HUMAN,/core/www/modules//consensus/?run_id=110202&search_id=114132&scans_id=110198&peptide_id=32947&scanf=40615&charge=3&value=sp|Q03135|CAV1_HUMAN,2,/core/www/modules/match_peptides/blast_html4.php?run_id=110202&search_id=114132&scans_id=110198&peptide_id=32947&scanf=40615&charge=3&value=2,K.IDFEDVIAEPEGTHSFDGIWK.A,/core/www/modules/show_out/show_out_wrapper.php?run_id=110202&search_id=114132&scans_id=110198&peptide_id=32947&scanf=40615&charge=3&value=K.IDFEDVIAEPEGTHSFDGIWK.A,CAV1,5.175e+6,2.817,0.007,2.138,0.000
40617,2,"  2.433","  0.482",12/22,/core/www/modules//sdig/index.php?run_id=110202&search_id=114132&scans_id=110198&peptide_id=32949&scanf=40617&charge=2&value=12/22,sp|P42345|MTOR_HUMAN,/core/www/modules//consensus/?run_id=110202&search_id=114132&scans_id=110198&peptide_id=32949&scanf=40617&charge=2&value=sp|P42345|MTOR_HUMAN,4,/core/www/modules/match_peptides/blast_html4.php?run_id=110202&search_id=114132&scans_id=110198&peptide_id=32949&scanf=40617&charge=2&value=4,R.VLGLLGALDPYK.H,/core/www/modules/show_out/show_out_wrapper.php?run_id=110202&search_id=114132&scans_id=110198&peptide_id=32949&scanf=40617&charge=2&value=R.VLGLLGALDPYK.H,MTOR,1.918e+6,3.013,0.004,2.427,0.000
40622,3,"  2.565","  0.469",8/72,/core/www/modules//sdig/index.php?run_id=110202&search_id=114132&scans_id=110198&peptide_id=32955&scanf=40622&charge=3&value=8/72,sp|Q8WVM8|SCFD1_HUMAN,/core/www/modules//consensus/?run_id=110202&search_id=114132&scans_id=110198&peptide_id=32955&scanf=40622&charge=3&value=sp|Q8WVM8|SCFD1_HUMAN,19,/core/www/modules/match_peptides/blast_html4.php?run_id=110202&search_id=114132&scans_id=110198&peptide_id=32955&scanf=40622&charge=3&value=19,K.GSPFPEVAESVQQELESYR.A,/core/www/modules/show_out/show_out_wrapper.php?run_id=110202&search_id=114132&scans_id=110198&peptide_id=32955&scanf=40622&charge=3&value=K.GSPFPEVAESVQQELESYR.A,SCFD1,2.091e+6,2.548,0.018,1.744,0.000
40629,3,"  1.609","  0.208",7/56,/core/www/modules//sdig/index.php?run_id=110202&search_id=114132&scans_id=110198&peptide_id=32962&scanf=40629&charge=3&value=7/56,sp|P07900|HS90A_HUMAN,/core/www/modules//consensus/?run_id=110202&search_id=114132&scans_id=110198&peptide_id=32962&scanf=40629&charge=3&value=sp|P07900|HS90A_HUMAN,2,/core/www/modules/match_peptides/blast_html4.php?run_id=110202&search_id=114132&scans_id=110198&peptide_id=32962&scanf=40629&charge=3&value=2,K.HSQFIGYPITLFVEK.E,/core/www/modules/show_out/show_out_wrapper.php?run_id=110202&search_id=114132&scans_id=110198&peptide_id=32962&scanf=40629&charge=3&value=K.HSQFIGYPITLFVEK.E,HSP90AA1,7.504e+7,1.922,0.135,0.870,0.007
40632,3,"  3.674","  0.554",15/60,/core/www/modules//sdig/index.php?run_id=110202&search_id=114132&scans_id=110198&peptide_id=32966&scanf=40632&charge=3&value=15/60,sp|Q7Z7F7|RM55_HUMAN,/core/www/modules//consensus/?run_id=110202&search_id=114132&scans_id=110198&peptide_id=32966&scanf=40632&charge=3&value=sp|Q7Z7F7|RM55_HUMAN,1,/core/www/modules/match_peptides/blast_html4.php?run_id=110202&search_id=114132&scans_id=110198&peptide_id=32966&scanf=40632&charge=3&value=1,R.MLAMPIDLDTLSPEER.R,/core/www/modules/show_out/show_out_wrapper.php?run_id=110202&search_id=114132&scans_id=110198&peptide_id=32966&scanf=40632&charge=3&value=R.MLAMPIDLDTLSPEER.R,MRPL55,9.787e+5,3.176,0.002,2.669,0.000
40635,3,"  3.083","  0.483",16/80,/core/www/modules//sdig/index.php?run_id=110202&search_id=114132&scans_id=110198&peptide_id=32968&scanf=40635&charge=3&value=16/80,sp|Q9GZS1|RPA49_HUMAN,/core/www/modules//consensus/?run_id=110202&search_id=114132&scans_id=110198&peptide_id=32968&scanf=40635&charge=3&value=sp|Q9GZS1|RPA49_HUMAN,0,/core/www/modules/match_peptides/blast_html4.php?run_id=110202&search_id=114132&scans_id=110198&peptide_id=32968&scanf=40635&charge=3&value=0,K.FEDLLSPAEYEALQSPSEAFR.N,/core/www/modules/show_out/show_out_wrapper.php?run_id=110202&search_id=114132&scans_id=110198&peptide_id=32968&scanf=40635&charge=3&value=K.FEDLLSPAEYEALQSPSEAFR.N,POLR1E,7.410e+6,2.750,0.009,2.039,0.000
40636,3,"  4.225","  0.662",18/60,/core/www/modules//sdig/index.php?run_id=110202&search_id=114132&scans_id=110198&peptide_id=32969&scanf=40636&charge=3&value=18/60,sp|Q14204|DYHC1_HUMAN,/core/www/modules//consensus/?run_id=110202&search_id=114132&scans_id=110198&peptide_id=32969&scanf=40636&charge=3&value=sp|Q14204|DYHC1_HUMAN,14,/core/www/modules/match_peptides/blast_html4.php?run_id=110202&search_id=114132&scans_id=110198&peptide_id=32969&scanf=40636&charge=3&value=14,R.ILDDDTIITTLENLKR.E,/core/www/modules/show_out/show_out_wrapper.php?run_id=110202&search_id=114132&scans_id=110198&peptide_id=32969&scanf=40636&charge=3&value=R.ILDDDTIITTLENLKR.E,DYNC1H1,3.814e+6,3.659,0.000,3.384,0.000
40640,2,"  2.631","  0.391",11/24,/core/www/modules//sdig/index.php?run_id=110202&search_id=114132&scans_id=110198&peptide_id=32974&scanf=40640&charge=2&value=11/24,sp|Q9NZM1|MYOF_HUMAN,/core/www/modules//consensus/?run_id=110202&search_id=114132&scans_id=110198&peptide_id=32974&scanf=40640&charge=2&value=sp|Q9NZM1|MYOF_HUMAN,1,/core/www/modules/match_peptides/blast_html4.php?run_id=110202&search_id=114132&scans_id=110198&peptide_id=32974&scanf=40640&charge=2&value=1,R.LDAVNTLLAMAER.L,/core/www/modules/show_out/show_out_wrapper.php?run_id=110202&search_id=114132&scans_id=110198&peptide_id=32974&scanf=40640&charge=2&value=R.LDAVNTLLAMAER.L,MYOF,2.350e+6,2.618,0.014,1.847,0.000
40641,2,"  4.245","  0.574",17/26,/core/www/modules//sdig/index.php?run_id=110202&search_id=114132&scans_id=110198&peptide_id=32975&scanf=40641&charge=2&value=17/26,sp|Q68CP9|ARID2_HUMAN,/core/www/modules//consensus/?run_id=110202&search_id=114132&scans_id=110198&peptide_id=32975&scanf=40641&charge=2&value=sp|Q68CP9|ARID2_HUMAN,1,/core/www/modules/match_peptides/blast_html4.php?run_id=110202&search_id=114132&scans_id=110198&peptide_id=32975&scanf=40641&charge=2&value=1,K.NQWGEIVEEFNFPR.S,/core/www/modules/show_out/show_out_wrapper.php?run_id=110202&search_id=114132&scans_id=110198&peptide_id=32975&scanf=40641&charge=2&value=K.NQWGEIVEEFNFPR.S,ARID2,3.150e+6,3.598,0.001,3.293,0.000
40642,3,"  3.075","  0.455",16/68,/core/www/modules//sdig/index.php?run_id=110202&search_id=114132&scans_id=110198&peptide_id=32976&scanf=40642&charge=3&value=16/68,sp|P12956|XRCC6_HUMAN,/core/www/modules//consensus/?run_id=110202&search_id=114132&scans_id=110198&peptide_id=32976&scanf=40642&charge=3&value=sp|P12956|XRCC6_HUMAN,1,/core/www/modules/match_peptides/blast_html4.php?run_id=110202&search_id=114132&scans_id=110198&peptide_id=32976&scanf=40642&charge=3&value=1,K.IISSDRDLLAVVFYGTEK.D,/core/www/modules/show_out/show_out_wrapper.php?run_id=110202&search_id=114132&scans_id=110198&peptide_id=32976&scanf=40642&charge=3&value=K.IISSDRDLLAVVFYGTEK.D,XRCC6,1.427e+7,2.359,0.034,1.471,0.001
40643,2,"  4.232","  0.519",18/30,/core/www/modules//sdig/index.php?run_id=110202&search_id=114132&scans_id=110198&peptide_id=32977&scanf=40643&charge=2&value=18/30,sp|Q8TDD1|DDX54_HUMAN,/core/www/modules//consensus/?run_id=110202&search_id=114132&scans_id=110198&peptide_id=32977&scanf=40643&charge=2&value=sp|Q8TDD1|DDX54_HUMAN,1,/core/www/modules/match_peptides/blast_html4.php?run_id=110202&search_id=114132&scans_id=110198&peptide_id=32977&scanf=40643&charge=2&value=1,K.EMDLVGLGLHPLFSSR.F,/core/www/modules/show_out/show_out_wrapper.php?run_id=110202&search_id=114132&scans_id=110198&peptide_id=32977&scanf=40643&charge=2&value=K.EMDLVGLGLHPLFSSR.F,DDX54,3.163e+6,3.171,0.002,2.662,0.000
40646,2,"  4.185","  0.586",15/28,/core/www/modules//sdig/index.php?run_id=110202&search_id=114132&scans_id=110198&peptide_id=32980&scanf=40646&charge=2&value=15/28,sp|Q7Z3K3|POGZ_HUMAN,/core/www/modules//consensus/?run_id=110202&search_id=114132&scans_id=110198&peptide_id=32980&scanf=40646&charge=2&value=sp|Q7Z3K3|POGZ_HUMAN,1,/core/www/modules/match_peptides/blast_html4.php?run_id=110202&search_id=114132&scans_id=110198&peptide_id=32980&scanf=40646&charge=2&value=1,K.DVAENAGLFIDFVQR.Q,/core/www/modules/show_out/show_out_wrapper.php?run_id=110202&search_id=114132&scans_id=110198&peptide_id=32980&scanf=40646&charge=2&value=K.DVAENAGLFIDFVQR.Q,POGZ,1.598e+6,3.325,0.001,2.888,0.000
40649,2,"  2.382","  0.351",11/22,/core/www/modules//sdig/index.php?run_id=110202&search_id=114132&scans_id=110198&peptide_id=32983&scanf=40649&charge=2&value=11/22,sp|Q13724|MOGS_HUMAN,/core/www/modules//consensus/?run_id=110202&search_id=114132&scans_id=110198&peptide_id=32983&scanf=40649&charge=2&value=sp|Q13724|MOGS_HUMAN,2,/core/www/modules/match_peptides/blast_html4.php?run_id=110202&search_id=114132&scans_id=110198&peptide_id=32983&scanf=40649&charge=2&value=2,R.LGPLLDILADSR.H,/core/www/modules/show_out/show_out_wrapper.php?run_id=110202&search_id=114132&scans_id=110198&peptide_id=32983&scanf=40649&charge=2&value=R.LGPLLDILADSR.H,MOGS,2.184e+6,2.505,0.021,1.681,0.000
40652,3,"  2.938","  0.467",16/52,/core/www/modules//sdig/index.php?run_id=110202&search_id=114132&scans_id=110198&peptide_id=32987&scanf=40652&charge=3&value=16/52,sp|Q7Z3D6|GLUCM_HUMAN,/core/www/modules//consensus/?run_id=110202&search_id=114132&scans_id=110198&peptide_id=32987&scanf=40652&charge=3&value=sp|Q7Z3D6|GLUCM_HUMAN,3,/core/www/modules/match_peptides/blast_html4.php?run_id=110202&search_id=114132&scans_id=110198&peptide_id=32987&scanf=40652&charge=3&value=3,K.HLVDPIDDLFLAAK.K,/core/www/modules/show_out/show_out_wrapper.php?run_id=110202&search_id=114132&scans_id=110198&peptide_id=32987&scanf=40652&charge=3&value=K.HLVDPIDDLFLAAK.K,DGLUCY,1.764e+6,3.023,0.004,2.442,0.000
40653,2,"  4.804","  0.651",18/32,/core/www/modules//sdig/index.php?run_id=110202&search_id=114132&scans_id=110198&peptide_id=32988&scanf=40653&charge=2&value=18/32,sp|Q8TDN6|BRX1_HUMAN,/core/www/modules//consensus/?run_id=110202&search_id=114132&scans_id=110198&peptide_id=32988&scanf=40653&charge=2&value=sp|Q8TDN6|BRX1_HUMAN,0,/core/www/modules/match_peptides/blast_html4.php?run_id=110202&search_id=114132&scans_id=110198&peptide_id=32988&scanf=40653&charge=2&value=0,R.NFQIIEEDAALVEIGPR.F,/core/www/modules/show_out/show_out_wrapper.php?run_id=110202&search_id=114132&scans_id=110198&peptide_id=32988&scanf=40653&charge=2&value=R.NFQIIEEDAALVEIGPR.F,BRIX1,3.807e+6,3.662,0.000,3.388,0.000
40654,3,"  6.152","  0.646",23/92,/core/www/modules//sdig/index.php?run_id=110202&search_id=114132&scans_id=110198&peptide_id=32989&scanf=40654&charge=3&value=23/92,sp|Q9BSJ8|ESYT1_HUMAN,/core/www/modules//consensus/?run_id=110202&search_id=114132&scans_id=110198&peptide_id=32989&scanf=40654&charge=3&value=sp|Q9BSJ8|ESYT1_HUMAN,0,/core/www/modules/match_peptides/blast_html4.php?run_id=110202&search_id=114132&scans_id=110198&peptide_id=32989&scanf=40654&charge=3&value=0,R.LTPRPTAAELEEVLQVNSLIQTQK.S,/core/www/modules/show_out/show_out_wrapper.php?run_id=110202&search_id=114132&scans_id=110198&peptide_id=32989&scanf=40654&charge=3&value=R.LTPRPTAAELEEVLQVNSLIQTQK.S,ESYT1,9.866e+5,3.356,0.001,2.934,0.000
40658,2,"  2.063","  0.592",10/18,/core/www/modules//sdig/index.php?run_id=110202&search_id=114132&scans_id=110198&peptide_id=32992&scanf=40658&charge=2&value=10/18,sp|Q9H7N4|SFR19_HUMAN,/core/www/modules//consensus/?run_id=110202&search_id=114132&scans_id=110198&peptide_id=32992&scanf=40658&charge=2&value=sp|Q9H7N4|SFR19_HUMAN,0,/core/www/modules/match_peptides/blast_html4.php?run_id=110202&search_id=114132&scans_id=110198&peptide_id=32992&scanf=40658&charge=2&value=0,K.GGPGLPLPPL.-,/core/www/modules/show_out/show_out_wrapper.php?run_id=110202&search_id=114132&scans_id=110198&peptide_id=32992&scanf=40658&charge=2&value=K.GGPGLPLPPL.-,SCAF1,2.935e+6,3.434,0.001,3.051,0.000
40665,2,"  2.162","  0.610",10/16,/core/www/modules//sdig/index.php?run_id=110202&search_id=114132&scans_id=110198&peptide_id=33000&scanf=40665&charge=2&value=10/16,sp|Q96HR3|MED30_HUMAN,/core/www/modules//consensus/?run_id=110202&search_id=114132&scans_id=110198&peptide_id=33000&scanf=40665&charge=2&value=sp|Q96HR3|MED30_HUMAN,0,/core/www/modules/match_peptides/blast_html4.php?run_id=110202&search_id=114132&scans_id=110198&peptide_id=33000&scanf=40665&charge=2&value=0,R.TMEIFQLLR.N,/core/www/modules/show_out/show_out_wrapper.php?run_id=110202&search_id=114132&scans_id=110198&peptide_id=33000&scanf=40665&charge=2&value=R.TMEIFQLLR.N,MED30,2.011e+6,3.585,0.001,3.275,0.000
40666,3,"  1.789","  0.255",17/40,/core/www/modules//sdig/index.php?run_id=110202&search_id=114132&scans_id=110198&peptide_id=33001&scanf=40666&charge=3&value=17/40,sp|O95487|SC24B_HUMAN,/core/www/modules//consensus/?run_id=110202&search_id=114132&scans_id=110198&peptide_id=33001&scanf=40666&charge=3&value=sp|O95487|SC24B_HUMAN,0,/core/www/modules/match_peptides/blast_html4.php?run_id=110202&search_id=114132&scans_id=110198&peptide_id=33001&scanf=40666&charge=3&value=0,K.LPLGLLLHPFR.D,/core/www/modules/show_out/show_out_wrapper.php?run_id=110202&search_id=114132&scans_id=110198&peptide_id=33001&scanf=40666&charge=3&value=K.LPLGLLLHPFR.D,SEC24B,1.075e+6,2.571,0.017,1.777,0.000
40668,3,"  3.993","  0.583",15/52,/core/www/modules//sdig/index.php?run_id=110202&search_id=114132&scans_id=110198&peptide_id=33003&scanf=40668&charge=3&value=15/52,sp|Q86XI2|CNDG2_HUMAN,/core/www/modules//consensus/?run_id=110202&search_id=114132&scans_id=110198&peptide_id=33003&scanf=40668&charge=3&value=sp|Q86XI2|CNDG2_HUMAN,1,/core/www/modules/match_peptides/blast_html4.php?run_id=110202&search_id=114132&scans_id=110198&peptide_id=33003&scanf=40668&charge=3&value=1,K.LSHPLLEQLLPALR.Y,/core/www/modules/show_out/show_out_wrapper.php?run_id=110202&search_id=114132&scans_id=110198&peptide_id=33003&scanf=40668&charge=3&value=K.LSHPLLEQLLPALR.Y,NCAPG2,1.971e+6,3.465,0.001,3.096,0.000
40669,2,"  2.359","  0.367",13/34,/core/www/modules//sdig/index.php?run_id=110202&search_id=114132&scans_id=110198&peptide_id=33004&scanf=40669&charge=2&value=13/34,sp|P62829|RL23_HUMAN,/core/www/modules//consensus/?run_id=110202&search_id=114132&scans_id=110198&peptide_id=33004&scanf=40669&charge=2&value=sp|P62829|RL23_HUMAN,2,/core/www/modules/match_peptides/blast_html4.php?run_id=110202&search_id=114132&scans_id=110198&peptide_id=33004&scanf=40669&charge=2&value=2,K.DGVFLYFEDNAGVIVNNK.G,/core/www/modules/show_out/show_out_wrapper.php?run_id=110202&search_id=114132&scans_id=110198&peptide_id=33004&scanf=40669&charge=2&value=K.DGVFLYFEDNAGVIVNNK.G,RPL23,1.390e+6,1.888,0.149,0.827,0.007
40670,2,"  2.006","  0.288",11/18,/core/www/modules//sdig/index.php?run_id=110202&search_id=114132&scans_id=110198&peptide_id=33006&scanf=40670&charge=2&value=11/18,sp|Q93034|CUL5_HUMAN,/core/www/modules//consensus/?run_id=110202&search_id=114132&scans_id=110198&peptide_id=33006&scanf=40670&charge=2&value=sp|Q93034|CUL5_HUMAN,0,/core/www/modules/match_peptides/blast_html4.php?run_id=110202&search_id=114132&scans_id=110198&peptide_id=33006&scanf=40670&charge=2&value=0,R.TLWSLVAFPK.L,/core/www/modules/show_out/show_out_wrapper.php?run_id=110202&search_id=114132&scans_id=110198&peptide_id=33006&scanf=40670&charge=2&value=R.TLWSLVAFPK.L,CUL5,8.361e+5,2.497,0.021,1.670,0.001
40672,3,"  2.763","  0.463",16/72,/core/www/modules//sdig/index.php?run_id=110202&search_id=114132&scans_id=110198&peptide_id=33008&scanf=40672&charge=3&value=16/72,sp|Q5VZE5|NAA35_HUMAN,/core/www/modules//consensus/?run_id=110202&search_id=114132&scans_id=110198&peptide_id=33008&scanf=40672&charge=3&value=sp|Q5VZE5|NAA35_HUMAN,0,/core/www/modules/match_peptides/blast_html4.php?run_id=110202&search_id=114132&scans_id=110198&peptide_id=33008&scanf=40672&charge=3&value=0,R.FAPFNSVMTPPPVHYLQFK.E,/core/www/modules/show_out/show_out_wrapper.php?run_id=110202&search_id=114132&scans_id=110198&peptide_id=33008&scanf=40672&charge=3&value=R.FAPFNSVMTPPPVHYLQFK.E,NAA35,8.010e+5,2.690,0.011,1.952,0.000
40673,2,"  2.461","  0.584",10/24,/core/www/modules//sdig/index.php?run_id=110202&search_id=114132&scans_id=110198&peptide_id=33009&scanf=40673&charge=2&value=10/24,sp|Q9UNX4|WDR3_HUMAN,/core/www/modules//consensus/?run_id=110202&search_id=114132&scans_id=110198&peptide_id=33009&scanf=40673&charge=2&value=sp|Q9UNX4|WDR3_HUMAN,0,/core/www/modules/match_peptides/blast_html4.php?run_id=110202&search_id=114132&scans_id=110198&peptide_id=33009&scanf=40673&charge=2&value=0,R.TEVWGLVLLSEEK.R,/core/www/modules/show_out/show_out_wrapper.php?run_id=110202&search_id=114132&scans_id=110198&peptide_id=33009&scanf=40673&charge=2&value=R.TEVWGLVLLSEEK.R,WDR3,9.740e+5,3.061,0.003,2.498,0.000
40677,3,"  5.122","  0.575",18/84,/core/www/modules//sdig/index.php?run_id=110202&search_id=114132&scans_id=110198&peptide_id=33012&scanf=40677&charge=3&value=18/84,sp|P29590|PML_HUMAN,/core/www/modules//consensus/?run_id=110202&search_id=114132&scans_id=110198&peptide_id=33012&scanf=40677&charge=3&value=sp|P29590|PML_HUMAN,0,/core/www/modules/match_peptides/blast_html4.php?run_id=110202&search_id=114132&scans_id=110198&peptide_id=33012&scanf=40677&charge=3&value=0,R.VLDENLADPQAEDRPLVFFDLK.I,/core/www/modules/show_out/show_out_wrapper.php?run_id=110202&search_id=114132&scans_id=110198&peptide_id=33012&scanf=40677&charge=3&value=R.VLDENLADPQAEDRPLVFFDLK.I,PML,2.330e+6,3.064,0.003,2.503,0.000
40678,3,"  3.395","  0.574",13/52,/core/www/modules//sdig/index.php?run_id=110202&search_id=114132&scans_id=110198&peptide_id=33013&scanf=40678&charge=3&value=13/52,sp|Q9ULX6|AKP8L_HUMAN,/core/www/modules//consensus/?run_id=110202&search_id=114132&scans_id=110198&peptide_id=33013&scanf=40678&charge=3&value=sp|Q9ULX6|AKP8L_HUMAN,2,/core/www/modules/match_peptides/blast_html4.php?run_id=110202&search_id=114132&scans_id=110198&peptide_id=33013&scanf=40678&charge=3&value=2,K.TVEDLDGLIQQIYR.D,/core/www/modules/show_out/show_out_wrapper.php?run_id=110202&search_id=114132&scans_id=110198&peptide_id=33013&scanf=40678&charge=3&value=K.TVEDLDGLIQQIYR.D,AKAP8L,4.537e+6,3.318,0.001,2.879,0.000
40680,3,"  3.668","  0.632",17/56,/core/www/modules//sdig/index.php?run_id=110202&search_id=114132&scans_id=110198&peptide_id=33016&scanf=40680&charge=3&value=17/56,sp|Q9NXF1|TEX10_HUMAN,/core/www/modules//consensus/?run_id=110202&search_id=114132&scans_id=110198&peptide_id=33016&scanf=40680&charge=3&value=sp|Q9NXF1|TEX10_HUMAN,0,/core/www/modules/match_peptides/blast_html4.php?run_id=110202&search_id=114132&scans_id=110198&peptide_id=33016&scanf=40680&charge=3&value=0,R.WLAGLPLQLAHLGSR.N,/core/www/modules/show_out/show_out_wrapper.php?run_id=110202&search_id=114132&scans_id=110198&peptide_id=33016&scanf=40680&charge=3&value=R.WLAGLPLQLAHLGSR.N,TEX10,3.709e+6,3.671,0.000,3.401,0.000
40681,2,"  3.455","  0.621",16/30,/core/www/modules//sdig/index.php?run_id=110202&search_id=114132&scans_id=110198&peptide_id=33017&scanf=40681&charge=2&value=16/30,sp|P52272|HNRPM_HUMAN,/core/www/modules//consensus/?run_id=110202&search_id=114132&scans_id=110198&peptide_id=33017&scanf=40681&charge=2&value=sp|P52272|HNRPM_HUMAN,4,/core/www/modules/match_peptides/blast_html4.php?run_id=110202&search_id=114132&scans_id=110198&peptide_id=33017&scanf=40681&charge=2&value=4,K.VGEVTYVELLMDAEGK.S,/core/www/modules/show_out/show_out_wrapper.php?run_id=110202&search_id=114132&scans_id=110198&peptide_id=33017&scanf=40681&charge=2&value=K.VGEVTYVELLMDAEGK.S,HNRNPM,1.971e+7,3.625,0.000,3.333,0.000
40682,2,"  3.750","  0.583",15/34,/core/www/modules//sdig/index.php?run_id=110202&search_id=114132&scans_id=110198&peptide_id=33018&scanf=40682&charge=2&value=15/34,sp|P07437|TBB5_HUMAN,/core/www/modules//consensus/?run_id=110202&search_id=114132&scans_id=110198&peptide_id=33018&scanf=40682&charge=2&value=sp|P07437|TBB5_HUMAN,8,/core/www/modules/match_peptides/blast_html4.php?run_id=110202&search_id=114132&scans_id=110198&peptide_id=33018&scanf=40682&charge=2&value=8,K.GHYTEGAELVDSVLDVVR.K,/core/www/modules/show_out/show_out_wrapper.php?run_id=110202&search_id=114132&scans_id=110198&peptide_id=33018&scanf=40682&charge=2&value=K.GHYTEGAELVDSVLDVVR.K,TUBB,5.494e+6,2.763,0.009,2.058,0.000
40683,3,"  4.735","  0.705",21/72,/core/www/modules//sdig/index.php?run_id=110202&search_id=114132&scans_id=110198&peptide_id=33019&scanf=40683&charge=3&value=21/72,sp|P61011|SRP54_HUMAN,/core/www/modules//consensus/?run_id=110202&search_id=114132&scans_id=110198&peptide_id=33019&scanf=40683&charge=3&value=sp|P61011|SRP54_HUMAN,5,/core/www/modules/match_peptides/blast_html4.php?run_id=110202&search_id=114132&scans_id=110198&peptide_id=33019&scanf=40683&charge=3&value=5,K.SPIIFIGTGEHIDDFEPFK.T,/core/www/modules/show_out/show_out_wrapper.php?run_id=110202&search_id=114132&scans_id=110198&peptide_id=33019&scanf=40683&charge=3&value=K.SPIIFIGTGEHIDDFEPFK.T,SRP54,3.227e+6,3.704,0.000,3.451,0.000
40685,3,"  3.514","  0.646",18/52,/core/www/modules//sdig/index.php?run_id=110202&search_id=114132&scans_id=110198&peptide_id=33021&scanf=40685&charge=3&value=18/52,sp|Q7Z3D6|GLUCM_HUMAN,/core/www/modules//consensus/?run_id=110202&search_id=114132&scans_id=110198&peptide_id=33021&scanf=40685&charge=3&value=sp|Q7Z3D6|GLUCM_HUMAN,3,/core/www/modules/match_peptides/blast_html4.php?run_id=110202&search_id=114132&scans_id=110198&peptide_id=33021&scanf=40685&charge=3&value=3,K.HLVDPIDDLFLAAK.K,/core/www/modules/show_out/show_out_wrapper.php?run_id=110202&search_id=114132&scans_id=110198&peptide_id=33021&scanf=40685&charge=3&value=K.HLVDPIDDLFLAAK.K,DGLUCY,1.764e+6,3.710,0.000,3.459,0.000
40693,2,"  2.832","  0.401",10/22,/core/www/modules//sdig/index.php?run_id=110202&search_id=114132&scans_id=110198&peptide_id=33030&scanf=40693&charge=2&value=10/22,sp|P49842|STK19_HUMAN,/core/www/modules//consensus/?run_id=110202&search_id=114132&scans_id=110198&peptide_id=33030&scanf=40693&charge=2&value=sp|P49842|STK19_HUMAN,3,/core/www/modules/match_peptides/blast_html4.php?run_id=110202&search_id=114132&scans_id=110198&peptide_id=33030&scanf=40693&charge=2&value=3,R.AAVSELMQLFPR.G,/core/www/modules/show_out/show_out_wrapper.php?run_id=110202&search_id=114132&scans_id=110198&peptide_id=33030&scanf=40693&charge=2&value=R.AAVSELMQLFPR.G,STK19,3.019e+6,2.664,0.012,1.913,0.000
40694,3,"  3.078","  0.617",19/80,/core/www/modules//sdig/index.php?run_id=110202&search_id=114132&scans_id=110198&peptide_id=33031&scanf=40694&charge=3&value=19/80,sp|O60287|NPA1P_HUMAN,/core/www/modules//consensus/?run_id=110202&search_id=114132&scans_id=110198&peptide_id=33031&scanf=40694&charge=3&value=sp|O60287|NPA1P_HUMAN,0,/core/www/modules/match_peptides/blast_html4.php?run_id=110202&search_id=114132&scans_id=110198&peptide_id=33031&scanf=40694&charge=3&value=0,R.EVTLALLSLPETHLVTQQPTK.S,/core/www/modules/show_out/show_out_wrapper.php?run_id=110202&search_id=114132&scans_id=110198&peptide_id=33031&scanf=40694&charge=3&value=R.EVTLALLSLPETHLVTQQPTK.S,URB1,4.259e+6,3.263,0.002,2.797,0.000
40695,3,"  2.206","  0.464",14/72,/core/www/modules//sdig/index.php?run_id=110202&search_id=114132&scans_id=110198&peptide_id=33032&scanf=40695&charge=3&value=14/72,sp|O43148|MCES_HUMAN,/core/www/modules//consensus/?run_id=110202&search_id=114132&scans_id=110198&peptide_id=33032&scanf=40695&charge=3&value=sp|O43148|MCES_HUMAN,1,/core/www/modules/match_peptides/blast_html4.php?run_id=110202&search_id=114132&scans_id=110198&peptide_id=33032&scanf=40695&charge=3&value=1,R.LSPGGYFIGTTPNSFELIR.R,/core/www/modules/show_out/show_out_wrapper.php?run_id=110202&search_id=114132&scans_id=110198&peptide_id=33032&scanf=40695&charge=3&value=R.LSPGGYFIGTTPNSFELIR.R,RNMT,3.793e+6,2.614,0.014,1.840,0.000
40700,3,"  6.151","  0.632",19/92,/core/www/modules//sdig/index.php?run_id=110202&search_id=114132&scans_id=110198&peptide_id=33037&scanf=40700&charge=3&value=19/92,sp|Q9UKD2|MRT4_HUMAN,/core/www/modules//consensus/?run_id=110202&search_id=114132&scans_id=110198&peptide_id=33037&scanf=40700&charge=3&value=sp|Q9UKD2|MRT4_HUMAN,0,/core/www/modules/match_peptides/blast_html4.php?run_id=110202&search_id=114132&scans_id=110198&peptide_id=33037&scanf=40700&charge=3&value=0,K.AAFTVSLDPGPLEQFPHSMEPQLR.Q,/core/www/modules/show_out/show_out_wrapper.php?run_id=110202&search_id=114132&scans_id=110198&peptide_id=33037&scanf=40700&charge=3&value=K.AAFTVSLDPGPLEQFPHSMEPQLR.Q,MRTO4,7.205e+6,3.305,0.001,2.859,0.000
40705,3,"  4.790","  0.505",16/88,/core/www/modules//sdig/index.php?run_id=110202&search_id=114132&scans_id=110198&peptide_id=33042&scanf=40705&charge=3&value=16/88,sp|P13010|XRCC5_HUMAN,/core/www/modules//consensus/?run_id=110202&search_id=114132&scans_id=110198&peptide_id=33042&scanf=40705&charge=3&value=sp|P13010|XRCC5_HUMAN,0,/core/www/modules/match_peptides/blast_html4.php?run_id=110202&search_id=114132&scans_id=110198&peptide_id=33042&scanf=40705&charge=3&value=0,R.EPLPPIQQHIWNMLNPPAEVTTK.S,/core/www/modules/show_out/show_out_wrapper.php?run_id=110202&search_id=114132&scans_id=110198&peptide_id=33042&scanf=40705&charge=3&value=R.EPLPPIQQHIWNMLNPPAEVTTK.S,XRCC5,2.848e+7,2.916,0.005,2.284,0.000
40707,3,"  2.838","  0.329",13/68,/core/www/modules//sdig/index.php?run_id=110202&search_id=114132&scans_id=110198&peptide_id=33044&scanf=40707&charge=3&value=13/68,sp|P12956|XRCC6_HUMAN,/core/www/modules//consensus/?run_id=110202&search_id=114132&scans_id=110198&peptide_id=33044&scanf=40707&charge=3&value=sp|P12956|XRCC6_HUMAN,1,/core/www/modules/match_peptides/blast_html4.php?run_id=110202&search_id=114132&scans_id=110198&peptide_id=33044&scanf=40707&charge=3&value=1,K.IISSDRDLLAVVFYGTEK.D,/core/www/modules/show_out/show_out_wrapper.php?run_id=110202&search_id=114132&scans_id=110198&peptide_id=33044&scanf=40707&charge=3&value=K.IISSDRDLLAVVFYGTEK.D,XRCC6,1.427e+7,1.848,0.167,0.777,0.009
40708,2,"  4.407","  0.604",16/30,/core/www/modules//sdig/index.php?run_id=110202&search_id=114132&scans_id=110198&peptide_id=33045&scanf=40708&charge=2&value=16/30,sp|P22626|ROA2_HUMAN,/core/www/modules//consensus/?run_id=110202&search_id=114132&scans_id=110198&peptide_id=33045&scanf=40708&charge=2&value=sp|P22626|ROA2_HUMAN,9,/core/www/modules/match_peptides/blast_html4.php?run_id=110202&search_id=114132&scans_id=110198&peptide_id=33045&scanf=40708&charge=2&value=9,K.LFIGGLSFETTEESLR.N,/core/www/modules/show_out/show_out_wrapper.php?run_id=110202&search_id=114132&scans_id=110198&peptide_id=33045&scanf=40708&charge=2&value=K.LFIGGLSFETTEESLR.N,HNRNPA2B1,1.080e+8,3.478,0.001,3.116,0.000
40717,3,"  1.503","  0.483",10/40,/core/www/modules//sdig/index.php?run_id=110202&search_id=114132&scans_id=110198&peptide_id=33055&scanf=40717&charge=3&value=10/40,sp|Q8TDN6|BRX1_HUMAN,/core/www/modules//consensus/?run_id=110202&search_id=114132&scans_id=110198&peptide_id=33055&scanf=40717&charge=3&value=sp|Q8TDN6|BRX1_HUMAN,0,/core/www/modules/match_peptides/blast_html4.php?run_id=110202&search_id=114132&scans_id=110198&peptide_id=33055&scanf=40717&charge=3&value=0,K.ELLIQIFSTPR.Y,/core/www/modules/show_out/show_out_wrapper.php?run_id=110202&search_id=114132&scans_id=110198&peptide_id=33055&scanf=40717&charge=3&value=K.ELLIQIFSTPR.Y,BRIX1,7.271e+5,3.093,0.003,2.545,0.000
40727,2,"  2.044","  0.454",10/18,/core/www/modules//sdig/index.php?run_id=110202&search_id=114132&scans_id=110198&peptide_id=33065&scanf=40727&charge=2&value=10/18,sp|Q13315|ATM_HUMAN,/core/www/modules//consensus/?run_id=110202&search_id=114132&scans_id=110198&peptide_id=33065&scanf=40727&charge=2&value=sp|Q13315|ATM_HUMAN,0,/core/www/modules/match_peptides/blast_html4.php?run_id=110202&search_id=114132&scans_id=110198&peptide_id=33065&scanf=40727&charge=2&value=0,K.FLDPAIWFEK.R,/core/www/modules/show_out/show_out_wrapper.php?run_id=110202&search_id=114132&scans_id=110198&peptide_id=33065&scanf=40727&charge=2&value=K.FLDPAIWFEK.R,ATM,1.863e+6,3.094,0.003,2.547,0.000
40729,2,"  3.020","  0.669",9/24,/core/www/modules//sdig/index.php?run_id=110202&search_id=114132&scans_id=110198&peptide_id=33067&scanf=40729&charge=2&value=9/24,sp|O94888|UBXN7_HUMAN,/core/www/modules//consensus/?run_id=110202&search_id=114132&scans_id=110198&peptide_id=33067&scanf=40729&charge=2&value=sp|O94888|UBXN7_HUMAN,1,/core/www/modules/match_peptides/blast_html4.php?run_id=110202&search_id=114132&scans_id=110198&peptide_id=33067&scanf=40729&charge=2&value=1,K.LGDFPYVSILDPR.T,/core/www/modules/show_out/show_out_wrapper.php?run_id=110202&search_id=114132&scans_id=110198&peptide_id=33067&scanf=40729&charge=2&value=K.LGDFPYVSILDPR.T,UBXN7,3.223e+6,3.369,0.001,2.954,0.000
40733,3,"  4.620","  0.580",15/96,/core/www/modules//sdig/index.php?run_id=110202&search_id=114132&scans_id=110198&peptide_id=33072&scanf=40733&charge=3&value=15/96,sp|Q9Y305|ACOT9_HUMAN,/core/www/modules//consensus/?run_id=110202&search_id=114132&scans_id=110198&peptide_id=33072&scanf=40733&charge=3&value=sp|Q9Y305|ACOT9_HUMAN,1,/core/www/modules/match_peptides/blast_html4.php?run_id=110202&search_id=114132&scans_id=110198&peptide_id=33072&scanf=40733&charge=3&value=1,R.DSENKGPAFVNPLIPESPEEEELFR.Q,/core/www/modules/show_out/show_out_wrapper.php?run_id=110202&search_id=114132&scans_id=110198&peptide_id=33072&scanf=40733&charge=3&value=R.DSENKGPAFVNPLIPESPEEEELFR.Q,ACOT9,1.289e+6,2.594,0.015,1.811,0.000
40737,3,"  3.688","  0.494",18/88,/core/www/modules//sdig/index.php?run_id=110202&search_id=114132&scans_id=110198&peptide_id=33076&scanf=40737&charge=3&value=18/88,sp|P22314|UBA1_HUMAN,/core/www/modules//consensus/?run_id=110202&search_id=114132&scans_id=110198&peptide_id=33076&scanf=40737&charge=3&value=sp|P22314|UBA1_HUMAN,0,/core/www/modules/match_peptides/blast_html4.php?run_id=110202&search_id=114132&scans_id=110198&peptide_id=33076&scanf=40737&charge=3&value=0,K.GNVQVVIPFLTESYSSSQDPPEK.S,/core/www/modules/show_out/show_out_wrapper.php?run_id=110202&search_id=114132&scans_id=110198&peptide_id=33076&scanf=40737&charge=3&value=K.GNVQVVIPFLTESYSSSQDPPEK.S,UBA1,1.037e+6,2.683,0.011,1.942,0.000
40741,2,"  3.995","  0.627",13/26,/core/www/modules//sdig/index.php?run_id=110202&search_id=114132&scans_id=110198&peptide_id=33080&scanf=40741&charge=2&value=13/26,sp|Q9UPN3|MACF1_HUMAN,/core/www/modules//consensus/?run_id=110202&search_id=114132&scans_id=110198&peptide_id=33080&scanf=40741&charge=2&value=sp|Q9UPN3|MACF1_HUMAN,6,/core/www/modules/match_peptides/blast_html4.php?run_id=110202&search_id=114132&scans_id=110198&peptide_id=33080&scanf=40741&charge=2&value=6,R.VTLDPVQLESSLLR.S,/core/www/modules/show_out/show_out_wrapper.php?run_id=110202&search_id=114132&scans_id=110198&peptide_id=33080&scanf=40741&charge=2&value=R.VTLDPVQLESSLLR.S,MACF1,2.521e+6,3.346,0.001,2.919,0.000
40743,2,"  2.773","  0.579",11/28,/core/www/modules//sdig/index.php?run_id=110202&search_id=114132&scans_id=110198&peptide_id=33082&scanf=40743&charge=2&value=11/28,sp|P04004|VTNC_HUMAN,/core/www/modules//consensus/?run_id=110202&search_id=114132&scans_id=110198&peptide_id=33082&scanf=40743&charge=2&value=sp|P04004|VTNC_HUMAN,0,/core/www/modules/match_peptides/blast_html4.php?run_id=110202&search_id=114132&scans_id=110198&peptide_id=33082&scanf=40743&charge=2&value=0,R.DVWGIEGPIDAAFTR.I,/core/www/modules/show_out/show_out_wrapper.php?run_id=110202&search_id=114132&scans_id=110198&peptide_id=33082&scanf=40743&charge=2&value=R.DVWGIEGPIDAAFTR.I,VTN,2.100e+6,2.946,0.005,2.329,0.000
40750,3,"  3.546","  0.504",17/88,/core/www/modules//sdig/index.php?run_id=110202&search_id=114132&scans_id=110198&peptide_id=33090&scanf=40750&charge=3&value=17/88,sp|P22314|UBA1_HUMAN,/core/www/modules//consensus/?run_id=110202&search_id=114132&scans_id=110198&peptide_id=33090&scanf=40750&charge=3&value=sp|P22314|UBA1_HUMAN,0,/core/www/modules/match_peptides/blast_html4.php?run_id=110202&search_id=114132&scans_id=110198&peptide_id=33090&scanf=40750&charge=3&value=0,K.GNVQVVIPFLTESYSSSQDPPEK.S,/core/www/modules/show_out/show_out_wrapper.php?run_id=110202&search_id=114132&scans_id=110198&peptide_id=33090&scanf=40750&charge=3&value=K.GNVQVVIPFLTESYSSSQDPPEK.S,UBA1,1.037e+6,2.690,0.011,1.952,0.000
40753,2,"  1.964","  0.309",7/16,/core/www/modules//sdig/index.php?run_id=110202&search_id=114132&scans_id=110198&peptide_id=33093&scanf=40753&charge=2&value=7/16,sp|Q00610|CLH1_HUMAN,/core/www/modules//consensus/?run_id=110202&search_id=114132&scans_id=110198&peptide_id=33093&scanf=40753&charge=2&value=sp|Q00610|CLH1_HUMAN,9,/core/www/modules/match_peptides/blast_html4.php?run_id=110202&search_id=114132&scans_id=110198&peptide_id=33093&scanf=40753&charge=2&value=9,K.LLLPWLEAR.I,/core/www/modules/show_out/show_out_wrapper.php?run_id=110202&search_id=114132&scans_id=110198&peptide_id=33093&scanf=40753&charge=2&value=K.LLLPWLEAR.I,CLTC,6.520e+6,2.464,0.024,1.621,0.001
40764,3,"  4.529","  0.691",20/72,/core/www/modules//sdig/index.php?run_id=110202&search_id=114132&scans_id=110198&peptide_id=33104&scanf=40764&charge=3&value=20/72,sp|Q8WX92|NELFB_HUMAN,/core/www/modules//consensus/?run_id=110202&search_id=114132&scans_id=110198&peptide_id=33104&scanf=40764&charge=3&value=sp|Q8WX92|NELFB_HUMAN,1,/core/www/modules/match_peptides/blast_html4.php?run_id=110202&search_id=114132&scans_id=110198&peptide_id=33104&scanf=40764&charge=3&value=1,R.QIWQDNQALFGDEVSPLLK.Q,/core/www/modules/show_out/show_out_wrapper.php?run_id=110202&search_id=114132&scans_id=110198&peptide_id=33104&scanf=40764&charge=3&value=R.QIWQDNQALFGDEVSPLLK.Q,NELFB,2.313e+6,3.601,0.001,3.298,0.000
40765,3,"  2.852","  0.579",15/64,/core/www/modules//sdig/index.php?run_id=110202&search_id=114132&scans_id=110198&peptide_id=33105&scanf=40765&charge=3&value=15/64,sp|Q8TDN6|BRX1_HUMAN,/core/www/modules//consensus/?run_id=110202&search_id=114132&scans_id=110198&peptide_id=33105&scanf=40765&charge=3&value=sp|Q8TDN6|BRX1_HUMAN,0,/core/www/modules/match_peptides/blast_html4.php?run_id=110202&search_id=114132&scans_id=110198&peptide_id=33105&scanf=40765&charge=3&value=0,R.NFQIIEEDAALVEIGPR.F,/core/www/modules/show_out/show_out_wrapper.php?run_id=110202&search_id=114132&scans_id=110198&peptide_id=33105&scanf=40765&charge=3&value=R.NFQIIEEDAALVEIGPR.F,BRIX1,8.311e+6,3.204,0.002,2.710,0.000
40766,3,"  5.212","  0.633",21/84,/core/www/modules//sdig/index.php?run_id=110202&search_id=114132&scans_id=110198&peptide_id=33106&scanf=40766&charge=3&value=21/84,sp|P50570|DYN2_HUMAN,/core/www/modules//consensus/?run_id=110202&search_id=114132&scans_id=110198&peptide_id=33106&scanf=40766&charge=3&value=sp|P50570|DYN2_HUMAN,1,/core/www/modules/match_peptides/blast_html4.php?run_id=110202&search_id=114132&scans_id=110198&peptide_id=33106&scanf=40766&charge=3&value=1,R.ESSLILAVTPANMDLANSDALK.L,/core/www/modules/show_out/show_out_wrapper.php?run_id=110202&search_id=114132&scans_id=110198&peptide_id=33106&scanf=40766&charge=3&value=R.ESSLILAVTPANMDLANSDALK.L,DNM2,2.443e+6,3.362,0.001,2.943,0.000
40767,2,"  1.632","  0.470",7/16,/core/www/modules//sdig/index.php?run_id=110202&search_id=114132&scans_id=110198&peptide_id=33107&scanf=40767&charge=2&value=7/16,sp|P25685|DNJB1_HUMAN,/core/www/modules//consensus/?run_id=110202&search_id=114132&scans_id=110198&peptide_id=33107&scanf=40767&charge=2&value=sp|P25685|DNJB1_HUMAN,2,/core/www/modules/match_peptides/blast_html4.php?run_id=110202&search_id=114132&scans_id=110198&peptide_id=33107&scanf=40767&charge=2&value=2,R.TVLEQVLPI.-,/core/www/modules/show_out/show_out_wrapper.php?run_id=110202&search_id=114132&scans_id=110198&peptide_id=33107&scanf=40767&charge=2&value=R.TVLEQVLPI.-,DNAJB1,5.212e+6,2.860,0.006,2.202,0.000
40770,3,"  6.059","  0.576",25/68,/core/www/modules//sdig/index.php?run_id=110202&search_id=114132&scans_id=110198&peptide_id=33111&scanf=40770&charge=3&value=25/68,sp|Q02880|TOP2B_HUMAN,/core/www/modules//consensus/?run_id=110202&search_id=114132&scans_id=110198&peptide_id=33111&scanf=40770&charge=3&value=sp|Q02880|TOP2B_HUMAN,1,/core/www/modules/match_peptides/blast_html4.php?run_id=110202&search_id=114132&scans_id=110198&peptide_id=33111&scanf=40770&charge=3&value=1,K.EDLAAFVEELDKVESQER.E,/core/www/modules/show_out/show_out_wrapper.php?run_id=110202&search_id=114132&scans_id=110198&peptide_id=33111&scanf=40770&charge=3&value=K.EDLAAFVEELDKVESQER.E,TOP2B,1.102e+7,3.359,0.001,2.940,0.000
40774,3,"  4.436","  0.659",22/92,/core/www/modules//sdig/index.php?run_id=110202&search_id=114132&scans_id=110198&peptide_id=33115&scanf=40774&charge=3&value=22/92,sp|Q9C0J8|WDR33_HUMAN,/core/www/modules//consensus/?run_id=110202&search_id=114132&scans_id=110198&peptide_id=33115&scanf=40774&charge=3&value=sp|Q9C0J8|WDR33_HUMAN,0,/core/www/modules/match_peptides/blast_html4.php?run_id=110202&search_id=114132&scans_id=110198&peptide_id=33115&scanf=40774&charge=3&value=0,K.TQAEIEQEMATLQYTNPQLLEQLK.I,/core/www/modules/show_out/show_out_wrapper.php?run_id=110202&search_id=114132&scans_id=110198&peptide_id=33115&scanf=40774&charge=3&value=K.TQAEIEQEMATLQYTNPQLLEQLK.I,WDR33,2.097e+6,3.354,0.001,2.933,0.000
40775,2,"  1.705","  0.485",8/18,/core/www/modules//sdig/index.php?run_id=110202&search_id=114132&scans_id=110198&peptide_id=33116&scanf=40775&charge=2&value=8/18,sp|O75352|MPU1_HUMAN,/core/www/modules//consensus/?run_id=110202&search_id=114132&scans_id=110198&peptide_id=33116&scanf=40775&charge=2&value=sp|O75352|MPU1_HUMAN,12,/core/www/modules/match_peptides/blast_html4.php?run_id=110202&search_id=114132&scans_id=110198&peptide_id=33116&scanf=40775&charge=2&value=12,R.LLVPILLPEK.C,/core/www/modules/show_out/show_out_wrapper.php?run_id=110202&search_id=114132&scans_id=110198&peptide_id=33116&scanf=40775&charge=2&value=R.LLVPILLPEK.C,MPDU1,8.248e+5,2.900,0.005,2.260,0.000
40776,3,"  3.958","  0.569",17/76,/core/www/modules//sdig/index.php?run_id=110202&search_id=114132&scans_id=110198&peptide_id=33117&scanf=40776&charge=3&value=17/76,sp|Q6KC79|NIPBL_HUMAN,/core/www/modules//consensus/?run_id=110202&search_id=114132&scans_id=110198&peptide_id=33117&scanf=40776&charge=3&value=sp|Q6KC79|NIPBL_HUMAN,1,/core/www/modules/match_peptides/blast_html4.php?run_id=110202&search_id=114132&scans_id=110198&peptide_id=33117&scanf=40776&charge=3&value=1,K.ALLDYLDENTETDPSLVFSR.K,/core/www/modules/show_out/show_out_wrapper.php?run_id=110202&search_id=114132&scans_id=110198&peptide_id=33117&scanf=40776&charge=3&value=K.ALLDYLDENTETDPSLVFSR.K,NIPBL,2.374e+6,3.185,0.002,2.682,0.000
40782,2,"  3.288","  0.491",13/18,/core/www/modules//sdig/index.php?run_id=110202&search_id=114132&scans_id=110198&peptide_id=33122&scanf=40782&charge=2&value=13/18,sp|O43707|ACTN4_HUMAN,/core/www/modules//consensus/?run_id=110202&search_id=114132&scans_id=110198&peptide_id=33122&scanf=40782&charge=2&value=sp|O43707|ACTN4_HUMAN,14,/core/www/modules/match_peptides/blast_html4.php?run_id=110202&search_id=114132&scans_id=110198&peptide_id=33122&scanf=40782&charge=2&value=14,K.LASDLLEWIR.R,/core/www/modules/show_out/show_out_wrapper.php?run_id=110202&search_id=114132&scans_id=110198&peptide_id=33122&scanf=40782&charge=2&value=K.LASDLLEWIR.R,ACTN4,2.305e+8,3.802,0.000,3.596,0.000
40783,3,"  4.270","  0.662",21/72,/core/www/modules//sdig/index.php?run_id=110202&search_id=114132&scans_id=110198&peptide_id=33123&scanf=40783&charge=3&value=21/72,sp|O43719|HTSF1_HUMAN,/core/www/modules//consensus/?run_id=110202&search_id=114132&scans_id=110198&peptide_id=33123&scanf=40783&charge=3&value=sp|O43719|HTSF1_HUMAN,0,/core/www/modules/match_peptides/blast_html4.php?run_id=110202&search_id=114132&scans_id=110198&peptide_id=33123&scanf=40783&charge=3&value=0,K.NMFHPMDFEDDPLVLNEIR.E,/core/www/modules/show_out/show_out_wrapper.php?run_id=110202&search_id=114132&scans_id=110198&peptide_id=33123&scanf=40783&charge=3&value=K.NMFHPMDFEDDPLVLNEIR.E,HTATSF1,2.951e+6,3.490,0.001,3.133,0.000
40784,3,"  3.816","  0.438",14/68,/core/www/modules//sdig/index.php?run_id=110202&search_id=114132&scans_id=110198&peptide_id=33124&scanf=40784&charge=3&value=14/68,sp|P07437|TBB5_HUMAN,/core/www/modules//consensus/?run_id=110202&search_id=114132&scans_id=110198&peptide_id=33124&scanf=40784&charge=3&value=sp|P07437|TBB5_HUMAN,8,/core/www/modules/match_peptides/blast_html4.php?run_id=110202&search_id=114132&scans_id=110198&peptide_id=33124&scanf=40784&charge=3&value=8,K.GHYTEGAELVDSVLDVVR.K,/core/www/modules/show_out/show_out_wrapper.php?run_id=110202&search_id=114132&scans_id=110198&peptide_id=33124&scanf=40784&charge=3&value=K.GHYTEGAELVDSVLDVVR.K,TUBB,5.611e+7,2.755,0.009,2.048,0.000
40785,2,"  3.416","  0.525",14/24,/core/www/modules//sdig/index.php?run_id=110202&search_id=114132&scans_id=110198&peptide_id=33125&scanf=40785&charge=2&value=14/24,sp|Q14315|FLNC_HUMAN,/core/www/modules//consensus/?run_id=110202&search_id=114132&scans_id=110198&peptide_id=33125&scanf=40785&charge=2&value=sp|Q14315|FLNC_HUMAN,0,/core/www/modules/match_peptides/blast_html4.php?run_id=110202&search_id=114132&scans_id=110198&peptide_id=33125&scanf=40785&charge=2&value=0,K.LENVSVALEFLER.E,/core/www/modules/show_out/show_out_wrapper.php?run_id=110202&search_id=114132&scans_id=110198&peptide_id=33125&scanf=40785&charge=2&value=K.LENVSVALEFLER.E,FLNC,1.604e+6,3.327,0.001,2.892,0.000
40786,2,"  2.992","  0.570",11/36,/core/www/modules//sdig/index.php?run_id=110202&search_id=114132&scans_id=110198&peptide_id=33126&scanf=40786&charge=2&value=11/36,sp|P0C5Y9|H2AB1_HUMAN,/core/www/modules//consensus/?run_id=110202&search_id=114132&scans_id=110198&peptide_id=33126&scanf=40786&charge=2&value=sp|P0C5Y9|H2AB1_HUMAN,1,/core/www/modules/match_peptides/blast_html4.php?run_id=110202&search_id=114132&scans_id=110198&peptide_id=33126&scanf=40786&charge=2&value=1,R.LLSTLFNTTTISQVAPGED.-,/core/www/modules/show_out/show_out_wrapper.php?run_id=110202&search_id=114132&scans_id=110198&peptide_id=33126&scanf=40786&charge=2&value=R.LLSTLFNTTTISQVAPGED.-,H2AB1,1.389e+7,2.682,0.011,1.940,0.000
40791,3,"  3.920","  0.519",9/76,/core/www/modules//sdig/index.php?run_id=110202&search_id=114132&scans_id=110198&peptide_id=33132&scanf=40791&charge=3&value=9/76,sp|P04908|H2A1B_HUMAN,/core/www/modules//consensus/?run_id=110202&search_id=114132&scans_id=110198&peptide_id=33132&scanf=40791&charge=3&value=sp|P04908|H2A1B_HUMAN,12,/core/www/modules/match_peptides/blast_html4.php?run_id=110202&search_id=114132&scans_id=110198&peptide_id=33132&scanf=40791&charge=3&value=12,R.VTIAQGGVLPNIQAVLLPKK.T,/core/www/modules/show_out/show_out_wrapper.php?run_id=110202&search_id=114132&scans_id=110198&peptide_id=33132&scanf=40791&charge=3&value=R.VTIAQGGVLPNIQAVLLPKK.T,H2AC8,1.206e+7,2.716,0.010,1.990,0.000
40792,4,"  5.261","  0.661",22/174,/core/www/modules//sdig/index.php?run_id=110202&search_id=114132&scans_id=110198&peptide_id=33133&scanf=40792&charge=4&value=22/174,sp|P60709|ACTB_HUMAN,/core/www/modules//consensus/?run_id=110202&search_id=114132&scans_id=110198&peptide_id=33133&scanf=40792&charge=4&value=sp|P60709|ACTB_HUMAN,9,/core/www/modules/match_peptides/blast_html4.php?run_id=110202&search_id=114132&scans_id=110198&peptide_id=33133&scanf=40792&charge=4&value=9,R.TTGIVMDSGDGVTHTVPIYEGYALPHAILR.L,/core/www/modules/show_out/show_out_wrapper.php?run_id=110202&search_id=114132&scans_id=110198&peptide_id=33133&scanf=40792&charge=4&value=R.TTGIVMDSGDGVTHTVPIYEGYALPHAILR.L,ACTB,4.315e+8,3.968,0.000,3.842,0.000
40794,3,"  4.072","  0.542",16/88,/core/www/modules//sdig/index.php?run_id=110202&search_id=114132&scans_id=110198&peptide_id=33135&scanf=40794&charge=3&value=16/88,sp|Q6PL18|ATAD2_HUMAN,/core/www/modules//consensus/?run_id=110202&search_id=114132&scans_id=110198&peptide_id=33135&scanf=40794&charge=3&value=sp|Q6PL18|ATAD2_HUMAN,1,/core/www/modules/match_peptides/blast_html4.php?run_id=110202&search_id=114132&scans_id=110198&peptide_id=33135&scanf=40794&charge=3&value=1,R.AVTSPGQALSTVVKPLLQNTVDK.I,/core/www/modules/show_out/show_out_wrapper.php?run_id=110202&search_id=114132&scans_id=110198&peptide_id=33135&scanf=40794&charge=3&value=R.AVTSPGQALSTVVKPLLQNTVDK.I,ATAD2,5.577e+6,2.859,0.006,2.199,0.000
40795,3,"  3.683","  0.641",17/64,/core/www/modules//sdig/index.php?run_id=110202&search_id=114132&scans_id=110198&peptide_id=33136&scanf=40795&charge=3&value=17/64,sp|Q16795|NDUA9_HUMAN,/core/www/modules//consensus/?run_id=110202&search_id=114132&scans_id=110198&peptide_id=33136&scanf=40795&charge=3&value=sp|Q16795|NDUA9_HUMAN,1,/core/www/modules/match_peptides/blast_html4.php?run_id=110202&search_id=114132&scans_id=110198&peptide_id=33136&scanf=40795&charge=3&value=1,R.DAFPEAIIVKPSDIFGR.E,/core/www/modules/show_out/show_out_wrapper.php?run_id=110202&search_id=114132&scans_id=110198&peptide_id=33136&scanf=40795&charge=3&value=R.DAFPEAIIVKPSDIFGR.E,NDUFA9,1.403e+6,3.347,0.001,2.921,0.000
40799,3,"  2.748","  0.473",13/72,/core/www/modules//sdig/index.php?run_id=110202&search_id=114132&scans_id=110198&peptide_id=33140&scanf=40799&charge=3&value=13/72,sp|Q99729|ROAA_HUMAN,/core/www/modules//consensus/?run_id=110202&search_id=114132&scans_id=110198&peptide_id=33140&scanf=40799&charge=3&value=sp|Q99729|ROAA_HUMAN,3,/core/www/modules/match_peptides/blast_html4.php?run_id=110202&search_id=114132&scans_id=110198&peptide_id=33140&scanf=40799&charge=3&value=3,R.EYFGEFGEIEAIELPM*DPK.L,/core/www/modules/show_out/show_out_wrapper.php?run_id=110202&search_id=114132&scans_id=110198&peptide_id=33140&scanf=40799&charge=3&value=R.EYFGEFGEIEAIELPM*DPK.L,HNRNPAB,1.177e+6,2.708,0.011,1.978,0.000
40803,2,"  2.442","  0.525",11/20,/core/www/modules//sdig/index.php?run_id=110202&search_id=114132&scans_id=110198&peptide_id=33144&scanf=40803&charge=2&value=11/20,sp|Q9BZF1|OSBL8_HUMAN,/core/www/modules//consensus/?run_id=110202&search_id=114132&scans_id=110198&peptide_id=33144&scanf=40803&charge=2&value=sp|Q9BZF1|OSBL8_HUMAN,2,/core/www/modules/match_peptides/blast_html4.php?run_id=110202&search_id=114132&scans_id=110198&peptide_id=33144&scanf=40803&charge=2&value=2,K.VVLPTFILEPR.S,/core/www/modules/show_out/show_out_wrapper.php?run_id=110202&search_id=114132&scans_id=110198&peptide_id=33144&scanf=40803&charge=2&value=K.VVLPTFILEPR.S,OSBPL8,3.724e+6,3.040,0.003,2.467,0.000
40804,3,"  3.256","  0.476",14/64,/core/www/modules//sdig/index.php?run_id=110202&search_id=114132&scans_id=110198&peptide_id=33145&scanf=40804&charge=3&value=14/64,sp|Q99459|CDC5L_HUMAN,/core/www/modules//consensus/?run_id=110202&search_id=114132&scans_id=110198&peptide_id=33145&scanf=40804&charge=3&value=sp|Q99459|CDC5L_HUMAN,0,/core/www/modules/match_peptides/blast_html4.php?run_id=110202&search_id=114132&scans_id=110198&peptide_id=33145&scanf=40804&charge=3&value=0,K.QLNDLWDQIEQAHLELR.T,/core/www/modules/show_out/show_out_wrapper.php?run_id=110202&search_id=114132&scans_id=110198&peptide_id=33145&scanf=40804&charge=3&value=K.QLNDLWDQIEQAHLELR.T,CDC5L,4.678e+6,2.766,0.009,2.062,0.000
40805,2,"  2.603","  0.287",8/18,/core/www/modules//sdig/index.php?run_id=110202&search_id=114132&scans_id=110198&peptide_id=33146&scanf=40805&charge=2&value=8/18,sp|Q9H6V9|LDAH_HUMAN,/core/www/modules//consensus/?run_id=110202&search_id=114132&scans_id=110198&peptide_id=33146&scanf=40805&charge=2&value=sp|Q9H6V9|LDAH_HUMAN,5,/core/www/modules/match_peptides/blast_html4.php?run_id=110202&search_id=114132&scans_id=110198&peptide_id=33146&scanf=40805&charge=2&value=5,R.AFLLFPTIER.M,/core/www/modules/show_out/show_out_wrapper.php?run_id=110202&search_id=114132&scans_id=110198&peptide_id=33146&scanf=40805&charge=2&value=R.AFLLFPTIER.M,LDAH,1.698e+6,2.198,0.057,1.243,0.002
40808,3,"  5.021","  0.637",18/76,/core/www/modules//sdig/index.php?run_id=110202&search_id=114132&scans_id=110198&peptide_id=33149&scanf=40808&charge=3&value=18/76,sp|Q6KC79|NIPBL_HUMAN,/core/www/modules//consensus/?run_id=110202&search_id=114132&scans_id=110198&peptide_id=33149&scanf=40808&charge=3&value=sp|Q6KC79|NIPBL_HUMAN,1,/core/www/modules/match_peptides/blast_html4.php?run_id=110202&search_id=114132&scans_id=110198&peptide_id=33149&scanf=40808&charge=3&value=1,K.ALLDYLDENTETDPSLVFSR.K,/core/www/modules/show_out/show_out_wrapper.php?run_id=110202&search_id=114132&scans_id=110198&peptide_id=33149&scanf=40808&charge=3&value=K.ALLDYLDENTETDPSLVFSR.K,NIPBL,2.374e+6,3.462,0.001,3.093,0.000
40810,2,"  2.008","  0.395",7/16,/core/www/modules//sdig/index.php?run_id=110202&search_id=114132&scans_id=110198&peptide_id=33152&scanf=40810&charge=2&value=7/16,sp|P78527|PRKDC_HUMAN,/core/www/modules//consensus/?run_id=110202&search_id=114132&scans_id=110198&peptide_id=33152&scanf=40810&charge=2&value=sp|P78527|PRKDC_HUMAN,1,/core/www/modules/match_peptides/blast_html4.php?run_id=110202&search_id=114132&scans_id=110198&peptide_id=33152&scanf=40810&charge=2&value=1,R.TWEGWEPWM.-,/core/www/modules/show_out/show_out_wrapper.php?run_id=110202&search_id=114132&scans_id=110198&peptide_id=33152&scanf=40810&charge=2&value=R.TWEGWEPWM.-,PRKDC,4.682e+6,3.459,0.001,3.087,0.000
40812,3,"  3.560","  0.332",10/68,/core/www/modules//sdig/index.php?run_id=110202&search_id=114132&scans_id=110198&peptide_id=33154&scanf=40812&charge=3&value=10/68,sp|Q9UPT8|ZC3H4_HUMAN,/core/www/modules//consensus/?run_id=110202&search_id=114132&scans_id=110198&peptide_id=33154&scanf=40812&charge=3&value=sp|Q9UPT8|ZC3H4_HUMAN,1,/core/www/modules/match_peptides/blast_html4.php?run_id=110202&search_id=114132&scans_id=110198&peptide_id=33154&scanf=40812&charge=3&value=1,K.IPSLFEIVVRPTGQLAEK.L,/core/www/modules/show_out/show_out_wrapper.php?run_id=110202&search_id=114132&scans_id=110198&peptide_id=33154&scanf=40812&charge=3&value=K.IPSLFEIVVRPTGQLAEK.L,ZC3H4,2.277e+7,2.205,0.056,1.252,0.002
40813,3,"  2.897","  0.502",11/64,/core/www/modules//sdig/index.php?run_id=110202&search_id=114132&scans_id=110198&peptide_id=33155&scanf=40813&charge=3&value=11/64,sp|Q9NPJ6|MED4_HUMAN,/core/www/modules//consensus/?run_id=110202&search_id=114132&scans_id=110198&peptide_id=33155&scanf=40813&charge=3&value=sp|Q9NPJ6|MED4_HUMAN,1,/core/www/modules/match_peptides/blast_html4.php?run_id=110202&search_id=114132&scans_id=110198&peptide_id=33155&scanf=40813&charge=3&value=1,K.LLQAGEENQVLELLIHR.D,/core/www/modules/show_out/show_out_wrapper.php?run_id=110202&search_id=114132&scans_id=110198&peptide_id=33155&scanf=40813&charge=3&value=K.LLQAGEENQVLELLIHR.D,MED4,2.602e+6,2.809,0.007,2.127,0.000
40814,2,"  2.661","  0.625",12/20,/core/www/modules//sdig/index.php?run_id=110202&search_id=114132&scans_id=110198&peptide_id=33156&scanf=40814&charge=2&value=12/20,sp|Q9BVJ6|UT14A_HUMAN,/core/www/modules//consensus/?run_id=110202&search_id=114132&scans_id=110198&peptide_id=33156&scanf=40814&charge=2&value=sp|Q9BVJ6|UT14A_HUMAN,0,/core/www/modules/match_peptides/blast_html4.php?run_id=110202&search_id=114132&scans_id=110198&peptide_id=33156&scanf=40814&charge=2&value=0,K.LVLADLLEPVK.T,/core/www/modules/show_out/show_out_wrapper.php?run_id=110202&search_id=114132&scans_id=110198&peptide_id=33156&scanf=40814&charge=2&value=K.LVLADLLEPVK.T,UTP14A,1.093e+6,3.636,0.000,3.349,0.000
40822,3,"  3.297","  0.500",15/56,/core/www/modules//sdig/index.php?run_id=110202&search_id=114132&scans_id=110198&peptide_id=33165&scanf=40822&charge=3&value=15/56,sp|Q9BYD1|RM13_HUMAN,/core/www/modules//consensus/?run_id=110202&search_id=114132&scans_id=110198&peptide_id=33165&scanf=40822&charge=3&value=sp|Q9BYD1|RM13_HUMAN,1,/core/www/modules/match_peptides/blast_html4.php?run_id=110202&search_id=114132&scans_id=110198&peptide_id=33165&scanf=40822&charge=3&value=1,R.LHLFPDEYIPEDILK.N,/core/www/modules/show_out/show_out_wrapper.php?run_id=110202&search_id=114132&scans_id=110198&peptide_id=33165&scanf=40822&charge=3&value=R.LHLFPDEYIPEDILK.N,MRPL13,9.998e+5,3.015,0.004,2.430,0.000
40824,3,"  4.697","  0.715",25/80,/core/www/modules//sdig/index.php?run_id=110202&search_id=114132&scans_id=110198&peptide_id=33166&scanf=40824&charge=3&value=25/80,sp|O60287|NPA1P_HUMAN,/core/www/modules//consensus/?run_id=110202&search_id=114132&scans_id=110198&peptide_id=33166&scanf=40824&charge=3&value=sp|O60287|NPA1P_HUMAN,0,/core/www/modules/match_peptides/blast_html4.php?run_id=110202&search_id=114132&scans_id=110198&peptide_id=33166&scanf=40824&charge=3&value=0,R.EVTLALLSLPETHLVTQQPTK.S,/core/www/modules/show_out/show_out_wrapper.php?run_id=110202&search_id=114132&scans_id=110198&peptide_id=33166&scanf=40824&charge=3&value=R.EVTLALLSLPETHLVTQQPTK.S,URB1,4.259e+6,3.773,0.000,3.554,0.000
40828,3,"  3.336","  0.274",7/76,/core/www/modules//sdig/index.php?run_id=110202&search_id=114132&scans_id=110198&peptide_id=33170&scanf=40828&charge=3&value=7/76,sp|Q6PI48|SYDM_HUMAN,/core/www/modules//consensus/?run_id=110202&search_id=114132&scans_id=110198&peptide_id=33170&scanf=40828&charge=3&value=sp|Q6PI48|SYDM_HUMAN,5,/core/www/modules/match_peptides/blast_html4.php?run_id=110202&search_id=114132&scans_id=110198&peptide_id=33170&scanf=40828&charge=3&value=5,R.DFDGLVQVIIPQDESAASVK.K,/core/www/modules/show_out/show_out_wrapper.php?run_id=110202&search_id=114132&scans_id=110198&peptide_id=33170&scanf=40828&charge=3&value=R.DFDGLVQVIIPQDESAASVK.K,DARS2,1.082e+6,1.833,0.174,0.759,0.009
40832,3,"  2.502","  0.342",9/56,/core/www/modules//sdig/index.php?run_id=110202&search_id=114132&scans_id=110198&peptide_id=33175&scanf=40832&charge=3&value=9/56,sp|Q08J23|NSUN2_HUMAN,/core/www/modules//consensus/?run_id=110202&search_id=114132&scans_id=110198&peptide_id=33175&scanf=40832&charge=3&value=sp|Q08J23|NSUN2_HUMAN,1,/core/www/modules/match_peptides/blast_html4.php?run_id=110202&search_id=114132&scans_id=110198&peptide_id=33175&scanf=40832&charge=3&value=1,K.IVPEGEWGQFMDALR.E,/core/www/modules/show_out/show_out_wrapper.php?run_id=110202&search_id=114132&scans_id=110198&peptide_id=33175&scanf=40832&charge=3&value=K.IVPEGEWGQFMDALR.E,NSUN2,1.342e+6,2.237,0.050,1.297,0.002
40839,2,"  3.382","  0.540",11/28,/core/www/modules//sdig/index.php?run_id=110202&search_id=114132&scans_id=110198&peptide_id=33182&scanf=40839&charge=2&value=11/28,sp|O60814|H2B1K_HUMAN,/core/www/modules//consensus/?run_id=110202&search_id=114132&scans_id=110198&peptide_id=33182&scanf=40839&charge=2&value=sp|O60814|H2B1K_HUMAN,14,/core/www/modules/match_peptides/blast_html4.php?run_id=110202&search_id=114132&scans_id=110198&peptide_id=33182&scanf=40839&charge=2&value=14,K.AM*GIM*NSFVNDIFER.I,/core/www/modules/show_out/show_out_wrapper.php?run_id=110202&search_id=114132&scans_id=110198&peptide_id=33182&scanf=40839&charge=2&value=K.AM*GIM*NSFVNDIFER.I,H2BC12,8.153e+5,3.175,0.002,2.667,0.000
40842,2,"  2.125","  0.318",9/16,/core/www/modules//sdig/index.php?run_id=110202&search_id=114132&scans_id=110198&peptide_id=33186&scanf=40842&charge=2&value=9/16,sp|P61289|PSME3_HUMAN,/core/www/modules//consensus/?run_id=110202&search_id=114132&scans_id=110198&peptide_id=33186&scanf=40842&charge=2&value=sp|P61289|PSME3_HUMAN,5,/core/www/modules/match_peptides/blast_html4.php?run_id=110202&search_id=114132&scans_id=110198&peptide_id=33186&scanf=40842&charge=2&value=5,K.MWVQLLIPR.I,/core/www/modules/show_out/show_out_wrapper.php?run_id=110202&search_id=114132&scans_id=110198&peptide_id=33186&scanf=40842&charge=2&value=K.MWVQLLIPR.I,PSME3,7.068e+5,2.569,0.017,1.775,0.000
40843,2,"  1.756","  0.376",9/18,/core/www/modules//sdig/index.php?run_id=110202&search_id=114132&scans_id=110198&peptide_id=33187&scanf=40843&charge=2&value=9/18,sp|Q8IZ69|TRM2A_HUMAN,/core/www/modules//consensus/?run_id=110202&search_id=114132&scans_id=110198&peptide_id=33187&scanf=40843&charge=2&value=sp|Q8IZ69|TRM2A_HUMAN,1,/core/www/modules/match_peptides/blast_html4.php?run_id=110202&search_id=114132&scans_id=110198&peptide_id=33187&scanf=40843&charge=2&value=1,R.ALLPWLLEQR.H,/core/www/modules/show_out/show_out_wrapper.php?run_id=110202&search_id=114132&scans_id=110198&peptide_id=33187&scanf=40843&charge=2&value=R.ALLPWLLEQR.H,TRMT2A,1.517e+6,2.574,0.017,1.782,0.000
40846,3,"  4.628","  0.626",19/72,/core/www/modules//sdig/index.php?run_id=110202&search_id=114132&scans_id=110198&peptide_id=33189&scanf=40846&charge=3&value=19/72,sp|Q9H269|VPS16_HUMAN,/core/www/modules//consensus/?run_id=110202&search_id=114132&scans_id=110198&peptide_id=33189&scanf=40846&charge=3&value=sp|Q9H269|VPS16_HUMAN,0,/core/www/modules/match_peptides/blast_html4.php?run_id=110202&search_id=114132&scans_id=110198&peptide_id=33189&scanf=40846&charge=3&value=0,K.ALLLVGDVAQAADVAIEHR.N,/core/www/modules/show_out/show_out_wrapper.php?run_id=110202&search_id=114132&scans_id=110198&peptide_id=33189&scanf=40846&charge=3&value=K.ALLLVGDVAQAADVAIEHR.N,VPS16,1.455e+7,3.386,0.001,2.979,0.000
40849,4,"  5.404","  0.478",16/150,/core/www/modules//sdig/index.php?run_id=110202&search_id=114132&scans_id=110198&peptide_id=33192&scanf=40849&charge=4&value=16/150,sp|Q9UPN3|MACF1_HUMAN,/core/www/modules//consensus/?run_id=110202&search_id=114132&scans_id=110198&peptide_id=33192&scanf=40849&charge=4&value=sp|Q9UPN3|MACF1_HUMAN,7,/core/www/modules/match_peptides/blast_html4.php?run_id=110202&search_id=114132&scans_id=110198&peptide_id=33192&scanf=40849&charge=4&value=7,K.VEPQLAEDQPVHGDLDLVMNLMDAHK.V,/core/www/modules/show_out/show_out_wrapper.php?run_id=110202&search_id=114132&scans_id=110198&peptide_id=33192&scanf=40849&charge=4&value=K.VEPQLAEDQPVHGDLDLVMNLMDAHK.V,MACF1,6.120e+6,2.935,0.005,2.311,0.000
40850,2,"  2.334","  0.419",12/12,/core/www/modules//sdig/index.php?run_id=110202&search_id=114132&scans_id=110198&peptide_id=33194&scanf=40850&charge=2&value=12/12,sp|P04908|H2A1B_HUMAN,/core/www/modules//consensus/?run_id=110202&search_id=114132&scans_id=110198&peptide_id=33194&scanf=40850&charge=2&value=sp|P04908|H2A1B_HUMAN,20,/core/www/modules/match_peptides/blast_html4.php?run_id=110202&search_id=114132&scans_id=110198&peptide_id=33194&scanf=40850&charge=2&value=20,R.HLQLAIR.N,/core/www/modules/show_out/show_out_wrapper.php?run_id=110202&search_id=114132&scans_id=110198&peptide_id=33194&scanf=40850&charge=2&value=R.HLQLAIR.N,H2AC8,4.853e+6,3.852,0.000,3.670,0.000
40861,3,"  2.772","  0.487",14/64,/core/www/modules//sdig/index.php?run_id=110202&search_id=114132&scans_id=110198&peptide_id=33206&scanf=40861&charge=3&value=14/64,sp|O95453|PARN_HUMAN,/core/www/modules//consensus/?run_id=110202&search_id=114132&scans_id=110198&peptide_id=33206&scanf=40861&charge=3&value=sp|O95453|PARN_HUMAN,10,/core/www/modules/match_peptides/blast_html4.php?run_id=110202&search_id=114132&scans_id=110198&peptide_id=33206&scanf=40861&charge=3&value=10,R.VMDIPYLNLEGPDLQPK.R,/core/www/modules/show_out/show_out_wrapper.php?run_id=110202&search_id=114132&scans_id=110198&peptide_id=33206&scanf=40861&charge=3&value=R.VMDIPYLNLEGPDLQPK.R,PARN,1.442e+6,2.785,0.008,2.091,0.000
40862,2,"  3.556","  0.576",14/34,/core/www/modules//sdig/index.php?run_id=110202&search_id=114132&scans_id=110198&peptide_id=33207&scanf=40862&charge=2&value=14/34,sp|O60293|ZC3H1_HUMAN,/core/www/modules//consensus/?run_id=110202&search_id=114132&scans_id=110198&peptide_id=33207&scanf=40862&charge=2&value=sp|O60293|ZC3H1_HUMAN,0,/core/www/modules/match_peptides/blast_html4.php?run_id=110202&search_id=114132&scans_id=110198&peptide_id=33207&scanf=40862&charge=2&value=0,R.IVNTESFVMPWQAVQDVK.T,/core/www/modules/show_out/show_out_wrapper.php?run_id=110202&search_id=114132&scans_id=110198&peptide_id=33207&scanf=40862&charge=2&value=R.IVNTESFVMPWQAVQDVK.T,ZFC3H1,1.294e+6,2.863,0.006,2.206,0.000
40873,3,"  3.440","  0.509",11/72,/core/www/modules//sdig/index.php?run_id=110202&search_id=114132&scans_id=110198&peptide_id=33218&scanf=40873&charge=3&value=11/72,sp|Q9NTX5|ECHD1_HUMAN,/core/www/modules//consensus/?run_id=110202&search_id=114132&scans_id=110198&peptide_id=33218&scanf=40873&charge=3&value=sp|Q9NTX5|ECHD1_HUMAN,1,/core/www/modules/match_peptides/blast_html4.php?run_id=110202&search_id=114132&scans_id=110198&peptide_id=33218&scanf=40873&charge=3&value=1,K.NALNIGMVEEVLQSSDETK.S,/core/www/modules/show_out/show_out_wrapper.php?run_id=110202&search_id=114132&scans_id=110198&peptide_id=33218&scanf=40873&charge=3&value=K.NALNIGMVEEVLQSSDETK.S,ECHDC1,1.535e+6,2.616,0.014,1.844,0.000
40883,3,"  3.073","  0.370",11/96,/core/www/modules//sdig/index.php?run_id=110202&search_id=114132&scans_id=110198&peptide_id=33229&scanf=40883&charge=3&value=11/96,sp|Q92576|PHF3_HUMAN,/core/www/modules//consensus/?run_id=110202&search_id=114132&scans_id=110198&peptide_id=33229&scanf=40883&charge=3&value=sp|Q92576|PHF3_HUMAN,1,/core/www/modules/match_peptides/blast_html4.php?run_id=110202&search_id=114132&scans_id=110198&peptide_id=33229&scanf=40883&charge=3&value=1,K.IEVSTEEAPEEENDFFNSFTTVLHK.Q,/core/www/modules/show_out/show_out_wrapper.php?run_id=110202&search_id=114132&scans_id=110198&peptide_id=33229&scanf=40883&charge=3&value=K.IEVSTEEAPEEENDFFNSFTTVLHK.Q,PHF3,8.157e+5,2.056,0.090,1.047,0.004
40887,2,"  3.046","  0.558",13/22,/core/www/modules//sdig/index.php?run_id=110202&search_id=114132&scans_id=110198&peptide_id=33232&scanf=40887&charge=2&value=13/22,sp|Q92841|DDX17_HUMAN,/core/www/modules//consensus/?run_id=110202&search_id=114132&scans_id=110198&peptide_id=33232&scanf=40887&charge=2&value=sp|Q92841|DDX17_HUMAN,2,/core/www/modules/match_peptides/blast_html4.php?run_id=110202&search_id=114132&scans_id=110198&peptide_id=33232&scanf=40887&charge=2&value=2,K.LIQLMEEIMAEK.E,/core/www/modules/show_out/show_out_wrapper.php?run_id=110202&search_id=114132&scans_id=110198&peptide_id=33232&scanf=40887&charge=2&value=K.LIQLMEEIMAEK.E,DDX17,4.913e+7,3.357,0.001,2.936,0.000
40890,3,"  3.524","  0.574",15/68,/core/www/modules//sdig/index.php?run_id=110202&search_id=114132&scans_id=110198&peptide_id=33236&scanf=40890&charge=3&value=15/68,sp|P51114|FXR1_HUMAN,/core/www/modules//consensus/?run_id=110202&search_id=114132&scans_id=110198&peptide_id=33236&scanf=40890&charge=3&value=sp|P51114|FXR1_HUMAN,5,/core/www/modules/match_peptides/blast_html4.php?run_id=110202&search_id=114132&scans_id=110198&peptide_id=33236&scanf=40890&charge=3&value=5,K.ESIGNVQVLLEYHIAYLK.E,/core/www/modules/show_out/show_out_wrapper.php?run_id=110202&search_id=114132&scans_id=110198&peptide_id=33236&scanf=40890&charge=3&value=K.ESIGNVQVLLEYHIAYLK.E,FXR1,1.347e+6,3.134,0.002,2.607,0.000
40913,2,"  2.167","  0.392",7/28,/core/www/modules//sdig/index.php?run_id=110202&search_id=114132&scans_id=110198&peptide_id=33260&scanf=40913&charge=2&value=7/28,sp|P04004|VTNC_HUMAN,/core/www/modules//consensus/?run_id=110202&search_id=114132&scans_id=110198&peptide_id=33260&scanf=40913&charge=2&value=sp|P04004|VTNC_HUMAN,0,/core/www/modules/match_peptides/blast_html4.php?run_id=110202&search_id=114132&scans_id=110198&peptide_id=33260&scanf=40913&charge=2&value=0,R.DVWGIEGPIDAAFTR.I,/core/www/modules/show_out/show_out_wrapper.php?run_id=110202&search_id=114132&scans_id=110198&peptide_id=33260&scanf=40913&charge=2&value=R.DVWGIEGPIDAAFTR.I,VTN,2.100e+6,1.931,0.131,0.882,0.006
40914,2,"  3.576","  0.609",11/22,/core/www/modules//sdig/index.php?run_id=110202&search_id=114132&scans_id=110198&peptide_id=33261&scanf=40914&charge=2&value=11/22,sp|Q14152|EIF3A_HUMAN,/core/www/modules//consensus/?run_id=110202&search_id=114132&scans_id=110198&peptide_id=33261&scanf=40914&charge=2&value=sp|Q14152|EIF3A_HUMAN,0,/core/www/modules/match_peptides/blast_html4.php?run_id=110202&search_id=114132&scans_id=110198&peptide_id=33261&scanf=40914&charge=2&value=0,R.FNVLQYVVPEVK.D,/core/www/modules/show_out/show_out_wrapper.php?run_id=110202&search_id=114132&scans_id=110198&peptide_id=33261&scanf=40914&charge=2&value=R.FNVLQYVVPEVK.D,EIF3A,8.449e+6,3.477,0.001,3.114,0.000
40917,2,"  2.280","  0.510",11/24,/core/www/modules//sdig/index.php?run_id=110202&search_id=114132&scans_id=110198&peptide_id=33264&scanf=40917&charge=2&value=11/24,sp|Q9H1A4|APC1_HUMAN,/core/www/modules//consensus/?run_id=110202&search_id=114132&scans_id=110198&peptide_id=33264&scanf=40917&charge=2&value=sp|Q9H1A4|APC1_HUMAN,2,/core/www/modules/match_peptides/blast_html4.php?run_id=110202&search_id=114132&scans_id=110198&peptide_id=33264&scanf=40917&charge=2&value=2,R.GLFMNSEFLPVVK.C,/core/www/modules/show_out/show_out_wrapper.php?run_id=110202&search_id=114132&scans_id=110198&peptide_id=33264&scanf=40917&charge=2&value=R.GLFMNSEFLPVVK.C,ANAPC1,1.279e+6,2.844,0.007,2.178,0.000
40918,3,"  3.346","  0.427",16/48,/core/www/modules//sdig/index.php?run_id=110202&search_id=114132&scans_id=110198&peptide_id=33265&scanf=40918&charge=3&value=16/48,sp|P08758|ANXA5_HUMAN,/core/www/modules//consensus/?run_id=110202&search_id=114132&scans_id=110198&peptide_id=33265&scanf=40918&charge=3&value=sp|P08758|ANXA5_HUMAN,1,/core/www/modules/match_peptides/blast_html4.php?run_id=110202&search_id=114132&scans_id=110198&peptide_id=33265&scanf=40918&charge=3&value=1,R.DLLDDLKSELTGK.F,/core/www/modules/show_out/show_out_wrapper.php?run_id=110202&search_id=114132&scans_id=110198&peptide_id=33265&scanf=40918&charge=3&value=R.DLLDDLKSELTGK.F,ANXA5,2.095e+6,2.708,0.011,1.978,0.000
40919,3,"  5.032","  0.624",20/92,/core/www/modules//sdig/index.php?run_id=110202&search_id=114132&scans_id=110198&peptide_id=33266&scanf=40919&charge=3&value=20/92,sp|Q9NXV6|CARF_HUMAN,/core/www/modules//consensus/?run_id=110202&search_id=114132&scans_id=110198&peptide_id=33266&scanf=40919&charge=3&value=sp|Q9NXV6|CARF_HUMAN,0,/core/www/modules/match_peptides/blast_html4.php?run_id=110202&search_id=114132&scans_id=110198&peptide_id=33266&scanf=40919&charge=3&value=0,R.GSEIEDLVLLDEESRPVNLPPALK.H,/core/www/modules/show_out/show_out_wrapper.php?run_id=110202&search_id=114132&scans_id=110198&peptide_id=33266&scanf=40919&charge=3&value=R.GSEIEDLVLLDEESRPVNLPPALK.H,CDKN2AIP,2.448e+6,3.006,0.004,2.417,0.000
40921,2,"  4.168","  0.679",16/32,/core/www/modules//sdig/index.php?run_id=110202&search_id=114132&scans_id=110198&peptide_id=33269&scanf=40921&charge=2&value=16/32,sp|P61247|RS3A_HUMAN,/core/www/modules//consensus/?run_id=110202&search_id=114132&scans_id=110198&peptide_id=33269&scanf=40921&charge=2&value=sp|P61247|RS3A_HUMAN,9,/core/www/modules/match_peptides/blast_html4.php?run_id=110202&search_id=114132&scans_id=110198&peptide_id=33269&scanf=40921&charge=2&value=9,R.VFEVSLADLQNDEVAFR.K,/core/www/modules/show_out/show_out_wrapper.php?run_id=110202&search_id=114132&scans_id=110198&peptide_id=33269&scanf=40921&charge=2&value=R.VFEVSLADLQNDEVAFR.K,RPS3A,1.894e+7,3.581,0.001,3.269,0.000
40922,2,"  3.862","  0.671",15/32,/core/www/modules//sdig/index.php?run_id=110202&search_id=114132&scans_id=110198&peptide_id=33270&scanf=40922&charge=2&value=15/32,sp|O95453|PARN_HUMAN,/core/www/modules//consensus/?run_id=110202&search_id=114132&scans_id=110198&peptide_id=33270&scanf=40922&charge=2&value=sp|O95453|PARN_HUMAN,10,/core/www/modules/match_peptides/blast_html4.php?run_id=110202&search_id=114132&scans_id=110198&peptide_id=33270&scanf=40922&charge=2&value=10,R.VMDIPYLNLEGPDLQPK.R,/core/www/modules/show_out/show_out_wrapper.php?run_id=110202&search_id=114132&scans_id=110198&peptide_id=33270&scanf=40922&charge=2&value=R.VMDIPYLNLEGPDLQPK.R,PARN,1.244e+6,3.307,0.001,2.862,0.000
40925,3,"  4.754","  0.654",20/60,/core/www/modules//sdig/index.php?run_id=110202&search_id=114132&scans_id=110198&peptide_id=33273&scanf=40925&charge=3&value=20/60,sp|Q8NAV1|PR38A_HUMAN,/core/www/modules//consensus/?run_id=110202&search_id=114132&scans_id=110198&peptide_id=33273&scanf=40925&charge=3&value=sp|Q8NAV1|PR38A_HUMAN,0,/core/www/modules/match_peptides/blast_html4.php?run_id=110202&search_id=114132&scans_id=110198&peptide_id=33273&scanf=40925&charge=3&value=0,K.MLQIQPEKDIIVEFIK.N,/core/www/modules/show_out/show_out_wrapper.php?run_id=110202&search_id=114132&scans_id=110198&peptide_id=33273&scanf=40925&charge=3&value=K.MLQIQPEKDIIVEFIK.N,PRPF38A,6.614e+6,3.387,0.001,2.980,0.000
40927,3,"  1.526","  0.335",10/60,/core/www/modules//sdig/index.php?run_id=110202&search_id=114132&scans_id=110198&peptide_id=33275&scanf=40927&charge=3&value=10/60,sp|Q9Y230|RUVB2_HUMAN,/core/www/modules//consensus/?run_id=110202&search_id=114132&scans_id=110198&peptide_id=33275&scanf=40927&charge=3&value=sp|Q9Y230|RUVB2_HUMAN,1,/core/www/modules/match_peptides/blast_html4.php?run_id=110202&search_id=114132&scans_id=110198&peptide_id=33275&scanf=40927&charge=3&value=1,R.TQGFLALFSGDTGEIK.S,/core/www/modules/show_out/show_out_wrapper.php?run_id=110202&search_id=114132&scans_id=110198&peptide_id=33275&scanf=40927&charge=3&value=R.TQGFLALFSGDTGEIK.S,RUVBL2,1.063e+6,2.304,0.041,1.392,0.001
40929,3,"  3.436","  0.508",15/52,/core/www/modules//sdig/index.php?run_id=110202&search_id=114132&scans_id=110198&peptide_id=33276&scanf=40929&charge=3&value=15/52,sp|O43159|RRP8_HUMAN,/core/www/modules//consensus/?run_id=110202&search_id=114132&scans_id=110198&peptide_id=33276&scanf=40929&charge=3&value=sp|O43159|RRP8_HUMAN,1,/core/www/modules/match_peptides/blast_html4.php?run_id=110202&search_id=114132&scans_id=110198&peptide_id=33276&scanf=40929&charge=3&value=1,K.DLTNSHFFLFDFQK.T,/core/www/modules/show_out/show_out_wrapper.php?run_id=110202&search_id=114132&scans_id=110198&peptide_id=33276&scanf=40929&charge=3&value=K.DLTNSHFFLFDFQK.T,RRP8,1.063e+7,3.188,0.002,2.686,0.000
40930,3,"  6.523","  0.657",26/92,/core/www/modules//sdig/index.php?run_id=110202&search_id=114132&scans_id=110198&peptide_id=33278&scanf=40930&charge=3&value=26/92,sp|Q9P2K5|MYEF2_HUMAN,/core/www/modules//consensus/?run_id=110202&search_id=114132&scans_id=110198&peptide_id=33278&scanf=40930&charge=3&value=sp|Q9P2K5|MYEF2_HUMAN,4,/core/www/modules/match_peptides/blast_html4.php?run_id=110202&search_id=114132&scans_id=110198&peptide_id=33278&scanf=40930&charge=3&value=4,R.IGGGIGFGGLEAMNSMGGFGGVGR.M,/core/www/modules/show_out/show_out_wrapper.php?run_id=110202&search_id=114132&scans_id=110198&peptide_id=33278&scanf=40930&charge=3&value=R.IGGGIGFGGLEAMNSMGGFGGVGR.M,MYEF2,6.237e+6,3.529,0.001,3.191,0.000
40934,3,"  4.068","  0.599",12/64,/core/www/modules//sdig/index.php?run_id=110202&search_id=114132&scans_id=110198&peptide_id=33282&scanf=40934&charge=3&value=12/64,sp|Q5SRE5|NU188_HUMAN,/core/www/modules//consensus/?run_id=110202&search_id=114132&scans_id=110198&peptide_id=33282&scanf=40934&charge=3&value=sp|Q5SRE5|NU188_HUMAN,0,/core/www/modules/match_peptides/blast_html4.php?run_id=110202&search_id=114132&scans_id=110198&peptide_id=33282&scanf=40934&charge=3&value=0,R.YNFLPEALDFVGVHQER.T,/core/www/modules/show_out/show_out_wrapper.php?run_id=110202&search_id=114132&scans_id=110198&peptide_id=33282&scanf=40934&charge=3&value=R.YNFLPEALDFVGVHQER.T,NUP188,2.943e+6,3.220,0.002,2.733,0.000
40937,3,"  3.693","  0.435",11/72,/core/www/modules//sdig/index.php?run_id=110202&search_id=114132&scans_id=110198&peptide_id=33285&scanf=40937&charge=3&value=11/72,sp|Q8NFD5|ARI1B_HUMAN,/core/www/modules//consensus/?run_id=110202&search_id=114132&scans_id=110198&peptide_id=33285&scanf=40937&charge=3&value=sp|Q8NFD5|ARI1B_HUMAN,9,/core/www/modules/match_peptides/blast_html4.php?run_id=110202&search_id=114132&scans_id=110198&peptide_id=33285&scanf=40937&charge=3&value=9,R.EMSMALLSNLAQGDALAAR.A,/core/www/modules/show_out/show_out_wrapper.php?run_id=110202&search_id=114132&scans_id=110198&peptide_id=33285&scanf=40937&charge=3&value=R.EMSMALLSNLAQGDALAAR.A,ARID1B,2.844e+6,2.507,0.021,1.684,0.000
40938,2,"  3.575","  0.655",15/32,/core/www/modules//sdig/index.php?run_id=110202&search_id=114132&scans_id=110198&peptide_id=33286&scanf=40938&charge=2&value=15/32,sp|O95453|PARN_HUMAN,/core/www/modules//consensus/?run_id=110202&search_id=114132&scans_id=110198&peptide_id=33286&scanf=40938&charge=2&value=sp|O95453|PARN_HUMAN,10,/core/www/modules/match_peptides/blast_html4.php?run_id=110202&search_id=114132&scans_id=110198&peptide_id=33286&scanf=40938&charge=2&value=10,R.VMDIPYLNLEGPDLQPK.R,/core/www/modules/show_out/show_out_wrapper.php?run_id=110202&search_id=114132&scans_id=110198&peptide_id=33286&scanf=40938&charge=2&value=R.VMDIPYLNLEGPDLQPK.R,PARN,1.244e+6,3.238,0.002,2.760,0.000
40939,2,"  1.730","  0.394",12/20,/core/www/modules//sdig/index.php?run_id=110202&search_id=114132&scans_id=110198&peptide_id=33287&scanf=40939&charge=2&value=12/20,sp|Q96EK6|GNA1_HUMAN,/core/www/modules//consensus/?run_id=110202&search_id=114132&scans_id=110198&peptide_id=33287&scanf=40939&charge=2&value=sp|Q96EK6|GNA1_HUMAN,2,/core/www/modules/match_peptides/blast_html4.php?run_id=110202&search_id=114132&scans_id=110198&peptide_id=33287&scanf=40939&charge=2&value=2,K.LLLSTLTLLSK.K,/core/www/modules/show_out/show_out_wrapper.php?run_id=110202&search_id=114132&scans_id=110198&peptide_id=33287&scanf=40939&charge=2&value=K.LLLSTLTLLSK.K,GNPNAT1,1.517e+6,2.753,0.009,2.044,0.000
40948,3,"  2.712","  0.480",11/72,/core/www/modules//sdig/index.php?run_id=110202&search_id=114132&scans_id=110198&peptide_id=33297&scanf=40948&charge=3&value=11/72,sp|Q99729|ROAA_HUMAN,/core/www/modules//consensus/?run_id=110202&search_id=114132&scans_id=110198&peptide_id=33297&scanf=40948&charge=3&value=sp|Q99729|ROAA_HUMAN,3,/core/www/modules/match_peptides/blast_html4.php?run_id=110202&search_id=114132&scans_id=110198&peptide_id=33297&scanf=40948&charge=3&value=3,R.EYFGEFGEIEAIELPM*DPK.L,/core/www/modules/show_out/show_out_wrapper.php?run_id=110202&search_id=114132&scans_id=110198&peptide_id=33297&scanf=40948&charge=3&value=R.EYFGEFGEIEAIELPM*DPK.L,HNRNPAB,1.177e+6,2.656,0.013,1.901,0.000
40950,2,"  3.469","  0.655",14/22,/core/www/modules//sdig/index.php?run_id=110202&search_id=114132&scans_id=110198&peptide_id=33299&scanf=40950&charge=2&value=14/22,sp|P61978|HNRPK_HUMAN,/core/www/modules//consensus/?run_id=110202&search_id=114132&scans_id=110198&peptide_id=33299&scanf=40950&charge=2&value=sp|P61978|HNRPK_HUMAN,1,/core/www/modules/match_peptides/blast_html4.php?run_id=110202&search_id=114132&scans_id=110198&peptide_id=33299&scanf=40950&charge=2&value=1,K.IILDLISESPIK.G,/core/www/modules/show_out/show_out_wrapper.php?run_id=110202&search_id=114132&scans_id=110198&peptide_id=33299&scanf=40950&charge=2&value=K.IILDLISESPIK.G,HNRNPK,4.332e+8,3.984,0.000,3.865,0.000
40952,2,"  2.322","  0.437",8/22,/core/www/modules//sdig/index.php?run_id=110202&search_id=114132&scans_id=110198&peptide_id=33301&scanf=40952&charge=2&value=8/22,sp|Q8WYA6|CTBL1_HUMAN,/core/www/modules//consensus/?run_id=110202&search_id=114132&scans_id=110198&peptide_id=33301&scanf=40952&charge=2&value=sp|Q8WYA6|CTBL1_HUMAN,1,/core/www/modules/match_peptides/blast_html4.php?run_id=110202&search_id=114132&scans_id=110198&peptide_id=33301&scanf=40952&charge=2&value=1,K.GEGLQLMNLMLR.E,/core/www/modules/show_out/show_out_wrapper.php?run_id=110202&search_id=114132&scans_id=110198&peptide_id=33301&scanf=40952&charge=2&value=K.GEGLQLMNLMLR.E,CTNNBL1,1.603e+7,2.621,0.014,1.851,0.000
40955,3,"  6.489","  0.755",25/92,/core/www/modules//sdig/index.php?run_id=110202&search_id=114132&scans_id=110198&peptide_id=33304&scanf=40955&charge=3&value=25/92,sp|Q9C0J8|WDR33_HUMAN,/core/www/modules//consensus/?run_id=110202&search_id=114132&scans_id=110198&peptide_id=33304&scanf=40955&charge=3&value=sp|Q9C0J8|WDR33_HUMAN,0,/core/www/modules/match_peptides/blast_html4.php?run_id=110202&search_id=114132&scans_id=110198&peptide_id=33304&scanf=40955&charge=3&value=0,K.TQAEIEQEMATLQYTNPQLLEQLK.I,/core/www/modules/show_out/show_out_wrapper.php?run_id=110202&search_id=114132&scans_id=110198&peptide_id=33304&scanf=40955&charge=3&value=K.TQAEIEQEMATLQYTNPQLLEQLK.I,WDR33,2.097e+6,3.730,0.000,3.489,0.000
40957,3,"  4.049","  0.676",20/76,/core/www/modules//sdig/index.php?run_id=110202&search_id=114132&scans_id=110198&peptide_id=33306&scanf=40957&charge=3&value=20/76,sp|P12956|XRCC6_HUMAN,/core/www/modules//consensus/?run_id=110202&search_id=114132&scans_id=110198&peptide_id=33306&scanf=40957&charge=3&value=sp|P12956|XRCC6_HUMAN,1,/core/www/modules/match_peptides/blast_html4.php?run_id=110202&search_id=114132&scans_id=110198&peptide_id=33306&scanf=40957&charge=3&value=1,R.NIPPYFVALVPQEEELDDQK.I,/core/www/modules/show_out/show_out_wrapper.php?run_id=110202&search_id=114132&scans_id=110198&peptide_id=33306&scanf=40957&charge=3&value=R.NIPPYFVALVPQEEELDDQK.I,XRCC6,2.968e+7,3.673,0.000,3.404,0.000
40958,3,"  3.906","  0.476",14/72,/core/www/modules//sdig/index.php?run_id=110202&search_id=114132&scans_id=110198&peptide_id=33307&scanf=40958&charge=3&value=14/72,sp|Q14966|ZN638_HUMAN,/core/www/modules//consensus/?run_id=110202&search_id=114132&scans_id=110198&peptide_id=33307&scanf=40958&charge=3&value=sp|Q14966|ZN638_HUMAN,0,/core/www/modules/match_peptides/blast_html4.php?run_id=110202&search_id=114132&scans_id=110198&peptide_id=33307&scanf=40958&charge=3&value=0,K.AILQLDSPESAQSMYSFLK.Q,/core/www/modules/show_out/show_out_wrapper.php?run_id=110202&search_id=114132&scans_id=110198&peptide_id=33307&scanf=40958&charge=3&value=K.AILQLDSPESAQSMYSFLK.Q,ZNF638,3.972e+6,2.855,0.006,2.195,0.000
40961,2,"  2.235","  0.383",8/28,/core/www/modules//sdig/index.php?run_id=110202&search_id=114132&scans_id=110198&peptide_id=33311&scanf=40961&charge=2&value=8/28,sp|P51153|RAB13_HUMAN,/core/www/modules//consensus/?run_id=110202&search_id=114132&scans_id=110198&peptide_id=33311&scanf=40961&charge=2&value=sp|P51153|RAB13_HUMAN,0,/core/www/modules/match_peptides/blast_html4.php?run_id=110202&search_id=114132&scans_id=110198&peptide_id=33311&scanf=40961&charge=2&value=0,R.GAMGIILVYDITDEK.S,/core/www/modules/show_out/show_out_wrapper.php?run_id=110202&search_id=114132&scans_id=110198&peptide_id=33311&scanf=40961&charge=2&value=R.GAMGIILVYDITDEK.S,RAB13,2.358e+6,2.051,0.091,1.040,0.004
40962,3,"  3.420","  0.531",15/68,/core/www/modules//sdig/index.php?run_id=110202&search_id=114132&scans_id=110198&peptide_id=33312&scanf=40962&charge=3&value=15/68,sp|Q16851|UGPA_HUMAN,/core/www/modules//consensus/?run_id=110202&search_id=114132&scans_id=110198&peptide_id=33312&scanf=40962&charge=3&value=sp|Q16851|UGPA_HUMAN,9,/core/www/modules/match_peptides/blast_html4.php?run_id=110202&search_id=114132&scans_id=110198&peptide_id=33312&scanf=40962&charge=3&value=9,R.NENTFLDLTVQQIEHLNK.T,/core/www/modules/show_out/show_out_wrapper.php?run_id=110202&search_id=114132&scans_id=110198&peptide_id=33312&scanf=40962&charge=3&value=R.NENTFLDLTVQQIEHLNK.T,UGP2,9.569e+5,2.967,0.004,2.360,0.000
40969,3,"  3.456","  0.573",15/72,/core/www/modules//sdig/index.php?run_id=110202&search_id=114132&scans_id=110198&peptide_id=33319&scanf=40969&charge=3&value=15/72,sp|P27348|1433T_HUMAN,/core/www/modules//consensus/?run_id=110202&search_id=114132&scans_id=110198&peptide_id=33319&scanf=40969&charge=3&value=sp|P27348|1433T_HUMAN,0,/core/www/modules/match_peptides/blast_html4.php?run_id=110202&search_id=114132&scans_id=110198&peptide_id=33319&scanf=40969&charge=3&value=0,K.TAFDEAIAELDTLNEDSYK.D,/core/www/modules/show_out/show_out_wrapper.php?run_id=110202&search_id=114132&scans_id=110198&peptide_id=33319&scanf=40969&charge=3&value=K.TAFDEAIAELDTLNEDSYK.D,YWHAQ,1.439e+7,3.100,0.003,2.556,0.000
40971,2,"  2.658","  0.504",12/18,/core/www/modules//sdig/index.php?run_id=110202&search_id=114132&scans_id=110198&peptide_id=33321&scanf=40971&charge=2&value=12/18,sp|P26641|EF1G_HUMAN,/core/www/modules//consensus/?run_id=110202&search_id=114132&scans_id=110198&peptide_id=33321&scanf=40971&charge=2&value=sp|P26641|EF1G_HUMAN,0,/core/www/modules/match_peptides/blast_html4.php?run_id=110202&search_id=114132&scans_id=110198&peptide_id=33321&scanf=40971&charge=2&value=0,R.ILGLLDAYLK.T,/core/www/modules/show_out/show_out_wrapper.php?run_id=110202&search_id=114132&scans_id=110198&peptide_id=33321&scanf=40971&charge=2&value=R.ILGLLDAYLK.T,EEF1G,3.307e+7,3.380,0.001,2.971,0.000
40972,3,"  4.787","  0.599",19/84,/core/www/modules//sdig/index.php?run_id=110202&search_id=114132&scans_id=110198&peptide_id=33322&scanf=40972&charge=3&value=19/84,sp|P50570|DYN2_HUMAN,/core/www/modules//consensus/?run_id=110202&search_id=114132&scans_id=110198&peptide_id=33322&scanf=40972&charge=3&value=sp|P50570|DYN2_HUMAN,1,/core/www/modules/match_peptides/blast_html4.php?run_id=110202&search_id=114132&scans_id=110198&peptide_id=33322&scanf=40972&charge=3&value=1,R.ESSLILAVTPANMDLANSDALK.L,/core/www/modules/show_out/show_out_wrapper.php?run_id=110202&search_id=114132&scans_id=110198&peptide_id=33322&scanf=40972&charge=3&value=R.ESSLILAVTPANMDLANSDALK.L,DNM2,2.443e+6,3.181,0.002,2.676,0.000
40973,2,"  1.477","  0.247",8/20,/core/www/modules//sdig/index.php?run_id=110202&search_id=114132&scans_id=110198&peptide_id=33323&scanf=40973&charge=2&value=8/20,sp|P62304|RUXE_HUMAN,/core/www/modules//consensus/?run_id=110202&search_id=114132&scans_id=110198&peptide_id=33323&scanf=40973&charge=2&value=sp|P62304|RUXE_HUMAN,0,/core/www/modules/match_peptides/blast_html4.php?run_id=110202&search_id=114132&scans_id=110198&peptide_id=33323&scanf=40973&charge=2&value=0,K.VMVQPINLIFR.Y,/core/www/modules/show_out/show_out_wrapper.php?run_id=110202&search_id=114132&scans_id=110198&peptide_id=33323&scanf=40973&charge=2&value=K.VMVQPINLIFR.Y,SNRPE,6.119e+7,1.889,0.148,0.829,0.007
40976,4,"  3.628","  0.506",10/114,/core/www/modules//sdig/index.php?run_id=110202&search_id=114132&scans_id=110198&peptide_id=33326&scanf=40976&charge=4&value=10/114,sp|Q13315|ATM_HUMAN,/core/www/modules//consensus/?run_id=110202&search_id=114132&scans_id=110198&peptide_id=33326&scanf=40976&charge=4&value=sp|Q13315|ATM_HUMAN,2,/core/www/modules/match_peptides/blast_html4.php?run_id=110202&search_id=114132&scans_id=110198&peptide_id=33326&scanf=40976&charge=4&value=2,K.DFPVNEVFTQFLADNHHQVR.M,/core/www/modules/show_out/show_out_wrapper.php?run_id=110202&search_id=114132&scans_id=110198&peptide_id=33326&scanf=40976&charge=4&value=K.DFPVNEVFTQFLADNHHQVR.M,ATM,2.987e+6,3.245,0.002,2.770,0.000
40978,2,"  3.849","  0.425",14/24,/core/www/modules//sdig/index.php?run_id=110202&search_id=114132&scans_id=110198&peptide_id=33328&scanf=40978&charge=2&value=14/24,sp|Q9NU22|MDN1_HUMAN,/core/www/modules//consensus/?run_id=110202&search_id=114132&scans_id=110198&peptide_id=33328&scanf=40978&charge=2&value=sp|Q9NU22|MDN1_HUMAN,0,/core/www/modules/match_peptides/blast_html4.php?run_id=110202&search_id=114132&scans_id=110198&peptide_id=33328&scanf=40978&charge=2&value=0,R.SLTTLSEQWIILR.N,/core/www/modules/show_out/show_out_wrapper.php?run_id=110202&search_id=114132&scans_id=110198&peptide_id=33328&scanf=40978&charge=2&value=R.SLTTLSEQWIILR.N,MDN1,1.691e+6,2.950,0.005,2.335,0.000
40980,3,"  4.788","  0.641",18/92,/core/www/modules//sdig/index.php?run_id=110202&search_id=114132&scans_id=110198&peptide_id=33331&scanf=40980&charge=3&value=18/92,sp|Q6YP21|KAT3_HUMAN,/core/www/modules//consensus/?run_id=110202&search_id=114132&scans_id=110198&peptide_id=33331&scanf=40980&charge=3&value=sp|Q6YP21|KAT3_HUMAN,1,/core/www/modules/match_peptides/blast_html4.php?run_id=110202&search_id=114132&scans_id=110198&peptide_id=33331&scanf=40980&charge=3&value=1,K.LAADPSVVNLGQGFPDISPPTYVK.E,/core/www/modules/show_out/show_out_wrapper.php?run_id=110202&search_id=114132&scans_id=110198&peptide_id=33331&scanf=40980&charge=3&value=K.LAADPSVVNLGQGFPDISPPTYVK.E,KYAT3,2.485e+6,3.015,0.004,2.430,0.000
40981,3,"  3.332","  0.506",15/48,/core/www/modules//sdig/index.php?run_id=110202&search_id=114132&scans_id=110198&peptide_id=33332&scanf=40981&charge=3&value=15/48,sp|Q96ST3|SIN3A_HUMAN,/core/www/modules//consensus/?run_id=110202&search_id=114132&scans_id=110198&peptide_id=33332&scanf=40981&charge=3&value=sp|Q96ST3|SIN3A_HUMAN,0,/core/www/modules/match_peptides/blast_html4.php?run_id=110202&search_id=114132&scans_id=110198&peptide_id=33332&scanf=40981&charge=3&value=0,K.SLLNEIESIYDER.Q,/core/www/modules/show_out/show_out_wrapper.php?run_id=110202&search_id=114132&scans_id=110198&peptide_id=33332&scanf=40981&charge=3&value=K.SLLNEIESIYDER.Q,SIN3A,3.579e+6,3.283,0.001,2.827,0.000
40983,2,"  3.167","  0.365",10/26,/core/www/modules//sdig/index.php?run_id=110202&search_id=114132&scans_id=110198&peptide_id=33334&scanf=40983&charge=2&value=10/26,sp|Q96HP0|DOCK6_HUMAN,/core/www/modules//consensus/?run_id=110202&search_id=114132&scans_id=110198&peptide_id=33334&scanf=40983&charge=2&value=sp|Q96HP0|DOCK6_HUMAN,1,/core/www/modules/match_peptides/blast_html4.php?run_id=110202&search_id=114132&scans_id=110198&peptide_id=33334&scanf=40983&charge=2&value=1,R.NLAADSLLPSLLER.A,/core/www/modules/show_out/show_out_wrapper.php?run_id=110202&search_id=114132&scans_id=110198&peptide_id=33334&scanf=40983&charge=2&value=R.NLAADSLLPSLLER.A,DOCK6,8.563e+5,2.317,0.039,1.411,0.001
40986,2,"  2.812","  0.516",9/34,/core/www/modules//sdig/index.php?run_id=110202&search_id=114132&scans_id=110198&peptide_id=33337&scanf=40986&charge=2&value=9/34,sp|Q9HCE1|MOV10_HUMAN,/core/www/modules//consensus/?run_id=110202&search_id=114132&scans_id=110198&peptide_id=33337&scanf=40986&charge=2&value=sp|Q9HCE1|MOV10_HUMAN,1,/core/www/modules/match_peptides/blast_html4.php?run_id=110202&search_id=114132&scans_id=110198&peptide_id=33337&scanf=40986&charge=2&value=1,K.ISFGTPAPGFSSMLYGMK.I,/core/www/modules/show_out/show_out_wrapper.php?run_id=110202&search_id=114132&scans_id=110198&peptide_id=33337&scanf=40986&charge=2&value=K.ISFGTPAPGFSSMLYGMK.I,MOV10,8.274e+5,2.550,0.018,1.746,0.000
40992,3,"  3.348","  0.389",11/84,/core/www/modules//sdig/index.php?run_id=110202&search_id=114132&scans_id=110198&peptide_id=33342&scanf=40992&charge=3&value=11/84,sp|P39023|RL3_HUMAN,/core/www/modules//consensus/?run_id=110202&search_id=114132&scans_id=110198&peptide_id=33342&scanf=40992&charge=3&value=sp|P39023|RL3_HUMAN,1,/core/www/modules/match_peptides/blast_html4.php?run_id=110202&search_id=114132&scans_id=110198&peptide_id=33342&scanf=40992&charge=3&value=1,K.SINPLGGFVHYGEVTNDFVM*LK.G,/core/www/modules/show_out/show_out_wrapper.php?run_id=110202&search_id=114132&scans_id=110198&peptide_id=33342&scanf=40992&charge=3&value=K.SINPLGGFVHYGEVTNDFVM*LK.G,RPL3,9.946e+6,2.327,0.038,1.424,0.001
40993,2,"  3.186","  0.546",13/28,/core/www/modules//sdig/index.php?run_id=110202&search_id=114132&scans_id=110198&peptide_id=33343&scanf=40993&charge=2&value=13/28,sp|Q96CW1|AP2M1_HUMAN,/core/www/modules//consensus/?run_id=110202&search_id=114132&scans_id=110198&peptide_id=33343&scanf=40993&charge=2&value=sp|Q96CW1|AP2M1_HUMAN,7,/core/www/modules/match_peptides/blast_html4.php?run_id=110202&search_id=114132&scans_id=110198&peptide_id=33343&scanf=40993&charge=2&value=7,R.SISFIPPDGEFELMR.Y,/core/www/modules/show_out/show_out_wrapper.php?run_id=110202&search_id=114132&scans_id=110198&peptide_id=33343&scanf=40993&charge=2&value=R.SISFIPPDGEFELMR.Y,AP2M1,2.962e+6,3.031,0.004,2.454,0.000
40994,2,"  4.480","  0.516",15/26,/core/www/modules//sdig/index.php?run_id=110202&search_id=114132&scans_id=110198&peptide_id=33344&scanf=40994&charge=2&value=15/26,sp|P12814|ACTN1_HUMAN,/core/www/modules//consensus/?run_id=110202&search_id=114132&scans_id=110198&peptide_id=33344&scanf=40994&charge=2&value=sp|P12814|ACTN1_HUMAN,12,/core/www/modules/match_peptides/blast_html4.php?run_id=110202&search_id=114132&scans_id=110198&peptide_id=33344&scanf=40994&charge=2&value=12,K.LLETIDQLYLEYAK.R,/core/www/modules/show_out/show_out_wrapper.php?run_id=110202&search_id=114132&scans_id=110198&peptide_id=33344&scanf=40994&charge=2&value=K.LLETIDQLYLEYAK.R,ACTN1,1.043e+7,3.143,0.002,2.619,0.000
40995,3,"  4.499","  0.637",19/92,/core/www/modules//sdig/index.php?run_id=110202&search_id=114132&scans_id=110198&peptide_id=33345&scanf=40995&charge=3&value=19/92,sp|Q6YP21|KAT3_HUMAN,/core/www/modules//consensus/?run_id=110202&search_id=114132&scans_id=110198&peptide_id=33345&scanf=40995&charge=3&value=sp|Q6YP21|KAT3_HUMAN,1,/core/www/modules/match_peptides/blast_html4.php?run_id=110202&search_id=114132&scans_id=110198&peptide_id=33345&scanf=40995&charge=3&value=1,K.LAADPSVVNLGQGFPDISPPTYVK.E,/core/www/modules/show_out/show_out_wrapper.php?run_id=110202&search_id=114132&scans_id=110198&peptide_id=33345&scanf=40995&charge=3&value=K.LAADPSVVNLGQGFPDISPPTYVK.E,KYAT3,2.485e+6,2.869,0.006,2.214,0.000
40997,2,"  3.927","  0.588",14/34,/core/www/modules//sdig/index.php?run_id=110202&search_id=114132&scans_id=110198&peptide_id=33347&scanf=40997&charge=2&value=14/34,sp|P62829|RL23_HUMAN,/core/www/modules//consensus/?run_id=110202&search_id=114132&scans_id=110198&peptide_id=33347&scanf=40997&charge=2&value=sp|P62829|RL23_HUMAN,2,/core/www/modules/match_peptides/blast_html4.php?run_id=110202&search_id=114132&scans_id=110198&peptide_id=33347&scanf=40997&charge=2&value=2,K.DGVFLYFEDNAGVIVNNK.G,/core/www/modules/show_out/show_out_wrapper.php?run_id=110202&search_id=114132&scans_id=110198&peptide_id=33347&scanf=40997&charge=2&value=K.DGVFLYFEDNAGVIVNNK.G,RPL23,1.390e+6,3.074,0.003,2.518,0.000
40999,3,"  3.841","  0.472",9/76,/core/www/modules//sdig/index.php?run_id=110202&search_id=114132&scans_id=110198&peptide_id=33349&scanf=40999&charge=3&value=9/76,sp|Q96KM6|Z512B_HUMAN,/core/www/modules//consensus/?run_id=110202&search_id=114132&scans_id=110198&peptide_id=33349&scanf=40999&charge=3&value=sp|Q96KM6|Z512B_HUMAN,0,/core/www/modules/match_peptides/blast_html4.php?run_id=110202&search_id=114132&scans_id=110198&peptide_id=33349&scanf=40999&charge=3&value=0,R.LNYTRPGLPTLNPQLLEAWK.N,/core/www/modules/show_out/show_out_wrapper.php?run_id=110202&search_id=114132&scans_id=110198&peptide_id=33349&scanf=40999&charge=3&value=R.LNYTRPGLPTLNPQLLEAWK.N,ZNF512B,8.308e+5,2.595,0.015,1.813,0.000
41002,3,"  1.992","  0.259",10/48,/core/www/modules//sdig/index.php?run_id=110202&search_id=114132&scans_id=110198&peptide_id=33353&scanf=41002&charge=3&value=10/48,sp|Q9NV88|INT9_HUMAN,/core/www/modules//consensus/?run_id=110202&search_id=114132&scans_id=110198&peptide_id=33353&scanf=41002&charge=3&value=sp|Q9NV88|INT9_HUMAN,1,/core/www/modules/match_peptides/blast_html4.php?run_id=110202&search_id=114132&scans_id=110198&peptide_id=33353&scanf=41002&charge=3&value=1,R.FGDVVHFMELWGK.S,/core/www/modules/show_out/show_out_wrapper.php?run_id=110202&search_id=114132&scans_id=110198&peptide_id=33353&scanf=41002&charge=3&value=R.FGDVVHFMELWGK.S,INTS9,1.432e+6,2.210,0.055,1.259,0.002
41005,3,"  3.421","  0.589",17/48,/core/www/modules//sdig/index.php?run_id=110202&search_id=114132&scans_id=110198&peptide_id=33356&scanf=41005&charge=3&value=17/48,sp|Q9H7Z3|NRDE2_HUMAN,/core/www/modules//consensus/?run_id=110202&search_id=114132&scans_id=110198&peptide_id=33356&scanf=41005&charge=3&value=sp|Q9H7Z3|NRDE2_HUMAN,0,/core/www/modules/match_peptides/blast_html4.php?run_id=110202&search_id=114132&scans_id=110198&peptide_id=33356&scanf=41005&charge=3&value=0,R.NVFHLVMPLFSGK.E,/core/www/modules/show_out/show_out_wrapper.php?run_id=110202&search_id=114132&scans_id=110198&peptide_id=33356&scanf=41005&charge=3&value=R.NVFHLVMPLFSGK.E,NRDE2,1.936e+6,3.603,0.001,3.301,0.000
41008,2,"  4.619","  0.628",19/32,/core/www/modules//sdig/index.php?run_id=110202&search_id=114132&scans_id=110198&peptide_id=33359&scanf=41008&charge=2&value=19/32,sp|O75400|PR40A_HUMAN,/core/www/modules//consensus/?run_id=110202&search_id=114132&scans_id=110198&peptide_id=33359&scanf=41008&charge=2&value=sp|O75400|PR40A_HUMAN,4,/core/www/modules/match_peptides/blast_html4.php?run_id=110202&search_id=114132&scans_id=110198&peptide_id=33359&scanf=41008&charge=2&value=4,R.FTNMLGQPGSTALDLFK.F,/core/www/modules/show_out/show_out_wrapper.php?run_id=110202&search_id=114132&scans_id=110198&peptide_id=33359&scanf=41008&charge=2&value=R.FTNMLGQPGSTALDLFK.F,PRPF40A,6.583e+6,3.505,0.001,3.155,0.000
41009,3,"  3.245","  0.456",12/64,/core/www/modules//sdig/index.php?run_id=110202&search_id=114132&scans_id=110198&peptide_id=33360&scanf=41009&charge=3&value=12/64,sp|Q03164|KMT2A_HUMAN,/core/www/modules//consensus/?run_id=110202&search_id=114132&scans_id=110198&peptide_id=33360&scanf=41009&charge=3&value=sp|Q03164|KMT2A_HUMAN,1,/core/www/modules/match_peptides/blast_html4.php?run_id=110202&search_id=114132&scans_id=110198&peptide_id=33360&scanf=41009&charge=3&value=1,R.NIDAGEMVIEYAGNVIR.S,/core/www/modules/show_out/show_out_wrapper.php?run_id=110202&search_id=114132&scans_id=110198&peptide_id=33360&scanf=41009&charge=3&value=R.NIDAGEMVIEYAGNVIR.S,KMT2A,2.288e+6,2.638,0.013,1.875,0.000
41010,3,"  2.461","  0.484",12/60,/core/www/modules//sdig/index.php?run_id=110202&search_id=114132&scans_id=110198&peptide_id=33362&scanf=41010&charge=3&value=12/60,sp|O94874|UFL1_HUMAN,/core/www/modules//consensus/?run_id=110202&search_id=114132&scans_id=110198&peptide_id=33362&scanf=41010&charge=3&value=sp|O94874|UFL1_HUMAN,0,/core/www/modules/match_peptides/blast_html4.php?run_id=110202&search_id=114132&scans_id=110198&peptide_id=33362&scanf=41010&charge=3&value=0,K.TYDLPGNFLTQALTQR.L,/core/www/modules/show_out/show_out_wrapper.php?run_id=110202&search_id=114132&scans_id=110198&peptide_id=33362&scanf=41010&charge=3&value=K.TYDLPGNFLTQALTQR.L,UFL1,3.118e+6,2.858,0.006,2.198,0.000
41013,3,"  7.196","  0.707",23/104,/core/www/modules//sdig/index.php?run_id=110202&search_id=114132&scans_id=110198&peptide_id=33364&scanf=41013&charge=3&value=23/104,sp|P26599|PTBP1_HUMAN,/core/www/modules//consensus/?run_id=110202&search_id=114132&scans_id=110198&peptide_id=33364&scanf=41013&charge=3&value=sp|P26599|PTBP1_HUMAN,4,/core/www/modules/match_peptides/blast_html4.php?run_id=110202&search_id=114132&scans_id=110198&peptide_id=33364&scanf=41013&charge=3&value=4,K.NFQNIFPPSATLHLSNIPPSVSEEDLK.V,/core/www/modules/show_out/show_out_wrapper.php?run_id=110202&search_id=114132&scans_id=110198&peptide_id=33364&scanf=41013&charge=3&value=K.NFQNIFPPSATLHLSNIPPSVSEEDLK.V,PTBP1,2.183e+7,3.522,0.001,3.181,0.000
41015,2,"  3.402","  0.650",14/28,/core/www/modules//sdig/index.php?run_id=110202&search_id=114132&scans_id=110198&peptide_id=33366&scanf=41015&charge=2&value=14/28,sp|Q08J23|NSUN2_HUMAN,/core/www/modules//consensus/?run_id=110202&search_id=114132&scans_id=110198&peptide_id=33366&scanf=41015&charge=2&value=sp|Q08J23|NSUN2_HUMAN,1,/core/www/modules/match_peptides/blast_html4.php?run_id=110202&search_id=114132&scans_id=110198&peptide_id=33366&scanf=41015&charge=2&value=1,K.IVPEGEWGQFMDALR.E,/core/www/modules/show_out/show_out_wrapper.php?run_id=110202&search_id=114132&scans_id=110198&peptide_id=33366&scanf=41015&charge=2&value=K.IVPEGEWGQFMDALR.E,NSUN2,3.460e+6,3.449,0.001,3.072,0.000
41018,2,"  5.309","  0.772",20/36,/core/www/modules//sdig/index.php?run_id=110202&search_id=114132&scans_id=110198&peptide_id=33369&scanf=41018&charge=2&value=20/36,sp|Q12873|CHD3_HUMAN,/core/www/modules//consensus/?run_id=110202&search_id=114132&scans_id=110198&peptide_id=33369&scanf=41018&charge=2&value=sp|Q12873|CHD3_HUMAN,25,/core/www/modules/match_peptides/blast_html4.php?run_id=110202&search_id=114132&scans_id=110198&peptide_id=33369&scanf=41018&charge=2&value=25,R.FSWAQGTDTILADEMGLGK.T,/core/www/modules/show_out/show_out_wrapper.php?run_id=110202&search_id=114132&scans_id=110198&peptide_id=33369&scanf=41018&charge=2&value=R.FSWAQGTDTILADEMGLGK.T,CHD3,8.909e+6,3.973,0.000,3.849,0.000
41020,2,"  3.657","  0.661",12/26,/core/www/modules//sdig/index.php?run_id=110202&search_id=114132&scans_id=110198&peptide_id=33372&scanf=41020&charge=2&value=12/26,sp|Q14008|CKAP5_HUMAN,/core/www/modules//consensus/?run_id=110202&search_id=114132&scans_id=110198&peptide_id=33372&scanf=41020&charge=2&value=sp|Q14008|CKAP5_HUMAN,2,/core/www/modules/match_peptides/blast_html4.php?run_id=110202&search_id=114132&scans_id=110198&peptide_id=33372&scanf=41020&charge=2&value=2,K.LDDIFEPVLIPEPK.I,/core/www/modules/show_out/show_out_wrapper.php?run_id=110202&search_id=114132&scans_id=110198&peptide_id=33372&scanf=41020&charge=2&value=K.LDDIFEPVLIPEPK.I,CKAP5,2.356e+6,3.480,0.001,3.119,0.000
41021,3,"  3.146","  0.620",16/56,/core/www/modules//sdig/index.php?run_id=110202&search_id=114132&scans_id=110198&peptide_id=33373&scanf=41021&charge=3&value=16/56,sp|Q8N201|INT1_HUMAN,/core/www/modules//consensus/?run_id=110202&search_id=114132&scans_id=110198&peptide_id=33373&scanf=41021&charge=3&value=sp|Q8N201|INT1_HUMAN,0,/core/www/modules/match_peptides/blast_html4.php?run_id=110202&search_id=114132&scans_id=110198&peptide_id=33373&scanf=41021&charge=3&value=0,R.DAVWWLHTVVPSISK.L,/core/www/modules/show_out/show_out_wrapper.php?run_id=110202&search_id=114132&scans_id=110198&peptide_id=33373&scanf=41021&charge=3&value=R.DAVWWLHTVVPSISK.L,INTS1,2.261e+6,3.532,0.001,3.196,0.000
41023,3,"  2.977","  0.486",13/60,/core/www/modules//sdig/index.php?run_id=110202&search_id=114132&scans_id=110198&peptide_id=33375&scanf=41023&charge=3&value=13/60,sp|O00425|IF2B3_HUMAN,/core/www/modules//consensus/?run_id=110202&search_id=114132&scans_id=110198&peptide_id=33375&scanf=41023&charge=3&value=sp|O00425|IF2B3_HUMAN,0,/core/www/modules/match_peptides/blast_html4.php?run_id=110202&search_id=114132&scans_id=110198&peptide_id=33375&scanf=41023&charge=3&value=0,K.ITISPLQELTLYNPER.T,/core/www/modules/show_out/show_out_wrapper.php?run_id=110202&search_id=114132&scans_id=110198&peptide_id=33375&scanf=41023&charge=3&value=K.ITISPLQELTLYNPER.T,IGF2BP3,4.619e+6,2.954,0.005,2.340,0.000
41024,2,"  3.458","  0.642",15/26,/core/www/modules//sdig/index.php?run_id=110202&search_id=114132&scans_id=110198&peptide_id=33376&scanf=41024&charge=2&value=15/26,sp|Q9Y490|TLN1_HUMAN,/core/www/modules//consensus/?run_id=110202&search_id=114132&scans_id=110198&peptide_id=33376&scanf=41024&charge=2&value=sp|Q9Y490|TLN1_HUMAN,0,/core/www/modules/match_peptides/blast_html4.php?run_id=110202&search_id=114132&scans_id=110198&peptide_id=33376&scanf=41024&charge=2&value=0,K.TLAESALQLLYTAK.E,/core/www/modules/show_out/show_out_wrapper.php?run_id=110202&search_id=114132&scans_id=110198&peptide_id=33376&scanf=41024&charge=2&value=K.TLAESALQLLYTAK.E,TLN1,1.007e+6,3.554,0.001,3.228,0.000
41028,2,"  2.181","  0.371",10/34,/core/www/modules//sdig/index.php?run_id=110202&search_id=114132&scans_id=110198&peptide_id=33380&scanf=41028&charge=2&value=10/34,sp|P25685|DNJB1_HUMAN,/core/www/modules//consensus/?run_id=110202&search_id=114132&scans_id=110198&peptide_id=33380&scanf=41028&charge=2&value=sp|P25685|DNJB1_HUMAN,3,/core/www/modules/match_peptides/blast_html4.php?run_id=110202&search_id=114132&scans_id=110198&peptide_id=33380&scanf=41028&charge=2&value=3,K.EGDQTSNNIPADIVFVLK.D,/core/www/modules/show_out/show_out_wrapper.php?run_id=110202&search_id=114132&scans_id=110198&peptide_id=33380&scanf=41028&charge=2&value=K.EGDQTSNNIPADIVFVLK.D,DNAJB1,1.548e+6,1.993,0.109,0.963,0.005
41030,3,"  4.277","  0.586",12/84,/core/www/modules//sdig/index.php?run_id=110202&search_id=114132&scans_id=110198&peptide_id=33383&scanf=41030&charge=3&value=12/84,sp|Q96HA7|TONSL_HUMAN,/core/www/modules//consensus/?run_id=110202&search_id=114132&scans_id=110198&peptide_id=33383&scanf=41030&charge=3&value=sp|Q96HA7|TONSL_HUMAN,0,/core/www/modules/match_peptides/blast_html4.php?run_id=110202&search_id=114132&scans_id=110198&peptide_id=33383&scanf=41030&charge=3&value=0,K.SLAIVDEELEGTLAQGELNEMR.T,/core/www/modules/show_out/show_out_wrapper.php?run_id=110202&search_id=114132&scans_id=110198&peptide_id=33383&scanf=41030&charge=3&value=K.SLAIVDEELEGTLAQGELNEMR.T,TONSL,2.803e+7,2.854,0.006,2.193,0.000
41032,3,"  3.360","  0.556",13/72,/core/www/modules//sdig/index.php?run_id=110202&search_id=114132&scans_id=110198&peptide_id=33385&scanf=41032&charge=3&value=13/72,sp|P28838|AMPL_HUMAN,/core/www/modules//consensus/?run_id=110202&search_id=114132&scans_id=110198&peptide_id=33385&scanf=41032&charge=3&value=sp|P28838|AMPL_HUMAN,0,/core/www/modules/match_peptides/blast_html4.php?run_id=110202&search_id=114132&scans_id=110198&peptide_id=33385&scanf=41032&charge=3&value=0,R.TFYGLHQDFPSVVLVGLGK.K,/core/www/modules/show_out/show_out_wrapper.php?run_id=110202&search_id=114132&scans_id=110198&peptide_id=33385&scanf=41032&charge=3&value=R.TFYGLHQDFPSVVLVGLGK.K,LAP3,1.768e+7,2.980,0.004,2.378,0.000
41034,2,"  3.878","  0.663",18/30,/core/www/modules//sdig/index.php?run_id=110202&search_id=114132&scans_id=110198&peptide_id=33386&scanf=41034&charge=2&value=18/30,sp|P61221|ABCE1_HUMAN,/core/www/modules//consensus/?run_id=110202&search_id=114132&scans_id=110198&peptide_id=33386&scanf=41034&charge=2&value=sp|P61221|ABCE1_HUMAN,1,/core/www/modules/match_peptides/blast_html4.php?run_id=110202&search_id=114132&scans_id=110198&peptide_id=33386&scanf=41034&charge=2&value=1,K.ADIFMFDEPSSYLDVK.Q,/core/www/modules/show_out/show_out_wrapper.php?run_id=110202&search_id=114132&scans_id=110198&peptide_id=33386&scanf=41034&charge=2&value=K.ADIFMFDEPSSYLDVK.Q,ABCE1,2.803e+6,3.572,0.001,3.255,0.000
41035,3,"  5.299","  0.570",20/76,/core/www/modules//sdig/index.php?run_id=110202&search_id=114132&scans_id=110198&peptide_id=33387&scanf=41035&charge=3&value=20/76,sp|Q07960|RHG01_HUMAN,/core/www/modules//consensus/?run_id=110202&search_id=114132&scans_id=110198&peptide_id=33387&scanf=41035&charge=3&value=sp|Q07960|RHG01_HUMAN,1,/core/www/modules/match_peptides/blast_html4.php?run_id=110202&search_id=114132&scans_id=110198&peptide_id=33387&scanf=41035&charge=3&value=1,R.VPATLQVLQTLPEENYQVLR.F,/core/www/modules/show_out/show_out_wrapper.php?run_id=110202&search_id=114132&scans_id=110198&peptide_id=33387&scanf=41035&charge=3&value=R.VPATLQVLQTLPEENYQVLR.F,ARHGAP1,1.552e+6,3.196,0.002,2.697,0.000
41036,3,"  4.995","  0.637",17/100,/core/www/modules//sdig/index.php?run_id=110202&search_id=114132&scans_id=110198&peptide_id=33388&scanf=41036&charge=3&value=17/100,sp|Q8WWY3|PRP31_HUMAN,/core/www/modules//consensus/?run_id=110202&search_id=114132&scans_id=110198&peptide_id=33388&scanf=41036&charge=3&value=sp|Q8WWY3|PRP31_HUMAN,1,/core/www/modules/match_peptides/blast_html4.php?run_id=110202&search_id=114132&scans_id=110198&peptide_id=33388&scanf=41036&charge=3&value=1,R.SSGTASSVAFTPLQGLEIVNPQAAEK.K,/core/www/modules/show_out/show_out_wrapper.php?run_id=110202&search_id=114132&scans_id=110198&peptide_id=33388&scanf=41036&charge=3&value=R.SSGTASSVAFTPLQGLEIVNPQAAEK.K,PRPF31,2.252e+6,3.039,0.003,2.466,0.000
41038,3,"  6.563","  0.700",24/92,/core/www/modules//sdig/index.php?run_id=110202&search_id=114132&scans_id=110198&peptide_id=33390&scanf=41038&charge=3&value=24/92,sp|Q9UHB9|SRP68_HUMAN,/core/www/modules//consensus/?run_id=110202&search_id=114132&scans_id=110198&peptide_id=33390&scanf=41038&charge=3&value=sp|Q9UHB9|SRP68_HUMAN,0,/core/www/modules/match_peptides/blast_html4.php?run_id=110202&search_id=114132&scans_id=110198&peptide_id=33390&scanf=41038&charge=3&value=0,R.IFLLGLADNEAAIVQAESEETKER.L,/core/www/modules/show_out/show_out_wrapper.php?run_id=110202&search_id=114132&scans_id=110198&peptide_id=33390&scanf=41038&charge=3&value=R.IFLLGLADNEAAIVQAESEETKER.L,SRP68,2.326e+6,3.276,0.002,2.816,0.000
41046,2,"  2.334","  0.583",10/38,/core/www/modules//sdig/index.php?run_id=110202&search_id=114132&scans_id=110198&peptide_id=33399&scanf=41046&charge=2&value=10/38,sp|O95373|IPO7_HUMAN,/core/www/modules//consensus/?run_id=110202&search_id=114132&scans_id=110198&peptide_id=33399&scanf=41046&charge=2&value=sp|O95373|IPO7_HUMAN,0,/core/www/modules/match_peptides/blast_html4.php?run_id=110202&search_id=114132&scans_id=110198&peptide_id=33399&scanf=41046&charge=2&value=0,K.FSAPVVPSSFNFGGPAPGMN.-,/core/www/modules/show_out/show_out_wrapper.php?run_id=110202&search_id=114132&scans_id=110198&peptide_id=33399&scanf=41046&charge=2&value=K.FSAPVVPSSFNFGGPAPGMN.-,IPO7,9.178e+5,2.573,0.017,1.780,0.000
41051,3,"  4.090","  0.475",12/92,/core/www/modules//sdig/index.php?run_id=110202&search_id=114132&scans_id=110198&peptide_id=33405&scanf=41051&charge=3&value=12/92,sp|Q14204|DYHC1_HUMAN,/core/www/modules//consensus/?run_id=110202&search_id=114132&scans_id=110198&peptide_id=33405&scanf=41051&charge=3&value=sp|Q14204|DYHC1_HUMAN,23,/core/www/modules/match_peptides/blast_html4.php?run_id=110202&search_id=114132&scans_id=110198&peptide_id=33405&scanf=41051&charge=3&value=23,R.HVPVVYVDYPGPASLTQIYGTFNR.A,/core/www/modules/show_out/show_out_wrapper.php?run_id=110202&search_id=114132&scans_id=110198&peptide_id=33405&scanf=41051&charge=3&value=R.HVPVVYVDYPGPASLTQIYGTFNR.A,DYNC1H1,7.459e+5,2.747,0.009,2.035,0.000
41052,3,"  4.535","  0.613",16/84,/core/www/modules//sdig/index.php?run_id=110202&search_id=114132&scans_id=110198&peptide_id=33406&scanf=41052&charge=3&value=16/84,sp|P49736|MCM2_HUMAN,/core/www/modules//consensus/?run_id=110202&search_id=114132&scans_id=110198&peptide_id=33406&scanf=41052&charge=3&value=sp|P49736|MCM2_HUMAN,1,/core/www/modules/match_peptides/blast_html4.php?run_id=110202&search_id=114132&scans_id=110198&peptide_id=33406&scanf=41052&charge=3&value=1,R.ATEDGEEDEEMIESIENLEDLK.G,/core/www/modules/show_out/show_out_wrapper.php?run_id=110202&search_id=114132&scans_id=110198&peptide_id=33406&scanf=41052&charge=3&value=R.ATEDGEEDEEMIESIENLEDLK.G,MCM2,7.145e+5,3.222,0.002,2.736,0.000
41055,3,"  3.463","  0.649",16/52,/core/www/modules//sdig/index.php?run_id=110202&search_id=114132&scans_id=110198&peptide_id=33408&scanf=41055&charge=3&value=16/52,sp|P26358|DNMT1_HUMAN,/core/www/modules//consensus/?run_id=110202&search_id=114132&scans_id=110198&peptide_id=33408&scanf=41055&charge=3&value=sp|P26358|DNMT1_HUMAN,6,/core/www/modules/match_peptides/blast_html4.php?run_id=110202&search_id=114132&scans_id=110198&peptide_id=33408&scanf=41055&charge=3&value=6,K.LPLFPEPLHVFAPR.A,/core/www/modules/show_out/show_out_wrapper.php?run_id=110202&search_id=114132&scans_id=110198&peptide_id=33408&scanf=41055&charge=3&value=K.LPLFPEPLHVFAPR.A,DNMT1,6.812e+6,3.660,0.000,3.386,0.000
41063,2,"  1.527","  0.374",7/14,/core/www/modules//sdig/index.php?run_id=110202&search_id=114132&scans_id=110198&peptide_id=33417&scanf=41063&charge=2&value=7/14,sp|P28838|AMPL_HUMAN,/core/www/modules//consensus/?run_id=110202&search_id=114132&scans_id=110198&peptide_id=33417&scanf=41063&charge=2&value=sp|P28838|AMPL_HUMAN,0,/core/www/modules/match_peptides/blast_html4.php?run_id=110202&search_id=114132&scans_id=110198&peptide_id=33417&scanf=41063&charge=2&value=0,R.TLIEFLLR.F,/core/www/modules/show_out/show_out_wrapper.php?run_id=110202&search_id=114132&scans_id=110198&peptide_id=33417&scanf=41063&charge=2&value=R.TLIEFLLR.F,LAP3,1.002e+6,2.656,0.013,1.902,0.000
41068,3,"  8.647","  0.790",27/128,/core/www/modules//sdig/index.php?run_id=110202&search_id=114132&scans_id=110198&peptide_id=33422&scanf=41068&charge=3&value=27/128,sp|P21333|FLNA_HUMAN,/core/www/modules//consensus/?run_id=110202&search_id=114132&scans_id=110198&peptide_id=33422&scanf=41068&charge=3&value=sp|P21333|FLNA_HUMAN,1,/core/www/modules/match_peptides/blast_html4.php?run_id=110202&search_id=114132&scans_id=110198&peptide_id=33422&scanf=41068&charge=3&value=1,R.EEGPYEVEVTYDGVPVPGSPFPLEAVAPTKPSK.V,/core/www/modules/show_out/show_out_wrapper.php?run_id=110202&search_id=114132&scans_id=110198&peptide_id=33422&scanf=41068&charge=3&value=R.EEGPYEVEVTYDGVPVPGSPFPLEAVAPTKPSK.V,FLNA,1.891e+6,3.829,0.000,3.636,0.000
41070,2,"  1.939","  0.389",8/16,/core/www/modules//sdig/index.php?run_id=110202&search_id=114132&scans_id=110198&peptide_id=33425&scanf=41070&charge=2&value=8/16,sp|Q86W42|THOC6_HUMAN,/core/www/modules//consensus/?run_id=110202&search_id=114132&scans_id=110198&peptide_id=33425&scanf=41070&charge=2&value=sp|Q86W42|THOC6_HUMAN,0,/core/www/modules/match_peptides/blast_html4.php?run_id=110202&search_id=114132&scans_id=110198&peptide_id=33425&scanf=41070&charge=2&value=0,K.AWLWAEMLK.K,/core/www/modules/show_out/show_out_wrapper.php?run_id=110202&search_id=114132&scans_id=110198&peptide_id=33425&scanf=41070&charge=2&value=K.AWLWAEMLK.K,THOC6,1.229e+6,2.668,0.012,1.919,0.000
41072,3,"  3.065","  0.438",17/56,/core/www/modules//sdig/index.php?run_id=110202&search_id=114132&scans_id=110198&peptide_id=33427&scanf=41072&charge=3&value=17/56,sp|Q14669|TRIPC_HUMAN,/core/www/modules//consensus/?run_id=110202&search_id=114132&scans_id=110198&peptide_id=33427&scanf=41072&charge=3&value=sp|Q14669|TRIPC_HUMAN,2,/core/www/modules/match_peptides/blast_html4.php?run_id=110202&search_id=114132&scans_id=110198&peptide_id=33427&scanf=41072&charge=3&value=2,K.IVVGALQMAEILM*QK.L,/core/www/modules/show_out/show_out_wrapper.php?run_id=110202&search_id=114132&scans_id=110198&peptide_id=33427&scanf=41072&charge=3&value=K.IVVGALQMAEILM*QK.L,TRIP12,8.942e+5,3.241,0.002,2.764,0.000
41078,2,"  3.547","  0.207",14/26,/core/www/modules//sdig/index.php?run_id=110202&search_id=114132&scans_id=110198&peptide_id=33432&scanf=41078&charge=2&value=14/26,sp|Q13601|KRR1_HUMAN,/core/www/modules//consensus/?run_id=110202&search_id=114132&scans_id=110198&peptide_id=33432&scanf=41078&charge=2&value=sp|Q13601|KRR1_HUMAN,0,/core/www/modules/match_peptides/blast_html4.php?run_id=110202&search_id=114132&scans_id=110198&peptide_id=33432&scanf=41078&charge=2&value=0,R.GLLEESSFATLFPK.Y,/core/www/modules/show_out/show_out_wrapper.php?run_id=110202&search_id=114132&scans_id=110198&peptide_id=33432&scanf=41078&charge=2&value=R.GLLEESSFATLFPK.Y,KRR1,2.172e+7,1.949,0.124,0.905,0.006
41079,3,"  7.857","  0.551",24/88,/core/www/modules//sdig/index.php?run_id=110202&search_id=114132&scans_id=110198&peptide_id=33433&scanf=41079&charge=3&value=24/88,sp|P19338|NUCL_HUMAN,/core/www/modules//consensus/?run_id=110202&search_id=114132&scans_id=110198&peptide_id=33433&scanf=41079&charge=3&value=sp|P19338|NUCL_HUMAN,10,/core/www/modules/match_peptides/blast_html4.php?run_id=110202&search_id=114132&scans_id=110198&peptide_id=33433&scanf=41079&charge=3&value=10,K.QKVEGTEPTTAFNLFVGNLNFNK.S,/core/www/modules/show_out/show_out_wrapper.php?run_id=110202&search_id=114132&scans_id=110198&peptide_id=33433&scanf=41079&charge=3&value=K.QKVEGTEPTTAFNLFVGNLNFNK.S,NCL,2.373e+7,3.137,0.002,2.611,0.000
41081,2,"  1.533","  0.265",9/20,/core/www/modules//sdig/index.php?run_id=110202&search_id=114132&scans_id=110198&peptide_id=33436&scanf=41081&charge=2&value=9/20,sp|Q8TDN6|BRX1_HUMAN,/core/www/modules//consensus/?run_id=110202&search_id=114132&scans_id=110198&peptide_id=33436&scanf=41081&charge=2&value=sp|Q8TDN6|BRX1_HUMAN,0,/core/www/modules/match_peptides/blast_html4.php?run_id=110202&search_id=114132&scans_id=110198&peptide_id=33436&scanf=41081&charge=2&value=0,K.ELLIQIFSTPR.Y,/core/www/modules/show_out/show_out_wrapper.php?run_id=110202&search_id=114132&scans_id=110198&peptide_id=33436&scanf=41081&charge=2&value=K.ELLIQIFSTPR.Y,BRIX1,1.940e+7,2.217,0.054,1.269,0.002
41084,3,"  3.795","  0.515",15/76,/core/www/modules//sdig/index.php?run_id=110202&search_id=114132&scans_id=110198&peptide_id=33439&scanf=41084&charge=3&value=15/76,sp|Q01831|XPC_HUMAN,/core/www/modules//consensus/?run_id=110202&search_id=114132&scans_id=110198&peptide_id=33439&scanf=41084&charge=3&value=sp|Q01831|XPC_HUMAN,0,/core/www/modules/match_peptides/blast_html4.php?run_id=110202&search_id=114132&scans_id=110198&peptide_id=33439&scanf=41084&charge=3&value=0,R.VDAEWWAETLRPYQSPFMDR.E,/core/www/modules/show_out/show_out_wrapper.php?run_id=110202&search_id=114132&scans_id=110198&peptide_id=33439&scanf=41084&charge=3&value=R.VDAEWWAETLRPYQSPFMDR.E,XPC,1.135e+6,2.926,0.005,2.299,0.000
41087,3,"  6.275","  0.477",25/96,/core/www/modules//sdig/index.php?run_id=110202&search_id=114132&scans_id=110198&peptide_id=33442&scanf=41087&charge=3&value=25/96,sp|O15226|NKRF_HUMAN,/core/www/modules//consensus/?run_id=110202&search_id=114132&scans_id=110198&peptide_id=33442&scanf=41087&charge=3&value=sp|O15226|NKRF_HUMAN,1,/core/www/modules/match_peptides/blast_html4.php?run_id=110202&search_id=114132&scans_id=110198&peptide_id=33442&scanf=41087&charge=3&value=1,K.ILQMAEGIDIGEMPSYDLVLSKPSK.G,/core/www/modules/show_out/show_out_wrapper.php?run_id=110202&search_id=114132&scans_id=110198&peptide_id=33442&scanf=41087&charge=3&value=K.ILQMAEGIDIGEMPSYDLVLSKPSK.G,NKRF,8.718e+5,2.721,0.010,1.997,0.000
41088,2,"  3.587","  0.158",15/26,/core/www/modules//sdig/index.php?run_id=110202&search_id=114132&scans_id=110198&peptide_id=33443&scanf=41088&charge=2&value=15/26,sp|P78527|PRKDC_HUMAN,/core/www/modules//consensus/?run_id=110202&search_id=114132&scans_id=110198&peptide_id=33443&scanf=41088&charge=2&value=sp|P78527|PRKDC_HUMAN,1,/core/www/modules/match_peptides/blast_html4.php?run_id=110202&search_id=114132&scans_id=110198&peptide_id=33443&scanf=41088&charge=2&value=1,K.M*DPMNIWDDIITNR.C,/core/www/modules/show_out/show_out_wrapper.php?run_id=110202&search_id=114132&scans_id=110198&peptide_id=33443&scanf=41088&charge=2&value=K.M*DPMNIWDDIITNR.C,PRKDC,2.705e+6,4.127,0.000,4.078,0.000
41090,3,"  5.843","  0.619",27/108,/core/www/modules//sdig/index.php?run_id=110202&search_id=114132&scans_id=110198&peptide_id=33446&scanf=41090&charge=3&value=27/108,sp|P61960|UFM1_HUMAN,/core/www/modules//consensus/?run_id=110202&search_id=114132&scans_id=110198&peptide_id=33446&scanf=41090&charge=3&value=sp|P61960|UFM1_HUMAN,0,/core/www/modules/match_peptides/blast_html4.php?run_id=110202&search_id=114132&scans_id=110198&peptide_id=33446&scanf=41090&charge=3&value=0,K.VPAATSAIITNDGIGINPAQTAGNVFLK.H,/core/www/modules/show_out/show_out_wrapper.php?run_id=110202&search_id=114132&scans_id=110198&peptide_id=33446&scanf=41090&charge=3&value=K.VPAATSAIITNDGIGINPAQTAGNVFLK.H,UFM1,1.279e+8,3.142,0.002,2.618,0.000
41091,3,"  3.366","  0.429",16/80,/core/www/modules//sdig/index.php?run_id=110202&search_id=114132&scans_id=110198&peptide_id=33447&scanf=41091&charge=3&value=16/80,sp|Q9H6R4|NOL6_HUMAN,/core/www/modules//consensus/?run_id=110202&search_id=114132&scans_id=110198&peptide_id=33447&scanf=41091&charge=3&value=sp|Q9H6R4|NOL6_HUMAN,1,/core/www/modules/match_peptides/blast_html4.php?run_id=110202&search_id=114132&scans_id=110198&peptide_id=33447&scanf=41091&charge=3&value=1,R.YTEVFPPTPVRPAFSFYETLR.E,/core/www/modules/show_out/show_out_wrapper.php?run_id=110202&search_id=114132&scans_id=110198&peptide_id=33447&scanf=41091&charge=3&value=R.YTEVFPPTPVRPAFSFYETLR.E,NOL6,1.702e+6,2.607,0.015,1.830,0.000
41097,3,"  5.072","  0.704",22/84,/core/www/modules//sdig/index.php?run_id=110202&search_id=114132&scans_id=110198&peptide_id=33452&scanf=41097&charge=3&value=22/84,sp|P39023|RL3_HUMAN,/core/www/modules//consensus/?run_id=110202&search_id=114132&scans_id=110198&peptide_id=33452&scanf=41097&charge=3&value=sp|P39023|RL3_HUMAN,1,/core/www/modules/match_peptides/blast_html4.php?run_id=110202&search_id=114132&scans_id=110198&peptide_id=33452&scanf=41097&charge=3&value=1,K.SINPLGGFVHYGEVTNDFVM*LK.G,/core/www/modules/show_out/show_out_wrapper.php?run_id=110202&search_id=114132&scans_id=110198&peptide_id=33452&scanf=41097&charge=3&value=K.SINPLGGFVHYGEVTNDFVM*LK.G,RPL3,9.946e+6,3.680,0.000,3.415,0.000
41098,2,"  3.184","  0.599",13/24,/core/www/modules//sdig/index.php?run_id=110202&search_id=114132&scans_id=110198&peptide_id=33453&scanf=41098&charge=2&value=13/24,sp|Q8IXH7|NELFD_HUMAN,/core/www/modules//consensus/?run_id=110202&search_id=114132&scans_id=110198&peptide_id=33453&scanf=41098&charge=2&value=sp|Q8IXH7|NELFD_HUMAN,2,/core/www/modules/match_peptides/blast_html4.php?run_id=110202&search_id=114132&scans_id=110198&peptide_id=33453&scanf=41098&charge=2&value=2,K.GALNPADITVLFK.M,/core/www/modules/show_out/show_out_wrapper.php?run_id=110202&search_id=114132&scans_id=110198&peptide_id=33453&scanf=41098&charge=2&value=K.GALNPADITVLFK.M,NELFCD,9.126e+6,3.364,0.001,2.946,0.000
41101,2,"  3.885","  0.538",12/26,/core/www/modules//sdig/index.php?run_id=110202&search_id=114132&scans_id=110198&peptide_id=33457&scanf=41101&charge=2&value=12/26,sp|Q9ULX6|AKP8L_HUMAN,/core/www/modules//consensus/?run_id=110202&search_id=114132&scans_id=110198&peptide_id=33457&scanf=41101&charge=2&value=sp|Q9ULX6|AKP8L_HUMAN,2,/core/www/modules/match_peptides/blast_html4.php?run_id=110202&search_id=114132&scans_id=110198&peptide_id=33457&scanf=41101&charge=2&value=2,K.TVEDLDGLIQQIYR.D,/core/www/modules/show_out/show_out_wrapper.php?run_id=110202&search_id=114132&scans_id=110198&peptide_id=33457&scanf=41101&charge=2&value=K.TVEDLDGLIQQIYR.D,AKAP8L,1.708e+6,3.157,0.002,2.640,0.000
41103,3,"  2.097","  0.380",12/52,/core/www/modules//sdig/index.php?run_id=110202&search_id=114132&scans_id=110198&peptide_id=33459&scanf=41103&charge=3&value=12/52,sp|O95793|STAU1_HUMAN,/core/www/modules//consensus/?run_id=110202&search_id=114132&scans_id=110198&peptide_id=33459&scanf=41103&charge=3&value=sp|O95793|STAU1_HUMAN,1,/core/www/modules/match_peptides/blast_html4.php?run_id=110202&search_id=114132&scans_id=110198&peptide_id=33459&scanf=41103&charge=3&value=1,K.RNAAENMLEILGFK.V,/core/www/modules/show_out/show_out_wrapper.php?run_id=110202&search_id=114132&scans_id=110198&peptide_id=33459&scanf=41103&charge=3&value=K.RNAAENMLEILGFK.V,STAU1,9.816e+6,2.413,0.028,1.549,0.001
41104,2,"  2.129","  0.414",11/20,/core/www/modules//sdig/index.php?run_id=110202&search_id=114132&scans_id=110198&peptide_id=33460&scanf=41104&charge=2&value=11/20,sp|P18206|VINC_HUMAN,/core/www/modules//consensus/?run_id=110202&search_id=114132&scans_id=110198&peptide_id=33460&scanf=41104&charge=2&value=sp|P18206|VINC_HUMAN,0,/core/www/modules/match_peptides/blast_html4.php?run_id=110202&search_id=114132&scans_id=110198&peptide_id=33460&scanf=41104&charge=2&value=0,K.ELLPVLISAMK.I,/core/www/modules/show_out/show_out_wrapper.php?run_id=110202&search_id=114132&scans_id=110198&peptide_id=33460&scanf=41104&charge=2&value=K.ELLPVLISAMK.I,VCL,1.768e+6,2.816,0.007,2.137,0.000
41108,3,"  3.495","  0.525",15/76,/core/www/modules//sdig/index.php?run_id=110202&search_id=114132&scans_id=110198&peptide_id=33464&scanf=41108&charge=3&value=15/76,sp|Q01831|XPC_HUMAN,/core/www/modules//consensus/?run_id=110202&search_id=114132&scans_id=110198&peptide_id=33464&scanf=41108&charge=3&value=sp|Q01831|XPC_HUMAN,0,/core/www/modules/match_peptides/blast_html4.php?run_id=110202&search_id=114132&scans_id=110198&peptide_id=33464&scanf=41108&charge=3&value=0,R.VDAEWWAETLRPYQSPFMDR.E,/core/www/modules/show_out/show_out_wrapper.php?run_id=110202&search_id=114132&scans_id=110198&peptide_id=33464&scanf=41108&charge=3&value=R.VDAEWWAETLRPYQSPFMDR.E,XPC,1.135e+6,2.870,0.006,2.216,0.000
41109,2,"  2.737","  0.387",10/24,/core/www/modules//sdig/index.php?run_id=110202&search_id=114132&scans_id=110198&peptide_id=33465&scanf=41109&charge=2&value=10/24,sp|Q9BX10|GTPB2_HUMAN,/core/www/modules//consensus/?run_id=110202&search_id=114132&scans_id=110198&peptide_id=33465&scanf=41109&charge=2&value=sp|Q9BX10|GTPB2_HUMAN,0,/core/www/modules/match_peptides/blast_html4.php?run_id=110202&search_id=114132&scans_id=110198&peptide_id=33465&scanf=41109&charge=2&value=0,K.VFLNILPPLTNSK.E,/core/www/modules/show_out/show_out_wrapper.php?run_id=110202&search_id=114132&scans_id=110198&peptide_id=33465&scanf=41109&charge=2&value=K.VFLNILPPLTNSK.E,GTPBP2,1.917e+6,2.512,0.020,1.692,0.000
41110,2,"  4.141","  0.430",15/40,/core/www/modules//sdig/index.php?run_id=110202&search_id=114132&scans_id=110198&peptide_id=33467&scanf=41110&charge=2&value=15/40,sp|P40939|ECHA_HUMAN,/core/www/modules//consensus/?run_id=110202&search_id=114132&scans_id=110198&peptide_id=33467&scanf=41110&charge=2&value=sp|P40939|ECHA_HUMAN,3,/core/www/modules/match_peptides/blast_html4.php?run_id=110202&search_id=114132&scans_id=110198&peptide_id=33467&scanf=41110&charge=2&value=3,K.TVLGTPEVLLGALPGAGGTQR.L,/core/www/modules/show_out/show_out_wrapper.php?run_id=110202&search_id=114132&scans_id=110198&peptide_id=33467&scanf=41110&charge=2&value=K.TVLGTPEVLLGALPGAGGTQR.L,HADHA,2.775e+6,2.339,0.036,1.443,0.001
41111,3,"  2.329","  0.411",11/64,/core/www/modules//sdig/index.php?run_id=110202&search_id=114132&scans_id=110198&peptide_id=33468&scanf=41111&charge=3&value=11/64,sp|Q14764|MVP_HUMAN,/core/www/modules//consensus/?run_id=110202&search_id=114132&scans_id=110198&peptide_id=33468&scanf=41111&charge=3&value=sp|Q14764|MVP_HUMAN,2,/core/www/modules/match_peptides/blast_html4.php?run_id=110202&search_id=114132&scans_id=110198&peptide_id=33468&scanf=41111&charge=3&value=2,K.DITPLQVVLPNTALHLK.A,/core/www/modules/show_out/show_out_wrapper.php?run_id=110202&search_id=114132&scans_id=110198&peptide_id=33468&scanf=41111&charge=3&value=K.DITPLQVVLPNTALHLK.A,MVP,1.076e+6,2.459,0.024,1.614,0.001
41112,3,"  2.135","  0.296",12/44,/core/www/modules//sdig/index.php?run_id=110202&search_id=114132&scans_id=110198&peptide_id=33469&scanf=41112&charge=3&value=12/44,sp|Q14152|EIF3A_HUMAN,/core/www/modules//consensus/?run_id=110202&search_id=114132&scans_id=110198&peptide_id=33469&scanf=41112&charge=3&value=sp|Q14152|EIF3A_HUMAN,0,/core/www/modules/match_peptides/blast_html4.php?run_id=110202&search_id=114132&scans_id=110198&peptide_id=33469&scanf=41112&charge=3&value=0,R.FNVLQYVVPEVK.D,/core/www/modules/show_out/show_out_wrapper.php?run_id=110202&search_id=114132&scans_id=110198&peptide_id=33469&scanf=41112&charge=3&value=R.FNVLQYVVPEVK.D,EIF3A,9.629e+5,2.532,0.019,1.720,0.000
41119,2,"  2.763","  0.399",12/24,/core/www/modules//sdig/index.php?run_id=110202&search_id=114132&scans_id=110198&peptide_id=33475&scanf=41119&charge=2&value=12/24,sp|O43390|HNRPR_HUMAN,/core/www/modules//consensus/?run_id=110202&search_id=114132&scans_id=110198&peptide_id=33475&scanf=41119&charge=2&value=sp|O43390|HNRPR_HUMAN,4,/core/www/modules/match_peptides/blast_html4.php?run_id=110202&search_id=114132&scans_id=110198&peptide_id=33475&scanf=41119&charge=2&value=4,R.DLYEDELVPLFEK.A,/core/www/modules/show_out/show_out_wrapper.php?run_id=110202&search_id=114132&scans_id=110198&peptide_id=33475&scanf=41119&charge=2&value=R.DLYEDELVPLFEK.A,HNRNPR,6.269e+7,2.769,0.009,2.068,0.000
41121,3,"  3.994","  0.482",19/56,/core/www/modules//sdig/index.php?run_id=110202&search_id=114132&scans_id=110198&peptide_id=33478&scanf=41121&charge=3&value=19/56,sp|Q9UM00|TMCO1_HUMAN,/core/www/modules//consensus/?run_id=110202&search_id=114132&scans_id=110198&peptide_id=33478&scanf=41121&charge=3&value=sp|Q9UM00|TMCO1_HUMAN,2,/core/www/modules/match_peptides/blast_html4.php?run_id=110202&search_id=114132&scans_id=110198&peptide_id=33478&scanf=41121&charge=3&value=2,K.LPFTPLSYIQGLSHR.N,/core/www/modules/show_out/show_out_wrapper.php?run_id=110202&search_id=114132&scans_id=110198&peptide_id=33478&scanf=41121&charge=3&value=K.LPFTPLSYIQGLSHR.N,TMCO1,1.978e+6,3.156,0.002,2.639,0.000
41122,2,"  3.251","  0.531",12/20,/core/www/modules//sdig/index.php?run_id=110202&search_id=114132&scans_id=110198&peptide_id=33479&scanf=41122&charge=2&value=12/20,sp|P35251|RFC1_HUMAN,/core/www/modules//consensus/?run_id=110202&search_id=114132&scans_id=110198&peptide_id=33479&scanf=41122&charge=2&value=sp|P35251|RFC1_HUMAN,0,/core/www/modules/match_peptides/blast_html4.php?run_id=110202&search_id=114132&scans_id=110198&peptide_id=33479&scanf=41122&charge=2&value=0,R.GGIQELIGLIK.H,/core/www/modules/show_out/show_out_wrapper.php?run_id=110202&search_id=114132&scans_id=110198&peptide_id=33479&scanf=41122&charge=2&value=R.GGIQELIGLIK.H,RFC1,2.542e+7,3.375,0.001,2.963,0.000
41123,3,"  2.449","  0.267",13/88,/core/www/modules//sdig/index.php?run_id=110202&search_id=114132&scans_id=110198&peptide_id=33480&scanf=41123&charge=3&value=13/88,sp|P61978|HNRPK_HUMAN,/core/www/modules//consensus/?run_id=110202&search_id=114132&scans_id=110198&peptide_id=33480&scanf=41123&charge=3&value=sp|P61978|HNRPK_HUMAN,0,/core/www/modules/match_peptides/blast_html4.php?run_id=110202&search_id=114132&scans_id=110198&peptide_id=33480&scanf=41123&charge=3&value=0,R.IITITGTQDQIQNAQYLLQNSVK.Q,/core/www/modules/show_out/show_out_wrapper.php?run_id=110202&search_id=114132&scans_id=110198&peptide_id=33480&scanf=41123&charge=3&value=R.IITITGTQDQIQNAQYLLQNSVK.Q,HNRNPK,2.155e+8,2.056,0.090,1.048,0.004
41124,3,"  2.895","  0.447",14/72,/core/www/modules//sdig/index.php?run_id=110202&search_id=114132&scans_id=110198&peptide_id=33481&scanf=41124&charge=3&value=14/72,sp|Q9Y305|ACOT9_HUMAN,/core/www/modules//consensus/?run_id=110202&search_id=114132&scans_id=110198&peptide_id=33481&scanf=41124&charge=3&value=sp|Q9Y305|ACOT9_HUMAN,2,/core/www/modules/match_peptides/blast_html4.php?run_id=110202&search_id=114132&scans_id=110198&peptide_id=33481&scanf=41124&charge=3&value=2,R.MKDSYIEVLLPLGSEPELR.E,/core/www/modules/show_out/show_out_wrapper.php?run_id=110202&search_id=114132&scans_id=110198&peptide_id=33481&scanf=41124&charge=3&value=R.MKDSYIEVLLPLGSEPELR.E,ACOT9,1.347e+6,2.337,0.036,1.439,0.001
41127,2,"  1.596","  0.374",7/18,/core/www/modules//sdig/index.php?run_id=110202&search_id=114132&scans_id=110198&peptide_id=33484&scanf=41127&charge=2&value=7/18,sp|Q8N884|CGAS_HUMAN,/core/www/modules//consensus/?run_id=110202&search_id=114132&scans_id=110198&peptide_id=33484&scanf=41127&charge=2&value=sp|Q8N884|CGAS_HUMAN,0,/core/www/modules/match_peptides/blast_html4.php?run_id=110202&search_id=114132&scans_id=110198&peptide_id=33484&scanf=41127&charge=2&value=0,R.NNEFPVFDEF.-,/core/www/modules/show_out/show_out_wrapper.php?run_id=110202&search_id=114132&scans_id=110198&peptide_id=33484&scanf=41127&charge=2&value=R.NNEFPVFDEF.-,CGAS,1.511e+7,2.383,0.031,1.506,0.001
41128,3,"  4.646","  0.587",14/76,/core/www/modules//sdig/index.php?run_id=110202&search_id=114132&scans_id=110198&peptide_id=33485&scanf=41128&charge=3&value=14/76,sp|P78362|SRPK2_HUMAN,/core/www/modules//consensus/?run_id=110202&search_id=114132&scans_id=110198&peptide_id=33485&scanf=41128&charge=3&value=sp|P78362|SRPK2_HUMAN,2,/core/www/modules/match_peptides/blast_html4.php?run_id=110202&search_id=114132&scans_id=110198&peptide_id=33485&scanf=41128&charge=3&value=2,R.ESDPSDPNKDMVVQLIDDFK.I,/core/www/modules/show_out/show_out_wrapper.php?run_id=110202&search_id=114132&scans_id=110198&peptide_id=33485&scanf=41128&charge=3&value=R.ESDPSDPNKDMVVQLIDDFK.I,SRPK2,1.674e+6,2.831,0.007,2.159,0.000
41130,2,"  2.178","  0.215",9/26,/core/www/modules//sdig/index.php?run_id=110202&search_id=114132&scans_id=110198&peptide_id=33488&scanf=41130&charge=2&value=9/26,sp|Q14204|DYHC1_HUMAN,/core/www/modules//consensus/?run_id=110202&search_id=114132&scans_id=110198&peptide_id=33488&scanf=41130&charge=2&value=sp|Q14204|DYHC1_HUMAN,1,/core/www/modules/match_peptides/blast_html4.php?run_id=110202&search_id=114132&scans_id=110198&peptide_id=33488&scanf=41130&charge=2&value=1,K.ASVVTLPVYLNFTR.A,/core/www/modules/show_out/show_out_wrapper.php?run_id=110202&search_id=114132&scans_id=110198&peptide_id=33488&scanf=41130&charge=2&value=K.ASVVTLPVYLNFTR.A,DYNC1H1,2.045e+6,2.001,0.106,0.974,0.005
41133,3,"  4.797","  0.599",15/84,/core/www/modules//sdig/index.php?run_id=110202&search_id=114132&scans_id=110198&peptide_id=33491&scanf=41133&charge=3&value=15/84,sp|P08708|RS17_HUMAN,/core/www/modules//consensus/?run_id=110202&search_id=114132&scans_id=110198&peptide_id=33491&scanf=41133&charge=3&value=sp|P08708|RS17_HUMAN,1,/core/www/modules/match_peptides/blast_html4.php?run_id=110202&search_id=114132&scans_id=110198&peptide_id=33491&scanf=41133&charge=3&value=1,K.LLDFGSLSNLQVTQPTVGM*NFK.T,/core/www/modules/show_out/show_out_wrapper.php?run_id=110202&search_id=114132&scans_id=110198&peptide_id=33491&scanf=41133&charge=3&value=K.LLDFGSLSNLQVTQPTVGM*NFK.T,RPS17,4.597e+6,3.110,0.003,2.570,0.000
41134,2,"  3.535","  0.581",13/30,/core/www/modules//sdig/index.php?run_id=110202&search_id=114132&scans_id=110198&peptide_id=33492&scanf=41134&charge=2&value=13/30,sp|Q96QK1|VPS35_HUMAN,/core/www/modules//consensus/?run_id=110202&search_id=114132&scans_id=110198&peptide_id=33492&scanf=41134&charge=2&value=sp|Q96QK1|VPS35_HUMAN,0,/core/www/modules/match_peptides/blast_html4.php?run_id=110202&search_id=114132&scans_id=110198&peptide_id=33492&scanf=41134&charge=2&value=0,K.ENDAVTIQVLNQLIQK.I,/core/www/modules/show_out/show_out_wrapper.php?run_id=110202&search_id=114132&scans_id=110198&peptide_id=33492&scanf=41134&charge=2&value=K.ENDAVTIQVLNQLIQK.I,VPS35,8.779e+5,2.864,0.006,2.208,0.000
41136,3,"  2.864","  0.454",15/80,/core/www/modules//sdig/index.php?run_id=110202&search_id=114132&scans_id=110198&peptide_id=33494&scanf=41136&charge=3&value=15/80,sp|Q9H6R4|NOL6_HUMAN,/core/www/modules//consensus/?run_id=110202&search_id=114132&scans_id=110198&peptide_id=33494&scanf=41136&charge=3&value=sp|Q9H6R4|NOL6_HUMAN,1,/core/www/modules/match_peptides/blast_html4.php?run_id=110202&search_id=114132&scans_id=110198&peptide_id=33494&scanf=41136&charge=3&value=1,R.YTEVFPPTPVRPAFSFYETLR.E,/core/www/modules/show_out/show_out_wrapper.php?run_id=110202&search_id=114132&scans_id=110198&peptide_id=33494&scanf=41136&charge=3&value=R.YTEVFPPTPVRPAFSFYETLR.E,NOL6,1.702e+6,2.520,0.020,1.703,0.000
41139,2,"  4.116","  0.631",15/26,/core/www/modules//sdig/index.php?run_id=110202&search_id=114132&scans_id=110198&peptide_id=33496&scanf=41139&charge=2&value=15/26,sp|Q13601|KRR1_HUMAN,/core/www/modules//consensus/?run_id=110202&search_id=114132&scans_id=110198&peptide_id=33496&scanf=41139&charge=2&value=sp|Q13601|KRR1_HUMAN,0,/core/www/modules/match_peptides/blast_html4.php?run_id=110202&search_id=114132&scans_id=110198&peptide_id=33496&scanf=41139&charge=2&value=0,R.GLLEESSFATLFPK.Y,/core/www/modules/show_out/show_out_wrapper.php?run_id=110202&search_id=114132&scans_id=110198&peptide_id=33496&scanf=41139&charge=2&value=R.GLLEESSFATLFPK.Y,KRR1,2.172e+7,3.561,0.001,3.239,0.000
41140,2,"  4.561","  0.645",19/30,/core/www/modules//sdig/index.php?run_id=110202&search_id=114132&scans_id=110198&peptide_id=33498&scanf=41140&charge=2&value=19/30,sp|P35579|MYH9_HUMAN,/core/www/modules//consensus/?run_id=110202&search_id=114132&scans_id=110198&peptide_id=33498&scanf=41140&charge=2&value=sp|P35579|MYH9_HUMAN,6,/core/www/modules/match_peptides/blast_html4.php?run_id=110202&search_id=114132&scans_id=110198&peptide_id=33498&scanf=41140&charge=2&value=6,R.QLLQANPILEAFGNAK.T,/core/www/modules/show_out/show_out_wrapper.php?run_id=110202&search_id=114132&scans_id=110198&peptide_id=33498&scanf=41140&charge=2&value=R.QLLQANPILEAFGNAK.T,MYH9,5.451e+6,3.822,0.000,3.626,0.000
41145,2,"  2.940","  0.418",12/28,/core/www/modules//sdig/index.php?run_id=110202&search_id=114132&scans_id=110198&peptide_id=33503&scanf=41145&charge=2&value=12/28,sp|Q2NL82|TSR1_HUMAN,/core/www/modules//consensus/?run_id=110202&search_id=114132&scans_id=110198&peptide_id=33503&scanf=41145&charge=2&value=sp|Q2NL82|TSR1_HUMAN,1,/core/www/modules/match_peptides/blast_html4.php?run_id=110202&search_id=114132&scans_id=110198&peptide_id=33503&scanf=41145&charge=2&value=1,K.LLLLDTQQEAGMLLR.Q,/core/www/modules/show_out/show_out_wrapper.php?run_id=110202&search_id=114132&scans_id=110198&peptide_id=33503&scanf=41145&charge=2&value=K.LLLLDTQQEAGMLLR.Q,TSR1,1.265e+6,2.596,0.015,1.814,0.000
41147,2,"  3.186","  0.580",11/20,/core/www/modules//sdig/index.php?run_id=110202&search_id=114132&scans_id=110198&peptide_id=33505&scanf=41147&charge=2&value=11/20,sp|Q8IXK0|PHC2_HUMAN,/core/www/modules//consensus/?run_id=110202&search_id=114132&scans_id=110198&peptide_id=33505&scanf=41147&charge=2&value=sp|Q8IXK0|PHC2_HUMAN,1,/core/www/modules/match_peptides/blast_html4.php?run_id=110202&search_id=114132&scans_id=110198&peptide_id=33505&scanf=41147&charge=2&value=1,K.WNVEDVYEFIR.S,/core/www/modules/show_out/show_out_wrapper.php?run_id=110202&search_id=114132&scans_id=110198&peptide_id=33505&scanf=41147&charge=2&value=K.WNVEDVYEFIR.S,PHC2,3.707e+6,3.440,0.001,3.059,0.000
41149,3,"  3.438","  0.550",14/60,/core/www/modules//sdig/index.php?run_id=110202&search_id=114132&scans_id=110198&peptide_id=33507&scanf=41149&charge=3&value=14/60,sp|Q9H9A7|RMI1_HUMAN,/core/www/modules//consensus/?run_id=110202&search_id=114132&scans_id=110198&peptide_id=33507&scanf=41149&charge=3&value=sp|Q9H9A7|RMI1_HUMAN,1,/core/www/modules/match_peptides/blast_html4.php?run_id=110202&search_id=114132&scans_id=110198&peptide_id=33507&scanf=41149&charge=3&value=1,R.DLEHPLLPDGILEIPK.G,/core/www/modules/show_out/show_out_wrapper.php?run_id=110202&search_id=114132&scans_id=110198&peptide_id=33507&scanf=41149&charge=3&value=R.DLEHPLLPDGILEIPK.G,RMI1,4.770e+6,3.116,0.003,2.580,0.000
41151,3,"  3.514","  0.486",11/72,/core/www/modules//sdig/index.php?run_id=110202&search_id=114132&scans_id=110198&peptide_id=33510&scanf=41151&charge=3&value=11/72,sp|Q9Y2X3|NOP58_HUMAN,/core/www/modules//consensus/?run_id=110202&search_id=114132&scans_id=110198&peptide_id=33510&scanf=41151&charge=3&value=sp|Q9Y2X3|NOP58_HUMAN,1,/core/www/modules/match_peptides/blast_html4.php?run_id=110202&search_id=114132&scans_id=110198&peptide_id=33510&scanf=41151&charge=3&value=1,R.MMAIAPNVTVM*VGELVGAR.L,/core/www/modules/show_out/show_out_wrapper.php?run_id=110202&search_id=114132&scans_id=110198&peptide_id=33510&scanf=41151&charge=3&value=R.MMAIAPNVTVM*VGELVGAR.L,NOP58,1.789e+6,2.765,0.009,2.062,0.000
41160,2,"  3.226","  0.510",13/20,/core/www/modules//sdig/index.php?run_id=110202&search_id=114132&scans_id=110198&peptide_id=33519&scanf=41160&charge=2&value=13/20,tr|K7EJE8|K7EJE8_HUMAN,/core/www/modules//consensus/?run_id=110202&search_id=114132&scans_id=110198&peptide_id=33519&scanf=41160&charge=2&value=tr|K7EJE8|K7EJE8_HUMAN,2,/core/www/modules/match_peptides/blast_html4.php?run_id=110202&search_id=114132&scans_id=110198&peptide_id=33519&scanf=41160&charge=2&value=2,K.LSSDVLTLLIK.Q,/core/www/modules/show_out/show_out_wrapper.php?run_id=110202&search_id=114132&scans_id=110198&peptide_id=33519&scanf=41160&charge=2&value=K.LSSDVLTLLIK.Q,LONP1,5.253e+6,3.187,0.002,2.685,0.000
41162,2,"  4.530","  0.627",16/28,/core/www/modules//sdig/index.php?run_id=110202&search_id=114132&scans_id=110198&peptide_id=33521&scanf=41162&charge=2&value=16/28,sp|P11388|TOP2A_HUMAN,/core/www/modules//consensus/?run_id=110202&search_id=114132&scans_id=110198&peptide_id=33521&scanf=41162&charge=2&value=sp|P11388|TOP2A_HUMAN,0,/core/www/modules/match_peptides/blast_html4.php?run_id=110202&search_id=114132&scans_id=110198&peptide_id=33521&scanf=41162&charge=2&value=0,K.QEMAFYSLPEFEEWK.S,/core/www/modules/show_out/show_out_wrapper.php?run_id=110202&search_id=114132&scans_id=110198&peptide_id=33521&scanf=41162&charge=2&value=K.QEMAFYSLPEFEEWK.S,TOP2A,1.125e+6,3.770,0.000,3.549,0.000
41164,2,"  2.843","  0.439",10/26,/core/www/modules//sdig/index.php?run_id=110202&search_id=114132&scans_id=110198&peptide_id=33523&scanf=41164&charge=2&value=10/26,sp|Q14204|DYHC1_HUMAN,/core/www/modules//consensus/?run_id=110202&search_id=114132&scans_id=110198&peptide_id=33523&scanf=41164&charge=2&value=sp|Q14204|DYHC1_HUMAN,1,/core/www/modules/match_peptides/blast_html4.php?run_id=110202&search_id=114132&scans_id=110198&peptide_id=33523&scanf=41164&charge=2&value=1,K.ASVVTLPVYLNFTR.A,/core/www/modules/show_out/show_out_wrapper.php?run_id=110202&search_id=114132&scans_id=110198&peptide_id=33523&scanf=41164&charge=2&value=K.ASVVTLPVYLNFTR.A,DYNC1H1,2.045e+6,2.804,0.008,2.119,0.000
41166,2,"  3.417","  0.574",13/26,/core/www/modules//sdig/index.php?run_id=110202&search_id=114132&scans_id=110198&peptide_id=33525&scanf=41166&charge=2&value=13/26,sp|Q9H4L4|SENP3_HUMAN,/core/www/modules//consensus/?run_id=110202&search_id=114132&scans_id=110198&peptide_id=33525&scanf=41166&charge=2&value=sp|Q9H4L4|SENP3_HUMAN,1,/core/www/modules/match_peptides/blast_html4.php?run_id=110202&search_id=114132&scans_id=110198&peptide_id=33525&scanf=41166&charge=2&value=1,R.LGLLGALMAEDGVR.G,/core/www/modules/show_out/show_out_wrapper.php?run_id=110202&search_id=114132&scans_id=110198&peptide_id=33525&scanf=41166&charge=2&value=R.LGLLGALMAEDGVR.G,SENP3,1.007e+7,3.235,0.002,2.756,0.000
41172,2,"  3.843","  0.693",18/36,/core/www/modules//sdig/index.php?run_id=110202&search_id=114132&scans_id=110198&peptide_id=33532&scanf=41172&charge=2&value=18/36,sp|Q8NFD5|ARI1B_HUMAN,/core/www/modules//consensus/?run_id=110202&search_id=114132&scans_id=110198&peptide_id=33532&scanf=41172&charge=2&value=sp|Q8NFD5|ARI1B_HUMAN,9,/core/www/modules/match_peptides/blast_html4.php?run_id=110202&search_id=114132&scans_id=110198&peptide_id=33532&scanf=41172&charge=2&value=9,R.EMSMALLSNLAQGDALAAR.A,/core/www/modules/show_out/show_out_wrapper.php?run_id=110202&search_id=114132&scans_id=110198&peptide_id=33532&scanf=41172&charge=2&value=R.EMSMALLSNLAQGDALAAR.A,ARID1B,1.003e+6,3.364,0.001,2.946,0.000
41181,2,"  5.307","  0.655",20/30,/core/www/modules//sdig/index.php?run_id=110202&search_id=114132&scans_id=110198&peptide_id=33541&scanf=41181&charge=2&value=20/30,sp|P35579|MYH9_HUMAN,/core/www/modules//consensus/?run_id=110202&search_id=114132&scans_id=110198&peptide_id=33541&scanf=41181&charge=2&value=sp|P35579|MYH9_HUMAN,6,/core/www/modules/match_peptides/blast_html4.php?run_id=110202&search_id=114132&scans_id=110198&peptide_id=33541&scanf=41181&charge=2&value=6,R.QLLQANPILEAFGNAK.T,/core/www/modules/show_out/show_out_wrapper.php?run_id=110202&search_id=114132&scans_id=110198&peptide_id=33541&scanf=41181&charge=2&value=R.QLLQANPILEAFGNAK.T,MYH9,5.451e+6,3.944,0.000,3.807,0.000
41183,3,"  5.441","  0.750",21/72,/core/www/modules//sdig/index.php?run_id=110202&search_id=114132&scans_id=110198&peptide_id=33543&scanf=41183&charge=3&value=21/72,sp|P31946|1433B_HUMAN,/core/www/modules//consensus/?run_id=110202&search_id=114132&scans_id=110198&peptide_id=33543&scanf=41183&charge=3&value=sp|P31946|1433B_HUMAN,0,/core/www/modules/match_peptides/blast_html4.php?run_id=110202&search_id=114132&scans_id=110198&peptide_id=33543&scanf=41183&charge=3&value=0,K.TAFDEAIAELDTLNEESYK.D,/core/www/modules/show_out/show_out_wrapper.php?run_id=110202&search_id=114132&scans_id=110198&peptide_id=33543&scanf=41183&charge=3&value=K.TAFDEAIAELDTLNEESYK.D,YWHAB,1.885e+7,3.912,0.000,3.759,0.000
41185,3,"  5.426","  0.511",19/92,/core/www/modules//sdig/index.php?run_id=110202&search_id=114132&scans_id=110198&peptide_id=33545&scanf=41185&charge=3&value=19/92,sp|Q9P2K5|MYEF2_HUMAN,/core/www/modules//consensus/?run_id=110202&search_id=114132&scans_id=110198&peptide_id=33545&scanf=41185&charge=3&value=sp|Q9P2K5|MYEF2_HUMAN,4,/core/www/modules/match_peptides/blast_html4.php?run_id=110202&search_id=114132&scans_id=110198&peptide_id=33545&scanf=41185&charge=3&value=4,R.IGGGIGFGGLEAMNSMGGFGGVGR.M,/core/www/modules/show_out/show_out_wrapper.php?run_id=110202&search_id=114132&scans_id=110198&peptide_id=33545&scanf=41185&charge=3&value=R.IGGGIGFGGLEAMNSMGGFGGVGR.M,MYEF2,6.237e+6,2.872,0.006,2.220,0.000
41187,2,"  3.545","  0.591",13/22,/core/www/modules//sdig/index.php?run_id=110202&search_id=114132&scans_id=110198&peptide_id=33547&scanf=41187&charge=2&value=13/22,sp|Q15185|TEBP_HUMAN,/core/www/modules//consensus/?run_id=110202&search_id=114132&scans_id=110198&peptide_id=33547&scanf=41187&charge=2&value=sp|Q15185|TEBP_HUMAN,2,/core/www/modules/match_peptides/blast_html4.php?run_id=110202&search_id=114132&scans_id=110198&peptide_id=33547&scanf=41187&charge=2&value=2,K.LNWLSVDFNNWK.D,/core/www/modules/show_out/show_out_wrapper.php?run_id=110202&search_id=114132&scans_id=110198&peptide_id=33547&scanf=41187&charge=2&value=K.LNWLSVDFNNWK.D,PTGES3,1.205e+7,3.517,0.001,3.173,0.000
41188,2,"  3.164","  0.496",12/20,/core/www/modules//sdig/index.php?run_id=110202&search_id=114132&scans_id=110198&peptide_id=33548&scanf=41188&charge=2&value=12/20,sp|P41252|SYIC_HUMAN,/core/www/modules//consensus/?run_id=110202&search_id=114132&scans_id=110198&peptide_id=33548&scanf=41188&charge=2&value=sp|P41252|SYIC_HUMAN,7,/core/www/modules/match_peptides/blast_html4.php?run_id=110202&search_id=114132&scans_id=110198&peptide_id=33548&scanf=41188&charge=2&value=7,K.FVDILTNWYVR.M,/core/www/modules/show_out/show_out_wrapper.php?run_id=110202&search_id=114132&scans_id=110198&peptide_id=33548&scanf=41188&charge=2&value=K.FVDILTNWYVR.M,IARS1,2.282e+6,3.315,0.001,2.874,0.000
41189,3,"  3.812","  0.512",15/60,/core/www/modules//sdig/index.php?run_id=110202&search_id=114132&scans_id=110198&peptide_id=33549&scanf=41189&charge=3&value=15/60,sp|Q96QK1|VPS35_HUMAN,/core/www/modules//consensus/?run_id=110202&search_id=114132&scans_id=110198&peptide_id=33549&scanf=41189&charge=3&value=sp|Q96QK1|VPS35_HUMAN,0,/core/www/modules/match_peptides/blast_html4.php?run_id=110202&search_id=114132&scans_id=110198&peptide_id=33549&scanf=41189&charge=3&value=0,K.ENDAVTIQVLNQLIQK.I,/core/www/modules/show_out/show_out_wrapper.php?run_id=110202&search_id=114132&scans_id=110198&peptide_id=33549&scanf=41189&charge=3&value=K.ENDAVTIQVLNQLIQK.I,VPS35,2.505e+6,2.976,0.004,2.373,0.000
41190,2,"  3.181","  0.576",12/24,/core/www/modules//sdig/index.php?run_id=110202&search_id=114132&scans_id=110198&peptide_id=33551&scanf=41190&charge=2&value=12/24,sp|Q9UJA5|TRM6_HUMAN,/core/www/modules//consensus/?run_id=110202&search_id=114132&scans_id=110198&peptide_id=33551&scanf=41190&charge=2&value=sp|Q9UJA5|TRM6_HUMAN,0,/core/www/modules/match_peptides/blast_html4.php?run_id=110202&search_id=114132&scans_id=110198&peptide_id=33551&scanf=41190&charge=2&value=0,K.SFLSGLYEFPLNK.V,/core/www/modules/show_out/show_out_wrapper.php?run_id=110202&search_id=114132&scans_id=110198&peptide_id=33551&scanf=41190&charge=2&value=K.SFLSGLYEFPLNK.V,TRMT6,2.302e+6,3.178,0.002,2.671,0.000
41203,2,"  2.865","  0.461",11/18,/core/www/modules//sdig/index.php?run_id=110202&search_id=114132&scans_id=110198&peptide_id=33563&scanf=41203&charge=2&value=11/18,sp|P08670|VIME_HUMAN,/core/www/modules//consensus/?run_id=110202&search_id=114132&scans_id=110198&peptide_id=33563&scanf=41203&charge=2&value=sp|P08670|VIME_HUMAN,2,/core/www/modules/match_peptides/blast_html4.php?run_id=110202&search_id=114132&scans_id=110198&peptide_id=33563&scanf=41203&charge=2&value=2,K.ILLAELEQLK.G,/core/www/modules/show_out/show_out_wrapper.php?run_id=110202&search_id=114132&scans_id=110198&peptide_id=33563&scanf=41203&charge=2&value=K.ILLAELEQLK.G,VIM,2.375e+9,3.616,0.000,3.320,0.000
41210,3,"  3.954","  0.598",20/56,/core/www/modules//sdig/index.php?run_id=110202&search_id=114132&scans_id=110198&peptide_id=33571&scanf=41210&charge=3&value=20/56,sp|Q15149|PLEC_HUMAN,/core/www/modules//consensus/?run_id=110202&search_id=114132&scans_id=110198&peptide_id=33571&scanf=41210&charge=3&value=sp|Q15149|PLEC_HUMAN,5,/core/www/modules/match_peptides/blast_html4.php?run_id=110202&search_id=114132&scans_id=110198&peptide_id=33571&scanf=41210&charge=3&value=5,R.YLQDLLAWVEENQHR.V,/core/www/modules/show_out/show_out_wrapper.php?run_id=110202&search_id=114132&scans_id=110198&peptide_id=33571&scanf=41210&charge=3&value=R.YLQDLLAWVEENQHR.V,PLEC,5.589e+6,4.108,0.000,4.050,0.000
41213,3,"  3.836","  0.542",16/80,/core/www/modules//sdig/index.php?run_id=110202&search_id=114132&scans_id=110198&peptide_id=33574&scanf=41213&charge=3&value=16/80,sp|Q9UNN5|FAF1_HUMAN,/core/www/modules//consensus/?run_id=110202&search_id=114132&scans_id=110198&peptide_id=33574&scanf=41213&charge=3&value=sp|Q9UNN5|FAF1_HUMAN,1,/core/www/modules/match_peptides/blast_html4.php?run_id=110202&search_id=114132&scans_id=110198&peptide_id=33574&scanf=41213&charge=3&value=1,R.SSNEVLNVIQGNTTVDELMMR.L,/core/www/modules/show_out/show_out_wrapper.php?run_id=110202&search_id=114132&scans_id=110198&peptide_id=33574&scanf=41213&charge=3&value=R.SSNEVLNVIQGNTTVDELMMR.L,FAF1,1.181e+6,2.793,0.008,2.103,0.000
41214,2,"  2.671","  0.502",12/22,/core/www/modules//sdig/index.php?run_id=110202&search_id=114132&scans_id=110198&peptide_id=33575&scanf=41214&charge=2&value=12/22,sp|Q86UY6|NAA40_HUMAN,/core/www/modules//consensus/?run_id=110202&search_id=114132&scans_id=110198&peptide_id=33575&scanf=41214&charge=2&value=sp|Q86UY6|NAA40_HUMAN,1,/core/www/modules/match_peptides/blast_html4.php?run_id=110202&search_id=114132&scans_id=110198&peptide_id=33575&scanf=41214&charge=2&value=1,R.LGDPLEAFPVFK.K,/core/www/modules/show_out/show_out_wrapper.php?run_id=110202&search_id=114132&scans_id=110198&peptide_id=33575&scanf=41214&charge=2&value=R.LGDPLEAFPVFK.K,NAA40,3.637e+6,3.073,0.003,2.517,0.000
41223,2,"  1.804","  0.158",11/16,/core/www/modules//sdig/index.php?run_id=110202&search_id=114132&scans_id=110198&peptide_id=33584&scanf=41223&charge=2&value=11/16,sp|O60814|H2B1K_HUMAN,/core/www/modules//consensus/?run_id=110202&search_id=114132&scans_id=110198&peptide_id=33584&scanf=41223&charge=2&value=sp|O60814|H2B1K_HUMAN,16,/core/www/modules/match_peptides/blast_html4.php?run_id=110202&search_id=114132&scans_id=110198&peptide_id=33584&scanf=41223&charge=2&value=16,R.LLLPGELAK.H,/core/www/modules/show_out/show_out_wrapper.php?run_id=110202&search_id=114132&scans_id=110198&peptide_id=33584&scanf=41223&charge=2&value=R.LLLPGELAK.H,H2BC12,4.487e+9,2.438,0.026,1.584,0.001
41224,3,"  5.542","  0.601",17/84,/core/www/modules//sdig/index.php?run_id=110202&search_id=114132&scans_id=110198&peptide_id=33585&scanf=41224&charge=3&value=17/84,sp|O00410|IPO5_HUMAN,/core/www/modules//consensus/?run_id=110202&search_id=114132&scans_id=110198&peptide_id=33585&scanf=41224&charge=3&value=sp|O00410|IPO5_HUMAN,7,/core/www/modules/match_peptides/blast_html4.php?run_id=110202&search_id=114132&scans_id=110198&peptide_id=33585&scanf=41224&charge=3&value=7,R.LLSSAFDEVYPALPSDVQTAIK.S,/core/www/modules/show_out/show_out_wrapper.php?run_id=110202&search_id=114132&scans_id=110198&peptide_id=33585&scanf=41224&charge=3&value=R.LLSSAFDEVYPALPSDVQTAIK.S,IPO5,3.849e+6,3.013,0.004,2.427,0.000
41225,3,"  3.673","  0.276",13/60,/core/www/modules//sdig/index.php?run_id=110202&search_id=114132&scans_id=110198&peptide_id=33586&scanf=41225&charge=3&value=13/60,sp|Q9H4L7|SMRCD_HUMAN,/core/www/modules//consensus/?run_id=110202&search_id=114132&scans_id=110198&peptide_id=33586&scanf=41225&charge=3&value=sp|Q9H4L7|SMRCD_HUMAN,0,/core/www/modules/match_peptides/blast_html4.php?run_id=110202&search_id=114132&scans_id=110198&peptide_id=33586&scanf=41225&charge=3&value=0,K.ITELRPFNSWEALFTK.M,/core/www/modules/show_out/show_out_wrapper.php?run_id=110202&search_id=114132&scans_id=110198&peptide_id=33586&scanf=41225&charge=3&value=K.ITELRPFNSWEALFTK.M,SMARCAD1,1.981e+6,2.239,0.050,1.300,0.002
41228,3,"  3.421","  0.657",20/56,/core/www/modules//sdig/index.php?run_id=110202&search_id=114132&scans_id=110198&peptide_id=33589&scanf=41228&charge=3&value=20/56,sp|P62277|RS13_HUMAN,/core/www/modules//consensus/?run_id=110202&search_id=114132&scans_id=110198&peptide_id=33589&scanf=41228&charge=3&value=sp|P62277|RS13_HUMAN,1,/core/www/modules/match_peptides/blast_html4.php?run_id=110202&search_id=114132&scans_id=110198&peptide_id=33589&scanf=41228&charge=3&value=1,K.GLAPDLPEDLYHLIK.K,/core/www/modules/show_out/show_out_wrapper.php?run_id=110202&search_id=114132&scans_id=110198&peptide_id=33589&scanf=41228&charge=3&value=K.GLAPDLPEDLYHLIK.K,RPS13,3.420e+8,3.795,0.000,3.586,0.000
41229,3,"  2.175","  0.421",11/48,/core/www/modules//sdig/index.php?run_id=110202&search_id=114132&scans_id=110198&peptide_id=33590&scanf=41229&charge=3&value=11/48,sp|Q5QJE6|TDIF2_HUMAN,/core/www/modules//consensus/?run_id=110202&search_id=114132&scans_id=110198&peptide_id=33590&scanf=41229&charge=3&value=sp|Q5QJE6|TDIF2_HUMAN,0,/core/www/modules/match_peptides/blast_html4.php?run_id=110202&search_id=114132&scans_id=110198&peptide_id=33590&scanf=41229&charge=3&value=0,R.TIVEELLADSEFR.R,/core/www/modules/show_out/show_out_wrapper.php?run_id=110202&search_id=114132&scans_id=110198&peptide_id=33590&scanf=41229&charge=3&value=R.TIVEELLADSEFR.R,DNTTIP2,2.153e+6,2.758,0.009,2.051,0.000
41230,2,"  2.947","  0.531",16/32,/core/www/modules//sdig/index.php?run_id=110202&search_id=114132&scans_id=110198&peptide_id=33592&scanf=41230&charge=2&value=16/32,sp|P17029|ZKSC1_HUMAN,/core/www/modules//consensus/?run_id=110202&search_id=114132&scans_id=110198&peptide_id=33592&scanf=41230&charge=2&value=sp|P17029|ZKSC1_HUMAN,2,/core/www/modules/match_peptides/blast_html4.php?run_id=110202&search_id=114132&scans_id=110198&peptide_id=33592&scanf=41230&charge=2&value=2,R.ASEYSPASLDAFGAFLK.S,/core/www/modules/show_out/show_out_wrapper.php?run_id=110202&search_id=114132&scans_id=110198&peptide_id=33592&scanf=41230&charge=2&value=R.ASEYSPASLDAFGAFLK.S,ZKSCAN1,1.538e+6,2.965,0.004,2.356,0.000
41231,3,"  4.680","  0.643",22/68,/core/www/modules//sdig/index.php?run_id=110202&search_id=114132&scans_id=110198&peptide_id=33593&scanf=41231&charge=3&value=22/68,sp|Q6PL18|ATAD2_HUMAN,/core/www/modules//consensus/?run_id=110202&search_id=114132&scans_id=110198&peptide_id=33593&scanf=41231&charge=3&value=sp|Q6PL18|ATAD2_HUMAN,1,/core/www/modules/match_peptides/blast_html4.php?run_id=110202&search_id=114132&scans_id=110198&peptide_id=33593&scanf=41231&charge=3&value=1,K.AVLQALEVLPVAPPPEPR.S,/core/www/modules/show_out/show_out_wrapper.php?run_id=110202&search_id=114132&scans_id=110198&peptide_id=33593&scanf=41231&charge=3&value=K.AVLQALEVLPVAPPPEPR.S,ATAD2,8.538e+6,3.599,0.001,3.296,0.000
41234,3,"  2.986","  0.397",11/48,/core/www/modules//sdig/index.php?run_id=110202&search_id=114132&scans_id=110198&peptide_id=33596&scanf=41234&charge=3&value=11/48,sp|P50454|SERPH_HUMAN,/core/www/modules//consensus/?run_id=110202&search_id=114132&scans_id=110198&peptide_id=33596&scanf=41234&charge=3&value=sp|P50454|SERPH_HUMAN,2,/core/www/modules/match_peptides/blast_html4.php?run_id=110202&search_id=114132&scans_id=110198&peptide_id=33596&scanf=41234&charge=3&value=2,K.LFYADHPFIFLVR.D,/core/www/modules/show_out/show_out_wrapper.php?run_id=110202&search_id=114132&scans_id=110198&peptide_id=33596&scanf=41234&charge=3&value=K.LFYADHPFIFLVR.D,SERPINH1,1.097e+7,2.795,0.008,2.105,0.000
41238,2,"  3.597","  0.257",13/32,/core/www/modules//sdig/index.php?run_id=110202&search_id=114132&scans_id=110198&peptide_id=33600&scanf=41238&charge=2&value=13/32,sp|Q9Y657|SPIN1_HUMAN,/core/www/modules//consensus/?run_id=110202&search_id=114132&scans_id=110198&peptide_id=33600&scanf=41238&charge=2&value=sp|Q9Y657|SPIN1_HUMAN,1,/core/www/modules/match_peptides/blast_html4.php?run_id=110202&search_id=114132&scans_id=110198&peptide_id=33600&scanf=41238&charge=2&value=1,K.GTVLDQVPVNPSLYLIK.Y,/core/www/modules/show_out/show_out_wrapper.php?run_id=110202&search_id=114132&scans_id=110198&peptide_id=33600&scanf=41238&charge=2&value=K.GTVLDQVPVNPSLYLIK.Y,SPIN1,3.652e+6,1.988,0.110,0.957,0.005
41239,3,"  7.082","  0.658",24/100,/core/www/modules//sdig/index.php?run_id=110202&search_id=114132&scans_id=110198&peptide_id=33601&scanf=41239&charge=3&value=24/100,sp|O75151|PHF2_HUMAN,/core/www/modules//consensus/?run_id=110202&search_id=114132&scans_id=110198&peptide_id=33601&scanf=41239&charge=3&value=sp|O75151|PHF2_HUMAN,0,/core/www/modules/match_peptides/blast_html4.php?run_id=110202&search_id=114132&scans_id=110198&peptide_id=33601&scanf=41239&charge=3&value=0,K.KDGLGLAVPAPTFYVSDVENYVGPER.S,/core/www/modules/show_out/show_out_wrapper.php?run_id=110202&search_id=114132&scans_id=110198&peptide_id=33601&scanf=41239&charge=3&value=K.KDGLGLAVPAPTFYVSDVENYVGPER.S,PHF2,1.752e+6,3.082,0.003,2.529,0.000
41244,3,"  6.519","  0.689",31/84,/core/www/modules//sdig/index.php?run_id=110202&search_id=114132&scans_id=110198&peptide_id=33606&scanf=41244&charge=3&value=31/84,sp|Q00839|HNRPU_HUMAN,/core/www/modules//consensus/?run_id=110202&search_id=114132&scans_id=110198&peptide_id=33606&scanf=41244&charge=3&value=sp|Q00839|HNRPU_HUMAN,10,/core/www/modules/match_peptides/blast_html4.php?run_id=110202&search_id=114132&scans_id=110198&peptide_id=33606&scanf=41244&charge=3&value=10,K.EKPYFPIPEEYTFIQNVPLEDR.V,/core/www/modules/show_out/show_out_wrapper.php?run_id=110202&search_id=114132&scans_id=110198&peptide_id=33606&scanf=41244&charge=3&value=K.EKPYFPIPEEYTFIQNVPLEDR.V,HNRNPU,1.480e+8,3.892,0.000,3.730,0.000
41245,3,"  3.809","  0.574",14/72,/core/www/modules//sdig/index.php?run_id=110202&search_id=114132&scans_id=110198&peptide_id=33607&scanf=41245&charge=3&value=14/72,sp|P28838|AMPL_HUMAN,/core/www/modules//consensus/?run_id=110202&search_id=114132&scans_id=110198&peptide_id=33607&scanf=41245&charge=3&value=sp|P28838|AMPL_HUMAN,0,/core/www/modules/match_peptides/blast_html4.php?run_id=110202&search_id=114132&scans_id=110198&peptide_id=33607&scanf=41245&charge=3&value=0,R.TFYGLHQDFPSVVLVGLGK.K,/core/www/modules/show_out/show_out_wrapper.php?run_id=110202&search_id=114132&scans_id=110198&peptide_id=33607&scanf=41245&charge=3&value=R.TFYGLHQDFPSVVLVGLGK.K,LAP3,1.768e+7,3.103,0.003,2.560,0.000
41247,2,"  3.990","  0.560",13/22,/core/www/modules//sdig/index.php?run_id=110202&search_id=114132&scans_id=110198&peptide_id=33609&scanf=41247&charge=2&value=13/22,sp|Q13616|CUL1_HUMAN,/core/www/modules//consensus/?run_id=110202&search_id=114132&scans_id=110198&peptide_id=33609&scanf=41247&charge=2&value=sp|Q13616|CUL1_HUMAN,9,/core/www/modules/match_peptides/blast_html4.php?run_id=110202&search_id=114132&scans_id=110198&peptide_id=33609&scanf=41247&charge=2&value=9,K.QIGLDQIWDDLR.A,/core/www/modules/show_out/show_out_wrapper.php?run_id=110202&search_id=114132&scans_id=110198&peptide_id=33609&scanf=41247&charge=2&value=K.QIGLDQIWDDLR.A,CUL1,1.919e+6,3.295,0.001,2.845,0.000
41249,3,"  5.757","  0.574",20/80,/core/www/modules//sdig/index.php?run_id=110202&search_id=114132&scans_id=110198&peptide_id=33611&scanf=41249&charge=3&value=20/80,sp|O60244|MED14_HUMAN,/core/www/modules//consensus/?run_id=110202&search_id=114132&scans_id=110198&peptide_id=33611&scanf=41249&charge=3&value=sp|O60244|MED14_HUMAN,1,/core/www/modules/match_peptides/blast_html4.php?run_id=110202&search_id=114132&scans_id=110198&peptide_id=33611&scanf=41249&charge=3&value=1,R.IIQQETLQLINSNEPGVIMFK.T,/core/www/modules/show_out/show_out_wrapper.php?run_id=110202&search_id=114132&scans_id=110198&peptide_id=33611&scanf=41249&charge=3&value=R.IIQQETLQLINSNEPGVIMFK.T,MED14,2.386e+6,3.199,0.002,2.702,0.000
41255,2,"  3.996","  0.510",17/32,/core/www/modules//sdig/index.php?run_id=110202&search_id=114132&scans_id=110198&peptide_id=33618&scanf=41255&charge=2&value=17/32,sp|Q96T23|RSF1_HUMAN,/core/www/modules//consensus/?run_id=110202&search_id=114132&scans_id=110198&peptide_id=33618&scanf=41255&charge=2&value=sp|Q96T23|RSF1_HUMAN,1,/core/www/modules/match_peptides/blast_html4.php?run_id=110202&search_id=114132&scans_id=110198&peptide_id=33618&scanf=41255&charge=2&value=1,R.FDEFDEAIDEAIEDDIK.E,/core/www/modules/show_out/show_out_wrapper.php?run_id=110202&search_id=114132&scans_id=110198&peptide_id=33618&scanf=41255&charge=2&value=R.FDEFDEAIDEAIEDDIK.E,RSF1,1.211e+6,3.018,0.004,2.434,0.000
41256,3,"  3.639","  0.473",17/92,/core/www/modules//sdig/index.php?run_id=110202&search_id=114132&scans_id=110198&peptide_id=33619&scanf=41256&charge=3&value=17/92,sp|O95777|LSM8_HUMAN,/core/www/modules//consensus/?run_id=110202&search_id=114132&scans_id=110198&peptide_id=33619&scanf=41256&charge=3&value=sp|O95777|LSM8_HUMAN,1,/core/www/modules/match_peptides/blast_html4.php?run_id=110202&search_id=114132&scans_id=110198&peptide_id=33619&scanf=41256&charge=3&value=1,R.GDNVAVIGEIDEETDSALDLGNIR.A,/core/www/modules/show_out/show_out_wrapper.php?run_id=110202&search_id=114132&scans_id=110198&peptide_id=33619&scanf=41256&charge=3&value=R.GDNVAVIGEIDEETDSALDLGNIR.A,LSM8,1.052e+6,2.594,0.015,1.810,0.000
41258,3,"  1.692","  0.245",13/52,/core/www/modules//sdig/index.php?run_id=110202&search_id=114132&scans_id=110198&peptide_id=33621&scanf=41258&charge=3&value=13/52,sp|Q93074|MED12_HUMAN,/core/www/modules//consensus/?run_id=110202&search_id=114132&scans_id=110198&peptide_id=33621&scanf=41258&charge=3&value=sp|Q93074|MED12_HUMAN,7,/core/www/modules/match_peptides/blast_html4.php?run_id=110202&search_id=114132&scans_id=110198&peptide_id=33621&scanf=41258&charge=3&value=7,R.HVDPFMEWTQIITK.Y,/core/www/modules/show_out/show_out_wrapper.php?run_id=110202&search_id=114132&scans_id=110198&peptide_id=33621&scanf=41258&charge=3&value=R.HVDPFMEWTQIITK.Y,MED12,1.486e+6,2.127,0.072,1.144,0.002
41260,3,"  4.593","  0.658",16/80,/core/www/modules//sdig/index.php?run_id=110202&search_id=114132&scans_id=110198&peptide_id=33624&scanf=41260&charge=3&value=16/80,sp|Q6ZRQ5|MMS22_HUMAN,/core/www/modules//consensus/?run_id=110202&search_id=114132&scans_id=110198&peptide_id=33624&scanf=41260&charge=3&value=sp|Q6ZRQ5|MMS22_HUMAN,1,/core/www/modules/match_peptides/blast_html4.php?run_id=110202&search_id=114132&scans_id=110198&peptide_id=33624&scanf=41260&charge=3&value=1,R.FLPASPYVSDLGQHPVLLALR.N,/core/www/modules/show_out/show_out_wrapper.php?run_id=110202&search_id=114132&scans_id=110198&peptide_id=33624&scanf=41260&charge=3&value=R.FLPASPYVSDLGQHPVLLALR.N,MMS22L,7.742e+5,3.328,0.001,2.894,0.000
41261,3,"  1.914","  0.459",11/52,/core/www/modules//sdig/index.php?run_id=110202&search_id=114132&scans_id=110198&peptide_id=33625&scanf=41261&charge=3&value=11/52,sp|Q9H4L4|SENP3_HUMAN,/core/www/modules//consensus/?run_id=110202&search_id=114132&scans_id=110198&peptide_id=33625&scanf=41261&charge=3&value=sp|Q9H4L4|SENP3_HUMAN,1,/core/www/modules/match_peptides/blast_html4.php?run_id=110202&search_id=114132&scans_id=110198&peptide_id=33625&scanf=41261&charge=3&value=1,R.LGLLGALMAEDGVR.G,/core/www/modules/show_out/show_out_wrapper.php?run_id=110202&search_id=114132&scans_id=110198&peptide_id=33625&scanf=41261&charge=3&value=R.LGLLGALMAEDGVR.G,SENP3,1.805e+6,2.868,0.006,2.213,0.000
41262,3,"  5.171","  0.523",17/112,/core/www/modules//sdig/index.php?run_id=110202&search_id=114132&scans_id=110198&peptide_id=33626&scanf=41262&charge=3&value=17/112,sp|Q27J81|INF2_HUMAN,/core/www/modules//consensus/?run_id=110202&search_id=114132&scans_id=110198&peptide_id=33626&scanf=41262&charge=3&value=sp|Q27J81|INF2_HUMAN,10,/core/www/modules/match_peptides/blast_html4.php?run_id=110202&search_id=114132&scans_id=110198&peptide_id=33626&scanf=41262&charge=3&value=10,R.GWDLVDAVTPGPQPTLEQLEEGGPRPLER.R,/core/www/modules/show_out/show_out_wrapper.php?run_id=110202&search_id=114132&scans_id=110198&peptide_id=33626&scanf=41262&charge=3&value=R.GWDLVDAVTPGPQPTLEQLEEGGPRPLER.R,INF2,8.109e+5,2.541,0.018,1.734,0.000
41265,2,"  2.895","  0.420",12/18,/core/www/modules//sdig/index.php?run_id=110202&search_id=114132&scans_id=110198&peptide_id=33628&scanf=41265&charge=2&value=12/18,sp|Q9BQG0|MBB1A_HUMAN,/core/www/modules//consensus/?run_id=110202&search_id=114132&scans_id=110198&peptide_id=33628&scanf=41265&charge=2&value=sp|Q9BQG0|MBB1A_HUMAN,1,/core/www/modules/match_peptides/blast_html4.php?run_id=110202&search_id=114132&scans_id=110198&peptide_id=33628&scanf=41265&charge=2&value=1,K.LPAIALDLLR.L,/core/www/modules/show_out/show_out_wrapper.php?run_id=110202&search_id=114132&scans_id=110198&peptide_id=33628&scanf=41265&charge=2&value=K.LPAIALDLLR.L,MYBBP1A,2.655e+7,3.298,0.001,2.849,0.000
41266,2,"  2.209","  0.565",10/18,/core/www/modules//sdig/index.php?run_id=110202&search_id=114132&scans_id=110198&peptide_id=33629&scanf=41266&charge=2&value=10/18,sp|Q8IV08|PLD3_HUMAN,/core/www/modules//consensus/?run_id=110202&search_id=114132&scans_id=110198&peptide_id=33629&scanf=41266&charge=2&value=sp|Q8IV08|PLD3_HUMAN,3,/core/www/modules/match_peptides/blast_html4.php?run_id=110202&search_id=114132&scans_id=110198&peptide_id=33629&scanf=41266&charge=2&value=3,R.AFLLSLAALR.D,/core/www/modules/show_out/show_out_wrapper.php?run_id=110202&search_id=114132&scans_id=110198&peptide_id=33629&scanf=41266&charge=2&value=R.AFLLSLAALR.D,PLD3,4.057e+6,3.363,0.001,2.946,0.000
41268,2,"  2.964","  0.424",9/24,/core/www/modules//sdig/index.php?run_id=110202&search_id=114132&scans_id=110198&peptide_id=33631&scanf=41268&charge=2&value=9/24,sp|Q96ST3|SIN3A_HUMAN,/core/www/modules//consensus/?run_id=110202&search_id=114132&scans_id=110198&peptide_id=33631&scanf=41268&charge=2&value=sp|Q96ST3|SIN3A_HUMAN,0,/core/www/modules/match_peptides/blast_html4.php?run_id=110202&search_id=114132&scans_id=110198&peptide_id=33631&scanf=41268&charge=2&value=0,K.SLLNEIESIYDER.Q,/core/www/modules/show_out/show_out_wrapper.php?run_id=110202&search_id=114132&scans_id=110198&peptide_id=33631&scanf=41268&charge=2&value=K.SLLNEIESIYDER.Q,SIN3A,3.842e+6,2.637,0.013,1.874,0.000
41269,3,"  3.997","  0.580",14/84,/core/www/modules//sdig/index.php?run_id=110202&search_id=114132&scans_id=110198&peptide_id=33632&scanf=41269&charge=3&value=14/84,sp|O14646|CHD1_HUMAN,/core/www/modules//consensus/?run_id=110202&search_id=114132&scans_id=110198&peptide_id=33632&scanf=41269&charge=3&value=sp|O14646|CHD1_HUMAN,0,/core/www/modules/match_peptides/blast_html4.php?run_id=110202&search_id=114132&scans_id=110198&peptide_id=33632&scanf=41269&charge=3&value=0,R.AETHENEPGPLTVGDELLSQFK.V,/core/www/modules/show_out/show_out_wrapper.php?run_id=110202&search_id=114132&scans_id=110198&peptide_id=33632&scanf=41269&charge=3&value=R.AETHENEPGPLTVGDELLSQFK.V,CHD1,2.439e+6,3.046,0.003,2.477,0.000
41270,2,"  3.535","  0.623",14/30,/core/www/modules//sdig/index.php?run_id=110202&search_id=114132&scans_id=110198&peptide_id=33634&scanf=41270&charge=2&value=14/30,sp|Q9Y5B9|SP16H_HUMAN,/core/www/modules//consensus/?run_id=110202&search_id=114132&scans_id=110198&peptide_id=33634&scanf=41270&charge=2&value=sp|Q9Y5B9|SP16H_HUMAN,0,/core/www/modules/match_peptides/blast_html4.php?run_id=110202&search_id=114132&scans_id=110198&peptide_id=33634&scanf=41270&charge=2&value=0,K.VTMINAIPVASLDPIK.E,/core/www/modules/show_out/show_out_wrapper.php?run_id=110202&search_id=114132&scans_id=110198&peptide_id=33634&scanf=41270&charge=2&value=K.VTMINAIPVASLDPIK.E,SUPT16H,6.002e+6,3.285,0.001,2.829,0.000
41271,3,"  5.307","  0.670",24/92,/core/www/modules//sdig/index.php?run_id=110202&search_id=114132&scans_id=110198&peptide_id=33635&scanf=41271&charge=3&value=24/92,sp|P39023|RL3_HUMAN,/core/www/modules//consensus/?run_id=110202&search_id=114132&scans_id=110198&peptide_id=33635&scanf=41271&charge=3&value=sp|P39023|RL3_HUMAN,4,/core/www/modules/match_peptides/blast_html4.php?run_id=110202&search_id=114132&scans_id=110198&peptide_id=33635&scanf=41271&charge=3&value=4,R.LEQQVPVNQVFGQDEMIDVIGVTK.G,/core/www/modules/show_out/show_out_wrapper.php?run_id=110202&search_id=114132&scans_id=110198&peptide_id=33635&scanf=41271&charge=3&value=R.LEQQVPVNQVFGQDEMIDVIGVTK.G,RPL3,5.277e+7,3.541,0.001,3.209,0.000
41281,2,"  4.529","  0.627",16/28,/core/www/modules//sdig/index.php?run_id=110202&search_id=114132&scans_id=110198&peptide_id=33646&scanf=41281&charge=2&value=16/28,sp|P61224|RAP1B_HUMAN,/core/www/modules//consensus/?run_id=110202&search_id=114132&scans_id=110198&peptide_id=33646&scanf=41281&charge=2&value=sp|P61224|RAP1B_HUMAN,16,/core/www/modules/match_peptides/blast_html4.php?run_id=110202&search_id=114132&scans_id=110198&peptide_id=33646&scanf=41281&charge=2&value=16,K.SALTVQFVQGIFVEK.Y,/core/www/modules/show_out/show_out_wrapper.php?run_id=110202&search_id=114132&scans_id=110198&peptide_id=33646&scanf=41281&charge=2&value=K.SALTVQFVQGIFVEK.Y,RAP1B,3.971e+6,3.514,0.001,3.169,0.000
41284,3,"  2.497","  0.512",13/64,/core/www/modules//sdig/index.php?run_id=110202&search_id=114132&scans_id=110198&peptide_id=33649&scanf=41284&charge=3&value=13/64,sp|P06744|G6PI_HUMAN,/core/www/modules//consensus/?run_id=110202&search_id=114132&scans_id=110198&peptide_id=33649&scanf=41284&charge=3&value=sp|P06744|G6PI_HUMAN,6,/core/www/modules/match_peptides/blast_html4.php?run_id=110202&search_id=114132&scans_id=110198&peptide_id=33649&scanf=41284&charge=3&value=6,K.TLAQLNPESSLFIIASK.T,/core/www/modules/show_out/show_out_wrapper.php?run_id=110202&search_id=114132&scans_id=110198&peptide_id=33649&scanf=41284&charge=3&value=K.TLAQLNPESSLFIIASK.T,GPI,7.154e+5,2.827,0.007,2.153,0.000
41286,2,"  2.718","  0.585",13/18,/core/www/modules//sdig/index.php?run_id=110202&search_id=114132&scans_id=110198&peptide_id=33650&scanf=41286&charge=2&value=13/18,sp|P27348|1433T_HUMAN,/core/www/modules//consensus/?run_id=110202&search_id=114132&scans_id=110198&peptide_id=33650&scanf=41286&charge=2&value=sp|P27348|1433T_HUMAN,11,/core/www/modules/match_peptides/blast_html4.php?run_id=110202&search_id=114132&scans_id=110198&peptide_id=33650&scanf=41286&charge=2&value=11,K.DSTLIMQLLR.D,/core/www/modules/show_out/show_out_wrapper.php?run_id=110202&search_id=114132&scans_id=110198&peptide_id=33650&scanf=41286&charge=2&value=K.DSTLIMQLLR.D,YWHAQ,1.154e+8,3.724,0.000,3.480,0.000
41287,3,"  4.521","  0.606",18/64,/core/www/modules//sdig/index.php?run_id=110202&search_id=114132&scans_id=110198&peptide_id=33651&scanf=41287&charge=3&value=18/64,sp|Q9NVU7|SDA1_HUMAN,/core/www/modules//consensus/?run_id=110202&search_id=114132&scans_id=110198&peptide_id=33651&scanf=41287&charge=3&value=sp|Q9NVU7|SDA1_HUMAN,3,/core/www/modules/match_peptides/blast_html4.php?run_id=110202&search_id=114132&scans_id=110198&peptide_id=33651&scanf=41287&charge=3&value=3,R.DPPAYIEEFLQQYNHYK.S,/core/www/modules/show_out/show_out_wrapper.php?run_id=110202&search_id=114132&scans_id=110198&peptide_id=33651&scanf=41287&charge=3&value=R.DPPAYIEEFLQQYNHYK.S,SDAD1,2.580e+6,3.446,0.001,3.068,0.000
41288,2,"  3.605","  0.631",17/26,/core/www/modules//sdig/index.php?run_id=110202&search_id=114132&scans_id=110198&peptide_id=33652&scanf=41288&charge=2&value=17/26,sp|Q8N7H5|PAF1_HUMAN,/core/www/modules//consensus/?run_id=110202&search_id=114132&scans_id=110198&peptide_id=33652&scanf=41288&charge=2&value=sp|Q8N7H5|PAF1_HUMAN,1,/core/www/modules/match_peptides/blast_html4.php?run_id=110202&search_id=114132&scans_id=110198&peptide_id=33652&scanf=41288&charge=2&value=1,R.VTPVEVMPVFPDFK.M,/core/www/modules/show_out/show_out_wrapper.php?run_id=110202&search_id=114132&scans_id=110198&peptide_id=33652&scanf=41288&charge=2&value=R.VTPVEVMPVFPDFK.M,PAF1,6.374e+6,3.687,0.000,3.426,0.000
41289,3,"  4.615","  0.656",20/76,/core/www/modules//sdig/index.php?run_id=110202&search_id=114132&scans_id=110198&peptide_id=33653&scanf=41289&charge=3&value=20/76,sp|O00159|MYO1C_HUMAN,/core/www/modules//consensus/?run_id=110202&search_id=114132&scans_id=110198&peptide_id=33653&scanf=41289&charge=3&value=sp|O00159|MYO1C_HUMAN,4,/core/www/modules/match_peptides/blast_html4.php?run_id=110202&search_id=114132&scans_id=110198&peptide_id=33653&scanf=41289&charge=3&value=4,R.GVSFYEVPPHLFAVADTVYR.A,/core/www/modules/show_out/show_out_wrapper.php?run_id=110202&search_id=114132&scans_id=110198&peptide_id=33653&scanf=41289&charge=3&value=R.GVSFYEVPPHLFAVADTVYR.A,MYO1C,1.093e+7,3.577,0.001,3.263,0.000
41291,2,"  3.316","  0.562",12/24,/core/www/modules//sdig/index.php?run_id=110202&search_id=114132&scans_id=110198&peptide_id=33656&scanf=41291&charge=2&value=12/24,sp|Q9UJA5|TRM6_HUMAN,/core/www/modules//consensus/?run_id=110202&search_id=114132&scans_id=110198&peptide_id=33656&scanf=41291&charge=2&value=sp|Q9UJA5|TRM6_HUMAN,0,/core/www/modules/match_peptides/blast_html4.php?run_id=110202&search_id=114132&scans_id=110198&peptide_id=33656&scanf=41291&charge=2&value=0,K.SFLSGLYEFPLNK.V,/core/www/modules/show_out/show_out_wrapper.php?run_id=110202&search_id=114132&scans_id=110198&peptide_id=33656&scanf=41291&charge=2&value=K.SFLSGLYEFPLNK.V,TRMT6,2.302e+6,3.115,0.003,2.577,0.000
41294,3,"  6.462","  0.761",30/120,/core/www/modules//sdig/index.php?run_id=110202&search_id=114132&scans_id=110198&peptide_id=33659&scanf=41294&charge=3&value=30/120,sp|Q9BW19|KIFC1_HUMAN,/core/www/modules//consensus/?run_id=110202&search_id=114132&scans_id=110198&peptide_id=33659&scanf=41294&charge=3&value=sp|Q9BW19|KIFC1_HUMAN,0,/core/www/modules/match_peptides/blast_html4.php?run_id=110202&search_id=114132&scans_id=110198&peptide_id=33659&scanf=41294&charge=3&value=0,R.VRPVLPGEPTPPPGLLLFPSGPGGPSDPPTR.L,/core/www/modules/show_out/show_out_wrapper.php?run_id=110202&search_id=114132&scans_id=110198&peptide_id=33659&scanf=41294&charge=3&value=R.VRPVLPGEPTPPPGLLLFPSGPGGPSDPPTR.L,KIFC1,1.043e+6,3.490,0.001,3.133,0.000
41295,3,"  4.401","  0.576",19/112,/core/www/modules//sdig/index.php?run_id=110202&search_id=114132&scans_id=110198&peptide_id=33660&scanf=41295&charge=3&value=19/112,sp|Q27J81|INF2_HUMAN,/core/www/modules//consensus/?run_id=110202&search_id=114132&scans_id=110198&peptide_id=33660&scanf=41295&charge=3&value=sp|Q27J81|INF2_HUMAN,10,/core/www/modules/match_peptides/blast_html4.php?run_id=110202&search_id=114132&scans_id=110198&peptide_id=33660&scanf=41295&charge=3&value=10,R.GWDLVDAVTPGPQPTLEQLEEGGPRPLER.R,/core/www/modules/show_out/show_out_wrapper.php?run_id=110202&search_id=114132&scans_id=110198&peptide_id=33660&scanf=41295&charge=3&value=R.GWDLVDAVTPGPQPTLEQLEEGGPRPLER.R,INF2,8.109e+5,2.686,0.011,1.945,0.000
41296,3,"  4.617","  0.654",15/64,/core/www/modules//sdig/index.php?run_id=110202&search_id=114132&scans_id=110198&peptide_id=33661&scanf=41296&charge=3&value=15/64,sp|Q7L2H7|EIF3M_HUMAN,/core/www/modules//consensus/?run_id=110202&search_id=114132&scans_id=110198&peptide_id=33661&scanf=41296&charge=3&value=sp|Q7L2H7|EIF3M_HUMAN,2,/core/www/modules/match_peptides/blast_html4.php?run_id=110202&search_id=114132&scans_id=110198&peptide_id=33661&scanf=41296&charge=3&value=2,K.DPNAFLFDHLLTLKPVK.F,/core/www/modules/show_out/show_out_wrapper.php?run_id=110202&search_id=114132&scans_id=110198&peptide_id=33661&scanf=41296&charge=3&value=K.DPNAFLFDHLLTLKPVK.F,EIF3M,2.006e+6,3.571,0.001,3.253,0.000
41297,2,"  4.138","  0.504",15/32,/core/www/modules//sdig/index.php?run_id=110202&search_id=114132&scans_id=110198&peptide_id=33662&scanf=41297&charge=2&value=15/32,sp|P06744|G6PI_HUMAN,/core/www/modules//consensus/?run_id=110202&search_id=114132&scans_id=110198&peptide_id=33662&scanf=41297&charge=2&value=sp|P06744|G6PI_HUMAN,6,/core/www/modules/match_peptides/blast_html4.php?run_id=110202&search_id=114132&scans_id=110198&peptide_id=33662&scanf=41297&charge=2&value=6,K.TLAQLNPESSLFIIASK.T,/core/www/modules/show_out/show_out_wrapper.php?run_id=110202&search_id=114132&scans_id=110198&peptide_id=33662&scanf=41297&charge=2&value=K.TLAQLNPESSLFIIASK.T,GPI,7.464e+5,2.812,0.007,2.130,0.000
41298,2,"  2.635","  0.491",10/24,/core/www/modules//sdig/index.php?run_id=110202&search_id=114132&scans_id=110198&peptide_id=33663&scanf=41298&charge=2&value=10/24,sp|P36551|HEM6_HUMAN,/core/www/modules//consensus/?run_id=110202&search_id=114132&scans_id=110198&peptide_id=33663&scanf=41298&charge=2&value=sp|P36551|HEM6_HUMAN,1,/core/www/modules/match_peptides/blast_html4.php?run_id=110202&search_id=114132&scans_id=110198&peptide_id=33663&scanf=41298&charge=2&value=1,R.IESILMSLPLTAR.W,/core/www/modules/show_out/show_out_wrapper.php?run_id=110202&search_id=114132&scans_id=110198&peptide_id=33663&scanf=41298&charge=2&value=R.IESILMSLPLTAR.W,CPOX,1.152e+6,2.621,0.014,1.851,0.000
41300,4,"  6.771","  0.734",21/198,/core/www/modules//sdig/index.php?run_id=110202&search_id=114132&scans_id=110198&peptide_id=33666&scanf=41300&charge=4&value=21/198,sp|Q15029|U5S1_HUMAN,/core/www/modules//consensus/?run_id=110202&search_id=114132&scans_id=110198&peptide_id=33666&scanf=41300&charge=4&value=sp|Q15029|U5S1_HUMAN,2,/core/www/modules/match_peptides/blast_html4.php?run_id=110202&search_id=114132&scans_id=110198&peptide_id=33666&scanf=41300&charge=4&value=2,K.YYPTAEEVYGPEVETIVQEEDTQPLTEPIIKPVK.T,/core/www/modules/show_out/show_out_wrapper.php?run_id=110202&search_id=114132&scans_id=110198&peptide_id=33666&scanf=41300&charge=4&value=K.YYPTAEEVYGPEVETIVQEEDTQPLTEPIIKPVK.T,EFTUD2,2.785e+6,3.715,0.000,3.466,0.000
41301,3,"  4.439","  0.610",17/88,/core/www/modules//sdig/index.php?run_id=110202&search_id=114132&scans_id=110198&peptide_id=33667&scanf=41301&charge=3&value=17/88,sp|P13995|MTDC_HUMAN,/core/www/modules//consensus/?run_id=110202&search_id=114132&scans_id=110198&peptide_id=33667&scanf=41301&charge=3&value=sp|P13995|MTDC_HUMAN,3,/core/www/modules/match_peptides/blast_html4.php?run_id=110202&search_id=114132&scans_id=110198&peptide_id=33667&scanf=41301&charge=3&value=3,K.LNNDDNVDGLLVQLPLPEHIDER.R,/core/www/modules/show_out/show_out_wrapper.php?run_id=110202&search_id=114132&scans_id=110198&peptide_id=33667&scanf=41301&charge=3&value=K.LNNDDNVDGLLVQLPLPEHIDER.R,MTHFD2,1.048e+6,2.992,0.004,2.396,0.000
41302,2,"  3.243","  0.373",14/28,/core/www/modules//sdig/index.php?run_id=110202&search_id=114132&scans_id=110198&peptide_id=33668&scanf=41302&charge=2&value=14/28,sp|P62333|PRS10_HUMAN,/core/www/modules//consensus/?run_id=110202&search_id=114132&scans_id=110198&peptide_id=33668&scanf=41302&charge=2&value=sp|P62333|PRS10_HUMAN,3,/core/www/modules/match_peptides/blast_html4.php?run_id=110202&search_id=114132&scans_id=110198&peptide_id=33668&scanf=41302&charge=2&value=3,R.EVIELPLTNPELFQR.V,/core/www/modules/show_out/show_out_wrapper.php?run_id=110202&search_id=114132&scans_id=110198&peptide_id=33668&scanf=41302&charge=2&value=R.EVIELPLTNPELFQR.V,PSMC6,1.019e+7,2.543,0.018,1.736,0.000
41304,3,"  3.648","  0.558",17/60,/core/www/modules//sdig/index.php?run_id=110202&search_id=114132&scans_id=110198&peptide_id=33670&scanf=41304&charge=3&value=17/60,sp|Q13868|EXOS2_HUMAN,/core/www/modules//consensus/?run_id=110202&search_id=114132&scans_id=110198&peptide_id=33670&scanf=41304&charge=3&value=sp|Q13868|EXOS2_HUMAN,2,/core/www/modules/match_peptides/blast_html4.php?run_id=110202&search_id=114132&scans_id=110198&peptide_id=33670&scanf=41304&charge=3&value=2,K.DILKPEIMEEIVMETR.Q,/core/www/modules/show_out/show_out_wrapper.php?run_id=110202&search_id=114132&scans_id=110198&peptide_id=33670&scanf=41304&charge=3&value=K.DILKPEIMEEIVMETR.Q,EXOSC2,3.055e+6,3.266,0.002,2.801,0.000
41307,2,"  2.746","  0.682",13/22,/core/www/modules//sdig/index.php?run_id=110202&search_id=114132&scans_id=110198&peptide_id=33672&scanf=41307&charge=2&value=13/22,sp|P28370|SMCA1_HUMAN,/core/www/modules//consensus/?run_id=110202&search_id=114132&scans_id=110198&peptide_id=33672&scanf=41307&charge=2&value=sp|P28370|SMCA1_HUMAN,2,/core/www/modules/match_peptides/blast_html4.php?run_id=110202&search_id=114132&scans_id=110198&peptide_id=33672&scanf=41307&charge=2&value=2,K.TLQTIALLGYLK.H,/core/www/modules/show_out/show_out_wrapper.php?run_id=110202&search_id=114132&scans_id=110198&peptide_id=33672&scanf=41307&charge=2&value=K.TLQTIALLGYLK.H,SMARCA1,1.348e+7,3.856,0.000,3.676,0.000
41311,3,"  2.652","  0.260",10/60,/core/www/modules//sdig/index.php?run_id=110202&search_id=114132&scans_id=110198&peptide_id=33677&scanf=41311&charge=3&value=10/60,sp|Q9H4L7|SMRCD_HUMAN,/core/www/modules//consensus/?run_id=110202&search_id=114132&scans_id=110198&peptide_id=33677&scanf=41311&charge=3&value=sp|Q9H4L7|SMRCD_HUMAN,0,/core/www/modules/match_peptides/blast_html4.php?run_id=110202&search_id=114132&scans_id=110198&peptide_id=33677&scanf=41311&charge=3&value=0,K.ITELRPFNSWEALFTK.M,/core/www/modules/show_out/show_out_wrapper.php?run_id=110202&search_id=114132&scans_id=110198&peptide_id=33677&scanf=41311&charge=3&value=K.ITELRPFNSWEALFTK.M,SMARCAD1,1.981e+6,2.054,0.090,1.044,0.004
41320,3,"  2.898","  0.463",11/80,/core/www/modules//sdig/index.php?run_id=110202&search_id=114132&scans_id=110198&peptide_id=33687&scanf=41320&charge=3&value=11/80,sp|O95714|HERC2_HUMAN,/core/www/modules//consensus/?run_id=110202&search_id=114132&scans_id=110198&peptide_id=33687&scanf=41320&charge=3&value=sp|O95714|HERC2_HUMAN,1,/core/www/modules/match_peptides/blast_html4.php?run_id=110202&search_id=114132&scans_id=110198&peptide_id=33687&scanf=41320&charge=3&value=1,K.LPAQVPMEYNHLQEIPIIALR.N,/core/www/modules/show_out/show_out_wrapper.php?run_id=110202&search_id=114132&scans_id=110198&peptide_id=33687&scanf=41320&charge=3&value=K.LPAQVPMEYNHLQEIPIIALR.N,HERC2,1.067e+6,2.494,0.022,1.665,0.001
41332,3,"  4.220","  0.574",16/72,/core/www/modules//sdig/index.php?run_id=110202&search_id=114132&scans_id=110198&peptide_id=33699&scanf=41332&charge=3&value=16/72,sp|Q9Y4L1|HYOU1_HUMAN,/core/www/modules//consensus/?run_id=110202&search_id=114132&scans_id=110198&peptide_id=33699&scanf=41332&charge=3&value=sp|Q9Y4L1|HYOU1_HUMAN,10,/core/www/modules/match_peptides/blast_html4.php?run_id=110202&search_id=114132&scans_id=110198&peptide_id=33699&scanf=41332&charge=3&value=10,K.VLQLINDNTATALSYGVFR.R,/core/www/modules/show_out/show_out_wrapper.php?run_id=110202&search_id=114132&scans_id=110198&peptide_id=33699&scanf=41332&charge=3&value=K.VLQLINDNTATALSYGVFR.R,HYOU1,3.375e+6,3.189,0.002,2.688,0.000
41334,3,"  6.337","  0.588",22/96,/core/www/modules//sdig/index.php?run_id=110202&search_id=114132&scans_id=110198&peptide_id=33701&scanf=41334&charge=3&value=22/96,sp|P08133|ANXA6_HUMAN,/core/www/modules//consensus/?run_id=110202&search_id=114132&scans_id=110198&peptide_id=33701&scanf=41334&charge=3&value=sp|P08133|ANXA6_HUMAN,1,/core/www/modules/match_peptides/blast_html4.php?run_id=110202&search_id=114132&scans_id=110198&peptide_id=33701&scanf=41334&charge=3&value=1,R.EEDDVVSEDLVQQDVQDLYEAGELK.W,/core/www/modules/show_out/show_out_wrapper.php?run_id=110202&search_id=114132&scans_id=110198&peptide_id=33701&scanf=41334&charge=3&value=R.EEDDVVSEDLVQQDVQDLYEAGELK.W,ANXA6,1.641e+6,3.224,0.002,2.740,0.000
41341,3,"  2.133","  0.487",14/60,/core/www/modules//sdig/index.php?run_id=110202&search_id=114132&scans_id=110198&peptide_id=33709&scanf=41341&charge=3&value=14/60,sp|Q99798|ACON_HUMAN,/core/www/modules//consensus/?run_id=110202&search_id=114132&scans_id=110198&peptide_id=33709&scanf=41341&charge=3&value=sp|Q99798|ACON_HUMAN,12,/core/www/modules/match_peptides/blast_html4.php?run_id=110202&search_id=114132&scans_id=110198&peptide_id=33709&scanf=41341&charge=3&value=12,K.DINQEVYNFLATAGAK.Y,/core/www/modules/show_out/show_out_wrapper.php?run_id=110202&search_id=114132&scans_id=110198&peptide_id=33709&scanf=41341&charge=3&value=K.DINQEVYNFLATAGAK.Y,ACO2,6.628e+6,2.924,0.005,2.296,0.000
41344,3,"  3.412","  0.540",15/44,/core/www/modules//sdig/index.php?run_id=110202&search_id=114132&scans_id=110198&peptide_id=33712&scanf=41344&charge=3&value=15/44,sp|P46100|ATRX_HUMAN,/core/www/modules//consensus/?run_id=110202&search_id=114132&scans_id=110198&peptide_id=33712&scanf=41344&charge=3&value=sp|P46100|ATRX_HUMAN,1,/core/www/modules/match_peptides/blast_html4.php?run_id=110202&search_id=114132&scans_id=110198&peptide_id=33712&scanf=41344&charge=3&value=1,K.DTILAELLQIHK.E,/core/www/modules/show_out/show_out_wrapper.php?run_id=110202&search_id=114132&scans_id=110198&peptide_id=33712&scanf=41344&charge=3&value=K.DTILAELLQIHK.E,ATRX,9.269e+6,3.473,0.001,3.108,0.000
41349,4,"  4.950","  0.599",20/114,/core/www/modules//sdig/index.php?run_id=110202&search_id=114132&scans_id=110198&peptide_id=33716&scanf=41349&charge=4&value=20/114,sp|P17844|DDX5_HUMAN,/core/www/modules//consensus/?run_id=110202&search_id=114132&scans_id=110198&peptide_id=33716&scanf=41349&charge=4&value=sp|P17844|DDX5_HUMAN,7,/core/www/modules/match_peptides/blast_html4.php?run_id=110202&search_id=114132&scans_id=110198&peptide_id=33716&scanf=41349&charge=4&value=7,K.TLSYLLPAIVHINHQPFLER.G,/core/www/modules/show_out/show_out_wrapper.php?run_id=110202&search_id=114132&scans_id=110198&peptide_id=33716&scanf=41349&charge=4&value=K.TLSYLLPAIVHINHQPFLER.G,DDX5,8.595e+6,3.766,0.000,3.542,0.000
41350,3,"  3.054","  0.545",16/76,/core/www/modules//sdig/index.php?run_id=110202&search_id=114132&scans_id=110198&peptide_id=33718&scanf=41350&charge=3&value=16/76,sp|Q9BQG0|MBB1A_HUMAN,/core/www/modules//consensus/?run_id=110202&search_id=114132&scans_id=110198&peptide_id=33718&scanf=41350&charge=3&value=sp|Q9BQG0|MBB1A_HUMAN,1,/core/www/modules/match_peptides/blast_html4.php?run_id=110202&search_id=114132&scans_id=110198&peptide_id=33718&scanf=41350&charge=3&value=1,R.AM*FLQPDLDSLVDFSTNNQK.K,/core/www/modules/show_out/show_out_wrapper.php?run_id=110202&search_id=114132&scans_id=110198&peptide_id=33718&scanf=41350&charge=3&value=R.AM*FLQPDLDSLVDFSTNNQK.K,MYBBP1A,3.320e+6,3.121,0.003,2.588,0.000
41352,3,"  6.480","  0.737",36/132,/core/www/modules//sdig/index.php?run_id=110202&search_id=114132&scans_id=110198&peptide_id=33720&scanf=41352&charge=3&value=36/132,sp|Q9NQC3|RTN4_HUMAN,/core/www/modules//consensus/?run_id=110202&search_id=114132&scans_id=110198&peptide_id=33720&scanf=41352&charge=3&value=sp|Q9NQC3|RTN4_HUMAN,0,/core/www/modules/match_peptides/blast_html4.php?run_id=110202&search_id=114132&scans_id=110198&peptide_id=33720&scanf=41352&charge=3&value=0,R.KPAAGLSAAPVPTAPAAGAPLMDFGNDFVPPAPR.G,/core/www/modules/show_out/show_out_wrapper.php?run_id=110202&search_id=114132&scans_id=110198&peptide_id=33720&scanf=41352&charge=3&value=R.KPAAGLSAAPVPTAPAAGAPLMDFGNDFVPPAPR.G,RTN4,9.436e+6,3.454,0.001,3.080,0.000
41354,2,"  2.032","  0.349",9/22,/core/www/modules//sdig/index.php?run_id=110202&search_id=114132&scans_id=110198&peptide_id=33722&scanf=41354&charge=2&value=9/22,sp|Q9UL15|BAG5_HUMAN,/core/www/modules//consensus/?run_id=110202&search_id=114132&scans_id=110198&peptide_id=33722&scanf=41354&charge=2&value=sp|Q9UL15|BAG5_HUMAN,0,/core/www/modules/match_peptides/blast_html4.php?run_id=110202&search_id=114132&scans_id=110198&peptide_id=33722&scanf=41354&charge=2&value=0,R.LAQNILSYLDLK.S,/core/www/modules/show_out/show_out_wrapper.php?run_id=110202&search_id=114132&scans_id=110198&peptide_id=33722&scanf=41354&charge=2&value=R.LAQNILSYLDLK.S,BAG5,1.710e+6,2.269,0.045,1.343,0.002
41360,3,"  3.958","  0.654",16/68,/core/www/modules//sdig/index.php?run_id=110202&search_id=114132&scans_id=110198&peptide_id=33729&scanf=41360&charge=3&value=16/68,sp|O14647|CHD2_HUMAN,/core/www/modules//consensus/?run_id=110202&search_id=114132&scans_id=110198&peptide_id=33729&scanf=41360&charge=3&value=sp|O14647|CHD2_HUMAN,4,/core/www/modules/match_peptides/blast_html4.php?run_id=110202&search_id=114132&scans_id=110198&peptide_id=33729&scanf=41360&charge=3&value=4,K.TVLGSINWAFLGVDEAHR.L,/core/www/modules/show_out/show_out_wrapper.php?run_id=110202&search_id=114132&scans_id=110198&peptide_id=33729&scanf=41360&charge=3&value=K.TVLGSINWAFLGVDEAHR.L,CHD2,4.033e+6,3.424,0.001,3.036,0.000
41361,2,"  3.210","  0.550",12/20,/core/www/modules//sdig/index.php?run_id=110202&search_id=114132&scans_id=110198&peptide_id=33730&scanf=41361&charge=2&value=12/20,sp|Q5SRE5|NU188_HUMAN,/core/www/modules//consensus/?run_id=110202&search_id=114132&scans_id=110198&peptide_id=33730&scanf=41361&charge=2&value=sp|Q5SRE5|NU188_HUMAN,0,/core/www/modules/match_peptides/blast_html4.php?run_id=110202&search_id=114132&scans_id=110198&peptide_id=33730&scanf=41361&charge=2&value=0,R.LSMSLMEQLLK.T,/core/www/modules/show_out/show_out_wrapper.php?run_id=110202&search_id=114132&scans_id=110198&peptide_id=33730&scanf=41361&charge=2&value=R.LSMSLMEQLLK.T,NUP188,4.908e+6,3.397,0.001,2.996,0.000
41364,2,"  3.334","  0.459",13/26,/core/www/modules//sdig/index.php?run_id=110202&search_id=114132&scans_id=110198&peptide_id=33733&scanf=41364&charge=2&value=13/26,sp|Q13315|ATM_HUMAN,/core/www/modules//consensus/?run_id=110202&search_id=114132&scans_id=110198&peptide_id=33733&scanf=41364&charge=2&value=sp|Q13315|ATM_HUMAN,0,/core/www/modules/match_peptides/blast_html4.php?run_id=110202&search_id=114132&scans_id=110198&peptide_id=33733&scanf=41364&charge=2&value=0,K.MTTDPMLAYLQPFR.T,/core/www/modules/show_out/show_out_wrapper.php?run_id=110202&search_id=114132&scans_id=110198&peptide_id=33733&scanf=41364&charge=2&value=K.MTTDPMLAYLQPFR.T,ATM,2.257e+6,2.926,0.005,2.299,0.000
41366,3,"  3.372","  0.532",16/72,/core/www/modules//sdig/index.php?run_id=110202&search_id=114132&scans_id=110198&peptide_id=33735&scanf=41366&charge=3&value=16/72,sp|P00387|NB5R3_HUMAN,/core/www/modules//consensus/?run_id=110202&search_id=114132&scans_id=110198&peptide_id=33735&scanf=41366&charge=3&value=sp|P00387|NB5R3_HUMAN,6,/core/www/modules/match_peptides/blast_html4.php?run_id=110202&search_id=114132&scans_id=110198&peptide_id=33735&scanf=41366&charge=3&value=6,K.SVGMIAGGTGITPMLQVIR.A,/core/www/modules/show_out/show_out_wrapper.php?run_id=110202&search_id=114132&scans_id=110198&peptide_id=33735&scanf=41366&charge=3&value=K.SVGMIAGGTGITPMLQVIR.A,CYB5R3,2.338e+6,2.938,0.005,2.316,0.000
41370,3,"  3.385","  0.582",17/64,/core/www/modules//sdig/index.php?run_id=110202&search_id=114132&scans_id=110198&peptide_id=33739&scanf=41370&charge=3&value=17/64,sp|P78395|PRAME_HUMAN,/core/www/modules//consensus/?run_id=110202&search_id=114132&scans_id=110198&peptide_id=33739&scanf=41370&charge=3&value=sp|P78395|PRAME_HUMAN,5,/core/www/modules/match_peptides/blast_html4.php?run_id=110202&search_id=114132&scans_id=110198&peptide_id=33739&scanf=41370&charge=3&value=5,K.AVLDGLDVLLAQEVRPR.R,/core/www/modules/show_out/show_out_wrapper.php?run_id=110202&search_id=114132&scans_id=110198&peptide_id=33739&scanf=41370&charge=3&value=K.AVLDGLDVLLAQEVRPR.R,PRAME,7.572e+6,3.232,0.002,2.751,0.000
41373,3,"  5.880","  0.693",26/96,/core/www/modules//sdig/index.php?run_id=110202&search_id=114132&scans_id=110198&peptide_id=33742&scanf=41373&charge=3&value=26/96,sp|Q14690|RRP5_HUMAN,/core/www/modules//consensus/?run_id=110202&search_id=114132&scans_id=110198&peptide_id=33742&scanf=41373&charge=3&value=sp|Q14690|RRP5_HUMAN,1,/core/www/modules/match_peptides/blast_html4.php?run_id=110202&search_id=114132&scans_id=110198&peptide_id=33742&scanf=41373&charge=3&value=1,K.IGTVSIFHMSDSYSETPLEDFVPQK.V,/core/www/modules/show_out/show_out_wrapper.php?run_id=110202&search_id=114132&scans_id=110198&peptide_id=33742&scanf=41373&charge=3&value=K.IGTVSIFHMSDSYSETPLEDFVPQK.V,PDCD11,4.615e+6,3.639,0.000,3.354,0.000
41377,3,"  3.994","  0.479",15/64,/core/www/modules//sdig/index.php?run_id=110202&search_id=114132&scans_id=110198&peptide_id=33746&scanf=41377&charge=3&value=15/64,sp|P55060|XPO2_HUMAN,/core/www/modules//consensus/?run_id=110202&search_id=114132&scans_id=110198&peptide_id=33746&scanf=41377&charge=3&value=sp|P55060|XPO2_HUMAN,0,/core/www/modules/match_peptides/blast_html4.php?run_id=110202&search_id=114132&scans_id=110198&peptide_id=33746&scanf=41377&charge=3&value=0,R.EDFPQKWPDLLTEMVNR.F,/core/www/modules/show_out/show_out_wrapper.php?run_id=110202&search_id=114132&scans_id=110198&peptide_id=33746&scanf=41377&charge=3&value=R.EDFPQKWPDLLTEMVNR.F,CSE1L,1.873e+6,2.691,0.011,1.953,0.000
41378,2,"  3.937","  0.594",15/26,/core/www/modules//sdig/index.php?run_id=110202&search_id=114132&scans_id=110198&peptide_id=33747&scanf=41378&charge=2&value=15/26,sp|Q96T60|PNKP_HUMAN,/core/www/modules//consensus/?run_id=110202&search_id=114132&scans_id=110198&peptide_id=33747&scanf=41378&charge=2&value=sp|Q96T60|PNKP_HUMAN,3,/core/www/modules/match_peptides/blast_html4.php?run_id=110202&search_id=114132&scans_id=110198&peptide_id=33747&scanf=41378&charge=2&value=3,K.WPAAGFELPAFDPR.T,/core/www/modules/show_out/show_out_wrapper.php?run_id=110202&search_id=114132&scans_id=110198&peptide_id=33747&scanf=41378&charge=2&value=K.WPAAGFELPAFDPR.T,PNKP,2.152e+6,3.459,0.001,3.087,0.000
41379,3,"  2.767","  0.556",17/48,/core/www/modules//sdig/index.php?run_id=110202&search_id=114132&scans_id=110198&peptide_id=33748&scanf=41379&charge=3&value=17/48,sp|Q96SZ6|CK5P1_HUMAN,/core/www/modules//consensus/?run_id=110202&search_id=114132&scans_id=110198&peptide_id=33748&scanf=41379&charge=3&value=sp|Q96SZ6|CK5P1_HUMAN,0,/core/www/modules/match_peptides/blast_html4.php?run_id=110202&search_id=114132&scans_id=110198&peptide_id=33748&scanf=41379&charge=3&value=0,K.DFPDEVLQLIHER.D,/core/www/modules/show_out/show_out_wrapper.php?run_id=110202&search_id=114132&scans_id=110198&peptide_id=33748&scanf=41379&charge=3&value=K.DFPDEVLQLIHER.D,CDK5RAP1,1.366e+6,3.438,0.001,3.057,0.000
41382,3,"  3.168","  0.512",17/76,/core/www/modules//sdig/index.php?run_id=110202&search_id=114132&scans_id=110198&peptide_id=33752&scanf=41382&charge=3&value=17/76,sp|P55196|AFAD_HUMAN,/core/www/modules//consensus/?run_id=110202&search_id=114132&scans_id=110198&peptide_id=33752&scanf=41382&charge=3&value=sp|P55196|AFAD_HUMAN,6,/core/www/modules/match_peptides/blast_html4.php?run_id=110202&search_id=114132&scans_id=110198&peptide_id=33752&scanf=41382&charge=3&value=6,R.LDLFEISQPTEDLEFHGVMR.F,/core/www/modules/show_out/show_out_wrapper.php?run_id=110202&search_id=114132&scans_id=110198&peptide_id=33752&scanf=41382&charge=3&value=R.LDLFEISQPTEDLEFHGVMR.F,AFDN,1.321e+6,2.904,0.005,2.267,0.000
41385,3,"  3.091","  0.516",14/60,/core/www/modules//sdig/index.php?run_id=110202&search_id=114132&scans_id=110198&peptide_id=33755&scanf=41385&charge=3&value=14/60,sp|O14980|XPO1_HUMAN,/core/www/modules//consensus/?run_id=110202&search_id=114132&scans_id=110198&peptide_id=33755&scanf=41385&charge=3&value=sp|O14980|XPO1_HUMAN,12,/core/www/modules/match_peptides/blast_html4.php?run_id=110202&search_id=114132&scans_id=110198&peptide_id=33755&scanf=41385&charge=3&value=12,K.AIIASNIMYIVGQYPR.F,/core/www/modules/show_out/show_out_wrapper.php?run_id=110202&search_id=114132&scans_id=110198&peptide_id=33755&scanf=41385&charge=3&value=K.AIIASNIMYIVGQYPR.F,XPO1,4.189e+6,3.110,0.003,2.570,0.000
41391,3,"  3.524","  0.584",14/56,/core/www/modules//sdig/index.php?run_id=110202&search_id=114132&scans_id=110198&peptide_id=33761&scanf=41391&charge=3&value=14/56,sp|P62333|PRS10_HUMAN,/core/www/modules//consensus/?run_id=110202&search_id=114132&scans_id=110198&peptide_id=33761&scanf=41391&charge=3&value=sp|P62333|PRS10_HUMAN,3,/core/www/modules/match_peptides/blast_html4.php?run_id=110202&search_id=114132&scans_id=110198&peptide_id=33761&scanf=41391&charge=3&value=3,R.EVIELPLTNPELFQR.V,/core/www/modules/show_out/show_out_wrapper.php?run_id=110202&search_id=114132&scans_id=110198&peptide_id=33761&scanf=41391&charge=3&value=R.EVIELPLTNPELFQR.V,PSMC6,4.281e+6,3.368,0.001,2.953,0.000
41395,2,"  2.374","  0.305",8/28,/core/www/modules//sdig/index.php?run_id=110202&search_id=114132&scans_id=110198&peptide_id=33765&scanf=41395&charge=2&value=8/28,sp|P40939|ECHA_HUMAN,/core/www/modules//consensus/?run_id=110202&search_id=114132&scans_id=110198&peptide_id=33765&scanf=41395&charge=2&value=sp|P40939|ECHA_HUMAN,3,/core/www/modules/match_peptides/blast_html4.php?run_id=110202&search_id=114132&scans_id=110198&peptide_id=33765&scanf=41395&charge=2&value=3,K.M*VGVPAALDMMLTGR.S,/core/www/modules/show_out/show_out_wrapper.php?run_id=110202&search_id=114132&scans_id=110198&peptide_id=33765&scanf=41395&charge=2&value=K.M*VGVPAALDMMLTGR.S,HADHA,4.887e+6,1.939,0.128,0.893,0.006
41396,2,"  2.837","  0.573",13/24,/core/www/modules//sdig/index.php?run_id=110202&search_id=114132&scans_id=110198&peptide_id=33766&scanf=41396&charge=2&value=13/24,sp|Q9NV56|MRGBP_HUMAN,/core/www/modules//consensus/?run_id=110202&search_id=114132&scans_id=110198&peptide_id=33766&scanf=41396&charge=2&value=sp|Q9NV56|MRGBP_HUMAN,0,/core/www/modules/match_peptides/blast_html4.php?run_id=110202&search_id=114132&scans_id=110198&peptide_id=33766&scanf=41396&charge=2&value=0,R.NFVLPEEIIQEVR.E,/core/www/modules/show_out/show_out_wrapper.php?run_id=110202&search_id=114132&scans_id=110198&peptide_id=33766&scanf=41396&charge=2&value=R.NFVLPEEIIQEVR.E,MRGBP,3.409e+6,3.225,0.002,2.740,0.000
41398,3,"  2.251","  0.376",11/80,/core/www/modules//sdig/index.php?run_id=110202&search_id=114132&scans_id=110198&peptide_id=33768&scanf=41398&charge=3&value=11/80,sp|P17036|ZNF3_HUMAN,/core/www/modules//consensus/?run_id=110202&search_id=114132&scans_id=110198&peptide_id=33768&scanf=41398&charge=3&value=sp|P17036|ZNF3_HUMAN,2,/core/www/modules/match_peptides/blast_html4.php?run_id=110202&search_id=114132&scans_id=110198&peptide_id=33768&scanf=41398&charge=3&value=2,K.VPAFSDKDSLGDEMLAAALLK.A,/core/www/modules/show_out/show_out_wrapper.php?run_id=110202&search_id=114132&scans_id=110198&peptide_id=33768&scanf=41398&charge=3&value=K.VPAFSDKDSLGDEMLAAALLK.A,ZNF3,8.521e+5,1.934,0.130,0.886,0.006
41400,2,"  3.044","  0.593",15/28,/core/www/modules//sdig/index.php?run_id=110202&search_id=114132&scans_id=110198&peptide_id=33771&scanf=41400&charge=2&value=15/28,sp|Q14807|KIF22_HUMAN,/core/www/modules//consensus/?run_id=110202&search_id=114132&scans_id=110198&peptide_id=33771&scanf=41400&charge=2&value=sp|Q14807|KIF22_HUMAN,12,/core/www/modules/match_peptides/blast_html4.php?run_id=110202&search_id=114132&scans_id=110198&peptide_id=33771&scanf=41400&charge=2&value=12,K.VLDLLDPASGDLVIR.E,/core/www/modules/show_out/show_out_wrapper.php?run_id=110202&search_id=114132&scans_id=110198&peptide_id=33771&scanf=41400&charge=2&value=K.VLDLLDPASGDLVIR.E,KIF22,2.251e+6,3.288,0.001,2.833,0.000
41403,3,"  5.181","  0.653",18/84,/core/www/modules//sdig/index.php?run_id=110202&search_id=114132&scans_id=110198&peptide_id=33774&scanf=41403&charge=3&value=18/84,sp|Q14980|NUMA1_HUMAN,/core/www/modules//consensus/?run_id=110202&search_id=114132&scans_id=110198&peptide_id=33774&scanf=41403&charge=3&value=sp|Q14980|NUMA1_HUMAN,1,/core/www/modules/match_peptides/blast_html4.php?run_id=110202&search_id=114132&scans_id=110198&peptide_id=33774&scanf=41403&charge=3&value=1,R.SQAPLESSLDSLGDVFLDSGRK.T,/core/www/modules/show_out/show_out_wrapper.php?run_id=110202&search_id=114132&scans_id=110198&peptide_id=33774&scanf=41403&charge=3&value=R.SQAPLESSLDSLGDVFLDSGRK.T,NUMA1,4.572e+6,3.283,0.001,2.827,0.000
41406,3,"  3.104","  0.496",16/60,/core/www/modules//sdig/index.php?run_id=110202&search_id=114132&scans_id=110198&peptide_id=33777&scanf=41406&charge=3&value=16/60,sp|O14980|XPO1_HUMAN,/core/www/modules//consensus/?run_id=110202&search_id=114132&scans_id=110198&peptide_id=33777&scanf=41406&charge=3&value=sp|O14980|XPO1_HUMAN,12,/core/www/modules/match_peptides/blast_html4.php?run_id=110202&search_id=114132&scans_id=110198&peptide_id=33777&scanf=41406&charge=3&value=12,K.AIIASNIMYIVGQYPR.F,/core/www/modules/show_out/show_out_wrapper.php?run_id=110202&search_id=114132&scans_id=110198&peptide_id=33777&scanf=41406&charge=3&value=K.AIIASNIMYIVGQYPR.F,XPO1,4.189e+6,3.086,0.003,2.536,0.000
41409,2,"  4.669","  0.616",19/34,/core/www/modules//sdig/index.php?run_id=110202&search_id=114132&scans_id=110198&peptide_id=33780&scanf=41409&charge=2&value=19/34,sp|Q6PL18|ATAD2_HUMAN,/core/www/modules//consensus/?run_id=110202&search_id=114132&scans_id=110198&peptide_id=33780&scanf=41409&charge=2&value=sp|Q6PL18|ATAD2_HUMAN,1,/core/www/modules/match_peptides/blast_html4.php?run_id=110202&search_id=114132&scans_id=110198&peptide_id=33780&scanf=41409&charge=2&value=1,K.AVLQALEVLPVAPPPEPR.S,/core/www/modules/show_out/show_out_wrapper.php?run_id=110202&search_id=114132&scans_id=110198&peptide_id=33780&scanf=41409&charge=2&value=K.AVLQALEVLPVAPPPEPR.S,ATAD2,1.601e+6,3.452,0.001,3.077,0.000
41412,3,"  5.214","  0.695",21/88,/core/www/modules//sdig/index.php?run_id=110202&search_id=114132&scans_id=110198&peptide_id=33782&scanf=41412&charge=3&value=21/88,sp|P11142|HSP7C_HUMAN,/core/www/modules//consensus/?run_id=110202&search_id=114132&scans_id=110198&peptide_id=33782&scanf=41412&charge=3&value=sp|P11142|HSP7C_HUMAN,3,/core/www/modules/match_peptides/blast_html4.php?run_id=110202&search_id=114132&scans_id=110198&peptide_id=33782&scanf=41412&charge=3&value=3,K.SINPDEAVAYGAAVQAAILSGDK.S,/core/www/modules/show_out/show_out_wrapper.php?run_id=110202&search_id=114132&scans_id=110198&peptide_id=33782&scanf=41412&charge=3&value=K.SINPDEAVAYGAAVQAAILSGDK.S,HSPA8,2.139e+7,3.596,0.001,3.290,0.000
41419,3,"  2.394","  0.331",11/52,/core/www/modules//sdig/index.php?run_id=110202&search_id=114132&scans_id=110198&peptide_id=33789&scanf=41419&charge=3&value=11/52,sp|Q16537|2A5E_HUMAN,/core/www/modules//consensus/?run_id=110202&search_id=114132&scans_id=110198&peptide_id=33789&scanf=41419&charge=3&value=sp|Q16537|2A5E_HUMAN,0,/core/www/modules/match_peptides/blast_html4.php?run_id=110202&search_id=114132&scans_id=110198&peptide_id=33789&scanf=41419&charge=3&value=0,R.STLNELVDYITISR.G,/core/www/modules/show_out/show_out_wrapper.php?run_id=110202&search_id=114132&scans_id=110198&peptide_id=33789&scanf=41419&charge=3&value=R.STLNELVDYITISR.G,PPP2R5E,1.614e+6,2.439,0.026,1.586,0.001
41421,3,"  3.596","  0.533",14/72,/core/www/modules//sdig/index.php?run_id=110202&search_id=114132&scans_id=110198&peptide_id=33792&scanf=41421&charge=3&value=14/72,sp|P00387|NB5R3_HUMAN,/core/www/modules//consensus/?run_id=110202&search_id=114132&scans_id=110198&peptide_id=33792&scanf=41421&charge=3&value=sp|P00387|NB5R3_HUMAN,6,/core/www/modules/match_peptides/blast_html4.php?run_id=110202&search_id=114132&scans_id=110198&peptide_id=33792&scanf=41421&charge=3&value=6,K.SVGMIAGGTGITPMLQVIR.A,/core/www/modules/show_out/show_out_wrapper.php?run_id=110202&search_id=114132&scans_id=110198&peptide_id=33792&scanf=41421&charge=3&value=K.SVGMIAGGTGITPMLQVIR.A,CYB5R3,2.338e+6,2.934,0.005,2.310,0.000
41426,3,"  5.674","  0.586",17/76,/core/www/modules//sdig/index.php?run_id=110202&search_id=114132&scans_id=110198&peptide_id=33797&scanf=41426&charge=3&value=17/76,sp|Q9Y4A5|TRRAP_HUMAN,/core/www/modules//consensus/?run_id=110202&search_id=114132&scans_id=110198&peptide_id=33797&scanf=41426&charge=3&value=sp|Q9Y4A5|TRRAP_HUMAN,3,/core/www/modules/match_peptides/blast_html4.php?run_id=110202&search_id=114132&scans_id=110198&peptide_id=33797&scanf=41426&charge=3&value=3,R.SNASPAIFPEYQLWEDHWIR.C,/core/www/modules/show_out/show_out_wrapper.php?run_id=110202&search_id=114132&scans_id=110198&peptide_id=33797&scanf=41426&charge=3&value=R.SNASPAIFPEYQLWEDHWIR.C,TRRAP,1.915e+6,3.297,0.001,2.848,0.000
41430,3,"  3.688","  0.573",18/100,/core/www/modules//sdig/index.php?run_id=110202&search_id=114132&scans_id=110198&peptide_id=33802&scanf=41430&charge=3&value=18/100,sp|O95155|UBE4B_HUMAN,/core/www/modules//consensus/?run_id=110202&search_id=114132&scans_id=110198&peptide_id=33802&scanf=41430&charge=3&value=sp|O95155|UBE4B_HUMAN,0,/core/www/modules/match_peptides/blast_html4.php?run_id=110202&search_id=114132&scans_id=110198&peptide_id=33802&scanf=41430&charge=3&value=0,R.AEIDYSDAPDEFRDPLMDTLMTDPVR.L,/core/www/modules/show_out/show_out_wrapper.php?run_id=110202&search_id=114132&scans_id=110198&peptide_id=33802&scanf=41430&charge=3&value=R.AEIDYSDAPDEFRDPLMDTLMTDPVR.L,UBE4B,1.657e+6,2.571,0.017,1.777,0.000
41433,3,"  6.525","  0.745",25/88,/core/www/modules//sdig/index.php?run_id=110202&search_id=114132&scans_id=110198&peptide_id=33804&scanf=41433&charge=3&value=25/88,sp|P11142|HSP7C_HUMAN,/core/www/modules//consensus/?run_id=110202&search_id=114132&scans_id=110198&peptide_id=33804&scanf=41433&charge=3&value=sp|P11142|HSP7C_HUMAN,3,/core/www/modules/match_peptides/blast_html4.php?run_id=110202&search_id=114132&scans_id=110198&peptide_id=33804&scanf=41433&charge=3&value=3,K.SINPDEAVAYGAAVQAAILSGDK.S,/core/www/modules/show_out/show_out_wrapper.php?run_id=110202&search_id=114132&scans_id=110198&peptide_id=33804&scanf=41433&charge=3&value=K.SINPDEAVAYGAAVQAAILSGDK.S,HSPA8,2.139e+7,3.900,0.000,3.741,0.000
41434,3,"  4.449","  0.575",18/72,/core/www/modules//sdig/index.php?run_id=110202&search_id=114132&scans_id=110198&peptide_id=33805&scanf=41434&charge=3&value=18/72,sp|Q9Y4L1|HYOU1_HUMAN,/core/www/modules//consensus/?run_id=110202&search_id=114132&scans_id=110198&peptide_id=33805&scanf=41434&charge=3&value=sp|Q9Y4L1|HYOU1_HUMAN,10,/core/www/modules/match_peptides/blast_html4.php?run_id=110202&search_id=114132&scans_id=110198&peptide_id=33805&scanf=41434&charge=3&value=10,K.VLQLINDNTATALSYGVFR.R,/core/www/modules/show_out/show_out_wrapper.php?run_id=110202&search_id=114132&scans_id=110198&peptide_id=33805&scanf=41434&charge=3&value=K.VLQLINDNTATALSYGVFR.R,HYOU1,3.375e+6,3.229,0.002,2.747,0.000
41437,2,"  2.385","  0.337",10/20,/core/www/modules//sdig/index.php?run_id=110202&search_id=114132&scans_id=110198&peptide_id=33808&scanf=41437&charge=2&value=10/20,sp|Q9H583|HEAT1_HUMAN,/core/www/modules//consensus/?run_id=110202&search_id=114132&scans_id=110198&peptide_id=33808&scanf=41437&charge=2&value=sp|Q9H583|HEAT1_HUMAN,1,/core/www/modules/match_peptides/blast_html4.php?run_id=110202&search_id=114132&scans_id=110198&peptide_id=33808&scanf=41437&charge=2&value=1,K.LVPDLLAIVQR.K,/core/www/modules/show_out/show_out_wrapper.php?run_id=110202&search_id=114132&scans_id=110198&peptide_id=33808&scanf=41437&charge=2&value=K.LVPDLLAIVQR.K,HEATR1,7.601e+6,2.527,0.019,1.713,0.000
41438,3,"  4.475","  0.470",14/88,/core/www/modules//sdig/index.php?run_id=110202&search_id=114132&scans_id=110198&peptide_id=33809&scanf=41438&charge=3&value=14/88,sp|P13010|XRCC5_HUMAN,/core/www/modules//consensus/?run_id=110202&search_id=114132&scans_id=110198&peptide_id=33809&scanf=41438&charge=3&value=sp|P13010|XRCC5_HUMAN,0,/core/www/modules/match_peptides/blast_html4.php?run_id=110202&search_id=114132&scans_id=110198&peptide_id=33809&scanf=41438&charge=3&value=0,R.EPLPPIQQHIWNMLNPPAEVTTK.S,/core/www/modules/show_out/show_out_wrapper.php?run_id=110202&search_id=114132&scans_id=110198&peptide_id=33809&scanf=41438&charge=3&value=R.EPLPPIQQHIWNMLNPPAEVTTK.S,XRCC5,2.848e+7,2.772,0.008,2.072,0.000
41439,3,"  5.284","  0.630",20/80,/core/www/modules//sdig/index.php?run_id=110202&search_id=114132&scans_id=110198&peptide_id=33810&scanf=41439&charge=3&value=20/80,sp|P35579|MYH9_HUMAN,/core/www/modules//consensus/?run_id=110202&search_id=114132&scans_id=110198&peptide_id=33810&scanf=41439&charge=3&value=sp|P35579|MYH9_HUMAN,1,/core/www/modules/match_peptides/blast_html4.php?run_id=110202&search_id=114132&scans_id=110198&peptide_id=33810&scanf=41439&charge=3&value=1,K.DFSALESQLQDTQELLQEENR.Q,/core/www/modules/show_out/show_out_wrapper.php?run_id=110202&search_id=114132&scans_id=110198&peptide_id=33810&scanf=41439&charge=3&value=K.DFSALESQLQDTQELLQEENR.Q,MYH9,1.203e+7,3.567,0.001,3.248,0.000
41440,2,"  3.707","  0.598",15/28,/core/www/modules//sdig/index.php?run_id=110202&search_id=114132&scans_id=110198&peptide_id=33812&scanf=41440&charge=2&value=15/28,sp|Q92552|RT27_HUMAN,/core/www/modules//consensus/?run_id=110202&search_id=114132&scans_id=110198&peptide_id=33812&scanf=41440&charge=2&value=sp|Q92552|RT27_HUMAN,7,/core/www/modules/match_peptides/blast_html4.php?run_id=110202&search_id=114132&scans_id=110198&peptide_id=33812&scanf=41440&charge=2&value=7,K.IESEGLLSLTTQLVK.E,/core/www/modules/show_out/show_out_wrapper.php?run_id=110202&search_id=114132&scans_id=110198&peptide_id=33812&scanf=41440&charge=2&value=K.IESEGLLSLTTQLVK.E,MRPS27,3.590e+6,3.373,0.001,2.960,0.000
41443,3,"  1.804","  0.199",9/52,/core/www/modules//sdig/index.php?run_id=110202&search_id=114132&scans_id=110198&peptide_id=33815&scanf=41443&charge=3&value=9/52,sp|Q96N67|DOCK7_HUMAN,/core/www/modules//consensus/?run_id=110202&search_id=114132&scans_id=110198&peptide_id=33815&scanf=41443&charge=3&value=sp|Q96N67|DOCK7_HUMAN,3,/core/www/modules/match_peptides/blast_html4.php?run_id=110202&search_id=114132&scans_id=110198&peptide_id=33815&scanf=41443&charge=3&value=3,K.NSLPDALLPNLLDR.T,/core/www/modules/show_out/show_out_wrapper.php?run_id=110202&search_id=114132&scans_id=110198&peptide_id=33815&scanf=41443&charge=3&value=K.NSLPDALLPNLLDR.T,DOCK7,9.420e+5,1.891,0.148,0.831,0.007
41448,2,"  3.646","  0.696",15/22,/core/www/modules//sdig/index.php?run_id=110202&search_id=114132&scans_id=110198&peptide_id=33820&scanf=41448&charge=2&value=15/22,sp|P46100|ATRX_HUMAN,/core/www/modules//consensus/?run_id=110202&search_id=114132&scans_id=110198&peptide_id=33820&scanf=41448&charge=2&value=sp|P46100|ATRX_HUMAN,1,/core/www/modules/match_peptides/blast_html4.php?run_id=110202&search_id=114132&scans_id=110198&peptide_id=33820&scanf=41448&charge=2&value=1,K.DTILAELLQIHK.E,/core/www/modules/show_out/show_out_wrapper.php?run_id=110202&search_id=114132&scans_id=110198&peptide_id=33820&scanf=41448&charge=2&value=K.DTILAELLQIHK.E,ATRX,2.360e+6,4.032,0.000,3.937,0.000
41449,3,"  3.024","  0.432",13/60,/core/www/modules//sdig/index.php?run_id=110202&search_id=114132&scans_id=110198&peptide_id=33821&scanf=41449&charge=3&value=13/60,sp|Q92759|TF2H4_HUMAN,/core/www/modules//consensus/?run_id=110202&search_id=114132&scans_id=110198&peptide_id=33821&scanf=41449&charge=3&value=sp|Q92759|TF2H4_HUMAN,1,/core/www/modules/match_peptides/blast_html4.php?run_id=110202&search_id=114132&scans_id=110198&peptide_id=33821&scanf=41449&charge=3&value=1,R.NLQEFLGGLSPGVLDR.L,/core/www/modules/show_out/show_out_wrapper.php?run_id=110202&search_id=114132&scans_id=110198&peptide_id=33821&scanf=41449&charge=3&value=R.NLQEFLGGLSPGVLDR.L,GTF2H4,2.701e+6,2.722,0.010,1.998,0.000
41451,4,"  3.729","  0.444",16/96,/core/www/modules//sdig/index.php?run_id=110202&search_id=114132&scans_id=110198&peptide_id=33824&scanf=41451&charge=4&value=16/96,sp|O75691|UTP20_HUMAN,/core/www/modules//consensus/?run_id=110202&search_id=114132&scans_id=110198&peptide_id=33824&scanf=41451&charge=4&value=sp|O75691|UTP20_HUMAN,0,/core/www/modules/match_peptides/blast_html4.php?run_id=110202&search_id=114132&scans_id=110198&peptide_id=33824&scanf=41451&charge=4&value=0,K.NALFNLMFLDLDKHPEK.V,/core/www/modules/show_out/show_out_wrapper.php?run_id=110202&search_id=114132&scans_id=110198&peptide_id=33824&scanf=41451&charge=4&value=K.NALFNLMFLDLDKHPEK.V,UTP20,1.213e+6,3.018,0.004,2.434,0.000
41455,3,"  6.298","  0.722",26/88,/core/www/modules//sdig/index.php?run_id=110202&search_id=114132&scans_id=110198&peptide_id=33827&scanf=41455&charge=3&value=26/88,sp|Q9Y2R4|DDX52_HUMAN,/core/www/modules//consensus/?run_id=110202&search_id=114132&scans_id=110198&peptide_id=33827&scanf=41455&charge=3&value=sp|Q9Y2R4|DDX52_HUMAN,0,/core/www/modules/match_peptides/blast_html4.php?run_id=110202&search_id=114132&scans_id=110198&peptide_id=33827&scanf=41455&charge=3&value=0,K.IHVQGTDLPDPIATFQQLDQEYK.I,/core/www/modules/show_out/show_out_wrapper.php?run_id=110202&search_id=114132&scans_id=110198&peptide_id=33827&scanf=41455&charge=3&value=K.IHVQGTDLPDPIATFQQLDQEYK.I,DDX52,7.166e+6,3.788,0.000,3.575,0.000
41456,2,"  2.444","  0.527",10/16,/core/www/modules//sdig/index.php?run_id=110202&search_id=114132&scans_id=110198&peptide_id=33828&scanf=41456&charge=2&value=10/16,sp|O14980|XPO1_HUMAN,/core/www/modules//consensus/?run_id=110202&search_id=114132&scans_id=110198&peptide_id=33828&scanf=41456&charge=2&value=sp|O14980|XPO1_HUMAN,12,/core/www/modules/match_peptides/blast_html4.php?run_id=110202&search_id=114132&scans_id=110198&peptide_id=33828&scanf=41456&charge=2&value=12,R.QLYLPMLFK.V,/core/www/modules/show_out/show_out_wrapper.php?run_id=110202&search_id=114132&scans_id=110198&peptide_id=33828&scanf=41456&charge=2&value=R.QLYLPMLFK.V,XPO1,8.114e+6,3.509,0.001,3.162,0.000
41458,4,"  5.749","  0.541",20/180,/core/www/modules//sdig/index.php?run_id=110202&search_id=114132&scans_id=110198&peptide_id=33830&scanf=41458&charge=4&value=20/180,sp|P51531|SMCA2_HUMAN,/core/www/modules//consensus/?run_id=110202&search_id=114132&scans_id=110198&peptide_id=33830&scanf=41458&charge=4&value=sp|P51531|SMCA2_HUMAN,2,/core/www/modules/match_peptides/blast_html4.php?run_id=110202&search_id=114132&scans_id=110198&peptide_id=33830&scanf=41458&charge=4&value=2,R.AFLQAILEHEEENEEEDEVPDDETLNQMIAR.R,/core/www/modules/show_out/show_out_wrapper.php?run_id=110202&search_id=114132&scans_id=110198&peptide_id=33830&scanf=41458&charge=4&value=R.AFLQAILEHEEENEEEDEVPDDETLNQMIAR.R,SMARCA2,3.747e+6,3.309,0.001,2.865,0.000
41464,3,"  3.486","  0.577",15/68,/core/www/modules//sdig/index.php?run_id=110202&search_id=114132&scans_id=110198&peptide_id=33837&scanf=41464&charge=3&value=15/68,sp|P22314|UBA1_HUMAN,/core/www/modules//consensus/?run_id=110202&search_id=114132&scans_id=110198&peptide_id=33837&scanf=41464&charge=3&value=sp|P22314|UBA1_HUMAN,1,/core/www/modules/match_peptides/blast_html4.php?run_id=110202&search_id=114132&scans_id=110198&peptide_id=33837&scanf=41464&charge=3&value=1,R.AAVATFLQSVQVPEFTPK.S,/core/www/modules/show_out/show_out_wrapper.php?run_id=110202&search_id=114132&scans_id=110198&peptide_id=33837&scanf=41464&charge=3&value=R.AAVATFLQSVQVPEFTPK.S,UBA1,5.887e+6,3.193,0.002,2.694,0.000
41465,3,"  5.646","  0.635",23/92,/core/www/modules//sdig/index.php?run_id=110202&search_id=114132&scans_id=110198&peptide_id=33838&scanf=41465&charge=3&value=23/92,sp|Q05639|EF1A2_HUMAN,/core/www/modules//consensus/?run_id=110202&search_id=114132&scans_id=110198&peptide_id=33838&scanf=41465&charge=3&value=sp|Q05639|EF1A2_HUMAN,1,/core/www/modules/match_peptides/blast_html4.php?run_id=110202&search_id=114132&scans_id=110198&peptide_id=33838&scanf=41465&charge=3&value=1,R.VETGILRPGMVVTFAPVNITTEVK.S,/core/www/modules/show_out/show_out_wrapper.php?run_id=110202&search_id=114132&scans_id=110198&peptide_id=33838&scanf=41465&charge=3&value=R.VETGILRPGMVVTFAPVNITTEVK.S,EEF1A2,6.832e+6,3.272,0.002,2.810,0.000
41467,3,"  4.008","  0.522",16/68,/core/www/modules//sdig/index.php?run_id=110202&search_id=114132&scans_id=110198&peptide_id=33840&scanf=41467&charge=3&value=16/68,sp|O00159|MYO1C_HUMAN,/core/www/modules//consensus/?run_id=110202&search_id=114132&scans_id=110198&peptide_id=33840&scanf=41467&charge=3&value=sp|O00159|MYO1C_HUMAN,1,/core/www/modules/match_peptides/blast_html4.php?run_id=110202&search_id=114132&scans_id=110198&peptide_id=33840&scanf=41467&charge=3&value=1,R.NFHIFYQLLEGGEEETLR.R,/core/www/modules/show_out/show_out_wrapper.php?run_id=110202&search_id=114132&scans_id=110198&peptide_id=33840&scanf=41467&charge=3&value=R.NFHIFYQLLEGGEEETLR.R,MYO1C,1.632e+6,3.093,0.003,2.546,0.000
41469,2,"  2.058","  0.522",10/16,/core/www/modules//sdig/index.php?run_id=110202&search_id=114132&scans_id=110198&peptide_id=33842&scanf=41469&charge=2&value=10/16,sp|Q16531|DDB1_HUMAN,/core/www/modules//consensus/?run_id=110202&search_id=114132&scans_id=110198&peptide_id=33842&scanf=41469&charge=2&value=sp|Q16531|DDB1_HUMAN,10,/core/www/modules/match_peptides/blast_html4.php?run_id=110202&search_id=114132&scans_id=110198&peptide_id=33842&scanf=41469&charge=2&value=10,K.DLLFILTAK.Y,/core/www/modules/show_out/show_out_wrapper.php?run_id=110202&search_id=114132&scans_id=110198&peptide_id=33842&scanf=41469&charge=2&value=K.DLLFILTAK.Y,DDB1,3.493e+6,3.408,0.001,3.011,0.000
41471,2,"  2.177","  0.457",11/22,/core/www/modules//sdig/index.php?run_id=110202&search_id=114132&scans_id=110198&peptide_id=33845&scanf=41471&charge=2&value=11/22,sp|Q9H845|ACAD9_HUMAN,/core/www/modules//consensus/?run_id=110202&search_id=114132&scans_id=110198&peptide_id=33845&scanf=41471&charge=2&value=sp|Q9H845|ACAD9_HUMAN,7,/core/www/modules/match_peptides/blast_html4.php?run_id=110202&search_id=114132&scans_id=110198&peptide_id=33845&scanf=41471&charge=2&value=7,R.FSMGSVVAGLLK.R,/core/www/modules/show_out/show_out_wrapper.php?run_id=110202&search_id=114132&scans_id=110198&peptide_id=33845&scanf=41471&charge=2&value=R.FSMGSVVAGLLK.R,ACAD9,2.962e+6,2.864,0.006,2.208,0.000
41475,2,"  2.161","  0.488",11/16,/core/www/modules//sdig/index.php?run_id=110202&search_id=114132&scans_id=110198&peptide_id=33848&scanf=41475&charge=2&value=11/16,sp|P62318|SMD3_HUMAN,/core/www/modules//consensus/?run_id=110202&search_id=114132&scans_id=110198&peptide_id=33848&scanf=41475&charge=2&value=sp|P62318|SMD3_HUMAN,0,/core/www/modules/match_peptides/blast_html4.php?run_id=110202&search_id=114132&scans_id=110198&peptide_id=33848&scanf=41475&charge=2&value=0,R.FLILPDMLK.N,/core/www/modules/show_out/show_out_wrapper.php?run_id=110202&search_id=114132&scans_id=110198&peptide_id=33848&scanf=41475&charge=2&value=R.FLILPDMLK.N,SNRPD3,1.159e+8,3.359,0.001,2.940,0.000
41476,2,"  2.851","  0.650",11/22,/core/www/modules//sdig/index.php?run_id=110202&search_id=114132&scans_id=110198&peptide_id=33849&scanf=41476&charge=2&value=11/22,sp|Q96AY3|FKB10_HUMAN,/core/www/modules//consensus/?run_id=110202&search_id=114132&scans_id=110198&peptide_id=33849&scanf=41476&charge=2&value=sp|Q96AY3|FKB10_HUMAN,0,/core/www/modules/match_peptides/blast_html4.php?run_id=110202&search_id=114132&scans_id=110198&peptide_id=33849&scanf=41476&charge=2&value=0,K.IIIPPFLAYGEK.G,/core/www/modules/show_out/show_out_wrapper.php?run_id=110202&search_id=114132&scans_id=110198&peptide_id=33849&scanf=41476&charge=2&value=K.IIIPPFLAYGEK.G,FKBP10,5.534e+6,3.516,0.001,3.172,0.000
41477,3,"  3.853","  0.700",16/60,/core/www/modules//sdig/index.php?run_id=110202&search_id=114132&scans_id=110198&peptide_id=33850&scanf=41477&charge=3&value=16/60,sp|P55786|PSA_HUMAN,/core/www/modules//consensus/?run_id=110202&search_id=114132&scans_id=110198&peptide_id=33850&scanf=41477&charge=3&value=sp|P55786|PSA_HUMAN,5,/core/www/modules/match_peptides/blast_html4.php?run_id=110202&search_id=114132&scans_id=110198&peptide_id=33850&scanf=41477&charge=3&value=5,R.TQYSSAMLESLLPGIR.D,/core/www/modules/show_out/show_out_wrapper.php?run_id=110202&search_id=114132&scans_id=110198&peptide_id=33850&scanf=41477&charge=3&value=R.TQYSSAMLESLLPGIR.D,NPEPPS,4.581e+6,3.823,0.000,3.628,0.000
41479,2,"  2.901","  0.638",11/28,/core/www/modules//sdig/index.php?run_id=110202&search_id=114132&scans_id=110198&peptide_id=33852&scanf=41479&charge=2&value=11/28,sp|P40939|ECHA_HUMAN,/core/www/modules//consensus/?run_id=110202&search_id=114132&scans_id=110198&peptide_id=33852&scanf=41479&charge=2&value=sp|P40939|ECHA_HUMAN,3,/core/www/modules/match_peptides/blast_html4.php?run_id=110202&search_id=114132&scans_id=110198&peptide_id=33852&scanf=41479&charge=2&value=3,K.M*VGVPAALDMMLTGR.S,/core/www/modules/show_out/show_out_wrapper.php?run_id=110202&search_id=114132&scans_id=110198&peptide_id=33852&scanf=41479&charge=2&value=K.M*VGVPAALDMMLTGR.S,HADHA,2.251e+6,2.986,0.004,2.388,0.000
41482,2,"  3.578","  0.371",13/22,/core/www/modules//sdig/index.php?run_id=110202&search_id=114132&scans_id=110198&peptide_id=33856&scanf=41482&charge=2&value=13/22,sp|Q9P2J5|SYLC_HUMAN,/core/www/modules//consensus/?run_id=110202&search_id=114132&scans_id=110198&peptide_id=33856&scanf=41482&charge=2&value=sp|Q9P2J5|SYLC_HUMAN,11,/core/www/modules/match_peptides/blast_html4.php?run_id=110202&search_id=114132&scans_id=110198&peptide_id=33856&scanf=41482&charge=2&value=11,K.QEFEFWYPVDLR.V,/core/www/modules/show_out/show_out_wrapper.php?run_id=110202&search_id=114132&scans_id=110198&peptide_id=33856&scanf=41482&charge=2&value=K.QEFEFWYPVDLR.V,LARS1,2.261e+6,2.765,0.009,2.061,0.000
41483,2,"  4.757","  0.682",21/32,/core/www/modules//sdig/index.php?run_id=110202&search_id=114132&scans_id=110198&peptide_id=33857&scanf=41483&charge=2&value=21/32,sp|Q13283|G3BP1_HUMAN,/core/www/modules//consensus/?run_id=110202&search_id=114132&scans_id=110198&peptide_id=33857&scanf=41483&charge=2&value=sp|Q13283|G3BP1_HUMAN,7,/core/www/modules/match_peptides/blast_html4.php?run_id=110202&search_id=114132&scans_id=110198&peptide_id=33857&scanf=41483&charge=2&value=7,K.LPNFGFVVFDDSEPVQK.V,/core/www/modules/show_out/show_out_wrapper.php?run_id=110202&search_id=114132&scans_id=110198&peptide_id=33857&scanf=41483&charge=2&value=K.LPNFGFVVFDDSEPVQK.V,G3BP1,3.509e+6,3.848,0.000,3.663,0.000
41486,3,"  3.952","  0.559",16/68,/core/www/modules//sdig/index.php?run_id=110202&search_id=114132&scans_id=110198&peptide_id=33860&scanf=41486&charge=3&value=16/68,sp|P55786|PSA_HUMAN,/core/www/modules//consensus/?run_id=110202&search_id=114132&scans_id=110198&peptide_id=33860&scanf=41486&charge=3&value=sp|P55786|PSA_HUMAN,5,/core/www/modules/match_peptides/blast_html4.php?run_id=110202&search_id=114132&scans_id=110198&peptide_id=33860&scanf=41486&charge=3&value=5,K.QMGFPLIYVEAEQVEDDR.L,/core/www/modules/show_out/show_out_wrapper.php?run_id=110202&search_id=114132&scans_id=110198&peptide_id=33860&scanf=41486&charge=3&value=K.QMGFPLIYVEAEQVEDDR.L,NPEPPS,1.431e+6,3.231,0.002,2.750,0.000
41487,3,"  4.269","  0.702",21/100,/core/www/modules//sdig/index.php?run_id=110202&search_id=114132&scans_id=110198&peptide_id=33861&scanf=41487&charge=3&value=21/100,sp|O95155|UBE4B_HUMAN,/core/www/modules//consensus/?run_id=110202&search_id=114132&scans_id=110198&peptide_id=33861&scanf=41487&charge=3&value=sp|O95155|UBE4B_HUMAN,0,/core/www/modules/match_peptides/blast_html4.php?run_id=110202&search_id=114132&scans_id=110198&peptide_id=33861&scanf=41487&charge=3&value=0,R.AEIDYSDAPDEFRDPLMDTLMTDPVR.L,/core/www/modules/show_out/show_out_wrapper.php?run_id=110202&search_id=114132&scans_id=110198&peptide_id=33861&scanf=41487&charge=3&value=R.AEIDYSDAPDEFRDPLMDTLMTDPVR.L,UBE4B,1.657e+6,3.092,0.003,2.544,0.000
41490,3,"  3.366","  0.450",15/52,/core/www/modules//sdig/index.php?run_id=110202&search_id=114132&scans_id=110198&peptide_id=33865&scanf=41490&charge=3&value=15/52,sp|Q9ULK4|MED23_HUMAN,/core/www/modules//consensus/?run_id=110202&search_id=114132&scans_id=110198&peptide_id=33865&scanf=41490&charge=3&value=sp|Q9ULK4|MED23_HUMAN,1,/core/www/modules/match_peptides/blast_html4.php?run_id=110202&search_id=114132&scans_id=110198&peptide_id=33865&scanf=41490&charge=3&value=1,K.SLETLLDHLGGLYK.F,/core/www/modules/show_out/show_out_wrapper.php?run_id=110202&search_id=114132&scans_id=110198&peptide_id=33865&scanf=41490&charge=3&value=K.SLETLLDHLGGLYK.F,MED23,1.867e+6,3.017,0.004,2.433,0.000
41491,3,"  3.959","  0.655",19/60,/core/www/modules//sdig/index.php?run_id=110202&search_id=114132&scans_id=110198&peptide_id=33866&scanf=41491&charge=3&value=19/60,sp|Q9H7B2|RPF2_HUMAN,/core/www/modules//consensus/?run_id=110202&search_id=114132&scans_id=110198&peptide_id=33866&scanf=41491&charge=3&value=sp|Q9H7B2|RPF2_HUMAN,1,/core/www/modules/match_peptides/blast_html4.php?run_id=110202&search_id=114132&scans_id=110198&peptide_id=33866&scanf=41491&charge=3&value=1,R.LAGLEYVLHFTALNGK.I,/core/www/modules/show_out/show_out_wrapper.php?run_id=110202&search_id=114132&scans_id=110198&peptide_id=33866&scanf=41491&charge=3&value=R.LAGLEYVLHFTALNGK.I,RPF2,3.251e+6,3.689,0.000,3.429,0.000
41500,3,"  4.017","  0.464",11/68,/core/www/modules//sdig/index.php?run_id=110202&search_id=114132&scans_id=110198&peptide_id=33875&scanf=41500&charge=3&value=11/68,sp|P19447|ERCC3_HUMAN,/core/www/modules//consensus/?run_id=110202&search_id=114132&scans_id=110198&peptide_id=33875&scanf=41500&charge=3&value=sp|P19447|ERCC3_HUMAN,1,/core/www/modules/match_peptides/blast_html4.php?run_id=110202&search_id=114132&scans_id=110198&peptide_id=33875&scanf=41500&charge=3&value=1,K.TQEWGLMILDEVHTIPAK.M,/core/www/modules/show_out/show_out_wrapper.php?run_id=110202&search_id=114132&scans_id=110198&peptide_id=33875&scanf=41500&charge=3&value=K.TQEWGLMILDEVHTIPAK.M,ERCC3,3.157e+6,2.764,0.009,2.059,0.000
41501,3,"  3.360","  0.442",15/60,/core/www/modules//sdig/index.php?run_id=110202&search_id=114132&scans_id=110198&peptide_id=33876&scanf=41501&charge=3&value=15/60,sp|P24928|RPB1_HUMAN,/core/www/modules//consensus/?run_id=110202&search_id=114132&scans_id=110198&peptide_id=33876&scanf=41501&charge=3&value=sp|P24928|RPB1_HUMAN,1,/core/www/modules/match_peptides/blast_html4.php?run_id=110202&search_id=114132&scans_id=110198&peptide_id=33876&scanf=41501&charge=3&value=1,K.ALQEWILETDGVSLMR.V,/core/www/modules/show_out/show_out_wrapper.php?run_id=110202&search_id=114132&scans_id=110198&peptide_id=33876&scanf=41501&charge=3&value=K.ALQEWILETDGVSLMR.V,POLR2A,2.005e+6,2.856,0.006,2.196,0.000
41503,4,"  6.393","  0.644",21/120,/core/www/modules//sdig/index.php?run_id=110202&search_id=114132&scans_id=110198&peptide_id=33878&scanf=41503&charge=4&value=21/120,sp|P54136|SYRC_HUMAN,/core/www/modules//consensus/?run_id=110202&search_id=114132&scans_id=110198&peptide_id=33878&scanf=41503&charge=4&value=sp|P54136|SYRC_HUMAN,0,/core/www/modules/match_peptides/blast_html4.php?run_id=110202&search_id=114132&scans_id=110198&peptide_id=33878&scanf=41503&charge=4&value=0,R.LNHVGDWGTQFGMLIAHLQDK.F,/core/www/modules/show_out/show_out_wrapper.php?run_id=110202&search_id=114132&scans_id=110198&peptide_id=33878&scanf=41503&charge=4&value=R.LNHVGDWGTQFGMLIAHLQDK.F,RARS1,2.948e+6,3.865,0.000,3.690,0.000
41504,2,"  2.029","  0.234",8/14,/core/www/modules//sdig/index.php?run_id=110202&search_id=114132&scans_id=110198&peptide_id=33879&scanf=41504&charge=2&value=8/14,sp|Q9H7B2|RPF2_HUMAN,/core/www/modules//consensus/?run_id=110202&search_id=114132&scans_id=110198&peptide_id=33879&scanf=41504&charge=2&value=sp|Q9H7B2|RPF2_HUMAN,1,/core/www/modules/match_peptides/blast_html4.php?run_id=110202&search_id=114132&scans_id=110198&peptide_id=33879&scanf=41504&charge=2&value=1,K.SLLIDFFR.G,/core/www/modules/show_out/show_out_wrapper.php?run_id=110202&search_id=114132&scans_id=110198&peptide_id=33879&scanf=41504&charge=2&value=K.SLLIDFFR.G,RPF2,1.040e+8,2.385,0.031,1.508,0.001
41506,2,"  3.402","  0.541",12/18,/core/www/modules//sdig/index.php?run_id=110202&search_id=114132&scans_id=110198&peptide_id=33881&scanf=41506&charge=2&value=12/18,sp|Q13813|SPTN1_HUMAN,/core/www/modules//consensus/?run_id=110202&search_id=114132&scans_id=110198&peptide_id=33881&scanf=41506&charge=2&value=sp|Q13813|SPTN1_HUMAN,2,/core/www/modules/match_peptides/blast_html4.php?run_id=110202&search_id=114132&scans_id=110198&peptide_id=33881&scanf=41506&charge=2&value=2,R.AALLELWELR.R,/core/www/modules/show_out/show_out_wrapper.php?run_id=110202&search_id=114132&scans_id=110198&peptide_id=33881&scanf=41506&charge=2&value=R.AALLELWELR.R,SPTAN1,8.471e+6,3.713,0.000,3.464,0.000
41507,4,"  5.071","  0.605",15/198,/core/www/modules//sdig/index.php?run_id=110202&search_id=114132&scans_id=110198&peptide_id=33882&scanf=41507&charge=4&value=15/198,sp|P55786|PSA_HUMAN,/core/www/modules//consensus/?run_id=110202&search_id=114132&scans_id=110198&peptide_id=33882&scanf=41507&charge=4&value=sp|P55786|PSA_HUMAN,7,/core/www/modules/match_peptides/blast_html4.php?run_id=110202&search_id=114132&scans_id=110198&peptide_id=33882&scanf=41507&charge=4&value=7,R.AQELDALDNSHPIEVSVGHPSEVDEIFDAISYSK.G,/core/www/modules/show_out/show_out_wrapper.php?run_id=110202&search_id=114132&scans_id=110198&peptide_id=33882&scanf=41507&charge=4&value=R.AQELDALDNSHPIEVSVGHPSEVDEIFDAISYSK.G,NPEPPS,1.342e+6,3.101,0.003,2.557,0.000
41510,3,"  5.094","  0.602",21/88,/core/www/modules//sdig/index.php?run_id=110202&search_id=114132&scans_id=110198&peptide_id=33886&scanf=41510&charge=3&value=21/88,sp|Q99567|NUP88_HUMAN,/core/www/modules//consensus/?run_id=110202&search_id=114132&scans_id=110198&peptide_id=33886&scanf=41510&charge=3&value=sp|Q99567|NUP88_HUMAN,16,/core/www/modules/match_peptides/blast_html4.php?run_id=110202&search_id=114132&scans_id=110198&peptide_id=33886&scanf=41510&charge=3&value=16,R.EPQTPTNVIILSEAEEESLVLNK.G,/core/www/modules/show_out/show_out_wrapper.php?run_id=110202&search_id=114132&scans_id=110198&peptide_id=33886&scanf=41510&charge=3&value=R.EPQTPTNVIILSEAEEESLVLNK.G,NUP88,1.160e+6,3.187,0.002,2.684,0.000
41513,3,"  2.908","  0.246",10/88,/core/www/modules//sdig/index.php?run_id=110202&search_id=114132&scans_id=110198&peptide_id=33889&scanf=41513&charge=3&value=10/88,sp|P60709|ACTB_HUMAN,/core/www/modules//consensus/?run_id=110202&search_id=114132&scans_id=110198&peptide_id=33889&scanf=41513&charge=3&value=sp|P60709|ACTB_HUMAN,8,/core/www/modules/match_peptides/blast_html4.php?run_id=110202&search_id=114132&scans_id=110198&peptide_id=33889&scanf=41513&charge=3&value=8,K.LCYVALDFEQEMATAASSSSLEK.S,/core/www/modules/show_out/show_out_wrapper.php?run_id=110202&search_id=114132&scans_id=110198&peptide_id=33889&scanf=41513&charge=3&value=K.LCYVALDFEQEMATAASSSSLEK.S,ACTB,1.027e+6,2.248,0.049,1.313,0.002
41514,2,"  2.843","  0.593",10/22,/core/www/modules//sdig/index.php?run_id=110202&search_id=114132&scans_id=110198&peptide_id=33890&scanf=41514&charge=2&value=10/22,sp|Q8WXH0|SYNE2_HUMAN,/core/www/modules//consensus/?run_id=110202&search_id=114132&scans_id=110198&peptide_id=33890&scanf=41514&charge=2&value=sp|Q8WXH0|SYNE2_HUMAN,3,/core/www/modules/match_peptides/blast_html4.php?run_id=110202&search_id=114132&scans_id=110198&peptide_id=33890&scanf=41514&charge=2&value=3,K.ANEFEFVLSQFK.D,/core/www/modules/show_out/show_out_wrapper.php?run_id=110202&search_id=114132&scans_id=110198&peptide_id=33890&scanf=41514&charge=2&value=K.ANEFEFVLSQFK.D,SYNE2,9.616e+5,3.244,0.002,2.769,0.000
41517,2,"  2.582","  0.654",13/24,/core/www/modules//sdig/index.php?run_id=110202&search_id=114132&scans_id=110198&peptide_id=33892&scanf=41517&charge=2&value=13/24,sp|O15145|ARPC3_HUMAN,/core/www/modules//consensus/?run_id=110202&search_id=114132&scans_id=110198&peptide_id=33892&scanf=41517&charge=2&value=sp|O15145|ARPC3_HUMAN,2,/core/www/modules/match_peptides/blast_html4.php?run_id=110202&search_id=114132&scans_id=110198&peptide_id=33892&scanf=41517&charge=2&value=2,K.DTDIVDEAIYYFK.A,/core/www/modules/show_out/show_out_wrapper.php?run_id=110202&search_id=114132&scans_id=110198&peptide_id=33892&scanf=41517&charge=2&value=K.DTDIVDEAIYYFK.A,ARPC3,6.249e+6,3.521,0.001,3.179,0.000
41519,2,"  3.987","  0.573",15/26,/core/www/modules//sdig/index.php?run_id=110202&search_id=114132&scans_id=110198&peptide_id=33894&scanf=41519&charge=2&value=15/26,sp|P05455|LA_HUMAN,/core/www/modules//consensus/?run_id=110202&search_id=114132&scans_id=110198&peptide_id=33894&scanf=41519&charge=2&value=sp|P05455|LA_HUMAN,2,/core/www/modules/match_peptides/blast_html4.php?run_id=110202&search_id=114132&scans_id=110198&peptide_id=33894&scanf=41519&charge=2&value=2,K.GSIFVVFDSIESAK.K,/core/www/modules/show_out/show_out_wrapper.php?run_id=110202&search_id=114132&scans_id=110198&peptide_id=33894&scanf=41519&charge=2&value=K.GSIFVVFDSIESAK.K,SSB,1.612e+7,3.399,0.001,2.999,0.000
41520,2,"  2.187","  0.405",11/24,/core/www/modules//sdig/index.php?run_id=110202&search_id=114132&scans_id=110198&peptide_id=33896&scanf=41520&charge=2&value=11/24,sp|Q5VT52|RPRD2_HUMAN,/core/www/modules//consensus/?run_id=110202&search_id=114132&scans_id=110198&peptide_id=33896&scanf=41520&charge=2&value=sp|Q5VT52|RPRD2_HUMAN,0,/core/www/modules/match_peptides/blast_html4.php?run_id=110202&search_id=114132&scans_id=110198&peptide_id=33896&scanf=41520&charge=2&value=0,K.ISSILSSLTSVMK.N,/core/www/modules/show_out/show_out_wrapper.php?run_id=110202&search_id=114132&scans_id=110198&peptide_id=33896&scanf=41520&charge=2&value=K.ISSILSSLTSVMK.N,RPRD2,2.202e+6,2.534,0.019,1.724,0.000
41522,3,"  5.024","  0.717",22/84,/core/www/modules//sdig/index.php?run_id=110202&search_id=114132&scans_id=110198&peptide_id=33898&scanf=41522&charge=3&value=22/84,sp|Q93009|UBP7_HUMAN,/core/www/modules//consensus/?run_id=110202&search_id=114132&scans_id=110198&peptide_id=33898&scanf=41522&charge=3&value=sp|Q93009|UBP7_HUMAN,2,/core/www/modules/match_peptides/blast_html4.php?run_id=110202&search_id=114132&scans_id=110198&peptide_id=33898&scanf=41522&charge=3&value=2,R.AGFIQDTSLILYEEVKPNLTER.I,/core/www/modules/show_out/show_out_wrapper.php?run_id=110202&search_id=114132&scans_id=110198&peptide_id=33898&scanf=41522&charge=3&value=R.AGFIQDTSLILYEEVKPNLTER.I,USP7,3.867e+6,3.664,0.000,3.392,0.000
41525,3,"  3.020","  0.471",13/68,/core/www/modules//sdig/index.php?run_id=110202&search_id=114132&scans_id=110198&peptide_id=33901&scanf=41525&charge=3&value=13/68,sp|O00159|MYO1C_HUMAN,/core/www/modules//consensus/?run_id=110202&search_id=114132&scans_id=110198&peptide_id=33901&scanf=41525&charge=3&value=sp|O00159|MYO1C_HUMAN,1,/core/www/modules/match_peptides/blast_html4.php?run_id=110202&search_id=114132&scans_id=110198&peptide_id=33901&scanf=41525&charge=3&value=1,R.NFHIFYQLLEGGEEETLR.R,/core/www/modules/show_out/show_out_wrapper.php?run_id=110202&search_id=114132&scans_id=110198&peptide_id=33901&scanf=41525&charge=3&value=R.NFHIFYQLLEGGEEETLR.R,MYO1C,1.632e+6,2.827,0.007,2.152,0.000
41526,2,"  3.166","  0.548",12/26,/core/www/modules//sdig/index.php?run_id=110202&search_id=114132&scans_id=110198&peptide_id=33902&scanf=41526&charge=2&value=12/26,sp|P08243|ASNS_HUMAN,/core/www/modules//consensus/?run_id=110202&search_id=114132&scans_id=110198&peptide_id=33902&scanf=41526&charge=2&value=sp|P08243|ASNS_HUMAN,5,/core/www/modules/match_peptides/blast_html4.php?run_id=110202&search_id=114132&scans_id=110198&peptide_id=33902&scanf=41526&charge=2&value=5,R.LAVVDPLFGMQPIR.V,/core/www/modules/show_out/show_out_wrapper.php?run_id=110202&search_id=114132&scans_id=110198&peptide_id=33902&scanf=41526&charge=2&value=R.LAVVDPLFGMQPIR.V,ASNS,1.656e+6,3.056,0.003,2.491,0.000
41533,2,"  2.062","  0.498",10/16,/core/www/modules//sdig/index.php?run_id=110202&search_id=114132&scans_id=110198&peptide_id=33910&scanf=41533&charge=2&value=10/16,sp|Q5SRE5|NU188_HUMAN,/core/www/modules//consensus/?run_id=110202&search_id=114132&scans_id=110198&peptide_id=33910&scanf=41533&charge=2&value=sp|Q5SRE5|NU188_HUMAN,1,/core/www/modules/match_peptides/blast_html4.php?run_id=110202&search_id=114132&scans_id=110198&peptide_id=33910&scanf=41533&charge=2&value=1,R.ELWTILLGR.S,/core/www/modules/show_out/show_out_wrapper.php?run_id=110202&search_id=114132&scans_id=110198&peptide_id=33910&scanf=41533&charge=2&value=R.ELWTILLGR.S,NUP188,2.392e+6,3.288,0.001,2.835,0.000
41535,3,"  2.446","  0.480",15/48,/core/www/modules//sdig/index.php?run_id=110202&search_id=114132&scans_id=110198&peptide_id=33912&scanf=41535&charge=3&value=15/48,sp|O15020|SPTN2_HUMAN,/core/www/modules//consensus/?run_id=110202&search_id=114132&scans_id=110198&peptide_id=33912&scanf=41535&charge=3&value=sp|O15020|SPTN2_HUMAN,5,/core/www/modules/match_peptides/blast_html4.php?run_id=110202&search_id=114132&scans_id=110198&peptide_id=33912&scanf=41535&charge=3&value=5,K.GNLEVLLFTIQSK.L,/core/www/modules/show_out/show_out_wrapper.php?run_id=110202&search_id=114132&scans_id=110198&peptide_id=33912&scanf=41535&charge=3&value=K.GNLEVLLFTIQSK.L,SPTBN2,1.490e+6,3.105,0.003,2.564,0.000
41536,2,"  1.857","  0.328",10/14,/core/www/modules//sdig/index.php?run_id=110202&search_id=114132&scans_id=110198&peptide_id=33913&scanf=41536&charge=2&value=10/14,sp|Q9H329|E41LB_HUMAN,/core/www/modules//consensus/?run_id=110202&search_id=114132&scans_id=110198&peptide_id=33913&scanf=41536&charge=2&value=sp|Q9H329|E41LB_HUMAN,1,/core/www/modules/match_peptides/blast_html4.php?run_id=110202&search_id=114132&scans_id=110198&peptide_id=33913&scanf=41536&charge=2&value=1,K.IGLFFWPK.I,/core/www/modules/show_out/show_out_wrapper.php?run_id=110202&search_id=114132&scans_id=110198&peptide_id=33913&scanf=41536&charge=2&value=K.IGLFFWPK.I,EPB41L4B,3.099e+6,2.841,0.007,2.173,0.000
41538,2,"  2.516","  0.596",11/22,/core/www/modules//sdig/index.php?run_id=110202&search_id=114132&scans_id=110198&peptide_id=33914&scanf=41538&charge=2&value=11/22,sp|Q96AY3|FKB10_HUMAN,/core/www/modules//consensus/?run_id=110202&search_id=114132&scans_id=110198&peptide_id=33914&scanf=41538&charge=2&value=sp|Q96AY3|FKB10_HUMAN,0,/core/www/modules/match_peptides/blast_html4.php?run_id=110202&search_id=114132&scans_id=110198&peptide_id=33914&scanf=41538&charge=2&value=0,K.IIIPPFLAYGEK.G,/core/www/modules/show_out/show_out_wrapper.php?run_id=110202&search_id=114132&scans_id=110198&peptide_id=33914&scanf=41538&charge=2&value=K.IIIPPFLAYGEK.G,FKBP10,5.534e+6,3.307,0.001,2.862,0.000
41539,2,"  2.534","  0.437",10/22,/core/www/modules//sdig/index.php?run_id=110202&search_id=114132&scans_id=110198&peptide_id=33915&scanf=41539&charge=2&value=10/22,sp|P42285|MTREX_HUMAN,/core/www/modules//consensus/?run_id=110202&search_id=114132&scans_id=110198&peptide_id=33915&scanf=41539&charge=2&value=sp|P42285|MTREX_HUMAN,0,/core/www/modules/match_peptides/blast_html4.php?run_id=110202&search_id=114132&scans_id=110198&peptide_id=33915&scanf=41539&charge=2&value=0,R.NFQPVIIFSFSK.K,/core/www/modules/show_out/show_out_wrapper.php?run_id=110202&search_id=114132&scans_id=110198&peptide_id=33915&scanf=41539&charge=2&value=R.NFQPVIIFSFSK.K,MTREX,2.002e+6,2.744,0.009,2.030,0.000
41544,2,"  2.141","  0.424",10/18,/core/www/modules//sdig/index.php?run_id=110202&search_id=114132&scans_id=110198&peptide_id=33921&scanf=41544&charge=2&value=10/18,sp|Q13813|SPTN1_HUMAN,/core/www/modules//consensus/?run_id=110202&search_id=114132&scans_id=110198&peptide_id=33921&scanf=41544&charge=2&value=sp|Q13813|SPTN1_HUMAN,2,/core/www/modules/match_peptides/blast_html4.php?run_id=110202&search_id=114132&scans_id=110198&peptide_id=33921&scanf=41544&charge=2&value=2,R.DLMSWINGIR.G,/core/www/modules/show_out/show_out_wrapper.php?run_id=110202&search_id=114132&scans_id=110198&peptide_id=33921&scanf=41544&charge=2&value=R.DLMSWINGIR.G,SPTAN1,3.338e+6,3.031,0.004,2.454,0.000
41547,3,"  2.559","  0.407",10/56,/core/www/modules//sdig/index.php?run_id=110202&search_id=114132&scans_id=110198&peptide_id=33924&scanf=41547&charge=3&value=10/56,sp|Q14746|COG2_HUMAN,/core/www/modules//consensus/?run_id=110202&search_id=114132&scans_id=110198&peptide_id=33924&scanf=41547&charge=3&value=sp|Q14746|COG2_HUMAN,1,/core/www/modules/match_peptides/blast_html4.php?run_id=110202&search_id=114132&scans_id=110198&peptide_id=33924&scanf=41547&charge=3&value=1,K.LQEQLPELLEIIKPK.L,/core/www/modules/show_out/show_out_wrapper.php?run_id=110202&search_id=114132&scans_id=110198&peptide_id=33924&scanf=41547&charge=3&value=K.LQEQLPELLEIIKPK.L,COG2,1.199e+6,2.590,0.016,1.805,0.000
41550,3,"  1.611","  0.153",7/56,/core/www/modules//sdig/index.php?run_id=110202&search_id=114132&scans_id=110198&peptide_id=33928&scanf=41550&charge=3&value=7/56,sp|Q15149|PLEC_HUMAN,/core/www/modules//consensus/?run_id=110202&search_id=114132&scans_id=110198&peptide_id=33928&scanf=41550&charge=3&value=sp|Q15149|PLEC_HUMAN,5,/core/www/modules/match_peptides/blast_html4.php?run_id=110202&search_id=114132&scans_id=110198&peptide_id=33928&scanf=41550&charge=3&value=5,R.YLQDLLAWVEENQHR.V,/core/www/modules/show_out/show_out_wrapper.php?run_id=110202&search_id=114132&scans_id=110198&peptide_id=33928&scanf=41550&charge=3&value=R.YLQDLLAWVEENQHR.V,PLEC,5.589e+6,1.983,0.112,0.950,0.005
41556,2,"  2.466","  0.420",11/20,/core/www/modules//sdig/index.php?run_id=110202&search_id=114132&scans_id=110198&peptide_id=33934&scanf=41556&charge=2&value=11/20,sp|Q92665|RT31_HUMAN,/core/www/modules//consensus/?run_id=110202&search_id=114132&scans_id=110198&peptide_id=33934&scanf=41556&charge=2&value=sp|Q92665|RT31_HUMAN,0,/core/www/modules/match_peptides/blast_html4.php?run_id=110202&search_id=114132&scans_id=110198&peptide_id=33934&scanf=41556&charge=2&value=0,R.LNIFDMMAVTK.E,/core/www/modules/show_out/show_out_wrapper.php?run_id=110202&search_id=114132&scans_id=110198&peptide_id=33934&scanf=41556&charge=2&value=R.LNIFDMMAVTK.E,MRPS31,1.244e+6,2.857,0.006,2.197,0.000
41557,3,"  3.760","  0.542",16/60,/core/www/modules//sdig/index.php?run_id=110202&search_id=114132&scans_id=110198&peptide_id=33935&scanf=41557&charge=3&value=16/60,sp|P46060|RAGP1_HUMAN,/core/www/modules//consensus/?run_id=110202&search_id=114132&scans_id=110198&peptide_id=33935&scanf=41557&charge=3&value=sp|P46060|RAGP1_HUMAN,2,/core/www/modules/match_peptides/blast_html4.php?run_id=110202&search_id=114132&scans_id=110198&peptide_id=33935&scanf=41557&charge=3&value=2,K.DVIKEIEDFDSLEALR.L,/core/www/modules/show_out/show_out_wrapper.php?run_id=110202&search_id=114132&scans_id=110198&peptide_id=33935&scanf=41557&charge=3&value=K.DVIKEIEDFDSLEALR.L,RANGAP1,2.293e+6,2.829,0.007,2.156,0.000
41560,2,"  3.249","  0.560",12/24,/core/www/modules//sdig/index.php?run_id=110202&search_id=114132&scans_id=110198&peptide_id=33938&scanf=41560&charge=2&value=12/24,sp|Q14974|IMB1_HUMAN,/core/www/modules//consensus/?run_id=110202&search_id=114132&scans_id=110198&peptide_id=33938&scanf=41560&charge=2&value=sp|Q14974|IMB1_HUMAN,2,/core/www/modules/match_peptides/blast_html4.php?run_id=110202&search_id=114132&scans_id=110198&peptide_id=33938&scanf=41560&charge=2&value=2,K.SNEILTAIIQGMR.K,/core/www/modules/show_out/show_out_wrapper.php?run_id=110202&search_id=114132&scans_id=110198&peptide_id=33938&scanf=41560&charge=2&value=K.SNEILTAIIQGMR.K,KPNB1,3.016e+7,3.223,0.002,2.738,0.000
41565,2,"  3.698","  0.653",14/24,/core/www/modules//sdig/index.php?run_id=110202&search_id=114132&scans_id=110198&peptide_id=33943&scanf=41565&charge=2&value=14/24,sp|O15020|SPTN2_HUMAN,/core/www/modules//consensus/?run_id=110202&search_id=114132&scans_id=110198&peptide_id=33943&scanf=41565&charge=2&value=sp|O15020|SPTN2_HUMAN,5,/core/www/modules/match_peptides/blast_html4.php?run_id=110202&search_id=114132&scans_id=110198&peptide_id=33943&scanf=41565&charge=2&value=5,K.GNLEVLLFTIQSK.L,/core/www/modules/show_out/show_out_wrapper.php?run_id=110202&search_id=114132&scans_id=110198&peptide_id=33943&scanf=41565&charge=2&value=K.GNLEVLLFTIQSK.L,SPTBN2,1.361e+6,3.669,0.000,3.398,0.000
41571,3,"  4.061","  0.429",19/76,/core/www/modules//sdig/index.php?run_id=110202&search_id=114132&scans_id=110198&peptide_id=33950&scanf=41571&charge=3&value=19/76,sp|P17844|DDX5_HUMAN,/core/www/modules//consensus/?run_id=110202&search_id=114132&scans_id=110198&peptide_id=33950&scanf=41571&charge=3&value=sp|P17844|DDX5_HUMAN,7,/core/www/modules/match_peptides/blast_html4.php?run_id=110202&search_id=114132&scans_id=110198&peptide_id=33950&scanf=41571&charge=3&value=7,K.TLSYLLPAIVHINHQPFLER.G,/core/www/modules/show_out/show_out_wrapper.php?run_id=110202&search_id=114132&scans_id=110198&peptide_id=33950&scanf=41571&charge=3&value=K.TLSYLLPAIVHINHQPFLER.G,DDX5,3.113e+6,2.834,0.007,2.163,0.000
41576,2,"  4.444","  0.597",15/32,/core/www/modules//sdig/index.php?run_id=110202&search_id=114132&scans_id=110198&peptide_id=33955&scanf=41576&charge=2&value=15/32,sp|P61221|ABCE1_HUMAN,/core/www/modules//consensus/?run_id=110202&search_id=114132&scans_id=110198&peptide_id=33955&scanf=41576&charge=2&value=sp|P61221|ABCE1_HUMAN,1,/core/www/modules/match_peptides/blast_html4.php?run_id=110202&search_id=114132&scans_id=110198&peptide_id=33955&scanf=41576&charge=2&value=1,R.EGINIFLDGYVPTENLR.F,/core/www/modules/show_out/show_out_wrapper.php?run_id=110202&search_id=114132&scans_id=110198&peptide_id=33955&scanf=41576&charge=2&value=R.EGINIFLDGYVPTENLR.F,ABCE1,1.370e+6,3.143,0.002,2.620,0.000
41577,3,"  2.673","  0.023",10/56,/core/www/modules//sdig/index.php?run_id=110202&search_id=114132&scans_id=110198&peptide_id=33956&scanf=41577&charge=3&value=10/56,sp|P40939|ECHA_HUMAN,/core/www/modules//consensus/?run_id=110202&search_id=114132&scans_id=110198&peptide_id=33956&scanf=41577&charge=3&value=sp|P40939|ECHA_HUMAN,3,/core/www/modules/match_peptides/blast_html4.php?run_id=110202&search_id=114132&scans_id=110198&peptide_id=33956&scanf=41577&charge=3&value=3,K.MVGVPAALDM*MLTGR.S,/core/www/modules/show_out/show_out_wrapper.php?run_id=110202&search_id=114132&scans_id=110198&peptide_id=33956&scanf=41577&charge=3&value=K.MVGVPAALDM*MLTGR.S,HADHA,1.608e+6,2.977,0.004,2.374,0.000
41578,3,"  3.226","  0.553",18/76,/core/www/modules//sdig/index.php?run_id=110202&search_id=114132&scans_id=110198&peptide_id=33957&scanf=41578&charge=3&value=18/76,sp|P35579|MYH9_HUMAN,/core/www/modules//consensus/?run_id=110202&search_id=114132&scans_id=110198&peptide_id=33957&scanf=41578&charge=3&value=sp|P35579|MYH9_HUMAN,1,/core/www/modules/match_peptides/blast_html4.php?run_id=110202&search_id=114132&scans_id=110198&peptide_id=33957&scanf=41578&charge=3&value=1,R.IIGLDQVAGMSETALPGAFK.T,/core/www/modules/show_out/show_out_wrapper.php?run_id=110202&search_id=114132&scans_id=110198&peptide_id=33957&scanf=41578&charge=3&value=R.IIGLDQVAGMSETALPGAFK.T,MYH9,8.820e+6,3.215,0.002,2.726,0.000
41580,4,"  7.968","  0.759",32/216,/core/www/modules//sdig/index.php?run_id=110202&search_id=114132&scans_id=110198&peptide_id=33959&scanf=41580&charge=4&value=32/216,sp|P06576|ATPB_HUMAN,/core/www/modules//consensus/?run_id=110202&search_id=114132&scans_id=110198&peptide_id=33959&scanf=41580&charge=4&value=sp|P06576|ATPB_HUMAN,2,/core/www/modules/match_peptides/blast_html4.php?run_id=110202&search_id=114132&scans_id=110198&peptide_id=33959&scanf=41580&charge=4&value=2,K.KGSITSVQAIYVPADDLTDPAPATTFAHLDATTVLSR.A,/core/www/modules/show_out/show_out_wrapper.php?run_id=110202&search_id=114132&scans_id=110198&peptide_id=33959&scanf=41580&charge=4&value=K.KGSITSVQAIYVPADDLTDPAPATTFAHLDATTVLSR.A,ATP5F1B,1.624e+6,3.534,0.001,3.199,0.000
41581,3,"  6.180","  0.629",21/96,/core/www/modules//sdig/index.php?run_id=110202&search_id=114132&scans_id=110198&peptide_id=33960&scanf=41581&charge=3&value=21/96,sp|Q14980|NUMA1_HUMAN,/core/www/modules//consensus/?run_id=110202&search_id=114132&scans_id=110198&peptide_id=33960&scanf=41581&charge=3&value=sp|Q14980|NUMA1_HUMAN,1,/core/www/modules/match_peptides/blast_html4.php?run_id=110202&search_id=114132&scans_id=110198&peptide_id=33960&scanf=41581&charge=3&value=1,K.EQALSTLQLEHTSTQALVSELLPAK.H,/core/www/modules/show_out/show_out_wrapper.php?run_id=110202&search_id=114132&scans_id=110198&peptide_id=33960&scanf=41581&charge=3&value=K.EQALSTLQLEHTSTQALVSELLPAK.H,NUMA1,7.087e+6,3.426,0.001,3.038,0.000
41586,3,"  4.117","  0.532",14/88,/core/www/modules//sdig/index.php?run_id=110202&search_id=114132&scans_id=110198&peptide_id=33965&scanf=41586&charge=3&value=14/88,tr|F2Z3J9|F2Z3J9_HUMAN,/core/www/modules//consensus/?run_id=110202&search_id=114132&scans_id=110198&peptide_id=33965&scanf=41586&charge=3&value=tr|F2Z3J9|F2Z3J9_HUMAN,1,/core/www/modules/match_peptides/blast_html4.php?run_id=110202&search_id=114132&scans_id=110198&peptide_id=33965&scanf=41586&charge=3&value=1,K.GGETVMVNAAAGAVGSVVGQIAK.L,/core/www/modules/show_out/show_out_wrapper.php?run_id=110202&search_id=114132&scans_id=110198&peptide_id=33965&scanf=41586&charge=3&value=K.GGETVMVNAAAGAVGSVVGQIAK.L,PTGR1,1.547e+6,2.798,0.008,2.110,0.000
41588,3,"  6.668","  0.740",25/124,/core/www/modules//sdig/index.php?run_id=110202&search_id=114132&scans_id=110198&peptide_id=33967&scanf=41588&charge=3&value=25/124,sp|P08651|NFIC_HUMAN,/core/www/modules//consensus/?run_id=110202&search_id=114132&scans_id=110198&peptide_id=33967&scanf=41588&charge=3&value=sp|P08651|NFIC_HUMAN,1,/core/www/modules/match_peptides/blast_html4.php?run_id=110202&search_id=114132&scans_id=110198&peptide_id=33967&scanf=41588&charge=3&value=1,R.TPVVTGTGPNFSLGELQGHLAYDLNPASTGLR.R,/core/www/modules/show_out/show_out_wrapper.php?run_id=110202&search_id=114132&scans_id=110198&peptide_id=33967&scanf=41588&charge=3&value=R.TPVVTGTGPNFSLGELQGHLAYDLNPASTGLR.R,NFIC,1.312e+6,3.308,0.001,2.864,0.000
41601,2,"  1.844","  0.360",10/18,/core/www/modules//sdig/index.php?run_id=110202&search_id=114132&scans_id=110198&peptide_id=33981&scanf=41601&charge=2&value=10/18,sp|P46939|UTRN_HUMAN,/core/www/modules//consensus/?run_id=110202&search_id=114132&scans_id=110198&peptide_id=33981&scanf=41601&charge=2&value=sp|P46939|UTRN_HUMAN,1,/core/www/modules/match_peptides/blast_html4.php?run_id=110202&search_id=114132&scans_id=110198&peptide_id=33981&scanf=41601&charge=2&value=1,R.LLMSLEELIK.W,/core/www/modules/show_out/show_out_wrapper.php?run_id=110202&search_id=114132&scans_id=110198&peptide_id=33981&scanf=41601&charge=2&value=R.LLMSLEELIK.W,UTRN,4.267e+6,2.743,0.009,2.030,0.000
41602,2,"  2.877","  0.557",13/22,/core/www/modules//sdig/index.php?run_id=110202&search_id=114132&scans_id=110198&peptide_id=33982&scanf=41602&charge=2&value=13/22,sp|P12956|XRCC6_HUMAN,/core/www/modules//consensus/?run_id=110202&search_id=114132&scans_id=110198&peptide_id=33982&scanf=41602&charge=2&value=sp|P12956|XRCC6_HUMAN,1,/core/www/modules/match_peptides/blast_html4.php?run_id=110202&search_id=114132&scans_id=110198&peptide_id=33982&scanf=41602&charge=2&value=1,R.DLLAVVFYGTEK.D,/core/www/modules/show_out/show_out_wrapper.php?run_id=110202&search_id=114132&scans_id=110198&peptide_id=33982&scanf=41602&charge=2&value=R.DLLAVVFYGTEK.D,XRCC6,1.802e+7,3.516,0.001,3.172,0.000
41608,2,"  4.190","  0.779",20/38,/core/www/modules//sdig/index.php?run_id=110202&search_id=114132&scans_id=110198&peptide_id=33988&scanf=41608&charge=2&value=20/38,sp|O95602|RPA1_HUMAN,/core/www/modules//consensus/?run_id=110202&search_id=114132&scans_id=110198&peptide_id=33988&scanf=41608&charge=2&value=sp|O95602|RPA1_HUMAN,1,/core/www/modules/match_peptides/blast_html4.php?run_id=110202&search_id=114132&scans_id=110198&peptide_id=33988&scanf=41608&charge=2&value=1,R.DSDGSVVQFLYGEDGLDIPK.T,/core/www/modules/show_out/show_out_wrapper.php?run_id=110202&search_id=114132&scans_id=110198&peptide_id=33988&scanf=41608&charge=2&value=R.DSDGSVVQFLYGEDGLDIPK.T,POLR1A,1.209e+6,3.871,0.000,3.698,0.000
41609,2,"  2.596","  0.562",10/26,/core/www/modules//sdig/index.php?run_id=110202&search_id=114132&scans_id=110198&peptide_id=33989&scanf=41609&charge=2&value=10/26,sp|Q9BRJ7|TIRR_HUMAN,/core/www/modules//consensus/?run_id=110202&search_id=114132&scans_id=110198&peptide_id=33989&scanf=41609&charge=2&value=sp|Q9BRJ7|TIRR_HUMAN,3,/core/www/modules/match_peptides/blast_html4.php?run_id=110202&search_id=114132&scans_id=110198&peptide_id=33989&scanf=41609&charge=2&value=3,R.FDGLLGFPGGFVDR.R,/core/www/modules/show_out/show_out_wrapper.php?run_id=110202&search_id=114132&scans_id=110198&peptide_id=33989&scanf=41609&charge=2&value=R.FDGLLGFPGGFVDR.R,NUDT16L1,1.953e+6,2.901,0.005,2.262,0.000
41610,3,"  4.716","  0.660",18/84,/core/www/modules//sdig/index.php?run_id=110202&search_id=114132&scans_id=110198&peptide_id=33991&scanf=41610&charge=3&value=18/84,sp|P61011|SRP54_HUMAN,/core/www/modules//consensus/?run_id=110202&search_id=114132&scans_id=110198&peptide_id=33991&scanf=41610&charge=3&value=sp|P61011|SRP54_HUMAN,6,/core/www/modules/match_peptides/blast_html4.php?run_id=110202&search_id=114132&scans_id=110198&peptide_id=33991&scanf=41610&charge=3&value=6,R.IPFYGSYTEMDPVIIASEGVEK.F,/core/www/modules/show_out/show_out_wrapper.php?run_id=110202&search_id=114132&scans_id=110198&peptide_id=33991&scanf=41610&charge=3&value=R.IPFYGSYTEMDPVIIASEGVEK.F,SRP54,2.771e+6,3.384,0.001,2.976,0.000
41611,3,"  6.095","  0.736",23/92,/core/www/modules//sdig/index.php?run_id=110202&search_id=114132&scans_id=110198&peptide_id=33992&scanf=41611&charge=3&value=23/92,sp|Q8WWY3|PRP31_HUMAN,/core/www/modules//consensus/?run_id=110202&search_id=114132&scans_id=110198&peptide_id=33992&scanf=41611&charge=3&value=sp|Q8WWY3|PRP31_HUMAN,1,/core/www/modules/match_peptides/blast_html4.php?run_id=110202&search_id=114132&scans_id=110198&peptide_id=33992&scanf=41611&charge=3&value=1,R.MSFGEIEEDAYQEDLGFSLGHLGK.S,/core/www/modules/show_out/show_out_wrapper.php?run_id=110202&search_id=114132&scans_id=110198&peptide_id=33992&scanf=41611&charge=3&value=R.MSFGEIEEDAYQEDLGFSLGHLGK.S,PRPF31,1.701e+6,3.515,0.001,3.171,0.000
41618,3,"  5.152","  0.594",20/96,/core/www/modules//sdig/index.php?run_id=110202&search_id=114132&scans_id=110198&peptide_id=33999&scanf=41618&charge=3&value=20/96,sp|Q6DD88|ATLA3_HUMAN,/core/www/modules//consensus/?run_id=110202&search_id=114132&scans_id=110198&peptide_id=33999&scanf=41618&charge=3&value=sp|Q6DD88|ATLA3_HUMAN,1,/core/www/modules/match_peptides/blast_html4.php?run_id=110202&search_id=114132&scans_id=110198&peptide_id=33999&scanf=41618&charge=3&value=1,R.GGSDPETTGIQIWSEVFTVEKPGGK.K,/core/www/modules/show_out/show_out_wrapper.php?run_id=110202&search_id=114132&scans_id=110198&peptide_id=33999&scanf=41618&charge=3&value=R.GGSDPETTGIQIWSEVFTVEKPGGK.K,ATL3,2.073e+6,3.011,0.004,2.424,0.000
41620,3,"  2.986","  0.554",17/56,/core/www/modules//sdig/index.php?run_id=110202&search_id=114132&scans_id=110198&peptide_id=34001&scanf=41620&charge=3&value=17/56,sp|P49756|RBM25_HUMAN,/core/www/modules//consensus/?run_id=110202&search_id=114132&scans_id=110198&peptide_id=34001&scanf=41620&charge=3&value=sp|P49756|RBM25_HUMAN,1,/core/www/modules/match_peptides/blast_html4.php?run_id=110202&search_id=114132&scans_id=110198&peptide_id=34001&scanf=41620&charge=3&value=1,R.RFPVAPLIPYPLITK.E,/core/www/modules/show_out/show_out_wrapper.php?run_id=110202&search_id=114132&scans_id=110198&peptide_id=34001&scanf=41620&charge=3&value=R.RFPVAPLIPYPLITK.E,RBM25,1.443e+7,2.999,0.004,2.407,0.000
41623,3,"  4.385","  0.615",20/72,/core/www/modules//sdig/index.php?run_id=110202&search_id=114132&scans_id=110198&peptide_id=34003&scanf=41623&charge=3&value=20/72,sp|P62258|1433E_HUMAN,/core/www/modules//consensus/?run_id=110202&search_id=114132&scans_id=110198&peptide_id=34003&scanf=41623&charge=3&value=sp|P62258|1433E_HUMAN,1,/core/www/modules/match_peptides/blast_html4.php?run_id=110202&search_id=114132&scans_id=110198&peptide_id=34003&scanf=41623&charge=3&value=1,K.AAFDDAIAELDTLSEESYK.D,/core/www/modules/show_out/show_out_wrapper.php?run_id=110202&search_id=114132&scans_id=110198&peptide_id=34003&scanf=41623&charge=3&value=K.AAFDDAIAELDTLSEESYK.D,YWHAE,2.190e+7,3.366,0.001,2.949,0.000
41625,3,"  3.378","  0.339",18/80,/core/www/modules//sdig/index.php?run_id=110202&search_id=114132&scans_id=110198&peptide_id=34005&scanf=41625&charge=3&value=18/80,sp|Q99832|TCPH_HUMAN,/core/www/modules//consensus/?run_id=110202&search_id=114132&scans_id=110198&peptide_id=34005&scanf=41625&charge=3&value=sp|Q99832|TCPH_HUMAN,0,/core/www/modules/match_peptides/blast_html4.php?run_id=110202&search_id=114132&scans_id=110198&peptide_id=34005&scanf=41625&charge=3&value=0,R.VHTVEDYQAIVDAEWNILYDK.L,/core/www/modules/show_out/show_out_wrapper.php?run_id=110202&search_id=114132&scans_id=110198&peptide_id=34005&scanf=41625&charge=3&value=R.VHTVEDYQAIVDAEWNILYDK.L,CCT7,1.641e+6,2.214,0.054,1.265,0.002
41627,3,"  2.268","  0.371",15/72,/core/www/modules//sdig/index.php?run_id=110202&search_id=114132&scans_id=110198&peptide_id=34007&scanf=41627&charge=3&value=15/72,sp|Q9Y2R4|DDX52_HUMAN,/core/www/modules//consensus/?run_id=110202&search_id=114132&scans_id=110198&peptide_id=34007&scanf=41627&charge=3&value=sp|Q9Y2R4|DDX52_HUMAN,3,/core/www/modules/match_peptides/blast_html4.php?run_id=110202&search_id=114132&scans_id=110198&peptide_id=34007&scanf=41627&charge=3&value=3,R.KYDFDSSEVLQGLDFFGNK.K,/core/www/modules/show_out/show_out_wrapper.php?run_id=110202&search_id=114132&scans_id=110198&peptide_id=34007&scanf=41627&charge=3&value=R.KYDFDSSEVLQGLDFFGNK.K,DDX52,1.523e+6,2.115,0.075,1.127,0.002
41628,2,"  3.203","  0.615",16/20,/core/www/modules//sdig/index.php?run_id=110202&search_id=114132&scans_id=110198&peptide_id=34008&scanf=41628&charge=2&value=16/20,sp|Q9BQG0|MBB1A_HUMAN,/core/www/modules//consensus/?run_id=110202&search_id=114132&scans_id=110198&peptide_id=34008&scanf=41628&charge=2&value=sp|Q9BQG0|MBB1A_HUMAN,1,/core/www/modules/match_peptides/blast_html4.php?run_id=110202&search_id=114132&scans_id=110198&peptide_id=34008&scanf=41628&charge=2&value=1,R.VLDLVEVLVTK.Q,/core/www/modules/show_out/show_out_wrapper.php?run_id=110202&search_id=114132&scans_id=110198&peptide_id=34008&scanf=41628&charge=2&value=R.VLDLVEVLVTK.Q,MYBBP1A,5.708e+7,4.057,0.000,3.973,0.000
41631,2,"  3.123","  0.483",15/28,/core/www/modules//sdig/index.php?run_id=110202&search_id=114132&scans_id=110198&peptide_id=34012&scanf=41631&charge=2&value=15/28,sp|Q14683|SMC1A_HUMAN,/core/www/modules//consensus/?run_id=110202&search_id=114132&scans_id=110198&peptide_id=34012&scanf=41631&charge=2&value=sp|Q14683|SMC1A_HUMAN,1,/core/www/modules/match_peptides/blast_html4.php?run_id=110202&search_id=114132&scans_id=110198&peptide_id=34012&scanf=41631&charge=2&value=1,R.NFLVFQGAVESIAMK.N,/core/www/modules/show_out/show_out_wrapper.php?run_id=110202&search_id=114132&scans_id=110198&peptide_id=34012&scanf=41631&charge=2&value=R.NFLVFQGAVESIAMK.N,SMC1A,3.854e+6,2.979,0.004,2.377,0.000
41632,3,"  3.750","  0.622",16/52,/core/www/modules//sdig/index.php?run_id=110202&search_id=114132&scans_id=110198&peptide_id=34013&scanf=41632&charge=3&value=16/52,sp|P25205|MCM3_HUMAN,/core/www/modules//consensus/?run_id=110202&search_id=114132&scans_id=110198&peptide_id=34013&scanf=41632&charge=3&value=sp|P25205|MCM3_HUMAN,2,/core/www/modules/match_peptides/blast_html4.php?run_id=110202&search_id=114132&scans_id=110198&peptide_id=34013&scanf=41632&charge=3&value=2,R.LLNNAFEELVAFQR.A,/core/www/modules/show_out/show_out_wrapper.php?run_id=110202&search_id=114132&scans_id=110198&peptide_id=34013&scanf=41632&charge=3&value=R.LLNNAFEELVAFQR.A,MCM3,5.399e+6,3.636,0.000,3.349,0.000
41633,2,"  2.897","  0.550",12/24,/core/www/modules//sdig/index.php?run_id=110202&search_id=114132&scans_id=110198&peptide_id=34014&scanf=41633&charge=2&value=12/24,sp|Q9NU22|MDN1_HUMAN,/core/www/modules//consensus/?run_id=110202&search_id=114132&scans_id=110198&peptide_id=34014&scanf=41633&charge=2&value=sp|Q9NU22|MDN1_HUMAN,0,/core/www/modules/match_peptides/blast_html4.php?run_id=110202&search_id=114132&scans_id=110198&peptide_id=34014&scanf=41633&charge=2&value=0,K.TSLVEYLAAVTGR.T,/core/www/modules/show_out/show_out_wrapper.php?run_id=110202&search_id=114132&scans_id=110198&peptide_id=34014&scanf=41633&charge=2&value=K.TSLVEYLAAVTGR.T,MDN1,6.947e+6,3.114,0.003,2.576,0.000
41641,3,"  5.157","  0.233",20/112,/core/www/modules//sdig/index.php?run_id=110202&search_id=114132&scans_id=110198&peptide_id=34023&scanf=41641&charge=3&value=20/112,sp|Q6P2Q9|PRP8_HUMAN,/core/www/modules//consensus/?run_id=110202&search_id=114132&scans_id=110198&peptide_id=34023&scanf=41641&charge=3&value=sp|Q6P2Q9|PRP8_HUMAN,0,/core/www/modules/match_peptides/blast_html4.php?run_id=110202&search_id=114132&scans_id=110198&peptide_id=34023&scanf=41641&charge=3&value=0,R.ASEM*AGPPQMPNDFLSFQDIATEAAHPIR.L,/core/www/modules/show_out/show_out_wrapper.php?run_id=110202&search_id=114132&scans_id=110198&peptide_id=34023&scanf=41641&charge=3&value=R.ASEM*AGPPQMPNDFLSFQDIATEAAHPIR.L,PRPF8,6.158e+5,3.283,0.001,2.827,0.000
41644,2,"  4.222","  0.554",16/32,/core/www/modules//sdig/index.php?run_id=110202&search_id=114132&scans_id=110198&peptide_id=34025&scanf=41644&charge=2&value=16/32,sp|P55072|TERA_HUMAN,/core/www/modules//consensus/?run_id=110202&search_id=114132&scans_id=110198&peptide_id=34025&scanf=41644&charge=2&value=sp|P55072|TERA_HUMAN,7,/core/www/modules/match_peptides/blast_html4.php?run_id=110202&search_id=114132&scans_id=110198&peptide_id=34025&scanf=41644&charge=2&value=7,K.GPELLTM*WFGESEANVR.E,/core/www/modules/show_out/show_out_wrapper.php?run_id=110202&search_id=114132&scans_id=110198&peptide_id=34025&scanf=41644&charge=2&value=K.GPELLTM*WFGESEANVR.E,VCP,8.964e+6,3.096,0.003,2.550,0.000
41645,3,"  3.948","  0.380",11/104,/core/www/modules//sdig/index.php?run_id=110202&search_id=114132&scans_id=110198&peptide_id=34026&scanf=41645&charge=3&value=11/104,sp|Q12905|ILF2_HUMAN,/core/www/modules//consensus/?run_id=110202&search_id=114132&scans_id=110198&peptide_id=34026&scanf=41645&charge=3&value=sp|Q12905|ILF2_HUMAN,1,/core/www/modules/match_peptides/blast_html4.php?run_id=110202&search_id=114132&scans_id=110198&peptide_id=34026&scanf=41645&charge=3&value=1,R.AQDPSEVLTM*LTNETGFEISSSDATVK.I,/core/www/modules/show_out/show_out_wrapper.php?run_id=110202&search_id=114132&scans_id=110198&peptide_id=34026&scanf=41645&charge=3&value=R.AQDPSEVLTM*LTNETGFEISSSDATVK.I,ILF2,2.538e+6,1.836,0.173,0.763,0.009
41648,2,"  2.237","  0.362",11/12,/core/www/modules//sdig/index.php?run_id=110202&search_id=114132&scans_id=110198&peptide_id=34029&scanf=41648&charge=2&value=11/12,sp|P04908|H2A1B_HUMAN,/core/www/modules//consensus/?run_id=110202&search_id=114132&scans_id=110198&peptide_id=34029&scanf=41648&charge=2&value=sp|P04908|H2A1B_HUMAN,20,/core/www/modules/match_peptides/blast_html4.php?run_id=110202&search_id=114132&scans_id=110198&peptide_id=34029&scanf=41648&charge=2&value=20,R.HLQLAIR.N,/core/www/modules/show_out/show_out_wrapper.php?run_id=110202&search_id=114132&scans_id=110198&peptide_id=34029&scanf=41648&charge=2&value=R.HLQLAIR.N,H2AC8,4.853e+6,3.530,0.001,3.192,0.000
41649,3,"  4.275","  0.366",18/64,/core/www/modules//sdig/index.php?run_id=110202&search_id=114132&scans_id=110198&peptide_id=34030&scanf=41649&charge=3&value=18/64,sp|P78358|CTG1B_HUMAN,/core/www/modules//consensus/?run_id=110202&search_id=114132&scans_id=110198&peptide_id=34030&scanf=41649&charge=3&value=sp|P78358|CTG1B_HUMAN,1,/core/www/modules/match_peptides/blast_html4.php?run_id=110202&search_id=114132&scans_id=110198&peptide_id=34030&scanf=41649&charge=3&value=1,R.SLAQDAPPLPVPGVLLK.E,/core/www/modules/show_out/show_out_wrapper.php?run_id=110202&search_id=114132&scans_id=110198&peptide_id=34030&scanf=41649&charge=3&value=R.SLAQDAPPLPVPGVLLK.E,CTAG1B,2.871e+6,2.626,0.014,1.858,0.000
41652,3,"  2.186","  0.374",13/44,/core/www/modules//sdig/index.php?run_id=110202&search_id=114132&scans_id=110198&peptide_id=34034&scanf=41652&charge=3&value=13/44,sp|P46100|ATRX_HUMAN,/core/www/modules//consensus/?run_id=110202&search_id=114132&scans_id=110198&peptide_id=34034&scanf=41652&charge=3&value=sp|P46100|ATRX_HUMAN,1,/core/www/modules/match_peptides/blast_html4.php?run_id=110202&search_id=114132&scans_id=110198&peptide_id=34034&scanf=41652&charge=3&value=1,K.DTILAELLQIHK.E,/core/www/modules/show_out/show_out_wrapper.php?run_id=110202&search_id=114132&scans_id=110198&peptide_id=34034&scanf=41652&charge=3&value=K.DTILAELLQIHK.E,ATRX,9.269e+6,2.787,0.008,2.094,0.000
41653,2,"  2.141","  0.486",6/36,/core/www/modules//sdig/index.php?run_id=110202&search_id=114132&scans_id=110198&peptide_id=34035&scanf=41653&charge=2&value=6/36,sp|Q96KQ7|EHMT2_HUMAN,/core/www/modules//consensus/?run_id=110202&search_id=114132&scans_id=110198&peptide_id=34035&scanf=41653&charge=2&value=sp|Q96KQ7|EHMT2_HUMAN,7,/core/www/modules/match_peptides/blast_html4.php?run_id=110202&search_id=114132&scans_id=110198&peptide_id=34035&scanf=41653&charge=2&value=7,R.LDPHPELLPELGSLPPVNT.-,/core/www/modules/show_out/show_out_wrapper.php?run_id=110202&search_id=114132&scans_id=110198&peptide_id=34035&scanf=41653&charge=2&value=R.LDPHPELLPELGSLPPVNT.-,EHMT2,1.498e+6,2.139,0.069,1.161,0.002
41656,3,"  4.186","  0.585",12/88,/core/www/modules//sdig/index.php?run_id=110202&search_id=114132&scans_id=110198&peptide_id=34038&scanf=41656&charge=3&value=12/88,sp|Q14839|CHD4_HUMAN,/core/www/modules//consensus/?run_id=110202&search_id=114132&scans_id=110198&peptide_id=34038&scanf=41656&charge=3&value=sp|Q14839|CHD4_HUMAN,17,/core/www/modules/match_peptides/blast_html4.php?run_id=110202&search_id=114132&scans_id=110198&peptide_id=34038&scanf=41656&charge=3&value=17,R.DLPYDQASWESEDVEIQDYDLFK.Q,/core/www/modules/show_out/show_out_wrapper.php?run_id=110202&search_id=114132&scans_id=110198&peptide_id=34038&scanf=41656&charge=3&value=R.DLPYDQASWESEDVEIQDYDLFK.Q,CHD4,2.225e+6,3.119,0.003,2.584,0.000
41667,2,"  2.622","  0.432",10/24,/core/www/modules//sdig/index.php?run_id=110202&search_id=114132&scans_id=110198&peptide_id=34049&scanf=41667&charge=2&value=10/24,sp|Q15572|TAF1C_HUMAN,/core/www/modules//consensus/?run_id=110202&search_id=114132&scans_id=110198&peptide_id=34049&scanf=41667&charge=2&value=sp|Q15572|TAF1C_HUMAN,0,/core/www/modules/match_peptides/blast_html4.php?run_id=110202&search_id=114132&scans_id=110198&peptide_id=34049&scanf=41667&charge=2&value=0,R.IDSLPAFPLLEPK.I,/core/www/modules/show_out/show_out_wrapper.php?run_id=110202&search_id=114132&scans_id=110198&peptide_id=34049&scanf=41667&charge=2&value=R.IDSLPAFPLLEPK.I,TAF1C,1.587e+6,2.583,0.016,1.795,0.000
41668,3,"  5.348","  0.679",20/56,/core/www/modules//sdig/index.php?run_id=110202&search_id=114132&scans_id=110198&peptide_id=34050&scanf=41668&charge=3&value=20/56,sp|O43242|PSMD3_HUMAN,/core/www/modules//consensus/?run_id=110202&search_id=114132&scans_id=110198&peptide_id=34050&scanf=41668&charge=3&value=sp|O43242|PSMD3_HUMAN,0,/core/www/modules/match_peptides/blast_html4.php?run_id=110202&search_id=114132&scans_id=110198&peptide_id=34050&scanf=41668&charge=3&value=0,R.HDADGQATLLNLLLR.N,/core/www/modules/show_out/show_out_wrapper.php?run_id=110202&search_id=114132&scans_id=110198&peptide_id=34050&scanf=41668&charge=3&value=R.HDADGQATLLNLLLR.N,PSMD3,6.272e+6,3.937,0.000,3.795,0.000
41669,3,"  3.666","  0.467",17/48,/core/www/modules//sdig/index.php?run_id=110202&search_id=114132&scans_id=110198&peptide_id=34051&scanf=41669&charge=3&value=17/48,sp|Q9NU22|MDN1_HUMAN,/core/www/modules//consensus/?run_id=110202&search_id=114132&scans_id=110198&peptide_id=34051&scanf=41669&charge=3&value=sp|Q9NU22|MDN1_HUMAN,0,/core/www/modules/match_peptides/blast_html4.php?run_id=110202&search_id=114132&scans_id=110198&peptide_id=34051&scanf=41669&charge=3&value=0,K.TSLVEYLAAVTGR.T,/core/www/modules/show_out/show_out_wrapper.php?run_id=110202&search_id=114132&scans_id=110198&peptide_id=34051&scanf=41669&charge=3&value=K.TSLVEYLAAVTGR.T,MDN1,4.360e+6,3.453,0.001,3.078,0.000
41671,3,"  3.851","  0.106",19/56,/core/www/modules//sdig/index.php?run_id=110202&search_id=114132&scans_id=110198&peptide_id=34054&scanf=41671&charge=3&value=19/56,sp|O60814|H2B1K_HUMAN,/core/www/modules//consensus/?run_id=110202&search_id=114132&scans_id=110198&peptide_id=34054&scanf=41671&charge=3&value=sp|O60814|H2B1K_HUMAN,14,/core/www/modules/match_peptides/blast_html4.php?run_id=110202&search_id=114132&scans_id=110198&peptide_id=34054&scanf=41671&charge=3&value=14,K.AM*GIMNSFVNDIFER.I,/core/www/modules/show_out/show_out_wrapper.php?run_id=110202&search_id=114132&scans_id=110198&peptide_id=34054&scanf=41671&charge=3&value=K.AM*GIMNSFVNDIFER.I,H2BC12,2.856e+7,3.529,0.001,3.191,0.000
41677,2,"  4.362","  0.651",14/22,/core/www/modules//sdig/index.php?run_id=110202&search_id=114132&scans_id=110198&peptide_id=34060&scanf=41677&charge=2&value=14/22,sp|Q8IX01|SUGP2_HUMAN,/core/www/modules//consensus/?run_id=110202&search_id=114132&scans_id=110198&peptide_id=34060&scanf=41677&charge=2&value=sp|Q8IX01|SUGP2_HUMAN,2,/core/www/modules/match_peptides/blast_html4.php?run_id=110202&search_id=114132&scans_id=110198&peptide_id=34060&scanf=41677&charge=2&value=2,R.VDNEFLNMLLDK.G,/core/www/modules/show_out/show_out_wrapper.php?run_id=110202&search_id=114132&scans_id=110198&peptide_id=34060&scanf=41677&charge=2&value=R.VDNEFLNMLLDK.G,SUGP2,7.825e+6,3.863,0.000,3.687,0.000
41679,3,"  2.097","  0.164",12/48,/core/www/modules//sdig/index.php?run_id=110202&search_id=114132&scans_id=110198&peptide_id=34062&scanf=41679&charge=3&value=12/48,sp|Q9UK61|TASOR_HUMAN,/core/www/modules//consensus/?run_id=110202&search_id=114132&scans_id=110198&peptide_id=34062&scanf=41679&charge=3&value=sp|Q9UK61|TASOR_HUMAN,1,/core/www/modules/match_peptides/blast_html4.php?run_id=110202&search_id=114132&scans_id=110198&peptide_id=34062&scanf=41679&charge=3&value=1,R.LFNWLSETLANAR.H,/core/www/modules/show_out/show_out_wrapper.php?run_id=110202&search_id=114132&scans_id=110198&peptide_id=34062&scanf=41679&charge=3&value=R.LFNWLSETLANAR.H,TASOR,1.427e+6,1.991,0.110,0.960,0.005
41685,2,"  3.630","  0.606",14/22,/core/www/modules//sdig/index.php?run_id=110202&search_id=114132&scans_id=110198&peptide_id=34068&scanf=41685&charge=2&value=14/22,sp|Q8IX01|SUGP2_HUMAN,/core/www/modules//consensus/?run_id=110202&search_id=114132&scans_id=110198&peptide_id=34068&scanf=41685&charge=2&value=sp|Q8IX01|SUGP2_HUMAN,2,/core/www/modules/match_peptides/blast_html4.php?run_id=110202&search_id=114132&scans_id=110198&peptide_id=34068&scanf=41685&charge=2&value=2,R.VDNEFLNMLLDK.G,/core/www/modules/show_out/show_out_wrapper.php?run_id=110202&search_id=114132&scans_id=110198&peptide_id=34068&scanf=41685&charge=2&value=R.VDNEFLNMLLDK.G,SUGP2,7.825e+6,3.676,0.000,3.409,0.000
41688,4,"  3.825","  0.559",19/198,/core/www/modules//sdig/index.php?run_id=110202&search_id=114132&scans_id=110198&peptide_id=34071&scanf=41688&charge=4&value=19/198,sp|Q92804|RBP56_HUMAN,/core/www/modules//consensus/?run_id=110202&search_id=114132&scans_id=110198&peptide_id=34071&scanf=41688&charge=4&value=sp|Q92804|RBP56_HUMAN,1,/core/www/modules/match_peptides/blast_html4.php?run_id=110202&search_id=114132&scans_id=110198&peptide_id=34071&scanf=41688&charge=4&value=1,R.TDADSESDNSDNNTIFVQGLGEGVSTDQVGEFFK.Q,/core/www/modules/show_out/show_out_wrapper.php?run_id=110202&search_id=114132&scans_id=110198&peptide_id=34071&scanf=41688&charge=4&value=R.TDADSESDNSDNNTIFVQGLGEGVSTDQVGEFFK.Q,TAF15,1.476e+6,2.825,0.007,2.150,0.000
41689,3,"  4.367","  0.589",19/76,/core/www/modules//sdig/index.php?run_id=110202&search_id=114132&scans_id=110198&peptide_id=34072&scanf=41689&charge=3&value=19/76,sp|Q9BZE4|GTPB4_HUMAN,/core/www/modules//consensus/?run_id=110202&search_id=114132&scans_id=110198&peptide_id=34072&scanf=41689&charge=3&value=sp|Q9BZE4|GTPB4_HUMAN,0,/core/www/modules/match_peptides/blast_html4.php?run_id=110202&search_id=114132&scans_id=110198&peptide_id=34072&scanf=41689&charge=3&value=0,K.IPEIWEGHNIADYIDPAIMK.K,/core/www/modules/show_out/show_out_wrapper.php?run_id=110202&search_id=114132&scans_id=110198&peptide_id=34072&scanf=41689&charge=3&value=K.IPEIWEGHNIADYIDPAIMK.K,GTPBP4,3.051e+6,3.245,0.002,2.770,0.000
41707,2,"  3.262","  0.474",13/26,/core/www/modules//sdig/index.php?run_id=110202&search_id=114132&scans_id=110198&peptide_id=34091&scanf=41707&charge=2&value=13/26,sp|P15259|PGAM2_HUMAN,/core/www/modules//consensus/?run_id=110202&search_id=114132&scans_id=110198&peptide_id=34091&scanf=41707&charge=2&value=sp|P15259|PGAM2_HUMAN,2,/core/www/modules/match_peptides/blast_html4.php?run_id=110202&search_id=114132&scans_id=110198&peptide_id=34091&scanf=41707&charge=2&value=2,R.ALPFWNEEIVPQIK.A,/core/www/modules/show_out/show_out_wrapper.php?run_id=110202&search_id=114132&scans_id=110198&peptide_id=34091&scanf=41707&charge=2&value=R.ALPFWNEEIVPQIK.A,PGAM2,1.502e+7,2.807,0.008,2.123,0.000
41714,2,"  3.719","  0.240",14/26,/core/www/modules//sdig/index.php?run_id=110202&search_id=114132&scans_id=110198&peptide_id=34099&scanf=41714&charge=2&value=14/26,sp|Q9UNX4|WDR3_HUMAN,/core/www/modules//consensus/?run_id=110202&search_id=114132&scans_id=110198&peptide_id=34099&scanf=41714&charge=2&value=sp|Q9UNX4|WDR3_HUMAN,0,/core/www/modules/match_peptides/blast_html4.php?run_id=110202&search_id=114132&scans_id=110198&peptide_id=34099&scanf=41714&charge=2&value=0,R.DVIGFNMAGLDYLK.R,/core/www/modules/show_out/show_out_wrapper.php?run_id=110202&search_id=114132&scans_id=110198&peptide_id=34099&scanf=41714&charge=2&value=R.DVIGFNMAGLDYLK.R,WDR3,1.964e+6,1.986,0.111,0.954,0.005
41715,2,"  3.054","  0.409",12/22,/core/www/modules//sdig/index.php?run_id=110202&search_id=114132&scans_id=110198&peptide_id=34100&scanf=41715&charge=2&value=12/22,sp|P61225|RAP2B_HUMAN,/core/www/modules//consensus/?run_id=110202&search_id=114132&scans_id=110198&peptide_id=34100&scanf=41715&charge=2&value=sp|P61225|RAP2B_HUMAN,0,/core/www/modules/match_peptides/blast_html4.php?run_id=110202&search_id=114132&scans_id=110198&peptide_id=34100&scanf=41715&charge=2&value=0,K.ASVDELFAEIVR.Q,/core/www/modules/show_out/show_out_wrapper.php?run_id=110202&search_id=114132&scans_id=110198&peptide_id=34100&scanf=41715&charge=2&value=K.ASVDELFAEIVR.Q,RAP2B,2.124e+6,2.678,0.012,1.934,0.000
41723,2,"  1.649","  0.404",8/14,/core/www/modules//sdig/index.php?run_id=110202&search_id=114132&scans_id=110198&peptide_id=34109&scanf=41723&charge=2&value=8/14,sp|P57678|GEMI4_HUMAN,/core/www/modules//consensus/?run_id=110202&search_id=114132&scans_id=110198&peptide_id=34109&scanf=41723&charge=2&value=sp|P57678|GEMI4_HUMAN,1,/core/www/modules/match_peptides/blast_html4.php?run_id=110202&search_id=114132&scans_id=110198&peptide_id=34109&scanf=41723&charge=2&value=1,K.EFVLPFLR.L,/core/www/modules/show_out/show_out_wrapper.php?run_id=110202&search_id=114132&scans_id=110198&peptide_id=34109&scanf=41723&charge=2&value=K.EFVLPFLR.L,GEMIN4,1.577e+6,2.910,0.005,2.275,0.000
41727,3,"  6.747","  0.744",24/84,/core/www/modules//sdig/index.php?run_id=110202&search_id=114132&scans_id=110198&peptide_id=34112&scanf=41727&charge=3&value=24/84,sp|Q9UHX1|PUF60_HUMAN,/core/www/modules//consensus/?run_id=110202&search_id=114132&scans_id=110198&peptide_id=34112&scanf=41727&charge=3&value=sp|Q9UHX1|PUF60_HUMAN,9,/core/www/modules/match_peptides/blast_html4.php?run_id=110202&search_id=114132&scans_id=110198&peptide_id=34112&scanf=41727&charge=3&value=9,K.AQSSQDAVSSMNLFDLGGQYLR.V,/core/www/modules/show_out/show_out_wrapper.php?run_id=110202&search_id=114132&scans_id=110198&peptide_id=34112&scanf=41727&charge=3&value=K.AQSSQDAVSSMNLFDLGGQYLR.V,PUF60,6.249e+6,3.905,0.000,3.749,0.000
41735,4,"  3.660","  0.419",19/120,/core/www/modules//sdig/index.php?run_id=110202&search_id=114132&scans_id=110198&peptide_id=34121&scanf=41735&charge=4&value=19/120,sp|Q14697|GANAB_HUMAN,/core/www/modules//consensus/?run_id=110202&search_id=114132&scans_id=110198&peptide_id=34121&scanf=41735&charge=4&value=sp|Q14697|GANAB_HUMAN,2,/core/www/modules/match_peptides/blast_html4.php?run_id=110202&search_id=114132&scans_id=110198&peptide_id=34121&scanf=41735&charge=4&value=2,K.HHGPQTLYLPVTLSSIPVFQR.G,/core/www/modules/show_out/show_out_wrapper.php?run_id=110202&search_id=114132&scans_id=110198&peptide_id=34121&scanf=41735&charge=4&value=K.HHGPQTLYLPVTLSSIPVFQR.G,GANAB,1.434e+6,2.893,0.006,2.249,0.000
41741,3,"  7.352","  0.748",27/112,/core/www/modules//sdig/index.php?run_id=110202&search_id=114132&scans_id=110198&peptide_id=34128&scanf=41741&charge=3&value=27/112,sp|Q13813|SPTN1_HUMAN,/core/www/modules//consensus/?run_id=110202&search_id=114132&scans_id=110198&peptide_id=34128&scanf=41741&charge=3&value=sp|Q13813|SPTN1_HUMAN,2,/core/www/modules/match_peptides/blast_html4.php?run_id=110202&search_id=114132&scans_id=110198&peptide_id=34128&scanf=41741&charge=3&value=2,K.VAEDLESEGLMAEEVQAVQQQEVYGMMPR.D,/core/www/modules/show_out/show_out_wrapper.php?run_id=110202&search_id=114132&scans_id=110198&peptide_id=34128&scanf=41741&charge=3&value=K.VAEDLESEGLMAEEVQAVQQQEVYGMMPR.D,SPTAN1,7.330e+5,3.704,0.000,3.451,0.000
41744,3,"  5.392","  0.598",16/92,/core/www/modules//sdig/index.php?run_id=110202&search_id=114132&scans_id=110198&peptide_id=34131&scanf=41744&charge=3&value=16/92,sp|Q14137|BOP1_HUMAN,/core/www/modules//consensus/?run_id=110202&search_id=114132&scans_id=110198&peptide_id=34131&scanf=41744&charge=3&value=sp|Q14137|BOP1_HUMAN,1,/core/www/modules/match_peptides/blast_html4.php?run_id=110202&search_id=114132&scans_id=110198&peptide_id=34131&scanf=41744&charge=3&value=1,R.NTVGNVPLEWYDDFPHVGYDLDGR.R,/core/www/modules/show_out/show_out_wrapper.php?run_id=110202&search_id=114132&scans_id=110198&peptide_id=34131&scanf=41744&charge=3&value=R.NTVGNVPLEWYDDFPHVGYDLDGR.R,BOP1,6.185e+5,3.082,0.003,2.529,0.000
41748,3,"  3.881","  0.637",19/68,/core/www/modules//sdig/index.php?run_id=110202&search_id=114132&scans_id=110198&peptide_id=34134&scanf=41748&charge=3&value=19/68,sp|Q92499|DDX1_HUMAN,/core/www/modules//consensus/?run_id=110202&search_id=114132&scans_id=110198&peptide_id=34134&scanf=41748&charge=3&value=sp|Q92499|DDX1_HUMAN,6,/core/www/modules/match_peptides/blast_html4.php?run_id=110202&search_id=114132&scans_id=110198&peptide_id=34134&scanf=41748&charge=3&value=6,K.EAQTSFLHLGYLPNQLFR.T,/core/www/modules/show_out/show_out_wrapper.php?run_id=110202&search_id=114132&scans_id=110198&peptide_id=34134&scanf=41748&charge=3&value=K.EAQTSFLHLGYLPNQLFR.T,DDX1,4.067e+6,3.267,0.002,2.803,0.000
41749,2,"  3.311","  0.597",14/22,/core/www/modules//sdig/index.php?run_id=110202&search_id=114132&scans_id=110198&peptide_id=34135&scanf=41749&charge=2&value=14/22,sp|P61978|HNRPK_HUMAN,/core/www/modules//consensus/?run_id=110202&search_id=114132&scans_id=110198&peptide_id=34135&scanf=41749&charge=2&value=sp|P61978|HNRPK_HUMAN,1,/core/www/modules/match_peptides/blast_html4.php?run_id=110202&search_id=114132&scans_id=110198&peptide_id=34135&scanf=41749&charge=2&value=1,K.IILDLISESPIK.G,/core/www/modules/show_out/show_out_wrapper.php?run_id=110202&search_id=114132&scans_id=110198&peptide_id=34135&scanf=41749&charge=2&value=K.IILDLISESPIK.G,HNRNPK,4.332e+8,3.792,0.000,3.582,0.000
41750,2,"  4.003","  0.683",17/32,/core/www/modules//sdig/index.php?run_id=110202&search_id=114132&scans_id=110198&peptide_id=34137&scanf=41750&charge=2&value=17/32,sp|P62701|RS4X_HUMAN,/core/www/modules//consensus/?run_id=110202&search_id=114132&scans_id=110198&peptide_id=34137&scanf=41750&charge=2&value=sp|P62701|RS4X_HUMAN,0,/core/www/modules/match_peptides/blast_html4.php?run_id=110202&search_id=114132&scans_id=110198&peptide_id=34137&scanf=41750&charge=2&value=0,R.TDITYPAGFMDVISIDK.T,/core/www/modules/show_out/show_out_wrapper.php?run_id=110202&search_id=114132&scans_id=110198&peptide_id=34137&scanf=41750&charge=2&value=R.TDITYPAGFMDVISIDK.T,RPS4X,5.955e+7,3.606,0.000,3.305,0.000
41751,2,"  4.103","  0.633",15/28,/core/www/modules//sdig/index.php?run_id=110202&search_id=114132&scans_id=110198&peptide_id=34138&scanf=41751&charge=2&value=15/28,sp|O60814|H2B1K_HUMAN,/core/www/modules//consensus/?run_id=110202&search_id=114132&scans_id=110198&peptide_id=34138&scanf=41751&charge=2&value=sp|O60814|H2B1K_HUMAN,14,/core/www/modules/match_peptides/blast_html4.php?run_id=110202&search_id=114132&scans_id=110198&peptide_id=34138&scanf=41751&charge=2&value=14,K.AMGIMNSFVNDIFER.I,/core/www/modules/show_out/show_out_wrapper.php?run_id=110202&search_id=114132&scans_id=110198&peptide_id=34138&scanf=41751&charge=2&value=K.AMGIMNSFVNDIFER.I,H2BC12,6.867e+6,3.683,0.000,3.420,0.000
41752,3,"  2.654","  0.366",11/80,/core/www/modules//sdig/index.php?run_id=110202&search_id=114132&scans_id=110198&peptide_id=34139&scanf=41752&charge=3&value=11/80,sp|Q9UI10|EI2BD_HUMAN,/core/www/modules//consensus/?run_id=110202&search_id=114132&scans_id=110198&peptide_id=34139&scanf=41752&charge=3&value=sp|Q9UI10|EI2BD_HUMAN,1,/core/www/modules/match_peptides/blast_html4.php?run_id=110202&search_id=114132&scans_id=110198&peptide_id=34139&scanf=41752&charge=3&value=1,R.QNSLTQFMSIPSSVIHPAMVR.L,/core/www/modules/show_out/show_out_wrapper.php?run_id=110202&search_id=114132&scans_id=110198&peptide_id=34139&scanf=41752&charge=3&value=R.QNSLTQFMSIPSSVIHPAMVR.L,EIF2B4,4.945e+6,2.106,0.077,1.115,0.003
41755,3,"  4.232","  0.656",24/80,/core/www/modules//sdig/index.php?run_id=110202&search_id=114132&scans_id=110198&peptide_id=34142&scanf=41755&charge=3&value=24/80,sp|P16615|AT2A2_HUMAN,/core/www/modules//consensus/?run_id=110202&search_id=114132&scans_id=110198&peptide_id=34142&scanf=41755&charge=3&value=sp|P16615|AT2A2_HUMAN,0,/core/www/modules/match_peptides/blast_html4.php?run_id=110202&search_id=114132&scans_id=110198&peptide_id=34142&scanf=41755&charge=3&value=0,K.DIVPGDIVEIAVGDKVPADIR.L,/core/www/modules/show_out/show_out_wrapper.php?run_id=110202&search_id=114132&scans_id=110198&peptide_id=34142&scanf=41755&charge=3&value=K.DIVPGDIVEIAVGDKVPADIR.L,ATP2A2,1.455e+6,3.146,0.002,2.624,0.000
41757,3,"  3.805","  0.540",14/64,/core/www/modules//sdig/index.php?run_id=110202&search_id=114132&scans_id=110198&peptide_id=34144&scanf=41757&charge=3&value=14/64,sp|Q14004|CDK13_HUMAN,/core/www/modules//consensus/?run_id=110202&search_id=114132&scans_id=110198&peptide_id=34144&scanf=41757&charge=3&value=sp|Q14004|CDK13_HUMAN,8,/core/www/modules/match_peptides/blast_html4.php?run_id=110202&search_id=114132&scans_id=110198&peptide_id=34144&scanf=41757&charge=3&value=8,K.VITLWYRPPELLLGEER.Y,/core/www/modules/show_out/show_out_wrapper.php?run_id=110202&search_id=114132&scans_id=110198&peptide_id=34144&scanf=41757&charge=3&value=K.VITLWYRPPELLLGEER.Y,CDK13,1.413e+6,2.993,0.004,2.398,0.000
41761,3,"  2.901","  0.353",12/68,/core/www/modules//sdig/index.php?run_id=110202&search_id=114132&scans_id=110198&peptide_id=34149&scanf=41761&charge=3&value=12/68,sp|Q96T88|UHRF1_HUMAN,/core/www/modules//consensus/?run_id=110202&search_id=114132&scans_id=110198&peptide_id=34149&scanf=41761&charge=3&value=sp|Q96T88|UHRF1_HUMAN,3,/core/www/modules/match_peptides/blast_html4.php?run_id=110202&search_id=114132&scans_id=110198&peptide_id=34149&scanf=41761&charge=3&value=3,K.LGLTMQYPEGYLEALANR.E,/core/www/modules/show_out/show_out_wrapper.php?run_id=110202&search_id=114132&scans_id=110198&peptide_id=34149&scanf=41761&charge=3&value=K.LGLTMQYPEGYLEALANR.E,UHRF1,1.648e+6,2.324,0.038,1.421,0.001
41763,3,"  2.267","  0.131",9/64,/core/www/modules//sdig/index.php?run_id=110202&search_id=114132&scans_id=110198&peptide_id=34151&scanf=41763&charge=3&value=9/64,sp|P06733|ENOA_HUMAN,/core/www/modules//consensus/?run_id=110202&search_id=114132&scans_id=110198&peptide_id=34151&scanf=41763&charge=3&value=sp|P06733|ENOA_HUMAN,2,/core/www/modules/match_peptides/blast_html4.php?run_id=110202&search_id=114132&scans_id=110198&peptide_id=34151&scanf=41763&charge=3&value=2,K.LAM*QEFMILPVGAANFR.E,/core/www/modules/show_out/show_out_wrapper.php?run_id=110202&search_id=114132&scans_id=110198&peptide_id=34151&scanf=41763&charge=3&value=K.LAM*QEFMILPVGAANFR.E,ENO1,8.414e+5,1.939,0.128,0.893,0.006
41764,3,"  3.559","  0.475",10/80,/core/www/modules//sdig/index.php?run_id=110202&search_id=114132&scans_id=110198&peptide_id=34152&scanf=41764&charge=3&value=10/80,sp|P60709|ACTB_HUMAN,/core/www/modules//consensus/?run_id=110202&search_id=114132&scans_id=110198&peptide_id=34152&scanf=41764&charge=3&value=sp|P60709|ACTB_HUMAN,6,/core/www/modules/match_peptides/blast_html4.php?run_id=110202&search_id=114132&scans_id=110198&peptide_id=34152&scanf=41764&charge=3&value=6,K.DLYANTVLSGGTTMYPGIADR.M,/core/www/modules/show_out/show_out_wrapper.php?run_id=110202&search_id=114132&scans_id=110198&peptide_id=34152&scanf=41764&charge=3&value=K.DLYANTVLSGGTTMYPGIADR.M,ACTB,5.399e+5,3.128,0.003,2.597,0.000
41767,3,"  3.443","  0.626",17/56,/core/www/modules//sdig/index.php?run_id=110202&search_id=114132&scans_id=110198&peptide_id=34155&scanf=41767&charge=3&value=17/56,sp|Q14683|SMC1A_HUMAN,/core/www/modules//consensus/?run_id=110202&search_id=114132&scans_id=110198&peptide_id=34155&scanf=41767&charge=3&value=sp|Q14683|SMC1A_HUMAN,1,/core/www/modules/match_peptides/blast_html4.php?run_id=110202&search_id=114132&scans_id=110198&peptide_id=34155&scanf=41767&charge=3&value=1,R.NFLVFQGAVESIAMK.N,/core/www/modules/show_out/show_out_wrapper.php?run_id=110202&search_id=114132&scans_id=110198&peptide_id=34155&scanf=41767&charge=3&value=R.NFLVFQGAVESIAMK.N,SMC1A,9.224e+5,3.677,0.000,3.410,0.000
41769,2,"  4.440","  0.593",17/26,/core/www/modules//sdig/index.php?run_id=110202&search_id=114132&scans_id=110198&peptide_id=34156&scanf=41769&charge=2&value=17/26,sp|O75691|UTP20_HUMAN,/core/www/modules//consensus/?run_id=110202&search_id=114132&scans_id=110198&peptide_id=34156&scanf=41769&charge=2&value=sp|O75691|UTP20_HUMAN,0,/core/www/modules/match_peptides/blast_html4.php?run_id=110202&search_id=114132&scans_id=110198&peptide_id=34156&scanf=41769&charge=2&value=0,K.GPLSQEALMELFPK.L,/core/www/modules/show_out/show_out_wrapper.php?run_id=110202&search_id=114132&scans_id=110198&peptide_id=34156&scanf=41769&charge=2&value=K.GPLSQEALMELFPK.L,UTP20,3.946e+6,3.699,0.000,3.443,0.000
41772,3,"  3.057","  0.359",10/64,/core/www/modules//sdig/index.php?run_id=110202&search_id=114132&scans_id=110198&peptide_id=34160&scanf=41772&charge=3&value=10/64,sp|Q14004|CDK13_HUMAN,/core/www/modules//consensus/?run_id=110202&search_id=114132&scans_id=110198&peptide_id=34160&scanf=41772&charge=3&value=sp|Q14004|CDK13_HUMAN,8,/core/www/modules/match_peptides/blast_html4.php?run_id=110202&search_id=114132&scans_id=110198&peptide_id=34160&scanf=41772&charge=3&value=8,K.VITLWYRPPELLLGEER.Y,/core/www/modules/show_out/show_out_wrapper.php?run_id=110202&search_id=114132&scans_id=110198&peptide_id=34160&scanf=41772&charge=3&value=K.VITLWYRPPELLLGEER.Y,CDK13,1.413e+6,2.146,0.067,1.171,0.002
41774,3,"  5.949","  0.720",23/80,/core/www/modules//sdig/index.php?run_id=110202&search_id=114132&scans_id=110198&peptide_id=34162&scanf=41774&charge=3&value=23/80,sp|Q92782|DPF1_HUMAN,/core/www/modules//consensus/?run_id=110202&search_id=114132&scans_id=110198&peptide_id=34162&scanf=41774&charge=3&value=sp|Q92782|DPF1_HUMAN,8,/core/www/modules/match_peptides/blast_html4.php?run_id=110202&search_id=114132&scans_id=110198&peptide_id=34162&scanf=41774&charge=3&value=8,K.QQLLEFPHDLEVEDLEDDIPR.R,/core/www/modules/show_out/show_out_wrapper.php?run_id=110202&search_id=114132&scans_id=110198&peptide_id=34162&scanf=41774&charge=3&value=K.QQLLEFPHDLEVEDLEDDIPR.R,DPF1,1.415e+6,3.671,0.000,3.402,0.000
41776,3,"  2.829","  0.451",12/76,/core/www/modules//sdig/index.php?run_id=110202&search_id=114132&scans_id=110198&peptide_id=34164&scanf=41776&charge=3&value=12/76,sp|P52209|6PGD_HUMAN,/core/www/modules//consensus/?run_id=110202&search_id=114132&scans_id=110198&peptide_id=34164&scanf=41776&charge=3&value=sp|P52209|6PGD_HUMAN,2,/core/www/modules/match_peptides/blast_html4.php?run_id=110202&search_id=114132&scans_id=110198&peptide_id=34164&scanf=41776&charge=3&value=2,K.LVPLLDTGDIIIDGGNSEYR.D,/core/www/modules/show_out/show_out_wrapper.php?run_id=110202&search_id=114132&scans_id=110198&peptide_id=34164&scanf=41776&charge=3&value=K.LVPLLDTGDIIIDGGNSEYR.D,PGD,4.835e+6,2.516,0.020,1.697,0.000
41777,2,"  2.981","  0.595",12/26,/core/www/modules//sdig/index.php?run_id=110202&search_id=114132&scans_id=110198&peptide_id=34165&scanf=41777&charge=2&value=12/26,sp|Q9NXF1|TEX10_HUMAN,/core/www/modules//consensus/?run_id=110202&search_id=114132&scans_id=110198&peptide_id=34165&scanf=41777&charge=2&value=sp|Q9NXF1|TEX10_HUMAN,0,/core/www/modules/match_peptides/blast_html4.php?run_id=110202&search_id=114132&scans_id=110198&peptide_id=34165&scanf=41777&charge=2&value=0,R.VGPEELPVVGQLLR.L,/core/www/modules/show_out/show_out_wrapper.php?run_id=110202&search_id=114132&scans_id=110198&peptide_id=34165&scanf=41777&charge=2&value=R.VGPEELPVVGQLLR.L,TEX10,2.063e+7,3.344,0.001,2.917,0.000
41778,3,"  3.586","  0.482",19/56,/core/www/modules//sdig/index.php?run_id=110202&search_id=114132&scans_id=110198&peptide_id=34166&scanf=41778&charge=3&value=19/56,sp|Q96FK6|WDR89_HUMAN,/core/www/modules//consensus/?run_id=110202&search_id=114132&scans_id=110198&peptide_id=34166&scanf=41778&charge=3&value=sp|Q96FK6|WDR89_HUMAN,0,/core/www/modules/match_peptides/blast_html4.php?run_id=110202&search_id=114132&scans_id=110198&peptide_id=34166&scanf=41778&charge=3&value=0,K.EDALDYLIGGLYHEK.T,/core/www/modules/show_out/show_out_wrapper.php?run_id=110202&search_id=114132&scans_id=110198&peptide_id=34166&scanf=41778&charge=3&value=K.EDALDYLIGGLYHEK.T,WDR89,3.284e+6,3.166,0.002,2.653,0.000
41779,2,"  3.091","  0.615",14/22,/core/www/modules//sdig/index.php?run_id=110202&search_id=114132&scans_id=110198&peptide_id=34167&scanf=41779&charge=2&value=14/22,sp|Q15029|U5S1_HUMAN,/core/www/modules//consensus/?run_id=110202&search_id=114132&scans_id=110198&peptide_id=34167&scanf=41779&charge=2&value=sp|Q15029|U5S1_HUMAN,1,/core/www/modules/match_peptides/blast_html4.php?run_id=110202&search_id=114132&scans_id=110198&peptide_id=34167&scanf=41779&charge=2&value=1,K.FFDDPMLLELAK.Q,/core/www/modules/show_out/show_out_wrapper.php?run_id=110202&search_id=114132&scans_id=110198&peptide_id=34167&scanf=41779&charge=2&value=K.FFDDPMLLELAK.Q,EFTUD2,2.140e+7,3.736,0.000,3.498,0.000
41780,2,"  1.355","  0.227",6/12,/core/www/modules//sdig/index.php?run_id=110202&search_id=114132&scans_id=110198&peptide_id=34169&scanf=41780&charge=2&value=6/12,sp|Q8WUA7|TB22A_HUMAN,/core/www/modules//consensus/?run_id=110202&search_id=114132&scans_id=110198&peptide_id=34169&scanf=41780&charge=2&value=sp|Q8WUA7|TB22A_HUMAN,2,/core/www/modules/match_peptides/blast_html4.php?run_id=110202&search_id=114132&scans_id=110198&peptide_id=34169&scanf=41780&charge=2&value=2,K.VTEIFER.I,/core/www/modules/show_out/show_out_wrapper.php?run_id=110202&search_id=114132&scans_id=110198&peptide_id=34169&scanf=41780&charge=2&value=K.VTEIFER.I,TBC1D22A,9.716e+5,1.925,0.134,0.874,0.007
41784,3,"  2.387","  0.468",13/52,/core/www/modules//sdig/index.php?run_id=110202&search_id=114132&scans_id=110198&peptide_id=34173&scanf=41784&charge=3&value=13/52,sp|Q9P032|NDUF4_HUMAN,/core/www/modules//consensus/?run_id=110202&search_id=114132&scans_id=110198&peptide_id=34173&scanf=41784&charge=3&value=sp|Q9P032|NDUF4_HUMAN,0,/core/www/modules/match_peptides/blast_html4.php?run_id=110202&search_id=114132&scans_id=110198&peptide_id=34173&scanf=41784&charge=3&value=0,K.ISIVEALTLLNNHK.L,/core/www/modules/show_out/show_out_wrapper.php?run_id=110202&search_id=114132&scans_id=110198&peptide_id=34173&scanf=41784&charge=3&value=K.ISIVEALTLLNNHK.L,NDUFAF4,1.325e+6,2.903,0.005,2.265,0.000
41787,2,"  2.422","  0.311",12/18,/core/www/modules//sdig/index.php?run_id=110202&search_id=114132&scans_id=110198&peptide_id=34176&scanf=41787&charge=2&value=12/18,sp|P62249|RS16_HUMAN,/core/www/modules//consensus/?run_id=110202&search_id=114132&scans_id=110198&peptide_id=34176&scanf=41787&charge=2&value=sp|P62249|RS16_HUMAN,5,/core/www/modules/match_peptides/blast_html4.php?run_id=110202&search_id=114132&scans_id=110198&peptide_id=34176&scanf=41787&charge=2&value=5,K.LLEPVLLLGK.E,/core/www/modules/show_out/show_out_wrapper.php?run_id=110202&search_id=114132&scans_id=110198&peptide_id=34176&scanf=41787&charge=2&value=K.LLEPVLLLGK.E,RPS16,9.725e+5,2.716,0.010,1.990,0.000
41788,2,"  2.184","  0.521",11/18,/core/www/modules//sdig/index.php?run_id=110202&search_id=114132&scans_id=110198&peptide_id=34177&scanf=41788&charge=2&value=11/18,sp|P26641|EF1G_HUMAN,/core/www/modules//consensus/?run_id=110202&search_id=114132&scans_id=110198&peptide_id=34177&scanf=41788&charge=2&value=sp|P26641|EF1G_HUMAN,0,/core/www/modules/match_peptides/blast_html4.php?run_id=110202&search_id=114132&scans_id=110198&peptide_id=34177&scanf=41788&charge=2&value=0,R.ILGLLDAYLK.T,/core/www/modules/show_out/show_out_wrapper.php?run_id=110202&search_id=114132&scans_id=110198&peptide_id=34177&scanf=41788&charge=2&value=R.ILGLLDAYLK.T,EEF1G,3.307e+7,3.368,0.001,2.952,0.000
41790,3,"  4.417","  0.514",21/48,/core/www/modules//sdig/index.php?run_id=110202&search_id=114132&scans_id=110198&peptide_id=34179&scanf=41790&charge=3&value=21/48,sp|P50991|TCPD_HUMAN,/core/www/modules//consensus/?run_id=110202&search_id=114132&scans_id=110198&peptide_id=34179&scanf=41790&charge=3&value=sp|P50991|TCPD_HUMAN,0,/core/www/modules/match_peptides/blast_html4.php?run_id=110202&search_id=114132&scans_id=110198&peptide_id=34179&scanf=41790&charge=3&value=0,R.DALSDLALHFLNK.M,/core/www/modules/show_out/show_out_wrapper.php?run_id=110202&search_id=114132&scans_id=110198&peptide_id=34179&scanf=41790&charge=3&value=R.DALSDLALHFLNK.M,CCT4,5.713e+7,3.550,0.001,3.222,0.000
41794,2,"  4.061","  0.574",16/28,/core/www/modules//sdig/index.php?run_id=110202&search_id=114132&scans_id=110198&peptide_id=34183&scanf=41794&charge=2&value=16/28,sp|Q14146|URB2_HUMAN,/core/www/modules//consensus/?run_id=110202&search_id=114132&scans_id=110198&peptide_id=34183&scanf=41794&charge=2&value=sp|Q14146|URB2_HUMAN,0,/core/www/modules/match_peptides/blast_html4.php?run_id=110202&search_id=114132&scans_id=110198&peptide_id=34183&scanf=41794&charge=2&value=0,R.DSGLVSQQLPWLFEK.D,/core/www/modules/show_out/show_out_wrapper.php?run_id=110202&search_id=114132&scans_id=110198&peptide_id=34183&scanf=41794&charge=2&value=R.DSGLVSQQLPWLFEK.D,URB2,2.128e+6,3.387,0.001,2.981,0.000
41796,3,"  2.991","  0.434",13/52,/core/www/modules//sdig/index.php?run_id=110202&search_id=114132&scans_id=110198&peptide_id=34185&scanf=41796&charge=3&value=13/52,sp|P15259|PGAM2_HUMAN,/core/www/modules//consensus/?run_id=110202&search_id=114132&scans_id=110198&peptide_id=34185&scanf=41796&charge=3&value=sp|P15259|PGAM2_HUMAN,2,/core/www/modules/match_peptides/blast_html4.php?run_id=110202&search_id=114132&scans_id=110198&peptide_id=34185&scanf=41796&charge=3&value=2,R.ALPFWNEEIVPQIK.A,/core/www/modules/show_out/show_out_wrapper.php?run_id=110202&search_id=114132&scans_id=110198&peptide_id=34185&scanf=41796&charge=3&value=R.ALPFWNEEIVPQIK.A,PGAM2,3.799e+6,2.833,0.007,2.162,0.000
41799,3,"  5.757","  0.619",22/76,/core/www/modules//sdig/index.php?run_id=110202&search_id=114132&scans_id=110198&peptide_id=34188&scanf=41799&charge=3&value=22/76,tr|A0A0C4DG89|A0A0C4DG89_HUMAN,/core/www/modules//consensus/?run_id=110202&search_id=114132&scans_id=110198&peptide_id=34188&scanf=41799&charge=3&value=tr|A0A0C4DG89|A0A0C4DG89_HUMAN,0,/core/www/modules/match_peptides/blast_html4.php?run_id=110202&search_id=114132&scans_id=110198&peptide_id=34188&scanf=41799&charge=3&value=0,K.NLGIESQVDVMQQATNAILR.G,/core/www/modules/show_out/show_out_wrapper.php?run_id=110202&search_id=114132&scans_id=110198&peptide_id=34188&scanf=41799&charge=3&value=K.NLGIESQVDVMQQATNAILR.G,DDX46,2.494e+6,3.472,0.001,3.106,0.000
41814,2,"  3.067","  0.634",15/30,/core/www/modules//sdig/index.php?run_id=110202&search_id=114132&scans_id=110198&peptide_id=34204&scanf=41814&charge=2&value=15/30,sp|Q8NC51|PAIRB_HUMAN,/core/www/modules//consensus/?run_id=110202&search_id=114132&scans_id=110198&peptide_id=34204&scanf=41814&charge=2&value=sp|Q8NC51|PAIRB_HUMAN,0,/core/www/modules/match_peptides/blast_html4.php?run_id=110202&search_id=114132&scans_id=110198&peptide_id=34204&scanf=41814&charge=2&value=0,R.FDQLFDDESDPFEVLK.A,/core/www/modules/show_out/show_out_wrapper.php?run_id=110202&search_id=114132&scans_id=110198&peptide_id=34204&scanf=41814&charge=2&value=R.FDQLFDDESDPFEVLK.A,SERBP1,3.642e+6,3.359,0.001,2.939,0.000
41818,3,"  2.397","  0.336",9/68,/core/www/modules//sdig/index.php?run_id=110202&search_id=114132&scans_id=110198&peptide_id=34208&scanf=41818&charge=3&value=9/68,sp|Q9BSD7|NTPCR_HUMAN,/core/www/modules//consensus/?run_id=110202&search_id=114132&scans_id=110198&peptide_id=34208&scanf=41818&charge=3&value=sp|Q9BSD7|NTPCR_HUMAN,1,/core/www/modules/match_peptides/blast_html4.php?run_id=110202&search_id=114132&scans_id=110198&peptide_id=34208&scanf=41818&charge=3&value=1,R.QTLSTPGTIILGTIPVPK.G,/core/www/modules/show_out/show_out_wrapper.php?run_id=110202&search_id=114132&scans_id=110198&peptide_id=34208&scanf=41818&charge=3&value=R.QTLSTPGTIILGTIPVPK.G,NTPCR,2.614e+6,2.124,0.072,1.140,0.002
41820,2,"  4.009","  0.624",16/30,/core/www/modules//sdig/index.php?run_id=110202&search_id=114132&scans_id=110198&peptide_id=34211&scanf=41820&charge=2&value=16/30,sp|O75400|PR40A_HUMAN,/core/www/modules//consensus/?run_id=110202&search_id=114132&scans_id=110198&peptide_id=34211&scanf=41820&charge=2&value=sp|O75400|PR40A_HUMAN,5,/core/www/modules/match_peptides/blast_html4.php?run_id=110202&search_id=114132&scans_id=110198&peptide_id=34211&scanf=41820&charge=2&value=5,K.QAAPPIELDAVWEDIR.E,/core/www/modules/show_out/show_out_wrapper.php?run_id=110202&search_id=114132&scans_id=110198&peptide_id=34211&scanf=41820&charge=2&value=K.QAAPPIELDAVWEDIR.E,PRPF40A,4.230e+6,3.435,0.001,3.052,0.000
41822,3,"  3.660","  0.475",17/88,/core/www/modules//sdig/index.php?run_id=110202&search_id=114132&scans_id=110198&peptide_id=34213&scanf=41822&charge=3&value=17/88,sp|A5YKK6|CNOT1_HUMAN,/core/www/modules//consensus/?run_id=110202&search_id=114132&scans_id=110198&peptide_id=34213&scanf=41822&charge=3&value=sp|A5YKK6|CNOT1_HUMAN,0,/core/www/modules/match_peptides/blast_html4.php?run_id=110202&search_id=114132&scans_id=110198&peptide_id=34213&scanf=41822&charge=3&value=0,R.NVPGFLPTNDLSQPTGFLAQPMK.Q,/core/www/modules/show_out/show_out_wrapper.php?run_id=110202&search_id=114132&scans_id=110198&peptide_id=34213&scanf=41822&charge=3&value=R.NVPGFLPTNDLSQPTGFLAQPMK.Q,CNOT1,8.641e+5,2.664,0.012,1.914,0.000
41825,3,"  3.674","  0.398",11/76,/core/www/modules//sdig/index.php?run_id=110202&search_id=114132&scans_id=110198&peptide_id=34216&scanf=41825&charge=3&value=11/76,sp|Q8WW59|SPRY4_HUMAN,/core/www/modules//consensus/?run_id=110202&search_id=114132&scans_id=110198&peptide_id=34216&scanf=41825&charge=3&value=sp|Q8WW59|SPRY4_HUMAN,0,/core/www/modules/match_peptides/blast_html4.php?run_id=110202&search_id=114132&scans_id=110198&peptide_id=34216&scanf=41825&charge=3&value=0,K.LSLVDVSQVSVVHTLQTDFR.G,/core/www/modules/show_out/show_out_wrapper.php?run_id=110202&search_id=114132&scans_id=110198&peptide_id=34216&scanf=41825&charge=3&value=K.LSLVDVSQVSVVHTLQTDFR.G,SPRYD4,9.664e+5,2.318,0.039,1.412,0.001
41826,3,"  4.046","  0.464",13/52,/core/www/modules//sdig/index.php?run_id=110202&search_id=114132&scans_id=110198&peptide_id=34217&scanf=41826&charge=3&value=13/52,sp|P42285|MTREX_HUMAN,/core/www/modules//consensus/?run_id=110202&search_id=114132&scans_id=110198&peptide_id=34217&scanf=41826&charge=3&value=sp|P42285|MTREX_HUMAN,0,/core/www/modules/match_peptides/blast_html4.php?run_id=110202&search_id=114132&scans_id=110198&peptide_id=34217&scanf=41826&charge=3&value=0,R.EVAWVIFDEIHYMR.D,/core/www/modules/show_out/show_out_wrapper.php?run_id=110202&search_id=114132&scans_id=110198&peptide_id=34217&scanf=41826&charge=3&value=R.EVAWVIFDEIHYMR.D,MTREX,1.400e+6,3.127,0.003,2.596,0.000
41827,2,"  2.141","  0.444",11/16,/core/www/modules//sdig/index.php?run_id=110202&search_id=114132&scans_id=110198&peptide_id=34218&scanf=41827&charge=2&value=11/16,sp|Q15648|MED1_HUMAN,/core/www/modules//consensus/?run_id=110202&search_id=114132&scans_id=110198&peptide_id=34218&scanf=41827&charge=2&value=sp|Q15648|MED1_HUMAN,0,/core/www/modules/match_peptides/blast_html4.php?run_id=110202&search_id=114132&scans_id=110198&peptide_id=34218&scanf=41827&charge=2&value=0,R.VPLILNLIR.H,/core/www/modules/show_out/show_out_wrapper.php?run_id=110202&search_id=114132&scans_id=110198&peptide_id=34218&scanf=41827&charge=2&value=R.VPLILNLIR.H,MED1,7.800e+6,3.196,0.002,2.698,0.000
41830,2,"  3.686","  0.721",19/38,/core/www/modules//sdig/index.php?run_id=110202&search_id=114132&scans_id=110198&peptide_id=34221&scanf=41830&charge=2&value=19/38,sp|P52209|6PGD_HUMAN,/core/www/modules//consensus/?run_id=110202&search_id=114132&scans_id=110198&peptide_id=34221&scanf=41830&charge=2&value=sp|P52209|6PGD_HUMAN,2,/core/www/modules/match_peptides/blast_html4.php?run_id=110202&search_id=114132&scans_id=110198&peptide_id=34221&scanf=41830&charge=2&value=2,K.LVPLLDTGDIIIDGGNSEYR.D,/core/www/modules/show_out/show_out_wrapper.php?run_id=110202&search_id=114132&scans_id=110198&peptide_id=34221&scanf=41830&charge=2&value=K.LVPLLDTGDIIIDGGNSEYR.D,PGD,1.358e+6,3.562,0.001,3.240,0.000
41832,3,"  3.067","  0.354",13/68,/core/www/modules//sdig/index.php?run_id=110202&search_id=114132&scans_id=110198&peptide_id=34222&scanf=41832&charge=3&value=13/68,sp|Q96T88|UHRF1_HUMAN,/core/www/modules//consensus/?run_id=110202&search_id=114132&scans_id=110198&peptide_id=34222&scanf=41832&charge=3&value=sp|Q96T88|UHRF1_HUMAN,3,/core/www/modules/match_peptides/blast_html4.php?run_id=110202&search_id=114132&scans_id=110198&peptide_id=34222&scanf=41832&charge=3&value=3,K.LGLTMQYPEGYLEALANR.E,/core/www/modules/show_out/show_out_wrapper.php?run_id=110202&search_id=114132&scans_id=110198&peptide_id=34222&scanf=41832&charge=3&value=K.LGLTMQYPEGYLEALANR.E,UHRF1,1.648e+6,2.360,0.034,1.472,0.001
41833,2,"  3.872","  0.572",15/24,/core/www/modules//sdig/index.php?run_id=110202&search_id=114132&scans_id=110198&peptide_id=34223&scanf=41833&charge=2&value=15/24,sp|Q9BZJ0|CRNL1_HUMAN,/core/www/modules//consensus/?run_id=110202&search_id=114132&scans_id=110198&peptide_id=34223&scanf=41833&charge=2&value=sp|Q9BZJ0|CRNL1_HUMAN,1,/core/www/modules/match_peptides/blast_html4.php?run_id=110202&search_id=114132&scans_id=110198&peptide_id=34223&scanf=41833&charge=2&value=1,K.FAELETILGDIDR.A,/core/www/modules/show_out/show_out_wrapper.php?run_id=110202&search_id=114132&scans_id=110198&peptide_id=34223&scanf=41833&charge=2&value=K.FAELETILGDIDR.A,CRNKL1,3.450e+6,3.502,0.001,3.151,0.000
41834,2,"  2.801","  0.000",11/18,/core/www/modules//sdig/index.php?run_id=110202&search_id=114132&scans_id=110198&peptide_id=34224&scanf=41834&charge=2&value=11/18,sp|O43432|IF4G3_HUMAN,/core/www/modules//consensus/?run_id=110202&search_id=114132&scans_id=110198&peptide_id=34224&scanf=41834&charge=2&value=sp|O43432|IF4G3_HUMAN,5,/core/www/modules/match_peptides/blast_html4.php?run_id=110202&search_id=114132&scans_id=110198&peptide_id=34224&scanf=41834&charge=2&value=5,R.FMLQDVIDLR.L,/core/www/modules/show_out/show_out_wrapper.php?run_id=110202&search_id=114132&scans_id=110198&peptide_id=34224&scanf=41834&charge=2&value=R.FMLQDVIDLR.L,EIF4G3,2.555e+6,3.596,0.001,3.290,0.000
41838,2,"  2.825","  0.696",11/20,/core/www/modules//sdig/index.php?run_id=110202&search_id=114132&scans_id=110198&peptide_id=34228&scanf=41838&charge=2&value=11/20,sp|Q9NR30|DDX21_HUMAN,/core/www/modules//consensus/?run_id=110202&search_id=114132&scans_id=110198&peptide_id=34228&scanf=41838&charge=2&value=sp|Q9NR30|DDX21_HUMAN,4,/core/www/modules/match_peptides/blast_html4.php?run_id=110202&search_id=114132&scans_id=110198&peptide_id=34228&scanf=41838&charge=2&value=4,K.TFSFAIPLIEK.L,/core/www/modules/show_out/show_out_wrapper.php?run_id=110202&search_id=114132&scans_id=110198&peptide_id=34228&scanf=41838&charge=2&value=K.TFSFAIPLIEK.L,DDX21,9.297e+7,3.923,0.000,3.776,0.000
41839,3,"  4.433","  0.569",19/60,/core/www/modules//sdig/index.php?run_id=110202&search_id=114132&scans_id=110198&peptide_id=34229&scanf=41839&charge=3&value=19/60,sp|O75400|PR40A_HUMAN,/core/www/modules//consensus/?run_id=110202&search_id=114132&scans_id=110198&peptide_id=34229&scanf=41839&charge=3&value=sp|O75400|PR40A_HUMAN,5,/core/www/modules/match_peptides/blast_html4.php?run_id=110202&search_id=114132&scans_id=110198&peptide_id=34229&scanf=41839&charge=3&value=5,K.QAAPPIELDAVWEDIR.E,/core/www/modules/show_out/show_out_wrapper.php?run_id=110202&search_id=114132&scans_id=110198&peptide_id=34229&scanf=41839&charge=3&value=K.QAAPPIELDAVWEDIR.E,PRPF40A,3.737e+6,3.457,0.001,3.084,0.000
41841,2,"  2.239","  0.321",10/22,/core/www/modules//sdig/index.php?run_id=110202&search_id=114132&scans_id=110198&peptide_id=34232&scanf=41841&charge=2&value=10/22,sp|Q9UPN9|TRI33_HUMAN,/core/www/modules//consensus/?run_id=110202&search_id=114132&scans_id=110198&peptide_id=34232&scanf=41841&charge=2&value=sp|Q9UPN9|TRI33_HUMAN,1,/core/www/modules/match_peptides/blast_html4.php?run_id=110202&search_id=114132&scans_id=110198&peptide_id=34232&scanf=41841&charge=2&value=1,K.VAIFTLINEINK.K,/core/www/modules/show_out/show_out_wrapper.php?run_id=110202&search_id=114132&scans_id=110198&peptide_id=34232&scanf=41841&charge=2&value=K.VAIFTLINEINK.K,TRIM33,5.062e+6,2.279,0.044,1.357,0.001
41842,2,"  3.168","  0.617",12/24,/core/www/modules//sdig/index.php?run_id=110202&search_id=114132&scans_id=110198&peptide_id=34233&scanf=41842&charge=2&value=12/24,sp|Q8WTT2|NOC3L_HUMAN,/core/www/modules//consensus/?run_id=110202&search_id=114132&scans_id=110198&peptide_id=34233&scanf=41842&charge=2&value=sp|Q8WTT2|NOC3L_HUMAN,0,/core/www/modules/match_peptides/blast_html4.php?run_id=110202&search_id=114132&scans_id=110198&peptide_id=34233&scanf=41842&charge=2&value=0,R.SPLLPAVLEGLAK.F,/core/www/modules/show_out/show_out_wrapper.php?run_id=110202&search_id=114132&scans_id=110198&peptide_id=34233&scanf=41842&charge=2&value=R.SPLLPAVLEGLAK.F,NOC3L,3.172e+7,3.482,0.001,3.121,0.000
41843,3,"  4.518","  0.464",17/76,/core/www/modules//sdig/index.php?run_id=110202&search_id=114132&scans_id=110198&peptide_id=34234&scanf=41843&charge=3&value=17/76,sp|P35232|PHB1_HUMAN,/core/www/modules//consensus/?run_id=110202&search_id=114132&scans_id=110198&peptide_id=34234&scanf=41843&charge=3&value=sp|P35232|PHB1_HUMAN,2,/core/www/modules/match_peptides/blast_html4.php?run_id=110202&search_id=114132&scans_id=110198&peptide_id=34234&scanf=41843&charge=3&value=2,K.AAELIANSLATAGDGLIELR.K,/core/www/modules/show_out/show_out_wrapper.php?run_id=110202&search_id=114132&scans_id=110198&peptide_id=34234&scanf=41843&charge=3&value=K.AAELIANSLATAGDGLIELR.K,PHB1,2.437e+6,2.796,0.008,2.107,0.000
41848,3,"  5.220","  0.608",21/76,/core/www/modules//sdig/index.php?run_id=110202&search_id=114132&scans_id=110198&peptide_id=34239&scanf=41848&charge=3&value=21/76,sp|Q96N11|INT15_HUMAN,/core/www/modules//consensus/?run_id=110202&search_id=114132&scans_id=110198&peptide_id=34239&scanf=41848&charge=3&value=sp|Q96N11|INT15_HUMAN,2,/core/www/modules/match_peptides/blast_html4.php?run_id=110202&search_id=114132&scans_id=110198&peptide_id=34239&scanf=41848&charge=3&value=2,R.LADELNPLNASQEIELSLDR.L,/core/www/modules/show_out/show_out_wrapper.php?run_id=110202&search_id=114132&scans_id=110198&peptide_id=34239&scanf=41848&charge=3&value=R.LADELNPLNASQEIELSLDR.L,INTS15,2.613e+6,3.395,0.001,2.992,0.000
41849,3,"  5.586","  0.678",34/108,/core/www/modules//sdig/index.php?run_id=110202&search_id=114132&scans_id=110198&peptide_id=34240&scanf=41849&charge=3&value=34/108,sp|P35249|RFC4_HUMAN,/core/www/modules//consensus/?run_id=110202&search_id=114132&scans_id=110198&peptide_id=34240&scanf=41849&charge=3&value=sp|P35249|RFC4_HUMAN,1,/core/www/modules/match_peptides/blast_html4.php?run_id=110202&search_id=114132&scans_id=110198&peptide_id=34240&scanf=41849&charge=3&value=1,K.DLIDEGHAATQLVNQLHDVVVENNLSDK.Q,/core/www/modules/show_out/show_out_wrapper.php?run_id=110202&search_id=114132&scans_id=110198&peptide_id=34240&scanf=41849&charge=3&value=K.DLIDEGHAATQLVNQLHDVVVENNLSDK.Q,RFC4,1.058e+6,3.458,0.001,3.086,0.000
41850,2,"  2.887","  0.471",11/20,/core/www/modules//sdig/index.php?run_id=110202&search_id=114132&scans_id=110198&peptide_id=34242&scanf=41850&charge=2&value=11/20,sp|P27708|PYR1_HUMAN,/core/www/modules//consensus/?run_id=110202&search_id=114132&scans_id=110198&peptide_id=34242&scanf=41850&charge=2&value=sp|P27708|PYR1_HUMAN,1,/core/www/modules/match_peptides/blast_html4.php?run_id=110202&search_id=114132&scans_id=110198&peptide_id=34242&scanf=41850&charge=2&value=1,K.LALGIPLPELR.N,/core/www/modules/show_out/show_out_wrapper.php?run_id=110202&search_id=114132&scans_id=110198&peptide_id=34242&scanf=41850&charge=2&value=K.LALGIPLPELR.N,CAD,1.840e+6,3.056,0.003,2.491,0.000
41851,2,"  1.477","  0.219",7/12,/core/www/modules//sdig/index.php?run_id=110202&search_id=114132&scans_id=110198&peptide_id=34243&scanf=41851&charge=2&value=7/12,sp|P60709|ACTB_HUMAN,/core/www/modules//consensus/?run_id=110202&search_id=114132&scans_id=110198&peptide_id=34243&scanf=41851&charge=2&value=sp|P60709|ACTB_HUMAN,11,/core/www/modules/match_peptides/blast_html4.php?run_id=110202&search_id=114132&scans_id=110198&peptide_id=34243&scanf=41851&charge=2&value=11,K.IIAPPER.K,/core/www/modules/show_out/show_out_wrapper.php?run_id=110202&search_id=114132&scans_id=110198&peptide_id=34243&scanf=41851&charge=2&value=K.IIAPPER.K,ACTB,8.792e+5,2.928,0.005,2.301,0.000
41855,2,"  2.696","  0.697",11/20,/core/www/modules//sdig/index.php?run_id=110202&search_id=114132&scans_id=110198&peptide_id=34246&scanf=41855&charge=2&value=11/20,sp|Q9NR30|DDX21_HUMAN,/core/www/modules//consensus/?run_id=110202&search_id=114132&scans_id=110198&peptide_id=34246&scanf=41855&charge=2&value=sp|Q9NR30|DDX21_HUMAN,4,/core/www/modules/match_peptides/blast_html4.php?run_id=110202&search_id=114132&scans_id=110198&peptide_id=34246&scanf=41855&charge=2&value=4,K.TFSFAIPLIEK.L,/core/www/modules/show_out/show_out_wrapper.php?run_id=110202&search_id=114132&scans_id=110198&peptide_id=34246&scanf=41855&charge=2&value=K.TFSFAIPLIEK.L,DDX21,9.297e+7,3.916,0.000,3.765,0.000
41859,3,"  5.484","  0.639",20/80,/core/www/modules//sdig/index.php?run_id=110202&search_id=114132&scans_id=110198&peptide_id=34250&scanf=41859&charge=3&value=20/80,sp|Q6P2Q9|PRP8_HUMAN,/core/www/modules//consensus/?run_id=110202&search_id=114132&scans_id=110198&peptide_id=34250&scanf=41859&charge=3&value=sp|Q6P2Q9|PRP8_HUMAN,1,/core/www/modules/match_peptides/blast_html4.php?run_id=110202&search_id=114132&scans_id=110198&peptide_id=34250&scanf=41859&charge=3&value=1,K.ELGGLGMLSMGHVLIPQSDLR.W,/core/www/modules/show_out/show_out_wrapper.php?run_id=110202&search_id=114132&scans_id=110198&peptide_id=34250&scanf=41859&charge=3&value=K.ELGGLGMLSMGHVLIPQSDLR.W,PRPF8,2.189e+7,3.742,0.000,3.507,0.000
41860,3,"  3.346","  0.327",11/64,/core/www/modules//sdig/index.php?run_id=110202&search_id=114132&scans_id=110198&peptide_id=34252&scanf=41860&charge=3&value=11/64,sp|P31943|HNRH1_HUMAN,/core/www/modules//consensus/?run_id=110202&search_id=114132&scans_id=110198&peptide_id=34252&scanf=41860&charge=3&value=sp|P31943|HNRH1_HUMAN,6,/core/www/modules/match_peptides/blast_html4.php?run_id=110202&search_id=114132&scans_id=110198&peptide_id=34252&scanf=41860&charge=3&value=6,R.ATENDIYNFFSPLNPVR.V,/core/www/modules/show_out/show_out_wrapper.php?run_id=110202&search_id=114132&scans_id=110198&peptide_id=34252&scanf=41860&charge=3&value=R.ATENDIYNFFSPLNPVR.V,HNRNPH1,1.678e+8,2.372,0.032,1.490,0.001
41861,3,"  7.076","  0.694",31/96,/core/www/modules//sdig/index.php?run_id=110202&search_id=114132&scans_id=110198&peptide_id=34253&scanf=41861&charge=3&value=31/96,sp|O95232|LC7L3_HUMAN,/core/www/modules//consensus/?run_id=110202&search_id=114132&scans_id=110198&peptide_id=34253&scanf=41861&charge=3&value=sp|O95232|LC7L3_HUMAN,1,/core/www/modules/match_peptides/blast_html4.php?run_id=110202&search_id=114132&scans_id=110198&peptide_id=34253&scanf=41861&charge=3&value=1,K.IDVLLQQIEELGSEGKVEEAQGMMK.L,/core/www/modules/show_out/show_out_wrapper.php?run_id=110202&search_id=114132&scans_id=110198&peptide_id=34253&scanf=41861&charge=3&value=K.IDVLLQQIEELGSEGKVEEAQGMMK.L,LUC7L3,2.088e+6,3.314,0.001,2.873,0.000
41863,4,"  4.262","  0.564",22/138,/core/www/modules//sdig/index.php?run_id=110202&search_id=114132&scans_id=110198&peptide_id=34255&scanf=41863&charge=4&value=22/138,sp|P49959|MRE11_HUMAN,/core/www/modules//consensus/?run_id=110202&search_id=114132&scans_id=110198&peptide_id=34255&scanf=41863&charge=4&value=sp|P49959|MRE11_HUMAN,4,/core/www/modules/match_peptides/blast_html4.php?run_id=110202&search_id=114132&scans_id=110198&peptide_id=34255&scanf=41863&charge=4&value=4,R.LAQENEVDFILLGGDLFHENKPSR.K,/core/www/modules/show_out/show_out_wrapper.php?run_id=110202&search_id=114132&scans_id=110198&peptide_id=34255&scanf=41863&charge=4&value=R.LAQENEVDFILLGGDLFHENKPSR.K,MRE11,1.852e+6,3.247,0.002,2.774,0.000
41864,2,"  3.501","  0.582",14/28,/core/www/modules//sdig/index.php?run_id=110202&search_id=114132&scans_id=110198&peptide_id=34256&scanf=41864&charge=2&value=14/28,sp|Q02880|TOP2B_HUMAN,/core/www/modules//consensus/?run_id=110202&search_id=114132&scans_id=110198&peptide_id=34256&scanf=41864&charge=2&value=sp|Q02880|TOP2B_HUMAN,4,/core/www/modules/match_peptides/blast_html4.php?run_id=110202&search_id=114132&scans_id=110198&peptide_id=34256&scanf=41864&charge=2&value=4,K.QELSFYSIPEFDEWK.K,/core/www/modules/show_out/show_out_wrapper.php?run_id=110202&search_id=114132&scans_id=110198&peptide_id=34256&scanf=41864&charge=2&value=K.QELSFYSIPEFDEWK.K,TOP2B,1.221e+6,3.381,0.001,2.973,0.000
41869,2,"  6.444","  0.773",25/42,/core/www/modules//sdig/index.php?run_id=110202&search_id=114132&scans_id=110198&peptide_id=34261&scanf=41869&charge=2&value=25/42,sp|Q9UHX1|PUF60_HUMAN,/core/www/modules//consensus/?run_id=110202&search_id=114132&scans_id=110198&peptide_id=34261&scanf=41869&charge=2&value=sp|Q9UHX1|PUF60_HUMAN,9,/core/www/modules/match_peptides/blast_html4.php?run_id=110202&search_id=114132&scans_id=110198&peptide_id=34261&scanf=41869&charge=2&value=9,K.AQSSQDAVSSMNLFDLGGQYLR.V,/core/www/modules/show_out/show_out_wrapper.php?run_id=110202&search_id=114132&scans_id=110198&peptide_id=34261&scanf=41869&charge=2&value=K.AQSSQDAVSSMNLFDLGGQYLR.V,PUF60,1.392e+6,3.979,0.000,3.858,0.000
41875,2,"  2.618","  0.400",13/26,/core/www/modules//sdig/index.php?run_id=110202&search_id=114132&scans_id=110198&peptide_id=34267&scanf=41875&charge=2&value=13/26,sp|Q8TAT6|NPL4_HUMAN,/core/www/modules//consensus/?run_id=110202&search_id=114132&scans_id=110198&peptide_id=34267&scanf=41875&charge=2&value=sp|Q8TAT6|NPL4_HUMAN,0,/core/www/modules/match_peptides/blast_html4.php?run_id=110202&search_id=114132&scans_id=110198&peptide_id=34267&scanf=41875&charge=2&value=0,K.VGWIFTDLVSEDTR.K,/core/www/modules/show_out/show_out_wrapper.php?run_id=110202&search_id=114132&scans_id=110198&peptide_id=34267&scanf=41875&charge=2&value=K.VGWIFTDLVSEDTR.K,NPLOC4,4.040e+6,2.673,0.012,1.927,0.000
41876,3,"  6.274","  0.668",24/104,/core/www/modules//sdig/index.php?run_id=110202&search_id=114132&scans_id=110198&peptide_id=34268&scanf=41876&charge=3&value=24/104,sp|Q12905|ILF2_HUMAN,/core/www/modules//consensus/?run_id=110202&search_id=114132&scans_id=110198&peptide_id=34268&scanf=41876&charge=3&value=sp|Q12905|ILF2_HUMAN,1,/core/www/modules/match_peptides/blast_html4.php?run_id=110202&search_id=114132&scans_id=110198&peptide_id=34268&scanf=41876&charge=3&value=1,R.AQDPSEVLTM*LTNETGFEISSSDATVK.I,/core/www/modules/show_out/show_out_wrapper.php?run_id=110202&search_id=114132&scans_id=110198&peptide_id=34268&scanf=41876&charge=3&value=R.AQDPSEVLTM*LTNETGFEISSSDATVK.I,ILF2,2.538e+6,3.458,0.001,3.086,0.000
41877,3,"  5.245","  0.608",20/120,/core/www/modules//sdig/index.php?run_id=110202&search_id=114132&scans_id=110198&peptide_id=34269&scanf=41877&charge=3&value=20/120,sp|P05388|RLA0_HUMAN,/core/www/modules//consensus/?run_id=110202&search_id=114132&scans_id=110198&peptide_id=34269&scanf=41877&charge=3&value=sp|P05388|RLA0_HUMAN,2,/core/www/modules/match_peptides/blast_html4.php?run_id=110202&search_id=114132&scans_id=110198&peptide_id=34269&scanf=41877&charge=3&value=2,K.AFLADPSAFVAAAPVAAATTAAPAAAAAPAK.V,/core/www/modules/show_out/show_out_wrapper.php?run_id=110202&search_id=114132&scans_id=110198&peptide_id=34269&scanf=41877&charge=3&value=K.AFLADPSAFVAAAPVAAATTAAPAAAAAPAK.V,RPLP0,8.313e+7,2.903,0.005,2.265,0.000
41879,3,"  6.383","  0.645",21/112,/core/www/modules//sdig/index.php?run_id=110202&search_id=114132&scans_id=110198&peptide_id=34271&scanf=41879&charge=3&value=21/112,sp|Q9GZS3|SKI8_HUMAN,/core/www/modules//consensus/?run_id=110202&search_id=114132&scans_id=110198&peptide_id=34271&scanf=41879&charge=3&value=sp|Q9GZS3|SKI8_HUMAN,2,/core/www/modules/match_peptides/blast_html4.php?run_id=110202&search_id=114132&scans_id=110198&peptide_id=34271&scanf=41879&charge=3&value=2,K.SIDAGPVDAWTLAFSPDSQYLATGTHVGK.V,/core/www/modules/show_out/show_out_wrapper.php?run_id=110202&search_id=114132&scans_id=110198&peptide_id=34271&scanf=41879&charge=3&value=K.SIDAGPVDAWTLAFSPDSQYLATGTHVGK.V,SKIC8,1.384e+6,3.103,0.003,2.561,0.000
41880,3,"  5.796","  0.673",21/80,/core/www/modules//sdig/index.php?run_id=110202&search_id=114132&scans_id=110198&peptide_id=34273&scanf=41880&charge=3&value=21/80,sp|Q92782|DPF1_HUMAN,/core/www/modules//consensus/?run_id=110202&search_id=114132&scans_id=110198&peptide_id=34273&scanf=41880&charge=3&value=sp|Q92782|DPF1_HUMAN,8,/core/www/modules/match_peptides/blast_html4.php?run_id=110202&search_id=114132&scans_id=110198&peptide_id=34273&scanf=41880&charge=3&value=8,K.QQLLEFPHDLEVEDLEDDIPR.R,/core/www/modules/show_out/show_out_wrapper.php?run_id=110202&search_id=114132&scans_id=110198&peptide_id=34273&scanf=41880&charge=3&value=K.QQLLEFPHDLEVEDLEDDIPR.R,DPF1,1.415e+6,3.543,0.001,3.211,0.000
41883,2,"  4.124","  0.463",13/28,/core/www/modules//sdig/index.php?run_id=110202&search_id=114132&scans_id=110198&peptide_id=34276&scanf=41883&charge=2&value=13/28,sp|Q9UHV7|MED13_HUMAN,/core/www/modules//consensus/?run_id=110202&search_id=114132&scans_id=110198&peptide_id=34276&scanf=41883&charge=2&value=sp|Q9UHV7|MED13_HUMAN,0,/core/www/modules/match_peptides/blast_html4.php?run_id=110202&search_id=114132&scans_id=110198&peptide_id=34276&scanf=41883&charge=2&value=0,R.MLLSLQPVLQDAIQK.K,/core/www/modules/show_out/show_out_wrapper.php?run_id=110202&search_id=114132&scans_id=110198&peptide_id=34276&scanf=41883&charge=2&value=R.MLLSLQPVLQDAIQK.K,MED13,1.225e+6,2.714,0.010,1.987,0.000
41886,3,"  2.898","  0.421",9/64,/core/www/modules//sdig/index.php?run_id=110202&search_id=114132&scans_id=110198&peptide_id=34279&scanf=41886&charge=3&value=9/64,sp|O95239|KIF4A_HUMAN,/core/www/modules//consensus/?run_id=110202&search_id=114132&scans_id=110198&peptide_id=34279&scanf=41886&charge=3&value=sp|O95239|KIF4A_HUMAN,1,/core/www/modules/match_peptides/blast_html4.php?run_id=110202&search_id=114132&scans_id=110198&peptide_id=34279&scanf=41886&charge=3&value=1,K.NWLGNEIEVMVSTEEAK.R,/core/www/modules/show_out/show_out_wrapper.php?run_id=110202&search_id=114132&scans_id=110198&peptide_id=34279&scanf=41886&charge=3&value=K.NWLGNEIEVMVSTEEAK.R,KIF4A,8.636e+5,2.521,0.020,1.705,0.000
41892,3,"  3.033","  0.613",14/44,/core/www/modules//sdig/index.php?run_id=110202&search_id=114132&scans_id=110198&peptide_id=34286&scanf=41892&charge=3&value=14/44,sp|P12956|XRCC6_HUMAN,/core/www/modules//consensus/?run_id=110202&search_id=114132&scans_id=110198&peptide_id=34286&scanf=41892&charge=3&value=sp|P12956|XRCC6_HUMAN,1,/core/www/modules/match_peptides/blast_html4.php?run_id=110202&search_id=114132&scans_id=110198&peptide_id=34286&scanf=41892&charge=3&value=1,R.DTGIFLDLMHLK.K,/core/www/modules/show_out/show_out_wrapper.php?run_id=110202&search_id=114132&scans_id=110198&peptide_id=34286&scanf=41892&charge=3&value=R.DTGIFLDLMHLK.K,XRCC6,7.023e+7,3.823,0.000,3.627,0.000
41895,2,"  4.359","  0.697",17/30,/core/www/modules//sdig/index.php?run_id=110202&search_id=114132&scans_id=110198&peptide_id=34288&scanf=41895&charge=2&value=17/30,sp|O75400|PR40A_HUMAN,/core/www/modules//consensus/?run_id=110202&search_id=114132&scans_id=110198&peptide_id=34288&scanf=41895&charge=2&value=sp|O75400|PR40A_HUMAN,5,/core/www/modules/match_peptides/blast_html4.php?run_id=110202&search_id=114132&scans_id=110198&peptide_id=34288&scanf=41895&charge=2&value=5,K.QAAPPIELDAVWEDIR.E,/core/www/modules/show_out/show_out_wrapper.php?run_id=110202&search_id=114132&scans_id=110198&peptide_id=34288&scanf=41895&charge=2&value=K.QAAPPIELDAVWEDIR.E,PRPF40A,4.230e+6,3.764,0.000,3.539,0.000
41902,2,"  2.658","  0.399",10/22,/core/www/modules//sdig/index.php?run_id=110202&search_id=114132&scans_id=110198&peptide_id=34296&scanf=41902&charge=2&value=10/22,sp|Q5VT52|RPRD2_HUMAN,/core/www/modules//consensus/?run_id=110202&search_id=114132&scans_id=110198&peptide_id=34296&scanf=41902&charge=2&value=sp|Q5VT52|RPRD2_HUMAN,0,/core/www/modules/match_peptides/blast_html4.php?run_id=110202&search_id=114132&scans_id=110198&peptide_id=34296&scanf=41902&charge=2&value=0,R.SQALIEELLLYK.R,/core/www/modules/show_out/show_out_wrapper.php?run_id=110202&search_id=114132&scans_id=110198&peptide_id=34296&scanf=41902&charge=2&value=R.SQALIEELLLYK.R,RPRD2,4.686e+7,2.589,0.016,1.804,0.000
41907,3,"  3.297","  0.575",16/52,/core/www/modules//sdig/index.php?run_id=110202&search_id=114132&scans_id=110198&peptide_id=34301&scanf=41907&charge=3&value=16/52,sp|P42285|MTREX_HUMAN,/core/www/modules//consensus/?run_id=110202&search_id=114132&scans_id=110198&peptide_id=34301&scanf=41907&charge=3&value=sp|P42285|MTREX_HUMAN,0,/core/www/modules/match_peptides/blast_html4.php?run_id=110202&search_id=114132&scans_id=110198&peptide_id=34301&scanf=41907&charge=3&value=0,R.EVAWVIFDEIHYMR.D,/core/www/modules/show_out/show_out_wrapper.php?run_id=110202&search_id=114132&scans_id=110198&peptide_id=34301&scanf=41907&charge=3&value=R.EVAWVIFDEIHYMR.D,MTREX,1.400e+6,3.534,0.001,3.199,0.000
41908,2,"  2.403","  0.298",12/20,/core/www/modules//sdig/index.php?run_id=110202&search_id=114132&scans_id=110198&peptide_id=34302&scanf=41908&charge=2&value=12/20,sp|Q7L576|CYFP1_HUMAN,/core/www/modules//consensus/?run_id=110202&search_id=114132&scans_id=110198&peptide_id=34302&scanf=41908&charge=2&value=sp|Q7L576|CYFP1_HUMAN,4,/core/www/modules/match_peptides/blast_html4.php?run_id=110202&search_id=114132&scans_id=110198&peptide_id=34302&scanf=41908&charge=2&value=4,K.NVIQSVLQAIR.K,/core/www/modules/show_out/show_out_wrapper.php?run_id=110202&search_id=114132&scans_id=110198&peptide_id=34302&scanf=41908&charge=2&value=K.NVIQSVLQAIR.K,CYFIP1,1.634e+6,2.560,0.017,1.762,0.000
41910,2,"  5.476","  0.732",20/32,/core/www/modules//sdig/index.php?run_id=110202&search_id=114132&scans_id=110198&peptide_id=34305&scanf=41910&charge=2&value=20/32,sp|Q9UN86|G3BP2_HUMAN,/core/www/modules//consensus/?run_id=110202&search_id=114132&scans_id=110198&peptide_id=34305&scanf=41910&charge=2&value=sp|Q9UN86|G3BP2_HUMAN,4,/core/www/modules/match_peptides/blast_html4.php?run_id=110202&search_id=114132&scans_id=110198&peptide_id=34305&scanf=41910&charge=2&value=4,K.LPNFGFVVFDDSEPVQR.I,/core/www/modules/show_out/show_out_wrapper.php?run_id=110202&search_id=114132&scans_id=110198&peptide_id=34305&scanf=41910&charge=2&value=K.LPNFGFVVFDDSEPVQR.I,G3BP2,3.189e+6,3.875,0.000,3.704,0.000
41917,3,"  6.315","  0.690",22/76,/core/www/modules//sdig/index.php?run_id=110202&search_id=114132&scans_id=110198&peptide_id=34311&scanf=41917&charge=3&value=22/76,sp|Q9BZE4|GTPB4_HUMAN,/core/www/modules//consensus/?run_id=110202&search_id=114132&scans_id=110198&peptide_id=34311&scanf=41917&charge=3&value=sp|Q9BZE4|GTPB4_HUMAN,0,/core/www/modules/match_peptides/blast_html4.php?run_id=110202&search_id=114132&scans_id=110198&peptide_id=34311&scanf=41917&charge=3&value=0,K.IPEIWEGHNIADYIDPAIMK.K,/core/www/modules/show_out/show_out_wrapper.php?run_id=110202&search_id=114132&scans_id=110198&peptide_id=34311&scanf=41917&charge=3&value=K.IPEIWEGHNIADYIDPAIMK.K,GTPBP4,3.051e+6,3.765,0.000,3.541,0.000
41921,3,"  2.864","  0.454",11/72,/core/www/modules//sdig/index.php?run_id=110202&search_id=114132&scans_id=110198&peptide_id=34316&scanf=41921&charge=3&value=11/72,sp|Q9H8H0|NOL11_HUMAN,/core/www/modules//consensus/?run_id=110202&search_id=114132&scans_id=110198&peptide_id=34316&scanf=41921&charge=3&value=sp|Q9H8H0|NOL11_HUMAN,1,/core/www/modules/match_peptides/blast_html4.php?run_id=110202&search_id=114132&scans_id=110198&peptide_id=34316&scanf=41921&charge=3&value=1,K.QTPDFHTVIGDTVTGLLER.C,/core/www/modules/show_out/show_out_wrapper.php?run_id=110202&search_id=114132&scans_id=110198&peptide_id=34316&scanf=41921&charge=3&value=K.QTPDFHTVIGDTVTGLLER.C,NOL11,3.113e+6,2.620,0.014,1.848,0.000
41922,3,"  2.166","  0.519",14/40,/core/www/modules//sdig/index.php?run_id=110202&search_id=114132&scans_id=110198&peptide_id=34317&scanf=41922&charge=3&value=14/40,sp|Q9ULK4|MED23_HUMAN,/core/www/modules//consensus/?run_id=110202&search_id=114132&scans_id=110198&peptide_id=34317&scanf=41922&charge=3&value=sp|Q9ULK4|MED23_HUMAN,1,/core/www/modules/match_peptides/blast_html4.php?run_id=110202&search_id=114132&scans_id=110198&peptide_id=34317&scanf=41922&charge=3&value=1,R.FLPVFDIVIHR.F,/core/www/modules/show_out/show_out_wrapper.php?run_id=110202&search_id=114132&scans_id=110198&peptide_id=34317&scanf=41922&charge=3&value=R.FLPVFDIVIHR.F,MED23,1.432e+6,3.353,0.001,2.931,0.000
41923,3,"  5.204","  0.612",21/112,/core/www/modules//sdig/index.php?run_id=110202&search_id=114132&scans_id=110198&peptide_id=34318&scanf=41923&charge=3&value=21/112,sp|Q9GZS3|SKI8_HUMAN,/core/www/modules//consensus/?run_id=110202&search_id=114132&scans_id=110198&peptide_id=34318&scanf=41923&charge=3&value=sp|Q9GZS3|SKI8_HUMAN,2,/core/www/modules/match_peptides/blast_html4.php?run_id=110202&search_id=114132&scans_id=110198&peptide_id=34318&scanf=41923&charge=3&value=2,K.SIDAGPVDAWTLAFSPDSQYLATGTHVGK.V,/core/www/modules/show_out/show_out_wrapper.php?run_id=110202&search_id=114132&scans_id=110198&peptide_id=34318&scanf=41923&charge=3&value=K.SIDAGPVDAWTLAFSPDSQYLATGTHVGK.V,SKIC8,1.384e+6,2.930,0.005,2.305,0.000
41927,3,"  2.977","  0.484",12/76,/core/www/modules//sdig/index.php?run_id=110202&search_id=114132&scans_id=110198&peptide_id=34322&scanf=41927&charge=3&value=12/76,sp|Q9UFG5|CS025_HUMAN,/core/www/modules//consensus/?run_id=110202&search_id=114132&scans_id=110198&peptide_id=34322&scanf=41927&charge=3&value=sp|Q9UFG5|CS025_HUMAN,6,/core/www/modules/match_peptides/blast_html4.php?run_id=110202&search_id=114132&scans_id=110198&peptide_id=34322&scanf=41927&charge=3&value=6,R.VLLPTRPAPPTVEQILEDVR.G,/core/www/modules/show_out/show_out_wrapper.php?run_id=110202&search_id=114132&scans_id=110198&peptide_id=34322&scanf=41927&charge=3&value=R.VLLPTRPAPPTVEQILEDVR.G,C19orf25,2.059e+6,2.564,0.017,1.767,0.000
41928,3,"  5.749","  0.662",22/100,/core/www/modules//sdig/index.php?run_id=110202&search_id=114132&scans_id=110198&peptide_id=34323&scanf=41928&charge=3&value=22/100,sp|P49748|ACADV_HUMAN,/core/www/modules//consensus/?run_id=110202&search_id=114132&scans_id=110198&peptide_id=34323&scanf=41928&charge=3&value=sp|P49748|ACADV_HUMAN,2,/core/www/modules/match_peptides/blast_html4.php?run_id=110202&search_id=114132&scans_id=110198&peptide_id=34323&scanf=41928&charge=3&value=2,R.FFEEVNDPAKNDALEMVEETTWQGLK.E,/core/www/modules/show_out/show_out_wrapper.php?run_id=110202&search_id=114132&scans_id=110198&peptide_id=34323&scanf=41928&charge=3&value=R.FFEEVNDPAKNDALEMVEETTWQGLK.E,ACADVL,7.053e+5,2.966,0.004,2.358,0.000
41929,2,"  2.580","  0.628",11/18,/core/www/modules//sdig/index.php?run_id=110202&search_id=114132&scans_id=110198&peptide_id=34324&scanf=41929&charge=2&value=11/18,sp|Q14008|CKAP5_HUMAN,/core/www/modules//consensus/?run_id=110202&search_id=114132&scans_id=110198&peptide_id=34324&scanf=41929&charge=2&value=sp|Q14008|CKAP5_HUMAN,1,/core/www/modules/match_peptides/blast_html4.php?run_id=110202&search_id=114132&scans_id=110198&peptide_id=34324&scanf=41929&charge=2&value=1,K.VNDFLAEIFK.K,/core/www/modules/show_out/show_out_wrapper.php?run_id=110202&search_id=114132&scans_id=110198&peptide_id=34324&scanf=41929&charge=2&value=K.VNDFLAEIFK.K,CKAP5,2.573e+6,3.702,0.000,3.447,0.000
41930,3,"  3.699","  0.539",22/92,/core/www/modules//sdig/index.php?run_id=110202&search_id=114132&scans_id=110198&peptide_id=34326&scanf=41930&charge=3&value=22/92,sp|Q5T0B9|ZN362_HUMAN,/core/www/modules//consensus/?run_id=110202&search_id=114132&scans_id=110198&peptide_id=34326&scanf=41930&charge=3&value=sp|Q5T0B9|ZN362_HUMAN,0,/core/www/modules/match_peptides/blast_html4.php?run_id=110202&search_id=114132&scans_id=110198&peptide_id=34326&scanf=41930&charge=3&value=0,K.AENPGGPPVLVVPYPILASGETAK.E,/core/www/modules/show_out/show_out_wrapper.php?run_id=110202&search_id=114132&scans_id=110198&peptide_id=34326&scanf=41930&charge=3&value=K.AENPGGPPVLVVPYPILASGETAK.E,ZNF362,8.491e+5,2.831,0.007,2.158,0.000
41938,3,"  5.222","  0.640",19/68,/core/www/modules//sdig/index.php?run_id=110202&search_id=114132&scans_id=110198&peptide_id=34333&scanf=41938&charge=3&value=19/68,sp|P50750|CDK9_HUMAN,/core/www/modules//consensus/?run_id=110202&search_id=114132&scans_id=110198&peptide_id=34333&scanf=41938&charge=3&value=sp|P50750|CDK9_HUMAN,0,/core/www/modules/match_peptides/blast_html4.php?run_id=110202&search_id=114132&scans_id=110198&peptide_id=34333&scanf=41938&charge=3&value=0,K.GMLSTHLTSMFEYLAPPR.R,/core/www/modules/show_out/show_out_wrapper.php?run_id=110202&search_id=114132&scans_id=110198&peptide_id=34333&scanf=41938&charge=3&value=K.GMLSTHLTSMFEYLAPPR.R,CDK9,1.206e+7,3.606,0.000,3.306,0.000
41939,2,"  3.382","  0.607",16/24,/core/www/modules//sdig/index.php?run_id=110202&search_id=114132&scans_id=110198&peptide_id=34334&scanf=41939&charge=2&value=16/24,sp|Q13330|MTA1_HUMAN,/core/www/modules//consensus/?run_id=110202&search_id=114132&scans_id=110198&peptide_id=34334&scanf=41939&charge=2&value=sp|Q13330|MTA1_HUMAN,2,/core/www/modules/match_peptides/blast_html4.php?run_id=110202&search_id=114132&scans_id=110198&peptide_id=34334&scanf=41939&charge=2&value=2,K.DFTDIQQDFLPWK.S,/core/www/modules/show_out/show_out_wrapper.php?run_id=110202&search_id=114132&scans_id=110198&peptide_id=34334&scanf=41939&charge=2&value=K.DFTDIQQDFLPWK.S,MTA1,7.957e+6,3.698,0.000,3.442,0.000
41941,4,"  4.285","  0.525",17/156,/core/www/modules//sdig/index.php?run_id=110202&search_id=114132&scans_id=110198&peptide_id=34337&scanf=41941&charge=4&value=17/156,sp|A6NHR9|SMHD1_HUMAN,/core/www/modules//consensus/?run_id=110202&search_id=114132&scans_id=110198&peptide_id=34337&scanf=41941&charge=4&value=sp|A6NHR9|SMHD1_HUMAN,4,/core/www/modules/match_peptides/blast_html4.php?run_id=110202&search_id=114132&scans_id=110198&peptide_id=34337&scanf=41941&charge=4&value=4,K.VNWTPEINKEHLLQGLLPDVQVPTSVK.D,/core/www/modules/show_out/show_out_wrapper.php?run_id=110202&search_id=114132&scans_id=110198&peptide_id=34337&scanf=41941&charge=4&value=K.VNWTPEINKEHLLQGLLPDVQVPTSVK.D,SMCHD1,7.964e+5,2.991,0.004,2.395,0.000
41945,2,"  1.428","  0.258",8/20,/core/www/modules//sdig/index.php?run_id=110202&search_id=114132&scans_id=110198&peptide_id=34341&scanf=41945&charge=2&value=8/20,sp|O60508|PRP17_HUMAN,/core/www/modules//consensus/?run_id=110202&search_id=114132&scans_id=110198&peptide_id=34341&scanf=41945&charge=2&value=sp|O60508|PRP17_HUMAN,1,/core/www/modules/match_peptides/blast_html4.php?run_id=110202&search_id=114132&scans_id=110198&peptide_id=34341&scanf=41945&charge=2&value=1,R.VWEWDIPVDFK.Y,/core/www/modules/show_out/show_out_wrapper.php?run_id=110202&search_id=114132&scans_id=110198&peptide_id=34341&scanf=41945&charge=2&value=R.VWEWDIPVDFK.Y,CDC40,1.229e+6,1.913,0.138,0.859,0.007
41952,3,"  5.554","  0.664",26/124,/core/www/modules//sdig/index.php?run_id=110202&search_id=114132&scans_id=110198&peptide_id=34349&scanf=41952&charge=3&value=26/124,sp|Q96QR8|PURB_HUMAN,/core/www/modules//consensus/?run_id=110202&search_id=114132&scans_id=110198&peptide_id=34349&scanf=41952&charge=3&value=sp|Q96QR8|PURB_HUMAN,0,/core/www/modules/match_peptides/blast_html4.php?run_id=110202&search_id=114132&scans_id=110198&peptide_id=34349&scanf=41952&charge=3&value=0,R.DSLGDFIEHYAQLGPSSPEQLAAGAEEGGGPR.R,/core/www/modules/show_out/show_out_wrapper.php?run_id=110202&search_id=114132&scans_id=110198&peptide_id=34349&scanf=41952&charge=3&value=R.DSLGDFIEHYAQLGPSSPEQLAAGAEEGGGPR.R,PURB,1.129e+6,3.104,0.003,2.561,0.000
41953,3,"  4.925","  0.530",19/72,/core/www/modules//sdig/index.php?run_id=110202&search_id=114132&scans_id=110198&peptide_id=34350&scanf=41953&charge=3&value=19/72,sp|Q15050|RRS1_HUMAN,/core/www/modules//consensus/?run_id=110202&search_id=114132&scans_id=110198&peptide_id=34350&scanf=41953&charge=3&value=sp|Q15050|RRS1_HUMAN,0,/core/www/modules/match_peptides/blast_html4.php?run_id=110202&search_id=114132&scans_id=110198&peptide_id=34350&scanf=41953&charge=3&value=0,K.EWLIEVPGNADPLEDQFAK.R,/core/www/modules/show_out/show_out_wrapper.php?run_id=110202&search_id=114132&scans_id=110198&peptide_id=34350&scanf=41953&charge=3&value=K.EWLIEVPGNADPLEDQFAK.R,RRS1,8.128e+6,3.165,0.002,2.652,0.000
41960,3,"  5.068","  0.582",20/76,/core/www/modules//sdig/index.php?run_id=110202&search_id=114132&scans_id=110198&peptide_id=34357&scanf=41960&charge=3&value=20/76,tr|A0A0C4DG89|A0A0C4DG89_HUMAN,/core/www/modules//consensus/?run_id=110202&search_id=114132&scans_id=110198&peptide_id=34357&scanf=41960&charge=3&value=tr|A0A0C4DG89|A0A0C4DG89_HUMAN,0,/core/www/modules/match_peptides/blast_html4.php?run_id=110202&search_id=114132&scans_id=110198&peptide_id=34357&scanf=41960&charge=3&value=0,K.NLGIESQVDVMQQATNAILR.G,/core/www/modules/show_out/show_out_wrapper.php?run_id=110202&search_id=114132&scans_id=110198&peptide_id=34357&scanf=41960&charge=3&value=K.NLGIESQVDVMQQATNAILR.G,DDX46,2.494e+6,3.237,0.002,2.758,0.000
41962,2,"  2.212","  0.488",10/22,/core/www/modules//sdig/index.php?run_id=110202&search_id=114132&scans_id=110198&peptide_id=34359&scanf=41962&charge=2&value=10/22,sp|Q8NB78|KDM1B_HUMAN,/core/www/modules//consensus/?run_id=110202&search_id=114132&scans_id=110198&peptide_id=34359&scanf=41962&charge=2&value=sp|Q8NB78|KDM1B_HUMAN,1,/core/www/modules/match_peptides/blast_html4.php?run_id=110202&search_id=114132&scans_id=110198&peptide_id=34359&scanf=41962&charge=2&value=1,K.VLVTVPLALLQK.G,/core/www/modules/show_out/show_out_wrapper.php?run_id=110202&search_id=114132&scans_id=110198&peptide_id=34359&scanf=41962&charge=2&value=K.VLVTVPLALLQK.G,KDM1B,2.072e+6,2.860,0.006,2.202,0.000
41963,3,"  5.747","  0.565",21/88,/core/www/modules//sdig/index.php?run_id=110202&search_id=114132&scans_id=110198&peptide_id=34360&scanf=41963&charge=3&value=21/88,sp|P42166|LAP2A_HUMAN,/core/www/modules//consensus/?run_id=110202&search_id=114132&scans_id=110198&peptide_id=34360&scanf=41963&charge=3&value=sp|P42166|LAP2A_HUMAN,3,/core/www/modules/match_peptides/blast_html4.php?run_id=110202&search_id=114132&scans_id=110198&peptide_id=34360&scanf=41963&charge=3&value=3,R.QEDKDDLDVTELTNEDLLDQLVK.Y,/core/www/modules/show_out/show_out_wrapper.php?run_id=110202&search_id=114132&scans_id=110198&peptide_id=34360&scanf=41963&charge=3&value=R.QEDKDDLDVTELTNEDLLDQLVK.Y,TMPO,1.393e+6,2.910,0.005,2.275,0.000
41964,2,"  2.563","  0.536",11/22,/core/www/modules//sdig/index.php?run_id=110202&search_id=114132&scans_id=110198&peptide_id=34361&scanf=41964&charge=2&value=11/22,sp|Q14204|DYHC1_HUMAN,/core/www/modules//consensus/?run_id=110202&search_id=114132&scans_id=110198&peptide_id=34361&scanf=41964&charge=2&value=sp|Q14204|DYHC1_HUMAN,29,/core/www/modules/match_peptides/blast_html4.php?run_id=110202&search_id=114132&scans_id=110198&peptide_id=34361&scanf=41964&charge=2&value=29,K.VNFLPEIITLSK.E,/core/www/modules/show_out/show_out_wrapper.php?run_id=110202&search_id=114132&scans_id=110198&peptide_id=34361&scanf=41964&charge=2&value=K.VNFLPEIITLSK.E,DYNC1H1,6.705e+6,3.477,0.001,3.115,0.000
41965,2,"  3.277","  0.655",17/36,/core/www/modules//sdig/index.php?run_id=110202&search_id=114132&scans_id=110198&peptide_id=34362&scanf=41965&charge=2&value=17/36,sp|P62258|1433E_HUMAN,/core/www/modules//consensus/?run_id=110202&search_id=114132&scans_id=110198&peptide_id=34362&scanf=41965&charge=2&value=sp|P62258|1433E_HUMAN,1,/core/www/modules/match_peptides/blast_html4.php?run_id=110202&search_id=114132&scans_id=110198&peptide_id=34362&scanf=41965&charge=2&value=1,K.AAFDDAIAELDTLSEESYK.D,/core/www/modules/show_out/show_out_wrapper.php?run_id=110202&search_id=114132&scans_id=110198&peptide_id=34362&scanf=41965&charge=2&value=K.AAFDDAIAELDTLSEESYK.D,YWHAE,7.471e+6,3.309,0.001,2.865,0.000
41968,3,"  2.582","  0.375",13/60,/core/www/modules//sdig/index.php?run_id=110202&search_id=114132&scans_id=110198&peptide_id=34365&scanf=41968&charge=3&value=13/60,sp|Q9HC62|SENP2_HUMAN,/core/www/modules//consensus/?run_id=110202&search_id=114132&scans_id=110198&peptide_id=34365&scanf=41968&charge=3&value=sp|Q9HC62|SENP2_HUMAN,1,/core/www/modules/match_peptides/blast_html4.php?run_id=110202&search_id=114132&scans_id=110198&peptide_id=34365&scanf=41968&charge=3&value=1,K.GVNLFEQEIILVPIHR.K,/core/www/modules/show_out/show_out_wrapper.php?run_id=110202&search_id=114132&scans_id=110198&peptide_id=34365&scanf=41968&charge=3&value=K.GVNLFEQEIILVPIHR.K,SENP2,5.572e+6,2.355,0.034,1.465,0.001
41969,3,"  4.037","  0.600",18/92,/core/www/modules//sdig/index.php?run_id=110202&search_id=114132&scans_id=110198&peptide_id=34366&scanf=41969&charge=3&value=18/92,sp|Q15029|U5S1_HUMAN,/core/www/modules//consensus/?run_id=110202&search_id=114132&scans_id=110198&peptide_id=34366&scanf=41969&charge=3&value=sp|Q15029|U5S1_HUMAN,0,/core/www/modules/match_peptides/blast_html4.php?run_id=110202&search_id=114132&scans_id=110198&peptide_id=34366&scanf=41969&charge=3&value=0,K.SYLFNIMDTPGHVNFSDEVTAGLR.I,/core/www/modules/show_out/show_out_wrapper.php?run_id=110202&search_id=114132&scans_id=110198&peptide_id=34366&scanf=41969&charge=3&value=K.SYLFNIMDTPGHVNFSDEVTAGLR.I,EFTUD2,2.073e+6,2.959,0.004,2.348,0.000
41970,2,"  5.255","  0.752",22/36,/core/www/modules//sdig/index.php?run_id=110202&search_id=114132&scans_id=110198&peptide_id=34368&scanf=41970&charge=2&value=22/36,tr|K7EJE8|K7EJE8_HUMAN,/core/www/modules//consensus/?run_id=110202&search_id=114132&scans_id=110198&peptide_id=34368&scanf=41970&charge=2&value=tr|K7EJE8|K7EJE8_HUMAN,2,/core/www/modules/match_peptides/blast_html4.php?run_id=110202&search_id=114132&scans_id=110198&peptide_id=34368&scanf=41970&charge=2&value=2,R.EIFDIAFPDEQAEALAVER.-,/core/www/modules/show_out/show_out_wrapper.php?run_id=110202&search_id=114132&scans_id=110198&peptide_id=34368&scanf=41970&charge=2&value=R.EIFDIAFPDEQAEALAVER.-,LONP1,8.983e+5,3.946,0.000,3.809,0.000
41971,2,"  3.083","  0.456",8/34,/core/www/modules//sdig/index.php?run_id=110202&search_id=114132&scans_id=110198&peptide_id=34369&scanf=41971&charge=2&value=8/34,sp|Q15404|RSU1_HUMAN,/core/www/modules//consensus/?run_id=110202&search_id=114132&scans_id=110198&peptide_id=34369&scanf=41971&charge=2&value=sp|Q15404|RSU1_HUMAN,0,/core/www/modules/match_peptides/blast_html4.php?run_id=110202&search_id=114132&scans_id=110198&peptide_id=34369&scanf=41971&charge=2&value=0,R.ALYLSDNDFEILPPDIGK.L,/core/www/modules/show_out/show_out_wrapper.php?run_id=110202&search_id=114132&scans_id=110198&peptide_id=34369&scanf=41971&charge=2&value=R.ALYLSDNDFEILPPDIGK.L,RSU1,2.346e+6,2.263,0.046,1.334,0.002
41973,3,"  3.516","  0.592",15/60,/core/www/modules//sdig/index.php?run_id=110202&search_id=114132&scans_id=110198&peptide_id=34371&scanf=41973&charge=3&value=15/60,sp|P17980|PRS6A_HUMAN,/core/www/modules//consensus/?run_id=110202&search_id=114132&scans_id=110198&peptide_id=34371&scanf=41973&charge=3&value=sp|P17980|PRS6A_HUMAN,5,/core/www/modules/match_peptides/blast_html4.php?run_id=110202&search_id=114132&scans_id=110198&peptide_id=34371&scanf=41973&charge=3&value=5,K.LAGPQLVQMFIGDGAK.L,/core/www/modules/show_out/show_out_wrapper.php?run_id=110202&search_id=114132&scans_id=110198&peptide_id=34371&scanf=41973&charge=3&value=K.LAGPQLVQMFIGDGAK.L,PSMC3,4.852e+6,3.415,0.001,3.022,0.000
41974,2,"  3.441","  0.480",14/26,/core/www/modules//sdig/index.php?run_id=110202&search_id=114132&scans_id=110198&peptide_id=34372&scanf=41974&charge=2&value=14/26,sp|P24941|CDK2_HUMAN,/core/www/modules//consensus/?run_id=110202&search_id=114132&scans_id=110198&peptide_id=34372&scanf=41974&charge=2&value=sp|P24941|CDK2_HUMAN,4,/core/www/modules/match_peptides/blast_html4.php?run_id=110202&search_id=114132&scans_id=110198&peptide_id=34372&scanf=41974&charge=2&value=4,R.ALFPGDSEIDQLFR.I,/core/www/modules/show_out/show_out_wrapper.php?run_id=110202&search_id=114132&scans_id=110198&peptide_id=34372&scanf=41974&charge=2&value=R.ALFPGDSEIDQLFR.I,CDK2,1.778e+6,2.933,0.005,2.309,0.000
41975,2,"  3.656","  0.312",12/32,/core/www/modules//sdig/index.php?run_id=110202&search_id=114132&scans_id=110198&peptide_id=34373&scanf=41975&charge=2&value=12/32,sp|Q9UFC0|LRWD1_HUMAN,/core/www/modules//consensus/?run_id=110202&search_id=114132&scans_id=110198&peptide_id=34373&scanf=41975&charge=2&value=sp|Q9UFC0|LRWD1_HUMAN,0,/core/www/modules/match_peptides/blast_html4.php?run_id=110202&search_id=114132&scans_id=110198&peptide_id=34373&scanf=41975&charge=2&value=0,K.QPPLLPAALQAPTQILK.W,/core/www/modules/show_out/show_out_wrapper.php?run_id=110202&search_id=114132&scans_id=110198&peptide_id=34373&scanf=41975&charge=2&value=K.QPPLLPAALQAPTQILK.W,LRWD1,1.932e+6,2.122,0.073,1.137,0.002
41977,3,"  1.774","  0.270",7/64,/core/www/modules//sdig/index.php?run_id=110202&search_id=114132&scans_id=110198&peptide_id=34375&scanf=41977&charge=3&value=7/64,sp|Q96CU9|FXRD1_HUMAN,/core/www/modules//consensus/?run_id=110202&search_id=114132&scans_id=110198&peptide_id=34375&scanf=41977&charge=3&value=sp|Q96CU9|FXRD1_HUMAN,4,/core/www/modules/match_peptides/blast_html4.php?run_id=110202&search_id=114132&scans_id=110198&peptide_id=34375&scanf=41977&charge=3&value=4,R.NINEYLAVVDAPPLDLR.F,/core/www/modules/show_out/show_out_wrapper.php?run_id=110202&search_id=114132&scans_id=110198&peptide_id=34375&scanf=41977&charge=3&value=R.NINEYLAVVDAPPLDLR.F,FOXRED1,5.396e+5,1.839,0.171,0.766,0.009
41980,4,"  3.357","  0.542",19/138,/core/www/modules//sdig/index.php?run_id=110202&search_id=114132&scans_id=110198&peptide_id=34378&scanf=41980&charge=4&value=19/138,sp|P42285|MTREX_HUMAN,/core/www/modules//consensus/?run_id=110202&search_id=114132&scans_id=110198&peptide_id=34378&scanf=41980&charge=4&value=sp|P42285|MTREX_HUMAN,0,/core/www/modules/match_peptides/blast_html4.php?run_id=110202&search_id=114132&scans_id=110198&peptide_id=34378&scanf=41980&charge=4&value=0,K.RFPDGIPLLDPIDDMGIQDQGLKK.V,/core/www/modules/show_out/show_out_wrapper.php?run_id=110202&search_id=114132&scans_id=110198&peptide_id=34378&scanf=41980&charge=4&value=K.RFPDGIPLLDPIDDMGIQDQGLKK.V,MTREX,2.333e+6,2.714,0.010,1.986,0.000
41981,2,"  3.054","  0.634",12/22,/core/www/modules//sdig/index.php?run_id=110202&search_id=114132&scans_id=110198&peptide_id=34379&scanf=41981&charge=2&value=12/22,sp|O43143|DHX15_HUMAN,/core/www/modules//consensus/?run_id=110202&search_id=114132&scans_id=110198&peptide_id=34379&scanf=41981&charge=2&value=sp|O43143|DHX15_HUMAN,0,/core/www/modules/match_peptides/blast_html4.php?run_id=110202&search_id=114132&scans_id=110198&peptide_id=34379&scanf=41981&charge=2&value=0,R.TLATDILM*GVLK.E,/core/www/modules/show_out/show_out_wrapper.php?run_id=110202&search_id=114132&scans_id=110198&peptide_id=34379&scanf=41981&charge=2&value=R.TLATDILM*GVLK.E,DHX15,1.331e+7,3.659,0.000,3.384,0.000
41982,2,"  3.626","  0.599",12/28,/core/www/modules//sdig/index.php?run_id=110202&search_id=114132&scans_id=110198&peptide_id=34380&scanf=41982&charge=2&value=12/28,sp|P29372|3MG_HUMAN,/core/www/modules//consensus/?run_id=110202&search_id=114132&scans_id=110198&peptide_id=34380&scanf=41982&charge=2&value=sp|P29372|3MG_HUMAN,1,/core/www/modules/match_peptides/blast_html4.php?run_id=110202&search_id=114132&scans_id=110198&peptide_id=34380&scanf=41982&charge=2&value=1,R.LGLEFFDQPAVPLAR.A,/core/www/modules/show_out/show_out_wrapper.php?run_id=110202&search_id=114132&scans_id=110198&peptide_id=34380&scanf=41982&charge=2&value=R.LGLEFFDQPAVPLAR.A,MPG,4.903e+6,3.184,0.002,2.680,0.000
41986,2,"  5.214","  0.675",18/40,/core/www/modules//sdig/index.php?run_id=110202&search_id=114132&scans_id=110198&peptide_id=34384&scanf=41986&charge=2&value=18/40,sp|P55072|TERA_HUMAN,/core/www/modules//consensus/?run_id=110202&search_id=114132&scans_id=110198&peptide_id=34384&scanf=41986&charge=2&value=sp|P55072|TERA_HUMAN,7,/core/www/modules/match_peptides/blast_html4.php?run_id=110202&search_id=114132&scans_id=110198&peptide_id=34384&scanf=41986&charge=2&value=7,R.ETVVEVPQVTWEDIGGLEDVK.R,/core/www/modules/show_out/show_out_wrapper.php?run_id=110202&search_id=114132&scans_id=110198&peptide_id=34384&scanf=41986&charge=2&value=R.ETVVEVPQVTWEDIGGLEDVK.R,VCP,1.150e+6,3.539,0.001,3.206,0.000
41987,3,"  5.824","  0.693",20/72,/core/www/modules//sdig/index.php?run_id=110202&search_id=114132&scans_id=110198&peptide_id=34385&scanf=41987&charge=3&value=20/72,sp|O96019|ACL6A_HUMAN,/core/www/modules//consensus/?run_id=110202&search_id=114132&scans_id=110198&peptide_id=34385&scanf=41987&charge=3&value=sp|O96019|ACL6A_HUMAN,1,/core/www/modules/match_peptides/blast_html4.php?run_id=110202&search_id=114132&scans_id=110198&peptide_id=34385&scanf=41987&charge=3&value=1,K.NGMVEDWDSFQAILDHTYK.M,/core/www/modules/show_out/show_out_wrapper.php?run_id=110202&search_id=114132&scans_id=110198&peptide_id=34385&scanf=41987&charge=3&value=K.NGMVEDWDSFQAILDHTYK.M,ACTL6A,1.599e+7,3.774,0.000,3.554,0.000
41990,3,"  3.977","  0.508",15/52,/core/www/modules//sdig/index.php?run_id=110202&search_id=114132&scans_id=110198&peptide_id=34389&scanf=41990&charge=3&value=15/52,sp|Q9NXF1|TEX10_HUMAN,/core/www/modules//consensus/?run_id=110202&search_id=114132&scans_id=110198&peptide_id=34389&scanf=41990&charge=3&value=sp|Q9NXF1|TEX10_HUMAN,0,/core/www/modules/match_peptides/blast_html4.php?run_id=110202&search_id=114132&scans_id=110198&peptide_id=34389&scanf=41990&charge=3&value=0,R.VGPEELPVVGQLLR.L,/core/www/modules/show_out/show_out_wrapper.php?run_id=110202&search_id=114132&scans_id=110198&peptide_id=34389&scanf=41990&charge=3&value=R.VGPEELPVVGQLLR.L,TEX10,2.312e+6,3.303,0.001,2.857,0.000
42001,2,"  2.810","  0.440",12/18,/core/www/modules//sdig/index.php?run_id=110202&search_id=114132&scans_id=110198&peptide_id=34400&scanf=42001&charge=2&value=12/18,sp|P08670|VIME_HUMAN,/core/www/modules//consensus/?run_id=110202&search_id=114132&scans_id=110198&peptide_id=34400&scanf=42001&charge=2&value=sp|P08670|VIME_HUMAN,2,/core/www/modules/match_peptides/blast_html4.php?run_id=110202&search_id=114132&scans_id=110198&peptide_id=34400&scanf=42001&charge=2&value=2,K.ILLAELEQLK.G,/core/www/modules/show_out/show_out_wrapper.php?run_id=110202&search_id=114132&scans_id=110198&peptide_id=34400&scanf=42001&charge=2&value=K.ILLAELEQLK.G,VIM,2.375e+9,3.633,0.000,3.345,0.000
42004,3,"  3.325","  0.376",17/68,/core/www/modules//sdig/index.php?run_id=110202&search_id=114132&scans_id=110198&peptide_id=34403&scanf=42004&charge=3&value=17/68,sp|Q2TAY7|SMU1_HUMAN,/core/www/modules//consensus/?run_id=110202&search_id=114132&scans_id=110198&peptide_id=34403&scanf=42004&charge=3&value=sp|Q2TAY7|SMU1_HUMAN,0,/core/www/modules/match_peptides/blast_html4.php?run_id=110202&search_id=114132&scans_id=110198&peptide_id=34403&scanf=42004&charge=3&value=0,K.WQQHQGLLPPGMTIDLFR.G,/core/www/modules/show_out/show_out_wrapper.php?run_id=110202&search_id=114132&scans_id=110198&peptide_id=34403&scanf=42004&charge=3&value=K.WQQHQGLLPPGMTIDLFR.G,SMU1,2.235e+6,2.428,0.027,1.569,0.001
42007,3,"  3.597","  0.588",15/68,/core/www/modules//sdig/index.php?run_id=110202&search_id=114132&scans_id=110198&peptide_id=34406&scanf=42007&charge=3&value=15/68,sp|Q14CX7|NAA25_HUMAN,/core/www/modules//consensus/?run_id=110202&search_id=114132&scans_id=110198&peptide_id=34406&scanf=42007&charge=3&value=sp|Q14CX7|NAA25_HUMAN,0,/core/www/modules/match_peptides/blast_html4.php?run_id=110202&search_id=114132&scans_id=110198&peptide_id=34406&scanf=42007&charge=3&value=0,K.FINQLLGVVPLSTPTEDK.L,/core/www/modules/show_out/show_out_wrapper.php?run_id=110202&search_id=114132&scans_id=110198&peptide_id=34406&scanf=42007&charge=3&value=K.FINQLLGVVPLSTPTEDK.L,NAA25,1.505e+6,3.259,0.002,2.792,0.000
42008,3,"  2.728","  0.616",17/52,/core/www/modules//sdig/index.php?run_id=110202&search_id=114132&scans_id=110198&peptide_id=34407&scanf=42008&charge=3&value=17/52,sp|Q5JVF3|PCID2_HUMAN,/core/www/modules//consensus/?run_id=110202&search_id=114132&scans_id=110198&peptide_id=34407&scanf=42008&charge=3&value=sp|Q5JVF3|PCID2_HUMAN,0,/core/www/modules/match_peptides/blast_html4.php?run_id=110202&search_id=114132&scans_id=110198&peptide_id=34407&scanf=42008&charge=3&value=0,K.THQLSLDAFLVALK.F,/core/www/modules/show_out/show_out_wrapper.php?run_id=110202&search_id=114132&scans_id=110198&peptide_id=34407&scanf=42008&charge=3&value=K.THQLSLDAFLVALK.F,PCID2,1.693e+6,3.479,0.001,3.117,0.000
42009,3,"  7.401","  0.740",32/112,/core/www/modules//sdig/index.php?run_id=110202&search_id=114132&scans_id=110198&peptide_id=34408&scanf=42009&charge=3&value=32/112,sp|Q9BR76|COR1B_HUMAN,/core/www/modules//consensus/?run_id=110202&search_id=114132&scans_id=110198&peptide_id=34408&scanf=42009&charge=3&value=sp|Q9BR76|COR1B_HUMAN,0,/core/www/modules/match_peptides/blast_html4.php?run_id=110202&search_id=114132&scans_id=110198&peptide_id=34408&scanf=42009&charge=3&value=0,R.KSDLFQDDLYPDTAGPEAALEAEEWVSGR.D,/core/www/modules/show_out/show_out_wrapper.php?run_id=110202&search_id=114132&scans_id=110198&peptide_id=34408&scanf=42009&charge=3&value=R.KSDLFQDDLYPDTAGPEAALEAEEWVSGR.D,CORO1B,3.030e+6,3.403,0.001,3.004,0.000
42019,2,"  1.918","  0.495",8/14,/core/www/modules//sdig/index.php?run_id=110202&search_id=114132&scans_id=110198&peptide_id=34419&scanf=42019&charge=2&value=8/14,sp|P62805|H4_HUMAN,/core/www/modules//consensus/?run_id=110202&search_id=114132&scans_id=110198&peptide_id=34419&scanf=42019&charge=2&value=sp|P62805|H4_HUMAN,0,/core/www/modules/match_peptides/blast_html4.php?run_id=110202&search_id=114132&scans_id=110198&peptide_id=34419&scanf=42019&charge=2&value=0,K.VFLENVIR.D,/core/www/modules/show_out/show_out_wrapper.php?run_id=110202&search_id=114132&scans_id=110198&peptide_id=34419&scanf=42019&charge=2&value=K.VFLENVIR.D,H4C16,1.530e+6,3.304,0.001,2.857,0.000
42021,3,"  3.335","  0.638",18/56,/core/www/modules//sdig/index.php?run_id=110202&search_id=114132&scans_id=110198&peptide_id=34421&scanf=42021&charge=3&value=18/56,sp|P62277|RS13_HUMAN,/core/www/modules//consensus/?run_id=110202&search_id=114132&scans_id=110198&peptide_id=34421&scanf=42021&charge=3&value=sp|P62277|RS13_HUMAN,1,/core/www/modules/match_peptides/blast_html4.php?run_id=110202&search_id=114132&scans_id=110198&peptide_id=34421&scanf=42021&charge=3&value=1,K.GLAPDLPEDLYHLIK.K,/core/www/modules/show_out/show_out_wrapper.php?run_id=110202&search_id=114132&scans_id=110198&peptide_id=34421&scanf=42021&charge=3&value=K.GLAPDLPEDLYHLIK.K,RPS13,3.420e+8,3.674,0.000,3.406,0.000
42022,2,"  2.045","  0.162",11/16,/core/www/modules//sdig/index.php?run_id=110202&search_id=114132&scans_id=110198&peptide_id=34422&scanf=42022&charge=2&value=11/16,sp|O60814|H2B1K_HUMAN,/core/www/modules//consensus/?run_id=110202&search_id=114132&scans_id=110198&peptide_id=34422&scanf=42022&charge=2&value=sp|O60814|H2B1K_HUMAN,16,/core/www/modules/match_peptides/blast_html4.php?run_id=110202&search_id=114132&scans_id=110198&peptide_id=34422&scanf=42022&charge=2&value=16,R.LLLPGELAK.H,/core/www/modules/show_out/show_out_wrapper.php?run_id=110202&search_id=114132&scans_id=110198&peptide_id=34422&scanf=42022&charge=2&value=R.LLLPGELAK.H,H2BC12,4.487e+9,2.456,0.025,1.610,0.001
42024,2,"  2.659","  0.510",13/22,/core/www/modules//sdig/index.php?run_id=110202&search_id=114132&scans_id=110198&peptide_id=34424&scanf=42024&charge=2&value=13/22,sp|Q9P2J5|SYLC_HUMAN,/core/www/modules//consensus/?run_id=110202&search_id=114132&scans_id=110198&peptide_id=34424&scanf=42024&charge=2&value=sp|Q9P2J5|SYLC_HUMAN,7,/core/www/modules/match_peptides/blast_html4.php?run_id=110202&search_id=114132&scans_id=110198&peptide_id=34424&scanf=42024&charge=2&value=7,R.VDIGDTIIYLVH.-,/core/www/modules/show_out/show_out_wrapper.php?run_id=110202&search_id=114132&scans_id=110198&peptide_id=34424&scanf=42024&charge=2&value=R.VDIGDTIIYLVH.-,LARS1,9.336e+6,3.237,0.002,2.758,0.000
42028,2,"  3.188","  0.511",13/22,/core/www/modules//sdig/index.php?run_id=110202&search_id=114132&scans_id=110198&peptide_id=34428&scanf=42028&charge=2&value=13/22,sp|Q15397|PUM3_HUMAN,/core/www/modules//consensus/?run_id=110202&search_id=114132&scans_id=110198&peptide_id=34428&scanf=42028&charge=2&value=sp|Q15397|PUM3_HUMAN,0,/core/www/modules/match_peptides/blast_html4.php?run_id=110202&search_id=114132&scans_id=110198&peptide_id=34428&scanf=42028&charge=2&value=0,K.VFLDFFTYAPPK.L,/core/www/modules/show_out/show_out_wrapper.php?run_id=110202&search_id=114132&scans_id=110198&peptide_id=34428&scanf=42028&charge=2&value=K.VFLDFFTYAPPK.L,PUM3,2.332e+7,3.297,0.001,2.848,0.000
42035,3,"  3.308","  0.548",14/60,/core/www/modules//sdig/index.php?run_id=110202&search_id=114132&scans_id=110198&peptide_id=34436&scanf=42035&charge=3&value=14/60,sp|O95456|PSMG1_HUMAN,/core/www/modules//consensus/?run_id=110202&search_id=114132&scans_id=110198&peptide_id=34436&scanf=42035&charge=3&value=sp|O95456|PSMG1_HUMAN,0,/core/www/modules/match_peptides/blast_html4.php?run_id=110202&search_id=114132&scans_id=110198&peptide_id=34436&scanf=42035&charge=3&value=0,K.LDLITVEAFKPILSTR.S,/core/www/modules/show_out/show_out_wrapper.php?run_id=110202&search_id=114132&scans_id=110198&peptide_id=34436&scanf=42035&charge=3&value=K.LDLITVEAFKPILSTR.S,PSMG1,9.011e+5,3.142,0.002,2.617,0.000
42036,2,"  3.476","  0.597",16/30,/core/www/modules//sdig/index.php?run_id=110202&search_id=114132&scans_id=110198&peptide_id=34437&scanf=42036&charge=2&value=16/30,sp|P53396|ACLY_HUMAN,/core/www/modules//consensus/?run_id=110202&search_id=114132&scans_id=110198&peptide_id=34437&scanf=42036&charge=2&value=sp|P53396|ACLY_HUMAN,0,/core/www/modules/match_peptides/blast_html4.php?run_id=110202&search_id=114132&scans_id=110198&peptide_id=34437&scanf=42036&charge=2&value=0,R.GQELIYAGMPITEVFK.E,/core/www/modules/show_out/show_out_wrapper.php?run_id=110202&search_id=114132&scans_id=110198&peptide_id=34437&scanf=42036&charge=2&value=R.GQELIYAGMPITEVFK.E,ACLY,2.100e+6,3.323,0.001,2.886,0.000
42043,4,"  5.613","  0.723",28/198,/core/www/modules//sdig/index.php?run_id=110202&search_id=114132&scans_id=110198&peptide_id=34443&scanf=42043&charge=4&value=28/198,sp|P22061|PIMT_HUMAN,/core/www/modules//consensus/?run_id=110202&search_id=114132&scans_id=110198&peptide_id=34443&scanf=42043&charge=4&value=sp|P22061|PIMT_HUMAN,2,/core/www/modules/match_peptides/blast_html4.php?run_id=110202&search_id=114132&scans_id=110198&peptide_id=34443&scanf=42043&charge=4&value=2,R.MGYAEEAPYDAIHVGAAAPVVPQALIDQLKPGGR.L,/core/www/modules/show_out/show_out_wrapper.php?run_id=110202&search_id=114132&scans_id=110198&peptide_id=34443&scanf=42043&charge=4&value=R.MGYAEEAPYDAIHVGAAAPVVPQALIDQLKPGGR.L,PCMT1,1.585e+6,3.580,0.001,3.267,0.000
42044,3,"  7.842","  0.661",24/112,/core/www/modules//sdig/index.php?run_id=110202&search_id=114132&scans_id=110198&peptide_id=34444&scanf=42044&charge=3&value=24/112,sp|Q9BR76|COR1B_HUMAN,/core/www/modules//consensus/?run_id=110202&search_id=114132&scans_id=110198&peptide_id=34444&scanf=42044&charge=3&value=sp|Q9BR76|COR1B_HUMAN,0,/core/www/modules/match_peptides/blast_html4.php?run_id=110202&search_id=114132&scans_id=110198&peptide_id=34444&scanf=42044&charge=3&value=0,R.KSDLFQDDLYPDTAGPEAALEAEEWVSGR.D,/core/www/modules/show_out/show_out_wrapper.php?run_id=110202&search_id=114132&scans_id=110198&peptide_id=34444&scanf=42044&charge=3&value=R.KSDLFQDDLYPDTAGPEAALEAEEWVSGR.D,CORO1B,3.030e+6,3.017,0.004,2.434,0.000
42047,2,"  4.848","  0.737",22/38,/core/www/modules//sdig/index.php?run_id=110202&search_id=114132&scans_id=110198&peptide_id=34447&scanf=42047&charge=2&value=22/38,sp|P35249|RFC4_HUMAN,/core/www/modules//consensus/?run_id=110202&search_id=114132&scans_id=110198&peptide_id=34447&scanf=42047&charge=2&value=sp|P35249|RFC4_HUMAN,5,/core/www/modules/match_peptides/blast_html4.php?run_id=110202&search_id=114132&scans_id=110198&peptide_id=34447&scanf=42047&charge=2&value=5,K.SLEGADLPNLLFYGPPGTGK.T,/core/www/modules/show_out/show_out_wrapper.php?run_id=110202&search_id=114132&scans_id=110198&peptide_id=34447&scanf=42047&charge=2&value=K.SLEGADLPNLLFYGPPGTGK.T,RFC4,3.401e+6,3.780,0.000,3.563,0.000
42048,2,"  2.972","  0.699",14/26,/core/www/modules//sdig/index.php?run_id=110202&search_id=114132&scans_id=110198&peptide_id=34448&scanf=42048&charge=2&value=14/26,sp|Q6P2Q9|PRP8_HUMAN,/core/www/modules//consensus/?run_id=110202&search_id=114132&scans_id=110198&peptide_id=34448&scanf=42048&charge=2&value=sp|Q6P2Q9|PRP8_HUMAN,1,/core/www/modules/match_peptides/blast_html4.php?run_id=110202&search_id=114132&scans_id=110198&peptide_id=34448&scanf=42048&charge=2&value=1,K.VPGLPTPIENMILR.Y,/core/www/modules/show_out/show_out_wrapper.php?run_id=110202&search_id=114132&scans_id=110198&peptide_id=34448&scanf=42048&charge=2&value=K.VPGLPTPIENMILR.Y,PRPF8,3.615e+7,4.014,0.000,3.910,0.000
42051,2,"  2.283","  0.439",10/16,/core/www/modules//sdig/index.php?run_id=110202&search_id=114132&scans_id=110198&peptide_id=34452&scanf=42051&charge=2&value=10/16,sp|Q92621|NU205_HUMAN,/core/www/modules//consensus/?run_id=110202&search_id=114132&scans_id=110198&peptide_id=34452&scanf=42051&charge=2&value=sp|Q92621|NU205_HUMAN,0,/core/www/modules/match_peptides/blast_html4.php?run_id=110202&search_id=114132&scans_id=110198&peptide_id=34452&scanf=42051&charge=2&value=0,K.ENLFMDLLR.E,/core/www/modules/show_out/show_out_wrapper.php?run_id=110202&search_id=114132&scans_id=110198&peptide_id=34452&scanf=42051&charge=2&value=K.ENLFMDLLR.E,NUP205,1.415e+6,3.059,0.003,2.495,0.000
42054,3,"  5.098","  0.683",22/88,/core/www/modules//sdig/index.php?run_id=110202&search_id=114132&scans_id=110198&peptide_id=34455&scanf=42054&charge=3&value=22/88,sp|Q8WV22|NSE1_HUMAN,/core/www/modules//consensus/?run_id=110202&search_id=114132&scans_id=110198&peptide_id=34455&scanf=42054&charge=3&value=sp|Q8WV22|NSE1_HUMAN,3,/core/www/modules/match_peptides/blast_html4.php?run_id=110202&search_id=114132&scans_id=110198&peptide_id=34455&scanf=42054&charge=3&value=3,R.GVTEDDGRPIYALVNLATTSISK.M,/core/www/modules/show_out/show_out_wrapper.php?run_id=110202&search_id=114132&scans_id=110198&peptide_id=34455&scanf=42054&charge=3&value=R.GVTEDDGRPIYALVNLATTSISK.M,NSMCE1,1.257e+6,3.448,0.001,3.071,0.000
42056,3,"  4.333","  0.508",11/84,/core/www/modules//sdig/index.php?run_id=110202&search_id=114132&scans_id=110198&peptide_id=34457&scanf=42056&charge=3&value=11/84,sp|Q00839|HNRPU_HUMAN,/core/www/modules//consensus/?run_id=110202&search_id=114132&scans_id=110198&peptide_id=34457&scanf=42056&charge=3&value=sp|Q00839|HNRPU_HUMAN,10,/core/www/modules/match_peptides/blast_html4.php?run_id=110202&search_id=114132&scans_id=110198&peptide_id=34457&scanf=42056&charge=3&value=10,K.EKPYFPIPEEYTFIQNVPLEDR.V,/core/www/modules/show_out/show_out_wrapper.php?run_id=110202&search_id=114132&scans_id=110198&peptide_id=34457&scanf=42056&charge=3&value=K.EKPYFPIPEEYTFIQNVPLEDR.V,HNRNPU,1.480e+8,2.829,0.007,2.156,0.000
42059,3,"  2.738","  0.426",13/56,/core/www/modules//sdig/index.php?run_id=110202&search_id=114132&scans_id=110198&peptide_id=34460&scanf=42059&charge=3&value=13/56,sp|P29372|3MG_HUMAN,/core/www/modules//consensus/?run_id=110202&search_id=114132&scans_id=110198&peptide_id=34460&scanf=42059&charge=3&value=sp|P29372|3MG_HUMAN,1,/core/www/modules/match_peptides/blast_html4.php?run_id=110202&search_id=114132&scans_id=110198&peptide_id=34460&scanf=42059&charge=3&value=1,R.LGLEFFDQPAVPLAR.A,/core/www/modules/show_out/show_out_wrapper.php?run_id=110202&search_id=114132&scans_id=110198&peptide_id=34460&scanf=42059&charge=3&value=R.LGLEFFDQPAVPLAR.A,MPG,1.212e+6,2.772,0.008,2.072,0.000
42060,2,"  3.775","  0.149",14/26,/core/www/modules//sdig/index.php?run_id=110202&search_id=114132&scans_id=110198&peptide_id=34462&scanf=42060&charge=2&value=14/26,sp|P20339|RAB5A_HUMAN,/core/www/modules//consensus/?run_id=110202&search_id=114132&scans_id=110198&peptide_id=34462&scanf=42060&charge=2&value=sp|P20339|RAB5A_HUMAN,0,/core/www/modules/match_peptides/blast_html4.php?run_id=110202&search_id=114132&scans_id=110198&peptide_id=34462&scanf=42060&charge=2&value=0,K.TSMNVNEIFMAIAK.K,/core/www/modules/show_out/show_out_wrapper.php?run_id=110202&search_id=114132&scans_id=110198&peptide_id=34462&scanf=42060&charge=2&value=K.TSMNVNEIFMAIAK.K,RAB5A,2.040e+6,1.894,0.146,0.834,0.007
42064,2,"  3.263","  0.605",14/22,/core/www/modules//sdig/index.php?run_id=110202&search_id=114132&scans_id=110198&peptide_id=34465&scanf=42064&charge=2&value=14/22,sp|Q15397|PUM3_HUMAN,/core/www/modules//consensus/?run_id=110202&search_id=114132&scans_id=110198&peptide_id=34465&scanf=42064&charge=2&value=sp|Q15397|PUM3_HUMAN,0,/core/www/modules/match_peptides/blast_html4.php?run_id=110202&search_id=114132&scans_id=110198&peptide_id=34465&scanf=42064&charge=2&value=0,K.VFLDFFTYAPPK.L,/core/www/modules/show_out/show_out_wrapper.php?run_id=110202&search_id=114132&scans_id=110198&peptide_id=34465&scanf=42064&charge=2&value=K.VFLDFFTYAPPK.L,PUM3,2.332e+7,3.700,0.000,3.444,0.000
42065,2,"  4.281","  0.693",18/30,/core/www/modules//sdig/index.php?run_id=110202&search_id=114132&scans_id=110198&peptide_id=34466&scanf=42065&charge=2&value=18/30,sp|P62191|PRS4_HUMAN,/core/www/modules//consensus/?run_id=110202&search_id=114132&scans_id=110198&peptide_id=34466&scanf=42065&charge=2&value=sp|P62191|PRS4_HUMAN,0,/core/www/modules/match_peptides/blast_html4.php?run_id=110202&search_id=114132&scans_id=110198&peptide_id=34466&scanf=42065&charge=2&value=0,R.MTLADDVTLDDLIMAK.D,/core/www/modules/show_out/show_out_wrapper.php?run_id=110202&search_id=114132&scans_id=110198&peptide_id=34466&scanf=42065&charge=2&value=R.MTLADDVTLDDLIMAK.D,PSMC1,4.917e+6,3.817,0.000,3.619,0.000
42070,3,"  1.525","  0.368",11/56,/core/www/modules//sdig/index.php?run_id=110202&search_id=114132&scans_id=110198&peptide_id=34472&scanf=42070&charge=3&value=11/56,sp|Q9H8V3|ECT2_HUMAN,/core/www/modules//consensus/?run_id=110202&search_id=114132&scans_id=110198&peptide_id=34472&scanf=42070&charge=3&value=sp|Q9H8V3|ECT2_HUMAN,1,/core/www/modules/match_peptides/blast_html4.php?run_id=110202&search_id=114132&scans_id=110198&peptide_id=34472&scanf=42070&charge=3&value=1,K.TIFGSIPDIFDVHTK.I,/core/www/modules/show_out/show_out_wrapper.php?run_id=110202&search_id=114132&scans_id=110198&peptide_id=34472&scanf=42070&charge=3&value=K.TIFGSIPDIFDVHTK.I,ECT2,2.374e+6,2.450,0.025,1.602,0.001
42076,3,"  2.506","  0.236",12/64,/core/www/modules//sdig/index.php?run_id=110202&search_id=114132&scans_id=110198&peptide_id=34478&scanf=42076&charge=3&value=12/64,sp|Q8N2F6|ARM10_HUMAN,/core/www/modules//consensus/?run_id=110202&search_id=114132&scans_id=110198&peptide_id=34478&scanf=42076&charge=3&value=sp|Q8N2F6|ARM10_HUMAN,2,/core/www/modules/match_peptides/blast_html4.php?run_id=110202&search_id=114132&scans_id=110198&peptide_id=34478&scanf=42076&charge=3&value=2,K.LLLNLSENPAMTEGLLR.A,/core/www/modules/show_out/show_out_wrapper.php?run_id=110202&search_id=114132&scans_id=110198&peptide_id=34478&scanf=42076&charge=3&value=K.LLLNLSENPAMTEGLLR.A,ARMC10,1.094e+6,1.990,0.110,0.959,0.005
42078,2,"  3.856","  0.579",16/28,/core/www/modules//sdig/index.php?run_id=110202&search_id=114132&scans_id=110198&peptide_id=34480&scanf=42078&charge=2&value=16/28,sp|Q13148|TADBP_HUMAN,/core/www/modules//consensus/?run_id=110202&search_id=114132&scans_id=110198&peptide_id=34480&scanf=42078&charge=2&value=sp|Q13148|TADBP_HUMAN,11,/core/www/modules/match_peptides/blast_html4.php?run_id=110202&search_id=114132&scans_id=110198&peptide_id=34480&scanf=42078&charge=2&value=11,K.EYFSTFGEVLMVQVK.K,/core/www/modules/show_out/show_out_wrapper.php?run_id=110202&search_id=114132&scans_id=110198&peptide_id=34480&scanf=42078&charge=2&value=K.EYFSTFGEVLMVQVK.K,TARDBP,1.847e+6,3.383,0.001,2.974,0.000
42081,3,"  2.505","  0.478",14/48,/core/www/modules//sdig/index.php?run_id=110202&search_id=114132&scans_id=110198&peptide_id=34484&scanf=42081&charge=3&value=14/48,sp|Q5TAP6|UT14C_HUMAN,/core/www/modules//consensus/?run_id=110202&search_id=114132&scans_id=110198&peptide_id=34484&scanf=42081&charge=3&value=sp|Q5TAP6|UT14C_HUMAN,2,/core/www/modules/match_peptides/blast_html4.php?run_id=110202&search_id=114132&scans_id=110198&peptide_id=34484&scanf=42081&charge=3&value=2,R.TPLEQEIFNLLHK.N,/core/www/modules/show_out/show_out_wrapper.php?run_id=110202&search_id=114132&scans_id=110198&peptide_id=34484&scanf=42081&charge=3&value=R.TPLEQEIFNLLHK.N,UTP14C,1.973e+6,3.042,0.003,2.470,0.000
42085,2,"  2.480","  0.570",10/22,/core/www/modules//sdig/index.php?run_id=110202&search_id=114132&scans_id=110198&peptide_id=34487&scanf=42085&charge=2&value=10/22,sp|P51531|SMCA2_HUMAN,/core/www/modules//consensus/?run_id=110202&search_id=114132&scans_id=110198&peptide_id=34487&scanf=42085&charge=2&value=sp|P51531|SMCA2_HUMAN,40,/core/www/modules/match_peptides/blast_html4.php?run_id=110202&search_id=114132&scans_id=110198&peptide_id=34487&scanf=42085&charge=2&value=40,R.QLSEVFIQLPSR.K,/core/www/modules/show_out/show_out_wrapper.php?run_id=110202&search_id=114132&scans_id=110198&peptide_id=34487&scanf=42085&charge=2&value=R.QLSEVFIQLPSR.K,SMARCA2,1.850e+6,3.489,0.001,3.132,0.000
42088,2,"  1.605","  0.371",7/20,/core/www/modules//sdig/index.php?run_id=110202&search_id=114132&scans_id=110198&peptide_id=34490&scanf=42088&charge=2&value=7/20,sp|Q92797|SYMPK_HUMAN,/core/www/modules//consensus/?run_id=110202&search_id=114132&scans_id=110198&peptide_id=34490&scanf=42088&charge=2&value=sp|Q92797|SYMPK_HUMAN,1,/core/www/modules/match_peptides/blast_html4.php?run_id=110202&search_id=114132&scans_id=110198&peptide_id=34490&scanf=42088&charge=2&value=1,R.FLIPVLNGLEK.K,/core/www/modules/show_out/show_out_wrapper.php?run_id=110202&search_id=114132&scans_id=110198&peptide_id=34490&scanf=42088&charge=2&value=R.FLIPVLNGLEK.K,SYMPK,9.677e+6,2.452,0.025,1.605,0.001
42093,2,"  3.513","  0.558",17/30,/core/www/modules//sdig/index.php?run_id=110202&search_id=114132&scans_id=110198&peptide_id=34496&scanf=42093&charge=2&value=17/30,sp|P62820|RAB1A_HUMAN,/core/www/modules//consensus/?run_id=110202&search_id=114132&scans_id=110198&peptide_id=34496&scanf=42093&charge=2&value=sp|P62820|RAB1A_HUMAN,4,/core/www/modules/match_peptides/blast_html4.php?run_id=110202&search_id=114132&scans_id=110198&peptide_id=34496&scanf=42093&charge=2&value=4,K.EFADSLGIPFLETSAK.N,/core/www/modules/show_out/show_out_wrapper.php?run_id=110202&search_id=114132&scans_id=110198&peptide_id=34496&scanf=42093&charge=2&value=K.EFADSLGIPFLETSAK.N,RAB1A,2.375e+7,3.274,0.002,2.813,0.000
42094,3,"  2.937","  0.458",11/64,/core/www/modules//sdig/index.php?run_id=110202&search_id=114132&scans_id=110198&peptide_id=34497&scanf=42094&charge=3&value=11/64,sp|Q14980|NUMA1_HUMAN,/core/www/modules//consensus/?run_id=110202&search_id=114132&scans_id=110198&peptide_id=34497&scanf=42094&charge=3&value=sp|Q14980|NUMA1_HUMAN,1,/core/www/modules/match_peptides/blast_html4.php?run_id=110202&search_id=114132&scans_id=110198&peptide_id=34497&scanf=42094&charge=3&value=1,R.KNSLISSLEEEVSILNR.Q,/core/www/modules/show_out/show_out_wrapper.php?run_id=110202&search_id=114132&scans_id=110198&peptide_id=34497&scanf=42094&charge=3&value=R.KNSLISSLEEEVSILNR.Q,NUMA1,2.214e+6,2.605,0.015,1.827,0.000
42096,3,"  3.374","  0.512",14/68,/core/www/modules//sdig/index.php?run_id=110202&search_id=114132&scans_id=110198&peptide_id=34499&scanf=42096&charge=3&value=14/68,sp|Q10570|CPSF1_HUMAN,/core/www/modules//consensus/?run_id=110202&search_id=114132&scans_id=110198&peptide_id=34499&scanf=42096&charge=3&value=sp|Q10570|CPSF1_HUMAN,1,/core/www/modules/match_peptides/blast_html4.php?run_id=110202&search_id=114132&scans_id=110198&peptide_id=34499&scanf=42096&charge=3&value=1,K.KIGTTPDIILDDLLETDR.V,/core/www/modules/show_out/show_out_wrapper.php?run_id=110202&search_id=114132&scans_id=110198&peptide_id=34499&scanf=42096&charge=3&value=K.KIGTTPDIILDDLLETDR.V,CPSF1,3.429e+6,2.653,0.013,1.897,0.000
42097,3,"  3.619","  0.487",13/76,/core/www/modules//sdig/index.php?run_id=110202&search_id=114132&scans_id=110198&peptide_id=34500&scanf=42097&charge=3&value=13/76,sp|O43396|TXNL1_HUMAN,/core/www/modules//consensus/?run_id=110202&search_id=114132&scans_id=110198&peptide_id=34500&scanf=42097&charge=3&value=sp|O43396|TXNL1_HUMAN,2,/core/www/modules/match_peptides/blast_html4.php?run_id=110202&search_id=114132&scans_id=110198&peptide_id=34500&scanf=42097&charge=3&value=2,R.ISYFTFIGTPVQATNMNDFK.R,/core/www/modules/show_out/show_out_wrapper.php?run_id=110202&search_id=114132&scans_id=110198&peptide_id=34500&scanf=42097&charge=3&value=R.ISYFTFIGTPVQATNMNDFK.R,TXNL1,1.196e+6,2.698,0.011,1.963,0.000
42099,3,"  2.005","  0.321",14/60,/core/www/modules//sdig/index.php?run_id=110202&search_id=114132&scans_id=110198&peptide_id=34502&scanf=42099&charge=3&value=14/60,sp|Q12769|NU160_HUMAN,/core/www/modules//consensus/?run_id=110202&search_id=114132&scans_id=110198&peptide_id=34502&scanf=42099&charge=3&value=sp|Q12769|NU160_HUMAN,3,/core/www/modules/match_peptides/blast_html4.php?run_id=110202&search_id=114132&scans_id=110198&peptide_id=34502&scanf=42099&charge=3&value=3,K.LPPYDIPGMVSVVELK.Q,/core/www/modules/show_out/show_out_wrapper.php?run_id=110202&search_id=114132&scans_id=110198&peptide_id=34502&scanf=42099&charge=3&value=K.LPPYDIPGMVSVVELK.Q,NUP160,1.419e+6,2.299,0.041,1.385,0.001
42101,3,"  2.921","  0.508",13/52,/core/www/modules//sdig/index.php?run_id=110202&search_id=114132&scans_id=110198&peptide_id=34505&scanf=42101&charge=3&value=13/52,sp|P55072|TERA_HUMAN,/core/www/modules//consensus/?run_id=110202&search_id=114132&scans_id=110198&peptide_id=34505&scanf=42101&charge=3&value=sp|P55072|TERA_HUMAN,9,/core/www/modules/match_peptides/blast_html4.php?run_id=110202&search_id=114132&scans_id=110198&peptide_id=34505&scanf=42101&charge=3&value=9,R.RIVSQLLTLMDGLK.Q,/core/www/modules/show_out/show_out_wrapper.php?run_id=110202&search_id=114132&scans_id=110198&peptide_id=34505&scanf=42101&charge=3&value=R.RIVSQLLTLMDGLK.Q,VCP,1.320e+6,2.954,0.005,2.339,0.000
42103,2,"  1.618","  0.261",8/18,/core/www/modules//sdig/index.php?run_id=110202&search_id=114132&scans_id=110198&peptide_id=34507&scanf=42103&charge=2&value=8/18,sp|Q9UBB4|ATX10_HUMAN,/core/www/modules//consensus/?run_id=110202&search_id=114132&scans_id=110198&peptide_id=34507&scanf=42103&charge=2&value=sp|Q9UBB4|ATX10_HUMAN,1,/core/www/modules/match_peptides/blast_html4.php?run_id=110202&search_id=114132&scans_id=110198&peptide_id=34507&scanf=42103&charge=2&value=1,R.VTLLDLMIAK.I,/core/www/modules/show_out/show_out_wrapper.php?run_id=110202&search_id=114132&scans_id=110198&peptide_id=34507&scanf=42103&charge=2&value=R.VTLLDLMIAK.I,ATXN10,8.160e+5,2.172,0.062,1.206,0.002
42105,2,"  4.379","  0.325",17/28,/core/www/modules//sdig/index.php?run_id=110202&search_id=114132&scans_id=110198&peptide_id=34508&scanf=42105&charge=2&value=17/28,sp|O60814|H2B1K_HUMAN,/core/www/modules//consensus/?run_id=110202&search_id=114132&scans_id=110198&peptide_id=34508&scanf=42105&charge=2&value=sp|O60814|H2B1K_HUMAN,14,/core/www/modules/match_peptides/blast_html4.php?run_id=110202&search_id=114132&scans_id=110198&peptide_id=34508&scanf=42105&charge=2&value=14,K.AM*GIMNSFVNDIFER.I,/core/www/modules/show_out/show_out_wrapper.php?run_id=110202&search_id=114132&scans_id=110198&peptide_id=34508&scanf=42105&charge=2&value=K.AM*GIMNSFVNDIFER.I,H2BC12,2.353e+8,4.336,0.000,4.388,0.000
42110,3,"  2.752","  0.353",10/72,/core/www/modules//sdig/index.php?run_id=110202&search_id=114132&scans_id=110198&peptide_id=34514&scanf=42110&charge=3&value=10/72,sp|Q15149|PLEC_HUMAN,/core/www/modules//consensus/?run_id=110202&search_id=114132&scans_id=110198&peptide_id=34514&scanf=42110&charge=3&value=sp|Q15149|PLEC_HUMAN,5,/core/www/modules/match_peptides/blast_html4.php?run_id=110202&search_id=114132&scans_id=110198&peptide_id=34514&scanf=42110&charge=3&value=5,K.GFFDPNTEENLTYLQLMER.C,/core/www/modules/show_out/show_out_wrapper.php?run_id=110202&search_id=114132&scans_id=110198&peptide_id=34514&scanf=42110&charge=3&value=K.GFFDPNTEENLTYLQLMER.C,PLEC,4.003e+6,2.775,0.008,2.076,0.000
42113,3,"  4.745","  0.664",20/72,/core/www/modules//sdig/index.php?run_id=110202&search_id=114132&scans_id=110198&peptide_id=34517&scanf=42113&charge=3&value=20/72,sp|Q8NDF8|PAPD5_HUMAN,/core/www/modules//consensus/?run_id=110202&search_id=114132&scans_id=110198&peptide_id=34517&scanf=42113&charge=3&value=sp|Q8NDF8|PAPD5_HUMAN,2,/core/www/modules/match_peptides/blast_html4.php?run_id=110202&search_id=114132&scans_id=110198&peptide_id=34517&scanf=42113&charge=3&value=2,K.QAFDYAYVVLSHAVSPIAK.Y,/core/www/modules/show_out/show_out_wrapper.php?run_id=110202&search_id=114132&scans_id=110198&peptide_id=34517&scanf=42113&charge=3&value=K.QAFDYAYVVLSHAVSPIAK.Y,TENT4B,1.197e+6,3.503,0.001,3.152,0.000
42117,2,"  2.461","  0.444",10/26,/core/www/modules//sdig/index.php?run_id=110202&search_id=114132&scans_id=110198&peptide_id=34521&scanf=42117&charge=2&value=10/26,sp|Q8TAT6|NPL4_HUMAN,/core/www/modules//consensus/?run_id=110202&search_id=114132&scans_id=110198&peptide_id=34521&scanf=42117&charge=2&value=sp|Q8TAT6|NPL4_HUMAN,0,/core/www/modules/match_peptides/blast_html4.php?run_id=110202&search_id=114132&scans_id=110198&peptide_id=34521&scanf=42117&charge=2&value=0,K.VGWIFTDLVSEDTR.K,/core/www/modules/show_out/show_out_wrapper.php?run_id=110202&search_id=114132&scans_id=110198&peptide_id=34521&scanf=42117&charge=2&value=K.VGWIFTDLVSEDTR.K,NPLOC4,4.040e+6,2.281,0.044,1.360,0.001
42120,2,"  1.803","  0.410",7/18,/core/www/modules//sdig/index.php?run_id=110202&search_id=114132&scans_id=110198&peptide_id=34525&scanf=42120&charge=2&value=7/18,sp|P27348|1433T_HUMAN,/core/www/modules//consensus/?run_id=110202&search_id=114132&scans_id=110198&peptide_id=34525&scanf=42120&charge=2&value=sp|P27348|1433T_HUMAN,11,/core/www/modules/match_peptides/blast_html4.php?run_id=110202&search_id=114132&scans_id=110198&peptide_id=34525&scanf=42120&charge=2&value=11,K.DSTLIMQLLR.D,/core/www/modules/show_out/show_out_wrapper.php?run_id=110202&search_id=114132&scans_id=110198&peptide_id=34525&scanf=42120&charge=2&value=K.DSTLIMQLLR.D,YWHAQ,1.154e+8,2.624,0.014,1.856,0.000
42126,4,"  4.326","  0.587",23/126,/core/www/modules//sdig/index.php?run_id=110202&search_id=114132&scans_id=110198&peptide_id=34530&scanf=42126&charge=4&value=23/126,sp|Q8TDN6|BRX1_HUMAN,/core/www/modules//consensus/?run_id=110202&search_id=114132&scans_id=110198&peptide_id=34530&scanf=42126&charge=4&value=sp|Q8TDN6|BRX1_HUMAN,0,/core/www/modules/match_peptides/blast_html4.php?run_id=110202&search_id=114132&scans_id=110198&peptide_id=34530&scanf=42126&charge=4&value=0,K.GSRPLLSFDPAFDELPHYALLK.E,/core/www/modules/show_out/show_out_wrapper.php?run_id=110202&search_id=114132&scans_id=110198&peptide_id=34530&scanf=42126&charge=4&value=K.GSRPLLSFDPAFDELPHYALLK.E,BRIX1,3.501e+7,3.570,0.001,3.252,0.000
42128,3,"  5.865","  0.659",24/96,/core/www/modules//sdig/index.php?run_id=110202&search_id=114132&scans_id=110198&peptide_id=34532&scanf=42128&charge=3&value=24/96,sp|Q13573|SNW1_HUMAN,/core/www/modules//consensus/?run_id=110202&search_id=114132&scans_id=110198&peptide_id=34532&scanf=42128&charge=3&value=sp|Q13573|SNW1_HUMAN,2,/core/www/modules/match_peptides/blast_html4.php?run_id=110202&search_id=114132&scans_id=110198&peptide_id=34532&scanf=42128&charge=3&value=2,R.LLEDFGDGGAFPEIHVAQYPLDMGR.K,/core/www/modules/show_out/show_out_wrapper.php?run_id=110202&search_id=114132&scans_id=110198&peptide_id=34532&scanf=42128&charge=3&value=R.LLEDFGDGGAFPEIHVAQYPLDMGR.K,SNW1,1.682e+6,3.345,0.001,2.919,0.000
42130,3,"  2.943","  0.541",17/84,/core/www/modules//sdig/index.php?run_id=110202&search_id=114132&scans_id=110198&peptide_id=34535&scanf=42130&charge=3&value=17/84,sp|P78371|TCPB_HUMAN,/core/www/modules//consensus/?run_id=110202&search_id=114132&scans_id=110198&peptide_id=34535&scanf=42130&charge=3&value=sp|P78371|TCPB_HUMAN,1,/core/www/modules/match_peptides/blast_html4.php?run_id=110202&search_id=114132&scans_id=110198&peptide_id=34535&scanf=42130&charge=3&value=1,R.MLPTIIADNAGYDSADLVAQLR.A,/core/www/modules/show_out/show_out_wrapper.php?run_id=110202&search_id=114132&scans_id=110198&peptide_id=34535&scanf=42130&charge=3&value=R.MLPTIIADNAGYDSADLVAQLR.A,CCT2,1.110e+7,2.983,0.004,2.383,0.000
42134,3,"  3.591","  0.605",13/60,/core/www/modules//sdig/index.php?run_id=110202&search_id=114132&scans_id=110198&peptide_id=34539&scanf=42134&charge=3&value=13/60,sp|O00291|HIP1_HUMAN,/core/www/modules//consensus/?run_id=110202&search_id=114132&scans_id=110198&peptide_id=34539&scanf=42134&charge=3&value=sp|O00291|HIP1_HUMAN,0,/core/www/modules/match_peptides/blast_html4.php?run_id=110202&search_id=114132&scans_id=110198&peptide_id=34539&scanf=42134&charge=3&value=0,R.LIQIPQLPENPPNFLR.A,/core/www/modules/show_out/show_out_wrapper.php?run_id=110202&search_id=114132&scans_id=110198&peptide_id=34539&scanf=42134&charge=3&value=R.LIQIPQLPENPPNFLR.A,HIP1,2.219e+6,3.317,0.001,2.877,0.000
42139,3,"  3.065","  0.349",11/64,/core/www/modules//sdig/index.php?run_id=110202&search_id=114132&scans_id=110198&peptide_id=34544&scanf=42139&charge=3&value=11/64,sp|Q9Y6M7|S4A7_HUMAN,/core/www/modules//consensus/?run_id=110202&search_id=114132&scans_id=110198&peptide_id=34544&scanf=42139&charge=3&value=sp|Q9Y6M7|S4A7_HUMAN,4,/core/www/modules/match_peptides/blast_html4.php?run_id=110202&search_id=114132&scans_id=110198&peptide_id=34544&scanf=42139&charge=3&value=4,R.SIATLMTDEIFHDVAYK.A,/core/www/modules/show_out/show_out_wrapper.php?run_id=110202&search_id=114132&scans_id=110198&peptide_id=34544&scanf=42139&charge=3&value=R.SIATLMTDEIFHDVAYK.A,SLC4A7,5.120e+6,2.280,0.044,1.358,0.001
42147,3,"  3.775","  0.479",14/76,/core/www/modules//sdig/index.php?run_id=110202&search_id=114132&scans_id=110198&peptide_id=34552&scanf=42147&charge=3&value=14/76,sp|Q13310|PABP4_HUMAN,/core/www/modules//consensus/?run_id=110202&search_id=114132&scans_id=110198&peptide_id=34552&scanf=42147&charge=3&value=sp|Q13310|PABP4_HUMAN,6,/core/www/modules/match_peptides/blast_html4.php?run_id=110202&search_id=114132&scans_id=110198&peptide_id=34552&scanf=42147&charge=3&value=6,K.NFGEEVDDESLKELFSQFGK.T,/core/www/modules/show_out/show_out_wrapper.php?run_id=110202&search_id=114132&scans_id=110198&peptide_id=34552&scanf=42147&charge=3&value=K.NFGEEVDDESLKELFSQFGK.T,PABPC4,6.085e+6,2.446,0.025,1.596,0.001
42149,4,"  5.306","  0.607",27/210,/core/www/modules//sdig/index.php?run_id=110202&search_id=114132&scans_id=110198&peptide_id=34554&scanf=42149&charge=4&value=27/210,sp|P46087|NOP2_HUMAN,/core/www/modules//consensus/?run_id=110202&search_id=114132&scans_id=110198&peptide_id=34554&scanf=42149&charge=4&value=sp|P46087|NOP2_HUMAN,2,/core/www/modules/match_peptides/blast_html4.php?run_id=110202&search_id=114132&scans_id=110198&peptide_id=34554&scanf=42149&charge=4&value=2,K.VEEADGGLQINVDEEPFVLPPAGEMEQDAQAPDLQR.V,/core/www/modules/show_out/show_out_wrapper.php?run_id=110202&search_id=114132&scans_id=110198&peptide_id=34554&scanf=42149&charge=4&value=K.VEEADGGLQINVDEEPFVLPPAGEMEQDAQAPDLQR.V,NOP2,1.632e+6,3.148,0.002,2.627,0.000
42155,2,"  4.825","  0.758",21/36,/core/www/modules//sdig/index.php?run_id=110202&search_id=114132&scans_id=110198&peptide_id=34561&scanf=42155&charge=2&value=21/36,sp|Q15149|PLEC_HUMAN,/core/www/modules//consensus/?run_id=110202&search_id=114132&scans_id=110198&peptide_id=34561&scanf=42155&charge=2&value=sp|Q15149|PLEC_HUMAN,5,/core/www/modules/match_peptides/blast_html4.php?run_id=110202&search_id=114132&scans_id=110198&peptide_id=34561&scanf=42155&charge=2&value=5,K.GFFDPNTEENLTYLQLMER.C,/core/www/modules/show_out/show_out_wrapper.php?run_id=110202&search_id=114132&scans_id=110198&peptide_id=34561&scanf=42155&charge=2&value=K.GFFDPNTEENLTYLQLMER.C,PLEC,7.208e+5,4.431,0.000,4.529,0.000
42160,3,"  2.603","  0.546",14/52,/core/www/modules//sdig/index.php?run_id=110202&search_id=114132&scans_id=110198&peptide_id=34567&scanf=42160&charge=3&value=14/52,sp|Q9UK53|ING1_HUMAN,/core/www/modules//consensus/?run_id=110202&search_id=114132&scans_id=110198&peptide_id=34567&scanf=42160&charge=3&value=sp|Q9UK53|ING1_HUMAN,2,/core/www/modules/match_peptides/blast_html4.php?run_id=110202&search_id=114132&scans_id=110198&peptide_id=34567&scanf=42160&charge=3&value=2,K.IQIVSQMVELVENR.T,/core/www/modules/show_out/show_out_wrapper.php?run_id=110202&search_id=114132&scans_id=110198&peptide_id=34567&scanf=42160&charge=3&value=K.IQIVSQMVELVENR.T,ING1,1.643e+6,3.196,0.002,2.699,0.000
42169,3,"  2.405","  0.542",12/56,/core/www/modules//sdig/index.php?run_id=110202&search_id=114132&scans_id=110198&peptide_id=34575&scanf=42169&charge=3&value=12/56,sp|Q9H8V3|ECT2_HUMAN,/core/www/modules//consensus/?run_id=110202&search_id=114132&scans_id=110198&peptide_id=34575&scanf=42169&charge=3&value=sp|Q9H8V3|ECT2_HUMAN,1,/core/www/modules/match_peptides/blast_html4.php?run_id=110202&search_id=114132&scans_id=110198&peptide_id=34575&scanf=42169&charge=3&value=1,K.TIFGSIPDIFDVHTK.I,/core/www/modules/show_out/show_out_wrapper.php?run_id=110202&search_id=114132&scans_id=110198&peptide_id=34575&scanf=42169&charge=3&value=K.TIFGSIPDIFDVHTK.I,ECT2,2.374e+6,3.100,0.003,2.555,0.000
42175,2,"  1.733","  0.324",8/28,/core/www/modules//sdig/index.php?run_id=110202&search_id=114132&scans_id=110198&peptide_id=34582&scanf=42175&charge=2&value=8/28,sp|Q9ULD4|BRPF3_HUMAN,/core/www/modules//consensus/?run_id=110202&search_id=114132&scans_id=110198&peptide_id=34582&scanf=42175&charge=2&value=sp|Q9ULD4|BRPF3_HUMAN,1,/core/www/modules/match_peptides/blast_html4.php?run_id=110202&search_id=114132&scans_id=110198&peptide_id=34582&scanf=42175&charge=2&value=1,R.FSWEDVDNILIPENR.A,/core/www/modules/show_out/show_out_wrapper.php?run_id=110202&search_id=114132&scans_id=110198&peptide_id=34582&scanf=42175&charge=2&value=R.FSWEDVDNILIPENR.A,BRPF3,1.829e+6,1.920,0.136,0.868,0.007
42179,2,"  3.056","  0.289",11/30,/core/www/modules//sdig/index.php?run_id=110202&search_id=114132&scans_id=110198&peptide_id=34586&scanf=42179&charge=2&value=11/30,sp|P22626|ROA2_HUMAN,/core/www/modules//consensus/?run_id=110202&search_id=114132&scans_id=110198&peptide_id=34586&scanf=42179&charge=2&value=sp|P22626|ROA2_HUMAN,9,/core/www/modules/match_peptides/blast_html4.php?run_id=110202&search_id=114132&scans_id=110198&peptide_id=34586&scanf=42179&charge=2&value=9,K.LFIGGLSFETTEESLR.N,/core/www/modules/show_out/show_out_wrapper.php?run_id=110202&search_id=114132&scans_id=110198&peptide_id=34586&scanf=42179&charge=2&value=K.LFIGGLSFETTEESLR.N,HNRNPA2B1,8.479e+5,2.124,0.072,1.140,0.002
42185,3,"  2.232","  0.529",13/44,/core/www/modules//sdig/index.php?run_id=110202&search_id=114132&scans_id=110198&peptide_id=34593&scanf=42185&charge=3&value=13/44,sp|Q15397|PUM3_HUMAN,/core/www/modules//consensus/?run_id=110202&search_id=114132&scans_id=110198&peptide_id=34593&scanf=42185&charge=3&value=sp|Q15397|PUM3_HUMAN,0,/core/www/modules/match_peptides/blast_html4.php?run_id=110202&search_id=114132&scans_id=110198&peptide_id=34593&scanf=42185&charge=3&value=0,K.VFLDFFTYAPPK.L,/core/www/modules/show_out/show_out_wrapper.php?run_id=110202&search_id=114132&scans_id=110198&peptide_id=34593&scanf=42185&charge=3&value=K.VFLDFFTYAPPK.L,PUM3,1.777e+6,3.300,0.001,2.853,0.000
42191,3,"  4.459","  0.644",23/68,/core/www/modules//sdig/index.php?run_id=110202&search_id=114132&scans_id=110198&peptide_id=34599&scanf=42191&charge=3&value=23/68,sp|Q8IY37|DHX37_HUMAN,/core/www/modules//consensus/?run_id=110202&search_id=114132&scans_id=110198&peptide_id=34599&scanf=42191&charge=3&value=sp|Q8IY37|DHX37_HUMAN,1,/core/www/modules/match_peptides/blast_html4.php?run_id=110202&search_id=114132&scans_id=110198&peptide_id=34599&scanf=42191&charge=3&value=1,K.TPLLDDPVFIHPSSVLFK.E,/core/www/modules/show_out/show_out_wrapper.php?run_id=110202&search_id=114132&scans_id=110198&peptide_id=34599&scanf=42191&charge=3&value=K.TPLLDDPVFIHPSSVLFK.E,DHX37,4.003e+6,3.585,0.001,3.275,0.000
42192,4,"  3.386","  0.451",14/114,/core/www/modules//sdig/index.php?run_id=110202&search_id=114132&scans_id=110198&peptide_id=34600&scanf=42192&charge=4&value=14/114,sp|P17844|DDX5_HUMAN,/core/www/modules//consensus/?run_id=110202&search_id=114132&scans_id=110198&peptide_id=34600&scanf=42192&charge=4&value=sp|P17844|DDX5_HUMAN,7,/core/www/modules/match_peptides/blast_html4.php?run_id=110202&search_id=114132&scans_id=110198&peptide_id=34600&scanf=42192&charge=4&value=7,K.TLSYLLPAIVHINHQPFLER.G,/core/www/modules/show_out/show_out_wrapper.php?run_id=110202&search_id=114132&scans_id=110198&peptide_id=34600&scanf=42192&charge=4&value=K.TLSYLLPAIVHINHQPFLER.G,DDX5,8.595e+6,3.119,0.003,2.584,0.000
42194,2,"  2.552","  0.586",12/22,/core/www/modules//sdig/index.php?run_id=110202&search_id=114132&scans_id=110198&peptide_id=34602&scanf=42194&charge=2&value=12/22,sp|Q86VP6|CAND1_HUMAN,/core/www/modules//consensus/?run_id=110202&search_id=114132&scans_id=110198&peptide_id=34602&scanf=42194&charge=2&value=sp|Q86VP6|CAND1_HUMAN,1,/core/www/modules/match_peptides/blast_html4.php?run_id=110202&search_id=114132&scans_id=110198&peptide_id=34602&scanf=42194&charge=2&value=1,K.LTLIDPETLLPR.L,/core/www/modules/show_out/show_out_wrapper.php?run_id=110202&search_id=114132&scans_id=110198&peptide_id=34602&scanf=42194&charge=2&value=K.LTLIDPETLLPR.L,CAND1,8.053e+6,3.362,0.001,2.944,0.000
42196,2,"  5.593","  0.730",22/36,/core/www/modules//sdig/index.php?run_id=110202&search_id=114132&scans_id=110198&peptide_id=34604&scanf=42196&charge=2&value=22/36,sp|O96019|ACL6A_HUMAN,/core/www/modules//consensus/?run_id=110202&search_id=114132&scans_id=110198&peptide_id=34604&scanf=42196&charge=2&value=sp|O96019|ACL6A_HUMAN,1,/core/www/modules/match_peptides/blast_html4.php?run_id=110202&search_id=114132&scans_id=110198&peptide_id=34604&scanf=42196&charge=2&value=1,K.NGMVEDWDSFQAILDHTYK.M,/core/www/modules/show_out/show_out_wrapper.php?run_id=110202&search_id=114132&scans_id=110198&peptide_id=34604&scanf=42196&charge=2&value=K.NGMVEDWDSFQAILDHTYK.M,ACTL6A,7.338e+5,3.933,0.000,3.790,0.000
42197,3,"  2.871","  0.481",13/56,/core/www/modules//sdig/index.php?run_id=110202&search_id=114132&scans_id=110198&peptide_id=34605&scanf=42197&charge=3&value=13/56,sp|Q96P16|RPR1A_HUMAN,/core/www/modules//consensus/?run_id=110202&search_id=114132&scans_id=110198&peptide_id=34605&scanf=42197&charge=3&value=sp|Q96P16|RPR1A_HUMAN,3,/core/www/modules/match_peptides/blast_html4.php?run_id=110202&search_id=114132&scans_id=110198&peptide_id=34605&scanf=42197&charge=3&value=3,K.LTFLYLANDVIQNSK.R,/core/www/modules/show_out/show_out_wrapper.php?run_id=110202&search_id=114132&scans_id=110198&peptide_id=34605&scanf=42197&charge=3&value=K.LTFLYLANDVIQNSK.R,RPRD1A,1.799e+6,2.888,0.006,2.242,0.000
42198,3,"  5.473","  0.711",26/72,/core/www/modules//sdig/index.php?run_id=110202&search_id=114132&scans_id=110198&peptide_id=34606&scanf=42198&charge=3&value=26/72,sp|P49411|EFTU_HUMAN,/core/www/modules//consensus/?run_id=110202&search_id=114132&scans_id=110198&peptide_id=34606&scanf=42198&charge=3&value=sp|P49411|EFTU_HUMAN,0,/core/www/modules/match_peptides/blast_html4.php?run_id=110202&search_id=114132&scans_id=110198&peptide_id=34606&scanf=42198&charge=3&value=0,R.DLEKPFLLPVEAVYSVPGR.G,/core/www/modules/show_out/show_out_wrapper.php?run_id=110202&search_id=114132&scans_id=110198&peptide_id=34606&scanf=42198&charge=3&value=R.DLEKPFLLPVEAVYSVPGR.G,TUFM,4.686e+7,3.952,0.000,3.819,0.000
42199,2,"  5.158","  0.741",18/34,/core/www/modules//sdig/index.php?run_id=110202&search_id=114132&scans_id=110198&peptide_id=34607&scanf=42199&charge=2&value=18/34,sp|Q16799|RTN1_HUMAN,/core/www/modules//consensus/?run_id=110202&search_id=114132&scans_id=110198&peptide_id=34607&scanf=42199&charge=2&value=sp|Q16799|RTN1_HUMAN,0,/core/www/modules/match_peptides/blast_html4.php?run_id=110202&search_id=114132&scans_id=110198&peptide_id=34607&scanf=42199&charge=2&value=0,K.GPGPLGPGAPPPLLFLNK.Q,/core/www/modules/show_out/show_out_wrapper.php?run_id=110202&search_id=114132&scans_id=110198&peptide_id=34607&scanf=42199&charge=2&value=K.GPGPLGPGAPPPLLFLNK.Q,RTN1,1.697e+6,3.726,0.000,3.484,0.000
42203,2,"  1.769","  0.408",5/20,/core/www/modules//sdig/index.php?run_id=110202&search_id=114132&scans_id=110198&peptide_id=34612&scanf=42203&charge=2&value=5/20,sp|P29590|PML_HUMAN,/core/www/modules//consensus/?run_id=110202&search_id=114132&scans_id=110198&peptide_id=34612&scanf=42203&charge=2&value=sp|P29590|PML_HUMAN,0,/core/www/modules/match_peptides/blast_html4.php?run_id=110202&search_id=114132&scans_id=110198&peptide_id=34612&scanf=42203&charge=2&value=0,K.LWGPGLPNFFR.A,/core/www/modules/show_out/show_out_wrapper.php?run_id=110202&search_id=114132&scans_id=110198&peptide_id=34612&scanf=42203&charge=2&value=K.LWGPGLPNFFR.A,PML,1.515e+6,2.101,0.078,1.108,0.003
42204,2,"  5.197","  0.591",19/32,/core/www/modules//sdig/index.php?run_id=110202&search_id=114132&scans_id=110198&peptide_id=34613&scanf=42204&charge=2&value=19/32,sp|P07814|SYEP_HUMAN,/core/www/modules//consensus/?run_id=110202&search_id=114132&scans_id=110198&peptide_id=34613&scanf=42204&charge=2&value=sp|P07814|SYEP_HUMAN,2,/core/www/modules/match_peptides/blast_html4.php?run_id=110202&search_id=114132&scans_id=110198&peptide_id=34613&scanf=42204&charge=2&value=2,R.WFGFLEAQQAFQSVGTK.W,/core/www/modules/show_out/show_out_wrapper.php?run_id=110202&search_id=114132&scans_id=110198&peptide_id=34613&scanf=42204&charge=2&value=R.WFGFLEAQQAFQSVGTK.W,EPRS1,1.324e+6,3.537,0.001,3.203,0.000
42207,2,"  3.068","  0.522",14/26,/core/www/modules//sdig/index.php?run_id=110202&search_id=114132&scans_id=110198&peptide_id=34616&scanf=42207&charge=2&value=14/26,sp|Q9UBB9|TFP11_HUMAN,/core/www/modules//consensus/?run_id=110202&search_id=114132&scans_id=110198&peptide_id=34616&scanf=42207&charge=2&value=sp|Q9UBB9|TFP11_HUMAN,0,/core/www/modules/match_peptides/blast_html4.php?run_id=110202&search_id=114132&scans_id=110198&peptide_id=34616&scanf=42207&charge=2&value=0,K.DVFTPGSWEAFMVK.N,/core/www/modules/show_out/show_out_wrapper.php?run_id=110202&search_id=114132&scans_id=110198&peptide_id=34616&scanf=42207&charge=2&value=K.DVFTPGSWEAFMVK.N,TFIP11,3.796e+6,3.134,0.002,2.606,0.000
42210,2,"  2.932","  0.543",12/22,/core/www/modules//sdig/index.php?run_id=110202&search_id=114132&scans_id=110198&peptide_id=34619&scanf=42210&charge=2&value=12/22,sp|Q9BZH6|WDR11_HUMAN,/core/www/modules//consensus/?run_id=110202&search_id=114132&scans_id=110198&peptide_id=34619&scanf=42210&charge=2&value=sp|Q9BZH6|WDR11_HUMAN,0,/core/www/modules/match_peptides/blast_html4.php?run_id=110202&search_id=114132&scans_id=110198&peptide_id=34619&scanf=42210&charge=2&value=0,K.LLLDPEFTLLQR.C,/core/www/modules/show_out/show_out_wrapper.php?run_id=110202&search_id=114132&scans_id=110198&peptide_id=34619&scanf=42210&charge=2&value=K.LLLDPEFTLLQR.C,WDR11,4.092e+6,3.167,0.002,2.655,0.000
42213,2,"  3.757","  0.469",15/26,/core/www/modules//sdig/index.php?run_id=110202&search_id=114132&scans_id=110198&peptide_id=34622&scanf=42213&charge=2&value=15/26,sp|O94906|PRP6_HUMAN,/core/www/modules//consensus/?run_id=110202&search_id=114132&scans_id=110198&peptide_id=34622&scanf=42213&charge=2&value=sp|O94906|PRP6_HUMAN,0,/core/www/modules/match_peptides/blast_html4.php?run_id=110202&search_id=114132&scans_id=110198&peptide_id=34622&scanf=42213&charge=2&value=0,K.IDSDLGDAWAFFYK.F,/core/www/modules/show_out/show_out_wrapper.php?run_id=110202&search_id=114132&scans_id=110198&peptide_id=34622&scanf=42213&charge=2&value=K.IDSDLGDAWAFFYK.F,PRPF6,6.589e+6,3.134,0.002,2.606,0.000
42214,3,"  3.164","  0.560",19/52,/core/www/modules//sdig/index.php?run_id=110202&search_id=114132&scans_id=110198&peptide_id=34623&scanf=42214&charge=3&value=19/52,sp|Q14676|MDC1_HUMAN,/core/www/modules//consensus/?run_id=110202&search_id=114132&scans_id=110198&peptide_id=34623&scanf=42214&charge=3&value=sp|Q14676|MDC1_HUMAN,0,/core/www/modules/match_peptides/blast_html4.php?run_id=110202&search_id=114132&scans_id=110198&peptide_id=34623&scanf=42214&charge=3&value=0,R.GIPILSLDWLHQSR.K,/core/www/modules/show_out/show_out_wrapper.php?run_id=110202&search_id=114132&scans_id=110198&peptide_id=34623&scanf=42214&charge=3&value=R.GIPILSLDWLHQSR.K,MDC1,1.504e+7,3.468,0.001,3.101,0.000
42217,2,"  1.645","  0.208",9/24,/core/www/modules//sdig/index.php?run_id=110202&search_id=114132&scans_id=110198&peptide_id=34626&scanf=42217&charge=2&value=9/24,sp|P78527|PRKDC_HUMAN,/core/www/modules//consensus/?run_id=110202&search_id=114132&scans_id=110198&peptide_id=34626&scanf=42217&charge=2&value=sp|P78527|PRKDC_HUMAN,0,/core/www/modules/match_peptides/blast_html4.php?run_id=110202&search_id=114132&scans_id=110198&peptide_id=34626&scanf=42217&charge=2&value=0,K.NILEESLCELVAK.Q,/core/www/modules/show_out/show_out_wrapper.php?run_id=110202&search_id=114132&scans_id=110198&peptide_id=34626&scanf=42217&charge=2&value=K.NILEESLCELVAK.Q,PRKDC,1.998e+6,2.296,0.042,1.381,0.001
42222,3,"  3.248","  0.524",11/72,/core/www/modules//sdig/index.php?run_id=110202&search_id=114132&scans_id=110198&peptide_id=34632&scanf=42222&charge=3&value=11/72,sp|O14497|ARI1A_HUMAN,/core/www/modules//consensus/?run_id=110202&search_id=114132&scans_id=110198&peptide_id=34632&scanf=42222&charge=3&value=sp|O14497|ARI1A_HUMAN,13,/core/www/modules/match_peptides/blast_html4.php?run_id=110202&search_id=114132&scans_id=110198&peptide_id=34632&scanf=42222&charge=3&value=13,K.LSIQDNNVDLILATPPFSR.L,/core/www/modules/show_out/show_out_wrapper.php?run_id=110202&search_id=114132&scans_id=110198&peptide_id=34632&scanf=42222&charge=3&value=K.LSIQDNNVDLILATPPFSR.L,ARID1A,6.317e+6,2.929,0.005,2.303,0.000
42224,3,"  2.034","  0.375",11/56,/core/www/modules//sdig/index.php?run_id=110202&search_id=114132&scans_id=110198&peptide_id=34634&scanf=42224&charge=3&value=11/56,sp|P31939|PUR9_HUMAN,/core/www/modules//consensus/?run_id=110202&search_id=114132&scans_id=110198&peptide_id=34634&scanf=42224&charge=3&value=sp|P31939|PUR9_HUMAN,1,/core/www/modules/match_peptides/blast_html4.php?run_id=110202&search_id=114132&scans_id=110198&peptide_id=34634&scanf=42224&charge=3&value=1,K.ALFEEVPELLTEAEK.K,/core/www/modules/show_out/show_out_wrapper.php?run_id=110202&search_id=114132&scans_id=110198&peptide_id=34634&scanf=42224&charge=3&value=K.ALFEEVPELLTEAEK.K,ATIC,5.631e+5,2.438,0.026,1.584,0.001
42225,2,"  2.237","  0.443",10/20,/core/www/modules//sdig/index.php?run_id=110202&search_id=114132&scans_id=110198&peptide_id=34635&scanf=42225&charge=2&value=10/20,sp|Q9NRL2|BAZ1A_HUMAN,/core/www/modules//consensus/?run_id=110202&search_id=114132&scans_id=110198&peptide_id=34635&scanf=42225&charge=2&value=sp|Q9NRL2|BAZ1A_HUMAN,1,/core/www/modules/match_peptides/blast_html4.php?run_id=110202&search_id=114132&scans_id=110198&peptide_id=34635&scanf=42225&charge=2&value=1,R.DFIEDYVDILR.Q,/core/www/modules/show_out/show_out_wrapper.php?run_id=110202&search_id=114132&scans_id=110198&peptide_id=34635&scanf=42225&charge=2&value=R.DFIEDYVDILR.Q,BAZ1A,2.679e+6,2.788,0.008,2.095,0.000
42226,2,"  2.130","  0.377",7/30,/core/www/modules//sdig/index.php?run_id=110202&search_id=114132&scans_id=110198&peptide_id=34636&scanf=42226&charge=2&value=7/30,sp|O00291|HIP1_HUMAN,/core/www/modules//consensus/?run_id=110202&search_id=114132&scans_id=110198&peptide_id=34636&scanf=42226&charge=2&value=sp|O00291|HIP1_HUMAN,0,/core/www/modules/match_peptides/blast_html4.php?run_id=110202&search_id=114132&scans_id=110198&peptide_id=34636&scanf=42226&charge=2&value=0,R.LIQIPQLPENPPNFLR.A,/core/www/modules/show_out/show_out_wrapper.php?run_id=110202&search_id=114132&scans_id=110198&peptide_id=34636&scanf=42226&charge=2&value=R.LIQIPQLPENPPNFLR.A,HIP1,1.291e+6,2.004,0.105,0.977,0.005
42227,3,"  2.328","  0.514",12/72,/core/www/modules//sdig/index.php?run_id=110202&search_id=114132&scans_id=110198&peptide_id=34637&scanf=42227&charge=3&value=12/72,sp|Q9Y2X0|MED16_HUMAN,/core/www/modules//consensus/?run_id=110202&search_id=114132&scans_id=110198&peptide_id=34637&scanf=42227&charge=3&value=sp|Q9Y2X0|MED16_HUMAN,4,/core/www/modules/match_peptides/blast_html4.php?run_id=110202&search_id=114132&scans_id=110198&peptide_id=34637&scanf=42227&charge=3&value=4,K.EGLPVNNIFQQISPVVGDK.Q,/core/www/modules/show_out/show_out_wrapper.php?run_id=110202&search_id=114132&scans_id=110198&peptide_id=34637&scanf=42227&charge=3&value=K.EGLPVNNIFQQISPVVGDK.Q,MED16,1.515e+6,2.721,0.010,1.997,0.000
42232,2,"  3.023","  0.596",15/34,/core/www/modules//sdig/index.php?run_id=110202&search_id=114132&scans_id=110198&peptide_id=34642&scanf=42232&charge=2&value=15/34,sp|P46778|RL21_HUMAN,/core/www/modules//consensus/?run_id=110202&search_id=114132&scans_id=110198&peptide_id=34642&scanf=42232&charge=2&value=sp|P46778|RL21_HUMAN,0,/core/www/modules/match_peptides/blast_html4.php?run_id=110202&search_id=114132&scans_id=110198&peptide_id=34642&scanf=42232&charge=2&value=0,R.TNGKEPELLEPIPYEFMA.-,/core/www/modules/show_out/show_out_wrapper.php?run_id=110202&search_id=114132&scans_id=110198&peptide_id=34642&scanf=42232&charge=2&value=R.TNGKEPELLEPIPYEFMA.-,RPL21,4.621e+6,2.769,0.009,2.067,0.000
42239,3,"  5.978","  0.572",22/88,/core/www/modules//sdig/index.php?run_id=110202&search_id=114132&scans_id=110198&peptide_id=34649&scanf=42239&charge=3&value=22/88,sp|Q13813|SPTN1_HUMAN,/core/www/modules//consensus/?run_id=110202&search_id=114132&scans_id=110198&peptide_id=34649&scanf=42239&charge=3&value=sp|Q13813|SPTN1_HUMAN,2,/core/www/modules/match_peptides/blast_html4.php?run_id=110202&search_id=114132&scans_id=110198&peptide_id=34649&scanf=42239&charge=3&value=2,K.QETFDAGLQAFQQEGIANITALK.D,/core/www/modules/show_out/show_out_wrapper.php?run_id=110202&search_id=114132&scans_id=110198&peptide_id=34649&scanf=42239&charge=3&value=K.QETFDAGLQAFQQEGIANITALK.D,SPTAN1,1.540e+6,3.338,0.001,2.908,0.000
42241,2,"  2.799","  0.485",12/24,/core/www/modules//sdig/index.php?run_id=110202&search_id=114132&scans_id=110198&peptide_id=34652&scanf=42241&charge=2&value=12/24,sp|P50991|TCPD_HUMAN,/core/www/modules//consensus/?run_id=110202&search_id=114132&scans_id=110198&peptide_id=34652&scanf=42241&charge=2&value=sp|P50991|TCPD_HUMAN,0,/core/www/modules/match_peptides/blast_html4.php?run_id=110202&search_id=114132&scans_id=110198&peptide_id=34652&scanf=42241&charge=2&value=0,R.DALSDLALHFLNK.M,/core/www/modules/show_out/show_out_wrapper.php?run_id=110202&search_id=114132&scans_id=110198&peptide_id=34652&scanf=42241&charge=2&value=R.DALSDLALHFLNK.M,CCT4,1.408e+7,2.934,0.005,2.310,0.000
42247,3,"  2.414","  0.228",10/52,/core/www/modules//sdig/index.php?run_id=110202&search_id=114132&scans_id=110198&peptide_id=34658&scanf=42247&charge=3&value=10/52,sp|O94906|PRP6_HUMAN,/core/www/modules//consensus/?run_id=110202&search_id=114132&scans_id=110198&peptide_id=34658&scanf=42247&charge=3&value=sp|O94906|PRP6_HUMAN,0,/core/www/modules/match_peptides/blast_html4.php?run_id=110202&search_id=114132&scans_id=110198&peptide_id=34658&scanf=42247&charge=3&value=0,K.IDSDLGDAWAFFYK.F,/core/www/modules/show_out/show_out_wrapper.php?run_id=110202&search_id=114132&scans_id=110198&peptide_id=34658&scanf=42247&charge=3&value=K.IDSDLGDAWAFFYK.F,PRPF6,1.976e+6,2.177,0.061,1.213,0.002
42250,3,"  3.535","  0.465",16/56,/core/www/modules//sdig/index.php?run_id=110202&search_id=114132&scans_id=110198&peptide_id=34661&scanf=42250&charge=3&value=16/56,sp|Q9Y5L0|TNPO3_HUMAN,/core/www/modules//consensus/?run_id=110202&search_id=114132&scans_id=110198&peptide_id=34661&scanf=42250&charge=3&value=sp|Q9Y5L0|TNPO3_HUMAN,2,/core/www/modules/match_peptides/blast_html4.php?run_id=110202&search_id=114132&scans_id=110198&peptide_id=34661&scanf=42250&charge=3&value=2,K.VIQEIWPVLSETLNK.H,/core/www/modules/show_out/show_out_wrapper.php?run_id=110202&search_id=114132&scans_id=110198&peptide_id=34661&scanf=42250&charge=3&value=K.VIQEIWPVLSETLNK.H,TNPO3,1.079e+6,2.989,0.004,2.392,0.000
42253,3,"  3.680","  0.608",17/68,/core/www/modules//sdig/index.php?run_id=110202&search_id=114132&scans_id=110198&peptide_id=34663&scanf=42253&charge=3&value=17/68,sp|P46940|IQGA1_HUMAN,/core/www/modules//consensus/?run_id=110202&search_id=114132&scans_id=110198&peptide_id=34663&scanf=42253&charge=3&value=sp|P46940|IQGA1_HUMAN,1,/core/www/modules/match_peptides/blast_html4.php?run_id=110202&search_id=114132&scans_id=110198&peptide_id=34663&scanf=42253&charge=3&value=1,R.ILAIGLINEALDEGDAQK.T,/core/www/modules/show_out/show_out_wrapper.php?run_id=110202&search_id=114132&scans_id=110198&peptide_id=34663&scanf=42253&charge=3&value=R.ILAIGLINEALDEGDAQK.T,IQGAP1,1.020e+7,3.391,0.001,2.987,0.000
42256,4,"  4.624","  0.584",23/150,/core/www/modules//sdig/index.php?run_id=110202&search_id=114132&scans_id=110198&peptide_id=34666&scanf=42256&charge=4&value=23/150,sp|Q9UHR4|BI2L1_HUMAN,/core/www/modules//consensus/?run_id=110202&search_id=114132&scans_id=110198&peptide_id=34666&scanf=42256&charge=4&value=sp|Q9UHR4|BI2L1_HUMAN,0,/core/www/modules/match_peptides/blast_html4.php?run_id=110202&search_id=114132&scans_id=110198&peptide_id=34666&scanf=42256&charge=4&value=0,K.IGEIATGSPVSTELGHVLIEISSTHK.K,/core/www/modules/show_out/show_out_wrapper.php?run_id=110202&search_id=114132&scans_id=110198&peptide_id=34666&scanf=42256&charge=4&value=K.IGEIATGSPVSTELGHVLIEISSTHK.K,BAIAP2L1,2.227e+6,3.340,0.001,2.911,0.000
42258,3,"  3.160","  0.490",21/68,/core/www/modules//sdig/index.php?run_id=110202&search_id=114132&scans_id=110198&peptide_id=34668&scanf=42258&charge=3&value=21/68,sp|Q16799|RTN1_HUMAN,/core/www/modules//consensus/?run_id=110202&search_id=114132&scans_id=110198&peptide_id=34668&scanf=42258&charge=3&value=sp|Q16799|RTN1_HUMAN,0,/core/www/modules/match_peptides/blast_html4.php?run_id=110202&search_id=114132&scans_id=110198&peptide_id=34668&scanf=42258&charge=3&value=0,K.GPGPLGPGAPPPLLFLNK.Q,/core/www/modules/show_out/show_out_wrapper.php?run_id=110202&search_id=114132&scans_id=110198&peptide_id=34668&scanf=42258&charge=3&value=K.GPGPLGPGAPPPLLFLNK.Q,RTN1,1.467e+6,2.889,0.006,2.245,0.000
42260,3,"  2.227","  0.610",10/48,/core/www/modules//sdig/index.php?run_id=110202&search_id=114132&scans_id=110198&peptide_id=34671&scanf=42260&charge=3&value=10/48,sp|Q8NCG7|DGLB_HUMAN,/core/www/modules//consensus/?run_id=110202&search_id=114132&scans_id=110198&peptide_id=34671&scanf=42260&charge=3&value=sp|Q8NCG7|DGLB_HUMAN,1,/core/www/modules/match_peptides/blast_html4.php?run_id=110202&search_id=114132&scans_id=110198&peptide_id=34671&scanf=42260&charge=3&value=1,K.VYELPFLVALDHR.K,/core/www/modules/show_out/show_out_wrapper.php?run_id=110202&search_id=114132&scans_id=110198&peptide_id=34671&scanf=42260&charge=3&value=K.VYELPFLVALDHR.K,DAGLB,1.077e+6,3.358,0.001,2.938,0.000
42263,3,"  3.359","  0.484",15/56,/core/www/modules//sdig/index.php?run_id=110202&search_id=114132&scans_id=110198&peptide_id=34674&scanf=42263&charge=3&value=15/56,sp|Q9Y5L0|TNPO3_HUMAN,/core/www/modules//consensus/?run_id=110202&search_id=114132&scans_id=110198&peptide_id=34674&scanf=42263&charge=3&value=sp|Q9Y5L0|TNPO3_HUMAN,2,/core/www/modules/match_peptides/blast_html4.php?run_id=110202&search_id=114132&scans_id=110198&peptide_id=34674&scanf=42263&charge=3&value=2,K.VIQEIWPVLSETLNK.H,/core/www/modules/show_out/show_out_wrapper.php?run_id=110202&search_id=114132&scans_id=110198&peptide_id=34674&scanf=42263&charge=3&value=K.VIQEIWPVLSETLNK.H,TNPO3,1.079e+6,3.019,0.004,2.436,0.000
42274,2,"  2.454","  0.558",11/18,/core/www/modules//sdig/index.php?run_id=110202&search_id=114132&scans_id=110198&peptide_id=34685&scanf=42274&charge=2&value=11/18,sp|O14646|CHD1_HUMAN,/core/www/modules//consensus/?run_id=110202&search_id=114132&scans_id=110198&peptide_id=34685&scanf=42274&charge=2&value=sp|O14646|CHD1_HUMAN,0,/core/www/modules/match_peptides/blast_html4.php?run_id=110202&search_id=114132&scans_id=110198&peptide_id=34685&scanf=42274&charge=2&value=0,R.MLDILAEYLK.Y,/core/www/modules/show_out/show_out_wrapper.php?run_id=110202&search_id=114132&scans_id=110198&peptide_id=34685&scanf=42274&charge=2&value=R.MLDILAEYLK.Y,CHD1,9.244e+6,3.525,0.001,3.185,0.000
42278,2,"  4.387","  0.699",17/28,/core/www/modules//sdig/index.php?run_id=110202&search_id=114132&scans_id=110198&peptide_id=34689&scanf=42278&charge=2&value=17/28,sp|Q96P16|RPR1A_HUMAN,/core/www/modules//consensus/?run_id=110202&search_id=114132&scans_id=110198&peptide_id=34689&scanf=42278&charge=2&value=sp|Q96P16|RPR1A_HUMAN,3,/core/www/modules/match_peptides/blast_html4.php?run_id=110202&search_id=114132&scans_id=110198&peptide_id=34689&scanf=42278&charge=2&value=3,K.LTFLYLANDVIQNSK.R,/core/www/modules/show_out/show_out_wrapper.php?run_id=110202&search_id=114132&scans_id=110198&peptide_id=34689&scanf=42278&charge=2&value=K.LTFLYLANDVIQNSK.R,RPRD1A,1.681e+6,3.854,0.000,3.673,0.000
42279,2,"  3.724","  0.667",14/30,/core/www/modules//sdig/index.php?run_id=110202&search_id=114132&scans_id=110198&peptide_id=34690&scanf=42279&charge=2&value=14/30,sp|O00422|SAP18_HUMAN,/core/www/modules//consensus/?run_id=110202&search_id=114132&scans_id=110198&peptide_id=34690&scanf=42279&charge=2&value=sp|O00422|SAP18_HUMAN,1,/core/www/modules/match_peptides/blast_html4.php?run_id=110202&search_id=114132&scans_id=110198&peptide_id=34690&scanf=42279&charge=2&value=1,K.FQIGDYLDIAITPPNR.A,/core/www/modules/show_out/show_out_wrapper.php?run_id=110202&search_id=114132&scans_id=110198&peptide_id=34690&scanf=42279&charge=2&value=K.FQIGDYLDIAITPPNR.A,SAP18,3.752e+6,3.489,0.001,3.131,0.000
42280,2,"  1.429","  0.236",8/16,/core/www/modules//sdig/index.php?run_id=110202&search_id=114132&scans_id=110198&peptide_id=34692&scanf=42280&charge=2&value=8/16,sp|P62318|SMD3_HUMAN,/core/www/modules//consensus/?run_id=110202&search_id=114132&scans_id=110198&peptide_id=34692&scanf=42280&charge=2&value=sp|P62318|SMD3_HUMAN,0,/core/www/modules/match_peptides/blast_html4.php?run_id=110202&search_id=114132&scans_id=110198&peptide_id=34692&scanf=42280&charge=2&value=0,R.FLILPDMLK.N,/core/www/modules/show_out/show_out_wrapper.php?run_id=110202&search_id=114132&scans_id=110198&peptide_id=34692&scanf=42280&charge=2&value=R.FLILPDMLK.N,SNRPD3,1.159e+8,2.216,0.054,1.268,0.002
42286,3,"  4.729","  0.581",15/88,/core/www/modules//sdig/index.php?run_id=110202&search_id=114132&scans_id=110198&peptide_id=34698&scanf=42286&charge=3&value=15/88,sp|P17987|TCPA_HUMAN,/core/www/modules//consensus/?run_id=110202&search_id=114132&scans_id=110198&peptide_id=34698&scanf=42286&charge=3&value=sp|P17987|TCPA_HUMAN,2,/core/www/modules/match_peptides/blast_html4.php?run_id=110202&search_id=114132&scans_id=110198&peptide_id=34698&scanf=42286&charge=3&value=2,R.SLLVIPNTLAVNAAQDSTDLVAK.L,/core/www/modules/show_out/show_out_wrapper.php?run_id=110202&search_id=114132&scans_id=110198&peptide_id=34698&scanf=42286&charge=3&value=R.SLLVIPNTLAVNAAQDSTDLVAK.L,TCP1,1.051e+7,3.029,0.004,2.451,0.000
42288,2,"  3.147","  0.465",11/24,/core/www/modules//sdig/index.php?run_id=110202&search_id=114132&scans_id=110198&peptide_id=34700&scanf=42288&charge=2&value=11/24,sp|Q9NYY8|FAKD2_HUMAN,/core/www/modules//consensus/?run_id=110202&search_id=114132&scans_id=110198&peptide_id=34700&scanf=42288&charge=2&value=sp|Q9NYY8|FAKD2_HUMAN,0,/core/www/modules/match_peptides/blast_html4.php?run_id=110202&search_id=114132&scans_id=110198&peptide_id=34700&scanf=42288&charge=2&value=0,K.DIISELLTSDDMK.N,/core/www/modules/show_out/show_out_wrapper.php?run_id=110202&search_id=114132&scans_id=110198&peptide_id=34700&scanf=42288&charge=2&value=K.DIISELLTSDDMK.N,FASTKD2,8.992e+5,2.731,0.010,2.012,0.000
42294,2,"  3.447","  0.584",15/24,/core/www/modules//sdig/index.php?run_id=110202&search_id=114132&scans_id=110198&peptide_id=34706&scanf=42294&charge=2&value=15/24,sp|P42285|MTREX_HUMAN,/core/www/modules//consensus/?run_id=110202&search_id=114132&scans_id=110198&peptide_id=34706&scanf=42294&charge=2&value=sp|P42285|MTREX_HUMAN,0,/core/www/modules/match_peptides/blast_html4.php?run_id=110202&search_id=114132&scans_id=110198&peptide_id=34706&scanf=42294&charge=2&value=0,K.ETIEILFSEGLIK.A,/core/www/modules/show_out/show_out_wrapper.php?run_id=110202&search_id=114132&scans_id=110198&peptide_id=34706&scanf=42294&charge=2&value=K.ETIEILFSEGLIK.A,MTREX,2.151e+6,3.558,0.001,3.235,0.000
42295,3,"  4.810","  0.631",23/76,/core/www/modules//sdig/index.php?run_id=110202&search_id=114132&scans_id=110198&peptide_id=34707&scanf=42295&charge=3&value=23/76,sp|P40939|ECHA_HUMAN,/core/www/modules//consensus/?run_id=110202&search_id=114132&scans_id=110198&peptide_id=34707&scanf=42295&charge=3&value=sp|P40939|ECHA_HUMAN,4,/core/www/modules/match_peptides/blast_html4.php?run_id=110202&search_id=114132&scans_id=110198&peptide_id=34707&scanf=42295&charge=3&value=4,K.ELHSEFSEVMNEIWASDQIR.S,/core/www/modules/show_out/show_out_wrapper.php?run_id=110202&search_id=114132&scans_id=110198&peptide_id=34707&scanf=42295&charge=3&value=K.ELHSEFSEVMNEIWASDQIR.S,HADHA,3.796e+6,3.507,0.001,3.159,0.000
42296,2,"  1.961","  0.269",8/14,/core/www/modules//sdig/index.php?run_id=110202&search_id=114132&scans_id=110198&peptide_id=34708&scanf=42296&charge=2&value=8/14,sp|Q9H7B2|RPF2_HUMAN,/core/www/modules//consensus/?run_id=110202&search_id=114132&scans_id=110198&peptide_id=34708&scanf=42296&charge=2&value=sp|Q9H7B2|RPF2_HUMAN,1,/core/www/modules/match_peptides/blast_html4.php?run_id=110202&search_id=114132&scans_id=110198&peptide_id=34708&scanf=42296&charge=2&value=1,K.SLLIDFFR.G,/core/www/modules/show_out/show_out_wrapper.php?run_id=110202&search_id=114132&scans_id=110198&peptide_id=34708&scanf=42296&charge=2&value=K.SLLIDFFR.G,RPF2,1.040e+8,2.489,0.022,1.658,0.001
42297,3,"  2.858","  0.379",13/72,/core/www/modules//sdig/index.php?run_id=110202&search_id=114132&scans_id=110198&peptide_id=34709&scanf=42297&charge=3&value=13/72,sp|Q9Y2X0|MED16_HUMAN,/core/www/modules//consensus/?run_id=110202&search_id=114132&scans_id=110198&peptide_id=34709&scanf=42297&charge=3&value=sp|Q9Y2X0|MED16_HUMAN,4,/core/www/modules/match_peptides/blast_html4.php?run_id=110202&search_id=114132&scans_id=110198&peptide_id=34709&scanf=42297&charge=3&value=4,K.EGLPVNNIFQQISPVVGDK.Q,/core/www/modules/show_out/show_out_wrapper.php?run_id=110202&search_id=114132&scans_id=110198&peptide_id=34709&scanf=42297&charge=3&value=K.EGLPVNNIFQQISPVVGDK.Q,MED16,1.515e+6,2.301,0.041,1.388,0.001
42300,3,"  5.477","  0.649",20/76,/core/www/modules//sdig/index.php?run_id=110202&search_id=114132&scans_id=110198&peptide_id=34713&scanf=42300&charge=3&value=20/76,sp|Q9P2J5|SYLC_HUMAN,/core/www/modules//consensus/?run_id=110202&search_id=114132&scans_id=110198&peptide_id=34713&scanf=42300&charge=3&value=sp|Q9P2J5|SYLC_HUMAN,10,/core/www/modules/match_peptides/blast_html4.php?run_id=110202&search_id=114132&scans_id=110198&peptide_id=34713&scanf=42300&charge=3&value=10,K.ELMGEEILGASLSAPLTSYK.V,/core/www/modules/show_out/show_out_wrapper.php?run_id=110202&search_id=114132&scans_id=110198&peptide_id=34713&scanf=42300&charge=3&value=K.ELMGEEILGASLSAPLTSYK.V,LARS1,2.207e+6,3.528,0.001,3.190,0.000
42301,3,"  2.931","  0.474",14/56,/core/www/modules//sdig/index.php?run_id=110202&search_id=114132&scans_id=110198&peptide_id=34714&scanf=42301&charge=3&value=14/56,sp|Q9H7B2|RPF2_HUMAN,/core/www/modules//consensus/?run_id=110202&search_id=114132&scans_id=110198&peptide_id=34714&scanf=42301&charge=3&value=sp|Q9H7B2|RPF2_HUMAN,1,/core/www/modules/match_peptides/blast_html4.php?run_id=110202&search_id=114132&scans_id=110198&peptide_id=34714&scanf=42301&charge=3&value=1,R.IELEEMGPSLDLVLR.R,/core/www/modules/show_out/show_out_wrapper.php?run_id=110202&search_id=114132&scans_id=110198&peptide_id=34714&scanf=42301&charge=3&value=R.IELEEMGPSLDLVLR.R,RPF2,5.871e+6,2.957,0.005,2.344,0.000
42303,3,"  4.558","  0.540",13/80,/core/www/modules//sdig/index.php?run_id=110202&search_id=114132&scans_id=110198&peptide_id=34716&scanf=42303&charge=3&value=13/80,sp|Q6P2Q9|PRP8_HUMAN,/core/www/modules//consensus/?run_id=110202&search_id=114132&scans_id=110198&peptide_id=34716&scanf=42303&charge=3&value=sp|Q6P2Q9|PRP8_HUMAN,1,/core/www/modules/match_peptides/blast_html4.php?run_id=110202&search_id=114132&scans_id=110198&peptide_id=34716&scanf=42303&charge=3&value=1,K.ELGGLGMLSMGHVLIPQSDLR.W,/core/www/modules/show_out/show_out_wrapper.php?run_id=110202&search_id=114132&scans_id=110198&peptide_id=34716&scanf=42303&charge=3&value=K.ELGGLGMLSMGHVLIPQSDLR.W,PRPF8,2.189e+7,3.166,0.002,2.653,0.000
42304,2,"  3.122","  0.604",15/28,/core/www/modules//sdig/index.php?run_id=110202&search_id=114132&scans_id=110198&peptide_id=34717&scanf=42304&charge=2&value=15/28,sp|P38646|GRP75_HUMAN,/core/www/modules//consensus/?run_id=110202&search_id=114132&scans_id=110198&peptide_id=34717&scanf=42304&charge=2&value=sp|P38646|GRP75_HUMAN,6,/core/www/modules/match_peptides/blast_html4.php?run_id=110202&search_id=114132&scans_id=110198&peptide_id=34717&scanf=42304&charge=2&value=6,K.LLGQFTLIGIPPAPR.G,/core/www/modules/show_out/show_out_wrapper.php?run_id=110202&search_id=114132&scans_id=110198&peptide_id=34717&scanf=42304&charge=2&value=K.LLGQFTLIGIPPAPR.G,HSPA9,4.424e+6,3.408,0.001,3.011,0.000
42306,3,"  4.092","  0.542",24/112,/core/www/modules//sdig/index.php?run_id=110202&search_id=114132&scans_id=110198&peptide_id=34719&scanf=42306&charge=3&value=24/112,sp|Q00577|PURA_HUMAN,/core/www/modules//consensus/?run_id=110202&search_id=114132&scans_id=110198&peptide_id=34719&scanf=42306&charge=3&value=sp|Q00577|PURA_HUMAN,0,/core/www/modules/match_peptides/blast_html4.php?run_id=110202&search_id=114132&scans_id=110198&peptide_id=34719&scanf=42306&charge=3&value=0,R.DYLGDFIEHYAQLGPSQPPDLAQAQDEPR.R,/core/www/modules/show_out/show_out_wrapper.php?run_id=110202&search_id=114132&scans_id=110198&peptide_id=34719&scanf=42306&charge=3&value=R.DYLGDFIEHYAQLGPSQPPDLAQAQDEPR.R,PURA,1.233e+6,2.737,0.010,2.020,0.000
42307,3,"  3.588","  0.515",12/76,/core/www/modules//sdig/index.php?run_id=110202&search_id=114132&scans_id=110198&peptide_id=34720&scanf=42307&charge=3&value=12/76,sp|P35249|RFC4_HUMAN,/core/www/modules//consensus/?run_id=110202&search_id=114132&scans_id=110198&peptide_id=34720&scanf=42307&charge=3&value=sp|P35249|RFC4_HUMAN,5,/core/www/modules/match_peptides/blast_html4.php?run_id=110202&search_id=114132&scans_id=110198&peptide_id=34720&scanf=42307&charge=3&value=5,K.SLEGADLPNLLFYGPPGTGK.T,/core/www/modules/show_out/show_out_wrapper.php?run_id=110202&search_id=114132&scans_id=110198&peptide_id=34720&scanf=42307&charge=3&value=K.SLEGADLPNLLFYGPPGTGK.T,RFC4,2.862e+6,2.802,0.008,2.116,0.000
42308,2,"  3.245","  0.538",12/22,/core/www/modules//sdig/index.php?run_id=110202&search_id=114132&scans_id=110198&peptide_id=34721&scanf=42308&charge=2&value=12/22,sp|P17612|KAPCA_HUMAN,/core/www/modules//consensus/?run_id=110202&search_id=114132&scans_id=110198&peptide_id=34721&scanf=42308&charge=2&value=sp|P17612|KAPCA_HUMAN,6,/core/www/modules/match_peptides/blast_html4.php?run_id=110202&search_id=114132&scans_id=110198&peptide_id=34721&scanf=42308&charge=2&value=6,R.ILQAVNFPFLVK.L,/core/www/modules/show_out/show_out_wrapper.php?run_id=110202&search_id=114132&scans_id=110198&peptide_id=34721&scanf=42308&charge=2&value=R.ILQAVNFPFLVK.L,PRKACA,7.834e+6,3.236,0.002,2.757,0.000
42310,3,"  5.413","  0.626",19/88,/core/www/modules//sdig/index.php?run_id=110202&search_id=114132&scans_id=110198&peptide_id=34724&scanf=42310&charge=3&value=19/88,sp|Q9BSJ8|ESYT1_HUMAN,/core/www/modules//consensus/?run_id=110202&search_id=114132&scans_id=110198&peptide_id=34724&scanf=42310&charge=3&value=sp|Q9BSJ8|ESYT1_HUMAN,0,/core/www/modules/match_peptides/blast_html4.php?run_id=110202&search_id=114132&scans_id=110198&peptide_id=34724&scanf=42310&charge=3&value=0,K.VLQASVLDDWFPLQGGQGQVHLR.L,/core/www/modules/show_out/show_out_wrapper.php?run_id=110202&search_id=114132&scans_id=110198&peptide_id=34724&scanf=42310&charge=3&value=K.VLQASVLDDWFPLQGGQGQVHLR.L,ESYT1,1.035e+6,3.297,0.001,2.847,0.000
42311,2,"  3.232","  0.599",13/28,/core/www/modules//sdig/index.php?run_id=110202&search_id=114132&scans_id=110198&peptide_id=34725&scanf=42311&charge=2&value=13/28,sp|P05198|IF2A_HUMAN,/core/www/modules//consensus/?run_id=110202&search_id=114132&scans_id=110198&peptide_id=34725&scanf=42311&charge=2&value=sp|P05198|IF2A_HUMAN,2,/core/www/modules/match_peptides/blast_html4.php?run_id=110202&search_id=114132&scans_id=110198&peptide_id=34725&scanf=42311&charge=2&value=2,R.TEGLSVLSQAMAVIK.E,/core/www/modules/show_out/show_out_wrapper.php?run_id=110202&search_id=114132&scans_id=110198&peptide_id=34725&scanf=42311&charge=2&value=R.TEGLSVLSQAMAVIK.E,EIF2S1,1.047e+7,3.229,0.002,2.747,0.000
42315,4,"  4.093","  0.582",22/114,/core/www/modules//sdig/index.php?run_id=110202&search_id=114132&scans_id=110198&peptide_id=34728&scanf=42315&charge=4&value=22/114,sp|Q9NU22|MDN1_HUMAN,/core/www/modules//consensus/?run_id=110202&search_id=114132&scans_id=110198&peptide_id=34728&scanf=42315&charge=4&value=sp|Q9NU22|MDN1_HUMAN,0,/core/www/modules/match_peptides/blast_html4.php?run_id=110202&search_id=114132&scans_id=110198&peptide_id=34728&scanf=42315&charge=4&value=0,R.FVELHFDELPSSELETILHK.R,/core/www/modules/show_out/show_out_wrapper.php?run_id=110202&search_id=114132&scans_id=110198&peptide_id=34728&scanf=42315&charge=4&value=R.FVELHFDELPSSELETILHK.R,MDN1,4.180e+6,3.824,0.000,3.629,0.000
42316,3,"  4.003","  0.548",17/76,/core/www/modules//sdig/index.php?run_id=110202&search_id=114132&scans_id=110198&peptide_id=34729&scanf=42316&charge=3&value=17/76,sp|Q9P2I0|CPSF2_HUMAN,/core/www/modules//consensus/?run_id=110202&search_id=114132&scans_id=110198&peptide_id=34729&scanf=42316&charge=3&value=sp|Q9P2I0|CPSF2_HUMAN,0,/core/www/modules/match_peptides/blast_html4.php?run_id=110202&search_id=114132&scans_id=110198&peptide_id=34729&scanf=42316&charge=3&value=0,R.HNTEDFTLFTLDDVDAAFDK.I,/core/www/modules/show_out/show_out_wrapper.php?run_id=110202&search_id=114132&scans_id=110198&peptide_id=34729&scanf=42316&charge=3&value=R.HNTEDFTLFTLDDVDAAFDK.I,CPSF2,1.482e+6,3.018,0.004,2.435,0.000
42318,3,"  6.817","  0.616",25/88,/core/www/modules//sdig/index.php?run_id=110202&search_id=114132&scans_id=110198&peptide_id=34731&scanf=42318&charge=3&value=25/88,sp|P60842|IF4A1_HUMAN,/core/www/modules//consensus/?run_id=110202&search_id=114132&scans_id=110198&peptide_id=34731&scanf=42318&charge=3&value=sp|P60842|IF4A1_HUMAN,5,/core/www/modules/match_peptides/blast_html4.php?run_id=110202&search_id=114132&scans_id=110198&peptide_id=34731&scanf=42318&charge=3&value=5,K.LNSNTQVVLLSATMPSDVLEVTK.K,/core/www/modules/show_out/show_out_wrapper.php?run_id=110202&search_id=114132&scans_id=110198&peptide_id=34731&scanf=42318&charge=3&value=K.LNSNTQVVLLSATMPSDVLEVTK.K,EIF4A1,1.661e+7,3.182,0.002,2.677,0.000
42324,2,"  2.237","  0.243",10/18,/core/www/modules//sdig/index.php?run_id=110202&search_id=114132&scans_id=110198&peptide_id=34738&scanf=42324&charge=2&value=10/18,sp|P49842|STK19_HUMAN,/core/www/modules//consensus/?run_id=110202&search_id=114132&scans_id=110198&peptide_id=34738&scanf=42324&charge=2&value=sp|P49842|STK19_HUMAN,3,/core/www/modules/match_peptides/blast_html4.php?run_id=110202&search_id=114132&scans_id=110198&peptide_id=34738&scanf=42324&charge=2&value=3,R.ELLLSELLGR.R,/core/www/modules/show_out/show_out_wrapper.php?run_id=110202&search_id=114132&scans_id=110198&peptide_id=34738&scanf=42324&charge=2&value=R.ELLLSELLGR.R,STK19,1.155e+6,2.267,0.046,1.340,0.002
42341,2,"  2.648","  0.427",12/18,/core/www/modules//sdig/index.php?run_id=110202&search_id=114132&scans_id=110198&peptide_id=34756&scanf=42341&charge=2&value=12/18,sp|Q8WX92|NELFB_HUMAN,/core/www/modules//consensus/?run_id=110202&search_id=114132&scans_id=110198&peptide_id=34756&scanf=42341&charge=2&value=sp|Q8WX92|NELFB_HUMAN,1,/core/www/modules/match_peptides/blast_html4.php?run_id=110202&search_id=114132&scans_id=110198&peptide_id=34756&scanf=42341&charge=2&value=1,R.DSPDLLLLLR.L,/core/www/modules/show_out/show_out_wrapper.php?run_id=110202&search_id=114132&scans_id=110198&peptide_id=34756&scanf=42341&charge=2&value=R.DSPDLLLLLR.L,NELFB,8.850e+6,3.109,0.003,2.568,0.000
42343,3,"  4.917","  0.648",14/64,/core/www/modules//sdig/index.php?run_id=110202&search_id=114132&scans_id=110198&peptide_id=34758&scanf=42343&charge=3&value=14/64,sp|Q12996|CSTF3_HUMAN,/core/www/modules//consensus/?run_id=110202&search_id=114132&scans_id=110198&peptide_id=34758&scanf=42343&charge=3&value=sp|Q12996|CSTF3_HUMAN,2,/core/www/modules/match_peptides/blast_html4.php?run_id=110202&search_id=114132&scans_id=110198&peptide_id=34758&scanf=42343&charge=3&value=2,K.KLEENPYDLDAWSILIR.E,/core/www/modules/show_out/show_out_wrapper.php?run_id=110202&search_id=114132&scans_id=110198&peptide_id=34758&scanf=42343&charge=3&value=K.KLEENPYDLDAWSILIR.E,CSTF3,2.152e+6,3.246,0.002,2.772,0.000
42344,3,"  1.843","  0.239",9/68,/core/www/modules//sdig/index.php?run_id=110202&search_id=114132&scans_id=110198&peptide_id=34759&scanf=42344&charge=3&value=9/68,sp|Q5VV42|CDKAL_HUMAN,/core/www/modules//consensus/?run_id=110202&search_id=114132&scans_id=110198&peptide_id=34759&scanf=42344&charge=3&value=sp|Q5VV42|CDKAL_HUMAN,0,/core/www/modules/match_peptides/blast_html4.php?run_id=110202&search_id=114132&scans_id=110198&peptide_id=34759&scanf=42344&charge=3&value=0,R.LGMTNPPYILEHLEEMAK.I,/core/www/modules/show_out/show_out_wrapper.php?run_id=110202&search_id=114132&scans_id=110198&peptide_id=34759&scanf=42344&charge=3&value=R.LGMTNPPYILEHLEEMAK.I,CDKAL1,7.514e+5,1.854,0.164,0.785,0.009
42349,2,"  5.242","  0.786",23/42,/core/www/modules//sdig/index.php?run_id=110202&search_id=114132&scans_id=110198&peptide_id=34764&scanf=42349&charge=2&value=23/42,sp|P78371|TCPB_HUMAN,/core/www/modules//consensus/?run_id=110202&search_id=114132&scans_id=110198&peptide_id=34764&scanf=42349&charge=2&value=sp|P78371|TCPB_HUMAN,1,/core/www/modules/match_peptides/blast_html4.php?run_id=110202&search_id=114132&scans_id=110198&peptide_id=34764&scanf=42349&charge=2&value=1,R.MLPTIIADNAGYDSADLVAQLR.A,/core/www/modules/show_out/show_out_wrapper.php?run_id=110202&search_id=114132&scans_id=110198&peptide_id=34764&scanf=42349&charge=2&value=R.MLPTIIADNAGYDSADLVAQLR.A,CCT2,7.437e+5,3.957,0.000,3.826,0.000
42352,3,"  1.950","  0.243",13/48,/core/www/modules//sdig/index.php?run_id=110202&search_id=114132&scans_id=110198&peptide_id=34768&scanf=42352&charge=3&value=13/48,sp|Q9H2G4|TSYL2_HUMAN,/core/www/modules//consensus/?run_id=110202&search_id=114132&scans_id=110198&peptide_id=34768&scanf=42352&charge=3&value=sp|Q9H2G4|TSYL2_HUMAN,1,/core/www/modules/match_peptides/blast_html4.php?run_id=110202&search_id=114132&scans_id=110198&peptide_id=34768&scanf=42352&charge=3&value=1,R.DLIIQHIPGFWVK.A,/core/www/modules/show_out/show_out_wrapper.php?run_id=110202&search_id=114132&scans_id=110198&peptide_id=34768&scanf=42352&charge=3&value=R.DLIIQHIPGFWVK.A,TSPYL2,1.149e+6,2.219,0.053,1.272,0.002
42354,2,"  2.672","  0.494",14/32,/core/www/modules//sdig/index.php?run_id=110202&search_id=114132&scans_id=110198&peptide_id=34770&scanf=42354&charge=2&value=14/32,sp|Q9UFC0|LRWD1_HUMAN,/core/www/modules//consensus/?run_id=110202&search_id=114132&scans_id=110198&peptide_id=34770&scanf=42354&charge=2&value=sp|Q9UFC0|LRWD1_HUMAN,0,/core/www/modules/match_peptides/blast_html4.php?run_id=110202&search_id=114132&scans_id=110198&peptide_id=34770&scanf=42354&charge=2&value=0,R.SLDLSGLELLSEHLDPK.L,/core/www/modules/show_out/show_out_wrapper.php?run_id=110202&search_id=114132&scans_id=110198&peptide_id=34770&scanf=42354&charge=2&value=R.SLDLSGLELLSEHLDPK.L,LRWD1,7.254e+5,2.771,0.009,2.070,0.000
42357,3,"  2.959","  0.552",14/60,/core/www/modules//sdig/index.php?run_id=110202&search_id=114132&scans_id=110198&peptide_id=34772&scanf=42357&charge=3&value=14/60,sp|Q14690|RRP5_HUMAN,/core/www/modules//consensus/?run_id=110202&search_id=114132&scans_id=110198&peptide_id=34772&scanf=42357&charge=3&value=sp|Q14690|RRP5_HUMAN,1,/core/www/modules/match_peptides/blast_html4.php?run_id=110202&search_id=114132&scans_id=110198&peptide_id=34772&scanf=42357&charge=3&value=1,K.NFSEIHPGMLLIGFVK.S,/core/www/modules/show_out/show_out_wrapper.php?run_id=110202&search_id=114132&scans_id=110198&peptide_id=34772&scanf=42357&charge=3&value=K.NFSEIHPGMLLIGFVK.S,PDCD11,5.656e+6,3.312,0.001,2.870,0.000
42358,3,"  3.612","  0.549",14/60,/core/www/modules//sdig/index.php?run_id=110202&search_id=114132&scans_id=110198&peptide_id=34773&scanf=42358&charge=3&value=14/60,sp|O00422|SAP18_HUMAN,/core/www/modules//consensus/?run_id=110202&search_id=114132&scans_id=110198&peptide_id=34773&scanf=42358&charge=3&value=sp|O00422|SAP18_HUMAN,1,/core/www/modules/match_peptides/blast_html4.php?run_id=110202&search_id=114132&scans_id=110198&peptide_id=34773&scanf=42358&charge=3&value=1,K.FQIGDYLDIAITPPNR.A,/core/www/modules/show_out/show_out_wrapper.php?run_id=110202&search_id=114132&scans_id=110198&peptide_id=34773&scanf=42358&charge=3&value=K.FQIGDYLDIAITPPNR.A,SAP18,3.745e+6,3.216,0.002,2.727,0.000
42359,3,"  6.760","  0.737",23/104,/core/www/modules//sdig/index.php?run_id=110202&search_id=114132&scans_id=110198&peptide_id=34774&scanf=42359&charge=3&value=23/104,sp|Q15149|PLEC_HUMAN,/core/www/modules//consensus/?run_id=110202&search_id=114132&scans_id=110198&peptide_id=34774&scanf=42359&charge=3&value=sp|Q15149|PLEC_HUMAN,4,/core/www/modules/match_peptides/blast_html4.php?run_id=110202&search_id=114132&scans_id=110198&peptide_id=34774&scanf=42359&charge=3&value=4,K.SEEMQTVQQEQLLQETQALQQSFLSEK.D,/core/www/modules/show_out/show_out_wrapper.php?run_id=110202&search_id=114132&scans_id=110198&peptide_id=34774&scanf=42359&charge=3&value=K.SEEMQTVQQEQLLQETQALQQSFLSEK.D,PLEC,2.469e+6,4.096,0.000,4.032,0.000
42360,3,"  4.386","  0.523",18/64,/core/www/modules//sdig/index.php?run_id=110202&search_id=114132&scans_id=110198&peptide_id=34776&scanf=42360&charge=3&value=18/64,sp|Q9UMS4|PRP19_HUMAN,/core/www/modules//consensus/?run_id=110202&search_id=114132&scans_id=110198&peptide_id=34776&scanf=42360&charge=3&value=sp|Q9UMS4|PRP19_HUMAN,1,/core/www/modules/match_peptides/blast_html4.php?run_id=110202&search_id=114132&scans_id=110198&peptide_id=34776&scanf=42360&charge=3&value=1,K.ALQDEWDAVMLHSFTLR.Q,/core/www/modules/show_out/show_out_wrapper.php?run_id=110202&search_id=114132&scans_id=110198&peptide_id=34776&scanf=42360&charge=3&value=K.ALQDEWDAVMLHSFTLR.Q,PRPF19,2.369e+7,3.168,0.002,2.657,0.000
42365,2,"  4.157","  0.670",15/30,/core/www/modules//sdig/index.php?run_id=110202&search_id=114132&scans_id=110198&peptide_id=34781&scanf=42365&charge=2&value=15/30,sp|Q15269|PWP2_HUMAN,/core/www/modules//consensus/?run_id=110202&search_id=114132&scans_id=110198&peptide_id=34781&scanf=42365&charge=2&value=sp|Q15269|PWP2_HUMAN,0,/core/www/modules/match_peptides/blast_html4.php?run_id=110202&search_id=114132&scans_id=110198&peptide_id=34781&scanf=42365&charge=2&value=0,R.VLFDPFELDTSVTPGR.V,/core/www/modules/show_out/show_out_wrapper.php?run_id=110202&search_id=114132&scans_id=110198&peptide_id=34781&scanf=42365&charge=2&value=R.VLFDPFELDTSVTPGR.V,PWP2,2.807e+6,3.538,0.001,3.204,0.000
42375,2,"  1.657","  0.341",7/20,/core/www/modules//sdig/index.php?run_id=110202&search_id=114132&scans_id=110198&peptide_id=34792&scanf=42375&charge=2&value=7/20,sp|Q15543|TAF13_HUMAN,/core/www/modules//consensus/?run_id=110202&search_id=114132&scans_id=110198&peptide_id=34792&scanf=42375&charge=2&value=sp|Q15543|TAF13_HUMAN,1,/core/www/modules/match_peptides/blast_html4.php?run_id=110202&search_id=114132&scans_id=110198&peptide_id=34792&scanf=42375&charge=2&value=1,R.VQVEDIVFLIR.K,/core/www/modules/show_out/show_out_wrapper.php?run_id=110202&search_id=114132&scans_id=110198&peptide_id=34792&scanf=42375&charge=2&value=R.VQVEDIVFLIR.K,TAF13,6.942e+5,2.277,0.044,1.353,0.002
42376,2,"  2.440","  0.380",11/20,/core/www/modules//sdig/index.php?run_id=110202&search_id=114132&scans_id=110198&peptide_id=34793&scanf=42376&charge=2&value=11/20,sp|Q9Y376|CAB39_HUMAN,/core/www/modules//consensus/?run_id=110202&search_id=114132&scans_id=110198&peptide_id=34793&scanf=42376&charge=2&value=sp|Q9Y376|CAB39_HUMAN,0,/core/www/modules/match_peptides/blast_html4.php?run_id=110202&search_id=114132&scans_id=110198&peptide_id=34793&scanf=42376&charge=2&value=0,K.DVAQIFNNILR.R,/core/www/modules/show_out/show_out_wrapper.php?run_id=110202&search_id=114132&scans_id=110198&peptide_id=34793&scanf=42376&charge=2&value=K.DVAQIFNNILR.R,CAB39,8.337e+5,2.689,0.011,1.950,0.000
42378,3,"  2.202","  0.474",12/64,/core/www/modules//sdig/index.php?run_id=110202&search_id=114132&scans_id=110198&peptide_id=34794&scanf=42378&charge=3&value=12/64,sp|Q08211|DHX9_HUMAN,/core/www/modules//consensus/?run_id=110202&search_id=114132&scans_id=110198&peptide_id=34794&scanf=42378&charge=3&value=sp|Q08211|DHX9_HUMAN,0,/core/www/modules/match_peptides/blast_html4.php?run_id=110202&search_id=114132&scans_id=110198&peptide_id=34794&scanf=42378&charge=3&value=0,K.TTQVPQFILDDFIQNDR.A,/core/www/modules/show_out/show_out_wrapper.php?run_id=110202&search_id=114132&scans_id=110198&peptide_id=34794&scanf=42378&charge=3&value=K.TTQVPQFILDDFIQNDR.A,DHX9,9.275e+7,3.105,0.003,2.563,0.000
42381,2,"  3.487","  0.525",11/22,/core/www/modules//sdig/index.php?run_id=110202&search_id=114132&scans_id=110198&peptide_id=34798&scanf=42381&charge=2&value=11/22,sp|Q9Y2X0|MED16_HUMAN,/core/www/modules//consensus/?run_id=110202&search_id=114132&scans_id=110198&peptide_id=34798&scanf=42381&charge=2&value=sp|Q9Y2X0|MED16_HUMAN,3,/core/www/modules/match_peptides/blast_html4.php?run_id=110202&search_id=114132&scans_id=110198&peptide_id=34798&scanf=42381&charge=2&value=3,R.IDTEILPSLFMR.C,/core/www/modules/show_out/show_out_wrapper.php?run_id=110202&search_id=114132&scans_id=110198&peptide_id=34798&scanf=42381&charge=2&value=R.IDTEILPSLFMR.C,MED16,1.972e+6,3.168,0.002,2.657,0.000
42382,3,"  3.136","  0.433",11/72,/core/www/modules//sdig/index.php?run_id=110202&search_id=114132&scans_id=110198&peptide_id=34799&scanf=42382&charge=3&value=11/72,sp|O96019|ACL6A_HUMAN,/core/www/modules//consensus/?run_id=110202&search_id=114132&scans_id=110198&peptide_id=34799&scanf=42382&charge=3&value=sp|O96019|ACL6A_HUMAN,0,/core/www/modules/match_peptides/blast_html4.php?run_id=110202&search_id=114132&scans_id=110198&peptide_id=34799&scanf=42382&charge=3&value=0,R.ELFQEM*NIELVPPYMIASK.E,/core/www/modules/show_out/show_out_wrapper.php?run_id=110202&search_id=114132&scans_id=110198&peptide_id=34799&scanf=42382&charge=3&value=R.ELFQEM*NIELVPPYMIASK.E,ACTL6A,6.645e+5,2.458,0.024,1.613,0.001
42386,2,"  2.711","  0.220",13/16,/core/www/modules//sdig/index.php?run_id=110202&search_id=114132&scans_id=110198&peptide_id=34803&scanf=42386&charge=2&value=13/16,sp|Q8NI27|THOC2_HUMAN,/core/www/modules//consensus/?run_id=110202&search_id=114132&scans_id=110198&peptide_id=34803&scanf=42386&charge=2&value=sp|Q8NI27|THOC2_HUMAN,1,/core/www/modules/match_peptides/blast_html4.php?run_id=110202&search_id=114132&scans_id=110198&peptide_id=34803&scanf=42386&charge=2&value=1,K.LGLLEALLK.I,/core/www/modules/show_out/show_out_wrapper.php?run_id=110202&search_id=114132&scans_id=110198&peptide_id=34803&scanf=42386&charge=2&value=K.LGLLEALLK.I,THOC2,1.542e+7,2.731,0.010,2.012,0.000
42388,3,"  3.668","  0.611",18/72,/core/www/modules//sdig/index.php?run_id=110202&search_id=114132&scans_id=110198&peptide_id=34805&scanf=42388&charge=3&value=18/72,sp|O00567|NOP56_HUMAN,/core/www/modules//consensus/?run_id=110202&search_id=114132&scans_id=110198&peptide_id=34805&scanf=42388&charge=3&value=sp|O00567|NOP56_HUMAN,3,/core/www/modules/match_peptides/blast_html4.php?run_id=110202&search_id=114132&scans_id=110198&peptide_id=34805&scanf=42388&charge=3&value=3,K.M*SQVAPSLSALIGEAVGAR.L,/core/www/modules/show_out/show_out_wrapper.php?run_id=110202&search_id=114132&scans_id=110198&peptide_id=34805&scanf=42388&charge=3&value=K.M*SQVAPSLSALIGEAVGAR.L,NOP56,1.093e+7,3.411,0.001,3.016,0.000
42389,3,"  3.286","  0.481",15/68,/core/www/modules//sdig/index.php?run_id=110202&search_id=114132&scans_id=110198&peptide_id=34806&scanf=42389&charge=3&value=15/68,sp|P49411|EFTU_HUMAN,/core/www/modules//consensus/?run_id=110202&search_id=114132&scans_id=110198&peptide_id=34806&scanf=42389&charge=3&value=sp|P49411|EFTU_HUMAN,0,/core/www/modules/match_peptides/blast_html4.php?run_id=110202&search_id=114132&scans_id=110198&peptide_id=34806&scanf=42389&charge=3&value=0,K.ADAVQDSEMVELVELEIR.E,/core/www/modules/show_out/show_out_wrapper.php?run_id=110202&search_id=114132&scans_id=110198&peptide_id=34806&scanf=42389&charge=3&value=K.ADAVQDSEMVELVELEIR.E,TUFM,2.488e+6,2.907,0.005,2.271,0.000
42390,2,"  1.424","  0.190",6/18,/core/www/modules//sdig/index.php?run_id=110202&search_id=114132&scans_id=110198&peptide_id=34808&scanf=42390&charge=2&value=6/18,sp|P09651|ROA1_HUMAN,/core/www/modules//consensus/?run_id=110202&search_id=114132&scans_id=110198&peptide_id=34808&scanf=42390&charge=2&value=sp|P09651|ROA1_HUMAN,11,/core/www/modules/match_peptides/blast_html4.php?run_id=110202&search_id=114132&scans_id=110198&peptide_id=34808&scanf=42390&charge=2&value=11,K.IEVIEIMTDR.G,/core/www/modules/show_out/show_out_wrapper.php?run_id=110202&search_id=114132&scans_id=110198&peptide_id=34808&scanf=42390&charge=2&value=K.IEVIEIMTDR.G,HNRNPA1,2.999e+6,1.880,0.152,0.817,0.008
42394,3,"  3.337","  0.523",19/76,/core/www/modules//sdig/index.php?run_id=110202&search_id=114132&scans_id=110198&peptide_id=34812&scanf=42394&charge=3&value=19/76,sp|P17844|DDX5_HUMAN,/core/www/modules//consensus/?run_id=110202&search_id=114132&scans_id=110198&peptide_id=34812&scanf=42394&charge=3&value=sp|P17844|DDX5_HUMAN,7,/core/www/modules/match_peptides/blast_html4.php?run_id=110202&search_id=114132&scans_id=110198&peptide_id=34812&scanf=42394&charge=3&value=7,K.TLSYLLPAIVHINHQPFLER.G,/core/www/modules/show_out/show_out_wrapper.php?run_id=110202&search_id=114132&scans_id=110198&peptide_id=34812&scanf=42394&charge=3&value=K.TLSYLLPAIVHINHQPFLER.G,DDX5,5.056e+5,3.067,0.003,2.507,0.000
42395,2,"  2.039","  0.377",9/20,/core/www/modules//sdig/index.php?run_id=110202&search_id=114132&scans_id=110198&peptide_id=34813&scanf=42395&charge=2&value=9/20,sp|P78362|SRPK2_HUMAN,/core/www/modules//consensus/?run_id=110202&search_id=114132&scans_id=110198&peptide_id=34813&scanf=42395&charge=2&value=sp|P78362|SRPK2_HUMAN,2,/core/www/modules/match_peptides/blast_html4.php?run_id=110202&search_id=114132&scans_id=110198&peptide_id=34813&scanf=42395&charge=2&value=2,K.DMVVQLIDDFK.I,/core/www/modules/show_out/show_out_wrapper.php?run_id=110202&search_id=114132&scans_id=110198&peptide_id=34813&scanf=42395&charge=2&value=K.DMVVQLIDDFK.I,SRPK2,8.561e+5,2.560,0.017,1.762,0.000
42399,3,"  5.913","  0.672",24/76,/core/www/modules//sdig/index.php?run_id=110202&search_id=114132&scans_id=110198&peptide_id=34816&scanf=42399&charge=3&value=24/76,sp|P40939|ECHA_HUMAN,/core/www/modules//consensus/?run_id=110202&search_id=114132&scans_id=110198&peptide_id=34816&scanf=42399&charge=3&value=sp|P40939|ECHA_HUMAN,4,/core/www/modules/match_peptides/blast_html4.php?run_id=110202&search_id=114132&scans_id=110198&peptide_id=34816&scanf=42399&charge=3&value=4,K.ELHSEFSEVMNEIWASDQIR.S,/core/www/modules/show_out/show_out_wrapper.php?run_id=110202&search_id=114132&scans_id=110198&peptide_id=34816&scanf=42399&charge=3&value=K.ELHSEFSEVMNEIWASDQIR.S,HADHA,3.796e+6,3.731,0.000,3.490,0.000
42401,3,"  3.215","  0.477",18/64,/core/www/modules//sdig/index.php?run_id=110202&search_id=114132&scans_id=110198&peptide_id=34819&scanf=42401&charge=3&value=18/64,sp|Q14149|MORC3_HUMAN,/core/www/modules//consensus/?run_id=110202&search_id=114132&scans_id=110198&peptide_id=34819&scanf=42401&charge=3&value=sp|Q14149|MORC3_HUMAN,0,/core/www/modules/match_peptides/blast_html4.php?run_id=110202&search_id=114132&scans_id=110198&peptide_id=34819&scanf=42401&charge=3&value=0,K.ASLAAILEHSLFSTEQK.L,/core/www/modules/show_out/show_out_wrapper.php?run_id=110202&search_id=114132&scans_id=110198&peptide_id=34819&scanf=42401&charge=3&value=K.ASLAAILEHSLFSTEQK.L,MORC3,1.621e+6,2.875,0.006,2.223,0.000
42404,3,"  2.321","  0.534",12/64,/core/www/modules//sdig/index.php?run_id=110202&search_id=114132&scans_id=110198&peptide_id=34822&scanf=42404&charge=3&value=12/64,sp|P31942|HNRH3_HUMAN,/core/www/modules//consensus/?run_id=110202&search_id=114132&scans_id=110198&peptide_id=34822&scanf=42404&charge=3&value=sp|P31942|HNRH3_HUMAN,0,/core/www/modules/match_peptides/blast_html4.php?run_id=110202&search_id=114132&scans_id=110198&peptide_id=34822&scanf=42404&charge=3&value=0,R.ATENDIANFFSPLNPIR.V,/core/www/modules/show_out/show_out_wrapper.php?run_id=110202&search_id=114132&scans_id=110198&peptide_id=34822&scanf=42404&charge=3&value=R.ATENDIANFFSPLNPIR.V,HNRNPH3,3.654e+7,2.949,0.005,2.332,0.000
42407,3,"  2.701","  0.464",12/44,/core/www/modules//sdig/index.php?run_id=110202&search_id=114132&scans_id=110198&peptide_id=34825&scanf=42407&charge=3&value=12/44,sp|Q8IY17|PLPL6_HUMAN,/core/www/modules//consensus/?run_id=110202&search_id=114132&scans_id=110198&peptide_id=34825&scanf=42407&charge=3&value=sp|Q8IY17|PLPL6_HUMAN,1,/core/www/modules/match_peptides/blast_html4.php?run_id=110202&search_id=114132&scans_id=110198&peptide_id=34825&scanf=42407&charge=3&value=1,R.GDLIGVVEALTR.Q,/core/www/modules/show_out/show_out_wrapper.php?run_id=110202&search_id=114132&scans_id=110198&peptide_id=34825&scanf=42407&charge=3&value=R.GDLIGVVEALTR.Q,PNPLA6,9.927e+5,3.061,0.003,2.498,0.000
42420,2,"  2.260","  0.478",10/20,/core/www/modules//sdig/index.php?run_id=110202&search_id=114132&scans_id=110198&peptide_id=34839&scanf=42420&charge=2&value=10/20,sp|Q9BQ39|DDX50_HUMAN,/core/www/modules//consensus/?run_id=110202&search_id=114132&scans_id=110198&peptide_id=34839&scanf=42420&charge=2&value=sp|Q9BQ39|DDX50_HUMAN,0,/core/www/modules/match_peptides/blast_html4.php?run_id=110202&search_id=114132&scans_id=110198&peptide_id=34839&scanf=42420&charge=2&value=0,K.TFSFAIPLIER.L,/core/www/modules/show_out/show_out_wrapper.php?run_id=110202&search_id=114132&scans_id=110198&peptide_id=34839&scanf=42420&charge=2&value=K.TFSFAIPLIER.L,DDX50,1.647e+7,3.024,0.004,2.443,0.000
42422,2,"  3.078","  0.629",16/20,/core/www/modules//sdig/index.php?run_id=110202&search_id=114132&scans_id=110198&peptide_id=34841&scanf=42422&charge=2&value=16/20,sp|Q9BQG0|MBB1A_HUMAN,/core/www/modules//consensus/?run_id=110202&search_id=114132&scans_id=110198&peptide_id=34841&scanf=42422&charge=2&value=sp|Q9BQG0|MBB1A_HUMAN,1,/core/www/modules/match_peptides/blast_html4.php?run_id=110202&search_id=114132&scans_id=110198&peptide_id=34841&scanf=42422&charge=2&value=1,R.VLDLVEVLVTK.Q,/core/www/modules/show_out/show_out_wrapper.php?run_id=110202&search_id=114132&scans_id=110198&peptide_id=34841&scanf=42422&charge=2&value=R.VLDLVEVLVTK.Q,MYBBP1A,5.708e+7,4.085,0.000,4.016,0.000
42424,3,"  5.794","  0.567",24/100,/core/www/modules//sdig/index.php?run_id=110202&search_id=114132&scans_id=110198&peptide_id=34843&scanf=42424&charge=3&value=24/100,sp|Q8N1F7|NUP93_HUMAN,/core/www/modules//consensus/?run_id=110202&search_id=114132&scans_id=110198&peptide_id=34843&scanf=42424&charge=3&value=sp|Q8N1F7|NUP93_HUMAN,5,/core/www/modules/match_peptides/blast_html4.php?run_id=110202&search_id=114132&scans_id=110198&peptide_id=34843&scanf=42424&charge=3&value=5,R.LESLSAATTFEPLEPVKDTDIQGFLK.N,/core/www/modules/show_out/show_out_wrapper.php?run_id=110202&search_id=114132&scans_id=110198&peptide_id=34843&scanf=42424&charge=3&value=R.LESLSAATTFEPLEPVKDTDIQGFLK.N,NUP93,2.337e+6,2.639,0.013,1.877,0.000
42427,2,"  2.354","  0.416",13/26,/core/www/modules//sdig/index.php?run_id=110202&search_id=114132&scans_id=110198&peptide_id=34846&scanf=42427&charge=2&value=13/26,sp|P25705|ATPA_HUMAN,/core/www/modules//consensus/?run_id=110202&search_id=114132&scans_id=110198&peptide_id=34846&scanf=42427&charge=2&value=sp|P25705|ATPA_HUMAN,0,/core/www/modules/match_peptides/blast_html4.php?run_id=110202&search_id=114132&scans_id=110198&peptide_id=34846&scanf=42427&charge=2&value=0,K.LKEIVTNFLAGFEA.-,/core/www/modules/show_out/show_out_wrapper.php?run_id=110202&search_id=114132&scans_id=110198&peptide_id=34846&scanf=42427&charge=2&value=K.LKEIVTNFLAGFEA.-,ATP5F1A,9.131e+6,2.398,0.030,1.526,0.001
42430,2,"  3.260","  0.636",12/20,/core/www/modules//sdig/index.php?run_id=110202&search_id=114132&scans_id=110198&peptide_id=34850&scanf=42430&charge=2&value=12/20,sp|P78527|PRKDC_HUMAN,/core/www/modules//consensus/?run_id=110202&search_id=114132&scans_id=110198&peptide_id=34850&scanf=42430&charge=2&value=sp|P78527|PRKDC_HUMAN,0,/core/www/modules/match_peptides/blast_html4.php?run_id=110202&search_id=114132&scans_id=110198&peptide_id=34850&scanf=42430&charge=2&value=0,R.FM*NAVFFLLPK.F,/core/www/modules/show_out/show_out_wrapper.php?run_id=110202&search_id=114132&scans_id=110198&peptide_id=34850&scanf=42430&charge=2&value=R.FM*NAVFFLLPK.F,PRKDC,2.726e+6,4.528,0.000,4.673,0.000
42439,2,"  3.099","  0.680",13/24,/core/www/modules//sdig/index.php?run_id=110202&search_id=114132&scans_id=110198&peptide_id=34859&scanf=42439&charge=2&value=13/24,sp|P04844|RPN2_HUMAN,/core/www/modules//consensus/?run_id=110202&search_id=114132&scans_id=110198&peptide_id=34859&scanf=42439&charge=2&value=sp|P04844|RPN2_HUMAN,2,/core/www/modules/match_peptides/blast_html4.php?run_id=110202&search_id=114132&scans_id=110198&peptide_id=34859&scanf=42439&charge=2&value=2,K.NPILWNVADVVIK.F,/core/www/modules/show_out/show_out_wrapper.php?run_id=110202&search_id=114132&scans_id=110198&peptide_id=34859&scanf=42439&charge=2&value=K.NPILWNVADVVIK.F,RPN2,1.147e+6,3.654,0.000,3.377,0.000
42444,2,"  2.026","  0.318",12/12,/core/www/modules//sdig/index.php?run_id=110202&search_id=114132&scans_id=110198&peptide_id=34864&scanf=42444&charge=2&value=12/12,sp|P04908|H2A1B_HUMAN,/core/www/modules//consensus/?run_id=110202&search_id=114132&scans_id=110198&peptide_id=34864&scanf=42444&charge=2&value=sp|P04908|H2A1B_HUMAN,20,/core/www/modules/match_peptides/blast_html4.php?run_id=110202&search_id=114132&scans_id=110198&peptide_id=34864&scanf=42444&charge=2&value=20,R.HLQLAIR.N,/core/www/modules/show_out/show_out_wrapper.php?run_id=110202&search_id=114132&scans_id=110198&peptide_id=34864&scanf=42444&charge=2&value=R.HLQLAIR.N,H2AC8,4.853e+6,3.502,0.001,3.152,0.000
42445,2,"  4.325","  0.756",20/36,/core/www/modules//sdig/index.php?run_id=110202&search_id=114132&scans_id=110198&peptide_id=34865&scanf=42445&charge=2&value=20/36,sp|O14497|ARI1A_HUMAN,/core/www/modules//consensus/?run_id=110202&search_id=114132&scans_id=110198&peptide_id=34865&scanf=42445&charge=2&value=sp|O14497|ARI1A_HUMAN,13,/core/www/modules/match_peptides/blast_html4.php?run_id=110202&search_id=114132&scans_id=110198&peptide_id=34865&scanf=42445&charge=2&value=13,K.LSIQDNNVDLILATPPFSR.L,/core/www/modules/show_out/show_out_wrapper.php?run_id=110202&search_id=114132&scans_id=110198&peptide_id=34865&scanf=42445&charge=2&value=K.LSIQDNNVDLILATPPFSR.L,ARID1A,2.206e+6,3.906,0.000,3.750,0.000
42446,2,"  1.338","  0.242",8/22,/core/www/modules//sdig/index.php?run_id=110202&search_id=114132&scans_id=110198&peptide_id=34866&scanf=42446&charge=2&value=8/22,sp|O43615|TIM44_HUMAN,/core/www/modules//consensus/?run_id=110202&search_id=114132&scans_id=110198&peptide_id=34866&scanf=42446&charge=2&value=sp|O43615|TIM44_HUMAN,2,/core/www/modules/match_peptides/blast_html4.php?run_id=110202&search_id=114132&scans_id=110198&peptide_id=34866&scanf=42446&charge=2&value=2,K.TEMSEVLTEILR.V,/core/www/modules/show_out/show_out_wrapper.php?run_id=110202&search_id=114132&scans_id=110198&peptide_id=34866&scanf=42446&charge=2&value=K.TEMSEVLTEILR.V,TIMM44,5.138e+6,1.905,0.142,0.849,0.007
42452,2,"  3.029","  0.516",13/26,/core/www/modules//sdig/index.php?run_id=110202&search_id=114132&scans_id=110198&peptide_id=34873&scanf=42452&charge=2&value=13/26,sp|P49792|RBP2_HUMAN,/core/www/modules//consensus/?run_id=110202&search_id=114132&scans_id=110198&peptide_id=34873&scanf=42452&charge=2&value=sp|P49792|RBP2_HUMAN,2,/core/www/modules/match_peptides/blast_html4.php?run_id=110202&search_id=114132&scans_id=110198&peptide_id=34873&scanf=42452&charge=2&value=2,R.FLGLLYELEENTDK.A,/core/www/modules/show_out/show_out_wrapper.php?run_id=110202&search_id=114132&scans_id=110198&peptide_id=34873&scanf=42452&charge=2&value=R.FLGLLYELEENTDK.A,RANBP2,2.271e+6,3.130,0.003,2.601,0.000
42454,2,"  5.637","  0.690",23/38,/core/www/modules//sdig/index.php?run_id=110202&search_id=114132&scans_id=110198&peptide_id=34875&scanf=42454&charge=2&value=23/38,sp|Q9P2J5|SYLC_HUMAN,/core/www/modules//consensus/?run_id=110202&search_id=114132&scans_id=110198&peptide_id=34875&scanf=42454&charge=2&value=sp|Q9P2J5|SYLC_HUMAN,10,/core/www/modules/match_peptides/blast_html4.php?run_id=110202&search_id=114132&scans_id=110198&peptide_id=34875&scanf=42454&charge=2&value=10,K.ELMGEEILGASLSAPLTSYK.V,/core/www/modules/show_out/show_out_wrapper.php?run_id=110202&search_id=114132&scans_id=110198&peptide_id=34875&scanf=42454&charge=2&value=K.ELMGEEILGASLSAPLTSYK.V,LARS1,8.577e+5,3.808,0.000,3.605,0.000
42456,2,"  1.968","  0.344",9/16,/core/www/modules//sdig/index.php?run_id=110202&search_id=114132&scans_id=110198&peptide_id=34877&scanf=42456&charge=2&value=9/16,sp|P04908|H2A1B_HUMAN,/core/www/modules//consensus/?run_id=110202&search_id=114132&scans_id=110198&peptide_id=34877&scanf=42456&charge=2&value=sp|P04908|H2A1B_HUMAN,19,/core/www/modules/match_peptides/blast_html4.php?run_id=110202&search_id=114132&scans_id=110198&peptide_id=34877&scanf=42456&charge=2&value=19,R.AGLQFPVGR.V,/core/www/modules/show_out/show_out_wrapper.php?run_id=110202&search_id=114132&scans_id=110198&peptide_id=34877&scanf=42456&charge=2&value=R.AGLQFPVGR.V,H2AC8,1.058e+6,2.877,0.006,2.226,0.000
42457,3,"  2.903","  0.376",6/72,/core/www/modules//sdig/index.php?run_id=110202&search_id=114132&scans_id=110198&peptide_id=34878&scanf=42457&charge=3&value=6/72,sp|Q9Y312|AAR2_HUMAN,/core/www/modules//consensus/?run_id=110202&search_id=114132&scans_id=110198&peptide_id=34878&scanf=42457&charge=3&value=sp|Q9Y312|AAR2_HUMAN,3,/core/www/modules/match_peptides/blast_html4.php?run_id=110202&search_id=114132&scans_id=110198&peptide_id=34878&scanf=42457&charge=3&value=3,R.ANLQELDQFLGPYPYATLK.K,/core/www/modules/show_out/show_out_wrapper.php?run_id=110202&search_id=114132&scans_id=110198&peptide_id=34878&scanf=42457&charge=3&value=R.ANLQELDQFLGPYPYATLK.K,AAR2,3.603e+6,2.259,0.047,1.329,0.002
42465,3,"  6.285","  0.701",36/88,/core/www/modules//sdig/index.php?run_id=110202&search_id=114132&scans_id=110198&peptide_id=34885&scanf=42465&charge=3&value=36/88,sp|Q9NZB2|F120A_HUMAN,/core/www/modules//consensus/?run_id=110202&search_id=114132&scans_id=110198&peptide_id=34885&scanf=42465&charge=3&value=sp|Q9NZB2|F120A_HUMAN,3,/core/www/modules/match_peptides/blast_html4.php?run_id=110202&search_id=114132&scans_id=110198&peptide_id=34885&scanf=42465&charge=3&value=3,R.QSHTLPFPPPPALPFYPASAYPR.H,/core/www/modules/show_out/show_out_wrapper.php?run_id=110202&search_id=114132&scans_id=110198&peptide_id=34885&scanf=42465&charge=3&value=R.QSHTLPFPPPPALPFYPASAYPR.H,FAM120A,1.092e+6,3.864,0.000,3.688,0.000
42468,2,"  3.584","  0.493",8/28,/core/www/modules//sdig/index.php?run_id=110202&search_id=114132&scans_id=110198&peptide_id=34888&scanf=42468&charge=2&value=8/28,sp|Q9BZZ5|API5_HUMAN,/core/www/modules//consensus/?run_id=110202&search_id=114132&scans_id=110198&peptide_id=34888&scanf=42468&charge=2&value=sp|Q9BZZ5|API5_HUMAN,1,/core/www/modules/match_peptides/blast_html4.php?run_id=110202&search_id=114132&scans_id=110198&peptide_id=34888&scanf=42468&charge=2&value=1,K.VLEDVTGEEFVLFMK.I,/core/www/modules/show_out/show_out_wrapper.php?run_id=110202&search_id=114132&scans_id=110198&peptide_id=34888&scanf=42468&charge=2&value=K.VLEDVTGEEFVLFMK.I,API5,5.713e+6,2.616,0.014,1.844,0.000
42469,3,"  4.391","  0.625",19/104,/core/www/modules//sdig/index.php?run_id=110202&search_id=114132&scans_id=110198&peptide_id=34889&scanf=42469&charge=3&value=19/104,sp|O43823|AKAP8_HUMAN,/core/www/modules//consensus/?run_id=110202&search_id=114132&scans_id=110198&peptide_id=34889&scanf=42469&charge=3&value=sp|O43823|AKAP8_HUMAN,3,/core/www/modules/match_peptides/blast_html4.php?run_id=110202&search_id=114132&scans_id=110198&peptide_id=34889&scanf=42469&charge=3&value=3,R.SDPFVPPAASSEPLSTPWNELNYVGGR.G,/core/www/modules/show_out/show_out_wrapper.php?run_id=110202&search_id=114132&scans_id=110198&peptide_id=34889&scanf=42469&charge=3&value=R.SDPFVPPAASSEPLSTPWNELNYVGGR.G,AKAP8,1.635e+6,2.957,0.005,2.345,0.000
42471,3,"  2.585","  0.576",16/56,/core/www/modules//sdig/index.php?run_id=110202&search_id=114132&scans_id=110198&peptide_id=34892&scanf=42471&charge=3&value=16/56,sp|Q9Y3E0|GOT1B_HUMAN,/core/www/modules//consensus/?run_id=110202&search_id=114132&scans_id=110198&peptide_id=34892&scanf=42471&charge=3&value=sp|Q9Y3E0|GOT1B_HUMAN,2,/core/www/modules/match_peptides/blast_html4.php?run_id=110202&search_id=114132&scans_id=110198&peptide_id=34892&scanf=42471&charge=3&value=2,R.RVPVLGSLLNLPGIR.S,/core/www/modules/show_out/show_out_wrapper.php?run_id=110202&search_id=114132&scans_id=110198&peptide_id=34892&scanf=42471&charge=3&value=R.RVPVLGSLLNLPGIR.S,GOLT1B,1.118e+6,3.023,0.004,2.443,0.000
42473,3,"  4.434","  0.388",16/72,/core/www/modules//sdig/index.php?run_id=110202&search_id=114132&scans_id=110198&peptide_id=34894&scanf=42473&charge=3&value=16/72,sp|P41252|SYIC_HUMAN,/core/www/modules//consensus/?run_id=110202&search_id=114132&scans_id=110198&peptide_id=34894&scanf=42473&charge=3&value=sp|P41252|SYIC_HUMAN,9,/core/www/modules/match_peptides/blast_html4.php?run_id=110202&search_id=114132&scans_id=110198&peptide_id=34894&scanf=42473&charge=3&value=9,R.EFEDAFPADFIAEGIDQTR.G,/core/www/modules/show_out/show_out_wrapper.php?run_id=110202&search_id=114132&scans_id=110198&peptide_id=34894&scanf=42473&charge=3&value=R.EFEDAFPADFIAEGIDQTR.G,IARS1,3.291e+6,2.676,0.012,1.931,0.000
42474,2,"  3.530","  0.690",14/26,/core/www/modules//sdig/index.php?run_id=110202&search_id=114132&scans_id=110198&peptide_id=34895&scanf=42474&charge=2&value=14/26,sp|Q9BXK5|B2L13_HUMAN,/core/www/modules//consensus/?run_id=110202&search_id=114132&scans_id=110198&peptide_id=34895&scanf=42474&charge=2&value=sp|Q9BXK5|B2L13_HUMAN,5,/core/www/modules/match_peptides/blast_html4.php?run_id=110202&search_id=114132&scans_id=110198&peptide_id=34895&scanf=42474&charge=2&value=5,K.YVVLSYLGLLSQEK.L,/core/www/modules/show_out/show_out_wrapper.php?run_id=110202&search_id=114132&scans_id=110198&peptide_id=34895&scanf=42474&charge=2&value=K.YVVLSYLGLLSQEK.L,BCL2L13,1.145e+6,3.715,0.000,3.467,0.000
42478,2,"  2.008","  0.555",10/24,/core/www/modules//sdig/index.php?run_id=110202&search_id=114132&scans_id=110198&peptide_id=34899&scanf=42478&charge=2&value=10/24,sp|Q9H1I8|ASCC2_HUMAN,/core/www/modules//consensus/?run_id=110202&search_id=114132&scans_id=110198&peptide_id=34899&scanf=42478&charge=2&value=sp|Q9H1I8|ASCC2_HUMAN,1,/core/www/modules/match_peptides/blast_html4.php?run_id=110202&search_id=114132&scans_id=110198&peptide_id=34899&scanf=42478&charge=2&value=1,K.DNIPALVEEYLER.A,/core/www/modules/show_out/show_out_wrapper.php?run_id=110202&search_id=114132&scans_id=110198&peptide_id=34899&scanf=42478&charge=2&value=K.DNIPALVEEYLER.A,ASCC2,1.036e+6,3.013,0.004,2.427,0.000
42479,2,"  3.646","  0.652",15/26,/core/www/modules//sdig/index.php?run_id=110202&search_id=114132&scans_id=110198&peptide_id=34900&scanf=42479&charge=2&value=15/26,sp|Q14676|MDC1_HUMAN,/core/www/modules//consensus/?run_id=110202&search_id=114132&scans_id=110198&peptide_id=34900&scanf=42479&charge=2&value=sp|Q14676|MDC1_HUMAN,0,/core/www/modules/match_peptides/blast_html4.php?run_id=110202&search_id=114132&scans_id=110198&peptide_id=34900&scanf=42479&charge=2&value=0,R.GIPILSLDWLHQSR.K,/core/www/modules/show_out/show_out_wrapper.php?run_id=110202&search_id=114132&scans_id=110198&peptide_id=34900&scanf=42479&charge=2&value=R.GIPILSLDWLHQSR.K,MDC1,2.684e+6,3.649,0.000,3.369,0.000
42480,3,"  4.329","  0.620",17/96,/core/www/modules//sdig/index.php?run_id=110202&search_id=114132&scans_id=110198&peptide_id=34902&scanf=42480&charge=3&value=17/96,sp|O60306|AQR_HUMAN,/core/www/modules//consensus/?run_id=110202&search_id=114132&scans_id=110198&peptide_id=34902&scanf=42480&charge=3&value=sp|O60306|AQR_HUMAN,1,/core/www/modules/match_peptides/blast_html4.php?run_id=110202&search_id=114132&scans_id=110198&peptide_id=34902&scanf=42480&charge=3&value=1,R.MAQPIVAFTVVEVAKPNIGENWPTR.V,/core/www/modules/show_out/show_out_wrapper.php?run_id=110202&search_id=114132&scans_id=110198&peptide_id=34902&scanf=42480&charge=3&value=R.MAQPIVAFTVVEVAKPNIGENWPTR.V,AQR,6.518e+5,3.073,0.003,2.516,0.000
42481,2,"  4.964","  0.750",21/42,/core/www/modules//sdig/index.php?run_id=110202&search_id=114132&scans_id=110198&peptide_id=34903&scanf=42481&charge=2&value=21/42,sp|P78371|TCPB_HUMAN,/core/www/modules//consensus/?run_id=110202&search_id=114132&scans_id=110198&peptide_id=34903&scanf=42481&charge=2&value=sp|P78371|TCPB_HUMAN,1,/core/www/modules/match_peptides/blast_html4.php?run_id=110202&search_id=114132&scans_id=110198&peptide_id=34903&scanf=42481&charge=2&value=1,R.MLPTIIADNAGYDSADLVAQLR.A,/core/www/modules/show_out/show_out_wrapper.php?run_id=110202&search_id=114132&scans_id=110198&peptide_id=34903&scanf=42481&charge=2&value=R.MLPTIIADNAGYDSADLVAQLR.A,CCT2,7.214e+5,3.761,0.000,3.535,0.000
42487,3,"  3.317","  0.496",16/56,/core/www/modules//sdig/index.php?run_id=110202&search_id=114132&scans_id=110198&peptide_id=34908&scanf=42487&charge=3&value=16/56,sp|O95373|IPO7_HUMAN,/core/www/modules//consensus/?run_id=110202&search_id=114132&scans_id=110198&peptide_id=34908&scanf=42487&charge=3&value=sp|O95373|IPO7_HUMAN,1,/core/www/modules/match_peptides/blast_html4.php?run_id=110202&search_id=114132&scans_id=110198&peptide_id=34908&scanf=42487&charge=3&value=1,R.ENIVEAIIHSPELIR.V,/core/www/modules/show_out/show_out_wrapper.php?run_id=110202&search_id=114132&scans_id=110198&peptide_id=34908&scanf=42487&charge=3&value=R.ENIVEAIIHSPELIR.V,IPO7,9.992e+6,3.150,0.002,2.630,0.000
42489,2,"  2.918","  0.625",14/24,/core/www/modules//sdig/index.php?run_id=110202&search_id=114132&scans_id=110198&peptide_id=34910&scanf=42489&charge=2&value=14/24,sp|Q9BSJ8|ESYT1_HUMAN,/core/www/modules//consensus/?run_id=110202&search_id=114132&scans_id=110198&peptide_id=34910&scanf=42489&charge=2&value=sp|Q9BSJ8|ESYT1_HUMAN,0,/core/www/modules/match_peptides/blast_html4.php?run_id=110202&search_id=114132&scans_id=110198&peptide_id=34910&scanf=42489&charge=2&value=0,R.ALTLGALTLPLAR.L,/core/www/modules/show_out/show_out_wrapper.php?run_id=110202&search_id=114132&scans_id=110198&peptide_id=34910&scanf=42489&charge=2&value=R.ALTLGALTLPLAR.L,ESYT1,5.872e+6,3.581,0.001,3.269,0.000
42492,3,"  4.478","  0.619",19/80,/core/www/modules//sdig/index.php?run_id=110202&search_id=114132&scans_id=110198&peptide_id=34914&scanf=42492&charge=3&value=19/80,sp|Q99729|ROAA_HUMAN,/core/www/modules//consensus/?run_id=110202&search_id=114132&scans_id=110198&peptide_id=34914&scanf=42492&charge=3&value=sp|Q99729|ROAA_HUMAN,3,/core/www/modules/match_peptides/blast_html4.php?run_id=110202&search_id=114132&scans_id=110198&peptide_id=34914&scanf=42492&charge=3&value=3,K.IREYFGEFGEIEAIELPMDPK.L,/core/www/modules/show_out/show_out_wrapper.php?run_id=110202&search_id=114132&scans_id=110198&peptide_id=34914&scanf=42492&charge=3&value=K.IREYFGEFGEIEAIELPMDPK.L,HNRNPAB,1.761e+6,2.954,0.005,2.340,0.000
42493,3,"  2.792","  0.566",11/100,/core/www/modules//sdig/index.php?run_id=110202&search_id=114132&scans_id=110198&peptide_id=34915&scanf=42493&charge=3&value=11/100,sp|P55084|ECHB_HUMAN,/core/www/modules//consensus/?run_id=110202&search_id=114132&scans_id=110198&peptide_id=34915&scanf=42493&charge=3&value=sp|P55084|ECHB_HUMAN,1,/core/www/modules/match_peptides/blast_html4.php?run_id=110202&search_id=114132&scans_id=110198&peptide_id=34915&scanf=42493&charge=3&value=1,R.FNFLAPELPAVSEFSTSETMGHSADR.L,/core/www/modules/show_out/show_out_wrapper.php?run_id=110202&search_id=114132&scans_id=110198&peptide_id=34915&scanf=42493&charge=3&value=R.FNFLAPELPAVSEFSTSETMGHSADR.L,HADHB,5.547e+6,2.510,0.020,1.689,0.000
42497,2,"  2.343","  0.352",8/24,/core/www/modules//sdig/index.php?run_id=110202&search_id=114132&scans_id=110198&peptide_id=34919&scanf=42497&charge=2&value=8/24,sp|Q7Z6Z7|HUWE1_HUMAN,/core/www/modules//consensus/?run_id=110202&search_id=114132&scans_id=110198&peptide_id=34919&scanf=42497&charge=2&value=sp|Q7Z6Z7|HUWE1_HUMAN,1,/core/www/modules/match_peptides/blast_html4.php?run_id=110202&search_id=114132&scans_id=110198&peptide_id=34919&scanf=42497&charge=2&value=1,R.LLSLISIALPENK.V,/core/www/modules/show_out/show_out_wrapper.php?run_id=110202&search_id=114132&scans_id=110198&peptide_id=34919&scanf=42497&charge=2&value=R.LLSLISIALPENK.V,HUWE1,2.023e+6,2.163,0.064,1.194,0.002
42505,3,"  2.304","  0.448",15/56,/core/www/modules//sdig/index.php?run_id=110202&search_id=114132&scans_id=110198&peptide_id=34927&scanf=42505&charge=3&value=15/56,sp|O95373|IPO7_HUMAN,/core/www/modules//consensus/?run_id=110202&search_id=114132&scans_id=110198&peptide_id=34927&scanf=42505&charge=3&value=sp|O95373|IPO7_HUMAN,1,/core/www/modules/match_peptides/blast_html4.php?run_id=110202&search_id=114132&scans_id=110198&peptide_id=34927&scanf=42505&charge=3&value=1,R.ENIVEAIIHSPELIR.V,/core/www/modules/show_out/show_out_wrapper.php?run_id=110202&search_id=114132&scans_id=110198&peptide_id=34927&scanf=42505&charge=3&value=R.ENIVEAIIHSPELIR.V,IPO7,9.992e+6,2.847,0.007,2.182,0.000
42508,2,"  2.561","  0.630",11/24,/core/www/modules//sdig/index.php?run_id=110202&search_id=114132&scans_id=110198&peptide_id=34930&scanf=42508&charge=2&value=11/24,sp|Q9H1I8|ASCC2_HUMAN,/core/www/modules//consensus/?run_id=110202&search_id=114132&scans_id=110198&peptide_id=34930&scanf=42508&charge=2&value=sp|Q9H1I8|ASCC2_HUMAN,1,/core/www/modules/match_peptides/blast_html4.php?run_id=110202&search_id=114132&scans_id=110198&peptide_id=34930&scanf=42508&charge=2&value=1,K.DNIPALVEEYLER.A,/core/www/modules/show_out/show_out_wrapper.php?run_id=110202&search_id=114132&scans_id=110198&peptide_id=34930&scanf=42508&charge=2&value=K.DNIPALVEEYLER.A,ASCC2,1.036e+6,3.369,0.001,2.954,0.000
42510,4,"  5.134","  0.663",24/162,/core/www/modules//sdig/index.php?run_id=110202&search_id=114132&scans_id=110198&peptide_id=34933&scanf=42510&charge=4&value=24/162,sp|Q86U38|NOP9_HUMAN,/core/www/modules//consensus/?run_id=110202&search_id=114132&scans_id=110198&peptide_id=34933&scanf=42510&charge=4&value=sp|Q86U38|NOP9_HUMAN,1,/core/www/modules/match_peptides/blast_html4.php?run_id=110202&search_id=114132&scans_id=110198&peptide_id=34933&scanf=42510&charge=4&value=1,R.LQSLFEEHLQGQLQTLAAHPIANFPLQR.L,/core/www/modules/show_out/show_out_wrapper.php?run_id=110202&search_id=114132&scans_id=110198&peptide_id=34933&scanf=42510&charge=4&value=R.LQSLFEEHLQGQLQTLAAHPIANFPLQR.L,NOP9,8.503e+5,3.592,0.001,3.284,0.000
42513,3,"  2.378","  0.319",10/56,/core/www/modules//sdig/index.php?run_id=110202&search_id=114132&scans_id=110198&peptide_id=34936&scanf=42513&charge=3&value=10/56,sp|Q9UHY1|NRBP_HUMAN,/core/www/modules//consensus/?run_id=110202&search_id=114132&scans_id=110198&peptide_id=34936&scanf=42513&charge=3&value=sp|Q9UHY1|NRBP_HUMAN,1,/core/www/modules/match_peptides/blast_html4.php?run_id=110202&search_id=114132&scans_id=110198&peptide_id=34936&scanf=42513&charge=3&value=1,R.ELLFHPALFEVPSLK.L,/core/www/modules/show_out/show_out_wrapper.php?run_id=110202&search_id=114132&scans_id=110198&peptide_id=34936&scanf=42513&charge=3&value=R.ELLFHPALFEVPSLK.L,NRBP1,1.371e+6,2.196,0.058,1.240,0.002
42516,3,"  2.685","  0.286",8/80,/core/www/modules//sdig/index.php?run_id=110202&search_id=114132&scans_id=110198&peptide_id=34939&scanf=42516&charge=3&value=8/80,sp|Q7Z2W9|RM21_HUMAN,/core/www/modules//consensus/?run_id=110202&search_id=114132&scans_id=110198&peptide_id=34939&scanf=42516&charge=3&value=sp|Q7Z2W9|RM21_HUMAN,1,/core/www/modules/match_peptides/blast_html4.php?run_id=110202&search_id=114132&scans_id=110198&peptide_id=34939&scanf=42516&charge=3&value=1,K.TSLSSPPWPEVVLPDPVEETR.H,/core/www/modules/show_out/show_out_wrapper.php?run_id=110202&search_id=114132&scans_id=110198&peptide_id=34939&scanf=42516&charge=3&value=K.TSLSSPPWPEVVLPDPVEETR.H,MRPL21,7.480e+5,1.891,0.148,0.831,0.007
42521,3,"  2.359","  0.254",8/60,/core/www/modules//sdig/index.php?run_id=110202&search_id=114132&scans_id=110198&peptide_id=34945&scanf=42521&charge=3&value=8/60,sp|P21675|TAF1_HUMAN,/core/www/modules//consensus/?run_id=110202&search_id=114132&scans_id=110198&peptide_id=34945&scanf=42521&charge=3&value=sp|P21675|TAF1_HUMAN,4,/core/www/modules/match_peptides/blast_html4.php?run_id=110202&search_id=114132&scans_id=110198&peptide_id=34945&scanf=42521&charge=3&value=4,K.LLPSVTELFPEFRPGK.V,/core/www/modules/show_out/show_out_wrapper.php?run_id=110202&search_id=114132&scans_id=110198&peptide_id=34945&scanf=42521&charge=3&value=K.LLPSVTELFPEFRPGK.V,TAF1,4.524e+6,1.878,0.153,0.814,0.008
42525,3,"  2.959","  0.500",11/100,/core/www/modules//sdig/index.php?run_id=110202&search_id=114132&scans_id=110198&peptide_id=34948&scanf=42525&charge=3&value=11/100,sp|Q9Y2L1|RRP44_HUMAN,/core/www/modules//consensus/?run_id=110202&search_id=114132&scans_id=110198&peptide_id=34948&scanf=42525&charge=3&value=sp|Q9Y2L1|RRP44_HUMAN,1,/core/www/modules/match_peptides/blast_html4.php?run_id=110202&search_id=114132&scans_id=110198&peptide_id=34948&scanf=42525&charge=3&value=1,R.MSLVEPQIPGISIPTDTSNMDLNGPK.K,/core/www/modules/show_out/show_out_wrapper.php?run_id=110202&search_id=114132&scans_id=110198&peptide_id=34948&scanf=42525&charge=3&value=R.MSLVEPQIPGISIPTDTSNMDLNGPK.K,DIS3,3.825e+6,2.259,0.047,1.328,0.002
42530,3,"  2.254","  0.423",11/68,/core/www/modules//sdig/index.php?run_id=110202&search_id=114132&scans_id=110198&peptide_id=34954&scanf=42530&charge=3&value=11/68,sp|A2RRP1|NBAS_HUMAN,/core/www/modules//consensus/?run_id=110202&search_id=114132&scans_id=110198&peptide_id=34954&scanf=42530&charge=3&value=sp|A2RRP1|NBAS_HUMAN,5,/core/www/modules/match_peptides/blast_html4.php?run_id=110202&search_id=114132&scans_id=110198&peptide_id=34954&scanf=42530&charge=3&value=5,R.LHPGDLITVVDAVTFSPK.A,/core/www/modules/show_out/show_out_wrapper.php?run_id=110202&search_id=114132&scans_id=110198&peptide_id=34954&scanf=42530&charge=3&value=R.LHPGDLITVVDAVTFSPK.A,NBAS,5.736e+5,2.506,0.021,1.683,0.000
42533,4,"  2.986","  0.354",17/168,/core/www/modules//sdig/index.php?run_id=110202&search_id=114132&scans_id=110198&peptide_id=34957&scanf=42533&charge=4&value=17/168,sp|Q00577|PURA_HUMAN,/core/www/modules//consensus/?run_id=110202&search_id=114132&scans_id=110198&peptide_id=34957&scanf=42533&charge=4&value=sp|Q00577|PURA_HUMAN,0,/core/www/modules/match_peptides/blast_html4.php?run_id=110202&search_id=114132&scans_id=110198&peptide_id=34957&scanf=42533&charge=4&value=0,R.DYLGDFIEHYAQLGPSQPPDLAQAQDEPR.R,/core/www/modules/show_out/show_out_wrapper.php?run_id=110202&search_id=114132&scans_id=110198&peptide_id=34957&scanf=42533&charge=4&value=R.DYLGDFIEHYAQLGPSQPPDLAQAQDEPR.R,PURA,4.035e+5,2.285,0.043,1.365,0.001
42535,2,"  4.132","  0.571",19/36,/core/www/modules//sdig/index.php?run_id=110202&search_id=114132&scans_id=110198&peptide_id=34959&scanf=42535&charge=2&value=19/36,sp|P41252|SYIC_HUMAN,/core/www/modules//consensus/?run_id=110202&search_id=114132&scans_id=110198&peptide_id=34959&scanf=42535&charge=2&value=sp|P41252|SYIC_HUMAN,9,/core/www/modules/match_peptides/blast_html4.php?run_id=110202&search_id=114132&scans_id=110198&peptide_id=34959&scanf=42535&charge=2&value=9,R.EFEDAFPADFIAEGIDQTR.G,/core/www/modules/show_out/show_out_wrapper.php?run_id=110202&search_id=114132&scans_id=110198&peptide_id=34959&scanf=42535&charge=2&value=R.EFEDAFPADFIAEGIDQTR.G,IARS1,1.601e+6,2.958,0.005,2.347,0.000
42543,3,"  2.842","  0.665",15/56,/core/www/modules//sdig/index.php?run_id=110202&search_id=114132&scans_id=110198&peptide_id=34968&scanf=42543&charge=3&value=15/56,sp|P42345|MTOR_HUMAN,/core/www/modules//consensus/?run_id=110202&search_id=114132&scans_id=110198&peptide_id=34968&scanf=42543&charge=3&value=sp|P42345|MTOR_HUMAN,2,/core/www/modules/match_peptides/blast_html4.php?run_id=110202&search_id=114132&scans_id=110198&peptide_id=34968&scanf=42543&charge=3&value=2,K.GMFEVLEPLHAMMER.G,/core/www/modules/show_out/show_out_wrapper.php?run_id=110202&search_id=114132&scans_id=110198&peptide_id=34968&scanf=42543&charge=3&value=K.GMFEVLEPLHAMMER.G,MTOR,1.037e+6,3.563,0.001,3.242,0.000
42544,3,"  2.763","  0.095",12/68,/core/www/modules//sdig/index.php?run_id=110202&search_id=114132&scans_id=110198&peptide_id=34969&scanf=42544&charge=3&value=12/68,sp|P60709|ACTB_HUMAN,/core/www/modules//consensus/?run_id=110202&search_id=114132&scans_id=110198&peptide_id=34969&scanf=42544&charge=3&value=sp|P60709|ACTB_HUMAN,14,/core/www/modules/match_peptides/blast_html4.php?run_id=110202&search_id=114132&scans_id=110198&peptide_id=34969&scanf=42544&charge=3&value=14,R.VAPEEHPVLLTEAPLNPK.A,/core/www/modules/show_out/show_out_wrapper.php?run_id=110202&search_id=114132&scans_id=110198&peptide_id=34969&scanf=42544&charge=3&value=R.VAPEEHPVLLTEAPLNPK.A,ACTB,3.373e+6,2.041,0.094,1.027,0.004
42546,2,"  3.320","  0.602",15/22,/core/www/modules//sdig/index.php?run_id=110202&search_id=114132&scans_id=110198&peptide_id=34970&scanf=42546&charge=2&value=15/22,sp|P61978|HNRPK_HUMAN,/core/www/modules//consensus/?run_id=110202&search_id=114132&scans_id=110198&peptide_id=34970&scanf=42546&charge=2&value=sp|P61978|HNRPK_HUMAN,1,/core/www/modules/match_peptides/blast_html4.php?run_id=110202&search_id=114132&scans_id=110198&peptide_id=34970&scanf=42546&charge=2&value=1,K.IILDLISESPIK.G,/core/www/modules/show_out/show_out_wrapper.php?run_id=110202&search_id=114132&scans_id=110198&peptide_id=34970&scanf=42546&charge=2&value=K.IILDLISESPIK.G,HNRNPK,4.332e+8,3.900,0.000,3.741,0.000
42550,2,"  3.932","  0.702",16/32,/core/www/modules//sdig/index.php?run_id=110202&search_id=114132&scans_id=110198&peptide_id=34975&scanf=42550&charge=2&value=16/32,sp|Q6STE5|SMRD3_HUMAN,/core/www/modules//consensus/?run_id=110202&search_id=114132&scans_id=110198&peptide_id=34975&scanf=42550&charge=2&value=sp|Q6STE5|SMRD3_HUMAN,11,/core/www/modules/match_peptides/blast_html4.php?run_id=110202&search_id=114132&scans_id=110198&peptide_id=34975&scanf=42550&charge=2&value=11,R.ELVPESQAYMDLLAFER.K,/core/www/modules/show_out/show_out_wrapper.php?run_id=110202&search_id=114132&scans_id=110198&peptide_id=34975&scanf=42550&charge=2&value=R.ELVPESQAYMDLLAFER.K,SMARCD3,9.628e+6,3.557,0.001,3.232,0.000
42580,2,"  2.480","  0.456",12/22,/core/www/modules//sdig/index.php?run_id=110202&search_id=114132&scans_id=110198&peptide_id=35007&scanf=42580&charge=2&value=12/22,sp|Q15029|U5S1_HUMAN,/core/www/modules//consensus/?run_id=110202&search_id=114132&scans_id=110198&peptide_id=35007&scanf=42580&charge=2&value=sp|Q15029|U5S1_HUMAN,1,/core/www/modules/match_peptides/blast_html4.php?run_id=110202&search_id=114132&scans_id=110198&peptide_id=35007&scanf=42580&charge=2&value=1,K.FFDDPMLLELAK.Q,/core/www/modules/show_out/show_out_wrapper.php?run_id=110202&search_id=114132&scans_id=110198&peptide_id=35007&scanf=42580&charge=2&value=K.FFDDPMLLELAK.Q,EFTUD2,2.140e+7,3.055,0.003,2.489,0.000
42585,3,"  3.877","  0.309",11/80,/core/www/modules//sdig/index.php?run_id=110202&search_id=114132&scans_id=110198&peptide_id=35012&scanf=42585&charge=3&value=11/80,sp|O60826|CCD22_HUMAN,/core/www/modules//consensus/?run_id=110202&search_id=114132&scans_id=110198&peptide_id=35012&scanf=42585&charge=3&value=sp|O60826|CCD22_HUMAN,0,/core/www/modules/match_peptides/blast_html4.php?run_id=110202&search_id=114132&scans_id=110198&peptide_id=35012&scanf=42585&charge=3&value=0,R.EFQASPLLLPVPTQVPQPVGR.V,/core/www/modules/show_out/show_out_wrapper.php?run_id=110202&search_id=114132&scans_id=110198&peptide_id=35012&scanf=42585&charge=3&value=R.EFQASPLLLPVPTQVPQPVGR.V,CCDC22,1.053e+6,2.081,0.083,1.081,0.003
42588,3,"  3.152","  0.535",15/64,/core/www/modules//sdig/index.php?run_id=110202&search_id=114132&scans_id=110198&peptide_id=35014&scanf=42588&charge=3&value=15/64,sp|P30041|PRDX6_HUMAN,/core/www/modules//consensus/?run_id=110202&search_id=114132&scans_id=110198&peptide_id=35014&scanf=42588&charge=3&value=sp|P30041|PRDX6_HUMAN,0,/core/www/modules/match_peptides/blast_html4.php?run_id=110202&search_id=114132&scans_id=110198&peptide_id=35014&scanf=42588&charge=3&value=0,R.ELAILLGMLDPAEKDEK.G,/core/www/modules/show_out/show_out_wrapper.php?run_id=110202&search_id=114132&scans_id=110198&peptide_id=35014&scanf=42588&charge=3&value=R.ELAILLGMLDPAEKDEK.G,PRDX6,5.389e+6,2.698,0.011,1.963,0.000
42589,4,"  4.076","  0.512",23/198,/core/www/modules//sdig/index.php?run_id=110202&search_id=114132&scans_id=110198&peptide_id=35015&scanf=42589&charge=4&value=23/198,sp|O15042|SR140_HUMAN,/core/www/modules//consensus/?run_id=110202&search_id=114132&scans_id=110198&peptide_id=35015&scanf=42589&charge=4&value=sp|O15042|SR140_HUMAN,3,/core/www/modules/match_peptides/blast_html4.php?run_id=110202&search_id=114132&scans_id=110198&peptide_id=35015&scanf=42589&charge=4&value=3,K.AVPIPPHPIYIPPSMMEHTLPPPPSGLPFNAQPR.E,/core/www/modules/show_out/show_out_wrapper.php?run_id=110202&search_id=114132&scans_id=110198&peptide_id=35015&scanf=42589&charge=4&value=K.AVPIPPHPIYIPPSMMEHTLPPPPSGLPFNAQPR.E,U2SURP,3.192e+6,2.834,0.007,2.163,0.000
42590,2,"  4.660","  0.762",19/44,/core/www/modules//sdig/index.php?run_id=110202&search_id=114132&scans_id=110198&peptide_id=35017&scanf=42590&charge=2&value=19/44,sp|P17987|TCPA_HUMAN,/core/www/modules//consensus/?run_id=110202&search_id=114132&scans_id=110198&peptide_id=35017&scanf=42590&charge=2&value=sp|P17987|TCPA_HUMAN,2,/core/www/modules/match_peptides/blast_html4.php?run_id=110202&search_id=114132&scans_id=110198&peptide_id=35017&scanf=42590&charge=2&value=2,R.SLLVIPNTLAVNAAQDSTDLVAK.L,/core/www/modules/show_out/show_out_wrapper.php?run_id=110202&search_id=114132&scans_id=110198&peptide_id=35017&scanf=42590&charge=2&value=R.SLLVIPNTLAVNAAQDSTDLVAK.L,TCP1,1.292e+6,3.538,0.001,3.204,0.000
42592,2,"  2.926","  0.650",16/32,/core/www/modules//sdig/index.php?run_id=110202&search_id=114132&scans_id=110198&peptide_id=35019&scanf=42592&charge=2&value=16/32,sp|Q99538|LGMN_HUMAN,/core/www/modules//consensus/?run_id=110202&search_id=114132&scans_id=110198&peptide_id=35019&scanf=42592&charge=2&value=sp|Q99538|LGMN_HUMAN,3,/core/www/modules/match_peptides/blast_html4.php?run_id=110202&search_id=114132&scans_id=110198&peptide_id=35019&scanf=42592&charge=2&value=3,K.DYTGEDVTPQNFLAVLR.G,/core/www/modules/show_out/show_out_wrapper.php?run_id=110202&search_id=114132&scans_id=110198&peptide_id=35019&scanf=42592&charge=2&value=K.DYTGEDVTPQNFLAVLR.G,LGMN,1.497e+6,3.289,0.001,2.835,0.000
42596,3,"  4.162","  0.621",21/76,/core/www/modules//sdig/index.php?run_id=110202&search_id=114132&scans_id=110198&peptide_id=35023&scanf=42596&charge=3&value=21/76,sp|Q96CW1|AP2M1_HUMAN,/core/www/modules//consensus/?run_id=110202&search_id=114132&scans_id=110198&peptide_id=35023&scanf=42596&charge=3&value=sp|Q96CW1|AP2M1_HUMAN,7,/core/www/modules/match_peptides/blast_html4.php?run_id=110202&search_id=114132&scans_id=110198&peptide_id=35023&scanf=42596&charge=3&value=7,K.WARPPISMNFEVPFAPSGLK.V,/core/www/modules/show_out/show_out_wrapper.php?run_id=110202&search_id=114132&scans_id=110198&peptide_id=35023&scanf=42596&charge=3&value=K.WARPPISMNFEVPFAPSGLK.V,AP2M1,2.595e+6,3.369,0.001,2.955,0.000
42598,3,"  2.959","  0.389",11/60,/core/www/modules//sdig/index.php?run_id=110202&search_id=114132&scans_id=110198&peptide_id=35025&scanf=42598&charge=3&value=11/60,sp|Q9HCM4|E41L5_HUMAN,/core/www/modules//consensus/?run_id=110202&search_id=114132&scans_id=110198&peptide_id=35025&scanf=42598&charge=3&value=sp|Q9HCM4|E41L5_HUMAN,0,/core/www/modules/match_peptides/blast_html4.php?run_id=110202&search_id=114132&scans_id=110198&peptide_id=35025&scanf=42598&charge=3&value=0,R.FVPIQTEEMELAIFEK.W,/core/www/modules/show_out/show_out_wrapper.php?run_id=110202&search_id=114132&scans_id=110198&peptide_id=35025&scanf=42598&charge=3&value=R.FVPIQTEEMELAIFEK.W,EPB41L5,1.804e+6,2.509,0.021,1.687,0.000
42600,3,"  3.681","  0.662",20/88,/core/www/modules//sdig/index.php?run_id=110202&search_id=114132&scans_id=110198&peptide_id=35028&scanf=42600&charge=3&value=20/88,sp|Q9BSJ8|ESYT1_HUMAN,/core/www/modules//consensus/?run_id=110202&search_id=114132&scans_id=110198&peptide_id=35028&scanf=42600&charge=3&value=sp|Q9BSJ8|ESYT1_HUMAN,0,/core/www/modules/match_peptides/blast_html4.php?run_id=110202&search_id=114132&scans_id=110198&peptide_id=35028&scanf=42600&charge=3&value=0,K.VLQASVLDDWFPLQGGQGQVHLR.L,/core/www/modules/show_out/show_out_wrapper.php?run_id=110202&search_id=114132&scans_id=110198&peptide_id=35028&scanf=42600&charge=3&value=K.VLQASVLDDWFPLQGGQGQVHLR.L,ESYT1,1.035e+6,3.374,0.001,2.961,0.000
42602,3,"  3.619","  0.632",20/56,/core/www/modules//sdig/index.php?run_id=110202&search_id=114132&scans_id=110198&peptide_id=35030&scanf=42602&charge=3&value=20/56,sp|O43242|PSMD3_HUMAN,/core/www/modules//consensus/?run_id=110202&search_id=114132&scans_id=110198&peptide_id=35030&scanf=42602&charge=3&value=sp|O43242|PSMD3_HUMAN,0,/core/www/modules/match_peptides/blast_html4.php?run_id=110202&search_id=114132&scans_id=110198&peptide_id=35030&scanf=42602&charge=3&value=0,R.HDADGQATLLNLLLR.N,/core/www/modules/show_out/show_out_wrapper.php?run_id=110202&search_id=114132&scans_id=110198&peptide_id=35030&scanf=42602&charge=3&value=R.HDADGQATLLNLLLR.N,PSMD3,7.274e+5,3.736,0.000,3.499,0.000
42605,2,"  2.499","  0.516",12/18,/core/www/modules//sdig/index.php?run_id=110202&search_id=114132&scans_id=110198&peptide_id=35033&scanf=42605&charge=2&value=12/18,sp|P53618|COPB_HUMAN,/core/www/modules//consensus/?run_id=110202&search_id=114132&scans_id=110198&peptide_id=35033&scanf=42605&charge=2&value=sp|P53618|COPB_HUMAN,3,/core/www/modules/match_peptides/blast_html4.php?run_id=110202&search_id=114132&scans_id=110198&peptide_id=35033&scanf=42605&charge=2&value=3,K.LPGLLMTIIR.F,/core/www/modules/show_out/show_out_wrapper.php?run_id=110202&search_id=114132&scans_id=110198&peptide_id=35033&scanf=42605&charge=2&value=K.LPGLLMTIIR.F,COPB1,1.053e+6,3.478,0.001,3.115,0.000
42606,2,"  4.355","  0.646",16/28,/core/www/modules//sdig/index.php?run_id=110202&search_id=114132&scans_id=110198&peptide_id=35034&scanf=42606&charge=2&value=16/28,sp|P27361|MK03_HUMAN,/core/www/modules//consensus/?run_id=110202&search_id=114132&scans_id=110198&peptide_id=35034&scanf=42606&charge=2&value=sp|P27361|MK03_HUMAN,6,/core/www/modules/match_peptides/blast_html4.php?run_id=110202&search_id=114132&scans_id=110198&peptide_id=35034&scanf=42606&charge=2&value=6,R.DVYIVQDLMETDLYK.L,/core/www/modules/show_out/show_out_wrapper.php?run_id=110202&search_id=114132&scans_id=110198&peptide_id=35034&scanf=42606&charge=2&value=R.DVYIVQDLMETDLYK.L,MAPK3,1.092e+6,3.572,0.001,3.255,0.000
42607,3,"  2.629","  0.315",10/68,/core/www/modules//sdig/index.php?run_id=110202&search_id=114132&scans_id=110198&peptide_id=35035&scanf=42607&charge=3&value=10/68,sp|Q13206|DDX10_HUMAN,/core/www/modules//consensus/?run_id=110202&search_id=114132&scans_id=110198&peptide_id=35035&scanf=42607&charge=3&value=sp|Q13206|DDX10_HUMAN,7,/core/www/modules/match_peptides/blast_html4.php?run_id=110202&search_id=114132&scans_id=110198&peptide_id=35035&scanf=42607&charge=3&value=7,R.LQWTSTDGLGVLIISPTR.E,/core/www/modules/show_out/show_out_wrapper.php?run_id=110202&search_id=114132&scans_id=110198&peptide_id=35035&scanf=42607&charge=3&value=R.LQWTSTDGLGVLIISPTR.E,DDX10,1.137e+6,2.224,0.053,1.279,0.002
42609,3,"  2.665","  0.422",11/80,/core/www/modules//sdig/index.php?run_id=110202&search_id=114132&scans_id=110198&peptide_id=35036&scanf=42609&charge=3&value=11/80,sp|Q16543|CDC37_HUMAN,/core/www/modules//consensus/?run_id=110202&search_id=114132&scans_id=110198&peptide_id=35036&scanf=42609&charge=3&value=sp|Q16543|CDC37_HUMAN,2,/core/www/modules/match_peptides/blast_html4.php?run_id=110202&search_id=114132&scans_id=110198&peptide_id=35036&scanf=42609&charge=3&value=2,R.LGPGGLDPVEVYESLPEELQK.C,/core/www/modules/show_out/show_out_wrapper.php?run_id=110202&search_id=114132&scans_id=110198&peptide_id=35036&scanf=42609&charge=3&value=R.LGPGGLDPVEVYESLPEELQK.C,CDC37,6.462e+6,2.336,0.036,1.438,0.001
42611,3,"  6.757","  0.775",25/112,/core/www/modules//sdig/index.php?run_id=110202&search_id=114132&scans_id=110198&peptide_id=35039&scanf=42611&charge=3&value=25/112,sp|Q99575|POP1_HUMAN,/core/www/modules//consensus/?run_id=110202&search_id=114132&scans_id=110198&peptide_id=35039&scanf=42611&charge=3&value=sp|Q99575|POP1_HUMAN,0,/core/www/modules/match_peptides/blast_html4.php?run_id=110202&search_id=114132&scans_id=110198&peptide_id=35039&scanf=42611&charge=3&value=0,R.ASSDGPAGEEPVAGQEALTLGLWSGPLPR.V,/core/www/modules/show_out/show_out_wrapper.php?run_id=110202&search_id=114132&scans_id=110198&peptide_id=35039&scanf=42611&charge=3&value=R.ASSDGPAGEEPVAGQEALTLGLWSGPLPR.V,POP1,1.161e+6,3.571,0.001,3.253,0.000
42612,3,"  3.561","  0.611",19/60,/core/www/modules//sdig/index.php?run_id=110202&search_id=114132&scans_id=110198&peptide_id=35040&scanf=42612&charge=3&value=19/60,sp|Q8IY67|RAVR1_HUMAN,/core/www/modules//consensus/?run_id=110202&search_id=114132&scans_id=110198&peptide_id=35040&scanf=42612&charge=3&value=sp|Q8IY67|RAVR1_HUMAN,2,/core/www/modules/match_peptides/blast_html4.php?run_id=110202&search_id=114132&scans_id=110198&peptide_id=35040&scanf=42612&charge=3&value=2,R.SMLAALIAAQATALNR.G,/core/www/modules/show_out/show_out_wrapper.php?run_id=110202&search_id=114132&scans_id=110198&peptide_id=35040&scanf=42612&charge=3&value=R.SMLAALIAAQATALNR.G,RAVER1,2.140e+6,3.519,0.001,3.176,0.000
42615,3,"  3.221","  0.442",11/68,/core/www/modules//sdig/index.php?run_id=110202&search_id=114132&scans_id=110198&peptide_id=35043&scanf=42615&charge=3&value=11/68,sp|Q13206|DDX10_HUMAN,/core/www/modules//consensus/?run_id=110202&search_id=114132&scans_id=110198&peptide_id=35043&scanf=42615&charge=3&value=sp|Q13206|DDX10_HUMAN,7,/core/www/modules/match_peptides/blast_html4.php?run_id=110202&search_id=114132&scans_id=110198&peptide_id=35043&scanf=42615&charge=3&value=7,R.LQWTSTDGLGVLIISPTR.E,/core/www/modules/show_out/show_out_wrapper.php?run_id=110202&search_id=114132&scans_id=110198&peptide_id=35043&scanf=42615&charge=3&value=R.LQWTSTDGLGVLIISPTR.E,DDX10,1.137e+6,2.685,0.011,1.945,0.000
42622,2,"  2.146","  0.327",9/16,/core/www/modules//sdig/index.php?run_id=110202&search_id=114132&scans_id=110198&peptide_id=35051&scanf=42622&charge=2&value=9/16,sp|Q9NVR2|INT10_HUMAN,/core/www/modules//consensus/?run_id=110202&search_id=114132&scans_id=110198&peptide_id=35051&scanf=42622&charge=2&value=sp|Q9NVR2|INT10_HUMAN,0,/core/www/modules/match_peptides/blast_html4.php?run_id=110202&search_id=114132&scans_id=110198&peptide_id=35051&scanf=42622&charge=2&value=0,R.SEMLLLLLR.R,/core/www/modules/show_out/show_out_wrapper.php?run_id=110202&search_id=114132&scans_id=110198&peptide_id=35051&scanf=42622&charge=2&value=R.SEMLLLLLR.R,INTS10,8.704e+5,2.639,0.013,1.877,0.000
42623,3,"  2.119","  0.519",10/52,/core/www/modules//sdig/index.php?run_id=110202&search_id=114132&scans_id=110198&peptide_id=35052&scanf=42623&charge=3&value=10/52,sp|Q15047|SETB1_HUMAN,/core/www/modules//consensus/?run_id=110202&search_id=114132&scans_id=110198&peptide_id=35052&scanf=42623&charge=3&value=sp|Q15047|SETB1_HUMAN,3,/core/www/modules/match_peptides/blast_html4.php?run_id=110202&search_id=114132&scans_id=110198&peptide_id=35052&scanf=42623&charge=3&value=3,R.GKNPLLVPLLYDFR.R,/core/www/modules/show_out/show_out_wrapper.php?run_id=110202&search_id=114132&scans_id=110198&peptide_id=35052&scanf=42623&charge=3&value=R.GKNPLLVPLLYDFR.R,SETDB1,8.719e+5,2.729,0.010,2.009,0.000
42625,3,"  2.242","  0.342",8/72,/core/www/modules//sdig/index.php?run_id=110202&search_id=114132&scans_id=110198&peptide_id=35054&scanf=42625&charge=3&value=8/72,sp|O95487|SC24B_HUMAN,/core/www/modules//consensus/?run_id=110202&search_id=114132&scans_id=110198&peptide_id=35054&scanf=42625&charge=3&value=sp|O95487|SC24B_HUMAN,0,/core/www/modules/match_peptides/blast_html4.php?run_id=110202&search_id=114132&scans_id=110198&peptide_id=35054&scanf=42625&charge=3&value=0,R.VSVFQTQLPSLGAGLLQSR.E,/core/www/modules/show_out/show_out_wrapper.php?run_id=110202&search_id=114132&scans_id=110198&peptide_id=35054&scanf=42625&charge=3&value=R.VSVFQTQLPSLGAGLLQSR.E,SEC24B,1.030e+6,2.047,0.092,1.035,0.004
42626,2,"  2.066","  0.274",11/18,/core/www/modules//sdig/index.php?run_id=110202&search_id=114132&scans_id=110198&peptide_id=35055&scanf=42626&charge=2&value=11/18,sp|P62249|RS16_HUMAN,/core/www/modules//consensus/?run_id=110202&search_id=114132&scans_id=110198&peptide_id=35055&scanf=42626&charge=2&value=sp|P62249|RS16_HUMAN,5,/core/www/modules/match_peptides/blast_html4.php?run_id=110202&search_id=114132&scans_id=110198&peptide_id=35055&scanf=42626&charge=2&value=5,K.LLEPVLLLGK.E,/core/www/modules/show_out/show_out_wrapper.php?run_id=110202&search_id=114132&scans_id=110198&peptide_id=35055&scanf=42626&charge=2&value=K.LLEPVLLLGK.E,RPS16,1.166e+6,2.485,0.022,1.653,0.001
42631,3,"  3.307","  0.535",16/64,/core/www/modules//sdig/index.php?run_id=110202&search_id=114132&scans_id=110198&peptide_id=35060&scanf=42631&charge=3&value=16/64,sp|P30041|PRDX6_HUMAN,/core/www/modules//consensus/?run_id=110202&search_id=114132&scans_id=110198&peptide_id=35060&scanf=42631&charge=3&value=sp|P30041|PRDX6_HUMAN,0,/core/www/modules/match_peptides/blast_html4.php?run_id=110202&search_id=114132&scans_id=110198&peptide_id=35060&scanf=42631&charge=3&value=0,R.ELAILLGMLDPAEKDEK.G,/core/www/modules/show_out/show_out_wrapper.php?run_id=110202&search_id=114132&scans_id=110198&peptide_id=35060&scanf=42631&charge=3&value=R.ELAILLGMLDPAEKDEK.G,PRDX6,5.389e+6,2.795,0.008,2.106,0.000
42638,3,"  4.339","  0.579",18/92,/core/www/modules//sdig/index.php?run_id=110202&search_id=114132&scans_id=110198&peptide_id=35067&scanf=42638&charge=3&value=18/92,sp|Q9H0H5|RGAP1_HUMAN,/core/www/modules//consensus/?run_id=110202&search_id=114132&scans_id=110198&peptide_id=35067&scanf=42638&charge=3&value=sp|Q9H0H5|RGAP1_HUMAN,2,/core/www/modules/match_peptides/blast_html4.php?run_id=110202&search_id=114132&scans_id=110198&peptide_id=35067&scanf=42638&charge=3&value=2,K.VFGPTIVAHAVPNPDPVTMLQDIK.R,/core/www/modules/show_out/show_out_wrapper.php?run_id=110202&search_id=114132&scans_id=110198&peptide_id=35067&scanf=42638&charge=3&value=K.VFGPTIVAHAVPNPDPVTMLQDIK.R,RACGAP1,7.707e+5,2.959,0.004,2.347,0.000
42642,3,"  3.401","  0.580",18/52,/core/www/modules//sdig/index.php?run_id=110202&search_id=114132&scans_id=110198&peptide_id=35072&scanf=42642&charge=3&value=18/52,sp|O15131|IMA6_HUMAN,/core/www/modules//consensus/?run_id=110202&search_id=114132&scans_id=110198&peptide_id=35072&scanf=42642&charge=3&value=sp|O15131|IMA6_HUMAN,5,/core/www/modules/match_peptides/blast_html4.php?run_id=110202&search_id=114132&scans_id=110198&peptide_id=35072&scanf=42642&charge=3&value=5,K.IVQVALNGLENILR.L,/core/www/modules/show_out/show_out_wrapper.php?run_id=110202&search_id=114132&scans_id=110198&peptide_id=35072&scanf=42642&charge=3&value=K.IVQVALNGLENILR.L,KPNA5,8.871e+5,3.495,0.001,3.141,0.000
42652,2,"  2.369","  0.674",12/20,/core/www/modules//sdig/index.php?run_id=110202&search_id=114132&scans_id=110198&peptide_id=35082&scanf=42652&charge=2&value=12/20,sp|Q9NR30|DDX21_HUMAN,/core/www/modules//consensus/?run_id=110202&search_id=114132&scans_id=110198&peptide_id=35082&scanf=42652&charge=2&value=sp|Q9NR30|DDX21_HUMAN,4,/core/www/modules/match_peptides/blast_html4.php?run_id=110202&search_id=114132&scans_id=110198&peptide_id=35082&scanf=42652&charge=2&value=4,K.TFSFAIPLIEK.L,/core/www/modules/show_out/show_out_wrapper.php?run_id=110202&search_id=114132&scans_id=110198&peptide_id=35082&scanf=42652&charge=2&value=K.TFSFAIPLIEK.L,DDX21,9.297e+7,3.858,0.000,3.680,0.000
42658,2,"  4.107","  0.508",15/36,/core/www/modules//sdig/index.php?run_id=110202&search_id=114132&scans_id=110198&peptide_id=35088&scanf=42658&charge=2&value=15/36,sp|P55884|EIF3B_HUMAN,/core/www/modules//consensus/?run_id=110202&search_id=114132&scans_id=110198&peptide_id=35088&scanf=42658&charge=2&value=sp|P55884|EIF3B_HUMAN,0,/core/www/modules/match_peptides/blast_html4.php?run_id=110202&search_id=114132&scans_id=110198&peptide_id=35088&scanf=42658&charge=2&value=0,R.MTLDTLSIYETPSMGLLDK.K,/core/www/modules/show_out/show_out_wrapper.php?run_id=110202&search_id=114132&scans_id=110198&peptide_id=35088&scanf=42658&charge=2&value=R.MTLDTLSIYETPSMGLLDK.K,EIF3B,1.822e+6,2.769,0.009,2.067,0.000
42660,3,"  4.043","  0.534",17/72,/core/www/modules//sdig/index.php?run_id=110202&search_id=114132&scans_id=110198&peptide_id=35091&scanf=42660&charge=3&value=17/72,sp|Q9H583|HEAT1_HUMAN,/core/www/modules//consensus/?run_id=110202&search_id=114132&scans_id=110198&peptide_id=35091&scanf=42660&charge=3&value=sp|Q9H583|HEAT1_HUMAN,1,/core/www/modules/match_peptides/blast_html4.php?run_id=110202&search_id=114132&scans_id=110198&peptide_id=35091&scanf=42660&charge=3&value=1,R.GIPVELWAHYVEELNSTQR.V,/core/www/modules/show_out/show_out_wrapper.php?run_id=110202&search_id=114132&scans_id=110198&peptide_id=35091&scanf=42660&charge=3&value=R.GIPVELWAHYVEELNSTQR.V,HEATR1,1.502e+6,3.037,0.003,2.463,0.000
42665,3,"  3.929","  0.549",20/88,/core/www/modules//sdig/index.php?run_id=110202&search_id=114132&scans_id=110198&peptide_id=35096&scanf=42665&charge=3&value=20/88,sp|Q15642|CIP4_HUMAN,/core/www/modules//consensus/?run_id=110202&search_id=114132&scans_id=110198&peptide_id=35096&scanf=42665&charge=3&value=sp|Q15642|CIP4_HUMAN,2,/core/www/modules/match_peptides/blast_html4.php?run_id=110202&search_id=114132&scans_id=110198&peptide_id=35096&scanf=42665&charge=3&value=2,K.TPQMGDPASLEPQIAETLSNIER.L,/core/www/modules/show_out/show_out_wrapper.php?run_id=110202&search_id=114132&scans_id=110198&peptide_id=35096&scanf=42665&charge=3&value=K.TPQMGDPASLEPQIAETLSNIER.L,TRIP10,5.568e+5,2.698,0.011,1.963,0.000
42673,3,"  3.615","  0.567",17/56,/core/www/modules//sdig/index.php?run_id=110202&search_id=114132&scans_id=110198&peptide_id=35103&scanf=42673&charge=3&value=17/56,sp|Q92598|HS105_HUMAN,/core/www/modules//consensus/?run_id=110202&search_id=114132&scans_id=110198&peptide_id=35103&scanf=42673&charge=3&value=sp|Q92598|HS105_HUMAN,1,/core/www/modules/match_peptides/blast_html4.php?run_id=110202&search_id=114132&scans_id=110198&peptide_id=35103&scanf=42673&charge=3&value=1,K.IEVPLYSLLEQTHLK.V,/core/www/modules/show_out/show_out_wrapper.php?run_id=110202&search_id=114132&scans_id=110198&peptide_id=35103&scanf=42673&charge=3&value=K.IEVPLYSLLEQTHLK.V,HSPH1,3.381e+6,3.358,0.001,2.938,0.000
42676,3,"  2.946","  0.514",13/56,/core/www/modules//sdig/index.php?run_id=110202&search_id=114132&scans_id=110198&peptide_id=35106&scanf=42676&charge=3&value=13/56,sp|Q9UHY1|NRBP_HUMAN,/core/www/modules//consensus/?run_id=110202&search_id=114132&scans_id=110198&peptide_id=35106&scanf=42676&charge=3&value=sp|Q9UHY1|NRBP_HUMAN,1,/core/www/modules/match_peptides/blast_html4.php?run_id=110202&search_id=114132&scans_id=110198&peptide_id=35106&scanf=42676&charge=3&value=1,R.ELLFHPALFEVPSLK.L,/core/www/modules/show_out/show_out_wrapper.php?run_id=110202&search_id=114132&scans_id=110198&peptide_id=35106&scanf=42676&charge=3&value=R.ELLFHPALFEVPSLK.L,NRBP1,1.371e+6,3.008,0.004,2.420,0.000
42682,3,"  1.797","  0.398",9/44,/core/www/modules//sdig/index.php?run_id=110202&search_id=114132&scans_id=110198&peptide_id=35113&scanf=42682&charge=3&value=9/44,sp|Q92797|SYMPK_HUMAN,/core/www/modules//consensus/?run_id=110202&search_id=114132&scans_id=110198&peptide_id=35113&scanf=42682&charge=3&value=sp|Q92797|SYMPK_HUMAN,2,/core/www/modules/match_peptides/blast_html4.php?run_id=110202&search_id=114132&scans_id=110198&peptide_id=35113&scanf=42682&charge=3&value=2,K.AEVLSFILEDVR.A,/core/www/modules/show_out/show_out_wrapper.php?run_id=110202&search_id=114132&scans_id=110198&peptide_id=35113&scanf=42682&charge=3&value=K.AEVLSFILEDVR.A,SYMPK,9.587e+5,2.801,0.008,2.115,0.000
42684,3,"  4.878","  0.513",15/96,/core/www/modules//sdig/index.php?run_id=110202&search_id=114132&scans_id=110198&peptide_id=35115&scanf=42684&charge=3&value=15/96,sp|Q8NFV4|ABHDB_HUMAN,/core/www/modules//consensus/?run_id=110202&search_id=114132&scans_id=110198&peptide_id=35115&scanf=42684&charge=3&value=sp|Q8NFV4|ABHDB_HUMAN,0,/core/www/modules/match_peptides/blast_html4.php?run_id=110202&search_id=114132&scans_id=110198&peptide_id=35115&scanf=42684&charge=3&value=0,R.LIAVDISPVESTGVSHFATYVAAMR.A,/core/www/modules/show_out/show_out_wrapper.php?run_id=110202&search_id=114132&scans_id=110198&peptide_id=35115&scanf=42684&charge=3&value=R.LIAVDISPVESTGVSHFATYVAAMR.A,ABHD11,3.599e+5,2.670,0.012,1.922,0.000
42693,3,"  9.192","  0.740",30/108,/core/www/modules//sdig/index.php?run_id=110202&search_id=114132&scans_id=110198&peptide_id=35124&scanf=42693&charge=3&value=30/108,sp|P23528|COF1_HUMAN,/core/www/modules//consensus/?run_id=110202&search_id=114132&scans_id=110198&peptide_id=35124&scanf=42693&charge=3&value=sp|P23528|COF1_HUMAN,6,/core/www/modules/match_peptides/blast_html4.php?run_id=110202&search_id=114132&scans_id=110198&peptide_id=35124&scanf=42693&charge=3&value=6,K.NIILEEGKEILVGDVGQTVDDPYATFVK.M,/core/www/modules/show_out/show_out_wrapper.php?run_id=110202&search_id=114132&scans_id=110198&peptide_id=35124&scanf=42693&charge=3&value=K.NIILEEGKEILVGDVGQTVDDPYATFVK.M,CFL1,7.132e+6,3.458,0.001,3.086,0.000
42696,3,"  2.711","  0.562",13/44,/core/www/modules//sdig/index.php?run_id=110202&search_id=114132&scans_id=110198&peptide_id=35127&scanf=42696&charge=3&value=13/44,sp|P12956|XRCC6_HUMAN,/core/www/modules//consensus/?run_id=110202&search_id=114132&scans_id=110198&peptide_id=35127&scanf=42696&charge=3&value=sp|P12956|XRCC6_HUMAN,1,/core/www/modules/match_peptides/blast_html4.php?run_id=110202&search_id=114132&scans_id=110198&peptide_id=35127&scanf=42696&charge=3&value=1,R.DTGIFLDLMHLK.K,/core/www/modules/show_out/show_out_wrapper.php?run_id=110202&search_id=114132&scans_id=110198&peptide_id=35127&scanf=42696&charge=3&value=R.DTGIFLDLMHLK.K,XRCC6,7.023e+7,3.599,0.001,3.295,0.000
42706,3,"  3.979","  0.690",23/128,/core/www/modules//sdig/index.php?run_id=110202&search_id=114132&scans_id=110198&peptide_id=35138&scanf=42706&charge=3&value=23/128,sp|P17844|DDX5_HUMAN,/core/www/modules//consensus/?run_id=110202&search_id=114132&scans_id=110198&peptide_id=35138&scanf=42706&charge=3&value=sp|P17844|DDX5_HUMAN,9,/core/www/modules/match_peptides/blast_html4.php?run_id=110202&search_id=114132&scans_id=110198&peptide_id=35138&scanf=42706&charge=3&value=9,R.QNFTEPTAIQAQGWPVALSGLDM*VGVAQTGSGK.T,/core/www/modules/show_out/show_out_wrapper.php?run_id=110202&search_id=114132&scans_id=110198&peptide_id=35138&scanf=42706&charge=3&value=R.QNFTEPTAIQAQGWPVALSGLDM*VGVAQTGSGK.T,DDX5,7.464e+5,3.072,0.003,2.514,0.000
42707,2,"  5.186","  0.656",20/32,/core/www/modules//sdig/index.php?run_id=110202&search_id=114132&scans_id=110198&peptide_id=35139&scanf=42707&charge=2&value=20/32,sp|P55060|XPO2_HUMAN,/core/www/modules//consensus/?run_id=110202&search_id=114132&scans_id=110198&peptide_id=35139&scanf=42707&charge=2&value=sp|P55060|XPO2_HUMAN,0,/core/www/modules/match_peptides/blast_html4.php?run_id=110202&search_id=114132&scans_id=110198&peptide_id=35139&scanf=42707&charge=2&value=0,K.LLQTDDEEEAGLLELLK.S,/core/www/modules/show_out/show_out_wrapper.php?run_id=110202&search_id=114132&scans_id=110198&peptide_id=35139&scanf=42707&charge=2&value=K.LLQTDDEEEAGLLELLK.S,CSE1L,3.731e+6,3.733,0.000,3.494,0.000
42721,2,"  4.441","  0.712",16/26,/core/www/modules//sdig/index.php?run_id=110202&search_id=114132&scans_id=110198&peptide_id=35154&scanf=42721&charge=2&value=16/26,sp|P51148|RAB5C_HUMAN,/core/www/modules//consensus/?run_id=110202&search_id=114132&scans_id=110198&peptide_id=35154&scanf=42721&charge=2&value=sp|P51148|RAB5C_HUMAN,0,/core/www/modules/match_peptides/blast_html4.php?run_id=110202&search_id=114132&scans_id=110198&peptide_id=35154&scanf=42721&charge=2&value=0,K.TAMNVNEIFMAIAK.K,/core/www/modules/show_out/show_out_wrapper.php?run_id=110202&search_id=114132&scans_id=110198&peptide_id=35154&scanf=42721&charge=2&value=K.TAMNVNEIFMAIAK.K,RAB5C,2.934e+6,3.848,0.000,3.664,0.000
42724,2,"  2.611","  0.396",13/18,/core/www/modules//sdig/index.php?run_id=110202&search_id=114132&scans_id=110198&peptide_id=35157&scanf=42724&charge=2&value=13/18,sp|O14980|XPO1_HUMAN,/core/www/modules//consensus/?run_id=110202&search_id=114132&scans_id=110198&peptide_id=35157&scanf=42724&charge=2&value=sp|O14980|XPO1_HUMAN,9,/core/www/modules/match_peptides/blast_html4.php?run_id=110202&search_id=114132&scans_id=110198&peptide_id=35157&scanf=42724&charge=2&value=9,K.LNMILVQILK.Q,/core/www/modules/show_out/show_out_wrapper.php?run_id=110202&search_id=114132&scans_id=110198&peptide_id=35157&scanf=42724&charge=2&value=K.LNMILVQILK.Q,XPO1,3.874e+6,3.157,0.002,2.640,0.000
42725,3,"  2.382","  0.244",10/60,/core/www/modules//sdig/index.php?run_id=110202&search_id=114132&scans_id=110198&peptide_id=35158&scanf=42725&charge=3&value=10/60,sp|Q14997|PSME4_HUMAN,/core/www/modules//consensus/?run_id=110202&search_id=114132&scans_id=110198&peptide_id=35158&scanf=42725&charge=3&value=sp|Q14997|PSME4_HUMAN,1,/core/www/modules/match_peptides/blast_html4.php?run_id=110202&search_id=114132&scans_id=110198&peptide_id=35158&scanf=42725&charge=3&value=1,R.ADLELPWRPLYDMVER.I,/core/www/modules/show_out/show_out_wrapper.php?run_id=110202&search_id=114132&scans_id=110198&peptide_id=35158&scanf=42725&charge=3&value=R.ADLELPWRPLYDMVER.I,PSME4,1.014e+6,1.939,0.128,0.892,0.006
42727,2,"  2.987","  0.646",15/24,/core/www/modules//sdig/index.php?run_id=110202&search_id=114132&scans_id=110198&peptide_id=35160&scanf=42727&charge=2&value=15/24,sp|O43747|AP1G1_HUMAN,/core/www/modules//consensus/?run_id=110202&search_id=114132&scans_id=110198&peptide_id=35160&scanf=42727&charge=2&value=sp|O43747|AP1G1_HUMAN,6,/core/www/modules/match_peptides/blast_html4.php?run_id=110202&search_id=114132&scans_id=110198&peptide_id=35160&scanf=42727&charge=2&value=6,R.IGYLGAMLLLDER.Q,/core/www/modules/show_out/show_out_wrapper.php?run_id=110202&search_id=114132&scans_id=110198&peptide_id=35160&scanf=42727&charge=2&value=R.IGYLGAMLLLDER.Q,AP1G1,1.130e+6,3.524,0.001,3.184,0.000
42728,2,"  2.322","  0.512",10/32,/core/www/modules//sdig/index.php?run_id=110202&search_id=114132&scans_id=110198&peptide_id=35161&scanf=42728&charge=2&value=10/32,sp|Q9BXS5|AP1M1_HUMAN,/core/www/modules//consensus/?run_id=110202&search_id=114132&scans_id=110198&peptide_id=35161&scanf=42728&charge=2&value=sp|Q9BXS5|AP1M1_HUMAN,3,/core/www/modules/match_peptides/blast_html4.php?run_id=110202&search_id=114132&scans_id=110198&peptide_id=35161&scanf=42728&charge=2&value=3,R.TISFIPPDGEFELMSYR.L,/core/www/modules/show_out/show_out_wrapper.php?run_id=110202&search_id=114132&scans_id=110198&peptide_id=35161&scanf=42728&charge=2&value=R.TISFIPPDGEFELMSYR.L,AP1M1,1.243e+6,2.578,0.016,1.788,0.000
42729,3,"  2.839","  0.502",15/52,/core/www/modules//sdig/index.php?run_id=110202&search_id=114132&scans_id=110198&peptide_id=35162&scanf=42729&charge=3&value=15/52,sp|Q9Y285|SYFA_HUMAN,/core/www/modules//consensus/?run_id=110202&search_id=114132&scans_id=110198&peptide_id=35162&scanf=42729&charge=3&value=sp|Q9Y285|SYFA_HUMAN,3,/core/www/modules/match_peptides/blast_html4.php?run_id=110202&search_id=114132&scans_id=110198&peptide_id=35162&scanf=42729&charge=3&value=3,K.SLQALGEVIEAELR.S,/core/www/modules/show_out/show_out_wrapper.php?run_id=110202&search_id=114132&scans_id=110198&peptide_id=35162&scanf=42729&charge=3&value=K.SLQALGEVIEAELR.S,FARSA,3.542e+6,3.115,0.003,2.578,0.000
42736,3,"  3.429","  0.490",14/80,/core/www/modules//sdig/index.php?run_id=110202&search_id=114132&scans_id=110198&peptide_id=35169&scanf=42736&charge=3&value=14/80,sp|Q16543|CDC37_HUMAN,/core/www/modules//consensus/?run_id=110202&search_id=114132&scans_id=110198&peptide_id=35169&scanf=42736&charge=3&value=sp|Q16543|CDC37_HUMAN,2,/core/www/modules/match_peptides/blast_html4.php?run_id=110202&search_id=114132&scans_id=110198&peptide_id=35169&scanf=42736&charge=3&value=2,R.LGPGGLDPVEVYESLPEELQK.C,/core/www/modules/show_out/show_out_wrapper.php?run_id=110202&search_id=114132&scans_id=110198&peptide_id=35169&scanf=42736&charge=3&value=R.LGPGGLDPVEVYESLPEELQK.C,CDC37,6.462e+6,2.643,0.013,1.882,0.000
42737,3,"  4.022","  0.563",15/76,/core/www/modules//sdig/index.php?run_id=110202&search_id=114132&scans_id=110198&peptide_id=35170&scanf=42737&charge=3&value=15/76,sp|O00425|IF2B3_HUMAN,/core/www/modules//consensus/?run_id=110202&search_id=114132&scans_id=110198&peptide_id=35170&scanf=42737&charge=3&value=sp|O00425|IF2B3_HUMAN,1,/core/www/modules/match_peptides/blast_html4.php?run_id=110202&search_id=114132&scans_id=110198&peptide_id=35170&scanf=42737&charge=3&value=1,K.LYIGNLSENAAPSDLESIFK.D,/core/www/modules/show_out/show_out_wrapper.php?run_id=110202&search_id=114132&scans_id=110198&peptide_id=35170&scanf=42737&charge=3&value=K.LYIGNLSENAAPSDLESIFK.D,IGF2BP3,3.603e+6,3.051,0.003,2.483,0.000
42738,2,"  2.296","  0.527",10/22,/core/www/modules//sdig/index.php?run_id=110202&search_id=114132&scans_id=110198&peptide_id=35171&scanf=42738&charge=2&value=10/22,sp|Q13148|TADBP_HUMAN,/core/www/modules//consensus/?run_id=110202&search_id=114132&scans_id=110198&peptide_id=35171&scanf=42738&charge=2&value=sp|Q13148|TADBP_HUMAN,10,/core/www/modules/match_peptides/blast_html4.php?run_id=110202&search_id=114132&scans_id=110198&peptide_id=35171&scanf=42738&charge=2&value=10,K.TSDLIVLGLPWK.T,/core/www/modules/show_out/show_out_wrapper.php?run_id=110202&search_id=114132&scans_id=110198&peptide_id=35171&scanf=42738&charge=2&value=K.TSDLIVLGLPWK.T,TARDBP,4.050e+7,2.853,0.006,2.191,0.000
42739,3,"  4.639","  0.510",17/64,/core/www/modules//sdig/index.php?run_id=110202&search_id=114132&scans_id=110198&peptide_id=35172&scanf=42739&charge=3&value=17/64,sp|P30041|PRDX6_HUMAN,/core/www/modules//consensus/?run_id=110202&search_id=114132&scans_id=110198&peptide_id=35172&scanf=42739&charge=3&value=sp|P30041|PRDX6_HUMAN,0,/core/www/modules/match_peptides/blast_html4.php?run_id=110202&search_id=114132&scans_id=110198&peptide_id=35172&scanf=42739&charge=3&value=0,R.ELAILLGMLDPAEKDEK.G,/core/www/modules/show_out/show_out_wrapper.php?run_id=110202&search_id=114132&scans_id=110198&peptide_id=35172&scanf=42739&charge=3&value=R.ELAILLGMLDPAEKDEK.G,PRDX6,5.389e+6,2.773,0.008,2.073,0.000
42740,3,"  5.509","  0.521",15/88,/core/www/modules//sdig/index.php?run_id=110202&search_id=114132&scans_id=110198&peptide_id=35174&scanf=42740&charge=3&value=15/88,sp|P60842|IF4A1_HUMAN,/core/www/modules//consensus/?run_id=110202&search_id=114132&scans_id=110198&peptide_id=35174&scanf=42740&charge=3&value=sp|P60842|IF4A1_HUMAN,5,/core/www/modules/match_peptides/blast_html4.php?run_id=110202&search_id=114132&scans_id=110198&peptide_id=35174&scanf=42740&charge=3&value=5,K.LNSNTQVVLLSATMPSDVLEVTK.K,/core/www/modules/show_out/show_out_wrapper.php?run_id=110202&search_id=114132&scans_id=110198&peptide_id=35174&scanf=42740&charge=3&value=K.LNSNTQVVLLSATMPSDVLEVTK.K,EIF4A1,1.661e+7,2.738,0.010,2.022,0.000
42742,3,"  5.245","  0.619",19/76,/core/www/modules//sdig/index.php?run_id=110202&search_id=114132&scans_id=110198&peptide_id=35176&scanf=42742&charge=3&value=19/76,sp|O60832|DKC1_HUMAN,/core/www/modules//consensus/?run_id=110202&search_id=114132&scans_id=110198&peptide_id=35176&scanf=42742&charge=3&value=sp|O60832|DKC1_HUMAN,9,/core/www/modules/match_peptides/blast_html4.php?run_id=110202&search_id=114132&scans_id=110198&peptide_id=35176&scanf=42742&charge=3&value=9,R.ALETLTGALFQRPPLIAAVK.R,/core/www/modules/show_out/show_out_wrapper.php?run_id=110202&search_id=114132&scans_id=110198&peptide_id=35176&scanf=42742&charge=3&value=R.ALETLTGALFQRPPLIAAVK.R,DKC1,1.844e+7,3.328,0.001,2.893,0.000
42747,3,"  2.948","  0.384",13/76,/core/www/modules//sdig/index.php?run_id=110202&search_id=114132&scans_id=110198&peptide_id=35181&scanf=42747&charge=3&value=13/76,sp|O14787|TNPO2_HUMAN,/core/www/modules//consensus/?run_id=110202&search_id=114132&scans_id=110198&peptide_id=35181&scanf=42747&charge=3&value=sp|O14787|TNPO2_HUMAN,1,/core/www/modules/match_peptides/blast_html4.php?run_id=110202&search_id=114132&scans_id=110198&peptide_id=35181&scanf=42747&charge=3&value=1,K.DQVGEDNWQQFSEQFPPLLK.E,/core/www/modules/show_out/show_out_wrapper.php?run_id=110202&search_id=114132&scans_id=110198&peptide_id=35181&scanf=42747&charge=3&value=K.DQVGEDNWQQFSEQFPPLLK.E,TNPO2,7.700e+5,2.395,0.030,1.523,0.001
42749,2,"  3.764","  0.285",15/32,/core/www/modules//sdig/index.php?run_id=110202&search_id=114132&scans_id=110198&peptide_id=35183&scanf=42749&charge=2&value=15/32,sp|P07437|TBB5_HUMAN,/core/www/modules//consensus/?run_id=110202&search_id=114132&scans_id=110198&peptide_id=35183&scanf=42749&charge=2&value=sp|P07437|TBB5_HUMAN,2,/core/www/modules/match_peptides/blast_html4.php?run_id=110202&search_id=114132&scans_id=110198&peptide_id=35183&scanf=42749&charge=2&value=2,K.M*AVTFIGNSTAIQELFK.R,/core/www/modules/show_out/show_out_wrapper.php?run_id=110202&search_id=114132&scans_id=110198&peptide_id=35183&scanf=42749&charge=2&value=K.M*AVTFIGNSTAIQELFK.R,TUBB,1.018e+6,1.825,0.178,0.749,0.010
42751,2,"  2.777","  0.490",10/26,/core/www/modules//sdig/index.php?run_id=110202&search_id=114132&scans_id=110198&peptide_id=35186&scanf=42751&charge=2&value=10/26,sp|Q99714|HCD2_HUMAN,/core/www/modules//consensus/?run_id=110202&search_id=114132&scans_id=110198&peptide_id=35186&scanf=42751&charge=2&value=sp|Q99714|HCD2_HUMAN,2,/core/www/modules/match_peptides/blast_html4.php?run_id=110202&search_id=114132&scans_id=110198&peptide_id=35186&scanf=42751&charge=2&value=2,R.VLDVNLMGTFNVIR.L,/core/www/modules/show_out/show_out_wrapper.php?run_id=110202&search_id=114132&scans_id=110198&peptide_id=35186&scanf=42751&charge=2&value=R.VLDVNLMGTFNVIR.L,HSD17B10,1.454e+6,2.644,0.013,1.884,0.000
42756,2,"  2.445","  0.535",13/22,/core/www/modules//sdig/index.php?run_id=110202&search_id=114132&scans_id=110198&peptide_id=35190&scanf=42756&charge=2&value=13/22,sp|Q13148|TADBP_HUMAN,/core/www/modules//consensus/?run_id=110202&search_id=114132&scans_id=110198&peptide_id=35190&scanf=42756&charge=2&value=sp|Q13148|TADBP_HUMAN,10,/core/www/modules/match_peptides/blast_html4.php?run_id=110202&search_id=114132&scans_id=110198&peptide_id=35190&scanf=42756&charge=2&value=10,K.TSDLIVLGLPWK.T,/core/www/modules/show_out/show_out_wrapper.php?run_id=110202&search_id=114132&scans_id=110198&peptide_id=35190&scanf=42756&charge=2&value=K.TSDLIVLGLPWK.T,TARDBP,4.050e+7,3.255,0.002,2.785,0.000
42757,3,"  3.748","  0.522",16/56,/core/www/modules//sdig/index.php?run_id=110202&search_id=114132&scans_id=110198&peptide_id=35191&scanf=42757&charge=3&value=16/56,sp|Q9H0A0|NAT10_HUMAN,/core/www/modules//consensus/?run_id=110202&search_id=114132&scans_id=110198&peptide_id=35191&scanf=42757&charge=3&value=sp|Q9H0A0|NAT10_HUMAN,0,/core/www/modules/match_peptides/blast_html4.php?run_id=110202&search_id=114132&scans_id=110198&peptide_id=35191&scanf=42757&charge=3&value=0,K.EIELPSGQLMGLFNR.I,/core/www/modules/show_out/show_out_wrapper.php?run_id=110202&search_id=114132&scans_id=110198&peptide_id=35191&scanf=42757&charge=3&value=K.EIELPSGQLMGLFNR.I,NAT10,2.254e+7,3.273,0.002,2.811,0.000
42761,2,"  1.858","  0.144",11/18,/core/www/modules//sdig/index.php?run_id=110202&search_id=114132&scans_id=110198&peptide_id=35196&scanf=42761&charge=2&value=11/18,sp|Q9Y606|PUS1_HUMAN,/core/www/modules//consensus/?run_id=110202&search_id=114132&scans_id=110198&peptide_id=35196&scanf=42761&charge=2&value=sp|Q9Y606|PUS1_HUMAN,3,/core/www/modules/match_peptides/blast_html4.php?run_id=110202&search_id=114132&scans_id=110198&peptide_id=35196&scanf=42761&charge=2&value=3,K.VWLIDDILEK.I,/core/www/modules/show_out/show_out_wrapper.php?run_id=110202&search_id=114132&scans_id=110198&peptide_id=35196&scanf=42761&charge=2&value=K.VWLIDDILEK.I,PUS1,1.379e+6,1.990,0.110,0.960,0.005
42764,3,"  5.450","  0.668",24/92,/core/www/modules//sdig/index.php?run_id=110202&search_id=114132&scans_id=110198&peptide_id=35199&scanf=42764&charge=3&value=24/92,sp|P51116|FXR2_HUMAN,/core/www/modules//consensus/?run_id=110202&search_id=114132&scans_id=110198&peptide_id=35199&scanf=42764&charge=3&value=sp|P51116|FXR2_HUMAN,0,/core/www/modules/match_peptides/blast_html4.php?run_id=110202&search_id=114132&scans_id=110198&peptide_id=35199&scanf=42764&charge=3&value=0,R.ENISNAQALLEYHLSYLQEVEQLR.L,/core/www/modules/show_out/show_out_wrapper.php?run_id=110202&search_id=114132&scans_id=110198&peptide_id=35199&scanf=42764&charge=3&value=R.ENISNAQALLEYHLSYLQEVEQLR.L,FXR2,1.919e+6,3.399,0.001,2.998,0.000
42767,3,"  2.493","  0.289",10/68,/core/www/modules//sdig/index.php?run_id=110202&search_id=114132&scans_id=110198&peptide_id=35202&scanf=42767&charge=3&value=10/68,sp|Q5UIP0|RIF1_HUMAN,/core/www/modules//consensus/?run_id=110202&search_id=114132&scans_id=110198&peptide_id=35202&scanf=42767&charge=3&value=sp|Q5UIP0|RIF1_HUMAN,1,/core/www/modules/match_peptides/blast_html4.php?run_id=110202&search_id=114132&scans_id=110198&peptide_id=35202&scanf=42767&charge=3&value=1,K.IMSSLEDEGFSNLLFVDR.I,/core/www/modules/show_out/show_out_wrapper.php?run_id=110202&search_id=114132&scans_id=110198&peptide_id=35202&scanf=42767&charge=3&value=K.IMSSLEDEGFSNLLFVDR.I,RIF1,6.743e+6,2.005,0.105,0.979,0.005
42771,2,"  2.837","  0.589",12/26,/core/www/modules//sdig/index.php?run_id=110202&search_id=114132&scans_id=110198&peptide_id=35207&scanf=42771&charge=2&value=12/26,sp|Q96SB8|SMC6_HUMAN,/core/www/modules//consensus/?run_id=110202&search_id=114132&scans_id=110198&peptide_id=35207&scanf=42771&charge=2&value=sp|Q96SB8|SMC6_HUMAN,2,/core/www/modules/match_peptides/blast_html4.php?run_id=110202&search_id=114132&scans_id=110198&peptide_id=35207&scanf=42771&charge=2&value=2,K.SAVLTALIVGLGGR.A,/core/www/modules/show_out/show_out_wrapper.php?run_id=110202&search_id=114132&scans_id=110198&peptide_id=35207&scanf=42771&charge=2&value=K.SAVLTALIVGLGGR.A,SMC6,1.219e+6,3.166,0.002,2.654,0.000
42772,3,"  3.760","  0.634",19/60,/core/www/modules//sdig/index.php?run_id=110202&search_id=114132&scans_id=110198&peptide_id=35208&scanf=42772&charge=3&value=19/60,sp|Q96L91|EP400_HUMAN,/core/www/modules//consensus/?run_id=110202&search_id=114132&scans_id=110198&peptide_id=35208&scanf=42772&charge=3&value=sp|Q96L91|EP400_HUMAN,0,/core/www/modules/match_peptides/blast_html4.php?run_id=110202&search_id=114132&scans_id=110198&peptide_id=35208&scanf=42772&charge=3&value=0,R.VAFVIPPVVAAPPSLR.V,/core/www/modules/show_out/show_out_wrapper.php?run_id=110202&search_id=114132&scans_id=110198&peptide_id=35208&scanf=42772&charge=3&value=R.VAFVIPPVVAAPPSLR.V,EP400,1.859e+6,3.580,0.001,3.267,0.000
42780,4,"  3.639","  0.600",17/132,/core/www/modules//sdig/index.php?run_id=110202&search_id=114132&scans_id=110198&peptide_id=35216&scanf=42780&charge=4&value=17/132,sp|Q69YN4|VIR_HUMAN,/core/www/modules//consensus/?run_id=110202&search_id=114132&scans_id=110198&peptide_id=35216&scanf=42780&charge=4&value=sp|Q69YN4|VIR_HUMAN,1,/core/www/modules/match_peptides/blast_html4.php?run_id=110202&search_id=114132&scans_id=110198&peptide_id=35216&scanf=42780&charge=4&value=1,K.LVLEHSKDDDNLDSLLDSVVGLK.Q,/core/www/modules/show_out/show_out_wrapper.php?run_id=110202&search_id=114132&scans_id=110198&peptide_id=35216&scanf=42780&charge=4&value=K.LVLEHSKDDDNLDSLLDSVVGLK.Q,VIRMA,1.142e+6,3.103,0.003,2.560,0.000
42783,3,"  6.713","  0.735",23/108,/core/www/modules//sdig/index.php?run_id=110202&search_id=114132&scans_id=110198&peptide_id=35219&scanf=42783&charge=3&value=23/108,sp|Q8TAQ2|SMRC2_HUMAN,/core/www/modules//consensus/?run_id=110202&search_id=114132&scans_id=110198&peptide_id=35219&scanf=42783&charge=3&value=sp|Q8TAQ2|SMRC2_HUMAN,1,/core/www/modules/match_peptides/blast_html4.php?run_id=110202&search_id=114132&scans_id=110198&peptide_id=35219&scanf=42783&charge=3&value=1,K.WILDTDTFNEWMNEEDYEVNDDKNPVSR.R,/core/www/modules/show_out/show_out_wrapper.php?run_id=110202&search_id=114132&scans_id=110198&peptide_id=35219&scanf=42783&charge=3&value=K.WILDTDTFNEWMNEEDYEVNDDKNPVSR.R,SMARCC2,4.766e+5,3.417,0.001,3.025,0.000
42784,3,"  2.734","  0.461",14/80,/core/www/modules//sdig/index.php?run_id=110202&search_id=114132&scans_id=110198&peptide_id=35220&scanf=42784&charge=3&value=14/80,sp|Q9NSE4|SYIM_HUMAN,/core/www/modules//consensus/?run_id=110202&search_id=114132&scans_id=110198&peptide_id=35220&scanf=42784&charge=3&value=sp|Q9NSE4|SYIM_HUMAN,0,/core/www/modules/match_peptides/blast_html4.php?run_id=110202&search_id=114132&scans_id=110198&peptide_id=35220&scanf=42784&charge=3&value=0,K.LVEQHGSDIWWTLPPEQLLPK.E,/core/www/modules/show_out/show_out_wrapper.php?run_id=110202&search_id=114132&scans_id=110198&peptide_id=35220&scanf=42784&charge=3&value=K.LVEQHGSDIWWTLPPEQLLPK.E,IARS2,2.644e+6,2.480,0.023,1.645,0.001
42785,2,"  3.376","  0.593",16/30,/core/www/modules//sdig/index.php?run_id=110202&search_id=114132&scans_id=110198&peptide_id=35221&scanf=42785&charge=2&value=16/30,sp|Q8IY67|RAVR1_HUMAN,/core/www/modules//consensus/?run_id=110202&search_id=114132&scans_id=110198&peptide_id=35221&scanf=42785&charge=2&value=sp|Q8IY67|RAVR1_HUMAN,2,/core/www/modules/match_peptides/blast_html4.php?run_id=110202&search_id=114132&scans_id=110198&peptide_id=35221&scanf=42785&charge=2&value=2,R.SMLAALIAAQATALNR.G,/core/www/modules/show_out/show_out_wrapper.php?run_id=110202&search_id=114132&scans_id=110198&peptide_id=35221&scanf=42785&charge=2&value=R.SMLAALIAAQATALNR.G,RAVER1,8.545e+5,3.096,0.003,2.549,0.000
42790,2,"  1.922","  0.424",7/40,/core/www/modules//sdig/index.php?run_id=110202&search_id=114132&scans_id=110198&peptide_id=35227&scanf=42790&charge=2&value=7/40,sp|Q16543|CDC37_HUMAN,/core/www/modules//consensus/?run_id=110202&search_id=114132&scans_id=110198&peptide_id=35227&scanf=42790&charge=2&value=sp|Q16543|CDC37_HUMAN,2,/core/www/modules/match_peptides/blast_html4.php?run_id=110202&search_id=114132&scans_id=110198&peptide_id=35227&scanf=42790&charge=2&value=2,R.LGPGGLDPVEVYESLPEELQK.C,/core/www/modules/show_out/show_out_wrapper.php?run_id=110202&search_id=114132&scans_id=110198&peptide_id=35227&scanf=42790&charge=2&value=R.LGPGGLDPVEVYESLPEELQK.C,CDC37,6.484e+5,1.820,0.181,0.742,0.010
42798,2,"  2.727","  0.481",11/18,/core/www/modules//sdig/index.php?run_id=110202&search_id=114132&scans_id=110198&peptide_id=35234&scanf=42798&charge=2&value=11/18,sp|P08670|VIME_HUMAN,/core/www/modules//consensus/?run_id=110202&search_id=114132&scans_id=110198&peptide_id=35234&scanf=42798&charge=2&value=sp|P08670|VIME_HUMAN,2,/core/www/modules/match_peptides/blast_html4.php?run_id=110202&search_id=114132&scans_id=110198&peptide_id=35234&scanf=42798&charge=2&value=2,K.ILLAELEQLK.G,/core/www/modules/show_out/show_out_wrapper.php?run_id=110202&search_id=114132&scans_id=110198&peptide_id=35234&scanf=42798&charge=2&value=K.ILLAELEQLK.G,VIM,2.375e+9,3.678,0.000,3.412,0.000
42803,2,"  2.423","  0.513",11/18,/core/www/modules//sdig/index.php?run_id=110202&search_id=114132&scans_id=110198&peptide_id=35240&scanf=42803&charge=2&value=11/18,sp|O14686|KMT2D_HUMAN,/core/www/modules//consensus/?run_id=110202&search_id=114132&scans_id=110198&peptide_id=35240&scanf=42803&charge=2&value=sp|O14686|KMT2D_HUMAN,4,/core/www/modules/match_peptides/blast_html4.php?run_id=110202&search_id=114132&scans_id=110198&peptide_id=35240&scanf=42803&charge=2&value=4,K.SQLDILSLLK.Q,/core/www/modules/show_out/show_out_wrapper.php?run_id=110202&search_id=114132&scans_id=110198&peptide_id=35240&scanf=42803&charge=2&value=K.SQLDILSLLK.Q,KMT2D,1.461e+6,3.261,0.002,2.794,0.000
42819,3,"  4.796","  0.620",21/64,/core/www/modules//sdig/index.php?run_id=110202&search_id=114132&scans_id=110198&peptide_id=35256&scanf=42819&charge=3&value=21/64,sp|Q14980|NUMA1_HUMAN,/core/www/modules//consensus/?run_id=110202&search_id=114132&scans_id=110198&peptide_id=35256&scanf=42819&charge=3&value=sp|Q14980|NUMA1_HUMAN,0,/core/www/modules/match_peptides/blast_html4.php?run_id=110202&search_id=114132&scans_id=110198&peptide_id=35256&scanf=42819&charge=3&value=0,R.VEFATLQEALAHALTEK.E,/core/www/modules/show_out/show_out_wrapper.php?run_id=110202&search_id=114132&scans_id=110198&peptide_id=35256&scanf=42819&charge=3&value=R.VEFATLQEALAHALTEK.E,NUMA1,2.088e+7,3.749,0.000,3.517,0.000
42820,2,"  1.965","  0.177",10/16,/core/www/modules//sdig/index.php?run_id=110202&search_id=114132&scans_id=110198&peptide_id=35258&scanf=42820&charge=2&value=10/16,sp|O60814|H2B1K_HUMAN,/core/www/modules//consensus/?run_id=110202&search_id=114132&scans_id=110198&peptide_id=35258&scanf=42820&charge=2&value=sp|O60814|H2B1K_HUMAN,16,/core/www/modules/match_peptides/blast_html4.php?run_id=110202&search_id=114132&scans_id=110198&peptide_id=35258&scanf=42820&charge=2&value=16,R.LLLPGELAK.H,/core/www/modules/show_out/show_out_wrapper.php?run_id=110202&search_id=114132&scans_id=110198&peptide_id=35258&scanf=42820&charge=2&value=R.LLLPGELAK.H,H2BC12,4.487e+9,2.414,0.028,1.549,0.001
42822,3,"  4.847","  0.625",15/68,/core/www/modules//sdig/index.php?run_id=110202&search_id=114132&scans_id=110198&peptide_id=35260&scanf=42822&charge=3&value=15/68,sp|P49411|EFTU_HUMAN,/core/www/modules//consensus/?run_id=110202&search_id=114132&scans_id=110198&peptide_id=35260&scanf=42822&charge=3&value=sp|P49411|EFTU_HUMAN,0,/core/www/modules/match_peptides/blast_html4.php?run_id=110202&search_id=114132&scans_id=110198&peptide_id=35260&scanf=42822&charge=3&value=0,K.ADAVQDSEMVELVELEIR.E,/core/www/modules/show_out/show_out_wrapper.php?run_id=110202&search_id=114132&scans_id=110198&peptide_id=35260&scanf=42822&charge=3&value=K.ADAVQDSEMVELVELEIR.E,TUFM,2.488e+6,3.467,0.001,3.100,0.000
42823,3,"  1.816","  0.216",7/56,/core/www/modules//sdig/index.php?run_id=110202&search_id=114132&scans_id=110198&peptide_id=35261&scanf=42823&charge=3&value=7/56,sp|P59543|T2R20_HUMAN,/core/www/modules//consensus/?run_id=110202&search_id=114132&scans_id=110198&peptide_id=35261&scanf=42823&charge=3&value=sp|P59543|T2R20_HUMAN,1,/core/www/modules/match_peptides/blast_html4.php?run_id=110202&search_id=114132&scans_id=110198&peptide_id=35261&scanf=42823&charge=3&value=1,K.ISSADQIIAALAVSR.V,/core/www/modules/show_out/show_out_wrapper.php?run_id=110202&search_id=114132&scans_id=110198&peptide_id=35261&scanf=42823&charge=3&value=K.ISSADQIIAALAVSR.V,TAS2R20,2.014e+6,1.843,0.170,0.771,0.009
42824,2,"  2.433","  0.502",8/32,/core/www/modules//sdig/index.php?run_id=110202&search_id=114132&scans_id=110198&peptide_id=35262&scanf=42824&charge=2&value=8/32,sp|P07437|TBB5_HUMAN,/core/www/modules//consensus/?run_id=110202&search_id=114132&scans_id=110198&peptide_id=35262&scanf=42824&charge=2&value=sp|P07437|TBB5_HUMAN,2,/core/www/modules/match_peptides/blast_html4.php?run_id=110202&search_id=114132&scans_id=110198&peptide_id=35262&scanf=42824&charge=2&value=2,K.M*AVTFIGNSTAIQELFK.R,/core/www/modules/show_out/show_out_wrapper.php?run_id=110202&search_id=114132&scans_id=110198&peptide_id=35262&scanf=42824&charge=2&value=K.M*AVTFIGNSTAIQELFK.R,TUBB,1.018e+6,2.473,0.023,1.635,0.001
42825,2,"  1.849","  0.277",8/14,/core/www/modules//sdig/index.php?run_id=110202&search_id=114132&scans_id=110198&peptide_id=35263&scanf=42825&charge=2&value=8/14,sp|P62805|H4_HUMAN,/core/www/modules//consensus/?run_id=110202&search_id=114132&scans_id=110198&peptide_id=35263&scanf=42825&charge=2&value=sp|P62805|H4_HUMAN,0,/core/www/modules/match_peptides/blast_html4.php?run_id=110202&search_id=114132&scans_id=110198&peptide_id=35263&scanf=42825&charge=2&value=0,K.VFLENVIR.D,/core/www/modules/show_out/show_out_wrapper.php?run_id=110202&search_id=114132&scans_id=110198&peptide_id=35263&scanf=42825&charge=2&value=K.VFLENVIR.D,H4C16,2.379e+6,2.651,0.013,1.894,0.000
42827,3,"  4.183","  0.649",15/68,/core/www/modules//sdig/index.php?run_id=110202&search_id=114132&scans_id=110198&peptide_id=35265&scanf=42827&charge=3&value=15/68,sp|Q8TAT6|NPL4_HUMAN,/core/www/modules//consensus/?run_id=110202&search_id=114132&scans_id=110198&peptide_id=35265&scanf=42827&charge=3&value=sp|Q8TAT6|NPL4_HUMAN,2,/core/www/modules/match_peptides/blast_html4.php?run_id=110202&search_id=114132&scans_id=110198&peptide_id=35265&scanf=42827&charge=3&value=2,K.VFGAPNVVEDEIDQYLSK.Q,/core/www/modules/show_out/show_out_wrapper.php?run_id=110202&search_id=114132&scans_id=110198&peptide_id=35265&scanf=42827&charge=3&value=K.VFGAPNVVEDEIDQYLSK.Q,NPLOC4,6.698e+6,3.412,0.001,3.018,0.000
42828,2,"  4.244","  0.675",15/34,/core/www/modules//sdig/index.php?run_id=110202&search_id=114132&scans_id=110198&peptide_id=35266&scanf=42828&charge=2&value=15/34,sp|Q96GQ7|DDX27_HUMAN,/core/www/modules//consensus/?run_id=110202&search_id=114132&scans_id=110198&peptide_id=35266&scanf=42828&charge=2&value=sp|Q96GQ7|DDX27_HUMAN,2,/core/www/modules/match_peptides/blast_html4.php?run_id=110202&search_id=114132&scans_id=110198&peptide_id=35266&scanf=42828&charge=2&value=2,K.EGTYDGSWALADVMSQLK.K,/core/www/modules/show_out/show_out_wrapper.php?run_id=110202&search_id=114132&scans_id=110198&peptide_id=35266&scanf=42828&charge=2&value=K.EGTYDGSWALADVMSQLK.K,DDX27,1.564e+6,3.247,0.002,2.773,0.000
42830,2,"  2.599","  0.336",10/28,/core/www/modules//sdig/index.php?run_id=110202&search_id=114132&scans_id=110198&peptide_id=35269&scanf=42830&charge=2&value=10/28,sp|O60814|H2B1K_HUMAN,/core/www/modules//consensus/?run_id=110202&search_id=114132&scans_id=110198&peptide_id=35269&scanf=42830&charge=2&value=sp|O60814|H2B1K_HUMAN,14,/core/www/modules/match_peptides/blast_html4.php?run_id=110202&search_id=114132&scans_id=110198&peptide_id=35269&scanf=42830&charge=2&value=14,K.AM*GIM*NSFVNDIFER.I,/core/www/modules/show_out/show_out_wrapper.php?run_id=110202&search_id=114132&scans_id=110198&peptide_id=35269&scanf=42830&charge=2&value=K.AM*GIM*NSFVNDIFER.I,H2BC12,9.090e+5,2.294,0.042,1.378,0.001
42831,3,"  4.360","  0.683",18/72,/core/www/modules//sdig/index.php?run_id=110202&search_id=114132&scans_id=110198&peptide_id=35270&scanf=42831&charge=3&value=18/72,sp|P38919|IF4A3_HUMAN,/core/www/modules//consensus/?run_id=110202&search_id=114132&scans_id=110198&peptide_id=35270&scanf=42831&charge=3&value=sp|P38919|IF4A3_HUMAN,1,/core/www/modules/match_peptides/blast_html4.php?run_id=110202&search_id=114132&scans_id=110198&peptide_id=35270&scanf=42831&charge=3&value=1,R.GLDVPQVSLIINYDLPNNR.E,/core/www/modules/show_out/show_out_wrapper.php?run_id=110202&search_id=114132&scans_id=110198&peptide_id=35270&scanf=42831&charge=3&value=R.GLDVPQVSLIINYDLPNNR.E,EIF4A3,5.123e+6,3.625,0.000,3.334,0.000
42832,3,"  2.726","  0.376",12/80,/core/www/modules//sdig/index.php?run_id=110202&search_id=114132&scans_id=110198&peptide_id=35271&scanf=42832&charge=3&value=12/80,sp|Q96F63|CCD97_HUMAN,/core/www/modules//consensus/?run_id=110202&search_id=114132&scans_id=110198&peptide_id=35271&scanf=42832&charge=3&value=sp|Q96F63|CCD97_HUMAN,0,/core/www/modules/match_peptides/blast_html4.php?run_id=110202&search_id=114132&scans_id=110198&peptide_id=35271&scanf=42832&charge=3&value=0,R.APLLYEQYIGQYLTQEELSAR.T,/core/www/modules/show_out/show_out_wrapper.php?run_id=110202&search_id=114132&scans_id=110198&peptide_id=35271&scanf=42832&charge=3&value=R.APLLYEQYIGQYLTQEELSAR.T,CCDC97,1.554e+6,2.237,0.050,1.298,0.002
42835,3,"  1.563","  0.234",8/56,/core/www/modules//sdig/index.php?run_id=110202&search_id=114132&scans_id=110198&peptide_id=35274&scanf=42835&charge=3&value=8/56,sp|P62277|RS13_HUMAN,/core/www/modules//consensus/?run_id=110202&search_id=114132&scans_id=110198&peptide_id=35274&scanf=42835&charge=3&value=sp|P62277|RS13_HUMAN,1,/core/www/modules/match_peptides/blast_html4.php?run_id=110202&search_id=114132&scans_id=110198&peptide_id=35274&scanf=42835&charge=3&value=1,K.GLAPDLPEDLYHLIK.K,/core/www/modules/show_out/show_out_wrapper.php?run_id=110202&search_id=114132&scans_id=110198&peptide_id=35274&scanf=42835&charge=3&value=K.GLAPDLPEDLYHLIK.K,RPS13,3.420e+8,1.988,0.111,0.956,0.005
42841,3,"  5.335","  0.637",18/68,/core/www/modules//sdig/index.php?run_id=110202&search_id=114132&scans_id=110198&peptide_id=35280&scanf=42841&charge=3&value=18/68,sp|Q9UBU9|NXF1_HUMAN,/core/www/modules//consensus/?run_id=110202&search_id=114132&scans_id=110198&peptide_id=35280&scanf=42841&charge=3&value=sp|Q9UBU9|NXF1_HUMAN,2,/core/www/modules/match_peptides/blast_html4.php?run_id=110202&search_id=114132&scans_id=110198&peptide_id=35280&scanf=42841&charge=3&value=2,R.IIEENIPELLSLNLSNNR.L,/core/www/modules/show_out/show_out_wrapper.php?run_id=110202&search_id=114132&scans_id=110198&peptide_id=35280&scanf=42841&charge=3&value=R.IIEENIPELLSLNLSNNR.L,NXF1,2.209e+8,3.510,0.001,3.164,0.000
42844,3,"  6.515","  0.672",23/84,/core/www/modules//sdig/index.php?run_id=110202&search_id=114132&scans_id=110198&peptide_id=35283&scanf=42844&charge=3&value=23/84,sp|P49959|MRE11_HUMAN,/core/www/modules//consensus/?run_id=110202&search_id=114132&scans_id=110198&peptide_id=35283&scanf=42844&charge=3&value=sp|P49959|MRE11_HUMAN,1,/core/www/modules/match_peptides/blast_html4.php?run_id=110202&search_id=114132&scans_id=110198&peptide_id=35283&scanf=42844&charge=3&value=1,R.QFFMEDIVLANHPDIFNPDNPK.V,/core/www/modules/show_out/show_out_wrapper.php?run_id=110202&search_id=114132&scans_id=110198&peptide_id=35283&scanf=42844&charge=3&value=R.QFFMEDIVLANHPDIFNPDNPK.V,MRE11,2.596e+6,3.619,0.000,3.325,0.000
42845,2,"  3.957","  0.666",14/34,/core/www/modules//sdig/index.php?run_id=110202&search_id=114132&scans_id=110198&peptide_id=35284&scanf=42845&charge=2&value=14/34,sp|Q96GQ7|DDX27_HUMAN,/core/www/modules//consensus/?run_id=110202&search_id=114132&scans_id=110198&peptide_id=35284&scanf=42845&charge=2&value=sp|Q96GQ7|DDX27_HUMAN,2,/core/www/modules/match_peptides/blast_html4.php?run_id=110202&search_id=114132&scans_id=110198&peptide_id=35284&scanf=42845&charge=2&value=2,K.EGTYDGSWALADVMSQLK.K,/core/www/modules/show_out/show_out_wrapper.php?run_id=110202&search_id=114132&scans_id=110198&peptide_id=35284&scanf=42845&charge=2&value=K.EGTYDGSWALADVMSQLK.K,DDX27,1.564e+6,3.325,0.001,2.889,0.000
42853,3,"  3.922","  0.603",18/100,/core/www/modules//sdig/index.php?run_id=110202&search_id=114132&scans_id=110198&peptide_id=35293&scanf=42853&charge=3&value=18/100,sp|O75369|FLNB_HUMAN,/core/www/modules//consensus/?run_id=110202&search_id=114132&scans_id=110198&peptide_id=35293&scanf=42853&charge=3&value=sp|O75369|FLNB_HUMAN,3,/core/www/modules/match_peptides/blast_html4.php?run_id=110202&search_id=114132&scans_id=110198&peptide_id=35293&scanf=42853&charge=3&value=3,K.VTASGPGLSSYGVPASLPVDFAIDAR.D,/core/www/modules/show_out/show_out_wrapper.php?run_id=110202&search_id=114132&scans_id=110198&peptide_id=35293&scanf=42853&charge=3&value=K.VTASGPGLSSYGVPASLPVDFAIDAR.D,FLNB,3.637e+6,3.027,0.004,2.448,0.000
42854,3,"  5.309","  0.564",19/104,/core/www/modules//sdig/index.php?run_id=110202&search_id=114132&scans_id=110198&peptide_id=35294&scanf=42854&charge=3&value=19/104,sp|O95758|PTBP3_HUMAN,/core/www/modules//consensus/?run_id=110202&search_id=114132&scans_id=110198&peptide_id=35294&scanf=42854&charge=3&value=sp|O95758|PTBP3_HUMAN,0,/core/www/modules/match_peptides/blast_html4.php?run_id=110202&search_id=114132&scans_id=110198&peptide_id=35294&scanf=42854&charge=3&value=0,K.NFQNIFPPSATLHLSNIPPSVTVDDLK.N,/core/www/modules/show_out/show_out_wrapper.php?run_id=110202&search_id=114132&scans_id=110198&peptide_id=35294&scanf=42854&charge=3&value=K.NFQNIFPPSATLHLSNIPPSVTVDDLK.N,PTBP3,1.011e+6,2.797,0.008,2.108,0.000
42857,3,"  5.875","  0.584",16/100,/core/www/modules//sdig/index.php?run_id=110202&search_id=114132&scans_id=110198&peptide_id=35297&scanf=42857&charge=3&value=16/100,sp|Q96MX6|DAA10_HUMAN,/core/www/modules//consensus/?run_id=110202&search_id=114132&scans_id=110198&peptide_id=35297&scanf=42857&charge=3&value=sp|Q96MX6|DAA10_HUMAN,1,/core/www/modules/match_peptides/blast_html4.php?run_id=110202&search_id=114132&scans_id=110198&peptide_id=35297&scanf=42857&charge=3&value=1,K.EIINAIDGIGGLGIGEGAPEIVTGSR.D,/core/www/modules/show_out/show_out_wrapper.php?run_id=110202&search_id=114132&scans_id=110198&peptide_id=35297&scanf=42857&charge=3&value=K.EIINAIDGIGGLGIGEGAPEIVTGSR.D,DNAAF10,6.122e+5,2.950,0.005,2.334,0.000
42858,3,"  2.842","  0.504",16/104,/core/www/modules//sdig/index.php?run_id=110202&search_id=114132&scans_id=110198&peptide_id=35298&scanf=42858&charge=3&value=16/104,sp|P78563|RED1_HUMAN,/core/www/modules//consensus/?run_id=110202&search_id=114132&scans_id=110198&peptide_id=35298&scanf=42858&charge=3&value=sp|P78563|RED1_HUMAN,0,/core/www/modules/match_peptides/blast_html4.php?run_id=110202&search_id=114132&scans_id=110198&peptide_id=35298&scanf=42858&charge=3&value=0,R.ISNIEDLPPLYTLNKPLLSGISNAEAR.Q,/core/www/modules/show_out/show_out_wrapper.php?run_id=110202&search_id=114132&scans_id=110198&peptide_id=35298&scanf=42858&charge=3&value=R.ISNIEDLPPLYTLNKPLLSGISNAEAR.Q,ADARB1,6.507e+5,2.440,0.026,1.587,0.001
42859,3,"  2.342","  0.394",15/92,/core/www/modules//sdig/index.php?run_id=110202&search_id=114132&scans_id=110198&peptide_id=35299&scanf=42859&charge=3&value=15/92,sp|P04632|CPNS1_HUMAN,/core/www/modules//consensus/?run_id=110202&search_id=114132&scans_id=110198&peptide_id=35299&scanf=42859&charge=3&value=sp|P04632|CPNS1_HUMAN,5,/core/www/modules/match_peptides/blast_html4.php?run_id=110202&search_id=114132&scans_id=110198&peptide_id=35299&scanf=42859&charge=3&value=5,R.ILGGVISAISEAAAQYNPEPPPPR.T,/core/www/modules/show_out/show_out_wrapper.php?run_id=110202&search_id=114132&scans_id=110198&peptide_id=35299&scanf=42859&charge=3&value=R.ILGGVISAISEAAAQYNPEPPPPR.T,CAPNS1,8.051e+5,2.178,0.061,1.215,0.002
42863,4,"  2.809","  0.335",14/156,/core/www/modules//sdig/index.php?run_id=110202&search_id=114132&scans_id=110198&peptide_id=35303&scanf=42863&charge=4&value=14/156,sp|Q8WUA4|TF3C2_HUMAN,/core/www/modules//consensus/?run_id=110202&search_id=114132&scans_id=110198&peptide_id=35303&scanf=42863&charge=4&value=sp|Q8WUA4|TF3C2_HUMAN,0,/core/www/modules/match_peptides/blast_html4.php?run_id=110202&search_id=114132&scans_id=110198&peptide_id=35303&scanf=42863&charge=4&value=0,K.VLLFSLPHPEALLAQQPPDAVKPAIYK.V,/core/www/modules/show_out/show_out_wrapper.php?run_id=110202&search_id=114132&scans_id=110198&peptide_id=35303&scanf=42863&charge=4&value=K.VLLFSLPHPEALLAQQPPDAVKPAIYK.V,GTF3C2,1.679e+6,2.329,0.037,1.427,0.001
42869,4,"  7.207","  0.587",26/204,/core/www/modules//sdig/index.php?run_id=110202&search_id=114132&scans_id=110198&peptide_id=35309&scanf=42869&charge=4&value=26/204,sp|Q8TAT6|NPL4_HUMAN,/core/www/modules//consensus/?run_id=110202&search_id=114132&scans_id=110198&peptide_id=35309&scanf=42869&charge=4&value=sp|Q8TAT6|NPL4_HUMAN,0,/core/www/modules/match_peptides/blast_html4.php?run_id=110202&search_id=114132&scans_id=110198&peptide_id=35309&scanf=42869&charge=4&value=0,R.AEVAAIYEPPQIGTQNSLELLEDPKAEVVDEIAAK.L,/core/www/modules/show_out/show_out_wrapper.php?run_id=110202&search_id=114132&scans_id=110198&peptide_id=35309&scanf=42869&charge=4&value=R.AEVAAIYEPPQIGTQNSLELLEDPKAEVVDEIAAK.L,NPLOC4,9.566e+5,2.894,0.006,2.252,0.000
42871,3,"  5.710","  0.733",22/72,/core/www/modules//sdig/index.php?run_id=110202&search_id=114132&scans_id=110198&peptide_id=35312&scanf=42871&charge=3&value=22/72,sp|Q08211|DHX9_HUMAN,/core/www/modules//consensus/?run_id=110202&search_id=114132&scans_id=110198&peptide_id=35312&scanf=42871&charge=3&value=sp|Q08211|DHX9_HUMAN,0,/core/www/modules/match_peptides/blast_html4.php?run_id=110202&search_id=114132&scans_id=110198&peptide_id=35312&scanf=42871&charge=3&value=0,K.KFESEILEAISQNSVVIIR.G,/core/www/modules/show_out/show_out_wrapper.php?run_id=110202&search_id=114132&scans_id=110198&peptide_id=35312&scanf=42871&charge=3&value=K.KFESEILEAISQNSVVIIR.G,DHX9,7.247e+6,3.854,0.000,3.673,0.000
42872,3,"  3.427","  0.483",15/72,/core/www/modules//sdig/index.php?run_id=110202&search_id=114132&scans_id=110198&peptide_id=35313&scanf=42872&charge=3&value=15/72,sp|P49411|EFTU_HUMAN,/core/www/modules//consensus/?run_id=110202&search_id=114132&scans_id=110198&peptide_id=35313&scanf=42872&charge=3&value=sp|P49411|EFTU_HUMAN,0,/core/www/modules/match_peptides/blast_html4.php?run_id=110202&search_id=114132&scans_id=110198&peptide_id=35313&scanf=42872&charge=3&value=0,R.DLEKPFLLPVEAVYSVPGR.G,/core/www/modules/show_out/show_out_wrapper.php?run_id=110202&search_id=114132&scans_id=110198&peptide_id=35313&scanf=42872&charge=3&value=R.DLEKPFLLPVEAVYSVPGR.G,TUFM,4.686e+7,2.775,0.008,2.076,0.000
42873,2,"  3.179","  0.491",11/30,/core/www/modules//sdig/index.php?run_id=110202&search_id=114132&scans_id=110198&peptide_id=35314&scanf=42873&charge=2&value=11/30,sp|Q9H5Q4|TFB2M_HUMAN,/core/www/modules//consensus/?run_id=110202&search_id=114132&scans_id=110198&peptide_id=35314&scanf=42873&charge=2&value=sp|Q9H5Q4|TFB2M_HUMAN,0,/core/www/modules/match_peptides/blast_html4.php?run_id=110202&search_id=114132&scans_id=110198&peptide_id=35314&scanf=42873&charge=2&value=0,K.NLGIEAVPWTADIPLK.V,/core/www/modules/show_out/show_out_wrapper.php?run_id=110202&search_id=114132&scans_id=110198&peptide_id=35314&scanf=42873&charge=2&value=K.NLGIEAVPWTADIPLK.V,TFB2M,9.095e+5,2.593,0.015,1.810,0.000
42880,2,"  3.138","  0.601",12/26,/core/www/modules//sdig/index.php?run_id=110202&search_id=114132&scans_id=110198&peptide_id=35321&scanf=42880&charge=2&value=12/26,sp|Q2M389|WASC4_HUMAN,/core/www/modules//consensus/?run_id=110202&search_id=114132&scans_id=110198&peptide_id=35321&scanf=42880&charge=2&value=sp|Q2M389|WASC4_HUMAN,2,/core/www/modules/match_peptides/blast_html4.php?run_id=110202&search_id=114132&scans_id=110198&peptide_id=35321&scanf=42880&charge=2&value=2,K.LLPYEQSSLLELIK.T,/core/www/modules/show_out/show_out_wrapper.php?run_id=110202&search_id=114132&scans_id=110198&peptide_id=35321&scanf=42880&charge=2&value=K.LLPYEQSSLLELIK.T,WASHC4,2.010e+6,3.234,0.002,2.754,0.000
42882,3,"  4.149","  0.487",17/80,/core/www/modules//sdig/index.php?run_id=110202&search_id=114132&scans_id=110198&peptide_id=35322&scanf=42882&charge=3&value=17/80,tr|A0A087WZ13|A0A087WZ13_HUMAN,/core/www/modules//consensus/?run_id=110202&search_id=114132&scans_id=110198&peptide_id=35322&scanf=42882&charge=3&value=tr|A0A087WZ13|A0A087WZ13_HUMAN,1,/core/www/modules/match_peptides/blast_html4.php?run_id=110202&search_id=114132&scans_id=110198&peptide_id=35322&scanf=42882&charge=3&value=1,R.IPLNPYLNLHSLLPASNLAGK.E,/core/www/modules/show_out/show_out_wrapper.php?run_id=110202&search_id=114132&scans_id=110198&peptide_id=35322&scanf=42882&charge=3&value=R.IPLNPYLNLHSLLPASNLAGK.E,RAVER1,8.424e+5,2.665,0.012,1.915,0.000
42887,3,"  7.464","  0.703",26/120,/core/www/modules//sdig/index.php?run_id=110202&search_id=114132&scans_id=110198&peptide_id=35327&scanf=42887&charge=3&value=26/120,sp|Q96QR8|PURB_HUMAN,/core/www/modules//consensus/?run_id=110202&search_id=114132&scans_id=110198&peptide_id=35327&scanf=42887&charge=3&value=sp|Q96QR8|PURB_HUMAN,0,/core/www/modules/match_peptides/blast_html4.php?run_id=110202&search_id=114132&scans_id=110198&peptide_id=35327&scanf=42887&charge=3&value=0,R.GGGGFGAGPGPGGLQSGQTIALPAQGLIEFR.D,/core/www/modules/show_out/show_out_wrapper.php?run_id=110202&search_id=114132&scans_id=110198&peptide_id=35327&scanf=42887&charge=3&value=R.GGGGFGAGPGPGGLQSGQTIALPAQGLIEFR.D,PURB,3.948e+6,3.294,0.001,2.843,0.000
42889,3,"  6.319","  0.579",17/112,/core/www/modules//sdig/index.php?run_id=110202&search_id=114132&scans_id=110198&peptide_id=35329&scanf=42889&charge=3&value=17/112,sp|Q6P6C2|ALKB5_HUMAN,/core/www/modules//consensus/?run_id=110202&search_id=114132&scans_id=110198&peptide_id=35329&scanf=42889&charge=3&value=sp|Q6P6C2|ALKB5_HUMAN,0,/core/www/modules/match_peptides/blast_html4.php?run_id=110202&search_id=114132&scans_id=110198&peptide_id=35329&scanf=42889&charge=3&value=0,R.EAAAAAAAAVAAAAAAAAAAEPYPVSGAK.R,/core/www/modules/show_out/show_out_wrapper.php?run_id=110202&search_id=114132&scans_id=110198&peptide_id=35329&scanf=42889&charge=3&value=R.EAAAAAAAAVAAAAAAAAAAEPYPVSGAK.R,ALKBH5,8.968e+5,2.753,0.009,2.045,0.000
42891,2,"  2.589","  0.421",12/22,/core/www/modules//sdig/index.php?run_id=110202&search_id=114132&scans_id=110198&peptide_id=35332&scanf=42891&charge=2&value=12/22,sp|Q92616|GCN1_HUMAN,/core/www/modules//consensus/?run_id=110202&search_id=114132&scans_id=110198&peptide_id=35332&scanf=42891&charge=2&value=sp|Q92616|GCN1_HUMAN,0,/core/www/modules/match_peptides/blast_html4.php?run_id=110202&search_id=114132&scans_id=110198&peptide_id=35332&scanf=42891&charge=2&value=0,K.LSSFWQLIVDEK.K,/core/www/modules/show_out/show_out_wrapper.php?run_id=110202&search_id=114132&scans_id=110198&peptide_id=35332&scanf=42891&charge=2&value=K.LSSFWQLIVDEK.K,GCN1,2.239e+6,2.965,0.004,2.356,0.000
42892,2,"  2.337","  0.433",12/26,/core/www/modules//sdig/index.php?run_id=110202&search_id=114132&scans_id=110198&peptide_id=35333&scanf=42892&charge=2&value=12/26,sp|Q14008|CKAP5_HUMAN,/core/www/modules//consensus/?run_id=110202&search_id=114132&scans_id=110198&peptide_id=35333&scanf=42892&charge=2&value=sp|Q14008|CKAP5_HUMAN,0,/core/www/modules/match_peptides/blast_html4.php?run_id=110202&search_id=114132&scans_id=110198&peptide_id=35333&scanf=42892&charge=2&value=0,K.NLGIPIITVLGDSK.N,/core/www/modules/show_out/show_out_wrapper.php?run_id=110202&search_id=114132&scans_id=110198&peptide_id=35333&scanf=42892&charge=2&value=K.NLGIPIITVLGDSK.N,CKAP5,8.577e+6,2.662,0.012,1.910,0.000
42903,2,"  4.994","  0.227",17/28,/core/www/modules//sdig/index.php?run_id=110202&search_id=114132&scans_id=110198&peptide_id=35344&scanf=42903&charge=2&value=17/28,sp|O60814|H2B1K_HUMAN,/core/www/modules//consensus/?run_id=110202&search_id=114132&scans_id=110198&peptide_id=35344&scanf=42903&charge=2&value=sp|O60814|H2B1K_HUMAN,14,/core/www/modules/match_peptides/blast_html4.php?run_id=110202&search_id=114132&scans_id=110198&peptide_id=35344&scanf=42903&charge=2&value=14,K.AM*GIMNSFVNDIFER.I,/core/www/modules/show_out/show_out_wrapper.php?run_id=110202&search_id=114132&scans_id=110198&peptide_id=35344&scanf=42903&charge=2&value=K.AM*GIMNSFVNDIFER.I,H2BC12,2.353e+8,4.177,0.000,4.151,0.000
42904,2,"  4.236","  0.679",15/34,/core/www/modules//sdig/index.php?run_id=110202&search_id=114132&scans_id=110198&peptide_id=35345&scanf=42904&charge=2&value=15/34,sp|Q96GQ7|DDX27_HUMAN,/core/www/modules//consensus/?run_id=110202&search_id=114132&scans_id=110198&peptide_id=35345&scanf=42904&charge=2&value=sp|Q96GQ7|DDX27_HUMAN,2,/core/www/modules/match_peptides/blast_html4.php?run_id=110202&search_id=114132&scans_id=110198&peptide_id=35345&scanf=42904&charge=2&value=2,K.EGTYDGSWALADVMSQLK.K,/core/www/modules/show_out/show_out_wrapper.php?run_id=110202&search_id=114132&scans_id=110198&peptide_id=35345&scanf=42904&charge=2&value=K.EGTYDGSWALADVMSQLK.K,DDX27,1.564e+6,3.433,0.001,3.048,0.000
42905,4,"  6.837","  0.654",25/192,/core/www/modules//sdig/index.php?run_id=110202&search_id=114132&scans_id=110198&peptide_id=35346&scanf=42905&charge=4&value=25/192,sp|P22087|FBRL_HUMAN,/core/www/modules//consensus/?run_id=110202&search_id=114132&scans_id=110198&peptide_id=35346&scanf=42905&charge=4&value=sp|P22087|FBRL_HUMAN,4,/core/www/modules/match_peptides/blast_html4.php?run_id=110202&search_id=114132&scans_id=110198&peptide_id=35346&scanf=42905&charge=4&value=4,K.VLYLGAASGTTVSHVSDIVGPDGLVYAVEFSHR.S,/core/www/modules/show_out/show_out_wrapper.php?run_id=110202&search_id=114132&scans_id=110198&peptide_id=35346&scanf=42905&charge=4&value=K.VLYLGAASGTTVSHVSDIVGPDGLVYAVEFSHR.S,FBL,4.759e+6,3.478,0.001,3.116,0.000
42908,2,"  2.897","  0.556",14/24,/core/www/modules//sdig/index.php?run_id=110202&search_id=114132&scans_id=110198&peptide_id=35349&scanf=42908&charge=2&value=14/24,sp|Q9H0A0|NAT10_HUMAN,/core/www/modules//consensus/?run_id=110202&search_id=114132&scans_id=110198&peptide_id=35349&scanf=42908&charge=2&value=sp|Q9H0A0|NAT10_HUMAN,0,/core/www/modules/match_peptides/blast_html4.php?run_id=110202&search_id=114132&scans_id=110198&peptide_id=35349&scanf=42908&charge=2&value=0,R.EELEALFLPYDLK.R,/core/www/modules/show_out/show_out_wrapper.php?run_id=110202&search_id=114132&scans_id=110198&peptide_id=35349&scanf=42908&charge=2&value=R.EELEALFLPYDLK.R,NAT10,1.385e+7,3.297,0.001,2.848,0.000
42910,3,"  3.584","  0.546",13/84,/core/www/modules//sdig/index.php?run_id=110202&search_id=114132&scans_id=110198&peptide_id=35352&scanf=42910&charge=3&value=13/84,sp|Q8NBZ0|IN80E_HUMAN,/core/www/modules//consensus/?run_id=110202&search_id=114132&scans_id=110198&peptide_id=35352&scanf=42910&charge=3&value=sp|Q8NBZ0|IN80E_HUMAN,3,/core/www/modules/match_peptides/blast_html4.php?run_id=110202&search_id=114132&scans_id=110198&peptide_id=35352&scanf=42910&charge=3&value=3,R.YPPFPSDYLALQLPEPSPLRPK.R,/core/www/modules/show_out/show_out_wrapper.php?run_id=110202&search_id=114132&scans_id=110198&peptide_id=35352&scanf=42910&charge=3&value=R.YPPFPSDYLALQLPEPSPLRPK.R,INO80E,9.633e+5,2.775,0.008,2.076,0.000
42912,2,"  5.181","  0.742",20/34,/core/www/modules//sdig/index.php?run_id=110202&search_id=114132&scans_id=110198&peptide_id=35354&scanf=42912&charge=2&value=20/34,sp|Q8TAT6|NPL4_HUMAN,/core/www/modules//consensus/?run_id=110202&search_id=114132&scans_id=110198&peptide_id=35354&scanf=42912&charge=2&value=sp|Q8TAT6|NPL4_HUMAN,2,/core/www/modules/match_peptides/blast_html4.php?run_id=110202&search_id=114132&scans_id=110198&peptide_id=35354&scanf=42912&charge=2&value=2,K.VFGAPNVVEDEIDQYLSK.Q,/core/www/modules/show_out/show_out_wrapper.php?run_id=110202&search_id=114132&scans_id=110198&peptide_id=35354&scanf=42912&charge=2&value=K.VFGAPNVVEDEIDQYLSK.Q,NPLOC4,2.648e+6,3.702,0.000,3.447,0.000
42913,3,"  3.032","  0.427",20/112,/core/www/modules//sdig/index.php?run_id=110202&search_id=114132&scans_id=110198&peptide_id=35355&scanf=42913&charge=3&value=20/112,sp|Q6P6C2|ALKB5_HUMAN,/core/www/modules//consensus/?run_id=110202&search_id=114132&scans_id=110198&peptide_id=35355&scanf=42913&charge=3&value=sp|Q6P6C2|ALKB5_HUMAN,0,/core/www/modules/match_peptides/blast_html4.php?run_id=110202&search_id=114132&scans_id=110198&peptide_id=35355&scanf=42913&charge=3&value=0,R.EAAAAAAAAVAAAAAAAAAAEPYPVSGAK.R,/core/www/modules/show_out/show_out_wrapper.php?run_id=110202&search_id=114132&scans_id=110198&peptide_id=35355&scanf=42913&charge=3&value=R.EAAAAAAAAVAAAAAAAAAAEPYPVSGAK.R,ALKBH5,8.968e+5,2.111,0.075,1.122,0.002
42914,2,"  4.023","  0.650",19/38,/core/www/modules//sdig/index.php?run_id=110202&search_id=114132&scans_id=110198&peptide_id=35356&scanf=42914&charge=2&value=19/38,sp|O00425|IF2B3_HUMAN,/core/www/modules//consensus/?run_id=110202&search_id=114132&scans_id=110198&peptide_id=35356&scanf=42914&charge=2&value=sp|O00425|IF2B3_HUMAN,1,/core/www/modules/match_peptides/blast_html4.php?run_id=110202&search_id=114132&scans_id=110198&peptide_id=35356&scanf=42914&charge=2&value=1,K.LYIGNLSENAAPSDLESIFK.D,/core/www/modules/show_out/show_out_wrapper.php?run_id=110202&search_id=114132&scans_id=110198&peptide_id=35356&scanf=42914&charge=2&value=K.LYIGNLSENAAPSDLESIFK.D,IGF2BP3,1.094e+6,3.278,0.002,2.819,0.000
42917,3,"  6.668","  0.693",25/88,/core/www/modules//sdig/index.php?run_id=110202&search_id=114132&scans_id=110198&peptide_id=35359&scanf=42917&charge=3&value=25/88,sp|P02649|APOE_HUMAN,/core/www/modules//consensus/?run_id=110202&search_id=114132&scans_id=110198&peptide_id=35359&scanf=42917&charge=3&value=sp|P02649|APOE_HUMAN,3,/core/www/modules/match_peptides/blast_html4.php?run_id=110202&search_id=114132&scans_id=110198&peptide_id=35359&scanf=42917&charge=3&value=3,R.WVQTLSEQVQEELLSSQVTQELR.A,/core/www/modules/show_out/show_out_wrapper.php?run_id=110202&search_id=114132&scans_id=110198&peptide_id=35359&scanf=42917&charge=3&value=R.WVQTLSEQVQEELLSSQVTQELR.A,APOE,1.015e+6,3.460,0.001,3.090,0.000
42918,3,"  7.279","  0.746",28/116,/core/www/modules//sdig/index.php?run_id=110202&search_id=114132&scans_id=110198&peptide_id=35360&scanf=42918&charge=3&value=28/116,sp|Q9BRX2|PELO_HUMAN,/core/www/modules//consensus/?run_id=110202&search_id=114132&scans_id=110198&peptide_id=35360&scanf=42918&charge=3&value=sp|Q9BRX2|PELO_HUMAN,0,/core/www/modules/match_peptides/blast_html4.php?run_id=110202&search_id=114132&scans_id=110198&peptide_id=35360&scanf=42918&charge=3&value=0,K.DNAGQVTLVPEEPEDMWHTYNLVQVGDSLR.A,/core/www/modules/show_out/show_out_wrapper.php?run_id=110202&search_id=114132&scans_id=110198&peptide_id=35360&scanf=42918&charge=3&value=K.DNAGQVTLVPEEPEDMWHTYNLVQVGDSLR.A,PELO,5.093e+5,3.577,0.001,3.262,0.000
42924,4," 11.450","  0.759",26/258,/core/www/modules//sdig/index.php?run_id=110202&search_id=114132&scans_id=110198&peptide_id=35366&scanf=42924&charge=4&value=26/258,sp|Q08211|DHX9_HUMAN,/core/www/modules//consensus/?run_id=110202&search_id=114132&scans_id=110198&peptide_id=35366&scanf=42924&charge=4&value=sp|Q08211|DHX9_HUMAN,0,/core/www/modules/match_peptides/blast_html4.php?run_id=110202&search_id=114132&scans_id=110198&peptide_id=35366&scanf=42924&charge=4&value=0,K.SEEVPAFGVASPPPLTDTPDTTANAEGDLPTTMGGPLPPHLALK.A,/core/www/modules/show_out/show_out_wrapper.php?run_id=110202&search_id=114132&scans_id=110198&peptide_id=35366&scanf=42924&charge=4&value=K.SEEVPAFGVASPPPLTDTPDTTANAEGDLPTTMGGPLPPHLALK.A,DHX9,6.517e+6,3.901,0.000,3.743,0.000
42928,3,"  2.437","  0.242",8/76,/core/www/modules//sdig/index.php?run_id=110202&search_id=114132&scans_id=110198&peptide_id=35370&scanf=42928&charge=3&value=8/76,sp|Q14204|DYHC1_HUMAN,/core/www/modules//consensus/?run_id=110202&search_id=114132&scans_id=110198&peptide_id=35370&scanf=42928&charge=3&value=sp|Q14204|DYHC1_HUMAN,17,/core/www/modules/match_peptides/blast_html4.php?run_id=110202&search_id=114132&scans_id=110198&peptide_id=35370&scanf=42928&charge=3&value=17,R.YPLIIDPSGQATEFIMNEYK.D,/core/www/modules/show_out/show_out_wrapper.php?run_id=110202&search_id=114132&scans_id=110198&peptide_id=35370&scanf=42928&charge=3&value=R.YPLIIDPSGQATEFIMNEYK.D,DYNC1H1,1.655e+6,2.035,0.096,1.019,0.005
42931,3,"  2.535","  0.489",14/68,/core/www/modules//sdig/index.php?run_id=110202&search_id=114132&scans_id=110198&peptide_id=35374&scanf=42931&charge=3&value=14/68,sp|P34932|HSP74_HUMAN,/core/www/modules//consensus/?run_id=110202&search_id=114132&scans_id=110198&peptide_id=35374&scanf=42931&charge=3&value=sp|P34932|HSP74_HUMAN,0,/core/www/modules/match_peptides/blast_html4.php?run_id=110202&search_id=114132&scans_id=110198&peptide_id=35374&scanf=42931&charge=3&value=0,K.SNLAYDIVQLPTGLTGIK.V,/core/www/modules/show_out/show_out_wrapper.php?run_id=110202&search_id=114132&scans_id=110198&peptide_id=35374&scanf=42931&charge=3&value=K.SNLAYDIVQLPTGLTGIK.V,HSPA4,3.513e+6,2.809,0.007,2.126,0.000
42932,3,"  4.050","  0.502",11/88,/core/www/modules//sdig/index.php?run_id=110202&search_id=114132&scans_id=110198&peptide_id=35375&scanf=42932&charge=3&value=11/88,sp|Q96AX9|MIB2_HUMAN,/core/www/modules//consensus/?run_id=110202&search_id=114132&scans_id=110198&peptide_id=35375&scanf=42932&charge=3&value=sp|Q96AX9|MIB2_HUMAN,7,/core/www/modules/match_peptides/blast_html4.php?run_id=110202&search_id=114132&scans_id=110198&peptide_id=35375&scanf=42932&charge=3&value=7,R.HQLLPLVADGAGGDPGPLQLLSR.L,/core/www/modules/show_out/show_out_wrapper.php?run_id=110202&search_id=114132&scans_id=110198&peptide_id=35375&scanf=42932&charge=3&value=R.HQLLPLVADGAGGDPGPLQLLSR.L,MIB2,2.231e+6,2.424,0.027,1.565,0.001
42933,2,"  1.447","  0.429",9/22,/core/www/modules//sdig/index.php?run_id=110202&search_id=114132&scans_id=110198&peptide_id=35376&scanf=42933&charge=2&value=9/22,sp|Q96RT1|ERBIN_HUMAN,/core/www/modules//consensus/?run_id=110202&search_id=114132&scans_id=110198&peptide_id=35376&scanf=42933&charge=2&value=sp|Q96RT1|ERBIN_HUMAN,13,/core/www/modules/match_peptides/blast_html4.php?run_id=110202&search_id=114132&scans_id=110198&peptide_id=35376&scanf=42933&charge=2&value=13,R.LTFIPGFIGSLK.Q,/core/www/modules/show_out/show_out_wrapper.php?run_id=110202&search_id=114132&scans_id=110198&peptide_id=35376&scanf=42933&charge=2&value=R.LTFIPGFIGSLK.Q,ERBIN,2.198e+6,2.530,0.019,1.718,0.000
42936,2,"  5.196","  0.727",19/34,/core/www/modules//sdig/index.php?run_id=110202&search_id=114132&scans_id=110198&peptide_id=35379&scanf=42936&charge=2&value=19/34,sp|P34932|HSP74_HUMAN,/core/www/modules//consensus/?run_id=110202&search_id=114132&scans_id=110198&peptide_id=35379&scanf=42936&charge=2&value=sp|P34932|HSP74_HUMAN,0,/core/www/modules/match_peptides/blast_html4.php?run_id=110202&search_id=114132&scans_id=110198&peptide_id=35379&scanf=42936&charge=2&value=0,K.SNLAYDIVQLPTGLTGIK.V,/core/www/modules/show_out/show_out_wrapper.php?run_id=110202&search_id=114132&scans_id=110198&peptide_id=35379&scanf=42936&charge=2&value=K.SNLAYDIVQLPTGLTGIK.V,HSPA4,2.588e+6,3.801,0.000,3.595,0.000
42938,4,"  3.903","  0.533",18/156,/core/www/modules//sdig/index.php?run_id=110202&search_id=114132&scans_id=110198&peptide_id=35381&scanf=42938&charge=4&value=18/156,sp|Q15149|PLEC_HUMAN,/core/www/modules//consensus/?run_id=110202&search_id=114132&scans_id=110198&peptide_id=35381&scanf=42938&charge=4&value=sp|Q15149|PLEC_HUMAN,5,/core/www/modules/match_peptides/blast_html4.php?run_id=110202&search_id=114132&scans_id=110198&peptide_id=35381&scanf=42938&charge=4&value=5,K.KGIIRPGTAFELLEAQAATGYVIDPIK.G,/core/www/modules/show_out/show_out_wrapper.php?run_id=110202&search_id=114132&scans_id=110198&peptide_id=35381&scanf=42938&charge=4&value=K.KGIIRPGTAFELLEAQAATGYVIDPIK.G,PLEC,7.512e+5,3.289,0.001,2.835,0.000
42940,2,"  2.966","  0.612",16/26,/core/www/modules//sdig/index.php?run_id=110202&search_id=114132&scans_id=110198&peptide_id=35384&scanf=42940&charge=2&value=16/26,sp|P61020|RAB5B_HUMAN,/core/www/modules//consensus/?run_id=110202&search_id=114132&scans_id=110198&peptide_id=35384&scanf=42940&charge=2&value=sp|P61020|RAB5B_HUMAN,0,/core/www/modules/match_peptides/blast_html4.php?run_id=110202&search_id=114132&scans_id=110198&peptide_id=35384&scanf=42940&charge=2&value=0,K.TAMNVNDLFLAIAK.K,/core/www/modules/show_out/show_out_wrapper.php?run_id=110202&search_id=114132&scans_id=110198&peptide_id=35384&scanf=42940&charge=2&value=K.TAMNVNDLFLAIAK.K,RAB5B,3.816e+6,3.424,0.001,3.035,0.000
42947,4,"  5.641","  0.689",29/168,/core/www/modules//sdig/index.php?run_id=110202&search_id=114132&scans_id=110198&peptide_id=35390&scanf=42947&charge=4&value=29/168,sp|Q6P2Q9|PRP8_HUMAN,/core/www/modules//consensus/?run_id=110202&search_id=114132&scans_id=110198&peptide_id=35390&scanf=42947&charge=4&value=sp|Q6P2Q9|PRP8_HUMAN,0,/core/www/modules/match_peptides/blast_html4.php?run_id=110202&search_id=114132&scans_id=110198&peptide_id=35390&scanf=42947&charge=4&value=0,R.ASEMAGPPQMPNDFLSFQDIATEAAHPIR.L,/core/www/modules/show_out/show_out_wrapper.php?run_id=110202&search_id=114132&scans_id=110198&peptide_id=35390&scanf=42947&charge=4&value=R.ASEMAGPPQMPNDFLSFQDIATEAAHPIR.L,PRPF8,2.440e+6,4.013,0.000,3.908,0.000
42953,3,"  4.340","  0.600",17/100,/core/www/modules//sdig/index.php?run_id=110202&search_id=114132&scans_id=110198&peptide_id=35397&scanf=42953&charge=3&value=17/100,sp|Q12931|TRAP1_HUMAN,/core/www/modules//consensus/?run_id=110202&search_id=114132&scans_id=110198&peptide_id=35397&scanf=42953&charge=3&value=sp|Q12931|TRAP1_HUMAN,0,/core/www/modules/match_peptides/blast_html4.php?run_id=110202&search_id=114132&scans_id=110198&peptide_id=35397&scanf=42953&charge=3&value=0,K.GTITIQDTGIGMTQEELVSNLGTIAR.S,/core/www/modules/show_out/show_out_wrapper.php?run_id=110202&search_id=114132&scans_id=110198&peptide_id=35397&scanf=42953&charge=3&value=K.GTITIQDTGIGMTQEELVSNLGTIAR.S,TRAP1,2.428e+6,2.768,0.009,2.066,0.000
42957,2,"  2.843","  0.622",12/16,/core/www/modules//sdig/index.php?run_id=110202&search_id=114132&scans_id=110198&peptide_id=35401&scanf=42957&charge=2&value=12/16,sp|P46783|RS10_HUMAN,/core/www/modules//consensus/?run_id=110202&search_id=114132&scans_id=110198&peptide_id=35401&scanf=42957&charge=2&value=sp|P46783|RS10_HUMAN,5,/core/www/modules/match_peptides/blast_html4.php?run_id=110202&search_id=114132&scans_id=110198&peptide_id=35401&scanf=42957&charge=2&value=5,R.IAIYELLFK.E,/core/www/modules/show_out/show_out_wrapper.php?run_id=110202&search_id=114132&scans_id=110198&peptide_id=35401&scanf=42957&charge=2&value=R.IAIYELLFK.E,RPS10,4.122e+7,3.896,0.000,3.735,0.000
42959,3,"  2.820","  0.522",13/60,/core/www/modules//sdig/index.php?run_id=110202&search_id=114132&scans_id=110198&peptide_id=35403&scanf=42959&charge=3&value=13/60,sp|O15514|RPB4_HUMAN,/core/www/modules//consensus/?run_id=110202&search_id=114132&scans_id=110198&peptide_id=35403&scanf=42959&charge=3&value=sp|O15514|RPB4_HUMAN,2,/core/www/modules/match_peptides/blast_html4.php?run_id=110202&search_id=114132&scans_id=110198&peptide_id=35403&scanf=42959&charge=3&value=2,R.FEDEELQQILDDIQTK.R,/core/www/modules/show_out/show_out_wrapper.php?run_id=110202&search_id=114132&scans_id=110198&peptide_id=35403&scanf=42959&charge=3&value=R.FEDEELQQILDDIQTK.R,POLR2D,1.922e+6,3.007,0.004,2.418,0.000
42966,3,"  5.203","  0.637",19/68,/core/www/modules//sdig/index.php?run_id=110202&search_id=114132&scans_id=110198&peptide_id=35410&scanf=42966&charge=3&value=19/68,sp|Q9HCD5|NCOA5_HUMAN,/core/www/modules//consensus/?run_id=110202&search_id=114132&scans_id=110198&peptide_id=35410&scanf=42966&charge=3&value=sp|Q9HCD5|NCOA5_HUMAN,0,/core/www/modules/match_peptides/blast_html4.php?run_id=110202&search_id=114132&scans_id=110198&peptide_id=35410&scanf=42966&charge=3&value=0,R.GGHPPAIQSLINLLADNR.Y,/core/www/modules/show_out/show_out_wrapper.php?run_id=110202&search_id=114132&scans_id=110198&peptide_id=35410&scanf=42966&charge=3&value=R.GGHPPAIQSLINLLADNR.Y,NCOA5,1.478e+7,3.606,0.000,3.306,0.000
42969,2,"  3.215","  0.620",13/24,/core/www/modules//sdig/index.php?run_id=110202&search_id=114132&scans_id=110198&peptide_id=35413&scanf=42969&charge=2&value=13/24,sp|Q9UM54|MYO6_HUMAN,/core/www/modules//consensus/?run_id=110202&search_id=114132&scans_id=110198&peptide_id=35413&scanf=42969&charge=2&value=sp|Q9UM54|MYO6_HUMAN,11,/core/www/modules/match_peptides/blast_html4.php?run_id=110202&search_id=114132&scans_id=110198&peptide_id=35413&scanf=42969&charge=2&value=11,K.LVGILDILDEENR.L,/core/www/modules/show_out/show_out_wrapper.php?run_id=110202&search_id=114132&scans_id=110198&peptide_id=35413&scanf=42969&charge=2&value=K.LVGILDILDEENR.L,MYO6,1.646e+6,3.502,0.001,3.151,0.000
42974,3,"  3.264","  0.542",16/84,/core/www/modules//sdig/index.php?run_id=110202&search_id=114132&scans_id=110198&peptide_id=35419&scanf=42974&charge=3&value=16/84,sp|Q9UNM6|PSD13_HUMAN,/core/www/modules//consensus/?run_id=110202&search_id=114132&scans_id=110198&peptide_id=35419&scanf=42974&charge=3&value=sp|Q9UNM6|PSD13_HUMAN,3,/core/www/modules/match_peptides/blast_html4.php?run_id=110202&search_id=114132&scans_id=110198&peptide_id=35419&scanf=42974&charge=3&value=3,K.ETIEDVEEMLNNLPGVTSVHSR.F,/core/www/modules/show_out/show_out_wrapper.php?run_id=110202&search_id=114132&scans_id=110198&peptide_id=35419&scanf=42974&charge=3&value=K.ETIEDVEEMLNNLPGVTSVHSR.F,PSMD13,6.484e+6,2.907,0.005,2.271,0.000
42976,3,"  4.480","  0.660",18/76,/core/www/modules//sdig/index.php?run_id=110202&search_id=114132&scans_id=110198&peptide_id=35421&scanf=42976&charge=3&value=18/76,sp|O95757|HS74L_HUMAN,/core/www/modules//consensus/?run_id=110202&search_id=114132&scans_id=110198&peptide_id=35421&scanf=42976&charge=3&value=sp|O95757|HS74L_HUMAN,1,/core/www/modules/match_peptides/blast_html4.php?run_id=110202&search_id=114132&scans_id=110198&peptide_id=35421&scanf=42976&charge=3&value=1,R.YLEEERPFAIEQVTGMLLAK.L,/core/www/modules/show_out/show_out_wrapper.php?run_id=110202&search_id=114132&scans_id=110198&peptide_id=35421&scanf=42976&charge=3&value=R.YLEEERPFAIEQVTGMLLAK.L,HSPA4L,8.236e+5,3.404,0.001,3.006,0.000
42977,3,"  3.429","  0.451",11/80,/core/www/modules//sdig/index.php?run_id=110202&search_id=114132&scans_id=110198&peptide_id=35422&scanf=42977&charge=3&value=11/80,sp|Q9H0A8|COMD4_HUMAN,/core/www/modules//consensus/?run_id=110202&search_id=114132&scans_id=110198&peptide_id=35422&scanf=42977&charge=3&value=sp|Q9H0A8|COMD4_HUMAN,2,/core/www/modules/match_peptides/blast_html4.php?run_id=110202&search_id=114132&scans_id=110198&peptide_id=35422&scanf=42977&charge=3&value=2,R.VDYTLSSSLLQSVEEPMVHLR.L,/core/www/modules/show_out/show_out_wrapper.php?run_id=110202&search_id=114132&scans_id=110198&peptide_id=35422&scanf=42977&charge=3&value=R.VDYTLSSSLLQSVEEPMVHLR.L,COMMD4,7.583e+5,2.538,0.019,1.729,0.000
42978,2,"  5.643","  0.719",20/32,/core/www/modules//sdig/index.php?run_id=110202&search_id=114132&scans_id=110198&peptide_id=35423&scanf=42978&charge=2&value=20/32,sp|Q8WTT2|NOC3L_HUMAN,/core/www/modules//consensus/?run_id=110202&search_id=114132&scans_id=110198&peptide_id=35423&scanf=42978&charge=2&value=sp|Q8WTT2|NOC3L_HUMAN,0,/core/www/modules/match_peptides/blast_html4.php?run_id=110202&search_id=114132&scans_id=110198&peptide_id=35423&scanf=42978&charge=2&value=0,K.FLQGDSFLNEDLNQLIK.R,/core/www/modules/show_out/show_out_wrapper.php?run_id=110202&search_id=114132&scans_id=110198&peptide_id=35423&scanf=42978&charge=2&value=K.FLQGDSFLNEDLNQLIK.R,NOC3L,9.267e+6,3.949,0.000,3.814,0.000
42984,3,"  2.120","  0.294",9/68,/core/www/modules//sdig/index.php?run_id=110202&search_id=114132&scans_id=110198&peptide_id=35430&scanf=42984&charge=3&value=9/68,sp|Q14146|URB2_HUMAN,/core/www/modules//consensus/?run_id=110202&search_id=114132&scans_id=110198&peptide_id=35430&scanf=42984&charge=3&value=sp|Q14146|URB2_HUMAN,0,/core/www/modules/match_peptides/blast_html4.php?run_id=110202&search_id=114132&scans_id=110198&peptide_id=35430&scanf=42984&charge=3&value=0,K.FQSLVLPYLQSDADMALK.S,/core/www/modules/show_out/show_out_wrapper.php?run_id=110202&search_id=114132&scans_id=110198&peptide_id=35430&scanf=42984&charge=3&value=K.FQSLVLPYLQSDADMALK.S,URB2,7.134e+5,2.005,0.105,0.979,0.005
42987,3,"  4.398","  0.480",21/72,/core/www/modules//sdig/index.php?run_id=110202&search_id=114132&scans_id=110198&peptide_id=35432&scanf=42987&charge=3&value=21/72,sp|P33993|MCM7_HUMAN,/core/www/modules//consensus/?run_id=110202&search_id=114132&scans_id=110198&peptide_id=35432&scanf=42987&charge=3&value=sp|P33993|MCM7_HUMAN,1,/core/www/modules/match_peptides/blast_html4.php?run_id=110202&search_id=114132&scans_id=110198&peptide_id=35432&scanf=42987&charge=3&value=1,R.IAQPGDHVSVTGIFLPILR.T,/core/www/modules/show_out/show_out_wrapper.php?run_id=110202&search_id=114132&scans_id=110198&peptide_id=35432&scanf=42987&charge=3&value=R.IAQPGDHVSVTGIFLPILR.T,MCM7,1.918e+7,3.063,0.003,2.500,0.000
42989,3,"  3.437","  0.457",15/44,/core/www/modules//sdig/index.php?run_id=110202&search_id=114132&scans_id=110198&peptide_id=35434&scanf=42989&charge=3&value=15/44,sp|Q09161|NCBP1_HUMAN,/core/www/modules//consensus/?run_id=110202&search_id=114132&scans_id=110198&peptide_id=35434&scanf=42989&charge=3&value=sp|Q09161|NCBP1_HUMAN,0,/core/www/modules/match_peptides/blast_html4.php?run_id=110202&search_id=114132&scans_id=110198&peptide_id=35434&scanf=42989&charge=3&value=0,R.LFVWEILHSTIR.K,/core/www/modules/show_out/show_out_wrapper.php?run_id=110202&search_id=114132&scans_id=110198&peptide_id=35434&scanf=42989&charge=3&value=R.LFVWEILHSTIR.K,NCBP1,2.902e+6,3.160,0.002,2.645,0.000
42993,2,"  4.549","  0.633",17/32,/core/www/modules//sdig/index.php?run_id=110202&search_id=114132&scans_id=110198&peptide_id=35439&scanf=42993&charge=2&value=17/32,sp|P43246|MSH2_HUMAN,/core/www/modules//consensus/?run_id=110202&search_id=114132&scans_id=110198&peptide_id=35439&scanf=42993&charge=2&value=sp|P43246|MSH2_HUMAN,5,/core/www/modules/match_peptides/blast_html4.php?run_id=110202&search_id=114132&scans_id=110198&peptide_id=35439&scanf=42993&charge=2&value=5,R.LYQGINQLPNVIQALEK.H,/core/www/modules/show_out/show_out_wrapper.php?run_id=110202&search_id=114132&scans_id=110198&peptide_id=35439&scanf=42993&charge=2&value=R.LYQGINQLPNVIQALEK.H,MSH2,2.530e+6,3.436,0.001,3.054,0.000
42994,3,"  5.128","  0.577",21/88,/core/www/modules//sdig/index.php?run_id=110202&search_id=114132&scans_id=110198&peptide_id=35440&scanf=42994&charge=3&value=21/88,sp|P02649|APOE_HUMAN,/core/www/modules//consensus/?run_id=110202&search_id=114132&scans_id=110198&peptide_id=35440&scanf=42994&charge=3&value=sp|P02649|APOE_HUMAN,3,/core/www/modules/match_peptides/blast_html4.php?run_id=110202&search_id=114132&scans_id=110198&peptide_id=35440&scanf=42994&charge=3&value=3,R.WVQTLSEQVQEELLSSQVTQELR.A,/core/www/modules/show_out/show_out_wrapper.php?run_id=110202&search_id=114132&scans_id=110198&peptide_id=35440&scanf=42994&charge=3&value=R.WVQTLSEQVQEELLSSQVTQELR.A,APOE,1.015e+6,2.840,0.007,2.172,0.000
42995,2,"  5.508","  0.652",19/34,/core/www/modules//sdig/index.php?run_id=110202&search_id=114132&scans_id=110198&peptide_id=35441&scanf=42995&charge=2&value=19/34,sp|P22314|UBA1_HUMAN,/core/www/modules//consensus/?run_id=110202&search_id=114132&scans_id=110198&peptide_id=35441&scanf=42995&charge=2&value=sp|P22314|UBA1_HUMAN,0,/core/www/modules/match_peptides/blast_html4.php?run_id=110202&search_id=114132&scans_id=110198&peptide_id=35441&scanf=42995&charge=2&value=0,K.SLVASLAEPDFVVTDFAK.F,/core/www/modules/show_out/show_out_wrapper.php?run_id=110202&search_id=114132&scans_id=110198&peptide_id=35441&scanf=42995&charge=2&value=K.SLVASLAEPDFVVTDFAK.F,UBA1,4.416e+6,3.515,0.001,3.171,0.000
42996,3,"  5.713","  0.660",20/88,/core/www/modules//sdig/index.php?run_id=110202&search_id=114132&scans_id=110198&peptide_id=35442&scanf=42996&charge=3&value=20/88,sp|Q96AX9|MIB2_HUMAN,/core/www/modules//consensus/?run_id=110202&search_id=114132&scans_id=110198&peptide_id=35442&scanf=42996&charge=3&value=sp|Q96AX9|MIB2_HUMAN,7,/core/www/modules/match_peptides/blast_html4.php?run_id=110202&search_id=114132&scans_id=110198&peptide_id=35442&scanf=42996&charge=3&value=7,R.HQLLPLVADGAGGDPGPLQLLSR.L,/core/www/modules/show_out/show_out_wrapper.php?run_id=110202&search_id=114132&scans_id=110198&peptide_id=35442&scanf=42996&charge=3&value=R.HQLLPLVADGAGGDPGPLQLLSR.L,MIB2,2.830e+7,3.290,0.001,2.837,0.000
42997,2,"  2.057","  0.459",11/22,/core/www/modules//sdig/index.php?run_id=110202&search_id=114132&scans_id=110198&peptide_id=35443&scanf=42997&charge=2&value=11/22,sp|Q15058|KIF14_HUMAN,/core/www/modules//consensus/?run_id=110202&search_id=114132&scans_id=110198&peptide_id=35443&scanf=42997&charge=2&value=sp|Q15058|KIF14_HUMAN,0,/core/www/modules/match_peptides/blast_html4.php?run_id=110202&search_id=114132&scans_id=110198&peptide_id=35443&scanf=42997&charge=2&value=0,R.TIADSLINSFLK.I,/core/www/modules/show_out/show_out_wrapper.php?run_id=110202&search_id=114132&scans_id=110198&peptide_id=35443&scanf=42997&charge=2&value=R.TIADSLINSFLK.I,KIF14,8.934e+5,2.829,0.007,2.156,0.000
42998,2,"  2.017","  0.279",11/22,/core/www/modules//sdig/index.php?run_id=110202&search_id=114132&scans_id=110198&peptide_id=35444&scanf=42998&charge=2&value=11/22,sp|Q13405|RM49_HUMAN,/core/www/modules//consensus/?run_id=110202&search_id=114132&scans_id=110198&peptide_id=35444&scanf=42998&charge=2&value=sp|Q13405|RM49_HUMAN,1,/core/www/modules/match_peptides/blast_html4.php?run_id=110202&search_id=114132&scans_id=110198&peptide_id=35444&scanf=42998&charge=2&value=1,K.DVEDFLSPLLGK.T,/core/www/modules/show_out/show_out_wrapper.php?run_id=110202&search_id=114132&scans_id=110198&peptide_id=35444&scanf=42998&charge=2&value=K.DVEDFLSPLLGK.T,MRPL49,1.175e+6,2.211,0.055,1.261,0.002
43000,2,"  4.448","  0.500",17/34,/core/www/modules//sdig/index.php?run_id=110202&search_id=114132&scans_id=110198&peptide_id=35447&scanf=43000&charge=2&value=17/34,sp|Q5UIP0|RIF1_HUMAN,/core/www/modules//consensus/?run_id=110202&search_id=114132&scans_id=110198&peptide_id=35447&scanf=43000&charge=2&value=sp|Q5UIP0|RIF1_HUMAN,1,/core/www/modules/match_peptides/blast_html4.php?run_id=110202&search_id=114132&scans_id=110198&peptide_id=35447&scanf=43000&charge=2&value=1,K.IMSSLEDEGFSNLLFVDR.I,/core/www/modules/show_out/show_out_wrapper.php?run_id=110202&search_id=114132&scans_id=110198&peptide_id=35447&scanf=43000&charge=2&value=K.IMSSLEDEGFSNLLFVDR.I,RIF1,1.250e+6,2.982,0.004,2.382,0.000
43005,2,"  2.312","  0.568",10/22,/core/www/modules//sdig/index.php?run_id=110202&search_id=114132&scans_id=110198&peptide_id=35452&scanf=43005&charge=2&value=10/22,sp|P22694|KAPCB_HUMAN,/core/www/modules//consensus/?run_id=110202&search_id=114132&scans_id=110198&peptide_id=35452&scanf=43005&charge=2&value=sp|P22694|KAPCB_HUMAN,8,/core/www/modules/match_peptides/blast_html4.php?run_id=110202&search_id=114132&scans_id=110198&peptide_id=35452&scanf=43005&charge=2&value=8,R.ILQAVNFPFLVR.L,/core/www/modules/show_out/show_out_wrapper.php?run_id=110202&search_id=114132&scans_id=110198&peptide_id=35452&scanf=43005&charge=2&value=R.ILQAVNFPFLVR.L,PRKACB,1.804e+6,3.111,0.003,2.572,0.000
43014,3,"  3.244","  0.500",16/76,/core/www/modules//sdig/index.php?run_id=110202&search_id=114132&scans_id=110198&peptide_id=35461&scanf=43014&charge=3&value=16/76,sp|Q13155|AIMP2_HUMAN,/core/www/modules//consensus/?run_id=110202&search_id=114132&scans_id=110198&peptide_id=35461&scanf=43014&charge=3&value=sp|Q13155|AIMP2_HUMAN,1,/core/www/modules/match_peptides/blast_html4.php?run_id=110202&search_id=114132&scans_id=110198&peptide_id=35461&scanf=43014&charge=3&value=1,K.DIVINANPASPPLSLLVLHR.L,/core/www/modules/show_out/show_out_wrapper.php?run_id=110202&search_id=114132&scans_id=110198&peptide_id=35461&scanf=43014&charge=3&value=K.DIVINANPASPPLSLLVLHR.L,AIMP2,7.651e+6,2.788,0.008,2.096,0.000
43019,3,"  4.536","  0.538",14/100,/core/www/modules//sdig/index.php?run_id=110202&search_id=114132&scans_id=110198&peptide_id=35466&scanf=43019&charge=3&value=14/100,sp|Q8WUM0|NU133_HUMAN,/core/www/modules//consensus/?run_id=110202&search_id=114132&scans_id=110198&peptide_id=35466&scanf=43019&charge=3&value=sp|Q8WUM0|NU133_HUMAN,0,/core/www/modules/match_peptides/blast_html4.php?run_id=110202&search_id=114132&scans_id=110198&peptide_id=35466&scanf=43019&charge=3&value=0,R.WAESVPEEAPGFSNTSLIILHQLEDK.M,/core/www/modules/show_out/show_out_wrapper.php?run_id=110202&search_id=114132&scans_id=110198&peptide_id=35466&scanf=43019&charge=3&value=R.WAESVPEEAPGFSNTSLIILHQLEDK.M,NUP133,9.345e+5,2.711,0.010,1.983,0.000
43023,2,"  3.104","  0.419",12/22,/core/www/modules//sdig/index.php?run_id=110202&search_id=114132&scans_id=110198&peptide_id=35471&scanf=43023&charge=2&value=12/22,sp|Q86VP6|CAND1_HUMAN,/core/www/modules//consensus/?run_id=110202&search_id=114132&scans_id=110198&peptide_id=35471&scanf=43023&charge=2&value=sp|Q86VP6|CAND1_HUMAN,1,/core/www/modules/match_peptides/blast_html4.php?run_id=110202&search_id=114132&scans_id=110198&peptide_id=35471&scanf=43023&charge=2&value=1,K.LGTLSALDILIK.N,/core/www/modules/show_out/show_out_wrapper.php?run_id=110202&search_id=114132&scans_id=110198&peptide_id=35471&scanf=43023&charge=2&value=K.LGTLSALDILIK.N,CAND1,8.159e+6,2.859,0.006,2.200,0.000
43025,3,"  4.764","  0.629",20/80,/core/www/modules//sdig/index.php?run_id=110202&search_id=114132&scans_id=110198&peptide_id=35473&scanf=43025&charge=3&value=20/80,sp|P25705|ATPA_HUMAN,/core/www/modules//consensus/?run_id=110202&search_id=114132&scans_id=110198&peptide_id=35473&scanf=43025&charge=3&value=sp|P25705|ATPA_HUMAN,0,/core/www/modules/match_peptides/blast_html4.php?run_id=110202&search_id=114132&scans_id=110198&peptide_id=35473&scanf=43025&charge=3&value=0,K.QGQYSPMAIEEQVAVIYAGVR.G,/core/www/modules/show_out/show_out_wrapper.php?run_id=110202&search_id=114132&scans_id=110198&peptide_id=35473&scanf=43025&charge=3&value=K.QGQYSPMAIEEQVAVIYAGVR.G,ATP5F1A,9.097e+6,3.425,0.001,3.036,0.000
43027,2,"  1.417","  0.224",7/12,/core/www/modules//sdig/index.php?run_id=110202&search_id=114132&scans_id=110198&peptide_id=35475&scanf=43027&charge=2&value=7/12,sp|P60709|ACTB_HUMAN,/core/www/modules//consensus/?run_id=110202&search_id=114132&scans_id=110198&peptide_id=35475&scanf=43027&charge=2&value=sp|P60709|ACTB_HUMAN,11,/core/www/modules/match_peptides/blast_html4.php?run_id=110202&search_id=114132&scans_id=110198&peptide_id=35475&scanf=43027&charge=2&value=11,K.IIAPPER.K,/core/www/modules/show_out/show_out_wrapper.php?run_id=110202&search_id=114132&scans_id=110198&peptide_id=35475&scanf=43027&charge=2&value=K.IIAPPER.K,ACTB,8.792e+5,2.922,0.005,2.293,0.000
43031,3,"  4.554","  0.652",23/96,/core/www/modules//sdig/index.php?run_id=110202&search_id=114132&scans_id=110198&peptide_id=35479&scanf=43031&charge=3&value=23/96,sp|Q9NXV6|CARF_HUMAN,/core/www/modules//consensus/?run_id=110202&search_id=114132&scans_id=110198&peptide_id=35479&scanf=43031&charge=3&value=sp|Q9NXV6|CARF_HUMAN,0,/core/www/modules/match_peptides/blast_html4.php?run_id=110202&search_id=114132&scans_id=110198&peptide_id=35479&scanf=43031&charge=3&value=0,K.LVAVGGFSPNVNHGELLNAAIEALK.A,/core/www/modules/show_out/show_out_wrapper.php?run_id=110202&search_id=114132&scans_id=110198&peptide_id=35479&scanf=43031&charge=3&value=K.LVAVGGFSPNVNHGELLNAAIEALK.A,CDKN2AIP,2.427e+6,3.243,0.002,2.768,0.000
43033,3,"  2.882","  0.325",12/80,/core/www/modules//sdig/index.php?run_id=110202&search_id=114132&scans_id=110198&peptide_id=35481&scanf=43033&charge=3&value=12/80,sp|P23588|IF4B_HUMAN,/core/www/modules//consensus/?run_id=110202&search_id=114132&scans_id=110198&peptide_id=35481&scanf=43033&charge=3&value=sp|P23588|IF4B_HUMAN,7,/core/www/modules/match_peptides/blast_html4.php?run_id=110202&search_id=114132&scans_id=110198&peptide_id=35481&scanf=43033&charge=3&value=7,K.SPPYTAFLGNLPYDVTEESIK.E,/core/www/modules/show_out/show_out_wrapper.php?run_id=110202&search_id=114132&scans_id=110198&peptide_id=35481&scanf=43033&charge=3&value=K.SPPYTAFLGNLPYDVTEESIK.E,EIF4B,1.491e+6,1.823,0.179,0.747,0.010
43036,3,"  5.257","  0.646",25/88,/core/www/modules//sdig/index.php?run_id=110202&search_id=114132&scans_id=110198&peptide_id=35484&scanf=43036&charge=3&value=25/88,sp|Q93074|MED12_HUMAN,/core/www/modules//consensus/?run_id=110202&search_id=114132&scans_id=110198&peptide_id=35484&scanf=43036&charge=3&value=sp|Q93074|MED12_HUMAN,7,/core/www/modules/match_peptides/blast_html4.php?run_id=110202&search_id=114132&scans_id=110198&peptide_id=35484&scanf=43036&charge=3&value=7,R.SQSAINTWFTDLAGTKPLTQLAK.K,/core/www/modules/show_out/show_out_wrapper.php?run_id=110202&search_id=114132&scans_id=110198&peptide_id=35484&scanf=43036&charge=3&value=R.SQSAINTWFTDLAGTKPLTQLAK.K,MED12,2.434e+6,3.431,0.001,3.045,0.000
43040,3,"  4.011","  0.528",15/84,/core/www/modules//sdig/index.php?run_id=110202&search_id=114132&scans_id=110198&peptide_id=35489&scanf=43040&charge=3&value=15/84,sp|Q9BTW9|TBCD_HUMAN,/core/www/modules//consensus/?run_id=110202&search_id=114132&scans_id=110198&peptide_id=35489&scanf=43040&charge=3&value=sp|Q9BTW9|TBCD_HUMAN,17,/core/www/modules/match_peptides/blast_html4.php?run_id=110202&search_id=114132&scans_id=110198&peptide_id=35489&scanf=43040&charge=3&value=17,R.LFPHEVADVEPVLDLVTIQNPK.D,/core/www/modules/show_out/show_out_wrapper.php?run_id=110202&search_id=114132&scans_id=110198&peptide_id=35489&scanf=43040&charge=3&value=R.LFPHEVADVEPVLDLVTIQNPK.D,TBCD,3.257e+6,2.702,0.011,1.969,0.000
43046,3,"  4.483","  0.611",15/104,/core/www/modules//sdig/index.php?run_id=110202&search_id=114132&scans_id=110198&peptide_id=35495&scanf=43046&charge=3&value=15/104,sp|P18206|VINC_HUMAN,/core/www/modules//consensus/?run_id=110202&search_id=114132&scans_id=110198&peptide_id=35495&scanf=43046&charge=3&value=sp|P18206|VINC_HUMAN,0,/core/www/modules/match_peptides/blast_html4.php?run_id=110202&search_id=114132&scans_id=110198&peptide_id=35495&scanf=43046&charge=3&value=0,R.TNISDEESEQATEMLVHNAQNLMQSVK.E,/core/www/modules/show_out/show_out_wrapper.php?run_id=110202&search_id=114132&scans_id=110198&peptide_id=35495&scanf=43046&charge=3&value=R.TNISDEESEQATEMLVHNAQNLMQSVK.E,VCL,5.928e+5,2.934,0.005,2.310,0.000
43047,3,"  4.107","  0.683",22/132,/core/www/modules//sdig/index.php?run_id=110202&search_id=114132&scans_id=110198&peptide_id=35496&scanf=43047&charge=3&value=22/132,sp|Q96F63|CCD97_HUMAN,/core/www/modules//consensus/?run_id=110202&search_id=114132&scans_id=110198&peptide_id=35496&scanf=43047&charge=3&value=sp|Q96F63|CCD97_HUMAN,0,/core/www/modules/match_peptides/blast_html4.php?run_id=110202&search_id=114132&scans_id=110198&peptide_id=35496&scanf=43047&charge=3&value=0,K.VEAAEATPVALDSDTSGAENAAVSAMLHAVAASR.L,/core/www/modules/show_out/show_out_wrapper.php?run_id=110202&search_id=114132&scans_id=110198&peptide_id=35496&scanf=43047&charge=3&value=K.VEAAEATPVALDSDTSGAENAAVSAMLHAVAASR.L,CCDC97,7.428e+5,2.832,0.007,2.160,0.000
43050,3,"  4.241","  0.666",18/68,/core/www/modules//sdig/index.php?run_id=110202&search_id=114132&scans_id=110198&peptide_id=35499&scanf=43050&charge=3&value=18/68,sp|Q9UBU9|NXF1_HUMAN,/core/www/modules//consensus/?run_id=110202&search_id=114132&scans_id=110198&peptide_id=35499&scanf=43050&charge=3&value=sp|Q9UBU9|NXF1_HUMAN,2,/core/www/modules/match_peptides/blast_html4.php?run_id=110202&search_id=114132&scans_id=110198&peptide_id=35499&scanf=43050&charge=3&value=2,R.IIEENIPELLSLNLSNNR.L,/core/www/modules/show_out/show_out_wrapper.php?run_id=110202&search_id=114132&scans_id=110198&peptide_id=35499&scanf=43050&charge=3&value=R.IIEENIPELLSLNLSNNR.L,NXF1,2.209e+8,3.580,0.001,3.267,0.000
43051,2,"  2.108","  0.345",10/18,/core/www/modules//sdig/index.php?run_id=110202&search_id=114132&scans_id=110198&peptide_id=35500&scanf=43051&charge=2&value=10/18,sp|Q9UN81|LORF1_HUMAN,/core/www/modules//consensus/?run_id=110202&search_id=114132&scans_id=110198&peptide_id=35500&scanf=43051&charge=2&value=sp|Q9UN81|LORF1_HUMAN,0,/core/www/modules/match_peptides/blast_html4.php?run_id=110202&search_id=114132&scans_id=110198&peptide_id=35500&scanf=43051&charge=2&value=0,R.EWGPIFNILK.E,/core/www/modules/show_out/show_out_wrapper.php?run_id=110202&search_id=114132&scans_id=110198&peptide_id=35500&scanf=43051&charge=2&value=R.EWGPIFNILK.E,L1RE1,2.616e+6,2.600,0.015,1.820,0.000
43054,3,"  3.143","  0.570",15/76,/core/www/modules//sdig/index.php?run_id=110202&search_id=114132&scans_id=110198&peptide_id=35503&scanf=43054&charge=3&value=15/76,sp|Q9Y4W2|LAS1L_HUMAN,/core/www/modules//consensus/?run_id=110202&search_id=114132&scans_id=110198&peptide_id=35503&scanf=43054&charge=3&value=sp|Q9Y4W2|LAS1L_HUMAN,6,/core/www/modules/match_peptides/blast_html4.php?run_id=110202&search_id=114132&scans_id=110198&peptide_id=35503&scanf=43054&charge=3&value=6,R.MLSELPALGISGIRPTYILR.W,/core/www/modules/show_out/show_out_wrapper.php?run_id=110202&search_id=114132&scans_id=110198&peptide_id=35503&scanf=43054&charge=3&value=R.MLSELPALGISGIRPTYILR.W,LAS1L,6.008e+6,3.040,0.003,2.468,0.000
43057,2,"  5.018","  0.766",19/32,/core/www/modules//sdig/index.php?run_id=110202&search_id=114132&scans_id=110198&peptide_id=35506&scanf=43057&charge=2&value=19/32,sp|Q5JTH9|RRP12_HUMAN,/core/www/modules//consensus/?run_id=110202&search_id=114132&scans_id=110198&peptide_id=35506&scanf=43057&charge=2&value=sp|Q5JTH9|RRP12_HUMAN,0,/core/www/modules/match_peptides/blast_html4.php?run_id=110202&search_id=114132&scans_id=110198&peptide_id=35506&scanf=43057&charge=2&value=0,R.TYLTITDTQLVNSLLEK.A,/core/www/modules/show_out/show_out_wrapper.php?run_id=110202&search_id=114132&scans_id=110198&peptide_id=35506&scanf=43057&charge=2&value=R.TYLTITDTQLVNSLLEK.A,RRP12,6.559e+6,4.029,0.000,3.932,0.000
43058,2,"  2.916","  0.621",14/18,/core/www/modules//sdig/index.php?run_id=110202&search_id=114132&scans_id=110198&peptide_id=35507&scanf=43058&charge=2&value=14/18,sp|Q9HAV4|XPO5_HUMAN,/core/www/modules//consensus/?run_id=110202&search_id=114132&scans_id=110198&peptide_id=35507&scanf=43058&charge=2&value=sp|Q9HAV4|XPO5_HUMAN,1,/core/www/modules/match_peptides/blast_html4.php?run_id=110202&search_id=114132&scans_id=110198&peptide_id=35507&scanf=43058&charge=2&value=1,R.DPLLLAIIPK.Y,/core/www/modules/show_out/show_out_wrapper.php?run_id=110202&search_id=114132&scans_id=110198&peptide_id=35507&scanf=43058&charge=2&value=R.DPLLLAIIPK.Y,XPO5,1.564e+7,3.931,0.000,3.787,0.000
43067,2,"  3.467","  0.576",13/28,/core/www/modules//sdig/index.php?run_id=110202&search_id=114132&scans_id=110198&peptide_id=35517&scanf=43067&charge=2&value=13/28,sp|Q9H7B2|RPF2_HUMAN,/core/www/modules//consensus/?run_id=110202&search_id=114132&scans_id=110198&peptide_id=35517&scanf=43067&charge=2&value=sp|Q9H7B2|RPF2_HUMAN,1,/core/www/modules/match_peptides/blast_html4.php?run_id=110202&search_id=114132&scans_id=110198&peptide_id=35517&scanf=43067&charge=2&value=1,R.IELEEMGPSLDLVLR.R,/core/www/modules/show_out/show_out_wrapper.php?run_id=110202&search_id=114132&scans_id=110198&peptide_id=35517&scanf=43067&charge=2&value=R.IELEEMGPSLDLVLR.R,RPF2,1.407e+7,3.130,0.003,2.601,0.000
43068,3,"  4.202","  0.642",18/68,/core/www/modules//sdig/index.php?run_id=110202&search_id=114132&scans_id=110198&peptide_id=35518&scanf=43068&charge=3&value=18/68,sp|Q7Z4H8|PLGT3_HUMAN,/core/www/modules//consensus/?run_id=110202&search_id=114132&scans_id=110198&peptide_id=35518&scanf=43068&charge=3&value=sp|Q7Z4H8|PLGT3_HUMAN,0,/core/www/modules/match_peptides/blast_html4.php?run_id=110202&search_id=114132&scans_id=110198&peptide_id=35518&scanf=43068&charge=3&value=0,R.DVVLPTYDITHSMLEAMR.G,/core/www/modules/show_out/show_out_wrapper.php?run_id=110202&search_id=114132&scans_id=110198&peptide_id=35518&scanf=43068&charge=3&value=R.DVVLPTYDITHSMLEAMR.G,POGLUT3,1.110e+6,3.444,0.001,3.064,0.000
43071,2,"  3.404","  0.529",15/24,/core/www/modules//sdig/index.php?run_id=110202&search_id=114132&scans_id=110198&peptide_id=35521&scanf=43071&charge=2&value=15/24,sp|Q99575|POP1_HUMAN,/core/www/modules//consensus/?run_id=110202&search_id=114132&scans_id=110198&peptide_id=35521&scanf=43071&charge=2&value=sp|Q99575|POP1_HUMAN,0,/core/www/modules/match_peptides/blast_html4.php?run_id=110202&search_id=114132&scans_id=110198&peptide_id=35521&scanf=43071&charge=2&value=0,R.LGWGSGWDVLLPK.G,/core/www/modules/show_out/show_out_wrapper.php?run_id=110202&search_id=114132&scans_id=110198&peptide_id=35521&scanf=43071&charge=2&value=R.LGWGSGWDVLLPK.G,POP1,7.771e+6,3.348,0.001,2.923,0.000
43074,2,"  1.542","  0.491",8/14,/core/www/modules//sdig/index.php?run_id=110202&search_id=114132&scans_id=110198&peptide_id=35524&scanf=43074&charge=2&value=8/14,sp|O43175|SERA_HUMAN,/core/www/modules//consensus/?run_id=110202&search_id=114132&scans_id=110198&peptide_id=35524&scanf=43074&charge=2&value=sp|O43175|SERA_HUMAN,3,/core/www/modules/match_peptides/blast_html4.php?run_id=110202&search_id=114132&scans_id=110198&peptide_id=35524&scanf=43074&charge=2&value=3,R.DLPLLLFR.T,/core/www/modules/show_out/show_out_wrapper.php?run_id=110202&search_id=114132&scans_id=110198&peptide_id=35524&scanf=43074&charge=2&value=R.DLPLLLFR.T,PHGDH,2.012e+6,3.161,0.002,2.645,0.000
43079,2,"  2.303","  0.534",10/20,/core/www/modules//sdig/index.php?run_id=110202&search_id=114132&scans_id=110198&peptide_id=35529&scanf=43079&charge=2&value=10/20,sp|Q9UHB9|SRP68_HUMAN,/core/www/modules//consensus/?run_id=110202&search_id=114132&scans_id=110198&peptide_id=35529&scanf=43079&charge=2&value=sp|Q9UHB9|SRP68_HUMAN,0,/core/www/modules/match_peptides/blast_html4.php?run_id=110202&search_id=114132&scans_id=110198&peptide_id=35529&scanf=43079&charge=2&value=0,R.YLLLVLMDAER.A,/core/www/modules/show_out/show_out_wrapper.php?run_id=110202&search_id=114132&scans_id=110198&peptide_id=35529&scanf=43079&charge=2&value=R.YLLLVLMDAER.A,SRP68,8.173e+5,3.078,0.003,2.523,0.000
43081,2,"  2.171","  0.309",10/16,/core/www/modules//sdig/index.php?run_id=110202&search_id=114132&scans_id=110198&peptide_id=35532&scanf=43081&charge=2&value=10/16,sp|P62318|SMD3_HUMAN,/core/www/modules//consensus/?run_id=110202&search_id=114132&scans_id=110198&peptide_id=35532&scanf=43081&charge=2&value=sp|P62318|SMD3_HUMAN,0,/core/www/modules/match_peptides/blast_html4.php?run_id=110202&search_id=114132&scans_id=110198&peptide_id=35532&scanf=43081&charge=2&value=0,R.FLILPDMLK.N,/core/www/modules/show_out/show_out_wrapper.php?run_id=110202&search_id=114132&scans_id=110198&peptide_id=35532&scanf=43081&charge=2&value=R.FLILPDMLK.N,SNRPD3,5.555e+7,2.685,0.011,1.944,0.000
43087,2,"  3.060","  0.649",13/24,/core/www/modules//sdig/index.php?run_id=110202&search_id=114132&scans_id=110198&peptide_id=35538&scanf=43087&charge=2&value=13/24,sp|Q9NZ08|ERAP1_HUMAN,/core/www/modules//consensus/?run_id=110202&search_id=114132&scans_id=110198&peptide_id=35538&scanf=43087&charge=2&value=sp|Q9NZ08|ERAP1_HUMAN,1,/core/www/modules/match_peptides/blast_html4.php?run_id=110202&search_id=114132&scans_id=110198&peptide_id=35538&scanf=43087&charge=2&value=1,K.TQEFPQILTLIGR.N,/core/www/modules/show_out/show_out_wrapper.php?run_id=110202&search_id=114132&scans_id=110198&peptide_id=35538&scanf=43087&charge=2&value=K.TQEFPQILTLIGR.N,ERAP1,1.721e+6,3.549,0.001,3.220,0.000
43093,3,"  5.046","  0.537",17/68,/core/www/modules//sdig/index.php?run_id=110202&search_id=114132&scans_id=110198&peptide_id=35543&scanf=43093&charge=3&value=17/68,sp|Q8N201|INT1_HUMAN,/core/www/modules//consensus/?run_id=110202&search_id=114132&scans_id=110198&peptide_id=35543&scanf=43093&charge=3&value=sp|Q8N201|INT1_HUMAN,0,/core/www/modules/match_peptides/blast_html4.php?run_id=110202&search_id=114132&scans_id=110198&peptide_id=35543&scanf=43093&charge=3&value=0,R.ELPLGPADAMELADHLVK.R,/core/www/modules/show_out/show_out_wrapper.php?run_id=110202&search_id=114132&scans_id=110198&peptide_id=35543&scanf=43093&charge=3&value=R.ELPLGPADAMELADHLVK.R,INTS1,3.654e+7,3.208,0.002,2.716,0.000
43094,3,"  3.635","  0.610",12/60,/core/www/modules//sdig/index.php?run_id=110202&search_id=114132&scans_id=110198&peptide_id=35544&scanf=43094&charge=3&value=12/60,sp|O95602|RPA1_HUMAN,/core/www/modules//consensus/?run_id=110202&search_id=114132&scans_id=110198&peptide_id=35544&scanf=43094&charge=3&value=sp|O95602|RPA1_HUMAN,1,/core/www/modules/match_peptides/blast_html4.php?run_id=110202&search_id=114132&scans_id=110198&peptide_id=35544&scanf=43094&charge=3&value=1,K.LLSPSILKPFPLWTGK.Q,/core/www/modules/show_out/show_out_wrapper.php?run_id=110202&search_id=114132&scans_id=110198&peptide_id=35544&scanf=43094&charge=3&value=K.LLSPSILKPFPLWTGK.Q,POLR1A,3.765e+6,3.276,0.002,2.817,0.000
43098,2,"  2.955","  0.520",12/24,/core/www/modules//sdig/index.php?run_id=110202&search_id=114132&scans_id=110198&peptide_id=35548&scanf=43098&charge=2&value=12/24,sp|Q13472|TOP3A_HUMAN,/core/www/modules//consensus/?run_id=110202&search_id=114132&scans_id=110198&peptide_id=35548&scanf=43098&charge=2&value=sp|Q13472|TOP3A_HUMAN,1,/core/www/modules/match_peptides/blast_html4.php?run_id=110202&search_id=114132&scans_id=110198&peptide_id=35548&scanf=43098&charge=2&value=1,K.LLTEADLIALMEK.H,/core/www/modules/show_out/show_out_wrapper.php?run_id=110202&search_id=114132&scans_id=110198&peptide_id=35548&scanf=43098&charge=2&value=K.LLTEADLIALMEK.H,TOP3A,1.489e+6,2.879,0.006,2.229,0.000
43101,3,"  3.896","  0.370",16/52,/core/www/modules//sdig/index.php?run_id=110202&search_id=114132&scans_id=110198&peptide_id=35552&scanf=43101&charge=3&value=16/52,sp|O60306|AQR_HUMAN,/core/www/modules//consensus/?run_id=110202&search_id=114132&scans_id=110198&peptide_id=35552&scanf=43101&charge=3&value=sp|O60306|AQR_HUMAN,1,/core/www/modules/match_peptides/blast_html4.php?run_id=110202&search_id=114132&scans_id=110198&peptide_id=35552&scanf=43101&charge=3&value=1,K.LNLQFLTLHDYLLR.N,/core/www/modules/show_out/show_out_wrapper.php?run_id=110202&search_id=114132&scans_id=110198&peptide_id=35552&scanf=43101&charge=3&value=K.LNLQFLTLHDYLLR.N,AQR,1.003e+6,2.782,0.008,2.087,0.000
43105,2,"  3.146","  0.568",13/28,/core/www/modules//sdig/index.php?run_id=110202&search_id=114132&scans_id=110198&peptide_id=35556&scanf=43105&charge=2&value=13/28,sp|Q13330|MTA1_HUMAN,/core/www/modules//consensus/?run_id=110202&search_id=114132&scans_id=110198&peptide_id=35556&scanf=43105&charge=2&value=sp|Q13330|MTA1_HUMAN,1,/core/www/modules/match_peptides/blast_html4.php?run_id=110202&search_id=114132&scans_id=110198&peptide_id=35556&scanf=43105&charge=2&value=1,R.EDFFFYSLVYDPQQK.T,/core/www/modules/show_out/show_out_wrapper.php?run_id=110202&search_id=114132&scans_id=110198&peptide_id=35556&scanf=43105&charge=2&value=R.EDFFFYSLVYDPQQK.T,MTA1,1.013e+6,3.069,0.003,2.510,0.000
43106,3,"  2.607","  0.287",8/80,/core/www/modules//sdig/index.php?run_id=110202&search_id=114132&scans_id=110198&peptide_id=35557&scanf=43106&charge=3&value=8/80,sp|P60709|ACTB_HUMAN,/core/www/modules//consensus/?run_id=110202&search_id=114132&scans_id=110198&peptide_id=35557&scanf=43106&charge=3&value=sp|P60709|ACTB_HUMAN,6,/core/www/modules/match_peptides/blast_html4.php?run_id=110202&search_id=114132&scans_id=110198&peptide_id=35557&scanf=43106&charge=3&value=6,K.DLYANTVLSGGTTMYPGIADR.M,/core/www/modules/show_out/show_out_wrapper.php?run_id=110202&search_id=114132&scans_id=110198&peptide_id=35557&scanf=43106&charge=3&value=K.DLYANTVLSGGTTMYPGIADR.M,ACTB,4.901e+5,2.387,0.031,1.511,0.001
43108,3,"  4.288","  0.560",21/72,/core/www/modules//sdig/index.php?run_id=110202&search_id=114132&scans_id=110198&peptide_id=35559&scanf=43108&charge=3&value=21/72,sp|Q6ZMI0|PPR21_HUMAN,/core/www/modules//consensus/?run_id=110202&search_id=114132&scans_id=110198&peptide_id=35559&scanf=43108&charge=3&value=sp|Q6ZMI0|PPR21_HUMAN,0,/core/www/modules/match_peptides/blast_html4.php?run_id=110202&search_id=114132&scans_id=110198&peptide_id=35559&scanf=43108&charge=3&value=0,R.IQIFPVDSAIDTISPLNQK.F,/core/www/modules/show_out/show_out_wrapper.php?run_id=110202&search_id=114132&scans_id=110198&peptide_id=35559&scanf=43108&charge=3&value=R.IQIFPVDSAIDTISPLNQK.F,PPP1R21,1.074e+6,3.218,0.002,2.731,0.000
43116,3,"  4.771","  0.634",26/124,/core/www/modules//sdig/index.php?run_id=110202&search_id=114132&scans_id=110198&peptide_id=35567&scanf=43116&charge=3&value=26/124,sp|P42166|LAP2A_HUMAN,/core/www/modules//consensus/?run_id=110202&search_id=114132&scans_id=110198&peptide_id=35567&scanf=43116&charge=3&value=sp|P42166|LAP2A_HUMAN,0,/core/www/modules/match_peptides/blast_html4.php?run_id=110202&search_id=114132&scans_id=110198&peptide_id=35567&scanf=43116&charge=3&value=0,R.DYVNSLLVQGGVGSLPGTSNSMPPLDVENIQK.R,/core/www/modules/show_out/show_out_wrapper.php?run_id=110202&search_id=114132&scans_id=110198&peptide_id=35567&scanf=43116&charge=3&value=R.DYVNSLLVQGGVGSLPGTSNSMPPLDVENIQK.R,TMPO,1.490e+6,2.948,0.005,2.331,0.000
43122,2,"  3.284","  0.607",13/28,/core/www/modules//sdig/index.php?run_id=110202&search_id=114132&scans_id=110198&peptide_id=35574&scanf=43122&charge=2&value=13/28,sp|P38646|GRP75_HUMAN,/core/www/modules//consensus/?run_id=110202&search_id=114132&scans_id=110198&peptide_id=35574&scanf=43122&charge=2&value=sp|P38646|GRP75_HUMAN,6,/core/www/modules/match_peptides/blast_html4.php?run_id=110202&search_id=114132&scans_id=110198&peptide_id=35574&scanf=43122&charge=2&value=6,K.LLGQFTLIGIPPAPR.G,/core/www/modules/show_out/show_out_wrapper.php?run_id=110202&search_id=114132&scans_id=110198&peptide_id=35574&scanf=43122&charge=2&value=K.LLGQFTLIGIPPAPR.G,HSPA9,4.424e+6,3.312,0.001,2.870,0.000
43126,2,"  4.248","  0.695",20/36,/core/www/modules//sdig/index.php?run_id=110202&search_id=114132&scans_id=110198&peptide_id=35578&scanf=43126&charge=2&value=20/36,sp|Q6PIJ6|FBX38_HUMAN,/core/www/modules//consensus/?run_id=110202&search_id=114132&scans_id=110198&peptide_id=35578&scanf=43126&charge=2&value=sp|Q6PIJ6|FBX38_HUMAN,0,/core/www/modules/match_peptides/blast_html4.php?run_id=110202&search_id=114132&scans_id=110198&peptide_id=35578&scanf=43126&charge=2&value=0,K.YGLADVVENPGIITDIGMK.A,/core/www/modules/show_out/show_out_wrapper.php?run_id=110202&search_id=114132&scans_id=110198&peptide_id=35578&scanf=43126&charge=2&value=K.YGLADVVENPGIITDIGMK.A,FBXO38,8.119e+5,3.614,0.000,3.316,0.000
43129,3,"  5.271","  0.710",20/92,/core/www/modules//sdig/index.php?run_id=110202&search_id=114132&scans_id=110198&peptide_id=35581&scanf=43129&charge=3&value=20/92,sp|P43246|MSH2_HUMAN,/core/www/modules//consensus/?run_id=110202&search_id=114132&scans_id=110198&peptide_id=35581&scanf=43129&charge=3&value=sp|P43246|MSH2_HUMAN,5,/core/www/modules/match_peptides/blast_html4.php?run_id=110202&search_id=114132&scans_id=110198&peptide_id=35581&scanf=43129&charge=3&value=5,R.ALNLFQGSVEDTTGSQSLAALLNK.C,/core/www/modules/show_out/show_out_wrapper.php?run_id=110202&search_id=114132&scans_id=110198&peptide_id=35581&scanf=43129&charge=3&value=R.ALNLFQGSVEDTTGSQSLAALLNK.C,MSH2,5.874e+6,3.457,0.001,3.084,0.000
43135,3,"  2.921","  0.137",17/56,/core/www/modules//sdig/index.php?run_id=110202&search_id=114132&scans_id=110198&peptide_id=35587&scanf=43135&charge=3&value=17/56,sp|O60814|H2B1K_HUMAN,/core/www/modules//consensus/?run_id=110202&search_id=114132&scans_id=110198&peptide_id=35587&scanf=43135&charge=3&value=sp|O60814|H2B1K_HUMAN,14,/core/www/modules/match_peptides/blast_html4.php?run_id=110202&search_id=114132&scans_id=110198&peptide_id=35587&scanf=43135&charge=3&value=14,K.AM*GIMNSFVNDIFER.I,/core/www/modules/show_out/show_out_wrapper.php?run_id=110202&search_id=114132&scans_id=110198&peptide_id=35587&scanf=43135&charge=3&value=K.AM*GIMNSFVNDIFER.I,H2BC12,2.856e+7,3.155,0.002,2.638,0.000
43137,3,"  3.718","  0.531",11/76,/core/www/modules//sdig/index.php?run_id=110202&search_id=114132&scans_id=110198&peptide_id=35589&scanf=43137&charge=3&value=11/76,sp|Q6P2Q9|PRP8_HUMAN,/core/www/modules//consensus/?run_id=110202&search_id=114132&scans_id=110198&peptide_id=35589&scanf=43137&charge=3&value=sp|Q6P2Q9|PRP8_HUMAN,1,/core/www/modules/match_peptides/blast_html4.php?run_id=110202&search_id=114132&scans_id=110198&peptide_id=35589&scanf=43137&charge=3&value=1,R.LFPPWIKPADTEPPPLLVYK.W,/core/www/modules/show_out/show_out_wrapper.php?run_id=110202&search_id=114132&scans_id=110198&peptide_id=35589&scanf=43137&charge=3&value=R.LFPPWIKPADTEPPPLLVYK.W,PRPF8,1.463e+7,3.156,0.002,2.639,0.000
43139,3,"  3.648","  0.608",17/96,/core/www/modules//sdig/index.php?run_id=110202&search_id=114132&scans_id=110198&peptide_id=35591&scanf=43139&charge=3&value=17/96,sp|P61978|HNRPK_HUMAN,/core/www/modules//consensus/?run_id=110202&search_id=114132&scans_id=110198&peptide_id=35591&scanf=43139&charge=3&value=sp|P61978|HNRPK_HUMAN,1,/core/www/modules/match_peptides/blast_html4.php?run_id=110202&search_id=114132&scans_id=110198&peptide_id=35591&scanf=43139&charge=3&value=1,R.AQPYDPNFYDETYDYGGFTMMFDDR.R,/core/www/modules/show_out/show_out_wrapper.php?run_id=110202&search_id=114132&scans_id=110198&peptide_id=35591&scanf=43139&charge=3&value=R.AQPYDPNFYDETYDYGGFTMMFDDR.R,HNRNPK,5.893e+5,3.194,0.002,2.695,0.000
43141,2,"  4.187","  0.696",14/32,/core/www/modules//sdig/index.php?run_id=110202&search_id=114132&scans_id=110198&peptide_id=35594&scanf=43141&charge=2&value=14/32,sp|P55795|HNRH2_HUMAN,/core/www/modules//consensus/?run_id=110202&search_id=114132&scans_id=110198&peptide_id=35594&scanf=43141&charge=2&value=sp|P55795|HNRH2_HUMAN,0,/core/www/modules/match_peptides/blast_html4.php?run_id=110202&search_id=114132&scans_id=110198&peptide_id=35594&scanf=43141&charge=2&value=0,R.ATENDIYNFFSPLNPMR.V,/core/www/modules/show_out/show_out_wrapper.php?run_id=110202&search_id=114132&scans_id=110198&peptide_id=35594&scanf=43141&charge=2&value=R.ATENDIYNFFSPLNPMR.V,HNRNPH2,8.493e+6,3.145,0.002,2.622,0.000
43143,3,"  3.706","  0.577",14/68,/core/www/modules//sdig/index.php?run_id=110202&search_id=114132&scans_id=110198&peptide_id=35596&scanf=43143&charge=3&value=14/68,sp|P61011|SRP54_HUMAN,/core/www/modules//consensus/?run_id=110202&search_id=114132&scans_id=110198&peptide_id=35596&scanf=43143&charge=3&value=sp|P61011|SRP54_HUMAN,7,/core/www/modules/match_peptides/blast_html4.php?run_id=110202&search_id=114132&scans_id=110198&peptide_id=35596&scanf=43143&charge=3&value=7,R.SLSNATIINEEVLNAMLK.E,/core/www/modules/show_out/show_out_wrapper.php?run_id=110202&search_id=114132&scans_id=110198&peptide_id=35596&scanf=43143&charge=3&value=R.SLSNATIINEEVLNAMLK.E,SRP54,2.485e+6,3.076,0.003,2.520,0.000
43144,2,"  1.818","  0.345",9/24,/core/www/modules//sdig/index.php?run_id=110202&search_id=114132&scans_id=110198&peptide_id=35597&scanf=43144&charge=2&value=9/24,sp|Q8IVF7|FMNL3_HUMAN,/core/www/modules//consensus/?run_id=110202&search_id=114132&scans_id=110198&peptide_id=35597&scanf=43144&charge=2&value=sp|Q8IVF7|FMNL3_HUMAN,3,/core/www/modules/match_peptides/blast_html4.php?run_id=110202&search_id=114132&scans_id=110198&peptide_id=35597&scanf=43144&charge=2&value=3,K.TTPPSVFFPVFVR.F,/core/www/modules/show_out/show_out_wrapper.php?run_id=110202&search_id=114132&scans_id=110198&peptide_id=35597&scanf=43144&charge=2&value=K.TTPPSVFFPVFVR.F,FMNL3,1.538e+6,2.149,0.067,1.175,0.002
43145,4,"  4.493","  0.575",17/150,/core/www/modules//sdig/index.php?run_id=110202&search_id=114132&scans_id=110198&peptide_id=35598&scanf=43145&charge=4&value=17/150,sp|Q12996|CSTF3_HUMAN,/core/www/modules//consensus/?run_id=110202&search_id=114132&scans_id=110198&peptide_id=35598&scanf=43145&charge=4&value=sp|Q12996|CSTF3_HUMAN,1,/core/www/modules/match_peptides/blast_html4.php?run_id=110202&search_id=114132&scans_id=110198&peptide_id=35598&scanf=43145&charge=4&value=1,R.HLAPPGLHPVPGGVFPVPPAAVVLMK.L,/core/www/modules/show_out/show_out_wrapper.php?run_id=110202&search_id=114132&scans_id=110198&peptide_id=35598&scanf=43145&charge=4&value=R.HLAPPGLHPVPGGVFPVPPAAVVLMK.L,CSTF3,7.905e+6,3.220,0.002,2.734,0.000
43147,3,"  3.110","  0.566",16/52,/core/www/modules//sdig/index.php?run_id=110202&search_id=114132&scans_id=110198&peptide_id=35600&scanf=43147&charge=3&value=16/52,sp|Q14188|TFDP2_HUMAN,/core/www/modules//consensus/?run_id=110202&search_id=114132&scans_id=110198&peptide_id=35600&scanf=43147&charge=3&value=sp|Q14188|TFDP2_HUMAN,3,/core/www/modules/match_peptides/blast_html4.php?run_id=110202&search_id=114132&scans_id=110198&peptide_id=35600&scanf=43147&charge=3&value=3,R.AQLQELLLQQIAFK.N,/core/www/modules/show_out/show_out_wrapper.php?run_id=110202&search_id=114132&scans_id=110198&peptide_id=35600&scanf=43147&charge=3&value=R.AQLQELLLQQIAFK.N,TFDP2,9.270e+5,3.362,0.001,2.943,0.000
43148,2,"  1.851","  0.407",10/16,/core/www/modules//sdig/index.php?run_id=110202&search_id=114132&scans_id=110198&peptide_id=35601&scanf=43148&charge=2&value=10/16,sp|P62318|SMD3_HUMAN,/core/www/modules//consensus/?run_id=110202&search_id=114132&scans_id=110198&peptide_id=35601&scanf=43148&charge=2&value=sp|P62318|SMD3_HUMAN,0,/core/www/modules/match_peptides/blast_html4.php?run_id=110202&search_id=114132&scans_id=110198&peptide_id=35601&scanf=43148&charge=2&value=0,R.FLILPDMLK.N,/core/www/modules/show_out/show_out_wrapper.php?run_id=110202&search_id=114132&scans_id=110198&peptide_id=35601&scanf=43148&charge=2&value=R.FLILPDMLK.N,SNRPD3,5.555e+7,2.997,0.004,2.403,0.000
43159,3,"  5.188","  0.592",16/80,/core/www/modules//sdig/index.php?run_id=110202&search_id=114132&scans_id=110198&peptide_id=35612&scanf=43159&charge=3&value=16/80,sp|P33121|ACSL1_HUMAN,/core/www/modules//consensus/?run_id=110202&search_id=114132&scans_id=110198&peptide_id=35612&scanf=43159&charge=3&value=sp|P33121|ACSL1_HUMAN,3,/core/www/modules/match_peptides/blast_html4.php?run_id=110202&search_id=114132&scans_id=110198&peptide_id=35612&scanf=43159&charge=3&value=3,K.GITLHPELFSIDNGLLTPTMK.A,/core/www/modules/show_out/show_out_wrapper.php?run_id=110202&search_id=114132&scans_id=110198&peptide_id=35612&scanf=43159&charge=3&value=K.GITLHPELFSIDNGLLTPTMK.A,ACSL1,1.063e+6,3.186,0.002,2.683,0.000
43162,3,"  6.822","  0.704",26/76,/core/www/modules//sdig/index.php?run_id=110202&search_id=114132&scans_id=110198&peptide_id=35616&scanf=43162&charge=3&value=26/76,sp|O75643|U520_HUMAN,/core/www/modules//consensus/?run_id=110202&search_id=114132&scans_id=110198&peptide_id=35616&scanf=43162&charge=3&value=sp|O75643|U520_HUMAN,1,/core/www/modules/match_peptides/blast_html4.php?run_id=110202&search_id=114132&scans_id=110198&peptide_id=35616&scanf=43162&charge=3&value=1,R.QVLDLEDLVFTQGSHFMANK.R,/core/www/modules/show_out/show_out_wrapper.php?run_id=110202&search_id=114132&scans_id=110198&peptide_id=35616&scanf=43162&charge=3&value=R.QVLDLEDLVFTQGSHFMANK.R,SNRNP200,1.631e+7,4.117,0.000,4.062,0.000
43164,2,"  2.663","  0.494",12/18,/core/www/modules//sdig/index.php?run_id=110202&search_id=114132&scans_id=110198&peptide_id=35618&scanf=43164&charge=2&value=12/18,sp|Q96SY0|INT14_HUMAN,/core/www/modules//consensus/?run_id=110202&search_id=114132&scans_id=110198&peptide_id=35618&scanf=43164&charge=2&value=sp|Q96SY0|INT14_HUMAN,3,/core/www/modules/match_peptides/blast_html4.php?run_id=110202&search_id=114132&scans_id=110198&peptide_id=35618&scanf=43164&charge=2&value=3,R.FPLPFPFPSK.L,/core/www/modules/show_out/show_out_wrapper.php?run_id=110202&search_id=114132&scans_id=110198&peptide_id=35618&scanf=43164&charge=2&value=R.FPLPFPFPSK.L,INTS14,2.292e+6,3.295,0.001,2.845,0.000
43167,3,"  2.986","  0.543",16/76,/core/www/modules//sdig/index.php?run_id=110202&search_id=114132&scans_id=110198&peptide_id=35621&scanf=43167&charge=3&value=16/76,sp|Q9Y2R4|DDX52_HUMAN,/core/www/modules//consensus/?run_id=110202&search_id=114132&scans_id=110198&peptide_id=35621&scanf=43167&charge=3&value=sp|Q9Y2R4|DDX52_HUMAN,0,/core/www/modules/match_peptides/blast_html4.php?run_id=110202&search_id=114132&scans_id=110198&peptide_id=35621&scanf=43167&charge=3&value=0,R.NSAVETVEQELLFVGSETGK.L,/core/www/modules/show_out/show_out_wrapper.php?run_id=110202&search_id=114132&scans_id=110198&peptide_id=35621&scanf=43167&charge=3&value=R.NSAVETVEQELLFVGSETGK.L,DDX52,1.375e+7,2.950,0.005,2.334,0.000
43168,3,"  4.446","  0.521",16/56,/core/www/modules//sdig/index.php?run_id=110202&search_id=114132&scans_id=110198&peptide_id=35622&scanf=43168&charge=3&value=16/56,sp|Q14839|CHD4_HUMAN,/core/www/modules//consensus/?run_id=110202&search_id=114132&scans_id=110198&peptide_id=35622&scanf=43168&charge=3&value=sp|Q14839|CHD4_HUMAN,19,/core/www/modules/match_peptides/blast_html4.php?run_id=110202&search_id=114132&scans_id=110198&peptide_id=35622&scanf=43168&charge=3&value=19,K.M*LDLLEDFLEHEGYK.Y,/core/www/modules/show_out/show_out_wrapper.php?run_id=110202&search_id=114132&scans_id=110198&peptide_id=35622&scanf=43168&charge=3&value=K.M*LDLLEDFLEHEGYK.Y,CHD4,2.671e+6,3.379,0.001,2.968,0.000
43170,2,"  3.279","  0.489",13/22,/core/www/modules//sdig/index.php?run_id=110202&search_id=114132&scans_id=110198&peptide_id=35625&scanf=43170&charge=2&value=13/22,sp|Q92616|GCN1_HUMAN,/core/www/modules//consensus/?run_id=110202&search_id=114132&scans_id=110198&peptide_id=35625&scanf=43170&charge=2&value=sp|Q92616|GCN1_HUMAN,0,/core/www/modules/match_peptides/blast_html4.php?run_id=110202&search_id=114132&scans_id=110198&peptide_id=35625&scanf=43170&charge=2&value=0,K.LSSFWQLIVDEK.K,/core/www/modules/show_out/show_out_wrapper.php?run_id=110202&search_id=114132&scans_id=110198&peptide_id=35625&scanf=43170&charge=2&value=K.LSSFWQLIVDEK.K,GCN1,2.239e+6,3.327,0.001,2.892,0.000
43173,3,"  2.807","  0.532",17/88,/core/www/modules//sdig/index.php?run_id=110202&search_id=114132&scans_id=110198&peptide_id=35628&scanf=43173&charge=3&value=17/88,sp|Q96D53|COQ8B_HUMAN,/core/www/modules//consensus/?run_id=110202&search_id=114132&scans_id=110198&peptide_id=35628&scanf=43173&charge=3&value=sp|Q96D53|COQ8B_HUMAN,6,/core/www/modules/match_peptides/blast_html4.php?run_id=110202&search_id=114132&scans_id=110198&peptide_id=35628&scanf=43173&charge=3&value=6,K.VGQMLSIQDNSFISPQLQHIFER.V,/core/www/modules/show_out/show_out_wrapper.php?run_id=110202&search_id=114132&scans_id=110198&peptide_id=35628&scanf=43173&charge=3&value=K.VGQMLSIQDNSFISPQLQHIFER.V,COQ8B,9.240e+5,2.745,0.009,2.032,0.000
43176,3,"  5.720","  0.667",24/64,/core/www/modules//sdig/index.php?run_id=110202&search_id=114132&scans_id=110198&peptide_id=35630&scanf=43176&charge=3&value=24/64,sp|Q08211|DHX9_HUMAN,/core/www/modules//consensus/?run_id=110202&search_id=114132&scans_id=110198&peptide_id=35630&scanf=43176&charge=3&value=sp|Q08211|DHX9_HUMAN,0,/core/www/modules/match_peptides/blast_html4.php?run_id=110202&search_id=114132&scans_id=110198&peptide_id=35630&scanf=43176&charge=3&value=0,K.TTQVPQFILDDFIQNDR.A,/core/www/modules/show_out/show_out_wrapper.php?run_id=110202&search_id=114132&scans_id=110198&peptide_id=35630&scanf=43176&charge=3&value=K.TTQVPQFILDDFIQNDR.A,DHX9,9.275e+7,4.157,0.000,4.123,0.000
43178,3,"  5.198","  0.603",24/76,/core/www/modules//sdig/index.php?run_id=110202&search_id=114132&scans_id=110198&peptide_id=35632&scanf=43178&charge=3&value=24/76,sp|Q9Y305|ACOT9_HUMAN,/core/www/modules//consensus/?run_id=110202&search_id=114132&scans_id=110198&peptide_id=35632&scanf=43178&charge=3&value=sp|Q9Y305|ACOT9_HUMAN,1,/core/www/modules/match_peptides/blast_html4.php?run_id=110202&search_id=114132&scans_id=110198&peptide_id=35632&scanf=43178&charge=3&value=1,K.GPAFVNPLIPESPEEEELFR.Q,/core/www/modules/show_out/show_out_wrapper.php?run_id=110202&search_id=114132&scans_id=110198&peptide_id=35632&scanf=43178&charge=3&value=K.GPAFVNPLIPESPEEEELFR.Q,ACOT9,2.730e+6,3.306,0.001,2.861,0.000
43179,2,"  4.570","  0.642",16/28,/core/www/modules//sdig/index.php?run_id=110202&search_id=114132&scans_id=110198&peptide_id=35633&scanf=43179&charge=2&value=16/28,sp|Q6PD62|CTR9_HUMAN,/core/www/modules//consensus/?run_id=110202&search_id=114132&scans_id=110198&peptide_id=35633&scanf=43179&charge=2&value=sp|Q6PD62|CTR9_HUMAN,1,/core/www/modules/match_peptides/blast_html4.php?run_id=110202&search_id=114132&scans_id=110198&peptide_id=35633&scanf=43179&charge=2&value=1,K.DLITQATLLYTMADK.I,/core/www/modules/show_out/show_out_wrapper.php?run_id=110202&search_id=114132&scans_id=110198&peptide_id=35633&scanf=43179&charge=2&value=K.DLITQATLLYTMADK.I,CTR9,3.095e+6,3.549,0.001,3.221,0.000
43183,2,"  2.991","  0.557",12/26,/core/www/modules//sdig/index.php?run_id=110202&search_id=114132&scans_id=110198&peptide_id=35638&scanf=43183&charge=2&value=12/26,sp|P08670|VIME_HUMAN,/core/www/modules//consensus/?run_id=110202&search_id=114132&scans_id=110198&peptide_id=35638&scanf=43183&charge=2&value=sp|P08670|VIME_HUMAN,1,/core/www/modules/match_peptides/blast_html4.php?run_id=110202&search_id=114132&scans_id=110198&peptide_id=35638&scanf=43183&charge=2&value=1,R.ISLPLPNFSSLNLR.E,/core/www/modules/show_out/show_out_wrapper.php?run_id=110202&search_id=114132&scans_id=110198&peptide_id=35638&scanf=43183&charge=2&value=R.ISLPLPNFSSLNLR.E,VIM,1.589e+6,3.598,0.001,3.293,0.000
43187,2,"  4.756","  0.703",17/28,/core/www/modules//sdig/index.php?run_id=110202&search_id=114132&scans_id=110198&peptide_id=35642&scanf=43187&charge=2&value=17/28,sp|Q9BSJ8|ESYT1_HUMAN,/core/www/modules//consensus/?run_id=110202&search_id=114132&scans_id=110198&peptide_id=35642&scanf=43187&charge=2&value=sp|Q9BSJ8|ESYT1_HUMAN,0,/core/www/modules/match_peptides/blast_html4.php?run_id=110202&search_id=114132&scans_id=110198&peptide_id=35642&scanf=43187&charge=2&value=0,R.DPPDPYVSLLLLPDK.N,/core/www/modules/show_out/show_out_wrapper.php?run_id=110202&search_id=114132&scans_id=110198&peptide_id=35642&scanf=43187&charge=2&value=R.DPPDPYVSLLLLPDK.N,ESYT1,1.620e+6,3.777,0.000,3.559,0.000
43190,2,"  3.620","  0.595",16/30,/core/www/modules//sdig/index.php?run_id=110202&search_id=114132&scans_id=110198&peptide_id=35646&scanf=43190&charge=2&value=16/30,sp|Q13451|FKBP5_HUMAN,/core/www/modules//consensus/?run_id=110202&search_id=114132&scans_id=110198&peptide_id=35646&scanf=43190&charge=2&value=sp|Q13451|FKBP5_HUMAN,0,/core/www/modules/match_peptides/blast_html4.php?run_id=110202&search_id=114132&scans_id=110198&peptide_id=35646&scanf=43190&charge=2&value=0,K.FGIEPNAELIYEVTLK.S,/core/www/modules/show_out/show_out_wrapper.php?run_id=110202&search_id=114132&scans_id=110198&peptide_id=35646&scanf=43190&charge=2&value=K.FGIEPNAELIYEVTLK.S,FKBP5,8.239e+5,3.249,0.002,2.777,0.000
43194,3,"  3.571","  0.546",14/68,/core/www/modules//sdig/index.php?run_id=110202&search_id=114132&scans_id=110198&peptide_id=35650&scanf=43194&charge=3&value=14/68,sp|Q7Z4H8|PLGT3_HUMAN,/core/www/modules//consensus/?run_id=110202&search_id=114132&scans_id=110198&peptide_id=35650&scanf=43194&charge=3&value=sp|Q7Z4H8|PLGT3_HUMAN,0,/core/www/modules/match_peptides/blast_html4.php?run_id=110202&search_id=114132&scans_id=110198&peptide_id=35650&scanf=43194&charge=3&value=0,R.DVVLPTYDITHSMLEAMR.G,/core/www/modules/show_out/show_out_wrapper.php?run_id=110202&search_id=114132&scans_id=110198&peptide_id=35650&scanf=43194&charge=3&value=R.DVVLPTYDITHSMLEAMR.G,POGLUT3,1.110e+6,2.852,0.006,2.190,0.000
43199,3,"  8.357","  0.804",33/104,/core/www/modules//sdig/index.php?run_id=110202&search_id=114132&scans_id=110198&peptide_id=35654&scanf=43199&charge=3&value=33/104,sp|Q8IZL8|PELP1_HUMAN,/core/www/modules//consensus/?run_id=110202&search_id=114132&scans_id=110198&peptide_id=35654&scanf=43199&charge=3&value=sp|Q8IZL8|PELP1_HUMAN,2,/core/www/modules/match_peptides/blast_html4.php?run_id=110202&search_id=114132&scans_id=110198&peptide_id=35654&scanf=43199&charge=3&value=2,R.LHDLVLPLVMGVQQGEVLGSSPYTSSR.C,/core/www/modules/show_out/show_out_wrapper.php?run_id=110202&search_id=114132&scans_id=110198&peptide_id=35654&scanf=43199&charge=3&value=R.LHDLVLPLVMGVQQGEVLGSSPYTSSR.C,PELP1,4.104e+6,3.967,0.000,3.841,0.000
43200,3,"  5.114","  0.647",24/108,/core/www/modules//sdig/index.php?run_id=110202&search_id=114132&scans_id=110198&peptide_id=35656&scanf=43200&charge=3&value=24/108,sp|O60701|UGDH_HUMAN,/core/www/modules//consensus/?run_id=110202&search_id=114132&scans_id=110198&peptide_id=35656&scanf=43200&charge=3&value=sp|O60701|UGDH_HUMAN,0,/core/www/modules/match_peptides/blast_html4.php?run_id=110202&search_id=114132&scans_id=110198&peptide_id=35656&scanf=43200&charge=3&value=0,R.IFDANTKPNLNLQVLSNPEFLAEGTAIK.D,/core/www/modules/show_out/show_out_wrapper.php?run_id=110202&search_id=114132&scans_id=110198&peptide_id=35656&scanf=43200&charge=3&value=R.IFDANTKPNLNLQVLSNPEFLAEGTAIK.D,UGDH,7.228e+5,3.124,0.003,2.592,0.000
43202,3,"  7.546","  0.700",29/92,/core/www/modules//sdig/index.php?run_id=110202&search_id=114132&scans_id=110198&peptide_id=35658&scanf=43202&charge=3&value=29/92,sp|Q13148|TADBP_HUMAN,/core/www/modules//consensus/?run_id=110202&search_id=114132&scans_id=110198&peptide_id=35658&scanf=43202&charge=3&value=sp|Q13148|TADBP_HUMAN,10,/core/www/modules/match_peptides/blast_html4.php?run_id=110202&search_id=114132&scans_id=110198&peptide_id=35658&scanf=43202&charge=3&value=10,R.LVEGILHAPDAGWGNLVYVVNYPK.D,/core/www/modules/show_out/show_out_wrapper.php?run_id=110202&search_id=114132&scans_id=110198&peptide_id=35658&scanf=43202&charge=3&value=R.LVEGILHAPDAGWGNLVYVVNYPK.D,TARDBP,1.303e+7,3.721,0.000,3.476,0.000
43203,3,"  2.946","  0.391",13/60,/core/www/modules//sdig/index.php?run_id=110202&search_id=114132&scans_id=110198&peptide_id=35659&scanf=43203&charge=3&value=13/60,sp|O60313|OPA1_HUMAN,/core/www/modules//consensus/?run_id=110202&search_id=114132&scans_id=110198&peptide_id=35659&scanf=43203&charge=3&value=sp|O60313|OPA1_HUMAN,7,/core/www/modules/match_peptides/blast_html4.php?run_id=110202&search_id=114132&scans_id=110198&peptide_id=35659&scanf=43203&charge=3&value=7,K.NEILDEVISLSQVTPK.H,/core/www/modules/show_out/show_out_wrapper.php?run_id=110202&search_id=114132&scans_id=110198&peptide_id=35659&scanf=43203&charge=3&value=K.NEILDEVISLSQVTPK.H,OPA1,1.308e+6,2.606,0.015,1.828,0.000
43204,3,"  3.120","  0.549",13/56,/core/www/modules//sdig/index.php?run_id=110202&search_id=114132&scans_id=110198&peptide_id=35660&scanf=43204&charge=3&value=13/56,sp|O00410|IPO5_HUMAN,/core/www/modules//consensus/?run_id=110202&search_id=114132&scans_id=110198&peptide_id=35660&scanf=43204&charge=3&value=sp|O00410|IPO5_HUMAN,1,/core/www/modules/match_peptides/blast_html4.php?run_id=110202&search_id=114132&scans_id=110198&peptide_id=35660&scanf=43204&charge=3&value=1,K.EFQQYLPVVMGPLMK.T,/core/www/modules/show_out/show_out_wrapper.php?run_id=110202&search_id=114132&scans_id=110198&peptide_id=35660&scanf=43204&charge=3&value=K.EFQQYLPVVMGPLMK.T,IPO5,3.057e+6,3.206,0.002,2.713,0.000
43208,3,"  4.732","  0.511",15/92,/core/www/modules//sdig/index.php?run_id=110202&search_id=114132&scans_id=110198&peptide_id=35664&scanf=43208&charge=3&value=15/92,sp|Q9Y285|SYFA_HUMAN,/core/www/modules//consensus/?run_id=110202&search_id=114132&scans_id=110198&peptide_id=35664&scanf=43208&charge=3&value=sp|Q9Y285|SYFA_HUMAN,3,/core/www/modules/match_peptides/blast_html4.php?run_id=110202&search_id=114132&scans_id=110198&peptide_id=35664&scanf=43208&charge=3&value=3,R.DQHDTFFLRDPAEALQLPMDYVQR.V,/core/www/modules/show_out/show_out_wrapper.php?run_id=110202&search_id=114132&scans_id=110198&peptide_id=35664&scanf=43208&charge=3&value=R.DQHDTFFLRDPAEALQLPMDYVQR.V,FARSA,5.698e+5,2.481,0.023,1.646,0.001
43209,2,"  2.339","  0.465",11/16,/core/www/modules//sdig/index.php?run_id=110202&search_id=114132&scans_id=110198&peptide_id=35665&scanf=43209&charge=2&value=11/16,sp|Q9P0J1|PDP1_HUMAN,/core/www/modules//consensus/?run_id=110202&search_id=114132&scans_id=110198&peptide_id=35665&scanf=43209&charge=2&value=sp|Q9P0J1|PDP1_HUMAN,0,/core/www/modules/match_peptides/blast_html4.php?run_id=110202&search_id=114132&scans_id=110198&peptide_id=35665&scanf=43209&charge=2&value=0,R.LLGLLMPFR.A,/core/www/modules/show_out/show_out_wrapper.php?run_id=110202&search_id=114132&scans_id=110198&peptide_id=35665&scanf=43209&charge=2&value=R.LLGLLMPFR.A,PDP1,1.112e+6,3.277,0.002,2.817,0.000
43211,2,"  1.911","  0.312",8/22,/core/www/modules//sdig/index.php?run_id=110202&search_id=114132&scans_id=110198&peptide_id=35668&scanf=43211&charge=2&value=8/22,sp|O14972|VP26C_HUMAN,/core/www/modules//consensus/?run_id=110202&search_id=114132&scans_id=110198&peptide_id=35668&scanf=43211&charge=2&value=sp|O14972|VP26C_HUMAN,2,/core/www/modules/match_peptides/blast_html4.php?run_id=110202&search_id=114132&scans_id=110198&peptide_id=35668&scanf=43211&charge=2&value=2,R.GLSVPIYMVFPR.L,/core/www/modules/show_out/show_out_wrapper.php?run_id=110202&search_id=114132&scans_id=110198&peptide_id=35668&scanf=43211&charge=2&value=R.GLSVPIYMVFPR.L,VPS26C,1.310e+6,2.121,0.073,1.136,0.002
43212,2,"  3.761","  0.733",16/32,/core/www/modules//sdig/index.php?run_id=110202&search_id=114132&scans_id=110198&peptide_id=35669&scanf=43212&charge=2&value=16/32,sp|O60287|NPA1P_HUMAN,/core/www/modules//consensus/?run_id=110202&search_id=114132&scans_id=110198&peptide_id=35669&scanf=43212&charge=2&value=sp|O60287|NPA1P_HUMAN,0,/core/www/modules/match_peptides/blast_html4.php?run_id=110202&search_id=114132&scans_id=110198&peptide_id=35669&scanf=43212&charge=2&value=0,K.MLLTAVQLLYSPESSVR.T,/core/www/modules/show_out/show_out_wrapper.php?run_id=110202&search_id=114132&scans_id=110198&peptide_id=35669&scanf=43212&charge=2&value=K.MLLTAVQLLYSPESSVR.T,URB1,6.227e+5,3.680,0.000,3.415,0.000
43214,3,"  2.917","  0.379",7/96,/core/www/modules//sdig/index.php?run_id=110202&search_id=114132&scans_id=110198&peptide_id=35671&scanf=43214&charge=3&value=7/96,sp|Q99426|TBCB_HUMAN,/core/www/modules//consensus/?run_id=110202&search_id=114132&scans_id=110198&peptide_id=35671&scanf=43214&charge=3&value=sp|Q99426|TBCB_HUMAN,1,/core/www/modules/match_peptides/blast_html4.php?run_id=110202&search_id=114132&scans_id=110198&peptide_id=35671&scanf=43214&charge=3&value=1,K.YGAFVKPAVVTVGDFPEEDYGLDEI.-,/core/www/modules/show_out/show_out_wrapper.php?run_id=110202&search_id=114132&scans_id=110198&peptide_id=35671&scanf=43214&charge=3&value=K.YGAFVKPAVVTVGDFPEEDYGLDEI.-,TBCB,5.289e+5,2.044,0.093,1.031,0.004
43218,3,"  3.959","  0.605",20/68,/core/www/modules//sdig/index.php?run_id=110202&search_id=114132&scans_id=110198&peptide_id=35674&scanf=43218&charge=3&value=20/68,sp|Q13535|ATR_HUMAN,/core/www/modules//consensus/?run_id=110202&search_id=114132&scans_id=110198&peptide_id=35674&scanf=43218&charge=3&value=sp|Q13535|ATR_HUMAN,1,/core/www/modules/match_peptides/blast_html4.php?run_id=110202&search_id=114132&scans_id=110198&peptide_id=35674&scanf=43218&charge=3&value=1,K.AVLGTLLNLMEDPDKDVR.V,/core/www/modules/show_out/show_out_wrapper.php?run_id=110202&search_id=114132&scans_id=110198&peptide_id=35674&scanf=43218&charge=3&value=K.AVLGTLLNLMEDPDKDVR.V,ATR,1.388e+6,3.046,0.003,2.475,0.000
43222,2,"  5.244","  0.763",22/36,/core/www/modules//sdig/index.php?run_id=110202&search_id=114132&scans_id=110198&peptide_id=35679&scanf=43222&charge=2&value=22/36,sp|O00422|SAP18_HUMAN,/core/www/modules//consensus/?run_id=110202&search_id=114132&scans_id=110198&peptide_id=35679&scanf=43222&charge=2&value=sp|O00422|SAP18_HUMAN,2,/core/www/modules/match_peptides/blast_html4.php?run_id=110202&search_id=114132&scans_id=110198&peptide_id=35679&scanf=43222&charge=2&value=2,R.GNVPSSELQIYTWMDATLK.E,/core/www/modules/show_out/show_out_wrapper.php?run_id=110202&search_id=114132&scans_id=110198&peptide_id=35679&scanf=43222&charge=2&value=R.GNVPSSELQIYTWMDATLK.E,SAP18,3.897e+6,4.036,0.000,3.942,0.000
43223,3,"  2.911","  0.512",15/56,/core/www/modules//sdig/index.php?run_id=110202&search_id=114132&scans_id=110198&peptide_id=35680&scanf=43223&charge=3&value=15/56,sp|O00410|IPO5_HUMAN,/core/www/modules//consensus/?run_id=110202&search_id=114132&scans_id=110198&peptide_id=35680&scanf=43223&charge=3&value=sp|O00410|IPO5_HUMAN,1,/core/www/modules/match_peptides/blast_html4.php?run_id=110202&search_id=114132&scans_id=110198&peptide_id=35680&scanf=43223&charge=3&value=1,K.EFQQYLPVVMGPLMK.T,/core/www/modules/show_out/show_out_wrapper.php?run_id=110202&search_id=114132&scans_id=110198&peptide_id=35680&scanf=43223&charge=3&value=K.EFQQYLPVVMGPLMK.T,IPO5,3.057e+6,3.153,0.002,2.634,0.000
43228,2,"  2.453","  0.502",14/20,/core/www/modules//sdig/index.php?run_id=110202&search_id=114132&scans_id=110198&peptide_id=35685&scanf=43228&charge=2&value=14/20,sp|Q9BQG0|MBB1A_HUMAN,/core/www/modules//consensus/?run_id=110202&search_id=114132&scans_id=110198&peptide_id=35685&scanf=43228&charge=2&value=sp|Q9BQG0|MBB1A_HUMAN,1,/core/www/modules/match_peptides/blast_html4.php?run_id=110202&search_id=114132&scans_id=110198&peptide_id=35685&scanf=43228&charge=2&value=1,R.VLDLVEVLVTK.Q,/core/www/modules/show_out/show_out_wrapper.php?run_id=110202&search_id=114132&scans_id=110198&peptide_id=35685&scanf=43228&charge=2&value=R.VLDLVEVLVTK.Q,MYBBP1A,5.708e+7,3.490,0.001,3.133,0.000
43229,2,"  2.038","  0.248",9/24,/core/www/modules//sdig/index.php?run_id=110202&search_id=114132&scans_id=110198&peptide_id=35686&scanf=43229&charge=2&value=9/24,sp|Q96HA7|TONSL_HUMAN,/core/www/modules//consensus/?run_id=110202&search_id=114132&scans_id=110198&peptide_id=35686&scanf=43229&charge=2&value=sp|Q96HA7|TONSL_HUMAN,0,/core/www/modules/match_peptides/blast_html4.php?run_id=110202&search_id=114132&scans_id=110198&peptide_id=35686&scanf=43229&charge=2&value=0,K.GLSPLETLQQWVK.L,/core/www/modules/show_out/show_out_wrapper.php?run_id=110202&search_id=114132&scans_id=110198&peptide_id=35686&scanf=43229&charge=2&value=K.GLSPLETLQQWVK.L,TONSL,1.398e+6,1.890,0.148,0.830,0.007
43230,3,"  3.230","  0.334",13/68,/core/www/modules//sdig/index.php?run_id=110202&search_id=114132&scans_id=110198&peptide_id=35688&scanf=43230&charge=3&value=13/68,sp|Q7Z460|CLAP1_HUMAN,/core/www/modules//consensus/?run_id=110202&search_id=114132&scans_id=110198&peptide_id=35688&scanf=43230&charge=3&value=sp|Q7Z460|CLAP1_HUMAN,6,/core/www/modules/match_peptides/blast_html4.php?run_id=110202&search_id=114132&scans_id=110198&peptide_id=35688&scanf=43230&charge=3&value=6,R.SLLLAGAAEYDNFFQHLR.L,/core/www/modules/show_out/show_out_wrapper.php?run_id=110202&search_id=114132&scans_id=110198&peptide_id=35688&scanf=43230&charge=3&value=R.SLLLAGAAEYDNFFQHLR.L,CLASP1,2.063e+7,2.050,0.091,1.039,0.004
43233,2,"  1.914","  0.340",11/22,/core/www/modules//sdig/index.php?run_id=110202&search_id=114132&scans_id=110198&peptide_id=35691&scanf=43233&charge=2&value=11/22,sp|Q9UDY2|ZO2_HUMAN,/core/www/modules//consensus/?run_id=110202&search_id=114132&scans_id=110198&peptide_id=35691&scanf=43233&charge=2&value=sp|Q9UDY2|ZO2_HUMAN,10,/core/www/modules/match_peptides/blast_html4.php?run_id=110202&search_id=114132&scans_id=110198&peptide_id=35691&scanf=43233&charge=2&value=10,R.EDAVLYLLEIPK.G,/core/www/modules/show_out/show_out_wrapper.php?run_id=110202&search_id=114132&scans_id=110198&peptide_id=35691&scanf=43233&charge=2&value=R.EDAVLYLLEIPK.G,TJP2,8.728e+5,2.405,0.029,1.537,0.001
43234,2,"  3.249","  0.578",13/22,/core/www/modules//sdig/index.php?run_id=110202&search_id=114132&scans_id=110198&peptide_id=35692&scanf=43234&charge=2&value=13/22,sp|P13473|LAMP2_HUMAN,/core/www/modules//consensus/?run_id=110202&search_id=114132&scans_id=110198&peptide_id=35692&scanf=43234&charge=2&value=sp|P13473|LAMP2_HUMAN,0,/core/www/modules/match_peptides/blast_html4.php?run_id=110202&search_id=114132&scans_id=110198&peptide_id=35692&scanf=43234&charge=2&value=0,K.GILTVDELLAIR.I,/core/www/modules/show_out/show_out_wrapper.php?run_id=110202&search_id=114132&scans_id=110198&peptide_id=35692&scanf=43234&charge=2&value=K.GILTVDELLAIR.I,LAMP2,1.381e+6,3.406,0.001,3.009,0.000
43235,3,"  4.224","  0.576",16/88,/core/www/modules//sdig/index.php?run_id=110202&search_id=114132&scans_id=110198&peptide_id=35693&scanf=43235&charge=3&value=16/88,sp|Q8IVF2|AHNK2_HUMAN,/core/www/modules//consensus/?run_id=110202&search_id=114132&scans_id=110198&peptide_id=35693&scanf=43235&charge=3&value=sp|Q8IVF2|AHNK2_HUMAN,0,/core/www/modules/match_peptides/blast_html4.php?run_id=110202&search_id=114132&scans_id=110198&peptide_id=35693&scanf=43235&charge=3&value=0,R.AALAPELALEIPSGSQADIPLPK.T,/core/www/modules/show_out/show_out_wrapper.php?run_id=110202&search_id=114132&scans_id=110198&peptide_id=35693&scanf=43235&charge=3&value=R.AALAPELALEIPSGSQADIPLPK.T,AHNAK2,5.650e+5,2.927,0.005,2.300,0.000
43236,2,"  3.391","  0.577",11/26,/core/www/modules//sdig/index.php?run_id=110202&search_id=114132&scans_id=110198&peptide_id=35694&scanf=43236&charge=2&value=11/26,sp|Q15021|CND1_HUMAN,/core/www/modules//consensus/?run_id=110202&search_id=114132&scans_id=110198&peptide_id=35694&scanf=43236&charge=2&value=sp|Q15021|CND1_HUMAN,0,/core/www/modules/match_peptides/blast_html4.php?run_id=110202&search_id=114132&scans_id=110198&peptide_id=35694&scanf=43236&charge=2&value=0,K.GNAIYNLLPDIISR.L,/core/www/modules/show_out/show_out_wrapper.php?run_id=110202&search_id=114132&scans_id=110198&peptide_id=35694&scanf=43236&charge=2&value=K.GNAIYNLLPDIISR.L,NCAPD2,1.150e+6,3.094,0.003,2.547,0.000
43237,2,"  2.188","  0.333",9/16,/core/www/modules//sdig/index.php?run_id=110202&search_id=114132&scans_id=110198&peptide_id=35695&scanf=43237&charge=2&value=9/16,sp|Q09161|NCBP1_HUMAN,/core/www/modules//consensus/?run_id=110202&search_id=114132&scans_id=110198&peptide_id=35695&scanf=43237&charge=2&value=sp|Q09161|NCBP1_HUMAN,1,/core/www/modules/match_peptides/blast_html4.php?run_id=110202&search_id=114132&scans_id=110198&peptide_id=35695&scanf=43237&charge=2&value=1,K.NLFLVIFQR.F,/core/www/modules/show_out/show_out_wrapper.php?run_id=110202&search_id=114132&scans_id=110198&peptide_id=35695&scanf=43237&charge=2&value=K.NLFLVIFQR.F,NCBP1,1.556e+6,2.640,0.013,1.878,0.000
43239,2,"  2.256","  0.364",11/12,/core/www/modules//sdig/index.php?run_id=110202&search_id=114132&scans_id=110198&peptide_id=35696&scanf=43239&charge=2&value=11/12,sp|P04908|H2A1B_HUMAN,/core/www/modules//consensus/?run_id=110202&search_id=114132&scans_id=110198&peptide_id=35696&scanf=43239&charge=2&value=sp|P04908|H2A1B_HUMAN,20,/core/www/modules/match_peptides/blast_html4.php?run_id=110202&search_id=114132&scans_id=110198&peptide_id=35696&scanf=43239&charge=2&value=20,R.HLQLAIR.N,/core/www/modules/show_out/show_out_wrapper.php?run_id=110202&search_id=114132&scans_id=110198&peptide_id=35696&scanf=43239&charge=2&value=R.HLQLAIR.N,H2AC8,4.853e+6,3.556,0.001,3.231,0.000
43240,3,"  1.550","  0.164",14/48,/core/www/modules//sdig/index.php?run_id=110202&search_id=114132&scans_id=110198&peptide_id=35698&scanf=43240&charge=3&value=14/48,sp|Q9H0A0|NAT10_HUMAN,/core/www/modules//consensus/?run_id=110202&search_id=114132&scans_id=110198&peptide_id=35698&scanf=43240&charge=3&value=sp|Q9H0A0|NAT10_HUMAN,0,/core/www/modules/match_peptides/blast_html4.php?run_id=110202&search_id=114132&scans_id=110198&peptide_id=35698&scanf=43240&charge=3&value=0,R.EELEALFLPYDLK.R,/core/www/modules/show_out/show_out_wrapper.php?run_id=110202&search_id=114132&scans_id=110198&peptide_id=35698&scanf=43240&charge=3&value=R.EELEALFLPYDLK.R,NAT10,1.956e+6,2.138,0.069,1.159,0.002
43242,3,"  6.193","  0.699",22/80,/core/www/modules//sdig/index.php?run_id=110202&search_id=114132&scans_id=110198&peptide_id=35700&scanf=43242&charge=3&value=22/80,sp|O60506|HNRPQ_HUMAN,/core/www/modules//consensus/?run_id=110202&search_id=114132&scans_id=110198&peptide_id=35700&scanf=43242&charge=3&value=sp|O60506|HNRPQ_HUMAN,7,/core/www/modules/match_peptides/blast_html4.php?run_id=110202&search_id=114132&scans_id=110198&peptide_id=35700&scanf=43242&charge=3&value=7,R.AIEALKEFNEDGALAVLQQFK.D,/core/www/modules/show_out/show_out_wrapper.php?run_id=110202&search_id=114132&scans_id=110198&peptide_id=35700&scanf=43242&charge=3&value=R.AIEALKEFNEDGALAVLQQFK.D,SYNCRIP,7.487e+6,3.476,0.001,3.113,0.000
43250,3,"  2.649","  0.571",13/48,/core/www/modules//sdig/index.php?run_id=110202&search_id=114132&scans_id=110198&peptide_id=35709&scanf=43250&charge=3&value=13/48,sp|Q9NY61|AATF_HUMAN,/core/www/modules//consensus/?run_id=110202&search_id=114132&scans_id=110198&peptide_id=35709&scanf=43250&charge=3&value=sp|Q9NY61|AATF_HUMAN,8,/core/www/modules/match_peptides/blast_html4.php?run_id=110202&search_id=114132&scans_id=110198&peptide_id=35709&scanf=43250&charge=3&value=8,R.SILTQIDHILMDK.E,/core/www/modules/show_out/show_out_wrapper.php?run_id=110202&search_id=114132&scans_id=110198&peptide_id=35709&scanf=43250&charge=3&value=R.SILTQIDHILMDK.E,AATF,2.939e+6,3.383,0.001,2.976,0.000
43252,3,"  2.916","  0.550",10/76,/core/www/modules//sdig/index.php?run_id=110202&search_id=114132&scans_id=110198&peptide_id=35711&scanf=43252&charge=3&value=10/76,sp|Q6Y288|B3GLT_HUMAN,/core/www/modules//consensus/?run_id=110202&search_id=114132&scans_id=110198&peptide_id=35711&scanf=43252&charge=3&value=sp|Q6Y288|B3GLT_HUMAN,0,/core/www/modules/match_peptides/blast_html4.php?run_id=110202&search_id=114132&scans_id=110198&peptide_id=35711&scanf=43252&charge=3&value=0,K.QAADLTQELPSVLLLHQLAK.Q,/core/www/modules/show_out/show_out_wrapper.php?run_id=110202&search_id=114132&scans_id=110198&peptide_id=35711&scanf=43252&charge=3&value=K.QAADLTQELPSVLLLHQLAK.Q,B3GLCT,6.128e+5,2.853,0.006,2.191,0.000
43257,2,"  2.370","  0.589",12/22,/core/www/modules//sdig/index.php?run_id=110202&search_id=114132&scans_id=110198&peptide_id=35716&scanf=43257&charge=2&value=12/22,sp|O43707|ACTN4_HUMAN,/core/www/modules//consensus/?run_id=110202&search_id=114132&scans_id=110198&peptide_id=35716&scanf=43257&charge=2&value=sp|O43707|ACTN4_HUMAN,17,/core/www/modules/match_peptides/blast_html4.php?run_id=110202&search_id=114132&scans_id=110198&peptide_id=35716&scanf=43257&charge=2&value=17,R.VGWEQLLTTIAR.T,/core/www/modules/show_out/show_out_wrapper.php?run_id=110202&search_id=114132&scans_id=110198&peptide_id=35716&scanf=43257&charge=2&value=R.VGWEQLLTTIAR.T,ACTN4,2.918e+8,3.748,0.000,3.516,0.000
43258,2,"  2.754","  0.402",11/20,/core/www/modules//sdig/index.php?run_id=110202&search_id=114132&scans_id=110198&peptide_id=35717&scanf=43258&charge=2&value=11/20,sp|Q92900|RENT1_HUMAN,/core/www/modules//consensus/?run_id=110202&search_id=114132&scans_id=110198&peptide_id=35717&scanf=43258&charge=2&value=sp|Q92900|RENT1_HUMAN,0,/core/www/modules/match_peptides/blast_html4.php?run_id=110202&search_id=114132&scans_id=110198&peptide_id=35717&scanf=43258&charge=2&value=0,R.NVFLLGFIPAK.A,/core/www/modules/show_out/show_out_wrapper.php?run_id=110202&search_id=114132&scans_id=110198&peptide_id=35717&scanf=43258&charge=2&value=R.NVFLLGFIPAK.A,UPF1,4.469e+6,2.779,0.008,2.082,0.000
43261,2,"  2.202","  0.195",12/20,/core/www/modules//sdig/index.php?run_id=110202&search_id=114132&scans_id=110198&peptide_id=35720&scanf=43261&charge=2&value=12/20,sp|Q96L91|EP400_HUMAN,/core/www/modules//consensus/?run_id=110202&search_id=114132&scans_id=110198&peptide_id=35720&scanf=43261&charge=2&value=sp|Q96L91|EP400_HUMAN,0,/core/www/modules/match_peptides/blast_html4.php?run_id=110202&search_id=114132&scans_id=110198&peptide_id=35720&scanf=43261&charge=2&value=0,K.EAELPLLDLMK.L,/core/www/modules/show_out/show_out_wrapper.php?run_id=110202&search_id=114132&scans_id=110198&peptide_id=35720&scanf=43261&charge=2&value=K.EAELPLLDLMK.L,EP400,3.414e+6,2.142,0.068,1.164,0.002
43263,2,"  2.266","  0.408",11/26,/core/www/modules//sdig/index.php?run_id=110202&search_id=114132&scans_id=110198&peptide_id=35722&scanf=43263&charge=2&value=11/26,sp|Q13362|2A5G_HUMAN,/core/www/modules//consensus/?run_id=110202&search_id=114132&scans_id=110198&peptide_id=35722&scanf=43263&charge=2&value=sp|Q13362|2A5G_HUMAN,3,/core/www/modules/match_peptides/blast_html4.php?run_id=110202&search_id=114132&scans_id=110198&peptide_id=35722&scanf=43263&charge=2&value=3,K.DSTLTEPVVMALLK.Y,/core/www/modules/show_out/show_out_wrapper.php?run_id=110202&search_id=114132&scans_id=110198&peptide_id=35722&scanf=43263&charge=2&value=K.DSTLTEPVVMALLK.Y,PPP2R5C,3.257e+6,2.317,0.039,1.410,0.001
43269,2,"  2.091","  0.304",8/26,/core/www/modules//sdig/index.php?run_id=110202&search_id=114132&scans_id=110198&peptide_id=35728&scanf=43269&charge=2&value=8/26,sp|P46778|RL21_HUMAN,/core/www/modules//consensus/?run_id=110202&search_id=114132&scans_id=110198&peptide_id=35728&scanf=43269&charge=2&value=sp|P46778|RL21_HUMAN,0,/core/www/modules/match_peptides/blast_html4.php?run_id=110202&search_id=114132&scans_id=110198&peptide_id=35728&scanf=43269&charge=2&value=0,K.EPELLEPIPYEFM*A.-,/core/www/modules/show_out/show_out_wrapper.php?run_id=110202&search_id=114132&scans_id=110198&peptide_id=35728&scanf=43269&charge=2&value=K.EPELLEPIPYEFM*A.-,RPL21,9.056e+5,1.994,0.109,0.964,0.005
43270,2,"  2.545","  0.614",13/22,/core/www/modules//sdig/index.php?run_id=110202&search_id=114132&scans_id=110198&peptide_id=35730&scanf=43270&charge=2&value=13/22,sp|Q12769|NU160_HUMAN,/core/www/modules//consensus/?run_id=110202&search_id=114132&scans_id=110198&peptide_id=35730&scanf=43270&charge=2&value=sp|Q12769|NU160_HUMAN,3,/core/www/modules/match_peptides/blast_html4.php?run_id=110202&search_id=114132&scans_id=110198&peptide_id=35730&scanf=43270&charge=2&value=3,R.TAPLLLSYYLIK.W,/core/www/modules/show_out/show_out_wrapper.php?run_id=110202&search_id=114132&scans_id=110198&peptide_id=35730&scanf=43270&charge=2&value=R.TAPLLLSYYLIK.W,NUP160,1.444e+6,3.542,0.001,3.211,0.000
43284,3,"  2.164","  0.375",9/64,/core/www/modules//sdig/index.php?run_id=110202&search_id=114132&scans_id=110198&peptide_id=35744&scanf=43284&charge=3&value=9/64,sp|P43246|MSH2_HUMAN,/core/www/modules//consensus/?run_id=110202&search_id=114132&scans_id=110198&peptide_id=35744&scanf=43284&charge=3&value=sp|P43246|MSH2_HUMAN,5,/core/www/modules/match_peptides/blast_html4.php?run_id=110202&search_id=114132&scans_id=110198&peptide_id=35744&scanf=43284&charge=3&value=5,R.LYQGINQLPNVIQALEK.H,/core/www/modules/show_out/show_out_wrapper.php?run_id=110202&search_id=114132&scans_id=110198&peptide_id=35744&scanf=43284&charge=3&value=R.LYQGINQLPNVIQALEK.H,MSH2,4.222e+6,2.303,0.041,1.391,0.001
43290,3,"  3.003","  0.549",16/68,/core/www/modules//sdig/index.php?run_id=110202&search_id=114132&scans_id=110198&peptide_id=35751&scanf=43290&charge=3&value=16/68,sp|Q9UIL1|SCOC_HUMAN,/core/www/modules//consensus/?run_id=110202&search_id=114132&scans_id=110198&peptide_id=35751&scanf=43290&charge=3&value=sp|Q9UIL1|SCOC_HUMAN,1,/core/www/modules/match_peptides/blast_html4.php?run_id=110202&search_id=114132&scans_id=110198&peptide_id=35751&scanf=43290&charge=3&value=1,R.LINQVLELQHTLEDLSAR.V,/core/www/modules/show_out/show_out_wrapper.php?run_id=110202&search_id=114132&scans_id=110198&peptide_id=35751&scanf=43290&charge=3&value=R.LINQVLELQHTLEDLSAR.V,SCOC,7.604e+5,3.047,0.003,2.477,0.000
43293,3,"  5.728","  0.521",18/88,/core/www/modules//sdig/index.php?run_id=110202&search_id=114132&scans_id=110198&peptide_id=35754&scanf=43293&charge=3&value=18/88,sp|O75534|CSDE1_HUMAN,/core/www/modules//consensus/?run_id=110202&search_id=114132&scans_id=110198&peptide_id=35754&scanf=43293&charge=3&value=sp|O75534|CSDE1_HUMAN,18,/core/www/modules/match_peptides/blast_html4.php?run_id=110202&search_id=114132&scans_id=110198&peptide_id=35754&scanf=43293&charge=3&value=18,R.LLPQGTVIFEDISIEHFEGTVTK.V,/core/www/modules/show_out/show_out_wrapper.php?run_id=110202&search_id=114132&scans_id=110198&peptide_id=35754&scanf=43293&charge=3&value=R.LLPQGTVIFEDISIEHFEGTVTK.V,CSDE1,1.035e+6,2.848,0.007,2.183,0.000
43295,3,"  5.580","  0.633",20/76,/core/www/modules//sdig/index.php?run_id=110202&search_id=114132&scans_id=110198&peptide_id=35756&scanf=43295&charge=3&value=20/76,sp|Q9NQC1|JADE2_HUMAN,/core/www/modules//consensus/?run_id=110202&search_id=114132&scans_id=110198&peptide_id=35756&scanf=43295&charge=3&value=sp|Q9NQC1|JADE2_HUMAN,6,/core/www/modules/match_peptides/blast_html4.php?run_id=110202&search_id=114132&scans_id=110198&peptide_id=35756&scanf=43295&charge=3&value=6,R.LQQLEEDFYELVEPAEVAER.L,/core/www/modules/show_out/show_out_wrapper.php?run_id=110202&search_id=114132&scans_id=110198&peptide_id=35756&scanf=43295&charge=3&value=R.LQQLEEDFYELVEPAEVAER.L,JADE2,1.575e+6,3.443,0.001,3.064,0.000
43297,2,"  2.318","  0.579",12/36,/core/www/modules//sdig/index.php?run_id=110202&search_id=114132&scans_id=110198&peptide_id=35758&scanf=43297&charge=2&value=12/36,sp|P33993|MCM7_HUMAN,/core/www/modules//consensus/?run_id=110202&search_id=114132&scans_id=110198&peptide_id=35758&scanf=43297&charge=2&value=sp|P33993|MCM7_HUMAN,1,/core/www/modules/match_peptides/blast_html4.php?run_id=110202&search_id=114132&scans_id=110198&peptide_id=35758&scanf=43297&charge=2&value=1,R.IAQPGDHVSVTGIFLPILR.T,/core/www/modules/show_out/show_out_wrapper.php?run_id=110202&search_id=114132&scans_id=110198&peptide_id=35758&scanf=43297&charge=2&value=R.IAQPGDHVSVTGIFLPILR.T,MCM7,7.770e+5,2.883,0.006,2.236,0.000
43299,3,"  2.850","  0.487",14/60,/core/www/modules//sdig/index.php?run_id=110202&search_id=114132&scans_id=110198&peptide_id=35760&scanf=43299&charge=3&value=14/60,sp|P21980|TGM2_HUMAN,/core/www/modules//consensus/?run_id=110202&search_id=114132&scans_id=110198&peptide_id=35760&scanf=43299&charge=3&value=sp|P21980|TGM2_HUMAN,0,/core/www/modules/match_peptides/blast_html4.php?run_id=110202&search_id=114132&scans_id=110198&peptide_id=35760&scanf=43299&charge=3&value=0,R.ALLVEPVINSYLLAER.D,/core/www/modules/show_out/show_out_wrapper.php?run_id=110202&search_id=114132&scans_id=110198&peptide_id=35760&scanf=43299&charge=3&value=R.ALLVEPVINSYLLAER.D,TGM2,7.016e+5,2.906,0.005,2.270,0.000
43300,3,"  4.751","  0.592",24/88,/core/www/modules//sdig/index.php?run_id=110202&search_id=114132&scans_id=110198&peptide_id=35761&scanf=43300&charge=3&value=24/88,sp|Q86UV5|UBP48_HUMAN,/core/www/modules//consensus/?run_id=110202&search_id=114132&scans_id=110198&peptide_id=35761&scanf=43300&charge=3&value=sp|Q86UV5|UBP48_HUMAN,2,/core/www/modules/match_peptides/blast_html4.php?run_id=110202&search_id=114132&scans_id=110198&peptide_id=35761&scanf=43300&charge=3&value=2,R.LQTQEKPNTTVQVPAFLQELVDR.D,/core/www/modules/show_out/show_out_wrapper.php?run_id=110202&search_id=114132&scans_id=110198&peptide_id=35761&scanf=43300&charge=3&value=R.LQTQEKPNTTVQVPAFLQELVDR.D,USP48,1.246e+6,3.223,0.002,2.738,0.000
43305,3,"  5.935","  0.722",21/128,/core/www/modules//sdig/index.php?run_id=110202&search_id=114132&scans_id=110198&peptide_id=35765&scanf=43305&charge=3&value=21/128,sp|Q92797|SYMPK_HUMAN,/core/www/modules//consensus/?run_id=110202&search_id=114132&scans_id=110198&peptide_id=35765&scanf=43305&charge=3&value=sp|Q92797|SYMPK_HUMAN,0,/core/www/modules/match_peptides/blast_html4.php?run_id=110202&search_id=114132&scans_id=110198&peptide_id=35765&scanf=43305&charge=3&value=0,K.EAPAGPLEEDDLEPLTLAPAPAPRPPQDLIGLR.L,/core/www/modules/show_out/show_out_wrapper.php?run_id=110202&search_id=114132&scans_id=110198&peptide_id=35765&scanf=43305&charge=3&value=K.EAPAGPLEEDDLEPLTLAPAPAPRPPQDLIGLR.L,SYMPK,2.747e+6,3.239,0.002,2.762,0.000
43306,4,"  4.097","  0.692",24/192,/core/www/modules//sdig/index.php?run_id=110202&search_id=114132&scans_id=110198&peptide_id=35766&scanf=43306&charge=4&value=24/192,sp|Q92797|SYMPK_HUMAN,/core/www/modules//consensus/?run_id=110202&search_id=114132&scans_id=110198&peptide_id=35766&scanf=43306&charge=4&value=sp|Q92797|SYMPK_HUMAN,0,/core/www/modules/match_peptides/blast_html4.php?run_id=110202&search_id=114132&scans_id=110198&peptide_id=35766&scanf=43306&charge=4&value=0,K.EAPAGPLEEDDLEPLTLAPAPAPRPPQDLIGLR.L,/core/www/modules/show_out/show_out_wrapper.php?run_id=110202&search_id=114132&scans_id=110198&peptide_id=35766&scanf=43306&charge=4&value=K.EAPAGPLEEDDLEPLTLAPAPAPRPPQDLIGLR.L,SYMPK,2.163e+6,3.402,0.001,3.002,0.000
43307,2,"  3.409","  0.632",14/24,/core/www/modules//sdig/index.php?run_id=110202&search_id=114132&scans_id=110198&peptide_id=35767&scanf=43307&charge=2&value=14/24,sp|Q96HA7|TONSL_HUMAN,/core/www/modules//consensus/?run_id=110202&search_id=114132&scans_id=110198&peptide_id=35767&scanf=43307&charge=2&value=sp|Q96HA7|TONSL_HUMAN,0,/core/www/modules/match_peptides/blast_html4.php?run_id=110202&search_id=114132&scans_id=110198&peptide_id=35767&scanf=43307&charge=2&value=0,K.GLSPLETLQQWVK.L,/core/www/modules/show_out/show_out_wrapper.php?run_id=110202&search_id=114132&scans_id=110198&peptide_id=35767&scanf=43307&charge=2&value=K.GLSPLETLQQWVK.L,TONSL,1.398e+6,3.440,0.001,3.059,0.000
43312,2,"  2.694","  0.584",16/34,/core/www/modules//sdig/index.php?run_id=110202&search_id=114132&scans_id=110198&peptide_id=35773&scanf=43312&charge=2&value=16/34,sp|Q9NX40|OCAD1_HUMAN,/core/www/modules//consensus/?run_id=110202&search_id=114132&scans_id=110198&peptide_id=35773&scanf=43312&charge=2&value=sp|Q9NX40|OCAD1_HUMAN,7,/core/www/modules/match_peptides/blast_html4.php?run_id=110202&search_id=114132&scans_id=110198&peptide_id=35773&scanf=43312&charge=2&value=7,R.SVPLAATSMLITQGLISK.G,/core/www/modules/show_out/show_out_wrapper.php?run_id=110202&search_id=114132&scans_id=110198&peptide_id=35773&scanf=43312&charge=2&value=R.SVPLAATSMLITQGLISK.G,OCIAD1,8.002e+5,3.005,0.004,2.415,0.000
43313,3,"  3.744","  0.564",15/88,/core/www/modules//sdig/index.php?run_id=110202&search_id=114132&scans_id=110198&peptide_id=35774&scanf=43313&charge=3&value=15/88,sp|Q9NU22|MDN1_HUMAN,/core/www/modules//consensus/?run_id=110202&search_id=114132&scans_id=110198&peptide_id=35774&scanf=43313&charge=3&value=sp|Q9NU22|MDN1_HUMAN,0,/core/www/modules/match_peptides/blast_html4.php?run_id=110202&search_id=114132&scans_id=110198&peptide_id=35774&scanf=43313&charge=3&value=0,R.INLSEQTDITDLFGADLPVEGGK.G,/core/www/modules/show_out/show_out_wrapper.php?run_id=110202&search_id=114132&scans_id=110198&peptide_id=35774&scanf=43313&charge=3&value=R.INLSEQTDITDLFGADLPVEGGK.G,MDN1,3.153e+6,3.129,0.003,2.598,0.000
43318,3,"  5.707","  0.641",28/84,/core/www/modules//sdig/index.php?run_id=110202&search_id=114132&scans_id=110198&peptide_id=35779&scanf=43318&charge=3&value=28/84,sp|Q12769|NU160_HUMAN,/core/www/modules//consensus/?run_id=110202&search_id=114132&scans_id=110198&peptide_id=35779&scanf=43318&charge=3&value=sp|Q12769|NU160_HUMAN,3,/core/www/modules/match_peptides/blast_html4.php?run_id=110202&search_id=114132&scans_id=110198&peptide_id=35779&scanf=43318&charge=3&value=3,R.LGDAVIWGTGQLFQAQQDLLHR.T,/core/www/modules/show_out/show_out_wrapper.php?run_id=110202&search_id=114132&scans_id=110198&peptide_id=35779&scanf=43318&charge=3&value=R.LGDAVIWGTGQLFQAQQDLLHR.T,NUP160,1.567e+6,3.508,0.001,3.159,0.000
43323,2,"  2.792","  0.613",11/18,/core/www/modules//sdig/index.php?run_id=110202&search_id=114132&scans_id=110198&peptide_id=35784&scanf=43323&charge=2&value=11/18,sp|Q5VTL8|PR38B_HUMAN,/core/www/modules//consensus/?run_id=110202&search_id=114132&scans_id=110198&peptide_id=35784&scanf=43323&charge=2&value=sp|Q5VTL8|PR38B_HUMAN,1,/core/www/modules/match_peptides/blast_html4.php?run_id=110202&search_id=114132&scans_id=110198&peptide_id=35784&scanf=43323&charge=2&value=1,K.LEWFSTLFPR.I,/core/www/modules/show_out/show_out_wrapper.php?run_id=110202&search_id=114132&scans_id=110198&peptide_id=35784&scanf=43323&charge=2&value=K.LEWFSTLFPR.I,PRPF38B,3.777e+6,3.655,0.000,3.377,0.000
43324,3,"  3.859","  0.477",11/80,/core/www/modules//sdig/index.php?run_id=110202&search_id=114132&scans_id=110198&peptide_id=35785&scanf=43324&charge=3&value=11/80,sp|O43776|SYNC_HUMAN,/core/www/modules//consensus/?run_id=110202&search_id=114132&scans_id=110198&peptide_id=35785&scanf=43324&charge=3&value=sp|O43776|SYNC_HUMAN,0,/core/www/modules/match_peptides/blast_html4.php?run_id=110202&search_id=114132&scans_id=110198&peptide_id=35785&scanf=43324&charge=3&value=0,R.LTESVDVLMPNVGEIVGGSMR.I,/core/www/modules/show_out/show_out_wrapper.php?run_id=110202&search_id=114132&scans_id=110198&peptide_id=35785&scanf=43324&charge=3&value=R.LTESVDVLMPNVGEIVGGSMR.I,NARS1,1.416e+6,2.575,0.016,1.784,0.000
43329,3,"  3.217","  0.458",13/72,/core/www/modules//sdig/index.php?run_id=110202&search_id=114132&scans_id=110198&peptide_id=35790&scanf=43329&charge=3&value=13/72,sp|Q9UII4|HERC5_HUMAN,/core/www/modules//consensus/?run_id=110202&search_id=114132&scans_id=110198&peptide_id=35790&scanf=43329&charge=3&value=sp|Q9UII4|HERC5_HUMAN,1,/core/www/modules/match_peptides/blast_html4.php?run_id=110202&search_id=114132&scans_id=110198&peptide_id=35790&scanf=43329&charge=3&value=1,K.YSTMETVEEALQEAINNNR.G,/core/www/modules/show_out/show_out_wrapper.php?run_id=110202&search_id=114132&scans_id=110198&peptide_id=35790&scanf=43329&charge=3&value=K.YSTMETVEEALQEAINNNR.G,HERC5,1.178e+6,2.700,0.011,1.967,0.000
43330,3,"  5.303","  0.607",18/100,/core/www/modules//sdig/index.php?run_id=110202&search_id=114132&scans_id=110198&peptide_id=35792&scanf=43330&charge=3&value=18/100,sp|Q9H0A0|NAT10_HUMAN,/core/www/modules//consensus/?run_id=110202&search_id=114132&scans_id=110198&peptide_id=35792&scanf=43330&charge=3&value=sp|Q9H0A0|NAT10_HUMAN,0,/core/www/modules/match_peptides/blast_html4.php?run_id=110202&search_id=114132&scans_id=110198&peptide_id=35792&scanf=43330&charge=3&value=0,K.ASGDLIPWTVSEQFQDPDFGGLSGGR.V,/core/www/modules/show_out/show_out_wrapper.php?run_id=110202&search_id=114132&scans_id=110198&peptide_id=35792&scanf=43330&charge=3&value=K.ASGDLIPWTVSEQFQDPDFGGLSGGR.V,NAT10,6.134e+6,3.147,0.002,2.625,0.000
43332,3,"  4.735","  0.579",16/80,/core/www/modules//sdig/index.php?run_id=110202&search_id=114132&scans_id=110198&peptide_id=35794&scanf=43332&charge=3&value=16/80,sp|Q71F56|MD13L_HUMAN,/core/www/modules//consensus/?run_id=110202&search_id=114132&scans_id=110198&peptide_id=35794&scanf=43332&charge=3&value=sp|Q71F56|MD13L_HUMAN,2,/core/www/modules/match_peptides/blast_html4.php?run_id=110202&search_id=114132&scans_id=110198&peptide_id=35794&scanf=43332&charge=3&value=2,K.NPERPSPIQLYSPPFILAPIK.D,/core/www/modules/show_out/show_out_wrapper.php?run_id=110202&search_id=114132&scans_id=110198&peptide_id=35794&scanf=43332&charge=3&value=K.NPERPSPIQLYSPPFILAPIK.D,MED13L,1.640e+6,3.085,0.003,2.534,0.000
43335,3,"  6.399","  0.594",27/84,/core/www/modules//sdig/index.php?run_id=110202&search_id=114132&scans_id=110198&peptide_id=35797&scanf=43335&charge=3&value=27/84,sp|Q12769|NU160_HUMAN,/core/www/modules//consensus/?run_id=110202&search_id=114132&scans_id=110198&peptide_id=35797&scanf=43335&charge=3&value=sp|Q12769|NU160_HUMAN,3,/core/www/modules/match_peptides/blast_html4.php?run_id=110202&search_id=114132&scans_id=110198&peptide_id=35797&scanf=43335&charge=3&value=3,R.LGDAVIWGTGQLFQAQQDLLHR.T,/core/www/modules/show_out/show_out_wrapper.php?run_id=110202&search_id=114132&scans_id=110198&peptide_id=35797&scanf=43335&charge=3&value=R.LGDAVIWGTGQLFQAQQDLLHR.T,NUP160,1.567e+6,3.391,0.001,2.987,0.000
43342,2,"  1.986","  0.461",13/20,/core/www/modules//sdig/index.php?run_id=110202&search_id=114132&scans_id=110198&peptide_id=35805&scanf=43342&charge=2&value=13/20,sp|O94915|FRYL_HUMAN,/core/www/modules//consensus/?run_id=110202&search_id=114132&scans_id=110198&peptide_id=35805&scanf=43342&charge=2&value=sp|O94915|FRYL_HUMAN,3,/core/www/modules/match_peptides/blast_html4.php?run_id=110202&search_id=114132&scans_id=110198&peptide_id=35805&scanf=43342&charge=2&value=3,K.EIIFDLLSVGK.S,/core/www/modules/show_out/show_out_wrapper.php?run_id=110202&search_id=114132&scans_id=110198&peptide_id=35805&scanf=43342&charge=2&value=K.EIIFDLLSVGK.S,FRYL,8.464e+5,2.983,0.004,2.383,0.000
43344,2,"  4.109","  0.710",16/28,/core/www/modules//sdig/index.php?run_id=110202&search_id=114132&scans_id=110198&peptide_id=35806&scanf=43344&charge=2&value=16/28,sp|O60814|H2B1K_HUMAN,/core/www/modules//consensus/?run_id=110202&search_id=114132&scans_id=110198&peptide_id=35806&scanf=43344&charge=2&value=sp|O60814|H2B1K_HUMAN,14,/core/www/modules/match_peptides/blast_html4.php?run_id=110202&search_id=114132&scans_id=110198&peptide_id=35806&scanf=43344&charge=2&value=14,K.AMGIMNSFVNDIFER.I,/core/www/modules/show_out/show_out_wrapper.php?run_id=110202&search_id=114132&scans_id=110198&peptide_id=35806&scanf=43344&charge=2&value=K.AMGIMNSFVNDIFER.I,H2BC12,6.867e+6,4.040,0.000,3.949,0.000
43345,4," 12.434","  0.697",34/198,/core/www/modules//sdig/index.php?run_id=110202&search_id=114132&scans_id=110198&peptide_id=35807&scanf=43345&charge=4&value=34/198,sp|P10809|CH60_HUMAN,/core/www/modules//consensus/?run_id=110202&search_id=114132&scans_id=110198&peptide_id=35807&scanf=43345&charge=4&value=sp|P10809|CH60_HUMAN,7,/core/www/modules/match_peptides/blast_html4.php?run_id=110202&search_id=114132&scans_id=110198&peptide_id=35807&scanf=43345&charge=4&value=7,K.QSKPVTTPEEIAQVATISANGDKEIGNIISDAMK.K,/core/www/modules/show_out/show_out_wrapper.php?run_id=110202&search_id=114132&scans_id=110198&peptide_id=35807&scanf=43345&charge=4&value=K.QSKPVTTPEEIAQVATISANGDKEIGNIISDAMK.K,HSPD1,3.148e+6,3.708,0.000,3.456,0.000
43351,3,"  4.317","  0.626",17/68,/core/www/modules//sdig/index.php?run_id=110202&search_id=114132&scans_id=110198&peptide_id=35814&scanf=43351&charge=3&value=17/68,sp|Q15528|MED22_HUMAN,/core/www/modules//consensus/?run_id=110202&search_id=114132&scans_id=110198&peptide_id=35814&scanf=43351&charge=3&value=sp|Q15528|MED22_HUMAN,4,/core/www/modules/match_peptides/blast_html4.php?run_id=110202&search_id=114132&scans_id=110198&peptide_id=35814&scanf=43351&charge=3&value=4,K.QFLILNDFPSVNEAIDQR.N,/core/www/modules/show_out/show_out_wrapper.php?run_id=110202&search_id=114132&scans_id=110198&peptide_id=35814&scanf=43351&charge=3&value=K.QFLILNDFPSVNEAIDQR.N,MED22,2.166e+6,3.413,0.001,3.020,0.000
43353,3,"  3.443","  0.337",14/64,/core/www/modules//sdig/index.php?run_id=110202&search_id=114132&scans_id=110198&peptide_id=35816&scanf=43353&charge=3&value=14/64,sp|Q96RE7|NACC1_HUMAN,/core/www/modules//consensus/?run_id=110202&search_id=114132&scans_id=110198&peptide_id=35816&scanf=43353&charge=3&value=sp|Q96RE7|NACC1_HUMAN,0,/core/www/modules/match_peptides/blast_html4.php?run_id=110202&search_id=114132&scans_id=110198&peptide_id=35816&scanf=43353&charge=3&value=0,R.QDLASLPAELINQIGNR.C,/core/www/modules/show_out/show_out_wrapper.php?run_id=110202&search_id=114132&scans_id=110198&peptide_id=35816&scanf=43353&charge=3&value=R.QDLASLPAELINQIGNR.C,NACC1,2.227e+6,2.410,0.029,1.544,0.001
43357,2,"  3.601","  0.487",15/26,/core/www/modules//sdig/index.php?run_id=110202&search_id=114132&scans_id=110198&peptide_id=35820&scanf=43357&charge=2&value=15/26,sp|O15400|STX7_HUMAN,/core/www/modules//consensus/?run_id=110202&search_id=114132&scans_id=110198&peptide_id=35820&scanf=43357&charge=2&value=sp|O15400|STX7_HUMAN,0,/core/www/modules/match_peptides/blast_html4.php?run_id=110202&search_id=114132&scans_id=110198&peptide_id=35820&scanf=43357&charge=2&value=0,R.QLEADIMDINEIFK.D,/core/www/modules/show_out/show_out_wrapper.php?run_id=110202&search_id=114132&scans_id=110198&peptide_id=35820&scanf=43357&charge=2&value=R.QLEADIMDINEIFK.D,STX7,6.614e+5,3.050,0.003,2.482,0.000
43361,3,"  5.122","  0.695",21/92,/core/www/modules//sdig/index.php?run_id=110202&search_id=114132&scans_id=110198&peptide_id=35825&scanf=43361&charge=3&value=21/92,sp|O75643|U520_HUMAN,/core/www/modules//consensus/?run_id=110202&search_id=114132&scans_id=110198&peptide_id=35825&scanf=43361&charge=3&value=sp|O75643|U520_HUMAN,1,/core/www/modules/match_peptides/blast_html4.php?run_id=110202&search_id=114132&scans_id=110198&peptide_id=35825&scanf=43361&charge=3&value=1,K.GLFYFDNSFRPVPLEQTYVGITEK.K,/core/www/modules/show_out/show_out_wrapper.php?run_id=110202&search_id=114132&scans_id=110198&peptide_id=35825&scanf=43361&charge=3&value=K.GLFYFDNSFRPVPLEQTYVGITEK.K,SNRNP200,2.761e+6,3.723,0.000,3.479,0.000
43365,3,"  4.702","  0.599",21/72,/core/www/modules//sdig/index.php?run_id=110202&search_id=114132&scans_id=110198&peptide_id=35828&scanf=43365&charge=3&value=21/72,sp|O75915|PRAF3_HUMAN,/core/www/modules//consensus/?run_id=110202&search_id=114132&scans_id=110198&peptide_id=35828&scanf=43365&charge=3&value=sp|O75915|PRAF3_HUMAN,0,/core/www/modules/match_peptides/blast_html4.php?run_id=110202&search_id=114132&scans_id=110198&peptide_id=35828&scanf=43365&charge=3&value=0,R.TPMGIVLDALEQQEEGINR.L,/core/www/modules/show_out/show_out_wrapper.php?run_id=110202&search_id=114132&scans_id=110198&peptide_id=35828&scanf=43365&charge=3&value=R.TPMGIVLDALEQQEEGINR.L,ARL6IP5,1.114e+7,3.365,0.001,2.948,0.000
43367,2,"  3.481","  0.606",14/22,/core/www/modules//sdig/index.php?run_id=110202&search_id=114132&scans_id=110198&peptide_id=35830&scanf=43367&charge=2&value=14/22,sp|Q93009|UBP7_HUMAN,/core/www/modules//consensus/?run_id=110202&search_id=114132&scans_id=110198&peptide_id=35830&scanf=43367&charge=2&value=sp|Q93009|UBP7_HUMAN,2,/core/www/modules/match_peptides/blast_html4.php?run_id=110202&search_id=114132&scans_id=110198&peptide_id=35830&scanf=43367&charge=2&value=2,R.LNTDPMLLQFFK.S,/core/www/modules/show_out/show_out_wrapper.php?run_id=110202&search_id=114132&scans_id=110198&peptide_id=35830&scanf=43367&charge=2&value=R.LNTDPMLLQFFK.S,USP7,8.839e+6,3.610,0.000,3.312,0.000
43372,3,"  2.839","  0.478",13/60,/core/www/modules//sdig/index.php?run_id=110202&search_id=114132&scans_id=110198&peptide_id=35836&scanf=43372&charge=3&value=13/60,sp|P11387|TOP1_HUMAN,/core/www/modules//consensus/?run_id=110202&search_id=114132&scans_id=110198&peptide_id=35836&scanf=43372&charge=3&value=sp|P11387|TOP1_HUMAN,0,/core/www/modules/match_peptides/blast_html4.php?run_id=110202&search_id=114132&scans_id=110198&peptide_id=35836&scanf=43372&charge=3&value=0,K.VTWLVSWTENIQGSIK.Y,/core/www/modules/show_out/show_out_wrapper.php?run_id=110202&search_id=114132&scans_id=110198&peptide_id=35836&scanf=43372&charge=3&value=K.VTWLVSWTENIQGSIK.Y,TOP1,1.012e+6,2.979,0.004,2.377,0.000
43376,2,"  4.183","  0.568",14/24,/core/www/modules//sdig/index.php?run_id=110202&search_id=114132&scans_id=110198&peptide_id=35840&scanf=43376&charge=2&value=14/24,sp|Q86XP3|DDX42_HUMAN,/core/www/modules//consensus/?run_id=110202&search_id=114132&scans_id=110198&peptide_id=35840&scanf=43376&charge=2&value=sp|Q86XP3|DDX42_HUMAN,0,/core/www/modules/match_peptides/blast_html4.php?run_id=110202&search_id=114132&scans_id=110198&peptide_id=35840&scanf=43376&charge=2&value=0,K.ELLDLAMQNAWFR.K,/core/www/modules/show_out/show_out_wrapper.php?run_id=110202&search_id=114132&scans_id=110198&peptide_id=35840&scanf=43376&charge=2&value=K.ELLDLAMQNAWFR.K,DDX42,2.501e+6,3.485,0.001,3.125,0.000
43378,3,"  2.373","  0.299",12/68,/core/www/modules//sdig/index.php?run_id=110202&search_id=114132&scans_id=110198&peptide_id=35842&scanf=43378&charge=3&value=12/68,sp|Q86VY4|TSYL5_HUMAN,/core/www/modules//consensus/?run_id=110202&search_id=114132&scans_id=110198&peptide_id=35842&scanf=43378&charge=3&value=sp|Q86VY4|TSYL5_HUMAN,0,/core/www/modules/match_peptides/blast_html4.php?run_id=110202&search_id=114132&scans_id=110198&peptide_id=35842&scanf=43378&charge=3&value=0,K.EVLSYLNSLEVEELGLAR.L,/core/www/modules/show_out/show_out_wrapper.php?run_id=110202&search_id=114132&scans_id=110198&peptide_id=35842&scanf=43378&charge=3&value=K.EVLSYLNSLEVEELGLAR.L,TSPYL5,1.655e+6,2.114,0.075,1.126,0.002
43395,3,"  2.835","  0.313",13/64,/core/www/modules//sdig/index.php?run_id=110202&search_id=114132&scans_id=110198&peptide_id=35860&scanf=43395&charge=3&value=13/64,sp|Q8WTT2|NOC3L_HUMAN,/core/www/modules//consensus/?run_id=110202&search_id=114132&scans_id=110198&peptide_id=35860&scanf=43395&charge=3&value=sp|Q8WTT2|NOC3L_HUMAN,0,/core/www/modules/match_peptides/blast_html4.php?run_id=110202&search_id=114132&scans_id=110198&peptide_id=35860&scanf=43395&charge=3&value=0,K.FLQGDSFLNEDLNQLIK.R,/core/www/modules/show_out/show_out_wrapper.php?run_id=110202&search_id=114132&scans_id=110198&peptide_id=35860&scanf=43395&charge=3&value=K.FLQGDSFLNEDLNQLIK.R,NOC3L,7.507e+6,2.275,0.045,1.351,0.002
43397,3,"  2.636","  0.461",14/60,/core/www/modules//sdig/index.php?run_id=110202&search_id=114132&scans_id=110198&peptide_id=35862&scanf=43397&charge=3&value=14/60,sp|Q9UL46|PSME2_HUMAN,/core/www/modules//consensus/?run_id=110202&search_id=114132&scans_id=110198&peptide_id=35862&scanf=43397&charge=3&value=sp|Q9UL46|PSME2_HUMAN,2,/core/www/modules/match_peptides/blast_html4.php?run_id=110202&search_id=114132&scans_id=110198&peptide_id=35862&scanf=43397&charge=3&value=2,R.AFYAELYHIISSNLEK.I,/core/www/modules/show_out/show_out_wrapper.php?run_id=110202&search_id=114132&scans_id=110198&peptide_id=35862&scanf=43397&charge=3&value=R.AFYAELYHIISSNLEK.I,PSME2,1.338e+6,2.748,0.009,2.037,0.000
43414,3,"  3.262","  0.462",23/96,/core/www/modules//sdig/index.php?run_id=110202&search_id=114132&scans_id=110198&peptide_id=35880&scanf=43414&charge=3&value=23/96,sp|Q14137|BOP1_HUMAN,/core/www/modules//consensus/?run_id=110202&search_id=114132&scans_id=110198&peptide_id=35880&scanf=43414&charge=3&value=sp|Q14137|BOP1_HUMAN,0,/core/www/modules/match_peptides/blast_html4.php?run_id=110202&search_id=114132&scans_id=110198&peptide_id=35880&scanf=43414&charge=3&value=0,R.LVAGSTDQLLSAFVPPEEPPLQPAR.W,/core/www/modules/show_out/show_out_wrapper.php?run_id=110202&search_id=114132&scans_id=110198&peptide_id=35880&scanf=43414&charge=3&value=R.LVAGSTDQLLSAFVPPEEPPLQPAR.W,BOP1,2.947e+6,2.578,0.016,1.788,0.000
43419,3,"  4.002","  0.613",17/68,/core/www/modules//sdig/index.php?run_id=110202&search_id=114132&scans_id=110198&peptide_id=35885&scanf=43419&charge=3&value=17/68,sp|Q2TB10|ZN800_HUMAN,/core/www/modules//consensus/?run_id=110202&search_id=114132&scans_id=110198&peptide_id=35885&scanf=43419&charge=3&value=sp|Q2TB10|ZN800_HUMAN,2,/core/www/modules/match_peptides/blast_html4.php?run_id=110202&search_id=114132&scans_id=110198&peptide_id=35885&scanf=43419&charge=3&value=2,K.QSQAINDLLEAIYPSVDK.R,/core/www/modules/show_out/show_out_wrapper.php?run_id=110202&search_id=114132&scans_id=110198&peptide_id=35885&scanf=43419&charge=3&value=K.QSQAINDLLEAIYPSVDK.R,ZNF800,9.477e+5,3.370,0.001,2.956,0.000
43420,3,"  3.696","  0.452",11/88,/core/www/modules//sdig/index.php?run_id=110202&search_id=114132&scans_id=110198&peptide_id=35887&scanf=43420&charge=3&value=11/88,sp|P22670|RFX1_HUMAN,/core/www/modules//consensus/?run_id=110202&search_id=114132&scans_id=110198&peptide_id=35887&scanf=43420&charge=3&value=sp|P22670|RFX1_HUMAN,0,/core/www/modules/match_peptides/blast_html4.php?run_id=110202&search_id=114132&scans_id=110198&peptide_id=35887&scanf=43420&charge=3&value=0,R.ASPATVQWLLDNYETAEGVSLPR.S,/core/www/modules/show_out/show_out_wrapper.php?run_id=110202&search_id=114132&scans_id=110198&peptide_id=35887&scanf=43420&charge=3&value=R.ASPATVQWLLDNYETAEGVSLPR.S,RFX1,4.385e+6,2.484,0.022,1.651,0.001
43421,3,"  4.373","  0.669",24/96,/core/www/modules//sdig/index.php?run_id=110202&search_id=114132&scans_id=110198&peptide_id=35888&scanf=43421&charge=3&value=24/96,sp|Q9UK61|TASOR_HUMAN,/core/www/modules//consensus/?run_id=110202&search_id=114132&scans_id=110198&peptide_id=35888&scanf=43421&charge=3&value=sp|Q9UK61|TASOR_HUMAN,0,/core/www/modules/match_peptides/blast_html4.php?run_id=110202&search_id=114132&scans_id=110198&peptide_id=35888&scanf=43421&charge=3&value=0,R.EFEDVVNILHSSYLEPTSVTNFNYR.R,/core/www/modules/show_out/show_out_wrapper.php?run_id=110202&search_id=114132&scans_id=110198&peptide_id=35888&scanf=43421&charge=3&value=R.EFEDVVNILHSSYLEPTSVTNFNYR.R,TASOR,6.436e+5,3.364,0.001,2.946,0.000
43424,3,"  4.715","  0.509",17/104,/core/www/modules//sdig/index.php?run_id=110202&search_id=114132&scans_id=110198&peptide_id=35891&scanf=43424&charge=3&value=17/104,sp|O60942|MCE1_HUMAN,/core/www/modules//consensus/?run_id=110202&search_id=114132&scans_id=110198&peptide_id=35891&scanf=43424&charge=3&value=sp|O60942|MCE1_HUMAN,0,/core/www/modules/match_peptides/blast_html4.php?run_id=110202&search_id=114132&scans_id=110198&peptide_id=35891&scanf=43424&charge=3&value=0,R.MGGEGLLPQNVGLLYVGGYERPFAQIK.V,/core/www/modules/show_out/show_out_wrapper.php?run_id=110202&search_id=114132&scans_id=110198&peptide_id=35891&scanf=43424&charge=3&value=R.MGGEGLLPQNVGLLYVGGYERPFAQIK.V,RNGTT,5.632e+5,2.598,0.015,1.816,0.000
43433,3,"  3.919","  0.548",14/64,/core/www/modules//sdig/index.php?run_id=110202&search_id=114132&scans_id=110198&peptide_id=35900&scanf=43433&charge=3&value=14/64,sp|O75475|PSIP1_HUMAN,/core/www/modules//consensus/?run_id=110202&search_id=114132&scans_id=110198&peptide_id=35900&scanf=43433&charge=3&value=sp|O75475|PSIP1_HUMAN,0,/core/www/modules/match_peptides/blast_html4.php?run_id=110202&search_id=114132&scans_id=110198&peptide_id=35900&scanf=43433&charge=3&value=0,K.LPIFFFGTHETAFLGPK.D,/core/www/modules/show_out/show_out_wrapper.php?run_id=110202&search_id=114132&scans_id=110198&peptide_id=35900&scanf=43433&charge=3&value=K.LPIFFFGTHETAFLGPK.D,PSIP1,2.925e+6,3.111,0.003,2.572,0.000
43435,3,"  4.740","  0.662",20/96,/core/www/modules//sdig/index.php?run_id=110202&search_id=114132&scans_id=110198&peptide_id=35902&scanf=43435&charge=3&value=20/96,sp|Q9UK61|TASOR_HUMAN,/core/www/modules//consensus/?run_id=110202&search_id=114132&scans_id=110198&peptide_id=35902&scanf=43435&charge=3&value=sp|Q9UK61|TASOR_HUMAN,0,/core/www/modules/match_peptides/blast_html4.php?run_id=110202&search_id=114132&scans_id=110198&peptide_id=35902&scanf=43435&charge=3&value=0,R.EFEDVVNILHSSYLEPTSVTNFNYR.R,/core/www/modules/show_out/show_out_wrapper.php?run_id=110202&search_id=114132&scans_id=110198&peptide_id=35902&scanf=43435&charge=3&value=R.EFEDVVNILHSSYLEPTSVTNFNYR.R,TASOR,6.436e+5,3.300,0.001,2.852,0.000
43439,3,"  2.989","  0.198",10/68,/core/www/modules//sdig/index.php?run_id=110202&search_id=114132&scans_id=110198&peptide_id=35906&scanf=43439&charge=3&value=10/68,sp|P60709|ACTB_HUMAN,/core/www/modules//consensus/?run_id=110202&search_id=114132&scans_id=110198&peptide_id=35906&scanf=43439&charge=3&value=sp|P60709|ACTB_HUMAN,14,/core/www/modules/match_peptides/blast_html4.php?run_id=110202&search_id=114132&scans_id=110198&peptide_id=35906&scanf=43439&charge=3&value=14,R.VAPEEHPVLLTEAPLNPK.A,/core/www/modules/show_out/show_out_wrapper.php?run_id=110202&search_id=114132&scans_id=110198&peptide_id=35906&scanf=43439&charge=3&value=R.VAPEEHPVLLTEAPLNPK.A,ACTB,3.373e+6,2.254,0.048,1.321,0.002
43444,3,"  4.626","  0.546",16/72,/core/www/modules//sdig/index.php?run_id=110202&search_id=114132&scans_id=110198&peptide_id=35912&scanf=43444&charge=3&value=16/72,sp|Q9UPN3|MACF1_HUMAN,/core/www/modules//consensus/?run_id=110202&search_id=114132&scans_id=110198&peptide_id=35912&scanf=43444&charge=3&value=sp|Q9UPN3|MACF1_HUMAN,6,/core/www/modules/match_peptides/blast_html4.php?run_id=110202&search_id=114132&scans_id=110198&peptide_id=35912&scanf=43444&charge=3&value=6,R.LQAALASTQQFQQMFDELR.T,/core/www/modules/show_out/show_out_wrapper.php?run_id=110202&search_id=114132&scans_id=110198&peptide_id=35912&scanf=43444&charge=3&value=R.LQAALASTQQFQQMFDELR.T,MACF1,1.377e+6,3.115,0.003,2.579,0.000
43451,3,"  5.470","  0.526",21/92,/core/www/modules//sdig/index.php?run_id=110202&search_id=114132&scans_id=110198&peptide_id=35919&scanf=43451&charge=3&value=21/92,sp|Q9P013|CWC15_HUMAN,/core/www/modules//consensus/?run_id=110202&search_id=114132&scans_id=110198&peptide_id=35919&scanf=43451&charge=3&value=sp|Q9P013|CWC15_HUMAN,0,/core/www/modules/match_peptides/blast_html4.php?run_id=110202&search_id=114132&scans_id=110198&peptide_id=35919&scanf=43451&charge=3&value=0,R.MENILSGNPLLNLTGPSQPQANFK.V,/core/www/modules/show_out/show_out_wrapper.php?run_id=110202&search_id=114132&scans_id=110198&peptide_id=35919&scanf=43451&charge=3&value=R.MENILSGNPLLNLTGPSQPQANFK.V,CWC15,1.057e+6,2.939,0.005,2.318,0.000
43457,2,"  2.565","  0.168",10/22,/core/www/modules//sdig/index.php?run_id=110202&search_id=114132&scans_id=110198&peptide_id=35925&scanf=43457&charge=2&value=10/22,sp|Q03164|KMT2A_HUMAN,/core/www/modules//consensus/?run_id=110202&search_id=114132&scans_id=110198&peptide_id=35925&scanf=43457&charge=2&value=sp|Q03164|KMT2A_HUMAN,1,/core/www/modules/match_peptides/blast_html4.php?run_id=110202&search_id=114132&scans_id=110198&peptide_id=35925&scanf=43457&charge=2&value=1,K.SAFDMFNFLASK.H,/core/www/modules/show_out/show_out_wrapper.php?run_id=110202&search_id=114132&scans_id=110198&peptide_id=35925&scanf=43457&charge=2&value=K.SAFDMFNFLASK.H,KMT2A,7.196e+5,1.827,0.177,0.751,0.010
43458,2,"  2.318","  0.541",12/22,/core/www/modules//sdig/index.php?run_id=110202&search_id=114132&scans_id=110198&peptide_id=35926&scanf=43458&charge=2&value=12/22,sp|O75531|BAF_HUMAN,/core/www/modules//consensus/?run_id=110202&search_id=114132&scans_id=110198&peptide_id=35926&scanf=43458&charge=2&value=sp|O75531|BAF_HUMAN,0,/core/www/modules/match_peptides/blast_html4.php?run_id=110202&search_id=114132&scans_id=110198&peptide_id=35926&scanf=43458&charge=2&value=0,K.AYVVLGQFLVLK.K,/core/www/modules/show_out/show_out_wrapper.php?run_id=110202&search_id=114132&scans_id=110198&peptide_id=35926&scanf=43458&charge=2&value=K.AYVVLGQFLVLK.K,BANF1,2.282e+6,3.173,0.002,2.663,0.000
43463,2,"  2.085","  0.635",10/16,/core/www/modules//sdig/index.php?run_id=110202&search_id=114132&scans_id=110198&peptide_id=35932&scanf=43463&charge=2&value=10/16,sp|P78527|PRKDC_HUMAN,/core/www/modules//consensus/?run_id=110202&search_id=114132&scans_id=110198&peptide_id=35932&scanf=43463&charge=2&value=sp|P78527|PRKDC_HUMAN,0,/core/www/modules/match_peptides/blast_html4.php?run_id=110202&search_id=114132&scans_id=110198&peptide_id=35932&scanf=43463&charge=2&value=0,R.DFGLLVFVR.K,/core/www/modules/show_out/show_out_wrapper.php?run_id=110202&search_id=114132&scans_id=110198&peptide_id=35932&scanf=43463&charge=2&value=R.DFGLLVFVR.K,PRKDC,3.083e+6,4.533,0.000,4.680,0.000
43464,2,"  1.679","  0.334",9/20,/core/www/modules//sdig/index.php?run_id=110202&search_id=114132&scans_id=110198&peptide_id=35933&scanf=43464&charge=2&value=9/20,sp|Q9NR30|DDX21_HUMAN,/core/www/modules//consensus/?run_id=110202&search_id=114132&scans_id=110198&peptide_id=35933&scanf=43464&charge=2&value=sp|Q9NR30|DDX21_HUMAN,4,/core/www/modules/match_peptides/blast_html4.php?run_id=110202&search_id=114132&scans_id=110198&peptide_id=35933&scanf=43464&charge=2&value=4,K.TFSFAIPLIEK.L,/core/www/modules/show_out/show_out_wrapper.php?run_id=110202&search_id=114132&scans_id=110198&peptide_id=35933&scanf=43464&charge=2&value=K.TFSFAIPLIEK.L,DDX21,9.297e+7,2.515,0.020,1.696,0.000
43465,3,"  3.024","  0.320",14/64,/core/www/modules//sdig/index.php?run_id=110202&search_id=114132&scans_id=110198&peptide_id=35934&scanf=43465&charge=3&value=14/64,sp|Q9H0A0|NAT10_HUMAN,/core/www/modules//consensus/?run_id=110202&search_id=114132&scans_id=110198&peptide_id=35934&scanf=43465&charge=3&value=sp|Q9H0A0|NAT10_HUMAN,0,/core/www/modules/match_peptides/blast_html4.php?run_id=110202&search_id=114132&scans_id=110198&peptide_id=35934&scanf=43465&charge=3&value=0,R.NM*VDYHLIMDMIPAISR.I,/core/www/modules/show_out/show_out_wrapper.php?run_id=110202&search_id=114132&scans_id=110198&peptide_id=35934&scanf=43465&charge=3&value=R.NM*VDYHLIMDMIPAISR.I,NAT10,2.249e+6,2.883,0.006,2.236,0.000
43470,3,"  3.006","  0.441",12/88,/core/www/modules//sdig/index.php?run_id=110202&search_id=114132&scans_id=110198&peptide_id=35939&scanf=43470&charge=3&value=12/88,sp|P22670|RFX1_HUMAN,/core/www/modules//consensus/?run_id=110202&search_id=114132&scans_id=110198&peptide_id=35939&scanf=43470&charge=3&value=sp|P22670|RFX1_HUMAN,0,/core/www/modules/match_peptides/blast_html4.php?run_id=110202&search_id=114132&scans_id=110198&peptide_id=35939&scanf=43470&charge=3&value=0,R.ASPATVQWLLDNYETAEGVSLPR.S,/core/www/modules/show_out/show_out_wrapper.php?run_id=110202&search_id=114132&scans_id=110198&peptide_id=35939&scanf=43470&charge=3&value=R.ASPATVQWLLDNYETAEGVSLPR.S,RFX1,4.385e+6,2.433,0.026,1.577,0.001
43477,3,"  3.572","  0.513",17/84,/core/www/modules//sdig/index.php?run_id=110202&search_id=114132&scans_id=110198&peptide_id=35946&scanf=43477&charge=3&value=17/84,sp|P10809|CH60_HUMAN,/core/www/modules//consensus/?run_id=110202&search_id=114132&scans_id=110198&peptide_id=35946&scanf=43477&charge=3&value=sp|P10809|CH60_HUMAN,5,/core/www/modules/match_peptides/blast_html4.php?run_id=110202&search_id=114132&scans_id=110198&peptide_id=35946&scanf=43477&charge=3&value=5,R.KPLVIIAEDVDGEALSTLVLNR.L,/core/www/modules/show_out/show_out_wrapper.php?run_id=110202&search_id=114132&scans_id=110198&peptide_id=35946&scanf=43477&charge=3&value=R.KPLVIIAEDVDGEALSTLVLNR.L,HSPD1,2.512e+6,2.925,0.005,2.297,0.000
43479,2,"  4.019","  0.554",16/32,/core/www/modules//sdig/index.php?run_id=110202&search_id=114132&scans_id=110198&peptide_id=35948&scanf=43479&charge=2&value=16/32,sp|Q9H0U4|RAB1B_HUMAN,/core/www/modules//consensus/?run_id=110202&search_id=114132&scans_id=110198&peptide_id=35948&scanf=43479&charge=2&value=sp|Q9H0U4|RAB1B_HUMAN,2,/core/www/modules/match_peptides/blast_html4.php?run_id=110202&search_id=114132&scans_id=110198&peptide_id=35948&scanf=43479&charge=2&value=2,K.NATNVEQAFMTMAAEIK.K,/core/www/modules/show_out/show_out_wrapper.php?run_id=110202&search_id=114132&scans_id=110198&peptide_id=35948&scanf=43479&charge=2&value=K.NATNVEQAFMTMAAEIK.K,RAB1B,2.532e+6,2.845,0.007,2.180,0.000
43485,3,"  3.261","  0.621",17/56,/core/www/modules//sdig/index.php?run_id=110202&search_id=114132&scans_id=110198&peptide_id=35955&scanf=43485&charge=3&value=17/56,sp|P61160|ARP2_HUMAN,/core/www/modules//consensus/?run_id=110202&search_id=114132&scans_id=110198&peptide_id=35955&scanf=43485&charge=3&value=sp|P61160|ARP2_HUMAN,0,/core/www/modules/match_peptides/blast_html4.php?run_id=110202&search_id=114132&scans_id=110198&peptide_id=35955&scanf=43485&charge=3&value=0,K.HMVFLGGAVLADIMK.D,/core/www/modules/show_out/show_out_wrapper.php?run_id=110202&search_id=114132&scans_id=110198&peptide_id=35955&scanf=43485&charge=3&value=K.HMVFLGGAVLADIMK.D,ACTR2,1.069e+6,3.530,0.001,3.193,0.000
43491,3,"  5.318","  0.705",20/68,/core/www/modules//sdig/index.php?run_id=110202&search_id=114132&scans_id=110198&peptide_id=35961&scanf=43491&charge=3&value=20/68,sp|Q92878|RAD50_HUMAN,/core/www/modules//consensus/?run_id=110202&search_id=114132&scans_id=110198&peptide_id=35961&scanf=43491&charge=3&value=sp|Q92878|RAD50_HUMAN,3,/core/www/modules/match_peptides/blast_html4.php?run_id=110202&search_id=114132&scans_id=110198&peptide_id=35961&scanf=43491&charge=3&value=3,R.VFQTEAELQEVISDLQSK.L,/core/www/modules/show_out/show_out_wrapper.php?run_id=110202&search_id=114132&scans_id=110198&peptide_id=35961&scanf=43491&charge=3&value=R.VFQTEAELQEVISDLQSK.L,RAD50,1.818e+7,3.885,0.000,3.720,0.000
43495,2,"  3.082","  0.550",13/24,/core/www/modules//sdig/index.php?run_id=110202&search_id=114132&scans_id=110198&peptide_id=35965&scanf=43495&charge=2&value=13/24,sp|Q14204|DYHC1_HUMAN,/core/www/modules//consensus/?run_id=110202&search_id=114132&scans_id=110198&peptide_id=35965&scanf=43495&charge=2&value=sp|Q14204|DYHC1_HUMAN,27,/core/www/modules/match_peptides/blast_html4.php?run_id=110202&search_id=114132&scans_id=110198&peptide_id=35965&scanf=43495&charge=2&value=27,R.FQSISTEFLALMK.K,/core/www/modules/show_out/show_out_wrapper.php?run_id=110202&search_id=114132&scans_id=110198&peptide_id=35965&scanf=43495&charge=2&value=R.FQSISTEFLALMK.K,DYNC1H1,2.580e+6,3.530,0.001,3.192,0.000
43502,3,"  4.212","  0.642",22/68,/core/www/modules//sdig/index.php?run_id=110202&search_id=114132&scans_id=110198&peptide_id=35973&scanf=43502&charge=3&value=22/68,sp|P10588|NR2F6_HUMAN,/core/www/modules//consensus/?run_id=110202&search_id=114132&scans_id=110198&peptide_id=35973&scanf=43502&charge=3&value=sp|P10588|NR2F6_HUMAN,1,/core/www/modules/match_peptides/blast_html4.php?run_id=110202&search_id=114132&scans_id=110198&peptide_id=35973&scanf=43502&charge=3&value=1,R.HAPFFPELPVADQVALLR.L,/core/www/modules/show_out/show_out_wrapper.php?run_id=110202&search_id=114132&scans_id=110198&peptide_id=35973&scanf=43502&charge=3&value=R.HAPFFPELPVADQVALLR.L,NR2F6,3.677e+6,3.547,0.001,3.217,0.000
43503,3,"  3.618","  0.411",11/92,/core/www/modules//sdig/index.php?run_id=110202&search_id=114132&scans_id=110198&peptide_id=35974&scanf=43503&charge=3&value=11/92,sp|Q9P013|CWC15_HUMAN,/core/www/modules//consensus/?run_id=110202&search_id=114132&scans_id=110198&peptide_id=35974&scanf=43503&charge=3&value=sp|Q9P013|CWC15_HUMAN,0,/core/www/modules/match_peptides/blast_html4.php?run_id=110202&search_id=114132&scans_id=110198&peptide_id=35974&scanf=43503&charge=3&value=0,R.MENILSGNPLLNLTGPSQPQANFK.V,/core/www/modules/show_out/show_out_wrapper.php?run_id=110202&search_id=114132&scans_id=110198&peptide_id=35974&scanf=43503&charge=3&value=R.MENILSGNPLLNLTGPSQPQANFK.V,CWC15,1.057e+6,2.296,0.042,1.381,0.001
43512,3,"  3.828","  0.526",17/72,/core/www/modules//sdig/index.php?run_id=110202&search_id=114132&scans_id=110198&peptide_id=35982&scanf=43512&charge=3&value=17/72,sp|Q86W42|THOC6_HUMAN,/core/www/modules//consensus/?run_id=110202&search_id=114132&scans_id=110198&peptide_id=35982&scanf=43512&charge=3&value=sp|Q86W42|THOC6_HUMAN,0,/core/www/modules/match_peptides/blast_html4.php?run_id=110202&search_id=114132&scans_id=110198&peptide_id=35982&scanf=43512&charge=3&value=0,R.AVPLAVPLGQTEVFQALQR.L,/core/www/modules/show_out/show_out_wrapper.php?run_id=110202&search_id=114132&scans_id=110198&peptide_id=35982&scanf=43512&charge=3&value=R.AVPLAVPLGQTEVFQALQR.L,THOC6,7.411e+6,2.960,0.004,2.348,0.000
43514,3,"  5.250","  0.651",26/84,/core/www/modules//sdig/index.php?run_id=110202&search_id=114132&scans_id=110198&peptide_id=35984&scanf=43514&charge=3&value=26/84,sp|O14617|AP3D1_HUMAN,/core/www/modules//consensus/?run_id=110202&search_id=114132&scans_id=110198&peptide_id=35984&scanf=43514&charge=3&value=sp|O14617|AP3D1_HUMAN,2,/core/www/modules/match_peptides/blast_html4.php?run_id=110202&search_id=114132&scans_id=110198&peptide_id=35984&scanf=43514&charge=3&value=2,K.FAVSQMSALLDSAHLLASSTQR.N,/core/www/modules/show_out/show_out_wrapper.php?run_id=110202&search_id=114132&scans_id=110198&peptide_id=35984&scanf=43514&charge=3&value=K.FAVSQMSALLDSAHLLASSTQR.N,AP3D1,2.209e+6,3.471,0.001,3.105,0.000
43516,3,"  3.477","  0.576",18/76,/core/www/modules//sdig/index.php?run_id=110202&search_id=114132&scans_id=110198&peptide_id=35986&scanf=43516&charge=3&value=18/76,sp|Q00403|TF2B_HUMAN,/core/www/modules//consensus/?run_id=110202&search_id=114132&scans_id=110198&peptide_id=35986&scanf=43516&charge=3&value=sp|Q00403|TF2B_HUMAN,0,/core/www/modules/match_peptides/blast_html4.php?run_id=110202&search_id=114132&scans_id=110198&peptide_id=35986&scanf=43516&charge=3&value=0,R.SPISVAAAAIYMASQASAEK.R,/core/www/modules/show_out/show_out_wrapper.php?run_id=110202&search_id=114132&scans_id=110198&peptide_id=35986&scanf=43516&charge=3&value=R.SPISVAAAAIYMASQASAEK.R,GTF2B,3.863e+6,3.090,0.003,2.541,0.000
43517,3,"  4.082","  0.501",14/100,/core/www/modules//sdig/index.php?run_id=110202&search_id=114132&scans_id=110198&peptide_id=35987&scanf=43517&charge=3&value=14/100,sp|Q9BUF5|TBB6_HUMAN,/core/www/modules//consensus/?run_id=110202&search_id=114132&scans_id=110198&peptide_id=35987&scanf=43517&charge=3&value=sp|Q9BUF5|TBB6_HUMAN,3,/core/www/modules/match_peptides/blast_html4.php?run_id=110202&search_id=114132&scans_id=110198&peptide_id=35987&scanf=43517&charge=3&value=3,R.SGPFGQLFRPDNFIFGQTGAGNNWAK.G,/core/www/modules/show_out/show_out_wrapper.php?run_id=110202&search_id=114132&scans_id=110198&peptide_id=35987&scanf=43517&charge=3&value=R.SGPFGQLFRPDNFIFGQTGAGNNWAK.G,TUBB6,1.100e+6,2.565,0.017,1.768,0.000
43520,3,"  4.300","  0.635",19/88,/core/www/modules//sdig/index.php?run_id=110202&search_id=114132&scans_id=110198&peptide_id=35991&scanf=43520&charge=3&value=19/88,sp|Q00610|CLH1_HUMAN,/core/www/modules//consensus/?run_id=110202&search_id=114132&scans_id=110198&peptide_id=35991&scanf=43520&charge=3&value=sp|Q00610|CLH1_HUMAN,7,/core/www/modules/match_peptides/blast_html4.php?run_id=110202&search_id=114132&scans_id=110198&peptide_id=35991&scanf=43520&charge=3&value=7,K.AVDVFFPPEAQNDFPVAMQISEK.H,/core/www/modules/show_out/show_out_wrapper.php?run_id=110202&search_id=114132&scans_id=110198&peptide_id=35991&scanf=43520&charge=3&value=K.AVDVFFPPEAQNDFPVAMQISEK.H,CLTC,1.463e+6,3.256,0.002,2.786,0.000
43526,3,"  3.563","  0.252",15/68,/core/www/modules//sdig/index.php?run_id=110202&search_id=114132&scans_id=110198&peptide_id=35997&scanf=43526&charge=3&value=15/68,sp|Q9NSE4|SYIM_HUMAN,/core/www/modules//consensus/?run_id=110202&search_id=114132&scans_id=110198&peptide_id=35997&scanf=43526&charge=3&value=sp|Q9NSE4|SYIM_HUMAN,0,/core/www/modules/match_peptides/blast_html4.php?run_id=110202&search_id=114132&scans_id=110198&peptide_id=35997&scanf=43526&charge=3&value=0,K.DQLGGWFQSSLLTSVAAR.K,/core/www/modules/show_out/show_out_wrapper.php?run_id=110202&search_id=114132&scans_id=110198&peptide_id=35997&scanf=43526&charge=3&value=K.DQLGGWFQSSLLTSVAAR.K,IARS2,1.416e+6,2.104,0.077,1.112,0.003
43531,2,"  4.902","  0.725",24/38,/core/www/modules//sdig/index.php?run_id=110202&search_id=114132&scans_id=110198&peptide_id=36003&scanf=43531&charge=2&value=24/38,sp|Q9Y2R4|DDX52_HUMAN,/core/www/modules//consensus/?run_id=110202&search_id=114132&scans_id=110198&peptide_id=36003&scanf=43531&charge=2&value=sp|Q9Y2R4|DDX52_HUMAN,0,/core/www/modules/match_peptides/blast_html4.php?run_id=110202&search_id=114132&scans_id=110198&peptide_id=36003&scanf=43531&charge=2&value=0,R.NSAVETVEQELLFVGSETGK.L,/core/www/modules/show_out/show_out_wrapper.php?run_id=110202&search_id=114132&scans_id=110198&peptide_id=36003&scanf=43531&charge=2&value=R.NSAVETVEQELLFVGSETGK.L,DDX52,2.524e+6,3.839,0.000,3.650,0.000
43534,3,"  6.237","  0.639",19/100,/core/www/modules//sdig/index.php?run_id=110202&search_id=114132&scans_id=110198&peptide_id=36005&scanf=43534&charge=3&value=19/100,sp|Q9BUF5|TBB6_HUMAN,/core/www/modules//consensus/?run_id=110202&search_id=114132&scans_id=110198&peptide_id=36005&scanf=43534&charge=3&value=sp|Q9BUF5|TBB6_HUMAN,3,/core/www/modules/match_peptides/blast_html4.php?run_id=110202&search_id=114132&scans_id=110198&peptide_id=36005&scanf=43534&charge=3&value=3,R.SGPFGQLFRPDNFIFGQTGAGNNWAK.G,/core/www/modules/show_out/show_out_wrapper.php?run_id=110202&search_id=114132&scans_id=110198&peptide_id=36005&scanf=43534&charge=3&value=R.SGPFGQLFRPDNFIFGQTGAGNNWAK.G,TUBB6,1.100e+6,3.215,0.002,2.726,0.000
43536,2,"  2.855","  0.000",13/28,/core/www/modules//sdig/index.php?run_id=110202&search_id=114132&scans_id=110198&peptide_id=36007&scanf=43536&charge=2&value=13/28,sp|Q03001|DYST_HUMAN,/core/www/modules//consensus/?run_id=110202&search_id=114132&scans_id=110198&peptide_id=36007&scanf=43536&charge=2&value=sp|Q03001|DYST_HUMAN,8,/core/www/modules/match_peptides/blast_html4.php?run_id=110202&search_id=114132&scans_id=110198&peptide_id=36007&scanf=43536&charge=2&value=8,K.SVITYVSSLYDAFPK.V,/core/www/modules/show_out/show_out_wrapper.php?run_id=110202&search_id=114132&scans_id=110198&peptide_id=36007&scanf=43536&charge=2&value=K.SVITYVSSLYDAFPK.V,DST,1.484e+6,3.195,0.002,2.696,0.000
43541,2,"  4.441","  0.604",18/32,/core/www/modules//sdig/index.php?run_id=110202&search_id=114132&scans_id=110198&peptide_id=36013&scanf=43541&charge=2&value=18/32,sp|P42285|MTREX_HUMAN,/core/www/modules//consensus/?run_id=110202&search_id=114132&scans_id=110198&peptide_id=36013&scanf=43541&charge=2&value=sp|P42285|MTREX_HUMAN,1,/core/www/modules/match_peptides/blast_html4.php?run_id=110202&search_id=114132&scans_id=110198&peptide_id=36013&scanf=43541&charge=2&value=1,R.IEESITEDLSLADLMPR.V,/core/www/modules/show_out/show_out_wrapper.php?run_id=110202&search_id=114132&scans_id=110198&peptide_id=36013&scanf=43541&charge=2&value=R.IEESITEDLSLADLMPR.V,MTREX,4.168e+6,3.468,0.001,3.100,0.000
43543,3,"  4.378","  0.620",18/64,/core/www/modules//sdig/index.php?run_id=110202&search_id=114132&scans_id=110198&peptide_id=36015&scanf=43543&charge=3&value=18/64,sp|O15381|NVL_HUMAN,/core/www/modules//consensus/?run_id=110202&search_id=114132&scans_id=110198&peptide_id=36015&scanf=43543&charge=3&value=sp|O15381|NVL_HUMAN,0,/core/www/modules/match_peptides/blast_html4.php?run_id=110202&search_id=114132&scans_id=110198&peptide_id=36015&scanf=43543&charge=3&value=0,K.TLLAHAIAGELDLPILK.V,/core/www/modules/show_out/show_out_wrapper.php?run_id=110202&search_id=114132&scans_id=110198&peptide_id=36015&scanf=43543&charge=3&value=K.TLLAHAIAGELDLPILK.V,NVL,1.571e+6,3.463,0.001,3.093,0.000
43546,2,"  2.082","  0.421",8/16,/core/www/modules//sdig/index.php?run_id=110202&search_id=114132&scans_id=110198&peptide_id=36018&scanf=43546&charge=2&value=8/16,sp|O00217|NDUS8_HUMAN,/core/www/modules//consensus/?run_id=110202&search_id=114132&scans_id=110198&peptide_id=36018&scanf=43546&charge=2&value=sp|O00217|NDUS8_HUMAN,4,/core/www/modules/match_peptides/blast_html4.php?run_id=110202&search_id=114132&scans_id=110198&peptide_id=36018&scanf=43546&charge=2&value=4,R.TLLWTELFR.G,/core/www/modules/show_out/show_out_wrapper.php?run_id=110202&search_id=114132&scans_id=110198&peptide_id=36018&scanf=43546&charge=2&value=R.TLLWTELFR.G,NDUFS8,9.130e+5,2.836,0.007,2.166,0.000
43552,2,"  2.030","  0.527",8/20,/core/www/modules//sdig/index.php?run_id=110202&search_id=114132&scans_id=110198&peptide_id=36025&scanf=43552&charge=2&value=8/20,sp|Q8N0U8|VKORL_HUMAN,/core/www/modules//consensus/?run_id=110202&search_id=114132&scans_id=110198&peptide_id=36025&scanf=43552&charge=2&value=sp|Q8N0U8|VKORL_HUMAN,1,/core/www/modules/match_peptides/blast_html4.php?run_id=110202&search_id=114132&scans_id=110198&peptide_id=36025&scanf=43552&charge=2&value=1,R.GFGLLGSIFGK.D,/core/www/modules/show_out/show_out_wrapper.php?run_id=110202&search_id=114132&scans_id=110198&peptide_id=36025&scanf=43552&charge=2&value=R.GFGLLGSIFGK.D,VKORC1L1,6.861e+5,2.909,0.005,2.273,0.000
43554,3,"  4.194","  0.490",18/96,/core/www/modules//sdig/index.php?run_id=110202&search_id=114132&scans_id=110198&peptide_id=36026&scanf=43554&charge=3&value=18/96,sp|Q14137|BOP1_HUMAN,/core/www/modules//consensus/?run_id=110202&search_id=114132&scans_id=110198&peptide_id=36026&scanf=43554&charge=3&value=sp|Q14137|BOP1_HUMAN,0,/core/www/modules/match_peptides/blast_html4.php?run_id=110202&search_id=114132&scans_id=110198&peptide_id=36026&scanf=43554&charge=3&value=0,R.LVAGSTDQLLSAFVPPEEPPLQPAR.W,/core/www/modules/show_out/show_out_wrapper.php?run_id=110202&search_id=114132&scans_id=110198&peptide_id=36026&scanf=43554&charge=3&value=R.LVAGSTDQLLSAFVPPEEPPLQPAR.W,BOP1,2.947e+6,2.626,0.014,1.858,0.000
43555,3,"  7.319","  0.751",33/112,/core/www/modules//sdig/index.php?run_id=110202&search_id=114132&scans_id=110198&peptide_id=36027&scanf=43555&charge=3&value=33/112,sp|Q13435|SF3B2_HUMAN,/core/www/modules//consensus/?run_id=110202&search_id=114132&scans_id=110198&peptide_id=36027&scanf=43555&charge=3&value=sp|Q13435|SF3B2_HUMAN,2,/core/www/modules/match_peptides/blast_html4.php?run_id=110202&search_id=114132&scans_id=110198&peptide_id=36027&scanf=43555&charge=3&value=2,R.KGPAPELQGVEVALAPEELELDPMAMTQK.Y,/core/www/modules/show_out/show_out_wrapper.php?run_id=110202&search_id=114132&scans_id=110198&peptide_id=36027&scanf=43555&charge=3&value=R.KGPAPELQGVEVALAPEELELDPMAMTQK.Y,SF3B2,3.009e+6,3.439,0.001,3.059,0.000
43556,2,"  5.287","  0.737",19/32,/core/www/modules//sdig/index.php?run_id=110202&search_id=114132&scans_id=110198&peptide_id=36028&scanf=43556&charge=2&value=19/32,sp|Q9H0U4|RAB1B_HUMAN,/core/www/modules//consensus/?run_id=110202&search_id=114132&scans_id=110198&peptide_id=36028&scanf=43556&charge=2&value=sp|Q9H0U4|RAB1B_HUMAN,2,/core/www/modules/match_peptides/blast_html4.php?run_id=110202&search_id=114132&scans_id=110198&peptide_id=36028&scanf=43556&charge=2&value=2,K.NATNVEQAFMTMAAEIK.K,/core/www/modules/show_out/show_out_wrapper.php?run_id=110202&search_id=114132&scans_id=110198&peptide_id=36028&scanf=43556&charge=2&value=K.NATNVEQAFMTMAAEIK.K,RAB1B,2.532e+6,3.925,0.000,3.778,0.000
43557,2,"  3.691","  0.678",17/26,/core/www/modules//sdig/index.php?run_id=110202&search_id=114132&scans_id=110198&peptide_id=36029&scanf=43557&charge=2&value=17/26,sp|Q9NXR7|BABA2_HUMAN,/core/www/modules//consensus/?run_id=110202&search_id=114132&scans_id=110198&peptide_id=36029&scanf=43557&charge=2&value=sp|Q9NXR7|BABA2_HUMAN,1,/core/www/modules/match_peptides/blast_html4.php?run_id=110202&search_id=114132&scans_id=110198&peptide_id=36029&scanf=43557&charge=2&value=1,K.LPVDFSNIPTYLLK.D,/core/www/modules/show_out/show_out_wrapper.php?run_id=110202&search_id=114132&scans_id=110198&peptide_id=36029&scanf=43557&charge=2&value=K.LPVDFSNIPTYLLK.D,BABAM2,2.721e+6,3.770,0.000,3.549,0.000
43561,2,"  1.990","  0.467",7/16,/core/www/modules//sdig/index.php?run_id=110202&search_id=114132&scans_id=110198&peptide_id=36034&scanf=43561&charge=2&value=7/16,sp|Q15291|RBBP5_HUMAN,/core/www/modules//consensus/?run_id=110202&search_id=114132&scans_id=110198&peptide_id=36034&scanf=43561&charge=2&value=sp|Q15291|RBBP5_HUMAN,0,/core/www/modules/match_peptides/blast_html4.php?run_id=110202&search_id=114132&scans_id=110198&peptide_id=36034&scanf=43561&charge=2&value=0,R.IVIWDFLTR.G,/core/www/modules/show_out/show_out_wrapper.php?run_id=110202&search_id=114132&scans_id=110198&peptide_id=36034&scanf=43561&charge=2&value=R.IVIWDFLTR.G,RBBP5,2.434e+6,2.858,0.006,2.199,0.000
43562,3,"  2.429","  0.433",11/64,/core/www/modules//sdig/index.php?run_id=110202&search_id=114132&scans_id=110198&peptide_id=36035&scanf=43562&charge=3&value=11/64,sp|Q9NQ55|SSF1_HUMAN,/core/www/modules//consensus/?run_id=110202&search_id=114132&scans_id=110198&peptide_id=36035&scanf=43562&charge=3&value=sp|Q9NQ55|SSF1_HUMAN,4,/core/www/modules/match_peptides/blast_html4.php?run_id=110202&search_id=114132&scans_id=110198&peptide_id=36035&scanf=43562&charge=3&value=4,K.LMATMFQNLFPSINVHK.V,/core/www/modules/show_out/show_out_wrapper.php?run_id=110202&search_id=114132&scans_id=110198&peptide_id=36035&scanf=43562&charge=3&value=K.LMATMFQNLFPSINVHK.V,PPAN,3.266e+6,2.586,0.016,1.799,0.000
43565,2,"  3.904","  0.602",21/36,/core/www/modules//sdig/index.php?run_id=110202&search_id=114132&scans_id=110198&peptide_id=36038&scanf=43565&charge=2&value=21/36,sp|Q86W42|THOC6_HUMAN,/core/www/modules//consensus/?run_id=110202&search_id=114132&scans_id=110198&peptide_id=36038&scanf=43565&charge=2&value=sp|Q86W42|THOC6_HUMAN,0,/core/www/modules/match_peptides/blast_html4.php?run_id=110202&search_id=114132&scans_id=110198&peptide_id=36038&scanf=43565&charge=2&value=0,R.AVPLAVPLGQTEVFQALQR.L,/core/www/modules/show_out/show_out_wrapper.php?run_id=110202&search_id=114132&scans_id=110198&peptide_id=36038&scanf=43565&charge=2&value=R.AVPLAVPLGQTEVFQALQR.L,THOC6,1.248e+6,3.296,0.001,2.845,0.000
43572,3,"  4.368","  0.662",23/104,/core/www/modules//sdig/index.php?run_id=110202&search_id=114132&scans_id=110198&peptide_id=36046&scanf=43572&charge=3&value=23/104,sp|P82673|RT35_HUMAN,/core/www/modules//consensus/?run_id=110202&search_id=114132&scans_id=110198&peptide_id=36046&scanf=43572&charge=3&value=sp|P82673|RT35_HUMAN,1,/core/www/modules/match_peptides/blast_html4.php?run_id=110202&search_id=114132&scans_id=110198&peptide_id=36046&scanf=43572&charge=3&value=1,K.MAVDQDWPSVYPVAAPFKPSAVPLPVR.M,/core/www/modules/show_out/show_out_wrapper.php?run_id=110202&search_id=114132&scans_id=110198&peptide_id=36046&scanf=43572&charge=3&value=K.MAVDQDWPSVYPVAAPFKPSAVPLPVR.M,MRPS35,1.045e+6,3.210,0.002,2.719,0.000
43575,3,"  5.035","  0.700",23/76,/core/www/modules//sdig/index.php?run_id=110202&search_id=114132&scans_id=110198&peptide_id=36048&scanf=43575&charge=3&value=23/76,sp|Q00403|TF2B_HUMAN,/core/www/modules//consensus/?run_id=110202&search_id=114132&scans_id=110198&peptide_id=36048&scanf=43575&charge=3&value=sp|Q00403|TF2B_HUMAN,0,/core/www/modules/match_peptides/blast_html4.php?run_id=110202&search_id=114132&scans_id=110198&peptide_id=36048&scanf=43575&charge=3&value=0,R.SPISVAAAAIYMASQASAEK.R,/core/www/modules/show_out/show_out_wrapper.php?run_id=110202&search_id=114132&scans_id=110198&peptide_id=36048&scanf=43575&charge=3&value=R.SPISVAAAAIYMASQASAEK.R,GTF2B,3.863e+6,3.685,0.000,3.423,0.000
43580,3,"  5.527","  0.662",27/104,/core/www/modules//sdig/index.php?run_id=110202&search_id=114132&scans_id=110198&peptide_id=36054&scanf=43580&charge=3&value=27/104,sp|Q6UN15|FIP1_HUMAN,/core/www/modules//consensus/?run_id=110202&search_id=114132&scans_id=110198&peptide_id=36054&scanf=43580&charge=3&value=sp|Q6UN15|FIP1_HUMAN,1,/core/www/modules/match_peptides/blast_html4.php?run_id=110202&search_id=114132&scans_id=110198&peptide_id=36054&scanf=43580&charge=3&value=1,R.AFPYGNVAFPHLPGSAPSWPSLVDTSK.Q,/core/www/modules/show_out/show_out_wrapper.php?run_id=110202&search_id=114132&scans_id=110198&peptide_id=36054&scanf=43580&charge=3&value=R.AFPYGNVAFPHLPGSAPSWPSLVDTSK.Q,FIP1L1,2.443e+6,3.283,0.001,2.827,0.000
43586,2,"  2.890","  0.487",11/18,/core/www/modules//sdig/index.php?run_id=110202&search_id=114132&scans_id=110198&peptide_id=36060&scanf=43586&charge=2&value=11/18,sp|A6NHR9|SMHD1_HUMAN,/core/www/modules//consensus/?run_id=110202&search_id=114132&scans_id=110198&peptide_id=36060&scanf=43586&charge=2&value=sp|A6NHR9|SMHD1_HUMAN,4,/core/www/modules/match_peptides/blast_html4.php?run_id=110202&search_id=114132&scans_id=110198&peptide_id=36060&scanf=43586&charge=2&value=4,K.LLLIDWPELK.E,/core/www/modules/show_out/show_out_wrapper.php?run_id=110202&search_id=114132&scans_id=110198&peptide_id=36060&scanf=43586&charge=2&value=K.LLLIDWPELK.E,SMCHD1,3.627e+7,3.430,0.001,3.045,0.000
43593,3,"  3.182","  0.528",17/60,/core/www/modules//sdig/index.php?run_id=110202&search_id=114132&scans_id=110198&peptide_id=36068&scanf=43593&charge=3&value=17/60,sp|P48643|TCPE_HUMAN,/core/www/modules//consensus/?run_id=110202&search_id=114132&scans_id=110198&peptide_id=36068&scanf=43593&charge=3&value=sp|P48643|TCPE_HUMAN,3,/core/www/modules/match_peptides/blast_html4.php?run_id=110202&search_id=114132&scans_id=110198&peptide_id=36068&scanf=43593&charge=3&value=3,K.LGFAGLVQEISFGTTK.D,/core/www/modules/show_out/show_out_wrapper.php?run_id=110202&search_id=114132&scans_id=110198&peptide_id=36068&scanf=43593&charge=3&value=K.LGFAGLVQEISFGTTK.D,CCT5,4.537e+6,3.152,0.002,2.634,0.000
43596,3,"  3.394","  0.598",21/84,/core/www/modules//sdig/index.php?run_id=110202&search_id=114132&scans_id=110198&peptide_id=36070&scanf=43596&charge=3&value=21/84,sp|Q9UHB9|SRP68_HUMAN,/core/www/modules//consensus/?run_id=110202&search_id=114132&scans_id=110198&peptide_id=36070&scanf=43596&charge=3&value=sp|Q9UHB9|SRP68_HUMAN,0,/core/www/modules/match_peptides/blast_html4.php?run_id=110202&search_id=114132&scans_id=110198&peptide_id=36070&scanf=43596&charge=3&value=0,R.IFLLGLADNEAAIVQAESEETK.E,/core/www/modules/show_out/show_out_wrapper.php?run_id=110202&search_id=114132&scans_id=110198&peptide_id=36070&scanf=43596&charge=3&value=R.IFLLGLADNEAAIVQAESEETK.E,SRP68,8.089e+6,3.168,0.002,2.656,0.000
43597,2,"  2.777","  0.430",11/18,/core/www/modules//sdig/index.php?run_id=110202&search_id=114132&scans_id=110198&peptide_id=36071&scanf=43597&charge=2&value=11/18,sp|P08670|VIME_HUMAN,/core/www/modules//consensus/?run_id=110202&search_id=114132&scans_id=110198&peptide_id=36071&scanf=43597&charge=2&value=sp|P08670|VIME_HUMAN,2,/core/www/modules/match_peptides/blast_html4.php?run_id=110202&search_id=114132&scans_id=110198&peptide_id=36071&scanf=43597&charge=2&value=2,K.ILLAELEQLK.G,/core/www/modules/show_out/show_out_wrapper.php?run_id=110202&search_id=114132&scans_id=110198&peptide_id=36071&scanf=43597&charge=2&value=K.ILLAELEQLK.G,VIM,2.375e+9,3.518,0.001,3.175,0.000
43600,3,"  4.268","  0.633",15/76,/core/www/modules//sdig/index.php?run_id=110202&search_id=114132&scans_id=110198&peptide_id=36075&scanf=43600&charge=3&value=15/76,sp|O75934|SPF27_HUMAN,/core/www/modules//consensus/?run_id=110202&search_id=114132&scans_id=110198&peptide_id=36075&scanf=43600&charge=3&value=sp|O75934|SPF27_HUMAN,0,/core/www/modules/match_peptides/blast_html4.php?run_id=110202&search_id=114132&scans_id=110198&peptide_id=36075&scanf=43600&charge=3&value=0,K.NYLSYLTAPDYSAFETDIMR.N,/core/www/modules/show_out/show_out_wrapper.php?run_id=110202&search_id=114132&scans_id=110198&peptide_id=36075&scanf=43600&charge=3&value=K.NYLSYLTAPDYSAFETDIMR.N,BCAS2,4.328e+6,3.331,0.001,2.898,0.000
43601,3,"  4.191","  0.606",20/76,/core/www/modules//sdig/index.php?run_id=110202&search_id=114132&scans_id=110198&peptide_id=36076&scanf=43601&charge=3&value=20/76,sp|P35250|RFC2_HUMAN,/core/www/modules//consensus/?run_id=110202&search_id=114132&scans_id=110198&peptide_id=36076&scanf=43601&charge=3&value=sp|P35250|RFC2_HUMAN,3,/core/www/modules/match_peptides/blast_html4.php?run_id=110202&search_id=114132&scans_id=110198&peptide_id=36076&scanf=43601&charge=3&value=3,R.VPYTDDGLEAIIFTAQGDMR.Q,/core/www/modules/show_out/show_out_wrapper.php?run_id=110202&search_id=114132&scans_id=110198&peptide_id=36076&scanf=43601&charge=3&value=R.VPYTDDGLEAIIFTAQGDMR.Q,RFC2,2.734e+6,3.355,0.001,2.933,0.000
43604,2,"  1.533","  0.135",12/20,/core/www/modules//sdig/index.php?run_id=110202&search_id=114132&scans_id=110198&peptide_id=36079&scanf=43604&charge=2&value=12/20,sp|Q96MG7|NSE3_HUMAN,/core/www/modules//consensus/?run_id=110202&search_id=114132&scans_id=110198&peptide_id=36079&scanf=43604&charge=2&value=sp|Q96MG7|NSE3_HUMAN,0,/core/www/modules/match_peptides/blast_html4.php?run_id=110202&search_id=114132&scans_id=110198&peptide_id=36079&scanf=43604&charge=2&value=0,K.VSELVQFLLIK.D,/core/www/modules/show_out/show_out_wrapper.php?run_id=110202&search_id=114132&scans_id=110198&peptide_id=36079&scanf=43604&charge=2&value=K.VSELVQFLLIK.D,NSMCE3,2.392e+6,1.881,0.152,0.819,0.008
43605,2,"  2.735","  0.494",10/20,/core/www/modules//sdig/index.php?run_id=110202&search_id=114132&scans_id=110198&peptide_id=36080&scanf=43605&charge=2&value=10/20,sp|P49721|PSB2_HUMAN,/core/www/modules//consensus/?run_id=110202&search_id=114132&scans_id=110198&peptide_id=36080&scanf=43605&charge=2&value=sp|P49721|PSB2_HUMAN,1,/core/www/modules/match_peptides/blast_html4.php?run_id=110202&search_id=114132&scans_id=110198&peptide_id=36080&scanf=43605&charge=2&value=1,R.FILNLPTFSVR.I,/core/www/modules/show_out/show_out_wrapper.php?run_id=110202&search_id=114132&scans_id=110198&peptide_id=36080&scanf=43605&charge=2&value=R.FILNLPTFSVR.I,PSMB2,1.750e+6,2.991,0.004,2.395,0.000
43609,3,"  3.768","  0.472",21/56,/core/www/modules//sdig/index.php?run_id=110202&search_id=114132&scans_id=110198&peptide_id=36084&scanf=43609&charge=3&value=21/56,sp|P78371|TCPB_HUMAN,/core/www/modules//consensus/?run_id=110202&search_id=114132&scans_id=110198&peptide_id=36084&scanf=43609&charge=3&value=sp|P78371|TCPB_HUMAN,0,/core/www/modules/match_peptides/blast_html4.php?run_id=110202&search_id=114132&scans_id=110198&peptide_id=36084&scanf=43609&charge=3&value=0,R.QVLLSAAEAAEVILR.V,/core/www/modules/show_out/show_out_wrapper.php?run_id=110202&search_id=114132&scans_id=110198&peptide_id=36084&scanf=43609&charge=3&value=R.QVLLSAAEAAEVILR.V,CCT2,3.918e+6,3.288,0.001,2.834,0.000
43617,2,"  2.056","  0.161",10/16,/core/www/modules//sdig/index.php?run_id=110202&search_id=114132&scans_id=110198&peptide_id=36092&scanf=43617&charge=2&value=10/16,sp|O60814|H2B1K_HUMAN,/core/www/modules//consensus/?run_id=110202&search_id=114132&scans_id=110198&peptide_id=36092&scanf=43617&charge=2&value=sp|O60814|H2B1K_HUMAN,16,/core/www/modules/match_peptides/blast_html4.php?run_id=110202&search_id=114132&scans_id=110198&peptide_id=36092&scanf=43617&charge=2&value=16,R.LLLPGELAK.H,/core/www/modules/show_out/show_out_wrapper.php?run_id=110202&search_id=114132&scans_id=110198&peptide_id=36092&scanf=43617&charge=2&value=R.LLLPGELAK.H,H2BC12,4.487e+9,2.365,0.033,1.480,0.001
43619,2,"  3.284","  0.667",12/24,/core/www/modules//sdig/index.php?run_id=110202&search_id=114132&scans_id=110198&peptide_id=36094&scanf=43619&charge=2&value=12/24,sp|P78527|PRKDC_HUMAN,/core/www/modules//consensus/?run_id=110202&search_id=114132&scans_id=110198&peptide_id=36094&scanf=43619&charge=2&value=sp|P78527|PRKDC_HUMAN,0,/core/www/modules/match_peptides/blast_html4.php?run_id=110202&search_id=114132&scans_id=110198&peptide_id=36094&scanf=43619&charge=2&value=0,K.LQYFMEQFYGIIR.N,/core/www/modules/show_out/show_out_wrapper.php?run_id=110202&search_id=114132&scans_id=110198&peptide_id=36094&scanf=43619&charge=2&value=K.LQYFMEQFYGIIR.N,PRKDC,2.561e+6,4.266,0.000,4.284,0.000
43620,3,"  4.378","  0.531",15/60,/core/www/modules//sdig/index.php?run_id=110202&search_id=114132&scans_id=110198&peptide_id=36096&scanf=43620&charge=3&value=15/60,sp|Q96QK1|VPS35_HUMAN,/core/www/modules//consensus/?run_id=110202&search_id=114132&scans_id=110198&peptide_id=36096&scanf=43620&charge=3&value=sp|Q96QK1|VPS35_HUMAN,0,/core/www/modules/match_peptides/blast_html4.php?run_id=110202&search_id=114132&scans_id=110198&peptide_id=36096&scanf=43620&charge=3&value=0,K.LFDIFSQQVATVIQSR.Q,/core/www/modules/show_out/show_out_wrapper.php?run_id=110202&search_id=114132&scans_id=110198&peptide_id=36096&scanf=43620&charge=3&value=K.LFDIFSQQVATVIQSR.Q,VPS35,2.227e+6,3.175,0.002,2.666,0.000
43623,3,"  3.273","  0.372",11/76,/core/www/modules//sdig/index.php?run_id=110202&search_id=114132&scans_id=110198&peptide_id=36099&scanf=43623&charge=3&value=11/76,sp|Q13813|SPTN1_HUMAN,/core/www/modules//consensus/?run_id=110202&search_id=114132&scans_id=110198&peptide_id=36099&scanf=43623&charge=3&value=sp|Q13813|SPTN1_HUMAN,2,/core/www/modules/match_peptides/blast_html4.php?run_id=110202&search_id=114132&scans_id=110198&peptide_id=36099&scanf=43623&charge=3&value=2,K.ASAFNSWFENAEEDLTDPVR.C,/core/www/modules/show_out/show_out_wrapper.php?run_id=110202&search_id=114132&scans_id=110198&peptide_id=36099&scanf=43623&charge=3&value=K.ASAFNSWFENAEEDLTDPVR.C,SPTAN1,1.696e+6,2.511,0.020,1.690,0.000
43624,2,"  4.235","  0.000",17/28,/core/www/modules//sdig/index.php?run_id=110202&search_id=114132&scans_id=110198&peptide_id=36100&scanf=43624&charge=2&value=17/28,sp|Q03001|DYST_HUMAN,/core/www/modules//consensus/?run_id=110202&search_id=114132&scans_id=110198&peptide_id=36100&scanf=43624&charge=2&value=sp|Q03001|DYST_HUMAN,8,/core/www/modules/match_peptides/blast_html4.php?run_id=110202&search_id=114132&scans_id=110198&peptide_id=36100&scanf=43624&charge=2&value=8,K.SVITYVSSLYDAFPK.V,/core/www/modules/show_out/show_out_wrapper.php?run_id=110202&search_id=114132&scans_id=110198&peptide_id=36100&scanf=43624&charge=2&value=K.SVITYVSSLYDAFPK.V,DST,1.484e+6,3.733,0.000,3.494,0.000
43625,2,"  2.840","  0.425",11/20,/core/www/modules//sdig/index.php?run_id=110202&search_id=114132&scans_id=110198&peptide_id=36101&scanf=43625&charge=2&value=11/20,sp|Q14690|RRP5_HUMAN,/core/www/modules//consensus/?run_id=110202&search_id=114132&scans_id=110198&peptide_id=36101&scanf=43625&charge=2&value=sp|Q14690|RRP5_HUMAN,1,/core/www/modules/match_peptides/blast_html4.php?run_id=110202&search_id=114132&scans_id=110198&peptide_id=36101&scanf=43625&charge=2&value=1,R.IPLLLTSLSFK.V,/core/www/modules/show_out/show_out_wrapper.php?run_id=110202&search_id=114132&scans_id=110198&peptide_id=36101&scanf=43625&charge=2&value=R.IPLLLTSLSFK.V,PDCD11,5.893e+6,2.996,0.004,2.402,0.000
43626,3,"  3.822","  0.515",17/96,/core/www/modules//sdig/index.php?run_id=110202&search_id=114132&scans_id=110198&peptide_id=36102&scanf=43626&charge=3&value=17/96,sp|Q9P2I0|CPSF2_HUMAN,/core/www/modules//consensus/?run_id=110202&search_id=114132&scans_id=110198&peptide_id=36102&scanf=43626&charge=3&value=sp|Q9P2I0|CPSF2_HUMAN,0,/core/www/modules/match_peptides/blast_html4.php?run_id=110202&search_id=114132&scans_id=110198&peptide_id=36102&scanf=43626&charge=3&value=0,K.WDEYGEIIKPEDFLVPELQATEEEK.S,/core/www/modules/show_out/show_out_wrapper.php?run_id=110202&search_id=114132&scans_id=110198&peptide_id=36102&scanf=43626&charge=3&value=K.WDEYGEIIKPEDFLVPELQATEEEK.S,CPSF2,1.154e+6,2.741,0.009,2.026,0.000
43628,3,"  2.421","  0.363",12/80,/core/www/modules//sdig/index.php?run_id=110202&search_id=114132&scans_id=110198&peptide_id=36104&scanf=43628&charge=3&value=12/80,sp|Q6UB35|C1TM_HUMAN,/core/www/modules//consensus/?run_id=110202&search_id=114132&scans_id=110198&peptide_id=36104&scanf=43628&charge=3&value=sp|Q6UB35|C1TM_HUMAN,2,/core/www/modules/match_peptides/blast_html4.php?run_id=110202&search_id=114132&scans_id=110198&peptide_id=36104&scanf=43628&charge=3&value=2,K.SGQPVTADDLGVTGALTVLMK.D,/core/www/modules/show_out/show_out_wrapper.php?run_id=110202&search_id=114132&scans_id=110198&peptide_id=36104&scanf=43628&charge=3&value=K.SGQPVTADDLGVTGALTVLMK.D,MTHFD1L,8.552e+5,2.202,0.057,1.248,0.002
43635,3,"  2.897","  0.659",14/44,/core/www/modules//sdig/index.php?run_id=110202&search_id=114132&scans_id=110198&peptide_id=36112&scanf=43635&charge=3&value=14/44,sp|Q92973|TNPO1_HUMAN,/core/www/modules//consensus/?run_id=110202&search_id=114132&scans_id=110198&peptide_id=36112&scanf=43635&charge=3&value=sp|Q92973|TNPO1_HUMAN,4,/core/www/modules/match_peptides/blast_html4.php?run_id=110202&search_id=114132&scans_id=110198&peptide_id=36112&scanf=43635&charge=3&value=4,R.DELLPHILPLLK.E,/core/www/modules/show_out/show_out_wrapper.php?run_id=110202&search_id=114132&scans_id=110198&peptide_id=36112&scanf=43635&charge=3&value=R.DELLPHILPLLK.E,TNPO1,2.857e+6,3.783,0.000,3.568,0.000
43640,3,"  5.850","  0.647",22/84,/core/www/modules//sdig/index.php?run_id=110202&search_id=114132&scans_id=110198&peptide_id=36117&scanf=43640&charge=3&value=22/84,sp|O95433|AHSA1_HUMAN,/core/www/modules//consensus/?run_id=110202&search_id=114132&scans_id=110198&peptide_id=36117&scanf=43640&charge=3&value=sp|O95433|AHSA1_HUMAN,3,/core/www/modules/match_peptides/blast_html4.php?run_id=110202&search_id=114132&scans_id=110198&peptide_id=36117&scanf=43640&charge=3&value=3,R.VFTTQELVQAFTHAPATLEADR.G,/core/www/modules/show_out/show_out_wrapper.php?run_id=110202&search_id=114132&scans_id=110198&peptide_id=36117&scanf=43640&charge=3&value=R.VFTTQELVQAFTHAPATLEADR.G,AHSA1,8.581e+6,3.443,0.001,3.063,0.000
43642,3,"  4.749","  0.695",28/100,/core/www/modules//sdig/index.php?run_id=110202&search_id=114132&scans_id=110198&peptide_id=36119&scanf=43642&charge=3&value=28/100,sp|Q49A26|GLYR1_HUMAN,/core/www/modules//consensus/?run_id=110202&search_id=114132&scans_id=110198&peptide_id=36119&scanf=43642&charge=3&value=sp|Q49A26|GLYR1_HUMAN,1,/core/www/modules/match_peptides/blast_html4.php?run_id=110202&search_id=114132&scans_id=110198&peptide_id=36119&scanf=43642&charge=3&value=1,R.FLEAPVSGNQQLSNDGMLVILAAGDR.G,/core/www/modules/show_out/show_out_wrapper.php?run_id=110202&search_id=114132&scans_id=110198&peptide_id=36119&scanf=43642&charge=3&value=R.FLEAPVSGNQQLSNDGMLVILAAGDR.G,GLYR1,3.710e+6,3.438,0.001,3.057,0.000
43643,3,"  4.702","  0.554",12/76,/core/www/modules//sdig/index.php?run_id=110202&search_id=114132&scans_id=110198&peptide_id=36120&scanf=43643&charge=3&value=12/76,sp|Q13813|SPTN1_HUMAN,/core/www/modules//consensus/?run_id=110202&search_id=114132&scans_id=110198&peptide_id=36120&scanf=43643&charge=3&value=sp|Q13813|SPTN1_HUMAN,2,/core/www/modules/match_peptides/blast_html4.php?run_id=110202&search_id=114132&scans_id=110198&peptide_id=36120&scanf=43643&charge=3&value=2,K.ASAFNSWFENAEEDLTDPVR.C,/core/www/modules/show_out/show_out_wrapper.php?run_id=110202&search_id=114132&scans_id=110198&peptide_id=36120&scanf=43643&charge=3&value=K.ASAFNSWFENAEEDLTDPVR.C,SPTAN1,1.696e+6,3.172,0.002,2.662,0.000
43644,3,"  4.056","  0.707",23/84,/core/www/modules//sdig/index.php?run_id=110202&search_id=114132&scans_id=110198&peptide_id=36121&scanf=43644&charge=3&value=23/84,sp|Q7L0Y3|TM10C_HUMAN,/core/www/modules//consensus/?run_id=110202&search_id=114132&scans_id=110198&peptide_id=36121&scanf=43644&charge=3&value=sp|Q7L0Y3|TM10C_HUMAN,1,/core/www/modules/match_peptides/blast_html4.php?run_id=110202&search_id=114132&scans_id=110198&peptide_id=36121&scanf=43644&charge=3&value=1,K.GAQAMQFGQPLVFDMAYENYMK.R,/core/www/modules/show_out/show_out_wrapper.php?run_id=110202&search_id=114132&scans_id=110198&peptide_id=36121&scanf=43644&charge=3&value=K.GAQAMQFGQPLVFDMAYENYMK.R,TRMT10C,1.339e+6,3.590,0.001,3.282,0.000
43648,3,"  5.241","  0.681",24/116,/core/www/modules//sdig/index.php?run_id=110202&search_id=114132&scans_id=110198&peptide_id=36125&scanf=43648&charge=3&value=24/116,sp|Q9P2E9|RRBP1_HUMAN,/core/www/modules//consensus/?run_id=110202&search_id=114132&scans_id=110198&peptide_id=36125&scanf=43648&charge=3&value=sp|Q9P2E9|RRBP1_HUMAN,1,/core/www/modules/match_peptides/blast_html4.php?run_id=110202&search_id=114132&scans_id=110198&peptide_id=36125&scanf=43648&charge=3&value=1,R.APAVAVAPTPVQPPIIVAPVATVPAMPQEK.L,/core/www/modules/show_out/show_out_wrapper.php?run_id=110202&search_id=114132&scans_id=110198&peptide_id=36125&scanf=43648&charge=3&value=R.APAVAVAPTPVQPPIIVAPVATVPAMPQEK.L,RRBP1,7.257e+5,3.243,0.002,2.767,0.000
43649,2,"  2.606","  0.426",13/18,/core/www/modules//sdig/index.php?run_id=110202&search_id=114132&scans_id=110198&peptide_id=36126&scanf=43649&charge=2&value=13/18,sp|O00571|DDX3X_HUMAN,/core/www/modules//consensus/?run_id=110202&search_id=114132&scans_id=110198&peptide_id=36126&scanf=43649&charge=2&value=sp|O00571|DDX3X_HUMAN,17,/core/www/modules/match_peptides/blast_html4.php?run_id=110202&search_id=114132&scans_id=110198&peptide_id=36126&scanf=43649&charge=2&value=17,K.DLLDLLVEAK.Q,/core/www/modules/show_out/show_out_wrapper.php?run_id=110202&search_id=114132&scans_id=110198&peptide_id=36126&scanf=43649&charge=2&value=K.DLLDLLVEAK.Q,DDX3X,2.745e+7,3.245,0.002,2.770,0.000
43650,4,"  5.553","  0.651",21/168,/core/www/modules//sdig/index.php?run_id=110202&search_id=114132&scans_id=110198&peptide_id=36128&scanf=43650&charge=4&value=21/168,sp|Q05639|EF1A2_HUMAN,/core/www/modules//consensus/?run_id=110202&search_id=114132&scans_id=110198&peptide_id=36128&scanf=43650&charge=4&value=sp|Q05639|EF1A2_HUMAN,1,/core/www/modules/match_peptides/blast_html4.php?run_id=110202&search_id=114132&scans_id=110198&peptide_id=36128&scanf=43650&charge=4&value=1,R.KEGNASGVSLLEALDTILPPTRPTDKPLR.L,/core/www/modules/show_out/show_out_wrapper.php?run_id=110202&search_id=114132&scans_id=110198&peptide_id=36128&scanf=43650&charge=4&value=R.KEGNASGVSLLEALDTILPPTRPTDKPLR.L,EEF1A2,3.717e+6,3.169,0.002,2.658,0.000
43651,4,"  4.764","  0.649",21/192,/core/www/modules//sdig/index.php?run_id=110202&search_id=114132&scans_id=110198&peptide_id=36129&scanf=43651&charge=4&value=21/192,sp|P43686|PRS6B_HUMAN,/core/www/modules//consensus/?run_id=110202&search_id=114132&scans_id=110198&peptide_id=36129&scanf=43651&charge=4&value=sp|P43686|PRS6B_HUMAN,0,/core/www/modules/match_peptides/blast_html4.php?run_id=110202&search_id=114132&scans_id=110198&peptide_id=36129&scanf=43651&charge=4&value=0,K.AQDEIPALSVSRPQTGLSFLGPEPEDLEDLYSR.Y,/core/www/modules/show_out/show_out_wrapper.php?run_id=110202&search_id=114132&scans_id=110198&peptide_id=36129&scanf=43651&charge=4&value=K.AQDEIPALSVSRPQTGLSFLGPEPEDLEDLYSR.Y,PSMC4,1.409e+6,3.306,0.001,2.861,0.000
43652,3,"  3.055","  0.420",15/72,/core/www/modules//sdig/index.php?run_id=110202&search_id=114132&scans_id=110198&peptide_id=36130&scanf=43652&charge=3&value=15/72,sp|Q14974|IMB1_HUMAN,/core/www/modules//consensus/?run_id=110202&search_id=114132&scans_id=110198&peptide_id=36130&scanf=43652&charge=3&value=sp|Q14974|IMB1_HUMAN,1,/core/www/modules/match_peptides/blast_html4.php?run_id=110202&search_id=114132&scans_id=110198&peptide_id=36130&scanf=43652&charge=3&value=1,K.VQHQDALQISDVVMASLLR.M,/core/www/modules/show_out/show_out_wrapper.php?run_id=110202&search_id=114132&scans_id=110198&peptide_id=36130&scanf=43652&charge=3&value=K.VQHQDALQISDVVMASLLR.M,KPNB1,9.908e+6,2.597,0.015,1.815,0.000
43653,2,"  1.711","  0.456",7/14,/core/www/modules//sdig/index.php?run_id=110202&search_id=114132&scans_id=110198&peptide_id=36131&scanf=43653&charge=2&value=7/14,sp|P62805|H4_HUMAN,/core/www/modules//consensus/?run_id=110202&search_id=114132&scans_id=110198&peptide_id=36131&scanf=43653&charge=2&value=sp|P62805|H4_HUMAN,0,/core/www/modules/match_peptides/blast_html4.php?run_id=110202&search_id=114132&scans_id=110198&peptide_id=36131&scanf=43653&charge=2&value=0,K.VFLENVIR.D,/core/www/modules/show_out/show_out_wrapper.php?run_id=110202&search_id=114132&scans_id=110198&peptide_id=36131&scanf=43653&charge=2&value=K.VFLENVIR.D,H4C16,2.379e+6,3.074,0.003,2.518,0.000
43659,3,"  6.900","  0.620",21/84,/core/www/modules//sdig/index.php?run_id=110202&search_id=114132&scans_id=110198&peptide_id=36136&scanf=43659&charge=3&value=21/84,sp|O95433|AHSA1_HUMAN,/core/www/modules//consensus/?run_id=110202&search_id=114132&scans_id=110198&peptide_id=36136&scanf=43659&charge=3&value=sp|O95433|AHSA1_HUMAN,3,/core/www/modules/match_peptides/blast_html4.php?run_id=110202&search_id=114132&scans_id=110198&peptide_id=36136&scanf=43659&charge=3&value=3,R.VFTTQELVQAFTHAPATLEADR.G,/core/www/modules/show_out/show_out_wrapper.php?run_id=110202&search_id=114132&scans_id=110198&peptide_id=36136&scanf=43659&charge=3&value=R.VFTTQELVQAFTHAPATLEADR.G,AHSA1,8.581e+6,3.390,0.001,2.985,0.000
43660,3,"  4.779","  0.678",24/104,/core/www/modules//sdig/index.php?run_id=110202&search_id=114132&scans_id=110198&peptide_id=36138&scanf=43660&charge=3&value=24/104,sp|Q6UN15|FIP1_HUMAN,/core/www/modules//consensus/?run_id=110202&search_id=114132&scans_id=110198&peptide_id=36138&scanf=43660&charge=3&value=sp|Q6UN15|FIP1_HUMAN,1,/core/www/modules/match_peptides/blast_html4.php?run_id=110202&search_id=114132&scans_id=110198&peptide_id=36138&scanf=43660&charge=3&value=1,R.AFPYGNVAFPHLPGSAPSWPSLVDTSK.Q,/core/www/modules/show_out/show_out_wrapper.php?run_id=110202&search_id=114132&scans_id=110198&peptide_id=36138&scanf=43660&charge=3&value=R.AFPYGNVAFPHLPGSAPSWPSLVDTSK.Q,FIP1L1,2.443e+6,3.242,0.002,2.765,0.000
43661,4,"  9.542","  0.700",27/198,/core/www/modules//sdig/index.php?run_id=110202&search_id=114132&scans_id=110198&peptide_id=36139&scanf=43661&charge=4&value=27/198,sp|Q8IYB3|SRRM1_HUMAN,/core/www/modules//consensus/?run_id=110202&search_id=114132&scans_id=110198&peptide_id=36139&scanf=43661&charge=4&value=sp|Q8IYB3|SRRM1_HUMAN,1,/core/www/modules/match_peptides/blast_html4.php?run_id=110202&search_id=114132&scans_id=110198&peptide_id=36139&scanf=43661&charge=4&value=1,K.AVAAAAAAAVTPAAIAAATTTLAQEEPVAAPEPK.K,/core/www/modules/show_out/show_out_wrapper.php?run_id=110202&search_id=114132&scans_id=110198&peptide_id=36139&scanf=43661&charge=4&value=K.AVAAAAAAAVTPAAIAAATTTLAQEEPVAAPEPK.K,SRRM1,5.289e+6,3.643,0.000,3.361,0.000
43662,3,"  5.684","  0.711",26/100,/core/www/modules//sdig/index.php?run_id=110202&search_id=114132&scans_id=110198&peptide_id=36140&scanf=43662&charge=3&value=26/100,sp|Q49A26|GLYR1_HUMAN,/core/www/modules//consensus/?run_id=110202&search_id=114132&scans_id=110198&peptide_id=36140&scanf=43662&charge=3&value=sp|Q49A26|GLYR1_HUMAN,1,/core/www/modules/match_peptides/blast_html4.php?run_id=110202&search_id=114132&scans_id=110198&peptide_id=36140&scanf=43662&charge=3&value=1,R.FLEAPVSGNQQLSNDGMLVILAAGDR.G,/core/www/modules/show_out/show_out_wrapper.php?run_id=110202&search_id=114132&scans_id=110198&peptide_id=36140&scanf=43662&charge=3&value=R.FLEAPVSGNQQLSNDGMLVILAAGDR.G,GLYR1,3.710e+6,3.533,0.001,3.197,0.000
43663,3,"  3.467","  0.466",17/100,/core/www/modules//sdig/index.php?run_id=110202&search_id=114132&scans_id=110198&peptide_id=36141&scanf=43663&charge=3&value=17/100,sp|O00487|PSDE_HUMAN,/core/www/modules//consensus/?run_id=110202&search_id=114132&scans_id=110198&peptide_id=36141&scanf=43663&charge=3&value=sp|O00487|PSDE_HUMAN,0,/core/www/modules/match_peptides/blast_html4.php?run_id=110202&search_id=114132&scans_id=110198&peptide_id=36141&scanf=43663&charge=3&value=0,R.VIDVFAMPQSGTGVSVEAVDPVFQAK.M,/core/www/modules/show_out/show_out_wrapper.php?run_id=110202&search_id=114132&scans_id=110198&peptide_id=36141&scanf=43663&charge=3&value=R.VIDVFAMPQSGTGVSVEAVDPVFQAK.M,PSMD14,2.739e+6,2.324,0.038,1.420,0.001
43664,3,"  2.183","  0.304",12/48,/core/www/modules//sdig/index.php?run_id=110202&search_id=114132&scans_id=110198&peptide_id=36142&scanf=43664&charge=3&value=12/48,sp|P78527|PRKDC_HUMAN,/core/www/modules//consensus/?run_id=110202&search_id=114132&scans_id=110198&peptide_id=36142&scanf=43664&charge=3&value=sp|P78527|PRKDC_HUMAN,0,/core/www/modules/match_peptides/blast_html4.php?run_id=110202&search_id=114132&scans_id=110198&peptide_id=36142&scanf=43664&charge=3&value=0,K.LQYFMEQFYGIIR.N,/core/www/modules/show_out/show_out_wrapper.php?run_id=110202&search_id=114132&scans_id=110198&peptide_id=36142&scanf=43664&charge=3&value=K.LQYFMEQFYGIIR.N,PRKDC,1.435e+6,3.251,0.002,2.779,0.000
43665,2,"  3.319","  0.585",14/28,/core/www/modules//sdig/index.php?run_id=110202&search_id=114132&scans_id=110198&peptide_id=36143&scanf=43665&charge=2&value=14/28,sp|P46087|NOP2_HUMAN,/core/www/modules//consensus/?run_id=110202&search_id=114132&scans_id=110198&peptide_id=36143&scanf=43665&charge=2&value=sp|P46087|NOP2_HUMAN,1,/core/www/modules/match_peptides/blast_html4.php?run_id=110202&search_id=114132&scans_id=110198&peptide_id=36143&scanf=43665&charge=2&value=1,K.DLAIYYSYGDFLLGK.L,/core/www/modules/show_out/show_out_wrapper.php?run_id=110202&search_id=114132&scans_id=110198&peptide_id=36143&scanf=43665&charge=2&value=K.DLAIYYSYGDFLLGK.L,NOP2,8.397e+6,3.137,0.002,2.611,0.000
43667,4,"  5.599","  0.641",20/192,/core/www/modules//sdig/index.php?run_id=110202&search_id=114132&scans_id=110198&peptide_id=36145&scanf=43667&charge=4&value=20/192,sp|P43686|PRS6B_HUMAN,/core/www/modules//consensus/?run_id=110202&search_id=114132&scans_id=110198&peptide_id=36145&scanf=43667&charge=4&value=sp|P43686|PRS6B_HUMAN,0,/core/www/modules/match_peptides/blast_html4.php?run_id=110202&search_id=114132&scans_id=110198&peptide_id=36145&scanf=43667&charge=4&value=0,K.AQDEIPALSVSRPQTGLSFLGPEPEDLEDLYSR.Y,/core/www/modules/show_out/show_out_wrapper.php?run_id=110202&search_id=114132&scans_id=110198&peptide_id=36145&scanf=43667&charge=4&value=K.AQDEIPALSVSRPQTGLSFLGPEPEDLEDLYSR.Y,PSMC4,1.409e+6,3.320,0.001,2.882,0.000
43668,2,"  2.187","  0.605",9/26,/core/www/modules//sdig/index.php?run_id=110202&search_id=114132&scans_id=110198&peptide_id=36146&scanf=43668&charge=2&value=9/26,sp|Q15477|SKI2_HUMAN,/core/www/modules//consensus/?run_id=110202&search_id=114132&scans_id=110198&peptide_id=36146&scanf=43668&charge=2&value=sp|Q15477|SKI2_HUMAN,9,/core/www/modules/match_peptides/blast_html4.php?run_id=110202&search_id=114132&scans_id=110198&peptide_id=36146&scanf=43668&charge=2&value=9,R.LVLPPPDPLDLPLR.A,/core/www/modules/show_out/show_out_wrapper.php?run_id=110202&search_id=114132&scans_id=110198&peptide_id=36146&scanf=43668&charge=2&value=R.LVLPPPDPLDLPLR.A,SKIC2,1.458e+6,3.020,0.004,2.437,0.000
43672,3,"  2.005","  0.381",11/56,/core/www/modules//sdig/index.php?run_id=110202&search_id=114132&scans_id=110198&peptide_id=36151&scanf=43672&charge=3&value=11/56,sp|P40763|STAT3_HUMAN,/core/www/modules//consensus/?run_id=110202&search_id=114132&scans_id=110198&peptide_id=36151&scanf=43672&charge=3&value=sp|P40763|STAT3_HUMAN,15,/core/www/modules/match_peptides/blast_html4.php?run_id=110202&search_id=114132&scans_id=110198&peptide_id=36151&scanf=43672&charge=3&value=15,K.MQQLEQMLTALDQMR.R,/core/www/modules/show_out/show_out_wrapper.php?run_id=110202&search_id=114132&scans_id=110198&peptide_id=36151&scanf=43672&charge=3&value=K.MQQLEQMLTALDQMR.R,STAT3,8.218e+5,2.520,0.020,1.703,0.000
43674,2,"  1.331","  0.317",8/18,/core/www/modules//sdig/index.php?run_id=110202&search_id=114132&scans_id=110198&peptide_id=36153&scanf=43674&charge=2&value=8/18,sp|Q32P28|P3H1_HUMAN,/core/www/modules//consensus/?run_id=110202&search_id=114132&scans_id=110198&peptide_id=36153&scanf=43674&charge=2&value=sp|Q32P28|P3H1_HUMAN,1,/core/www/modules/match_peptides/blast_html4.php?run_id=110202&search_id=114132&scans_id=110198&peptide_id=36153&scanf=43674&charge=2&value=1,R.DLSFFGGLLR.R,/core/www/modules/show_out/show_out_wrapper.php?run_id=110202&search_id=114132&scans_id=110198&peptide_id=36153&scanf=43674&charge=2&value=R.DLSFFGGLLR.R,P3H1,1.792e+6,2.270,0.045,1.344,0.002
43677,3,"  2.586","  0.541",13/100,/core/www/modules//sdig/index.php?run_id=110202&search_id=114132&scans_id=110198&peptide_id=36156&scanf=43677&charge=3&value=13/100,sp|Q9NPI1|BRD7_HUMAN,/core/www/modules//consensus/?run_id=110202&search_id=114132&scans_id=110198&peptide_id=36156&scanf=43677&charge=3&value=sp|Q9NPI1|BRD7_HUMAN,1,/core/www/modules/match_peptides/blast_html4.php?run_id=110202&search_id=114132&scans_id=110198&peptide_id=36156&scanf=43677&charge=3&value=1,K.AMGISIPSPVMENNFVDLTEDTEEPK.K,/core/www/modules/show_out/show_out_wrapper.php?run_id=110202&search_id=114132&scans_id=110198&peptide_id=36156&scanf=43677&charge=3&value=K.AMGISIPSPVMENNFVDLTEDTEEPK.K,BRD7,5.619e+5,2.639,0.013,1.877,0.000
43680,3,"  5.047","  0.627",23/76,/core/www/modules//sdig/index.php?run_id=110202&search_id=114132&scans_id=110198&peptide_id=36159&scanf=43680&charge=3&value=23/76,sp|Q00403|TF2B_HUMAN,/core/www/modules//consensus/?run_id=110202&search_id=114132&scans_id=110198&peptide_id=36159&scanf=43680&charge=3&value=sp|Q00403|TF2B_HUMAN,0,/core/www/modules/match_peptides/blast_html4.php?run_id=110202&search_id=114132&scans_id=110198&peptide_id=36159&scanf=43680&charge=3&value=0,R.SPISVAAAAIYMASQASAEK.R,/core/www/modules/show_out/show_out_wrapper.php?run_id=110202&search_id=114132&scans_id=110198&peptide_id=36159&scanf=43680&charge=3&value=R.SPISVAAAAIYMASQASAEK.R,GTF2B,3.863e+6,3.439,0.001,3.058,0.000
43682,3,"  2.856","  0.506",13/72,/core/www/modules//sdig/index.php?run_id=110202&search_id=114132&scans_id=110198&peptide_id=36161&scanf=43682&charge=3&value=13/72,sp|O96019|ACL6A_HUMAN,/core/www/modules//consensus/?run_id=110202&search_id=114132&scans_id=110198&peptide_id=36161&scanf=43682&charge=3&value=sp|O96019|ACL6A_HUMAN,0,/core/www/modules/match_peptides/blast_html4.php?run_id=110202&search_id=114132&scans_id=110198&peptide_id=36161&scanf=43682&charge=3&value=0,R.ELFQEMNIELVPPYM*IASK.E,/core/www/modules/show_out/show_out_wrapper.php?run_id=110202&search_id=114132&scans_id=110198&peptide_id=36161&scanf=43682&charge=3&value=R.ELFQEMNIELVPPYM*IASK.E,ACTL6A,1.409e+6,2.827,0.007,2.153,0.000
43683,2,"  2.731","  0.584",13/22,/core/www/modules//sdig/index.php?run_id=110202&search_id=114132&scans_id=110198&peptide_id=36162&scanf=43683&charge=2&value=13/22,sp|P61978|HNRPK_HUMAN,/core/www/modules//consensus/?run_id=110202&search_id=114132&scans_id=110198&peptide_id=36162&scanf=43683&charge=2&value=sp|P61978|HNRPK_HUMAN,1,/core/www/modules/match_peptides/blast_html4.php?run_id=110202&search_id=114132&scans_id=110198&peptide_id=36162&scanf=43683&charge=2&value=1,K.IILDLISESPIK.G,/core/www/modules/show_out/show_out_wrapper.php?run_id=110202&search_id=114132&scans_id=110198&peptide_id=36162&scanf=43683&charge=2&value=K.IILDLISESPIK.G,HNRNPK,1.796e+6,3.302,0.001,2.855,0.000
43684,2,"  3.449","  0.584",12/26,/core/www/modules//sdig/index.php?run_id=110202&search_id=114132&scans_id=110198&peptide_id=36163&scanf=43684&charge=2&value=12/26,sp|P13674|P4HA1_HUMAN,/core/www/modules//consensus/?run_id=110202&search_id=114132&scans_id=110198&peptide_id=36163&scanf=43684&charge=2&value=sp|P13674|P4HA1_HUMAN,0,/core/www/modules/match_peptides/blast_html4.php?run_id=110202&search_id=114132&scans_id=110198&peptide_id=36163&scanf=43684&charge=2&value=0,R.LNTEWSELENLVLK.D,/core/www/modules/show_out/show_out_wrapper.php?run_id=110202&search_id=114132&scans_id=110198&peptide_id=36163&scanf=43684&charge=2&value=R.LNTEWSELENLVLK.D,P4HA1,1.047e+6,3.190,0.002,2.689,0.000
43685,2,"  1.724","  0.381",5/32,/core/www/modules//sdig/index.php?run_id=110202&search_id=114132&scans_id=110198&peptide_id=36164&scanf=43685&charge=2&value=5/32,sp|P35232|PHB1_HUMAN,/core/www/modules//consensus/?run_id=110202&search_id=114132&scans_id=110198&peptide_id=36164&scanf=43685&charge=2&value=sp|P35232|PHB1_HUMAN,1,/core/www/modules/match_peptides/blast_html4.php?run_id=110202&search_id=114132&scans_id=110198&peptide_id=36164&scanf=43685&charge=2&value=1,R.NITYLPAGQSVLLQLPQ.-,/core/www/modules/show_out/show_out_wrapper.php?run_id=110202&search_id=114132&scans_id=110198&peptide_id=36164&scanf=43685&charge=2&value=R.NITYLPAGQSVLLQLPQ.-,PHB1,1.576e+6,1.937,0.129,0.890,0.006
43690,3,"  2.874","  0.443",16/56,/core/www/modules//sdig/index.php?run_id=110202&search_id=114132&scans_id=110198&peptide_id=36170&scanf=43690&charge=3&value=16/56,sp|Q8NHQ9|DDX55_HUMAN,/core/www/modules//consensus/?run_id=110202&search_id=114132&scans_id=110198&peptide_id=36170&scanf=43690&charge=3&value=sp|Q8NHQ9|DDX55_HUMAN,2,/core/www/modules/match_peptides/blast_html4.php?run_id=110202&search_id=114132&scans_id=110198&peptide_id=36170&scanf=43690&charge=3&value=2,R.ELAIQIDEVLSHFTK.H,/core/www/modules/show_out/show_out_wrapper.php?run_id=110202&search_id=114132&scans_id=110198&peptide_id=36170&scanf=43690&charge=3&value=R.ELAIQIDEVLSHFTK.H,DDX55,2.492e+6,2.896,0.006,2.255,0.000
43691,3,"  3.761","  0.532",11/72,/core/www/modules//sdig/index.php?run_id=110202&search_id=114132&scans_id=110198&peptide_id=36171&scanf=43691&charge=3&value=11/72,sp|O14979|HNRDL_HUMAN,/core/www/modules//consensus/?run_id=110202&search_id=114132&scans_id=110198&peptide_id=36171&scanf=43691&charge=3&value=sp|O14979|HNRDL_HUMAN,1,/core/www/modules/match_peptides/blast_html4.php?run_id=110202&search_id=114132&scans_id=110198&peptide_id=36171&scanf=43691&charge=3&value=1,K.EYFGAFGEIENIELPMDTK.T,/core/www/modules/show_out/show_out_wrapper.php?run_id=110202&search_id=114132&scans_id=110198&peptide_id=36171&scanf=43691&charge=3&value=K.EYFGAFGEIENIELPMDTK.T,HNRNPDL,8.600e+6,2.892,0.006,2.248,0.000
43696,2,"  6.005","  0.799",28/38,/core/www/modules//sdig/index.php?run_id=110202&search_id=114132&scans_id=110198&peptide_id=36176&scanf=43696&charge=2&value=28/38,sp|P35250|RFC2_HUMAN,/core/www/modules//consensus/?run_id=110202&search_id=114132&scans_id=110198&peptide_id=36176&scanf=43696&charge=2&value=sp|P35250|RFC2_HUMAN,3,/core/www/modules/match_peptides/blast_html4.php?run_id=110202&search_id=114132&scans_id=110198&peptide_id=36176&scanf=43696&charge=2&value=3,R.VPYTDDGLEAIIFTAQGDMR.Q,/core/www/modules/show_out/show_out_wrapper.php?run_id=110202&search_id=114132&scans_id=110198&peptide_id=36176&scanf=43696&charge=2&value=R.VPYTDDGLEAIIFTAQGDMR.Q,RFC2,8.276e+5,4.308,0.000,4.346,0.000
43702,3,"  4.653","  0.628",18/84,/core/www/modules//sdig/index.php?run_id=110202&search_id=114132&scans_id=110198&peptide_id=36182&scanf=43702&charge=3&value=18/84,sp|P39023|RL3_HUMAN,/core/www/modules//consensus/?run_id=110202&search_id=114132&scans_id=110198&peptide_id=36182&scanf=43702&charge=3&value=sp|P39023|RL3_HUMAN,1,/core/www/modules/match_peptides/blast_html4.php?run_id=110202&search_id=114132&scans_id=110198&peptide_id=36182&scanf=43702&charge=3&value=1,K.SINPLGGFVHYGEVTNDFVMLK.G,/core/www/modules/show_out/show_out_wrapper.php?run_id=110202&search_id=114132&scans_id=110198&peptide_id=36182&scanf=43702&charge=3&value=K.SINPLGGFVHYGEVTNDFVMLK.G,RPL3,9.233e+7,3.347,0.001,2.922,0.000
43704,3,"  3.468","  0.497",12/76,/core/www/modules//sdig/index.php?run_id=110202&search_id=114132&scans_id=110198&peptide_id=36184&scanf=43704&charge=3&value=12/76,sp|Q13813|SPTN1_HUMAN,/core/www/modules//consensus/?run_id=110202&search_id=114132&scans_id=110198&peptide_id=36184&scanf=43704&charge=3&value=sp|Q13813|SPTN1_HUMAN,2,/core/www/modules/match_peptides/blast_html4.php?run_id=110202&search_id=114132&scans_id=110198&peptide_id=36184&scanf=43704&charge=3&value=2,K.ASAFNSWFENAEEDLTDPVR.C,/core/www/modules/show_out/show_out_wrapper.php?run_id=110202&search_id=114132&scans_id=110198&peptide_id=36184&scanf=43704&charge=3&value=K.ASAFNSWFENAEEDLTDPVR.C,SPTAN1,1.696e+6,2.924,0.005,2.296,0.000
43707,3,"  3.221","  0.388",11/72,/core/www/modules//sdig/index.php?run_id=110202&search_id=114132&scans_id=110198&peptide_id=36187&scanf=43707&charge=3&value=11/72,sp|P60228|EIF3E_HUMAN,/core/www/modules//consensus/?run_id=110202&search_id=114132&scans_id=110198&peptide_id=36187&scanf=43707&charge=3&value=sp|P60228|EIF3E_HUMAN,13,/core/www/modules/match_peptides/blast_html4.php?run_id=110202&search_id=114132&scans_id=110198&peptide_id=36187&scanf=43707&charge=3&value=13,K.LASEILM*QNWDAAMEDLTR.L,/core/www/modules/show_out/show_out_wrapper.php?run_id=110202&search_id=114132&scans_id=110198&peptide_id=36187&scanf=43707&charge=3&value=K.LASEILM*QNWDAAMEDLTR.L,EIF3E,9.979e+5,2.460,0.024,1.616,0.001
43708,2,"  2.927","  0.431",11/26,/core/www/modules//sdig/index.php?run_id=110202&search_id=114132&scans_id=110198&peptide_id=36188&scanf=43708&charge=2&value=11/26,sp|P35579|MYH9_HUMAN,/core/www/modules//consensus/?run_id=110202&search_id=114132&scans_id=110198&peptide_id=36188&scanf=43708&charge=2&value=sp|P35579|MYH9_HUMAN,1,/core/www/modules/match_peptides/blast_html4.php?run_id=110202&search_id=114132&scans_id=110198&peptide_id=36188&scanf=43708&charge=2&value=1,R.VISGVLQLGNIVFK.K,/core/www/modules/show_out/show_out_wrapper.php?run_id=110202&search_id=114132&scans_id=110198&peptide_id=36188&scanf=43708&charge=2&value=R.VISGVLQLGNIVFK.K,MYH9,2.750e+6,2.800,0.008,2.113,0.000
43709,3,"  3.412","  0.442",11/72,/core/www/modules//sdig/index.php?run_id=110202&search_id=114132&scans_id=110198&peptide_id=36189&scanf=43709&charge=3&value=11/72,sp|O14979|HNRDL_HUMAN,/core/www/modules//consensus/?run_id=110202&search_id=114132&scans_id=110198&peptide_id=36189&scanf=43709&charge=3&value=sp|O14979|HNRDL_HUMAN,1,/core/www/modules/match_peptides/blast_html4.php?run_id=110202&search_id=114132&scans_id=110198&peptide_id=36189&scanf=43709&charge=3&value=1,K.EYFGAFGEIENIELPMDTK.T,/core/www/modules/show_out/show_out_wrapper.php?run_id=110202&search_id=114132&scans_id=110198&peptide_id=36189&scanf=43709&charge=3&value=K.EYFGAFGEIENIELPMDTK.T,HNRNPDL,8.600e+6,2.577,0.016,1.786,0.000
43717,3,"  2.347","  0.462",13/64,/core/www/modules//sdig/index.php?run_id=110202&search_id=114132&scans_id=110198&peptide_id=36198&scanf=43717&charge=3&value=13/64,sp|Q9UNM6|PSD13_HUMAN,/core/www/modules//consensus/?run_id=110202&search_id=114132&scans_id=110198&peptide_id=36198&scanf=43717&charge=3&value=sp|Q9UNM6|PSD13_HUMAN,3,/core/www/modules/match_peptides/blast_html4.php?run_id=110202&search_id=114132&scans_id=110198&peptide_id=36198&scanf=43717&charge=3&value=3,R.QWLIDTLYAFNSGNVER.F,/core/www/modules/show_out/show_out_wrapper.php?run_id=110202&search_id=114132&scans_id=110198&peptide_id=36198&scanf=43717&charge=3&value=R.QWLIDTLYAFNSGNVER.F,PSMD13,1.518e+6,2.771,0.009,2.070,0.000
43718,3,"  2.124","  0.261",13/48,/core/www/modules//sdig/index.php?run_id=110202&search_id=114132&scans_id=110198&peptide_id=36199&scanf=43718&charge=3&value=13/48,sp|Q8NFW8|NEUA_HUMAN,/core/www/modules//consensus/?run_id=110202&search_id=114132&scans_id=110198&peptide_id=36199&scanf=43718&charge=3&value=sp|Q8NFW8|NEUA_HUMAN,1,/core/www/modules/match_peptides/blast_html4.php?run_id=110202&search_id=114132&scans_id=110198&peptide_id=36199&scanf=43718&charge=3&value=1,K.HLAGVPLIGWVLR.A,/core/www/modules/show_out/show_out_wrapper.php?run_id=110202&search_id=114132&scans_id=110198&peptide_id=36199&scanf=43718&charge=3&value=K.HLAGVPLIGWVLR.A,CMAS,2.775e+6,2.341,0.036,1.445,0.001
43719,3,"  2.896","  0.473",14/56,/core/www/modules//sdig/index.php?run_id=110202&search_id=114132&scans_id=110198&peptide_id=36200&scanf=43719&charge=3&value=14/56,sp|Q8NHQ9|DDX55_HUMAN,/core/www/modules//consensus/?run_id=110202&search_id=114132&scans_id=110198&peptide_id=36200&scanf=43719&charge=3&value=sp|Q8NHQ9|DDX55_HUMAN,2,/core/www/modules/match_peptides/blast_html4.php?run_id=110202&search_id=114132&scans_id=110198&peptide_id=36200&scanf=43719&charge=3&value=2,R.ELAIQIDEVLSHFTK.H,/core/www/modules/show_out/show_out_wrapper.php?run_id=110202&search_id=114132&scans_id=110198&peptide_id=36200&scanf=43719&charge=3&value=R.ELAIQIDEVLSHFTK.H,DDX55,2.492e+6,2.942,0.005,2.323,0.000
43722,3,"  5.151","  0.660",21/80,/core/www/modules//sdig/index.php?run_id=110202&search_id=114132&scans_id=110198&peptide_id=36202&scanf=43722&charge=3&value=21/80,sp|P18085|ARF4_HUMAN,/core/www/modules//consensus/?run_id=110202&search_id=114132&scans_id=110198&peptide_id=36202&scanf=43722&charge=3&value=sp|P18085|ARF4_HUMAN,13,/core/www/modules/match_peptides/blast_html4.php?run_id=110202&search_id=114132&scans_id=110198&peptide_id=36202&scanf=43722&charge=3&value=13,K.LGEIVTTIPTIGFNVETVEYK.N,/core/www/modules/show_out/show_out_wrapper.php?run_id=110202&search_id=114132&scans_id=110198&peptide_id=36202&scanf=43722&charge=3&value=K.LGEIVTTIPTIGFNVETVEYK.N,ARF4,2.091e+7,3.517,0.001,3.173,0.000
43724,4,"  6.177","  0.697",25/222,/core/www/modules//sdig/index.php?run_id=110202&search_id=114132&scans_id=110198&peptide_id=36204&scanf=43724&charge=4&value=25/222,sp|P18583|SON_HUMAN,/core/www/modules//consensus/?run_id=110202&search_id=114132&scans_id=110198&peptide_id=36204&scanf=43724&charge=4&value=sp|P18583|SON_HUMAN,0,/core/www/modules/match_peptides/blast_html4.php?run_id=110202&search_id=114132&scans_id=110198&peptide_id=36204&scanf=43724&charge=4&value=0,R.AFGPSETNESPAVVLEPPVVSMEVSEPHILETLKPATK.T,/core/www/modules/show_out/show_out_wrapper.php?run_id=110202&search_id=114132&scans_id=110198&peptide_id=36204&scanf=43724&charge=4&value=R.AFGPSETNESPAVVLEPPVVSMEVSEPHILETLKPATK.T,SON,2.619e+6,3.417,0.001,3.025,0.000
43725,2,"  2.368","  0.338",12/20,/core/www/modules//sdig/index.php?run_id=110202&search_id=114132&scans_id=110198&peptide_id=36205&scanf=43725&charge=2&value=12/20,sp|Q96MG7|NSE3_HUMAN,/core/www/modules//consensus/?run_id=110202&search_id=114132&scans_id=110198&peptide_id=36205&scanf=43725&charge=2&value=sp|Q96MG7|NSE3_HUMAN,0,/core/www/modules/match_peptides/blast_html4.php?run_id=110202&search_id=114132&scans_id=110198&peptide_id=36205&scanf=43725&charge=2&value=0,K.VSELVQFLLIK.D,/core/www/modules/show_out/show_out_wrapper.php?run_id=110202&search_id=114132&scans_id=110198&peptide_id=36205&scanf=43725&charge=2&value=K.VSELVQFLLIK.D,NSMCE3,2.392e+6,2.606,0.015,1.829,0.000
43727,2,"  5.130","  0.634",19/34,/core/www/modules//sdig/index.php?run_id=110202&search_id=114132&scans_id=110198&peptide_id=36207&scanf=43727&charge=2&value=19/34,sp|Q13868|EXOS2_HUMAN,/core/www/modules//consensus/?run_id=110202&search_id=114132&scans_id=110198&peptide_id=36207&scanf=43727&charge=2&value=sp|Q13868|EXOS2_HUMAN,5,/core/www/modules/match_peptides/blast_html4.php?run_id=110202&search_id=114132&scans_id=110198&peptide_id=36207&scanf=43727&charge=2&value=5,R.LDSVLLLSSMNLPGGELR.R,/core/www/modules/show_out/show_out_wrapper.php?run_id=110202&search_id=114132&scans_id=110198&peptide_id=36207&scanf=43727&charge=2&value=R.LDSVLLLSSMNLPGGELR.R,EXOSC2,2.289e+6,3.457,0.001,3.084,0.000
43728,2,"  2.865","  0.633",13/22,/core/www/modules//sdig/index.php?run_id=110202&search_id=114132&scans_id=110198&peptide_id=36208&scanf=43728&charge=2&value=13/22,sp|Q13617|CUL2_HUMAN,/core/www/modules//consensus/?run_id=110202&search_id=114132&scans_id=110198&peptide_id=36208&scanf=43728&charge=2&value=sp|Q13617|CUL2_HUMAN,16,/core/www/modules/match_peptides/blast_html4.php?run_id=110202&search_id=114132&scans_id=110198&peptide_id=36208&scanf=43728&charge=2&value=16,K.LMVEPLQAILIR.M,/core/www/modules/show_out/show_out_wrapper.php?run_id=110202&search_id=114132&scans_id=110198&peptide_id=36208&scanf=43728&charge=2&value=K.LMVEPLQAILIR.M,CUL2,2.735e+6,3.357,0.001,2.937,0.000
43731,2,"  1.363","  0.360",6/14,/core/www/modules//sdig/index.php?run_id=110202&search_id=114132&scans_id=110198&peptide_id=36212&scanf=43731&charge=2&value=6/14,sp|Q8WYA6|CTBL1_HUMAN,/core/www/modules//consensus/?run_id=110202&search_id=114132&scans_id=110198&peptide_id=36212&scanf=43731&charge=2&value=sp|Q8WYA6|CTBL1_HUMAN,1,/core/www/modules/match_peptides/blast_html4.php?run_id=110202&search_id=114132&scans_id=110198&peptide_id=36212&scanf=43731&charge=2&value=1,R.ILGLLENF.-,/core/www/modules/show_out/show_out_wrapper.php?run_id=110202&search_id=114132&scans_id=110198&peptide_id=36212&scanf=43731&charge=2&value=R.ILGLLENF.-,CTNNBL1,8.913e+6,2.560,0.017,1.761,0.000
43732,3,"  5.452","  0.606",22/96,/core/www/modules//sdig/index.php?run_id=110202&search_id=114132&scans_id=110198&peptide_id=36213&scanf=43732&charge=3&value=22/96,sp|Q14204|DYHC1_HUMAN,/core/www/modules//consensus/?run_id=110202&search_id=114132&scans_id=110198&peptide_id=36213&scanf=43732&charge=3&value=sp|Q14204|DYHC1_HUMAN,29,/core/www/modules/match_peptides/blast_html4.php?run_id=110202&search_id=114132&scans_id=110198&peptide_id=36213&scanf=43732&charge=3&value=29,K.VAEVLFDAADANAIEEVNLAYENVK.E,/core/www/modules/show_out/show_out_wrapper.php?run_id=110202&search_id=114132&scans_id=110198&peptide_id=36213&scanf=43732&charge=3&value=K.VAEVLFDAADANAIEEVNLAYENVK.E,DYNC1H1,1.261e+6,3.484,0.001,3.125,0.000
43734,3,"  3.097","  0.491",14/68,/core/www/modules//sdig/index.php?run_id=110202&search_id=114132&scans_id=110198&peptide_id=36215&scanf=43734&charge=3&value=14/68,sp|O00566|MPP10_HUMAN,/core/www/modules//consensus/?run_id=110202&search_id=114132&scans_id=110198&peptide_id=36215&scanf=43734&charge=3&value=sp|O00566|MPP10_HUMAN,2,/core/www/modules/match_peptides/blast_html4.php?run_id=110202&search_id=114132&scans_id=110198&peptide_id=36215&scanf=43734&charge=3&value=2,R.MAPVITEETTLQLEDIIK.Q,/core/www/modules/show_out/show_out_wrapper.php?run_id=110202&search_id=114132&scans_id=110198&peptide_id=36215&scanf=43734&charge=3&value=R.MAPVITEETTLQLEDIIK.Q,MPHOSPH10,1.120e+6,2.836,0.007,2.167,0.000
43736,3,"  2.673","  0.299",10/68,/core/www/modules//sdig/index.php?run_id=110202&search_id=114132&scans_id=110198&peptide_id=36217&scanf=43736&charge=3&value=10/68,sp|O75475|PSIP1_HUMAN,/core/www/modules//consensus/?run_id=110202&search_id=114132&scans_id=110198&peptide_id=36217&scanf=43736&charge=3&value=sp|O75475|PSIP1_HUMAN,0,/core/www/modules/match_peptides/blast_html4.php?run_id=110202&search_id=114132&scans_id=110198&peptide_id=36217&scanf=43736&charge=3&value=0,K.NMFLVGEGDSVITQVLNK.S,/core/www/modules/show_out/show_out_wrapper.php?run_id=110202&search_id=114132&scans_id=110198&peptide_id=36217&scanf=43736&charge=3&value=K.NMFLVGEGDSVITQVLNK.S,PSIP1,3.020e+6,2.074,0.085,1.072,0.003
43739,2,"  2.896","  0.393",12/20,/core/www/modules//sdig/index.php?run_id=110202&search_id=114132&scans_id=110198&peptide_id=36220&scanf=43739&charge=2&value=12/20,sp|P61026|RAB10_HUMAN,/core/www/modules//consensus/?run_id=110202&search_id=114132&scans_id=110198&peptide_id=36220&scanf=43739&charge=2&value=sp|P61026|RAB10_HUMAN,0,/core/www/modules/match_peptides/blast_html4.php?run_id=110202&search_id=114132&scans_id=110198&peptide_id=36220&scanf=43739&charge=2&value=0,K.AFLTLAEDILR.K,/core/www/modules/show_out/show_out_wrapper.php?run_id=110202&search_id=114132&scans_id=110198&peptide_id=36220&scanf=43739&charge=2&value=K.AFLTLAEDILR.K,RAB10,8.333e+6,2.849,0.007,2.185,0.000
43741,2,"  1.925","  0.456",10/16,/core/www/modules//sdig/index.php?run_id=110202&search_id=114132&scans_id=110198&peptide_id=36223&scanf=43741&charge=2&value=10/16,sp|O43896|KIF1C_HUMAN,/core/www/modules//consensus/?run_id=110202&search_id=114132&scans_id=110198&peptide_id=36223&scanf=43741&charge=2&value=sp|O43896|KIF1C_HUMAN,7,/core/www/modules/match_peptides/blast_html4.php?run_id=110202&search_id=114132&scans_id=110198&peptide_id=36223&scanf=43741&charge=2&value=7,R.DSVLTWLLK.E,/core/www/modules/show_out/show_out_wrapper.php?run_id=110202&search_id=114132&scans_id=110198&peptide_id=36223&scanf=43741&charge=2&value=R.DSVLTWLLK.E,KIF1C,7.525e+5,3.123,0.003,2.590,0.000
43744,4,"  5.515","  0.621",22/198,/core/www/modules//sdig/index.php?run_id=110202&search_id=114132&scans_id=110198&peptide_id=36225&scanf=43744&charge=4&value=22/198,sp|P55084|ECHB_HUMAN,/core/www/modules//consensus/?run_id=110202&search_id=114132&scans_id=110198&peptide_id=36225&scanf=43744&charge=4&value=sp|P55084|ECHB_HUMAN,2,/core/www/modules/match_peptides/blast_html4.php?run_id=110202&search_id=114132&scans_id=110198&peptide_id=36225&scanf=43744&charge=4&value=2,K.LKPAFIKPYGTVTAANSSFLTDGASAMLIMAEEK.A,/core/www/modules/show_out/show_out_wrapper.php?run_id=110202&search_id=114132&scans_id=110198&peptide_id=36225&scanf=43744&charge=4&value=K.LKPAFIKPYGTVTAANSSFLTDGASAMLIMAEEK.A,HADHB,1.193e+6,3.247,0.002,2.773,0.000
43745,2,"  2.812","  0.543",11/18,/core/www/modules//sdig/index.php?run_id=110202&search_id=114132&scans_id=110198&peptide_id=36226&scanf=43745&charge=2&value=11/18,sp|P48729|KC1A_HUMAN,/core/www/modules//consensus/?run_id=110202&search_id=114132&scans_id=110198&peptide_id=36226&scanf=43745&charge=2&value=sp|P48729|KC1A_HUMAN,5,/core/www/modules/match_peptides/blast_html4.php?run_id=110202&search_id=114132&scans_id=110198&peptide_id=36226&scanf=43745&charge=2&value=5,K.LFLIDFGLAK.K,/core/www/modules/show_out/show_out_wrapper.php?run_id=110202&search_id=114132&scans_id=110198&peptide_id=36226&scanf=43745&charge=2&value=K.LFLIDFGLAK.K,CSNK1A1,1.662e+6,3.415,0.001,3.022,0.000
43746,3,"  3.135","  0.441",10/84,/core/www/modules//sdig/index.php?run_id=110202&search_id=114132&scans_id=110198&peptide_id=36227&scanf=43746&charge=3&value=10/84,sp|P21333|FLNA_HUMAN,/core/www/modules//consensus/?run_id=110202&search_id=114132&scans_id=110198&peptide_id=36227&scanf=43746&charge=3&value=sp|P21333|FLNA_HUMAN,2,/core/www/modules/match_peptides/blast_html4.php?run_id=110202&search_id=114132&scans_id=110198&peptide_id=36227&scanf=43746&charge=3&value=2,R.GAGSYTIMVLFADQATPTSPIR.V,/core/www/modules/show_out/show_out_wrapper.php?run_id=110202&search_id=114132&scans_id=110198&peptide_id=36227&scanf=43746&charge=3&value=R.GAGSYTIMVLFADQATPTSPIR.V,FLNA,3.239e+6,2.613,0.014,1.839,0.000
43747,2,"  3.140","  0.436",15/30,/core/www/modules//sdig/index.php?run_id=110202&search_id=114132&scans_id=110198&peptide_id=36228&scanf=43747&charge=2&value=15/30,sp|Q15029|U5S1_HUMAN,/core/www/modules//consensus/?run_id=110202&search_id=114132&scans_id=110198&peptide_id=36228&scanf=43747&charge=2&value=sp|Q15029|U5S1_HUMAN,0,/core/www/modules/match_peptides/blast_html4.php?run_id=110202&search_id=114132&scans_id=110198&peptide_id=36228&scanf=43747&charge=2&value=0,K.AFIPAIDSFGFETDLR.T,/core/www/modules/show_out/show_out_wrapper.php?run_id=110202&search_id=114132&scans_id=110198&peptide_id=36228&scanf=43747&charge=2&value=K.AFIPAIDSFGFETDLR.T,EFTUD2,2.069e+7,2.730,0.010,2.010,0.000
43748,2,"  2.533","  0.558",11/16,/core/www/modules//sdig/index.php?run_id=110202&search_id=114132&scans_id=110198&peptide_id=36229&scanf=43748&charge=2&value=11/16,sp|P46783|RS10_HUMAN,/core/www/modules//consensus/?run_id=110202&search_id=114132&scans_id=110198&peptide_id=36229&scanf=43748&charge=2&value=sp|P46783|RS10_HUMAN,5,/core/www/modules/match_peptides/blast_html4.php?run_id=110202&search_id=114132&scans_id=110198&peptide_id=36229&scanf=43748&charge=2&value=5,R.IAIYELLFK.E,/core/www/modules/show_out/show_out_wrapper.php?run_id=110202&search_id=114132&scans_id=110198&peptide_id=36229&scanf=43748&charge=2&value=R.IAIYELLFK.E,RPS10,4.122e+7,3.561,0.001,3.239,0.000
43749,3,"  5.708","  0.652",21/92,/core/www/modules//sdig/index.php?run_id=110202&search_id=114132&scans_id=110198&peptide_id=36230&scanf=43749&charge=3&value=21/92,sp|Q13813|SPTN1_HUMAN,/core/www/modules//consensus/?run_id=110202&search_id=114132&scans_id=110198&peptide_id=36230&scanf=43749&charge=3&value=sp|Q13813|SPTN1_HUMAN,2,/core/www/modules/match_peptides/blast_html4.php?run_id=110202&search_id=114132&scans_id=110198&peptide_id=36230&scanf=43749&charge=3&value=2,R.LEESLEYQQFVANVEEEEAWINEK.M,/core/www/modules/show_out/show_out_wrapper.php?run_id=110202&search_id=114132&scans_id=110198&peptide_id=36230&scanf=43749&charge=3&value=R.LEESLEYQQFVANVEEEEAWINEK.M,SPTAN1,9.934e+5,3.552,0.001,3.225,0.000
43750,2,"  3.359","  0.433",7/34,/core/www/modules//sdig/index.php?run_id=110202&search_id=114132&scans_id=110198&peptide_id=36232&scanf=43750&charge=2&value=7/34,sp|O75475|PSIP1_HUMAN,/core/www/modules//consensus/?run_id=110202&search_id=114132&scans_id=110198&peptide_id=36232&scanf=43750&charge=2&value=sp|O75475|PSIP1_HUMAN,0,/core/www/modules/match_peptides/blast_html4.php?run_id=110202&search_id=114132&scans_id=110198&peptide_id=36232&scanf=43750&charge=2&value=0,K.NMFLVGEGDSVITQVLNK.S,/core/www/modules/show_out/show_out_wrapper.php?run_id=110202&search_id=114132&scans_id=110198&peptide_id=36232&scanf=43750&charge=2&value=K.NMFLVGEGDSVITQVLNK.S,PSIP1,2.460e+6,2.139,0.069,1.161,0.002
43751,2,"  2.874","  0.566",11/28,/core/www/modules//sdig/index.php?run_id=110202&search_id=114132&scans_id=110198&peptide_id=36233&scanf=43751&charge=2&value=11/28,sp|P26640|SYVC_HUMAN,/core/www/modules//consensus/?run_id=110202&search_id=114132&scans_id=110198&peptide_id=36233&scanf=43751&charge=2&value=sp|P26640|SYVC_HUMAN,1,/core/www/modules/match_peptides/blast_html4.php?run_id=110202&search_id=114132&scans_id=110198&peptide_id=36233&scanf=43751&charge=2&value=1,R.GALINVPPPFLGLPR.F,/core/www/modules/show_out/show_out_wrapper.php?run_id=110202&search_id=114132&scans_id=110198&peptide_id=36233&scanf=43751&charge=2&value=R.GALINVPPPFLGLPR.F,VARS1,5.432e+6,3.022,0.004,2.440,0.000
43753,4,"  7.247","  0.720",30/234,/core/www/modules//sdig/index.php?run_id=110202&search_id=114132&scans_id=110198&peptide_id=36235&scanf=43753&charge=4&value=30/234,sp|P18583|SON_HUMAN,/core/www/modules//consensus/?run_id=110202&search_id=114132&scans_id=110198&peptide_id=36235&scanf=43753&charge=4&value=sp|P18583|SON_HUMAN,0,/core/www/modules/match_peptides/blast_html4.php?run_id=110202&search_id=114132&scans_id=110198&peptide_id=36235&scanf=43753&charge=4&value=0,K.VLEPSETLVVSSETPTEVYPEPSTSTTMDFPESSAIEALR.L,/core/www/modules/show_out/show_out_wrapper.php?run_id=110202&search_id=114132&scans_id=110198&peptide_id=36235&scanf=43753&charge=4&value=K.VLEPSETLVVSSETPTEVYPEPSTSTTMDFPESSAIEALR.L,SON,6.603e+5,3.544,0.001,3.214,0.000
43754,3,"  2.366","  0.250",12/56,/core/www/modules//sdig/index.php?run_id=110202&search_id=114132&scans_id=110198&peptide_id=36236&scanf=43754&charge=3&value=12/56,sp|Q9BSJ8|ESYT1_HUMAN,/core/www/modules//consensus/?run_id=110202&search_id=114132&scans_id=110198&peptide_id=36236&scanf=43754&charge=3&value=sp|Q9BSJ8|ESYT1_HUMAN,1,/core/www/modules/match_peptides/blast_html4.php?run_id=110202&search_id=114132&scans_id=110198&peptide_id=36236&scanf=43754&charge=3&value=1,K.IVAQVWPFLGQYMEK.L,/core/www/modules/show_out/show_out_wrapper.php?run_id=110202&search_id=114132&scans_id=110198&peptide_id=36236&scanf=43754&charge=3&value=K.IVAQVWPFLGQYMEK.L,ESYT1,1.006e+6,2.198,0.057,1.242,0.002
43756,3,"  3.906","  0.527",16/68,/core/www/modules//sdig/index.php?run_id=110202&search_id=114132&scans_id=110198&peptide_id=36238&scanf=43756&charge=3&value=16/68,sp|P34932|HSP74_HUMAN,/core/www/modules//consensus/?run_id=110202&search_id=114132&scans_id=110198&peptide_id=36238&scanf=43756&charge=3&value=sp|P34932|HSP74_HUMAN,0,/core/www/modules/match_peptides/blast_html4.php?run_id=110202&search_id=114132&scans_id=110198&peptide_id=36238&scanf=43756&charge=3&value=0,K.TSTVDLPIENQLLWQIDR.E,/core/www/modules/show_out/show_out_wrapper.php?run_id=110202&search_id=114132&scans_id=110198&peptide_id=36238&scanf=43756&charge=3&value=K.TSTVDLPIENQLLWQIDR.E,HSPA4,4.118e+6,3.030,0.004,2.452,0.000
43761,2,"  2.924","  0.637",13/26,/core/www/modules//sdig/index.php?run_id=110202&search_id=114132&scans_id=110198&peptide_id=36244&scanf=43761&charge=2&value=13/26,sp|Q9NZ08|ERAP1_HUMAN,/core/www/modules//consensus/?run_id=110202&search_id=114132&scans_id=110198&peptide_id=36244&scanf=43761&charge=2&value=sp|Q9NZ08|ERAP1_HUMAN,0,/core/www/modules/match_peptides/blast_html4.php?run_id=110202&search_id=114132&scans_id=110198&peptide_id=36244&scanf=43761&charge=2&value=0,K.TDVLILPEEVEWIK.F,/core/www/modules/show_out/show_out_wrapper.php?run_id=110202&search_id=114132&scans_id=110198&peptide_id=36244&scanf=43761&charge=2&value=K.TDVLILPEEVEWIK.F,ERAP1,8.160e+5,3.410,0.001,3.014,0.000
43762,2,"  3.711","  0.511",16/28,/core/www/modules//sdig/index.php?run_id=110202&search_id=114132&scans_id=110198&peptide_id=36245&scanf=43762&charge=2&value=16/28,sp|Q9Y4A5|TRRAP_HUMAN,/core/www/modules//consensus/?run_id=110202&search_id=114132&scans_id=110198&peptide_id=36245&scanf=43762&charge=2&value=sp|Q9Y4A5|TRRAP_HUMAN,2,/core/www/modules/match_peptides/blast_html4.php?run_id=110202&search_id=114132&scans_id=110198&peptide_id=36245&scanf=43762&charge=2&value=2,R.LPLTWVLQNQQTFLK.A,/core/www/modules/show_out/show_out_wrapper.php?run_id=110202&search_id=114132&scans_id=110198&peptide_id=36245&scanf=43762&charge=2&value=R.LPLTWVLQNQQTFLK.A,TRRAP,8.732e+5,3.170,0.002,2.660,0.000
43766,2,"  2.413","  0.613",12/22,/core/www/modules//sdig/index.php?run_id=110202&search_id=114132&scans_id=110198&peptide_id=36248&scanf=43766&charge=2&value=12/22,sp|O14980|XPO1_HUMAN,/core/www/modules//consensus/?run_id=110202&search_id=114132&scans_id=110198&peptide_id=36248&scanf=43766&charge=2&value=sp|O14980|XPO1_HUMAN,15,/core/www/modules/match_peptides/blast_html4.php?run_id=110202&search_id=114132&scans_id=110198&peptide_id=36248&scanf=43766&charge=2&value=15,K.YYGLQILENVIK.T,/core/www/modules/show_out/show_out_wrapper.php?run_id=110202&search_id=114132&scans_id=110198&peptide_id=36248&scanf=43766&charge=2&value=K.YYGLQILENVIK.T,XPO1,7.547e+6,3.512,0.001,3.166,0.000
43770,3,"  4.132","  0.643",17/60,/core/www/modules//sdig/index.php?run_id=110202&search_id=114132&scans_id=110198&peptide_id=36253&scanf=43770&charge=3&value=17/60,sp|Q15029|U5S1_HUMAN,/core/www/modules//consensus/?run_id=110202&search_id=114132&scans_id=110198&peptide_id=36253&scanf=43770&charge=3&value=sp|Q15029|U5S1_HUMAN,0,/core/www/modules/match_peptides/blast_html4.php?run_id=110202&search_id=114132&scans_id=110198&peptide_id=36253&scanf=43770&charge=3&value=0,K.AFIPAIDSFGFETDLR.T,/core/www/modules/show_out/show_out_wrapper.php?run_id=110202&search_id=114132&scans_id=110198&peptide_id=36253&scanf=43770&charge=3&value=K.AFIPAIDSFGFETDLR.T,EFTUD2,1.015e+7,3.675,0.000,3.407,0.000
43771,3,"  3.579","  0.554",16/60,/core/www/modules//sdig/index.php?run_id=110202&search_id=114132&scans_id=110198&peptide_id=36254&scanf=43771&charge=3&value=16/60,sp|Q969S3|ZN622_HUMAN,/core/www/modules//consensus/?run_id=110202&search_id=114132&scans_id=110198&peptide_id=36254&scanf=43771&charge=3&value=sp|Q969S3|ZN622_HUMAN,0,/core/www/modules/match_peptides/blast_html4.php?run_id=110202&search_id=114132&scans_id=110198&peptide_id=36254&scanf=43771&charge=3&value=0,K.DHSFFIPDIEYLSDIK.G,/core/www/modules/show_out/show_out_wrapper.php?run_id=110202&search_id=114132&scans_id=110198&peptide_id=36254&scanf=43771&charge=3&value=K.DHSFFIPDIEYLSDIK.G,ZNF622,2.973e+6,3.189,0.002,2.688,0.000
43773,3,"  4.752","  0.640",21/80,/core/www/modules//sdig/index.php?run_id=110202&search_id=114132&scans_id=110198&peptide_id=36256&scanf=43773&charge=3&value=21/80,sp|Q8IY33|MILK2_HUMAN,/core/www/modules//consensus/?run_id=110202&search_id=114132&scans_id=110198&peptide_id=36256&scanf=43773&charge=3&value=sp|Q8IY33|MILK2_HUMAN,0,/core/www/modules/match_peptides/blast_html4.php?run_id=110202&search_id=114132&scans_id=110198&peptide_id=36256&scanf=43773&charge=3&value=0,R.VAEEHLGIPALLDAEDMVALK.V,/core/www/modules/show_out/show_out_wrapper.php?run_id=110202&search_id=114132&scans_id=110198&peptide_id=36256&scanf=43773&charge=3&value=R.VAEEHLGIPALLDAEDMVALK.V,MICALL2,1.094e+6,3.333,0.001,2.901,0.000
43774,3,"  4.132","  0.485",11/68,/core/www/modules//sdig/index.php?run_id=110202&search_id=114132&scans_id=110198&peptide_id=36257&scanf=43774&charge=3&value=11/68,sp|P34932|HSP74_HUMAN,/core/www/modules//consensus/?run_id=110202&search_id=114132&scans_id=110198&peptide_id=36257&scanf=43774&charge=3&value=sp|P34932|HSP74_HUMAN,0,/core/www/modules/match_peptides/blast_html4.php?run_id=110202&search_id=114132&scans_id=110198&peptide_id=36257&scanf=43774&charge=3&value=0,K.TSTVDLPIENQLLWQIDR.E,/core/www/modules/show_out/show_out_wrapper.php?run_id=110202&search_id=114132&scans_id=110198&peptide_id=36257&scanf=43774&charge=3&value=K.TSTVDLPIENQLLWQIDR.E,HSPA4,4.118e+6,2.795,0.008,2.106,0.000
43775,3,"  3.432","  0.634",19/100,/core/www/modules//sdig/index.php?run_id=110202&search_id=114132&scans_id=110198&peptide_id=36258&scanf=43775&charge=3&value=19/100,sp|Q8WTT2|NOC3L_HUMAN,/core/www/modules//consensus/?run_id=110202&search_id=114132&scans_id=110198&peptide_id=36258&scanf=43775&charge=3&value=sp|Q8WTT2|NOC3L_HUMAN,0,/core/www/modules/match_peptides/blast_html4.php?run_id=110202&search_id=114132&scans_id=110198&peptide_id=36258&scanf=43775&charge=3&value=0,R.SATELFEAYSMAEMTFNPPVESSNPK.I,/core/www/modules/show_out/show_out_wrapper.php?run_id=110202&search_id=114132&scans_id=110198&peptide_id=36258&scanf=43775&charge=3&value=R.SATELFEAYSMAEMTFNPPVESSNPK.I,NOC3L,1.276e+6,3.114,0.003,2.577,0.000
43776,2,"  3.088","  0.584",15/22,/core/www/modules//sdig/index.php?run_id=110202&search_id=114132&scans_id=110198&peptide_id=36259&scanf=43776&charge=2&value=15/22,sp|P61978|HNRPK_HUMAN,/core/www/modules//consensus/?run_id=110202&search_id=114132&scans_id=110198&peptide_id=36259&scanf=43776&charge=2&value=sp|P61978|HNRPK_HUMAN,1,/core/www/modules/match_peptides/blast_html4.php?run_id=110202&search_id=114132&scans_id=110198&peptide_id=36259&scanf=43776&charge=2&value=1,K.IILDLISESPIK.G,/core/www/modules/show_out/show_out_wrapper.php?run_id=110202&search_id=114132&scans_id=110198&peptide_id=36259&scanf=43776&charge=2&value=K.IILDLISESPIK.G,HNRNPK,1.796e+6,3.774,0.000,3.554,0.000
43783,3,"  2.898","  0.288",15/72,/core/www/modules//sdig/index.php?run_id=110202&search_id=114132&scans_id=110198&peptide_id=36267&scanf=43783&charge=3&value=15/72,sp|Q7Z2W9|RM21_HUMAN,/core/www/modules//consensus/?run_id=110202&search_id=114132&scans_id=110198&peptide_id=36267&scanf=43783&charge=3&value=sp|Q7Z2W9|RM21_HUMAN,1,/core/www/modules/match_peptides/blast_html4.php?run_id=110202&search_id=114132&scans_id=110198&peptide_id=36267&scanf=43783&charge=3&value=1,K.VLLVGADNFTLLGKPLLGK.D,/core/www/modules/show_out/show_out_wrapper.php?run_id=110202&search_id=114132&scans_id=110198&peptide_id=36267&scanf=43783&charge=3&value=K.VLLVGADNFTLLGKPLLGK.D,MRPL21,8.701e+5,2.107,0.077,1.116,0.003
43785,2,"  3.821","  0.629",14/22,/core/www/modules//sdig/index.php?run_id=110202&search_id=114132&scans_id=110198&peptide_id=36268&scanf=43785&charge=2&value=14/22,sp|Q99460|PSMD1_HUMAN,/core/www/modules//consensus/?run_id=110202&search_id=114132&scans_id=110198&peptide_id=36268&scanf=43785&charge=2&value=sp|Q99460|PSMD1_HUMAN,10,/core/www/modules/match_peptides/blast_html4.php?run_id=110202&search_id=114132&scans_id=110198&peptide_id=36268&scanf=43785&charge=2&value=10,R.AAVESLGFILFR.T,/core/www/modules/show_out/show_out_wrapper.php?run_id=110202&search_id=114132&scans_id=110198&peptide_id=36268&scanf=43785&charge=2&value=R.AAVESLGFILFR.T,PSMD1,9.716e+6,3.730,0.000,3.489,0.000
43786,2,"  5.141","  0.185",17/28,/core/www/modules//sdig/index.php?run_id=110202&search_id=114132&scans_id=110198&peptide_id=36269&scanf=43786&charge=2&value=17/28,sp|O60814|H2B1K_HUMAN,/core/www/modules//consensus/?run_id=110202&search_id=114132&scans_id=110198&peptide_id=36269&scanf=43786&charge=2&value=sp|O60814|H2B1K_HUMAN,14,/core/www/modules/match_peptides/blast_html4.php?run_id=110202&search_id=114132&scans_id=110198&peptide_id=36269&scanf=43786&charge=2&value=14,K.AM*GIMNSFVNDIFER.I,/core/www/modules/show_out/show_out_wrapper.php?run_id=110202&search_id=114132&scans_id=110198&peptide_id=36269&scanf=43786&charge=2&value=K.AM*GIMNSFVNDIFER.I,H2BC12,2.353e+8,4.328,0.000,4.376,0.000
43788,3,"  4.910","  0.568",22/80,/core/www/modules//sdig/index.php?run_id=110202&search_id=114132&scans_id=110198&peptide_id=36271&scanf=43788&charge=3&value=22/80,sp|O00567|NOP56_HUMAN,/core/www/modules//consensus/?run_id=110202&search_id=114132&scans_id=110198&peptide_id=36271&scanf=43788&charge=3&value=sp|O00567|NOP56_HUMAN,2,/core/www/modules/match_peptides/blast_html4.php?run_id=110202&search_id=114132&scans_id=110198&peptide_id=36271&scanf=43788&charge=3&value=2,K.EVEEISLLQPQVEESVLNLGK.F,/core/www/modules/show_out/show_out_wrapper.php?run_id=110202&search_id=114132&scans_id=110198&peptide_id=36271&scanf=43788&charge=3&value=K.EVEEISLLQPQVEESVLNLGK.F,NOP56,4.880e+7,3.274,0.002,2.814,0.000
43791,2,"  3.978","  0.656",16/32,/core/www/modules//sdig/index.php?run_id=110202&search_id=114132&scans_id=110198&peptide_id=36275&scanf=43791&charge=2&value=16/32,sp|P21127|CD11B_HUMAN,/core/www/modules//consensus/?run_id=110202&search_id=114132&scans_id=110198&peptide_id=36275&scanf=43791&charge=2&value=sp|P21127|CD11B_HUMAN,6,/core/www/modules/match_peptides/blast_html4.php?run_id=110202&search_id=114132&scans_id=110198&peptide_id=36275&scanf=43791&charge=2&value=6,R.ETPLPIDPSMFPTWPAK.S,/core/www/modules/show_out/show_out_wrapper.php?run_id=110202&search_id=114132&scans_id=110198&peptide_id=36275&scanf=43791&charge=2&value=R.ETPLPIDPSMFPTWPAK.S,CDK11B,1.149e+7,3.447,0.001,3.070,0.000
43794,2,"  1.670","  0.291",7/14,/core/www/modules//sdig/index.php?run_id=110202&search_id=114132&scans_id=110198&peptide_id=36278&scanf=43794&charge=2&value=7/14,sp|Q4G148|GXLT1_HUMAN,/core/www/modules//consensus/?run_id=110202&search_id=114132&scans_id=110198&peptide_id=36278&scanf=43794&charge=2&value=sp|Q4G148|GXLT1_HUMAN,0,/core/www/modules/match_peptides/blast_html4.php?run_id=110202&search_id=114132&scans_id=110198&peptide_id=36278&scanf=43794&charge=2&value=0,R.LFLPLILK.E,/core/www/modules/show_out/show_out_wrapper.php?run_id=110202&search_id=114132&scans_id=110198&peptide_id=36278&scanf=43794&charge=2&value=R.LFLPLILK.E,GXYLT1,2.097e+6,2.415,0.028,1.551,0.001
43795,3,"  1.952","  0.389",13/64,/core/www/modules//sdig/index.php?run_id=110202&search_id=114132&scans_id=110198&peptide_id=36279&scanf=43795&charge=3&value=13/64,sp|P42704|LPPRC_HUMAN,/core/www/modules//consensus/?run_id=110202&search_id=114132&scans_id=110198&peptide_id=36279&scanf=43795&charge=3&value=sp|P42704|LPPRC_HUMAN,18,/core/www/modules/match_peptides/blast_html4.php?run_id=110202&search_id=114132&scans_id=110198&peptide_id=36279&scanf=43795&charge=3&value=18,K.DTTALSFFHMLNGAALR.G,/core/www/modules/show_out/show_out_wrapper.php?run_id=110202&search_id=114132&scans_id=110198&peptide_id=36279&scanf=43795&charge=3&value=K.DTTALSFFHMLNGAALR.G,LRPPRC,3.269e+6,2.476,0.023,1.639,0.001
43798,3,"  5.231","  0.741",16/104,/core/www/modules//sdig/index.php?run_id=110202&search_id=114132&scans_id=110198&peptide_id=36282&scanf=43798&charge=3&value=16/104,sp|P82930|RT34_HUMAN,/core/www/modules//consensus/?run_id=110202&search_id=114132&scans_id=110198&peptide_id=36282&scanf=43798&charge=3&value=sp|P82930|RT34_HUMAN,1,/core/www/modules/match_peptides/blast_html4.php?run_id=110202&search_id=114132&scans_id=110198&peptide_id=36282&scanf=43798&charge=3&value=1,K.HEEEAFTAFTPAPEDSLASVPYPPLLR.A,/core/www/modules/show_out/show_out_wrapper.php?run_id=110202&search_id=114132&scans_id=110198&peptide_id=36282&scanf=43798&charge=3&value=K.HEEEAFTAFTPAPEDSLASVPYPPLLR.A,MRPS34,1.487e+6,3.400,0.001,3.000,0.000
43801,2,"  1.737","  0.354",9/24,/core/www/modules//sdig/index.php?run_id=110202&search_id=114132&scans_id=110198&peptide_id=36286&scanf=43801&charge=2&value=9/24,sp|Q9H8V3|ECT2_HUMAN,/core/www/modules//consensus/?run_id=110202&search_id=114132&scans_id=110198&peptide_id=36286&scanf=43801&charge=2&value=sp|Q9H8V3|ECT2_HUMAN,1,/core/www/modules/match_peptides/blast_html4.php?run_id=110202&search_id=114132&scans_id=110198&peptide_id=36286&scanf=43801&charge=2&value=1,K.TYPPFVNFFEMSK.E,/core/www/modules/show_out/show_out_wrapper.php?run_id=110202&search_id=114132&scans_id=110198&peptide_id=36286&scanf=43801&charge=2&value=K.TYPPFVNFFEMSK.E,ECT2,9.305e+5,2.272,0.045,1.347,0.002
43803,2,"  2.282","  0.436",9/34,/core/www/modules//sdig/index.php?run_id=110202&search_id=114132&scans_id=110198&peptide_id=36288&scanf=43803&charge=2&value=9/34,sp|Q14839|CHD4_HUMAN,/core/www/modules//consensus/?run_id=110202&search_id=114132&scans_id=110198&peptide_id=36288&scanf=43803&charge=2&value=sp|Q14839|CHD4_HUMAN,19,/core/www/modules/match_peptides/blast_html4.php?run_id=110202&search_id=114132&scans_id=110198&peptide_id=36288&scanf=43803&charge=2&value=19,R.EFEMWAPDMYVVTYVGDK.D,/core/www/modules/show_out/show_out_wrapper.php?run_id=110202&search_id=114132&scans_id=110198&peptide_id=36288&scanf=43803&charge=2&value=R.EFEMWAPDMYVVTYVGDK.D,CHD4,1.061e+6,2.363,0.033,1.476,0.001
43806,3,"  5.521","  0.557",16/88,/core/www/modules//sdig/index.php?run_id=110202&search_id=114132&scans_id=110198&peptide_id=36290&scanf=43806&charge=3&value=16/88,sp|Q7KZF4|SND1_HUMAN,/core/www/modules//consensus/?run_id=110202&search_id=114132&scans_id=110198&peptide_id=36290&scanf=43806&charge=3&value=sp|Q7KZF4|SND1_HUMAN,0,/core/www/modules/match_peptides/blast_html4.php?run_id=110202&search_id=114132&scans_id=110198&peptide_id=36290&scanf=43806&charge=3&value=0,R.VLPAQATEYAFAFIQVPQDDDAR.T,/core/www/modules/show_out/show_out_wrapper.php?run_id=110202&search_id=114132&scans_id=110198&peptide_id=36290&scanf=43806&charge=3&value=R.VLPAQATEYAFAFIQVPQDDDAR.T,SND1,1.692e+7,3.102,0.003,2.558,0.000
43814,2,"  3.296","  0.507",10/28,/core/www/modules//sdig/index.php?run_id=110202&search_id=114132&scans_id=110198&peptide_id=36299&scanf=43814&charge=2&value=10/28,sp|O75165|DJC13_HUMAN,/core/www/modules//consensus/?run_id=110202&search_id=114132&scans_id=110198&peptide_id=36299&scanf=43814&charge=2&value=sp|O75165|DJC13_HUMAN,0,/core/www/modules/match_peptides/blast_html4.php?run_id=110202&search_id=114132&scans_id=110198&peptide_id=36299&scanf=43814&charge=2&value=0,K.IVDGPDPENIILILK.T,/core/www/modules/show_out/show_out_wrapper.php?run_id=110202&search_id=114132&scans_id=110198&peptide_id=36299&scanf=43814&charge=2&value=K.IVDGPDPENIILILK.T,DNAJC13,1.294e+6,2.766,0.009,2.063,0.000
43817,3,"  3.135","  0.417",15/84,/core/www/modules//sdig/index.php?run_id=110202&search_id=114132&scans_id=110198&peptide_id=36302&scanf=43817&charge=3&value=15/84,sp|P08670|VIME_HUMAN,/core/www/modules//consensus/?run_id=110202&search_id=114132&scans_id=110198&peptide_id=36302&scanf=43817&charge=3&value=sp|P08670|VIME_HUMAN,1,/core/www/modules/match_peptides/blast_html4.php?run_id=110202&search_id=114132&scans_id=110198&peptide_id=36302&scanf=43817&charge=3&value=1,K.LLEGEESRISLPLPNFSSLNLR.E,/core/www/modules/show_out/show_out_wrapper.php?run_id=110202&search_id=114132&scans_id=110198&peptide_id=36302&scanf=43817&charge=3&value=K.LLEGEESRISLPLPNFSSLNLR.E,VIM,8.139e+5,2.557,0.017,1.757,0.000
43827,3,"  5.107","  0.586",22/104,/core/www/modules//sdig/index.php?run_id=110202&search_id=114132&scans_id=110198&peptide_id=36312&scanf=43827&charge=3&value=22/104,sp|Q9H8G2|CAAP1_HUMAN,/core/www/modules//consensus/?run_id=110202&search_id=114132&scans_id=110198&peptide_id=36312&scanf=43827&charge=3&value=sp|Q9H8G2|CAAP1_HUMAN,0,/core/www/modules/match_peptides/blast_html4.php?run_id=110202&search_id=114132&scans_id=110198&peptide_id=36312&scanf=43827&charge=3&value=0,K.AATLAVPPPEDVQPSAQQLELLELEMR.A,/core/www/modules/show_out/show_out_wrapper.php?run_id=110202&search_id=114132&scans_id=110198&peptide_id=36312&scanf=43827&charge=3&value=K.AATLAVPPPEDVQPSAQQLELLELEMR.A,CAAP1,2.460e+6,2.981,0.004,2.381,0.000
43828,3,"  3.491","  0.482",14/80,/core/www/modules//sdig/index.php?run_id=110202&search_id=114132&scans_id=110198&peptide_id=36313&scanf=43828&charge=3&value=14/80,sp|Q9Y4L1|HYOU1_HUMAN,/core/www/modules//consensus/?run_id=110202&search_id=114132&scans_id=110198&peptide_id=36313&scanf=43828&charge=3&value=sp|Q9Y4L1|HYOU1_HUMAN,9,/core/www/modules/match_peptides/blast_html4.php?run_id=110202&search_id=114132&scans_id=110198&peptide_id=36313&scanf=43828&charge=3&value=9,R.VESVFETLVEDSAEEESTLTK.L,/core/www/modules/show_out/show_out_wrapper.php?run_id=110202&search_id=114132&scans_id=110198&peptide_id=36313&scanf=43828&charge=3&value=R.VESVFETLVEDSAEEESTLTK.L,HYOU1,4.541e+6,2.749,0.009,2.038,0.000
43835,3,"  3.724","  0.615",19/72,/core/www/modules//sdig/index.php?run_id=110202&search_id=114132&scans_id=110198&peptide_id=36321&scanf=43835&charge=3&value=19/72,sp|P78527|PRKDC_HUMAN,/core/www/modules//consensus/?run_id=110202&search_id=114132&scans_id=110198&peptide_id=36321&scanf=43835&charge=3&value=sp|P78527|PRKDC_HUMAN,0,/core/www/modules/match_peptides/blast_html4.php?run_id=110202&search_id=114132&scans_id=110198&peptide_id=36321&scanf=43835&charge=3&value=0,K.AVAFFLESIAM*HDIIAAEK.C,/core/www/modules/show_out/show_out_wrapper.php?run_id=110202&search_id=114132&scans_id=110198&peptide_id=36321&scanf=43835&charge=3&value=K.AVAFFLESIAM*HDIIAAEK.C,PRKDC,2.229e+6,4.139,0.000,4.095,0.000
43838,2,"  5.097","  0.676",21/34,/core/www/modules//sdig/index.php?run_id=110202&search_id=114132&scans_id=110198&peptide_id=36324&scanf=43838&charge=2&value=21/34,sp|Q9NTX5|ECHD1_HUMAN,/core/www/modules//consensus/?run_id=110202&search_id=114132&scans_id=110198&peptide_id=36324&scanf=43838&charge=2&value=sp|Q9NTX5|ECHD1_HUMAN,1,/core/www/modules/match_peptides/blast_html4.php?run_id=110202&search_id=114132&scans_id=110198&peptide_id=36324&scanf=43838&charge=2&value=1,R.DLLGTVWGGPANLEAIAK.K,/core/www/modules/show_out/show_out_wrapper.php?run_id=110202&search_id=114132&scans_id=110198&peptide_id=36324&scanf=43838&charge=2&value=R.DLLGTVWGGPANLEAIAK.K,ECHDC1,2.736e+6,3.564,0.001,3.243,0.000
43840,3,"  1.760","  0.431",13/60,/core/www/modules//sdig/index.php?run_id=110202&search_id=114132&scans_id=110198&peptide_id=36327&scanf=43840&charge=3&value=13/60,sp|Q9H1A4|APC1_HUMAN,/core/www/modules//consensus/?run_id=110202&search_id=114132&scans_id=110198&peptide_id=36327&scanf=43840&charge=3&value=sp|Q9H1A4|APC1_HUMAN,1,/core/www/modules/match_peptides/blast_html4.php?run_id=110202&search_id=114132&scans_id=110198&peptide_id=36327&scanf=43840&charge=3&value=1,K.EELMAPTLLPELHLLK.Q,/core/www/modules/show_out/show_out_wrapper.php?run_id=110202&search_id=114132&scans_id=110198&peptide_id=36327&scanf=43840&charge=3&value=K.EELMAPTLLPELHLLK.Q,ANAPC1,1.762e+6,2.584,0.016,1.797,0.000
43841,3,"  4.911","  0.674",19/104,/core/www/modules//sdig/index.php?run_id=110202&search_id=114132&scans_id=110198&peptide_id=36328&scanf=43841&charge=3&value=19/104,sp|P82930|RT34_HUMAN,/core/www/modules//consensus/?run_id=110202&search_id=114132&scans_id=110198&peptide_id=36328&scanf=43841&charge=3&value=sp|P82930|RT34_HUMAN,1,/core/www/modules/match_peptides/blast_html4.php?run_id=110202&search_id=114132&scans_id=110198&peptide_id=36328&scanf=43841&charge=3&value=1,K.HEEEAFTAFTPAPEDSLASVPYPPLLR.A,/core/www/modules/show_out/show_out_wrapper.php?run_id=110202&search_id=114132&scans_id=110198&peptide_id=36328&scanf=43841&charge=3&value=K.HEEEAFTAFTPAPEDSLASVPYPPLLR.A,MRPS34,1.487e+6,3.241,0.002,2.764,0.000
43844,2,"  3.868","  0.621",17/32,/core/www/modules//sdig/index.php?run_id=110202&search_id=114132&scans_id=110198&peptide_id=36331&scanf=43844&charge=2&value=17/32,sp|Q7Z3K3|POGZ_HUMAN,/core/www/modules//consensus/?run_id=110202&search_id=114132&scans_id=110198&peptide_id=36331&scanf=43844&charge=2&value=sp|Q7Z3K3|POGZ_HUMAN,1,/core/www/modules/match_peptides/blast_html4.php?run_id=110202&search_id=114132&scans_id=110198&peptide_id=36331&scanf=43844&charge=2&value=1,R.NADMQEELIASLEEQLK.L,/core/www/modules/show_out/show_out_wrapper.php?run_id=110202&search_id=114132&scans_id=110198&peptide_id=36331&scanf=43844&charge=2&value=R.NADMQEELIASLEEQLK.L,POGZ,1.089e+6,3.216,0.002,2.728,0.000
43849,3,"  3.771","  0.644",15/60,/core/www/modules//sdig/index.php?run_id=110202&search_id=114132&scans_id=110198&peptide_id=36335&scanf=43849&charge=3&value=15/60,sp|Q8IY37|DHX37_HUMAN,/core/www/modules//consensus/?run_id=110202&search_id=114132&scans_id=110198&peptide_id=36335&scanf=43849&charge=3&value=sp|Q8IY37|DHX37_HUMAN,1,/core/www/modules/match_peptides/blast_html4.php?run_id=110202&search_id=114132&scans_id=110198&peptide_id=36335&scanf=43849&charge=3&value=1,K.ELPEFVVYQEIVETTK.M,/core/www/modules/show_out/show_out_wrapper.php?run_id=110202&search_id=114132&scans_id=110198&peptide_id=36335&scanf=43849&charge=3&value=K.ELPEFVVYQEIVETTK.M,DHX37,3.031e+6,3.501,0.001,3.149,0.000
43852,3,"  3.568","  0.576",19/64,/core/www/modules//sdig/index.php?run_id=110202&search_id=114132&scans_id=110198&peptide_id=36339&scanf=43852&charge=3&value=19/64,sp|Q14CX7|NAA25_HUMAN,/core/www/modules//consensus/?run_id=110202&search_id=114132&scans_id=110198&peptide_id=36339&scanf=43852&charge=3&value=sp|Q14CX7|NAA25_HUMAN,0,/core/www/modules/match_peptides/blast_html4.php?run_id=110202&search_id=114132&scans_id=110198&peptide_id=36339&scanf=43852&charge=3&value=0,K.VQSSYLHSLLEMGELLK.K,/core/www/modules/show_out/show_out_wrapper.php?run_id=110202&search_id=114132&scans_id=110198&peptide_id=36339&scanf=43852&charge=3&value=K.VQSSYLHSLLEMGELLK.K,NAA25,1.521e+6,3.297,0.001,2.848,0.000
43854,2,"  3.320","  0.587",14/28,/core/www/modules//sdig/index.php?run_id=110202&search_id=114132&scans_id=110198&peptide_id=36341&scanf=43854&charge=2&value=14/28,sp|Q9H583|HEAT1_HUMAN,/core/www/modules//consensus/?run_id=110202&search_id=114132&scans_id=110198&peptide_id=36341&scanf=43854&charge=2&value=sp|Q9H583|HEAT1_HUMAN,1,/core/www/modules/match_peptides/blast_html4.php?run_id=110202&search_id=114132&scans_id=110198&peptide_id=36341&scanf=43854&charge=2&value=1,K.VNALLPTETFIPVIR.G,/core/www/modules/show_out/show_out_wrapper.php?run_id=110202&search_id=114132&scans_id=110198&peptide_id=36341&scanf=43854&charge=2&value=K.VNALLPTETFIPVIR.G,HEATR1,5.508e+6,3.253,0.002,2.783,0.000
43856,3,"  4.382","  0.493",17/84,/core/www/modules//sdig/index.php?run_id=110202&search_id=114132&scans_id=110198&peptide_id=36343&scanf=43856&charge=3&value=17/84,sp|P23786|CPT2_HUMAN,/core/www/modules//consensus/?run_id=110202&search_id=114132&scans_id=110198&peptide_id=36343&scanf=43856&charge=3&value=sp|P23786|CPT2_HUMAN,4,/core/www/modules/match_peptides/blast_html4.php?run_id=110202&search_id=114132&scans_id=110198&peptide_id=36343&scanf=43856&charge=3&value=4,K.YILSDSSPAPEFPLAYLTSENR.D,/core/www/modules/show_out/show_out_wrapper.php?run_id=110202&search_id=114132&scans_id=110198&peptide_id=36343&scanf=43856&charge=3&value=K.YILSDSSPAPEFPLAYLTSENR.D,CPT2,1.760e+6,2.598,0.015,1.817,0.000
43858,3,"  3.335","  0.536",16/52,/core/www/modules//sdig/index.php?run_id=110202&search_id=114132&scans_id=110198&peptide_id=36345&scanf=43858&charge=3&value=16/52,sp|Q29RF7|PDS5A_HUMAN,/core/www/modules//consensus/?run_id=110202&search_id=114132&scans_id=110198&peptide_id=36345&scanf=43858&charge=3&value=sp|Q29RF7|PDS5A_HUMAN,0,/core/www/modules/match_peptides/blast_html4.php?run_id=110202&search_id=114132&scans_id=110198&peptide_id=36345&scanf=43858&charge=3&value=0,R.DLALVNDQLLGFVR.E,/core/www/modules/show_out/show_out_wrapper.php?run_id=110202&search_id=114132&scans_id=110198&peptide_id=36345&scanf=43858&charge=3&value=R.DLALVNDQLLGFVR.E,PDS5A,2.971e+6,3.380,0.001,2.971,0.000
43861,3,"  2.374","  0.522",15/48,/core/www/modules//sdig/index.php?run_id=110202&search_id=114132&scans_id=110198&peptide_id=36349&scanf=43861&charge=3&value=15/48,sp|O43432|IF4G3_HUMAN,/core/www/modules//consensus/?run_id=110202&search_id=114132&scans_id=110198&peptide_id=36349&scanf=43861&charge=3&value=sp|O43432|IF4G3_HUMAN,8,/core/www/modules/match_peptides/blast_html4.php?run_id=110202&search_id=114132&scans_id=110198&peptide_id=36349&scanf=43861&charge=3&value=8,K.SIIDEFLHINDFK.E,/core/www/modules/show_out/show_out_wrapper.php?run_id=110202&search_id=114132&scans_id=110198&peptide_id=36349&scanf=43861&charge=3&value=K.SIIDEFLHINDFK.E,EIF4G3,1.340e+6,3.207,0.002,2.715,0.000
43863,2,"  2.516","  0.612",11/30,/core/www/modules//sdig/index.php?run_id=110202&search_id=114132&scans_id=110198&peptide_id=36351&scanf=43863&charge=2&value=11/30,sp|Q9Y3D8|KAD6_HUMAN,/core/www/modules//consensus/?run_id=110202&search_id=114132&scans_id=110198&peptide_id=36351&scanf=43863&charge=2&value=sp|Q9Y3D8|KAD6_HUMAN,2,/core/www/modules/match_peptides/blast_html4.php?run_id=110202&search_id=114132&scans_id=110198&peptide_id=36351&scanf=43863&charge=2&value=2,-.MLLPNILLTGTPGVGK.T,/core/www/modules/show_out/show_out_wrapper.php?run_id=110202&search_id=114132&scans_id=110198&peptide_id=36351&scanf=43863&charge=2&value=-.MLLPNILLTGTPGVGK.T,AK6,7.642e+5,2.936,0.005,2.313,0.000
43866,2,"  1.898","  0.332",7/20,/core/www/modules//sdig/index.php?run_id=110202&search_id=114132&scans_id=110198&peptide_id=36354&scanf=43866&charge=2&value=7/20,sp|Q16836|HCDH_HUMAN,/core/www/modules//consensus/?run_id=110202&search_id=114132&scans_id=110198&peptide_id=36354&scanf=43866&charge=2&value=sp|Q16836|HCDH_HUMAN,8,/core/www/modules/match_peptides/blast_html4.php?run_id=110202&search_id=114132&scans_id=110198&peptide_id=36354&scanf=43866&charge=2&value=8,R.LLVPYLMEAIR.L,/core/www/modules/show_out/show_out_wrapper.php?run_id=110202&search_id=114132&scans_id=110198&peptide_id=36354&scanf=43866&charge=2&value=R.LLVPYLMEAIR.L,HADH,8.415e+5,2.242,0.050,1.304,0.002
43869,2,"  3.293","  0.713",15/22,/core/www/modules//sdig/index.php?run_id=110202&search_id=114132&scans_id=110198&peptide_id=36356&scanf=43869&charge=2&value=15/22,sp|O14980|XPO1_HUMAN,/core/www/modules//consensus/?run_id=110202&search_id=114132&scans_id=110198&peptide_id=36356&scanf=43869&charge=2&value=sp|O14980|XPO1_HUMAN,15,/core/www/modules/match_peptides/blast_html4.php?run_id=110202&search_id=114132&scans_id=110198&peptide_id=36356&scanf=43869&charge=2&value=15,K.YYGLQILENVIK.T,/core/www/modules/show_out/show_out_wrapper.php?run_id=110202&search_id=114132&scans_id=110198&peptide_id=36356&scanf=43869&charge=2&value=K.YYGLQILENVIK.T,XPO1,7.547e+6,4.127,0.000,4.078,0.000
43870,2,"  3.526","  0.663",13/24,/core/www/modules//sdig/index.php?run_id=110202&search_id=114132&scans_id=110198&peptide_id=36358&scanf=43870&charge=2&value=13/24,sp|Q9P2I0|CPSF2_HUMAN,/core/www/modules//consensus/?run_id=110202&search_id=114132&scans_id=110198&peptide_id=36358&scanf=43870&charge=2&value=sp|Q9P2I0|CPSF2_HUMAN,0,/core/www/modules/match_peptides/blast_html4.php?run_id=110202&search_id=114132&scans_id=110198&peptide_id=36358&scanf=43870&charge=2&value=0,R.DEQLLTNVLETLR.G,/core/www/modules/show_out/show_out_wrapper.php?run_id=110202&search_id=114132&scans_id=110198&peptide_id=36358&scanf=43870&charge=2&value=R.DEQLLTNVLETLR.G,CPSF2,4.728e+6,3.585,0.001,3.274,0.000
43871,4,"  4.013","  0.531",17/96,/core/www/modules//sdig/index.php?run_id=110202&search_id=114132&scans_id=110198&peptide_id=36359&scanf=43871&charge=4&value=17/96,sp|O94888|UBXN7_HUMAN,/core/www/modules//consensus/?run_id=110202&search_id=114132&scans_id=110198&peptide_id=36359&scanf=43871&charge=4&value=sp|O94888|UBXN7_HUMAN,0,/core/www/modules/match_peptides/blast_html4.php?run_id=110202&search_id=114132&scans_id=110198&peptide_id=36359&scanf=43871&charge=4&value=0,K.LTTLADLFRPPIDLMHK.G,/core/www/modules/show_out/show_out_wrapper.php?run_id=110202&search_id=114132&scans_id=110198&peptide_id=36359&scanf=43871&charge=4&value=K.LTTLADLFRPPIDLMHK.G,UBXN7,2.759e+6,3.478,0.001,3.116,0.000
43872,2,"  3.575","  0.714",16/28,/core/www/modules//sdig/index.php?run_id=110202&search_id=114132&scans_id=110198&peptide_id=36360&scanf=43872&charge=2&value=16/28,sp|P20226|TBP_HUMAN,/core/www/modules//consensus/?run_id=110202&search_id=114132&scans_id=110198&peptide_id=36360&scanf=43872&charge=2&value=sp|P20226|TBP_HUMAN,1,/core/www/modules/match_peptides/blast_html4.php?run_id=110202&search_id=114132&scans_id=110198&peptide_id=36360&scanf=43872&charge=2&value=1,R.AEIYEAFENIYPILK.G,/core/www/modules/show_out/show_out_wrapper.php?run_id=110202&search_id=114132&scans_id=110198&peptide_id=36360&scanf=43872&charge=2&value=R.AEIYEAFENIYPILK.G,TBP,5.418e+6,3.732,0.000,3.492,0.000
43873,2,"  5.354","  0.605",23/36,/core/www/modules//sdig/index.php?run_id=110202&search_id=114132&scans_id=110198&peptide_id=36361&scanf=43873&charge=2&value=23/36,sp|Q9H0A0|NAT10_HUMAN,/core/www/modules//consensus/?run_id=110202&search_id=114132&scans_id=110198&peptide_id=36361&scanf=43873&charge=2&value=sp|Q9H0A0|NAT10_HUMAN,0,/core/www/modules/match_peptides/blast_html4.php?run_id=110202&search_id=114132&scans_id=110198&peptide_id=36361&scanf=43873&charge=2&value=0,K.TLTDEDEADQGGWLAAFWK.D,/core/www/modules/show_out/show_out_wrapper.php?run_id=110202&search_id=114132&scans_id=110198&peptide_id=36361&scanf=43873&charge=2&value=K.TLTDEDEADQGGWLAAFWK.D,NAT10,1.349e+6,3.596,0.001,3.290,0.000
43874,3,"  4.728","  0.679",15/104,/core/www/modules//sdig/index.php?run_id=110202&search_id=114132&scans_id=110198&peptide_id=36362&scanf=43874&charge=3&value=15/104,sp|P82930|RT34_HUMAN,/core/www/modules//consensus/?run_id=110202&search_id=114132&scans_id=110198&peptide_id=36362&scanf=43874&charge=3&value=sp|P82930|RT34_HUMAN,1,/core/www/modules/match_peptides/blast_html4.php?run_id=110202&search_id=114132&scans_id=110198&peptide_id=36362&scanf=43874&charge=3&value=1,K.HEEEAFTAFTPAPEDSLASVPYPPLLR.A,/core/www/modules/show_out/show_out_wrapper.php?run_id=110202&search_id=114132&scans_id=110198&peptide_id=36362&scanf=43874&charge=3&value=K.HEEEAFTAFTPAPEDSLASVPYPPLLR.A,MRPS34,1.487e+6,3.179,0.002,2.673,0.000
43877,3,"  4.762","  0.541",19/76,/core/www/modules//sdig/index.php?run_id=110202&search_id=114132&scans_id=110198&peptide_id=36365&scanf=43877&charge=3&value=19/76,sp|P05549|AP2A_HUMAN,/core/www/modules//consensus/?run_id=110202&search_id=114132&scans_id=110198&peptide_id=36365&scanf=43877&charge=3&value=sp|P05549|AP2A_HUMAN,3,/core/www/modules/match_peptides/blast_html4.php?run_id=110202&search_id=114132&scans_id=110198&peptide_id=36365&scanf=43877&charge=3&value=3,K.AANVTLLTSLVEGEAVHLAR.D,/core/www/modules/show_out/show_out_wrapper.php?run_id=110202&search_id=114132&scans_id=110198&peptide_id=36365&scanf=43877&charge=3&value=K.AANVTLLTSLVEGEAVHLAR.D,TFAP2A,6.630e+5,3.054,0.003,2.488,0.000
43878,3,"  3.024","  0.480",13/88,/core/www/modules//sdig/index.php?run_id=110202&search_id=114132&scans_id=110198&peptide_id=36366&scanf=43878&charge=3&value=13/88,sp|Q5TGY3|AHDC1_HUMAN,/core/www/modules//consensus/?run_id=110202&search_id=114132&scans_id=110198&peptide_id=36366&scanf=43878&charge=3&value=sp|Q5TGY3|AHDC1_HUMAN,0,/core/www/modules/match_peptides/blast_html4.php?run_id=110202&search_id=114132&scans_id=110198&peptide_id=36366&scanf=43878&charge=3&value=0,K.EPAVVAAEAATVAAATMAMPEVK.K,/core/www/modules/show_out/show_out_wrapper.php?run_id=110202&search_id=114132&scans_id=110198&peptide_id=36366&scanf=43878&charge=3&value=K.EPAVVAAEAATVAAATMAMPEVK.K,AHDC1,1.789e+6,2.541,0.018,1.733,0.000
43881,3,"  4.191","  0.559",16/80,/core/www/modules//sdig/index.php?run_id=110202&search_id=114132&scans_id=110198&peptide_id=36370&scanf=43881&charge=3&value=16/80,sp|Q8WZA9|IRGQ_HUMAN,/core/www/modules//consensus/?run_id=110202&search_id=114132&scans_id=110198&peptide_id=36370&scanf=43881&charge=3&value=sp|Q8WZA9|IRGQ_HUMAN,0,/core/www/modules/match_peptides/blast_html4.php?run_id=110202&search_id=114132&scans_id=110198&peptide_id=36370&scanf=43881&charge=3&value=0,R.LLPPAQDGFEVLGAAELEAVR.E,/core/www/modules/show_out/show_out_wrapper.php?run_id=110202&search_id=114132&scans_id=110198&peptide_id=36370&scanf=43881&charge=3&value=R.LLPPAQDGFEVLGAAELEAVR.E,IRGQ,5.057e+5,2.855,0.006,2.195,0.000
43884,3,"  5.962","  0.708",23/88,/core/www/modules//sdig/index.php?run_id=110202&search_id=114132&scans_id=110198&peptide_id=36373&scanf=43884&charge=3&value=23/88,sp|Q9P2N6|KANL3_HUMAN,/core/www/modules//consensus/?run_id=110202&search_id=114132&scans_id=110198&peptide_id=36373&scanf=43884&charge=3&value=sp|Q9P2N6|KANL3_HUMAN,2,/core/www/modules/match_peptides/blast_html4.php?run_id=110202&search_id=114132&scans_id=110198&peptide_id=36373&scanf=43884&charge=3&value=2,K.LPGSPLILIASSGPSSSVFPTSR.R,/core/www/modules/show_out/show_out_wrapper.php?run_id=110202&search_id=114132&scans_id=110198&peptide_id=36373&scanf=43884&charge=3&value=K.LPGSPLILIASSGPSSSVFPTSR.R,KANSL3,5.804e+5,3.567,0.001,3.248,0.000
43885,2,"  1.597","  0.274",8/24,/core/www/modules//sdig/index.php?run_id=110202&search_id=114132&scans_id=110198&peptide_id=36374&scanf=43885&charge=2&value=8/24,sp|Q9H845|ACAD9_HUMAN,/core/www/modules//consensus/?run_id=110202&search_id=114132&scans_id=110198&peptide_id=36374&scanf=43885&charge=2&value=sp|Q9H845|ACAD9_HUMAN,6,/core/www/modules/match_peptides/blast_html4.php?run_id=110202&search_id=114132&scans_id=110198&peptide_id=36374&scanf=43885&charge=2&value=6,R.ILLIFEGTNEILR.M,/core/www/modules/show_out/show_out_wrapper.php?run_id=110202&search_id=114132&scans_id=110198&peptide_id=36374&scanf=43885&charge=2&value=R.ILLIFEGTNEILR.M,ACAD9,8.983e+5,1.923,0.135,0.871,0.007
43886,2,"  3.891","  0.549",15/28,/core/www/modules//sdig/index.php?run_id=110202&search_id=114132&scans_id=110198&peptide_id=36375&scanf=43886&charge=2&value=15/28,sp|Q96L91|EP400_HUMAN,/core/www/modules//consensus/?run_id=110202&search_id=114132&scans_id=110198&peptide_id=36375&scanf=43886&charge=2&value=sp|Q96L91|EP400_HUMAN,0,/core/www/modules/match_peptides/blast_html4.php?run_id=110202&search_id=114132&scans_id=110198&peptide_id=36375&scanf=43886&charge=2&value=0,K.EADLSMFDLIGLENK.I,/core/www/modules/show_out/show_out_wrapper.php?run_id=110202&search_id=114132&scans_id=110198&peptide_id=36375&scanf=43886&charge=2&value=K.EADLSMFDLIGLENK.I,EP400,1.593e+6,3.201,0.002,2.706,0.000
43887,2,"  3.189","  0.483",12/34,/core/www/modules//sdig/index.php?run_id=110202&search_id=114132&scans_id=110198&peptide_id=36376&scanf=43887&charge=2&value=12/34,sp|Q9UDY4|DNJB4_HUMAN,/core/www/modules//consensus/?run_id=110202&search_id=114132&scans_id=110198&peptide_id=36376&scanf=43887&charge=2&value=sp|Q9UDY4|DNJB4_HUMAN,0,/core/www/modules/match_peptides/blast_html4.php?run_id=110202&search_id=114132&scans_id=110198&peptide_id=36376&scanf=43887&charge=2&value=0,R.EGDETPNSIPADIVFIIK.D,/core/www/modules/show_out/show_out_wrapper.php?run_id=110202&search_id=114132&scans_id=110198&peptide_id=36376&scanf=43887&charge=2&value=R.EGDETPNSIPADIVFIIK.D,DNAJB4,5.505e+5,2.572,0.017,1.779,0.000
43890,3,"  4.980","  0.706",21/72,/core/www/modules//sdig/index.php?run_id=110202&search_id=114132&scans_id=110198&peptide_id=36379&scanf=43890&charge=3&value=21/72,sp|P08670|VIME_HUMAN,/core/www/modules//consensus/?run_id=110202&search_id=114132&scans_id=110198&peptide_id=36379&scanf=43890&charge=3&value=sp|P08670|VIME_HUMAN,3,/core/www/modules/match_peptides/blast_html4.php?run_id=110202&search_id=114132&scans_id=110198&peptide_id=36379&scanf=43890&charge=3&value=3,R.LLQDSVDFSLADAINTEFK.N,/core/www/modules/show_out/show_out_wrapper.php?run_id=110202&search_id=114132&scans_id=110198&peptide_id=36379&scanf=43890&charge=3&value=R.LLQDSVDFSLADAINTEFK.N,VIM,1.196e+8,4.267,0.000,4.286,0.000
43891,3,"  6.425","  0.682",22/88,/core/www/modules//sdig/index.php?run_id=110202&search_id=114132&scans_id=110198&peptide_id=36380&scanf=43891&charge=3&value=22/88,sp|Q16181|SEPT7_HUMAN,/core/www/modules//consensus/?run_id=110202&search_id=114132&scans_id=110198&peptide_id=36380&scanf=43891&charge=3&value=sp|Q16181|SEPT7_HUMAN,7,/core/www/modules/match_peptides/blast_html4.php?run_id=110202&search_id=114132&scans_id=110198&peptide_id=36380&scanf=43891&charge=3&value=7,K.STLINSLFLTDLYSPEYPGPSHR.I,/core/www/modules/show_out/show_out_wrapper.php?run_id=110202&search_id=114132&scans_id=110198&peptide_id=36380&scanf=43891&charge=3&value=K.STLINSLFLTDLYSPEYPGPSHR.I,SEPTIN7,6.861e+6,3.494,0.001,3.139,0.000
43892,2,"  5.405","  0.689",22/32,/core/www/modules//sdig/index.php?run_id=110202&search_id=114132&scans_id=110198&peptide_id=36381&scanf=43892&charge=2&value=22/32,sp|P78527|PRKDC_HUMAN,/core/www/modules//consensus/?run_id=110202&search_id=114132&scans_id=110198&peptide_id=36381&scanf=43892&charge=2&value=sp|P78527|PRKDC_HUMAN,1,/core/www/modules/match_peptides/blast_html4.php?run_id=110202&search_id=114132&scans_id=110198&peptide_id=36381&scanf=43892&charge=2&value=1,K.LLLQGEADQSLLTFIDK.A,/core/www/modules/show_out/show_out_wrapper.php?run_id=110202&search_id=114132&scans_id=110198&peptide_id=36381&scanf=43892&charge=2&value=K.LLLQGEADQSLLTFIDK.A,PRKDC,4.991e+7,4.725,0.000,4.965,0.000
43894,3,"  2.540","  0.485",8/56,/core/www/modules//sdig/index.php?run_id=110202&search_id=114132&scans_id=110198&peptide_id=36383&scanf=43894&charge=3&value=8/56,sp|P20226|TBP_HUMAN,/core/www/modules//consensus/?run_id=110202&search_id=114132&scans_id=110198&peptide_id=36383&scanf=43894&charge=3&value=sp|P20226|TBP_HUMAN,1,/core/www/modules/match_peptides/blast_html4.php?run_id=110202&search_id=114132&scans_id=110198&peptide_id=36383&scanf=43894&charge=3&value=1,R.AEIYEAFENIYPILK.G,/core/www/modules/show_out/show_out_wrapper.php?run_id=110202&search_id=114132&scans_id=110198&peptide_id=36383&scanf=43894&charge=3&value=R.AEIYEAFENIYPILK.G,TBP,3.834e+6,2.786,0.008,2.093,0.000
43899,2,"  1.797","  0.502",10/34,/core/www/modules//sdig/index.php?run_id=110202&search_id=114132&scans_id=110198&peptide_id=36388&scanf=43899&charge=2&value=10/34,sp|O94973|AP2A2_HUMAN,/core/www/modules//consensus/?run_id=110202&search_id=114132&scans_id=110198&peptide_id=36388&scanf=43899&charge=2&value=sp|O94973|AP2A2_HUMAN,4,/core/www/modules/match_peptides/blast_html4.php?run_id=110202&search_id=114132&scans_id=110198&peptide_id=36388&scanf=43899&charge=2&value=4,K.VGGYILGEFGNLIAGDPR.S,/core/www/modules/show_out/show_out_wrapper.php?run_id=110202&search_id=114132&scans_id=110198&peptide_id=36388&scanf=43899&charge=2&value=K.VGGYILGEFGNLIAGDPR.S,AP2A2,1.551e+6,2.395,0.030,1.523,0.001
43903,3,"  3.186","  0.523",14/56,/core/www/modules//sdig/index.php?run_id=110202&search_id=114132&scans_id=110198&peptide_id=36393&scanf=43903&charge=3&value=14/56,sp|Q9BVP2|GNL3_HUMAN,/core/www/modules//consensus/?run_id=110202&search_id=114132&scans_id=110198&peptide_id=36393&scanf=43903&charge=3&value=sp|Q9BVP2|GNL3_HUMAN,0,/core/www/modules/match_peptides/blast_html4.php?run_id=110202&search_id=114132&scans_id=110198&peptide_id=36393&scanf=43903&charge=3&value=0,K.VIEASDVVLEVLDAR.D,/core/www/modules/show_out/show_out_wrapper.php?run_id=110202&search_id=114132&scans_id=110198&peptide_id=36393&scanf=43903&charge=3&value=K.VIEASDVVLEVLDAR.D,GNL3,3.346e+7,3.165,0.002,2.652,0.000
43906,2,"  1.670","  0.498",8/24,/core/www/modules//sdig/index.php?run_id=110202&search_id=114132&scans_id=110198&peptide_id=36396&scanf=43906&charge=2&value=8/24,sp|Q8NFW8|NEUA_HUMAN,/core/www/modules//consensus/?run_id=110202&search_id=114132&scans_id=110198&peptide_id=36396&scanf=43906&charge=2&value=sp|Q8NFW8|NEUA_HUMAN,1,/core/www/modules/match_peptides/blast_html4.php?run_id=110202&search_id=114132&scans_id=110198&peptide_id=36396&scanf=43906&charge=2&value=1,K.HLAGVPLIGWVLR.A,/core/www/modules/show_out/show_out_wrapper.php?run_id=110202&search_id=114132&scans_id=110198&peptide_id=36396&scanf=43906&charge=2&value=K.HLAGVPLIGWVLR.A,CMAS,5.961e+5,2.659,0.012,1.906,0.000
43907,2,"  2.945","  0.615",13/26,/core/www/modules//sdig/index.php?run_id=110202&search_id=114132&scans_id=110198&peptide_id=36397&scanf=43907&charge=2&value=13/26,sp|O14647|CHD2_HUMAN,/core/www/modules//consensus/?run_id=110202&search_id=114132&scans_id=110198&peptide_id=36397&scanf=43907&charge=2&value=sp|O14647|CHD2_HUMAN,4,/core/www/modules/match_peptides/blast_html4.php?run_id=110202&search_id=114132&scans_id=110198&peptide_id=36397&scanf=43907&charge=2&value=4,R.GSTSGFLNIVMELK.K,/core/www/modules/show_out/show_out_wrapper.php?run_id=110202&search_id=114132&scans_id=110198&peptide_id=36397&scanf=43907&charge=2&value=R.GSTSGFLNIVMELK.K,CHD2,7.338e+5,3.390,0.001,2.985,0.000
43911,3,"  5.292","  0.561",21/72,/core/www/modules//sdig/index.php?run_id=110202&search_id=114132&scans_id=110198&peptide_id=36401&scanf=43911&charge=3&value=21/72,sp|Q93009|UBP7_HUMAN,/core/www/modules//consensus/?run_id=110202&search_id=114132&scans_id=110198&peptide_id=36401&scanf=43911&charge=3&value=sp|Q93009|UBP7_HUMAN,3,/core/www/modules/match_peptides/blast_html4.php?run_id=110202&search_id=114132&scans_id=110198&peptide_id=36401&scanf=43911&charge=3&value=3,K.INDRFEFPEQLPLDEFLQK.T,/core/www/modules/show_out/show_out_wrapper.php?run_id=110202&search_id=114132&scans_id=110198&peptide_id=36401&scanf=43911&charge=3&value=K.INDRFEFPEQLPLDEFLQK.T,USP7,6.419e+6,3.006,0.004,2.417,0.000
43916,2,"  2.393","  0.569",10/18,/core/www/modules//sdig/index.php?run_id=110202&search_id=114132&scans_id=110198&peptide_id=36406&scanf=43916&charge=2&value=10/18,sp|Q32P28|P3H1_HUMAN,/core/www/modules//consensus/?run_id=110202&search_id=114132&scans_id=110198&peptide_id=36406&scanf=43916&charge=2&value=sp|Q32P28|P3H1_HUMAN,1,/core/www/modules/match_peptides/blast_html4.php?run_id=110202&search_id=114132&scans_id=110198&peptide_id=36406&scanf=43916&charge=2&value=1,R.DLSFFGGLLR.R,/core/www/modules/show_out/show_out_wrapper.php?run_id=110202&search_id=114132&scans_id=110198&peptide_id=36406&scanf=43916&charge=2&value=R.DLSFFGGLLR.R,P3H1,1.792e+6,3.365,0.001,2.948,0.000
43922,3,"  5.115","  0.579",24/108,/core/www/modules//sdig/index.php?run_id=110202&search_id=114132&scans_id=110198&peptide_id=36413&scanf=43922&charge=3&value=24/108,sp|Q14690|RRP5_HUMAN,/core/www/modules//consensus/?run_id=110202&search_id=114132&scans_id=110198&peptide_id=36413&scanf=43922&charge=3&value=sp|Q14690|RRP5_HUMAN,1,/core/www/modules/match_peptides/blast_html4.php?run_id=110202&search_id=114132&scans_id=110198&peptide_id=36413&scanf=43922&charge=3&value=1,K.NLVELSFLPGDTGKPDVLSASLEGQLTK.Q,/core/www/modules/show_out/show_out_wrapper.php?run_id=110202&search_id=114132&scans_id=110198&peptide_id=36413&scanf=43922&charge=3&value=K.NLVELSFLPGDTGKPDVLSASLEGQLTK.Q,PDCD11,1.049e+6,3.095,0.003,2.548,0.000
43932,2,"  1.490","  0.122",9/20,/core/www/modules//sdig/index.php?run_id=110202&search_id=114132&scans_id=110198&peptide_id=36422&scanf=43932&charge=2&value=9/20,sp|O75369|FLNB_HUMAN,/core/www/modules//consensus/?run_id=110202&search_id=114132&scans_id=110198&peptide_id=36422&scanf=43932&charge=2&value=sp|O75369|FLNB_HUMAN,10,/core/www/modules/match_peptides/blast_html4.php?run_id=110202&search_id=114132&scans_id=110198&peptide_id=36422&scanf=43932&charge=2&value=10,R.LIALLEVLSQK.R,/core/www/modules/show_out/show_out_wrapper.php?run_id=110202&search_id=114132&scans_id=110198&peptide_id=36422&scanf=43932&charge=2&value=R.LIALLEVLSQK.R,FLNB,2.170e+7,1.830,0.176,0.755,0.010
43933,2,"  2.869","  0.556",13/22,/core/www/modules//sdig/index.php?run_id=110202&search_id=114132&scans_id=110198&peptide_id=36423&scanf=43933&charge=2&value=13/22,sp|Q9UBF2|COPG2_HUMAN,/core/www/modules//consensus/?run_id=110202&search_id=114132&scans_id=110198&peptide_id=36423&scanf=43933&charge=2&value=sp|Q9UBF2|COPG2_HUMAN,1,/core/www/modules/match_peptides/blast_html4.php?run_id=110202&search_id=114132&scans_id=110198&peptide_id=36423&scanf=43933&charge=2&value=1,R.SIATLAITTLLK.T,/core/www/modules/show_out/show_out_wrapper.php?run_id=110202&search_id=114132&scans_id=110198&peptide_id=36423&scanf=43933&charge=2&value=R.SIATLAITTLLK.T,COPG2,1.895e+7,3.245,0.002,2.771,0.000
43936,3,"  5.559","  0.259",19/84,/core/www/modules//sdig/index.php?run_id=110202&search_id=114132&scans_id=110198&peptide_id=36426&scanf=43936&charge=3&value=19/84,sp|Q8N442|GUF1_HUMAN,/core/www/modules//consensus/?run_id=110202&search_id=114132&scans_id=110198&peptide_id=36426&scanf=43936&charge=3&value=sp|Q8N442|GUF1_HUMAN,0,/core/www/modules/match_peptides/blast_html4.php?run_id=110202&search_id=114132&scans_id=110198&peptide_id=36426&scanf=43936&charge=3&value=0,K.VTEYLEPVVLGTIITPDEYTGK.I,/core/www/modules/show_out/show_out_wrapper.php?run_id=110202&search_id=114132&scans_id=110198&peptide_id=36426&scanf=43936&charge=3&value=K.VTEYLEPVVLGTIITPDEYTGK.I,GUF1,9.793e+5,1.967,0.118,0.929,0.005
43938,3,"  4.853","  0.653",28/68,/core/www/modules//sdig/index.php?run_id=110202&search_id=114132&scans_id=110198&peptide_id=36428&scanf=43938&charge=3&value=28/68,sp|P42704|LPPRC_HUMAN,/core/www/modules//consensus/?run_id=110202&search_id=114132&scans_id=110198&peptide_id=36428&scanf=43938&charge=3&value=sp|P42704|LPPRC_HUMAN,21,/core/www/modules/match_peptides/blast_html4.php?run_id=110202&search_id=114132&scans_id=110198&peptide_id=36428&scanf=43938&charge=3&value=21,K.DLPVTEAVFSALVTGHAR.A,/core/www/modules/show_out/show_out_wrapper.php?run_id=110202&search_id=114132&scans_id=110198&peptide_id=36428&scanf=43938&charge=3&value=K.DLPVTEAVFSALVTGHAR.A,LRPPRC,6.732e+6,3.851,0.000,3.669,0.000
43940,3,"  4.863","  0.711",17/64,/core/www/modules//sdig/index.php?run_id=110202&search_id=114132&scans_id=110198&peptide_id=36431&scanf=43940&charge=3&value=17/64,sp|P78527|PRKDC_HUMAN,/core/www/modules//consensus/?run_id=110202&search_id=114132&scans_id=110198&peptide_id=36431&scanf=43940&charge=3&value=sp|P78527|PRKDC_HUMAN,1,/core/www/modules/match_peptides/blast_html4.php?run_id=110202&search_id=114132&scans_id=110198&peptide_id=36431&scanf=43940&charge=3&value=1,K.IWSEPFYQETYLPYMIR.S,/core/www/modules/show_out/show_out_wrapper.php?run_id=110202&search_id=114132&scans_id=110198&peptide_id=36431&scanf=43940&charge=3&value=K.IWSEPFYQETYLPYMIR.S,PRKDC,2.342e+6,4.640,0.000,4.838,0.000
43942,2,"  4.887","  0.575",19/28,/core/www/modules//sdig/index.php?run_id=110202&search_id=114132&scans_id=110198&peptide_id=36433&scanf=43942&charge=2&value=19/28,sp|Q9BVP2|GNL3_HUMAN,/core/www/modules//consensus/?run_id=110202&search_id=114132&scans_id=110198&peptide_id=36433&scanf=43942&charge=2&value=sp|Q9BVP2|GNL3_HUMAN,0,/core/www/modules/match_peptides/blast_html4.php?run_id=110202&search_id=114132&scans_id=110198&peptide_id=36433&scanf=43942&charge=2&value=0,K.VIEASDVVLEVLDAR.D,/core/www/modules/show_out/show_out_wrapper.php?run_id=110202&search_id=114132&scans_id=110198&peptide_id=36433&scanf=43942&charge=2&value=K.VIEASDVVLEVLDAR.D,GNL3,1.364e+7,3.567,0.001,3.248,0.000
43945,3,"  3.316","  0.459",14/84,/core/www/modules//sdig/index.php?run_id=110202&search_id=114132&scans_id=110198&peptide_id=36436&scanf=43945&charge=3&value=14/84,sp|P08670|VIME_HUMAN,/core/www/modules//consensus/?run_id=110202&search_id=114132&scans_id=110198&peptide_id=36436&scanf=43945&charge=3&value=sp|P08670|VIME_HUMAN,1,/core/www/modules/match_peptides/blast_html4.php?run_id=110202&search_id=114132&scans_id=110198&peptide_id=36436&scanf=43945&charge=3&value=1,K.LLEGEESRISLPLPNFSSLNLR.E,/core/www/modules/show_out/show_out_wrapper.php?run_id=110202&search_id=114132&scans_id=110198&peptide_id=36436&scanf=43945&charge=3&value=K.LLEGEESRISLPLPNFSSLNLR.E,VIM,8.139e+5,2.764,0.009,2.059,0.000
43946,2,"  4.183","  0.566",17/28,/core/www/modules//sdig/index.php?run_id=110202&search_id=114132&scans_id=110198&peptide_id=36437&scanf=43946&charge=2&value=17/28,sp|Q9HAV4|XPO5_HUMAN,/core/www/modules//consensus/?run_id=110202&search_id=114132&scans_id=110198&peptide_id=36437&scanf=43946&charge=2&value=sp|Q9HAV4|XPO5_HUMAN,0,/core/www/modules/match_peptides/blast_html4.php?run_id=110202&search_id=114132&scans_id=110198&peptide_id=36437&scanf=43946&charge=2&value=0,R.IFSFLLNTLQENVNK.Y,/core/www/modules/show_out/show_out_wrapper.php?run_id=110202&search_id=114132&scans_id=110198&peptide_id=36437&scanf=43946&charge=2&value=R.IFSFLLNTLQENVNK.Y,XPO5,7.105e+5,3.365,0.001,2.948,0.000
43948,2,"  1.461","  0.159",9/16,/core/www/modules//sdig/index.php?run_id=110202&search_id=114132&scans_id=110198&peptide_id=36439&scanf=43948&charge=2&value=9/16,sp|P62318|SMD3_HUMAN,/core/www/modules//consensus/?run_id=110202&search_id=114132&scans_id=110198&peptide_id=36439&scanf=43948&charge=2&value=sp|P62318|SMD3_HUMAN,0,/core/www/modules/match_peptides/blast_html4.php?run_id=110202&search_id=114132&scans_id=110198&peptide_id=36439&scanf=43948&charge=2&value=0,R.FLILPDMLK.N,/core/www/modules/show_out/show_out_wrapper.php?run_id=110202&search_id=114132&scans_id=110198&peptide_id=36439&scanf=43948&charge=2&value=R.FLILPDMLK.N,SNRPD3,1.064e+6,2.023,0.099,1.002,0.005
43955,3,"  6.054","  0.667",27/84,/core/www/modules//sdig/index.php?run_id=110202&search_id=114132&scans_id=110198&peptide_id=36446&scanf=43955&charge=3&value=27/84,sp|P23786|CPT2_HUMAN,/core/www/modules//consensus/?run_id=110202&search_id=114132&scans_id=110198&peptide_id=36446&scanf=43955&charge=3&value=sp|P23786|CPT2_HUMAN,4,/core/www/modules/match_peptides/blast_html4.php?run_id=110202&search_id=114132&scans_id=110198&peptide_id=36446&scanf=43955&charge=3&value=4,K.YILSDSSPAPEFPLAYLTSENR.D,/core/www/modules/show_out/show_out_wrapper.php?run_id=110202&search_id=114132&scans_id=110198&peptide_id=36446&scanf=43955&charge=3&value=K.YILSDSSPAPEFPLAYLTSENR.D,CPT2,1.760e+6,3.586,0.001,3.275,0.000
43961,3,"  4.402","  0.645",15/64,/core/www/modules//sdig/index.php?run_id=110202&search_id=114132&scans_id=110198&peptide_id=36453&scanf=43961&charge=3&value=15/64,sp|P78527|PRKDC_HUMAN,/core/www/modules//consensus/?run_id=110202&search_id=114132&scans_id=110198&peptide_id=36453&scanf=43961&charge=3&value=sp|P78527|PRKDC_HUMAN,1,/core/www/modules/match_peptides/blast_html4.php?run_id=110202&search_id=114132&scans_id=110198&peptide_id=36453&scanf=43961&charge=3&value=1,K.IWSEPFYQETYLPYMIR.S,/core/www/modules/show_out/show_out_wrapper.php?run_id=110202&search_id=114132&scans_id=110198&peptide_id=36453&scanf=43961&charge=3&value=K.IWSEPFYQETYLPYMIR.S,PRKDC,2.342e+6,4.358,0.000,4.420,0.000
43962,3,"  3.845","  0.623",16/72,/core/www/modules//sdig/index.php?run_id=110202&search_id=114132&scans_id=110198&peptide_id=36454&scanf=43962&charge=3&value=16/72,sp|Q69YN4|VIR_HUMAN,/core/www/modules//consensus/?run_id=110202&search_id=114132&scans_id=110198&peptide_id=36454&scanf=43962&charge=3&value=sp|Q69YN4|VIR_HUMAN,1,/core/www/modules/match_peptides/blast_html4.php?run_id=110202&search_id=114132&scans_id=110198&peptide_id=36454&scanf=43962&charge=3&value=1,R.TVLDLIVEDLQSTSEDKEK.Q,/core/www/modules/show_out/show_out_wrapper.php?run_id=110202&search_id=114132&scans_id=110198&peptide_id=36454&scanf=43962&charge=3&value=R.TVLDLIVEDLQSTSEDKEK.Q,VIRMA,5.735e+6,2.984,0.004,2.385,0.000
43963,3,"  4.341","  0.557",23/108,/core/www/modules//sdig/index.php?run_id=110202&search_id=114132&scans_id=110198&peptide_id=36455&scanf=43963&charge=3&value=23/108,sp|Q14690|RRP5_HUMAN,/core/www/modules//consensus/?run_id=110202&search_id=114132&scans_id=110198&peptide_id=36455&scanf=43963&charge=3&value=sp|Q14690|RRP5_HUMAN,1,/core/www/modules/match_peptides/blast_html4.php?run_id=110202&search_id=114132&scans_id=110198&peptide_id=36455&scanf=43963&charge=3&value=1,K.NLVELSFLPGDTGKPDVLSASLEGQLTK.Q,/core/www/modules/show_out/show_out_wrapper.php?run_id=110202&search_id=114132&scans_id=110198&peptide_id=36455&scanf=43963&charge=3&value=K.NLVELSFLPGDTGKPDVLSASLEGQLTK.Q,PDCD11,1.049e+6,2.923,0.005,2.295,0.000
43965,2,"  4.715","  0.654",20/36,/core/www/modules//sdig/index.php?run_id=110202&search_id=114132&scans_id=110198&peptide_id=36457&scanf=43965&charge=2&value=20/36,sp|P04908|H2A1B_HUMAN,/core/www/modules//consensus/?run_id=110202&search_id=114132&scans_id=110198&peptide_id=36457&scanf=43965&charge=2&value=sp|P04908|H2A1B_HUMAN,12,/core/www/modules/match_peptides/blast_html4.php?run_id=110202&search_id=114132&scans_id=110198&peptide_id=36457&scanf=43965&charge=2&value=12,R.VTIAQGGVLPNIQAVLLPK.K,/core/www/modules/show_out/show_out_wrapper.php?run_id=110202&search_id=114132&scans_id=110198&peptide_id=36457&scanf=43965&charge=2&value=R.VTIAQGGVLPNIQAVLLPK.K,H2AC8,3.908e+6,3.698,0.000,3.441,0.000
43967,2,"  2.125","  0.480",11/18,/core/www/modules//sdig/index.php?run_id=110202&search_id=114132&scans_id=110198&peptide_id=36459&scanf=43967&charge=2&value=11/18,sp|O75290|Z780A_HUMAN,/core/www/modules//consensus/?run_id=110202&search_id=114132&scans_id=110198&peptide_id=36459&scanf=43967&charge=2&value=sp|O75290|Z780A_HUMAN,1,/core/www/modules/match_peptides/blast_html4.php?run_id=110202&search_id=114132&scans_id=110198&peptide_id=36459&scanf=43967&charge=2&value=1,K.AFSLLTLLNR.H,/core/www/modules/show_out/show_out_wrapper.php?run_id=110202&search_id=114132&scans_id=110198&peptide_id=36459&scanf=43967&charge=2&value=K.AFSLLTLLNR.H,ZNF780A,1.446e+6,3.118,0.003,2.583,0.000
43968,3,"  4.007","  0.539",19/88,/core/www/modules//sdig/index.php?run_id=110202&search_id=114132&scans_id=110198&peptide_id=36460&scanf=43968&charge=3&value=19/88,sp|Q5TGY3|AHDC1_HUMAN,/core/www/modules//consensus/?run_id=110202&search_id=114132&scans_id=110198&peptide_id=36460&scanf=43968&charge=3&value=sp|Q5TGY3|AHDC1_HUMAN,0,/core/www/modules/match_peptides/blast_html4.php?run_id=110202&search_id=114132&scans_id=110198&peptide_id=36460&scanf=43968&charge=3&value=0,K.EPAVVAAEAATVAAATMAMPEVK.K,/core/www/modules/show_out/show_out_wrapper.php?run_id=110202&search_id=114132&scans_id=110198&peptide_id=36460&scanf=43968&charge=3&value=K.EPAVVAAEAATVAAATMAMPEVK.K,AHDC1,1.789e+6,2.896,0.006,2.255,0.000
43970,3,"  4.166","  0.639",21/92,/core/www/modules//sdig/index.php?run_id=110202&search_id=114132&scans_id=110198&peptide_id=36463&scanf=43970&charge=3&value=21/92,sp|Q14204|DYHC1_HUMAN,/core/www/modules//consensus/?run_id=110202&search_id=114132&scans_id=110198&peptide_id=36463&scanf=43970&charge=3&value=sp|Q14204|DYHC1_HUMAN,31,/core/www/modules/match_peptides/blast_html4.php?run_id=110202&search_id=114132&scans_id=110198&peptide_id=36463&scanf=43970&charge=3&value=31,R.KLVPLLLEDGGEAPAALEAALEEK.S,/core/www/modules/show_out/show_out_wrapper.php?run_id=110202&search_id=114132&scans_id=110198&peptide_id=36463&scanf=43970&charge=3&value=R.KLVPLLLEDGGEAPAALEAALEEK.S,DYNC1H1,2.062e+6,3.250,0.002,2.778,0.000
43979,3,"  3.081","  0.553",15/48,/core/www/modules//sdig/index.php?run_id=110202&search_id=114132&scans_id=110198&peptide_id=36471&scanf=43979&charge=3&value=15/48,sp|O76021|RL1D1_HUMAN,/core/www/modules//consensus/?run_id=110202&search_id=114132&scans_id=110198&peptide_id=36471&scanf=43979&charge=3&value=sp|O76021|RL1D1_HUMAN,4,/core/www/modules/match_peptides/blast_html4.php?run_id=110202&search_id=114132&scans_id=110198&peptide_id=36471&scanf=43979&charge=3&value=4,R.LLSSFDFFLTDAR.I,/core/www/modules/show_out/show_out_wrapper.php?run_id=110202&search_id=114132&scans_id=110198&peptide_id=36471&scanf=43979&charge=3&value=R.LLSSFDFFLTDAR.I,RSL1D1,3.649e+6,3.448,0.001,3.071,0.000
43980,3,"  5.950","  0.672",26/92,/core/www/modules//sdig/index.php?run_id=110202&search_id=114132&scans_id=110198&peptide_id=36473&scanf=43980&charge=3&value=26/92,sp|Q14204|DYHC1_HUMAN,/core/www/modules//consensus/?run_id=110202&search_id=114132&scans_id=110198&peptide_id=36473&scanf=43980&charge=3&value=sp|Q14204|DYHC1_HUMAN,31,/core/www/modules/match_peptides/blast_html4.php?run_id=110202&search_id=114132&scans_id=110198&peptide_id=36473&scanf=43980&charge=3&value=31,R.KLVPLLLEDGGEAPAALEAALEEK.S,/core/www/modules/show_out/show_out_wrapper.php?run_id=110202&search_id=114132&scans_id=110198&peptide_id=36473&scanf=43980&charge=3&value=R.KLVPLLLEDGGEAPAALEAALEEK.S,DYNC1H1,2.062e+6,3.525,0.001,3.185,0.000
43983,2,"  4.371","  0.441",18/30,/core/www/modules//sdig/index.php?run_id=110202&search_id=114132&scans_id=110198&peptide_id=36476&scanf=43983&charge=2&value=18/30,sp|P17980|PRS6A_HUMAN,/core/www/modules//consensus/?run_id=110202&search_id=114132&scans_id=110198&peptide_id=36476&scanf=43983&charge=2&value=sp|P17980|PRS6A_HUMAN,5,/core/www/modules/match_peptides/blast_html4.php?run_id=110202&search_id=114132&scans_id=110198&peptide_id=36476&scanf=43983&charge=2&value=5,K.APSIIFIDELDAIGTK.R,/core/www/modules/show_out/show_out_wrapper.php?run_id=110202&search_id=114132&scans_id=110198&peptide_id=36476&scanf=43983&charge=2&value=K.APSIIFIDELDAIGTK.R,PSMC3,1.494e+8,2.656,0.013,1.902,0.000
43987,3,"  1.984","  0.354",9/64,/core/www/modules//sdig/index.php?run_id=110202&search_id=114132&scans_id=110198&peptide_id=36480&scanf=43987&charge=3&value=9/64,sp|Q03001|DYST_HUMAN,/core/www/modules//consensus/?run_id=110202&search_id=114132&scans_id=110198&peptide_id=36480&scanf=43987&charge=3&value=sp|Q03001|DYST_HUMAN,7,/core/www/modules/match_peptides/blast_html4.php?run_id=110202&search_id=114132&scans_id=110198&peptide_id=36480&scanf=43987&charge=3&value=7,K.IENLLDWLSNVDKDSER.A,/core/www/modules/show_out/show_out_wrapper.php?run_id=110202&search_id=114132&scans_id=110198&peptide_id=36480&scanf=43987&charge=3&value=K.IENLLDWLSNVDKDSER.A,DST,8.236e+5,1.903,0.142,0.847,0.007
43988,3,"  2.230","  0.344",12/76,/core/www/modules//sdig/index.php?run_id=110202&search_id=114132&scans_id=110198&peptide_id=36481&scanf=43988&charge=3&value=12/76,tr|C9JA93|C9JA93_HUMAN,/core/www/modules//consensus/?run_id=110202&search_id=114132&scans_id=110198&peptide_id=36481&scanf=43988&charge=3&value=tr|C9JA93|C9JA93_HUMAN,0,/core/www/modules/match_peptides/blast_html4.php?run_id=110202&search_id=114132&scans_id=110198&peptide_id=36481&scanf=43988&charge=3&value=0,K.SLSQSFENLLDEPAYGLIQK.I,/core/www/modules/show_out/show_out_wrapper.php?run_id=110202&search_id=114132&scans_id=110198&peptide_id=36481&scanf=43988&charge=3&value=K.SLSQSFENLLDEPAYGLIQK.I,TBC1D15,8.438e+5,2.102,0.078,1.110,0.003
43991,3,"  3.471","  0.546",13/72,/core/www/modules//sdig/index.php?run_id=110202&search_id=114132&scans_id=110198&peptide_id=36485&scanf=43991&charge=3&value=13/72,sp|Q9H0A0|NAT10_HUMAN,/core/www/modules//consensus/?run_id=110202&search_id=114132&scans_id=110198&peptide_id=36485&scanf=43991&charge=3&value=sp|Q9H0A0|NAT10_HUMAN,0,/core/www/modules/match_peptides/blast_html4.php?run_id=110202&search_id=114132&scans_id=110198&peptide_id=36485&scanf=43991&charge=3&value=0,K.TLTDEDEADQGGWLAAFWK.D,/core/www/modules/show_out/show_out_wrapper.php?run_id=110202&search_id=114132&scans_id=110198&peptide_id=36485&scanf=43991&charge=3&value=K.TLTDEDEADQGGWLAAFWK.D,NAT10,9.401e+6,3.062,0.003,2.499,0.000
43995,3,"  2.755","  0.323",19/72,/core/www/modules//sdig/index.php?run_id=110202&search_id=114132&scans_id=110198&peptide_id=36488&scanf=43995&charge=3&value=19/72,sp|Q68CQ4|UTP25_HUMAN,/core/www/modules//consensus/?run_id=110202&search_id=114132&scans_id=110198&peptide_id=36488&scanf=43995&charge=3&value=sp|Q68CQ4|UTP25_HUMAN,1,/core/www/modules/match_peptides/blast_html4.php?run_id=110202&search_id=114132&scans_id=110198&peptide_id=36488&scanf=43995&charge=3&value=1,R.QTLLFGALQDAQINSVFNK.Y,/core/www/modules/show_out/show_out_wrapper.php?run_id=110202&search_id=114132&scans_id=110198&peptide_id=36488&scanf=43995&charge=3&value=R.QTLLFGALQDAQINSVFNK.Y,UTP25,4.023e+6,2.338,0.036,1.441,0.001
43997,3,"  3.097","  0.595",21/72,/core/www/modules//sdig/index.php?run_id=110202&search_id=114132&scans_id=110198&peptide_id=36490&scanf=43997&charge=3&value=21/72,sp|O00567|NOP56_HUMAN,/core/www/modules//consensus/?run_id=110202&search_id=114132&scans_id=110198&peptide_id=36490&scanf=43997&charge=3&value=sp|O00567|NOP56_HUMAN,3,/core/www/modules/match_peptides/blast_html4.php?run_id=110202&search_id=114132&scans_id=110198&peptide_id=36490&scanf=43997&charge=3&value=3,K.MSQVAPSLSALIGEAVGAR.L,/core/www/modules/show_out/show_out_wrapper.php?run_id=110202&search_id=114132&scans_id=110198&peptide_id=36490&scanf=43997&charge=3&value=K.MSQVAPSLSALIGEAVGAR.L,NOP56,7.455e+7,3.355,0.001,2.934,0.000
44000,2,"  4.460","  0.553",18/30,/core/www/modules//sdig/index.php?run_id=110202&search_id=114132&scans_id=110198&peptide_id=36494&scanf=44000&charge=2&value=18/30,sp|P17980|PRS6A_HUMAN,/core/www/modules//consensus/?run_id=110202&search_id=114132&scans_id=110198&peptide_id=36494&scanf=44000&charge=2&value=sp|P17980|PRS6A_HUMAN,5,/core/www/modules/match_peptides/blast_html4.php?run_id=110202&search_id=114132&scans_id=110198&peptide_id=36494&scanf=44000&charge=2&value=5,K.APSIIFIDELDAIGTK.R,/core/www/modules/show_out/show_out_wrapper.php?run_id=110202&search_id=114132&scans_id=110198&peptide_id=36494&scanf=44000&charge=2&value=K.APSIIFIDELDAIGTK.R,PSMC3,1.494e+8,3.325,0.001,2.890,0.000
44001,3,"  2.144","  0.256",11/60,/core/www/modules//sdig/index.php?run_id=110202&search_id=114132&scans_id=110198&peptide_id=36495&scanf=44001&charge=3&value=11/60,sp|Q9Y2B0|CNPY2_HUMAN,/core/www/modules//consensus/?run_id=110202&search_id=114132&scans_id=110198&peptide_id=36495&scanf=44001&charge=3&value=sp|Q9Y2B0|CNPY2_HUMAN,5,/core/www/modules/match_peptides/blast_html4.php?run_id=110202&search_id=114132&scans_id=110198&peptide_id=36495&scanf=44001&charge=3&value=5,R.ALVDELEWEIAQVDPK.K,/core/www/modules/show_out/show_out_wrapper.php?run_id=110202&search_id=114132&scans_id=110198&peptide_id=36495&scanf=44001&charge=3&value=R.ALVDELEWEIAQVDPK.K,CNPY2,1.129e+6,1.976,0.115,0.940,0.005
44003,3,"  7.752","  0.691",29/92,/core/www/modules//sdig/index.php?run_id=110202&search_id=114132&scans_id=110198&peptide_id=36497&scanf=44003&charge=3&value=29/92,sp|P35579|MYH9_HUMAN,/core/www/modules//consensus/?run_id=110202&search_id=114132&scans_id=110198&peptide_id=36497&scanf=44003&charge=3&value=sp|P35579|MYH9_HUMAN,1,/core/www/modules/match_peptides/blast_html4.php?run_id=110202&search_id=114132&scans_id=110198&peptide_id=36497&scanf=44003&charge=3&value=1,R.KLEGDSTDLSDQIAELQAQIAELK.M,/core/www/modules/show_out/show_out_wrapper.php?run_id=110202&search_id=114132&scans_id=110198&peptide_id=36497&scanf=44003&charge=3&value=R.KLEGDSTDLSDQIAELQAQIAELK.M,MYH9,7.865e+6,3.446,0.001,3.069,0.000
44004,3,"  2.379","  0.304",10/76,/core/www/modules//sdig/index.php?run_id=110202&search_id=114132&scans_id=110198&peptide_id=36498&scanf=44004&charge=3&value=10/76,sp|Q16795|NDUA9_HUMAN,/core/www/modules//consensus/?run_id=110202&search_id=114132&scans_id=110198&peptide_id=36498&scanf=44004&charge=3&value=sp|Q16795|NDUA9_HUMAN,1,/core/www/modules/match_peptides/blast_html4.php?run_id=110202&search_id=114132&scans_id=110198&peptide_id=36498&scanf=44004&charge=3&value=1,K.LPHLPGLEDLGIQATPLELK.A,/core/www/modules/show_out/show_out_wrapper.php?run_id=110202&search_id=114132&scans_id=110198&peptide_id=36498&scanf=44004&charge=3&value=K.LPHLPGLEDLGIQATPLELK.A,NDUFA9,1.034e+6,2.000,0.107,0.972,0.005
44005,3,"  3.582","  0.610",21/56,/core/www/modules//sdig/index.php?run_id=110202&search_id=114132&scans_id=110198&peptide_id=36499&scanf=44005&charge=3&value=21/56,sp|Q9H6R4|NOL6_HUMAN,/core/www/modules//consensus/?run_id=110202&search_id=114132&scans_id=110198&peptide_id=36499&scanf=44005&charge=3&value=sp|Q9H6R4|NOL6_HUMAN,1,/core/www/modules/match_peptides/blast_html4.php?run_id=110202&search_id=114132&scans_id=110198&peptide_id=36499&scanf=44005&charge=3&value=1,R.TVFRPPLDIYDVLIR.L,/core/www/modules/show_out/show_out_wrapper.php?run_id=110202&search_id=114132&scans_id=110198&peptide_id=36499&scanf=44005&charge=3&value=R.TVFRPPLDIYDVLIR.L,NOL6,2.557e+7,3.630,0.000,3.341,0.000
44006,3,"  4.003","  0.556",15/68,/core/www/modules//sdig/index.php?run_id=110202&search_id=114132&scans_id=110198&peptide_id=36500&scanf=44006&charge=3&value=15/68,sp|Q96T58|MINT_HUMAN,/core/www/modules//consensus/?run_id=110202&search_id=114132&scans_id=110198&peptide_id=36500&scanf=44006&charge=3&value=sp|Q96T58|MINT_HUMAN,1,/core/www/modules/match_peptides/blast_html4.php?run_id=110202&search_id=114132&scans_id=110198&peptide_id=36500&scanf=44006&charge=3&value=1,K.GMALVLYNEIEYAQAAVK.E,/core/www/modules/show_out/show_out_wrapper.php?run_id=110202&search_id=114132&scans_id=110198&peptide_id=36500&scanf=44006&charge=3&value=K.GMALVLYNEIEYAQAAVK.E,SPEN,9.902e+5,3.119,0.003,2.584,0.000
44012,2,"  2.614","  0.563",11/24,/core/www/modules//sdig/index.php?run_id=110202&search_id=114132&scans_id=110198&peptide_id=36507&scanf=44012&charge=2&value=11/24,sp|P49842|STK19_HUMAN,/core/www/modules//consensus/?run_id=110202&search_id=114132&scans_id=110198&peptide_id=36507&scanf=44012&charge=2&value=sp|P49842|STK19_HUMAN,3,/core/www/modules/match_peptides/blast_html4.php?run_id=110202&search_id=114132&scans_id=110198&peptide_id=36507&scanf=44012&charge=2&value=3,R.GLFEDALPPIVLR.S,/core/www/modules/show_out/show_out_wrapper.php?run_id=110202&search_id=114132&scans_id=110198&peptide_id=36507&scanf=44012&charge=2&value=R.GLFEDALPPIVLR.S,STK19,1.301e+6,3.094,0.003,2.547,0.000
44014,2,"  1.989","  0.459",11/20,/core/www/modules//sdig/index.php?run_id=110202&search_id=114132&scans_id=110198&peptide_id=36509&scanf=44014&charge=2&value=11/20,sp|Q9BSJ2|GCP2_HUMAN,/core/www/modules//consensus/?run_id=110202&search_id=114132&scans_id=110198&peptide_id=36509&scanf=44014&charge=2&value=sp|Q9BSJ2|GCP2_HUMAN,9,/core/www/modules/match_peptides/blast_html4.php?run_id=110202&search_id=114132&scans_id=110198&peptide_id=36509&scanf=44014&charge=2&value=9,R.NLDPLVYLLSK.L,/core/www/modules/show_out/show_out_wrapper.php?run_id=110202&search_id=114132&scans_id=110198&peptide_id=36509&scanf=44014&charge=2&value=R.NLDPLVYLLSK.L,TUBGCP2,9.971e+5,2.919,0.005,2.288,0.000
44016,2,"  3.892","  0.704",17/24,/core/www/modules//sdig/index.php?run_id=110202&search_id=114132&scans_id=110198&peptide_id=36510&scanf=44016&charge=2&value=17/24,sp|Q9P2I0|CPSF2_HUMAN,/core/www/modules//consensus/?run_id=110202&search_id=114132&scans_id=110198&peptide_id=36510&scanf=44016&charge=2&value=sp|Q9P2I0|CPSF2_HUMAN,0,/core/www/modules/match_peptides/blast_html4.php?run_id=110202&search_id=114132&scans_id=110198&peptide_id=36510&scanf=44016&charge=2&value=0,R.DEQLLTNVLETLR.G,/core/www/modules/show_out/show_out_wrapper.php?run_id=110202&search_id=114132&scans_id=110198&peptide_id=36510&scanf=44016&charge=2&value=R.DEQLLTNVLETLR.G,CPSF2,4.728e+6,4.021,0.000,3.921,0.000
44020,3,"  3.267","  0.451",17/72,/core/www/modules//sdig/index.php?run_id=110202&search_id=114132&scans_id=110198&peptide_id=36515&scanf=44020&charge=3&value=17/72,sp|P50570|DYN2_HUMAN,/core/www/modules//consensus/?run_id=110202&search_id=114132&scans_id=110198&peptide_id=36515&scanf=44020&charge=3&value=sp|P50570|DYN2_HUMAN,5,/core/www/modules/match_peptides/blast_html4.php?run_id=110202&search_id=114132&scans_id=110198&peptide_id=36515&scanf=44020&charge=3&value=5,R.VYSPHVLNLTLIDLPGITK.V,/core/www/modules/show_out/show_out_wrapper.php?run_id=110202&search_id=114132&scans_id=110198&peptide_id=36515&scanf=44020&charge=3&value=R.VYSPHVLNLTLIDLPGITK.V,DNM2,6.368e+6,2.735,0.010,2.018,0.000
44024,3,"  3.616","  0.570",19/64,/core/www/modules//sdig/index.php?run_id=110202&search_id=114132&scans_id=110198&peptide_id=36519&scanf=44024&charge=3&value=19/64,sp|Q8WWY3|PRP31_HUMAN,/core/www/modules//consensus/?run_id=110202&search_id=114132&scans_id=110198&peptide_id=36519&scanf=44024&charge=3&value=sp|Q8WWY3|PRP31_HUMAN,4,/core/www/modules/match_peptides/blast_html4.php?run_id=110202&search_id=114132&scans_id=110198&peptide_id=36519&scanf=44024&charge=3&value=4,K.RFPELESLVPNALDYIR.T,/core/www/modules/show_out/show_out_wrapper.php?run_id=110202&search_id=114132&scans_id=110198&peptide_id=36519&scanf=44024&charge=3&value=K.RFPELESLVPNALDYIR.T,PRPF31,5.768e+6,3.017,0.004,2.434,0.000
44026,2,"  2.822","  0.613",11/24,/core/www/modules//sdig/index.php?run_id=110202&search_id=114132&scans_id=110198&peptide_id=36521&scanf=44026&charge=2&value=11/24,sp|P49842|STK19_HUMAN,/core/www/modules//consensus/?run_id=110202&search_id=114132&scans_id=110198&peptide_id=36521&scanf=44026&charge=2&value=sp|P49842|STK19_HUMAN,3,/core/www/modules/match_peptides/blast_html4.php?run_id=110202&search_id=114132&scans_id=110198&peptide_id=36521&scanf=44026&charge=2&value=3,R.GLFEDALPPIVLR.S,/core/www/modules/show_out/show_out_wrapper.php?run_id=110202&search_id=114132&scans_id=110198&peptide_id=36521&scanf=44026&charge=2&value=R.GLFEDALPPIVLR.S,STK19,1.301e+6,3.246,0.002,2.772,0.000
44029,3,"  3.837","  0.459",11/64,/core/www/modules//sdig/index.php?run_id=110202&search_id=114132&scans_id=110198&peptide_id=36524&scanf=44029&charge=3&value=11/64,sp|P57678|GEMI4_HUMAN,/core/www/modules//consensus/?run_id=110202&search_id=114132&scans_id=110198&peptide_id=36524&scanf=44029&charge=3&value=sp|P57678|GEMI4_HUMAN,1,/core/www/modules/match_peptides/blast_html4.php?run_id=110202&search_id=114132&scans_id=110198&peptide_id=36524&scanf=44029&charge=3&value=1,R.ALEDITASIAMAVIQQK.M,/core/www/modules/show_out/show_out_wrapper.php?run_id=110202&search_id=114132&scans_id=110198&peptide_id=36524&scanf=44029&charge=3&value=R.ALEDITASIAMAVIQQK.M,GEMIN4,1.653e+6,2.715,0.010,1.988,0.000
44034,2,"  2.776","  0.651",10/22,/core/www/modules//sdig/index.php?run_id=110202&search_id=114132&scans_id=110198&peptide_id=36530&scanf=44034&charge=2&value=10/22,sp|P62847|RS24_HUMAN,/core/www/modules//consensus/?run_id=110202&search_id=114132&scans_id=110198&peptide_id=36530&scanf=44034&charge=2&value=sp|P62847|RS24_HUMAN,4,/core/www/modules/match_peptides/blast_html4.php?run_id=110202&search_id=114132&scans_id=110198&peptide_id=36530&scanf=44034&charge=2&value=4,K.TTPDVIFVFGFR.T,/core/www/modules/show_out/show_out_wrapper.php?run_id=110202&search_id=114132&scans_id=110198&peptide_id=36530&scanf=44034&charge=2&value=K.TTPDVIFVFGFR.T,RPS24,1.773e+7,3.447,0.001,3.070,0.000
44035,2,"  2.520","  0.473",12/22,/core/www/modules//sdig/index.php?run_id=110202&search_id=114132&scans_id=110198&peptide_id=36531&scanf=44035&charge=2&value=12/22,sp|O00571|DDX3X_HUMAN,/core/www/modules//consensus/?run_id=110202&search_id=114132&scans_id=110198&peptide_id=36531&scanf=44035&charge=2&value=sp|O00571|DDX3X_HUMAN,16,/core/www/modules/match_peptides/blast_html4.php?run_id=110202&search_id=114132&scans_id=110198&peptide_id=36531&scanf=44035&charge=2&value=16,R.SFLLDLLNATGK.D,/core/www/modules/show_out/show_out_wrapper.php?run_id=110202&search_id=114132&scans_id=110198&peptide_id=36531&scanf=44035&charge=2&value=R.SFLLDLLNATGK.D,DDX3X,8.218e+7,2.945,0.005,2.327,0.000
44038,3,"  4.662","  0.623",20/96,/core/www/modules//sdig/index.php?run_id=110202&search_id=114132&scans_id=110198&peptide_id=36533&scanf=44038&charge=3&value=20/96,sp|Q9BZE4|GTPB4_HUMAN,/core/www/modules//consensus/?run_id=110202&search_id=114132&scans_id=110198&peptide_id=36533&scanf=44038&charge=3&value=sp|Q9BZE4|GTPB4_HUMAN,0,/core/www/modules/match_peptides/blast_html4.php?run_id=110202&search_id=114132&scans_id=110198&peptide_id=36533&scanf=44038&charge=3&value=0,K.IFTDLQSEGFPVIETSTLTEEGVIK.V,/core/www/modules/show_out/show_out_wrapper.php?run_id=110202&search_id=114132&scans_id=110198&peptide_id=36533&scanf=44038&charge=3&value=K.IFTDLQSEGFPVIETSTLTEEGVIK.V,GTPBP4,4.389e+6,3.184,0.002,2.680,0.000
44041,3,"  5.591","  0.755",20/88,/core/www/modules//sdig/index.php?run_id=110202&search_id=114132&scans_id=110198&peptide_id=36537&scanf=44041&charge=3&value=20/88,sp|P26599|PTBP1_HUMAN,/core/www/modules//consensus/?run_id=110202&search_id=114132&scans_id=110198&peptide_id=36537&scanf=44041&charge=3&value=sp|P26599|PTBP1_HUMAN,4,/core/www/modules/match_peptides/blast_html4.php?run_id=110202&search_id=114132&scans_id=110198&peptide_id=36537&scanf=44041&charge=3&value=4,R.IAIPGLAGAGNSVLLVSNLNPER.V,/core/www/modules/show_out/show_out_wrapper.php?run_id=110202&search_id=114132&scans_id=110198&peptide_id=36537&scanf=44041&charge=3&value=R.IAIPGLAGAGNSVLLVSNLNPER.V,PTBP1,7.045e+7,3.775,0.000,3.556,0.000
44043,3,"  4.435","  0.605",23/92,/core/www/modules//sdig/index.php?run_id=110202&search_id=114132&scans_id=110198&peptide_id=36539&scanf=44043&charge=3&value=23/92,sp|A0JLT2|MED19_HUMAN,/core/www/modules//consensus/?run_id=110202&search_id=114132&scans_id=110198&peptide_id=36539&scanf=44043&charge=3&value=sp|A0JLT2|MED19_HUMAN,1,/core/www/modules/match_peptides/blast_html4.php?run_id=110202&search_id=114132&scans_id=110198&peptide_id=36539&scanf=44043&charge=3&value=1,K.LSNFLPDLPGMIDLPGSHDNSSLR.S,/core/www/modules/show_out/show_out_wrapper.php?run_id=110202&search_id=114132&scans_id=110198&peptide_id=36539&scanf=44043&charge=3&value=K.LSNFLPDLPGMIDLPGSHDNSSLR.S,MED19,1.203e+6,3.117,0.003,2.581,0.000
44044,2,"  2.253","  0.256",10/12,/core/www/modules//sdig/index.php?run_id=110202&search_id=114132&scans_id=110198&peptide_id=36540&scanf=44044&charge=2&value=10/12,sp|P04908|H2A1B_HUMAN,/core/www/modules//consensus/?run_id=110202&search_id=114132&scans_id=110198&peptide_id=36540&scanf=44044&charge=2&value=sp|P04908|H2A1B_HUMAN,20,/core/www/modules/match_peptides/blast_html4.php?run_id=110202&search_id=114132&scans_id=110198&peptide_id=36540&scanf=44044&charge=2&value=20,R.HLQLAIR.N,/core/www/modules/show_out/show_out_wrapper.php?run_id=110202&search_id=114132&scans_id=110198&peptide_id=36540&scanf=44044&charge=2&value=R.HLQLAIR.N,H2AC8,4.853e+6,3.070,0.003,2.511,0.000
44045,2,"  3.672","  0.667",16/26,/core/www/modules//sdig/index.php?run_id=110202&search_id=114132&scans_id=110198&peptide_id=36541&scanf=44045&charge=2&value=16/26,sp|P40939|ECHA_HUMAN,/core/www/modules//consensus/?run_id=110202&search_id=114132&scans_id=110198&peptide_id=36541&scanf=44045&charge=2&value=sp|P40939|ECHA_HUMAN,2,/core/www/modules/match_peptides/blast_html4.php?run_id=110202&search_id=114132&scans_id=110198&peptide_id=36541&scanf=44045&charge=2&value=2,K.DLNSDMDSILASLK.L,/core/www/modules/show_out/show_out_wrapper.php?run_id=110202&search_id=114132&scans_id=110198&peptide_id=36541&scanf=44045&charge=2&value=K.DLNSDMDSILASLK.L,HADHA,1.240e+7,3.798,0.000,3.590,0.000
44046,2,"  3.031","  0.589",14/24,/core/www/modules//sdig/index.php?run_id=110202&search_id=114132&scans_id=110198&peptide_id=36542&scanf=44046&charge=2&value=14/24,sp|O00232|PSD12_HUMAN,/core/www/modules//consensus/?run_id=110202&search_id=114132&scans_id=110198&peptide_id=36542&scanf=44046&charge=2&value=sp|O00232|PSD12_HUMAN,0,/core/www/modules/match_peptides/blast_html4.php?run_id=110202&search_id=114132&scans_id=110198&peptide_id=36542&scanf=44046&charge=2&value=0,R.LQEVIETLLSLEK.Q,/core/www/modules/show_out/show_out_wrapper.php?run_id=110202&search_id=114132&scans_id=110198&peptide_id=36542&scanf=44046&charge=2&value=R.LQEVIETLLSLEK.Q,PSMD12,7.044e+6,3.459,0.001,3.088,0.000
44047,3,"  2.668","  0.378",10/64,/core/www/modules//sdig/index.php?run_id=110202&search_id=114132&scans_id=110198&peptide_id=36543&scanf=44047&charge=3&value=10/64,sp|P62333|PRS10_HUMAN,/core/www/modules//consensus/?run_id=110202&search_id=114132&scans_id=110198&peptide_id=36543&scanf=44047&charge=3&value=sp|P62333|PRS10_HUMAN,1,/core/www/modules/match_peptides/blast_html4.php?run_id=110202&search_id=114132&scans_id=110198&peptide_id=36543&scanf=44047&charge=3&value=1,R.TLMELLNQMDGFDTLHR.V,/core/www/modules/show_out/show_out_wrapper.php?run_id=110202&search_id=114132&scans_id=110198&peptide_id=36543&scanf=44047&charge=3&value=R.TLMELLNQMDGFDTLHR.V,PSMC6,8.960e+6,2.307,0.040,1.396,0.001
44049,3,"  3.481","  0.593",16/60,/core/www/modules//sdig/index.php?run_id=110202&search_id=114132&scans_id=110198&peptide_id=36545&scanf=44049&charge=3&value=16/60,sp|Q15363|TMED2_HUMAN,/core/www/modules//consensus/?run_id=110202&search_id=114132&scans_id=110198&peptide_id=36545&scanf=44049&charge=3&value=sp|Q15363|TMED2_HUMAN,2,/core/www/modules/match_peptides/blast_html4.php?run_id=110202&search_id=114132&scans_id=110198&peptide_id=36545&scanf=44049&charge=3&value=2,K.LEEMINELAVAMTAVK.H,/core/www/modules/show_out/show_out_wrapper.php?run_id=110202&search_id=114132&scans_id=110198&peptide_id=36545&scanf=44049&charge=3&value=K.LEEMINELAVAMTAVK.H,TMED2,1.326e+6,3.324,0.001,2.887,0.000
44051,2,"  2.600","  0.593",12/18,/core/www/modules//sdig/index.php?run_id=110202&search_id=114132&scans_id=110198&peptide_id=36548&scanf=44051&charge=2&value=12/18,sp|Q8WX92|NELFB_HUMAN,/core/www/modules//consensus/?run_id=110202&search_id=114132&scans_id=110198&peptide_id=36548&scanf=44051&charge=2&value=sp|Q8WX92|NELFB_HUMAN,1,/core/www/modules/match_peptides/blast_html4.php?run_id=110202&search_id=114132&scans_id=110198&peptide_id=36548&scanf=44051&charge=2&value=1,K.LYDMVLQFLR.T,/core/www/modules/show_out/show_out_wrapper.php?run_id=110202&search_id=114132&scans_id=110198&peptide_id=36548&scanf=44051&charge=2&value=K.LYDMVLQFLR.T,NELFB,2.060e+6,3.567,0.001,3.248,0.000
44052,2,"  1.840","  0.507",9/20,/core/www/modules//sdig/index.php?run_id=110202&search_id=114132&scans_id=110198&peptide_id=36549&scanf=44052&charge=2&value=9/20,sp|Q13362|2A5G_HUMAN,/core/www/modules//consensus/?run_id=110202&search_id=114132&scans_id=110198&peptide_id=36549&scanf=44052&charge=2&value=sp|Q13362|2A5G_HUMAN,3,/core/www/modules/match_peptides/blast_html4.php?run_id=110202&search_id=114132&scans_id=110198&peptide_id=36549&scanf=44052&charge=2&value=3,K.ILPIMFPSLYR.N,/core/www/modules/show_out/show_out_wrapper.php?run_id=110202&search_id=114132&scans_id=110198&peptide_id=36549&scanf=44052&charge=2&value=K.ILPIMFPSLYR.N,PPP2R5C,2.728e+6,2.942,0.005,2.323,0.000
44058,2,"  2.977","  0.657",14/22,/core/www/modules//sdig/index.php?run_id=110202&search_id=114132&scans_id=110198&peptide_id=36554&scanf=44058&charge=2&value=14/22,sp|O43707|ACTN4_HUMAN,/core/www/modules//consensus/?run_id=110202&search_id=114132&scans_id=110198&peptide_id=36554&scanf=44058&charge=2&value=sp|O43707|ACTN4_HUMAN,17,/core/www/modules/match_peptides/blast_html4.php?run_id=110202&search_id=114132&scans_id=110198&peptide_id=36554&scanf=44058&charge=2&value=17,R.VGWEQLLTTIAR.T,/core/www/modules/show_out/show_out_wrapper.php?run_id=110202&search_id=114132&scans_id=110198&peptide_id=36554&scanf=44058&charge=2&value=R.VGWEQLLTTIAR.T,ACTN4,2.918e+8,4.049,0.000,3.963,0.000
44059,3,"  4.827","  0.678",24/76,/core/www/modules//sdig/index.php?run_id=110202&search_id=114132&scans_id=110198&peptide_id=36555&scanf=44059&charge=3&value=24/76,sp|P26599|PTBP1_HUMAN,/core/www/modules//consensus/?run_id=110202&search_id=114132&scans_id=110198&peptide_id=36555&scanf=44059&charge=3&value=sp|P26599|PTBP1_HUMAN,8,/core/www/modules/match_peptides/blast_html4.php?run_id=110202&search_id=114132&scans_id=110198&peptide_id=36555&scanf=44059&charge=3&value=8,R.KLPIDVTEGEVISLGLPFGK.V,/core/www/modules/show_out/show_out_wrapper.php?run_id=110202&search_id=114132&scans_id=110198&peptide_id=36555&scanf=44059&charge=3&value=R.KLPIDVTEGEVISLGLPFGK.V,PTBP1,5.217e+7,3.431,0.001,3.046,0.000
44060,3,"  4.789","  0.548",17/96,/core/www/modules//sdig/index.php?run_id=110202&search_id=114132&scans_id=110198&peptide_id=36557&scanf=44060&charge=3&value=17/96,sp|Q9BUF5|TBB6_HUMAN,/core/www/modules//consensus/?run_id=110202&search_id=114132&scans_id=110198&peptide_id=36557&scanf=44060&charge=3&value=sp|Q9BUF5|TBB6_HUMAN,1,/core/www/modules/match_peptides/blast_html4.php?run_id=110202&search_id=114132&scans_id=110198&peptide_id=36557&scanf=44060&charge=3&value=1,K.LTTPTYGDLNHLVSATMSGVTTSLR.F,/core/www/modules/show_out/show_out_wrapper.php?run_id=110202&search_id=114132&scans_id=110198&peptide_id=36557&scanf=44060&charge=3&value=K.LTTPTYGDLNHLVSATMSGVTTSLR.F,TUBB6,2.256e+6,2.790,0.008,2.098,0.000
44062,3,"  4.268","  0.655",19/100,/core/www/modules//sdig/index.php?run_id=110202&search_id=114132&scans_id=110198&peptide_id=36559&scanf=44062&charge=3&value=19/100,sp|O95336|6PGL_HUMAN,/core/www/modules//consensus/?run_id=110202&search_id=114132&scans_id=110198&peptide_id=36559&scanf=44062&charge=3&value=sp|O95336|6PGL_HUMAN,3,/core/www/modules/match_peptides/blast_html4.php?run_id=110202&search_id=114132&scans_id=110198&peptide_id=36559&scanf=44062&charge=3&value=3,R.LPIPESQVITINPELPVEEAAEDYAK.K,/core/www/modules/show_out/show_out_wrapper.php?run_id=110202&search_id=114132&scans_id=110198&peptide_id=36559&scanf=44062&charge=3&value=R.LPIPESQVITINPELPVEEAAEDYAK.K,PGLS,1.438e+6,3.100,0.003,2.556,0.000
44063,3,"  2.422","  0.400",13/60,/core/www/modules//sdig/index.php?run_id=110202&search_id=114132&scans_id=110198&peptide_id=36560&scanf=44063&charge=3&value=13/60,sp|Q14690|RRP5_HUMAN,/core/www/modules//consensus/?run_id=110202&search_id=114132&scans_id=110198&peptide_id=36560&scanf=44063&charge=3&value=sp|Q14690|RRP5_HUMAN,1,/core/www/modules/match_peptides/blast_html4.php?run_id=110202&search_id=114132&scans_id=110198&peptide_id=36560&scanf=44063&charge=3&value=1,R.IIDYSQMDELALLSLR.T,/core/www/modules/show_out/show_out_wrapper.php?run_id=110202&search_id=114132&scans_id=110198&peptide_id=36560&scanf=44063&charge=3&value=R.IIDYSQMDELALLSLR.T,PDCD11,7.282e+6,2.722,0.010,1.998,0.000
44064,2,"  2.344","  0.488",12/24,/core/www/modules//sdig/index.php?run_id=110202&search_id=114132&scans_id=110198&peptide_id=36561&scanf=44064&charge=2&value=12/24,sp|Q12769|NU160_HUMAN,/core/www/modules//consensus/?run_id=110202&search_id=114132&scans_id=110198&peptide_id=36561&scanf=44064&charge=2&value=sp|Q12769|NU160_HUMAN,2,/core/www/modules/match_peptides/blast_html4.php?run_id=110202&search_id=114132&scans_id=110198&peptide_id=36561&scanf=44064&charge=2&value=2,K.LPLTPVFEGLAFK.C,/core/www/modules/show_out/show_out_wrapper.php?run_id=110202&search_id=114132&scans_id=110198&peptide_id=36561&scanf=44064&charge=2&value=K.LPLTPVFEGLAFK.C,NUP160,3.080e+7,2.975,0.004,2.371,0.000
44065,3,"  3.787","  0.581",13/64,/core/www/modules//sdig/index.php?run_id=110202&search_id=114132&scans_id=110198&peptide_id=36562&scanf=44065&charge=3&value=13/64,sp|Q14204|DYHC1_HUMAN,/core/www/modules//consensus/?run_id=110202&search_id=114132&scans_id=110198&peptide_id=36562&scanf=44065&charge=3&value=sp|Q14204|DYHC1_HUMAN,4,/core/www/modules/match_peptides/blast_html4.php?run_id=110202&search_id=114132&scans_id=110198&peptide_id=36562&scanf=44065&charge=3&value=4,K.LSLSNAISTALPLTQLR.W,/core/www/modules/show_out/show_out_wrapper.php?run_id=110202&search_id=114132&scans_id=110198&peptide_id=36562&scanf=44065&charge=3&value=K.LSLSNAISTALPLTQLR.W,DYNC1H1,3.588e+6,3.474,0.001,3.109,0.000
44069,3,"  2.330","  0.336",9/72,/core/www/modules//sdig/index.php?run_id=110202&search_id=114132&scans_id=110198&peptide_id=36566&scanf=44069&charge=3&value=9/72,sp|Q15417|CNN3_HUMAN,/core/www/modules//consensus/?run_id=110202&search_id=114132&scans_id=110198&peptide_id=36566&scanf=44069&charge=3&value=sp|Q15417|CNN3_HUMAN,1,/core/www/modules/match_peptides/blast_html4.php?run_id=110202&search_id=114132&scans_id=110198&peptide_id=36566&scanf=44069&charge=3&value=1,K.VNESSLNWPQLENIGNFIK.A,/core/www/modules/show_out/show_out_wrapper.php?run_id=110202&search_id=114132&scans_id=110198&peptide_id=36566&scanf=44069&charge=3&value=K.VNESSLNWPQLENIGNFIK.A,CNN3,8.827e+5,2.060,0.089,1.052,0.004
44079,3,"  3.873","  0.698",17/56,/core/www/modules//sdig/index.php?run_id=110202&search_id=114132&scans_id=110198&peptide_id=36576&scanf=44079&charge=3&value=17/56,sp|Q9UJ98|STAG3_HUMAN,/core/www/modules//consensus/?run_id=110202&search_id=114132&scans_id=110198&peptide_id=36576&scanf=44079&charge=3&value=sp|Q9UJ98|STAG3_HUMAN,1,/core/www/modules/match_peptides/blast_html4.php?run_id=110202&search_id=114132&scans_id=110198&peptide_id=36576&scanf=44079&charge=3&value=1,K.LTEHLIPLLPQLLAK.F,/core/www/modules/show_out/show_out_wrapper.php?run_id=110202&search_id=114132&scans_id=110198&peptide_id=36576&scanf=44079&charge=3&value=K.LTEHLIPLLPQLLAK.F,STAG3,6.839e+6,3.770,0.000,3.548,0.000
44087,2,"  1.542","  0.235",9/20,/core/www/modules//sdig/index.php?run_id=110202&search_id=114132&scans_id=110198&peptide_id=36585&scanf=44087&charge=2&value=9/20,sp|Q14738|2A5D_HUMAN,/core/www/modules//consensus/?run_id=110202&search_id=114132&scans_id=110198&peptide_id=36585&scanf=44087&charge=2&value=sp|Q14738|2A5D_HUMAN,3,/core/www/modules/match_peptides/blast_html4.php?run_id=110202&search_id=114132&scans_id=110198&peptide_id=36585&scanf=44087&charge=2&value=3,R.VLPIMFPALYR.N,/core/www/modules/show_out/show_out_wrapper.php?run_id=110202&search_id=114132&scans_id=110198&peptide_id=36585&scanf=44087&charge=2&value=R.VLPIMFPALYR.N,PPP2R5D,1.063e+6,1.984,0.112,0.951,0.005
44090,2,"  4.633","  0.630",14/32,/core/www/modules//sdig/index.php?run_id=110202&search_id=114132&scans_id=110198&peptide_id=36589&scanf=44090&charge=2&value=14/32,sp|Q14204|DYHC1_HUMAN,/core/www/modules//consensus/?run_id=110202&search_id=114132&scans_id=110198&peptide_id=36589&scanf=44090&charge=2&value=sp|Q14204|DYHC1_HUMAN,4,/core/www/modules/match_peptides/blast_html4.php?run_id=110202&search_id=114132&scans_id=110198&peptide_id=36589&scanf=44090&charge=2&value=4,K.LSLSNAISTALPLTQLR.W,/core/www/modules/show_out/show_out_wrapper.php?run_id=110202&search_id=114132&scans_id=110198&peptide_id=36589&scanf=44090&charge=2&value=K.LSLSNAISTALPLTQLR.W,DYNC1H1,1.830e+6,3.571,0.001,3.254,0.000
44097,2,"  1.920","  0.228",11/26,/core/www/modules//sdig/index.php?run_id=110202&search_id=114132&scans_id=110198&peptide_id=36596&scanf=44097&charge=2&value=11/26,sp|P27824|CALX_HUMAN,/core/www/modules//consensus/?run_id=110202&search_id=114132&scans_id=110198&peptide_id=36596&scanf=44097&charge=2&value=sp|P27824|CALX_HUMAN,8,/core/www/modules/match_peptides/blast_html4.php?run_id=110202&search_id=114132&scans_id=110198&peptide_id=36596&scanf=44097&charge=2&value=8,K.IPNPDFFEDLEPFR.M,/core/www/modules/show_out/show_out_wrapper.php?run_id=110202&search_id=114132&scans_id=110198&peptide_id=36596&scanf=44097&charge=2&value=K.IPNPDFFEDLEPFR.M,CANX,1.180e+6,1.902,0.143,0.845,0.007
44098,3,"  5.455","  0.601",20/88,/core/www/modules//sdig/index.php?run_id=110202&search_id=114132&scans_id=110198&peptide_id=36597&scanf=44098&charge=3&value=20/88,sp|P29218|IMPA1_HUMAN,/core/www/modules//consensus/?run_id=110202&search_id=114132&scans_id=110198&peptide_id=36597&scanf=44098&charge=3&value=sp|P29218|IMPA1_HUMAN,6,/core/www/modules/match_peptides/blast_html4.php?run_id=110202&search_id=114132&scans_id=110198&peptide_id=36597&scanf=44098&charge=3&value=6,K.SILTDNPTWIIDPIDGTTNFVHR.F,/core/www/modules/show_out/show_out_wrapper.php?run_id=110202&search_id=114132&scans_id=110198&peptide_id=36597&scanf=44098&charge=3&value=K.SILTDNPTWIIDPIDGTTNFVHR.F,IMPA1,2.142e+6,3.203,0.002,2.708,0.000
44101,2,"  3.879","  0.707",17/30,/core/www/modules//sdig/index.php?run_id=110202&search_id=114132&scans_id=110198&peptide_id=36600&scanf=44101&charge=2&value=17/30,sp|Q14690|RRP5_HUMAN,/core/www/modules//consensus/?run_id=110202&search_id=114132&scans_id=110198&peptide_id=36600&scanf=44101&charge=2&value=sp|Q14690|RRP5_HUMAN,1,/core/www/modules/match_peptides/blast_html4.php?run_id=110202&search_id=114132&scans_id=110198&peptide_id=36600&scanf=44101&charge=2&value=1,R.IIDYSQMDELALLSLR.T,/core/www/modules/show_out/show_out_wrapper.php?run_id=110202&search_id=114132&scans_id=110198&peptide_id=36600&scanf=44101&charge=2&value=R.IIDYSQMDELALLSLR.T,PDCD11,4.356e+6,3.880,0.000,3.712,0.000
44102,3,"  4.973","  0.380",22/72,/core/www/modules//sdig/index.php?run_id=110202&search_id=114132&scans_id=110198&peptide_id=36601&scanf=44102&charge=3&value=22/72,sp|P53618|COPB_HUMAN,/core/www/modules//consensus/?run_id=110202&search_id=114132&scans_id=110198&peptide_id=36601&scanf=44102&charge=3&value=sp|P53618|COPB_HUMAN,0,/core/www/modules/match_peptides/blast_html4.php?run_id=110202&search_id=114132&scans_id=110198&peptide_id=36601&scanf=44102&charge=3&value=0,K.VTVNTNMVDLNDYLQHILK.S,/core/www/modules/show_out/show_out_wrapper.php?run_id=110202&search_id=114132&scans_id=110198&peptide_id=36601&scanf=44102&charge=3&value=K.VTVNTNMVDLNDYLQHILK.S,COPB1,7.688e+6,2.770,0.009,2.069,0.000
44103,2,"  2.068","  0.476",8/24,/core/www/modules//sdig/index.php?run_id=110202&search_id=114132&scans_id=110198&peptide_id=36602&scanf=44103&charge=2&value=8/24,sp|O15504|NUP42_HUMAN,/core/www/modules//consensus/?run_id=110202&search_id=114132&scans_id=110198&peptide_id=36602&scanf=44103&charge=2&value=sp|O15504|NUP42_HUMAN,0,/core/www/modules/match_peptides/blast_html4.php?run_id=110202&search_id=114132&scans_id=110198&peptide_id=36602&scanf=44103&charge=2&value=0,K.IPLKPPPLELLNV.-,/core/www/modules/show_out/show_out_wrapper.php?run_id=110202&search_id=114132&scans_id=110198&peptide_id=36602&scanf=44103&charge=2&value=K.IPLKPPPLELLNV.-,NUP42,1.358e+6,2.586,0.016,1.799,0.000
44106,3,"  3.039","  0.500",14/48,/core/www/modules//sdig/index.php?run_id=110202&search_id=114132&scans_id=110198&peptide_id=36605&scanf=44106&charge=3&value=14/48,sp|P33993|MCM7_HUMAN,/core/www/modules//consensus/?run_id=110202&search_id=114132&scans_id=110198&peptide_id=36605&scanf=44106&charge=3&value=sp|P33993|MCM7_HUMAN,0,/core/www/modules/match_peptides/blast_html4.php?run_id=110202&search_id=114132&scans_id=110198&peptide_id=36605&scanf=44106&charge=3&value=0,R.FDLLWLIQDRPDR.D,/core/www/modules/show_out/show_out_wrapper.php?run_id=110202&search_id=114132&scans_id=110198&peptide_id=36605&scanf=44106&charge=3&value=R.FDLLWLIQDRPDR.D,MCM7,3.591e+6,3.258,0.002,2.790,0.000
44110,3,"  3.529","  0.537",12/56,/core/www/modules//sdig/index.php?run_id=110202&search_id=114132&scans_id=110198&peptide_id=36610&scanf=44110&charge=3&value=12/56,sp|Q9Y6J9|TAF6L_HUMAN,/core/www/modules//consensus/?run_id=110202&search_id=114132&scans_id=110198&peptide_id=36610&scanf=44110&charge=3&value=sp|Q9Y6J9|TAF6L_HUMAN,1,/core/www/modules/match_peptides/blast_html4.php?run_id=110202&search_id=114132&scans_id=110198&peptide_id=36610&scanf=44110&charge=3&value=1,R.EVNLVELALATNIPK.G,/core/www/modules/show_out/show_out_wrapper.php?run_id=110202&search_id=114132&scans_id=110198&peptide_id=36610&scanf=44110&charge=3&value=R.EVNLVELALATNIPK.G,TAF6L,1.493e+6,3.112,0.003,2.574,0.000
44111,3,"  6.705","  0.718",18/76,/core/www/modules//sdig/index.php?run_id=110202&search_id=114132&scans_id=110198&peptide_id=36611&scanf=44111&charge=3&value=18/76,sp|P52292|IMA1_HUMAN,/core/www/modules//consensus/?run_id=110202&search_id=114132&scans_id=110198&peptide_id=36611&scanf=44111&charge=3&value=sp|P52292|IMA1_HUMAN,4,/core/www/modules/match_peptides/blast_html4.php?run_id=110202&search_id=114132&scans_id=110198&peptide_id=36611&scanf=44111&charge=3&value=4,R.NKNPAPPIDAVEQILPTLVR.L,/core/www/modules/show_out/show_out_wrapper.php?run_id=110202&search_id=114132&scans_id=110198&peptide_id=36611&scanf=44111&charge=3&value=R.NKNPAPPIDAVEQILPTLVR.L,KPNA2,1.861e+7,3.548,0.001,3.219,0.000
44113,3,"  3.854","  0.563",16/56,/core/www/modules//sdig/index.php?run_id=110202&search_id=114132&scans_id=110198&peptide_id=36613&scanf=44113&charge=3&value=16/56,sp|Q9Y4A5|TRRAP_HUMAN,/core/www/modules//consensus/?run_id=110202&search_id=114132&scans_id=110198&peptide_id=36613&scanf=44113&charge=3&value=sp|Q9Y4A5|TRRAP_HUMAN,2,/core/www/modules/match_peptides/blast_html4.php?run_id=110202&search_id=114132&scans_id=110198&peptide_id=36613&scanf=44113&charge=3&value=2,K.DLRPSALPFVASLIR.H,/core/www/modules/show_out/show_out_wrapper.php?run_id=110202&search_id=114132&scans_id=110198&peptide_id=36613&scanf=44113&charge=3&value=K.DLRPSALPFVASLIR.H,TRRAP,7.176e+6,3.279,0.002,2.820,0.000
44115,2,"  4.224","  0.726",16/26,/core/www/modules//sdig/index.php?run_id=110202&search_id=114132&scans_id=110198&peptide_id=36615&scanf=44115&charge=2&value=16/26,sp|O75448|MED24_HUMAN,/core/www/modules//consensus/?run_id=110202&search_id=114132&scans_id=110198&peptide_id=36615&scanf=44115&charge=2&value=sp|O75448|MED24_HUMAN,3,/core/www/modules/match_peptides/blast_html4.php?run_id=110202&search_id=114132&scans_id=110198&peptide_id=36615&scanf=44115&charge=2&value=3,K.VVLAITDLSLPLGR.Q,/core/www/modules/show_out/show_out_wrapper.php?run_id=110202&search_id=114132&scans_id=110198&peptide_id=36615&scanf=44115&charge=2&value=K.VVLAITDLSLPLGR.Q,MED24,1.038e+7,3.980,0.000,3.859,0.000
44117,2,"  3.873","  0.522",14/22,/core/www/modules//sdig/index.php?run_id=110202&search_id=114132&scans_id=110198&peptide_id=36617&scanf=44117&charge=2&value=14/22,sp|Q9NU22|MDN1_HUMAN,/core/www/modules//consensus/?run_id=110202&search_id=114132&scans_id=110198&peptide_id=36617&scanf=44117&charge=2&value=sp|Q9NU22|MDN1_HUMAN,0,/core/www/modules/match_peptides/blast_html4.php?run_id=110202&search_id=114132&scans_id=110198&peptide_id=36617&scanf=44117&charge=2&value=0,K.EDLQVLIVDYLK.G,/core/www/modules/show_out/show_out_wrapper.php?run_id=110202&search_id=114132&scans_id=110198&peptide_id=36617&scanf=44117&charge=2&value=K.EDLQVLIVDYLK.G,MDN1,2.030e+6,3.650,0.000,3.371,0.000
44121,3,"  5.633","  0.646",24/84,/core/www/modules//sdig/index.php?run_id=110202&search_id=114132&scans_id=110198&peptide_id=36621&scanf=44121&charge=3&value=24/84,sp|P08708|RS17_HUMAN,/core/www/modules//consensus/?run_id=110202&search_id=114132&scans_id=110198&peptide_id=36621&scanf=44121&charge=3&value=sp|P08708|RS17_HUMAN,1,/core/www/modules/match_peptides/blast_html4.php?run_id=110202&search_id=114132&scans_id=110198&peptide_id=36621&scanf=44121&charge=3&value=1,K.LLDFGSLSNLQVTQPTVGMNFK.T,/core/www/modules/show_out/show_out_wrapper.php?run_id=110202&search_id=114132&scans_id=110198&peptide_id=36621&scanf=44121&charge=3&value=K.LLDFGSLSNLQVTQPTVGMNFK.T,RPS17,2.236e+7,3.517,0.001,3.174,0.000
44122,2,"  4.101","  0.710",15/26,/core/www/modules//sdig/index.php?run_id=110202&search_id=114132&scans_id=110198&peptide_id=36622&scanf=44122&charge=2&value=15/26,sp|P05455|LA_HUMAN,/core/www/modules//consensus/?run_id=110202&search_id=114132&scans_id=110198&peptide_id=36622&scanf=44122&charge=2&value=sp|P05455|LA_HUMAN,3,/core/www/modules/match_peptides/blast_html4.php?run_id=110202&search_id=114132&scans_id=110198&peptide_id=36622&scanf=44122&charge=2&value=3,R.LTTDFNVIVEALSK.S,/core/www/modules/show_out/show_out_wrapper.php?run_id=110202&search_id=114132&scans_id=110198&peptide_id=36622&scanf=44122&charge=2&value=R.LTTDFNVIVEALSK.S,SSB,1.137e+7,3.840,0.000,3.653,0.000
44126,2,"  3.252","  0.502",14/28,/core/www/modules//sdig/index.php?run_id=110202&search_id=114132&scans_id=110198&peptide_id=36626&scanf=44126&charge=2&value=14/28,sp|Q9UQ16|DYN3_HUMAN,/core/www/modules//consensus/?run_id=110202&search_id=114132&scans_id=110198&peptide_id=36626&scanf=44126&charge=2&value=sp|Q9UQ16|DYN3_HUMAN,5,/core/www/modules/match_peptides/blast_html4.php?run_id=110202&search_id=114132&scans_id=110198&peptide_id=36626&scanf=44126&charge=2&value=5,R.TGLFTPDMAFEAIVK.K,/core/www/modules/show_out/show_out_wrapper.php?run_id=110202&search_id=114132&scans_id=110198&peptide_id=36626&scanf=44126&charge=2&value=R.TGLFTPDMAFEAIVK.K,DNM3,3.283e+6,2.935,0.005,2.311,0.000
44135,4,"  2.944","  0.489",13/132,/core/www/modules//sdig/index.php?run_id=110202&search_id=114132&scans_id=110198&peptide_id=36636&scanf=44135&charge=4&value=13/132,sp|P20585|MSH3_HUMAN,/core/www/modules//consensus/?run_id=110202&search_id=114132&scans_id=110198&peptide_id=36636&scanf=44135&charge=4&value=sp|P20585|MSH3_HUMAN,3,/core/www/modules/match_peptides/blast_html4.php?run_id=110202&search_id=114132&scans_id=110198&peptide_id=36636&scanf=44135&charge=4&value=3,R.LDAVSEVLHSESSVFGQIENHLR.K,/core/www/modules/show_out/show_out_wrapper.php?run_id=110202&search_id=114132&scans_id=110198&peptide_id=36636&scanf=44135&charge=4&value=R.LDAVSEVLHSESSVFGQIENHLR.K,MSH3,1.389e+6,2.963,0.004,2.353,0.000
44137,2,"  2.984","  0.590",14/30,/core/www/modules//sdig/index.php?run_id=110202&search_id=114132&scans_id=110198&peptide_id=36638&scanf=44137&charge=2&value=14/30,sp|Q8WWI1|LMO7_HUMAN,/core/www/modules//consensus/?run_id=110202&search_id=114132&scans_id=110198&peptide_id=36638&scanf=44137&charge=2&value=sp|Q8WWI1|LMO7_HUMAN,3,/core/www/modules/match_peptides/blast_html4.php?run_id=110202&search_id=114132&scans_id=110198&peptide_id=36638&scanf=44137&charge=2&value=3,R.LSTPIAGLDNINVFLK.A,/core/www/modules/show_out/show_out_wrapper.php?run_id=110202&search_id=114132&scans_id=110198&peptide_id=36638&scanf=44137&charge=2&value=R.LSTPIAGLDNINVFLK.A,LMO7,1.477e+6,3.167,0.002,2.656,0.000
44143,3,"  2.834","  0.519",13/48,/core/www/modules//sdig/index.php?run_id=110202&search_id=114132&scans_id=110198&peptide_id=36643&scanf=44143&charge=3&value=13/48,sp|P33993|MCM7_HUMAN,/core/www/modules//consensus/?run_id=110202&search_id=114132&scans_id=110198&peptide_id=36643&scanf=44143&charge=3&value=sp|P33993|MCM7_HUMAN,0,/core/www/modules/match_peptides/blast_html4.php?run_id=110202&search_id=114132&scans_id=110198&peptide_id=36643&scanf=44143&charge=3&value=0,R.FDLLWLIQDRPDR.D,/core/www/modules/show_out/show_out_wrapper.php?run_id=110202&search_id=114132&scans_id=110198&peptide_id=36643&scanf=44143&charge=3&value=R.FDLLWLIQDRPDR.D,MCM7,3.591e+6,3.281,0.002,2.823,0.000
44147,3,"  2.821","  0.398",12/84,/core/www/modules//sdig/index.php?run_id=110202&search_id=114132&scans_id=110198&peptide_id=36647&scanf=44147&charge=3&value=12/84,sp|Q13895|BYST_HUMAN,/core/www/modules//consensus/?run_id=110202&search_id=114132&scans_id=110198&peptide_id=36647&scanf=44147&charge=3&value=sp|Q13895|BYST_HUMAN,1,/core/www/modules/match_peptides/blast_html4.php?run_id=110202&search_id=114132&scans_id=110198&peptide_id=36647&scanf=44147&charge=3&value=1,K.QTEVETVMSEVSGFPMPQLDPR.V,/core/www/modules/show_out/show_out_wrapper.php?run_id=110202&search_id=114132&scans_id=110198&peptide_id=36647&scanf=44147&charge=3&value=K.QTEVETVMSEVSGFPMPQLDPR.V,BYSL,2.820e+6,2.261,0.047,1.331,0.002
44150,2,"  4.441","  0.682",17/32,/core/www/modules//sdig/index.php?run_id=110202&search_id=114132&scans_id=110198&peptide_id=36651&scanf=44150&charge=2&value=17/32,sp|O00458|IFRD1_HUMAN,/core/www/modules//consensus/?run_id=110202&search_id=114132&scans_id=110198&peptide_id=36651&scanf=44150&charge=2&value=sp|O00458|IFRD1_HUMAN,2,/core/www/modules/match_peptides/blast_html4.php?run_id=110202&search_id=114132&scans_id=110198&peptide_id=36651&scanf=44150&charge=2&value=2,R.NVFELGPPVMLDAATLK.T,/core/www/modules/show_out/show_out_wrapper.php?run_id=110202&search_id=114132&scans_id=110198&peptide_id=36651&scanf=44150&charge=2&value=R.NVFELGPPVMLDAATLK.T,IFRD1,2.148e+6,3.612,0.000,3.314,0.000
44152,3,"  4.885","  0.201",25/68,/core/www/modules//sdig/index.php?run_id=110202&search_id=114132&scans_id=110198&peptide_id=36653&scanf=44152&charge=3&value=25/68,sp|Q15014|MO4L2_HUMAN,/core/www/modules//consensus/?run_id=110202&search_id=114132&scans_id=110198&peptide_id=36653&scanf=44152&charge=3&value=sp|Q15014|MO4L2_HUMAN,2,/core/www/modules/match_peptides/blast_html4.php?run_id=110202&search_id=114132&scans_id=110198&peptide_id=36653&scanf=44152&charge=3&value=2,K.IPEELKPWLVEDWDLVTR.Q,/core/www/modules/show_out/show_out_wrapper.php?run_id=110202&search_id=114132&scans_id=110198&peptide_id=36653&scanf=44152&charge=3&value=K.IPEELKPWLVEDWDLVTR.Q,MORF4L2,1.113e+6,2.146,0.068,1.170,0.002
44153,3,"  6.033","  0.630",19/96,/core/www/modules//sdig/index.php?run_id=110202&search_id=114132&scans_id=110198&peptide_id=36654&scanf=44153&charge=3&value=19/96,sp|Q9Y678|COPG1_HUMAN,/core/www/modules//consensus/?run_id=110202&search_id=114132&scans_id=110198&peptide_id=36654&scanf=44153&charge=3&value=sp|Q9Y678|COPG1_HUMAN,0,/core/www/modules/match_peptides/blast_html4.php?run_id=110202&search_id=114132&scans_id=110198&peptide_id=36654&scanf=44153&charge=3&value=0,K.ILYLINQGEHLGTTEATEAFFAMTK.L,/core/www/modules/show_out/show_out_wrapper.php?run_id=110202&search_id=114132&scans_id=110198&peptide_id=36654&scanf=44153&charge=3&value=K.ILYLINQGEHLGTTEATEAFFAMTK.L,COPG1,1.283e+6,3.254,0.002,2.783,0.000
44157,3,"  3.797","  0.612",13/68,/core/www/modules//sdig/index.php?run_id=110202&search_id=114132&scans_id=110198&peptide_id=36658&scanf=44157&charge=3&value=13/68,sp|Q9HAV4|XPO5_HUMAN,/core/www/modules//consensus/?run_id=110202&search_id=114132&scans_id=110198&peptide_id=36658&scanf=44157&charge=3&value=sp|Q9HAV4|XPO5_HUMAN,0,/core/www/modules/match_peptides/blast_html4.php?run_id=110202&search_id=114132&scans_id=110198&peptide_id=36658&scanf=44157&charge=3&value=0,R.DYPQLVLPNFDMLYNHVK.Q,/core/www/modules/show_out/show_out_wrapper.php?run_id=110202&search_id=114132&scans_id=110198&peptide_id=36658&scanf=44157&charge=3&value=R.DYPQLVLPNFDMLYNHVK.Q,XPO5,2.964e+6,3.305,0.001,2.859,0.000
44159,3,"  2.092","  0.389",14/52,/core/www/modules//sdig/index.php?run_id=110202&search_id=114132&scans_id=110198&peptide_id=36660&scanf=44159&charge=3&value=14/52,sp|O75448|MED24_HUMAN,/core/www/modules//consensus/?run_id=110202&search_id=114132&scans_id=110198&peptide_id=36660&scanf=44159&charge=3&value=sp|O75448|MED24_HUMAN,3,/core/www/modules/match_peptides/blast_html4.php?run_id=110202&search_id=114132&scans_id=110198&peptide_id=36660&scanf=44159&charge=3&value=3,K.VVLAITDLSLPLGR.Q,/core/www/modules/show_out/show_out_wrapper.php?run_id=110202&search_id=114132&scans_id=110198&peptide_id=36660&scanf=44159&charge=3&value=K.VVLAITDLSLPLGR.Q,MED24,7.725e+5,2.679,0.012,1.936,0.000
44163,2,"  2.294","  0.380",11/18,/core/www/modules//sdig/index.php?run_id=110202&search_id=114132&scans_id=110198&peptide_id=36664&scanf=44163&charge=2&value=11/18,sp|P82673|RT35_HUMAN,/core/www/modules//consensus/?run_id=110202&search_id=114132&scans_id=110198&peptide_id=36664&scanf=44163&charge=2&value=sp|P82673|RT35_HUMAN,0,/core/www/modules/match_peptides/blast_html4.php?run_id=110202&search_id=114132&scans_id=110198&peptide_id=36664&scanf=44163&charge=2&value=0,R.NILETLLQMK.A,/core/www/modules/show_out/show_out_wrapper.php?run_id=110202&search_id=114132&scans_id=110198&peptide_id=36664&scanf=44163&charge=2&value=R.NILETLLQMK.A,MRPS35,3.232e+6,2.843,0.007,2.177,0.000
44166,3,"  3.831","  0.648",21/96,/core/www/modules//sdig/index.php?run_id=110202&search_id=114132&scans_id=110198&peptide_id=36667&scanf=44166&charge=3&value=21/96,sp|Q9Y678|COPG1_HUMAN,/core/www/modules//consensus/?run_id=110202&search_id=114132&scans_id=110198&peptide_id=36667&scanf=44166&charge=3&value=sp|Q9Y678|COPG1_HUMAN,0,/core/www/modules/match_peptides/blast_html4.php?run_id=110202&search_id=114132&scans_id=110198&peptide_id=36667&scanf=44166&charge=3&value=0,K.ILYLINQGEHLGTTEATEAFFAMTK.L,/core/www/modules/show_out/show_out_wrapper.php?run_id=110202&search_id=114132&scans_id=110198&peptide_id=36667&scanf=44166&charge=3&value=K.ILYLINQGEHLGTTEATEAFFAMTK.L,COPG1,1.283e+6,3.059,0.003,2.495,0.000
44168,3,"  3.664","  0.530",17/56,/core/www/modules//sdig/index.php?run_id=110202&search_id=114132&scans_id=110198&peptide_id=36669&scanf=44168&charge=3&value=17/56,sp|Q14974|IMB1_HUMAN,/core/www/modules//consensus/?run_id=110202&search_id=114132&scans_id=110198&peptide_id=36669&scanf=44168&charge=3&value=sp|Q14974|IMB1_HUMAN,1,/core/www/modules/match_peptides/blast_html4.php?run_id=110202&search_id=114132&scans_id=110198&peptide_id=36669&scanf=44168&charge=3&value=1,R.AAVENLPTFLVELSR.V,/core/www/modules/show_out/show_out_wrapper.php?run_id=110202&search_id=114132&scans_id=110198&peptide_id=36669&scanf=44168&charge=3&value=R.AAVENLPTFLVELSR.V,KPNB1,2.616e+7,3.313,0.001,2.872,0.000
44169,3,"  3.923","  0.643",17/72,/core/www/modules//sdig/index.php?run_id=110202&search_id=114132&scans_id=110198&peptide_id=36670&scanf=44169&charge=3&value=17/72,sp|P17980|PRS6A_HUMAN,/core/www/modules//consensus/?run_id=110202&search_id=114132&scans_id=110198&peptide_id=36670&scanf=44169&charge=3&value=sp|P17980|PRS6A_HUMAN,3,/core/www/modules/match_peptides/blast_html4.php?run_id=110202&search_id=114132&scans_id=110198&peptide_id=36670&scanf=44169&charge=3&value=3,R.TMLELLNQLDGFQPNTQVK.V,/core/www/modules/show_out/show_out_wrapper.php?run_id=110202&search_id=114132&scans_id=110198&peptide_id=36670&scanf=44169&charge=3&value=R.TMLELLNQLDGFQPNTQVK.V,PSMC3,1.420e+7,3.410,0.001,3.015,0.000
44174,2,"  3.982","  0.658",21/38,/core/www/modules//sdig/index.php?run_id=110202&search_id=114132&scans_id=110198&peptide_id=36676&scanf=44174&charge=2&value=21/38,sp|Q9NVP1|DDX18_HUMAN,/core/www/modules//consensus/?run_id=110202&search_id=114132&scans_id=110198&peptide_id=36676&scanf=44174&charge=2&value=sp|Q9NVP1|DDX18_HUMAN,1,/core/www/modules/match_peptides/blast_html4.php?run_id=110202&search_id=114132&scans_id=110198&peptide_id=36676&scanf=44174&charge=2&value=1,R.GLDIPEVDWIVQYDPPDDPK.E,/core/www/modules/show_out/show_out_wrapper.php?run_id=110202&search_id=114132&scans_id=110198&peptide_id=36676&scanf=44174&charge=2&value=R.GLDIPEVDWIVQYDPPDDPK.E,DDX18,7.409e+5,3.471,0.001,3.105,0.000
44178,3,"  4.017","  0.634",18/64,/core/www/modules//sdig/index.php?run_id=110202&search_id=114132&scans_id=110198&peptide_id=36680&scanf=44178&charge=3&value=18/64,sp|P23528|COF1_HUMAN,/core/www/modules//consensus/?run_id=110202&search_id=114132&scans_id=110198&peptide_id=36680&scanf=44178&charge=3&value=sp|P23528|COF1_HUMAN,5,/core/www/modules/match_peptides/blast_html4.php?run_id=110202&search_id=114132&scans_id=110198&peptide_id=36680&scanf=44178&charge=3&value=5,K.KEDLVFIFWAPESAPLK.S,/core/www/modules/show_out/show_out_wrapper.php?run_id=110202&search_id=114132&scans_id=110198&peptide_id=36680&scanf=44178&charge=3&value=K.KEDLVFIFWAPESAPLK.S,CFL1,6.582e+6,3.221,0.002,2.735,0.000
44197,2,"  4.774","  0.705",23/40,/core/www/modules//sdig/index.php?run_id=110202&search_id=114132&scans_id=110198&peptide_id=36700&scanf=44197&charge=2&value=23/40,sp|O00567|NOP56_HUMAN,/core/www/modules//consensus/?run_id=110202&search_id=114132&scans_id=110198&peptide_id=36700&scanf=44197&charge=2&value=sp|O00567|NOP56_HUMAN,2,/core/www/modules/match_peptides/blast_html4.php?run_id=110202&search_id=114132&scans_id=110198&peptide_id=36700&scanf=44197&charge=2&value=2,K.EVEEISLLQPQVEESVLNLGK.F,/core/www/modules/show_out/show_out_wrapper.php?run_id=110202&search_id=114132&scans_id=110198&peptide_id=36700&scanf=44197&charge=2&value=K.EVEEISLLQPQVEESVLNLGK.F,NOP56,1.263e+6,3.715,0.000,3.468,0.000
44198,2,"  3.175","  0.553",15/30,/core/www/modules//sdig/index.php?run_id=110202&search_id=114132&scans_id=110198&peptide_id=36701&scanf=44198&charge=2&value=15/30,sp|Q7Z5K2|WAPL_HUMAN,/core/www/modules//consensus/?run_id=110202&search_id=114132&scans_id=110198&peptide_id=36701&scanf=44198&charge=2&value=sp|Q7Z5K2|WAPL_HUMAN,1,/core/www/modules/match_peptides/blast_html4.php?run_id=110202&search_id=114132&scans_id=110198&peptide_id=36701&scanf=44198&charge=2&value=1,R.EYLPEGDFSIMTEMLK.K,/core/www/modules/show_out/show_out_wrapper.php?run_id=110202&search_id=114132&scans_id=110198&peptide_id=36701&scanf=44198&charge=2&value=R.EYLPEGDFSIMTEMLK.K,WAPL,3.348e+6,3.047,0.003,2.478,0.000
44205,3,"  3.313","  0.538",13/76,/core/www/modules//sdig/index.php?run_id=110202&search_id=114132&scans_id=110198&peptide_id=36708&scanf=44205&charge=3&value=13/76,sp|Q9BQG0|MBB1A_HUMAN,/core/www/modules//consensus/?run_id=110202&search_id=114132&scans_id=110198&peptide_id=36708&scanf=44205&charge=3&value=sp|Q9BQG0|MBB1A_HUMAN,1,/core/www/modules/match_peptides/blast_html4.php?run_id=110202&search_id=114132&scans_id=110198&peptide_id=36708&scanf=44205&charge=3&value=1,R.AMFLQPDLDSLVDFSTNNQK.K,/core/www/modules/show_out/show_out_wrapper.php?run_id=110202&search_id=114132&scans_id=110198&peptide_id=36708&scanf=44205&charge=3&value=R.AMFLQPDLDSLVDFSTNNQK.K,MYBBP1A,2.606e+7,3.086,0.003,2.536,0.000
44208,3,"  3.646","  0.698",18/64,/core/www/modules//sdig/index.php?run_id=110202&search_id=114132&scans_id=110198&peptide_id=36711&scanf=44208&charge=3&value=18/64,sp|Q9BSC4|NOL10_HUMAN,/core/www/modules//consensus/?run_id=110202&search_id=114132&scans_id=110198&peptide_id=36711&scanf=44208&charge=3&value=sp|Q9BSC4|NOL10_HUMAN,5,/core/www/modules/match_peptides/blast_html4.php?run_id=110202&search_id=114132&scans_id=110198&peptide_id=36711&scanf=44208&charge=3&value=5,K.DLENLGLTHLIGSPFLR.A,/core/www/modules/show_out/show_out_wrapper.php?run_id=110202&search_id=114132&scans_id=110198&peptide_id=36711&scanf=44208&charge=3&value=K.DLENLGLTHLIGSPFLR.A,NOL10,1.041e+7,3.719,0.000,3.473,0.000
44209,3,"  3.759","  0.616",13/76,/core/www/modules//sdig/index.php?run_id=110202&search_id=114132&scans_id=110198&peptide_id=36712&scanf=44209&charge=3&value=13/76,sp|Q9BQG0|MBB1A_HUMAN,/core/www/modules//consensus/?run_id=110202&search_id=114132&scans_id=110198&peptide_id=36712&scanf=44209&charge=3&value=sp|Q9BQG0|MBB1A_HUMAN,1,/core/www/modules/match_peptides/blast_html4.php?run_id=110202&search_id=114132&scans_id=110198&peptide_id=36712&scanf=44209&charge=3&value=1,R.AMFLQPDLDSLVDFSTNNQK.K,/core/www/modules/show_out/show_out_wrapper.php?run_id=110202&search_id=114132&scans_id=110198&peptide_id=36712&scanf=44209&charge=3&value=R.AMFLQPDLDSLVDFSTNNQK.K,MYBBP1A,2.606e+7,3.369,0.001,2.955,0.000
44210,2,"  2.193","  0.356",12/30,/core/www/modules//sdig/index.php?run_id=110202&search_id=114132&scans_id=110198&peptide_id=36714&scanf=44210&charge=2&value=12/30,sp|Q8WWI1|LMO7_HUMAN,/core/www/modules//consensus/?run_id=110202&search_id=114132&scans_id=110198&peptide_id=36714&scanf=44210&charge=2&value=sp|Q8WWI1|LMO7_HUMAN,3,/core/www/modules/match_peptides/blast_html4.php?run_id=110202&search_id=114132&scans_id=110198&peptide_id=36714&scanf=44210&charge=2&value=3,R.LSTPIAGLDNINVFLK.A,/core/www/modules/show_out/show_out_wrapper.php?run_id=110202&search_id=114132&scans_id=110198&peptide_id=36714&scanf=44210&charge=2&value=R.LSTPIAGLDNINVFLK.A,LMO7,1.477e+6,2.224,0.053,1.278,0.002
44216,3,"  4.942","  0.495",24/80,/core/www/modules//sdig/index.php?run_id=110202&search_id=114132&scans_id=110198&peptide_id=36720&scanf=44216&charge=3&value=24/80,sp|Q16352|AINX_HUMAN,/core/www/modules//consensus/?run_id=110202&search_id=114132&scans_id=110198&peptide_id=36720&scanf=44216&charge=3&value=sp|Q16352|AINX_HUMAN,0,/core/www/modules/match_peptides/blast_html4.php?run_id=110202&search_id=114132&scans_id=110198&peptide_id=36720&scanf=44216&charge=3&value=0,K.KTSQIGESFEEILEETVISTK.K,/core/www/modules/show_out/show_out_wrapper.php?run_id=110202&search_id=114132&scans_id=110198&peptide_id=36720&scanf=44216&charge=3&value=K.KTSQIGESFEEILEETVISTK.K,INA,9.978e+5,2.730,0.010,2.010,0.000
44218,2,"  2.091","  0.440",8/26,/core/www/modules//sdig/index.php?run_id=110202&search_id=114132&scans_id=110198&peptide_id=36722&scanf=44218&charge=2&value=8/26,sp|Q9NZJ4|SACS_HUMAN,/core/www/modules//consensus/?run_id=110202&search_id=114132&scans_id=110198&peptide_id=36722&scanf=44218&charge=2&value=sp|Q9NZJ4|SACS_HUMAN,13,/core/www/modules/match_peptides/blast_html4.php?run_id=110202&search_id=114132&scans_id=110198&peptide_id=36722&scanf=44218&charge=2&value=13,K.FVPIIGIAMPLSSR.D,/core/www/modules/show_out/show_out_wrapper.php?run_id=110202&search_id=114132&scans_id=110198&peptide_id=36722&scanf=44218&charge=2&value=K.FVPIIGIAMPLSSR.D,SACS,9.899e+5,2.451,0.025,1.603,0.001
44219,3,"  3.272","  0.679",16/60,/core/www/modules//sdig/index.php?run_id=110202&search_id=114132&scans_id=110198&peptide_id=36723&scanf=44219&charge=3&value=16/60,sp|P13010|XRCC5_HUMAN,/core/www/modules//consensus/?run_id=110202&search_id=114132&scans_id=110198&peptide_id=36723&scanf=44219&charge=3&value=sp|P13010|XRCC5_HUMAN,1,/core/www/modules/match_peptides/blast_html4.php?run_id=110202&search_id=114132&scans_id=110198&peptide_id=36723&scanf=44219&charge=3&value=1,R.HLM*LPDFDLLEDIESK.I,/core/www/modules/show_out/show_out_wrapper.php?run_id=110202&search_id=114132&scans_id=110198&peptide_id=36723&scanf=44219&charge=3&value=R.HLM*LPDFDLLEDIESK.I,XRCC5,5.980e+6,3.797,0.000,3.588,0.000
44220,2,"  2.296","  0.593",11/24,/core/www/modules//sdig/index.php?run_id=110202&search_id=114132&scans_id=110198&peptide_id=36725&scanf=44220&charge=2&value=11/24,sp|P29375|KDM5A_HUMAN,/core/www/modules//consensus/?run_id=110202&search_id=114132&scans_id=110198&peptide_id=36725&scanf=44220&charge=2&value=sp|P29375|KDM5A_HUMAN,1,/core/www/modules/match_peptides/blast_html4.php?run_id=110202&search_id=114132&scans_id=110198&peptide_id=36725&scanf=44220&charge=2&value=1,K.NIPAFLPNVLSLK.E,/core/www/modules/show_out/show_out_wrapper.php?run_id=110202&search_id=114132&scans_id=110198&peptide_id=36725&scanf=44220&charge=2&value=K.NIPAFLPNVLSLK.E,KDM5A,5.842e+6,3.204,0.002,2.710,0.000
44229,2,"  3.950","  0.711",17/32,/core/www/modules//sdig/index.php?run_id=110202&search_id=114132&scans_id=110198&peptide_id=36733&scanf=44229&charge=2&value=17/32,sp|Q9BV38|WDR18_HUMAN,/core/www/modules//consensus/?run_id=110202&search_id=114132&scans_id=110198&peptide_id=36733&scanf=44229&charge=2&value=sp|Q9BV38|WDR18_HUMAN,6,/core/www/modules/match_peptides/blast_html4.php?run_id=110202&search_id=114132&scans_id=110198&peptide_id=36733&scanf=44229&charge=2&value=6,R.GLALLNGEYLLAAQLGK.N,/core/www/modules/show_out/show_out_wrapper.php?run_id=110202&search_id=114132&scans_id=110198&peptide_id=36733&scanf=44229&charge=2&value=R.GLALLNGEYLLAAQLGK.N,WDR18,1.783e+6,3.670,0.000,3.400,0.000
44232,2,"  2.774","  0.273",13/18,/core/www/modules//sdig/index.php?run_id=110202&search_id=114132&scans_id=110198&peptide_id=36737&scanf=44232&charge=2&value=13/18,sp|Q7Z478|DHX29_HUMAN,/core/www/modules//consensus/?run_id=110202&search_id=114132&scans_id=110198&peptide_id=36737&scanf=44232&charge=2&value=sp|Q7Z478|DHX29_HUMAN,0,/core/www/modules/match_peptides/blast_html4.php?run_id=110202&search_id=114132&scans_id=110198&peptide_id=36737&scanf=44232&charge=2&value=0,K.ILQIITELIK.T,/core/www/modules/show_out/show_out_wrapper.php?run_id=110202&search_id=114132&scans_id=110198&peptide_id=36737&scanf=44232&charge=2&value=K.ILQIITELIK.T,DHX29,2.829e+6,2.659,0.012,1.905,0.000
44233,2,"  3.417","  0.587",12/22,/core/www/modules//sdig/index.php?run_id=110202&search_id=114132&scans_id=110198&peptide_id=36738&scanf=44233&charge=2&value=12/22,sp|O60287|NPA1P_HUMAN,/core/www/modules//consensus/?run_id=110202&search_id=114132&scans_id=110198&peptide_id=36738&scanf=44233&charge=2&value=sp|O60287|NPA1P_HUMAN,0,/core/www/modules/match_peptides/blast_html4.php?run_id=110202&search_id=114132&scans_id=110198&peptide_id=36738&scanf=44233&charge=2&value=0,R.ISTINILLSTLK.T,/core/www/modules/show_out/show_out_wrapper.php?run_id=110202&search_id=114132&scans_id=110198&peptide_id=36738&scanf=44233&charge=2&value=R.ISTINILLSTLK.T,URB1,3.337e+6,3.476,0.001,3.112,0.000
44235,3,"  3.373","  0.531",18/88,/core/www/modules//sdig/index.php?run_id=110202&search_id=114132&scans_id=110198&peptide_id=36740&scanf=44235&charge=3&value=18/88,sp|Q9HC38|GLOD4_HUMAN,/core/www/modules//consensus/?run_id=110202&search_id=114132&scans_id=110198&peptide_id=36740&scanf=44235&charge=3&value=sp|Q9HC38|GLOD4_HUMAN,1,/core/www/modules/match_peptides/blast_html4.php?run_id=110202&search_id=114132&scans_id=110198&peptide_id=36740&scanf=44235&charge=3&value=1,R.KLEWPLTEVAEGVFETEAPGGYK.F,/core/www/modules/show_out/show_out_wrapper.php?run_id=110202&search_id=114132&scans_id=110198&peptide_id=36740&scanf=44235&charge=3&value=R.KLEWPLTEVAEGVFETEAPGGYK.F,GLOD4,8.467e+5,2.533,0.019,1.722,0.000
44241,2,"  3.422","  0.586",16/26,/core/www/modules//sdig/index.php?run_id=110202&search_id=114132&scans_id=110198&peptide_id=36747&scanf=44241&charge=2&value=16/26,sp|P19387|RPB3_HUMAN,/core/www/modules//consensus/?run_id=110202&search_id=114132&scans_id=110198&peptide_id=36747&scanf=44241&charge=2&value=sp|P19387|RPB3_HUMAN,0,/core/www/modules/match_peptides/blast_html4.php?run_id=110202&search_id=114132&scans_id=110198&peptide_id=36747&scanf=44241&charge=2&value=0,R.LGLIPLISDDIVDK.L,/core/www/modules/show_out/show_out_wrapper.php?run_id=110202&search_id=114132&scans_id=110198&peptide_id=36747&scanf=44241&charge=2&value=R.LGLIPLISDDIVDK.L,POLR2C,2.676e+7,3.446,0.001,3.068,0.000
44243,2,"  2.098","  0.437",9/22,/core/www/modules//sdig/index.php?run_id=110202&search_id=114132&scans_id=110198&peptide_id=36749&scanf=44243&charge=2&value=9/22,sp|Q8WYQ5|DGCR8_HUMAN,/core/www/modules//consensus/?run_id=110202&search_id=114132&scans_id=110198&peptide_id=36749&scanf=44243&charge=2&value=sp|Q8WYQ5|DGCR8_HUMAN,0,/core/www/modules/match_peptides/blast_html4.php?run_id=110202&search_id=114132&scans_id=110198&peptide_id=36749&scanf=44243&charge=2&value=0,R.ATLEILIPDFVK.Q,/core/www/modules/show_out/show_out_wrapper.php?run_id=110202&search_id=114132&scans_id=110198&peptide_id=36749&scanf=44243&charge=2&value=R.ATLEILIPDFVK.Q,DGCR8,1.123e+6,2.604,0.015,1.826,0.000
44247,3,"  3.928","  0.563",18/72,/core/www/modules//sdig/index.php?run_id=110202&search_id=114132&scans_id=110198&peptide_id=36752&scanf=44247&charge=3&value=18/72,sp|O14497|ARI1A_HUMAN,/core/www/modules//consensus/?run_id=110202&search_id=114132&scans_id=110198&peptide_id=36752&scanf=44247&charge=3&value=sp|O14497|ARI1A_HUMAN,2,/core/www/modules/match_peptides/blast_html4.php?run_id=110202&search_id=114132&scans_id=110198&peptide_id=36752&scanf=44247&charge=3&value=2,R.EMAVVLLANLAQGDSLAAR.A,/core/www/modules/show_out/show_out_wrapper.php?run_id=110202&search_id=114132&scans_id=110198&peptide_id=36752&scanf=44247&charge=3&value=R.EMAVVLLANLAQGDSLAAR.A,ARID1A,9.899e+6,3.197,0.002,2.699,0.000
44248,3,"  3.609","  0.675",18/60,/core/www/modules//sdig/index.php?run_id=110202&search_id=114132&scans_id=110198&peptide_id=36753&scanf=44248&charge=3&value=18/60,sp|P13010|XRCC5_HUMAN,/core/www/modules//consensus/?run_id=110202&search_id=114132&scans_id=110198&peptide_id=36753&scanf=44248&charge=3&value=sp|P13010|XRCC5_HUMAN,1,/core/www/modules/match_peptides/blast_html4.php?run_id=110202&search_id=114132&scans_id=110198&peptide_id=36753&scanf=44248&charge=3&value=1,R.HLM*LPDFDLLEDIESK.I,/core/www/modules/show_out/show_out_wrapper.php?run_id=110202&search_id=114132&scans_id=110198&peptide_id=36753&scanf=44248&charge=3&value=R.HLM*LPDFDLLEDIESK.I,XRCC5,5.980e+6,3.848,0.000,3.665,0.000
44249,2,"  3.498","  0.581",14/28,/core/www/modules//sdig/index.php?run_id=110202&search_id=114132&scans_id=110198&peptide_id=36754&scanf=44249&charge=2&value=14/28,sp|Q9Y314|NOSIP_HUMAN,/core/www/modules//consensus/?run_id=110202&search_id=114132&scans_id=110198&peptide_id=36754&scanf=44249&charge=2&value=sp|Q9Y314|NOSIP_HUMAN,3,/core/www/modules/match_peptides/blast_html4.php?run_id=110202&search_id=114132&scans_id=110198&peptide_id=36754&scanf=44249&charge=2&value=3,K.VLPSFWIPSLTPEAK.A,/core/www/modules/show_out/show_out_wrapper.php?run_id=110202&search_id=114132&scans_id=110198&peptide_id=36754&scanf=44249&charge=2&value=K.VLPSFWIPSLTPEAK.A,NOSIP,5.947e+6,3.244,0.002,2.769,0.000
44251,3,"  4.939","  0.728",20/76,/core/www/modules//sdig/index.php?run_id=110202&search_id=114132&scans_id=110198&peptide_id=36757&scanf=44251&charge=3&value=20/76,sp|Q16822|PCKGM_HUMAN,/core/www/modules//consensus/?run_id=110202&search_id=114132&scans_id=110198&peptide_id=36757&scanf=44251&charge=3&value=sp|Q16822|PCKGM_HUMAN,2,/core/www/modules/match_peptides/blast_html4.php?run_id=110202&search_id=114132&scans_id=110198&peptide_id=36757&scanf=44251&charge=3&value=2,R.DEGWLAEHMLILGITSPAGK.K,/core/www/modules/show_out/show_out_wrapper.php?run_id=110202&search_id=114132&scans_id=110198&peptide_id=36757&scanf=44251&charge=3&value=R.DEGWLAEHMLILGITSPAGK.K,PCK2,5.227e+6,3.780,0.000,3.563,0.000
44253,2,"  2.094","  0.167",9/18,/core/www/modules//sdig/index.php?run_id=110202&search_id=114132&scans_id=110198&peptide_id=36759&scanf=44253&charge=2&value=9/18,sp|A5YKK6|CNOT1_HUMAN,/core/www/modules//consensus/?run_id=110202&search_id=114132&scans_id=110198&peptide_id=36759&scanf=44253&charge=2&value=sp|A5YKK6|CNOT1_HUMAN,0,/core/www/modules/match_peptides/blast_html4.php?run_id=110202&search_id=114132&scans_id=110198&peptide_id=36759&scanf=44253&charge=2&value=0,K.SLDLIESLLR.L,/core/www/modules/show_out/show_out_wrapper.php?run_id=110202&search_id=114132&scans_id=110198&peptide_id=36759&scanf=44253&charge=2&value=K.SLDLIESLLR.L,CNOT1,3.325e+6,1.977,0.114,0.942,0.005
44254,2,"  3.708","  0.566",15/26,/core/www/modules//sdig/index.php?run_id=110202&search_id=114132&scans_id=110198&peptide_id=36760&scanf=44254&charge=2&value=15/26,sp|P49643|PRI2_HUMAN,/core/www/modules//consensus/?run_id=110202&search_id=114132&scans_id=110198&peptide_id=36760&scanf=44254&charge=2&value=sp|P49643|PRI2_HUMAN,1,/core/www/modules/match_peptides/blast_html4.php?run_id=110202&search_id=114132&scans_id=110198&peptide_id=36760&scanf=44254&charge=2&value=1,K.ISPGGISQILDLVK.G,/core/www/modules/show_out/show_out_wrapper.php?run_id=110202&search_id=114132&scans_id=110198&peptide_id=36760&scanf=44254&charge=2&value=K.ISPGGISQILDLVK.G,PRIM2,6.070e+6,3.362,0.001,2.944,0.000
44256,2,"  3.516","  0.668",15/26,/core/www/modules//sdig/index.php?run_id=110202&search_id=114132&scans_id=110198&peptide_id=36762&scanf=44256&charge=2&value=15/26,sp|Q9Y295|DRG1_HUMAN,/core/www/modules//consensus/?run_id=110202&search_id=114132&scans_id=110198&peptide_id=36762&scanf=44256&charge=2&value=sp|Q9Y295|DRG1_HUMAN,0,/core/www/modules/match_peptides/blast_html4.php?run_id=110202&search_id=114132&scans_id=110198&peptide_id=36762&scanf=44256&charge=2&value=0,K.IQLLDLPGIIEGAK.D,/core/www/modules/show_out/show_out_wrapper.php?run_id=110202&search_id=114132&scans_id=110198&peptide_id=36762&scanf=44256&charge=2&value=K.IQLLDLPGIIEGAK.D,DRG1,1.852e+7,3.679,0.000,3.413,0.000
44261,3,"  3.467","  0.540",17/56,/core/www/modules//sdig/index.php?run_id=110202&search_id=114132&scans_id=110198&peptide_id=36768&scanf=44261&charge=3&value=17/56,sp|Q14669|TRIPC_HUMAN,/core/www/modules//consensus/?run_id=110202&search_id=114132&scans_id=110198&peptide_id=36768&scanf=44261&charge=3&value=sp|Q14669|TRIPC_HUMAN,2,/core/www/modules/match_peptides/blast_html4.php?run_id=110202&search_id=114132&scans_id=110198&peptide_id=36768&scanf=44261&charge=3&value=2,R.IIYFADAELLKDVLK.N,/core/www/modules/show_out/show_out_wrapper.php?run_id=110202&search_id=114132&scans_id=110198&peptide_id=36768&scanf=44261&charge=3&value=R.IIYFADAELLKDVLK.N,TRIP12,1.404e+6,3.082,0.003,2.529,0.000
44264,2,"  5.395","  0.679",19/34,/core/www/modules//sdig/index.php?run_id=110202&search_id=114132&scans_id=110198&peptide_id=36771&scanf=44264&charge=2&value=19/34,sp|P05455|LA_HUMAN,/core/www/modules//consensus/?run_id=110202&search_id=114132&scans_id=110198&peptide_id=36771&scanf=44264&charge=2&value=sp|P05455|LA_HUMAN,2,/core/www/modules/match_peptides/blast_html4.php?run_id=110202&search_id=114132&scans_id=110198&peptide_id=36771&scanf=44264&charge=2&value=2,K.GFPTDATLDDIKEWLEDK.G,/core/www/modules/show_out/show_out_wrapper.php?run_id=110202&search_id=114132&scans_id=110198&peptide_id=36771&scanf=44264&charge=2&value=K.GFPTDATLDDIKEWLEDK.G,SSB,1.024e+6,3.429,0.001,3.042,0.000
44265,3,"  3.442","  0.710",18/44,/core/www/modules//sdig/index.php?run_id=110202&search_id=114132&scans_id=110198&peptide_id=36772&scanf=44265&charge=3&value=18/44,sp|P61313|RL15_HUMAN,/core/www/modules//consensus/?run_id=110202&search_id=114132&scans_id=110198&peptide_id=36772&scanf=44265&charge=3&value=sp|P61313|RL15_HUMAN,3,/core/www/modules/match_peptides/blast_html4.php?run_id=110202&search_id=114132&scans_id=110198&peptide_id=36772&scanf=44265&charge=3&value=3,K.FFEVILIDPFHK.A,/core/www/modules/show_out/show_out_wrapper.php?run_id=110202&search_id=114132&scans_id=110198&peptide_id=36772&scanf=44265&charge=3&value=K.FFEVILIDPFHK.A,RPL15,2.454e+7,4.115,0.000,4.060,0.000
44268,2,"  2.614","  0.612",12/22,/core/www/modules//sdig/index.php?run_id=110202&search_id=114132&scans_id=110198&peptide_id=36774&scanf=44268&charge=2&value=12/22,sp|P08195|4F2_HUMAN,/core/www/modules//consensus/?run_id=110202&search_id=114132&scans_id=110198&peptide_id=36774&scanf=44268&charge=2&value=sp|P08195|4F2_HUMAN,13,/core/www/modules/match_peptides/blast_html4.php?run_id=110202&search_id=114132&scans_id=110198&peptide_id=36774&scanf=44268&charge=2&value=13,R.LLTSFLPAQLLR.L,/core/www/modules/show_out/show_out_wrapper.php?run_id=110202&search_id=114132&scans_id=110198&peptide_id=36774&scanf=44268&charge=2&value=R.LLTSFLPAQLLR.L,SLC3A2,1.022e+7,3.438,0.001,3.056,0.000
44274,3,"  2.376","  0.533",14/108,/core/www/modules//sdig/index.php?run_id=110202&search_id=114132&scans_id=110198&peptide_id=36781&scanf=44274&charge=3&value=14/108,sp|Q15061|WDR43_HUMAN,/core/www/modules//consensus/?run_id=110202&search_id=114132&scans_id=110198&peptide_id=36781&scanf=44274&charge=3&value=sp|Q15061|WDR43_HUMAN,0,/core/www/modules/match_peptides/blast_html4.php?run_id=110202&search_id=114132&scans_id=110198&peptide_id=36781&scanf=44274&charge=3&value=0,K.GKEDLQTNSFPVLLTQGLESNDFEMLNK.V,/core/www/modules/show_out/show_out_wrapper.php?run_id=110202&search_id=114132&scans_id=110198&peptide_id=36781&scanf=44274&charge=3&value=K.GKEDLQTNSFPVLLTQGLESNDFEMLNK.V,WDR43,1.210e+6,2.180,0.061,1.218,0.002
44276,3,"  6.191","  0.558",19/92,/core/www/modules//sdig/index.php?run_id=110202&search_id=114132&scans_id=110198&peptide_id=36783&scanf=44276&charge=3&value=19/92,sp|Q8N201|INT1_HUMAN,/core/www/modules//consensus/?run_id=110202&search_id=114132&scans_id=110198&peptide_id=36783&scanf=44276&charge=3&value=sp|Q8N201|INT1_HUMAN,0,/core/www/modules/match_peptides/blast_html4.php?run_id=110202&search_id=114132&scans_id=110198&peptide_id=36783&scanf=44276&charge=3&value=0,K.QTITESSSLLLSQLTSLDPQGPPR.R,/core/www/modules/show_out/show_out_wrapper.php?run_id=110202&search_id=114132&scans_id=110198&peptide_id=36783&scanf=44276&charge=3&value=K.QTITESSSLLLSQLTSLDPQGPPR.R,INTS1,7.629e+5,3.014,0.004,2.429,0.000
44279,3,"  1.979","  0.436",12/52,/core/www/modules//sdig/index.php?run_id=110202&search_id=114132&scans_id=110198&peptide_id=36786&scanf=44279&charge=3&value=12/52,sp|P08670|VIME_HUMAN,/core/www/modules//consensus/?run_id=110202&search_id=114132&scans_id=110198&peptide_id=36786&scanf=44279&charge=3&value=sp|P08670|VIME_HUMAN,1,/core/www/modules/match_peptides/blast_html4.php?run_id=110202&search_id=114132&scans_id=110198&peptide_id=36786&scanf=44279&charge=3&value=1,R.ISLPLPNFSSLNLR.E,/core/www/modules/show_out/show_out_wrapper.php?run_id=110202&search_id=114132&scans_id=110198&peptide_id=36786&scanf=44279&charge=3&value=R.ISLPLPNFSSLNLR.E,VIM,1.071e+8,3.155,0.002,2.637,0.000
44282,3,"  2.538","  0.448",11/52,/core/www/modules//sdig/index.php?run_id=110202&search_id=114132&scans_id=110198&peptide_id=36790&scanf=44282&charge=3&value=11/52,sp|P78527|PRKDC_HUMAN,/core/www/modules//consensus/?run_id=110202&search_id=114132&scans_id=110198&peptide_id=36790&scanf=44282&charge=3&value=sp|P78527|PRKDC_HUMAN,0,/core/www/modules/match_peptides/blast_html4.php?run_id=110202&search_id=114132&scans_id=110198&peptide_id=36790&scanf=44282&charge=3&value=0,R.EM*KPVIFLDVFLPR.V,/core/www/modules/show_out/show_out_wrapper.php?run_id=110202&search_id=114132&scans_id=110198&peptide_id=36790&scanf=44282&charge=3&value=R.EM*KPVIFLDVFLPR.V,PRKDC,3.201e+6,3.642,0.000,3.359,0.000
44283,3,"  5.662","  0.684",25/108,/core/www/modules//sdig/index.php?run_id=110202&search_id=114132&scans_id=110198&peptide_id=36791&scanf=44283&charge=3&value=25/108,sp|Q9Y6V7|DDX49_HUMAN,/core/www/modules//consensus/?run_id=110202&search_id=114132&scans_id=110198&peptide_id=36791&scanf=44283&charge=3&value=sp|Q9Y6V7|DDX49_HUMAN,0,/core/www/modules/match_peptides/blast_html4.php?run_id=110202&search_id=114132&scans_id=110198&peptide_id=36791&scanf=44283&charge=3&value=0,R.ELQGLATNQPFFWEAQAPVSTVEQLDQR.Y,/core/www/modules/show_out/show_out_wrapper.php?run_id=110202&search_id=114132&scans_id=110198&peptide_id=36791&scanf=44283&charge=3&value=R.ELQGLATNQPFFWEAQAPVSTVEQLDQR.Y,DDX49,1.586e+6,3.359,0.001,2.939,0.000
44286,3,"  1.808","  0.321",10/64,/core/www/modules//sdig/index.php?run_id=110202&search_id=114132&scans_id=110198&peptide_id=36794&scanf=44286&charge=3&value=10/64,sp|Q8IWV7|UBR1_HUMAN,/core/www/modules//consensus/?run_id=110202&search_id=114132&scans_id=110198&peptide_id=36794&scanf=44286&charge=3&value=sp|Q8IWV7|UBR1_HUMAN,0,/core/www/modules/match_peptides/blast_html4.php?run_id=110202&search_id=114132&scans_id=110198&peptide_id=36794&scanf=44286&charge=3&value=0,K.INSENADALAQLLTLAR.W,/core/www/modules/show_out/show_out_wrapper.php?run_id=110202&search_id=114132&scans_id=110198&peptide_id=36794&scanf=44286&charge=3&value=K.INSENADALAQLLTLAR.W,UBR1,8.961e+5,2.121,0.073,1.135,0.002
44289,2,"  1.980","  0.266",10/26,/core/www/modules//sdig/index.php?run_id=110202&search_id=114132&scans_id=110198&peptide_id=36796&scanf=44289&charge=2&value=10/26,sp|P08670|VIME_HUMAN,/core/www/modules//consensus/?run_id=110202&search_id=114132&scans_id=110198&peptide_id=36796&scanf=44289&charge=2&value=sp|P08670|VIME_HUMAN,1,/core/www/modules/match_peptides/blast_html4.php?run_id=110202&search_id=114132&scans_id=110198&peptide_id=36796&scanf=44289&charge=2&value=1,R.ISLPLPNFSSLNLR.E,/core/www/modules/show_out/show_out_wrapper.php?run_id=110202&search_id=114132&scans_id=110198&peptide_id=36796&scanf=44289&charge=2&value=R.ISLPLPNFSSLNLR.E,VIM,5.409e+8,2.167,0.063,1.200,0.002
44291,2,"  2.334","  0.572",12/16,/core/www/modules//sdig/index.php?run_id=110202&search_id=114132&scans_id=110198&peptide_id=36799&scanf=44291&charge=2&value=12/16,sp|Q9BXK5|B2L13_HUMAN,/core/www/modules//consensus/?run_id=110202&search_id=114132&scans_id=110198&peptide_id=36799&scanf=44291&charge=2&value=sp|Q9BXK5|B2L13_HUMAN,1,/core/www/modules/match_peptides/blast_html4.php?run_id=110202&search_id=114132&scans_id=110198&peptide_id=36799&scanf=44291&charge=2&value=1,K.ILVPLVLLR.Q,/core/www/modules/show_out/show_out_wrapper.php?run_id=110202&search_id=114132&scans_id=110198&peptide_id=36799&scanf=44291&charge=2&value=K.ILVPLVLLR.Q,BCL2L13,2.039e+7,3.721,0.000,3.476,0.000
44292,3,"  3.565","  0.605",13/64,/core/www/modules//sdig/index.php?run_id=110202&search_id=114132&scans_id=110198&peptide_id=36800&scanf=44292&charge=3&value=13/64,sp|Q10570|CPSF1_HUMAN,/core/www/modules//consensus/?run_id=110202&search_id=114132&scans_id=110198&peptide_id=36800&scanf=44292&charge=3&value=sp|Q10570|CPSF1_HUMAN,0,/core/www/modules/match_peptides/blast_html4.php?run_id=110202&search_id=114132&scans_id=110198&peptide_id=36800&scanf=44292&charge=3&value=0,R.ISVLPAYLSYDAPWPVR.K,/core/www/modules/show_out/show_out_wrapper.php?run_id=110202&search_id=114132&scans_id=110198&peptide_id=36800&scanf=44292&charge=3&value=R.ISVLPAYLSYDAPWPVR.K,CPSF1,2.345e+6,3.326,0.001,2.891,0.000
44295,3,"  3.228","  0.531",13/52,/core/www/modules//sdig/index.php?run_id=110202&search_id=114132&scans_id=110198&peptide_id=36803&scanf=44295&charge=3&value=13/52,sp|P78527|PRKDC_HUMAN,/core/www/modules//consensus/?run_id=110202&search_id=114132&scans_id=110198&peptide_id=36803&scanf=44295&charge=3&value=sp|P78527|PRKDC_HUMAN,0,/core/www/modules/match_peptides/blast_html4.php?run_id=110202&search_id=114132&scans_id=110198&peptide_id=36803&scanf=44295&charge=3&value=0,R.EM*KPVIFLDVFLPR.V,/core/www/modules/show_out/show_out_wrapper.php?run_id=110202&search_id=114132&scans_id=110198&peptide_id=36803&scanf=44295&charge=3&value=R.EM*KPVIFLDVFLPR.V,PRKDC,3.201e+6,4.006,0.000,3.899,0.000
44296,3,"  5.426","  0.686",17/68,/core/www/modules//sdig/index.php?run_id=110202&search_id=114132&scans_id=110198&peptide_id=36804&scanf=44296&charge=3&value=17/68,sp|Q9HCS7|SYF1_HUMAN,/core/www/modules//consensus/?run_id=110202&search_id=114132&scans_id=110198&peptide_id=36804&scanf=44296&charge=3&value=sp|Q9HCS7|SYF1_HUMAN,0,/core/www/modules/match_peptides/blast_html4.php?run_id=110202&search_id=114132&scans_id=110198&peptide_id=36804&scanf=44296&charge=3&value=0,R.IATPQIVINYAMFLEEHK.Y,/core/www/modules/show_out/show_out_wrapper.php?run_id=110202&search_id=114132&scans_id=110198&peptide_id=36804&scanf=44296&charge=3&value=R.IATPQIVINYAMFLEEHK.Y,XAB2,1.818e+6,3.722,0.000,3.478,0.000
44298,3,"  3.069","  0.454",16/52,/core/www/modules//sdig/index.php?run_id=110202&search_id=114132&scans_id=110198&peptide_id=36806&scanf=44298&charge=3&value=16/52,sp|Q8NBL1|PGLT1_HUMAN,/core/www/modules//consensus/?run_id=110202&search_id=114132&scans_id=110198&peptide_id=36806&scanf=44298&charge=3&value=sp|Q8NBL1|PGLT1_HUMAN,0,/core/www/modules/match_peptides/blast_html4.php?run_id=110202&search_id=114132&scans_id=110198&peptide_id=36806&scanf=44298&charge=3&value=0,K.TDLSNVQELLQFVK.A,/core/www/modules/show_out/show_out_wrapper.php?run_id=110202&search_id=114132&scans_id=110198&peptide_id=36806&scanf=44298&charge=3&value=K.TDLSNVQELLQFVK.A,POGLUT1,1.425e+6,2.991,0.004,2.394,0.000
44300,3,"  5.132","  0.681",15/80,/core/www/modules//sdig/index.php?run_id=110202&search_id=114132&scans_id=110198&peptide_id=36809&scanf=44300&charge=3&value=15/80,sp|Q14011|CIRBP_HUMAN,/core/www/modules//consensus/?run_id=110202&search_id=114132&scans_id=110198&peptide_id=36809&scanf=44300&charge=3&value=sp|Q14011|CIRBP_HUMAN,14,/core/www/modules/match_peptides/blast_html4.php?run_id=110202&search_id=114132&scans_id=110198&peptide_id=36809&scanf=44300&charge=3&value=14,K.LFVGGLSFDTNEQSLEQVFSK.Y,/core/www/modules/show_out/show_out_wrapper.php?run_id=110202&search_id=114132&scans_id=110198&peptide_id=36809&scanf=44300&charge=3&value=K.LFVGGLSFDTNEQSLEQVFSK.Y,CIRBP,3.635e+7,3.481,0.001,3.120,0.000
44302,2,"  2.465","  0.585",11/14,/core/www/modules//sdig/index.php?run_id=110202&search_id=114132&scans_id=110198&peptide_id=36811&scanf=44302&charge=2&value=11/14,sp|Q93074|MED12_HUMAN,/core/www/modules//consensus/?run_id=110202&search_id=114132&scans_id=110198&peptide_id=36811&scanf=44302&charge=2&value=sp|Q93074|MED12_HUMAN,7,/core/www/modules/match_peptides/blast_html4.php?run_id=110202&search_id=114132&scans_id=110198&peptide_id=36811&scanf=44302&charge=2&value=7,K.LLLPLLLR.Y,/core/www/modules/show_out/show_out_wrapper.php?run_id=110202&search_id=114132&scans_id=110198&peptide_id=36811&scanf=44302&charge=2&value=K.LLLPLLLR.Y,MED12,7.958e+6,3.888,0.000,3.723,0.000
44306,2,"  4.492","  0.717",18/32,/core/www/modules//sdig/index.php?run_id=110202&search_id=114132&scans_id=110198&peptide_id=36815&scanf=44306&charge=2&value=18/32,sp|Q13510|ASAH1_HUMAN,/core/www/modules//consensus/?run_id=110202&search_id=114132&scans_id=110198&peptide_id=36815&scanf=44306&charge=2&value=sp|Q13510|ASAH1_HUMAN,20,/core/www/modules/match_peptides/blast_html4.php?run_id=110202&search_id=114132&scans_id=110198&peptide_id=36815&scanf=44306&charge=2&value=20,K.LPGLLGNFPGPFEEEMK.G,/core/www/modules/show_out/show_out_wrapper.php?run_id=110202&search_id=114132&scans_id=110198&peptide_id=36815&scanf=44306&charge=2&value=K.LPGLLGNFPGPFEEEMK.G,ASAH1,1.304e+6,3.566,0.001,3.246,0.000
44307,3,"  2.482","  0.465",15/60,/core/www/modules//sdig/index.php?run_id=110202&search_id=114132&scans_id=110198&peptide_id=36816&scanf=44307&charge=3&value=15/60,sp|Q15833|STXB2_HUMAN,/core/www/modules//consensus/?run_id=110202&search_id=114132&scans_id=110198&peptide_id=36816&scanf=44307&charge=3&value=sp|Q15833|STXB2_HUMAN,3,/core/www/modules/match_peptides/blast_html4.php?run_id=110202&search_id=114132&scans_id=110198&peptide_id=36816&scanf=44307&charge=3&value=3,K.LIVPVLLDAAVPAYDK.I,/core/www/modules/show_out/show_out_wrapper.php?run_id=110202&search_id=114132&scans_id=110198&peptide_id=36816&scanf=44307&charge=3&value=K.LIVPVLLDAAVPAYDK.I,STXBP2,2.115e+6,2.795,0.008,2.106,0.000
44310,3,"  2.252","  0.338",14/56,/core/www/modules//sdig/index.php?run_id=110202&search_id=114132&scans_id=110198&peptide_id=36819&scanf=44310&charge=3&value=14/56,sp|Q86U38|NOP9_HUMAN,/core/www/modules//consensus/?run_id=110202&search_id=114132&scans_id=110198&peptide_id=36819&scanf=44310&charge=3&value=sp|Q86U38|NOP9_HUMAN,1,/core/www/modules/match_peptides/blast_html4.php?run_id=110202&search_id=114132&scans_id=110198&peptide_id=36819&scanf=44310&charge=3&value=1,R.TLLQVLGGTILESER.A,/core/www/modules/show_out/show_out_wrapper.php?run_id=110202&search_id=114132&scans_id=110198&peptide_id=36819&scanf=44310&charge=3&value=R.TLLQVLGGTILESER.A,NOP9,3.050e+7,2.458,0.024,1.613,0.001
44313,2,"  3.159","  0.482",10/24,/core/www/modules//sdig/index.php?run_id=110202&search_id=114132&scans_id=110198&peptide_id=36822&scanf=44313&charge=2&value=10/24,sp|Q9H583|HEAT1_HUMAN,/core/www/modules//consensus/?run_id=110202&search_id=114132&scans_id=110198&peptide_id=36822&scanf=44313&charge=2&value=sp|Q9H583|HEAT1_HUMAN,1,/core/www/modules/match_peptides/blast_html4.php?run_id=110202&search_id=114132&scans_id=110198&peptide_id=36822&scanf=44313&charge=2&value=1,K.VSLLNEQFLPLIR.L,/core/www/modules/show_out/show_out_wrapper.php?run_id=110202&search_id=114132&scans_id=110198&peptide_id=36822&scanf=44313&charge=2&value=K.VSLLNEQFLPLIR.L,HEATR1,4.208e+6,2.895,0.006,2.253,0.000
44315,2,"  4.741","  0.741",18/32,/core/www/modules//sdig/index.php?run_id=110202&search_id=114132&scans_id=110198&peptide_id=36824&scanf=44315&charge=2&value=18/32,sp|Q13510|ASAH1_HUMAN,/core/www/modules//consensus/?run_id=110202&search_id=114132&scans_id=110198&peptide_id=36824&scanf=44315&charge=2&value=sp|Q13510|ASAH1_HUMAN,20,/core/www/modules/match_peptides/blast_html4.php?run_id=110202&search_id=114132&scans_id=110198&peptide_id=36824&scanf=44315&charge=2&value=20,K.LPGLLGNFPGPFEEEMK.G,/core/www/modules/show_out/show_out_wrapper.php?run_id=110202&search_id=114132&scans_id=110198&peptide_id=36824&scanf=44315&charge=2&value=K.LPGLLGNFPGPFEEEMK.G,ASAH1,1.304e+6,3.838,0.000,3.649,0.000
44317,3,"  2.781","  0.526",11/68,/core/www/modules//sdig/index.php?run_id=110202&search_id=114132&scans_id=110198&peptide_id=36826&scanf=44317&charge=3&value=11/68,sp|P04350|TBB4A_HUMAN,/core/www/modules//consensus/?run_id=110202&search_id=114132&scans_id=110198&peptide_id=36826&scanf=44317&charge=3&value=sp|P04350|TBB4A_HUMAN,6,/core/www/modules/match_peptides/blast_html4.php?run_id=110202&search_id=114132&scans_id=110198&peptide_id=36826&scanf=44317&charge=3&value=6,K.GHYTEGAELVDAVLDVVR.K,/core/www/modules/show_out/show_out_wrapper.php?run_id=110202&search_id=114132&scans_id=110198&peptide_id=36826&scanf=44317&charge=3&value=K.GHYTEGAELVDAVLDVVR.K,TUBB4A,2.631e+6,2.714,0.010,1.987,0.000
44326,2,"  4.863","  0.713",18/26,/core/www/modules//sdig/index.php?run_id=110202&search_id=114132&scans_id=110198&peptide_id=36836&scanf=44326&charge=2&value=18/26,sp|P07814|SYEP_HUMAN,/core/www/modules//consensus/?run_id=110202&search_id=114132&scans_id=110198&peptide_id=36836&scanf=44326&charge=2&value=sp|P07814|SYEP_HUMAN,1,/core/www/modules/match_peptides/blast_html4.php?run_id=110202&search_id=114132&scans_id=110198&peptide_id=36836&scanf=44326&charge=2&value=1,K.DQVDIAVQELLQLK.A,/core/www/modules/show_out/show_out_wrapper.php?run_id=110202&search_id=114132&scans_id=110198&peptide_id=36836&scanf=44326&charge=2&value=K.DQVDIAVQELLQLK.A,EPRS1,4.213e+6,4.124,0.000,4.074,0.000
44328,2,"  3.328","  0.591",11/20,/core/www/modules//sdig/index.php?run_id=110202&search_id=114132&scans_id=110198&peptide_id=36838&scanf=44328&charge=2&value=11/20,sp|Q6KC79|NIPBL_HUMAN,/core/www/modules//consensus/?run_id=110202&search_id=114132&scans_id=110198&peptide_id=36838&scanf=44328&charge=2&value=sp|Q6KC79|NIPBL_HUMAN,1,/core/www/modules/match_peptides/blast_html4.php?run_id=110202&search_id=114132&scans_id=110198&peptide_id=36838&scanf=44328&charge=2&value=1,R.TAQNFLSIFLK.K,/core/www/modules/show_out/show_out_wrapper.php?run_id=110202&search_id=114132&scans_id=110198&peptide_id=36838&scanf=44328&charge=2&value=R.TAQNFLSIFLK.K,NIPBL,1.468e+7,3.500,0.001,3.148,0.000
44331,2,"  3.275","  0.712",14/22,/core/www/modules//sdig/index.php?run_id=110202&search_id=114132&scans_id=110198&peptide_id=36841&scanf=44331&charge=2&value=14/22,sp|Q13416|ORC2_HUMAN,/core/www/modules//consensus/?run_id=110202&search_id=114132&scans_id=110198&peptide_id=36841&scanf=44331&charge=2&value=sp|Q13416|ORC2_HUMAN,0,/core/www/modules/match_peptides/blast_html4.php?run_id=110202&search_id=114132&scans_id=110198&peptide_id=36841&scanf=44331&charge=2&value=0,R.SILDQLDWIVNK.F,/core/www/modules/show_out/show_out_wrapper.php?run_id=110202&search_id=114132&scans_id=110198&peptide_id=36841&scanf=44331&charge=2&value=R.SILDQLDWIVNK.F,ORC2,5.922e+6,3.921,0.000,3.772,0.000
44337,2,"  3.711","  0.639",14/22,/core/www/modules//sdig/index.php?run_id=110202&search_id=114132&scans_id=110198&peptide_id=36847&scanf=44337&charge=2&value=14/22,sp|P52739|ZN131_HUMAN,/core/www/modules//consensus/?run_id=110202&search_id=114132&scans_id=110198&peptide_id=36847&scanf=44337&charge=2&value=sp|P52739|ZN131_HUMAN,5,/core/www/modules/match_peptides/blast_html4.php?run_id=110202&search_id=114132&scans_id=110198&peptide_id=36847&scanf=44337&charge=2&value=5,K.AAEFLQMLEAIK.A,/core/www/modules/show_out/show_out_wrapper.php?run_id=110202&search_id=114132&scans_id=110198&peptide_id=36847&scanf=44337&charge=2&value=K.AAEFLQMLEAIK.A,ZNF131,2.046e+6,3.725,0.000,3.481,0.000
44338,3,"  3.676","  0.606",18/56,/core/www/modules//sdig/index.php?run_id=110202&search_id=114132&scans_id=110198&peptide_id=36848&scanf=44338&charge=3&value=18/56,sp|O95373|IPO7_HUMAN,/core/www/modules//consensus/?run_id=110202&search_id=114132&scans_id=110198&peptide_id=36848&scanf=44338&charge=3&value=sp|O95373|IPO7_HUMAN,1,/core/www/modules/match_peptides/blast_html4.php?run_id=110202&search_id=114132&scans_id=110198&peptide_id=36848&scanf=44338&charge=3&value=1,R.SPLVAAMQHFLPVLK.D,/core/www/modules/show_out/show_out_wrapper.php?run_id=110202&search_id=114132&scans_id=110198&peptide_id=36848&scanf=44338&charge=3&value=R.SPLVAAMQHFLPVLK.D,IPO7,1.772e+7,3.528,0.001,3.189,0.000
44345,3,"  5.144","  0.565",17/80,/core/www/modules//sdig/index.php?run_id=110202&search_id=114132&scans_id=110198&peptide_id=36856&scanf=44345&charge=3&value=17/80,sp|Q969Y2|GTPB3_HUMAN,/core/www/modules//consensus/?run_id=110202&search_id=114132&scans_id=110198&peptide_id=36856&scanf=44345&charge=3&value=sp|Q969Y2|GTPB3_HUMAN,1,/core/www/modules/match_peptides/blast_html4.php?run_id=110202&search_id=114132&scans_id=110198&peptide_id=36856&scanf=44345&charge=3&value=1,K.LNLTEVEGLADLIHAETEAQR.R,/core/www/modules/show_out/show_out_wrapper.php?run_id=110202&search_id=114132&scans_id=110198&peptide_id=36856&scanf=44345&charge=3&value=K.LNLTEVEGLADLIHAETEAQR.R,GTPBP3,9.413e+5,3.069,0.003,2.509,0.000
44346,3,"  1.607","  0.382",10/44,/core/www/modules//sdig/index.php?run_id=110202&search_id=114132&scans_id=110198&peptide_id=36857&scanf=44346&charge=3&value=10/44,sp|P12956|XRCC6_HUMAN,/core/www/modules//consensus/?run_id=110202&search_id=114132&scans_id=110198&peptide_id=36857&scanf=44346&charge=3&value=sp|P12956|XRCC6_HUMAN,1,/core/www/modules/match_peptides/blast_html4.php?run_id=110202&search_id=114132&scans_id=110198&peptide_id=36857&scanf=44346&charge=3&value=1,R.DTGIFLDLMHLK.K,/core/www/modules/show_out/show_out_wrapper.php?run_id=110202&search_id=114132&scans_id=110198&peptide_id=36857&scanf=44346&charge=3&value=R.DTGIFLDLMHLK.K,XRCC6,1.124e+6,2.794,0.008,2.105,0.000
44348,2,"  1.742","  0.392",6/24,/core/www/modules//sdig/index.php?run_id=110202&search_id=114132&scans_id=110198&peptide_id=36859&scanf=44348&charge=2&value=6/24,sp|O75127|PTCD1_HUMAN,/core/www/modules//consensus/?run_id=110202&search_id=114132&scans_id=110198&peptide_id=36859&scanf=44348&charge=2&value=sp|O75127|PTCD1_HUMAN,1,/core/www/modules/match_peptides/blast_html4.php?run_id=110202&search_id=114132&scans_id=110198&peptide_id=36859&scanf=44348&charge=2&value=1,R.LALIGGLEGFLSK.M,/core/www/modules/show_out/show_out_wrapper.php?run_id=110202&search_id=114132&scans_id=110198&peptide_id=36859&scanf=44348&charge=2&value=R.LALIGGLEGFLSK.M,PTCD1,9.160e+5,2.101,0.078,1.108,0.003
44352,2,"  2.787","  0.406",12/20,/core/www/modules//sdig/index.php?run_id=110202&search_id=114132&scans_id=110198&peptide_id=36862&scanf=44352&charge=2&value=12/20,sp|Q9NU22|MDN1_HUMAN,/core/www/modules//consensus/?run_id=110202&search_id=114132&scans_id=110198&peptide_id=36862&scanf=44352&charge=2&value=sp|Q9NU22|MDN1_HUMAN,0,/core/www/modules/match_peptides/blast_html4.php?run_id=110202&search_id=114132&scans_id=110198&peptide_id=36862&scanf=44352&charge=2&value=0,R.DILSWVNFMNK.M,/core/www/modules/show_out/show_out_wrapper.php?run_id=110202&search_id=114132&scans_id=110198&peptide_id=36862&scanf=44352&charge=2&value=R.DILSWVNFMNK.M,MDN1,6.608e+6,3.178,0.002,2.671,0.000
44353,2,"  3.236","  0.336",15/30,/core/www/modules//sdig/index.php?run_id=110202&search_id=114132&scans_id=110198&peptide_id=36863&scanf=44353&charge=2&value=15/30,sp|P55060|XPO2_HUMAN,/core/www/modules//consensus/?run_id=110202&search_id=114132&scans_id=110198&peptide_id=36863&scanf=44353&charge=2&value=sp|P55060|XPO2_HUMAN,0,/core/www/modules/match_peptides/blast_html4.php?run_id=110202&search_id=114132&scans_id=110198&peptide_id=36863&scanf=44353&charge=2&value=0,K.YGALALQEIFDGIQPK.M,/core/www/modules/show_out/show_out_wrapper.php?run_id=110202&search_id=114132&scans_id=110198&peptide_id=36863&scanf=44353&charge=2&value=K.YGALALQEIFDGIQPK.M,CSE1L,5.311e+6,2.216,0.054,1.268,0.002
44354,4,"  7.110","  0.736",29/150,/core/www/modules//sdig/index.php?run_id=110202&search_id=114132&scans_id=110198&peptide_id=36864&scanf=44354&charge=4&value=29/150,sp|P30101|PDIA3_HUMAN,/core/www/modules//consensus/?run_id=110202&search_id=114132&scans_id=110198&peptide_id=36864&scanf=44354&charge=4&value=sp|P30101|PDIA3_HUMAN,11,/core/www/modules/match_peptides/blast_html4.php?run_id=110202&search_id=114132&scans_id=110198&peptide_id=36864&scanf=44354&charge=4&value=11,K.FISDKDASIVGFFDDSFSEAHSEFLK.A,/core/www/modules/show_out/show_out_wrapper.php?run_id=110202&search_id=114132&scans_id=110198&peptide_id=36864&scanf=44354&charge=4&value=K.FISDKDASIVGFFDDSFSEAHSEFLK.A,PDIA3,6.934e+6,3.824,0.000,3.629,0.000
44355,2,"  3.430","  0.657",16/26,/core/www/modules//sdig/index.php?run_id=110202&search_id=114132&scans_id=110198&peptide_id=36865&scanf=44355&charge=2&value=16/26,sp|Q5C9Z4|NOM1_HUMAN,/core/www/modules//consensus/?run_id=110202&search_id=114132&scans_id=110198&peptide_id=36865&scanf=44355&charge=2&value=sp|Q5C9Z4|NOM1_HUMAN,0,/core/www/modules/match_peptides/blast_html4.php?run_id=110202&search_id=114132&scans_id=110198&peptide_id=36865&scanf=44355&charge=2&value=0,R.DGLDYILGALESGK.N,/core/www/modules/show_out/show_out_wrapper.php?run_id=110202&search_id=114132&scans_id=110198&peptide_id=36865&scanf=44355&charge=2&value=R.DGLDYILGALESGK.N,NOM1,1.264e+7,3.687,0.000,3.425,0.000
44358,2,"  2.953","  0.563",13/20,/core/www/modules//sdig/index.php?run_id=110202&search_id=114132&scans_id=110198&peptide_id=36868&scanf=44358&charge=2&value=13/20,sp|O95251|KAT7_HUMAN,/core/www/modules//consensus/?run_id=110202&search_id=114132&scans_id=110198&peptide_id=36868&scanf=44358&charge=2&value=sp|O95251|KAT7_HUMAN,1,/core/www/modules/match_peptides/blast_html4.php?run_id=110202&search_id=114132&scans_id=110198&peptide_id=36868&scanf=44358&charge=2&value=1,K.MLIDFSYLLSK.V,/core/www/modules/show_out/show_out_wrapper.php?run_id=110202&search_id=114132&scans_id=110198&peptide_id=36868&scanf=44358&charge=2&value=K.MLIDFSYLLSK.V,KAT7,7.601e+6,3.462,0.001,3.092,0.000
44362,3,"  4.070","  0.657",11/60,/core/www/modules//sdig/index.php?run_id=110202&search_id=114132&scans_id=110198&peptide_id=36873&scanf=44362&charge=3&value=11/60,sp|Q8IWJ2|GCC2_HUMAN,/core/www/modules//consensus/?run_id=110202&search_id=114132&scans_id=110198&peptide_id=36873&scanf=44362&charge=3&value=sp|Q8IWJ2|GCC2_HUMAN,10,/core/www/modules/match_peptides/blast_html4.php?run_id=110202&search_id=114132&scans_id=110198&peptide_id=36873&scanf=44362&charge=3&value=10,R.LLPVINTMLQLSPEEK.G,/core/www/modules/show_out/show_out_wrapper.php?run_id=110202&search_id=114132&scans_id=110198&peptide_id=36873&scanf=44362&charge=3&value=R.LLPVINTMLQLSPEEK.G,GCC2,2.578e+6,3.468,0.001,3.101,0.000
44364,3,"  3.781","  0.552",13/88,/core/www/modules//sdig/index.php?run_id=110202&search_id=114132&scans_id=110198&peptide_id=36875&scanf=44364&charge=3&value=13/88,sp|P11388|TOP2A_HUMAN,/core/www/modules//consensus/?run_id=110202&search_id=114132&scans_id=110198&peptide_id=36875&scanf=44364&charge=3&value=sp|P11388|TOP2A_HUMAN,1,/core/www/modules/match_peptides/blast_html4.php?run_id=110202&search_id=114132&scans_id=110198&peptide_id=36875&scanf=44364&charge=3&value=1,K.M*YVPALIFGQLLTSSNYDDDEKK.V,/core/www/modules/show_out/show_out_wrapper.php?run_id=110202&search_id=114132&scans_id=110198&peptide_id=36875&scanf=44364&charge=3&value=K.M*YVPALIFGQLLTSSNYDDDEKK.V,TOP2A,8.545e+5,2.743,0.009,2.029,0.000
44373,3,"  3.148","  0.483",14/56,/core/www/modules//sdig/index.php?run_id=110202&search_id=114132&scans_id=110198&peptide_id=36884&scanf=44373&charge=3&value=14/56,sp|P50570|DYN2_HUMAN,/core/www/modules//consensus/?run_id=110202&search_id=114132&scans_id=110198&peptide_id=36884&scanf=44373&charge=3&value=sp|P50570|DYN2_HUMAN,1,/core/www/modules/match_peptides/blast_html4.php?run_id=110202&search_id=114132&scans_id=110198&peptide_id=36884&scanf=44373&charge=3&value=1,K.ALLQMVQQFGVDFEK.R,/core/www/modules/show_out/show_out_wrapper.php?run_id=110202&search_id=114132&scans_id=110198&peptide_id=36884&scanf=44373&charge=3&value=K.ALLQMVQQFGVDFEK.R,DNM2,3.273e+6,3.002,0.004,2.411,0.000
44374,3,"  4.206","  0.672",15/52,/core/www/modules//sdig/index.php?run_id=110202&search_id=114132&scans_id=110198&peptide_id=36885&scanf=44374&charge=3&value=15/52,sp|Q969X6|UTP4_HUMAN,/core/www/modules//consensus/?run_id=110202&search_id=114132&scans_id=110198&peptide_id=36885&scanf=44374&charge=3&value=sp|Q969X6|UTP4_HUMAN,3,/core/www/modules/match_peptides/blast_html4.php?run_id=110202&search_id=114132&scans_id=110198&peptide_id=36885&scanf=44374&charge=3&value=3,K.IYKPLLFMDLLDER.T,/core/www/modules/show_out/show_out_wrapper.php?run_id=110202&search_id=114132&scans_id=110198&peptide_id=36885&scanf=44374&charge=3&value=K.IYKPLLFMDLLDER.T,UTP4,5.477e+6,3.636,0.000,3.349,0.000
44376,3,"  3.467","  0.318",13/92,/core/www/modules//sdig/index.php?run_id=110202&search_id=114132&scans_id=110198&peptide_id=36887&scanf=44376&charge=3&value=13/92,sp|Q13617|CUL2_HUMAN,/core/www/modules//consensus/?run_id=110202&search_id=114132&scans_id=110198&peptide_id=36887&scanf=44376&charge=3&value=sp|Q13617|CUL2_HUMAN,12,/core/www/modules/match_peptides/blast_html4.php?run_id=110202&search_id=114132&scans_id=110198&peptide_id=36887&scanf=44376&charge=3&value=12,R.ATSNLTQENMPTLFVESVLEVHGK.F,/core/www/modules/show_out/show_out_wrapper.php?run_id=110202&search_id=114132&scans_id=110198&peptide_id=36887&scanf=44376&charge=3&value=R.ATSNLTQENMPTLFVESVLEVHGK.F,CUL2,1.273e+6,2.024,0.099,1.005,0.005
44377,2,"  1.448","  0.332",7/24,/core/www/modules//sdig/index.php?run_id=110202&search_id=114132&scans_id=110198&peptide_id=36888&scanf=44377&charge=2&value=7/24,sp|Q00987|MDM2_HUMAN,/core/www/modules//consensus/?run_id=110202&search_id=114132&scans_id=110198&peptide_id=36888&scanf=44377&charge=2&value=sp|Q00987|MDM2_HUMAN,5,/core/www/modules/match_peptides/blast_html4.php?run_id=110202&search_id=114132&scans_id=110198&peptide_id=36888&scanf=44377&charge=2&value=5,K.EVLFYLGQYIM*TK.R,/core/www/modules/show_out/show_out_wrapper.php?run_id=110202&search_id=114132&scans_id=110198&peptide_id=36888&scanf=44377&charge=2&value=K.EVLFYLGQYIM*TK.R,MDM2,3.371e+6,1.880,0.152,0.817,0.008
44378,2,"  2.797","  0.606",11/22,/core/www/modules//sdig/index.php?run_id=110202&search_id=114132&scans_id=110198&peptide_id=36889&scanf=44378&charge=2&value=11/22,sp|Q14669|TRIPC_HUMAN,/core/www/modules//consensus/?run_id=110202&search_id=114132&scans_id=110198&peptide_id=36889&scanf=44378&charge=2&value=sp|Q14669|TRIPC_HUMAN,3,/core/www/modules/match_peptides/blast_html4.php?run_id=110202&search_id=114132&scans_id=110198&peptide_id=36889&scanf=44378&charge=2&value=3,R.LVDLPLGLPFYK.W,/core/www/modules/show_out/show_out_wrapper.php?run_id=110202&search_id=114132&scans_id=110198&peptide_id=36889&scanf=44378&charge=2&value=R.LVDLPLGLPFYK.W,TRIP12,1.114e+7,3.504,0.001,3.155,0.000
44379,2,"  2.629","  0.655",10/20,/core/www/modules//sdig/index.php?run_id=110202&search_id=114132&scans_id=110198&peptide_id=36890&scanf=44379&charge=2&value=10/20,sp|O14617|AP3D1_HUMAN,/core/www/modules//consensus/?run_id=110202&search_id=114132&scans_id=110198&peptide_id=36890&scanf=44379&charge=2&value=sp|O14617|AP3D1_HUMAN,3,/core/www/modules/match_peptides/blast_html4.php?run_id=110202&search_id=114132&scans_id=110198&peptide_id=36890&scanf=44379&charge=2&value=3,K.NYLSLAPLFFK.L,/core/www/modules/show_out/show_out_wrapper.php?run_id=110202&search_id=114132&scans_id=110198&peptide_id=36890&scanf=44379&charge=2&value=K.NYLSLAPLFFK.L,AP3D1,7.476e+6,3.547,0.001,3.218,0.000
44380,3,"  5.410","  0.646",21/80,/core/www/modules//sdig/index.php?run_id=110202&search_id=114132&scans_id=110198&peptide_id=36892&scanf=44380&charge=3&value=21/80,sp|Q14980|NUMA1_HUMAN,/core/www/modules//consensus/?run_id=110202&search_id=114132&scans_id=110198&peptide_id=36892&scanf=44380&charge=3&value=sp|Q14980|NUMA1_HUMAN,1,/core/www/modules/match_peptides/blast_html4.php?run_id=110202&search_id=114132&scans_id=110198&peptide_id=36892&scanf=44380&charge=3&value=1,R.SQAPLESSLDSLGDVFLDSGR.K,/core/www/modules/show_out/show_out_wrapper.php?run_id=110202&search_id=114132&scans_id=110198&peptide_id=36892&scanf=44380&charge=3&value=R.SQAPLESSLDSLGDVFLDSGR.K,NUMA1,1.209e+7,3.697,0.000,3.440,0.000
44381,3,"  5.309","  0.683",22/100,/core/www/modules//sdig/index.php?run_id=110202&search_id=114132&scans_id=110198&peptide_id=36893&scanf=44381&charge=3&value=22/100,sp|Q99536|VAT1_HUMAN,/core/www/modules//consensus/?run_id=110202&search_id=114132&scans_id=110198&peptide_id=36893&scanf=44381&charge=3&value=sp|Q99536|VAT1_HUMAN,1,/core/www/modules/match_peptides/blast_html4.php?run_id=110202&search_id=114132&scans_id=110198&peptide_id=36893&scanf=44381&charge=3&value=1,R.LPPLPVTPGMEGAGVVIAVGEGVSDR.K,/core/www/modules/show_out/show_out_wrapper.php?run_id=110202&search_id=114132&scans_id=110198&peptide_id=36893&scanf=44381&charge=3&value=R.LPPLPVTPGMEGAGVVIAVGEGVSDR.K,VAT1,6.312e+5,3.362,0.001,2.944,0.000
44382,2,"  2.683","  0.530",10/22,/core/www/modules//sdig/index.php?run_id=110202&search_id=114132&scans_id=110198&peptide_id=36894&scanf=44382&charge=2&value=10/22,sp|P25705|ATPA_HUMAN,/core/www/modules//consensus/?run_id=110202&search_id=114132&scans_id=110198&peptide_id=36894&scanf=44382&charge=2&value=sp|P25705|ATPA_HUMAN,0,/core/www/modules/match_peptides/blast_html4.php?run_id=110202&search_id=114132&scans_id=110198&peptide_id=36894&scanf=44382&charge=2&value=0,K.EIVTNFLAGFEA.-,/core/www/modules/show_out/show_out_wrapper.php?run_id=110202&search_id=114132&scans_id=110198&peptide_id=36894&scanf=44382&charge=2&value=K.EIVTNFLAGFEA.-,ATP5F1A,2.413e+7,3.108,0.003,2.568,0.000
44383,2,"  3.576","  0.363",17/26,/core/www/modules//sdig/index.php?run_id=110202&search_id=114132&scans_id=110198&peptide_id=36895&scanf=44383&charge=2&value=17/26,sp|Q03001|DYST_HUMAN,/core/www/modules//consensus/?run_id=110202&search_id=114132&scans_id=110198&peptide_id=36895&scanf=44383&charge=2&value=sp|Q03001|DYST_HUMAN,21,/core/www/modules/match_peptides/blast_html4.php?run_id=110202&search_id=114132&scans_id=110198&peptide_id=36895&scanf=44383&charge=2&value=21,R.VGGGWMALDEFLVK.N,/core/www/modules/show_out/show_out_wrapper.php?run_id=110202&search_id=114132&scans_id=110198&peptide_id=36895&scanf=44383&charge=2&value=R.VGGGWMALDEFLVK.N,DST,1.115e+7,2.509,0.021,1.687,0.000
44384,3,"  3.897","  0.599",16/60,/core/www/modules//sdig/index.php?run_id=110202&search_id=114132&scans_id=110198&peptide_id=36896&scanf=44384&charge=3&value=16/60,sp|Q15833|STXB2_HUMAN,/core/www/modules//consensus/?run_id=110202&search_id=114132&scans_id=110198&peptide_id=36896&scanf=44384&charge=3&value=sp|Q15833|STXB2_HUMAN,3,/core/www/modules/match_peptides/blast_html4.php?run_id=110202&search_id=114132&scans_id=110198&peptide_id=36896&scanf=44384&charge=3&value=3,K.LIVPVLLDAAVPAYDK.I,/core/www/modules/show_out/show_out_wrapper.php?run_id=110202&search_id=114132&scans_id=110198&peptide_id=36896&scanf=44384&charge=3&value=K.LIVPVLLDAAVPAYDK.I,STXBP2,2.115e+6,3.391,0.001,2.987,0.000
44387,2,"  3.155","  0.669",13/24,/core/www/modules//sdig/index.php?run_id=110202&search_id=114132&scans_id=110198&peptide_id=36899&scanf=44387&charge=2&value=13/24,sp|O43242|PSMD3_HUMAN,/core/www/modules//consensus/?run_id=110202&search_id=114132&scans_id=110198&peptide_id=36899&scanf=44387&charge=2&value=sp|O43242|PSMD3_HUMAN,0,/core/www/modules/match_peptides/blast_html4.php?run_id=110202&search_id=114132&scans_id=110198&peptide_id=36899&scanf=44387&charge=2&value=0,R.SLMPYFLLTQAVR.T,/core/www/modules/show_out/show_out_wrapper.php?run_id=110202&search_id=114132&scans_id=110198&peptide_id=36899&scanf=44387&charge=2&value=R.SLMPYFLLTQAVR.T,PSMD3,3.649e+6,3.593,0.001,3.286,0.000
44394,2,"  3.568","  0.616",16/24,/core/www/modules//sdig/index.php?run_id=110202&search_id=114132&scans_id=110198&peptide_id=36906&scanf=44394&charge=2&value=16/24,sp|P55072|TERA_HUMAN,/core/www/modules//consensus/?run_id=110202&search_id=114132&scans_id=110198&peptide_id=36906&scanf=44394&charge=2&value=sp|P55072|TERA_HUMAN,9,/core/www/modules/match_peptides/blast_html4.php?run_id=110202&search_id=114132&scans_id=110198&peptide_id=36906&scanf=44394&charge=2&value=9,R.IVSQLLTLMDGLK.Q,/core/www/modules/show_out/show_out_wrapper.php?run_id=110202&search_id=114132&scans_id=110198&peptide_id=36906&scanf=44394&charge=2&value=R.IVSQLLTLMDGLK.Q,VCP,4.283e+7,3.797,0.000,3.588,0.000
44395,2,"  4.732","  0.755",17/26,/core/www/modules//sdig/index.php?run_id=110202&search_id=114132&scans_id=110198&peptide_id=36907&scanf=44395&charge=2&value=17/26,sp|Q69YN4|VIR_HUMAN,/core/www/modules//consensus/?run_id=110202&search_id=114132&scans_id=110198&peptide_id=36907&scanf=44395&charge=2&value=sp|Q69YN4|VIR_HUMAN,0,/core/www/modules/match_peptides/blast_html4.php?run_id=110202&search_id=114132&scans_id=110198&peptide_id=36907&scanf=44395&charge=2&value=0,K.DTGELASSFLEFMR.Q,/core/www/modules/show_out/show_out_wrapper.php?run_id=110202&search_id=114132&scans_id=110198&peptide_id=36907&scanf=44395&charge=2&value=K.DTGELASSFLEFMR.Q,VIRMA,9.920e+6,4.193,0.000,4.176,0.000
44396,3,"  6.938","  0.632",29/84,/core/www/modules//sdig/index.php?run_id=110202&search_id=114132&scans_id=110198&peptide_id=36908&scanf=44396&charge=3&value=29/84,sp|Q9NR30|DDX21_HUMAN,/core/www/modules//consensus/?run_id=110202&search_id=114132&scans_id=110198&peptide_id=36908&scanf=44396&charge=3&value=sp|Q9NR30|DDX21_HUMAN,4,/core/www/modules/match_peptides/blast_html4.php?run_id=110202&search_id=114132&scans_id=110198&peptide_id=36908&scanf=44396&charge=3&value=4,K.GAVEALAAALAHISGATSVDQR.S,/core/www/modules/show_out/show_out_wrapper.php?run_id=110202&search_id=114132&scans_id=110198&peptide_id=36908&scanf=44396&charge=3&value=K.GAVEALAAALAHISGATSVDQR.S,DDX21,1.515e+8,3.707,0.000,3.455,0.000
44397,2,"  3.767","  0.288",14/24,/core/www/modules//sdig/index.php?run_id=110202&search_id=114132&scans_id=110198&peptide_id=36909&scanf=44397&charge=2&value=14/24,sp|Q12873|CHD3_HUMAN,/core/www/modules//consensus/?run_id=110202&search_id=114132&scans_id=110198&peptide_id=36909&scanf=44397&charge=2&value=sp|Q12873|CHD3_HUMAN,1,/core/www/modules/match_peptides/blast_html4.php?run_id=110202&search_id=114132&scans_id=110198&peptide_id=36909&scanf=44397&charge=2&value=1,K.VLNQLEELLSDMK.A,/core/www/modules/show_out/show_out_wrapper.php?run_id=110202&search_id=114132&scans_id=110198&peptide_id=36909&scanf=44397&charge=2&value=K.VLNQLEELLSDMK.A,CHD3,5.460e+7,2.392,0.030,1.518,0.001
44398,2,"  2.064","  0.329",11/18,/core/www/modules//sdig/index.php?run_id=110202&search_id=114132&scans_id=110198&peptide_id=36910&scanf=44398&charge=2&value=11/18,sp|P08670|VIME_HUMAN,/core/www/modules//consensus/?run_id=110202&search_id=114132&scans_id=110198&peptide_id=36910&scanf=44398&charge=2&value=sp|P08670|VIME_HUMAN,2,/core/www/modules/match_peptides/blast_html4.php?run_id=110202&search_id=114132&scans_id=110198&peptide_id=36910&scanf=44398&charge=2&value=2,K.ILLAELEQLK.G,/core/www/modules/show_out/show_out_wrapper.php?run_id=110202&search_id=114132&scans_id=110198&peptide_id=36910&scanf=44398&charge=2&value=K.ILLAELEQLK.G,VIM,2.375e+9,3.125,0.003,2.593,0.000
44399,3,"  5.527","  0.700",27/108,/core/www/modules//sdig/index.php?run_id=110202&search_id=114132&scans_id=110198&peptide_id=36911&scanf=44399&charge=3&value=27/108,sp|Q9Y6V7|DDX49_HUMAN,/core/www/modules//consensus/?run_id=110202&search_id=114132&scans_id=110198&peptide_id=36911&scanf=44399&charge=3&value=sp|Q9Y6V7|DDX49_HUMAN,0,/core/www/modules/match_peptides/blast_html4.php?run_id=110202&search_id=114132&scans_id=110198&peptide_id=36911&scanf=44399&charge=3&value=0,R.ELQGLATNQPFFWEAQAPVSTVEQLDQR.Y,/core/www/modules/show_out/show_out_wrapper.php?run_id=110202&search_id=114132&scans_id=110198&peptide_id=36911&scanf=44399&charge=3&value=R.ELQGLATNQPFFWEAQAPVSTVEQLDQR.Y,DDX49,1.586e+6,3.339,0.001,2.909,0.000
44400,2,"  3.219","  0.513",13/22,/core/www/modules//sdig/index.php?run_id=110202&search_id=114132&scans_id=110198&peptide_id=36913&scanf=44400&charge=2&value=13/22,sp|O43913|ORC5_HUMAN,/core/www/modules//consensus/?run_id=110202&search_id=114132&scans_id=110198&peptide_id=36913&scanf=44400&charge=2&value=sp|O43913|ORC5_HUMAN,0,/core/www/modules/match_peptides/blast_html4.php?run_id=110202&search_id=114132&scans_id=110198&peptide_id=36913&scanf=44400&charge=2&value=0,R.LLAILYSIVDSR.V,/core/www/modules/show_out/show_out_wrapper.php?run_id=110202&search_id=114132&scans_id=110198&peptide_id=36913&scanf=44400&charge=2&value=R.LLAILYSIVDSR.V,ORC5,2.194e+6,3.236,0.002,2.757,0.000
44402,3,"  3.497","  0.726",17/60,/core/www/modules//sdig/index.php?run_id=110202&search_id=114132&scans_id=110198&peptide_id=36915&scanf=44402&charge=3&value=17/60,sp|P08758|ANXA5_HUMAN,/core/www/modules//consensus/?run_id=110202&search_id=114132&scans_id=110198&peptide_id=36915&scanf=44402&charge=3&value=sp|P08758|ANXA5_HUMAN,1,/core/www/modules/match_peptides/blast_html4.php?run_id=110202&search_id=114132&scans_id=110198&peptide_id=36915&scanf=44402&charge=3&value=1,K.GLGTDEESILTLLTSR.S,/core/www/modules/show_out/show_out_wrapper.php?run_id=110202&search_id=114132&scans_id=110198&peptide_id=36915&scanf=44402&charge=3&value=K.GLGTDEESILTLLTSR.S,ANXA5,1.289e+7,3.790,0.000,3.579,0.000
44403,2,"  3.305","  0.607",13/20,/core/www/modules//sdig/index.php?run_id=110202&search_id=114132&scans_id=110198&peptide_id=36916&scanf=44403&charge=2&value=13/20,sp|Q13619|CUL4A_HUMAN,/core/www/modules//consensus/?run_id=110202&search_id=114132&scans_id=110198&peptide_id=36916&scanf=44403&charge=2&value=sp|Q13619|CUL4A_HUMAN,14,/core/www/modules/match_peptides/blast_html4.php?run_id=110202&search_id=114132&scans_id=110198&peptide_id=36916&scanf=44403&charge=2&value=14,K.TIDGILLLIER.E,/core/www/modules/show_out/show_out_wrapper.php?run_id=110202&search_id=114132&scans_id=110198&peptide_id=36916&scanf=44403&charge=2&value=K.TIDGILLLIER.E,CUL4A,6.549e+6,3.665,0.000,3.393,0.000
44404,2,"  2.519","  0.434",11/20,/core/www/modules//sdig/index.php?run_id=110202&search_id=114132&scans_id=110198&peptide_id=36917&scanf=44404&charge=2&value=11/20,sp|O75691|UTP20_HUMAN,/core/www/modules//consensus/?run_id=110202&search_id=114132&scans_id=110198&peptide_id=36917&scanf=44404&charge=2&value=sp|O75691|UTP20_HUMAN,0,/core/www/modules/match_peptides/blast_html4.php?run_id=110202&search_id=114132&scans_id=110198&peptide_id=36917&scanf=44404&charge=2&value=0,K.NLSQEIIELLK.K,/core/www/modules/show_out/show_out_wrapper.php?run_id=110202&search_id=114132&scans_id=110198&peptide_id=36917&scanf=44404&charge=2&value=K.NLSQEIIELLK.K,UTP20,4.567e+7,3.004,0.004,2.415,0.000
44405,3,"  3.583","  0.455",11/68,/core/www/modules//sdig/index.php?run_id=110202&search_id=114132&scans_id=110198&peptide_id=36918&scanf=44405&charge=3&value=11/68,sp|P10644|KAP0_HUMAN,/core/www/modules//consensus/?run_id=110202&search_id=114132&scans_id=110198&peptide_id=36918&scanf=44405&charge=3&value=sp|P10644|KAP0_HUMAN,0,/core/www/modules/match_peptides/blast_html4.php?run_id=110202&search_id=114132&scans_id=110198&peptide_id=36918&scanf=44405&charge=3&value=0,R.LGPSDYFGEIALLMNRPR.A,/core/www/modules/show_out/show_out_wrapper.php?run_id=110202&search_id=114132&scans_id=110198&peptide_id=36918&scanf=44405&charge=3&value=R.LGPSDYFGEIALLMNRPR.A,PRKAR1A,1.994e+6,2.687,0.011,1.947,0.000
44410,3,"  4.857","  0.702",21/64,/core/www/modules//sdig/index.php?run_id=110202&search_id=114132&scans_id=110198&peptide_id=36924&scanf=44410&charge=3&value=21/64,sp|Q14692|BMS1_HUMAN,/core/www/modules//consensus/?run_id=110202&search_id=114132&scans_id=110198&peptide_id=36924&scanf=44410&charge=3&value=sp|Q14692|BMS1_HUMAN,0,/core/www/modules/match_peptides/blast_html4.php?run_id=110202&search_id=114132&scans_id=110198&peptide_id=36924&scanf=44410&charge=3&value=0,R.TPLEPPPIVVVVMGPPK.V,/core/www/modules/show_out/show_out_wrapper.php?run_id=110202&search_id=114132&scans_id=110198&peptide_id=36924&scanf=44410&charge=3&value=R.TPLEPPPIVVVVMGPPK.V,BMS1,5.918e+6,3.835,0.000,3.645,0.000
44412,3,"  4.891","  0.711",20/72,/core/www/modules//sdig/index.php?run_id=110202&search_id=114132&scans_id=110198&peptide_id=36926&scanf=44412&charge=3&value=20/72,sp|Q5VYK3|ECM29_HUMAN,/core/www/modules//consensus/?run_id=110202&search_id=114132&scans_id=110198&peptide_id=36926&scanf=44412&charge=3&value=sp|Q5VYK3|ECM29_HUMAN,3,/core/www/modules/match_peptides/blast_html4.php?run_id=110202&search_id=114132&scans_id=110198&peptide_id=36926&scanf=44412&charge=3&value=3,R.TLMEALVASYLIKPEVQVR.Q,/core/www/modules/show_out/show_out_wrapper.php?run_id=110202&search_id=114132&scans_id=110198&peptide_id=36926&scanf=44412&charge=3&value=R.TLMEALVASYLIKPEVQVR.Q,ECPAS,1.557e+6,3.791,0.000,3.579,0.000
44415,3,"  3.124","  0.643",20/76,/core/www/modules//sdig/index.php?run_id=110202&search_id=114132&scans_id=110198&peptide_id=36928&scanf=44415&charge=3&value=20/76,sp|O00410|IPO5_HUMAN,/core/www/modules//consensus/?run_id=110202&search_id=114132&scans_id=110198&peptide_id=36928&scanf=44415&charge=3&value=sp|O00410|IPO5_HUMAN,1,/core/www/modules/match_peptides/blast_html4.php?run_id=110202&search_id=114132&scans_id=110198&peptide_id=36928&scanf=44415&charge=3&value=1,K.AIGTEPDSDVLSEIMHSFAK.C,/core/www/modules/show_out/show_out_wrapper.php?run_id=110202&search_id=114132&scans_id=110198&peptide_id=36928&scanf=44415&charge=3&value=K.AIGTEPDSDVLSEIMHSFAK.C,IPO5,1.660e+7,3.379,0.001,2.969,0.000
44416,2,"  1.382","  0.071",8/16,/core/www/modules//sdig/index.php?run_id=110202&search_id=114132&scans_id=110198&peptide_id=36929&scanf=44416&charge=2&value=8/16,sp|O60814|H2B1K_HUMAN,/core/www/modules//consensus/?run_id=110202&search_id=114132&scans_id=110198&peptide_id=36929&scanf=44416&charge=2&value=sp|O60814|H2B1K_HUMAN,16,/core/www/modules/match_peptides/blast_html4.php?run_id=110202&search_id=114132&scans_id=110198&peptide_id=36929&scanf=44416&charge=2&value=16,R.LLLPGELAK.H,/core/www/modules/show_out/show_out_wrapper.php?run_id=110202&search_id=114132&scans_id=110198&peptide_id=36929&scanf=44416&charge=2&value=R.LLLPGELAK.H,H2BC12,4.487e+9,1.835,0.173,0.761,0.009
44417,3,"  5.611","  0.723",19/80,/core/www/modules//sdig/index.php?run_id=110202&search_id=114132&scans_id=110198&peptide_id=36930&scanf=44417&charge=3&value=19/80,sp|P42704|LPPRC_HUMAN,/core/www/modules//consensus/?run_id=110202&search_id=114132&scans_id=110198&peptide_id=36930&scanf=44417&charge=3&value=sp|P42704|LPPRC_HUMAN,21,/core/www/modules/match_peptides/blast_html4.php?run_id=110202&search_id=114132&scans_id=110198&peptide_id=36930&scanf=44417&charge=3&value=21,R.DAGIEPGPDTYLALLNAYAEK.G,/core/www/modules/show_out/show_out_wrapper.php?run_id=110202&search_id=114132&scans_id=110198&peptide_id=36930&scanf=44417&charge=3&value=R.DAGIEPGPDTYLALLNAYAEK.G,LRPPRC,3.788e+6,3.775,0.000,3.556,0.000
44419,2,"  2.816","  0.608",15/28,/core/www/modules//sdig/index.php?run_id=110202&search_id=114132&scans_id=110198&peptide_id=36932&scanf=44419&charge=2&value=15/28,sp|P40939|ECHA_HUMAN,/core/www/modules//consensus/?run_id=110202&search_id=114132&scans_id=110198&peptide_id=36932&scanf=44419&charge=2&value=sp|P40939|ECHA_HUMAN,3,/core/www/modules/match_peptides/blast_html4.php?run_id=110202&search_id=114132&scans_id=110198&peptide_id=36932&scanf=44419&charge=2&value=3,K.MVGVPAALDMMLTGR.S,/core/www/modules/show_out/show_out_wrapper.php?run_id=110202&search_id=114132&scans_id=110198&peptide_id=36932&scanf=44419&charge=2&value=K.MVGVPAALDMMLTGR.S,HADHA,6.038e+7,3.400,0.001,2.999,0.000
44425,3,"  4.762","  0.664",18/64,/core/www/modules//sdig/index.php?run_id=110202&search_id=114132&scans_id=110198&peptide_id=36939&scanf=44425&charge=3&value=18/64,sp|Q9Y490|TLN1_HUMAN,/core/www/modules//consensus/?run_id=110202&search_id=114132&scans_id=110198&peptide_id=36939&scanf=44425&charge=3&value=sp|Q9Y490|TLN1_HUMAN,0,/core/www/modules/match_peptides/blast_html4.php?run_id=110202&search_id=114132&scans_id=110198&peptide_id=36939&scanf=44425&charge=3&value=0,K.MVGGIAQIIAAQEEMLR.K,/core/www/modules/show_out/show_out_wrapper.php?run_id=110202&search_id=114132&scans_id=110198&peptide_id=36939&scanf=44425&charge=3&value=K.MVGGIAQIIAAQEEMLR.K,TLN1,2.043e+6,3.574,0.001,3.259,0.000
44427,2,"  3.886","  0.711",17/32,/core/www/modules//sdig/index.php?run_id=110202&search_id=114132&scans_id=110198&peptide_id=36941&scanf=44427&charge=2&value=17/32,sp|P26038|MOES_HUMAN,/core/www/modules//consensus/?run_id=110202&search_id=114132&scans_id=110198&peptide_id=36941&scanf=44427&charge=2&value=sp|P26038|MOES_HUMAN,2,/core/www/modules/match_peptides/blast_html4.php?run_id=110202&search_id=114132&scans_id=110198&peptide_id=36941&scanf=44427&charge=2&value=2,K.FYPEDVSEELIQDITQR.L,/core/www/modules/show_out/show_out_wrapper.php?run_id=110202&search_id=114132&scans_id=110198&peptide_id=36941&scanf=44427&charge=2&value=K.FYPEDVSEELIQDITQR.L,MSN,5.008e+6,3.718,0.000,3.471,0.000
44432,3,"  5.514","  0.535",27/104,/core/www/modules//sdig/index.php?run_id=110202&search_id=114132&scans_id=110198&peptide_id=36947&scanf=44432&charge=3&value=27/104,sp|O60664|PLIN3_HUMAN,/core/www/modules//consensus/?run_id=110202&search_id=114132&scans_id=110198&peptide_id=36947&scanf=44432&charge=3&value=sp|O60664|PLIN3_HUMAN,1,/core/www/modules/match_peptides/blast_html4.php?run_id=110202&search_id=114132&scans_id=110198&peptide_id=36947&scanf=44432&charge=3&value=1,R.QVEDLQATFSSIHSFQDLSSSILAQSR.E,/core/www/modules/show_out/show_out_wrapper.php?run_id=110202&search_id=114132&scans_id=110198&peptide_id=36947&scanf=44432&charge=3&value=R.QVEDLQATFSSIHSFQDLSSSILAQSR.E,PLIN3,7.410e+5,2.869,0.006,2.215,0.000
44438,3,"  5.714","  0.606",18/76,/core/www/modules//sdig/index.php?run_id=110202&search_id=114132&scans_id=110198&peptide_id=36952&scanf=44438&charge=3&value=18/76,sp|P26641|EF1G_HUMAN,/core/www/modules//consensus/?run_id=110202&search_id=114132&scans_id=110198&peptide_id=36952&scanf=44438&charge=3&value=sp|P26641|EF1G_HUMAN,0,/core/www/modules/match_peptides/blast_html4.php?run_id=110202&search_id=114132&scans_id=110198&peptide_id=36952&scanf=44438&charge=3&value=0,K.YSNEDTLSVALPYFWEHFDK.D,/core/www/modules/show_out/show_out_wrapper.php?run_id=110202&search_id=114132&scans_id=110198&peptide_id=36952&scanf=44438&charge=3&value=K.YSNEDTLSVALPYFWEHFDK.D,EEF1G,2.177e+6,3.341,0.001,2.913,0.000
44441,4,"  4.454","  0.586",20/144,/core/www/modules//sdig/index.php?run_id=110202&search_id=114132&scans_id=110198&peptide_id=36956&scanf=44441&charge=4&value=20/144,sp|Q9UJV9|DDX41_HUMAN,/core/www/modules//consensus/?run_id=110202&search_id=114132&scans_id=110198&peptide_id=36956&scanf=44441&charge=4&value=sp|Q9UJV9|DDX41_HUMAN,0,/core/www/modules/match_peptides/blast_html4.php?run_id=110202&search_id=114132&scans_id=110198&peptide_id=36956&scanf=44441&charge=4&value=0,K.GLDFPAIQHVINYDMPEEIENYVHR.I,/core/www/modules/show_out/show_out_wrapper.php?run_id=110202&search_id=114132&scans_id=110198&peptide_id=36956&scanf=44441&charge=4&value=K.GLDFPAIQHVINYDMPEEIENYVHR.I,DDX41,2.249e+6,3.357,0.001,2.936,0.000
44444,2,"  4.570","  0.692",16/26,/core/www/modules//sdig/index.php?run_id=110202&search_id=114132&scans_id=110198&peptide_id=36959&scanf=44444&charge=2&value=16/26,sp|P78527|PRKDC_HUMAN,/core/www/modules//consensus/?run_id=110202&search_id=114132&scans_id=110198&peptide_id=36959&scanf=44444&charge=2&value=sp|P78527|PRKDC_HUMAN,1,/core/www/modules/match_peptides/blast_html4.php?run_id=110202&search_id=114132&scans_id=110198&peptide_id=36959&scanf=44444&charge=2&value=1,K.LSDFNDITNMLLLK.M,/core/www/modules/show_out/show_out_wrapper.php?run_id=110202&search_id=114132&scans_id=110198&peptide_id=36959&scanf=44444&charge=2&value=K.LSDFNDITNMLLLK.M,PRKDC,6.919e+7,4.670,0.000,4.883,0.000
44445,2,"  2.683","  0.457",12/22,/core/www/modules//sdig/index.php?run_id=110202&search_id=114132&scans_id=110198&peptide_id=36960&scanf=44445&charge=2&value=12/22,sp|P51784|UBP11_HUMAN,/core/www/modules//consensus/?run_id=110202&search_id=114132&scans_id=110198&peptide_id=36960&scanf=44445&charge=2&value=sp|P51784|UBP11_HUMAN,1,/core/www/modules/match_peptides/blast_html4.php?run_id=110202&search_id=114132&scans_id=110198&peptide_id=36960&scanf=44445&charge=2&value=1,K.VEVYPVELLLVR.H,/core/www/modules/show_out/show_out_wrapper.php?run_id=110202&search_id=114132&scans_id=110198&peptide_id=36960&scanf=44445&charge=2&value=K.VEVYPVELLLVR.H,USP11,3.857e+6,2.938,0.005,2.316,0.000
44446,3,"  3.427","  0.439",14/80,/core/www/modules//sdig/index.php?run_id=110202&search_id=114132&scans_id=110198&peptide_id=36961&scanf=44446&charge=3&value=14/80,sp|P46939|UTRN_HUMAN,/core/www/modules//consensus/?run_id=110202&search_id=114132&scans_id=110198&peptide_id=36961&scanf=44446&charge=3&value=sp|P46939|UTRN_HUMAN,0,/core/www/modules/match_peptides/blast_html4.php?run_id=110202&search_id=114132&scans_id=110198&peptide_id=36961&scanf=44446&charge=3&value=0,R.QTLDQLSEIGQDVGQLLDNSK.A,/core/www/modules/show_out/show_out_wrapper.php?run_id=110202&search_id=114132&scans_id=110198&peptide_id=36961&scanf=44446&charge=3&value=R.QTLDQLSEIGQDVGQLLDNSK.A,UTRN,1.685e+6,2.615,0.014,1.842,0.000
44450,2,"  3.518","  0.615",15/24,/core/www/modules//sdig/index.php?run_id=110202&search_id=114132&scans_id=110198&peptide_id=36966&scanf=44450&charge=2&value=15/24,sp|P33991|MCM4_HUMAN,/core/www/modules//consensus/?run_id=110202&search_id=114132&scans_id=110198&peptide_id=36966&scanf=44450&charge=2&value=sp|P33991|MCM4_HUMAN,6,/core/www/modules/match_peptides/blast_html4.php?run_id=110202&search_id=114132&scans_id=110198&peptide_id=36966&scanf=44450&charge=2&value=6,K.SQLLQYVYNLVPR.G,/core/www/modules/show_out/show_out_wrapper.php?run_id=110202&search_id=114132&scans_id=110198&peptide_id=36966&scanf=44450&charge=2&value=K.SQLLQYVYNLVPR.G,MCM4,3.391e+6,3.617,0.000,3.321,0.000
44451,2,"  4.971","  0.707",20/28,/core/www/modules//sdig/index.php?run_id=110202&search_id=114132&scans_id=110198&peptide_id=36967&scanf=44451&charge=2&value=20/28,sp|Q14204|DYHC1_HUMAN,/core/www/modules//consensus/?run_id=110202&search_id=114132&scans_id=110198&peptide_id=36967&scanf=44451&charge=2&value=sp|Q14204|DYHC1_HUMAN,14,/core/www/modules/match_peptides/blast_html4.php?run_id=110202&search_id=114132&scans_id=110198&peptide_id=36967&scanf=44451&charge=2&value=14,R.ILDDDTIITTLENLK.R,/core/www/modules/show_out/show_out_wrapper.php?run_id=110202&search_id=114132&scans_id=110198&peptide_id=36967&scanf=44451&charge=2&value=R.ILDDDTIITTLENLK.R,DYNC1H1,2.818e+6,4.140,0.000,4.098,0.000
44455,3,"  2.965","  0.487",13/52,/core/www/modules//sdig/index.php?run_id=110202&search_id=114132&scans_id=110198&peptide_id=36971&scanf=44455&charge=3&value=13/52,sp|Q8WWQ0|PHIP_HUMAN,/core/www/modules//consensus/?run_id=110202&search_id=114132&scans_id=110198&peptide_id=36971&scanf=44455&charge=3&value=sp|Q8WWQ0|PHIP_HUMAN,7,/core/www/modules/match_peptides/blast_html4.php?run_id=110202&search_id=114132&scans_id=110198&peptide_id=36971&scanf=44455&charge=3&value=7,K.YHDMPDVIDFLVLR.Q,/core/www/modules/show_out/show_out_wrapper.php?run_id=110202&search_id=114132&scans_id=110198&peptide_id=36971&scanf=44455&charge=3&value=K.YHDMPDVIDFLVLR.Q,PHIP,4.231e+6,3.073,0.003,2.516,0.000
44458,3,"  3.719","  0.592",17/52,/core/www/modules//sdig/index.php?run_id=110202&search_id=114132&scans_id=110198&peptide_id=36973&scanf=44458&charge=3&value=17/52,sp|P68363|TBA1B_HUMAN,/core/www/modules//consensus/?run_id=110202&search_id=114132&scans_id=110198&peptide_id=36973&scanf=44458&charge=3&value=sp|P68363|TBA1B_HUMAN,10,/core/www/modules/match_peptides/blast_html4.php?run_id=110202&search_id=114132&scans_id=110198&peptide_id=36973&scanf=44458&charge=3&value=10,R.LISQIVSSITASLR.F,/core/www/modules/show_out/show_out_wrapper.php?run_id=110202&search_id=114132&scans_id=110198&peptide_id=36973&scanf=44458&charge=3&value=R.LISQIVSSITASLR.F,TUBA1B,2.989e+7,3.488,0.001,3.130,0.000
44459,3,"  2.772","  0.345",15/72,/core/www/modules//sdig/index.php?run_id=110202&search_id=114132&scans_id=110198&peptide_id=36974&scanf=44459&charge=3&value=15/72,sp|P46939|UTRN_HUMAN,/core/www/modules//consensus/?run_id=110202&search_id=114132&scans_id=110198&peptide_id=36974&scanf=44459&charge=3&value=sp|P46939|UTRN_HUMAN,0,/core/www/modules/match_peptides/blast_html4.php?run_id=110202&search_id=114132&scans_id=110198&peptide_id=36974&scanf=44459&charge=3&value=0,K.EAASLSEWLSATETELVQK.S,/core/www/modules/show_out/show_out_wrapper.php?run_id=110202&search_id=114132&scans_id=110198&peptide_id=36974&scanf=44459&charge=3&value=K.EAASLSEWLSATETELVQK.S,UTRN,3.332e+6,2.413,0.028,1.549,0.001
44460,2,"  1.932","  0.277",9/20,/core/www/modules//sdig/index.php?run_id=110202&search_id=114132&scans_id=110198&peptide_id=36976&scanf=44460&charge=2&value=9/20,sp|Q7Z6Z7|HUWE1_HUMAN,/core/www/modules//consensus/?run_id=110202&search_id=114132&scans_id=110198&peptide_id=36976&scanf=44460&charge=2&value=sp|Q7Z6Z7|HUWE1_HUMAN,1,/core/www/modules/match_peptides/blast_html4.php?run_id=110202&search_id=114132&scans_id=110198&peptide_id=36976&scanf=44460&charge=2&value=1,R.EMFNPMYALFR.T,/core/www/modules/show_out/show_out_wrapper.php?run_id=110202&search_id=114132&scans_id=110198&peptide_id=36976&scanf=44460&charge=2&value=R.EMFNPMYALFR.T,HUWE1,4.614e+6,2.243,0.050,1.305,0.002
44464,3,"  2.810","  0.492",16/60,/core/www/modules//sdig/index.php?run_id=110202&search_id=114132&scans_id=110198&peptide_id=36980&scanf=44464&charge=3&value=16/60,sp|Q14839|CHD4_HUMAN,/core/www/modules//consensus/?run_id=110202&search_id=114132&scans_id=110198&peptide_id=36980&scanf=44464&charge=3&value=sp|Q14839|CHD4_HUMAN,19,/core/www/modules/match_peptides/blast_html4.php?run_id=110202&search_id=114132&scans_id=110198&peptide_id=36980&scanf=44464&charge=3&value=19,R.GGGNQVSLLNVVMDLK.K,/core/www/modules/show_out/show_out_wrapper.php?run_id=110202&search_id=114132&scans_id=110198&peptide_id=36980&scanf=44464&charge=3&value=R.GGGNQVSLLNVVMDLK.K,CHD4,3.149e+6,3.116,0.003,2.580,0.000
44467,3,"  2.795","  0.478",16/44,/core/www/modules//sdig/index.php?run_id=110202&search_id=114132&scans_id=110198&peptide_id=36983&scanf=44467&charge=3&value=16/44,sp|Q9H501|ESF1_HUMAN,/core/www/modules//consensus/?run_id=110202&search_id=114132&scans_id=110198&peptide_id=36983&scanf=44467&charge=3&value=sp|Q9H501|ESF1_HUMAN,1,/core/www/modules/match_peptides/blast_html4.php?run_id=110202&search_id=114132&scans_id=110198&peptide_id=36983&scanf=44467&charge=3&value=1,K.DLLALFNSFKPK.G,/core/www/modules/show_out/show_out_wrapper.php?run_id=110202&search_id=114132&scans_id=110198&peptide_id=36983&scanf=44467&charge=3&value=K.DLLALFNSFKPK.G,ESF1,8.380e+6,3.171,0.002,2.661,0.000
44468,4,"  2.362","  0.330",13/108,/core/www/modules//sdig/index.php?run_id=110202&search_id=114132&scans_id=110198&peptide_id=36984&scanf=44468&charge=4&value=13/108,tr|M0QZD8|M0QZD8_HUMAN,/core/www/modules//consensus/?run_id=110202&search_id=114132&scans_id=110198&peptide_id=36984&scanf=44468&charge=4&value=tr|M0QZD8|M0QZD8_HUMAN,1,/core/www/modules/match_peptides/blast_html4.php?run_id=110202&search_id=114132&scans_id=110198&peptide_id=36984&scanf=44468&charge=4&value=1,R.LSLAAQELVFPTVSGLPAR.L,/core/www/modules/show_out/show_out_wrapper.php?run_id=110202&search_id=114132&scans_id=110198&peptide_id=36984&scanf=44468&charge=4&value=R.LSLAAQELVFPTVSGLPAR.L,LOC400499,2.451e+7,2.480,0.023,1.646,0.001
44472,2,"  1.591","  0.294",11/18,/core/www/modules//sdig/index.php?run_id=110202&search_id=114132&scans_id=110198&peptide_id=36989&scanf=44472&charge=2&value=11/18,sp|Q13315|ATM_HUMAN,/core/www/modules//consensus/?run_id=110202&search_id=114132&scans_id=110198&peptide_id=36989&scanf=44472&charge=2&value=sp|Q13315|ATM_HUMAN,2,/core/www/modules/match_peptides/blast_html4.php?run_id=110202&search_id=114132&scans_id=110198&peptide_id=36989&scanf=44472&charge=2&value=2,K.QDLLFLDMLK.F,/core/www/modules/show_out/show_out_wrapper.php?run_id=110202&search_id=114132&scans_id=110198&peptide_id=36989&scanf=44472&charge=2&value=K.QDLLFLDMLK.F,ATM,3.294e+6,2.511,0.020,1.691,0.000
44476,3,"  2.519","  0.369",11/60,/core/www/modules//sdig/index.php?run_id=110202&search_id=114132&scans_id=110198&peptide_id=36993&scanf=44476&charge=3&value=11/60,sp|O75369|FLNB_HUMAN,/core/www/modules//consensus/?run_id=110202&search_id=114132&scans_id=110198&peptide_id=36993&scanf=44476&charge=3&value=sp|O75369|FLNB_HUMAN,9,/core/www/modules/match_peptides/blast_html4.php?run_id=110202&search_id=114132&scans_id=110198&peptide_id=36993&scanf=44476&charge=3&value=9,R.QMQLENVSVALEFLDR.E,/core/www/modules/show_out/show_out_wrapper.php?run_id=110202&search_id=114132&scans_id=110198&peptide_id=36993&scanf=44476&charge=3&value=R.QMQLENVSVALEFLDR.E,FLNB,3.101e+6,2.528,0.019,1.715,0.000
44478,2,"  3.725","  0.734",19/28,/core/www/modules//sdig/index.php?run_id=110202&search_id=114132&scans_id=110198&peptide_id=36994&scanf=44478&charge=2&value=19/28,sp|O60814|H2B1K_HUMAN,/core/www/modules//consensus/?run_id=110202&search_id=114132&scans_id=110198&peptide_id=36994&scanf=44478&charge=2&value=sp|O60814|H2B1K_HUMAN,14,/core/www/modules/match_peptides/blast_html4.php?run_id=110202&search_id=114132&scans_id=110198&peptide_id=36994&scanf=44478&charge=2&value=14,K.AMGIMNSFVNDIFER.I,/core/www/modules/show_out/show_out_wrapper.php?run_id=110202&search_id=114132&scans_id=110198&peptide_id=36994&scanf=44478&charge=2&value=K.AMGIMNSFVNDIFER.I,H2BC12,1.839e+9,4.249,0.000,4.258,0.000
44482,2,"  4.444","  0.618",19/28,/core/www/modules//sdig/index.php?run_id=110202&search_id=114132&scans_id=110198&peptide_id=36999&scanf=44482&charge=2&value=19/28,sp|P62191|PRS4_HUMAN,/core/www/modules//consensus/?run_id=110202&search_id=114132&scans_id=110198&peptide_id=36999&scanf=44482&charge=2&value=sp|P62191|PRS4_HUMAN,0,/core/www/modules/match_peptides/blast_html4.php?run_id=110202&search_id=114132&scans_id=110198&peptide_id=36999&scanf=44482&charge=2&value=0,R.TMLELLNQLDGFDSR.G,/core/www/modules/show_out/show_out_wrapper.php?run_id=110202&search_id=114132&scans_id=110198&peptide_id=36999&scanf=44482&charge=2&value=R.TMLELLNQLDGFDSR.G,PSMC1,1.570e+7,3.743,0.000,3.508,0.000
44485,3,"  3.232","  0.515",14/56,/core/www/modules//sdig/index.php?run_id=110202&search_id=114132&scans_id=110198&peptide_id=37002&scanf=44485&charge=3&value=14/56,sp|Q04837|SSBP_HUMAN,/core/www/modules//consensus/?run_id=110202&search_id=114132&scans_id=110198&peptide_id=37002&scanf=44485&charge=3&value=sp|Q04837|SSBP_HUMAN,3,/core/www/modules/match_peptides/blast_html4.php?run_id=110202&search_id=114132&scans_id=110198&peptide_id=37002&scanf=44485&charge=3&value=3,K.NPVTIFSLATNEMWR.S,/core/www/modules/show_out/show_out_wrapper.php?run_id=110202&search_id=114132&scans_id=110198&peptide_id=37002&scanf=44485&charge=3&value=K.NPVTIFSLATNEMWR.S,SSBP1,6.144e+6,3.061,0.003,2.498,0.000
44491,3,"  2.218","  0.417",16/72,/core/www/modules//sdig/index.php?run_id=110202&search_id=114132&scans_id=110198&peptide_id=37009&scanf=44491&charge=3&value=16/72,sp|Q7Z6Z7|HUWE1_HUMAN,/core/www/modules//consensus/?run_id=110202&search_id=114132&scans_id=110198&peptide_id=37009&scanf=44491&charge=3&value=sp|Q7Z6Z7|HUWE1_HUMAN,1,/core/www/modules/match_peptides/blast_html4.php?run_id=110202&search_id=114132&scans_id=110198&peptide_id=37009&scanf=44491&charge=3&value=1,R.QSTTHLADGPFAVLVDYIR.V,/core/www/modules/show_out/show_out_wrapper.php?run_id=110202&search_id=114132&scans_id=110198&peptide_id=37009&scanf=44491&charge=3&value=R.QSTTHLADGPFAVLVDYIR.V,HUWE1,3.231e+6,2.460,0.024,1.616,0.001
44493,3,"  3.225","  0.390",16/60,/core/www/modules//sdig/index.php?run_id=110202&search_id=114132&scans_id=110198&peptide_id=37011&scanf=44493&charge=3&value=16/60,sp|Q96HW7|INT4_HUMAN,/core/www/modules//consensus/?run_id=110202&search_id=114132&scans_id=110198&peptide_id=37011&scanf=44493&charge=3&value=sp|Q96HW7|INT4_HUMAN,15,/core/www/modules/match_peptides/blast_html4.php?run_id=110202&search_id=114132&scans_id=110198&peptide_id=37011&scanf=44493&charge=3&value=15,R.EDQLDTVLAVLEDSSR.D,/core/www/modules/show_out/show_out_wrapper.php?run_id=110202&search_id=114132&scans_id=110198&peptide_id=37011&scanf=44493&charge=3&value=R.EDQLDTVLAVLEDSSR.D,INTS4,2.704e+6,2.694,0.011,1.958,0.000
44502,3,"  6.606","  0.755",26/92,/core/www/modules//sdig/index.php?run_id=110202&search_id=114132&scans_id=110198&peptide_id=37020&scanf=44502&charge=3&value=26/92,sp|Q14839|CHD4_HUMAN,/core/www/modules//consensus/?run_id=110202&search_id=114132&scans_id=110198&peptide_id=37020&scanf=44502&charge=3&value=sp|Q14839|CHD4_HUMAN,16,/core/www/modules/match_peptides/blast_html4.php?run_id=110202&search_id=114132&scans_id=110198&peptide_id=37020&scanf=44502&charge=3&value=16,K.SSAQLLEDWGMEDIDHVFSEEDYR.T,/core/www/modules/show_out/show_out_wrapper.php?run_id=110202&search_id=114132&scans_id=110198&peptide_id=37020&scanf=44502&charge=3&value=K.SSAQLLEDWGMEDIDHVFSEEDYR.T,CHD4,5.452e+6,3.926,0.000,3.780,0.000
44511,3,"  4.335","  0.663",17/56,/core/www/modules//sdig/index.php?run_id=110202&search_id=114132&scans_id=110198&peptide_id=37030&scanf=44511&charge=3&value=17/56,sp|Q15149|PLEC_HUMAN,/core/www/modules//consensus/?run_id=110202&search_id=114132&scans_id=110198&peptide_id=37030&scanf=44511&charge=3&value=sp|Q15149|PLEC_HUMAN,5,/core/www/modules/match_peptides/blast_html4.php?run_id=110202&search_id=114132&scans_id=110198&peptide_id=37030&scanf=44511&charge=3&value=5,K.SIITYVSSLYDAMPR.V,/core/www/modules/show_out/show_out_wrapper.php?run_id=110202&search_id=114132&scans_id=110198&peptide_id=37030&scanf=44511&charge=3&value=K.SIITYVSSLYDAMPR.V,PLEC,7.457e+6,4.242,0.000,4.248,0.000
44514,2,"  1.602","  0.331",7/20,/core/www/modules//sdig/index.php?run_id=110202&search_id=114132&scans_id=110198&peptide_id=37033&scanf=44514&charge=2&value=7/20,sp|O94880|PHF14_HUMAN,/core/www/modules//consensus/?run_id=110202&search_id=114132&scans_id=110198&peptide_id=37033&scanf=44514&charge=2&value=sp|O94880|PHF14_HUMAN,1,/core/www/modules/match_peptides/blast_html4.php?run_id=110202&search_id=114132&scans_id=110198&peptide_id=37033&scanf=44514&charge=2&value=1,K.LNIPAILRAPK.E,/core/www/modules/show_out/show_out_wrapper.php?run_id=110202&search_id=114132&scans_id=110198&peptide_id=37033&scanf=44514&charge=2&value=K.LNIPAILRAPK.E,PHF14,6.923e+6,1.913,0.139,0.858,0.007
44515,2,"  2.638","  0.421",14/28,/core/www/modules//sdig/index.php?run_id=110202&search_id=114132&scans_id=110198&peptide_id=37034&scanf=44515&charge=2&value=14/28,sp|Q9BZG1|RAB34_HUMAN,/core/www/modules//consensus/?run_id=110202&search_id=114132&scans_id=110198&peptide_id=37034&scanf=44515&charge=2&value=sp|Q9BZG1|RAB34_HUMAN,4,/core/www/modules/match_peptides/blast_html4.php?run_id=110202&search_id=114132&scans_id=110198&peptide_id=37034&scanf=44515&charge=2&value=4,K.ENDPSSVLLFLVGSK.K,/core/www/modules/show_out/show_out_wrapper.php?run_id=110202&search_id=114132&scans_id=110198&peptide_id=37034&scanf=44515&charge=2&value=K.ENDPSSVLLFLVGSK.K,RAB34,1.552e+6,2.571,0.017,1.778,0.000
44520,3,"  7.315","  0.727",29/96,/core/www/modules//sdig/index.php?run_id=110202&search_id=114132&scans_id=110198&peptide_id=37039&scanf=44520&charge=3&value=29/96,sp|Q8IY81|SPB1_HUMAN,/core/www/modules//consensus/?run_id=110202&search_id=114132&scans_id=110198&peptide_id=37039&scanf=44520&charge=3&value=sp|Q8IY81|SPB1_HUMAN,0,/core/www/modules/match_peptides/blast_html4.php?run_id=110202&search_id=114132&scans_id=110198&peptide_id=37039&scanf=44520&charge=3&value=0,R.GHQLLEEVTQGDMSAADTFLSDLPR.D,/core/www/modules/show_out/show_out_wrapper.php?run_id=110202&search_id=114132&scans_id=110198&peptide_id=37039&scanf=44520&charge=3&value=R.GHQLLEEVTQGDMSAADTFLSDLPR.D,FTSJ3,1.056e+7,3.799,0.000,3.591,0.000
44531,2,"  3.508","  0.685",12/26,/core/www/modules//sdig/index.php?run_id=110202&search_id=114132&scans_id=110198&peptide_id=37051&scanf=44531&charge=2&value=12/26,sp|Q86U38|NOP9_HUMAN,/core/www/modules//consensus/?run_id=110202&search_id=114132&scans_id=110198&peptide_id=37051&scanf=44531&charge=2&value=sp|Q86U38|NOP9_HUMAN,1,/core/www/modules/match_peptides/blast_html4.php?run_id=110202&search_id=114132&scans_id=110198&peptide_id=37051&scanf=44531&charge=2&value=1,R.GSSVDGSPLLLFLR.D,/core/www/modules/show_out/show_out_wrapper.php?run_id=110202&search_id=114132&scans_id=110198&peptide_id=37051&scanf=44531&charge=2&value=R.GSSVDGSPLLLFLR.D,NOP9,7.962e+6,3.501,0.001,3.150,0.000
44536,3,"  3.342","  0.556",11/76,/core/www/modules//sdig/index.php?run_id=110202&search_id=114132&scans_id=110198&peptide_id=37056&scanf=44536&charge=3&value=11/76,sp|P26599|PTBP1_HUMAN,/core/www/modules//consensus/?run_id=110202&search_id=114132&scans_id=110198&peptide_id=37056&scanf=44536&charge=3&value=sp|P26599|PTBP1_HUMAN,8,/core/www/modules/match_peptides/blast_html4.php?run_id=110202&search_id=114132&scans_id=110198&peptide_id=37056&scanf=44536&charge=3&value=8,R.KLPIDVTEGEVISLGLPFGK.V,/core/www/modules/show_out/show_out_wrapper.php?run_id=110202&search_id=114132&scans_id=110198&peptide_id=37056&scanf=44536&charge=3&value=R.KLPIDVTEGEVISLGLPFGK.V,PTBP1,5.217e+7,2.659,0.012,1.907,0.000
44544,2,"  4.772","  0.683",19/28,/core/www/modules//sdig/index.php?run_id=110202&search_id=114132&scans_id=110198&peptide_id=37064&scanf=44544&charge=2&value=19/28,sp|P07195|LDHB_HUMAN,/core/www/modules//consensus/?run_id=110202&search_id=114132&scans_id=110198&peptide_id=37064&scanf=44544&charge=2&value=sp|P07195|LDHB_HUMAN,5,/core/www/modules/match_peptides/blast_html4.php?run_id=110202&search_id=114132&scans_id=110198&peptide_id=37064&scanf=44544&charge=2&value=5,K.SLADELALVDVLEDK.L,/core/www/modules/show_out/show_out_wrapper.php?run_id=110202&search_id=114132&scans_id=110198&peptide_id=37064&scanf=44544&charge=2&value=K.SLADELALVDVLEDK.L,LDHB,1.017e+7,3.933,0.000,3.789,0.000
44558,2,"  3.511","  0.602",13/28,/core/www/modules//sdig/index.php?run_id=110202&search_id=114132&scans_id=110198&peptide_id=37079&scanf=44558&charge=2&value=13/28,sp|Q15149|PLEC_HUMAN,/core/www/modules//consensus/?run_id=110202&search_id=114132&scans_id=110198&peptide_id=37079&scanf=44558&charge=2&value=sp|Q15149|PLEC_HUMAN,5,/core/www/modules/match_peptides/blast_html4.php?run_id=110202&search_id=114132&scans_id=110198&peptide_id=37079&scanf=44558&charge=2&value=5,K.SIITYVSSLYDAMPR.V,/core/www/modules/show_out/show_out_wrapper.php?run_id=110202&search_id=114132&scans_id=110198&peptide_id=37079&scanf=44558&charge=2&value=K.SIITYVSSLYDAMPR.V,PLEC,4.165e+6,3.783,0.000,3.567,0.000
44559,3,"  3.184","  0.461",14/48,/core/www/modules//sdig/index.php?run_id=110202&search_id=114132&scans_id=110198&peptide_id=37080&scanf=44559&charge=3&value=14/48,sp|P55072|TERA_HUMAN,/core/www/modules//consensus/?run_id=110202&search_id=114132&scans_id=110198&peptide_id=37080&scanf=44559&charge=3&value=sp|P55072|TERA_HUMAN,9,/core/www/modules/match_peptides/blast_html4.php?run_id=110202&search_id=114132&scans_id=110198&peptide_id=37080&scanf=44559&charge=3&value=9,R.IVSQLLTLMDGLK.Q,/core/www/modules/show_out/show_out_wrapper.php?run_id=110202&search_id=114132&scans_id=110198&peptide_id=37080&scanf=44559&charge=3&value=R.IVSQLLTLMDGLK.Q,VCP,1.227e+7,3.170,0.002,2.659,0.000
44562,3,"  4.680","  0.602",18/68,/core/www/modules//sdig/index.php?run_id=110202&search_id=114132&scans_id=110198&peptide_id=37082&scanf=44562&charge=3&value=18/68,sp|Q08211|DHX9_HUMAN,/core/www/modules//consensus/?run_id=110202&search_id=114132&scans_id=110198&peptide_id=37082&scanf=44562&charge=3&value=sp|Q08211|DHX9_HUMAN,0,/core/www/modules/match_peptides/blast_html4.php?run_id=110202&search_id=114132&scans_id=110198&peptide_id=37082&scanf=44562&charge=3&value=0,R.FSDHVALLSVFQAWDDAR.M,/core/www/modules/show_out/show_out_wrapper.php?run_id=110202&search_id=114132&scans_id=110198&peptide_id=37082&scanf=44562&charge=3&value=R.FSDHVALLSVFQAWDDAR.M,DHX9,6.231e+7,3.678,0.000,3.413,0.000
44563,2,"  3.128","  0.596",15/22,/core/www/modules//sdig/index.php?run_id=110202&search_id=114132&scans_id=110198&peptide_id=37083&scanf=44563&charge=2&value=15/22,sp|Q92620|PRP16_HUMAN,/core/www/modules//consensus/?run_id=110202&search_id=114132&scans_id=110198&peptide_id=37083&scanf=44563&charge=2&value=sp|Q92620|PRP16_HUMAN,0,/core/www/modules/match_peptides/blast_html4.php?run_id=110202&search_id=114132&scans_id=110198&peptide_id=37083&scanf=44563&charge=2&value=0,R.SLNTDVLFGLLR.E,/core/www/modules/show_out/show_out_wrapper.php?run_id=110202&search_id=114132&scans_id=110198&peptide_id=37083&scanf=44563&charge=2&value=R.SLNTDVLFGLLR.E,DHX38,4.182e+6,3.627,0.000,3.337,0.000
44564,3,"  4.766","  0.664",21/76,/core/www/modules//sdig/index.php?run_id=110202&search_id=114132&scans_id=110198&peptide_id=37084&scanf=44564&charge=3&value=21/76,sp|O76021|RL1D1_HUMAN,/core/www/modules//consensus/?run_id=110202&search_id=114132&scans_id=110198&peptide_id=37084&scanf=44564&charge=3&value=sp|O76021|RL1D1_HUMAN,2,/core/www/modules/match_peptides/blast_html4.php?run_id=110202&search_id=114132&scans_id=110198&peptide_id=37084&scanf=44564&charge=3&value=2,K.SAALPIFSSFVSNWDEATKR.S,/core/www/modules/show_out/show_out_wrapper.php?run_id=110202&search_id=114132&scans_id=110198&peptide_id=37084&scanf=44564&charge=3&value=K.SAALPIFSSFVSNWDEATKR.S,RSL1D1,4.694e+7,3.372,0.001,2.959,0.000
44567,2,"  2.657","  0.000",14/26,/core/www/modules//sdig/index.php?run_id=110202&search_id=114132&scans_id=110198&peptide_id=37087&scanf=44567&charge=2&value=14/26,sp|O00425|IF2B3_HUMAN,/core/www/modules//consensus/?run_id=110202&search_id=114132&scans_id=110198&peptide_id=37087&scanf=44567&charge=2&value=sp|O00425|IF2B3_HUMAN,1,/core/www/modules/match_peptides/blast_html4.php?run_id=110202&search_id=114132&scans_id=110198&peptide_id=37087&scanf=44567&charge=2&value=1,R.LLVPTQFVGAIIGK.E,/core/www/modules/show_out/show_out_wrapper.php?run_id=110202&search_id=114132&scans_id=110198&peptide_id=37087&scanf=44567&charge=2&value=R.LLVPTQFVGAIIGK.E,IGF2BP3,2.544e+7,2.706,0.011,1.975,0.000
44568,3,"  3.596","  0.622",15/56,/core/www/modules//sdig/index.php?run_id=110202&search_id=114132&scans_id=110198&peptide_id=37088&scanf=44568&charge=3&value=15/56,sp|P62191|PRS4_HUMAN,/core/www/modules//consensus/?run_id=110202&search_id=114132&scans_id=110198&peptide_id=37088&scanf=44568&charge=3&value=sp|P62191|PRS4_HUMAN,0,/core/www/modules/match_peptides/blast_html4.php?run_id=110202&search_id=114132&scans_id=110198&peptide_id=37088&scanf=44568&charge=3&value=0,R.TMLELLNQLDGFDSR.G,/core/www/modules/show_out/show_out_wrapper.php?run_id=110202&search_id=114132&scans_id=110198&peptide_id=37088&scanf=44568&charge=3&value=R.TMLELLNQLDGFDSR.G,PSMC1,7.321e+6,3.520,0.001,3.178,0.000
44572,2,"  1.831","  0.574",11/26,/core/www/modules//sdig/index.php?run_id=110202&search_id=114132&scans_id=110198&peptide_id=37093&scanf=44572&charge=2&value=11/26,sp|Q86U38|NOP9_HUMAN,/core/www/modules//consensus/?run_id=110202&search_id=114132&scans_id=110198&peptide_id=37093&scanf=44572&charge=2&value=sp|Q86U38|NOP9_HUMAN,1,/core/www/modules/match_peptides/blast_html4.php?run_id=110202&search_id=114132&scans_id=110198&peptide_id=37093&scanf=44572&charge=2&value=1,R.GSSVDGSPLLLFLR.D,/core/www/modules/show_out/show_out_wrapper.php?run_id=110202&search_id=114132&scans_id=110198&peptide_id=37093&scanf=44572&charge=2&value=R.GSSVDGSPLLLFLR.D,NOP9,7.962e+6,2.982,0.004,2.381,0.000
44581,3,"  2.307","  0.671",12/72,/core/www/modules//sdig/index.php?run_id=110202&search_id=114132&scans_id=110198&peptide_id=37102&scanf=44581&charge=3&value=12/72,sp|Q92616|GCN1_HUMAN,/core/www/modules//consensus/?run_id=110202&search_id=114132&scans_id=110198&peptide_id=37102&scanf=44581&charge=3&value=sp|Q92616|GCN1_HUMAN,0,/core/www/modules/match_peptides/blast_html4.php?run_id=110202&search_id=114132&scans_id=110198&peptide_id=37102&scanf=44581&charge=3&value=0,K.VLPLEALVTDAGEVTEAGK.A,/core/www/modules/show_out/show_out_wrapper.php?run_id=110202&search_id=114132&scans_id=110198&peptide_id=37102&scanf=44581&charge=3&value=K.VLPLEALVTDAGEVTEAGK.A,GCN1,2.950e+7,3.401,0.001,3.001,0.000
44583,2,"  3.934","  0.750",17/28,/core/www/modules//sdig/index.php?run_id=110202&search_id=114132&scans_id=110198&peptide_id=37104&scanf=44583&charge=2&value=17/28,sp|P14625|ENPL_HUMAN,/core/www/modules//consensus/?run_id=110202&search_id=114132&scans_id=110198&peptide_id=37104&scanf=44583&charge=2&value=sp|P14625|ENPL_HUMAN,8,/core/www/modules/match_peptides/blast_html4.php?run_id=110202&search_id=114132&scans_id=110198&peptide_id=37104&scanf=44583&charge=2&value=8,K.YSQFINFPIYVWSSK.T,/core/www/modules/show_out/show_out_wrapper.php?run_id=110202&search_id=114132&scans_id=110198&peptide_id=37104&scanf=44583&charge=2&value=K.YSQFINFPIYVWSSK.T,HSP90B1,2.372e+6,4.105,0.000,4.045,0.000
44585,2,"  2.933","  0.483",13/22,/core/www/modules//sdig/index.php?run_id=110202&search_id=114132&scans_id=110198&peptide_id=37106&scanf=44585&charge=2&value=13/22,sp|P62081|RS7_HUMAN,/core/www/modules//consensus/?run_id=110202&search_id=114132&scans_id=110198&peptide_id=37106&scanf=44585&charge=2&value=sp|P62081|RS7_HUMAN,1,/core/www/modules/match_peptides/blast_html4.php?run_id=110202&search_id=114132&scans_id=110198&peptide_id=37106&scanf=44585&charge=2&value=1,K.AIIIFVPVPQLK.S,/core/www/modules/show_out/show_out_wrapper.php?run_id=110202&search_id=114132&scans_id=110198&peptide_id=37106&scanf=44585&charge=2&value=K.AIIIFVPVPQLK.S,RPS7,1.069e+7,3.082,0.003,2.529,0.000
44586,2,"  2.784","  0.607",15/30,/core/www/modules//sdig/index.php?run_id=110202&search_id=114132&scans_id=110198&peptide_id=37107&scanf=44586&charge=2&value=15/30,sp|Q15024|EXOS7_HUMAN,/core/www/modules//consensus/?run_id=110202&search_id=114132&scans_id=110198&peptide_id=37107&scanf=44586&charge=2&value=sp|Q15024|EXOS7_HUMAN,0,/core/www/modules/match_peptides/blast_html4.php?run_id=110202&search_id=114132&scans_id=110198&peptide_id=37107&scanf=44586&charge=2&value=0,K.GSLDPESIFEMMETGK.R,/core/www/modules/show_out/show_out_wrapper.php?run_id=110202&search_id=114132&scans_id=110198&peptide_id=37107&scanf=44586&charge=2&value=K.GSLDPESIFEMMETGK.R,EXOSC7,2.400e+6,3.239,0.002,2.761,0.000
44593,3,"  3.098","  0.559",13/56,/core/www/modules//sdig/index.php?run_id=110202&search_id=114132&scans_id=110198&peptide_id=37115&scanf=44593&charge=3&value=13/56,sp|P07195|LDHB_HUMAN,/core/www/modules//consensus/?run_id=110202&search_id=114132&scans_id=110198&peptide_id=37115&scanf=44593&charge=3&value=sp|P07195|LDHB_HUMAN,5,/core/www/modules/match_peptides/blast_html4.php?run_id=110202&search_id=114132&scans_id=110198&peptide_id=37115&scanf=44593&charge=3&value=5,K.SLADELALVDVLEDK.L,/core/www/modules/show_out/show_out_wrapper.php?run_id=110202&search_id=114132&scans_id=110198&peptide_id=37115&scanf=44593&charge=3&value=K.SLADELALVDVLEDK.L,LDHB,1.569e+6,3.086,0.003,2.535,0.000
44597,2,"  2.190","  0.501",12/26,/core/www/modules//sdig/index.php?run_id=110202&search_id=114132&scans_id=110198&peptide_id=37119&scanf=44597&charge=2&value=12/26,sp|Q6P2Q9|PRP8_HUMAN,/core/www/modules//consensus/?run_id=110202&search_id=114132&scans_id=110198&peptide_id=37119&scanf=44597&charge=2&value=sp|Q6P2Q9|PRP8_HUMAN,1,/core/www/modules/match_peptides/blast_html4.php?run_id=110202&search_id=114132&scans_id=110198&peptide_id=37119&scanf=44597&charge=2&value=1,K.GTYFPTWEGLFWEK.A,/core/www/modules/show_out/show_out_wrapper.php?run_id=110202&search_id=114132&scans_id=110198&peptide_id=37119&scanf=44597&charge=2&value=K.GTYFPTWEGLFWEK.A,PRPF8,5.468e+6,3.127,0.003,2.595,0.000
44602,2,"  2.691","  0.589",12/26,/core/www/modules//sdig/index.php?run_id=110202&search_id=114132&scans_id=110198&peptide_id=37124&scanf=44602&charge=2&value=12/26,sp|Q6P2Q9|PRP8_HUMAN,/core/www/modules//consensus/?run_id=110202&search_id=114132&scans_id=110198&peptide_id=37124&scanf=44602&charge=2&value=sp|Q6P2Q9|PRP8_HUMAN,1,/core/www/modules/match_peptides/blast_html4.php?run_id=110202&search_id=114132&scans_id=110198&peptide_id=37124&scanf=44602&charge=2&value=1,K.GTYFPTWEGLFWEK.A,/core/www/modules/show_out/show_out_wrapper.php?run_id=110202&search_id=114132&scans_id=110198&peptide_id=37124&scanf=44602&charge=2&value=K.GTYFPTWEGLFWEK.A,PRPF8,5.468e+6,3.460,0.001,3.089,0.000
44606,3,"  2.393","  0.376",9/56,/core/www/modules//sdig/index.php?run_id=110202&search_id=114132&scans_id=110198&peptide_id=37128&scanf=44606&charge=3&value=9/56,sp|Q15149|PLEC_HUMAN,/core/www/modules//consensus/?run_id=110202&search_id=114132&scans_id=110198&peptide_id=37128&scanf=44606&charge=3&value=sp|Q15149|PLEC_HUMAN,5,/core/www/modules/match_peptides/blast_html4.php?run_id=110202&search_id=114132&scans_id=110198&peptide_id=37128&scanf=44606&charge=3&value=5,K.SIITYVSSLYDAMPR.V,/core/www/modules/show_out/show_out_wrapper.php?run_id=110202&search_id=114132&scans_id=110198&peptide_id=37128&scanf=44606&charge=3&value=K.SIITYVSSLYDAMPR.V,PLEC,7.457e+6,2.958,0.005,2.346,0.000
44611,3,"  4.912","  0.607",17/72,/core/www/modules//sdig/index.php?run_id=110202&search_id=114132&scans_id=110198&peptide_id=37134&scanf=44611&charge=3&value=17/72,sp|P63104|1433Z_HUMAN,/core/www/modules//consensus/?run_id=110202&search_id=114132&scans_id=110198&peptide_id=37134&scanf=44611&charge=3&value=sp|P63104|1433Z_HUMAN,4,/core/www/modules/match_peptides/blast_html4.php?run_id=110202&search_id=114132&scans_id=110198&peptide_id=37134&scanf=44611&charge=3&value=4,K.TAFDEAIAELDTLSEESYK.D,/core/www/modules/show_out/show_out_wrapper.php?run_id=110202&search_id=114132&scans_id=110198&peptide_id=37134&scanf=44611&charge=3&value=K.TAFDEAIAELDTLSEESYK.D,YWHAZ,5.193e+7,3.344,0.001,2.917,0.000
44619,3,"  7.591","  0.663",27/88,/core/www/modules//sdig/index.php?run_id=110202&search_id=114132&scans_id=110198&peptide_id=37141&scanf=44619&charge=3&value=27/88,sp|P13010|XRCC5_HUMAN,/core/www/modules//consensus/?run_id=110202&search_id=114132&scans_id=110198&peptide_id=37141&scanf=44619&charge=3&value=sp|P13010|XRCC5_HUMAN,0,/core/www/modules/match_peptides/blast_html4.php?run_id=110202&search_id=114132&scans_id=110198&peptide_id=37141&scanf=44619&charge=3&value=0,K.KYAPTEAQLNAVDALIDSMSLAK.K,/core/www/modules/show_out/show_out_wrapper.php?run_id=110202&search_id=114132&scans_id=110198&peptide_id=37141&scanf=44619&charge=3&value=K.KYAPTEAQLNAVDALIDSMSLAK.K,XRCC5,4.644e+6,3.495,0.001,3.141,0.000
44624,3,"  4.896","  0.669",17/96,/core/www/modules//sdig/index.php?run_id=110202&search_id=114132&scans_id=110198&peptide_id=37147&scanf=44624&charge=3&value=17/96,sp|P40227|TCPZ_HUMAN,/core/www/modules//consensus/?run_id=110202&search_id=114132&scans_id=110198&peptide_id=37147&scanf=44624&charge=3&value=sp|P40227|TCPZ_HUMAN,0,/core/www/modules/match_peptides/blast_html4.php?run_id=110202&search_id=114132&scans_id=110198&peptide_id=37147&scanf=44624&charge=3&value=0,K.VATAQDDITGDGTTSNVLIIGELLK.Q,/core/www/modules/show_out/show_out_wrapper.php?run_id=110202&search_id=114132&scans_id=110198&peptide_id=37147&scanf=44624&charge=3&value=K.VATAQDDITGDGTTSNVLIIGELLK.Q,CCT6A,3.756e+6,3.312,0.001,2.870,0.000
44628,2,"  2.885","  0.568",10/22,/core/www/modules//sdig/index.php?run_id=110202&search_id=114132&scans_id=110198&peptide_id=37151&scanf=44628&charge=2&value=10/22,sp|P62081|RS7_HUMAN,/core/www/modules//consensus/?run_id=110202&search_id=114132&scans_id=110198&peptide_id=37151&scanf=44628&charge=2&value=sp|P62081|RS7_HUMAN,1,/core/www/modules/match_peptides/blast_html4.php?run_id=110202&search_id=114132&scans_id=110198&peptide_id=37151&scanf=44628&charge=2&value=1,K.AIIIFVPVPQLK.S,/core/www/modules/show_out/show_out_wrapper.php?run_id=110202&search_id=114132&scans_id=110198&peptide_id=37151&scanf=44628&charge=2&value=K.AIIIFVPVPQLK.S,RPS7,1.069e+7,3.154,0.002,2.636,0.000
44639,2,"  5.441","  0.714",21/36,/core/www/modules//sdig/index.php?run_id=110202&search_id=114132&scans_id=110198&peptide_id=37162&scanf=44639&charge=2&value=21/36,sp|P08670|VIME_HUMAN,/core/www/modules//consensus/?run_id=110202&search_id=114132&scans_id=110198&peptide_id=37162&scanf=44639&charge=2&value=sp|P08670|VIME_HUMAN,3,/core/www/modules/match_peptides/blast_html4.php?run_id=110202&search_id=114132&scans_id=110198&peptide_id=37162&scanf=44639&charge=2&value=3,R.LLQDSVDFSLADAINTEFK.N,/core/www/modules/show_out/show_out_wrapper.php?run_id=110202&search_id=114132&scans_id=110198&peptide_id=37162&scanf=44639&charge=2&value=R.LLQDSVDFSLADAINTEFK.N,VIM,6.697e+7,4.224,0.000,4.222,0.000
44644,3,"  4.285","  0.590",15/72,/core/www/modules//sdig/index.php?run_id=110202&search_id=114132&scans_id=110198&peptide_id=37168&scanf=44644&charge=3&value=15/72,sp|O75533|SF3B1_HUMAN,/core/www/modules//consensus/?run_id=110202&search_id=114132&scans_id=110198&peptide_id=37168&scanf=44644&charge=3&value=sp|O75533|SF3B1_HUMAN,0,/core/www/modules/match_peptides/blast_html4.php?run_id=110202&search_id=114132&scans_id=110198&peptide_id=37168&scanf=44644&charge=3&value=0,K.AIGYLIPLMDAEYANYYTR.E,/core/www/modules/show_out/show_out_wrapper.php?run_id=110202&search_id=114132&scans_id=110198&peptide_id=37168&scanf=44644&charge=3&value=K.AIGYLIPLMDAEYANYYTR.E,SF3B1,4.622e+6,3.461,0.001,3.090,0.000
44645,2,"  2.414","  0.493",11/26,/core/www/modules//sdig/index.php?run_id=110202&search_id=114132&scans_id=110198&peptide_id=37169&scanf=44645&charge=2&value=11/26,sp|Q6P2Q9|PRP8_HUMAN,/core/www/modules//consensus/?run_id=110202&search_id=114132&scans_id=110198&peptide_id=37169&scanf=44645&charge=2&value=sp|Q6P2Q9|PRP8_HUMAN,1,/core/www/modules/match_peptides/blast_html4.php?run_id=110202&search_id=114132&scans_id=110198&peptide_id=37169&scanf=44645&charge=2&value=1,K.GTYFPTWEGLFWEK.A,/core/www/modules/show_out/show_out_wrapper.php?run_id=110202&search_id=114132&scans_id=110198&peptide_id=37169&scanf=44645&charge=2&value=K.GTYFPTWEGLFWEK.A,PRPF8,5.468e+6,3.062,0.003,2.499,0.000
44649,3,"  2.480","  0.520",12/56,/core/www/modules//sdig/index.php?run_id=110202&search_id=114132&scans_id=110198&peptide_id=37173&scanf=44649&charge=3&value=12/56,sp|P62191|PRS4_HUMAN,/core/www/modules//consensus/?run_id=110202&search_id=114132&scans_id=110198&peptide_id=37173&scanf=44649&charge=3&value=sp|P62191|PRS4_HUMAN,0,/core/www/modules/match_peptides/blast_html4.php?run_id=110202&search_id=114132&scans_id=110198&peptide_id=37173&scanf=44649&charge=3&value=0,R.TMLELLNQLDGFDSR.G,/core/www/modules/show_out/show_out_wrapper.php?run_id=110202&search_id=114132&scans_id=110198&peptide_id=37173&scanf=44649&charge=3&value=R.TMLELLNQLDGFDSR.G,PSMC1,7.321e+6,3.041,0.003,2.469,0.000
44651,3,"  3.925","  0.692",21/80,/core/www/modules//sdig/index.php?run_id=110202&search_id=114132&scans_id=110198&peptide_id=37175&scanf=44651&charge=3&value=21/80,sp|P19338|NUCL_HUMAN,/core/www/modules//consensus/?run_id=110202&search_id=114132&scans_id=110198&peptide_id=37175&scanf=44651&charge=3&value=sp|P19338|NUCL_HUMAN,10,/core/www/modules/match_peptides/blast_html4.php?run_id=110202&search_id=114132&scans_id=110198&peptide_id=37175&scanf=44651&charge=3&value=10,K.VEGTEPTTAFNLFVGNLNFNK.S,/core/www/modules/show_out/show_out_wrapper.php?run_id=110202&search_id=114132&scans_id=110198&peptide_id=37175&scanf=44651&charge=3&value=K.VEGTEPTTAFNLFVGNLNFNK.S,NCL,1.432e+8,3.753,0.000,3.524,0.000
44652,2,"  4.764","  0.591",19/30,/core/www/modules//sdig/index.php?run_id=110202&search_id=114132&scans_id=110198&peptide_id=37176&scanf=44652&charge=2&value=19/30,sp|P62195|PRS8_HUMAN,/core/www/modules//consensus/?run_id=110202&search_id=114132&scans_id=110198&peptide_id=37176&scanf=44652&charge=2&value=sp|P62195|PRS8_HUMAN,0,/core/www/modules/match_peptides/blast_html4.php?run_id=110202&search_id=114132&scans_id=110198&peptide_id=37176&scanf=44652&charge=2&value=0,R.TMLELLNQLDGFEATK.N,/core/www/modules/show_out/show_out_wrapper.php?run_id=110202&search_id=114132&scans_id=110198&peptide_id=37176&scanf=44652&charge=2&value=R.TMLELLNQLDGFEATK.N,PSMC5,6.044e+6,3.579,0.001,3.266,0.000
44658,2,"  3.527","  0.518",13/28,/core/www/modules//sdig/index.php?run_id=110202&search_id=114132&scans_id=110198&peptide_id=37182&scanf=44658&charge=2&value=13/28,sp|P07195|LDHB_HUMAN,/core/www/modules//consensus/?run_id=110202&search_id=114132&scans_id=110198&peptide_id=37182&scanf=44658&charge=2&value=sp|P07195|LDHB_HUMAN,5,/core/www/modules/match_peptides/blast_html4.php?run_id=110202&search_id=114132&scans_id=110198&peptide_id=37182&scanf=44658&charge=2&value=5,K.SLADELALVDVLEDK.L,/core/www/modules/show_out/show_out_wrapper.php?run_id=110202&search_id=114132&scans_id=110198&peptide_id=37182&scanf=44658&charge=2&value=K.SLADELALVDVLEDK.L,LDHB,1.017e+7,3.019,0.004,2.436,0.000
44661,2,"  5.031","  0.666",20/36,/core/www/modules//sdig/index.php?run_id=110202&search_id=114132&scans_id=110198&peptide_id=37186&scanf=44661&charge=2&value=20/36,sp|P08670|VIME_HUMAN,/core/www/modules//consensus/?run_id=110202&search_id=114132&scans_id=110198&peptide_id=37186&scanf=44661&charge=2&value=sp|P08670|VIME_HUMAN,3,/core/www/modules/match_peptides/blast_html4.php?run_id=110202&search_id=114132&scans_id=110198&peptide_id=37186&scanf=44661&charge=2&value=3,R.LLQDSVDFSLADAINTEFK.N,/core/www/modules/show_out/show_out_wrapper.php?run_id=110202&search_id=114132&scans_id=110198&peptide_id=37186&scanf=44661&charge=2&value=R.LLQDSVDFSLADAINTEFK.N,VIM,3.971e+6,4.006,0.000,3.898,0.000
44666,3,"  1.637","  0.300",14/72,/core/www/modules//sdig/index.php?run_id=110202&search_id=114132&scans_id=110198&peptide_id=37190&scanf=44666&charge=3&value=14/72,sp|P31150|GDIA_HUMAN,/core/www/modules//consensus/?run_id=110202&search_id=114132&scans_id=110198&peptide_id=37190&scanf=44666&charge=3&value=sp|P31150|GDIA_HUMAN,0,/core/www/modules/match_peptides/blast_html4.php?run_id=110202&search_id=114132&scans_id=110198&peptide_id=37190&scanf=44666&charge=3&value=0,K.VPSTETEALASNLMGMFEK.R,/core/www/modules/show_out/show_out_wrapper.php?run_id=110202&search_id=114132&scans_id=110198&peptide_id=37190&scanf=44666&charge=3&value=K.VPSTETEALASNLMGMFEK.R,GDI1,2.815e+6,2.029,0.098,1.011,0.005
44672,2,"  3.348","  0.571",14/30,/core/www/modules//sdig/index.php?run_id=110202&search_id=114132&scans_id=110198&peptide_id=37197&scanf=44672&charge=2&value=14/30,sp|Q15024|EXOS7_HUMAN,/core/www/modules//consensus/?run_id=110202&search_id=114132&scans_id=110198&peptide_id=37197&scanf=44672&charge=2&value=sp|Q15024|EXOS7_HUMAN,0,/core/www/modules/match_peptides/blast_html4.php?run_id=110202&search_id=114132&scans_id=110198&peptide_id=37197&scanf=44672&charge=2&value=0,K.GSLDPESIFEMMETGK.R,/core/www/modules/show_out/show_out_wrapper.php?run_id=110202&search_id=114132&scans_id=110198&peptide_id=37197&scanf=44672&charge=2&value=K.GSLDPESIFEMMETGK.R,EXOSC7,2.400e+6,3.109,0.003,2.569,0.000
44675,3,"  2.998","  0.646",14/60,/core/www/modules//sdig/index.php?run_id=110202&search_id=114132&scans_id=110198&peptide_id=37199&scanf=44675&charge=3&value=14/60,sp|P62195|PRS8_HUMAN,/core/www/modules//consensus/?run_id=110202&search_id=114132&scans_id=110198&peptide_id=37199&scanf=44675&charge=3&value=sp|P62195|PRS8_HUMAN,0,/core/www/modules/match_peptides/blast_html4.php?run_id=110202&search_id=114132&scans_id=110198&peptide_id=37199&scanf=44675&charge=3&value=0,R.TMLELLNQLDGFEATK.N,/core/www/modules/show_out/show_out_wrapper.php?run_id=110202&search_id=114132&scans_id=110198&peptide_id=37199&scanf=44675&charge=3&value=R.TMLELLNQLDGFEATK.N,PSMC5,3.198e+6,3.500,0.001,3.148,0.000
44676,3,"  2.002","  0.382",10/52,/core/www/modules//sdig/index.php?run_id=110202&search_id=114132&scans_id=110198&peptide_id=37200&scanf=44676&charge=3&value=10/52,sp|P78527|PRKDC_HUMAN,/core/www/modules//consensus/?run_id=110202&search_id=114132&scans_id=110198&peptide_id=37200&scanf=44676&charge=3&value=sp|P78527|PRKDC_HUMAN,1,/core/www/modules/match_peptides/blast_html4.php?run_id=110202&search_id=114132&scans_id=110198&peptide_id=37200&scanf=44676&charge=3&value=1,K.MDPMNIWDDIITNR.C,/core/www/modules/show_out/show_out_wrapper.php?run_id=110202&search_id=114132&scans_id=110198&peptide_id=37200&scanf=44676&charge=3&value=K.MDPMNIWDDIITNR.C,PRKDC,3.010e+7,3.345,0.001,2.919,0.000
44684,3,"  5.221","  0.626",19/88,/core/www/modules//sdig/index.php?run_id=110202&search_id=114132&scans_id=110198&peptide_id=37209&scanf=44684&charge=3&value=19/88,sp|P13010|XRCC5_HUMAN,/core/www/modules//consensus/?run_id=110202&search_id=114132&scans_id=110198&peptide_id=37209&scanf=44684&charge=3&value=sp|P13010|XRCC5_HUMAN,0,/core/www/modules/match_peptides/blast_html4.php?run_id=110202&search_id=114132&scans_id=110198&peptide_id=37209&scanf=44684&charge=3&value=0,K.KYAPTEAQLNAVDALIDSMSLAK.K,/core/www/modules/show_out/show_out_wrapper.php?run_id=110202&search_id=114132&scans_id=110198&peptide_id=37209&scanf=44684&charge=3&value=K.KYAPTEAQLNAVDALIDSMSLAK.K,XRCC5,4.644e+6,3.105,0.003,2.563,0.000
44686,2,"  4.756","  0.628",17/30,/core/www/modules//sdig/index.php?run_id=110202&search_id=114132&scans_id=110198&peptide_id=37211&scanf=44686&charge=2&value=17/30,sp|P62195|PRS8_HUMAN,/core/www/modules//consensus/?run_id=110202&search_id=114132&scans_id=110198&peptide_id=37211&scanf=44686&charge=2&value=sp|P62195|PRS8_HUMAN,0,/core/www/modules/match_peptides/blast_html4.php?run_id=110202&search_id=114132&scans_id=110198&peptide_id=37211&scanf=44686&charge=2&value=0,R.TMLELLNQLDGFEATK.N,/core/www/modules/show_out/show_out_wrapper.php?run_id=110202&search_id=114132&scans_id=110198&peptide_id=37211&scanf=44686&charge=2&value=R.TMLELLNQLDGFEATK.N,PSMC5,6.044e+6,3.610,0.000,3.312,0.000
44692,2,"  4.444","  0.705",19/36,/core/www/modules//sdig/index.php?run_id=110202&search_id=114132&scans_id=110198&peptide_id=37217&scanf=44692&charge=2&value=19/36,sp|O75533|SF3B1_HUMAN,/core/www/modules//consensus/?run_id=110202&search_id=114132&scans_id=110198&peptide_id=37217&scanf=44692&charge=2&value=sp|O75533|SF3B1_HUMAN,0,/core/www/modules/match_peptides/blast_html4.php?run_id=110202&search_id=114132&scans_id=110198&peptide_id=37217&scanf=44692&charge=2&value=0,K.AIGYLIPLMDAEYANYYTR.E,/core/www/modules/show_out/show_out_wrapper.php?run_id=110202&search_id=114132&scans_id=110198&peptide_id=37217&scanf=44692&charge=2&value=K.AIGYLIPLMDAEYANYYTR.E,SF3B1,1.572e+6,3.854,0.000,3.673,0.000
44693,2,"  3.086","  0.560",14/24,/core/www/modules//sdig/index.php?run_id=110202&search_id=114132&scans_id=110198&peptide_id=37218&scanf=44693&charge=2&value=14/24,sp|Q13619|CUL4A_HUMAN,/core/www/modules//consensus/?run_id=110202&search_id=114132&scans_id=110198&peptide_id=37218&scanf=44693&charge=2&value=sp|Q13619|CUL4A_HUMAN,1,/core/www/modules/match_peptides/blast_html4.php?run_id=110202&search_id=114132&scans_id=110198&peptide_id=37218&scanf=44693&charge=2&value=1,R.SLLGMLSDLQVYK.D,/core/www/modules/show_out/show_out_wrapper.php?run_id=110202&search_id=114132&scans_id=110198&peptide_id=37218&scanf=44693&charge=2&value=R.SLLGMLSDLQVYK.D,CUL4A,1.728e+6,3.291,0.001,2.839,0.000
44694,3,"  1.934","  0.380",12/64,/core/www/modules//sdig/index.php?run_id=110202&search_id=114132&scans_id=110198&peptide_id=37219&scanf=44694&charge=3&value=12/64,sp|O43837|IDH3B_HUMAN,/core/www/modules//consensus/?run_id=110202&search_id=114132&scans_id=110198&peptide_id=37219&scanf=44694&charge=3&value=sp|O43837|IDH3B_HUMAN,3,/core/www/modules/match_peptides/blast_html4.php?run_id=110202&search_id=114132&scans_id=110198&peptide_id=37219&scanf=44694&charge=3&value=3,R.NIANPTAMLLSASNMLR.H,/core/www/modules/show_out/show_out_wrapper.php?run_id=110202&search_id=114132&scans_id=110198&peptide_id=37219&scanf=44694&charge=3&value=R.NIANPTAMLLSASNMLR.H,IDH3B,2.372e+6,2.412,0.028,1.547,0.001
44697,3,"  2.355","  0.397",13/68,/core/www/modules//sdig/index.php?run_id=110202&search_id=114132&scans_id=110198&peptide_id=37222&scanf=44697&charge=3&value=13/68,sp|O60293|ZC3H1_HUMAN,/core/www/modules//consensus/?run_id=110202&search_id=114132&scans_id=110198&peptide_id=37222&scanf=44697&charge=3&value=sp|O60293|ZC3H1_HUMAN,0,/core/www/modules/match_peptides/blast_html4.php?run_id=110202&search_id=114132&scans_id=110198&peptide_id=37222&scanf=44697&charge=3&value=0,R.MSMDQMAVLLVSNINESK.G,/core/www/modules/show_out/show_out_wrapper.php?run_id=110202&search_id=114132&scans_id=110198&peptide_id=37222&scanf=44697&charge=3&value=R.MSMDQMAVLLVSNINESK.G,ZFC3H1,2.525e+6,2.422,0.027,1.561,0.001
44699,3,"  3.951","  0.448",13/80,/core/www/modules//sdig/index.php?run_id=110202&search_id=114132&scans_id=110198&peptide_id=37224&scanf=44699&charge=3&value=13/80,sp|P0DPH7|TBA3C_HUMAN,/core/www/modules//consensus/?run_id=110202&search_id=114132&scans_id=110198&peptide_id=37224&scanf=44699&charge=3&value=sp|P0DPH7|TBA3C_HUMAN,13,/core/www/modules/match_peptides/blast_html4.php?run_id=110202&search_id=114132&scans_id=110198&peptide_id=37224&scanf=44699&charge=3&value=13,R.FDGALNVDLTEFQTNLVPYPR.I,/core/www/modules/show_out/show_out_wrapper.php?run_id=110202&search_id=114132&scans_id=110198&peptide_id=37224&scanf=44699&charge=3&value=R.FDGALNVDLTEFQTNLVPYPR.I,TUBA3C,2.236e+7,2.492,0.022,1.663,0.001
44710,3,"  4.343","  0.652",15/96,/core/www/modules//sdig/index.php?run_id=110202&search_id=114132&scans_id=110198&peptide_id=37237&scanf=44710&charge=3&value=15/96,sp|P40227|TCPZ_HUMAN,/core/www/modules//consensus/?run_id=110202&search_id=114132&scans_id=110198&peptide_id=37237&scanf=44710&charge=3&value=sp|P40227|TCPZ_HUMAN,0,/core/www/modules/match_peptides/blast_html4.php?run_id=110202&search_id=114132&scans_id=110198&peptide_id=37237&scanf=44710&charge=3&value=0,K.VATAQDDITGDGTTSNVLIIGELLK.Q,/core/www/modules/show_out/show_out_wrapper.php?run_id=110202&search_id=114132&scans_id=110198&peptide_id=37237&scanf=44710&charge=3&value=K.VATAQDDITGDGTTSNVLIIGELLK.Q,CCT6A,3.756e+6,3.168,0.002,2.657,0.000
44713,3,"  3.692","  0.608",15/68,/core/www/modules//sdig/index.php?run_id=110202&search_id=114132&scans_id=110198&peptide_id=37239&scanf=44713&charge=3&value=15/68,sp|O75643|U520_HUMAN,/core/www/modules//consensus/?run_id=110202&search_id=114132&scans_id=110198&peptide_id=37239&scanf=44713&charge=3&value=sp|O75643|U520_HUMAN,0,/core/www/modules/match_peptides/blast_html4.php?run_id=110202&search_id=114132&scans_id=110198&peptide_id=37239&scanf=44713&charge=3&value=0,R.GLIEIISNAAEYENIPIR.H,/core/www/modules/show_out/show_out_wrapper.php?run_id=110202&search_id=114132&scans_id=110198&peptide_id=37239&scanf=44713&charge=3&value=R.GLIEIISNAAEYENIPIR.H,SNRNP200,1.493e+7,3.501,0.001,3.150,0.000
44716,2,"  2.230","  0.369",11/20,/core/www/modules//sdig/index.php?run_id=110202&search_id=114132&scans_id=110198&peptide_id=37242&scanf=44716&charge=2&value=11/20,sp|P53618|COPB_HUMAN,/core/www/modules//consensus/?run_id=110202&search_id=114132&scans_id=110198&peptide_id=37242&scanf=44716&charge=2&value=sp|P53618|COPB_HUMAN,1,/core/www/modules/match_peptides/blast_html4.php?run_id=110202&search_id=114132&scans_id=110198&peptide_id=37242&scanf=44716&charge=2&value=1,R.VLQDLVMDILR.V,/core/www/modules/show_out/show_out_wrapper.php?run_id=110202&search_id=114132&scans_id=110198&peptide_id=37242&scanf=44716&charge=2&value=R.VLQDLVMDILR.V,COPB1,1.135e+7,2.770,0.009,2.068,0.000
44724,2,"  2.448","  0.414",11/20,/core/www/modules//sdig/index.php?run_id=110202&search_id=114132&scans_id=110198&peptide_id=37250&scanf=44724&charge=2&value=11/20,sp|P53618|COPB_HUMAN,/core/www/modules//consensus/?run_id=110202&search_id=114132&scans_id=110198&peptide_id=37250&scanf=44724&charge=2&value=sp|P53618|COPB_HUMAN,1,/core/www/modules/match_peptides/blast_html4.php?run_id=110202&search_id=114132&scans_id=110198&peptide_id=37250&scanf=44724&charge=2&value=1,R.VLQDLVMDILR.V,/core/www/modules/show_out/show_out_wrapper.php?run_id=110202&search_id=114132&scans_id=110198&peptide_id=37250&scanf=44724&charge=2&value=R.VLQDLVMDILR.V,COPB1,1.135e+7,2.932,0.005,2.307,0.000
44725,2,"  3.230","  0.558",15/28,/core/www/modules//sdig/index.php?run_id=110202&search_id=114132&scans_id=110198&peptide_id=37251&scanf=44725&charge=2&value=15/28,sp|Q9H0D6|XRN2_HUMAN,/core/www/modules//consensus/?run_id=110202&search_id=114132&scans_id=110198&peptide_id=37251&scanf=44725&charge=2&value=sp|Q9H0D6|XRN2_HUMAN,0,/core/www/modules/match_peptides/blast_html4.php?run_id=110202&search_id=114132&scans_id=110198&peptide_id=37251&scanf=44725&charge=2&value=0,K.YAWQGVALLPFVDER.R,/core/www/modules/show_out/show_out_wrapper.php?run_id=110202&search_id=114132&scans_id=110198&peptide_id=37251&scanf=44725&charge=2&value=K.YAWQGVALLPFVDER.R,XRN2,3.413e+6,3.233,0.002,2.753,0.000
44729,2,"  4.232","  0.709",17/32,/core/www/modules//sdig/index.php?run_id=110202&search_id=114132&scans_id=110198&peptide_id=37255&scanf=44729&charge=2&value=17/32,sp|O43837|IDH3B_HUMAN,/core/www/modules//consensus/?run_id=110202&search_id=114132&scans_id=110198&peptide_id=37255&scanf=44729&charge=2&value=sp|O43837|IDH3B_HUMAN,3,/core/www/modules/match_peptides/blast_html4.php?run_id=110202&search_id=114132&scans_id=110198&peptide_id=37255&scanf=44729&charge=2&value=3,R.NIANPTAMLLSASNMLR.H,/core/www/modules/show_out/show_out_wrapper.php?run_id=110202&search_id=114132&scans_id=110198&peptide_id=37255&scanf=44729&charge=2&value=R.NIANPTAMLLSASNMLR.H,IDH3B,3.159e+6,3.704,0.000,3.451,0.000
44730,3,"  2.182","  0.462",10/80,/core/www/modules//sdig/index.php?run_id=110202&search_id=114132&scans_id=110198&peptide_id=37257&scanf=44730&charge=3&value=10/80,sp|Q96ST3|SIN3A_HUMAN,/core/www/modules//consensus/?run_id=110202&search_id=114132&scans_id=110198&peptide_id=37257&scanf=44730&charge=3&value=sp|Q96ST3|SIN3A_HUMAN,0,/core/www/modules/match_peptides/blast_html4.php?run_id=110202&search_id=114132&scans_id=110198&peptide_id=37257&scanf=44730&charge=3&value=0,R.LKEPMDVDVEDYYPAFLDMVR.S,/core/www/modules/show_out/show_out_wrapper.php?run_id=110202&search_id=114132&scans_id=110198&peptide_id=37257&scanf=44730&charge=3&value=R.LKEPMDVDVEDYYPAFLDMVR.S,SIN3A,1.375e+6,2.115,0.075,1.128,0.002
44733,2,"  2.923","  0.582",11/32,/core/www/modules//sdig/index.php?run_id=110202&search_id=114132&scans_id=110198&peptide_id=37260&scanf=44733&charge=2&value=11/32,sp|Q14692|BMS1_HUMAN,/core/www/modules//consensus/?run_id=110202&search_id=114132&scans_id=110198&peptide_id=37260&scanf=44733&charge=2&value=sp|Q14692|BMS1_HUMAN,0,/core/www/modules/match_peptides/blast_html4.php?run_id=110202&search_id=114132&scans_id=110198&peptide_id=37260&scanf=44733&charge=2&value=0,R.TPLEPPPIVVVVMGPPK.V,/core/www/modules/show_out/show_out_wrapper.php?run_id=110202&search_id=114132&scans_id=110198&peptide_id=37260&scanf=44733&charge=2&value=R.TPLEPPPIVVVVMGPPK.V,BMS1,1.804e+6,2.978,0.004,2.376,0.000
44738,2,"  2.448","  0.000",11/26,/core/www/modules//sdig/index.php?run_id=110202&search_id=114132&scans_id=110198&peptide_id=37265&scanf=44738&charge=2&value=11/26,sp|O00425|IF2B3_HUMAN,/core/www/modules//consensus/?run_id=110202&search_id=114132&scans_id=110198&peptide_id=37265&scanf=44738&charge=2&value=sp|O00425|IF2B3_HUMAN,1,/core/www/modules/match_peptides/blast_html4.php?run_id=110202&search_id=114132&scans_id=110198&peptide_id=37265&scanf=44738&charge=2&value=1,R.LLVPTQFVGAIIGK.E,/core/www/modules/show_out/show_out_wrapper.php?run_id=110202&search_id=114132&scans_id=110198&peptide_id=37265&scanf=44738&charge=2&value=R.LLVPTQFVGAIIGK.E,IGF2BP3,2.544e+7,2.908,0.005,2.272,0.000
44741,2,"  2.472","  0.285",12/22,/core/www/modules//sdig/index.php?run_id=110202&search_id=114132&scans_id=110198&peptide_id=37269&scanf=44741&charge=2&value=12/22,sp|P61978|HNRPK_HUMAN,/core/www/modules//consensus/?run_id=110202&search_id=114132&scans_id=110198&peptide_id=37269&scanf=44741&charge=2&value=sp|P61978|HNRPK_HUMAN,1,/core/www/modules/match_peptides/blast_html4.php?run_id=110202&search_id=114132&scans_id=110198&peptide_id=37269&scanf=44741&charge=2&value=1,K.IILDLISESPIK.G,/core/www/modules/show_out/show_out_wrapper.php?run_id=110202&search_id=114132&scans_id=110198&peptide_id=37269&scanf=44741&charge=2&value=K.IILDLISESPIK.G,HNRNPK,1.441e+6,2.540,0.019,1.732,0.000
44747,2,"  4.490","  0.758",21/36,/core/www/modules//sdig/index.php?run_id=110202&search_id=114132&scans_id=110198&peptide_id=37274&scanf=44747&charge=2&value=21/36,sp|Q99729|ROAA_HUMAN,/core/www/modules//consensus/?run_id=110202&search_id=114132&scans_id=110198&peptide_id=37274&scanf=44747&charge=2&value=sp|Q99729|ROAA_HUMAN,3,/core/www/modules/match_peptides/blast_html4.php?run_id=110202&search_id=114132&scans_id=110198&peptide_id=37274&scanf=44747&charge=2&value=3,R.EYFGEFGEIEAIELPMDPK.L,/core/www/modules/show_out/show_out_wrapper.php?run_id=110202&search_id=114132&scans_id=110198&peptide_id=37274&scanf=44747&charge=2&value=R.EYFGEFGEIEAIELPMDPK.L,HNRNPAB,2.608e+6,3.847,0.000,3.663,0.000
44751,2,"  2.462","  0.568",9/22,/core/www/modules//sdig/index.php?run_id=110202&search_id=114132&scans_id=110198&peptide_id=37279&scanf=44751&charge=2&value=9/22,sp|P62081|RS7_HUMAN,/core/www/modules//consensus/?run_id=110202&search_id=114132&scans_id=110198&peptide_id=37279&scanf=44751&charge=2&value=sp|P62081|RS7_HUMAN,1,/core/www/modules/match_peptides/blast_html4.php?run_id=110202&search_id=114132&scans_id=110198&peptide_id=37279&scanf=44751&charge=2&value=1,K.AIIIFVPVPQLK.S,/core/www/modules/show_out/show_out_wrapper.php?run_id=110202&search_id=114132&scans_id=110198&peptide_id=37279&scanf=44751&charge=2&value=K.AIIIFVPVPQLK.S,RPS7,1.069e+7,3.094,0.003,2.546,0.000
44752,3,"  4.177","  0.557",13/60,/core/www/modules//sdig/index.php?run_id=110202&search_id=114132&scans_id=110198&peptide_id=37280&scanf=44752&charge=3&value=13/60,sp|P62195|PRS8_HUMAN,/core/www/modules//consensus/?run_id=110202&search_id=114132&scans_id=110198&peptide_id=37280&scanf=44752&charge=3&value=sp|P62195|PRS8_HUMAN,0,/core/www/modules/match_peptides/blast_html4.php?run_id=110202&search_id=114132&scans_id=110198&peptide_id=37280&scanf=44752&charge=3&value=0,R.TMLELLNQLDGFEATK.N,/core/www/modules/show_out/show_out_wrapper.php?run_id=110202&search_id=114132&scans_id=110198&peptide_id=37280&scanf=44752&charge=3&value=R.TMLELLNQLDGFEATK.N,PSMC5,3.198e+6,3.238,0.002,2.760,0.000
44758,2,"  3.763","  0.649",17/26,/core/www/modules//sdig/index.php?run_id=110202&search_id=114132&scans_id=110198&peptide_id=37286&scanf=44758&charge=2&value=17/26,sp|P78527|PRKDC_HUMAN,/core/www/modules//consensus/?run_id=110202&search_id=114132&scans_id=110198&peptide_id=37286&scanf=44758&charge=2&value=sp|P78527|PRKDC_HUMAN,1,/core/www/modules/match_peptides/blast_html4.php?run_id=110202&search_id=114132&scans_id=110198&peptide_id=37286&scanf=44758&charge=2&value=1,K.MDPMNIWDDIITNR.C,/core/www/modules/show_out/show_out_wrapper.php?run_id=110202&search_id=114132&scans_id=110198&peptide_id=37286&scanf=44758&charge=2&value=K.MDPMNIWDDIITNR.C,PRKDC,4.007e+7,4.603,0.000,4.783,0.000
44760,3,"  3.945","  0.679",18/72,/core/www/modules//sdig/index.php?run_id=110202&search_id=114132&scans_id=110198&peptide_id=37288&scanf=44760&charge=3&value=18/72,sp|P04908|H2A1B_HUMAN,/core/www/modules//consensus/?run_id=110202&search_id=114132&scans_id=110198&peptide_id=37288&scanf=44760&charge=3&value=sp|P04908|H2A1B_HUMAN,12,/core/www/modules/match_peptides/blast_html4.php?run_id=110202&search_id=114132&scans_id=110198&peptide_id=37288&scanf=44760&charge=3&value=12,R.VTIAQGGVLPNIQAVLLPK.K,/core/www/modules/show_out/show_out_wrapper.php?run_id=110202&search_id=114132&scans_id=110198&peptide_id=37288&scanf=44760&charge=3&value=R.VTIAQGGVLPNIQAVLLPK.K,H2AC8,1.157e+9,3.743,0.000,3.509,0.000
44761,3,"  5.055","  0.724",19/72,/core/www/modules//sdig/index.php?run_id=110202&search_id=114132&scans_id=110198&peptide_id=37289&scanf=44761&charge=3&value=19/72,sp|O75533|SF3B1_HUMAN,/core/www/modules//consensus/?run_id=110202&search_id=114132&scans_id=110198&peptide_id=37289&scanf=44761&charge=3&value=sp|O75533|SF3B1_HUMAN,0,/core/www/modules/match_peptides/blast_html4.php?run_id=110202&search_id=114132&scans_id=110198&peptide_id=37289&scanf=44761&charge=3&value=0,K.AIGYLIPLMDAEYANYYTR.E,/core/www/modules/show_out/show_out_wrapper.php?run_id=110202&search_id=114132&scans_id=110198&peptide_id=37289&scanf=44761&charge=3&value=K.AIGYLIPLMDAEYANYYTR.E,SF3B1,4.622e+6,3.968,0.000,3.841,0.000
44762,2,"  3.815","  0.628",16/30,/core/www/modules//sdig/index.php?run_id=110202&search_id=114132&scans_id=110198&peptide_id=37290&scanf=44762&charge=2&value=16/30,sp|Q12789|TF3C1_HUMAN,/core/www/modules//consensus/?run_id=110202&search_id=114132&scans_id=110198&peptide_id=37290&scanf=44762&charge=2&value=sp|Q12789|TF3C1_HUMAN,0,/core/www/modules/match_peptides/blast_html4.php?run_id=110202&search_id=114132&scans_id=110198&peptide_id=37290&scanf=44762&charge=2&value=0,R.NSNLEIPDTLQELFAR.Y,/core/www/modules/show_out/show_out_wrapper.php?run_id=110202&search_id=114132&scans_id=110198&peptide_id=37290&scanf=44762&charge=2&value=R.NSNLEIPDTLQELFAR.Y,GTF3C1,2.592e+6,3.455,0.001,3.081,0.000
44763,2,"  2.551","  0.591",15/24,/core/www/modules//sdig/index.php?run_id=110202&search_id=114132&scans_id=110198&peptide_id=37291&scanf=44763&charge=2&value=15/24,sp|Q71RC2|LARP4_HUMAN,/core/www/modules//consensus/?run_id=110202&search_id=114132&scans_id=110198&peptide_id=37291&scanf=44763&charge=2&value=sp|Q71RC2|LARP4_HUMAN,3,/core/www/modules/match_peptides/blast_html4.php?run_id=110202&search_id=114132&scans_id=110198&peptide_id=37291&scanf=44763&charge=2&value=3,K.LTTDPDLILEVLR.S,/core/www/modules/show_out/show_out_wrapper.php?run_id=110202&search_id=114132&scans_id=110198&peptide_id=37291&scanf=44763&charge=2&value=K.LTTDPDLILEVLR.S,LARP4,1.717e+6,3.470,0.001,3.104,0.000
44772,2,"  3.696","  0.625",15/24,/core/www/modules//sdig/index.php?run_id=110202&search_id=114132&scans_id=110198&peptide_id=37299&scanf=44772&charge=2&value=15/24,sp|O95793|STAU1_HUMAN,/core/www/modules//consensus/?run_id=110202&search_id=114132&scans_id=110198&peptide_id=37299&scanf=44772&charge=2&value=sp|O95793|STAU1_HUMAN,1,/core/www/modules/match_peptides/blast_html4.php?run_id=110202&search_id=114132&scans_id=110198&peptide_id=37299&scanf=44772&charge=2&value=1,R.NAAENMLEILGFK.V,/core/www/modules/show_out/show_out_wrapper.php?run_id=110202&search_id=114132&scans_id=110198&peptide_id=37299&scanf=44772&charge=2&value=R.NAAENMLEILGFK.V,STAU1,2.281e+7,3.717,0.000,3.470,0.000
44774,2,"  4.551","  0.779",23/36,/core/www/modules//sdig/index.php?run_id=110202&search_id=114132&scans_id=110198&peptide_id=37301&scanf=44774&charge=2&value=23/36,sp|Q99729|ROAA_HUMAN,/core/www/modules//consensus/?run_id=110202&search_id=114132&scans_id=110198&peptide_id=37301&scanf=44774&charge=2&value=sp|Q99729|ROAA_HUMAN,3,/core/www/modules/match_peptides/blast_html4.php?run_id=110202&search_id=114132&scans_id=110198&peptide_id=37301&scanf=44774&charge=2&value=3,R.EYFGEFGEIEAIELPMDPK.L,/core/www/modules/show_out/show_out_wrapper.php?run_id=110202&search_id=114132&scans_id=110198&peptide_id=37301&scanf=44774&charge=2&value=R.EYFGEFGEIEAIELPMDPK.L,HNRNPAB,2.608e+6,4.028,0.000,3.930,0.000
44777,2,"  3.129","  0.140",16/28,/core/www/modules//sdig/index.php?run_id=110202&search_id=114132&scans_id=110198&peptide_id=37304&scanf=44777&charge=2&value=16/28,sp|O60814|H2B1K_HUMAN,/core/www/modules//consensus/?run_id=110202&search_id=114132&scans_id=110198&peptide_id=37304&scanf=44777&charge=2&value=sp|O60814|H2B1K_HUMAN,14,/core/www/modules/match_peptides/blast_html4.php?run_id=110202&search_id=114132&scans_id=110198&peptide_id=37304&scanf=44777&charge=2&value=14,K.AM*GIMNSFVNDIFER.I,/core/www/modules/show_out/show_out_wrapper.php?run_id=110202&search_id=114132&scans_id=110198&peptide_id=37304&scanf=44777&charge=2&value=K.AM*GIMNSFVNDIFER.I,H2BC12,6.638e+7,3.648,0.000,3.367,0.000
44787,2,"  2.805","  0.567",13/22,/core/www/modules//sdig/index.php?run_id=110202&search_id=114132&scans_id=110198&peptide_id=37314&scanf=44787&charge=2&value=13/22,sp|Q9H8V3|ECT2_HUMAN,/core/www/modules//consensus/?run_id=110202&search_id=114132&scans_id=110198&peptide_id=37314&scanf=44787&charge=2&value=sp|Q9H8V3|ECT2_HUMAN,0,/core/www/modules/match_peptides/blast_html4.php?run_id=110202&search_id=114132&scans_id=110198&peptide_id=37314&scanf=44787&charge=2&value=0,R.LPSVALLLNDLK.K,/core/www/modules/show_out/show_out_wrapper.php?run_id=110202&search_id=114132&scans_id=110198&peptide_id=37314&scanf=44787&charge=2&value=R.LPSVALLLNDLK.K,ECT2,1.363e+6,3.389,0.001,2.984,0.000
44794,3,"  2.003","  0.310",11/72,/core/www/modules//sdig/index.php?run_id=110202&search_id=114132&scans_id=110198&peptide_id=37322&scanf=44794&charge=3&value=11/72,sp|Q99729|ROAA_HUMAN,/core/www/modules//consensus/?run_id=110202&search_id=114132&scans_id=110198&peptide_id=37322&scanf=44794&charge=3&value=sp|Q99729|ROAA_HUMAN,3,/core/www/modules/match_peptides/blast_html4.php?run_id=110202&search_id=114132&scans_id=110198&peptide_id=37322&scanf=44794&charge=3&value=3,R.EYFGEFGEIEAIELPMDPK.L,/core/www/modules/show_out/show_out_wrapper.php?run_id=110202&search_id=114132&scans_id=110198&peptide_id=37322&scanf=44794&charge=3&value=R.EYFGEFGEIEAIELPMDPK.L,HNRNPAB,6.344e+6,2.153,0.066,1.179,0.002
44798,3,"  2.402","  0.515",14/68,/core/www/modules//sdig/index.php?run_id=110202&search_id=114132&scans_id=110198&peptide_id=37325&scanf=44798&charge=3&value=14/68,sp|Q15773|MLF2_HUMAN,/core/www/modules//consensus/?run_id=110202&search_id=114132&scans_id=110198&peptide_id=37325&scanf=44798&charge=3&value=sp|Q15773|MLF2_HUMAN,3,/core/www/modules/match_peptides/blast_html4.php?run_id=110202&search_id=114132&scans_id=110198&peptide_id=37325&scanf=44798&charge=3&value=3,R.DVEPEDPMFLMDPFAIHR.Q,/core/www/modules/show_out/show_out_wrapper.php?run_id=110202&search_id=114132&scans_id=110198&peptide_id=37325&scanf=44798&charge=3&value=R.DVEPEDPMFLMDPFAIHR.Q,MLF2,1.203e+6,2.897,0.006,2.256,0.000
44800,2,"  2.276","  0.334",6/28,/core/www/modules//sdig/index.php?run_id=110202&search_id=114132&scans_id=110198&peptide_id=37328&scanf=44800&charge=2&value=6/28,sp|P34932|HSP74_HUMAN,/core/www/modules//consensus/?run_id=110202&search_id=114132&scans_id=110198&peptide_id=37328&scanf=44800&charge=2&value=sp|P34932|HSP74_HUMAN,0,/core/www/modules/match_peptides/blast_html4.php?run_id=110202&search_id=114132&scans_id=110198&peptide_id=37328&scanf=44800&charge=2&value=0,R.EFSITDVVPYPISLR.W,/core/www/modules/show_out/show_out_wrapper.php?run_id=110202&search_id=114132&scans_id=110198&peptide_id=37328&scanf=44800&charge=2&value=R.EFSITDVVPYPISLR.W,HSPA4,1.704e+6,1.876,0.154,0.812,0.008
44801,2,"  3.758","  0.606",14/22,/core/www/modules//sdig/index.php?run_id=110202&search_id=114132&scans_id=110198&peptide_id=37329&scanf=44801&charge=2&value=14/22,sp|P61978|HNRPK_HUMAN,/core/www/modules//consensus/?run_id=110202&search_id=114132&scans_id=110198&peptide_id=37329&scanf=44801&charge=2&value=sp|P61978|HNRPK_HUMAN,1,/core/www/modules/match_peptides/blast_html4.php?run_id=110202&search_id=114132&scans_id=110198&peptide_id=37329&scanf=44801&charge=2&value=1,K.IILDLISESPIK.G,/core/www/modules/show_out/show_out_wrapper.php?run_id=110202&search_id=114132&scans_id=110198&peptide_id=37329&scanf=44801&charge=2&value=K.IILDLISESPIK.G,HNRNPK,2.256e+6,3.777,0.000,3.558,0.000
44805,2,"  2.944","  0.644",13/22,/core/www/modules//sdig/index.php?run_id=110202&search_id=114132&scans_id=110198&peptide_id=37332&scanf=44805&charge=2&value=13/22,sp|O43143|DHX15_HUMAN,/core/www/modules//consensus/?run_id=110202&search_id=114132&scans_id=110198&peptide_id=37332&scanf=44805&charge=2&value=sp|O43143|DHX15_HUMAN,0,/core/www/modules/match_peptides/blast_html4.php?run_id=110202&search_id=114132&scans_id=110198&peptide_id=37332&scanf=44805&charge=2&value=0,R.TLATDILMGVLK.E,/core/www/modules/show_out/show_out_wrapper.php?run_id=110202&search_id=114132&scans_id=110198&peptide_id=37332&scanf=44805&charge=2&value=R.TLATDILMGVLK.E,DHX15,9.765e+7,3.755,0.000,3.526,0.000
44806,3,"  3.806","  0.585",11/72,/core/www/modules//sdig/index.php?run_id=110202&search_id=114132&scans_id=110198&peptide_id=37333&scanf=44806&charge=3&value=11/72,sp|P08670|VIME_HUMAN,/core/www/modules//consensus/?run_id=110202&search_id=114132&scans_id=110198&peptide_id=37333&scanf=44806&charge=3&value=sp|P08670|VIME_HUMAN,3,/core/www/modules/match_peptides/blast_html4.php?run_id=110202&search_id=114132&scans_id=110198&peptide_id=37333&scanf=44806&charge=3&value=3,R.LLQDSVDFSLADAINTEFK.N,/core/www/modules/show_out/show_out_wrapper.php?run_id=110202&search_id=114132&scans_id=110198&peptide_id=37333&scanf=44806&charge=3&value=R.LLQDSVDFSLADAINTEFK.N,VIM,1.196e+8,3.606,0.000,3.305,0.000
44825,3,"  4.248","  0.642",19/68,/core/www/modules//sdig/index.php?run_id=110202&search_id=114132&scans_id=110198&peptide_id=37353&scanf=44825&charge=3&value=19/68,sp|O75643|U520_HUMAN,/core/www/modules//consensus/?run_id=110202&search_id=114132&scans_id=110198&peptide_id=37353&scanf=44825&charge=3&value=sp|O75643|U520_HUMAN,0,/core/www/modules/match_peptides/blast_html4.php?run_id=110202&search_id=114132&scans_id=110198&peptide_id=37353&scanf=44825&charge=3&value=0,R.GLIEIISNAAEYENIPIR.H,/core/www/modules/show_out/show_out_wrapper.php?run_id=110202&search_id=114132&scans_id=110198&peptide_id=37353&scanf=44825&charge=3&value=R.GLIEIISNAAEYENIPIR.H,SNRNP200,1.493e+7,3.815,0.000,3.615,0.000
44826,2,"  5.873","  0.835",24/44,/core/www/modules//sdig/index.php?run_id=110202&search_id=114132&scans_id=110198&peptide_id=37354&scanf=44826&charge=2&value=24/44,sp|P26599|PTBP1_HUMAN,/core/www/modules//consensus/?run_id=110202&search_id=114132&scans_id=110198&peptide_id=37354&scanf=44826&charge=2&value=sp|P26599|PTBP1_HUMAN,4,/core/www/modules/match_peptides/blast_html4.php?run_id=110202&search_id=114132&scans_id=110198&peptide_id=37354&scanf=44826&charge=2&value=4,R.IAIPGLAGAGNSVLLVSNLNPER.V,/core/www/modules/show_out/show_out_wrapper.php?run_id=110202&search_id=114132&scans_id=110198&peptide_id=37354&scanf=44826&charge=2&value=R.IAIPGLAGAGNSVLLVSNLNPER.V,PTBP1,1.366e+6,4.091,0.000,4.025,0.000
44829,3,"  3.000","  0.504",8/80,/core/www/modules//sdig/index.php?run_id=110202&search_id=114132&scans_id=110198&peptide_id=37357&scanf=44829&charge=3&value=8/80,sp|Q96ST3|SIN3A_HUMAN,/core/www/modules//consensus/?run_id=110202&search_id=114132&scans_id=110198&peptide_id=37357&scanf=44829&charge=3&value=sp|Q96ST3|SIN3A_HUMAN,0,/core/www/modules/match_peptides/blast_html4.php?run_id=110202&search_id=114132&scans_id=110198&peptide_id=37357&scanf=44829&charge=3&value=0,R.LKEPMDVDVEDYYPAFLDMVR.S,/core/www/modules/show_out/show_out_wrapper.php?run_id=110202&search_id=114132&scans_id=110198&peptide_id=37357&scanf=44829&charge=3&value=R.LKEPMDVDVEDYYPAFLDMVR.S,SIN3A,1.375e+6,2.385,0.031,1.508,0.001
44833,2,"  4.139","  0.615",14/36,/core/www/modules//sdig/index.php?run_id=110202&search_id=114132&scans_id=110198&peptide_id=37362&scanf=44833&charge=2&value=14/36,sp|Q99729|ROAA_HUMAN,/core/www/modules//consensus/?run_id=110202&search_id=114132&scans_id=110198&peptide_id=37362&scanf=44833&charge=2&value=sp|Q99729|ROAA_HUMAN,3,/core/www/modules/match_peptides/blast_html4.php?run_id=110202&search_id=114132&scans_id=110198&peptide_id=37362&scanf=44833&charge=2&value=3,R.EYFGEFGEIEAIELPMDPK.L,/core/www/modules/show_out/show_out_wrapper.php?run_id=110202&search_id=114132&scans_id=110198&peptide_id=37362&scanf=44833&charge=2&value=R.EYFGEFGEIEAIELPMDPK.L,HNRNPAB,4.128e+6,3.113,0.003,2.576,0.000
44834,3,"  2.560","  0.449",14/88,/core/www/modules//sdig/index.php?run_id=110202&search_id=114132&scans_id=110198&peptide_id=37363&scanf=44834&charge=3&value=14/88,sp|P13010|XRCC5_HUMAN,/core/www/modules//consensus/?run_id=110202&search_id=114132&scans_id=110198&peptide_id=37363&scanf=44834&charge=3&value=sp|P13010|XRCC5_HUMAN,0,/core/www/modules/match_peptides/blast_html4.php?run_id=110202&search_id=114132&scans_id=110198&peptide_id=37363&scanf=44834&charge=3&value=0,K.KYAPTEAQLNAVDALIDSMSLAK.K,/core/www/modules/show_out/show_out_wrapper.php?run_id=110202&search_id=114132&scans_id=110198&peptide_id=37363&scanf=44834&charge=3&value=K.KYAPTEAQLNAVDALIDSMSLAK.K,XRCC5,4.644e+6,2.322,0.038,1.418,0.001
44843,3,"  3.098","  0.353",12/80,/core/www/modules//sdig/index.php?run_id=110202&search_id=114132&scans_id=110198&peptide_id=37372&scanf=44843&charge=3&value=12/80,sp|Q9NVH2|INT7_HUMAN,/core/www/modules//consensus/?run_id=110202&search_id=114132&scans_id=110198&peptide_id=37372&scanf=44843&charge=3&value=sp|Q9NVH2|INT7_HUMAN,0,/core/www/modules/match_peptides/blast_html4.php?run_id=110202&search_id=114132&scans_id=110198&peptide_id=37372&scanf=44843&charge=3&value=0,K.TSPPPAIATTIAMTLGNDLQR.C,/core/www/modules/show_out/show_out_wrapper.php?run_id=110202&search_id=114132&scans_id=110198&peptide_id=37372&scanf=44843&charge=3&value=K.TSPPPAIATTIAMTLGNDLQR.C,INTS7,2.903e+6,2.226,0.052,1.281,0.002
44845,2,"  2.947","  0.536",12/22,/core/www/modules//sdig/index.php?run_id=110202&search_id=114132&scans_id=110198&peptide_id=37374&scanf=44845&charge=2&value=12/22,sp|Q14566|MCM6_HUMAN,/core/www/modules//consensus/?run_id=110202&search_id=114132&scans_id=110198&peptide_id=37374&scanf=44845&charge=2&value=sp|Q14566|MCM6_HUMAN,0,/core/www/modules/match_peptides/blast_html4.php?run_id=110202&search_id=114132&scans_id=110198&peptide_id=37374&scanf=44845&charge=2&value=0,R.GVLLMLFGGVPK.T,/core/www/modules/show_out/show_out_wrapper.php?run_id=110202&search_id=114132&scans_id=110198&peptide_id=37374&scanf=44845&charge=2&value=R.GVLLMLFGGVPK.T,MCM6,1.462e+6,3.260,0.002,2.792,0.000
44848,3,"  3.511","  0.544",18/64,/core/www/modules//sdig/index.php?run_id=110202&search_id=114132&scans_id=110198&peptide_id=37377&scanf=44848&charge=3&value=18/64,sp|O43837|IDH3B_HUMAN,/core/www/modules//consensus/?run_id=110202&search_id=114132&scans_id=110198&peptide_id=37377&scanf=44848&charge=3&value=sp|O43837|IDH3B_HUMAN,3,/core/www/modules/match_peptides/blast_html4.php?run_id=110202&search_id=114132&scans_id=110198&peptide_id=37377&scanf=44848&charge=3&value=3,R.NIANPTAMLLSASNMLR.H,/core/www/modules/show_out/show_out_wrapper.php?run_id=110202&search_id=114132&scans_id=110198&peptide_id=37377&scanf=44848&charge=3&value=R.NIANPTAMLLSASNMLR.H,IDH3B,2.372e+6,3.199,0.002,2.703,0.000
44852,3,"  2.528","  0.484",15/76,/core/www/modules//sdig/index.php?run_id=110202&search_id=114132&scans_id=110198&peptide_id=37381&scanf=44852&charge=3&value=15/76,sp|P26599|PTBP1_HUMAN,/core/www/modules//consensus/?run_id=110202&search_id=114132&scans_id=110198&peptide_id=37381&scanf=44852&charge=3&value=sp|P26599|PTBP1_HUMAN,8,/core/www/modules/match_peptides/blast_html4.php?run_id=110202&search_id=114132&scans_id=110198&peptide_id=37381&scanf=44852&charge=3&value=8,R.KLPIDVTEGEVISLGLPFGK.V,/core/www/modules/show_out/show_out_wrapper.php?run_id=110202&search_id=114132&scans_id=110198&peptide_id=37381&scanf=44852&charge=3&value=R.KLPIDVTEGEVISLGLPFGK.V,PTBP1,5.217e+7,2.503,0.021,1.678,0.000
44854,2,"  2.863","  0.565",12/24,/core/www/modules//sdig/index.php?run_id=110202&search_id=114132&scans_id=110198&peptide_id=37383&scanf=44854&charge=2&value=12/24,sp|Q15269|PWP2_HUMAN,/core/www/modules//consensus/?run_id=110202&search_id=114132&scans_id=110198&peptide_id=37383&scanf=44854&charge=2&value=sp|Q15269|PWP2_HUMAN,0,/core/www/modules/match_peptides/blast_html4.php?run_id=110202&search_id=114132&scans_id=110198&peptide_id=37383&scanf=44854&charge=2&value=0,R.AGTLLPVIQFLQK.S,/core/www/modules/show_out/show_out_wrapper.php?run_id=110202&search_id=114132&scans_id=110198&peptide_id=37383&scanf=44854&charge=2&value=R.AGTLLPVIQFLQK.S,PWP2,7.682e+6,3.217,0.002,2.730,0.000
44864,3,"  3.551","  0.661",18/72,/core/www/modules//sdig/index.php?run_id=110202&search_id=114132&scans_id=110198&peptide_id=37394&scanf=44864&charge=3&value=18/72,sp|Q99729|ROAA_HUMAN,/core/www/modules//consensus/?run_id=110202&search_id=114132&scans_id=110198&peptide_id=37394&scanf=44864&charge=3&value=sp|Q99729|ROAA_HUMAN,3,/core/www/modules/match_peptides/blast_html4.php?run_id=110202&search_id=114132&scans_id=110198&peptide_id=37394&scanf=44864&charge=3&value=3,R.EYFGEFGEIEAIELPMDPK.L,/core/www/modules/show_out/show_out_wrapper.php?run_id=110202&search_id=114132&scans_id=110198&peptide_id=37394&scanf=44864&charge=3&value=R.EYFGEFGEIEAIELPMDPK.L,HNRNPAB,6.344e+6,3.540,0.001,3.207,0.000
44878,2,"  1.375","  0.188",6/12,/core/www/modules//sdig/index.php?run_id=110202&search_id=114132&scans_id=110198&peptide_id=37408&scanf=44878&charge=2&value=6/12,sp|P04908|H2A1B_HUMAN,/core/www/modules//consensus/?run_id=110202&search_id=114132&scans_id=110198&peptide_id=37408&scanf=44878&charge=2&value=sp|P04908|H2A1B_HUMAN,20,/core/www/modules/match_peptides/blast_html4.php?run_id=110202&search_id=114132&scans_id=110198&peptide_id=37408&scanf=44878&charge=2&value=20,R.HLQLAIR.N,/core/www/modules/show_out/show_out_wrapper.php?run_id=110202&search_id=114132&scans_id=110198&peptide_id=37408&scanf=44878&charge=2&value=R.HLQLAIR.N,H2AC8,1.107e+7,2.284,0.043,1.364,0.001
44879,2,"  2.772","  0.515",11/22,/core/www/modules//sdig/index.php?run_id=110202&search_id=114132&scans_id=110198&peptide_id=37409&scanf=44879&charge=2&value=11/22,sp|Q92620|PRP16_HUMAN,/core/www/modules//consensus/?run_id=110202&search_id=114132&scans_id=110198&peptide_id=37409&scanf=44879&charge=2&value=sp|Q92620|PRP16_HUMAN,0,/core/www/modules/match_peptides/blast_html4.php?run_id=110202&search_id=114132&scans_id=110198&peptide_id=37409&scanf=44879&charge=2&value=0,R.SLNTDVLFGLLR.E,/core/www/modules/show_out/show_out_wrapper.php?run_id=110202&search_id=114132&scans_id=110198&peptide_id=37409&scanf=44879&charge=2&value=R.SLNTDVLFGLLR.E,DHX38,4.182e+6,3.165,0.002,2.651,0.000
44882,3,"  1.924","  0.297",11/56,/core/www/modules//sdig/index.php?run_id=110202&search_id=114132&scans_id=110198&peptide_id=37412&scanf=44882&charge=3&value=11/56,sp|Q9H0D6|XRN2_HUMAN,/core/www/modules//consensus/?run_id=110202&search_id=114132&scans_id=110198&peptide_id=37412&scanf=44882&charge=3&value=sp|Q9H0D6|XRN2_HUMAN,0,/core/www/modules/match_peptides/blast_html4.php?run_id=110202&search_id=114132&scans_id=110198&peptide_id=37412&scanf=44882&charge=3&value=0,K.YAWQGVALLPFVDER.R,/core/www/modules/show_out/show_out_wrapper.php?run_id=110202&search_id=114132&scans_id=110198&peptide_id=37412&scanf=44882&charge=3&value=K.YAWQGVALLPFVDER.R,XRN2,1.257e+6,2.200,0.057,1.246,0.002
44884,2,"  3.770","  0.686",16/28,/core/www/modules//sdig/index.php?run_id=110202&search_id=114132&scans_id=110198&peptide_id=37414&scanf=44884&charge=2&value=16/28,sp|P17980|PRS6A_HUMAN,/core/www/modules//consensus/?run_id=110202&search_id=114132&scans_id=110198&peptide_id=37414&scanf=44884&charge=2&value=sp|P17980|PRS6A_HUMAN,5,/core/www/modules/match_peptides/blast_html4.php?run_id=110202&search_id=114132&scans_id=110198&peptide_id=37414&scanf=44884&charge=2&value=5,R.QTYFLPVIGLVDAEK.L,/core/www/modules/show_out/show_out_wrapper.php?run_id=110202&search_id=114132&scans_id=110198&peptide_id=37414&scanf=44884&charge=2&value=R.QTYFLPVIGLVDAEK.L,PSMC3,7.979e+6,3.759,0.000,3.533,0.000
44885,3,"  6.721","  0.746",27/112,/core/www/modules//sdig/index.php?run_id=110202&search_id=114132&scans_id=110198&peptide_id=37415&scanf=44885&charge=3&value=27/112,sp|Q9ULV4|COR1C_HUMAN,/core/www/modules//consensus/?run_id=110202&search_id=114132&scans_id=110198&peptide_id=37415&scanf=44885&charge=3&value=sp|Q9ULV4|COR1C_HUMAN,2,/core/www/modules/match_peptides/blast_html4.php?run_id=110202&search_id=114132&scans_id=110198&peptide_id=37415&scanf=44885&charge=3&value=2,R.KSDLFQDDLYPDTAGPEAALEAEEWFEGK.N,/core/www/modules/show_out/show_out_wrapper.php?run_id=110202&search_id=114132&scans_id=110198&peptide_id=37415&scanf=44885&charge=3&value=R.KSDLFQDDLYPDTAGPEAALEAEEWFEGK.N,CORO1C,3.895e+6,3.292,0.001,2.840,0.000
44888,3,"  4.791","  0.709",26/108,/core/www/modules//sdig/index.php?run_id=110202&search_id=114132&scans_id=110198&peptide_id=37418&scanf=44888&charge=3&value=26/108,sp|Q12905|ILF2_HUMAN,/core/www/modules//consensus/?run_id=110202&search_id=114132&scans_id=110198&peptide_id=37418&scanf=44888&charge=3&value=sp|Q12905|ILF2_HUMAN,1,/core/www/modules/match_peptides/blast_html4.php?run_id=110202&search_id=114132&scans_id=110198&peptide_id=37418&scanf=44888&charge=3&value=1,K.ILGQEGDASYLASEISTWDGVIVTPSEK.A,/core/www/modules/show_out/show_out_wrapper.php?run_id=110202&search_id=114132&scans_id=110198&peptide_id=37418&scanf=44888&charge=3&value=K.ILGQEGDASYLASEISTWDGVIVTPSEK.A,ILF2,1.815e+7,3.516,0.001,3.172,0.000
44893,2,"  1.900","  0.110",8/16,/core/www/modules//sdig/index.php?run_id=110202&search_id=114132&scans_id=110198&peptide_id=37424&scanf=44893&charge=2&value=8/16,sp|O60814|H2B1K_HUMAN,/core/www/modules//consensus/?run_id=110202&search_id=114132&scans_id=110198&peptide_id=37424&scanf=44893&charge=2&value=sp|O60814|H2B1K_HUMAN,16,/core/www/modules/match_peptides/blast_html4.php?run_id=110202&search_id=114132&scans_id=110198&peptide_id=37424&scanf=44893&charge=2&value=16,R.LLLPGELAK.H,/core/www/modules/show_out/show_out_wrapper.php?run_id=110202&search_id=114132&scans_id=110198&peptide_id=37424&scanf=44893&charge=2&value=R.LLLPGELAK.H,H2BC12,4.487e+9,1.947,0.125,0.903,0.006
44895,3,"  3.548","  0.616",18/68,/core/www/modules//sdig/index.php?run_id=110202&search_id=114132&scans_id=110198&peptide_id=37426&scanf=44895&charge=3&value=18/68,sp|O75643|U520_HUMAN,/core/www/modules//consensus/?run_id=110202&search_id=114132&scans_id=110198&peptide_id=37426&scanf=44895&charge=3&value=sp|O75643|U520_HUMAN,0,/core/www/modules/match_peptides/blast_html4.php?run_id=110202&search_id=114132&scans_id=110198&peptide_id=37426&scanf=44895&charge=3&value=0,R.GLIEIISNAAEYENIPIR.H,/core/www/modules/show_out/show_out_wrapper.php?run_id=110202&search_id=114132&scans_id=110198&peptide_id=37426&scanf=44895&charge=3&value=R.GLIEIISNAAEYENIPIR.H,SNRNP200,1.493e+7,3.599,0.001,3.296,0.000
44905,3,"  3.943","  0.478",13/80,/core/www/modules//sdig/index.php?run_id=110202&search_id=114132&scans_id=110198&peptide_id=37436&scanf=44905&charge=3&value=13/80,sp|Q9NVH2|INT7_HUMAN,/core/www/modules//consensus/?run_id=110202&search_id=114132&scans_id=110198&peptide_id=37436&scanf=44905&charge=3&value=sp|Q9NVH2|INT7_HUMAN,0,/core/www/modules/match_peptides/blast_html4.php?run_id=110202&search_id=114132&scans_id=110198&peptide_id=37436&scanf=44905&charge=3&value=0,K.TSPPPAIATTIAMTLGNDLQR.C,/core/www/modules/show_out/show_out_wrapper.php?run_id=110202&search_id=114132&scans_id=110198&peptide_id=37436&scanf=44905&charge=3&value=K.TSPPPAIATTIAMTLGNDLQR.C,INTS7,2.903e+6,2.707,0.011,1.977,0.000
44915,2,"  3.079","  0.612",11/28,/core/www/modules//sdig/index.php?run_id=110202&search_id=114132&scans_id=110198&peptide_id=37446&scanf=44915&charge=2&value=11/28,sp|Q8NHH9|ATLA2_HUMAN,/core/www/modules//consensus/?run_id=110202&search_id=114132&scans_id=110198&peptide_id=37446&scanf=44915&charge=2&value=sp|Q8NHH9|ATLA2_HUMAN,2,/core/www/modules/match_peptides/blast_html4.php?run_id=110202&search_id=114132&scans_id=110198&peptide_id=37446&scanf=44915&charge=2&value=2,R.NLVPLLLAPENLVEK.E,/core/www/modules/show_out/show_out_wrapper.php?run_id=110202&search_id=114132&scans_id=110198&peptide_id=37446&scanf=44915&charge=2&value=R.NLVPLLLAPENLVEK.E,ATL2,1.613e+6,3.175,0.002,2.667,0.000
44919,3,"  3.370","  0.520",14/56,/core/www/modules//sdig/index.php?run_id=110202&search_id=114132&scans_id=110198&peptide_id=37450&scanf=44919&charge=3&value=14/56,sp|P17980|PRS6A_HUMAN,/core/www/modules//consensus/?run_id=110202&search_id=114132&scans_id=110198&peptide_id=37450&scanf=44919&charge=3&value=sp|P17980|PRS6A_HUMAN,5,/core/www/modules/match_peptides/blast_html4.php?run_id=110202&search_id=114132&scans_id=110198&peptide_id=37450&scanf=44919&charge=3&value=5,R.QTYFLPVIGLVDAEK.L,/core/www/modules/show_out/show_out_wrapper.php?run_id=110202&search_id=114132&scans_id=110198&peptide_id=37450&scanf=44919&charge=3&value=R.QTYFLPVIGLVDAEK.L,PSMC3,3.410e+6,3.137,0.002,2.611,0.000
44926,2,"  2.018","  0.480",8/22,/core/www/modules//sdig/index.php?run_id=110202&search_id=114132&scans_id=110198&peptide_id=37458&scanf=44926&charge=2&value=8/22,sp|Q14566|MCM6_HUMAN,/core/www/modules//consensus/?run_id=110202&search_id=114132&scans_id=110198&peptide_id=37458&scanf=44926&charge=2&value=sp|Q14566|MCM6_HUMAN,0,/core/www/modules/match_peptides/blast_html4.php?run_id=110202&search_id=114132&scans_id=110198&peptide_id=37458&scanf=44926&charge=2&value=0,R.GVLLMLFGGVPK.T,/core/www/modules/show_out/show_out_wrapper.php?run_id=110202&search_id=114132&scans_id=110198&peptide_id=37458&scanf=44926&charge=2&value=R.GVLLMLFGGVPK.T,MCM6,1.462e+6,2.739,0.009,2.023,0.000
44927,3,"  4.146","  0.681",20/96,/core/www/modules//sdig/index.php?run_id=110202&search_id=114132&scans_id=110198&peptide_id=37459&scanf=44927&charge=3&value=20/96,sp|Q9UIS9|MBD1_HUMAN,/core/www/modules//consensus/?run_id=110202&search_id=114132&scans_id=110198&peptide_id=37459&scanf=44927&charge=3&value=sp|Q9UIS9|MBD1_HUMAN,2,/core/www/modules/match_peptides/blast_html4.php?run_id=110202&search_id=114132&scans_id=110198&peptide_id=37459&scanf=44927&charge=3&value=2,K.LAPEEEAGGAGTPVITEIFSLGGTR.F,/core/www/modules/show_out/show_out_wrapper.php?run_id=110202&search_id=114132&scans_id=110198&peptide_id=37459&scanf=44927&charge=3&value=K.LAPEEEAGGAGTPVITEIFSLGGTR.F,MBD1,1.771e+6,3.228,0.002,2.746,0.000
44929,2,"  1.958","  0.330",4/24,/core/www/modules//sdig/index.php?run_id=110202&search_id=114132&scans_id=110198&peptide_id=37461&scanf=44929&charge=2&value=4/24,sp|P05455|LA_HUMAN,/core/www/modules//consensus/?run_id=110202&search_id=114132&scans_id=110198&peptide_id=37461&scanf=44929&charge=2&value=sp|P05455|LA_HUMAN,2,/core/www/modules/match_peptides/blast_html4.php?run_id=110202&search_id=114132&scans_id=110198&peptide_id=37461&scanf=44929&charge=2&value=2,K.LDEGWVPLEIMIK.F,/core/www/modules/show_out/show_out_wrapper.php?run_id=110202&search_id=114132&scans_id=110198&peptide_id=37461&scanf=44929&charge=2&value=K.LDEGWVPLEIMIK.F,SSB,7.092e+6,1.938,0.129,0.891,0.006
44934,2,"  6.568","  0.779",22/40,/core/www/modules//sdig/index.php?run_id=110202&search_id=114132&scans_id=110198&peptide_id=37466&scanf=44934&charge=2&value=22/40,sp|P19338|NUCL_HUMAN,/core/www/modules//consensus/?run_id=110202&search_id=114132&scans_id=110198&peptide_id=37466&scanf=44934&charge=2&value=sp|P19338|NUCL_HUMAN,10,/core/www/modules/match_peptides/blast_html4.php?run_id=110202&search_id=114132&scans_id=110198&peptide_id=37466&scanf=44934&charge=2&value=10,K.VEGTEPTTAFNLFVGNLNFNK.S,/core/www/modules/show_out/show_out_wrapper.php?run_id=110202&search_id=114132&scans_id=110198&peptide_id=37466&scanf=44934&charge=2&value=K.VEGTEPTTAFNLFVGNLNFNK.S,NCL,1.576e+6,4.194,0.000,4.177,0.000
44940,3,"  2.138","  0.385",12/44,/core/www/modules//sdig/index.php?run_id=110202&search_id=114132&scans_id=110198&peptide_id=37473&scanf=44940&charge=3&value=12/44,sp|O43143|DHX15_HUMAN,/core/www/modules//consensus/?run_id=110202&search_id=114132&scans_id=110198&peptide_id=37473&scanf=44940&charge=3&value=sp|O43143|DHX15_HUMAN,0,/core/www/modules/match_peptides/blast_html4.php?run_id=110202&search_id=114132&scans_id=110198&peptide_id=37473&scanf=44940&charge=3&value=0,R.TLATDILMGVLK.E,/core/www/modules/show_out/show_out_wrapper.php?run_id=110202&search_id=114132&scans_id=110198&peptide_id=37473&scanf=44940&charge=3&value=R.TLATDILMGVLK.E,DHX15,5.047e+6,2.852,0.006,2.190,0.000
44950,2,"  1.940","  0.366",9/22,/core/www/modules//sdig/index.php?run_id=110202&search_id=114132&scans_id=110198&peptide_id=37484&scanf=44950&charge=2&value=9/22,sp|O43707|ACTN4_HUMAN,/core/www/modules//consensus/?run_id=110202&search_id=114132&scans_id=110198&peptide_id=37484&scanf=44950&charge=2&value=sp|O43707|ACTN4_HUMAN,17,/core/www/modules/match_peptides/blast_html4.php?run_id=110202&search_id=114132&scans_id=110198&peptide_id=37484&scanf=44950&charge=2&value=17,R.VGWEQLLTTIAR.T,/core/www/modules/show_out/show_out_wrapper.php?run_id=110202&search_id=114132&scans_id=110198&peptide_id=37484&scanf=44950&charge=2&value=R.VGWEQLLTTIAR.T,ACTN4,1.766e+6,2.643,0.013,1.883,0.000
44952,3,"  3.931","  0.691",25/120,/core/www/modules//sdig/index.php?run_id=110202&search_id=114132&scans_id=110198&peptide_id=37485&scanf=44952&charge=3&value=25/120,sp|Q8N163|CCAR2_HUMAN,/core/www/modules//consensus/?run_id=110202&search_id=114132&scans_id=110198&peptide_id=37485&scanf=44952&charge=3&value=sp|Q8N163|CCAR2_HUMAN,3,/core/www/modules/match_peptides/blast_html4.php?run_id=110202&search_id=114132&scans_id=110198&peptide_id=37485&scanf=44952&charge=3&value=3,R.NFSGTASTSLLGPPPGLLTPPVATELSQNAR.H,/core/www/modules/show_out/show_out_wrapper.php?run_id=110202&search_id=114132&scans_id=110198&peptide_id=37485&scanf=44952&charge=3&value=R.NFSGTASTSLLGPPPGLLTPPVATELSQNAR.H,CCAR2,1.315e+6,3.211,0.002,2.721,0.000
44953,3,"  2.989","  0.539",17/60,/core/www/modules//sdig/index.php?run_id=110202&search_id=114132&scans_id=110198&peptide_id=37486&scanf=44953&charge=3&value=17/60,sp|Q9NXF1|TEX10_HUMAN,/core/www/modules//consensus/?run_id=110202&search_id=114132&scans_id=110198&peptide_id=37486&scanf=44953&charge=3&value=sp|Q9NXF1|TEX10_HUMAN,0,/core/www/modules/match_peptides/blast_html4.php?run_id=110202&search_id=114132&scans_id=110198&peptide_id=37486&scanf=44953&charge=3&value=0,K.VLDILLEQYPALITGR.S,/core/www/modules/show_out/show_out_wrapper.php?run_id=110202&search_id=114132&scans_id=110198&peptide_id=37486&scanf=44953&charge=3&value=K.VLDILLEQYPALITGR.S,TEX10,2.478e+6,3.251,0.002,2.780,0.000
44958,3,"  3.713","  0.598",8/96,/core/www/modules//sdig/index.php?run_id=110202&search_id=114132&scans_id=110198&peptide_id=37491&scanf=44958&charge=3&value=8/96,sp|P40227|TCPZ_HUMAN,/core/www/modules//consensus/?run_id=110202&search_id=114132&scans_id=110198&peptide_id=37491&scanf=44958&charge=3&value=sp|P40227|TCPZ_HUMAN,0,/core/www/modules/match_peptides/blast_html4.php?run_id=110202&search_id=114132&scans_id=110198&peptide_id=37491&scanf=44958&charge=3&value=0,K.VATAQDDITGDGTTSNVLIIGELLK.Q,/core/www/modules/show_out/show_out_wrapper.php?run_id=110202&search_id=114132&scans_id=110198&peptide_id=37491&scanf=44958&charge=3&value=K.VATAQDDITGDGTTSNVLIIGELLK.Q,CCT6A,3.756e+6,2.847,0.007,2.182,0.000
44960,2,"  3.213","  0.583",8/26,/core/www/modules//sdig/index.php?run_id=110202&search_id=114132&scans_id=110198&peptide_id=37494&scanf=44960&charge=2&value=8/26,sp|P78527|PRKDC_HUMAN,/core/www/modules//consensus/?run_id=110202&search_id=114132&scans_id=110198&peptide_id=37494&scanf=44960&charge=2&value=sp|P78527|PRKDC_HUMAN,1,/core/www/modules/match_peptides/blast_html4.php?run_id=110202&search_id=114132&scans_id=110198&peptide_id=37494&scanf=44960&charge=2&value=1,K.LSDFNDITNMLLLK.M,/core/www/modules/show_out/show_out_wrapper.php?run_id=110202&search_id=114132&scans_id=110198&peptide_id=37494&scanf=44960&charge=2&value=K.LSDFNDITNMLLLK.M,PRKDC,6.919e+7,3.806,0.000,3.602,0.000
44962,2,"  3.650","  0.503",12/28,/core/www/modules//sdig/index.php?run_id=110202&search_id=114132&scans_id=110198&peptide_id=37496&scanf=44962&charge=2&value=12/28,sp|P17980|PRS6A_HUMAN,/core/www/modules//consensus/?run_id=110202&search_id=114132&scans_id=110198&peptide_id=37496&scanf=44962&charge=2&value=sp|P17980|PRS6A_HUMAN,5,/core/www/modules/match_peptides/blast_html4.php?run_id=110202&search_id=114132&scans_id=110198&peptide_id=37496&scanf=44962&charge=2&value=5,R.QTYFLPVIGLVDAEK.L,/core/www/modules/show_out/show_out_wrapper.php?run_id=110202&search_id=114132&scans_id=110198&peptide_id=37496&scanf=44962&charge=2&value=R.QTYFLPVIGLVDAEK.L,PSMC3,7.979e+6,2.966,0.004,2.358,0.000
44967,3,"  7.220","  0.711",30/108,/core/www/modules//sdig/index.php?run_id=110202&search_id=114132&scans_id=110198&peptide_id=37500&scanf=44967&charge=3&value=30/108,sp|Q12905|ILF2_HUMAN,/core/www/modules//consensus/?run_id=110202&search_id=114132&scans_id=110198&peptide_id=37500&scanf=44967&charge=3&value=sp|Q12905|ILF2_HUMAN,1,/core/www/modules/match_peptides/blast_html4.php?run_id=110202&search_id=114132&scans_id=110198&peptide_id=37500&scanf=44967&charge=3&value=1,K.ILGQEGDASYLASEISTWDGVIVTPSEK.A,/core/www/modules/show_out/show_out_wrapper.php?run_id=110202&search_id=114132&scans_id=110198&peptide_id=37500&scanf=44967&charge=3&value=K.ILGQEGDASYLASEISTWDGVIVTPSEK.A,ILF2,1.815e+7,3.708,0.000,3.457,0.000
44978,3,"  1.738","  0.387",9/40,/core/www/modules//sdig/index.php?run_id=110202&search_id=114132&scans_id=110198&peptide_id=37512&scanf=44978&charge=3&value=9/40,sp|P60709|ACTB_HUMAN,/core/www/modules//consensus/?run_id=110202&search_id=114132&scans_id=110198&peptide_id=37512&scanf=44978&charge=3&value=sp|P60709|ACTB_HUMAN,25,/core/www/modules/match_peptides/blast_html4.php?run_id=110202&search_id=114132&scans_id=110198&peptide_id=37512&scanf=44978&charge=3&value=25,K.IWHHTFYNELR.V,/core/www/modules/show_out/show_out_wrapper.php?run_id=110202&search_id=114132&scans_id=110198&peptide_id=37512&scanf=44978&charge=3&value=K.IWHHTFYNELR.V,ACTB,1.143e+6,3.212,0.002,2.722,0.000
44995,3,"  1.675","  0.311",10/40,/core/www/modules//sdig/index.php?run_id=110202&search_id=114132&scans_id=110198&peptide_id=37529&scanf=44995&charge=3&value=10/40,sp|P53618|COPB_HUMAN,/core/www/modules//consensus/?run_id=110202&search_id=114132&scans_id=110198&peptide_id=37529&scanf=44995&charge=3&value=sp|P53618|COPB_HUMAN,1,/core/www/modules/match_peptides/blast_html4.php?run_id=110202&search_id=114132&scans_id=110198&peptide_id=37529&scanf=44995&charge=3&value=1,R.VLQDLVMDILR.V,/core/www/modules/show_out/show_out_wrapper.php?run_id=110202&search_id=114132&scans_id=110198&peptide_id=37529&scanf=44995&charge=3&value=R.VLQDLVMDILR.V,COPB1,6.437e+5,2.518,0.020,1.700,0.000
45000,2,"  2.721","  0.656",17/26,/core/www/modules//sdig/index.php?run_id=110202&search_id=114132&scans_id=110198&peptide_id=37534&scanf=45000&charge=2&value=17/26,sp|P08670|VIME_HUMAN,/core/www/modules//consensus/?run_id=110202&search_id=114132&scans_id=110198&peptide_id=37534&scanf=45000&charge=2&value=sp|P08670|VIME_HUMAN,1,/core/www/modules/match_peptides/blast_html4.php?run_id=110202&search_id=114132&scans_id=110198&peptide_id=37534&scanf=45000&charge=2&value=1,R.ISLPLPNFSSLNLR.E,/core/www/modules/show_out/show_out_wrapper.php?run_id=110202&search_id=114132&scans_id=110198&peptide_id=37534&scanf=45000&charge=2&value=R.ISLPLPNFSSLNLR.E,VIM,5.409e+8,4.210,0.000,4.201,0.000
45001,3,"  5.442","  0.734",28/76,/core/www/modules//sdig/index.php?run_id=110202&search_id=114132&scans_id=110198&peptide_id=37535&scanf=45001&charge=3&value=28/76,sp|O76021|RL1D1_HUMAN,/core/www/modules//consensus/?run_id=110202&search_id=114132&scans_id=110198&peptide_id=37535&scanf=45001&charge=3&value=sp|O76021|RL1D1_HUMAN,2,/core/www/modules/match_peptides/blast_html4.php?run_id=110202&search_id=114132&scans_id=110198&peptide_id=37535&scanf=45001&charge=3&value=2,K.SAALPIFSSFVSNWDEATKR.S,/core/www/modules/show_out/show_out_wrapper.php?run_id=110202&search_id=114132&scans_id=110198&peptide_id=37535&scanf=45001&charge=3&value=K.SAALPIFSSFVSNWDEATKR.S,RSL1D1,4.694e+7,3.757,0.000,3.529,0.000
45005,3,"  1.954","  0.355",14/48,/core/www/modules//sdig/index.php?run_id=110202&search_id=114132&scans_id=110198&peptide_id=37539&scanf=45005&charge=3&value=14/48,sp|Q15269|PWP2_HUMAN,/core/www/modules//consensus/?run_id=110202&search_id=114132&scans_id=110198&peptide_id=37539&scanf=45005&charge=3&value=sp|Q15269|PWP2_HUMAN,0,/core/www/modules/match_peptides/blast_html4.php?run_id=110202&search_id=114132&scans_id=110198&peptide_id=37539&scanf=45005&charge=3&value=0,R.AGTLLPVIQFLQK.S,/core/www/modules/show_out/show_out_wrapper.php?run_id=110202&search_id=114132&scans_id=110198&peptide_id=37539&scanf=45005&charge=3&value=R.AGTLLPVIQFLQK.S,PWP2,1.529e+6,2.666,0.012,1.916,0.000
45009,3,"  1.710","  0.246",7/56,/core/www/modules//sdig/index.php?run_id=110202&search_id=114132&scans_id=110198&peptide_id=37543&scanf=45009&charge=3&value=7/56,sp|Q8NHH9|ATLA2_HUMAN,/core/www/modules//consensus/?run_id=110202&search_id=114132&scans_id=110198&peptide_id=37543&scanf=45009&charge=3&value=sp|Q8NHH9|ATLA2_HUMAN,2,/core/www/modules/match_peptides/blast_html4.php?run_id=110202&search_id=114132&scans_id=110198&peptide_id=37543&scanf=45009&charge=3&value=2,R.NLVPLLLAPENLVEK.E,/core/www/modules/show_out/show_out_wrapper.php?run_id=110202&search_id=114132&scans_id=110198&peptide_id=37543&scanf=45009&charge=3&value=R.NLVPLLLAPENLVEK.E,ATL2,7.797e+5,1.834,0.174,0.761,0.009
45012,3,"  6.429","  0.598",22/108,/core/www/modules//sdig/index.php?run_id=110202&search_id=114132&scans_id=110198&peptide_id=37547&scanf=45012&charge=3&value=22/108,sp|Q12905|ILF2_HUMAN,/core/www/modules//consensus/?run_id=110202&search_id=114132&scans_id=110198&peptide_id=37547&scanf=45012&charge=3&value=sp|Q12905|ILF2_HUMAN,1,/core/www/modules/match_peptides/blast_html4.php?run_id=110202&search_id=114132&scans_id=110198&peptide_id=37547&scanf=45012&charge=3&value=1,K.ILGQEGDASYLASEISTWDGVIVTPSEK.A,/core/www/modules/show_out/show_out_wrapper.php?run_id=110202&search_id=114132&scans_id=110198&peptide_id=37547&scanf=45012&charge=3&value=K.ILGQEGDASYLASEISTWDGVIVTPSEK.A,ILF2,1.815e+7,3.189,0.002,2.688,0.000
45013,2,"  2.568","  0.463",15/28,/core/www/modules//sdig/index.php?run_id=110202&search_id=114132&scans_id=110198&peptide_id=37548&scanf=45013&charge=2&value=15/28,sp|Q14204|DYHC1_HUMAN,/core/www/modules//consensus/?run_id=110202&search_id=114132&scans_id=110198&peptide_id=37548&scanf=45013&charge=2&value=sp|Q14204|DYHC1_HUMAN,29,/core/www/modules/match_peptides/blast_html4.php?run_id=110202&search_id=114132&scans_id=110198&peptide_id=37548&scanf=45013&charge=2&value=29,K.DFPLNDLLSATELDK.I,/core/www/modules/show_out/show_out_wrapper.php?run_id=110202&search_id=114132&scans_id=110198&peptide_id=37548&scanf=45013&charge=2&value=K.DFPLNDLLSATELDK.I,DYNC1H1,3.039e+6,3.077,0.003,2.522,0.000
45017,2,"  3.457","  0.638",15/30,/core/www/modules//sdig/index.php?run_id=110202&search_id=114132&scans_id=110198&peptide_id=37552&scanf=45017&charge=2&value=15/30,sp|O75494|SRS10_HUMAN,/core/www/modules//consensus/?run_id=110202&search_id=114132&scans_id=110198&peptide_id=37552&scanf=45017&charge=2&value=sp|O75494|SRS10_HUMAN,2,/core/www/modules/match_peptides/blast_html4.php?run_id=110202&search_id=114132&scans_id=110198&peptide_id=37552&scanf=45017&charge=2&value=2,R.YGPIVDVYVPLDFYTR.R,/core/www/modules/show_out/show_out_wrapper.php?run_id=110202&search_id=114132&scans_id=110198&peptide_id=37552&scanf=45017&charge=2&value=R.YGPIVDVYVPLDFYTR.R,SRSF10,3.704e+6,3.392,0.001,2.988,0.000
45021,3,"  4.291","  0.655",20/80,/core/www/modules//sdig/index.php?run_id=110202&search_id=114132&scans_id=110198&peptide_id=37556&scanf=45021&charge=3&value=20/80,sp|P0DPH7|TBA3C_HUMAN,/core/www/modules//consensus/?run_id=110202&search_id=114132&scans_id=110198&peptide_id=37556&scanf=45021&charge=3&value=sp|P0DPH7|TBA3C_HUMAN,13,/core/www/modules/match_peptides/blast_html4.php?run_id=110202&search_id=114132&scans_id=110198&peptide_id=37556&scanf=45021&charge=3&value=13,R.FDGALNVDLTEFQTNLVPYPR.I,/core/www/modules/show_out/show_out_wrapper.php?run_id=110202&search_id=114132&scans_id=110198&peptide_id=37556&scanf=45021&charge=3&value=R.FDGALNVDLTEFQTNLVPYPR.I,TUBA3C,2.236e+7,3.468,0.001,3.100,0.000
45022,2,"  1.669","  0.258",8/12,/core/www/modules//sdig/index.php?run_id=110202&search_id=114132&scans_id=110198&peptide_id=37557&scanf=45022&charge=2&value=8/12,sp|P04908|H2A1B_HUMAN,/core/www/modules//consensus/?run_id=110202&search_id=114132&scans_id=110198&peptide_id=37557&scanf=45022&charge=2&value=sp|P04908|H2A1B_HUMAN,20,/core/www/modules/match_peptides/blast_html4.php?run_id=110202&search_id=114132&scans_id=110198&peptide_id=37557&scanf=45022&charge=2&value=20,R.HLQLAIR.N,/core/www/modules/show_out/show_out_wrapper.php?run_id=110202&search_id=114132&scans_id=110198&peptide_id=37557&scanf=45022&charge=2&value=R.HLQLAIR.N,H2AC8,1.107e+7,2.774,0.008,2.075,0.000
45030,3,"  2.222","  0.505",20/120,/core/www/modules//sdig/index.php?run_id=110202&search_id=114132&scans_id=110198&peptide_id=37566&scanf=45030&charge=3&value=20/120,sp|Q8N163|CCAR2_HUMAN,/core/www/modules//consensus/?run_id=110202&search_id=114132&scans_id=110198&peptide_id=37566&scanf=45030&charge=3&value=sp|Q8N163|CCAR2_HUMAN,3,/core/www/modules/match_peptides/blast_html4.php?run_id=110202&search_id=114132&scans_id=110198&peptide_id=37566&scanf=45030&charge=3&value=3,R.NFSGTASTSLLGPPPGLLTPPVATELSQNAR.H,/core/www/modules/show_out/show_out_wrapper.php?run_id=110202&search_id=114132&scans_id=110198&peptide_id=37566&scanf=45030&charge=3&value=R.NFSGTASTSLLGPPPGLLTPPVATELSQNAR.H,CCAR2,1.315e+6,2.441,0.026,1.589,0.001
45044,2,"  3.935","  0.684",19/30,/core/www/modules//sdig/index.php?run_id=110202&search_id=114132&scans_id=110198&peptide_id=37580&scanf=45044&charge=2&value=19/30,sp|Q9NXF1|TEX10_HUMAN,/core/www/modules//consensus/?run_id=110202&search_id=114132&scans_id=110198&peptide_id=37580&scanf=45044&charge=2&value=sp|Q9NXF1|TEX10_HUMAN,0,/core/www/modules/match_peptides/blast_html4.php?run_id=110202&search_id=114132&scans_id=110198&peptide_id=37580&scanf=45044&charge=2&value=0,K.VLDILLEQYPALITGR.S,/core/www/modules/show_out/show_out_wrapper.php?run_id=110202&search_id=114132&scans_id=110198&peptide_id=37580&scanf=45044&charge=2&value=K.VLDILLEQYPALITGR.S,TEX10,2.348e+6,3.837,0.000,3.647,0.000
45050,2,"  3.096","  0.000",12/26,/core/www/modules//sdig/index.php?run_id=110202&search_id=114132&scans_id=110198&peptide_id=37587&scanf=45050&charge=2&value=12/26,sp|O00425|IF2B3_HUMAN,/core/www/modules//consensus/?run_id=110202&search_id=114132&scans_id=110198&peptide_id=37587&scanf=45050&charge=2&value=sp|O00425|IF2B3_HUMAN,1,/core/www/modules/match_peptides/blast_html4.php?run_id=110202&search_id=114132&scans_id=110198&peptide_id=37587&scanf=45050&charge=2&value=1,R.LLVPTQFVGAIIGK.E,/core/www/modules/show_out/show_out_wrapper.php?run_id=110202&search_id=114132&scans_id=110198&peptide_id=37587&scanf=45050&charge=2&value=R.LLVPTQFVGAIIGK.E,IGF2BP3,2.544e+7,3.020,0.004,2.437,0.000
45051,2,"  2.114","  0.383",6/28,/core/www/modules//sdig/index.php?run_id=110202&search_id=114132&scans_id=110198&peptide_id=37588&scanf=45051&charge=2&value=6/28,sp|P17980|PRS6A_HUMAN,/core/www/modules//consensus/?run_id=110202&search_id=114132&scans_id=110198&peptide_id=37588&scanf=45051&charge=2&value=sp|P17980|PRS6A_HUMAN,5,/core/www/modules/match_peptides/blast_html4.php?run_id=110202&search_id=114132&scans_id=110198&peptide_id=37588&scanf=45051&charge=2&value=5,R.QTYFLPVIGLVDAEK.L,/core/www/modules/show_out/show_out_wrapper.php?run_id=110202&search_id=114132&scans_id=110198&peptide_id=37588&scanf=45051&charge=2&value=R.QTYFLPVIGLVDAEK.L,PSMC3,7.979e+6,2.124,0.072,1.140,0.002
45059,2,"  5.173","  0.673",20/32,/core/www/modules//sdig/index.php?run_id=110202&search_id=114132&scans_id=110198&peptide_id=37595&scanf=45059&charge=2&value=20/32,sp|Q02878|RL6_HUMAN,/core/www/modules//consensus/?run_id=110202&search_id=114132&scans_id=110198&peptide_id=37595&scanf=45059&charge=2&value=sp|Q02878|RL6_HUMAN,0,/core/www/modules/match_peptides/blast_html4.php?run_id=110202&search_id=114132&scans_id=110198&peptide_id=37595&scanf=45059&charge=2&value=0,K.QLASGLLLVTGPLVLNR.V,/core/www/modules/show_out/show_out_wrapper.php?run_id=110202&search_id=114132&scans_id=110198&peptide_id=37595&scanf=45059&charge=2&value=K.QLASGLLLVTGPLVLNR.V,RPL6,2.774e+7,3.817,0.000,3.618,0.000
45069,3,"  3.813","  0.697",17/72,/core/www/modules//sdig/index.php?run_id=110202&search_id=114132&scans_id=110198&peptide_id=37605&scanf=45069&charge=3&value=17/72,sp|Q14692|BMS1_HUMAN,/core/www/modules//consensus/?run_id=110202&search_id=114132&scans_id=110198&peptide_id=37605&scanf=45069&charge=3&value=sp|Q14692|BMS1_HUMAN,0,/core/www/modules/match_peptides/blast_html4.php?run_id=110202&search_id=114132&scans_id=110198&peptide_id=37605&scanf=45069&charge=3&value=0,R.FLVEAPHDWDLEEVMNSIR.D,/core/www/modules/show_out/show_out_wrapper.php?run_id=110202&search_id=114132&scans_id=110198&peptide_id=37605&scanf=45069&charge=3&value=R.FLVEAPHDWDLEEVMNSIR.D,BMS1,1.200e+6,3.562,0.001,3.240,0.000
45071,2,"  4.173","  0.663",17/32,/core/www/modules//sdig/index.php?run_id=110202&search_id=114132&scans_id=110198&peptide_id=37608&scanf=45071&charge=2&value=17/32,sp|P07437|TBB5_HUMAN,/core/www/modules//consensus/?run_id=110202&search_id=114132&scans_id=110198&peptide_id=37608&scanf=45071&charge=2&value=sp|P07437|TBB5_HUMAN,2,/core/www/modules/match_peptides/blast_html4.php?run_id=110202&search_id=114132&scans_id=110198&peptide_id=37608&scanf=45071&charge=2&value=2,K.MAVTFIGNSTAIQELFK.R,/core/www/modules/show_out/show_out_wrapper.php?run_id=110202&search_id=114132&scans_id=110198&peptide_id=37608&scanf=45071&charge=2&value=K.MAVTFIGNSTAIQELFK.R,TUBB,1.465e+6,3.514,0.001,3.169,0.000
45072,2,"  2.494","  0.337",11/28,/core/www/modules//sdig/index.php?run_id=110202&search_id=114132&scans_id=110198&peptide_id=37609&scanf=45072&charge=2&value=11/28,sp|Q14204|DYHC1_HUMAN,/core/www/modules//consensus/?run_id=110202&search_id=114132&scans_id=110198&peptide_id=37609&scanf=45072&charge=2&value=sp|Q14204|DYHC1_HUMAN,29,/core/www/modules/match_peptides/blast_html4.php?run_id=110202&search_id=114132&scans_id=110198&peptide_id=37609&scanf=45072&charge=2&value=29,K.DFPLNDLLSATELDK.I,/core/www/modules/show_out/show_out_wrapper.php?run_id=110202&search_id=114132&scans_id=110198&peptide_id=37609&scanf=45072&charge=2&value=K.DFPLNDLLSATELDK.I,DYNC1H1,3.039e+6,2.511,0.020,1.690,0.000
45078,3,"  5.540","  0.580",22/108,/core/www/modules//sdig/index.php?run_id=110202&search_id=114132&scans_id=110198&peptide_id=37615&scanf=45078&charge=3&value=22/108,sp|Q12905|ILF2_HUMAN,/core/www/modules//consensus/?run_id=110202&search_id=114132&scans_id=110198&peptide_id=37615&scanf=45078&charge=3&value=sp|Q12905|ILF2_HUMAN,1,/core/www/modules/match_peptides/blast_html4.php?run_id=110202&search_id=114132&scans_id=110198&peptide_id=37615&scanf=45078&charge=3&value=1,K.ILGQEGDASYLASEISTWDGVIVTPSEK.A,/core/www/modules/show_out/show_out_wrapper.php?run_id=110202&search_id=114132&scans_id=110198&peptide_id=37615&scanf=45078&charge=3&value=K.ILGQEGDASYLASEISTWDGVIVTPSEK.A,ILF2,1.815e+7,3.056,0.003,2.490,0.000
45086,3,"  2.986","  0.546",15/120,/core/www/modules//sdig/index.php?run_id=110202&search_id=114132&scans_id=110198&peptide_id=37624&scanf=45086&charge=3&value=15/120,sp|Q8N163|CCAR2_HUMAN,/core/www/modules//consensus/?run_id=110202&search_id=114132&scans_id=110198&peptide_id=37624&scanf=45086&charge=3&value=sp|Q8N163|CCAR2_HUMAN,3,/core/www/modules/match_peptides/blast_html4.php?run_id=110202&search_id=114132&scans_id=110198&peptide_id=37624&scanf=45086&charge=3&value=3,R.NFSGTASTSLLGPPPGLLTPPVATELSQNAR.H,/core/www/modules/show_out/show_out_wrapper.php?run_id=110202&search_id=114132&scans_id=110198&peptide_id=37624&scanf=45086&charge=3&value=R.NFSGTASTSLLGPPPGLLTPPVATELSQNAR.H,CCAR2,1.315e+6,2.502,0.021,1.676,0.001
45088,2,"  2.656","  0.541",11/22,/core/www/modules//sdig/index.php?run_id=110202&search_id=114132&scans_id=110198&peptide_id=37625&scanf=45088&charge=2&value=11/22,sp|Q9UBU9|NXF1_HUMAN,/core/www/modules//consensus/?run_id=110202&search_id=114132&scans_id=110198&peptide_id=37625&scanf=45088&charge=2&value=sp|Q9UBU9|NXF1_HUMAN,1,/core/www/modules/match_peptides/blast_html4.php?run_id=110202&search_id=114132&scans_id=110198&peptide_id=37625&scanf=45088&charge=2&value=1,R.LNVVAFLNELPK.T,/core/www/modules/show_out/show_out_wrapper.php?run_id=110202&search_id=114132&scans_id=110198&peptide_id=37625&scanf=45088&charge=2&value=R.LNVVAFLNELPK.T,NXF1,1.502e+7,3.190,0.002,2.689,0.000
45103,3,"  3.314","  0.591",14/72,/core/www/modules//sdig/index.php?run_id=110202&search_id=114132&scans_id=110198&peptide_id=37642&scanf=45103&charge=3&value=14/72,sp|Q92616|GCN1_HUMAN,/core/www/modules//consensus/?run_id=110202&search_id=114132&scans_id=110198&peptide_id=37642&scanf=45103&charge=3&value=sp|Q92616|GCN1_HUMAN,0,/core/www/modules/match_peptides/blast_html4.php?run_id=110202&search_id=114132&scans_id=110198&peptide_id=37642&scanf=45103&charge=3&value=0,R.VLPQLISTITASVQNPALR.L,/core/www/modules/show_out/show_out_wrapper.php?run_id=110202&search_id=114132&scans_id=110198&peptide_id=37642&scanf=45103&charge=3&value=R.VLPQLISTITASVQNPALR.L,GCN1,1.848e+6,3.230,0.002,2.749,0.000
45108,3,"  2.884","  0.350",8/76,/core/www/modules//sdig/index.php?run_id=110202&search_id=114132&scans_id=110198&peptide_id=37646&scanf=45108&charge=3&value=8/76,sp|P41250|GARS_HUMAN,/core/www/modules//consensus/?run_id=110202&search_id=114132&scans_id=110198&peptide_id=37646&scanf=45108&charge=3&value=sp|P41250|GARS_HUMAN,6,/core/www/modules/match_peptides/blast_html4.php?run_id=110202&search_id=114132&scans_id=110198&peptide_id=37646&scanf=45108&charge=3&value=6,K.TLYVEEVVPNVIEPSFGLGR.I,/core/www/modules/show_out/show_out_wrapper.php?run_id=110202&search_id=114132&scans_id=110198&peptide_id=37646&scanf=45108&charge=3&value=K.TLYVEEVVPNVIEPSFGLGR.I,GARS1,8.772e+5,2.114,0.075,1.127,0.002
45110,3,"  2.768","  0.513",13/76,/core/www/modules//sdig/index.php?run_id=110202&search_id=114132&scans_id=110198&peptide_id=37649&scanf=45110&charge=3&value=13/76,sp|Q9UIS9|MBD1_HUMAN,/core/www/modules//consensus/?run_id=110202&search_id=114132&scans_id=110198&peptide_id=37649&scanf=45110&charge=3&value=sp|Q9UIS9|MBD1_HUMAN,4,/core/www/modules/match_peptides/blast_html4.php?run_id=110202&search_id=114132&scans_id=110198&peptide_id=37649&scanf=45110&charge=3&value=4,K.QEAGGGFVLPPPGTDLVFLR.E,/core/www/modules/show_out/show_out_wrapper.php?run_id=110202&search_id=114132&scans_id=110198&peptide_id=37649&scanf=45110&charge=3&value=K.QEAGGGFVLPPPGTDLVFLR.E,MBD1,1.437e+6,2.823,0.007,2.147,0.000
45119,3,"  5.179","  0.613",15/108,/core/www/modules//sdig/index.php?run_id=110202&search_id=114132&scans_id=110198&peptide_id=37658&scanf=45119&charge=3&value=15/108,sp|Q12905|ILF2_HUMAN,/core/www/modules//consensus/?run_id=110202&search_id=114132&scans_id=110198&peptide_id=37658&scanf=45119&charge=3&value=sp|Q12905|ILF2_HUMAN,1,/core/www/modules/match_peptides/blast_html4.php?run_id=110202&search_id=114132&scans_id=110198&peptide_id=37658&scanf=45119&charge=3&value=1,K.ILGQEGDASYLASEISTWDGVIVTPSEK.A,/core/www/modules/show_out/show_out_wrapper.php?run_id=110202&search_id=114132&scans_id=110198&peptide_id=37658&scanf=45119&charge=3&value=K.ILGQEGDASYLASEISTWDGVIVTPSEK.A,ILF2,1.815e+7,3.062,0.003,2.499,0.000
45123,2,"  4.626","  0.641",13/32,/core/www/modules//sdig/index.php?run_id=110202&search_id=114132&scans_id=110198&peptide_id=37663&scanf=45123&charge=2&value=13/32,sp|Q02878|RL6_HUMAN,/core/www/modules//consensus/?run_id=110202&search_id=114132&scans_id=110198&peptide_id=37663&scanf=45123&charge=2&value=sp|Q02878|RL6_HUMAN,0,/core/www/modules/match_peptides/blast_html4.php?run_id=110202&search_id=114132&scans_id=110198&peptide_id=37663&scanf=45123&charge=2&value=0,K.QLASGLLLVTGPLVLNR.V,/core/www/modules/show_out/show_out_wrapper.php?run_id=110202&search_id=114132&scans_id=110198&peptide_id=37663&scanf=45123&charge=2&value=K.QLASGLLLVTGPLVLNR.V,RPL6,2.774e+7,3.359,0.001,2.939,0.000
45131,2,"  2.858","  0.665",14/22,/core/www/modules//sdig/index.php?run_id=110202&search_id=114132&scans_id=110198&peptide_id=37671&scanf=45131&charge=2&value=14/22,sp|Q9Y5Q9|TF3C3_HUMAN,/core/www/modules//consensus/?run_id=110202&search_id=114132&scans_id=110198&peptide_id=37671&scanf=45131&charge=2&value=sp|Q9Y5Q9|TF3C3_HUMAN,0,/core/www/modules/match_peptides/blast_html4.php?run_id=110202&search_id=114132&scans_id=110198&peptide_id=37671&scanf=45131&charge=2&value=0,K.AIFAVLTSVLTK.D,/core/www/modules/show_out/show_out_wrapper.php?run_id=110202&search_id=114132&scans_id=110198&peptide_id=37671&scanf=45131&charge=2&value=K.AIFAVLTSVLTK.D,GTF3C3,1.216e+6,3.741,0.000,3.505,0.000
45132,3,"  3.172","  0.527",8/72,/core/www/modules//sdig/index.php?run_id=110202&search_id=114132&scans_id=110198&peptide_id=37672&scanf=45132&charge=3&value=8/72,sp|Q14692|BMS1_HUMAN,/core/www/modules//consensus/?run_id=110202&search_id=114132&scans_id=110198&peptide_id=37672&scanf=45132&charge=3&value=sp|Q14692|BMS1_HUMAN,0,/core/www/modules/match_peptides/blast_html4.php?run_id=110202&search_id=114132&scans_id=110198&peptide_id=37672&scanf=45132&charge=3&value=0,R.FLVEAPHDWDLEEVMNSIR.D,/core/www/modules/show_out/show_out_wrapper.php?run_id=110202&search_id=114132&scans_id=110198&peptide_id=37672&scanf=45132&charge=3&value=R.FLVEAPHDWDLEEVMNSIR.D,BMS1,1.200e+6,2.817,0.007,2.138,0.000
45134,3,"  1.933","  0.389",9/56,/core/www/modules//sdig/index.php?run_id=110202&search_id=114132&scans_id=110198&peptide_id=37674&scanf=45134&charge=3&value=9/56,sp|P35270|SPRE_HUMAN,/core/www/modules//consensus/?run_id=110202&search_id=114132&scans_id=110198&peptide_id=37674&scanf=45134&charge=3&value=sp|P35270|SPRE_HUMAN,0,/core/www/modules/match_peptides/blast_html4.php?run_id=110202&search_id=114132&scans_id=110198&peptide_id=37674&scanf=45134&charge=3&value=0,R.DMLFQVLALEEPNVR.V,/core/www/modules/show_out/show_out_wrapper.php?run_id=110202&search_id=114132&scans_id=110198&peptide_id=37674&scanf=45134&charge=3&value=R.DMLFQVLALEEPNVR.V,SPR,6.633e+5,2.473,0.023,1.635,0.001
45144,2,"  4.223","  0.709",19/32,/core/www/modules//sdig/index.php?run_id=110202&search_id=114132&scans_id=110198&peptide_id=37685&scanf=45144&charge=2&value=19/32,sp|P07437|TBB5_HUMAN,/core/www/modules//consensus/?run_id=110202&search_id=114132&scans_id=110198&peptide_id=37685&scanf=45144&charge=2&value=sp|P07437|TBB5_HUMAN,2,/core/www/modules/match_peptides/blast_html4.php?run_id=110202&search_id=114132&scans_id=110198&peptide_id=37685&scanf=45144&charge=2&value=2,K.MAVTFIGNSTAIQELFK.R,/core/www/modules/show_out/show_out_wrapper.php?run_id=110202&search_id=114132&scans_id=110198&peptide_id=37685&scanf=45144&charge=2&value=K.MAVTFIGNSTAIQELFK.R,TUBB,1.979e+6,3.752,0.000,3.522,0.000
45148,3,"  5.143","  0.656",26/96,/core/www/modules//sdig/index.php?run_id=110202&search_id=114132&scans_id=110198&peptide_id=37688&scanf=45148&charge=3&value=26/96,sp|Q93074|MED12_HUMAN,/core/www/modules//consensus/?run_id=110202&search_id=114132&scans_id=110198&peptide_id=37688&scanf=45148&charge=3&value=sp|Q93074|MED12_HUMAN,8,/core/www/modules/match_peptides/blast_html4.php?run_id=110202&search_id=114132&scans_id=110198&peptide_id=37688&scanf=45148&charge=3&value=8,R.WAPEFMIDTLENPAAHTFTYTGLGK.S,/core/www/modules/show_out/show_out_wrapper.php?run_id=110202&search_id=114132&scans_id=110198&peptide_id=37688&scanf=45148&charge=3&value=R.WAPEFMIDTLENPAAHTFTYTGLGK.S,MED12,8.410e+5,3.186,0.002,2.683,0.000
45149,3,"  4.824","  0.572",22/104,/core/www/modules//sdig/index.php?run_id=110202&search_id=114132&scans_id=110198&peptide_id=37689&scanf=45149&charge=3&value=22/104,sp|P0DMV8|HS71A_HUMAN,/core/www/modules//consensus/?run_id=110202&search_id=114132&scans_id=110198&peptide_id=37689&scanf=45149&charge=3&value=sp|P0DMV8|HS71A_HUMAN,2,/core/www/modules/match_peptides/blast_html4.php?run_id=110202&search_id=114132&scans_id=110198&peptide_id=37689&scanf=45149&charge=3&value=2,K.EIAEAYLGYPVTNAVITVPAYFNDSQR.Q,/core/www/modules/show_out/show_out_wrapper.php?run_id=110202&search_id=114132&scans_id=110198&peptide_id=37689&scanf=45149&charge=3&value=K.EIAEAYLGYPVTNAVITVPAYFNDSQR.Q,HSPA1A,1.162e+6,2.888,0.006,2.243,0.000
45153,3,"  1.586","  0.290",9/60,/core/www/modules//sdig/index.php?run_id=110202&search_id=114132&scans_id=110198&peptide_id=37694&scanf=45153&charge=3&value=9/60,sp|P21283|VATC1_HUMAN,/core/www/modules//consensus/?run_id=110202&search_id=114132&scans_id=110198&peptide_id=37694&scanf=45153&charge=3&value=sp|P21283|VATC1_HUMAN,0,/core/www/modules/match_peptides/blast_html4.php?run_id=110202&search_id=114132&scans_id=110198&peptide_id=37694&scanf=45153&charge=3&value=0,K.VGTLDVLVGLSDELAK.L,/core/www/modules/show_out/show_out_wrapper.php?run_id=110202&search_id=114132&scans_id=110198&peptide_id=37694&scanf=45153&charge=3&value=K.VGTLDVLVGLSDELAK.L,ATP6V1C1,7.067e+5,2.064,0.088,1.058,0.004
45162,2,"  3.020","  0.534",11/30,/core/www/modules//sdig/index.php?run_id=110202&search_id=114132&scans_id=110198&peptide_id=37704&scanf=45162&charge=2&value=11/30,sp|P21283|VATC1_HUMAN,/core/www/modules//consensus/?run_id=110202&search_id=114132&scans_id=110198&peptide_id=37704&scanf=45162&charge=2&value=sp|P21283|VATC1_HUMAN,0,/core/www/modules/match_peptides/blast_html4.php?run_id=110202&search_id=114132&scans_id=110198&peptide_id=37704&scanf=45162&charge=2&value=0,K.VGTLDVLVGLSDELAK.L,/core/www/modules/show_out/show_out_wrapper.php?run_id=110202&search_id=114132&scans_id=110198&peptide_id=37704&scanf=45162&charge=2&value=K.VGTLDVLVGLSDELAK.L,ATP6V1C1,9.499e+5,2.839,0.007,2.171,0.000
45175,2,"  3.653","  0.605",19/28,/core/www/modules//sdig/index.php?run_id=110202&search_id=114132&scans_id=110198&peptide_id=37717&scanf=45175&charge=2&value=19/28,sp|P00338|LDHA_HUMAN,/core/www/modules//consensus/?run_id=110202&search_id=114132&scans_id=110198&peptide_id=37717&scanf=45175&charge=2&value=sp|P00338|LDHA_HUMAN,6,/core/www/modules/match_peptides/blast_html4.php?run_id=110202&search_id=114132&scans_id=110198&peptide_id=37717&scanf=45175&charge=2&value=6,K.DLADELALVDVIEDK.L,/core/www/modules/show_out/show_out_wrapper.php?run_id=110202&search_id=114132&scans_id=110198&peptide_id=37717&scanf=45175&charge=2&value=K.DLADELALVDVIEDK.L,LDHA,3.474e+6,3.619,0.000,3.325,0.000
45177,2,"  3.179","  0.647",14/26,/core/www/modules//sdig/index.php?run_id=110202&search_id=114132&scans_id=110198&peptide_id=37719&scanf=45177&charge=2&value=14/26,sp|P52948|NUP98_HUMAN,/core/www/modules//consensus/?run_id=110202&search_id=114132&scans_id=110198&peptide_id=37719&scanf=45177&charge=2&value=sp|P52948|NUP98_HUMAN,9,/core/www/modules/match_peptides/blast_html4.php?run_id=110202&search_id=114132&scans_id=110198&peptide_id=37719&scanf=45177&charge=2&value=9,K.NSPVEAVFSYLTGK.R,/core/www/modules/show_out/show_out_wrapper.php?run_id=110202&search_id=114132&scans_id=110198&peptide_id=37719&scanf=45177&charge=2&value=K.NSPVEAVFSYLTGK.R,NUP98,1.416e+6,3.452,0.001,3.078,0.000
45178,3,"  3.192","  0.565",14/72,/core/www/modules//sdig/index.php?run_id=110202&search_id=114132&scans_id=110198&peptide_id=37720&scanf=45178&charge=3&value=14/72,sp|Q92616|GCN1_HUMAN,/core/www/modules//consensus/?run_id=110202&search_id=114132&scans_id=110198&peptide_id=37720&scanf=45178&charge=3&value=sp|Q92616|GCN1_HUMAN,0,/core/www/modules/match_peptides/blast_html4.php?run_id=110202&search_id=114132&scans_id=110198&peptide_id=37720&scanf=45178&charge=3&value=0,R.VLPQLISTITASVQNPALR.L,/core/www/modules/show_out/show_out_wrapper.php?run_id=110202&search_id=114132&scans_id=110198&peptide_id=37720&scanf=45178&charge=3&value=R.VLPQLISTITASVQNPALR.L,GCN1,2.376e+6,3.257,0.002,2.788,0.000
45185,3,"  8.474","  0.732",27/124,/core/www/modules//sdig/index.php?run_id=110202&search_id=114132&scans_id=110198&peptide_id=37728&scanf=45185&charge=3&value=27/124,sp|Q9BWF3|RBM4_HUMAN,/core/www/modules//consensus/?run_id=110202&search_id=114132&scans_id=110198&peptide_id=37728&scanf=45185&charge=3&value=sp|Q9BWF3|RBM4_HUMAN,1,/core/www/modules/match_peptides/blast_html4.php?run_id=110202&search_id=114132&scans_id=110198&peptide_id=37728&scanf=45185&charge=3&value=1,R.HLLPTSGAAATAAAAAAAAAAVTAASTSYYGR.D,/core/www/modules/show_out/show_out_wrapper.php?run_id=110202&search_id=114132&scans_id=110198&peptide_id=37728&scanf=45185&charge=3&value=R.HLLPTSGAAATAAAAAAAAAAVTAASTSYYGR.D,RBM4,1.795e+6,3.466,0.001,3.098,0.000
45186,3,"  1.909","  0.402",11/72,/core/www/modules//sdig/index.php?run_id=110202&search_id=114132&scans_id=110198&peptide_id=37729&scanf=45186&charge=3&value=11/72,sp|Q92616|GCN1_HUMAN,/core/www/modules//consensus/?run_id=110202&search_id=114132&scans_id=110198&peptide_id=37729&scanf=45186&charge=3&value=sp|Q92616|GCN1_HUMAN,0,/core/www/modules/match_peptides/blast_html4.php?run_id=110202&search_id=114132&scans_id=110198&peptide_id=37729&scanf=45186&charge=3&value=0,R.VLPQLISTITASVQNPALR.L,/core/www/modules/show_out/show_out_wrapper.php?run_id=110202&search_id=114132&scans_id=110198&peptide_id=37729&scanf=45186&charge=3&value=R.VLPQLISTITASVQNPALR.L,GCN1,2.376e+6,2.557,0.017,1.758,0.000
45188,2,"  2.609","  0.378",11/18,/core/www/modules//sdig/index.php?run_id=110202&search_id=114132&scans_id=110198&peptide_id=37730&scanf=45188&charge=2&value=11/18,sp|P08670|VIME_HUMAN,/core/www/modules//consensus/?run_id=110202&search_id=114132&scans_id=110198&peptide_id=37730&scanf=45188&charge=2&value=sp|P08670|VIME_HUMAN,2,/core/www/modules/match_peptides/blast_html4.php?run_id=110202&search_id=114132&scans_id=110198&peptide_id=37730&scanf=45188&charge=2&value=2,K.ILLAELEQLK.G,/core/www/modules/show_out/show_out_wrapper.php?run_id=110202&search_id=114132&scans_id=110198&peptide_id=37730&scanf=45188&charge=2&value=K.ILLAELEQLK.G,VIM,2.375e+9,3.381,0.001,2.972,0.000
45191,3,"  5.332","  0.594",26/104,/core/www/modules//sdig/index.php?run_id=110202&search_id=114132&scans_id=110198&peptide_id=37733&scanf=45191&charge=3&value=26/104,sp|P0DMV8|HS71A_HUMAN,/core/www/modules//consensus/?run_id=110202&search_id=114132&scans_id=110198&peptide_id=37733&scanf=45191&charge=3&value=sp|P0DMV8|HS71A_HUMAN,2,/core/www/modules/match_peptides/blast_html4.php?run_id=110202&search_id=114132&scans_id=110198&peptide_id=37733&scanf=45191&charge=3&value=2,K.EIAEAYLGYPVTNAVITVPAYFNDSQR.Q,/core/www/modules/show_out/show_out_wrapper.php?run_id=110202&search_id=114132&scans_id=110198&peptide_id=37733&scanf=45191&charge=3&value=K.EIAEAYLGYPVTNAVITVPAYFNDSQR.Q,HSPA1A,1.162e+6,3.094,0.003,2.546,0.000
45201,2,"  1.752","  0.184",10/24,/core/www/modules//sdig/index.php?run_id=110202&search_id=114132&scans_id=110198&peptide_id=37744&scanf=45201&charge=2&value=10/24,sp|P55072|TERA_HUMAN,/core/www/modules//consensus/?run_id=110202&search_id=114132&scans_id=110198&peptide_id=37744&scanf=45201&charge=2&value=sp|P55072|TERA_HUMAN,9,/core/www/modules/match_peptides/blast_html4.php?run_id=110202&search_id=114132&scans_id=110198&peptide_id=37744&scanf=45201&charge=2&value=9,R.IVSQLLTLMDGLK.Q,/core/www/modules/show_out/show_out_wrapper.php?run_id=110202&search_id=114132&scans_id=110198&peptide_id=37744&scanf=45201&charge=2&value=R.IVSQLLTLMDGLK.Q,VCP,9.259e+5,1.904,0.142,0.847,0.007
45210,2,"  2.031","  0.107",9/16,/core/www/modules//sdig/index.php?run_id=110202&search_id=114132&scans_id=110198&peptide_id=37753&scanf=45210&charge=2&value=9/16,sp|O60814|H2B1K_HUMAN,/core/www/modules//consensus/?run_id=110202&search_id=114132&scans_id=110198&peptide_id=37753&scanf=45210&charge=2&value=sp|O60814|H2B1K_HUMAN,16,/core/www/modules/match_peptides/blast_html4.php?run_id=110202&search_id=114132&scans_id=110198&peptide_id=37753&scanf=45210&charge=2&value=16,R.LLLPGELAK.H,/core/www/modules/show_out/show_out_wrapper.php?run_id=110202&search_id=114132&scans_id=110198&peptide_id=37753&scanf=45210&charge=2&value=R.LLLPGELAK.H,H2BC12,4.487e+9,2.039,0.095,1.024,0.004
45213,2,"  2.983","  0.542",17/32,/core/www/modules//sdig/index.php?run_id=110202&search_id=114132&scans_id=110198&peptide_id=37756&scanf=45213&charge=2&value=17/32,sp|Q9Y4A5|TRRAP_HUMAN,/core/www/modules//consensus/?run_id=110202&search_id=114132&scans_id=110198&peptide_id=37756&scanf=45213&charge=2&value=sp|Q9Y4A5|TRRAP_HUMAN,2,/core/www/modules/match_peptides/blast_html4.php?run_id=110202&search_id=114132&scans_id=110198&peptide_id=37756&scanf=45213&charge=2&value=2,K.ATNANPSQLFGTLMILK.S,/core/www/modules/show_out/show_out_wrapper.php?run_id=110202&search_id=114132&scans_id=110198&peptide_id=37756&scanf=45213&charge=2&value=K.ATNANPSQLFGTLMILK.S,TRRAP,9.474e+5,3.110,0.003,2.571,0.000
45214,2,"  2.907","  0.581",12/24,/core/www/modules//sdig/index.php?run_id=110202&search_id=114132&scans_id=110198&peptide_id=37757&scanf=45214&charge=2&value=12/24,sp|P13861|KAP2_HUMAN,/core/www/modules//consensus/?run_id=110202&search_id=114132&scans_id=110198&peptide_id=37757&scanf=45214&charge=2&value=sp|P13861|KAP2_HUMAN,2,/core/www/modules/match_peptides/blast_html4.php?run_id=110202&search_id=114132&scans_id=110198&peptide_id=37757&scanf=45214&charge=2&value=2,K.MFESFIESVPLLK.S,/core/www/modules/show_out/show_out_wrapper.php?run_id=110202&search_id=114132&scans_id=110198&peptide_id=37757&scanf=45214&charge=2&value=K.MFESFIESVPLLK.S,PRKAR2A,1.333e+6,3.282,0.001,2.825,0.000
45220,3,"  3.492","  0.659",15/80,/core/www/modules//sdig/index.php?run_id=110202&search_id=114132&scans_id=110198&peptide_id=37764&scanf=45220&charge=3&value=15/80,sp|P06748|NPM_HUMAN,/core/www/modules//consensus/?run_id=110202&search_id=114132&scans_id=110198&peptide_id=37764&scanf=45220&charge=3&value=sp|P06748|NPM_HUMAN,7,/core/www/modules/match_peptides/blast_html4.php?run_id=110202&search_id=114132&scans_id=110198&peptide_id=37764&scanf=45220&charge=3&value=7,K.M*SVQPTVSLGGFEITPPVVLR.L,/core/www/modules/show_out/show_out_wrapper.php?run_id=110202&search_id=114132&scans_id=110198&peptide_id=37764&scanf=45220&charge=3&value=K.M*SVQPTVSLGGFEITPPVVLR.L,NPM1,8.138e+6,3.275,0.002,2.814,0.000
45221,3,"  2.223","  0.478",15/60,/core/www/modules//sdig/index.php?run_id=110202&search_id=114132&scans_id=110198&peptide_id=37765&scanf=45221&charge=3&value=15/60,sp|Q9NZN4|EHD2_HUMAN,/core/www/modules//consensus/?run_id=110202&search_id=114132&scans_id=110198&peptide_id=37765&scanf=45221&charge=3&value=sp|Q9NZN4|EHD2_HUMAN,0,/core/www/modules/match_peptides/blast_html4.php?run_id=110202&search_id=114132&scans_id=110198&peptide_id=37765&scanf=45221&charge=3&value=0,K.TSFIQYLLEQEVPGSR.V,/core/www/modules/show_out/show_out_wrapper.php?run_id=110202&search_id=114132&scans_id=110198&peptide_id=37765&scanf=45221&charge=3&value=K.TSFIQYLLEQEVPGSR.V,EHD2,2.547e+6,2.913,0.005,2.280,0.000
45232,4,"  7.673","  0.689",24/162,/core/www/modules//sdig/index.php?run_id=110202&search_id=114132&scans_id=110198&peptide_id=37776&scanf=45232&charge=4&value=24/162,sp|O43707|ACTN4_HUMAN,/core/www/modules//consensus/?run_id=110202&search_id=114132&scans_id=110198&peptide_id=37776&scanf=45232&charge=4&value=sp|O43707|ACTN4_HUMAN,3,/core/www/modules/match_peptides/blast_html4.php?run_id=110202&search_id=114132&scans_id=110198&peptide_id=37776&scanf=45232&charge=4&value=3,R.SIVDYKPNLDLLEQQHQLIQEALIFDNK.H,/core/www/modules/show_out/show_out_wrapper.php?run_id=110202&search_id=114132&scans_id=110198&peptide_id=37776&scanf=45232&charge=4&value=R.SIVDYKPNLDLLEQQHQLIQEALIFDNK.H,ACTN4,2.046e+7,4.144,0.000,4.103,0.000
45233,2,"  3.356","  0.668",15/26,/core/www/modules//sdig/index.php?run_id=110202&search_id=114132&scans_id=110198&peptide_id=37777&scanf=45233&charge=2&value=15/26,sp|P78527|PRKDC_HUMAN,/core/www/modules//consensus/?run_id=110202&search_id=114132&scans_id=110198&peptide_id=37777&scanf=45233&charge=2&value=sp|P78527|PRKDC_HUMAN,1,/core/www/modules/match_peptides/blast_html4.php?run_id=110202&search_id=114132&scans_id=110198&peptide_id=37777&scanf=45233&charge=2&value=1,K.LSDFNDITNMLLLK.M,/core/www/modules/show_out/show_out_wrapper.php?run_id=110202&search_id=114132&scans_id=110198&peptide_id=37777&scanf=45233&charge=2&value=K.LSDFNDITNMLLLK.M,PRKDC,6.919e+7,4.496,0.000,4.625,0.000
45238,2,"  2.729","  0.564",11/22,/core/www/modules//sdig/index.php?run_id=110202&search_id=114132&scans_id=110198&peptide_id=37782&scanf=45238&charge=2&value=11/22,sp|Q9UBU9|NXF1_HUMAN,/core/www/modules//consensus/?run_id=110202&search_id=114132&scans_id=110198&peptide_id=37782&scanf=45238&charge=2&value=sp|Q9UBU9|NXF1_HUMAN,1,/core/www/modules/match_peptides/blast_html4.php?run_id=110202&search_id=114132&scans_id=110198&peptide_id=37782&scanf=45238&charge=2&value=1,R.LNVVAFLNELPK.T,/core/www/modules/show_out/show_out_wrapper.php?run_id=110202&search_id=114132&scans_id=110198&peptide_id=37782&scanf=45238&charge=2&value=R.LNVVAFLNELPK.T,NXF1,1.502e+7,3.292,0.001,2.840,0.000
45243,2,"  3.922","  0.594",12/32,/core/www/modules//sdig/index.php?run_id=110202&search_id=114132&scans_id=110198&peptide_id=37788&scanf=45243&charge=2&value=12/32,sp|Q02878|RL6_HUMAN,/core/www/modules//consensus/?run_id=110202&search_id=114132&scans_id=110198&peptide_id=37788&scanf=45243&charge=2&value=sp|Q02878|RL6_HUMAN,0,/core/www/modules/match_peptides/blast_html4.php?run_id=110202&search_id=114132&scans_id=110198&peptide_id=37788&scanf=45243&charge=2&value=0,K.QLASGLLLVTGPLVLNR.V,/core/www/modules/show_out/show_out_wrapper.php?run_id=110202&search_id=114132&scans_id=110198&peptide_id=37788&scanf=45243&charge=2&value=K.QLASGLLLVTGPLVLNR.V,RPL6,2.774e+7,3.152,0.002,2.633,0.000
45252,3,"  2.884","  0.509",10/80,/core/www/modules//sdig/index.php?run_id=110202&search_id=114132&scans_id=110198&peptide_id=37797&scanf=45252&charge=3&value=10/80,sp|Q92759|TF2H4_HUMAN,/core/www/modules//consensus/?run_id=110202&search_id=114132&scans_id=110198&peptide_id=37797&scanf=45252&charge=3&value=sp|Q92759|TF2H4_HUMAN,0,/core/www/modules/match_peptides/blast_html4.php?run_id=110202&search_id=114132&scans_id=110198&peptide_id=37797&scanf=45252&charge=3&value=0,R.ESVQQAIASGITAQQIIHFLR.T,/core/www/modules/show_out/show_out_wrapper.php?run_id=110202&search_id=114132&scans_id=110198&peptide_id=37797&scanf=45252&charge=3&value=R.ESVQQAIASGITAQQIIHFLR.T,GTF2H4,1.098e+6,2.671,0.012,1.924,0.000
45254,3,"  2.962","  0.324",13/84,/core/www/modules//sdig/index.php?run_id=110202&search_id=114132&scans_id=110198&peptide_id=37799&scanf=45254&charge=3&value=13/84,sp|Q9UJX3|APC7_HUMAN,/core/www/modules//consensus/?run_id=110202&search_id=114132&scans_id=110198&peptide_id=37799&scanf=45254&charge=3&value=sp|Q9UJX3|APC7_HUMAN,0,/core/www/modules/match_peptides/blast_html4.php?run_id=110202&search_id=114132&scans_id=110198&peptide_id=37799&scanf=45254&charge=3&value=0,R.LLSSLLLTMSNNNPELFSPPQK.Y,/core/www/modules/show_out/show_out_wrapper.php?run_id=110202&search_id=114132&scans_id=110198&peptide_id=37799&scanf=45254&charge=3&value=R.LLSSLLLTMSNNNPELFSPPQK.Y,ANAPC7,1.109e+6,2.100,0.078,1.107,0.003
45261,2,"  3.640","  0.561",9/28,/core/www/modules//sdig/index.php?run_id=110202&search_id=114132&scans_id=110198&peptide_id=37807&scanf=45261&charge=2&value=9/28,sp|P34932|HSP74_HUMAN,/core/www/modules//consensus/?run_id=110202&search_id=114132&scans_id=110198&peptide_id=37807&scanf=45261&charge=2&value=sp|P34932|HSP74_HUMAN,0,/core/www/modules/match_peptides/blast_html4.php?run_id=110202&search_id=114132&scans_id=110198&peptide_id=37807&scanf=45261&charge=2&value=0,R.EFSITDVVPYPISLR.W,/core/www/modules/show_out/show_out_wrapper.php?run_id=110202&search_id=114132&scans_id=110198&peptide_id=37807&scanf=45261&charge=2&value=R.EFSITDVVPYPISLR.W,HSPA4,2.364e+6,2.992,0.004,2.396,0.000
45270,2,"  3.439","  0.572",14/22,/core/www/modules//sdig/index.php?run_id=110202&search_id=114132&scans_id=110198&peptide_id=37817&scanf=45270&charge=2&value=14/22,sp|P04844|RPN2_HUMAN,/core/www/modules//consensus/?run_id=110202&search_id=114132&scans_id=110198&peptide_id=37817&scanf=45270&charge=2&value=sp|P04844|RPN2_HUMAN,2,/core/www/modules/match_peptides/blast_html4.php?run_id=110202&search_id=114132&scans_id=110198&peptide_id=37817&scanf=45270&charge=2&value=2,R.SIVEEIEDLVAR.L,/core/www/modules/show_out/show_out_wrapper.php?run_id=110202&search_id=114132&scans_id=110198&peptide_id=37817&scanf=45270&charge=2&value=R.SIVEEIEDLVAR.L,RPN2,1.537e+6,3.535,0.001,3.200,0.000
45272,2,"  4.154","  0.737",16/28,/core/www/modules//sdig/index.php?run_id=110202&search_id=114132&scans_id=110198&peptide_id=37818&scanf=45272&charge=2&value=16/28,sp|O60814|H2B1K_HUMAN,/core/www/modules//consensus/?run_id=110202&search_id=114132&scans_id=110198&peptide_id=37818&scanf=45272&charge=2&value=sp|O60814|H2B1K_HUMAN,14,/core/www/modules/match_peptides/blast_html4.php?run_id=110202&search_id=114132&scans_id=110198&peptide_id=37818&scanf=45272&charge=2&value=14,K.AMGIMNSFVNDIFER.I,/core/www/modules/show_out/show_out_wrapper.php?run_id=110202&search_id=114132&scans_id=110198&peptide_id=37818&scanf=45272&charge=2&value=K.AMGIMNSFVNDIFER.I,H2BC12,1.839e+9,4.125,0.000,4.075,0.000
45279,3,"  2.337","  0.520",10/52,/core/www/modules//sdig/index.php?run_id=110202&search_id=114132&scans_id=110198&peptide_id=37825&scanf=45279&charge=3&value=10/52,sp|P52948|NUP98_HUMAN,/core/www/modules//consensus/?run_id=110202&search_id=114132&scans_id=110198&peptide_id=37825&scanf=45279&charge=3&value=sp|P52948|NUP98_HUMAN,9,/core/www/modules/match_peptides/blast_html4.php?run_id=110202&search_id=114132&scans_id=110198&peptide_id=37825&scanf=45279&charge=3&value=9,K.NSPVEAVFSYLTGK.R,/core/www/modules/show_out/show_out_wrapper.php?run_id=110202&search_id=114132&scans_id=110198&peptide_id=37825&scanf=45279&charge=3&value=K.NSPVEAVFSYLTGK.R,NUP98,1.009e+6,3.007,0.004,2.418,0.000
45283,2,"  1.952","  0.389",10/20,/core/www/modules//sdig/index.php?run_id=110202&search_id=114132&scans_id=110198&peptide_id=37830&scanf=45283&charge=2&value=10/20,sp|P49643|PRI2_HUMAN,/core/www/modules//consensus/?run_id=110202&search_id=114132&scans_id=110198&peptide_id=37830&scanf=45283&charge=2&value=sp|P49643|PRI2_HUMAN,1,/core/www/modules/match_peptides/blast_html4.php?run_id=110202&search_id=114132&scans_id=110198&peptide_id=37830&scanf=45283&charge=2&value=1,K.IPFADALDLFR.G,/core/www/modules/show_out/show_out_wrapper.php?run_id=110202&search_id=114132&scans_id=110198&peptide_id=37830&scanf=45283&charge=2&value=K.IPFADALDLFR.G,PRIM2,1.353e+6,2.583,0.016,1.795,0.000
45287,2,"  1.457","  0.213",6/12,/core/www/modules//sdig/index.php?run_id=110202&search_id=114132&scans_id=110198&peptide_id=37834&scanf=45287&charge=2&value=6/12,sp|P60709|ACTB_HUMAN,/core/www/modules//consensus/?run_id=110202&search_id=114132&scans_id=110198&peptide_id=37834&scanf=45287&charge=2&value=sp|P60709|ACTB_HUMAN,11,/core/www/modules/match_peptides/blast_html4.php?run_id=110202&search_id=114132&scans_id=110198&peptide_id=37834&scanf=45287&charge=2&value=11,K.IIAPPER.K,/core/www/modules/show_out/show_out_wrapper.php?run_id=110202&search_id=114132&scans_id=110198&peptide_id=37834&scanf=45287&charge=2&value=K.IIAPPER.K,ACTB,4.155e+6,2.703,0.011,1.971,0.000
45294,3,"  1.800","  0.406",12/56,/core/www/modules//sdig/index.php?run_id=110202&search_id=114132&scans_id=110198&peptide_id=37841&scanf=45294&charge=3&value=12/56,sp|P17980|PRS6A_HUMAN,/core/www/modules//consensus/?run_id=110202&search_id=114132&scans_id=110198&peptide_id=37841&scanf=45294&charge=3&value=sp|P17980|PRS6A_HUMAN,5,/core/www/modules/match_peptides/blast_html4.php?run_id=110202&search_id=114132&scans_id=110198&peptide_id=37841&scanf=45294&charge=3&value=5,R.QTYFLPVIGLVDAEK.L,/core/www/modules/show_out/show_out_wrapper.php?run_id=110202&search_id=114132&scans_id=110198&peptide_id=37841&scanf=45294&charge=3&value=R.QTYFLPVIGLVDAEK.L,PSMC3,3.410e+6,2.692,0.011,1.954,0.000
45296,3,"  4.776","  0.664",19/84,/core/www/modules//sdig/index.php?run_id=110202&search_id=114132&scans_id=110198&peptide_id=37843&scanf=45296&charge=3&value=19/84,sp|Q9NPI1|BRD7_HUMAN,/core/www/modules//consensus/?run_id=110202&search_id=114132&scans_id=110198&peptide_id=37843&scanf=45296&charge=3&value=sp|Q9NPI1|BRD7_HUMAN,0,/core/www/modules/match_peptides/blast_html4.php?run_id=110202&search_id=114132&scans_id=110198&peptide_id=37843&scanf=45296&charge=3&value=0,K.AVTNFGVPVEVFDSEEAEIFQK.K,/core/www/modules/show_out/show_out_wrapper.php?run_id=110202&search_id=114132&scans_id=110198&peptide_id=37843&scanf=45296&charge=3&value=K.AVTNFGVPVEVFDSEEAEIFQK.K,BRD7,4.292e+6,3.416,0.001,3.023,0.000
45300,2,"  3.539","  0.640",14/30,/core/www/modules//sdig/index.php?run_id=110202&search_id=114132&scans_id=110198&peptide_id=37848&scanf=45300&charge=2&value=14/30,sp|O75494|SRS10_HUMAN,/core/www/modules//consensus/?run_id=110202&search_id=114132&scans_id=110198&peptide_id=37848&scanf=45300&charge=2&value=sp|O75494|SRS10_HUMAN,2,/core/www/modules/match_peptides/blast_html4.php?run_id=110202&search_id=114132&scans_id=110198&peptide_id=37848&scanf=45300&charge=2&value=2,R.YGPIVDVYVPLDFYTR.R,/core/www/modules/show_out/show_out_wrapper.php?run_id=110202&search_id=114132&scans_id=110198&peptide_id=37848&scanf=45300&charge=2&value=R.YGPIVDVYVPLDFYTR.R,SRSF10,3.704e+6,3.351,0.001,2.928,0.000
45307,3,"  3.443","  0.518",17/76,/core/www/modules//sdig/index.php?run_id=110202&search_id=114132&scans_id=110198&peptide_id=37855&scanf=45307&charge=3&value=17/76,sp|Q9BR76|COR1B_HUMAN,/core/www/modules//consensus/?run_id=110202&search_id=114132&scans_id=110198&peptide_id=37855&scanf=45307&charge=3&value=sp|Q9BR76|COR1B_HUMAN,0,/core/www/modules/match_peptides/blast_html4.php?run_id=110202&search_id=114132&scans_id=110198&peptide_id=37855&scanf=45307&charge=3&value=0,R.YFEITEEPPYIHFLNTFTSK.E,/core/www/modules/show_out/show_out_wrapper.php?run_id=110202&search_id=114132&scans_id=110198&peptide_id=37855&scanf=45307&charge=3&value=R.YFEITEEPPYIHFLNTFTSK.E,CORO1B,2.004e+6,2.933,0.005,2.309,0.000
45308,2,"  1.935","  0.479",10/22,/core/www/modules//sdig/index.php?run_id=110202&search_id=114132&scans_id=110198&peptide_id=37856&scanf=45308&charge=2&value=10/22,sp|P61978|HNRPK_HUMAN,/core/www/modules//consensus/?run_id=110202&search_id=114132&scans_id=110198&peptide_id=37856&scanf=45308&charge=2&value=sp|P61978|HNRPK_HUMAN,1,/core/www/modules/match_peptides/blast_html4.php?run_id=110202&search_id=114132&scans_id=110198&peptide_id=37856&scanf=45308&charge=2&value=1,K.IILDLISESPIK.G,/core/www/modules/show_out/show_out_wrapper.php?run_id=110202&search_id=114132&scans_id=110198&peptide_id=37856&scanf=45308&charge=2&value=K.IILDLISESPIK.G,HNRNPK,2.873e+6,2.985,0.004,2.386,0.000
45309,3,"  2.812","  0.460",13/96,/core/www/modules//sdig/index.php?run_id=110202&search_id=114132&scans_id=110198&peptide_id=37857&scanf=45309&charge=3&value=13/96,sp|Q9UIS9|MBD1_HUMAN,/core/www/modules//consensus/?run_id=110202&search_id=114132&scans_id=110198&peptide_id=37857&scanf=45309&charge=3&value=sp|Q9UIS9|MBD1_HUMAN,2,/core/www/modules/match_peptides/blast_html4.php?run_id=110202&search_id=114132&scans_id=110198&peptide_id=37857&scanf=45309&charge=3&value=2,K.LAPEEEAGGAGTPVITEIFSLGGTR.F,/core/www/modules/show_out/show_out_wrapper.php?run_id=110202&search_id=114132&scans_id=110198&peptide_id=37857&scanf=45309&charge=3&value=K.LAPEEEAGGAGTPVITEIFSLGGTR.F,MBD1,1.771e+6,2.415,0.028,1.551,0.001
45312,3,"  5.924","  0.669",23/104,/core/www/modules//sdig/index.php?run_id=110202&search_id=114132&scans_id=110198&peptide_id=37860&scanf=45312&charge=3&value=23/104,sp|Q12905|ILF2_HUMAN,/core/www/modules//consensus/?run_id=110202&search_id=114132&scans_id=110198&peptide_id=37860&scanf=45312&charge=3&value=sp|Q12905|ILF2_HUMAN,1,/core/www/modules/match_peptides/blast_html4.php?run_id=110202&search_id=114132&scans_id=110198&peptide_id=37860&scanf=45312&charge=3&value=1,R.AQDPSEVLTMLTNETGFEISSSDATVK.I,/core/www/modules/show_out/show_out_wrapper.php?run_id=110202&search_id=114132&scans_id=110198&peptide_id=37860&scanf=45312&charge=3&value=R.AQDPSEVLTMLTNETGFEISSSDATVK.I,ILF2,4.843e+7,3.457,0.001,3.084,0.000
45313,2,"  2.675","  0.400",10/26,/core/www/modules//sdig/index.php?run_id=110202&search_id=114132&scans_id=110198&peptide_id=37861&scanf=45313&charge=2&value=10/26,sp|P43243|MATR3_HUMAN,/core/www/modules//consensus/?run_id=110202&search_id=114132&scans_id=110198&peptide_id=37861&scanf=45313&charge=2&value=sp|P43243|MATR3_HUMAN,4,/core/www/modules/match_peptides/blast_html4.php?run_id=110202&search_id=114132&scans_id=110198&peptide_id=37861&scanf=45313&charge=2&value=4,K.ITPENLPQILLQLK.R,/core/www/modules/show_out/show_out_wrapper.php?run_id=110202&search_id=114132&scans_id=110198&peptide_id=37861&scanf=45313&charge=2&value=K.ITPENLPQILLQLK.R,MATR3,2.262e+7,2.565,0.017,1.768,0.000
45314,3,"  8.920","  0.691",33/108,/core/www/modules//sdig/index.php?run_id=110202&search_id=114132&scans_id=110198&peptide_id=37862&scanf=45314&charge=3&value=33/108,sp|O43707|ACTN4_HUMAN,/core/www/modules//consensus/?run_id=110202&search_id=114132&scans_id=110198&peptide_id=37862&scanf=45314&charge=3&value=sp|O43707|ACTN4_HUMAN,3,/core/www/modules/match_peptides/blast_html4.php?run_id=110202&search_id=114132&scans_id=110198&peptide_id=37862&scanf=45314&charge=3&value=3,R.SIVDYKPNLDLLEQQHQLIQEALIFDNK.H,/core/www/modules/show_out/show_out_wrapper.php?run_id=110202&search_id=114132&scans_id=110198&peptide_id=37862&scanf=45314&charge=3&value=R.SIVDYKPNLDLLEQQHQLIQEALIFDNK.H,ACTN4,4.757e+6,4.032,0.000,3.936,0.000
45315,3,"  4.511","  0.656",18/84,/core/www/modules//sdig/index.php?run_id=110202&search_id=114132&scans_id=110198&peptide_id=37863&scanf=45315&charge=3&value=18/84,sp|Q03701|CEBPZ_HUMAN,/core/www/modules//consensus/?run_id=110202&search_id=114132&scans_id=110198&peptide_id=37863&scanf=45315&charge=3&value=sp|Q03701|CEBPZ_HUMAN,0,/core/www/modules/match_peptides/blast_html4.php?run_id=110202&search_id=114132&scans_id=110198&peptide_id=37863&scanf=45315&charge=3&value=0,K.TILQGNYIQYSGDPLQDFTLMR.F,/core/www/modules/show_out/show_out_wrapper.php?run_id=110202&search_id=114132&scans_id=110198&peptide_id=37863&scanf=45315&charge=3&value=K.TILQGNYIQYSGDPLQDFTLMR.F,CEBPZ,3.023e+6,3.426,0.001,3.039,0.000
45318,3,"  3.288","  0.347",14/84,/core/www/modules//sdig/index.php?run_id=110202&search_id=114132&scans_id=110198&peptide_id=37866&scanf=45318&charge=3&value=14/84,sp|Q9UJX3|APC7_HUMAN,/core/www/modules//consensus/?run_id=110202&search_id=114132&scans_id=110198&peptide_id=37866&scanf=45318&charge=3&value=sp|Q9UJX3|APC7_HUMAN,0,/core/www/modules/match_peptides/blast_html4.php?run_id=110202&search_id=114132&scans_id=110198&peptide_id=37866&scanf=45318&charge=3&value=0,R.LLSSLLLTMSNNNPELFSPPQK.Y,/core/www/modules/show_out/show_out_wrapper.php?run_id=110202&search_id=114132&scans_id=110198&peptide_id=37866&scanf=45318&charge=3&value=R.LLSSLLLTMSNNNPELFSPPQK.Y,ANAPC7,1.109e+6,2.227,0.052,1.284,0.002
45320,3,"  6.422","  0.734",30/108,/core/www/modules//sdig/index.php?run_id=110202&search_id=114132&scans_id=110198&peptide_id=37869&scanf=45320&charge=3&value=30/108,sp|P26599|PTBP1_HUMAN,/core/www/modules//consensus/?run_id=110202&search_id=114132&scans_id=110198&peptide_id=37869&scanf=45320&charge=3&value=sp|P26599|PTBP1_HUMAN,7,/core/www/modules/match_peptides/blast_html4.php?run_id=110202&search_id=114132&scans_id=110198&peptide_id=37869&scanf=45320&charge=3&value=7,K.NQAFIEMNTEEAANTMVNYYTSVTPVLR.G,/core/www/modules/show_out/show_out_wrapper.php?run_id=110202&search_id=114132&scans_id=110198&peptide_id=37869&scanf=45320&charge=3&value=K.NQAFIEMNTEEAANTMVNYYTSVTPVLR.G,PTBP1,5.725e+6,3.521,0.001,3.179,0.000
45328,3,"  2.992","  0.446",12/72,/core/www/modules//sdig/index.php?run_id=110202&search_id=114132&scans_id=110198&peptide_id=37877&scanf=45328&charge=3&value=12/72,sp|Q92616|GCN1_HUMAN,/core/www/modules//consensus/?run_id=110202&search_id=114132&scans_id=110198&peptide_id=37877&scanf=45328&charge=3&value=sp|Q92616|GCN1_HUMAN,0,/core/www/modules/match_peptides/blast_html4.php?run_id=110202&search_id=114132&scans_id=110198&peptide_id=37877&scanf=45328&charge=3&value=0,R.VLPQLISTITASVQNPALR.L,/core/www/modules/show_out/show_out_wrapper.php?run_id=110202&search_id=114132&scans_id=110198&peptide_id=37877&scanf=45328&charge=3&value=R.VLPQLISTITASVQNPALR.L,GCN1,2.376e+6,2.724,0.010,2.002,0.000
45330,2,"  1.688","  0.319",5/24,/core/www/modules//sdig/index.php?run_id=110202&search_id=114132&scans_id=110198&peptide_id=37880&scanf=45330&charge=2&value=5/24,sp|O95793|STAU1_HUMAN,/core/www/modules//consensus/?run_id=110202&search_id=114132&scans_id=110198&peptide_id=37880&scanf=45330&charge=2&value=sp|O95793|STAU1_HUMAN,1,/core/www/modules/match_peptides/blast_html4.php?run_id=110202&search_id=114132&scans_id=110198&peptide_id=37880&scanf=45330&charge=2&value=1,R.NAAENMLEILGFK.V,/core/www/modules/show_out/show_out_wrapper.php?run_id=110202&search_id=114132&scans_id=110198&peptide_id=37880&scanf=45330&charge=2&value=R.NAAENMLEILGFK.V,STAU1,2.281e+7,1.980,0.113,0.946,0.005
45339,3,"  4.438","  0.449",16/84,/core/www/modules//sdig/index.php?run_id=110202&search_id=114132&scans_id=110198&peptide_id=37888&scanf=45339&charge=3&value=16/84,sp|P68036|UB2L3_HUMAN,/core/www/modules//consensus/?run_id=110202&search_id=114132&scans_id=110198&peptide_id=37888&scanf=45339&charge=3&value=sp|P68036|UB2L3_HUMAN,1,/core/www/modules/match_peptides/blast_html4.php?run_id=110202&search_id=114132&scans_id=110198&peptide_id=37888&scanf=45339&charge=3&value=1,K.TDQVIQSLIALVNDPQPEHPLR.A,/core/www/modules/show_out/show_out_wrapper.php?run_id=110202&search_id=114132&scans_id=110198&peptide_id=37888&scanf=45339&charge=3&value=K.TDQVIQSLIALVNDPQPEHPLR.A,UBE2L3,1.142e+6,2.644,0.013,1.884,0.000
45349,3,"  3.595","  0.676",25/112,/core/www/modules//sdig/index.php?run_id=110202&search_id=114132&scans_id=110198&peptide_id=37899&scanf=45349&charge=3&value=25/112,sp|Q9ULV4|COR1C_HUMAN,/core/www/modules//consensus/?run_id=110202&search_id=114132&scans_id=110198&peptide_id=37899&scanf=45349&charge=3&value=sp|Q9ULV4|COR1C_HUMAN,2,/core/www/modules/match_peptides/blast_html4.php?run_id=110202&search_id=114132&scans_id=110198&peptide_id=37899&scanf=45349&charge=3&value=2,R.KSDLFQDDLYPDTAGPEAALEAEEWFEGK.N,/core/www/modules/show_out/show_out_wrapper.php?run_id=110202&search_id=114132&scans_id=110198&peptide_id=37899&scanf=45349&charge=3&value=R.KSDLFQDDLYPDTAGPEAALEAEEWFEGK.N,CORO1C,3.895e+6,2.846,0.007,2.180,0.000
45350,4,"  4.860","  0.443",13/162,/core/www/modules//sdig/index.php?run_id=110202&search_id=114132&scans_id=110198&peptide_id=37901&scanf=45350&charge=4&value=13/162,sp|O43707|ACTN4_HUMAN,/core/www/modules//consensus/?run_id=110202&search_id=114132&scans_id=110198&peptide_id=37901&scanf=45350&charge=4&value=sp|O43707|ACTN4_HUMAN,3,/core/www/modules/match_peptides/blast_html4.php?run_id=110202&search_id=114132&scans_id=110198&peptide_id=37901&scanf=45350&charge=4&value=3,R.SIVDYKPNLDLLEQQHQLIQEALIFDNK.H,/core/www/modules/show_out/show_out_wrapper.php?run_id=110202&search_id=114132&scans_id=110198&peptide_id=37901&scanf=45350&charge=4&value=R.SIVDYKPNLDLLEQQHQLIQEALIFDNK.H,ACTN4,2.046e+7,3.073,0.003,2.515,0.000
45355,3,"  2.294","  0.303",10/76,/core/www/modules//sdig/index.php?run_id=110202&search_id=114132&scans_id=110198&peptide_id=37905&scanf=45355&charge=3&value=10/76,sp|Q9BR76|COR1B_HUMAN,/core/www/modules//consensus/?run_id=110202&search_id=114132&scans_id=110198&peptide_id=37905&scanf=45355&charge=3&value=sp|Q9BR76|COR1B_HUMAN,0,/core/www/modules/match_peptides/blast_html4.php?run_id=110202&search_id=114132&scans_id=110198&peptide_id=37905&scanf=45355&charge=3&value=0,R.YFEITEEPPYIHFLNTFTSK.E,/core/www/modules/show_out/show_out_wrapper.php?run_id=110202&search_id=114132&scans_id=110198&peptide_id=37905&scanf=45355&charge=3&value=R.YFEITEEPPYIHFLNTFTSK.E,CORO1B,2.004e+6,1.977,0.114,0.942,0.005
45356,2,"  2.705","  0.000",11/26,/core/www/modules//sdig/index.php?run_id=110202&search_id=114132&scans_id=110198&peptide_id=37906&scanf=45356&charge=2&value=11/26,sp|O00425|IF2B3_HUMAN,/core/www/modules//consensus/?run_id=110202&search_id=114132&scans_id=110198&peptide_id=37906&scanf=45356&charge=2&value=sp|O00425|IF2B3_HUMAN,1,/core/www/modules/match_peptides/blast_html4.php?run_id=110202&search_id=114132&scans_id=110198&peptide_id=37906&scanf=45356&charge=2&value=1,R.LLVPTQFVGAIIGK.E,/core/www/modules/show_out/show_out_wrapper.php?run_id=110202&search_id=114132&scans_id=110198&peptide_id=37906&scanf=45356&charge=2&value=R.LLVPTQFVGAIIGK.E,IGF2BP3,2.544e+7,2.694,0.011,1.957,0.000
45363,3,"  2.684","  0.559",14/52,/core/www/modules//sdig/index.php?run_id=110202&search_id=114132&scans_id=110198&peptide_id=37914&scanf=45363&charge=3&value=14/52,sp|P43243|MATR3_HUMAN,/core/www/modules//consensus/?run_id=110202&search_id=114132&scans_id=110198&peptide_id=37914&scanf=45363&charge=3&value=sp|P43243|MATR3_HUMAN,4,/core/www/modules/match_peptides/blast_html4.php?run_id=110202&search_id=114132&scans_id=110198&peptide_id=37914&scanf=45363&charge=3&value=4,K.ITPENLPQILLQLK.R,/core/www/modules/show_out/show_out_wrapper.php?run_id=110202&search_id=114132&scans_id=110198&peptide_id=37914&scanf=45363&charge=3&value=K.ITPENLPQILLQLK.R,MATR3,1.217e+7,3.332,0.001,2.900,0.000
45375,3,"  2.741","  0.613",14/52,/core/www/modules//sdig/index.php?run_id=110202&search_id=114132&scans_id=110198&peptide_id=37926&scanf=45375&charge=3&value=14/52,sp|P43243|MATR3_HUMAN,/core/www/modules//consensus/?run_id=110202&search_id=114132&scans_id=110198&peptide_id=37926&scanf=45375&charge=3&value=sp|P43243|MATR3_HUMAN,4,/core/www/modules/match_peptides/blast_html4.php?run_id=110202&search_id=114132&scans_id=110198&peptide_id=37926&scanf=45375&charge=3&value=4,K.ITPENLPQILLQLK.R,/core/www/modules/show_out/show_out_wrapper.php?run_id=110202&search_id=114132&scans_id=110198&peptide_id=37926&scanf=45375&charge=3&value=K.ITPENLPQILLQLK.R,MATR3,1.217e+7,3.519,0.001,3.176,0.000
45388,3,"  3.693","  0.628",16/52,/core/www/modules//sdig/index.php?run_id=110202&search_id=114132&scans_id=110198&peptide_id=37940&scanf=45388&charge=3&value=16/52,sp|Q06787|FMR1_HUMAN,/core/www/modules//consensus/?run_id=110202&search_id=114132&scans_id=110198&peptide_id=37940&scanf=45388&charge=3&value=sp|Q06787|FMR1_HUMAN,14,/core/www/modules/match_peptides/blast_html4.php?run_id=110202&search_id=114132&scans_id=110198&peptide_id=37940&scanf=45388&charge=3&value=14,R.SFLEFAEDVIQVPR.N,/core/www/modules/show_out/show_out_wrapper.php?run_id=110202&search_id=114132&scans_id=110198&peptide_id=37940&scanf=45388&charge=3&value=R.SFLEFAEDVIQVPR.N,FMR1,3.920e+6,3.598,0.001,3.293,0.000
45391,3,"  4.442","  0.713",18/80,/core/www/modules//sdig/index.php?run_id=110202&search_id=114132&scans_id=110198&peptide_id=37944&scanf=45391&charge=3&value=18/80,sp|P06748|NPM_HUMAN,/core/www/modules//consensus/?run_id=110202&search_id=114132&scans_id=110198&peptide_id=37944&scanf=45391&charge=3&value=sp|P06748|NPM_HUMAN,7,/core/www/modules/match_peptides/blast_html4.php?run_id=110202&search_id=114132&scans_id=110198&peptide_id=37944&scanf=45391&charge=3&value=7,K.M*SVQPTVSLGGFEITPPVVLR.L,/core/www/modules/show_out/show_out_wrapper.php?run_id=110202&search_id=114132&scans_id=110198&peptide_id=37944&scanf=45391&charge=3&value=K.M*SVQPTVSLGGFEITPPVVLR.L,NPM1,8.138e+6,3.583,0.001,3.271,0.000
45400,2,"  2.935","  0.570",13/26,/core/www/modules//sdig/index.php?run_id=110202&search_id=114132&scans_id=110198&peptide_id=37952&scanf=45400&charge=2&value=13/26,sp|Q9UID3|VPS51_HUMAN,/core/www/modules//consensus/?run_id=110202&search_id=114132&scans_id=110198&peptide_id=37952&scanf=45400&charge=2&value=sp|Q9UID3|VPS51_HUMAN,2,/core/www/modules/match_peptides/blast_html4.php?run_id=110202&search_id=114132&scans_id=110198&peptide_id=37952&scanf=45400&charge=2&value=2,K.GGATPPALLLLLSR.L,/core/www/modules/show_out/show_out_wrapper.php?run_id=110202&search_id=114132&scans_id=110198&peptide_id=37952&scanf=45400&charge=2&value=K.GGATPPALLLLLSR.L,VPS51,7.214e+5,3.231,0.002,2.750,0.000
45406,3,"  1.664","  0.518",10/52,/core/www/modules//sdig/index.php?run_id=110202&search_id=114132&scans_id=110198&peptide_id=37958&scanf=45406&charge=3&value=10/52,sp|Q9UID3|VPS51_HUMAN,/core/www/modules//consensus/?run_id=110202&search_id=114132&scans_id=110198&peptide_id=37958&scanf=45406&charge=3&value=sp|Q9UID3|VPS51_HUMAN,2,/core/www/modules/match_peptides/blast_html4.php?run_id=110202&search_id=114132&scans_id=110198&peptide_id=37958&scanf=45406&charge=3&value=2,K.GGATPPALLLLLSR.L,/core/www/modules/show_out/show_out_wrapper.php?run_id=110202&search_id=114132&scans_id=110198&peptide_id=37958&scanf=45406&charge=3&value=K.GGATPPALLLLLSR.L,VPS51,4.029e+5,2.863,0.006,2.206,0.000
45407,2,"  3.007","  0.479",14/28,/core/www/modules//sdig/index.php?run_id=110202&search_id=114132&scans_id=110198&peptide_id=37959&scanf=45407&charge=2&value=14/28,sp|Q14204|DYHC1_HUMAN,/core/www/modules//consensus/?run_id=110202&search_id=114132&scans_id=110198&peptide_id=37959&scanf=45407&charge=2&value=sp|Q14204|DYHC1_HUMAN,29,/core/www/modules/match_peptides/blast_html4.php?run_id=110202&search_id=114132&scans_id=110198&peptide_id=37959&scanf=45407&charge=2&value=29,K.DFPLNDLLSATELDK.I,/core/www/modules/show_out/show_out_wrapper.php?run_id=110202&search_id=114132&scans_id=110198&peptide_id=37959&scanf=45407&charge=2&value=K.DFPLNDLLSATELDK.I,DYNC1H1,3.039e+6,3.149,0.002,2.628,0.000
45408,3,"  4.298","  0.553",16/88,/core/www/modules//sdig/index.php?run_id=110202&search_id=114132&scans_id=110198&peptide_id=37960&scanf=45408&charge=3&value=16/88,sp|P42285|MTREX_HUMAN,/core/www/modules//consensus/?run_id=110202&search_id=114132&scans_id=110198&peptide_id=37960&scanf=45408&charge=3&value=sp|P42285|MTREX_HUMAN,0,/core/www/modules/match_peptides/blast_html4.php?run_id=110202&search_id=114132&scans_id=110198&peptide_id=37960&scanf=45408&charge=3&value=0,R.FPDGIPLLDPIDDMGIQDQGLKK.V,/core/www/modules/show_out/show_out_wrapper.php?run_id=110202&search_id=114132&scans_id=110198&peptide_id=37960&scanf=45408&charge=3&value=R.FPDGIPLLDPIDDMGIQDQGLKK.V,MTREX,1.434e+6,2.758,0.009,2.051,0.000
45416,3,"  4.153","  0.573",15/96,/core/www/modules//sdig/index.php?run_id=110202&search_id=114132&scans_id=110198&peptide_id=37968&scanf=45416&charge=3&value=15/96,sp|P40227|TCPZ_HUMAN,/core/www/modules//consensus/?run_id=110202&search_id=114132&scans_id=110198&peptide_id=37968&scanf=45416&charge=3&value=sp|P40227|TCPZ_HUMAN,0,/core/www/modules/match_peptides/blast_html4.php?run_id=110202&search_id=114132&scans_id=110198&peptide_id=37968&scanf=45416&charge=3&value=0,K.VATAQDDITGDGTTSNVLIIGELLK.Q,/core/www/modules/show_out/show_out_wrapper.php?run_id=110202&search_id=114132&scans_id=110198&peptide_id=37968&scanf=45416&charge=3&value=K.VATAQDDITGDGTTSNVLIIGELLK.Q,CCT6A,3.756e+6,2.850,0.006,2.187,0.000
45417,3,"  5.191","  0.510",21/88,/core/www/modules//sdig/index.php?run_id=110202&search_id=114132&scans_id=110198&peptide_id=37969&scanf=45417&charge=3&value=21/88,sp|P40616|ARL1_HUMAN,/core/www/modules//consensus/?run_id=110202&search_id=114132&scans_id=110198&peptide_id=37969&scanf=45417&charge=3&value=sp|P40616|ARL1_HUMAN,1,/core/www/modules/match_peptides/blast_html4.php?run_id=110202&search_id=114132&scans_id=110198&peptide_id=37969&scanf=45417&charge=3&value=1,R.LQVGEVVTTIPTIGFNVETVTYK.N,/core/www/modules/show_out/show_out_wrapper.php?run_id=110202&search_id=114132&scans_id=110198&peptide_id=37969&scanf=45417&charge=3&value=R.LQVGEVVTTIPTIGFNVETVTYK.N,ARL1,1.951e+6,2.942,0.005,2.323,0.000
45419,3,"  2.893","  0.619",16/60,/core/www/modules//sdig/index.php?run_id=110202&search_id=114132&scans_id=110198&peptide_id=37971&scanf=45419&charge=3&value=16/60,sp|Q9UJX5|APC4_HUMAN,/core/www/modules//consensus/?run_id=110202&search_id=114132&scans_id=110198&peptide_id=37971&scanf=45419&charge=3&value=sp|Q9UJX5|APC4_HUMAN,2,/core/www/modules/match_peptides/blast_html4.php?run_id=110202&search_id=114132&scans_id=110198&peptide_id=37971&scanf=45419&charge=3&value=2,R.DLIALANTAGEVLLHR.L,/core/www/modules/show_out/show_out_wrapper.php?run_id=110202&search_id=114132&scans_id=110198&peptide_id=37971&scanf=45419&charge=3&value=R.DLIALANTAGEVLLHR.L,ANAPC4,6.308e+5,3.373,0.001,2.960,0.000
45430,2,"  2.761","  0.426",7/26,/core/www/modules//sdig/index.php?run_id=110202&search_id=114132&scans_id=110198&peptide_id=37984&scanf=45430&charge=2&value=7/26,sp|P43243|MATR3_HUMAN,/core/www/modules//consensus/?run_id=110202&search_id=114132&scans_id=110198&peptide_id=37984&scanf=45430&charge=2&value=sp|P43243|MATR3_HUMAN,4,/core/www/modules/match_peptides/blast_html4.php?run_id=110202&search_id=114132&scans_id=110198&peptide_id=37984&scanf=45430&charge=2&value=4,K.ITPENLPQILLQLK.R,/core/www/modules/show_out/show_out_wrapper.php?run_id=110202&search_id=114132&scans_id=110198&peptide_id=37984&scanf=45430&charge=2&value=K.ITPENLPQILLQLK.R,MATR3,2.262e+7,2.521,0.020,1.704,0.000
45431,2,"  2.573","  0.456",12/24,/core/www/modules//sdig/index.php?run_id=110202&search_id=114132&scans_id=110198&peptide_id=37985&scanf=45431&charge=2&value=12/24,sp|O76003|GLRX3_HUMAN,/core/www/modules//consensus/?run_id=110202&search_id=114132&scans_id=110198&peptide_id=37985&scanf=45431&charge=2&value=sp|O76003|GLRX3_HUMAN,0,/core/www/modules/match_peptides/blast_html4.php?run_id=110202&search_id=114132&scans_id=110198&peptide_id=37985&scanf=45431&charge=2&value=0,K.YEISSVPTFLFFK.N,/core/www/modules/show_out/show_out_wrapper.php?run_id=110202&search_id=114132&scans_id=110198&peptide_id=37985&scanf=45431&charge=2&value=K.YEISSVPTFLFFK.N,GLRX3,1.254e+6,2.666,0.012,1.916,0.000
45438,3,"  3.820","  0.455",19/88,/core/www/modules//sdig/index.php?run_id=110202&search_id=114132&scans_id=110198&peptide_id=37991&scanf=45438&charge=3&value=19/88,sp|P40616|ARL1_HUMAN,/core/www/modules//consensus/?run_id=110202&search_id=114132&scans_id=110198&peptide_id=37991&scanf=45438&charge=3&value=sp|P40616|ARL1_HUMAN,1,/core/www/modules/match_peptides/blast_html4.php?run_id=110202&search_id=114132&scans_id=110198&peptide_id=37991&scanf=45438&charge=3&value=1,R.LQVGEVVTTIPTIGFNVETVTYK.N,/core/www/modules/show_out/show_out_wrapper.php?run_id=110202&search_id=114132&scans_id=110198&peptide_id=37991&scanf=45438&charge=3&value=R.LQVGEVVTTIPTIGFNVETVTYK.N,ARL1,1.951e+6,2.633,0.014,1.869,0.000
45439,2,"  4.798","  0.775",23/40,/core/www/modules//sdig/index.php?run_id=110202&search_id=114132&scans_id=110198&peptide_id=37992&scanf=45439&charge=2&value=23/40,sp|P06748|NPM_HUMAN,/core/www/modules//consensus/?run_id=110202&search_id=114132&scans_id=110198&peptide_id=37992&scanf=45439&charge=2&value=sp|P06748|NPM_HUMAN,7,/core/www/modules/match_peptides/blast_html4.php?run_id=110202&search_id=114132&scans_id=110198&peptide_id=37992&scanf=45439&charge=2&value=7,K.M*SVQPTVSLGGFEITPPVVLR.L,/core/www/modules/show_out/show_out_wrapper.php?run_id=110202&search_id=114132&scans_id=110198&peptide_id=37992&scanf=45439&charge=2&value=K.M*SVQPTVSLGGFEITPPVVLR.L,NPM1,1.766e+6,3.894,0.000,3.732,0.000
45442,3,"  2.088","  0.288",8/72,/core/www/modules//sdig/index.php?run_id=110202&search_id=114132&scans_id=110198&peptide_id=37996&scanf=45442&charge=3&value=8/72,sp|P31150|GDIA_HUMAN,/core/www/modules//consensus/?run_id=110202&search_id=114132&scans_id=110198&peptide_id=37996&scanf=45442&charge=3&value=sp|P31150|GDIA_HUMAN,3,/core/www/modules/match_peptides/blast_html4.php?run_id=110202&search_id=114132&scans_id=110198&peptide_id=37996&scanf=45442&charge=3&value=3,K.SPYLYPLYGLGELPQGFAR.L,/core/www/modules/show_out/show_out_wrapper.php?run_id=110202&search_id=114132&scans_id=110198&peptide_id=37996&scanf=45442&charge=3&value=K.SPYLYPLYGLGELPQGFAR.L,GDI1,1.458e+6,1.926,0.133,0.875,0.007
45448,2,"  1.873","  0.297",7/20,/core/www/modules//sdig/index.php?run_id=110202&search_id=114132&scans_id=110198&peptide_id=38002&scanf=45448&charge=2&value=7/20,sp|P49643|PRI2_HUMAN,/core/www/modules//consensus/?run_id=110202&search_id=114132&scans_id=110198&peptide_id=38002&scanf=45448&charge=2&value=sp|P49643|PRI2_HUMAN,1,/core/www/modules/match_peptides/blast_html4.php?run_id=110202&search_id=114132&scans_id=110198&peptide_id=38002&scanf=45448&charge=2&value=1,K.IPFADALDLFR.G,/core/www/modules/show_out/show_out_wrapper.php?run_id=110202&search_id=114132&scans_id=110198&peptide_id=38002&scanf=45448&charge=2&value=K.IPFADALDLFR.G,PRIM2,1.353e+6,2.154,0.066,1.181,0.002
45454,3,"  3.092","  0.473",11/68,/core/www/modules//sdig/index.php?run_id=110202&search_id=114132&scans_id=110198&peptide_id=38009&scanf=45454&charge=3&value=11/68,sp|Q9UN81|LORF1_HUMAN,/core/www/modules//consensus/?run_id=110202&search_id=114132&scans_id=110198&peptide_id=38009&scanf=45454&charge=3&value=sp|Q9UN81|LORF1_HUMAN,0,/core/www/modules/match_peptides/blast_html4.php?run_id=110202&search_id=114132&scans_id=110198&peptide_id=38009&scanf=45454&charge=3&value=0,K.LENTLQDIIQENFPNLAR.Q,/core/www/modules/show_out/show_out_wrapper.php?run_id=110202&search_id=114132&scans_id=110198&peptide_id=38009&scanf=45454&charge=3&value=K.LENTLQDIIQENFPNLAR.Q,L1RE1,3.054e+7,2.495,0.022,1.666,0.001
45471,3,"  3.647","  0.553",15/84,/core/www/modules//sdig/index.php?run_id=110202&search_id=114132&scans_id=110198&peptide_id=38027&scanf=45471&charge=3&value=15/84,sp|P68036|UB2L3_HUMAN,/core/www/modules//consensus/?run_id=110202&search_id=114132&scans_id=110198&peptide_id=38027&scanf=45471&charge=3&value=sp|P68036|UB2L3_HUMAN,1,/core/www/modules/match_peptides/blast_html4.php?run_id=110202&search_id=114132&scans_id=110198&peptide_id=38027&scanf=45471&charge=3&value=1,K.TDQVIQSLIALVNDPQPEHPLR.A,/core/www/modules/show_out/show_out_wrapper.php?run_id=110202&search_id=114132&scans_id=110198&peptide_id=38027&scanf=45471&charge=3&value=K.TDQVIQSLIALVNDPQPEHPLR.A,UBE2L3,1.230e+6,2.892,0.006,2.249,0.000
45486,3,"  3.373","  0.433",9/68,/core/www/modules//sdig/index.php?run_id=110202&search_id=114132&scans_id=110198&peptide_id=38042&scanf=45486&charge=3&value=9/68,sp|O60231|DHX16_HUMAN,/core/www/modules//consensus/?run_id=110202&search_id=114132&scans_id=110198&peptide_id=38042&scanf=45486&charge=3&value=sp|O60231|DHX16_HUMAN,4,/core/www/modules/match_peptides/blast_html4.php?run_id=110202&search_id=114132&scans_id=110198&peptide_id=38042&scanf=45486&charge=3&value=4,R.ELLVLPIYANLPSDMQAR.I,/core/www/modules/show_out/show_out_wrapper.php?run_id=110202&search_id=114132&scans_id=110198&peptide_id=38042&scanf=45486&charge=3&value=R.ELLVLPIYANLPSDMQAR.I,DHX16,1.848e+6,2.569,0.017,1.775,0.000
45500,3,"  4.422","  0.609",18/88,/core/www/modules//sdig/index.php?run_id=110202&search_id=114132&scans_id=110198&peptide_id=38057&scanf=45500&charge=3&value=18/88,sp|P55201|BRPF1_HUMAN,/core/www/modules//consensus/?run_id=110202&search_id=114132&scans_id=110198&peptide_id=38057&scanf=45500&charge=3&value=sp|P55201|BRPF1_HUMAN,6,/core/www/modules/match_peptides/blast_html4.php?run_id=110202&search_id=114132&scans_id=110198&peptide_id=38057&scanf=45500&charge=3&value=6,K.DTGNIFSEPVPLSEVPDYLDHIK.K,/core/www/modules/show_out/show_out_wrapper.php?run_id=110202&search_id=114132&scans_id=110198&peptide_id=38057&scanf=45500&charge=3&value=K.DTGNIFSEPVPLSEVPDYLDHIK.K,BRPF1,1.260e+6,3.071,0.003,2.512,0.000
45503,3,"  6.110","  0.740",27/104,/core/www/modules//sdig/index.php?run_id=110202&search_id=114132&scans_id=110198&peptide_id=38060&scanf=45503&charge=3&value=27/104,sp|Q9NU22|MDN1_HUMAN,/core/www/modules//consensus/?run_id=110202&search_id=114132&scans_id=110198&peptide_id=38060&scanf=45503&charge=3&value=sp|Q9NU22|MDN1_HUMAN,0,/core/www/modules/match_peptides/blast_html4.php?run_id=110202&search_id=114132&scans_id=110198&peptide_id=38060&scanf=45503&charge=3&value=0,R.LSEEYTFYPDAVSPLQASILQLQHGMR.L,/core/www/modules/show_out/show_out_wrapper.php?run_id=110202&search_id=114132&scans_id=110198&peptide_id=38060&scanf=45503&charge=3&value=R.LSEEYTFYPDAVSPLQASILQLQHGMR.L,MDN1,8.982e+5,3.890,0.000,3.726,0.000
45522,3,"  5.807","  0.761",32/104,/core/www/modules//sdig/index.php?run_id=110202&search_id=114132&scans_id=110198&peptide_id=38080&scanf=45522&charge=3&value=32/104,sp|Q9NU22|MDN1_HUMAN,/core/www/modules//consensus/?run_id=110202&search_id=114132&scans_id=110198&peptide_id=38080&scanf=45522&charge=3&value=sp|Q9NU22|MDN1_HUMAN,0,/core/www/modules/match_peptides/blast_html4.php?run_id=110202&search_id=114132&scans_id=110198&peptide_id=38080&scanf=45522&charge=3&value=0,R.LSEEYTFYPDAVSPLQASILQLQHGMR.L,/core/www/modules/show_out/show_out_wrapper.php?run_id=110202&search_id=114132&scans_id=110198&peptide_id=38080&scanf=45522&charge=3&value=R.LSEEYTFYPDAVSPLQASILQLQHGMR.L,MDN1,8.982e+5,4.027,0.000,3.930,0.000
45523,3,"  3.663","  0.693",16/68,/core/www/modules//sdig/index.php?run_id=110202&search_id=114132&scans_id=110198&peptide_id=38081&scanf=45523&charge=3&value=16/68,sp|Q08211|DHX9_HUMAN,/core/www/modules//consensus/?run_id=110202&search_id=114132&scans_id=110198&peptide_id=38081&scanf=45523&charge=3&value=sp|Q08211|DHX9_HUMAN,0,/core/www/modules/match_peptides/blast_html4.php?run_id=110202&search_id=114132&scans_id=110198&peptide_id=38081&scanf=45523&charge=3&value=0,R.FSDHVALLSVFQAWDDAR.M,/core/www/modules/show_out/show_out_wrapper.php?run_id=110202&search_id=114132&scans_id=110198&peptide_id=38081&scanf=45523&charge=3&value=R.FSDHVALLSVFQAWDDAR.M,DHX9,8.862e+5,3.803,0.000,3.597,0.000
45528,3,"  3.368","  0.621",18/72,/core/www/modules//sdig/index.php?run_id=110202&search_id=114132&scans_id=110198&peptide_id=38086&scanf=45528&charge=3&value=18/72,sp|P31150|GDIA_HUMAN,/core/www/modules//consensus/?run_id=110202&search_id=114132&scans_id=110198&peptide_id=38086&scanf=45528&charge=3&value=sp|P31150|GDIA_HUMAN,3,/core/www/modules/match_peptides/blast_html4.php?run_id=110202&search_id=114132&scans_id=110198&peptide_id=38086&scanf=45528&charge=3&value=3,K.SPYLYPLYGLGELPQGFAR.L,/core/www/modules/show_out/show_out_wrapper.php?run_id=110202&search_id=114132&scans_id=110198&peptide_id=38086&scanf=45528&charge=3&value=K.SPYLYPLYGLGELPQGFAR.L,GDI1,1.458e+6,3.319,0.001,2.881,0.000
45540,3,"  3.064","  0.357",12/80,/core/www/modules//sdig/index.php?run_id=110202&search_id=114132&scans_id=110198&peptide_id=38100&scanf=45540&charge=3&value=12/80,sp|Q9Y5B9|SP16H_HUMAN,/core/www/modules//consensus/?run_id=110202&search_id=114132&scans_id=110198&peptide_id=38100&scanf=45540&charge=3&value=sp|Q9Y5B9|SP16H_HUMAN,0,/core/www/modules/match_peptides/blast_html4.php?run_id=110202&search_id=114132&scans_id=110198&peptide_id=38100&scanf=45540&charge=3&value=0,K.YETVIM*PVFGIATPFHIATIK.N,/core/www/modules/show_out/show_out_wrapper.php?run_id=110202&search_id=114132&scans_id=110198&peptide_id=38100&scanf=45540&charge=3&value=K.YETVIM*PVFGIATPFHIATIK.N,SUPT16H,6.725e+5,2.352,0.035,1.460,0.001
45542,3,"  4.054","  0.736",21/72,/core/www/modules//sdig/index.php?run_id=110202&search_id=114132&scans_id=110198&peptide_id=38101&scanf=45542&charge=3&value=21/72,sp|P04908|H2A1B_HUMAN,/core/www/modules//consensus/?run_id=110202&search_id=114132&scans_id=110198&peptide_id=38101&scanf=45542&charge=3&value=sp|P04908|H2A1B_HUMAN,12,/core/www/modules/match_peptides/blast_html4.php?run_id=110202&search_id=114132&scans_id=110198&peptide_id=38101&scanf=45542&charge=3&value=12,R.VTIAQGGVLPNIQAVLLPK.K,/core/www/modules/show_out/show_out_wrapper.php?run_id=110202&search_id=114132&scans_id=110198&peptide_id=38101&scanf=45542&charge=3&value=R.VTIAQGGVLPNIQAVLLPK.K,H2AC8,1.157e+9,4.022,0.000,3.921,0.000
45545,3,"  6.376","  0.736",25/100,/core/www/modules//sdig/index.php?run_id=110202&search_id=114132&scans_id=110198&peptide_id=38104&scanf=45545&charge=3&value=25/100,sp|P63010|AP2B1_HUMAN,/core/www/modules//consensus/?run_id=110202&search_id=114132&scans_id=110198&peptide_id=38104&scanf=45545&charge=3&value=sp|P63010|AP2B1_HUMAN,4,/core/www/modules/match_peptides/blast_html4.php?run_id=110202&search_id=114132&scans_id=110198&peptide_id=38104&scanf=45545&charge=3&value=4,K.KPSETQELVQQVLSLATQDSDNPDLR.D,/core/www/modules/show_out/show_out_wrapper.php?run_id=110202&search_id=114132&scans_id=110198&peptide_id=38104&scanf=45545&charge=3&value=K.KPSETQELVQQVLSLATQDSDNPDLR.D,AP2B1,7.840e+5,3.621,0.000,3.328,0.000
45546,2,"  2.128","  0.342",6/24,/core/www/modules//sdig/index.php?run_id=110202&search_id=114132&scans_id=110198&peptide_id=38105&scanf=45546&charge=2&value=6/24,sp|O76003|GLRX3_HUMAN,/core/www/modules//consensus/?run_id=110202&search_id=114132&scans_id=110198&peptide_id=38105&scanf=45546&charge=2&value=sp|O76003|GLRX3_HUMAN,0,/core/www/modules/match_peptides/blast_html4.php?run_id=110202&search_id=114132&scans_id=110198&peptide_id=38105&scanf=45546&charge=2&value=0,K.YEISSVPTFLFFK.N,/core/www/modules/show_out/show_out_wrapper.php?run_id=110202&search_id=114132&scans_id=110198&peptide_id=38105&scanf=45546&charge=2&value=K.YEISSVPTFLFFK.N,GLRX3,1.120e+6,1.896,0.145,0.838,0.007
45549,3,"  3.351","  0.643",20/108,/core/www/modules//sdig/index.php?run_id=110202&search_id=114132&scans_id=110198&peptide_id=38108&scanf=45549&charge=3&value=20/108,sp|P63208|SKP1_HUMAN,/core/www/modules//consensus/?run_id=110202&search_id=114132&scans_id=110198&peptide_id=38108&scanf=45549&charge=3&value=sp|P63208|SKP1_HUMAN,5,/core/www/modules/match_peptides/blast_html4.php?run_id=110202&search_id=114132&scans_id=110198&peptide_id=38108&scanf=45549&charge=3&value=5,K.TMLEDLGMDDEGDDDPVPLPNVNAAILK.K,/core/www/modules/show_out/show_out_wrapper.php?run_id=110202&search_id=114132&scans_id=110198&peptide_id=38108&scanf=45549&charge=3&value=K.TMLEDLGMDDEGDDDPVPLPNVNAAILK.K,SKP1,1.170e+6,2.980,0.004,2.378,0.000
45550,3,"  3.621","  0.519",17/76,/core/www/modules//sdig/index.php?run_id=110202&search_id=114132&scans_id=110198&peptide_id=38110&scanf=45550&charge=3&value=17/76,sp|Q99714|HCD2_HUMAN,/core/www/modules//consensus/?run_id=110202&search_id=114132&scans_id=110198&peptide_id=38110&scanf=45550&charge=3&value=sp|Q99714|HCD2_HUMAN,0,/core/www/modules/match_peptides/blast_html4.php?run_id=110202&search_id=114132&scans_id=110198&peptide_id=38110&scanf=45550&charge=3&value=0,R.VM*TIAPGLFGTPLLTSLPEK.V,/core/www/modules/show_out/show_out_wrapper.php?run_id=110202&search_id=114132&scans_id=110198&peptide_id=38110&scanf=45550&charge=3&value=R.VM*TIAPGLFGTPLLTSLPEK.V,HSD17B10,1.533e+6,2.944,0.005,2.326,0.000
45552,3,"  4.941","  0.707",20/80,/core/www/modules//sdig/index.php?run_id=110202&search_id=114132&scans_id=110198&peptide_id=38112&scanf=45552&charge=3&value=20/80,sp|Q5T160|SYRM_HUMAN,/core/www/modules//consensus/?run_id=110202&search_id=114132&scans_id=110198&peptide_id=38112&scanf=45552&charge=3&value=sp|Q5T160|SYRM_HUMAN,7,/core/www/modules/match_peptides/blast_html4.php?run_id=110202&search_id=114132&scans_id=110198&peptide_id=38112&scanf=45552&charge=3&value=7,R.VLNLPPENLITSISAVPISQK.E,/core/www/modules/show_out/show_out_wrapper.php?run_id=110202&search_id=114132&scans_id=110198&peptide_id=38112&scanf=45552&charge=3&value=R.VLNLPPENLITSISAVPISQK.E,RARS2,1.243e+6,3.603,0.001,3.301,0.000
45563,3,"  2.322","  0.550",12/76,/core/www/modules//sdig/index.php?run_id=110202&search_id=114132&scans_id=110198&peptide_id=38123&scanf=45563&charge=3&value=12/76,sp|Q92974|ARHG2_HUMAN,/core/www/modules//consensus/?run_id=110202&search_id=114132&scans_id=110198&peptide_id=38123&scanf=45563&charge=3&value=sp|Q92974|ARHG2_HUMAN,3,/core/www/modules/match_peptides/blast_html4.php?run_id=110202&search_id=114132&scans_id=110198&peptide_id=38123&scanf=45563&charge=3&value=3,K.YIFPTLDKPSVVSLQNLIVR.D,/core/www/modules/show_out/show_out_wrapper.php?run_id=110202&search_id=114132&scans_id=110198&peptide_id=38123&scanf=45563&charge=3&value=K.YIFPTLDKPSVVSLQNLIVR.D,ARHGEF2,1.289e+6,2.884,0.006,2.236,0.000
45565,2,"  3.649","  0.696",15/26,/core/www/modules//sdig/index.php?run_id=110202&search_id=114132&scans_id=110198&peptide_id=38125&scanf=45565&charge=2&value=15/26,sp|O60551|NMT2_HUMAN,/core/www/modules//consensus/?run_id=110202&search_id=114132&scans_id=110198&peptide_id=38125&scanf=45565&charge=2&value=sp|O60551|NMT2_HUMAN,3,/core/www/modules/match_peptides/blast_html4.php?run_id=110202&search_id=114132&scans_id=110198&peptide_id=38125&scanf=45565&charge=2&value=3,K.GFDVFNALDLMENK.T,/core/www/modules/show_out/show_out_wrapper.php?run_id=110202&search_id=114132&scans_id=110198&peptide_id=38125&scanf=45565&charge=2&value=K.GFDVFNALDLMENK.T,NMT2,1.956e+6,3.747,0.000,3.515,0.000
45569,3,"  2.142","  0.347",9/76,/core/www/modules//sdig/index.php?run_id=110202&search_id=114132&scans_id=110198&peptide_id=38129&scanf=45569&charge=3&value=9/76,sp|Q99614|TTC1_HUMAN,/core/www/modules//consensus/?run_id=110202&search_id=114132&scans_id=110198&peptide_id=38129&scanf=45569&charge=3&value=sp|Q99614|TTC1_HUMAN,3,/core/www/modules/match_peptides/blast_html4.php?run_id=110202&search_id=114132&scans_id=110198&peptide_id=38129&scanf=45569&charge=3&value=3,K.DLGNLVLRPFGLSTENFQIK.Q,/core/www/modules/show_out/show_out_wrapper.php?run_id=110202&search_id=114132&scans_id=110198&peptide_id=38129&scanf=45569&charge=3&value=K.DLGNLVLRPFGLSTENFQIK.Q,TTC1,1.385e+6,2.007,0.104,0.982,0.005
45572,2,"  3.914","  0.641",17/26,/core/www/modules//sdig/index.php?run_id=110202&search_id=114132&scans_id=110198&peptide_id=38133&scanf=45572&charge=2&value=17/26,sp|P78527|PRKDC_HUMAN,/core/www/modules//consensus/?run_id=110202&search_id=114132&scans_id=110198&peptide_id=38133&scanf=45572&charge=2&value=sp|P78527|PRKDC_HUMAN,1,/core/www/modules/match_peptides/blast_html4.php?run_id=110202&search_id=114132&scans_id=110198&peptide_id=38133&scanf=45572&charge=2&value=1,K.MDPMNIWDDIITNR.C,/core/www/modules/show_out/show_out_wrapper.php?run_id=110202&search_id=114132&scans_id=110198&peptide_id=38133&scanf=45572&charge=2&value=K.MDPMNIWDDIITNR.C,PRKDC,4.007e+7,4.493,0.000,4.620,0.000
45576,3,"  2.042","  0.452",4/64,/core/www/modules//sdig/index.php?run_id=110202&search_id=114132&scans_id=110198&peptide_id=38137&scanf=45576&charge=3&value=4/64,sp|O00429|DNM1L_HUMAN,/core/www/modules//consensus/?run_id=110202&search_id=114132&scans_id=110198&peptide_id=38137&scanf=45576&charge=3&value=sp|O00429|DNM1L_HUMAN,1,/core/www/modules/match_peptides/blast_html4.php?run_id=110202&search_id=114132&scans_id=110198&peptide_id=38137&scanf=45576&charge=3&value=1,K.SSLLDDLLTESEDMAQR.R,/core/www/modules/show_out/show_out_wrapper.php?run_id=110202&search_id=114132&scans_id=110198&peptide_id=38137&scanf=45576&charge=3&value=K.SSLLDDLLTESEDMAQR.R,DNM1L,9.397e+5,2.462,0.024,1.619,0.001
45584,3,"  5.359","  0.671",19/72,/core/www/modules//sdig/index.php?run_id=110202&search_id=114132&scans_id=110198&peptide_id=38145&scanf=45584&charge=3&value=19/72,sp|P08670|VIME_HUMAN,/core/www/modules//consensus/?run_id=110202&search_id=114132&scans_id=110198&peptide_id=38145&scanf=45584&charge=3&value=sp|P08670|VIME_HUMAN,3,/core/www/modules/match_peptides/blast_html4.php?run_id=110202&search_id=114132&scans_id=110198&peptide_id=38145&scanf=45584&charge=3&value=3,R.LLQDSVDFSLADAINTEFK.N,/core/www/modules/show_out/show_out_wrapper.php?run_id=110202&search_id=114132&scans_id=110198&peptide_id=38145&scanf=45584&charge=3&value=R.LLQDSVDFSLADAINTEFK.N,VIM,1.196e+8,4.079,0.000,4.006,0.000
45585,2,"  3.275","  0.472",13/22,/core/www/modules//sdig/index.php?run_id=110202&search_id=114132&scans_id=110198&peptide_id=38146&scanf=45585&charge=2&value=13/22,sp|O43143|DHX15_HUMAN,/core/www/modules//consensus/?run_id=110202&search_id=114132&scans_id=110198&peptide_id=38146&scanf=45585&charge=2&value=sp|O43143|DHX15_HUMAN,0,/core/www/modules/match_peptides/blast_html4.php?run_id=110202&search_id=114132&scans_id=110198&peptide_id=38146&scanf=45585&charge=2&value=0,R.TLATDILMGVLK.E,/core/www/modules/show_out/show_out_wrapper.php?run_id=110202&search_id=114132&scans_id=110198&peptide_id=38146&scanf=45585&charge=2&value=R.TLATDILMGVLK.E,DHX15,9.765e+7,3.206,0.002,2.713,0.000
45586,2,"  3.338","  0.643",14/22,/core/www/modules//sdig/index.php?run_id=110202&search_id=114132&scans_id=110198&peptide_id=38147&scanf=45586&charge=2&value=14/22,sp|P61978|HNRPK_HUMAN,/core/www/modules//consensus/?run_id=110202&search_id=114132&scans_id=110198&peptide_id=38147&scanf=45586&charge=2&value=sp|P61978|HNRPK_HUMAN,1,/core/www/modules/match_peptides/blast_html4.php?run_id=110202&search_id=114132&scans_id=110198&peptide_id=38147&scanf=45586&charge=2&value=1,K.IILDLISESPIK.G,/core/www/modules/show_out/show_out_wrapper.php?run_id=110202&search_id=114132&scans_id=110198&peptide_id=38147&scanf=45586&charge=2&value=K.IILDLISESPIK.G,HNRNPK,2.873e+6,3.980,0.000,3.860,0.000
45587,3,"  4.808","  0.634",18/80,/core/www/modules//sdig/index.php?run_id=110202&search_id=114132&scans_id=110198&peptide_id=38148&scanf=45587&charge=3&value=18/80,sp|P30101|PDIA3_HUMAN,/core/www/modules//consensus/?run_id=110202&search_id=114132&scans_id=110198&peptide_id=38148&scanf=45587&charge=3&value=sp|P30101|PDIA3_HUMAN,11,/core/www/modules/match_peptides/blast_html4.php?run_id=110202&search_id=114132&scans_id=110198&peptide_id=38148&scanf=45587&charge=3&value=11,K.DASIVGFFDDSFSEAHSEFLK.A,/core/www/modules/show_out/show_out_wrapper.php?run_id=110202&search_id=114132&scans_id=110198&peptide_id=38148&scanf=45587&charge=3&value=K.DASIVGFFDDSFSEAHSEFLK.A,PDIA3,9.571e+6,3.377,0.001,2.966,0.000
45589,2,"  1.533","  0.363",7/14,/core/www/modules//sdig/index.php?run_id=110202&search_id=114132&scans_id=110198&peptide_id=38150&scanf=45589&charge=2&value=7/14,sp|P62805|H4_HUMAN,/core/www/modules//consensus/?run_id=110202&search_id=114132&scans_id=110198&peptide_id=38150&scanf=45589&charge=2&value=sp|P62805|H4_HUMAN,0,/core/www/modules/match_peptides/blast_html4.php?run_id=110202&search_id=114132&scans_id=110198&peptide_id=38150&scanf=45589&charge=2&value=0,K.VFLENVIR.D,/core/www/modules/show_out/show_out_wrapper.php?run_id=110202&search_id=114132&scans_id=110198&peptide_id=38150&scanf=45589&charge=2&value=K.VFLENVIR.D,H4C16,1.870e+6,2.783,0.008,2.088,0.000
45590,3,"  5.707","  0.646",22/124,/core/www/modules//sdig/index.php?run_id=110202&search_id=114132&scans_id=110198&peptide_id=38152&scanf=45590&charge=3&value=22/124,sp|O43491|E41L2_HUMAN,/core/www/modules//consensus/?run_id=110202&search_id=114132&scans_id=110198&peptide_id=38152&scanf=45590&charge=3&value=sp|O43491|E41L2_HUMAN,4,/core/www/modules/match_peptides/blast_html4.php?run_id=110202&search_id=114132&scans_id=110198&peptide_id=38152&scanf=45590&charge=3&value=4,R.EEAVPEASPVTQAGASVITVETVIQENVGAQK.I,/core/www/modules/show_out/show_out_wrapper.php?run_id=110202&search_id=114132&scans_id=110198&peptide_id=38152&scanf=45590&charge=3&value=R.EEAVPEASPVTQAGASVITVETVIQENVGAQK.I,EPB41L2,6.682e+5,3.013,0.004,2.427,0.000
45592,3,"  3.007","  0.589",16/84,/core/www/modules//sdig/index.php?run_id=110202&search_id=114132&scans_id=110198&peptide_id=38154&scanf=45592&charge=3&value=16/84,sp|Q99832|TCPH_HUMAN,/core/www/modules//consensus/?run_id=110202&search_id=114132&scans_id=110198&peptide_id=38154&scanf=45592&charge=3&value=sp|Q99832|TCPH_HUMAN,1,/core/www/modules/match_peptides/blast_html4.php?run_id=110202&search_id=114132&scans_id=110198&peptide_id=38154&scanf=45592&charge=3&value=1,K.SQDAEVGDGTTSVTLLAAEFLK.Q,/core/www/modules/show_out/show_out_wrapper.php?run_id=110202&search_id=114132&scans_id=110198&peptide_id=38154&scanf=45592&charge=3&value=K.SQDAEVGDGTTSVTLLAAEFLK.Q,CCT7,2.162e+7,2.803,0.008,2.117,0.000
45596,3,"  1.896","  0.302",11/52,/core/www/modules//sdig/index.php?run_id=110202&search_id=114132&scans_id=110198&peptide_id=38158&scanf=45596&charge=3&value=11/52,sp|P78527|PRKDC_HUMAN,/core/www/modules//consensus/?run_id=110202&search_id=114132&scans_id=110198&peptide_id=38158&scanf=45596&charge=3&value=sp|P78527|PRKDC_HUMAN,1,/core/www/modules/match_peptides/blast_html4.php?run_id=110202&search_id=114132&scans_id=110198&peptide_id=38158&scanf=45596&charge=3&value=1,K.MDPMNIWDDIITNR.C,/core/www/modules/show_out/show_out_wrapper.php?run_id=110202&search_id=114132&scans_id=110198&peptide_id=38158&scanf=45596&charge=3&value=K.MDPMNIWDDIITNR.C,PRKDC,3.010e+7,3.086,0.003,2.536,0.000
45599,2,"  1.233","  0.240",8/16,/core/www/modules//sdig/index.php?run_id=110202&search_id=114132&scans_id=110198&peptide_id=38161&scanf=45599&charge=2&value=8/16,sp|Q9Y5Q9|TF3C3_HUMAN,/core/www/modules//consensus/?run_id=110202&search_id=114132&scans_id=110198&peptide_id=38161&scanf=45599&charge=2&value=sp|Q9Y5Q9|TF3C3_HUMAN,1,/core/www/modules/match_peptides/blast_html4.php?run_id=110202&search_id=114132&scans_id=110198&peptide_id=38161&scanf=45599&charge=2&value=1,K.DDWWNLLLK.A,/core/www/modules/show_out/show_out_wrapper.php?run_id=110202&search_id=114132&scans_id=110198&peptide_id=38161&scanf=45599&charge=2&value=K.DDWWNLLLK.A,GTF3C3,7.527e+5,2.245,0.049,1.308,0.002
45605,3,"  4.985","  0.630",16/80,/core/www/modules//sdig/index.php?run_id=110202&search_id=114132&scans_id=110198&peptide_id=38167&scanf=45605&charge=3&value=16/80,sp|Q6P2Q9|PRP8_HUMAN,/core/www/modules//consensus/?run_id=110202&search_id=114132&scans_id=110198&peptide_id=38167&scanf=45605&charge=3&value=sp|Q6P2Q9|PRP8_HUMAN,1,/core/www/modules/match_peptides/blast_html4.php?run_id=110202&search_id=114132&scans_id=110198&peptide_id=38167&scanf=45605&charge=3&value=1,K.TEDPDLPAFYFDPLINPISHR.H,/core/www/modules/show_out/show_out_wrapper.php?run_id=110202&search_id=114132&scans_id=110198&peptide_id=38167&scanf=45605&charge=3&value=K.TEDPDLPAFYFDPLINPISHR.H,PRPF8,2.331e+7,3.592,0.001,3.285,0.000
45607,3,"  4.484","  0.526",14/80,/core/www/modules//sdig/index.php?run_id=110202&search_id=114132&scans_id=110198&peptide_id=38169&scanf=45607&charge=3&value=14/80,sp|Q9Y5B9|SP16H_HUMAN,/core/www/modules//consensus/?run_id=110202&search_id=114132&scans_id=110198&peptide_id=38169&scanf=45607&charge=3&value=sp|Q9Y5B9|SP16H_HUMAN,0,/core/www/modules/match_peptides/blast_html4.php?run_id=110202&search_id=114132&scans_id=110198&peptide_id=38169&scanf=45607&charge=3&value=0,K.YETVIM*PVFGIATPFHIATIK.N,/core/www/modules/show_out/show_out_wrapper.php?run_id=110202&search_id=114132&scans_id=110198&peptide_id=38169&scanf=45607&charge=3&value=K.YETVIM*PVFGIATPFHIATIK.N,SUPT16H,6.725e+5,3.022,0.004,2.440,0.000
45611,3,"  6.707","  0.722",31/108,/core/www/modules//sdig/index.php?run_id=110202&search_id=114132&scans_id=110198&peptide_id=38173&scanf=45611&charge=3&value=31/108,sp|P46939|UTRN_HUMAN,/core/www/modules//consensus/?run_id=110202&search_id=114132&scans_id=110198&peptide_id=38173&scanf=45611&charge=3&value=sp|P46939|UTRN_HUMAN,0,/core/www/modules/match_peptides/blast_html4.php?run_id=110202&search_id=114132&scans_id=110198&peptide_id=38173&scanf=45611&charge=3&value=0,R.KADLNTITESSAALQNLIEGSEPILEER.L,/core/www/modules/show_out/show_out_wrapper.php?run_id=110202&search_id=114132&scans_id=110198&peptide_id=38173&scanf=45611&charge=3&value=R.KADLNTITESSAALQNLIEGSEPILEER.L,UTRN,7.086e+5,3.424,0.001,3.035,0.000
45633,3,"  4.159","  0.246",20/68,/core/www/modules//sdig/index.php?run_id=110202&search_id=114132&scans_id=110198&peptide_id=38196&scanf=45633&charge=3&value=20/68,sp|Q9UBU8|MO4L1_HUMAN,/core/www/modules//consensus/?run_id=110202&search_id=114132&scans_id=110198&peptide_id=38196&scanf=45633&charge=3&value=sp|Q9UBU8|MO4L1_HUMAN,7,/core/www/modules/match_peptides/blast_html4.php?run_id=110202&search_id=114132&scans_id=110198&peptide_id=38196&scanf=45633&charge=3&value=7,K.IPEELKPWLVDDWDLITR.Q,/core/www/modules/show_out/show_out_wrapper.php?run_id=110202&search_id=114132&scans_id=110198&peptide_id=38196&scanf=45633&charge=3&value=K.IPEELKPWLVDDWDLITR.Q,MORF4L1,4.936e+5,2.180,0.061,1.218,0.002
45638,2,"  4.446","  0.671",21/42,/core/www/modules//sdig/index.php?run_id=110202&search_id=114132&scans_id=110198&peptide_id=38201&scanf=45638&charge=2&value=21/42,sp|Q99832|TCPH_HUMAN,/core/www/modules//consensus/?run_id=110202&search_id=114132&scans_id=110198&peptide_id=38201&scanf=45638&charge=2&value=sp|Q99832|TCPH_HUMAN,1,/core/www/modules/match_peptides/blast_html4.php?run_id=110202&search_id=114132&scans_id=110198&peptide_id=38201&scanf=45638&charge=2&value=1,K.SQDAEVGDGTTSVTLLAAEFLK.Q,/core/www/modules/show_out/show_out_wrapper.php?run_id=110202&search_id=114132&scans_id=110198&peptide_id=38201&scanf=45638&charge=2&value=K.SQDAEVGDGTTSVTLLAAEFLK.Q,CCT7,5.639e+5,3.388,0.001,2.982,0.000
45645,3,"  5.010","  0.735",27/104,/core/www/modules//sdig/index.php?run_id=110202&search_id=114132&scans_id=110198&peptide_id=38209&scanf=45645&charge=3&value=27/104,sp|Q9NU22|MDN1_HUMAN,/core/www/modules//consensus/?run_id=110202&search_id=114132&scans_id=110198&peptide_id=38209&scanf=45645&charge=3&value=sp|Q9NU22|MDN1_HUMAN,0,/core/www/modules/match_peptides/blast_html4.php?run_id=110202&search_id=114132&scans_id=110198&peptide_id=38209&scanf=45645&charge=3&value=0,R.LSEEYTFYPDAVSPLQASILQLQHGMR.L,/core/www/modules/show_out/show_out_wrapper.php?run_id=110202&search_id=114132&scans_id=110198&peptide_id=38209&scanf=45645&charge=3&value=R.LSEEYTFYPDAVSPLQASILQLQHGMR.L,MDN1,8.982e+5,3.827,0.000,3.633,0.000
45650,2,"  4.839","  0.783",23/36,/core/www/modules//sdig/index.php?run_id=110202&search_id=114132&scans_id=110198&peptide_id=38214&scanf=45650&charge=2&value=23/36,sp|Q99729|ROAA_HUMAN,/core/www/modules//consensus/?run_id=110202&search_id=114132&scans_id=110198&peptide_id=38214&scanf=45650&charge=2&value=sp|Q99729|ROAA_HUMAN,3,/core/www/modules/match_peptides/blast_html4.php?run_id=110202&search_id=114132&scans_id=110198&peptide_id=38214&scanf=45650&charge=2&value=3,R.EYFGEFGEIEAIELPMDPK.L,/core/www/modules/show_out/show_out_wrapper.php?run_id=110202&search_id=114132&scans_id=110198&peptide_id=38214&scanf=45650&charge=2&value=R.EYFGEFGEIEAIELPMDPK.L,HNRNPAB,4.128e+6,4.054,0.000,3.970,0.000
45654,2,"  1.682","  0.280",9/22,/core/www/modules//sdig/index.php?run_id=110202&search_id=114132&scans_id=110198&peptide_id=38218&scanf=45654&charge=2&value=9/22,sp|Q14669|TRIPC_HUMAN,/core/www/modules//consensus/?run_id=110202&search_id=114132&scans_id=110198&peptide_id=38218&scanf=45654&charge=2&value=sp|Q14669|TRIPC_HUMAN,2,/core/www/modules/match_peptides/blast_html4.php?run_id=110202&search_id=114132&scans_id=110198&peptide_id=38218&scanf=45654&charge=2&value=2,K.IDPLALVQAIER.Y,/core/www/modules/show_out/show_out_wrapper.php?run_id=110202&search_id=114132&scans_id=110198&peptide_id=38218&scanf=45654&charge=2&value=K.IDPLALVQAIER.Y,TRIP12,1.882e+7,2.196,0.058,1.240,0.002
45661,2,"  1.784","  0.291",7/20,/core/www/modules//sdig/index.php?run_id=110202&search_id=114132&scans_id=110198&peptide_id=38226&scanf=45661&charge=2&value=7/20,sp|Q96ER3|SAAL1_HUMAN,/core/www/modules//consensus/?run_id=110202&search_id=114132&scans_id=110198&peptide_id=38226&scanf=45661&charge=2&value=sp|Q96ER3|SAAL1_HUMAN,0,/core/www/modules/match_peptides/blast_html4.php?run_id=110202&search_id=114132&scans_id=110198&peptide_id=38226&scanf=45661&charge=2&value=0,K.VDLPLIDSLIR.V,/core/www/modules/show_out/show_out_wrapper.php?run_id=110202&search_id=114132&scans_id=110198&peptide_id=38226&scanf=45661&charge=2&value=K.VDLPLIDSLIR.V,SAAL1,1.095e+6,2.068,0.086,1.064,0.004
45664,3,"  2.483","  0.477",14/52,/core/www/modules//sdig/index.php?run_id=110202&search_id=114132&scans_id=110198&peptide_id=38229&scanf=45664&charge=3&value=14/52,sp|Q13523|PRP4B_HUMAN,/core/www/modules//consensus/?run_id=110202&search_id=114132&scans_id=110198&peptide_id=38229&scanf=45664&charge=3&value=sp|Q13523|PRP4B_HUMAN,1,/core/www/modules/match_peptides/blast_html4.php?run_id=110202&search_id=114132&scans_id=110198&peptide_id=38229&scanf=45664&charge=3&value=1,K.DLLDQILM*LDPAKR.I,/core/www/modules/show_out/show_out_wrapper.php?run_id=110202&search_id=114132&scans_id=110198&peptide_id=38229&scanf=45664&charge=3&value=K.DLLDQILM*LDPAKR.I,PRPF4B,8.795e+5,2.451,0.025,1.602,0.001
45666,3,"  5.310","  0.728",24/108,/core/www/modules//sdig/index.php?run_id=110202&search_id=114132&scans_id=110198&peptide_id=38231&scanf=45666&charge=3&value=24/108,sp|Q9Y294|ASF1A_HUMAN,/core/www/modules//consensus/?run_id=110202&search_id=114132&scans_id=110198&peptide_id=38231&scanf=45666&charge=3&value=sp|Q9Y294|ASF1A_HUMAN,0,/core/www/modules/match_peptides/blast_html4.php?run_id=110202&search_id=114132&scans_id=110198&peptide_id=38231&scanf=45666&charge=3&value=0,K.IIYVGSAESEEYDQVLDSVLVGPVPAGR.H,/core/www/modules/show_out/show_out_wrapper.php?run_id=110202&search_id=114132&scans_id=110198&peptide_id=38231&scanf=45666&charge=3&value=K.IIYVGSAESEEYDQVLDSVLVGPVPAGR.H,ASF1A,9.627e+5,3.435,0.001,3.052,0.000
45668,2,"  3.095","  0.601",13/22,/core/www/modules//sdig/index.php?run_id=110202&search_id=114132&scans_id=110198&peptide_id=38232&scanf=45668&charge=2&value=13/22,sp|P61978|HNRPK_HUMAN,/core/www/modules//consensus/?run_id=110202&search_id=114132&scans_id=110198&peptide_id=38232&scanf=45668&charge=2&value=sp|P61978|HNRPK_HUMAN,1,/core/www/modules/match_peptides/blast_html4.php?run_id=110202&search_id=114132&scans_id=110198&peptide_id=38232&scanf=45668&charge=2&value=1,K.IILDLISESPIK.G,/core/www/modules/show_out/show_out_wrapper.php?run_id=110202&search_id=114132&scans_id=110198&peptide_id=38232&scanf=45668&charge=2&value=K.IILDLISESPIK.G,HNRNPK,4.135e+7,3.401,0.001,3.001,0.000
45671,3,"  3.380","  0.508",12/68,/core/www/modules//sdig/index.php?run_id=110202&search_id=114132&scans_id=110198&peptide_id=38236&scanf=45671&charge=3&value=12/68,sp|Q08211|DHX9_HUMAN,/core/www/modules//consensus/?run_id=110202&search_id=114132&scans_id=110198&peptide_id=38236&scanf=45671&charge=3&value=sp|Q08211|DHX9_HUMAN,0,/core/www/modules/match_peptides/blast_html4.php?run_id=110202&search_id=114132&scans_id=110198&peptide_id=38236&scanf=45671&charge=3&value=0,R.FSDHVALLSVFQAWDDAR.M,/core/www/modules/show_out/show_out_wrapper.php?run_id=110202&search_id=114132&scans_id=110198&peptide_id=38236&scanf=45671&charge=3&value=R.FSDHVALLSVFQAWDDAR.M,DHX9,8.862e+5,3.071,0.003,2.513,0.000
45672,2,"  2.251","  0.332",7/24,/core/www/modules//sdig/index.php?run_id=110202&search_id=114132&scans_id=110198&peptide_id=38237&scanf=45672&charge=2&value=7/24,sp|O76003|GLRX3_HUMAN,/core/www/modules//consensus/?run_id=110202&search_id=114132&scans_id=110198&peptide_id=38237&scanf=45672&charge=2&value=sp|O76003|GLRX3_HUMAN,0,/core/www/modules/match_peptides/blast_html4.php?run_id=110202&search_id=114132&scans_id=110198&peptide_id=38237&scanf=45672&charge=2&value=0,K.YEISSVPTFLFFK.N,/core/www/modules/show_out/show_out_wrapper.php?run_id=110202&search_id=114132&scans_id=110198&peptide_id=38237&scanf=45672&charge=2&value=K.YEISSVPTFLFFK.N,GLRX3,1.254e+6,1.999,0.107,0.970,0.005
45689,4,"  4.708","  0.461",20/216,/core/www/modules//sdig/index.php?run_id=110202&search_id=114132&scans_id=110198&peptide_id=38254&scanf=45689&charge=4&value=20/216,sp|Q9NQT5|EXOS3_HUMAN,/core/www/modules//consensus/?run_id=110202&search_id=114132&scans_id=110198&peptide_id=38254&scanf=45689&charge=4&value=sp|Q9NQT5|EXOS3_HUMAN,0,/core/www/modules/match_peptides/blast_html4.php?run_id=110202&search_id=114132&scans_id=110198&peptide_id=38254&scanf=45689&charge=4&value=0,R.TVLGQVVLPGEELLLPEQEDAEGPGGAVERPLSLNAR.A,/core/www/modules/show_out/show_out_wrapper.php?run_id=110202&search_id=114132&scans_id=110198&peptide_id=38254&scanf=45689&charge=4&value=R.TVLGQVVLPGEELLLPEQEDAEGPGGAVERPLSLNAR.A,EXOSC3,6.398e+5,2.429,0.027,1.572,0.001
45690,3,"  5.106","  0.721",25/108,/core/www/modules//sdig/index.php?run_id=110202&search_id=114132&scans_id=110198&peptide_id=38256&scanf=45690&charge=3&value=25/108,sp|Q9BR76|COR1B_HUMAN,/core/www/modules//consensus/?run_id=110202&search_id=114132&scans_id=110198&peptide_id=38256&scanf=45690&charge=3&value=sp|Q9BR76|COR1B_HUMAN,0,/core/www/modules/match_peptides/blast_html4.php?run_id=110202&search_id=114132&scans_id=110198&peptide_id=38256&scanf=45690&charge=3&value=0,K.SDLFQDDLYPDTAGPEAALEAEEWVSGR.D,/core/www/modules/show_out/show_out_wrapper.php?run_id=110202&search_id=114132&scans_id=110198&peptide_id=38256&scanf=45690&charge=3&value=K.SDLFQDDLYPDTAGPEAALEAEEWVSGR.D,CORO1B,6.351e+5,3.440,0.001,3.059,0.000
45698,2,"  1.701","  0.299",8/26,/core/www/modules//sdig/index.php?run_id=110202&search_id=114132&scans_id=110198&peptide_id=38264&scanf=45698&charge=2&value=8/26,sp|P11387|TOP1_HUMAN,/core/www/modules//consensus/?run_id=110202&search_id=114132&scans_id=110198&peptide_id=38264&scanf=45698&charge=2&value=sp|P11387|TOP1_HUMAN,1,/core/www/modules/match_peptides/blast_html4.php?run_id=110202&search_id=114132&scans_id=110198&peptide_id=38264&scanf=45698&charge=2&value=1,K.FAWAIDMADEDYEF.-,/core/www/modules/show_out/show_out_wrapper.php?run_id=110202&search_id=114132&scans_id=110198&peptide_id=38264&scanf=45698&charge=2&value=K.FAWAIDMADEDYEF.-,TOP1,1.157e+6,2.086,0.082,1.088,0.003
45699,2,"  2.240","  0.472",10/16,/core/www/modules//sdig/index.php?run_id=110202&search_id=114132&scans_id=110198&peptide_id=38265&scanf=45699&charge=2&value=10/16,sp|Q9Y6A4|CFA20_HUMAN,/core/www/modules//consensus/?run_id=110202&search_id=114132&scans_id=110198&peptide_id=38265&scanf=45699&charge=2&value=sp|Q9Y6A4|CFA20_HUMAN,1,/core/www/modules/match_peptides/blast_html4.php?run_id=110202&search_id=114132&scans_id=110198&peptide_id=38265&scanf=45699&charge=2&value=1,K.LPFLVMIIK.N,/core/www/modules/show_out/show_out_wrapper.php?run_id=110202&search_id=114132&scans_id=110198&peptide_id=38265&scanf=45699&charge=2&value=K.LPFLVMIIK.N,CFAP20,1.021e+6,3.152,0.002,2.633,0.000
45705,3,"  2.318","  0.377",11/52,/core/www/modules//sdig/index.php?run_id=110202&search_id=114132&scans_id=110198&peptide_id=38272&scanf=45705&charge=3&value=11/52,sp|O00442|RTCA_HUMAN,/core/www/modules//consensus/?run_id=110202&search_id=114132&scans_id=110198&peptide_id=38272&scanf=45705&charge=3&value=sp|O00442|RTCA_HUMAN,0,/core/www/modules/match_peptides/blast_html4.php?run_id=110202&search_id=114132&scans_id=110198&peptide_id=38272&scanf=45705&charge=3&value=0,K.VGIEAAEMLLANLR.H,/core/www/modules/show_out/show_out_wrapper.php?run_id=110202&search_id=114132&scans_id=110198&peptide_id=38272&scanf=45705&charge=3&value=K.VGIEAAEMLLANLR.H,RTCA,1.568e+6,2.595,0.015,1.812,0.000
45706,3,"  1.631","  0.240",12/60,/core/www/modules//sdig/index.php?run_id=110202&search_id=114132&scans_id=110198&peptide_id=38273&scanf=45706&charge=3&value=12/60,sp|O75533|SF3B1_HUMAN,/core/www/modules//consensus/?run_id=110202&search_id=114132&scans_id=110198&peptide_id=38273&scanf=45706&charge=3&value=sp|O75533|SF3B1_HUMAN,1,/core/www/modules/match_peptides/blast_html4.php?run_id=110202&search_id=114132&scans_id=110198&peptide_id=38273&scanf=45706&charge=3&value=1,K.AIGPHDVLATLLNNLK.V,/core/www/modules/show_out/show_out_wrapper.php?run_id=110202&search_id=114132&scans_id=110198&peptide_id=38273&scanf=45706&charge=3&value=K.AIGPHDVLATLLNNLK.V,SF3B1,2.265e+7,2.201,0.057,1.246,0.002
45717,3,"  3.950","  0.515",19/92,/core/www/modules//sdig/index.php?run_id=110202&search_id=114132&scans_id=110198&peptide_id=38284&scanf=45717&charge=3&value=19/92,sp|Q9NR30|DDX21_HUMAN,/core/www/modules//consensus/?run_id=110202&search_id=114132&scans_id=110198&peptide_id=38284&scanf=45717&charge=3&value=sp|Q9NR30|DDX21_HUMAN,4,/core/www/modules/match_peptides/blast_html4.php?run_id=110202&search_id=114132&scans_id=110198&peptide_id=38284&scanf=45717&charge=3&value=4,K.DSEDNPQTLLFSATCPHWVFNVAK.K,/core/www/modules/show_out/show_out_wrapper.php?run_id=110202&search_id=114132&scans_id=110198&peptide_id=38284&scanf=45717&charge=3&value=K.DSEDNPQTLLFSATCPHWVFNVAK.K,DDX21,5.477e+5,2.886,0.006,2.240,0.000
45718,2,"  3.179","  0.638",16/32,/core/www/modules//sdig/index.php?run_id=110202&search_id=114132&scans_id=110198&peptide_id=38285&scanf=45718&charge=2&value=16/32,sp|Q15428|SF3A2_HUMAN,/core/www/modules//consensus/?run_id=110202&search_id=114132&scans_id=110198&peptide_id=38285&scanf=45718&charge=2&value=sp|Q15428|SF3A2_HUMAN,0,/core/www/modules/match_peptides/blast_html4.php?run_id=110202&search_id=114132&scans_id=110198&peptide_id=38285&scanf=45718&charge=2&value=0,R.WQYLLMAAEPYETIAFK.V,/core/www/modules/show_out/show_out_wrapper.php?run_id=110202&search_id=114132&scans_id=110198&peptide_id=38285&scanf=45718&charge=2&value=R.WQYLLMAAEPYETIAFK.V,SF3A2,6.235e+5,3.290,0.001,2.837,0.000
45719,3,"  5.124","  0.726",22/124,/core/www/modules//sdig/index.php?run_id=110202&search_id=114132&scans_id=110198&peptide_id=38286&scanf=45719&charge=3&value=22/124,sp|O43491|E41L2_HUMAN,/core/www/modules//consensus/?run_id=110202&search_id=114132&scans_id=110198&peptide_id=38286&scanf=45719&charge=3&value=sp|O43491|E41L2_HUMAN,4,/core/www/modules/match_peptides/blast_html4.php?run_id=110202&search_id=114132&scans_id=110198&peptide_id=38286&scanf=45719&charge=3&value=4,R.EEAVPEASPVTQAGASVITVETVIQENVGAQK.I,/core/www/modules/show_out/show_out_wrapper.php?run_id=110202&search_id=114132&scans_id=110198&peptide_id=38286&scanf=45719&charge=3&value=R.EEAVPEASPVTQAGASVITVETVIQENVGAQK.I,EPB41L2,6.682e+5,3.246,0.002,2.772,0.000
45721,2,"  4.840","  0.592",15/34,/core/www/modules//sdig/index.php?run_id=110202&search_id=114132&scans_id=110198&peptide_id=38289&scanf=45721&charge=2&value=15/34,sp|P23368|MAOM_HUMAN,/core/www/modules//consensus/?run_id=110202&search_id=114132&scans_id=110198&peptide_id=38289&scanf=45721&charge=2&value=sp|P23368|MAOM_HUMAN,6,/core/www/modules/match_peptides/blast_html4.php?run_id=110202&search_id=114132&scans_id=110198&peptide_id=38289&scanf=45721&charge=2&value=6,R.ILGLGDLGVYGMGIPVGK.L,/core/www/modules/show_out/show_out_wrapper.php?run_id=110202&search_id=114132&scans_id=110198&peptide_id=38289&scanf=45721&charge=2&value=R.ILGLGDLGVYGMGIPVGK.L,ME2,2.289e+6,3.085,0.003,2.534,0.000
45722,2,"  2.306","  0.299",8/26,/core/www/modules//sdig/index.php?run_id=110202&search_id=114132&scans_id=110198&peptide_id=38290&scanf=45722&charge=2&value=8/26,sp|Q5VT52|RPRD2_HUMAN,/core/www/modules//consensus/?run_id=110202&search_id=114132&scans_id=110198&peptide_id=38290&scanf=45722&charge=2&value=sp|Q5VT52|RPRD2_HUMAN,0,/core/www/modules/match_peptides/blast_html4.php?run_id=110202&search_id=114132&scans_id=110198&peptide_id=38290&scanf=45722&charge=2&value=0,K.VEITPESILSALSK.T,/core/www/modules/show_out/show_out_wrapper.php?run_id=110202&search_id=114132&scans_id=110198&peptide_id=38290&scanf=45722&charge=2&value=K.VEITPESILSALSK.T,RPRD2,1.796e+6,1.942,0.127,0.896,0.006
45726,2,"  3.273","  0.685",16/22,/core/www/modules//sdig/index.php?run_id=110202&search_id=114132&scans_id=110198&peptide_id=38294&scanf=45726&charge=2&value=16/22,sp|O43707|ACTN4_HUMAN,/core/www/modules//consensus/?run_id=110202&search_id=114132&scans_id=110198&peptide_id=38294&scanf=45726&charge=2&value=sp|O43707|ACTN4_HUMAN,17,/core/www/modules/match_peptides/blast_html4.php?run_id=110202&search_id=114132&scans_id=110198&peptide_id=38294&scanf=45726&charge=2&value=17,R.VGWEQLLTTIAR.T,/core/www/modules/show_out/show_out_wrapper.php?run_id=110202&search_id=114132&scans_id=110198&peptide_id=38294&scanf=45726&charge=2&value=R.VGWEQLLTTIAR.T,ACTN4,9.299e+5,4.324,0.000,4.370,0.000
45733,3,"  4.387","  0.584",19/96,/core/www/modules//sdig/index.php?run_id=110202&search_id=114132&scans_id=110198&peptide_id=38301&scanf=45733&charge=3&value=19/96,sp|P20226|TBP_HUMAN,/core/www/modules//consensus/?run_id=110202&search_id=114132&scans_id=110198&peptide_id=38301&scanf=45733&charge=3&value=sp|P20226|TBP_HUMAN,1,/core/www/modules/match_peptides/blast_html4.php?run_id=110202&search_id=114132&scans_id=110198&peptide_id=38301&scanf=45733&charge=3&value=1,R.LEGLVLTHQQFSSYEPELFPGLIYR.M,/core/www/modules/show_out/show_out_wrapper.php?run_id=110202&search_id=114132&scans_id=110198&peptide_id=38301&scanf=45733&charge=3&value=R.LEGLVLTHQQFSSYEPELFPGLIYR.M,TBP,1.039e+6,2.881,0.006,2.232,0.000
45734,4,"  3.332","  0.547",17/150,/core/www/modules//sdig/index.php?run_id=110202&search_id=114132&scans_id=110198&peptide_id=38302&scanf=45734&charge=4&value=17/150,sp|O75643|U520_HUMAN,/core/www/modules//consensus/?run_id=110202&search_id=114132&scans_id=110198&peptide_id=38302&scanf=45734&charge=4&value=sp|O75643|U520_HUMAN,1,/core/www/modules/match_peptides/blast_html4.php?run_id=110202&search_id=114132&scans_id=110198&peptide_id=38302&scanf=45734&charge=4&value=1,R.HLILPEKYPPPTELLDLQPLPVSALR.N,/core/www/modules/show_out/show_out_wrapper.php?run_id=110202&search_id=114132&scans_id=110198&peptide_id=38302&scanf=45734&charge=4&value=R.HLILPEKYPPPTELLDLQPLPVSALR.N,SNRNP200,2.667e+6,3.100,0.003,2.556,0.000
45753,3,"  4.753","  0.669",20/108,/core/www/modules//sdig/index.php?run_id=110202&search_id=114132&scans_id=110198&peptide_id=38322&scanf=45753&charge=3&value=20/108,sp|Q9Y294|ASF1A_HUMAN,/core/www/modules//consensus/?run_id=110202&search_id=114132&scans_id=110198&peptide_id=38322&scanf=45753&charge=3&value=sp|Q9Y294|ASF1A_HUMAN,0,/core/www/modules/match_peptides/blast_html4.php?run_id=110202&search_id=114132&scans_id=110198&peptide_id=38322&scanf=45753&charge=3&value=0,K.IIYVGSAESEEYDQVLDSVLVGPVPAGR.H,/core/www/modules/show_out/show_out_wrapper.php?run_id=110202&search_id=114132&scans_id=110198&peptide_id=38322&scanf=45753&charge=3&value=K.IIYVGSAESEEYDQVLDSVLVGPVPAGR.H,ASF1A,9.627e+5,3.120,0.003,2.585,0.000
45754,2,"  4.189","  0.731",19/34,/core/www/modules//sdig/index.php?run_id=110202&search_id=114132&scans_id=110198&peptide_id=38323&scanf=45754&charge=2&value=19/34,sp|Q14690|RRP5_HUMAN,/core/www/modules//consensus/?run_id=110202&search_id=114132&scans_id=110198&peptide_id=38323&scanf=45754&charge=2&value=sp|Q14690|RRP5_HUMAN,1,/core/www/modules/match_peptides/blast_html4.php?run_id=110202&search_id=114132&scans_id=110198&peptide_id=38323&scanf=45754&charge=2&value=1,K.DYGVFIQFPSGLSGLAPK.A,/core/www/modules/show_out/show_out_wrapper.php?run_id=110202&search_id=114132&scans_id=110198&peptide_id=38323&scanf=45754&charge=2&value=K.DYGVFIQFPSGLSGLAPK.A,PDCD11,2.090e+6,3.789,0.000,3.576,0.000
45755,4,"  6.503","  0.662",25/174,/core/www/modules//sdig/index.php?run_id=110202&search_id=114132&scans_id=110198&peptide_id=38324&scanf=45755&charge=4&value=25/174,sp|O75643|U520_HUMAN,/core/www/modules//consensus/?run_id=110202&search_id=114132&scans_id=110198&peptide_id=38324&scanf=45755&charge=4&value=sp|O75643|U520_HUMAN,1,/core/www/modules/match_peptides/blast_html4.php?run_id=110202&search_id=114132&scans_id=110198&peptide_id=38324&scanf=45755&charge=4&value=1,R.IASHYYITNDTVQTYNQLLKPTLSEIELFR.V,/core/www/modules/show_out/show_out_wrapper.php?run_id=110202&search_id=114132&scans_id=110198&peptide_id=38324&scanf=45755&charge=4&value=R.IASHYYITNDTVQTYNQLLKPTLSEIELFR.V,SNRNP200,1.151e+6,3.762,0.000,3.536,0.000
45758,2,"  3.638","  0.373",11/28,/core/www/modules//sdig/index.php?run_id=110202&search_id=114132&scans_id=110198&peptide_id=38327&scanf=45758&charge=2&value=11/28,sp|Q7LBC6|KDM3B_HUMAN,/core/www/modules//consensus/?run_id=110202&search_id=114132&scans_id=110198&peptide_id=38327&scanf=45758&charge=2&value=sp|Q7LBC6|KDM3B_HUMAN,1,/core/www/modules/match_peptides/blast_html4.php?run_id=110202&search_id=114132&scans_id=110198&peptide_id=38327&scanf=45758&charge=2&value=1,K.LGLGSVVPVEYLLDR.E,/core/www/modules/show_out/show_out_wrapper.php?run_id=110202&search_id=114132&scans_id=110198&peptide_id=38327&scanf=45758&charge=2&value=K.LGLGSVVPVEYLLDR.E,KDM3B,1.344e+6,2.417,0.028,1.554,0.001
45761,3,"  2.193","  0.473",10/60,/core/www/modules//sdig/index.php?run_id=110202&search_id=114132&scans_id=110198&peptide_id=38331&scanf=45761&charge=3&value=10/60,sp|Q9UJX5|APC4_HUMAN,/core/www/modules//consensus/?run_id=110202&search_id=114132&scans_id=110198&peptide_id=38331&scanf=45761&charge=3&value=sp|Q9UJX5|APC4_HUMAN,2,/core/www/modules/match_peptides/blast_html4.php?run_id=110202&search_id=114132&scans_id=110198&peptide_id=38331&scanf=45761&charge=3&value=2,R.DLIALANTAGEVLLHR.L,/core/www/modules/show_out/show_out_wrapper.php?run_id=110202&search_id=114132&scans_id=110198&peptide_id=38331&scanf=45761&charge=3&value=R.DLIALANTAGEVLLHR.L,ANAPC4,6.081e+5,2.623,0.014,1.853,0.000
45762,3,"  2.472","  0.505",14/60,/core/www/modules//sdig/index.php?run_id=110202&search_id=114132&scans_id=110198&peptide_id=38332&scanf=45762&charge=3&value=14/60,sp|Q9NXF1|TEX10_HUMAN,/core/www/modules//consensus/?run_id=110202&search_id=114132&scans_id=110198&peptide_id=38332&scanf=45762&charge=3&value=sp|Q9NXF1|TEX10_HUMAN,0,/core/www/modules/match_peptides/blast_html4.php?run_id=110202&search_id=114132&scans_id=110198&peptide_id=38332&scanf=45762&charge=3&value=0,K.VLDILLEQYPALITGR.S,/core/www/modules/show_out/show_out_wrapper.php?run_id=110202&search_id=114132&scans_id=110198&peptide_id=38332&scanf=45762&charge=3&value=K.VLDILLEQYPALITGR.S,TEX10,2.478e+6,3.011,0.004,2.425,0.000
45773,3,"  3.721","  0.703",19/84,/core/www/modules//sdig/index.php?run_id=110202&search_id=114132&scans_id=110198&peptide_id=38343&scanf=45773&charge=3&value=19/84,sp|Q99832|TCPH_HUMAN,/core/www/modules//consensus/?run_id=110202&search_id=114132&scans_id=110198&peptide_id=38343&scanf=45773&charge=3&value=sp|Q99832|TCPH_HUMAN,1,/core/www/modules/match_peptides/blast_html4.php?run_id=110202&search_id=114132&scans_id=110198&peptide_id=38343&scanf=45773&charge=3&value=1,K.SQDAEVGDGTTSVTLLAAEFLK.Q,/core/www/modules/show_out/show_out_wrapper.php?run_id=110202&search_id=114132&scans_id=110198&peptide_id=38343&scanf=45773&charge=3&value=K.SQDAEVGDGTTSVTLLAAEFLK.Q,CCT7,2.162e+7,3.504,0.001,3.154,0.000
45778,4,"  5.368","  0.623",27/126,/core/www/modules//sdig/index.php?run_id=110202&search_id=114132&scans_id=110198&peptide_id=38348&scanf=45778&charge=4&value=27/126,sp|Q9Y5B9|SP16H_HUMAN,/core/www/modules//consensus/?run_id=110202&search_id=114132&scans_id=110198&peptide_id=38348&scanf=45778&charge=4&value=sp|Q9Y5B9|SP16H_HUMAN,0,/core/www/modules/match_peptides/blast_html4.php?run_id=110202&search_id=114132&scans_id=110198&peptide_id=38348&scanf=45778&charge=4&value=0,K.KYETVIMPVFGIATPFHIATIK.N,/core/www/modules/show_out/show_out_wrapper.php?run_id=110202&search_id=114132&scans_id=110198&peptide_id=38348&scanf=45778&charge=4&value=K.KYETVIMPVFGIATPFHIATIK.N,SUPT16H,2.810e+6,3.554,0.001,3.229,0.000
45782,3,"  6.332","  0.688",27/100,/core/www/modules//sdig/index.php?run_id=110202&search_id=114132&scans_id=110198&peptide_id=38353&scanf=45782&charge=3&value=27/100,sp|P63010|AP2B1_HUMAN,/core/www/modules//consensus/?run_id=110202&search_id=114132&scans_id=110198&peptide_id=38353&scanf=45782&charge=3&value=sp|P63010|AP2B1_HUMAN,4,/core/www/modules/match_peptides/blast_html4.php?run_id=110202&search_id=114132&scans_id=110198&peptide_id=38353&scanf=45782&charge=3&value=4,K.KPSETQELVQQVLSLATQDSDNPDLR.D,/core/www/modules/show_out/show_out_wrapper.php?run_id=110202&search_id=114132&scans_id=110198&peptide_id=38353&scanf=45782&charge=3&value=K.KPSETQELVQQVLSLATQDSDNPDLR.D,AP2B1,7.618e+5,3.549,0.001,3.221,0.000
45785,3,"  4.828","  0.624",18/84,/core/www/modules//sdig/index.php?run_id=110202&search_id=114132&scans_id=110198&peptide_id=38356&scanf=45785&charge=3&value=18/84,sp|P33993|MCM7_HUMAN,/core/www/modules//consensus/?run_id=110202&search_id=114132&scans_id=110198&peptide_id=38356&scanf=45785&charge=3&value=sp|P33993|MCM7_HUMAN,0,/core/www/modules/match_peptides/blast_html4.php?run_id=110202&search_id=114132&scans_id=110198&peptide_id=38356&scanf=45785&charge=3&value=0,R.EKQPMVPESLADYITAAYVEMR.R,/core/www/modules/show_out/show_out_wrapper.php?run_id=110202&search_id=114132&scans_id=110198&peptide_id=38356&scanf=45785&charge=3&value=R.EKQPMVPESLADYITAAYVEMR.R,MCM7,1.744e+6,2.977,0.004,2.374,0.000
45787,2,"  1.911","  0.273",8/16,/core/www/modules//sdig/index.php?run_id=110202&search_id=114132&scans_id=110198&peptide_id=38358&scanf=45787&charge=2&value=8/16,sp|P04908|H2A1B_HUMAN,/core/www/modules//consensus/?run_id=110202&search_id=114132&scans_id=110198&peptide_id=38358&scanf=45787&charge=2&value=sp|P04908|H2A1B_HUMAN,19,/core/www/modules/match_peptides/blast_html4.php?run_id=110202&search_id=114132&scans_id=110198&peptide_id=38358&scanf=45787&charge=2&value=19,R.AGLQFPVGR.V,/core/www/modules/show_out/show_out_wrapper.php?run_id=110202&search_id=114132&scans_id=110198&peptide_id=38358&scanf=45787&charge=2&value=R.AGLQFPVGR.V,H2AC8,1.471e+6,2.513,0.020,1.693,0.000
45790,3,"  2.763","  0.521",16/68,/core/www/modules//sdig/index.php?run_id=110202&search_id=114132&scans_id=110198&peptide_id=38362&scanf=45790&charge=3&value=16/68,sp|Q14690|RRP5_HUMAN,/core/www/modules//consensus/?run_id=110202&search_id=114132&scans_id=110198&peptide_id=38362&scanf=45790&charge=3&value=sp|Q14690|RRP5_HUMAN,1,/core/www/modules/match_peptides/blast_html4.php?run_id=110202&search_id=114132&scans_id=110198&peptide_id=38362&scanf=45790&charge=3&value=1,K.DYGVFIQFPSGLSGLAPK.A,/core/www/modules/show_out/show_out_wrapper.php?run_id=110202&search_id=114132&scans_id=110198&peptide_id=38362&scanf=45790&charge=3&value=K.DYGVFIQFPSGLSGLAPK.A,PDCD11,6.613e+5,2.967,0.004,2.360,0.000
45795,3,"  6.491","  0.679",24/84,/core/www/modules//sdig/index.php?run_id=110202&search_id=114132&scans_id=110198&peptide_id=38366&scanf=45795&charge=3&value=24/84,sp|P26641|EF1G_HUMAN,/core/www/modules//consensus/?run_id=110202&search_id=114132&scans_id=110198&peptide_id=38366&scanf=45795&charge=3&value=sp|P26641|EF1G_HUMAN,0,/core/www/modules/match_peptides/blast_html4.php?run_id=110202&search_id=114132&scans_id=110198&peptide_id=38366&scanf=45795&charge=3&value=0,R.GQELAFPLSPDWQVDYESYTWR.K,/core/www/modules/show_out/show_out_wrapper.php?run_id=110202&search_id=114132&scans_id=110198&peptide_id=38366&scanf=45795&charge=3&value=R.GQELAFPLSPDWQVDYESYTWR.K,EEF1G,2.295e+6,3.671,0.000,3.402,0.000
45796,3,"  5.319","  0.610",24/108,/core/www/modules//sdig/index.php?run_id=110202&search_id=114132&scans_id=110198&peptide_id=38367&scanf=45796&charge=3&value=24/108,sp|Q12905|ILF2_HUMAN,/core/www/modules//consensus/?run_id=110202&search_id=114132&scans_id=110198&peptide_id=38367&scanf=45796&charge=3&value=sp|Q12905|ILF2_HUMAN,1,/core/www/modules/match_peptides/blast_html4.php?run_id=110202&search_id=114132&scans_id=110198&peptide_id=38367&scanf=45796&charge=3&value=1,K.ILGQEGDASYLASEISTWDGVIVTPSEK.A,/core/www/modules/show_out/show_out_wrapper.php?run_id=110202&search_id=114132&scans_id=110198&peptide_id=38367&scanf=45796&charge=3&value=K.ILGQEGDASYLASEISTWDGVIVTPSEK.A,ILF2,1.815e+7,3.026,0.004,2.447,0.000
45798,3,"  5.779","  0.612",17/84,/core/www/modules//sdig/index.php?run_id=110202&search_id=114132&scans_id=110198&peptide_id=38369&scanf=45798&charge=3&value=17/84,sp|P33993|MCM7_HUMAN,/core/www/modules//consensus/?run_id=110202&search_id=114132&scans_id=110198&peptide_id=38369&scanf=45798&charge=3&value=sp|P33993|MCM7_HUMAN,0,/core/www/modules/match_peptides/blast_html4.php?run_id=110202&search_id=114132&scans_id=110198&peptide_id=38369&scanf=45798&charge=3&value=0,R.EKQPMVPESLADYITAAYVEMR.R,/core/www/modules/show_out/show_out_wrapper.php?run_id=110202&search_id=114132&scans_id=110198&peptide_id=38369&scanf=45798&charge=3&value=R.EKQPMVPESLADYITAAYVEMR.R,MCM7,1.744e+6,2.847,0.007,2.182,0.000
45800,3,"  4.026","  0.432",16/72,/core/www/modules//sdig/index.php?run_id=110202&search_id=114132&scans_id=110198&peptide_id=38372&scanf=45800&charge=3&value=16/72,sp|P49116|NR2C2_HUMAN,/core/www/modules//consensus/?run_id=110202&search_id=114132&scans_id=110198&peptide_id=38372&scanf=45800&charge=3&value=sp|P49116|NR2C2_HUMAN,0,/core/www/modules/match_peptides/blast_html4.php?run_id=110202&search_id=114132&scans_id=110198&peptide_id=38372&scanf=45800&charge=3&value=0,R.QTGLLDPGMLVNIQQPLIR.E,/core/www/modules/show_out/show_out_wrapper.php?run_id=110202&search_id=114132&scans_id=110198&peptide_id=38372&scanf=45800&charge=3&value=R.QTGLLDPGMLVNIQQPLIR.E,NR2C2,9.024e+5,2.545,0.018,1.740,0.000
45806,3,"  3.537","  0.556",15/68,/core/www/modules//sdig/index.php?run_id=110202&search_id=114132&scans_id=110198&peptide_id=38378&scanf=45806&charge=3&value=15/68,sp|Q96P70|IPO9_HUMAN,/core/www/modules//consensus/?run_id=110202&search_id=114132&scans_id=110198&peptide_id=38378&scanf=45806&charge=3&value=sp|Q96P70|IPO9_HUMAN,0,/core/www/modules/match_peptides/blast_html4.php?run_id=110202&search_id=114132&scans_id=110198&peptide_id=38378&scanf=45806&charge=3&value=0,K.EALVDTLTGILSPVQEVR.A,/core/www/modules/show_out/show_out_wrapper.php?run_id=110202&search_id=114132&scans_id=110198&peptide_id=38378&scanf=45806&charge=3&value=K.EALVDTLTGILSPVQEVR.A,IPO9,6.634e+5,2.976,0.004,2.372,0.000
45807,3,"  4.819","  0.651",20/76,/core/www/modules//sdig/index.php?run_id=110202&search_id=114132&scans_id=110198&peptide_id=38379&scanf=45807&charge=3&value=20/76,sp|Q9P2D1|CHD7_HUMAN,/core/www/modules//consensus/?run_id=110202&search_id=114132&scans_id=110198&peptide_id=38379&scanf=45807&charge=3&value=sp|Q9P2D1|CHD7_HUMAN,1,/core/www/modules/match_peptides/blast_html4.php?run_id=110202&search_id=114132&scans_id=110198&peptide_id=38379&scanf=45807&charge=3&value=1,K.GIHGPFLVIAPLSTIPNWER.E,/core/www/modules/show_out/show_out_wrapper.php?run_id=110202&search_id=114132&scans_id=110198&peptide_id=38379&scanf=45807&charge=3&value=K.GIHGPFLVIAPLSTIPNWER.E,CHD7,8.476e+5,3.481,0.001,3.120,0.000
45808,3,"  2.365","  0.303",9/80,/core/www/modules//sdig/index.php?run_id=110202&search_id=114132&scans_id=110198&peptide_id=38380&scanf=45808&charge=3&value=9/80,sp|P06733|ENOA_HUMAN,/core/www/modules//consensus/?run_id=110202&search_id=114132&scans_id=110198&peptide_id=38380&scanf=45808&charge=3&value=sp|P06733|ENOA_HUMAN,1,/core/www/modules/match_peptides/blast_html4.php?run_id=110202&search_id=114132&scans_id=110198&peptide_id=38380&scanf=45808&charge=3&value=1,K.DYPVVSIEDPFDQDDWGAWQK.F,/core/www/modules/show_out/show_out_wrapper.php?run_id=110202&search_id=114132&scans_id=110198&peptide_id=38380&scanf=45808&charge=3&value=K.DYPVVSIEDPFDQDDWGAWQK.F,ENO1,8.770e+5,1.817,0.182,0.739,0.010
45815,2,"  2.201","  0.409",11/12,/core/www/modules//sdig/index.php?run_id=110202&search_id=114132&scans_id=110198&peptide_id=38387&scanf=45815&charge=2&value=11/12,sp|P04908|H2A1B_HUMAN,/core/www/modules//consensus/?run_id=110202&search_id=114132&scans_id=110198&peptide_id=38387&scanf=45815&charge=2&value=sp|P04908|H2A1B_HUMAN,20,/core/www/modules/match_peptides/blast_html4.php?run_id=110202&search_id=114132&scans_id=110198&peptide_id=38387&scanf=45815&charge=2&value=20,R.HLQLAIR.N,/core/www/modules/show_out/show_out_wrapper.php?run_id=110202&search_id=114132&scans_id=110198&peptide_id=38387&scanf=45815&charge=2&value=R.HLQLAIR.N,H2AC8,1.107e+7,3.683,0.000,3.420,0.000
45817,3,"  4.358","  0.706",24/80,/core/www/modules//sdig/index.php?run_id=110202&search_id=114132&scans_id=110198&peptide_id=38389&scanf=45817&charge=3&value=24/80,sp|P16435|NCPR_HUMAN,/core/www/modules//consensus/?run_id=110202&search_id=114132&scans_id=110198&peptide_id=38389&scanf=45817&charge=3&value=sp|P16435|NCPR_HUMAN,3,/core/www/modules/match_peptides/blast_html4.php?run_id=110202&search_id=114132&scans_id=110198&peptide_id=38389&scanf=45817&charge=3&value=3,R.TNVLYELAQYASEPSEQELLR.K,/core/www/modules/show_out/show_out_wrapper.php?run_id=110202&search_id=114132&scans_id=110198&peptide_id=38389&scanf=45817&charge=3&value=R.TNVLYELAQYASEPSEQELLR.K,POR,2.527e+6,3.637,0.000,3.352,0.000
45819,3,"  4.648","  0.583",12/92,/core/www/modules//sdig/index.php?run_id=110202&search_id=114132&scans_id=110198&peptide_id=38391&scanf=45819&charge=3&value=12/92,sp|Q08945|SSRP1_HUMAN,/core/www/modules//consensus/?run_id=110202&search_id=114132&scans_id=110198&peptide_id=38391&scanf=45819&charge=3&value=sp|Q08945|SSRP1_HUMAN,1,/core/www/modules/match_peptides/blast_html4.php?run_id=110202&search_id=114132&scans_id=110198&peptide_id=38391&scanf=45819&charge=3&value=1,R.FYVPPTQEDGVDPVEAFAQNVLSK.A,/core/www/modules/show_out/show_out_wrapper.php?run_id=110202&search_id=114132&scans_id=110198&peptide_id=38391&scanf=45819&charge=3&value=R.FYVPPTQEDGVDPVEAFAQNVLSK.A,SSRP1,2.875e+7,2.983,0.004,2.383,0.000
45821,3,"  2.963","  0.254",17/68,/core/www/modules//sdig/index.php?run_id=110202&search_id=114132&scans_id=110198&peptide_id=38393&scanf=45821&charge=3&value=17/68,sp|P54819|KAD2_HUMAN,/core/www/modules//consensus/?run_id=110202&search_id=114132&scans_id=110198&peptide_id=38393&scanf=45821&charge=3&value=sp|P54819|KAD2_HUMAN,5,/core/www/modules/match_peptides/blast_html4.php?run_id=110202&search_id=114132&scans_id=110198&peptide_id=38393&scanf=45821&charge=3&value=5,K.EKLDSVIEFSIPDSLLIR.R,/core/www/modules/show_out/show_out_wrapper.php?run_id=110202&search_id=114132&scans_id=110198&peptide_id=38393&scanf=45821&charge=3&value=K.EKLDSVIEFSIPDSLLIR.R,AK2,7.224e+5,1.834,0.174,0.760,0.009
45828,2,"  2.753","  0.635",14/34,/core/www/modules//sdig/index.php?run_id=110202&search_id=114132&scans_id=110198&peptide_id=38400&scanf=45828&charge=2&value=14/34,sp|P53992|SC24C_HUMAN,/core/www/modules//consensus/?run_id=110202&search_id=114132&scans_id=110198&peptide_id=38400&scanf=45828&charge=2&value=sp|P53992|SC24C_HUMAN,1,/core/www/modules/match_peptides/blast_html4.php?run_id=110202&search_id=114132&scans_id=110198&peptide_id=38400&scanf=45828&charge=2&value=1,R.ETETVFVPVIQAGMEALK.A,/core/www/modules/show_out/show_out_wrapper.php?run_id=110202&search_id=114132&scans_id=110198&peptide_id=38400&scanf=45828&charge=2&value=R.ETETVFVPVIQAGMEALK.A,SEC24C,4.863e+5,3.053,0.003,2.487,0.000
45836,2,"  1.389","  0.231",6/26,/core/www/modules//sdig/index.php?run_id=110202&search_id=114132&scans_id=110198&peptide_id=38408&scanf=45836&charge=2&value=6/26,sp|P78527|PRKDC_HUMAN,/core/www/modules//consensus/?run_id=110202&search_id=114132&scans_id=110198&peptide_id=38408&scanf=45836&charge=2&value=sp|P78527|PRKDC_HUMAN,1,/core/www/modules/match_peptides/blast_html4.php?run_id=110202&search_id=114132&scans_id=110198&peptide_id=38408&scanf=45836&charge=2&value=1,K.LSDFNDITNMLLLK.M,/core/www/modules/show_out/show_out_wrapper.php?run_id=110202&search_id=114132&scans_id=110198&peptide_id=38408&scanf=45836&charge=2&value=K.LSDFNDITNMLLLK.M,PRKDC,6.919e+7,2.461,0.024,1.618,0.001
45839,3,"  2.190","  0.282",13/68,/core/www/modules//sdig/index.php?run_id=110202&search_id=114132&scans_id=110198&peptide_id=38411&scanf=45839&charge=3&value=13/68,sp|P23368|MAOM_HUMAN,/core/www/modules//consensus/?run_id=110202&search_id=114132&scans_id=110198&peptide_id=38411&scanf=45839&charge=3&value=sp|P23368|MAOM_HUMAN,6,/core/www/modules/match_peptides/blast_html4.php?run_id=110202&search_id=114132&scans_id=110198&peptide_id=38411&scanf=45839&charge=3&value=6,R.ILGLGDLGVYGMGIPVGK.L,/core/www/modules/show_out/show_out_wrapper.php?run_id=110202&search_id=114132&scans_id=110198&peptide_id=38411&scanf=45839&charge=3&value=R.ILGLGDLGVYGMGIPVGK.L,ME2,7.137e+5,2.095,0.079,1.100,0.003
45841,3,"  3.927","  0.676",21/96,/core/www/modules//sdig/index.php?run_id=110202&search_id=114132&scans_id=110198&peptide_id=38414&scanf=45841&charge=3&value=21/96,sp|Q9H488|OFUT1_HUMAN,/core/www/modules//consensus/?run_id=110202&search_id=114132&scans_id=110198&peptide_id=38414&scanf=45841&charge=3&value=sp|Q9H488|OFUT1_HUMAN,0,/core/www/modules/match_peptides/blast_html4.php?run_id=110202&search_id=114132&scans_id=110198&peptide_id=38414&scanf=45841&charge=3&value=0,R.SLDAQSVYVATDSESYVPELQQLFK.G,/core/www/modules/show_out/show_out_wrapper.php?run_id=110202&search_id=114132&scans_id=110198&peptide_id=38414&scanf=45841&charge=3&value=R.SLDAQSVYVATDSESYVPELQQLFK.G,POFUT1,1.097e+6,3.159,0.002,2.643,0.000
45842,2,"  4.600","  0.667",17/32,/core/www/modules//sdig/index.php?run_id=110202&search_id=114132&scans_id=110198&peptide_id=38415&scanf=45842&charge=2&value=17/32,sp|Q5UIP0|RIF1_HUMAN,/core/www/modules//consensus/?run_id=110202&search_id=114132&scans_id=110198&peptide_id=38415&scanf=45842&charge=2&value=sp|Q5UIP0|RIF1_HUMAN,1,/core/www/modules/match_peptides/blast_html4.php?run_id=110202&search_id=114132&scans_id=110198&peptide_id=38415&scanf=45842&charge=2&value=1,R.LVSDIIDPVALEIPLSK.N,/core/www/modules/show_out/show_out_wrapper.php?run_id=110202&search_id=114132&scans_id=110198&peptide_id=38415&scanf=45842&charge=2&value=R.LVSDIIDPVALEIPLSK.N,RIF1,2.321e+6,3.615,0.000,3.318,0.000
45843,3,"  5.539","  0.592",19/108,/core/www/modules//sdig/index.php?run_id=110202&search_id=114132&scans_id=110198&peptide_id=38416&scanf=45843&charge=3&value=19/108,sp|Q9BR76|COR1B_HUMAN,/core/www/modules//consensus/?run_id=110202&search_id=114132&scans_id=110198&peptide_id=38416&scanf=45843&charge=3&value=sp|Q9BR76|COR1B_HUMAN,0,/core/www/modules/match_peptides/blast_html4.php?run_id=110202&search_id=114132&scans_id=110198&peptide_id=38416&scanf=45843&charge=3&value=0,K.SDLFQDDLYPDTAGPEAALEAEEWVSGR.D,/core/www/modules/show_out/show_out_wrapper.php?run_id=110202&search_id=114132&scans_id=110198&peptide_id=38416&scanf=45843&charge=3&value=K.SDLFQDDLYPDTAGPEAALEAEEWVSGR.D,CORO1B,0,2.955,0.005,2.342,0.000
45849,3,"  3.477","  0.500",15/64,/core/www/modules//sdig/index.php?run_id=110202&search_id=114132&scans_id=110198&peptide_id=38422&scanf=45849&charge=3&value=15/64,sp|P48643|TCPE_HUMAN,/core/www/modules//consensus/?run_id=110202&search_id=114132&scans_id=110198&peptide_id=38422&scanf=45849&charge=3&value=sp|P48643|TCPE_HUMAN,3,/core/www/modules/match_peptides/blast_html4.php?run_id=110202&search_id=114132&scans_id=110198&peptide_id=38422&scanf=45849&charge=3&value=3,R.WVGGPEIELIAIATGGR.I,/core/www/modules/show_out/show_out_wrapper.php?run_id=110202&search_id=114132&scans_id=110198&peptide_id=38422&scanf=45849&charge=3&value=R.WVGGPEIELIAIATGGR.I,CCT5,1.481e+6,3.022,0.004,2.440,0.000
45851,2,"  1.802","  0.308",10/20,/core/www/modules//sdig/index.php?run_id=110202&search_id=114132&scans_id=110198&peptide_id=38425&scanf=45851&charge=2&value=10/20,sp|O75369|FLNB_HUMAN,/core/www/modules//consensus/?run_id=110202&search_id=114132&scans_id=110198&peptide_id=38425&scanf=45851&charge=2&value=sp|O75369|FLNB_HUMAN,10,/core/www/modules/match_peptides/blast_html4.php?run_id=110202&search_id=114132&scans_id=110198&peptide_id=38425&scanf=45851&charge=2&value=10,R.LIALLEVLSQK.R,/core/www/modules/show_out/show_out_wrapper.php?run_id=110202&search_id=114132&scans_id=110198&peptide_id=38425&scanf=45851&charge=2&value=R.LIALLEVLSQK.R,FLNB,4.145e+5,2.530,0.019,1.718,0.000
45852,2,"  2.149","  0.484",11/24,/core/www/modules//sdig/index.php?run_id=110202&search_id=114132&scans_id=110198&peptide_id=38426&scanf=45852&charge=2&value=11/24,sp|Q8IX18|DHX40_HUMAN,/core/www/modules//consensus/?run_id=110202&search_id=114132&scans_id=110198&peptide_id=38426&scanf=45852&charge=2&value=sp|Q8IX18|DHX40_HUMAN,1,/core/www/modules/match_peptides/blast_html4.php?run_id=110202&search_id=114132&scans_id=110198&peptide_id=38426&scanf=45852&charge=2&value=1,R.LGLDILEVVPISK.S,/core/www/modules/show_out/show_out_wrapper.php?run_id=110202&search_id=114132&scans_id=110198&peptide_id=38426&scanf=45852&charge=2&value=R.LGLDILEVVPISK.S,DHX40,5.441e+6,2.812,0.007,2.131,0.000
45853,4,"  4.239","  0.629",17/120,/core/www/modules//sdig/index.php?run_id=110202&search_id=114132&scans_id=110198&peptide_id=38427&scanf=45853&charge=4&value=17/120,sp|Q6P2Q9|PRP8_HUMAN,/core/www/modules//consensus/?run_id=110202&search_id=114132&scans_id=110198&peptide_id=38427&scanf=45853&charge=4&value=sp|Q6P2Q9|PRP8_HUMAN,1,/core/www/modules/match_peptides/blast_html4.php?run_id=110202&search_id=114132&scans_id=110198&peptide_id=38427&scanf=45853&charge=4&value=1,K.TEDPDLPAFYFDPLINPISHR.H,/core/www/modules/show_out/show_out_wrapper.php?run_id=110202&search_id=114132&scans_id=110198&peptide_id=38427&scanf=45853&charge=4&value=K.TEDPDLPAFYFDPLINPISHR.H,PRPF8,7.185e+5,3.903,0.000,3.745,0.000
45857,2,"  5.004","  0.748",21/32,/core/www/modules//sdig/index.php?run_id=110202&search_id=114132&scans_id=110198&peptide_id=38430&scanf=45857&charge=2&value=21/32,sp|Q02878|RL6_HUMAN,/core/www/modules//consensus/?run_id=110202&search_id=114132&scans_id=110198&peptide_id=38430&scanf=45857&charge=2&value=sp|Q02878|RL6_HUMAN,0,/core/www/modules/match_peptides/blast_html4.php?run_id=110202&search_id=114132&scans_id=110198&peptide_id=38430&scanf=45857&charge=2&value=0,K.QLASGLLLVTGPLVLNR.V,/core/www/modules/show_out/show_out_wrapper.php?run_id=110202&search_id=114132&scans_id=110198&peptide_id=38430&scanf=45857&charge=2&value=K.QLASGLLLVTGPLVLNR.V,RPL6,2.774e+7,4.088,0.000,4.020,0.000
45861,2,"  2.383","  0.523",12/28,/core/www/modules//sdig/index.php?run_id=110202&search_id=114132&scans_id=110198&peptide_id=38435&scanf=45861&charge=2&value=12/28,sp|Q14204|DYHC1_HUMAN,/core/www/modules//consensus/?run_id=110202&search_id=114132&scans_id=110198&peptide_id=38435&scanf=45861&charge=2&value=sp|Q14204|DYHC1_HUMAN,29,/core/www/modules/match_peptides/blast_html4.php?run_id=110202&search_id=114132&scans_id=110198&peptide_id=38435&scanf=45861&charge=2&value=29,K.DFPLNDLLSATELDK.I,/core/www/modules/show_out/show_out_wrapper.php?run_id=110202&search_id=114132&scans_id=110198&peptide_id=38435&scanf=45861&charge=2&value=K.DFPLNDLLSATELDK.I,DYNC1H1,3.039e+6,3.126,0.003,2.594,0.000
45862,3,"  5.201","  0.673",19/76,/core/www/modules//sdig/index.php?run_id=110202&search_id=114132&scans_id=110198&peptide_id=38436&scanf=45862&charge=3&value=19/76,sp|Q9UL03|INT6_HUMAN,/core/www/modules//consensus/?run_id=110202&search_id=114132&scans_id=110198&peptide_id=38436&scanf=45862&charge=3&value=sp|Q9UL03|INT6_HUMAN,3,/core/www/modules/match_peptides/blast_html4.php?run_id=110202&search_id=114132&scans_id=110198&peptide_id=38436&scanf=45862&charge=3&value=3,K.LPFDKYELEPSPLTQFILER.K,/core/www/modules/show_out/show_out_wrapper.php?run_id=110202&search_id=114132&scans_id=110198&peptide_id=38436&scanf=45862&charge=3&value=K.LPFDKYELEPSPLTQFILER.K,INTS6,1.373e+6,3.147,0.002,2.625,0.000
45863,3,"  4.005","  0.616",19/80,/core/www/modules//sdig/index.php?run_id=110202&search_id=114132&scans_id=110198&peptide_id=38437&scanf=45863&charge=3&value=19/80,sp|Q7Z7H8|RM10_HUMAN,/core/www/modules//consensus/?run_id=110202&search_id=114132&scans_id=110198&peptide_id=38437&scanf=45863&charge=3&value=sp|Q7Z7H8|RM10_HUMAN,0,/core/www/modules/match_peptides/blast_html4.php?run_id=110202&search_id=114132&scans_id=110198&peptide_id=38437&scanf=45863&charge=3&value=0,K.YQNLLPLFVGHNMLLVSEEPK.V,/core/www/modules/show_out/show_out_wrapper.php?run_id=110202&search_id=114132&scans_id=110198&peptide_id=38437&scanf=45863&charge=3&value=K.YQNLLPLFVGHNMLLVSEEPK.V,MRPL10,1.242e+6,2.902,0.005,2.263,0.000
45866,3,"  4.657","  0.686",22/88,/core/www/modules//sdig/index.php?run_id=110202&search_id=114132&scans_id=110198&peptide_id=38440&scanf=45866&charge=3&value=22/88,sp|P35250|RFC2_HUMAN,/core/www/modules//consensus/?run_id=110202&search_id=114132&scans_id=110198&peptide_id=38440&scanf=45866&charge=3&value=sp|P35250|RFC2_HUMAN,3,/core/www/modules/match_peptides/blast_html4.php?run_id=110202&search_id=114132&scans_id=110198&peptide_id=38440&scanf=45866&charge=3&value=3,R.QALNNLQSTFSGFGFINSENVFK.V,/core/www/modules/show_out/show_out_wrapper.php?run_id=110202&search_id=114132&scans_id=110198&peptide_id=38440&scanf=45866&charge=3&value=R.QALNNLQSTFSGFGFINSENVFK.V,RFC2,1.589e+6,3.486,0.001,3.128,0.000
45867,2,"  3.836","  0.731",18/32,/core/www/modules//sdig/index.php?run_id=110202&search_id=114132&scans_id=110198&peptide_id=38441&scanf=45867&charge=2&value=18/32,sp|P48643|TCPE_HUMAN,/core/www/modules//consensus/?run_id=110202&search_id=114132&scans_id=110198&peptide_id=38441&scanf=45867&charge=2&value=sp|P48643|TCPE_HUMAN,3,/core/www/modules/match_peptides/blast_html4.php?run_id=110202&search_id=114132&scans_id=110198&peptide_id=38441&scanf=45867&charge=2&value=3,R.WVGGPEIELIAIATGGR.I,/core/www/modules/show_out/show_out_wrapper.php?run_id=110202&search_id=114132&scans_id=110198&peptide_id=38441&scanf=45867&charge=2&value=R.WVGGPEIELIAIATGGR.I,CCT5,2.369e+6,3.707,0.000,3.455,0.000
45871,3,"  2.585","  0.384",13/84,/core/www/modules//sdig/index.php?run_id=110202&search_id=114132&scans_id=110198&peptide_id=38446&scanf=45871&charge=3&value=13/84,sp|P19338|NUCL_HUMAN,/core/www/modules//consensus/?run_id=110202&search_id=114132&scans_id=110198&peptide_id=38446&scanf=45871&charge=3&value=sp|P19338|NUCL_HUMAN,9,/core/www/modules/match_peptides/blast_html4.php?run_id=110202&search_id=114132&scans_id=110198&peptide_id=38446&scanf=45871&charge=3&value=9,K.TLVLSNLSYSATEETLQEVFEK.A,/core/www/modules/show_out/show_out_wrapper.php?run_id=110202&search_id=114132&scans_id=110198&peptide_id=38446&scanf=45871&charge=3&value=K.TLVLSNLSYSATEETLQEVFEK.A,NCL,9.128e+5,2.352,0.035,1.461,0.001
45874,2,"  1.933","  0.528",11/28,/core/www/modules//sdig/index.php?run_id=110202&search_id=114132&scans_id=110198&peptide_id=38449&scanf=45874&charge=2&value=11/28,sp|Q9UQR0|SCML2_HUMAN,/core/www/modules//consensus/?run_id=110202&search_id=114132&scans_id=110198&peptide_id=38449&scanf=45874&charge=2&value=sp|Q9UQR0|SCML2_HUMAN,0,/core/www/modules/match_peptides/blast_html4.php?run_id=110202&search_id=114132&scans_id=110198&peptide_id=38449&scanf=45874&charge=2&value=0,K.DPSTWSVDEVIQFMK.H,/core/www/modules/show_out/show_out_wrapper.php?run_id=110202&search_id=114132&scans_id=110198&peptide_id=38449&scanf=45874&charge=2&value=K.DPSTWSVDEVIQFMK.H,SCML2,9.210e+5,2.557,0.017,1.758,0.000
45879,4,"  4.792","  0.692",22/150,/core/www/modules//sdig/index.php?run_id=110202&search_id=114132&scans_id=110198&peptide_id=38453&scanf=45879&charge=4&value=22/150,sp|O75643|U520_HUMAN,/core/www/modules//consensus/?run_id=110202&search_id=114132&scans_id=110198&peptide_id=38453&scanf=45879&charge=4&value=sp|O75643|U520_HUMAN,1,/core/www/modules/match_peptides/blast_html4.php?run_id=110202&search_id=114132&scans_id=110198&peptide_id=38453&scanf=45879&charge=4&value=1,R.HLILPEKYPPPTELLDLQPLPVSALR.N,/core/www/modules/show_out/show_out_wrapper.php?run_id=110202&search_id=114132&scans_id=110198&peptide_id=38453&scanf=45879&charge=4&value=R.HLILPEKYPPPTELLDLQPLPVSALR.N,SNRNP200,2.667e+6,3.654,0.000,3.376,0.000
45883,3,"  3.879","  0.495",19/100,/core/www/modules//sdig/index.php?run_id=110202&search_id=114132&scans_id=110198&peptide_id=38458&scanf=45883&charge=3&value=19/100,sp|Q10567|AP1B1_HUMAN,/core/www/modules//consensus/?run_id=110202&search_id=114132&scans_id=110198&peptide_id=38458&scanf=45883&charge=3&value=sp|Q10567|AP1B1_HUMAN,1,/core/www/modules/match_peptides/blast_html4.php?run_id=110202&search_id=114132&scans_id=110198&peptide_id=38458&scanf=45883&charge=3&value=1,K.KPTETQELVQQVLSLATQDSDNPDLR.D,/core/www/modules/show_out/show_out_wrapper.php?run_id=110202&search_id=114132&scans_id=110198&peptide_id=38458&scanf=45883&charge=3&value=K.KPTETQELVQQVLSLATQDSDNPDLR.D,AP1B1,6.513e+5,2.581,0.016,1.793,0.000
45884,4,"  4.049","  0.612",19/114,/core/www/modules//sdig/index.php?run_id=110202&search_id=114132&scans_id=110198&peptide_id=38459&scanf=45884&charge=4&value=19/114,sp|P50613|CDK7_HUMAN,/core/www/modules//consensus/?run_id=110202&search_id=114132&scans_id=110198&peptide_id=38459&scanf=45884&charge=4&value=sp|P50613|CDK7_HUMAN,1,/core/www/modules/match_peptides/blast_html4.php?run_id=110202&search_id=114132&scans_id=110198&peptide_id=38459&scanf=45884&charge=4&value=1,K.LLQELSHPNIIGLLDAFGHK.S,/core/www/modules/show_out/show_out_wrapper.php?run_id=110202&search_id=114132&scans_id=110198&peptide_id=38459&scanf=45884&charge=4&value=K.LLQELSHPNIIGLLDAFGHK.S,CDK7,1.905e+6,3.598,0.001,3.294,0.000
45904,3,"  4.383","  0.561",16/84,/core/www/modules//sdig/index.php?run_id=110202&search_id=114132&scans_id=110198&peptide_id=38480&scanf=45904&charge=3&value=16/84,sp|P42166|LAP2A_HUMAN,/core/www/modules//consensus/?run_id=110202&search_id=114132&scans_id=110198&peptide_id=38480&scanf=45904&charge=3&value=sp|P42166|LAP2A_HUMAN,0,/core/www/modules/match_peptides/blast_html4.php?run_id=110202&search_id=114132&scans_id=110198&peptide_id=38480&scanf=45904&charge=3&value=0,R.DSGSFVAFQNIPGSELMSSFAK.T,/core/www/modules/show_out/show_out_wrapper.php?run_id=110202&search_id=114132&scans_id=110198&peptide_id=38480&scanf=45904&charge=3&value=R.DSGSFVAFQNIPGSELMSSFAK.T,TMPO,5.910e+6,3.054,0.003,2.488,0.000
45908,2,"  2.142","  0.500",10/32,/core/www/modules//sdig/index.php?run_id=110202&search_id=114132&scans_id=110198&peptide_id=38484&scanf=45908&charge=2&value=10/32,sp|Q9H1A4|APC1_HUMAN,/core/www/modules//consensus/?run_id=110202&search_id=114132&scans_id=110198&peptide_id=38484&scanf=45908&charge=2&value=sp|Q9H1A4|APC1_HUMAN,0,/core/www/modules/match_peptides/blast_html4.php?run_id=110202&search_id=114132&scans_id=110198&peptide_id=38484&scanf=45908&charge=2&value=0,K.DYIASLPFQVANVWPTK.Y,/core/www/modules/show_out/show_out_wrapper.php?run_id=110202&search_id=114132&scans_id=110198&peptide_id=38484&scanf=45908&charge=2&value=K.DYIASLPFQVANVWPTK.Y,ANAPC1,4.251e+5,2.556,0.018,1.756,0.000
45910,3,"  2.122","  0.362",11/40,/core/www/modules//sdig/index.php?run_id=110202&search_id=114132&scans_id=110198&peptide_id=38487&scanf=45910&charge=3&value=11/40,sp|P60709|ACTB_HUMAN,/core/www/modules//consensus/?run_id=110202&search_id=114132&scans_id=110198&peptide_id=38487&scanf=45910&charge=3&value=sp|P60709|ACTB_HUMAN,25,/core/www/modules/match_peptides/blast_html4.php?run_id=110202&search_id=114132&scans_id=110198&peptide_id=38487&scanf=45910&charge=3&value=25,K.IWHHTFYNELR.V,/core/www/modules/show_out/show_out_wrapper.php?run_id=110202&search_id=114132&scans_id=110198&peptide_id=38487&scanf=45910&charge=3&value=K.IWHHTFYNELR.V,ACTB,7.202e+5,3.265,0.002,2.800,0.000
45921,3,"  5.561","  0.678",26/88,/core/www/modules//sdig/index.php?run_id=110202&search_id=114132&scans_id=110198&peptide_id=38498&scanf=45921&charge=3&value=26/88,sp|P35250|RFC2_HUMAN,/core/www/modules//consensus/?run_id=110202&search_id=114132&scans_id=110198&peptide_id=38498&scanf=45921&charge=3&value=sp|P35250|RFC2_HUMAN,3,/core/www/modules/match_peptides/blast_html4.php?run_id=110202&search_id=114132&scans_id=110198&peptide_id=38498&scanf=45921&charge=3&value=3,R.QALNNLQSTFSGFGFINSENVFK.V,/core/www/modules/show_out/show_out_wrapper.php?run_id=110202&search_id=114132&scans_id=110198&peptide_id=38498&scanf=45921&charge=3&value=R.QALNNLQSTFSGFGFINSENVFK.V,RFC2,1.589e+6,3.544,0.001,3.214,0.000
45923,2,"  3.274","  0.673",14/28,/core/www/modules//sdig/index.php?run_id=110202&search_id=114132&scans_id=110198&peptide_id=38500&scanf=45923&charge=2&value=14/28,sp|Q9Y3C1|NOP16_HUMAN,/core/www/modules//consensus/?run_id=110202&search_id=114132&scans_id=110198&peptide_id=38500&scanf=45923&charge=2&value=sp|Q9Y3C1|NOP16_HUMAN,0,/core/www/modules/match_peptides/blast_html4.php?run_id=110202&search_id=114132&scans_id=110198&peptide_id=38500&scanf=45923&charge=2&value=0,R.FYPAEWQDFLDSLQK.R,/core/www/modules/show_out/show_out_wrapper.php?run_id=110202&search_id=114132&scans_id=110198&peptide_id=38500&scanf=45923&charge=2&value=R.FYPAEWQDFLDSLQK.R,NOP16,9.866e+5,3.498,0.001,3.145,0.000
45932,3,"  3.802","  0.609",21/84,/core/www/modules//sdig/index.php?run_id=110202&search_id=114132&scans_id=110198&peptide_id=38510&scanf=45932&charge=3&value=21/84,sp|P63010|AP2B1_HUMAN,/core/www/modules//consensus/?run_id=110202&search_id=114132&scans_id=110198&peptide_id=38510&scanf=45932&charge=3&value=sp|P63010|AP2B1_HUMAN,4,/core/www/modules/match_peptides/blast_html4.php?run_id=110202&search_id=114132&scans_id=110198&peptide_id=38510&scanf=45932&charge=3&value=4,K.KLAPPLVTLLSGEPEVQYVALR.N,/core/www/modules/show_out/show_out_wrapper.php?run_id=110202&search_id=114132&scans_id=110198&peptide_id=38510&scanf=45932&charge=3&value=K.KLAPPLVTLLSGEPEVQYVALR.N,AP2B1,1.001e+6,2.971,0.004,2.365,0.000
45933,3,"  3.061","  0.541",13/64,/core/www/modules//sdig/index.php?run_id=110202&search_id=114132&scans_id=110198&peptide_id=38511&scanf=45933&charge=3&value=13/64,sp|P60953|CDC42_HUMAN,/core/www/modules//consensus/?run_id=110202&search_id=114132&scans_id=110198&peptide_id=38511&scanf=45933&charge=3&value=sp|P60953|CDC42_HUMAN,0,/core/www/modules/match_peptides/blast_html4.php?run_id=110202&search_id=114132&scans_id=110198&peptide_id=38511&scanf=45933&charge=3&value=0,K.NVFDEAILAALEPPEPK.K,/core/www/modules/show_out/show_out_wrapper.php?run_id=110202&search_id=114132&scans_id=110198&peptide_id=38511&scanf=45933&charge=3&value=K.NVFDEAILAALEPPEPK.K,CDC42,1.845e+7,2.990,0.004,2.393,0.000
45934,3,"  3.435","  0.526",8/76,/core/www/modules//sdig/index.php?run_id=110202&search_id=114132&scans_id=110198&peptide_id=38512&scanf=45934&charge=3&value=8/76,sp|O76021|RL1D1_HUMAN,/core/www/modules//consensus/?run_id=110202&search_id=114132&scans_id=110198&peptide_id=38512&scanf=45934&charge=3&value=sp|O76021|RL1D1_HUMAN,2,/core/www/modules/match_peptides/blast_html4.php?run_id=110202&search_id=114132&scans_id=110198&peptide_id=38512&scanf=45934&charge=3&value=2,K.SAALPIFSSFVSNWDEATKR.S,/core/www/modules/show_out/show_out_wrapper.php?run_id=110202&search_id=114132&scans_id=110198&peptide_id=38512&scanf=45934&charge=3&value=K.SAALPIFSSFVSNWDEATKR.S,RSL1D1,4.742e+5,2.564,0.017,1.768,0.000
45937,2,"  3.591","  0.634",14/28,/core/www/modules//sdig/index.php?run_id=110202&search_id=114132&scans_id=110198&peptide_id=38515&scanf=45937&charge=2&value=14/28,sp|Q9BQG0|MBB1A_HUMAN,/core/www/modules//consensus/?run_id=110202&search_id=114132&scans_id=110198&peptide_id=38515&scanf=45937&charge=2&value=sp|Q9BQG0|MBB1A_HUMAN,1,/core/www/modules/match_peptides/blast_html4.php?run_id=110202&search_id=114132&scans_id=110198&peptide_id=38515&scanf=45937&charge=2&value=1,R.FLSPPALQGYVAWLR.A,/core/www/modules/show_out/show_out_wrapper.php?run_id=110202&search_id=114132&scans_id=110198&peptide_id=38515&scanf=45937&charge=2&value=R.FLSPPALQGYVAWLR.A,MYBBP1A,5.351e+6,3.532,0.001,3.196,0.000
45939,2,"  1.791","  0.439",7/22,/core/www/modules//sdig/index.php?run_id=110202&search_id=114132&scans_id=110198&peptide_id=38517&scanf=45939&charge=2&value=7/22,sp|Q92841|DDX17_HUMAN,/core/www/modules//consensus/?run_id=110202&search_id=114132&scans_id=110198&peptide_id=38517&scanf=45939&charge=2&value=sp|Q92841|DDX17_HUMAN,2,/core/www/modules/match_peptides/blast_html4.php?run_id=110202&search_id=114132&scans_id=110198&peptide_id=38517&scanf=45939&charge=2&value=2,K.LIQLMEEIMAEK.E,/core/www/modules/show_out/show_out_wrapper.php?run_id=110202&search_id=114132&scans_id=110198&peptide_id=38517&scanf=45939&charge=2&value=K.LIQLMEEIMAEK.E,DDX17,4.327e+5,2.497,0.021,1.670,0.001
45943,3,"  4.608","  0.565",19/64,/core/www/modules//sdig/index.php?run_id=110202&search_id=114132&scans_id=110198&peptide_id=38521&scanf=45943&charge=3&value=19/64,sp|Q15050|RRS1_HUMAN,/core/www/modules//consensus/?run_id=110202&search_id=114132&scans_id=110198&peptide_id=38521&scanf=45943&charge=3&value=sp|Q15050|RRS1_HUMAN,0,/core/www/modules/match_peptides/blast_html4.php?run_id=110202&search_id=114132&scans_id=110198&peptide_id=38521&scanf=45943&charge=3&value=0,R.DNTQLLINQLWQLPTER.V,/core/www/modules/show_out/show_out_wrapper.php?run_id=110202&search_id=114132&scans_id=110198&peptide_id=38521&scanf=45943&charge=3&value=R.DNTQLLINQLWQLPTER.V,RRS1,5.006e+7,3.349,0.001,2.925,0.000
45944,3,"  3.667","  0.441",11/72,/core/www/modules//sdig/index.php?run_id=110202&search_id=114132&scans_id=110198&peptide_id=38522&scanf=45944&charge=3&value=11/72,sp|P53990|IST1_HUMAN,/core/www/modules//consensus/?run_id=110202&search_id=114132&scans_id=110198&peptide_id=38522&scanf=45944&charge=3&value=sp|P53990|IST1_HUMAN,5,/core/www/modules/match_peptides/blast_html4.php?run_id=110202&search_id=114132&scans_id=110198&peptide_id=38522&scanf=45944&charge=3&value=5,K.ELDSGLAESVSTLIWAAPR.L,/core/www/modules/show_out/show_out_wrapper.php?run_id=110202&search_id=114132&scans_id=110198&peptide_id=38522&scanf=45944&charge=3&value=K.ELDSGLAESVSTLIWAAPR.L,IST1,1.215e+6,2.584,0.016,1.796,0.000
45945,3,"  5.074","  0.560",17/100,/core/www/modules//sdig/index.php?run_id=110202&search_id=114132&scans_id=110198&peptide_id=38523&scanf=45945&charge=3&value=17/100,sp|Q16698|DECR_HUMAN,/core/www/modules//consensus/?run_id=110202&search_id=114132&scans_id=110198&peptide_id=38523&scanf=45945&charge=3&value=sp|Q16698|DECR_HUMAN,1,/core/www/modules/match_peptides/blast_html4.php?run_id=110202&search_id=114132&scans_id=110198&peptide_id=38523&scanf=45945&charge=3&value=1,K.GAAFLSITTIYAETGSGFVVPSASAK.A,/core/www/modules/show_out/show_out_wrapper.php?run_id=110202&search_id=114132&scans_id=110198&peptide_id=38523&scanf=45945&charge=3&value=K.GAAFLSITTIYAETGSGFVVPSASAK.A,DECR1,1.090e+6,2.878,0.006,2.228,0.000
45949,3,"  4.180","  0.664",18/72,/core/www/modules//sdig/index.php?run_id=110202&search_id=114132&scans_id=110198&peptide_id=38527&scanf=45949&charge=3&value=18/72,sp|P43686|PRS6B_HUMAN,/core/www/modules//consensus/?run_id=110202&search_id=114132&scans_id=110198&peptide_id=38527&scanf=45949&charge=3&value=sp|P43686|PRS6B_HUMAN,0,/core/www/modules/match_peptides/blast_html4.php?run_id=110202&search_id=114132&scans_id=110198&peptide_id=38527&scanf=45949&charge=3&value=0,R.ILLELLNQMDGFDQNVNVK.V,/core/www/modules/show_out/show_out_wrapper.php?run_id=110202&search_id=114132&scans_id=110198&peptide_id=38527&scanf=45949&charge=3&value=R.ILLELLNQMDGFDQNVNVK.V,PSMC4,5.327e+6,3.550,0.001,3.223,0.000
45953,3,"  3.426","  0.581",20/80,/core/www/modules//sdig/index.php?run_id=110202&search_id=114132&scans_id=110198&peptide_id=38532&scanf=45953&charge=3&value=20/80,sp|Q9Y2Z4|SYYM_HUMAN,/core/www/modules//consensus/?run_id=110202&search_id=114132&scans_id=110198&peptide_id=38532&scanf=45953&charge=3&value=sp|Q9Y2Z4|SYYM_HUMAN,1,/core/www/modules/match_peptides/blast_html4.php?run_id=110202&search_id=114132&scans_id=110198&peptide_id=38532&scanf=45953&charge=3&value=1,K.LTGEDVFGITVPLITSTTGAK.L,/core/www/modules/show_out/show_out_wrapper.php?run_id=110202&search_id=114132&scans_id=110198&peptide_id=38532&scanf=45953&charge=3&value=K.LTGEDVFGITVPLITSTTGAK.L,YARS2,5.025e+6,3.080,0.003,2.527,0.000
45955,2,"  6.055","  0.807",24/42,/core/www/modules//sdig/index.php?run_id=110202&search_id=114132&scans_id=110198&peptide_id=38534&scanf=45955&charge=2&value=24/42,sp|P42166|LAP2A_HUMAN,/core/www/modules//consensus/?run_id=110202&search_id=114132&scans_id=110198&peptide_id=38534&scanf=45955&charge=2&value=sp|P42166|LAP2A_HUMAN,0,/core/www/modules/match_peptides/blast_html4.php?run_id=110202&search_id=114132&scans_id=110198&peptide_id=38534&scanf=45955&charge=2&value=0,R.DSGSFVAFQNIPGSELMSSFAK.T,/core/www/modules/show_out/show_out_wrapper.php?run_id=110202&search_id=114132&scans_id=110198&peptide_id=38534&scanf=45955&charge=2&value=R.DSGSFVAFQNIPGSELMSSFAK.T,TMPO,1.504e+6,4.022,0.000,3.921,0.000
45960,2,"  4.018","  0.764",20/40,/core/www/modules//sdig/index.php?run_id=110202&search_id=114132&scans_id=110198&peptide_id=38540&scanf=45960&charge=2&value=20/40,sp|P30101|PDIA3_HUMAN,/core/www/modules//consensus/?run_id=110202&search_id=114132&scans_id=110198&peptide_id=38540&scanf=45960&charge=2&value=sp|P30101|PDIA3_HUMAN,11,/core/www/modules/match_peptides/blast_html4.php?run_id=110202&search_id=114132&scans_id=110198&peptide_id=38540&scanf=45960&charge=2&value=11,K.DASIVGFFDDSFSEAHSEFLK.A,/core/www/modules/show_out/show_out_wrapper.php?run_id=110202&search_id=114132&scans_id=110198&peptide_id=38540&scanf=45960&charge=2&value=K.DASIVGFFDDSFSEAHSEFLK.A,PDIA3,5.057e+5,3.723,0.000,3.478,0.000
45962,3,"  6.006","  0.743",24/88,/core/www/modules//sdig/index.php?run_id=110202&search_id=114132&scans_id=110198&peptide_id=38541&scanf=45962&charge=3&value=24/88,sp|P42285|MTREX_HUMAN,/core/www/modules//consensus/?run_id=110202&search_id=114132&scans_id=110198&peptide_id=38541&scanf=45962&charge=3&value=sp|P42285|MTREX_HUMAN,0,/core/www/modules/match_peptides/blast_html4.php?run_id=110202&search_id=114132&scans_id=110198&peptide_id=38541&scanf=45962&charge=3&value=0,K.RFPDGIPLLDPIDDMGIQDQGLK.K,/core/www/modules/show_out/show_out_wrapper.php?run_id=110202&search_id=114132&scans_id=110198&peptide_id=38541&scanf=45962&charge=3&value=K.RFPDGIPLLDPIDDMGIQDQGLK.K,MTREX,6.271e+6,3.564,0.001,3.242,0.000
45967,3,"  5.447","  0.641",23/116,/core/www/modules//sdig/index.php?run_id=110202&search_id=114132&scans_id=110198&peptide_id=38546&scanf=45967&charge=3&value=23/116,sp|Q9UIF9|BAZ2A_HUMAN,/core/www/modules//consensus/?run_id=110202&search_id=114132&scans_id=110198&peptide_id=38546&scanf=45967&charge=3&value=sp|Q9UIF9|BAZ2A_HUMAN,3,/core/www/modules/match_peptides/blast_html4.php?run_id=110202&search_id=114132&scans_id=110198&peptide_id=38546&scanf=45967&charge=3&value=3,K.DVSSFLETTADVEEITGEGLTASGSGDVMR.R,/core/www/modules/show_out/show_out_wrapper.php?run_id=110202&search_id=114132&scans_id=110198&peptide_id=38546&scanf=45967&charge=3&value=K.DVSSFLETTADVEEITGEGLTASGSGDVMR.R,BAZ2A,8.592e+5,3.090,0.003,2.542,0.000
45970,2,"  4.262","  0.688",16/32,/core/www/modules//sdig/index.php?run_id=110202&search_id=114132&scans_id=110198&peptide_id=38550&scanf=45970&charge=2&value=16/32,sp|Q15050|RRS1_HUMAN,/core/www/modules//consensus/?run_id=110202&search_id=114132&scans_id=110198&peptide_id=38550&scanf=45970&charge=2&value=sp|Q15050|RRS1_HUMAN,0,/core/www/modules/match_peptides/blast_html4.php?run_id=110202&search_id=114132&scans_id=110198&peptide_id=38550&scanf=45970&charge=2&value=0,R.DNTQLLINQLWQLPTER.V,/core/www/modules/show_out/show_out_wrapper.php?run_id=110202&search_id=114132&scans_id=110198&peptide_id=38550&scanf=45970&charge=2&value=R.DNTQLLINQLWQLPTER.V,RRS1,1.339e+7,3.635,0.000,3.348,0.000
45972,3,"  3.074","  0.469",12/72,/core/www/modules//sdig/index.php?run_id=110202&search_id=114132&scans_id=110198&peptide_id=38552&scanf=45972&charge=3&value=12/72,sp|P13674|P4HA1_HUMAN,/core/www/modules//consensus/?run_id=110202&search_id=114132&scans_id=110198&peptide_id=38552&scanf=45972&charge=3&value=sp|P13674|P4HA1_HUMAN,0,/core/www/modules/match_peptides/blast_html4.php?run_id=110202&search_id=114132&scans_id=110198&peptide_id=38552&scanf=45972&charge=3&value=0,K.VSVLDYLSYAVYQQGDLDK.A,/core/www/modules/show_out/show_out_wrapper.php?run_id=110202&search_id=114132&scans_id=110198&peptide_id=38552&scanf=45972&charge=3&value=K.VSVLDYLSYAVYQQGDLDK.A,P4HA1,7.209e+5,2.596,0.015,1.814,0.000
45978,2,"  1.000","  0.112",9/18,/core/www/modules//sdig/index.php?run_id=110202&search_id=114132&scans_id=110198&peptide_id=38558&scanf=45978&charge=2&value=9/18,sp|P60709|ACTB_HUMAN,/core/www/modules//consensus/?run_id=110202&search_id=114132&scans_id=110198&peptide_id=38558&scanf=45978&charge=2&value=sp|P60709|ACTB_HUMAN,33,/core/www/modules/match_peptides/blast_html4.php?run_id=110202&search_id=114132&scans_id=110198&peptide_id=38558&scanf=45978&charge=2&value=33,K.AGFAGDDAPR.A,/core/www/modules/show_out/show_out_wrapper.php?run_id=110202&search_id=114132&scans_id=110198&peptide_id=38558&scanf=45978&charge=2&value=K.AGFAGDDAPR.A,ACTB,4.079e+5,2.303,0.041,1.390,0.001
45983,2,"  2.689","  0.551",15/26,/core/www/modules//sdig/index.php?run_id=110202&search_id=114132&scans_id=110198&peptide_id=38563&scanf=45983&charge=2&value=15/26,sp|P43243|MATR3_HUMAN,/core/www/modules//consensus/?run_id=110202&search_id=114132&scans_id=110198&peptide_id=38563&scanf=45983&charge=2&value=sp|P43243|MATR3_HUMAN,4,/core/www/modules/match_peptides/blast_html4.php?run_id=110202&search_id=114132&scans_id=110198&peptide_id=38563&scanf=45983&charge=2&value=4,K.ITPENLPQILLQLK.R,/core/www/modules/show_out/show_out_wrapper.php?run_id=110202&search_id=114132&scans_id=110198&peptide_id=38563&scanf=45983&charge=2&value=K.ITPENLPQILLQLK.R,MATR3,2.262e+7,3.300,0.001,2.851,0.000
45984,2,"  2.732","  0.456",12/18,/core/www/modules//sdig/index.php?run_id=110202&search_id=114132&scans_id=110198&peptide_id=38564&scanf=45984&charge=2&value=12/18,sp|P08670|VIME_HUMAN,/core/www/modules//consensus/?run_id=110202&search_id=114132&scans_id=110198&peptide_id=38564&scanf=45984&charge=2&value=sp|P08670|VIME_HUMAN,2,/core/www/modules/match_peptides/blast_html4.php?run_id=110202&search_id=114132&scans_id=110198&peptide_id=38564&scanf=45984&charge=2&value=2,K.ILLAELEQLK.G,/core/www/modules/show_out/show_out_wrapper.php?run_id=110202&search_id=114132&scans_id=110198&peptide_id=38564&scanf=45984&charge=2&value=K.ILLAELEQLK.G,VIM,2.375e+9,3.670,0.000,3.400,0.000
45987,3,"  7.657","  0.676",28/88,/core/www/modules//sdig/index.php?run_id=110202&search_id=114132&scans_id=110198&peptide_id=38567&scanf=45987&charge=3&value=28/88,sp|Q03701|CEBPZ_HUMAN,/core/www/modules//consensus/?run_id=110202&search_id=114132&scans_id=110198&peptide_id=38567&scanf=45987&charge=3&value=sp|Q03701|CEBPZ_HUMAN,1,/core/www/modules/match_peptides/blast_html4.php?run_id=110202&search_id=114132&scans_id=110198&peptide_id=38567&scanf=45987&charge=3&value=1,K.KGAIDDLQQGELEAFIQNLNLAK.Y,/core/www/modules/show_out/show_out_wrapper.php?run_id=110202&search_id=114132&scans_id=110198&peptide_id=38567&scanf=45987&charge=3&value=K.KGAIDDLQQGELEAFIQNLNLAK.Y,CEBPZ,1.004e+6,3.439,0.001,3.058,0.000
45990,3,"  2.495","  0.125",7/68,/core/www/modules//sdig/index.php?run_id=110202&search_id=114132&scans_id=110198&peptide_id=38571&scanf=45990&charge=3&value=7/68,sp|P60709|ACTB_HUMAN,/core/www/modules//consensus/?run_id=110202&search_id=114132&scans_id=110198&peptide_id=38571&scanf=45990&charge=3&value=sp|P60709|ACTB_HUMAN,14,/core/www/modules/match_peptides/blast_html4.php?run_id=110202&search_id=114132&scans_id=110198&peptide_id=38571&scanf=45990&charge=3&value=14,R.VAPEEHPVLLTEAPLNPK.A,/core/www/modules/show_out/show_out_wrapper.php?run_id=110202&search_id=114132&scans_id=110198&peptide_id=38571&scanf=45990&charge=3&value=R.VAPEEHPVLLTEAPLNPK.A,ACTB,8.378e+5,2.050,0.091,1.039,0.004
45993,2,"  4.606","  0.690",23/30,/core/www/modules//sdig/index.php?run_id=110202&search_id=114132&scans_id=110198&peptide_id=38574&scanf=45993&charge=2&value=23/30,sp|O75533|SF3B1_HUMAN,/core/www/modules//consensus/?run_id=110202&search_id=114132&scans_id=110198&peptide_id=38574&scanf=45993&charge=2&value=sp|O75533|SF3B1_HUMAN,1,/core/www/modules/match_peptides/blast_html4.php?run_id=110202&search_id=114132&scans_id=110198&peptide_id=38574&scanf=45993&charge=2&value=1,K.AIGPHDVLATLLNNLK.V,/core/www/modules/show_out/show_out_wrapper.php?run_id=110202&search_id=114132&scans_id=110198&peptide_id=38574&scanf=45993&charge=2&value=K.AIGPHDVLATLLNNLK.V,SF3B1,2.458e+6,4.201,0.000,4.188,0.000
45994,3,"  4.898","  0.666",18/80,/core/www/modules//sdig/index.php?run_id=110202&search_id=114132&scans_id=110198&peptide_id=38575&scanf=45994&charge=3&value=18/80,sp|Q12824|SNF5_HUMAN,/core/www/modules//consensus/?run_id=110202&search_id=114132&scans_id=110198&peptide_id=38575&scanf=45994&charge=3&value=sp|Q12824|SNF5_HUMAN,6,/core/www/modules/match_peptides/blast_html4.php?run_id=110202&search_id=114132&scans_id=110198&peptide_id=38575&scanf=45994&charge=3&value=6,K.FQLEDDGEFYMIGSEVGNYLR.M,/core/www/modules/show_out/show_out_wrapper.php?run_id=110202&search_id=114132&scans_id=110198&peptide_id=38575&scanf=45994&charge=3&value=K.FQLEDDGEFYMIGSEVGNYLR.M,SMARCB1,1.434e+6,3.489,0.001,3.132,0.000
45997,3,"  4.124","  0.639",18/56,/core/www/modules//sdig/index.php?run_id=110202&search_id=114132&scans_id=110198&peptide_id=38578&scanf=45997&charge=3&value=18/56,sp|Q9BQG0|MBB1A_HUMAN,/core/www/modules//consensus/?run_id=110202&search_id=114132&scans_id=110198&peptide_id=38578&scanf=45997&charge=3&value=sp|Q9BQG0|MBB1A_HUMAN,1,/core/www/modules/match_peptides/blast_html4.php?run_id=110202&search_id=114132&scans_id=110198&peptide_id=38578&scanf=45997&charge=3&value=1,R.FLSPPALQGYVAWLR.A,/core/www/modules/show_out/show_out_wrapper.php?run_id=110202&search_id=114132&scans_id=110198&peptide_id=38578&scanf=45997&charge=3&value=R.FLSPPALQGYVAWLR.A,MYBBP1A,3.968e+6,3.806,0.000,3.602,0.000
45999,3,"  4.391","  0.629",17/92,/core/www/modules//sdig/index.php?run_id=110202&search_id=114132&scans_id=110198&peptide_id=38580&scanf=45999&charge=3&value=17/92,sp|Q8WWQ0|PHIP_HUMAN,/core/www/modules//consensus/?run_id=110202&search_id=114132&scans_id=110198&peptide_id=38580&scanf=45999&charge=3&value=sp|Q8WWQ0|PHIP_HUMAN,5,/core/www/modules/match_peptides/blast_html4.php?run_id=110202&search_id=114132&scans_id=110198&peptide_id=38580&scanf=45999&charge=3&value=5,R.LGPLLEQEIPQSVPGVQTLLGAGR.Q,/core/www/modules/show_out/show_out_wrapper.php?run_id=110202&search_id=114132&scans_id=110198&peptide_id=38580&scanf=45999&charge=3&value=R.LGPLLEQEIPQSVPGVQTLLGAGR.Q,PHIP,9.631e+6,3.159,0.002,2.643,0.000
46004,2,"  1.881","  0.172",10/16,/core/www/modules//sdig/index.php?run_id=110202&search_id=114132&scans_id=110198&peptide_id=38585&scanf=46004&charge=2&value=10/16,sp|O60814|H2B1K_HUMAN,/core/www/modules//consensus/?run_id=110202&search_id=114132&scans_id=110198&peptide_id=38585&scanf=46004&charge=2&value=sp|O60814|H2B1K_HUMAN,16,/core/www/modules/match_peptides/blast_html4.php?run_id=110202&search_id=114132&scans_id=110198&peptide_id=38585&scanf=46004&charge=2&value=16,R.LLLPGELAK.H,/core/www/modules/show_out/show_out_wrapper.php?run_id=110202&search_id=114132&scans_id=110198&peptide_id=38585&scanf=46004&charge=2&value=R.LLLPGELAK.H,H2BC12,4.487e+9,2.402,0.029,1.532,0.001
46005,3,"  3.834","  0.565",20/84,/core/www/modules//sdig/index.php?run_id=110202&search_id=114132&scans_id=110198&peptide_id=38586&scanf=46005&charge=3&value=20/84,sp|P63010|AP2B1_HUMAN,/core/www/modules//consensus/?run_id=110202&search_id=114132&scans_id=110198&peptide_id=38586&scanf=46005&charge=3&value=sp|P63010|AP2B1_HUMAN,4,/core/www/modules/match_peptides/blast_html4.php?run_id=110202&search_id=114132&scans_id=110198&peptide_id=38586&scanf=46005&charge=3&value=4,K.KLAPPLVTLLSGEPEVQYVALR.N,/core/www/modules/show_out/show_out_wrapper.php?run_id=110202&search_id=114132&scans_id=110198&peptide_id=38586&scanf=46005&charge=3&value=K.KLAPPLVTLLSGEPEVQYVALR.N,AP2B1,1.001e+6,2.806,0.008,2.122,0.000
46015,3,"  2.629","  0.523",16/76,/core/www/modules//sdig/index.php?run_id=110202&search_id=114132&scans_id=110198&peptide_id=38597&scanf=46015&charge=3&value=16/76,sp|Q96AB3|ISOC2_HUMAN,/core/www/modules//consensus/?run_id=110202&search_id=114132&scans_id=110198&peptide_id=38597&scanf=46015&charge=3&value=sp|Q96AB3|ISOC2_HUMAN,0,/core/www/modules/match_peptides/blast_html4.php?run_id=110202&search_id=114132&scans_id=110198&peptide_id=38597&scanf=46015&charge=3&value=0,K.EPAPDSGLLGLFQGQNSLLH.-,/core/www/modules/show_out/show_out_wrapper.php?run_id=110202&search_id=114132&scans_id=110198&peptide_id=38597&scanf=46015&charge=3&value=K.EPAPDSGLLGLFQGQNSLLH.-,ISOC2,2.977e+5,2.772,0.008,2.072,0.000
46020,3,"  1.718","  0.360",9/52,/core/www/modules//sdig/index.php?run_id=110202&search_id=114132&scans_id=110198&peptide_id=38603&scanf=46020&charge=3&value=9/52,sp|P40937|RFC5_HUMAN,/core/www/modules//consensus/?run_id=110202&search_id=114132&scans_id=110198&peptide_id=38603&scanf=46020&charge=3&value=sp|P40937|RFC5_HUMAN,0,/core/www/modules/match_peptides/blast_html4.php?run_id=110202&search_id=114132&scans_id=110198&peptide_id=38603&scanf=46020&charge=3&value=0,K.IQLSSLIAAFQVTR.D,/core/www/modules/show_out/show_out_wrapper.php?run_id=110202&search_id=114132&scans_id=110198&peptide_id=38603&scanf=46020&charge=3&value=K.IQLSSLIAAFQVTR.D,RFC5,8.368e+5,2.446,0.025,1.596,0.001
46025,2,"  3.626","  0.673",15/26,/core/www/modules//sdig/index.php?run_id=110202&search_id=114132&scans_id=110198&peptide_id=38607&scanf=46025&charge=2&value=15/26,sp|P53621|COPA_HUMAN,/core/www/modules//consensus/?run_id=110202&search_id=114132&scans_id=110198&peptide_id=38607&scanf=46025&charge=2&value=sp|P53621|COPA_HUMAN,4,/core/www/modules/match_peptides/blast_html4.php?run_id=110202&search_id=114132&scans_id=110198&peptide_id=38607&scanf=46025&charge=2&value=4,R.SILLSVPLLVVDNK.Q,/core/www/modules/show_out/show_out_wrapper.php?run_id=110202&search_id=114132&scans_id=110198&peptide_id=38607&scanf=46025&charge=2&value=R.SILLSVPLLVVDNK.Q,COPA,8.759e+6,3.812,0.000,3.611,0.000
46027,4,"  5.434","  0.509",20/162,/core/www/modules//sdig/index.php?run_id=110202&search_id=114132&scans_id=110198&peptide_id=38609&scanf=46027&charge=4&value=20/162,sp|O43707|ACTN4_HUMAN,/core/www/modules//consensus/?run_id=110202&search_id=114132&scans_id=110198&peptide_id=38609&scanf=46027&charge=4&value=sp|O43707|ACTN4_HUMAN,3,/core/www/modules/match_peptides/blast_html4.php?run_id=110202&search_id=114132&scans_id=110198&peptide_id=38609&scanf=46027&charge=4&value=3,R.SIVDYKPNLDLLEQQHQLIQEALIFDNK.H,/core/www/modules/show_out/show_out_wrapper.php?run_id=110202&search_id=114132&scans_id=110198&peptide_id=38609&scanf=46027&charge=4&value=R.SIVDYKPNLDLLEQQHQLIQEALIFDNK.H,ACTN4,2.046e+7,3.355,0.001,2.933,0.000
46035,3,"  2.901","  0.395",14/80,/core/www/modules//sdig/index.php?run_id=110202&search_id=114132&scans_id=110198&peptide_id=38617&scanf=46035&charge=3&value=14/80,sp|P49792|RBP2_HUMAN,/core/www/modules//consensus/?run_id=110202&search_id=114132&scans_id=110198&peptide_id=38617&scanf=46035&charge=3&value=sp|P49792|RBP2_HUMAN,2,/core/www/modules/match_peptides/blast_html4.php?run_id=110202&search_id=114132&scans_id=110198&peptide_id=38617&scanf=46035&charge=3&value=2,K.EMLNSVMQELEDYSEGGPLYK.N,/core/www/modules/show_out/show_out_wrapper.php?run_id=110202&search_id=114132&scans_id=110198&peptide_id=38617&scanf=46035&charge=3&value=K.EMLNSVMQELEDYSEGGPLYK.N,RANBP2,4.103e+6,2.398,0.030,1.527,0.001
46038,3,"  2.637","  0.612",12/60,/core/www/modules//sdig/index.php?run_id=110202&search_id=114132&scans_id=110198&peptide_id=38620&scanf=46038&charge=3&value=12/60,sp|Q6ZRP7|QSOX2_HUMAN,/core/www/modules//consensus/?run_id=110202&search_id=114132&scans_id=110198&peptide_id=38620&scanf=46038&charge=3&value=sp|Q6ZRP7|QSOX2_HUMAN,0,/core/www/modules/match_peptides/blast_html4.php?run_id=110202&search_id=114132&scans_id=110198&peptide_id=38620&scanf=46038&charge=3&value=0,R.LDPIQPSDVLSLLDNR.G,/core/www/modules/show_out/show_out_wrapper.php?run_id=110202&search_id=114132&scans_id=110198&peptide_id=38620&scanf=46038&charge=3&value=R.LDPIQPSDVLSLLDNR.G,QSOX2,5.746e+5,3.246,0.002,2.771,0.000
46040,3,"  2.980","  0.552",16/80,/core/www/modules//sdig/index.php?run_id=110202&search_id=114132&scans_id=110198&peptide_id=38623&scanf=46040&charge=3&value=16/80,sp|P55809|SCOT1_HUMAN,/core/www/modules//consensus/?run_id=110202&search_id=114132&scans_id=110198&peptide_id=38623&scanf=46040&charge=3&value=sp|P55809|SCOT1_HUMAN,0,/core/www/modules/match_peptides/blast_html4.php?run_id=110202&search_id=114132&scans_id=110198&peptide_id=38623&scanf=46040&charge=3&value=0,K.GLTAVSNNAGVDNFGLGLLLR.S,/core/www/modules/show_out/show_out_wrapper.php?run_id=110202&search_id=114132&scans_id=110198&peptide_id=38623&scanf=46040&charge=3&value=K.GLTAVSNNAGVDNFGLGLLLR.S,OXCT1,1.511e+6,2.860,0.006,2.201,0.000
46054,3,"  1.906","  0.165",8/68,/core/www/modules//sdig/index.php?run_id=110202&search_id=114132&scans_id=110198&peptide_id=38637&scanf=46054&charge=3&value=8/68,sp|P78527|PRKDC_HUMAN,/core/www/modules//consensus/?run_id=110202&search_id=114132&scans_id=110198&peptide_id=38637&scanf=46054&charge=3&value=sp|P78527|PRKDC_HUMAN,0,/core/www/modules/match_peptides/blast_html4.php?run_id=110202&search_id=114132&scans_id=110198&peptide_id=38637&scanf=46054&charge=3&value=0,K.NLDLAVLELMQSSVDNTK.M,/core/www/modules/show_out/show_out_wrapper.php?run_id=110202&search_id=114132&scans_id=110198&peptide_id=38637&scanf=46054&charge=3&value=K.NLDLAVLELMQSSVDNTK.M,PRKDC,7.629e+7,2.378,0.032,1.498,0.001
46058,3,"  2.988","  0.556",17/88,/core/www/modules//sdig/index.php?run_id=110202&search_id=114132&scans_id=110198&peptide_id=38641&scanf=46058&charge=3&value=17/88,sp|O43681|GET3_HUMAN,/core/www/modules//consensus/?run_id=110202&search_id=114132&scans_id=110198&peptide_id=38641&scanf=46058&charge=3&value=sp|O43681|GET3_HUMAN,0,/core/www/modules/match_peptides/blast_html4.php?run_id=110202&search_id=114132&scans_id=110198&peptide_id=38641&scanf=46058&charge=3&value=0,K.MMQEAMSAFPGIDEAMSYAEVMR.L,/core/www/modules/show_out/show_out_wrapper.php?run_id=110202&search_id=114132&scans_id=110198&peptide_id=38641&scanf=46058&charge=3&value=K.MMQEAMSAFPGIDEAMSYAEVMR.L,GET3,9.643e+5,2.817,0.007,2.138,0.000
46065,3,"  4.177","  0.590",17/72,/core/www/modules//sdig/index.php?run_id=110202&search_id=114132&scans_id=110198&peptide_id=38649&scanf=46065&charge=3&value=17/72,sp|Q6YN16|HSDL2_HUMAN,/core/www/modules//consensus/?run_id=110202&search_id=114132&scans_id=110198&peptide_id=38649&scanf=46065&charge=3&value=sp|Q6YN16|HSDL2_HUMAN,0,/core/www/modules/match_peptides/blast_html4.php?run_id=110202&search_id=114132&scans_id=110198&peptide_id=38649&scanf=46065&charge=3&value=0,K.VAHILNISPPLNLNPVWFK.Q,/core/www/modules/show_out/show_out_wrapper.php?run_id=110202&search_id=114132&scans_id=110198&peptide_id=38649&scanf=46065&charge=3&value=K.VAHILNISPPLNLNPVWFK.Q,HSDL2,8.553e+5,3.094,0.003,2.547,0.000
46067,2,"  4.458","  0.712",16/28,/core/www/modules//sdig/index.php?run_id=110202&search_id=114132&scans_id=110198&peptide_id=38650&scanf=46067&charge=2&value=16/28,sp|O60814|H2B1K_HUMAN,/core/www/modules//consensus/?run_id=110202&search_id=114132&scans_id=110198&peptide_id=38650&scanf=46067&charge=2&value=sp|O60814|H2B1K_HUMAN,14,/core/www/modules/match_peptides/blast_html4.php?run_id=110202&search_id=114132&scans_id=110198&peptide_id=38650&scanf=46067&charge=2&value=14,K.AMGIMNSFVNDIFER.I,/core/www/modules/show_out/show_out_wrapper.php?run_id=110202&search_id=114132&scans_id=110198&peptide_id=38650&scanf=46067&charge=2&value=K.AMGIMNSFVNDIFER.I,H2BC12,1.839e+9,4.023,0.000,3.924,0.000
46068,3,"  4.478","  0.603",19/80,/core/www/modules//sdig/index.php?run_id=110202&search_id=114132&scans_id=110198&peptide_id=38651&scanf=46068&charge=3&value=19/80,sp|P19338|NUCL_HUMAN,/core/www/modules//consensus/?run_id=110202&search_id=114132&scans_id=110198&peptide_id=38651&scanf=46068&charge=3&value=sp|P19338|NUCL_HUMAN,10,/core/www/modules/match_peptides/blast_html4.php?run_id=110202&search_id=114132&scans_id=110198&peptide_id=38651&scanf=46068&charge=3&value=10,K.VEGTEPTTAFNLFVGNLNFNK.S,/core/www/modules/show_out/show_out_wrapper.php?run_id=110202&search_id=114132&scans_id=110198&peptide_id=38651&scanf=46068&charge=3&value=K.VEGTEPTTAFNLFVGNLNFNK.S,NCL,1.328e+7,3.495,0.001,3.141,0.000
46070,3,"  3.094","  0.474",12/88,/core/www/modules//sdig/index.php?run_id=110202&search_id=114132&scans_id=110198&peptide_id=38654&scanf=46070&charge=3&value=12/88,sp|Q99567|NUP88_HUMAN,/core/www/modules//consensus/?run_id=110202&search_id=114132&scans_id=110198&peptide_id=38654&scanf=46070&charge=3&value=sp|Q99567|NUP88_HUMAN,16,/core/www/modules/match_peptides/blast_html4.php?run_id=110202&search_id=114132&scans_id=110198&peptide_id=38654&scanf=46070&charge=3&value=16,R.AYTASLGETAVAFDFGPLAAVPK.T,/core/www/modules/show_out/show_out_wrapper.php?run_id=110202&search_id=114132&scans_id=110198&peptide_id=38654&scanf=46070&charge=3&value=R.AYTASLGETAVAFDFGPLAAVPK.T,NUP88,4.900e+6,2.485,0.022,1.653,0.001
46074,3,"  2.858","  0.500",14/72,/core/www/modules//sdig/index.php?run_id=110202&search_id=114132&scans_id=110198&peptide_id=38658&scanf=46074&charge=3&value=14/72,sp|Q9BRJ6|CG050_HUMAN,/core/www/modules//consensus/?run_id=110202&search_id=114132&scans_id=110198&peptide_id=38658&scanf=46074&charge=3&value=sp|Q9BRJ6|CG050_HUMAN,3,/core/www/modules/match_peptides/blast_html4.php?run_id=110202&search_id=114132&scans_id=110198&peptide_id=38658&scanf=46074&charge=3&value=3,K.VPDEHFSTLLAYLEGLQGR.A,/core/www/modules/show_out/show_out_wrapper.php?run_id=110202&search_id=114132&scans_id=110198&peptide_id=38658&scanf=46074&charge=3&value=K.VPDEHFSTLLAYLEGLQGR.A,C7orf50,8.949e+5,2.532,0.019,1.721,0.000
46076,3,"  6.132","  0.697",27/96,/core/www/modules//sdig/index.php?run_id=110202&search_id=114132&scans_id=110198&peptide_id=38660&scanf=46076&charge=3&value=27/96,sp|Q9H270|VPS11_HUMAN,/core/www/modules//consensus/?run_id=110202&search_id=114132&scans_id=110198&peptide_id=38660&scanf=46076&charge=3&value=sp|Q9H270|VPS11_HUMAN,3,/core/www/modules/match_peptides/blast_html4.php?run_id=110202&search_id=114132&scans_id=110198&peptide_id=38660&scanf=46076&charge=3&value=3,K.AFLEHMSEVQPDSPQGIYDTLLELR.L,/core/www/modules/show_out/show_out_wrapper.php?run_id=110202&search_id=114132&scans_id=110198&peptide_id=38660&scanf=46076&charge=3&value=K.AFLEHMSEVQPDSPQGIYDTLLELR.L,VPS11,7.823e+5,3.526,0.001,3.186,0.000
46080,3,"  3.463","  0.538",15/72,/core/www/modules//sdig/index.php?run_id=110202&search_id=114132&scans_id=110198&peptide_id=38665&scanf=46080&charge=3&value=15/72,sp|P49588|SYAC_HUMAN,/core/www/modules//consensus/?run_id=110202&search_id=114132&scans_id=110198&peptide_id=38665&scanf=46080&charge=3&value=sp|P49588|SYAC_HUMAN,6,/core/www/modules/match_peptides/blast_html4.php?run_id=110202&search_id=114132&scans_id=110198&peptide_id=38665&scanf=46080&charge=3&value=6,R.EIADLGEALATAVIPQWQK.D,/core/www/modules/show_out/show_out_wrapper.php?run_id=110202&search_id=114132&scans_id=110198&peptide_id=38665&scanf=46080&charge=3&value=R.EIADLGEALATAVIPQWQK.D,AARS1,1.933e+6,2.930,0.005,2.304,0.000
46088,3,"  5.622","  0.576",19/104,/core/www/modules//sdig/index.php?run_id=110202&search_id=114132&scans_id=110198&peptide_id=38672&scanf=46088&charge=3&value=19/104,sp|Q12905|ILF2_HUMAN,/core/www/modules//consensus/?run_id=110202&search_id=114132&scans_id=110198&peptide_id=38672&scanf=46088&charge=3&value=sp|Q12905|ILF2_HUMAN,1,/core/www/modules/match_peptides/blast_html4.php?run_id=110202&search_id=114132&scans_id=110198&peptide_id=38672&scanf=46088&charge=3&value=1,R.AQDPSEVLTMLTNETGFEISSSDATVK.I,/core/www/modules/show_out/show_out_wrapper.php?run_id=110202&search_id=114132&scans_id=110198&peptide_id=38672&scanf=46088&charge=3&value=R.AQDPSEVLTMLTNETGFEISSSDATVK.I,ILF2,4.843e+7,3.054,0.003,2.489,0.000
46092,3,"  5.874","  0.627",24/96,/core/www/modules//sdig/index.php?run_id=110202&search_id=114132&scans_id=110198&peptide_id=38677&scanf=46092&charge=3&value=24/96,sp|Q9H270|VPS11_HUMAN,/core/www/modules//consensus/?run_id=110202&search_id=114132&scans_id=110198&peptide_id=38677&scanf=46092&charge=3&value=sp|Q9H270|VPS11_HUMAN,3,/core/www/modules/match_peptides/blast_html4.php?run_id=110202&search_id=114132&scans_id=110198&peptide_id=38677&scanf=46092&charge=3&value=3,K.AFLEHMSEVQPDSPQGIYDTLLELR.L,/core/www/modules/show_out/show_out_wrapper.php?run_id=110202&search_id=114132&scans_id=110198&peptide_id=38677&scanf=46092&charge=3&value=K.AFLEHMSEVQPDSPQGIYDTLLELR.L,VPS11,7.823e+5,2.998,0.004,2.405,0.000
46094,2,"  6.640","  0.744",24/42,/core/www/modules//sdig/index.php?run_id=110202&search_id=114132&scans_id=110198&peptide_id=38679&scanf=46094&charge=2&value=24/42,sp|P78371|TCPB_HUMAN,/core/www/modules//consensus/?run_id=110202&search_id=114132&scans_id=110198&peptide_id=38679&scanf=46094&charge=2&value=sp|P78371|TCPB_HUMAN,2,/core/www/modules/match_peptides/blast_html4.php?run_id=110202&search_id=114132&scans_id=110198&peptide_id=38679&scanf=46094&charge=2&value=2,R.VQDDEVGDGTTSVTVLAAELLR.E,/core/www/modules/show_out/show_out_wrapper.php?run_id=110202&search_id=114132&scans_id=110198&peptide_id=38679&scanf=46094&charge=2&value=R.VQDDEVGDGTTSVTVLAAELLR.E,CCT2,1.795e+6,3.767,0.000,3.544,0.000
46095,2,"  1.280","  0.205",7/12,/core/www/modules//sdig/index.php?run_id=110202&search_id=114132&scans_id=110198&peptide_id=38680&scanf=46095&charge=2&value=7/12,sp|P60709|ACTB_HUMAN,/core/www/modules//consensus/?run_id=110202&search_id=114132&scans_id=110198&peptide_id=38680&scanf=46095&charge=2&value=sp|P60709|ACTB_HUMAN,11,/core/www/modules/match_peptides/blast_html4.php?run_id=110202&search_id=114132&scans_id=110198&peptide_id=38680&scanf=46095&charge=2&value=11,K.IIAPPER.K,/core/www/modules/show_out/show_out_wrapper.php?run_id=110202&search_id=114132&scans_id=110198&peptide_id=38680&scanf=46095&charge=2&value=K.IIAPPER.K,ACTB,4.155e+6,2.855,0.006,2.194,0.000
46097,3,"  3.970","  0.554",16/88,/core/www/modules//sdig/index.php?run_id=110202&search_id=114132&scans_id=110198&peptide_id=38682&scanf=46097&charge=3&value=16/88,sp|O14983|AT2A1_HUMAN,/core/www/modules//consensus/?run_id=110202&search_id=114132&scans_id=110198&peptide_id=38682&scanf=46097&charge=3&value=sp|O14983|AT2A1_HUMAN,2,/core/www/modules/match_peptides/blast_html4.php?run_id=110202&search_id=114132&scans_id=110198&peptide_id=38682&scanf=46097&charge=3&value=2,K.TASEMVLADDNFSTIVAAVEEGR.A,/core/www/modules/show_out/show_out_wrapper.php?run_id=110202&search_id=114132&scans_id=110198&peptide_id=38682&scanf=46097&charge=3&value=K.TASEMVLADDNFSTIVAAVEEGR.A,ATP2A1,1.449e+6,2.818,0.007,2.140,0.000
46098,3,"  3.448","  0.631",15/72,/core/www/modules//sdig/index.php?run_id=110202&search_id=114132&scans_id=110198&peptide_id=38683&scanf=46098&charge=3&value=15/72,sp|P78371|TCPB_HUMAN,/core/www/modules//consensus/?run_id=110202&search_id=114132&scans_id=110198&peptide_id=38683&scanf=46098&charge=3&value=sp|P78371|TCPB_HUMAN,0,/core/www/modules/match_peptides/blast_html4.php?run_id=110202&search_id=114132&scans_id=110198&peptide_id=38683&scanf=46098&charge=3&value=0,R.EGTIGDMAILGITESFQVK.R,/core/www/modules/show_out/show_out_wrapper.php?run_id=110202&search_id=114132&scans_id=110198&peptide_id=38683&scanf=46098&charge=3&value=R.EGTIGDMAILGITESFQVK.R,CCT2,2.829e+6,3.372,0.001,2.959,0.000
46099,3,"  2.397","  0.469",15/60,/core/www/modules//sdig/index.php?run_id=110202&search_id=114132&scans_id=110198&peptide_id=38684&scanf=46099&charge=3&value=15/60,sp|Q13535|ATR_HUMAN,/core/www/modules//consensus/?run_id=110202&search_id=114132&scans_id=110198&peptide_id=38684&scanf=46099&charge=3&value=sp|Q13535|ATR_HUMAN,1,/core/www/modules/match_peptides/blast_html4.php?run_id=110202&search_id=114132&scans_id=110198&peptide_id=38684&scanf=46099&charge=3&value=1,R.FLDLIPQDTLAVASFR.S,/core/www/modules/show_out/show_out_wrapper.php?run_id=110202&search_id=114132&scans_id=110198&peptide_id=38684&scanf=46099&charge=3&value=R.FLDLIPQDTLAVASFR.S,ATR,8.345e+5,2.882,0.006,2.234,0.000
46102,3,"  3.990","  0.616",15/72,/core/www/modules//sdig/index.php?run_id=110202&search_id=114132&scans_id=110198&peptide_id=38688&scanf=46102&charge=3&value=15/72,sp|Q6YN16|HSDL2_HUMAN,/core/www/modules//consensus/?run_id=110202&search_id=114132&scans_id=110198&peptide_id=38688&scanf=46102&charge=3&value=sp|Q6YN16|HSDL2_HUMAN,0,/core/www/modules/match_peptides/blast_html4.php?run_id=110202&search_id=114132&scans_id=110198&peptide_id=38688&scanf=46102&charge=3&value=0,K.VAHILNISPPLNLNPVWFK.Q,/core/www/modules/show_out/show_out_wrapper.php?run_id=110202&search_id=114132&scans_id=110198&peptide_id=38688&scanf=46102&charge=3&value=K.VAHILNISPPLNLNPVWFK.Q,HSDL2,8.553e+5,3.177,0.002,2.670,0.000
46104,3,"  5.132","  0.557",19/92,/core/www/modules//sdig/index.php?run_id=110202&search_id=114132&scans_id=110198&peptide_id=38690&scanf=46104&charge=3&value=19/92,sp|Q12996|CSTF3_HUMAN,/core/www/modules//consensus/?run_id=110202&search_id=114132&scans_id=110198&peptide_id=38690&scanf=46104&charge=3&value=sp|Q12996|CSTF3_HUMAN,1,/core/www/modules/match_peptides/blast_html4.php?run_id=110202&search_id=114132&scans_id=110198&peptide_id=38690&scanf=46104&charge=3&value=1,K.LAAIIPDPVVAPSIVPVLKDEVDR.K,/core/www/modules/show_out/show_out_wrapper.php?run_id=110202&search_id=114132&scans_id=110198&peptide_id=38690&scanf=46104&charge=3&value=K.LAAIIPDPVVAPSIVPVLKDEVDR.K,CSTF3,3.138e+6,2.673,0.012,1.927,0.000
46105,3,"  3.835","  0.656",18/80,/core/www/modules//sdig/index.php?run_id=110202&search_id=114132&scans_id=110198&peptide_id=38691&scanf=46105&charge=3&value=18/80,sp|P13995|MTDC_HUMAN,/core/www/modules//consensus/?run_id=110202&search_id=114132&scans_id=110198&peptide_id=38691&scanf=46105&charge=3&value=sp|P13995|MTDC_HUMAN,4,/core/www/modules/match_peptides/blast_html4.php?run_id=110202&search_id=114132&scans_id=110198&peptide_id=38691&scanf=46105&charge=3&value=4,K.AGYITPVPGGVGPMTVAMLMK.N,/core/www/modules/show_out/show_out_wrapper.php?run_id=110202&search_id=114132&scans_id=110198&peptide_id=38691&scanf=46105&charge=3&value=K.AGYITPVPGGVGPMTVAMLMK.N,MTHFD2,6.228e+5,3.352,0.001,2.928,0.000
46107,3,"  3.918","  0.544",16/80,/core/www/modules//sdig/index.php?run_id=110202&search_id=114132&scans_id=110198&peptide_id=38693&scanf=46107&charge=3&value=16/80,sp|Q8WWY3|PRP31_HUMAN,/core/www/modules//consensus/?run_id=110202&search_id=114132&scans_id=110198&peptide_id=38693&scanf=46107&charge=3&value=sp|Q8WWY3|PRP31_HUMAN,4,/core/www/modules/match_peptides/blast_html4.php?run_id=110202&search_id=114132&scans_id=110198&peptide_id=38693&scanf=46107&charge=3&value=4,R.VIVDANNLTVEIENELNIIHK.F,/core/www/modules/show_out/show_out_wrapper.php?run_id=110202&search_id=114132&scans_id=110198&peptide_id=38693&scanf=46107&charge=3&value=R.VIVDANNLTVEIENELNIIHK.F,PRPF31,3.532e+6,2.991,0.004,2.394,0.000
46113,3,"  7.778","  0.661",30/108,/core/www/modules//sdig/index.php?run_id=110202&search_id=114132&scans_id=110198&peptide_id=38699&scanf=46113&charge=3&value=30/108,sp|Q16643|DREB_HUMAN,/core/www/modules//consensus/?run_id=110202&search_id=114132&scans_id=110198&peptide_id=38699&scanf=46113&charge=3&value=sp|Q16643|DREB_HUMAN,2,/core/www/modules/match_peptides/blast_html4.php?run_id=110202&search_id=114132&scans_id=110198&peptide_id=38699&scanf=46113&charge=3&value=2,K.VAEFFQGVDVIVNASSVEDIDAGAIGQR.L,/core/www/modules/show_out/show_out_wrapper.php?run_id=110202&search_id=114132&scans_id=110198&peptide_id=38699&scanf=46113&charge=3&value=K.VAEFFQGVDVIVNASSVEDIDAGAIGQR.L,DBN1,3.324e+6,3.524,0.001,3.183,0.000
46114,3,"  5.302","  0.643",25/68,/core/www/modules//sdig/index.php?run_id=110202&search_id=114132&scans_id=110198&peptide_id=38700&scanf=46114&charge=3&value=25/68,sp|P78527|PRKDC_HUMAN,/core/www/modules//consensus/?run_id=110202&search_id=114132&scans_id=110198&peptide_id=38700&scanf=46114&charge=3&value=sp|P78527|PRKDC_HUMAN,0,/core/www/modules/match_peptides/blast_html4.php?run_id=110202&search_id=114132&scans_id=110198&peptide_id=38700&scanf=46114&charge=3&value=0,K.NLDLAVLELMQSSVDNTK.M,/core/www/modules/show_out/show_out_wrapper.php?run_id=110202&search_id=114132&scans_id=110198&peptide_id=38700&scanf=46114&charge=3&value=K.NLDLAVLELMQSSVDNTK.M,PRKDC,7.629e+7,4.503,0.000,4.635,0.000
46115,3,"  4.036","  0.528",12/88,/core/www/modules//sdig/index.php?run_id=110202&search_id=114132&scans_id=110198&peptide_id=38701&scanf=46115&charge=3&value=12/88,sp|Q03701|CEBPZ_HUMAN,/core/www/modules//consensus/?run_id=110202&search_id=114132&scans_id=110198&peptide_id=38701&scanf=46115&charge=3&value=sp|Q03701|CEBPZ_HUMAN,1,/core/www/modules/match_peptides/blast_html4.php?run_id=110202&search_id=114132&scans_id=110198&peptide_id=38701&scanf=46115&charge=3&value=1,K.KGAIDDLQQGELEAFIQNLNLAK.Y,/core/www/modules/show_out/show_out_wrapper.php?run_id=110202&search_id=114132&scans_id=110198&peptide_id=38701&scanf=46115&charge=3&value=K.KGAIDDLQQGELEAFIQNLNLAK.Y,CEBPZ,1.004e+6,2.466,0.024,1.625,0.001
46121,3,"  4.500","  0.587",16/108,/core/www/modules//sdig/index.php?run_id=110202&search_id=114132&scans_id=110198&peptide_id=38708&scanf=46121&charge=3&value=16/108,sp|P26599|PTBP1_HUMAN,/core/www/modules//consensus/?run_id=110202&search_id=114132&scans_id=110198&peptide_id=38708&scanf=46121&charge=3&value=sp|P26599|PTBP1_HUMAN,7,/core/www/modules/match_peptides/blast_html4.php?run_id=110202&search_id=114132&scans_id=110198&peptide_id=38708&scanf=46121&charge=3&value=7,K.NQAFIEMNTEEAANTMVNYYTSVTPVLR.G,/core/www/modules/show_out/show_out_wrapper.php?run_id=110202&search_id=114132&scans_id=110198&peptide_id=38708&scanf=46121&charge=3&value=K.NQAFIEMNTEEAANTMVNYYTSVTPVLR.G,PTBP1,8.989e+5,2.759,0.009,2.053,0.000
46124,3,"  3.290","  0.544",14/60,/core/www/modules//sdig/index.php?run_id=110202&search_id=114132&scans_id=110198&peptide_id=38711&scanf=46124&charge=3&value=14/60,sp|Q15019|SEPT2_HUMAN,/core/www/modules//consensus/?run_id=110202&search_id=114132&scans_id=110198&peptide_id=38711&scanf=46124&charge=3&value=sp|Q15019|SEPT2_HUMAN,12,/core/www/modules/match_peptides/blast_html4.php?run_id=110202&search_id=114132&scans_id=110198&peptide_id=38711&scanf=46124&charge=3&value=12,K.STLINSLFLTDLYPER.V,/core/www/modules/show_out/show_out_wrapper.php?run_id=110202&search_id=114132&scans_id=110198&peptide_id=38711&scanf=46124&charge=3&value=K.STLINSLFLTDLYPER.V,SEPTIN2,2.489e+6,3.103,0.003,2.560,0.000
46125,3,"  2.374","  0.598",13/60,/core/www/modules//sdig/index.php?run_id=110202&search_id=114132&scans_id=110198&peptide_id=38712&scanf=46125&charge=3&value=13/60,sp|P51531|SMCA2_HUMAN,/core/www/modules//consensus/?run_id=110202&search_id=114132&scans_id=110198&peptide_id=38712&scanf=46125&charge=3&value=sp|P51531|SMCA2_HUMAN,2,/core/www/modules/match_peptides/blast_html4.php?run_id=110202&search_id=114132&scans_id=110198&peptide_id=38712&scanf=46125&charge=3&value=2,K.FNEPGSQYFIFLLSTR.A,/core/www/modules/show_out/show_out_wrapper.php?run_id=110202&search_id=114132&scans_id=110198&peptide_id=38712&scanf=46125&charge=3&value=K.FNEPGSQYFIFLLSTR.A,SMARCA2,4.455e+6,3.479,0.001,3.117,0.000
46127,2,"  2.179","  0.433",12/24,/core/www/modules//sdig/index.php?run_id=110202&search_id=114132&scans_id=110198&peptide_id=38714&scanf=46127&charge=2&value=12/24,sp|Q15436|SC23A_HUMAN,/core/www/modules//consensus/?run_id=110202&search_id=114132&scans_id=110198&peptide_id=38714&scanf=46127&charge=2&value=sp|Q15436|SC23A_HUMAN,7,/core/www/modules/match_peptides/blast_html4.php?run_id=110202&search_id=114132&scans_id=110198&peptide_id=38714&scanf=46127&charge=2&value=7,R.MVVPVAALFTPLK.E,/core/www/modules/show_out/show_out_wrapper.php?run_id=110202&search_id=114132&scans_id=110198&peptide_id=38714&scanf=46127&charge=2&value=R.MVVPVAALFTPLK.E,SEC23A,5.705e+6,2.722,0.010,1.998,0.000
46128,3,"  5.688","  0.700",23/124,/core/www/modules//sdig/index.php?run_id=110202&search_id=114132&scans_id=110198&peptide_id=38715&scanf=46128&charge=3&value=23/124,sp|Q9GZR2|REXO4_HUMAN,/core/www/modules//consensus/?run_id=110202&search_id=114132&scans_id=110198&peptide_id=38715&scanf=46128&charge=3&value=sp|Q9GZR2|REXO4_HUMAN,1,/core/www/modules/match_peptides/blast_html4.php?run_id=110202&search_id=114132&scans_id=110198&peptide_id=38715&scanf=46128&charge=3&value=1,K.EAAPAPPTEEDIWFDDVDPADIEAAIGPEAAK.I,/core/www/modules/show_out/show_out_wrapper.php?run_id=110202&search_id=114132&scans_id=110198&peptide_id=38715&scanf=46128&charge=3&value=K.EAAPAPPTEEDIWFDDVDPADIEAAIGPEAAK.I,REXO4,6.663e+5,3.192,0.002,2.693,0.000
46130,3,"  3.997","  0.635",16/72,/core/www/modules//sdig/index.php?run_id=110202&search_id=114132&scans_id=110198&peptide_id=38717&scanf=46130&charge=3&value=16/72,sp|P78371|TCPB_HUMAN,/core/www/modules//consensus/?run_id=110202&search_id=114132&scans_id=110198&peptide_id=38717&scanf=46130&charge=3&value=sp|P78371|TCPB_HUMAN,0,/core/www/modules/match_peptides/blast_html4.php?run_id=110202&search_id=114132&scans_id=110198&peptide_id=38717&scanf=46130&charge=3&value=0,R.EGTIGDMAILGITESFQVK.R,/core/www/modules/show_out/show_out_wrapper.php?run_id=110202&search_id=114132&scans_id=110198&peptide_id=38717&scanf=46130&charge=3&value=R.EGTIGDMAILGITESFQVK.R,CCT2,2.829e+6,3.440,0.001,3.059,0.000
46132,3,"  6.817","  0.629",22/104,/core/www/modules//sdig/index.php?run_id=110202&search_id=114132&scans_id=110198&peptide_id=38719&scanf=46132&charge=3&value=22/104,sp|P21589|5NTD_HUMAN,/core/www/modules//consensus/?run_id=110202&search_id=114132&scans_id=110198&peptide_id=38719&scanf=46132&charge=3&value=sp|P21589|5NTD_HUMAN,1,/core/www/modules/match_peptides/blast_html4.php?run_id=110202&search_id=114132&scans_id=110198&peptide_id=38719&scanf=46132&charge=3&value=1,K.ETPFLSNPGTNLVFEDEITALQPEVDK.L,/core/www/modules/show_out/show_out_wrapper.php?run_id=110202&search_id=114132&scans_id=110198&peptide_id=38719&scanf=46132&charge=3&value=K.ETPFLSNPGTNLVFEDEITALQPEVDK.L,NT5E,2.591e+6,3.121,0.003,2.587,0.000
46135,3,"  3.008","  0.623",18/64,/core/www/modules//sdig/index.php?run_id=110202&search_id=114132&scans_id=110198&peptide_id=38722&scanf=46135&charge=3&value=18/64,tr|A0A0U1RQF0|A0A0U1RQF0_HUMAN,/core/www/modules//consensus/?run_id=110202&search_id=114132&scans_id=110198&peptide_id=38722&scanf=46135&charge=3&value=tr|A0A0U1RQF0|A0A0U1RQF0_HUMAN,1,/core/www/modules/match_peptides/blast_html4.php?run_id=110202&search_id=114132&scans_id=110198&peptide_id=38722&scanf=46135&charge=3&value=1,K.LPEDPLLSGLLDSPALK.A,/core/www/modules/show_out/show_out_wrapper.php?run_id=110202&search_id=114132&scans_id=110198&peptide_id=38722&scanf=46135&charge=3&value=K.LPEDPLLSGLLDSPALK.A,FASN,2.018e+7,3.450,0.001,3.074,0.000
46136,2,"  2.128","  0.544",12/24,/core/www/modules//sdig/index.php?run_id=110202&search_id=114132&scans_id=110198&peptide_id=38723&scanf=46136&charge=2&value=12/24,sp|P22102|PUR2_HUMAN,/core/www/modules//consensus/?run_id=110202&search_id=114132&scans_id=110198&peptide_id=38723&scanf=46136&charge=2&value=sp|P22102|PUR2_HUMAN,0,/core/www/modules/match_peptides/blast_html4.php?run_id=110202&search_id=114132&scans_id=110198&peptide_id=38723&scanf=46136&charge=2&value=0,K.VDLGGFAGLFDLK.A,/core/www/modules/show_out/show_out_wrapper.php?run_id=110202&search_id=114132&scans_id=110198&peptide_id=38723&scanf=46136&charge=2&value=K.VDLGGFAGLFDLK.A,GART,9.031e+5,2.880,0.006,2.232,0.000
46138,2,"  2.915","  0.488",12/22,/core/www/modules//sdig/index.php?run_id=110202&search_id=114132&scans_id=110198&peptide_id=38725&scanf=46138&charge=2&value=12/22,sp|P19525|E2AK2_HUMAN,/core/www/modules//consensus/?run_id=110202&search_id=114132&scans_id=110198&peptide_id=38725&scanf=46138&charge=2&value=sp|P19525|E2AK2_HUMAN,3,/core/www/modules/match_peptides/blast_html4.php?run_id=110202&search_id=114132&scans_id=110198&peptide_id=38725&scanf=46138&charge=2&value=3,K.VLALELFEQITK.G,/core/www/modules/show_out/show_out_wrapper.php?run_id=110202&search_id=114132&scans_id=110198&peptide_id=38725&scanf=46138&charge=2&value=K.VLALELFEQITK.G,EIF2AK2,8.656e+6,3.058,0.003,2.493,0.000
46140,3,"  4.427","  0.635",17/56,/core/www/modules//sdig/index.php?run_id=110202&search_id=114132&scans_id=110198&peptide_id=38728&scanf=46140&charge=3&value=17/56,sp|P51531|SMCA2_HUMAN,/core/www/modules//consensus/?run_id=110202&search_id=114132&scans_id=110198&peptide_id=38728&scanf=46140&charge=3&value=sp|P51531|SMCA2_HUMAN,22,/core/www/modules/match_peptides/blast_html4.php?run_id=110202&search_id=114132&scans_id=110198&peptide_id=38728&scanf=46140&charge=3&value=22,K.TIQTIALITYLMEHK.R,/core/www/modules/show_out/show_out_wrapper.php?run_id=110202&search_id=114132&scans_id=110198&peptide_id=38728&scanf=46140&charge=3&value=K.TIQTIALITYLMEHK.R,SMARCA2,7.972e+7,3.886,0.000,3.720,0.000
46141,2,"  3.682","  0.702",15/30,/core/www/modules//sdig/index.php?run_id=110202&search_id=114132&scans_id=110198&peptide_id=38729&scanf=46141&charge=2&value=15/30,sp|Q15019|SEPT2_HUMAN,/core/www/modules//consensus/?run_id=110202&search_id=114132&scans_id=110198&peptide_id=38729&scanf=46141&charge=2&value=sp|Q15019|SEPT2_HUMAN,12,/core/www/modules/match_peptides/blast_html4.php?run_id=110202&search_id=114132&scans_id=110198&peptide_id=38729&scanf=46141&charge=2&value=12,K.STLINSLFLTDLYPER.V,/core/www/modules/show_out/show_out_wrapper.php?run_id=110202&search_id=114132&scans_id=110198&peptide_id=38729&scanf=46141&charge=2&value=K.STLINSLFLTDLYPER.V,SEPTIN2,3.570e+6,3.520,0.001,3.177,0.000
46143,3,"  7.007","  0.644",27/124,/core/www/modules//sdig/index.php?run_id=110202&search_id=114132&scans_id=110198&peptide_id=38731&scanf=46143&charge=3&value=27/124,sp|P46060|RAGP1_HUMAN,/core/www/modules//consensus/?run_id=110202&search_id=114132&scans_id=110198&peptide_id=38731&scanf=46143&charge=3&value=sp|P46060|RAGP1_HUMAN,0,/core/www/modules/match_peptides/blast_html4.php?run_id=110202&search_id=114132&scans_id=110198&peptide_id=38731&scanf=46143&charge=3&value=0,K.ILDPNTGEPAPVLSSPPPADVSTFLAFPSPEK.L,/core/www/modules/show_out/show_out_wrapper.php?run_id=110202&search_id=114132&scans_id=110198&peptide_id=38731&scanf=46143&charge=3&value=K.ILDPNTGEPAPVLSSPPPADVSTFLAFPSPEK.L,RANGAP1,6.248e+5,3.132,0.002,2.603,0.000
46146,4,"  2.211","  0.488",15/120,/core/www/modules//sdig/index.php?run_id=110202&search_id=114132&scans_id=110198&peptide_id=38734&scanf=46146&charge=4&value=15/120,sp|Q969X6|UTP4_HUMAN,/core/www/modules//consensus/?run_id=110202&search_id=114132&scans_id=110198&peptide_id=38734&scanf=46146&charge=4&value=sp|Q969X6|UTP4_HUMAN,4,/core/www/modules/match_peptides/blast_html4.php?run_id=110202&search_id=114132&scans_id=110198&peptide_id=38734&scanf=46146&charge=4&value=4,R.TLVAVERPLDDIIAQLPPPIK.K,/core/www/modules/show_out/show_out_wrapper.php?run_id=110202&search_id=114132&scans_id=110198&peptide_id=38734&scanf=46146&charge=4&value=R.TLVAVERPLDDIIAQLPPPIK.K,UTP4,9.014e+5,2.966,0.004,2.358,0.000
46151,3,"  6.583","  0.730",24/100,/core/www/modules//sdig/index.php?run_id=110202&search_id=114132&scans_id=110198&peptide_id=38739&scanf=46151&charge=3&value=24/100,sp|Q8IY81|SPB1_HUMAN,/core/www/modules//consensus/?run_id=110202&search_id=114132&scans_id=110198&peptide_id=38739&scanf=46151&charge=3&value=sp|Q8IY81|SPB1_HUMAN,0,/core/www/modules/match_peptides/blast_html4.php?run_id=110202&search_id=114132&scans_id=110198&peptide_id=38739&scanf=46151&charge=3&value=0,K.GSFAGIEDDADEALEISQAQLLFENR.R,/core/www/modules/show_out/show_out_wrapper.php?run_id=110202&search_id=114132&scans_id=110198&peptide_id=38739&scanf=46151&charge=3&value=K.GSFAGIEDDADEALEISQAQLLFENR.R,FTSJ3,3.472e+6,3.608,0.000,3.309,0.000
46157,2,"  2.592","  0.000",11/26,/core/www/modules//sdig/index.php?run_id=110202&search_id=114132&scans_id=110198&peptide_id=38745&scanf=46157&charge=2&value=11/26,sp|O00425|IF2B3_HUMAN,/core/www/modules//consensus/?run_id=110202&search_id=114132&scans_id=110198&peptide_id=38745&scanf=46157&charge=2&value=sp|O00425|IF2B3_HUMAN,1,/core/www/modules/match_peptides/blast_html4.php?run_id=110202&search_id=114132&scans_id=110198&peptide_id=38745&scanf=46157&charge=2&value=1,R.LLVPTQFVGAIIGK.E,/core/www/modules/show_out/show_out_wrapper.php?run_id=110202&search_id=114132&scans_id=110198&peptide_id=38745&scanf=46157&charge=2&value=R.LLVPTQFVGAIIGK.E,IGF2BP3,2.544e+7,2.763,0.009,2.058,0.000
46158,2,"  2.632","  0.502",12/22,/core/www/modules//sdig/index.php?run_id=110202&search_id=114132&scans_id=110198&peptide_id=38746&scanf=46158&charge=2&value=12/22,sp|P19525|E2AK2_HUMAN,/core/www/modules//consensus/?run_id=110202&search_id=114132&scans_id=110198&peptide_id=38746&scanf=46158&charge=2&value=sp|P19525|E2AK2_HUMAN,3,/core/www/modules/match_peptides/blast_html4.php?run_id=110202&search_id=114132&scans_id=110198&peptide_id=38746&scanf=46158&charge=2&value=3,K.VLALELFEQITK.G,/core/www/modules/show_out/show_out_wrapper.php?run_id=110202&search_id=114132&scans_id=110198&peptide_id=38746&scanf=46158&charge=2&value=K.VLALELFEQITK.G,EIF2AK2,8.656e+6,3.083,0.003,2.531,0.000
46163,3,"  6.170","  0.645",29/128,/core/www/modules//sdig/index.php?run_id=110202&search_id=114132&scans_id=110198&peptide_id=38752&scanf=46163&charge=3&value=29/128,sp|P17844|DDX5_HUMAN,/core/www/modules//consensus/?run_id=110202&search_id=114132&scans_id=110198&peptide_id=38752&scanf=46163&charge=3&value=sp|P17844|DDX5_HUMAN,9,/core/www/modules/match_peptides/blast_html4.php?run_id=110202&search_id=114132&scans_id=110198&peptide_id=38752&scanf=46163&charge=3&value=9,R.QNFTEPTAIQAQGWPVALSGLDMVGVAQTGSGK.T,/core/www/modules/show_out/show_out_wrapper.php?run_id=110202&search_id=114132&scans_id=110198&peptide_id=38752&scanf=46163&charge=3&value=R.QNFTEPTAIQAQGWPVALSGLDMVGVAQTGSGK.T,DDX5,1.109e+7,3.124,0.003,2.591,0.000
46167,2,"  2.517","  0.507",11/20,/core/www/modules//sdig/index.php?run_id=110202&search_id=114132&scans_id=110198&peptide_id=38756&scanf=46167&charge=2&value=11/20,sp|Q9Y3D6|FIS1_HUMAN,/core/www/modules//consensus/?run_id=110202&search_id=114132&scans_id=110198&peptide_id=38756&scanf=46167&charge=2&value=sp|Q9Y3D6|FIS1_HUMAN,0,/core/www/modules/match_peptides/blast_html4.php?run_id=110202&search_id=114132&scans_id=110198&peptide_id=38756&scanf=46167&charge=2&value=0,K.GIVLLEELLPK.G,/core/www/modules/show_out/show_out_wrapper.php?run_id=110202&search_id=114132&scans_id=110198&peptide_id=38756&scanf=46167&charge=2&value=K.GIVLLEELLPK.G,FIS1,3.679e+6,3.113,0.003,2.575,0.000
46173,3,"  8.614","  0.709",33/128,/core/www/modules//sdig/index.php?run_id=110202&search_id=114132&scans_id=110198&peptide_id=38762&scanf=46173&charge=3&value=33/128,sp|P17844|DDX5_HUMAN,/core/www/modules//consensus/?run_id=110202&search_id=114132&scans_id=110198&peptide_id=38762&scanf=46173&charge=3&value=sp|P17844|DDX5_HUMAN,9,/core/www/modules/match_peptides/blast_html4.php?run_id=110202&search_id=114132&scans_id=110198&peptide_id=38762&scanf=46173&charge=3&value=9,R.QNFTEPTAIQAQGWPVALSGLDMVGVAQTGSGK.T,/core/www/modules/show_out/show_out_wrapper.php?run_id=110202&search_id=114132&scans_id=110198&peptide_id=38762&scanf=46173&charge=3&value=R.QNFTEPTAIQAQGWPVALSGLDMVGVAQTGSGK.T,DDX5,1.109e+7,3.502,0.001,3.151,0.000
46176,3,"  7.027","  0.663",29/124,/core/www/modules//sdig/index.php?run_id=110202&search_id=114132&scans_id=110198&peptide_id=38765&scanf=46176&charge=3&value=29/124,sp|P46060|RAGP1_HUMAN,/core/www/modules//consensus/?run_id=110202&search_id=114132&scans_id=110198&peptide_id=38765&scanf=46176&charge=3&value=sp|P46060|RAGP1_HUMAN,0,/core/www/modules/match_peptides/blast_html4.php?run_id=110202&search_id=114132&scans_id=110198&peptide_id=38765&scanf=46176&charge=3&value=0,K.ILDPNTGEPAPVLSSPPPADVSTFLAFPSPEK.L,/core/www/modules/show_out/show_out_wrapper.php?run_id=110202&search_id=114132&scans_id=110198&peptide_id=38765&scanf=46176&charge=3&value=K.ILDPNTGEPAPVLSSPPPADVSTFLAFPSPEK.L,RANGAP1,6.248e+5,3.046,0.003,2.475,0.000
46177,3,"  5.005","  0.739",21/100,/core/www/modules//sdig/index.php?run_id=110202&search_id=114132&scans_id=110198&peptide_id=38766&scanf=46177&charge=3&value=21/100,sp|O00429|DNM1L_HUMAN,/core/www/modules//consensus/?run_id=110202&search_id=114132&scans_id=110198&peptide_id=38766&scanf=46177&charge=3&value=sp|O00429|DNM1L_HUMAN,3,/core/www/modules/match_peptides/blast_html4.php?run_id=110202&search_id=114132&scans_id=110198&peptide_id=38766&scanf=46177&charge=3&value=3,R.FISNPNSIILAVTAANTDMATSEALK.I,/core/www/modules/show_out/show_out_wrapper.php?run_id=110202&search_id=114132&scans_id=110198&peptide_id=38766&scanf=46177&charge=3&value=R.FISNPNSIILAVTAANTDMATSEALK.I,DNM1L,6.065e+5,3.308,0.001,2.864,0.000
46178,3,"  5.516","  0.664",25/68,/core/www/modules//sdig/index.php?run_id=110202&search_id=114132&scans_id=110198&peptide_id=38767&scanf=46178&charge=3&value=25/68,sp|Q9Y580|RBM7_HUMAN,/core/www/modules//consensus/?run_id=110202&search_id=114132&scans_id=110198&peptide_id=38767&scanf=46178&charge=3&value=sp|Q9Y580|RBM7_HUMAN,5,/core/www/modules/match_peptides/blast_html4.php?run_id=110202&search_id=114132&scans_id=110198&peptide_id=38767&scanf=46178&charge=3&value=5,K.VTEELLFELFHQAGPVIK.V,/core/www/modules/show_out/show_out_wrapper.php?run_id=110202&search_id=114132&scans_id=110198&peptide_id=38767&scanf=46178&charge=3&value=K.VTEELLFELFHQAGPVIK.V,RBM7,3.143e+6,3.761,0.000,3.535,0.000
46179,3,"  3.032","  0.155",8/68,/core/www/modules//sdig/index.php?run_id=110202&search_id=114132&scans_id=110198&peptide_id=38768&scanf=46179&charge=3&value=8/68,sp|P60709|ACTB_HUMAN,/core/www/modules//consensus/?run_id=110202&search_id=114132&scans_id=110198&peptide_id=38768&scanf=46179&charge=3&value=sp|P60709|ACTB_HUMAN,14,/core/www/modules/match_peptides/blast_html4.php?run_id=110202&search_id=114132&scans_id=110198&peptide_id=38768&scanf=46179&charge=3&value=14,R.VAPEEHPVLLTEAPLNPK.A,/core/www/modules/show_out/show_out_wrapper.php?run_id=110202&search_id=114132&scans_id=110198&peptide_id=38768&scanf=46179&charge=3&value=R.VAPEEHPVLLTEAPLNPK.A,ACTB,8.378e+5,2.009,0.104,0.984,0.005
46184,3,"  4.059","  0.661",21/56,/core/www/modules//sdig/index.php?run_id=110202&search_id=114132&scans_id=110198&peptide_id=38774&scanf=46184&charge=3&value=21/56,sp|O75691|UTP20_HUMAN,/core/www/modules//consensus/?run_id=110202&search_id=114132&scans_id=110198&peptide_id=38774&scanf=46184&charge=3&value=sp|O75691|UTP20_HUMAN,0,/core/www/modules/match_peptides/blast_html4.php?run_id=110202&search_id=114132&scans_id=110198&peptide_id=38774&scanf=46184&charge=3&value=0,R.LILPHVPAILQYLSK.T,/core/www/modules/show_out/show_out_wrapper.php?run_id=110202&search_id=114132&scans_id=110198&peptide_id=38774&scanf=46184&charge=3&value=R.LILPHVPAILQYLSK.T,UTP20,3.246e+6,3.910,0.000,3.757,0.000
46188,2,"  3.483","  0.664",13/30,/core/www/modules//sdig/index.php?run_id=110202&search_id=114132&scans_id=110198&peptide_id=38778&scanf=46188&charge=2&value=13/30,sp|Q9UGM6|SYWM_HUMAN,/core/www/modules//consensus/?run_id=110202&search_id=114132&scans_id=110198&peptide_id=38778&scanf=46188&charge=2&value=sp|Q9UGM6|SYWM_HUMAN,0,/core/www/modules/match_peptides/blast_html4.php?run_id=110202&search_id=114132&scans_id=110198&peptide_id=38778&scanf=46188&charge=2&value=0,K.YGEFFPVPESILTSMK.K,/core/www/modules/show_out/show_out_wrapper.php?run_id=110202&search_id=114132&scans_id=110198&peptide_id=38778&scanf=46188&charge=2&value=K.YGEFFPVPESILTSMK.K,WARS2,7.454e+5,3.310,0.001,2.866,0.000
46189,3,"  3.571","  0.467",15/80,/core/www/modules//sdig/index.php?run_id=110202&search_id=114132&scans_id=110198&peptide_id=38779&scanf=46189&charge=3&value=15/80,sp|Q12824|SNF5_HUMAN,/core/www/modules//consensus/?run_id=110202&search_id=114132&scans_id=110198&peptide_id=38779&scanf=46189&charge=3&value=sp|Q12824|SNF5_HUMAN,6,/core/www/modules/match_peptides/blast_html4.php?run_id=110202&search_id=114132&scans_id=110198&peptide_id=38779&scanf=46189&charge=3&value=6,K.FQLEDDGEFYMIGSEVGNYLR.M,/core/www/modules/show_out/show_out_wrapper.php?run_id=110202&search_id=114132&scans_id=110198&peptide_id=38779&scanf=46189&charge=3&value=K.FQLEDDGEFYMIGSEVGNYLR.M,SMARCB1,1.434e+6,2.634,0.014,1.869,0.000
46191,3,"  3.441","  0.520",17/76,/core/www/modules//sdig/index.php?run_id=110202&search_id=114132&scans_id=110198&peptide_id=38782&scanf=46191&charge=3&value=17/76,sp|Q86YS7|C2CD5_HUMAN,/core/www/modules//consensus/?run_id=110202&search_id=114132&scans_id=110198&peptide_id=38782&scanf=46191&charge=3&value=sp|Q86YS7|C2CD5_HUMAN,0,/core/www/modules/match_peptides/blast_html4.php?run_id=110202&search_id=114132&scans_id=110198&peptide_id=38782&scanf=46191&charge=3&value=0,K.VPDVLFTTIDLPTDATVIGK.G,/core/www/modules/show_out/show_out_wrapper.php?run_id=110202&search_id=114132&scans_id=110198&peptide_id=38782&scanf=46191&charge=3&value=K.VPDVLFTTIDLPTDATVIGK.G,C2CD5,2.947e+5,2.797,0.008,2.109,0.000
46194,3,"  5.643","  0.642",23/84,/core/www/modules//sdig/index.php?run_id=110202&search_id=114132&scans_id=110198&peptide_id=38784&scanf=46194&charge=3&value=23/84,sp|Q1KMD3|HNRL2_HUMAN,/core/www/modules//consensus/?run_id=110202&search_id=114132&scans_id=110198&peptide_id=38784&scanf=46194&charge=3&value=sp|Q1KMD3|HNRL2_HUMAN,1,/core/www/modules/match_peptides/blast_html4.php?run_id=110202&search_id=114132&scans_id=110198&peptide_id=38784&scanf=46194&charge=3&value=1,K.EEPFFPPPEEFVFIHAVPVEER.V,/core/www/modules/show_out/show_out_wrapper.php?run_id=110202&search_id=114132&scans_id=110198&peptide_id=38784&scanf=46194&charge=3&value=K.EEPFFPPPEEFVFIHAVPVEER.V,HNRNPUL2,3.337e+7,3.508,0.001,3.160,0.000
46195,3,"  4.995","  0.635",18/108,/core/www/modules//sdig/index.php?run_id=110202&search_id=114132&scans_id=110198&peptide_id=38785&scanf=46195&charge=3&value=18/108,sp|Q15269|PWP2_HUMAN,/core/www/modules//consensus/?run_id=110202&search_id=114132&scans_id=110198&peptide_id=38785&scanf=46195&charge=3&value=sp|Q15269|PWP2_HUMAN,0,/core/www/modules/match_peptides/blast_html4.php?run_id=110202&search_id=114132&scans_id=110198&peptide_id=38785&scanf=46195&charge=3&value=0,K.MTEFGNLALIDQDAGQEDGVAIPLPGVR.K,/core/www/modules/show_out/show_out_wrapper.php?run_id=110202&search_id=114132&scans_id=110198&peptide_id=38785&scanf=46195&charge=3&value=K.MTEFGNLALIDQDAGQEDGVAIPLPGVR.K,PWP2,1.741e+6,3.022,0.004,2.441,0.000
46196,3,"  3.665","  0.554",15/48,/core/www/modules//sdig/index.php?run_id=110202&search_id=114132&scans_id=110198&peptide_id=38786&scanf=46196&charge=3&value=15/48,sp|Q86U38|NOP9_HUMAN,/core/www/modules//consensus/?run_id=110202&search_id=114132&scans_id=110198&peptide_id=38786&scanf=46196&charge=3&value=sp|Q86U38|NOP9_HUMAN,1,/core/www/modules/match_peptides/blast_html4.php?run_id=110202&search_id=114132&scans_id=110198&peptide_id=38786&scanf=46196&charge=3&value=1,R.LLEQVLLVLEPPR.L,/core/www/modules/show_out/show_out_wrapper.php?run_id=110202&search_id=114132&scans_id=110198&peptide_id=38786&scanf=46196&charge=3&value=R.LLEQVLLVLEPPR.L,NOP9,3.692e+6,3.388,0.001,2.982,0.000
46201,3,"  7.676","  0.738",29/120,/core/www/modules//sdig/index.php?run_id=110202&search_id=114132&scans_id=110198&peptide_id=38792&scanf=46201&charge=3&value=29/120,sp|O75683|SURF6_HUMAN,/core/www/modules//consensus/?run_id=110202&search_id=114132&scans_id=110198&peptide_id=38792&scanf=46201&charge=3&value=sp|O75683|SURF6_HUMAN,0,/core/www/modules/match_peptides/blast_html4.php?run_id=110202&search_id=114132&scans_id=110198&peptide_id=38792&scanf=46201&charge=3&value=0,K.EEAAWASSSAGNPADGLATEPESVFALDVLR.Q,/core/www/modules/show_out/show_out_wrapper.php?run_id=110202&search_id=114132&scans_id=110198&peptide_id=38792&scanf=46201&charge=3&value=K.EEAAWASSSAGNPADGLATEPESVFALDVLR.Q,SURF6,2.355e+6,3.541,0.001,3.209,0.000
46204,3,"  2.178","  0.488",14/64,/core/www/modules//sdig/index.php?run_id=110202&search_id=114132&scans_id=110198&peptide_id=38795&scanf=46204&charge=3&value=14/64,sp|P29597|TYK2_HUMAN,/core/www/modules//consensus/?run_id=110202&search_id=114132&scans_id=110198&peptide_id=38795&scanf=46204&charge=3&value=sp|P29597|TYK2_HUMAN,5,/core/www/modules/match_peptides/blast_html4.php?run_id=110202&search_id=114132&scans_id=110198&peptide_id=38795&scanf=46204&charge=3&value=5,K.MVVAQQLASALSYLENK.N,/core/www/modules/show_out/show_out_wrapper.php?run_id=110202&search_id=114132&scans_id=110198&peptide_id=38795&scanf=46204&charge=3&value=K.MVVAQQLASALSYLENK.N,TYK2,7.617e+5,2.780,0.008,2.084,0.000
46215,3,"  6.178","  0.637",15/100,/core/www/modules//sdig/index.php?run_id=110202&search_id=114132&scans_id=110198&peptide_id=38806&scanf=46215&charge=3&value=15/100,sp|Q15029|U5S1_HUMAN,/core/www/modules//consensus/?run_id=110202&search_id=114132&scans_id=110198&peptide_id=38806&scanf=46215&charge=3&value=sp|Q15029|U5S1_HUMAN,2,/core/www/modules/match_peptides/blast_html4.php?run_id=110202&search_id=114132&scans_id=110198&peptide_id=38806&scanf=46215&charge=3&value=2,R.SIWAFGPDATGPNILVDDTLPSEVDK.A,/core/www/modules/show_out/show_out_wrapper.php?run_id=110202&search_id=114132&scans_id=110198&peptide_id=38806&scanf=46215&charge=3&value=R.SIWAFGPDATGPNILVDDTLPSEVDK.A,EFTUD2,6.530e+6,3.256,0.002,2.787,0.000
46217,3,"  3.462","  0.539",14/48,/core/www/modules//sdig/index.php?run_id=110202&search_id=114132&scans_id=110198&peptide_id=38808&scanf=46217&charge=3&value=14/48,sp|Q86U38|NOP9_HUMAN,/core/www/modules//consensus/?run_id=110202&search_id=114132&scans_id=110198&peptide_id=38808&scanf=46217&charge=3&value=sp|Q86U38|NOP9_HUMAN,1,/core/www/modules/match_peptides/blast_html4.php?run_id=110202&search_id=114132&scans_id=110198&peptide_id=38808&scanf=46217&charge=3&value=1,R.LLEQVLLVLEPPR.L,/core/www/modules/show_out/show_out_wrapper.php?run_id=110202&search_id=114132&scans_id=110198&peptide_id=38808&scanf=46217&charge=3&value=R.LLEQVLLVLEPPR.L,NOP9,3.692e+6,3.311,0.001,2.868,0.000
46219,3,"  5.274","  0.713",21/88,/core/www/modules//sdig/index.php?run_id=110202&search_id=114132&scans_id=110198&peptide_id=38810&scanf=46219&charge=3&value=21/88,sp|Q14204|DYHC1_HUMAN,/core/www/modules//consensus/?run_id=110202&search_id=114132&scans_id=110198&peptide_id=38810&scanf=46219&charge=3&value=sp|Q14204|DYHC1_HUMAN,14,/core/www/modules/match_peptides/blast_html4.php?run_id=110202&search_id=114132&scans_id=110198&peptide_id=38810&scanf=46219&charge=3&value=14,R.FGNPLLVQDVESYDPVLNPVLNR.E,/core/www/modules/show_out/show_out_wrapper.php?run_id=110202&search_id=114132&scans_id=110198&peptide_id=38810&scanf=46219&charge=3&value=R.FGNPLLVQDVESYDPVLNPVLNR.E,DYNC1H1,4.934e+6,3.804,0.000,3.598,0.000
46220,4,"  5.756","  0.601",18/156,/core/www/modules//sdig/index.php?run_id=110202&search_id=114132&scans_id=110198&peptide_id=38812&scanf=46220&charge=4&value=18/156,sp|O14579|COPE_HUMAN,/core/www/modules//consensus/?run_id=110202&search_id=114132&scans_id=110198&peptide_id=38812&scanf=46220&charge=4&value=sp|O14579|COPE_HUMAN,1,/core/www/modules/match_peptides/blast_html4.php?run_id=110202&search_id=114132&scans_id=110198&peptide_id=38812&scanf=46220&charge=4&value=1,K.DSGYPETLVNLIVLSQHLGKPPEVTNR.Y,/core/www/modules/show_out/show_out_wrapper.php?run_id=110202&search_id=114132&scans_id=110198&peptide_id=38812&scanf=46220&charge=4&value=K.DSGYPETLVNLIVLSQHLGKPPEVTNR.Y,COPE,9.315e+5,3.326,0.001,2.891,0.000
46222,2,"  3.502","  0.580",16/24,/core/www/modules//sdig/index.php?run_id=110202&search_id=114132&scans_id=110198&peptide_id=38814&scanf=46222&charge=2&value=16/24,sp|P15880|RS2_HUMAN,/core/www/modules//consensus/?run_id=110202&search_id=114132&scans_id=110198&peptide_id=38814&scanf=46222&charge=2&value=sp|P15880|RS2_HUMAN,6,/core/www/modules/match_peptides/blast_html4.php?run_id=110202&search_id=114132&scans_id=110198&peptide_id=38814&scanf=46222&charge=2&value=6,K.SLEEIYLFSLPIK.E,/core/www/modules/show_out/show_out_wrapper.php?run_id=110202&search_id=114132&scans_id=110198&peptide_id=38814&scanf=46222&charge=2&value=K.SLEEIYLFSLPIK.E,RPS2,1.118e+8,3.534,0.001,3.199,0.000
46224,3,"  6.275","  0.620",22/84,/core/www/modules//sdig/index.php?run_id=110202&search_id=114132&scans_id=110198&peptide_id=38816&scanf=46224&charge=3&value=22/84,sp|Q68E01|INT3_HUMAN,/core/www/modules//consensus/?run_id=110202&search_id=114132&scans_id=110198&peptide_id=38816&scanf=46224&charge=3&value=sp|Q68E01|INT3_HUMAN,0,/core/www/modules/match_peptides/blast_html4.php?run_id=110202&search_id=114132&scans_id=110198&peptide_id=38816&scanf=46224&charge=3&value=0,K.ETVVEEPVDITPYLDQLDESLR.D,/core/www/modules/show_out/show_out_wrapper.php?run_id=110202&search_id=114132&scans_id=110198&peptide_id=38816&scanf=46224&charge=3&value=K.ETVVEEPVDITPYLDQLDESLR.D,INTS3,4.091e+6,3.396,0.001,2.994,0.000
46229,3,"  3.604","  0.662",17/80,/core/www/modules//sdig/index.php?run_id=110202&search_id=114132&scans_id=110198&peptide_id=38821&scanf=46229&charge=3&value=17/80,sp|P06748|NPM_HUMAN,/core/www/modules//consensus/?run_id=110202&search_id=114132&scans_id=110198&peptide_id=38821&scanf=46229&charge=3&value=sp|P06748|NPM_HUMAN,7,/core/www/modules/match_peptides/blast_html4.php?run_id=110202&search_id=114132&scans_id=110198&peptide_id=38821&scanf=46229&charge=3&value=7,K.M*SVQPTVSLGGFEITPPVVLR.L,/core/www/modules/show_out/show_out_wrapper.php?run_id=110202&search_id=114132&scans_id=110198&peptide_id=38821&scanf=46229&charge=3&value=K.M*SVQPTVSLGGFEITPPVVLR.L,NPM1,8.138e+6,3.311,0.001,2.869,0.000
46230,2,"  3.368","  0.534",16/34,/core/www/modules//sdig/index.php?run_id=110202&search_id=114132&scans_id=110198&peptide_id=38823&scanf=46230&charge=2&value=16/34,sp|P37802|TAGL2_HUMAN,/core/www/modules//consensus/?run_id=110202&search_id=114132&scans_id=110198&peptide_id=38823&scanf=46230&charge=2&value=sp|P37802|TAGL2_HUMAN,1,/core/www/modules/match_peptides/blast_html4.php?run_id=110202&search_id=114132&scans_id=110198&peptide_id=38823&scanf=46230&charge=2&value=1,R.YGINTTDIFQTVDLWEGK.N,/core/www/modules/show_out/show_out_wrapper.php?run_id=110202&search_id=114132&scans_id=110198&peptide_id=38823&scanf=46230&charge=2&value=R.YGINTTDIFQTVDLWEGK.N,TAGLN2,1.201e+6,2.628,0.014,1.861,0.000
46235,2,"  3.738","  0.613",17/24,/core/www/modules//sdig/index.php?run_id=110202&search_id=114132&scans_id=110198&peptide_id=38827&scanf=46235&charge=2&value=17/24,sp|O60506|HNRPQ_HUMAN,/core/www/modules//consensus/?run_id=110202&search_id=114132&scans_id=110198&peptide_id=38827&scanf=46235&charge=2&value=sp|O60506|HNRPQ_HUMAN,8,/core/www/modules/match_peptides/blast_html4.php?run_id=110202&search_id=114132&scans_id=110198&peptide_id=38827&scanf=46235&charge=2&value=8,R.DLFEDELVPLFEK.A,/core/www/modules/show_out/show_out_wrapper.php?run_id=110202&search_id=114132&scans_id=110198&peptide_id=38827&scanf=46235&charge=2&value=R.DLFEDELVPLFEK.A,SYNCRIP,1.529e+8,3.828,0.000,3.634,0.000
46240,4,"  4.546","  0.565",15/186,/core/www/modules//sdig/index.php?run_id=110202&search_id=114132&scans_id=110198&peptide_id=38832&scanf=46240&charge=4&value=15/186,sp|Q9NVC6|MED17_HUMAN,/core/www/modules//consensus/?run_id=110202&search_id=114132&scans_id=110198&peptide_id=38832&scanf=46240&charge=4&value=sp|Q9NVC6|MED17_HUMAN,3,/core/www/modules/match_peptides/blast_html4.php?run_id=110202&search_id=114132&scans_id=110198&peptide_id=38832&scanf=46240&charge=4&value=3,R.VITLSYQEQELQDFLLSQMSQHQVHAVQQLAK.V,/core/www/modules/show_out/show_out_wrapper.php?run_id=110202&search_id=114132&scans_id=110198&peptide_id=38832&scanf=46240&charge=4&value=R.VITLSYQEQELQDFLLSQMSQHQVHAVQQLAK.V,MED17,7.505e+5,2.937,0.005,2.315,0.000
46241,2,"  3.379","  0.607",13/30,/core/www/modules//sdig/index.php?run_id=110202&search_id=114132&scans_id=110198&peptide_id=38833&scanf=46241&charge=2&value=13/30,sp|P13804|ETFA_HUMAN,/core/www/modules//consensus/?run_id=110202&search_id=114132&scans_id=110198&peptide_id=38833&scanf=46241&charge=2&value=sp|P13804|ETFA_HUMAN,11,/core/www/modules/match_peptides/blast_html4.php?run_id=110202&search_id=114132&scans_id=110198&peptide_id=38833&scanf=46241&charge=2&value=11,K.GLLPEELTPLILATQK.Q,/core/www/modules/show_out/show_out_wrapper.php?run_id=110202&search_id=114132&scans_id=110198&peptide_id=38833&scanf=46241&charge=2&value=K.GLLPEELTPLILATQK.Q,ETFA,1.135e+7,3.187,0.002,2.685,0.000
46244,3,"  5.356","  0.705",20/60,/core/www/modules//sdig/index.php?run_id=110202&search_id=114132&scans_id=110198&peptide_id=38836&scanf=46244&charge=3&value=20/60,sp|Q9BQ67|GRWD1_HUMAN,/core/www/modules//consensus/?run_id=110202&search_id=114132&scans_id=110198&peptide_id=38836&scanf=46244&charge=3&value=sp|Q9BQ67|GRWD1_HUMAN,1,/core/www/modules/match_peptides/blast_html4.php?run_id=110202&search_id=114132&scans_id=110198&peptide_id=38836&scanf=46244&charge=3&value=1,R.LLQVVEEPQALAAFLR.D,/core/www/modules/show_out/show_out_wrapper.php?run_id=110202&search_id=114132&scans_id=110198&peptide_id=38836&scanf=46244&charge=3&value=R.LLQVVEEPQALAAFLR.D,GRWD1,7.700e+6,3.915,0.000,3.764,0.000
46245,3,"  5.164","  0.639",19/96,/core/www/modules//sdig/index.php?run_id=110202&search_id=114132&scans_id=110198&peptide_id=38837&scanf=46245&charge=3&value=19/96,sp|P22102|PUR2_HUMAN,/core/www/modules//consensus/?run_id=110202&search_id=114132&scans_id=110198&peptide_id=38837&scanf=46245&charge=3&value=sp|P22102|PUR2_HUMAN,0,/core/www/modules/match_peptides/blast_html4.php?run_id=110202&search_id=114132&scans_id=110198&peptide_id=38837&scanf=46245&charge=3&value=0,K.GVEITGFPEAQALGLEVFHAGTALK.N,/core/www/modules/show_out/show_out_wrapper.php?run_id=110202&search_id=114132&scans_id=110198&peptide_id=38837&scanf=46245&charge=3&value=K.GVEITGFPEAQALGLEVFHAGTALK.N,GART,2.195e+6,3.025,0.004,2.445,0.000
46247,3,"  3.366","  0.555",13/88,/core/www/modules//sdig/index.php?run_id=110202&search_id=114132&scans_id=110198&peptide_id=38839&scanf=46247&charge=3&value=13/88,sp|Q08J23|NSUN2_HUMAN,/core/www/modules//consensus/?run_id=110202&search_id=114132&scans_id=110198&peptide_id=38839&scanf=46247&charge=3&value=sp|Q08J23|NSUN2_HUMAN,1,/core/www/modules/match_peptides/blast_html4.php?run_id=110202&search_id=114132&scans_id=110198&peptide_id=38839&scanf=46247&charge=3&value=1,K.IVPEGEWGQFMDALREPLPATLR.I,/core/www/modules/show_out/show_out_wrapper.php?run_id=110202&search_id=114132&scans_id=110198&peptide_id=38839&scanf=46247&charge=3&value=K.IVPEGEWGQFMDALREPLPATLR.I,NSUN2,2.081e+6,2.498,0.021,1.671,0.001
46248,3,"  5.840","  0.648",18/68,/core/www/modules//sdig/index.php?run_id=110202&search_id=114132&scans_id=110198&peptide_id=38840&scanf=46248&charge=3&value=18/68,sp|Q8N3U4|STAG2_HUMAN,/core/www/modules//consensus/?run_id=110202&search_id=114132&scans_id=110198&peptide_id=38840&scanf=46248&charge=3&value=sp|Q8N3U4|STAG2_HUMAN,3,/core/www/modules/match_peptides/blast_html4.php?run_id=110202&search_id=114132&scans_id=110198&peptide_id=38840&scanf=46248&charge=3&value=3,K.ELQENQDEIENMMNAIFK.G,/core/www/modules/show_out/show_out_wrapper.php?run_id=110202&search_id=114132&scans_id=110198&peptide_id=38840&scanf=46248&charge=3&value=K.ELQENQDEIENMMNAIFK.G,STAG2,3.749e+6,3.638,0.000,3.352,0.000
46250,3,"  4.948","  0.228",21/80,/core/www/modules//sdig/index.php?run_id=110202&search_id=114132&scans_id=110198&peptide_id=38843&scanf=46250&charge=3&value=21/80,sp|Q6PD62|CTR9_HUMAN,/core/www/modules//consensus/?run_id=110202&search_id=114132&scans_id=110198&peptide_id=38843&scanf=46250&charge=3&value=sp|Q6PD62|CTR9_HUMAN,0,/core/www/modules/match_peptides/blast_html4.php?run_id=110202&search_id=114132&scans_id=110198&peptide_id=38843&scanf=46250&charge=3&value=0,R.EATADISDVWLNLAHIYVEQK.Q,/core/www/modules/show_out/show_out_wrapper.php?run_id=110202&search_id=114132&scans_id=110198&peptide_id=38843&scanf=46250&charge=3&value=R.EATADISDVWLNLAHIYVEQK.Q,CTR9,1.399e+6,2.025,0.099,1.006,0.005
46252,3,"  3.341","  0.379",10/72,/core/www/modules//sdig/index.php?run_id=110202&search_id=114132&scans_id=110198&peptide_id=38845&scanf=46252&charge=3&value=10/72,sp|P24928|RPB1_HUMAN,/core/www/modules//consensus/?run_id=110202&search_id=114132&scans_id=110198&peptide_id=38845&scanf=46252&charge=3&value=sp|P24928|RPB1_HUMAN,1,/core/www/modules/match_peptides/blast_html4.php?run_id=110202&search_id=114132&scans_id=110198&peptide_id=38845&scanf=46252&charge=3&value=1,R.SIAANMTFAEIVTPFNIDR.L,/core/www/modules/show_out/show_out_wrapper.php?run_id=110202&search_id=114132&scans_id=110198&peptide_id=38845&scanf=46252&charge=3&value=R.SIAANMTFAEIVTPFNIDR.L,POLR2A,7.485e+5,2.379,0.032,1.499,0.001
46257,2,"  5.217","  0.672",18/32,/core/www/modules//sdig/index.php?run_id=110202&search_id=114132&scans_id=110198&peptide_id=38849&scanf=46257&charge=2&value=18/32,sp|Q10570|CPSF1_HUMAN,/core/www/modules//consensus/?run_id=110202&search_id=114132&scans_id=110198&peptide_id=38849&scanf=46257&charge=2&value=sp|Q10570|CPSF1_HUMAN,1,/core/www/modules/match_peptides/blast_html4.php?run_id=110202&search_id=114132&scans_id=110198&peptide_id=38849&scanf=46257&charge=2&value=1,K.IGTTPDIILDDLLETDR.V,/core/www/modules/show_out/show_out_wrapper.php?run_id=110202&search_id=114132&scans_id=110198&peptide_id=38849&scanf=46257&charge=2&value=K.IGTTPDIILDDLLETDR.V,CPSF1,4.815e+6,3.650,0.000,3.370,0.000
46258,3,"  5.315","  0.605",20/68,/core/www/modules//sdig/index.php?run_id=110202&search_id=114132&scans_id=110198&peptide_id=38850&scanf=46258&charge=3&value=20/68,sp|P13639|EF2_HUMAN,/core/www/modules//consensus/?run_id=110202&search_id=114132&scans_id=110198&peptide_id=38850&scanf=46258&charge=3&value=sp|P13639|EF2_HUMAN,0,/core/www/modules/match_peptides/blast_html4.php?run_id=110202&search_id=114132&scans_id=110198&peptide_id=38850&scanf=46258&charge=3&value=0,R.ALLELQLEPEELYQTFQR.I,/core/www/modules/show_out/show_out_wrapper.php?run_id=110202&search_id=114132&scans_id=110198&peptide_id=38850&scanf=46258&charge=3&value=R.ALLELQLEPEELYQTFQR.I,EEF2,3.649e+6,3.472,0.001,3.106,0.000
46259,2,"  3.464","  0.415",14/24,/core/www/modules//sdig/index.php?run_id=110202&search_id=114132&scans_id=110198&peptide_id=38851&scanf=46259&charge=2&value=14/24,sp|P10155|RO60_HUMAN,/core/www/modules//consensus/?run_id=110202&search_id=114132&scans_id=110198&peptide_id=38851&scanf=46259&charge=2&value=sp|P10155|RO60_HUMAN,0,/core/www/modules/match_peptides/blast_html4.php?run_id=110202&search_id=114132&scans_id=110198&peptide_id=38851&scanf=46259&charge=2&value=0,K.ALLQEMPLTALLR.N,/core/www/modules/show_out/show_out_wrapper.php?run_id=110202&search_id=114132&scans_id=110198&peptide_id=38851&scanf=46259&charge=2&value=K.ALLQEMPLTALLR.N,RO60,1.781e+7,2.870,0.006,2.216,0.000
46269,3,"  4.132","  0.621",18/68,/core/www/modules//sdig/index.php?run_id=110202&search_id=114132&scans_id=110198&peptide_id=38862&scanf=46269&charge=3&value=18/68,sp|P49915|GUAA_HUMAN,/core/www/modules//consensus/?run_id=110202&search_id=114132&scans_id=110198&peptide_id=38862&scanf=46269&charge=3&value=sp|P49915|GUAA_HUMAN,0,/core/www/modules/match_peptides/blast_html4.php?run_id=110202&search_id=114132&scans_id=110198&peptide_id=38862&scanf=46269&charge=3&value=0,K.LMQITSLHSLNAFLLPIK.T,/core/www/modules/show_out/show_out_wrapper.php?run_id=110202&search_id=114132&scans_id=110198&peptide_id=38862&scanf=46269&charge=3&value=K.LMQITSLHSLNAFLLPIK.T,GMPS,8.205e+5,3.422,0.001,3.032,0.000
46277,3,"  2.579","  0.604",15/40,/core/www/modules//sdig/index.php?run_id=110202&search_id=114132&scans_id=110198&peptide_id=38870&scanf=46277&charge=3&value=15/40,sp|Q8WWQ0|PHIP_HUMAN,/core/www/modules//consensus/?run_id=110202&search_id=114132&scans_id=110198&peptide_id=38870&scanf=46277&charge=3&value=sp|Q8WWQ0|PHIP_HUMAN,4,/core/www/modules/match_peptides/blast_html4.php?run_id=110202&search_id=114132&scans_id=110198&peptide_id=38870&scanf=46277&charge=3&value=4,K.FVTDLLLHFIK.D,/core/www/modules/show_out/show_out_wrapper.php?run_id=110202&search_id=114132&scans_id=110198&peptide_id=38870&scanf=46277&charge=3&value=K.FVTDLLLHFIK.D,PHIP,3.021e+6,3.707,0.000,3.455,0.000
46281,3,"  5.823","  0.634",22/84,/core/www/modules//sdig/index.php?run_id=110202&search_id=114132&scans_id=110198&peptide_id=38875&scanf=46281&charge=3&value=22/84,sp|Q9Y2L1|RRP44_HUMAN,/core/www/modules//consensus/?run_id=110202&search_id=114132&scans_id=110198&peptide_id=38875&scanf=46281&charge=3&value=sp|Q9Y2L1|RRP44_HUMAN,1,/core/www/modules/match_peptides/blast_html4.php?run_id=110202&search_id=114132&scans_id=110198&peptide_id=38875&scanf=46281&charge=3&value=1,K.SLAESLDQAESPTFPYLNTLLR.I,/core/www/modules/show_out/show_out_wrapper.php?run_id=110202&search_id=114132&scans_id=110198&peptide_id=38875&scanf=46281&charge=3&value=K.SLAESLDQAESPTFPYLNTLLR.I,DIS3,3.173e+6,3.369,0.001,2.955,0.000
46283,2,"  4.158","  0.724",16/30,/core/www/modules//sdig/index.php?run_id=110202&search_id=114132&scans_id=110198&peptide_id=38877&scanf=46283&charge=2&value=16/30,sp|O95602|RPA1_HUMAN,/core/www/modules//consensus/?run_id=110202&search_id=114132&scans_id=110198&peptide_id=38877&scanf=46283&charge=2&value=sp|O95602|RPA1_HUMAN,1,/core/www/modules/match_peptides/blast_html4.php?run_id=110202&search_id=114132&scans_id=110198&peptide_id=38877&scanf=46283&charge=2&value=1,K.ELVLNTEGINLPELFK.Y,/core/www/modules/show_out/show_out_wrapper.php?run_id=110202&search_id=114132&scans_id=110198&peptide_id=38877&scanf=46283&charge=2&value=K.ELVLNTEGINLPELFK.Y,POLR1A,2.925e+6,3.741,0.000,3.506,0.000
46284,3,"  4.928","  0.662",17/72,/core/www/modules//sdig/index.php?run_id=110202&search_id=114132&scans_id=110198&peptide_id=38878&scanf=46284&charge=3&value=17/72,sp|P46940|IQGA1_HUMAN,/core/www/modules//consensus/?run_id=110202&search_id=114132&scans_id=110198&peptide_id=38878&scanf=46284&charge=3&value=sp|P46940|IQGA1_HUMAN,1,/core/www/modules/match_peptides/blast_html4.php?run_id=110202&search_id=114132&scans_id=110198&peptide_id=38878&scanf=46284&charge=3&value=1,R.HTDNVIQWLNAMDEIGLPK.I,/core/www/modules/show_out/show_out_wrapper.php?run_id=110202&search_id=114132&scans_id=110198&peptide_id=38878&scanf=46284&charge=3&value=R.HTDNVIQWLNAMDEIGLPK.I,IQGAP1,2.157e+6,3.494,0.001,3.139,0.000
46285,3,"  4.143","  0.570",16/68,/core/www/modules//sdig/index.php?run_id=110202&search_id=114132&scans_id=110198&peptide_id=38879&scanf=46285&charge=3&value=16/68,sp|P20337|RAB3B_HUMAN,/core/www/modules//consensus/?run_id=110202&search_id=114132&scans_id=110198&peptide_id=38879&scanf=46285&charge=3&value=sp|P20337|RAB3B_HUMAN,0,/core/www/modules/match_peptides/blast_html4.php?run_id=110202&search_id=114132&scans_id=110198&peptide_id=38879&scanf=46285&charge=3&value=0,K.GQLLAEQLGFDFFEASAK.E,/core/www/modules/show_out/show_out_wrapper.php?run_id=110202&search_id=114132&scans_id=110198&peptide_id=38879&scanf=46285&charge=3&value=K.GQLLAEQLGFDFFEASAK.E,RAB3B,1.848e+6,3.143,0.002,2.619,0.000
46291,3,"  4.358","  0.643",20/88,/core/www/modules//sdig/index.php?run_id=110202&search_id=114132&scans_id=110198&peptide_id=38886&scanf=46291&charge=3&value=20/88,sp|Q9H9A6|LRC40_HUMAN,/core/www/modules//consensus/?run_id=110202&search_id=114132&scans_id=110198&peptide_id=38886&scanf=46291&charge=3&value=sp|Q9H9A6|LRC40_HUMAN,0,/core/www/modules/match_peptides/blast_html4.php?run_id=110202&search_id=114132&scans_id=110198&peptide_id=38886&scanf=46291&charge=3&value=0,R.LLPALTVLDIHDNQLTSLPSAIR.E,/core/www/modules/show_out/show_out_wrapper.php?run_id=110202&search_id=114132&scans_id=110198&peptide_id=38886&scanf=46291&charge=3&value=R.LLPALTVLDIHDNQLTSLPSAIR.E,LRRC40,1.010e+6,3.281,0.001,2.824,0.000
46296,3,"  2.773","  0.585",16/64,/core/www/modules//sdig/index.php?run_id=110202&search_id=114132&scans_id=110198&peptide_id=38891&scanf=46296&charge=3&value=16/64,sp|Q86Y56|DAAF5_HUMAN,/core/www/modules//consensus/?run_id=110202&search_id=114132&scans_id=110198&peptide_id=38891&scanf=46296&charge=3&value=sp|Q86Y56|DAAF5_HUMAN,2,/core/www/modules/match_peptides/blast_html4.php?run_id=110202&search_id=114132&scans_id=110198&peptide_id=38891&scanf=46296&charge=3&value=2,K.LIPLLLSSLNDEVPEVR.Q,/core/www/modules/show_out/show_out_wrapper.php?run_id=110202&search_id=114132&scans_id=110198&peptide_id=38891&scanf=46296&charge=3&value=K.LIPLLLSSLNDEVPEVR.Q,DNAAF5,9.405e+5,3.228,0.002,2.745,0.000
46298,3,"  4.124","  0.635",20/68,/core/www/modules//sdig/index.php?run_id=110202&search_id=114132&scans_id=110198&peptide_id=38892&scanf=46298&charge=3&value=20/68,sp|P35580|MYH10_HUMAN,/core/www/modules//consensus/?run_id=110202&search_id=114132&scans_id=110198&peptide_id=38892&scanf=46298&charge=3&value=sp|P35580|MYH10_HUMAN,1,/core/www/modules/match_peptides/blast_html4.php?run_id=110202&search_id=114132&scans_id=110198&peptide_id=38892&scanf=46298&charge=3&value=1,K.SLEAEILQLQEELASSER.A,/core/www/modules/show_out/show_out_wrapper.php?run_id=110202&search_id=114132&scans_id=110198&peptide_id=38892&scanf=46298&charge=3&value=K.SLEAEILQLQEELASSER.A,MYH10,9.896e+6,3.543,0.001,3.212,0.000
46299,3,"  3.087","  0.644",16/60,/core/www/modules//sdig/index.php?run_id=110202&search_id=114132&scans_id=110198&peptide_id=38893&scanf=46299&charge=3&value=16/60,sp|P13010|XRCC5_HUMAN,/core/www/modules//consensus/?run_id=110202&search_id=114132&scans_id=110198&peptide_id=38893&scanf=46299&charge=3&value=sp|P13010|XRCC5_HUMAN,1,/core/www/modules/match_peptides/blast_html4.php?run_id=110202&search_id=114132&scans_id=110198&peptide_id=38893&scanf=46299&charge=3&value=1,R.HLMLPDFDLLEDIESK.I,/core/www/modules/show_out/show_out_wrapper.php?run_id=110202&search_id=114132&scans_id=110198&peptide_id=38893&scanf=46299&charge=3&value=R.HLMLPDFDLLEDIESK.I,XRCC5,1.431e+8,3.613,0.000,3.316,0.000
46301,2,"  3.422","  0.594",14/24,/core/www/modules//sdig/index.php?run_id=110202&search_id=114132&scans_id=110198&peptide_id=38896&scanf=46301&charge=2&value=14/24,sp|P51531|SMCA2_HUMAN,/core/www/modules//consensus/?run_id=110202&search_id=114132&scans_id=110198&peptide_id=38896&scanf=46301&charge=2&value=sp|P51531|SMCA2_HUMAN,23,/core/www/modules/match_peptides/blast_html4.php?run_id=110202&search_id=114132&scans_id=110198&peptide_id=38896&scanf=46301&charge=2&value=23,K.FNVLLTTYEYIIK.D,/core/www/modules/show_out/show_out_wrapper.php?run_id=110202&search_id=114132&scans_id=110198&peptide_id=38896&scanf=46301&charge=2&value=K.FNVLLTTYEYIIK.D,SMARCA2,3.875e+7,3.722,0.000,3.477,0.000
46311,3,"  7.192","  0.688",24/100,/core/www/modules//sdig/index.php?run_id=110202&search_id=114132&scans_id=110198&peptide_id=38907&scanf=46311&charge=3&value=24/100,sp|P45974|UBP5_HUMAN,/core/www/modules//consensus/?run_id=110202&search_id=114132&scans_id=110198&peptide_id=38907&scanf=46311&charge=3&value=sp|P45974|UBP5_HUMAN,0,/core/www/modules/match_peptides/blast_html4.php?run_id=110202&search_id=114132&scans_id=110198&peptide_id=38907&scanf=46311&charge=3&value=0,R.IGEWELIQESGVPLKPLFGPGYTGIR.N,/core/www/modules/show_out/show_out_wrapper.php?run_id=110202&search_id=114132&scans_id=110198&peptide_id=38907&scanf=46311&charge=3&value=R.IGEWELIQESGVPLKPLFGPGYTGIR.N,USP5,3.736e+6,3.536,0.001,3.202,0.000
46312,3,"  2.963","  0.633",15/56,/core/www/modules//sdig/index.php?run_id=110202&search_id=114132&scans_id=110198&peptide_id=38908&scanf=46312&charge=3&value=15/56,sp|Q96L91|EP400_HUMAN,/core/www/modules//consensus/?run_id=110202&search_id=114132&scans_id=110198&peptide_id=38908&scanf=46312&charge=3&value=sp|Q96L91|EP400_HUMAN,0,/core/www/modules/match_peptides/blast_html4.php?run_id=110202&search_id=114132&scans_id=110198&peptide_id=38908&scanf=46312&charge=3&value=0,K.DIADVTAVAEAILPK.G,/core/www/modules/show_out/show_out_wrapper.php?run_id=110202&search_id=114132&scans_id=110198&peptide_id=38908&scanf=46312&charge=3&value=K.DIADVTAVAEAILPK.G,EP400,2.120e+6,3.460,0.001,3.089,0.000
46320,3,"  5.337","  0.740",23/64,/core/www/modules//sdig/index.php?run_id=110202&search_id=114132&scans_id=110198&peptide_id=38916&scanf=46320&charge=3&value=23/64,sp|Q9H0A0|NAT10_HUMAN,/core/www/modules//consensus/?run_id=110202&search_id=114132&scans_id=110198&peptide_id=38916&scanf=46320&charge=3&value=sp|Q9H0A0|NAT10_HUMAN,0,/core/www/modules/match_peptides/blast_html4.php?run_id=110202&search_id=114132&scans_id=110198&peptide_id=38916&scanf=46320&charge=3&value=0,R.NMVDYHLIMDMIPAISR.I,/core/www/modules/show_out/show_out_wrapper.php?run_id=110202&search_id=114132&scans_id=110198&peptide_id=38916&scanf=46320&charge=3&value=R.NMVDYHLIMDMIPAISR.I,NAT10,1.630e+7,4.149,0.000,4.111,0.000
46322,4,"  6.806","  0.317",16/180,/core/www/modules//sdig/index.php?run_id=110202&search_id=114132&scans_id=110198&peptide_id=38918&scanf=46322&charge=4&value=16/180,sp|Q8NE71|ABCF1_HUMAN,/core/www/modules//consensus/?run_id=110202&search_id=114132&scans_id=110198&peptide_id=38918&scanf=46322&charge=4&value=sp|Q8NE71|ABCF1_HUMAN,2,/core/www/modules/match_peptides/blast_html4.php?run_id=110202&search_id=114132&scans_id=110198&peptide_id=38918&scanf=46322&charge=4&value=2,R.FTFPDPPPLSPPVLGLHGVTFGYQGQKPLFK.N,/core/www/modules/show_out/show_out_wrapper.php?run_id=110202&search_id=114132&scans_id=110198&peptide_id=38918&scanf=46322&charge=4&value=R.FTFPDPPPLSPPVLGLHGVTFGYQGQKPLFK.N,ABCF1,1.633e+6,2.217,0.054,1.269,0.002
46323,3,"  4.807","  0.696",22/84,/core/www/modules//sdig/index.php?run_id=110202&search_id=114132&scans_id=110198&peptide_id=38919&scanf=46323&charge=3&value=22/84,sp|Q13838|DX39B_HUMAN,/core/www/modules//consensus/?run_id=110202&search_id=114132&scans_id=110198&peptide_id=38919&scanf=46323&charge=3&value=sp|Q13838|DX39B_HUMAN,1,/core/www/modules/match_peptides/blast_html4.php?run_id=110202&search_id=114132&scans_id=110198&peptide_id=38919&scanf=46323&charge=3&value=1,R.FEVNISELPDEIDISSYIEQTR.-,/core/www/modules/show_out/show_out_wrapper.php?run_id=110202&search_id=114132&scans_id=110198&peptide_id=38919&scanf=46323&charge=3&value=R.FEVNISELPDEIDISSYIEQTR.-,DDX39B,7.247e+6,3.437,0.001,3.054,0.000
46324,3,"  3.554","  0.611",17/68,/core/www/modules//sdig/index.php?run_id=110202&search_id=114132&scans_id=110198&peptide_id=38920&scanf=46324&charge=3&value=17/68,sp|Q9NY61|AATF_HUMAN,/core/www/modules//consensus/?run_id=110202&search_id=114132&scans_id=110198&peptide_id=38920&scanf=46324&charge=3&value=sp|Q9NY61|AATF_HUMAN,7,/core/www/modules/match_peptides/blast_html4.php?run_id=110202&search_id=114132&scans_id=110198&peptide_id=38920&scanf=46324&charge=3&value=7,K.ALLTTNQLPQPDVFPLFK.D,/core/www/modules/show_out/show_out_wrapper.php?run_id=110202&search_id=114132&scans_id=110198&peptide_id=38920&scanf=46324&charge=3&value=K.ALLTTNQLPQPDVFPLFK.D,AATF,7.195e+6,3.260,0.002,2.793,0.000
46327,3,"  5.028","  0.579",19/88,/core/www/modules//sdig/index.php?run_id=110202&search_id=114132&scans_id=110198&peptide_id=38923&scanf=46327&charge=3&value=19/88,sp|Q10570|CPSF1_HUMAN,/core/www/modules//consensus/?run_id=110202&search_id=114132&scans_id=110198&peptide_id=38923&scanf=46327&charge=3&value=sp|Q10570|CPSF1_HUMAN,0,/core/www/modules/match_peptides/blast_html4.php?run_id=110202&search_id=114132&scans_id=110198&peptide_id=38923&scanf=46327&charge=3&value=0,K.AAASVLTTSMVTMEPGYLFLGSR.L,/core/www/modules/show_out/show_out_wrapper.php?run_id=110202&search_id=114132&scans_id=110198&peptide_id=38923&scanf=46327&charge=3&value=K.AAASVLTTSMVTMEPGYLFLGSR.L,CPSF1,3.370e+6,3.143,0.002,2.620,0.000
46331,2,"  6.444","  0.763",23/42,/core/www/modules//sdig/index.php?run_id=110202&search_id=114132&scans_id=110198&peptide_id=38928&scanf=46331&charge=2&value=23/42,sp|P62081|RS7_HUMAN,/core/www/modules//consensus/?run_id=110202&search_id=114132&scans_id=110198&peptide_id=38928&scanf=46331&charge=2&value=sp|P62081|RS7_HUMAN,2,/core/www/modules/match_peptides/blast_html4.php?run_id=110202&search_id=114132&scans_id=110198&peptide_id=38928&scanf=46331&charge=2&value=2,R.TLTAVHDAILEDLVFPSEIVGK.R,/core/www/modules/show_out/show_out_wrapper.php?run_id=110202&search_id=114132&scans_id=110198&peptide_id=38928&scanf=46331&charge=2&value=R.TLTAVHDAILEDLVFPSEIVGK.R,RPS7,9.663e+5,3.862,0.000,3.685,0.000
46332,3,"  3.057","  0.542",13/68,/core/www/modules//sdig/index.php?run_id=110202&search_id=114132&scans_id=110198&peptide_id=38929&scanf=46332&charge=3&value=13/68,sp|Q99460|PSMD1_HUMAN,/core/www/modules//consensus/?run_id=110202&search_id=114132&scans_id=110198&peptide_id=38929&scanf=46332&charge=3&value=sp|Q99460|PSMD1_HUMAN,14,/core/www/modules/match_peptides/blast_html4.php?run_id=110202&search_id=114132&scans_id=110198&peptide_id=38929&scanf=46332&charge=3&value=14,K.LNAVVNDFWAEISESVDK.I,/core/www/modules/show_out/show_out_wrapper.php?run_id=110202&search_id=114132&scans_id=110198&peptide_id=38929&scanf=46332&charge=3&value=K.LNAVVNDFWAEISESVDK.I,PSMD1,5.711e+6,3.043,0.003,2.472,0.000
46333,2,"  2.514","  0.353",8/26,/core/www/modules//sdig/index.php?run_id=110202&search_id=114132&scans_id=110198&peptide_id=38930&scanf=46333&charge=2&value=8/26,sp|Q8IUH3|RBM45_HUMAN,/core/www/modules//consensus/?run_id=110202&search_id=114132&scans_id=110198&peptide_id=38930&scanf=46333&charge=2&value=sp|Q8IUH3|RBM45_HUMAN,0,/core/www/modules/match_peptides/blast_html4.php?run_id=110202&search_id=114132&scans_id=110198&peptide_id=38930&scanf=46333&charge=2&value=0,R.FSPFGDIQDIWVVR.D,/core/www/modules/show_out/show_out_wrapper.php?run_id=110202&search_id=114132&scans_id=110198&peptide_id=38930&scanf=46333&charge=2&value=R.FSPFGDIQDIWVVR.D,RBM45,1.403e+6,2.094,0.080,1.099,0.003
46336,2,"  5.403","  0.692",19/36,/core/www/modules//sdig/index.php?run_id=110202&search_id=114132&scans_id=110198&peptide_id=38933&scanf=46336&charge=2&value=19/36,sp|P40926|MDHM_HUMAN,/core/www/modules//consensus/?run_id=110202&search_id=114132&scans_id=110198&peptide_id=38933&scanf=46336&charge=2&value=sp|P40926|MDHM_HUMAN,0,/core/www/modules/match_peptides/blast_html4.php?run_id=110202&search_id=114132&scans_id=110198&peptide_id=38933&scanf=46336&charge=2&value=0,K.VAVLGASGGIGQPLSLLLK.N,/core/www/modules/show_out/show_out_wrapper.php?run_id=110202&search_id=114132&scans_id=110198&peptide_id=38933&scanf=46336&charge=2&value=K.VAVLGASGGIGQPLSLLLK.N,MDH2,5.779e+7,3.589,0.001,3.280,0.000
46340,3,"  5.167","  0.746",22/72,/core/www/modules//sdig/index.php?run_id=110202&search_id=114132&scans_id=110198&peptide_id=38937&scanf=46340&charge=3&value=22/72,sp|P04908|H2A1B_HUMAN,/core/www/modules//consensus/?run_id=110202&search_id=114132&scans_id=110198&peptide_id=38937&scanf=46340&charge=3&value=sp|P04908|H2A1B_HUMAN,12,/core/www/modules/match_peptides/blast_html4.php?run_id=110202&search_id=114132&scans_id=110198&peptide_id=38937&scanf=46340&charge=3&value=12,R.VTIAQGGVLPNIQAVLLPK.K,/core/www/modules/show_out/show_out_wrapper.php?run_id=110202&search_id=114132&scans_id=110198&peptide_id=38937&scanf=46340&charge=3&value=R.VTIAQGGVLPNIQAVLLPK.K,H2AC8,1.157e+9,4.065,0.000,3.985,0.000
46343,2,"  3.033","  0.606",15/22,/core/www/modules//sdig/index.php?run_id=110202&search_id=114132&scans_id=110198&peptide_id=38940&scanf=46343&charge=2&value=15/22,sp|P78527|PRKDC_HUMAN,/core/www/modules//consensus/?run_id=110202&search_id=114132&scans_id=110198&peptide_id=38940&scanf=46343&charge=2&value=sp|P78527|PRKDC_HUMAN,1,/core/www/modules/match_peptides/blast_html4.php?run_id=110202&search_id=114132&scans_id=110198&peptide_id=38940&scanf=46343&charge=2&value=1,K.QLFSSLFSGILK.E,/core/www/modules/show_out/show_out_wrapper.php?run_id=110202&search_id=114132&scans_id=110198&peptide_id=38940&scanf=46343&charge=2&value=K.QLFSSLFSGILK.E,PRKDC,5.212e+7,4.488,0.000,4.613,0.000
46344,3,"  4.421","  0.708",23/80,/core/www/modules//sdig/index.php?run_id=110202&search_id=114132&scans_id=110198&peptide_id=38941&scanf=46344&charge=3&value=23/80,sp|Q5UIP0|RIF1_HUMAN,/core/www/modules//consensus/?run_id=110202&search_id=114132&scans_id=110198&peptide_id=38941&scanf=46344&charge=3&value=sp|Q5UIP0|RIF1_HUMAN,1,/core/www/modules/match_peptides/blast_html4.php?run_id=110202&search_id=114132&scans_id=110198&peptide_id=38941&scanf=46344&charge=3&value=1,K.LVLSLEPLEHPLISSPSFFSK.H,/core/www/modules/show_out/show_out_wrapper.php?run_id=110202&search_id=114132&scans_id=110198&peptide_id=38941&scanf=46344&charge=3&value=K.LVLSLEPLEHPLISSPSFFSK.H,RIF1,6.496e+6,3.647,0.000,3.366,0.000
46348,3,"  4.732","  0.644",22/80,/core/www/modules//sdig/index.php?run_id=110202&search_id=114132&scans_id=110198&peptide_id=38945&scanf=46348&charge=3&value=22/80,sp|O15160|RPAC1_HUMAN,/core/www/modules//consensus/?run_id=110202&search_id=114132&scans_id=110198&peptide_id=38945&scanf=46348&charge=3&value=sp|O15160|RPAC1_HUMAN,3,/core/www/modules/match_peptides/blast_html4.php?run_id=110202&search_id=114132&scans_id=110198&peptide_id=38945&scanf=46348&charge=3&value=3,R.LLPDITLLEPVEGEAAEELSR.C,/core/www/modules/show_out/show_out_wrapper.php?run_id=110202&search_id=114132&scans_id=110198&peptide_id=38945&scanf=46348&charge=3&value=R.LLPDITLLEPVEGEAAEELSR.C,POLR1C,5.753e+6,3.281,0.001,2.824,0.000
46349,2,"  5.480","  0.698",24/36,/core/www/modules//sdig/index.php?run_id=110202&search_id=114132&scans_id=110198&peptide_id=38946&scanf=46349&charge=2&value=24/36,sp|P40926|MDHM_HUMAN,/core/www/modules//consensus/?run_id=110202&search_id=114132&scans_id=110198&peptide_id=38946&scanf=46349&charge=2&value=sp|P40926|MDHM_HUMAN,0,/core/www/modules/match_peptides/blast_html4.php?run_id=110202&search_id=114132&scans_id=110198&peptide_id=38946&scanf=46349&charge=2&value=0,K.VAVLGASGGIGQPLSLLLK.N,/core/www/modules/show_out/show_out_wrapper.php?run_id=110202&search_id=114132&scans_id=110198&peptide_id=38946&scanf=46349&charge=2&value=K.VAVLGASGGIGQPLSLLLK.N,MDH2,5.779e+7,3.894,0.000,3.733,0.000
46350,2,"  3.250","  0.574",13/26,/core/www/modules//sdig/index.php?run_id=110202&search_id=114132&scans_id=110198&peptide_id=38948&scanf=46350&charge=2&value=13/26,sp|P49756|RBM25_HUMAN,/core/www/modules//consensus/?run_id=110202&search_id=114132&scans_id=110198&peptide_id=38948&scanf=46350&charge=2&value=sp|P49756|RBM25_HUMAN,1,/core/www/modules/match_peptides/blast_html4.php?run_id=110202&search_id=114132&scans_id=110198&peptide_id=38948&scanf=46350&charge=2&value=1,R.FPVAPLIPYPLITK.E,/core/www/modules/show_out/show_out_wrapper.php?run_id=110202&search_id=114132&scans_id=110198&peptide_id=38948&scanf=46350&charge=2&value=R.FPVAPLIPYPLITK.E,RBM25,3.104e+6,3.235,0.002,2.755,0.000
46353,3,"  4.864","  0.657",20/84,/core/www/modules//sdig/index.php?run_id=110202&search_id=114132&scans_id=110198&peptide_id=38951&scanf=46353&charge=3&value=20/84,sp|P12956|XRCC6_HUMAN,/core/www/modules//consensus/?run_id=110202&search_id=114132&scans_id=110198&peptide_id=38951&scanf=46353&charge=3&value=sp|P12956|XRCC6_HUMAN,1,/core/www/modules/match_peptides/blast_html4.php?run_id=110202&search_id=114132&scans_id=110198&peptide_id=38951&scanf=46353&charge=3&value=1,R.NLEALALDLM*EPEQAVDLTLPK.V,/core/www/modules/show_out/show_out_wrapper.php?run_id=110202&search_id=114132&scans_id=110198&peptide_id=38951&scanf=46353&charge=3&value=R.NLEALALDLM*EPEQAVDLTLPK.V,XRCC6,5.291e+6,3.544,0.001,3.213,0.000
46354,3,"  6.133","  0.756",27/80,/core/www/modules//sdig/index.php?run_id=110202&search_id=114132&scans_id=110198&peptide_id=38952&scanf=46354&charge=3&value=27/80,sp|P06748|NPM_HUMAN,/core/www/modules//consensus/?run_id=110202&search_id=114132&scans_id=110198&peptide_id=38952&scanf=46354&charge=3&value=sp|P06748|NPM_HUMAN,7,/core/www/modules/match_peptides/blast_html4.php?run_id=110202&search_id=114132&scans_id=110198&peptide_id=38952&scanf=46354&charge=3&value=7,K.MSVQPTVSLGGFEITPPVVLR.L,/core/www/modules/show_out/show_out_wrapper.php?run_id=110202&search_id=114132&scans_id=110198&peptide_id=38952&scanf=46354&charge=3&value=K.MSVQPTVSLGGFEITPPVVLR.L,NPM1,1.795e+8,3.991,0.000,3.876,0.000
46355,3,"  6.526","  0.701",25/96,/core/www/modules//sdig/index.php?run_id=110202&search_id=114132&scans_id=110198&peptide_id=38953&scanf=46355&charge=3&value=25/96,sp|Q9NU22|MDN1_HUMAN,/core/www/modules//consensus/?run_id=110202&search_id=114132&scans_id=110198&peptide_id=38953&scanf=46355&charge=3&value=sp|Q9NU22|MDN1_HUMAN,0,/core/www/modules/match_peptides/blast_html4.php?run_id=110202&search_id=114132&scans_id=110198&peptide_id=38953&scanf=46355&charge=3&value=0,R.ASPWDVSGLPILSSSHVTLGEWVER.T,/core/www/modules/show_out/show_out_wrapper.php?run_id=110202&search_id=114132&scans_id=110198&peptide_id=38953&scanf=46355&charge=3&value=R.ASPWDVSGLPILSSSHVTLGEWVER.T,MDN1,2.594e+6,3.852,0.000,3.669,0.000
46356,3,"  4.573","  0.493",12/72,/core/www/modules//sdig/index.php?run_id=110202&search_id=114132&scans_id=110198&peptide_id=38954&scanf=46356&charge=3&value=12/72,sp|P54727|RD23B_HUMAN,/core/www/modules//consensus/?run_id=110202&search_id=114132&scans_id=110198&peptide_id=38954&scanf=46356&charge=3&value=sp|P54727|RD23B_HUMAN,0,/core/www/modules/match_peptides/blast_html4.php?run_id=110202&search_id=114132&scans_id=110198&peptide_id=38954&scanf=46356&charge=3&value=0,R.QIIQQNPSLLPALLQQIGR.E,/core/www/modules/show_out/show_out_wrapper.php?run_id=110202&search_id=114132&scans_id=110198&peptide_id=38954&scanf=46356&charge=3&value=R.QIIQQNPSLLPALLQQIGR.E,RAD23B,1.917e+6,2.729,0.010,2.008,0.000
46358,2,"  4.958","  0.673",19/40,/core/www/modules//sdig/index.php?run_id=110202&search_id=114132&scans_id=110198&peptide_id=38956&scanf=46358&charge=2&value=19/40,sp|O15160|RPAC1_HUMAN,/core/www/modules//consensus/?run_id=110202&search_id=114132&scans_id=110198&peptide_id=38956&scanf=46358&charge=2&value=sp|O15160|RPAC1_HUMAN,3,/core/www/modules/match_peptides/blast_html4.php?run_id=110202&search_id=114132&scans_id=110198&peptide_id=38956&scanf=46358&charge=2&value=3,R.LLPDITLLEPVEGEAAEELSR.C,/core/www/modules/show_out/show_out_wrapper.php?run_id=110202&search_id=114132&scans_id=110198&peptide_id=38956&scanf=46358&charge=2&value=R.LLPDITLLEPVEGEAAEELSR.C,POLR1C,1.656e+6,3.253,0.002,2.782,0.000
46362,2,"  3.563","  0.603",15/22,/core/www/modules//sdig/index.php?run_id=110202&search_id=114132&scans_id=110198&peptide_id=38960&scanf=46362&charge=2&value=15/22,sp|P61224|RAP1B_HUMAN,/core/www/modules//consensus/?run_id=110202&search_id=114132&scans_id=110198&peptide_id=38960&scanf=46362&charge=2&value=sp|P61224|RAP1B_HUMAN,5,/core/www/modules/match_peptides/blast_html4.php?run_id=110202&search_id=114132&scans_id=110198&peptide_id=38960&scanf=46362&charge=2&value=5,K.INVNEIFYDLVR.Q,/core/www/modules/show_out/show_out_wrapper.php?run_id=110202&search_id=114132&scans_id=110198&peptide_id=38960&scanf=46362&charge=2&value=K.INVNEIFYDLVR.Q,RAP1B,2.339e+7,3.677,0.000,3.410,0.000
46363,3,"  4.729","  0.596",21/72,/core/www/modules//sdig/index.php?run_id=110202&search_id=114132&scans_id=110198&peptide_id=38961&scanf=46363&charge=3&value=21/72,sp|Q9Y5Q8|TF3C5_HUMAN,/core/www/modules//consensus/?run_id=110202&search_id=114132&scans_id=110198&peptide_id=38961&scanf=46363&charge=3&value=sp|Q9Y5Q8|TF3C5_HUMAN,3,/core/www/modules/match_peptides/blast_html4.php?run_id=110202&search_id=114132&scans_id=110198&peptide_id=38961&scanf=46363&charge=3&value=3,K.EAFFHQELPLYIPPPIFSR.L,/core/www/modules/show_out/show_out_wrapper.php?run_id=110202&search_id=114132&scans_id=110198&peptide_id=38961&scanf=46363&charge=3&value=K.EAFFHQELPLYIPPPIFSR.L,GTF3C5,3.470e+7,3.370,0.001,2.955,0.000
46364,3,"  5.372","  0.800",29/92,/core/www/modules//sdig/index.php?run_id=110202&search_id=114132&scans_id=110198&peptide_id=38962&scanf=46364&charge=3&value=29/92,sp|P56537|IF6_HUMAN,/core/www/modules//consensus/?run_id=110202&search_id=114132&scans_id=110198&peptide_id=38962&scanf=46364&charge=3&value=sp|P56537|IF6_HUMAN,1,/core/www/modules/match_peptides/blast_html4.php?run_id=110202&search_id=114132&scans_id=110198&peptide_id=38962&scanf=46364&charge=3&value=1,K.TSIEDQDELSSLLQVPLVAGTVNR.G,/core/www/modules/show_out/show_out_wrapper.php?run_id=110202&search_id=114132&scans_id=110198&peptide_id=38962&scanf=46364&charge=3&value=K.TSIEDQDELSSLLQVPLVAGTVNR.G,EIF6,2.445e+7,3.915,0.000,3.763,0.000
46365,3,"  6.209","  0.680",27/84,/core/www/modules//sdig/index.php?run_id=110202&search_id=114132&scans_id=110198&peptide_id=38963&scanf=46365&charge=3&value=27/84,sp|Q9BQG0|MBB1A_HUMAN,/core/www/modules//consensus/?run_id=110202&search_id=114132&scans_id=110198&peptide_id=38963&scanf=46365&charge=3&value=sp|Q9BQG0|MBB1A_HUMAN,2,/core/www/modules/match_peptides/blast_html4.php?run_id=110202&search_id=114132&scans_id=110198&peptide_id=38963&scanf=46365&charge=3&value=2,R.LVSIVDSLHLEMEEALTEQVAR.F,/core/www/modules/show_out/show_out_wrapper.php?run_id=110202&search_id=114132&scans_id=110198&peptide_id=38963&scanf=46365&charge=3&value=R.LVSIVDSLHLEMEEALTEQVAR.F,MYBBP1A,7.524e+6,3.821,0.000,3.624,0.000
46367,3,"  6.042","  0.706",22/84,/core/www/modules//sdig/index.php?run_id=110202&search_id=114132&scans_id=110198&peptide_id=38965&scanf=46367&charge=3&value=22/84,sp|P12956|XRCC6_HUMAN,/core/www/modules//consensus/?run_id=110202&search_id=114132&scans_id=110198&peptide_id=38965&scanf=46367&charge=3&value=sp|P12956|XRCC6_HUMAN,1,/core/www/modules/match_peptides/blast_html4.php?run_id=110202&search_id=114132&scans_id=110198&peptide_id=38965&scanf=46367&charge=3&value=1,R.NLEALALDLM*EPEQAVDLTLPK.V,/core/www/modules/show_out/show_out_wrapper.php?run_id=110202&search_id=114132&scans_id=110198&peptide_id=38965&scanf=46367&charge=3&value=R.NLEALALDLM*EPEQAVDLTLPK.V,XRCC6,5.291e+6,3.806,0.000,3.601,0.000
46371,3,"  3.147","  0.531",15/60,/core/www/modules//sdig/index.php?run_id=110202&search_id=114132&scans_id=110198&peptide_id=38970&scanf=46371&charge=3&value=15/60,sp|Q14019|COTL1_HUMAN,/core/www/modules//consensus/?run_id=110202&search_id=114132&scans_id=110198&peptide_id=38970&scanf=46371&charge=3&value=sp|Q14019|COTL1_HUMAN,1,/core/www/modules/match_peptides/blast_html4.php?run_id=110202&search_id=114132&scans_id=110198&peptide_id=38970&scanf=46371&charge=3&value=1,K.FALITWIGENVSGLQR.A,/core/www/modules/show_out/show_out_wrapper.php?run_id=110202&search_id=114132&scans_id=110198&peptide_id=38970&scanf=46371&charge=3&value=K.FALITWIGENVSGLQR.A,COTL1,1.095e+7,3.126,0.003,2.594,0.000
46375,2,"  2.982","  0.651",12/24,/core/www/modules//sdig/index.php?run_id=110202&search_id=114132&scans_id=110198&peptide_id=38974&scanf=46375&charge=2&value=12/24,sp|P49915|GUAA_HUMAN,/core/www/modules//consensus/?run_id=110202&search_id=114132&scans_id=110198&peptide_id=38974&scanf=46375&charge=2&value=sp|P49915|GUAA_HUMAN,0,/core/www/modules/match_peptides/blast_html4.php?run_id=110202&search_id=114132&scans_id=110198&peptide_id=38974&scanf=46375&charge=2&value=0,K.DEPDWESLIFLAR.L,/core/www/modules/show_out/show_out_wrapper.php?run_id=110202&search_id=114132&scans_id=110198&peptide_id=38974&scanf=46375&charge=2&value=K.DEPDWESLIFLAR.L,GMPS,3.317e+6,3.489,0.001,3.132,0.000
46378,3,"  4.910","  0.746",21/60,/core/www/modules//sdig/index.php?run_id=110202&search_id=114132&scans_id=110198&peptide_id=38977&scanf=46378&charge=3&value=21/60,sp|A6NMY6|AXA2L_HUMAN,/core/www/modules//consensus/?run_id=110202&search_id=114132&scans_id=110198&peptide_id=38977&scanf=46378&charge=3&value=sp|A6NMY6|AXA2L_HUMAN,16,/core/www/modules/match_peptides/blast_html4.php?run_id=110202&search_id=114132&scans_id=110198&peptide_id=38977&scanf=46378&charge=3&value=16,K.SALSGHLETVILGLLK.T,/core/www/modules/show_out/show_out_wrapper.php?run_id=110202&search_id=114132&scans_id=110198&peptide_id=38977&scanf=46378&charge=3&value=K.SALSGHLETVILGLLK.T,ANXA2P2,1.621e+7,4.100,0.000,4.037,0.000
46382,3,"  4.646","  0.743",21/72,/core/www/modules//sdig/index.php?run_id=110202&search_id=114132&scans_id=110198&peptide_id=38981&scanf=46382&charge=3&value=21/72,sp|O75643|U520_HUMAN,/core/www/modules//consensus/?run_id=110202&search_id=114132&scans_id=110198&peptide_id=38981&scanf=46382&charge=3&value=sp|O75643|U520_HUMAN,1,/core/www/modules/match_peptides/blast_html4.php?run_id=110202&search_id=114132&scans_id=110198&peptide_id=38981&scanf=46382&charge=3&value=1,K.YPPPTELLDLQPLPVSALR.N,/core/www/modules/show_out/show_out_wrapper.php?run_id=110202&search_id=114132&scans_id=110198&peptide_id=38981&scanf=46382&charge=3&value=K.YPPPTELLDLQPLPVSALR.N,SNRNP200,4.760e+7,4.085,0.000,4.016,0.000
46384,3,"  4.541","  0.671",21/72,/core/www/modules//sdig/index.php?run_id=110202&search_id=114132&scans_id=110198&peptide_id=38983&scanf=46384&charge=3&value=21/72,sp|P08670|VIME_HUMAN,/core/www/modules//consensus/?run_id=110202&search_id=114132&scans_id=110198&peptide_id=38983&scanf=46384&charge=3&value=sp|P08670|VIME_HUMAN,3,/core/www/modules/match_peptides/blast_html4.php?run_id=110202&search_id=114132&scans_id=110198&peptide_id=38983&scanf=46384&charge=3&value=3,R.LLQDSVDFSLADAINTEFK.N,/core/www/modules/show_out/show_out_wrapper.php?run_id=110202&search_id=114132&scans_id=110198&peptide_id=38983&scanf=46384&charge=3&value=R.LLQDSVDFSLADAINTEFK.N,VIM,1.196e+8,4.059,0.000,3.976,0.000
46385,3,"  5.810","  0.531",20/88,/core/www/modules//sdig/index.php?run_id=110202&search_id=114132&scans_id=110198&peptide_id=38984&scanf=46385&charge=3&value=20/88,sp|P42704|LPPRC_HUMAN,/core/www/modules//consensus/?run_id=110202&search_id=114132&scans_id=110198&peptide_id=38984&scanf=46385&charge=3&value=sp|P42704|LPPRC_HUMAN,11,/core/www/modules/match_peptides/blast_html4.php?run_id=110202&search_id=114132&scans_id=110198&peptide_id=38984&scanf=46385&charge=3&value=11,K.YAGEPVPFIEPPESFEFYAQQLR.K,/core/www/modules/show_out/show_out_wrapper.php?run_id=110202&search_id=114132&scans_id=110198&peptide_id=38984&scanf=46385&charge=3&value=K.YAGEPVPFIEPPESFEFYAQQLR.K,LRPPRC,2.378e+7,2.991,0.004,2.394,0.000
46388,3,"  2.797","  0.428",14/48,/core/www/modules//sdig/index.php?run_id=110202&search_id=114132&scans_id=110198&peptide_id=38987&scanf=46388&charge=3&value=14/48,sp|O60506|HNRPQ_HUMAN,/core/www/modules//consensus/?run_id=110202&search_id=114132&scans_id=110198&peptide_id=38987&scanf=46388&charge=3&value=sp|O60506|HNRPQ_HUMAN,8,/core/www/modules/match_peptides/blast_html4.php?run_id=110202&search_id=114132&scans_id=110198&peptide_id=38987&scanf=46388&charge=3&value=8,R.DLFEDELVPLFEK.A,/core/www/modules/show_out/show_out_wrapper.php?run_id=110202&search_id=114132&scans_id=110198&peptide_id=38987&scanf=46388&charge=3&value=R.DLFEDELVPLFEK.A,SYNCRIP,1.388e+7,3.009,0.004,2.421,0.000
46389,4,"  3.563","  0.433",11/228,/core/www/modules//sdig/index.php?run_id=110202&search_id=114132&scans_id=110198&peptide_id=38988&scanf=46389&charge=4&value=11/228,sp|Q9Y2W2|WBP11_HUMAN,/core/www/modules//consensus/?run_id=110202&search_id=114132&scans_id=110198&peptide_id=38988&scanf=46389&charge=4&value=sp|Q9Y2W2|WBP11_HUMAN,0,/core/www/modules/match_peptides/blast_html4.php?run_id=110202&search_id=114132&scans_id=110198&peptide_id=38988&scanf=46389&charge=4&value=0,K.NAQHVEVESIPLPDMPHAPSNILIQDIPLPGAQPPSILK.K,/core/www/modules/show_out/show_out_wrapper.php?run_id=110202&search_id=114132&scans_id=110198&peptide_id=38988&scanf=46389&charge=4&value=K.NAQHVEVESIPLPDMPHAPSNILIQDIPLPGAQPPSILK.K,WBP11,1.884e+6,2.179,0.061,1.217,0.002
46391,3,"  4.936","  0.000",23/72,/core/www/modules//sdig/index.php?run_id=110202&search_id=114132&scans_id=110198&peptide_id=38991&scanf=46391&charge=3&value=23/72,sp|Q9Y2X3|NOP58_HUMAN,/core/www/modules//consensus/?run_id=110202&search_id=114132&scans_id=110198&peptide_id=38991&scanf=46391&charge=3&value=sp|Q9Y2X3|NOP58_HUMAN,1,/core/www/modules/match_peptides/blast_html4.php?run_id=110202&search_id=114132&scans_id=110198&peptide_id=38991&scanf=46391&charge=3&value=1,R.MM*AIAPNVTVMVGELVGAR.L,/core/www/modules/show_out/show_out_wrapper.php?run_id=110202&search_id=114132&scans_id=110198&peptide_id=38991&scanf=46391&charge=3&value=R.MM*AIAPNVTVMVGELVGAR.L,NOP58,5.303e+6,3.570,0.001,3.252,0.000
46396,3,"  5.271","  0.769",26/72,/core/www/modules//sdig/index.php?run_id=110202&search_id=114132&scans_id=110198&peptide_id=38996&scanf=46396&charge=3&value=26/72,sp|Q53GS9|SNUT2_HUMAN,/core/www/modules//consensus/?run_id=110202&search_id=114132&scans_id=110198&peptide_id=38996&scanf=46396&charge=3&value=sp|Q53GS9|SNUT2_HUMAN,2,/core/www/modules/match_peptides/blast_html4.php?run_id=110202&search_id=114132&scans_id=110198&peptide_id=38996&scanf=46396&charge=3&value=2,K.ANDYANAVLQALSNVPPLR.N,/core/www/modules/show_out/show_out_wrapper.php?run_id=110202&search_id=114132&scans_id=110198&peptide_id=38996&scanf=46396&charge=3&value=K.ANDYANAVLQALSNVPPLR.N,USP39,2.748e+7,4.069,0.000,3.991,0.000
46399,3,"  4.850","  0.715",20/80,/core/www/modules//sdig/index.php?run_id=110202&search_id=114132&scans_id=110198&peptide_id=38999&scanf=46399&charge=3&value=20/80,sp|P42696|RBM34_HUMAN,/core/www/modules//consensus/?run_id=110202&search_id=114132&scans_id=110198&peptide_id=38999&scanf=46399&charge=3&value=sp|P42696|RBM34_HUMAN,3,/core/www/modules/match_peptides/blast_html4.php?run_id=110202&search_id=114132&scans_id=110198&peptide_id=38999&scanf=46399&charge=3&value=3,R.LASLFSSLEPQIQPVYVPVPK.Q,/core/www/modules/show_out/show_out_wrapper.php?run_id=110202&search_id=114132&scans_id=110198&peptide_id=38999&scanf=46399&charge=3&value=R.LASLFSSLEPQIQPVYVPVPK.Q,RBM34,1.249e+7,3.647,0.000,3.366,0.000
46401,3,"  4.638","  0.655",20/60,/core/www/modules//sdig/index.php?run_id=110202&search_id=114132&scans_id=110198&peptide_id=39002&scanf=46401&charge=3&value=20/60,sp|P55196|AFAD_HUMAN,/core/www/modules//consensus/?run_id=110202&search_id=114132&scans_id=110198&peptide_id=39002&scanf=46401&charge=3&value=sp|P55196|AFAD_HUMAN,5,/core/www/modules/match_peptides/blast_html4.php?run_id=110202&search_id=114132&scans_id=110198&peptide_id=39002&scanf=46401&charge=3&value=5,K.IDDVLHTLTGAMSLLR.R,/core/www/modules/show_out/show_out_wrapper.php?run_id=110202&search_id=114132&scans_id=110198&peptide_id=39002&scanf=46401&charge=3&value=K.IDDVLHTLTGAMSLLR.R,AFDN,5.383e+6,3.658,0.000,3.383,0.000
46406,3,"  5.351","  0.577",23/88,/core/www/modules//sdig/index.php?run_id=110202&search_id=114132&scans_id=110198&peptide_id=39006&scanf=46406&charge=3&value=23/88,sp|Q8IZL8|PELP1_HUMAN,/core/www/modules//consensus/?run_id=110202&search_id=114132&scans_id=110198&peptide_id=39006&scanf=46406&charge=3&value=sp|Q8IZL8|PELP1_HUMAN,2,/core/www/modules/match_peptides/blast_html4.php?run_id=110202&search_id=114132&scans_id=110198&peptide_id=39006&scanf=46406&charge=3&value=2,R.SIQQVLQTQDPPATMELAVAVLR.D,/core/www/modules/show_out/show_out_wrapper.php?run_id=110202&search_id=114132&scans_id=110198&peptide_id=39006&scanf=46406&charge=3&value=R.SIQQVLQTQDPPATMELAVAVLR.D,PELP1,2.611e+6,3.211,0.002,2.719,0.000
46407,3,"  4.477","  0.627",19/84,/core/www/modules//sdig/index.php?run_id=110202&search_id=114132&scans_id=110198&peptide_id=39007&scanf=46407&charge=3&value=19/84,sp|P62081|RS7_HUMAN,/core/www/modules//consensus/?run_id=110202&search_id=114132&scans_id=110198&peptide_id=39007&scanf=46407&charge=3&value=sp|P62081|RS7_HUMAN,2,/core/www/modules/match_peptides/blast_html4.php?run_id=110202&search_id=114132&scans_id=110198&peptide_id=39007&scanf=46407&charge=3&value=2,R.TLTAVHDAILEDLVFPSEIVGK.R,/core/www/modules/show_out/show_out_wrapper.php?run_id=110202&search_id=114132&scans_id=110198&peptide_id=39007&scanf=46407&charge=3&value=R.TLTAVHDAILEDLVFPSEIVGK.R,RPS7,3.358e+7,3.233,0.002,2.752,0.000
46409,3,"  6.791","  0.708",26/76,/core/www/modules//sdig/index.php?run_id=110202&search_id=114132&scans_id=110198&peptide_id=39009&scanf=46409&charge=3&value=26/76,sp|Q9Y224|RTRAF_HUMAN,/core/www/modules//consensus/?run_id=110202&search_id=114132&scans_id=110198&peptide_id=39009&scanf=46409&charge=3&value=sp|Q9Y224|RTRAF_HUMAN,0,/core/www/modules/match_peptides/blast_html4.php?run_id=110202&search_id=114132&scans_id=110198&peptide_id=39009&scanf=46409&charge=3&value=0,K.HILGFDTGDAVLNEAAQILR.L,/core/www/modules/show_out/show_out_wrapper.php?run_id=110202&search_id=114132&scans_id=110198&peptide_id=39009&scanf=46409&charge=3&value=K.HILGFDTGDAVLNEAAQILR.L,RTRAF,5.226e+6,3.887,0.000,3.722,0.000
46411,3,"  5.304","  0.688",22/100,/core/www/modules//sdig/index.php?run_id=110202&search_id=114132&scans_id=110198&peptide_id=39012&scanf=46411&charge=3&value=22/100,sp|Q8WX92|NELFB_HUMAN,/core/www/modules//consensus/?run_id=110202&search_id=114132&scans_id=110198&peptide_id=39012&scanf=46411&charge=3&value=sp|Q8WX92|NELFB_HUMAN,1,/core/www/modules/match_peptides/blast_html4.php?run_id=110202&search_id=114132&scans_id=110198&peptide_id=39012&scanf=46411&charge=3&value=1,R.KPSPAQAAETPALELPLPSVPAPAPL.-,/core/www/modules/show_out/show_out_wrapper.php?run_id=110202&search_id=114132&scans_id=110198&peptide_id=39012&scanf=46411&charge=3&value=R.KPSPAQAAETPALELPLPSVPAPAPL.-,NELFB,2.631e+6,3.410,0.001,3.016,0.000
46412,3,"  6.614","  0.695",21/84,/core/www/modules//sdig/index.php?run_id=110202&search_id=114132&scans_id=110198&peptide_id=39013&scanf=46412&charge=3&value=21/84,sp|Q9UK61|TASOR_HUMAN,/core/www/modules//consensus/?run_id=110202&search_id=114132&scans_id=110198&peptide_id=39013&scanf=46412&charge=3&value=sp|Q9UK61|TASOR_HUMAN,0,/core/www/modules/match_peptides/blast_html4.php?run_id=110202&search_id=114132&scans_id=110198&peptide_id=39013&scanf=46412&charge=3&value=0,R.YADLLQANPLDTGAMGDVVIFK.I,/core/www/modules/show_out/show_out_wrapper.php?run_id=110202&search_id=114132&scans_id=110198&peptide_id=39013&scanf=46412&charge=3&value=R.YADLLQANPLDTGAMGDVVIFK.I,TASOR,3.453e+6,3.584,0.001,3.272,0.000
46417,3,"  3.207","  0.467",17/48,/core/www/modules//sdig/index.php?run_id=110202&search_id=114132&scans_id=110198&peptide_id=39018&scanf=46417&charge=3&value=17/48,sp|Q92616|GCN1_HUMAN,/core/www/modules//consensus/?run_id=110202&search_id=114132&scans_id=110198&peptide_id=39018&scanf=46417&charge=3&value=sp|Q92616|GCN1_HUMAN,0,/core/www/modules/match_peptides/blast_html4.php?run_id=110202&search_id=114132&scans_id=110198&peptide_id=39018&scanf=46417&charge=3&value=0,K.VDPLFTELLNGIR.A,/core/www/modules/show_out/show_out_wrapper.php?run_id=110202&search_id=114132&scans_id=110198&peptide_id=39018&scanf=46417&charge=3&value=K.VDPLFTELLNGIR.A,GCN1,2.291e+6,3.354,0.001,2.931,0.000
46420,2,"  2.190","  0.307",8/28,/core/www/modules//sdig/index.php?run_id=110202&search_id=114132&scans_id=110198&peptide_id=39022&scanf=46420&charge=2&value=8/28,sp|O00255|MEN1_HUMAN,/core/www/modules//consensus/?run_id=110202&search_id=114132&scans_id=110198&peptide_id=39022&scanf=46420&charge=2&value=sp|O00255|MEN1_HUMAN,3,/core/www/modules/match_peptides/blast_html4.php?run_id=110202&search_id=114132&scans_id=110198&peptide_id=39022&scanf=46420&charge=2&value=3,K.EFFEVANDVIPNLLK.E,/core/www/modules/show_out/show_out_wrapper.php?run_id=110202&search_id=114132&scans_id=110198&peptide_id=39022&scanf=46420&charge=2&value=K.EFFEVANDVIPNLLK.E,MEN1,1.571e+6,1.936,0.129,0.889,0.006
46422,2,"  2.432","  0.498",11/22,/core/www/modules//sdig/index.php?run_id=110202&search_id=114132&scans_id=110198&peptide_id=39024&scanf=46422&charge=2&value=11/22,sp|Q70CQ2|UBP34_HUMAN,/core/www/modules//consensus/?run_id=110202&search_id=114132&scans_id=110198&peptide_id=39024&scanf=46422&charge=2&value=sp|Q70CQ2|UBP34_HUMAN,1,/core/www/modules/match_peptides/blast_html4.php?run_id=110202&search_id=114132&scans_id=110198&peptide_id=39024&scanf=46422&charge=2&value=1,K.DMTEFFTDLITK.I,/core/www/modules/show_out/show_out_wrapper.php?run_id=110202&search_id=114132&scans_id=110198&peptide_id=39024&scanf=46422&charge=2&value=K.DMTEFFTDLITK.I,USP34,1.925e+6,2.999,0.004,2.407,0.000
46424,3,"  5.736","  0.687",26/96,/core/www/modules//sdig/index.php?run_id=110202&search_id=114132&scans_id=110198&peptide_id=39025&scanf=46424&charge=3&value=26/96,sp|P07237|PDIA1_HUMAN,/core/www/modules//consensus/?run_id=110202&search_id=114132&scans_id=110198&peptide_id=39025&scanf=46424&charge=3&value=sp|P07237|PDIA1_HUMAN,18,/core/www/modules/match_peptides/blast_html4.php?run_id=110202&search_id=114132&scans_id=110198&peptide_id=39025&scanf=46424&charge=3&value=18,K.QFLQAAEAIDDIPFGITSNSDVFSK.Y,/core/www/modules/show_out/show_out_wrapper.php?run_id=110202&search_id=114132&scans_id=110198&peptide_id=39025&scanf=46424&charge=3&value=K.QFLQAAEAIDDIPFGITSNSDVFSK.Y,P4HB,1.440e+7,3.517,0.001,3.174,0.000
46425,4,"  5.174","  0.710",25/162,/core/www/modules//sdig/index.php?run_id=110202&search_id=114132&scans_id=110198&peptide_id=39026&scanf=46425&charge=4&value=25/162,sp|Q05639|EF1A2_HUMAN,/core/www/modules//consensus/?run_id=110202&search_id=114132&scans_id=110198&peptide_id=39026&scanf=46425&charge=4&value=sp|Q05639|EF1A2_HUMAN,1,/core/www/modules/match_peptides/blast_html4.php?run_id=110202&search_id=114132&scans_id=110198&peptide_id=39026&scanf=46425&charge=4&value=1,K.EGNASGVSLLEALDTILPPTRPTDKPLR.L,/core/www/modules/show_out/show_out_wrapper.php?run_id=110202&search_id=114132&scans_id=110198&peptide_id=39026&scanf=46425&charge=4&value=K.EGNASGVSLLEALDTILPPTRPTDKPLR.L,EEF1A2,1.586e+7,3.688,0.000,3.426,0.000
46427,3,"  3.323","  0.541",18/100,/core/www/modules//sdig/index.php?run_id=110202&search_id=114132&scans_id=110198&peptide_id=39028&scanf=46427&charge=3&value=18/100,sp|Q9UI10|EI2BD_HUMAN,/core/www/modules//consensus/?run_id=110202&search_id=114132&scans_id=110198&peptide_id=39028&scanf=46427&charge=3&value=sp|Q9UI10|EI2BD_HUMAN,1,/core/www/modules/match_peptides/blast_html4.php?run_id=110202&search_id=114132&scans_id=110198&peptide_id=39028&scanf=46427&charge=3&value=1,R.SLVHAGVPASYLLIPAASYVLPEVSK.V,/core/www/modules/show_out/show_out_wrapper.php?run_id=110202&search_id=114132&scans_id=110198&peptide_id=39028&scanf=46427&charge=3&value=R.SLVHAGVPASYLLIPAASYVLPEVSK.V,EIF2B4,3.690e+6,2.640,0.013,1.878,0.000
46428,3,"  6.401","  0.585",21/108,/core/www/modules//sdig/index.php?run_id=110202&search_id=114132&scans_id=110198&peptide_id=39029&scanf=46428&charge=3&value=21/108,sp|O43818|U3IP2_HUMAN,/core/www/modules//consensus/?run_id=110202&search_id=114132&scans_id=110198&peptide_id=39029&scanf=46428&charge=3&value=sp|O43818|U3IP2_HUMAN,0,/core/www/modules/match_peptides/blast_html4.php?run_id=110202&search_id=114132&scans_id=110198&peptide_id=39029&scanf=46428&charge=3&value=0,K.VWNVAENSYVETLFGHQDAVAALDALSR.E,/core/www/modules/show_out/show_out_wrapper.php?run_id=110202&search_id=114132&scans_id=110198&peptide_id=39029&scanf=46428&charge=3&value=K.VWNVAENSYVETLFGHQDAVAALDALSR.E,RRP9,2.840e+6,2.922,0.005,2.293,0.000
46429,4,"  8.120","  0.108",26/222,/core/www/modules//sdig/index.php?run_id=110202&search_id=114132&scans_id=110198&peptide_id=39030&scanf=46429&charge=4&value=26/222,sp|P26368|U2AF2_HUMAN,/core/www/modules//consensus/?run_id=110202&search_id=114132&scans_id=110198&peptide_id=39030&scanf=46429&charge=4&value=sp|P26368|U2AF2_HUMAN,1,/core/www/modules/match_peptides/blast_html4.php?run_id=110202&search_id=114132&scans_id=110198&peptide_id=39030&scanf=46429&charge=4&value=1,K.AM*QAAGQIPATALLPTMTPDGLAVTPTPVPVVGSQMTR.Q,/core/www/modules/show_out/show_out_wrapper.php?run_id=110202&search_id=114132&scans_id=110198&peptide_id=39030&scanf=46429&charge=4&value=K.AM*QAAGQIPATALLPTMTPDGLAVTPTPVPVVGSQMTR.Q,U2AF2,3.125e+7,3.182,0.002,2.678,0.000
46430,2,"  3.320","  0.599",15/28,/core/www/modules//sdig/index.php?run_id=110202&search_id=114132&scans_id=110198&peptide_id=39032&scanf=46430&charge=2&value=15/28,sp|Q9UBB9|TFP11_HUMAN,/core/www/modules//consensus/?run_id=110202&search_id=114132&scans_id=110198&peptide_id=39032&scanf=46430&charge=2&value=sp|Q9UBB9|TFP11_HUMAN,0,/core/www/modules/match_peptides/blast_html4.php?run_id=110202&search_id=114132&scans_id=110198&peptide_id=39032&scanf=46430&charge=2&value=0,K.TWVPTSLQSLIDMAK.-,/core/www/modules/show_out/show_out_wrapper.php?run_id=110202&search_id=114132&scans_id=110198&peptide_id=39032&scanf=46430&charge=2&value=K.TWVPTSLQSLIDMAK.-,TFIP11,4.094e+6,3.379,0.001,2.968,0.000
46431,3,"  6.101","  0.426",23/84,/core/www/modules//sdig/index.php?run_id=110202&search_id=114132&scans_id=110198&peptide_id=39033&scanf=46431&charge=3&value=23/84,sp|O43143|DHX15_HUMAN,/core/www/modules//consensus/?run_id=110202&search_id=114132&scans_id=110198&peptide_id=39033&scanf=46431&charge=3&value=sp|O43143|DHX15_HUMAN,0,/core/www/modules/match_peptides/blast_html4.php?run_id=110202&search_id=114132&scans_id=110198&peptide_id=39033&scanf=46431&charge=3&value=0,K.LGIDDLVHFDFM*DPPAPETLMR.A,/core/www/modules/show_out/show_out_wrapper.php?run_id=110202&search_id=114132&scans_id=110198&peptide_id=39033&scanf=46431&charge=3&value=K.LGIDDLVHFDFM*DPPAPETLMR.A,DHX15,5.384e+6,3.143,0.002,2.620,0.000
46434,3,"  4.068","  0.385",12/84,/core/www/modules//sdig/index.php?run_id=110202&search_id=114132&scans_id=110198&peptide_id=39036&scanf=46434&charge=3&value=12/84,sp|P13010|XRCC5_HUMAN,/core/www/modules//consensus/?run_id=110202&search_id=114132&scans_id=110198&peptide_id=39036&scanf=46434&charge=3&value=sp|P13010|XRCC5_HUMAN,0,/core/www/modules/match_peptides/blast_html4.php?run_id=110202&search_id=114132&scans_id=110198&peptide_id=39036&scanf=46434&charge=3&value=0,K.YAPTEAQLNAVDALIDSMSLAK.K,/core/www/modules/show_out/show_out_wrapper.php?run_id=110202&search_id=114132&scans_id=110198&peptide_id=39036&scanf=46434&charge=3&value=K.YAPTEAQLNAVDALIDSMSLAK.K,XRCC5,2.572e+6,2.393,0.030,1.519,0.001
46435,3,"  5.920","  0.750",26/76,/core/www/modules//sdig/index.php?run_id=110202&search_id=114132&scans_id=110198&peptide_id=39037&scanf=46435&charge=3&value=26/76,sp|O95347|SMC2_HUMAN,/core/www/modules//consensus/?run_id=110202&search_id=114132&scans_id=110198&peptide_id=39037&scanf=46435&charge=3&value=sp|O95347|SMC2_HUMAN,1,/core/www/modules/match_peptides/blast_html4.php?run_id=110202&search_id=114132&scans_id=110198&peptide_id=39037&scanf=46435&charge=3&value=1,K.VLNMKPPEILSMIEEAAGTR.M,/core/www/modules/show_out/show_out_wrapper.php?run_id=110202&search_id=114132&scans_id=110198&peptide_id=39037&scanf=46435&charge=3&value=K.VLNMKPPEILSMIEEAAGTR.M,SMC2,7.838e+6,3.945,0.000,3.808,0.000
46437,3,"  2.537","  0.371",14/68,/core/www/modules//sdig/index.php?run_id=110202&search_id=114132&scans_id=110198&peptide_id=39039&scanf=46437&charge=3&value=14/68,sp|Q9H8H2|DDX31_HUMAN,/core/www/modules//consensus/?run_id=110202&search_id=114132&scans_id=110198&peptide_id=39039&scanf=46437&charge=3&value=sp|Q9H8H2|DDX31_HUMAN,0,/core/www/modules/match_peptides/blast_html4.php?run_id=110202&search_id=114132&scans_id=110198&peptide_id=39039&scanf=46437&charge=3&value=0,K.LLKPFTWIVPGVLMGGEK.R,/core/www/modules/show_out/show_out_wrapper.php?run_id=110202&search_id=114132&scans_id=110198&peptide_id=39039&scanf=46437&charge=3&value=K.LLKPFTWIVPGVLMGGEK.R,DDX31,2.413e+7,2.324,0.038,1.421,0.001
46443,2,"  3.513","  0.561",12/20,/core/www/modules//sdig/index.php?run_id=110202&search_id=114132&scans_id=110198&peptide_id=39046&scanf=46443&charge=2&value=12/20,sp|P49736|MCM2_HUMAN,/core/www/modules//consensus/?run_id=110202&search_id=114132&scans_id=110198&peptide_id=39046&scanf=46443&charge=2&value=sp|P49736|MCM2_HUMAN,1,/core/www/modules/match_peptides/blast_html4.php?run_id=110202&search_id=114132&scans_id=110198&peptide_id=39046&scanf=46443&charge=2&value=1,R.DNNELLLFILK.Q,/core/www/modules/show_out/show_out_wrapper.php?run_id=110202&search_id=114132&scans_id=110198&peptide_id=39046&scanf=46443&charge=2&value=R.DNNELLLFILK.Q,MCM2,3.423e+6,3.136,0.002,2.609,0.000
46445,3,"  5.247","  0.733",30/120,/core/www/modules//sdig/index.php?run_id=110202&search_id=114132&scans_id=110198&peptide_id=39047&scanf=46445&charge=3&value=30/120,sp|Q9UHX1|PUF60_HUMAN,/core/www/modules//consensus/?run_id=110202&search_id=114132&scans_id=110198&peptide_id=39047&scanf=46445&charge=3&value=sp|Q9UHX1|PUF60_HUMAN,9,/core/www/modules/match_peptides/blast_html4.php?run_id=110202&search_id=114132&scans_id=110198&peptide_id=39047&scanf=46445&charge=3&value=9,K.AVTPPMPLLTPATPGGLPPAAAVAAAAATAK.I,/core/www/modules/show_out/show_out_wrapper.php?run_id=110202&search_id=114132&scans_id=110198&peptide_id=39047&scanf=46445&charge=3&value=K.AVTPPMPLLTPATPGGLPPAAAVAAAAATAK.I,PUF60,4.754e+7,3.413,0.001,3.020,0.000
46449,3,"  3.901","  0.715",22/60,/core/www/modules//sdig/index.php?run_id=110202&search_id=114132&scans_id=110198&peptide_id=39051&scanf=46449&charge=3&value=22/60,sp|P60660|MYL6_HUMAN,/core/www/modules//consensus/?run_id=110202&search_id=114132&scans_id=110198&peptide_id=39051&scanf=46449&charge=3&value=sp|P60660|MYL6_HUMAN,9,/core/www/modules/match_peptides/blast_html4.php?run_id=110202&search_id=114132&scans_id=110198&peptide_id=39051&scanf=46449&charge=3&value=9,K.VLDFEHFLPMLQTVAK.N,/core/www/modules/show_out/show_out_wrapper.php?run_id=110202&search_id=114132&scans_id=110198&peptide_id=39051&scanf=46449&charge=3&value=K.VLDFEHFLPMLQTVAK.N,MYL6,5.757e+7,3.891,0.000,3.728,0.000
46455,3,"  7.077","  0.727",25/108,/core/www/modules//sdig/index.php?run_id=110202&search_id=114132&scans_id=110198&peptide_id=39057&scanf=46455&charge=3&value=25/108,sp|Q8TAT6|NPL4_HUMAN,/core/www/modules//consensus/?run_id=110202&search_id=114132&scans_id=110198&peptide_id=39057&scanf=46455&charge=3&value=sp|Q8TAT6|NPL4_HUMAN,2,/core/www/modules/match_peptides/blast_html4.php?run_id=110202&search_id=114132&scans_id=110198&peptide_id=39057&scanf=46455&charge=3&value=2,K.HGDLLFLFPSSLAGPSSEMETSVPPGFK.V,/core/www/modules/show_out/show_out_wrapper.php?run_id=110202&search_id=114132&scans_id=110198&peptide_id=39057&scanf=46455&charge=3&value=K.HGDLLFLFPSSLAGPSSEMETSVPPGFK.V,NPLOC4,4.246e+6,3.531,0.001,3.194,0.000
46457,3,"  2.831","  0.380",11/96,/core/www/modules//sdig/index.php?run_id=110202&search_id=114132&scans_id=110198&peptide_id=39059&scanf=46457&charge=3&value=11/96,sp|Q9H0A0|NAT10_HUMAN,/core/www/modules//consensus/?run_id=110202&search_id=114132&scans_id=110198&peptide_id=39059&scanf=46457&charge=3&value=sp|Q9H0A0|NAT10_HUMAN,0,/core/www/modules/match_peptides/blast_html4.php?run_id=110202&search_id=114132&scans_id=110198&peptide_id=39059&scanf=46457&charge=3&value=0,K.GFDALQYQEHLDYEIIQSLNPEFNK.A,/core/www/modules/show_out/show_out_wrapper.php?run_id=110202&search_id=114132&scans_id=110198&peptide_id=39059&scanf=46457&charge=3&value=K.GFDALQYQEHLDYEIIQSLNPEFNK.A,NAT10,5.301e+6,2.167,0.063,1.200,0.002
46458,3,"  3.238","  0.498",17/60,/core/www/modules//sdig/index.php?run_id=110202&search_id=114132&scans_id=110198&peptide_id=39060&scanf=46458&charge=3&value=17/60,sp|Q14980|NUMA1_HUMAN,/core/www/modules//consensus/?run_id=110202&search_id=114132&scans_id=110198&peptide_id=39060&scanf=46458&charge=3&value=sp|Q14980|NUMA1_HUMAN,1,/core/www/modules/match_peptides/blast_html4.php?run_id=110202&search_id=114132&scans_id=110198&peptide_id=39060&scanf=46458&charge=3&value=1,K.NSLISSLEEEVSILNR.Q,/core/www/modules/show_out/show_out_wrapper.php?run_id=110202&search_id=114132&scans_id=110198&peptide_id=39060&scanf=46458&charge=3&value=K.NSLISSLEEEVSILNR.Q,NUMA1,1.186e+7,3.247,0.002,2.773,0.000
46462,3,"  3.474","  0.617",11/64,/core/www/modules//sdig/index.php?run_id=110202&search_id=114132&scans_id=110198&peptide_id=39065&scanf=46462&charge=3&value=11/64,sp|P13861|KAP2_HUMAN,/core/www/modules//consensus/?run_id=110202&search_id=114132&scans_id=110198&peptide_id=39065&scanf=46462&charge=3&value=sp|P13861|KAP2_HUMAN,1,/core/www/modules/match_peptides/blast_html4.php?run_id=110202&search_id=114132&scans_id=110198&peptide_id=39065&scanf=46462&charge=3&value=1,K.NLDQEQLSQVLDAMFER.I,/core/www/modules/show_out/show_out_wrapper.php?run_id=110202&search_id=114132&scans_id=110198&peptide_id=39065&scanf=46462&charge=3&value=K.NLDQEQLSQVLDAMFER.I,PRKAR2A,5.711e+6,3.240,0.002,2.763,0.000
46466,3,"  4.224","  0.638",22/56,/core/www/modules//sdig/index.php?run_id=110202&search_id=114132&scans_id=110198&peptide_id=39068&scanf=46466&charge=3&value=22/56,sp|Q14839|CHD4_HUMAN,/core/www/modules//consensus/?run_id=110202&search_id=114132&scans_id=110198&peptide_id=39068&scanf=46466&charge=3&value=sp|Q14839|CHD4_HUMAN,19,/core/www/modules/match_peptides/blast_html4.php?run_id=110202&search_id=114132&scans_id=110198&peptide_id=39068&scanf=46466&charge=3&value=19,K.MLDLLEDFLEHEGYK.Y,/core/www/modules/show_out/show_out_wrapper.php?run_id=110202&search_id=114132&scans_id=110198&peptide_id=39068&scanf=46466&charge=3&value=K.MLDLLEDFLEHEGYK.Y,CHD4,1.762e+7,3.877,0.000,3.707,0.000
46467,3,"  3.284","  0.648",21/64,/core/www/modules//sdig/index.php?run_id=110202&search_id=114132&scans_id=110198&peptide_id=39069&scanf=46467&charge=3&value=21/64,sp|P06733|ENOA_HUMAN,/core/www/modules//consensus/?run_id=110202&search_id=114132&scans_id=110198&peptide_id=39069&scanf=46467&charge=3&value=sp|P06733|ENOA_HUMAN,2,/core/www/modules/match_peptides/blast_html4.php?run_id=110202&search_id=114132&scans_id=110198&peptide_id=39069&scanf=46467&charge=3&value=2,K.LAMQEFMILPVGAANFR.E,/core/www/modules/show_out/show_out_wrapper.php?run_id=110202&search_id=114132&scans_id=110198&peptide_id=39069&scanf=46467&charge=3&value=K.LAMQEFMILPVGAANFR.E,ENO1,2.774e+7,3.605,0.000,3.304,0.000
46469,3,"  3.954","  0.697",19/76,/core/www/modules//sdig/index.php?run_id=110202&search_id=114132&scans_id=110198&peptide_id=39071&scanf=46469&charge=3&value=19/76,sp|Q9P2J5|SYLC_HUMAN,/core/www/modules//consensus/?run_id=110202&search_id=114132&scans_id=110198&peptide_id=39071&scanf=46469&charge=3&value=sp|Q9P2J5|SYLC_HUMAN,11,/core/www/modules/match_peptides/blast_html4.php?run_id=110202&search_id=114132&scans_id=110198&peptide_id=39071&scanf=46469&charge=3&value=11,K.FSEAEHWLDYFPPLAIQDLK.R,/core/www/modules/show_out/show_out_wrapper.php?run_id=110202&search_id=114132&scans_id=110198&peptide_id=39071&scanf=46469&charge=3&value=K.FSEAEHWLDYFPPLAIQDLK.R,LARS1,6.484e+6,3.645,0.000,3.363,0.000
46470,3,"  3.665","  0.557",16/60,/core/www/modules//sdig/index.php?run_id=110202&search_id=114132&scans_id=110198&peptide_id=39073&scanf=46470&charge=3&value=16/60,sp|Q9HAZ1|CLK4_HUMAN,/core/www/modules//consensus/?run_id=110202&search_id=114132&scans_id=110198&peptide_id=39073&scanf=46470&charge=3&value=sp|Q9HAZ1|CLK4_HUMAN,0,/core/www/modules/match_peptides/blast_html4.php?run_id=110202&search_id=114132&scans_id=110198&peptide_id=39073&scanf=46470&charge=3&value=0,R.ITLDEALQHPFFDLLK.K,/core/www/modules/show_out/show_out_wrapper.php?run_id=110202&search_id=114132&scans_id=110198&peptide_id=39073&scanf=46470&charge=3&value=R.ITLDEALQHPFFDLLK.K,CLK4,8.758e+6,3.243,0.002,2.768,0.000
46472,3,"  5.965","  0.650",18/108,/core/www/modules//sdig/index.php?run_id=110202&search_id=114132&scans_id=110198&peptide_id=39075&scanf=46472&charge=3&value=18/108,sp|P40939|ECHA_HUMAN,/core/www/modules//consensus/?run_id=110202&search_id=114132&scans_id=110198&peptide_id=39075&scanf=46472&charge=3&value=sp|P40939|ECHA_HUMAN,2,/core/www/modules/match_peptides/blast_html4.php?run_id=110202&search_id=114132&scans_id=110198&peptide_id=39075&scanf=46472&charge=3&value=2,K.KLDSLTTSFGFPVGAATLVDEVGVDVAK.H,/core/www/modules/show_out/show_out_wrapper.php?run_id=110202&search_id=114132&scans_id=110198&peptide_id=39075&scanf=46472&charge=3&value=K.KLDSLTTSFGFPVGAATLVDEVGVDVAK.H,HADHA,4.606e+6,2.896,0.006,2.255,0.000
46473,2,"  2.971","  0.581",16/28,/core/www/modules//sdig/index.php?run_id=110202&search_id=114132&scans_id=110198&peptide_id=39076&scanf=46473&charge=2&value=16/28,sp|Q14152|EIF3A_HUMAN,/core/www/modules//consensus/?run_id=110202&search_id=114132&scans_id=110198&peptide_id=39076&scanf=46473&charge=2&value=sp|Q14152|EIF3A_HUMAN,0,/core/www/modules/match_peptides/blast_html4.php?run_id=110202&search_id=114132&scans_id=110198&peptide_id=39076&scanf=46473&charge=2&value=0,R.LTSLVPFVDAFQLER.A,/core/www/modules/show_out/show_out_wrapper.php?run_id=110202&search_id=114132&scans_id=110198&peptide_id=39076&scanf=46473&charge=2&value=R.LTSLVPFVDAFQLER.A,EIF3A,2.718e+7,3.240,0.002,2.763,0.000
46476,2,"  4.024","  0.662",18/26,/core/www/modules//sdig/index.php?run_id=110202&search_id=114132&scans_id=110198&peptide_id=39079&scanf=46476&charge=2&value=18/26,sp|Q15436|SC23A_HUMAN,/core/www/modules//consensus/?run_id=110202&search_id=114132&scans_id=110198&peptide_id=39079&scanf=46476&charge=2&value=sp|Q15436|SC23A_HUMAN,4,/core/www/modules/match_peptides/blast_html4.php?run_id=110202&search_id=114132&scans_id=110198&peptide_id=39079&scanf=46476&charge=2&value=4,K.IDMNLTDLLGELQR.D,/core/www/modules/show_out/show_out_wrapper.php?run_id=110202&search_id=114132&scans_id=110198&peptide_id=39079&scanf=46476&charge=2&value=K.IDMNLTDLLGELQR.D,SEC23A,8.415e+6,3.832,0.000,3.640,0.000
46477,3,"  3.329","  0.505",8/100,/core/www/modules//sdig/index.php?run_id=110202&search_id=114132&scans_id=110198&peptide_id=39080&scanf=46477&charge=3&value=8/100,sp|P33993|MCM7_HUMAN,/core/www/modules//consensus/?run_id=110202&search_id=114132&scans_id=110198&peptide_id=39080&scanf=46477&charge=3&value=sp|P33993|MCM7_HUMAN,0,/core/www/modules/match_peptides/blast_html4.php?run_id=110202&search_id=114132&scans_id=110198&peptide_id=39080&scanf=46477&charge=3&value=0,R.GFTPAQFQAALDEYEELNVWQVNASR.T,/core/www/modules/show_out/show_out_wrapper.php?run_id=110202&search_id=114132&scans_id=110198&peptide_id=39080&scanf=46477&charge=3&value=R.GFTPAQFQAALDEYEELNVWQVNASR.T,MCM7,4.019e+6,2.530,0.019,1.717,0.000
46478,3,"  5.983","  0.687",23/76,/core/www/modules//sdig/index.php?run_id=110202&search_id=114132&scans_id=110198&peptide_id=39081&scanf=46478&charge=3&value=23/76,sp|Q07666|KHDR1_HUMAN,/core/www/modules//consensus/?run_id=110202&search_id=114132&scans_id=110198&peptide_id=39081&scanf=46478&charge=3&value=sp|Q07666|KHDR1_HUMAN,0,/core/www/modules/match_peptides/blast_html4.php?run_id=110202&search_id=114132&scans_id=110198&peptide_id=39081&scanf=46478&charge=3&value=0,K.DSLDPSFTHAMQLLTAEIEK.I,/core/www/modules/show_out/show_out_wrapper.php?run_id=110202&search_id=114132&scans_id=110198&peptide_id=39081&scanf=46478&charge=3&value=K.DSLDPSFTHAMQLLTAEIEK.I,KHDRBS1,2.182e+8,3.733,0.000,3.494,0.000
46481,2,"  3.138","  0.504",14/22,/core/www/modules//sdig/index.php?run_id=110202&search_id=114132&scans_id=110198&peptide_id=39085&scanf=46481&charge=2&value=14/22,sp|O14647|CHD2_HUMAN,/core/www/modules//consensus/?run_id=110202&search_id=114132&scans_id=110198&peptide_id=39085&scanf=46481&charge=2&value=sp|O14647|CHD2_HUMAN,3,/core/www/modules/match_peptides/blast_html4.php?run_id=110202&search_id=114132&scans_id=110198&peptide_id=39085&scanf=46481&charge=2&value=3,R.MLDILAEYLTIK.H,/core/www/modules/show_out/show_out_wrapper.php?run_id=110202&search_id=114132&scans_id=110198&peptide_id=39085&scanf=46481&charge=2&value=R.MLDILAEYLTIK.H,CHD2,5.295e+6,3.340,0.001,2.911,0.000
46483,3,"  2.872","  0.555",19/64,/core/www/modules//sdig/index.php?run_id=110202&search_id=114132&scans_id=110198&peptide_id=39087&scanf=46483&charge=3&value=19/64,sp|Q13206|DDX10_HUMAN,/core/www/modules//consensus/?run_id=110202&search_id=114132&scans_id=110198&peptide_id=39087&scanf=46483&charge=3&value=sp|Q13206|DDX10_HUMAN,4,/core/www/modules/match_peptides/blast_html4.php?run_id=110202&search_id=114132&scans_id=110198&peptide_id=39087&scanf=46483&charge=3&value=4,K.LPIPEYALSLGLAVAPR.V,/core/www/modules/show_out/show_out_wrapper.php?run_id=110202&search_id=114132&scans_id=110198&peptide_id=39087&scanf=46483&charge=3&value=K.LPIPEYALSLGLAVAPR.V,DDX10,7.219e+6,3.211,0.002,2.721,0.000
46487,3,"  6.035","  0.638",28/92,/core/www/modules//sdig/index.php?run_id=110202&search_id=114132&scans_id=110198&peptide_id=39090&scanf=46487&charge=3&value=28/92,sp|Q9BVP2|GNL3_HUMAN,/core/www/modules//consensus/?run_id=110202&search_id=114132&scans_id=110198&peptide_id=39090&scanf=46487&charge=3&value=sp|Q9BVP2|GNL3_HUMAN,0,/core/www/modules/match_peptides/blast_html4.php?run_id=110202&search_id=114132&scans_id=110198&peptide_id=39090&scanf=46487&charge=3&value=0,K.QITIIDSPSFIVSPLNSSSALALR.S,/core/www/modules/show_out/show_out_wrapper.php?run_id=110202&search_id=114132&scans_id=110198&peptide_id=39090&scanf=46487&charge=3&value=K.QITIIDSPSFIVSPLNSSSALALR.S,GNL3,2.258e+7,3.490,0.001,3.134,0.000
46488,3,"  6.679","  0.677",27/116,/core/www/modules//sdig/index.php?run_id=110202&search_id=114132&scans_id=110198&peptide_id=39091&scanf=46488&charge=3&value=27/116,sp|Q14498|RBM39_HUMAN,/core/www/modules//consensus/?run_id=110202&search_id=114132&scans_id=110198&peptide_id=39091&scanf=46488&charge=3&value=sp|Q14498|RBM39_HUMAN,0,/core/www/modules/match_peptides/blast_html4.php?run_id=110202&search_id=114132&scans_id=110198&peptide_id=39091&scanf=46488&charge=3&value=0,K.MITAAYVPLPTYHNLFPDSMTATQLLVPSR.R,/core/www/modules/show_out/show_out_wrapper.php?run_id=110202&search_id=114132&scans_id=110198&peptide_id=39091&scanf=46488&charge=3&value=K.MITAAYVPLPTYHNLFPDSMTATQLLVPSR.R,RBM39,7.173e+6,3.238,0.002,2.760,0.000
46490,3,"  3.450","  0.510",19/88,/core/www/modules//sdig/index.php?run_id=110202&search_id=114132&scans_id=110198&peptide_id=39094&scanf=46490&charge=3&value=19/88,sp|Q9H6R4|NOL6_HUMAN,/core/www/modules//consensus/?run_id=110202&search_id=114132&scans_id=110198&peptide_id=39094&scanf=46490&charge=3&value=sp|Q9H6R4|NOL6_HUMAN,1,/core/www/modules/match_peptides/blast_html4.php?run_id=110202&search_id=114132&scans_id=110198&peptide_id=39094&scanf=46490&charge=3&value=1,R.LLWGLEGLPLTVSAVQGAHPVLR.Y,/core/www/modules/show_out/show_out_wrapper.php?run_id=110202&search_id=114132&scans_id=110198&peptide_id=39094&scanf=46490&charge=3&value=R.LLWGLEGLPLTVSAVQGAHPVLR.Y,NOL6,2.408e+7,2.846,0.007,2.182,0.000
46491,3,"  4.887","  0.682",25/64,/core/www/modules//sdig/index.php?run_id=110202&search_id=114132&scans_id=110198&peptide_id=39095&scanf=46491&charge=3&value=25/64,sp|Q6IN85|P4R3A_HUMAN,/core/www/modules//consensus/?run_id=110202&search_id=114132&scans_id=110198&peptide_id=39095&scanf=46491&charge=3&value=sp|Q6IN85|P4R3A_HUMAN,2,/core/www/modules/match_peptides/blast_html4.php?run_id=110202&search_id=114132&scans_id=110198&peptide_id=39095&scanf=46491&charge=3&value=2,R.LEEIAELVASSLPSPLR.R,/core/www/modules/show_out/show_out_wrapper.php?run_id=110202&search_id=114132&scans_id=110198&peptide_id=39095&scanf=46491&charge=3&value=R.LEEIAELVASSLPSPLR.R,PPP4R3A,1.403e+7,3.885,0.000,3.719,0.000
46492,2,"  6.107","  0.791",27/36,/core/www/modules//sdig/index.php?run_id=110202&search_id=114132&scans_id=110198&peptide_id=39096&scanf=46492&charge=2&value=27/36,sp|P26599|PTBP1_HUMAN,/core/www/modules//consensus/?run_id=110202&search_id=114132&scans_id=110198&peptide_id=39096&scanf=46492&charge=2&value=sp|P26599|PTBP1_HUMAN,8,/core/www/modules/match_peptides/blast_html4.php?run_id=110202&search_id=114132&scans_id=110198&peptide_id=39096&scanf=46492&charge=2&value=8,K.LPIDVTEGEVISLGLPFGK.V,/core/www/modules/show_out/show_out_wrapper.php?run_id=110202&search_id=114132&scans_id=110198&peptide_id=39096&scanf=46492&charge=2&value=K.LPIDVTEGEVISLGLPFGK.V,PTBP1,1.114e+7,4.321,0.000,4.366,0.000
46493,3,"  4.571","  0.115",20/68,/core/www/modules//sdig/index.php?run_id=110202&search_id=114132&scans_id=110198&peptide_id=39097&scanf=46493&charge=3&value=20/68,sp|P12956|XRCC6_HUMAN,/core/www/modules//consensus/?run_id=110202&search_id=114132&scans_id=110198&peptide_id=39097&scanf=46493&charge=3&value=sp|P12956|XRCC6_HUMAN,1,/core/www/modules/match_peptides/blast_html4.php?run_id=110202&search_id=114132&scans_id=110198&peptide_id=39097&scanf=46493&charge=3&value=1,R.FDDPGLM*LMGFKPLVLLK.K,/core/www/modules/show_out/show_out_wrapper.php?run_id=110202&search_id=114132&scans_id=110198&peptide_id=39097&scanf=46493&charge=3&value=R.FDDPGLM*LMGFKPLVLLK.K,XRCC6,1.542e+7,3.782,0.000,3.566,0.000
46494,3,"  3.588","  0.661",20/72,/core/www/modules//sdig/index.php?run_id=110202&search_id=114132&scans_id=110198&peptide_id=39098&scanf=46494&charge=3&value=20/72,sp|Q10570|CPSF1_HUMAN,/core/www/modules//consensus/?run_id=110202&search_id=114132&scans_id=110198&peptide_id=39098&scanf=46494&charge=3&value=sp|Q10570|CPSF1_HUMAN,0,/core/www/modules/match_peptides/blast_html4.php?run_id=110202&search_id=114132&scans_id=110198&peptide_id=39098&scanf=46494&charge=3&value=0,R.ILIMDVIEVVPEPGQPLTK.N,/core/www/modules/show_out/show_out_wrapper.php?run_id=110202&search_id=114132&scans_id=110198&peptide_id=39098&scanf=46494&charge=3&value=R.ILIMDVIEVVPEPGQPLTK.N,CPSF1,1.808e+7,3.533,0.001,3.197,0.000
46497,2,"  3.529","  0.620",12/32,/core/www/modules//sdig/index.php?run_id=110202&search_id=114132&scans_id=110198&peptide_id=39101&scanf=46497&charge=2&value=12/32,sp|Q13547|HDAC1_HUMAN,/core/www/modules//consensus/?run_id=110202&search_id=114132&scans_id=110198&peptide_id=39101&scanf=46497&charge=2&value=sp|Q13547|HDAC1_HUMAN,0,/core/www/modules/match_peptides/blast_html4.php?run_id=110202&search_id=114132&scans_id=110198&peptide_id=39101&scanf=46497&charge=2&value=0,K.SFNLPMLMLGGGGYTIR.N,/core/www/modules/show_out/show_out_wrapper.php?run_id=110202&search_id=114132&scans_id=110198&peptide_id=39101&scanf=46497&charge=2&value=K.SFNLPMLMLGGGGYTIR.N,HDAC1,8.842e+6,3.167,0.002,2.655,0.000
46499,2,"  3.658","  0.662",16/24,/core/www/modules//sdig/index.php?run_id=110202&search_id=114132&scans_id=110198&peptide_id=39103&scanf=46499&charge=2&value=16/24,sp|P06576|ATPB_HUMAN,/core/www/modules//consensus/?run_id=110202&search_id=114132&scans_id=110198&peptide_id=39103&scanf=46499&charge=2&value=sp|P06576|ATPB_HUMAN,4,/core/www/modules/match_peptides/blast_html4.php?run_id=110202&search_id=114132&scans_id=110198&peptide_id=39103&scanf=46499&charge=2&value=4,K.TVLIMELINNVAK.A,/core/www/modules/show_out/show_out_wrapper.php?run_id=110202&search_id=114132&scans_id=110198&peptide_id=39103&scanf=46499&charge=2&value=K.TVLIMELINNVAK.A,ATP5F1B,3.938e+7,3.880,0.000,3.711,0.000
46500,3,"  3.329","  0.713",18/56,/core/www/modules//sdig/index.php?run_id=110202&search_id=114132&scans_id=110198&peptide_id=39105&scanf=46500&charge=3&value=18/56,sp|Q9NY93|DDX56_HUMAN,/core/www/modules//consensus/?run_id=110202&search_id=114132&scans_id=110198&peptide_id=39105&scanf=46500&charge=3&value=sp|Q9NY93|DDX56_HUMAN,4,/core/www/modules/match_peptides/blast_html4.php?run_id=110202&search_id=114132&scans_id=110198&peptide_id=39105&scanf=46500&charge=3&value=4,K.TAAYAIPMLQLLLHR.K,/core/www/modules/show_out/show_out_wrapper.php?run_id=110202&search_id=114132&scans_id=110198&peptide_id=39105&scanf=46500&charge=3&value=K.TAAYAIPMLQLLLHR.K,DDX56,5.017e+6,3.843,0.000,3.657,0.000
46502,3,"  3.196","  0.343",10/68,/core/www/modules//sdig/index.php?run_id=110202&search_id=114132&scans_id=110198&peptide_id=39107&scanf=46502&charge=3&value=10/68,sp|Q96G03|PGM2_HUMAN,/core/www/modules//consensus/?run_id=110202&search_id=114132&scans_id=110198&peptide_id=39107&scanf=46502&charge=3&value=sp|Q96G03|PGM2_HUMAN,0,/core/www/modules/match_peptides/blast_html4.php?run_id=110202&search_id=114132&scans_id=110198&peptide_id=39107&scanf=46502&charge=3&value=0,K.ELNELVSAIEEHFFQPQK.Y,/core/www/modules/show_out/show_out_wrapper.php?run_id=110202&search_id=114132&scans_id=110198&peptide_id=39107&scanf=46502&charge=3&value=K.ELNELVSAIEEHFFQPQK.Y,PGM2,3.580e+6,2.255,0.048,1.322,0.002
46509,3,"  5.084","  0.724",23/80,/core/www/modules//sdig/index.php?run_id=110202&search_id=114132&scans_id=110198&peptide_id=39113&scanf=46509&charge=3&value=23/80,sp|Q13813|SPTN1_HUMAN,/core/www/modules//consensus/?run_id=110202&search_id=114132&scans_id=110198&peptide_id=39113&scanf=46509&charge=3&value=sp|Q13813|SPTN1_HUMAN,2,/core/www/modules/match_peptides/blast_html4.php?run_id=110202&search_id=114132&scans_id=110198&peptide_id=39113&scanf=46509&charge=3&value=2,K.ALINADELASDVAGAEALLDR.H,/core/www/modules/show_out/show_out_wrapper.php?run_id=110202&search_id=114132&scans_id=110198&peptide_id=39113&scanf=46509&charge=3&value=K.ALINADELASDVAGAEALLDR.H,SPTAN1,2.809e+7,3.923,0.000,3.775,0.000
46510,4,"  6.997","  0.730",33/276,/core/www/modules//sdig/index.php?run_id=110202&search_id=114132&scans_id=110198&peptide_id=39115&scanf=46510&charge=4&value=33/276,sp|Q9UMS4|PRP19_HUMAN,/core/www/modules//consensus/?run_id=110202&search_id=114132&scans_id=110198&peptide_id=39115&scanf=46510&charge=4&value=sp|Q9UMS4|PRP19_HUMAN,2,/core/www/modules/match_peptides/blast_html4.php?run_id=110202&search_id=114132&scans_id=110198&peptide_id=39115&scanf=46510&charge=4&value=2,R.EALATLKPQAGLIVPQAVPSSQPSVVGAGEPMDLGELVGMTPEIIQK.L,/core/www/modules/show_out/show_out_wrapper.php?run_id=110202&search_id=114132&scans_id=110198&peptide_id=39115&scanf=46510&charge=4&value=R.EALATLKPQAGLIVPQAVPSSQPSVVGAGEPMDLGELVGMTPEIIQK.L,PRPF19,5.715e+6,3.135,0.002,2.608,0.000
46511,3,"  3.737","  0.492",14/84,/core/www/modules//sdig/index.php?run_id=110202&search_id=114132&scans_id=110198&peptide_id=39116&scanf=46511&charge=3&value=14/84,sp|Q14315|FLNC_HUMAN,/core/www/modules//consensus/?run_id=110202&search_id=114132&scans_id=110198&peptide_id=39116&scanf=46511&charge=3&value=sp|Q14315|FLNC_HUMAN,0,/core/www/modules/match_peptides/blast_html4.php?run_id=110202&search_id=114132&scans_id=110198&peptide_id=39116&scanf=46511&charge=3&value=0,R.VEESTQVGGDPFPAVFGDFLGR.E,/core/www/modules/show_out/show_out_wrapper.php?run_id=110202&search_id=114132&scans_id=110198&peptide_id=39116&scanf=46511&charge=3&value=R.VEESTQVGGDPFPAVFGDFLGR.E,FLNC,1.136e+7,2.795,0.008,2.106,0.000
46513,3,"  2.323","  0.424",13/56,/core/www/modules//sdig/index.php?run_id=110202&search_id=114132&scans_id=110198&peptide_id=39118&scanf=46513&charge=3&value=13/56,sp|Q14669|TRIPC_HUMAN,/core/www/modules//consensus/?run_id=110202&search_id=114132&scans_id=110198&peptide_id=39118&scanf=46513&charge=3&value=sp|Q14669|TRIPC_HUMAN,2,/core/www/modules/match_peptides/blast_html4.php?run_id=110202&search_id=114132&scans_id=110198&peptide_id=39118&scanf=46513&charge=3&value=2,K.IVVGALQMAEILMQK.L,/core/www/modules/show_out/show_out_wrapper.php?run_id=110202&search_id=114132&scans_id=110198&peptide_id=39118&scanf=46513&charge=3&value=K.IVVGALQMAEILMQK.L,TRIP12,1.131e+7,2.843,0.007,2.177,0.000
46515,3,"  4.522","  0.674",20/64,/core/www/modules//sdig/index.php?run_id=110202&search_id=114132&scans_id=110198&peptide_id=39120&scanf=46515&charge=3&value=20/64,sp|Q9NP66|HM20A_HUMAN,/core/www/modules//consensus/?run_id=110202&search_id=114132&scans_id=110198&peptide_id=39120&scanf=46515&charge=3&value=sp|Q9NP66|HM20A_HUMAN,0,/core/www/modules/match_peptides/blast_html4.php?run_id=110202&search_id=114132&scans_id=110198&peptide_id=39120&scanf=46515&charge=3&value=0,R.SVFDIPIFTEEFLNHSK.A,/core/www/modules/show_out/show_out_wrapper.php?run_id=110202&search_id=114132&scans_id=110198&peptide_id=39120&scanf=46515&charge=3&value=R.SVFDIPIFTEEFLNHSK.A,HMG20A,1.272e+7,3.677,0.000,3.411,0.000
46520,3,"  1.821","  0.491",13/56,/core/www/modules//sdig/index.php?run_id=110202&search_id=114132&scans_id=110198&peptide_id=39126&scanf=46520&charge=3&value=13/56,sp|Q92878|RAD50_HUMAN,/core/www/modules//consensus/?run_id=110202&search_id=114132&scans_id=110198&peptide_id=39126&scanf=46520&charge=3&value=sp|Q92878|RAD50_HUMAN,2,/core/www/modules/match_peptides/blast_html4.php?run_id=110202&search_id=114132&scans_id=110198&peptide_id=39126&scanf=46520&charge=3&value=2,R.ENIESLAHALVEIIK.S,/core/www/modules/show_out/show_out_wrapper.php?run_id=110202&search_id=114132&scans_id=110198&peptide_id=39126&scanf=46520&charge=3&value=R.ENIESLAHALVEIIK.S,RAD50,7.473e+6,2.981,0.004,2.381,0.000
46524,3,"  4.291","  0.469",9/76,/core/www/modules//sdig/index.php?run_id=110202&search_id=114132&scans_id=110198&peptide_id=39130&scanf=46524&charge=3&value=9/76,sp|Q8N884|CGAS_HUMAN,/core/www/modules//consensus/?run_id=110202&search_id=114132&scans_id=110198&peptide_id=39130&scanf=46524&charge=3&value=sp|Q8N884|CGAS_HUMAN,0,/core/www/modules/match_peptides/blast_html4.php?run_id=110202&search_id=114132&scans_id=110198&peptide_id=39130&scanf=46524&charge=3&value=0,K.LENYFIPEFNLFSSNLIDKR.S,/core/www/modules/show_out/show_out_wrapper.php?run_id=110202&search_id=114132&scans_id=110198&peptide_id=39130&scanf=46524&charge=3&value=K.LENYFIPEFNLFSSNLIDKR.S,CGAS,6.317e+6,2.335,0.037,1.436,0.001
46527,3,"  3.177","  0.402",11/76,/core/www/modules//sdig/index.php?run_id=110202&search_id=114132&scans_id=110198&peptide_id=39133&scanf=46527&charge=3&value=11/76,sp|O15042|SR140_HUMAN,/core/www/modules//consensus/?run_id=110202&search_id=114132&scans_id=110198&peptide_id=39133&scanf=46527&charge=3&value=sp|O15042|SR140_HUMAN,6,/core/www/modules/match_peptides/blast_html4.php?run_id=110202&search_id=114132&scans_id=110198&peptide_id=39133&scanf=46527&charge=3&value=6,K.AAAEIYEEFLAAFEGSDGNK.V,/core/www/modules/show_out/show_out_wrapper.php?run_id=110202&search_id=114132&scans_id=110198&peptide_id=39133&scanf=46527&charge=3&value=K.AAAEIYEEFLAAFEGSDGNK.V,U2SURP,4.794e+6,2.414,0.028,1.550,0.001
46530,3,"  2.094","  0.189",10/80,/core/www/modules//sdig/index.php?run_id=110202&search_id=114132&scans_id=110198&peptide_id=39136&scanf=46530&charge=3&value=10/80,sp|Q15149|PLEC_HUMAN,/core/www/modules//consensus/?run_id=110202&search_id=114132&scans_id=110198&peptide_id=39136&scanf=46530&charge=3&value=sp|Q15149|PLEC_HUMAN,5,/core/www/modules/match_peptides/blast_html4.php?run_id=110202&search_id=114132&scans_id=110198&peptide_id=39136&scanf=46530&charge=3&value=5,R.AGTLSITEFADMLSGNAGGFR.S,/core/www/modules/show_out/show_out_wrapper.php?run_id=110202&search_id=114132&scans_id=110198&peptide_id=39136&scanf=46530&charge=3&value=R.AGTLSITEFADMLSGNAGGFR.S,PLEC,2.293e+7,2.108,0.076,1.117,0.003
46532,4,"  5.421","  0.478",18/186,/core/www/modules//sdig/index.php?run_id=110202&search_id=114132&scans_id=110198&peptide_id=39138&scanf=46532&charge=4&value=18/186,sp|Q8IWX8|CHERP_HUMAN,/core/www/modules//consensus/?run_id=110202&search_id=114132&scans_id=110198&peptide_id=39138&scanf=46532&charge=4&value=sp|Q8IWX8|CHERP_HUMAN,1,/core/www/modules/match_peptides/blast_html4.php?run_id=110202&search_id=114132&scans_id=110198&peptide_id=39138&scanf=46532&charge=4&value=1,R.QGPPHINHDDPSLVPNVPYFDLPAGLMAPLVK.L,/core/www/modules/show_out/show_out_wrapper.php?run_id=110202&search_id=114132&scans_id=110198&peptide_id=39138&scanf=46532&charge=4&value=R.QGPPHINHDDPSLVPNVPYFDLPAGLMAPLVK.L,CHERP,7.391e+6,2.769,0.009,2.068,0.000
46534,4,"  8.784","  0.644",24/186,/core/www/modules//sdig/index.php?run_id=110202&search_id=114132&scans_id=110198&peptide_id=39140&scanf=46534&charge=4&value=24/186,sp|Q92797|SYMPK_HUMAN,/core/www/modules//consensus/?run_id=110202&search_id=114132&scans_id=110198&peptide_id=39140&scanf=46534&charge=4&value=sp|Q92797|SYMPK_HUMAN,1,/core/www/modules/match_peptides/blast_html4.php?run_id=110202&search_id=114132&scans_id=110198&peptide_id=39140&scanf=46534&charge=4&value=1,R.LLGTQHGEGNSALSPLNPGELLIALHNIDSVK.C,/core/www/modules/show_out/show_out_wrapper.php?run_id=110202&search_id=114132&scans_id=110198&peptide_id=39140&scanf=46534&charge=4&value=R.LLGTQHGEGNSALSPLNPGELLIALHNIDSVK.C,SYMPK,6.535e+6,3.576,0.001,3.261,0.000
46535,3,"  3.279","  0.482",19/52,/core/www/modules//sdig/index.php?run_id=110202&search_id=114132&scans_id=110198&peptide_id=39141&scanf=46535&charge=3&value=19/52,sp|Q8IZL8|PELP1_HUMAN,/core/www/modules//consensus/?run_id=110202&search_id=114132&scans_id=110198&peptide_id=39141&scanf=46535&charge=3&value=sp|Q8IZL8|PELP1_HUMAN,4,/core/www/modules/match_peptides/blast_html4.php?run_id=110202&search_id=114132&scans_id=110198&peptide_id=39141&scanf=46535&charge=3&value=4,R.LLLLESVSGLLQPR.T,/core/www/modules/show_out/show_out_wrapper.php?run_id=110202&search_id=114132&scans_id=110198&peptide_id=39141&scanf=46535&charge=3&value=R.LLLLESVSGLLQPR.T,PELP1,3.789e+7,3.225,0.002,2.741,0.000
46536,3,"  4.304","  0.703",20/72,/core/www/modules//sdig/index.php?run_id=110202&search_id=114132&scans_id=110198&peptide_id=39142&scanf=46536&charge=3&value=20/72,sp|P60228|EIF3E_HUMAN,/core/www/modules//consensus/?run_id=110202&search_id=114132&scans_id=110198&peptide_id=39142&scanf=46536&charge=3&value=sp|P60228|EIF3E_HUMAN,13,/core/www/modules/match_peptides/blast_html4.php?run_id=110202&search_id=114132&scans_id=110198&peptide_id=39142&scanf=46536&charge=3&value=13,K.LASEILMQNWDAAMEDLTR.L,/core/www/modules/show_out/show_out_wrapper.php?run_id=110202&search_id=114132&scans_id=110198&peptide_id=39142&scanf=46536&charge=3&value=K.LASEILMQNWDAAMEDLTR.L,EIF3E,2.466e+7,3.675,0.000,3.408,0.000
46537,2,"  3.538","  0.510",13/24,/core/www/modules//sdig/index.php?run_id=110202&search_id=114132&scans_id=110198&peptide_id=39143&scanf=46537&charge=2&value=13/24,sp|P13639|EF2_HUMAN,/core/www/modules//consensus/?run_id=110202&search_id=114132&scans_id=110198&peptide_id=39143&scanf=46537&charge=2&value=sp|P13639|EF2_HUMAN,0,/core/www/modules/match_peptides/blast_html4.php?run_id=110202&search_id=114132&scans_id=110198&peptide_id=39143&scanf=46537&charge=2&value=0,K.EGIPALDNFLDKL.-,/core/www/modules/show_out/show_out_wrapper.php?run_id=110202&search_id=114132&scans_id=110198&peptide_id=39143&scanf=46537&charge=2&value=K.EGIPALDNFLDKL.-,EEF2,1.071e+8,2.904,0.005,2.266,0.000
46538,3,"  3.345","  0.556",17/68,/core/www/modules//sdig/index.php?run_id=110202&search_id=114132&scans_id=110198&peptide_id=39144&scanf=46538&charge=3&value=17/68,sp|Q86U86|PB1_HUMAN,/core/www/modules//consensus/?run_id=110202&search_id=114132&scans_id=110198&peptide_id=39144&scanf=46538&charge=3&value=sp|Q86U86|PB1_HUMAN,2,/core/www/modules/match_peptides/blast_html4.php?run_id=110202&search_id=114132&scans_id=110198&peptide_id=39144&scanf=46538&charge=3&value=2,R.TDSEIYEDAVELQQFFIK.I,/core/www/modules/show_out/show_out_wrapper.php?run_id=110202&search_id=114132&scans_id=110198&peptide_id=39144&scanf=46538&charge=3&value=R.TDSEIYEDAVELQQFFIK.I,PBRM1,5.163e+6,3.184,0.002,2.680,0.000
46541,3,"  4.665","  0.477",8/112,/core/www/modules//sdig/index.php?run_id=110202&search_id=114132&scans_id=110198&peptide_id=39148&scanf=46541&charge=3&value=8/112,sp|P78371|TCPB_HUMAN,/core/www/modules//consensus/?run_id=110202&search_id=114132&scans_id=110198&peptide_id=39148&scanf=46541&charge=3&value=sp|P78371|TCPB_HUMAN,2,/core/www/modules/match_peptides/blast_html4.php?run_id=110202&search_id=114132&scans_id=110198&peptide_id=39148&scanf=46541&charge=3&value=2,R.QLIYNYPEQLFGAAGVMAIEHADFAGVER.L,/core/www/modules/show_out/show_out_wrapper.php?run_id=110202&search_id=114132&scans_id=110198&peptide_id=39148&scanf=46541&charge=3&value=R.QLIYNYPEQLFGAAGVMAIEHADFAGVER.L,CCT2,2.852e+6,2.361,0.034,1.473,0.001
46546,3,"  3.308","  0.561",16/92,/core/www/modules//sdig/index.php?run_id=110202&search_id=114132&scans_id=110198&peptide_id=39153&scanf=46546&charge=3&value=16/92,sp|O43464|HTRA2_HUMAN,/core/www/modules//consensus/?run_id=110202&search_id=114132&scans_id=110198&peptide_id=39153&scanf=46546&charge=3&value=sp|O43464|HTRA2_HUMAN,3,/core/www/modules/match_peptides/blast_html4.php?run_id=110202&search_id=114132&scans_id=110198&peptide_id=39153&scanf=46546&charge=3&value=3,R.LLSGDTYEAVVTAVDPVADIATLR.I,/core/www/modules/show_out/show_out_wrapper.php?run_id=110202&search_id=114132&scans_id=110198&peptide_id=39153&scanf=46546&charge=3&value=R.LLSGDTYEAVVTAVDPVADIATLR.I,HTRA2,4.194e+6,2.693,0.011,1.956,0.000
46550,3,"  5.258","  0.678",24/72,/core/www/modules//sdig/index.php?run_id=110202&search_id=114132&scans_id=110198&peptide_id=39157&scanf=46550&charge=3&value=24/72,sp|O76094|SRP72_HUMAN,/core/www/modules//consensus/?run_id=110202&search_id=114132&scans_id=110198&peptide_id=39157&scanf=46550&charge=3&value=sp|O76094|SRP72_HUMAN,0,/core/www/modules/match_peptides/blast_html4.php?run_id=110202&search_id=114132&scans_id=110198&peptide_id=39157&scanf=46550&charge=3&value=0,K.DIHTLAQLISAYSLVDPEK.A,/core/www/modules/show_out/show_out_wrapper.php?run_id=110202&search_id=114132&scans_id=110198&peptide_id=39157&scanf=46550&charge=3&value=K.DIHTLAQLISAYSLVDPEK.A,SRP72,1.998e+7,3.712,0.000,3.462,0.000
46551,3,"  6.339","  0.763",26/104,/core/www/modules//sdig/index.php?run_id=110202&search_id=114132&scans_id=110198&peptide_id=39158&scanf=46551&charge=3&value=26/104,sp|P32969|RL9_HUMAN,/core/www/modules//consensus/?run_id=110202&search_id=114132&scans_id=110198&peptide_id=39158&scanf=46551&charge=3&value=sp|P32969|RL9_HUMAN,4,/core/www/modules/match_peptides/blast_html4.php?run_id=110202&search_id=114132&scans_id=110198&peptide_id=39158&scanf=46551&charge=3&value=4,K.DELILEGNDIELVSNSAALIQQATTVK.N,/core/www/modules/show_out/show_out_wrapper.php?run_id=110202&search_id=114132&scans_id=110198&peptide_id=39158&scanf=46551&charge=3&value=K.DELILEGNDIELVSNSAALIQQATTVK.N,RPL9P9,1.512e+7,3.659,0.000,3.384,0.000
46555,3,"  5.782","  0.602",26/72,/core/www/modules//sdig/index.php?run_id=110202&search_id=114132&scans_id=110198&peptide_id=39162&scanf=46555&charge=3&value=26/72,sp|P78527|PRKDC_HUMAN,/core/www/modules//consensus/?run_id=110202&search_id=114132&scans_id=110198&peptide_id=39162&scanf=46555&charge=3&value=sp|P78527|PRKDC_HUMAN,0,/core/www/modules/match_peptides/blast_html4.php?run_id=110202&search_id=114132&scans_id=110198&peptide_id=39162&scanf=46555&charge=3&value=0,K.AVAFFLESIAMHDIIAAEK.C,/core/www/modules/show_out/show_out_wrapper.php?run_id=110202&search_id=114132&scans_id=110198&peptide_id=39162&scanf=46555&charge=3&value=K.AVAFFLESIAMHDIIAAEK.C,PRKDC,6.496e+7,4.285,0.000,4.312,0.000
46557,2,"  2.451","  0.372",11/18,/core/www/modules//sdig/index.php?run_id=110202&search_id=114132&scans_id=110198&peptide_id=39164&scanf=46557&charge=2&value=11/18,sp|Q7L014|DDX46_HUMAN,/core/www/modules//consensus/?run_id=110202&search_id=114132&scans_id=110198&peptide_id=39164&scanf=46557&charge=2&value=sp|Q7L014|DDX46_HUMAN,2,/core/www/modules/match_peptides/blast_html4.php?run_id=110202&search_id=114132&scans_id=110198&peptide_id=39164&scanf=46557&charge=2&value=2,K.TIAFLLPMFR.H,/core/www/modules/show_out/show_out_wrapper.php?run_id=110202&search_id=114132&scans_id=110198&peptide_id=39164&scanf=46557&charge=2&value=K.TIAFLLPMFR.H,DDX46,2.316e+7,2.905,0.005,2.268,0.000
46562,3,"  3.822","  0.642",21/88,/core/www/modules//sdig/index.php?run_id=110202&search_id=114132&scans_id=110198&peptide_id=39170&scanf=46562&charge=3&value=21/88,sp|Q02880|TOP2B_HUMAN,/core/www/modules//consensus/?run_id=110202&search_id=114132&scans_id=110198&peptide_id=39170&scanf=46562&charge=3&value=sp|Q02880|TOP2B_HUMAN,4,/core/www/modules/match_peptides/blast_html4.php?run_id=110202&search_id=114132&scans_id=110198&peptide_id=39170&scanf=46562&charge=3&value=4,K.VYVPALIFGQLLTSSNYDDDEKK.V,/core/www/modules/show_out/show_out_wrapper.php?run_id=110202&search_id=114132&scans_id=110198&peptide_id=39170&scanf=46562&charge=3&value=K.VYVPALIFGQLLTSSNYDDDEKK.V,TOP2B,1.082e+7,3.094,0.003,2.547,0.000
46566,2,"  2.903","  0.431",13/24,/core/www/modules//sdig/index.php?run_id=110202&search_id=114132&scans_id=110198&peptide_id=39174&scanf=46566&charge=2&value=13/24,sp|Q9NQZ2|SAS10_HUMAN,/core/www/modules//consensus/?run_id=110202&search_id=114132&scans_id=110198&peptide_id=39174&scanf=46566&charge=2&value=sp|Q9NQZ2|SAS10_HUMAN,0,/core/www/modules/match_peptides/blast_html4.php?run_id=110202&search_id=114132&scans_id=110198&peptide_id=39174&scanf=46566&charge=2&value=0,K.ESPELLELIEDLK.V,/core/www/modules/show_out/show_out_wrapper.php?run_id=110202&search_id=114132&scans_id=110198&peptide_id=39174&scanf=46566&charge=2&value=K.ESPELLELIEDLK.V,UTP3,3.452e+7,2.751,0.009,2.042,0.000
46569,3,"  2.970","  0.634",17/84,/core/www/modules//sdig/index.php?run_id=110202&search_id=114132&scans_id=110198&peptide_id=39177&scanf=46569&charge=3&value=17/84,sp|Q7Z6Z7|HUWE1_HUMAN,/core/www/modules//consensus/?run_id=110202&search_id=114132&scans_id=110198&peptide_id=39177&scanf=46569&charge=3&value=sp|Q7Z6Z7|HUWE1_HUMAN,0,/core/www/modules/match_peptides/blast_html4.php?run_id=110202&search_id=114132&scans_id=110198&peptide_id=39177&scanf=46569&charge=3&value=0,R.LLGPSAAADILQLSSSLPLQSR.G,/core/www/modules/show_out/show_out_wrapper.php?run_id=110202&search_id=114132&scans_id=110198&peptide_id=39177&scanf=46569&charge=3&value=R.LLGPSAAADILQLSSSLPLQSR.G,HUWE1,2.089e+7,3.164,0.002,2.651,0.000
46571,3,"  8.136","  0.697",30/96,/core/www/modules//sdig/index.php?run_id=110202&search_id=114132&scans_id=110198&peptide_id=39179&scanf=46571&charge=3&value=30/96,sp|Q15397|PUM3_HUMAN,/core/www/modules//consensus/?run_id=110202&search_id=114132&scans_id=110198&peptide_id=39179&scanf=46571&charge=3&value=sp|Q15397|PUM3_HUMAN,0,/core/www/modules/match_peptides/blast_html4.php?run_id=110202&search_id=114132&scans_id=110198&peptide_id=39179&scanf=46571&charge=3&value=0,R.ELLESISPALLSYLQEHAQEVVLDK.S,/core/www/modules/show_out/show_out_wrapper.php?run_id=110202&search_id=114132&scans_id=110198&peptide_id=39179&scanf=46571&charge=3&value=R.ELLESISPALLSYLQEHAQEVVLDK.S,PUM3,3.332e+7,3.782,0.000,3.567,0.000
46572,3,"  6.569","  0.689",31/112,/core/www/modules//sdig/index.php?run_id=110202&search_id=114132&scans_id=110198&peptide_id=39180&scanf=46572&charge=3&value=31/112,sp|Q15149|PLEC_HUMAN,/core/www/modules//consensus/?run_id=110202&search_id=114132&scans_id=110198&peptide_id=39180&scanf=46572&charge=3&value=sp|Q15149|PLEC_HUMAN,5,/core/www/modules/match_peptides/blast_html4.php?run_id=110202&search_id=114132&scans_id=110198&peptide_id=39180&scanf=46572&charge=3&value=5,K.DLLPSDMAVALLEAQAGTGHIIDPATSAR.L,/core/www/modules/show_out/show_out_wrapper.php?run_id=110202&search_id=114132&scans_id=110198&peptide_id=39180&scanf=46572&charge=3&value=K.DLLPSDMAVALLEAQAGTGHIIDPATSAR.L,PLEC,2.338e+7,3.912,0.000,3.759,0.000
46573,3,"  4.313","  0.592",16/68,/core/www/modules//sdig/index.php?run_id=110202&search_id=114132&scans_id=110198&peptide_id=39181&scanf=46573&charge=3&value=16/68,sp|Q9BQG0|MBB1A_HUMAN,/core/www/modules//consensus/?run_id=110202&search_id=114132&scans_id=110198&peptide_id=39181&scanf=46573&charge=3&value=sp|Q9BQG0|MBB1A_HUMAN,1,/core/www/modules/match_peptides/blast_html4.php?run_id=110202&search_id=114132&scans_id=110198&peptide_id=39181&scanf=46573&charge=3&value=1,K.AQHQQALSSLELLNVLFR.T,/core/www/modules/show_out/show_out_wrapper.php?run_id=110202&search_id=114132&scans_id=110198&peptide_id=39181&scanf=46573&charge=3&value=K.AQHQQALSSLELLNVLFR.T,MYBBP1A,2.231e+7,3.416,0.001,3.024,0.000
46575,3,"  5.641","  0.649",18/96,/core/www/modules//sdig/index.php?run_id=110202&search_id=114132&scans_id=110198&peptide_id=39183&scanf=46575&charge=3&value=18/96,sp|P38919|IF4A3_HUMAN,/core/www/modules//consensus/?run_id=110202&search_id=114132&scans_id=110198&peptide_id=39183&scanf=46575&charge=3&value=sp|P38919|IF4A3_HUMAN,1,/core/www/modules/match_peptides/blast_html4.php?run_id=110202&search_id=114132&scans_id=110198&peptide_id=39183&scanf=46575&charge=3&value=1,R.YLPPATQVVLISATLPHEILEM*TNK.F,/core/www/modules/show_out/show_out_wrapper.php?run_id=110202&search_id=114132&scans_id=110198&peptide_id=39183&scanf=46575&charge=3&value=R.YLPPATQVVLISATLPHEILEM*TNK.F,EIF4A3,5.357e+6,3.300,0.001,2.852,0.000
46576,2,"  3.831","  0.669",17/24,/core/www/modules//sdig/index.php?run_id=110202&search_id=114132&scans_id=110198&peptide_id=39184&scanf=46576&charge=2&value=17/24,sp|P53621|COPA_HUMAN,/core/www/modules//consensus/?run_id=110202&search_id=114132&scans_id=110198&peptide_id=39184&scanf=46576&charge=2&value=sp|P53621|COPA_HUMAN,4,/core/www/modules/match_peptides/blast_html4.php?run_id=110202&search_id=114132&scans_id=110198&peptide_id=39184&scanf=46576&charge=2&value=4,K.LSFLYLITGNLEK.L,/core/www/modules/show_out/show_out_wrapper.php?run_id=110202&search_id=114132&scans_id=110198&peptide_id=39184&scanf=46576&charge=2&value=K.LSFLYLITGNLEK.L,COPA,1.514e+7,4.024,0.000,3.925,0.000
46577,2,"  6.312","  0.720",25/42,/core/www/modules//sdig/index.php?run_id=110202&search_id=114132&scans_id=110198&peptide_id=39185&scanf=46577&charge=2&value=25/42,sp|P25705|ATPA_HUMAN,/core/www/modules//consensus/?run_id=110202&search_id=114132&scans_id=110198&peptide_id=39185&scanf=46577&charge=2&value=sp|P25705|ATPA_HUMAN,0,/core/www/modules/match_peptides/blast_html4.php?run_id=110202&search_id=114132&scans_id=110198&peptide_id=39185&scanf=46577&charge=2&value=0,R.EVAAFAQFGSDLDAATQQLLSR.G,/core/www/modules/show_out/show_out_wrapper.php?run_id=110202&search_id=114132&scans_id=110198&peptide_id=39185&scanf=46577&charge=2&value=R.EVAAFAQFGSDLDAATQQLLSR.G,ATP5F1A,8.096e+6,3.771,0.000,3.549,0.000
46587,3,"  2.859","  0.520",16/72,/core/www/modules//sdig/index.php?run_id=110202&search_id=114132&scans_id=110198&peptide_id=39196&scanf=46587&charge=3&value=16/72,sp|P35270|SPRE_HUMAN,/core/www/modules//consensus/?run_id=110202&search_id=114132&scans_id=110198&peptide_id=39196&scanf=46587&charge=3&value=sp|P35270|SPRE_HUMAN,0,/core/www/modules/match_peptides/blast_html4.php?run_id=110202&search_id=114132&scans_id=110198&peptide_id=39196&scanf=46587&charge=3&value=0,R.VPADLGAEAGLQQLLGALR.E,/core/www/modules/show_out/show_out_wrapper.php?run_id=110202&search_id=114132&scans_id=110198&peptide_id=39196&scanf=46587&charge=3&value=R.VPADLGAEAGLQQLLGALR.E,SPR,1.406e+7,2.819,0.007,2.141,0.000
46590,3,"  4.818","  0.632",16/116,/core/www/modules//sdig/index.php?run_id=110202&search_id=114132&scans_id=110198&peptide_id=39200&scanf=46590&charge=3&value=16/116,sp|Q14980|NUMA1_HUMAN,/core/www/modules//consensus/?run_id=110202&search_id=114132&scans_id=110198&peptide_id=39200&scanf=46590&charge=3&value=sp|Q14980|NUMA1_HUMAN,2,/core/www/modules/match_peptides/blast_html4.php?run_id=110202&search_id=114132&scans_id=110198&peptide_id=39200&scanf=46590&charge=3&value=2,R.LTAQVASLTSELTTLNATIQQQDQELAGLK.Q,/core/www/modules/show_out/show_out_wrapper.php?run_id=110202&search_id=114132&scans_id=110198&peptide_id=39200&scanf=46590&charge=3&value=R.LTAQVASLTSELTTLNATIQQQDQELAGLK.Q,NUMA1,8.274e+6,3.057,0.003,2.492,0.000
46592,2,"  4.433","  0.709",16/28,/core/www/modules//sdig/index.php?run_id=110202&search_id=114132&scans_id=110198&peptide_id=39201&scanf=46592&charge=2&value=16/28,sp|Q6P2Q9|PRP8_HUMAN,/core/www/modules//consensus/?run_id=110202&search_id=114132&scans_id=110198&peptide_id=39201&scanf=46592&charge=2&value=sp|Q6P2Q9|PRP8_HUMAN,0,/core/www/modules/match_peptides/blast_html4.php?run_id=110202&search_id=114132&scans_id=110198&peptide_id=39201&scanf=46592&charge=2&value=0,R.EAVVNTQELLDLLVK.C,/core/www/modules/show_out/show_out_wrapper.php?run_id=110202&search_id=114132&scans_id=110198&peptide_id=39201&scanf=46592&charge=2&value=R.EAVVNTQELLDLLVK.C,PRPF8,2.993e+7,4.123,0.000,4.072,0.000
46593,2,"  3.655","  0.772",15/36,/core/www/modules//sdig/index.php?run_id=110202&search_id=114132&scans_id=110198&peptide_id=39202&scanf=46593&charge=2&value=15/36,sp|Q12996|CSTF3_HUMAN,/core/www/modules//consensus/?run_id=110202&search_id=114132&scans_id=110198&peptide_id=39202&scanf=46593&charge=2&value=sp|Q12996|CSTF3_HUMAN,1,/core/www/modules/match_peptides/blast_html4.php?run_id=110202&search_id=114132&scans_id=110198&peptide_id=39202&scanf=46593&charge=2&value=1,K.LAAIIPDPVVAPSIVPVLK.D,/core/www/modules/show_out/show_out_wrapper.php?run_id=110202&search_id=114132&scans_id=110198&peptide_id=39202&scanf=46593&charge=2&value=K.LAAIIPDPVVAPSIVPVLK.D,CSTF3,1.767e+7,3.617,0.000,3.321,0.000
46594,3,"  5.329","  0.754",22/72,/core/www/modules//sdig/index.php?run_id=110202&search_id=114132&scans_id=110198&peptide_id=39203&scanf=46594&charge=3&value=22/72,sp|O76021|RL1D1_HUMAN,/core/www/modules//consensus/?run_id=110202&search_id=114132&scans_id=110198&peptide_id=39203&scanf=46594&charge=3&value=sp|O76021|RL1D1_HUMAN,2,/core/www/modules/match_peptides/blast_html4.php?run_id=110202&search_id=114132&scans_id=110198&peptide_id=39203&scanf=46594&charge=3&value=2,K.SAALPIFSSFVSNWDEATK.R,/core/www/modules/show_out/show_out_wrapper.php?run_id=110202&search_id=114132&scans_id=110198&peptide_id=39203&scanf=46594&charge=3&value=K.SAALPIFSSFVSNWDEATK.R,RSL1D1,1.048e+8,4.049,0.000,3.963,0.000
46595,3,"  2.364","  0.586",11/64,/core/www/modules//sdig/index.php?run_id=110202&search_id=114132&scans_id=110198&peptide_id=39204&scanf=46595&charge=3&value=11/64,sp|Q9ULC4|MCTS1_HUMAN,/core/www/modules//consensus/?run_id=110202&search_id=114132&scans_id=110198&peptide_id=39204&scanf=46595&charge=3&value=sp|Q9ULC4|MCTS1_HUMAN,0,/core/www/modules/match_peptides/blast_html4.php?run_id=110202&search_id=114132&scans_id=110198&peptide_id=39204&scanf=46595&charge=3&value=0,K.LYPAAVDTIVAIMAEGK.Q,/core/www/modules/show_out/show_out_wrapper.php?run_id=110202&search_id=114132&scans_id=110198&peptide_id=39204&scanf=46595&charge=3&value=K.LYPAAVDTIVAIMAEGK.Q,MCTS1,2.516e+7,3.105,0.003,2.563,0.000
46598,2,"  2.063","  0.335",4/26,/core/www/modules//sdig/index.php?run_id=110202&search_id=114132&scans_id=110198&peptide_id=39207&scanf=46598&charge=2&value=4/26,sp|P52209|6PGD_HUMAN,/core/www/modules//consensus/?run_id=110202&search_id=114132&scans_id=110198&peptide_id=39207&scanf=46598&charge=2&value=sp|P52209|6PGD_HUMAN,0,/core/www/modules/match_peptides/blast_html4.php?run_id=110202&search_id=114132&scans_id=110198&peptide_id=39207&scanf=46598&charge=2&value=0,R.NPELQNLLLDDFFK.S,/core/www/modules/show_out/show_out_wrapper.php?run_id=110202&search_id=114132&scans_id=110198&peptide_id=39207&scanf=46598&charge=2&value=R.NPELQNLLLDDFFK.S,PGD,7.059e+6,1.867,0.158,0.801,0.008
46600,2,"  3.231","  0.619",14/20,/core/www/modules//sdig/index.php?run_id=110202&search_id=114132&scans_id=110198&peptide_id=39210&scanf=46600&charge=2&value=14/20,sp|P43363|MAGAA_HUMAN,/core/www/modules//consensus/?run_id=110202&search_id=114132&scans_id=110198&peptide_id=39210&scanf=46600&charge=2&value=sp|P43363|MAGAA_HUMAN,2,/core/www/modules/match_peptides/blast_html4.php?run_id=110202&search_id=114132&scans_id=110198&peptide_id=39210&scanf=46600&charge=2&value=2,K.VTDLVQFLLFK.Y,/core/www/modules/show_out/show_out_wrapper.php?run_id=110202&search_id=114132&scans_id=110198&peptide_id=39210&scanf=46600&charge=2&value=K.VTDLVQFLLFK.Y,MAGEA10,3.181e+7,3.768,0.000,3.545,0.000
46601,3,"  5.084","  0.772",30/76,/core/www/modules//sdig/index.php?run_id=110202&search_id=114132&scans_id=110198&peptide_id=39211&scanf=46601&charge=3&value=30/76,sp|P12956|XRCC6_HUMAN,/core/www/modules//consensus/?run_id=110202&search_id=114132&scans_id=110198&peptide_id=39211&scanf=46601&charge=3&value=sp|P12956|XRCC6_HUMAN,1,/core/www/modules/match_peptides/blast_html4.php?run_id=110202&search_id=114132&scans_id=110198&peptide_id=39211&scanf=46601&charge=3&value=1,K.IQVTPPGFQLVFLPFADDKR.K,/core/www/modules/show_out/show_out_wrapper.php?run_id=110202&search_id=114132&scans_id=110198&peptide_id=39211&scanf=46601&charge=3&value=K.IQVTPPGFQLVFLPFADDKR.K,XRCC6,7.561e+7,3.915,0.000,3.764,0.000
46603,3,"  3.453","  0.645",17/76,/core/www/modules//sdig/index.php?run_id=110202&search_id=114132&scans_id=110198&peptide_id=39213&scanf=46603&charge=3&value=17/76,sp|Q9GZR7|DDX24_HUMAN,/core/www/modules//consensus/?run_id=110202&search_id=114132&scans_id=110198&peptide_id=39213&scanf=46603&charge=3&value=sp|Q9GZR7|DDX24_HUMAN,4,/core/www/modules/match_peptides/blast_html4.php?run_id=110202&search_id=114132&scans_id=110198&peptide_id=39213&scanf=46603&charge=3&value=4,R.ATNEGLSLMLIGPEDVINFK.K,/core/www/modules/show_out/show_out_wrapper.php?run_id=110202&search_id=114132&scans_id=110198&peptide_id=39213&scanf=46603&charge=3&value=R.ATNEGLSLMLIGPEDVINFK.K,DDX24,1.266e+7,3.346,0.001,2.920,0.000
46613,4,"  9.892","  0.636",30/228,/core/www/modules//sdig/index.php?run_id=110202&search_id=114132&scans_id=110198&peptide_id=39223&scanf=46613&charge=4&value=30/228,sp|P26599|PTBP1_HUMAN,/core/www/modules//consensus/?run_id=110202&search_id=114132&scans_id=110198&peptide_id=39223&scanf=46613&charge=4&value=sp|P26599|PTBP1_HUMAN,6,/core/www/modules/match_peptides/blast_html4.php?run_id=110202&search_id=114132&scans_id=110198&peptide_id=39223&scanf=46613&charge=4&value=6,R.AQAALQAVNSVQSGNLALAASAAAVDAGMAMAGQSPVLR.I,/core/www/modules/show_out/show_out_wrapper.php?run_id=110202&search_id=114132&scans_id=110198&peptide_id=39223&scanf=46613&charge=4&value=R.AQAALQAVNSVQSGNLALAASAAAVDAGMAMAGQSPVLR.I,PTBP1,2.943e+7,3.408,0.001,3.012,0.000
46615,3,"  4.585","  0.725",23/76,/core/www/modules//sdig/index.php?run_id=110202&search_id=114132&scans_id=110198&peptide_id=39225&scanf=46615&charge=3&value=23/76,sp|Q99714|HCD2_HUMAN,/core/www/modules//consensus/?run_id=110202&search_id=114132&scans_id=110198&peptide_id=39225&scanf=46615&charge=3&value=sp|Q99714|HCD2_HUMAN,0,/core/www/modules/match_peptides/blast_html4.php?run_id=110202&search_id=114132&scans_id=110198&peptide_id=39225&scanf=46615&charge=3&value=0,R.VMTIAPGLFGTPLLTSLPEK.V,/core/www/modules/show_out/show_out_wrapper.php?run_id=110202&search_id=114132&scans_id=110198&peptide_id=39225&scanf=46615&charge=3&value=R.VMTIAPGLFGTPLLTSLPEK.V,HSD17B10,2.905e+7,3.789,0.000,3.577,0.000
46616,3,"  3.841","  0.660",19/60,/core/www/modules//sdig/index.php?run_id=110202&search_id=114132&scans_id=110198&peptide_id=39226&scanf=46616&charge=3&value=19/60,sp|Q9BSJ8|ESYT1_HUMAN,/core/www/modules//consensus/?run_id=110202&search_id=114132&scans_id=110198&peptide_id=39226&scanf=46616&charge=3&value=sp|Q9BSJ8|ESYT1_HUMAN,0,/core/www/modules/match_peptides/blast_html4.php?run_id=110202&search_id=114132&scans_id=110198&peptide_id=39226&scanf=46616&charge=3&value=0,R.LLVPLVPDLQDVAQLR.S,/core/www/modules/show_out/show_out_wrapper.php?run_id=110202&search_id=114132&scans_id=110198&peptide_id=39226&scanf=46616&charge=3&value=R.LLVPLVPDLQDVAQLR.S,ESYT1,2.834e+7,3.729,0.000,3.487,0.000
46618,2,"  2.679","  0.343",13/28,/core/www/modules//sdig/index.php?run_id=110202&search_id=114132&scans_id=110198&peptide_id=39228&scanf=46618&charge=2&value=13/28,sp|Q8NI36|WDR36_HUMAN,/core/www/modules//consensus/?run_id=110202&search_id=114132&scans_id=110198&peptide_id=39228&scanf=46618&charge=2&value=sp|Q8NI36|WDR36_HUMAN,1,/core/www/modules/match_peptides/blast_html4.php?run_id=110202&search_id=114132&scans_id=110198&peptide_id=39228&scanf=46618&charge=2&value=1,K.SAPFFIPTIPGLVPR.Y,/core/www/modules/show_out/show_out_wrapper.php?run_id=110202&search_id=114132&scans_id=110198&peptide_id=39228&scanf=46618&charge=2&value=K.SAPFFIPTIPGLVPR.Y,WDR36,1.535e+7,2.202,0.056,1.248,0.002
46619,3,"  2.581","  0.627",15/56,/core/www/modules//sdig/index.php?run_id=110202&search_id=114132&scans_id=110198&peptide_id=39229&scanf=46619&charge=3&value=15/56,sp|Q9Y2R4|DDX52_HUMAN,/core/www/modules//consensus/?run_id=110202&search_id=114132&scans_id=110198&peptide_id=39229&scanf=46619&charge=3&value=sp|Q9Y2R4|DDX52_HUMAN,0,/core/www/modules/match_peptides/blast_html4.php?run_id=110202&search_id=114132&scans_id=110198&peptide_id=39229&scanf=46619&charge=3&value=0,K.GFNPPVLVFVQSIER.A,/core/www/modules/show_out/show_out_wrapper.php?run_id=110202&search_id=114132&scans_id=110198&peptide_id=39229&scanf=46619&charge=3&value=K.GFNPPVLVFVQSIER.A,DDX52,1.658e+7,3.506,0.001,3.157,0.000
46624,2,"  3.098","  0.701",13/26,/core/www/modules//sdig/index.php?run_id=110202&search_id=114132&scans_id=110198&peptide_id=39235&scanf=46624&charge=2&value=13/26,sp|Q8IXT5|RB12B_HUMAN,/core/www/modules//consensus/?run_id=110202&search_id=114132&scans_id=110198&peptide_id=39235&scanf=46624&charge=2&value=sp|Q8IXT5|RB12B_HUMAN,4,/core/www/modules/match_peptides/blast_html4.php?run_id=110202&search_id=114132&scans_id=110198&peptide_id=39235&scanf=46624&charge=2&value=4,R.LLGLPFIAGPVDIR.H,/core/www/modules/show_out/show_out_wrapper.php?run_id=110202&search_id=114132&scans_id=110198&peptide_id=39235&scanf=46624&charge=2&value=R.LLGLPFIAGPVDIR.H,RBM12B,3.142e+7,3.822,0.000,3.625,0.000
46625,3,"  2.303","  0.526",14/56,/core/www/modules//sdig/index.php?run_id=110202&search_id=114132&scans_id=110198&peptide_id=39236&scanf=46625&charge=3&value=14/56,sp|P19367|HXK1_HUMAN,/core/www/modules//consensus/?run_id=110202&search_id=114132&scans_id=110198&peptide_id=39236&scanf=46625&charge=3&value=sp|P19367|HXK1_HUMAN,0,/core/www/modules/match_peptides/blast_html4.php?run_id=110202&search_id=114132&scans_id=110198&peptide_id=39236&scanf=46625&charge=3&value=0,R.SANLVAATLGAILNR.L,/core/www/modules/show_out/show_out_wrapper.php?run_id=110202&search_id=114132&scans_id=110198&peptide_id=39236&scanf=46625&charge=3&value=R.SANLVAATLGAILNR.L,HK1,1.376e+7,3.167,0.002,2.655,0.000
46628,2,"  2.708","  0.524",12/26,/core/www/modules//sdig/index.php?run_id=110202&search_id=114132&scans_id=110198&peptide_id=39239&scanf=46628&charge=2&value=12/26,sp|P10809|CH60_HUMAN,/core/www/modules//consensus/?run_id=110202&search_id=114132&scans_id=110198&peptide_id=39239&scanf=46628&charge=2&value=sp|P10809|CH60_HUMAN,8,/core/www/modules/match_peptides/blast_html4.php?run_id=110202&search_id=114132&scans_id=110198&peptide_id=39239&scanf=46628&charge=2&value=8,R.GVMLAVDAVIAELK.K,/core/www/modules/show_out/show_out_wrapper.php?run_id=110202&search_id=114132&scans_id=110198&peptide_id=39239&scanf=46628&charge=2&value=R.GVMLAVDAVIAELK.K,HSPD1,1.183e+7,3.129,0.003,2.599,0.000
46634,2,"  2.846","  0.725",15/20,/core/www/modules//sdig/index.php?run_id=110202&search_id=114132&scans_id=110198&peptide_id=39245&scanf=46634&charge=2&value=15/20,sp|P78527|PRKDC_HUMAN,/core/www/modules//consensus/?run_id=110202&search_id=114132&scans_id=110198&peptide_id=39245&scanf=46634&charge=2&value=sp|P78527|PRKDC_HUMAN,0,/core/www/modules/match_peptides/blast_html4.php?run_id=110202&search_id=114132&scans_id=110198&peptide_id=39245&scanf=46634&charge=2&value=0,R.FMNAVFFLLPK.F,/core/www/modules/show_out/show_out_wrapper.php?run_id=110202&search_id=114132&scans_id=110198&peptide_id=39245&scanf=46634&charge=2&value=R.FMNAVFFLLPK.F,PRKDC,2.602e+7,5.036,0.000,5.426,0.000
46636,3,"  2.627","  0.607",16/56,/core/www/modules//sdig/index.php?run_id=110202&search_id=114132&scans_id=110198&peptide_id=39247&scanf=46636&charge=3&value=16/56,sp|Q9H0A0|NAT10_HUMAN,/core/www/modules//consensus/?run_id=110202&search_id=114132&scans_id=110198&peptide_id=39247&scanf=46636&charge=3&value=sp|Q9H0A0|NAT10_HUMAN,2,/core/www/modules/match_peptides/blast_html4.php?run_id=110202&search_id=114132&scans_id=110198&peptide_id=39247&scanf=46636&charge=3&value=2,K.QDDPFELFIAATNIR.Y,/core/www/modules/show_out/show_out_wrapper.php?run_id=110202&search_id=114132&scans_id=110198&peptide_id=39247&scanf=46636&charge=3&value=K.QDDPFELFIAATNIR.Y,NAT10,1.498e+7,3.568,0.001,3.250,0.000
46638,3,"  3.374","  0.377",11/120,/core/www/modules//sdig/index.php?run_id=110202&search_id=114132&scans_id=110198&peptide_id=39249&scanf=46638&charge=3&value=11/120,sp|P09874|PARP1_HUMAN,/core/www/modules//consensus/?run_id=110202&search_id=114132&scans_id=110198&peptide_id=39249&scanf=46638&charge=3&value=sp|P09874|PARP1_HUMAN,1,/core/www/modules/match_peptides/blast_html4.php?run_id=110202&search_id=114132&scans_id=110198&peptide_id=39249&scanf=46638&charge=3&value=1,R.QIQAAYSILSEVQQAVSQGSSDSQILDLSNR.F,/core/www/modules/show_out/show_out_wrapper.php?run_id=110202&search_id=114132&scans_id=110198&peptide_id=39249&scanf=46638&charge=3&value=R.QIQAAYSILSEVQQAVSQGSSDSQILDLSNR.F,PARP1,5.127e+6,1.971,0.116,0.934,0.005
46641,3,"  4.209","  0.709",21/64,/core/www/modules//sdig/index.php?run_id=110202&search_id=114132&scans_id=110198&peptide_id=39253&scanf=46641&charge=3&value=21/64,sp|O75533|SF3B1_HUMAN,/core/www/modules//consensus/?run_id=110202&search_id=114132&scans_id=110198&peptide_id=39253&scanf=46641&charge=3&value=sp|O75533|SF3B1_HUMAN,1,/core/www/modules/match_peptides/blast_html4.php?run_id=110202&search_id=114132&scans_id=110198&peptide_id=39253&scanf=46641&charge=3&value=1,K.DYIYAVTPLLEDALMDR.D,/core/www/modules/show_out/show_out_wrapper.php?run_id=110202&search_id=114132&scans_id=110198&peptide_id=39253&scanf=46641&charge=3&value=K.DYIYAVTPLLEDALMDR.D,SF3B1,1.875e+7,4.083,0.000,4.012,0.000
46645,3,"  2.189","  0.306",9/64,/core/www/modules//sdig/index.php?run_id=110202&search_id=114132&scans_id=110198&peptide_id=39257&scanf=46645&charge=3&value=9/64,sp|P35241|RADI_HUMAN,/core/www/modules//consensus/?run_id=110202&search_id=114132&scans_id=110198&peptide_id=39257&scanf=46645&charge=3&value=sp|P35241|RADI_HUMAN,5,/core/www/modules/match_peptides/blast_html4.php?run_id=110202&search_id=114132&scans_id=110198&peptide_id=39257&scanf=46645&charge=3&value=5,K.FFPEDVSEELIQEITQR.L,/core/www/modules/show_out/show_out_wrapper.php?run_id=110202&search_id=114132&scans_id=110198&peptide_id=39257&scanf=46645&charge=3&value=K.FFPEDVSEELIQEITQR.L,RDX,4.596e+6,2.133,0.070,1.153,0.002
46646,2,"  3.394","  0.509",12/38,/core/www/modules//sdig/index.php?run_id=110202&search_id=114132&scans_id=110198&peptide_id=39258&scanf=46646&charge=2&value=12/38,sp|Q9UBE0|SAE1_HUMAN,/core/www/modules//consensus/?run_id=110202&search_id=114132&scans_id=110198&peptide_id=39258&scanf=46646&charge=2&value=sp|Q9UBE0|SAE1_HUMAN,1,/core/www/modules/match_peptides/blast_html4.php?run_id=110202&search_id=114132&scans_id=110198&peptide_id=39258&scanf=46646&charge=2&value=1,R.NDVLDSLGISPDLLPEDFVR.Y,/core/www/modules/show_out/show_out_wrapper.php?run_id=110202&search_id=114132&scans_id=110198&peptide_id=39258&scanf=46646&charge=2&value=R.NDVLDSLGISPDLLPEDFVR.Y,SAE1,4.494e+6,2.566,0.017,1.770,0.000
46648,3,"  2.310","  0.421",11/60,/core/www/modules//sdig/index.php?run_id=110202&search_id=114132&scans_id=110198&peptide_id=39260&scanf=46648&charge=3&value=11/60,sp|Q96P11|NSUN5_HUMAN,/core/www/modules//consensus/?run_id=110202&search_id=114132&scans_id=110198&peptide_id=39260&scanf=46648&charge=3&value=sp|Q96P11|NSUN5_HUMAN,0,/core/www/modules/match_peptides/blast_html4.php?run_id=110202&search_id=114132&scans_id=110198&peptide_id=39260&scanf=46648&charge=3&value=0,R.YSAVLDAVIASAGLLR.A,/core/www/modules/show_out/show_out_wrapper.php?run_id=110202&search_id=114132&scans_id=110198&peptide_id=39260&scanf=46648&charge=3&value=R.YSAVLDAVIASAGLLR.A,NSUN5,5.300e+6,2.618,0.014,1.845,0.000
46650,3,"  3.086","  0.468",10/84,/core/www/modules//sdig/index.php?run_id=110202&search_id=114132&scans_id=110198&peptide_id=39263&scanf=46650&charge=3&value=10/84,sp|Q92616|GCN1_HUMAN,/core/www/modules//consensus/?run_id=110202&search_id=114132&scans_id=110198&peptide_id=39263&scanf=46650&charge=3&value=sp|Q92616|GCN1_HUMAN,0,/core/www/modules/match_peptides/blast_html4.php?run_id=110202&search_id=114132&scans_id=110198&peptide_id=39263&scanf=46650&charge=3&value=0,R.LFNDSSPVVLEESWDALNAITK.K,/core/www/modules/show_out/show_out_wrapper.php?run_id=110202&search_id=114132&scans_id=110198&peptide_id=39263&scanf=46650&charge=3&value=R.LFNDSSPVVLEESWDALNAITK.K,GCN1,8.575e+6,2.723,0.010,1.999,0.000
46657,3,"  4.751","  0.729",22/76,/core/www/modules//sdig/index.php?run_id=110202&search_id=114132&scans_id=110198&peptide_id=39269&scanf=46657&charge=3&value=22/76,sp|O00410|IPO5_HUMAN,/core/www/modules//consensus/?run_id=110202&search_id=114132&scans_id=110198&peptide_id=39269&scanf=46657&charge=3&value=sp|O00410|IPO5_HUMAN,1,/core/www/modules/match_peptides/blast_html4.php?run_id=110202&search_id=114132&scans_id=110198&peptide_id=39269&scanf=46657&charge=3&value=1,K.LVLEQVVTSIASVADTAEEK.F,/core/www/modules/show_out/show_out_wrapper.php?run_id=110202&search_id=114132&scans_id=110198&peptide_id=39269&scanf=46657&charge=3&value=K.LVLEQVVTSIASVADTAEEK.F,IPO5,4.385e+7,3.838,0.000,3.649,0.000
46659,3,"  6.770","  0.688",22/112,/core/www/modules//sdig/index.php?run_id=110202&search_id=114132&scans_id=110198&peptide_id=39271&scanf=46659&charge=3&value=22/112,sp|P21333|FLNA_HUMAN,/core/www/modules//consensus/?run_id=110202&search_id=114132&scans_id=110198&peptide_id=39271&scanf=46659&charge=3&value=sp|P21333|FLNA_HUMAN,3,/core/www/modules/match_peptides/blast_html4.php?run_id=110202&search_id=114132&scans_id=110198&peptide_id=39271&scanf=46659&charge=3&value=3,K.VGSAADIPINISETDLSLLTATVVPPSGR.E,/core/www/modules/show_out/show_out_wrapper.php?run_id=110202&search_id=114132&scans_id=110198&peptide_id=39271&scanf=46659&charge=3&value=K.VGSAADIPINISETDLSLLTATVVPPSGR.E,FLNA,2.024e+7,3.527,0.001,3.189,0.000
46660,3,"  3.748","  0.763",18/68,/core/www/modules//sdig/index.php?run_id=110202&search_id=114132&scans_id=110198&peptide_id=39272&scanf=46660&charge=3&value=18/68,sp|P52292|IMA1_HUMAN,/core/www/modules//consensus/?run_id=110202&search_id=114132&scans_id=110198&peptide_id=39272&scanf=46660&charge=3&value=sp|P52292|IMA1_HUMAN,4,/core/www/modules/match_peptides/blast_html4.php?run_id=110202&search_id=114132&scans_id=110198&peptide_id=39272&scanf=46660&charge=3&value=4,K.NPAPPIDAVEQILPTLVR.L,/core/www/modules/show_out/show_out_wrapper.php?run_id=110202&search_id=114132&scans_id=110198&peptide_id=39272&scanf=46660&charge=3&value=K.NPAPPIDAVEQILPTLVR.L,KPNA2,3.009e+7,3.923,0.000,3.775,0.000
46661,3,"  4.288","  0.575",23/68,/core/www/modules//sdig/index.php?run_id=110202&search_id=114132&scans_id=110198&peptide_id=39273&scanf=46661&charge=3&value=23/68,sp|P30153|2AAA_HUMAN,/core/www/modules//consensus/?run_id=110202&search_id=114132&scans_id=110198&peptide_id=39273&scanf=46661&charge=3&value=sp|P30153|2AAA_HUMAN,3,/core/www/modules/match_peptides/blast_html4.php?run_id=110202&search_id=114132&scans_id=110198&peptide_id=39273&scanf=46661&charge=3&value=3,R.QLSQSLLPAIVELAEDAK.W,/core/www/modules/show_out/show_out_wrapper.php?run_id=110202&search_id=114132&scans_id=110198&peptide_id=39273&scanf=46661&charge=3&value=R.QLSQSLLPAIVELAEDAK.W,PPP2R1A,3.514e+7,3.418,0.001,3.027,0.000
46663,3,"  4.916","  0.754",20/84,/core/www/modules//sdig/index.php?run_id=110202&search_id=114132&scans_id=110198&peptide_id=39275&scanf=46663&charge=3&value=20/84,sp|P42285|MTREX_HUMAN,/core/www/modules//consensus/?run_id=110202&search_id=114132&scans_id=110198&peptide_id=39275&scanf=46663&charge=3&value=sp|P42285|MTREX_HUMAN,0,/core/www/modules/match_peptides/blast_html4.php?run_id=110202&search_id=114132&scans_id=110198&peptide_id=39275&scanf=46663&charge=3&value=0,R.FPDGIPLLDPIDDMGIQDQGLK.K,/core/www/modules/show_out/show_out_wrapper.php?run_id=110202&search_id=114132&scans_id=110198&peptide_id=39275&scanf=46663&charge=3&value=R.FPDGIPLLDPIDDMGIQDQGLK.K,MTREX,1.117e+7,3.876,0.000,3.706,0.000
46664,3,"  4.216","  0.605",22/76,/core/www/modules//sdig/index.php?run_id=110202&search_id=114132&scans_id=110198&peptide_id=39276&scanf=46664&charge=3&value=22/76,sp|Q9H0U9|TSYL1_HUMAN,/core/www/modules//consensus/?run_id=110202&search_id=114132&scans_id=110198&peptide_id=39276&scanf=46664&charge=3&value=sp|Q9H0U9|TSYL1_HUMAN,0,/core/www/modules/match_peptides/blast_html4.php?run_id=110202&search_id=114132&scans_id=110198&peptide_id=39276&scanf=46664&charge=3&value=0,R.MDPLEAIQLELDTVNAQADR.A,/core/www/modules/show_out/show_out_wrapper.php?run_id=110202&search_id=114132&scans_id=110198&peptide_id=39276&scanf=46664&charge=3&value=R.MDPLEAIQLELDTVNAQADR.A,TSPYL1,2.978e+7,3.370,0.001,2.956,0.000
46668,2,"  1.717","  0.367",10/20,/core/www/modules//sdig/index.php?run_id=110202&search_id=114132&scans_id=110198&peptide_id=39280&scanf=46668&charge=2&value=10/20,sp|P55209|NP1L1_HUMAN,/core/www/modules//consensus/?run_id=110202&search_id=114132&scans_id=110198&peptide_id=39280&scanf=46668&charge=2&value=sp|P55209|NP1L1_HUMAN,13,/core/www/modules/match_peptides/blast_html4.php?run_id=110202&search_id=114132&scans_id=110198&peptide_id=39280&scanf=46668&charge=2&value=13,K.GIPEFWLTVFK.N,/core/www/modules/show_out/show_out_wrapper.php?run_id=110202&search_id=114132&scans_id=110198&peptide_id=39280&scanf=46668&charge=2&value=K.GIPEFWLTVFK.N,NAP1L1,1.207e+7,2.598,0.015,1.817,0.000
46670,3,"  2.832","  0.524",11/64,/core/www/modules//sdig/index.php?run_id=110202&search_id=114132&scans_id=110198&peptide_id=39283&scanf=46670&charge=3&value=11/64,sp|O75533|SF3B1_HUMAN,/core/www/modules//consensus/?run_id=110202&search_id=114132&scans_id=110198&peptide_id=39283&scanf=46670&charge=3&value=sp|O75533|SF3B1_HUMAN,0,/core/www/modules/match_peptides/blast_html4.php?run_id=110202&search_id=114132&scans_id=110198&peptide_id=39283&scanf=46670&charge=3&value=0,K.ILVVIEPLLIDEDYYAR.V,/core/www/modules/show_out/show_out_wrapper.php?run_id=110202&search_id=114132&scans_id=110198&peptide_id=39283&scanf=46670&charge=3&value=K.ILVVIEPLLIDEDYYAR.V,SF3B1,4.850e+7,3.162,0.002,2.647,0.000
46674,3,"  2.709","  0.636",13/88,/core/www/modules//sdig/index.php?run_id=110202&search_id=114132&scans_id=110198&peptide_id=39287&scanf=46674&charge=3&value=13/88,sp|P23246|SFPQ_HUMAN,/core/www/modules//consensus/?run_id=110202&search_id=114132&scans_id=110198&peptide_id=39287&scanf=46674&charge=3&value=sp|P23246|SFPQ_HUMAN,1,/core/www/modules/match_peptides/blast_html4.php?run_id=110202&search_id=114132&scans_id=110198&peptide_id=39287&scanf=46674&charge=3&value=1,R.NLSPYVSNELLEEAFSQFGPIER.A,/core/www/modules/show_out/show_out_wrapper.php?run_id=110202&search_id=114132&scans_id=110198&peptide_id=39287&scanf=46674&charge=3&value=R.NLSPYVSNELLEEAFSQFGPIER.A,SFPQ,4.088e+7,3.154,0.002,2.636,0.000
46676,3,"  4.210","  0.510",11/88,/core/www/modules//sdig/index.php?run_id=110202&search_id=114132&scans_id=110198&peptide_id=39288&scanf=46676&charge=3&value=11/88,sp|P78527|PRKDC_HUMAN,/core/www/modules//consensus/?run_id=110202&search_id=114132&scans_id=110198&peptide_id=39288&scanf=46676&charge=3&value=sp|P78527|PRKDC_HUMAN,0,/core/www/modules/match_peptides/blast_html4.php?run_id=110202&search_id=114132&scans_id=110198&peptide_id=39288&scanf=46676&charge=3&value=0,K.GQAVTLLPFFTSLTGGSLEELRR.V,/core/www/modules/show_out/show_out_wrapper.php?run_id=110202&search_id=114132&scans_id=110198&peptide_id=39288&scanf=46676&charge=3&value=K.GQAVTLLPFFTSLTGGSLEELRR.V,PRKDC,7.194e+7,3.251,0.002,2.779,0.000
46677,3,"  7.393","  0.723",25/112,/core/www/modules//sdig/index.php?run_id=110202&search_id=114132&scans_id=110198&peptide_id=39289&scanf=46677&charge=3&value=25/112,sp|P50991|TCPD_HUMAN,/core/www/modules//consensus/?run_id=110202&search_id=114132&scans_id=110198&peptide_id=39289&scanf=46677&charge=3&value=sp|P50991|TCPD_HUMAN,0,/core/www/modules/match_peptides/blast_html4.php?run_id=110202&search_id=114132&scans_id=110198&peptide_id=39289&scanf=46677&charge=3&value=0,R.AFADAMEVIPSTLAENAGLNPISTVTELR.N,/core/www/modules/show_out/show_out_wrapper.php?run_id=110202&search_id=114132&scans_id=110198&peptide_id=39289&scanf=46677&charge=3&value=R.AFADAMEVIPSTLAENAGLNPISTVTELR.N,CCT4,3.519e+7,3.540,0.001,3.208,0.000
46678,3,"  5.253","  0.720",26/84,/core/www/modules//sdig/index.php?run_id=110202&search_id=114132&scans_id=110198&peptide_id=39290&scanf=46678&charge=3&value=26/84,sp|O43143|DHX15_HUMAN,/core/www/modules//consensus/?run_id=110202&search_id=114132&scans_id=110198&peptide_id=39290&scanf=46678&charge=3&value=sp|O43143|DHX15_HUMAN,0,/core/www/modules/match_peptides/blast_html4.php?run_id=110202&search_id=114132&scans_id=110198&peptide_id=39290&scanf=46678&charge=3&value=0,K.LGIDDLVHFDFMDPPAPETLMR.A,/core/www/modules/show_out/show_out_wrapper.php?run_id=110202&search_id=114132&scans_id=110198&peptide_id=39290&scanf=46678&charge=3&value=K.LGIDDLVHFDFMDPPAPETLMR.A,DHX15,3.313e+7,3.855,0.000,3.674,0.000
46680,3,"  3.404","  0.614",18/72,/core/www/modules//sdig/index.php?run_id=110202&search_id=114132&scans_id=110198&peptide_id=39293&scanf=46680&charge=3&value=18/72,sp|P33991|MCM4_HUMAN,/core/www/modules//consensus/?run_id=110202&search_id=114132&scans_id=110198&peptide_id=39293&scanf=46680&charge=3&value=sp|P33991|MCM4_HUMAN,5,/core/www/modules/match_peptides/blast_html4.php?run_id=110202&search_id=114132&scans_id=110198&peptide_id=39293&scanf=46680&charge=3&value=5,R.NLNPEDIDQLITISGMVIR.T,/core/www/modules/show_out/show_out_wrapper.php?run_id=110202&search_id=114132&scans_id=110198&peptide_id=39293&scanf=46680&charge=3&value=R.NLNPEDIDQLITISGMVIR.T,MCM4,1.624e+7,3.349,0.001,2.925,0.000
46681,3,"  5.690","  0.768",23/88,/core/www/modules//sdig/index.php?run_id=110202&search_id=114132&scans_id=110198&peptide_id=39294&scanf=46681&charge=3&value=23/88,sp|Q5JTH9|RRP12_HUMAN,/core/www/modules//consensus/?run_id=110202&search_id=114132&scans_id=110198&peptide_id=39294&scanf=46681&charge=3&value=sp|Q5JTH9|RRP12_HUMAN,0,/core/www/modules/match_peptides/blast_html4.php?run_id=110202&search_id=114132&scans_id=110198&peptide_id=39294&scanf=46681&charge=3&value=0,K.NFLPILFNLYGQPVAAGDTPAPR.R,/core/www/modules/show_out/show_out_wrapper.php?run_id=110202&search_id=114132&scans_id=110198&peptide_id=39294&scanf=46681&charge=3&value=K.NFLPILFNLYGQPVAAGDTPAPR.R,RRP12,1.948e+7,3.934,0.000,3.791,0.000
46685,2,"  3.111","  0.555",12/26,/core/www/modules//sdig/index.php?run_id=110202&search_id=114132&scans_id=110198&peptide_id=39298&scanf=46685&charge=2&value=12/26,sp|P15880|RS2_HUMAN,/core/www/modules//consensus/?run_id=110202&search_id=114132&scans_id=110198&peptide_id=39298&scanf=46685&charge=2&value=sp|P15880|RS2_HUMAN,5,/core/www/modules/match_peptides/blast_html4.php?run_id=110202&search_id=114132&scans_id=110198&peptide_id=39298&scanf=46685&charge=2&value=5,K.ESEIIDFFLGASLK.D,/core/www/modules/show_out/show_out_wrapper.php?run_id=110202&search_id=114132&scans_id=110198&peptide_id=39298&scanf=46685&charge=2&value=K.ESEIIDFFLGASLK.D,RPS2,9.767e+6,3.165,0.002,2.652,0.000
46687,2,"  3.517","  0.583",11/26,/core/www/modules//sdig/index.php?run_id=110202&search_id=114132&scans_id=110198&peptide_id=39300&scanf=46687&charge=2&value=11/26,sp|P49916|DNLI3_HUMAN,/core/www/modules//consensus/?run_id=110202&search_id=114132&scans_id=110198&peptide_id=39300&scanf=46687&charge=2&value=sp|P49916|DNLI3_HUMAN,2,/core/www/modules/match_peptides/blast_html4.php?run_id=110202&search_id=114132&scans_id=110198&peptide_id=39300&scanf=46687&charge=2&value=2,K.SLLTIQEVDEFLLR.L,/core/www/modules/show_out/show_out_wrapper.php?run_id=110202&search_id=114132&scans_id=110198&peptide_id=39300&scanf=46687&charge=2&value=K.SLLTIQEVDEFLLR.L,LIG3,7.793e+6,3.237,0.002,2.758,0.000
46697,3,"  5.523","  0.701",28/88,/core/www/modules//sdig/index.php?run_id=110202&search_id=114132&scans_id=110198&peptide_id=39310&scanf=46697&charge=3&value=28/88,sp|P16104|H2AX_HUMAN,/core/www/modules//consensus/?run_id=110202&search_id=114132&scans_id=110198&peptide_id=39310&scanf=46697&charge=3&value=sp|P16104|H2AX_HUMAN,2,/core/www/modules/match_peptides/blast_html4.php?run_id=110202&search_id=114132&scans_id=110198&peptide_id=39310&scanf=46697&charge=3&value=2,K.LLGGVTIAQGGVLPNIQAVLLPK.K,/core/www/modules/show_out/show_out_wrapper.php?run_id=110202&search_id=114132&scans_id=110198&peptide_id=39310&scanf=46697&charge=3&value=K.LLGGVTIAQGGVLPNIQAVLLPK.K,H2AX,1.253e+8,3.681,0.000,3.417,0.000
46698,2,"  3.905","  0.680",19/24,/core/www/modules//sdig/index.php?run_id=110202&search_id=114132&scans_id=110198&peptide_id=39311&scanf=46698&charge=2&value=19/24,sp|Q9NXF1|TEX10_HUMAN,/core/www/modules//consensus/?run_id=110202&search_id=114132&scans_id=110198&peptide_id=39311&scanf=46698&charge=2&value=sp|Q9NXF1|TEX10_HUMAN,0,/core/www/modules/match_peptides/blast_html4.php?run_id=110202&search_id=114132&scans_id=110198&peptide_id=39311&scanf=46698&charge=2&value=0,R.LAAVQLLQFLAPK.I,/core/www/modules/show_out/show_out_wrapper.php?run_id=110202&search_id=114132&scans_id=110198&peptide_id=39311&scanf=46698&charge=2&value=R.LAAVQLLQFLAPK.I,TEX10,5.125e+7,4.203,0.000,4.190,0.000
46699,2,"  2.659","  0.580",11/20,/core/www/modules//sdig/index.php?run_id=110202&search_id=114132&scans_id=110198&peptide_id=39312&scanf=46699&charge=2&value=11/20,sp|P62081|RS7_HUMAN,/core/www/modules//consensus/?run_id=110202&search_id=114132&scans_id=110198&peptide_id=39312&scanf=46699&charge=2&value=sp|P62081|RS7_HUMAN,0,/core/www/modules/match_peptides/blast_html4.php?run_id=110202&search_id=114132&scans_id=110198&peptide_id=39312&scanf=46699&charge=2&value=0,K.DVNFEFPEFQL.-,/core/www/modules/show_out/show_out_wrapper.php?run_id=110202&search_id=114132&scans_id=110198&peptide_id=39312&scanf=46699&charge=2&value=K.DVNFEFPEFQL.-,RPS7,4.358e+7,3.437,0.001,3.055,0.000
46700,3,"  4.979","  0.620",18/96,/core/www/modules//sdig/index.php?run_id=110202&search_id=114132&scans_id=110198&peptide_id=39314&scanf=46700&charge=3&value=18/96,sp|P78347|GTF2I_HUMAN,/core/www/modules//consensus/?run_id=110202&search_id=114132&scans_id=110198&peptide_id=39314&scanf=46700&charge=3&value=sp|P78347|GTF2I_HUMAN,2,/core/www/modules/match_peptides/blast_html4.php?run_id=110202&search_id=114132&scans_id=110198&peptide_id=39314&scanf=46700&charge=3&value=2,K.VPYPVFESNPEFLYVEGLPEGIPFR.S,/core/www/modules/show_out/show_out_wrapper.php?run_id=110202&search_id=114132&scans_id=110198&peptide_id=39314&scanf=46700&charge=3&value=K.VPYPVFESNPEFLYVEGLPEGIPFR.S,GTF2I,9.790e+6,3.160,0.002,2.645,0.000
46701,2,"  2.815","  0.672",13/24,/core/www/modules//sdig/index.php?run_id=110202&search_id=114132&scans_id=110198&peptide_id=39315&scanf=46701&charge=2&value=13/24,sp|Q9Y305|ACOT9_HUMAN,/core/www/modules//consensus/?run_id=110202&search_id=114132&scans_id=110198&peptide_id=39315&scanf=46701&charge=2&value=sp|Q9Y305|ACOT9_HUMAN,1,/core/www/modules/match_peptides/blast_html4.php?run_id=110202&search_id=114132&scans_id=110198&peptide_id=39315&scanf=46701&charge=2&value=1,K.MSPLSIVTALVDK.I,/core/www/modules/show_out/show_out_wrapper.php?run_id=110202&search_id=114132&scans_id=110198&peptide_id=39315&scanf=46701&charge=2&value=K.MSPLSIVTALVDK.I,ACOT9,1.722e+7,3.683,0.000,3.420,0.000
46703,3,"  2.662","  0.460",14/56,/core/www/modules//sdig/index.php?run_id=110202&search_id=114132&scans_id=110198&peptide_id=39317&scanf=46703&charge=3&value=14/56,sp|Q8N3U4|STAG2_HUMAN,/core/www/modules//consensus/?run_id=110202&search_id=114132&scans_id=110198&peptide_id=39317&scanf=46703&charge=3&value=sp|Q8N3U4|STAG2_HUMAN,1,/core/www/modules/match_peptides/blast_html4.php?run_id=110202&search_id=114132&scans_id=110198&peptide_id=39317&scanf=46703&charge=3&value=1,K.ITELFAVALPQLLAK.Y,/core/www/modules/show_out/show_out_wrapper.php?run_id=110202&search_id=114132&scans_id=110198&peptide_id=39317&scanf=46703&charge=3&value=K.ITELFAVALPQLLAK.Y,STAG2,9.158e+6,2.972,0.004,2.367,0.000
46709,2,"  1.713","  0.352",9/22,/core/www/modules//sdig/index.php?run_id=110202&search_id=114132&scans_id=110198&peptide_id=39323&scanf=46709&charge=2&value=9/22,sp|Q9NRW7|VPS45_HUMAN,/core/www/modules//consensus/?run_id=110202&search_id=114132&scans_id=110198&peptide_id=39323&scanf=46709&charge=2&value=sp|Q9NRW7|VPS45_HUMAN,27,/core/www/modules/match_peptides/blast_html4.php?run_id=110202&search_id=114132&scans_id=110198&peptide_id=39323&scanf=46709&charge=2&value=27,R.TEVPPLLLILDR.C,/core/www/modules/show_out/show_out_wrapper.php?run_id=110202&search_id=114132&scans_id=110198&peptide_id=39323&scanf=46709&charge=2&value=R.TEVPPLLLILDR.C,VPS45,5.852e+6,2.364,0.033,1.478,0.001
46710,3,"  4.378","  0.788",21/68,/core/www/modules//sdig/index.php?run_id=110202&search_id=114132&scans_id=110198&peptide_id=39325&scanf=46710&charge=3&value=21/68,sp|Q9Y2X3|NOP58_HUMAN,/core/www/modules//consensus/?run_id=110202&search_id=114132&scans_id=110198&peptide_id=39325&scanf=46710&charge=3&value=sp|Q9Y2X3|NOP58_HUMAN,0,/core/www/modules/match_peptides/blast_html4.php?run_id=110202&search_id=114132&scans_id=110198&peptide_id=39325&scanf=46710&charge=3&value=0,K.FQDTAEALAAFTALMEGK.I,/core/www/modules/show_out/show_out_wrapper.php?run_id=110202&search_id=114132&scans_id=110198&peptide_id=39325&scanf=46710&charge=3&value=K.FQDTAEALAAFTALMEGK.I,NOP58,1.370e+8,4.145,0.000,4.104,0.000
46713,4,"  2.839","  0.544",15/246,/core/www/modules//sdig/index.php?run_id=110202&search_id=114132&scans_id=110198&peptide_id=39328&scanf=46713&charge=4&value=15/246,sp|Q08211|DHX9_HUMAN,/core/www/modules//consensus/?run_id=110202&search_id=114132&scans_id=110198&peptide_id=39328&scanf=46713&charge=4&value=sp|Q08211|DHX9_HUMAN,0,/core/www/modules/match_peptides/blast_html4.php?run_id=110202&search_id=114132&scans_id=110198&peptide_id=39328&scanf=46713&charge=4&value=0,R.QNQVGVVPWSPPQSNWNPWTSSNIDEGPLAFATPEQISMDLK.N,/core/www/modules/show_out/show_out_wrapper.php?run_id=110202&search_id=114132&scans_id=110198&peptide_id=39328&scanf=46713&charge=4&value=R.QNQVGVVPWSPPQSNWNPWTSSNIDEGPLAFATPEQISMDLK.N,DHX9,1.779e+6,2.720,0.010,1.995,0.000
46718,3,"  5.827","  0.660",22/72,/core/www/modules//sdig/index.php?run_id=110202&search_id=114132&scans_id=110198&peptide_id=39332&scanf=46718&charge=3&value=22/72,sp|Q9Y2X3|NOP58_HUMAN,/core/www/modules//consensus/?run_id=110202&search_id=114132&scans_id=110198&peptide_id=39332&scanf=46718&charge=3&value=sp|Q9Y2X3|NOP58_HUMAN,1,/core/www/modules/match_peptides/blast_html4.php?run_id=110202&search_id=114132&scans_id=110198&peptide_id=39332&scanf=46718&charge=3&value=1,R.MMAIAPNVTVMVGELVGAR.L,/core/www/modules/show_out/show_out_wrapper.php?run_id=110202&search_id=114132&scans_id=110198&peptide_id=39332&scanf=46718&charge=3&value=R.MMAIAPNVTVMVGELVGAR.L,NOP58,8.311e+7,3.760,0.000,3.534,0.000
46719,3,"  6.276","  0.796",31/80,/core/www/modules//sdig/index.php?run_id=110202&search_id=114132&scans_id=110198&peptide_id=39333&scanf=46719&charge=3&value=31/80,sp|Q9H0A0|NAT10_HUMAN,/core/www/modules//consensus/?run_id=110202&search_id=114132&scans_id=110198&peptide_id=39333&scanf=46719&charge=3&value=sp|Q9H0A0|NAT10_HUMAN,0,/core/www/modules/match_peptides/blast_html4.php?run_id=110202&search_id=114132&scans_id=110198&peptide_id=39333&scanf=46719&charge=3&value=0,K.LGQAELVVIDEAAAIPLPLVK.S,/core/www/modules/show_out/show_out_wrapper.php?run_id=110202&search_id=114132&scans_id=110198&peptide_id=39333&scanf=46719&charge=3&value=K.LGQAELVVIDEAAAIPLPLVK.S,NAT10,3.692e+7,4.343,0.000,4.398,0.000
46720,3,"  4.932","  0.685",20/96,/core/www/modules//sdig/index.php?run_id=110202&search_id=114132&scans_id=110198&peptide_id=39335&scanf=46720&charge=3&value=20/96,sp|Q96QC0|PP1RA_HUMAN,/core/www/modules//consensus/?run_id=110202&search_id=114132&scans_id=110198&peptide_id=39335&scanf=46720&charge=3&value=sp|Q96QC0|PP1RA_HUMAN,0,/core/www/modules/match_peptides/blast_html4.php?run_id=110202&search_id=114132&scans_id=110198&peptide_id=39335&scanf=46720&charge=3&value=0,K.IIPPQPMEGLGFLDALNSAPVPGIK.I,/core/www/modules/show_out/show_out_wrapper.php?run_id=110202&search_id=114132&scans_id=110198&peptide_id=39335&scanf=46720&charge=3&value=K.IIPPQPMEGLGFLDALNSAPVPGIK.I,PPP1R10,3.285e+7,3.429,0.001,3.043,0.000
46721,2,"  3.708","  0.575",14/26,/core/www/modules//sdig/index.php?run_id=110202&search_id=114132&scans_id=110198&peptide_id=39336&scanf=46721&charge=2&value=14/26,sp|Q14683|SMC1A_HUMAN,/core/www/modules//consensus/?run_id=110202&search_id=114132&scans_id=110198&peptide_id=39336&scanf=46721&charge=2&value=sp|Q14683|SMC1A_HUMAN,2,/core/www/modules/match_peptides/blast_html4.php?run_id=110202&search_id=114132&scans_id=110198&peptide_id=39336&scanf=46721&charge=2&value=2,K.SNLMDAISFVLGEK.T,/core/www/modules/show_out/show_out_wrapper.php?run_id=110202&search_id=114132&scans_id=110198&peptide_id=39336&scanf=46721&charge=2&value=K.SNLMDAISFVLGEK.T,SMC1A,3.616e+7,3.435,0.001,3.052,0.000
46722,3,"  6.541","  0.700",19/96,/core/www/modules//sdig/index.php?run_id=110202&search_id=114132&scans_id=110198&peptide_id=39337&scanf=46722&charge=3&value=19/96,sp|Q8N163|CCAR2_HUMAN,/core/www/modules//consensus/?run_id=110202&search_id=114132&scans_id=110198&peptide_id=39337&scanf=46722&charge=3&value=sp|Q8N163|CCAR2_HUMAN,2,/core/www/modules/match_peptides/blast_html4.php?run_id=110202&search_id=114132&scans_id=110198&peptide_id=39337&scanf=46722&charge=3&value=2,R.QEGLDGGLPEEVLFGNLDLLPPPGK.S,/core/www/modules/show_out/show_out_wrapper.php?run_id=110202&search_id=114132&scans_id=110198&peptide_id=39337&scanf=46722&charge=3&value=R.QEGLDGGLPEEVLFGNLDLLPPPGK.S,CCAR2,1.670e+7,3.592,0.001,3.284,0.000
46723,3,"  3.965","  0.622",21/72,/core/www/modules//sdig/index.php?run_id=110202&search_id=114132&scans_id=110198&peptide_id=39338&scanf=46723&charge=3&value=21/72,sp|Q13206|DDX10_HUMAN,/core/www/modules//consensus/?run_id=110202&search_id=114132&scans_id=110198&peptide_id=39338&scanf=46723&charge=3&value=sp|Q13206|DDX10_HUMAN,7,/core/www/modules/match_peptides/blast_html4.php?run_id=110202&search_id=114132&scans_id=110198&peptide_id=39338&scanf=46723&charge=3&value=7,R.ILDMGFADTMNAVIENLPK.K,/core/www/modules/show_out/show_out_wrapper.php?run_id=110202&search_id=114132&scans_id=110198&peptide_id=39338&scanf=46723&charge=3&value=R.ILDMGFADTMNAVIENLPK.K,DDX10,1.579e+7,3.478,0.001,3.116,0.000
46725,3,"  2.867","  0.657",15/60,/core/www/modules//sdig/index.php?run_id=110202&search_id=114132&scans_id=110198&peptide_id=39340&scanf=46725&charge=3&value=15/60,sp|Q14690|RRP5_HUMAN,/core/www/modules//consensus/?run_id=110202&search_id=114132&scans_id=110198&peptide_id=39340&scanf=46725&charge=3&value=sp|Q14690|RRP5_HUMAN,1,/core/www/modules/match_peptides/blast_html4.php?run_id=110202&search_id=114132&scans_id=110198&peptide_id=39340&scanf=46725&charge=3&value=1,K.DLLHLPELFSPGMLVR.C,/core/www/modules/show_out/show_out_wrapper.php?run_id=110202&search_id=114132&scans_id=110198&peptide_id=39340&scanf=46725&charge=3&value=K.DLLHLPELFSPGMLVR.C,PDCD11,2.018e+7,3.669,0.000,3.399,0.000
46727,2,"  3.036","  0.337",16/22,/core/www/modules//sdig/index.php?run_id=110202&search_id=114132&scans_id=110198&peptide_id=39342&scanf=46727&charge=2&value=16/22,sp|P78527|PRKDC_HUMAN,/core/www/modules//consensus/?run_id=110202&search_id=114132&scans_id=110198&peptide_id=39342&scanf=46727&charge=2&value=sp|P78527|PRKDC_HUMAN,0,/core/www/modules/match_peptides/blast_html4.php?run_id=110202&search_id=114132&scans_id=110198&peptide_id=39342&scanf=46727&charge=2&value=0,K.NLLIFENLIDLK.R,/core/www/modules/show_out/show_out_wrapper.php?run_id=110202&search_id=114132&scans_id=110198&peptide_id=39342&scanf=46727&charge=2&value=K.NLLIFENLIDLK.R,PRKDC,8.288e+7,3.709,0.000,3.458,0.000
46728,3,"  2.964","  0.476",9/108,/core/www/modules//sdig/index.php?run_id=110202&search_id=114132&scans_id=110198&peptide_id=39343&scanf=46728&charge=3&value=9/108,sp|Q9H6R4|NOL6_HUMAN,/core/www/modules//consensus/?run_id=110202&search_id=114132&scans_id=110198&peptide_id=39343&scanf=46728&charge=3&value=sp|Q9H6R4|NOL6_HUMAN,1,/core/www/modules/match_peptides/blast_html4.php?run_id=110202&search_id=114132&scans_id=110198&peptide_id=39343&scanf=46728&charge=3&value=1,R.GLLSQPGPSSLMPVLGYDPPQLYLTQLR.E,/core/www/modules/show_out/show_out_wrapper.php?run_id=110202&search_id=114132&scans_id=110198&peptide_id=39343&scanf=46728&charge=3&value=R.GLLSQPGPSSLMPVLGYDPPQLYLTQLR.E,NOL6,4.352e+6,2.309,0.040,1.399,0.001
46729,2,"  4.275","  0.720",18/32,/core/www/modules//sdig/index.php?run_id=110202&search_id=114132&scans_id=110198&peptide_id=39344&scanf=46729&charge=2&value=18/32,sp|Q92769|HDAC2_HUMAN,/core/www/modules//consensus/?run_id=110202&search_id=114132&scans_id=110198&peptide_id=39344&scanf=46729&charge=2&value=sp|Q92769|HDAC2_HUMAN,0,/core/www/modules/match_peptides/blast_html4.php?run_id=110202&search_id=114132&scans_id=110198&peptide_id=39344&scanf=46729&charge=2&value=0,K.TFNLPLLMLGGGGYTIR.N,/core/www/modules/show_out/show_out_wrapper.php?run_id=110202&search_id=114132&scans_id=110198&peptide_id=39344&scanf=46729&charge=2&value=K.TFNLPLLMLGGGGYTIR.N,HDAC2,1.235e+7,3.797,0.000,3.589,0.000
46730,2,"  1.964","  0.455",10/22,/core/www/modules//sdig/index.php?run_id=110202&search_id=114132&scans_id=110198&peptide_id=39346&scanf=46730&charge=2&value=10/22,sp|Q92979|NEP1_HUMAN,/core/www/modules//consensus/?run_id=110202&search_id=114132&scans_id=110198&peptide_id=39346&scanf=46730&charge=2&value=sp|Q92979|NEP1_HUMAN,1,/core/www/modules/match_peptides/blast_html4.php?run_id=110202&search_id=114132&scans_id=110198&peptide_id=39346&scanf=46730&charge=2&value=1,K.LTTAFEEVWGVI.-,/core/www/modules/show_out/show_out_wrapper.php?run_id=110202&search_id=114132&scans_id=110198&peptide_id=39346&scanf=46730&charge=2&value=K.LTTAFEEVWGVI.-,EMG1,1.426e+7,2.808,0.007,2.125,0.000
46731,3,"  6.180","  0.614",17/96,/core/www/modules//sdig/index.php?run_id=110202&search_id=114132&scans_id=110198&peptide_id=39347&scanf=46731&charge=3&value=17/96,sp|O95104|SCAF4_HUMAN,/core/www/modules//consensus/?run_id=110202&search_id=114132&scans_id=110198&peptide_id=39347&scanf=46731&charge=3&value=sp|O95104|SCAF4_HUMAN,0,/core/www/modules/match_peptides/blast_html4.php?run_id=110202&search_id=114132&scans_id=110198&peptide_id=39347&scanf=46731&charge=3&value=0,R.TTQQDVASLLEEFGPIESINMIPPR.G,/core/www/modules/show_out/show_out_wrapper.php?run_id=110202&search_id=114132&scans_id=110198&peptide_id=39347&scanf=46731&charge=3&value=R.TTQQDVASLLEEFGPIESINMIPPR.G,SCAF4,2.543e+6,3.073,0.003,2.515,0.000
46739,3,"  3.591","  0.471",15/60,/core/www/modules//sdig/index.php?run_id=110202&search_id=114132&scans_id=110198&peptide_id=39354&scanf=46739&charge=3&value=15/60,sp|P11388|TOP2A_HUMAN,/core/www/modules//consensus/?run_id=110202&search_id=114132&scans_id=110198&peptide_id=39354&scanf=46739&charge=3&value=sp|P11388|TOP2A_HUMAN,0,/core/www/modules/match_peptides/blast_html4.php?run_id=110202&search_id=114132&scans_id=110198&peptide_id=39354&scanf=46739&charge=3&value=0,K.EDLATFIEELEAVEAK.E,/core/www/modules/show_out/show_out_wrapper.php?run_id=110202&search_id=114132&scans_id=110198&peptide_id=39354&scanf=46739&charge=3&value=K.EDLATFIEELEAVEAK.E,TOP2A,2.686e+7,3.163,0.002,2.649,0.000
46740,3,"  4.310","  0.695",23/80,/core/www/modules//sdig/index.php?run_id=110202&search_id=114132&scans_id=110198&peptide_id=39356&scanf=46740&charge=3&value=23/80,sp|P63010|AP2B1_HUMAN,/core/www/modules//consensus/?run_id=110202&search_id=114132&scans_id=110198&peptide_id=39356&scanf=46740&charge=3&value=sp|P63010|AP2B1_HUMAN,4,/core/www/modules/match_peptides/blast_html4.php?run_id=110202&search_id=114132&scans_id=110198&peptide_id=39356&scanf=46740&charge=3&value=4,K.LAPPLVTLLSGEPEVQYVALR.N,/core/www/modules/show_out/show_out_wrapper.php?run_id=110202&search_id=114132&scans_id=110198&peptide_id=39356&scanf=46740&charge=3&value=K.LAPPLVTLLSGEPEVQYVALR.N,AP2B1,1.811e+7,3.679,0.000,3.414,0.000
46742,2,"  3.557","  0.622",18/28,/core/www/modules//sdig/index.php?run_id=110202&search_id=114132&scans_id=110198&peptide_id=39358&scanf=46742&charge=2&value=18/28,sp|Q13200|PSMD2_HUMAN,/core/www/modules//consensus/?run_id=110202&search_id=114132&scans_id=110198&peptide_id=39358&scanf=46742&charge=2&value=sp|Q13200|PSMD2_HUMAN,0,/core/www/modules/match_peptides/blast_html4.php?run_id=110202&search_id=114132&scans_id=110198&peptide_id=39358&scanf=46742&charge=2&value=0,R.EDVLTLLLPVMGDSK.S,/core/www/modules/show_out/show_out_wrapper.php?run_id=110202&search_id=114132&scans_id=110198&peptide_id=39358&scanf=46742&charge=2&value=R.EDVLTLLLPVMGDSK.S,PSMD2,3.253e+7,3.671,0.000,3.401,0.000
46745,3,"  6.100","  0.686",23/124,/core/www/modules//sdig/index.php?run_id=110202&search_id=114132&scans_id=110198&peptide_id=39361&scanf=46745&charge=3&value=23/124,sp|P68104|EF1A1_HUMAN,/core/www/modules//consensus/?run_id=110202&search_id=114132&scans_id=110198&peptide_id=39361&scanf=46745&charge=3&value=sp|P68104|EF1A1_HUMAN,6,/core/www/modules/match_peptides/blast_html4.php?run_id=110202&search_id=114132&scans_id=110198&peptide_id=39361&scanf=46745&charge=3&value=6,K.IGYNPDTVAFVPISGWNGDNMLEPSANMPWFK.G,/core/www/modules/show_out/show_out_wrapper.php?run_id=110202&search_id=114132&scans_id=110198&peptide_id=39361&scanf=46745&charge=3&value=K.IGYNPDTVAFVPISGWNGDNMLEPSANMPWFK.G,EEF1A1,4.420e+6,3.204,0.002,2.710,0.000
46751,2,"  1.817","  0.596",9/18,/core/www/modules//sdig/index.php?run_id=110202&search_id=114132&scans_id=110198&peptide_id=39368&scanf=46751&charge=2&value=9/18,sp|P78344|IF4G2_HUMAN,/core/www/modules//consensus/?run_id=110202&search_id=114132&scans_id=110198&peptide_id=39368&scanf=46751&charge=2&value=sp|P78344|IF4G2_HUMAN,2,/core/www/modules/match_peptides/blast_html4.php?run_id=110202&search_id=114132&scans_id=110198&peptide_id=39368&scanf=46751&charge=2&value=2,K.GLSFLFPLLK.L,/core/www/modules/show_out/show_out_wrapper.php?run_id=110202&search_id=114132&scans_id=110198&peptide_id=39368&scanf=46751&charge=2&value=K.GLSFLFPLLK.L,EIF4G2,9.146e+6,3.394,0.001,2.991,0.000
46756,2,"  2.053","  0.527",12/22,/core/www/modules//sdig/index.php?run_id=110202&search_id=114132&scans_id=110198&peptide_id=39373&scanf=46756&charge=2&value=12/22,sp|Q8IX18|DHX40_HUMAN,/core/www/modules//consensus/?run_id=110202&search_id=114132&scans_id=110198&peptide_id=39373&scanf=46756&charge=2&value=sp|Q8IX18|DHX40_HUMAN,2,/core/www/modules/match_peptides/blast_html4.php?run_id=110202&search_id=114132&scans_id=110198&peptide_id=39373&scanf=46756&charge=2&value=2,R.TLTTDILFGLLK.K,/core/www/modules/show_out/show_out_wrapper.php?run_id=110202&search_id=114132&scans_id=110198&peptide_id=39373&scanf=46756&charge=2&value=R.TLTTDILFGLLK.K,DHX40,1.255e+7,3.192,0.002,2.692,0.000
46760,2,"  2.900","  0.606",14/20,/core/www/modules//sdig/index.php?run_id=110202&search_id=114132&scans_id=110198&peptide_id=39377&scanf=46760&charge=2&value=14/20,sp|A6NHR9|SMHD1_HUMAN,/core/www/modules//consensus/?run_id=110202&search_id=114132&scans_id=110198&peptide_id=39377&scanf=46760&charge=2&value=sp|A6NHR9|SMHD1_HUMAN,2,/core/www/modules/match_peptides/blast_html4.php?run_id=110202&search_id=114132&scans_id=110198&peptide_id=39377&scanf=46760&charge=2&value=2,K.FSFGLLDLPFR.V,/core/www/modules/show_out/show_out_wrapper.php?run_id=110202&search_id=114132&scans_id=110198&peptide_id=39377&scanf=46760&charge=2&value=K.FSFGLLDLPFR.V,SMCHD1,4.136e+7,3.971,0.000,3.847,0.000
46764,2,"  4.892","  0.748",23/32,/core/www/modules//sdig/index.php?run_id=110202&search_id=114132&scans_id=110198&peptide_id=39381&scanf=46764&charge=2&value=23/32,sp|P55072|TERA_HUMAN,/core/www/modules//consensus/?run_id=110202&search_id=114132&scans_id=110198&peptide_id=39381&scanf=46764&charge=2&value=sp|P55072|TERA_HUMAN,10,/core/www/modules/match_peptides/blast_html4.php?run_id=110202&search_id=114132&scans_id=110198&peptide_id=39381&scanf=46764&charge=2&value=10,K.NAPAIIFIDELDAIAPK.R,/core/www/modules/show_out/show_out_wrapper.php?run_id=110202&search_id=114132&scans_id=110198&peptide_id=39381&scanf=46764&charge=2&value=K.NAPAIIFIDELDAIAPK.R,VCP,1.491e+8,4.285,0.000,4.312,0.000
46767,2,"  3.390","  0.472",12/28,/core/www/modules//sdig/index.php?run_id=110202&search_id=114132&scans_id=110198&peptide_id=39384&scanf=46767&charge=2&value=12/28,sp|Q9UJZ1|STML2_HUMAN,/core/www/modules//consensus/?run_id=110202&search_id=114132&scans_id=110198&peptide_id=39384&scanf=46767&charge=2&value=sp|Q9UJZ1|STML2_HUMAN,0,/core/www/modules/match_peptides/blast_html4.php?run_id=110202&search_id=114132&scans_id=110198&peptide_id=39384&scanf=46767&charge=2&value=0,R.ILEPGLNILIPVLDR.I,/core/www/modules/show_out/show_out_wrapper.php?run_id=110202&search_id=114132&scans_id=110198&peptide_id=39384&scanf=46767&charge=2&value=R.ILEPGLNILIPVLDR.I,STOML2,1.121e+7,2.771,0.009,2.070,0.000
46769,2,"  1.160","  0.368",7/24,/core/www/modules//sdig/index.php?run_id=110202&search_id=114132&scans_id=110198&peptide_id=39386&scanf=46769&charge=2&value=7/24,sp|P30153|2AAA_HUMAN,/core/www/modules//consensus/?run_id=110202&search_id=114132&scans_id=110198&peptide_id=39386&scanf=46769&charge=2&value=sp|P30153|2AAA_HUMAN,1,/core/www/modules/match_peptides/blast_html4.php?run_id=110202&search_id=114132&scans_id=110198&peptide_id=39386&scanf=46769&charge=2&value=1,K.YFAQEALTVLSLA.-,/core/www/modules/show_out/show_out_wrapper.php?run_id=110202&search_id=114132&scans_id=110198&peptide_id=39386&scanf=46769&charge=2&value=K.YFAQEALTVLSLA.-,PPP2R1A,1.638e+7,2.226,0.052,1.282,0.002
46770,4,"  7.868","  0.651",26/246,/core/www/modules//sdig/index.php?run_id=110202&search_id=114132&scans_id=110198&peptide_id=39388&scanf=46770&charge=4&value=26/246,sp|P52272|HNRPM_HUMAN,/core/www/modules//consensus/?run_id=110202&search_id=114132&scans_id=110198&peptide_id=39388&scanf=46770&charge=4&value=sp|P52272|HNRPM_HUMAN,2,/core/www/modules/match_peptides/blast_html4.php?run_id=110202&search_id=114132&scans_id=110198&peptide_id=39388&scanf=46770&charge=4&value=2,K.VMATTGGMGMGPGGPGMITIPPSILNNPNIPNEIIHALQAGR.L,/core/www/modules/show_out/show_out_wrapper.php?run_id=110202&search_id=114132&scans_id=110198&peptide_id=39388&scanf=46770&charge=4&value=K.VMATTGGMGMGPGGPGMITIPPSILNNPNIPNEIIHALQAGR.L,HNRNPM,3.152e+6,3.409,0.001,3.014,0.000
46773,3,"  2.300","  0.337",10/96,/core/www/modules//sdig/index.php?run_id=110202&search_id=114132&scans_id=110198&peptide_id=39391&scanf=46773&charge=3&value=10/96,sp|Q9NU22|MDN1_HUMAN,/core/www/modules//consensus/?run_id=110202&search_id=114132&scans_id=110198&peptide_id=39391&scanf=46773&charge=3&value=sp|Q9NU22|MDN1_HUMAN,0,/core/www/modules/match_peptides/blast_html4.php?run_id=110202&search_id=114132&scans_id=110198&peptide_id=39391&scanf=46773&charge=3&value=0,R.NLMDFDPQTDQPDQLFALLESAANK.T,/core/www/modules/show_out/show_out_wrapper.php?run_id=110202&search_id=114132&scans_id=110198&peptide_id=39391&scanf=46773&charge=3&value=R.NLMDFDPQTDQPDQLFALLESAANK.T,MDN1,5.331e+6,2.171,0.062,1.205,0.002
46781,3,"  5.073","  0.709",23/84,/core/www/modules//sdig/index.php?run_id=110202&search_id=114132&scans_id=110198&peptide_id=39399&scanf=46781&charge=3&value=23/84,sp|P53621|COPA_HUMAN,/core/www/modules//consensus/?run_id=110202&search_id=114132&scans_id=110198&peptide_id=39399&scanf=46781&charge=3&value=sp|P53621|COPA_HUMAN,5,/core/www/modules/match_peptides/blast_html4.php?run_id=110202&search_id=114132&scans_id=110198&peptide_id=39399&scanf=46781&charge=3&value=5,K.LLQPPAPIMPLDTNWPLLTVSK.G,/core/www/modules/show_out/show_out_wrapper.php?run_id=110202&search_id=114132&scans_id=110198&peptide_id=39399&scanf=46781&charge=3&value=K.LLQPPAPIMPLDTNWPLLTVSK.G,COPA,3.462e+7,3.795,0.000,3.586,0.000
46782,3,"  2.703","  0.548",18/52,/core/www/modules//sdig/index.php?run_id=110202&search_id=114132&scans_id=110198&peptide_id=39400&scanf=46782&charge=3&value=18/52,sp|Q92616|GCN1_HUMAN,/core/www/modules//consensus/?run_id=110202&search_id=114132&scans_id=110198&peptide_id=39400&scanf=46782&charge=3&value=sp|Q92616|GCN1_HUMAN,0,/core/www/modules/match_peptides/blast_html4.php?run_id=110202&search_id=114132&scans_id=110198&peptide_id=39400&scanf=46782&charge=3&value=0,K.ILPEIIPILEEGLR.S,/core/www/modules/show_out/show_out_wrapper.php?run_id=110202&search_id=114132&scans_id=110198&peptide_id=39400&scanf=46782&charge=3&value=K.ILPEIIPILEEGLR.S,GCN1,3.349e+7,3.579,0.001,3.265,0.000
46783,2,"  4.782","  0.753",19/32,/core/www/modules//sdig/index.php?run_id=110202&search_id=114132&scans_id=110198&peptide_id=39401&scanf=46783&charge=2&value=19/32,sp|P36873|PP1G_HUMAN,/core/www/modules//consensus/?run_id=110202&search_id=114132&scans_id=110198&peptide_id=39401&scanf=46783&charge=2&value=sp|P36873|PP1G_HUMAN,16,/core/www/modules/match_peptides/blast_html4.php?run_id=110202&search_id=114132&scans_id=110198&peptide_id=39401&scanf=46783&charge=2&value=16,R.EIFLSQPILLELEAPLK.I,/core/www/modules/show_out/show_out_wrapper.php?run_id=110202&search_id=114132&scans_id=110198&peptide_id=39401&scanf=46783&charge=2&value=R.EIFLSQPILLELEAPLK.I,PPP1CC,6.197e+7,3.985,0.000,3.867,0.000
46784,2,"  4.538","  0.721",19/32,/core/www/modules//sdig/index.php?run_id=110202&search_id=114132&scans_id=110198&peptide_id=39402&scanf=46784&charge=2&value=19/32,sp|Q96T23|RSF1_HUMAN,/core/www/modules//consensus/?run_id=110202&search_id=114132&scans_id=110198&peptide_id=39402&scanf=46784&charge=2&value=sp|Q96T23|RSF1_HUMAN,2,/core/www/modules/match_peptides/blast_html4.php?run_id=110202&search_id=114132&scans_id=110198&peptide_id=39402&scanf=46784&charge=2&value=2,R.YGPLLDLPELPFPELER.V,/core/www/modules/show_out/show_out_wrapper.php?run_id=110202&search_id=114132&scans_id=110198&peptide_id=39402&scanf=46784&charge=2&value=R.YGPLLDLPELPFPELER.V,RSF1,1.897e+7,3.927,0.000,3.781,0.000
46785,2,"  2.230","  0.557",12/24,/core/www/modules//sdig/index.php?run_id=110202&search_id=114132&scans_id=110198&peptide_id=39403&scanf=46785&charge=2&value=12/24,sp|Q9Y2R4|DDX52_HUMAN,/core/www/modules//consensus/?run_id=110202&search_id=114132&scans_id=110198&peptide_id=39403&scanf=46785&charge=2&value=sp|Q9Y2R4|DDX52_HUMAN,0,/core/www/modules/match_peptides/blast_html4.php?run_id=110202&search_id=114132&scans_id=110198&peptide_id=39403&scanf=46785&charge=2&value=0,K.TLAFSIPILMQLK.Q,/core/www/modules/show_out/show_out_wrapper.php?run_id=110202&search_id=114132&scans_id=110198&peptide_id=39403&scanf=46785&charge=2&value=K.TLAFSIPILMQLK.Q,DDX52,1.776e+7,3.214,0.002,2.725,0.000
46786,3,"  2.925","  0.500",11/60,/core/www/modules//sdig/index.php?run_id=110202&search_id=114132&scans_id=110198&peptide_id=39404&scanf=46786&charge=3&value=11/60,sp|P61978|HNRPK_HUMAN,/core/www/modules//consensus/?run_id=110202&search_id=114132&scans_id=110198&peptide_id=39404&scanf=46786&charge=3&value=sp|P61978|HNRPK_HUMAN,1,/core/www/modules/match_peptides/blast_html4.php?run_id=110202&search_id=114132&scans_id=110198&peptide_id=39404&scanf=46786&charge=3&value=1,R.ILSISADIETIGEILK.K,/core/www/modules/show_out/show_out_wrapper.php?run_id=110202&search_id=114132&scans_id=110198&peptide_id=39404&scanf=46786&charge=3&value=R.ILSISADIETIGEILK.K,HNRNPK,1.558e+7,3.148,0.002,2.627,0.000
46787,3,"  3.089","  0.624",14/44,/core/www/modules//sdig/index.php?run_id=110202&search_id=114132&scans_id=110198&peptide_id=39405&scanf=46787&charge=3&value=14/44,sp|Q08211|DHX9_HUMAN,/core/www/modules//consensus/?run_id=110202&search_id=114132&scans_id=110198&peptide_id=39405&scanf=46787&charge=3&value=sp|Q08211|DHX9_HUMAN,0,/core/www/modules/match_peptides/blast_html4.php?run_id=110202&search_id=114132&scans_id=110198&peptide_id=39405&scanf=46787&charge=3&value=0,R.DINTDFLLVVLR.D,/core/www/modules/show_out/show_out_wrapper.php?run_id=110202&search_id=114132&scans_id=110198&peptide_id=39405&scanf=46787&charge=3&value=R.DINTDFLLVVLR.D,DHX9,1.580e+7,3.999,0.000,3.888,0.000
46788,3,"  2.415","  0.554",16/68,/core/www/modules//sdig/index.php?run_id=110202&search_id=114132&scans_id=110198&peptide_id=39406&scanf=46788&charge=3&value=16/68,sp|Q92878|RAD50_HUMAN,/core/www/modules//consensus/?run_id=110202&search_id=114132&scans_id=110198&peptide_id=39406&scanf=46788&charge=3&value=sp|Q92878|RAD50_HUMAN,7,/core/www/modules/match_peptides/blast_html4.php?run_id=110202&search_id=114132&scans_id=110198&peptide_id=39406&scanf=46788&charge=3&value=7,R.DSLIQSLATQLELDGFER.G,/core/www/modules/show_out/show_out_wrapper.php?run_id=110202&search_id=114132&scans_id=110198&peptide_id=39406&scanf=46788&charge=3&value=R.DSLIQSLATQLELDGFER.G,RAD50,1.208e+7,3.192,0.002,2.692,0.000
46793,3,"  4.433","  0.622",18/128,/core/www/modules//sdig/index.php?run_id=110202&search_id=114132&scans_id=110198&peptide_id=39412&scanf=46793&charge=3&value=18/128,sp|Q29RF7|PDS5A_HUMAN,/core/www/modules//consensus/?run_id=110202&search_id=114132&scans_id=110198&peptide_id=39412&scanf=46793&charge=3&value=sp|Q29RF7|PDS5A_HUMAN,1,/core/www/modules/match_peptides/blast_html4.php?run_id=110202&search_id=114132&scans_id=110198&peptide_id=39412&scanf=46793&charge=3&value=1,R.SLNADVPEQLITPLVSLGHISMLAPDQFASPMK.S,/core/www/modules/show_out/show_out_wrapper.php?run_id=110202&search_id=114132&scans_id=110198&peptide_id=39412&scanf=46793&charge=3&value=R.SLNADVPEQLITPLVSLGHISMLAPDQFASPMK.S,PDS5A,3.480e+6,2.874,0.006,2.222,0.000
46796,3,"  6.244","  0.686",22/84,/core/www/modules//sdig/index.php?run_id=110202&search_id=114132&scans_id=110198&peptide_id=39415&scanf=46796&charge=3&value=22/84,sp|P12956|XRCC6_HUMAN,/core/www/modules//consensus/?run_id=110202&search_id=114132&scans_id=110198&peptide_id=39415&scanf=46796&charge=3&value=sp|P12956|XRCC6_HUMAN,1,/core/www/modules/match_peptides/blast_html4.php?run_id=110202&search_id=114132&scans_id=110198&peptide_id=39415&scanf=46796&charge=3&value=1,R.NLEALALDLMEPEQAVDLTLPK.V,/core/www/modules/show_out/show_out_wrapper.php?run_id=110202&search_id=114132&scans_id=110198&peptide_id=39415&scanf=46796&charge=3&value=R.NLEALALDLMEPEQAVDLTLPK.V,XRCC6,7.382e+7,3.805,0.000,3.600,0.000
46797,2,"  2.876","  0.540",12/28,/core/www/modules//sdig/index.php?run_id=110202&search_id=114132&scans_id=110198&peptide_id=39416&scanf=46797&charge=2&value=12/28,sp|O60318|GANP_HUMAN,/core/www/modules//consensus/?run_id=110202&search_id=114132&scans_id=110198&peptide_id=39416&scanf=46797&charge=2&value=sp|O60318|GANP_HUMAN,0,/core/www/modules/match_peptides/blast_html4.php?run_id=110202&search_id=114132&scans_id=110198&peptide_id=39416&scanf=46797&charge=2&value=0,K.DLLGASGLMLLLPPK.M,/core/www/modules/show_out/show_out_wrapper.php?run_id=110202&search_id=114132&scans_id=110198&peptide_id=39416&scanf=46797&charge=2&value=K.DLLGASGLMLLLPPK.M,MCM3AP,5.540e+6,2.990,0.004,2.393,0.000
46803,3,"  5.520","  0.766",22/96,/core/www/modules//sdig/index.php?run_id=110202&search_id=114132&scans_id=110198&peptide_id=39422&scanf=46803&charge=3&value=22/96,sp|P38919|IF4A3_HUMAN,/core/www/modules//consensus/?run_id=110202&search_id=114132&scans_id=110198&peptide_id=39422&scanf=46803&charge=3&value=sp|P38919|IF4A3_HUMAN,1,/core/www/modules/match_peptides/blast_html4.php?run_id=110202&search_id=114132&scans_id=110198&peptide_id=39422&scanf=46803&charge=3&value=1,R.YLPPATQVVLISATLPHEILEMTNK.F,/core/www/modules/show_out/show_out_wrapper.php?run_id=110202&search_id=114132&scans_id=110198&peptide_id=39422&scanf=46803&charge=3&value=R.YLPPATQVVLISATLPHEILEMTNK.F,EIF4A3,3.824e+7,3.797,0.000,3.588,0.000
46804,3,"  3.235","  0.718",16/64,/core/www/modules//sdig/index.php?run_id=110202&search_id=114132&scans_id=110198&peptide_id=39423&scanf=46804&charge=3&value=16/64,sp|O00567|NOP56_HUMAN,/core/www/modules//consensus/?run_id=110202&search_id=114132&scans_id=110198&peptide_id=39423&scanf=46804&charge=3&value=sp|O00567|NOP56_HUMAN,2,/core/www/modules/match_peptides/blast_html4.php?run_id=110202&search_id=114132&scans_id=110198&peptide_id=39423&scanf=46804&charge=3&value=2,R.VDNMIIQSISLLDQLDK.D,/core/www/modules/show_out/show_out_wrapper.php?run_id=110202&search_id=114132&scans_id=110198&peptide_id=39423&scanf=46804&charge=3&value=R.VDNMIIQSISLLDQLDK.D,NOP56,5.317e+7,3.828,0.000,3.635,0.000
46806,3,"  4.170","  0.712",18/60,/core/www/modules//sdig/index.php?run_id=110202&search_id=114132&scans_id=110198&peptide_id=39425&scanf=46806&charge=3&value=18/60,sp|Q14974|IMB1_HUMAN,/core/www/modules//consensus/?run_id=110202&search_id=114132&scans_id=110198&peptide_id=39425&scanf=46806&charge=3&value=sp|Q14974|IMB1_HUMAN,0,/core/www/modules/match_peptides/blast_html4.php?run_id=110202&search_id=114132&scans_id=110198&peptide_id=39425&scanf=46806&charge=3&value=0,K.GALQYLVPILTQTLTK.Q,/core/www/modules/show_out/show_out_wrapper.php?run_id=110202&search_id=114132&scans_id=110198&peptide_id=39425&scanf=46806&charge=3&value=K.GALQYLVPILTQTLTK.Q,KPNB1,4.658e+7,3.916,0.000,3.766,0.000
46811,3,"  3.801","  0.695",18/68,/core/www/modules//sdig/index.php?run_id=110202&search_id=114132&scans_id=110198&peptide_id=39431&scanf=46811&charge=3&value=18/68,sp|Q8TDD1|DDX54_HUMAN,/core/www/modules//consensus/?run_id=110202&search_id=114132&scans_id=110198&peptide_id=39431&scanf=46811&charge=3&value=sp|Q8TDD1|DDX54_HUMAN,0,/core/www/modules/match_peptides/blast_html4.php?run_id=110202&search_id=114132&scans_id=110198&peptide_id=39431&scanf=46811&charge=3&value=0,R.GLDIPLLDNVINYSFPAK.G,/core/www/modules/show_out/show_out_wrapper.php?run_id=110202&search_id=114132&scans_id=110198&peptide_id=39431&scanf=46811&charge=3&value=R.GLDIPLLDNVINYSFPAK.G,DDX54,1.009e+7,3.720,0.000,3.474,0.000
46816,3,"  7.905","  0.657",26/112,/core/www/modules//sdig/index.php?run_id=110202&search_id=114132&scans_id=110198&peptide_id=39436&scanf=46816&charge=3&value=26/112,sp|P48643|TCPE_HUMAN,/core/www/modules//consensus/?run_id=110202&search_id=114132&scans_id=110198&peptide_id=39436&scanf=46816&charge=3&value=sp|P48643|TCPE_HUMAN,3,/core/www/modules/match_peptides/blast_html4.php?run_id=110202&search_id=114132&scans_id=110198&peptide_id=39436&scanf=46816&charge=3&value=3,R.AFADALEVIPMALSENSGMNPIQTMTEVR.A,/core/www/modules/show_out/show_out_wrapper.php?run_id=110202&search_id=114132&scans_id=110198&peptide_id=39436&scanf=46816&charge=3&value=R.AFADALEVIPMALSENSGMNPIQTMTEVR.A,CCT5,1.214e+7,3.395,0.001,2.993,0.000
46820,3,"  2.862","  0.300",7/76,/core/www/modules//sdig/index.php?run_id=110202&search_id=114132&scans_id=110198&peptide_id=39441&scanf=46820&charge=3&value=7/76,sp|Q2M389|WASC4_HUMAN,/core/www/modules//consensus/?run_id=110202&search_id=114132&scans_id=110198&peptide_id=39441&scanf=46820&charge=3&value=sp|Q2M389|WASC4_HUMAN,1,/core/www/modules/match_peptides/blast_html4.php?run_id=110202&search_id=114132&scans_id=110198&peptide_id=39441&scanf=46820&charge=3&value=1,R.LDVLSALVLAENTLNGPSTK.Q,/core/www/modules/show_out/show_out_wrapper.php?run_id=110202&search_id=114132&scans_id=110198&peptide_id=39441&scanf=46820&charge=3&value=R.LDVLSALVLAENTLNGPSTK.Q,WASHC4,3.671e+6,1.987,0.111,0.955,0.005
46824,2,"  4.464","  0.570",13/32,/core/www/modules//sdig/index.php?run_id=110202&search_id=114132&scans_id=110198&peptide_id=39444&scanf=46824&charge=2&value=13/32,sp|P40227|TCPZ_HUMAN,/core/www/modules//consensus/?run_id=110202&search_id=114132&scans_id=110198&peptide_id=39444&scanf=46824&charge=2&value=sp|P40227|TCPZ_HUMAN,0,/core/www/modules/match_peptides/blast_html4.php?run_id=110202&search_id=114132&scans_id=110198&peptide_id=39444&scanf=46824&charge=2&value=0,R.AQLGVQAFADALLIIPK.V,/core/www/modules/show_out/show_out_wrapper.php?run_id=110202&search_id=114132&scans_id=110198&peptide_id=39444&scanf=46824&charge=2&value=R.AQLGVQAFADALLIIPK.V,CCT6A,1.096e+7,3.096,0.003,2.550,0.000
46827,2,"  6.377","  0.720",24/34,/core/www/modules//sdig/index.php?run_id=110202&search_id=114132&scans_id=110198&peptide_id=39447&scanf=46827&charge=2&value=24/34,sp|Q15397|PUM3_HUMAN,/core/www/modules//consensus/?run_id=110202&search_id=114132&scans_id=110198&peptide_id=39447&scanf=46827&charge=2&value=sp|Q15397|PUM3_HUMAN,0,/core/www/modules/match_peptides/blast_html4.php?run_id=110202&search_id=114132&scans_id=110198&peptide_id=39447&scanf=46827&charge=2&value=0,K.QIIISEIISSLPSIVNDK.Y,/core/www/modules/show_out/show_out_wrapper.php?run_id=110202&search_id=114132&scans_id=110198&peptide_id=39447&scanf=46827&charge=2&value=K.QIIISEIISSLPSIVNDK.Y,PUM3,1.092e+7,4.182,0.000,4.160,0.000
46828,3,"  3.391","  0.689",22/56,/core/www/modules//sdig/index.php?run_id=110202&search_id=114132&scans_id=110198&peptide_id=39448&scanf=46828&charge=3&value=22/56,sp|Q02878|RL6_HUMAN,/core/www/modules//consensus/?run_id=110202&search_id=114132&scans_id=110198&peptide_id=39448&scanf=46828&charge=3&value=sp|Q02878|RL6_HUMAN,3,/core/www/modules/match_peptides/blast_html4.php?run_id=110202&search_id=114132&scans_id=110198&peptide_id=39448&scanf=46828&charge=3&value=3,R.ASITPGTILIILTGR.H,/core/www/modules/show_out/show_out_wrapper.php?run_id=110202&search_id=114132&scans_id=110198&peptide_id=39448&scanf=46828&charge=3&value=R.ASITPGTILIILTGR.H,RPL6,2.127e+8,3.995,0.000,3.882,0.000
46829,3,"  5.953","  0.582",21/92,/core/www/modules//sdig/index.php?run_id=110202&search_id=114132&scans_id=110198&peptide_id=39449&scanf=46829&charge=3&value=21/92,sp|Q15393|SF3B3_HUMAN,/core/www/modules//consensus/?run_id=110202&search_id=114132&scans_id=110198&peptide_id=39449&scanf=46829&charge=3&value=sp|Q15393|SF3B3_HUMAN,0,/core/www/modules/match_peptides/blast_html4.php?run_id=110202&search_id=114132&scans_id=110198&peptide_id=39449&scanf=46829&charge=3&value=0,R.ELAAEMAAAFLNENLPESIFGAPK.A,/core/www/modules/show_out/show_out_wrapper.php?run_id=110202&search_id=114132&scans_id=110198&peptide_id=39449&scanf=46829&charge=3&value=R.ELAAEMAAAFLNENLPESIFGAPK.A,SF3B3,1.160e+7,3.243,0.002,2.768,0.000
46831,2,"  2.245","  0.338",6/22,/core/www/modules//sdig/index.php?run_id=110202&search_id=114132&scans_id=110198&peptide_id=39452&scanf=46831&charge=2&value=6/22,sp|Q5VYK3|ECM29_HUMAN,/core/www/modules//consensus/?run_id=110202&search_id=114132&scans_id=110198&peptide_id=39452&scanf=46831&charge=2&value=sp|Q5VYK3|ECM29_HUMAN,2,/core/www/modules/match_peptides/blast_html4.php?run_id=110202&search_id=114132&scans_id=110198&peptide_id=39452&scanf=46831&charge=2&value=2,R.TEALSVIELLLK.K,/core/www/modules/show_out/show_out_wrapper.php?run_id=110202&search_id=114132&scans_id=110198&peptide_id=39452&scanf=46831&charge=2&value=R.TEALSVIELLLK.K,ECPAS,7.555e+6,2.207,0.056,1.256,0.002
46833,2,"  1.978","  0.400",7/24,/core/www/modules//sdig/index.php?run_id=110202&search_id=114132&scans_id=110198&peptide_id=39454&scanf=46833&charge=2&value=7/24,sp|Q93009|UBP7_HUMAN,/core/www/modules//consensus/?run_id=110202&search_id=114132&scans_id=110198&peptide_id=39454&scanf=46833&charge=2&value=sp|Q93009|UBP7_HUMAN,1,/core/www/modules/match_peptides/blast_html4.php?run_id=110202&search_id=114132&scans_id=110198&peptide_id=39454&scanf=46833&charge=2&value=1,K.EVFGTFGIPFLLR.I,/core/www/modules/show_out/show_out_wrapper.php?run_id=110202&search_id=114132&scans_id=110198&peptide_id=39454&scanf=46833&charge=2&value=K.EVFGTFGIPFLLR.I,USP7,6.278e+6,2.377,0.032,1.496,0.001
46839,3,"  2.866","  0.490",9/84,/core/www/modules//sdig/index.php?run_id=110202&search_id=114132&scans_id=110198&peptide_id=39460&scanf=46839&charge=3&value=9/84,sp|P11388|TOP2A_HUMAN,/core/www/modules//consensus/?run_id=110202&search_id=114132&scans_id=110198&peptide_id=39460&scanf=46839&charge=3&value=sp|P11388|TOP2A_HUMAN,1,/core/www/modules/match_peptides/blast_html4.php?run_id=110202&search_id=114132&scans_id=110198&peptide_id=39460&scanf=46839&charge=3&value=1,K.MYVPALIFGQLLTSSNYDDDEK.K,/core/www/modules/show_out/show_out_wrapper.php?run_id=110202&search_id=114132&scans_id=110198&peptide_id=39460&scanf=46839&charge=3&value=K.MYVPALIFGQLLTSSNYDDDEK.K,TOP2A,4.583e+6,2.706,0.011,1.975,0.000
46841,3,"  6.371","  0.749",30/92,/core/www/modules//sdig/index.php?run_id=110202&search_id=114132&scans_id=110198&peptide_id=39463&scanf=46841&charge=3&value=30/92,sp|Q15084|PDIA6_HUMAN,/core/www/modules//consensus/?run_id=110202&search_id=114132&scans_id=110198&peptide_id=39463&scanf=46841&charge=3&value=sp|Q15084|PDIA6_HUMAN,0,/core/www/modules/match_peptides/blast_html4.php?run_id=110202&search_id=114132&scans_id=110198&peptide_id=39463&scanf=46841&charge=3&value=0,R.ALDLFSDNAPPPELLEIINEDIAK.R,/core/www/modules/show_out/show_out_wrapper.php?run_id=110202&search_id=114132&scans_id=110198&peptide_id=39463&scanf=46841&charge=3&value=R.ALDLFSDNAPPPELLEIINEDIAK.R,PDIA6,3.918e+7,3.882,0.000,3.714,0.000
46845,3,"  6.541","  0.725",24/100,/core/www/modules//sdig/index.php?run_id=110202&search_id=114132&scans_id=110198&peptide_id=39466&scanf=46845&charge=3&value=24/100,sp|Q9H0A0|NAT10_HUMAN,/core/www/modules//consensus/?run_id=110202&search_id=114132&scans_id=110198&peptide_id=39466&scanf=46845&charge=3&value=sp|Q9H0A0|NAT10_HUMAN,0,/core/www/modules/match_peptides/blast_html4.php?run_id=110202&search_id=114132&scans_id=110198&peptide_id=39466&scanf=46845&charge=3&value=0,K.VLETPQEIHTVSSEAVSLLEEVITPR.K,/core/www/modules/show_out/show_out_wrapper.php?run_id=110202&search_id=114132&scans_id=110198&peptide_id=39466&scanf=46845&charge=3&value=K.VLETPQEIHTVSSEAVSLLEEVITPR.K,NAT10,9.987e+6,3.729,0.000,3.488,0.000
46848,2,"  4.173","  0.731",19/28,/core/www/modules//sdig/index.php?run_id=110202&search_id=114132&scans_id=110198&peptide_id=39469&scanf=46848&charge=2&value=19/28,sp|Q92616|GCN1_HUMAN,/core/www/modules//consensus/?run_id=110202&search_id=114132&scans_id=110198&peptide_id=39469&scanf=46848&charge=2&value=sp|Q92616|GCN1_HUMAN,0,/core/www/modules/match_peptides/blast_html4.php?run_id=110202&search_id=114132&scans_id=110198&peptide_id=39469&scanf=46848&charge=2&value=0,K.ENVNSLLPVFEEFLK.N,/core/www/modules/show_out/show_out_wrapper.php?run_id=110202&search_id=114132&scans_id=110198&peptide_id=39469&scanf=46848&charge=2&value=K.ENVNSLLPVFEEFLK.N,GCN1,1.168e+7,4.231,0.000,4.232,0.000
46853,3,"  4.195","  0.610",17/72,/core/www/modules//sdig/index.php?run_id=110202&search_id=114132&scans_id=110198&peptide_id=39475&scanf=46853&charge=3&value=17/72,sp|P49750|YLPM1_HUMAN,/core/www/modules//consensus/?run_id=110202&search_id=114132&scans_id=110198&peptide_id=39475&scanf=46853&charge=3&value=sp|P49750|YLPM1_HUMAN,1,/core/www/modules/match_peptides/blast_html4.php?run_id=110202&search_id=114132&scans_id=110198&peptide_id=39475&scanf=46853&charge=3&value=1,R.DIPSLPPLPPLPPLPPLDR.Y,/core/www/modules/show_out/show_out_wrapper.php?run_id=110202&search_id=114132&scans_id=110198&peptide_id=39475&scanf=46853&charge=3&value=R.DIPSLPPLPPLPPLPPLDR.Y,YLPM1,1.910e+7,3.340,0.001,2.911,0.000
46854,3,"  3.123","  0.582",13/60,/core/www/modules//sdig/index.php?run_id=110202&search_id=114132&scans_id=110198&peptide_id=39476&scanf=46854&charge=3&value=13/60,sp|P30153|2AAA_HUMAN,/core/www/modules//consensus/?run_id=110202&search_id=114132&scans_id=110198&peptide_id=39476&scanf=46854&charge=3&value=sp|P30153|2AAA_HUMAN,1,/core/www/modules/match_peptides/blast_html4.php?run_id=110202&search_id=114132&scans_id=110198&peptide_id=39476&scanf=46854&charge=3&value=1,K.DNTIEHLLPLFLAQLK.D,/core/www/modules/show_out/show_out_wrapper.php?run_id=110202&search_id=114132&scans_id=110198&peptide_id=39476&scanf=46854&charge=3&value=K.DNTIEHLLPLFLAQLK.D,PPP2R1A,5.077e+6,3.231,0.002,2.750,0.000
46856,2,"  2.210","  0.546",10/32,/core/www/modules//sdig/index.php?run_id=110202&search_id=114132&scans_id=110198&peptide_id=39478&scanf=46856&charge=2&value=10/32,sp|P15311|EZRI_HUMAN,/core/www/modules//consensus/?run_id=110202&search_id=114132&scans_id=110198&peptide_id=39478&scanf=46856&charge=2&value=sp|P15311|EZRI_HUMAN,0,/core/www/modules/match_peptides/blast_html4.php?run_id=110202&search_id=114132&scans_id=110198&peptide_id=39478&scanf=46856&charge=2&value=0,K.FYPEDVAEELIQDITQK.L,/core/www/modules/show_out/show_out_wrapper.php?run_id=110202&search_id=114132&scans_id=110198&peptide_id=39478&scanf=46856&charge=2&value=K.FYPEDVAEELIQDITQK.L,EZR,5.006e+6,2.793,0.008,2.103,0.000
46866,3,"  4.180","  0.590",19/72,/core/www/modules//sdig/index.php?run_id=110202&search_id=114132&scans_id=110198&peptide_id=39488&scanf=46866&charge=3&value=19/72,sp|P50395|GDIB_HUMAN,/core/www/modules//consensus/?run_id=110202&search_id=114132&scans_id=110198&peptide_id=39488&scanf=46866&charge=3&value=sp|P50395|GDIB_HUMAN,4,/core/www/modules/match_peptides/blast_html4.php?run_id=110202&search_id=114132&scans_id=110198&peptide_id=39488&scanf=46866&charge=3&value=4,K.VPSTEAEALASSLMGLFEK.R,/core/www/modules/show_out/show_out_wrapper.php?run_id=110202&search_id=114132&scans_id=110198&peptide_id=39488&scanf=46866&charge=3&value=K.VPSTEAEALASSLMGLFEK.R,GDI2,2.257e+7,3.260,0.002,2.792,0.000
46869,3,"  4.307","  0.739",20/68,/core/www/modules//sdig/index.php?run_id=110202&search_id=114132&scans_id=110198&peptide_id=39491&scanf=46869&charge=3&value=20/68,sp|P43686|PRS6B_HUMAN,/core/www/modules//consensus/?run_id=110202&search_id=114132&scans_id=110198&peptide_id=39491&scanf=46869&charge=3&value=sp|P43686|PRS6B_HUMAN,0,/core/www/modules/match_peptides/blast_html4.php?run_id=110202&search_id=114132&scans_id=110198&peptide_id=39491&scanf=46869&charge=3&value=0,K.ENAPAIIFIDEIDAIATK.R,/core/www/modules/show_out/show_out_wrapper.php?run_id=110202&search_id=114132&scans_id=110198&peptide_id=39491&scanf=46869&charge=3&value=K.ENAPAIIFIDEIDAIATK.R,PSMC4,4.996e+7,3.896,0.000,3.736,0.000
46870,2,"  5.191","  0.764",21/36,/core/www/modules//sdig/index.php?run_id=110202&search_id=114132&scans_id=110198&peptide_id=39492&scanf=46870&charge=2&value=21/36,sp|P12956|XRCC6_HUMAN,/core/www/modules//consensus/?run_id=110202&search_id=114132&scans_id=110198&peptide_id=39492&scanf=46870&charge=2&value=sp|P12956|XRCC6_HUMAN,1,/core/www/modules/match_peptides/blast_html4.php?run_id=110202&search_id=114132&scans_id=110198&peptide_id=39492&scanf=46870&charge=2&value=1,K.IQVTPPGFQLVFLPFADDK.R,/core/www/modules/show_out/show_out_wrapper.php?run_id=110202&search_id=114132&scans_id=110198&peptide_id=39492&scanf=46870&charge=2&value=K.IQVTPPGFQLVFLPFADDK.R,XRCC6,9.955e+6,4.082,0.000,4.012,0.000
46873,2,"  4.094","  0.776",17/30,/core/www/modules//sdig/index.php?run_id=110202&search_id=114132&scans_id=110198&peptide_id=39495&scanf=46873&charge=2&value=17/30,sp|Q9UPT8|ZC3H4_HUMAN,/core/www/modules//consensus/?run_id=110202&search_id=114132&scans_id=110198&peptide_id=39495&scanf=46873&charge=2&value=sp|Q9UPT8|ZC3H4_HUMAN,1,/core/www/modules/match_peptides/blast_html4.php?run_id=110202&search_id=114132&scans_id=110198&peptide_id=39495&scanf=46873&charge=2&value=1,R.TVLWNPEDLIPLPIPK.Q,/core/www/modules/show_out/show_out_wrapper.php?run_id=110202&search_id=114132&scans_id=110198&peptide_id=39495&scanf=46873&charge=2&value=R.TVLWNPEDLIPLPIPK.Q,ZC3H4,9.047e+6,3.992,0.000,3.877,0.000
46882,2,"  1.620","  0.312",7/22,/core/www/modules//sdig/index.php?run_id=110202&search_id=114132&scans_id=110198&peptide_id=39505&scanf=46882&charge=2&value=7/22,sp|Q96T76|MMS19_HUMAN,/core/www/modules//consensus/?run_id=110202&search_id=114132&scans_id=110198&peptide_id=39505&scanf=46882&charge=2&value=sp|Q96T76|MMS19_HUMAN,1,/core/www/modules/match_peptides/blast_html4.php?run_id=110202&search_id=114132&scans_id=110198&peptide_id=39505&scanf=46882&charge=2&value=1,R.FAEFLLPLLIEK.V,/core/www/modules/show_out/show_out_wrapper.php?run_id=110202&search_id=114132&scans_id=110198&peptide_id=39505&scanf=46882&charge=2&value=R.FAEFLLPLLIEK.V,MMS19,3.839e+6,2.056,0.090,1.047,0.004
46889,3,"  5.600","  0.684",20/92,/core/www/modules//sdig/index.php?run_id=110202&search_id=114132&scans_id=110198&peptide_id=39511&scanf=46889&charge=3&value=20/92,sp|Q14146|URB2_HUMAN,/core/www/modules//consensus/?run_id=110202&search_id=114132&scans_id=110198&peptide_id=39511&scanf=46889&charge=3&value=sp|Q14146|URB2_HUMAN,0,/core/www/modules/match_peptides/blast_html4.php?run_id=110202&search_id=114132&scans_id=110198&peptide_id=39511&scanf=46889&charge=3&value=0,R.ELVQPLLALLPDTPGPEPELWLQK.V,/core/www/modules/show_out/show_out_wrapper.php?run_id=110202&search_id=114132&scans_id=110198&peptide_id=39511&scanf=46889&charge=3&value=R.ELVQPLLALLPDTPGPEPELWLQK.V,URB2,3.582e+6,3.431,0.001,3.046,0.000
46891,3,"  6.242","  0.773",30/96,/core/www/modules//sdig/index.php?run_id=110202&search_id=114132&scans_id=110198&peptide_id=39514&scanf=46891&charge=3&value=30/96,sp|P43243|MATR3_HUMAN,/core/www/modules//consensus/?run_id=110202&search_id=114132&scans_id=110198&peptide_id=39514&scanf=46891&charge=3&value=sp|P43243|MATR3_HUMAN,11,/core/www/modules/match_peptides/blast_html4.php?run_id=110202&search_id=114132&scans_id=110198&peptide_id=39514&scanf=46891&charge=3&value=11,R.DLSAAGIGLLAAATQSLSMPASLGR.M,/core/www/modules/show_out/show_out_wrapper.php?run_id=110202&search_id=114132&scans_id=110198&peptide_id=39514&scanf=46891&charge=3&value=R.DLSAAGIGLLAAATQSLSMPASLGR.M,MATR3,2.604e+7,3.944,0.000,3.806,0.000
46902,3,"  4.488","  0.643",17/80,/core/www/modules//sdig/index.php?run_id=110202&search_id=114132&scans_id=110198&peptide_id=39526&scanf=46902&charge=3&value=17/80,sp|Q8WVM7|STAG1_HUMAN,/core/www/modules//consensus/?run_id=110202&search_id=114132&scans_id=110198&peptide_id=39526&scanf=46902&charge=3&value=sp|Q8WVM7|STAG1_HUMAN,1,/core/www/modules/match_peptides/blast_html4.php?run_id=110202&search_id=114132&scans_id=110198&peptide_id=39526&scanf=46902&charge=3&value=1,K.GQEYPPPNLAFLEVLSEFSSK.L,/core/www/modules/show_out/show_out_wrapper.php?run_id=110202&search_id=114132&scans_id=110198&peptide_id=39526&scanf=46902&charge=3&value=K.GQEYPPPNLAFLEVLSEFSSK.L,STAG1,2.685e+6,3.378,0.001,2.967,0.000
46908,2,"  3.191","  0.555",15/30,/core/www/modules//sdig/index.php?run_id=110202&search_id=114132&scans_id=110198&peptide_id=39531&scanf=46908&charge=2&value=15/30,sp|Q53GS9|SNUT2_HUMAN,/core/www/modules//consensus/?run_id=110202&search_id=114132&scans_id=110198&peptide_id=39531&scanf=46908&charge=2&value=sp|Q53GS9|SNUT2_HUMAN,2,/core/www/modules/match_peptides/blast_html4.php?run_id=110202&search_id=114132&scans_id=110198&peptide_id=39531&scanf=46908&charge=2&value=2,K.EQLIIPQVPLFNILAK.F,/core/www/modules/show_out/show_out_wrapper.php?run_id=110202&search_id=114132&scans_id=110198&peptide_id=39531&scanf=46908&charge=2&value=K.EQLIIPQVPLFNILAK.F,USP39,4.888e+7,3.110,0.003,2.570,0.000
46909,3,"  6.737","  0.722",30/92,/core/www/modules//sdig/index.php?run_id=110202&search_id=114132&scans_id=110198&peptide_id=39532&scanf=46909&charge=3&value=30/92,sp|O95251|KAT7_HUMAN,/core/www/modules//consensus/?run_id=110202&search_id=114132&scans_id=110198&peptide_id=39532&scanf=46909&charge=3&value=sp|O95251|KAT7_HUMAN,1,/core/www/modules/match_peptides/blast_html4.php?run_id=110202&search_id=114132&scans_id=110198&peptide_id=39532&scanf=46909&charge=3&value=1,K.EISQETAVNPVDIVSTLQALQMLK.Y,/core/www/modules/show_out/show_out_wrapper.php?run_id=110202&search_id=114132&scans_id=110198&peptide_id=39532&scanf=46909&charge=3&value=K.EISQETAVNPVDIVSTLQALQMLK.Y,KAT7,1.110e+7,3.777,0.000,3.558,0.000
46910,3,"  3.045","  0.183",12/60,/core/www/modules//sdig/index.php?run_id=110202&search_id=114132&scans_id=110198&peptide_id=39534&scanf=46910&charge=3&value=12/60,sp|P26640|SYVC_HUMAN,/core/www/modules//consensus/?run_id=110202&search_id=114132&scans_id=110198&peptide_id=39534&scanf=46910&charge=3&value=sp|P26640|SYVC_HUMAN,1,/core/www/modules/match_peptides/blast_html4.php?run_id=110202&search_id=114132&scans_id=110198&peptide_id=39534&scanf=46910&charge=3&value=1,R.LLSPFMPFVTEELFQR.L,/core/www/modules/show_out/show_out_wrapper.php?run_id=110202&search_id=114132&scans_id=110198&peptide_id=39534&scanf=46910&charge=3&value=R.LLSPFMPFVTEELFQR.L,VARS1,3.965e+6,1.896,0.145,0.837,0.007
46914,3,"  4.829","  0.741",22/80,/core/www/modules//sdig/index.php?run_id=110202&search_id=114132&scans_id=110198&peptide_id=39538&scanf=46914&charge=3&value=22/80,sp|Q10567|AP1B1_HUMAN,/core/www/modules//consensus/?run_id=110202&search_id=114132&scans_id=110198&peptide_id=39538&scanf=46914&charge=3&value=sp|Q10567|AP1B1_HUMAN,1,/core/www/modules/match_peptides/blast_html4.php?run_id=110202&search_id=114132&scans_id=110198&peptide_id=39538&scanf=46914&charge=3&value=1,K.LAPPLVTLLSAEPELQYVALR.N,/core/www/modules/show_out/show_out_wrapper.php?run_id=110202&search_id=114132&scans_id=110198&peptide_id=39538&scanf=46914&charge=3&value=K.LAPPLVTLLSAEPELQYVALR.N,AP1B1,1.071e+7,3.728,0.000,3.487,0.000
46915,2,"  3.296","  0.547",14/26,/core/www/modules//sdig/index.php?run_id=110202&search_id=114132&scans_id=110198&peptide_id=39539&scanf=46915&charge=2&value=14/26,sp|Q02218|ODO1_HUMAN,/core/www/modules//consensus/?run_id=110202&search_id=114132&scans_id=110198&peptide_id=39539&scanf=46915&charge=2&value=sp|Q02218|ODO1_HUMAN,3,/core/www/modules/match_peptides/blast_html4.php?run_id=110202&search_id=114132&scans_id=110198&peptide_id=39539&scanf=46915&charge=2&value=3,R.IEQLSPFPFDLLLK.E,/core/www/modules/show_out/show_out_wrapper.php?run_id=110202&search_id=114132&scans_id=110198&peptide_id=39539&scanf=46915&charge=2&value=R.IEQLSPFPFDLLLK.E,OGDH,3.165e+6,3.155,0.002,2.637,0.000
46916,2,"  5.496","  0.703",22/42,/core/www/modules//sdig/index.php?run_id=110202&search_id=114132&scans_id=110198&peptide_id=39540&scanf=46916&charge=2&value=22/42,sp|P78527|PRKDC_HUMAN,/core/www/modules//consensus/?run_id=110202&search_id=114132&scans_id=110198&peptide_id=39540&scanf=46916&charge=2&value=sp|P78527|PRKDC_HUMAN,0,/core/www/modules/match_peptides/blast_html4.php?run_id=110202&search_id=114132&scans_id=110198&peptide_id=39540&scanf=46916&charge=2&value=0,K.GQAVTLLPFFTSLTGGSLEELR.R,/core/www/modules/show_out/show_out_wrapper.php?run_id=110202&search_id=114132&scans_id=110198&peptide_id=39540&scanf=46916&charge=2&value=K.GQAVTLLPFFTSLTGGSLEELR.R,PRKDC,2.842e+6,4.305,0.000,4.341,0.000
46917,3,"  2.928","  0.571",16/64,/core/www/modules//sdig/index.php?run_id=110202&search_id=114132&scans_id=110198&peptide_id=39541&scanf=46917&charge=3&value=16/64,sp|P43246|MSH2_HUMAN,/core/www/modules//consensus/?run_id=110202&search_id=114132&scans_id=110198&peptide_id=39541&scanf=46917&charge=3&value=sp|P43246|MSH2_HUMAN,5,/core/www/modules/match_peptides/blast_html4.php?run_id=110202&search_id=114132&scans_id=110198&peptide_id=39541&scanf=46917&charge=3&value=5,K.GVSTFMAEMLETASILR.S,/core/www/modules/show_out/show_out_wrapper.php?run_id=110202&search_id=114132&scans_id=110198&peptide_id=39541&scanf=46917&charge=3&value=K.GVSTFMAEMLETASILR.S,MSH2,5.868e+6,3.217,0.002,2.729,0.000
46919,3,"  1.737","  0.431",14/100,/core/www/modules//sdig/index.php?run_id=110202&search_id=114132&scans_id=110198&peptide_id=39543&scanf=46919&charge=3&value=14/100,sp|Q9BVI4|NOC4L_HUMAN,/core/www/modules//consensus/?run_id=110202&search_id=114132&scans_id=110198&peptide_id=39543&scanf=46919&charge=3&value=sp|Q9BVI4|NOC4L_HUMAN,0,/core/www/modules/match_peptides/blast_html4.php?run_id=110202&search_id=114132&scans_id=110198&peptide_id=39543&scanf=46919&charge=3&value=0,R.SEANAVFDILAVLQSEDQEEIQEAVR.T,/core/www/modules/show_out/show_out_wrapper.php?run_id=110202&search_id=114132&scans_id=110198&peptide_id=39543&scanf=46919&charge=3&value=R.SEANAVFDILAVLQSEDQEEIQEAVR.T,NOC4L,1.336e+6,2.171,0.062,1.205,0.002
46926,2,"  1.018","  0.018",7/12,/core/www/modules//sdig/index.php?run_id=110202&search_id=114132&scans_id=110198&peptide_id=39551&scanf=46926&charge=2&value=7/12,sp|P60709|ACTB_HUMAN,/core/www/modules//consensus/?run_id=110202&search_id=114132&scans_id=110198&peptide_id=39551&scanf=46926&charge=2&value=sp|P60709|ACTB_HUMAN,11,/core/www/modules/match_peptides/blast_html4.php?run_id=110202&search_id=114132&scans_id=110198&peptide_id=39551&scanf=46926&charge=2&value=11,K.IIAPPER.K,/core/www/modules/show_out/show_out_wrapper.php?run_id=110202&search_id=114132&scans_id=110198&peptide_id=39551&scanf=46926&charge=2&value=K.IIAPPER.K,ACTB,4.155e+6,1.956,0.122,0.914,0.006
46930,2,"  3.105","  0.698",15/24,/core/www/modules//sdig/index.php?run_id=110202&search_id=114132&scans_id=110198&peptide_id=39555&scanf=46930&charge=2&value=15/24,sp|O00159|MYO1C_HUMAN,/core/www/modules//consensus/?run_id=110202&search_id=114132&scans_id=110198&peptide_id=39555&scanf=46930&charge=2&value=sp|O00159|MYO1C_HUMAN,1,/core/www/modules/match_peptides/blast_html4.php?run_id=110202&search_id=114132&scans_id=110198&peptide_id=39555&scanf=46930&charge=2&value=1,K.MSLLQLVEILQSK.E,/core/www/modules/show_out/show_out_wrapper.php?run_id=110202&search_id=114132&scans_id=110198&peptide_id=39555&scanf=46930&charge=2&value=K.MSLLQLVEILQSK.E,MYO1C,1.798e+7,3.939,0.000,3.800,0.000
46931,2,"  3.220","  0.727",17/28,/core/www/modules//sdig/index.php?run_id=110202&search_id=114132&scans_id=110198&peptide_id=39556&scanf=46931&charge=2&value=17/28,sp|Q9BQG0|MBB1A_HUMAN,/core/www/modules//consensus/?run_id=110202&search_id=114132&scans_id=110198&peptide_id=39556&scanf=46931&charge=2&value=sp|Q9BQG0|MBB1A_HUMAN,1,/core/www/modules/match_peptides/blast_html4.php?run_id=110202&search_id=114132&scans_id=110198&peptide_id=39556&scanf=46931&charge=2&value=1,R.NSPLTVPMFLSLFSR.H,/core/www/modules/show_out/show_out_wrapper.php?run_id=110202&search_id=114132&scans_id=110198&peptide_id=39556&scanf=46931&charge=2&value=R.NSPLTVPMFLSLFSR.H,MYBBP1A,1.676e+7,4.016,0.000,3.914,0.000
46932,3,"  5.090","  0.687",21/76,/core/www/modules//sdig/index.php?run_id=110202&search_id=114132&scans_id=110198&peptide_id=39557&scanf=46932&charge=3&value=21/76,sp|Q6P1J9|CDC73_HUMAN,/core/www/modules//consensus/?run_id=110202&search_id=114132&scans_id=110198&peptide_id=39557&scanf=46932&charge=3&value=sp|Q6P1J9|CDC73_HUMAN,2,/core/www/modules/match_peptides/blast_html4.php?run_id=110202&search_id=114132&scans_id=110198&peptide_id=39557&scanf=46932&charge=3&value=2,R.TPIIIIPAATTSLITMLNAK.D,/core/www/modules/show_out/show_out_wrapper.php?run_id=110202&search_id=114132&scans_id=110198&peptide_id=39557&scanf=46932&charge=3&value=R.TPIIIIPAATTSLITMLNAK.D,CDC73,1.125e+7,3.626,0.000,3.334,0.000
46933,3,"  5.410","  0.728",23/76,/core/www/modules//sdig/index.php?run_id=110202&search_id=114132&scans_id=110198&peptide_id=39558&scanf=46933&charge=3&value=23/76,sp|Q09161|NCBP1_HUMAN,/core/www/modules//consensus/?run_id=110202&search_id=114132&scans_id=110198&peptide_id=39558&scanf=46933&charge=3&value=sp|Q09161|NCBP1_HUMAN,0,/core/www/modules/match_peptides/blast_html4.php?run_id=110202&search_id=114132&scans_id=110198&peptide_id=39558&scanf=46933&charge=3&value=0,K.LQPGSLPQVLAQATEMLYMR.L,/core/www/modules/show_out/show_out_wrapper.php?run_id=110202&search_id=114132&scans_id=110198&peptide_id=39558&scanf=46933&charge=3&value=K.LQPGSLPQVLAQATEMLYMR.L,NCBP1,7.314e+6,3.800,0.000,3.593,0.000
46934,3,"  3.762","  0.690",19/88,/core/www/modules//sdig/index.php?run_id=110202&search_id=114132&scans_id=110198&peptide_id=39559&scanf=46934&charge=3&value=19/88,sp|Q92616|GCN1_HUMAN,/core/www/modules//consensus/?run_id=110202&search_id=114132&scans_id=110198&peptide_id=39559&scanf=46934&charge=3&value=sp|Q92616|GCN1_HUMAN,0,/core/www/modules/match_peptides/blast_html4.php?run_id=110202&search_id=114132&scans_id=110198&peptide_id=39559&scanf=46934&charge=3&value=0,K.AASQSTQVPTITEGVAAALLLLK.L,/core/www/modules/show_out/show_out_wrapper.php?run_id=110202&search_id=114132&scans_id=110198&peptide_id=39559&scanf=46934&charge=3&value=K.AASQSTQVPTITEGVAAALLLLK.L,GCN1,7.386e+6,3.589,0.001,3.279,0.000
46941,3,"  4.247","  0.685",22/60,/core/www/modules//sdig/index.php?run_id=110202&search_id=114132&scans_id=110198&peptide_id=39567&scanf=46941&charge=3&value=22/60,sp|P0C5Y9|H2AB1_HUMAN,/core/www/modules//consensus/?run_id=110202&search_id=114132&scans_id=110198&peptide_id=39567&scanf=46941&charge=3&value=sp|P0C5Y9|H2AB1_HUMAN,1,/core/www/modules/match_peptides/blast_html4.php?run_id=110202&search_id=114132&scans_id=110198&peptide_id=39567&scanf=46941&charge=3&value=1,R.TAPVYLAAVIEYLTAK.V,/core/www/modules/show_out/show_out_wrapper.php?run_id=110202&search_id=114132&scans_id=110198&peptide_id=39567&scanf=46941&charge=3&value=R.TAPVYLAAVIEYLTAK.V,H2AB1,4.659e+7,3.852,0.000,3.670,0.000
46942,3,"  2.324","  0.412",14/112,/core/www/modules//sdig/index.php?run_id=110202&search_id=114132&scans_id=110198&peptide_id=39568&scanf=46942&charge=3&value=14/112,sp|P35251|RFC1_HUMAN,/core/www/modules//consensus/?run_id=110202&search_id=114132&scans_id=110198&peptide_id=39568&scanf=46942&charge=3&value=sp|P35251|RFC1_HUMAN,0,/core/www/modules/match_peptides/blast_html4.php?run_id=110202&search_id=114132&scans_id=110198&peptide_id=39568&scanf=46942&charge=3&value=0,R.DALVQPLTSQGVDGVQDVVALMDTYYLMK.E,/core/www/modules/show_out/show_out_wrapper.php?run_id=110202&search_id=114132&scans_id=110198&peptide_id=39568&scanf=46942&charge=3&value=R.DALVQPLTSQGVDGVQDVVALMDTYYLMK.E,RFC1,2.926e+6,2.101,0.078,1.108,0.003
46952,3,"  2.011","  0.452",5/76,/core/www/modules//sdig/index.php?run_id=110202&search_id=114132&scans_id=110198&peptide_id=39578&scanf=46952&charge=3&value=5/76,sp|P22087|FBRL_HUMAN,/core/www/modules//consensus/?run_id=110202&search_id=114132&scans_id=110198&peptide_id=39578&scanf=46952&charge=3&value=sp|P22087|FBRL_HUMAN,4,/core/www/modules/match_peptides/blast_html4.php?run_id=110202&search_id=114132&scans_id=110198&peptide_id=39578&scanf=46952&charge=3&value=4,R.MLIAMVDVIFADVAQPDQTR.I,/core/www/modules/show_out/show_out_wrapper.php?run_id=110202&search_id=114132&scans_id=110198&peptide_id=39578&scanf=46952&charge=3&value=R.MLIAMVDVIFADVAQPDQTR.I,FBL,5.503e+6,2.462,0.024,1.620,0.001
46954,3,"  5.055","  0.631",20/104,/core/www/modules//sdig/index.php?run_id=110202&search_id=114132&scans_id=110198&peptide_id=39580&scanf=46954&charge=3&value=20/104,sp|P63092|GNAS2_HUMAN,/core/www/modules//consensus/?run_id=110202&search_id=114132&scans_id=110198&peptide_id=39580&scanf=46954&charge=3&value=sp|P63092|GNAS2_HUMAN,10,/core/www/modules/match_peptides/blast_html4.php?run_id=110202&search_id=114132&scans_id=110198&peptide_id=39580&scanf=46954&charge=3&value=10,K.EAIETIVAAMSNLVPPVELANPENQFR.V,/core/www/modules/show_out/show_out_wrapper.php?run_id=110202&search_id=114132&scans_id=110198&peptide_id=39580&scanf=46954&charge=3&value=K.EAIETIVAAMSNLVPPVELANPENQFR.V,GNAS,3.507e+6,3.046,0.003,2.476,0.000
46956,2,"  2.837","  0.580",11/28,/core/www/modules//sdig/index.php?run_id=110202&search_id=114132&scans_id=110198&peptide_id=39582&scanf=46956&charge=2&value=11/28,sp|Q14978|NOLC1_HUMAN,/core/www/modules//consensus/?run_id=110202&search_id=114132&scans_id=110198&peptide_id=39582&scanf=46956&charge=2&value=sp|Q14978|NOLC1_HUMAN,4,/core/www/modules/match_peptides/blast_html4.php?run_id=110202&search_id=114132&scans_id=110198&peptide_id=39582&scanf=46956&charge=2&value=4,R.VVPSDLYPLVLGFLR.D,/core/www/modules/show_out/show_out_wrapper.php?run_id=110202&search_id=114132&scans_id=110198&peptide_id=39582&scanf=46956&charge=2&value=R.VVPSDLYPLVLGFLR.D,NOLC1,3.917e+6,2.943,0.005,2.324,0.000
46959,2,"  3.158","  0.561",14/32,/core/www/modules//sdig/index.php?run_id=110202&search_id=114132&scans_id=110198&peptide_id=39585&scanf=46959&charge=2&value=14/32,sp|P53675|CLH2_HUMAN,/core/www/modules//consensus/?run_id=110202&search_id=114132&scans_id=110198&peptide_id=39585&scanf=46959&charge=2&value=sp|P53675|CLH2_HUMAN,12,/core/www/modules/match_peptides/blast_html4.php?run_id=110202&search_id=114132&scans_id=110198&peptide_id=39585&scanf=46959&charge=2&value=12,K.AFMTADLPNELIELLEK.I,/core/www/modules/show_out/show_out_wrapper.php?run_id=110202&search_id=114132&scans_id=110198&peptide_id=39585&scanf=46959&charge=2&value=K.AFMTADLPNELIELLEK.I,CLTCL1,1.180e+7,2.970,0.004,2.364,0.000
46967,2,"  2.002","  0.150",11/16,/core/www/modules//sdig/index.php?run_id=110202&search_id=114132&scans_id=110198&peptide_id=39594&scanf=46967&charge=2&value=11/16,sp|O60814|H2B1K_HUMAN,/core/www/modules//consensus/?run_id=110202&search_id=114132&scans_id=110198&peptide_id=39594&scanf=46967&charge=2&value=sp|O60814|H2B1K_HUMAN,16,/core/www/modules/match_peptides/blast_html4.php?run_id=110202&search_id=114132&scans_id=110198&peptide_id=39594&scanf=46967&charge=2&value=16,R.LLLPGELAK.H,/core/www/modules/show_out/show_out_wrapper.php?run_id=110202&search_id=114132&scans_id=110198&peptide_id=39594&scanf=46967&charge=2&value=R.LLLPGELAK.H,H2BC12,1.124e+7,2.382,0.031,1.503,0.001
46971,3,"  4.832","  0.747",26/68,/core/www/modules//sdig/index.php?run_id=110202&search_id=114132&scans_id=110198&peptide_id=39598&scanf=46971&charge=3&value=26/68,sp|Q9H0S4|DDX47_HUMAN,/core/www/modules//consensus/?run_id=110202&search_id=114132&scans_id=110198&peptide_id=39598&scanf=46971&charge=3&value=sp|Q9H0S4|DDX47_HUMAN,0,/core/www/modules/match_peptides/blast_html4.php?run_id=110202&search_id=114132&scans_id=110198&peptide_id=39598&scanf=46971&charge=3&value=0,K.TGAFALPILNALLETPQR.L,/core/www/modules/show_out/show_out_wrapper.php?run_id=110202&search_id=114132&scans_id=110198&peptide_id=39598&scanf=46971&charge=3&value=K.TGAFALPILNALLETPQR.L,DDX47,2.485e+7,4.067,0.000,3.989,0.000
46975,2,"  3.413","  0.577",18/28,/core/www/modules//sdig/index.php?run_id=110202&search_id=114132&scans_id=110198&peptide_id=39602&scanf=46975&charge=2&value=18/28,sp|P07602|SAP_HUMAN,/core/www/modules//consensus/?run_id=110202&search_id=114132&scans_id=110198&peptide_id=39602&scanf=46975&charge=2&value=sp|P07602|SAP_HUMAN,0,/core/www/modules/match_peptides/blast_html4.php?run_id=110202&search_id=114132&scans_id=110198&peptide_id=39602&scanf=46975&charge=2&value=0,K.EIVDSYLPVILDIIK.G,/core/www/modules/show_out/show_out_wrapper.php?run_id=110202&search_id=114132&scans_id=110198&peptide_id=39602&scanf=46975&charge=2&value=K.EIVDSYLPVILDIIK.G,PSAP,9.443e+6,3.416,0.001,3.024,0.000
46976,3,"  4.762","  0.686",25/96,/core/www/modules//sdig/index.php?run_id=110202&search_id=114132&scans_id=110198&peptide_id=39603&scanf=46976&charge=3&value=25/96,sp|O14980|XPO1_HUMAN,/core/www/modules//consensus/?run_id=110202&search_id=114132&scans_id=110198&peptide_id=39603&scanf=46976&charge=3&value=sp|O14980|XPO1_HUMAN,9,/core/www/modules/match_peptides/blast_html4.php?run_id=110202&search_id=114132&scans_id=110198&peptide_id=39603&scanf=46976&charge=3&value=9,R.SNDPQMVAENFVPPLLDAVLIDYQR.N,/core/www/modules/show_out/show_out_wrapper.php?run_id=110202&search_id=114132&scans_id=110198&peptide_id=39603&scanf=46976&charge=3&value=R.SNDPQMVAENFVPPLLDAVLIDYQR.N,XPO1,2.472e+6,3.479,0.001,3.117,0.000
46980,3,"  2.800","  0.479",11/60,/core/www/modules//sdig/index.php?run_id=110202&search_id=114132&scans_id=110198&peptide_id=39608&scanf=46980&charge=3&value=11/60,sp|P54274|TERF1_HUMAN,/core/www/modules//consensus/?run_id=110202&search_id=114132&scans_id=110198&peptide_id=39608&scanf=46980&charge=3&value=sp|P54274|TERF1_HUMAN,6,/core/www/modules/match_peptides/blast_html4.php?run_id=110202&search_id=114132&scans_id=110198&peptide_id=39608&scanf=46980&charge=3&value=6,R.ITPLESALMIWGSIEK.E,/core/www/modules/show_out/show_out_wrapper.php?run_id=110202&search_id=114132&scans_id=110198&peptide_id=39608&scanf=46980&charge=3&value=R.ITPLESALMIWGSIEK.E,TERF1,4.282e+6,2.805,0.008,2.120,0.000
46981,2,"  1.287","  0.301",8/26,/core/www/modules//sdig/index.php?run_id=110202&search_id=114132&scans_id=110198&peptide_id=39609&scanf=46981&charge=2&value=8/26,sp|P00568|KAD1_HUMAN,/core/www/modules//consensus/?run_id=110202&search_id=114132&scans_id=110198&peptide_id=39609&scanf=46981&charge=2&value=sp|P00568|KAD1_HUMAN,2,/core/www/modules/match_peptides/blast_html4.php?run_id=110202&search_id=114132&scans_id=110198&peptide_id=39609&scanf=46981&charge=2&value=2,K.GQLVPLETVLDMLR.D,/core/www/modules/show_out/show_out_wrapper.php?run_id=110202&search_id=114132&scans_id=110198&peptide_id=39609&scanf=46981&charge=2&value=K.GQLVPLETVLDMLR.D,AK1,2.924e+6,1.914,0.138,0.860,0.007
46986,2,"  3.082","  0.623",15/24,/core/www/modules//sdig/index.php?run_id=110202&search_id=114132&scans_id=110198&peptide_id=39614&scanf=46986&charge=2&value=15/24,sp|Q6KC79|NIPBL_HUMAN,/core/www/modules//consensus/?run_id=110202&search_id=114132&scans_id=110198&peptide_id=39614&scanf=46986&charge=2&value=sp|Q6KC79|NIPBL_HUMAN,1,/core/www/modules/match_peptides/blast_html4.php?run_id=110202&search_id=114132&scans_id=110198&peptide_id=39614&scanf=46986&charge=2&value=1,R.QLILEEIFTSLAR.L,/core/www/modules/show_out/show_out_wrapper.php?run_id=110202&search_id=114132&scans_id=110198&peptide_id=39614&scanf=46986&charge=2&value=R.QLILEEIFTSLAR.L,NIPBL,5.709e+6,3.640,0.000,3.356,0.000
46989,2,"  3.910","  0.704",16/26,/core/www/modules//sdig/index.php?run_id=110202&search_id=114132&scans_id=110198&peptide_id=39617&scanf=46989&charge=2&value=16/26,sp|P78527|PRKDC_HUMAN,/core/www/modules//consensus/?run_id=110202&search_id=114132&scans_id=110198&peptide_id=39617&scanf=46989&charge=2&value=sp|P78527|PRKDC_HUMAN,1,/core/www/modules/match_peptides/blast_html4.php?run_id=110202&search_id=114132&scans_id=110198&peptide_id=39617&scanf=46989&charge=2&value=1,R.LGLIEWLENTVTLK.D,/core/www/modules/show_out/show_out_wrapper.php?run_id=110202&search_id=114132&scans_id=110198&peptide_id=39617&scanf=46989&charge=2&value=R.LGLIEWLENTVTLK.D,PRKDC,6.784e+6,4.679,0.000,4.896,0.000
46991,2,"  3.645","  0.799",19/30,/core/www/modules//sdig/index.php?run_id=110202&search_id=114132&scans_id=110198&peptide_id=39619&scanf=46991&charge=2&value=19/30,sp|Q08211|DHX9_HUMAN,/core/www/modules//consensus/?run_id=110202&search_id=114132&scans_id=110198&peptide_id=39619&scanf=46991&charge=2&value=sp|Q08211|DHX9_HUMAN,0,/core/www/modules/match_peptides/blast_html4.php?run_id=110202&search_id=114132&scans_id=110198&peptide_id=39619&scanf=46991&charge=2&value=0,K.GM*TLVTPLQLLLFASK.K,/core/www/modules/show_out/show_out_wrapper.php?run_id=110202&search_id=114132&scans_id=110198&peptide_id=39619&scanf=46991&charge=2&value=K.GM*TLVTPLQLLLFASK.K,DHX9,1.787e+7,4.466,0.000,4.581,0.000
46993,3,"  4.095","  0.655",22/56,/core/www/modules//sdig/index.php?run_id=110202&search_id=114132&scans_id=110198&peptide_id=39621&scanf=46993&charge=3&value=22/56,sp|P78527|PRKDC_HUMAN,/core/www/modules//consensus/?run_id=110202&search_id=114132&scans_id=110198&peptide_id=39621&scanf=46993&charge=3&value=sp|P78527|PRKDC_HUMAN,0,/core/www/modules/match_peptides/blast_html4.php?run_id=110202&search_id=114132&scans_id=110198&peptide_id=39621&scanf=46993&charge=3&value=0,K.EVYAAAAEVLGLILR.Y,/core/www/modules/show_out/show_out_wrapper.php?run_id=110202&search_id=114132&scans_id=110198&peptide_id=39621&scanf=46993&charge=3&value=K.EVYAAAAEVLGLILR.Y,PRKDC,7.944e+6,4.644,0.000,4.844,0.000
47004,3,"  7.662","  0.686",30/104,/core/www/modules//sdig/index.php?run_id=110202&search_id=114132&scans_id=110198&peptide_id=39633&scanf=47004&charge=3&value=30/104,sp|Q5SSJ5|HP1B3_HUMAN,/core/www/modules//consensus/?run_id=110202&search_id=114132&scans_id=110198&peptide_id=39633&scanf=47004&charge=3&value=sp|Q5SSJ5|HP1B3_HUMAN,1,/core/www/modules/match_peptides/blast_html4.php?run_id=110202&search_id=114132&scans_id=110198&peptide_id=39633&scanf=47004&charge=3&value=1,K.SGEKPLLGGSLMEYAILSAIAAMNEPK.T,/core/www/modules/show_out/show_out_wrapper.php?run_id=110202&search_id=114132&scans_id=110198&peptide_id=39633&scanf=47004&charge=3&value=K.SGEKPLLGGSLMEYAILSAIAAMNEPK.T,HP1BP3,2.017e+6,3.564,0.001,3.244,0.000
47012,3,"  7.153","  0.738",32/108,/core/www/modules//sdig/index.php?run_id=110202&search_id=114132&scans_id=110198&peptide_id=39641&scanf=47012&charge=3&value=32/108,sp|P13010|XRCC5_HUMAN,/core/www/modules//consensus/?run_id=110202&search_id=114132&scans_id=110198&peptide_id=39641&scanf=47012&charge=3&value=sp|P13010|XRCC5_HUMAN,1,/core/www/modules/match_peptides/blast_html4.php?run_id=110202&search_id=114132&scans_id=110198&peptide_id=39641&scanf=47012&charge=3&value=1,K.IQPGSQQADFLDALIVSMDVIQHETIGK.K,/core/www/modules/show_out/show_out_wrapper.php?run_id=110202&search_id=114132&scans_id=110198&peptide_id=39641&scanf=47012&charge=3&value=K.IQPGSQQADFLDALIVSMDVIQHETIGK.K,XRCC5,1.263e+7,3.795,0.000,3.586,0.000
47022,2,"  1.519","  0.359",6/18,/core/www/modules//sdig/index.php?run_id=110202&search_id=114132&scans_id=110198&peptide_id=39652&scanf=47022&charge=2&value=6/18,sp|P08670|VIME_HUMAN,/core/www/modules//consensus/?run_id=110202&search_id=114132&scans_id=110198&peptide_id=39652&scanf=47022&charge=2&value=sp|P08670|VIME_HUMAN,2,/core/www/modules/match_peptides/blast_html4.php?run_id=110202&search_id=114132&scans_id=110198&peptide_id=39652&scanf=47022&charge=2&value=2,K.ILLAELEQLK.G,/core/www/modules/show_out/show_out_wrapper.php?run_id=110202&search_id=114132&scans_id=110198&peptide_id=39652&scanf=47022&charge=2&value=K.ILLAELEQLK.G,VIM,2.375e+9,2.755,0.009,2.047,0.000
47026,3,"  2.294","  0.487",12/100,/core/www/modules//sdig/index.php?run_id=110202&search_id=114132&scans_id=110198&peptide_id=39656&scanf=47026&charge=3&value=12/100,sp|Q9Y5B9|SP16H_HUMAN,/core/www/modules//consensus/?run_id=110202&search_id=114132&scans_id=110198&peptide_id=39656&scanf=47026&charge=3&value=sp|Q9Y5B9|SP16H_HUMAN,0,/core/www/modules/match_peptides/blast_html4.php?run_id=110202&search_id=114132&scans_id=110198&peptide_id=39656&scanf=47026&charge=3&value=0,R.TLMVDPSQEVQENYNFLLQLQEELLK.E,/core/www/modules/show_out/show_out_wrapper.php?run_id=110202&search_id=114132&scans_id=110198&peptide_id=39656&scanf=47026&charge=3&value=R.TLMVDPSQEVQENYNFLLQLQEELLK.E,SUPT16H,1.164e+6,2.512,0.020,1.692,0.000
47037,3,"  6.876","  0.828",32/100,/core/www/modules//sdig/index.php?run_id=110202&search_id=114132&scans_id=110198&peptide_id=39667&scanf=47037&charge=3&value=32/100,sp|P50454|SERPH_HUMAN,/core/www/modules//consensus/?run_id=110202&search_id=114132&scans_id=110198&peptide_id=39667&scanf=47037&charge=3&value=sp|P50454|SERPH_HUMAN,9,/core/www/modules/match_peptides/blast_html4.php?run_id=110202&search_id=114132&scans_id=110198&peptide_id=39667&scanf=47037&charge=3&value=9,K.DQAVENILVSPVVVASSLGLVSLGGK.A,/core/www/modules/show_out/show_out_wrapper.php?run_id=110202&search_id=114132&scans_id=110198&peptide_id=39667&scanf=47037&charge=3&value=K.DQAVENILVSPVVVASSLGLVSLGGK.A,SERPINH1,1.376e+7,4.100,0.000,4.038,0.000
47039,3,"  5.063","  0.596",15/80,/core/www/modules//sdig/index.php?run_id=110202&search_id=114132&scans_id=110198&peptide_id=39669&scanf=47039&charge=3&value=15/80,sp|P10809|CH60_HUMAN,/core/www/modules//consensus/?run_id=110202&search_id=114132&scans_id=110198&peptide_id=39669&scanf=47039&charge=3&value=sp|P10809|CH60_HUMAN,13,/core/www/modules/match_peptides/blast_html4.php?run_id=110202&search_id=114132&scans_id=110198&peptide_id=39669&scanf=47039&charge=3&value=13,R.ALMLQGVDLLADAVAVTMGPK.G,/core/www/modules/show_out/show_out_wrapper.php?run_id=110202&search_id=114132&scans_id=110198&peptide_id=39669&scanf=47039&charge=3&value=R.ALMLQGVDLLADAVAVTMGPK.G,HSPD1,5.050e+7,3.290,0.001,2.837,0.000
47046,3,"  8.201","  0.740",31/108,/core/www/modules//sdig/index.php?run_id=110202&search_id=114132&scans_id=110198&peptide_id=39677&scanf=47046&charge=3&value=31/108,sp|P10809|CH60_HUMAN,/core/www/modules//consensus/?run_id=110202&search_id=114132&scans_id=110198&peptide_id=39677&scanf=47046&charge=3&value=sp|P10809|CH60_HUMAN,2,/core/www/modules/match_peptides/blast_html4.php?run_id=110202&search_id=114132&scans_id=110198&peptide_id=39677&scanf=47046&charge=3&value=2,R.TALLDAAGVASLLTTAEVVVTEIPKEEK.D,/core/www/modules/show_out/show_out_wrapper.php?run_id=110202&search_id=114132&scans_id=110198&peptide_id=39677&scanf=47046&charge=3&value=R.TALLDAAGVASLLTTAEVVVTEIPKEEK.D,HSPD1,5.649e+6,3.571,0.001,3.253,0.000
47047,2,"  1.578","  0.416",4/30,/core/www/modules//sdig/index.php?run_id=110202&search_id=114132&scans_id=110198&peptide_id=39678&scanf=47047&charge=2&value=4/30,sp|P40616|ARL1_HUMAN,/core/www/modules//consensus/?run_id=110202&search_id=114132&scans_id=110198&peptide_id=39678&scanf=47047&charge=2&value=sp|P40616|ARL1_HUMAN,2,/core/www/modules/match_peptides/blast_html4.php?run_id=110202&search_id=114132&scans_id=110198&peptide_id=39678&scanf=47047&charge=2&value=2,K.GTGLDEAMEWLVETLK.S,/core/www/modules/show_out/show_out_wrapper.php?run_id=110202&search_id=114132&scans_id=110198&peptide_id=39678&scanf=47047&charge=2&value=K.GTGLDEAMEWLVETLK.S,ARL1,2.518e+6,2.025,0.099,1.005,0.005
47052,3,"  3.826","  0.566",19/84,/core/www/modules//sdig/index.php?run_id=110202&search_id=114132&scans_id=110198&peptide_id=39684&scanf=47052&charge=3&value=19/84,sp|P19338|NUCL_HUMAN,/core/www/modules//consensus/?run_id=110202&search_id=114132&scans_id=110198&peptide_id=39684&scanf=47052&charge=3&value=sp|P19338|NUCL_HUMAN,9,/core/www/modules/match_peptides/blast_html4.php?run_id=110202&search_id=114132&scans_id=110198&peptide_id=39684&scanf=47052&charge=3&value=9,K.TLVLSNLSYSATEETLQEVFEK.A,/core/www/modules/show_out/show_out_wrapper.php?run_id=110202&search_id=114132&scans_id=110198&peptide_id=39684&scanf=47052&charge=3&value=K.TLVLSNLSYSATEETLQEVFEK.A,NCL,2.104e+6,3.245,0.002,2.770,0.000
47090,2,"  2.362","  0.377",10/30,/core/www/modules//sdig/index.php?run_id=110202&search_id=114132&scans_id=110198&peptide_id=39723&scanf=47090&charge=2&value=10/30,sp|P06576|ATPB_HUMAN,/core/www/modules//consensus/?run_id=110202&search_id=114132&scans_id=110198&peptide_id=39723&scanf=47090&charge=2&value=sp|P06576|ATPB_HUMAN,2,/core/www/modules/match_peptides/blast_html4.php?run_id=110202&search_id=114132&scans_id=110198&peptide_id=39723&scanf=47090&charge=2&value=2,R.DQEGQDVLLFIDNIFR.F,/core/www/modules/show_out/show_out_wrapper.php?run_id=110202&search_id=114132&scans_id=110198&peptide_id=39723&scanf=47090&charge=2&value=R.DQEGQDVLLFIDNIFR.F,ATP5F1B,1.992e+6,2.287,0.043,1.367,0.001
47098,2,"  3.318","  0.736",14/32,/core/www/modules//sdig/index.php?run_id=110202&search_id=114132&scans_id=110198&peptide_id=39730&scanf=47098&charge=2&value=14/32,sp|Q92499|DDX1_HUMAN,/core/www/modules//consensus/?run_id=110202&search_id=114132&scans_id=110198&peptide_id=39730&scanf=47098&charge=2&value=sp|Q92499|DDX1_HUMAN,9,/core/www/modules/match_peptides/blast_html4.php?run_id=110202&search_id=114132&scans_id=110198&peptide_id=39730&scanf=47098&charge=2&value=9,K.TGAFSIPVIQIVYETLK.D,/core/www/modules/show_out/show_out_wrapper.php?run_id=110202&search_id=114132&scans_id=110198&peptide_id=39730&scanf=47098&charge=2&value=K.TGAFSIPVIQIVYETLK.D,DDX1,3.436e+6,3.619,0.000,3.324,0.000
47123,2,"  2.940","  0.703",11/32,/core/www/modules//sdig/index.php?run_id=110202&search_id=114132&scans_id=110198&peptide_id=39757&scanf=47123&charge=2&value=11/32,sp|Q02878|RL6_HUMAN,/core/www/modules//consensus/?run_id=110202&search_id=114132&scans_id=110198&peptide_id=39757&scanf=47123&charge=2&value=sp|Q02878|RL6_HUMAN,0,/core/www/modules/match_peptides/blast_html4.php?run_id=110202&search_id=114132&scans_id=110198&peptide_id=39757&scanf=47123&charge=2&value=0,K.QLASGLLLVTGPLVLNR.V,/core/www/modules/show_out/show_out_wrapper.php?run_id=110202&search_id=114132&scans_id=110198&peptide_id=39757&scanf=47123&charge=2&value=K.QLASGLLLVTGPLVLNR.V,RPL6,2.581e+6,3.411,0.001,3.017,0.000
47126,3,"  2.997","  0.524",10/80,/core/www/modules//sdig/index.php?run_id=110202&search_id=114132&scans_id=110198&peptide_id=39760&scanf=47126&charge=3&value=10/80,sp|P60842|IF4A1_HUMAN,/core/www/modules//consensus/?run_id=110202&search_id=114132&scans_id=110198&peptide_id=39760&scanf=47126&charge=3&value=sp|P60842|IF4A1_HUMAN,0,/core/www/modules/match_peptides/blast_html4.php?run_id=110202&search_id=114132&scans_id=110198&peptide_id=39760&scanf=47126&charge=3&value=0,R.DIETFYNTSIEEMPLNVADLI.-,/core/www/modules/show_out/show_out_wrapper.php?run_id=110202&search_id=114132&scans_id=110198&peptide_id=39760&scanf=47126&charge=3&value=R.DIETFYNTSIEEMPLNVADLI.-,EIF4A1,2.871e+6,2.774,0.008,2.074,0.000
47140,3,"  7.173","  0.783",29/96,/core/www/modules//sdig/index.php?run_id=110202&search_id=114132&scans_id=110198&peptide_id=39775&scanf=47140&charge=3&value=29/96,sp|Q16630|CPSF6_HUMAN,/core/www/modules//consensus/?run_id=110202&search_id=114132&scans_id=110198&peptide_id=39775&scanf=47140&charge=3&value=sp|Q16630|CPSF6_HUMAN,1,/core/www/modules/match_peptides/blast_html4.php?run_id=110202&search_id=114132&scans_id=110198&peptide_id=39775&scanf=47140&charge=3&value=1,R.AVSDASAGDYGSAIETLVTAISLIK.Q,/core/www/modules/show_out/show_out_wrapper.php?run_id=110202&search_id=114132&scans_id=110198&peptide_id=39775&scanf=47140&charge=3&value=R.AVSDASAGDYGSAIETLVTAISLIK.Q,CPSF6,4.906e+6,3.942,0.000,3.804,0.000
47147,2,"  2.459","  0.495",11/24,/core/www/modules//sdig/index.php?run_id=110202&search_id=114132&scans_id=110198&peptide_id=39782&scanf=47147&charge=2&value=11/24,sp|P07741|APT_HUMAN,/core/www/modules//consensus/?run_id=110202&search_id=114132&scans_id=110198&peptide_id=39782&scanf=47147&charge=2&value=sp|P07741|APT_HUMAN,1,/core/www/modules/match_peptides/blast_html4.php?run_id=110202&search_id=114132&scans_id=110198&peptide_id=39782&scanf=47147&charge=2&value=1,K.LAPVPFFSLLQYE.-,/core/www/modules/show_out/show_out_wrapper.php?run_id=110202&search_id=114132&scans_id=110198&peptide_id=39782&scanf=47147&charge=2&value=K.LAPVPFFSLLQYE.-,APRT,4.846e+6,2.806,0.008,2.122,0.000
47162,3,"  4.302","  0.762",19/60,/core/www/modules//sdig/index.php?run_id=110202&search_id=114132&scans_id=110198&peptide_id=39798&scanf=47162&charge=3&value=19/60,sp|Q08211|DHX9_HUMAN,/core/www/modules//consensus/?run_id=110202&search_id=114132&scans_id=110198&peptide_id=39798&scanf=47162&charge=3&value=sp|Q08211|DHX9_HUMAN,0,/core/www/modules/match_peptides/blast_html4.php?run_id=110202&search_id=114132&scans_id=110198&peptide_id=39798&scanf=47162&charge=3&value=0,K.GMTLVTPLQLLLFASK.K,/core/www/modules/show_out/show_out_wrapper.php?run_id=110202&search_id=114132&scans_id=110198&peptide_id=39798&scanf=47162&charge=3&value=K.GMTLVTPLQLLLFASK.K,DHX9,1.927e+7,4.352,0.000,4.412,0.000
47180,2,"  2.399","  0.569",11/28,/core/www/modules//sdig/index.php?run_id=110202&search_id=114132&scans_id=110198&peptide_id=39817&scanf=47180&charge=2&value=11/28,sp|Q9Y678|COPG1_HUMAN,/core/www/modules//consensus/?run_id=110202&search_id=114132&scans_id=110198&peptide_id=39817&scanf=47180&charge=2&value=sp|Q9Y678|COPG1_HUMAN,1,/core/www/modules/match_peptides/blast_html4.php?run_id=110202&search_id=114132&scans_id=110198&peptide_id=39817&scanf=47180&charge=2&value=1,R.SLEELPVDIILASVG.-,/core/www/modules/show_out/show_out_wrapper.php?run_id=110202&search_id=114132&scans_id=110198&peptide_id=39817&scanf=47180&charge=2&value=R.SLEELPVDIILASVG.-,COPG1,1.985e+7,3.016,0.004,2.432,0.000
47204,2,"  2.079","  0.644",13/22,/core/www/modules//sdig/index.php?run_id=110202&search_id=114132&scans_id=110198&peptide_id=39842&scanf=47204&charge=2&value=13/22,sp|Q08211|DHX9_HUMAN,/core/www/modules//consensus/?run_id=110202&search_id=114132&scans_id=110198&peptide_id=39842&scanf=47204&charge=2&value=sp|Q08211|DHX9_HUMAN,0,/core/www/modules/match_peptides/blast_html4.php?run_id=110202&search_id=114132&scans_id=110198&peptide_id=39842&scanf=47204&charge=2&value=0,K.ETPFELIEALLK.Y,/core/www/modules/show_out/show_out_wrapper.php?run_id=110202&search_id=114132&scans_id=110198&peptide_id=39842&scanf=47204&charge=2&value=K.ETPFELIEALLK.Y,DHX9,6.436e+7,3.942,0.000,3.804,0.000
47209,2,"  4.304","  0.724",23/36,/core/www/modules//sdig/index.php?run_id=110202&search_id=114132&scans_id=110198&peptide_id=39847&scanf=47209&charge=2&value=23/36,sp|P78527|PRKDC_HUMAN,/core/www/modules//consensus/?run_id=110202&search_id=114132&scans_id=110198&peptide_id=39847&scanf=47209&charge=2&value=sp|P78527|PRKDC_HUMAN,1,/core/www/modules/match_peptides/blast_html4.php?run_id=110202&search_id=114132&scans_id=110198&peptide_id=39847&scanf=47209&charge=2&value=1,K.LQSVQALTEIQEFISFISK.Q,/core/www/modules/show_out/show_out_wrapper.php?run_id=110202&search_id=114132&scans_id=110198&peptide_id=39847&scanf=47209&charge=2&value=K.LQSVQALTEIQEFISFISK.Q,PRKDC,3.440e+6,4.645,0.000,4.846,0.000
47220,3,"  3.798","  0.669",15/72,/core/www/modules//sdig/index.php?run_id=110202&search_id=114132&scans_id=110198&peptide_id=39860&scanf=47220&charge=3&value=15/72,sp|P08670|VIME_HUMAN,/core/www/modules//consensus/?run_id=110202&search_id=114132&scans_id=110198&peptide_id=39860&scanf=47220&charge=3&value=sp|P08670|VIME_HUMAN,3,/core/www/modules/match_peptides/blast_html4.php?run_id=110202&search_id=114132&scans_id=110198&peptide_id=39860&scanf=47220&charge=3&value=3,R.LLQDSVDFSLADAINTEFK.N,/core/www/modules/show_out/show_out_wrapper.php?run_id=110202&search_id=114132&scans_id=110198&peptide_id=39860&scanf=47220&charge=3&value=R.LLQDSVDFSLADAINTEFK.N,VIM,1.196e+8,3.937,0.000,3.797,0.000
47321,3,"  1.882","  0.511",11/72,/core/www/modules//sdig/index.php?run_id=110202&search_id=114132&scans_id=110198&peptide_id=39965&scanf=47321&charge=3&value=11/72,sp|P04908|H2A1B_HUMAN,/core/www/modules//consensus/?run_id=110202&search_id=114132&scans_id=110198&peptide_id=39965&scanf=47321&charge=3&value=sp|P04908|H2A1B_HUMAN,12,/core/www/modules/match_peptides/blast_html4.php?run_id=110202&search_id=114132&scans_id=110198&peptide_id=39965&scanf=47321&charge=3&value=12,R.VTIAQGGVLPNIQAVLLPK.K,/core/www/modules/show_out/show_out_wrapper.php?run_id=110202&search_id=114132&scans_id=110198&peptide_id=39965&scanf=47321&charge=3&value=R.VTIAQGGVLPNIQAVLLPK.K,H2AC8,1.141e+9,2.929,0.005,2.302,0.000
47336,2,"  3.736","  0.174",13/28,/core/www/modules//sdig/index.php?run_id=110202&search_id=114132&scans_id=110198&peptide_id=39980&scanf=47336&charge=2&value=13/28,sp|O60814|H2B1K_HUMAN,/core/www/modules//consensus/?run_id=110202&search_id=114132&scans_id=110198&peptide_id=39980&scanf=47336&charge=2&value=sp|O60814|H2B1K_HUMAN,14,/core/www/modules/match_peptides/blast_html4.php?run_id=110202&search_id=114132&scans_id=110198&peptide_id=39980&scanf=47336&charge=2&value=14,K.AM*GIMNSFVNDIFER.I,/core/www/modules/show_out/show_out_wrapper.php?run_id=110202&search_id=114132&scans_id=110198&peptide_id=39980&scanf=47336&charge=2&value=K.AM*GIMNSFVNDIFER.I,H2BC12,2.090e+6,3.578,0.001,3.264,0.000
47385,2,"  1.508","  0.123",8/14,/core/www/modules//sdig/index.php?run_id=110202&search_id=114132&scans_id=110198&peptide_id=40032&scanf=47385&charge=2&value=8/14,sp|Q9NZ01|TECR_HUMAN,/core/www/modules//consensus/?run_id=110202&search_id=114132&scans_id=110198&peptide_id=40032&scanf=47385&charge=2&value=sp|Q9NZ01|TECR_HUMAN,2,/core/www/modules/match_peptides/blast_html4.php?run_id=110202&search_id=114132&scans_id=110198&peptide_id=40032&scanf=47385&charge=2&value=2,R.MPIIPFLL.-,/core/www/modules/show_out/show_out_wrapper.php?run_id=110202&search_id=114132&scans_id=110198&peptide_id=40032&scanf=47385&charge=2&value=R.MPIIPFLL.-,TECR,2.278e+7,1.850,0.166,0.779,0.009
47406,3,"  5.090","  0.763",28/96,/core/www/modules//sdig/index.php?run_id=110202&search_id=114132&scans_id=110198&peptide_id=40054&scanf=47406&charge=3&value=28/96,sp|P10809|CH60_HUMAN,/core/www/modules//consensus/?run_id=110202&search_id=114132&scans_id=110198&peptide_id=40054&scanf=47406&charge=3&value=sp|P10809|CH60_HUMAN,2,/core/www/modules/match_peptides/blast_html4.php?run_id=110202&search_id=114132&scans_id=110198&peptide_id=40054&scanf=47406&charge=3&value=2,R.TALLDAAGVASLLTTAEVVVTEIPK.E,/core/www/modules/show_out/show_out_wrapper.php?run_id=110202&search_id=114132&scans_id=110198&peptide_id=40054&scanf=47406&charge=3&value=R.TALLDAAGVASLLTTAEVVVTEIPK.E,HSPD1,2.493e+6,3.835,0.000,3.646,0.000
47409,2,"  2.005","  0.346",7/12,/core/www/modules//sdig/index.php?run_id=110202&search_id=114132&scans_id=110198&peptide_id=40057&scanf=47409&charge=2&value=7/12,sp|P04908|H2A1B_HUMAN,/core/www/modules//consensus/?run_id=110202&search_id=114132&scans_id=110198&peptide_id=40057&scanf=47409&charge=2&value=sp|P04908|H2A1B_HUMAN,20,/core/www/modules/match_peptides/blast_html4.php?run_id=110202&search_id=114132&scans_id=110198&peptide_id=40057&scanf=47409&charge=2&value=20,R.HLQLAIR.N,/core/www/modules/show_out/show_out_wrapper.php?run_id=110202&search_id=114132&scans_id=110198&peptide_id=40057&scanf=47409&charge=2&value=R.HLQLAIR.N,H2AC8,1.107e+7,2.972,0.004,2.366,0.000
47624,2,"  3.941","  0.751",19/36,/core/www/modules//sdig/index.php?run_id=110202&search_id=114132&scans_id=110198&peptide_id=40282&scanf=47624&charge=2&value=19/36,sp|P08670|VIME_HUMAN,/core/www/modules//consensus/?run_id=110202&search_id=114132&scans_id=110198&peptide_id=40282&scanf=47624&charge=2&value=sp|P08670|VIME_HUMAN,3,/core/www/modules/match_peptides/blast_html4.php?run_id=110202&search_id=114132&scans_id=110198&peptide_id=40282&scanf=47624&charge=2&value=3,R.LLQDSVDFSLADAINTEFK.N,/core/www/modules/show_out/show_out_wrapper.php?run_id=110202&search_id=114132&scans_id=110198&peptide_id=40282&scanf=47624&charge=2&value=R.LLQDSVDFSLADAINTEFK.N,VIM,3.971e+6,4.174,0.000,4.148,0.000
